01/01/2000,DLH,MN,AGL,CE,Towers with Radar,10,8,5,0,23,0,0,25,2,27,10,8,30,2,50,84,2,86,136
01/02/2000,DLH,MN,AGL,CE,Towers with Radar,15,6,0,0,21,0,0,0,0,0,15,6,0,0,21,38,0,38,59
01/03/2000,DLH,MN,AGL,CE,Towers with Radar,21,20,19,2,62,0,3,31,0,34,21,23,50,2,96,62,2,64,160
01/04/2000,DLH,MN,AGL,CE,Towers with Radar,21,22,21,17,81,0,1,47,9,57,21,23,68,26,138,38,30,68,206
01/05/2000,DLH,MN,AGL,CE,Towers with Radar,24,18,20,0,62,0,0,5,0,5,24,18,25,0,67,0,0,0,67
01/06/2000,DLH,MN,AGL,CE,Towers with Radar,24,20,22,5,71,0,0,8,1,9,24,20,30,6,80,2,16,18,98
01/07/2000,DLH,MN,AGL,CE,Towers with Radar,25,21,34,10,90,0,0,41,0,41,25,21,75,10,131,20,18,38,169
01/08/2000,DLH,MN,AGL,CE,Towers with Radar,21,14,12,12,59,0,0,66,22,88,21,14,78,34,147,40,36,76,223
01/09/2000,DLH,MN,AGL,CE,Towers with Radar,24,6,8,0,38,0,4,25,0,29,24,10,33,0,67,26,0,26,93
01/10/2000,DLH,MN,AGL,CE,Towers with Radar,18,18,11,7,54,6,0,0,0,6,24,18,11,7,60,4,4,8,68
01/11/2000,DLH,MN,AGL,CE,Towers with Radar,25,21,21,20,87,0,0,48,0,48,25,21,69,20,135,12,26,38,173
01/12/2000,DLH,MN,AGL,CE,Towers with Radar,23,12,25,7,67,0,0,23,0,23,23,12,48,7,90,8,0,8,98
01/13/2000,DLH,MN,AGL,CE,Towers with Radar,23,23,34,13,93,0,0,20,3,23,23,23,54,16,116,58,40,98,214
01/14/2000,DLH,MN,AGL,CE,Towers with Radar,25,19,28,13,85,0,1,13,8,22,25,20,41,21,107,2,0,2,109
01/15/2000,DLH,MN,AGL,CE,Towers with Radar,17,10,17,0,44,0,4,48,0,52,17,14,65,0,96,34,0,34,130
01/16/2000,DLH,MN,AGL,CE,Towers with Radar,17,6,7,0,30,2,2,19,0,23,19,8,26,0,53,12,0,12,65
01/17/2000,DLH,MN,AGL,CE,Towers with Radar,16,16,12,0,44,2,0,0,0,2,18,16,12,0,46,0,0,0,46
01/18/2000,DLH,MN,AGL,CE,Towers with Radar,23,18,26,14,81,0,0,57,0,57,23,18,83,14,138,36,16,52,190
01/19/2000,DLH,MN,AGL,CE,Towers with Radar,27,17,30,13,87,0,0,25,0,25,27,17,55,13,112,58,24,82,194
01/20/2000,DLH,MN,AGL,CE,Towers with Radar,20,20,28,25,93,0,0,38,1,39,20,20,66,26,132,54,64,118,250
01/21/2000,DLH,MN,AGL,CE,Towers with Radar,21,19,22,11,73,0,0,38,1,39,21,19,60,12,112,30,30,60,172
01/22/2000,DLH,MN,AGL,CE,Towers with Radar,15,14,12,0,41,0,0,5,0,5,15,14,17,0,46,12,0,12,58
01/23/2000,DLH,MN,AGL,CE,Towers with Radar,19,6,7,0,32,0,4,19,1,24,19,10,26,1,56,0,4,4,60
01/24/2000,DLH,MN,AGL,CE,Towers with Radar,21,15,11,10,57,0,5,22,1,28,21,20,33,11,85,4,2,6,91
01/25/2000,DLH,MN,AGL,CE,Towers with Radar,23,23,26,19,91,0,0,41,0,41,23,23,67,19,132,88,82,170,302
01/26/2000,DLH,MN,AGL,CE,Towers with Radar,27,22,40,16,105,0,0,55,0,55,27,22,95,16,160,66,34,100,260
01/27/2000,DLH,MN,AGL,CE,Towers with Radar,25,24,26,23,98,0,0,0,0,0,25,24,26,23,98,34,40,74,172
01/28/2000,DLH,MN,AGL,CE,Towers with Radar,26,21,25,3,75,0,0,60,0,60,26,21,85,3,135,58,0,58,193
01/29/2000,DLH,MN,AGL,CE,Towers with Radar,17,11,22,9,59,0,5,46,3,54,17,16,68,12,113,60,22,82,195
01/30/2000,DLH,MN,AGL,CE,Towers with Radar,16,6,10,6,38,1,1,37,0,39,17,7,47,6,77,16,12,28,105
01/31/2000,DLH,MN,AGL,CE,Towers with Radar,23,18,8,12,61,0,0,49,1,50,23,18,57,13,111,6,0,6,117
02/01/2000,DLH,MN,AGL,CE,Towers with Radar,21,24,27,7,79,0,0,51,0,51,21,24,78,7,130,68,20,88,218
02/02/2000,DLH,MN,AGL,CE,Towers with Radar,21,19,42,5,87,0,0,0,0,0,21,19,42,5,87,4,4,8,95
02/03/2000,DLH,MN,AGL,CE,Towers with Radar,27,23,28,5,83,0,0,0,0,0,27,23,28,5,83,0,4,4,87
02/04/2000,DLH,MN,AGL,CE,Towers with Radar,22,16,26,6,70,0,0,63,0,63,22,16,89,6,133,36,6,42,175
02/05/2000,DLH,MN,AGL,CE,Towers with Radar,17,11,7,2,37,0,0,58,2,60,17,11,65,4,97,48,0,48,145
02/06/2000,DLH,MN,AGL,CE,Towers with Radar,16,6,16,2,40,0,4,44,0,48,16,10,60,2,88,60,0,60,148
02/07/2000,DLH,MN,AGL,CE,Towers with Radar,20,15,21,4,60,0,0,25,1,26,20,15,46,5,86,52,8,60,146
02/08/2000,DLH,MN,AGL,CE,Towers with Radar,26,18,39,17,100,0,4,22,7,33,26,22,61,24,133,8,48,56,189
02/09/2000,DLH,MN,AGL,CE,Towers with Radar,23,18,34,16,91,0,1,12,3,16,23,19,46,19,107,38,44,82,189
02/10/2000,DLH,MN,AGL,CE,Towers with Radar,16,18,21,30,85,0,1,15,0,16,16,19,36,30,101,0,12,12,113
02/11/2000,DLH,MN,AGL,CE,Towers with Radar,24,15,26,1,66,0,6,41,1,48,24,21,67,2,114,18,0,18,132
02/12/2000,DLH,MN,AGL,CE,Towers with Radar,15,14,11,5,45,0,0,36,0,36,15,14,47,5,81,70,14,84,165
02/13/2000,DLH,MN,AGL,CE,Towers with Radar,13,8,9,0,30,0,0,8,0,8,13,8,17,0,38,0,0,0,38
02/14/2000,DLH,MN,AGL,CE,Towers with Radar,25,19,21,9,74,0,9,36,2,47,25,28,57,11,121,54,16,70,191
02/15/2000,DLH,MN,AGL,CE,Towers with Radar,22,12,20,0,54,0,0,5,0,5,22,12,25,0,59,12,0,12,71
02/16/2000,DLH,MN,AGL,CE,Towers with Radar,24,17,39,6,86,0,3,29,1,33,24,20,68,7,119,16,10,26,145
02/17/2000,DLH,MN,AGL,CE,Towers with Radar,24,16,36,14,90,0,1,10,0,11,24,17,46,14,101,38,20,58,159
02/18/2000,DLH,MN,AGL,CE,Towers with Radar,21,19,30,5,75,0,1,38,0,39,21,20,68,5,114,56,14,70,184
02/19/2000,DLH,MN,AGL,CE,Towers with Radar,15,9,17,2,43,0,0,23,0,23,15,9,40,2,66,112,0,112,178
02/20/2000,DLH,MN,AGL,CE,Towers with Radar,15,8,19,2,44,0,0,50,2,52,15,8,69,4,96,72,0,72,168
02/21/2000,DLH,MN,AGL,CE,Towers with Radar,22,11,10,2,45,0,0,28,0,28,22,11,38,2,73,50,0,50,123
02/22/2000,DLH,MN,AGL,CE,Towers with Radar,16,12,20,3,51,0,5,30,1,36,16,17,50,4,87,24,6,30,117
02/23/2000,DLH,MN,AGL,CE,Towers with Radar,24,12,29,11,76,3,0,24,5,32,27,12,53,16,108,24,16,40,148
02/24/2000,DLH,MN,AGL,CE,Towers with Radar,5,0,4,0,9,0,0,0,0,0,5,0,4,0,9,0,0,0,9
02/25/2000,DLH,MN,AGL,CE,Towers with Radar,10,5,2,0,17,0,0,2,0,2,10,5,4,0,19,0,0,0,19
02/26/2000,DLH,MN,AGL,CE,Towers with Radar,13,16,5,11,45,8,0,21,15,44,21,16,26,26,89,34,12,46,135
02/27/2000,DLH,MN,AGL,CE,Towers with Radar,15,6,6,2,29,1,2,50,4,57,16,8,56,6,86,60,0,60,146
02/28/2000,DLH,MN,AGL,CE,Towers with Radar,26,14,31,13,84,3,0,25,9,37,29,14,56,22,121,38,30,68,189
02/29/2000,DLH,MN,AGL,CE,Towers with Radar,27,16,28,7,78,0,0,40,2,42,27,16,68,9,120,64,16,80,200
03/01/2000,DLH,MN,AGL,CE,Towers with Radar,29,19,39,21,108,5,2,39,2,48,34,21,78,23,156,24,30,54,210
03/02/2000,DLH,MN,AGL,CE,Towers with Radar,34,20,33,29,116,0,0,82,1,83,34,20,115,30,199,102,64,166,365
03/03/2000,DLH,MN,AGL,CE,Towers with Radar,26,26,22,14,88,0,0,68,6,74,26,26,90,20,162,64,36,100,262
03/04/2000,DLH,MN,AGL,CE,Towers with Radar,18,11,20,1,50,0,0,61,3,64,18,11,81,4,114,44,0,44,158
03/05/2000,DLH,MN,AGL,CE,Towers with Radar,17,8,7,1,33,0,0,68,0,68,17,8,75,1,101,40,0,40,141
03/06/2000,DLH,MN,AGL,CE,Towers with Radar,22,17,17,8,64,0,2,42,14,58,22,19,59,22,122,56,4,60,182
03/07/2000,DLH,MN,AGL,CE,Towers with Radar,22,17,33,14,86,0,0,63,18,81,22,17,96,32,167,68,34,102,269
03/08/2000,DLH,MN,AGL,CE,Towers with Radar,13,7,15,0,35,0,0,5,0,5,13,7,20,0,40,4,0,4,44
03/09/2000,DLH,MN,AGL,CE,Towers with Radar,23,20,20,20,83,0,0,38,0,38,23,20,58,20,121,70,64,134,255
03/10/2000,DLH,MN,AGL,CE,Towers with Radar,20,19,23,4,66,0,0,39,0,39,20,19,62,4,105,48,0,48,153
03/11/2000,DLH,MN,AGL,CE,Towers with Radar,19,9,22,4,54,0,3,66,0,69,19,12,88,4,123,24,4,28,151
03/12/2000,DLH,MN,AGL,CE,Towers with Radar,19,13,25,8,65,0,0,32,2,34,19,13,57,10,99,20,4,24,123
03/13/2000,DLH,MN,AGL,CE,Towers with Radar,22,17,26,8,73,0,0,7,0,7,22,17,33,8,80,14,4,18,98
03/14/2000,DLH,MN,AGL,CE,Towers with Radar,22,17,39,2,80,0,2,19,0,21,22,19,58,2,101,12,0,12,113
03/15/2000,DLH,MN,AGL,CE,Towers with Radar,25,15,42,21,103,0,0,15,19,34,25,15,57,40,137,16,48,64,201
03/16/2000,DLH,MN,AGL,CE,Towers with Radar,20,19,48,12,99,0,0,46,0,46,20,19,94,12,145,62,12,74,219
03/17/2000,DLH,MN,AGL,CE,Towers with Radar,27,16,32,15,90,0,6,52,4,62,27,22,84,19,152,44,36,80,232
03/18/2000,DLH,MN,AGL,CE,Towers with Radar,18,15,9,17,59,0,3,43,11,57,18,18,52,28,116,56,30,86,202
03/19/2000,DLH,MN,AGL,CE,Towers with Radar,17,3,8,2,30,0,3,19,0,22,17,6,27,2,52,12,2,14,66
03/20/2000,DLH,MN,AGL,CE,Towers with Radar,22,20,21,31,94,0,0,0,0,0,22,20,21,31,94,40,58,98,192
03/21/2000,DLH,MN,AGL,CE,Towers with Radar,22,16,35,13,86,0,0,9,2,11,22,16,44,15,97,28,28,56,153
03/22/2000,DLH,MN,AGL,CE,Towers with Radar,28,22,35,27,112,0,0,49,7,56,28,22,84,34,168,40,80,120,288
03/23/2000,DLH,MN,AGL,CE,Towers with Radar,26,14,33,38,111,0,3,47,9,59,26,17,80,47,170,48,44,92,262
03/24/2000,DLH,MN,AGL,CE,Towers with Radar,19,10,11,0,40,0,2,7,0,9,19,12,18,0,49,6,0,6,55
03/25/2000,DLH,MN,AGL,CE,Towers with Radar,17,11,12,2,42,0,1,17,0,18,17,12,29,2,60,2,0,2,62
03/26/2000,DLH,MN,AGL,CE,Towers with Radar,15,5,22,0,42,3,0,37,0,40,18,5,59,0,82,28,0,28,110
03/27/2000,DLH,MN,AGL,CE,Towers with Radar,26,14,18,8,66,0,0,22,2,24,26,14,40,10,90,56,30,86,176
03/28/2000,DLH,MN,AGL,CE,Towers with Radar,28,19,34,15,96,0,0,64,15,79,28,19,98,30,175,40,20,60,235
03/29/2000,DLH,MN,AGL,CE,Towers with Radar,32,16,23,6,77,0,5,79,3,87,32,21,102,9,164,184,8,192,356
03/30/2000,DLH,MN,AGL,CE,Towers with Radar,29,18,26,7,80,0,3,71,6,80,29,21,97,13,160,80,8,88,248
03/31/2000,DLH,MN,AGL,CE,Towers with Radar,22,17,25,17,81,0,4,67,3,74,22,21,92,20,155,20,70,90,245
04/01/2000,DLH,MN,AGL,CE,Towers with Radar,15,9,11,1,36,0,0,41,1,42,15,9,52,2,78,62,0,62,140
04/02/2000,DLH,MN,AGL,CE,Towers with Radar,20,9,14,0,43,0,0,39,0,39,20,9,53,0,82,42,0,42,124
04/03/2000,DLH,MN,AGL,CE,Towers with Radar,22,17,24,0,63,0,0,3,0,3,22,17,27,0,66,0,0,0,66
04/04/2000,DLH,MN,AGL,CE,Towers with Radar,28,16,27,12,83,0,0,37,0,37,28,16,64,12,120,128,60,188,308
04/05/2000,DLH,MN,AGL,CE,Towers with Radar,34,15,31,12,92,2,3,23,0,28,36,18,54,12,120,78,14,92,212
04/06/2000,DLH,MN,AGL,CE,Towers with Radar,24,20,23,9,76,4,2,55,4,65,28,22,78,13,141,20,22,42,183
04/07/2000,DLH,MN,AGL,CE,Towers with Radar,23,23,26,0,72,0,0,49,2,51,23,23,75,2,123,36,4,40,163
04/08/2000,DLH,MN,AGL,CE,Towers with Radar,16,11,11,0,38,0,0,45,0,45,16,11,56,0,83,110,2,112,195
04/09/2000,DLH,MN,AGL,CE,Towers with Radar,18,7,8,1,34,0,0,32,1,33,18,7,40,2,67,90,2,92,159
04/10/2000,DLH,MN,AGL,CE,Towers with Radar,19,16,17,2,54,0,1,43,0,44,19,17,60,2,98,64,0,64,162
04/11/2000,DLH,MN,AGL,CE,Towers with Radar,23,16,23,13,75,0,0,43,4,47,23,16,66,17,122,50,24,74,196
04/12/2000,DLH,MN,AGL,CE,Towers with Radar,26,18,38,6,88,0,5,43,5,53,26,23,81,11,141,110,16,126,267
04/13/2000,DLH,MN,AGL,CE,Towers with Radar,22,19,35,18,94,0,1,38,2,41,22,20,73,20,135,46,80,126,261
04/14/2000,DLH,MN,AGL,CE,Towers with Radar,25,13,22,1,61,0,0,15,0,15,25,13,37,1,76,26,0,26,102
04/15/2000,DLH,MN,AGL,CE,Towers with Radar,18,16,6,2,42,0,0,40,0,40,18,16,46,2,82,18,0,18,100
04/16/2000,DLH,MN,AGL,CE,Towers with Radar,22,10,10,4,46,0,0,2,0,2,22,10,12,4,48,2,18,20,68
04/17/2000,DLH,MN,AGL,CE,Towers with Radar,18,14,21,13,66,0,0,3,7,10,18,14,24,20,76,0,0,0,76
04/18/2000,DLH,MN,AGL,CE,Towers with Radar,21,23,34,3,81,1,6,15,0,22,22,29,49,3,103,12,0,12,115
04/19/2000,DLH,MN,AGL,CE,Towers with Radar,28,17,32,26,103,0,0,18,0,18,28,17,50,26,121,80,88,168,289
04/20/2000,DLH,MN,AGL,CE,Towers with Radar,26,14,32,34,106,0,0,43,0,43,26,14,75,34,149,50,114,164,313
04/21/2000,DLH,MN,AGL,CE,Towers with Radar,20,17,23,6,66,0,0,88,1,89,20,17,111,7,155,60,6,66,221
04/22/2000,DLH,MN,AGL,CE,Towers with Radar,18,11,17,1,47,1,2,62,0,65,19,13,79,1,112,56,0,56,168
04/23/2000,DLH,MN,AGL,CE,Towers with Radar,17,5,15,1,38,0,4,41,0,45,17,9,56,1,83,20,0,20,103
04/24/2000,DLH,MN,AGL,CE,Towers with Radar,21,17,23,4,65,2,0,62,0,64,23,17,85,4,129,38,12,50,179
04/25/2000,DLH,MN,AGL,CE,Towers with Radar,29,17,19,3,68,0,0,59,3,62,29,17,78,6,130,68,2,70,200
04/26/2000,DLH,MN,AGL,CE,Towers with Radar,22,19,23,5,69,0,0,66,3,69,22,19,89,8,138,62,30,92,230
04/27/2000,DLH,MN,AGL,CE,Towers with Radar,29,22,25,17,93,0,0,59,17,76,29,22,84,34,169,76,38,114,283
04/28/2000,DLH,MN,AGL,CE,Towers with Radar,37,20,22,10,89,0,2,28,0,30,37,22,50,10,119,50,20,70,189
04/29/2000,DLH,MN,AGL,CE,Towers with Radar,17,7,29,1,54,12,0,80,0,92,29,7,109,1,146,60,0,60,206
04/30/2000,DLH,MN,AGL,CE,Towers with Radar,20,6,8,2,36,0,0,22,1,23,20,6,30,3,59,12,0,12,71
05/01/2000,DLH,MN,AGL,CE,Towers with Radar,21,14,20,4,59,0,0,40,5,45,21,14,60,9,104,46,8,54,158
05/02/2000,DLH,MN,AGL,CE,Towers with Radar,24,20,30,18,92,0,0,58,4,62,24,20,88,22,154,112,50,162,316
05/03/2000,DLH,MN,AGL,CE,Towers with Radar,27,14,29,12,82,0,1,50,0,51,27,15,79,12,133,60,14,74,207
05/04/2000,DLH,MN,AGL,CE,Towers with Radar,28,18,47,8,101,0,2,55,0,57,28,20,102,8,158,34,40,74,232
05/05/2000,DLH,MN,AGL,CE,Towers with Radar,24,18,32,11,85,2,2,63,11,78,26,20,95,22,163,28,10,38,201
05/06/2000,DLH,MN,AGL,CE,Towers with Radar,21,8,7,0,36,0,1,55,0,56,21,9,62,0,92,20,0,20,112
05/07/2000,DLH,MN,AGL,CE,Towers with Radar,18,8,14,3,43,0,0,48,0,48,18,8,62,3,91,40,8,48,139
05/08/2000,DLH,MN,AGL,CE,Towers with Radar,22,14,20,7,63,0,0,3,0,3,22,14,23,7,66,20,16,36,102
05/09/2000,DLH,MN,AGL,CE,Towers with Radar,26,18,35,6,85,0,0,38,5,43,26,18,73,11,128,64,12,76,204
05/10/2000,DLH,MN,AGL,CE,Towers with Radar,19,18,31,12,80,0,0,26,4,30,19,18,57,16,110,110,50,160,270
05/11/2000,DLH,MN,AGL,CE,Towers with Radar,21,16,27,4,68,0,3,11,1,15,21,19,38,5,83,22,0,22,105
05/12/2000,DLH,MN,AGL,CE,Towers with Radar,18,14,27,19,78,0,5,46,12,63,18,19,73,31,141,74,18,92,233
05/13/2000,DLH,MN,AGL,CE,Towers with Radar,24,8,9,4,45,0,0,18,1,19,24,8,27,5,64,8,0,8,72
05/14/2000,DLH,MN,AGL,CE,Towers with Radar,20,6,3,1,30,2,0,27,2,31,22,6,30,3,61,0,0,0,61
05/15/2000,DLH,MN,AGL,CE,Towers with Radar,24,15,24,9,72,0,0,51,0,51,24,15,75,9,123,12,32,44,167
05/16/2000,DLH,MN,AGL,CE,Towers with Radar,23,18,37,37,115,0,3,84,19,106,23,21,121,56,221,56,64,120,341
05/17/2000,DLH,MN,AGL,CE,Towers with Radar,23,19,37,16,95,0,0,43,4,47,23,19,80,20,142,14,58,72,214
05/18/2000,DLH,MN,AGL,CE,Towers with Radar,27,17,43,24,111,0,0,45,4,49,27,17,88,28,160,108,88,196,356
05/19/2000,DLH,MN,AGL,CE,Towers with Radar,25,14,44,28,111,0,6,65,15,86,25,20,109,43,197,82,30,112,309
05/20/2000,DLH,MN,AGL,CE,Towers with Radar,24,8,13,14,59,0,0,36,9,45,24,8,49,23,104,42,36,78,182
05/21/2000,DLH,MN,AGL,CE,Towers with Radar,19,7,21,3,50,0,0,11,2,13,19,7,32,5,63,4,0,4,67
05/22/2000,DLH,MN,AGL,CE,Towers with Radar,27,21,23,50,121,0,0,30,0,30,27,21,53,50,151,58,100,158,309
05/23/2000,DLH,MN,AGL,CE,Towers with Radar,30,18,39,20,107,1,4,46,0,51,31,22,85,20,158,88,48,136,294
05/24/2000,DLH,MN,AGL,CE,Towers with Radar,26,17,58,8,109,1,1,35,4,41,27,18,93,12,150,108,4,112,262
05/25/2000,DLH,MN,AGL,CE,Towers with Radar,18,15,41,41,115,1,2,41,0,44,19,17,82,41,159,36,32,68,227
05/26/2000,DLH,MN,AGL,CE,Towers with Radar,27,16,29,6,78,0,4,42,1,47,27,20,71,7,125,88,6,94,219
05/27/2000,DLH,MN,AGL,CE,Towers with Radar,20,10,16,0,46,0,0,25,0,25,20,10,41,0,71,46,0,46,117
05/28/2000,DLH,MN,AGL,CE,Towers with Radar,15,7,7,0,29,0,1,18,1,20,15,8,25,1,49,14,0,14,63
05/29/2000,DLH,MN,AGL,CE,Towers with Radar,17,8,20,2,47,0,3,44,0,47,17,11,64,2,94,60,0,60,154
05/30/2000,DLH,MN,AGL,CE,Towers with Radar,17,14,32,33,96,0,0,4,10,14,17,14,36,43,110,0,4,4,114
05/31/2000,DLH,MN,AGL,CE,Towers with Radar,18,17,28,27,90,5,4,68,8,85,23,21,96,35,175,72,82,154,329
06/01/2000,DLH,MN,AGL,CE,Towers with Radar,23,14,24,12,73,0,0,7,4,11,23,14,31,16,84,10,8,18,102
06/02/2000,DLH,MN,AGL,CE,Towers with Radar,22,18,32,11,83,0,0,33,0,33,22,18,65,11,116,82,17,99,215
06/03/2000,DLH,MN,AGL,CE,Towers with Radar,22,11,15,7,55,0,0,68,0,68,22,11,83,7,123,74,36,110,233
06/04/2000,DLH,MN,AGL,CE,Towers with Radar,18,9,19,0,46,0,2,29,0,31,18,11,48,0,77,30,0,30,107
06/05/2000,DLH,MN,AGL,CE,Towers with Radar,24,16,25,13,78,0,1,56,3,60,24,17,81,16,138,62,2,64,202
06/06/2000,DLH,MN,AGL,CE,Towers with Radar,20,12,31,18,81,1,8,70,6,85,21,20,101,24,166,84,30,114,280
06/07/2000,DLH,MN,AGL,CE,Towers with Radar,34,20,42,24,120,0,0,69,5,74,34,20,111,29,194,166,60,226,420
06/08/2000,DLH,MN,AGL,CE,Towers with Radar,26,18,33,22,99,0,0,58,6,64,26,18,91,28,163,90,62,152,315
06/09/2000,DLH,MN,AGL,CE,Towers with Radar,22,16,44,21,103,0,0,38,0,38,22,16,82,21,141,16,14,30,171
06/10/2000,DLH,MN,AGL,CE,Towers with Radar,21,4,7,0,32,0,0,0,0,0,21,4,7,0,32,0,0,0,32
06/11/2000,DLH,MN,AGL,CE,Towers with Radar,16,8,19,5,48,0,0,16,0,16,16,8,35,5,64,10,0,10,74
06/12/2000,DLH,MN,AGL,CE,Towers with Radar,23,13,19,18,73,0,0,53,3,56,23,13,72,21,129,22,54,76,205
06/13/2000,DLH,MN,AGL,CE,Towers with Radar,22,16,38,4,80,0,0,4,0,4,22,16,42,4,84,14,0,14,98
06/14/2000,DLH,MN,AGL,CE,Towers with Radar,18,22,23,5,68,0,0,20,0,20,18,22,43,5,88,28,6,34,122
06/15/2000,DLH,MN,AGL,CE,Towers with Radar,27,15,49,7,98,0,0,34,2,36,27,15,83,9,134,38,2,40,174
06/16/2000,DLH,MN,AGL,CE,Towers with Radar,22,14,40,6,82,0,4,68,15,87,22,18,108,21,169,100,28,128,297
06/17/2000,DLH,MN,AGL,CE,Towers with Radar,22,8,21,1,52,3,0,56,0,59,25,8,77,1,111,44,0,44,155
06/18/2000,DLH,MN,AGL,CE,Towers with Radar,21,11,20,7,59,0,2,24,2,28,21,13,44,9,87,62,0,62,149
06/19/2000,DLH,MN,AGL,CE,Towers with Radar,19,11,35,15,80,0,2,41,7,50,19,13,76,22,130,48,26,74,204
06/20/2000,DLH,MN,AGL,CE,Towers with Radar,24,25,15,14,78,0,0,30,4,34,24,25,45,18,112,62,24,86,198
06/21/2000,DLH,MN,AGL,CE,Towers with Radar,22,15,38,10,85,0,0,19,0,19,22,15,57,10,104,40,30,70,174
06/22/2000,DLH,MN,AGL,CE,Towers with Radar,26,27,42,20,115,0,0,51,4,55,26,27,93,24,170,28,30,58,228
06/23/2000,DLH,MN,AGL,CE,Towers with Radar,23,13,24,16,76,0,2,62,0,64,23,15,86,16,140,76,20,96,236
06/24/2000,DLH,MN,AGL,CE,Towers with Radar,19,7,10,1,37,0,0,68,2,70,19,7,78,3,107,44,4,48,155
06/25/2000,DLH,MN,AGL,CE,Towers with Radar,17,9,24,3,53,0,1,44,3,48,17,10,68,6,101,12,6,18,119
06/26/2000,DLH,MN,AGL,CE,Towers with Radar,20,16,34,16,86,0,0,62,0,62,20,16,96,16,148,112,32,144,292
06/27/2000,DLH,MN,AGL,CE,Towers with Radar,30,12,32,10,84,0,0,72,5,77,30,12,104,15,161,136,38,174,335
06/28/2000,DLH,MN,AGL,CE,Towers with Radar,27,15,36,10,88,0,0,64,6,70,27,15,100,16,158,100,32,132,290
06/29/2000,DLH,MN,AGL,CE,Towers with Radar,26,16,40,8,90,0,6,63,1,70,26,22,103,9,160,52,24,76,236
06/30/2000,DLH,MN,AGL,CE,Towers with Radar,26,19,31,5,81,0,2,55,0,57,26,21,86,5,138,40,12,52,190
07/01/2000,DLH,MN,AGL,CE,Towers with Radar,21,8,15,0,44,0,0,32,0,32,21,8,47,0,76,40,0,40,116
07/02/2000,DLH,MN,AGL,CE,Towers with Radar,16,12,14,0,42,0,0,14,0,14,16,12,28,0,56,4,0,4,60
07/03/2000,DLH,MN,AGL,CE,Towers with Radar,24,16,12,0,52,0,0,30,0,30,24,16,42,0,82,2,20,22,104
07/04/2000,DLH,MN,AGL,CE,Towers with Radar,17,8,10,1,36,0,2,27,7,36,17,10,37,8,72,24,6,30,102
07/05/2000,DLH,MN,AGL,CE,Towers with Radar,34,16,29,10,89,3,1,25,0,29,37,17,54,10,118,40,8,48,166
07/06/2000,DLH,MN,AGL,CE,Towers with Radar,23,14,41,21,99,0,2,24,3,29,23,16,65,24,128,64,28,92,220
07/07/2000,DLH,MN,AGL,CE,Towers with Radar,27,17,39,5,88,0,1,14,0,15,27,18,53,5,103,48,0,48,151
07/08/2000,DLH,MN,AGL,CE,Towers with Radar,17,18,19,7,61,0,0,1,0,1,17,18,20,7,62,0,0,0,62
07/09/2000,DLH,MN,AGL,CE,Towers with Radar,22,13,17,0,52,0,0,67,2,69,22,13,84,2,121,14,0,14,135
07/10/2000,DLH,MN,AGL,CE,Towers with Radar,24,15,33,11,83,0,6,51,1,58,24,21,84,12,141,70,16,86,227
07/11/2000,DLH,MN,AGL,CE,Towers with Radar,24,18,44,13,99,0,0,41,8,49,24,18,85,21,148,94,14,108,256
07/12/2000,DLH,MN,AGL,CE,Towers with Radar,21,19,48,19,107,0,0,41,10,51,21,19,89,29,158,38,60,98,256
07/13/2000,DLH,MN,AGL,CE,Towers with Radar,25,13,35,10,83,0,0,51,8,59,25,13,86,18,142,60,16,76,218
07/14/2000,DLH,MN,AGL,CE,Towers with Radar,21,13,21,12,67,0,0,84,10,94,21,13,105,22,161,66,14,80,241
07/15/2000,DLH,MN,AGL,CE,Towers with Radar,21,8,13,2,44,0,0,70,1,71,21,8,83,3,115,42,12,54,169
07/16/2000,DLH,MN,AGL,CE,Towers with Radar,21,9,16,5,51,0,1,29,0,30,21,10,45,5,81,24,0,24,105
07/17/2000,DLH,MN,AGL,CE,Towers with Radar,18,11,19,13,61,0,0,61,7,68,18,11,80,20,129,26,44,70,199
07/18/2000,DLH,MN,AGL,CE,Towers with Radar,26,15,18,28,87,0,2,67,9,78,26,17,85,37,165,82,42,124,289
07/19/2000,DLH,MN,AGL,CE,Towers with Radar,27,17,52,19,115,0,1,29,0,30,27,18,81,19,145,74,22,96,241
07/20/2000,DLH,MN,AGL,CE,Towers with Radar,19,17,28,25,89,0,0,61,0,61,19,17,89,25,150,46,52,98,248
07/21/2000,DLH,MN,AGL,CE,Towers with Radar,24,16,42,10,92,0,0,68,0,68,24,16,110,10,160,84,16,100,260
07/22/2000,DLH,MN,AGL,CE,Towers with Radar,20,9,22,5,56,2,0,75,2,79,22,9,97,7,135,64,0,64,199
07/23/2000,DLH,MN,AGL,CE,Towers with Radar,19,9,16,2,46,0,0,59,0,59,19,9,75,2,105,52,2,54,159
07/24/2000,DLH,MN,AGL,CE,Towers with Radar,22,12,22,1,57,0,1,62,0,63,22,13,84,1,120,46,0,46,166
07/25/2000,DLH,MN,AGL,CE,Towers with Radar,23,16,31,10,80,0,0,54,4,58,23,16,85,14,138,30,8,38,176
07/26/2000,DLH,MN,AGL,CE,Towers with Radar,34,16,45,22,117,0,0,29,6,35,34,16,74,28,152,110,4,114,266
07/27/2000,DLH,MN,AGL,CE,Towers with Radar,23,12,37,16,88,0,0,31,0,31,23,12,68,16,119,20,8,28,147
07/28/2000,DLH,MN,AGL,CE,Towers with Radar,20,16,36,17,89,0,2,30,6,38,20,18,66,23,127,18,6,24,151
07/29/2000,DLH,MN,AGL,CE,Towers with Radar,16,9,40,0,65,0,0,0,0,0,16,9,40,0,65,32,0,32,97
07/30/2000,DLH,MN,AGL,CE,Towers with Radar,19,13,26,3,61,0,0,62,2,64,19,13,88,5,125,68,2,70,195
07/31/2000,DLH,MN,AGL,CE,Towers with Radar,22,14,38,10,84,0,0,64,2,66,22,14,102,12,150,54,10,64,214
08/01/2000,DLH,MN,AGL,CE,Towers with Radar,24,16,34,18,92,0,0,63,3,66,24,16,97,21,158,66,16,82,240
08/02/2000,DLH,MN,AGL,CE,Towers with Radar,24,16,39,22,101,0,0,81,8,89,24,16,120,30,190,140,34,174,364
08/03/2000,DLH,MN,AGL,CE,Towers with Radar,24,15,36,18,93,0,5,51,1,57,24,20,87,19,150,56,38,94,244
08/04/2000,DLH,MN,AGL,CE,Towers with Radar,13,7,16,8,44,11,15,83,11,120,24,22,99,19,164,70,20,90,254
08/05/2000,DLH,MN,AGL,CE,Towers with Radar,15,11,17,0,43,0,0,0,0,0,15,11,17,0,43,24,0,24,67
08/06/2000,DLH,MN,AGL,CE,Towers with Radar,18,14,17,5,54,0,0,25,2,27,18,14,42,7,81,0,0,0,81
08/07/2000,DLH,MN,AGL,CE,Towers with Radar,20,13,32,11,76,0,0,63,3,66,20,13,95,14,142,110,50,160,302
08/08/2000,DLH,MN,AGL,CE,Towers with Radar,34,21,37,9,101,0,0,16,0,16,34,21,53,9,117,34,0,34,151
08/09/2000,DLH,MN,AGL,CE,Towers with Radar,26,16,40,14,96,0,0,62,5,67,26,16,102,19,163,62,30,92,255
08/10/2000,DLH,MN,AGL,CE,Towers with Radar,23,18,37,11,89,0,0,86,1,87,23,18,123,12,176,80,24,104,280
08/11/2000,DLH,MN,AGL,CE,Towers with Radar,25,14,27,16,82,0,2,66,4,72,25,16,93,20,154,62,28,90,244
08/12/2000,DLH,MN,AGL,CE,Towers with Radar,19,8,13,0,40,0,0,28,0,28,19,8,41,0,68,2,0,2,70
08/13/2000,DLH,MN,AGL,CE,Towers with Radar,17,8,22,3,50,0,2,61,1,64,17,10,83,4,114,12,2,14,128
08/14/2000,DLH,MN,AGL,CE,Towers with Radar,10,8,18,5,41,0,0,25,0,25,10,8,43,5,66,22,0,22,88
08/15/2000,DLH,MN,AGL,CE,Towers with Radar,30,19,44,28,121,0,0,50,6,56,30,19,94,34,177,42,30,72,249
08/16/2000,DLH,MN,AGL,CE,Towers with Radar,25,15,48,21,109,0,5,89,10,104,25,20,137,31,213,30,40,70,283
08/17/2000,DLH,MN,AGL,CE,Towers with Radar,25,15,33,16,89,6,1,13,7,27,31,16,46,23,116,16,4,20,136
08/18/2000,DLH,MN,AGL,CE,Towers with Radar,24,16,32,13,85,0,0,70,13,83,24,16,102,26,168,32,16,48,216
08/19/2000,DLH,MN,AGL,CE,Towers with Radar,17,8,28,4,57,0,2,81,3,86,17,10,109,7,143,48,0,48,191
08/20/2000,DLH,MN,AGL,CE,Towers with Radar,19,12,14,16,61,0,0,28,1,29,19,12,42,17,90,28,0,28,118
08/21/2000,DLH,MN,AGL,CE,Towers with Radar,25,15,23,18,81,0,4,26,0,30,25,19,49,18,111,30,16,46,157
08/22/2000,DLH,MN,AGL,CE,Towers with Radar,22,16,47,26,111,0,6,82,20,108,22,22,129,46,219,42,52,94,313
08/23/2000,DLH,MN,AGL,CE,Towers with Radar,31,16,42,20,109,0,0,73,3,76,31,16,115,23,185,42,12,54,239
08/24/2000,DLH,MN,AGL,CE,Towers with Radar,21,18,55,10,104,4,1,62,7,74,25,19,117,17,178,46,42,88,266
08/25/2000,DLH,MN,AGL,CE,Towers with Radar,24,15,28,26,93,1,1,46,10,58,25,16,74,36,151,11,9,20,171
08/26/2000,DLH,MN,AGL,CE,Towers with Radar,17,7,31,32,87,0,0,43,12,55,17,7,74,44,142,54,44,98,240
08/27/2000,DLH,MN,AGL,CE,Towers with Radar,21,10,30,6,67,0,0,23,5,28,21,10,53,11,95,36,10,46,141
08/28/2000,DLH,MN,AGL,CE,Towers with Radar,22,17,37,0,76,0,0,15,0,15,22,17,52,0,91,4,0,4,95
08/29/2000,DLH,MN,AGL,CE,Towers with Radar,25,15,14,23,77,0,0,60,7,67,25,15,74,30,144,32,52,84,228
08/30/2000,DLH,MN,AGL,CE,Towers with Radar,19,13,41,20,93,0,4,65,2,71,19,17,106,22,164,74,30,104,268
08/31/2000,DLH,MN,AGL,CE,Towers with Radar,25,20,53,28,126,0,0,5,0,5,25,20,58,28,131,40,12,52,183
09/01/2000,DLH,MN,AGL,CE,Towers with Radar,22,12,46,4,84,0,1,0,0,1,22,13,46,4,85,4,0,4,89
09/02/2000,DLH,MN,AGL,CE,Towers with Radar,20,7,15,0,42,0,0,0,0,0,20,7,15,0,42,0,0,0,42
09/03/2000,DLH,MN,AGL,CE,Towers with Radar,17,3,17,0,37,0,0,5,0,5,17,3,22,0,42,14,0,14,56
09/04/2000,DLH,MN,AGL,CE,Towers with Radar,20,8,19,1,48,0,0,37,0,37,20,8,56,1,85,34,0,34,119
09/05/2000,DLH,MN,AGL,CE,Towers with Radar,23,12,31,29,95,0,2,51,10,63,23,14,82,39,158,30,34,64,222
09/06/2000,DLH,MN,AGL,CE,Towers with Radar,19,13,39,10,81,2,3,33,0,38,21,16,72,10,119,42,2,44,163
09/07/2000,DLH,MN,AGL,CE,Towers with Radar,25,16,44,17,102,0,0,50,0,50,25,16,94,17,152,56,42,98,250
09/08/2000,DLH,MN,AGL,CE,Towers with Radar,24,16,30,27,97,0,0,55,2,57,24,16,85,29,154,58,30,88,242
09/09/2000,DLH,MN,AGL,CE,Towers with Radar,20,10,16,2,48,0,0,18,0,18,20,10,34,2,66,28,0,28,94
09/10/2000,DLH,MN,AGL,CE,Towers with Radar,18,3,20,2,43,0,3,74,21,98,18,6,94,23,141,32,0,32,173
09/11/2000,DLH,MN,AGL,CE,Towers with Radar,20,10,34,6,70,0,0,45,0,45,20,10,79,6,115,14,2,16,131
09/12/2000,DLH,MN,AGL,CE,Towers with Radar,21,10,33,17,81,1,3,76,3,83,22,13,109,20,164,48,14,62,226
09/13/2000,DLH,MN,AGL,CE,Towers with Radar,20,12,32,27,91,0,1,30,4,35,20,13,62,31,126,8,28,36,162
09/14/2000,DLH,MN,AGL,CE,Towers with Radar,18,12,40,13,83,0,1,59,1,61,18,13,99,14,144,66,32,98,242
09/15/2000,DLH,MN,AGL,CE,Towers with Radar,22,15,38,11,86,0,0,63,7,70,22,15,101,18,156,52,8,60,216
09/16/2000,DLH,MN,AGL,CE,Towers with Radar,18,8,16,5,47,0,2,80,2,84,18,10,96,7,131,66,4,70,201
09/17/2000,DLH,MN,AGL,CE,Towers with Radar,19,5,25,1,50,0,0,39,0,39,19,5,64,1,89,80,0,80,169
09/18/2000,DLH,MN,AGL,CE,Towers with Radar,22,11,29,3,65,0,5,34,2,41,22,16,63,5,106,12,0,12,118
09/19/2000,DLH,MN,AGL,CE,Towers with Radar,23,15,28,23,89,0,4,45,0,49,23,19,73,23,138,60,56,116,254
09/20/2000,DLH,MN,AGL,CE,Towers with Radar,20,16,45,19,100,0,0,50,11,61,20,16,95,30,161,56,28,84,245
09/21/2000,DLH,MN,AGL,CE,Towers with Radar,21,15,32,38,106,0,1,57,7,65,21,16,89,45,171,30,45,75,246
09/22/2000,DLH,MN,AGL,CE,Towers with Radar,22,15,24,26,87,0,4,43,4,51,22,19,67,30,138,58,10,68,206
09/23/2000,DLH,MN,AGL,CE,Towers with Radar,19,6,12,30,67,0,0,24,4,28,19,6,36,34,95,56,20,76,171
09/24/2000,DLH,MN,AGL,CE,Towers with Radar,17,6,25,9,57,0,1,71,7,79,17,7,96,16,136,30,10,40,176
09/25/2000,DLH,MN,AGL,CE,Towers with Radar,20,12,20,16,68,0,2,66,11,79,20,14,86,27,147,72,34,106,253
09/26/2000,DLH,MN,AGL,CE,Towers with Radar,20,14,32,10,76,0,0,68,10,78,20,14,100,20,154,80,12,92,246
09/27/2000,DLH,MN,AGL,CE,Towers with Radar,23,12,41,13,89,0,3,81,0,84,23,15,122,13,173,48,44,92,265
09/28/2000,DLH,MN,AGL,CE,Towers with Radar,23,16,38,12,89,0,4,106,8,118,23,20,144,20,207,70,34,104,311
09/29/2000,DLH,MN,AGL,CE,Towers with Radar,27,17,30,0,74,0,2,61,0,63,27,19,91,0,137,28,0,28,165
09/30/2000,DLH,MN,AGL,CE,Towers with Radar,23,9,13,1,46,0,0,53,2,55,23,9,66,3,101,24,8,32,133
10/01/2000,DLH,MN,AGL,CE,Towers with Radar,18,5,16,0,39,0,0,23,0,23,18,5,39,0,62,0,0,0,62
10/02/2000,DLH,MN,AGL,CE,Towers with Radar,23,11,20,18,72,0,0,52,8,60,23,11,72,26,132,50,58,108,240
10/03/2000,DLH,MN,AGL,CE,Towers with Radar,21,12,34,10,77,0,0,38,5,43,21,12,72,15,120,58,40,98,218
10/04/2000,DLH,MN,AGL,CE,Towers with Radar,25,15,44,17,101,3,0,72,7,82,28,15,116,24,183,38,40,78,261
10/05/2000,DLH,MN,AGL,CE,Towers with Radar,22,15,32,16,85,0,3,8,0,11,22,18,40,16,96,24,0,24,120
10/06/2000,DLH,MN,AGL,CE,Towers with Radar,24,14,26,4,68,0,3,48,6,57,24,17,74,10,125,40,12,52,177
10/07/2000,DLH,MN,AGL,CE,Towers with Radar,22,6,27,0,55,0,2,37,0,39,22,8,64,0,94,26,6,32,126
10/08/2000,DLH,MN,AGL,CE,Towers with Radar,24,4,15,0,43,0,0,45,1,46,24,4,60,1,89,50,0,50,139
10/09/2000,DLH,MN,AGL,CE,Towers with Radar,21,9,27,0,57,0,1,46,2,49,21,10,73,2,106,66,0,66,172
10/10/2000,DLH,MN,AGL,CE,Towers with Radar,23,12,42,23,100,0,4,43,7,54,23,16,85,30,154,62,104,166,320
10/11/2000,DLH,MN,AGL,CE,Towers with Radar,23,11,35,8,77,0,1,76,5,82,23,12,111,13,159,14,26,40,199
10/12/2000,DLH,MN,AGL,CE,Towers with Radar,22,10,30,12,74,1,0,61,3,65,23,10,91,15,139,52,14,66,205
10/13/2000,DLH,MN,AGL,CE,Towers with Radar,18,12,25,10,65,2,0,57,5,64,20,12,82,15,129,14,10,24,153
10/14/2000,DLH,MN,AGL,CE,Towers with Radar,24,2,2,3,31,0,1,5,0,6,24,3,7,3,37,0,0,0,37
10/15/2000,DLH,MN,AGL,CE,Towers with Radar,19,4,10,9,42,0,0,9,0,9,19,4,19,9,51,0,0,0,51
10/16/2000,DLH,MN,AGL,CE,Towers with Radar,23,12,44,17,96,0,0,63,7,70,23,12,107,24,166,68,22,90,256
10/17/2000,DLH,MN,AGL,CE,Towers with Radar,22,16,45,26,109,0,0,48,8,56,22,16,93,34,165,12,106,118,283
10/18/2000,DLH,MN,AGL,CE,Towers with Radar,20,11,47,12,90,1,2,69,4,76,21,13,116,16,166,60,30,90,256
10/19/2000,DLH,MN,AGL,CE,Towers with Radar,21,13,20,11,65,0,1,49,6,56,21,14,69,17,121,0,32,32,153
10/20/2000,DLH,MN,AGL,CE,Towers with Radar,17,15,18,12,62,0,0,61,7,68,17,15,79,19,130,16,10,26,156
10/21/2000,DLH,MN,AGL,CE,Towers with Radar,21,4,15,3,43,0,1,56,0,57,21,5,71,3,100,18,0,18,118
10/22/2000,DLH,MN,AGL,CE,Towers with Radar,19,5,11,0,35,0,2,57,0,59,19,7,68,0,94,78,0,78,172
10/23/2000,DLH,MN,AGL,CE,Towers with Radar,21,6,42,30,99,0,3,5,0,8,21,9,47,30,107,2,102,104,211
10/24/2000,DLH,MN,AGL,CE,Towers with Radar,23,8,16,0,47,0,2,0,0,2,23,10,16,0,49,0,0,0,49
10/25/2000,DLH,MN,AGL,CE,Towers with Radar,15,8,22,2,47,1,0,0,2,3,16,8,22,4,50,4,0,4,54
10/26/2000,DLH,MN,AGL,CE,Towers with Radar,27,8,39,1,75,0,6,0,0,6,27,14,39,1,81,4,0,4,85
10/27/2000,DLH,MN,AGL,CE,Towers with Radar,18,17,38,11,84,0,0,49,0,49,18,17,87,11,133,14,18,32,165
10/28/2000,DLH,MN,AGL,CE,Towers with Radar,23,5,19,0,47,0,1,78,0,79,23,6,97,0,126,10,2,12,138
10/29/2000,DLH,MN,AGL,CE,Towers with Radar,17,3,12,0,32,0,0,8,3,11,17,3,20,3,43,12,0,12,55
10/30/2000,DLH,MN,AGL,CE,Towers with Radar,19,10,32,26,87,2,1,21,0,24,21,11,53,26,111,20,4,24,135
10/31/2000,DLH,MN,AGL,CE,Towers with Radar,17,11,46,16,90,3,0,61,20,84,20,11,107,36,174,11,9,20,194
11/01/2000,DLH,MN,AGL,CE,Towers with Radar,17,14,22,0,53,4,0,0,0,4,21,14,22,0,57,0,0,0,57
11/02/2000,DLH,MN,AGL,CE,Towers with Radar,20,15,37,20,92,0,0,16,0,16,20,15,53,20,108,10,18,28,136
11/03/2000,DLH,MN,AGL,CE,Towers with Radar,21,12,41,16,90,0,0,50,10,60,21,12,91,26,150,50,18,68,218
11/04/2000,DLH,MN,AGL,CE,Towers with Radar,8,8,21,2,39,2,1,69,2,74,10,9,90,4,113,82,0,82,195
11/05/2000,DLH,MN,AGL,CE,Towers with Radar,14,10,25,2,51,7,0,33,0,40,21,10,58,2,91,18,0,18,109
11/06/2000,DLH,MN,AGL,CE,Towers with Radar,16,11,24,0,51,4,0,8,0,12,20,11,32,0,63,2,0,2,65
11/07/2000,DLH,MN,AGL,CE,Towers with Radar,17,13,18,0,48,0,0,4,0,4,17,13,22,0,52,0,0,0,52
11/08/2000,DLH,MN,AGL,CE,Towers with Radar,20,15,23,36,94,0,0,15,0,15,20,15,38,36,109,26,28,54,163
11/09/2000,DLH,MN,AGL,CE,Towers with Radar,24,14,35,1,74,0,0,21,1,22,24,14,56,2,96,22,0,22,118
11/10/2000,DLH,MN,AGL,CE,Towers with Radar,24,15,31,7,77,0,2,37,1,40,24,17,68,8,117,22,0,22,139
11/11/2000,DLH,MN,AGL,CE,Towers with Radar,12,10,11,0,33,0,0,36,0,36,12,10,47,0,69,30,0,30,99
11/12/2000,DLH,MN,AGL,CE,Towers with Radar,11,8,6,0,25,0,0,0,0,0,11,8,6,0,25,0,0,0,25
11/13/2000,DLH,MN,AGL,CE,Towers with Radar,14,9,16,0,39,6,0,0,0,6,20,9,16,0,45,0,0,0,45
11/14/2000,DLH,MN,AGL,CE,Towers with Radar,14,14,28,27,83,0,0,13,16,29,14,14,41,43,112,22,18,40,152
11/15/2000,DLH,MN,AGL,CE,Towers with Radar,16,14,30,24,84,0,0,22,8,30,16,14,52,32,114,12,2,14,128
11/16/2000,DLH,MN,AGL,CE,Towers with Radar,23,7,38,26,94,0,5,19,3,27,23,12,57,29,121,2,28,30,151
11/17/2000,DLH,MN,AGL,CE,Towers with Radar,13,14,32,13,72,0,0,36,0,36,13,14,68,13,108,6,0,6,114
11/18/2000,DLH,MN,AGL,CE,Towers with Radar,12,11,19,16,58,0,0,3,4,7,12,11,22,20,65,0,4,4,69
11/19/2000,DLH,MN,AGL,CE,Towers with Radar,13,5,16,0,34,2,0,1,0,3,15,5,17,0,37,2,0,2,39
11/20/2000,DLH,MN,AGL,CE,Towers with Radar,15,15,22,9,61,0,0,11,0,11,15,15,33,9,72,48,8,56,128
11/21/2000,DLH,MN,AGL,CE,Towers with Radar,21,19,33,17,90,0,1,29,9,39,21,20,62,26,129,36,28,64,193
11/22/2000,DLH,MN,AGL,CE,Towers with Radar,21,8,34,22,85,0,6,59,6,71,21,14,93,28,156,48,66,114,270
11/23/2000,DLH,MN,AGL,CE,Towers with Radar,9,5,8,0,22,0,0,8,0,8,9,5,16,0,30,6,0,6,36
11/24/2000,DLH,MN,AGL,CE,Towers with Radar,8,6,20,0,34,0,2,15,1,18,8,8,35,1,52,0,6,6,58
11/25/2000,DLH,MN,AGL,CE,Towers with Radar,14,12,12,3,41,0,9,59,4,72,14,21,71,7,113,14,6,20,133
11/26/2000,DLH,MN,AGL,CE,Towers with Radar,9,8,13,0,30,1,0,16,0,17,10,8,29,0,47,0,0,0,47
11/27/2000,DLH,MN,AGL,CE,Towers with Radar,21,8,21,11,61,0,0,0,0,0,21,8,21,11,61,0,0,0,61
11/28/2000,DLH,MN,AGL,CE,Towers with Radar,20,17,16,40,93,0,0,20,2,22,20,17,36,42,115,6,22,28,143
11/29/2000,DLH,MN,AGL,CE,Towers with Radar,18,17,24,3,62,0,0,33,2,35,18,17,57,5,97,6,0,6,103
11/30/2000,DLH,MN,AGL,CE,Towers with Radar,18,18,24,31,91,0,0,32,7,39,18,18,56,38,130,4,14,18,148
12/01/2000,DLH,MN,AGL,CE,Towers with Radar,16,12,26,11,65,3,0,30,0,33,19,12,56,11,98,12,20,32,130
12/02/2000,DLH,MN,AGL,CE,Towers with Radar,12,6,19,14,51,0,0,55,0,55,12,6,74,14,106,24,10,34,140
12/03/2000,DLH,MN,AGL,CE,Towers with Radar,14,10,8,6,38,0,0,5,0,5,14,10,13,6,43,22,0,22,65
12/04/2000,DLH,MN,AGL,CE,Towers with Radar,21,16,23,22,82,0,0,11,8,19,21,16,34,30,101,0,2,2,103
12/05/2000,DLH,MN,AGL,CE,Towers with Radar,18,14,29,14,75,0,3,36,1,40,18,17,65,15,115,52,12,64,179
12/06/2000,DLH,MN,AGL,CE,Towers with Radar,15,12,33,9,69,0,0,27,1,28,15,12,60,10,97,14,18,32,129
12/07/2000,DLH,MN,AGL,CE,Towers with Radar,15,13,26,5,59,0,0,29,0,29,15,13,55,5,88,4,0,4,92
12/08/2000,DLH,MN,AGL,CE,Towers with Radar,16,13,34,12,75,0,0,46,2,48,16,13,80,14,123,42,4,46,169
12/09/2000,DLH,MN,AGL,CE,Towers with Radar,21,2,9,0,32,0,1,5,0,6,21,3,14,0,38,36,0,36,74
12/10/2000,DLH,MN,AGL,CE,Towers with Radar,15,8,6,2,31,0,0,29,0,29,15,8,35,2,60,74,0,74,134
12/11/2000,DLH,MN,AGL,CE,Towers with Radar,16,8,19,27,70,0,2,17,21,40,16,10,36,48,110,0,62,62,172
12/12/2000,DLH,MN,AGL,CE,Towers with Radar,16,12,24,19,71,0,3,63,8,74,16,15,87,27,145,74,30,104,249
12/13/2000,DLH,MN,AGL,CE,Towers with Radar,14,9,36,14,73,3,2,31,4,40,17,11,67,18,113,24,10,34,147
12/14/2000,DLH,MN,AGL,CE,Towers with Radar,17,14,28,15,74,0,0,42,2,44,17,14,70,17,118,12,18,30,148
12/15/2000,DLH,MN,AGL,CE,Towers with Radar,16,14,42,11,83,0,2,28,0,30,16,16,70,11,113,80,6,86,199
12/16/2000,DLH,MN,AGL,CE,Towers with Radar,12,1,5,0,18,0,2,4,0,6,12,3,9,0,24,0,0,0,24
12/17/2000,DLH,MN,AGL,CE,Towers with Radar,19,4,16,0,39,0,0,34,0,34,19,4,50,0,73,12,0,12,85
12/18/2000,DLH,MN,AGL,CE,Towers with Radar,17,8,10,0,35,0,0,0,0,0,17,8,10,0,35,40,0,40,75
12/19/2000,DLH,MN,AGL,CE,Towers with Radar,15,13,26,20,74,0,3,38,9,50,15,16,64,29,124,34,48,82,206
12/20/2000,DLH,MN,AGL,CE,Towers with Radar,19,18,26,5,68,0,0,12,0,12,19,18,38,5,80,30,0,30,110
12/21/2000,DLH,MN,AGL,CE,Towers with Radar,14,15,25,4,58,0,0,0,0,0,14,15,25,4,58,4,0,4,62
12/22/2000,DLH,MN,AGL,CE,Towers with Radar,24,10,13,4,51,0,11,52,0,63,24,21,65,4,114,34,0,34,148
12/23/2000,DLH,MN,AGL,CE,Towers with Radar,16,11,9,0,36,0,0,28,2,30,16,11,37,2,66,16,0,16,82
12/24/2000,DLH,MN,AGL,CE,Towers with Radar,12,4,6,0,22,0,0,21,0,21,12,4,27,0,43,2,0,2,45
12/25/2000,DLH,MN,AGL,CE,Towers with Radar,12,9,3,0,24,0,0,6,0,6,12,9,9,0,30,0,0,0,30
12/26/2000,DLH,MN,AGL,CE,Towers with Radar,15,9,17,0,41,0,0,23,0,23,15,9,40,0,64,18,0,18,82
12/27/2000,DLH,MN,AGL,CE,Towers with Radar,16,16,36,18,86,0,0,49,2,51,16,16,85,20,137,56,78,134,271
12/28/2000,DLH,MN,AGL,CE,Towers with Radar,18,13,18,14,63,0,0,33,0,33,18,13,51,14,96,68,36,104,200
12/29/2000,DLH,MN,AGL,CE,Towers with Radar,19,17,21,10,67,0,0,71,4,75,19,17,92,14,142,74,46,120,262
12/30/2000,DLH,MN,AGL,CE,Towers with Radar,12,7,19,1,39,1,0,35,5,41,13,7,54,6,80,44,0,44,124
12/31/2000,DLH,MN,AGL,CE,Towers with Radar,10,9,6,4,29,0,0,21,4,25,10,9,27,8,54,32,0,32,86
01/01/2001,DLH,MN,AGL,CE,Towers with Radar,11,5,5,0,21,6,0,30,0,36,17,5,35,0,57,18,0,18,75
01/02/2001,DLH,MN,AGL,CE,Towers with Radar,17,10,35,11,73,0,0,30,0,30,17,10,65,11,103,40,28,68,171
01/03/2001,DLH,MN,AGL,CE,Towers with Radar,18,10,32,17,77,8,0,43,7,58,26,10,75,24,135,64,20,84,219
01/04/2001,DLH,MN,AGL,CE,Towers with Radar,20,14,30,7,71,0,2,22,1,25,20,16,52,8,96,36,14,50,146
01/05/2001,DLH,MN,AGL,CE,Towers with Radar,19,10,32,18,79,0,0,48,4,52,19,10,80,22,131,92,28,120,251
01/06/2001,DLH,MN,AGL,CE,Towers with Radar,10,4,4,12,30,0,0,18,1,19,10,4,22,13,49,14,2,16,65
01/07/2001,DLH,MN,AGL,CE,Towers with Radar,11,7,14,17,49,0,1,23,10,34,11,8,37,27,83,22,12,34,117
01/08/2001,DLH,MN,AGL,CE,Towers with Radar,17,13,24,19,73,0,0,32,0,32,17,13,56,19,105,46,32,78,183
01/09/2001,DLH,MN,AGL,CE,Towers with Radar,16,15,24,13,68,0,5,62,0,67,16,20,86,13,135,82,44,126,261
01/10/2001,DLH,MN,AGL,CE,Towers with Radar,14,14,45,19,92,8,0,54,10,72,22,14,99,29,164,48,48,96,260
01/11/2001,DLH,MN,AGL,CE,Towers with Radar,15,11,36,17,79,2,0,7,0,9,17,11,43,17,88,4,14,18,106
01/12/2001,DLH,MN,AGL,CE,Towers with Radar,13,9,21,1,44,0,2,3,0,5,13,11,24,1,49,0,0,0,49
01/13/2001,DLH,MN,AGL,CE,Towers with Radar,12,7,7,1,27,0,1,0,0,1,12,8,7,1,28,0,0,0,28
01/14/2001,DLH,MN,AGL,CE,Towers with Radar,8,5,6,1,20,0,0,0,0,0,8,5,6,1,20,0,0,0,20
01/15/2001,DLH,MN,AGL,CE,Towers with Radar,17,7,22,0,46,0,2,24,0,26,17,9,46,0,72,64,0,64,136
01/16/2001,DLH,MN,AGL,CE,Towers with Radar,21,12,38,8,79,0,4,32,0,36,21,16,70,8,115,20,16,36,151
01/17/2001,DLH,MN,AGL,CE,Towers with Radar,19,14,58,4,95,0,7,48,0,55,19,21,106,4,150,40,18,58,208
01/18/2001,DLH,MN,AGL,CE,Towers with Radar,16,15,47,6,84,0,0,9,0,9,16,15,56,6,93,20,20,40,133
01/19/2001,DLH,MN,AGL,CE,Towers with Radar,14,9,33,9,65,8,1,33,3,45,22,10,66,12,110,30,8,38,148
01/20/2001,DLH,MN,AGL,CE,Towers with Radar,13,14,33,2,62,0,0,56,32,88,13,14,89,34,150,116,64,180,330
01/21/2001,DLH,MN,AGL,CE,Towers with Radar,13,12,26,2,53,0,0,35,0,35,13,12,61,2,88,92,6,98,186
01/22/2001,DLH,MN,AGL,CE,Towers with Radar,16,10,19,10,55,0,0,20,0,20,16,10,39,10,75,4,14,18,93
01/23/2001,DLH,MN,AGL,CE,Towers with Radar,16,13,40,22,91,3,5,33,10,51,19,18,73,32,142,36,40,76,218
01/24/2001,DLH,MN,AGL,CE,Towers with Radar,22,10,42,11,85,6,0,48,1,55,28,10,90,12,140,44,20,64,204
01/25/2001,DLH,MN,AGL,CE,Towers with Radar,14,14,24,29,81,0,0,61,17,78,14,14,85,46,159,40,30,70,229
01/26/2001,DLH,MN,AGL,CE,Towers with Radar,12,8,18,0,38,7,1,8,0,16,19,9,26,0,54,16,0,16,70
01/27/2001,DLH,MN,AGL,CE,Towers with Radar,16,8,25,1,50,0,0,60,1,61,16,8,85,2,111,72,0,72,183
01/28/2001,DLH,MN,AGL,CE,Towers with Radar,10,10,13,0,33,0,0,12,0,12,10,10,25,0,45,0,0,0,45
01/29/2001,DLH,MN,AGL,CE,Towers with Radar,15,12,6,2,35,1,2,27,0,30,16,14,33,2,65,12,0,12,77
01/30/2001,DLH,MN,AGL,CE,Towers with Radar,14,10,18,0,42,0,0,0,0,0,14,10,18,0,42,0,0,0,42
01/31/2001,DLH,MN,AGL,CE,Towers with Radar,17,15,32,0,64,1,0,60,0,61,18,15,92,0,125,56,0,56,181
02/01/2001,DLH,MN,AGL,CE,Towers with Radar,16,15,36,4,71,7,0,44,19,70,23,15,80,23,141,40,12,52,193
02/02/2001,DLH,MN,AGL,CE,Towers with Radar,15,12,40,10,77,0,0,12,0,12,15,12,52,10,89,86,18,104,193
02/03/2001,DLH,MN,AGL,CE,Towers with Radar,17,13,9,19,58,0,0,8,0,8,17,13,17,19,66,0,0,0,66
02/04/2001,DLH,MN,AGL,CE,Towers with Radar,15,9,13,6,43,0,0,23,4,27,15,9,36,10,70,66,22,88,158
02/05/2001,DLH,MN,AGL,CE,Towers with Radar,5,8,6,9,28,10,0,20,0,30,15,8,26,9,58,4,18,22,80
02/06/2001,DLH,MN,AGL,CE,Towers with Radar,19,14,43,28,104,4,1,20,0,25,23,15,63,28,129,84,76,160,289
02/07/2001,DLH,MN,AGL,CE,Towers with Radar,19,16,50,19,104,0,0,3,0,3,19,16,53,19,107,4,14,18,125
02/08/2001,DLH,MN,AGL,CE,Towers with Radar,18,10,19,0,47,0,0,1,0,1,18,10,20,0,48,0,0,0,48
02/09/2001,DLH,MN,AGL,CE,Towers with Radar,17,6,26,5,54,0,5,50,0,55,17,11,76,5,109,60,24,84,193
02/10/2001,DLH,MN,AGL,CE,Towers with Radar,13,6,17,1,37,0,0,54,1,55,13,6,71,2,92,116,0,116,208
02/11/2001,DLH,MN,AGL,CE,Towers with Radar,9,8,18,0,35,5,2,29,2,38,14,10,47,2,73,0,0,0,73
02/12/2001,DLH,MN,AGL,CE,Towers with Radar,15,15,30,12,72,0,0,24,2,26,15,15,54,14,98,30,18,48,146
02/13/2001,DLH,MN,AGL,CE,Towers with Radar,12,8,17,16,53,0,14,18,0,32,12,22,35,16,85,0,0,0,85
02/14/2001,DLH,MN,AGL,CE,Towers with Radar,16,16,45,11,88,0,0,43,1,44,16,16,88,12,132,32,26,58,190
02/15/2001,DLH,MN,AGL,CE,Towers with Radar,24,14,31,13,82,32,1,42,10,85,56,15,73,23,167,62,38,100,267
02/16/2001,DLH,MN,AGL,CE,Towers with Radar,15,12,27,7,61,0,0,26,1,27,15,12,53,8,88,28,0,28,116
02/17/2001,DLH,MN,AGL,CE,Towers with Radar,12,5,26,2,45,1,0,26,0,27,13,5,52,2,72,36,0,36,108
02/18/2001,DLH,MN,AGL,CE,Towers with Radar,11,9,8,3,31,0,3,26,0,29,11,12,34,3,60,50,0,50,110
02/19/2001,DLH,MN,AGL,CE,Towers with Radar,15,11,35,2,63,0,1,45,2,48,15,12,80,4,111,58,0,58,169
02/20/2001,DLH,MN,AGL,CE,Towers with Radar,16,16,30,1,63,0,0,35,1,36,16,16,65,2,99,126,0,126,225
02/21/2001,DLH,MN,AGL,CE,Towers with Radar,15,12,30,4,61,0,0,41,0,41,15,12,71,4,102,16,2,18,120
02/22/2001,DLH,MN,AGL,CE,Towers with Radar,17,11,26,8,62,0,1,40,0,41,17,12,66,8,103,44,12,56,159
02/23/2001,DLH,MN,AGL,CE,Towers with Radar,17,16,32,22,87,6,2,32,3,43,23,18,64,25,130,24,14,38,168
02/24/2001,DLH,MN,AGL,CE,Towers with Radar,6,9,4,0,19,1,2,4,0,7,7,11,8,0,26,0,0,0,26
02/25/2001,DLH,MN,AGL,CE,Towers with Radar,10,8,6,0,24,0,0,1,0,1,10,8,7,0,25,0,0,0,25
02/26/2001,DLH,MN,AGL,CE,Towers with Radar,16,15,16,2,49,0,0,59,0,59,16,15,75,2,108,122,0,122,230
02/27/2001,DLH,MN,AGL,CE,Towers with Radar,22,15,27,5,69,0,1,58,15,74,22,16,85,20,143,8,10,18,161
02/28/2001,DLH,MN,AGL,CE,Towers with Radar,17,14,34,15,80,6,1,46,8,61,23,15,80,23,141,40,12,52,193
03/01/2001,DLH,MN,AGL,CE,Towers with Radar,20,12,30,6,68,0,6,56,2,64,20,18,86,8,132,34,8,42,174
03/02/2001,DLH,MN,AGL,CE,Towers with Radar,17,18,12,11,58,3,3,52,0,58,20,21,64,11,116,26,8,34,150
03/03/2001,DLH,MN,AGL,CE,Towers with Radar,11,6,16,10,43,0,0,8,0,8,11,6,24,10,51,2,0,2,53
03/04/2001,DLH,MN,AGL,CE,Towers with Radar,10,8,5,10,33,3,0,14,2,19,13,8,19,12,52,2,4,6,58
03/05/2001,DLH,MN,AGL,CE,Towers with Radar,15,16,22,11,64,1,0,45,0,46,16,16,67,11,110,60,50,110,220
03/06/2001,DLH,MN,AGL,CE,Towers with Radar,20,14,22,10,66,0,2,62,8,72,20,16,84,18,138,88,48,136,274
03/07/2001,DLH,MN,AGL,CE,Towers with Radar,14,16,22,15,67,0,0,21,0,21,14,16,43,15,88,24,0,24,112
03/08/2001,DLH,MN,AGL,CE,Towers with Radar,17,14,43,12,86,2,2,50,0,54,19,16,93,12,140,40,24,64,204
03/09/2001,DLH,MN,AGL,CE,Towers with Radar,16,18,38,3,75,0,0,46,0,46,16,18,84,3,121,38,4,42,163
03/10/2001,DLH,MN,AGL,CE,Towers with Radar,15,6,6,4,31,0,0,0,0,0,15,6,6,4,31,6,0,6,37
03/11/2001,DLH,MN,AGL,CE,Towers with Radar,14,10,10,0,34,0,0,78,0,78,14,10,88,0,112,100,0,100,212
03/12/2001,DLH,MN,AGL,CE,Towers with Radar,6,13,10,2,31,0,0,0,0,0,6,13,10,2,31,0,0,0,31
03/13/2001,DLH,MN,AGL,CE,Towers with Radar,19,20,33,19,91,0,2,37,18,57,19,22,70,37,148,42,66,108,256
03/14/2001,DLH,MN,AGL,CE,Towers with Radar,15,16,41,18,90,1,0,40,15,56,16,16,81,33,146,20,52,72,218
03/15/2001,DLH,MN,AGL,CE,Towers with Radar,22,12,40,12,86,0,8,50,4,62,22,20,90,16,148,88,12,100,248
03/16/2001,DLH,MN,AGL,CE,Towers with Radar,18,13,24,30,85,4,1,64,1,70,22,14,88,31,155,78,12,90,245
03/17/2001,DLH,MN,AGL,CE,Towers with Radar,11,7,17,15,50,0,1,79,3,83,11,8,96,18,133,124,76,200,333
03/18/2001,DLH,MN,AGL,CE,Towers with Radar,9,9,6,6,30,0,1,54,6,61,9,10,60,12,91,60,68,128,219
03/19/2001,DLH,MN,AGL,CE,Towers with Radar,14,16,20,15,65,0,0,18,2,20,14,16,38,17,85,6,0,6,91
03/20/2001,DLH,MN,AGL,CE,Towers with Radar,14,18,22,16,70,4,1,23,12,40,18,19,45,28,110,16,18,34,144
03/21/2001,DLH,MN,AGL,CE,Towers with Radar,17,20,29,25,91,2,3,42,22,69,19,23,71,47,160,14,62,76,236
03/22/2001,DLH,MN,AGL,CE,Towers with Radar,22,16,32,23,93,7,1,49,0,57,29,17,81,23,150,60,24,84,234
03/23/2001,DLH,MN,AGL,CE,Towers with Radar,17,19,27,6,69,0,0,59,0,59,17,19,86,6,128,94,32,126,254
03/24/2001,DLH,MN,AGL,CE,Towers with Radar,17,2,8,11,38,0,0,48,0,48,17,2,56,11,86,72,12,84,170
03/25/2001,DLH,MN,AGL,CE,Towers with Radar,15,10,17,2,44,0,0,24,3,27,15,10,41,5,71,16,0,16,87
03/26/2001,DLH,MN,AGL,CE,Towers with Radar,17,15,18,13,63,0,0,35,0,35,17,15,53,13,98,44,18,62,160
03/27/2001,DLH,MN,AGL,CE,Towers with Radar,17,16,35,14,82,3,4,57,2,66,20,20,92,16,148,62,22,84,232
03/28/2001,DLH,MN,AGL,CE,Towers with Radar,18,14,30,19,81,0,6,31,0,37,18,20,61,19,118,46,50,96,214
03/29/2001,DLH,MN,AGL,CE,Towers with Radar,14,19,28,41,102,0,0,34,12,46,14,19,62,53,148,82,66,148,296
03/30/2001,DLH,MN,AGL,CE,Towers with Radar,18,16,13,2,49,0,0,0,0,0,18,16,13,2,49,0,0,0,49
03/31/2001,DLH,MN,AGL,CE,Towers with Radar,11,9,5,0,25,0,0,16,0,16,11,9,21,0,41,12,0,12,53
04/01/2001,DLH,MN,AGL,CE,Towers with Radar,10,7,18,0,35,3,0,17,0,20,13,7,35,0,55,0,0,0,55
04/02/2001,DLH,MN,AGL,CE,Towers with Radar,16,13,28,12,69,6,0,41,0,47,22,13,69,12,116,44,16,60,176
04/03/2001,DLH,MN,AGL,CE,Towers with Radar,16,12,37,31,96,3,0,47,0,50,19,12,84,31,146,32,38,70,216
04/04/2001,DLH,MN,AGL,CE,Towers with Radar,21,10,20,22,73,0,0,70,18,88,21,10,90,40,161,110,108,218,379
04/05/2001,DLH,MN,AGL,CE,Towers with Radar,14,14,28,3,59,0,0,2,0,2,14,14,30,3,61,0,0,0,61
04/06/2001,DLH,MN,AGL,CE,Towers with Radar,16,18,32,5,71,0,2,48,5,55,16,20,80,10,126,98,40,138,264
04/07/2001,DLH,MN,AGL,CE,Towers with Radar,15,6,1,0,22,0,0,2,0,2,15,6,3,0,24,0,0,0,24
04/08/2001,DLH,MN,AGL,CE,Towers with Radar,15,9,16,0,40,0,2,27,3,32,15,11,43,3,72,44,0,44,116
04/09/2001,DLH,MN,AGL,CE,Towers with Radar,15,13,33,13,74,0,0,8,0,8,15,13,41,13,82,4,0,4,86
04/10/2001,DLH,MN,AGL,CE,Towers with Radar,16,11,15,8,50,0,0,31,0,31,16,11,46,8,81,56,76,132,213
04/11/2001,DLH,MN,AGL,CE,Towers with Radar,28,12,18,5,63,0,3,7,0,10,28,15,25,5,73,22,12,34,107
04/12/2001,DLH,MN,AGL,CE,Towers with Radar,23,14,24,16,77,0,0,20,4,24,23,14,44,20,101,0,4,4,105
04/13/2001,DLH,MN,AGL,CE,Towers with Radar,26,19,41,5,91,4,3,68,11,86,30,22,109,16,177,98,34,132,309
04/14/2001,DLH,MN,AGL,CE,Towers with Radar,14,6,16,0,36,0,1,40,0,41,14,7,56,0,77,18,0,18,95
04/15/2001,DLH,MN,AGL,CE,Towers with Radar,10,9,7,2,28,0,0,1,0,1,10,9,8,2,29,0,0,0,29
04/16/2001,DLH,MN,AGL,CE,Towers with Radar,12,14,20,2,48,0,0,21,0,21,12,14,41,2,69,20,0,20,89
04/17/2001,DLH,MN,AGL,CE,Towers with Radar,18,15,26,1,60,0,0,96,0,96,18,15,122,1,156,84,0,84,240
04/18/2001,DLH,MN,AGL,CE,Towers with Radar,19,21,53,14,107,0,0,76,0,76,19,21,129,14,183,160,66,226,409
04/19/2001,DLH,MN,AGL,CE,Towers with Radar,16,15,27,7,65,0,4,67,2,73,16,19,94,9,138,36,10,46,184
04/20/2001,DLH,MN,AGL,CE,Towers with Radar,15,11,20,4,50,0,0,0,0,0,15,11,20,4,50,0,0,0,50
04/21/2001,DLH,MN,AGL,CE,Towers with Radar,9,5,9,5,28,0,0,0,0,0,9,5,9,5,28,0,0,0,28
04/22/2001,DLH,MN,AGL,CE,Towers with Radar,10,2,6,0,18,0,0,0,0,0,10,2,6,0,18,0,0,0,18
04/23/2001,DLH,MN,AGL,CE,Towers with Radar,11,8,8,0,27,0,0,2,0,2,11,8,10,0,29,0,0,0,29
04/24/2001,DLH,MN,AGL,CE,Towers with Radar,16,14,41,18,89,0,0,57,8,65,16,14,98,26,154,78,62,140,294
04/25/2001,DLH,MN,AGL,CE,Towers with Radar,16,16,35,14,81,0,0,48,5,53,16,16,83,19,134,68,18,86,220
04/26/2001,DLH,MN,AGL,CE,Towers with Radar,18,12,49,21,100,5,5,94,14,118,23,17,143,35,218,72,70,142,360
04/27/2001,DLH,MN,AGL,CE,Towers with Radar,20,18,34,18,90,0,2,60,6,68,20,20,94,24,158,46,28,74,232
04/28/2001,DLH,MN,AGL,CE,Towers with Radar,10,10,10,0,30,0,0,64,0,64,10,10,74,0,94,68,0,68,162
04/29/2001,DLH,MN,AGL,CE,Towers with Radar,10,9,10,1,30,0,0,33,0,33,10,9,43,1,63,2,2,4,67
04/30/2001,DLH,MN,AGL,CE,Towers with Radar,15,17,25,13,70,0,1,28,4,33,15,18,53,17,103,46,14,60,163
05/01/2001,DLH,MN,AGL,CE,Towers with Radar,22,13,9,5,49,0,0,31,2,33,22,13,40,7,82,26,6,32,114
05/02/2001,DLH,MN,AGL,CE,Towers with Radar,16,12,20,28,76,0,1,81,17,99,16,13,101,45,175,116,70,186,361
05/03/2001,DLH,MN,AGL,CE,Towers with Radar,17,15,27,25,84,0,0,54,0,54,17,15,81,25,138,22,78,100,238
05/04/2001,DLH,MN,AGL,CE,Towers with Radar,17,15,22,6,60,0,0,66,2,68,17,15,88,8,128,26,26,52,180
05/05/2001,DLH,MN,AGL,CE,Towers with Radar,14,8,24,2,48,0,0,51,0,51,14,8,75,2,99,100,0,100,199
05/06/2001,DLH,MN,AGL,CE,Towers with Radar,20,6,9,2,37,0,0,20,0,20,20,6,29,2,57,76,0,76,133
05/07/2001,DLH,MN,AGL,CE,Towers with Radar,15,12,26,22,75,0,0,33,6,39,15,12,59,28,114,52,42,94,208
05/08/2001,DLH,MN,AGL,CE,Towers with Radar,15,15,44,43,117,0,0,63,8,71,15,15,107,51,188,40,94,134,322
05/09/2001,DLH,MN,AGL,CE,Towers with Radar,21,15,23,7,66,0,1,50,2,53,21,16,73,9,119,62,4,66,185
05/10/2001,DLH,MN,AGL,CE,Towers with Radar,15,15,41,26,97,0,0,44,2,46,15,15,85,28,143,50,34,84,227
05/11/2001,DLH,MN,AGL,CE,Towers with Radar,18,15,40,4,77,0,1,46,0,47,18,16,86,4,124,68,0,68,192
05/12/2001,DLH,MN,AGL,CE,Towers with Radar,14,8,11,2,35,0,1,63,4,68,14,9,74,6,103,110,30,140,243
05/13/2001,DLH,MN,AGL,CE,Towers with Radar,9,11,7,1,28,0,0,69,0,69,9,11,76,1,97,102,0,102,199
05/14/2001,DLH,MN,AGL,CE,Towers with Radar,14,12,33,7,66,6,0,37,2,45,20,12,70,9,111,28,0,28,139
05/15/2001,DLH,MN,AGL,CE,Towers with Radar,17,14,25,6,62,0,1,18,0,19,17,15,43,6,81,2,0,2,83
05/16/2001,DLH,MN,AGL,CE,Towers with Radar,16,16,27,18,77,1,0,51,1,53,17,16,78,19,130,42,42,84,214
05/17/2001,DLH,MN,AGL,CE,Towers with Radar,19,22,52,11,104,0,0,38,0,38,19,22,90,11,142,140,10,150,292
05/18/2001,DLH,MN,AGL,CE,Towers with Radar,19,14,28,13,74,0,2,63,11,76,19,16,91,24,150,78,64,142,292
05/19/2001,DLH,MN,AGL,CE,Towers with Radar,13,9,16,20,58,0,0,50,20,70,13,9,66,40,128,20,36,56,184
05/20/2001,DLH,MN,AGL,CE,Towers with Radar,11,14,23,6,54,0,0,43,0,43,11,14,66,6,97,62,20,82,179
05/21/2001,DLH,MN,AGL,CE,Towers with Radar,19,18,29,3,69,0,0,14,0,14,19,18,43,3,83,6,0,6,89
05/22/2001,DLH,MN,AGL,CE,Towers with Radar,13,16,24,18,71,3,0,9,0,12,16,16,33,18,83,10,6,16,99
05/23/2001,DLH,MN,AGL,CE,Towers with Radar,15,12,41,17,85,0,0,50,10,60,15,12,91,27,145,76,26,102,247
05/24/2001,DLH,MN,AGL,CE,Towers with Radar,20,19,25,14,78,0,2,68,6,76,20,21,93,20,154,52,2,54,208
05/25/2001,DLH,MN,AGL,CE,Towers with Radar,15,13,31,9,68,0,4,21,0,25,15,17,52,9,93,6,0,6,99
05/26/2001,DLH,MN,AGL,CE,Towers with Radar,17,11,17,0,45,0,0,0,0,0,17,11,17,0,45,0,0,0,45
05/27/2001,DLH,MN,AGL,CE,Towers with Radar,8,13,14,0,35,0,2,20,0,22,8,15,34,0,57,10,0,10,67
05/28/2001,DLH,MN,AGL,CE,Towers with Radar,12,10,16,0,38,0,3,37,0,40,12,13,53,0,78,10,0,10,88
05/29/2001,DLH,MN,AGL,CE,Towers with Radar,15,18,32,10,75,0,0,81,0,81,15,18,113,10,156,106,36,142,298
05/30/2001,DLH,MN,AGL,CE,Towers with Radar,18,20,22,0,60,0,0,81,1,82,18,20,103,1,142,102,0,102,244
05/31/2001,DLH,MN,AGL,CE,Towers with Radar,15,15,29,23,82,0,4,79,15,98,15,19,108,38,180,54,80,134,314
06/01/2001,DLH,MN,AGL,CE,Towers with Radar,24,18,34,6,82,0,2,40,0,42,24,20,74,6,124,38,4,42,166
06/02/2001,DLH,MN,AGL,CE,Towers with Radar,11,13,26,2,52,0,0,57,17,74,11,13,83,19,126,32,2,34,160
06/03/2001,DLH,MN,AGL,CE,Towers with Radar,14,8,19,2,43,0,0,41,0,41,14,8,60,2,84,28,0,28,112
06/04/2001,DLH,MN,AGL,CE,Towers with Radar,13,11,25,3,52,0,0,78,0,78,13,11,103,3,130,164,24,188,318
06/05/2001,DLH,MN,AGL,CE,Towers with Radar,16,16,22,30,84,0,2,74,19,95,16,18,96,49,179,104,96,200,379
06/06/2001,DLH,MN,AGL,CE,Towers with Radar,18,16,38,16,88,0,1,54,0,55,18,17,92,16,143,60,98,158,301
06/07/2001,DLH,MN,AGL,CE,Towers with Radar,18,16,27,11,72,0,2,61,2,65,18,18,88,13,137,68,52,120,257
06/08/2001,DLH,MN,AGL,CE,Towers with Radar,16,12,35,14,77,0,5,66,0,71,16,17,101,14,148,70,16,86,234
06/09/2001,DLH,MN,AGL,CE,Towers with Radar,15,9,19,0,43,0,0,46,3,49,15,9,65,3,92,14,0,14,106
06/10/2001,DLH,MN,AGL,CE,Towers with Radar,13,5,27,0,45,0,1,22,2,25,13,6,49,2,70,64,2,66,136
06/11/2001,DLH,MN,AGL,CE,Towers with Radar,11,12,28,4,55,0,0,37,1,38,11,12,65,5,93,40,40,80,173
06/12/2001,DLH,MN,AGL,CE,Towers with Radar,18,20,26,12,76,0,0,94,6,100,18,20,120,18,176,46,20,66,242
06/13/2001,DLH,MN,AGL,CE,Towers with Radar,42,14,14,0,70,0,0,12,0,12,42,14,26,0,82,28,0,28,110
06/14/2001,DLH,MN,AGL,CE,Towers with Radar,27,9,45,7,88,0,8,60,9,77,27,17,105,16,165,92,20,112,277
06/15/2001,DLH,MN,AGL,CE,Towers with Radar,21,12,43,5,81,0,1,54,3,58,21,13,97,8,139,70,4,74,213
06/16/2001,DLH,MN,AGL,CE,Towers with Radar,18,14,18,16,66,0,0,57,4,61,18,14,75,20,127,88,46,134,261
06/17/2001,DLH,MN,AGL,CE,Towers with Radar,14,7,29,2,52,0,0,39,0,39,14,7,68,2,91,118,40,158,249
06/18/2001,DLH,MN,AGL,CE,Towers with Radar,18,12,24,0,54,0,0,2,0,2,18,12,26,0,56,4,0,4,60
06/19/2001,DLH,MN,AGL,CE,Towers with Radar,17,14,28,8,67,0,2,74,2,78,17,16,102,10,145,100,20,120,265
06/20/2001,DLH,MN,AGL,CE,Towers with Radar,18,16,43,8,85,2,0,66,4,72,20,16,109,12,157,54,6,60,217
06/21/2001,DLH,MN,AGL,CE,Towers with Radar,16,14,63,15,108,0,0,59,11,70,16,14,122,26,178,26,6,32,210
06/22/2001,DLH,MN,AGL,CE,Towers with Radar,13,12,39,6,70,0,0,85,5,90,13,12,124,11,160,48,6,54,214
06/23/2001,DLH,MN,AGL,CE,Towers with Radar,15,9,14,0,38,0,0,79,0,79,15,9,93,0,117,176,0,176,293
06/24/2001,DLH,MN,AGL,CE,Towers with Radar,14,8,23,0,45,0,0,47,0,47,14,8,70,0,92,34,0,34,126
06/25/2001,DLH,MN,AGL,CE,Towers with Radar,16,16,23,18,73,0,0,56,19,75,16,16,79,37,148,68,26,94,242
06/26/2001,DLH,MN,AGL,CE,Towers with Radar,13,13,40,9,75,0,3,44,1,48,13,16,84,10,123,66,14,80,203
06/27/2001,DLH,MN,AGL,CE,Towers with Radar,17,15,45,4,81,0,1,60,6,67,17,16,105,10,148,80,14,94,242
06/28/2001,DLH,MN,AGL,CE,Towers with Radar,20,13,30,10,73,0,4,104,12,120,20,17,134,22,193,60,20,80,273
06/29/2001,DLH,MN,AGL,CE,Towers with Radar,17,18,34,10,79,0,0,89,4,93,17,18,123,14,172,138,78,216,388
06/30/2001,DLH,MN,AGL,CE,Towers with Radar,18,10,15,3,46,0,2,87,1,90,18,12,102,4,136,146,0,146,282
07/01/2001,DLH,MN,AGL,CE,Towers with Radar,13,6,25,5,49,0,4,77,0,81,13,10,102,5,130,104,8,112,242
07/02/2001,DLH,MN,AGL,CE,Towers with Radar,15,19,27,1,62,0,0,55,1,56,15,19,82,2,118,82,0,82,200
07/03/2001,DLH,MN,AGL,CE,Towers with Radar,16,13,43,5,77,3,2,55,0,60,19,15,98,5,137,72,0,72,209
07/04/2001,DLH,MN,AGL,CE,Towers with Radar,13,9,6,0,28,4,0,35,7,46,17,9,41,7,74,24,8,32,106
07/05/2001,DLH,MN,AGL,CE,Towers with Radar,13,14,15,5,47,0,0,105,5,110,13,14,120,10,157,132,42,174,331
07/06/2001,DLH,MN,AGL,CE,Towers with Radar,15,12,45,1,73,0,2,56,2,60,15,14,101,3,133,38,36,74,207
07/07/2001,DLH,MN,AGL,CE,Towers with Radar,15,8,9,4,36,0,3,55,2,60,15,11,64,6,96,60,0,60,156
07/08/2001,DLH,MN,AGL,CE,Towers with Radar,14,8,8,0,30,0,2,90,0,92,14,10,98,0,122,78,0,78,200
07/09/2001,DLH,MN,AGL,CE,Towers with Radar,15,11,21,1,48,0,2,69,0,71,15,13,90,1,119,58,0,58,177
07/10/2001,DLH,MN,AGL,CE,Towers with Radar,15,11,34,8,68,0,0,76,9,85,15,11,110,17,153,98,18,116,269
07/11/2001,DLH,MN,AGL,CE,Towers with Radar,17,11,34,0,62,0,0,110,0,110,17,11,144,0,172,122,0,122,294
07/12/2001,DLH,MN,AGL,CE,Towers with Radar,14,12,40,21,87,0,1,95,11,107,14,13,135,32,194,140,54,194,388
07/13/2001,DLH,MN,AGL,CE,Towers with Radar,16,14,25,23,78,0,0,86,12,98,16,14,111,35,176,126,94,220,396
07/14/2001,DLH,MN,AGL,CE,Towers with Radar,16,11,15,18,60,0,0,73,2,75,16,11,88,20,135,108,44,152,287
07/15/2001,DLH,MN,AGL,CE,Towers with Radar,11,6,19,5,41,3,0,30,0,33,14,6,49,5,74,26,4,30,104
07/16/2001,DLH,MN,AGL,CE,Towers with Radar,14,1,26,1,42,1,20,47,1,69,15,21,73,2,111,54,2,56,167
07/17/2001,DLH,MN,AGL,CE,Towers with Radar,19,19,29,14,81,0,0,136,0,136,19,19,165,14,217,144,46,190,407
07/18/2001,DLH,MN,AGL,CE,Towers with Radar,19,14,34,16,83,0,0,58,13,71,19,14,92,29,154,168,30,198,352
07/19/2001,DLH,MN,AGL,CE,Towers with Radar,18,22,38,18,96,0,1,93,11,105,18,23,131,29,201,118,30,148,349
07/20/2001,DLH,MN,AGL,CE,Towers with Radar,15,13,45,2,75,0,0,29,0,29,15,13,74,2,104,6,0,6,110
07/21/2001,DLH,MN,AGL,CE,Towers with Radar,15,8,18,0,41,2,0,53,4,59,17,8,71,4,100,36,0,36,136
07/22/2001,DLH,MN,AGL,CE,Towers with Radar,23,7,19,0,49,0,0,31,0,31,23,7,50,0,80,24,0,24,104
07/23/2001,DLH,MN,AGL,CE,Towers with Radar,19,14,38,8,79,0,0,98,19,117,19,14,136,27,196,148,112,260,456
07/24/2001,DLH,MN,AGL,CE,Towers with Radar,18,14,26,26,84,0,0,84,28,112,18,14,110,54,196,124,114,238,434
07/25/2001,DLH,MN,AGL,CE,Towers with Radar,19,21,46,22,108,0,0,90,15,105,19,21,136,37,213,106,56,162,375
07/26/2001,DLH,MN,AGL,CE,Towers with Radar,15,12,23,29,79,0,1,59,16,76,15,13,82,45,155,42,36,78,233
07/27/2001,DLH,MN,AGL,CE,Towers with Radar,16,13,35,13,77,0,1,43,7,51,16,14,78,20,128,0,22,22,150
07/28/2001,DLH,MN,AGL,CE,Towers with Radar,18,14,31,0,63,0,0,4,0,4,18,14,35,0,67,0,0,0,67
07/29/2001,DLH,MN,AGL,CE,Towers with Radar,11,12,28,2,53,0,0,4,0,4,11,12,32,2,57,0,0,0,57
07/30/2001,DLH,MN,AGL,CE,Towers with Radar,14,12,37,1,64,0,0,63,0,63,14,12,100,1,127,136,0,136,263
07/31/2001,DLH,MN,AGL,CE,Towers with Radar,17,10,38,3,68,0,0,36,6,42,17,10,74,9,110,100,0,100,210
08/01/2001,DLH,MN,AGL,CE,Towers with Radar,18,10,46,0,74,0,5,19,0,24,18,15,65,0,98,18,0,18,116
08/02/2001,DLH,MN,AGL,CE,Towers with Radar,17,15,43,17,92,0,0,78,17,95,17,15,121,34,187,76,10,86,273
08/03/2001,DLH,MN,AGL,CE,Towers with Radar,17,15,35,13,80,0,3,93,6,102,17,18,128,19,182,74,18,92,274
08/04/2001,DLH,MN,AGL,CE,Towers with Radar,14,8,22,0,44,0,0,44,0,44,14,8,66,0,88,0,36,36,124
08/05/2001,DLH,MN,AGL,CE,Towers with Radar,12,8,28,2,50,0,0,51,0,51,12,8,79,2,101,20,0,20,121
08/06/2001,DLH,MN,AGL,CE,Towers with Radar,17,12,21,3,53,0,6,75,5,86,17,18,96,8,139,126,46,172,311
08/07/2001,DLH,MN,AGL,CE,Towers with Radar,16,16,31,19,82,3,2,46,15,66,19,18,77,34,148,80,22,102,250
08/08/2001,DLH,MN,AGL,CE,Towers with Radar,17,18,27,10,72,0,1,65,12,78,17,19,92,22,150,60,32,92,242
08/09/2001,DLH,MN,AGL,CE,Towers with Radar,17,14,36,19,86,0,0,75,20,95,17,14,111,39,181,64,44,108,289
08/10/2001,DLH,MN,AGL,CE,Towers with Radar,18,17,27,12,74,0,0,91,15,106,18,17,118,27,180,86,34,120,300
08/11/2001,DLH,MN,AGL,CE,Towers with Radar,14,13,27,1,55,0,0,65,0,65,14,13,92,1,120,126,0,126,246
08/12/2001,DLH,MN,AGL,CE,Towers with Radar,12,6,16,4,38,0,0,54,3,57,12,6,70,7,95,90,0,90,185
08/13/2001,DLH,MN,AGL,CE,Towers with Radar,15,11,23,9,58,2,3,61,10,76,17,14,84,19,134,60,28,88,222
08/14/2001,DLH,MN,AGL,CE,Towers with Radar,20,13,29,11,73,0,0,46,9,55,20,13,75,20,128,66,18,84,212
08/15/2001,DLH,MN,AGL,CE,Towers with Radar,15,14,45,7,81,0,2,15,0,17,15,16,60,7,98,26,0,26,124
08/16/2001,DLH,MN,AGL,CE,Towers with Radar,17,20,66,20,123,0,0,37,1,38,17,20,103,21,161,70,8,78,239
08/17/2001,DLH,MN,AGL,CE,Towers with Radar,17,12,17,14,60,0,0,78,10,88,17,12,95,24,148,140,10,150,298
08/18/2001,DLH,MN,AGL,CE,Towers with Radar,17,8,7,3,35,0,1,46,2,49,17,9,53,5,84,64,8,72,156
08/19/2001,DLH,MN,AGL,CE,Towers with Radar,12,6,20,0,38,0,1,53,0,54,12,7,73,0,92,108,0,108,200
08/20/2001,DLH,MN,AGL,CE,Towers with Radar,16,10,26,12,64,2,0,74,2,78,18,10,100,14,142,148,18,166,308
08/21/2001,DLH,MN,AGL,CE,Towers with Radar,18,11,26,10,65,0,3,81,0,84,18,14,107,10,149,54,4,58,207
08/22/2001,DLH,MN,AGL,CE,Towers with Radar,15,13,43,32,103,0,0,51,8,59,15,13,94,40,162,52,46,98,260
08/23/2001,DLH,MN,AGL,CE,Towers with Radar,16,15,14,2,47,0,0,83,29,112,16,15,97,31,159,136,88,224,383
08/24/2001,DLH,MN,AGL,CE,Towers with Radar,16,16,28,10,70,0,2,121,31,154,16,18,149,41,224,116,80,196,420
08/25/2001,DLH,MN,AGL,CE,Towers with Radar,14,6,18,7,45,1,1,91,39,132,15,7,109,46,177,190,376,566,743
08/26/2001,DLH,MN,AGL,CE,Towers with Radar,18,7,22,12,59,0,5,267,15,287,18,12,289,27,346,298,380,678,1024
08/27/2001,DLH,MN,AGL,CE,Towers with Radar,14,11,22,14,61,3,1,87,4,95,17,12,109,18,156,144,30,174,330
08/28/2001,DLH,MN,AGL,CE,Towers with Radar,15,12,34,16,77,0,0,61,0,61,15,12,95,16,138,54,8,62,200
08/29/2001,DLH,MN,AGL,CE,Towers with Radar,20,17,38,24,99,0,0,58,0,58,20,17,96,24,157,40,32,72,229
08/30/2001,DLH,MN,AGL,CE,Towers with Radar,18,12,10,17,57,0,1,55,23,79,18,13,65,40,136,44,10,54,190
08/31/2001,DLH,MN,AGL,CE,Towers with Radar,19,14,15,0,48,0,1,104,4,109,19,15,119,4,157,120,12,132,289
09/01/2001,DLH,MN,AGL,CE,Towers with Radar,15,9,18,1,43,0,0,13,0,13,15,9,31,1,56,2,0,2,58
09/02/2001,DLH,MN,AGL,CE,Towers with Radar,11,10,12,2,35,0,0,26,1,27,11,10,38,3,62,74,0,74,136
09/03/2001,DLH,MN,AGL,CE,Towers with Radar,13,10,10,0,33,0,0,57,0,57,13,10,67,0,90,24,0,24,114
09/04/2001,DLH,MN,AGL,CE,Towers with Radar,21,15,13,15,64,0,0,79,27,106,21,15,92,42,170,58,36,94,264
09/05/2001,DLH,MN,AGL,CE,Towers with Radar,17,17,21,11,66,0,0,84,14,98,17,17,105,25,164,260,30,290,454
09/06/2001,DLH,MN,AGL,CE,Towers with Radar,19,14,36,22,91,0,4,57,4,65,19,18,93,26,156,96,72,168,324
09/07/2001,DLH,MN,AGL,CE,Towers with Radar,14,12,56,2,84,5,4,25,4,38,19,16,81,6,122,36,4,40,162
09/08/2001,DLH,MN,AGL,CE,Towers with Radar,17,10,18,0,45,0,0,21,0,21,17,10,39,0,66,12,0,12,78
09/09/2001,DLH,MN,AGL,CE,Towers with Radar,16,10,14,0,40,0,0,36,2,38,16,10,50,2,78,24,0,24,102
09/10/2001,DLH,MN,AGL,CE,Towers with Radar,16,14,16,14,60,0,0,58,14,72,16,14,74,28,132,102,62,164,296
09/11/2001,DLH,MN,AGL,CE,Towers with Radar,6,4,5,12,27,1,0,2,5,8,7,4,7,17,35,20,1,21,56
09/12/2001,DLH,MN,AGL,CE,Towers with Radar,0,0,0,24,24,0,0,0,24,24,0,0,0,48,48,0,0,0,48
09/13/2001,DLH,MN,AGL,CE,Towers with Radar,1,9,0,21,31,0,0,0,16,16,1,9,0,37,47,0,6,6,53
09/14/2001,DLH,MN,AGL,CE,Towers with Radar,7,28,2,9,46,1,0,1,9,11,8,28,3,18,57,0,0,0,57
09/15/2001,DLH,MN,AGL,CE,Towers with Radar,12,17,34,28,91,0,0,3,3,6,12,17,37,31,97,0,9,9,106
09/16/2001,DLH,MN,AGL,CE,Towers with Radar,14,8,18,12,52,0,0,1,0,1,14,8,19,12,53,0,0,0,53
09/17/2001,DLH,MN,AGL,CE,Towers with Radar,18,19,46,23,106,0,0,0,4,4,18,19,46,27,110,0,0,0,110
09/18/2001,DLH,MN,AGL,CE,Towers with Radar,15,20,41,2,78,0,0,0,0,0,15,20,41,2,78,0,0,0,78
09/19/2001,DLH,MN,AGL,CE,Towers with Radar,13,14,46,7,80,1,0,12,2,15,14,14,58,9,95,0,8,8,103
09/20/2001,DLH,MN,AGL,CE,Towers with Radar,16,20,43,23,102,3,0,67,6,76,19,20,110,29,178,22,44,66,244
09/21/2001,DLH,MN,AGL,CE,Towers with Radar,16,14,49,6,85,0,2,53,1,56,16,16,102,7,141,30,2,32,173
09/22/2001,DLH,MN,AGL,CE,Towers with Radar,12,9,30,2,53,0,0,38,3,41,12,9,68,5,94,64,6,70,164
09/23/2001,DLH,MN,AGL,CE,Towers with Radar,11,14,24,6,55,0,0,12,0,12,11,14,36,6,67,80,14,94,161
09/24/2001,DLH,MN,AGL,CE,Towers with Radar,11,16,42,21,90,0,2,64,0,66,11,18,106,21,156,164,82,246,402
09/25/2001,DLH,MN,AGL,CE,Towers with Radar,14,14,49,20,97,0,4,65,41,110,14,18,114,61,207,24,28,52,259
09/26/2001,DLH,MN,AGL,CE,Towers with Radar,15,25,47,14,101,0,6,73,21,100,15,31,120,35,201,40,20,60,261
09/27/2001,DLH,MN,AGL,CE,Towers with Radar,10,19,46,18,93,5,0,53,14,72,15,19,99,32,165,32,18,50,215
09/28/2001,DLH,MN,AGL,CE,Towers with Radar,11,12,41,15,79,0,5,43,0,48,11,17,84,15,127,36,6,42,169
09/29/2001,DLH,MN,AGL,CE,Towers with Radar,14,12,15,1,42,0,0,64,1,65,14,12,79,2,107,18,0,18,125
09/30/2001,DLH,MN,AGL,CE,Towers with Radar,10,14,20,1,45,0,0,39,0,39,10,14,59,1,84,14,0,14,98
10/01/2001,DLH,MN,AGL,CE,Towers with Radar,14,20,21,19,74,0,0,57,22,79,14,20,78,41,153,94,42,136,289
10/02/2001,DLH,MN,AGL,CE,Towers with Radar,9,29,18,16,72,6,0,41,14,61,15,29,59,30,133,50,24,74,207
10/03/2001,DLH,MN,AGL,CE,Towers with Radar,13,18,36,15,82,3,14,34,3,54,16,32,70,18,136,58,0,58,194
10/04/2001,DLH,MN,AGL,CE,Towers with Radar,14,20,34,37,105,0,0,48,13,61,14,20,82,50,166,46,54,100,266
10/05/2001,DLH,MN,AGL,CE,Towers with Radar,12,20,30,12,74,0,0,39,0,39,12,20,69,12,113,46,32,78,191
10/06/2001,DLH,MN,AGL,CE,Towers with Radar,12,10,16,0,38,0,2,58,1,61,12,12,74,1,99,82,0,82,181
10/07/2001,DLH,MN,AGL,CE,Towers with Radar,9,11,20,2,42,0,0,59,0,59,9,11,79,2,101,76,0,76,177
10/08/2001,DLH,MN,AGL,CE,Towers with Radar,15,15,30,0,60,4,4,45,0,53,19,19,75,0,113,12,0,12,125
10/09/2001,DLH,MN,AGL,CE,Towers with Radar,15,17,30,15,77,0,0,68,9,77,15,17,98,24,154,72,4,76,230
10/10/2001,DLH,MN,AGL,CE,Towers with Radar,13,14,31,4,62,0,0,0,0,0,13,14,31,4,62,2,2,4,66
10/11/2001,DLH,MN,AGL,CE,Towers with Radar,14,18,42,14,88,0,0,94,0,94,14,18,136,14,182,104,28,132,314
10/12/2001,DLH,MN,AGL,CE,Towers with Radar,15,22,26,15,78,0,0,62,2,64,15,22,88,17,142,78,38,116,258
10/13/2001,DLH,MN,AGL,CE,Towers with Radar,10,12,37,2,61,0,0,24,1,25,10,12,61,3,86,16,0,16,102
10/14/2001,DLH,MN,AGL,CE,Towers with Radar,11,11,28,1,51,0,0,25,0,25,11,11,53,1,76,40,0,40,116
10/15/2001,DLH,MN,AGL,CE,Towers with Radar,11,18,36,16,81,0,3,26,2,31,11,21,62,18,112,28,28,56,168
10/16/2001,DLH,MN,AGL,CE,Towers with Radar,14,16,50,8,88,2,0,38,10,50,16,16,88,18,138,54,4,58,196
10/17/2001,DLH,MN,AGL,CE,Towers with Radar,14,19,45,12,90,0,0,72,9,81,14,19,117,21,171,42,22,64,235
10/18/2001,DLH,MN,AGL,CE,Towers with Radar,13,30,56,18,117,0,0,104,18,122,13,30,160,36,239,86,46,132,371
10/19/2001,DLH,MN,AGL,CE,Towers with Radar,15,23,34,7,79,0,0,64,1,65,15,23,98,8,144,76,46,122,266
10/20/2001,DLH,MN,AGL,CE,Towers with Radar,12,10,15,2,39,0,3,59,4,66,12,13,74,6,105,34,0,34,139
10/21/2001,DLH,MN,AGL,CE,Towers with Radar,9,13,14,2,38,2,0,35,0,37,11,13,49,2,75,60,0,60,135
10/22/2001,DLH,MN,AGL,CE,Towers with Radar,11,14,19,9,53,3,0,38,3,44,14,14,57,12,97,32,12,44,141
10/23/2001,DLH,MN,AGL,CE,Towers with Radar,19,21,32,20,92,0,0,64,0,64,19,21,96,20,156,106,76,182,338
10/24/2001,DLH,MN,AGL,CE,Towers with Radar,17,17,28,13,75,0,1,13,5,19,17,18,41,18,94,40,24,64,158
10/25/2001,DLH,MN,AGL,CE,Towers with Radar,13,18,18,3,52,0,0,0,0,0,13,18,18,3,52,0,0,0,52
10/26/2001,DLH,MN,AGL,CE,Towers with Radar,12,16,17,14,59,0,0,13,6,19,12,16,30,20,78,2,2,4,82
10/27/2001,DLH,MN,AGL,CE,Towers with Radar,11,13,17,1,42,0,0,59,11,70,11,13,76,12,112,24,12,36,148
10/28/2001,DLH,MN,AGL,CE,Towers with Radar,9,12,9,2,32,2,0,27,4,33,11,12,36,6,65,4,4,8,73
10/29/2001,DLH,MN,AGL,CE,Towers with Radar,16,20,50,32,118,0,0,60,14,74,16,20,110,46,192,80,72,152,344
10/30/2001,DLH,MN,AGL,CE,Towers with Radar,10,18,37,9,74,0,0,47,7,54,10,18,84,16,128,26,0,26,154
10/31/2001,DLH,MN,AGL,CE,Towers with Radar,10,19,38,3,70,0,0,33,0,33,10,19,71,3,103,34,4,38,141
11/01/2001,DLH,MN,AGL,CE,Towers with Radar,19,24,25,19,87,5,0,47,12,64,24,24,72,31,151,44,62,106,257
11/02/2001,DLH,MN,AGL,CE,Towers with Radar,18,18,19,12,67,0,4,47,3,54,18,22,66,15,121,80,0,80,201
11/03/2001,DLH,MN,AGL,CE,Towers with Radar,6,10,15,14,45,0,0,45,2,47,6,10,60,16,92,52,6,58,150
11/04/2001,DLH,MN,AGL,CE,Towers with Radar,8,12,28,8,56,0,0,38,0,38,8,12,66,8,94,14,0,14,108
11/05/2001,DLH,MN,AGL,CE,Towers with Radar,11,19,18,12,60,0,0,57,0,57,11,19,75,12,117,28,10,38,155
11/06/2001,DLH,MN,AGL,CE,Towers with Radar,13,32,40,19,104,6,9,71,7,93,19,41,111,26,197,98,20,118,315
11/07/2001,DLH,MN,AGL,CE,Towers with Radar,11,30,47,11,99,0,0,21,6,27,11,30,68,17,126,8,0,8,134
11/08/2001,DLH,MN,AGL,CE,Towers with Radar,13,23,29,8,73,3,0,53,7,63,16,23,82,15,136,60,0,60,196
11/09/2001,DLH,MN,AGL,CE,Towers with Radar,12,18,37,20,87,0,0,80,11,91,12,18,117,31,178,40,26,66,244
11/10/2001,DLH,MN,AGL,CE,Towers with Radar,7,9,17,7,40,0,0,36,0,36,7,9,53,7,76,20,0,20,96
11/11/2001,DLH,MN,AGL,CE,Towers with Radar,11,14,30,9,64,0,0,55,0,55,11,14,85,9,119,106,40,146,265
11/12/2001,DLH,MN,AGL,CE,Towers with Radar,11,18,14,8,51,0,0,39,1,40,11,18,53,9,91,22,0,22,113
11/13/2001,DLH,MN,AGL,CE,Towers with Radar,0,0,0,0,0,0,0,0,0,0,0,0,0,0,0,0,0,0,0
11/14/2001,DLH,MN,AGL,CE,Towers with Radar,8,8,16,2,34,0,0,0,0,0,8,8,16,2,34,0,0,0,34
11/15/2001,DLH,MN,AGL,CE,Towers with Radar,12,16,41,21,90,0,2,61,16,79,12,18,102,37,169,48,60,108,277
11/16/2001,DLH,MN,AGL,CE,Towers with Radar,8,16,29,22,75,0,0,91,4,95,8,16,120,26,170,82,20,102,272
11/17/2001,DLH,MN,AGL,CE,Towers with Radar,8,13,27,19,67,0,0,26,0,26,8,13,53,19,93,34,24,58,151
11/18/2001,DLH,MN,AGL,CE,Towers with Radar,8,14,8,16,46,0,0,26,2,28,8,14,34,18,74,40,30,70,144
11/19/2001,DLH,MN,AGL,CE,Towers with Radar,11,19,23,16,69,0,5,40,4,49,11,24,63,20,118,4,36,40,158
11/20/2001,DLH,MN,AGL,CE,Towers with Radar,13,22,28,4,67,0,2,60,0,62,13,24,88,4,129,88,0,88,217
11/21/2001,DLH,MN,AGL,CE,Towers with Radar,11,22,32,22,87,0,0,75,2,77,11,22,107,24,164,20,62,82,246
11/22/2001,DLH,MN,AGL,CE,Towers with Radar,10,11,4,2,27,2,0,4,1,7,12,11,8,3,34,0,0,0,34
11/23/2001,DLH,MN,AGL,CE,Towers with Radar,10,17,4,0,31,0,0,0,0,0,10,17,4,0,31,0,0,0,31
11/24/2001,DLH,MN,AGL,CE,Towers with Radar,7,12,5,0,24,0,0,0,0,0,7,12,5,0,24,0,0,0,24
11/25/2001,DLH,MN,AGL,CE,Towers with Radar,7,9,6,4,26,4,1,13,2,20,11,10,19,6,46,28,0,28,74
11/26/2001,DLH,MN,AGL,CE,Towers with Radar,6,9,4,0,19,0,0,0,0,0,6,9,4,0,19,0,0,0,19
11/27/2001,DLH,MN,AGL,CE,Towers with Radar,10,16,3,0,29,0,0,0,0,0,10,16,3,0,29,0,0,0,29
11/28/2001,DLH,MN,AGL,CE,Towers with Radar,13,18,13,0,44,0,2,9,0,11,13,20,22,0,55,8,0,8,63
11/29/2001,DLH,MN,AGL,CE,Towers with Radar,13,21,28,13,75,0,0,17,5,22,13,21,45,18,97,22,18,40,137
11/30/2001,DLH,MN,AGL,CE,Towers with Radar,12,20,7,0,39,0,0,4,0,4,12,20,11,0,43,0,0,0,43
12/01/2001,DLH,MN,AGL,CE,Towers with Radar,7,8,23,2,40,4,3,38,0,45,11,11,61,2,85,34,12,46,131
12/02/2001,DLH,MN,AGL,CE,Towers with Radar,10,12,10,0,32,0,0,41,0,41,10,12,51,0,73,24,0,24,97
12/03/2001,DLH,MN,AGL,CE,Towers with Radar,12,23,32,24,91,0,0,54,32,86,12,23,86,56,177,26,50,76,253
12/04/2001,DLH,MN,AGL,CE,Towers with Radar,10,16,21,9,56,0,0,33,10,43,10,16,54,19,99,6,22,28,127
12/05/2001,DLH,MN,AGL,CE,Towers with Radar,12,12,16,8,48,0,2,0,0,2,12,14,16,8,50,10,20,30,80
12/06/2001,DLH,MN,AGL,CE,Towers with Radar,16,24,55,16,111,6,2,75,6,89,22,26,130,22,200,110,64,174,374
12/07/2001,DLH,MN,AGL,CE,Towers with Radar,15,20,45,8,88,0,2,84,2,88,15,22,129,10,176,102,4,106,282
12/08/2001,DLH,MN,AGL,CE,Towers with Radar,2,24,21,8,55,5,0,41,3,49,7,24,62,11,104,28,10,38,142
12/09/2001,DLH,MN,AGL,CE,Towers with Radar,8,12,12,6,38,0,0,70,3,73,8,12,82,9,111,50,34,84,195
12/10/2001,DLH,MN,AGL,CE,Towers with Radar,10,19,28,9,66,2,3,46,4,55,12,22,74,13,121,54,20,74,195
12/11/2001,DLH,MN,AGL,CE,Towers with Radar,14,22,30,14,80,0,0,60,0,60,14,22,90,14,140,60,24,84,224
12/12/2001,DLH,MN,AGL,CE,Towers with Radar,15,16,33,34,98,0,3,50,16,69,15,19,83,50,167,68,90,158,325
12/13/2001,DLH,MN,AGL,CE,Towers with Radar,11,19,38,19,87,3,3,32,0,38,14,22,70,19,125,66,6,72,197
12/14/2001,DLH,MN,AGL,CE,Towers with Radar,13,23,41,8,85,0,2,62,2,66,13,25,103,10,151,70,20,90,241
12/15/2001,DLH,MN,AGL,CE,Towers with Radar,8,9,3,0,20,1,2,2,0,5,9,11,5,0,25,0,0,0,25
12/16/2001,DLH,MN,AGL,CE,Towers with Radar,8,11,3,0,22,0,0,3,0,3,8,11,6,0,25,0,0,0,25
12/17/2001,DLH,MN,AGL,CE,Towers with Radar,14,24,32,18,88,0,0,72,10,82,14,24,104,28,170,100,40,140,310
12/18/2001,DLH,MN,AGL,CE,Towers with Radar,16,18,42,16,92,0,2,49,16,67,16,20,91,32,159,62,50,112,271
12/19/2001,DLH,MN,AGL,CE,Towers with Radar,17,20,52,8,97,0,0,82,2,84,17,20,134,10,181,80,24,104,285
12/20/2001,DLH,MN,AGL,CE,Towers with Radar,13,17,56,17,103,0,5,95,2,102,13,22,151,19,205,92,50,142,347
12/21/2001,DLH,MN,AGL,CE,Towers with Radar,14,20,18,17,69,0,1,60,6,67,14,21,78,23,136,54,24,78,214
12/22/2001,DLH,MN,AGL,CE,Towers with Radar,10,10,15,0,35,0,0,1,7,8,10,10,16,7,43,3,0,3,46
12/23/2001,DLH,MN,AGL,CE,Towers with Radar,10,11,9,0,30,0,2,2,0,4,10,13,11,0,34,0,0,0,34
12/24/2001,DLH,MN,AGL,CE,Towers with Radar,10,12,9,0,31,0,1,9,0,10,10,13,18,0,41,12,0,12,53
12/25/2001,DLH,MN,AGL,CE,Towers with Radar,13,14,0,0,27,0,0,19,0,19,13,14,19,0,46,0,0,0,46
12/26/2001,DLH,MN,AGL,CE,Towers with Radar,16,18,6,8,48,0,2,32,0,34,16,20,38,8,82,48,12,60,142
12/27/2001,DLH,MN,AGL,CE,Towers with Radar,13,13,19,24,69,0,0,29,6,35,13,13,48,30,104,32,30,62,166
12/28/2001,DLH,MN,AGL,CE,Towers with Radar,16,20,22,12,70,0,0,34,1,35,16,20,56,13,105,0,14,14,119
12/29/2001,DLH,MN,AGL,CE,Towers with Radar,12,12,18,0,42,0,0,36,0,36,12,12,54,0,78,80,0,80,158
12/30/2001,DLH,MN,AGL,CE,Towers with Radar,12,10,16,0,38,0,0,32,0,32,12,10,48,0,70,44,0,44,114
12/31/2001,DLH,MN,AGL,CE,Towers with Radar,13,12,9,2,36,0,0,23,2,25,13,12,32,4,61,6,0,6,67
01/01/2002,DLH,MN,AGL,CE,Towers with Radar,9,12,4,0,25,1,3,35,0,39,10,15,39,0,64,18,0,18,82
01/02/2002,DLH,MN,AGL,CE,Towers with Radar,17,20,22,25,84,0,2,58,2,62,17,22,80,27,146,54,50,104,250
01/03/2002,DLH,MN,AGL,CE,Towers with Radar,16,18,38,12,84,0,4,66,6,76,16,22,104,18,160,68,16,84,244
01/04/2002,DLH,MN,AGL,CE,Towers with Radar,14,18,30,12,74,0,0,73,9,82,14,18,103,21,156,60,12,72,228
01/05/2002,DLH,MN,AGL,CE,Towers with Radar,11,8,41,6,66,1,0,33,1,35,12,8,74,7,101,74,2,76,177
01/06/2002,DLH,MN,AGL,CE,Towers with Radar,11,13,14,1,39,1,0,20,0,21,12,13,34,1,60,24,0,24,84
01/07/2002,DLH,MN,AGL,CE,Towers with Radar,12,20,24,14,70,1,0,57,4,62,13,20,81,18,132,74,56,130,262
01/08/2002,DLH,MN,AGL,CE,Towers with Radar,13,17,28,11,69,1,0,65,7,73,14,17,93,18,142,76,24,100,242
01/09/2002,DLH,MN,AGL,CE,Towers with Radar,10,14,47,21,92,1,2,50,6,59,11,16,97,27,151,24,46,70,221
01/10/2002,DLH,MN,AGL,CE,Towers with Radar,15,17,51,25,108,0,0,16,11,27,15,17,67,36,135,8,8,16,151
01/11/2002,DLH,MN,AGL,CE,Towers with Radar,17,19,51,25,112,0,1,65,19,85,17,20,116,44,197,92,60,152,349
01/12/2002,DLH,MN,AGL,CE,Towers with Radar,13,10,18,25,66,0,1,77,5,83,13,11,95,30,149,140,80,220,369
01/13/2002,DLH,MN,AGL,CE,Towers with Radar,11,9,18,20,58,0,4,33,4,41,11,13,51,24,99,38,16,54,153
01/14/2002,DLH,MN,AGL,CE,Towers with Radar,15,16,14,8,53,0,1,18,0,19,15,17,32,8,72,0,0,0,72
01/15/2002,DLH,MN,AGL,CE,Towers with Radar,14,18,20,25,77,0,2,73,10,85,14,20,93,35,162,66,14,80,242
01/16/2002,DLH,MN,AGL,CE,Towers with Radar,13,13,65,13,104,0,15,11,0,26,13,28,76,13,130,12,0,12,142
01/17/2002,DLH,MN,AGL,CE,Towers with Radar,18,16,29,40,103,0,1,55,0,56,18,17,84,40,159,76,66,142,301
01/18/2002,DLH,MN,AGL,CE,Towers with Radar,14,17,41,33,105,0,1,52,0,53,14,18,93,33,158,106,50,156,314
01/19/2002,DLH,MN,AGL,CE,Towers with Radar,13,16,23,0,52,0,1,46,0,47,13,17,69,0,99,34,0,34,133
01/20/2002,DLH,MN,AGL,CE,Towers with Radar,10,6,15,8,39,0,6,16,1,23,10,12,31,9,62,8,0,8,70
01/21/2002,DLH,MN,AGL,CE,Towers with Radar,12,12,26,5,55,0,1,45,0,46,12,13,71,5,101,32,0,32,133
01/22/2002,DLH,MN,AGL,CE,Towers with Radar,10,19,35,7,71,0,2,65,4,71,10,21,100,11,142,48,24,72,214
01/23/2002,DLH,MN,AGL,CE,Towers with Radar,17,20,42,26,105,0,0,40,0,40,17,20,82,26,145,126,86,212,357
01/24/2002,DLH,MN,AGL,CE,Towers with Radar,18,14,47,17,96,0,1,58,9,68,18,15,105,26,164,86,50,136,300
01/25/2002,DLH,MN,AGL,CE,Towers with Radar,12,19,31,20,82,3,4,83,5,95,15,23,114,25,177,108,62,170,347
01/26/2002,DLH,MN,AGL,CE,Towers with Radar,8,10,18,0,36,0,0,0,0,0,8,10,18,0,36,0,0,0,36
01/27/2002,DLH,MN,AGL,CE,Towers with Radar,2,2,7,0,11,0,0,0,0,0,2,2,7,0,11,0,0,0,11
01/28/2002,DLH,MN,AGL,CE,Towers with Radar,21,17,30,15,83,0,4,18,1,23,21,21,48,16,106,2,8,10,116
01/29/2002,DLH,MN,AGL,CE,Towers with Radar,16,18,37,20,91,0,0,0,6,6,16,18,37,26,97,10,2,12,109
01/30/2002,DLH,MN,AGL,CE,Towers with Radar,14,16,31,22,83,0,1,53,11,65,14,17,84,33,148,104,34,138,286
01/31/2002,DLH,MN,AGL,CE,Towers with Radar,21,14,52,16,103,0,4,62,6,72,21,18,114,22,175,54,28,82,257
02/01/2002,DLH,MN,AGL,CE,Towers with Radar,19,17,56,17,109,0,4,65,2,71,19,21,121,19,180,98,30,128,308
02/02/2002,DLH,MN,AGL,CE,Towers with Radar,10,15,37,10,72,0,0,35,3,38,10,15,72,13,110,34,0,34,144
02/03/2002,DLH,MN,AGL,CE,Towers with Radar,9,8,5,2,24,0,0,27,0,27,9,8,32,2,51,40,0,40,91
02/04/2002,DLH,MN,AGL,CE,Towers with Radar,12,13,21,20,66,0,0,49,0,49,12,13,70,20,115,54,58,112,227
02/05/2002,DLH,MN,AGL,CE,Towers with Radar,15,20,37,18,90,0,0,73,9,82,15,20,110,27,172,92,32,124,296
02/06/2002,DLH,MN,AGL,CE,Towers with Radar,13,16,32,1,62,0,6,62,1,69,13,22,94,2,131,124,6,130,261
02/07/2002,DLH,MN,AGL,CE,Towers with Radar,18,23,43,10,94,0,0,89,0,89,18,23,132,10,183,80,12,92,275
02/08/2002,DLH,MN,AGL,CE,Towers with Radar,14,18,47,5,84,0,2,30,1,33,14,20,77,6,117,54,8,62,179
02/09/2002,DLH,MN,AGL,CE,Towers with Radar,11,12,15,0,38,0,0,0,0,0,11,12,15,0,38,0,0,0,38
02/10/2002,DLH,MN,AGL,CE,Towers with Radar,10,8,6,0,24,0,0,24,0,24,10,8,30,0,48,2,0,2,50
02/11/2002,DLH,MN,AGL,CE,Towers with Radar,11,16,24,0,51,0,5,57,2,64,11,21,81,2,115,38,0,38,153
02/12/2002,DLH,MN,AGL,CE,Towers with Radar,15,16,26,15,72,0,1,51,7,59,15,17,77,22,131,60,20,80,211
02/13/2002,DLH,MN,AGL,CE,Towers with Radar,15,20,51,13,99,1,0,73,7,81,16,20,124,20,180,72,32,104,284
02/14/2002,DLH,MN,AGL,CE,Towers with Radar,14,20,36,10,80,0,0,69,4,73,14,20,105,14,153,44,12,56,209
02/15/2002,DLH,MN,AGL,CE,Towers with Radar,15,15,45,11,86,1,0,52,4,57,16,15,97,15,143,12,10,22,165
02/16/2002,DLH,MN,AGL,CE,Towers with Radar,12,12,13,2,39,0,0,33,0,33,12,12,46,2,72,48,0,48,120
02/17/2002,DLH,MN,AGL,CE,Towers with Radar,10,12,24,1,47,0,0,36,0,36,10,12,60,1,83,38,4,42,125
02/18/2002,DLH,MN,AGL,CE,Towers with Radar,12,16,30,6,64,0,10,60,4,74,12,26,90,10,138,62,6,68,206
02/19/2002,DLH,MN,AGL,CE,Towers with Radar,15,14,11,0,40,0,0,0,0,0,15,14,11,0,40,0,0,0,40
02/20/2002,DLH,MN,AGL,CE,Towers with Radar,15,15,30,0,60,0,0,0,0,0,15,15,30,0,60,0,0,0,60
02/21/2002,DLH,MN,AGL,CE,Towers with Radar,14,15,46,29,104,0,0,71,26,97,14,15,117,55,201,32,36,68,269
02/22/2002,DLH,MN,AGL,CE,Towers with Radar,16,20,18,20,74,0,0,51,0,51,16,20,69,20,125,104,10,114,239
02/23/2002,DLH,MN,AGL,CE,Towers with Radar,9,12,15,16,52,0,0,17,0,17,9,12,32,16,69,40,32,72,141
02/24/2002,DLH,MN,AGL,CE,Towers with Radar,10,13,5,2,30,0,0,0,0,0,10,13,5,2,30,6,0,6,36
02/25/2002,DLH,MN,AGL,CE,Towers with Radar,14,16,20,14,64,0,1,21,0,22,14,17,41,14,86,28,0,28,114
02/26/2002,DLH,MN,AGL,CE,Towers with Radar,17,17,24,1,59,0,2,37,0,39,17,19,61,1,98,22,0,22,120
02/27/2002,DLH,MN,AGL,CE,Towers with Radar,18,20,37,11,86,0,4,47,3,54,18,24,84,14,140,40,16,56,196
02/28/2002,DLH,MN,AGL,CE,Towers with Radar,14,17,30,14,75,0,6,39,0,45,14,23,69,14,120,22,8,30,150
03/01/2002,DLH,MN,AGL,CE,Towers with Radar,16,20,38,17,91,0,0,65,0,65,16,20,103,17,156,132,32,164,320
03/02/2002,DLH,MN,AGL,CE,Towers with Radar,14,12,12,2,40,0,0,68,2,70,14,12,80,4,110,30,0,30,140
03/03/2002,DLH,MN,AGL,CE,Towers with Radar,11,10,12,0,33,0,0,40,0,40,11,10,52,0,73,30,0,30,103
03/04/2002,DLH,MN,AGL,CE,Towers with Radar,12,15,27,7,61,0,2,26,0,28,12,17,53,7,89,0,6,6,95
03/05/2002,DLH,MN,AGL,CE,Towers with Radar,17,18,33,2,70,0,0,49,0,49,17,18,82,2,119,90,0,90,209
03/06/2002,DLH,MN,AGL,CE,Towers with Radar,14,22,21,2,59,1,0,62,0,63,15,22,83,2,122,32,0,32,154
03/07/2002,DLH,MN,AGL,CE,Towers with Radar,18,16,41,2,77,0,0,61,0,61,18,16,102,2,138,14,0,14,152
03/08/2002,DLH,MN,AGL,CE,Towers with Radar,12,15,9,2,38,0,0,0,0,0,12,15,9,2,38,0,0,0,38
03/09/2002,DLH,MN,AGL,CE,Towers with Radar,8,11,2,1,22,0,0,0,0,0,8,11,2,1,22,0,0,0,22
03/10/2002,DLH,MN,AGL,CE,Towers with Radar,9,14,13,1,37,0,0,50,1,51,9,14,63,2,88,70,0,70,158
03/11/2002,DLH,MN,AGL,CE,Towers with Radar,15,18,34,6,73,3,1,61,1,66,18,19,95,7,139,60,40,100,239
03/12/2002,DLH,MN,AGL,CE,Towers with Radar,16,19,23,11,69,0,0,29,6,35,16,19,52,17,104,60,16,76,180
03/13/2002,DLH,MN,AGL,CE,Towers with Radar,18,25,50,16,109,0,0,40,0,40,18,25,90,16,149,108,32,140,289
03/14/2002,DLH,MN,AGL,CE,Towers with Radar,17,21,16,10,64,0,0,20,4,24,17,21,36,14,88,36,16,52,140
03/15/2002,DLH,MN,AGL,CE,Towers with Radar,14,18,29,12,73,0,2,103,9,114,14,20,132,21,187,102,34,136,323
03/16/2002,DLH,MN,AGL,CE,Towers with Radar,11,15,11,16,53,0,0,62,13,75,11,15,73,29,128,68,66,134,262
03/17/2002,DLH,MN,AGL,CE,Towers with Radar,10,12,24,2,48,0,3,23,4,30,10,15,47,6,78,10,8,18,96
03/18/2002,DLH,MN,AGL,CE,Towers with Radar,13,16,31,17,77,0,0,42,1,43,13,16,73,18,120,46,16,62,182
03/19/2002,DLH,MN,AGL,CE,Towers with Radar,14,19,28,11,72,0,0,44,0,44,14,19,72,11,116,72,12,84,200
03/20/2002,DLH,MN,AGL,CE,Towers with Radar,14,18,45,10,87,0,0,32,0,32,14,18,77,10,119,70,12,82,201
03/21/2002,DLH,MN,AGL,CE,Towers with Radar,14,19,45,20,98,0,3,56,11,70,14,22,101,31,168,74,46,120,288
03/22/2002,DLH,MN,AGL,CE,Towers with Radar,18,18,30,24,90,0,4,69,2,75,18,22,99,26,165,56,20,76,241
03/23/2002,DLH,MN,AGL,CE,Towers with Radar,8,16,30,0,54,3,0,73,0,76,11,16,103,0,130,62,0,62,192
03/24/2002,DLH,MN,AGL,CE,Towers with Radar,11,16,6,3,36,0,0,37,0,37,11,16,43,3,73,36,3,39,112
03/25/2002,DLH,MN,AGL,CE,Towers with Radar,13,17,24,5,59,0,0,46,2,48,13,17,70,7,107,90,50,140,247
03/26/2002,DLH,MN,AGL,CE,Towers with Radar,14,14,48,12,88,0,1,68,4,73,14,15,116,16,161,66,0,66,227
03/27/2002,DLH,MN,AGL,CE,Towers with Radar,14,16,43,9,82,0,2,67,7,76,14,18,110,16,158,58,54,112,270
03/28/2002,DLH,MN,AGL,CE,Towers with Radar,16,16,32,6,70,0,2,49,2,53,16,18,81,8,123,38,34,72,195
03/29/2002,DLH,MN,AGL,CE,Towers with Radar,14,16,37,14,81,0,0,79,2,81,14,16,116,16,162,36,24,60,222
03/30/2002,DLH,MN,AGL,CE,Towers with Radar,10,11,14,0,35,1,1,20,0,22,11,12,34,0,57,66,0,66,123
03/31/2002,DLH,MN,AGL,CE,Towers with Radar,13,11,9,0,33,0,2,9,0,11,13,13,18,0,44,6,0,6,50
04/01/2002,DLH,MN,AGL,CE,Towers with Radar,28,13,16,7,64,0,2,63,0,65,28,15,79,7,129,114,0,114,243
04/02/2002,DLH,MN,AGL,CE,Towers with Radar,15,17,35,15,82,0,2,21,13,36,15,19,56,28,118,16,30,46,164
04/03/2002,DLH,MN,AGL,CE,Towers with Radar,17,18,24,16,75,0,0,83,6,89,17,18,107,22,164,68,34,102,266
04/04/2002,DLH,MN,AGL,CE,Towers with Radar,16,24,41,25,106,0,0,41,5,46,16,24,82,30,152,30,16,46,198
04/05/2002,DLH,MN,AGL,CE,Towers with Radar,14,16,45,21,96,0,3,74,14,91,14,19,119,35,187,14,10,24,211
04/06/2002,DLH,MN,AGL,CE,Towers with Radar,11,12,22,0,45,0,0,38,0,38,11,12,60,0,83,106,0,106,189
04/07/2002,DLH,MN,AGL,CE,Towers with Radar,12,13,21,4,50,0,0,26,1,27,12,13,47,5,77,74,42,116,193
04/08/2002,DLH,MN,AGL,CE,Towers with Radar,21,18,35,21,95,1,0,45,6,52,22,18,80,27,147,38,60,98,245
04/09/2002,DLH,MN,AGL,CE,Towers with Radar,17,16,34,17,84,0,5,76,5,86,17,21,110,22,170,130,40,170,340
04/10/2002,DLH,MN,AGL,CE,Towers with Radar,15,10,10,7,42,0,0,6,0,6,15,10,16,7,48,0,0,0,48
04/11/2002,DLH,MN,AGL,CE,Towers with Radar,15,11,31,2,59,2,3,6,0,11,17,14,37,2,70,0,4,4,74
04/12/2002,DLH,MN,AGL,CE,Towers with Radar,18,19,57,4,98,0,0,134,0,134,18,19,191,4,232,90,4,94,326
04/13/2002,DLH,MN,AGL,CE,Towers with Radar,12,13,22,3,50,0,0,85,3,88,12,13,107,6,138,64,4,68,206
04/14/2002,DLH,MN,AGL,CE,Towers with Radar,10,13,14,1,38,0,0,20,1,21,10,13,34,2,59,54,40,94,153
04/15/2002,DLH,MN,AGL,CE,Towers with Radar,18,13,23,7,61,0,4,54,13,71,18,17,77,20,132,70,42,112,244
04/16/2002,DLH,MN,AGL,CE,Towers with Radar,15,17,48,28,108,0,2,48,1,51,15,19,96,29,159,14,54,68,227
04/17/2002,DLH,MN,AGL,CE,Towers with Radar,17,17,37,28,99,0,0,68,9,77,17,17,105,37,176,82,34,116,292
04/18/2002,DLH,MN,AGL,CE,Towers with Radar,15,15,62,15,107,0,0,32,6,38,15,15,94,21,145,36,0,36,181
04/19/2002,DLH,MN,AGL,CE,Towers with Radar,16,16,28,17,77,0,0,102,0,102,16,16,130,17,179,76,32,108,287
04/20/2002,DLH,MN,AGL,CE,Towers with Radar,12,12,31,14,69,0,0,49,0,49,12,12,80,14,118,104,80,184,302
04/21/2002,DLH,MN,AGL,CE,Towers with Radar,8,9,14,1,32,0,0,0,0,0,8,9,14,1,32,6,0,6,38
04/22/2002,DLH,MN,AGL,CE,Towers with Radar,20,20,17,9,66,0,0,71,2,73,20,20,88,11,139,90,20,110,249
04/23/2002,DLH,MN,AGL,CE,Towers with Radar,17,19,36,11,83,0,0,79,7,86,17,19,115,18,169,90,58,148,317
04/24/2002,DLH,MN,AGL,CE,Towers with Radar,17,17,24,5,63,0,3,28,4,35,17,20,52,9,98,10,8,18,116
04/25/2002,DLH,MN,AGL,CE,Towers with Radar,16,19,32,13,80,0,0,52,0,52,16,19,84,13,132,88,52,140,272
04/26/2002,DLH,MN,AGL,CE,Towers with Radar,17,16,35,8,76,0,2,89,12,103,17,18,124,20,179,164,62,226,405
04/27/2002,DLH,MN,AGL,CE,Towers with Radar,10,13,6,3,32,0,0,11,0,11,10,13,17,3,43,8,0,8,51
04/28/2002,DLH,MN,AGL,CE,Towers with Radar,12,12,18,0,42,0,2,37,0,39,12,14,55,0,81,38,0,38,119
04/29/2002,DLH,MN,AGL,CE,Towers with Radar,19,17,24,3,63,0,0,57,1,58,19,17,81,4,121,30,0,30,151
04/30/2002,DLH,MN,AGL,CE,Towers with Radar,16,17,49,12,94,0,0,60,4,64,16,17,109,16,158,100,0,100,258
05/01/2002,DLH,MN,AGL,CE,Towers with Radar,14,14,44,28,100,0,0,56,0,56,14,14,100,28,156,138,30,168,324
05/02/2002,DLH,MN,AGL,CE,Towers with Radar,17,16,32,17,82,0,0,63,3,66,17,16,95,20,148,40,30,70,218
05/03/2002,DLH,MN,AGL,CE,Towers with Radar,19,17,36,16,88,0,0,91,0,91,19,17,127,16,179,76,38,114,293
05/04/2002,DLH,MN,AGL,CE,Towers with Radar,17,11,26,2,56,0,2,32,4,38,17,13,58,6,94,74,0,74,168
05/05/2002,DLH,MN,AGL,CE,Towers with Radar,16,12,19,1,48,0,0,66,0,66,16,12,85,1,114,84,0,84,198
05/06/2002,DLH,MN,AGL,CE,Towers with Radar,18,15,40,13,86,0,0,0,13,13,18,15,40,26,99,64,18,82,181
05/07/2002,DLH,MN,AGL,CE,Towers with Radar,16,22,28,26,92,0,0,84,0,84,16,22,112,26,176,108,60,168,344
05/08/2002,DLH,MN,AGL,CE,Towers with Radar,13,17,5,0,35,0,0,19,0,19,13,17,24,0,54,0,0,0,54
05/09/2002,DLH,MN,AGL,CE,Towers with Radar,16,17,24,20,77,0,0,43,3,46,16,17,67,23,123,46,22,68,191
05/10/2002,DLH,MN,AGL,CE,Towers with Radar,16,15,40,15,86,0,2,166,10,178,16,17,206,25,264,130,44,174,438
05/11/2002,DLH,MN,AGL,CE,Towers with Radar,16,11,34,0,61,0,1,49,0,50,16,12,83,0,111,78,0,78,189
05/12/2002,DLH,MN,AGL,CE,Towers with Radar,10,12,21,0,43,1,2,22,0,25,11,14,43,0,68,20,0,20,88
05/13/2002,DLH,MN,AGL,CE,Towers with Radar,16,20,26,10,72,0,0,44,2,46,16,20,70,12,118,120,0,120,238
05/14/2002,DLH,MN,AGL,CE,Towers with Radar,16,17,45,19,97,0,1,84,6,91,16,18,129,25,188,70,58,128,316
05/15/2002,DLH,MN,AGL,CE,Towers with Radar,18,13,42,18,91,0,1,46,7,54,18,14,88,25,145,40,50,90,235
05/16/2002,DLH,MN,AGL,CE,Towers with Radar,16,14,37,15,82,0,7,93,10,110,16,21,130,25,192,66,32,98,290
05/17/2002,DLH,MN,AGL,CE,Towers with Radar,16,15,34,11,76,0,0,102,3,105,16,15,136,14,181,84,40,124,305
05/18/2002,DLH,MN,AGL,CE,Towers with Radar,16,11,20,16,63,0,0,59,9,68,16,11,79,25,131,44,22,66,197
05/19/2002,DLH,MN,AGL,CE,Towers with Radar,10,13,17,4,44,0,0,44,0,44,10,13,61,4,88,12,6,18,106
05/20/2002,DLH,MN,AGL,CE,Towers with Radar,17,15,37,10,79,0,0,102,0,102,17,15,139,10,181,68,44,112,293
05/21/2002,DLH,MN,AGL,CE,Towers with Radar,14,18,31,16,79,0,0,94,0,94,14,18,125,16,173,130,24,154,327
05/22/2002,DLH,MN,AGL,CE,Towers with Radar,17,22,55,21,115,2,0,83,5,90,19,22,138,26,205,50,52,102,307
05/23/2002,DLH,MN,AGL,CE,Towers with Radar,17,16,52,13,98,0,0,74,2,76,17,16,126,15,174,82,34,116,290
05/24/2002,DLH,MN,AGL,CE,Towers with Radar,18,13,34,13,78,0,3,109,2,114,18,16,143,15,192,92,22,114,306
05/25/2002,DLH,MN,AGL,CE,Towers with Radar,16,12,22,3,53,0,0,54,0,54,16,12,76,3,107,80,4,84,191
05/26/2002,DLH,MN,AGL,CE,Towers with Radar,8,12,12,0,32,0,0,18,0,18,8,12,30,0,50,60,0,60,110
05/27/2002,DLH,MN,AGL,CE,Towers with Radar,15,10,10,8,43,0,4,58,6,68,15,14,68,14,111,68,14,82,193
05/28/2002,DLH,MN,AGL,CE,Towers with Radar,14,18,21,13,66,0,2,81,5,88,14,20,102,18,154,76,8,84,238
05/29/2002,DLH,MN,AGL,CE,Towers with Radar,28,14,34,12,88,0,2,73,0,75,28,16,107,12,163,86,18,104,267
05/30/2002,DLH,MN,AGL,CE,Towers with Radar,15,12,34,18,79,1,2,76,7,86,16,14,110,25,165,124,8,132,297
05/31/2002,DLH,MN,AGL,CE,Towers with Radar,16,17,25,11,69,1,1,84,0,86,17,18,109,11,155,24,32,56,211
06/01/2002,DLH,MN,AGL,CE,Towers with Radar,15,13,23,9,60,0,0,60,0,60,15,13,83,9,120,72,0,72,192
06/02/2002,DLH,MN,AGL,CE,Towers with Radar,12,15,28,0,55,0,0,20,0,20,12,15,48,0,75,6,0,6,81
06/03/2002,DLH,MN,AGL,CE,Towers with Radar,15,19,39,16,89,0,0,73,5,78,15,19,112,21,167,162,20,182,349
06/04/2002,DLH,MN,AGL,CE,Towers with Radar,17,17,44,8,86,0,0,44,2,46,17,17,88,10,132,48,8,56,188
06/05/2002,DLH,MN,AGL,CE,Towers with Radar,15,13,48,15,91,0,7,106,8,121,15,20,154,23,212,70,42,112,324
06/06/2002,DLH,MN,AGL,CE,Towers with Radar,15,14,41,30,100,0,2,82,8,92,15,16,123,38,192,52,38,90,282
06/07/2002,DLH,MN,AGL,CE,Towers with Radar,17,15,27,23,82,0,0,27,0,27,17,15,54,23,109,16,23,39,148
06/08/2002,DLH,MN,AGL,CE,Towers with Radar,18,12,14,6,50,0,1,74,9,84,18,13,88,15,134,112,0,112,246
06/09/2002,DLH,MN,AGL,CE,Towers with Radar,12,14,27,3,56,0,0,25,0,25,12,14,52,3,81,32,0,32,113
06/10/2002,DLH,MN,AGL,CE,Towers with Radar,17,14,70,12,113,0,4,88,3,95,17,18,158,15,208,94,34,128,336
06/11/2002,DLH,MN,AGL,CE,Towers with Radar,17,19,68,4,108,0,0,0,0,0,17,19,68,4,108,2,0,2,110
06/12/2002,DLH,MN,AGL,CE,Towers with Radar,15,17,58,12,102,0,0,58,0,58,15,17,116,12,160,34,26,60,220
06/13/2002,DLH,MN,AGL,CE,Towers with Radar,19,20,55,0,94,0,0,27,0,27,19,20,82,0,121,42,0,42,163
06/14/2002,DLH,MN,AGL,CE,Towers with Radar,16,18,57,14,105,0,0,44,5,49,16,18,101,19,154,36,36,72,226
06/15/2002,DLH,MN,AGL,CE,Towers with Radar,16,15,48,9,88,0,2,78,10,90,16,17,126,19,178,52,30,82,260
06/16/2002,DLH,MN,AGL,CE,Towers with Radar,12,12,16,2,42,0,0,49,1,50,12,12,65,3,92,10,4,14,106
06/17/2002,DLH,MN,AGL,CE,Towers with Radar,16,18,38,4,76,0,0,93,1,94,16,18,131,5,170,98,16,114,284
06/18/2002,DLH,MN,AGL,CE,Towers with Radar,17,16,27,19,79,0,0,97,25,122,17,16,124,44,201,54,54,108,309
06/19/2002,DLH,MN,AGL,CE,Towers with Radar,17,15,49,8,89,0,0,2,0,2,17,15,51,8,91,0,0,0,91
06/20/2002,DLH,MN,AGL,CE,Towers with Radar,16,18,57,25,116,0,14,75,4,93,16,32,132,29,209,74,58,132,341
06/21/2002,DLH,MN,AGL,CE,Towers with Radar,14,16,38,15,83,0,0,84,5,89,14,16,122,20,172,70,20,90,262
06/22/2002,DLH,MN,AGL,CE,Towers with Radar,13,7,23,0,43,1,0,12,0,13,14,7,35,0,56,0,0,0,56
06/23/2002,DLH,MN,AGL,CE,Towers with Radar,12,14,32,2,60,0,0,1,0,1,12,14,33,2,61,2,0,2,63
06/24/2002,DLH,MN,AGL,CE,Towers with Radar,14,9,32,8,63,0,0,46,10,56,14,9,78,18,119,38,8,46,165
06/25/2002,DLH,MN,AGL,CE,Towers with Radar,16,16,37,17,86,0,0,83,0,83,16,16,120,17,169,62,40,102,271
06/26/2002,DLH,MN,AGL,CE,Towers with Radar,18,23,47,14,102,0,2,104,2,108,18,25,151,16,210,42,20,62,272
06/27/2002,DLH,MN,AGL,CE,Towers with Radar,16,18,49,18,101,0,4,82,18,104,16,22,131,36,205,72,12,84,289
06/28/2002,DLH,MN,AGL,CE,Towers with Radar,20,18,44,12,94,0,4,92,4,100,20,22,136,16,194,92,8,100,294
06/29/2002,DLH,MN,AGL,CE,Towers with Radar,18,13,40,0,71,0,1,62,0,63,18,14,102,0,134,64,0,64,198
06/30/2002,DLH,MN,AGL,CE,Towers with Radar,14,14,17,2,47,0,0,61,0,61,14,14,78,2,108,60,2,62,170
07/01/2002,DLH,MN,AGL,CE,Towers with Radar,17,21,38,10,86,0,0,62,0,62,17,21,100,10,148,24,28,52,200
07/02/2002,DLH,MN,AGL,CE,Towers with Radar,18,16,46,2,82,0,0,66,8,74,18,16,112,10,156,158,64,222,378
07/03/2002,DLH,MN,AGL,CE,Towers with Radar,16,18,37,2,73,0,2,67,0,69,16,20,104,2,142,80,6,86,228
07/04/2002,DLH,MN,AGL,CE,Towers with Radar,13,12,11,6,42,0,0,51,6,57,13,12,62,12,99,64,6,70,169
07/05/2002,DLH,MN,AGL,CE,Towers with Radar,11,16,12,1,40,0,1,29,0,30,11,17,41,1,70,2,0,2,72
07/06/2002,DLH,MN,AGL,CE,Towers with Radar,15,16,14,0,45,0,0,34,6,40,15,16,48,6,85,0,0,0,85
07/07/2002,DLH,MN,AGL,CE,Towers with Radar,12,20,20,0,52,0,0,35,0,35,12,20,55,0,87,6,0,6,93
07/08/2002,DLH,MN,AGL,CE,Towers with Radar,18,15,48,11,92,0,1,46,0,47,18,16,94,11,139,60,60,120,259
07/09/2002,DLH,MN,AGL,CE,Towers with Radar,20,22,46,9,97,0,0,75,16,91,20,22,121,25,188,128,38,166,354
07/10/2002,DLH,MN,AGL,CE,Towers with Radar,20,15,42,14,91,0,2,48,0,50,20,17,90,14,141,30,24,54,195
07/11/2002,DLH,MN,AGL,CE,Towers with Radar,14,15,48,17,94,0,2,89,9,100,14,17,137,26,194,68,34,102,296
07/12/2002,DLH,MN,AGL,CE,Towers with Radar,15,21,39,22,97,0,0,110,8,118,15,21,149,30,215,100,84,184,399
07/13/2002,DLH,MN,AGL,CE,Towers with Radar,18,18,15,1,52,0,0,65,1,66,18,18,80,2,118,74,0,74,192
07/14/2002,DLH,MN,AGL,CE,Towers with Radar,10,14,34,2,60,0,0,57,5,62,10,14,91,7,122,34,4,38,160
07/15/2002,DLH,MN,AGL,CE,Towers with Radar,17,15,52,13,97,0,5,112,2,119,17,20,164,15,216,108,20,128,344
07/16/2002,DLH,MN,AGL,CE,Towers with Radar,20,17,61,18,116,0,7,171,4,182,20,24,232,22,298,150,52,202,500
07/17/2002,DLH,MN,AGL,CE,Towers with Radar,18,16,74,9,117,0,3,79,1,83,18,19,153,10,200,110,10,120,320
07/18/2002,DLH,MN,AGL,CE,Towers with Radar,16,22,61,30,129,0,0,89,8,97,16,22,150,38,226,156,42,198,424
07/19/2002,DLH,MN,AGL,CE,Towers with Radar,18,16,49,10,93,1,0,124,8,133,19,16,173,18,226,118,20,138,364
07/20/2002,DLH,MN,AGL,CE,Towers with Radar,20,12,36,0,68,0,0,31,1,32,20,12,67,1,100,24,0,24,124
07/21/2002,DLH,MN,AGL,CE,Towers with Radar,12,16,26,0,54,0,0,28,0,28,12,16,54,0,82,40,0,40,122
07/22/2002,DLH,MN,AGL,CE,Towers with Radar,18,16,44,9,87,0,0,110,11,121,18,16,154,20,208,80,22,102,310
07/23/2002,DLH,MN,AGL,CE,Towers with Radar,18,16,37,39,110,0,0,94,19,113,18,16,131,58,223,96,56,152,375
07/24/2002,DLH,MN,AGL,CE,Towers with Radar,17,18,44,27,106,0,2,87,0,89,17,20,131,27,195,102,64,166,361
07/25/2002,DLH,MN,AGL,CE,Towers with Radar,18,19,72,4,113,0,0,47,2,49,18,19,119,6,162,36,0,36,198
07/26/2002,DLH,MN,AGL,CE,Towers with Radar,15,18,24,22,79,0,0,97,14,111,15,18,121,36,190,118,98,216,406
07/27/2002,DLH,MN,AGL,CE,Towers with Radar,17,13,22,2,54,0,0,29,1,30,17,13,51,3,84,36,0,36,120
07/28/2002,DLH,MN,AGL,CE,Towers with Radar,22,16,27,2,67,0,0,46,0,46,22,16,73,2,113,70,0,70,183
07/29/2002,DLH,MN,AGL,CE,Towers with Radar,16,17,58,16,107,0,1,92,16,109,16,18,150,32,216,196,68,264,480
07/30/2002,DLH,MN,AGL,CE,Towers with Radar,19,20,53,12,104,0,0,87,2,89,19,20,140,14,193,80,10,90,283
07/31/2002,DLH,MN,AGL,CE,Towers with Radar,15,15,48,21,99,0,0,69,12,81,15,15,117,33,180,146,32,178,358
08/01/2002,DLH,MN,AGL,CE,Towers with Radar,18,21,42,14,95,0,0,79,3,82,18,21,121,17,177,126,42,168,345
08/02/2002,DLH,MN,AGL,CE,Towers with Radar,17,16,51,8,92,0,0,96,0,96,17,16,147,8,188,72,6,78,266
08/03/2002,DLH,MN,AGL,CE,Towers with Radar,21,11,20,0,52,0,0,45,0,45,21,11,65,0,97,44,4,48,145
08/04/2002,DLH,MN,AGL,CE,Towers with Radar,23,14,32,2,71,0,3,31,1,35,23,17,63,3,106,14,0,14,120
08/05/2002,DLH,MN,AGL,CE,Towers with Radar,15,21,35,8,79,0,2,107,6,115,15,23,142,14,194,68,12,80,274
08/06/2002,DLH,MN,AGL,CE,Towers with Radar,16,22,47,14,99,0,1,96,10,107,16,23,143,24,206,70,22,92,298
08/07/2002,DLH,MN,AGL,CE,Towers with Radar,17,13,38,22,90,0,0,58,9,67,17,13,96,31,157,90,42,132,289
08/08/2002,DLH,MN,AGL,CE,Towers with Radar,26,19,37,24,106,0,0,70,2,72,26,19,107,26,178,110,62,172,350
08/09/2002,DLH,MN,AGL,CE,Towers with Radar,18,19,38,36,111,0,1,93,9,103,18,20,131,45,214,50,90,140,354
08/10/2002,DLH,MN,AGL,CE,Towers with Radar,17,13,39,2,71,0,0,28,6,34,17,13,67,8,105,70,4,74,179
08/11/2002,DLH,MN,AGL,CE,Towers with Radar,13,12,21,2,48,1,2,37,0,40,14,14,58,2,88,14,0,14,102
08/12/2002,DLH,MN,AGL,CE,Towers with Radar,16,21,43,14,94,0,0,51,0,51,16,21,94,14,145,24,60,84,229
08/13/2002,DLH,MN,AGL,CE,Towers with Radar,16,17,52,13,98,0,0,73,0,73,16,17,125,13,171,64,6,70,241
08/14/2002,DLH,MN,AGL,CE,Towers with Radar,18,20,52,13,103,0,0,56,7,63,18,20,108,20,166,106,46,152,318
08/15/2002,DLH,MN,AGL,CE,Towers with Radar,22,15,55,8,100,0,3,53,5,61,22,18,108,13,161,72,0,72,233
08/16/2002,DLH,MN,AGL,CE,Towers with Radar,17,16,45,15,93,0,4,69,4,77,17,20,114,19,170,84,4,88,258
08/17/2002,DLH,MN,AGL,CE,Towers with Radar,25,17,22,0,64,1,0,11,0,12,26,17,33,0,76,0,0,0,76
08/18/2002,DLH,MN,AGL,CE,Towers with Radar,13,13,24,0,50,0,0,42,0,42,13,13,66,0,92,14,0,14,106
08/19/2002,DLH,MN,AGL,CE,Towers with Radar,14,19,48,13,94,0,0,105,8,113,14,19,153,21,207,86,22,108,315
08/20/2002,DLH,MN,AGL,CE,Towers with Radar,19,15,33,25,92,0,0,90,9,99,19,15,123,34,191,46,20,66,257
08/21/2002,DLH,MN,AGL,CE,Towers with Radar,15,13,33,2,63,0,4,8,0,12,15,17,41,2,75,0,0,0,75
08/22/2002,DLH,MN,AGL,CE,Towers with Radar,18,18,74,12,122,0,0,20,5,25,18,18,94,17,147,0,0,0,147
08/23/2002,DLH,MN,AGL,CE,Towers with Radar,16,14,71,21,122,0,3,62,5,70,16,17,133,26,192,32,4,36,228
08/24/2002,DLH,MN,AGL,CE,Towers with Radar,17,11,27,2,57,0,3,94,0,97,17,14,121,2,154,120,0,120,274
08/25/2002,DLH,MN,AGL,CE,Towers with Radar,13,12,43,0,68,0,0,51,0,51,13,12,94,0,119,54,0,54,173
08/26/2002,DLH,MN,AGL,CE,Towers with Radar,11,20,36,5,72,0,0,82,0,82,11,20,118,5,154,126,58,184,338
08/27/2002,DLH,MN,AGL,CE,Towers with Radar,17,19,53,13,102,0,2,69,7,78,17,21,122,20,180,100,20,120,300
08/28/2002,DLH,MN,AGL,CE,Towers with Radar,16,16,44,14,90,0,2,46,2,50,16,18,90,16,140,42,28,70,210
08/29/2002,DLH,MN,AGL,CE,Towers with Radar,16,15,47,5,83,0,1,71,1,73,16,16,118,6,156,64,10,74,230
08/30/2002,DLH,MN,AGL,CE,Towers with Radar,16,16,32,4,68,0,1,66,0,67,16,17,98,4,135,12,10,22,157
08/31/2002,DLH,MN,AGL,CE,Towers with Radar,14,15,18,0,47,0,0,31,0,31,14,15,49,0,78,22,0,22,100
09/01/2002,DLH,MN,AGL,CE,Towers with Radar,11,14,12,2,39,0,0,21,0,21,11,14,33,2,60,8,0,8,68
09/02/2002,DLH,MN,AGL,CE,Towers with Radar,16,14,15,4,49,0,0,21,2,23,16,14,36,6,72,32,20,52,124
09/03/2002,DLH,MN,AGL,CE,Towers with Radar,15,16,35,25,91,2,3,58,5,68,17,19,93,30,159,86,60,146,305
09/04/2002,DLH,MN,AGL,CE,Towers with Radar,18,16,33,15,82,0,0,103,6,109,18,16,136,21,191,54,1,55,246
09/05/2002,DLH,MN,AGL,CE,Towers with Radar,16,15,44,10,85,0,2,81,3,86,16,17,125,13,171,74,6,80,251
09/06/2002,DLH,MN,AGL,CE,Towers with Radar,16,15,50,16,97,0,0,68,2,70,16,15,118,18,167,86,30,116,283
09/07/2002,DLH,MN,AGL,CE,Towers with Radar,12,10,20,0,42,0,0,78,1,79,12,10,98,1,121,110,54,164,285
09/08/2002,DLH,MN,AGL,CE,Towers with Radar,13,11,18,6,48,0,0,41,4,45,13,11,59,10,93,38,14,52,145
09/09/2002,DLH,MN,AGL,CE,Towers with Radar,16,15,40,0,71,0,3,63,2,68,16,18,103,2,139,80,0,80,219
09/10/2002,DLH,MN,AGL,CE,Towers with Radar,17,10,50,6,83,0,0,94,11,105,17,10,144,17,188,80,24,104,292
09/11/2002,DLH,MN,AGL,CE,Towers with Radar,15,10,41,6,72,0,7,107,0,114,15,17,148,6,186,96,0,96,282
09/12/2002,DLH,MN,AGL,CE,Towers with Radar,15,14,32,6,67,0,0,84,0,84,15,14,116,6,151,120,26,146,297
09/13/2002,DLH,MN,AGL,CE,Towers with Radar,12,14,42,6,74,0,2,38,0,40,12,16,80,6,114,68,8,76,190
09/14/2002,DLH,MN,AGL,CE,Towers with Radar,12,2,40,2,56,0,11,47,0,58,12,13,87,2,114,56,0,56,170
09/15/2002,DLH,MN,AGL,CE,Towers with Radar,12,13,10,2,37,4,7,141,27,179,16,20,151,29,216,126,68,194,410
09/16/2002,DLH,MN,AGL,CE,Towers with Radar,15,15,23,2,55,0,2,65,6,73,15,17,88,8,128,94,0,94,222
09/17/2002,DLH,MN,AGL,CE,Towers with Radar,16,16,53,13,98,0,3,88,14,105,16,19,141,27,203,86,36,122,325
09/18/2002,DLH,MN,AGL,CE,Towers with Radar,17,19,56,4,96,0,0,68,0,68,17,19,124,4,164,72,16,88,252
09/19/2002,DLH,MN,AGL,CE,Towers with Radar,14,15,54,2,85,0,2,21,0,23,14,17,75,2,108,10,0,10,118
09/20/2002,DLH,MN,AGL,CE,Towers with Radar,18,18,53,21,110,0,0,71,8,79,18,18,124,29,189,54,30,84,273
09/21/2002,DLH,MN,AGL,CE,Towers with Radar,11,13,19,8,51,0,0,110,10,120,11,13,129,18,171,44,24,68,239
09/22/2002,DLH,MN,AGL,CE,Towers with Radar,14,18,47,8,87,0,0,48,2,50,14,18,95,10,137,66,2,68,205
09/23/2002,DLH,MN,AGL,CE,Towers with Radar,15,14,39,25,93,0,0,25,9,34,15,14,64,34,127,18,22,40,167
09/24/2002,DLH,MN,AGL,CE,Towers with Radar,15,16,47,10,88,1,0,61,4,66,16,16,108,14,154,54,0,54,208
09/25/2002,DLH,MN,AGL,CE,Towers with Radar,17,20,53,8,98,0,0,32,0,32,17,20,85,8,130,80,46,126,256
09/26/2002,DLH,MN,AGL,CE,Towers with Radar,18,14,40,11,83,0,1,102,4,107,18,15,142,15,190,112,64,176,366
09/27/2002,DLH,MN,AGL,CE,Towers with Radar,17,13,46,3,79,0,5,102,3,110,17,18,148,6,189,138,28,166,355
09/28/2002,DLH,MN,AGL,CE,Towers with Radar,13,13,52,2,80,0,0,20,2,22,13,13,72,4,102,62,0,62,164
09/29/2002,DLH,MN,AGL,CE,Towers with Radar,15,9,20,0,44,0,4,0,0,4,15,13,20,0,48,0,0,0,48
09/30/2002,DLH,MN,AGL,CE,Towers with Radar,10,17,27,6,60,0,0,43,2,45,10,17,70,8,105,32,4,36,141
10/01/2002,DLH,MN,AGL,CE,Towers with Radar,18,14,25,14,71,0,0,65,7,72,18,14,90,21,143,100,60,160,303
10/02/2002,DLH,MN,AGL,CE,Towers with Radar,16,22,72,19,129,0,0,62,0,62,16,22,134,19,191,88,40,128,319
10/03/2002,DLH,MN,AGL,CE,Towers with Radar,17,10,51,25,103,0,0,97,11,108,17,10,148,36,211,64,96,160,371
10/04/2002,DLH,MN,AGL,CE,Towers with Radar,18,10,39,5,72,0,0,14,2,16,18,10,53,7,88,2,0,2,90
10/05/2002,DLH,MN,AGL,CE,Towers with Radar,15,8,8,5,36,0,0,89,3,92,15,8,97,8,128,96,0,96,224
10/06/2002,DLH,MN,AGL,CE,Towers with Radar,14,7,9,1,31,0,1,14,0,15,14,8,23,1,46,0,0,0,46
10/07/2002,DLH,MN,AGL,CE,Towers with Radar,19,11,30,8,68,0,0,89,0,89,19,11,119,8,157,114,52,166,323
10/08/2002,DLH,MN,AGL,CE,Towers with Radar,14,8,26,20,68,0,0,11,5,16,14,8,37,25,84,4,0,4,88
10/09/2002,DLH,MN,AGL,CE,Towers with Radar,20,15,44,13,92,0,0,70,0,70,20,15,114,13,162,28,16,44,206
10/10/2002,DLH,MN,AGL,CE,Towers with Radar,22,15,45,7,89,0,4,27,1,32,22,19,72,8,121,40,0,40,161
10/11/2002,DLH,MN,AGL,CE,Towers with Radar,20,13,27,2,62,0,0,88,0,88,20,13,115,2,150,86,12,98,248
10/12/2002,DLH,MN,AGL,CE,Towers with Radar,14,6,26,4,50,0,0,53,2,55,14,6,79,6,105,58,0,58,163
10/13/2002,DLH,MN,AGL,CE,Towers with Radar,16,10,15,0,41,0,0,30,0,30,16,10,45,0,71,2,0,2,73
10/14/2002,DLH,MN,AGL,CE,Towers with Radar,14,20,32,2,68,0,0,70,0,70,14,20,102,2,138,30,0,30,168
10/15/2002,DLH,MN,AGL,CE,Towers with Radar,19,12,30,8,69,0,2,98,8,108,19,14,128,16,177,100,18,118,295
10/16/2002,DLH,MN,AGL,CE,Towers with Radar,19,14,50,26,109,0,4,102,0,106,19,18,152,26,215,130,70,200,415
10/17/2002,DLH,MN,AGL,CE,Towers with Radar,17,14,47,16,94,0,0,71,6,77,17,14,118,22,171,46,56,102,273
10/18/2002,DLH,MN,AGL,CE,Towers with Radar,19,14,21,3,57,0,1,1,0,2,19,15,22,3,59,0,0,0,59
10/19/2002,DLH,MN,AGL,CE,Towers with Radar,16,6,16,0,38,0,0,64,0,64,16,6,80,0,102,46,0,46,148
10/20/2002,DLH,MN,AGL,CE,Towers with Radar,13,7,18,1,39,0,0,35,0,35,13,7,53,1,74,82,0,82,156
10/21/2002,DLH,MN,AGL,CE,Towers with Radar,17,9,29,12,67,0,3,27,7,37,17,12,56,19,104,60,22,82,186
10/22/2002,DLH,MN,AGL,CE,Towers with Radar,20,13,35,26,94,0,4,68,7,79,20,17,103,33,173,78,74,152,325
10/23/2002,DLH,MN,AGL,CE,Towers with Radar,17,9,41,6,73,0,0,56,0,56,17,9,97,6,129,14,0,14,143
10/24/2002,DLH,MN,AGL,CE,Towers with Radar,22,10,39,22,93,0,6,69,7,82,22,16,108,29,175,76,18,94,269
10/25/2002,DLH,MN,AGL,CE,Towers with Radar,17,14,21,3,55,0,2,0,0,2,17,16,21,3,57,0,0,0,57
10/26/2002,DLH,MN,AGL,CE,Towers with Radar,16,8,14,5,43,0,0,28,0,28,16,8,42,5,71,60,0,60,131
10/27/2002,DLH,MN,AGL,CE,Towers with Radar,13,9,21,0,43,0,0,54,1,55,13,9,75,1,98,120,0,120,218
10/28/2002,DLH,MN,AGL,CE,Towers with Radar,15,8,42,6,71,0,3,27,0,30,15,11,69,6,101,18,0,18,119
10/29/2002,DLH,MN,AGL,CE,Towers with Radar,19,11,34,9,73,0,4,14,1,19,19,15,48,10,92,0,0,0,92
10/30/2002,DLH,MN,AGL,CE,Towers with Radar,18,10,42,8,78,0,0,55,2,57,18,10,97,10,135,62,8,70,205
10/31/2002,DLH,MN,AGL,CE,Towers with Radar,18,11,31,11,71,0,0,98,17,115,18,11,129,28,186,46,38,84,270
11/01/2002,DLH,MN,AGL,CE,Towers with Radar,16,10,31,8,65,0,0,76,2,78,16,10,107,10,143,26,10,36,179
11/02/2002,DLH,MN,AGL,CE,Towers with Radar,15,10,20,0,45,0,2,104,4,110,15,12,124,4,155,74,0,74,229
11/03/2002,DLH,MN,AGL,CE,Towers with Radar,18,8,17,4,47,0,0,42,0,42,18,8,59,4,89,42,0,42,131
11/04/2002,DLH,MN,AGL,CE,Towers with Radar,17,10,52,16,95,0,2,74,11,87,17,12,126,27,182,78,10,88,270
11/05/2002,DLH,MN,AGL,CE,Towers with Radar,20,13,44,14,91,0,3,33,3,39,20,16,77,17,130,50,16,66,196
11/06/2002,DLH,MN,AGL,CE,Towers with Radar,18,15,44,15,92,0,0,57,1,58,18,15,101,16,150,50,36,86,236
11/07/2002,DLH,MN,AGL,CE,Towers with Radar,20,14,32,33,99,0,0,101,6,107,20,14,133,39,206,88,62,150,356
11/08/2002,DLH,MN,AGL,CE,Towers with Radar,17,8,47,7,79,0,0,84,4,88,17,8,131,11,167,106,22,128,295
11/09/2002,DLH,MN,AGL,CE,Towers with Radar,14,5,16,5,40,0,0,18,7,25,14,5,34,12,65,12,0,12,77
11/10/2002,DLH,MN,AGL,CE,Towers with Radar,10,8,20,2,40,0,0,3,2,5,10,8,23,4,45,0,0,0,45
11/11/2002,DLH,MN,AGL,CE,Towers with Radar,22,9,40,0,71,3,4,77,0,84,25,13,117,0,155,30,0,30,185
11/12/2002,DLH,MN,AGL,CE,Towers with Radar,21,17,37,10,85,0,0,33,3,36,21,17,70,13,121,38,0,38,159
11/13/2002,DLH,MN,AGL,CE,Towers with Radar,17,13,27,5,62,0,0,15,1,16,17,13,42,6,78,20,0,20,98
11/14/2002,DLH,MN,AGL,CE,Towers with Radar,21,13,73,9,116,0,1,43,4,48,21,14,116,13,164,66,10,76,240
11/15/2002,DLH,MN,AGL,CE,Towers with Radar,20,14,8,12,54,0,4,124,0,128,20,18,132,12,182,108,58,166,348
11/16/2002,DLH,MN,AGL,CE,Towers with Radar,11,8,24,9,52,0,0,91,0,91,11,8,115,9,143,96,14,110,253
11/17/2002,DLH,MN,AGL,CE,Towers with Radar,15,10,14,0,39,0,0,38,1,39,15,10,52,1,78,54,0,54,132
11/18/2002,DLH,MN,AGL,CE,Towers with Radar,15,9,33,12,69,3,6,46,6,61,18,15,79,18,130,76,2,78,208
11/19/2002,DLH,MN,AGL,CE,Towers with Radar,31,10,25,7,73,0,0,75,5,80,31,10,100,12,153,48,22,70,223
11/20/2002,DLH,MN,AGL,CE,Towers with Radar,19,10,53,2,84,0,0,16,0,16,19,10,69,2,100,78,0,78,178
11/21/2002,DLH,MN,AGL,CE,Towers with Radar,19,13,42,0,74,0,4,29,0,33,19,17,71,0,107,20,0,20,127
11/22/2002,DLH,MN,AGL,CE,Towers with Radar,20,12,47,4,83,0,6,99,4,109,20,18,146,8,192,70,0,70,262
11/23/2002,DLH,MN,AGL,CE,Towers with Radar,13,5,21,3,42,0,2,27,10,39,13,7,48,13,81,48,0,48,129
11/24/2002,DLH,MN,AGL,CE,Towers with Radar,14,10,24,3,51,0,3,22,1,26,14,13,46,4,77,30,0,30,107
11/25/2002,DLH,MN,AGL,CE,Towers with Radar,16,12,39,4,71,0,0,18,0,18,16,12,57,4,89,70,0,70,159
11/26/2002,DLH,MN,AGL,CE,Towers with Radar,23,12,36,3,74,0,0,71,2,73,23,12,107,5,147,48,0,48,195
11/27/2002,DLH,MN,AGL,CE,Towers with Radar,22,16,26,5,69,0,0,34,0,34,22,16,60,5,103,58,0,58,161
11/28/2002,DLH,MN,AGL,CE,Towers with Radar,12,5,6,0,23,0,0,12,0,12,12,5,18,0,35,6,0,6,41
11/29/2002,DLH,MN,AGL,CE,Towers with Radar,12,7,10,0,29,0,0,2,0,2,12,7,12,0,31,0,0,0,31
11/30/2002,DLH,MN,AGL,CE,Towers with Radar,12,5,3,2,22,0,1,26,1,28,12,6,29,3,50,10,0,10,60
12/01/2002,DLH,MN,AGL,CE,Towers with Radar,14,9,10,1,34,0,0,11,3,14,14,9,21,4,48,38,0,38,86
12/02/2002,DLH,MN,AGL,CE,Towers with Radar,15,6,19,5,45,0,0,29,0,29,15,6,48,5,74,24,0,24,98
12/03/2002,DLH,MN,AGL,CE,Towers with Radar,18,5,38,14,75,0,0,44,6,50,18,5,82,20,125,48,16,64,189
12/04/2002,DLH,MN,AGL,CE,Towers with Radar,20,5,18,0,43,0,6,65,0,71,20,11,83,0,114,26,0,26,140
12/05/2002,DLH,MN,AGL,CE,Towers with Radar,17,3,41,17,78,0,6,56,4,66,17,9,97,21,144,24,16,40,184
12/06/2002,DLH,MN,AGL,CE,Towers with Radar,18,2,30,11,61,0,2,59,6,67,18,4,89,17,128,22,2,24,152
12/07/2002,DLH,MN,AGL,CE,Towers with Radar,12,3,19,4,38,0,0,47,0,47,12,3,66,4,85,22,0,22,107
12/08/2002,DLH,MN,AGL,CE,Towers with Radar,14,3,16,1,34,0,0,43,1,44,14,3,59,2,78,26,0,26,104
12/09/2002,DLH,MN,AGL,CE,Towers with Radar,18,7,31,17,73,0,6,50,8,64,18,13,81,25,137,88,86,174,311
12/10/2002,DLH,MN,AGL,CE,Towers with Radar,20,10,29,17,76,0,3,76,1,80,20,13,105,18,156,70,32,102,258
12/11/2002,DLH,MN,AGL,CE,Towers with Radar,18,6,35,0,59,0,0,1,0,1,18,6,36,0,60,0,0,0,60
12/12/2002,DLH,MN,AGL,CE,Towers with Radar,22,3,53,4,82,0,1,0,0,1,22,4,53,4,83,0,0,0,83
12/13/2002,DLH,MN,AGL,CE,Towers with Radar,22,3,65,14,104,0,4,72,2,78,22,7,137,16,182,40,0,40,222
12/14/2002,DLH,MN,AGL,CE,Towers with Radar,13,4,27,20,64,0,0,91,3,94,13,4,118,23,158,88,44,132,290
12/15/2002,DLH,MN,AGL,CE,Towers with Radar,9,2,18,2,31,0,0,6,0,6,9,2,24,2,37,0,0,0,37
12/16/2002,DLH,MN,AGL,CE,Towers with Radar,24,8,41,23,96,0,0,40,7,47,24,8,81,30,143,34,22,56,199
12/17/2002,DLH,MN,AGL,CE,Towers with Radar,18,7,51,21,97,0,6,47,7,60,18,13,98,28,157,130,18,148,305
12/18/2002,DLH,MN,AGL,CE,Towers with Radar,13,3,6,0,22,0,2,2,0,4,13,5,8,0,26,0,0,0,26
12/19/2002,DLH,MN,AGL,CE,Towers with Radar,18,4,33,8,63,0,4,12,1,17,18,8,45,9,80,4,0,4,84
12/20/2002,DLH,MN,AGL,CE,Towers with Radar,28,6,35,6,75,0,0,31,0,31,28,6,66,6,106,18,0,18,124
12/21/2002,DLH,MN,AGL,CE,Towers with Radar,33,3,25,1,62,0,0,15,1,16,33,3,40,2,78,74,0,74,152
12/22/2002,DLH,MN,AGL,CE,Towers with Radar,13,6,15,0,34,0,0,15,0,15,13,6,30,0,49,16,0,16,65
12/23/2002,DLH,MN,AGL,CE,Towers with Radar,17,7,11,15,50,0,0,36,7,43,17,7,47,22,93,40,24,64,157
12/24/2002,DLH,MN,AGL,CE,Towers with Radar,15,6,11,2,34,0,2,26,1,29,15,8,37,3,63,32,0,32,95
12/25/2002,DLH,MN,AGL,CE,Towers with Radar,11,0,4,0,15,0,1,4,0,5,11,1,8,0,20,4,0,4,24
12/26/2002,DLH,MN,AGL,CE,Towers with Radar,17,5,8,2,32,0,0,77,0,77,17,5,85,2,109,36,4,40,149
12/27/2002,DLH,MN,AGL,CE,Towers with Radar,19,2,43,9,73,0,1,31,0,32,19,3,74,9,105,16,24,40,145
12/28/2002,DLH,MN,AGL,CE,Towers with Radar,13,2,19,0,34,0,0,41,0,41,13,2,60,0,75,30,0,30,105
12/29/2002,DLH,MN,AGL,CE,Towers with Radar,13,0,12,0,25,0,0,15,0,15,13,0,27,0,40,0,0,0,40
12/30/2002,DLH,MN,AGL,CE,Towers with Radar,18,1,25,13,57,0,0,29,0,29,18,1,54,13,86,8,10,18,104
12/31/2002,DLH,MN,AGL,CE,Towers with Radar,18,6,13,11,48,0,0,46,0,46,18,6,59,11,94,86,52,138,232
01/01/2003,DLH,MN,AGL,CE,Towers with Radar,12,1,5,1,19,0,0,5,0,5,12,1,10,1,24,0,0,0,24
01/02/2003,DLH,MN,AGL,CE,Towers with Radar,18,6,31,10,65,0,0,58,0,58,18,6,89,10,123,110,8,118,241
01/03/2003,DLH,MN,AGL,CE,Towers with Radar,20,4,34,15,73,0,3,69,3,75,20,7,103,18,148,78,36,114,262
01/04/2003,DLH,MN,AGL,CE,Towers with Radar,22,1,7,7,37,0,1,30,0,31,22,2,37,7,68,52,10,62,130
01/05/2003,DLH,MN,AGL,CE,Towers with Radar,14,2,37,6,59,1,0,42,7,50,15,2,79,13,109,30,16,46,155
01/06/2003,DLH,MN,AGL,CE,Towers with Radar,19,6,30,8,63,0,0,29,0,29,19,6,59,8,92,16,8,24,116
01/07/2003,DLH,MN,AGL,CE,Towers with Radar,16,3,36,9,64,0,0,66,14,80,16,3,102,23,144,68,20,88,232
01/08/2003,DLH,MN,AGL,CE,Towers with Radar,16,4,28,18,66,0,1,62,6,69,16,5,90,24,135,6,42,48,183
01/09/2003,DLH,MN,AGL,CE,Towers with Radar,18,6,26,11,61,0,6,51,0,57,18,12,77,11,118,62,6,68,186
01/10/2003,DLH,MN,AGL,CE,Towers with Radar,17,4,31,21,73,2,1,53,8,64,19,5,84,29,137,14,2,16,153
01/11/2003,DLH,MN,AGL,CE,Towers with Radar,13,1,13,16,43,0,1,54,18,73,13,2,67,34,116,48,2,50,166
01/12/2003,DLH,MN,AGL,CE,Towers with Radar,11,0,8,8,27,0,0,50,1,51,11,0,58,9,78,24,0,24,102
01/13/2003,DLH,MN,AGL,CE,Towers with Radar,18,4,22,14,58,0,0,80,16,96,18,4,102,30,154,90,22,112,266
01/14/2003,DLH,MN,AGL,CE,Towers with Radar,17,3,32,17,69,0,3,68,19,90,17,6,100,36,159,50,56,106,265
01/15/2003,DLH,MN,AGL,CE,Towers with Radar,18,4,44,22,88,0,3,83,2,88,18,7,127,24,176,104,56,160,336
01/16/2003,DLH,MN,AGL,CE,Towers with Radar,17,5,30,26,78,2,5,97,9,113,19,10,127,35,191,124,60,184,375
01/17/2003,DLH,MN,AGL,CE,Towers with Radar,17,5,38,18,78,0,7,95,9,111,17,12,133,27,189,112,52,164,353
01/18/2003,DLH,MN,AGL,CE,Towers with Radar,12,2,16,2,32,0,1,67,5,73,12,3,83,7,105,84,6,90,195
01/19/2003,DLH,MN,AGL,CE,Towers with Radar,10,2,11,0,23,0,0,35,2,37,10,2,46,2,60,94,0,94,154
01/20/2003,DLH,MN,AGL,CE,Towers with Radar,18,6,21,0,45,0,0,43,1,44,18,6,64,1,89,116,0,116,205
01/21/2003,DLH,MN,AGL,CE,Towers with Radar,18,6,34,15,73,0,6,60,7,73,18,12,94,22,146,84,20,104,250
01/22/2003,DLH,MN,AGL,CE,Towers with Radar,18,6,21,10,55,0,4,74,10,88,18,10,95,20,143,48,36,84,227
01/23/2003,DLH,MN,AGL,CE,Towers with Radar,20,6,25,5,56,0,1,65,4,70,20,7,90,9,126,50,16,66,192
01/24/2003,DLH,MN,AGL,CE,Towers with Radar,20,3,40,21,84,1,6,61,0,68,21,9,101,21,152,90,22,112,264
01/25/2003,DLH,MN,AGL,CE,Towers with Radar,20,1,14,0,35,0,0,30,6,36,20,1,44,6,71,66,12,78,149
01/26/2003,DLH,MN,AGL,CE,Towers with Radar,15,1,13,0,29,0,0,23,8,31,15,1,36,8,60,50,28,78,138
01/27/2003,DLH,MN,AGL,CE,Towers with Radar,19,3,21,0,43,0,4,4,0,8,19,7,25,0,51,0,0,0,51
01/28/2003,DLH,MN,AGL,CE,Towers with Radar,24,2,40,13,79,0,1,50,14,65,24,3,90,27,144,74,38,112,256
01/29/2003,DLH,MN,AGL,CE,Towers with Radar,18,8,43,12,81,0,1,52,12,65,18,9,95,24,146,58,26,84,230
01/30/2003,DLH,MN,AGL,CE,Towers with Radar,18,4,7,0,29,0,0,2,2,4,18,4,9,2,33,0,0,0,33
01/31/2003,DLH,MN,AGL,CE,Towers with Radar,19,8,22,14,63,2,0,2,1,5,21,8,24,15,68,0,0,0,68
02/01/2003,DLH,MN,AGL,CE,Towers with Radar,9,1,4,0,14,0,0,0,0,0,9,1,4,0,14,0,0,0,14
02/02/2003,DLH,MN,AGL,CE,Towers with Radar,14,0,5,1,20,0,0,0,0,0,14,0,5,1,20,0,0,0,20
02/03/2003,DLH,MN,AGL,CE,Towers with Radar,16,1,17,4,38,0,0,3,0,3,16,1,20,4,41,0,10,10,51
02/04/2003,DLH,MN,AGL,CE,Towers with Radar,19,8,35,19,81,1,3,71,6,81,20,11,106,25,162,30,20,50,212
02/05/2003,DLH,MN,AGL,CE,Towers with Radar,17,8,45,11,81,1,0,75,8,84,18,8,120,19,165,88,4,92,257
02/06/2003,DLH,MN,AGL,CE,Towers with Radar,20,12,33,11,76,0,1,149,6,156,20,13,182,17,232,70,10,80,312
02/07/2003,DLH,MN,AGL,CE,Towers with Radar,18,18,30,6,72,0,0,60,2,62,18,18,90,8,134,60,40,100,234
02/08/2003,DLH,MN,AGL,CE,Towers with Radar,18,2,10,0,30,0,0,47,0,47,18,2,57,0,77,102,0,102,179
02/09/2003,DLH,MN,AGL,CE,Towers with Radar,13,0,7,0,20,0,4,39,1,44,13,4,46,1,64,50,0,50,114
02/10/2003,DLH,MN,AGL,CE,Towers with Radar,19,3,29,17,68,0,2,64,2,68,19,5,93,19,136,80,20,100,236
02/11/2003,DLH,MN,AGL,CE,Towers with Radar,17,4,36,13,70,0,0,4,5,9,17,4,40,18,79,16,16,32,111
02/12/2003,DLH,MN,AGL,CE,Towers with Radar,18,2,38,15,73,0,3,68,7,78,18,5,106,22,151,86,20,106,257
02/13/2003,DLH,MN,AGL,CE,Towers with Radar,16,9,41,26,92,0,0,67,0,67,16,9,108,26,159,94,48,142,301
02/14/2003,DLH,MN,AGL,CE,Towers with Radar,16,4,19,13,52,0,0,56,12,68,16,4,75,25,120,16,42,58,178
02/15/2003,DLH,MN,AGL,CE,Towers with Radar,17,6,26,2,51,0,0,34,0,34,17,6,60,2,85,12,0,12,97
02/16/2003,DLH,MN,AGL,CE,Towers with Radar,11,4,20,0,35,0,0,63,0,63,11,4,83,0,98,54,0,54,152
02/17/2003,DLH,MN,AGL,CE,Towers with Radar,16,1,30,0,47,0,0,65,1,66,16,1,95,1,113,48,0,48,161
02/18/2003,DLH,MN,AGL,CE,Towers with Radar,21,3,9,12,45,0,1,27,0,28,21,4,36,12,73,2,0,2,75
02/19/2003,DLH,MN,AGL,CE,Towers with Radar,18,8,42,10,78,0,2,60,10,72,18,10,102,20,150,122,40,162,312
02/20/2003,DLH,MN,AGL,CE,Towers with Radar,16,4,50,0,70,0,0,36,0,36,16,4,86,0,106,144,0,144,250
02/21/2003,DLH,MN,AGL,CE,Towers with Radar,20,3,18,1,42,0,0,9,0,9,20,3,27,1,51,0,0,0,51
02/22/2003,DLH,MN,AGL,CE,Towers with Radar,16,2,15,6,39,0,0,39,6,45,16,2,54,12,84,14,0,14,98
02/23/2003,DLH,MN,AGL,CE,Towers with Radar,13,1,26,0,40,0,1,45,0,46,13,2,71,0,86,22,0,22,108
02/24/2003,DLH,MN,AGL,CE,Towers with Radar,19,1,38,0,58,0,0,40,0,40,19,1,78,0,98,12,0,12,110
02/25/2003,DLH,MN,AGL,CE,Towers with Radar,17,4,25,0,46,0,0,76,0,76,17,4,101,0,122,202,0,202,324
02/26/2003,DLH,MN,AGL,CE,Towers with Radar,15,11,48,3,77,0,2,75,0,77,15,13,123,3,154,112,50,162,316
02/27/2003,DLH,MN,AGL,CE,Towers with Radar,20,8,40,14,82,0,6,68,8,82,20,14,108,22,164,92,44,136,300
02/28/2003,DLH,MN,AGL,CE,Towers with Radar,21,2,49,10,82,0,9,77,4,90,21,11,126,14,172,80,8,88,260
03/01/2003,DLH,MN,AGL,CE,Towers with Radar,15,3,24,1,43,0,2,50,1,53,15,5,74,2,96,40,0,40,136
03/02/2003,DLH,MN,AGL,CE,Towers with Radar,11,1,13,1,26,0,0,52,0,52,11,1,65,1,78,30,0,30,108
03/03/2003,DLH,MN,AGL,CE,Towers with Radar,18,8,27,5,58,0,0,13,0,13,18,8,40,5,71,0,0,0,71
03/04/2003,DLH,MN,AGL,CE,Towers with Radar,16,8,42,12,78,0,0,54,2,56,16,8,96,14,134,134,46,180,314
03/05/2003,DLH,MN,AGL,CE,Towers with Radar,18,4,38,2,62,0,4,94,4,102,18,8,132,6,164,148,0,148,312
03/06/2003,DLH,MN,AGL,CE,Towers with Radar,16,4,44,0,64,0,4,45,2,51,16,8,89,2,115,58,0,58,173
03/07/2003,DLH,MN,AGL,CE,Towers with Radar,20,6,32,0,58,0,4,96,0,100,20,10,128,0,158,74,0,74,232
03/08/2003,DLH,MN,AGL,CE,Towers with Radar,15,1,7,0,23,0,3,41,0,44,15,4,48,0,67,14,0,14,81
03/09/2003,DLH,MN,AGL,CE,Towers with Radar,10,1,20,0,31,0,0,9,0,9,10,1,29,0,40,4,0,4,44
03/10/2003,DLH,MN,AGL,CE,Towers with Radar,18,5,33,2,58,0,1,42,8,51,18,6,75,10,109,80,40,120,229
03/11/2003,DLH,MN,AGL,CE,Towers with Radar,21,2,39,0,62,0,3,16,0,19,21,5,55,0,81,28,0,28,109
03/12/2003,DLH,MN,AGL,CE,Towers with Radar,19,7,50,2,78,0,1,111,0,112,19,8,161,2,190,148,0,148,338
03/13/2003,DLH,MN,AGL,CE,Towers with Radar,22,3,57,5,87,3,4,118,5,130,25,7,175,10,217,72,0,72,289
03/14/2003,DLH,MN,AGL,CE,Towers with Radar,17,4,46,3,70,0,0,55,0,55,17,4,101,3,125,42,0,42,167
03/15/2003,DLH,MN,AGL,CE,Towers with Radar,14,2,10,1,27,0,0,0,1,1,14,2,10,2,28,4,0,4,32
03/16/2003,DLH,MN,AGL,CE,Towers with Radar,11,2,17,7,37,0,0,36,3,39,11,2,53,10,76,68,2,70,146
03/17/2003,DLH,MN,AGL,CE,Towers with Radar,36,3,37,0,76,0,0,0,0,0,36,3,37,0,76,6,0,6,82
03/18/2003,DLH,MN,AGL,CE,Towers with Radar,19,2,55,13,89,0,1,20,19,40,19,3,75,32,129,40,0,40,169
03/19/2003,DLH,MN,AGL,CE,Towers with Radar,18,4,75,4,101,0,0,92,1,93,18,4,167,5,194,114,4,118,312
03/20/2003,DLH,MN,AGL,CE,Towers with Radar,14,4,27,0,45,0,2,35,0,37,14,6,62,0,82,24,0,24,106
03/21/2003,DLH,MN,AGL,CE,Towers with Radar,16,1,19,0,36,0,0,0,0,0,16,1,19,0,36,0,0,0,36
03/22/2003,DLH,MN,AGL,CE,Towers with Radar,11,7,32,0,50,0,0,54,2,56,11,7,86,2,106,144,2,146,252
03/23/2003,DLH,MN,AGL,CE,Towers with Radar,10,0,20,0,30,0,0,77,6,83,10,0,97,6,113,134,0,134,247
03/24/2003,DLH,MN,AGL,CE,Towers with Radar,17,3,24,4,48,0,5,70,6,81,17,8,94,10,129,40,4,44,173
03/25/2003,DLH,MN,AGL,CE,Towers with Radar,17,4,36,5,62,0,2,84,5,91,17,6,120,10,153,72,0,72,225
03/26/2003,DLH,MN,AGL,CE,Towers with Radar,17,7,60,7,91,0,0,117,4,121,17,7,177,11,212,94,10,104,316
03/27/2003,DLH,MN,AGL,CE,Towers with Radar,13,5,38,0,56,0,0,5,2,7,13,5,43,2,63,2,0,2,65
03/28/2003,DLH,MN,AGL,CE,Towers with Radar,18,5,17,2,42,0,0,0,0,0,18,5,17,2,42,0,0,0,42
03/29/2003,DLH,MN,AGL,CE,Towers with Radar,16,2,26,1,45,0,8,107,1,116,16,10,133,2,161,120,0,120,281
03/30/2003,DLH,MN,AGL,CE,Towers with Radar,11,0,22,1,34,2,0,58,0,60,13,0,80,1,94,82,0,82,176
03/31/2003,DLH,MN,AGL,CE,Towers with Radar,15,3,44,0,62,0,3,60,1,64,15,6,104,1,126,66,0,66,192
04/01/2003,DLH,MN,AGL,CE,Towers with Radar,16,4,42,8,70,0,6,109,9,124,16,10,151,17,194,96,18,114,308
04/02/2003,DLH,MN,AGL,CE,Towers with Radar,19,5,18,0,42,0,3,6,0,9,19,8,24,0,51,4,0,4,55
04/03/2003,DLH,MN,AGL,CE,Towers with Radar,18,2,11,0,31,0,0,0,0,0,18,2,11,0,31,0,0,0,31
04/04/2003,DLH,MN,AGL,CE,Towers with Radar,11,4,2,0,17,0,0,2,0,2,11,4,4,0,19,0,0,0,19
04/05/2003,DLH,MN,AGL,CE,Towers with Radar,15,1,25,2,43,0,5,104,1,110,15,6,129,3,153,102,0,102,255
04/06/2003,DLH,MN,AGL,CE,Towers with Radar,11,0,24,2,37,0,0,69,0,69,11,0,93,2,106,22,0,22,128
04/07/2003,DLH,MN,AGL,CE,Towers with Radar,14,3,17,12,46,0,2,52,4,58,14,5,69,16,104,46,22,68,172
04/08/2003,DLH,MN,AGL,CE,Towers with Radar,18,5,42,16,81,0,2,110,0,112,18,7,152,16,193,80,36,116,309
04/09/2003,DLH,MN,AGL,CE,Towers with Radar,17,10,35,5,67,0,0,118,7,125,17,10,153,12,192,134,56,190,382
04/10/2003,DLH,MN,AGL,CE,Towers with Radar,20,5,40,11,76,0,0,90,0,90,20,5,130,11,166,126,62,188,354
04/11/2003,DLH,MN,AGL,CE,Towers with Radar,20,7,50,12,89,0,3,122,6,131,20,10,172,18,220,108,64,172,392
04/12/2003,DLH,MN,AGL,CE,Towers with Radar,14,1,56,8,79,0,5,84,5,94,14,6,140,13,173,106,6,112,285
04/13/2003,DLH,MN,AGL,CE,Towers with Radar,12,2,15,0,29,0,3,46,1,50,12,5,61,1,79,42,0,42,121
04/14/2003,DLH,MN,AGL,CE,Towers with Radar,20,5,33,10,68,0,0,78,5,83,20,5,111,15,151,108,12,120,271
04/15/2003,DLH,MN,AGL,CE,Towers with Radar,29,3,44,12,88,0,0,40,0,40,29,3,84,12,128,78,28,106,234
04/16/2003,DLH,MN,AGL,CE,Towers with Radar,16,4,14,0,34,0,0,0,0,0,16,4,14,0,34,0,0,0,34
04/17/2003,DLH,MN,AGL,CE,Towers with Radar,19,2,18,0,39,0,3,9,0,12,19,5,27,0,51,10,0,10,61
04/18/2003,DLH,MN,AGL,CE,Towers with Radar,20,2,61,0,83,0,3,80,1,84,20,5,141,1,167,110,2,112,279
04/19/2003,DLH,MN,AGL,CE,Towers with Radar,10,6,0,0,16,0,1,0,5,6,10,7,0,5,22,0,0,0,22
04/20/2003,DLH,MN,AGL,CE,Towers with Radar,10,3,13,0,26,0,1,0,0,1,10,4,13,0,27,0,0,0,27
04/21/2003,DLH,MN,AGL,CE,Towers with Radar,19,2,40,7,68,0,2,80,0,82,19,4,120,7,150,78,30,108,258
04/22/2003,DLH,MN,AGL,CE,Towers with Radar,15,2,47,21,85,0,1,104,9,114,15,3,151,30,199,128,56,184,383
04/23/2003,DLH,MN,AGL,CE,Towers with Radar,21,10,53,7,91,0,0,115,0,115,21,10,168,7,206,160,30,190,396
04/24/2003,DLH,MN,AGL,CE,Towers with Radar,16,4,58,13,91,0,0,116,10,126,16,4,174,23,217,106,6,112,329
04/25/2003,DLH,MN,AGL,CE,Towers with Radar,16,3,50,16,85,0,7,107,15,129,16,10,157,31,214,96,22,118,332
04/26/2003,DLH,MN,AGL,CE,Towers with Radar,14,2,18,3,37,0,1,90,1,92,14,3,108,4,129,94,0,94,223
04/27/2003,DLH,MN,AGL,CE,Towers with Radar,12,4,18,0,34,0,0,23,2,25,12,4,41,2,59,22,2,24,83
04/28/2003,DLH,MN,AGL,CE,Towers with Radar,16,3,61,0,80,0,0,49,0,49,16,3,110,0,129,66,0,66,195
04/29/2003,DLH,MN,AGL,CE,Towers with Radar,17,6,37,6,66,0,3,108,2,113,17,9,145,8,179,108,8,116,295
04/30/2003,DLH,MN,AGL,CE,Towers with Radar,19,4,56,10,89,0,0,91,6,97,19,4,147,16,186,88,44,132,318
05/01/2003,DLH,MN,AGL,CE,Towers with Radar,12,7,55,8,82,3,5,116,6,130,15,12,171,14,212,136,22,158,370
05/02/2003,DLH,MN,AGL,CE,Towers with Radar,13,12,21,5,51,1,0,120,2,123,14,12,141,7,174,174,12,186,360
05/03/2003,DLH,MN,AGL,CE,Towers with Radar,14,10,14,0,38,0,0,90,2,92,14,10,104,2,130,66,0,66,196
05/04/2003,DLH,MN,AGL,CE,Towers with Radar,10,10,19,2,41,0,0,46,0,46,10,10,65,2,87,34,0,34,121
05/05/2003,DLH,MN,AGL,CE,Towers with Radar,11,10,33,8,62,0,0,27,3,30,11,10,60,11,92,28,4,32,124
05/06/2003,DLH,MN,AGL,CE,Towers with Radar,16,8,44,8,76,0,0,90,8,98,16,8,134,16,174,90,14,104,278
05/07/2003,DLH,MN,AGL,CE,Towers with Radar,14,6,50,14,84,0,2,97,0,99,14,8,147,14,183,54,28,82,265
05/08/2003,DLH,MN,AGL,CE,Towers with Radar,14,10,80,8,112,0,0,71,3,74,14,10,151,11,186,50,6,56,242
05/09/2003,DLH,MN,AGL,CE,Towers with Radar,15,6,29,2,52,0,0,0,0,0,15,6,29,2,52,0,0,0,52
05/10/2003,DLH,MN,AGL,CE,Towers with Radar,13,3,35,3,54,0,0,13,3,16,13,3,48,6,70,20,0,20,90
05/11/2003,DLH,MN,AGL,CE,Towers with Radar,6,4,30,0,40,0,0,4,0,4,6,4,34,0,44,4,0,4,48
05/12/2003,DLH,MN,AGL,CE,Towers with Radar,15,8,43,0,66,0,3,84,1,88,15,11,127,1,154,72,0,72,226
05/13/2003,DLH,MN,AGL,CE,Towers with Radar,16,8,56,8,88,0,5,149,4,158,16,13,205,12,246,108,12,120,366
05/14/2003,DLH,MN,AGL,CE,Towers with Radar,14,10,41,6,71,3,0,89,2,94,17,10,130,8,165,66,4,70,235
05/15/2003,DLH,MN,AGL,CE,Towers with Radar,14,8,70,6,98,0,0,141,6,147,14,8,211,12,245,86,4,90,335
05/16/2003,DLH,MN,AGL,CE,Towers with Radar,15,8,45,9,77,0,0,93,2,95,15,8,138,11,172,100,26,126,298
05/17/2003,DLH,MN,AGL,CE,Towers with Radar,14,5,38,6,63,0,0,71,0,71,14,5,109,6,134,90,4,94,228
05/18/2003,DLH,MN,AGL,CE,Towers with Radar,10,6,13,1,30,0,0,37,2,39,10,6,50,3,69,38,4,42,111
05/19/2003,DLH,MN,AGL,CE,Towers with Radar,10,4,24,0,38,0,3,7,0,10,10,7,31,0,48,4,0,4,52
05/20/2003,DLH,MN,AGL,CE,Towers with Radar,14,7,50,13,84,0,0,84,5,89,14,7,134,18,173,64,20,84,257
05/21/2003,DLH,MN,AGL,CE,Towers with Radar,14,8,44,7,73,0,0,87,5,92,14,8,131,12,165,64,18,82,247
05/22/2003,DLH,MN,AGL,CE,Towers with Radar,16,15,40,7,78,0,0,47,0,47,16,15,87,7,125,12,0,12,137
05/23/2003,DLH,MN,AGL,CE,Towers with Radar,14,12,35,9,70,0,0,97,7,104,14,12,132,16,174,80,28,108,282
05/24/2003,DLH,MN,AGL,CE,Towers with Radar,15,7,33,4,59,0,0,84,2,86,15,7,117,6,145,38,6,44,189
05/25/2003,DLH,MN,AGL,CE,Towers with Radar,10,4,12,2,28,0,0,43,0,43,10,4,55,2,71,38,0,38,109
05/26/2003,DLH,MN,AGL,CE,Towers with Radar,12,4,11,0,27,0,0,34,1,35,12,4,45,1,62,16,0,16,78
05/27/2003,DLH,MN,AGL,CE,Towers with Radar,13,14,35,10,72,2,0,102,2,106,15,14,137,12,178,100,20,120,298
05/28/2003,DLH,MN,AGL,CE,Towers with Radar,14,14,25,7,60,0,0,78,0,78,14,14,103,7,138,22,10,32,170
05/29/2003,DLH,MN,AGL,CE,Towers with Radar,12,11,49,11,83,0,0,115,9,124,12,11,164,20,207,180,60,240,447
05/30/2003,DLH,MN,AGL,CE,Towers with Radar,15,17,51,7,90,0,3,45,5,53,15,20,96,12,143,52,0,52,195
05/31/2003,DLH,MN,AGL,CE,Towers with Radar,14,8,46,0,68,0,1,118,2,121,14,9,164,2,189,134,0,134,323
06/01/2003,DLH,MN,AGL,CE,Towers with Radar,10,5,29,4,48,0,0,60,4,64,10,5,89,8,112,98,0,98,210
06/02/2003,DLH,MN,AGL,CE,Towers with Radar,12,8,30,8,58,2,4,83,6,95,14,12,113,14,153,148,8,156,309
06/03/2003,DLH,MN,AGL,CE,Towers with Radar,16,13,35,22,86,0,0,78,0,78,16,13,113,22,164,112,0,112,276
06/04/2003,DLH,MN,AGL,CE,Towers with Radar,16,10,51,11,88,0,1,99,3,103,16,11,150,14,191,82,42,124,315
06/05/2003,DLH,MN,AGL,CE,Towers with Radar,17,13,30,11,71,0,2,72,4,78,17,15,102,15,149,60,20,80,229
06/06/2003,DLH,MN,AGL,CE,Towers with Radar,14,8,28,15,65,1,3,34,0,38,15,11,62,15,103,22,10,32,135
06/07/2003,DLH,MN,AGL,CE,Towers with Radar,15,4,21,2,42,1,0,33,0,34,16,4,54,2,76,12,0,12,88
06/08/2003,DLH,MN,AGL,CE,Towers with Radar,11,8,38,4,61,0,0,28,3,31,11,8,66,7,92,2,0,2,94
06/09/2003,DLH,MN,AGL,CE,Towers with Radar,14,17,42,1,74,0,0,53,5,58,14,17,95,6,132,142,40,182,314
06/10/2003,DLH,MN,AGL,CE,Towers with Radar,12,16,55,6,89,0,0,12,0,12,12,16,67,6,101,78,40,118,219
06/11/2003,DLH,MN,AGL,CE,Towers with Radar,16,16,48,12,92,0,3,153,2,158,16,19,201,14,250,138,24,162,412
06/12/2003,DLH,MN,AGL,CE,Towers with Radar,17,14,71,12,114,0,3,99,4,106,17,17,170,16,220,94,30,124,344
06/13/2003,DLH,MN,AGL,CE,Towers with Radar,18,15,87,18,138,0,2,83,12,97,18,17,170,30,235,48,16,64,299
06/14/2003,DLH,MN,AGL,CE,Towers with Radar,13,7,59,2,81,0,0,182,3,185,13,7,241,5,266,48,0,48,314
06/15/2003,DLH,MN,AGL,CE,Towers with Radar,11,7,64,0,82,1,3,91,0,95,12,10,155,0,177,6,0,6,183
06/16/2003,DLH,MN,AGL,CE,Towers with Radar,12,16,47,11,86,0,0,94,0,94,12,16,141,11,180,92,52,144,324
06/17/2003,DLH,MN,AGL,CE,Towers with Radar,15,11,75,8,109,0,1,67,7,75,15,12,142,15,184,132,20,152,336
06/18/2003,DLH,MN,AGL,CE,Towers with Radar,15,17,61,16,109,0,0,125,0,125,15,17,186,16,234,98,20,118,352
06/19/2003,DLH,MN,AGL,CE,Towers with Radar,14,13,52,19,98,0,1,119,5,125,14,14,171,24,223,86,6,92,315
06/20/2003,DLH,MN,AGL,CE,Towers with Radar,13,11,44,15,83,0,5,93,8,106,13,16,137,23,189,62,28,90,279
06/21/2003,DLH,MN,AGL,CE,Towers with Radar,15,9,9,13,46,0,0,94,0,94,15,9,103,13,140,36,18,54,194
06/22/2003,DLH,MN,AGL,CE,Towers with Radar,12,8,44,0,64,0,0,26,2,28,12,8,70,2,92,66,8,74,166
06/23/2003,DLH,MN,AGL,CE,Towers with Radar,15,11,41,16,83,0,0,29,0,29,15,11,70,16,112,40,20,60,172
06/24/2003,DLH,MN,AGL,CE,Towers with Radar,13,12,37,12,74,0,2,44,5,51,13,14,81,17,125,28,16,44,169
06/25/2003,DLH,MN,AGL,CE,Towers with Radar,18,12,47,6,83,0,1,40,4,45,18,13,87,10,128,40,12,52,180
06/26/2003,DLH,MN,AGL,CE,Towers with Radar,13,12,51,14,90,0,1,42,2,45,13,13,93,16,135,46,6,52,187
06/27/2003,DLH,MN,AGL,CE,Towers with Radar,14,11,38,5,68,0,6,88,1,95,14,17,126,6,163,70,22,92,255
06/28/2003,DLH,MN,AGL,CE,Towers with Radar,14,4,46,1,65,0,3,26,1,30,14,7,72,2,95,10,0,10,105
06/29/2003,DLH,MN,AGL,CE,Towers with Radar,10,8,47,0,65,0,0,27,0,27,10,8,74,0,92,52,0,52,144
06/30/2003,DLH,MN,AGL,CE,Towers with Radar,15,16,41,26,98,0,0,104,0,104,15,16,145,26,202,106,24,130,332
07/01/2003,DLH,MN,AGL,CE,Towers with Radar,16,14,34,11,75,0,2,86,11,99,16,16,120,22,174,48,20,68,242
07/02/2003,DLH,MN,AGL,CE,Towers with Radar,15,14,41,18,88,1,2,64,0,67,16,16,105,18,155,58,8,66,221
07/03/2003,DLH,MN,AGL,CE,Towers with Radar,13,14,29,0,56,0,3,75,1,79,13,17,104,1,135,50,0,50,185
07/04/2003,DLH,MN,AGL,CE,Towers with Radar,9,5,11,6,31,0,0,32,4,36,9,5,43,10,67,92,50,142,209
07/05/2003,DLH,MN,AGL,CE,Towers with Radar,8,4,14,2,28,0,4,46,0,50,8,8,60,2,78,20,4,24,102
07/06/2003,DLH,MN,AGL,CE,Towers with Radar,9,8,18,0,35,0,0,37,0,37,9,8,55,0,72,26,0,26,98
07/07/2003,DLH,MN,AGL,CE,Towers with Radar,14,14,27,17,72,0,0,72,3,75,14,14,99,20,147,50,48,98,245
07/08/2003,DLH,MN,AGL,CE,Towers with Radar,14,15,27,8,64,0,0,90,0,90,14,15,117,8,154,32,24,56,210
07/09/2003,DLH,MN,AGL,CE,Towers with Radar,13,11,41,13,78,0,0,38,0,38,13,11,79,13,116,48,32,80,196
07/10/2003,DLH,MN,AGL,CE,Towers with Radar,16,8,45,1,70,0,0,3,0,3,16,8,48,1,73,0,0,0,73
07/11/2003,DLH,MN,AGL,CE,Towers with Radar,15,13,49,18,95,0,0,58,5,63,15,13,107,23,158,62,42,104,262
07/12/2003,DLH,MN,AGL,CE,Towers with Radar,12,5,13,8,38,0,0,77,3,80,12,5,90,11,118,30,30,60,178
07/13/2003,DLH,MN,AGL,CE,Towers with Radar,9,8,28,1,46,0,0,52,0,52,9,8,80,1,98,20,0,20,118
07/14/2003,DLH,MN,AGL,CE,Towers with Radar,13,7,38,1,59,1,1,26,0,28,14,8,64,1,87,40,0,40,127
07/15/2003,DLH,MN,AGL,CE,Towers with Radar,14,13,37,0,64,0,0,83,0,83,14,13,120,0,147,46,0,46,193
07/16/2003,DLH,MN,AGL,CE,Towers with Radar,15,12,44,19,90,0,0,96,17,113,15,12,140,36,203,86,48,134,337
07/17/2003,DLH,MN,AGL,CE,Towers with Radar,14,12,46,11,83,0,0,104,9,113,14,12,150,20,196,40,28,68,264
07/18/2003,DLH,MN,AGL,CE,Towers with Radar,15,16,43,19,93,0,1,111,16,128,15,17,154,35,221,84,28,112,333
07/19/2003,DLH,MN,AGL,CE,Towers with Radar,16,10,25,2,53,0,0,43,0,43,16,10,68,2,96,136,0,136,232
07/20/2003,DLH,MN,AGL,CE,Towers with Radar,10,7,20,0,37,0,0,48,0,48,10,7,68,0,85,20,0,20,105
07/21/2003,DLH,MN,AGL,CE,Towers with Radar,11,9,52,11,83,0,0,50,0,50,11,9,102,11,133,52,4,56,189
07/22/2003,DLH,MN,AGL,CE,Towers with Radar,13,11,39,13,76,0,0,47,1,48,13,11,86,14,124,120,32,152,276
07/23/2003,DLH,MN,AGL,CE,Towers with Radar,15,12,42,13,82,0,0,91,0,91,15,12,133,13,173,82,6,88,261
07/24/2003,DLH,MN,AGL,CE,Towers with Radar,13,22,20,8,63,0,0,100,12,112,13,22,120,20,175,30,40,70,245
07/25/2003,DLH,MN,AGL,CE,Towers with Radar,17,11,46,13,87,0,0,79,4,83,17,11,125,17,170,38,18,56,226
07/26/2003,DLH,MN,AGL,CE,Towers with Radar,13,8,13,1,35,0,0,55,3,58,13,8,68,4,93,48,0,48,141
07/27/2003,DLH,MN,AGL,CE,Towers with Radar,10,7,33,4,54,0,0,72,0,72,10,7,105,4,126,0,0,0,126
07/28/2003,DLH,MN,AGL,CE,Towers with Radar,11,13,31,0,55,1,0,75,3,79,12,13,106,3,134,64,0,64,198
07/29/2003,DLH,MN,AGL,CE,Towers with Radar,15,10,36,0,61,0,0,81,0,81,15,10,117,0,142,158,0,158,300
07/30/2003,DLH,MN,AGL,CE,Towers with Radar,18,12,23,16,69,0,2,63,0,65,18,14,86,16,134,68,10,78,212
07/31/2003,DLH,MN,AGL,CE,Towers with Radar,15,11,20,12,58,3,5,77,6,91,18,16,97,18,149,62,0,62,211
08/01/2003,DLH,MN,AGL,CE,Towers with Radar,15,13,48,15,91,0,0,64,13,77,15,13,112,28,168,50,20,70,238
08/02/2003,DLH,MN,AGL,CE,Towers with Radar,12,5,34,1,52,0,2,2,0,4,12,7,36,1,56,6,0,6,62
08/03/2003,DLH,MN,AGL,CE,Towers with Radar,12,10,51,0,73,0,0,22,0,22,12,10,73,0,95,16,0,16,111
08/04/2003,DLH,MN,AGL,CE,Towers with Radar,12,16,50,10,88,0,0,84,0,84,12,16,134,10,172,156,18,174,346
08/05/2003,DLH,MN,AGL,CE,Towers with Radar,13,17,53,19,102,4,0,103,1,108,17,17,156,20,210,150,60,210,420
08/06/2003,DLH,MN,AGL,CE,Towers with Radar,20,14,45,10,89,0,2,93,12,107,20,16,138,22,196,60,16,76,272
08/07/2003,DLH,MN,AGL,CE,Towers with Radar,14,15,49,9,87,0,2,136,3,141,14,17,185,12,228,110,14,124,352
08/08/2003,DLH,MN,AGL,CE,Towers with Radar,9,9,30,9,57,4,0,95,8,107,13,9,125,17,164,62,6,68,232
08/09/2003,DLH,MN,AGL,CE,Towers with Radar,8,14,27,2,51,0,0,89,5,94,8,14,116,7,145,96,0,96,241
08/10/2003,DLH,MN,AGL,CE,Towers with Radar,9,15,33,2,59,0,0,68,1,69,9,15,101,3,128,62,0,62,190
08/11/2003,DLH,MN,AGL,CE,Towers with Radar,14,19,37,7,77,0,0,59,2,61,14,19,96,9,138,76,26,102,240
08/12/2003,DLH,MN,AGL,CE,Towers with Radar,16,12,37,8,73,1,3,72,6,82,17,15,109,14,155,82,20,102,257
08/13/2003,DLH,MN,AGL,CE,Towers with Radar,15,12,33,8,68,0,0,95,4,99,15,12,128,12,167,72,16,88,255
08/14/2003,DLH,MN,AGL,CE,Towers with Radar,15,10,54,11,90,0,0,104,6,110,15,10,158,17,200,92,14,106,306
08/15/2003,DLH,MN,AGL,CE,Towers with Radar,14,10,36,13,73,0,0,96,4,100,14,10,132,17,173,50,12,62,235
08/16/2003,DLH,MN,AGL,CE,Towers with Radar,15,6,21,10,52,0,0,80,24,104,15,6,101,34,156,126,30,156,312
08/17/2003,DLH,MN,AGL,CE,Towers with Radar,10,6,23,4,43,0,0,61,0,61,10,6,84,4,104,66,12,78,182
08/18/2003,DLH,MN,AGL,CE,Towers with Radar,15,12,61,2,90,0,0,120,0,120,15,12,181,2,210,156,0,156,366
08/19/2003,DLH,MN,AGL,CE,Towers with Radar,14,12,45,11,82,0,0,77,5,82,14,12,122,16,164,62,26,88,252
08/20/2003,DLH,MN,AGL,CE,Towers with Radar,13,13,60,6,92,0,0,80,0,80,13,13,140,6,172,48,10,58,230
08/21/2003,DLH,MN,AGL,CE,Towers with Radar,14,13,46,6,79,0,0,72,0,72,14,13,118,6,151,12,8,20,171
08/22/2003,DLH,MN,AGL,CE,Towers with Radar,14,22,42,18,96,0,0,95,0,95,14,22,137,18,191,90,24,114,305
08/23/2003,DLH,MN,AGL,CE,Towers with Radar,13,8,28,0,49,0,0,37,0,37,13,8,65,0,86,16,0,16,102
08/24/2003,DLH,MN,AGL,CE,Towers with Radar,12,12,21,5,50,0,0,59,0,59,12,12,80,5,109,34,4,38,147
08/25/2003,DLH,MN,AGL,CE,Towers with Radar,17,9,39,7,72,0,1,36,3,40,17,10,75,10,112,56,8,64,176
08/26/2003,DLH,MN,AGL,CE,Towers with Radar,17,10,24,10,61,0,10,69,4,83,17,20,93,14,144,52,22,74,218
08/27/2003,DLH,MN,AGL,CE,Towers with Radar,15,15,51,9,90,0,0,124,0,124,15,15,175,9,214,80,4,84,298
08/28/2003,DLH,MN,AGL,CE,Towers with Radar,15,17,62,13,107,0,0,64,6,70,15,17,126,19,177,110,0,110,287
08/29/2003,DLH,MN,AGL,CE,Towers with Radar,16,10,45,1,72,0,1,142,0,143,16,11,187,1,215,112,0,112,327
08/30/2003,DLH,MN,AGL,CE,Towers with Radar,13,5,20,2,40,0,0,85,0,85,13,5,105,2,125,48,0,48,173
08/31/2003,DLH,MN,AGL,CE,Towers with Radar,10,7,10,3,30,0,0,29,2,31,10,7,39,5,61,4,2,6,67
09/01/2003,DLH,MN,AGL,CE,Combined TRACON& Tower with Radar,10,5,0,0,15,0,1,0,0,1,10,6,0,0,16,80,42,122,138
09/02/2003,DLH,MN,AGL,CE,Combined TRACON& Tower with Radar,19,10,39,20,88,0,0,108,0,108,19,10,147,20,196,44,18,62,258
09/03/2003,DLH,MN,AGL,CE,Combined TRACON& Tower with Radar,15,19,45,17,96,0,1,46,8,55,15,20,91,25,151,84,40,124,275
09/04/2003,DLH,MN,AGL,CE,Combined TRACON& Tower with Radar,15,14,54,17,100,0,0,106,0,106,15,14,160,17,206,100,62,162,368
09/05/2003,DLH,MN,AGL,CE,Combined TRACON& Tower with Radar,16,16,24,14,70,0,0,96,10,106,16,16,120,24,176,66,22,88,264
09/06/2003,DLH,MN,AGL,CE,Combined TRACON& Tower with Radar,13,5,30,0,48,0,4,96,1,101,13,9,126,1,149,140,2,142,291
09/07/2003,DLH,MN,AGL,CE,Combined TRACON& Tower with Radar,11,3,37,0,51,0,4,51,0,55,11,7,88,0,106,46,0,46,152
09/08/2003,DLH,MN,AGL,CE,Combined TRACON& Tower with Radar,12,11,27,0,50,0,0,36,0,36,12,11,63,0,86,16,0,16,102
09/09/2003,DLH,MN,AGL,CE,Combined TRACON& Tower with Radar,20,17,45,16,98,0,0,57,0,57,20,17,102,16,155,98,20,118,273
09/10/2003,DLH,MN,AGL,CE,Combined TRACON& Tower with Radar,16,20,45,16,97,0,0,60,0,60,16,20,105,16,157,74,70,144,301
09/11/2003,DLH,MN,AGL,CE,Combined TRACON& Tower with Radar,15,14,43,15,87,0,4,45,0,49,15,18,88,15,136,52,0,52,188
09/12/2003,DLH,MN,AGL,CE,Combined TRACON& Tower with Radar,22,12,40,3,77,0,2,60,3,65,22,14,100,6,142,24,0,24,166
09/13/2003,DLH,MN,AGL,CE,Combined TRACON& Tower with Radar,12,10,26,6,54,0,0,48,10,58,12,10,74,16,112,42,2,44,156
09/14/2003,DLH,MN,AGL,CE,Combined TRACON& Tower with Radar,9,5,30,0,44,3,0,57,0,60,12,5,87,0,104,34,0,34,138
09/15/2003,DLH,MN,AGL,CE,Combined TRACON& Tower with Radar,10,8,30,5,53,0,0,70,0,70,10,8,100,5,123,52,54,106,229
09/16/2003,DLH,MN,AGL,CE,Combined TRACON& Tower with Radar,15,14,46,12,87,0,0,110,0,110,15,14,156,12,197,118,24,142,339
09/17/2003,DLH,MN,AGL,CE,Combined TRACON& Tower with Radar,16,14,40,14,84,0,0,80,6,86,16,14,120,20,170,90,20,110,280
09/18/2003,DLH,MN,AGL,CE,Combined TRACON& Tower with Radar,16,15,19,9,59,0,1,26,0,27,16,16,45,9,86,12,20,32,118
09/19/2003,DLH,MN,AGL,CE,Combined TRACON& Tower with Radar,18,12,55,16,101,0,0,50,20,70,18,12,105,36,171,30,16,46,217
09/20/2003,DLH,MN,AGL,CE,Combined TRACON& Tower with Radar,10,3,32,8,53,0,1,181,5,187,10,4,213,13,240,2,5,7,247
09/21/2003,DLH,MN,AGL,CE,Combined TRACON& Tower with Radar,14,1,24,16,55,0,0,91,0,91,14,1,115,16,146,64,12,76,222
09/22/2003,DLH,MN,AGL,CE,Combined TRACON& Tower with Radar,14,13,36,18,81,0,0,64,4,68,14,13,100,22,149,140,60,200,349
09/23/2003,DLH,MN,AGL,CE,Combined TRACON& Tower with Radar,17,25,32,8,82,0,0,105,0,105,17,25,137,8,187,98,12,110,297
09/24/2003,DLH,MN,AGL,CE,Combined TRACON& Tower with Radar,18,12,57,8,95,0,2,37,4,43,18,14,94,12,138,24,0,24,162
09/25/2003,DLH,MN,AGL,CE,Combined TRACON& Tower with Radar,11,11,48,11,81,0,0,91,7,98,11,11,139,18,179,68,14,82,261
09/26/2003,DLH,MN,AGL,CE,Combined TRACON& Tower with Radar,12,11,43,2,68,1,1,87,0,89,13,12,130,2,157,46,0,46,203
09/27/2003,DLH,MN,AGL,CE,Combined TRACON& Tower with Radar,12,6,32,0,50,0,0,18,0,18,12,6,50,0,68,26,0,26,94
09/28/2003,DLH,MN,AGL,CE,Combined TRACON& Tower with Radar,10,7,26,6,49,0,0,58,2,60,10,7,84,8,109,12,2,14,123
09/29/2003,DLH,MN,AGL,CE,Combined TRACON& Tower with Radar,12,9,56,1,78,0,0,37,0,37,12,9,93,1,115,48,0,48,163
09/30/2003,DLH,MN,AGL,CE,Combined TRACON& Tower with Radar,17,15,36,4,72,0,5,65,1,71,17,20,101,5,143,70,12,82,225
10/01/2003,DLH,MN,AGL,CE,Combined TRACON& Tower with Radar,17,11,29,16,73,0,2,123,4,129,17,13,152,20,202,150,16,166,368
10/02/2003,DLH,MN,AGL,CE,Combined TRACON& Tower with Radar,15,12,54,11,92,0,2,91,4,97,15,14,145,15,189,80,10,90,279
10/03/2003,DLH,MN,AGL,CE,Combined TRACON& Tower with Radar,17,10,47,13,87,0,0,90,5,95,17,10,137,18,182,112,2,114,296
10/04/2003,DLH,MN,AGL,CE,Combined TRACON& Tower with Radar,13,9,35,0,57,0,0,72,0,72,13,9,107,0,129,124,0,124,253
10/05/2003,DLH,MN,AGL,CE,Combined TRACON& Tower with Radar,11,2,20,0,33,0,0,75,0,75,11,2,95,0,108,22,0,22,130
10/06/2003,DLH,MN,AGL,CE,Combined TRACON& Tower with Radar,12,11,6,10,39,0,0,99,0,99,12,11,105,10,138,104,10,114,252
10/07/2003,DLH,MN,AGL,CE,Combined TRACON& Tower with Radar,15,11,34,14,74,0,0,86,0,86,15,11,120,14,160,80,40,120,280
10/08/2003,DLH,MN,AGL,CE,Combined TRACON& Tower with Radar,16,10,53,17,96,0,0,102,27,129,16,10,155,44,225,104,58,162,387
10/09/2003,DLH,MN,AGL,CE,Combined TRACON& Tower with Radar,21,14,46,18,99,0,1,95,0,96,21,15,141,18,195,18,30,48,243
10/10/2003,DLH,MN,AGL,CE,Combined TRACON& Tower with Radar,14,11,27,7,59,0,0,75,0,75,14,11,102,7,134,78,40,118,252
10/11/2003,DLH,MN,AGL,CE,Combined TRACON& Tower with Radar,14,8,20,0,42,0,2,21,0,23,14,10,41,0,65,46,0,46,111
10/12/2003,DLH,MN,AGL,CE,Combined TRACON& Tower with Radar,14,10,20,0,44,0,0,58,0,58,14,10,78,0,102,54,0,54,156
10/13/2003,DLH,MN,AGL,CE,Combined TRACON& Tower with Radar,15,11,39,0,65,0,0,59,0,59,15,11,98,0,124,70,0,70,194
10/14/2003,DLH,MN,AGL,CE,Combined TRACON& Tower with Radar,16,12,44,7,79,0,3,87,4,94,16,15,131,11,173,124,20,144,317
10/15/2003,DLH,MN,AGL,CE,Combined TRACON& Tower with Radar,16,12,38,9,75,0,0,52,1,53,16,12,90,10,128,38,4,42,170
10/16/2003,DLH,MN,AGL,CE,Combined TRACON& Tower with Radar,16,16,44,8,84,0,0,96,4,100,16,16,140,12,184,200,0,200,384
10/17/2003,DLH,MN,AGL,CE,Combined TRACON& Tower with Radar,16,13,41,9,79,0,0,126,13,139,16,13,167,22,218,26,2,28,246
10/18/2003,DLH,MN,AGL,CE,Combined TRACON& Tower with Radar,12,6,26,18,62,0,0,94,12,106,12,6,120,30,168,90,50,140,308
10/19/2003,DLH,MN,AGL,CE,Combined TRACON& Tower with Radar,11,8,21,4,44,0,1,68,4,73,11,9,89,8,117,64,2,66,183
10/20/2003,DLH,MN,AGL,CE,Combined TRACON& Tower with Radar,12,13,26,12,63,2,2,70,0,74,14,15,96,12,137,46,18,64,201
10/21/2003,DLH,MN,AGL,CE,Combined TRACON& Tower with Radar,16,11,33,14,74,0,0,81,5,86,16,11,114,19,160,64,4,68,228
10/22/2003,DLH,MN,AGL,CE,Combined TRACON& Tower with Radar,16,12,48,19,95,0,3,129,5,137,16,15,177,24,232,56,52,108,340
10/23/2003,DLH,MN,AGL,CE,Combined TRACON& Tower with Radar,16,12,61,22,111,0,0,42,0,42,16,12,103,22,153,72,54,126,279
10/24/2003,DLH,MN,AGL,CE,Combined TRACON& Tower with Radar,17,14,60,11,102,0,0,75,6,81,17,14,135,17,183,114,30,144,327
10/25/2003,DLH,MN,AGL,CE,Combined TRACON& Tower with Radar,11,6,25,0,42,0,0,34,0,34,11,6,59,0,76,76,0,76,152
10/26/2003,DLH,MN,AGL,CE,Combined TRACON& Tower with Radar,10,5,31,0,46,0,0,33,2,35,10,5,64,2,81,52,0,52,133
10/27/2003,DLH,MN,AGL,CE,Combined TRACON& Tower with Radar,10,8,17,1,36,0,0,70,4,74,10,8,87,5,110,78,0,78,188
10/28/2003,DLH,MN,AGL,CE,Combined TRACON& Tower with Radar,18,18,28,6,70,0,0,0,0,0,18,18,28,6,70,0,0,0,70
10/29/2003,DLH,MN,AGL,CE,Combined TRACON& Tower with Radar,16,14,45,20,95,0,0,31,0,31,16,14,76,20,126,120,2,122,248
10/30/2003,DLH,MN,AGL,CE,Combined TRACON& Tower with Radar,16,12,18,0,46,0,0,0,0,0,16,12,18,0,46,0,0,0,46
10/31/2003,DLH,MN,AGL,CE,Combined TRACON& Tower with Radar,14,12,28,7,61,0,5,14,5,24,14,17,42,12,85,6,0,6,91
11/01/2003,DLH,MN,AGL,CE,Combined TRACON& Tower with Radar,12,4,10,15,41,1,1,73,4,79,13,5,83,19,120,74,2,76,196
11/02/2003,DLH,MN,AGL,CE,Combined TRACON& Tower with Radar,10,7,29,6,52,0,3,69,2,74,10,10,98,8,126,18,0,18,144
11/03/2003,DLH,MN,AGL,CE,Combined TRACON& Tower with Radar,12,13,29,14,68,2,1,48,6,57,14,14,77,20,125,58,32,90,215
11/04/2003,DLH,MN,AGL,CE,Combined TRACON& Tower with Radar,15,11,10,3,39,0,0,0,0,0,15,11,10,3,39,0,0,0,39
11/05/2003,DLH,MN,AGL,CE,Combined TRACON& Tower with Radar,16,16,64,10,106,0,0,57,0,57,16,16,121,10,163,156,12,168,331
11/06/2003,DLH,MN,AGL,CE,Combined TRACON& Tower with Radar,13,11,31,15,70,0,4,97,5,106,13,15,128,20,176,60,30,90,266
11/07/2003,DLH,MN,AGL,CE,Combined TRACON& Tower with Radar,15,12,48,14,89,0,2,76,0,78,15,14,124,14,167,100,20,120,287
11/08/2003,DLH,MN,AGL,CE,Combined TRACON& Tower with Radar,12,3,11,0,26,0,0,57,2,59,12,3,68,2,85,44,0,44,129
11/09/2003,DLH,MN,AGL,CE,Combined TRACON& Tower with Radar,13,9,9,0,31,0,0,47,0,47,13,9,56,0,78,32,0,32,110
11/10/2003,DLH,MN,AGL,CE,Combined TRACON& Tower with Radar,13,12,28,0,53,0,0,31,0,31,13,12,59,0,84,98,16,114,198
11/11/2003,DLH,MN,AGL,CE,Combined TRACON& Tower with Radar,13,10,41,0,64,0,4,111,0,115,13,14,152,0,179,86,0,86,265
11/12/2003,DLH,MN,AGL,CE,Combined TRACON& Tower with Radar,14,15,20,5,54,0,0,33,0,33,14,15,53,5,87,50,0,50,137
11/13/2003,DLH,MN,AGL,CE,Combined TRACON& Tower with Radar,15,14,42,13,84,0,0,106,0,106,15,14,148,13,190,128,4,132,322
11/14/2003,DLH,MN,AGL,CE,Combined TRACON& Tower with Radar,14,13,53,18,98,0,3,97,1,101,14,16,150,19,199,134,34,168,367
11/15/2003,DLH,MN,AGL,CE,Combined TRACON& Tower with Radar,11,4,21,0,36,0,0,0,0,0,11,4,21,0,36,4,0,4,40
11/16/2003,DLH,MN,AGL,CE,Combined TRACON& Tower with Radar,2,0,3,0,5,1,0,0,0,1,3,0,3,0,6,0,0,0,6
11/17/2003,DLH,MN,AGL,CE,Combined TRACON& Tower with Radar,19,9,58,13,99,0,1,22,0,23,19,10,80,13,122,10,0,10,132
11/18/2003,DLH,MN,AGL,CE,Combined TRACON& Tower with Radar,13,12,43,15,83,0,4,94,5,103,13,16,137,20,186,82,30,112,298
11/19/2003,DLH,MN,AGL,CE,Combined TRACON& Tower with Radar,14,10,42,13,79,0,4,127,5,136,14,14,169,18,215,100,8,108,323
11/20/2003,DLH,MN,AGL,CE,Combined TRACON& Tower with Radar,14,9,47,18,88,0,0,62,5,67,14,9,109,23,155,50,10,60,215
11/21/2003,DLH,MN,AGL,CE,Combined TRACON& Tower with Radar,15,11,37,12,75,0,4,79,0,83,15,15,116,12,158,88,4,92,250
11/22/2003,DLH,MN,AGL,CE,Combined TRACON& Tower with Radar,12,4,10,0,26,0,0,52,0,52,12,4,62,0,78,62,0,62,140
11/23/2003,DLH,MN,AGL,CE,Combined TRACON& Tower with Radar,8,2,6,0,16,0,0,0,0,0,8,2,6,0,16,0,0,0,16
11/24/2003,DLH,MN,AGL,CE,Combined TRACON& Tower with Radar,15,10,17,20,62,0,2,42,5,49,15,12,59,25,111,40,28,68,179
11/25/2003,DLH,MN,AGL,CE,Combined TRACON& Tower with Radar,9,24,33,12,78,6,0,37,1,44,15,24,70,13,122,74,0,74,196
11/26/2003,DLH,MN,AGL,CE,Combined TRACON& Tower with Radar,14,17,22,10,63,0,0,102,3,105,14,17,124,13,168,64,2,66,234
11/27/2003,DLH,MN,AGL,CE,Combined TRACON& Tower with Radar,9,5,1,0,15,0,0,2,0,2,9,5,3,0,17,0,0,0,17
11/28/2003,DLH,MN,AGL,CE,Combined TRACON& Tower with Radar,6,9,21,0,36,0,0,9,0,9,6,9,30,0,45,20,0,20,65
11/29/2003,DLH,MN,AGL,CE,Combined TRACON& Tower with Radar,10,10,10,0,30,0,0,30,0,30,10,10,40,0,60,22,0,22,82
11/30/2003,DLH,MN,AGL,CE,Combined TRACON& Tower with Radar,10,7,13,0,30,0,0,21,0,21,10,7,34,0,51,10,0,10,61
12/01/2003,DLH,MN,AGL,CE,Combined TRACON& Tower with Radar,13,7,30,8,58,0,2,35,2,39,13,9,65,10,97,30,0,30,127
12/02/2003,DLH,MN,AGL,CE,Combined TRACON& Tower with Radar,15,12,34,23,84,0,0,83,7,90,15,12,117,30,174,78,42,120,294
12/03/2003,DLH,MN,AGL,CE,Combined TRACON& Tower with Radar,12,11,34,30,87,0,0,69,1,70,12,11,103,31,157,60,90,150,307
12/04/2003,DLH,MN,AGL,CE,Combined TRACON& Tower with Radar,14,12,54,26,106,0,0,67,7,74,14,12,121,33,180,134,60,194,374
12/05/2003,DLH,MN,AGL,CE,Combined TRACON& Tower with Radar,14,12,39,22,87,0,0,32,8,40,14,12,71,30,127,24,0,24,151
12/06/2003,DLH,MN,AGL,CE,Combined TRACON& Tower with Radar,12,12,45,0,69,0,0,49,0,49,12,12,94,0,118,20,0,20,138
12/07/2003,DLH,MN,AGL,CE,Combined TRACON& Tower with Radar,12,6,23,0,41,0,2,7,0,9,12,8,30,0,50,2,0,2,52
12/08/2003,DLH,MN,AGL,CE,Combined TRACON& Tower with Radar,12,9,40,12,73,0,3,16,0,19,12,12,56,12,92,56,0,56,148
12/09/2003,DLH,MN,AGL,CE,Combined TRACON& Tower with Radar,10,8,30,14,62,4,1,39,0,44,14,9,69,14,106,52,6,58,164
12/10/2003,DLH,MN,AGL,CE,Combined TRACON& Tower with Radar,16,22,60,10,108,0,0,100,0,100,16,22,160,10,208,180,12,192,400
12/11/2003,DLH,MN,AGL,CE,Combined TRACON& Tower with Radar,14,12,62,8,96,0,2,89,6,97,14,14,151,14,193,110,50,160,353
12/12/2003,DLH,MN,AGL,CE,Combined TRACON& Tower with Radar,17,14,47,15,93,0,3,83,0,86,17,17,130,15,179,110,20,130,309
12/13/2003,DLH,MN,AGL,CE,Combined TRACON& Tower with Radar,15,5,25,13,58,0,5,83,0,88,15,10,108,13,146,82,22,104,250
12/14/2003,DLH,MN,AGL,CE,Combined TRACON& Tower with Radar,10,4,7,4,25,0,0,0,0,0,10,4,7,4,25,0,0,0,25
12/15/2003,DLH,MN,AGL,CE,Combined TRACON& Tower with Radar,8,16,23,7,54,6,0,6,2,14,14,16,29,9,68,0,0,0,68
12/16/2003,DLH,MN,AGL,CE,Combined TRACON& Tower with Radar,10,9,31,0,50,5,0,6,0,11,15,9,37,0,61,0,0,0,61
12/17/2003,DLH,MN,AGL,CE,Combined TRACON& Tower with Radar,13,14,62,38,127,0,0,99,0,99,13,14,161,38,226,102,36,138,364
12/18/2003,DLH,MN,AGL,CE,Combined TRACON& Tower with Radar,12,12,61,13,98,0,2,24,5,31,12,14,85,18,129,90,30,120,249
12/19/2003,DLH,MN,AGL,CE,Combined TRACON& Tower with Radar,14,16,54,17,101,0,1,119,7,127,14,17,173,24,228,100,44,144,372
12/20/2003,DLH,MN,AGL,CE,Combined TRACON& Tower with Radar,13,10,33,0,56,0,0,83,0,83,13,10,116,0,139,62,0,62,201
12/21/2003,DLH,MN,AGL,CE,Combined TRACON& Tower with Radar,8,8,14,0,30,0,0,34,0,34,8,8,48,0,64,22,0,22,86
12/22/2003,DLH,MN,AGL,CE,Combined TRACON& Tower with Radar,12,12,38,16,78,0,0,62,0,62,12,12,100,16,140,78,22,100,240
12/23/2003,DLH,MN,AGL,CE,Combined TRACON& Tower with Radar,12,18,34,18,82,0,0,71,0,71,12,18,105,18,153,86,88,174,327
12/24/2003,DLH,MN,AGL,CE,Combined TRACON& Tower with Radar,12,12,6,0,30,0,0,35,0,35,12,12,41,0,65,22,0,22,87
12/25/2003,DLH,MN,AGL,CE,Combined TRACON& Tower with Radar,7,8,0,0,15,0,0,16,0,16,7,8,16,0,31,0,0,0,31
12/26/2003,DLH,MN,AGL,CE,Combined TRACON& Tower with Radar,12,12,9,0,33,0,0,29,0,29,12,12,38,0,62,10,0,10,72
12/27/2003,DLH,MN,AGL,CE,Combined TRACON& Tower with Radar,8,11,12,0,31,0,0,0,0,0,8,11,12,0,31,4,0,4,35
12/28/2003,DLH,MN,AGL,CE,Combined TRACON& Tower with Radar,8,5,13,0,26,3,0,21,0,24,11,5,34,0,50,12,0,12,62
12/29/2003,DLH,MN,AGL,CE,Combined TRACON& Tower with Radar,10,10,29,0,49,0,6,36,0,42,10,16,65,0,91,28,0,28,119
12/30/2003,DLH,MN,AGL,CE,Combined TRACON& Tower with Radar,12,18,44,14,88,0,2,76,10,88,12,20,120,24,176,130,14,144,320
12/31/2003,DLH,MN,AGL,CE,Combined TRACON& Tower with Radar,13,18,24,8,63,0,0,73,2,75,13,18,97,10,138,36,20,56,194
01/01/2004,DLH,MN,AGL,CE,Combined TRACON& Tower with Radar,6,12,20,0,38,0,0,13,0,13,6,12,33,0,51,4,0,4,55
01/02/2004,DLH,MN,AGL,CE,Combined TRACON& Tower with Radar,12,17,17,3,49,0,1,8,0,9,12,18,25,3,58,6,0,6,64
01/03/2004,DLH,MN,AGL,CE,Combined TRACON& Tower with Radar,12,8,12,2,34,0,0,23,1,24,12,8,35,3,58,2,0,2,60
01/04/2004,DLH,MN,AGL,CE,Combined TRACON& Tower with Radar,10,8,24,0,42,0,0,36,0,36,10,8,60,0,78,80,0,80,158
01/05/2004,DLH,MN,AGL,CE,Combined TRACON& Tower with Radar,12,17,25,18,72,0,2,47,2,51,12,19,72,20,123,26,10,36,159
01/06/2004,DLH,MN,AGL,CE,Combined TRACON& Tower with Radar,12,14,21,8,55,0,2,26,4,32,12,16,47,12,87,12,0,12,99
01/07/2004,DLH,MN,AGL,CE,Combined TRACON& Tower with Radar,12,15,38,14,79,0,1,61,0,62,12,16,99,14,141,80,20,100,241
01/08/2004,DLH,MN,AGL,CE,Combined TRACON& Tower with Radar,12,16,55,17,100,0,4,81,1,86,12,20,136,18,186,78,10,88,274
01/09/2004,DLH,MN,AGL,CE,Combined TRACON& Tower with Radar,12,16,50,11,89,0,0,68,4,72,12,16,118,15,161,32,12,44,205
01/10/2004,DLH,MN,AGL,CE,Combined TRACON& Tower with Radar,12,1,13,3,29,0,1,15,0,16,12,2,28,3,45,4,0,4,49
01/11/2004,DLH,MN,AGL,CE,Combined TRACON& Tower with Radar,4,12,10,3,29,0,0,0,0,0,4,12,10,3,29,0,0,0,29
01/12/2004,DLH,MN,AGL,CE,Combined TRACON& Tower with Radar,6,18,33,1,58,0,0,12,0,12,6,18,45,1,70,28,0,28,98
01/13/2004,DLH,MN,AGL,CE,Combined TRACON& Tower with Radar,13,11,50,4,78,0,9,123,0,132,13,20,173,4,210,130,18,148,358
01/14/2004,DLH,MN,AGL,CE,Combined TRACON& Tower with Radar,12,16,33,0,61,0,3,73,0,76,12,19,106,0,137,24,0,24,161
01/15/2004,DLH,MN,AGL,CE,Combined TRACON& Tower with Radar,8,12,53,2,75,6,0,18,1,25,14,12,71,3,100,30,0,30,130
01/16/2004,DLH,MN,AGL,CE,Combined TRACON& Tower with Radar,20,14,46,0,80,0,0,60,0,60,20,14,106,0,140,120,0,120,260
01/17/2004,DLH,MN,AGL,CE,Combined TRACON& Tower with Radar,14,4,20,0,38,0,0,30,0,30,14,4,50,0,68,14,0,14,82
01/18/2004,DLH,MN,AGL,CE,Combined TRACON& Tower with Radar,5,9,7,0,21,3,1,41,0,45,8,10,48,0,66,22,0,22,88
01/19/2004,DLH,MN,AGL,CE,Combined TRACON& Tower with Radar,12,13,42,4,71,0,0,51,3,54,12,13,93,7,125,64,0,64,189
01/20/2004,DLH,MN,AGL,CE,Combined TRACON& Tower with Radar,11,14,45,7,77,0,3,75,3,81,11,17,120,10,158,32,22,54,212
01/21/2004,DLH,MN,AGL,CE,Combined TRACON& Tower with Radar,12,12,31,0,55,2,0,0,0,2,14,12,31,0,57,0,0,0,57
01/22/2004,DLH,MN,AGL,CE,Combined TRACON& Tower with Radar,13,13,37,1,64,0,0,42,0,42,13,13,79,1,106,2,0,2,108
01/23/2004,DLH,MN,AGL,CE,Combined TRACON& Tower with Radar,13,9,31,0,53,0,4,9,0,13,13,13,40,0,66,0,0,0,66
01/24/2004,DLH,MN,AGL,CE,Combined TRACON& Tower with Radar,12,8,28,11,59,0,3,87,2,92,12,11,115,13,151,50,8,58,209
01/25/2004,DLH,MN,AGL,CE,Combined TRACON& Tower with Radar,8,4,6,0,18,2,3,10,0,15,10,7,16,0,33,14,0,14,47
01/26/2004,DLH,MN,AGL,CE,Combined TRACON& Tower with Radar,9,9,9,0,27,0,3,0,0,3,9,12,9,0,30,0,0,0,30
01/27/2004,DLH,MN,AGL,CE,Combined TRACON& Tower with Radar,13,14,44,8,79,0,0,58,2,60,13,14,102,10,139,76,16,92,231
01/28/2004,DLH,MN,AGL,CE,Combined TRACON& Tower with Radar,14,10,28,0,52,0,1,48,1,50,14,11,76,1,102,38,0,38,140
01/29/2004,DLH,MN,AGL,CE,Combined TRACON& Tower with Radar,13,8,19,0,40,0,0,25,0,25,13,8,44,0,65,36,0,36,101
01/30/2004,DLH,MN,AGL,CE,Combined TRACON& Tower with Radar,16,7,34,9,66,0,7,70,13,90,16,14,104,22,156,40,40,80,236
01/31/2004,DLH,MN,AGL,CE,Combined TRACON& Tower with Radar,11,7,7,0,25,0,0,30,0,30,11,7,37,0,55,6,0,6,61
02/01/2004,DLH,MN,AGL,CE,Combined TRACON& Tower with Radar,7,4,5,0,16,0,2,0,0,2,7,6,5,0,18,0,0,0,18
02/02/2004,DLH,MN,AGL,CE,Combined TRACON& Tower with Radar,2,9,30,0,41,4,0,0,0,4,6,9,30,0,45,0,0,0,45
02/03/2004,DLH,MN,AGL,CE,Combined TRACON& Tower with Radar,13,18,46,13,90,9,0,105,3,117,22,18,151,16,207,92,46,138,345
02/04/2004,DLH,MN,AGL,CE,Combined TRACON& Tower with Radar,12,15,30,20,77,0,0,87,0,87,12,15,117,20,164,80,40,120,284
02/05/2004,DLH,MN,AGL,CE,Combined TRACON& Tower with Radar,13,13,43,11,80,0,0,77,4,81,13,13,120,15,161,100,6,106,267
02/06/2004,DLH,MN,AGL,CE,Combined TRACON& Tower with Radar,14,13,35,9,71,0,1,7,1,9,14,14,42,10,80,20,0,20,100
02/07/2004,DLH,MN,AGL,CE,Combined TRACON& Tower with Radar,15,6,36,1,58,0,2,81,2,85,15,8,117,3,143,78,4,82,225
02/08/2004,DLH,MN,AGL,CE,Combined TRACON& Tower with Radar,7,9,16,0,32,0,0,56,1,57,7,9,72,1,89,24,0,24,113
02/09/2004,DLH,MN,AGL,CE,Combined TRACON& Tower with Radar,14,14,26,14,68,0,0,39,6,45,14,14,65,20,113,40,6,46,159
02/10/2004,DLH,MN,AGL,CE,Combined TRACON& Tower with Radar,12,14,35,18,79,0,0,80,16,96,12,14,115,34,175,94,70,164,339
02/11/2004,DLH,MN,AGL,CE,Combined TRACON& Tower with Radar,14,13,32,16,75,0,0,6,5,11,14,13,38,21,86,6,0,6,92
02/12/2004,DLH,MN,AGL,CE,Combined TRACON& Tower with Radar,7,16,47,22,92,9,0,87,13,109,16,16,134,35,201,122,16,138,339
02/13/2004,DLH,MN,AGL,CE,Combined TRACON& Tower with Radar,14,14,35,20,83,0,3,56,7,66,14,17,91,27,149,90,18,108,257
02/14/2004,DLH,MN,AGL,CE,Combined TRACON& Tower with Radar,15,12,8,0,35,0,0,55,0,55,15,12,63,0,90,68,0,68,158
02/15/2004,DLH,MN,AGL,CE,Combined TRACON& Tower with Radar,8,7,7,0,22,0,1,27,0,28,8,8,34,0,50,60,0,60,110
02/16/2004,DLH,MN,AGL,CE,Combined TRACON& Tower with Radar,14,16,32,0,62,0,0,38,0,38,14,16,70,0,100,16,0,16,116
02/17/2004,DLH,MN,AGL,CE,Combined TRACON& Tower with Radar,16,12,36,2,66,0,2,98,0,100,16,14,134,2,166,134,2,136,302
02/18/2004,DLH,MN,AGL,CE,Combined TRACON& Tower with Radar,15,11,32,18,76,0,3,60,10,73,15,14,92,28,149,64,30,94,243
02/19/2004,DLH,MN,AGL,CE,Combined TRACON& Tower with Radar,11,16,23,4,54,0,0,5,0,5,11,16,28,4,59,0,0,0,59
02/20/2004,DLH,MN,AGL,CE,Combined TRACON& Tower with Radar,13,12,16,2,43,0,3,3,0,6,13,15,19,2,49,2,0,2,51
02/21/2004,DLH,MN,AGL,CE,Combined TRACON& Tower with Radar,13,6,21,15,55,0,0,24,0,24,13,6,45,15,79,26,20,46,125
02/22/2004,DLH,MN,AGL,CE,Combined TRACON& Tower with Radar,8,7,17,0,32,0,0,14,0,14,8,7,31,0,46,40,0,40,86
02/23/2004,DLH,MN,AGL,CE,Combined TRACON& Tower with Radar,13,11,51,11,86,0,2,22,4,28,13,13,73,15,114,30,2,32,146
02/24/2004,DLH,MN,AGL,CE,Combined TRACON& Tower with Radar,13,10,44,18,85,0,4,65,0,69,13,14,109,18,154,104,14,118,272
02/25/2004,DLH,MN,AGL,CE,Combined TRACON& Tower with Radar,6,15,43,21,85,11,0,40,1,52,17,15,83,22,137,66,0,66,203
02/26/2004,DLH,MN,AGL,CE,Combined TRACON& Tower with Radar,12,15,43,14,84,2,4,41,2,49,14,19,84,16,133,14,6,20,153
02/27/2004,DLH,MN,AGL,CE,Combined TRACON& Tower with Radar,13,14,35,10,72,0,2,67,2,71,13,16,102,12,143,48,8,56,199
02/28/2004,DLH,MN,AGL,CE,Combined TRACON& Tower with Radar,14,9,23,2,48,0,0,70,0,70,14,9,93,2,118,60,8,68,186
02/29/2004,DLH,MN,AGL,CE,Combined TRACON& Tower with Radar,14,7,16,3,40,0,0,14,0,14,14,7,30,3,54,4,0,4,58
03/01/2004,DLH,MN,AGL,CE,Combined TRACON& Tower with Radar,12,14,12,1,39,0,0,4,0,4,12,14,16,1,43,0,0,0,43
03/02/2004,DLH,MN,AGL,CE,Combined TRACON& Tower with Radar,12,26,45,14,97,0,0,30,4,34,12,26,75,18,131,40,6,46,177
03/03/2004,DLH,MN,AGL,CE,Combined TRACON& Tower with Radar,13,25,35,12,85,0,0,26,0,26,13,25,61,12,111,8,0,8,119
03/04/2004,DLH,MN,AGL,CE,Combined TRACON& Tower with Radar,11,25,41,10,87,0,0,0,3,3,11,25,41,13,90,30,0,30,120
03/05/2004,DLH,MN,AGL,CE,Combined TRACON& Tower with Radar,10,20,22,0,52,5,0,16,0,21,15,20,38,0,73,0,0,0,73
03/06/2004,DLH,MN,AGL,CE,Combined TRACON& Tower with Radar,20,9,31,0,60,0,0,25,0,25,20,9,56,0,85,6,0,6,91
03/07/2004,DLH,MN,AGL,CE,Combined TRACON& Tower with Radar,18,9,15,0,42,0,0,19,0,19,18,9,34,0,61,16,0,16,77
03/08/2004,DLH,MN,AGL,CE,Combined TRACON& Tower with Radar,11,22,37,0,70,0,0,42,0,42,11,22,79,0,112,66,0,66,178
03/09/2004,DLH,MN,AGL,CE,Combined TRACON& Tower with Radar,11,25,50,13,99,0,0,119,0,119,11,25,169,13,218,78,8,86,304
03/10/2004,DLH,MN,AGL,CE,Combined TRACON& Tower with Radar,12,25,41,3,81,0,0,40,0,40,12,25,81,3,121,26,0,26,147
03/11/2004,DLH,MN,AGL,CE,Combined TRACON& Tower with Radar,20,24,68,19,131,0,0,36,7,43,20,24,104,26,174,100,10,110,284
03/12/2004,DLH,MN,AGL,CE,Combined TRACON& Tower with Radar,24,12,43,15,94,0,4,104,1,109,24,16,147,16,203,118,56,174,377
03/13/2004,DLH,MN,AGL,CE,Combined TRACON& Tower with Radar,10,16,10,0,36,0,0,10,0,10,10,16,20,0,46,38,0,38,84
03/14/2004,DLH,MN,AGL,CE,Combined TRACON& Tower with Radar,9,14,4,2,29,0,0,4,0,4,9,14,8,2,33,0,0,0,33
03/15/2004,DLH,MN,AGL,CE,Combined TRACON& Tower with Radar,12,21,58,16,107,0,0,114,0,114,12,21,172,16,221,94,22,116,337
03/16/2004,DLH,MN,AGL,CE,Combined TRACON& Tower with Radar,10,20,38,17,85,0,0,86,3,89,10,20,124,20,174,68,12,80,254
03/17/2004,DLH,MN,AGL,CE,Combined TRACON& Tower with Radar,12,24,36,8,80,0,0,32,0,32,12,24,68,8,112,48,2,50,162
03/18/2004,DLH,MN,AGL,CE,Combined TRACON& Tower with Radar,24,9,59,13,105,0,0,95,2,97,24,9,154,15,202,48,10,58,260
03/19/2004,DLH,MN,AGL,CE,Combined TRACON& Tower with Radar,15,23,41,0,79,0,0,98,2,100,15,23,139,2,179,102,0,102,281
03/20/2004,DLH,MN,AGL,CE,Combined TRACON& Tower with Radar,12,14,11,10,47,0,0,14,0,14,12,14,25,10,61,48,0,48,109
03/21/2004,DLH,MN,AGL,CE,Combined TRACON& Tower with Radar,9,16,28,0,53,0,0,69,4,73,9,16,97,4,126,74,0,74,200
03/22/2004,DLH,MN,AGL,CE,Combined TRACON& Tower with Radar,20,11,38,0,69,0,4,64,0,68,20,15,102,0,137,52,0,52,189
03/23/2004,DLH,MN,AGL,CE,Combined TRACON& Tower with Radar,14,22,27,0,63,0,0,80,3,83,14,22,107,3,146,118,0,118,264
03/24/2004,DLH,MN,AGL,CE,Combined TRACON& Tower with Radar,20,16,78,16,130,0,0,41,0,41,20,16,119,16,171,22,10,32,203
03/25/2004,DLH,MN,AGL,CE,Combined TRACON& Tower with Radar,26,9,37,4,76,0,0,5,0,5,26,9,42,4,81,0,0,0,81
03/26/2004,DLH,MN,AGL,CE,Combined TRACON& Tower with Radar,9,25,76,2,112,0,0,76,0,76,9,25,152,2,188,52,0,52,240
03/27/2004,DLH,MN,AGL,CE,Combined TRACON& Tower with Radar,12,2,4,0,18,0,0,0,0,0,12,2,4,0,18,0,0,0,18
03/28/2004,DLH,MN,AGL,CE,Combined TRACON& Tower with Radar,10,13,61,0,84,0,0,0,0,0,10,13,61,0,84,34,0,34,118
03/29/2004,DLH,MN,AGL,CE,Combined TRACON& Tower with Radar,24,17,34,2,77,0,0,70,4,74,24,17,104,6,151,116,38,154,305
03/30/2004,DLH,MN,AGL,CE,Combined TRACON& Tower with Radar,24,12,50,20,106,0,0,60,14,74,24,12,110,34,180,140,16,156,336
03/31/2004,DLH,MN,AGL,CE,Combined TRACON& Tower with Radar,26,16,49,10,101,0,1,135,2,138,26,17,184,12,239,140,20,160,399
04/01/2004,DLH,MN,AGL,CE,Combined TRACON& Tower with Radar,14,32,55,7,108,0,0,103,6,109,14,32,158,13,217,132,10,142,359
04/02/2004,DLH,MN,AGL,CE,Combined TRACON& Tower with Radar,13,26,58,5,102,0,0,104,0,104,13,26,162,5,206,142,0,142,348
04/03/2004,DLH,MN,AGL,CE,Combined TRACON& Tower with Radar,23,7,8,2,40,0,13,57,2,72,23,20,65,4,112,10,0,10,122
04/04/2004,DLH,MN,AGL,CE,Combined TRACON& Tower with Radar,8,12,21,0,41,3,0,82,0,85,11,12,103,0,126,58,0,58,184
04/05/2004,DLH,MN,AGL,CE,Combined TRACON& Tower with Radar,19,14,26,3,62,0,0,56,2,58,19,14,82,5,120,92,4,96,216
04/06/2004,DLH,MN,AGL,CE,Combined TRACON& Tower with Radar,25,15,45,10,95,0,7,91,2,100,25,22,136,12,195,86,38,124,319
04/07/2004,DLH,MN,AGL,CE,Combined TRACON& Tower with Radar,14,20,40,7,81,0,0,75,1,76,14,20,115,8,157,70,20,90,247
04/08/2004,DLH,MN,AGL,CE,Combined TRACON& Tower with Radar,13,21,61,10,105,0,0,48,0,48,13,21,109,10,153,66,4,70,223
04/09/2004,DLH,MN,AGL,CE,Combined TRACON& Tower with Radar,15,21,46,5,87,0,0,69,6,75,15,21,115,11,162,68,2,70,232
04/10/2004,DLH,MN,AGL,CE,Combined TRACON& Tower with Radar,14,10,13,5,42,0,0,28,3,31,14,10,41,8,73,42,0,42,115
04/11/2004,DLH,MN,AGL,CE,Combined TRACON& Tower with Radar,14,15,10,0,39,0,0,5,0,5,14,15,15,0,44,0,0,0,44
04/12/2004,DLH,MN,AGL,CE,Combined TRACON& Tower with Radar,23,20,52,2,97,0,10,100,5,115,23,30,152,7,212,130,0,130,342
04/13/2004,DLH,MN,AGL,CE,Combined TRACON& Tower with Radar,12,26,30,10,78,0,0,81,10,91,12,26,111,20,169,82,8,90,259
04/14/2004,DLH,MN,AGL,CE,Combined TRACON& Tower with Radar,14,24,58,2,98,0,0,93,0,93,14,24,151,2,191,86,0,86,277
04/15/2004,DLH,MN,AGL,CE,Combined TRACON& Tower with Radar,12,23,53,0,88,0,0,81,4,85,12,23,134,4,173,100,0,100,273
04/16/2004,DLH,MN,AGL,CE,Combined TRACON& Tower with Radar,12,23,35,3,73,0,0,89,2,91,12,23,124,5,164,102,0,102,266
04/17/2004,DLH,MN,AGL,CE,Combined TRACON& Tower with Radar,18,11,21,2,52,0,0,67,0,67,18,11,88,2,119,48,0,48,167
04/18/2004,DLH,MN,AGL,CE,Combined TRACON& Tower with Radar,16,4,8,0,28,0,2,1,0,3,16,6,9,0,31,0,0,0,31
04/19/2004,DLH,MN,AGL,CE,Combined TRACON& Tower with Radar,18,14,45,8,85,0,4,55,0,59,18,18,100,8,144,50,6,56,200
04/20/2004,DLH,MN,AGL,CE,Combined TRACON& Tower with Radar,14,24,64,14,116,0,0,57,2,59,14,24,121,16,175,84,2,86,261
04/21/2004,DLH,MN,AGL,CE,Combined TRACON& Tower with Radar,13,23,39,12,87,0,0,34,0,34,13,23,73,12,121,14,0,14,135
04/22/2004,DLH,MN,AGL,CE,Combined TRACON& Tower with Radar,11,27,46,16,100,0,0,114,4,118,11,27,160,20,218,72,2,74,292
04/23/2004,DLH,MN,AGL,CE,Combined TRACON& Tower with Radar,12,19,50,9,90,1,0,112,6,119,13,19,162,15,209,76,38,114,323
04/24/2004,DLH,MN,AGL,CE,Combined TRACON& Tower with Radar,8,18,30,2,58,0,2,82,0,84,8,20,112,2,142,84,4,88,230
04/25/2004,DLH,MN,AGL,CE,Combined TRACON& Tower with Radar,9,17,11,2,39,0,0,29,0,29,9,17,40,2,68,4,0,4,72
04/26/2004,DLH,MN,AGL,CE,Combined TRACON& Tower with Radar,11,20,34,4,69,0,0,42,1,43,11,20,76,5,112,54,2,56,168
04/27/2004,DLH,MN,AGL,CE,Combined TRACON& Tower with Radar,12,23,30,11,76,0,0,49,1,50,12,23,79,12,126,36,2,38,164
04/28/2004,DLH,MN,AGL,CE,Combined TRACON& Tower with Radar,11,25,42,13,91,0,0,86,4,90,11,25,128,17,181,58,2,60,241
04/29/2004,DLH,MN,AGL,CE,Combined TRACON& Tower with Radar,22,14,40,14,90,0,0,85,0,85,22,14,125,14,175,82,6,88,263
04/30/2004,DLH,MN,AGL,CE,Combined TRACON& Tower with Radar,22,20,46,18,106,0,0,86,0,86,22,20,132,18,192,82,6,88,280
05/01/2004,DLH,MN,AGL,CE,Combined TRACON& Tower with Radar,12,11,17,7,47,3,0,99,10,112,15,11,116,17,159,138,6,144,303
05/02/2004,DLH,MN,AGL,CE,Combined TRACON& Tower with Radar,6,17,28,0,51,0,0,71,2,73,6,17,99,2,124,40,0,40,164
05/03/2004,DLH,MN,AGL,CE,Combined TRACON& Tower with Radar,11,19,28,5,63,3,3,91,3,100,14,22,119,8,163,74,16,90,253
05/04/2004,DLH,MN,AGL,CE,Combined TRACON& Tower with Radar,12,22,33,14,81,0,0,77,4,81,12,22,110,18,162,62,14,76,238
05/05/2004,DLH,MN,AGL,CE,Combined TRACON& Tower with Radar,13,20,33,17,83,0,0,95,0,95,13,20,128,17,178,84,4,88,266
05/06/2004,DLH,MN,AGL,CE,Combined TRACON& Tower with Radar,21,15,53,20,109,0,0,83,4,87,21,15,136,24,196,56,48,104,300
05/07/2004,DLH,MN,AGL,CE,Combined TRACON& Tower with Radar,20,19,29,22,90,0,3,109,6,118,20,22,138,28,208,128,68,196,404
05/08/2004,DLH,MN,AGL,CE,Combined TRACON& Tower with Radar,14,14,27,0,55,0,6,99,52,157,14,20,126,52,212,0,0,0,212
05/09/2004,DLH,MN,AGL,CE,Combined TRACON& Tower with Radar,11,16,25,0,52,0,0,16,0,16,11,16,41,0,68,10,0,10,78
05/10/2004,DLH,MN,AGL,CE,Combined TRACON& Tower with Radar,11,16,22,0,49,1,0,83,0,84,12,16,105,0,133,78,0,78,211
05/11/2004,DLH,MN,AGL,CE,Combined TRACON& Tower with Radar,18,18,44,4,84,0,5,70,3,78,18,23,114,7,162,78,2,80,242
05/12/2004,DLH,MN,AGL,CE,Combined TRACON& Tower with Radar,20,22,50,4,96,0,0,10,0,10,20,22,60,4,106,2,0,2,108
05/13/2004,DLH,MN,AGL,CE,Combined TRACON& Tower with Radar,21,17,66,15,119,0,1,68,11,80,21,18,134,26,199,70,6,76,275
05/14/2004,DLH,MN,AGL,CE,Combined TRACON& Tower with Radar,20,15,40,24,99,0,3,61,7,71,20,18,101,31,170,32,0,32,202
05/15/2004,DLH,MN,AGL,CE,Combined TRACON& Tower with Radar,12,15,23,20,70,0,0,56,0,56,12,15,79,20,126,18,20,38,164
05/16/2004,DLH,MN,AGL,CE,Combined TRACON& Tower with Radar,8,19,27,3,57,0,3,38,0,41,8,22,65,3,98,26,0,26,124
05/17/2004,DLH,MN,AGL,CE,Combined TRACON& Tower with Radar,16,24,57,9,106,0,0,31,0,31,16,24,88,9,137,38,8,46,183
05/18/2004,DLH,MN,AGL,CE,Combined TRACON& Tower with Radar,16,16,41,14,87,0,0,75,6,81,16,16,116,20,168,56,0,56,224
05/19/2004,DLH,MN,AGL,CE,Combined TRACON& Tower with Radar,19,18,39,11,87,0,2,82,0,84,19,20,121,11,171,80,0,80,251
05/20/2004,DLH,MN,AGL,CE,Combined TRACON& Tower with Radar,15,18,68,18,119,0,0,76,5,81,15,18,144,23,200,50,8,58,258
05/21/2004,DLH,MN,AGL,CE,Combined TRACON& Tower with Radar,20,22,36,22,100,0,0,83,0,83,20,22,119,22,183,126,24,150,333
05/22/2004,DLH,MN,AGL,CE,Combined TRACON& Tower with Radar,11,17,16,0,44,0,3,0,0,3,11,20,16,0,47,2,0,2,49
05/23/2004,DLH,MN,AGL,CE,Combined TRACON& Tower with Radar,8,15,14,0,37,0,2,2,0,4,8,17,16,0,41,0,0,0,41
05/24/2004,DLH,MN,AGL,CE,Combined TRACON& Tower with Radar,23,10,48,6,87,0,0,74,0,74,23,10,122,6,161,64,6,70,231
05/25/2004,DLH,MN,AGL,CE,Combined TRACON& Tower with Radar,26,16,65,19,126,0,3,46,2,51,26,19,111,21,177,38,0,38,215
05/26/2004,DLH,MN,AGL,CE,Combined TRACON& Tower with Radar,18,21,52,28,119,0,0,104,4,108,18,21,156,32,227,68,28,96,323
05/27/2004,DLH,MN,AGL,CE,Combined TRACON& Tower with Radar,21,12,42,8,83,0,4,47,0,51,21,16,89,8,134,36,8,44,178
05/28/2004,DLH,MN,AGL,CE,Combined TRACON& Tower with Radar,13,22,44,5,84,0,0,114,0,114,13,22,158,5,198,120,0,120,318
05/29/2004,DLH,MN,AGL,CE,Combined TRACON& Tower with Radar,19,7,26,0,52,0,0,27,1,28,19,7,53,1,80,0,48,48,128
05/30/2004,DLH,MN,AGL,CE,Combined TRACON& Tower with Radar,7,4,10,0,21,0,0,0,0,0,7,4,10,0,21,0,0,0,21
05/31/2004,DLH,MN,AGL,CE,Combined TRACON& Tower with Radar,13,10,28,0,51,0,0,7,0,7,13,10,35,0,58,2,0,2,60
06/01/2004,DLH,MN,AGL,CE,Combined TRACON& Tower with Radar,18,15,33,4,70,0,3,11,0,14,18,18,44,4,84,14,6,20,104
06/02/2004,DLH,MN,AGL,CE,Combined TRACON& Tower with Radar,13,29,42,16,100,0,1,93,8,102,13,30,135,24,202,134,50,184,386
06/03/2004,DLH,MN,AGL,CE,Combined TRACON& Tower with Radar,12,23,39,14,88,0,0,74,0,74,12,23,113,14,162,50,0,50,212
06/04/2004,DLH,MN,AGL,CE,Combined TRACON& Tower with Radar,16,22,45,19,102,0,1,73,0,74,16,23,118,19,176,60,12,72,248
06/05/2004,DLH,MN,AGL,CE,Combined TRACON& Tower with Radar,21,6,37,0,64,0,0,23,0,23,21,6,60,0,87,36,0,36,123
06/06/2004,DLH,MN,AGL,CE,Combined TRACON& Tower with Radar,17,13,29,0,59,0,0,51,0,51,17,13,80,0,110,78,0,78,188
06/07/2004,DLH,MN,AGL,CE,Combined TRACON& Tower with Radar,10,22,23,14,69,0,2,0,1,3,10,24,23,15,72,60,4,64,136
06/08/2004,DLH,MN,AGL,CE,Combined TRACON& Tower with Radar,11,23,45,13,92,0,0,65,2,67,11,23,110,15,159,38,12,50,209
06/09/2004,DLH,MN,AGL,CE,Combined TRACON& Tower with Radar,13,30,73,8,124,0,0,117,0,117,13,30,190,8,241,76,12,88,329
06/10/2004,DLH,MN,AGL,CE,Combined TRACON& Tower with Radar,13,26,73,21,133,0,0,51,0,51,13,26,124,21,184,50,104,154,338
06/11/2004,DLH,MN,AGL,CE,Combined TRACON& Tower with Radar,24,13,73,1,111,0,3,30,0,33,24,16,103,1,144,28,2,30,174
06/12/2004,DLH,MN,AGL,CE,Combined TRACON& Tower with Radar,16,10,35,1,62,0,0,55,0,55,16,10,90,1,117,28,0,28,145
06/13/2004,DLH,MN,AGL,CE,Combined TRACON& Tower with Radar,14,7,22,3,46,0,0,52,2,54,14,7,74,5,100,12,0,12,112
06/14/2004,DLH,MN,AGL,CE,Combined TRACON& Tower with Radar,12,25,42,20,99,0,0,57,1,58,12,25,99,21,157,18,21,39,196
06/15/2004,DLH,MN,AGL,CE,Combined TRACON& Tower with Radar,13,20,32,12,77,0,0,66,8,74,13,20,98,20,151,32,10,42,193
06/16/2004,DLH,MN,AGL,CE,Combined TRACON& Tower with Radar,12,29,49,18,108,0,0,92,3,95,12,29,141,21,203,60,12,72,275
06/17/2004,DLH,MN,AGL,CE,Combined TRACON& Tower with Radar,11,22,62,17,112,0,1,81,0,82,11,23,143,17,194,122,14,136,330
06/18/2004,DLH,MN,AGL,CE,Combined TRACON& Tower with Radar,23,16,59,18,116,0,6,100,0,106,23,22,159,18,222,94,20,114,336
06/19/2004,DLH,MN,AGL,CE,Combined TRACON& Tower with Radar,11,11,22,2,46,0,4,68,3,75,11,15,90,5,121,60,2,62,183
06/20/2004,DLH,MN,AGL,CE,Combined TRACON& Tower with Radar,15,8,30,0,53,0,10,56,0,66,15,18,86,0,119,30,0,30,149
06/21/2004,DLH,MN,AGL,CE,Combined TRACON& Tower with Radar,16,22,36,0,74,0,0,47,0,47,16,22,83,0,121,94,0,94,215
06/22/2004,DLH,MN,AGL,CE,Combined TRACON& Tower with Radar,11,22,42,10,85,0,0,74,5,79,11,22,116,15,164,78,34,112,276
06/23/2004,DLH,MN,AGL,CE,Combined TRACON& Tower with Radar,26,14,55,2,97,0,0,69,0,69,26,14,124,2,166,82,4,86,252
06/24/2004,DLH,MN,AGL,CE,Combined TRACON& Tower with Radar,26,13,62,12,113,0,0,73,9,82,26,13,135,21,195,132,24,156,351
06/25/2004,DLH,MN,AGL,CE,Combined TRACON& Tower with Radar,22,20,60,12,114,0,0,80,6,86,22,20,140,18,200,110,8,118,318
06/26/2004,DLH,MN,AGL,CE,Combined TRACON& Tower with Radar,11,13,27,21,72,0,0,89,4,93,11,13,116,25,165,88,42,130,295
06/27/2004,DLH,MN,AGL,CE,Combined TRACON& Tower with Radar,5,21,34,9,69,0,0,49,3,52,5,21,83,12,121,48,4,52,173
06/28/2004,DLH,MN,AGL,CE,Combined TRACON& Tower with Radar,12,20,42,12,86,0,0,59,0,59,12,20,101,12,145,44,2,46,191
06/29/2004,DLH,MN,AGL,CE,Combined TRACON& Tower with Radar,16,20,37,11,84,0,2,89,3,94,16,22,126,14,178,158,6,164,342
06/30/2004,DLH,MN,AGL,CE,Combined TRACON& Tower with Radar,15,23,51,12,101,0,0,86,0,86,15,23,137,12,187,58,22,80,267
07/01/2004,DLH,MN,AGL,CE,Combined TRACON& Tower with Radar,25,9,42,12,88,0,10,116,11,137,25,19,158,23,225,86,20,106,331
07/02/2004,DLH,MN,AGL,CE,Combined TRACON& Tower with Radar,18,14,44,14,90,0,5,116,8,129,18,19,160,22,219,74,20,94,313
07/03/2004,DLH,MN,AGL,CE,Combined TRACON& Tower with Radar,12,14,26,0,52,0,0,40,0,40,12,14,66,0,92,9,0,9,101
07/04/2004,DLH,MN,AGL,CE,Combined TRACON& Tower with Radar,11,6,20,0,37,0,4,10,4,18,11,10,30,4,55,0,4,4,59
07/05/2004,DLH,MN,AGL,CE,Combined TRACON& Tower with Radar,6,16,34,0,56,0,0,14,0,14,6,16,48,0,70,28,0,28,98
07/06/2004,DLH,MN,AGL,CE,Combined TRACON& Tower with Radar,18,16,43,8,85,0,0,43,1,44,18,16,86,9,129,80,28,108,237
07/07/2004,DLH,MN,AGL,CE,Combined TRACON& Tower with Radar,22,19,44,18,103,0,3,76,2,81,22,22,120,20,184,70,24,94,278
07/08/2004,DLH,MN,AGL,CE,Combined TRACON& Tower with Radar,13,23,77,15,128,0,0,105,5,110,13,23,182,20,238,150,32,182,420
07/09/2004,DLH,MN,AGL,CE,Combined TRACON& Tower with Radar,19,23,93,4,139,0,0,96,0,96,19,23,189,4,235,40,6,46,281
07/10/2004,DLH,MN,AGL,CE,Combined TRACON& Tower with Radar,12,18,39,3,72,0,0,117,1,118,12,18,156,4,190,44,0,44,234
07/11/2004,DLH,MN,AGL,CE,Combined TRACON& Tower with Radar,8,12,118,8,146,2,0,27,3,32,10,12,145,11,178,0,2,2,180
07/12/2004,DLH,MN,AGL,CE,Combined TRACON& Tower with Radar,13,22,31,4,70,0,0,77,2,79,13,22,108,6,149,28,0,28,177
07/13/2004,DLH,MN,AGL,CE,Combined TRACON& Tower with Radar,19,13,39,8,79,0,2,57,0,59,19,15,96,8,138,100,0,100,238
07/14/2004,DLH,MN,AGL,CE,Combined TRACON& Tower with Radar,10,26,66,12,114,0,0,113,0,113,10,26,179,12,227,134,14,148,375
07/15/2004,DLH,MN,AGL,CE,Combined TRACON& Tower with Radar,13,25,64,11,113,0,0,115,3,118,13,25,179,14,231,78,18,96,327
07/16/2004,DLH,MN,AGL,CE,Combined TRACON& Tower with Radar,14,20,43,13,90,0,0,101,4,105,14,20,144,17,195,30,34,64,259
07/17/2004,DLH,MN,AGL,CE,Combined TRACON& Tower with Radar,20,10,40,1,71,0,0,74,0,74,20,10,114,1,145,112,0,112,257
07/18/2004,DLH,MN,AGL,CE,Combined TRACON& Tower with Radar,20,21,40,0,81,0,0,67,0,67,20,21,107,0,148,86,0,86,234
07/19/2004,DLH,MN,AGL,CE,Combined TRACON& Tower with Radar,19,18,43,12,92,0,0,76,9,85,19,18,119,21,177,78,2,80,257
07/20/2004,DLH,MN,AGL,CE,Combined TRACON& Tower with Radar,19,15,46,17,97,0,7,90,0,97,19,22,136,17,194,60,24,84,278
07/21/2004,DLH,MN,AGL,CE,Combined TRACON& Tower with Radar,12,21,62,12,107,0,0,63,4,67,12,21,125,16,174,28,8,36,210
07/22/2004,DLH,MN,AGL,CE,Combined TRACON& Tower with Radar,12,24,49,25,110,0,0,85,0,85,12,24,134,25,195,42,48,90,285
07/23/2004,DLH,MN,AGL,CE,Combined TRACON& Tower with Radar,12,22,48,13,95,0,0,112,4,116,12,22,160,17,211,50,40,90,301
07/24/2004,DLH,MN,AGL,CE,Combined TRACON& Tower with Radar,15,12,26,0,53,0,0,53,0,53,15,12,79,0,106,60,0,60,166
07/25/2004,DLH,MN,AGL,CE,Combined TRACON& Tower with Radar,22,10,20,0,52,0,0,68,0,68,22,10,88,0,120,110,0,110,230
07/26/2004,DLH,MN,AGL,CE,Combined TRACON& Tower with Radar,14,14,13,7,48,0,5,108,0,113,14,19,121,7,161,60,8,68,229
07/27/2004,DLH,MN,AGL,CE,Combined TRACON& Tower with Radar,12,25,32,23,92,0,0,81,3,84,12,25,113,26,176,82,26,108,284
07/28/2004,DLH,MN,AGL,CE,Combined TRACON& Tower with Radar,13,21,43,12,89,3,0,58,0,61,16,21,101,12,150,84,10,94,244
07/29/2004,DLH,MN,AGL,CE,Combined TRACON& Tower with Radar,11,19,43,10,83,0,18,106,10,134,11,37,149,20,217,46,2,48,265
07/30/2004,DLH,MN,AGL,CE,Combined TRACON& Tower with Radar,22,38,91,8,159,0,0,25,0,25,22,38,116,8,184,48,0,48,232
07/31/2004,DLH,MN,AGL,CE,Combined TRACON& Tower with Radar,15,10,34,7,66,0,0,62,3,65,15,10,96,10,131,24,4,28,159
08/01/2004,DLH,MN,AGL,CE,Combined TRACON& Tower with Radar,15,7,20,2,44,0,2,58,3,63,15,9,78,5,107,36,0,36,143
08/02/2004,DLH,MN,AGL,CE,Combined TRACON& Tower with Radar,11,24,31,4,70,0,0,65,0,65,11,24,96,4,135,78,4,82,217
08/03/2004,DLH,MN,AGL,CE,Combined TRACON& Tower with Radar,11,29,49,21,110,0,0,109,8,117,11,29,158,29,227,94,20,114,341
08/04/2004,DLH,MN,AGL,CE,Combined TRACON& Tower with Radar,27,17,38,17,99,0,0,132,5,137,27,17,170,22,236,88,8,96,332
08/05/2004,DLH,MN,AGL,CE,Combined TRACON& Tower with Radar,21,15,48,12,96,0,0,86,0,86,21,15,134,12,182,78,24,102,284
08/06/2004,DLH,MN,AGL,CE,Combined TRACON& Tower with Radar,22,8,32,14,76,0,7,100,3,110,22,15,132,17,186,74,6,80,266
08/07/2004,DLH,MN,AGL,CE,Combined TRACON& Tower with Radar,16,18,35,16,85,0,0,40,0,40,16,18,75,16,125,58,0,58,183
08/08/2004,DLH,MN,AGL,CE,Combined TRACON& Tower with Radar,16,8,23,3,50,0,4,12,1,17,16,12,35,4,67,0,6,6,73
08/09/2004,DLH,MN,AGL,CE,Combined TRACON& Tower with Radar,10,26,29,10,75,0,0,16,1,17,10,26,45,11,92,12,6,18,110
08/10/2004,DLH,MN,AGL,CE,Combined TRACON& Tower with Radar,13,28,71,9,121,0,0,27,2,29,13,28,98,11,150,42,0,42,192
08/11/2004,DLH,MN,AGL,CE,Combined TRACON& Tower with Radar,17,32,63,0,112,0,0,21,10,31,17,32,84,10,143,86,0,86,229
08/12/2004,DLH,MN,AGL,CE,Combined TRACON& Tower with Radar,10,27,70,9,116,0,0,171,8,179,10,27,241,17,295,236,0,236,531
08/13/2004,DLH,MN,AGL,CE,Combined TRACON& Tower with Radar,24,18,47,12,101,0,0,102,1,103,24,18,149,13,204,112,20,132,336
08/14/2004,DLH,MN,AGL,CE,Combined TRACON& Tower with Radar,12,16,27,4,59,0,0,0,0,0,12,16,27,4,59,100,0,100,159
08/15/2004,DLH,MN,AGL,CE,Combined TRACON& Tower with Radar,8,19,31,4,62,0,0,64,0,64,8,19,95,4,126,100,28,128,254
08/16/2004,DLH,MN,AGL,CE,Combined TRACON& Tower with Radar,25,18,59,4,106,0,0,49,1,50,25,18,108,5,156,10,0,10,166
08/17/2004,DLH,MN,AGL,CE,Combined TRACON& Tower with Radar,11,23,40,3,77,0,0,103,0,103,11,23,143,3,180,60,0,60,240
08/18/2004,DLH,MN,AGL,CE,Combined TRACON& Tower with Radar,27,12,42,8,89,0,4,54,2,60,27,16,96,10,149,14,4,18,167
08/19/2004,DLH,MN,AGL,CE,Combined TRACON& Tower with Radar,20,15,39,8,82,0,0,84,1,85,20,15,123,9,167,48,2,50,217
08/20/2004,DLH,MN,AGL,CE,Combined TRACON& Tower with Radar,27,11,33,7,78,0,11,196,0,207,27,22,229,7,285,60,0,60,345
08/21/2004,DLH,MN,AGL,CE,Combined TRACON& Tower with Radar,18,7,19,0,44,0,0,69,1,70,18,7,88,1,114,16,0,16,130
08/22/2004,DLH,MN,AGL,CE,Combined TRACON& Tower with Radar,15,13,28,0,56,0,2,30,0,32,15,15,58,0,88,24,0,24,112
08/23/2004,DLH,MN,AGL,CE,Combined TRACON& Tower with Radar,20,15,45,2,82,0,2,63,2,67,20,17,108,4,149,84,0,84,233
08/24/2004,DLH,MN,AGL,CE,Combined TRACON& Tower with Radar,19,16,70,0,105,0,6,31,3,40,19,22,101,3,145,58,0,58,203
08/25/2004,DLH,MN,AGL,CE,Combined TRACON& Tower with Radar,28,8,60,10,106,0,9,98,0,107,28,17,158,10,213,108,28,136,349
08/26/2004,DLH,MN,AGL,CE,Combined TRACON& Tower with Radar,18,15,60,2,95,0,2,24,0,26,18,17,84,2,121,22,0,22,143
08/27/2004,DLH,MN,AGL,CE,Combined TRACON& Tower with Radar,14,27,58,2,101,0,0,99,0,99,14,27,157,2,200,72,0,72,272
08/28/2004,DLH,MN,AGL,CE,Combined TRACON& Tower with Radar,12,13,59,2,86,4,0,46,1,51,16,13,105,3,137,32,0,32,169
08/29/2004,DLH,MN,AGL,CE,Combined TRACON& Tower with Radar,8,11,36,3,58,8,0,49,0,57,16,11,85,3,115,20,0,20,135
08/30/2004,DLH,MN,AGL,CE,Combined TRACON& Tower with Radar,22,10,44,12,88,0,0,44,0,44,22,10,88,12,132,166,0,166,298
08/31/2004,DLH,MN,AGL,CE,Combined TRACON& Tower with Radar,21,16,33,10,80,0,2,77,1,80,21,18,110,11,160,72,0,72,232
09/01/2004,DLH,MN,AGL,CE,Combined TRACON& Tower with Radar,14,12,80,10,116,0,8,0,0,8,14,20,80,10,124,0,0,0,124
09/02/2004,DLH,MN,AGL,CE,Combined TRACON& Tower with Radar,26,9,37,5,77,0,2,104,0,106,26,11,141,5,183,54,0,54,237
09/03/2004,DLH,MN,AGL,CE,Combined TRACON& Tower with Radar,11,23,32,2,68,0,0,120,0,120,11,23,152,2,188,40,0,40,228
09/04/2004,DLH,MN,AGL,CE,Combined TRACON& Tower with Radar,13,18,30,0,61,0,0,59,0,59,13,18,89,0,120,54,0,54,174
09/05/2004,DLH,MN,AGL,CE,Combined TRACON& Tower with Radar,5,18,15,0,38,0,0,0,0,0,5,18,15,0,38,0,0,0,38
09/06/2004,DLH,MN,AGL,CE,Combined TRACON& Tower with Radar,13,14,14,0,41,0,0,35,0,35,13,14,49,0,76,0,0,0,76
09/07/2004,DLH,MN,AGL,CE,Combined TRACON& Tower with Radar,18,18,35,19,90,0,4,89,9,102,18,22,124,28,192,40,10,50,242
09/08/2004,DLH,MN,AGL,CE,Combined TRACON& Tower with Radar,12,20,56,22,110,0,0,77,0,77,12,20,133,22,187,58,10,68,255
09/09/2004,DLH,MN,AGL,CE,Combined TRACON& Tower with Radar,10,27,38,7,82,0,0,98,0,98,10,27,136,7,180,40,0,40,220
09/10/2004,DLH,MN,AGL,CE,Combined TRACON& Tower with Radar,10,19,38,4,71,0,0,112,3,115,10,19,150,7,186,18,2,20,206
09/11/2004,DLH,MN,AGL,CE,Combined TRACON& Tower with Radar,20,7,38,3,68,0,5,40,2,47,20,12,78,5,115,28,0,28,143
09/12/2004,DLH,MN,AGL,CE,Combined TRACON& Tower with Radar,16,5,18,0,39,0,0,0,0,0,16,5,18,0,39,0,0,0,39
09/13/2004,DLH,MN,AGL,CE,Combined TRACON& Tower with Radar,17,10,28,0,55,0,4,76,0,80,17,14,104,0,135,80,0,80,215
09/14/2004,DLH,MN,AGL,CE,Combined TRACON& Tower with Radar,8,19,39,21,87,0,0,89,11,100,8,19,128,32,187,76,44,120,307
09/15/2004,DLH,MN,AGL,CE,Combined TRACON& Tower with Radar,10,13,26,1,50,3,0,0,1,4,13,13,26,2,54,0,0,0,54
09/16/2004,DLH,MN,AGL,CE,Combined TRACON& Tower with Radar,24,15,62,13,114,0,9,157,1,167,24,24,219,14,281,140,36,176,457
09/17/2004,DLH,MN,AGL,CE,Combined TRACON& Tower with Radar,14,8,40,2,64,0,5,89,0,94,14,13,129,2,158,33,0,33,191
09/18/2004,DLH,MN,AGL,CE,Combined TRACON& Tower with Radar,16,9,36,12,73,0,0,70,3,73,16,9,106,15,146,34,12,46,192
09/19/2004,DLH,MN,AGL,CE,Combined TRACON& Tower with Radar,17,6,21,0,44,0,5,47,2,54,17,11,68,2,98,48,0,48,146
09/20/2004,DLH,MN,AGL,CE,Combined TRACON& Tower with Radar,8,16,21,10,55,0,0,73,2,75,8,16,94,12,130,10,2,12,142
09/21/2004,DLH,MN,AGL,CE,Combined TRACON& Tower with Radar,12,18,71,0,101,0,0,1,0,1,12,18,72,0,102,6,0,6,108
09/22/2004,DLH,MN,AGL,CE,Combined TRACON& Tower with Radar,12,13,69,0,94,0,3,0,0,3,12,16,69,0,97,2,0,2,99
09/23/2004,DLH,MN,AGL,CE,Combined TRACON& Tower with Radar,23,19,46,11,99,0,0,94,2,96,23,19,140,13,195,42,0,42,237
09/24/2004,DLH,MN,AGL,CE,Combined TRACON& Tower with Radar,22,8,106,9,145,0,6,23,3,32,22,14,129,12,177,88,0,88,265
09/25/2004,DLH,MN,AGL,CE,Combined TRACON& Tower with Radar,15,7,19,2,43,0,5,150,4,159,15,12,169,6,202,82,0,82,284
09/26/2004,DLH,MN,AGL,CE,Combined TRACON& Tower with Radar,6,14,20,2,42,0,0,122,4,126,6,14,142,6,168,48,2,50,218
09/27/2004,DLH,MN,AGL,CE,Combined TRACON& Tower with Radar,10,16,15,0,41,0,0,101,0,101,10,16,116,0,142,2,36,38,180
09/28/2004,DLH,MN,AGL,CE,Combined TRACON& Tower with Radar,11,18,38,8,75,0,0,96,0,96,11,18,134,8,171,60,0,60,231
09/29/2004,DLH,MN,AGL,CE,Combined TRACON& Tower with Radar,9,21,33,17,80,0,0,65,0,65,9,21,98,17,145,50,4,54,199
09/30/2004,DLH,MN,AGL,CE,Combined TRACON& Tower with Radar,13,21,46,8,88,0,0,101,0,101,13,21,147,8,189,60,20,80,269
10/01/2004,DLH,MN,AGL,CE,Combined TRACON& Tower with Radar,18,13,38,0,69,0,1,65,0,66,18,14,103,0,135,36,0,36,171
10/02/2004,DLH,MN,AGL,CE,Combined TRACON& Tower with Radar,8,14,13,0,35,0,0,99,0,99,8,14,112,0,134,94,0,94,228
10/03/2004,DLH,MN,AGL,CE,Combined TRACON& Tower with Radar,6,12,22,1,41,0,0,50,0,50,6,12,72,1,91,62,0,62,153
10/04/2004,DLH,MN,AGL,CE,Combined TRACON& Tower with Radar,9,12,25,10,56,3,0,99,2,104,12,12,124,12,160,54,6,60,220
10/05/2004,DLH,MN,AGL,CE,Combined TRACON& Tower with Radar,19,11,18,14,62,0,0,88,2,90,19,11,106,16,152,80,8,88,240
10/06/2004,DLH,MN,AGL,CE,Combined TRACON& Tower with Radar,20,8,27,15,70,0,4,132,0,136,20,12,159,15,206,138,10,148,354
10/07/2004,DLH,MN,AGL,CE,Combined TRACON& Tower with Radar,19,11,42,17,89,0,0,87,0,87,19,11,129,17,176,168,24,192,368
10/08/2004,DLH,MN,AGL,CE,Combined TRACON& Tower with Radar,15,17,64,11,107,0,0,49,1,50,15,17,113,12,157,42,0,42,199
10/09/2004,DLH,MN,AGL,CE,Combined TRACON& Tower with Radar,12,10,19,2,43,0,0,109,2,111,12,10,128,4,154,80,8,88,242
10/10/2004,DLH,MN,AGL,CE,Combined TRACON& Tower with Radar,6,15,19,3,43,0,0,112,1,113,6,15,131,4,156,28,6,34,190
10/11/2004,DLH,MN,AGL,CE,Combined TRACON& Tower with Radar,20,12,24,2,58,0,0,92,0,92,20,12,116,2,150,160,2,162,312
10/12/2004,DLH,MN,AGL,CE,Combined TRACON& Tower with Radar,20,13,31,4,68,0,1,87,0,88,20,14,118,4,156,134,8,142,298
10/13/2004,DLH,MN,AGL,CE,Combined TRACON& Tower with Radar,20,16,60,0,96,0,0,28,0,28,20,16,88,0,124,4,0,4,128
10/14/2004,DLH,MN,AGL,CE,Combined TRACON& Tower with Radar,10,22,82,14,128,0,0,61,8,69,10,22,143,22,197,102,10,112,309
10/15/2004,DLH,MN,AGL,CE,Combined TRACON& Tower with Radar,14,21,46,6,87,0,0,23,0,23,14,21,69,6,110,40,0,40,150
10/16/2004,DLH,MN,AGL,CE,Combined TRACON& Tower with Radar,10,14,28,1,53,0,0,15,1,16,10,14,43,2,69,2,0,2,71
10/17/2004,DLH,MN,AGL,CE,Combined TRACON& Tower with Radar,6,11,15,0,32,4,0,51,5,60,10,11,66,5,92,12,0,12,104
10/18/2004,DLH,MN,AGL,CE,Combined TRACON& Tower with Radar,17,12,29,12,70,0,4,113,6,123,17,16,142,18,193,118,0,118,311
10/19/2004,DLH,MN,AGL,CE,Combined TRACON& Tower with Radar,18,13,37,5,73,0,0,16,5,21,18,13,53,10,94,32,0,32,126
10/20/2004,DLH,MN,AGL,CE,Combined TRACON& Tower with Radar,20,11,46,19,96,0,0,85,8,93,20,11,131,27,189,48,34,82,271
10/21/2004,DLH,MN,AGL,CE,Combined TRACON& Tower with Radar,9,20,59,6,94,0,0,57,7,64,9,20,116,13,158,52,4,56,214
10/22/2004,DLH,MN,AGL,CE,Combined TRACON& Tower with Radar,8,17,20,0,45,0,0,0,0,0,8,17,20,0,45,12,0,12,57
10/23/2004,DLH,MN,AGL,CE,Combined TRACON& Tower with Radar,10,10,28,4,52,0,0,28,0,28,10,10,56,4,80,28,0,28,108
10/24/2004,DLH,MN,AGL,CE,Combined TRACON& Tower with Radar,6,14,36,0,56,0,0,37,0,37,6,14,73,0,93,32,0,32,125
10/25/2004,DLH,MN,AGL,CE,Combined TRACON& Tower with Radar,19,17,32,4,72,0,0,92,3,95,19,17,124,7,167,130,10,140,307
10/26/2004,DLH,MN,AGL,CE,Combined TRACON& Tower with Radar,11,23,39,16,89,0,0,82,0,82,11,23,121,16,171,62,26,88,259
10/27/2004,DLH,MN,AGL,CE,Combined TRACON& Tower with Radar,10,19,93,16,138,0,0,80,4,84,10,19,173,20,222,114,36,150,372
10/28/2004,DLH,MN,AGL,CE,Combined TRACON& Tower with Radar,9,15,10,1,35,0,0,0,0,0,9,15,10,1,35,6,0,6,41
10/29/2004,DLH,MN,AGL,CE,Combined TRACON& Tower with Radar,4,5,7,0,16,0,0,3,0,3,4,5,10,0,19,0,0,0,19
10/30/2004,DLH,MN,AGL,CE,Combined TRACON& Tower with Radar,10,10,32,0,52,0,0,26,0,26,10,10,58,0,78,0,0,0,78
10/31/2004,DLH,MN,AGL,CE,Combined TRACON& Tower with Radar,10,12,52,0,74,0,0,46,0,46,10,12,98,0,120,20,0,20,140
11/01/2004,DLH,MN,AGL,CE,Combined TRACON& Tower with Radar,9,12,41,14,76,0,0,80,3,83,9,12,121,17,159,56,78,134,293
11/02/2004,DLH,MN,AGL,CE,Combined TRACON& Tower with Radar,15,14,44,8,81,0,0,67,0,67,15,14,111,8,148,82,8,90,238
11/03/2004,DLH,MN,AGL,CE,Combined TRACON& Tower with Radar,13,11,25,6,55,0,0,112,3,115,13,11,137,9,170,88,10,98,268
11/04/2004,DLH,MN,AGL,CE,Combined TRACON& Tower with Radar,12,14,32,4,62,2,0,109,1,112,14,14,141,5,174,46,6,52,226
11/05/2004,DLH,MN,AGL,CE,Combined TRACON& Tower with Radar,15,12,28,0,55,0,0,114,0,114,15,12,142,0,169,132,0,132,301
11/06/2004,DLH,MN,AGL,CE,Combined TRACON& Tower with Radar,17,8,24,4,53,0,0,108,2,110,17,8,132,6,163,92,0,92,255
11/07/2004,DLH,MN,AGL,CE,Combined TRACON& Tower with Radar,13,6,17,2,38,0,0,53,2,55,13,6,70,4,93,22,0,22,115
11/08/2004,DLH,MN,AGL,CE,Combined TRACON& Tower with Radar,12,12,13,12,49,0,3,83,8,94,12,15,96,20,143,70,24,94,237
11/09/2004,DLH,MN,AGL,CE,Combined TRACON& Tower with Radar,14,15,23,12,64,0,4,104,0,108,14,19,127,12,172,36,8,44,216
11/10/2004,DLH,MN,AGL,CE,Combined TRACON& Tower with Radar,14,10,37,21,82,0,0,81,0,81,14,10,118,21,163,20,44,64,227
11/11/2004,DLH,MN,AGL,CE,Combined TRACON& Tower with Radar,14,10,65,0,89,0,0,90,3,93,14,10,155,3,182,146,0,146,328
11/12/2004,DLH,MN,AGL,CE,Combined TRACON& Tower with Radar,19,4,30,0,53,0,2,76,2,80,19,6,106,2,133,68,0,68,201
11/13/2004,DLH,MN,AGL,CE,Combined TRACON& Tower with Radar,14,5,25,0,44,0,0,82,2,84,14,5,107,2,128,42,0,42,170
11/14/2004,DLH,MN,AGL,CE,Combined TRACON& Tower with Radar,10,6,21,0,37,2,0,63,0,65,12,6,84,0,102,20,0,20,122
11/15/2004,DLH,MN,AGL,CE,Combined TRACON& Tower with Radar,9,15,25,15,64,0,0,59,0,59,9,15,84,15,123,40,50,90,213
11/16/2004,DLH,MN,AGL,CE,Combined TRACON& Tower with Radar,17,6,32,5,60,0,1,0,1,2,17,7,32,6,62,6,0,6,68
11/17/2004,DLH,MN,AGL,CE,Combined TRACON& Tower with Radar,10,11,32,5,58,0,0,5,0,5,10,11,37,5,63,34,10,44,107
11/18/2004,DLH,MN,AGL,CE,Combined TRACON& Tower with Radar,18,8,64,18,108,0,4,98,12,114,18,12,162,30,222,64,42,106,328
11/19/2004,DLH,MN,AGL,CE,Combined TRACON& Tower with Radar,22,11,45,15,93,0,1,84,3,88,22,12,129,18,181,75,20,95,276
11/20/2004,DLH,MN,AGL,CE,Combined TRACON& Tower with Radar,10,11,30,14,65,0,0,14,0,14,10,11,44,14,79,2,0,2,81
11/21/2004,DLH,MN,AGL,CE,Combined TRACON& Tower with Radar,6,12,28,0,46,0,0,66,0,66,6,12,94,0,112,42,0,42,154
11/22/2004,DLH,MN,AGL,CE,Combined TRACON& Tower with Radar,19,5,34,16,74,0,2,59,1,62,19,7,93,17,136,96,22,118,254
11/23/2004,DLH,MN,AGL,CE,Combined TRACON& Tower with Radar,17,12,31,14,74,0,0,68,0,68,17,12,99,14,142,108,24,132,274
11/24/2004,DLH,MN,AGL,CE,Combined TRACON& Tower with Radar,20,8,38,13,79,0,4,114,1,119,20,12,152,14,198,114,28,142,340
11/25/2004,DLH,MN,AGL,CE,Combined TRACON& Tower with Radar,16,3,4,0,23,0,0,9,1,10,16,3,13,1,33,0,0,0,33
11/26/2004,DLH,MN,AGL,CE,Combined TRACON& Tower with Radar,13,7,12,0,32,0,0,7,0,7,13,7,19,0,39,56,0,56,95
11/27/2004,DLH,MN,AGL,CE,Combined TRACON& Tower with Radar,8,14,3,0,25,0,0,9,0,9,8,14,12,0,34,0,0,0,34
11/28/2004,DLH,MN,AGL,CE,Combined TRACON& Tower with Radar,8,11,38,1,58,0,0,4,0,4,8,11,42,1,62,12,0,12,74
11/29/2004,DLH,MN,AGL,CE,Combined TRACON& Tower with Radar,8,16,38,1,63,0,0,70,0,70,8,16,108,1,133,120,20,140,273
11/30/2004,DLH,MN,AGL,CE,Combined TRACON& Tower with Radar,19,5,32,12,68,0,6,81,0,87,19,11,113,12,155,60,16,76,231
12/01/2004,DLH,MN,AGL,CE,Combined TRACON& Tower with Radar,18,10,38,14,80,0,0,20,4,24,18,10,58,18,104,0,0,0,104
12/02/2004,DLH,MN,AGL,CE,Combined TRACON& Tower with Radar,21,11,20,5,57,0,0,39,2,41,21,11,59,7,98,0,0,0,98
12/03/2004,DLH,MN,AGL,CE,Combined TRACON& Tower with Radar,22,8,29,9,68,0,0,57,5,62,22,8,86,14,130,34,18,52,182
12/04/2004,DLH,MN,AGL,CE,Combined TRACON& Tower with Radar,13,9,29,0,51,0,2,49,5,56,13,11,78,5,107,22,0,22,129
12/05/2004,DLH,MN,AGL,CE,Combined TRACON& Tower with Radar,8,2,19,0,29,9,0,38,0,47,17,2,57,0,76,22,0,22,98
12/06/2004,DLH,MN,AGL,CE,Combined TRACON& Tower with Radar,18,10,25,0,53,0,0,0,0,0,18,10,25,0,53,0,0,0,53
12/07/2004,DLH,MN,AGL,CE,Combined TRACON& Tower with Radar,16,12,35,8,71,0,0,19,0,19,16,12,54,8,90,0,0,0,90
12/08/2004,DLH,MN,AGL,CE,Combined TRACON& Tower with Radar,19,9,44,9,81,0,0,7,3,10,19,9,51,12,91,8,0,8,99
12/09/2004,DLH,MN,AGL,CE,Combined TRACON& Tower with Radar,10,7,6,0,23,0,0,0,0,0,10,7,6,0,23,0,0,0,23
12/10/2004,DLH,MN,AGL,CE,Combined TRACON& Tower with Radar,12,13,29,0,54,0,0,38,0,38,12,13,67,0,92,8,0,8,100
12/11/2004,DLH,MN,AGL,CE,Combined TRACON& Tower with Radar,10,14,50,10,84,0,0,0,0,0,10,14,50,10,84,0,0,0,84
12/12/2004,DLH,MN,AGL,CE,Combined TRACON& Tower with Radar,4,4,3,0,11,0,0,0,0,0,4,4,3,0,11,0,0,0,11
12/13/2004,DLH,MN,AGL,CE,Combined TRACON& Tower with Radar,14,2,34,0,50,0,3,50,0,53,14,5,84,0,103,2,0,2,105
12/14/2004,DLH,MN,AGL,CE,Combined TRACON& Tower with Radar,17,17,77,10,121,0,0,55,0,55,17,17,132,10,176,6,16,22,198
12/15/2004,DLH,MN,AGL,CE,Combined TRACON& Tower with Radar,11,13,50,19,93,0,0,104,0,104,11,13,154,19,197,40,28,68,265
12/16/2004,DLH,MN,AGL,CE,Combined TRACON& Tower with Radar,11,12,60,1,84,1,2,68,0,71,12,14,128,1,155,24,0,24,179
12/17/2004,DLH,MN,AGL,CE,Combined TRACON& Tower with Radar,12,15,34,6,67,0,0,51,0,51,12,15,85,6,118,36,0,36,154
12/18/2004,DLH,MN,AGL,CE,Combined TRACON& Tower with Radar,18,1,9,0,28,0,2,21,0,23,18,3,30,0,51,14,0,14,65
12/19/2004,DLH,MN,AGL,CE,Combined TRACON& Tower with Radar,14,4,17,0,35,0,0,29,0,29,14,4,46,0,64,36,0,36,100
12/20/2004,DLH,MN,AGL,CE,Combined TRACON& Tower with Radar,15,13,27,11,66,0,0,30,4,34,15,13,57,15,100,30,4,34,134
12/21/2004,DLH,MN,AGL,CE,Combined TRACON& Tower with Radar,11,14,33,11,69,0,0,53,1,54,11,14,86,12,123,8,14,22,145
12/22/2004,DLH,MN,AGL,CE,Combined TRACON& Tower with Radar,16,18,53,12,99,0,0,63,6,69,16,18,116,18,168,70,32,102,270
12/23/2004,DLH,MN,AGL,CE,Combined TRACON& Tower with Radar,8,14,31,2,55,0,0,72,0,72,8,14,103,2,127,26,0,26,153
12/24/2004,DLH,MN,AGL,CE,Combined TRACON& Tower with Radar,16,12,12,0,40,0,0,2,0,2,16,12,14,0,42,0,0,0,42
12/25/2004,DLH,MN,AGL,CE,Combined TRACON& Tower with Radar,8,4,0,0,12,0,0,9,0,9,8,4,9,0,21,8,0,8,29
12/26/2004,DLH,MN,AGL,CE,Combined TRACON& Tower with Radar,14,4,14,0,32,0,0,10,0,10,14,4,24,0,42,16,0,16,58
12/27/2004,DLH,MN,AGL,CE,Combined TRACON& Tower with Radar,14,9,20,10,53,0,0,13,0,13,14,9,33,10,66,60,2,62,128
12/28/2004,DLH,MN,AGL,CE,Combined TRACON& Tower with Radar,10,15,60,10,95,0,0,0,0,0,10,15,60,10,95,0,0,0,95
12/29/2004,DLH,MN,AGL,CE,Combined TRACON& Tower with Radar,10,13,21,0,44,3,0,8,2,13,13,13,29,2,57,0,0,0,57
12/30/2004,DLH,MN,AGL,CE,Combined TRACON& Tower with Radar,8,15,5,0,28,0,0,0,0,0,8,15,5,0,28,0,0,0,28
12/31/2004,DLH,MN,AGL,CE,Combined TRACON& Tower with Radar,15,6,17,0,38,0,0,0,0,0,15,6,17,0,38,18,0,18,56
01/01/2005,DLH,MN,AGL,CE,Combined TRACON& Tower with Radar,12,0,10,0,22,0,0,0,0,0,12,0,10,0,22,0,0,0,22
01/02/2005,DLH,MN,AGL,CE,Combined TRACON& Tower with Radar,12,8,17,0,37,0,0,42,0,42,12,8,59,0,79,14,0,14,93
01/03/2005,DLH,MN,AGL,CE,Combined TRACON& Tower with Radar,8,17,41,14,80,0,0,65,0,65,8,17,106,14,145,36,12,48,193
01/04/2005,DLH,MN,AGL,CE,Combined TRACON& Tower with Radar,11,15,26,20,72,0,0,41,0,41,11,15,67,20,113,42,16,58,171
01/05/2005,DLH,MN,AGL,CE,Combined TRACON& Tower with Radar,11,19,48,30,108,0,0,56,0,56,11,19,104,30,164,24,20,44,208
01/06/2005,DLH,MN,AGL,CE,Combined TRACON& Tower with Radar,20,7,48,0,75,0,0,80,1,81,20,7,128,1,156,98,0,98,254
01/07/2005,DLH,MN,AGL,CE,Combined TRACON& Tower with Radar,20,5,40,0,65,0,4,48,0,52,20,9,88,0,117,84,0,84,201
01/08/2005,DLH,MN,AGL,CE,Combined TRACON& Tower with Radar,7,19,33,1,60,0,0,8,1,9,7,19,41,2,69,4,0,4,73
01/09/2005,DLH,MN,AGL,CE,Combined TRACON& Tower with Radar,4,10,4,0,18,0,0,0,0,0,4,10,4,0,18,4,0,4,22
01/10/2005,DLH,MN,AGL,CE,Combined TRACON& Tower with Radar,6,20,30,0,56,0,0,60,0,60,6,20,90,0,116,48,0,48,164
01/11/2005,DLH,MN,AGL,CE,Combined TRACON& Tower with Radar,11,21,30,4,66,0,0,65,0,65,11,21,95,4,131,96,32,128,259
01/12/2005,DLH,MN,AGL,CE,Combined TRACON& Tower with Radar,17,9,10,3,39,0,0,0,0,0,17,9,10,3,39,0,0,0,39
01/13/2005,DLH,MN,AGL,CE,Combined TRACON& Tower with Radar,21,6,48,0,75,0,6,47,0,53,21,12,95,0,128,18,0,18,146
01/14/2005,DLH,MN,AGL,CE,Combined TRACON& Tower with Radar,8,13,32,0,53,0,0,66,0,66,8,13,98,0,119,6,0,6,125
01/15/2005,DLH,MN,AGL,CE,Combined TRACON& Tower with Radar,4,15,20,0,39,0,0,38,0,38,4,15,58,0,77,2,0,2,79
01/16/2005,DLH,MN,AGL,CE,Combined TRACON& Tower with Radar,4,11,9,0,24,0,0,21,0,21,4,11,30,0,45,8,0,8,53
01/17/2005,DLH,MN,AGL,CE,Combined TRACON& Tower with Radar,9,14,16,7,46,0,1,32,9,42,9,15,48,16,88,26,2,28,116
01/18/2005,DLH,MN,AGL,CE,Combined TRACON& Tower with Radar,14,6,27,6,53,0,4,8,1,13,14,10,35,7,66,6,0,6,72
01/19/2005,DLH,MN,AGL,CE,Combined TRACON& Tower with Radar,11,17,53,13,94,0,0,71,4,75,11,17,124,17,169,50,14,64,233
01/20/2005,DLH,MN,AGL,CE,Combined TRACON& Tower with Radar,18,17,26,7,68,0,0,24,3,27,18,17,50,10,95,10,0,10,105
01/21/2005,DLH,MN,AGL,CE,Combined TRACON& Tower with Radar,6,18,23,0,47,0,0,3,0,3,6,18,26,0,50,0,0,0,50
01/22/2005,DLH,MN,AGL,CE,Combined TRACON& Tower with Radar,4,16,33,7,60,5,0,44,2,51,9,16,77,9,111,18,4,22,133
01/23/2005,DLH,MN,AGL,CE,Combined TRACON& Tower with Radar,5,15,28,4,52,0,0,44,1,45,5,15,72,5,97,14,0,14,111
01/24/2005,DLH,MN,AGL,CE,Combined TRACON& Tower with Radar,15,5,34,4,58,0,2,4,0,6,15,7,38,4,64,76,0,76,140
01/25/2005,DLH,MN,AGL,CE,Combined TRACON& Tower with Radar,17,6,47,6,76,0,4,5,0,9,17,10,52,6,85,4,0,4,89
01/26/2005,DLH,MN,AGL,CE,Combined TRACON& Tower with Radar,19,18,44,2,83,0,4,91,0,95,19,22,135,2,178,54,0,54,232
01/27/2005,DLH,MN,AGL,CE,Combined TRACON& Tower with Radar,9,23,33,5,70,0,0,89,3,92,9,23,122,8,162,82,10,92,254
01/28/2005,DLH,MN,AGL,CE,Combined TRACON& Tower with Radar,8,20,39,6,73,0,0,69,1,70,8,20,108,7,143,80,16,96,239
01/29/2005,DLH,MN,AGL,CE,Combined TRACON& Tower with Radar,16,6,45,0,67,0,2,0,0,2,16,8,45,0,69,175,0,175,244
01/30/2005,DLH,MN,AGL,CE,Combined TRACON& Tower with Radar,4,9,24,0,37,0,0,7,2,9,4,9,31,2,46,2,2,4,50
01/31/2005,DLH,MN,AGL,CE,Combined TRACON& Tower with Radar,9,18,29,0,56,0,0,12,0,12,9,18,41,0,68,30,0,30,98
02/01/2005,DLH,MN,AGL,CE,Combined TRACON& Tower with Radar,8,18,37,21,84,0,0,23,10,33,8,18,60,31,117,60,26,86,203
02/02/2005,DLH,MN,AGL,CE,Combined TRACON& Tower with Radar,8,17,56,5,86,0,0,20,0,20,8,17,76,5,106,4,0,4,110
02/03/2005,DLH,MN,AGL,CE,Combined TRACON& Tower with Radar,8,15,45,2,70,6,0,116,7,129,14,15,161,9,199,96,4,100,299
02/04/2005,DLH,MN,AGL,CE,Combined TRACON& Tower with Radar,8,21,42,3,74,0,0,117,2,119,8,21,159,5,193,104,6,110,303
02/05/2005,DLH,MN,AGL,CE,Combined TRACON& Tower with Radar,10,12,31,10,63,0,0,36,0,36,10,12,67,10,99,10,0,10,109
02/06/2005,DLH,MN,AGL,CE,Combined TRACON& Tower with Radar,5,10,18,4,37,0,0,18,0,18,5,10,36,4,55,10,0,10,65
02/07/2005,DLH,MN,AGL,CE,Combined TRACON& Tower with Radar,20,6,43,11,80,0,0,10,10,20,20,6,53,21,100,18,0,18,118
02/08/2005,DLH,MN,AGL,CE,Combined TRACON& Tower with Radar,13,24,37,8,82,0,0,35,0,35,13,24,72,8,117,16,0,16,133
02/09/2005,DLH,MN,AGL,CE,Combined TRACON& Tower with Radar,10,13,66,11,100,0,0,9,4,13,10,13,75,15,113,12,0,12,125
02/10/2005,DLH,MN,AGL,CE,Combined TRACON& Tower with Radar,8,23,50,10,91,0,0,71,3,74,8,23,121,13,165,54,84,138,303
02/11/2005,DLH,MN,AGL,CE,Combined TRACON& Tower with Radar,12,9,55,6,82,0,0,71,6,77,12,9,126,12,159,118,10,128,287
02/12/2005,DLH,MN,AGL,CE,Combined TRACON& Tower with Radar,9,20,21,0,50,0,0,58,1,59,9,20,79,1,109,46,0,46,155
02/13/2005,DLH,MN,AGL,CE,Combined TRACON& Tower with Radar,8,11,12,0,31,0,0,17,0,17,8,11,29,0,48,6,0,6,54
02/14/2005,DLH,MN,AGL,CE,Combined TRACON& Tower with Radar,8,23,33,0,64,0,0,25,0,25,8,23,58,0,89,4,0,4,93
02/15/2005,DLH,MN,AGL,CE,Combined TRACON& Tower with Radar,8,18,45,13,84,0,0,65,9,74,8,18,110,22,158,52,36,88,246
02/16/2005,DLH,MN,AGL,CE,Combined TRACON& Tower with Radar,8,5,9,7,29,0,19,81,0,100,8,24,90,7,129,34,2,36,165
02/17/2005,DLH,MN,AGL,CE,Combined TRACON& Tower with Radar,10,24,35,16,85,0,0,80,21,101,10,24,115,37,186,130,58,188,374
02/18/2005,DLH,MN,AGL,CE,Combined TRACON& Tower with Radar,17,9,45,16,87,0,0,58,0,58,17,9,103,16,145,38,8,46,191
02/19/2005,DLH,MN,AGL,CE,Combined TRACON& Tower with Radar,15,11,26,1,53,0,0,85,0,85,15,11,111,1,138,54,0,54,192
02/20/2005,DLH,MN,AGL,CE,Combined TRACON& Tower with Radar,13,5,8,0,26,0,0,7,0,7,13,5,15,0,33,0,0,0,33
02/21/2005,DLH,MN,AGL,CE,Combined TRACON& Tower with Radar,6,13,28,2,49,0,4,76,0,80,6,17,104,2,129,98,0,98,227
02/22/2005,DLH,MN,AGL,CE,Combined TRACON& Tower with Radar,12,20,53,5,90,0,1,70,0,71,12,21,123,5,161,62,0,62,223
02/23/2005,DLH,MN,AGL,CE,Combined TRACON& Tower with Radar,7,13,54,15,89,2,0,88,15,105,9,13,142,30,194,88,82,170,364
02/24/2005,DLH,MN,AGL,CE,Combined TRACON& Tower with Radar,18,18,32,30,98,0,0,80,0,80,18,18,112,30,178,56,62,118,296
02/25/2005,DLH,MN,AGL,CE,Combined TRACON& Tower with Radar,20,18,38,0,76,0,0,20,0,20,20,18,58,0,96,0,0,0,96
02/26/2005,DLH,MN,AGL,CE,Combined TRACON& Tower with Radar,4,21,25,2,52,0,0,75,0,75,4,21,100,2,127,90,0,90,217
02/27/2005,DLH,MN,AGL,CE,Combined TRACON& Tower with Radar,4,12,10,0,26,0,0,0,0,0,4,12,10,0,26,0,0,0,26
02/28/2005,DLH,MN,AGL,CE,Combined TRACON& Tower with Radar,8,16,30,5,59,0,0,11,0,11,8,16,41,5,70,0,0,0,70
03/01/2005,DLH,MN,AGL,CE,Combined TRACON& Tower with Radar,10,22,36,15,83,0,0,82,0,82,10,22,118,15,165,114,14,128,293
03/02/2005,DLH,MN,AGL,CE,Combined TRACON& Tower with Radar,16,14,34,20,84,0,0,81,13,94,16,14,115,33,178,86,92,178,356
03/03/2005,DLH,MN,AGL,CE,Combined TRACON& Tower with Radar,14,23,44,23,104,0,0,148,7,155,14,23,192,30,259,126,38,164,423
03/04/2005,DLH,MN,AGL,CE,Combined TRACON& Tower with Radar,19,10,50,20,99,0,5,53,0,58,19,15,103,20,157,72,22,94,251
03/05/2005,DLH,MN,AGL,CE,Combined TRACON& Tower with Radar,5,15,34,12,66,0,0,46,1,47,5,15,80,13,113,30,0,30,143
03/06/2005,DLH,MN,AGL,CE,Combined TRACON& Tower with Radar,4,12,27,0,43,0,3,60,0,63,4,15,87,0,106,24,0,24,130
03/07/2005,DLH,MN,AGL,CE,Combined TRACON& Tower with Radar,17,8,26,0,51,0,0,38,0,38,17,8,64,0,89,32,0,32,121
03/08/2005,DLH,MN,AGL,CE,Combined TRACON& Tower with Radar,10,22,36,15,83,0,0,82,7,89,10,22,118,22,172,38,32,70,242
03/09/2005,DLH,MN,AGL,CE,Combined TRACON& Tower with Radar,19,12,66,17,114,0,4,124,3,131,19,16,190,20,245,162,28,190,435
03/10/2005,DLH,MN,AGL,CE,Combined TRACON& Tower with Radar,19,8,40,14,81,0,0,43,2,45,19,8,83,16,126,36,10,46,172
03/11/2005,DLH,MN,AGL,CE,Combined TRACON& Tower with Radar,21,17,49,1,88,0,0,49,0,49,21,17,98,1,137,8,0,8,145
03/12/2005,DLH,MN,AGL,CE,Combined TRACON& Tower with Radar,5,18,13,1,37,0,0,58,1,59,5,18,71,2,96,24,0,24,120
03/13/2005,DLH,MN,AGL,CE,Combined TRACON& Tower with Radar,5,11,16,2,34,0,0,52,0,52,5,11,68,2,86,12,0,12,98
03/14/2005,DLH,MN,AGL,CE,Combined TRACON& Tower with Radar,16,8,17,12,53,0,2,34,0,36,16,10,51,12,89,44,10,54,143
03/15/2005,DLH,MN,AGL,CE,Combined TRACON& Tower with Radar,11,14,44,13,82,0,0,79,0,79,11,14,123,13,161,72,12,84,245
03/16/2005,DLH,MN,AGL,CE,Combined TRACON& Tower with Radar,14,14,52,26,106,0,4,54,7,65,14,18,106,33,171,18,10,28,199
03/17/2005,DLH,MN,AGL,CE,Combined TRACON& Tower with Radar,9,17,58,21,105,0,0,51,0,51,9,17,109,21,156,60,26,86,242
03/18/2005,DLH,MN,AGL,CE,Combined TRACON& Tower with Radar,29,16,34,9,88,0,0,74,1,75,29,16,108,10,163,20,6,26,189
03/19/2005,DLH,MN,AGL,CE,Combined TRACON& Tower with Radar,5,18,19,15,57,0,0,39,0,39,5,18,58,15,96,22,4,26,122
03/20/2005,DLH,MN,AGL,CE,Combined TRACON& Tower with Radar,6,12,21,3,42,0,0,47,0,47,6,12,68,3,89,44,8,52,141
03/21/2005,DLH,MN,AGL,CE,Combined TRACON& Tower with Radar,8,14,35,4,61,0,0,58,0,58,8,14,93,4,119,12,6,18,137
03/22/2005,DLH,MN,AGL,CE,Combined TRACON& Tower with Radar,8,24,31,10,73,0,0,88,4,92,8,24,119,14,165,24,18,42,207
03/23/2005,DLH,MN,AGL,CE,Combined TRACON& Tower with Radar,8,22,39,15,84,0,0,78,3,81,8,22,117,18,165,28,26,54,219
03/24/2005,DLH,MN,AGL,CE,Combined TRACON& Tower with Radar,8,20,41,28,97,0,0,90,0,90,8,20,131,28,187,48,28,76,263
03/25/2005,DLH,MN,AGL,CE,Combined TRACON& Tower with Radar,21,11,38,10,80,0,7,114,0,121,21,18,152,10,201,60,0,60,261
03/26/2005,DLH,MN,AGL,CE,Combined TRACON& Tower with Radar,7,11,13,0,31,6,2,65,0,73,13,13,78,0,104,32,0,32,136
03/27/2005,DLH,MN,AGL,CE,Combined TRACON& Tower with Radar,14,3,8,0,25,0,0,15,0,15,14,3,23,0,40,1,0,1,41
03/28/2005,DLH,MN,AGL,CE,Combined TRACON& Tower with Radar,6,15,40,12,73,0,0,58,2,60,6,15,98,14,133,66,8,74,207
03/29/2005,DLH,MN,AGL,CE,Combined TRACON& Tower with Radar,8,20,34,15,77,0,0,56,0,56,8,20,90,15,133,120,20,140,273
03/30/2005,DLH,MN,AGL,CE,Combined TRACON& Tower with Radar,8,16,64,4,92,0,0,37,0,37,8,16,101,4,129,68,0,68,197
03/31/2005,DLH,MN,AGL,CE,Combined TRACON& Tower with Radar,7,18,68,12,105,0,0,87,5,92,7,18,155,17,197,54,10,64,261
04/01/2005,DLH,MN,AGL,CE,Combined TRACON& Tower with Radar,20,20,59,17,116,0,0,59,17,76,20,20,118,34,192,216,12,228,420
04/02/2005,DLH,MN,AGL,CE,Combined TRACON& Tower with Radar,14,12,18,0,44,0,0,63,0,63,14,12,81,0,107,26,0,26,133
04/03/2005,DLH,MN,AGL,CE,Combined TRACON& Tower with Radar,14,4,16,2,36,0,0,0,0,0,14,4,16,2,36,64,0,64,100
04/04/2005,DLH,MN,AGL,CE,Combined TRACON& Tower with Radar,8,13,18,7,46,0,0,48,5,53,8,13,66,12,99,28,10,38,137
04/05/2005,DLH,MN,AGL,CE,Combined TRACON& Tower with Radar,19,15,29,12,75,0,0,41,5,46,19,15,70,17,121,10,16,26,147
04/06/2005,DLH,MN,AGL,CE,Combined TRACON& Tower with Radar,9,12,57,18,96,3,0,26,0,29,12,12,83,18,125,16,4,20,145
04/07/2005,DLH,MN,AGL,CE,Combined TRACON& Tower with Radar,14,13,10,19,56,0,0,129,0,129,14,13,139,19,185,74,44,118,303
04/08/2005,DLH,MN,AGL,CE,Combined TRACON& Tower with Radar,10,23,24,15,72,0,0,118,0,118,10,23,142,15,190,74,22,96,286
04/09/2005,DLH,MN,AGL,CE,Combined TRACON& Tower with Radar,6,16,17,2,41,0,0,47,0,47,6,16,64,2,88,30,0,30,118
04/10/2005,DLH,MN,AGL,CE,Combined TRACON& Tower with Radar,13,2,15,2,32,0,0,40,0,40,13,2,55,2,72,22,0,22,94
04/11/2005,DLH,MN,AGL,CE,Combined TRACON& Tower with Radar,15,15,17,21,68,0,1,34,2,37,15,16,51,23,105,24,30,54,159
04/12/2005,DLH,MN,AGL,CE,Combined TRACON& Tower with Radar,9,14,27,8,58,0,0,45,1,46,9,14,72,9,104,26,6,32,136
04/13/2005,DLH,MN,AGL,CE,Combined TRACON& Tower with Radar,13,16,24,34,87,0,0,111,3,114,13,16,135,37,201,116,74,190,391
04/14/2005,DLH,MN,AGL,CE,Combined TRACON& Tower with Radar,9,19,40,9,77,0,0,52,7,59,9,19,92,16,136,38,30,68,204
04/15/2005,DLH,MN,AGL,CE,Combined TRACON& Tower with Radar,13,20,38,22,93,0,0,85,3,88,13,20,123,25,181,86,64,150,331
04/16/2005,DLH,MN,AGL,CE,Combined TRACON& Tower with Radar,7,20,22,14,63,0,0,55,9,64,7,20,77,23,127,36,12,48,175
04/17/2005,DLH,MN,AGL,CE,Combined TRACON& Tower with Radar,6,10,12,1,29,0,0,51,0,51,6,10,63,1,80,76,0,76,156
04/18/2005,DLH,MN,AGL,CE,Combined TRACON& Tower with Radar,7,13,39,22,81,0,0,0,0,0,7,13,39,22,81,2,22,24,105
04/19/2005,DLH,MN,AGL,CE,Combined TRACON& Tower with Radar,10,15,30,9,64,0,0,26,4,30,10,15,56,13,94,86,50,136,230
04/20/2005,DLH,MN,AGL,CE,Combined TRACON& Tower with Radar,13,15,55,31,114,0,0,90,16,106,13,15,145,47,220,66,76,142,362
04/21/2005,DLH,MN,AGL,CE,Combined TRACON& Tower with Radar,10,18,46,20,94,0,3,0,0,3,10,21,46,20,97,78,38,116,213
04/22/2005,DLH,MN,AGL,CE,Combined TRACON& Tower with Radar,8,20,60,16,104,0,0,39,6,45,8,20,99,22,149,18,22,40,189
04/23/2005,DLH,MN,AGL,CE,Combined TRACON& Tower with Radar,8,6,15,0,29,6,0,64,1,71,14,6,79,1,100,14,0,14,114
04/24/2005,DLH,MN,AGL,CE,Combined TRACON& Tower with Radar,7,10,14,0,31,0,0,43,1,44,7,10,57,1,75,2,0,2,77
04/25/2005,DLH,MN,AGL,CE,Combined TRACON& Tower with Radar,7,19,27,1,54,0,0,15,1,16,7,19,42,2,70,8,0,8,78
04/26/2005,DLH,MN,AGL,CE,Combined TRACON& Tower with Radar,12,12,36,5,65,0,0,4,1,5,12,12,40,6,70,2,0,2,72
04/27/2005,DLH,MN,AGL,CE,Combined TRACON& Tower with Radar,18,15,67,4,104,0,8,53,0,61,18,23,120,4,165,44,8,52,217
04/28/2005,DLH,MN,AGL,CE,Combined TRACON& Tower with Radar,18,9,44,9,80,0,0,100,6,106,18,9,144,15,186,62,0,62,248
04/29/2005,DLH,MN,AGL,CE,Combined TRACON& Tower with Radar,10,16,35,4,65,0,0,73,0,73,10,16,108,4,138,27,4,31,169
04/30/2005,DLH,MN,AGL,CE,Combined TRACON& Tower with Radar,6,15,15,0,36,0,0,46,1,47,6,15,61,1,83,6,0,6,89
05/01/2005,DLH,MN,AGL,CE,Combined TRACON& Tower with Radar,6,12,11,0,29,3,0,10,5,18,9,12,21,5,47,0,0,0,47
05/02/2005,DLH,MN,AGL,CE,Combined TRACON& Tower with Radar,8,12,30,0,50,0,0,33,0,33,8,12,63,0,83,12,0,12,95
05/03/2005,DLH,MN,AGL,CE,Combined TRACON& Tower with Radar,17,11,28,17,73,0,8,103,8,119,17,19,131,25,192,82,78,160,352
05/04/2005,DLH,MN,AGL,CE,Combined TRACON& Tower with Radar,14,13,42,12,81,0,0,132,8,140,14,13,174,20,221,36,42,78,299
05/05/2005,DLH,MN,AGL,CE,Combined TRACON& Tower with Radar,12,13,30,3,58,0,0,59,0,59,12,13,89,3,117,34,0,34,151
05/06/2005,DLH,MN,AGL,CE,Combined TRACON& Tower with Radar,10,18,42,3,73,0,0,108,7,115,10,18,150,10,188,42,24,66,254
05/07/2005,DLH,MN,AGL,CE,Combined TRACON& Tower with Radar,8,16,18,2,44,0,0,31,0,31,8,16,49,2,75,20,0,20,95
05/08/2005,DLH,MN,AGL,CE,Combined TRACON& Tower with Radar,6,10,18,0,34,0,0,32,0,32,6,10,50,0,66,16,0,16,82
05/09/2005,DLH,MN,AGL,CE,Combined TRACON& Tower with Radar,10,10,39,0,59,0,0,6,0,6,10,10,45,0,65,28,0,28,93
05/10/2005,DLH,MN,AGL,CE,Combined TRACON& Tower with Radar,15,13,60,1,89,0,0,26,0,26,15,13,86,1,115,62,0,62,177
05/11/2005,DLH,MN,AGL,CE,Combined TRACON& Tower with Radar,10,15,70,2,97,0,0,36,0,36,10,15,106,2,133,16,0,16,149
05/12/2005,DLH,MN,AGL,CE,Combined TRACON& Tower with Radar,12,13,61,14,100,0,2,55,6,63,12,15,116,20,163,20,4,24,187
05/13/2005,DLH,MN,AGL,CE,Combined TRACON& Tower with Radar,10,13,41,0,64,0,0,10,0,10,10,13,51,0,74,14,0,14,88
05/14/2005,DLH,MN,AGL,CE,Combined TRACON& Tower with Radar,7,12,22,0,41,0,0,9,0,9,7,12,31,0,50,8,0,8,58
05/15/2005,DLH,MN,AGL,CE,Combined TRACON& Tower with Radar,8,7,26,0,41,0,0,27,0,27,8,7,53,0,68,8,0,8,76
05/16/2005,DLH,MN,AGL,CE,Combined TRACON& Tower with Radar,12,13,38,9,72,0,2,76,4,82,12,15,114,13,154,34,20,54,208
05/17/2005,DLH,MN,AGL,CE,Combined TRACON& Tower with Radar,12,17,51,15,95,0,0,35,0,35,12,17,86,15,130,38,0,38,168
05/18/2005,DLH,MN,AGL,CE,Combined TRACON& Tower with Radar,12,19,58,4,93,1,3,47,1,52,13,22,105,5,145,36,8,44,189
05/19/2005,DLH,MN,AGL,CE,Combined TRACON& Tower with Radar,9,15,39,2,65,0,2,0,0,2,9,17,39,2,67,2,2,4,71
05/20/2005,DLH,MN,AGL,CE,Combined TRACON& Tower with Radar,13,10,75,1,99,0,0,61,0,61,13,10,136,1,160,18,0,18,178
05/21/2005,DLH,MN,AGL,CE,Combined TRACON& Tower with Radar,9,16,46,5,76,0,0,81,14,95,9,16,127,19,171,40,20,60,231
05/22/2005,DLH,MN,AGL,CE,Combined TRACON& Tower with Radar,14,6,12,0,32,0,0,35,3,38,14,6,47,3,70,0,0,0,70
05/23/2005,DLH,MN,AGL,CE,Combined TRACON& Tower with Radar,10,11,40,14,75,0,0,32,5,37,10,11,72,19,112,4,30,34,146
05/24/2005,DLH,MN,AGL,CE,Combined TRACON& Tower with Radar,14,13,39,8,74,0,0,91,7,98,14,13,130,15,172,72,6,78,250
05/25/2005,DLH,MN,AGL,CE,Combined TRACON& Tower with Radar,12,14,60,1,87,0,2,31,1,34,12,16,91,2,121,12,0,12,133
05/26/2005,DLH,MN,AGL,CE,Combined TRACON& Tower with Radar,12,13,62,5,92,0,0,57,1,58,12,13,119,6,150,28,0,28,178
05/27/2005,DLH,MN,AGL,CE,Combined TRACON& Tower with Radar,13,14,42,4,73,0,0,47,1,48,13,14,89,5,121,160,10,170,291
05/28/2005,DLH,MN,AGL,CE,Combined TRACON& Tower with Radar,8,17,16,6,47,0,0,40,5,45,8,17,56,11,92,12,0,12,104
05/29/2005,DLH,MN,AGL,CE,Combined TRACON& Tower with Radar,9,2,7,0,18,0,0,31,0,31,9,2,38,0,49,8,0,8,57
05/30/2005,DLH,MN,AGL,CE,Combined TRACON& Tower with Radar,6,9,26,0,41,2,0,26,3,31,8,9,52,3,72,4,0,4,76
05/31/2005,DLH,MN,AGL,CE,Combined TRACON& Tower with Radar,11,16,60,3,90,0,0,78,6,84,11,16,138,9,174,36,18,54,228
06/01/2005,DLH,MN,AGL,CE,Combined TRACON& Tower with Radar,12,13,63,2,90,0,0,102,1,103,12,13,165,3,193,100,0,100,293
06/02/2005,DLH,MN,AGL,CE,Combined TRACON& Tower with Radar,13,15,98,14,140,0,1,88,6,95,13,16,186,20,235,36,48,84,319
06/03/2005,DLH,MN,AGL,CE,Combined TRACON& Tower with Radar,16,17,85,4,122,0,0,141,6,147,16,17,226,10,269,100,64,164,433
06/04/2005,DLH,MN,AGL,CE,Combined TRACON& Tower with Radar,8,7,58,2,75,0,10,44,0,54,8,17,102,2,129,60,0,60,189
06/05/2005,DLH,MN,AGL,CE,Combined TRACON& Tower with Radar,9,6,140,0,155,0,4,29,0,33,9,10,169,0,188,2,0,2,190
06/06/2005,DLH,MN,AGL,CE,Combined TRACON& Tower with Radar,10,17,46,9,82,0,0,64,0,64,10,17,110,9,146,20,2,22,168
06/07/2005,DLH,MN,AGL,CE,Combined TRACON& Tower with Radar,16,12,60,4,92,0,0,65,3,68,16,12,125,7,160,50,32,82,242
06/08/2005,DLH,MN,AGL,CE,Combined TRACON& Tower with Radar,11,12,19,4,46,0,0,0,0,0,11,12,19,4,46,0,0,0,46
06/09/2005,DLH,MN,AGL,CE,Combined TRACON& Tower with Radar,13,15,55,3,86,0,1,171,7,179,13,16,226,10,265,86,6,92,357
06/10/2005,DLH,MN,AGL,CE,Combined TRACON& Tower with Radar,15,12,77,7,111,0,0,53,5,58,15,12,130,12,169,80,4,84,253
06/11/2005,DLH,MN,AGL,CE,Combined TRACON& Tower with Radar,12,15,20,3,50,0,0,2,0,2,12,15,22,3,52,4,0,4,56
06/12/2005,DLH,MN,AGL,CE,Combined TRACON& Tower with Radar,9,6,39,2,56,0,4,38,8,50,9,10,77,10,106,40,12,52,158
06/13/2005,DLH,MN,AGL,CE,Combined TRACON& Tower with Radar,14,14,35,5,68,0,0,52,0,52,14,14,87,5,120,64,4,68,188
06/14/2005,DLH,MN,AGL,CE,Combined TRACON& Tower with Radar,18,7,28,0,53,0,2,5,0,7,18,9,33,0,60,0,0,0,60
06/15/2005,DLH,MN,AGL,CE,Combined TRACON& Tower with Radar,17,18,69,12,116,0,0,90,8,98,17,18,159,20,214,44,44,88,302
06/16/2005,DLH,MN,AGL,CE,Combined TRACON& Tower with Radar,16,18,38,10,82,0,0,112,5,117,16,18,150,15,199,106,26,132,331
06/17/2005,DLH,MN,AGL,CE,Combined TRACON& Tower with Radar,14,13,41,2,70,0,6,123,2,131,14,19,164,4,201,76,4,80,281
06/18/2005,DLH,MN,AGL,CE,Combined TRACON& Tower with Radar,12,9,23,3,47,2,1,80,2,85,14,10,103,5,132,58,0,58,190
06/19/2005,DLH,MN,AGL,CE,Combined TRACON& Tower with Radar,11,7,24,0,42,3,0,51,0,54,14,7,75,0,96,0,0,0,96
06/20/2005,DLH,MN,AGL,CE,Combined TRACON& Tower with Radar,24,10,40,0,74,0,0,62,0,62,24,10,102,0,136,172,0,172,308
06/21/2005,DLH,MN,AGL,CE,Combined TRACON& Tower with Radar,19,9,48,26,102,0,1,136,10,147,19,10,184,36,249,108,118,226,475
06/22/2005,DLH,MN,AGL,CE,Combined TRACON& Tower with Radar,12,13,60,7,92,0,0,133,8,141,12,13,193,15,233,68,28,96,329
06/23/2005,DLH,MN,AGL,CE,Combined TRACON& Tower with Radar,14,14,49,9,86,0,0,101,5,106,14,14,150,14,192,42,30,72,264
06/24/2005,DLH,MN,AGL,CE,Combined TRACON& Tower with Radar,13,10,50,1,74,0,0,122,0,122,13,10,172,1,196,56,0,56,252
06/25/2005,DLH,MN,AGL,CE,Combined TRACON& Tower with Radar,11,14,36,0,61,0,0,74,1,75,11,14,110,1,136,138,0,138,274
06/26/2005,DLH,MN,AGL,CE,Combined TRACON& Tower with Radar,10,9,31,1,51,0,0,24,0,24,10,9,55,1,75,62,0,62,137
06/27/2005,DLH,MN,AGL,CE,Combined TRACON& Tower with Radar,17,12,30,0,59,0,1,52,0,53,17,13,82,0,112,90,0,90,202
06/28/2005,DLH,MN,AGL,CE,Combined TRACON& Tower with Radar,15,13,66,2,96,0,3,73,4,80,15,16,139,6,176,72,2,74,250
06/29/2005,DLH,MN,AGL,CE,Combined TRACON& Tower with Radar,14,11,58,0,83,0,0,13,0,13,14,11,71,0,96,22,0,22,118
06/30/2005,DLH,MN,AGL,CE,Combined TRACON& Tower with Radar,10,20,83,12,125,0,0,19,4,23,10,20,102,16,148,20,2,22,170
07/01/2005,DLH,MN,AGL,CE,Combined TRACON& Tower with Radar,13,20,52,11,96,0,0,119,7,126,13,20,171,18,222,42,0,42,264
07/02/2005,DLH,MN,AGL,CE,Combined TRACON& Tower with Radar,12,14,16,0,42,0,0,60,11,71,12,14,76,11,113,84,0,84,197
07/03/2005,DLH,MN,AGL,CE,Combined TRACON& Tower with Radar,8,5,14,0,27,0,0,19,0,19,8,5,33,0,46,2,0,2,48
07/04/2005,DLH,MN,AGL,CE,Combined TRACON& Tower with Radar,8,6,9,0,23,0,0,47,3,50,8,6,56,3,73,0,0,0,73
07/05/2005,DLH,MN,AGL,CE,Combined TRACON& Tower with Radar,12,14,60,3,89,0,0,23,1,24,12,14,83,4,113,42,16,58,171
07/06/2005,DLH,MN,AGL,CE,Combined TRACON& Tower with Radar,15,13,58,2,88,0,2,92,0,94,15,15,150,2,182,88,12,100,282
07/07/2005,DLH,MN,AGL,CE,Combined TRACON& Tower with Radar,14,13,48,8,83,0,0,100,0,100,14,13,148,8,183,82,24,106,289
07/08/2005,DLH,MN,AGL,CE,Combined TRACON& Tower with Radar,14,14,54,3,85,0,0,64,0,64,14,14,118,3,149,70,20,90,239
07/09/2005,DLH,MN,AGL,CE,Combined TRACON& Tower with Radar,12,11,27,0,50,0,5,55,5,65,12,16,82,5,115,30,0,30,145
07/10/2005,DLH,MN,AGL,CE,Combined TRACON& Tower with Radar,15,7,29,2,53,0,2,44,2,48,15,9,73,4,101,54,0,54,155
07/11/2005,DLH,MN,AGL,CE,Combined TRACON& Tower with Radar,12,11,36,4,63,0,0,57,4,61,12,11,93,8,124,62,6,68,192
07/12/2005,DLH,MN,AGL,CE,Combined TRACON& Tower with Radar,14,13,53,6,86,3,0,65,0,68,17,13,118,6,154,60,30,90,244
07/13/2005,DLH,MN,AGL,CE,Combined TRACON& Tower with Radar,15,12,55,0,82,0,10,87,3,100,15,22,142,3,182,88,0,88,270
07/14/2005,DLH,MN,AGL,CE,Combined TRACON& Tower with Radar,13,15,76,14,118,0,0,56,6,62,13,15,132,20,180,62,50,112,292
07/15/2005,DLH,MN,AGL,CE,Combined TRACON& Tower with Radar,14,14,47,1,76,0,3,77,5,85,14,17,124,6,161,60,2,62,223
07/16/2005,DLH,MN,AGL,CE,Combined TRACON& Tower with Radar,17,9,19,0,45,0,0,53,2,55,17,9,72,2,100,34,0,34,134
07/17/2005,DLH,MN,AGL,CE,Combined TRACON& Tower with Radar,12,6,21,1,40,0,0,56,1,57,12,6,77,2,97,28,0,28,125
07/18/2005,DLH,MN,AGL,CE,Combined TRACON& Tower with Radar,15,9,39,6,69,0,0,42,0,42,15,9,81,6,111,40,32,72,183
07/19/2005,DLH,MN,AGL,CE,Combined TRACON& Tower with Radar,18,11,53,8,90,0,0,97,3,100,18,11,150,11,190,64,30,94,284
07/20/2005,DLH,MN,AGL,CE,Combined TRACON& Tower with Radar,21,14,62,16,113,0,0,104,0,104,21,14,166,16,217,136,52,188,405
07/21/2005,DLH,MN,AGL,CE,Combined TRACON& Tower with Radar,18,12,64,10,104,0,0,124,4,128,18,12,188,14,232,94,20,114,346
07/22/2005,DLH,MN,AGL,CE,Combined TRACON& Tower with Radar,18,10,46,10,84,0,0,75,7,82,18,10,121,17,166,52,34,86,252
07/23/2005,DLH,MN,AGL,CE,Combined TRACON& Tower with Radar,12,12,32,2,58,0,0,47,1,48,12,12,79,3,106,28,0,28,134
07/24/2005,DLH,MN,AGL,CE,Combined TRACON& Tower with Radar,10,5,20,2,37,0,0,36,0,36,10,5,56,2,73,6,0,6,79
07/25/2005,DLH,MN,AGL,CE,Combined TRACON& Tower with Radar,19,10,37,9,75,0,0,47,4,51,19,10,84,13,126,34,0,34,160
07/26/2005,DLH,MN,AGL,CE,Combined TRACON& Tower with Radar,10,12,42,26,90,0,0,74,0,74,10,12,116,26,164,136,82,218,382
07/27/2005,DLH,MN,AGL,CE,Combined TRACON& Tower with Radar,18,10,42,14,84,0,0,0,0,0,18,10,42,14,84,86,46,132,216
07/28/2005,DLH,MN,AGL,CE,Combined TRACON& Tower with Radar,18,10,76,20,124,0,0,97,0,97,18,10,173,20,221,52,20,72,293
07/29/2005,DLH,MN,AGL,CE,Combined TRACON& Tower with Radar,13,15,34,17,79,0,0,115,8,123,13,15,149,25,202,108,42,150,352
07/30/2005,DLH,MN,AGL,CE,Combined TRACON& Tower with Radar,9,10,16,4,39,0,0,85,1,86,9,10,101,5,125,32,0,32,157
07/31/2005,DLH,MN,AGL,CE,Combined TRACON& Tower with Radar,11,8,17,0,36,0,0,54,0,54,11,8,71,0,90,6,0,6,96
08/01/2005,DLH,MN,AGL,CE,Combined TRACON& Tower with Radar,11,13,27,10,61,0,0,74,3,77,11,13,101,13,138,62,20,82,220
08/02/2005,DLH,MN,AGL,CE,Combined TRACON& Tower with Radar,18,8,58,16,100,0,0,57,8,65,18,8,115,24,165,80,44,124,289
08/03/2005,DLH,MN,AGL,CE,Combined TRACON& Tower with Radar,18,12,65,10,105,0,0,52,6,58,18,12,117,16,163,48,10,58,221
08/04/2005,DLH,MN,AGL,CE,Combined TRACON& Tower with Radar,12,16,58,15,101,0,0,95,1,96,12,16,153,16,197,60,20,80,277
08/05/2005,DLH,MN,AGL,CE,Combined TRACON& Tower with Radar,14,11,38,4,67,0,0,91,9,100,14,11,129,13,167,48,20,68,235
08/06/2005,DLH,MN,AGL,CE,Combined TRACON& Tower with Radar,10,14,37,1,62,0,0,82,8,90,10,14,119,9,152,28,2,30,182
08/07/2005,DLH,MN,AGL,CE,Combined TRACON& Tower with Radar,12,7,31,0,50,0,0,108,6,114,12,7,139,6,164,38,24,62,226
08/08/2005,DLH,MN,AGL,CE,Combined TRACON& Tower with Radar,40,10,20,11,81,0,0,84,0,84,40,10,104,11,165,106,62,168,333
08/09/2005,DLH,MN,AGL,CE,Combined TRACON& Tower with Radar,36,18,54,20,128,0,3,68,8,79,36,21,122,28,207,90,20,110,317
08/10/2005,DLH,MN,AGL,CE,Combined TRACON& Tower with Radar,18,16,74,8,116,0,0,92,2,94,18,16,166,10,210,118,14,132,342
08/11/2005,DLH,MN,AGL,CE,Combined TRACON& Tower with Radar,14,14,57,22,107,0,0,85,0,85,14,14,142,22,192,148,20,168,360
08/12/2005,DLH,MN,AGL,CE,Combined TRACON& Tower with Radar,12,23,64,23,122,0,0,99,6,105,12,23,163,29,227,54,8,62,289
08/13/2005,DLH,MN,AGL,CE,Combined TRACON& Tower with Radar,11,9,26,5,51,0,0,75,1,76,11,9,101,6,127,36,12,48,175
08/14/2005,DLH,MN,AGL,CE,Combined TRACON& Tower with Radar,6,8,28,0,42,5,0,44,0,49,11,8,72,0,91,16,0,16,107
08/15/2005,DLH,MN,AGL,CE,Combined TRACON& Tower with Radar,13,12,28,2,55,0,0,100,0,100,13,12,128,2,155,138,24,162,317
08/16/2005,DLH,MN,AGL,CE,Combined TRACON& Tower with Radar,12,17,38,17,84,0,0,84,1,85,12,17,122,18,169,66,4,70,239
08/17/2005,DLH,MN,AGL,CE,Combined TRACON& Tower with Radar,14,17,64,7,102,0,0,91,7,98,14,17,155,14,200,110,4,114,314
08/18/2005,DLH,MN,AGL,CE,Combined TRACON& Tower with Radar,15,13,83,13,124,0,0,15,3,18,15,13,98,16,142,34,0,34,176
08/19/2005,DLH,MN,AGL,CE,Combined TRACON& Tower with Radar,12,8,32,0,52,0,0,26,0,26,12,8,58,0,78,16,0,16,94
08/20/2005,DLH,MN,AGL,CE,Combined TRACON& Tower with Radar,10,8,34,5,57,0,0,66,2,68,10,8,100,7,125,66,48,114,239
08/21/2005,DLH,MN,AGL,CE,Combined TRACON& Tower with Radar,6,11,34,0,51,0,0,42,0,42,6,11,76,0,93,58,0,58,151
08/22/2005,DLH,MN,AGL,CE,Combined TRACON& Tower with Radar,14,18,54,2,88,0,0,68,0,68,14,18,122,2,156,28,0,28,184
08/23/2005,DLH,MN,AGL,CE,Combined TRACON& Tower with Radar,9,15,54,18,96,0,1,113,0,114,9,16,167,18,210,102,20,122,332
08/24/2005,DLH,MN,AGL,CE,Combined TRACON& Tower with Radar,10,16,45,12,83,0,0,129,1,130,10,16,174,13,213,132,4,136,349
08/25/2005,DLH,MN,AGL,CE,Combined TRACON& Tower with Radar,8,20,64,8,100,0,0,99,5,104,8,20,163,13,204,34,26,60,264
08/26/2005,DLH,MN,AGL,CE,Combined TRACON& Tower with Radar,12,18,73,2,105,1,0,60,0,61,13,18,133,2,166,9,0,9,175
08/27/2005,DLH,MN,AGL,CE,Combined TRACON& Tower with Radar,12,9,32,3,56,0,3,69,2,74,12,12,101,5,130,52,10,62,192
08/28/2005,DLH,MN,AGL,CE,Combined TRACON& Tower with Radar,12,7,16,0,35,0,3,52,0,55,12,10,68,0,90,32,0,32,122
08/29/2005,DLH,MN,AGL,CE,Combined TRACON& Tower with Radar,9,18,27,10,64,0,2,61,0,63,9,20,88,10,127,60,0,60,187
08/30/2005,DLH,MN,AGL,CE,Combined TRACON& Tower with Radar,15,11,47,16,89,0,2,100,2,104,15,13,147,18,193,26,12,38,231
08/31/2005,DLH,MN,AGL,CE,Combined TRACON& Tower with Radar,16,11,58,8,93,0,3,60,4,67,16,14,118,12,160,50,4,54,214
09/01/2005,DLH,MN,AGL,CE,Combined TRACON& Tower with Radar,12,14,38,18,82,0,0,84,0,84,12,14,122,18,166,22,0,22,188
09/02/2005,DLH,MN,AGL,CE,Combined TRACON& Tower with Radar,16,16,57,5,94,0,0,71,5,76,16,16,128,10,170,114,22,136,306
09/03/2005,DLH,MN,AGL,CE,Combined TRACON& Tower with Radar,9,12,12,0,33,0,0,71,0,71,9,12,83,0,104,52,0,52,156
09/04/2005,DLH,MN,AGL,CE,Combined TRACON& Tower with Radar,13,6,15,1,35,0,2,21,1,24,13,8,36,2,59,12,0,12,71
09/05/2005,DLH,MN,AGL,CE,Combined TRACON& Tower with Radar,6,8,14,0,28,0,0,32,0,32,6,8,46,0,60,24,0,24,84
09/06/2005,DLH,MN,AGL,CE,Combined TRACON& Tower with Radar,8,19,47,4,78,0,0,63,0,63,8,19,110,4,141,26,0,26,167
09/07/2005,DLH,MN,AGL,CE,Combined TRACON& Tower with Radar,18,14,42,10,84,0,2,110,6,118,18,16,152,16,202,76,72,148,350
09/08/2005,DLH,MN,AGL,CE,Combined TRACON& Tower with Radar,16,11,35,23,85,0,2,65,0,67,16,13,100,23,152,64,48,112,264
09/09/2005,DLH,MN,AGL,CE,Combined TRACON& Tower with Radar,9,18,38,0,65,0,0,32,2,34,9,18,70,2,99,32,8,40,139
09/10/2005,DLH,MN,AGL,CE,Combined TRACON& Tower with Radar,8,12,22,0,42,0,0,54,1,55,8,12,76,1,97,18,0,18,115
09/11/2005,DLH,MN,AGL,CE,Combined TRACON& Tower with Radar,10,8,14,2,34,0,1,35,0,36,10,9,49,2,70,10,0,10,80
09/12/2005,DLH,MN,AGL,CE,Combined TRACON& Tower with Radar,12,17,40,0,69,0,1,11,0,12,12,18,51,0,81,28,0,28,109
09/13/2005,DLH,MN,AGL,CE,Combined TRACON& Tower with Radar,9,17,45,22,93,0,0,99,0,99,9,17,144,22,192,96,80,176,368
09/14/2005,DLH,MN,AGL,CE,Combined TRACON& Tower with Radar,20,19,41,15,95,0,0,145,5,150,20,19,186,20,245,88,40,128,373
09/15/2005,DLH,MN,AGL,CE,Combined TRACON& Tower with Radar,16,13,50,17,96,0,0,102,0,102,16,13,152,17,198,138,60,198,396
09/16/2005,DLH,MN,AGL,CE,Combined TRACON& Tower with Radar,17,8,55,12,92,0,5,111,3,119,17,13,166,15,211,66,30,96,307
09/17/2005,DLH,MN,AGL,CE,Combined TRACON& Tower with Radar,8,11,28,0,47,0,0,61,0,61,8,11,89,0,108,30,0,30,138
09/18/2005,DLH,MN,AGL,CE,Combined TRACON& Tower with Radar,6,12,24,2,44,0,0,55,0,55,6,12,79,2,99,20,0,20,119
09/19/2005,DLH,MN,AGL,CE,Combined TRACON& Tower with Radar,14,6,38,0,58,0,0,27,0,27,14,6,65,0,85,78,0,78,163
09/20/2005,DLH,MN,AGL,CE,Combined TRACON& Tower with Radar,10,17,41,13,81,0,0,94,8,102,10,17,135,21,183,72,28,100,283
09/21/2005,DLH,MN,AGL,CE,Combined TRACON& Tower with Radar,19,16,56,11,102,0,0,105,0,105,19,16,161,11,207,46,16,62,269
09/22/2005,DLH,MN,AGL,CE,Combined TRACON& Tower with Radar,9,15,56,20,100,0,0,100,2,102,9,15,156,22,202,60,22,82,284
09/23/2005,DLH,MN,AGL,CE,Combined TRACON& Tower with Radar,9,19,35,8,71,0,0,142,9,151,9,19,177,17,222,82,2,84,306
09/24/2005,DLH,MN,AGL,CE,Combined TRACON& Tower with Radar,8,11,21,2,42,0,0,23,0,23,8,11,44,2,65,8,0,8,73
09/25/2005,DLH,MN,AGL,CE,Combined TRACON& Tower with Radar,11,13,36,0,60,1,0,5,0,6,12,13,41,0,66,10,0,10,76
09/26/2005,DLH,MN,AGL,CE,Combined TRACON& Tower with Radar,8,18,25,11,62,0,0,60,1,61,8,18,85,12,123,46,38,84,207
09/27/2005,DLH,MN,AGL,CE,Combined TRACON& Tower with Radar,16,11,59,16,102,0,3,104,9,116,16,14,163,25,218,86,24,110,328
09/28/2005,DLH,MN,AGL,CE,Combined TRACON& Tower with Radar,17,10,52,4,83,0,4,79,2,85,17,14,131,6,168,36,16,52,220
09/29/2005,DLH,MN,AGL,CE,Combined TRACON& Tower with Radar,10,17,50,6,83,0,0,103,8,111,10,17,153,14,194,40,4,44,238
09/30/2005,DLH,MN,AGL,CE,Combined TRACON& Tower with Radar,10,17,46,5,78,0,0,102,0,102,10,17,148,5,180,8,16,24,204
10/01/2005,DLH,MN,AGL,CE,Combined TRACON& Tower with Radar,8,9,15,3,35,0,0,152,2,154,8,9,167,5,189,62,0,62,251
10/02/2005,DLH,MN,AGL,CE,Combined TRACON& Tower with Radar,6,13,44,0,63,0,0,49,0,49,6,13,93,0,112,24,0,24,136
10/03/2005,DLH,MN,AGL,CE,Combined TRACON& Tower with Radar,13,11,42,0,66,0,0,6,0,6,13,11,48,0,72,6,0,6,78
10/04/2005,DLH,MN,AGL,CE,Combined TRACON& Tower with Radar,19,11,28,2,60,0,0,0,0,0,19,11,28,2,60,0,0,0,60
10/05/2005,DLH,MN,AGL,CE,Combined TRACON& Tower with Radar,7,20,15,0,42,0,0,0,0,0,7,20,15,0,42,0,0,0,42
10/06/2005,DLH,MN,AGL,CE,Combined TRACON& Tower with Radar,9,17,64,5,95,6,0,63,1,70,15,17,127,6,165,10,0,10,175
10/07/2005,DLH,MN,AGL,CE,Combined TRACON& Tower with Radar,8,20,44,13,85,0,0,92,0,92,8,20,136,13,177,8,6,14,191
10/08/2005,DLH,MN,AGL,CE,Combined TRACON& Tower with Radar,11,8,42,0,61,0,0,69,2,71,11,8,111,2,132,62,0,62,194
10/09/2005,DLH,MN,AGL,CE,Combined TRACON& Tower with Radar,8,6,14,0,28,0,7,95,4,106,8,13,109,4,134,40,0,40,174
10/10/2005,DLH,MN,AGL,CE,Combined TRACON& Tower with Radar,15,13,45,1,74,0,0,68,0,68,15,13,113,1,142,44,0,44,186
10/11/2005,DLH,MN,AGL,CE,Combined TRACON& Tower with Radar,9,13,44,16,82,0,0,79,3,82,9,13,123,19,164,46,34,80,244
10/12/2005,DLH,MN,AGL,CE,Combined TRACON& Tower with Radar,8,24,81,4,117,0,0,0,0,0,8,24,81,4,117,0,0,0,117
10/13/2005,DLH,MN,AGL,CE,Combined TRACON& Tower with Radar,10,15,62,2,89,0,0,19,2,21,10,15,81,4,110,26,0,26,136
10/14/2005,DLH,MN,AGL,CE,Combined TRACON& Tower with Radar,8,20,68,20,116,0,0,111,5,116,8,20,179,25,232,102,62,164,396
10/15/2005,DLH,MN,AGL,CE,Combined TRACON& Tower with Radar,11,10,20,24,65,0,0,93,0,93,11,10,113,24,158,68,24,92,250
10/16/2005,DLH,MN,AGL,CE,Combined TRACON& Tower with Radar,11,6,28,0,45,0,0,72,3,75,11,6,100,3,120,30,2,32,152
10/17/2005,DLH,MN,AGL,CE,Combined TRACON& Tower with Radar,8,15,31,17,71,0,0,64,2,66,8,15,95,19,137,82,22,104,241
10/18/2005,DLH,MN,AGL,CE,Combined TRACON& Tower with Radar,8,17,35,13,73,0,0,95,0,95,8,17,130,13,168,48,14,62,230
10/19/2005,DLH,MN,AGL,CE,Combined TRACON& Tower with Radar,8,20,50,27,105,0,0,104,0,104,8,20,154,27,209,86,48,134,343
10/20/2005,DLH,MN,AGL,CE,Combined TRACON& Tower with Radar,12,15,85,24,136,0,0,57,0,57,12,15,142,24,193,84,52,136,329
10/21/2005,DLH,MN,AGL,CE,Combined TRACON& Tower with Radar,10,12,8,11,41,0,0,104,0,104,10,12,112,11,145,76,24,100,245
10/22/2005,DLH,MN,AGL,CE,Combined TRACON& Tower with Radar,9,11,20,1,41,0,0,53,3,56,9,11,73,4,97,32,0,32,129
10/23/2005,DLH,MN,AGL,CE,Combined TRACON& Tower with Radar,10,7,6,0,23,0,3,34,2,39,10,10,40,2,62,10,0,10,72
10/24/2005,DLH,MN,AGL,CE,Combined TRACON& Tower with Radar,6,15,39,0,60,0,0,64,2,66,6,15,103,2,126,66,0,66,192
10/25/2005,DLH,MN,AGL,CE,Combined TRACON& Tower with Radar,8,16,42,7,73,0,1,56,4,61,8,17,98,11,134,22,0,22,156
10/26/2005,DLH,MN,AGL,CE,Combined TRACON& Tower with Radar,15,17,78,15,125,0,0,67,0,67,15,17,145,15,192,34,8,42,234
10/27/2005,DLH,MN,AGL,CE,Combined TRACON& Tower with Radar,10,17,69,8,104,0,0,34,0,34,10,17,103,8,138,28,0,28,166
10/28/2005,DLH,MN,AGL,CE,Combined TRACON& Tower with Radar,15,18,43,13,89,0,0,131,0,131,15,18,174,13,220,70,12,82,302
10/29/2005,DLH,MN,AGL,CE,Combined TRACON& Tower with Radar,6,17,27,2,52,0,0,93,0,93,6,17,120,2,145,28,0,28,173
10/30/2005,DLH,MN,AGL,CE,Combined TRACON& Tower with Radar,6,10,26,2,44,0,0,0,0,0,6,10,26,2,44,0,0,0,44
10/31/2005,DLH,MN,AGL,CE,Combined TRACON& Tower with Radar,6,11,53,17,87,0,0,33,3,36,6,11,86,20,123,64,0,64,187
11/01/2005,DLH,MN,AGL,CE,Combined TRACON& Tower with Radar,10,20,50,14,94,0,0,52,0,52,10,20,102,14,146,84,0,84,230
11/02/2005,DLH,MN,AGL,CE,Combined TRACON& Tower with Radar,10,18,30,6,64,0,0,95,1,96,10,18,125,7,160,138,0,138,298
11/03/2005,DLH,MN,AGL,CE,Combined TRACON& Tower with Radar,12,12,58,7,89,0,2,44,1,47,12,14,102,8,136,40,0,40,176
11/04/2005,DLH,MN,AGL,CE,Combined TRACON& Tower with Radar,10,14,33,1,58,0,1,0,1,2,10,15,33,2,60,0,0,0,60
11/05/2005,DLH,MN,AGL,CE,Combined TRACON& Tower with Radar,8,15,24,0,47,0,0,0,0,0,8,15,24,0,47,0,0,0,47
11/06/2005,DLH,MN,AGL,CE,Combined TRACON& Tower with Radar,6,8,28,3,45,0,0,32,2,34,6,8,60,5,79,17,0,17,96
11/07/2005,DLH,MN,AGL,CE,Combined TRACON& Tower with Radar,12,12,30,8,62,0,0,50,3,53,12,12,80,11,115,70,10,80,195
11/08/2005,DLH,MN,AGL,CE,Combined TRACON& Tower with Radar,13,12,53,6,84,0,0,12,0,12,13,12,65,6,96,34,0,34,130
11/09/2005,DLH,MN,AGL,CE,Combined TRACON& Tower with Radar,12,11,21,10,54,0,2,10,0,12,12,13,31,10,66,0,0,0,66
11/10/2005,DLH,MN,AGL,CE,Combined TRACON& Tower with Radar,11,13,55,16,95,0,0,123,8,131,11,13,178,24,226,120,40,160,386
11/11/2005,DLH,MN,AGL,CE,Combined TRACON& Tower with Radar,9,14,51,2,76,0,0,139,4,143,9,14,190,6,219,106,0,106,325
11/12/2005,DLH,MN,AGL,CE,Combined TRACON& Tower with Radar,8,11,23,0,42,0,0,34,2,36,8,11,57,2,78,52,0,52,130
11/13/2005,DLH,MN,AGL,CE,Combined TRACON& Tower with Radar,6,10,15,0,31,0,0,17,0,17,6,10,32,0,48,0,0,0,48
11/14/2005,DLH,MN,AGL,CE,Combined TRACON& Tower with Radar,15,15,32,14,76,0,0,52,0,52,15,15,84,14,128,56,0,56,184
11/15/2005,DLH,MN,AGL,CE,Combined TRACON& Tower with Radar,12,18,26,7,63,0,0,21,2,23,12,18,47,9,86,0,0,0,86
11/16/2005,DLH,MN,AGL,CE,Combined TRACON& Tower with Radar,11,15,39,0,65,0,0,5,0,5,11,15,44,0,70,0,0,0,70
11/17/2005,DLH,MN,AGL,CE,Combined TRACON& Tower with Radar,10,21,79,26,136,0,0,81,5,86,10,21,160,31,222,50,18,68,290
11/18/2005,DLH,MN,AGL,CE,Combined TRACON& Tower with Radar,13,17,79,17,126,0,0,4,1,5,13,17,83,18,131,12,0,12,143
11/19/2005,DLH,MN,AGL,CE,Combined TRACON& Tower with Radar,12,11,64,10,97,0,0,30,0,30,12,11,94,10,127,64,0,64,191
11/20/2005,DLH,MN,AGL,CE,Combined TRACON& Tower with Radar,6,9,55,2,72,0,0,1,0,1,6,9,56,2,73,14,0,14,87
11/21/2005,DLH,MN,AGL,CE,Combined TRACON& Tower with Radar,11,13,38,17,79,0,1,51,0,52,11,14,89,17,131,20,26,46,177
11/22/2005,DLH,MN,AGL,CE,Combined TRACON& Tower with Radar,10,16,59,17,102,0,0,64,2,66,10,16,123,19,168,56,0,56,224
11/23/2005,DLH,MN,AGL,CE,Combined TRACON& Tower with Radar,10,11,36,0,57,0,0,31,0,31,10,11,67,0,88,2,0,2,90
11/24/2005,DLH,MN,AGL,CE,Combined TRACON& Tower with Radar,5,12,6,1,24,0,0,10,0,10,5,12,16,1,34,10,0,10,44
11/25/2005,DLH,MN,AGL,CE,Combined TRACON& Tower with Radar,3,16,19,0,38,0,0,28,0,28,3,16,47,0,66,12,0,12,78
11/26/2005,DLH,MN,AGL,CE,Combined TRACON& Tower with Radar,8,10,18,0,36,0,0,49,1,50,8,10,67,1,86,56,0,56,142
11/27/2005,DLH,MN,AGL,CE,Combined TRACON& Tower with Radar,2,4,5,0,11,0,0,1,0,1,2,4,6,0,12,0,0,0,12
11/28/2005,DLH,MN,AGL,CE,Combined TRACON& Tower with Radar,5,8,18,0,31,1,0,3,0,4,6,8,21,0,35,0,0,0,35
11/29/2005,DLH,MN,AGL,CE,Combined TRACON& Tower with Radar,13,16,17,0,46,0,0,14,0,14,13,16,31,0,60,0,0,0,60
11/30/2005,DLH,MN,AGL,CE,Combined TRACON& Tower with Radar,10,20,67,13,110,0,0,54,0,54,10,20,121,13,164,22,0,22,186
12/01/2005,DLH,MN,AGL,CE,Combined TRACON& Tower with Radar,12,25,68,17,122,0,0,31,0,31,12,25,99,17,153,14,0,14,167
12/02/2005,DLH,MN,AGL,CE,Combined TRACON& Tower with Radar,12,15,54,16,97,2,0,63,0,65,14,15,117,16,162,48,44,92,254
12/03/2005,DLH,MN,AGL,CE,Combined TRACON& Tower with Radar,13,10,34,0,57,0,0,58,2,60,13,10,92,2,117,22,0,22,139
12/04/2005,DLH,MN,AGL,CE,Combined TRACON& Tower with Radar,10,14,14,0,38,0,0,37,2,39,10,14,51,2,77,32,0,32,109
12/05/2005,DLH,MN,AGL,CE,Combined TRACON& Tower with Radar,8,12,28,0,48,0,0,44,0,44,8,12,72,0,92,6,0,6,98
12/06/2005,DLH,MN,AGL,CE,Combined TRACON& Tower with Radar,11,14,50,11,86,0,0,53,0,53,11,14,103,11,139,46,0,46,185
12/07/2005,DLH,MN,AGL,CE,Combined TRACON& Tower with Radar,9,12,54,12,87,0,0,79,5,84,9,12,133,17,171,34,2,36,207
12/08/2005,DLH,MN,AGL,CE,Combined TRACON& Tower with Radar,10,10,32,16,68,0,0,95,0,95,10,10,127,16,163,96,60,156,319
12/09/2005,DLH,MN,AGL,CE,Combined TRACON& Tower with Radar,10,13,52,19,94,0,0,49,2,51,10,13,101,21,145,24,18,42,187
12/10/2005,DLH,MN,AGL,CE,Combined TRACON& Tower with Radar,8,12,24,4,48,0,0,14,4,18,8,12,38,8,66,0,0,0,66
12/11/2005,DLH,MN,AGL,CE,Combined TRACON& Tower with Radar,6,10,17,0,33,0,0,42,0,42,6,10,59,0,75,20,0,20,95
12/12/2005,DLH,MN,AGL,CE,Combined TRACON& Tower with Radar,8,14,47,12,81,0,0,12,0,12,8,14,59,12,93,48,0,48,141
12/13/2005,DLH,MN,AGL,CE,Combined TRACON& Tower with Radar,10,15,57,17,99,0,0,32,2,34,10,15,89,19,133,8,6,14,147
12/14/2005,DLH,MN,AGL,CE,Combined TRACON& Tower with Radar,9,15,12,0,36,0,0,0,0,0,9,15,12,0,36,0,0,0,36
12/15/2005,DLH,MN,AGL,CE,Combined TRACON& Tower with Radar,10,13,35,3,61,0,0,24,5,29,10,13,59,8,90,32,8,40,130
12/16/2005,DLH,MN,AGL,CE,Combined TRACON& Tower with Radar,13,10,31,0,54,0,4,20,0,24,13,14,51,0,78,28,0,28,106
12/17/2005,DLH,MN,AGL,CE,Combined TRACON& Tower with Radar,6,14,34,0,54,0,0,43,0,43,6,14,77,0,97,38,0,38,135
12/18/2005,DLH,MN,AGL,CE,Combined TRACON& Tower with Radar,4,9,19,0,32,0,0,40,0,40,4,9,59,0,72,8,0,8,80
12/19/2005,DLH,MN,AGL,CE,Combined TRACON& Tower with Radar,10,9,30,10,59,0,5,64,2,71,10,14,94,12,130,14,4,18,148
12/20/2005,DLH,MN,AGL,CE,Combined TRACON& Tower with Radar,9,18,51,17,95,0,0,82,1,83,9,18,133,18,178,70,36,106,284
12/21/2005,DLH,MN,AGL,CE,Combined TRACON& Tower with Radar,11,17,30,10,68,0,0,33,5,38,11,17,63,15,106,6,0,6,112
12/22/2005,DLH,MN,AGL,CE,Combined TRACON& Tower with Radar,11,16,41,10,78,0,2,94,0,96,11,18,135,10,174,34,6,40,214
12/23/2005,DLH,MN,AGL,CE,Combined TRACON& Tower with Radar,6,8,7,0,21,0,0,2,0,2,6,8,9,0,23,0,0,0,23
12/24/2005,DLH,MN,AGL,CE,Combined TRACON& Tower with Radar,6,9,8,0,23,0,0,0,0,0,6,9,8,0,23,0,0,0,23
12/25/2005,DLH,MN,AGL,CE,Combined TRACON& Tower with Radar,4,3,3,0,10,2,0,1,0,3,6,3,4,0,13,0,0,0,13
12/26/2005,DLH,MN,AGL,CE,Combined TRACON& Tower with Radar,10,5,18,0,33,0,0,0,0,0,10,5,18,0,33,10,0,10,43
12/27/2005,DLH,MN,AGL,CE,Combined TRACON& Tower with Radar,12,17,26,0,55,0,0,6,0,6,12,17,32,0,61,0,0,0,61
12/28/2005,DLH,MN,AGL,CE,Combined TRACON& Tower with Radar,11,12,75,3,101,0,0,35,1,36,11,12,110,4,137,92,14,106,243
12/29/2005,DLH,MN,AGL,CE,Combined TRACON& Tower with Radar,11,15,19,9,54,0,0,6,6,12,11,15,25,15,66,2,0,2,68
12/30/2005,DLH,MN,AGL,CE,Combined TRACON& Tower with Radar,16,8,6,0,30,0,0,0,0,0,16,8,6,0,30,0,0,0,30
12/31/2005,DLH,MN,AGL,CE,Combined TRACON& Tower with Radar,9,9,3,0,21,1,0,2,0,3,10,9,5,0,24,0,0,0,24
01/01/2006,DLH,MN,AGL,CE,Combined TRACON& Tower with Radar,9,6,7,0,22,0,0,0,0,0,9,6,7,0,22,0,0,0,22
01/02/2006,DLH,MN,AGL,CE,Combined TRACON& Tower with Radar,9,7,9,0,25,0,0,0,0,0,9,7,9,0,25,0,0,0,25
01/03/2006,DLH,MN,AGL,CE,Combined TRACON& Tower with Radar,4,11,17,0,32,0,0,0,0,0,4,11,17,0,32,0,0,0,32
01/04/2006,DLH,MN,AGL,CE,Combined TRACON& Tower with Radar,7,15,25,0,47,0,3,19,0,22,7,18,44,0,69,0,0,0,69
01/05/2006,DLH,MN,AGL,CE,Combined TRACON& Tower with Radar,10,11,31,12,64,0,0,101,3,104,10,11,132,15,168,50,0,50,218
01/06/2006,DLH,MN,AGL,CE,Combined TRACON& Tower with Radar,10,23,65,1,99,0,0,0,0,0,10,23,65,1,99,2,0,2,101
01/07/2006,DLH,MN,AGL,CE,Combined TRACON& Tower with Radar,8,18,25,0,51,0,0,17,0,17,8,18,42,0,68,18,0,18,86
01/08/2006,DLH,MN,AGL,CE,Combined TRACON& Tower with Radar,6,7,24,0,37,0,0,14,0,14,6,7,38,0,51,0,0,0,51
01/09/2006,DLH,MN,AGL,CE,Combined TRACON& Tower with Radar,8,10,33,6,57,0,7,72,1,80,8,17,105,7,137,20,40,60,197
01/10/2006,DLH,MN,AGL,CE,Combined TRACON& Tower with Radar,10,15,35,11,71,1,4,106,7,118,11,19,141,18,189,24,12,36,225
01/11/2006,DLH,MN,AGL,CE,Combined TRACON& Tower with Radar,12,14,36,14,76,0,0,79,7,86,12,14,115,21,162,12,8,20,182
01/12/2006,DLH,MN,AGL,CE,Combined TRACON& Tower with Radar,8,19,44,16,87,2,1,60,3,66,10,20,104,19,153,22,18,40,193
01/13/2006,DLH,MN,AGL,CE,Combined TRACON& Tower with Radar,7,12,47,8,74,6,0,56,4,66,13,12,103,12,140,58,12,70,210
01/14/2006,DLH,MN,AGL,CE,Combined TRACON& Tower with Radar,10,12,21,0,43,0,1,72,0,73,10,13,93,0,116,36,0,36,152
01/15/2006,DLH,MN,AGL,CE,Combined TRACON& Tower with Radar,4,12,20,0,36,0,0,30,0,30,4,12,50,0,66,8,0,8,74
01/16/2006,DLH,MN,AGL,CE,Combined TRACON& Tower with Radar,8,9,17,0,34,0,0,0,0,0,8,9,17,0,34,0,0,0,34
01/17/2006,DLH,MN,AGL,CE,Combined TRACON& Tower with Radar,10,12,30,15,67,0,0,75,0,75,10,12,105,15,142,24,0,24,166
01/18/2006,DLH,MN,AGL,CE,Combined TRACON& Tower with Radar,12,15,78,26,131,0,2,91,4,97,12,17,169,30,228,40,24,64,292
01/19/2006,DLH,MN,AGL,CE,Combined TRACON& Tower with Radar,10,13,32,2,57,0,0,0,0,0,10,13,32,2,57,0,0,0,57
01/20/2006,DLH,MN,AGL,CE,Combined TRACON& Tower with Radar,10,13,147,12,182,0,0,0,6,6,10,13,147,18,188,54,6,60,248
01/21/2006,DLH,MN,AGL,CE,Combined TRACON& Tower with Radar,11,12,45,21,89,0,0,101,0,101,11,12,146,21,190,74,22,96,286
01/22/2006,DLH,MN,AGL,CE,Combined TRACON& Tower with Radar,5,6,8,0,19,1,2,1,0,4,6,8,9,0,23,0,0,0,23
01/23/2006,DLH,MN,AGL,CE,Combined TRACON& Tower with Radar,8,15,38,6,67,0,0,58,0,58,8,15,96,6,125,18,26,44,169
01/24/2006,DLH,MN,AGL,CE,Combined TRACON& Tower with Radar,10,16,22,0,48,0,0,10,0,10,10,16,32,0,58,4,0,4,62
01/25/2006,DLH,MN,AGL,CE,Combined TRACON& Tower with Radar,13,12,78,17,120,1,5,101,6,113,14,17,179,23,233,52,18,70,303
01/26/2006,DLH,MN,AGL,CE,Combined TRACON& Tower with Radar,10,13,39,21,83,0,0,118,4,122,10,13,157,25,205,44,32,76,281
01/27/2006,DLH,MN,AGL,CE,Combined TRACON& Tower with Radar,16,15,53,13,97,0,0,85,0,85,16,15,138,13,182,66,16,82,264
01/28/2006,DLH,MN,AGL,CE,Combined TRACON& Tower with Radar,11,13,42,2,68,0,0,21,2,23,11,13,63,4,91,20,2,22,113
01/29/2006,DLH,MN,AGL,CE,Combined TRACON& Tower with Radar,4,8,2,0,14,5,0,6,0,11,9,8,8,0,25,2,0,2,27
01/30/2006,DLH,MN,AGL,CE,Combined TRACON& Tower with Radar,8,16,40,7,71,0,0,47,0,47,8,16,87,7,118,14,0,14,132
01/31/2006,DLH,MN,AGL,CE,Combined TRACON& Tower with Radar,10,12,45,10,77,0,0,74,0,74,10,12,119,10,151,48,0,48,199
02/01/2006,DLH,MN,AGL,CE,Combined TRACON& Tower with Radar,12,13,52,34,111,0,0,37,0,37,12,13,89,34,148,50,84,134,282
02/02/2006,DLH,MN,AGL,CE,Combined TRACON& Tower with Radar,15,13,62,10,100,0,0,18,0,18,15,13,80,10,118,34,0,34,152
02/03/2006,DLH,MN,AGL,CE,Combined TRACON& Tower with Radar,13,17,22,10,62,0,0,42,0,42,13,17,64,10,104,14,0,14,118
02/04/2006,DLH,MN,AGL,CE,Combined TRACON& Tower with Radar,6,11,19,3,39,0,1,68,1,70,6,12,87,4,109,20,0,20,129
02/05/2006,DLH,MN,AGL,CE,Combined TRACON& Tower with Radar,6,11,13,3,33,0,0,44,2,46,6,11,57,5,79,14,0,14,93
02/06/2006,DLH,MN,AGL,CE,Combined TRACON& Tower with Radar,9,13,26,9,57,0,0,48,0,48,9,13,74,9,105,30,0,30,135
02/07/2006,DLH,MN,AGL,CE,Combined TRACON& Tower with Radar,10,15,30,6,61,0,0,46,0,46,10,15,76,6,107,128,26,154,261
02/08/2006,DLH,MN,AGL,CE,Combined TRACON& Tower with Radar,12,25,38,25,100,0,0,101,0,101,12,25,139,25,201,60,70,130,331
02/09/2006,DLH,MN,AGL,CE,Combined TRACON& Tower with Radar,14,17,46,12,89,0,0,60,0,60,14,17,106,12,149,48,8,56,205
02/10/2006,DLH,MN,AGL,CE,Combined TRACON& Tower with Radar,15,16,32,19,82,0,3,44,3,50,15,19,76,22,132,28,6,34,166
02/11/2006,DLH,MN,AGL,CE,Combined TRACON& Tower with Radar,8,13,19,25,65,0,0,42,0,42,8,13,61,25,107,10,2,12,119
02/12/2006,DLH,MN,AGL,CE,Combined TRACON& Tower with Radar,6,8,25,0,39,0,0,27,2,29,6,8,52,2,68,18,4,22,90
02/13/2006,DLH,MN,AGL,CE,Combined TRACON& Tower with Radar,10,10,18,10,48,0,0,70,8,78,10,10,88,18,126,72,56,128,254
02/14/2006,DLH,MN,AGL,CE,Combined TRACON& Tower with Radar,10,16,24,12,62,0,0,50,0,50,10,16,74,12,112,42,4,46,158
02/15/2006,DLH,MN,AGL,CE,Combined TRACON& Tower with Radar,14,18,32,24,88,0,0,91,0,91,14,18,123,24,179,70,52,122,301
02/16/2006,DLH,MN,AGL,CE,Combined TRACON& Tower with Radar,15,17,31,12,75,0,0,55,6,61,15,17,86,18,136,32,14,46,182
02/17/2006,DLH,MN,AGL,CE,Combined TRACON& Tower with Radar,10,14,38,5,67,0,2,44,6,52,10,16,82,11,119,36,0,36,155
02/18/2006,DLH,MN,AGL,CE,Combined TRACON& Tower with Radar,8,12,15,0,35,0,0,52,2,54,8,12,67,2,89,14,0,14,103
02/19/2006,DLH,MN,AGL,CE,Combined TRACON& Tower with Radar,6,13,7,0,26,0,0,36,0,36,6,13,43,0,62,4,0,4,66
02/20/2006,DLH,MN,AGL,CE,Combined TRACON& Tower with Radar,9,14,17,0,40,0,0,19,0,19,9,14,36,0,59,0,0,0,59
02/21/2006,DLH,MN,AGL,CE,Combined TRACON& Tower with Radar,11,13,44,4,72,3,0,40,4,47,14,13,84,8,119,62,18,80,199
02/22/2006,DLH,MN,AGL,CE,Combined TRACON& Tower with Radar,13,12,68,10,103,2,3,34,6,45,15,15,102,16,148,8,8,16,164
02/23/2006,DLH,MN,AGL,CE,Combined TRACON& Tower with Radar,11,19,42,16,88,0,0,108,11,119,11,19,150,27,207,36,24,60,267
02/24/2006,DLH,MN,AGL,CE,Combined TRACON& Tower with Radar,8,7,14,0,29,0,0,25,0,25,8,7,39,0,54,2,0,2,56
02/25/2006,DLH,MN,AGL,CE,Combined TRACON& Tower with Radar,11,16,26,0,53,0,0,56,1,57,11,16,82,1,110,106,0,106,216
02/26/2006,DLH,MN,AGL,CE,Combined TRACON& Tower with Radar,10,13,32,2,57,0,5,55,0,60,10,18,87,2,117,18,0,18,135
02/27/2006,DLH,MN,AGL,CE,Combined TRACON& Tower with Radar,14,14,28,0,56,0,0,30,0,30,14,14,58,0,86,22,0,22,108
02/28/2006,DLH,MN,AGL,CE,Combined TRACON& Tower with Radar,13,17,38,19,87,0,0,75,0,75,13,17,113,19,162,42,14,56,218
03/01/2006,DLH,MN,AGL,CE,Combined TRACON& Tower with Radar,12,10,33,12,67,0,0,51,2,53,12,10,84,14,120,18,4,22,142
03/02/2006,DLH,MN,AGL,CE,Combined TRACON& Tower with Radar,11,10,39,19,79,2,1,66,3,72,13,11,105,22,151,60,20,80,231
03/03/2006,DLH,MN,AGL,CE,Combined TRACON& Tower with Radar,12,15,51,12,90,0,6,59,5,70,12,21,110,17,160,74,18,92,252
03/04/2006,DLH,MN,AGL,CE,Combined TRACON& Tower with Radar,8,15,21,0,44,0,0,126,3,129,8,15,147,3,173,168,0,168,341
03/05/2006,DLH,MN,AGL,CE,Combined TRACON& Tower with Radar,6,7,9,0,22,0,0,3,0,3,6,7,12,0,25,0,0,0,25
03/06/2006,DLH,MN,AGL,CE,Combined TRACON& Tower with Radar,14,10,33,6,63,0,5,34,0,39,14,15,67,6,102,18,0,18,120
03/07/2006,DLH,MN,AGL,CE,Combined TRACON& Tower with Radar,13,17,40,10,80,0,0,26,0,26,13,17,66,10,106,16,0,16,122
03/08/2006,DLH,MN,AGL,CE,Combined TRACON& Tower with Radar,12,12,40,7,71,0,0,25,0,25,12,12,65,7,96,12,8,20,116
03/09/2006,DLH,MN,AGL,CE,Combined TRACON& Tower with Radar,12,9,72,16,109,0,1,31,0,32,12,10,103,16,141,48,20,68,209
03/10/2006,DLH,MN,AGL,CE,Combined TRACON& Tower with Radar,10,13,35,10,68,0,0,99,0,99,10,13,134,10,167,128,56,184,351
03/11/2006,DLH,MN,AGL,CE,Combined TRACON& Tower with Radar,11,8,30,0,49,0,2,20,0,22,11,10,50,0,71,58,0,58,129
03/12/2006,DLH,MN,AGL,CE,Combined TRACON& Tower with Radar,11,12,28,0,51,0,0,70,0,70,11,12,98,0,121,42,0,42,163
03/13/2006,DLH,MN,AGL,CE,Combined TRACON& Tower with Radar,4,8,8,0,20,2,0,1,0,3,6,8,9,0,23,0,0,0,23
03/14/2006,DLH,MN,AGL,CE,Combined TRACON& Tower with Radar,10,12,30,9,61,0,0,50,2,52,10,12,80,11,113,54,12,66,179
03/15/2006,DLH,MN,AGL,CE,Combined TRACON& Tower with Radar,11,14,69,23,117,0,0,105,5,110,11,14,174,28,227,100,34,134,361
03/16/2006,DLH,MN,AGL,CE,Combined TRACON& Tower with Radar,31,21,43,19,114,0,0,99,4,103,31,21,142,23,217,110,30,140,357
03/17/2006,DLH,MN,AGL,CE,Combined TRACON& Tower with Radar,15,8,44,12,79,0,0,102,0,102,15,8,146,12,181,84,12,96,277
03/18/2006,DLH,MN,AGL,CE,Combined TRACON& Tower with Radar,10,7,28,17,62,0,2,69,1,72,10,9,97,18,134,24,14,38,172
03/19/2006,DLH,MN,AGL,CE,Combined TRACON& Tower with Radar,7,9,11,0,27,0,2,72,0,74,7,11,83,0,101,72,0,72,173
03/20/2006,DLH,MN,AGL,CE,Combined TRACON& Tower with Radar,8,11,28,9,56,0,0,59,4,63,8,11,87,13,119,36,6,42,161
03/21/2006,DLH,MN,AGL,CE,Combined TRACON& Tower with Radar,11,18,31,15,75,0,0,80,4,84,11,18,111,19,159,66,18,84,243
03/22/2006,DLH,MN,AGL,CE,Combined TRACON& Tower with Radar,14,10,52,15,91,0,0,92,0,92,14,10,144,15,183,30,14,44,227
03/23/2006,DLH,MN,AGL,CE,Combined TRACON& Tower with Radar,15,12,37,31,95,0,0,37,0,37,15,12,74,31,132,36,44,80,212
03/24/2006,DLH,MN,AGL,CE,Combined TRACON& Tower with Radar,15,11,41,12,79,0,0,110,0,110,15,11,151,12,189,104,18,122,311
03/25/2006,DLH,MN,AGL,CE,Combined TRACON& Tower with Radar,6,14,20,2,42,0,0,39,0,39,6,14,59,2,81,8,0,8,89
03/26/2006,DLH,MN,AGL,CE,Combined TRACON& Tower with Radar,6,8,25,0,39,0,0,78,0,78,6,8,103,0,117,108,0,108,225
03/27/2006,DLH,MN,AGL,CE,Combined TRACON& Tower with Radar,8,18,41,0,67,0,0,72,0,72,8,18,113,0,139,30,0,30,169
03/28/2006,DLH,MN,AGL,CE,Combined TRACON& Tower with Radar,8,14,52,8,82,0,3,87,4,94,8,17,139,12,176,96,26,122,298
03/29/2006,DLH,MN,AGL,CE,Combined TRACON& Tower with Radar,12,9,43,19,83,0,0,61,0,61,12,9,104,19,144,86,44,130,274
03/30/2006,DLH,MN,AGL,CE,Combined TRACON& Tower with Radar,16,10,75,6,107,0,0,20,0,20,16,10,95,6,127,88,16,104,231
03/31/2006,DLH,MN,AGL,CE,Combined TRACON& Tower with Radar,12,11,31,0,54,0,4,0,0,4,12,15,31,0,58,0,0,0,58
04/01/2006,DLH,MN,AGL,CE,Combined TRACON& Tower with Radar,8,13,51,7,79,0,0,41,2,43,8,13,92,9,122,18,0,18,140
04/02/2006,DLH,MN,AGL,CE,Combined TRACON& Tower with Radar,8,9,16,0,33,2,1,0,1,4,10,10,16,1,37,2,0,2,39
04/03/2006,DLH,MN,AGL,CE,Combined TRACON& Tower with Radar,12,9,32,14,67,0,0,70,0,70,12,9,102,14,137,80,50,130,267
04/04/2006,DLH,MN,AGL,CE,Combined TRACON& Tower with Radar,14,10,42,25,91,0,0,96,0,96,14,10,138,25,187,68,36,104,291
04/05/2006,DLH,MN,AGL,CE,Combined TRACON& Tower with Radar,12,15,38,16,81,0,0,115,0,115,12,15,153,16,196,96,22,118,314
04/06/2006,DLH,MN,AGL,CE,Combined TRACON& Tower with Radar,22,11,41,21,95,0,5,105,8,118,22,16,146,29,213,42,22,64,277
04/07/2006,DLH,MN,AGL,CE,Combined TRACON& Tower with Radar,15,9,32,12,68,0,0,74,8,82,15,9,106,20,150,36,10,46,196
04/08/2006,DLH,MN,AGL,CE,Combined TRACON& Tower with Radar,13,14,19,0,46,0,0,100,2,102,13,14,119,2,148,30,0,30,178
04/09/2006,DLH,MN,AGL,CE,Combined TRACON& Tower with Radar,5,9,17,0,31,0,2,59,0,61,5,11,76,0,92,18,0,18,110
04/10/2006,DLH,MN,AGL,CE,Combined TRACON& Tower with Radar,11,13,28,0,52,0,0,73,2,75,11,13,101,2,127,20,0,20,147
04/11/2006,DLH,MN,AGL,CE,Combined TRACON& Tower with Radar,12,8,31,14,65,0,4,81,4,89,12,12,112,18,154,132,12,144,298
04/12/2006,DLH,MN,AGL,CE,Combined TRACON& Tower with Radar,14,10,34,18,76,0,1,103,2,106,14,11,137,20,182,72,6,78,260
04/13/2006,DLH,MN,AGL,CE,Combined TRACON& Tower with Radar,12,7,37,10,66,0,4,89,3,96,12,11,126,13,162,38,10,48,210
04/14/2006,DLH,MN,AGL,CE,Combined TRACON& Tower with Radar,10,14,21,12,57,0,0,105,1,106,10,14,126,13,163,16,26,42,205
04/15/2006,DLH,MN,AGL,CE,Combined TRACON& Tower with Radar,10,14,16,8,48,0,0,62,0,62,10,14,78,8,110,48,24,72,182
04/16/2006,DLH,MN,AGL,CE,Combined TRACON& Tower with Radar,9,7,9,0,25,0,0,38,0,38,9,7,47,0,63,72,0,72,135
04/17/2006,DLH,MN,AGL,CE,Combined TRACON& Tower with Radar,13,8,52,6,79,0,5,76,0,81,13,13,128,6,160,82,0,82,242
04/18/2006,DLH,MN,AGL,CE,Combined TRACON& Tower with Radar,16,12,28,17,73,0,0,82,0,82,16,12,110,17,155,32,26,58,213
04/19/2006,DLH,MN,AGL,CE,Combined TRACON& Tower with Radar,18,14,43,8,83,0,0,57,2,59,18,14,100,10,142,84,0,84,226
04/20/2006,DLH,MN,AGL,CE,Combined TRACON& Tower with Radar,10,9,69,19,107,2,2,94,44,142,12,11,163,63,249,94,6,100,349
04/21/2006,DLH,MN,AGL,CE,Combined TRACON& Tower with Radar,13,12,61,10,96,0,0,47,1,48,13,12,108,11,144,24,0,24,168
04/22/2006,DLH,MN,AGL,CE,Combined TRACON& Tower with Radar,14,10,42,2,68,0,0,80,2,82,14,10,122,4,150,24,0,24,174
04/23/2006,DLH,MN,AGL,CE,Combined TRACON& Tower with Radar,10,5,26,3,44,0,0,108,0,108,10,5,134,3,152,88,0,88,240
04/24/2006,DLH,MN,AGL,CE,Combined TRACON& Tower with Radar,12,12,61,8,93,0,0,38,8,46,12,12,99,16,139,18,6,24,163
04/25/2006,DLH,MN,AGL,CE,Combined TRACON& Tower with Radar,10,13,36,19,78,0,0,118,5,123,10,13,154,24,201,92,26,118,319
04/26/2006,DLH,MN,AGL,CE,Combined TRACON& Tower with Radar,12,15,44,18,89,1,2,107,6,116,13,17,151,24,205,60,30,90,295
04/27/2006,DLH,MN,AGL,CE,Combined TRACON& Tower with Radar,10,15,42,17,84,0,0,122,0,122,10,15,164,17,206,48,8,56,262
04/28/2006,DLH,MN,AGL,CE,Combined TRACON& Tower with Radar,14,10,43,12,79,0,0,103,0,103,14,10,146,12,182,56,4,60,242
04/29/2006,DLH,MN,AGL,CE,Combined TRACON& Tower with Radar,12,6,19,0,37,0,0,42,0,42,12,6,61,0,79,20,0,20,99
04/30/2006,DLH,MN,AGL,CE,Combined TRACON& Tower with Radar,8,6,19,0,33,0,7,11,0,18,8,13,30,0,51,0,0,0,51
05/01/2006,DLH,MN,AGL,CE,Combined TRACON& Tower with Radar,8,12,54,0,74,0,0,2,0,2,8,12,56,0,76,0,0,0,76
05/02/2006,DLH,MN,AGL,CE,Combined TRACON& Tower with Radar,8,19,82,10,119,0,4,53,1,58,8,23,135,11,177,62,8,70,247
05/03/2006,DLH,MN,AGL,CE,Combined TRACON& Tower with Radar,10,21,51,13,95,6,0,91,0,97,16,21,142,13,192,54,4,58,250
05/04/2006,DLH,MN,AGL,CE,Combined TRACON& Tower with Radar,12,11,80,9,112,0,0,66,9,75,12,11,146,18,187,40,14,54,241
05/05/2006,DLH,MN,AGL,CE,Combined TRACON& Tower with Radar,14,14,40,16,84,0,0,87,1,88,14,14,127,17,172,112,2,114,286
05/06/2006,DLH,MN,AGL,CE,Combined TRACON& Tower with Radar,12,6,18,0,36,0,2,97,2,101,12,8,115,2,137,128,4,132,269
05/07/2006,DLH,MN,AGL,CE,Combined TRACON& Tower with Radar,6,7,15,0,28,0,1,81,2,84,6,8,96,2,112,64,0,64,176
05/08/2006,DLH,MN,AGL,CE,Combined TRACON& Tower with Radar,6,14,30,0,50,0,0,33,0,33,6,14,63,0,83,16,0,16,99
05/09/2006,DLH,MN,AGL,CE,Combined TRACON& Tower with Radar,11,13,13,2,39,0,0,2,0,2,11,13,15,2,41,0,0,0,41
05/10/2006,DLH,MN,AGL,CE,Combined TRACON& Tower with Radar,18,10,16,0,44,0,0,0,0,0,18,10,16,0,44,0,0,0,44
05/11/2006,DLH,MN,AGL,CE,Combined TRACON& Tower with Radar,8,13,39,4,64,0,0,64,0,64,8,13,103,4,128,16,12,28,156
05/12/2006,DLH,MN,AGL,CE,Combined TRACON& Tower with Radar,14,13,26,0,53,0,0,8,0,8,14,13,34,0,61,2,0,2,63
05/13/2006,DLH,MN,AGL,CE,Combined TRACON& Tower with Radar,12,15,14,2,43,0,0,15,0,15,12,15,29,2,58,20,0,20,78
05/14/2006,DLH,MN,AGL,CE,Combined TRACON& Tower with Radar,4,14,26,1,45,0,0,12,0,12,4,14,38,1,57,16,0,16,73
05/15/2006,DLH,MN,AGL,CE,Combined TRACON& Tower with Radar,11,13,60,2,86,0,0,36,0,36,11,13,96,2,122,40,0,40,162
05/16/2006,DLH,MN,AGL,CE,Combined TRACON& Tower with Radar,14,16,34,22,86,0,0,74,0,74,14,16,108,22,160,38,22,60,220
05/17/2006,DLH,MN,AGL,CE,Combined TRACON& Tower with Radar,10,14,49,4,77,0,0,73,2,75,10,14,122,6,152,20,16,36,188
05/18/2006,DLH,MN,AGL,CE,Combined TRACON& Tower with Radar,14,15,60,5,94,0,0,85,1,86,14,15,145,6,180,62,36,98,278
05/19/2006,DLH,MN,AGL,CE,Combined TRACON& Tower with Radar,14,10,50,14,88,1,3,131,2,137,15,13,181,16,225,108,0,108,333
05/20/2006,DLH,MN,AGL,CE,Combined TRACON& Tower with Radar,11,9,18,25,63,0,0,50,1,51,11,9,68,26,114,12,8,20,134
05/21/2006,DLH,MN,AGL,CE,Combined TRACON& Tower with Radar,12,6,15,22,55,0,3,75,0,78,12,9,90,22,133,22,4,26,159
05/22/2006,DLH,MN,AGL,CE,Combined TRACON& Tower with Radar,10,10,30,5,55,0,0,51,0,51,10,10,81,5,106,104,24,128,234
05/23/2006,DLH,MN,AGL,CE,Combined TRACON& Tower with Radar,8,18,18,13,57,0,0,122,1,123,8,18,140,14,180,70,34,104,284
05/24/2006,DLH,MN,AGL,CE,Combined TRACON& Tower with Radar,16,13,54,12,95,0,0,76,8,84,16,13,130,20,179,52,0,52,231
05/25/2006,DLH,MN,AGL,CE,Combined TRACON& Tower with Radar,10,15,46,12,83,0,0,72,12,84,10,15,118,24,167,64,18,82,249
05/26/2006,DLH,MN,AGL,CE,Combined TRACON& Tower with Radar,8,17,43,0,68,0,0,93,0,93,8,17,136,0,161,72,0,72,233
05/27/2006,DLH,MN,AGL,CE,Combined TRACON& Tower with Radar,8,13,21,2,44,0,0,59,3,62,8,13,80,5,106,44,0,44,150
05/28/2006,DLH,MN,AGL,CE,Combined TRACON& Tower with Radar,4,10,11,0,25,0,0,19,0,19,4,10,30,0,44,1,0,1,45
05/29/2006,DLH,MN,AGL,CE,Combined TRACON& Tower with Radar,4,6,9,0,19,0,0,24,3,27,4,6,33,3,46,6,8,14,60
05/30/2006,DLH,MN,AGL,CE,Combined TRACON& Tower with Radar,13,12,26,8,59,0,2,70,2,74,13,14,96,10,133,34,4,38,171
05/31/2006,DLH,MN,AGL,CE,Combined TRACON& Tower with Radar,12,13,43,18,86,0,0,118,6,124,12,13,161,24,210,40,16,56,266
06/01/2006,DLH,MN,AGL,CE,Combined TRACON& Tower with Radar,8,17,98,17,140,0,0,100,2,102,8,17,198,19,242,24,4,28,270
06/02/2006,DLH,MN,AGL,CE,Combined TRACON& Tower with Radar,8,17,53,8,86,0,0,105,2,107,8,17,158,10,193,32,6,38,231
06/03/2006,DLH,MN,AGL,CE,Combined TRACON& Tower with Radar,14,10,62,2,88,0,0,148,2,150,14,10,210,4,238,134,0,134,372
06/04/2006,DLH,MN,AGL,CE,Combined TRACON& Tower with Radar,10,6,75,0,91,0,0,130,0,130,10,6,205,0,221,136,0,136,357
06/05/2006,DLH,MN,AGL,CE,Combined TRACON& Tower with Radar,13,11,43,0,67,0,0,56,3,59,13,11,99,3,126,76,4,80,206
06/06/2006,DLH,MN,AGL,CE,Combined TRACON& Tower with Radar,8,18,35,9,70,0,0,59,1,60,8,18,94,10,130,36,4,40,170
06/07/2006,DLH,MN,AGL,CE,Combined TRACON& Tower with Radar,11,17,43,12,83,0,0,93,12,105,11,17,136,24,188,30,22,52,240
06/08/2006,DLH,MN,AGL,CE,Combined TRACON& Tower with Radar,10,19,57,13,99,0,0,101,0,101,10,19,158,13,200,38,6,44,244
06/09/2006,DLH,MN,AGL,CE,Combined TRACON& Tower with Radar,11,14,50,9,84,0,3,87,0,90,11,17,137,9,174,68,28,96,270
06/10/2006,DLH,MN,AGL,CE,Combined TRACON& Tower with Radar,14,12,22,0,48,0,0,72,18,90,14,12,94,18,138,62,40,102,240
06/11/2006,DLH,MN,AGL,CE,Combined TRACON& Tower with Radar,10,6,32,2,50,0,0,73,4,77,10,6,105,6,127,102,8,110,237
06/12/2006,DLH,MN,AGL,CE,Combined TRACON& Tower with Radar,6,12,34,10,62,0,0,61,0,61,6,12,95,10,123,36,10,46,169
06/13/2006,DLH,MN,AGL,CE,Combined TRACON& Tower with Radar,8,8,31,13,60,0,2,73,0,75,8,10,104,13,135,4,10,14,149
06/14/2006,DLH,MN,AGL,CE,Combined TRACON& Tower with Radar,14,18,25,20,77,0,0,88,8,96,14,18,113,28,173,36,46,82,255
06/15/2006,DLH,MN,AGL,CE,Combined TRACON& Tower with Radar,14,12,78,16,120,0,0,62,0,62,14,12,140,16,182,12,4,16,198
06/16/2006,DLH,MN,AGL,CE,Combined TRACON& Tower with Radar,22,12,66,2,102,0,0,97,1,98,22,12,163,3,200,86,0,86,286
06/17/2006,DLH,MN,AGL,CE,Combined TRACON& Tower with Radar,15,7,34,2,58,0,4,30,1,35,15,11,64,3,93,24,0,24,117
06/18/2006,DLH,MN,AGL,CE,Combined TRACON& Tower with Radar,11,10,27,1,49,0,1,63,3,67,11,11,90,4,116,10,0,10,126
06/19/2006,DLH,MN,AGL,CE,Combined TRACON& Tower with Radar,14,13,36,6,69,0,0,75,7,82,14,13,111,13,151,44,12,56,207
06/20/2006,DLH,MN,AGL,CE,Combined TRACON& Tower with Radar,13,17,50,6,86,0,0,78,1,79,13,17,128,7,165,54,4,58,223
06/21/2006,DLH,MN,AGL,CE,Combined TRACON& Tower with Radar,12,16,43,4,75,2,4,95,1,102,14,20,138,5,177,46,0,46,223
06/22/2006,DLH,MN,AGL,CE,Combined TRACON& Tower with Radar,13,15,46,7,81,1,0,80,0,81,14,15,126,7,162,62,70,132,294
06/23/2006,DLH,MN,AGL,CE,Combined TRACON& Tower with Radar,10,17,42,18,87,0,0,85,0,85,10,17,127,18,172,66,50,116,288
06/24/2006,DLH,MN,AGL,CE,Combined TRACON& Tower with Radar,10,13,31,3,57,0,0,68,1,69,10,13,99,4,126,28,0,28,154
06/25/2006,DLH,MN,AGL,CE,Combined TRACON& Tower with Radar,4,14,23,1,42,0,0,66,3,69,4,14,89,4,111,60,0,60,171
06/26/2006,DLH,MN,AGL,CE,Combined TRACON& Tower with Radar,8,14,39,11,72,0,0,63,1,64,8,14,102,12,136,68,24,92,228
06/27/2006,DLH,MN,AGL,CE,Combined TRACON& Tower with Radar,13,13,72,19,117,0,0,30,0,30,13,13,102,19,147,24,14,38,185
06/28/2006,DLH,MN,AGL,CE,Combined TRACON& Tower with Radar,16,12,48,21,97,0,0,121,0,121,16,12,169,21,218,62,18,80,298
06/29/2006,DLH,MN,AGL,CE,Combined TRACON& Tower with Radar,8,14,49,16,87,0,0,114,0,114,8,14,163,16,201,86,24,110,311
06/30/2006,DLH,MN,AGL,CE,Combined TRACON& Tower with Radar,13,20,51,2,86,0,0,106,3,109,13,20,157,5,195,64,0,64,259
07/01/2006,DLH,MN,AGL,CE,Combined TRACON& Tower with Radar,8,14,18,0,40,0,0,61,2,63,8,14,79,2,103,14,0,14,117
07/02/2006,DLH,MN,AGL,CE,Combined TRACON& Tower with Radar,4,11,5,0,20,0,0,44,0,44,4,11,49,0,64,52,0,52,116
07/03/2006,DLH,MN,AGL,CE,Combined TRACON& Tower with Radar,10,7,3,0,20,0,3,28,0,31,10,10,31,0,51,4,0,4,55
07/04/2006,DLH,MN,AGL,CE,Combined TRACON& Tower with Radar,13,7,7,0,27,0,0,24,5,29,13,7,31,5,56,2,6,8,64
07/05/2006,DLH,MN,AGL,CE,Combined TRACON& Tower with Radar,9,18,40,3,70,0,1,87,6,94,9,19,127,9,164,76,12,88,252
07/06/2006,DLH,MN,AGL,CE,Combined TRACON& Tower with Radar,15,14,39,8,76,0,0,116,7,123,15,14,155,15,199,60,16,76,275
07/07/2006,DLH,MN,AGL,CE,Combined TRACON& Tower with Radar,15,11,30,16,72,0,0,44,0,44,15,11,74,16,116,6,14,20,136
07/08/2006,DLH,MN,AGL,CE,Combined TRACON& Tower with Radar,8,15,17,4,44,0,0,74,7,81,8,15,91,11,125,0,28,28,153
07/09/2006,DLH,MN,AGL,CE,Combined TRACON& Tower with Radar,11,7,24,3,45,0,1,128,4,133,11,8,152,7,178,4,0,4,182
07/10/2006,DLH,MN,AGL,CE,Combined TRACON& Tower with Radar,12,10,36,22,80,0,0,60,4,64,12,10,96,26,144,60,20,80,224
07/11/2006,DLH,MN,AGL,CE,Combined TRACON& Tower with Radar,8,25,45,24,102,0,0,88,8,96,8,25,133,32,198,136,50,186,384
07/12/2006,DLH,MN,AGL,CE,Combined TRACON& Tower with Radar,16,15,53,12,96,0,0,78,6,84,16,15,131,18,180,60,14,74,254
07/13/2006,DLH,MN,AGL,CE,Combined TRACON& Tower with Radar,8,15,54,17,94,0,0,81,9,90,8,15,135,26,184,36,10,46,230
07/14/2006,DLH,MN,AGL,CE,Combined TRACON& Tower with Radar,14,19,59,9,101,0,0,86,1,87,14,19,145,10,188,44,20,64,252
07/15/2006,DLH,MN,AGL,CE,Combined TRACON& Tower with Radar,14,9,22,0,45,0,0,0,0,0,14,9,22,0,45,36,0,36,81
07/16/2006,DLH,MN,AGL,CE,Combined TRACON& Tower with Radar,9,6,34,0,49,1,0,55,0,56,10,6,89,0,105,16,0,16,121
07/17/2006,DLH,MN,AGL,CE,Combined TRACON& Tower with Radar,12,11,38,0,61,0,0,51,2,53,12,11,89,2,114,106,0,106,220
07/18/2006,DLH,MN,AGL,CE,Combined TRACON& Tower with Radar,14,15,48,13,90,0,0,109,13,122,14,15,157,26,212,74,18,92,304
07/19/2006,DLH,MN,AGL,CE,Combined TRACON& Tower with Radar,30,14,41,6,91,0,0,93,3,96,30,14,134,9,187,42,20,62,249
07/20/2006,DLH,MN,AGL,CE,Combined TRACON& Tower with Radar,8,15,56,10,89,2,2,94,8,106,10,17,150,18,195,40,10,50,245
07/21/2006,DLH,MN,AGL,CE,Combined TRACON& Tower with Radar,8,21,41,12,82,0,0,100,6,106,8,21,141,18,188,66,4,70,258
07/22/2006,DLH,MN,AGL,CE,Combined TRACON& Tower with Radar,8,23,27,0,58,0,0,58,11,69,8,23,85,11,127,68,4,72,199
07/23/2006,DLH,MN,AGL,CE,Combined TRACON& Tower with Radar,10,10,25,1,46,0,0,45,0,45,10,10,70,1,91,120,0,120,211
07/24/2006,DLH,MN,AGL,CE,Combined TRACON& Tower with Radar,26,11,30,12,79,0,2,70,6,78,26,13,100,18,157,42,0,42,199
07/25/2006,DLH,MN,AGL,CE,Combined TRACON& Tower with Radar,14,15,36,17,82,0,1,77,10,88,14,16,113,27,170,28,28,56,226
07/26/2006,DLH,MN,AGL,CE,Combined TRACON& Tower with Radar,14,14,39,13,80,0,0,90,13,103,14,14,129,26,183,14,22,36,219
07/27/2006,DLH,MN,AGL,CE,Combined TRACON& Tower with Radar,15,13,47,13,88,0,0,113,2,115,15,13,160,15,203,26,4,30,233
07/28/2006,DLH,MN,AGL,CE,Combined TRACON& Tower with Radar,8,22,40,18,88,0,0,86,5,91,8,22,126,23,179,36,14,50,229
07/29/2006,DLH,MN,AGL,CE,Combined TRACON& Tower with Radar,10,16,45,0,71,0,0,37,0,37,10,16,82,0,108,46,0,46,154
07/30/2006,DLH,MN,AGL,CE,Combined TRACON& Tower with Radar,12,6,25,2,45,0,0,11,0,11,12,6,36,2,56,4,0,4,60
07/31/2006,DLH,MN,AGL,CE,Combined TRACON& Tower with Radar,11,10,28,0,49,0,0,65,1,66,11,10,93,1,115,42,0,42,157
08/01/2006,DLH,MN,AGL,CE,Combined TRACON& Tower with Radar,13,12,37,12,74,4,1,89,2,96,17,13,126,14,170,118,20,138,308
08/02/2006,DLH,MN,AGL,CE,Combined TRACON& Tower with Radar,10,16,31,0,57,0,0,96,2,98,10,16,127,2,155,38,0,38,193
08/03/2006,DLH,MN,AGL,CE,Combined TRACON& Tower with Radar,8,15,44,7,74,0,4,123,1,128,8,19,167,8,202,30,2,32,234
08/04/2006,DLH,MN,AGL,CE,Combined TRACON& Tower with Radar,13,14,26,10,63,0,0,104,10,114,13,14,130,20,177,128,14,142,319
08/05/2006,DLH,MN,AGL,CE,Combined TRACON& Tower with Radar,14,16,22,21,73,0,0,63,0,63,14,16,85,21,136,30,0,30,166
08/06/2006,DLH,MN,AGL,CE,Combined TRACON& Tower with Radar,12,7,25,23,67,0,0,33,0,33,12,7,58,23,100,34,0,34,134
08/07/2006,DLH,MN,AGL,CE,Combined TRACON& Tower with Radar,6,14,27,1,48,0,0,77,0,77,6,14,104,1,125,10,0,10,135
08/08/2006,DLH,MN,AGL,CE,Combined TRACON& Tower with Radar,8,15,36,12,71,1,0,98,2,101,9,15,134,14,172,50,14,64,236
08/09/2006,DLH,MN,AGL,CE,Combined TRACON& Tower with Radar,14,11,43,11,79,0,3,74,0,77,14,14,117,11,156,50,0,50,206
08/10/2006,DLH,MN,AGL,CE,Combined TRACON& Tower with Radar,14,13,30,3,60,0,0,23,1,24,14,13,53,4,84,18,0,18,102
08/11/2006,DLH,MN,AGL,CE,Combined TRACON& Tower with Radar,14,14,44,10,82,0,3,98,2,103,14,17,142,12,185,64,44,108,293
08/12/2006,DLH,MN,AGL,CE,Combined TRACON& Tower with Radar,14,10,30,0,54,0,0,84,4,88,14,10,114,4,142,40,0,40,182
08/13/2006,DLH,MN,AGL,CE,Combined TRACON& Tower with Radar,11,11,37,1,60,0,0,17,0,17,11,11,54,1,77,28,0,28,105
08/14/2006,DLH,MN,AGL,CE,Combined TRACON& Tower with Radar,11,13,52,1,77,0,3,51,2,56,11,16,103,3,133,56,0,56,189
08/15/2006,DLH,MN,AGL,CE,Combined TRACON& Tower with Radar,11,21,25,13,70,0,4,103,11,118,11,25,128,24,188,30,14,44,232
08/16/2006,DLH,MN,AGL,CE,Combined TRACON& Tower with Radar,16,9,42,15,82,0,0,102,0,102,16,9,144,15,184,40,10,50,234
08/17/2006,DLH,MN,AGL,CE,Combined TRACON& Tower with Radar,15,8,35,13,71,0,0,75,8,83,15,8,110,21,154,32,10,42,196
08/18/2006,DLH,MN,AGL,CE,Combined TRACON& Tower with Radar,14,14,47,12,87,1,0,59,0,60,15,14,106,12,147,10,8,18,165
08/19/2006,DLH,MN,AGL,CE,Combined TRACON& Tower with Radar,8,16,22,1,47,0,0,87,3,90,8,16,109,4,137,32,0,32,169
08/20/2006,DLH,MN,AGL,CE,Combined TRACON& Tower with Radar,4,13,30,4,51,0,0,67,0,67,4,13,97,4,118,12,0,12,130
08/21/2006,DLH,MN,AGL,CE,Combined TRACON& Tower with Radar,12,10,20,8,50,0,4,56,0,60,12,14,76,8,110,16,6,22,132
08/22/2006,DLH,MN,AGL,CE,Combined TRACON& Tower with Radar,10,21,30,10,71,0,0,88,0,88,10,21,118,10,159,80,66,146,305
08/23/2006,DLH,MN,AGL,CE,Combined TRACON& Tower with Radar,18,15,54,13,100,0,0,76,3,79,18,15,130,16,179,86,50,136,315
08/24/2006,DLH,MN,AGL,CE,Combined TRACON& Tower with Radar,9,4,57,18,88,0,6,21,0,27,9,10,78,18,115,8,14,22,137
08/25/2006,DLH,MN,AGL,CE,Combined TRACON& Tower with Radar,9,10,24,0,43,0,4,0,0,4,9,14,24,0,47,0,0,0,47
08/26/2006,DLH,MN,AGL,CE,Combined TRACON& Tower with Radar,10,12,29,0,51,0,0,89,0,89,10,12,118,0,140,18,0,18,158
08/27/2006,DLH,MN,AGL,CE,Combined TRACON& Tower with Radar,6,10,16,0,32,0,0,64,0,64,6,10,80,0,96,14,0,14,110
08/28/2006,DLH,MN,AGL,CE,Combined TRACON& Tower with Radar,10,14,43,0,67,0,0,65,0,65,10,14,108,0,132,8,0,8,140
08/29/2006,DLH,MN,AGL,CE,Combined TRACON& Tower with Radar,9,13,26,3,51,0,0,82,7,89,9,13,108,10,140,36,0,36,176
08/30/2006,DLH,MN,AGL,CE,Combined TRACON& Tower with Radar,16,22,80,10,128,0,0,60,0,60,16,22,140,10,188,102,26,128,316
08/31/2006,DLH,MN,AGL,CE,Combined TRACON& Tower with Radar,10,19,43,3,75,0,0,105,5,110,10,19,148,8,185,58,0,58,243
09/01/2006,DLH,MN,AGL,CE,Combined TRACON& Tower with Radar,10,17,55,0,82,0,0,88,3,91,10,17,143,3,173,40,0,40,213
09/02/2006,DLH,MN,AGL,CE,Combined TRACON& Tower with Radar,10,9,17,0,36,1,0,32,0,33,11,9,49,0,69,2,0,2,71
09/03/2006,DLH,MN,AGL,CE,Combined TRACON& Tower with Radar,10,11,26,1,48,0,0,26,1,27,10,11,52,2,75,2,0,2,77
09/04/2006,DLH,MN,AGL,CE,Combined TRACON& Tower with Radar,6,12,15,2,35,0,0,53,0,53,6,12,68,2,88,56,0,56,144
09/05/2006,DLH,MN,AGL,CE,Combined TRACON& Tower with Radar,13,14,37,6,70,0,0,88,0,88,13,14,125,6,158,40,0,40,198
09/06/2006,DLH,MN,AGL,CE,Combined TRACON& Tower with Radar,12,20,57,7,96,0,0,80,0,80,12,20,137,7,176,60,2,62,238
09/07/2006,DLH,MN,AGL,CE,Combined TRACON& Tower with Radar,10,16,37,4,67,0,0,127,2,129,10,16,164,6,196,66,0,66,262
09/08/2006,DLH,MN,AGL,CE,Combined TRACON& Tower with Radar,10,13,55,4,82,0,0,35,1,36,10,13,90,5,118,24,0,24,142
09/09/2006,DLH,MN,AGL,CE,Combined TRACON& Tower with Radar,12,11,31,8,62,0,0,58,0,58,12,11,89,8,120,52,0,52,172
09/10/2006,DLH,MN,AGL,CE,Combined TRACON& Tower with Radar,10,5,28,1,44,0,0,64,1,65,10,5,92,2,109,24,0,24,133
09/11/2006,DLH,MN,AGL,CE,Combined TRACON& Tower with Radar,12,7,22,0,41,1,5,82,2,90,13,12,104,2,131,38,0,38,169
09/12/2006,DLH,MN,AGL,CE,Combined TRACON& Tower with Radar,14,14,26,2,56,0,0,111,4,115,14,14,137,6,171,70,0,70,241
09/13/2006,DLH,MN,AGL,CE,Combined TRACON& Tower with Radar,15,19,33,2,69,0,0,156,0,156,15,19,189,2,225,80,0,80,305
09/14/2006,DLH,MN,AGL,CE,Combined TRACON& Tower with Radar,10,16,37,0,63,0,1,103,2,106,10,17,140,2,169,20,0,20,189
09/15/2006,DLH,MN,AGL,CE,Combined TRACON& Tower with Radar,18,16,27,0,61,0,0,101,4,105,18,16,128,4,166,56,0,56,222
09/16/2006,DLH,MN,AGL,CE,Combined TRACON& Tower with Radar,9,7,27,0,43,0,0,33,0,33,9,7,60,0,76,6,0,6,82
09/17/2006,DLH,MN,AGL,CE,Combined TRACON& Tower with Radar,6,7,17,0,30,0,0,56,0,56,6,7,73,0,86,28,0,28,114
09/18/2006,DLH,MN,AGL,CE,Combined TRACON& Tower with Radar,10,13,10,0,33,1,0,49,0,50,11,13,59,0,83,2,0,2,85
09/19/2006,DLH,MN,AGL,CE,Combined TRACON& Tower with Radar,13,14,30,0,57,0,2,80,0,82,13,16,110,0,139,24,0,24,163
09/20/2006,DLH,MN,AGL,CE,Combined TRACON& Tower with Radar,14,18,32,0,64,0,2,129,0,131,14,20,161,0,195,26,0,26,221
09/21/2006,DLH,MN,AGL,CE,Combined TRACON& Tower with Radar,16,8,31,14,69,0,0,117,0,117,16,8,148,14,186,26,20,46,232
09/22/2006,DLH,MN,AGL,CE,Combined TRACON& Tower with Radar,12,12,36,10,70,0,0,12,1,13,12,12,48,11,83,2,0,2,85
09/23/2006,DLH,MN,AGL,CE,Combined TRACON& Tower with Radar,12,11,41,1,65,0,0,7,1,8,12,11,48,2,73,0,0,0,73
09/24/2006,DLH,MN,AGL,CE,Combined TRACON& Tower with Radar,10,10,24,2,46,0,0,102,0,102,10,10,126,2,148,18,0,18,166
09/25/2006,DLH,MN,AGL,CE,Combined TRACON& Tower with Radar,9,13,29,0,51,0,4,108,0,112,9,17,137,0,163,4,0,4,167
09/26/2006,DLH,MN,AGL,CE,Combined TRACON& Tower with Radar,10,16,22,0,48,0,2,78,0,80,10,18,100,0,128,44,0,44,172
09/27/2006,DLH,MN,AGL,CE,Combined TRACON& Tower with Radar,14,24,54,0,92,0,3,47,0,50,14,27,101,0,142,10,0,10,152
09/28/2006,DLH,MN,AGL,CE,Combined TRACON& Tower with Radar,11,18,27,1,57,0,2,104,1,107,11,20,131,2,164,64,0,64,228
09/29/2006,DLH,MN,AGL,CE,Combined TRACON& Tower with Radar,10,19,34,1,64,0,0,70,0,70,10,19,104,1,134,66,0,66,200
09/30/2006,DLH,MN,AGL,CE,Combined TRACON& Tower with Radar,12,11,25,0,48,0,0,72,2,74,12,11,97,2,122,36,4,40,162
10/01/2006,DLH,MN,AGL,CE,Combined TRACON& Tower with Radar,8,4,20,0,32,0,6,69,0,75,8,10,89,0,107,54,0,54,161
10/02/2006,DLH,MN,AGL,CE,Combined TRACON& Tower with Radar,10,12,18,0,40,0,2,80,0,82,10,14,98,0,122,14,0,14,136
10/03/2006,DLH,MN,AGL,CE,Combined TRACON& Tower with Radar,10,15,27,0,52,0,3,70,0,73,10,18,97,0,125,30,0,30,155
10/04/2006,DLH,MN,AGL,CE,Combined TRACON& Tower with Radar,16,15,38,14,83,0,0,145,0,145,16,15,183,14,228,108,22,130,358
10/05/2006,DLH,MN,AGL,CE,Combined TRACON& Tower with Radar,12,16,35,2,65,0,0,126,2,128,12,16,161,4,193,32,16,48,241
10/06/2006,DLH,MN,AGL,CE,Combined TRACON& Tower with Radar,8,11,3,3,25,0,2,133,0,135,8,13,136,3,160,58,0,58,218
10/07/2006,DLH,MN,AGL,CE,Combined TRACON& Tower with Radar,11,12,17,6,46,0,0,62,0,62,11,12,79,6,108,26,2,28,136
10/08/2006,DLH,MN,AGL,CE,Combined TRACON& Tower with Radar,12,8,11,0,31,0,0,49,0,49,12,8,60,0,80,0,0,0,80
10/09/2006,DLH,MN,AGL,CE,Combined TRACON& Tower with Radar,9,13,20,0,42,2,0,77,0,79,11,13,97,0,121,24,0,24,145
10/10/2006,DLH,MN,AGL,CE,Combined TRACON& Tower with Radar,11,8,21,1,41,0,5,97,0,102,11,13,118,1,143,30,0,30,173
10/11/2006,DLH,MN,AGL,CE,Combined TRACON& Tower with Radar,10,13,15,6,44,0,0,20,0,20,10,13,35,6,64,3,0,3,67
10/12/2006,DLH,MN,AGL,CE,Combined TRACON& Tower with Radar,13,10,44,0,67,0,0,23,0,23,13,10,67,0,90,12,0,12,102
10/13/2006,DLH,MN,AGL,CE,Combined TRACON& Tower with Radar,5,9,19,0,33,0,0,8,0,8,5,9,27,0,41,0,0,0,41
10/14/2006,DLH,MN,AGL,CE,Combined TRACON& Tower with Radar,10,8,15,2,35,0,1,50,3,54,10,9,65,5,89,16,1,17,106
10/15/2006,DLH,MN,AGL,CE,Combined TRACON& Tower with Radar,6,8,14,0,28,0,0,92,0,92,6,8,106,0,120,24,0,24,144
10/16/2006,DLH,MN,AGL,CE,Combined TRACON& Tower with Radar,6,6,38,0,50,0,0,23,0,23,6,6,61,0,73,2,0,2,75
10/17/2006,DLH,MN,AGL,CE,Combined TRACON& Tower with Radar,0,5,15,2,22,0,0,6,0,6,0,5,21,2,28,4,0,4,32
10/18/2006,DLH,MN,AGL,CE,Combined TRACON& Tower with Radar,13,8,44,12,77,0,1,85,4,90,13,9,129,16,167,42,4,46,213
10/19/2006,DLH,MN,AGL,CE,Combined TRACON& Tower with Radar,12,11,53,10,86,0,3,103,0,106,12,14,156,10,192,118,0,118,310
10/20/2006,DLH,MN,AGL,CE,Combined TRACON& Tower with Radar,14,20,23,21,78,0,0,7,2,9,14,20,30,23,87,4,0,4,91
10/21/2006,DLH,MN,AGL,CE,Combined TRACON& Tower with Radar,12,13,14,14,53,0,0,91,1,92,12,13,105,15,145,54,2,56,201
10/22/2006,DLH,MN,AGL,CE,Combined TRACON& Tower with Radar,6,11,20,0,37,0,0,51,0,51,6,11,71,0,88,20,0,20,108
10/23/2006,DLH,MN,AGL,CE,Combined TRACON& Tower with Radar,12,12,23,6,53,0,0,45,0,45,12,12,68,6,98,20,2,22,120
10/24/2006,DLH,MN,AGL,CE,Combined TRACON& Tower with Radar,14,12,23,9,58,0,4,92,2,98,14,16,115,11,156,50,2,52,208
10/25/2006,DLH,MN,AGL,CE,Combined TRACON& Tower with Radar,12,17,46,13,88,0,0,136,3,139,12,17,182,16,227,22,8,30,257
10/26/2006,DLH,MN,AGL,CE,Combined TRACON& Tower with Radar,10,14,31,17,72,1,2,91,9,103,11,16,122,26,175,102,12,114,289
10/27/2006,DLH,MN,AGL,CE,Combined TRACON& Tower with Radar,12,12,29,16,69,0,3,61,4,68,12,15,90,20,137,8,12,20,157
10/28/2006,DLH,MN,AGL,CE,Combined TRACON& Tower with Radar,13,9,2,0,24,0,0,69,0,69,13,9,71,0,93,26,0,26,119
10/29/2006,DLH,MN,AGL,CE,Combined TRACON& Tower with Radar,9,9,17,2,37,0,0,81,2,83,9,9,98,4,120,32,0,32,152
10/30/2006,DLH,MN,AGL,CE,Combined TRACON& Tower with Radar,11,8,22,12,53,0,5,31,0,36,11,13,53,12,89,0,0,0,89
10/31/2006,DLH,MN,AGL,CE,Combined TRACON& Tower with Radar,13,17,30,16,76,0,0,34,0,34,13,17,64,16,110,10,0,10,120
11/01/2006,DLH,MN,AGL,CE,Combined TRACON& Tower with Radar,10,14,27,15,66,0,0,57,1,58,10,14,84,16,124,16,0,16,140
11/02/2006,DLH,MN,AGL,CE,Combined TRACON& Tower with Radar,8,16,27,18,69,0,0,61,1,62,8,16,88,19,131,36,12,48,179
11/03/2006,DLH,MN,AGL,CE,Combined TRACON& Tower with Radar,8,18,37,13,76,0,0,82,4,86,8,18,119,17,162,64,2,66,228
11/04/2006,DLH,MN,AGL,CE,Combined TRACON& Tower with Radar,14,6,8,0,28,0,5,44,0,49,14,11,52,0,77,70,0,70,147
11/05/2006,DLH,MN,AGL,CE,Combined TRACON& Tower with Radar,12,12,35,0,59,0,0,70,0,70,12,12,105,0,129,120,0,120,249
11/06/2006,DLH,MN,AGL,CE,Combined TRACON& Tower with Radar,6,13,32,10,61,0,0,51,8,59,6,13,83,18,120,52,6,58,178
11/07/2006,DLH,MN,AGL,CE,Combined TRACON& Tower with Radar,6,18,40,0,64,0,0,7,0,7,6,18,47,0,71,0,0,0,71
11/08/2006,DLH,MN,AGL,CE,Combined TRACON& Tower with Radar,13,19,35,9,76,0,0,95,0,95,13,19,130,9,171,30,0,30,201
11/09/2006,DLH,MN,AGL,CE,Combined TRACON& Tower with Radar,14,8,52,0,74,0,0,69,0,69,14,8,121,0,143,48,0,48,191
11/10/2006,DLH,MN,AGL,CE,Combined TRACON& Tower with Radar,14,10,32,1,57,0,0,52,0,52,14,10,84,1,109,76,0,76,185
11/11/2006,DLH,MN,AGL,CE,Combined TRACON& Tower with Radar,14,11,25,2,52,0,0,71,3,74,14,11,96,5,126,70,10,80,206
11/12/2006,DLH,MN,AGL,CE,Combined TRACON& Tower with Radar,10,3,23,0,36,0,5,39,2,46,10,8,62,2,82,24,0,24,106
11/13/2006,DLH,MN,AGL,CE,Combined TRACON& Tower with Radar,10,14,46,12,82,0,0,4,0,4,10,14,50,12,86,0,0,0,86
11/14/2006,DLH,MN,AGL,CE,Combined TRACON& Tower with Radar,9,13,58,16,96,0,0,5,0,5,9,13,63,16,101,0,0,0,101
11/15/2006,DLH,MN,AGL,CE,Combined TRACON& Tower with Radar,12,13,52,24,101,0,0,10,0,10,12,13,62,24,111,6,12,18,129
11/16/2006,DLH,MN,AGL,CE,Combined TRACON& Tower with Radar,9,20,64,17,110,0,0,56,0,56,9,20,120,17,166,80,42,122,288
11/17/2006,DLH,MN,AGL,CE,Combined TRACON& Tower with Radar,12,11,48,23,94,0,0,81,0,81,12,11,129,23,175,64,22,86,261
11/18/2006,DLH,MN,AGL,CE,Combined TRACON& Tower with Radar,8,13,23,26,70,0,0,53,5,58,8,13,76,31,128,40,14,54,182
11/19/2006,DLH,MN,AGL,CE,Combined TRACON& Tower with Radar,13,7,25,0,45,0,0,87,0,87,13,7,112,0,132,96,0,96,228
11/20/2006,DLH,MN,AGL,CE,Combined TRACON& Tower with Radar,11,17,49,14,91,0,0,71,2,73,11,17,120,16,164,42,22,64,228
11/21/2006,DLH,MN,AGL,CE,Combined TRACON& Tower with Radar,12,9,49,19,89,0,0,78,3,81,12,9,127,22,170,42,20,62,232
11/22/2006,DLH,MN,AGL,CE,Combined TRACON& Tower with Radar,17,12,42,11,82,0,0,106,2,108,17,12,148,13,190,140,60,200,390
11/23/2006,DLH,MN,AGL,CE,Combined TRACON& Tower with Radar,9,0,2,0,11,0,0,12,0,12,9,0,14,0,23,0,0,0,23
11/24/2006,DLH,MN,AGL,CE,Combined TRACON& Tower with Radar,1,14,17,0,32,0,0,76,0,76,1,14,93,0,108,84,0,84,192
11/25/2006,DLH,MN,AGL,CE,Combined TRACON& Tower with Radar,13,7,14,0,34,0,0,8,0,8,13,7,22,0,42,20,0,20,62
11/26/2006,DLH,MN,AGL,CE,Combined TRACON& Tower with Radar,6,10,23,1,40,0,0,0,0,0,6,10,23,1,40,0,0,0,40
11/27/2006,DLH,MN,AGL,CE,Combined TRACON& Tower with Radar,11,7,25,1,44,0,1,0,0,1,11,8,25,1,45,0,0,0,45
11/28/2006,DLH,MN,AGL,CE,Combined TRACON& Tower with Radar,14,9,8,3,34,0,0,0,0,0,14,9,8,3,34,0,0,0,34
11/29/2006,DLH,MN,AGL,CE,Combined TRACON& Tower with Radar,20,16,50,20,106,0,4,114,0,118,20,20,164,20,224,86,16,102,326
11/30/2006,DLH,MN,AGL,CE,Combined TRACON& Tower with Radar,14,12,56,16,98,0,0,104,8,112,14,12,160,24,210,64,10,74,284
12/01/2006,DLH,MN,AGL,CE,Combined TRACON& Tower with Radar,14,9,46,12,81,0,0,73,0,73,14,9,119,12,154,22,0,22,176
12/02/2006,DLH,MN,AGL,CE,Combined TRACON& Tower with Radar,8,15,31,21,75,0,0,21,0,21,8,15,52,21,96,8,0,8,104
12/03/2006,DLH,MN,AGL,CE,Combined TRACON& Tower with Radar,4,13,18,0,35,0,0,44,0,44,4,13,62,0,79,50,0,50,129
12/04/2006,DLH,MN,AGL,CE,Combined TRACON& Tower with Radar,5,14,44,0,63,0,0,23,0,23,5,14,67,0,86,108,0,108,194
12/05/2006,DLH,MN,AGL,CE,Combined TRACON& Tower with Radar,14,18,39,10,81,0,0,29,0,29,14,18,68,10,110,50,0,50,160
12/06/2006,DLH,MN,AGL,CE,Combined TRACON& Tower with Radar,15,14,48,14,91,0,1,66,0,67,15,15,114,14,158,24,12,36,194
12/07/2006,DLH,MN,AGL,CE,Combined TRACON& Tower with Radar,8,18,41,15,82,0,0,82,3,85,8,18,123,18,167,24,40,64,231
12/08/2006,DLH,MN,AGL,CE,Combined TRACON& Tower with Radar,14,19,40,18,91,0,0,79,0,79,14,19,119,18,170,52,32,84,254
12/09/2006,DLH,MN,AGL,CE,Combined TRACON& Tower with Radar,8,11,25,1,45,6,0,75,7,88,14,11,100,8,133,30,0,30,163
12/10/2006,DLH,MN,AGL,CE,Combined TRACON& Tower with Radar,4,14,33,0,51,0,0,44,0,44,4,14,77,0,95,32,0,32,127
12/11/2006,DLH,MN,AGL,CE,Combined TRACON& Tower with Radar,10,11,36,9,66,0,0,13,0,13,10,11,49,9,79,16,0,16,95
12/12/2006,DLH,MN,AGL,CE,Combined TRACON& Tower with Radar,10,11,16,0,37,1,3,3,0,7,11,14,19,0,44,0,0,0,44
12/13/2006,DLH,MN,AGL,CE,Combined TRACON& Tower with Radar,13,13,75,26,127,0,0,55,15,70,13,13,130,41,197,66,32,98,295
12/14/2006,DLH,MN,AGL,CE,Combined TRACON& Tower with Radar,8,20,65,7,100,0,0,26,2,28,8,20,91,9,128,5,0,5,133
12/15/2006,DLH,MN,AGL,CE,Combined TRACON& Tower with Radar,7,21,76,16,120,0,2,41,2,45,7,23,117,18,165,110,0,110,275
12/16/2006,DLH,MN,AGL,CE,Combined TRACON& Tower with Radar,13,9,17,3,42,0,0,61,0,61,13,9,78,3,103,30,0,30,133
12/17/2006,DLH,MN,AGL,CE,Combined TRACON& Tower with Radar,12,8,27,6,53,0,0,45,0,45,12,8,72,6,98,70,0,70,168
12/18/2006,DLH,MN,AGL,CE,Combined TRACON& Tower with Radar,5,13,47,19,84,0,1,90,1,92,5,14,137,20,176,120,20,140,316
12/19/2006,DLH,MN,AGL,CE,Combined TRACON& Tower with Radar,15,14,78,18,125,0,0,128,6,134,15,14,206,24,259,118,28,146,405
12/20/2006,DLH,MN,AGL,CE,Combined TRACON& Tower with Radar,13,17,55,18,103,0,0,120,9,129,13,17,175,27,232,46,6,52,284
12/21/2006,DLH,MN,AGL,CE,Combined TRACON& Tower with Radar,10,16,62,6,94,0,0,98,3,101,10,16,160,9,195,54,12,66,261
12/22/2006,DLH,MN,AGL,CE,Combined TRACON& Tower with Radar,7,17,20,0,44,0,54,0,0,54,7,71,20,0,98,0,0,0,98
12/23/2006,DLH,MN,AGL,CE,Combined TRACON& Tower with Radar,16,14,36,0,66,0,0,54,0,54,16,14,90,0,120,68,0,68,188
12/24/2006,DLH,MN,AGL,CE,Combined TRACON& Tower with Radar,11,4,3,0,18,0,4,5,0,9,11,8,8,0,27,2,0,2,29
12/25/2006,DLH,MN,AGL,CE,Combined TRACON& Tower with Radar,4,10,6,0,20,0,0,9,0,9,4,10,15,0,29,16,0,16,45
12/26/2006,DLH,MN,AGL,CE,Combined TRACON& Tower with Radar,6,16,23,0,45,0,0,93,0,93,6,16,116,0,138,60,0,60,198
12/27/2006,DLH,MN,AGL,CE,Combined TRACON& Tower with Radar,12,13,40,18,83,0,0,0,0,0,12,13,40,18,83,110,18,128,211
12/28/2006,DLH,MN,AGL,CE,Combined TRACON& Tower with Radar,9,8,71,15,103,4,4,13,1,22,13,12,84,16,125,6,0,6,131
12/29/2006,DLH,MN,AGL,CE,Combined TRACON& Tower with Radar,16,18,13,2,49,0,0,0,0,0,16,18,13,2,49,0,0,0,49
12/30/2006,DLH,MN,AGL,CE,Combined TRACON& Tower with Radar,8,11,5,0,24,0,4,7,0,11,8,15,12,0,35,0,0,0,35
12/31/2006,DLH,MN,AGL,CE,Combined TRACON& Tower with Radar,9,4,2,0,15,0,2,0,0,2,9,6,2,0,17,0,0,0,17
01/01/2007,DLH,MN,AGL,CE,Combined TRACON& Tower with Radar,10,8,6,0,24,0,0,23,0,23,10,8,29,0,47,0,0,0,47
01/02/2007,DLH,MN,AGL,CE,Combined TRACON& Tower with Radar,7,12,25,0,44,0,0,95,0,95,7,12,120,0,139,30,0,30,169
01/03/2007,DLH,MN,AGL,CE,Combined TRACON& Tower with Radar,24,15,40,21,100,0,0,88,0,88,24,15,128,21,188,60,34,94,282
01/04/2007,DLH,MN,AGL,CE,Combined TRACON& Tower with Radar,16,10,45,10,81,0,0,30,0,30,16,10,75,10,111,6,6,12,123
01/05/2007,DLH,MN,AGL,CE,Combined TRACON& Tower with Radar,11,19,25,3,58,0,0,21,0,21,11,19,46,3,79,72,0,72,151
01/06/2007,DLH,MN,AGL,CE,Combined TRACON& Tower with Radar,8,13,11,19,51,0,0,37,0,37,8,13,48,19,88,13,12,25,113
01/07/2007,DLH,MN,AGL,CE,Combined TRACON& Tower with Radar,12,8,16,0,36,0,0,10,0,10,12,8,26,0,46,0,0,0,46
01/08/2007,DLH,MN,AGL,CE,Combined TRACON& Tower with Radar,13,8,31,25,77,0,5,65,7,77,13,13,96,32,154,42,40,82,236
01/09/2007,DLH,MN,AGL,CE,Combined TRACON& Tower with Radar,14,9,34,26,83,0,2,50,0,52,14,11,84,26,135,40,44,84,219
01/10/2007,DLH,MN,AGL,CE,Combined TRACON& Tower with Radar,16,14,87,22,139,0,0,25,0,25,16,14,112,22,164,96,60,156,320
01/11/2007,DLH,MN,AGL,CE,Combined TRACON& Tower with Radar,10,14,53,39,116,2,0,51,13,66,12,14,104,52,182,90,62,152,334
01/12/2007,DLH,MN,AGL,CE,Combined TRACON& Tower with Radar,10,12,30,4,56,0,1,69,0,70,10,13,99,4,126,46,0,46,172
01/13/2007,DLH,MN,AGL,CE,Combined TRACON& Tower with Radar,8,13,25,0,46,0,0,60,0,60,8,13,85,0,106,8,4,12,118
01/14/2007,DLH,MN,AGL,CE,Combined TRACON& Tower with Radar,5,5,4,0,14,0,0,38,0,38,5,5,42,0,52,20,0,20,72
01/15/2007,DLH,MN,AGL,CE,Combined TRACON& Tower with Radar,8,12,27,0,47,0,0,26,0,26,8,12,53,0,73,6,0,6,79
01/16/2007,DLH,MN,AGL,CE,Combined TRACON& Tower with Radar,9,10,28,21,68,0,0,62,5,67,9,10,90,26,135,48,26,74,209
01/17/2007,DLH,MN,AGL,CE,Combined TRACON& Tower with Radar,18,7,38,27,90,0,0,69,0,69,18,7,107,27,159,30,30,60,219
01/18/2007,DLH,MN,AGL,CE,Combined TRACON& Tower with Radar,15,13,53,14,95,0,0,31,0,31,15,13,84,14,126,6,0,6,132
01/19/2007,DLH,MN,AGL,CE,Combined TRACON& Tower with Radar,10,12,55,14,91,0,1,57,0,58,10,13,112,14,149,54,20,74,223
01/20/2007,DLH,MN,AGL,CE,Combined TRACON& Tower with Radar,9,13,34,47,103,0,0,54,0,54,9,13,88,47,157,40,20,60,217
01/21/2007,DLH,MN,AGL,CE,Combined TRACON& Tower with Radar,6,7,25,0,38,2,0,0,0,2,8,7,25,0,40,0,0,0,40
01/22/2007,DLH,MN,AGL,CE,Combined TRACON& Tower with Radar,14,12,40,9,75,0,0,25,0,25,14,12,65,9,100,22,22,44,144
01/23/2007,DLH,MN,AGL,CE,Combined TRACON& Tower with Radar,16,12,30,40,98,0,0,50,20,70,16,12,80,60,168,120,126,246,414
01/24/2007,DLH,MN,AGL,CE,Combined TRACON& Tower with Radar,16,12,46,24,98,0,0,51,0,51,16,12,97,24,149,48,24,72,221
01/25/2007,DLH,MN,AGL,CE,Combined TRACON& Tower with Radar,12,10,39,24,85,0,2,86,3,91,12,12,125,27,176,70,32,102,278
01/26/2007,DLH,MN,AGL,CE,Combined TRACON& Tower with Radar,13,18,26,1,58,0,0,25,0,25,13,18,51,1,83,20,0,20,103
01/27/2007,DLH,MN,AGL,CE,Combined TRACON& Tower with Radar,12,7,15,2,36,0,1,24,0,25,12,8,39,2,61,10,0,10,71
01/28/2007,DLH,MN,AGL,CE,Combined TRACON& Tower with Radar,7,7,15,0,29,0,0,35,0,35,7,7,50,0,64,8,0,8,72
01/29/2007,DLH,MN,AGL,CE,Combined TRACON& Tower with Radar,13,8,37,24,82,0,0,16,0,16,13,8,53,24,98,10,34,44,142
01/30/2007,DLH,MN,AGL,CE,Combined TRACON& Tower with Radar,20,12,35,14,81,0,2,66,6,74,20,14,101,20,155,44,42,86,241
01/31/2007,DLH,MN,AGL,CE,Combined TRACON& Tower with Radar,13,13,38,20,84,0,2,100,5,107,13,15,138,25,191,36,26,62,253
02/01/2007,DLH,MN,AGL,CE,Combined TRACON& Tower with Radar,12,10,49,5,76,0,0,28,12,40,12,10,77,17,116,0,6,6,122
02/02/2007,DLH,MN,AGL,CE,Combined TRACON& Tower with Radar,9,16,31,11,67,0,0,41,0,41,9,16,72,11,108,14,4,18,126
02/03/2007,DLH,MN,AGL,CE,Combined TRACON& Tower with Radar,11,11,14,2,38,0,0,26,0,26,11,11,40,2,64,2,0,2,66
02/04/2007,DLH,MN,AGL,CE,Combined TRACON& Tower with Radar,7,7,10,2,26,0,0,36,4,40,7,7,46,6,66,44,0,44,110
02/05/2007,DLH,MN,AGL,CE,Combined TRACON& Tower with Radar,14,14,16,6,50,0,0,78,0,78,14,14,94,6,128,94,16,110,238
02/06/2007,DLH,MN,AGL,CE,Combined TRACON& Tower with Radar,10,23,26,16,75,0,0,74,18,92,10,23,100,34,167,42,80,122,289
02/07/2007,DLH,MN,AGL,CE,Combined TRACON& Tower with Radar,14,10,39,5,68,0,5,63,2,70,14,15,102,7,138,42,6,48,186
02/08/2007,DLH,MN,AGL,CE,Combined TRACON& Tower with Radar,11,14,45,12,82,0,0,65,2,67,11,14,110,14,149,16,8,24,173
02/09/2007,DLH,MN,AGL,CE,Combined TRACON& Tower with Radar,9,17,39,0,65,0,0,77,0,77,9,17,116,0,142,10,0,10,152
02/10/2007,DLH,MN,AGL,CE,Combined TRACON& Tower with Radar,9,13,16,2,40,0,0,56,0,56,9,13,72,2,96,36,0,36,132
02/11/2007,DLH,MN,AGL,CE,Combined TRACON& Tower with Radar,6,6,15,3,30,2,2,47,2,53,8,8,62,5,83,12,0,12,95
02/12/2007,DLH,MN,AGL,CE,Combined TRACON& Tower with Radar,9,12,25,0,46,0,0,79,0,79,9,12,104,0,125,8,0,8,133
02/13/2007,DLH,MN,AGL,CE,Combined TRACON& Tower with Radar,10,17,20,4,51,0,0,67,6,73,10,17,87,10,124,82,16,98,222
02/14/2007,DLH,MN,AGL,CE,Combined TRACON& Tower with Radar,12,16,35,16,79,0,0,73,0,73,12,16,108,16,152,26,20,46,198
02/15/2007,DLH,MN,AGL,CE,Combined TRACON& Tower with Radar,9,15,44,8,76,0,1,76,0,77,9,16,120,8,153,52,26,78,231
02/16/2007,DLH,MN,AGL,CE,Combined TRACON& Tower with Radar,14,15,56,5,90,0,0,35,0,35,14,15,91,5,125,28,0,28,153
02/17/2007,DLH,MN,AGL,CE,Combined TRACON& Tower with Radar,10,10,19,2,41,0,0,81,0,81,10,10,100,2,122,56,0,56,178
02/18/2007,DLH,MN,AGL,CE,Combined TRACON& Tower with Radar,12,8,20,0,40,0,0,53,0,53,12,8,73,0,93,16,0,16,109
02/19/2007,DLH,MN,AGL,CE,Combined TRACON& Tower with Radar,6,9,39,2,56,3,0,24,4,31,9,9,63,6,87,16,0,16,103
02/20/2007,DLH,MN,AGL,CE,Combined TRACON& Tower with Radar,8,13,54,3,78,0,0,65,4,69,8,13,119,7,147,16,8,24,171
02/21/2007,DLH,MN,AGL,CE,Combined TRACON& Tower with Radar,10,18,46,5,79,0,0,71,4,75,10,18,117,9,154,38,2,40,194
02/22/2007,DLH,MN,AGL,CE,Combined TRACON& Tower with Radar,13,12,53,3,81,0,0,107,2,109,13,12,160,5,190,80,40,120,310
02/23/2007,DLH,MN,AGL,CE,Combined TRACON& Tower with Radar,11,15,35,15,76,0,0,55,0,55,11,15,90,15,131,14,6,20,151
02/24/2007,DLH,MN,AGL,CE,Combined TRACON& Tower with Radar,25,6,4,2,37,0,4,13,0,17,25,10,17,2,54,4,0,4,58
02/25/2007,DLH,MN,AGL,CE,Combined TRACON& Tower with Radar,16,6,4,0,26,0,0,4,0,4,16,6,8,0,30,0,0,0,30
02/26/2007,DLH,MN,AGL,CE,Combined TRACON& Tower with Radar,5,13,14,1,33,0,0,1,1,2,5,13,15,2,35,0,14,14,49
02/27/2007,DLH,MN,AGL,CE,Combined TRACON& Tower with Radar,10,14,51,2,77,0,1,26,0,27,10,15,77,2,104,30,6,36,140
02/28/2007,DLH,MN,AGL,CE,Combined TRACON& Tower with Radar,16,13,63,6,98,0,0,31,3,34,16,13,94,9,132,38,2,40,172
03/01/2007,DLH,MN,AGL,CE,Combined TRACON& Tower with Radar,4,3,0,0,7,0,0,0,0,0,4,3,0,0,7,0,0,0,7
03/02/2007,DLH,MN,AGL,CE,Combined TRACON& Tower with Radar,0,8,0,0,8,0,0,6,0,6,0,8,6,0,14,0,0,0,14
03/03/2007,DLH,MN,AGL,CE,Combined TRACON& Tower with Radar,8,16,12,1,37,0,0,55,1,56,8,16,67,2,93,6,0,6,99
03/04/2007,DLH,MN,AGL,CE,Combined TRACON& Tower with Radar,11,8,17,0,36,0,0,44,4,48,11,8,61,4,84,24,0,24,108
03/05/2007,DLH,MN,AGL,CE,Combined TRACON& Tower with Radar,9,14,48,5,76,0,0,80,1,81,9,14,128,6,157,36,4,40,197
03/06/2007,DLH,MN,AGL,CE,Combined TRACON& Tower with Radar,8,23,36,3,70,0,0,17,0,17,8,23,53,3,87,32,0,32,119
03/07/2007,DLH,MN,AGL,CE,Combined TRACON& Tower with Radar,18,13,42,26,99,0,0,104,0,104,18,13,146,26,203,70,76,146,349
03/08/2007,DLH,MN,AGL,CE,Combined TRACON& Tower with Radar,20,10,58,4,92,0,0,6,0,6,20,10,64,4,98,0,0,0,98
03/09/2007,DLH,MN,AGL,CE,Combined TRACON& Tower with Radar,11,19,54,0,84,0,0,86,0,86,11,19,140,0,170,80,0,80,250
03/10/2007,DLH,MN,AGL,CE,Combined TRACON& Tower with Radar,12,13,31,0,56,0,0,89,4,93,12,13,120,4,149,4,0,4,153
03/11/2007,DLH,MN,AGL,CE,Combined TRACON& Tower with Radar,4,12,32,0,48,4,0,55,0,59,8,12,87,0,107,8,0,8,115
03/12/2007,DLH,MN,AGL,CE,Combined TRACON& Tower with Radar,15,18,38,14,85,0,0,53,0,53,15,18,91,14,138,14,42,56,194
03/13/2007,DLH,MN,AGL,CE,Combined TRACON& Tower with Radar,15,12,26,5,58,0,0,103,0,103,15,12,129,5,161,42,4,46,207
03/14/2007,DLH,MN,AGL,CE,Combined TRACON& Tower with Radar,12,18,41,4,75,3,0,83,19,105,15,18,124,23,180,40,4,44,224
03/15/2007,DLH,MN,AGL,CE,Combined TRACON& Tower with Radar,8,22,52,14,96,0,0,0,0,0,8,22,52,14,96,38,0,38,134
03/16/2007,DLH,MN,AGL,CE,Combined TRACON& Tower with Radar,8,22,34,4,68,0,0,88,5,93,8,22,122,9,161,32,26,58,219
03/17/2007,DLH,MN,AGL,CE,Combined TRACON& Tower with Radar,8,18,13,0,39,5,0,70,8,83,13,18,83,8,122,36,6,42,164
03/18/2007,DLH,MN,AGL,CE,Combined TRACON& Tower with Radar,11,11,5,0,27,0,0,51,0,51,11,11,56,0,78,14,0,14,92
03/19/2007,DLH,MN,AGL,CE,Combined TRACON& Tower with Radar,7,21,12,3,43,0,0,39,2,41,7,21,51,5,84,12,0,12,96
03/20/2007,DLH,MN,AGL,CE,Combined TRACON& Tower with Radar,8,12,25,6,51,5,0,86,8,99,13,12,111,14,150,68,20,88,238
03/21/2007,DLH,MN,AGL,CE,Combined TRACON& Tower with Radar,14,10,40,2,66,0,4,22,0,26,14,14,62,2,92,18,0,18,110
03/22/2007,DLH,MN,AGL,CE,Combined TRACON& Tower with Radar,14,25,32,17,88,0,0,104,0,104,14,25,136,17,192,62,28,90,282
03/23/2007,DLH,MN,AGL,CE,Combined TRACON& Tower with Radar,6,17,25,5,53,0,0,130,6,136,6,17,155,11,189,40,22,62,251
03/24/2007,DLH,MN,AGL,CE,Combined TRACON& Tower with Radar,36,24,38,1,99,0,0,107,3,110,36,24,145,4,209,76,0,76,285
03/25/2007,DLH,MN,AGL,CE,Combined TRACON& Tower with Radar,3,2,10,0,15,0,0,0,0,0,3,2,10,0,15,4,0,4,19
03/26/2007,DLH,MN,AGL,CE,Combined TRACON& Tower with Radar,10,7,38,2,57,1,4,45,0,50,11,11,83,2,107,32,10,42,149
03/27/2007,DLH,MN,AGL,CE,Combined TRACON& Tower with Radar,8,19,39,2,68,0,0,147,0,147,8,19,186,2,215,112,6,118,333
03/28/2007,DLH,MN,AGL,CE,Combined TRACON& Tower with Radar,12,29,79,12,132,0,0,38,0,38,12,29,117,12,170,18,14,32,202
03/29/2007,DLH,MN,AGL,CE,Combined TRACON& Tower with Radar,8,22,60,6,96,0,0,53,0,53,8,22,113,6,149,56,8,64,213
03/30/2007,DLH,MN,AGL,CE,Combined TRACON& Tower with Radar,7,19,23,3,52,0,0,12,2,14,7,19,35,5,66,0,22,22,88
03/31/2007,DLH,MN,AGL,CE,Combined TRACON& Tower with Radar,15,10,6,0,31,0,0,0,0,0,15,10,6,0,31,0,0,0,31
04/01/2007,DLH,MN,AGL,CE,Combined TRACON& Tower with Radar,8,4,5,0,17,0,1,0,0,1,8,5,5,0,18,0,0,0,18
04/02/2007,DLH,MN,AGL,CE,Combined TRACON& Tower with Radar,13,20,108,16,157,0,1,78,0,79,13,21,186,16,236,68,12,80,316
04/03/2007,DLH,MN,AGL,CE,Combined TRACON& Tower with Radar,8,16,12,2,38,0,0,0,2,2,8,16,12,4,40,0,0,0,40
04/04/2007,DLH,MN,AGL,CE,Combined TRACON& Tower with Radar,9,19,25,2,55,0,0,34,0,34,9,19,59,2,89,4,0,4,93
04/05/2007,DLH,MN,AGL,CE,Combined TRACON& Tower with Radar,8,23,41,6,78,0,0,94,0,94,8,23,135,6,172,10,2,12,184
04/06/2007,DLH,MN,AGL,CE,Combined TRACON& Tower with Radar,8,24,46,3,81,0,0,61,1,62,8,24,107,4,143,54,0,54,197
04/07/2007,DLH,MN,AGL,CE,Combined TRACON& Tower with Radar,14,8,14,4,40,0,6,68,0,74,14,14,82,4,114,24,0,24,138
04/08/2007,DLH,MN,AGL,CE,Combined TRACON& Tower with Radar,14,8,8,0,30,0,0,60,0,60,14,8,68,0,90,12,0,12,102
04/09/2007,DLH,MN,AGL,CE,Combined TRACON& Tower with Radar,16,14,65,0,95,0,0,106,2,108,16,14,171,2,203,68,0,68,271
04/10/2007,DLH,MN,AGL,CE,Combined TRACON& Tower with Radar,7,16,34,7,64,1,0,68,0,69,8,16,102,7,133,22,12,34,167
04/11/2007,DLH,MN,AGL,CE,Combined TRACON& Tower with Radar,15,11,48,6,80,0,0,41,0,41,15,11,89,6,121,20,8,28,149
04/12/2007,DLH,MN,AGL,CE,Combined TRACON& Tower with Radar,18,12,43,16,89,0,0,102,0,102,18,12,145,16,191,66,40,106,297
04/13/2007,DLH,MN,AGL,CE,Combined TRACON& Tower with Radar,16,14,43,9,82,0,0,75,0,75,16,14,118,9,157,152,0,152,309
04/14/2007,DLH,MN,AGL,CE,Combined TRACON& Tower with Radar,6,19,31,0,56,0,0,101,2,103,6,19,132,2,159,84,0,84,243
04/15/2007,DLH,MN,AGL,CE,Combined TRACON& Tower with Radar,14,10,9,2,35,0,0,64,2,66,14,10,73,4,101,18,0,18,119
04/16/2007,DLH,MN,AGL,CE,Combined TRACON& Tower with Radar,10,14,30,4,58,0,0,80,0,80,10,14,110,4,138,46,2,48,186
04/17/2007,DLH,MN,AGL,CE,Combined TRACON& Tower with Radar,7,23,42,8,80,0,0,66,0,66,7,23,108,8,146,58,10,68,214
04/18/2007,DLH,MN,AGL,CE,Combined TRACON& Tower with Radar,23,15,43,5,86,0,0,71,0,71,23,15,114,5,157,38,0,38,195
04/19/2007,DLH,MN,AGL,CE,Combined TRACON& Tower with Radar,15,10,60,15,100,0,1,93,16,110,15,11,153,31,210,90,46,136,346
04/20/2007,DLH,MN,AGL,CE,Combined TRACON& Tower with Radar,20,12,35,4,71,0,0,85,0,85,20,12,120,4,156,62,12,74,230
04/21/2007,DLH,MN,AGL,CE,Combined TRACON& Tower with Radar,4,19,14,0,37,0,0,46,0,46,4,19,60,0,83,24,0,24,107
04/22/2007,DLH,MN,AGL,CE,Combined TRACON& Tower with Radar,4,17,16,0,37,0,0,36,0,36,4,17,52,0,73,6,0,6,79
04/23/2007,DLH,MN,AGL,CE,Combined TRACON& Tower with Radar,15,16,36,0,67,0,0,64,0,64,15,16,100,0,131,24,2,26,157
04/24/2007,DLH,MN,AGL,CE,Combined TRACON& Tower with Radar,17,13,42,5,77,0,0,80,0,80,17,13,122,5,157,140,0,140,297
04/25/2007,DLH,MN,AGL,CE,Combined TRACON& Tower with Radar,11,17,57,8,93,0,0,75,0,75,11,17,132,8,168,204,12,216,384
04/26/2007,DLH,MN,AGL,CE,Combined TRACON& Tower with Radar,18,15,42,18,93,0,1,138,0,139,18,16,180,18,232,144,84,228,460
04/27/2007,DLH,MN,AGL,CE,Combined TRACON& Tower with Radar,8,22,59,1,90,0,0,119,0,119,8,22,178,1,209,28,10,38,247
04/28/2007,DLH,MN,AGL,CE,Combined TRACON& Tower with Radar,3,18,35,0,56,0,0,69,0,69,3,18,104,0,125,40,2,42,167
04/29/2007,DLH,MN,AGL,CE,Combined TRACON& Tower with Radar,4,12,28,0,44,0,0,52,2,54,4,12,80,2,98,6,0,6,104
04/30/2007,DLH,MN,AGL,CE,Combined TRACON& Tower with Radar,10,18,41,14,83,0,0,77,0,77,10,18,118,14,160,172,48,220,380
05/01/2007,DLH,MN,AGL,CE,Combined TRACON& Tower with Radar,8,20,54,9,91,0,0,46,1,47,8,20,100,10,138,100,40,140,278
05/02/2007,DLH,MN,AGL,CE,Combined TRACON& Tower with Radar,17,8,53,7,85,0,1,77,4,82,17,9,130,11,167,100,40,140,307
05/03/2007,DLH,MN,AGL,CE,Combined TRACON& Tower with Radar,18,8,41,21,88,0,8,117,5,130,18,16,158,26,218,112,48,160,378
05/04/2007,DLH,MN,AGL,CE,Combined TRACON& Tower with Radar,10,23,40,0,73,0,0,83,11,94,10,23,123,11,167,130,0,130,297
05/05/2007,DLH,MN,AGL,CE,Combined TRACON& Tower with Radar,6,16,20,1,43,0,0,30,0,30,6,16,50,1,73,18,6,24,97
05/06/2007,DLH,MN,AGL,CE,Combined TRACON& Tower with Radar,4,17,16,1,38,0,0,53,1,54,4,17,69,2,92,6,0,6,98
05/07/2007,DLH,MN,AGL,CE,Combined TRACON& Tower with Radar,19,11,64,4,98,0,0,20,0,20,19,11,84,4,118,30,0,30,148
05/08/2007,DLH,MN,AGL,CE,Combined TRACON& Tower with Radar,8,26,46,17,97,0,0,91,3,94,8,26,137,20,191,90,32,122,313
05/09/2007,DLH,MN,AGL,CE,Combined TRACON& Tower with Radar,22,14,58,12,106,0,3,173,6,182,22,17,231,18,288,102,32,134,422
05/10/2007,DLH,MN,AGL,CE,Combined TRACON& Tower with Radar,8,21,61,22,112,0,0,91,0,91,8,21,152,22,203,18,40,58,261
05/11/2007,DLH,MN,AGL,CE,Combined TRACON& Tower with Radar,10,19,52,6,87,4,0,109,0,113,14,19,161,6,200,62,0,62,262
05/12/2007,DLH,MN,AGL,CE,Combined TRACON& Tower with Radar,15,14,22,0,51,0,0,71,0,71,15,14,93,0,122,108,0,108,230
05/13/2007,DLH,MN,AGL,CE,Combined TRACON& Tower with Radar,14,7,21,0,42,0,0,32,2,34,14,7,53,2,76,90,0,90,166
05/14/2007,DLH,MN,AGL,CE,Combined TRACON& Tower with Radar,23,14,28,8,73,0,0,71,7,78,23,14,99,15,151,68,36,104,255
05/15/2007,DLH,MN,AGL,CE,Combined TRACON& Tower with Radar,20,12,60,2,94,0,0,32,0,32,20,12,92,2,126,44,0,44,170
05/16/2007,DLH,MN,AGL,CE,Combined TRACON& Tower with Radar,22,10,69,8,109,0,2,64,0,66,22,12,133,8,175,30,12,42,217
05/17/2007,DLH,MN,AGL,CE,Combined TRACON& Tower with Radar,10,22,44,16,92,0,0,131,5,136,10,22,175,21,228,42,22,64,292
05/18/2007,DLH,MN,AGL,CE,Combined TRACON& Tower with Radar,14,20,51,10,95,0,0,109,18,127,14,20,160,28,222,46,0,46,268
05/19/2007,DLH,MN,AGL,CE,Combined TRACON& Tower with Radar,16,15,26,8,65,0,0,21,4,25,16,15,47,12,90,10,4,14,104
05/20/2007,DLH,MN,AGL,CE,Combined TRACON& Tower with Radar,14,9,27,0,50,0,0,20,0,20,14,9,47,0,70,38,0,38,108
05/21/2007,DLH,MN,AGL,CE,Combined TRACON& Tower with Radar,8,19,44,10,81,0,0,108,8,116,8,19,152,18,197,84,8,92,289
05/22/2007,DLH,MN,AGL,CE,Combined TRACON& Tower with Radar,19,18,27,16,80,0,0,116,4,120,19,18,143,20,200,48,44,92,292
05/23/2007,DLH,MN,AGL,CE,Combined TRACON& Tower with Radar,8,16,50,8,82,3,0,44,5,52,11,16,94,13,134,8,0,8,142
05/24/2007,DLH,MN,AGL,CE,Combined TRACON& Tower with Radar,8,30,76,10,124,0,0,30,1,31,8,30,106,11,155,24,4,28,183
05/25/2007,DLH,MN,AGL,CE,Combined TRACON& Tower with Radar,19,14,38,4,75,0,0,119,4,123,19,14,157,8,198,186,8,194,392
05/26/2007,DLH,MN,AGL,CE,Combined TRACON& Tower with Radar,17,9,39,1,66,0,1,19,3,23,17,10,58,4,89,18,4,22,111
05/27/2007,DLH,MN,AGL,CE,Combined TRACON& Tower with Radar,12,4,10,0,26,0,2,24,0,26,12,6,34,0,52,0,0,0,52
05/28/2007,DLH,MN,AGL,CE,Combined TRACON& Tower with Radar,7,20,18,2,47,0,0,55,4,59,7,20,73,6,106,60,0,60,166
05/29/2007,DLH,MN,AGL,CE,Combined TRACON& Tower with Radar,8,22,62,2,94,3,0,49,0,52,11,22,111,2,146,40,0,40,186
05/30/2007,DLH,MN,AGL,CE,Combined TRACON& Tower with Radar,19,20,61,22,122,0,0,70,0,70,19,20,131,22,192,92,48,140,332
05/31/2007,DLH,MN,AGL,CE,Combined TRACON& Tower with Radar,17,13,55,12,97,0,0,52,0,52,17,13,107,12,149,66,20,86,235
06/01/2007,DLH,MN,AGL,CE,Combined TRACON& Tower with Radar,23,14,45,17,99,0,9,104,0,113,23,23,149,17,212,144,26,170,382
06/02/2007,DLH,MN,AGL,CE,Combined TRACON& Tower with Radar,20,9,33,4,66,0,2,9,0,11,20,11,42,4,77,4,0,4,81
06/03/2007,DLH,MN,AGL,CE,Combined TRACON& Tower with Radar,3,15,29,2,49,0,0,15,0,15,3,15,44,2,64,0,0,0,64
06/04/2007,DLH,MN,AGL,CE,Combined TRACON& Tower with Radar,12,20,57,8,97,0,0,73,8,81,12,20,130,16,178,18,12,30,208
06/05/2007,DLH,MN,AGL,CE,Combined TRACON& Tower with Radar,8,24,45,13,90,0,0,124,2,126,8,24,169,15,216,82,4,86,302
06/06/2007,DLH,MN,AGL,CE,Combined TRACON& Tower with Radar,11,30,47,7,95,1,0,107,0,108,12,30,154,7,203,120,4,124,327
06/07/2007,DLH,MN,AGL,CE,Combined TRACON& Tower with Radar,17,12,48,4,81,0,4,42,0,46,17,16,90,4,127,0,0,0,127
06/08/2007,DLH,MN,AGL,CE,Combined TRACON& Tower with Radar,22,18,60,12,112,0,2,129,6,137,22,20,189,18,249,102,18,120,369
06/09/2007,DLH,MN,AGL,CE,Combined TRACON& Tower with Radar,8,12,26,0,46,0,0,86,1,87,8,12,112,1,133,38,0,38,171
06/10/2007,DLH,MN,AGL,CE,Combined TRACON& Tower with Radar,8,18,43,0,69,2,0,97,0,99,10,18,140,0,168,68,0,68,236
06/11/2007,DLH,MN,AGL,CE,Combined TRACON& Tower with Radar,14,16,54,20,104,2,0,61,1,64,16,16,115,21,168,8,10,18,186
06/12/2007,DLH,MN,AGL,CE,Combined TRACON& Tower with Radar,18,16,38,26,98,0,0,75,0,75,18,16,113,26,173,100,42,142,315
06/13/2007,DLH,MN,AGL,CE,Combined TRACON& Tower with Radar,10,21,54,10,95,4,0,79,0,83,14,21,133,10,178,72,20,92,270
06/14/2007,DLH,MN,AGL,CE,Combined TRACON& Tower with Radar,10,21,54,16,101,0,0,74,1,75,10,21,128,17,176,98,8,106,282
06/15/2007,DLH,MN,AGL,CE,Combined TRACON& Tower with Radar,11,19,32,5,67,0,0,62,0,62,11,19,94,5,129,18,0,18,147
06/16/2007,DLH,MN,AGL,CE,Combined TRACON& Tower with Radar,12,13,45,3,73,0,0,80,4,84,12,13,125,7,157,14,0,14,171
06/17/2007,DLH,MN,AGL,CE,Combined TRACON& Tower with Radar,6,16,25,0,47,0,0,16,0,16,6,16,41,0,63,0,0,0,63
06/18/2007,DLH,MN,AGL,CE,Combined TRACON& Tower with Radar,9,23,44,6,82,0,0,31,2,33,9,23,75,8,115,48,50,98,213
06/19/2007,DLH,MN,AGL,CE,Combined TRACON& Tower with Radar,18,10,31,30,89,0,0,59,0,59,18,10,90,30,148,50,38,88,236
06/20/2007,DLH,MN,AGL,CE,Combined TRACON& Tower with Radar,20,18,55,30,123,0,0,107,10,117,20,18,162,40,240,96,38,134,374
06/21/2007,DLH,MN,AGL,CE,Combined TRACON& Tower with Radar,10,27,53,21,111,0,0,108,0,108,10,27,161,21,219,88,32,120,339
06/22/2007,DLH,MN,AGL,CE,Combined TRACON& Tower with Radar,12,27,54,9,102,0,0,125,0,125,12,27,179,9,227,45,4,49,276
06/23/2007,DLH,MN,AGL,CE,Combined TRACON& Tower with Radar,8,15,69,16,108,3,0,36,3,42,11,15,105,19,150,24,16,40,190
06/24/2007,DLH,MN,AGL,CE,Combined TRACON& Tower with Radar,8,11,27,1,47,4,0,65,0,69,12,11,92,1,116,8,0,8,124
06/25/2007,DLH,MN,AGL,CE,Combined TRACON& Tower with Radar,14,8,42,0,64,0,5,95,0,100,14,13,137,0,164,112,0,112,276
06/26/2007,DLH,MN,AGL,CE,Combined TRACON& Tower with Radar,20,18,66,18,122,0,0,77,0,77,20,18,143,18,199,48,12,60,259
06/27/2007,DLH,MN,AGL,CE,Combined TRACON& Tower with Radar,21,16,128,20,185,0,0,193,0,193,21,16,321,20,378,88,30,118,496
06/28/2007,DLH,MN,AGL,CE,Combined TRACON& Tower with Radar,10,21,188,12,231,0,0,120,3,123,10,21,308,15,354,38,8,46,400
06/29/2007,DLH,MN,AGL,CE,Combined TRACON& Tower with Radar,10,24,84,0,118,4,0,187,0,191,14,24,271,0,309,30,0,30,339
06/30/2007,DLH,MN,AGL,CE,Combined TRACON& Tower with Radar,17,18,70,2,107,0,0,137,6,143,17,18,207,8,250,24,24,48,298
07/01/2007,DLH,MN,AGL,CE,Combined TRACON& Tower with Radar,15,12,102,6,135,0,0,142,0,142,15,12,244,6,277,6,24,30,307
07/02/2007,DLH,MN,AGL,CE,Combined TRACON& Tower with Radar,8,21,27,8,64,0,0,29,0,29,8,21,56,8,93,16,0,16,109
07/03/2007,DLH,MN,AGL,CE,Combined TRACON& Tower with Radar,18,17,10,10,55,0,0,67,0,67,18,17,77,10,122,46,4,50,172
07/04/2007,DLH,MN,AGL,CE,Combined TRACON& Tower with Radar,8,12,8,0,28,0,0,49,4,53,8,12,57,4,81,6,0,6,87
07/05/2007,DLH,MN,AGL,CE,Combined TRACON& Tower with Radar,11,16,24,5,56,0,3,66,0,69,11,19,90,5,125,40,10,50,175
07/06/2007,DLH,MN,AGL,CE,Combined TRACON& Tower with Radar,10,25,50,4,89,0,0,87,4,91,10,25,137,8,180,22,0,22,202
07/07/2007,DLH,MN,AGL,CE,Combined TRACON& Tower with Radar,15,12,22,1,50,0,0,51,0,51,15,12,73,1,101,12,0,12,113
07/08/2007,DLH,MN,AGL,CE,Combined TRACON& Tower with Radar,32,6,18,2,58,0,0,17,0,17,32,6,35,2,75,2,0,2,77
07/09/2007,DLH,MN,AGL,CE,Combined TRACON& Tower with Radar,11,29,25,12,77,0,0,51,7,58,11,29,76,19,135,42,12,54,189
07/10/2007,DLH,MN,AGL,CE,Combined TRACON& Tower with Radar,11,17,32,9,69,2,0,24,1,27,13,17,56,10,96,8,8,16,112
07/11/2007,DLH,MN,AGL,CE,Combined TRACON& Tower with Radar,10,16,35,15,76,5,0,59,5,69,15,16,94,20,145,28,8,36,181
07/12/2007,DLH,MN,AGL,CE,Combined TRACON& Tower with Radar,15,20,52,14,101,0,0,73,0,73,15,20,125,14,174,26,6,32,206
07/13/2007,DLH,MN,AGL,CE,Combined TRACON& Tower with Radar,12,24,43,6,85,0,0,84,5,89,12,24,127,11,174,40,20,60,234
07/14/2007,DLH,MN,AGL,CE,Combined TRACON& Tower with Radar,16,11,33,0,60,0,5,51,0,56,16,16,84,0,116,16,0,16,132
07/15/2007,DLH,MN,AGL,CE,Combined TRACON& Tower with Radar,10,10,21,0,41,0,0,57,0,57,10,10,78,0,98,14,0,14,112
07/16/2007,DLH,MN,AGL,CE,Combined TRACON& Tower with Radar,10,18,27,26,81,0,0,64,1,65,10,18,91,27,146,36,14,50,196
07/17/2007,DLH,MN,AGL,CE,Combined TRACON& Tower with Radar,10,20,45,21,96,0,0,82,0,82,10,20,127,21,178,60,20,80,258
07/18/2007,DLH,MN,AGL,CE,Combined TRACON& Tower with Radar,20,25,58,11,114,0,0,108,7,115,20,25,166,18,229,44,0,44,273
07/19/2007,DLH,MN,AGL,CE,Combined TRACON& Tower with Radar,21,16,40,15,92,0,0,130,0,130,21,16,170,15,222,60,60,120,342
07/20/2007,DLH,MN,AGL,CE,Combined TRACON& Tower with Radar,18,14,43,2,77,0,0,97,2,99,18,14,140,4,176,80,42,122,298
07/21/2007,DLH,MN,AGL,CE,Combined TRACON& Tower with Radar,8,16,25,13,62,0,0,85,1,86,8,16,110,14,148,40,0,40,188
07/22/2007,DLH,MN,AGL,CE,Combined TRACON& Tower with Radar,6,16,27,6,55,0,0,8,0,8,6,16,35,6,63,0,0,0,63
07/23/2007,DLH,MN,AGL,CE,Combined TRACON& Tower with Radar,12,17,55,24,108,0,0,53,1,54,12,17,108,25,162,54,20,74,236
07/24/2007,DLH,MN,AGL,CE,Combined TRACON& Tower with Radar,14,18,56,20,108,0,0,53,0,53,14,18,109,20,161,16,12,28,189
07/25/2007,DLH,MN,AGL,CE,Combined TRACON& Tower with Radar,21,16,74,24,135,0,0,62,7,69,21,16,136,31,204,68,44,112,316
07/26/2007,DLH,MN,AGL,CE,Combined TRACON& Tower with Radar,10,12,43,11,76,10,0,55,0,65,20,12,98,11,141,40,16,56,197
07/27/2007,DLH,MN,AGL,CE,Combined TRACON& Tower with Radar,18,12,39,0,69,0,4,120,0,124,18,16,159,0,193,118,0,118,311
07/28/2007,DLH,MN,AGL,CE,Combined TRACON& Tower with Radar,6,16,40,0,62,0,0,84,0,84,6,16,124,0,146,26,0,26,172
07/29/2007,DLH,MN,AGL,CE,Combined TRACON& Tower with Radar,5,14,18,4,41,5,0,74,4,83,10,14,92,8,124,58,4,62,186
07/30/2007,DLH,MN,AGL,CE,Combined TRACON& Tower with Radar,10,17,48,5,80,0,0,129,0,129,10,17,177,5,209,76,12,88,297
07/31/2007,DLH,MN,AGL,CE,Combined TRACON& Tower with Radar,24,14,57,0,95,0,0,81,0,81,24,14,138,0,176,166,0,166,342
08/01/2007,DLH,MN,AGL,CE,Combined TRACON& Tower with Radar,9,17,57,0,83,0,0,43,0,43,9,17,100,0,126,42,0,42,168
08/02/2007,DLH,MN,AGL,CE,Combined TRACON& Tower with Radar,15,11,41,6,73,0,4,90,0,94,15,15,131,6,167,50,8,58,225
08/03/2007,DLH,MN,AGL,CE,Combined TRACON& Tower with Radar,20,12,37,7,76,0,0,81,0,81,20,12,118,7,157,22,10,32,189
08/04/2007,DLH,MN,AGL,CE,Combined TRACON& Tower with Radar,7,16,28,6,57,0,0,69,0,69,7,16,97,6,126,18,0,18,144
08/05/2007,DLH,MN,AGL,CE,Combined TRACON& Tower with Radar,6,9,49,0,64,0,0,24,0,24,6,9,73,0,88,4,0,4,92
08/06/2007,DLH,MN,AGL,CE,Combined TRACON& Tower with Radar,13,13,39,2,67,0,0,47,0,47,13,13,86,2,114,28,0,28,142
08/07/2007,DLH,MN,AGL,CE,Combined TRACON& Tower with Radar,18,17,43,19,97,0,0,64,4,68,18,17,107,23,165,32,18,50,215
08/08/2007,DLH,MN,AGL,CE,Combined TRACON& Tower with Radar,15,15,45,36,111,0,0,101,0,101,15,15,146,36,212,42,98,140,352
08/09/2007,DLH,MN,AGL,CE,Combined TRACON& Tower with Radar,17,11,63,20,111,0,7,84,4,95,17,18,147,24,206,64,12,76,282
08/10/2007,DLH,MN,AGL,CE,Combined TRACON& Tower with Radar,21,12,70,4,107,0,4,92,0,96,21,16,162,4,203,58,0,58,261
08/11/2007,DLH,MN,AGL,CE,Combined TRACON& Tower with Radar,11,16,36,2,65,0,0,42,0,42,11,16,78,2,107,4,6,10,117
08/12/2007,DLH,MN,AGL,CE,Combined TRACON& Tower with Radar,13,9,18,0,40,0,2,74,1,77,13,11,92,1,117,4,0,4,121
08/13/2007,DLH,MN,AGL,CE,Combined TRACON& Tower with Radar,16,9,26,16,67,0,0,67,0,67,16,9,93,16,134,72,12,84,218
08/14/2007,DLH,MN,AGL,CE,Combined TRACON& Tower with Radar,17,16,32,18,83,0,0,88,0,88,17,16,120,18,171,48,24,72,243
08/15/2007,DLH,MN,AGL,CE,Combined TRACON& Tower with Radar,16,18,55,35,124,0,2,115,17,134,16,20,170,52,258,48,48,96,354
08/16/2007,DLH,MN,AGL,CE,Combined TRACON& Tower with Radar,12,18,56,13,99,0,0,106,3,109,12,18,162,16,208,48,16,64,272
08/17/2007,DLH,MN,AGL,CE,Combined TRACON& Tower with Radar,14,15,36,3,68,0,0,112,1,113,14,15,148,4,181,38,0,38,219
08/18/2007,DLH,MN,AGL,CE,Combined TRACON& Tower with Radar,16,12,30,21,79,0,0,57,0,57,16,12,87,21,136,12,32,44,180
08/19/2007,DLH,MN,AGL,CE,Combined TRACON& Tower with Radar,20,3,38,21,82,0,0,19,7,26,20,3,57,28,108,10,50,60,168
08/20/2007,DLH,MN,AGL,CE,Combined TRACON& Tower with Radar,14,16,67,0,97,0,0,17,0,17,14,16,84,0,114,2,0,2,116
08/21/2007,DLH,MN,AGL,CE,Combined TRACON& Tower with Radar,13,16,49,2,80,0,0,23,0,23,13,16,72,2,103,16,0,16,119
08/22/2007,DLH,MN,AGL,CE,Combined TRACON& Tower with Radar,32,21,45,12,110,0,0,136,16,152,32,21,181,28,262,52,50,102,364
08/23/2007,DLH,MN,AGL,CE,Combined TRACON& Tower with Radar,7,14,64,30,115,0,0,93,10,103,7,14,157,40,218,26,62,88,306
08/24/2007,DLH,MN,AGL,CE,Combined TRACON& Tower with Radar,12,22,42,21,97,0,0,83,0,83,12,22,125,21,180,36,8,44,224
08/25/2007,DLH,MN,AGL,CE,Combined TRACON& Tower with Radar,16,13,42,15,86,0,0,78,0,78,16,13,120,15,164,24,4,28,192
08/26/2007,DLH,MN,AGL,CE,Combined TRACON& Tower with Radar,7,16,26,0,49,0,0,61,0,61,7,16,87,0,110,32,0,32,142
08/27/2007,DLH,MN,AGL,CE,Combined TRACON& Tower with Radar,10,20,38,17,85,0,0,80,9,89,10,20,118,26,174,32,30,62,236
08/28/2007,DLH,MN,AGL,CE,Combined TRACON& Tower with Radar,16,24,85,33,158,0,0,28,7,35,16,24,113,40,193,30,40,70,263
08/29/2007,DLH,MN,AGL,CE,Combined TRACON& Tower with Radar,10,23,53,21,107,0,0,105,0,105,10,23,158,21,212,48,48,96,308
08/30/2007,DLH,MN,AGL,CE,Combined TRACON& Tower with Radar,9,34,46,2,91,0,0,107,3,110,9,34,153,5,201,44,4,48,249
08/31/2007,DLH,MN,AGL,CE,Combined TRACON& Tower with Radar,14,8,18,0,40,0,10,90,0,100,14,18,108,0,140,56,8,64,204
09/01/2007,DLH,MN,AGL,CE,Combined TRACON& Tower with Radar,12,13,21,0,46,0,0,40,0,40,12,13,61,0,86,16,0,16,102
09/02/2007,DLH,MN,AGL,CE,Combined TRACON& Tower with Radar,12,9,19,0,40,0,0,70,0,70,12,9,89,0,110,68,0,68,178
09/03/2007,DLH,MN,AGL,CE,Combined TRACON& Tower with Radar,20,5,6,1,32,0,5,46,1,52,20,10,52,2,84,20,8,28,112
09/04/2007,DLH,MN,AGL,CE,Combined TRACON& Tower with Radar,16,14,62,0,92,0,0,0,0,0,16,14,62,0,92,0,0,0,92
09/05/2007,DLH,MN,AGL,CE,Combined TRACON& Tower with Radar,16,13,37,13,79,0,0,122,6,128,16,13,159,19,207,78,34,112,319
09/06/2007,DLH,MN,AGL,CE,Combined TRACON& Tower with Radar,9,15,42,16,82,0,0,105,28,133,9,15,147,44,215,46,56,102,317
09/07/2007,DLH,MN,AGL,CE,Combined TRACON& Tower with Radar,12,17,56,10,95,2,0,65,1,68,14,17,121,11,163,34,0,34,197
09/08/2007,DLH,MN,AGL,CE,Combined TRACON& Tower with Radar,12,15,30,0,57,0,0,54,0,54,12,15,84,0,111,32,0,32,143
09/09/2007,DLH,MN,AGL,CE,Combined TRACON& Tower with Radar,11,11,69,0,91,0,0,0,0,0,11,11,69,0,91,8,0,8,99
09/10/2007,DLH,MN,AGL,CE,Combined TRACON& Tower with Radar,10,18,38,0,66,0,0,85,0,85,10,18,123,0,151,64,0,64,215
09/11/2007,DLH,MN,AGL,CE,Combined TRACON& Tower with Radar,16,19,54,3,92,0,0,34,0,34,16,19,88,3,126,16,0,16,142
09/12/2007,DLH,MN,AGL,CE,Combined TRACON& Tower with Radar,20,14,62,0,96,0,0,107,0,107,20,14,169,0,203,152,0,152,355
09/13/2007,DLH,MN,AGL,CE,Combined TRACON& Tower with Radar,10,16,60,0,86,2,0,115,0,117,12,16,175,0,203,110,0,110,313
09/14/2007,DLH,MN,AGL,CE,Combined TRACON& Tower with Radar,16,15,31,8,70,0,3,72,2,77,16,18,103,10,147,30,0,30,177
09/15/2007,DLH,MN,AGL,CE,Combined TRACON& Tower with Radar,5,9,21,8,43,0,0,84,4,88,5,9,105,12,131,30,8,38,169
09/16/2007,DLH,MN,AGL,CE,Combined TRACON& Tower with Radar,13,6,19,13,51,0,7,50,6,63,13,13,69,19,114,20,22,42,156
09/17/2007,DLH,MN,AGL,CE,Combined TRACON& Tower with Radar,16,11,87,11,125,0,0,15,0,15,16,11,102,11,140,68,0,68,208
09/18/2007,DLH,MN,AGL,CE,Combined TRACON& Tower with Radar,10,14,50,11,85,0,0,14,0,14,10,14,64,11,99,10,2,12,111
09/19/2007,DLH,MN,AGL,CE,Combined TRACON& Tower with Radar,18,12,77,6,113,0,3,25,0,28,18,15,102,6,141,82,0,82,223
09/20/2007,DLH,MN,AGL,CE,Combined TRACON& Tower with Radar,19,8,45,7,79,0,0,13,0,13,19,8,58,7,92,0,0,0,92
09/21/2007,DLH,MN,AGL,CE,Combined TRACON& Tower with Radar,15,10,49,1,75,0,0,26,0,26,15,10,75,1,101,2,0,2,103
09/22/2007,DLH,MN,AGL,CE,Combined TRACON& Tower with Radar,12,15,35,0,62,0,0,68,0,68,12,15,103,0,130,34,2,36,166
09/23/2007,DLH,MN,AGL,CE,Combined TRACON& Tower with Radar,12,9,44,0,65,0,4,57,1,62,12,13,101,1,127,28,6,34,161
09/24/2007,DLH,MN,AGL,CE,Combined TRACON& Tower with Radar,11,8,42,13,74,0,7,69,5,81,11,15,111,18,155,34,40,74,229
09/25/2007,DLH,MN,AGL,CE,Combined TRACON& Tower with Radar,19,10,42,21,92,0,4,57,0,61,19,14,99,21,153,60,12,72,225
09/26/2007,DLH,MN,AGL,CE,Combined TRACON& Tower with Radar,19,16,48,9,92,0,0,112,1,113,19,16,160,10,205,52,20,72,277
09/27/2007,DLH,MN,AGL,CE,Combined TRACON& Tower with Radar,16,16,62,14,108,0,0,78,2,80,16,16,140,16,188,152,10,162,350
09/28/2007,DLH,MN,AGL,CE,Combined TRACON& Tower with Radar,20,23,59,7,109,0,0,138,4,142,20,23,197,11,251,70,4,74,325
09/29/2007,DLH,MN,AGL,CE,Combined TRACON& Tower with Radar,4,18,42,0,64,0,0,36,0,36,4,18,78,0,100,8,0,8,108
09/30/2007,DLH,MN,AGL,CE,Combined TRACON& Tower with Radar,6,14,22,0,42,0,0,4,0,4,6,14,26,0,46,0,0,0,46
10/01/2007,DLH,MN,AGL,CE,Combined TRACON& Tower with Radar,20,15,65,4,104,0,0,60,0,60,20,15,125,4,164,128,4,132,296
10/02/2007,DLH,MN,AGL,CE,Combined TRACON& Tower with Radar,17,14,38,14,83,0,0,0,0,0,17,14,38,14,83,14,2,16,99
10/03/2007,DLH,MN,AGL,CE,Combined TRACON& Tower with Radar,20,11,157,16,204,0,0,0,0,0,20,11,157,16,204,78,6,84,288
10/04/2007,DLH,MN,AGL,CE,Combined TRACON& Tower with Radar,10,22,49,8,89,0,0,131,6,137,10,22,180,14,226,88,42,130,356
10/05/2007,DLH,MN,AGL,CE,Combined TRACON& Tower with Radar,13,15,38,2,68,5,0,15,0,20,18,15,53,2,88,0,0,0,88
10/06/2007,DLH,MN,AGL,CE,Combined TRACON& Tower with Radar,5,8,9,0,22,0,0,0,0,0,5,8,9,0,22,0,0,0,22
10/07/2007,DLH,MN,AGL,CE,Combined TRACON& Tower with Radar,15,12,24,0,51,0,0,23,0,23,15,12,47,0,74,34,0,34,108
10/08/2007,DLH,MN,AGL,CE,Combined TRACON& Tower with Radar,19,11,50,0,80,0,10,9,0,19,19,21,59,0,99,0,0,0,99
10/09/2007,DLH,MN,AGL,CE,Combined TRACON& Tower with Radar,18,13,83,0,114,0,0,56,0,56,18,13,139,0,170,50,0,50,220
10/10/2007,DLH,MN,AGL,CE,Combined TRACON& Tower with Radar,8,21,57,3,89,0,0,62,0,62,8,21,119,3,151,24,0,24,175
10/11/2007,DLH,MN,AGL,CE,Combined TRACON& Tower with Radar,8,29,75,9,121,0,0,88,4,92,8,29,163,13,213,94,4,98,311
10/12/2007,DLH,MN,AGL,CE,Combined TRACON& Tower with Radar,11,24,53,2,90,0,0,121,5,126,11,24,174,7,216,100,0,100,316
10/13/2007,DLH,MN,AGL,CE,Combined TRACON& Tower with Radar,15,13,28,0,56,0,0,64,0,64,15,13,92,0,120,24,0,24,144
10/14/2007,DLH,MN,AGL,CE,Combined TRACON& Tower with Radar,14,6,23,9,52,0,0,65,0,65,14,6,88,9,117,42,0,42,159
10/15/2007,DLH,MN,AGL,CE,Combined TRACON& Tower with Radar,21,12,38,6,77,0,0,47,0,47,21,12,85,6,124,30,0,30,154
10/16/2007,DLH,MN,AGL,CE,Combined TRACON& Tower with Radar,16,13,36,7,72,0,0,0,0,0,16,13,36,7,72,0,0,0,72
10/17/2007,DLH,MN,AGL,CE,Combined TRACON& Tower with Radar,7,13,78,9,107,0,0,14,1,15,7,13,92,10,122,32,6,38,160
10/18/2007,DLH,MN,AGL,CE,Combined TRACON& Tower with Radar,8,19,36,0,63,0,0,11,0,11,8,19,47,0,74,10,0,10,84
10/19/2007,DLH,MN,AGL,CE,Combined TRACON& Tower with Radar,24,21,43,0,88,0,0,35,2,37,24,21,78,2,125,10,0,10,135
10/20/2007,DLH,MN,AGL,CE,Combined TRACON& Tower with Radar,3,13,25,2,43,2,0,71,0,73,5,13,96,2,116,42,4,46,162
10/21/2007,DLH,MN,AGL,CE,Combined TRACON& Tower with Radar,15,5,30,0,50,0,1,15,0,16,15,6,45,0,66,12,0,12,78
10/22/2007,DLH,MN,AGL,CE,Combined TRACON& Tower with Radar,14,16,37,13,80,0,0,90,0,90,14,16,127,13,170,90,6,96,266
10/23/2007,DLH,MN,AGL,CE,Combined TRACON& Tower with Radar,8,19,33,15,75,0,0,90,2,92,8,19,123,17,167,38,2,40,207
10/24/2007,DLH,MN,AGL,CE,Combined TRACON& Tower with Radar,10,22,63,14,109,1,0,135,4,140,11,22,198,18,249,104,12,116,365
10/25/2007,DLH,MN,AGL,CE,Combined TRACON& Tower with Radar,25,20,52,12,109,0,0,143,12,155,25,20,195,24,264,64,16,80,344
10/26/2007,DLH,MN,AGL,CE,Combined TRACON& Tower with Radar,10,23,60,19,112,0,0,92,0,92,10,23,152,19,204,72,20,92,296
10/27/2007,DLH,MN,AGL,CE,Combined TRACON& Tower with Radar,8,8,23,0,39,0,1,50,1,52,8,9,73,1,91,11,0,11,102
10/28/2007,DLH,MN,AGL,CE,Combined TRACON& Tower with Radar,14,10,28,0,52,0,0,64,3,67,14,10,92,3,119,18,0,18,137
10/29/2007,DLH,MN,AGL,CE,Combined TRACON& Tower with Radar,14,14,48,11,87,0,0,75,3,78,14,14,123,14,165,54,4,58,223
10/30/2007,DLH,MN,AGL,CE,Combined TRACON& Tower with Radar,9,22,49,22,102,0,0,130,0,130,9,22,179,22,232,82,44,126,358
10/31/2007,DLH,MN,AGL,CE,Combined TRACON& Tower with Radar,21,12,29,19,81,0,0,69,0,69,21,12,98,19,150,24,14,38,188
11/01/2007,DLH,MN,AGL,CE,Combined TRACON& Tower with Radar,8,25,43,14,90,0,0,86,0,86,8,25,129,14,176,50,6,56,232
11/02/2007,DLH,MN,AGL,CE,Combined TRACON& Tower with Radar,21,10,50,25,106,0,2,84,0,86,21,12,134,25,192,60,18,78,270
11/03/2007,DLH,MN,AGL,CE,Combined TRACON& Tower with Radar,4,12,13,2,31,6,0,58,0,64,10,12,71,2,95,64,0,64,159
11/04/2007,DLH,MN,AGL,CE,Combined TRACON& Tower with Radar,14,8,12,0,34,0,0,52,0,52,14,8,64,0,86,26,0,26,112
11/05/2007,DLH,MN,AGL,CE,Combined TRACON& Tower with Radar,15,14,39,10,78,0,2,24,0,26,15,16,63,10,104,2,0,2,106
11/06/2007,DLH,MN,AGL,CE,Combined TRACON& Tower with Radar,20,18,42,17,97,0,0,34,0,34,20,18,76,17,131,12,20,32,163
11/07/2007,DLH,MN,AGL,CE,Combined TRACON& Tower with Radar,21,8,35,8,72,0,5,65,1,71,21,13,100,9,143,108,46,154,297
11/08/2007,DLH,MN,AGL,CE,Combined TRACON& Tower with Radar,22,12,67,10,111,0,0,56,0,56,22,12,123,10,167,50,2,52,219
11/09/2007,DLH,MN,AGL,CE,Combined TRACON& Tower with Radar,13,21,44,4,82,0,0,33,0,33,13,21,77,4,115,0,0,0,115
11/10/2007,DLH,MN,AGL,CE,Combined TRACON& Tower with Radar,9,16,7,1,33,0,0,4,0,4,9,16,11,1,37,0,0,0,37
11/11/2007,DLH,MN,AGL,CE,Combined TRACON& Tower with Radar,10,8,23,3,44,0,0,45,3,48,10,8,68,6,92,30,8,38,130
11/12/2007,DLH,MN,AGL,CE,Combined TRACON& Tower with Radar,20,19,32,0,71,0,0,87,0,87,20,19,119,0,158,70,0,70,228
11/13/2007,DLH,MN,AGL,CE,Combined TRACON& Tower with Radar,22,14,31,3,70,0,0,52,0,52,22,14,83,3,122,16,4,20,142
11/14/2007,DLH,MN,AGL,CE,Combined TRACON& Tower with Radar,9,24,40,6,79,0,0,36,5,41,9,24,76,11,120,0,0,0,120
11/15/2007,DLH,MN,AGL,CE,Combined TRACON& Tower with Radar,12,26,55,7,100,0,0,106,0,106,12,26,161,7,206,82,0,82,288
11/16/2007,DLH,MN,AGL,CE,Combined TRACON& Tower with Radar,12,22,31,11,76,0,0,108,0,108,12,22,139,11,184,42,8,50,234
11/17/2007,DLH,MN,AGL,CE,Combined TRACON& Tower with Radar,14,10,41,16,81,0,0,63,0,63,14,10,104,16,144,80,42,122,266
11/18/2007,DLH,MN,AGL,CE,Combined TRACON& Tower with Radar,8,11,21,0,40,0,0,55,0,55,8,11,76,0,95,22,0,22,117
11/19/2007,DLH,MN,AGL,CE,Combined TRACON& Tower with Radar,16,9,42,19,86,0,0,47,0,47,16,9,89,19,133,6,8,14,147
11/20/2007,DLH,MN,AGL,CE,Combined TRACON& Tower with Radar,10,28,40,19,97,0,0,76,3,79,10,28,116,22,176,52,32,84,260
11/21/2007,DLH,MN,AGL,CE,Combined TRACON& Tower with Radar,10,22,16,4,52,0,2,37,0,39,10,24,53,4,91,36,0,36,127
11/22/2007,DLH,MN,AGL,CE,Combined TRACON& Tower with Radar,8,11,7,0,26,0,0,4,0,4,8,11,11,0,30,0,0,0,30
11/23/2007,DLH,MN,AGL,CE,Combined TRACON& Tower with Radar,10,10,8,0,28,0,0,27,0,27,10,10,35,0,55,18,0,18,73
11/24/2007,DLH,MN,AGL,CE,Combined TRACON& Tower with Radar,16,15,13,0,44,0,0,29,0,29,16,15,42,0,73,0,0,0,73
11/25/2007,DLH,MN,AGL,CE,Combined TRACON& Tower with Radar,16,23,43,0,82,0,0,51,1,52,16,23,94,1,134,16,0,16,150
11/26/2007,DLH,MN,AGL,CE,Combined TRACON& Tower with Radar,15,15,45,5,80,0,0,70,2,72,15,15,115,7,152,34,0,34,186
11/27/2007,DLH,MN,AGL,CE,Combined TRACON& Tower with Radar,16,18,40,18,92,0,0,59,2,61,16,18,99,20,153,36,12,48,201
11/28/2007,DLH,MN,AGL,CE,Combined TRACON& Tower with Radar,10,24,35,10,79,0,0,55,2,57,10,24,90,12,136,28,2,30,166
11/29/2007,DLH,MN,AGL,CE,Combined TRACON& Tower with Radar,10,17,39,14,80,0,0,78,5,83,10,17,117,19,163,26,10,36,199
11/30/2007,DLH,MN,AGL,CE,Combined TRACON& Tower with Radar,12,23,29,15,79,0,0,86,9,95,12,23,115,24,174,38,58,96,270
12/01/2007,DLH,MN,AGL,CE,Combined TRACON& Tower with Radar,13,8,6,6,33,0,0,12,0,12,13,8,18,6,45,0,0,0,45
12/02/2007,DLH,MN,AGL,CE,Combined TRACON& Tower with Radar,5,13,5,0,23,0,0,3,0,3,5,13,8,0,26,0,0,0,26
12/03/2007,DLH,MN,AGL,CE,Combined TRACON& Tower with Radar,12,10,25,12,59,0,0,89,0,89,12,10,114,12,148,28,34,62,210
12/04/2007,DLH,MN,AGL,CE,Combined TRACON& Tower with Radar,10,12,24,2,48,0,0,7,0,7,10,12,31,2,55,0,0,0,55
12/05/2007,DLH,MN,AGL,CE,Combined TRACON& Tower with Radar,12,12,62,14,100,0,0,91,4,95,12,12,153,18,195,66,16,82,277
12/06/2007,DLH,MN,AGL,CE,Combined TRACON& Tower with Radar,12,16,29,9,66,0,0,9,0,9,12,16,38,9,75,2,18,20,95
12/07/2007,DLH,MN,AGL,CE,Combined TRACON& Tower with Radar,15,13,30,10,68,0,0,79,0,79,15,13,109,10,147,28,12,40,187
12/08/2007,DLH,MN,AGL,CE,Combined TRACON& Tower with Radar,9,13,12,0,34,0,0,78,2,80,9,13,90,2,114,38,0,38,152
12/09/2007,DLH,MN,AGL,CE,Combined TRACON& Tower with Radar,10,10,22,0,42,0,0,52,0,52,10,10,74,0,94,18,0,18,112
12/10/2007,DLH,MN,AGL,CE,Combined TRACON& Tower with Radar,12,11,44,11,78,0,0,69,0,69,12,11,113,11,147,72,6,78,225
12/11/2007,DLH,MN,AGL,CE,Combined TRACON& Tower with Radar,12,1,32,26,71,0,15,70,2,87,12,16,102,28,158,42,34,76,234
12/12/2007,DLH,MN,AGL,CE,Combined TRACON& Tower with Radar,12,17,69,13,111,0,2,82,0,84,12,19,151,13,195,50,10,60,255
12/13/2007,DLH,MN,AGL,CE,Combined TRACON& Tower with Radar,16,13,69,0,98,0,1,0,0,1,16,14,69,0,99,4,0,4,103
12/14/2007,DLH,MN,AGL,CE,Combined TRACON& Tower with Radar,14,19,32,4,69,0,0,69,0,69,14,19,101,4,138,14,12,26,164
12/15/2007,DLH,MN,AGL,CE,Combined TRACON& Tower with Radar,13,5,25,0,43,0,5,48,0,53,13,10,73,0,96,5,0,5,101
12/16/2007,DLH,MN,AGL,CE,Combined TRACON& Tower with Radar,5,5,29,2,41,0,0,32,0,32,5,5,61,2,73,22,0,22,95
12/17/2007,DLH,MN,AGL,CE,Combined TRACON& Tower with Radar,14,6,53,6,79,0,0,43,0,43,14,6,96,6,122,34,2,36,158
12/18/2007,DLH,MN,AGL,CE,Combined TRACON& Tower with Radar,13,15,60,12,100,0,0,7,0,7,13,15,67,12,107,22,2,24,131
12/19/2007,DLH,MN,AGL,CE,Combined TRACON& Tower with Radar,20,17,70,15,122,0,0,21,0,21,20,17,91,15,143,0,4,4,147
12/20/2007,DLH,MN,AGL,CE,Combined TRACON& Tower with Radar,17,15,75,9,116,0,0,76,5,81,17,15,151,14,197,48,18,66,263
12/21/2007,DLH,MN,AGL,CE,Combined TRACON& Tower with Radar,17,13,41,0,71,0,3,14,0,17,17,16,55,0,88,0,0,0,88
12/22/2007,DLH,MN,AGL,CE,Combined TRACON& Tower with Radar,9,12,6,0,27,0,0,10,0,10,9,12,16,0,37,0,0,0,37
12/23/2007,DLH,MN,AGL,CE,Combined TRACON& Tower with Radar,4,2,5,0,11,0,0,0,0,0,4,2,5,0,11,0,0,0,11
12/24/2007,DLH,MN,AGL,CE,Combined TRACON& Tower with Radar,8,16,6,1,31,0,1,11,0,12,8,17,17,1,43,10,0,10,53
12/25/2007,DLH,MN,AGL,CE,Combined TRACON& Tower with Radar,13,9,10,0,32,0,0,7,0,7,13,9,17,0,39,0,0,0,39
12/26/2007,DLH,MN,AGL,CE,Combined TRACON& Tower with Radar,13,10,30,0,53,0,0,0,0,0,13,10,30,0,53,0,0,0,53
12/27/2007,DLH,MN,AGL,CE,Combined TRACON& Tower with Radar,15,12,121,30,178,0,0,7,0,7,15,12,128,30,185,0,0,0,185
12/28/2007,DLH,MN,AGL,CE,Combined TRACON& Tower with Radar,19,16,97,0,132,0,0,68,2,70,19,16,165,2,202,4,4,8,210
12/29/2007,DLH,MN,AGL,CE,Combined TRACON& Tower with Radar,9,17,64,0,90,0,0,11,0,11,9,17,75,0,101,0,4,4,105
12/30/2007,DLH,MN,AGL,CE,Combined TRACON& Tower with Radar,6,13,18,0,37,0,0,1,0,1,6,13,19,0,38,0,0,0,38
12/31/2007,DLH,MN,AGL,CE,Combined TRACON& Tower with Radar,16,7,42,0,65,0,0,0,0,0,16,7,42,0,65,0,0,0,65
01/01/2008,DLH,MN,AGL,CE,Combined TRACON& Tower with Radar,9,11,4,3,27,0,0,2,0,2,9,11,6,3,29,2,0,2,31
01/02/2008,DLH,MN,AGL,CE,Combined TRACON& Tower with Radar,16,16,28,4,64,0,0,46,0,46,16,16,74,4,110,20,4,24,134
01/03/2008,DLH,MN,AGL,CE,Combined TRACON& Tower with Radar,10,7,19,6,42,0,0,35,0,35,10,7,54,6,77,16,18,34,111
01/04/2008,DLH,MN,AGL,CE,Combined TRACON& Tower with Radar,13,15,24,9,61,0,2,47,0,49,13,17,71,9,110,56,0,56,166
01/05/2008,DLH,MN,AGL,CE,Combined TRACON& Tower with Radar,8,15,23,6,52,0,0,0,0,0,8,15,23,6,52,6,4,10,62
01/06/2008,DLH,MN,AGL,CE,Combined TRACON& Tower with Radar,6,6,11,0,23,5,0,14,1,20,11,6,25,1,43,4,0,4,47
01/07/2008,DLH,MN,AGL,CE,Combined TRACON& Tower with Radar,17,9,32,8,66,0,0,34,0,34,17,9,66,8,100,54,2,56,156
01/08/2008,DLH,MN,AGL,CE,Combined TRACON& Tower with Radar,14,10,34,5,63,0,0,12,3,15,14,10,46,8,78,3,0,3,81
01/09/2008,DLH,MN,AGL,CE,Combined TRACON& Tower with Radar,10,16,53,11,90,0,0,58,0,58,10,16,111,11,148,46,0,46,194
01/10/2008,DLH,MN,AGL,CE,Combined TRACON& Tower with Radar,10,16,39,22,87,1,0,43,0,44,11,16,82,22,131,56,32,88,219
01/11/2008,DLH,MN,AGL,CE,Combined TRACON& Tower with Radar,22,13,25,0,60,0,0,12,0,12,22,13,37,0,72,0,0,0,72
01/12/2008,DLH,MN,AGL,CE,Combined TRACON& Tower with Radar,7,11,21,16,55,3,0,47,0,50,10,11,68,16,105,22,0,22,127
01/13/2008,DLH,MN,AGL,CE,Combined TRACON& Tower with Radar,10,7,30,3,50,0,0,0,0,0,10,7,30,3,50,6,0,6,56
01/14/2008,DLH,MN,AGL,CE,Combined TRACON& Tower with Radar,19,15,42,1,77,0,0,42,0,42,19,15,84,1,119,9,0,9,128
01/15/2008,DLH,MN,AGL,CE,Combined TRACON& Tower with Radar,15,15,53,7,90,0,0,44,4,48,15,15,97,11,138,10,11,21,159
01/16/2008,DLH,MN,AGL,CE,Combined TRACON& Tower with Radar,10,14,34,7,65,0,0,34,0,34,10,14,68,7,99,0,0,0,99
01/17/2008,DLH,MN,AGL,CE,Combined TRACON& Tower with Radar,9,21,48,50,128,0,0,94,0,94,9,21,142,50,222,36,82,118,340
01/18/2008,DLH,MN,AGL,CE,Combined TRACON& Tower with Radar,14,15,40,13,82,0,0,76,1,77,14,15,116,14,159,26,42,68,227
01/19/2008,DLH,MN,AGL,CE,Combined TRACON& Tower with Radar,8,12,39,1,60,0,3,0,0,3,8,15,39,1,63,12,0,12,75
01/20/2008,DLH,MN,AGL,CE,Combined TRACON& Tower with Radar,6,6,8,0,20,0,0,26,0,26,6,6,34,0,46,34,0,34,80
01/21/2008,DLH,MN,AGL,CE,Combined TRACON& Tower with Radar,15,12,38,0,65,0,0,67,0,67,15,12,105,0,132,46,0,46,178
01/22/2008,DLH,MN,AGL,CE,Combined TRACON& Tower with Radar,13,17,48,2,80,0,0,62,2,64,13,17,110,4,144,14,16,30,174
01/23/2008,DLH,MN,AGL,CE,Combined TRACON& Tower with Radar,15,12,40,2,69,0,0,91,0,91,15,12,131,2,160,24,0,24,184
01/24/2008,DLH,MN,AGL,CE,Combined TRACON& Tower with Radar,12,20,58,14,104,0,0,71,2,73,12,20,129,16,177,18,4,22,199
01/25/2008,DLH,MN,AGL,CE,Combined TRACON& Tower with Radar,16,15,32,24,87,0,0,67,0,67,16,15,99,24,154,54,22,76,230
01/26/2008,DLH,MN,AGL,CE,Combined TRACON& Tower with Radar,11,13,28,1,53,0,0,16,1,17,11,13,44,2,70,14,0,14,84
01/27/2008,DLH,MN,AGL,CE,Combined TRACON& Tower with Radar,12,10,24,3,49,0,0,71,0,71,12,10,95,3,120,40,5,45,165
01/28/2008,DLH,MN,AGL,CE,Combined TRACON& Tower with Radar,12,15,23,21,71,0,0,38,1,39,12,15,61,22,110,6,0,6,116
01/29/2008,DLH,MN,AGL,CE,Combined TRACON& Tower with Radar,10,12,26,7,55,0,0,32,0,32,10,12,58,7,87,14,42,56,143
01/30/2008,DLH,MN,AGL,CE,Combined TRACON& Tower with Radar,15,14,27,0,56,0,0,37,0,37,15,14,64,0,93,14,0,14,107
01/31/2008,DLH,MN,AGL,CE,Combined TRACON& Tower with Radar,10,18,44,2,74,0,0,59,1,60,10,18,103,3,134,74,18,92,226
02/01/2008,DLH,MN,AGL,CE,Combined TRACON& Tower with Radar,18,16,44,4,82,0,0,14,0,14,18,16,58,4,96,42,0,42,138
02/02/2008,DLH,MN,AGL,CE,Combined TRACON& Tower with Radar,10,13,30,1,54,0,0,19,1,20,10,13,49,2,74,32,0,32,106
02/03/2008,DLH,MN,AGL,CE,Combined TRACON& Tower with Radar,4,12,27,1,44,0,0,23,0,23,4,12,50,1,67,26,0,26,93
02/04/2008,DLH,MN,AGL,CE,Combined TRACON& Tower with Radar,10,16,7,2,35,0,0,5,0,5,10,16,12,2,40,0,0,0,40
02/05/2008,DLH,MN,AGL,CE,Combined TRACON& Tower with Radar,9,13,48,16,86,0,0,34,0,34,9,13,82,16,120,38,34,72,192
02/06/2008,DLH,MN,AGL,CE,Combined TRACON& Tower with Radar,12,10,57,17,96,0,0,35,0,35,12,10,92,17,131,40,0,40,171
02/07/2008,DLH,MN,AGL,CE,Combined TRACON& Tower with Radar,7,12,39,9,67,4,3,47,4,58,11,15,86,13,125,54,4,58,183
02/08/2008,DLH,MN,AGL,CE,Combined TRACON& Tower with Radar,18,12,52,4,86,0,0,0,0,0,18,12,52,4,86,8,2,10,96
02/09/2008,DLH,MN,AGL,CE,Combined TRACON& Tower with Radar,10,8,20,3,41,0,0,3,0,3,10,8,23,3,44,0,6,6,50
02/10/2008,DLH,MN,AGL,CE,Combined TRACON& Tower with Radar,3,10,10,0,23,0,0,20,0,20,3,10,30,0,43,0,0,0,43
02/11/2008,DLH,MN,AGL,CE,Combined TRACON& Tower with Radar,13,10,8,6,37,0,0,29,5,34,13,10,37,11,71,42,20,62,133
02/12/2008,DLH,MN,AGL,CE,Combined TRACON& Tower with Radar,18,14,15,43,90,0,0,83,0,83,18,14,98,43,173,68,152,220,393
02/13/2008,DLH,MN,AGL,CE,Combined TRACON& Tower with Radar,14,13,28,17,72,0,0,73,6,79,14,13,101,23,151,30,48,78,229
02/14/2008,DLH,MN,AGL,CE,Combined TRACON& Tower with Radar,17,12,25,16,70,0,0,54,8,62,17,12,79,24,132,46,68,114,246
02/15/2008,DLH,MN,AGL,CE,Combined TRACON& Tower with Radar,15,12,26,0,53,0,0,92,0,92,15,12,118,0,145,60,0,60,205
02/16/2008,DLH,MN,AGL,CE,Combined TRACON& Tower with Radar,7,12,24,0,43,4,0,55,0,59,11,12,79,0,102,42,0,42,144
02/17/2008,DLH,MN,AGL,CE,Combined TRACON& Tower with Radar,6,10,14,0,30,0,0,12,0,12,6,10,26,0,42,18,0,18,60
02/18/2008,DLH,MN,AGL,CE,Combined TRACON& Tower with Radar,12,10,32,0,54,0,0,23,5,28,12,10,55,5,82,4,0,4,86
02/19/2008,DLH,MN,AGL,CE,Combined TRACON& Tower with Radar,11,19,26,10,66,0,0,37,8,45,11,19,63,18,111,34,20,54,165
02/20/2008,DLH,MN,AGL,CE,Combined TRACON& Tower with Radar,16,10,45,23,94,0,2,59,0,61,16,12,104,23,155,44,60,104,259
02/21/2008,DLH,MN,AGL,CE,Combined TRACON& Tower with Radar,16,8,36,30,90,0,4,69,3,76,16,12,105,33,166,6,42,48,214
02/22/2008,DLH,MN,AGL,CE,Combined TRACON& Tower with Radar,10,19,49,13,91,0,0,69,4,73,10,19,118,17,164,24,10,34,198
02/23/2008,DLH,MN,AGL,CE,Combined TRACON& Tower with Radar,11,10,29,0,50,0,0,64,1,65,11,10,93,1,115,14,0,14,129
02/24/2008,DLH,MN,AGL,CE,Combined TRACON& Tower with Radar,5,5,19,0,29,8,1,20,0,29,13,6,39,0,58,0,0,0,58
02/25/2008,DLH,MN,AGL,CE,Combined TRACON& Tower with Radar,15,8,32,16,71,0,10,33,0,43,15,18,65,16,114,34,20,54,168
02/26/2008,DLH,MN,AGL,CE,Combined TRACON& Tower with Radar,20,12,36,18,86,0,0,74,4,78,20,12,110,22,164,20,40,60,224
02/27/2008,DLH,MN,AGL,CE,Combined TRACON& Tower with Radar,14,12,40,12,78,0,0,65,9,74,14,12,105,21,152,25,11,36,188
02/28/2008,DLH,MN,AGL,CE,Combined TRACON& Tower with Radar,16,11,34,14,75,0,0,55,2,57,16,11,89,16,132,42,6,48,180
02/29/2008,DLH,MN,AGL,CE,Combined TRACON& Tower with Radar,10,11,41,0,62,6,0,20,0,26,16,11,61,0,88,12,0,12,100
03/01/2008,DLH,MN,AGL,CE,Combined TRACON& Tower with Radar,14,10,48,18,90,0,0,50,0,50,14,10,98,18,140,32,8,40,180
03/02/2008,DLH,MN,AGL,CE,Combined TRACON& Tower with Radar,12,7,22,0,41,0,0,2,0,2,12,7,24,0,43,2,0,2,45
03/03/2008,DLH,MN,AGL,CE,Combined TRACON& Tower with Radar,16,18,13,0,47,0,0,62,0,62,16,18,75,0,109,13,0,13,122
03/04/2008,DLH,MN,AGL,CE,Combined TRACON& Tower with Radar,11,16,36,14,77,0,4,55,2,61,11,20,91,16,138,40,64,104,242
03/05/2008,DLH,MN,AGL,CE,Combined TRACON& Tower with Radar,10,15,20,19,64,1,0,40,9,50,11,15,60,28,114,108,36,144,258
03/06/2008,DLH,MN,AGL,CE,Combined TRACON& Tower with Radar,11,25,32,21,89,0,0,89,9,98,11,25,121,30,187,30,26,56,243
03/07/2008,DLH,MN,AGL,CE,Combined TRACON& Tower with Radar,11,11,20,15,57,0,0,84,12,96,11,11,104,27,153,36,32,68,221
03/08/2008,DLH,MN,AGL,CE,Combined TRACON& Tower with Radar,13,5,22,9,49,0,0,37,0,37,13,5,59,9,86,28,36,64,150
03/09/2008,DLH,MN,AGL,CE,Combined TRACON& Tower with Radar,6,10,16,1,33,0,0,22,2,24,6,10,38,3,57,8,0,8,65
03/10/2008,DLH,MN,AGL,CE,Combined TRACON& Tower with Radar,15,11,45,8,79,0,0,86,8,94,15,11,131,16,173,30,10,40,213
03/11/2008,DLH,MN,AGL,CE,Combined TRACON& Tower with Radar,11,17,36,24,88,0,0,74,5,79,11,17,110,29,167,14,14,28,195
03/12/2008,DLH,MN,AGL,CE,Combined TRACON& Tower with Radar,14,19,33,18,84,0,0,56,5,61,14,19,89,23,145,60,18,78,223
03/13/2008,DLH,MN,AGL,CE,Combined TRACON& Tower with Radar,9,9,40,22,80,1,7,57,10,75,10,16,97,32,155,16,30,46,201
03/14/2008,DLH,MN,AGL,CE,Combined TRACON& Tower with Radar,18,15,56,22,111,0,0,42,0,42,18,15,98,22,153,28,28,56,209
03/15/2008,DLH,MN,AGL,CE,Combined TRACON& Tower with Radar,2,22,20,1,45,0,0,45,8,53,2,22,65,9,98,32,0,32,130
03/16/2008,DLH,MN,AGL,CE,Combined TRACON& Tower with Radar,10,10,22,2,44,0,0,53,0,53,10,10,75,2,97,10,0,10,107
03/17/2008,DLH,MN,AGL,CE,Combined TRACON& Tower with Radar,15,10,14,0,39,0,0,8,0,8,15,10,22,0,47,0,0,0,47
03/18/2008,DLH,MN,AGL,CE,Combined TRACON& Tower with Radar,14,13,15,21,63,0,0,7,0,7,14,13,22,21,70,4,4,8,78
03/19/2008,DLH,MN,AGL,CE,Combined TRACON& Tower with Radar,13,15,62,28,118,0,0,89,0,89,13,15,151,28,207,26,46,72,279
03/20/2008,DLH,MN,AGL,CE,Combined TRACON& Tower with Radar,16,16,52,35,119,0,0,68,0,68,16,16,120,35,187,58,64,122,309
03/21/2008,DLH,MN,AGL,CE,Combined TRACON& Tower with Radar,24,9,31,18,82,0,0,44,0,44,24,9,75,18,126,8,42,50,176
03/22/2008,DLH,MN,AGL,CE,Combined TRACON& Tower with Radar,10,12,17,0,39,0,0,32,0,32,10,12,49,0,71,17,0,17,88
03/23/2008,DLH,MN,AGL,CE,Combined TRACON& Tower with Radar,8,8,4,0,20,0,0,10,0,10,8,8,14,0,30,6,0,6,36
03/24/2008,DLH,MN,AGL,CE,Combined TRACON& Tower with Radar,13,12,38,5,68,0,0,60,0,60,13,12,98,5,128,22,22,44,172
03/25/2008,DLH,MN,AGL,CE,Combined TRACON& Tower with Radar,11,13,18,28,70,0,0,46,0,46,11,13,64,28,116,10,30,40,156
03/26/2008,DLH,MN,AGL,CE,Combined TRACON& Tower with Radar,10,20,48,31,109,0,0,71,4,75,10,20,119,35,184,46,44,90,274
03/27/2008,DLH,MN,AGL,CE,Combined TRACON& Tower with Radar,13,12,42,20,87,0,0,103,0,103,13,12,145,20,190,50,38,88,278
03/28/2008,DLH,MN,AGL,CE,Combined TRACON& Tower with Radar,17,16,60,4,97,0,0,158,10,168,17,16,218,14,265,47,6,53,318
03/29/2008,DLH,MN,AGL,CE,Combined TRACON& Tower with Radar,4,17,38,1,60,0,0,44,11,55,4,17,82,12,115,18,0,18,133
03/30/2008,DLH,MN,AGL,CE,Combined TRACON& Tower with Radar,12,8,20,0,40,0,0,48,0,48,12,8,68,0,88,14,0,14,102
03/31/2008,DLH,MN,AGL,CE,Combined TRACON& Tower with Radar,13,5,34,11,63,0,0,37,0,37,13,5,71,11,100,8,2,10,110
04/01/2008,DLH,MN,AGL,CE,Combined TRACON& Tower with Radar,18,15,40,23,96,0,0,84,13,97,18,15,124,36,193,38,46,84,277
04/02/2008,DLH,MN,AGL,CE,Combined TRACON& Tower with Radar,16,10,42,18,86,0,0,87,4,91,16,10,129,22,177,40,22,62,239
04/03/2008,DLH,MN,AGL,CE,Combined TRACON& Tower with Radar,17,16,61,16,110,0,0,153,4,157,17,16,214,20,267,124,28,152,419
04/04/2008,DLH,MN,AGL,CE,Combined TRACON& Tower with Radar,10,18,33,18,79,0,0,83,2,85,10,18,116,20,164,32,16,48,212
04/05/2008,DLH,MN,AGL,CE,Combined TRACON& Tower with Radar,13,8,21,0,42,0,0,72,6,78,13,8,93,6,120,38,0,38,158
04/06/2008,DLH,MN,AGL,CE,Combined TRACON& Tower with Radar,9,4,4,0,17,0,0,0,0,0,9,4,4,0,17,0,0,0,17
04/07/2008,DLH,MN,AGL,CE,Combined TRACON& Tower with Radar,10,11,8,4,33,0,0,0,0,0,10,11,8,4,33,0,0,0,33
04/08/2008,DLH,MN,AGL,CE,Combined TRACON& Tower with Radar,17,7,22,16,62,0,1,25,0,26,17,8,47,16,88,16,8,24,112
04/09/2008,DLH,MN,AGL,CE,Combined TRACON& Tower with Radar,16,13,79,37,145,0,0,56,9,65,16,13,135,46,210,44,72,116,326
04/10/2008,DLH,MN,AGL,CE,Combined TRACON& Tower with Radar,16,19,41,20,96,0,0,56,0,56,16,19,97,20,152,12,10,22,174
04/11/2008,DLH,MN,AGL,CE,Combined TRACON& Tower with Radar,2,1,0,0,3,0,0,0,0,0,2,1,0,0,3,0,0,0,3
04/12/2008,DLH,MN,AGL,CE,Combined TRACON& Tower with Radar,16,14,15,6,51,0,0,59,0,59,16,14,74,6,110,50,0,50,160
04/13/2008,DLH,MN,AGL,CE,Combined TRACON& Tower with Radar,13,5,27,0,45,0,4,88,1,93,13,9,115,1,138,34,0,34,172
04/14/2008,DLH,MN,AGL,CE,Combined TRACON& Tower with Radar,17,9,38,18,82,0,0,67,0,67,17,9,105,18,149,12,16,28,177
04/15/2008,DLH,MN,AGL,CE,Combined TRACON& Tower with Radar,20,15,81,0,116,0,0,0,0,0,20,15,81,0,116,20,0,20,136
04/16/2008,DLH,MN,AGL,CE,Combined TRACON& Tower with Radar,17,15,49,18,99,0,0,48,13,61,17,15,97,31,160,34,34,68,228
04/17/2008,DLH,MN,AGL,CE,Combined TRACON& Tower with Radar,12,14,43,19,88,0,0,107,4,111,12,14,150,23,199,68,40,108,307
04/18/2008,DLH,MN,AGL,CE,Combined TRACON& Tower with Radar,17,15,38,28,98,0,0,87,0,87,17,15,125,28,185,54,18,72,257
04/19/2008,DLH,MN,AGL,CE,Combined TRACON& Tower with Radar,18,12,47,10,87,0,0,9,2,11,18,12,56,12,98,0,6,6,104
04/20/2008,DLH,MN,AGL,CE,Combined TRACON& Tower with Radar,14,4,8,0,26,0,0,0,0,0,14,4,8,0,26,2,0,2,28
04/21/2008,DLH,MN,AGL,CE,Combined TRACON& Tower with Radar,19,17,35,19,90,0,0,95,0,95,19,17,130,19,185,58,24,82,267
04/22/2008,DLH,MN,AGL,CE,Combined TRACON& Tower with Radar,17,19,68,20,124,0,0,71,8,79,17,19,139,28,203,28,24,52,255
04/23/2008,DLH,MN,AGL,CE,Combined TRACON& Tower with Radar,10,19,45,24,98,0,0,107,9,116,10,19,152,33,214,60,22,82,296
04/24/2008,DLH,MN,AGL,CE,Combined TRACON& Tower with Radar,10,14,49,6,79,0,0,9,0,9,10,14,58,6,88,12,11,23,111
04/25/2008,DLH,MN,AGL,CE,Combined TRACON& Tower with Radar,19,15,39,12,85,0,0,0,0,0,19,15,39,12,85,4,0,4,89
04/26/2008,DLH,MN,AGL,CE,Combined TRACON& Tower with Radar,15,10,3,2,30,0,0,4,0,4,15,10,7,2,34,4,0,4,38
04/27/2008,DLH,MN,AGL,CE,Combined TRACON& Tower with Radar,14,10,21,0,45,0,0,44,0,44,14,10,65,0,89,26,0,26,115
04/28/2008,DLH,MN,AGL,CE,Combined TRACON& Tower with Radar,14,6,37,16,73,0,7,82,0,89,14,13,119,16,162,52,10,62,224
04/29/2008,DLH,MN,AGL,CE,Combined TRACON& Tower with Radar,12,16,55,15,98,4,0,101,1,106,16,16,156,16,204,42,16,58,262
04/30/2008,DLH,MN,AGL,CE,Combined TRACON& Tower with Radar,10,16,41,21,88,0,0,100,3,103,10,16,141,24,191,46,28,74,265
05/01/2008,DLH,MN,AGL,CE,Combined TRACON& Tower with Radar,13,16,56,25,110,0,0,76,0,76,13,16,132,25,186,16,64,80,266
05/02/2008,DLH,MN,AGL,CE,Combined TRACON& Tower with Radar,17,17,21,6,61,0,0,0,0,0,17,17,21,6,61,4,0,4,65
05/03/2008,DLH,MN,AGL,CE,Combined TRACON& Tower with Radar,20,7,7,2,36,0,0,56,0,56,20,7,63,2,92,6,0,6,98
05/04/2008,DLH,MN,AGL,CE,Combined TRACON& Tower with Radar,13,4,34,0,51,0,6,67,2,75,13,10,101,2,126,28,0,28,154
05/05/2008,DLH,MN,AGL,CE,Combined TRACON& Tower with Radar,11,16,36,9,72,0,0,98,12,110,11,16,134,21,182,30,26,56,238
05/06/2008,DLH,MN,AGL,CE,Combined TRACON& Tower with Radar,13,16,38,25,92,0,1,113,0,114,13,17,151,25,206,42,38,80,286
05/07/2008,DLH,MN,AGL,CE,Combined TRACON& Tower with Radar,11,13,43,19,86,0,0,98,2,100,11,13,141,21,186,24,30,54,240
05/08/2008,DLH,MN,AGL,CE,Combined TRACON& Tower with Radar,18,12,52,26,108,0,0,134,0,134,18,12,186,26,242,52,26,78,320
05/09/2008,DLH,MN,AGL,CE,Combined TRACON& Tower with Radar,21,14,62,2,99,0,0,78,4,82,21,14,140,6,181,12,2,14,195
05/10/2008,DLH,MN,AGL,CE,Combined TRACON& Tower with Radar,11,13,14,1,39,0,0,39,3,42,11,13,53,4,81,8,0,8,89
05/11/2008,DLH,MN,AGL,CE,Combined TRACON& Tower with Radar,13,8,16,0,37,0,0,13,4,17,13,8,29,4,54,8,0,8,62
05/12/2008,DLH,MN,AGL,CE,Combined TRACON& Tower with Radar,11,13,34,13,71,0,0,49,5,54,11,13,83,18,125,46,0,46,171
05/13/2008,DLH,MN,AGL,CE,Combined TRACON& Tower with Radar,13,14,38,18,83,0,0,33,0,33,13,14,71,18,116,2,8,10,126
05/14/2008,DLH,MN,AGL,CE,Combined TRACON& Tower with Radar,14,14,45,18,91,0,0,63,0,63,14,14,108,18,154,44,24,68,222
05/15/2008,DLH,MN,AGL,CE,Combined TRACON& Tower with Radar,11,9,59,23,102,0,0,65,3,68,11,9,124,26,170,22,24,46,216
05/16/2008,DLH,MN,AGL,CE,Combined TRACON& Tower with Radar,20,16,34,28,98,0,0,92,0,92,20,16,126,28,190,46,22,68,258
05/17/2008,DLH,MN,AGL,CE,Combined TRACON& Tower with Radar,10,15,6,9,40,0,0,28,5,33,10,15,34,14,73,2,16,18,91
05/18/2008,DLH,MN,AGL,CE,Combined TRACON& Tower with Radar,7,8,11,0,26,0,0,33,3,36,7,8,44,3,62,0,0,0,62
05/19/2008,DLH,MN,AGL,CE,Combined TRACON& Tower with Radar,15,13,59,3,90,0,0,63,0,63,15,13,122,3,153,38,2,40,193
05/20/2008,DLH,MN,AGL,CE,Combined TRACON& Tower with Radar,14,13,52,14,93,0,0,43,0,43,14,13,95,14,136,14,12,26,162
05/21/2008,DLH,MN,AGL,CE,Combined TRACON& Tower with Radar,17,13,54,25,109,0,0,114,0,114,17,13,168,25,223,26,64,90,313
05/22/2008,DLH,MN,AGL,CE,Combined TRACON& Tower with Radar,18,14,44,34,110,0,1,101,6,108,18,15,145,40,218,52,46,98,316
05/23/2008,DLH,MN,AGL,CE,Combined TRACON& Tower with Radar,13,17,41,12,83,0,0,117,16,133,13,17,158,28,216,60,54,114,330
05/24/2008,DLH,MN,AGL,CE,Combined TRACON& Tower with Radar,14,13,26,4,57,0,0,71,0,71,14,13,97,4,128,20,0,20,148
05/25/2008,DLH,MN,AGL,CE,Combined TRACON& Tower with Radar,11,4,12,0,27,0,0,8,0,8,11,4,20,0,35,0,0,0,35
05/26/2008,DLH,MN,AGL,CE,Combined TRACON& Tower with Radar,15,10,28,1,54,0,0,0,0,0,15,10,28,1,54,6,0,6,60
05/27/2008,DLH,MN,AGL,CE,Combined TRACON& Tower with Radar,11,8,27,0,46,0,2,74,0,76,11,10,101,0,122,28,0,28,150
05/28/2008,DLH,MN,AGL,CE,Combined TRACON& Tower with Radar,21,12,51,10,94,0,0,75,6,81,21,12,126,16,175,30,8,38,213
05/29/2008,DLH,MN,AGL,CE,Combined TRACON& Tower with Radar,12,15,41,22,90,0,0,72,2,74,12,15,113,24,164,30,42,72,236
05/30/2008,DLH,MN,AGL,CE,Combined TRACON& Tower with Radar,12,12,42,0,66,4,0,24,0,28,16,12,66,0,94,6,0,6,100
05/31/2008,DLH,MN,AGL,CE,Combined TRACON& Tower with Radar,12,12,26,0,50,0,0,53,1,54,12,12,79,1,104,10,0,10,114
06/01/2008,DLH,MN,AGL,CE,Combined TRACON& Tower with Radar,8,10,19,2,39,0,0,52,0,52,8,10,71,2,91,8,0,8,99
06/02/2008,DLH,MN,AGL,CE,Combined TRACON& Tower with Radar,18,8,33,9,68,0,0,76,0,76,18,8,109,9,144,12,8,20,164
06/03/2008,DLH,MN,AGL,CE,Combined TRACON& Tower with Radar,23,11,39,12,85,0,0,90,2,92,23,11,129,14,177,38,12,50,227
06/04/2008,DLH,MN,AGL,CE,Combined TRACON& Tower with Radar,19,12,90,17,138,0,1,28,1,30,19,13,118,18,168,38,16,54,222
06/05/2008,DLH,MN,AGL,CE,Combined TRACON& Tower with Radar,14,14,74,10,112,0,0,24,6,30,14,14,98,16,142,26,8,34,176
06/06/2008,DLH,MN,AGL,CE,Combined TRACON& Tower with Radar,10,11,27,0,48,0,0,14,0,14,10,11,41,0,62,0,0,0,62
06/07/2008,DLH,MN,AGL,CE,Combined TRACON& Tower with Radar,12,10,32,5,59,0,2,79,1,82,12,12,111,6,141,32,14,46,187
06/08/2008,DLH,MN,AGL,CE,Combined TRACON& Tower with Radar,7,4,38,2,51,0,2,39,1,42,7,6,77,3,93,26,0,26,119
06/09/2008,DLH,MN,AGL,CE,Combined TRACON& Tower with Radar,9,8,35,15,67,3,0,6,0,9,12,8,41,15,76,6,2,8,84
06/10/2008,DLH,MN,AGL,CE,Combined TRACON& Tower with Radar,7,16,77,5,105,0,0,30,1,31,7,16,107,6,136,20,0,20,156
06/11/2008,DLH,MN,AGL,CE,Combined TRACON& Tower with Radar,7,13,67,2,89,0,0,0,0,0,7,13,67,2,89,8,0,8,97
06/12/2008,DLH,MN,AGL,CE,Combined TRACON& Tower with Radar,8,14,52,14,88,0,0,62,2,64,8,14,114,16,152,42,26,68,220
06/13/2008,DLH,MN,AGL,CE,Combined TRACON& Tower with Radar,13,8,52,18,91,4,4,105,3,116,17,12,157,21,207,34,6,40,247
06/14/2008,DLH,MN,AGL,CE,Combined TRACON& Tower with Radar,6,18,32,11,67,0,0,73,0,73,6,18,105,11,140,34,38,72,212
06/15/2008,DLH,MN,AGL,CE,Combined TRACON& Tower with Radar,9,10,15,8,42,0,0,44,0,44,9,10,59,8,86,0,0,0,86
06/16/2008,DLH,MN,AGL,CE,Combined TRACON& Tower with Radar,13,10,56,7,86,0,0,78,7,85,13,10,134,14,171,42,20,62,233
06/17/2008,DLH,MN,AGL,CE,Combined TRACON& Tower with Radar,14,14,58,18,104,0,0,133,0,133,14,14,191,18,237,68,36,104,341
06/18/2008,DLH,MN,AGL,CE,Combined TRACON& Tower with Radar,8,16,52,29,105,0,0,133,0,133,8,16,185,29,238,32,58,90,328
06/19/2008,DLH,MN,AGL,CE,Combined TRACON& Tower with Radar,8,13,67,15,103,2,0,112,3,117,10,13,179,18,220,40,0,40,260
06/20/2008,DLH,MN,AGL,CE,Combined TRACON& Tower with Radar,10,18,57,18,103,0,0,118,3,121,10,18,175,21,224,60,28,88,312
06/21/2008,DLH,MN,AGL,CE,Combined TRACON& Tower with Radar,12,9,34,0,55,0,2,75,2,79,12,11,109,2,134,80,0,80,214
06/22/2008,DLH,MN,AGL,CE,Combined TRACON& Tower with Radar,10,4,44,2,60,0,0,40,2,42,10,4,84,4,102,28,0,28,130
06/23/2008,DLH,MN,AGL,CE,Combined TRACON& Tower with Radar,8,15,40,21,84,0,0,87,9,96,8,15,127,30,180,12,24,36,216
06/24/2008,DLH,MN,AGL,CE,Combined TRACON& Tower with Radar,8,14,41,15,78,0,0,113,0,113,8,14,154,15,191,32,12,44,235
06/25/2008,DLH,MN,AGL,CE,Combined TRACON& Tower with Radar,13,13,59,14,99,0,1,123,0,124,13,14,182,14,223,46,22,68,291
06/26/2008,DLH,MN,AGL,CE,Combined TRACON& Tower with Radar,7,13,45,17,82,4,0,116,0,120,11,13,161,17,202,80,60,140,342
06/27/2008,DLH,MN,AGL,CE,Combined TRACON& Tower with Radar,10,17,43,5,75,0,0,44,1,45,10,17,87,6,120,36,0,36,156
06/28/2008,DLH,MN,AGL,CE,Combined TRACON& Tower with Radar,6,14,43,2,65,0,0,118,2,120,6,14,161,4,185,70,0,70,255
06/29/2008,DLH,MN,AGL,CE,Combined TRACON& Tower with Radar,10,10,42,0,62,0,0,87,0,87,10,10,129,0,149,16,0,16,165
06/30/2008,DLH,MN,AGL,CE,Combined TRACON& Tower with Radar,14,11,60,30,115,0,0,95,14,109,14,11,155,44,224,80,22,102,326
07/01/2008,DLH,MN,AGL,CE,Combined TRACON& Tower with Radar,14,12,59,15,100,0,1,125,0,126,14,13,184,15,226,31,4,35,261
07/02/2008,DLH,MN,AGL,CE,Combined TRACON& Tower with Radar,11,8,46,10,75,0,0,91,0,91,11,8,137,10,166,21,0,21,187
07/03/2008,DLH,MN,AGL,CE,Combined TRACON& Tower with Radar,9,13,34,4,60,0,4,6,1,11,9,17,40,5,71,28,2,30,101
07/04/2008,DLH,MN,AGL,CE,Combined TRACON& Tower with Radar,10,6,20,6,42,0,2,35,10,47,10,8,55,16,89,2,0,2,91
07/05/2008,DLH,MN,AGL,CE,Combined TRACON& Tower with Radar,10,15,47,0,72,0,0,43,1,44,10,15,90,1,116,4,0,4,120
07/06/2008,DLH,MN,AGL,CE,Combined TRACON& Tower with Radar,12,26,32,0,70,0,6,97,14,117,12,32,129,14,187,16,6,22,209
07/07/2008,DLH,MN,AGL,CE,Combined TRACON& Tower with Radar,13,12,28,0,53,0,0,84,0,84,13,12,112,0,137,30,0,30,167
07/08/2008,DLH,MN,AGL,CE,Combined TRACON& Tower with Radar,10,15,53,10,88,0,1,91,1,93,10,16,144,11,181,14,1,15,196
07/09/2008,DLH,MN,AGL,CE,Combined TRACON& Tower with Radar,10,10,90,14,124,0,0,123,0,123,10,10,213,14,247,42,4,46,293
07/10/2008,DLH,MN,AGL,CE,Combined TRACON& Tower with Radar,13,28,161,18,220,0,0,176,5,181,13,28,337,23,401,36,12,48,449
07/11/2008,DLH,MN,AGL,CE,Combined TRACON& Tower with Radar,13,19,99,0,131,0,4,87,0,91,13,23,186,0,222,28,0,28,250
07/12/2008,DLH,MN,AGL,CE,Combined TRACON& Tower with Radar,7,13,66,0,86,0,0,140,0,140,7,13,206,0,226,80,0,80,306
07/13/2008,DLH,MN,AGL,CE,Combined TRACON& Tower with Radar,8,9,145,0,162,0,1,78,0,79,8,10,223,0,241,35,0,35,276
07/14/2008,DLH,MN,AGL,CE,Combined TRACON& Tower with Radar,11,13,44,13,81,0,0,140,2,142,11,13,184,15,223,72,4,76,299
07/15/2008,DLH,MN,AGL,CE,Combined TRACON& Tower with Radar,12,15,42,20,89,0,3,149,3,155,12,18,191,23,244,24,0,24,268
07/16/2008,DLH,MN,AGL,CE,Combined TRACON& Tower with Radar,19,11,53,15,98,0,5,143,13,161,19,16,196,28,259,84,8,92,351
07/17/2008,DLH,MN,AGL,CE,Combined TRACON& Tower with Radar,16,12,55,11,94,0,3,28,2,33,16,15,83,13,127,28,0,28,155
07/18/2008,DLH,MN,AGL,CE,Combined TRACON& Tower with Radar,12,21,48,14,95,0,1,106,15,122,12,22,154,29,217,24,4,28,245
07/19/2008,DLH,MN,AGL,CE,Combined TRACON& Tower with Radar,9,12,45,1,67,0,0,57,3,60,9,12,102,4,127,10,26,36,163
07/20/2008,DLH,MN,AGL,CE,Combined TRACON& Tower with Radar,6,13,26,12,57,0,0,25,3,28,6,13,51,15,85,8,30,38,123
07/21/2008,DLH,MN,AGL,CE,Combined TRACON& Tower with Radar,10,18,76,6,110,0,1,52,1,54,10,19,128,7,164,39,4,43,207
07/22/2008,DLH,MN,AGL,CE,Combined TRACON& Tower with Radar,10,13,52,24,99,0,0,142,8,150,10,13,194,32,249,38,10,48,297
07/23/2008,DLH,MN,AGL,CE,Combined TRACON& Tower with Radar,12,15,67,28,122,0,1,112,11,124,12,16,179,39,246,34,18,52,298
07/24/2008,DLH,MN,AGL,CE,Combined TRACON& Tower with Radar,13,14,75,19,121,0,0,78,4,82,13,14,153,23,203,34,0,34,237
07/25/2008,DLH,MN,AGL,CE,Combined TRACON& Tower with Radar,8,19,55,1,83,0,0,101,0,101,8,19,156,1,184,44,0,44,228
07/26/2008,DLH,MN,AGL,CE,Combined TRACON& Tower with Radar,8,11,36,6,61,0,2,96,1,99,8,13,132,7,160,76,0,76,236
07/27/2008,DLH,MN,AGL,CE,Combined TRACON& Tower with Radar,6,10,26,2,44,0,0,74,2,76,6,10,100,4,120,48,0,48,168
07/28/2008,DLH,MN,AGL,CE,Combined TRACON& Tower with Radar,11,8,42,21,82,0,1,146,7,154,11,9,188,28,236,73,19,92,328
07/29/2008,DLH,MN,AGL,CE,Combined TRACON& Tower with Radar,10,10,42,12,74,0,0,80,0,80,10,10,122,12,154,46,10,56,210
07/30/2008,DLH,MN,AGL,CE,Combined TRACON& Tower with Radar,13,12,44,2,71,0,10,118,8,136,13,22,162,10,207,34,0,34,241
07/31/2008,DLH,MN,AGL,CE,Combined TRACON& Tower with Radar,12,11,49,6,78,0,1,110,2,113,12,12,159,8,191,30,16,46,237
08/01/2008,DLH,MN,AGL,CE,Combined TRACON& Tower with Radar,8,20,36,27,91,0,1,119,0,120,8,21,155,27,211,18,12,30,241
08/02/2008,DLH,MN,AGL,CE,Combined TRACON& Tower with Radar,8,8,21,9,46,0,3,78,4,85,8,11,99,13,131,26,0,26,157
08/03/2008,DLH,MN,AGL,CE,Combined TRACON& Tower with Radar,3,3,26,10,42,0,0,55,0,55,3,3,81,10,97,18,6,24,121
08/04/2008,DLH,MN,AGL,CE,Combined TRACON& Tower with Radar,9,15,49,8,81,0,0,81,1,82,9,15,130,9,163,34,0,34,197
08/05/2008,DLH,MN,AGL,CE,Combined TRACON& Tower with Radar,8,8,45,11,72,0,0,109,0,109,8,8,154,11,181,20,2,22,203
08/06/2008,DLH,MN,AGL,CE,Combined TRACON& Tower with Radar,15,10,44,14,83,0,1,123,4,128,15,11,167,18,211,82,12,94,305
08/07/2008,DLH,MN,AGL,CE,Combined TRACON& Tower with Radar,13,9,39,23,84,0,3,113,2,118,13,12,152,25,202,50,28,78,280
08/08/2008,DLH,MN,AGL,CE,Combined TRACON& Tower with Radar,8,15,32,15,70,0,0,118,0,118,8,15,150,15,188,72,12,84,272
08/09/2008,DLH,MN,AGL,CE,Combined TRACON& Tower with Radar,14,8,29,3,54,0,1,82,7,90,14,9,111,10,144,24,4,28,172
08/10/2008,DLH,MN,AGL,CE,Combined TRACON& Tower with Radar,12,4,35,2,53,0,3,88,0,91,12,7,123,2,144,28,0,28,172
08/11/2008,DLH,MN,AGL,CE,Combined TRACON& Tower with Radar,12,16,39,19,86,0,0,85,6,91,12,16,124,25,177,55,6,61,238
08/12/2008,DLH,MN,AGL,CE,Combined TRACON& Tower with Radar,13,12,55,7,87,0,0,34,0,34,13,12,89,7,121,32,0,32,153
08/13/2008,DLH,MN,AGL,CE,Combined TRACON& Tower with Radar,12,13,61,11,97,0,0,104,0,104,12,13,165,11,201,26,4,30,231
08/14/2008,DLH,MN,AGL,CE,Combined TRACON& Tower with Radar,9,13,52,8,82,0,1,99,8,108,9,14,151,16,190,39,6,45,235
08/15/2008,DLH,MN,AGL,CE,Combined TRACON& Tower with Radar,12,17,45,20,94,0,14,145,5,164,12,31,190,25,258,0,0,0,258
08/16/2008,DLH,MN,AGL,CE,Combined TRACON& Tower with Radar,12,21,27,1,61,0,0,281,6,287,12,21,308,7,348,0,0,0,348
08/17/2008,DLH,MN,AGL,CE,Combined TRACON& Tower with Radar,13,8,29,1,51,0,1,62,4,67,13,9,91,5,118,36,0,36,154
08/18/2008,DLH,MN,AGL,CE,Combined TRACON& Tower with Radar,12,13,57,7,89,0,2,103,0,105,12,15,160,7,194,52,0,52,246
08/19/2008,DLH,MN,AGL,CE,Combined TRACON& Tower with Radar,10,9,39,31,89,0,2,84,5,91,10,11,123,36,180,58,28,86,266
08/20/2008,DLH,MN,AGL,CE,Combined TRACON& Tower with Radar,8,13,60,30,111,0,0,56,2,58,8,13,116,32,169,18,36,54,223
08/21/2008,DLH,MN,AGL,CE,Combined TRACON& Tower with Radar,9,15,50,31,105,0,0,79,2,81,9,15,129,33,186,44,29,73,259
08/22/2008,DLH,MN,AGL,CE,Combined TRACON& Tower with Radar,10,18,84,6,118,0,0,55,0,55,10,18,139,6,173,24,0,24,197
08/23/2008,DLH,MN,AGL,CE,Combined TRACON& Tower with Radar,5,11,28,10,54,0,0,47,6,53,5,11,75,16,107,20,8,28,135
08/24/2008,DLH,MN,AGL,CE,Combined TRACON& Tower with Radar,7,9,26,1,43,0,0,55,0,55,7,9,81,1,98,12,0,12,110
08/25/2008,DLH,MN,AGL,CE,Combined TRACON& Tower with Radar,7,12,29,15,63,0,0,69,2,71,7,12,98,17,134,42,10,52,186
08/26/2008,DLH,MN,AGL,CE,Combined TRACON& Tower with Radar,5,12,58,18,93,0,0,100,19,119,5,12,158,37,212,74,56,130,342
08/27/2008,DLH,MN,AGL,CE,Combined TRACON& Tower with Radar,13,17,61,13,104,0,0,82,5,87,13,17,143,18,191,32,46,78,269
08/28/2008,DLH,MN,AGL,CE,Combined TRACON& Tower with Radar,19,12,50,0,81,0,0,77,2,79,19,12,127,2,160,50,0,50,210
08/29/2008,DLH,MN,AGL,CE,Combined TRACON& Tower with Radar,12,9,27,3,51,0,0,86,4,90,12,9,113,7,141,6,0,6,147
08/30/2008,DLH,MN,AGL,CE,Combined TRACON& Tower with Radar,10,10,36,0,56,0,1,62,6,69,10,11,98,6,125,32,1,33,158
08/31/2008,DLH,MN,AGL,CE,Combined TRACON& Tower with Radar,6,2,19,0,27,0,1,25,5,31,6,3,44,5,58,4,0,4,62
09/01/2008,DLH,MN,AGL,CE,Combined TRACON& Tower with Radar,7,12,16,4,39,0,0,20,0,20,7,12,36,4,59,8,0,8,67
09/02/2008,DLH,MN,AGL,CE,Combined TRACON& Tower with Radar,3,9,30,2,44,0,0,10,0,10,3,9,40,2,54,4,0,4,58
09/03/2008,DLH,MN,AGL,CE,Combined TRACON& Tower with Radar,17,11,43,12,83,0,4,62,2,68,17,15,105,14,151,84,6,90,241
09/04/2008,DLH,MN,AGL,CE,Combined TRACON& Tower with Radar,15,15,93,4,127,0,2,85,0,87,15,17,178,4,214,60,0,60,274
09/05/2008,DLH,MN,AGL,CE,Combined TRACON& Tower with Radar,16,16,65,9,106,0,0,53,0,53,16,16,118,9,159,50,0,50,209
09/06/2008,DLH,MN,AGL,CE,Combined TRACON& Tower with Radar,8,14,38,2,62,0,0,32,2,34,8,14,70,4,96,20,0,20,116
09/07/2008,DLH,MN,AGL,CE,Combined TRACON& Tower with Radar,4,13,23,2,42,0,1,20,2,23,4,14,43,4,65,6,0,6,71
09/08/2008,DLH,MN,AGL,CE,Combined TRACON& Tower with Radar,9,9,37,2,57,0,56,0,0,56,9,65,37,2,113,83,1,84,197
09/09/2008,DLH,MN,AGL,CE,Combined TRACON& Tower with Radar,13,17,33,11,74,0,2,70,4,76,13,19,103,15,150,64,22,86,236
09/10/2008,DLH,MN,AGL,CE,Combined TRACON& Tower with Radar,14,13,58,14,99,0,1,108,2,111,14,14,166,16,210,74,12,86,296
09/11/2008,DLH,MN,AGL,CE,Combined TRACON& Tower with Radar,9,15,56,0,80,0,0,3,1,4,9,15,59,1,84,2,0,2,86
09/12/2008,DLH,MN,AGL,CE,Combined TRACON& Tower with Radar,14,16,32,3,65,0,2,104,1,107,14,18,136,4,172,42,0,42,214
09/13/2008,DLH,MN,AGL,CE,Combined TRACON& Tower with Radar,4,16,32,3,55,0,0,26,0,26,4,16,58,3,81,4,0,4,85
09/14/2008,DLH,MN,AGL,CE,Combined TRACON& Tower with Radar,6,19,28,4,57,0,0,0,0,0,6,19,28,4,57,0,0,0,57
09/15/2008,DLH,MN,AGL,CE,Combined TRACON& Tower with Radar,14,12,41,0,67,0,2,85,1,88,14,14,126,1,155,12,3,15,170
09/16/2008,DLH,MN,AGL,CE,Combined TRACON& Tower with Radar,14,16,50,10,90,0,0,113,3,116,14,16,163,13,206,84,10,94,300
09/17/2008,DLH,MN,AGL,CE,Combined TRACON& Tower with Radar,14,10,44,19,87,0,1,120,2,123,14,11,164,21,210,87,24,111,321
09/18/2008,DLH,MN,AGL,CE,Combined TRACON& Tower with Radar,12,14,46,20,92,0,0,133,7,140,12,14,179,27,232,48,30,78,310
09/19/2008,DLH,MN,AGL,CE,Combined TRACON& Tower with Radar,9,14,26,5,54,0,4,61,1,66,9,18,87,6,120,34,2,36,156
09/20/2008,DLH,MN,AGL,CE,Combined TRACON& Tower with Radar,11,18,40,0,69,0,0,88,2,90,11,18,128,2,159,58,0,58,217
09/21/2008,DLH,MN,AGL,CE,Combined TRACON& Tower with Radar,4,11,29,0,44,0,2,38,0,40,4,13,67,0,84,26,0,26,110
09/22/2008,DLH,MN,AGL,CE,Combined TRACON& Tower with Radar,12,17,55,8,92,0,0,42,6,48,12,17,97,14,140,62,8,70,210
09/23/2008,DLH,MN,AGL,CE,Combined TRACON& Tower with Radar,15,11,54,10,90,0,1,57,4,62,15,12,111,14,152,26,20,46,198
09/24/2008,DLH,MN,AGL,CE,Combined TRACON& Tower with Radar,19,13,51,29,112,0,3,105,6,114,19,16,156,35,226,90,68,158,384
09/25/2008,DLH,MN,AGL,CE,Combined TRACON& Tower with Radar,9,10,40,15,74,0,0,86,0,86,9,10,126,15,160,68,10,78,238
09/26/2008,DLH,MN,AGL,CE,Combined TRACON& Tower with Radar,5,10,38,7,60,0,0,81,0,81,5,10,119,7,141,18,0,18,159
09/27/2008,DLH,MN,AGL,CE,Combined TRACON& Tower with Radar,6,13,35,1,55,0,2,29,0,31,6,15,64,1,86,6,0,6,92
09/28/2008,DLH,MN,AGL,CE,Combined TRACON& Tower with Radar,8,5,30,1,44,0,0,19,0,19,8,5,49,1,63,19,0,19,82
09/29/2008,DLH,MN,AGL,CE,Combined TRACON& Tower with Radar,16,12,56,12,96,0,1,70,1,72,16,13,126,13,168,58,0,58,226
09/30/2008,DLH,MN,AGL,CE,Combined TRACON& Tower with Radar,15,14,80,30,139,0,2,97,7,106,15,16,177,37,245,56,34,90,335
10/01/2008,DLH,MN,AGL,CE,Combined TRACON& Tower with Radar,9,11,73,24,117,0,0,76,3,79,9,11,149,27,196,32,56,88,284
10/02/2008,DLH,MN,AGL,CE,Combined TRACON& Tower with Radar,7,15,70,36,128,0,0,119,2,121,7,15,189,38,249,100,82,182,431
10/03/2008,DLH,MN,AGL,CE,Combined TRACON& Tower with Radar,13,10,50,20,93,0,6,135,10,151,13,16,185,30,244,74,8,82,326
10/04/2008,DLH,MN,AGL,CE,Combined TRACON& Tower with Radar,9,11,31,9,60,0,1,84,2,87,9,12,115,11,147,34,0,34,181
10/05/2008,DLH,MN,AGL,CE,Combined TRACON& Tower with Radar,13,4,38,0,55,0,1,43,0,44,13,5,81,0,99,32,0,32,131
10/06/2008,DLH,MN,AGL,CE,Combined TRACON& Tower with Radar,15,19,49,0,83,0,0,0,0,0,15,19,49,0,83,0,0,0,83
10/07/2008,DLH,MN,AGL,CE,Combined TRACON& Tower with Radar,9,14,47,0,70,0,0,10,0,10,9,14,57,0,80,4,0,4,84
10/08/2008,DLH,MN,AGL,CE,Combined TRACON& Tower with Radar,9,14,47,18,88,0,0,95,2,97,9,14,142,20,185,18,18,36,221
10/09/2008,DLH,MN,AGL,CE,Combined TRACON& Tower with Radar,10,13,34,10,67,0,0,73,0,73,10,13,107,10,140,42,17,59,199
10/10/2008,DLH,MN,AGL,CE,Combined TRACON& Tower with Radar,12,21,62,14,109,0,4,65,2,71,12,25,127,16,180,76,0,76,256
10/11/2008,DLH,MN,AGL,CE,Combined TRACON& Tower with Radar,12,10,21,0,43,0,0,66,2,68,12,10,87,2,111,70,0,70,181
10/12/2008,DLH,MN,AGL,CE,Combined TRACON& Tower with Radar,11,13,36,0,60,0,0,0,0,0,11,13,36,0,60,0,0,0,60
10/13/2008,DLH,MN,AGL,CE,Combined TRACON& Tower with Radar,12,15,38,0,65,0,0,11,0,11,12,15,49,0,76,4,0,4,80
10/14/2008,DLH,MN,AGL,CE,Combined TRACON& Tower with Radar,11,12,39,2,64,0,0,129,6,135,11,12,168,8,199,48,30,78,277
10/15/2008,DLH,MN,AGL,CE,Combined TRACON& Tower with Radar,9,19,72,16,116,0,2,112,1,115,9,21,184,17,231,63,26,89,320
10/16/2008,DLH,MN,AGL,CE,Combined TRACON& Tower with Radar,12,13,47,22,94,0,1,101,4,106,12,14,148,26,200,74,18,92,292
10/17/2008,DLH,MN,AGL,CE,Combined TRACON& Tower with Radar,13,14,46,15,88,0,1,101,1,103,13,15,147,16,191,92,10,102,293
10/18/2008,DLH,MN,AGL,CE,Combined TRACON& Tower with Radar,7,11,25,2,45,0,2,84,2,88,7,13,109,4,133,16,2,18,151
10/19/2008,DLH,MN,AGL,CE,Combined TRACON& Tower with Radar,3,11,38,1,53,0,0,31,1,32,3,11,69,2,85,0,0,0,85
10/20/2008,DLH,MN,AGL,CE,Combined TRACON& Tower with Radar,5,11,22,14,52,0,2,66,0,68,5,13,88,14,120,48,6,54,174
10/21/2008,DLH,MN,AGL,CE,Combined TRACON& Tower with Radar,10,17,35,19,81,0,0,59,0,59,10,17,94,19,140,26,22,48,188
10/22/2008,DLH,MN,AGL,CE,Combined TRACON& Tower with Radar,15,12,30,17,74,0,0,84,2,86,15,12,114,19,160,68,8,76,236
10/23/2008,DLH,MN,AGL,CE,Combined TRACON& Tower with Radar,12,20,42,36,110,0,4,99,0,103,12,24,141,36,213,76,42,118,331
10/24/2008,DLH,MN,AGL,CE,Combined TRACON& Tower with Radar,14,17,23,0,54,0,0,0,0,0,14,17,23,0,54,0,0,0,54
10/25/2008,DLH,MN,AGL,CE,Combined TRACON& Tower with Radar,13,9,29,0,51,0,0,69,2,71,13,9,98,2,122,28,0,28,150
10/26/2008,DLH,MN,AGL,CE,Combined TRACON& Tower with Radar,3,12,18,0,33,0,0,0,0,0,3,12,18,0,33,0,0,0,33
10/27/2008,DLH,MN,AGL,CE,Combined TRACON& Tower with Radar,11,9,19,21,60,0,0,67,0,67,11,9,86,21,127,74,0,74,201
10/28/2008,DLH,MN,AGL,CE,Combined TRACON& Tower with Radar,14,15,37,39,105,0,3,92,9,104,14,18,129,48,209,36,48,84,293
10/29/2008,DLH,MN,AGL,CE,Combined TRACON& Tower with Radar,12,13,26,14,65,0,1,92,1,94,12,14,118,15,159,90,12,102,261
10/30/2008,DLH,MN,AGL,CE,Combined TRACON& Tower with Radar,15,13,37,25,90,0,5,83,11,99,15,18,120,36,189,50,36,86,275
10/31/2008,DLH,MN,AGL,CE,Combined TRACON& Tower with Radar,13,15,26,20,74,0,2,100,6,108,13,17,126,26,182,42,16,58,240
11/01/2008,DLH,MN,AGL,CE,Combined TRACON& Tower with Radar,4,18,11,17,50,0,2,50,2,54,4,20,61,19,104,16,26,42,146
11/02/2008,DLH,MN,AGL,CE,Combined TRACON& Tower with Radar,6,4,16,0,26,0,0,21,1,22,6,4,37,1,48,32,0,32,80
11/03/2008,DLH,MN,AGL,CE,Combined TRACON& Tower with Radar,7,7,9,0,23,0,0,0,0,0,7,7,9,0,23,0,0,0,23
11/04/2008,DLH,MN,AGL,CE,Combined TRACON& Tower with Radar,11,13,38,29,91,0,3,67,9,79,11,16,105,38,170,70,22,92,262
11/05/2008,DLH,MN,AGL,CE,Combined TRACON& Tower with Radar,14,13,39,14,80,0,0,25,4,29,14,13,64,18,109,28,4,32,141
11/06/2008,DLH,MN,AGL,CE,Combined TRACON& Tower with Radar,13,11,19,12,55,0,0,38,0,38,13,11,57,12,93,52,0,52,145
11/07/2008,DLH,MN,AGL,CE,Combined TRACON& Tower with Radar,9,13,19,0,41,0,0,17,0,17,9,13,36,0,58,28,0,28,86
11/08/2008,DLH,MN,AGL,CE,Combined TRACON& Tower with Radar,9,9,10,0,28,0,0,2,0,2,9,9,12,0,30,0,0,0,30
11/09/2008,DLH,MN,AGL,CE,Combined TRACON& Tower with Radar,9,4,8,0,21,0,0,12,0,12,9,4,20,0,33,0,0,0,33
11/10/2008,DLH,MN,AGL,CE,Combined TRACON& Tower with Radar,13,12,39,2,66,0,3,93,0,96,13,15,132,2,162,144,0,144,306
11/11/2008,DLH,MN,AGL,CE,Combined TRACON& Tower with Radar,14,13,26,0,53,0,1,82,0,83,14,14,108,0,136,82,0,82,218
11/12/2008,DLH,MN,AGL,CE,Combined TRACON& Tower with Radar,13,12,13,0,38,0,0,0,0,0,13,12,13,0,38,0,0,0,38
11/13/2008,DLH,MN,AGL,CE,Combined TRACON& Tower with Radar,10,13,19,7,49,0,0,2,0,2,10,13,21,7,51,0,0,0,51
11/14/2008,DLH,MN,AGL,CE,Combined TRACON& Tower with Radar,14,36,29,17,96,0,4,23,0,27,14,40,52,17,123,50,28,78,201
11/15/2008,DLH,MN,AGL,CE,Combined TRACON& Tower with Radar,13,13,14,0,40,0,1,57,1,59,13,14,71,1,99,24,0,24,123
11/16/2008,DLH,MN,AGL,CE,Combined TRACON& Tower with Radar,12,8,24,0,44,0,0,26,0,26,12,8,50,0,70,8,0,8,78
11/17/2008,DLH,MN,AGL,CE,Combined TRACON& Tower with Radar,14,9,22,8,53,0,0,29,0,29,14,9,51,8,82,18,0,18,100
11/18/2008,DLH,MN,AGL,CE,Combined TRACON& Tower with Radar,16,13,33,27,89,0,2,99,23,124,16,15,132,50,213,112,54,166,379
11/19/2008,DLH,MN,AGL,CE,Combined TRACON& Tower with Radar,11,16,35,12,74,0,0,29,1,30,11,16,64,13,104,19,2,21,125
11/20/2008,DLH,MN,AGL,CE,Combined TRACON& Tower with Radar,9,13,49,7,78,0,1,46,2,49,9,14,95,9,127,4,52,56,183
11/21/2008,DLH,MN,AGL,CE,Combined TRACON& Tower with Radar,10,17,41,2,70,0,0,65,0,65,10,17,106,2,135,116,6,122,257
11/22/2008,DLH,MN,AGL,CE,Combined TRACON& Tower with Radar,10,12,18,0,40,0,5,59,0,64,10,17,77,0,104,18,0,18,122
11/23/2008,DLH,MN,AGL,CE,Combined TRACON& Tower with Radar,7,5,6,0,18,0,0,0,0,0,7,5,6,0,18,0,0,0,18
11/24/2008,DLH,MN,AGL,CE,Combined TRACON& Tower with Radar,15,12,40,16,83,0,0,35,3,38,15,12,75,19,121,28,16,44,165
11/25/2008,DLH,MN,AGL,CE,Combined TRACON& Tower with Radar,12,10,24,16,62,0,0,77,12,89,12,10,101,28,151,89,37,126,277
11/26/2008,DLH,MN,AGL,CE,Combined TRACON& Tower with Radar,9,15,32,3,59,0,2,95,0,97,9,17,127,3,156,130,0,130,286
11/27/2008,DLH,MN,AGL,CE,Combined TRACON& Tower with Radar,1,6,2,4,13,0,0,4,0,4,1,6,6,4,17,0,0,0,17
11/28/2008,DLH,MN,AGL,CE,Combined TRACON& Tower with Radar,10,9,3,1,23,0,1,24,0,25,10,10,27,1,48,18,0,18,66
11/29/2008,DLH,MN,AGL,CE,Combined TRACON& Tower with Radar,10,10,3,1,24,0,0,0,0,0,10,10,3,1,24,18,0,18,42
11/30/2008,DLH,MN,AGL,CE,Combined TRACON& Tower with Radar,9,6,13,0,28,0,0,8,0,8,9,6,21,0,36,0,0,0,36
12/01/2008,DLH,MN,AGL,CE,Combined TRACON& Tower with Radar,12,11,17,3,43,0,0,49,1,50,12,11,66,4,93,102,0,102,195
12/02/2008,DLH,MN,AGL,CE,Combined TRACON& Tower with Radar,9,16,27,0,52,0,0,34,0,34,9,16,61,0,86,42,2,44,130
12/03/2008,DLH,MN,AGL,CE,Combined TRACON& Tower with Radar,8,15,21,10,54,0,0,51,9,60,8,15,72,19,114,106,16,122,236
12/04/2008,DLH,MN,AGL,CE,Combined TRACON& Tower with Radar,15,21,53,20,109,0,6,62,3,71,15,27,115,23,180,60,46,106,286
12/05/2008,DLH,MN,AGL,CE,Combined TRACON& Tower with Radar,13,13,42,13,81,0,2,40,8,50,13,15,82,21,131,56,20,76,207
12/06/2008,DLH,MN,AGL,CE,Combined TRACON& Tower with Radar,10,5,11,4,30,0,1,20,7,28,10,6,31,11,58,12,4,16,74
12/07/2008,DLH,MN,AGL,CE,Combined TRACON& Tower with Radar,12,11,11,2,36,0,0,5,0,5,12,11,16,2,41,0,0,0,41
12/08/2008,DLH,MN,AGL,CE,Combined TRACON& Tower with Radar,8,12,10,4,34,0,1,0,0,1,8,13,10,4,35,0,0,0,35
12/09/2008,DLH,MN,AGL,CE,Combined TRACON& Tower with Radar,8,13,20,25,66,0,0,44,9,53,8,13,64,34,119,66,34,100,219
12/10/2008,DLH,MN,AGL,CE,Combined TRACON& Tower with Radar,15,13,21,9,58,0,0,2,2,4,15,13,23,11,62,4,6,10,72
12/11/2008,DLH,MN,AGL,CE,Combined TRACON& Tower with Radar,13,16,48,30,107,0,56,14,0,70,13,72,62,30,177,44,30,74,251
12/12/2008,DLH,MN,AGL,CE,Combined TRACON& Tower with Radar,14,22,38,18,92,0,0,36,5,41,14,22,74,23,133,76,8,84,217
12/13/2008,DLH,MN,AGL,CE,Combined TRACON& Tower with Radar,13,12,13,0,38,0,0,0,0,0,13,12,13,0,38,0,0,0,38
12/14/2008,DLH,MN,AGL,CE,Combined TRACON& Tower with Radar,0,0,0,0,0,0,0,0,0,0,0,0,0,0,0,0,0,0,0
12/15/2008,DLH,MN,AGL,CE,Combined TRACON& Tower with Radar,9,8,14,3,34,0,0,20,8,28,9,8,34,11,62,2,0,2,64
12/16/2008,DLH,MN,AGL,CE,Combined TRACON& Tower with Radar,15,11,35,13,74,0,0,25,10,35,15,11,60,23,109,10,10,20,129
12/17/2008,DLH,MN,AGL,CE,Combined TRACON& Tower with Radar,12,16,31,18,77,0,5,55,11,71,12,21,86,29,148,62,46,108,256
12/18/2008,DLH,MN,AGL,CE,Combined TRACON& Tower with Radar,12,17,22,21,72,0,0,55,1,56,12,17,77,22,128,50,54,104,232
12/19/2008,DLH,MN,AGL,CE,Combined TRACON& Tower with Radar,9,12,15,0,36,0,1,0,0,1,9,13,15,0,37,0,0,0,37
12/20/2008,DLH,MN,AGL,CE,Combined TRACON& Tower with Radar,5,12,6,0,23,0,0,0,0,0,5,12,6,0,23,0,0,0,23
12/21/2008,DLH,MN,AGL,CE,Combined TRACON& Tower with Radar,5,9,8,0,22,0,0,5,0,5,5,9,13,0,27,0,0,0,27
12/22/2008,DLH,MN,AGL,CE,Combined TRACON& Tower with Radar,14,7,33,7,61,0,3,46,3,52,14,10,79,10,113,28,12,40,153
12/23/2008,DLH,MN,AGL,CE,Combined TRACON& Tower with Radar,8,13,20,0,41,0,1,2,0,3,8,14,22,0,44,0,0,0,44
12/24/2008,DLH,MN,AGL,CE,Combined TRACON& Tower with Radar,13,8,2,0,23,0,3,4,0,7,13,11,6,0,30,0,0,0,30
12/25/2008,DLH,MN,AGL,CE,Combined TRACON& Tower with Radar,9,6,0,0,15,0,2,8,0,10,9,8,8,0,25,0,0,0,25
12/26/2008,DLH,MN,AGL,CE,Combined TRACON& Tower with Radar,9,10,5,0,24,0,0,0,0,0,9,10,5,0,24,0,0,0,24
12/27/2008,DLH,MN,AGL,CE,Combined TRACON& Tower with Radar,6,20,4,0,30,0,0,0,0,0,6,20,4,0,30,0,0,0,30
12/28/2008,DLH,MN,AGL,CE,Combined TRACON& Tower with Radar,9,4,18,13,44,0,0,23,0,23,9,4,41,13,67,30,0,30,97
12/29/2008,DLH,MN,AGL,CE,Combined TRACON& Tower with Radar,14,8,24,5,51,0,2,31,20,53,14,10,55,25,104,0,19,19,123
12/30/2008,DLH,MN,AGL,CE,Combined TRACON& Tower with Radar,25,11,30,17,83,0,1,35,4,40,25,12,65,21,123,26,24,50,173
12/31/2008,DLH,MN,AGL,CE,Combined TRACON& Tower with Radar,14,13,39,0,66,0,3,62,0,65,14,16,101,0,131,18,0,18,149
01/01/2009,DLH,MN,AGL,CE,Combined TRACON& Tower with Radar,8,6,1,0,15,0,1,7,0,8,8,7,8,0,23,18,0,18,41
01/02/2009,DLH,MN,AGL,CE,Combined TRACON& Tower with Radar,10,18,13,1,42,0,1,17,0,18,10,19,30,1,60,8,0,8,68
01/03/2009,DLH,MN,AGL,CE,Combined TRACON& Tower with Radar,12,10,5,0,27,0,0,2,0,2,12,10,7,0,29,12,0,12,41
01/04/2009,DLH,MN,AGL,CE,Combined TRACON& Tower with Radar,12,8,9,0,29,0,0,19,0,19,12,8,28,0,48,12,0,12,60
01/05/2009,DLH,MN,AGL,CE,Combined TRACON& Tower with Radar,14,12,13,13,52,0,0,25,10,35,14,12,38,23,87,38,56,94,181
01/06/2009,DLH,MN,AGL,CE,Combined TRACON& Tower with Radar,15,13,29,21,78,0,1,58,10,69,15,14,87,31,147,30,28,58,205
01/07/2009,DLH,MN,AGL,CE,Combined TRACON& Tower with Radar,11,14,17,13,55,0,1,17,2,20,11,15,34,15,75,28,9,37,112
01/08/2009,DLH,MN,AGL,CE,Combined TRACON& Tower with Radar,8,15,19,22,64,0,0,40,21,61,8,15,59,43,125,18,56,74,199
01/09/2009,DLH,MN,AGL,CE,Combined TRACON& Tower with Radar,8,19,16,0,43,0,1,38,5,44,8,20,54,5,87,72,0,72,159
01/10/2009,DLH,MN,AGL,CE,Combined TRACON& Tower with Radar,10,13,35,15,73,0,1,63,23,87,10,14,98,38,160,86,32,118,278
01/11/2009,DLH,MN,AGL,CE,Combined TRACON& Tower with Radar,8,11,13,4,36,0,0,34,32,66,8,11,47,36,102,24,18,42,144
01/12/2009,DLH,MN,AGL,CE,Combined TRACON& Tower with Radar,23,14,21,6,64,0,0,30,5,35,23,14,51,11,99,28,8,36,135
01/13/2009,DLH,MN,AGL,CE,Combined TRACON& Tower with Radar,10,18,11,4,43,0,3,45,10,58,10,21,56,14,101,24,18,42,143
01/14/2009,DLH,MN,AGL,CE,Combined TRACON& Tower with Radar,9,16,11,24,60,0,0,28,4,32,9,16,39,28,92,4,54,58,150
01/15/2009,DLH,MN,AGL,CE,Combined TRACON& Tower with Radar,6,12,8,0,26,0,0,14,7,21,6,12,22,7,47,4,0,4,51
01/16/2009,DLH,MN,AGL,CE,Combined TRACON& Tower with Radar,15,20,26,0,61,0,0,40,9,49,15,20,66,9,110,16,0,16,126
01/17/2009,DLH,MN,AGL,CE,Combined TRACON& Tower with Radar,12,10,6,6,34,0,0,6,7,13,12,10,12,13,47,24,14,38,85
01/18/2009,DLH,MN,AGL,CE,Combined TRACON& Tower with Radar,10,11,16,1,38,0,0,27,4,31,10,11,43,5,69,26,0,26,95
01/19/2009,DLH,MN,AGL,CE,Combined TRACON& Tower with Radar,15,14,33,0,62,0,0,27,15,42,15,14,60,15,104,38,4,42,146
01/20/2009,DLH,MN,AGL,CE,Combined TRACON& Tower with Radar,9,14,21,8,52,0,0,53,1,54,9,14,74,9,106,92,8,100,206
01/21/2009,DLH,MN,AGL,CE,Combined TRACON& Tower with Radar,13,11,29,7,60,8,0,0,0,8,21,11,29,7,68,12,0,12,80
01/22/2009,DLH,MN,AGL,CE,Combined TRACON& Tower with Radar,13,16,16,6,51,0,0,0,0,0,13,16,16,6,51,0,0,0,51
01/23/2009,DLH,MN,AGL,CE,Combined TRACON& Tower with Radar,17,15,27,9,68,0,2,44,13,59,17,17,71,22,127,16,0,16,143
01/24/2009,DLH,MN,AGL,CE,Combined TRACON& Tower with Radar,8,11,11,4,34,0,0,30,7,37,8,11,41,11,71,48,4,52,123
01/25/2009,DLH,MN,AGL,CE,Combined TRACON& Tower with Radar,4,15,19,2,40,0,1,28,7,36,4,16,47,9,76,22,0,22,98
01/26/2009,DLH,MN,AGL,CE,Combined TRACON& Tower with Radar,9,10,11,6,36,0,4,58,8,70,9,14,69,14,106,92,10,102,208
01/27/2009,DLH,MN,AGL,CE,Combined TRACON& Tower with Radar,8,10,19,20,57,0,1,51,6,58,8,11,70,26,115,80,40,120,235
01/28/2009,DLH,MN,AGL,CE,Combined TRACON& Tower with Radar,15,17,35,8,75,0,0,57,21,78,15,17,92,29,153,64,4,68,221
01/29/2009,DLH,MN,AGL,CE,Combined TRACON& Tower with Radar,15,12,25,24,76,0,2,40,2,44,15,14,65,26,120,44,14,58,178
01/30/2009,DLH,MN,AGL,CE,Combined TRACON& Tower with Radar,18,14,21,2,55,0,0,80,6,86,18,14,101,8,141,78,0,78,219
01/31/2009,DLH,MN,AGL,CE,Combined TRACON& Tower with Radar,11,10,11,2,34,0,0,22,5,27,11,10,33,7,61,0,0,0,61
02/01/2009,DLH,MN,AGL,CE,Combined TRACON& Tower with Radar,5,8,6,1,20,0,0,10,4,14,5,8,16,5,34,0,0,0,34
02/02/2009,DLH,MN,AGL,CE,Combined TRACON& Tower with Radar,10,10,26,3,49,0,0,42,0,42,10,10,68,3,91,112,0,112,203
02/03/2009,DLH,MN,AGL,CE,Combined TRACON& Tower with Radar,15,14,31,24,84,0,3,85,11,99,15,17,116,35,183,133,90,223,406
02/04/2009,DLH,MN,AGL,CE,Combined TRACON& Tower with Radar,13,16,27,2,58,0,0,78,5,83,13,16,105,7,141,98,10,108,249
02/05/2009,DLH,MN,AGL,CE,Combined TRACON& Tower with Radar,16,16,28,49,109,0,0,124,21,145,16,16,152,70,254,78,106,184,438
02/06/2009,DLH,MN,AGL,CE,Combined TRACON& Tower with Radar,9,15,18,8,50,0,0,67,1,68,9,15,85,9,118,102,35,137,255
02/07/2009,DLH,MN,AGL,CE,Combined TRACON& Tower with Radar,6,8,15,6,35,0,0,31,0,31,6,8,46,6,66,34,2,36,102
02/08/2009,DLH,MN,AGL,CE,Combined TRACON& Tower with Radar,4,11,13,3,31,0,17,50,0,67,4,28,63,3,98,44,5,49,147
02/09/2009,DLH,MN,AGL,CE,Combined TRACON& Tower with Radar,14,10,6,0,30,0,0,0,0,0,14,10,6,0,30,0,0,0,30
02/10/2009,DLH,MN,AGL,CE,Combined TRACON& Tower with Radar,12,14,16,0,42,0,0,0,0,0,12,14,16,0,42,0,0,0,42
02/11/2009,DLH,MN,AGL,CE,Combined TRACON& Tower with Radar,11,11,12,1,35,0,0,0,0,0,11,11,12,1,35,0,0,0,35
02/12/2009,DLH,MN,AGL,CE,Combined TRACON& Tower with Radar,16,15,26,24,81,0,0,65,0,65,16,15,91,24,146,150,34,184,330
02/13/2009,DLH,MN,AGL,CE,Combined TRACON& Tower with Radar,9,16,28,9,62,0,4,71,1,76,9,20,99,10,138,102,6,108,246
02/14/2009,DLH,MN,AGL,CE,Combined TRACON& Tower with Radar,7,13,14,0,34,0,1,18,0,19,7,14,32,0,53,90,0,90,143
02/15/2009,DLH,MN,AGL,CE,Combined TRACON& Tower with Radar,11,11,20,0,42,0,0,35,0,35,11,11,55,0,77,30,0,30,107
02/16/2009,DLH,MN,AGL,CE,Combined TRACON& Tower with Radar,16,13,19,0,48,0,0,56,2,58,16,13,75,2,106,92,0,92,198
02/17/2009,DLH,MN,AGL,CE,Combined TRACON& Tower with Radar,13,21,27,0,61,0,0,57,0,57,13,21,84,0,118,96,0,96,214
02/18/2009,DLH,MN,AGL,CE,Combined TRACON& Tower with Radar,15,16,27,10,68,0,2,92,2,96,15,18,119,12,164,72,28,100,264
02/19/2009,DLH,MN,AGL,CE,Combined TRACON& Tower with Radar,10,10,30,21,71,0,0,94,7,101,10,10,124,28,172,86,40,126,298
02/20/2009,DLH,MN,AGL,CE,Combined TRACON& Tower with Radar,21,14,21,9,65,0,0,60,2,62,21,14,81,11,127,96,0,96,223
02/21/2009,DLH,MN,AGL,CE,Combined TRACON& Tower with Radar,11,11,19,7,48,0,0,14,1,15,11,11,33,8,63,6,6,12,75
02/22/2009,DLH,MN,AGL,CE,Combined TRACON& Tower with Radar,14,10,14,5,43,0,6,34,2,42,14,16,48,7,85,52,4,56,141
02/23/2009,DLH,MN,AGL,CE,Combined TRACON& Tower with Radar,18,14,19,19,70,0,0,75,12,87,18,14,94,31,157,76,32,108,265
02/24/2009,DLH,MN,AGL,CE,Combined TRACON& Tower with Radar,13,19,23,23,78,0,2,85,4,91,13,21,108,27,169,74,46,120,289
02/25/2009,DLH,MN,AGL,CE,Combined TRACON& Tower with Radar,9,10,19,12,50,0,3,24,0,27,9,13,43,12,77,30,32,62,139
02/26/2009,DLH,MN,AGL,CE,Combined TRACON& Tower with Radar,5,12,10,0,27,0,0,0,0,0,5,12,10,0,27,0,0,0,27
02/27/2009,DLH,MN,AGL,CE,Combined TRACON& Tower with Radar,9,13,21,10,53,0,0,77,0,77,9,13,98,10,130,116,4,120,250
02/28/2009,DLH,MN,AGL,CE,Combined TRACON& Tower with Radar,10,12,22,1,45,0,4,45,4,53,10,16,67,5,98,22,2,24,122
03/01/2009,DLH,MN,AGL,CE,Combined TRACON& Tower with Radar,10,12,12,2,36,0,0,39,6,45,10,12,51,8,81,22,2,24,105
03/02/2009,DLH,MN,AGL,CE,Combined TRACON& Tower with Radar,14,10,17,11,52,0,2,57,8,67,14,12,74,19,119,54,28,82,201
03/03/2009,DLH,MN,AGL,CE,Combined TRACON& Tower with Radar,9,14,12,52,87,0,0,82,12,94,9,14,94,64,181,58,124,182,363
03/04/2009,DLH,MN,AGL,CE,Combined TRACON& Tower with Radar,9,12,19,27,67,0,0,58,6,64,9,12,77,33,131,87,36,123,254
03/05/2009,DLH,MN,AGL,CE,Combined TRACON& Tower with Radar,9,15,25,14,63,0,3,45,4,52,9,18,70,18,115,34,0,34,149
03/06/2009,DLH,MN,AGL,CE,Combined TRACON& Tower with Radar,14,19,28,7,68,0,0,54,8,62,14,19,82,15,130,70,4,74,204
03/07/2009,DLH,MN,AGL,CE,Combined TRACON& Tower with Radar,13,11,20,4,48,0,0,66,7,73,13,11,86,11,121,84,4,88,209
03/08/2009,DLH,MN,AGL,CE,Combined TRACON& Tower with Radar,14,8,15,0,37,0,0,23,0,23,14,8,38,0,60,0,0,0,60
03/09/2009,DLH,MN,AGL,CE,Combined TRACON& Tower with Radar,11,12,19,11,53,0,0,35,1,36,11,12,54,12,89,52,24,76,165
03/10/2009,DLH,MN,AGL,CE,Combined TRACON& Tower with Radar,6,11,1,0,18,0,0,2,0,2,6,11,3,0,20,0,0,0,20
03/11/2009,DLH,MN,AGL,CE,Combined TRACON& Tower with Radar,8,13,8,21,50,0,4,22,9,35,8,17,30,30,85,22,16,38,123
03/12/2009,DLH,MN,AGL,CE,Combined TRACON& Tower with Radar,14,15,25,13,67,0,5,59,13,77,14,20,84,26,144,46,26,72,216
03/13/2009,DLH,MN,AGL,CE,Combined TRACON& Tower with Radar,19,16,18,4,57,0,1,72,2,75,19,17,90,6,132,80,8,88,220
03/14/2009,DLH,MN,AGL,CE,Combined TRACON& Tower with Radar,11,16,19,1,47,0,2,50,19,71,11,18,69,20,118,28,6,34,152
03/15/2009,DLH,MN,AGL,CE,Combined TRACON& Tower with Radar,7,8,9,1,25,0,0,44,7,51,7,8,53,8,76,60,0,60,136
03/16/2009,DLH,MN,AGL,CE,Combined TRACON& Tower with Radar,10,11,22,6,49,0,2,72,3,77,10,13,94,9,126,42,6,48,174
03/17/2009,DLH,MN,AGL,CE,Combined TRACON& Tower with Radar,11,12,28,46,97,0,1,67,9,77,11,13,95,55,174,88,58,146,320
03/18/2009,DLH,MN,AGL,CE,Combined TRACON& Tower with Radar,12,13,19,26,70,0,0,57,25,82,12,13,76,51,152,22,76,98,250
03/19/2009,DLH,MN,AGL,CE,Combined TRACON& Tower with Radar,10,11,17,22,60,0,3,82,17,102,10,14,99,39,162,110,40,150,312
03/20/2009,DLH,MN,AGL,CE,Combined TRACON& Tower with Radar,14,13,17,6,50,0,1,36,2,39,14,14,53,8,89,36,0,36,125
03/21/2009,DLH,MN,AGL,CE,Combined TRACON& Tower with Radar,7,10,25,8,50,0,3,5,0,8,7,13,30,8,58,0,0,0,58
03/22/2009,DLH,MN,AGL,CE,Combined TRACON& Tower with Radar,6,10,16,0,32,0,0,1,0,1,6,10,17,0,33,0,0,0,33
03/23/2009,DLH,MN,AGL,CE,Combined TRACON& Tower with Radar,9,9,4,0,22,0,0,0,0,0,9,9,4,0,22,0,0,0,22
03/24/2009,DLH,MN,AGL,CE,Combined TRACON& Tower with Radar,15,17,32,17,81,0,0,1,0,1,15,17,33,17,82,0,8,8,90
03/25/2009,DLH,MN,AGL,CE,Combined TRACON& Tower with Radar,12,13,9,16,50,0,0,4,3,7,12,13,13,19,57,0,22,22,79
03/26/2009,DLH,MN,AGL,CE,Combined TRACON& Tower with Radar,9,16,31,11,67,0,0,41,8,49,9,16,72,19,116,60,0,60,176
03/27/2009,DLH,MN,AGL,CE,Combined TRACON& Tower with Radar,8,14,24,1,47,0,0,42,4,46,8,14,66,5,93,62,0,62,155
03/28/2009,DLH,MN,AGL,CE,Combined TRACON& Tower with Radar,3,11,13,1,28,0,1,8,4,13,3,12,21,5,41,0,0,0,41
03/29/2009,DLH,MN,AGL,CE,Combined TRACON& Tower with Radar,9,11,19,4,43,0,0,43,24,67,9,11,62,28,110,32,4,36,146
03/30/2009,DLH,MN,AGL,CE,Combined TRACON& Tower with Radar,15,18,32,24,89,0,3,103,31,137,15,21,135,55,226,118,36,154,380
03/31/2009,DLH,MN,AGL,CE,Combined TRACON& Tower with Radar,7,10,0,0,17,0,0,0,0,0,7,10,0,0,17,0,0,0,17
04/01/2009,DLH,MN,AGL,CE,Combined TRACON& Tower with Radar,10,8,12,0,30,0,0,6,2,8,10,8,18,2,38,0,4,4,42
04/02/2009,DLH,MN,AGL,CE,Combined TRACON& Tower with Radar,10,16,27,29,82,0,1,78,10,89,10,17,105,39,171,82,34,116,287
04/03/2009,DLH,MN,AGL,CE,Combined TRACON& Tower with Radar,11,18,27,12,68,0,1,65,0,66,11,19,92,12,134,98,0,98,232
04/04/2009,DLH,MN,AGL,CE,Combined TRACON& Tower with Radar,4,11,15,1,31,0,0,39,6,45,4,11,54,7,76,16,0,16,92
04/05/2009,DLH,MN,AGL,CE,Combined TRACON& Tower with Radar,9,11,8,1,29,0,2,19,0,21,9,13,27,1,50,0,0,0,50
04/06/2009,DLH,MN,AGL,CE,Combined TRACON& Tower with Radar,11,15,17,13,56,0,0,66,8,74,11,15,83,21,130,62,34,96,226
04/07/2009,DLH,MN,AGL,CE,Combined TRACON& Tower with Radar,9,18,28,20,75,0,8,101,15,124,9,26,129,35,199,88,56,144,343
04/08/2009,DLH,MN,AGL,CE,Combined TRACON& Tower with Radar,10,13,24,21,68,0,1,91,9,101,10,14,115,30,169,110,36,146,315
04/09/2009,DLH,MN,AGL,CE,Combined TRACON& Tower with Radar,10,12,23,36,81,0,0,87,17,104,10,12,110,53,185,64,58,122,307
04/10/2009,DLH,MN,AGL,CE,Combined TRACON& Tower with Radar,11,17,16,3,47,0,1,56,0,57,11,18,72,3,104,26,0,26,130
04/11/2009,DLH,MN,AGL,CE,Combined TRACON& Tower with Radar,7,16,13,1,37,0,3,77,0,80,7,19,90,1,117,68,0,68,185
04/12/2009,DLH,MN,AGL,CE,Combined TRACON& Tower with Radar,13,10,7,2,32,0,2,41,0,43,13,12,48,2,75,0,0,0,75
04/13/2009,DLH,MN,AGL,CE,Combined TRACON& Tower with Radar,13,10,23,12,58,0,5,58,2,65,13,15,81,14,123,58,8,66,189
04/14/2009,DLH,MN,AGL,CE,Combined TRACON& Tower with Radar,15,12,18,17,62,0,9,112,9,130,15,21,130,26,192,86,24,110,302
04/15/2009,DLH,MN,AGL,CE,Combined TRACON& Tower with Radar,7,12,34,10,63,0,1,81,8,90,7,13,115,18,153,56,9,65,218
04/16/2009,DLH,MN,AGL,CE,Combined TRACON& Tower with Radar,9,12,34,6,61,0,0,83,3,86,9,12,117,9,147,148,8,156,303
04/17/2009,DLH,MN,AGL,CE,Combined TRACON& Tower with Radar,11,13,21,1,46,0,0,78,4,82,11,13,99,5,128,28,0,28,156
04/18/2009,DLH,MN,AGL,CE,Combined TRACON& Tower with Radar,9,10,38,27,84,0,1,34,2,37,9,11,72,29,121,60,0,60,181
04/19/2009,DLH,MN,AGL,CE,Combined TRACON& Tower with Radar,8,5,4,0,17,0,0,0,0,0,8,5,4,0,17,0,0,0,17
04/20/2009,DLH,MN,AGL,CE,Combined TRACON& Tower with Radar,10,9,16,3,38,0,0,36,0,36,10,9,52,3,74,36,0,36,110
04/21/2009,DLH,MN,AGL,CE,Combined TRACON& Tower with Radar,9,9,19,8,45,0,3,50,5,58,9,12,69,13,103,12,8,20,123
04/22/2009,DLH,MN,AGL,CE,Combined TRACON& Tower with Radar,8,14,35,22,79,0,0,89,23,112,8,14,124,45,191,56,24,80,271
04/23/2009,DLH,MN,AGL,CE,Combined TRACON& Tower with Radar,10,16,24,9,59,0,1,89,0,90,10,17,113,9,149,40,20,60,209
04/24/2009,DLH,MN,AGL,CE,Combined TRACON& Tower with Radar,15,11,13,1,40,0,5,56,3,64,15,16,69,4,104,54,0,54,158
04/25/2009,DLH,MN,AGL,CE,Combined TRACON& Tower with Radar,6,12,4,3,25,0,2,44,3,49,6,14,48,6,74,46,0,46,120
04/26/2009,DLH,MN,AGL,CE,Combined TRACON& Tower with Radar,5,7,2,0,14,0,0,4,0,4,5,7,6,0,18,52,0,52,70
04/27/2009,DLH,MN,AGL,CE,Combined TRACON& Tower with Radar,8,7,22,14,51,0,0,23,3,26,8,7,45,17,77,16,4,20,97
04/28/2009,DLH,MN,AGL,CE,Combined TRACON& Tower with Radar,8,14,29,19,70,0,0,90,0,90,8,14,119,19,160,58,38,96,256
04/29/2009,DLH,MN,AGL,CE,Combined TRACON& Tower with Radar,8,12,36,0,56,0,27,44,1,72,8,39,80,1,128,64,0,64,192
04/30/2009,DLH,MN,AGL,CE,Combined TRACON& Tower with Radar,12,9,19,15,55,0,1,42,1,44,12,10,61,16,99,4,10,14,113
05/01/2009,DLH,MN,AGL,CE,Combined TRACON& Tower with Radar,12,12,31,15,70,0,3,102,6,111,12,15,133,21,181,40,28,68,249
05/02/2009,DLH,MN,AGL,CE,Combined TRACON& Tower with Radar,6,9,17,16,48,0,1,53,2,56,6,10,70,18,104,37,0,37,141
05/03/2009,DLH,MN,AGL,CE,Combined TRACON& Tower with Radar,5,10,17,2,34,0,2,48,0,50,5,12,65,2,84,20,0,20,104
05/04/2009,DLH,MN,AGL,CE,Combined TRACON& Tower with Radar,11,7,25,9,52,0,0,82,5,87,11,7,107,14,139,14,14,28,167
05/05/2009,DLH,MN,AGL,CE,Combined TRACON& Tower with Radar,8,16,19,14,57,0,0,42,0,42,8,16,61,14,99,18,20,38,137
05/06/2009,DLH,MN,AGL,CE,Combined TRACON& Tower with Radar,17,8,24,11,60,0,0,102,0,102,17,8,126,11,162,80,0,80,242
05/07/2009,DLH,MN,AGL,CE,Combined TRACON& Tower with Radar,11,16,42,27,96,0,0,73,0,73,11,16,115,27,169,60,46,106,275
05/08/2009,DLH,MN,AGL,CE,Combined TRACON& Tower with Radar,12,16,34,0,62,0,1,92,2,95,12,17,126,2,157,94,0,94,251
05/09/2009,DLH,MN,AGL,CE,Combined TRACON& Tower with Radar,5,14,16,2,37,0,1,10,1,12,5,15,26,3,49,0,0,0,49
05/10/2009,DLH,MN,AGL,CE,Combined TRACON& Tower with Radar,9,11,21,0,41,0,0,36,3,39,9,11,57,3,80,0,0,0,80
05/11/2009,DLH,MN,AGL,CE,Combined TRACON& Tower with Radar,13,11,26,4,54,0,3,83,3,89,13,14,109,7,143,72,14,86,229
05/12/2009,DLH,MN,AGL,CE,Combined TRACON& Tower with Radar,18,7,30,7,62,0,0,71,3,74,18,7,101,10,136,80,10,90,226
05/13/2009,DLH,MN,AGL,CE,Combined TRACON& Tower with Radar,13,10,25,3,51,0,1,20,1,22,13,11,45,4,73,18,18,36,109
05/14/2009,DLH,MN,AGL,CE,Combined TRACON& Tower with Radar,16,10,40,3,69,0,4,59,1,64,16,14,99,4,133,34,0,34,167
05/15/2009,DLH,MN,AGL,CE,Combined TRACON& Tower with Radar,12,11,33,27,83,0,2,55,1,58,12,13,88,28,141,60,8,68,209
05/16/2009,DLH,MN,AGL,CE,Combined TRACON& Tower with Radar,5,11,2,19,37,0,0,6,4,10,5,11,8,23,47,0,0,0,47
05/17/2009,DLH,MN,AGL,CE,Combined TRACON& Tower with Radar,11,4,15,4,34,0,2,43,1,46,11,6,58,5,80,6,0,6,86
05/18/2009,DLH,MN,AGL,CE,Combined TRACON& Tower with Radar,17,9,24,2,52,0,0,82,0,82,17,9,106,2,134,64,0,64,198
05/19/2009,DLH,MN,AGL,CE,Combined TRACON& Tower with Radar,14,15,27,15,71,0,1,93,6,100,14,16,120,21,171,78,22,100,271
05/20/2009,DLH,MN,AGL,CE,Combined TRACON& Tower with Radar,16,12,29,9,66,0,1,94,2,97,16,13,123,11,163,74,10,84,247
05/21/2009,DLH,MN,AGL,CE,Combined TRACON& Tower with Radar,13,11,41,32,97,0,0,94,8,102,13,11,135,40,199,58,54,112,311
05/22/2009,DLH,MN,AGL,CE,Combined TRACON& Tower with Radar,11,10,24,6,51,0,0,97,0,97,11,10,121,6,148,64,0,64,212
05/23/2009,DLH,MN,AGL,CE,Combined TRACON& Tower with Radar,8,10,25,0,43,0,2,59,0,61,8,12,84,0,104,28,0,28,132
05/24/2009,DLH,MN,AGL,CE,Combined TRACON& Tower with Radar,6,7,17,0,30,0,8,29,0,37,6,15,46,0,67,14,0,14,81
05/25/2009,DLH,MN,AGL,CE,Combined TRACON& Tower with Radar,13,7,11,2,33,0,0,43,0,43,13,7,54,2,76,26,0,26,102
05/26/2009,DLH,MN,AGL,CE,Combined TRACON& Tower with Radar,11,11,42,15,79,0,1,39,0,40,11,12,81,15,119,52,0,52,171
05/27/2009,DLH,MN,AGL,CE,Combined TRACON& Tower with Radar,12,17,42,25,96,0,0,57,9,66,12,17,99,34,162,36,30,66,228
05/28/2009,DLH,MN,AGL,CE,Combined TRACON& Tower with Radar,12,15,36,20,83,0,4,119,5,128,12,19,155,25,211,88,12,100,311
05/29/2009,DLH,MN,AGL,CE,Combined TRACON& Tower with Radar,13,7,33,13,66,0,1,64,3,68,13,8,97,16,134,16,14,30,164
05/30/2009,DLH,MN,AGL,CE,Combined TRACON& Tower with Radar,7,11,21,0,39,0,9,43,0,52,7,20,64,0,91,0,0,0,91
05/31/2009,DLH,MN,AGL,CE,Combined TRACON& Tower with Radar,10,3,20,0,33,0,3,22,0,25,10,6,42,0,58,24,0,24,82
06/01/2009,DLH,MN,AGL,CE,Combined TRACON& Tower with Radar,14,12,41,16,83,0,3,73,6,82,14,15,114,22,165,42,10,52,217
06/02/2009,DLH,MN,AGL,CE,Combined TRACON& Tower with Radar,12,15,29,42,98,0,3,75,19,97,12,18,104,61,195,46,66,112,307
06/03/2009,DLH,MN,AGL,CE,Combined TRACON& Tower with Radar,7,16,47,12,82,0,0,127,14,141,7,16,174,26,223,82,16,98,321
06/04/2009,DLH,MN,AGL,CE,Combined TRACON& Tower with Radar,4,18,46,19,87,0,1,84,2,87,4,19,130,21,174,14,28,42,216
06/05/2009,DLH,MN,AGL,CE,Combined TRACON& Tower with Radar,12,11,28,0,51,0,3,78,1,82,12,14,106,1,133,32,0,32,165
06/06/2009,DLH,MN,AGL,CE,Combined TRACON& Tower with Radar,2,14,14,0,30,0,0,53,0,53,2,14,67,0,83,30,0,30,113
06/07/2009,DLH,MN,AGL,CE,Combined TRACON& Tower with Radar,11,6,10,0,27,0,2,15,0,17,11,8,25,0,44,0,0,0,44
06/08/2009,DLH,MN,AGL,CE,Combined TRACON& Tower with Radar,13,15,21,0,49,0,0,4,0,4,13,15,25,0,53,0,0,0,53
06/09/2009,DLH,MN,AGL,CE,Combined TRACON& Tower with Radar,6,12,45,8,71,0,0,40,1,41,6,12,85,9,112,21,18,39,151
06/10/2009,DLH,MN,AGL,CE,Combined TRACON& Tower with Radar,3,18,34,2,57,0,1,91,2,94,3,19,125,4,151,80,0,80,231
06/11/2009,DLH,MN,AGL,CE,Combined TRACON& Tower with Radar,6,14,47,14,81,0,2,102,2,106,6,16,149,16,187,34,12,46,233
06/12/2009,DLH,MN,AGL,CE,Combined TRACON& Tower with Radar,10,15,45,16,86,0,3,97,6,106,10,18,142,22,192,42,10,52,244
06/13/2009,DLH,MN,AGL,CE,Combined TRACON& Tower with Radar,2,15,6,16,39,0,0,49,9,58,2,15,55,25,97,30,4,34,131
06/14/2009,DLH,MN,AGL,CE,Combined TRACON& Tower with Radar,8,13,16,0,37,0,8,48,1,57,8,21,64,1,94,8,0,8,102
06/15/2009,DLH,MN,AGL,CE,Combined TRACON& Tower with Radar,8,14,27,32,81,0,2,77,18,97,8,16,104,50,178,30,52,82,260
06/16/2009,DLH,MN,AGL,CE,Combined TRACON& Tower with Radar,4,19,28,26,77,0,2,56,6,64,4,21,84,32,141,15,66,81,222
06/17/2009,DLH,MN,AGL,CE,Combined TRACON& Tower with Radar,8,20,69,22,119,0,4,55,9,68,8,24,124,31,187,20,50,70,257
06/18/2009,DLH,MN,AGL,CE,Combined TRACON& Tower with Radar,7,16,50,14,87,0,0,34,1,35,7,16,84,15,122,2,20,22,144
06/19/2009,DLH,MN,AGL,CE,Combined TRACON& Tower with Radar,12,22,48,0,82,0,3,75,2,80,12,25,123,2,162,42,0,42,204
06/20/2009,DLH,MN,AGL,CE,Combined TRACON& Tower with Radar,6,17,22,0,45,0,2,44,3,49,6,19,66,3,94,14,0,14,108
06/21/2009,DLH,MN,AGL,CE,Combined TRACON& Tower with Radar,6,14,19,2,41,0,0,35,2,37,6,14,54,4,78,18,0,18,96
06/22/2009,DLH,MN,AGL,CE,Combined TRACON& Tower with Radar,6,14,28,0,48,0,0,19,0,19,6,14,47,0,67,6,0,6,73
06/23/2009,DLH,MN,AGL,CE,Combined TRACON& Tower with Radar,5,20,50,10,85,0,0,84,5,89,5,20,134,15,174,34,12,46,220
06/24/2009,DLH,MN,AGL,CE,Combined TRACON& Tower with Radar,4,16,75,17,112,0,4,119,13,136,4,20,194,30,248,50,20,70,318
06/25/2009,DLH,MN,AGL,CE,Combined TRACON& Tower with Radar,3,19,77,17,116,0,2,93,6,101,3,21,170,23,217,4,28,32,249
06/26/2009,DLH,MN,AGL,CE,Combined TRACON& Tower with Radar,5,12,61,6,84,0,3,153,4,160,5,15,214,10,244,77,8,85,329
06/27/2009,DLH,MN,AGL,CE,Combined TRACON& Tower with Radar,2,17,69,0,88,0,0,18,0,18,2,17,87,0,106,0,0,0,106
06/28/2009,DLH,MN,AGL,CE,Combined TRACON& Tower with Radar,6,11,95,2,114,0,1,73,1,75,6,12,168,3,189,0,0,0,189
06/29/2009,DLH,MN,AGL,CE,Combined TRACON& Tower with Radar,6,12,74,21,113,0,0,31,1,32,6,12,105,22,145,2,14,16,161
06/30/2009,DLH,MN,AGL,CE,Combined TRACON& Tower with Radar,9,18,79,5,111,0,0,5,0,5,9,18,84,5,116,8,0,8,124
07/01/2009,DLH,MN,AGL,CE,Combined TRACON& Tower with Radar,8,16,93,5,122,0,1,37,1,39,8,17,130,6,161,36,0,36,197
07/02/2009,DLH,MN,AGL,CE,Combined TRACON& Tower with Radar,10,15,60,2,87,0,0,39,0,39,10,15,99,2,126,8,0,8,134
07/03/2009,DLH,MN,AGL,CE,Combined TRACON& Tower with Radar,7,24,23,2,56,0,1,57,1,59,7,25,80,3,115,18,6,24,139
07/04/2009,DLH,MN,AGL,CE,Combined TRACON& Tower with Radar,6,11,11,0,28,0,3,32,5,40,6,14,43,5,68,14,0,14,82
07/05/2009,DLH,MN,AGL,CE,Combined TRACON& Tower with Radar,6,12,10,0,28,0,3,19,0,22,6,15,29,0,50,2,0,2,52
07/06/2009,DLH,MN,AGL,CE,Combined TRACON& Tower with Radar,13,9,34,4,60,0,7,85,2,94,13,16,119,6,154,26,8,34,188
07/07/2009,DLH,MN,AGL,CE,Combined TRACON& Tower with Radar,8,19,27,13,67,0,3,4,5,12,8,22,31,18,79,32,8,40,119
07/08/2009,DLH,MN,AGL,CE,Combined TRACON& Tower with Radar,11,15,39,28,93,0,3,81,0,84,11,18,120,28,177,71,10,81,258
07/09/2009,DLH,MN,AGL,CE,Combined TRACON& Tower with Radar,6,15,24,22,67,0,0,62,0,62,6,15,86,22,129,10,13,23,152
07/10/2009,DLH,MN,AGL,CE,Combined TRACON& Tower with Radar,10,19,27,14,70,0,1,83,1,85,10,20,110,15,155,28,6,34,189
07/11/2009,DLH,MN,AGL,CE,Combined TRACON& Tower with Radar,4,18,16,0,38,0,1,53,0,54,4,19,69,0,92,16,0,16,108
07/12/2009,DLH,MN,AGL,CE,Combined TRACON& Tower with Radar,10,9,17,0,36,0,3,60,0,63,10,12,77,0,99,8,0,8,107
07/13/2009,DLH,MN,AGL,CE,Combined TRACON& Tower with Radar,11,18,32,7,68,0,3,75,2,80,11,21,107,9,148,48,40,88,236
07/14/2009,DLH,MN,AGL,CE,Combined TRACON& Tower with Radar,5,12,25,3,45,0,1,22,4,27,5,13,47,7,72,0,0,0,72
07/15/2009,DLH,MN,AGL,CE,Combined TRACON& Tower with Radar,5,20,54,7,86,0,0,26,0,26,5,20,80,7,112,1,0,1,113
07/16/2009,DLH,MN,AGL,CE,Combined TRACON& Tower with Radar,5,21,26,28,80,0,0,33,5,38,5,21,59,33,118,32,17,49,167
07/17/2009,DLH,MN,AGL,CE,Combined TRACON& Tower with Radar,8,23,42,42,115,0,2,20,0,22,8,25,62,42,137,6,0,6,143
07/18/2009,DLH,MN,AGL,CE,Combined TRACON& Tower with Radar,4,22,37,37,100,0,0,41,13,54,4,22,78,50,154,9,18,27,181
07/19/2009,DLH,MN,AGL,CE,Combined TRACON& Tower with Radar,7,10,17,3,37,0,16,56,6,78,7,26,73,9,115,12,0,12,127
07/20/2009,DLH,MN,AGL,CE,Combined TRACON& Tower with Radar,8,18,33,0,59,0,0,66,0,66,8,18,99,0,125,16,0,16,141
07/21/2009,DLH,MN,AGL,CE,Combined TRACON& Tower with Radar,10,18,32,3,63,0,2,28,6,36,10,20,60,9,99,38,12,50,149
07/22/2009,DLH,MN,AGL,CE,Combined TRACON& Tower with Radar,6,19,34,10,69,0,1,69,7,77,6,20,103,17,146,36,10,46,192
07/23/2009,DLH,MN,AGL,CE,Combined TRACON& Tower with Radar,6,23,35,14,78,0,1,71,6,78,6,24,106,20,156,14,14,28,184
07/24/2009,DLH,MN,AGL,CE,Combined TRACON& Tower with Radar,7,23,27,16,73,0,0,66,2,68,7,23,93,18,141,10,6,16,157
07/25/2009,DLH,MN,AGL,CE,Combined TRACON& Tower with Radar,4,20,29,2,55,0,1,38,6,45,4,21,67,8,100,0,2,2,102
07/26/2009,DLH,MN,AGL,CE,Combined TRACON& Tower with Radar,8,12,36,16,72,0,0,55,5,60,8,12,91,21,132,24,16,40,172
07/27/2009,DLH,MN,AGL,CE,Combined TRACON& Tower with Radar,8,18,32,17,75,0,2,93,10,105,8,20,125,27,180,38,34,72,252
07/28/2009,DLH,MN,AGL,CE,Combined TRACON& Tower with Radar,6,16,28,20,70,0,4,40,1,45,6,20,68,21,115,12,8,20,135
07/29/2009,DLH,MN,AGL,CE,Combined TRACON& Tower with Radar,8,21,42,10,81,0,2,74,3,79,8,23,116,13,160,12,5,17,177
07/30/2009,DLH,MN,AGL,CE,Combined TRACON& Tower with Radar,6,16,42,14,78,0,8,41,2,51,6,24,83,16,129,50,8,58,187
07/31/2009,DLH,MN,AGL,CE,Combined TRACON& Tower with Radar,9,15,37,6,67,0,5,85,17,107,9,20,122,23,174,50,14,64,238
08/01/2009,DLH,MN,AGL,CE,Combined TRACON& Tower with Radar,5,16,14,5,40,0,1,0,0,1,5,17,14,5,41,0,0,0,41
08/02/2009,DLH,MN,AGL,CE,Combined TRACON& Tower with Radar,6,14,8,0,28,0,4,37,1,42,6,18,45,1,70,14,0,14,84
08/03/2009,DLH,MN,AGL,CE,Combined TRACON& Tower with Radar,8,16,44,14,82,0,0,44,0,44,8,16,88,14,126,10,19,29,155
08/04/2009,DLH,MN,AGL,CE,Combined TRACON& Tower with Radar,7,19,48,21,95,0,5,89,4,98,7,24,137,25,193,21,14,35,228
08/05/2009,DLH,MN,AGL,CE,Combined TRACON& Tower with Radar,6,24,33,14,77,0,1,84,7,92,6,25,117,21,169,71,7,78,247
08/06/2009,DLH,MN,AGL,CE,Combined TRACON& Tower with Radar,8,22,36,14,80,0,1,99,3,103,8,23,135,17,183,54,6,60,243
08/07/2009,DLH,MN,AGL,CE,Combined TRACON& Tower with Radar,13,16,37,4,70,0,0,83,1,84,13,16,120,5,154,66,2,68,222
08/08/2009,DLH,MN,AGL,CE,Combined TRACON& Tower with Radar,4,15,11,0,30,0,0,0,0,0,4,15,11,0,30,0,0,0,30
08/09/2009,DLH,MN,AGL,CE,Combined TRACON& Tower with Radar,5,12,24,0,41,0,0,38,0,38,5,12,62,0,79,12,0,12,91
08/10/2009,DLH,MN,AGL,CE,Combined TRACON& Tower with Radar,8,11,28,20,67,0,0,74,4,78,8,11,102,24,145,24,8,32,177
08/11/2009,DLH,MN,AGL,CE,Combined TRACON& Tower with Radar,8,14,26,11,59,0,6,80,4,90,8,20,106,15,149,30,12,42,191
08/12/2009,DLH,MN,AGL,CE,Combined TRACON& Tower with Radar,6,17,38,16,77,0,13,95,0,108,6,30,133,16,185,34,30,64,249
08/13/2009,DLH,MN,AGL,CE,Combined TRACON& Tower with Radar,10,18,32,27,87,0,4,98,11,113,10,22,130,38,200,50,27,77,277
08/14/2009,DLH,MN,AGL,CE,Combined TRACON& Tower with Radar,6,21,43,2,72,0,1,85,1,87,6,22,128,3,159,54,0,54,213
08/15/2009,DLH,MN,AGL,CE,Combined TRACON& Tower with Radar,4,19,24,1,48,0,2,33,0,35,4,21,57,1,83,22,0,22,105
08/16/2009,DLH,MN,AGL,CE,Combined TRACON& Tower with Radar,7,13,12,0,32,0,2,7,0,9,7,15,19,0,41,0,0,0,41
08/17/2009,DLH,MN,AGL,CE,Combined TRACON& Tower with Radar,8,15,27,11,61,0,0,51,1,52,8,15,78,12,113,40,0,40,153
08/18/2009,DLH,MN,AGL,CE,Combined TRACON& Tower with Radar,6,24,50,3,83,0,4,73,0,77,6,28,123,3,160,66,0,66,226
08/19/2009,DLH,MN,AGL,CE,Combined TRACON& Tower with Radar,2,24,29,4,59,0,0,19,0,19,2,24,48,4,78,14,0,14,92
08/20/2009,DLH,MN,AGL,CE,Combined TRACON& Tower with Radar,4,17,37,8,66,0,0,7,0,7,4,17,44,8,73,0,0,0,73
08/21/2009,DLH,MN,AGL,CE,Combined TRACON& Tower with Radar,8,16,30,32,86,0,1,33,0,34,8,17,63,32,120,9,0,9,129
08/22/2009,DLH,MN,AGL,CE,Combined TRACON& Tower with Radar,2,19,15,31,67,0,8,53,4,65,2,27,68,35,132,20,0,20,152
08/23/2009,DLH,MN,AGL,CE,Combined TRACON& Tower with Radar,6,12,22,11,51,0,7,42,4,53,6,19,64,15,104,24,0,24,128
08/24/2009,DLH,MN,AGL,CE,Combined TRACON& Tower with Radar,8,14,33,3,58,0,1,71,2,74,8,15,104,5,132,58,0,58,190
08/25/2009,DLH,MN,AGL,CE,Combined TRACON& Tower with Radar,13,17,43,14,87,0,8,91,4,103,13,25,134,18,190,76,26,102,292
08/26/2009,DLH,MN,AGL,CE,Combined TRACON& Tower with Radar,5,20,42,20,87,0,6,107,4,117,5,26,149,24,204,55,48,103,307
08/27/2009,DLH,MN,AGL,CE,Combined TRACON& Tower with Radar,6,24,39,13,82,0,5,74,6,85,6,29,113,19,167,92,0,92,259
08/28/2009,DLH,MN,AGL,CE,Combined TRACON& Tower with Radar,6,18,21,1,46,0,2,3,1,6,6,20,24,2,52,6,0,6,58
08/29/2009,DLH,MN,AGL,CE,Combined TRACON& Tower with Radar,2,18,15,1,36,0,2,22,1,25,2,20,37,2,61,20,0,20,81
08/30/2009,DLH,MN,AGL,CE,Combined TRACON& Tower with Radar,4,7,17,1,29,0,2,52,4,58,4,9,69,5,87,12,0,12,99
08/31/2009,DLH,MN,AGL,CE,Combined TRACON& Tower with Radar,8,13,30,21,72,0,4,87,8,99,8,17,117,29,171,60,16,76,247
09/01/2009,DLH,MN,AGL,CE,Combined TRACON& Tower with Radar,6,13,32,14,65,0,7,94,4,105,6,20,126,18,170,25,6,31,201
09/02/2009,DLH,MN,AGL,CE,Combined TRACON& Tower with Radar,6,23,20,19,68,0,4,104,26,134,6,27,124,45,202,122,42,164,366
09/03/2009,DLH,MN,AGL,CE,Combined TRACON& Tower with Radar,2,23,36,2,63,0,10,101,12,123,2,33,137,14,186,48,1,49,235
09/04/2009,DLH,MN,AGL,CE,Combined TRACON& Tower with Radar,3,19,20,1,43,0,3,85,2,90,3,22,105,3,133,4,0,4,137
09/05/2009,DLH,MN,AGL,CE,Combined TRACON& Tower with Radar,2,15,14,2,33,0,15,54,2,71,2,30,68,4,104,22,0,22,126
09/06/2009,DLH,MN,AGL,CE,Combined TRACON& Tower with Radar,2,7,8,0,17,0,10,27,0,37,2,17,35,0,54,2,0,2,56
09/07/2009,DLH,MN,AGL,CE,Combined TRACON& Tower with Radar,6,16,12,0,34,0,3,44,0,47,6,19,56,0,81,8,0,8,89
09/08/2009,DLH,MN,AGL,CE,Combined TRACON& Tower with Radar,2,22,28,22,74,0,10,70,25,105,2,32,98,47,179,68,58,126,305
09/09/2009,DLH,MN,AGL,CE,Combined TRACON& Tower with Radar,2,21,44,10,77,0,3,23,6,32,2,24,67,16,109,44,3,47,156
09/10/2009,DLH,MN,AGL,CE,Combined TRACON& Tower with Radar,2,30,45,26,103,0,2,63,4,69,2,32,108,30,172,40,40,80,252
09/11/2009,DLH,MN,AGL,CE,Combined TRACON& Tower with Radar,6,24,19,24,73,0,1,48,10,59,6,25,67,34,132,70,30,100,232
09/12/2009,DLH,MN,AGL,CE,Combined TRACON& Tower with Radar,4,27,25,3,59,0,3,30,11,44,4,30,55,14,103,22,14,36,139
09/13/2009,DLH,MN,AGL,CE,Combined TRACON& Tower with Radar,4,15,28,4,51,0,2,41,0,43,4,17,69,4,94,12,0,12,106
09/14/2009,DLH,MN,AGL,CE,Combined TRACON& Tower with Radar,6,19,34,10,69,0,6,88,9,103,6,25,122,19,172,46,26,72,244
09/15/2009,DLH,MN,AGL,CE,Combined TRACON& Tower with Radar,1,23,34,14,72,0,10,64,7,81,1,33,98,21,153,17,4,21,174
09/16/2009,DLH,MN,AGL,CE,Combined TRACON& Tower with Radar,2,18,30,10,60,0,2,55,0,57,2,20,85,10,117,27,6,33,150
09/17/2009,DLH,MN,AGL,CE,Combined TRACON& Tower with Radar,0,19,32,0,51,0,4,63,2,69,0,23,95,2,120,58,0,58,178
09/18/2009,DLH,MN,AGL,CE,Combined TRACON& Tower with Radar,4,17,36,12,69,0,0,60,0,60,4,17,96,12,129,26,0,26,155
09/19/2009,DLH,MN,AGL,CE,Combined TRACON& Tower with Radar,0,14,7,0,21,0,9,28,0,37,0,23,35,0,58,0,0,0,58
09/20/2009,DLH,MN,AGL,CE,Combined TRACON& Tower with Radar,1,22,23,0,46,0,5,38,0,43,1,27,61,0,89,24,0,24,113
09/21/2009,DLH,MN,AGL,CE,Combined TRACON& Tower with Radar,2,12,22,19,55,0,1,52,4,57,2,13,74,23,112,36,22,58,170
09/22/2009,DLH,MN,AGL,CE,Combined TRACON& Tower with Radar,2,20,27,8,57,0,1,14,1,16,2,21,41,9,73,0,0,0,73
09/23/2009,DLH,MN,AGL,CE,Combined TRACON& Tower with Radar,2,21,32,15,70,0,2,75,18,95,2,23,107,33,165,92,20,112,277
09/24/2009,DLH,MN,AGL,CE,Combined TRACON& Tower with Radar,5,18,39,22,84,0,7,86,11,104,5,25,125,33,188,102,58,160,348
09/25/2009,DLH,MN,AGL,CE,Combined TRACON& Tower with Radar,10,13,64,15,102,0,0,12,0,12,10,13,76,15,114,16,0,16,130
09/26/2009,DLH,MN,AGL,CE,Combined TRACON& Tower with Radar,0,14,21,0,35,0,3,12,0,15,0,17,33,0,50,2,0,2,52
09/27/2009,DLH,MN,AGL,CE,Combined TRACON& Tower with Radar,0,16,14,0,30,0,4,14,0,18,0,20,28,0,48,6,0,6,54
09/28/2009,DLH,MN,AGL,CE,Combined TRACON& Tower with Radar,5,16,20,3,44,0,2,3,0,5,5,18,23,3,49,0,0,0,49
09/29/2009,DLH,MN,AGL,CE,Combined TRACON& Tower with Radar,0,22,45,39,106,0,0,81,8,89,0,22,126,47,195,62,50,112,307
09/30/2009,DLH,MN,AGL,CE,Combined TRACON& Tower with Radar,2,17,77,9,105,0,2,90,6,98,2,19,167,15,203,82,2,84,287
10/01/2009,DLH,MN,AGL,CE,Combined TRACON& Tower with Radar,10,21,35,19,85,0,0,51,3,54,10,21,86,22,139,36,4,40,179
10/02/2009,DLH,MN,AGL,CE,Combined TRACON& Tower with Radar,2,22,21,4,49,0,0,1,0,1,2,22,22,4,50,0,0,0,50
10/03/2009,DLH,MN,AGL,CE,Combined TRACON& Tower with Radar,2,11,15,7,35,0,0,7,0,7,2,11,22,7,42,2,0,2,44
10/04/2009,DLH,MN,AGL,CE,Combined TRACON& Tower with Radar,4,16,12,0,32,0,3,9,0,12,4,19,21,0,44,0,0,0,44
10/05/2009,DLH,MN,AGL,CE,Combined TRACON& Tower with Radar,4,14,57,3,78,0,1,34,0,35,4,15,91,3,113,78,0,78,191
10/06/2009,DLH,MN,AGL,CE,Combined TRACON& Tower with Radar,0,22,26,1,49,0,2,3,0,5,0,24,29,1,54,0,0,0,54
10/07/2009,DLH,MN,AGL,CE,Combined TRACON& Tower with Radar,5,12,41,12,70,0,6,49,6,61,5,18,90,18,131,20,12,32,163
10/08/2009,DLH,MN,AGL,CE,Combined TRACON& Tower with Radar,4,23,34,5,66,0,3,42,1,46,4,26,76,6,112,28,0,28,140
10/09/2009,DLH,MN,AGL,CE,Combined TRACON& Tower with Radar,4,18,35,0,57,0,6,64,1,71,4,24,99,1,128,80,0,80,208
10/10/2009,DLH,MN,AGL,CE,Combined TRACON& Tower with Radar,2,12,12,3,29,0,0,6,0,6,2,12,18,3,35,4,0,4,39
10/11/2009,DLH,MN,AGL,CE,Combined TRACON& Tower with Radar,2,12,15,0,29,0,0,17,1,18,2,12,32,1,47,4,0,4,51
10/12/2009,DLH,MN,AGL,CE,Combined TRACON& Tower with Radar,4,17,17,0,38,0,1,13,0,14,4,18,30,0,52,34,0,34,86
10/13/2009,DLH,MN,AGL,CE,Combined TRACON& Tower with Radar,13,25,36,14,88,0,4,75,8,87,13,29,111,22,175,82,67,149,324
10/14/2009,DLH,MN,AGL,CE,Combined TRACON& Tower with Radar,4,16,36,4,60,0,0,52,4,56,4,16,88,8,116,44,2,46,162
10/15/2009,DLH,MN,AGL,CE,Combined TRACON& Tower with Radar,2,16,7,3,28,0,0,3,0,3,2,16,10,3,31,0,0,0,31
10/16/2009,DLH,MN,AGL,CE,Combined TRACON& Tower with Radar,7,18,21,3,49,0,2,24,0,26,7,20,45,3,75,40,0,40,115
10/17/2009,DLH,MN,AGL,CE,Combined TRACON& Tower with Radar,0,11,18,8,37,0,0,61,2,63,0,11,79,10,100,34,4,38,138
10/18/2009,DLH,MN,AGL,CE,Combined TRACON& Tower with Radar,2,12,12,1,27,0,3,24,0,27,2,15,36,1,54,0,0,0,54
10/19/2009,DLH,MN,AGL,CE,Combined TRACON& Tower with Radar,6,16,43,0,65,0,0,40,0,40,6,16,83,0,105,26,0,26,131
10/20/2009,DLH,MN,AGL,CE,Combined TRACON& Tower with Radar,2,20,42,16,80,0,0,1,0,1,2,20,43,16,81,0,0,0,81
10/21/2009,DLH,MN,AGL,CE,Combined TRACON& Tower with Radar,0,20,31,1,52,0,0,0,1,1,0,20,31,2,53,0,0,0,53
10/22/2009,DLH,MN,AGL,CE,Combined TRACON& Tower with Radar,4,18,49,14,85,0,4,44,1,49,4,22,93,15,134,75,12,87,221
10/23/2009,DLH,MN,AGL,CE,Combined TRACON& Tower with Radar,2,22,18,0,42,0,1,4,0,5,2,23,22,0,47,34,0,34,81
10/24/2009,DLH,MN,AGL,CE,Combined TRACON& Tower with Radar,0,14,12,1,27,0,0,68,1,69,0,14,80,2,96,44,0,44,140
10/25/2009,DLH,MN,AGL,CE,Combined TRACON& Tower with Radar,2,11,9,0,22,0,0,0,0,0,2,11,9,0,22,0,0,0,22
10/26/2009,DLH,MN,AGL,CE,Combined TRACON& Tower with Radar,6,17,13,2,38,0,0,16,0,16,6,17,29,2,54,38,24,62,116
10/27/2009,DLH,MN,AGL,CE,Combined TRACON& Tower with Radar,4,23,21,20,68,0,3,56,0,59,4,26,77,20,127,42,34,76,203
10/28/2009,DLH,MN,AGL,CE,Combined TRACON& Tower with Radar,0,22,45,11,78,0,1,45,2,48,0,23,90,13,126,48,4,52,178
10/29/2009,DLH,MN,AGL,CE,Combined TRACON& Tower with Radar,0,19,27,14,60,0,0,0,0,0,0,19,27,14,60,0,0,0,60
10/30/2009,DLH,MN,AGL,CE,Combined TRACON& Tower with Radar,2,16,22,0,40,0,0,10,0,10,2,16,32,0,50,24,0,24,74
10/31/2009,DLH,MN,AGL,CE,Combined TRACON& Tower with Radar,0,14,7,0,21,0,0,21,0,21,0,14,28,0,42,14,0,14,56
11/01/2009,DLH,MN,AGL,CE,Combined TRACON& Tower with Radar,2,16,22,2,42,0,0,5,0,5,2,16,27,2,47,2,0,2,49
11/02/2009,DLH,MN,AGL,CE,Combined TRACON& Tower with Radar,6,24,35,16,81,0,9,71,4,84,6,33,106,20,165,46,8,54,219
11/03/2009,DLH,MN,AGL,CE,Combined TRACON& Tower with Radar,4,21,32,11,68,0,4,91,2,97,4,25,123,13,165,47,2,49,214
11/04/2009,DLH,MN,AGL,CE,Combined TRACON& Tower with Radar,4,23,36,5,68,0,0,23,0,23,4,23,59,5,91,62,0,62,153
11/05/2009,DLH,MN,AGL,CE,Combined TRACON& Tower with Radar,3,18,31,20,72,0,4,74,6,84,3,22,105,26,156,76,44,120,276
11/06/2009,DLH,MN,AGL,CE,Combined TRACON& Tower with Radar,4,18,23,0,45,0,2,75,0,77,4,20,98,0,122,60,0,60,182
11/07/2009,DLH,MN,AGL,CE,Combined TRACON& Tower with Radar,4,9,13,0,26,0,5,41,2,48,4,14,54,2,74,8,0,8,82
11/08/2009,DLH,MN,AGL,CE,Combined TRACON& Tower with Radar,2,14,19,0,35,0,0,34,0,34,2,14,53,0,69,42,0,42,111
11/09/2009,DLH,MN,AGL,CE,Combined TRACON& Tower with Radar,5,15,20,11,51,0,2,51,1,54,5,17,71,12,105,48,2,50,155
11/10/2009,DLH,MN,AGL,CE,Combined TRACON& Tower with Radar,4,14,22,46,86,0,4,57,4,65,4,18,79,50,151,20,64,84,235
11/11/2009,DLH,MN,AGL,CE,Combined TRACON& Tower with Radar,4,16,32,1,53,0,3,41,0,44,4,19,73,1,97,6,0,6,103
11/12/2009,DLH,MN,AGL,CE,Combined TRACON& Tower with Radar,4,20,28,20,72,0,0,46,0,46,4,20,74,20,118,18,20,38,156
11/13/2009,DLH,MN,AGL,CE,Combined TRACON& Tower with Radar,6,20,47,3,76,0,0,3,0,3,6,20,50,3,79,2,0,2,81
11/14/2009,DLH,MN,AGL,CE,Combined TRACON& Tower with Radar,4,8,3,0,15,0,0,0,0,0,4,8,3,0,15,0,0,0,15
11/15/2009,DLH,MN,AGL,CE,Combined TRACON& Tower with Radar,2,17,23,3,45,0,5,46,1,52,2,22,69,4,97,16,0,16,113
11/16/2009,DLH,MN,AGL,CE,Combined TRACON& Tower with Radar,8,19,31,19,77,0,2,52,13,67,8,21,83,32,144,12,20,32,176
11/17/2009,DLH,MN,AGL,CE,Combined TRACON& Tower with Radar,4,19,21,16,60,0,5,61,4,70,4,24,82,20,130,48,4,52,182
11/18/2009,DLH,MN,AGL,CE,Combined TRACON& Tower with Radar,4,22,35,24,85,0,9,83,16,108,4,31,118,40,193,40,48,88,281
11/19/2009,DLH,MN,AGL,CE,Combined TRACON& Tower with Radar,7,16,25,5,53,0,0,37,3,40,7,16,62,8,93,64,0,64,157
11/20/2009,DLH,MN,AGL,CE,Combined TRACON& Tower with Radar,8,24,30,13,75,0,3,81,10,94,8,27,111,23,169,48,18,66,235
11/21/2009,DLH,MN,AGL,CE,Combined TRACON& Tower with Radar,4,10,17,17,48,0,0,31,4,35,4,10,48,21,83,46,0,46,129
11/22/2009,DLH,MN,AGL,CE,Combined TRACON& Tower with Radar,2,16,9,0,27,0,0,0,0,0,2,16,9,0,27,0,0,0,27
11/23/2009,DLH,MN,AGL,CE,Combined TRACON& Tower with Radar,5,11,1,0,17,0,0,0,0,0,5,11,1,0,17,0,0,0,17
11/24/2009,DLH,MN,AGL,CE,Combined TRACON& Tower with Radar,5,15,27,0,47,0,0,0,0,0,5,15,27,0,47,0,0,0,47
11/25/2009,DLH,MN,AGL,CE,Combined TRACON& Tower with Radar,4,21,18,2,45,0,0,2,0,2,4,21,20,2,47,0,0,0,47
11/26/2009,DLH,MN,AGL,CE,Combined TRACON& Tower with Radar,2,6,3,0,11,0,0,2,0,2,2,6,5,0,13,0,0,0,13
11/27/2009,DLH,MN,AGL,CE,Combined TRACON& Tower with Radar,11,13,11,2,37,0,2,32,0,34,11,15,43,2,71,14,0,14,85
11/28/2009,DLH,MN,AGL,CE,Combined TRACON& Tower with Radar,11,11,21,1,44,0,1,58,0,59,11,12,79,1,103,56,0,56,159
11/29/2009,DLH,MN,AGL,CE,Combined TRACON& Tower with Radar,4,10,22,0,36,0,2,14,0,16,4,12,36,0,52,0,0,0,52
11/30/2009,DLH,MN,AGL,CE,Combined TRACON& Tower with Radar,8,17,23,14,62,0,2,53,0,55,8,19,76,14,117,22,20,42,159
12/01/2009,DLH,MN,AGL,CE,Combined TRACON& Tower with Radar,5,25,32,20,82,0,2,72,0,74,5,27,104,20,156,64,10,74,230
12/02/2009,DLH,MN,AGL,CE,Combined TRACON& Tower with Radar,2,23,32,11,68,0,0,56,0,56,2,23,88,11,124,54,0,54,178
12/03/2009,DLH,MN,AGL,CE,Combined TRACON& Tower with Radar,6,19,31,32,88,0,0,37,0,37,6,19,68,32,125,58,0,58,183
12/04/2009,DLH,MN,AGL,CE,Combined TRACON& Tower with Radar,6,18,29,0,53,0,1,22,0,23,6,19,51,0,76,51,0,51,127
12/05/2009,DLH,MN,AGL,CE,Combined TRACON& Tower with Radar,4,8,19,9,40,0,1,25,2,28,4,9,44,11,68,22,0,22,90
12/06/2009,DLH,MN,AGL,CE,Combined TRACON& Tower with Radar,4,12,6,0,22,0,1,11,0,12,4,13,17,0,34,0,0,0,34
12/07/2009,DLH,MN,AGL,CE,Combined TRACON& Tower with Radar,8,17,22,16,63,0,0,48,3,51,8,17,70,19,114,24,0,24,138
12/08/2009,DLH,MN,AGL,CE,Combined TRACON& Tower with Radar,6,20,17,1,44,0,2,48,0,50,6,22,65,1,94,28,0,28,122
12/09/2009,DLH,MN,AGL,CE,Combined TRACON& Tower with Radar,2,26,4,0,32,0,0,0,0,0,2,26,4,0,32,0,0,0,32
12/10/2009,DLH,MN,AGL,CE,Combined TRACON& Tower with Radar,4,23,15,20,62,0,2,56,0,58,4,25,71,20,120,20,12,32,152
12/11/2009,DLH,MN,AGL,CE,Combined TRACON& Tower with Radar,6,18,18,12,54,0,1,53,1,55,6,19,71,13,109,0,6,6,115
12/12/2009,DLH,MN,AGL,CE,Combined TRACON& Tower with Radar,4,12,10,4,30,0,2,39,1,42,4,14,49,5,72,18,0,18,90
12/13/2009,DLH,MN,AGL,CE,Combined TRACON& Tower with Radar,2,9,10,0,21,0,0,22,6,28,2,9,32,6,49,6,0,6,55
12/14/2009,DLH,MN,AGL,CE,Combined TRACON& Tower with Radar,8,17,16,20,61,0,1,36,0,37,8,18,52,20,98,6,14,20,118
12/15/2009,DLH,MN,AGL,CE,Combined TRACON& Tower with Radar,2,28,18,23,71,0,1,58,2,61,2,29,76,25,132,34,24,58,190
12/16/2009,DLH,MN,AGL,CE,Combined TRACON& Tower with Radar,2,26,15,21,64,0,3,59,5,67,2,29,74,26,131,28,18,46,177
12/17/2009,DLH,MN,AGL,CE,Combined TRACON& Tower with Radar,5,17,22,22,66,0,5,56,0,61,5,22,78,22,127,24,34,58,185
12/18/2009,DLH,MN,AGL,CE,Combined TRACON& Tower with Radar,13,15,37,0,65,0,0,30,0,30,13,15,67,0,95,52,0,52,147
12/19/2009,DLH,MN,AGL,CE,Combined TRACON& Tower with Radar,2,18,15,0,35,0,0,30,2,32,2,18,45,2,67,18,0,18,85
12/20/2009,DLH,MN,AGL,CE,Combined TRACON& Tower with Radar,2,17,11,0,30,0,0,10,0,10,2,17,21,0,40,16,0,16,56
12/21/2009,DLH,MN,AGL,CE,Combined TRACON& Tower with Radar,9,23,33,26,91,0,1,50,0,51,9,24,83,26,142,56,74,130,272
12/22/2009,DLH,MN,AGL,CE,Combined TRACON& Tower with Radar,4,25,18,26,73,0,0,50,5,55,4,25,68,31,128,14,15,29,157
12/23/2009,DLH,MN,AGL,CE,Combined TRACON& Tower with Radar,4,18,36,9,67,0,3,47,1,51,4,21,83,10,118,17,10,27,145
12/24/2009,DLH,MN,AGL,CE,Combined TRACON& Tower with Radar,6,9,2,0,17,0,0,0,0,0,6,9,2,0,17,0,0,0,17
12/25/2009,DLH,MN,AGL,CE,Combined TRACON& Tower with Radar,2,0,0,0,2,0,0,0,0,0,2,0,0,0,2,0,0,0,2
12/26/2009,DLH,MN,AGL,CE,Combined TRACON& Tower with Radar,3,20,8,0,31,0,0,0,0,0,3,20,8,0,31,0,0,0,31
12/27/2009,DLH,MN,AGL,CE,Combined TRACON& Tower with Radar,3,16,18,0,37,0,0,6,0,6,3,16,24,0,43,0,0,0,43
12/28/2009,DLH,MN,AGL,CE,Combined TRACON& Tower with Radar,8,19,11,11,49,0,0,46,3,49,8,19,57,14,98,10,20,30,128
12/29/2009,DLH,MN,AGL,CE,Combined TRACON& Tower with Radar,7,14,12,7,40,0,3,40,9,52,7,17,52,16,92,2,26,28,120
12/30/2009,DLH,MN,AGL,CE,Combined TRACON& Tower with Radar,8,17,32,0,57,0,0,2,0,2,8,17,34,0,59,0,0,0,59
12/31/2009,DLH,MN,AGL,CE,Combined TRACON& Tower with Radar,6,14,9,0,29,0,2,18,0,20,6,16,27,0,49,0,0,0,49
01/01/2010,DLH,MN,AGL,CE,Combined TRACON& Tower with Radar,7,12,1,0,20,0,0,6,0,6,7,12,7,0,26,4,0,4,30
01/02/2010,DLH,MN,AGL,CE,Combined TRACON& Tower with Radar,3,18,6,0,27,0,1,8,0,9,3,19,14,0,36,6,0,6,42
01/03/2010,DLH,MN,AGL,CE,Combined TRACON& Tower with Radar,7,18,5,2,32,0,0,11,2,13,7,18,16,4,45,4,0,4,49
01/04/2010,DLH,MN,AGL,CE,Combined TRACON& Tower with Radar,9,14,21,15,59,0,2,28,6,36,9,16,49,21,95,2,34,36,131
01/05/2010,DLH,MN,AGL,CE,Combined TRACON& Tower with Radar,2,23,10,8,43,0,4,20,0,24,2,27,30,8,67,6,26,32,99
01/06/2010,DLH,MN,AGL,CE,Combined TRACON& Tower with Radar,4,26,20,16,66,0,2,42,6,50,4,28,62,22,116,30,42,72,188
01/07/2010,DLH,MN,AGL,CE,Combined TRACON& Tower with Radar,4,29,18,0,51,0,0,9,0,9,4,29,27,0,60,10,0,10,70
01/08/2010,DLH,MN,AGL,CE,Combined TRACON& Tower with Radar,9,29,25,7,70,0,3,44,0,47,9,32,69,7,117,20,0,20,137
01/09/2010,DLH,MN,AGL,CE,Combined TRACON& Tower with Radar,2,17,6,3,28,0,3,23,3,29,2,20,29,6,57,45,2,47,104
01/10/2010,DLH,MN,AGL,CE,Combined TRACON& Tower with Radar,3,20,7,0,30,0,2,10,1,13,3,22,17,1,43,6,0,6,49
01/11/2010,DLH,MN,AGL,CE,Combined TRACON& Tower with Radar,7,18,18,6,49,0,0,48,0,48,7,18,66,6,97,10,10,20,117
01/12/2010,DLH,MN,AGL,CE,Combined TRACON& Tower with Radar,5,19,23,18,65,0,1,56,1,58,5,20,79,19,123,72,20,92,215
01/13/2010,DLH,MN,AGL,CE,Combined TRACON& Tower with Radar,2,24,8,3,37,0,0,0,0,0,2,24,8,3,37,0,0,0,37
01/14/2010,DLH,MN,AGL,CE,Combined TRACON& Tower with Radar,2,28,28,18,76,0,0,2,0,2,2,28,30,18,78,0,6,6,84
01/15/2010,DLH,MN,AGL,CE,Combined TRACON& Tower with Radar,7,28,32,0,67,0,3,53,0,56,7,31,85,0,123,2,0,2,125
01/16/2010,DLH,MN,AGL,CE,Combined TRACON& Tower with Radar,4,15,24,0,43,0,0,22,0,22,4,15,46,0,65,6,0,6,71
01/17/2010,DLH,MN,AGL,CE,Combined TRACON& Tower with Radar,2,16,7,0,25,0,0,10,0,10,2,16,17,0,35,10,0,10,45
01/18/2010,DLH,MN,AGL,CE,Combined TRACON& Tower with Radar,10,21,28,3,62,0,5,29,5,39,10,26,57,8,101,86,0,86,187
01/19/2010,DLH,MN,AGL,CE,Combined TRACON& Tower with Radar,65,23,13,17,118,0,0,0,0,0,65,23,13,17,118,0,0,0,118
01/20/2010,DLH,MN,AGL,CE,Combined TRACON& Tower with Radar,6,23,29,14,72,0,0,61,8,69,6,23,90,22,141,69,24,93,234
01/21/2010,DLH,MN,AGL,CE,Combined TRACON& Tower with Radar,10,25,27,17,79,0,2,51,2,55,10,27,78,19,134,80,8,88,222
01/22/2010,DLH,MN,AGL,CE,Combined TRACON& Tower with Radar,5,25,7,11,48,0,0,13,2,15,5,25,20,13,63,2,0,2,65
01/23/2010,DLH,MN,AGL,CE,Combined TRACON& Tower with Radar,8,11,1,0,20,0,0,0,0,0,8,11,1,0,20,0,0,0,20
01/24/2010,DLH,MN,AGL,CE,Combined TRACON& Tower with Radar,3,17,2,0,22,0,0,0,0,0,3,17,2,0,22,0,0,0,22
01/25/2010,DLH,MN,AGL,CE,Combined TRACON& Tower with Radar,8,21,3,0,32,0,0,0,0,0,8,21,3,0,32,0,0,0,32
01/26/2010,DLH,MN,AGL,CE,Combined TRACON& Tower with Radar,6,19,20,11,56,0,0,45,2,47,6,19,65,13,103,66,12,78,181
01/27/2010,DLH,MN,AGL,CE,Combined TRACON& Tower with Radar,6,29,41,10,86,0,2,15,4,21,6,31,56,14,107,48,8,56,163
01/28/2010,DLH,MN,AGL,CE,Combined TRACON& Tower with Radar,2,26,17,4,49,0,0,43,0,43,2,26,60,4,92,4,0,4,96
01/29/2010,DLH,MN,AGL,CE,Combined TRACON& Tower with Radar,6,20,22,3,51,0,3,46,2,51,6,23,68,5,102,20,0,20,122
01/30/2010,DLH,MN,AGL,CE,Combined TRACON& Tower with Radar,2,19,23,6,50,0,4,36,5,45,2,23,59,11,95,20,8,28,123
01/31/2010,DLH,MN,AGL,CE,Combined TRACON& Tower with Radar,2,15,18,0,35,0,2,33,2,37,2,17,51,2,72,8,2,10,82
02/01/2010,DLH,MN,AGL,CE,Combined TRACON& Tower with Radar,10,19,32,5,66,0,1,35,1,37,10,20,67,6,103,67,0,67,170
02/02/2010,DLH,MN,AGL,CE,Combined TRACON& Tower with Radar,2,26,34,26,88,0,0,33,3,36,2,26,67,29,124,42,50,92,216
02/03/2010,DLH,MN,AGL,CE,Combined TRACON& Tower with Radar,2,19,32,20,73,0,0,41,3,44,2,19,73,23,117,24,22,46,163
02/04/2010,DLH,MN,AGL,CE,Combined TRACON& Tower with Radar,2,23,29,29,83,0,1,15,0,16,2,24,44,29,99,26,0,26,125
02/05/2010,DLH,MN,AGL,CE,Combined TRACON& Tower with Radar,6,28,7,0,41,0,0,0,0,0,6,28,7,0,41,0,0,0,41
02/06/2010,DLH,MN,AGL,CE,Combined TRACON& Tower with Radar,2,14,12,2,30,0,0,14,0,14,2,14,26,2,44,2,0,2,46
02/07/2010,DLH,MN,AGL,CE,Combined TRACON& Tower with Radar,6,15,2,0,23,0,2,4,1,7,6,17,6,1,30,54,0,54,84
02/08/2010,DLH,MN,AGL,CE,Combined TRACON& Tower with Radar,6,21,15,2,44,0,0,2,0,2,6,21,17,2,46,4,0,4,50
02/09/2010,DLH,MN,AGL,CE,Combined TRACON& Tower with Radar,4,23,12,14,53,0,0,18,0,18,4,23,30,14,71,69,36,105,176
02/10/2010,DLH,MN,AGL,CE,Combined TRACON& Tower with Radar,4,28,10,9,51,0,8,33,1,42,4,36,43,10,93,49,12,61,154
02/11/2010,DLH,MN,AGL,CE,Combined TRACON& Tower with Radar,3,23,22,26,74,0,6,60,2,68,3,29,82,28,142,36,48,84,226
02/12/2010,DLH,MN,AGL,CE,Combined TRACON& Tower with Radar,6,25,23,6,60,0,2,57,4,63,6,27,80,10,123,42,24,66,189
02/13/2010,DLH,MN,AGL,CE,Combined TRACON& Tower with Radar,9,19,21,5,54,0,6,15,1,22,9,25,36,6,76,10,0,10,86
02/14/2010,DLH,MN,AGL,CE,Combined TRACON& Tower with Radar,5,13,9,4,31,0,1,5,0,6,5,14,14,4,37,0,0,0,37
02/15/2010,DLH,MN,AGL,CE,Combined TRACON& Tower with Radar,6,20,9,1,36,0,3,13,1,17,6,23,22,2,53,0,0,0,53
02/16/2010,DLH,MN,AGL,CE,Combined TRACON& Tower with Radar,6,24,13,3,46,0,5,59,0,64,6,29,72,3,110,4,10,14,124
02/17/2010,DLH,MN,AGL,CE,Combined TRACON& Tower with Radar,8,24,16,14,62,0,3,57,1,61,8,27,73,15,123,159,38,197,320
02/18/2010,DLH,MN,AGL,CE,Combined TRACON& Tower with Radar,2,26,21,30,79,0,0,68,4,72,2,26,89,34,151,33,54,87,238
02/19/2010,DLH,MN,AGL,CE,Combined TRACON& Tower with Radar,8,28,36,16,88,0,0,65,0,65,8,28,101,16,153,42,40,82,235
02/20/2010,DLH,MN,AGL,CE,Combined TRACON& Tower with Radar,2,18,19,1,40,0,11,44,6,61,2,29,63,7,101,24,1,25,126
02/21/2010,DLH,MN,AGL,CE,Combined TRACON& Tower with Radar,4,15,5,3,27,0,0,22,5,27,4,15,27,8,54,38,0,38,92
02/22/2010,DLH,MN,AGL,CE,Combined TRACON& Tower with Radar,8,21,90,11,130,0,0,34,0,34,8,21,124,11,164,54,14,68,232
02/23/2010,DLH,MN,AGL,CE,Combined TRACON& Tower with Radar,4,24,20,18,66,0,3,19,9,31,4,27,39,27,97,20,18,38,135
02/24/2010,DLH,MN,AGL,CE,Combined TRACON& Tower with Radar,2,25,24,8,59,0,4,48,14,66,2,29,72,22,125,48,12,60,185
02/25/2010,DLH,MN,AGL,CE,Combined TRACON& Tower with Radar,1,27,35,37,100,0,3,63,2,68,1,30,98,39,168,72,64,136,304
02/26/2010,DLH,MN,AGL,CE,Combined TRACON& Tower with Radar,8,31,32,13,84,0,1,46,8,55,8,32,78,21,139,22,8,30,169
02/27/2010,DLH,MN,AGL,CE,Combined TRACON& Tower with Radar,2,18,14,10,44,0,3,41,1,45,2,21,55,11,89,68,0,68,157
02/28/2010,DLH,MN,AGL,CE,Combined TRACON& Tower with Radar,4,18,10,2,34,0,2,21,0,23,4,20,31,2,57,24,0,24,81
03/01/2010,DLH,MN,AGL,CE,Combined TRACON& Tower with Radar,9,13,19,10,51,0,0,56,2,58,9,13,75,12,109,56,6,62,171
03/02/2010,DLH,MN,AGL,CE,Combined TRACON& Tower with Radar,3,20,19,25,67,0,0,48,5,53,3,20,67,30,120,20,20,40,160
03/03/2010,DLH,MN,AGL,CE,Combined TRACON& Tower with Radar,6,22,24,19,71,0,3,56,2,61,6,25,80,21,132,50,28,78,210
03/04/2010,DLH,MN,AGL,CE,Combined TRACON& Tower with Radar,2,27,43,15,87,0,4,50,2,56,2,31,93,17,143,20,16,36,179
03/05/2010,DLH,MN,AGL,CE,Combined TRACON& Tower with Radar,6,21,21,7,55,0,2,50,1,53,6,23,71,8,108,32,14,46,154
03/06/2010,DLH,MN,AGL,CE,Combined TRACON& Tower with Radar,4,19,10,1,34,0,1,21,4,26,4,20,31,5,60,8,0,8,68
03/07/2010,DLH,MN,AGL,CE,Combined TRACON& Tower with Radar,14,16,6,5,41,0,1,13,3,17,14,17,19,8,58,8,0,8,66
03/08/2010,DLH,MN,AGL,CE,Combined TRACON& Tower with Radar,12,22,18,7,59,0,0,0,0,0,12,22,18,7,59,0,0,0,59
03/09/2010,DLH,MN,AGL,CE,Combined TRACON& Tower with Radar,7,24,33,23,87,0,0,42,4,46,7,24,75,27,133,40,26,66,199
03/10/2010,DLH,MN,AGL,CE,Combined TRACON& Tower with Radar,4,20,24,4,52,0,0,0,0,0,4,20,24,4,52,0,0,0,52
03/11/2010,DLH,MN,AGL,CE,Combined TRACON& Tower with Radar,1,14,5,0,20,0,0,0,0,0,1,14,5,0,20,0,0,0,20
03/12/2010,DLH,MN,AGL,CE,Combined TRACON& Tower with Radar,6,24,11,2,43,0,0,0,0,0,6,24,11,2,43,0,0,0,43
03/13/2010,DLH,MN,AGL,CE,Combined TRACON& Tower with Radar,3,18,3,0,24,0,0,0,0,0,3,18,3,0,24,0,0,0,24
03/14/2010,DLH,MN,AGL,CE,Combined TRACON& Tower with Radar,2,16,24,1,43,0,0,73,2,75,2,16,97,3,118,16,0,16,134
03/15/2010,DLH,MN,AGL,CE,Combined TRACON& Tower with Radar,6,24,32,25,87,0,1,80,13,94,6,25,112,38,181,42,18,60,241
03/16/2010,DLH,MN,AGL,CE,Combined TRACON& Tower with Radar,4,21,37,17,79,0,0,26,0,26,4,21,63,17,105,30,6,36,141
03/17/2010,DLH,MN,AGL,CE,Combined TRACON& Tower with Radar,4,25,26,16,71,0,2,65,4,71,4,27,91,20,142,42,12,54,196
03/18/2010,DLH,MN,AGL,CE,Combined TRACON& Tower with Radar,2,23,30,22,77,0,2,68,4,74,2,25,98,26,151,20,0,20,171
03/19/2010,DLH,MN,AGL,CE,Combined TRACON& Tower with Radar,5,23,21,12,61,0,7,43,0,50,5,30,64,12,111,12,0,12,123
03/20/2010,DLH,MN,AGL,CE,Combined TRACON& Tower with Radar,4,18,18,0,40,0,11,33,5,49,4,29,51,5,89,20,2,22,111
03/21/2010,DLH,MN,AGL,CE,Combined TRACON& Tower with Radar,4,15,17,0,36,0,14,36,0,50,4,29,53,0,86,18,0,18,104
03/22/2010,DLH,MN,AGL,CE,Combined TRACON& Tower with Radar,6,22,14,2,44,0,0,48,0,48,6,22,62,2,92,20,0,20,112
03/23/2010,DLH,MN,AGL,CE,Combined TRACON& Tower with Radar,4,24,21,15,64,0,2,64,2,68,4,26,85,17,132,14,0,14,146
03/24/2010,DLH,MN,AGL,CE,Combined TRACON& Tower with Radar,2,28,29,20,79,0,0,52,8,60,2,28,81,28,139,23,38,61,200
03/25/2010,DLH,MN,AGL,CE,Combined TRACON& Tower with Radar,2,20,27,48,97,0,3,47,10,60,2,23,74,58,157,8,35,43,200
03/26/2010,DLH,MN,AGL,CE,Combined TRACON& Tower with Radar,6,23,19,8,56,0,2,51,8,61,6,25,70,16,117,22,0,22,139
03/27/2010,DLH,MN,AGL,CE,Combined TRACON& Tower with Radar,2,16,4,2,24,0,2,4,1,7,2,18,8,3,31,14,0,14,45
03/28/2010,DLH,MN,AGL,CE,Combined TRACON& Tower with Radar,2,14,14,0,30,0,12,29,0,41,2,26,43,0,71,34,0,34,105
03/29/2010,DLH,MN,AGL,CE,Combined TRACON& Tower with Radar,2,22,24,12,60,0,2,54,3,59,2,24,78,15,119,58,0,58,177
03/30/2010,DLH,MN,AGL,CE,Combined TRACON& Tower with Radar,4,24,24,20,72,0,2,61,2,65,4,26,85,22,137,50,32,82,219
03/31/2010,DLH,MN,AGL,CE,Combined TRACON& Tower with Radar,2,28,27,25,82,0,2,61,3,66,2,30,88,28,148,70,27,97,245
04/01/2010,DLH,MN,AGL,CE,Combined TRACON& Tower with Radar,2,23,17,32,74,0,2,33,12,47,2,25,50,44,121,24,36,60,181
04/02/2010,DLH,MN,AGL,CE,Combined TRACON& Tower with Radar,6,28,19,9,62,0,3,27,2,32,6,31,46,11,94,2,4,6,100
04/03/2010,DLH,MN,AGL,CE,Combined TRACON& Tower with Radar,2,18,14,0,34,0,0,8,0,8,2,18,22,0,42,18,0,18,60
04/04/2010,DLH,MN,AGL,CE,Combined TRACON& Tower with Radar,2,19,12,0,33,0,2,16,0,18,2,21,28,0,51,6,0,6,57
04/05/2010,DLH,MN,AGL,CE,Combined TRACON& Tower with Radar,3,18,20,8,49,0,11,60,0,71,3,29,80,8,120,27,14,41,161
04/06/2010,DLH,MN,AGL,CE,Combined TRACON& Tower with Radar,5,28,17,21,71,0,5,53,1,59,5,33,70,22,130,50,24,74,204
04/07/2010,DLH,MN,AGL,CE,Combined TRACON& Tower with Radar,4,24,23,18,69,0,6,53,7,66,4,30,76,25,135,45,32,77,212
04/08/2010,DLH,MN,AGL,CE,Combined TRACON& Tower with Radar,4,25,44,23,96,0,10,74,9,93,4,35,118,32,189,58,52,110,299
04/09/2010,DLH,MN,AGL,CE,Combined TRACON& Tower with Radar,10,20,22,10,62,0,8,66,10,84,10,28,88,20,146,38,42,80,226
04/10/2010,DLH,MN,AGL,CE,Combined TRACON& Tower with Radar,4,20,16,13,53,0,2,37,8,47,4,22,53,21,100,30,10,40,140
04/11/2010,DLH,MN,AGL,CE,Combined TRACON& Tower with Radar,2,19,10,0,31,0,2,24,0,26,2,21,34,0,57,4,0,4,61
04/12/2010,DLH,MN,AGL,CE,Combined TRACON& Tower with Radar,8,25,26,14,73,0,0,32,5,37,8,25,58,19,110,0,19,19,129
04/13/2010,DLH,MN,AGL,CE,Combined TRACON& Tower with Radar,6,24,11,12,53,0,2,10,0,12,6,26,21,12,65,8,10,18,83
04/14/2010,DLH,MN,AGL,CE,Combined TRACON& Tower with Radar,4,23,23,13,63,0,0,33,2,35,4,23,56,15,98,48,16,64,162
04/15/2010,DLH,MN,AGL,CE,Combined TRACON& Tower with Radar,6,25,34,18,83,0,0,22,2,24,6,25,56,20,107,2,0,2,109
04/16/2010,DLH,MN,AGL,CE,Combined TRACON& Tower with Radar,8,34,17,0,59,0,3,40,2,45,8,37,57,2,104,8,0,8,112
04/17/2010,DLH,MN,AGL,CE,Combined TRACON& Tower with Radar,4,19,12,2,37,0,0,36,0,36,4,19,48,2,73,10,0,10,83
04/18/2010,DLH,MN,AGL,CE,Combined TRACON& Tower with Radar,6,19,15,0,40,0,8,39,1,48,6,27,54,1,88,26,0,26,114
04/19/2010,DLH,MN,AGL,CE,Combined TRACON& Tower with Radar,8,19,25,14,66,0,4,50,1,55,8,23,75,15,121,25,0,25,146
04/20/2010,DLH,MN,AGL,CE,Combined TRACON& Tower with Radar,4,29,20,21,74,0,2,52,4,58,4,31,72,25,132,46,36,82,214
04/21/2010,DLH,MN,AGL,CE,Combined TRACON& Tower with Radar,8,25,18,12,63,0,0,40,0,40,8,25,58,12,103,56,18,74,177
04/22/2010,DLH,MN,AGL,CE,Combined TRACON& Tower with Radar,5,30,18,29,82,0,3,59,9,71,5,33,77,38,153,45,75,120,273
04/23/2010,DLH,MN,AGL,CE,Combined TRACON& Tower with Radar,10,25,28,4,67,0,11,77,2,90,10,36,105,6,157,118,2,120,277
04/24/2010,DLH,MN,AGL,CE,Combined TRACON& Tower with Radar,7,14,7,0,28,0,0,4,0,4,7,14,11,0,32,22,0,22,54
04/25/2010,DLH,MN,AGL,CE,Combined TRACON& Tower with Radar,4,21,5,0,30,0,0,12,0,12,4,21,17,0,42,4,0,4,46
04/26/2010,DLH,MN,AGL,CE,Combined TRACON& Tower with Radar,10,28,18,4,60,0,0,58,3,61,10,28,76,7,121,78,0,78,199
04/27/2010,DLH,MN,AGL,CE,Combined TRACON& Tower with Radar,4,40,26,11,81,0,4,70,1,75,4,44,96,12,156,76,22,98,254
04/28/2010,DLH,MN,AGL,CE,Combined TRACON& Tower with Radar,4,28,35,40,107,0,7,61,5,73,4,35,96,45,180,95,56,151,331
04/29/2010,DLH,MN,AGL,CE,Combined TRACON& Tower with Radar,4,26,27,8,65,0,0,40,4,44,4,26,67,12,109,0,18,18,127
04/30/2010,DLH,MN,AGL,CE,Combined TRACON& Tower with Radar,11,20,33,6,70,0,0,2,0,2,11,20,35,6,72,0,0,0,72
05/01/2010,DLH,MN,AGL,CE,Combined TRACON& Tower with Radar,2,11,6,13,32,0,1,9,4,14,2,12,15,17,46,2,6,8,54
05/02/2010,DLH,MN,AGL,CE,Combined TRACON& Tower with Radar,2,18,8,4,32,0,4,15,1,20,2,22,23,5,52,18,0,18,70
05/03/2010,DLH,MN,AGL,CE,Combined TRACON& Tower with Radar,8,20,14,0,42,0,8,15,3,26,8,28,29,3,68,4,0,4,72
05/04/2010,DLH,MN,AGL,CE,Combined TRACON& Tower with Radar,2,29,16,14,61,0,0,30,3,33,2,29,46,17,94,18,8,26,120
05/05/2010,DLH,MN,AGL,CE,Combined TRACON& Tower with Radar,2,33,32,14,81,0,0,29,2,31,2,33,61,16,112,38,32,70,182
05/06/2010,DLH,MN,AGL,CE,Combined TRACON& Tower with Radar,2,27,53,25,107,0,2,44,9,55,2,29,97,34,162,30,32,62,224
05/07/2010,DLH,MN,AGL,CE,Combined TRACON& Tower with Radar,5,22,10,3,40,0,0,1,0,1,5,22,11,3,41,0,0,0,41
05/08/2010,DLH,MN,AGL,CE,Combined TRACON& Tower with Radar,2,25,8,0,35,0,6,32,2,40,2,31,40,2,75,18,0,18,93
05/09/2010,DLH,MN,AGL,CE,Combined TRACON& Tower with Radar,2,22,11,0,35,0,16,58,6,80,2,38,69,6,115,26,0,26,141
05/10/2010,DLH,MN,AGL,CE,Combined TRACON& Tower with Radar,8,21,43,13,85,0,0,50,0,50,8,21,93,13,135,40,6,46,181
05/11/2010,DLH,MN,AGL,CE,Combined TRACON& Tower with Radar,2,27,40,11,80,0,0,31,2,33,2,27,71,13,113,6,16,22,135
05/12/2010,DLH,MN,AGL,CE,Combined TRACON& Tower with Radar,2,28,23,23,76,0,2,18,0,20,2,30,41,23,96,6,18,24,120
05/13/2010,DLH,MN,AGL,CE,Combined TRACON& Tower with Radar,9,25,20,0,54,0,0,0,0,0,9,25,20,0,54,0,0,0,54
05/14/2010,DLH,MN,AGL,CE,Combined TRACON& Tower with Radar,8,27,67,3,105,0,2,29,0,31,8,29,96,3,136,16,0,16,152
05/15/2010,DLH,MN,AGL,CE,Combined TRACON& Tower with Radar,2,21,17,0,40,0,6,24,2,32,2,27,41,2,72,6,0,6,78
05/16/2010,DLH,MN,AGL,CE,Combined TRACON& Tower with Radar,2,18,11,0,31,0,8,10,5,23,2,26,21,5,54,30,0,30,84
05/17/2010,DLH,MN,AGL,CE,Combined TRACON& Tower with Radar,7,32,46,4,89,0,6,71,10,87,7,38,117,14,176,80,8,88,264
05/18/2010,DLH,MN,AGL,CE,Combined TRACON& Tower with Radar,3,28,38,16,85,0,1,63,10,74,3,29,101,26,159,40,34,74,233
05/19/2010,DLH,MN,AGL,CE,Combined TRACON& Tower with Radar,4,30,56,8,98,0,14,99,10,123,4,44,155,18,221,52,12,64,285
05/20/2010,DLH,MN,AGL,CE,Combined TRACON& Tower with Radar,2,28,43,14,87,0,0,47,3,50,2,28,90,17,137,24,40,64,201
05/21/2010,DLH,MN,AGL,CE,Combined TRACON& Tower with Radar,7,25,26,4,62,0,9,45,2,56,7,34,71,6,118,12,6,18,136
05/22/2010,DLH,MN,AGL,CE,Combined TRACON& Tower with Radar,1,20,10,2,33,0,3,12,0,15,1,23,22,2,48,12,0,12,60
05/23/2010,DLH,MN,AGL,CE,Combined TRACON& Tower with Radar,2,17,10,0,29,0,0,15,0,15,2,17,25,0,44,8,0,8,52
05/24/2010,DLH,MN,AGL,CE,Combined TRACON& Tower with Radar,7,22,25,2,56,0,2,10,0,12,7,24,35,2,68,10,0,10,78
05/25/2010,DLH,MN,AGL,CE,Combined TRACON& Tower with Radar,8,26,34,29,97,0,2,46,1,49,8,28,80,30,146,26,38,64,210
05/26/2010,DLH,MN,AGL,CE,Combined TRACON& Tower with Radar,2,34,38,12,86,0,15,55,7,77,2,49,93,19,163,42,10,52,215
05/27/2010,DLH,MN,AGL,CE,Combined TRACON& Tower with Radar,2,35,37,16,90,0,6,77,3,86,2,41,114,19,176,78,12,90,266
05/28/2010,DLH,MN,AGL,CE,Combined TRACON& Tower with Radar,5,40,28,0,73,0,1,62,2,65,5,41,90,2,138,34,0,34,172
05/29/2010,DLH,MN,AGL,CE,Combined TRACON& Tower with Radar,1,21,15,2,39,0,2,15,2,19,1,23,30,4,58,12,0,12,70
05/30/2010,DLH,MN,AGL,CE,Combined TRACON& Tower with Radar,2,16,10,1,29,0,4,13,0,17,2,20,23,1,46,0,0,0,46
05/31/2010,DLH,MN,AGL,CE,Combined TRACON& Tower with Radar,8,15,19,0,42,0,0,32,0,32,8,15,51,0,74,44,0,44,118
06/01/2010,DLH,MN,AGL,CE,Combined TRACON& Tower with Radar,2,33,26,23,84,0,0,44,1,45,2,33,70,24,129,20,8,28,157
06/02/2010,DLH,MN,AGL,CE,Combined TRACON& Tower with Radar,4,35,34,13,86,0,3,77,5,85,4,38,111,18,171,70,26,96,267
06/03/2010,DLH,MN,AGL,CE,Combined TRACON& Tower with Radar,3,22,38,30,93,0,2,61,5,68,3,24,99,35,161,74,54,128,289
06/04/2010,DLH,MN,AGL,CE,Combined TRACON& Tower with Radar,6,33,44,0,83,0,0,6,0,6,6,33,50,0,89,0,0,0,89
06/05/2010,DLH,MN,AGL,CE,Combined TRACON& Tower with Radar,4,21,18,1,44,0,3,20,1,24,4,24,38,2,68,8,0,8,76
06/06/2010,DLH,MN,AGL,CE,Combined TRACON& Tower with Radar,4,19,20,0,43,0,0,12,0,12,4,19,32,0,55,0,0,0,55
06/07/2010,DLH,MN,AGL,CE,Combined TRACON& Tower with Radar,4,26,21,9,60,0,1,70,5,76,4,27,91,14,136,84,2,86,222
06/08/2010,DLH,MN,AGL,CE,Combined TRACON& Tower with Radar,2,25,25,10,62,0,0,7,0,7,2,25,32,10,69,4,0,4,73
06/09/2010,DLH,MN,AGL,CE,Combined TRACON& Tower with Radar,4,28,3,514,549,0,0,50,0,50,4,28,53,514,599,34,0,34,633
06/10/2010,DLH,MN,AGL,CE,Combined TRACON& Tower with Radar,0,33,26,4,63,0,1,39,4,44,0,34,65,8,107,18,2,20,127
06/11/2010,DLH,MN,AGL,CE,Combined TRACON& Tower with Radar,2,39,13,0,54,0,4,1,0,5,2,43,14,0,59,0,0,0,59
06/12/2010,DLH,MN,AGL,CE,Combined TRACON& Tower with Radar,4,25,8,1,38,0,0,0,0,0,4,25,8,1,38,0,0,0,38
06/13/2010,DLH,MN,AGL,CE,Combined TRACON& Tower with Radar,3,19,19,1,42,0,0,3,0,3,3,19,22,1,45,0,0,0,45
06/14/2010,DLH,MN,AGL,CE,Combined TRACON& Tower with Radar,2,34,41,0,77,0,0,8,0,8,2,34,49,0,85,5,0,5,90
06/15/2010,DLH,MN,AGL,CE,Combined TRACON& Tower with Radar,0,32,26,1,59,0,0,0,0,0,0,32,26,1,59,0,0,0,59
06/16/2010,DLH,MN,AGL,CE,Combined TRACON& Tower with Radar,5,28,50,1,84,0,1,44,0,45,5,29,94,1,129,12,0,12,141
06/17/2010,DLH,MN,AGL,CE,Combined TRACON& Tower with Radar,0,35,39,4,78,0,2,50,2,54,0,37,89,6,132,34,0,34,166
06/18/2010,DLH,MN,AGL,CE,Combined TRACON& Tower with Radar,2,34,32,2,70,0,4,36,0,40,2,38,68,2,110,19,2,21,131
06/19/2010,DLH,MN,AGL,CE,Combined TRACON& Tower with Radar,2,21,33,2,58,0,2,23,0,25,2,23,56,2,83,4,0,4,87
06/20/2010,DLH,MN,AGL,CE,Combined TRACON& Tower with Radar,1,22,26,2,51,0,4,35,1,40,1,26,61,3,91,42,0,42,133
06/21/2010,DLH,MN,AGL,CE,Combined TRACON& Tower with Radar,2,25,27,2,56,0,0,23,0,23,2,25,50,2,79,4,0,4,83
06/22/2010,DLH,MN,AGL,CE,Combined TRACON& Tower with Radar,0,32,34,8,74,0,0,45,2,47,0,32,79,10,121,60,6,66,187
06/23/2010,DLH,MN,AGL,CE,Combined TRACON& Tower with Radar,2,32,31,8,73,0,2,50,1,53,2,34,81,9,126,50,0,50,176
06/24/2010,DLH,MN,AGL,CE,Combined TRACON& Tower with Radar,0,33,26,13,72,0,0,51,4,55,0,33,77,17,127,24,32,56,183
06/25/2010,DLH,MN,AGL,CE,Combined TRACON& Tower with Radar,17,37,22,1,77,0,0,30,0,30,17,37,52,1,107,22,0,22,129
06/26/2010,DLH,MN,AGL,CE,Combined TRACON& Tower with Radar,4,35,44,0,83,0,3,3,0,6,4,38,47,0,89,4,0,4,93
06/27/2010,DLH,MN,AGL,CE,Combined TRACON& Tower with Radar,3,20,18,2,43,0,2,20,0,22,3,22,38,2,65,28,0,28,93
06/28/2010,DLH,MN,AGL,CE,Combined TRACON& Tower with Radar,2,29,21,12,64,0,6,41,3,50,2,35,62,15,114,44,20,64,178
06/29/2010,DLH,MN,AGL,CE,Combined TRACON& Tower with Radar,0,37,42,8,87,0,2,79,1,82,0,39,121,9,169,124,14,138,307
06/30/2010,DLH,MN,AGL,CE,Combined TRACON& Tower with Radar,2,30,40,14,86,0,5,80,4,89,2,35,120,18,175,86,11,97,272
07/01/2010,DLH,MN,AGL,CE,Combined TRACON& Tower with Radar,0,32,18,10,60,0,5,66,3,74,0,37,84,13,134,93,24,117,251
07/02/2010,DLH,MN,AGL,CE,Combined TRACON& Tower with Radar,9,26,17,4,56,0,8,33,0,41,9,34,50,4,97,62,1,63,160
07/03/2010,DLH,MN,AGL,CE,Combined TRACON& Tower with Radar,6,24,19,0,49,0,2,35,0,37,6,26,54,0,86,52,0,52,138
07/04/2010,DLH,MN,AGL,CE,Combined TRACON& Tower with Radar,2,22,10,5,39,0,5,7,3,15,2,27,17,8,54,4,0,4,58
07/05/2010,DLH,MN,AGL,CE,Combined TRACON& Tower with Radar,2,25,15,2,44,0,3,23,1,27,2,28,38,3,71,12,0,12,83
07/06/2010,DLH,MN,AGL,CE,Combined TRACON& Tower with Radar,0,28,34,3,65,0,4,49,10,63,0,32,83,13,128,40,0,40,168
07/07/2010,DLH,MN,AGL,CE,Combined TRACON& Tower with Radar,2,34,25,21,82,0,3,57,4,64,2,37,82,25,146,62,28,90,236
07/08/2010,DLH,MN,AGL,CE,Combined TRACON& Tower with Radar,0,36,25,8,69,0,3,55,4,62,0,39,80,12,131,23,12,35,166
07/09/2010,DLH,MN,AGL,CE,Combined TRACON& Tower with Radar,2,35,38,6,81,0,8,71,7,86,2,43,109,13,167,46,8,54,221
07/10/2010,DLH,MN,AGL,CE,Combined TRACON& Tower with Radar,2,26,22,10,60,0,1,40,2,43,2,27,62,12,103,30,4,34,137
07/11/2010,DLH,MN,AGL,CE,Combined TRACON& Tower with Radar,0,29,22,0,51,0,2,8,0,10,0,31,30,0,61,0,0,0,61
07/12/2010,DLH,MN,AGL,CE,Combined TRACON& Tower with Radar,2,31,42,7,82,0,1,82,6,89,2,32,124,13,171,26,4,30,201
07/13/2010,DLH,MN,AGL,CE,Combined TRACON& Tower with Radar,5,38,23,17,83,0,0,64,7,71,5,38,87,24,154,18,15,33,187
07/14/2010,DLH,MN,AGL,CE,Combined TRACON& Tower with Radar,2,35,21,1,59,0,0,5,0,5,2,35,26,1,64,0,0,0,64
07/15/2010,DLH,MN,AGL,CE,Combined TRACON& Tower with Radar,0,36,16,18,70,0,0,63,19,82,0,36,79,37,152,30,26,56,208
07/16/2010,DLH,MN,AGL,CE,Combined TRACON& Tower with Radar,4,36,19,11,70,0,0,49,19,68,4,36,68,30,138,28,2,30,168
07/17/2010,DLH,MN,AGL,CE,Combined TRACON& Tower with Radar,2,23,12,2,39,0,5,49,0,54,2,28,61,2,93,6,18,24,117
07/18/2010,DLH,MN,AGL,CE,Combined TRACON& Tower with Radar,0,23,18,6,47,0,3,80,4,87,0,26,98,10,134,4,22,26,160
07/19/2010,DLH,MN,AGL,CE,Combined TRACON& Tower with Radar,4,31,25,15,75,0,4,44,2,50,4,35,69,17,125,14,0,14,139
07/20/2010,DLH,MN,AGL,CE,Combined TRACON& Tower with Radar,3,34,24,11,72,0,0,75,0,75,3,34,99,11,147,44,6,50,197
07/21/2010,DLH,MN,AGL,CE,Combined TRACON& Tower with Radar,2,29,31,14,76,0,2,69,5,76,2,31,100,19,152,62,18,80,232
07/22/2010,DLH,MN,AGL,CE,Combined TRACON& Tower with Radar,1,33,26,14,74,0,0,42,6,48,1,33,68,20,122,2,26,28,150
07/23/2010,DLH,MN,AGL,CE,Combined TRACON& Tower with Radar,2,31,37,15,85,0,2,43,3,48,2,33,80,18,133,64,8,72,205
07/24/2010,DLH,MN,AGL,CE,Combined TRACON& Tower with Radar,2,23,24,5,54,0,2,49,7,58,2,25,73,12,112,20,14,34,146
07/25/2010,DLH,MN,AGL,CE,Combined TRACON& Tower with Radar,2,23,22,0,47,0,11,47,12,70,2,34,69,12,117,4,0,4,121
07/26/2010,DLH,MN,AGL,CE,Combined TRACON& Tower with Radar,2,28,14,19,63,0,2,57,6,65,2,30,71,25,128,18,18,36,164
07/27/2010,DLH,MN,AGL,CE,Combined TRACON& Tower with Radar,2,30,24,2,58,0,0,16,0,16,2,30,40,2,74,2,0,2,76
07/28/2010,DLH,MN,AGL,CE,Combined TRACON& Tower with Radar,7,29,31,24,91,0,3,66,9,78,7,32,97,33,169,14,26,40,209
07/29/2010,DLH,MN,AGL,CE,Combined TRACON& Tower with Radar,0,30,38,11,79,0,1,74,0,75,0,31,112,11,154,12,20,32,186
07/30/2010,DLH,MN,AGL,CE,Combined TRACON& Tower with Radar,2,31,25,6,64,0,0,49,1,50,2,31,74,7,114,0,6,6,120
07/31/2010,DLH,MN,AGL,CE,Combined TRACON& Tower with Radar,2,23,18,8,51,0,1,23,2,26,2,24,41,10,77,0,0,0,77
08/01/2010,DLH,MN,AGL,CE,Combined TRACON& Tower with Radar,0,25,20,6,51,0,6,22,3,31,0,31,42,9,82,0,0,0,82
08/02/2010,DLH,MN,AGL,CE,Combined TRACON& Tower with Radar,2,28,46,6,82,0,1,19,1,21,2,29,65,7,103,44,0,44,147
08/03/2010,DLH,MN,AGL,CE,Combined TRACON& Tower with Radar,0,33,23,16,72,0,2,43,2,47,0,35,66,18,119,82,22,104,223
08/04/2010,DLH,MN,AGL,CE,Combined TRACON& Tower with Radar,2,32,19,9,62,0,1,45,5,51,2,33,64,14,113,42,4,46,159
08/05/2010,DLH,MN,AGL,CE,Combined TRACON& Tower with Radar,0,36,28,1,65,0,7,37,5,49,0,43,65,6,114,10,0,10,124
08/06/2010,DLH,MN,AGL,CE,Combined TRACON& Tower with Radar,2,37,29,2,70,0,9,58,2,69,2,46,87,4,139,10,0,10,149
08/07/2010,DLH,MN,AGL,CE,Combined TRACON& Tower with Radar,2,25,18,9,54,0,6,25,2,33,2,31,43,11,87,20,4,24,111
08/08/2010,DLH,MN,AGL,CE,Combined TRACON& Tower with Radar,0,22,29,1,52,0,0,8,0,8,0,22,37,1,60,0,0,0,60
08/09/2010,DLH,MN,AGL,CE,Combined TRACON& Tower with Radar,2,23,27,0,52,0,11,34,0,45,2,34,61,0,97,36,0,36,133
08/10/2010,DLH,MN,AGL,CE,Combined TRACON& Tower with Radar,3,40,18,6,67,0,2,33,1,36,3,42,51,7,103,48,2,50,153
08/11/2010,DLH,MN,AGL,CE,Combined TRACON& Tower with Radar,2,43,44,9,98,0,2,26,0,28,2,45,70,9,126,26,6,32,158
08/12/2010,DLH,MN,AGL,CE,Combined TRACON& Tower with Radar,2,36,24,12,74,0,5,46,0,51,2,41,70,12,125,22,10,32,157
08/13/2010,DLH,MN,AGL,CE,Combined TRACON& Tower with Radar,2,33,26,5,66,0,2,26,0,28,2,35,52,5,94,24,4,28,122
08/14/2010,DLH,MN,AGL,CE,Combined TRACON& Tower with Radar,2,23,11,0,36,0,0,19,0,19,2,23,30,0,55,28,0,28,83
08/15/2010,DLH,MN,AGL,CE,Combined TRACON& Tower with Radar,0,22,18,1,41,0,4,23,0,27,0,26,41,1,68,18,0,18,86
08/16/2010,DLH,MN,AGL,CE,Combined TRACON& Tower with Radar,2,28,16,14,60,0,10,41,0,51,2,38,57,14,111,26,12,38,149
08/17/2010,DLH,MN,AGL,CE,Combined TRACON& Tower with Radar,0,40,21,19,80,0,11,63,0,74,0,51,84,19,154,44,16,60,214
08/18/2010,DLH,MN,AGL,CE,Combined TRACON& Tower with Radar,2,35,10,14,61,0,5,9,0,14,2,40,19,14,75,0,9,9,84
08/19/2010,DLH,MN,AGL,CE,Combined TRACON& Tower with Radar,0,32,31,38,101,0,4,52,0,56,0,36,83,38,157,46,42,88,245
08/20/2010,DLH,MN,AGL,CE,Combined TRACON& Tower with Radar,2,33,41,1,77,0,0,0,0,0,2,33,41,1,77,0,0,0,77
08/21/2010,DLH,MN,AGL,CE,Combined TRACON& Tower with Radar,2,27,16,2,47,0,3,10,0,13,2,30,26,2,60,18,0,18,78
08/22/2010,DLH,MN,AGL,CE,Combined TRACON& Tower with Radar,0,24,19,0,43,0,0,20,0,20,0,24,39,0,63,2,0,2,65
08/23/2010,DLH,MN,AGL,CE,Combined TRACON& Tower with Radar,2,27,29,20,78,0,2,56,3,61,2,29,85,23,139,50,64,114,253
08/24/2010,DLH,MN,AGL,CE,Combined TRACON& Tower with Radar,0,30,12,16,58,0,6,27,1,34,0,36,39,17,92,22,6,28,120
08/25/2010,DLH,MN,AGL,CE,Combined TRACON& Tower with Radar,2,33,37,18,90,0,17,50,0,67,2,50,87,18,157,26,54,80,237
08/26/2010,DLH,MN,AGL,CE,Combined TRACON& Tower with Radar,0,32,34,6,72,0,10,69,0,79,0,42,103,6,151,56,8,64,215
08/27/2010,DLH,MN,AGL,CE,Combined TRACON& Tower with Radar,2,31,32,8,73,0,9,52,5,66,2,40,84,13,139,48,18,66,205
08/28/2010,DLH,MN,AGL,CE,Combined TRACON& Tower with Radar,2,22,17,0,41,0,2,9,0,11,2,24,26,0,52,4,0,4,56
08/29/2010,DLH,MN,AGL,CE,Combined TRACON& Tower with Radar,0,22,16,0,38,0,6,19,0,25,0,28,35,0,63,22,0,22,85
08/30/2010,DLH,MN,AGL,CE,Combined TRACON& Tower with Radar,4,27,27,12,70,0,8,26,0,34,4,35,53,12,104,16,6,22,126
08/31/2010,DLH,MN,AGL,CE,Combined TRACON& Tower with Radar,2,35,22,19,78,0,4,24,2,30,2,39,46,21,108,20,12,32,140
09/01/2010,DLH,MN,AGL,CE,Combined TRACON& Tower with Radar,2,30,33,26,91,0,0,79,2,81,2,30,112,28,172,26,38,64,236
09/02/2010,DLH,MN,AGL,CE,Combined TRACON& Tower with Radar,0,35,39,14,88,0,0,13,0,13,0,35,52,14,101,8,2,10,111
09/03/2010,DLH,MN,AGL,CE,Combined TRACON& Tower with Radar,6,36,34,6,82,0,7,16,0,23,6,43,50,6,105,12,2,14,119
09/04/2010,DLH,MN,AGL,CE,Combined TRACON& Tower with Radar,2,22,16,20,60,0,8,36,8,52,2,30,52,28,112,76,8,84,196
09/05/2010,DLH,MN,AGL,CE,Combined TRACON& Tower with Radar,0,20,10,6,36,0,28,34,2,64,0,48,44,8,100,56,2,58,158
09/06/2010,DLH,MN,AGL,CE,Combined TRACON& Tower with Radar,4,28,18,5,55,0,1,13,0,14,4,29,31,5,69,36,0,36,105
09/07/2010,DLH,MN,AGL,CE,Combined TRACON& Tower with Radar,0,25,29,12,66,0,2,2,1,5,0,27,31,13,71,40,18,58,129
09/08/2010,DLH,MN,AGL,CE,Combined TRACON& Tower with Radar,0,29,49,20,98,0,9,64,6,79,0,38,113,26,177,68,22,90,267
09/09/2010,DLH,MN,AGL,CE,Combined TRACON& Tower with Radar,2,32,31,33,98,0,5,75,6,86,2,37,106,39,184,62,28,90,274
09/10/2010,DLH,MN,AGL,CE,Combined TRACON& Tower with Radar,2,30,21,35,88,0,8,46,5,59,2,38,67,40,147,46,28,74,221
09/11/2010,DLH,MN,AGL,CE,Combined TRACON& Tower with Radar,2,21,13,0,36,2,14,14,4,34,4,35,27,4,70,24,0,24,94
09/12/2010,DLH,MN,AGL,CE,Combined TRACON& Tower with Radar,2,21,11,0,34,0,1,14,0,15,2,22,25,0,49,106,0,106,155
09/13/2010,DLH,MN,AGL,CE,Combined TRACON& Tower with Radar,2,29,14,2,47,0,6,62,1,69,2,35,76,3,116,44,0,44,160
09/14/2010,DLH,MN,AGL,CE,Combined TRACON& Tower with Radar,0,33,24,7,64,0,12,55,2,69,0,45,79,9,133,74,6,80,213
09/15/2010,DLH,MN,AGL,CE,Combined TRACON& Tower with Radar,0,29,25,7,61,0,0,25,2,27,0,29,50,9,88,32,6,38,126
09/16/2010,DLH,MN,AGL,CE,Combined TRACON& Tower with Radar,0,32,40,16,88,0,2,65,4,71,0,34,105,20,159,124,16,140,299
09/17/2010,DLH,MN,AGL,CE,Combined TRACON& Tower with Radar,2,32,35,11,80,0,5,35,1,41,2,37,70,12,121,60,4,64,185
09/18/2010,DLH,MN,AGL,CE,Combined TRACON& Tower with Radar,0,27,17,0,44,0,12,38,0,50,0,39,55,0,94,41,0,41,135
09/19/2010,DLH,MN,AGL,CE,Combined TRACON& Tower with Radar,4,26,11,0,41,0,15,20,0,35,4,41,31,0,76,30,0,30,106
09/20/2010,DLH,MN,AGL,CE,Combined TRACON& Tower with Radar,2,27,54,12,95,0,1,57,0,58,2,28,111,12,153,52,0,52,205
09/21/2010,DLH,MN,AGL,CE,Combined TRACON& Tower with Radar,0,31,47,11,89,0,3,37,0,40,0,34,84,11,129,48,2,50,179
09/22/2010,DLH,MN,AGL,CE,Combined TRACON& Tower with Radar,1,36,46,26,109,0,8,80,14,102,1,44,126,40,211,94,54,148,359
09/23/2010,DLH,MN,AGL,CE,Combined TRACON& Tower with Radar,0,32,22,0,54,0,0,0,0,0,0,32,22,0,54,0,0,0,54
09/24/2010,DLH,MN,AGL,CE,Combined TRACON& Tower with Radar,2,30,40,5,77,0,4,2,0,6,2,34,42,5,83,0,0,0,83
09/25/2010,DLH,MN,AGL,CE,Combined TRACON& Tower with Radar,0,24,15,0,39,0,9,29,0,38,0,33,44,0,77,20,0,20,97
09/26/2010,DLH,MN,AGL,CE,Combined TRACON& Tower with Radar,0,24,8,0,32,0,9,32,0,41,0,33,40,0,73,24,0,24,97
09/27/2010,DLH,MN,AGL,CE,Combined TRACON& Tower with Radar,2,28,23,8,61,0,6,52,0,58,2,34,75,8,119,28,0,28,147
09/28/2010,DLH,MN,AGL,CE,Combined TRACON& Tower with Radar,0,32,39,27,98,0,1,7,0,8,0,33,46,27,106,38,2,40,146
09/29/2010,DLH,MN,AGL,CE,Combined TRACON& Tower with Radar,0,30,34,23,87,0,5,44,3,52,0,35,78,26,139,86,40,126,265
09/30/2010,DLH,MN,AGL,CE,Combined TRACON& Tower with Radar,0,27,23,19,69,0,6,60,2,68,0,33,83,21,137,36,14,50,187
10/01/2010,DLH,MN,AGL,CE,Combined TRACON& Tower with Radar,4,28,20,8,60,0,1,30,0,31,4,29,50,8,91,33,0,33,124
10/02/2010,DLH,MN,AGL,CE,Combined TRACON& Tower with Radar,0,19,11,5,35,0,9,28,2,39,0,28,39,7,74,34,2,36,110
10/03/2010,DLH,MN,AGL,CE,Combined TRACON& Tower with Radar,0,22,13,0,35,0,1,44,0,45,0,23,57,0,80,28,0,28,108
10/04/2010,DLH,MN,AGL,CE,Combined TRACON& Tower with Radar,2,24,21,14,61,0,4,74,4,82,2,28,95,18,143,46,38,84,227
10/05/2010,DLH,MN,AGL,CE,Combined TRACON& Tower with Radar,0,31,16,18,65,0,4,45,8,57,0,35,61,26,122,32,16,48,170
10/06/2010,DLH,MN,AGL,CE,Combined TRACON& Tower with Radar,4,31,19,23,77,0,8,40,1,49,4,39,59,24,126,6,14,20,146
10/07/2010,DLH,MN,AGL,CE,Combined TRACON& Tower with Radar,0,31,18,13,62,0,25,37,4,66,0,56,55,17,128,32,2,34,162
10/08/2010,DLH,MN,AGL,CE,Combined TRACON& Tower with Radar,4,33,22,10,69,0,7,71,0,78,4,40,93,10,147,114,16,130,277
10/09/2010,DLH,MN,AGL,CE,Combined TRACON& Tower with Radar,0,22,10,0,32,0,12,25,0,37,0,34,35,0,69,90,0,90,159
10/10/2010,DLH,MN,AGL,CE,Combined TRACON& Tower with Radar,0,22,11,0,33,0,2,42,0,44,0,24,53,0,77,94,0,94,171
10/11/2010,DLH,MN,AGL,CE,Combined TRACON& Tower with Radar,8,24,14,0,46,0,4,64,0,68,8,28,78,0,114,106,0,106,220
10/12/2010,DLH,MN,AGL,CE,Combined TRACON& Tower with Radar,0,34,26,0,60,0,6,18,0,24,0,40,44,0,84,54,0,54,138
10/13/2010,DLH,MN,AGL,CE,Combined TRACON& Tower with Radar,0,31,20,36,87,0,4,43,0,47,0,35,63,36,134,103,43,146,280
10/14/2010,DLH,MN,AGL,CE,Combined TRACON& Tower with Radar,1,32,24,20,77,0,4,48,2,54,1,36,72,22,131,28,4,32,163
10/15/2010,DLH,MN,AGL,CE,Combined TRACON& Tower with Radar,4,32,23,15,74,0,6,38,12,56,4,38,61,27,130,82,16,98,228
10/16/2010,DLH,MN,AGL,CE,Combined TRACON& Tower with Radar,0,19,4,0,23,0,4,21,0,25,0,23,25,0,48,36,0,36,84
10/17/2010,DLH,MN,AGL,CE,Combined TRACON& Tower with Radar,0,22,13,0,35,0,12,38,0,50,0,34,51,0,85,128,0,128,213
10/18/2010,DLH,MN,AGL,CE,Combined TRACON& Tower with Radar,2,27,22,9,60,0,27,46,0,73,2,54,68,9,133,162,0,162,295
10/19/2010,DLH,MN,AGL,CE,Combined TRACON& Tower with Radar,0,34,13,8,55,0,7,58,0,65,0,41,71,8,120,153,16,169,289
10/20/2010,DLH,MN,AGL,CE,Combined TRACON& Tower with Radar,1,32,27,12,72,0,8,40,0,48,1,40,67,12,120,86,32,118,238
10/21/2010,DLH,MN,AGL,CE,Combined TRACON& Tower with Radar,1,32,15,28,76,0,11,65,3,79,1,43,80,31,155,100,54,154,309
10/22/2010,DLH,MN,AGL,CE,Combined TRACON& Tower with Radar,2,39,18,14,73,0,7,80,2,89,2,46,98,16,162,102,24,126,288
10/23/2010,DLH,MN,AGL,CE,Combined TRACON& Tower with Radar,0,24,21,0,45,0,0,1,0,1,0,24,22,0,46,0,0,0,46
10/24/2010,DLH,MN,AGL,CE,Combined TRACON& Tower with Radar,0,23,12,0,35,0,0,0,0,0,0,23,12,0,35,0,0,0,35
10/25/2010,DLH,MN,AGL,CE,Combined TRACON& Tower with Radar,2,25,13,2,42,0,0,0,0,0,2,25,13,2,42,0,0,0,42
10/26/2010,DLH,MN,AGL,CE,Combined TRACON& Tower with Radar,0,37,9,1,47,0,0,0,0,0,0,37,9,1,47,0,0,0,47
10/27/2010,DLH,MN,AGL,CE,Combined TRACON& Tower with Radar,0,27,4,0,31,0,0,14,10,24,0,27,18,10,55,42,38,80,135
10/28/2010,DLH,MN,AGL,CE,Combined TRACON& Tower with Radar,0,35,16,17,68,0,0,18,0,18,0,35,34,17,86,0,0,0,86
10/29/2010,DLH,MN,AGL,CE,Combined TRACON& Tower with Radar,2,30,18,8,58,0,3,75,4,82,2,33,93,12,140,190,6,196,336
10/30/2010,DLH,MN,AGL,CE,Combined TRACON& Tower with Radar,0,22,13,0,35,0,17,44,0,61,0,39,57,0,96,88,0,88,184
10/31/2010,DLH,MN,AGL,CE,Combined TRACON& Tower with Radar,4,21,11,0,36,0,0,24,1,25,4,21,35,1,61,30,0,30,91
11/01/2010,DLH,MN,AGL,CE,Combined TRACON& Tower with Radar,2,31,26,8,67,0,6,42,3,51,2,37,68,11,118,210,2,212,330
11/02/2010,DLH,MN,AGL,CE,Combined TRACON& Tower with Radar,0,32,20,13,65,0,5,61,8,74,0,37,81,21,139,190,48,238,377
11/03/2010,DLH,MN,AGL,CE,Combined TRACON& Tower with Radar,2,31,15,8,56,0,10,49,4,63,2,41,64,12,119,104,8,112,231
11/04/2010,DLH,MN,AGL,CE,Combined TRACON& Tower with Radar,0,31,32,2,65,0,4,67,0,71,0,35,99,2,136,58,0,58,194
11/05/2010,DLH,MN,AGL,CE,Combined TRACON& Tower with Radar,4,30,21,2,57,0,8,73,3,84,4,38,94,5,141,158,0,158,299
11/06/2010,DLH,MN,AGL,CE,Combined TRACON& Tower with Radar,0,21,4,2,27,0,7,12,0,19,0,28,16,2,46,93,0,93,139
11/07/2010,DLH,MN,AGL,CE,Combined TRACON& Tower with Radar,0,22,10,4,36,0,14,25,0,39,0,36,35,4,75,42,4,46,121
11/08/2010,DLH,MN,AGL,CE,Combined TRACON& Tower with Radar,4,23,17,6,50,0,5,71,0,76,4,28,88,6,126,148,0,148,274
11/09/2010,DLH,MN,AGL,CE,Combined TRACON& Tower with Radar,0,30,23,22,75,0,7,44,6,57,0,37,67,28,132,74,34,108,240
11/10/2010,DLH,MN,AGL,CE,Combined TRACON& Tower with Radar,0,31,17,5,53,0,8,52,1,61,0,39,69,6,114,72,12,84,198
11/11/2010,DLH,MN,AGL,CE,Combined TRACON& Tower with Radar,0,30,22,0,52,0,6,65,0,71,0,36,87,0,123,88,0,88,211
11/12/2010,DLH,MN,AGL,CE,Combined TRACON& Tower with Radar,2,31,22,4,59,0,18,33,0,51,2,49,55,4,110,70,0,70,180
11/13/2010,DLH,MN,AGL,CE,Combined TRACON& Tower with Radar,0,13,0,0,13,0,0,0,0,0,0,13,0,0,13,0,0,0,13
11/14/2010,DLH,MN,AGL,CE,Combined TRACON& Tower with Radar,0,20,3,0,23,0,0,1,0,1,0,20,4,0,24,0,0,0,24
11/15/2010,DLH,MN,AGL,CE,Combined TRACON& Tower with Radar,2,29,16,2,49,0,2,33,0,35,2,31,49,2,84,192,0,192,276
11/16/2010,DLH,MN,AGL,CE,Combined TRACON& Tower with Radar,0,36,18,10,64,0,5,25,1,31,0,41,43,11,95,62,4,66,161
11/17/2010,DLH,MN,AGL,CE,Combined TRACON& Tower with Radar,0,31,31,16,78,0,1,28,2,31,0,32,59,18,109,72,8,80,189
11/18/2010,DLH,MN,AGL,CE,Combined TRACON& Tower with Radar,0,29,43,37,109,0,0,58,1,59,0,29,101,38,168,42,44,86,254
11/19/2010,DLH,MN,AGL,CE,Combined TRACON& Tower with Radar,6,34,13,0,53,0,2,24,0,26,6,36,37,0,79,0,0,0,79
11/20/2010,DLH,MN,AGL,CE,Combined TRACON& Tower with Radar,0,21,4,6,31,0,0,3,1,4,0,21,7,7,35,0,0,0,35
11/21/2010,DLH,MN,AGL,CE,Combined TRACON& Tower with Radar,1,25,0,0,26,0,0,5,0,5,1,25,5,0,31,4,0,4,35
11/22/2010,DLH,MN,AGL,CE,Combined TRACON& Tower with Radar,4,26,13,0,43,0,1,5,0,6,4,27,18,0,49,0,0,0,49
11/23/2010,DLH,MN,AGL,CE,Combined TRACON& Tower with Radar,0,27,47,13,87,0,5,42,0,47,0,32,89,13,134,21,20,41,175
11/24/2010,DLH,MN,AGL,CE,Combined TRACON& Tower with Radar,0,34,21,9,64,0,0,8,0,8,0,34,29,9,72,14,4,18,90
11/25/2010,DLH,MN,AGL,CE,Combined TRACON& Tower with Radar,0,11,3,0,14,0,1,0,0,1,0,12,3,0,15,0,0,0,15
11/26/2010,DLH,MN,AGL,CE,Combined TRACON& Tower with Radar,4,20,4,0,28,0,1,3,0,4,4,21,7,0,32,0,0,0,32
11/27/2010,DLH,MN,AGL,CE,Combined TRACON& Tower with Radar,0,27,10,0,37,0,4,8,0,12,0,31,18,0,49,60,0,60,109
11/28/2010,DLH,MN,AGL,CE,Combined TRACON& Tower with Radar,0,22,7,0,29,0,2,30,0,32,0,24,37,0,61,90,0,90,151
11/29/2010,DLH,MN,AGL,CE,Combined TRACON& Tower with Radar,5,23,15,12,55,0,0,22,0,22,5,23,37,12,77,0,0,0,77
11/30/2010,DLH,MN,AGL,CE,Combined TRACON& Tower with Radar,0,28,5,0,33,0,0,16,2,18,0,28,21,2,51,112,6,118,169
12/01/2010,DLH,MN,AGL,CE,Combined TRACON& Tower with Radar,1,34,33,10,78,0,1,8,0,9,1,35,41,10,87,2,0,2,89
12/02/2010,DLH,MN,AGL,CE,Combined TRACON& Tower with Radar,0,31,38,12,81,0,4,22,0,26,0,35,60,12,107,16,0,16,123
12/03/2010,DLH,MN,AGL,CE,Combined TRACON& Tower with Radar,6,26,44,12,88,0,1,1,0,2,6,27,45,12,90,2,0,2,92
12/04/2010,DLH,MN,AGL,CE,Combined TRACON& Tower with Radar,0,18,13,6,37,0,4,20,0,24,0,22,33,6,61,82,0,82,143
12/05/2010,DLH,MN,AGL,CE,Combined TRACON& Tower with Radar,0,18,13,0,31,0,0,8,0,8,0,18,21,0,39,54,0,54,93
12/06/2010,DLH,MN,AGL,CE,Combined TRACON& Tower with Radar,7,25,23,26,81,0,0,43,2,45,7,25,66,28,126,49,19,68,194
12/07/2010,DLH,MN,AGL,CE,Combined TRACON& Tower with Radar,0,28,32,16,76,0,6,45,0,51,0,34,77,16,127,106,11,117,244
12/08/2010,DLH,MN,AGL,CE,Combined TRACON& Tower with Radar,0,23,62,13,98,0,3,59,0,62,0,26,121,13,160,127,12,139,299
12/09/2010,DLH,MN,AGL,CE,Combined TRACON& Tower with Radar,0,27,18,0,45,0,0,5,0,5,0,27,23,0,50,1,0,1,51
12/10/2010,DLH,MN,AGL,CE,Combined TRACON& Tower with Radar,5,25,34,6,70,0,1,73,8,82,5,26,107,14,152,90,28,118,270
12/11/2010,DLH,MN,AGL,CE,Combined TRACON& Tower with Radar,3,6,2,0,11,0,0,0,0,0,3,6,2,0,11,0,0,0,11
12/12/2010,DLH,MN,AGL,CE,Combined TRACON& Tower with Radar,2,23,6,0,31,0,2,17,0,19,2,25,23,0,50,21,0,21,71
12/13/2010,DLH,MN,AGL,CE,Combined TRACON& Tower with Radar,4,24,19,9,56,0,1,22,0,23,4,25,41,9,79,38,0,38,117
12/14/2010,DLH,MN,AGL,CE,Combined TRACON& Tower with Radar,0,28,27,17,72,0,5,34,2,41,0,33,61,19,113,50,12,62,175
12/15/2010,DLH,MN,AGL,CE,Combined TRACON& Tower with Radar,2,27,30,39,98,0,2,48,6,56,2,29,78,45,154,42,48,90,244
12/16/2010,DLH,MN,AGL,CE,Combined TRACON& Tower with Radar,0,25,35,20,80,0,3,57,11,71,0,28,92,31,151,100,48,148,299
12/17/2010,DLH,MN,AGL,CE,Combined TRACON& Tower with Radar,4,27,14,7,52,0,4,34,4,42,4,31,48,11,94,70,12,82,176
12/18/2010,DLH,MN,AGL,CE,Combined TRACON& Tower with Radar,2,19,17,1,39,0,0,4,0,4,2,19,21,1,43,28,0,28,71
12/19/2010,DLH,MN,AGL,CE,Combined TRACON& Tower with Radar,2,13,13,0,28,0,1,31,0,32,2,14,44,0,60,60,0,60,120
12/20/2010,DLH,MN,AGL,CE,Combined TRACON& Tower with Radar,4,12,22,6,44,0,0,13,0,13,4,12,35,6,57,0,0,0,57
12/21/2010,DLH,MN,AGL,CE,Combined TRACON& Tower with Radar,0,23,17,0,40,0,1,9,0,10,0,24,26,0,50,4,0,4,54
12/22/2010,DLH,MN,AGL,CE,Combined TRACON& Tower with Radar,2,30,44,23,99,0,1,4,0,5,2,31,48,23,104,0,0,0,104
12/23/2010,DLH,MN,AGL,CE,Combined TRACON& Tower with Radar,0,28,27,4,59,0,0,3,0,3,0,28,30,4,62,0,0,0,62
12/24/2010,DLH,MN,AGL,CE,Combined TRACON& Tower with Radar,4,17,3,0,24,0,0,6,0,6,4,17,9,0,30,2,0,2,32
12/25/2010,DLH,MN,AGL,CE,Combined TRACON& Tower with Radar,0,16,3,0,19,0,0,0,0,0,0,16,3,0,19,0,0,0,19
12/26/2010,DLH,MN,AGL,CE,Combined TRACON& Tower with Radar,0,20,17,0,37,0,0,1,0,1,0,20,18,0,38,0,0,0,38
12/27/2010,DLH,MN,AGL,CE,Combined TRACON& Tower with Radar,4,21,16,8,49,0,5,30,2,37,4,26,46,10,86,28,20,48,134
12/28/2010,DLH,MN,AGL,CE,Combined TRACON& Tower with Radar,0,24,39,17,80,0,3,54,0,57,0,27,93,17,137,44,26,70,207
12/29/2010,DLH,MN,AGL,CE,Combined TRACON& Tower with Radar,0,22,31,12,65,0,4,38,2,44,0,26,69,14,109,54,32,86,195
12/30/2010,DLH,MN,AGL,CE,Combined TRACON& Tower with Radar,0,20,3,0,23,0,0,0,0,0,0,20,3,0,23,0,0,0,23
12/31/2010,DLH,MN,AGL,CE,Combined TRACON& Tower with Radar,5,20,5,0,30,0,1,2,0,3,5,21,7,0,33,0,0,0,33
01/01/2011,DLH,MN,AGL,CE,Combined TRACON& Tower with Radar,1,17,4,0,22,0,2,0,0,2,1,19,4,0,24,0,0,0,24
01/02/2011,DLH,MN,AGL,CE,Combined TRACON& Tower with Radar,0,16,7,0,23,0,1,11,0,12,0,17,18,0,35,4,0,4,39
01/03/2011,DLH,MN,AGL,CE,Combined TRACON& Tower with Radar,6,15,8,14,43,0,3,21,2,26,6,18,29,16,69,36,6,42,111
01/04/2011,DLH,MN,AGL,CE,Combined TRACON& Tower with Radar,2,27,14,0,43,0,0,32,0,32,2,27,46,0,75,13,2,15,90
01/05/2011,DLH,MN,AGL,CE,Combined TRACON& Tower with Radar,0,24,10,1,35,0,0,23,0,23,0,24,33,1,58,14,0,14,72
01/06/2011,DLH,MN,AGL,CE,Combined TRACON& Tower with Radar,0,25,31,21,77,0,2,27,0,29,0,27,58,21,106,19,46,65,171
01/07/2011,DLH,MN,AGL,CE,Combined TRACON& Tower with Radar,4,24,21,0,49,0,2,10,4,16,4,26,31,4,65,46,18,64,129
01/08/2011,DLH,MN,AGL,CE,Combined TRACON& Tower with Radar,0,18,9,17,44,0,3,8,0,11,0,21,17,17,55,0,0,0,55
01/09/2011,DLH,MN,AGL,CE,Combined TRACON& Tower with Radar,2,17,8,0,27,0,0,9,2,11,2,17,17,2,38,18,6,24,62
01/10/2011,DLH,MN,AGL,CE,Combined TRACON& Tower with Radar,5,22,40,9,76,0,0,22,1,23,5,22,62,10,99,38,6,44,143
01/11/2011,DLH,MN,AGL,CE,Combined TRACON& Tower with Radar,0,23,15,3,41,0,0,0,0,0,0,23,15,3,41,0,0,0,41
01/12/2011,DLH,MN,AGL,CE,Combined TRACON& Tower with Radar,0,27,30,53,110,0,0,36,10,46,0,27,66,63,156,54,62,116,272
01/13/2011,DLH,MN,AGL,CE,Combined TRACON& Tower with Radar,2,27,21,5,55,0,0,0,0,0,2,27,21,5,55,2,0,2,57
01/14/2011,DLH,MN,AGL,CE,Combined TRACON& Tower with Radar,4,33,35,10,82,0,1,17,0,18,4,34,52,10,100,2,8,10,110
01/15/2011,DLH,MN,AGL,CE,Combined TRACON& Tower with Radar,0,23,23,0,46,0,4,41,0,45,0,27,64,0,91,50,0,50,141
01/16/2011,DLH,MN,AGL,CE,Combined TRACON& Tower with Radar,0,17,24,0,41,0,1,30,0,31,0,18,54,0,72,68,0,68,140
01/17/2011,DLH,MN,AGL,CE,Combined TRACON& Tower with Radar,4,20,25,0,49,0,2,3,0,5,4,22,28,0,54,4,0,4,58
01/18/2011,DLH,MN,AGL,CE,Combined TRACON& Tower with Radar,0,27,20,15,62,0,3,36,0,39,0,30,56,15,101,62,6,68,169
01/19/2011,DLH,MN,AGL,CE,Combined TRACON& Tower with Radar,0,22,33,46,101,0,2,31,1,34,0,24,64,47,135,85,134,219,354
01/20/2011,DLH,MN,AGL,CE,Combined TRACON& Tower with Radar,0,28,12,14,54,0,3,11,0,14,0,31,23,14,68,0,40,40,108
01/21/2011,DLH,MN,AGL,CE,Combined TRACON& Tower with Radar,4,24,21,2,51,0,1,28,0,29,4,25,49,2,80,18,8,26,106
01/22/2011,DLH,MN,AGL,CE,Combined TRACON& Tower with Radar,2,17,4,4,27,0,2,14,0,16,2,19,18,4,43,34,0,34,77
01/23/2011,DLH,MN,AGL,CE,Combined TRACON& Tower with Radar,0,19,7,0,26,0,0,9,0,9,0,19,16,0,35,58,0,58,93
01/24/2011,DLH,MN,AGL,CE,Combined TRACON& Tower with Radar,4,23,22,12,61,0,0,6,0,6,4,23,28,12,67,14,8,22,89
01/25/2011,DLH,MN,AGL,CE,Combined TRACON& Tower with Radar,0,23,10,2,35,0,0,21,1,22,0,23,31,3,57,76,0,76,133
01/26/2011,DLH,MN,AGL,CE,Combined TRACON& Tower with Radar,0,26,30,1,57,0,2,46,0,48,0,28,76,1,105,66,0,66,171
01/27/2011,DLH,MN,AGL,CE,Combined TRACON& Tower with Radar,0,29,18,2,49,0,0,8,2,10,0,29,26,4,59,16,2,18,77
01/28/2011,DLH,MN,AGL,CE,Combined TRACON& Tower with Radar,4,27,15,0,46,0,0,6,0,6,4,27,21,0,52,6,0,6,58
01/29/2011,DLH,MN,AGL,CE,Combined TRACON& Tower with Radar,0,18,3,0,21,0,2,1,0,3,0,20,4,0,24,0,0,0,24
01/30/2011,DLH,MN,AGL,CE,Combined TRACON& Tower with Radar,0,21,18,0,39,0,5,30,0,35,0,26,48,0,74,64,0,64,138
01/31/2011,DLH,MN,AGL,CE,Combined TRACON& Tower with Radar,4,21,20,0,45,0,0,0,0,0,4,21,20,0,45,12,0,12,57
02/01/2011,DLH,MN,AGL,CE,Combined TRACON& Tower with Radar,1,25,23,8,57,0,1,54,0,55,1,26,77,8,112,105,34,139,251
02/02/2011,DLH,MN,AGL,CE,Combined TRACON& Tower with Radar,0,18,9,2,29,0,3,39,0,42,0,21,48,2,71,68,4,72,143
02/03/2011,DLH,MN,AGL,CE,Combined TRACON& Tower with Radar,0,21,29,2,52,0,3,47,0,50,0,24,76,2,102,48,0,48,150
02/04/2011,DLH,MN,AGL,CE,Combined TRACON& Tower with Radar,4,31,17,2,54,0,11,2,0,13,4,42,19,2,67,0,0,0,67
02/05/2011,DLH,MN,AGL,CE,Combined TRACON& Tower with Radar,2,17,16,6,41,0,0,2,0,2,2,17,18,6,43,6,0,6,49
02/06/2011,DLH,MN,AGL,CE,Combined TRACON& Tower with Radar,0,19,9,0,28,0,0,3,0,3,0,19,12,0,31,12,0,12,43
02/07/2011,DLH,MN,AGL,CE,Combined TRACON& Tower with Radar,4,19,10,10,43,0,2,17,1,20,4,21,27,11,63,81,6,87,150
02/08/2011,DLH,MN,AGL,CE,Combined TRACON& Tower with Radar,0,28,17,12,57,0,7,38,4,49,0,35,55,16,106,36,30,66,172
02/09/2011,DLH,MN,AGL,CE,Combined TRACON& Tower with Radar,0,24,23,10,57,0,1,37,1,39,0,25,60,11,96,46,6,52,148
02/10/2011,DLH,MN,AGL,CE,Combined TRACON& Tower with Radar,0,24,19,11,54,0,2,45,5,52,0,26,64,16,106,74,28,102,208
02/11/2011,DLH,MN,AGL,CE,Combined TRACON& Tower with Radar,5,27,25,0,57,0,0,13,0,13,5,27,38,0,70,8,0,8,78
02/12/2011,DLH,MN,AGL,CE,Combined TRACON& Tower with Radar,1,19,5,0,25,0,1,6,0,7,1,20,11,0,32,8,0,8,40
02/13/2011,DLH,MN,AGL,CE,Combined TRACON& Tower with Radar,1,18,6,0,25,0,5,20,0,25,1,23,26,0,50,20,0,20,70
02/14/2011,DLH,MN,AGL,CE,Combined TRACON& Tower with Radar,4,19,21,12,56,0,0,24,3,27,4,19,45,15,83,52,6,58,141
02/15/2011,DLH,MN,AGL,CE,Combined TRACON& Tower with Radar,5,25,22,12,64,0,7,42,4,53,5,32,64,16,117,76,18,94,211
02/16/2011,DLH,MN,AGL,CE,Combined TRACON& Tower with Radar,1,24,41,9,75,0,3,60,0,63,1,27,101,9,138,57,2,59,197
02/17/2011,DLH,MN,AGL,CE,Combined TRACON& Tower with Radar,0,17,6,0,23,0,0,0,0,0,0,17,6,0,23,0,0,0,23
02/18/2011,DLH,MN,AGL,CE,Combined TRACON& Tower with Radar,11,24,19,2,56,0,4,25,0,29,11,28,44,2,85,9,0,9,94
02/19/2011,DLH,MN,AGL,CE,Combined TRACON& Tower with Radar,3,18,22,0,43,0,5,29,1,35,3,23,51,1,78,26,0,26,104
02/20/2011,DLH,MN,AGL,CE,Combined TRACON& Tower with Radar,0,10,2,0,12,0,1,0,0,1,0,11,2,0,13,0,0,0,13
02/21/2011,DLH,MN,AGL,CE,Combined TRACON& Tower with Radar,4,15,22,0,41,0,2,0,0,2,4,17,22,0,43,0,0,0,43
02/22/2011,DLH,MN,AGL,CE,Combined TRACON& Tower with Radar,0,28,34,15,77,0,5,50,2,57,0,33,84,17,134,104,30,134,268
02/23/2011,DLH,MN,AGL,CE,Combined TRACON& Tower with Radar,1,24,17,6,48,0,1,9,0,10,1,25,26,6,58,0,2,2,60
02/24/2011,DLH,MN,AGL,CE,Combined TRACON& Tower with Radar,0,28,34,40,102,0,2,49,0,51,0,30,83,40,153,53,60,113,266
02/25/2011,DLH,MN,AGL,CE,Combined TRACON& Tower with Radar,4,22,36,26,88,0,2,44,0,46,4,24,80,26,134,42,36,78,212
02/26/2011,DLH,MN,AGL,CE,Combined TRACON& Tower with Radar,0,18,23,6,47,0,7,20,4,31,0,25,43,10,78,18,16,34,112
02/27/2011,DLH,MN,AGL,CE,Combined TRACON& Tower with Radar,0,18,16,0,34,0,0,10,0,10,0,18,26,0,44,16,0,16,60
02/28/2011,DLH,MN,AGL,CE,Combined TRACON& Tower with Radar,4,19,25,22,70,0,7,49,3,59,4,26,74,25,129,140,70,210,339
03/01/2011,DLH,MN,AGL,CE,Combined TRACON& Tower with Radar,0,24,24,37,85,0,2,36,8,46,0,26,60,45,131,48,52,100,231
03/02/2011,DLH,MN,AGL,CE,Combined TRACON& Tower with Radar,0,26,23,18,67,0,2,61,5,68,0,28,84,23,135,88,46,134,269
03/03/2011,DLH,MN,AGL,CE,Combined TRACON& Tower with Radar,1,23,11,0,35,0,0,3,0,3,1,23,14,0,38,0,0,0,38
03/04/2011,DLH,MN,AGL,CE,Combined TRACON& Tower with Radar,4,18,36,0,58,0,2,43,0,45,4,20,79,0,103,86,0,86,189
03/05/2011,DLH,MN,AGL,CE,Combined TRACON& Tower with Radar,0,19,22,0,41,0,0,31,0,31,0,19,53,0,72,42,0,42,114
03/06/2011,DLH,MN,AGL,CE,Combined TRACON& Tower with Radar,2,20,6,0,28,0,2,13,2,17,2,22,19,2,45,38,8,46,91
03/07/2011,DLH,MN,AGL,CE,Combined TRACON& Tower with Radar,4,20,18,12,54,0,8,31,0,39,4,28,49,12,93,48,0,48,141
03/08/2011,DLH,MN,AGL,CE,Combined TRACON& Tower with Radar,0,24,23,29,76,0,0,30,2,32,0,24,53,31,108,36,40,76,184
03/09/2011,DLH,MN,AGL,CE,Combined TRACON& Tower with Radar,4,26,20,18,68,0,3,13,0,16,4,29,33,18,84,26,24,50,134
03/10/2011,DLH,MN,AGL,CE,Combined TRACON& Tower with Radar,0,26,32,21,79,0,2,96,0,98,0,28,128,21,177,114,30,144,321
03/11/2011,DLH,MN,AGL,CE,Combined TRACON& Tower with Radar,4,23,31,14,72,0,3,48,2,53,4,26,79,16,125,72,4,76,201
03/12/2011,DLH,MN,AGL,CE,Combined TRACON& Tower with Radar,2,18,6,0,26,0,1,0,0,1,2,19,6,0,27,0,0,0,27
03/13/2011,DLH,MN,AGL,CE,Combined TRACON& Tower with Radar,0,18,13,0,31,0,0,24,1,25,0,18,37,1,56,64,22,86,142
03/14/2011,DLH,MN,AGL,CE,Combined TRACON& Tower with Radar,4,19,20,10,53,0,1,53,1,55,4,20,73,11,108,120,2,122,230
03/15/2011,DLH,MN,AGL,CE,Combined TRACON& Tower with Radar,0,33,19,18,70,0,0,26,0,26,0,33,45,18,96,45,2,47,143
03/16/2011,DLH,MN,AGL,CE,Combined TRACON& Tower with Radar,0,26,36,5,67,0,9,55,0,64,0,35,91,5,131,122,4,126,257
03/17/2011,DLH,MN,AGL,CE,Combined TRACON& Tower with Radar,2,28,16,39,85,0,0,45,11,56,2,28,61,50,141,80,62,142,283
03/18/2011,DLH,MN,AGL,CE,Combined TRACON& Tower with Radar,2,25,26,4,57,0,0,68,0,68,2,25,94,4,125,110,0,110,235
03/19/2011,DLH,MN,AGL,CE,Combined TRACON& Tower with Radar,4,18,12,0,34,0,0,15,0,15,4,18,27,0,49,14,0,14,63
03/20/2011,DLH,MN,AGL,CE,Combined TRACON& Tower with Radar,2,13,2,0,17,0,0,0,0,0,2,13,2,0,17,0,0,0,17
03/21/2011,DLH,MN,AGL,CE,Combined TRACON& Tower with Radar,4,17,22,12,55,0,1,5,0,6,4,18,27,12,61,0,0,0,61
03/22/2011,DLH,MN,AGL,CE,Combined TRACON& Tower with Radar,0,20,6,0,26,0,0,1,0,1,0,20,7,0,27,34,24,58,85
03/23/2011,DLH,MN,AGL,CE,Combined TRACON& Tower with Radar,3,16,7,1,27,0,5,1,0,6,3,21,8,1,33,0,0,0,33
03/24/2011,DLH,MN,AGL,CE,Combined TRACON& Tower with Radar,2,33,37,31,103,0,11,78,9,98,2,44,115,40,201,70,48,118,319
03/25/2011,DLH,MN,AGL,CE,Combined TRACON& Tower with Radar,4,27,21,22,74,0,8,40,6,54,4,35,61,28,128,46,20,66,194
03/26/2011,DLH,MN,AGL,CE,Combined TRACON& Tower with Radar,0,20,24,2,46,0,2,13,0,15,0,22,37,2,61,30,0,30,91
03/27/2011,DLH,MN,AGL,CE,Combined TRACON& Tower with Radar,0,19,18,0,37,0,6,41,0,47,0,25,59,0,84,88,0,88,172
03/28/2011,DLH,MN,AGL,CE,Combined TRACON& Tower with Radar,4,23,29,9,65,0,2,49,0,51,4,25,78,9,116,78,14,92,208
03/29/2011,DLH,MN,AGL,CE,Combined TRACON& Tower with Radar,0,22,17,38,77,0,4,61,1,66,0,26,78,39,143,104,108,212,355
03/30/2011,DLH,MN,AGL,CE,Combined TRACON& Tower with Radar,0,22,36,23,81,0,10,66,2,78,0,32,102,25,159,30,22,52,211
03/31/2011,DLH,MN,AGL,CE,Combined TRACON& Tower with Radar,0,24,23,28,75,0,0,60,7,67,0,24,83,35,142,44,36,80,222
04/01/2011,DLH,MN,AGL,CE,Combined TRACON& Tower with Radar,4,31,7,0,42,0,1,0,0,1,4,32,7,0,43,0,0,0,43
04/02/2011,DLH,MN,AGL,CE,Combined TRACON& Tower with Radar,4,17,17,0,38,0,2,24,0,26,4,19,41,0,64,34,0,34,98
04/03/2011,DLH,MN,AGL,CE,Combined TRACON& Tower with Radar,0,13,1,0,14,0,0,0,0,0,0,13,1,0,14,0,0,0,14
04/04/2011,DLH,MN,AGL,CE,Combined TRACON& Tower with Radar,6,21,7,2,36,0,1,17,0,18,6,22,24,2,54,60,0,60,114
04/05/2011,DLH,MN,AGL,CE,Combined TRACON& Tower with Radar,0,31,25,10,66,0,0,83,0,83,0,31,108,10,149,158,0,158,307
04/06/2011,DLH,MN,AGL,CE,Combined TRACON& Tower with Radar,4,32,29,22,87,0,0,67,2,69,4,32,96,24,156,128,16,144,300
04/07/2011,DLH,MN,AGL,CE,Combined TRACON& Tower with Radar,2,30,30,5,67,0,0,98,2,100,2,30,128,7,167,94,4,98,265
04/08/2011,DLH,MN,AGL,CE,Combined TRACON& Tower with Radar,6,27,25,8,66,0,1,54,2,57,6,28,79,10,123,62,36,98,221
04/09/2011,DLH,MN,AGL,CE,Combined TRACON& Tower with Radar,0,20,18,1,39,0,2,23,0,25,0,22,41,1,64,96,0,96,160
04/10/2011,DLH,MN,AGL,CE,Combined TRACON& Tower with Radar,0,9,3,0,12,0,0,0,0,0,0,9,3,0,12,0,0,0,12
04/11/2011,DLH,MN,AGL,CE,Combined TRACON& Tower with Radar,2,18,10,5,35,0,2,18,0,20,2,20,28,5,55,38,0,38,93
04/12/2011,DLH,MN,AGL,CE,Combined TRACON& Tower with Radar,1,28,37,10,76,0,8,31,0,39,1,36,68,10,115,0,0,0,115
04/13/2011,DLH,MN,AGL,CE,Combined TRACON& Tower with Radar,1,30,34,13,78,0,2,67,3,72,1,32,101,16,150,114,10,124,274
04/14/2011,DLH,MN,AGL,CE,Combined TRACON& Tower with Radar,0,30,20,4,54,0,4,18,0,22,0,34,38,4,76,0,0,0,76
04/15/2011,DLH,MN,AGL,CE,Combined TRACON& Tower with Radar,8,31,19,2,60,0,2,36,0,38,8,33,55,2,98,82,18,100,198
04/16/2011,DLH,MN,AGL,CE,Combined TRACON& Tower with Radar,0,18,6,6,30,0,0,2,0,2,0,18,8,6,32,18,0,18,50
04/17/2011,DLH,MN,AGL,CE,Combined TRACON& Tower with Radar,0,20,9,0,29,0,6,19,0,25,0,26,28,0,54,28,0,28,82
04/18/2011,DLH,MN,AGL,CE,Combined TRACON& Tower with Radar,6,28,21,2,57,0,1,14,0,15,6,29,35,2,72,36,26,62,134
04/19/2011,DLH,MN,AGL,CE,Combined TRACON& Tower with Radar,0,29,22,32,83,0,1,43,3,47,0,30,65,35,130,42,40,82,212
04/20/2011,DLH,MN,AGL,CE,Combined TRACON& Tower with Radar,0,29,29,10,68,0,3,31,2,36,0,32,60,12,104,56,8,64,168
04/21/2011,DLH,MN,AGL,CE,Combined TRACON& Tower with Radar,0,29,29,16,74,0,2,55,4,61,0,31,84,20,135,80,38,118,253
04/22/2011,DLH,MN,AGL,CE,Combined TRACON& Tower with Radar,4,26,12,8,50,0,2,5,0,7,4,28,17,8,57,72,24,96,153
04/23/2011,DLH,MN,AGL,CE,Combined TRACON& Tower with Radar,0,18,6,0,24,0,1,7,0,8,0,19,13,0,32,0,0,0,32
04/24/2011,DLH,MN,AGL,CE,Combined TRACON& Tower with Radar,0,18,12,0,30,0,4,12,0,16,0,22,24,0,46,10,0,10,56
04/25/2011,DLH,MN,AGL,CE,Combined TRACON& Tower with Radar,4,27,14,0,45,0,4,44,0,48,4,31,58,0,93,60,0,60,153
04/26/2011,DLH,MN,AGL,CE,Combined TRACON& Tower with Radar,0,26,14,2,42,0,1,5,0,6,0,27,19,2,48,2,2,4,52
04/27/2011,DLH,MN,AGL,CE,Combined TRACON& Tower with Radar,0,33,12,0,45,0,0,2,0,2,0,33,14,0,47,0,0,0,47
04/28/2011,DLH,MN,AGL,CE,Combined TRACON& Tower with Radar,0,27,19,2,48,0,4,29,1,34,0,31,48,3,82,50,2,52,134
04/29/2011,DLH,MN,AGL,CE,Combined TRACON& Tower with Radar,4,28,26,3,61,0,1,58,0,59,4,29,84,3,120,90,0,90,210
04/30/2011,DLH,MN,AGL,CE,Combined TRACON& Tower with Radar,0,19,8,9,36,0,0,4,2,6,0,19,12,11,42,22,0,22,64
05/01/2011,DLH,MN,AGL,CE,Combined TRACON& Tower with Radar,0,18,12,0,30,0,4,10,0,14,0,22,22,0,44,0,0,0,44
05/02/2011,DLH,MN,AGL,CE,Combined TRACON& Tower with Radar,4,26,16,6,52,0,1,34,0,35,4,27,50,6,87,32,0,32,119
05/03/2011,DLH,MN,AGL,CE,Combined TRACON& Tower with Radar,0,30,27,12,69,0,3,79,0,82,0,33,106,12,151,60,6,66,217
05/04/2011,DLH,MN,AGL,CE,Combined TRACON& Tower with Radar,0,30,29,15,74,0,5,66,3,74,0,35,95,18,148,34,50,84,232
05/05/2011,DLH,MN,AGL,CE,Combined TRACON& Tower with Radar,0,31,35,9,75,0,0,9,0,9,0,31,44,9,84,24,0,24,108
05/06/2011,DLH,MN,AGL,CE,Combined TRACON& Tower with Radar,2,38,25,21,86,0,2,59,0,61,2,40,84,21,147,62,18,80,227
05/07/2011,DLH,MN,AGL,CE,Combined TRACON& Tower with Radar,0,19,15,0,34,0,2,42,0,44,0,21,57,0,78,80,0,80,158
05/08/2011,DLH,MN,AGL,CE,Combined TRACON& Tower with Radar,2,21,5,0,28,0,4,10,0,14,2,25,15,0,42,54,0,54,96
05/09/2011,DLH,MN,AGL,CE,Combined TRACON& Tower with Radar,8,28,14,4,54,0,2,14,0,16,8,30,28,4,70,90,0,90,160
05/10/2011,DLH,MN,AGL,CE,Combined TRACON& Tower with Radar,0,28,34,9,71,0,1,40,1,42,0,29,74,10,113,54,0,54,167
05/11/2011,DLH,MN,AGL,CE,Combined TRACON& Tower with Radar,0,30,30,42,102,0,1,45,8,54,0,31,75,50,156,90,50,140,296
05/12/2011,DLH,MN,AGL,CE,Combined TRACON& Tower with Radar,1,29,33,10,73,0,0,42,3,45,1,29,75,13,118,82,4,86,204
05/13/2011,DLH,MN,AGL,CE,Combined TRACON& Tower with Radar,3,29,54,2,88,0,8,11,0,19,3,37,65,2,107,0,0,0,107
05/14/2011,DLH,MN,AGL,CE,Combined TRACON& Tower with Radar,3,16,6,1,26,0,4,18,2,24,3,20,24,3,50,10,0,10,60
05/15/2011,DLH,MN,AGL,CE,Combined TRACON& Tower with Radar,0,22,12,0,34,0,2,39,0,41,0,24,51,0,75,74,0,74,149
05/16/2011,DLH,MN,AGL,CE,Combined TRACON& Tower with Radar,2,26,16,8,52,0,6,62,0,68,2,32,78,8,120,96,18,114,234
05/17/2011,DLH,MN,AGL,CE,Combined TRACON& Tower with Radar,0,29,24,23,76,0,2,72,7,81,0,31,96,30,157,74,42,116,273
05/18/2011,DLH,MN,AGL,CE,Combined TRACON& Tower with Radar,0,31,37,8,76,0,6,91,4,101,0,37,128,12,177,60,12,72,249
05/19/2011,DLH,MN,AGL,CE,Combined TRACON& Tower with Radar,0,31,43,26,100,0,1,66,12,79,0,32,109,38,179,98,62,160,339
05/20/2011,DLH,MN,AGL,CE,Combined TRACON& Tower with Radar,2,29,23,12,66,0,3,61,1,65,2,32,84,13,131,48,28,76,207
05/21/2011,DLH,MN,AGL,CE,Combined TRACON& Tower with Radar,0,13,5,15,33,0,1,5,0,6,0,14,10,15,39,0,18,18,57
05/22/2011,DLH,MN,AGL,CE,Combined TRACON& Tower with Radar,0,15,14,0,29,0,1,1,0,2,0,16,15,0,31,16,0,16,47
05/23/2011,DLH,MN,AGL,CE,Combined TRACON& Tower with Radar,4,24,22,5,55,0,3,30,0,33,4,27,52,5,88,82,4,86,174
05/24/2011,DLH,MN,AGL,CE,Combined TRACON& Tower with Radar,1,29,32,35,97,0,2,67,3,72,1,31,99,38,169,108,24,132,301
05/25/2011,DLH,MN,AGL,CE,Combined TRACON& Tower with Radar,0,29,46,47,122,0,6,105,15,126,0,35,151,62,248,168,74,242,490
05/26/2011,DLH,MN,AGL,CE,Combined TRACON& Tower with Radar,0,28,26,14,68,0,8,96,2,106,0,36,122,16,174,148,44,192,366
05/27/2011,DLH,MN,AGL,CE,Combined TRACON& Tower with Radar,2,30,28,0,60,0,4,52,0,56,2,34,80,0,116,70,0,70,186
05/28/2011,DLH,MN,AGL,CE,Combined TRACON& Tower with Radar,3,18,1,0,22,0,5,4,0,9,3,23,5,0,31,0,0,0,31
05/29/2011,DLH,MN,AGL,CE,Combined TRACON& Tower with Radar,0,18,14,0,32,0,7,19,0,26,0,25,33,0,58,6,0,6,64
05/30/2011,DLH,MN,AGL,CE,Combined TRACON& Tower with Radar,5,15,12,0,32,0,0,0,0,0,5,15,12,0,32,0,0,0,32
05/31/2011,DLH,MN,AGL,CE,Combined TRACON& Tower with Radar,0,27,16,8,51,0,1,22,3,26,0,28,38,11,77,12,0,12,89
06/01/2011,DLH,MN,AGL,CE,Combined TRACON& Tower with Radar,0,29,26,8,63,0,1,23,0,24,0,30,49,8,87,0,12,12,99
06/02/2011,DLH,MN,AGL,CE,Combined TRACON& Tower with Radar,0,37,25,9,71,0,3,57,1,61,0,40,82,10,132,82,6,88,220
06/03/2011,DLH,MN,AGL,CE,Combined TRACON& Tower with Radar,2,30,17,9,58,0,2,17,0,19,2,32,34,9,77,18,2,20,97
06/04/2011,DLH,MN,AGL,CE,Combined TRACON& Tower with Radar,0,20,15,0,35,0,7,65,0,72,0,27,80,0,107,98,12,110,217
06/05/2011,DLH,MN,AGL,CE,Combined TRACON& Tower with Radar,2,22,13,8,45,0,3,27,5,35,2,25,40,13,80,62,16,78,158
06/06/2011,DLH,MN,AGL,CE,Combined TRACON& Tower with Radar,2,25,20,14,61,0,1,45,0,46,2,26,65,14,107,94,4,98,205
06/07/2011,DLH,MN,AGL,CE,Combined TRACON& Tower with Radar,1,27,15,15,58,0,11,54,9,74,1,38,69,24,132,64,36,100,232
06/08/2011,DLH,MN,AGL,CE,Combined TRACON& Tower with Radar,2,28,35,10,75,0,5,42,0,47,2,33,77,10,122,96,12,108,230
06/09/2011,DLH,MN,AGL,CE,Combined TRACON& Tower with Radar,0,28,18,8,54,0,1,53,0,54,0,29,71,8,108,98,12,110,218
06/10/2011,DLH,MN,AGL,CE,Combined TRACON& Tower with Radar,2,31,24,8,65,0,0,40,0,40,2,31,64,8,105,79,18,97,202
06/11/2011,DLH,MN,AGL,CE,Combined TRACON& Tower with Radar,0,24,11,13,48,0,10,19,1,30,0,34,30,14,78,122,22,144,222
06/12/2011,DLH,MN,AGL,CE,Combined TRACON& Tower with Radar,0,21,11,1,33,0,5,19,0,24,0,26,30,1,57,46,0,46,103
06/13/2011,DLH,MN,AGL,CE,Combined TRACON& Tower with Radar,2,29,20,1,52,0,2,52,2,56,2,31,72,3,108,90,0,90,198
06/14/2011,DLH,MN,AGL,CE,Combined TRACON& Tower with Radar,2,30,20,18,70,0,11,32,0,43,2,41,52,18,113,46,16,62,175
06/15/2011,DLH,MN,AGL,CE,Combined TRACON& Tower with Radar,0,32,37,5,74,0,0,9,0,9,0,32,46,5,83,20,0,20,103
06/16/2011,DLH,MN,AGL,CE,Combined TRACON& Tower with Radar,2,27,35,0,64,0,0,2,0,2,2,27,37,0,66,0,0,0,66
06/17/2011,DLH,MN,AGL,CE,Combined TRACON& Tower with Radar,2,34,33,0,69,0,0,29,6,35,2,34,62,6,104,48,0,48,152
06/18/2011,DLH,MN,AGL,CE,Combined TRACON& Tower with Radar,2,28,13,0,43,0,0,0,0,0,2,28,13,0,43,0,0,0,43
06/19/2011,DLH,MN,AGL,CE,Combined TRACON& Tower with Radar,6,18,17,0,41,0,0,0,0,0,6,18,17,0,41,0,0,0,41
06/20/2011,DLH,MN,AGL,CE,Combined TRACON& Tower with Radar,4,14,32,4,54,0,3,21,0,24,4,17,53,4,78,16,0,16,94
06/21/2011,DLH,MN,AGL,CE,Combined TRACON& Tower with Radar,0,28,20,0,48,0,0,3,0,3,0,28,23,0,51,0,0,0,51
06/22/2011,DLH,MN,AGL,CE,Combined TRACON& Tower with Radar,2,28,13,0,43,0,0,0,0,0,2,28,13,0,43,0,0,0,43
06/23/2011,DLH,MN,AGL,CE,Combined TRACON& Tower with Radar,0,28,42,27,97,0,3,2,0,5,0,31,44,27,102,2,20,22,124
06/24/2011,DLH,MN,AGL,CE,Combined TRACON& Tower with Radar,2,30,34,7,73,0,13,80,2,95,2,43,114,9,168,70,4,74,242
06/25/2011,DLH,MN,AGL,CE,Combined TRACON& Tower with Radar,0,22,21,0,43,0,4,48,4,56,0,26,69,4,99,30,0,30,129
06/26/2011,DLH,MN,AGL,CE,Combined TRACON& Tower with Radar,0,20,13,2,35,0,0,12,0,12,0,20,25,2,47,0,0,0,47
06/27/2011,DLH,MN,AGL,CE,Combined TRACON& Tower with Radar,4,24,18,9,55,0,0,23,0,23,4,24,41,9,78,60,0,60,138
06/28/2011,DLH,MN,AGL,CE,Combined TRACON& Tower with Radar,0,38,34,36,108,0,1,110,7,118,0,39,144,43,226,96,32,128,354
06/29/2011,DLH,MN,AGL,CE,Combined TRACON& Tower with Radar,2,33,41,8,84,0,2,76,4,82,2,35,117,12,166,106,8,114,280
06/30/2011,DLH,MN,AGL,CE,Combined TRACON& Tower with Radar,0,30,38,18,86,0,1,29,0,30,0,31,67,18,116,120,14,134,250
07/01/2011,DLH,MN,AGL,CE,Combined TRACON& Tower with Radar,4,32,14,0,50,0,1,14,0,15,4,33,28,0,65,0,0,0,65
07/02/2011,DLH,MN,AGL,CE,Combined TRACON& Tower with Radar,2,25,4,0,31,0,0,19,0,19,2,25,23,0,50,14,0,14,64
07/03/2011,DLH,MN,AGL,CE,Combined TRACON& Tower with Radar,4,18,8,0,30,0,7,21,0,28,4,25,29,0,58,6,0,6,64
07/04/2011,DLH,MN,AGL,CE,Combined TRACON& Tower with Radar,2,20,8,1,31,0,2,13,2,17,2,22,21,3,48,2,0,2,50
07/05/2011,DLH,MN,AGL,CE,Combined TRACON& Tower with Radar,0,30,22,25,77,0,10,44,0,54,0,40,66,25,131,42,14,56,187
07/06/2011,DLH,MN,AGL,CE,Combined TRACON& Tower with Radar,0,27,37,15,79,0,2,75,5,82,0,29,112,20,161,112,22,134,295
07/07/2011,DLH,MN,AGL,CE,Combined TRACON& Tower with Radar,0,30,30,11,71,0,2,53,0,55,0,32,83,11,126,66,0,66,192
07/08/2011,DLH,MN,AGL,CE,Combined TRACON& Tower with Radar,6,31,28,6,71,0,11,50,0,61,6,42,78,6,132,62,0,62,194
07/09/2011,DLH,MN,AGL,CE,Combined TRACON& Tower with Radar,0,21,1,0,22,0,2,6,0,8,0,23,7,0,30,16,0,16,46
07/10/2011,DLH,MN,AGL,CE,Combined TRACON& Tower with Radar,2,19,15,0,36,0,2,23,1,26,2,21,38,1,62,6,0,6,68
07/11/2011,DLH,MN,AGL,CE,Combined TRACON& Tower with Radar,2,25,24,9,60,0,4,63,0,67,2,29,87,9,127,74,8,82,209
07/12/2011,DLH,MN,AGL,CE,Combined TRACON& Tower with Radar,0,31,25,27,83,0,1,37,1,39,0,32,62,28,122,24,40,64,186
07/13/2011,DLH,MN,AGL,CE,Combined TRACON& Tower with Radar,0,25,32,3,60,0,4,66,3,73,0,29,98,6,133,62,0,62,195
07/14/2011,DLH,MN,AGL,CE,Combined TRACON& Tower with Radar,1,25,42,30,98,0,6,31,1,38,1,31,73,31,136,24,20,44,180
07/15/2011,DLH,MN,AGL,CE,Combined TRACON& Tower with Radar,4,29,14,0,47,0,1,1,0,2,4,30,15,0,49,0,0,0,49
07/16/2011,DLH,MN,AGL,CE,Combined TRACON& Tower with Radar,0,21,20,0,41,0,1,14,0,15,0,22,34,0,56,16,0,16,72
07/17/2011,DLH,MN,AGL,CE,Combined TRACON& Tower with Radar,0,22,12,6,40,0,0,12,4,16,0,22,24,10,56,0,8,8,64
07/18/2011,DLH,MN,AGL,CE,Combined TRACON& Tower with Radar,6,18,27,15,66,0,3,34,3,40,6,21,61,18,106,8,4,12,118
07/19/2011,DLH,MN,AGL,CE,Combined TRACON& Tower with Radar,0,26,24,20,70,0,3,33,2,38,0,29,57,22,108,88,32,120,228
07/20/2011,DLH,MN,AGL,CE,Combined TRACON& Tower with Radar,0,32,18,4,54,0,6,38,3,47,0,38,56,7,101,24,8,32,133
07/21/2011,DLH,MN,AGL,CE,Combined TRACON& Tower with Radar,0,29,19,13,61,0,8,73,1,82,0,37,92,14,143,68,10,78,221
07/22/2011,DLH,MN,AGL,CE,Combined TRACON& Tower with Radar,2,28,32,18,80,0,18,63,2,83,2,46,95,20,163,62,28,90,253
07/23/2011,DLH,MN,AGL,CE,Combined TRACON& Tower with Radar,0,20,8,4,32,0,4,4,0,8,0,24,12,4,40,0,0,0,40
07/24/2011,DLH,MN,AGL,CE,Combined TRACON& Tower with Radar,0,24,27,0,51,0,2,21,1,24,0,26,48,1,75,14,0,14,89
07/25/2011,DLH,MN,AGL,CE,Combined TRACON& Tower with Radar,2,29,15,13,59,0,9,47,4,60,2,38,62,17,119,56,42,98,217
07/26/2011,DLH,MN,AGL,CE,Combined TRACON& Tower with Radar,1,25,21,18,65,0,4,60,0,64,1,29,81,18,129,166,8,174,303
07/27/2011,DLH,MN,AGL,CE,Combined TRACON& Tower with Radar,1,29,20,2,52,0,0,1,0,1,1,29,21,2,53,0,0,0,53
07/28/2011,DLH,MN,AGL,CE,Combined TRACON& Tower with Radar,2,27,38,14,81,0,1,55,0,56,2,28,93,14,137,238,4,242,379
07/29/2011,DLH,MN,AGL,CE,Combined TRACON& Tower with Radar,2,32,24,4,62,0,11,41,0,52,2,43,65,4,114,90,0,90,204
07/30/2011,DLH,MN,AGL,CE,Combined TRACON& Tower with Radar,0,27,6,2,35,0,3,28,1,32,0,30,34,3,67,118,0,118,185
07/31/2011,DLH,MN,AGL,CE,Combined TRACON& Tower with Radar,0,21,11,3,35,0,10,39,0,49,0,31,50,3,84,26,16,42,126
08/01/2011,DLH,MN,AGL,CE,Combined TRACON& Tower with Radar,6,30,18,6,60,0,3,44,0,47,6,33,62,6,107,88,16,104,211
08/02/2011,DLH,MN,AGL,CE,Combined TRACON& Tower with Radar,0,28,27,36,91,0,8,23,2,33,0,36,50,38,124,44,46,90,214
08/03/2011,DLH,MN,AGL,CE,Combined TRACON& Tower with Radar,0,30,17,4,51,0,7,64,4,75,0,37,81,8,126,38,6,44,170
08/04/2011,DLH,MN,AGL,CE,Combined TRACON& Tower with Radar,0,29,25,15,69,0,0,64,1,65,0,29,89,16,134,130,6,136,270
08/05/2011,DLH,MN,AGL,CE,Combined TRACON& Tower with Radar,2,28,31,21,82,0,7,65,2,74,2,35,96,23,156,64,30,94,250
08/06/2011,DLH,MN,AGL,CE,Combined TRACON& Tower with Radar,0,25,8,9,42,0,0,20,0,20,0,25,28,9,62,96,0,96,158
08/07/2011,DLH,MN,AGL,CE,Combined TRACON& Tower with Radar,0,20,7,17,44,0,2,19,1,22,0,22,26,18,66,22,0,22,88
08/08/2011,DLH,MN,AGL,CE,Combined TRACON& Tower with Radar,2,22,27,11,62,0,0,32,7,39,2,22,59,18,101,32,8,40,141
08/09/2011,DLH,MN,AGL,CE,Combined TRACON& Tower with Radar,0,26,31,9,66,0,7,20,0,27,0,33,51,9,93,28,0,28,121
08/10/2011,DLH,MN,AGL,CE,Combined TRACON& Tower with Radar,0,33,20,8,61,0,10,71,5,86,0,43,91,13,147,84,10,94,241
08/11/2011,DLH,MN,AGL,CE,Combined TRACON& Tower with Radar,0,30,22,4,56,0,5,48,0,53,0,35,70,4,109,68,8,76,185
08/12/2011,DLH,MN,AGL,CE,Combined TRACON& Tower with Radar,2,31,22,0,55,0,4,41,2,47,2,35,63,2,102,56,0,56,158
08/13/2011,DLH,MN,AGL,CE,Combined TRACON& Tower with Radar,0,22,12,0,34,0,5,20,2,27,0,27,32,2,61,8,0,8,69
08/14/2011,DLH,MN,AGL,CE,Combined TRACON& Tower with Radar,0,23,9,0,32,0,5,31,0,36,0,28,40,0,68,46,0,46,114
08/15/2011,DLH,MN,AGL,CE,Combined TRACON& Tower with Radar,2,25,26,10,63,0,4,31,0,35,2,29,57,10,98,10,0,10,108
08/16/2011,DLH,MN,AGL,CE,Combined TRACON& Tower with Radar,2,28,30,11,71,0,5,29,0,34,2,33,59,11,105,26,4,30,135
08/17/2011,DLH,MN,AGL,CE,Combined TRACON& Tower with Radar,0,30,36,2,68,0,5,69,0,74,0,35,105,2,142,98,0,98,240
08/18/2011,DLH,MN,AGL,CE,Combined TRACON& Tower with Radar,0,31,20,23,74,0,6,50,1,57,0,37,70,24,131,74,18,92,223
08/19/2011,DLH,MN,AGL,CE,Combined TRACON& Tower with Radar,2,33,31,0,66,0,13,51,0,64,2,46,82,0,130,58,0,58,188
08/20/2011,DLH,MN,AGL,CE,Combined TRACON& Tower with Radar,0,23,12,0,35,0,17,35,0,52,0,40,47,0,87,8,0,8,95
08/21/2011,DLH,MN,AGL,CE,Combined TRACON& Tower with Radar,0,19,15,8,42,0,8,25,0,33,0,27,40,8,75,0,18,18,93
08/22/2011,DLH,MN,AGL,CE,Combined TRACON& Tower with Radar,2,32,17,11,62,0,2,47,3,52,2,34,64,14,114,28,10,38,152
08/23/2011,DLH,MN,AGL,CE,Combined TRACON& Tower with Radar,0,28,16,7,51,0,0,28,1,29,0,28,44,8,80,46,4,50,130
08/24/2011,DLH,MN,AGL,CE,Combined TRACON& Tower with Radar,0,28,35,40,103,0,2,27,1,30,0,30,62,41,133,14,86,100,233
08/25/2011,DLH,MN,AGL,CE,Combined TRACON& Tower with Radar,2,30,17,12,61,0,8,77,1,86,2,38,94,13,147,58,46,104,251
08/26/2011,DLH,MN,AGL,CE,Combined TRACON& Tower with Radar,2,34,31,8,75,0,7,58,1,66,2,41,89,9,141,44,6,50,191
08/27/2011,DLH,MN,AGL,CE,Combined TRACON& Tower with Radar,0,17,26,31,74,0,17,51,3,71,0,34,77,34,145,20,20,40,185
08/28/2011,DLH,MN,AGL,CE,Combined TRACON& Tower with Radar,4,22,12,0,38,0,2,28,0,30,4,24,40,0,68,16,0,16,84
08/29/2011,DLH,MN,AGL,CE,Combined TRACON& Tower with Radar,2,30,28,15,75,0,3,55,0,58,2,33,83,15,133,66,6,72,205
08/30/2011,DLH,MN,AGL,CE,Combined TRACON& Tower with Radar,3,31,26,21,81,0,4,53,0,57,3,35,79,21,138,60,42,102,240
08/31/2011,DLH,MN,AGL,CE,Combined TRACON& Tower with Radar,1,27,17,4,49,0,0,0,0,0,1,27,17,4,49,0,0,0,49
09/01/2011,DLH,MN,AGL,CE,Combined TRACON& Tower with Radar,0,31,20,7,58,0,2,28,0,30,0,33,48,7,88,34,0,34,122
09/02/2011,DLH,MN,AGL,CE,Combined TRACON& Tower with Radar,4,29,18,3,54,0,11,54,3,68,4,40,72,6,122,75,14,89,211
09/03/2011,DLH,MN,AGL,CE,Combined TRACON& Tower with Radar,0,17,13,0,30,0,2,26,0,28,0,19,39,0,58,56,0,56,114
09/04/2011,DLH,MN,AGL,CE,Combined TRACON& Tower with Radar,0,16,10,0,26,0,6,10,0,16,0,22,20,0,42,14,0,14,56
09/05/2011,DLH,MN,AGL,CE,Combined TRACON& Tower with Radar,2,23,15,0,40,0,0,48,2,50,2,23,63,2,90,128,6,134,224
09/06/2011,DLH,MN,AGL,CE,Combined TRACON& Tower with Radar,0,30,26,11,67,0,6,61,4,71,0,36,87,15,138,124,22,146,284
09/07/2011,DLH,MN,AGL,CE,Combined TRACON& Tower with Radar,0,27,26,9,62,0,2,73,4,79,0,29,99,13,141,64,22,86,227
09/08/2011,DLH,MN,AGL,CE,Combined TRACON& Tower with Radar,0,28,33,27,88,0,8,74,3,85,0,36,107,30,173,83,21,104,277
09/09/2011,DLH,MN,AGL,CE,Combined TRACON& Tower with Radar,4,30,27,16,77,0,2,67,0,69,4,32,94,16,146,94,8,102,248
09/10/2011,DLH,MN,AGL,CE,Combined TRACON& Tower with Radar,1,18,21,0,40,0,5,68,0,73,1,23,89,0,113,50,0,50,163
09/11/2011,DLH,MN,AGL,CE,Combined TRACON& Tower with Radar,0,23,13,2,38,0,4,43,0,47,0,27,56,2,85,41,0,41,126
09/12/2011,DLH,MN,AGL,CE,Combined TRACON& Tower with Radar,2,22,16,2,42,0,2,26,0,28,2,24,42,2,70,36,12,48,118
09/13/2011,DLH,MN,AGL,CE,Combined TRACON& Tower with Radar,0,25,17,28,70,0,1,62,0,63,0,26,79,28,133,156,30,186,319
09/14/2011,DLH,MN,AGL,CE,Combined TRACON& Tower with Radar,2,26,19,6,53,0,0,46,0,46,2,26,65,6,99,44,14,58,157
09/15/2011,DLH,MN,AGL,CE,Combined TRACON& Tower with Radar,0,27,20,12,59,0,0,47,0,47,0,27,67,12,106,28,2,30,136
09/16/2011,DLH,MN,AGL,CE,Combined TRACON& Tower with Radar,2,26,34,1,63,0,7,50,1,58,2,33,84,2,121,78,0,78,199
09/17/2011,DLH,MN,AGL,CE,Combined TRACON& Tower with Radar,0,17,15,0,32,0,0,40,0,40,0,17,55,0,72,60,0,60,132
09/18/2011,DLH,MN,AGL,CE,Combined TRACON& Tower with Radar,0,23,7,1,31,0,0,0,0,0,0,23,7,1,31,0,0,0,31
09/19/2011,DLH,MN,AGL,CE,Combined TRACON& Tower with Radar,2,21,24,19,66,0,0,121,4,125,2,21,145,23,191,118,20,138,329
09/20/2011,DLH,MN,AGL,CE,Combined TRACON& Tower with Radar,0,28,28,11,67,0,1,39,0,40,0,29,67,11,107,66,4,70,177
09/21/2011,DLH,MN,AGL,CE,Combined TRACON& Tower with Radar,0,31,33,8,72,0,1,6,0,7,0,32,39,8,79,2,0,2,81
09/22/2011,DLH,MN,AGL,CE,Combined TRACON& Tower with Radar,0,32,49,16,97,0,0,56,1,57,0,32,105,17,154,42,44,86,240
09/23/2011,DLH,MN,AGL,CE,Combined TRACON& Tower with Radar,2,27,36,8,73,0,5,31,0,36,2,32,67,8,109,132,17,149,258
09/24/2011,DLH,MN,AGL,CE,Combined TRACON& Tower with Radar,2,19,33,2,56,0,0,18,0,18,2,19,51,2,74,46,2,48,122
09/25/2011,DLH,MN,AGL,CE,Combined TRACON& Tower with Radar,0,19,19,0,38,0,4,30,2,36,0,23,49,2,74,44,0,44,118
09/26/2011,DLH,MN,AGL,CE,Combined TRACON& Tower with Radar,4,21,69,11,105,0,4,96,0,100,4,25,165,11,205,136,6,142,347
09/27/2011,DLH,MN,AGL,CE,Combined TRACON& Tower with Radar,0,25,25,27,77,0,5,78,0,83,0,30,103,27,160,114,22,136,296
09/28/2011,DLH,MN,AGL,CE,Combined TRACON& Tower with Radar,0,30,35,6,71,0,14,61,0,75,0,44,96,6,146,108,32,140,286
09/29/2011,DLH,MN,AGL,CE,Combined TRACON& Tower with Radar,0,26,40,0,66,0,7,21,0,28,0,33,61,0,94,40,0,40,134
09/30/2011,DLH,MN,AGL,CE,Combined TRACON& Tower with Radar,2,25,34,0,61,0,2,57,0,59,2,27,91,0,120,182,0,182,302
10/01/2011,DLH,MN,AGL,CE,Combined TRACON& Tower with Radar,2,17,23,0,42,0,2,64,1,67,2,19,87,1,109,82,4,86,195
10/02/2011,DLH,MN,AGL,CE,Combined TRACON& Tower with Radar,2,19,13,1,35,0,5,48,0,53,2,24,61,1,88,70,0,70,158
10/03/2011,DLH,MN,AGL,CE,Combined TRACON& Tower with Radar,2,20,32,49,103,0,4,45,0,49,2,24,77,49,152,130,70,200,352
10/04/2011,DLH,MN,AGL,CE,Combined TRACON& Tower with Radar,3,29,32,55,119,0,1,63,1,65,3,30,95,56,184,192,102,294,478
10/05/2011,DLH,MN,AGL,CE,Combined TRACON& Tower with Radar,2,26,33,19,80,0,4,69,2,75,2,30,102,21,155,38,60,98,253
10/06/2011,DLH,MN,AGL,CE,Combined TRACON& Tower with Radar,0,27,32,17,76,0,5,55,0,60,0,32,87,17,136,40,24,64,200
10/07/2011,DLH,MN,AGL,CE,Combined TRACON& Tower with Radar,2,23,20,0,45,0,6,54,1,61,2,29,74,1,106,48,0,48,154
10/08/2011,DLH,MN,AGL,CE,Combined TRACON& Tower with Radar,0,20,8,0,28,0,2,26,0,28,0,22,34,0,56,8,0,8,64
10/09/2011,DLH,MN,AGL,CE,Combined TRACON& Tower with Radar,0,20,7,0,27,0,0,23,0,23,0,20,30,0,50,18,0,18,68
10/10/2011,DLH,MN,AGL,CE,Combined TRACON& Tower with Radar,2,22,15,0,39,0,1,40,0,41,2,23,55,0,80,144,0,144,224
10/11/2011,DLH,MN,AGL,CE,Combined TRACON& Tower with Radar,0,22,32,15,69,0,6,69,3,78,0,28,101,18,147,88,44,132,279
10/12/2011,DLH,MN,AGL,CE,Combined TRACON& Tower with Radar,1,25,32,16,74,0,0,46,1,47,1,25,78,17,121,80,18,98,219
10/13/2011,DLH,MN,AGL,CE,Combined TRACON& Tower with Radar,1,31,50,2,84,0,0,7,0,7,1,31,57,2,91,70,0,70,161
10/14/2011,DLH,MN,AGL,CE,Combined TRACON& Tower with Radar,3,31,28,5,67,0,4,16,1,21,3,35,44,6,88,34,0,34,122
10/15/2011,DLH,MN,AGL,CE,Combined TRACON& Tower with Radar,0,17,11,13,41,0,4,15,0,19,0,21,26,13,60,32,4,36,96
10/16/2011,DLH,MN,AGL,CE,Combined TRACON& Tower with Radar,0,20,10,1,31,0,6,3,0,9,0,26,13,1,40,6,0,6,46
10/17/2011,DLH,MN,AGL,CE,Combined TRACON& Tower with Radar,2,20,23,26,71,0,0,25,2,27,2,20,48,28,98,12,44,56,154
10/18/2011,DLH,MN,AGL,CE,Combined TRACON& Tower with Radar,0,30,18,27,75,0,2,19,0,21,0,32,37,27,96,46,52,98,194
10/19/2011,DLH,MN,AGL,CE,Combined TRACON& Tower with Radar,0,30,31,0,61,0,0,37,0,37,0,30,68,0,98,84,0,84,182
10/20/2011,DLH,MN,AGL,CE,Combined TRACON& Tower with Radar,0,26,27,20,73,0,0,50,1,51,0,26,77,21,124,154,34,188,312
10/21/2011,DLH,MN,AGL,CE,Combined TRACON& Tower with Radar,6,29,28,0,63,0,1,70,1,72,6,30,98,1,135,104,0,104,239
10/22/2011,DLH,MN,AGL,CE,Combined TRACON& Tower with Radar,0,20,10,2,32,0,1,37,2,40,0,21,47,4,72,58,0,58,130
10/23/2011,DLH,MN,AGL,CE,Combined TRACON& Tower with Radar,0,18,13,1,32,0,3,6,1,10,0,21,19,2,42,16,0,16,58
10/24/2011,DLH,MN,AGL,CE,Combined TRACON& Tower with Radar,6,22,25,2,55,0,4,32,0,36,6,26,57,2,91,70,0,70,161
10/25/2011,DLH,MN,AGL,CE,Combined TRACON& Tower with Radar,0,25,33,4,62,0,0,43,0,43,0,25,76,4,105,98,0,98,203
10/26/2011,DLH,MN,AGL,CE,Combined TRACON& Tower with Radar,0,27,25,14,66,0,0,39,5,44,0,27,64,19,110,88,16,104,214
10/27/2011,DLH,MN,AGL,CE,Combined TRACON& Tower with Radar,2,24,37,16,79,0,4,34,1,39,2,28,71,17,118,30,22,52,170
10/28/2011,DLH,MN,AGL,CE,Combined TRACON& Tower with Radar,4,27,18,7,56,0,7,36,0,43,4,34,54,7,99,80,0,80,179
10/29/2011,DLH,MN,AGL,CE,Combined TRACON& Tower with Radar,2,19,16,10,47,0,0,35,0,35,2,19,51,10,82,94,4,98,180
10/30/2011,DLH,MN,AGL,CE,Combined TRACON& Tower with Radar,0,17,5,1,23,0,0,7,0,7,0,17,12,1,30,12,0,12,42
10/31/2011,DLH,MN,AGL,CE,Combined TRACON& Tower with Radar,4,21,19,12,56,0,0,19,0,19,4,21,38,12,75,60,0,60,135
11/01/2011,DLH,MN,AGL,CE,Combined TRACON& Tower with Radar,0,27,29,62,118,0,0,60,2,62,0,27,89,64,180,128,100,228,408
11/02/2011,DLH,MN,AGL,CE,Combined TRACON& Tower with Radar,0,27,26,63,116,0,3,39,2,44,0,30,65,65,160,132,114,246,406
11/03/2011,DLH,MN,AGL,CE,Combined TRACON& Tower with Radar,0,24,29,15,68,0,4,53,0,57,0,28,82,15,125,124,24,148,273
11/04/2011,DLH,MN,AGL,CE,Combined TRACON& Tower with Radar,4,27,15,4,50,0,3,67,0,70,4,30,82,4,120,102,42,144,264
11/05/2011,DLH,MN,AGL,CE,Combined TRACON& Tower with Radar,0,17,8,0,25,0,3,22,1,26,0,20,30,1,51,28,0,28,79
11/06/2011,DLH,MN,AGL,CE,Combined TRACON& Tower with Radar,0,17,7,0,24,0,2,7,0,9,0,19,14,0,33,0,0,0,33
11/07/2011,DLH,MN,AGL,CE,Combined TRACON& Tower with Radar,4,20,26,24,74,0,1,24,0,25,4,21,50,24,99,36,38,74,173
11/08/2011,DLH,MN,AGL,CE,Combined TRACON& Tower with Radar,0,24,23,42,89,0,1,36,0,37,0,25,59,42,126,56,54,110,236
11/09/2011,DLH,MN,AGL,CE,Combined TRACON& Tower with Radar,0,25,26,28,79,0,1,39,3,43,0,26,65,31,122,36,66,102,224
11/10/2011,DLH,MN,AGL,CE,Combined TRACON& Tower with Radar,0,24,26,17,67,0,2,25,1,28,0,26,51,18,95,36,36,72,167
11/11/2011,DLH,MN,AGL,CE,Combined TRACON& Tower with Radar,4,26,17,0,47,0,11,52,0,63,4,37,69,0,110,140,0,140,250
11/12/2011,DLH,MN,AGL,CE,Combined TRACON& Tower with Radar,0,18,33,0,51,0,10,57,0,67,0,28,90,0,118,110,0,110,228
11/13/2011,DLH,MN,AGL,CE,Combined TRACON& Tower with Radar,0,23,15,0,38,0,2,22,0,24,0,25,37,0,62,12,0,12,74
11/14/2011,DLH,MN,AGL,CE,Combined TRACON& Tower with Radar,4,22,29,4,59,0,8,49,0,57,4,30,78,4,116,102,2,104,220
11/15/2011,DLH,MN,AGL,CE,Combined TRACON& Tower with Radar,2,26,14,18,60,0,0,19,28,47,2,26,33,46,107,22,0,22,129
11/16/2011,DLH,MN,AGL,CE,Combined TRACON& Tower with Radar,2,27,33,16,78,0,2,36,0,38,2,29,69,16,116,48,24,72,188
11/17/2011,DLH,MN,AGL,CE,Combined TRACON& Tower with Radar,2,29,40,42,113,0,7,39,0,46,2,36,79,42,159,54,148,202,361
11/18/2011,DLH,MN,AGL,CE,Combined TRACON& Tower with Radar,4,25,24,15,68,0,0,35,1,36,4,25,59,16,104,42,16,58,162
11/19/2011,DLH,MN,AGL,CE,Combined TRACON& Tower with Radar,4,16,6,0,26,0,2,0,0,2,4,18,6,0,28,0,0,0,28
11/20/2011,DLH,MN,AGL,CE,Combined TRACON& Tower with Radar,2,18,10,1,31,0,0,27,0,27,2,18,37,1,58,76,2,78,136
11/21/2011,DLH,MN,AGL,CE,Combined TRACON& Tower with Radar,0,20,17,7,44,0,0,1,0,1,0,20,18,7,45,6,0,6,51
11/22/2011,DLH,MN,AGL,CE,Combined TRACON& Tower with Radar,2,23,18,46,89,0,0,0,0,0,2,23,18,46,89,0,0,0,89
11/23/2011,DLH,MN,AGL,CE,Combined TRACON& Tower with Radar,2,29,18,4,53,0,0,26,3,29,2,29,44,7,82,46,22,68,150
11/24/2011,DLH,MN,AGL,CE,Combined TRACON& Tower with Radar,2,10,4,0,16,0,3,2,0,5,2,13,6,0,21,0,0,0,21
11/25/2011,DLH,MN,AGL,CE,Combined TRACON& Tower with Radar,2,14,9,0,25,0,5,13,1,19,2,19,22,1,44,42,0,42,86
11/26/2011,DLH,MN,AGL,CE,Combined TRACON& Tower with Radar,6,26,2,0,34,0,0,0,0,0,6,26,2,0,34,0,0,0,34
11/27/2011,DLH,MN,AGL,CE,Combined TRACON& Tower with Radar,2,21,20,0,43,0,0,12,0,12,2,21,32,0,55,40,0,40,95
11/28/2011,DLH,MN,AGL,CE,Combined TRACON& Tower with Radar,0,22,21,24,67,0,9,28,2,39,0,31,49,26,106,34,30,64,170
11/29/2011,DLH,MN,AGL,CE,Combined TRACON& Tower with Radar,4,23,26,26,79,0,7,68,3,78,4,30,94,29,157,130,44,174,331
11/30/2011,DLH,MN,AGL,CE,Combined TRACON& Tower with Radar,0,27,33,13,73,0,0,28,5,33,0,27,61,18,106,34,0,34,140
12/01/2011,DLH,MN,AGL,CE,Combined TRACON& Tower with Radar,2,31,22,19,74,0,8,59,0,67,2,39,81,19,141,128,32,160,301
12/02/2011,DLH,MN,AGL,CE,Combined TRACON& Tower with Radar,4,31,23,6,64,0,0,22,0,22,4,31,45,6,86,108,2,110,196
12/03/2011,DLH,MN,AGL,CE,Combined TRACON& Tower with Radar,2,16,17,7,42,0,4,29,1,34,2,20,46,8,76,40,0,40,116
12/04/2011,DLH,MN,AGL,CE,Combined TRACON& Tower with Radar,2,20,12,0,34,0,2,13,0,15,2,22,25,0,49,36,22,58,107
12/05/2011,DLH,MN,AGL,CE,Combined TRACON& Tower with Radar,2,20,20,10,52,0,5,34,2,41,2,25,54,12,93,96,0,96,189
12/06/2011,DLH,MN,AGL,CE,Combined TRACON& Tower with Radar,3,30,38,32,103,0,8,70,3,81,3,38,108,35,184,162,44,206,390
12/07/2011,DLH,MN,AGL,CE,Combined TRACON& Tower with Radar,2,24,44,8,78,0,2,49,0,51,2,26,93,8,129,114,4,118,247
12/08/2011,DLH,MN,AGL,CE,Combined TRACON& Tower with Radar,3,22,25,3,53,0,2,41,1,44,3,24,66,4,97,48,0,48,145
12/09/2011,DLH,MN,AGL,CE,Combined TRACON& Tower with Radar,2,32,15,0,49,0,5,40,0,45,2,37,55,0,94,94,0,94,188
12/10/2011,DLH,MN,AGL,CE,Combined TRACON& Tower with Radar,0,25,10,0,35,0,6,28,0,34,0,31,38,0,69,48,0,48,117
12/11/2011,DLH,MN,AGL,CE,Combined TRACON& Tower with Radar,4,26,20,0,50,0,10,65,0,75,4,36,85,0,125,150,0,150,275
12/12/2011,DLH,MN,AGL,CE,Combined TRACON& Tower with Radar,2,25,17,0,44,0,5,9,0,14,2,30,26,0,58,0,0,0,58
12/13/2011,DLH,MN,AGL,CE,Combined TRACON& Tower with Radar,0,6,7,0,13,0,0,0,0,0,0,6,7,0,13,0,0,0,13
12/14/2011,DLH,MN,AGL,CE,Combined TRACON& Tower with Radar,0,8,4,2,14,0,0,0,0,0,0,8,4,2,14,0,0,0,14
12/15/2011,DLH,MN,AGL,CE,Combined TRACON& Tower with Radar,2,24,21,5,52,0,0,12,0,12,2,24,33,5,64,8,0,8,72
12/16/2011,DLH,MN,AGL,CE,Combined TRACON& Tower with Radar,2,28,39,16,85,0,2,52,2,56,2,30,91,18,141,94,4,98,239
12/17/2011,DLH,MN,AGL,CE,Combined TRACON& Tower with Radar,0,17,22,0,39,0,2,7,0,9,0,19,29,0,48,8,0,8,56
12/18/2011,DLH,MN,AGL,CE,Combined TRACON& Tower with Radar,5,19,10,0,34,0,2,25,0,27,5,21,35,0,61,38,0,38,99
12/19/2011,DLH,MN,AGL,CE,Combined TRACON& Tower with Radar,2,24,40,20,86,0,3,18,0,21,2,27,58,20,107,30,12,42,149
12/20/2011,DLH,MN,AGL,CE,Combined TRACON& Tower with Radar,2,27,33,13,75,0,5,56,0,61,2,32,89,13,136,64,36,100,236
12/21/2011,DLH,MN,AGL,CE,Combined TRACON& Tower with Radar,2,29,59,15,105,0,5,56,3,64,2,34,115,18,169,66,8,74,243
12/22/2011,DLH,MN,AGL,CE,Combined TRACON& Tower with Radar,2,33,23,32,90,0,5,44,2,51,2,38,67,34,141,54,24,78,219
12/23/2011,DLH,MN,AGL,CE,Combined TRACON& Tower with Radar,0,29,12,0,41,0,0,3,0,3,0,29,15,0,44,2,0,2,46
12/24/2011,DLH,MN,AGL,CE,Combined TRACON& Tower with Radar,2,17,1,0,20,0,6,3,0,9,2,23,4,0,29,0,0,0,29
12/25/2011,DLH,MN,AGL,CE,Combined TRACON& Tower with Radar,2,14,2,0,18,0,0,0,0,0,2,14,2,0,18,0,0,0,18
12/26/2011,DLH,MN,AGL,CE,Combined TRACON& Tower with Radar,0,20,3,0,23,0,2,2,0,4,0,22,5,0,27,0,0,0,27
12/27/2011,DLH,MN,AGL,CE,Combined TRACON& Tower with Radar,2,21,28,4,55,0,0,38,0,38,2,21,66,4,93,28,0,28,121
12/28/2011,DLH,MN,AGL,CE,Combined TRACON& Tower with Radar,2,32,21,30,85,0,2,28,0,30,2,34,49,30,115,38,30,68,183
12/29/2011,DLH,MN,AGL,CE,Combined TRACON& Tower with Radar,2,23,22,10,57,0,2,11,0,13,2,25,33,10,70,24,0,24,94
12/30/2011,DLH,MN,AGL,CE,Combined TRACON& Tower with Radar,0,23,16,4,43,0,0,6,0,6,0,23,22,4,49,30,0,30,79
12/31/2011,DLH,MN,AGL,CE,Combined TRACON& Tower with Radar,4,15,9,0,28,0,0,1,0,1,4,15,10,0,29,0,0,0,29
01/01/2012,DLH,MN,AGL,CE,Combined TRACON& Tower with Radar,2,16,1,0,19,0,0,0,0,0,2,16,1,0,19,0,0,0,19
01/02/2012,DLH,MN,AGL,CE,Combined TRACON& Tower with Radar,0,19,8,0,27,0,0,14,0,14,0,19,22,0,41,0,0,0,41
01/03/2012,DLH,MN,AGL,CE,Combined TRACON& Tower with Radar,2,37,16,8,63,0,7,41,2,50,2,44,57,10,113,78,0,78,191
01/04/2012,DLH,MN,AGL,CE,Combined TRACON& Tower with Radar,0,24,22,10,56,0,2,50,2,54,0,26,72,12,110,110,18,128,238
01/05/2012,DLH,MN,AGL,CE,Combined TRACON& Tower with Radar,2,20,30,36,88,0,4,53,2,59,2,24,83,38,147,94,50,144,291
01/06/2012,DLH,MN,AGL,CE,Combined TRACON& Tower with Radar,2,22,19,32,75,0,0,28,1,29,2,22,47,33,104,54,52,106,210
01/07/2012,DLH,MN,AGL,CE,Combined TRACON& Tower with Radar,0,16,12,13,41,0,5,13,4,22,0,21,25,17,63,24,26,50,113
01/08/2012,DLH,MN,AGL,CE,Combined TRACON& Tower with Radar,2,18,23,8,51,0,4,22,1,27,2,22,45,9,78,44,2,46,124
01/09/2012,DLH,MN,AGL,CE,Combined TRACON& Tower with Radar,4,17,15,2,38,0,2,43,4,49,4,19,58,6,87,112,6,118,205
01/10/2012,DLH,MN,AGL,CE,Combined TRACON& Tower with Radar,0,24,18,12,54,0,1,61,6,68,0,25,79,18,122,162,14,176,298
01/11/2012,DLH,MN,AGL,CE,Combined TRACON& Tower with Radar,0,32,14,9,55,0,0,2,0,2,0,32,16,9,57,2,8,10,67
01/12/2012,DLH,MN,AGL,CE,Combined TRACON& Tower with Radar,2,25,25,0,52,0,3,7,0,10,2,28,32,0,62,0,0,0,62
01/13/2012,DLH,MN,AGL,CE,Combined TRACON& Tower with Radar,2,31,20,10,63,0,0,45,0,45,2,31,65,10,108,88,2,90,198
01/14/2012,DLH,MN,AGL,CE,Combined TRACON& Tower with Radar,0,18,3,0,21,0,0,12,0,12,0,18,15,0,33,58,0,58,91
01/15/2012,DLH,MN,AGL,CE,Combined TRACON& Tower with Radar,2,15,6,0,23,0,2,15,0,17,2,17,21,0,40,8,0,8,48
01/16/2012,DLH,MN,AGL,CE,Combined TRACON& Tower with Radar,4,18,11,0,33,0,2,37,1,40,4,20,48,1,73,52,0,52,125
01/17/2012,DLH,MN,AGL,CE,Combined TRACON& Tower with Radar,2,24,12,18,56,0,2,40,0,42,2,26,52,18,98,118,14,132,230
01/18/2012,DLH,MN,AGL,CE,Combined TRACON& Tower with Radar,0,22,21,6,49,0,6,30,1,37,0,28,51,7,86,64,8,72,158
01/19/2012,DLH,MN,AGL,CE,Combined TRACON& Tower with Radar,2,26,17,4,49,0,3,21,0,24,2,29,38,4,73,30,0,30,103
01/20/2012,DLH,MN,AGL,CE,Combined TRACON& Tower with Radar,2,25,11,6,44,0,11,42,2,55,2,36,53,8,99,106,4,110,209
01/21/2012,DLH,MN,AGL,CE,Combined TRACON& Tower with Radar,0,16,17,1,34,0,3,25,5,33,0,19,42,6,67,60,2,62,129
01/22/2012,DLH,MN,AGL,CE,Combined TRACON& Tower with Radar,2,19,7,1,29,0,0,5,0,5,2,19,12,1,34,16,6,22,56
01/23/2012,DLH,MN,AGL,CE,Combined TRACON& Tower with Radar,3,23,8,10,44,0,0,0,0,0,3,23,8,10,44,0,0,0,44
01/24/2012,DLH,MN,AGL,CE,Combined TRACON& Tower with Radar,0,22,41,15,78,0,3,75,0,78,0,25,116,15,156,82,10,92,248
01/25/2012,DLH,MN,AGL,CE,Combined TRACON& Tower with Radar,0,23,25,23,71,0,3,21,2,26,0,26,46,25,97,24,12,36,133
01/26/2012,DLH,MN,AGL,CE,Combined TRACON& Tower with Radar,2,22,31,11,66,0,0,19,0,19,2,22,50,11,85,62,0,62,147
01/27/2012,DLH,MN,AGL,CE,Combined TRACON& Tower with Radar,2,22,16,0,40,0,0,19,0,19,2,22,35,0,59,38,0,38,97
01/28/2012,DLH,MN,AGL,CE,Combined TRACON& Tower with Radar,0,16,15,0,31,0,3,9,1,13,0,19,24,1,44,14,0,14,58
01/29/2012,DLH,MN,AGL,CE,Combined TRACON& Tower with Radar,4,18,9,0,31,0,0,41,1,42,4,18,50,1,73,104,0,104,177
01/30/2012,DLH,MN,AGL,CE,Combined TRACON& Tower with Radar,1,20,11,24,56,0,2,17,0,19,1,22,28,24,75,48,12,60,135
01/31/2012,DLH,MN,AGL,CE,Combined TRACON& Tower with Radar,3,23,30,11,67,0,1,29,0,30,3,24,59,11,97,64,0,64,161
02/01/2012,DLH,MN,AGL,CE,Combined TRACON& Tower with Radar,0,22,22,5,49,0,3,7,0,10,0,25,29,5,59,20,0,20,79
02/02/2012,DLH,MN,AGL,CE,Combined TRACON& Tower with Radar,2,24,29,5,60,0,1,24,0,25,2,25,53,5,85,62,0,62,147
02/03/2012,DLH,MN,AGL,CE,Combined TRACON& Tower with Radar,2,24,33,14,73,0,0,27,0,27,2,24,60,14,100,26,0,26,126
02/04/2012,DLH,MN,AGL,CE,Combined TRACON& Tower with Radar,1,17,20,18,56,0,0,68,2,70,1,17,88,20,126,118,16,134,260
02/05/2012,DLH,MN,AGL,CE,Combined TRACON& Tower with Radar,5,17,7,6,35,0,0,41,0,41,5,17,48,6,76,30,0,30,106
02/06/2012,DLH,MN,AGL,CE,Combined TRACON& Tower with Radar,4,20,17,0,41,0,3,52,0,55,4,23,69,0,96,54,0,54,150
02/07/2012,DLH,MN,AGL,CE,Combined TRACON& Tower with Radar,2,28,13,17,60,0,8,56,0,64,2,36,69,17,124,144,34,178,302
02/08/2012,DLH,MN,AGL,CE,Combined TRACON& Tower with Radar,0,24,34,28,86,0,3,70,0,73,0,27,104,28,159,144,52,196,355
02/09/2012,DLH,MN,AGL,CE,Combined TRACON& Tower with Radar,2,30,31,44,107,0,0,38,0,38,2,30,69,44,145,56,66,122,267
02/10/2012,DLH,MN,AGL,CE,Combined TRACON& Tower with Radar,4,27,19,8,58,0,1,33,0,34,4,28,52,8,92,34,4,38,130
02/11/2012,DLH,MN,AGL,CE,Combined TRACON& Tower with Radar,2,18,13,0,33,0,7,24,2,33,2,25,37,2,66,30,0,30,96
02/12/2012,DLH,MN,AGL,CE,Combined TRACON& Tower with Radar,4,16,9,0,29,0,4,40,0,44,4,20,49,0,73,62,0,62,135
02/13/2012,DLH,MN,AGL,CE,Combined TRACON& Tower with Radar,2,22,13,16,53,0,7,32,2,41,2,29,45,18,94,156,0,156,250
02/14/2012,DLH,MN,AGL,CE,Combined TRACON& Tower with Radar,0,22,15,5,42,0,1,35,0,36,0,23,50,5,78,54,0,54,132
02/15/2012,DLH,MN,AGL,CE,Combined TRACON& Tower with Radar,1,27,24,16,68,0,0,14,1,15,1,27,38,17,83,58,14,72,155
02/16/2012,DLH,MN,AGL,CE,Combined TRACON& Tower with Radar,2,27,28,28,85,0,3,38,3,44,2,30,66,31,129,38,32,70,199
02/17/2012,DLH,MN,AGL,CE,Combined TRACON& Tower with Radar,4,26,15,0,45,0,5,13,1,19,4,31,28,1,64,2,0,2,66
02/18/2012,DLH,MN,AGL,CE,Combined TRACON& Tower with Radar,0,17,14,0,31,0,3,68,0,71,0,20,82,0,102,26,0,26,128
02/19/2012,DLH,MN,AGL,CE,Combined TRACON& Tower with Radar,3,22,11,0,36,0,10,36,0,46,3,32,47,0,82,24,0,24,106
02/20/2012,DLH,MN,AGL,CE,Combined TRACON& Tower with Radar,4,20,22,0,46,0,1,44,0,45,4,21,66,0,91,56,0,56,147
02/21/2012,DLH,MN,AGL,CE,Combined TRACON& Tower with Radar,0,23,8,0,31,0,0,0,0,0,0,23,8,0,31,0,0,0,31
02/22/2012,DLH,MN,AGL,CE,Combined TRACON& Tower with Radar,0,21,27,0,48,0,4,38,0,42,0,25,65,0,90,64,0,64,154
02/23/2012,DLH,MN,AGL,CE,Combined TRACON& Tower with Radar,2,24,24,12,62,0,0,77,0,77,2,24,101,12,139,118,0,118,257
02/24/2012,DLH,MN,AGL,CE,Combined TRACON& Tower with Radar,4,21,25,33,83,0,0,14,2,16,4,21,39,35,99,36,34,70,169
02/25/2012,DLH,MN,AGL,CE,Combined TRACON& Tower with Radar,0,20,21,3,44,0,13,32,7,52,0,33,53,10,96,68,2,70,166
02/26/2012,DLH,MN,AGL,CE,Combined TRACON& Tower with Radar,2,21,5,0,28,0,0,0,0,0,2,21,5,0,28,0,0,0,28
02/27/2012,DLH,MN,AGL,CE,Combined TRACON& Tower with Radar,6,20,13,0,39,0,3,29,9,41,6,23,42,9,80,48,0,48,128
02/28/2012,DLH,MN,AGL,CE,Combined TRACON& Tower with Radar,0,17,10,0,27,0,1,3,0,4,0,18,13,0,31,0,0,0,31
02/29/2012,DLH,MN,AGL,CE,Combined TRACON& Tower with Radar,0,3,1,0,4,0,0,0,0,0,0,3,1,0,4,0,0,0,4
03/01/2012,DLH,MN,AGL,CE,Combined TRACON& Tower with Radar,4,27,27,0,58,0,0,5,0,5,4,27,32,0,63,18,0,18,81
03/02/2012,DLH,MN,AGL,CE,Combined TRACON& Tower with Radar,4,26,17,0,47,0,5,11,0,16,4,31,28,0,63,48,0,48,111
03/03/2012,DLH,MN,AGL,CE,Combined TRACON& Tower with Radar,0,19,0,0,19,0,0,0,0,0,0,19,0,0,19,0,0,0,19
03/04/2012,DLH,MN,AGL,CE,Combined TRACON& Tower with Radar,2,19,6,0,27,0,0,6,0,6,2,19,12,0,33,16,0,16,49
03/05/2012,DLH,MN,AGL,CE,Combined TRACON& Tower with Radar,4,22,20,2,48,0,5,10,9,24,4,27,30,11,72,134,0,134,206
03/06/2012,DLH,MN,AGL,CE,Combined TRACON& Tower with Radar,0,28,19,10,57,0,2,84,38,124,0,30,103,48,181,102,22,124,305
03/07/2012,DLH,MN,AGL,CE,Combined TRACON& Tower with Radar,2,26,10,3,41,0,2,41,0,43,2,28,51,3,84,106,12,118,202
03/08/2012,DLH,MN,AGL,CE,Combined TRACON& Tower with Radar,2,29,35,5,71,0,9,31,21,61,2,38,66,26,132,52,2,54,186
03/09/2012,DLH,MN,AGL,CE,Combined TRACON& Tower with Radar,7,30,22,2,61,0,10,61,15,86,7,40,83,17,147,78,6,84,231
03/10/2012,DLH,MN,AGL,CE,Combined TRACON& Tower with Radar,2,18,4,4,28,0,13,37,0,50,2,31,41,4,78,44,0,44,122
03/11/2012,DLH,MN,AGL,CE,Combined TRACON& Tower with Radar,2,21,7,0,30,0,3,23,0,26,2,24,30,0,56,32,0,32,88
03/12/2012,DLH,MN,AGL,CE,Combined TRACON& Tower with Radar,4,20,17,0,41,0,1,0,0,1,4,21,17,0,42,0,0,0,42
03/13/2012,DLH,MN,AGL,CE,Combined TRACON& Tower with Radar,2,20,26,0,48,0,4,86,9,99,2,24,112,9,147,106,0,106,253
03/14/2012,DLH,MN,AGL,CE,Combined TRACON& Tower with Radar,4,25,27,3,59,0,15,64,3,82,4,40,91,6,141,104,0,104,245
03/15/2012,DLH,MN,AGL,CE,Combined TRACON& Tower with Radar,2,24,23,0,49,0,4,66,12,82,2,28,89,12,131,114,2,116,247
03/16/2012,DLH,MN,AGL,CE,Combined TRACON& Tower with Radar,4,30,26,2,62,0,5,57,4,66,4,35,83,6,128,98,4,102,230
03/17/2012,DLH,MN,AGL,CE,Combined TRACON& Tower with Radar,5,19,12,7,43,0,8,20,0,28,5,27,32,7,71,32,10,42,113
03/18/2012,DLH,MN,AGL,CE,Combined TRACON& Tower with Radar,2,20,6,4,32,0,5,20,0,25,2,25,26,4,57,32,0,32,89
03/19/2012,DLH,MN,AGL,CE,Combined TRACON& Tower with Radar,6,18,14,8,46,0,0,35,2,37,6,18,49,10,83,68,0,68,151
03/20/2012,DLH,MN,AGL,CE,Combined TRACON& Tower with Radar,2,26,26,19,73,0,3,34,0,37,2,29,60,19,110,108,0,108,218
03/21/2012,DLH,MN,AGL,CE,Combined TRACON& Tower with Radar,0,28,24,13,65,0,4,5,0,9,0,32,29,13,74,98,44,142,216
03/22/2012,DLH,MN,AGL,CE,Combined TRACON& Tower with Radar,3,30,45,7,85,0,0,3,0,3,3,30,48,7,88,8,0,8,96
03/23/2012,DLH,MN,AGL,CE,Combined TRACON& Tower with Radar,14,25,6,28,73,0,0,0,0,0,14,25,6,28,73,16,0,16,89
03/24/2012,DLH,MN,AGL,CE,Combined TRACON& Tower with Radar,6,15,7,0,28,0,2,15,0,17,6,17,22,0,45,74,0,74,119
03/25/2012,DLH,MN,AGL,CE,Combined TRACON& Tower with Radar,2,21,13,0,36,0,0,26,0,26,2,21,39,0,62,50,0,50,112
03/26/2012,DLH,MN,AGL,CE,Combined TRACON& Tower with Radar,4,23,16,12,55,0,7,38,0,45,4,30,54,12,100,50,0,50,150
03/27/2012,DLH,MN,AGL,CE,Combined TRACON& Tower with Radar,4,25,20,31,80,0,5,32,0,37,4,30,52,31,117,18,36,54,171
03/28/2012,DLH,MN,AGL,CE,Combined TRACON& Tower with Radar,0,28,18,12,58,0,0,19,0,19,0,28,37,12,77,80,18,98,175
03/29/2012,DLH,MN,AGL,CE,Combined TRACON& Tower with Radar,3,22,37,22,84,0,1,19,0,20,3,23,56,22,104,52,0,52,156
03/30/2012,DLH,MN,AGL,CE,Combined TRACON& Tower with Radar,5,23,20,0,48,0,0,0,0,0,5,23,20,0,48,0,0,0,48
03/31/2012,DLH,MN,AGL,CE,Combined TRACON& Tower with Radar,0,18,24,0,42,0,0,3,0,3,0,18,27,0,45,0,0,0,45
04/01/2012,DLH,MN,AGL,CE,Combined TRACON& Tower with Radar,9,37,19,2,67,0,0,6,0,6,9,37,25,2,73,6,0,6,79
04/02/2012,DLH,MN,AGL,CE,Combined TRACON& Tower with Radar,4,20,19,20,63,0,2,34,2,38,4,22,53,22,101,112,66,178,279
04/03/2012,DLH,MN,AGL,CE,Combined TRACON& Tower with Radar,0,25,26,22,73,0,5,39,9,53,0,30,65,31,126,158,26,184,310
04/04/2012,DLH,MN,AGL,CE,Combined TRACON& Tower with Radar,0,27,22,28,77,0,17,84,0,101,0,44,106,28,178,200,42,242,420
04/05/2012,DLH,MN,AGL,CE,Combined TRACON& Tower with Radar,4,23,27,14,68,0,3,83,3,89,4,26,110,17,157,128,40,168,325
04/06/2012,DLH,MN,AGL,CE,Combined TRACON& Tower with Radar,5,30,10,2,47,0,3,43,2,48,5,33,53,4,95,80,6,86,181
04/07/2012,DLH,MN,AGL,CE,Combined TRACON& Tower with Radar,0,21,14,0,35,0,8,6,0,14,0,29,20,0,49,6,0,6,55
04/08/2012,DLH,MN,AGL,CE,Combined TRACON& Tower with Radar,2,14,2,0,18,0,4,4,0,8,2,18,6,0,26,2,0,2,28
04/09/2012,DLH,MN,AGL,CE,Combined TRACON& Tower with Radar,4,20,18,25,67,0,1,17,0,18,4,21,35,25,85,18,52,70,155
04/10/2012,DLH,MN,AGL,CE,Combined TRACON& Tower with Radar,0,22,25,29,76,0,2,27,0,29,0,24,52,29,105,74,64,138,243
04/11/2012,DLH,MN,AGL,CE,Combined TRACON& Tower with Radar,0,28,26,25,79,0,5,56,0,61,0,33,82,25,140,76,46,122,262
04/12/2012,DLH,MN,AGL,CE,Combined TRACON& Tower with Radar,2,24,34,13,73,0,5,48,3,56,2,29,82,16,129,92,2,94,223
04/13/2012,DLH,MN,AGL,CE,Combined TRACON& Tower with Radar,4,30,22,12,68,0,0,24,0,24,4,30,46,12,92,10,2,12,104
04/14/2012,DLH,MN,AGL,CE,Combined TRACON& Tower with Radar,0,16,16,0,32,0,2,8,0,10,0,18,24,0,42,16,0,16,58
04/15/2012,DLH,MN,AGL,CE,Combined TRACON& Tower with Radar,4,23,3,0,30,0,0,1,0,1,4,23,4,0,31,0,0,0,31
04/16/2012,DLH,MN,AGL,CE,Combined TRACON& Tower with Radar,6,22,11,0,39,0,2,7,0,9,6,24,18,0,48,20,0,20,68
04/17/2012,DLH,MN,AGL,CE,Combined TRACON& Tower with Radar,0,27,25,36,88,0,6,44,2,52,0,33,69,38,140,104,26,130,270
04/18/2012,DLH,MN,AGL,CE,Combined TRACON& Tower with Radar,2,29,38,17,86,0,0,5,1,6,2,29,43,18,92,4,4,8,100
04/19/2012,DLH,MN,AGL,CE,Combined TRACON& Tower with Radar,6,43,36,14,99,0,4,48,2,54,6,47,84,16,153,80,14,94,247
04/20/2012,DLH,MN,AGL,CE,Combined TRACON& Tower with Radar,2,29,20,13,64,0,6,88,1,95,2,35,108,14,159,130,6,136,295
04/21/2012,DLH,MN,AGL,CE,Combined TRACON& Tower with Radar,2,18,8,0,28,0,0,1,0,1,2,18,9,0,29,16,0,16,45
04/22/2012,DLH,MN,AGL,CE,Combined TRACON& Tower with Radar,2,18,16,0,36,0,0,34,0,34,2,18,50,0,70,66,0,66,136
04/23/2012,DLH,MN,AGL,CE,Combined TRACON& Tower with Radar,2,22,19,25,68,0,1,46,0,47,2,23,65,25,115,36,22,58,173
04/24/2012,DLH,MN,AGL,CE,Combined TRACON& Tower with Radar,0,28,45,19,92,0,4,56,0,60,0,32,101,19,152,82,18,100,252
04/25/2012,DLH,MN,AGL,CE,Combined TRACON& Tower with Radar,4,29,53,27,113,0,4,31,2,37,4,33,84,29,150,54,16,70,220
04/26/2012,DLH,MN,AGL,CE,Combined TRACON& Tower with Radar,2,30,49,16,97,0,1,69,1,71,2,31,118,17,168,14,32,46,214
04/27/2012,DLH,MN,AGL,CE,Combined TRACON& Tower with Radar,2,26,30,0,58,0,0,48,1,49,2,26,78,1,107,64,4,68,175
04/28/2012,DLH,MN,AGL,CE,Combined TRACON& Tower with Radar,2,16,14,0,32,0,6,27,2,35,2,22,41,2,67,46,0,46,113
04/29/2012,DLH,MN,AGL,CE,Combined TRACON& Tower with Radar,2,18,18,0,38,0,2,32,0,34,2,20,50,0,72,140,0,140,212
04/30/2012,DLH,MN,AGL,CE,Combined TRACON& Tower with Radar,2,21,29,10,62,0,0,60,0,60,2,21,89,10,122,174,0,174,296
05/01/2012,DLH,MN,AGL,CE,Combined TRACON& Tower with Radar,0,26,25,6,57,0,0,22,0,22,0,26,47,6,79,52,0,52,131
05/02/2012,DLH,MN,AGL,CE,Combined TRACON& Tower with Radar,2,24,26,17,69,0,3,59,1,63,2,27,85,18,132,112,20,132,264
05/03/2012,DLH,MN,AGL,CE,Combined TRACON& Tower with Radar,2,25,19,23,69,0,3,32,1,36,2,28,51,24,105,140,22,162,267
05/04/2012,DLH,MN,AGL,CE,Combined TRACON& Tower with Radar,2,34,31,4,71,0,2,0,0,2,2,36,31,4,73,0,0,0,73
05/05/2012,DLH,MN,AGL,CE,Combined TRACON& Tower with Radar,2,21,12,0,35,0,4,13,0,17,2,25,25,0,52,50,0,50,102
05/06/2012,DLH,MN,AGL,CE,Combined TRACON& Tower with Radar,2,17,20,0,39,0,0,3,0,3,2,17,23,0,42,0,0,0,42
05/07/2012,DLH,MN,AGL,CE,Combined TRACON& Tower with Radar,2,21,31,27,81,0,0,46,0,46,2,21,77,27,127,82,16,98,225
05/08/2012,DLH,MN,AGL,CE,Combined TRACON& Tower with Radar,0,24,58,23,105,0,3,40,0,43,0,27,98,23,148,94,0,94,242
05/09/2012,DLH,MN,AGL,CE,Combined TRACON& Tower with Radar,2,26,27,20,75,0,12,59,0,71,2,38,86,20,146,94,16,110,256
05/10/2012,DLH,MN,AGL,CE,Combined TRACON& Tower with Radar,0,26,27,8,61,0,4,52,2,58,0,30,79,10,119,48,2,50,169
05/11/2012,DLH,MN,AGL,CE,Combined TRACON& Tower with Radar,4,32,14,2,52,0,6,44,0,50,4,38,58,2,102,64,0,64,166
05/12/2012,DLH,MN,AGL,CE,Combined TRACON& Tower with Radar,2,18,9,0,29,0,3,23,0,26,2,21,32,0,55,36,0,36,91
05/13/2012,DLH,MN,AGL,CE,Combined TRACON& Tower with Radar,2,18,3,0,23,0,5,19,0,24,2,23,22,0,47,30,0,30,77
05/14/2012,DLH,MN,AGL,CE,Combined TRACON& Tower with Radar,2,26,27,8,63,0,7,36,0,43,2,33,63,8,106,52,4,56,162
05/15/2012,DLH,MN,AGL,CE,Combined TRACON& Tower with Radar,5,31,26,24,86,0,2,35,0,37,5,33,61,24,123,26,12,38,161
05/16/2012,DLH,MN,AGL,CE,Combined TRACON& Tower with Radar,4,26,38,18,86,0,3,57,7,67,4,29,95,25,153,156,26,182,335
05/17/2012,DLH,MN,AGL,CE,Combined TRACON& Tower with Radar,2,24,26,19,71,0,4,45,0,49,2,28,71,19,120,58,24,82,202
05/18/2012,DLH,MN,AGL,CE,Combined TRACON& Tower with Radar,5,29,20,18,72,0,3,49,6,58,5,32,69,24,130,22,14,36,166
05/19/2012,DLH,MN,AGL,CE,Combined TRACON& Tower with Radar,3,16,3,18,40,0,3,14,0,17,3,19,17,18,57,4,0,4,61
05/20/2012,DLH,MN,AGL,CE,Combined TRACON& Tower with Radar,3,28,7,4,42,0,3,1,0,4,3,31,8,4,46,0,0,0,46
05/21/2012,DLH,MN,AGL,CE,Combined TRACON& Tower with Radar,8,22,21,18,69,0,8,67,4,79,8,30,88,22,148,146,14,160,308
05/22/2012,DLH,MN,AGL,CE,Combined TRACON& Tower with Radar,1,25,28,13,67,0,5,28,2,35,1,30,56,15,102,66,6,72,174
05/23/2012,DLH,MN,AGL,CE,Combined TRACON& Tower with Radar,2,25,16,6,49,0,1,15,0,16,2,26,31,6,65,0,0,0,65
05/24/2012,DLH,MN,AGL,CE,Combined TRACON& Tower with Radar,0,32,14,2,48,0,6,2,0,8,0,38,16,2,56,10,0,10,66
05/25/2012,DLH,MN,AGL,CE,Combined TRACON& Tower with Radar,4,22,22,1,49,0,17,50,2,69,4,39,72,3,118,58,0,58,176
05/26/2012,DLH,MN,AGL,CE,Combined TRACON& Tower with Radar,0,14,15,0,29,0,5,8,0,13,0,19,23,0,42,0,0,0,42
05/27/2012,DLH,MN,AGL,CE,Combined TRACON& Tower with Radar,2,9,3,0,14,0,0,0,0,0,2,9,3,0,14,0,0,0,14
05/28/2012,DLH,MN,AGL,CE,Combined TRACON& Tower with Radar,4,14,18,0,36,0,1,7,0,8,4,15,25,0,44,34,0,34,78
05/29/2012,DLH,MN,AGL,CE,Combined TRACON& Tower with Radar,1,26,16,22,65,0,1,14,0,15,1,27,30,22,80,8,20,28,108
05/30/2012,DLH,MN,AGL,CE,Combined TRACON& Tower with Radar,0,23,41,10,74,0,2,46,0,48,0,25,87,10,122,68,0,68,190
05/31/2012,DLH,MN,AGL,CE,Combined TRACON& Tower with Radar,2,25,31,20,78,0,5,90,0,95,2,30,121,20,173,102,26,128,301
06/01/2012,DLH,MN,AGL,CE,Combined TRACON& Tower with Radar,4,38,33,18,93,0,7,53,6,66,4,45,86,24,159,70,34,104,263
06/02/2012,DLH,MN,AGL,CE,Combined TRACON& Tower with Radar,0,23,16,2,41,0,6,24,1,31,0,29,40,3,72,66,4,70,142
06/03/2012,DLH,MN,AGL,CE,Combined TRACON& Tower with Radar,2,19,10,0,31,0,0,22,0,22,2,19,32,0,53,50,0,50,103
06/04/2012,DLH,MN,AGL,CE,Combined TRACON& Tower with Radar,4,22,18,12,56,0,12,29,0,41,4,34,47,12,97,70,12,82,179
06/05/2012,DLH,MN,AGL,CE,Combined TRACON& Tower with Radar,0,34,20,15,69,0,2,70,4,76,0,36,90,19,145,72,34,106,251
06/06/2012,DLH,MN,AGL,CE,Combined TRACON& Tower with Radar,0,24,31,21,76,0,5,53,2,60,0,29,84,23,136,118,18,136,272
06/07/2012,DLH,MN,AGL,CE,Combined TRACON& Tower with Radar,6,26,51,17,100,0,4,70,0,74,6,30,121,17,174,102,14,116,290
06/08/2012,DLH,MN,AGL,CE,Combined TRACON& Tower with Radar,4,29,16,6,55,0,3,26,0,29,4,32,42,6,84,58,0,58,142
06/09/2012,DLH,MN,AGL,CE,Combined TRACON& Tower with Radar,0,23,10,0,33,0,7,59,0,66,0,30,69,0,99,26,0,26,125
06/10/2012,DLH,MN,AGL,CE,Combined TRACON& Tower with Radar,2,18,14,2,36,0,0,49,3,52,2,18,63,5,88,48,0,48,136
06/11/2012,DLH,MN,AGL,CE,Combined TRACON& Tower with Radar,6,30,22,12,70,0,8,63,3,74,6,38,85,15,144,38,0,38,182
06/12/2012,DLH,MN,AGL,CE,Combined TRACON& Tower with Radar,1,38,38,16,93,0,11,100,6,117,1,49,138,22,210,116,32,148,358
06/13/2012,DLH,MN,AGL,CE,Combined TRACON& Tower with Radar,1,31,33,59,124,0,10,106,20,136,1,41,139,79,260,100,24,124,384
06/14/2012,DLH,MN,AGL,CE,Combined TRACON& Tower with Radar,4,25,26,0,55,0,0,5,0,5,4,25,31,0,60,0,0,0,60
06/15/2012,DLH,MN,AGL,CE,Combined TRACON& Tower with Radar,7,35,42,2,86,0,5,99,18,122,7,40,141,20,208,58,0,58,266
06/16/2012,DLH,MN,AGL,CE,Combined TRACON& Tower with Radar,3,27,14,12,56,0,6,28,5,39,3,33,42,17,95,16,4,20,115
06/17/2012,DLH,MN,AGL,CE,Combined TRACON& Tower with Radar,7,18,20,0,45,0,1,59,8,68,7,19,79,8,113,22,0,22,135
06/18/2012,DLH,MN,AGL,CE,Combined TRACON& Tower with Radar,4,27,33,13,77,0,2,57,10,69,4,29,90,23,146,36,0,36,182
06/19/2012,DLH,MN,AGL,CE,Combined TRACON& Tower with Radar,0,25,23,4,52,0,0,25,0,25,0,25,48,4,77,6,0,6,83
06/20/2012,DLH,MN,AGL,CE,Combined TRACON& Tower with Radar,4,45,7,0,56,0,1,23,0,24,4,46,30,0,80,0,0,0,80
06/21/2012,DLH,MN,AGL,CE,Combined TRACON& Tower with Radar,2,33,44,17,96,0,11,77,24,112,2,44,121,41,208,70,20,90,298
06/22/2012,DLH,MN,AGL,CE,Combined TRACON& Tower with Radar,4,27,31,23,85,0,7,64,10,81,4,34,95,33,166,100,32,132,298
06/23/2012,DLH,MN,AGL,CE,Combined TRACON& Tower with Radar,1,22,8,1,32,0,0,18,1,19,1,22,26,2,51,0,0,0,51
06/24/2012,DLH,MN,AGL,CE,Combined TRACON& Tower with Radar,3,26,31,1,61,0,2,43,5,50,3,28,74,6,111,30,0,30,141
06/25/2012,DLH,MN,AGL,CE,Combined TRACON& Tower with Radar,4,32,24,15,75,0,0,47,1,48,4,32,71,16,123,56,10,66,189
06/26/2012,DLH,MN,AGL,CE,Combined TRACON& Tower with Radar,0,29,22,34,85,0,5,77,0,82,0,34,99,34,167,62,56,118,285
06/27/2012,DLH,MN,AGL,CE,Combined TRACON& Tower with Radar,0,35,24,40,99,0,9,63,5,77,0,44,87,45,176,84,52,136,312
06/28/2012,DLH,MN,AGL,CE,Combined TRACON& Tower with Radar,2,29,21,16,68,0,6,58,1,65,2,35,79,17,133,66,28,94,227
06/29/2012,DLH,MN,AGL,CE,Combined TRACON& Tower with Radar,6,26,29,0,61,0,31,59,7,97,6,57,88,7,158,88,2,90,248
06/30/2012,DLH,MN,AGL,CE,Combined TRACON& Tower with Radar,0,26,19,0,45,0,11,23,0,34,0,37,42,0,79,10,0,10,89
07/01/2012,DLH,MN,AGL,CE,Combined TRACON& Tower with Radar,2,22,12,2,38,0,1,26,1,28,2,23,38,3,66,0,0,0,66
07/02/2012,DLH,MN,AGL,CE,Combined TRACON& Tower with Radar,4,22,15,13,54,0,4,30,1,35,4,26,45,14,89,80,0,80,169
07/03/2012,DLH,MN,AGL,CE,Combined TRACON& Tower with Radar,0,34,27,16,77,0,1,34,0,35,0,35,61,16,112,80,8,88,200
07/04/2012,DLH,MN,AGL,CE,Combined TRACON& Tower with Radar,0,19,17,2,38,0,0,46,5,51,0,19,63,7,89,46,4,50,139
07/05/2012,DLH,MN,AGL,CE,Combined TRACON& Tower with Radar,4,41,62,10,117,0,6,59,3,68,4,47,121,13,185,30,20,50,235
07/06/2012,DLH,MN,AGL,CE,Combined TRACON& Tower with Radar,4,27,12,0,43,0,1,36,0,37,4,28,48,0,80,84,0,84,164
07/07/2012,DLH,MN,AGL,CE,Combined TRACON& Tower with Radar,0,27,34,6,67,0,3,53,1,57,0,30,87,7,124,44,24,68,192
07/08/2012,DLH,MN,AGL,CE,Combined TRACON& Tower with Radar,4,24,88,0,116,0,7,98,1,106,4,31,186,1,222,28,0,28,250
07/09/2012,DLH,MN,AGL,CE,Combined TRACON& Tower with Radar,4,25,19,16,64,0,6,46,5,57,4,31,65,21,121,34,20,54,175
07/10/2012,DLH,MN,AGL,CE,Combined TRACON& Tower with Radar,0,30,23,24,77,0,4,48,3,55,0,34,71,27,132,108,60,168,300
07/11/2012,DLH,MN,AGL,CE,Combined TRACON& Tower with Radar,1,33,30,46,110,0,5,63,3,71,1,38,93,49,181,90,80,170,351
07/12/2012,DLH,MN,AGL,CE,Combined TRACON& Tower with Radar,3,26,33,15,77,0,1,71,1,73,3,27,104,16,150,40,34,74,224
07/13/2012,DLH,MN,AGL,CE,Combined TRACON& Tower with Radar,6,36,24,25,91,0,2,27,1,30,6,38,51,26,121,60,46,106,227
07/14/2012,DLH,MN,AGL,CE,Combined TRACON& Tower with Radar,2,22,24,22,70,0,11,17,0,28,2,33,41,22,98,0,14,14,112
07/15/2012,DLH,MN,AGL,CE,Combined TRACON& Tower with Radar,2,25,18,0,45,0,0,22,0,22,2,25,40,0,67,28,2,30,97
07/16/2012,DLH,MN,AGL,CE,Combined TRACON& Tower with Radar,4,25,14,8,51,0,1,22,0,23,4,26,36,8,74,26,2,28,102
07/17/2012,DLH,MN,AGL,CE,Combined TRACON& Tower with Radar,1,25,34,18,78,0,5,19,0,24,1,30,53,18,102,12,0,12,114
07/18/2012,DLH,MN,AGL,CE,Combined TRACON& Tower with Radar,1,34,29,45,109,0,1,68,34,103,1,35,97,79,212,74,12,86,298
07/19/2012,DLH,MN,AGL,CE,Combined TRACON& Tower with Radar,5,30,36,19,90,0,3,39,3,45,5,33,75,22,135,30,28,58,193
07/20/2012,DLH,MN,AGL,CE,Combined TRACON& Tower with Radar,5,29,21,0,55,0,0,38,0,38,5,29,59,0,93,30,0,30,123
07/21/2012,DLH,MN,AGL,CE,Combined TRACON& Tower with Radar,1,24,14,0,39,0,18,32,0,50,1,42,46,0,89,40,0,40,129
07/22/2012,DLH,MN,AGL,CE,Combined TRACON& Tower with Radar,3,28,18,0,49,0,17,35,0,52,3,45,53,0,101,74,0,74,175
07/23/2012,DLH,MN,AGL,CE,Combined TRACON& Tower with Radar,4,24,23,10,61,0,5,42,4,51,4,29,65,14,112,74,6,80,192
07/24/2012,DLH,MN,AGL,CE,Combined TRACON& Tower with Radar,1,28,27,30,86,0,16,46,2,64,1,44,73,32,150,26,36,62,212
07/25/2012,DLH,MN,AGL,CE,Combined TRACON& Tower with Radar,1,31,38,10,80,0,1,29,1,31,1,32,67,11,111,114,0,114,225
07/26/2012,DLH,MN,AGL,CE,Combined TRACON& Tower with Radar,2,34,29,13,78,0,0,37,3,40,2,34,66,16,118,30,16,46,164
07/27/2012,DLH,MN,AGL,CE,Combined TRACON& Tower with Radar,6,35,36,15,92,0,1,48,2,51,6,36,84,17,143,18,8,26,169
07/28/2012,DLH,MN,AGL,CE,Combined TRACON& Tower with Radar,2,22,18,0,42,0,20,41,3,64,2,42,59,3,106,48,12,60,166
07/29/2012,DLH,MN,AGL,CE,Combined TRACON& Tower with Radar,6,22,17,12,57,0,1,26,0,27,6,23,43,12,84,4,0,4,88
07/30/2012,DLH,MN,AGL,CE,Combined TRACON& Tower with Radar,5,24,23,0,52,0,3,29,0,32,5,27,52,0,84,0,0,0,84
07/31/2012,DLH,MN,AGL,CE,Combined TRACON& Tower with Radar,1,24,22,56,103,0,8,51,4,63,1,32,73,60,166,0,0,0,166
08/01/2012,DLH,MN,AGL,CE,Combined TRACON& Tower with Radar,2,36,20,39,97,0,6,39,4,49,2,42,59,43,146,52,58,110,256
08/02/2012,DLH,MN,AGL,CE,Combined TRACON& Tower with Radar,5,31,24,38,98,0,5,61,3,69,5,36,85,41,167,88,84,172,339
08/03/2012,DLH,MN,AGL,CE,Combined TRACON& Tower with Radar,8,44,23,12,87,0,3,16,1,20,8,47,39,13,107,42,4,46,153
08/04/2012,DLH,MN,AGL,CE,Combined TRACON& Tower with Radar,3,22,13,13,51,0,4,10,1,15,3,26,23,14,66,14,0,14,80
08/05/2012,DLH,MN,AGL,CE,Combined TRACON& Tower with Radar,6,19,20,2,47,0,5,18,0,23,6,24,38,2,70,50,0,50,120
08/06/2012,DLH,MN,AGL,CE,Combined TRACON& Tower with Radar,8,27,31,6,72,0,5,41,0,46,8,32,72,6,118,70,8,78,196
08/07/2012,DLH,MN,AGL,CE,Combined TRACON& Tower with Radar,6,37,25,26,94,0,2,58,5,65,6,39,83,31,159,100,40,140,299
08/08/2012,DLH,MN,AGL,CE,Combined TRACON& Tower with Radar,2,27,58,16,103,0,5,21,0,26,2,32,79,16,129,78,28,106,235
08/09/2012,DLH,MN,AGL,CE,Combined TRACON& Tower with Radar,4,29,46,10,89,0,0,25,1,26,4,29,71,11,115,64,0,64,179
08/10/2012,DLH,MN,AGL,CE,Combined TRACON& Tower with Radar,7,44,33,10,94,0,10,33,0,43,7,54,66,10,137,112,2,114,251
08/11/2012,DLH,MN,AGL,CE,Combined TRACON& Tower with Radar,3,33,19,1,56,0,4,31,0,35,3,37,50,1,91,34,0,34,125
08/12/2012,DLH,MN,AGL,CE,Combined TRACON& Tower with Radar,8,31,22,2,63,0,4,22,0,26,8,35,44,2,89,92,0,92,181
08/13/2012,DLH,MN,AGL,CE,Combined TRACON& Tower with Radar,5,28,22,30,85,0,3,56,1,60,5,31,78,31,145,106,66,172,317
08/14/2012,DLH,MN,AGL,CE,Combined TRACON& Tower with Radar,0,33,25,12,70,0,2,49,1,52,0,35,74,13,122,80,38,118,240
08/15/2012,DLH,MN,AGL,CE,Combined TRACON& Tower with Radar,0,37,30,4,71,0,2,56,0,58,0,39,86,4,129,84,2,86,215
08/16/2012,DLH,MN,AGL,CE,Combined TRACON& Tower with Radar,0,27,47,4,78,0,2,24,2,28,0,29,71,6,106,26,0,26,132
08/17/2012,DLH,MN,AGL,CE,Combined TRACON& Tower with Radar,4,32,16,6,58,0,13,48,0,61,4,45,64,6,119,88,28,116,235
08/18/2012,DLH,MN,AGL,CE,Combined TRACON& Tower with Radar,0,19,12,2,33,0,23,50,0,73,0,42,62,2,106,40,0,40,146
08/19/2012,DLH,MN,AGL,CE,Combined TRACON& Tower with Radar,0,23,24,0,47,0,9,54,0,63,0,32,78,0,110,80,2,82,192
08/20/2012,DLH,MN,AGL,CE,Combined TRACON& Tower with Radar,4,32,25,16,77,0,8,50,0,58,4,40,75,16,135,140,36,176,311
08/21/2012,DLH,MN,AGL,CE,Combined TRACON& Tower with Radar,0,31,22,37,90,0,1,48,0,49,0,32,70,37,139,58,34,92,231
08/22/2012,DLH,MN,AGL,CE,Combined TRACON& Tower with Radar,0,28,31,8,67,0,1,71,2,74,0,29,102,10,141,138,8,146,287
08/23/2012,DLH,MN,AGL,CE,Combined TRACON& Tower with Radar,0,34,34,0,68,0,0,42,0,42,0,34,76,0,110,50,0,50,160
08/24/2012,DLH,MN,AGL,CE,Combined TRACON& Tower with Radar,4,32,33,4,73,0,1,59,0,60,4,33,92,4,133,130,14,144,277
08/25/2012,DLH,MN,AGL,CE,Combined TRACON& Tower with Radar,0,24,9,1,34,0,5,12,0,17,0,29,21,1,51,0,0,0,51
08/26/2012,DLH,MN,AGL,CE,Combined TRACON& Tower with Radar,0,31,16,0,47,0,4,15,0,19,0,35,31,0,66,0,0,0,66
08/27/2012,DLH,MN,AGL,CE,Combined TRACON& Tower with Radar,8,23,19,0,50,0,8,25,3,36,8,31,44,3,86,72,0,72,158
08/28/2012,DLH,MN,AGL,CE,Combined TRACON& Tower with Radar,0,29,24,14,67,0,6,46,0,52,0,35,70,14,119,100,28,128,247
08/29/2012,DLH,MN,AGL,CE,Combined TRACON& Tower with Radar,0,23,35,20,78,0,2,38,0,40,0,25,73,20,118,70,32,102,220
08/30/2012,DLH,MN,AGL,CE,Combined TRACON& Tower with Radar,2,35,33,8,78,0,1,41,0,42,2,36,74,8,120,38,0,38,158
08/31/2012,DLH,MN,AGL,CE,Combined TRACON& Tower with Radar,4,34,19,11,68,0,1,30,1,32,4,35,49,12,100,62,22,84,184
09/01/2012,DLH,MN,AGL,CE,Combined TRACON& Tower with Radar,2,20,11,4,37,0,5,28,1,34,2,25,39,5,71,92,0,92,163
09/02/2012,DLH,MN,AGL,CE,Combined TRACON& Tower with Radar,0,20,17,0,37,0,3,26,0,29,0,23,43,0,66,36,0,36,102
09/03/2012,DLH,MN,AGL,CE,Combined TRACON& Tower with Radar,4,34,16,0,54,0,12,18,1,31,4,46,34,1,85,50,0,50,135
09/04/2012,DLH,MN,AGL,CE,Combined TRACON& Tower with Radar,2,39,24,3,68,0,6,41,1,48,2,45,65,4,116,74,2,76,192
09/05/2012,DLH,MN,AGL,CE,Combined TRACON& Tower with Radar,0,38,23,59,120,0,8,54,0,62,0,46,77,59,182,80,100,180,362
09/06/2012,DLH,MN,AGL,CE,Combined TRACON& Tower with Radar,0,37,30,4,71,0,6,26,0,32,0,43,56,4,103,62,10,72,175
09/07/2012,DLH,MN,AGL,CE,Combined TRACON& Tower with Radar,4,41,39,12,96,0,7,49,1,57,4,48,88,13,153,40,18,58,211
09/08/2012,DLH,MN,AGL,CE,Combined TRACON& Tower with Radar,0,26,11,2,39,0,6,17,0,23,0,32,28,2,62,52,0,52,114
09/09/2012,DLH,MN,AGL,CE,Combined TRACON& Tower with Radar,0,27,12,3,42,0,12,41,2,55,0,39,53,5,97,46,8,54,151
09/10/2012,DLH,MN,AGL,CE,Combined TRACON& Tower with Radar,4,30,24,6,64,0,0,29,2,31,4,30,53,8,95,54,22,76,171
09/11/2012,DLH,MN,AGL,CE,Combined TRACON& Tower with Radar,0,31,26,19,76,0,0,39,0,39,0,31,65,19,115,50,56,106,221
09/12/2012,DLH,MN,AGL,CE,Combined TRACON& Tower with Radar,0,35,27,22,84,0,6,47,2,55,0,41,74,24,139,52,96,148,287
09/13/2012,DLH,MN,AGL,CE,Combined TRACON& Tower with Radar,0,47,26,7,80,0,4,86,1,91,0,51,112,8,171,82,10,92,263
09/14/2012,DLH,MN,AGL,CE,Combined TRACON& Tower with Radar,4,39,26,9,78,0,3,59,2,64,4,42,85,11,142,104,34,138,280
09/15/2012,DLH,MN,AGL,CE,Combined TRACON& Tower with Radar,0,35,29,1,65,0,4,38,5,47,0,39,67,6,112,96,0,96,208
09/16/2012,DLH,MN,AGL,CE,Combined TRACON& Tower with Radar,0,24,14,0,38,0,5,36,0,41,0,29,50,0,79,64,0,64,143
09/17/2012,DLH,MN,AGL,CE,Combined TRACON& Tower with Radar,5,26,24,13,68,0,7,40,0,47,5,33,64,13,115,12,24,36,151
09/18/2012,DLH,MN,AGL,CE,Combined TRACON& Tower with Radar,0,34,36,27,97,0,4,55,7,66,0,38,91,34,163,14,62,76,239
09/19/2012,DLH,MN,AGL,CE,Combined TRACON& Tower with Radar,2,41,20,4,67,0,3,38,6,47,2,44,58,10,114,18,18,36,150
09/20/2012,DLH,MN,AGL,CE,Combined TRACON& Tower with Radar,0,31,35,13,79,0,6,40,11,57,0,37,75,24,136,6,148,154,290
09/21/2012,DLH,MN,AGL,CE,Combined TRACON& Tower with Radar,4,36,20,6,66,0,12,53,9,74,4,48,73,15,140,8,10,18,158
09/22/2012,DLH,MN,AGL,CE,Combined TRACON& Tower with Radar,3,18,12,0,33,0,3,15,3,21,3,21,27,3,54,2,0,2,56
09/23/2012,DLH,MN,AGL,CE,Combined TRACON& Tower with Radar,1,22,29,3,55,0,11,73,2,86,1,33,102,5,141,10,0,10,151
09/24/2012,DLH,MN,AGL,CE,Combined TRACON& Tower with Radar,4,32,15,9,60,0,18,41,1,60,4,50,56,10,120,6,4,10,130
09/25/2012,DLH,MN,AGL,CE,Combined TRACON& Tower with Radar,2,28,23,14,67,0,12,49,1,62,2,40,72,15,129,48,10,58,187
09/26/2012,DLH,MN,AGL,CE,Combined TRACON& Tower with Radar,0,35,23,5,63,0,12,62,0,74,0,47,85,5,137,170,2,172,309
09/27/2012,DLH,MN,AGL,CE,Combined TRACON& Tower with Radar,0,33,28,6,67,0,1,97,0,98,0,34,125,6,165,188,2,190,355
09/28/2012,DLH,MN,AGL,CE,Combined TRACON& Tower with Radar,4,41,42,0,87,0,20,71,0,91,4,61,113,0,178,138,0,138,316
09/29/2012,DLH,MN,AGL,CE,Combined TRACON& Tower with Radar,0,36,22,0,58,0,11,62,0,73,0,47,84,0,131,62,0,62,193
09/30/2012,DLH,MN,AGL,CE,Combined TRACON& Tower with Radar,0,26,27,0,53,0,7,31,0,38,0,33,58,0,91,22,0,22,113
10/01/2012,DLH,MN,AGL,CE,Combined TRACON& Tower with Radar,4,43,37,2,86,0,4,50,0,54,4,47,87,2,140,96,4,100,240
10/02/2012,DLH,MN,AGL,CE,Combined TRACON& Tower with Radar,0,32,22,1,55,0,5,59,3,67,0,37,81,4,122,160,24,184,306
10/03/2012,DLH,MN,AGL,CE,Combined TRACON& Tower with Radar,0,31,69,20,120,0,0,93,39,132,0,31,162,59,252,64,40,104,356
10/04/2012,DLH,MN,AGL,CE,Combined TRACON& Tower with Radar,0,30,27,33,90,0,1,20,2,23,0,31,47,35,113,20,10,30,143
10/05/2012,DLH,MN,AGL,CE,Combined TRACON& Tower with Radar,4,35,22,0,61,0,0,8,0,8,4,35,30,0,69,0,0,0,69
10/06/2012,DLH,MN,AGL,CE,Combined TRACON& Tower with Radar,0,24,19,0,43,0,2,14,0,16,0,26,33,0,59,12,0,12,71
10/07/2012,DLH,MN,AGL,CE,Combined TRACON& Tower with Radar,1,34,24,0,59,0,0,21,0,21,1,34,45,0,80,32,0,32,112
10/08/2012,DLH,MN,AGL,CE,Combined TRACON& Tower with Radar,7,32,47,0,86,0,2,22,0,24,7,34,69,0,110,48,0,48,158
10/09/2012,DLH,MN,AGL,CE,Combined TRACON& Tower with Radar,4,25,40,38,107,0,1,48,1,50,4,26,88,39,157,102,22,124,281
10/10/2012,DLH,MN,AGL,CE,Combined TRACON& Tower with Radar,0,34,19,28,81,0,5,57,0,62,0,39,76,28,143,194,112,306,449
10/11/2012,DLH,MN,AGL,CE,Combined TRACON& Tower with Radar,0,41,39,13,93,0,4,32,0,36,0,45,71,13,129,68,12,80,209
10/12/2012,DLH,MN,AGL,CE,Combined TRACON& Tower with Radar,6,36,31,10,83,0,4,52,0,56,6,40,83,10,139,162,48,210,349
10/13/2012,DLH,MN,AGL,CE,Combined TRACON& Tower with Radar,0,29,20,0,49,0,0,9,6,15,0,29,29,6,64,20,0,20,84
10/14/2012,DLH,MN,AGL,CE,Combined TRACON& Tower with Radar,0,26,27,0,53,0,1,14,0,15,0,27,41,0,68,0,0,0,68
10/15/2012,DLH,MN,AGL,CE,Combined TRACON& Tower with Radar,4,31,32,13,80,0,3,88,0,91,4,34,120,13,171,128,36,164,335
10/16/2012,DLH,MN,AGL,CE,Combined TRACON& Tower with Radar,0,33,35,9,77,0,22,65,0,87,0,55,100,9,164,294,8,302,466
10/17/2012,DLH,MN,AGL,CE,Combined TRACON& Tower with Radar,0,42,26,7,75,0,9,17,0,26,0,51,43,7,101,90,0,90,191
10/18/2012,DLH,MN,AGL,CE,Combined TRACON& Tower with Radar,0,31,34,6,71,0,0,23,0,23,0,31,57,6,94,66,30,96,190
10/19/2012,DLH,MN,AGL,CE,Combined TRACON& Tower with Radar,5,31,23,0,59,0,9,30,0,39,5,40,53,0,98,34,0,34,132
10/20/2012,DLH,MN,AGL,CE,Combined TRACON& Tower with Radar,0,23,16,3,42,0,1,49,4,54,0,24,65,7,96,84,8,92,188
10/21/2012,DLH,MN,AGL,CE,Combined TRACON& Tower with Radar,0,25,12,0,37,0,2,33,2,37,0,27,45,2,74,78,14,92,166
10/22/2012,DLH,MN,AGL,CE,Combined TRACON& Tower with Radar,4,30,26,8,68,0,2,6,0,8,4,32,32,8,76,6,0,6,82
10/23/2012,DLH,MN,AGL,CE,Combined TRACON& Tower with Radar,0,24,8,3,35,0,0,0,0,0,0,24,8,3,35,0,0,0,35
10/24/2012,DLH,MN,AGL,CE,Combined TRACON& Tower with Radar,0,27,32,1,60,0,8,3,0,11,0,35,35,1,71,30,0,30,101
10/25/2012,DLH,MN,AGL,CE,Combined TRACON& Tower with Radar,6,30,13,2,51,0,0,1,0,1,6,30,14,2,52,38,0,38,90
10/26/2012,DLH,MN,AGL,CE,Combined TRACON& Tower with Radar,8,44,30,0,82,0,0,66,0,66,8,44,96,0,148,214,0,214,362
10/27/2012,DLH,MN,AGL,CE,Combined TRACON& Tower with Radar,0,29,12,0,41,0,10,33,0,43,0,39,45,0,84,58,0,58,142
10/28/2012,DLH,MN,AGL,CE,Combined TRACON& Tower with Radar,2,22,8,0,32,0,0,7,0,7,2,22,15,0,39,20,0,20,59
10/29/2012,DLH,MN,AGL,CE,Combined TRACON& Tower with Radar,4,32,23,2,61,0,6,81,0,87,4,38,104,2,148,154,0,154,302
10/30/2012,DLH,MN,AGL,CE,Combined TRACON& Tower with Radar,3,50,27,50,130,0,7,63,1,71,3,57,90,51,201,188,84,272,473
10/31/2012,DLH,MN,AGL,CE,Combined TRACON& Tower with Radar,1,46,35,33,115,0,3,104,1,108,1,49,139,34,223,98,42,140,363
11/01/2012,DLH,MN,AGL,CE,Combined TRACON& Tower with Radar,0,38,51,4,93,0,3,51,1,55,0,41,102,5,148,26,0,26,174
11/02/2012,DLH,MN,AGL,CE,Combined TRACON& Tower with Radar,4,31,30,7,72,0,5,41,1,47,4,36,71,8,119,46,0,46,165
11/03/2012,DLH,MN,AGL,CE,Combined TRACON& Tower with Radar,0,22,8,1,31,0,5,15,1,21,0,27,23,2,52,68,0,68,120
11/04/2012,DLH,MN,AGL,CE,Combined TRACON& Tower with Radar,0,25,13,0,38,0,4,17,0,21,0,29,30,0,59,24,0,24,83
11/05/2012,DLH,MN,AGL,CE,Combined TRACON& Tower with Radar,4,31,25,5,65,0,2,34,2,38,4,33,59,7,103,66,8,74,177
11/06/2012,DLH,MN,AGL,CE,Combined TRACON& Tower with Radar,2,27,29,3,61,0,4,6,0,10,2,31,35,3,71,10,0,10,81
11/07/2012,DLH,MN,AGL,CE,Combined TRACON& Tower with Radar,0,31,20,2,53,0,0,24,0,24,0,31,44,2,77,20,0,20,97
11/08/2012,DLH,MN,AGL,CE,Combined TRACON& Tower with Radar,0,42,30,3,75,0,10,64,0,74,0,52,94,3,149,106,14,120,269
11/09/2012,DLH,MN,AGL,CE,Combined TRACON& Tower with Radar,4,34,42,0,80,0,0,6,0,6,4,34,48,0,86,26,0,26,112
11/10/2012,DLH,MN,AGL,CE,Combined TRACON& Tower with Radar,2,20,5,0,27,0,0,0,0,0,2,20,5,0,27,0,0,0,27
11/11/2012,DLH,MN,AGL,CE,Combined TRACON& Tower with Radar,0,24,6,0,30,0,3,0,0,3,0,27,6,0,33,0,0,0,33
11/12/2012,DLH,MN,AGL,CE,Combined TRACON& Tower with Radar,4,22,14,0,40,0,0,0,0,0,4,22,14,0,40,0,0,0,40
11/13/2012,DLH,MN,AGL,CE,Combined TRACON& Tower with Radar,0,35,20,8,63,0,0,38,0,38,0,35,58,8,101,88,0,88,189
11/14/2012,DLH,MN,AGL,CE,Combined TRACON& Tower with Radar,2,29,23,7,61,0,4,48,0,52,2,33,71,7,113,86,2,88,201
11/15/2012,DLH,MN,AGL,CE,Combined TRACON& Tower with Radar,0,27,29,10,66,0,4,45,0,49,0,31,74,10,115,34,8,42,157
11/16/2012,DLH,MN,AGL,CE,Combined TRACON& Tower with Radar,6,33,23,12,74,0,6,48,0,54,6,39,71,12,128,120,0,120,248
11/17/2012,DLH,MN,AGL,CE,Combined TRACON& Tower with Radar,2,28,18,20,68,0,7,28,3,38,2,35,46,23,106,52,12,64,170
11/18/2012,DLH,MN,AGL,CE,Combined TRACON& Tower with Radar,0,22,8,0,30,0,0,18,0,18,0,22,26,0,48,56,0,56,104
11/19/2012,DLH,MN,AGL,CE,Combined TRACON& Tower with Radar,4,26,31,18,79,0,3,29,0,32,4,29,60,18,111,62,18,80,191
11/20/2012,DLH,MN,AGL,CE,Combined TRACON& Tower with Radar,4,33,26,4,67,0,3,34,0,37,4,36,60,4,104,52,0,52,156
11/21/2012,DLH,MN,AGL,CE,Combined TRACON& Tower with Radar,0,43,20,24,87,0,2,31,0,33,0,45,51,24,120,70,2,72,192
11/22/2012,DLH,MN,AGL,CE,Combined TRACON& Tower with Radar,0,16,1,0,17,0,1,0,0,1,0,17,1,0,18,30,0,30,48
11/23/2012,DLH,MN,AGL,CE,Combined TRACON& Tower with Radar,0,23,0,0,23,0,0,1,0,1,0,23,1,0,24,4,0,4,28
11/24/2012,DLH,MN,AGL,CE,Combined TRACON& Tower with Radar,4,28,8,0,40,0,1,17,0,18,4,29,25,0,58,26,0,26,84
11/25/2012,DLH,MN,AGL,CE,Combined TRACON& Tower with Radar,0,25,21,0,46,0,0,1,0,1,0,25,22,0,47,0,0,0,47
11/26/2012,DLH,MN,AGL,CE,Combined TRACON& Tower with Radar,0,37,27,18,82,0,4,41,2,47,0,41,68,20,129,94,8,102,231
11/27/2012,DLH,MN,AGL,CE,Combined TRACON& Tower with Radar,1,28,15,6,50,0,2,0,0,2,1,30,15,6,52,0,20,20,72
11/28/2012,DLH,MN,AGL,CE,Combined TRACON& Tower with Radar,0,32,22,28,82,0,1,48,0,49,0,33,70,28,131,76,16,92,223
11/29/2012,DLH,MN,AGL,CE,Combined TRACON& Tower with Radar,0,30,24,8,62,0,0,2,0,2,0,30,26,8,64,0,0,0,64
11/30/2012,DLH,MN,AGL,CE,Combined TRACON& Tower with Radar,2,29,7,8,46,0,0,3,0,3,2,29,10,8,49,0,0,0,49
12/01/2012,DLH,MN,AGL,CE,Combined TRACON& Tower with Radar,0,18,2,0,20,0,0,0,0,0,0,18,2,0,20,0,0,0,20
12/02/2012,DLH,MN,AGL,CE,Combined TRACON& Tower with Radar,0,17,6,4,27,0,0,0,0,0,0,17,6,4,27,0,0,0,27
12/03/2012,DLH,MN,AGL,CE,Combined TRACON& Tower with Radar,2,20,15,2,39,0,0,5,0,5,2,20,20,2,44,0,0,0,44
12/04/2012,DLH,MN,AGL,CE,Combined TRACON& Tower with Radar,0,29,21,22,72,0,10,38,0,48,0,39,59,22,120,44,0,44,164
12/05/2012,DLH,MN,AGL,CE,Combined TRACON& Tower with Radar,0,32,45,23,100,0,6,68,7,81,0,38,113,30,181,106,44,150,331
12/06/2012,DLH,MN,AGL,CE,Combined TRACON& Tower with Radar,0,29,35,22,86,0,3,25,2,30,0,32,60,24,116,56,58,114,230
12/07/2012,DLH,MN,AGL,CE,Combined TRACON& Tower with Radar,2,38,28,20,88,0,1,41,1,43,2,39,69,21,131,68,42,110,241
12/08/2012,DLH,MN,AGL,CE,Combined TRACON& Tower with Radar,0,22,13,0,35,0,0,14,0,14,0,22,27,0,49,48,0,48,97
12/09/2012,DLH,MN,AGL,CE,Combined TRACON& Tower with Radar,0,9,2,0,11,0,0,0,0,0,0,9,2,0,11,0,0,0,11
12/10/2012,DLH,MN,AGL,CE,Combined TRACON& Tower with Radar,2,23,32,11,68,0,3,31,1,35,2,26,63,12,103,76,0,76,179
12/11/2012,DLH,MN,AGL,CE,Combined TRACON& Tower with Radar,0,27,36,14,77,0,6,4,0,10,0,33,40,14,87,34,0,34,121
12/12/2012,DLH,MN,AGL,CE,Combined TRACON& Tower with Radar,0,42,55,32,129,0,4,36,0,40,0,46,91,32,169,52,32,84,253
12/13/2012,DLH,MN,AGL,CE,Combined TRACON& Tower with Radar,0,31,45,16,92,0,7,50,3,60,0,38,95,19,152,124,12,136,288
12/14/2012,DLH,MN,AGL,CE,Combined TRACON& Tower with Radar,7,27,13,0,47,0,0,0,0,0,7,27,13,0,47,0,0,0,47
12/15/2012,DLH,MN,AGL,CE,Combined TRACON& Tower with Radar,0,16,2,0,18,0,0,0,0,0,0,16,2,0,18,0,0,0,18
12/16/2012,DLH,MN,AGL,CE,Combined TRACON& Tower with Radar,0,19,9,0,28,0,0,0,0,0,0,19,9,0,28,0,0,0,28
12/17/2012,DLH,MN,AGL,CE,Combined TRACON& Tower with Radar,4,28,30,20,82,0,0,15,0,15,4,28,45,20,97,10,0,10,107
12/18/2012,DLH,MN,AGL,CE,Combined TRACON& Tower with Radar,0,33,40,24,97,0,1,28,0,29,0,34,68,24,126,58,16,74,200
12/19/2012,DLH,MN,AGL,CE,Combined TRACON& Tower with Radar,0,33,59,16,108,0,0,43,0,43,0,33,102,16,151,104,6,110,261
12/20/2012,DLH,MN,AGL,CE,Combined TRACON& Tower with Radar,1,29,37,23,90,0,0,20,0,20,1,29,57,23,110,38,6,44,154
12/21/2012,DLH,MN,AGL,CE,Combined TRACON& Tower with Radar,4,39,20,8,71,0,0,56,0,56,4,39,76,8,127,88,6,94,221
12/22/2012,DLH,MN,AGL,CE,Combined TRACON& Tower with Radar,0,18,31,0,49,0,11,50,0,61,0,29,81,0,110,82,0,82,192
12/23/2012,DLH,MN,AGL,CE,Combined TRACON& Tower with Radar,0,19,9,0,28,0,5,24,0,29,0,24,33,0,57,24,0,24,81
12/24/2012,DLH,MN,AGL,CE,Combined TRACON& Tower with Radar,4,16,4,0,24,0,2,11,0,13,4,18,15,0,37,2,0,2,39
12/25/2012,DLH,MN,AGL,CE,Combined TRACON& Tower with Radar,0,12,0,0,12,0,2,6,0,8,0,14,6,0,20,0,0,0,20
12/26/2012,DLH,MN,AGL,CE,Combined TRACON& Tower with Radar,0,22,13,2,37,0,0,31,0,31,0,22,44,2,68,30,0,30,98
12/27/2012,DLH,MN,AGL,CE,Combined TRACON& Tower with Radar,0,29,18,12,59,0,1,29,0,30,0,30,47,12,89,32,8,40,129
12/28/2012,DLH,MN,AGL,CE,Combined TRACON& Tower with Radar,4,29,3,0,36,0,0,0,0,0,4,29,3,0,36,0,0,0,36
12/29/2012,DLH,MN,AGL,CE,Combined TRACON& Tower with Radar,2,25,14,0,41,0,0,5,0,5,2,25,19,0,46,12,0,12,58
12/30/2012,DLH,MN,AGL,CE,Combined TRACON& Tower with Radar,2,23,18,0,43,0,1,15,0,16,2,24,33,0,59,20,0,20,79
12/31/2012,DLH,MN,AGL,CE,Combined TRACON& Tower with Radar,4,22,5,2,33,0,7,6,0,13,4,29,11,2,46,14,0,14,60
01/01/2013,DLH,MN,AGL,CE,Combined TRACON& Tower with Radar,6,17,3,0,26,0,3,7,0,10,6,20,10,0,36,16,2,18,54
01/02/2013,DLH,MN,AGL,CE,Combined TRACON& Tower with Radar,0,38,9,12,59,0,0,0,0,0,0,38,9,12,59,0,0,0,59
01/03/2013,DLH,MN,AGL,CE,Combined TRACON& Tower with Radar,2,24,15,15,56,0,3,27,0,30,2,27,42,15,86,0,0,0,86
01/04/2013,DLH,MN,AGL,CE,Combined TRACON& Tower with Radar,6,43,33,21,103,0,2,36,1,39,6,45,69,22,142,50,20,70,212
01/05/2013,DLH,MN,AGL,CE,Combined TRACON& Tower with Radar,0,28,25,1,54,0,5,20,0,25,0,33,45,1,79,122,0,122,201
01/06/2013,DLH,MN,AGL,CE,Combined TRACON& Tower with Radar,2,19,19,0,40,0,2,20,0,22,2,21,39,0,62,12,0,12,74
01/07/2013,DLH,MN,AGL,CE,Combined TRACON& Tower with Radar,4,27,19,12,62,0,4,25,0,29,4,31,44,12,91,34,6,40,131
01/08/2013,DLH,MN,AGL,CE,Combined TRACON& Tower with Radar,0,23,21,25,69,0,2,26,3,31,0,25,47,28,100,28,26,54,154
01/09/2013,DLH,MN,AGL,CE,Combined TRACON& Tower with Radar,0,22,19,9,50,0,0,24,3,27,0,22,43,12,77,40,8,48,125
01/10/2013,DLH,MN,AGL,CE,Combined TRACON& Tower with Radar,0,26,15,5,46,0,8,46,0,54,0,34,61,5,100,44,0,44,144
01/11/2013,DLH,MN,AGL,CE,Combined TRACON& Tower with Radar,0,17,13,0,30,0,0,0,0,0,0,17,13,0,30,0,0,0,30
01/12/2013,DLH,MN,AGL,CE,Combined TRACON& Tower with Radar,4,23,13,0,40,0,4,2,0,6,4,27,15,0,46,4,0,4,50
01/13/2013,DLH,MN,AGL,CE,Combined TRACON& Tower with Radar,1,19,16,0,36,0,0,11,0,11,1,19,27,0,47,4,0,4,51
01/14/2013,DLH,MN,AGL,CE,Combined TRACON& Tower with Radar,5,21,27,14,67,0,4,22,0,26,5,25,49,14,93,52,0,52,145
01/15/2013,DLH,MN,AGL,CE,Combined TRACON& Tower with Radar,2,24,20,33,79,0,1,51,5,57,2,25,71,38,136,122,30,152,288
01/16/2013,DLH,MN,AGL,CE,Combined TRACON& Tower with Radar,0,22,27,14,63,0,6,17,0,23,0,28,44,14,86,64,2,66,152
01/17/2013,DLH,MN,AGL,CE,Combined TRACON& Tower with Radar,0,24,30,27,81,0,10,26,0,36,0,34,56,27,117,38,6,44,161
01/18/2013,DLH,MN,AGL,CE,Combined TRACON& Tower with Radar,4,21,12,0,37,0,0,0,0,0,4,21,12,0,37,0,2,2,39
01/19/2013,DLH,MN,AGL,CE,Combined TRACON& Tower with Radar,0,16,6,0,22,0,0,0,0,0,0,16,6,0,22,0,0,0,22
01/20/2013,DLH,MN,AGL,CE,Combined TRACON& Tower with Radar,2,16,12,0,30,0,2,7,0,9,2,18,19,0,39,14,0,14,53
01/21/2013,DLH,MN,AGL,CE,Combined TRACON& Tower with Radar,6,29,7,0,42,0,0,9,0,9,6,29,16,0,51,0,0,0,51
01/22/2013,DLH,MN,AGL,CE,Combined TRACON& Tower with Radar,0,31,13,15,59,0,6,14,0,20,0,37,27,15,79,22,12,34,113
01/23/2013,DLH,MN,AGL,CE,Combined TRACON& Tower with Radar,0,18,20,9,47,0,4,16,0,20,0,22,36,9,67,10,0,10,77
01/24/2013,DLH,MN,AGL,CE,Combined TRACON& Tower with Radar,0,23,14,4,41,0,17,29,0,46,0,40,43,4,87,24,4,28,115
01/25/2013,DLH,MN,AGL,CE,Combined TRACON& Tower with Radar,4,26,23,5,58,0,0,8,0,8,4,26,31,5,66,46,0,46,112
01/26/2013,DLH,MN,AGL,CE,Combined TRACON& Tower with Radar,0,21,16,6,43,0,4,34,6,44,0,25,50,12,87,66,16,82,169
01/27/2013,DLH,MN,AGL,CE,Combined TRACON& Tower with Radar,2,19,1,2,24,0,2,14,0,16,2,21,15,2,40,16,0,16,56
01/28/2013,DLH,MN,AGL,CE,Combined TRACON& Tower with Radar,5,24,17,12,58,0,0,0,0,0,5,24,17,12,58,0,0,0,58
01/29/2013,DLH,MN,AGL,CE,Combined TRACON& Tower with Radar,2,24,8,11,45,0,0,3,3,6,2,24,11,14,51,0,22,22,73
01/30/2013,DLH,MN,AGL,CE,Combined TRACON& Tower with Radar,1,29,26,4,60,0,6,18,1,25,1,35,44,5,85,22,0,22,107
01/31/2013,DLH,MN,AGL,CE,Combined TRACON& Tower with Radar,4,26,26,3,59,0,0,18,0,18,4,26,44,3,77,20,0,20,97
02/01/2013,DLH,MN,AGL,CE,Combined TRACON& Tower with Radar,4,37,28,0,69,0,1,4,0,5,4,38,32,0,74,0,0,0,74
02/02/2013,DLH,MN,AGL,CE,Combined TRACON& Tower with Radar,1,19,4,5,29,0,2,26,4,32,1,21,30,9,61,16,30,46,107
02/03/2013,DLH,MN,AGL,CE,Combined TRACON& Tower with Radar,0,22,8,2,32,0,14,14,0,28,0,36,22,2,60,2,0,2,62
02/04/2013,DLH,MN,AGL,CE,Combined TRACON& Tower with Radar,4,27,27,2,60,0,3,29,0,32,4,30,56,2,92,58,0,58,150
02/05/2013,DLH,MN,AGL,CE,Combined TRACON& Tower with Radar,0,31,15,7,53,0,0,70,2,72,0,31,85,9,125,114,30,144,269
02/06/2013,DLH,MN,AGL,CE,Combined TRACON& Tower with Radar,0,28,31,4,63,0,0,12,2,14,0,28,43,6,77,16,0,16,93
02/07/2013,DLH,MN,AGL,CE,Combined TRACON& Tower with Radar,0,21,22,7,50,0,3,0,1,4,0,24,22,8,54,0,0,0,54
02/08/2013,DLH,MN,AGL,CE,Combined TRACON& Tower with Radar,4,28,33,6,71,0,1,19,0,20,4,29,52,6,91,20,0,20,111
02/09/2013,DLH,MN,AGL,CE,Combined TRACON& Tower with Radar,0,22,18,8,48,0,6,2,0,8,0,28,20,8,56,0,0,0,56
02/10/2013,DLH,MN,AGL,CE,Combined TRACON& Tower with Radar,1,6,0,3,10,0,0,0,0,0,1,6,0,3,10,0,0,0,10
02/11/2013,DLH,MN,AGL,CE,Combined TRACON& Tower with Radar,4,17,12,9,42,0,2,9,0,11,4,19,21,9,53,0,0,0,53
02/12/2013,DLH,MN,AGL,CE,Combined TRACON& Tower with Radar,0,25,24,41,90,0,1,30,0,31,0,26,54,41,121,92,54,146,267
02/13/2013,DLH,MN,AGL,CE,Combined TRACON& Tower with Radar,0,27,20,25,72,0,4,35,6,45,0,31,55,31,117,58,52,110,227
02/14/2013,DLH,MN,AGL,CE,Combined TRACON& Tower with Radar,0,30,11,16,57,0,2,26,4,32,0,32,37,20,89,24,0,24,113
02/15/2013,DLH,MN,AGL,CE,Combined TRACON& Tower with Radar,8,28,13,9,58,0,2,45,0,47,8,30,58,9,105,36,18,54,159
02/16/2013,DLH,MN,AGL,CE,Combined TRACON& Tower with Radar,2,23,14,0,39,0,6,46,7,59,2,29,60,7,98,88,2,90,188
02/17/2013,DLH,MN,AGL,CE,Combined TRACON& Tower with Radar,0,17,11,1,29,0,2,18,0,20,0,19,29,1,49,36,0,36,85
02/18/2013,DLH,MN,AGL,CE,Combined TRACON& Tower with Radar,6,22,9,0,37,0,1,0,0,1,6,23,9,0,38,0,0,0,38
02/19/2013,DLH,MN,AGL,CE,Combined TRACON& Tower with Radar,0,23,17,9,49,0,2,20,0,22,0,25,37,9,71,26,4,30,101
02/20/2013,DLH,MN,AGL,CE,Combined TRACON& Tower with Radar,4,31,22,13,70,0,13,64,7,84,4,44,86,20,154,112,2,114,268
02/21/2013,DLH,MN,AGL,CE,Combined TRACON& Tower with Radar,0,30,24,15,69,0,1,14,3,18,0,31,38,18,87,4,6,10,97
02/22/2013,DLH,MN,AGL,CE,Combined TRACON& Tower with Radar,6,26,5,0,37,0,0,0,0,0,6,26,5,0,37,0,0,0,37
02/23/2013,DLH,MN,AGL,CE,Combined TRACON& Tower with Radar,0,29,23,0,52,0,2,35,0,37,0,31,58,0,89,32,0,32,121
02/24/2013,DLH,MN,AGL,CE,Combined TRACON& Tower with Radar,2,22,22,0,46,0,8,39,12,59,2,30,61,12,105,26,6,32,137
02/25/2013,DLH,MN,AGL,CE,Combined TRACON& Tower with Radar,6,23,25,37,91,0,8,58,7,73,6,31,83,44,164,124,86,210,374
02/26/2013,DLH,MN,AGL,CE,Combined TRACON& Tower with Radar,0,22,36,34,92,0,4,44,7,55,0,26,80,41,147,148,38,186,333
02/27/2013,DLH,MN,AGL,CE,Combined TRACON& Tower with Radar,0,22,20,11,53,0,4,82,9,95,0,26,102,20,148,48,16,64,212
02/28/2013,DLH,MN,AGL,CE,Combined TRACON& Tower with Radar,0,29,37,2,68,0,4,57,0,61,0,33,94,2,129,78,2,80,209
03/01/2013,DLH,MN,AGL,CE,Combined TRACON& Tower with Radar,8,29,37,0,74,0,6,41,4,51,8,35,78,4,125,86,0,86,211
03/02/2013,DLH,MN,AGL,CE,Combined TRACON& Tower with Radar,5,19,20,0,44,0,13,38,0,51,5,32,58,0,95,44,10,54,149
03/03/2013,DLH,MN,AGL,CE,Combined TRACON& Tower with Radar,1,25,25,1,52,0,4,65,0,69,1,29,90,1,121,20,0,20,141
03/04/2013,DLH,MN,AGL,CE,Combined TRACON& Tower with Radar,10,18,14,9,51,0,6,33,2,41,10,24,47,11,92,66,0,66,158
03/05/2013,DLH,MN,AGL,CE,Combined TRACON& Tower with Radar,2,23,4,0,29,0,0,0,0,0,2,23,4,0,29,0,0,0,29
03/06/2013,DLH,MN,AGL,CE,Combined TRACON& Tower with Radar,4,35,23,9,71,0,0,43,6,49,4,35,66,15,120,114,28,142,262
03/07/2013,DLH,MN,AGL,CE,Combined TRACON& Tower with Radar,4,34,24,17,79,0,2,59,5,66,4,36,83,22,145,98,10,108,253
03/08/2013,DLH,MN,AGL,CE,Combined TRACON& Tower with Radar,10,37,31,7,85,0,4,29,2,35,10,41,60,9,120,94,6,100,220
03/09/2013,DLH,MN,AGL,CE,Combined TRACON& Tower with Radar,3,21,2,0,26,0,0,0,0,0,3,21,2,0,26,0,0,0,26
03/10/2013,DLH,MN,AGL,CE,Combined TRACON& Tower with Radar,3,21,7,4,35,0,2,4,0,6,3,23,11,4,41,12,0,12,53
03/11/2013,DLH,MN,AGL,CE,Combined TRACON& Tower with Radar,8,33,31,1,73,0,3,15,0,18,8,36,46,1,91,56,0,56,147
03/12/2013,DLH,MN,AGL,CE,Combined TRACON& Tower with Radar,3,40,26,28,97,0,4,26,0,30,3,44,52,28,127,50,36,86,213
03/13/2013,DLH,MN,AGL,CE,Combined TRACON& Tower with Radar,5,38,33,24,100,0,11,49,3,63,5,49,82,27,163,52,164,216,379
03/14/2013,DLH,MN,AGL,CE,Combined TRACON& Tower with Radar,4,39,33,18,94,0,2,37,7,46,4,41,70,25,140,62,10,72,212
03/15/2013,DLH,MN,AGL,CE,Combined TRACON& Tower with Radar,7,30,27,0,64,0,0,33,5,38,7,30,60,5,102,96,0,96,198
03/16/2013,DLH,MN,AGL,CE,Combined TRACON& Tower with Radar,4,32,16,19,71,0,1,18,0,19,4,33,34,19,90,16,20,36,126
03/17/2013,DLH,MN,AGL,CE,Combined TRACON& Tower with Radar,3,25,12,2,42,0,1,18,0,19,3,26,30,2,61,60,0,60,121
03/18/2013,DLH,MN,AGL,CE,Combined TRACON& Tower with Radar,6,31,4,0,41,0,0,0,0,0,6,31,4,0,41,0,0,0,41
03/19/2013,DLH,MN,AGL,CE,Combined TRACON& Tower with Radar,2,37,11,13,63,0,7,10,0,17,2,44,21,13,80,16,42,58,138
03/20/2013,DLH,MN,AGL,CE,Combined TRACON& Tower with Radar,2,43,31,19,95,0,4,42,0,46,2,47,73,19,141,68,16,84,225
03/21/2013,DLH,MN,AGL,CE,Combined TRACON& Tower with Radar,0,41,31,7,79,0,7,42,2,51,0,48,73,9,130,10,16,26,156
03/22/2013,DLH,MN,AGL,CE,Combined TRACON& Tower with Radar,8,36,30,0,74,0,2,49,0,51,8,38,79,0,125,72,24,96,221
03/23/2013,DLH,MN,AGL,CE,Combined TRACON& Tower with Radar,2,22,26,0,50,0,2,30,0,32,2,24,56,0,82,80,0,80,162
03/24/2013,DLH,MN,AGL,CE,Combined TRACON& Tower with Radar,1,24,21,0,46,0,5,7,0,12,1,29,28,0,58,54,0,54,112
03/25/2013,DLH,MN,AGL,CE,Combined TRACON& Tower with Radar,7,26,21,11,65,0,4,46,0,50,7,30,67,11,115,102,0,102,217
03/26/2013,DLH,MN,AGL,CE,Combined TRACON& Tower with Radar,0,28,20,28,76,0,9,48,0,57,0,37,68,28,133,54,34,88,221
03/27/2013,DLH,MN,AGL,CE,Combined TRACON& Tower with Radar,1,30,36,9,76,0,2,64,5,71,1,32,100,14,147,76,4,80,227
03/28/2013,DLH,MN,AGL,CE,Combined TRACON& Tower with Radar,0,32,28,16,76,0,11,47,1,59,0,43,75,17,135,148,14,162,297
03/29/2013,DLH,MN,AGL,CE,Combined TRACON& Tower with Radar,6,29,29,0,64,0,0,62,0,62,6,29,91,0,126,116,0,116,242
03/30/2013,DLH,MN,AGL,CE,Combined TRACON& Tower with Radar,0,25,3,0,28,0,4,13,0,17,0,29,16,0,45,60,0,60,105
03/31/2013,DLH,MN,AGL,CE,Combined TRACON& Tower with Radar,2,23,7,0,32,0,0,6,0,6,2,23,13,0,38,0,0,0,38
04/01/2013,DLH,MN,AGL,CE,Combined TRACON& Tower with Radar,6,29,19,17,71,0,3,29,4,36,6,32,48,21,107,104,22,126,233
04/02/2013,DLH,MN,AGL,CE,Combined TRACON& Tower with Radar,0,28,25,36,89,0,0,37,2,39,0,28,62,38,128,110,62,172,300
04/03/2013,DLH,MN,AGL,CE,Combined TRACON& Tower with Radar,0,28,27,24,79,0,2,32,3,37,0,30,59,27,116,58,14,72,188
04/04/2013,DLH,MN,AGL,CE,Combined TRACON& Tower with Radar,2,29,33,14,78,0,0,35,0,35,2,29,68,14,113,20,12,32,145
04/05/2013,DLH,MN,AGL,CE,Combined TRACON& Tower with Radar,6,24,25,12,67,0,3,43,0,46,6,27,68,12,113,32,4,36,149
04/06/2013,DLH,MN,AGL,CE,Combined TRACON& Tower with Radar,0,25,0,0,25,0,0,0,0,0,0,25,0,0,25,0,0,0,25
04/07/2013,DLH,MN,AGL,CE,Combined TRACON& Tower with Radar,0,25,8,0,33,0,7,15,0,22,0,32,23,0,55,62,0,62,117
04/08/2013,DLH,MN,AGL,CE,Combined TRACON& Tower with Radar,7,27,18,4,56,0,2,1,0,3,7,29,19,4,59,0,0,0,59
04/09/2013,DLH,MN,AGL,CE,Combined TRACON& Tower with Radar,0,31,25,50,106,0,2,27,0,29,0,33,52,50,135,0,0,0,135
04/10/2013,DLH,MN,AGL,CE,Combined TRACON& Tower with Radar,0,28,37,12,77,0,1,55,0,56,0,29,92,12,133,56,0,56,189
04/11/2013,DLH,MN,AGL,CE,Combined TRACON& Tower with Radar,0,25,3,0,28,0,0,2,0,2,0,25,5,0,30,2,0,2,32
04/12/2013,DLH,MN,AGL,CE,Combined TRACON& Tower with Radar,6,30,12,0,48,0,0,0,0,0,6,30,12,0,48,0,0,0,48
04/13/2013,DLH,MN,AGL,CE,Combined TRACON& Tower with Radar,0,22,12,0,34,0,0,24,0,24,0,22,36,0,58,74,0,74,132
04/14/2013,DLH,MN,AGL,CE,Combined TRACON& Tower with Radar,0,20,6,0,26,0,3,6,0,9,0,23,12,0,35,4,0,4,39
04/15/2013,DLH,MN,AGL,CE,Combined TRACON& Tower with Radar,6,30,22,8,66,0,1,0,0,1,6,31,22,8,67,0,0,0,67
04/16/2013,DLH,MN,AGL,CE,Combined TRACON& Tower with Radar,0,32,38,16,86,0,5,46,1,52,0,37,84,17,138,46,28,74,212
04/17/2013,DLH,MN,AGL,CE,Combined TRACON& Tower with Radar,0,30,34,12,76,0,0,6,0,6,0,30,40,12,82,16,2,18,100
04/18/2013,DLH,MN,AGL,CE,Combined TRACON& Tower with Radar,0,18,7,0,25,0,0,7,0,7,0,18,14,0,32,44,116,160,192
04/19/2013,DLH,MN,AGL,CE,Combined TRACON& Tower with Radar,2,27,12,1,42,0,0,6,0,6,2,27,18,1,48,8,4,12,60
04/20/2013,DLH,MN,AGL,CE,Combined TRACON& Tower with Radar,2,24,17,14,57,0,4,58,0,62,2,28,75,14,119,46,0,46,165
04/21/2013,DLH,MN,AGL,CE,Combined TRACON& Tower with Radar,2,21,0,0,23,0,0,7,0,7,2,21,7,0,30,26,6,32,62
04/22/2013,DLH,MN,AGL,CE,Combined TRACON& Tower with Radar,4,29,36,4,73,0,0,20,0,20,4,29,56,4,93,0,0,0,93
04/23/2013,DLH,MN,AGL,CE,Combined TRACON& Tower with Radar,0,33,20,18,71,0,2,36,6,44,0,35,56,24,115,32,30,62,177
04/24/2013,DLH,MN,AGL,CE,Combined TRACON& Tower with Radar,0,29,28,14,71,0,3,22,4,29,0,32,50,18,100,34,8,42,142
04/25/2013,DLH,MN,AGL,CE,Combined TRACON& Tower with Radar,1,34,40,12,87,0,1,28,0,29,1,35,68,12,116,20,0,20,136
04/26/2013,DLH,MN,AGL,CE,Combined TRACON& Tower with Radar,5,35,27,16,83,0,1,60,17,78,5,36,87,33,161,54,2,56,217
04/27/2013,DLH,MN,AGL,CE,Combined TRACON& Tower with Radar,2,24,20,0,46,0,10,47,0,57,2,34,67,0,103,46,0,46,149
04/28/2013,DLH,MN,AGL,CE,Combined TRACON& Tower with Radar,0,25,21,0,46,0,0,21,0,21,0,25,42,0,67,14,0,14,81
04/29/2013,DLH,MN,AGL,CE,Combined TRACON& Tower with Radar,2,28,22,21,73,0,5,56,0,61,2,33,78,21,134,46,26,72,206
04/30/2013,DLH,MN,AGL,CE,Combined TRACON& Tower with Radar,0,31,23,11,65,0,6,24,0,30,0,37,47,11,95,42,12,54,149
05/01/2013,DLH,MN,AGL,CE,Combined TRACON& Tower with Radar,0,33,27,13,73,0,1,37,3,41,0,34,64,16,114,66,22,88,202
05/02/2013,DLH,MN,AGL,CE,Combined TRACON& Tower with Radar,0,26,29,30,85,0,3,51,5,59,0,29,80,35,144,66,56,122,266
05/03/2013,DLH,MN,AGL,CE,Combined TRACON& Tower with Radar,2,27,12,4,45,0,2,13,0,15,2,29,25,4,60,6,0,6,66
05/04/2013,DLH,MN,AGL,CE,Combined TRACON& Tower with Radar,4,18,3,0,25,0,0,0,0,0,4,18,3,0,25,0,0,0,25
05/05/2013,DLH,MN,AGL,CE,Combined TRACON& Tower with Radar,2,18,28,1,49,0,0,21,0,21,2,18,49,1,70,86,0,86,156
05/06/2013,DLH,MN,AGL,CE,Combined TRACON& Tower with Radar,2,24,54,10,90,0,4,71,0,75,2,28,125,10,165,56,0,56,221
05/07/2013,DLH,MN,AGL,CE,Combined TRACON& Tower with Radar,4,34,41,22,101,0,9,77,0,86,4,43,118,22,187,48,74,122,309
05/08/2013,DLH,MN,AGL,CE,Combined TRACON& Tower with Radar,4,26,50,11,91,0,2,69,0,71,4,28,119,11,162,140,0,140,302
05/09/2013,DLH,MN,AGL,CE,Combined TRACON& Tower with Radar,0,28,49,13,90,0,2,42,1,45,0,30,91,14,135,24,2,26,161
05/10/2013,DLH,MN,AGL,CE,Combined TRACON& Tower with Radar,2,27,46,1,76,0,5,77,0,82,2,32,123,1,158,36,0,36,194
05/11/2013,DLH,MN,AGL,CE,Combined TRACON& Tower with Radar,2,17,13,0,32,0,0,5,0,5,2,17,18,0,37,10,0,10,47
05/12/2013,DLH,MN,AGL,CE,Combined TRACON& Tower with Radar,0,17,8,0,25,0,0,57,0,57,0,17,65,0,82,12,0,12,94
05/13/2013,DLH,MN,AGL,CE,Combined TRACON& Tower with Radar,2,22,26,9,59,0,3,47,2,52,2,25,73,11,111,32,22,54,165
05/14/2013,DLH,MN,AGL,CE,Combined TRACON& Tower with Radar,2,26,43,15,86,0,8,51,1,60,2,34,94,16,146,20,56,76,222
05/15/2013,DLH,MN,AGL,CE,Combined TRACON& Tower with Radar,0,32,28,1,61,0,6,55,0,61,0,38,83,1,122,24,0,24,146
05/16/2013,DLH,MN,AGL,CE,Combined TRACON& Tower with Radar,0,26,50,2,78,0,2,78,0,80,0,28,128,2,158,80,0,80,238
05/17/2013,DLH,MN,AGL,CE,Combined TRACON& Tower with Radar,2,31,31,27,91,0,3,43,0,46,2,34,74,27,137,64,0,64,201
05/18/2013,DLH,MN,AGL,CE,Combined TRACON& Tower with Radar,0,13,13,0,26,0,0,1,0,1,0,13,14,0,27,0,10,10,37
05/19/2013,DLH,MN,AGL,CE,Combined TRACON& Tower with Radar,9,20,29,2,60,0,0,0,0,0,9,20,29,2,60,2,0,2,62
05/20/2013,DLH,MN,AGL,CE,Combined TRACON& Tower with Radar,2,26,6,0,34,0,0,0,0,0,2,26,6,0,34,0,0,0,34
05/21/2013,DLH,MN,AGL,CE,Combined TRACON& Tower with Radar,2,26,21,0,49,0,0,0,0,0,2,26,21,0,49,28,0,28,77
05/22/2013,DLH,MN,AGL,CE,Combined TRACON& Tower with Radar,2,29,54,29,114,0,1,18,0,19,2,30,72,29,133,76,68,144,277
05/23/2013,DLH,MN,AGL,CE,Combined TRACON& Tower with Radar,0,27,38,15,80,0,9,88,1,98,0,36,126,16,178,62,6,68,246
05/24/2013,DLH,MN,AGL,CE,Combined TRACON& Tower with Radar,2,29,27,9,67,0,10,56,3,69,2,39,83,12,136,70,6,76,212
05/25/2013,DLH,MN,AGL,CE,Combined TRACON& Tower with Radar,2,24,13,0,39,0,3,27,0,30,2,27,40,0,69,40,0,40,109
05/26/2013,DLH,MN,AGL,CE,Combined TRACON& Tower with Radar,0,16,6,0,22,0,11,13,0,24,0,27,19,0,46,0,0,0,46
05/27/2013,DLH,MN,AGL,CE,Combined TRACON& Tower with Radar,2,26,23,0,51,0,8,24,0,32,2,34,47,0,83,52,0,52,135
05/28/2013,DLH,MN,AGL,CE,Combined TRACON& Tower with Radar,0,26,26,10,62,0,7,31,0,38,0,33,57,10,100,76,0,76,176
05/29/2013,DLH,MN,AGL,CE,Combined TRACON& Tower with Radar,0,28,53,23,104,0,2,22,1,25,0,30,75,24,129,26,50,76,205
05/30/2013,DLH,MN,AGL,CE,Combined TRACON& Tower with Radar,0,27,37,6,70,0,2,18,0,20,0,29,55,6,90,42,0,42,132
05/31/2013,DLH,MN,AGL,CE,Combined TRACON& Tower with Radar,4,27,25,21,77,0,5,19,0,24,4,32,44,21,101,0,24,24,125
06/01/2013,DLH,MN,AGL,CE,Combined TRACON& Tower with Radar,5,20,27,0,52,0,0,7,0,7,5,20,34,0,59,0,2,2,61
06/02/2013,DLH,MN,AGL,CE,Combined TRACON& Tower with Radar,2,23,23,4,52,0,2,23,0,25,2,25,46,4,77,30,0,30,107
06/03/2013,DLH,MN,AGL,CE,Combined TRACON& Tower with Radar,4,25,21,17,67,0,4,47,0,51,4,29,68,17,118,54,2,56,174
06/04/2013,DLH,MN,AGL,CE,Combined TRACON& Tower with Radar,0,35,39,45,119,0,3,37,0,40,0,38,76,45,159,50,100,150,309
06/05/2013,DLH,MN,AGL,CE,Combined TRACON& Tower with Radar,0,29,23,0,52,0,0,0,0,0,0,29,23,0,52,0,0,0,52
06/06/2013,DLH,MN,AGL,CE,Combined TRACON& Tower with Radar,2,27,39,0,68,0,6,22,0,28,2,33,61,0,96,14,0,14,110
06/07/2013,DLH,MN,AGL,CE,Combined TRACON& Tower with Radar,3,27,35,32,97,0,3,37,2,42,3,30,72,34,139,62,50,112,251
06/08/2013,DLH,MN,AGL,CE,Combined TRACON& Tower with Radar,4,28,16,0,48,0,9,39,0,48,4,37,55,0,96,68,0,68,164
06/09/2013,DLH,MN,AGL,CE,Combined TRACON& Tower with Radar,0,27,24,0,51,0,0,11,0,11,0,27,35,0,62,38,0,38,100
06/10/2013,DLH,MN,AGL,CE,Combined TRACON& Tower with Radar,5,30,38,24,97,0,3,22,1,26,5,33,60,25,123,42,78,120,243
06/11/2013,DLH,MN,AGL,CE,Combined TRACON& Tower with Radar,2,30,39,24,95,0,4,44,0,48,2,34,83,24,143,36,14,50,193
06/12/2013,DLH,MN,AGL,CE,Combined TRACON& Tower with Radar,4,25,22,20,71,0,13,38,2,53,4,38,60,22,124,50,30,80,204
06/13/2013,DLH,MN,AGL,CE,Combined TRACON& Tower with Radar,4,36,27,40,107,0,13,40,14,67,4,49,67,54,174,96,79,175,349
06/14/2013,DLH,MN,AGL,CE,Combined TRACON& Tower with Radar,4,29,25,7,65,0,4,64,1,69,4,33,89,8,134,30,16,46,180
06/15/2013,DLH,MN,AGL,CE,Combined TRACON& Tower with Radar,3,23,14,4,44,0,6,19,1,26,3,29,33,5,70,24,0,24,94
06/16/2013,DLH,MN,AGL,CE,Combined TRACON& Tower with Radar,0,23,21,4,48,0,0,10,0,10,0,23,31,4,58,0,0,0,58
06/17/2013,DLH,MN,AGL,CE,Combined TRACON& Tower with Radar,7,37,34,12,90,0,0,21,0,21,7,37,55,12,111,76,0,76,187
06/18/2013,DLH,MN,AGL,CE,Combined TRACON& Tower with Radar,4,31,49,11,95,0,10,44,0,54,4,41,93,11,149,54,6,60,209
06/19/2013,DLH,MN,AGL,CE,Combined TRACON& Tower with Radar,3,30,34,11,78,0,8,58,1,67,3,38,92,12,145,54,0,54,199
06/20/2013,DLH,MN,AGL,CE,Combined TRACON& Tower with Radar,1,26,38,11,76,0,0,20,0,20,1,26,58,11,96,37,8,45,141
06/21/2013,DLH,MN,AGL,CE,Combined TRACON& Tower with Radar,5,34,67,0,106,0,0,0,0,0,5,34,67,0,106,19,0,19,125
06/22/2013,DLH,MN,AGL,CE,Combined TRACON& Tower with Radar,2,24,10,0,36,0,0,0,0,0,2,24,10,0,36,0,0,0,36
06/23/2013,DLH,MN,AGL,CE,Combined TRACON& Tower with Radar,7,19,23,0,49,0,0,7,0,7,7,19,30,0,56,0,0,0,56
06/24/2013,DLH,MN,AGL,CE,Combined TRACON& Tower with Radar,10,26,42,23,101,0,7,50,0,57,10,33,92,23,158,56,22,78,236
06/25/2013,DLH,MN,AGL,CE,Combined TRACON& Tower with Radar,2,28,36,2,68,0,5,43,1,49,2,33,79,3,117,75,8,83,200
06/26/2013,DLH,MN,AGL,CE,Combined TRACON& Tower with Radar,2,24,43,3,72,0,1,10,0,11,2,25,53,3,83,26,24,50,133
06/27/2013,DLH,MN,AGL,CE,Combined TRACON& Tower with Radar,1,34,30,2,67,0,3,26,6,35,1,37,56,8,102,12,0,12,114
06/28/2013,DLH,MN,AGL,CE,Combined TRACON& Tower with Radar,4,37,41,33,115,0,0,14,1,15,4,37,55,34,130,32,0,32,162
06/29/2013,DLH,MN,AGL,CE,Combined TRACON& Tower with Radar,5,25,19,25,74,0,7,28,0,35,5,32,47,25,109,30,0,30,139
06/30/2013,DLH,MN,AGL,CE,Combined TRACON& Tower with Radar,1,19,17,0,37,0,11,33,0,44,1,30,50,0,81,26,0,26,107
07/01/2013,DLH,MN,AGL,CE,Combined TRACON& Tower with Radar,5,20,17,8,50,0,5,47,5,57,5,25,64,13,107,49,10,59,166
07/02/2013,DLH,MN,AGL,CE,Combined TRACON& Tower with Radar,2,34,38,7,81,0,10,49,0,59,2,44,87,7,140,80,0,80,220
07/03/2013,DLH,MN,AGL,CE,Combined TRACON& Tower with Radar,0,34,24,4,62,0,3,38,1,42,0,37,62,5,104,52,12,64,168
07/04/2013,DLH,MN,AGL,CE,Combined TRACON& Tower with Radar,0,17,9,0,26,0,5,31,0,36,0,22,40,0,62,32,0,32,94
07/05/2013,DLH,MN,AGL,CE,Combined TRACON& Tower with Radar,4,26,18,0,48,0,5,35,0,40,4,31,53,0,88,44,0,44,132
07/06/2013,DLH,MN,AGL,CE,Combined TRACON& Tower with Radar,0,23,12,0,35,0,0,11,0,11,0,23,23,0,46,14,0,14,60
07/07/2013,DLH,MN,AGL,CE,Combined TRACON& Tower with Radar,3,26,9,0,38,0,0,0,0,0,3,26,9,0,38,0,0,0,38
07/08/2013,DLH,MN,AGL,CE,Combined TRACON& Tower with Radar,5,27,27,6,65,0,1,24,0,25,5,28,51,6,90,150,0,150,240
07/09/2013,DLH,MN,AGL,CE,Combined TRACON& Tower with Radar,4,28,31,0,63,0,0,6,0,6,4,28,37,0,69,56,0,56,125
07/10/2013,DLH,MN,AGL,CE,Combined TRACON& Tower with Radar,0,39,42,14,95,0,3,58,2,63,0,42,100,16,158,162,6,168,326
07/11/2013,DLH,MN,AGL,CE,Combined TRACON& Tower with Radar,2,30,30,9,71,0,3,80,1,84,2,33,110,10,155,112,2,114,269
07/12/2013,DLH,MN,AGL,CE,Combined TRACON& Tower with Radar,6,28,29,4,67,0,4,32,0,36,6,32,61,4,103,62,0,62,165
07/13/2013,DLH,MN,AGL,CE,Combined TRACON& Tower with Radar,4,25,36,7,72,0,4,8,0,12,4,29,44,7,84,32,0,32,116
07/14/2013,DLH,MN,AGL,CE,Combined TRACON& Tower with Radar,1,28,19,0,48,0,0,20,0,20,1,28,39,0,68,54,0,54,122
07/15/2013,DLH,MN,AGL,CE,Combined TRACON& Tower with Radar,5,27,23,4,59,0,6,21,0,27,5,33,44,4,86,63,0,63,149
07/16/2013,DLH,MN,AGL,CE,Combined TRACON& Tower with Radar,0,42,29,2,73,0,6,52,0,58,0,48,81,2,131,136,2,138,269
07/17/2013,DLH,MN,AGL,CE,Combined TRACON& Tower with Radar,0,31,29,6,66,0,1,36,0,37,0,32,65,6,103,104,6,110,213
07/18/2013,DLH,MN,AGL,CE,Combined TRACON& Tower with Radar,0,33,36,4,73,0,1,43,2,46,0,34,79,6,119,38,16,54,173
07/19/2013,DLH,MN,AGL,CE,Combined TRACON& Tower with Radar,2,30,27,30,89,0,6,34,1,41,2,36,61,31,130,68,20,88,218
07/20/2013,DLH,MN,AGL,CE,Combined TRACON& Tower with Radar,5,28,18,24,75,0,7,41,0,48,5,35,59,24,123,38,0,38,161
07/21/2013,DLH,MN,AGL,CE,Combined TRACON& Tower with Radar,1,26,29,0,56,0,0,17,0,17,1,26,46,0,73,24,0,24,97
07/22/2013,DLH,MN,AGL,CE,Combined TRACON& Tower with Radar,4,31,29,38,102,0,4,18,2,24,4,35,47,40,126,42,22,64,190
07/23/2013,DLH,MN,AGL,CE,Combined TRACON& Tower with Radar,0,25,16,8,49,0,1,69,3,73,0,26,85,11,122,64,34,98,220
07/24/2013,DLH,MN,AGL,CE,Combined TRACON& Tower with Radar,0,28,41,11,80,0,1,62,3,66,0,29,103,14,146,56,2,58,204
07/25/2013,DLH,MN,AGL,CE,Combined TRACON& Tower with Radar,1,31,38,10,80,0,5,44,1,50,1,36,82,11,130,28,4,32,162
07/26/2013,DLH,MN,AGL,CE,Combined TRACON& Tower with Radar,6,44,37,0,87,0,1,6,0,7,6,45,43,0,94,28,2,30,124
07/27/2013,DLH,MN,AGL,CE,Combined TRACON& Tower with Radar,1,28,22,0,51,0,1,4,0,5,1,29,26,0,56,0,0,0,56
07/28/2013,DLH,MN,AGL,CE,Combined TRACON& Tower with Radar,0,28,24,0,52,0,1,20,0,21,0,29,44,0,73,20,0,20,93
07/29/2013,DLH,MN,AGL,CE,Combined TRACON& Tower with Radar,4,28,7,10,49,0,7,38,0,45,4,35,45,10,94,20,4,24,118
07/30/2013,DLH,MN,AGL,CE,Combined TRACON& Tower with Radar,2,36,31,8,77,0,2,24,1,27,2,38,55,9,104,18,0,18,122
07/31/2013,DLH,MN,AGL,CE,Combined TRACON& Tower with Radar,1,30,27,13,71,0,18,37,1,56,1,48,64,14,127,26,4,30,157
08/01/2013,DLH,MN,AGL,CE,Combined TRACON& Tower with Radar,3,44,34,9,90,0,6,59,0,65,3,50,93,9,155,66,8,74,229
08/02/2013,DLH,MN,AGL,CE,Combined TRACON& Tower with Radar,4,36,22,4,66,0,3,63,3,69,4,39,85,7,135,26,14,40,175
08/03/2013,DLH,MN,AGL,CE,Combined TRACON& Tower with Radar,0,32,14,0,46,0,5,28,0,33,0,37,42,0,79,46,0,46,125
08/04/2013,DLH,MN,AGL,CE,Combined TRACON& Tower with Radar,2,29,25,0,56,0,3,29,0,32,2,32,54,0,88,22,0,22,110
08/05/2013,DLH,MN,AGL,CE,Combined TRACON& Tower with Radar,6,31,40,23,100,0,5,26,0,31,6,36,66,23,131,52,30,82,213
08/06/2013,DLH,MN,AGL,CE,Combined TRACON& Tower with Radar,0,31,32,15,78,0,4,49,2,55,0,35,81,17,133,62,6,68,201
08/07/2013,DLH,MN,AGL,CE,Combined TRACON& Tower with Radar,1,32,48,22,103,0,0,70,1,71,1,32,118,23,174,50,6,56,230
08/08/2013,DLH,MN,AGL,CE,Combined TRACON& Tower with Radar,0,38,46,6,90,0,7,55,4,66,0,45,101,10,156,34,10,44,200
08/09/2013,DLH,MN,AGL,CE,Combined TRACON& Tower with Radar,6,39,37,5,87,1,2,36,1,40,7,41,73,6,127,74,0,74,201
08/10/2013,DLH,MN,AGL,CE,Combined TRACON& Tower with Radar,1,25,21,0,47,0,0,32,0,32,1,25,53,0,79,28,0,28,107
08/11/2013,DLH,MN,AGL,CE,Combined TRACON& Tower with Radar,0,29,20,0,49,0,7,10,0,17,0,36,30,0,66,12,0,12,78
08/12/2013,DLH,MN,AGL,CE,Combined TRACON& Tower with Radar,4,33,19,5,61,0,4,35,0,39,4,37,54,5,100,36,0,36,136
08/13/2013,DLH,MN,AGL,CE,Combined TRACON& Tower with Radar,0,28,38,13,79,0,8,45,0,53,0,36,83,13,132,32,0,32,164
08/14/2013,DLH,MN,AGL,CE,Combined TRACON& Tower with Radar,0,33,39,3,75,0,16,45,1,62,0,49,84,4,137,36,20,56,193
08/15/2013,DLH,MN,AGL,CE,Combined TRACON& Tower with Radar,3,35,62,11,111,0,3,74,3,80,3,38,136,14,191,86,16,102,293
08/16/2013,DLH,MN,AGL,CE,Combined TRACON& Tower with Radar,1,29,26,5,61,0,4,46,0,50,1,33,72,5,111,34,4,38,149
08/17/2013,DLH,MN,AGL,CE,Combined TRACON& Tower with Radar,2,24,13,0,39,0,2,26,0,28,2,26,39,0,67,20,0,20,87
08/18/2013,DLH,MN,AGL,CE,Combined TRACON& Tower with Radar,2,22,30,0,54,0,9,35,1,45,2,31,65,1,99,38,0,38,137
08/19/2013,DLH,MN,AGL,CE,Combined TRACON& Tower with Radar,4,29,31,20,84,0,12,31,1,44,4,41,62,21,128,76,42,118,246
08/20/2013,DLH,MN,AGL,CE,Combined TRACON& Tower with Radar,0,29,47,12,88,0,4,48,0,52,0,33,95,12,140,62,52,114,254
08/21/2013,DLH,MN,AGL,CE,Combined TRACON& Tower with Radar,0,33,38,19,90,0,1,32,0,33,0,34,70,19,123,66,32,98,221
08/22/2013,DLH,MN,AGL,CE,Combined TRACON& Tower with Radar,6,26,45,0,77,0,10,83,2,95,6,36,128,2,172,105,2,107,279
08/23/2013,DLH,MN,AGL,CE,Combined TRACON& Tower with Radar,0,27,43,24,94,0,16,48,2,66,0,43,91,26,160,72,2,74,234
08/24/2013,DLH,MN,AGL,CE,Combined TRACON& Tower with Radar,0,25,14,22,61,0,3,29,0,32,0,28,43,22,93,18,0,18,111
08/25/2013,DLH,MN,AGL,CE,Combined TRACON& Tower with Radar,2,27,20,0,49,0,1,22,0,23,2,28,42,0,72,34,0,34,106
08/26/2013,DLH,MN,AGL,CE,Combined TRACON& Tower with Radar,0,26,33,0,59,0,13,27,0,40,0,39,60,0,99,62,0,62,161
08/27/2013,DLH,MN,AGL,CE,Combined TRACON& Tower with Radar,0,28,41,10,79,0,2,31,0,33,0,30,72,10,112,46,5,51,163
08/28/2013,DLH,MN,AGL,CE,Combined TRACON& Tower with Radar,0,28,41,14,83,0,4,32,0,36,0,32,73,14,119,28,20,48,167
08/29/2013,DLH,MN,AGL,CE,Combined TRACON& Tower with Radar,7,23,24,6,60,0,0,25,2,27,7,23,49,8,87,26,0,26,113
08/30/2013,DLH,MN,AGL,CE,Combined TRACON& Tower with Radar,2,27,52,0,81,0,5,43,0,48,2,32,95,0,129,80,0,80,209
08/31/2013,DLH,MN,AGL,CE,Combined TRACON& Tower with Radar,4,16,18,0,38,0,4,33,0,37,4,20,51,0,75,14,0,14,89
09/01/2013,DLH,MN,AGL,CE,Combined TRACON& Tower with Radar,2,15,13,0,30,0,5,3,0,8,2,20,16,0,38,8,0,8,46
09/02/2013,DLH,MN,AGL,CE,Combined TRACON& Tower with Radar,2,23,25,0,50,0,4,32,0,36,2,27,57,0,86,26,0,26,112
09/03/2013,DLH,MN,AGL,CE,Combined TRACON& Tower with Radar,4,28,28,13,73,0,8,37,2,47,4,36,65,15,120,46,8,54,174
09/04/2013,DLH,MN,AGL,CE,Combined TRACON& Tower with Radar,2,29,46,14,91,0,2,27,3,32,2,31,73,17,123,58,0,58,181
09/05/2013,DLH,MN,AGL,CE,Combined TRACON& Tower with Radar,2,29,33,12,76,0,1,63,6,70,2,30,96,18,146,36,10,46,192
09/06/2013,DLH,MN,AGL,CE,Combined TRACON& Tower with Radar,2,33,41,12,88,0,1,51,3,55,2,34,92,15,143,40,12,52,195
09/07/2013,DLH,MN,AGL,CE,Combined TRACON& Tower with Radar,4,24,30,0,58,0,7,33,1,41,4,31,63,1,99,22,0,22,121
09/08/2013,DLH,MN,AGL,CE,Combined TRACON& Tower with Radar,2,21,14,2,39,0,4,5,2,11,2,25,19,4,50,0,14,14,64
09/09/2013,DLH,MN,AGL,CE,Combined TRACON& Tower with Radar,2,21,8,0,31,0,0,0,0,0,2,21,8,0,31,0,0,0,31
09/10/2013,DLH,MN,AGL,CE,Combined TRACON& Tower with Radar,0,29,40,8,77,0,4,36,0,40,0,33,76,8,117,32,8,40,157
09/11/2013,DLH,MN,AGL,CE,Combined TRACON& Tower with Radar,0,26,34,9,69,0,0,36,2,38,0,26,70,11,107,34,4,38,145
09/12/2013,DLH,MN,AGL,CE,Combined TRACON& Tower with Radar,2,32,37,11,82,0,2,50,0,52,2,34,87,11,134,42,9,51,185
09/13/2013,DLH,MN,AGL,CE,Combined TRACON& Tower with Radar,0,31,26,8,65,0,10,54,0,64,0,41,80,8,129,44,6,50,179
09/14/2013,DLH,MN,AGL,CE,Combined TRACON& Tower with Radar,0,21,16,3,40,0,0,28,0,28,0,21,44,3,68,24,4,28,96
09/15/2013,DLH,MN,AGL,CE,Combined TRACON& Tower with Radar,2,21,33,2,58,0,0,1,1,2,2,21,34,3,60,0,6,6,66
09/16/2013,DLH,MN,AGL,CE,Combined TRACON& Tower with Radar,0,24,36,18,78,0,3,55,3,61,0,27,91,21,139,48,34,82,221
09/17/2013,DLH,MN,AGL,CE,Combined TRACON& Tower with Radar,2,30,36,29,97,0,3,66,0,69,2,33,102,29,166,92,27,119,285
09/18/2013,DLH,MN,AGL,CE,Combined TRACON& Tower with Radar,0,33,10,0,43,0,0,0,0,0,0,33,10,0,43,0,0,0,43
09/19/2013,DLH,MN,AGL,CE,Combined TRACON& Tower with Radar,2,24,15,0,41,0,0,0,0,0,2,24,15,0,41,0,0,0,41
09/20/2013,DLH,MN,AGL,CE,Combined TRACON& Tower with Radar,0,33,70,8,111,0,4,24,0,28,0,37,94,8,139,33,0,33,172
09/21/2013,DLH,MN,AGL,CE,Combined TRACON& Tower with Radar,2,22,28,10,62,0,7,108,0,115,2,29,136,10,177,48,0,48,225
09/22/2013,DLH,MN,AGL,CE,Combined TRACON& Tower with Radar,2,23,28,2,55,0,2,87,0,89,2,25,115,2,144,20,0,20,164
09/23/2013,DLH,MN,AGL,CE,Combined TRACON& Tower with Radar,1,26,40,8,75,0,2,51,0,53,1,28,91,8,128,18,8,26,154
09/24/2013,DLH,MN,AGL,CE,Combined TRACON& Tower with Radar,0,28,44,12,84,0,3,63,5,71,0,31,107,17,155,60,10,70,225
09/25/2013,DLH,MN,AGL,CE,Combined TRACON& Tower with Radar,2,28,29,7,66,0,3,44,0,47,2,31,73,7,113,64,0,64,177
09/26/2013,DLH,MN,AGL,CE,Combined TRACON& Tower with Radar,2,30,29,13,74,0,1,57,0,58,2,31,86,13,132,60,2,62,194
09/27/2013,DLH,MN,AGL,CE,Combined TRACON& Tower with Radar,1,28,24,6,59,0,1,25,0,26,1,29,49,6,85,44,2,46,131
09/28/2013,DLH,MN,AGL,CE,Combined TRACON& Tower with Radar,1,20,19,0,40,0,0,1,0,1,1,20,20,0,41,0,0,0,41
09/29/2013,DLH,MN,AGL,CE,Combined TRACON& Tower with Radar,2,23,19,0,44,0,4,33,0,37,2,27,52,0,81,64,0,64,145
09/30/2013,DLH,MN,AGL,CE,Combined TRACON& Tower with Radar,0,24,46,0,70,0,5,56,0,61,0,29,102,0,131,78,0,78,209
10/01/2013,DLH,MN,AGL,CE,Combined TRACON& Tower with Radar,4,31,35,0,70,0,0,40,0,40,4,31,75,0,110,94,0,94,204
10/02/2013,DLH,MN,AGL,CE,Combined TRACON& Tower with Radar,0,32,51,0,83,0,9,62,0,71,0,41,113,0,154,96,0,96,250
10/03/2013,DLH,MN,AGL,CE,Combined TRACON& Tower with Radar,4,31,67,0,102,0,0,12,0,12,4,31,79,0,114,66,0,66,180
10/04/2013,DLH,MN,AGL,CE,Combined TRACON& Tower with Radar,2,29,26,0,57,0,0,7,0,7,2,29,33,0,64,70,0,70,134
10/05/2013,DLH,MN,AGL,CE,Combined TRACON& Tower with Radar,2,21,7,0,30,0,0,0,0,0,2,21,7,0,30,0,0,0,30
10/06/2013,DLH,MN,AGL,CE,Combined TRACON& Tower with Radar,2,22,20,0,44,0,0,1,0,1,2,22,21,0,45,0,0,0,45
10/07/2013,DLH,MN,AGL,CE,Combined TRACON& Tower with Radar,2,30,31,4,67,0,2,62,0,64,2,32,93,4,131,77,0,77,208
10/08/2013,DLH,MN,AGL,CE,Combined TRACON& Tower with Radar,0,36,38,10,84,0,9,56,2,67,0,45,94,12,151,116,6,122,273
10/09/2013,DLH,MN,AGL,CE,Combined TRACON& Tower with Radar,0,33,23,11,67,0,13,65,0,78,0,46,88,11,145,69,0,69,214
10/10/2013,DLH,MN,AGL,CE,Combined TRACON& Tower with Radar,2,34,50,8,94,0,3,71,1,75,2,37,121,9,169,96,8,104,273
10/11/2013,DLH,MN,AGL,CE,Combined TRACON& Tower with Radar,2,36,24,0,62,0,6,50,0,56,2,42,74,0,118,108,0,108,226
10/12/2013,DLH,MN,AGL,CE,Combined TRACON& Tower with Radar,0,25,19,0,44,0,2,28,0,30,0,27,47,0,74,24,0,24,98
10/13/2013,DLH,MN,AGL,CE,Combined TRACON& Tower with Radar,6,19,14,0,39,0,9,77,0,86,6,28,91,0,125,93,0,93,218
10/14/2013,DLH,MN,AGL,CE,Combined TRACON& Tower with Radar,2,28,38,0,68,0,2,35,0,37,2,30,73,0,105,78,0,78,183
10/15/2013,DLH,MN,AGL,CE,Combined TRACON& Tower with Radar,0,33,25,1,59,0,0,0,0,0,0,33,25,1,59,4,0,4,63
10/16/2013,DLH,MN,AGL,CE,Combined TRACON& Tower with Radar,0,41,41,14,96,0,5,44,4,53,0,46,85,18,149,106,2,108,257
10/17/2013,DLH,MN,AGL,CE,Combined TRACON& Tower with Radar,2,33,67,12,114,0,4,16,0,20,2,37,83,12,134,78,2,80,214
10/18/2013,DLH,MN,AGL,CE,Combined TRACON& Tower with Radar,4,36,25,15,80,0,2,42,0,44,4,38,67,15,124,77,20,97,221
10/19/2013,DLH,MN,AGL,CE,Combined TRACON& Tower with Radar,1,20,6,0,27,0,0,15,0,15,1,20,21,0,42,66,0,66,108
10/20/2013,DLH,MN,AGL,CE,Combined TRACON& Tower with Radar,2,26,9,0,37,0,0,1,0,1,2,26,10,0,38,8,0,8,46
10/21/2013,DLH,MN,AGL,CE,Combined TRACON& Tower with Radar,0,27,13,10,50,0,0,12,0,12,0,27,25,10,62,40,10,50,112
10/22/2013,DLH,MN,AGL,CE,Combined TRACON& Tower with Radar,0,26,47,14,87,0,1,37,0,38,0,27,84,14,125,98,6,104,229
10/23/2013,DLH,MN,AGL,CE,Combined TRACON& Tower with Radar,0,28,27,16,71,0,3,49,1,53,0,31,76,17,124,128,32,160,284
10/24/2013,DLH,MN,AGL,CE,Combined TRACON& Tower with Radar,6,31,42,11,90,0,4,50,0,54,6,35,92,11,144,173,2,175,319
10/25/2013,DLH,MN,AGL,CE,Combined TRACON& Tower with Radar,4,31,34,4,73,0,1,47,1,49,4,32,81,5,122,76,16,92,214
10/26/2013,DLH,MN,AGL,CE,Combined TRACON& Tower with Radar,2,24,9,0,35,0,4,18,0,22,2,28,27,0,57,54,0,54,111
10/27/2013,DLH,MN,AGL,CE,Combined TRACON& Tower with Radar,2,23,17,0,42,0,4,49,1,54,2,27,66,1,96,62,0,62,158
10/28/2013,DLH,MN,AGL,CE,Combined TRACON& Tower with Radar,0,28,28,17,73,0,7,40,0,47,0,35,68,17,120,92,14,106,226
10/29/2013,DLH,MN,AGL,CE,Combined TRACON& Tower with Radar,0,34,37,21,92,0,4,24,0,28,0,38,61,21,120,74,16,90,210
10/30/2013,DLH,MN,AGL,CE,Combined TRACON& Tower with Radar,2,26,13,2,43,0,1,0,0,1,2,27,13,2,44,0,0,0,44
10/31/2013,DLH,MN,AGL,CE,Combined TRACON& Tower with Radar,0,26,30,3,59,0,0,0,0,0,0,26,30,3,59,2,0,2,61
11/01/2013,DLH,MN,AGL,CE,Combined TRACON& Tower with Radar,6,32,39,9,86,0,0,22,1,23,6,32,61,10,109,12,0,12,121
11/02/2013,DLH,MN,AGL,CE,Combined TRACON& Tower with Radar,0,23,31,0,54,0,1,41,0,42,0,24,72,0,96,38,0,38,134
11/03/2013,DLH,MN,AGL,CE,Combined TRACON& Tower with Radar,0,21,11,0,32,0,0,21,0,21,0,21,32,0,53,34,0,34,87
11/04/2013,DLH,MN,AGL,CE,Combined TRACON& Tower with Radar,4,26,18,12,60,0,2,7,0,9,4,28,25,12,69,14,8,22,91
11/05/2013,DLH,MN,AGL,CE,Combined TRACON& Tower with Radar,0,31,31,24,86,0,17,62,1,80,0,48,93,25,166,124,26,150,316
11/06/2013,DLH,MN,AGL,CE,Combined TRACON& Tower with Radar,0,35,35,20,90,0,4,64,1,69,0,39,99,21,159,116,22,138,297
11/07/2013,DLH,MN,AGL,CE,Combined TRACON& Tower with Radar,5,28,35,30,98,0,8,73,0,81,5,36,108,30,179,226,34,260,439
11/08/2013,DLH,MN,AGL,CE,Combined TRACON& Tower with Radar,3,33,30,0,66,0,2,47,0,49,3,35,77,0,115,106,0,106,221
11/09/2013,DLH,MN,AGL,CE,Combined TRACON& Tower with Radar,0,24,5,0,29,0,0,0,0,0,0,24,5,0,29,6,0,6,35
11/10/2013,DLH,MN,AGL,CE,Combined TRACON& Tower with Radar,4,21,23,0,48,0,2,16,0,18,4,23,39,0,66,38,0,38,104
11/11/2013,DLH,MN,AGL,CE,Combined TRACON& Tower with Radar,4,23,30,0,57,0,6,55,0,61,4,29,85,0,118,40,0,40,158
11/12/2013,DLH,MN,AGL,CE,Combined TRACON& Tower with Radar,2,25,29,14,70,0,8,58,0,66,2,33,87,14,136,57,35,92,228
11/13/2013,DLH,MN,AGL,CE,Combined TRACON& Tower with Radar,2,27,34,8,71,0,6,58,0,64,2,33,92,8,135,111,2,113,248
11/14/2013,DLH,MN,AGL,CE,Combined TRACON& Tower with Radar,2,33,30,19,84,0,1,47,2,50,2,34,77,21,134,132,20,152,286
11/15/2013,DLH,MN,AGL,CE,Combined TRACON& Tower with Radar,4,31,31,8,74,0,9,41,1,51,4,40,72,9,125,32,0,32,157
11/16/2013,DLH,MN,AGL,CE,Combined TRACON& Tower with Radar,1,21,13,27,62,0,2,1,0,3,1,23,14,27,65,0,8,8,73
11/17/2013,DLH,MN,AGL,CE,Combined TRACON& Tower with Radar,1,18,7,0,26,0,0,0,0,0,1,18,7,0,26,0,0,0,26
11/18/2013,DLH,MN,AGL,CE,Combined TRACON& Tower with Radar,6,26,26,42,100,0,0,17,2,19,6,26,43,44,119,38,77,115,234
11/19/2013,DLH,MN,AGL,CE,Combined TRACON& Tower with Radar,0,27,23,13,63,0,16,53,5,74,0,43,76,18,137,29,44,73,210
11/20/2013,DLH,MN,AGL,CE,Combined TRACON& Tower with Radar,0,31,41,11,83,0,14,68,4,86,0,45,109,15,169,72,2,74,243
11/21/2013,DLH,MN,AGL,CE,Combined TRACON& Tower with Radar,0,28,26,13,67,0,3,24,0,27,0,31,50,13,94,58,10,68,162
11/22/2013,DLH,MN,AGL,CE,Combined TRACON& Tower with Radar,4,30,36,8,78,0,3,47,0,50,4,33,83,8,128,30,10,40,168
11/23/2013,DLH,MN,AGL,CE,Combined TRACON& Tower with Radar,4,26,10,2,42,0,8,24,0,32,4,34,34,2,74,26,0,26,100
11/24/2013,DLH,MN,AGL,CE,Combined TRACON& Tower with Radar,2,18,15,0,35,0,0,23,0,23,2,18,38,0,58,48,0,48,106
11/25/2013,DLH,MN,AGL,CE,Combined TRACON& Tower with Radar,4,23,30,18,75,0,0,20,1,21,4,23,50,19,96,32,28,60,156
11/26/2013,DLH,MN,AGL,CE,Combined TRACON& Tower with Radar,0,25,23,16,64,0,1,38,0,39,0,26,61,16,103,34,12,46,149
11/27/2013,DLH,MN,AGL,CE,Combined TRACON& Tower with Radar,2,32,23,8,65,0,0,32,0,32,2,32,55,8,97,68,0,68,165
11/28/2013,DLH,MN,AGL,CE,Combined TRACON& Tower with Radar,0,15,5,0,20,0,3,1,1,5,0,18,6,1,25,0,0,0,25
11/29/2013,DLH,MN,AGL,CE,Combined TRACON& Tower with Radar,4,16,18,0,38,0,2,28,0,30,4,18,46,0,68,8,0,8,76
11/30/2013,DLH,MN,AGL,CE,Combined TRACON& Tower with Radar,2,18,21,0,41,0,0,27,0,27,2,18,48,0,68,42,0,42,110
12/01/2013,DLH,MN,AGL,CE,Combined TRACON& Tower with Radar,4,23,12,0,39,0,0,6,0,6,4,23,18,0,45,0,0,0,45
12/02/2013,DLH,MN,AGL,CE,Combined TRACON& Tower with Radar,4,25,6,0,35,0,0,0,0,0,4,25,6,0,35,0,0,0,35
12/03/2013,DLH,MN,AGL,CE,Combined TRACON& Tower with Radar,0,31,6,0,37,0,0,0,0,0,0,31,6,0,37,0,0,0,37
12/04/2013,DLH,MN,AGL,CE,Combined TRACON& Tower with Radar,0,13,0,0,13,0,0,0,0,0,0,13,0,0,13,0,0,0,13
12/05/2013,DLH,MN,AGL,CE,Combined TRACON& Tower with Radar,1,26,9,2,38,0,2,7,0,9,1,28,16,2,47,12,6,18,65
12/06/2013,DLH,MN,AGL,CE,Combined TRACON& Tower with Radar,2,31,8,1,42,0,1,31,0,32,2,32,39,1,74,8,0,8,82
12/07/2013,DLH,MN,AGL,CE,Combined TRACON& Tower with Radar,2,18,13,8,41,0,4,33,0,37,2,22,46,8,78,8,0,8,86
12/08/2013,DLH,MN,AGL,CE,Combined TRACON& Tower with Radar,2,19,13,0,34,0,0,5,0,5,2,19,18,0,39,6,0,6,45
12/09/2013,DLH,MN,AGL,CE,Combined TRACON& Tower with Radar,4,14,16,1,35,0,1,14,0,15,4,15,30,1,50,8,0,8,58
12/10/2013,DLH,MN,AGL,CE,Combined TRACON& Tower with Radar,0,25,30,1,56,0,2,44,0,46,0,27,74,1,102,42,0,42,144
12/11/2013,DLH,MN,AGL,CE,Combined TRACON& Tower with Radar,3,19,22,10,54,0,15,39,2,56,3,34,61,12,110,8,6,14,124
12/12/2013,DLH,MN,AGL,CE,Combined TRACON& Tower with Radar,0,26,41,4,71,0,1,40,0,41,0,27,81,4,112,24,0,24,136
12/13/2013,DLH,MN,AGL,CE,Combined TRACON& Tower with Radar,2,26,23,9,60,0,1,34,4,39,2,27,57,13,99,48,12,60,159
12/14/2013,DLH,MN,AGL,CE,Combined TRACON& Tower with Radar,4,13,12,0,29,0,2,1,0,3,4,15,13,0,32,0,0,0,32
12/15/2013,DLH,MN,AGL,CE,Combined TRACON& Tower with Radar,2,20,10,0,32,0,5,8,0,13,2,25,18,0,45,22,0,22,67
12/16/2013,DLH,MN,AGL,CE,Combined TRACON& Tower with Radar,2,18,9,5,34,0,1,2,0,3,2,19,11,5,37,0,2,2,39
12/17/2013,DLH,MN,AGL,CE,Combined TRACON& Tower with Radar,2,22,32,12,68,0,1,8,0,9,2,23,40,12,77,14,10,24,101
12/18/2013,DLH,MN,AGL,CE,Combined TRACON& Tower with Radar,0,27,31,19,77,0,4,80,0,84,0,31,111,19,161,76,26,102,263
12/19/2013,DLH,MN,AGL,CE,Combined TRACON& Tower with Radar,0,29,24,15,68,0,3,59,3,65,0,32,83,18,133,82,6,88,221
12/20/2013,DLH,MN,AGL,CE,Combined TRACON& Tower with Radar,4,34,25,1,64,0,0,36,0,36,4,34,61,1,100,50,0,50,150
12/21/2013,DLH,MN,AGL,CE,Combined TRACON& Tower with Radar,0,20,3,0,23,0,2,7,0,9,0,22,10,0,32,60,0,60,92
12/22/2013,DLH,MN,AGL,CE,Combined TRACON& Tower with Radar,0,19,5,0,24,0,0,0,0,0,0,19,5,0,24,0,0,0,24
12/23/2013,DLH,MN,AGL,CE,Combined TRACON& Tower with Radar,8,22,12,16,58,0,3,11,0,14,8,25,23,16,72,16,4,20,92
12/24/2013,DLH,MN,AGL,CE,Combined TRACON& Tower with Radar,0,31,4,0,35,0,0,9,0,9,0,31,13,0,44,4,0,4,48
12/25/2013,DLH,MN,AGL,CE,Combined TRACON& Tower with Radar,0,15,3,0,18,0,0,0,0,0,0,15,3,0,18,0,0,0,18
12/26/2013,DLH,MN,AGL,CE,Combined TRACON& Tower with Radar,0,31,15,0,46,0,2,24,0,26,0,33,39,0,72,24,0,24,96
12/27/2013,DLH,MN,AGL,CE,Combined TRACON& Tower with Radar,6,33,7,0,46,0,1,9,0,10,6,34,16,0,56,0,0,0,56
12/28/2013,DLH,MN,AGL,CE,Combined TRACON& Tower with Radar,0,24,1,0,25,0,0,0,0,0,0,24,1,0,25,0,0,0,25
12/29/2013,DLH,MN,AGL,CE,Combined TRACON& Tower with Radar,0,15,6,0,21,0,7,6,0,13,0,22,12,0,34,0,0,0,34
12/30/2013,DLH,MN,AGL,CE,Combined TRACON& Tower with Radar,6,18,14,6,44,0,0,12,0,12,6,18,26,6,56,26,8,34,90
12/31/2013,DLH,MN,AGL,CE,Combined TRACON& Tower with Radar,0,19,6,0,25,0,2,11,0,13,0,21,17,0,38,0,0,0,38
01/01/2014,DLH,MN,AGL,CE,Combined TRACON& Tower with Radar,0,16,15,0,31,0,4,12,1,17,0,20,27,1,48,0,0,0,48
01/02/2014,DLH,MN,AGL,CE,Combined TRACON& Tower with Radar,0,23,15,8,46,0,2,18,0,20,0,25,33,8,66,12,0,12,78
01/03/2014,DLH,MN,AGL,CE,Combined TRACON& Tower with Radar,4,33,8,0,45,0,0,3,0,3,4,33,11,0,48,6,6,12,60
01/04/2014,DLH,MN,AGL,CE,Combined TRACON& Tower with Radar,0,16,3,0,19,0,4,15,0,19,0,20,18,0,38,14,0,14,52
01/05/2014,DLH,MN,AGL,CE,Combined TRACON& Tower with Radar,1,6,7,0,14,0,6,6,0,12,1,12,13,0,26,14,0,14,40
01/06/2014,DLH,MN,AGL,CE,Combined TRACON& Tower with Radar,8,15,14,0,37,0,0,8,0,8,8,15,22,0,45,0,0,0,45
01/07/2014,DLH,MN,AGL,CE,Combined TRACON& Tower with Radar,3,32,13,0,48,0,2,9,0,11,3,34,22,0,59,0,0,0,59
01/08/2014,DLH,MN,AGL,CE,Combined TRACON& Tower with Radar,0,24,10,14,48,0,8,23,1,32,0,32,33,15,80,36,10,46,126
01/09/2014,DLH,MN,AGL,CE,Combined TRACON& Tower with Radar,0,21,24,14,59,0,1,43,0,44,0,22,67,14,103,58,14,72,175
01/10/2014,DLH,MN,AGL,CE,Combined TRACON& Tower with Radar,6,23,2,0,31,0,1,1,0,2,6,24,3,0,33,2,0,2,35
01/11/2014,DLH,MN,AGL,CE,Combined TRACON& Tower with Radar,0,18,6,0,24,0,0,0,0,0,0,18,6,0,24,0,0,0,24
01/12/2014,DLH,MN,AGL,CE,Combined TRACON& Tower with Radar,0,14,3,0,17,0,0,5,0,5,0,14,8,0,22,0,0,0,22
01/13/2014,DLH,MN,AGL,CE,Combined TRACON& Tower with Radar,4,18,22,0,44,0,5,28,0,33,4,23,50,0,77,54,0,54,131
01/14/2014,DLH,MN,AGL,CE,Combined TRACON& Tower with Radar,4,25,21,7,57,0,5,27,0,32,4,30,48,7,89,40,26,66,155
01/15/2014,DLH,MN,AGL,CE,Combined TRACON& Tower with Radar,0,27,15,20,62,0,2,18,0,20,0,29,33,20,82,17,12,29,111
01/16/2014,DLH,MN,AGL,CE,Combined TRACON& Tower with Radar,0,30,7,6,43,0,0,4,0,4,0,30,11,6,47,0,0,0,47
01/17/2014,DLH,MN,AGL,CE,Combined TRACON& Tower with Radar,4,21,16,13,54,0,0,31,0,31,4,21,47,13,85,64,6,70,155
01/18/2014,DLH,MN,AGL,CE,Combined TRACON& Tower with Radar,0,17,7,0,24,0,7,34,0,41,0,24,41,0,65,40,0,40,105
01/19/2014,DLH,MN,AGL,CE,Combined TRACON& Tower with Radar,0,13,12,0,25,0,0,4,0,4,0,13,16,0,29,20,0,20,49
01/20/2014,DLH,MN,AGL,CE,Combined TRACON& Tower with Radar,8,21,32,0,61,0,8,30,0,38,8,29,62,0,99,30,0,30,129
01/21/2014,DLH,MN,AGL,CE,Combined TRACON& Tower with Radar,2,23,22,6,53,0,0,43,1,44,2,23,65,7,97,77,0,77,174
01/22/2014,DLH,MN,AGL,CE,Combined TRACON& Tower with Radar,0,20,19,1,40,0,3,5,0,8,0,23,24,1,48,2,0,2,50
01/23/2014,DLH,MN,AGL,CE,Combined TRACON& Tower with Radar,0,25,29,19,73,0,3,44,0,47,0,28,73,19,120,58,44,102,222
01/24/2014,DLH,MN,AGL,CE,Combined TRACON& Tower with Radar,4,29,21,8,62,0,0,0,0,0,4,29,21,8,62,2,0,2,64
01/25/2014,DLH,MN,AGL,CE,Combined TRACON& Tower with Radar,0,21,9,0,30,0,2,27,0,29,0,23,36,0,59,42,0,42,101
01/26/2014,DLH,MN,AGL,CE,Combined TRACON& Tower with Radar,0,16,12,0,28,0,0,0,0,0,0,16,12,0,28,0,0,0,28
01/27/2014,DLH,MN,AGL,CE,Combined TRACON& Tower with Radar,6,16,7,0,29,0,0,6,0,6,6,16,13,0,35,0,0,0,35
01/28/2014,DLH,MN,AGL,CE,Combined TRACON& Tower with Radar,0,19,21,2,42,0,5,22,0,27,0,24,43,2,69,32,0,32,101
01/29/2014,DLH,MN,AGL,CE,Combined TRACON& Tower with Radar,0,22,29,20,71,0,4,63,1,68,0,26,92,21,139,114,12,126,265
01/30/2014,DLH,MN,AGL,CE,Combined TRACON& Tower with Radar,2,24,28,21,75,0,12,41,0,53,2,36,69,21,128,76,18,94,222
01/31/2014,DLH,MN,AGL,CE,Combined TRACON& Tower with Radar,4,20,30,18,72,0,0,39,0,39,4,20,69,18,111,44,26,70,181
02/01/2014,DLH,MN,AGL,CE,Combined TRACON& Tower with Radar,0,14,28,0,42,0,3,12,0,15,0,17,40,0,57,20,0,20,77
02/02/2014,DLH,MN,AGL,CE,Combined TRACON& Tower with Radar,3,12,7,0,22,0,2,16,0,18,3,14,23,0,40,24,0,24,64
02/03/2014,DLH,MN,AGL,CE,Combined TRACON& Tower with Radar,4,18,23,0,45,0,5,31,0,36,4,23,54,0,81,62,0,62,143
02/04/2014,DLH,MN,AGL,CE,Combined TRACON& Tower with Radar,0,24,26,31,81,0,10,42,2,54,0,34,68,33,135,58,34,92,227
02/05/2014,DLH,MN,AGL,CE,Combined TRACON& Tower with Radar,0,26,34,26,86,0,4,35,0,39,0,30,69,26,125,66,28,94,219
02/06/2014,DLH,MN,AGL,CE,Combined TRACON& Tower with Radar,2,29,14,22,67,0,4,49,0,53,2,33,63,22,120,42,32,74,194
02/07/2014,DLH,MN,AGL,CE,Combined TRACON& Tower with Radar,5,27,26,14,72,1,4,44,0,49,6,31,70,14,121,54,1,55,176
02/08/2014,DLH,MN,AGL,CE,Combined TRACON& Tower with Radar,0,19,9,13,41,0,2,34,0,36,0,21,43,13,77,79,7,86,163
02/09/2014,DLH,MN,AGL,CE,Combined TRACON& Tower with Radar,2,17,7,0,26,0,6,21,0,27,2,23,28,0,53,62,0,62,115
02/10/2014,DLH,MN,AGL,CE,Combined TRACON& Tower with Radar,4,20,26,12,62,0,8,40,0,48,4,28,66,12,110,62,70,132,242
02/11/2014,DLH,MN,AGL,CE,Combined TRACON& Tower with Radar,0,20,45,24,89,0,0,61,0,61,0,20,106,24,150,36,12,48,198
02/12/2014,DLH,MN,AGL,CE,Combined TRACON& Tower with Radar,0,22,26,31,79,0,4,64,2,70,0,26,90,33,149,76,28,104,253
02/13/2014,DLH,MN,AGL,CE,Combined TRACON& Tower with Radar,3,24,26,0,53,0,0,1,0,1,3,24,27,0,54,0,0,0,54
02/14/2014,DLH,MN,AGL,CE,Combined TRACON& Tower with Radar,5,33,20,1,59,0,13,60,0,73,5,46,80,1,132,98,12,110,242
02/15/2014,DLH,MN,AGL,CE,Combined TRACON& Tower with Radar,0,16,10,1,27,0,2,8,0,10,0,18,18,1,37,48,0,48,85
02/16/2014,DLH,MN,AGL,CE,Combined TRACON& Tower with Radar,2,14,7,0,23,0,3,4,0,7,2,17,11,0,30,0,0,0,30
02/17/2014,DLH,MN,AGL,CE,Combined TRACON& Tower with Radar,4,16,7,0,27,0,1,1,1,3,4,17,8,1,30,4,4,8,38
02/18/2014,DLH,MN,AGL,CE,Combined TRACON& Tower with Radar,0,23,39,24,86,0,6,58,0,64,0,29,97,24,150,138,25,163,313
02/19/2014,DLH,MN,AGL,CE,Combined TRACON& Tower with Radar,0,28,29,14,71,0,5,63,0,68,0,33,92,14,139,130,4,134,273
02/20/2014,DLH,MN,AGL,CE,Combined TRACON& Tower with Radar,4,18,8,6,36,0,0,11,1,12,4,18,19,7,48,16,0,16,64
02/21/2014,DLH,MN,AGL,CE,Combined TRACON& Tower with Radar,4,21,6,1,32,0,2,0,0,2,4,23,6,1,34,0,0,0,34
02/22/2014,DLH,MN,AGL,CE,Combined TRACON& Tower with Radar,1,20,8,5,34,0,3,11,2,16,1,23,19,7,50,0,0,0,50
02/23/2014,DLH,MN,AGL,CE,Combined TRACON& Tower with Radar,2,18,19,0,39,0,4,7,0,11,2,22,26,0,50,0,0,0,50
02/24/2014,DLH,MN,AGL,CE,Combined TRACON& Tower with Radar,5,21,41,35,102,0,3,59,0,62,5,24,100,35,164,52,34,86,250
02/25/2014,DLH,MN,AGL,CE,Combined TRACON& Tower with Radar,2,27,49,23,101,0,2,51,0,53,2,29,100,23,154,72,30,102,256
02/26/2014,DLH,MN,AGL,CE,Combined TRACON& Tower with Radar,2,22,23,15,62,0,3,13,0,16,2,25,36,15,78,4,24,28,106
02/27/2014,DLH,MN,AGL,CE,Combined TRACON& Tower with Radar,2,30,29,6,67,0,2,37,1,40,2,32,66,7,107,42,2,44,151
02/28/2014,DLH,MN,AGL,CE,Combined TRACON& Tower with Radar,4,33,25,14,76,0,3,30,1,34,4,36,55,15,110,78,0,78,188
03/01/2014,DLH,MN,AGL,CE,Combined TRACON& Tower with Radar,2,23,19,6,50,0,2,14,0,16,2,25,33,6,66,12,2,14,80
03/02/2014,DLH,MN,AGL,CE,Combined TRACON& Tower with Radar,5,16,14,0,35,0,2,16,0,18,5,18,30,0,53,48,0,48,101
03/03/2014,DLH,MN,AGL,CE,Combined TRACON& Tower with Radar,8,21,34,2,65,0,14,41,0,55,8,35,75,2,120,38,0,38,158
03/04/2014,DLH,MN,AGL,CE,Combined TRACON& Tower with Radar,4,23,41,26,94,0,10,49,1,60,4,33,90,27,154,42,18,60,214
03/05/2014,DLH,MN,AGL,CE,Combined TRACON& Tower with Radar,8,26,30,23,87,0,9,54,0,63,8,35,84,23,150,72,50,122,272
03/06/2014,DLH,MN,AGL,CE,Combined TRACON& Tower with Radar,4,30,36,31,101,0,0,57,0,57,4,30,93,31,158,36,54,90,248
03/07/2014,DLH,MN,AGL,CE,Combined TRACON& Tower with Radar,8,23,29,0,60,0,0,5,0,5,8,23,34,0,65,0,0,0,65
03/08/2014,DLH,MN,AGL,CE,Combined TRACON& Tower with Radar,1,17,17,0,35,0,4,33,1,38,1,21,50,1,73,10,0,10,83
03/09/2014,DLH,MN,AGL,CE,Combined TRACON& Tower with Radar,5,15,21,0,41,0,9,21,0,30,5,24,42,0,71,16,0,16,87
03/10/2014,DLH,MN,AGL,CE,Combined TRACON& Tower with Radar,10,22,35,25,92,0,16,60,2,78,10,38,95,27,170,24,6,30,200
03/11/2014,DLH,MN,AGL,CE,Combined TRACON& Tower with Radar,3,19,34,33,89,0,6,45,5,56,3,25,79,38,145,24,50,74,219
03/12/2014,DLH,MN,AGL,CE,Combined TRACON& Tower with Radar,3,16,30,9,58,0,0,23,0,23,3,16,53,9,81,26,2,28,109
03/13/2014,DLH,MN,AGL,CE,Combined TRACON& Tower with Radar,5,23,31,10,69,0,8,38,0,46,5,31,69,10,115,34,0,34,149
03/14/2014,DLH,MN,AGL,CE,Combined TRACON& Tower with Radar,5,23,21,11,60,0,2,16,0,18,5,25,37,11,78,104,0,104,182
03/15/2014,DLH,MN,AGL,CE,Combined TRACON& Tower with Radar,3,17,16,6,42,0,5,29,0,34,3,22,45,6,76,46,8,54,130
03/16/2014,DLH,MN,AGL,CE,Combined TRACON& Tower with Radar,5,16,14,1,36,0,1,52,0,53,5,17,66,1,89,86,0,86,175
03/17/2014,DLH,MN,AGL,CE,Combined TRACON& Tower with Radar,6,19,30,12,67,0,0,16,0,16,6,19,46,12,83,56,0,56,139
03/18/2014,DLH,MN,AGL,CE,Combined TRACON& Tower with Radar,1,19,15,0,35,0,0,0,0,0,1,19,15,0,35,10,0,10,45
03/19/2014,DLH,MN,AGL,CE,Combined TRACON& Tower with Radar,5,24,41,32,102,0,3,24,0,27,5,27,65,32,129,14,66,80,209
03/20/2014,DLH,MN,AGL,CE,Combined TRACON& Tower with Radar,4,19,36,24,83,0,11,60,9,80,4,30,96,33,163,146,12,158,321
03/21/2014,DLH,MN,AGL,CE,Combined TRACON& Tower with Radar,6,32,14,0,52,0,1,1,0,2,6,33,15,0,54,0,0,0,54
03/22/2014,DLH,MN,AGL,CE,Combined TRACON& Tower with Radar,3,26,24,0,53,0,9,33,1,43,3,35,57,1,96,20,0,20,116
03/23/2014,DLH,MN,AGL,CE,Combined TRACON& Tower with Radar,5,20,13,0,38,0,8,30,1,39,5,28,43,1,77,42,0,42,119
03/24/2014,DLH,MN,AGL,CE,Combined TRACON& Tower with Radar,6,18,34,29,87,0,1,40,0,41,6,19,74,29,128,26,48,74,202
03/25/2014,DLH,MN,AGL,CE,Combined TRACON& Tower with Radar,2,18,36,20,76,1,6,47,0,54,3,24,83,20,130,64,12,76,206
03/26/2014,DLH,MN,AGL,CE,Combined TRACON& Tower with Radar,1,23,37,21,82,0,3,50,0,53,1,26,87,21,135,102,16,118,253
03/27/2014,DLH,MN,AGL,CE,Combined TRACON& Tower with Radar,4,22,1,0,27,0,0,13,0,13,4,22,14,0,40,100,0,100,140
03/28/2014,DLH,MN,AGL,CE,Combined TRACON& Tower with Radar,6,24,50,0,80,0,3,61,0,64,6,27,111,0,144,0,0,0,144
03/29/2014,DLH,MN,AGL,CE,Combined TRACON& Tower with Radar,1,22,18,0,41,0,6,38,2,46,1,28,56,2,87,57,0,57,144
03/30/2014,DLH,MN,AGL,CE,Combined TRACON& Tower with Radar,5,18,18,0,41,0,3,17,0,20,5,21,35,0,61,10,0,10,71
03/31/2014,DLH,MN,AGL,CE,Combined TRACON& Tower with Radar,6,19,5,9,39,0,4,4,0,8,6,23,9,9,47,0,0,0,47
04/01/2014,DLH,MN,AGL,CE,Combined TRACON& Tower with Radar,4,17,10,10,41,0,3,3,1,7,4,20,13,11,48,3,14,17,65
04/02/2014,DLH,MN,AGL,CE,Combined TRACON& Tower with Radar,4,21,42,15,82,0,22,69,6,97,4,43,111,21,179,98,77,175,354
04/03/2014,DLH,MN,AGL,CE,Combined TRACON& Tower with Radar,5,22,23,15,65,0,4,16,4,24,5,26,39,19,89,12,10,22,111
04/04/2014,DLH,MN,AGL,CE,Combined TRACON& Tower with Radar,9,20,6,0,35,0,2,5,0,7,9,22,11,0,42,2,12,14,56
04/05/2014,DLH,MN,AGL,CE,Combined TRACON& Tower with Radar,5,16,26,0,47,0,6,53,5,64,5,22,79,5,111,8,0,8,119
04/06/2014,DLH,MN,AGL,CE,Combined TRACON& Tower with Radar,7,14,10,0,31,0,4,26,0,30,7,18,36,0,61,32,0,32,93
04/07/2014,DLH,MN,AGL,CE,Combined TRACON& Tower with Radar,8,19,19,8,54,0,6,18,0,24,8,25,37,8,78,14,6,20,98
04/08/2014,DLH,MN,AGL,CE,Combined TRACON& Tower with Radar,4,15,21,20,60,0,18,52,4,74,4,33,73,24,134,20,96,116,250
04/09/2014,DLH,MN,AGL,CE,Combined TRACON& Tower with Radar,4,17,26,18,65,0,6,56,8,70,4,23,82,26,135,22,24,46,181
04/10/2014,DLH,MN,AGL,CE,Combined TRACON& Tower with Radar,6,17,33,13,69,0,5,31,6,42,6,22,64,19,111,20,8,28,139
04/11/2014,DLH,MN,AGL,CE,Combined TRACON& Tower with Radar,8,20,43,7,78,0,2,58,4,64,8,22,101,11,142,82,4,86,228
04/12/2014,DLH,MN,AGL,CE,Combined TRACON& Tower with Radar,5,15,8,19,47,0,0,0,0,0,5,15,8,19,47,0,0,0,47
04/13/2014,DLH,MN,AGL,CE,Combined TRACON& Tower with Radar,5,14,13,1,33,0,4,8,5,17,5,18,21,6,50,0,0,0,50
04/14/2014,DLH,MN,AGL,CE,Combined TRACON& Tower with Radar,8,24,30,14,76,0,2,33,10,45,8,26,63,24,121,6,42,48,169
04/15/2014,DLH,MN,AGL,CE,Combined TRACON& Tower with Radar,4,18,37,16,75,0,4,73,11,88,4,22,110,27,163,100,12,112,275
04/16/2014,DLH,MN,AGL,CE,Combined TRACON& Tower with Radar,4,10,8,1,23,0,0,0,0,0,4,10,8,1,23,2,0,2,25
04/17/2014,DLH,MN,AGL,CE,Combined TRACON& Tower with Radar,6,16,24,7,53,0,2,14,1,17,6,18,38,8,70,28,1,29,99
04/18/2014,DLH,MN,AGL,CE,Combined TRACON& Tower with Radar,8,23,28,10,69,0,7,71,1,79,8,30,99,11,148,88,28,116,264
04/19/2014,DLH,MN,AGL,CE,Combined TRACON& Tower with Radar,3,11,2,0,16,0,8,0,0,8,3,19,2,0,24,0,0,0,24
04/20/2014,DLH,MN,AGL,CE,Combined TRACON& Tower with Radar,5,12,5,0,22,0,0,16,0,16,5,12,21,0,38,6,0,6,44
04/21/2014,DLH,MN,AGL,CE,Combined TRACON& Tower with Radar,8,14,30,21,73,0,0,42,0,42,8,14,72,21,115,13,11,24,139
04/22/2014,DLH,MN,AGL,CE,Combined TRACON& Tower with Radar,6,14,31,17,68,0,9,73,1,83,6,23,104,18,151,78,4,82,233
04/23/2014,DLH,MN,AGL,CE,Combined TRACON& Tower with Radar,4,18,46,18,86,0,0,51,0,51,4,18,97,18,137,0,0,0,137
04/24/2014,DLH,MN,AGL,CE,Combined TRACON& Tower with Radar,6,22,14,6,48,0,1,3,0,4,6,23,17,6,52,31,6,37,89
04/25/2014,DLH,MN,AGL,CE,Combined TRACON& Tower with Radar,10,18,33,0,61,0,0,22,0,22,10,18,55,0,83,56,0,56,139
04/26/2014,DLH,MN,AGL,CE,Combined TRACON& Tower with Radar,5,14,26,0,45,0,0,45,0,45,5,14,71,0,90,110,0,110,200
04/27/2014,DLH,MN,AGL,CE,Combined TRACON& Tower with Radar,5,12,5,0,22,0,3,6,0,9,5,15,11,0,31,4,0,4,35
04/28/2014,DLH,MN,AGL,CE,Combined TRACON& Tower with Radar,8,19,5,8,40,0,3,1,0,4,8,22,6,8,44,0,16,16,60
04/29/2014,DLH,MN,AGL,CE,Combined TRACON& Tower with Radar,4,21,14,14,53,0,1,9,0,10,4,22,23,14,63,0,2,2,65
04/30/2014,DLH,MN,AGL,CE,Combined TRACON& Tower with Radar,4,20,37,23,84,0,0,0,0,0,4,20,37,23,84,0,0,0,84
05/01/2014,DLH,MN,AGL,CE,Combined TRACON& Tower with Radar,4,19,32,20,75,0,0,4,0,4,4,19,36,20,79,110,0,110,189
05/02/2014,DLH,MN,AGL,CE,Combined TRACON& Tower with Radar,8,21,35,13,77,0,5,53,0,58,8,26,88,13,135,34,8,42,177
05/03/2014,DLH,MN,AGL,CE,Combined TRACON& Tower with Radar,5,15,6,2,28,0,2,16,2,20,5,17,22,4,48,32,0,32,80
05/04/2014,DLH,MN,AGL,CE,Combined TRACON& Tower with Radar,6,13,12,2,33,0,6,43,0,49,6,19,55,2,82,64,0,64,146
05/05/2014,DLH,MN,AGL,CE,Combined TRACON& Tower with Radar,5,19,20,17,61,0,5,32,1,38,5,24,52,18,99,97,30,127,226
05/06/2014,DLH,MN,AGL,CE,Combined TRACON& Tower with Radar,6,23,46,13,88,0,2,38,0,40,6,25,84,13,128,72,4,76,204
05/07/2014,DLH,MN,AGL,CE,Combined TRACON& Tower with Radar,4,23,39,13,79,0,5,36,1,42,4,28,75,14,121,18,10,28,149
05/08/2014,DLH,MN,AGL,CE,Combined TRACON& Tower with Radar,4,17,20,9,50,0,0,0,0,0,4,17,20,9,50,0,0,0,50
05/09/2014,DLH,MN,AGL,CE,Combined TRACON& Tower with Radar,8,18,23,0,49,0,4,3,0,7,8,22,26,0,56,0,0,0,56
05/10/2014,DLH,MN,AGL,CE,Combined TRACON& Tower with Radar,5,17,18,0,40,0,3,48,0,51,5,20,66,0,91,82,0,82,173
05/11/2014,DLH,MN,AGL,CE,Combined TRACON& Tower with Radar,5,16,18,0,39,0,4,16,0,20,5,20,34,0,59,26,0,26,85
05/12/2014,DLH,MN,AGL,CE,Combined TRACON& Tower with Radar,6,17,30,0,53,0,0,1,0,1,6,17,31,0,54,0,0,0,54
05/13/2014,DLH,MN,AGL,CE,Combined TRACON& Tower with Radar,6,17,50,14,87,0,0,36,4,40,6,17,86,18,127,58,18,76,203
05/14/2014,DLH,MN,AGL,CE,Combined TRACON& Tower with Radar,4,19,58,19,100,0,0,67,3,70,4,19,125,22,170,96,38,134,304
05/15/2014,DLH,MN,AGL,CE,Combined TRACON& Tower with Radar,4,19,37,20,80,0,0,43,0,43,4,19,80,20,123,23,7,30,153
05/16/2014,DLH,MN,AGL,CE,Combined TRACON& Tower with Radar,5,18,46,18,87,0,15,92,4,111,5,33,138,22,198,78,24,102,300
05/17/2014,DLH,MN,AGL,CE,Combined TRACON& Tower with Radar,6,19,31,8,64,0,5,45,1,51,6,24,76,9,115,52,4,56,171
05/18/2014,DLH,MN,AGL,CE,Combined TRACON& Tower with Radar,5,19,29,0,53,0,0,36,0,36,5,19,65,0,89,18,0,18,107
05/19/2014,DLH,MN,AGL,CE,Combined TRACON& Tower with Radar,8,14,22,4,48,0,0,15,0,15,8,14,37,4,63,20,8,28,91
05/20/2014,DLH,MN,AGL,CE,Combined TRACON& Tower with Radar,4,22,39,15,80,0,0,41,0,41,4,22,80,15,121,60,6,66,187
05/21/2014,DLH,MN,AGL,CE,Combined TRACON& Tower with Radar,4,20,60,18,102,0,0,54,0,54,4,20,114,18,156,100,32,132,288
05/22/2014,DLH,MN,AGL,CE,Combined TRACON& Tower with Radar,6,22,74,4,106,0,0,68,2,70,6,22,142,6,176,80,2,82,258
05/23/2014,DLH,MN,AGL,CE,Combined TRACON& Tower with Radar,6,17,30,0,53,0,1,59,0,60,6,18,89,0,113,84,0,84,197
05/24/2014,DLH,MN,AGL,CE,Combined TRACON& Tower with Radar,6,11,8,0,25,0,7,30,0,37,6,18,38,0,62,34,0,34,96
05/25/2014,DLH,MN,AGL,CE,Combined TRACON& Tower with Radar,4,9,18,0,31,0,4,12,0,16,4,13,30,0,47,32,0,32,79
05/26/2014,DLH,MN,AGL,CE,Combined TRACON& Tower with Radar,5,13,6,0,24,0,12,21,0,33,5,25,27,0,57,84,0,84,141
05/27/2014,DLH,MN,AGL,CE,Combined TRACON& Tower with Radar,5,15,40,10,70,0,4,47,9,60,5,19,87,19,130,45,0,45,175
05/28/2014,DLH,MN,AGL,CE,Combined TRACON& Tower with Radar,6,20,45,11,82,0,7,69,4,80,6,27,114,15,162,80,48,128,290
05/29/2014,DLH,MN,AGL,CE,Combined TRACON& Tower with Radar,6,23,42,21,92,0,8,78,2,88,6,31,120,23,180,62,28,90,270
05/30/2014,DLH,MN,AGL,CE,Combined TRACON& Tower with Radar,6,20,37,7,70,0,4,58,2,64,6,24,95,9,134,66,12,78,212
05/31/2014,DLH,MN,AGL,CE,Combined TRACON& Tower with Radar,1,20,17,0,38,0,0,0,0,0,1,20,17,0,38,0,0,0,38
06/01/2014,DLH,MN,AGL,CE,Combined TRACON& Tower with Radar,5,14,10,0,29,0,0,1,0,1,5,14,11,0,30,0,0,0,30
06/02/2014,DLH,MN,AGL,CE,Combined TRACON& Tower with Radar,8,10,19,4,41,0,0,10,0,10,8,10,29,4,51,0,0,0,51
06/03/2014,DLH,MN,AGL,CE,Combined TRACON& Tower with Radar,6,20,28,10,64,0,1,61,3,65,6,21,89,13,129,23,6,29,158
06/04/2014,DLH,MN,AGL,CE,Combined TRACON& Tower with Radar,4,21,38,29,92,0,23,72,14,109,4,44,110,43,201,66,34,100,301
06/05/2014,DLH,MN,AGL,CE,Combined TRACON& Tower with Radar,4,28,29,21,82,0,7,57,0,64,4,35,86,21,146,54,12,66,212
06/06/2014,DLH,MN,AGL,CE,Combined TRACON& Tower with Radar,6,25,43,9,83,0,4,31,0,35,6,29,74,9,118,42,0,42,160
06/07/2014,DLH,MN,AGL,CE,Combined TRACON& Tower with Radar,7,25,16,0,48,0,5,5,5,15,7,30,21,5,63,6,6,12,75
06/08/2014,DLH,MN,AGL,CE,Combined TRACON& Tower with Radar,1,19,16,1,37,0,11,28,0,39,1,30,44,1,76,4,0,4,80
06/09/2014,DLH,MN,AGL,CE,Combined TRACON& Tower with Radar,8,22,26,9,65,0,12,59,2,73,8,34,85,11,138,55,73,128,266
06/10/2014,DLH,MN,AGL,CE,Combined TRACON& Tower with Radar,4,32,27,15,78,0,5,85,8,98,4,37,112,23,176,84,72,156,332
06/11/2014,DLH,MN,AGL,CE,Combined TRACON& Tower with Radar,2,27,37,5,71,0,4,44,0,48,2,31,81,5,119,54,0,54,173
06/12/2014,DLH,MN,AGL,CE,Combined TRACON& Tower with Radar,2,28,53,4,87,0,4,4,0,8,2,32,57,4,95,8,0,8,103
06/13/2014,DLH,MN,AGL,CE,Combined TRACON& Tower with Radar,6,31,39,0,76,0,14,63,2,79,6,45,102,2,155,68,0,68,223
06/14/2014,DLH,MN,AGL,CE,Combined TRACON& Tower with Radar,15,22,14,1,52,0,8,4,0,12,15,30,18,1,64,4,0,4,68
06/15/2014,DLH,MN,AGL,CE,Combined TRACON& Tower with Radar,1,20,17,0,38,0,0,3,0,3,1,20,20,0,41,0,0,0,41
06/16/2014,DLH,MN,AGL,CE,Combined TRACON& Tower with Radar,4,22,19,4,49,0,1,42,2,45,4,23,61,6,94,16,4,20,114
06/17/2014,DLH,MN,AGL,CE,Combined TRACON& Tower with Radar,2,28,40,4,74,0,6,58,0,64,2,34,98,4,138,95,0,95,233
06/18/2014,DLH,MN,AGL,CE,Combined TRACON& Tower with Radar,5,34,35,18,92,0,2,44,3,49,5,36,79,21,141,50,52,102,243
06/19/2014,DLH,MN,AGL,CE,Combined TRACON& Tower with Radar,4,21,76,2,103,0,3,7,0,10,4,24,83,2,113,26,0,26,139
06/20/2014,DLH,MN,AGL,CE,Combined TRACON& Tower with Radar,6,21,43,8,78,0,0,0,0,0,6,21,43,8,78,2,4,6,84
06/21/2014,DLH,MN,AGL,CE,Combined TRACON& Tower with Radar,1,23,13,9,46,0,0,16,2,18,1,23,29,11,64,30,14,44,108
06/22/2014,DLH,MN,AGL,CE,Combined TRACON& Tower with Radar,1,23,19,3,46,0,2,7,0,9,1,25,26,3,55,0,0,0,55
06/23/2014,DLH,MN,AGL,CE,Combined TRACON& Tower with Radar,4,26,24,13,67,0,13,52,1,66,4,39,76,14,133,43,10,53,186
06/24/2014,DLH,MN,AGL,CE,Combined TRACON& Tower with Radar,2,31,28,5,66,0,1,0,1,2,2,32,28,6,68,0,0,0,68
06/25/2014,DLH,MN,AGL,CE,Combined TRACON& Tower with Radar,2,27,59,15,103,0,3,40,0,43,2,30,99,15,146,81,18,99,245
06/26/2014,DLH,MN,AGL,CE,Combined TRACON& Tower with Radar,3,28,71,14,116,0,2,49,1,52,3,30,120,15,168,85,2,87,255
06/27/2014,DLH,MN,AGL,CE,Combined TRACON& Tower with Radar,9,29,51,13,102,0,5,17,0,22,9,34,68,13,124,10,0,10,134
06/28/2014,DLH,MN,AGL,CE,Combined TRACON& Tower with Radar,3,19,26,4,52,0,0,9,0,9,3,19,35,4,61,0,0,0,61
06/29/2014,DLH,MN,AGL,CE,Combined TRACON& Tower with Radar,0,28,12,0,40,0,4,13,0,17,0,32,25,0,57,20,0,20,77
06/30/2014,DLH,MN,AGL,CE,Combined TRACON& Tower with Radar,2,28,24,10,64,0,6,30,1,37,2,34,54,11,101,20,0,20,121
07/01/2014,DLH,MN,AGL,CE,Combined TRACON& Tower with Radar,2,26,43,23,94,0,0,29,2,31,2,26,72,25,125,79,46,125,250
07/02/2014,DLH,MN,AGL,CE,Combined TRACON& Tower with Radar,1,31,41,19,92,0,5,47,2,54,1,36,88,21,146,62,14,76,222
07/03/2014,DLH,MN,AGL,CE,Combined TRACON& Tower with Radar,4,26,27,2,59,0,10,72,0,82,4,36,99,2,141,72,6,78,219
07/04/2014,DLH,MN,AGL,CE,Combined TRACON& Tower with Radar,4,16,5,0,25,0,1,18,0,19,4,17,23,0,44,2,0,2,46
07/05/2014,DLH,MN,AGL,CE,Combined TRACON& Tower with Radar,4,14,9,0,27,0,4,17,0,21,4,18,26,0,48,8,0,8,56
07/06/2014,DLH,MN,AGL,CE,Combined TRACON& Tower with Radar,2,28,18,2,50,0,10,8,0,18,2,38,26,2,68,0,0,0,68
07/07/2014,DLH,MN,AGL,CE,Combined TRACON& Tower with Radar,6,26,38,15,85,0,8,42,0,50,6,34,80,15,135,57,2,59,194
07/08/2014,DLH,MN,AGL,CE,Combined TRACON& Tower with Radar,4,23,38,11,76,0,2,27,0,29,4,25,65,11,105,54,0,54,159
07/09/2014,DLH,MN,AGL,CE,Combined TRACON& Tower with Radar,2,32,39,27,100,0,0,74,4,78,2,32,113,31,178,50,38,88,266
07/10/2014,DLH,MN,AGL,CE,Combined TRACON& Tower with Radar,4,27,38,12,81,0,12,73,5,90,4,39,111,17,171,86,12,98,269
07/11/2014,DLH,MN,AGL,CE,Combined TRACON& Tower with Radar,4,28,31,6,69,0,2,3,0,5,4,30,34,6,74,16,0,16,90
07/12/2014,DLH,MN,AGL,CE,Combined TRACON& Tower with Radar,4,23,11,0,38,0,0,25,0,25,4,23,36,0,63,68,0,68,131
07/13/2014,DLH,MN,AGL,CE,Combined TRACON& Tower with Radar,2,22,15,2,41,0,7,18,1,26,2,29,33,3,67,18,0,18,85
07/14/2014,DLH,MN,AGL,CE,Combined TRACON& Tower with Radar,4,26,24,15,69,0,6,11,0,17,4,32,35,15,86,33,0,33,119
07/15/2014,DLH,MN,AGL,CE,Combined TRACON& Tower with Radar,6,27,30,19,82,0,4,65,2,71,6,31,95,21,153,28,20,48,201
07/16/2014,DLH,MN,AGL,CE,Combined TRACON& Tower with Radar,4,29,45,22,100,0,6,72,7,85,4,35,117,29,185,60,30,90,275
07/17/2014,DLH,MN,AGL,CE,Combined TRACON& Tower with Radar,4,25,40,26,95,0,5,53,1,59,4,30,93,27,154,59,21,80,234
07/18/2014,DLH,MN,AGL,CE,Combined TRACON& Tower with Radar,5,26,30,6,67,0,13,65,3,81,5,39,95,9,148,36,0,36,184
07/19/2014,DLH,MN,AGL,CE,Combined TRACON& Tower with Radar,5,20,10,0,35,0,17,10,0,27,5,37,20,0,62,21,0,21,83
07/20/2014,DLH,MN,AGL,CE,Combined TRACON& Tower with Radar,1,21,22,0,44,0,10,15,0,25,1,31,37,0,69,0,0,0,69
07/21/2014,DLH,MN,AGL,CE,Combined TRACON& Tower with Radar,4,23,28,23,78,0,3,34,6,43,4,26,62,29,121,54,23,77,198
07/22/2014,DLH,MN,AGL,CE,Combined TRACON& Tower with Radar,2,25,19,21,67,0,4,26,2,32,2,29,45,23,99,6,26,32,131
07/23/2014,DLH,MN,AGL,CE,Combined TRACON& Tower with Radar,4,26,29,37,96,0,8,55,5,68,4,34,84,42,164,24,69,93,257
07/24/2014,DLH,MN,AGL,CE,Combined TRACON& Tower with Radar,4,32,30,17,83,0,5,48,1,54,4,37,78,18,137,44,20,64,201
07/25/2014,DLH,MN,AGL,CE,Combined TRACON& Tower with Radar,4,32,38,3,77,0,2,9,0,11,4,34,47,3,88,32,0,32,120
07/26/2014,DLH,MN,AGL,CE,Combined TRACON& Tower with Radar,2,19,18,0,39,0,2,37,0,39,2,21,55,0,78,34,0,34,112
07/27/2014,DLH,MN,AGL,CE,Combined TRACON& Tower with Radar,4,20,30,0,54,0,0,6,0,6,4,20,36,0,60,0,0,0,60
07/28/2014,DLH,MN,AGL,CE,Combined TRACON& Tower with Radar,3,26,15,8,52,0,5,183,1,189,3,31,198,9,241,6,2,8,249
07/29/2014,DLH,MN,AGL,CE,Combined TRACON& Tower with Radar,2,25,37,40,104,0,4,63,2,69,2,29,100,42,173,84,46,130,303
07/30/2014,DLH,MN,AGL,CE,Combined TRACON& Tower with Radar,2,29,50,21,102,0,4,60,1,65,2,33,110,22,167,46,40,86,253
07/31/2014,DLH,MN,AGL,CE,Combined TRACON& Tower with Radar,4,26,35,17,82,0,7,65,1,73,4,33,100,18,155,98,8,106,261
08/01/2014,DLH,MN,AGL,CE,Combined TRACON& Tower with Radar,5,24,45,6,80,0,13,53,0,66,5,37,98,6,146,48,0,48,194
08/02/2014,DLH,MN,AGL,CE,Combined TRACON& Tower with Radar,2,19,11,0,32,0,7,39,0,46,2,26,50,0,78,4,0,4,82
08/03/2014,DLH,MN,AGL,CE,Combined TRACON& Tower with Radar,3,20,9,0,32,0,2,34,0,36,3,22,43,0,68,44,0,44,112
08/04/2014,DLH,MN,AGL,CE,Combined TRACON& Tower with Radar,2,27,18,19,66,0,7,54,0,61,2,34,72,19,127,32,0,32,159
08/05/2014,DLH,MN,AGL,CE,Combined TRACON& Tower with Radar,4,28,20,13,65,0,11,70,9,90,4,39,90,22,155,55,35,90,245
08/06/2014,DLH,MN,AGL,CE,Combined TRACON& Tower with Radar,4,26,33,27,90,0,6,60,4,70,4,32,93,31,160,104,54,158,318
08/07/2014,DLH,MN,AGL,CE,Combined TRACON& Tower with Radar,2,32,31,32,97,0,19,59,2,80,2,51,90,34,177,59,46,105,282
08/08/2014,DLH,MN,AGL,CE,Combined TRACON& Tower with Radar,4,30,36,24,94,0,3,48,1,52,4,33,84,25,146,30,56,86,232
08/09/2014,DLH,MN,AGL,CE,Combined TRACON& Tower with Radar,2,20,14,26,62,0,15,17,3,35,2,35,31,29,97,24,12,36,133
08/10/2014,DLH,MN,AGL,CE,Combined TRACON& Tower with Radar,2,29,10,0,41,0,7,9,0,16,2,36,19,0,57,0,0,0,57
08/11/2014,DLH,MN,AGL,CE,Combined TRACON& Tower with Radar,6,34,27,11,78,0,3,34,1,38,6,37,61,12,116,20,12,32,148
08/12/2014,DLH,MN,AGL,CE,Combined TRACON& Tower with Radar,2,22,46,8,78,0,3,57,5,65,2,25,103,13,143,104,0,104,247
08/13/2014,DLH,MN,AGL,CE,Combined TRACON& Tower with Radar,4,23,48,12,87,0,10,77,2,89,4,33,125,14,176,30,10,40,216
08/14/2014,DLH,MN,AGL,CE,Combined TRACON& Tower with Radar,4,28,44,13,89,0,3,84,5,92,4,31,128,18,181,28,16,44,225
08/15/2014,DLH,MN,AGL,CE,Combined TRACON& Tower with Radar,5,30,33,20,88,1,18,48,1,68,6,48,81,21,156,18,10,28,184
08/16/2014,DLH,MN,AGL,CE,Combined TRACON& Tower with Radar,4,20,26,10,60,0,18,13,0,31,4,38,39,10,91,39,5,44,135
08/17/2014,DLH,MN,AGL,CE,Combined TRACON& Tower with Radar,4,21,10,0,35,0,0,1,0,1,4,21,11,0,36,0,0,0,36
08/18/2014,DLH,MN,AGL,CE,Combined TRACON& Tower with Radar,3,24,40,1,68,0,0,3,0,3,3,24,43,1,71,0,0,0,71
08/19/2014,DLH,MN,AGL,CE,Combined TRACON& Tower with Radar,5,28,35,6,74,0,8,26,0,34,5,36,61,6,108,54,0,54,162
08/20/2014,DLH,MN,AGL,CE,Combined TRACON& Tower with Radar,4,29,55,22,110,0,2,39,0,41,4,31,94,22,151,36,4,40,191
08/21/2014,DLH,MN,AGL,CE,Combined TRACON& Tower with Radar,4,28,20,5,57,0,1,4,1,6,4,29,24,6,63,0,0,0,63
08/22/2014,DLH,MN,AGL,CE,Combined TRACON& Tower with Radar,2,26,11,1,40,0,2,0,0,2,2,28,11,1,42,0,0,0,42
08/23/2014,DLH,MN,AGL,CE,Combined TRACON& Tower with Radar,1,12,16,2,31,0,0,0,0,0,1,12,16,2,31,0,0,0,31
08/24/2014,DLH,MN,AGL,CE,Combined TRACON& Tower with Radar,4,17,15,4,40,0,3,25,5,33,4,20,40,9,73,2,0,2,75
08/25/2014,DLH,MN,AGL,CE,Combined TRACON& Tower with Radar,4,22,40,22,88,0,6,73,1,80,4,28,113,23,168,66,14,80,248
08/26/2014,DLH,MN,AGL,CE,Combined TRACON& Tower with Radar,2,29,52,16,99,0,4,71,1,76,2,33,123,17,175,86,24,110,285
08/27/2014,DLH,MN,AGL,CE,Combined TRACON& Tower with Radar,4,30,43,15,92,0,4,69,5,78,4,34,112,20,170,20,3,23,193
08/28/2014,DLH,MN,AGL,CE,Combined TRACON& Tower with Radar,5,34,58,13,110,0,10,80,0,90,5,44,138,13,200,76,0,76,276
08/29/2014,DLH,MN,AGL,CE,Combined TRACON& Tower with Radar,2,24,11,2,39,0,0,0,0,0,2,24,11,2,39,0,0,0,39
08/30/2014,DLH,MN,AGL,CE,Combined TRACON& Tower with Radar,2,17,14,0,33,0,0,9,0,9,2,17,23,0,42,14,0,14,56
08/31/2014,DLH,MN,AGL,CE,Combined TRACON& Tower with Radar,4,14,6,0,24,0,8,9,0,17,4,22,15,0,41,10,0,10,51
09/01/2014,DLH,MN,AGL,CE,Combined TRACON& Tower with Radar,3,22,17,1,43,0,0,32,0,32,3,22,49,1,75,23,0,23,98
09/02/2014,DLH,MN,AGL,CE,Combined TRACON& Tower with Radar,2,25,33,15,75,0,9,45,0,54,2,34,78,15,129,39,8,47,176
09/03/2014,DLH,MN,AGL,CE,Combined TRACON& Tower with Radar,2,25,14,8,49,0,6,49,0,55,2,31,63,8,104,38,2,40,144
09/04/2014,DLH,MN,AGL,CE,Combined TRACON& Tower with Radar,4,25,51,7,87,0,1,29,0,30,4,26,80,7,117,44,0,44,161
09/05/2014,DLH,MN,AGL,CE,Combined TRACON& Tower with Radar,4,22,54,4,84,0,1,47,0,48,4,23,101,4,132,58,4,62,194
09/06/2014,DLH,MN,AGL,CE,Combined TRACON& Tower with Radar,2,20,22,6,50,0,17,46,0,63,2,37,68,6,113,48,1,49,162
09/07/2014,DLH,MN,AGL,CE,Combined TRACON& Tower with Radar,5,26,18,0,49,0,8,60,0,68,5,34,78,0,117,30,0,30,147
09/08/2014,DLH,MN,AGL,CE,Combined TRACON& Tower with Radar,2,23,35,16,76,0,6,79,0,85,2,29,114,16,161,24,2,26,187
09/09/2014,DLH,MN,AGL,CE,Combined TRACON& Tower with Radar,2,23,58,10,93,0,3,54,0,57,2,26,112,10,150,166,0,166,316
09/10/2014,DLH,MN,AGL,CE,Combined TRACON& Tower with Radar,4,25,63,9,101,0,0,0,0,0,4,25,63,9,101,2,0,2,103
09/11/2014,DLH,MN,AGL,CE,Combined TRACON& Tower with Radar,4,26,63,11,104,0,0,84,0,84,4,26,147,11,188,90,2,92,280
09/12/2014,DLH,MN,AGL,CE,Combined TRACON& Tower with Radar,4,27,41,12,84,0,0,90,0,90,4,27,131,12,174,58,4,62,236
09/13/2014,DLH,MN,AGL,CE,Combined TRACON& Tower with Radar,9,17,16,0,42,0,9,46,0,55,9,26,62,0,97,26,0,26,123
09/14/2014,DLH,MN,AGL,CE,Combined TRACON& Tower with Radar,2,23,31,0,56,0,2,25,0,27,2,25,56,0,83,34,0,34,117
09/15/2014,DLH,MN,AGL,CE,Combined TRACON& Tower with Radar,1,31,19,0,51,0,6,41,0,47,1,37,60,0,98,29,0,29,127
09/16/2014,DLH,MN,AGL,CE,Combined TRACON& Tower with Radar,4,28,48,11,91,0,5,66,0,71,4,33,114,11,162,40,0,40,202
09/17/2014,DLH,MN,AGL,CE,Combined TRACON& Tower with Radar,2,36,69,6,113,0,0,130,1,131,2,36,199,7,244,31,4,35,279
09/18/2014,DLH,MN,AGL,CE,Combined TRACON& Tower with Radar,4,31,75,9,119,0,6,58,0,64,4,37,133,9,183,80,2,82,265
09/19/2014,DLH,MN,AGL,CE,Combined TRACON& Tower with Radar,2,43,62,33,140,0,0,20,0,20,2,43,82,33,160,30,0,30,190
09/20/2014,DLH,MN,AGL,CE,Combined TRACON& Tower with Radar,3,23,21,7,54,0,0,18,0,18,3,23,39,7,72,26,17,43,115
09/21/2014,DLH,MN,AGL,CE,Combined TRACON& Tower with Radar,3,22,32,0,57,0,7,31,0,38,3,29,63,0,95,2,0,2,97
09/22/2014,DLH,MN,AGL,CE,Combined TRACON& Tower with Radar,2,29,53,20,104,0,14,70,0,84,2,43,123,20,188,52,8,60,248
09/23/2014,DLH,MN,AGL,CE,Combined TRACON& Tower with Radar,2,28,35,22,87,0,3,85,0,88,2,31,120,22,175,67,21,88,263
09/24/2014,DLH,MN,AGL,CE,Combined TRACON& Tower with Radar,2,29,66,11,108,0,5,84,0,89,2,34,150,11,197,98,10,108,305
09/25/2014,DLH,MN,AGL,CE,Combined TRACON& Tower with Radar,4,31,85,8,128,0,3,26,0,29,4,34,111,8,157,32,0,32,189
09/26/2014,DLH,MN,AGL,CE,Combined TRACON& Tower with Radar,5,24,61,6,96,0,9,118,0,127,5,33,179,6,223,81,0,81,304
09/27/2014,DLH,MN,AGL,CE,Combined TRACON& Tower with Radar,3,13,30,0,46,0,10,73,0,83,3,23,103,0,129,64,0,64,193
09/28/2014,DLH,MN,AGL,CE,Combined TRACON& Tower with Radar,9,17,27,2,55,0,8,58,0,66,9,25,85,2,121,32,0,32,153
09/29/2014,DLH,MN,AGL,CE,Combined TRACON& Tower with Radar,2,24,91,0,117,0,2,5,0,7,2,26,96,0,124,6,0,6,130
09/30/2014,DLH,MN,AGL,CE,Combined TRACON& Tower with Radar,4,34,98,20,156,0,10,14,0,24,4,44,112,20,180,52,0,52,232
10/01/2014,DLH,MN,AGL,CE,Combined TRACON& Tower with Radar,4,27,63,7,101,0,0,0,0,0,4,27,63,7,101,0,0,0,101
10/02/2014,DLH,MN,AGL,CE,Combined TRACON& Tower with Radar,8,33,71,12,124,0,0,4,0,4,8,33,75,12,128,5,0,5,133
10/03/2014,DLH,MN,AGL,CE,Combined TRACON& Tower with Radar,6,32,54,8,100,0,0,2,0,2,6,32,56,8,102,0,0,0,102
10/04/2014,DLH,MN,AGL,CE,Combined TRACON& Tower with Radar,7,11,7,14,39,0,0,3,0,3,7,11,10,14,42,0,0,0,42
10/05/2014,DLH,MN,AGL,CE,Combined TRACON& Tower with Radar,13,12,27,3,55,0,1,24,0,25,13,13,51,3,80,15,0,15,95
10/06/2014,DLH,MN,AGL,CE,Combined TRACON& Tower with Radar,4,26,52,17,99,0,3,85,1,89,4,29,137,18,188,108,0,108,296
10/07/2014,DLH,MN,AGL,CE,Combined TRACON& Tower with Radar,8,33,32,15,88,0,4,55,0,59,8,37,87,15,147,34,0,34,181
10/08/2014,DLH,MN,AGL,CE,Combined TRACON& Tower with Radar,4,24,61,21,110,0,7,80,0,87,4,31,141,21,197,84,8,92,289
10/09/2014,DLH,MN,AGL,CE,Combined TRACON& Tower with Radar,6,32,85,19,142,0,9,82,8,99,6,41,167,27,241,150,8,158,399
10/10/2014,DLH,MN,AGL,CE,Combined TRACON& Tower with Radar,7,25,53,0,85,0,2,60,0,62,7,27,113,0,147,103,0,103,250
10/11/2014,DLH,MN,AGL,CE,Combined TRACON& Tower with Radar,5,10,11,0,26,0,2,56,0,58,5,12,67,0,84,38,0,38,122
10/12/2014,DLH,MN,AGL,CE,Combined TRACON& Tower with Radar,9,26,18,0,53,0,0,33,0,33,9,26,51,0,86,18,0,18,104
10/13/2014,DLH,MN,AGL,CE,Combined TRACON& Tower with Radar,4,31,36,0,71,0,0,1,0,1,4,31,37,0,72,0,0,0,72
10/14/2014,DLH,MN,AGL,CE,Combined TRACON& Tower with Radar,4,24,46,16,90,0,2,84,0,86,4,26,130,16,176,86,3,89,265
10/15/2014,DLH,MN,AGL,CE,Combined TRACON& Tower with Radar,4,27,48,36,115,0,7,116,9,132,4,34,164,45,247,196,30,226,473
10/16/2014,DLH,MN,AGL,CE,Combined TRACON& Tower with Radar,8,29,36,5,78,0,0,60,2,62,8,29,96,7,140,112,0,112,252
10/17/2014,DLH,MN,AGL,CE,Combined TRACON& Tower with Radar,6,25,46,10,87,0,0,19,0,19,6,25,65,10,106,36,0,36,142
10/18/2014,DLH,MN,AGL,CE,Combined TRACON& Tower with Radar,4,15,17,0,36,0,2,29,0,31,4,17,46,0,67,90,0,90,157
10/19/2014,DLH,MN,AGL,CE,Combined TRACON& Tower with Radar,12,17,12,0,41,0,2,13,0,15,12,19,25,0,56,32,0,32,88
10/20/2014,DLH,MN,AGL,CE,Combined TRACON& Tower with Radar,4,23,57,15,99,0,4,37,7,48,4,27,94,22,147,28,24,52,199
10/21/2014,DLH,MN,AGL,CE,Combined TRACON& Tower with Radar,6,24,66,24,120,0,2,53,8,63,6,26,119,32,183,92,17,109,292
10/22/2014,DLH,MN,AGL,CE,Combined TRACON& Tower with Radar,6,22,47,14,89,0,1,72,2,75,6,23,119,16,164,112,9,121,285
10/23/2014,DLH,MN,AGL,CE,Combined TRACON& Tower with Radar,9,30,55,5,99,0,1,21,0,22,9,31,76,5,121,39,0,39,160
10/24/2014,DLH,MN,AGL,CE,Combined TRACON& Tower with Radar,5,28,44,0,77,0,5,82,0,87,5,33,126,0,164,108,0,108,272
10/25/2014,DLH,MN,AGL,CE,Combined TRACON& Tower with Radar,9,9,15,0,33,0,5,55,0,60,9,14,70,0,93,32,8,40,133
10/26/2014,DLH,MN,AGL,CE,Combined TRACON& Tower with Radar,11,15,24,0,50,0,1,27,0,28,11,16,51,0,78,28,0,28,106
10/27/2014,DLH,MN,AGL,CE,Combined TRACON& Tower with Radar,8,19,45,16,88,0,1,59,2,62,8,20,104,18,150,168,6,174,324
10/28/2014,DLH,MN,AGL,CE,Combined TRACON& Tower with Radar,3,35,59,19,116,0,1,14,0,15,3,36,73,19,131,24,0,24,155
10/29/2014,DLH,MN,AGL,CE,Combined TRACON& Tower with Radar,0,23,77,16,116,0,0,22,0,22,0,23,99,16,138,88,0,88,226
10/30/2014,DLH,MN,AGL,CE,Combined TRACON& Tower with Radar,2,21,82,11,116,0,0,39,0,39,2,21,121,11,155,105,0,105,260
10/31/2014,DLH,MN,AGL,CE,Combined TRACON& Tower with Radar,6,23,48,5,82,0,11,68,1,80,6,34,116,6,162,44,0,44,206
11/01/2014,DLH,MN,AGL,CE,Combined TRACON& Tower with Radar,0,18,10,18,46,0,0,41,0,41,0,18,51,18,87,44,19,63,150
11/02/2014,DLH,MN,AGL,CE,Combined TRACON& Tower with Radar,5,17,12,0,34,0,2,38,0,40,5,19,50,0,74,69,0,69,143
11/03/2014,DLH,MN,AGL,CE,Combined TRACON& Tower with Radar,6,23,33,32,94,0,4,77,1,82,6,27,110,33,176,78,50,128,304
11/04/2014,DLH,MN,AGL,CE,Combined TRACON& Tower with Radar,6,23,35,29,93,0,1,49,1,51,6,24,84,30,144,75,22,97,241
11/05/2014,DLH,MN,AGL,CE,Combined TRACON& Tower with Radar,2,28,32,22,84,0,2,51,0,53,2,30,83,22,137,100,30,130,267
11/06/2014,DLH,MN,AGL,CE,Combined TRACON& Tower with Radar,4,23,51,17,95,0,7,60,0,67,4,30,111,17,162,42,10,52,214
11/07/2014,DLH,MN,AGL,CE,Combined TRACON& Tower with Radar,12,26,20,10,68,0,0,7,0,7,12,26,27,10,75,34,0,34,109
11/08/2014,DLH,MN,AGL,CE,Combined TRACON& Tower with Radar,2,20,30,0,52,0,0,20,0,20,2,20,50,0,72,14,0,14,86
11/09/2014,DLH,MN,AGL,CE,Combined TRACON& Tower with Radar,4,16,12,0,32,0,7,27,0,34,4,23,39,0,66,24,0,24,90
11/10/2014,DLH,MN,AGL,CE,Combined TRACON& Tower with Radar,4,16,13,0,33,0,0,3,0,3,4,16,16,0,36,6,0,6,42
11/11/2014,DLH,MN,AGL,CE,Combined TRACON& Tower with Radar,2,31,29,0,62,0,0,37,0,37,2,31,66,0,99,28,0,28,127
11/12/2014,DLH,MN,AGL,CE,Combined TRACON& Tower with Radar,2,23,45,8,78,0,0,21,0,21,2,23,66,8,99,14,0,14,113
11/13/2014,DLH,MN,AGL,CE,Combined TRACON& Tower with Radar,6,29,47,14,96,0,1,15,0,16,6,30,62,14,112,67,0,67,179
11/14/2014,DLH,MN,AGL,CE,Combined TRACON& Tower with Radar,3,29,64,2,98,0,1,74,0,75,3,30,138,2,173,0,0,0,173
11/15/2014,DLH,MN,AGL,CE,Combined TRACON& Tower with Radar,4,14,12,16,46,0,13,17,0,30,4,27,29,16,76,43,26,69,145
11/16/2014,DLH,MN,AGL,CE,Combined TRACON& Tower with Radar,6,15,30,0,51,0,0,11,1,12,6,15,41,1,63,10,0,10,73
11/17/2014,DLH,MN,AGL,CE,Combined TRACON& Tower with Radar,6,24,37,28,95,0,3,18,0,21,6,27,55,28,116,32,22,54,170
11/18/2014,DLH,MN,AGL,CE,Combined TRACON& Tower with Radar,10,24,93,38,165,0,9,90,0,99,10,33,183,38,264,122,34,156,420
11/19/2014,DLH,MN,AGL,CE,Combined TRACON& Tower with Radar,4,31,52,14,101,0,0,7,1,8,4,31,59,15,109,34,8,42,151
11/20/2014,DLH,MN,AGL,CE,Combined TRACON& Tower with Radar,2,33,68,6,109,0,6,72,2,80,2,39,140,8,189,0,0,0,189
11/21/2014,DLH,MN,AGL,CE,Combined TRACON& Tower with Radar,9,27,44,4,84,0,8,73,0,81,9,35,117,4,165,86,4,90,255
11/22/2014,DLH,MN,AGL,CE,Combined TRACON& Tower with Radar,9,20,29,0,58,0,0,0,0,0,9,20,29,0,58,0,0,0,58
11/23/2014,DLH,MN,AGL,CE,Combined TRACON& Tower with Radar,2,16,4,0,22,0,0,0,0,0,2,16,4,0,22,0,0,0,22
11/24/2014,DLH,MN,AGL,CE,Combined TRACON& Tower with Radar,7,16,7,3,33,0,0,9,0,9,7,16,16,3,42,118,0,118,160
11/25/2014,DLH,MN,AGL,CE,Combined TRACON& Tower with Radar,3,30,65,21,119,0,0,63,7,70,3,30,128,28,189,188,18,206,395
11/26/2014,DLH,MN,AGL,CE,Combined TRACON& Tower with Radar,2,27,34,6,69,0,0,26,0,26,2,27,60,6,95,48,4,52,147
11/27/2014,DLH,MN,AGL,CE,Combined TRACON& Tower with Radar,1,11,12,0,24,0,5,10,1,16,1,16,22,1,40,0,0,0,40
11/28/2014,DLH,MN,AGL,CE,Combined TRACON& Tower with Radar,7,14,9,0,30,0,5,0,0,5,7,19,9,0,35,0,0,0,35
11/29/2014,DLH,MN,AGL,CE,Combined TRACON& Tower with Radar,8,22,4,0,34,0,0,5,0,5,8,22,9,0,39,0,0,0,39
11/30/2014,DLH,MN,AGL,CE,Combined TRACON& Tower with Radar,6,20,17,0,43,0,5,11,0,16,6,25,28,0,59,36,0,36,95
12/01/2014,DLH,MN,AGL,CE,Combined TRACON& Tower with Radar,4,26,63,18,111,0,12,55,0,67,4,38,118,18,178,68,6,74,252
12/02/2014,DLH,MN,AGL,CE,Combined TRACON& Tower with Radar,3,18,49,10,80,0,1,53,0,54,3,19,102,10,134,126,4,130,264
12/03/2014,DLH,MN,AGL,CE,Combined TRACON& Tower with Radar,1,24,43,8,76,0,7,60,0,67,1,31,103,8,143,64,6,70,213
12/04/2014,DLH,MN,AGL,CE,Combined TRACON& Tower with Radar,2,24,47,15,88,0,18,69,4,91,2,42,116,19,179,32,54,86,265
12/05/2014,DLH,MN,AGL,CE,Combined TRACON& Tower with Radar,4,20,47,23,94,0,1,23,0,24,4,21,70,23,118,24,0,24,142
12/06/2014,DLH,MN,AGL,CE,Combined TRACON& Tower with Radar,5,17,41,12,75,0,6,39,1,46,5,23,80,13,121,16,14,30,151
12/07/2014,DLH,MN,AGL,CE,Combined TRACON& Tower with Radar,5,13,7,0,25,0,0,12,0,12,5,13,19,0,37,4,0,4,41
12/08/2014,DLH,MN,AGL,CE,Combined TRACON& Tower with Radar,4,22,49,7,82,0,0,3,0,3,4,22,52,7,85,0,0,0,85
12/09/2014,DLH,MN,AGL,CE,Combined TRACON& Tower with Radar,3,24,58,6,91,0,0,2,0,2,3,24,60,6,93,0,0,0,93
12/10/2014,DLH,MN,AGL,CE,Combined TRACON& Tower with Radar,1,19,19,17,56,0,0,0,0,0,1,19,19,17,56,0,0,0,56
12/11/2014,DLH,MN,AGL,CE,Combined TRACON& Tower with Radar,6,20,14,0,40,0,0,0,0,0,6,20,14,0,40,0,0,0,40
12/12/2014,DLH,MN,AGL,CE,Combined TRACON& Tower with Radar,2,19,9,0,30,0,0,0,0,0,2,19,9,0,30,0,0,0,30
12/13/2014,DLH,MN,AGL,CE,Combined TRACON& Tower with Radar,5,11,2,0,18,0,0,0,0,0,5,11,2,0,18,0,0,0,18
12/14/2014,DLH,MN,AGL,CE,Combined TRACON& Tower with Radar,1,2,2,0,5,0,0,0,0,0,1,2,2,0,5,0,0,0,5
12/15/2014,DLH,MN,AGL,CE,Combined TRACON& Tower with Radar,5,12,19,0,36,0,0,0,0,0,5,12,19,0,36,2,0,2,38
12/16/2014,DLH,MN,AGL,CE,Combined TRACON& Tower with Radar,3,28,83,7,121,0,0,14,0,14,3,28,97,7,135,31,0,31,166
12/17/2014,DLH,MN,AGL,CE,Combined TRACON& Tower with Radar,2,30,67,11,110,0,1,81,0,82,2,31,148,11,192,103,0,103,295
12/18/2014,DLH,MN,AGL,CE,Combined TRACON& Tower with Radar,2,28,71,27,128,0,6,39,0,45,2,34,110,27,173,52,10,62,235
12/19/2014,DLH,MN,AGL,CE,Combined TRACON& Tower with Radar,4,27,59,0,90,0,0,1,0,1,4,27,60,0,91,0,0,0,91
12/20/2014,DLH,MN,AGL,CE,Combined TRACON& Tower with Radar,4,11,30,0,45,0,0,1,0,1,4,11,31,0,46,0,0,0,46
12/21/2014,DLH,MN,AGL,CE,Combined TRACON& Tower with Radar,4,13,10,0,27,0,0,6,0,6,4,13,16,0,33,0,0,0,33
12/22/2014,DLH,MN,AGL,CE,Combined TRACON& Tower with Radar,4,19,7,0,30,0,0,0,0,0,4,19,7,0,30,0,0,0,30
12/23/2014,DLH,MN,AGL,CE,Combined TRACON& Tower with Radar,2,26,17,0,45,0,0,0,0,0,2,26,17,0,45,0,0,0,45
12/24/2014,DLH,MN,AGL,CE,Combined TRACON& Tower with Radar,3,28,24,0,55,0,0,9,0,9,3,28,33,0,64,0,0,0,64
12/25/2014,DLH,MN,AGL,CE,Combined TRACON& Tower with Radar,5,7,0,0,12,0,4,0,0,4,5,11,0,0,16,0,0,0,16
12/26/2014,DLH,MN,AGL,CE,Combined TRACON& Tower with Radar,4,32,37,0,73,0,0,13,0,13,4,32,50,0,86,32,0,32,118
12/27/2014,DLH,MN,AGL,CE,Combined TRACON& Tower with Radar,10,18,30,0,58,0,0,44,0,44,10,18,74,0,102,30,0,30,132
12/28/2014,DLH,MN,AGL,CE,Combined TRACON& Tower with Radar,4,16,22,0,42,0,6,20,0,26,4,22,42,0,68,38,0,38,106
12/29/2014,DLH,MN,AGL,CE,Combined TRACON& Tower with Radar,6,14,49,25,94,0,3,64,9,76,6,17,113,34,170,34,32,66,236
12/30/2014,DLH,MN,AGL,CE,Combined TRACON& Tower with Radar,4,27,33,8,72,0,6,54,0,60,4,33,87,8,132,48,4,52,184
12/31/2014,DLH,MN,AGL,CE,Combined TRACON& Tower with Radar,5,15,22,21,63,0,1,38,0,39,5,16,60,21,102,20,46,66,168
01/01/2015,DLH,MN,AGL,CE,Combined TRACON& Tower with Radar,3,20,4,0,27,0,0,12,0,12,3,20,16,0,39,10,0,10,49
01/02/2015,DLH,MN,AGL,CE,Combined TRACON& Tower with Radar,6,31,11,0,48,0,0,9,0,9,6,31,20,0,57,26,0,26,83
01/03/2015,DLH,MN,AGL,CE,Combined TRACON& Tower with Radar,4,16,6,0,26,0,0,8,0,8,4,16,14,0,34,20,0,20,54
01/04/2015,DLH,MN,AGL,CE,Combined TRACON& Tower with Radar,4,17,0,0,21,0,0,0,0,0,4,17,0,0,21,0,0,0,21
01/05/2015,DLH,MN,AGL,CE,Combined TRACON& Tower with Radar,4,16,28,12,60,0,12,55,0,67,4,28,83,12,127,63,0,63,190
01/06/2015,DLH,MN,AGL,CE,Combined TRACON& Tower with Radar,7,26,50,30,113,0,2,36,2,40,7,28,86,32,153,57,36,93,246
01/07/2015,DLH,MN,AGL,CE,Combined TRACON& Tower with Radar,1,28,33,13,75,0,2,18,0,20,1,30,51,13,95,62,0,62,157
01/08/2015,DLH,MN,AGL,CE,Combined TRACON& Tower with Radar,3,23,21,11,58,0,3,5,0,8,3,26,26,11,66,6,0,6,72
01/09/2015,DLH,MN,AGL,CE,Combined TRACON& Tower with Radar,12,28,32,27,99,0,2,44,1,47,12,30,76,28,146,26,10,36,182
01/10/2015,DLH,MN,AGL,CE,Combined TRACON& Tower with Radar,2,12,22,0,36,0,6,39,0,45,2,18,61,0,81,61,0,61,142
01/11/2015,DLH,MN,AGL,CE,Combined TRACON& Tower with Radar,4,18,29,0,51,0,14,26,0,40,4,32,55,0,91,48,0,48,139
01/12/2015,DLH,MN,AGL,CE,Combined TRACON& Tower with Radar,4,28,35,13,80,0,1,47,0,48,4,29,82,13,128,58,0,58,186
01/13/2015,DLH,MN,AGL,CE,Combined TRACON& Tower with Radar,4,24,34,18,80,0,5,64,0,69,4,29,98,18,149,42,10,52,201
01/14/2015,DLH,MN,AGL,CE,Combined TRACON& Tower with Radar,5,32,40,31,108,1,0,25,0,26,6,32,65,31,134,126,26,152,286
01/15/2015,DLH,MN,AGL,CE,Combined TRACON& Tower with Radar,2,44,25,28,99,0,5,52,0,57,2,49,77,28,156,30,22,52,208
01/16/2015,DLH,MN,AGL,CE,Combined TRACON& Tower with Radar,9,24,38,0,71,0,3,36,0,39,9,27,74,0,110,36,0,36,146
01/17/2015,DLH,MN,AGL,CE,Combined TRACON& Tower with Radar,4,21,17,0,42,0,0,0,0,0,4,21,17,0,42,0,0,0,42
01/18/2015,DLH,MN,AGL,CE,Combined TRACON& Tower with Radar,5,12,30,0,47,0,6,7,4,17,5,18,37,4,64,16,0,16,80
01/19/2015,DLH,MN,AGL,CE,Combined TRACON& Tower with Radar,7,25,29,0,61,0,5,14,0,19,7,30,43,0,80,6,0,6,86
01/20/2015,DLH,MN,AGL,CE,Combined TRACON& Tower with Radar,2,21,32,16,71,0,0,5,0,5,2,21,37,16,76,34,6,40,116
01/21/2015,DLH,MN,AGL,CE,Combined TRACON& Tower with Radar,6,27,41,22,96,0,0,9,1,10,6,27,50,23,106,20,2,22,128
01/22/2015,DLH,MN,AGL,CE,Combined TRACON& Tower with Radar,2,25,53,16,96,0,2,52,0,54,2,27,105,16,150,24,0,24,174
01/23/2015,DLH,MN,AGL,CE,Combined TRACON& Tower with Radar,6,25,28,8,67,0,6,33,0,39,6,31,61,8,106,46,4,50,156
01/24/2015,DLH,MN,AGL,CE,Combined TRACON& Tower with Radar,2,16,6,0,24,0,5,21,0,26,2,21,27,0,50,84,0,84,134
01/25/2015,DLH,MN,AGL,CE,Combined TRACON& Tower with Radar,4,21,6,0,31,0,4,7,0,11,4,25,13,0,42,14,0,14,56
01/26/2015,DLH,MN,AGL,CE,Combined TRACON& Tower with Radar,4,26,23,0,53,0,0,0,0,0,4,26,23,0,53,0,0,0,53
01/27/2015,DLH,MN,AGL,CE,Combined TRACON& Tower with Radar,2,18,64,47,131,0,2,14,0,16,2,20,78,47,147,71,6,77,224
01/28/2015,DLH,MN,AGL,CE,Combined TRACON& Tower with Radar,4,19,57,5,85,0,0,1,0,1,4,19,58,5,86,8,0,8,94
01/29/2015,DLH,MN,AGL,CE,Combined TRACON& Tower with Radar,10,26,54,0,90,0,0,30,0,30,10,26,84,0,120,16,0,16,136
01/30/2015,DLH,MN,AGL,CE,Combined TRACON& Tower with Radar,6,21,59,0,86,0,10,91,0,101,6,31,150,0,187,114,0,114,301
01/31/2015,DLH,MN,AGL,CE,Combined TRACON& Tower with Radar,6,16,25,0,47,0,3,53,0,56,6,19,78,0,103,54,0,54,157
02/01/2015,DLH,MN,AGL,CE,Combined TRACON& Tower with Radar,2,13,12,0,27,0,0,15,0,15,2,13,27,0,42,78,0,78,120
02/02/2015,DLH,MN,AGL,CE,Combined TRACON& Tower with Radar,4,17,42,0,63,0,1,67,0,68,4,18,109,0,131,73,0,73,204
02/03/2015,DLH,MN,AGL,CE,Combined TRACON& Tower with Radar,6,16,31,8,61,0,5,58,8,71,6,21,89,16,132,118,14,132,264
02/04/2015,DLH,MN,AGL,CE,Combined TRACON& Tower with Radar,2,25,38,2,67,0,4,47,0,51,2,29,85,2,118,56,0,56,174
02/05/2015,DLH,MN,AGL,CE,Combined TRACON& Tower with Radar,4,21,33,2,60,0,6,53,0,59,4,27,86,2,119,53,0,53,172
02/06/2015,DLH,MN,AGL,CE,Combined TRACON& Tower with Radar,8,19,30,28,85,0,0,14,0,14,8,19,44,28,99,72,56,128,227
02/07/2015,DLH,MN,AGL,CE,Combined TRACON& Tower with Radar,4,18,21,10,53,0,6,0,0,6,4,24,21,10,59,4,0,4,63
02/08/2015,DLH,MN,AGL,CE,Combined TRACON& Tower with Radar,2,15,4,0,21,0,0,0,0,0,2,15,4,0,21,0,0,0,21
02/09/2015,DLH,MN,AGL,CE,Combined TRACON& Tower with Radar,8,22,30,1,61,0,5,42,0,47,8,27,72,1,108,101,0,101,209
02/10/2015,DLH,MN,AGL,CE,Combined TRACON& Tower with Radar,8,12,12,0,32,0,0,9,0,9,8,12,21,0,41,25,0,25,66
02/11/2015,DLH,MN,AGL,CE,Combined TRACON& Tower with Radar,6,19,15,1,41,0,1,32,0,33,6,20,47,1,74,12,0,12,86
02/12/2015,DLH,MN,AGL,CE,Combined TRACON& Tower with Radar,5,22,36,0,63,0,0,59,0,59,5,22,95,0,122,116,0,116,238
02/13/2015,DLH,MN,AGL,CE,Combined TRACON& Tower with Radar,2,26,19,0,47,0,1,14,0,15,2,27,33,0,62,0,0,0,62
02/14/2015,DLH,MN,AGL,CE,Combined TRACON& Tower with Radar,1,14,14,0,29,0,3,9,0,12,1,17,23,0,41,4,0,4,45
02/15/2015,DLH,MN,AGL,CE,Combined TRACON& Tower with Radar,3,12,10,0,25,0,4,4,0,8,3,16,14,0,33,4,0,4,37
02/16/2015,DLH,MN,AGL,CE,Combined TRACON& Tower with Radar,2,17,20,0,39,0,0,4,0,4,2,17,24,0,43,0,0,0,43
02/17/2015,DLH,MN,AGL,CE,Combined TRACON& Tower with Radar,2,20,13,8,43,0,0,29,1,30,2,20,42,9,73,4,0,4,77
02/18/2015,DLH,MN,AGL,CE,Combined TRACON& Tower with Radar,2,20,23,7,52,0,0,27,11,38,2,20,50,18,90,20,20,40,130
02/19/2015,DLH,MN,AGL,CE,Combined TRACON& Tower with Radar,5,17,26,6,54,0,2,35,0,37,5,19,61,6,91,50,4,54,145
02/20/2015,DLH,MN,AGL,CE,Combined TRACON& Tower with Radar,4,22,15,2,43,0,3,1,0,4,4,25,16,2,47,0,0,0,47
02/21/2015,DLH,MN,AGL,CE,Combined TRACON& Tower with Radar,2,22,13,7,44,0,3,13,0,16,2,25,26,7,60,6,0,6,66
02/22/2015,DLH,MN,AGL,CE,Combined TRACON& Tower with Radar,4,21,18,3,46,0,4,11,0,15,4,25,29,3,61,26,0,26,87
02/23/2015,DLH,MN,AGL,CE,Combined TRACON& Tower with Radar,6,14,27,12,59,0,6,35,0,41,6,20,62,12,100,22,8,30,130
02/24/2015,DLH,MN,AGL,CE,Combined TRACON& Tower with Radar,9,17,18,20,64,0,0,18,0,18,9,17,36,20,82,10,10,20,102
02/25/2015,DLH,MN,AGL,CE,Combined TRACON& Tower with Radar,3,20,39,33,95,0,6,71,0,77,3,26,110,33,172,114,34,148,320
02/26/2015,DLH,MN,AGL,CE,Combined TRACON& Tower with Radar,6,26,41,16,89,0,5,62,0,67,6,31,103,16,156,83,12,95,251
02/27/2015,DLH,MN,AGL,CE,Combined TRACON& Tower with Radar,6,17,30,12,65,0,4,51,0,55,6,21,81,12,120,39,7,46,166
02/28/2015,DLH,MN,AGL,CE,Combined TRACON& Tower with Radar,2,16,10,0,28,0,5,15,0,20,2,21,25,0,48,43,0,43,91
03/01/2015,DLH,MN,AGL,CE,Combined TRACON& Tower with Radar,2,17,4,0,23,0,2,14,1,17,2,19,18,1,40,12,0,12,52
03/02/2015,DLH,MN,AGL,CE,Combined TRACON& Tower with Radar,5,16,22,0,43,0,4,42,0,46,5,20,64,0,89,38,0,38,127
03/03/2015,DLH,MN,AGL,CE,Combined TRACON& Tower with Radar,7,16,12,0,35,0,0,2,0,2,7,16,14,0,37,0,0,0,37
03/04/2015,DLH,MN,AGL,CE,Combined TRACON& Tower with Radar,4,24,30,31,89,0,8,47,3,58,4,32,77,34,147,54,25,79,226
03/05/2015,DLH,MN,AGL,CE,Combined TRACON& Tower with Radar,6,17,23,32,78,0,11,70,1,82,6,28,93,33,160,66,62,128,288
03/06/2015,DLH,MN,AGL,CE,Combined TRACON& Tower with Radar,4,16,38,33,91,0,0,55,3,58,4,16,93,36,149,76,48,124,273
03/07/2015,DLH,MN,AGL,CE,Combined TRACON& Tower with Radar,1,14,25,15,55,0,11,20,0,31,1,25,45,15,86,24,6,30,116
03/08/2015,DLH,MN,AGL,CE,Combined TRACON& Tower with Radar,7,11,21,0,39,0,8,17,0,25,7,19,38,0,64,24,0,24,88
03/09/2015,DLH,MN,AGL,CE,Combined TRACON& Tower with Radar,6,13,30,15,64,0,6,53,5,64,6,19,83,20,128,99,24,123,251
03/10/2015,DLH,MN,AGL,CE,Combined TRACON& Tower with Radar,6,21,31,15,73,0,1,64,2,67,6,22,95,17,140,43,16,59,199
03/11/2015,DLH,MN,AGL,CE,Combined TRACON& Tower with Radar,6,24,37,17,84,0,0,88,0,88,6,24,125,17,172,73,8,81,253
03/12/2015,DLH,MN,AGL,CE,Combined TRACON& Tower with Radar,6,22,31,13,72,0,2,80,3,85,6,24,111,16,157,122,14,136,293
03/13/2015,DLH,MN,AGL,CE,Combined TRACON& Tower with Radar,6,19,20,6,51,0,8,52,0,60,6,27,72,6,111,38,2,40,151
03/14/2015,DLH,MN,AGL,CE,Combined TRACON& Tower with Radar,3,19,27,0,49,0,7,35,0,42,3,26,62,0,91,46,0,46,137
03/15/2015,DLH,MN,AGL,CE,Combined TRACON& Tower with Radar,9,11,31,0,51,0,5,39,1,45,9,16,70,1,96,30,0,30,126
03/16/2015,DLH,MN,AGL,CE,Combined TRACON& Tower with Radar,6,18,28,21,73,0,7,22,0,29,6,25,50,21,102,28,28,56,158
03/17/2015,DLH,MN,AGL,CE,Combined TRACON& Tower with Radar,9,17,24,20,70,0,3,56,5,64,9,20,80,25,134,12,10,22,156
03/18/2015,DLH,MN,AGL,CE,Combined TRACON& Tower with Radar,6,23,37,28,94,0,3,82,3,88,6,26,119,31,182,86,22,108,290
03/19/2015,DLH,MN,AGL,CE,Combined TRACON& Tower with Radar,7,17,31,14,69,0,1,42,0,43,7,18,73,14,112,40,0,40,152
03/20/2015,DLH,MN,AGL,CE,Combined TRACON& Tower with Radar,6,18,31,8,63,0,6,38,0,44,6,24,69,8,107,44,4,48,155
03/21/2015,DLH,MN,AGL,CE,Combined TRACON& Tower with Radar,1,16,20,8,45,0,1,37,4,42,1,17,57,12,87,70,14,84,171
03/22/2015,DLH,MN,AGL,CE,Combined TRACON& Tower with Radar,7,11,7,0,25,0,8,32,0,40,7,19,39,0,65,68,0,68,133
03/23/2015,DLH,MN,AGL,CE,Combined TRACON& Tower with Radar,6,10,35,16,67,0,2,50,2,54,6,12,85,18,121,140,16,156,277
03/24/2015,DLH,MN,AGL,CE,Combined TRACON& Tower with Radar,10,16,27,28,81,0,3,57,2,62,10,19,84,30,143,56,40,96,239
03/25/2015,DLH,MN,AGL,CE,Combined TRACON& Tower with Radar,6,20,11,1,38,0,1,0,0,1,6,21,11,1,39,0,8,8,47
03/26/2015,DLH,MN,AGL,CE,Combined TRACON& Tower with Radar,10,20,36,18,84,0,2,51,2,55,10,22,87,20,139,58,30,88,227
03/27/2015,DLH,MN,AGL,CE,Combined TRACON& Tower with Radar,8,17,38,0,63,0,1,86,0,87,8,18,124,0,150,68,0,68,218
03/28/2015,DLH,MN,AGL,CE,Combined TRACON& Tower with Radar,1,18,18,0,37,0,2,44,0,46,1,20,62,0,83,41,0,41,124
03/29/2015,DLH,MN,AGL,CE,Combined TRACON& Tower with Radar,8,11,7,0,26,0,6,2,0,8,8,17,9,0,34,0,0,0,34
03/30/2015,DLH,MN,AGL,CE,Combined TRACON& Tower with Radar,7,14,43,38,102,0,7,74,0,81,7,21,117,38,183,114,24,138,321
03/31/2015,DLH,MN,AGL,CE,Combined TRACON& Tower with Radar,4,19,43,34,100,0,2,45,1,48,4,21,88,35,148,58,40,98,246
04/01/2015,DLH,MN,AGL,CE,Combined TRACON& Tower with Radar,5,22,38,20,85,0,0,35,0,35,5,22,73,20,120,30,16,46,166
04/02/2015,DLH,MN,AGL,CE,Combined TRACON& Tower with Radar,7,19,18,20,64,0,5,32,4,41,7,24,50,24,105,0,8,8,113
04/03/2015,DLH,MN,AGL,CE,Combined TRACON& Tower with Radar,4,19,32,1,56,0,1,59,0,60,4,20,91,1,116,32,18,50,166
04/04/2015,DLH,MN,AGL,CE,Combined TRACON& Tower with Radar,2,14,17,2,35,0,1,51,0,52,2,15,68,2,87,39,0,39,126
04/05/2015,DLH,MN,AGL,CE,Combined TRACON& Tower with Radar,4,12,7,1,24,0,0,8,0,8,4,12,15,1,32,1,0,1,33
04/06/2015,DLH,MN,AGL,CE,Combined TRACON& Tower with Radar,4,16,26,19,65,0,2,33,0,35,4,18,59,19,100,51,25,76,176
04/07/2015,DLH,MN,AGL,CE,Combined TRACON& Tower with Radar,6,13,38,24,81,0,5,35,5,45,6,18,73,29,126,18,36,54,180
04/08/2015,DLH,MN,AGL,CE,Combined TRACON& Tower with Radar,6,15,50,0,71,0,0,0,0,0,6,15,50,0,71,0,0,0,71
04/09/2015,DLH,MN,AGL,CE,Combined TRACON& Tower with Radar,5,23,26,18,72,0,0,15,0,15,5,23,41,18,87,54,4,58,145
04/10/2015,DLH,MN,AGL,CE,Combined TRACON& Tower with Radar,5,17,37,14,73,0,2,46,1,49,5,19,83,15,122,81,6,87,209
04/11/2015,DLH,MN,AGL,CE,Combined TRACON& Tower with Radar,3,15,16,12,46,0,5,33,2,40,3,20,49,14,86,14,8,22,108
04/12/2015,DLH,MN,AGL,CE,Combined TRACON& Tower with Radar,5,15,8,0,28,0,0,5,0,5,5,15,13,0,33,14,0,14,47
04/13/2015,DLH,MN,AGL,CE,Combined TRACON& Tower with Radar,3,13,24,2,42,0,3,32,1,36,3,16,56,3,78,34,0,34,112
04/14/2015,DLH,MN,AGL,CE,Combined TRACON& Tower with Radar,5,20,32,19,76,0,2,68,0,70,5,22,100,19,146,56,24,80,226
04/15/2015,DLH,MN,AGL,CE,Combined TRACON& Tower with Radar,4,18,39,20,81,0,4,95,0,99,4,22,134,20,180,106,2,108,288
04/16/2015,DLH,MN,AGL,CE,Combined TRACON& Tower with Radar,6,18,52,14,90,0,6,63,0,69,6,24,115,14,159,100,0,100,259
04/17/2015,DLH,MN,AGL,CE,Combined TRACON& Tower with Radar,4,19,31,14,68,0,7,82,3,92,4,26,113,17,160,51,14,65,225
04/18/2015,DLH,MN,AGL,CE,Combined TRACON& Tower with Radar,3,17,13,1,34,0,8,34,0,42,3,25,47,1,76,7,0,7,83
04/19/2015,DLH,MN,AGL,CE,Combined TRACON& Tower with Radar,4,11,14,0,29,0,0,0,0,0,4,11,14,0,29,0,0,0,29
04/20/2015,DLH,MN,AGL,CE,Combined TRACON& Tower with Radar,5,15,35,11,66,0,0,5,0,5,5,15,40,11,71,32,0,32,103
04/21/2015,DLH,MN,AGL,CE,Combined TRACON& Tower with Radar,4,19,43,12,78,0,0,4,0,4,4,19,47,12,82,16,0,16,98
04/22/2015,DLH,MN,AGL,CE,Combined TRACON& Tower with Radar,4,14,41,13,72,0,1,52,1,54,4,15,93,14,126,68,0,68,194
04/23/2015,DLH,MN,AGL,CE,Combined TRACON& Tower with Radar,6,26,43,11,86,0,9,85,2,96,6,35,128,13,182,56,18,74,256
04/24/2015,DLH,MN,AGL,CE,Combined TRACON& Tower with Radar,4,18,23,0,45,0,0,25,4,29,4,18,48,4,74,55,0,55,129
04/25/2015,DLH,MN,AGL,CE,Combined TRACON& Tower with Radar,4,13,11,0,28,0,9,27,0,36,4,22,38,0,64,56,0,56,120
04/26/2015,DLH,MN,AGL,CE,Combined TRACON& Tower with Radar,6,12,20,0,38,0,9,38,0,47,6,21,58,0,85,26,0,26,111
04/27/2015,DLH,MN,AGL,CE,Combined TRACON& Tower with Radar,4,18,16,8,46,0,3,55,0,58,4,21,71,8,104,65,2,67,171
04/28/2015,DLH,MN,AGL,CE,Combined TRACON& Tower with Radar,4,19,36,3,62,0,8,64,1,73,4,27,100,4,135,54,10,64,199
04/29/2015,DLH,MN,AGL,CE,Combined TRACON& Tower with Radar,6,17,26,16,65,0,12,81,0,93,6,29,107,16,158,74,20,94,252
04/30/2015,DLH,MN,AGL,CE,Combined TRACON& Tower with Radar,6,18,30,9,63,0,5,69,0,74,6,23,99,9,137,61,2,63,200
05/01/2015,DLH,MN,AGL,CE,Combined TRACON& Tower with Radar,2,19,15,3,39,0,24,60,0,84,2,43,75,3,123,78,0,78,201
05/02/2015,DLH,MN,AGL,CE,Combined TRACON& Tower with Radar,5,12,8,0,25,0,16,60,0,76,5,28,68,0,101,42,0,42,143
05/03/2015,DLH,MN,AGL,CE,Combined TRACON& Tower with Radar,5,11,8,0,24,0,6,25,0,31,5,17,33,0,55,0,4,4,59
05/04/2015,DLH,MN,AGL,CE,Combined TRACON& Tower with Radar,4,19,37,5,65,0,9,57,1,67,4,28,94,6,132,24,21,45,177
05/05/2015,DLH,MN,AGL,CE,Combined TRACON& Tower with Radar,6,19,36,12,73,0,8,61,2,71,6,27,97,14,144,95,24,119,263
05/06/2015,DLH,MN,AGL,CE,Combined TRACON& Tower with Radar,4,15,69,12,100,0,1,19,0,20,4,16,88,12,120,39,0,39,159
05/07/2015,DLH,MN,AGL,CE,Combined TRACON& Tower with Radar,4,18,30,4,56,0,3,32,1,36,4,21,62,5,92,42,0,42,134
05/08/2015,DLH,MN,AGL,CE,Combined TRACON& Tower with Radar,6,17,34,6,63,0,4,22,0,26,6,21,56,6,89,34,0,34,123
05/09/2015,DLH,MN,AGL,CE,Combined TRACON& Tower with Radar,3,13,15,7,38,0,1,26,0,27,3,14,41,7,65,62,0,62,127
05/10/2015,DLH,MN,AGL,CE,Combined TRACON& Tower with Radar,7,12,17,0,36,0,0,6,0,6,7,12,23,0,42,14,0,14,56
05/11/2015,DLH,MN,AGL,CE,Combined TRACON& Tower with Radar,6,15,17,0,38,0,0,0,0,0,6,15,17,0,38,0,0,0,38
05/12/2015,DLH,MN,AGL,CE,Combined TRACON& Tower with Radar,4,13,40,13,70,0,2,37,1,40,4,15,77,14,110,39,0,39,149
05/13/2015,DLH,MN,AGL,CE,Combined TRACON& Tower with Radar,8,16,34,9,67,0,0,56,0,56,8,16,90,9,123,51,0,51,174
05/14/2015,DLH,MN,AGL,CE,Combined TRACON& Tower with Radar,4,21,46,12,83,0,10,52,0,62,4,31,98,12,145,94,0,94,239
05/15/2015,DLH,MN,AGL,CE,Combined TRACON& Tower with Radar,8,18,57,0,83,0,2,13,0,15,8,20,70,0,98,16,0,16,114
05/16/2015,DLH,MN,AGL,CE,Combined TRACON& Tower with Radar,1,15,30,15,61,0,2,13,1,16,1,17,43,16,77,88,6,94,171
05/17/2015,DLH,MN,AGL,CE,Combined TRACON& Tower with Radar,4,10,7,0,21,0,0,1,0,1,4,10,8,0,22,0,0,0,22
05/18/2015,DLH,MN,AGL,CE,Combined TRACON& Tower with Radar,12,19,23,0,54,0,0,0,0,0,12,19,23,0,54,24,0,24,78
05/19/2015,DLH,MN,AGL,CE,Combined TRACON& Tower with Radar,9,15,45,10,79,0,1,68,1,70,9,16,113,11,149,48,0,48,197
05/20/2015,DLH,MN,AGL,CE,Combined TRACON& Tower with Radar,4,18,45,20,87,0,2,97,1,100,4,20,142,21,187,83,9,92,279
05/21/2015,DLH,MN,AGL,CE,Combined TRACON& Tower with Radar,8,10,38,7,63,0,5,95,0,100,8,15,133,7,163,102,2,104,267
05/22/2015,DLH,MN,AGL,CE,Combined TRACON& Tower with Radar,6,13,37,0,56,0,2,95,0,97,6,15,132,0,153,60,0,60,213
05/23/2015,DLH,MN,AGL,CE,Combined TRACON& Tower with Radar,3,11,12,0,26,0,15,33,0,48,3,26,45,0,74,18,0,18,92
05/24/2015,DLH,MN,AGL,CE,Combined TRACON& Tower with Radar,2,11,12,0,25,0,7,22,0,29,2,18,34,0,54,46,0,46,100
05/25/2015,DLH,MN,AGL,CE,Combined TRACON& Tower with Radar,5,16,2,0,23,0,0,0,0,0,5,16,2,0,23,0,0,0,23
05/26/2015,DLH,MN,AGL,CE,Combined TRACON& Tower with Radar,4,15,57,28,104,0,0,28,1,29,4,15,85,29,133,34,40,74,207
05/27/2015,DLH,MN,AGL,CE,Combined TRACON& Tower with Radar,4,18,51,10,83,0,1,75,0,76,4,19,126,10,159,112,9,121,280
05/28/2015,DLH,MN,AGL,CE,Combined TRACON& Tower with Radar,4,17,51,15,87,0,1,42,0,43,4,18,93,15,130,40,0,40,170
05/29/2015,DLH,MN,AGL,CE,Combined TRACON& Tower with Radar,4,14,31,8,57,0,8,8,0,16,4,22,39,8,73,34,13,47,120
05/30/2015,DLH,MN,AGL,CE,Combined TRACON& Tower with Radar,1,14,12,30,57,0,2,25,2,29,1,16,37,32,86,32,50,82,168
05/31/2015,DLH,MN,AGL,CE,Combined TRACON& Tower with Radar,3,12,18,0,33,0,2,28,0,30,3,14,46,0,63,48,0,48,111
06/01/2015,DLH,MN,AGL,CE,Combined TRACON& Tower with Radar,4,14,22,11,51,0,3,56,1,60,4,17,78,12,111,72,0,72,183
06/02/2015,DLH,MN,AGL,CE,Combined TRACON& Tower with Radar,4,17,44,9,74,0,4,66,2,72,4,21,110,11,146,97,0,97,243
06/03/2015,DLH,MN,AGL,CE,Combined TRACON& Tower with Radar,3,21,50,9,83,0,1,38,0,39,3,22,88,9,122,93,0,93,215
06/04/2015,DLH,MN,AGL,CE,Combined TRACON& Tower with Radar,5,24,90,4,123,0,1,38,0,39,5,25,128,4,162,45,0,45,207
06/05/2015,DLH,MN,AGL,CE,Combined TRACON& Tower with Radar,5,15,25,0,45,0,8,74,0,82,5,23,99,0,127,5,0,5,132
06/06/2015,DLH,MN,AGL,CE,Combined TRACON& Tower with Radar,6,16,21,0,43,0,11,26,0,37,6,27,47,0,80,7,0,7,87
06/07/2015,DLH,MN,AGL,CE,Combined TRACON& Tower with Radar,5,13,4,0,22,0,0,14,0,14,5,13,18,0,36,32,0,32,68
06/08/2015,DLH,MN,AGL,CE,Combined TRACON& Tower with Radar,4,14,47,2,67,0,0,59,0,59,4,14,106,2,126,74,0,74,200
06/09/2015,DLH,MN,AGL,CE,Combined TRACON& Tower with Radar,4,21,47,12,84,0,16,96,0,112,4,37,143,12,196,63,6,69,265
06/10/2015,DLH,MN,AGL,CE,Combined TRACON& Tower with Radar,4,19,36,13,72,0,7,114,0,121,4,26,150,13,193,61,2,63,256
06/11/2015,DLH,MN,AGL,CE,Combined TRACON& Tower with Radar,6,27,53,22,108,0,0,81,4,85,6,27,134,26,193,68,37,105,298
06/12/2015,DLH,MN,AGL,CE,Combined TRACON& Tower with Radar,5,26,44,28,103,0,6,100,0,106,5,32,144,28,209,40,12,52,261
06/13/2015,DLH,MN,AGL,CE,Combined TRACON& Tower with Radar,2,15,34,38,89,0,8,64,23,95,2,23,98,61,184,23,95,118,302
06/14/2015,DLH,MN,AGL,CE,Combined TRACON& Tower with Radar,3,14,22,0,39,0,0,23,0,23,3,14,45,0,62,43,0,43,105
06/15/2015,DLH,MN,AGL,CE,Combined TRACON& Tower with Radar,2,23,45,6,76,0,2,71,0,73,2,25,116,6,149,59,14,73,222
06/16/2015,DLH,MN,AGL,CE,Combined TRACON& Tower with Radar,2,28,51,26,107,0,4,101,2,107,2,32,152,28,214,112,4,116,330
06/17/2015,DLH,MN,AGL,CE,Combined TRACON& Tower with Radar,6,29,60,12,107,0,1,70,0,71,6,30,130,12,178,89,0,89,267
06/18/2015,DLH,MN,AGL,CE,Combined TRACON& Tower with Radar,2,29,57,10,98,0,8,78,1,87,2,37,135,11,185,67,0,67,252
06/19/2015,DLH,MN,AGL,CE,Combined TRACON& Tower with Radar,3,34,44,4,85,0,0,77,0,77,3,34,121,4,162,46,6,52,214
06/20/2015,DLH,MN,AGL,CE,Combined TRACON& Tower with Radar,4,18,19,0,41,0,0,4,2,6,4,18,23,2,47,0,0,0,47
06/21/2015,DLH,MN,AGL,CE,Combined TRACON& Tower with Radar,1,23,22,1,47,0,0,43,1,44,1,23,65,2,91,6,0,6,97
06/22/2015,DLH,MN,AGL,CE,Combined TRACON& Tower with Radar,2,21,31,6,60,0,0,31,0,31,2,21,62,6,91,9,0,9,100
06/23/2015,DLH,MN,AGL,CE,Combined TRACON& Tower with Radar,4,19,43,8,74,0,6,112,3,121,4,25,155,11,195,84,22,106,301
06/24/2015,DLH,MN,AGL,CE,Combined TRACON& Tower with Radar,2,29,33,7,71,0,3,72,1,76,2,32,105,8,147,81,0,81,228
06/25/2015,DLH,MN,AGL,CE,Combined TRACON& Tower with Radar,6,21,46,6,79,0,3,84,0,87,6,24,130,6,166,55,27,82,248
06/26/2015,DLH,MN,AGL,CE,Combined TRACON& Tower with Radar,5,27,48,8,88,0,5,63,1,69,5,32,111,9,157,86,4,90,247
06/27/2015,DLH,MN,AGL,CE,Combined TRACON& Tower with Radar,2,18,18,0,38,0,10,34,0,44,2,28,52,0,82,22,0,22,104
06/28/2015,DLH,MN,AGL,CE,Combined TRACON& Tower with Radar,3,23,16,0,42,0,8,16,2,26,3,31,32,2,68,7,0,7,75
06/29/2015,DLH,MN,AGL,CE,Combined TRACON& Tower with Radar,5,21,31,11,68,0,6,47,3,56,5,27,78,14,124,22,10,32,156
06/30/2015,DLH,MN,AGL,CE,Combined TRACON& Tower with Radar,6,23,66,16,111,1,2,48,1,52,7,25,114,17,163,29,12,41,204
07/01/2015,DLH,MN,AGL,CE,Combined TRACON& Tower with Radar,5,23,45,16,89,0,0,76,7,83,5,23,121,23,172,101,21,122,294
07/02/2015,DLH,MN,AGL,CE,Combined TRACON& Tower with Radar,6,20,28,9,63,0,6,65,0,71,6,26,93,9,134,56,6,62,196
07/03/2015,DLH,MN,AGL,CE,Combined TRACON& Tower with Radar,6,8,10,6,30,0,7,20,0,27,6,15,30,6,57,48,0,48,105
07/04/2015,DLH,MN,AGL,CE,Combined TRACON& Tower with Radar,3,9,8,0,20,0,24,10,0,34,3,33,18,0,54,0,0,0,54
07/05/2015,DLH,MN,AGL,CE,Combined TRACON& Tower with Radar,5,13,8,0,26,0,4,12,0,16,5,17,20,0,42,10,0,10,52
07/06/2015,DLH,MN,AGL,CE,Combined TRACON& Tower with Radar,6,14,44,0,64,0,0,5,0,5,6,14,49,0,69,24,0,24,93
07/07/2015,DLH,MN,AGL,CE,Combined TRACON& Tower with Radar,6,28,45,15,94,0,1,63,2,66,6,29,108,17,160,82,4,86,246
07/08/2015,DLH,MN,AGL,CE,Combined TRACON& Tower with Radar,6,22,33,11,72,0,4,60,1,65,6,26,93,12,137,49,0,49,186
07/09/2015,DLH,MN,AGL,CE,Combined TRACON& Tower with Radar,8,18,36,20,82,0,6,69,7,82,8,24,105,27,164,38,89,127,291
07/10/2015,DLH,MN,AGL,CE,Combined TRACON& Tower with Radar,6,23,33,12,74,0,7,65,0,72,6,30,98,12,146,65,0,65,211
07/11/2015,DLH,MN,AGL,CE,Combined TRACON& Tower with Radar,3,19,10,0,32,0,4,29,2,35,3,23,39,2,67,34,0,34,101
07/12/2015,DLH,MN,AGL,CE,Combined TRACON& Tower with Radar,7,13,14,0,34,0,2,5,0,7,7,15,19,0,41,0,0,0,41
07/13/2015,DLH,MN,AGL,CE,Combined TRACON& Tower with Radar,5,16,27,12,60,0,0,57,0,57,5,16,84,12,117,81,2,83,200
07/14/2015,DLH,MN,AGL,CE,Combined TRACON& Tower with Radar,9,25,47,11,92,0,5,51,0,56,9,30,98,11,148,45,6,51,199
07/15/2015,DLH,MN,AGL,CE,Combined TRACON& Tower with Radar,6,26,53,8,93,0,7,83,0,90,6,33,136,8,183,80,4,84,267
07/16/2015,DLH,MN,AGL,CE,Combined TRACON& Tower with Radar,8,26,64,12,110,0,0,23,0,23,8,26,87,12,133,22,6,28,161
07/17/2015,DLH,MN,AGL,CE,Combined TRACON& Tower with Radar,5,30,35,6,76,0,1,46,1,48,5,31,81,7,124,12,0,12,136
07/18/2015,DLH,MN,AGL,CE,Combined TRACON& Tower with Radar,4,21,15,0,40,0,0,29,2,31,4,21,44,2,71,39,0,39,110
07/19/2015,DLH,MN,AGL,CE,Combined TRACON& Tower with Radar,5,12,21,0,38,0,2,39,0,41,5,14,60,0,79,24,0,24,103
07/20/2015,DLH,MN,AGL,CE,Combined TRACON& Tower with Radar,6,16,31,8,61,0,3,64,0,67,6,19,95,8,128,48,4,52,180
07/21/2015,DLH,MN,AGL,CE,Combined TRACON& Tower with Radar,8,18,48,20,94,0,7,67,0,74,8,25,115,20,168,14,14,28,196
07/22/2015,DLH,MN,AGL,CE,Combined TRACON& Tower with Radar,6,20,56,12,94,0,8,85,2,95,6,28,141,14,189,48,4,52,241
07/23/2015,DLH,MN,AGL,CE,Combined TRACON& Tower with Radar,6,20,57,22,105,0,5,81,0,86,6,25,138,22,191,27,19,46,237
07/24/2015,DLH,MN,AGL,CE,Combined TRACON& Tower with Radar,8,20,35,0,63,0,4,40,0,44,8,24,75,0,107,18,0,18,125
07/25/2015,DLH,MN,AGL,CE,Combined TRACON& Tower with Radar,3,13,16,2,34,0,4,48,2,54,3,17,64,4,88,16,0,16,104
07/26/2015,DLH,MN,AGL,CE,Combined TRACON& Tower with Radar,5,17,27,0,49,0,1,37,0,38,5,18,64,0,87,6,0,6,93
07/27/2015,DLH,MN,AGL,CE,Combined TRACON& Tower with Radar,6,19,67,26,118,0,0,71,3,74,6,19,138,29,192,92,36,128,320
07/28/2015,DLH,MN,AGL,CE,Combined TRACON& Tower with Radar,8,20,51,5,84,0,3,34,0,37,8,23,85,5,121,40,0,40,161
07/29/2015,DLH,MN,AGL,CE,Combined TRACON& Tower with Radar,7,18,36,5,66,0,1,37,4,42,7,19,73,9,108,46,0,46,154
07/30/2015,DLH,MN,AGL,CE,Combined TRACON& Tower with Radar,7,20,44,30,101,0,12,93,0,105,7,32,137,30,206,82,20,102,308
07/31/2015,DLH,MN,AGL,CE,Combined TRACON& Tower with Radar,6,26,31,6,69,0,2,51,0,53,6,28,82,6,122,16,0,16,138
08/01/2015,DLH,MN,AGL,CE,Combined TRACON& Tower with Radar,3,21,18,9,51,0,2,57,0,59,3,23,75,9,110,14,0,14,124
08/02/2015,DLH,MN,AGL,CE,Combined TRACON& Tower with Radar,5,16,6,0,27,0,3,16,0,19,5,19,22,0,46,0,0,0,46
08/03/2015,DLH,MN,AGL,CE,Combined TRACON& Tower with Radar,6,16,40,18,80,0,3,50,4,57,6,19,90,22,137,54,26,80,217
08/04/2015,DLH,MN,AGL,CE,Combined TRACON& Tower with Radar,8,23,60,5,96,0,4,79,5,88,8,27,139,10,184,94,10,104,288
08/05/2015,DLH,MN,AGL,CE,Combined TRACON& Tower with Radar,6,23,60,13,102,0,6,108,2,116,6,29,168,15,218,77,29,106,324
08/06/2015,DLH,MN,AGL,CE,Combined TRACON& Tower with Radar,6,20,62,3,91,0,0,57,0,57,6,20,119,3,148,59,0,59,207
08/07/2015,DLH,MN,AGL,CE,Combined TRACON& Tower with Radar,4,27,40,0,71,0,0,1,0,1,4,27,41,0,72,0,0,0,72
08/08/2015,DLH,MN,AGL,CE,Combined TRACON& Tower with Radar,3,26,20,0,49,0,0,7,0,7,3,26,27,0,56,0,0,0,56
08/09/2015,DLH,MN,AGL,CE,Combined TRACON& Tower with Radar,5,15,26,1,47,0,2,20,0,22,5,17,46,1,69,16,0,16,85
08/10/2015,DLH,MN,AGL,CE,Combined TRACON& Tower with Radar,6,21,55,2,84,0,14,98,1,113,6,35,153,3,197,70,1,71,268
08/11/2015,DLH,MN,AGL,CE,Combined TRACON& Tower with Radar,6,26,56,15,103,0,11,93,2,106,6,37,149,17,209,83,14,97,306
08/12/2015,DLH,MN,AGL,CE,Combined TRACON& Tower with Radar,6,21,83,4,114,0,2,86,0,88,6,23,169,4,202,36,0,36,238
08/13/2015,DLH,MN,AGL,CE,Combined TRACON& Tower with Radar,6,29,47,8,90,0,0,92,0,92,6,29,139,8,182,125,2,127,309
08/14/2015,DLH,MN,AGL,CE,Combined TRACON& Tower with Radar,6,20,61,0,87,0,5,64,0,69,6,25,125,0,156,108,0,108,264
08/15/2015,DLH,MN,AGL,CE,Combined TRACON& Tower with Radar,3,17,30,0,50,0,12,53,0,65,3,29,83,0,115,26,0,26,141
08/16/2015,DLH,MN,AGL,CE,Combined TRACON& Tower with Radar,5,13,74,0,92,0,7,27,2,36,5,20,101,2,128,10,0,10,138
08/17/2015,DLH,MN,AGL,CE,Combined TRACON& Tower with Radar,6,17,42,3,68,0,3,77,0,80,6,20,119,3,148,129,0,129,277
08/18/2015,DLH,MN,AGL,CE,Combined TRACON& Tower with Radar,4,18,50,3,75,0,3,65,0,68,4,21,115,3,143,63,0,63,206
08/19/2015,DLH,MN,AGL,CE,Combined TRACON& Tower with Radar,4,25,44,6,79,0,0,0,0,0,4,25,44,6,79,0,0,0,79
08/20/2015,DLH,MN,AGL,CE,Combined TRACON& Tower with Radar,4,21,66,4,95,0,1,49,0,50,4,22,115,4,145,66,0,66,211
08/21/2015,DLH,MN,AGL,CE,Combined TRACON& Tower with Radar,8,18,47,2,75,0,4,98,0,102,8,22,145,2,177,68,0,68,245
08/22/2015,DLH,MN,AGL,CE,Combined TRACON& Tower with Radar,6,14,20,2,42,0,17,29,1,47,6,31,49,3,89,22,0,22,111
08/23/2015,DLH,MN,AGL,CE,Combined TRACON& Tower with Radar,3,21,13,28,65,0,1,3,0,4,3,22,16,28,69,2,12,14,83
08/24/2015,DLH,MN,AGL,CE,Combined TRACON& Tower with Radar,6,20,59,4,89,0,1,34,1,36,6,21,93,5,125,22,6,28,153
08/25/2015,DLH,MN,AGL,CE,Combined TRACON& Tower with Radar,7,21,59,4,91,0,8,50,2,60,7,29,109,6,151,74,0,74,225
08/26/2015,DLH,MN,AGL,CE,Combined TRACON& Tower with Radar,4,20,40,13,77,0,3,85,1,89,4,23,125,14,166,88,6,94,260
08/27/2015,DLH,MN,AGL,CE,Combined TRACON& Tower with Radar,6,23,43,24,96,0,2,72,2,76,6,25,115,26,172,84,32,116,288
08/28/2015,DLH,MN,AGL,CE,Combined TRACON& Tower with Radar,6,18,40,17,81,0,10,27,0,37,6,28,67,17,118,34,2,36,154
08/29/2015,DLH,MN,AGL,CE,Combined TRACON& Tower with Radar,5,14,25,2,46,0,5,26,0,31,5,19,51,2,77,57,0,57,134
08/30/2015,DLH,MN,AGL,CE,Combined TRACON& Tower with Radar,2,20,15,0,37,0,7,29,0,36,2,27,44,0,73,18,21,39,112
08/31/2015,DLH,MN,AGL,CE,Combined TRACON& Tower with Radar,5,20,37,13,75,0,12,65,0,77,5,32,102,13,152,45,2,47,199
09/01/2015,DLH,MN,AGL,CE,Combined TRACON& Tower with Radar,2,29,34,22,87,0,10,50,0,60,2,39,84,22,147,18,28,46,193
09/02/2015,DLH,MN,AGL,CE,Combined TRACON& Tower with Radar,2,24,45,16,87,0,5,35,0,40,2,29,80,16,127,28,6,34,161
09/03/2015,DLH,MN,AGL,CE,Combined TRACON& Tower with Radar,2,20,36,0,58,0,0,39,0,39,2,20,75,0,97,20,0,20,117
09/04/2015,DLH,MN,AGL,CE,Combined TRACON& Tower with Radar,4,20,38,2,64,0,5,64,1,70,4,25,102,3,134,47,0,47,181
09/05/2015,DLH,MN,AGL,CE,Combined TRACON& Tower with Radar,1,11,18,0,30,0,0,15,0,15,1,11,33,0,45,21,0,21,66
09/06/2015,DLH,MN,AGL,CE,Combined TRACON& Tower with Radar,3,11,15,1,30,0,2,3,0,5,3,13,18,1,35,19,0,19,54
09/07/2015,DLH,MN,AGL,CE,Combined TRACON& Tower with Radar,2,14,17,0,33,0,7,32,0,39,2,21,49,0,72,51,0,51,123
09/08/2015,DLH,MN,AGL,CE,Combined TRACON& Tower with Radar,1,19,44,32,96,0,3,66,14,83,1,22,110,46,179,48,30,78,257
09/09/2015,DLH,MN,AGL,CE,Combined TRACON& Tower with Radar,1,17,43,55,116,0,2,65,3,70,1,19,108,58,186,92,66,158,344
09/10/2015,DLH,MN,AGL,CE,Combined TRACON& Tower with Radar,2,24,49,30,105,0,6,103,4,113,2,30,152,34,218,73,38,111,329
09/11/2015,DLH,MN,AGL,CE,Combined TRACON& Tower with Radar,2,22,63,10,97,0,7,72,1,80,2,29,135,11,177,129,0,129,306
09/12/2015,DLH,MN,AGL,CE,Combined TRACON& Tower with Radar,1,13,27,5,46,0,14,59,2,75,1,27,86,7,121,79,5,84,205
09/13/2015,DLH,MN,AGL,CE,Combined TRACON& Tower with Radar,1,14,39,0,54,0,8,51,0,59,1,22,90,0,113,40,0,40,153
09/14/2015,DLH,MN,AGL,CE,Combined TRACON& Tower with Radar,2,18,35,12,67,0,3,69,1,73,2,21,104,13,140,68,3,71,211
09/15/2015,DLH,MN,AGL,CE,Combined TRACON& Tower with Radar,2,17,43,12,74,0,23,49,0,72,2,40,92,12,146,58,4,62,208
09/16/2015,DLH,MN,AGL,CE,Combined TRACON& Tower with Radar,2,27,39,22,90,0,7,70,1,78,2,34,109,23,168,103,16,119,287
09/17/2015,DLH,MN,AGL,CE,Combined TRACON& Tower with Radar,0,18,37,7,62,0,0,1,0,1,0,18,38,7,63,4,0,4,67
09/18/2015,DLH,MN,AGL,CE,Combined TRACON& Tower with Radar,3,25,50,19,97,0,14,55,12,81,3,39,105,31,178,76,0,76,254
09/19/2015,DLH,MN,AGL,CE,Combined TRACON& Tower with Radar,2,18,26,3,49,0,6,78,0,84,2,24,104,3,133,42,10,52,185
09/20/2015,DLH,MN,AGL,CE,Combined TRACON& Tower with Radar,5,12,26,1,44,0,4,47,0,51,5,16,73,1,95,52,0,52,147
09/21/2015,DLH,MN,AGL,CE,Combined TRACON& Tower with Radar,2,17,33,6,58,0,9,63,1,73,2,26,96,7,131,76,0,76,207
09/22/2015,DLH,MN,AGL,CE,Combined TRACON& Tower with Radar,3,27,41,13,84,0,1,102,7,110,3,28,143,20,194,99,26,125,319
09/23/2015,DLH,MN,AGL,CE,Combined TRACON& Tower with Radar,4,20,23,0,47,0,0,7,0,7,4,20,30,0,54,2,0,2,56
09/24/2015,DLH,MN,AGL,CE,Combined TRACON& Tower with Radar,4,18,21,0,43,0,0,0,0,0,4,18,21,0,43,0,0,0,43
09/25/2015,DLH,MN,AGL,CE,Combined TRACON& Tower with Radar,2,21,12,0,35,0,0,0,0,0,2,21,12,0,35,0,0,0,35
09/26/2015,DLH,MN,AGL,CE,Combined TRACON& Tower with Radar,1,13,15,0,29,0,0,5,0,5,1,13,20,0,34,0,0,0,34
09/27/2015,DLH,MN,AGL,CE,Combined TRACON& Tower with Radar,1,19,21,0,41,0,6,40,0,46,1,25,61,0,87,22,0,22,109
09/28/2015,DLH,MN,AGL,CE,Combined TRACON& Tower with Radar,2,24,38,4,68,0,0,108,0,108,2,24,146,4,176,98,2,100,276
09/29/2015,DLH,MN,AGL,CE,Combined TRACON& Tower with Radar,3,24,48,8,83,0,6,86,0,92,3,30,134,8,175,90,0,90,265
09/30/2015,DLH,MN,AGL,CE,Combined TRACON& Tower with Radar,5,21,55,10,91,0,6,91,0,97,5,27,146,10,188,137,0,137,325
10/01/2015,DLH,MN,AGL,CE,Combined TRACON& Tower with Radar,4,21,43,20,88,0,15,107,0,122,4,36,150,20,210,113,20,133,343
10/02/2015,DLH,MN,AGL,CE,Combined TRACON& Tower with Radar,4,23,43,8,78,0,7,77,0,84,4,30,120,8,162,131,4,135,297
10/03/2015,DLH,MN,AGL,CE,Combined TRACON& Tower with Radar,1,15,41,10,67,0,16,71,1,88,1,31,112,11,155,26,14,40,195
10/04/2015,DLH,MN,AGL,CE,Combined TRACON& Tower with Radar,3,15,26,0,44,0,4,61,0,65,3,19,87,0,109,56,0,56,165
10/05/2015,DLH,MN,AGL,CE,Combined TRACON& Tower with Radar,4,18,58,24,104,0,2,88,1,91,4,20,146,25,195,144,16,160,355
10/06/2015,DLH,MN,AGL,CE,Combined TRACON& Tower with Radar,4,22,31,8,65,0,1,84,3,88,4,23,115,11,153,109,0,109,262
10/07/2015,DLH,MN,AGL,CE,Combined TRACON& Tower with Radar,5,21,44,19,89,0,3,91,1,95,5,24,135,20,184,202,9,211,395
10/08/2015,DLH,MN,AGL,CE,Combined TRACON& Tower with Radar,5,24,56,10,95,0,0,3,0,3,5,24,59,10,98,44,0,44,142
10/09/2015,DLH,MN,AGL,CE,Combined TRACON& Tower with Radar,4,22,36,0,62,0,6,59,0,65,4,28,95,0,127,86,0,86,213
10/10/2015,DLH,MN,AGL,CE,Combined TRACON& Tower with Radar,1,13,15,0,29,0,18,58,1,77,1,31,73,1,106,55,0,55,161
10/11/2015,DLH,MN,AGL,CE,Combined TRACON& Tower with Radar,3,16,25,0,44,0,8,79,0,87,3,24,104,0,131,67,0,67,198
10/12/2015,DLH,MN,AGL,CE,Combined TRACON& Tower with Radar,6,19,49,0,74,0,3,14,0,17,6,22,63,0,91,30,0,30,121
10/13/2015,DLH,MN,AGL,CE,Combined TRACON& Tower with Radar,4,23,42,16,85,0,1,52,0,53,4,24,94,16,138,66,6,72,210
10/14/2015,DLH,MN,AGL,CE,Combined TRACON& Tower with Radar,4,33,25,12,74,0,3,83,1,87,4,36,108,13,161,100,12,112,273
10/15/2015,DLH,MN,AGL,CE,Combined TRACON& Tower with Radar,3,21,24,18,66,0,13,49,5,67,3,34,73,23,133,14,8,22,155
10/16/2015,DLH,MN,AGL,CE,Combined TRACON& Tower with Radar,6,20,33,21,80,0,4,64,1,69,6,24,97,22,149,46,26,72,221
10/17/2015,DLH,MN,AGL,CE,Combined TRACON& Tower with Radar,2,15,16,0,33,0,27,86,0,113,2,42,102,0,146,75,0,75,221
10/18/2015,DLH,MN,AGL,CE,Combined TRACON& Tower with Radar,3,15,32,0,50,0,10,40,0,50,3,25,72,0,100,48,0,48,148
10/19/2015,DLH,MN,AGL,CE,Combined TRACON& Tower with Radar,6,16,42,10,74,0,2,90,0,92,6,18,132,10,166,154,0,154,320
10/20/2015,DLH,MN,AGL,CE,Combined TRACON& Tower with Radar,4,23,36,20,83,0,2,55,1,58,4,25,91,21,141,61,6,67,208
10/21/2015,DLH,MN,AGL,CE,Combined TRACON& Tower with Radar,4,28,47,9,88,0,12,17,0,29,4,40,64,9,117,54,0,54,171
10/22/2015,DLH,MN,AGL,CE,Combined TRACON& Tower with Radar,4,23,47,13,87,0,3,114,4,121,4,26,161,17,208,161,20,181,389
10/23/2015,DLH,MN,AGL,CE,Combined TRACON& Tower with Radar,10,16,25,0,51,0,0,1,0,1,10,16,26,0,52,10,0,10,62
10/24/2015,DLH,MN,AGL,CE,Combined TRACON& Tower with Radar,1,17,28,7,53,0,3,26,0,29,1,20,54,7,82,32,2,34,116
10/25/2015,DLH,MN,AGL,CE,Combined TRACON& Tower with Radar,5,17,22,0,44,0,0,49,0,49,5,17,71,0,93,70,0,70,163
10/26/2015,DLH,MN,AGL,CE,Combined TRACON& Tower with Radar,4,17,49,10,80,0,3,12,0,15,4,20,61,10,95,72,0,72,167
10/27/2015,DLH,MN,AGL,CE,Combined TRACON& Tower with Radar,4,12,57,18,91,0,4,30,1,35,4,16,87,19,126,73,12,85,211
10/28/2015,DLH,MN,AGL,CE,Combined TRACON& Tower with Radar,4,14,34,7,59,0,1,5,0,6,4,15,39,7,65,16,0,16,81
10/29/2015,DLH,MN,AGL,CE,Combined TRACON& Tower with Radar,4,18,48,8,78,0,0,16,0,16,4,18,64,8,94,65,0,65,159
10/30/2015,DLH,MN,AGL,CE,Combined TRACON& Tower with Radar,7,18,48,9,82,0,0,25,0,25,7,18,73,9,107,128,0,128,235
10/31/2015,DLH,MN,AGL,CE,Combined TRACON& Tower with Radar,5,14,8,0,27,0,0,0,0,0,5,14,8,0,27,0,0,0,27
11/01/2015,DLH,MN,AGL,CE,Combined TRACON& Tower with Radar,2,18,15,0,35,0,1,41,0,42,2,19,56,0,77,58,0,58,135
11/02/2015,DLH,MN,AGL,CE,Combined TRACON& Tower with Radar,2,19,37,13,71,0,3,80,1,84,2,22,117,14,155,132,0,132,287
11/03/2015,DLH,MN,AGL,CE,Combined TRACON& Tower with Radar,3,15,42,10,70,0,4,41,0,45,3,19,83,10,115,60,0,60,175
11/04/2015,DLH,MN,AGL,CE,Combined TRACON& Tower with Radar,3,11,9,0,23,0,0,0,0,0,3,11,9,0,23,0,0,0,23
11/05/2015,DLH,MN,AGL,CE,Combined TRACON& Tower with Radar,2,23,42,8,75,0,0,9,0,9,2,23,51,8,84,0,0,0,84
11/06/2015,DLH,MN,AGL,CE,Combined TRACON& Tower with Radar,4,20,65,8,97,0,6,61,0,67,4,26,126,8,164,94,0,94,258
11/07/2015,DLH,MN,AGL,CE,Combined TRACON& Tower with Radar,2,13,10,7,32,0,4,29,4,37,2,17,39,11,69,33,6,39,108
11/08/2015,DLH,MN,AGL,CE,Combined TRACON& Tower with Radar,2,13,18,2,35,0,2,69,1,72,2,15,87,3,107,106,0,106,213
11/09/2015,DLH,MN,AGL,CE,Combined TRACON& Tower with Radar,2,19,33,0,54,0,8,67,0,75,2,27,100,0,129,131,0,131,260
11/10/2015,DLH,MN,AGL,CE,Combined TRACON& Tower with Radar,2,21,50,22,95,0,2,73,0,75,2,23,123,22,170,79,35,114,284
11/11/2015,DLH,MN,AGL,CE,Combined TRACON& Tower with Radar,2,19,44,0,65,0,1,40,0,41,2,20,84,0,106,101,0,101,207
11/12/2015,DLH,MN,AGL,CE,Combined TRACON& Tower with Radar,2,18,18,9,47,0,0,2,0,2,2,18,20,9,49,1,0,1,50
11/13/2015,DLH,MN,AGL,CE,Combined TRACON& Tower with Radar,2,23,44,5,74,0,1,46,0,47,2,24,90,5,121,54,0,54,175
11/14/2015,DLH,MN,AGL,CE,Combined TRACON& Tower with Radar,2,11,25,8,46,0,3,39,0,42,2,14,64,8,88,32,2,34,122
11/15/2015,DLH,MN,AGL,CE,Combined TRACON& Tower with Radar,2,14,20,0,36,0,0,40,0,40,2,14,60,0,76,110,0,110,186
11/16/2015,DLH,MN,AGL,CE,Combined TRACON& Tower with Radar,4,18,27,0,49,0,0,5,0,5,4,18,32,0,54,20,0,20,74
11/17/2015,DLH,MN,AGL,CE,Combined TRACON& Tower with Radar,2,21,6,0,29,0,0,0,0,0,2,21,6,0,29,0,0,0,29
11/18/2015,DLH,MN,AGL,CE,Combined TRACON& Tower with Radar,2,25,55,2,84,0,0,29,0,29,2,25,84,2,113,14,0,14,127
11/19/2015,DLH,MN,AGL,CE,Combined TRACON& Tower with Radar,2,24,51,4,81,0,0,12,0,12,2,24,63,4,93,0,0,0,93
11/20/2015,DLH,MN,AGL,CE,Combined TRACON& Tower with Radar,4,16,38,3,61,0,2,86,0,88,4,18,124,3,149,124,8,132,281
11/21/2015,DLH,MN,AGL,CE,Combined TRACON& Tower with Radar,3,12,16,0,31,0,5,31,0,36,3,17,47,0,67,118,0,118,185
11/22/2015,DLH,MN,AGL,CE,Combined TRACON& Tower with Radar,2,10,7,0,19,0,0,30,0,30,2,10,37,0,49,141,0,141,190
11/23/2015,DLH,MN,AGL,CE,Combined TRACON& Tower with Radar,4,12,27,24,67,0,3,47,1,51,4,15,74,25,118,93,14,107,225
11/24/2015,DLH,MN,AGL,CE,Combined TRACON& Tower with Radar,2,19,31,27,79,0,1,94,3,98,2,20,125,30,177,112,26,138,315
11/25/2015,DLH,MN,AGL,CE,Combined TRACON& Tower with Radar,3,23,22,11,59,0,0,25,0,25,3,23,47,11,84,99,0,99,183
11/26/2015,DLH,MN,AGL,CE,Combined TRACON& Tower with Radar,5,10,2,0,17,0,4,2,0,6,5,14,4,0,23,22,0,22,45
11/27/2015,DLH,MN,AGL,CE,Combined TRACON& Tower with Radar,1,14,2,0,17,0,3,11,0,14,1,17,13,0,31,0,0,0,31
11/28/2015,DLH,MN,AGL,CE,Combined TRACON& Tower with Radar,2,22,2,0,26,0,3,30,0,33,2,25,32,0,59,44,0,44,103
11/29/2015,DLH,MN,AGL,CE,Combined TRACON& Tower with Radar,2,19,16,2,39,0,2,39,0,41,2,21,55,2,80,29,0,29,109
11/30/2015,DLH,MN,AGL,CE,Combined TRACON& Tower with Radar,2,22,27,8,59,0,0,54,2,56,2,22,81,10,115,119,2,121,236
12/01/2015,DLH,MN,AGL,CE,Combined TRACON& Tower with Radar,3,12,5,0,20,0,0,0,0,0,3,12,5,0,20,0,0,0,20
12/02/2015,DLH,MN,AGL,CE,Combined TRACON& Tower with Radar,2,19,52,10,83,0,0,12,0,12,2,19,64,10,95,4,0,4,99
12/03/2015,DLH,MN,AGL,CE,Combined TRACON& Tower with Radar,3,19,34,2,58,0,0,37,0,37,3,19,71,2,95,105,0,105,200
12/04/2015,DLH,MN,AGL,CE,Combined TRACON& Tower with Radar,3,15,20,25,63,0,0,65,2,67,3,15,85,27,130,124,22,146,276
12/05/2015,DLH,MN,AGL,CE,Combined TRACON& Tower with Radar,2,11,7,10,30,0,0,24,0,24,2,11,31,10,54,98,2,100,154
12/06/2015,DLH,MN,AGL,CE,Combined TRACON& Tower with Radar,2,9,18,0,29,0,5,5,0,10,2,14,23,0,39,38,0,38,77
12/07/2015,DLH,MN,AGL,CE,Combined TRACON& Tower with Radar,2,14,24,0,40,0,0,21,0,21,2,14,45,0,61,26,0,26,87
12/08/2015,DLH,MN,AGL,CE,Combined TRACON& Tower with Radar,2,17,28,12,59,0,0,33,1,34,2,17,61,13,93,147,0,147,240
12/09/2015,DLH,MN,AGL,CE,Combined TRACON& Tower with Radar,2,17,37,13,69,0,6,73,0,79,2,23,110,13,148,84,0,84,232
12/10/2015,DLH,MN,AGL,CE,Combined TRACON& Tower with Radar,2,21,18,2,43,0,0,2,0,2,2,21,20,2,45,16,0,16,61
12/11/2015,DLH,MN,AGL,CE,Combined TRACON& Tower with Radar,2,18,45,11,76,0,0,6,0,6,2,18,51,11,82,40,0,40,122
12/12/2015,DLH,MN,AGL,CE,Combined TRACON& Tower with Radar,2,11,11,0,24,0,0,0,0,0,2,11,11,0,24,0,0,0,24
12/13/2015,DLH,MN,AGL,CE,Combined TRACON& Tower with Radar,2,13,8,0,23,0,0,0,0,0,2,13,8,0,23,0,0,0,23
12/14/2015,DLH,MN,AGL,CE,Combined TRACON& Tower with Radar,4,16,8,5,33,0,0,0,0,0,4,16,8,5,33,0,0,0,33
12/15/2015,DLH,MN,AGL,CE,Combined TRACON& Tower with Radar,2,16,36,0,54,0,0,0,0,0,2,16,36,0,54,0,0,0,54
12/16/2015,DLH,MN,AGL,CE,Combined TRACON& Tower with Radar,2,20,9,0,31,0,0,0,0,0,2,20,9,0,31,0,0,0,31
12/17/2015,DLH,MN,AGL,CE,Combined TRACON& Tower with Radar,3,17,61,6,87,0,0,20,0,20,3,17,81,6,107,45,0,45,152
12/18/2015,DLH,MN,AGL,CE,Combined TRACON& Tower with Radar,3,23,38,0,64,0,2,21,0,23,3,25,59,0,87,23,0,23,110
12/19/2015,DLH,MN,AGL,CE,Combined TRACON& Tower with Radar,1,17,19,0,37,0,2,59,0,61,1,19,78,0,98,137,0,137,235
12/20/2015,DLH,MN,AGL,CE,Combined TRACON& Tower with Radar,1,15,6,0,22,0,0,1,0,1,1,15,7,0,23,0,0,0,23
12/21/2015,DLH,MN,AGL,CE,Combined TRACON& Tower with Radar,3,14,36,16,69,0,0,0,0,0,3,14,36,16,69,4,0,4,73
12/22/2015,DLH,MN,AGL,CE,Combined TRACON& Tower with Radar,3,23,24,0,50,0,0,0,0,0,3,23,24,0,50,0,0,0,50
12/23/2015,DLH,MN,AGL,CE,Combined TRACON& Tower with Radar,2,24,6,0,32,0,0,0,0,0,2,24,6,0,32,0,0,0,32
12/24/2015,DLH,MN,AGL,CE,Combined TRACON& Tower with Radar,2,20,6,0,28,0,0,6,0,6,2,20,12,0,34,26,0,26,60
12/25/2015,DLH,MN,AGL,CE,Combined TRACON& Tower with Radar,2,8,4,0,14,0,4,0,0,4,2,12,4,0,18,0,0,0,18
12/26/2015,DLH,MN,AGL,CE,Combined TRACON& Tower with Radar,2,20,1,0,23,0,0,0,0,0,2,20,1,0,23,0,0,0,23
12/27/2015,DLH,MN,AGL,CE,Combined TRACON& Tower with Radar,2,20,21,0,43,0,1,46,0,47,2,21,67,0,90,30,0,30,120
12/28/2015,DLH,MN,AGL,CE,Combined TRACON& Tower with Radar,2,10,22,10,44,0,0,28,0,28,2,10,50,10,72,102,0,102,174
12/29/2015,DLH,MN,AGL,CE,Combined TRACON& Tower with Radar,3,18,21,15,57,0,0,2,0,2,3,18,23,15,59,2,0,2,61
12/30/2015,DLH,MN,AGL,CE,Combined TRACON& Tower with Radar,2,22,35,28,87,0,0,15,0,15,2,22,50,28,102,34,8,42,144
12/31/2015,DLH,MN,AGL,CE,Combined TRACON& Tower with Radar,1,14,23,0,38,0,4,10,0,14,1,18,33,0,52,32,0,32,84
01/01/2016,DLH,MN,AGL,CE,Combined TRACON& Tower with Radar,1,11,2,0,14,0,7,8,0,15,1,18,10,0,29,10,0,10,39
01/02/2016,DLH,MN,AGL,CE,Combined TRACON& Tower with Radar,2,17,11,0,30,0,1,29,0,30,2,18,40,0,60,66,0,66,126
01/03/2016,DLH,MN,AGL,CE,Combined TRACON& Tower with Radar,2,15,9,0,26,0,5,18,0,23,2,20,27,0,49,50,0,50,99
01/04/2016,DLH,MN,AGL,CE,Combined TRACON& Tower with Radar,4,16,27,10,57,0,0,68,0,68,4,16,95,10,125,48,0,48,173
01/05/2016,DLH,MN,AGL,CE,Combined TRACON& Tower with Radar,3,17,32,14,66,0,1,47,0,48,3,18,79,14,114,66,2,68,182
01/06/2016,DLH,MN,AGL,CE,Combined TRACON& Tower with Radar,2,24,14,0,40,0,0,0,0,0,2,24,14,0,40,0,0,0,40
01/07/2016,DLH,MN,AGL,CE,Combined TRACON& Tower with Radar,4,18,4,0,26,0,0,0,0,0,4,18,4,0,26,0,0,0,26
01/08/2016,DLH,MN,AGL,CE,Combined TRACON& Tower with Radar,4,22,16,0,42,0,0,0,0,0,4,22,16,0,42,0,0,0,42
01/09/2016,DLH,MN,AGL,CE,Combined TRACON& Tower with Radar,1,13,5,0,19,0,0,0,0,0,1,13,5,0,19,0,0,0,19
01/10/2016,DLH,MN,AGL,CE,Combined TRACON& Tower with Radar,5,15,8,2,30,0,3,17,0,20,5,18,25,2,50,20,4,24,74
01/11/2016,DLH,MN,AGL,CE,Combined TRACON& Tower with Radar,4,15,22,2,43,0,0,55,0,55,4,15,77,2,98,58,4,62,160
01/12/2016,DLH,MN,AGL,CE,Combined TRACON& Tower with Radar,1,19,23,9,52,0,6,42,0,48,1,25,65,9,100,30,10,40,140
01/13/2016,DLH,MN,AGL,CE,Combined TRACON& Tower with Radar,3,22,32,16,73,0,0,8,0,8,3,22,40,16,81,57,16,73,154
01/14/2016,DLH,MN,AGL,CE,Combined TRACON& Tower with Radar,2,20,22,0,44,0,0,0,0,0,2,20,22,0,44,0,0,0,44
01/15/2016,DLH,MN,AGL,CE,Combined TRACON& Tower with Radar,2,20,36,0,58,0,0,4,0,4,2,20,40,0,62,14,0,14,76
01/16/2016,DLH,MN,AGL,CE,Combined TRACON& Tower with Radar,2,13,8,0,23,0,4,13,0,17,2,17,21,0,40,8,0,8,48
01/17/2016,DLH,MN,AGL,CE,Combined TRACON& Tower with Radar,4,9,3,0,16,0,3,14,0,17,4,12,17,0,33,33,0,33,66
01/18/2016,DLH,MN,AGL,CE,Combined TRACON& Tower with Radar,2,17,14,0,33,0,2,28,0,30,2,19,42,0,63,24,0,24,87
01/19/2016,DLH,MN,AGL,CE,Combined TRACON& Tower with Radar,1,16,22,15,54,0,1,57,0,58,1,17,79,15,112,92,4,96,208
01/20/2016,DLH,MN,AGL,CE,Combined TRACON& Tower with Radar,3,22,44,4,73,0,0,12,0,12,3,22,56,4,85,16,0,16,101
01/21/2016,DLH,MN,AGL,CE,Combined TRACON& Tower with Radar,2,23,56,11,92,0,0,12,1,13,2,23,68,12,105,0,0,0,105
01/22/2016,DLH,MN,AGL,CE,Combined TRACON& Tower with Radar,4,22,51,6,83,0,3,58,1,62,4,25,109,7,145,108,0,108,253
01/23/2016,DLH,MN,AGL,CE,Combined TRACON& Tower with Radar,3,17,19,0,39,0,1,19,0,20,3,18,38,0,59,42,0,42,101
01/24/2016,DLH,MN,AGL,CE,Combined TRACON& Tower with Radar,1,23,11,0,35,0,0,0,0,0,1,23,11,0,35,0,0,0,35
01/25/2016,DLH,MN,AGL,CE,Combined TRACON& Tower with Radar,2,20,6,0,28,0,0,0,0,0,2,20,6,0,28,0,0,0,28
01/26/2016,DLH,MN,AGL,CE,Combined TRACON& Tower with Radar,4,17,21,15,57,0,0,46,1,47,4,17,67,16,104,108,12,120,224
01/27/2016,DLH,MN,AGL,CE,Combined TRACON& Tower with Radar,2,20,22,0,44,0,2,7,0,9,2,22,29,0,53,6,0,6,59
01/28/2016,DLH,MN,AGL,CE,Combined TRACON& Tower with Radar,2,20,62,2,86,0,7,42,0,49,2,27,104,2,135,57,0,57,192
01/29/2016,DLH,MN,AGL,CE,Combined TRACON& Tower with Radar,2,22,24,0,48,0,1,40,0,41,2,23,64,0,89,126,0,126,215
01/30/2016,DLH,MN,AGL,CE,Combined TRACON& Tower with Radar,1,22,17,0,40,0,0,35,0,35,1,22,52,0,75,83,0,83,158
01/31/2016,DLH,MN,AGL,CE,Combined TRACON& Tower with Radar,1,18,15,0,34,0,6,34,0,40,1,24,49,0,74,104,0,104,178
02/01/2016,DLH,MN,AGL,CE,Combined TRACON& Tower with Radar,2,18,34,10,64,0,0,24,0,24,2,18,58,10,88,82,0,82,170
02/02/2016,DLH,MN,AGL,CE,Combined TRACON& Tower with Radar,7,14,48,26,95,0,0,44,0,44,7,14,92,26,139,62,10,72,211
02/03/2016,DLH,MN,AGL,CE,Combined TRACON& Tower with Radar,1,25,40,5,71,0,4,74,0,78,1,29,114,5,149,51,0,51,200
02/04/2016,DLH,MN,AGL,CE,Combined TRACON& Tower with Radar,2,20,45,12,79,0,0,34,2,36,2,20,79,14,115,138,0,138,253
02/05/2016,DLH,MN,AGL,CE,Combined TRACON& Tower with Radar,2,21,40,17,80,0,0,62,2,64,2,21,102,19,144,69,8,77,221
02/06/2016,DLH,MN,AGL,CE,Combined TRACON& Tower with Radar,2,15,27,12,56,0,0,28,2,30,2,15,55,14,86,46,0,46,132
02/07/2016,DLH,MN,AGL,CE,Combined TRACON& Tower with Radar,4,10,4,0,18,0,0,0,0,0,4,10,4,0,18,0,0,0,18
02/08/2016,DLH,MN,AGL,CE,Combined TRACON& Tower with Radar,4,19,18,8,49,0,0,22,0,22,4,19,40,8,71,10,28,38,109
02/09/2016,DLH,MN,AGL,CE,Combined TRACON& Tower with Radar,1,21,28,26,76,0,1,72,4,77,1,22,100,30,153,28,18,46,199
02/10/2016,DLH,MN,AGL,CE,Combined TRACON& Tower with Radar,1,19,34,15,69,0,2,74,0,76,1,21,108,15,145,87,2,89,234
02/11/2016,DLH,MN,AGL,CE,Combined TRACON& Tower with Radar,4,22,27,18,71,0,2,59,0,61,4,24,86,18,132,105,0,105,237
02/12/2016,DLH,MN,AGL,CE,Combined TRACON& Tower with Radar,2,22,37,17,78,0,3,63,0,66,2,25,100,17,144,56,0,56,200
02/13/2016,DLH,MN,AGL,CE,Combined TRACON& Tower with Radar,2,16,39,2,59,0,3,59,0,62,2,19,98,2,121,105,0,105,226
02/14/2016,DLH,MN,AGL,CE,Combined TRACON& Tower with Radar,3,11,12,0,26,0,4,4,0,8,3,15,16,0,34,0,0,0,34
02/15/2016,DLH,MN,AGL,CE,Combined TRACON& Tower with Radar,6,15,12,0,33,0,0,2,0,2,6,15,14,0,35,2,0,2,37
02/16/2016,DLH,MN,AGL,CE,Combined TRACON& Tower with Radar,2,25,22,26,75,0,5,52,0,57,2,30,74,26,132,66,23,89,221
02/17/2016,DLH,MN,AGL,CE,Combined TRACON& Tower with Radar,2,19,40,26,87,0,5,74,2,81,2,24,114,28,168,105,31,136,304
02/18/2016,DLH,MN,AGL,CE,Combined TRACON& Tower with Radar,6,21,34,7,68,0,1,39,0,40,6,22,73,7,108,71,22,93,201
02/19/2016,DLH,MN,AGL,CE,Combined TRACON& Tower with Radar,2,21,45,8,76,0,0,1,0,1,2,21,46,8,77,0,0,0,77
02/20/2016,DLH,MN,AGL,CE,Combined TRACON& Tower with Radar,2,13,7,0,22,0,5,3,0,8,2,18,10,0,30,0,0,0,30
02/21/2016,DLH,MN,AGL,CE,Combined TRACON& Tower with Radar,5,15,16,2,38,0,1,1,0,2,5,16,17,2,40,0,0,0,40
02/22/2016,DLH,MN,AGL,CE,Combined TRACON& Tower with Radar,3,21,25,27,76,0,1,32,0,33,3,22,57,27,109,21,22,43,152
02/23/2016,DLH,MN,AGL,CE,Combined TRACON& Tower with Radar,2,16,64,15,97,0,0,0,0,0,2,16,64,15,97,0,0,0,97
02/24/2016,DLH,MN,AGL,CE,Combined TRACON& Tower with Radar,2,13,54,21,90,0,0,31,0,31,2,13,85,21,121,62,22,84,205
02/25/2016,DLH,MN,AGL,CE,Combined TRACON& Tower with Radar,4,21,41,16,82,0,3,68,0,71,4,24,109,16,153,77,0,77,230
02/26/2016,DLH,MN,AGL,CE,Combined TRACON& Tower with Radar,2,23,34,0,59,0,0,75,0,75,2,23,109,0,134,74,0,74,208
02/27/2016,DLH,MN,AGL,CE,Combined TRACON& Tower with Radar,2,13,23,0,38,0,12,60,0,72,2,25,83,0,110,66,0,66,176
02/28/2016,DLH,MN,AGL,CE,Combined TRACON& Tower with Radar,2,14,14,0,30,0,0,7,0,7,2,14,21,0,37,12,0,12,49
02/29/2016,DLH,MN,AGL,CE,Combined TRACON& Tower with Radar,4,18,37,7,66,0,0,55,0,55,4,18,92,7,121,20,0,20,141
03/01/2016,DLH,MN,AGL,CE,Combined TRACON& Tower with Radar,2,24,42,8,76,0,3,88,1,92,2,27,130,9,168,95,2,97,265
03/02/2016,DLH,MN,AGL,CE,Combined TRACON& Tower with Radar,3,23,52,14,92,0,4,80,0,84,3,27,132,14,176,85,0,85,261
03/03/2016,DLH,MN,AGL,CE,Combined TRACON& Tower with Radar,7,19,38,13,77,0,0,80,0,80,7,19,118,13,157,102,0,102,259
03/04/2016,DLH,MN,AGL,CE,Combined TRACON& Tower with Radar,5,15,31,6,57,0,2,28,0,30,5,17,59,6,87,34,0,34,121
03/05/2016,DLH,MN,AGL,CE,Combined TRACON& Tower with Radar,5,14,19,7,45,0,1,25,0,26,5,15,44,7,71,28,14,42,113
03/06/2016,DLH,MN,AGL,CE,Combined TRACON& Tower with Radar,3,13,17,0,33,0,4,41,0,45,3,17,58,0,78,70,0,70,148
03/07/2016,DLH,MN,AGL,CE,Combined TRACON& Tower with Radar,4,16,35,18,73,0,0,51,2,53,4,16,86,20,126,101,4,105,231
03/08/2016,DLH,MN,AGL,CE,Combined TRACON& Tower with Radar,4,16,38,3,61,0,0,35,0,35,4,16,73,3,96,8,0,8,104
03/09/2016,DLH,MN,AGL,CE,Combined TRACON& Tower with Radar,4,15,29,9,57,0,0,0,0,0,4,15,29,9,57,0,0,0,57
03/10/2016,DLH,MN,AGL,CE,Combined TRACON& Tower with Radar,4,20,55,12,91,0,1,28,0,29,4,21,83,12,120,38,0,38,158
03/11/2016,DLH,MN,AGL,CE,Combined TRACON& Tower with Radar,5,15,43,0,63,0,7,89,1,97,5,22,132,1,160,70,0,70,230
03/12/2016,DLH,MN,AGL,CE,Combined TRACON& Tower with Radar,6,10,15,12,43,0,4,53,4,61,6,14,68,16,104,48,38,86,190
03/13/2016,DLH,MN,AGL,CE,Combined TRACON& Tower with Radar,3,13,9,0,25,0,6,10,0,16,3,19,19,0,41,54,0,54,95
03/14/2016,DLH,MN,AGL,CE,Combined TRACON& Tower with Radar,3,15,42,7,67,0,4,10,0,14,3,19,52,7,81,18,0,18,99
03/15/2016,DLH,MN,AGL,CE,Combined TRACON& Tower with Radar,4,11,17,0,32,0,0,0,0,0,4,11,17,0,32,0,0,0,32
03/16/2016,DLH,MN,AGL,CE,Combined TRACON& Tower with Radar,2,15,3,0,20,0,0,4,0,4,2,15,7,0,24,0,0,0,24
03/17/2016,DLH,MN,AGL,CE,Combined TRACON& Tower with Radar,4,15,33,0,52,0,0,2,0,2,4,15,35,0,54,0,0,0,54
03/18/2016,DLH,MN,AGL,CE,Combined TRACON& Tower with Radar,5,19,32,7,63,0,0,11,0,11,5,19,43,7,74,34,0,34,108
03/19/2016,DLH,MN,AGL,CE,Combined TRACON& Tower with Radar,3,11,28,0,42,0,3,56,0,59,3,14,84,0,101,60,0,60,161
03/20/2016,DLH,MN,AGL,CE,Combined TRACON& Tower with Radar,3,11,18,0,32,0,9,38,1,48,3,20,56,1,80,54,0,54,134
03/21/2016,DLH,MN,AGL,CE,Combined TRACON& Tower with Radar,4,17,30,17,68,0,1,69,2,72,4,18,99,19,140,76,2,78,218
03/22/2016,DLH,MN,AGL,CE,Combined TRACON& Tower with Radar,5,18,44,14,81,0,2,48,1,51,5,20,92,15,132,132,1,133,265
03/23/2016,DLH,MN,AGL,CE,Combined TRACON& Tower with Radar,9,18,45,11,83,0,5,70,0,75,9,23,115,11,158,64,0,64,222
03/24/2016,DLH,MN,AGL,CE,Combined TRACON& Tower with Radar,4,19,41,19,83,0,6,97,1,104,4,25,138,20,187,93,18,111,298
03/25/2016,DLH,MN,AGL,CE,Combined TRACON& Tower with Radar,6,16,38,2,62,0,2,73,1,76,6,18,111,3,138,131,2,133,271
03/26/2016,DLH,MN,AGL,CE,Combined TRACON& Tower with Radar,3,11,4,1,19,0,0,0,0,0,3,11,4,1,19,0,0,0,19
03/27/2016,DLH,MN,AGL,CE,Combined TRACON& Tower with Radar,5,11,5,0,21,0,0,3,0,3,5,11,8,0,24,0,0,0,24
03/28/2016,DLH,MN,AGL,CE,Combined TRACON& Tower with Radar,4,17,48,13,82,0,5,71,0,76,4,22,119,13,158,128,0,128,286
03/29/2016,DLH,MN,AGL,CE,Combined TRACON& Tower with Radar,7,20,36,15,78,0,2,105,5,112,7,22,141,20,190,134,4,138,328
03/30/2016,DLH,MN,AGL,CE,Combined TRACON& Tower with Radar,4,17,33,3,57,0,0,10,0,10,4,17,43,3,67,12,0,12,79
03/31/2016,DLH,MN,AGL,CE,Combined TRACON& Tower with Radar,5,18,39,5,67,0,1,7,0,8,5,19,46,5,75,38,0,38,113
04/01/2016,DLH,MN,AGL,CE,Combined TRACON& Tower with Radar,7,15,41,8,71,0,3,60,2,65,7,18,101,10,136,14,4,18,154
04/02/2016,DLH,MN,AGL,CE,Combined TRACON& Tower with Radar,3,11,6,0,20,0,0,9,0,9,3,11,15,0,29,2,0,2,31
04/03/2016,DLH,MN,AGL,CE,Combined TRACON& Tower with Radar,3,13,8,0,24,0,0,7,0,7,3,13,15,0,31,21,0,21,52
04/04/2016,DLH,MN,AGL,CE,Combined TRACON& Tower with Radar,4,16,50,0,70,0,2,83,0,85,4,18,133,0,155,47,4,51,206
04/05/2016,DLH,MN,AGL,CE,Combined TRACON& Tower with Radar,6,23,34,13,76,0,0,54,0,54,6,23,88,13,130,43,0,43,173
04/06/2016,DLH,MN,AGL,CE,Combined TRACON& Tower with Radar,4,20,19,1,44,0,0,0,0,0,4,20,19,1,44,0,0,0,44
04/07/2016,DLH,MN,AGL,CE,Combined TRACON& Tower with Radar,4,19,39,3,65,0,0,14,0,14,4,19,53,3,79,59,0,59,138
04/08/2016,DLH,MN,AGL,CE,Combined TRACON& Tower with Radar,6,18,23,3,50,0,0,27,0,27,6,18,50,3,77,46,0,46,123
04/09/2016,DLH,MN,AGL,CE,Combined TRACON& Tower with Radar,2,12,20,3,37,0,1,51,0,52,2,13,71,3,89,72,0,72,161
04/10/2016,DLH,MN,AGL,CE,Combined TRACON& Tower with Radar,6,13,21,0,40,0,0,38,0,38,6,13,59,0,78,52,0,52,130
04/11/2016,DLH,MN,AGL,CE,Combined TRACON& Tower with Radar,4,14,28,3,49,0,4,46,0,50,4,18,74,3,99,6,0,6,105
04/12/2016,DLH,MN,AGL,CE,Combined TRACON& Tower with Radar,4,17,49,5,75,0,3,91,1,95,4,20,140,6,170,80,0,80,250
04/13/2016,DLH,MN,AGL,CE,Combined TRACON& Tower with Radar,6,16,65,4,91,0,0,75,0,75,6,16,140,4,166,95,0,95,261
04/14/2016,DLH,MN,AGL,CE,Combined TRACON& Tower with Radar,4,16,33,0,53,0,0,85,0,85,4,16,118,0,138,50,0,50,188
04/15/2016,DLH,MN,AGL,CE,Combined TRACON& Tower with Radar,4,18,28,4,54,0,1,80,0,81,4,19,108,4,135,56,0,56,191
04/16/2016,DLH,MN,AGL,CE,Combined TRACON& Tower with Radar,2,18,17,2,39,0,10,36,0,46,2,28,53,2,85,112,0,112,197
04/17/2016,DLH,MN,AGL,CE,Combined TRACON& Tower with Radar,2,15,16,0,33,0,1,29,0,30,2,16,45,0,63,37,0,37,100
04/18/2016,DLH,MN,AGL,CE,Combined TRACON& Tower with Radar,4,14,35,7,60,0,1,15,0,16,4,15,50,7,76,26,0,26,102
04/19/2016,DLH,MN,AGL,CE,Combined TRACON& Tower with Radar,4,20,31,38,93,0,1,54,0,55,4,21,85,38,148,132,34,166,314
04/20/2016,DLH,MN,AGL,CE,Combined TRACON& Tower with Radar,4,22,59,30,115,0,7,75,1,83,4,29,134,31,198,106,70,176,374
04/21/2016,DLH,MN,AGL,CE,Combined TRACON& Tower with Radar,8,18,32,8,66,0,4,76,0,80,8,22,108,8,146,64,10,74,220
04/22/2016,DLH,MN,AGL,CE,Combined TRACON& Tower with Radar,6,21,42,0,69,0,1,49,0,50,6,22,91,0,119,26,0,26,145
04/23/2016,DLH,MN,AGL,CE,Combined TRACON& Tower with Radar,2,16,22,4,44,0,4,39,0,43,2,20,61,4,87,48,0,48,135
04/24/2016,DLH,MN,AGL,CE,Combined TRACON& Tower with Radar,2,17,9,0,28,0,0,0,0,0,2,17,9,0,28,0,0,0,28
04/25/2016,DLH,MN,AGL,CE,Combined TRACON& Tower with Radar,4,17,7,0,28,0,0,0,0,0,4,17,7,0,28,0,0,0,28
04/26/2016,DLH,MN,AGL,CE,Combined TRACON& Tower with Radar,4,17,49,17,87,0,0,104,0,104,4,17,153,17,191,26,24,50,241
04/27/2016,DLH,MN,AGL,CE,Combined TRACON& Tower with Radar,4,18,39,15,76,0,0,60,0,60,4,18,99,15,136,17,34,51,187
04/28/2016,DLH,MN,AGL,CE,Combined TRACON& Tower with Radar,4,18,54,14,90,0,2,98,0,100,4,20,152,14,190,46,22,68,258
04/29/2016,DLH,MN,AGL,CE,Combined TRACON& Tower with Radar,4,19,33,0,56,0,8,82,0,90,4,27,115,0,146,92,2,94,240
04/30/2016,DLH,MN,AGL,CE,Combined TRACON& Tower with Radar,6,12,5,0,23,0,0,30,0,30,6,12,35,0,53,24,0,24,77
05/01/2016,DLH,MN,AGL,CE,Combined TRACON& Tower with Radar,2,14,11,0,27,0,2,23,0,25,2,16,34,0,52,68,0,68,120
05/02/2016,DLH,MN,AGL,CE,Combined TRACON& Tower with Radar,0,23,45,4,72,0,4,50,0,54,0,27,95,4,126,34,0,34,160
05/03/2016,DLH,MN,AGL,CE,Combined TRACON& Tower with Radar,1,24,27,6,58,1,0,52,0,53,2,24,79,6,111,18,0,18,129
05/04/2016,DLH,MN,AGL,CE,Combined TRACON& Tower with Radar,0,26,42,0,68,0,1,80,0,81,0,27,122,0,149,80,0,80,229
05/05/2016,DLH,MN,AGL,CE,Combined TRACON& Tower with Radar,0,21,47,10,78,0,5,99,0,104,0,26,146,10,182,152,8,160,342
05/06/2016,DLH,MN,AGL,CE,Combined TRACON& Tower with Radar,1,24,33,0,58,0,20,77,0,97,1,44,110,0,155,27,0,27,182
05/07/2016,DLH,MN,AGL,CE,Combined TRACON& Tower with Radar,1,14,7,0,22,0,4,42,0,46,1,18,49,0,68,31,0,31,99
05/08/2016,DLH,MN,AGL,CE,Combined TRACON& Tower with Radar,2,15,15,0,32,0,4,38,0,42,2,19,53,0,74,6,0,6,80
05/09/2016,DLH,MN,AGL,CE,Combined TRACON& Tower with Radar,0,24,52,7,83,0,3,65,0,68,0,27,117,7,151,42,22,64,215
05/10/2016,DLH,MN,AGL,CE,Combined TRACON& Tower with Radar,0,22,62,39,123,0,6,36,4,46,0,28,98,43,169,32,58,90,259
05/11/2016,DLH,MN,AGL,CE,Combined TRACON& Tower with Radar,0,23,76,11,110,0,1,37,0,38,0,24,113,11,148,56,2,58,206
05/12/2016,DLH,MN,AGL,CE,Combined TRACON& Tower with Radar,0,22,63,16,101,0,2,56,2,60,0,24,119,18,161,51,38,89,250
05/13/2016,DLH,MN,AGL,CE,Combined TRACON& Tower with Radar,2,27,52,0,81,0,2,39,0,41,2,29,91,0,122,12,0,12,134
05/14/2016,DLH,MN,AGL,CE,Combined TRACON& Tower with Radar,4,14,18,0,36,0,35,22,0,57,4,49,40,0,93,6,0,6,99
05/15/2016,DLH,MN,AGL,CE,Combined TRACON& Tower with Radar,2,15,17,0,34,0,1,40,0,41,2,16,57,0,75,28,0,28,103
05/16/2016,DLH,MN,AGL,CE,Combined TRACON& Tower with Radar,2,19,37,0,58,0,3,47,0,50,2,22,84,0,108,38,0,38,146
05/17/2016,DLH,MN,AGL,CE,Combined TRACON& Tower with Radar,2,22,43,0,67,0,5,69,0,74,2,27,112,0,141,106,0,106,247
05/18/2016,DLH,MN,AGL,CE,Combined TRACON& Tower with Radar,0,25,42,18,85,0,5,80,0,85,0,30,122,18,170,81,41,122,292
05/19/2016,DLH,MN,AGL,CE,Combined TRACON& Tower with Radar,0,22,37,9,68,0,1,79,0,80,0,23,116,9,148,141,4,145,293
05/20/2016,DLH,MN,AGL,CE,Combined TRACON& Tower with Radar,2,23,22,10,57,0,6,57,0,63,2,29,79,10,120,56,2,58,178
05/21/2016,DLH,MN,AGL,CE,Combined TRACON& Tower with Radar,0,18,25,16,59,0,6,40,3,49,0,24,65,19,108,28,8,36,144
05/22/2016,DLH,MN,AGL,CE,Combined TRACON& Tower with Radar,2,17,15,0,34,0,2,16,0,18,2,19,31,0,52,4,0,4,56
05/23/2016,DLH,MN,AGL,CE,Combined TRACON& Tower with Radar,0,19,28,6,53,0,3,47,1,51,0,22,75,7,104,42,22,64,168
05/24/2016,DLH,MN,AGL,CE,Combined TRACON& Tower with Radar,0,25,52,10,87,0,5,64,0,69,0,30,116,10,156,36,6,42,198
05/25/2016,DLH,MN,AGL,CE,Combined TRACON& Tower with Radar,0,21,29,0,50,0,0,0,0,0,0,21,29,0,50,0,0,0,50
05/26/2016,DLH,MN,AGL,CE,Combined TRACON& Tower with Radar,0,26,47,2,75,0,4,47,0,51,0,30,94,2,126,64,0,64,190
05/27/2016,DLH,MN,AGL,CE,Combined TRACON& Tower with Radar,2,22,41,0,65,0,1,28,0,29,2,23,69,0,94,49,0,49,143
05/28/2016,DLH,MN,AGL,CE,Combined TRACON& Tower with Radar,1,18,5,0,24,0,0,0,0,0,1,18,5,0,24,0,0,0,24
05/29/2016,DLH,MN,AGL,CE,Combined TRACON& Tower with Radar,2,11,17,0,30,0,0,9,0,9,2,11,26,0,39,0,0,0,39
05/30/2016,DLH,MN,AGL,CE,Combined TRACON& Tower with Radar,2,14,30,0,46,0,4,47,0,51,2,18,77,0,97,52,0,52,149
05/31/2016,DLH,MN,AGL,CE,Combined TRACON& Tower with Radar,0,20,39,0,59,0,0,9,0,9,0,20,48,0,68,4,0,4,72
06/01/2016,DLH,MN,AGL,CE,Combined TRACON& Tower with Radar,0,26,48,0,74,0,1,52,0,53,0,27,100,0,127,34,0,34,161
06/02/2016,DLH,MN,AGL,CE,Combined TRACON& Tower with Radar,0,28,61,0,89,0,4,62,0,66,0,32,123,0,155,86,0,86,241
06/03/2016,DLH,MN,AGL,CE,Combined TRACON& Tower with Radar,0,23,46,0,69,0,3,51,0,54,0,26,97,0,123,26,0,26,149
06/04/2016,DLH,MN,AGL,CE,Combined TRACON& Tower with Radar,0,24,11,0,35,0,0,0,0,0,0,24,11,0,35,0,0,0,35
06/05/2016,DLH,MN,AGL,CE,Combined TRACON& Tower with Radar,2,21,32,4,59,0,1,33,0,34,2,22,65,4,93,40,0,40,133
06/06/2016,DLH,MN,AGL,CE,Combined TRACON& Tower with Radar,1,19,41,2,63,0,2,37,0,39,1,21,78,2,102,10,0,10,112
06/07/2016,DLH,MN,AGL,CE,Combined TRACON& Tower with Radar,1,22,46,2,71,0,1,89,4,94,1,23,135,6,165,40,0,40,205
06/08/2016,DLH,MN,AGL,CE,Combined TRACON& Tower with Radar,1,29,31,2,63,0,6,102,1,109,1,35,133,3,172,64,0,64,236
06/09/2016,DLH,MN,AGL,CE,Combined TRACON& Tower with Radar,5,23,33,0,61,0,7,85,0,92,5,30,118,0,153,45,0,45,198
06/10/2016,DLH,MN,AGL,CE,Combined TRACON& Tower with Radar,4,22,30,0,56,0,9,46,0,55,4,31,76,0,111,28,0,28,139
06/11/2016,DLH,MN,AGL,CE,Combined TRACON& Tower with Radar,6,19,14,0,39,0,11,103,0,114,6,30,117,0,153,16,0,16,169
06/12/2016,DLH,MN,AGL,CE,Combined TRACON& Tower with Radar,4,16,21,0,41,0,0,13,0,13,4,16,34,0,54,10,0,10,64
06/13/2016,DLH,MN,AGL,CE,Combined TRACON& Tower with Radar,4,15,26,2,47,0,0,4,0,4,4,15,30,2,51,0,0,0,51
06/14/2016,DLH,MN,AGL,CE,Combined TRACON& Tower with Radar,1,9,13,0,23,0,0,1,0,1,1,9,14,0,24,0,0,0,24
06/15/2016,DLH,MN,AGL,CE,Combined TRACON& Tower with Radar,1,6,22,0,29,0,0,0,0,0,1,6,22,0,29,0,0,0,29
06/16/2016,DLH,MN,AGL,CE,Combined TRACON& Tower with Radar,4,30,53,0,87,0,0,87,1,88,4,30,140,1,175,36,0,36,211
06/17/2016,DLH,MN,AGL,CE,Combined TRACON& Tower with Radar,4,24,35,0,63,0,12,58,0,70,4,36,93,0,133,60,0,60,193
06/18/2016,DLH,MN,AGL,CE,Combined TRACON& Tower with Radar,4,18,11,0,33,0,2,24,0,26,4,20,35,0,59,0,0,0,59
06/19/2016,DLH,MN,AGL,CE,Combined TRACON& Tower with Radar,6,14,15,0,35,0,1,30,0,31,6,15,45,0,66,4,0,4,70
06/20/2016,DLH,MN,AGL,CE,Combined TRACON& Tower with Radar,4,16,26,1,47,0,8,50,1,59,4,24,76,2,106,0,5,5,111
06/21/2016,DLH,MN,AGL,CE,Combined TRACON& Tower with Radar,6,18,32,2,58,0,1,81,0,82,6,19,113,2,140,35,26,61,201
06/22/2016,DLH,MN,AGL,CE,Combined TRACON& Tower with Radar,6,14,57,14,91,0,1,79,0,80,6,15,136,14,171,72,32,104,275
06/23/2016,DLH,MN,AGL,CE,Combined TRACON& Tower with Radar,6,24,70,15,115,0,10,91,3,104,6,34,161,18,219,80,8,88,307
06/24/2016,DLH,MN,AGL,CE,Combined TRACON& Tower with Radar,6,24,56,4,90,0,5,85,0,90,6,29,141,4,180,84,2,86,266
06/25/2016,DLH,MN,AGL,CE,Combined TRACON& Tower with Radar,6,13,24,0,43,0,0,18,0,18,6,13,42,0,61,18,0,18,79
06/26/2016,DLH,MN,AGL,CE,Combined TRACON& Tower with Radar,10,16,28,2,56,0,4,40,0,44,10,20,68,2,100,2,0,2,102
06/27/2016,DLH,MN,AGL,CE,Combined TRACON& Tower with Radar,6,18,51,12,87,0,0,33,0,33,6,18,84,12,120,43,0,43,163
06/28/2016,DLH,MN,AGL,CE,Combined TRACON& Tower with Radar,6,23,59,24,112,0,4,92,2,98,6,27,151,26,210,96,40,136,346
06/29/2016,DLH,MN,AGL,CE,Combined TRACON& Tower with Radar,8,19,49,16,92,0,4,102,1,107,8,23,151,17,199,104,16,120,319
06/30/2016,DLH,MN,AGL,CE,Combined TRACON& Tower with Radar,12,21,42,9,84,0,9,59,4,72,12,30,101,13,156,79,26,105,261
07/01/2016,DLH,MN,AGL,CE,Combined TRACON& Tower with Radar,9,24,42,2,77,0,13,80,0,93,9,37,122,2,170,39,8,47,217
07/02/2016,DLH,MN,AGL,CE,Combined TRACON& Tower with Radar,5,16,20,0,41,0,4,42,3,49,5,20,62,3,90,19,0,19,109
07/03/2016,DLH,MN,AGL,CE,Combined TRACON& Tower with Radar,7,11,8,0,26,0,0,22,0,22,7,11,30,0,48,36,0,36,84
07/04/2016,DLH,MN,AGL,CE,Combined TRACON& Tower with Radar,8,8,13,0,29,0,8,18,1,27,8,16,31,1,56,6,0,6,62
07/05/2016,DLH,MN,AGL,CE,Combined TRACON& Tower with Radar,17,23,28,0,68,0,4,43,1,48,17,27,71,1,116,88,0,88,204
07/06/2016,DLH,MN,AGL,CE,Combined TRACON& Tower with Radar,7,22,38,11,78,0,7,67,3,77,7,29,105,14,155,52,28,80,235
07/07/2016,DLH,MN,AGL,CE,Combined TRACON& Tower with Radar,5,20,38,17,80,0,16,41,8,65,5,36,79,25,145,85,6,91,236
07/08/2016,DLH,MN,AGL,CE,Combined TRACON& Tower with Radar,4,22,24,5,55,0,5,13,11,29,4,27,37,16,84,0,0,0,84
07/09/2016,DLH,MN,AGL,CE,Combined TRACON& Tower with Radar,4,12,17,3,36,0,6,77,14,97,4,18,94,17,133,2,0,2,135
07/10/2016,DLH,MN,AGL,CE,Combined TRACON& Tower with Radar,8,18,15,6,47,0,3,28,13,44,8,21,43,19,91,18,0,18,109
07/11/2016,DLH,MN,AGL,CE,Combined TRACON& Tower with Radar,5,13,15,8,41,0,0,2,0,2,5,13,17,8,43,0,0,0,43
07/12/2016,DLH,MN,AGL,CE,Combined TRACON& Tower with Radar,7,26,47,9,89,0,0,62,2,64,7,26,109,11,153,25,2,27,180
07/13/2016,DLH,MN,AGL,CE,Combined TRACON& Tower with Radar,7,18,40,23,88,0,5,37,3,45,7,23,77,26,133,32,25,57,190
07/14/2016,DLH,MN,AGL,CE,Combined TRACON& Tower with Radar,4,22,73,14,113,0,0,22,0,22,4,22,95,14,135,22,0,22,157
07/15/2016,DLH,MN,AGL,CE,Combined TRACON& Tower with Radar,6,24,49,4,83,0,0,64,0,64,6,24,113,4,147,74,0,74,221
07/16/2016,DLH,MN,AGL,CE,Combined TRACON& Tower with Radar,4,16,15,1,36,0,4,40,3,47,4,20,55,4,83,18,0,18,101
07/17/2016,DLH,MN,AGL,CE,Combined TRACON& Tower with Radar,6,13,33,2,54,0,4,20,0,24,6,17,53,2,78,17,0,17,95
07/18/2016,DLH,MN,AGL,CE,Combined TRACON& Tower with Radar,4,19,53,20,96,0,4,81,2,87,4,23,134,22,183,104,66,170,353
07/19/2016,DLH,MN,AGL,CE,Combined TRACON& Tower with Radar,4,18,49,18,89,0,11,64,0,75,4,29,113,18,164,60,36,96,260
07/20/2016,DLH,MN,AGL,CE,Combined TRACON& Tower with Radar,4,26,41,10,81,0,0,36,0,36,4,26,77,10,117,59,13,72,189
07/21/2016,DLH,MN,AGL,CE,Combined TRACON& Tower with Radar,4,19,41,20,84,0,2,53,0,55,4,21,94,20,139,32,19,51,190
07/22/2016,DLH,MN,AGL,CE,Combined TRACON& Tower with Radar,4,31,36,3,74,1,4,38,0,43,5,35,74,3,117,4,0,4,121
07/23/2016,DLH,MN,AGL,CE,Combined TRACON& Tower with Radar,10,13,5,0,28,0,6,20,2,28,10,19,25,2,56,0,0,0,56
07/24/2016,DLH,MN,AGL,CE,Combined TRACON& Tower with Radar,6,17,22,1,46,0,1,22,0,23,6,18,44,1,69,6,0,6,75
07/25/2016,DLH,MN,AGL,CE,Combined TRACON& Tower with Radar,4,23,33,28,88,0,2,38,6,46,4,25,71,34,134,19,48,67,201
07/26/2016,DLH,MN,AGL,CE,Combined TRACON& Tower with Radar,4,18,31,2,55,0,0,56,0,56,4,18,87,2,111,22,0,22,133
07/27/2016,DLH,MN,AGL,CE,Combined TRACON& Tower with Radar,6,22,30,22,80,0,0,29,2,31,6,22,59,24,111,5,18,23,134
07/28/2016,DLH,MN,AGL,CE,Combined TRACON& Tower with Radar,4,28,50,14,96,0,4,41,3,48,4,32,91,17,144,46,4,50,194
07/29/2016,DLH,MN,AGL,CE,Combined TRACON& Tower with Radar,6,22,24,0,52,0,8,56,0,64,6,30,80,0,116,59,0,59,175
07/30/2016,DLH,MN,AGL,CE,Combined TRACON& Tower with Radar,4,16,16,1,37,0,4,37,0,41,4,20,53,1,78,25,0,25,103
07/31/2016,DLH,MN,AGL,CE,Combined TRACON& Tower with Radar,4,16,29,0,49,0,9,43,0,52,4,25,72,0,101,2,0,2,103
08/01/2016,DLH,MN,AGL,CE,Combined TRACON& Tower with Radar,6,16,40,0,62,0,0,47,0,47,6,16,87,0,109,31,0,31,140
08/02/2016,DLH,MN,AGL,CE,Combined TRACON& Tower with Radar,4,21,48,8,81,0,10,74,0,84,4,31,122,8,165,102,4,106,271
08/03/2016,DLH,MN,AGL,CE,Combined TRACON& Tower with Radar,4,27,49,23,103,0,9,77,9,95,4,36,126,32,198,41,56,97,295
08/04/2016,DLH,MN,AGL,CE,Combined TRACON& Tower with Radar,8,32,43,31,114,0,0,34,0,34,8,32,77,31,148,12,16,28,176
08/05/2016,DLH,MN,AGL,CE,Combined TRACON& Tower with Radar,5,21,72,7,105,0,1,77,1,79,5,22,149,8,184,25,0,25,209
08/06/2016,DLH,MN,AGL,CE,Combined TRACON& Tower with Radar,4,17,20,13,54,0,3,30,0,33,4,20,50,13,87,40,8,48,135
08/07/2016,DLH,MN,AGL,CE,Combined TRACON& Tower with Radar,4,18,24,3,49,0,1,39,0,40,4,19,63,3,89,35,28,63,152
08/08/2016,DLH,MN,AGL,CE,Combined TRACON& Tower with Radar,6,22,33,12,73,0,0,62,0,62,6,22,95,12,135,56,24,80,215
08/09/2016,DLH,MN,AGL,CE,Combined TRACON& Tower with Radar,3,22,52,16,93,0,2,34,1,37,3,24,86,17,130,94,16,110,240
08/10/2016,DLH,MN,AGL,CE,Combined TRACON& Tower with Radar,6,19,58,0,83,0,3,20,0,23,6,22,78,0,106,28,2,30,136
08/11/2016,DLH,MN,AGL,CE,Combined TRACON& Tower with Radar,7,34,39,0,80,0,0,0,0,0,7,34,39,0,80,5,0,5,85
08/12/2016,DLH,MN,AGL,CE,Combined TRACON& Tower with Radar,5,17,36,0,58,0,0,0,0,0,5,17,36,0,58,0,0,0,58
08/13/2016,DLH,MN,AGL,CE,Combined TRACON& Tower with Radar,5,16,25,8,54,0,2,16,1,19,5,18,41,9,73,31,5,36,109
08/14/2016,DLH,MN,AGL,CE,Combined TRACON& Tower with Radar,4,19,20,2,45,0,1,20,4,25,4,20,40,6,70,19,0,19,89
08/15/2016,DLH,MN,AGL,CE,Combined TRACON& Tower with Radar,6,20,47,23,96,0,0,56,5,61,6,20,103,28,157,32,40,72,229
08/16/2016,DLH,MN,AGL,CE,Combined TRACON& Tower with Radar,3,24,58,21,106,0,2,66,5,73,3,26,124,26,179,70,22,92,271
08/17/2016,DLH,MN,AGL,CE,Combined TRACON& Tower with Radar,7,20,47,7,81,0,2,99,4,105,7,22,146,11,186,52,0,52,238
08/18/2016,DLH,MN,AGL,CE,Combined TRACON& Tower with Radar,4,20,40,8,72,0,4,65,0,69,4,24,105,8,141,60,10,70,211
08/19/2016,DLH,MN,AGL,CE,Combined TRACON& Tower with Radar,6,24,44,11,85,0,0,47,0,47,6,24,91,11,132,32,20,52,184
08/20/2016,DLH,MN,AGL,CE,Combined TRACON& Tower with Radar,7,12,14,3,36,0,9,13,2,24,7,21,27,5,60,10,0,10,70
08/21/2016,DLH,MN,AGL,CE,Combined TRACON& Tower with Radar,5,15,21,0,41,0,5,34,2,41,5,20,55,2,82,0,0,0,82
08/22/2016,DLH,MN,AGL,CE,Combined TRACON& Tower with Radar,4,21,43,11,79,0,2,63,0,65,4,23,106,11,144,26,4,30,174
08/23/2016,DLH,MN,AGL,CE,Combined TRACON& Tower with Radar,4,18,44,14,80,0,12,63,0,75,4,30,107,14,155,44,0,44,199
08/24/2016,DLH,MN,AGL,CE,Combined TRACON& Tower with Radar,4,19,68,31,122,0,2,46,5,53,4,21,114,36,175,4,29,33,208
08/25/2016,DLH,MN,AGL,CE,Combined TRACON& Tower with Radar,4,23,75,12,114,0,2,63,0,65,4,25,138,12,179,98,10,108,287
08/26/2016,DLH,MN,AGL,CE,Combined TRACON& Tower with Radar,3,26,52,0,81,0,7,80,1,88,3,33,132,1,169,65,0,65,234
08/27/2016,DLH,MN,AGL,CE,Combined TRACON& Tower with Radar,2,14,17,0,33,0,1,9,0,10,2,15,26,0,43,0,0,0,43
08/28/2016,DLH,MN,AGL,CE,Combined TRACON& Tower with Radar,4,13,29,0,46,0,0,23,0,23,4,13,52,0,69,13,0,13,82
08/29/2016,DLH,MN,AGL,CE,Combined TRACON& Tower with Radar,4,22,49,13,88,0,2,34,0,36,4,24,83,13,124,62,0,62,186
08/30/2016,DLH,MN,AGL,CE,Combined TRACON& Tower with Radar,2,23,57,14,96,0,0,55,0,55,2,23,112,14,151,96,0,96,247
08/31/2016,DLH,MN,AGL,CE,Combined TRACON& Tower with Radar,3,20,61,9,93,0,2,52,2,56,3,22,113,11,149,100,6,106,255
09/01/2016,DLH,MN,AGL,CE,Combined TRACON& Tower with Radar,5,21,36,19,81,0,1,51,2,54,5,22,87,21,135,66,26,92,227
09/02/2016,DLH,MN,AGL,CE,Combined TRACON& Tower with Radar,4,28,30,2,64,0,4,58,0,62,4,32,88,2,126,103,0,103,229
09/03/2016,DLH,MN,AGL,CE,Combined TRACON& Tower with Radar,2,14,14,0,30,0,13,28,0,41,2,27,42,0,71,58,2,60,131
09/04/2016,DLH,MN,AGL,CE,Combined TRACON& Tower with Radar,3,13,5,0,21,0,6,21,1,28,3,19,26,1,49,6,0,6,55
09/05/2016,DLH,MN,AGL,CE,Combined TRACON& Tower with Radar,2,17,16,2,37,0,6,5,0,11,2,23,21,2,48,17,0,17,65
09/06/2016,DLH,MN,AGL,CE,Combined TRACON& Tower with Radar,3,21,51,26,101,0,2,26,2,30,3,23,77,28,131,65,51,116,247
09/07/2016,DLH,MN,AGL,CE,Combined TRACON& Tower with Radar,1,23,91,11,126,0,6,23,0,29,1,29,114,11,155,71,8,79,234
09/08/2016,DLH,MN,AGL,CE,Combined TRACON& Tower with Radar,3,26,122,17,168,0,2,74,3,79,3,28,196,20,247,85,16,101,348
09/09/2016,DLH,MN,AGL,CE,Combined TRACON& Tower with Radar,2,29,47,15,93,0,4,58,1,63,2,33,105,16,156,111,0,111,267
09/10/2016,DLH,MN,AGL,CE,Combined TRACON& Tower with Radar,2,21,44,10,77,0,5,30,0,35,2,26,74,10,112,86,4,90,202
09/11/2016,DLH,MN,AGL,CE,Combined TRACON& Tower with Radar,3,17,68,1,89,0,1,94,0,95,3,18,162,1,184,44,0,44,228
09/12/2016,DLH,MN,AGL,CE,Combined TRACON& Tower with Radar,6,16,48,8,78,0,8,69,0,77,6,24,117,8,155,46,18,64,219
09/13/2016,DLH,MN,AGL,CE,Combined TRACON& Tower with Radar,4,19,85,19,127,0,1,54,0,55,4,20,139,19,182,107,2,109,291
09/14/2016,DLH,MN,AGL,CE,Combined TRACON& Tower with Radar,5,18,44,24,91,1,0,83,8,92,6,18,127,32,183,138,36,174,357
09/15/2016,DLH,MN,AGL,CE,Combined TRACON& Tower with Radar,4,23,46,8,81,0,2,72,3,77,4,25,118,11,158,156,14,170,328
09/16/2016,DLH,MN,AGL,CE,Combined TRACON& Tower with Radar,8,22,47,6,83,0,0,25,0,25,8,22,72,6,108,86,5,91,199
09/17/2016,DLH,MN,AGL,CE,Combined TRACON& Tower with Radar,3,13,16,6,38,0,3,29,0,32,3,16,45,6,70,58,10,68,138
09/18/2016,DLH,MN,AGL,CE,Combined TRACON& Tower with Radar,3,16,17,3,39,0,2,46,0,48,3,18,63,3,87,59,0,59,146
09/19/2016,DLH,MN,AGL,CE,Combined TRACON& Tower with Radar,3,19,40,8,70,0,0,41,5,46,3,19,81,13,116,66,45,111,227
09/20/2016,DLH,MN,AGL,CE,Combined TRACON& Tower with Radar,3,19,42,20,84,0,1,92,3,96,3,20,134,23,180,188,48,236,416
09/21/2016,DLH,MN,AGL,CE,Combined TRACON& Tower with Radar,5,22,16,13,56,0,0,69,1,70,5,22,85,14,126,116,18,134,260
09/22/2016,DLH,MN,AGL,CE,Combined TRACON& Tower with Radar,3,21,40,7,71,0,0,26,1,27,3,21,66,8,98,126,6,132,230
09/23/2016,DLH,MN,AGL,CE,Combined TRACON& Tower with Radar,6,18,31,2,57,0,2,67,0,69,6,20,98,2,126,66,2,68,194
09/24/2016,DLH,MN,AGL,CE,Combined TRACON& Tower with Radar,3,13,11,2,29,0,1,5,0,6,3,14,16,2,35,22,0,22,57
09/25/2016,DLH,MN,AGL,CE,Combined TRACON& Tower with Radar,3,18,19,2,42,0,0,0,0,0,3,18,19,2,42,54,0,54,96
09/26/2016,DLH,MN,AGL,CE,Combined TRACON& Tower with Radar,4,18,41,12,75,0,0,11,7,18,4,18,52,19,93,18,16,34,127
09/27/2016,DLH,MN,AGL,CE,Combined TRACON& Tower with Radar,4,23,33,12,72,0,0,6,0,6,4,23,39,12,78,36,8,44,122
09/28/2016,DLH,MN,AGL,CE,Combined TRACON& Tower with Radar,4,20,64,26,114,0,0,81,1,82,4,20,145,27,196,264,22,286,482
09/29/2016,DLH,MN,AGL,CE,Combined TRACON& Tower with Radar,5,24,55,24,108,0,0,85,4,89,5,24,140,28,197,134,56,190,387
09/30/2016,DLH,MN,AGL,CE,Combined TRACON& Tower with Radar,4,19,64,0,87,0,0,9,0,9,4,19,73,0,96,60,0,60,156
10/01/2016,DLH,MN,AGL,CE,Combined TRACON& Tower with Radar,5,15,20,2,42,0,2,28,0,30,5,17,48,2,72,36,0,36,108
10/02/2016,DLH,MN,AGL,CE,Combined TRACON& Tower with Radar,3,14,16,0,33,0,0,42,0,42,3,14,58,0,75,26,0,26,101
10/03/2016,DLH,MN,AGL,CE,Combined TRACON& Tower with Radar,4,19,25,16,64,0,0,76,0,76,4,19,101,16,140,80,36,116,256
10/04/2016,DLH,MN,AGL,CE,Combined TRACON& Tower with Radar,6,23,35,21,85,0,2,60,1,63,6,25,95,22,148,62,57,119,267
10/05/2016,DLH,MN,AGL,CE,Combined TRACON& Tower with Radar,4,23,43,19,89,0,3,32,2,37,4,26,75,21,126,19,33,52,178
10/06/2016,DLH,MN,AGL,CE,Combined TRACON& Tower with Radar,4,18,39,8,69,0,2,59,0,61,4,20,98,8,130,94,0,94,224
10/07/2016,DLH,MN,AGL,CE,Combined TRACON& Tower with Radar,4,28,43,0,75,0,0,25,0,25,4,28,68,0,100,84,0,84,184
10/08/2016,DLH,MN,AGL,CE,Combined TRACON& Tower with Radar,3,16,13,0,32,0,2,46,0,48,3,18,59,0,80,24,0,24,104
10/09/2016,DLH,MN,AGL,CE,Combined TRACON& Tower with Radar,2,17,19,0,38,0,6,26,0,32,2,23,45,0,70,26,0,26,96
10/10/2016,DLH,MN,AGL,CE,Combined TRACON& Tower with Radar,3,22,26,0,51,0,5,95,0,100,3,27,121,0,151,52,0,52,203
10/11/2016,DLH,MN,AGL,CE,Combined TRACON& Tower with Radar,6,21,40,16,83,0,3,38,1,42,6,24,78,17,125,60,0,60,185
10/12/2016,DLH,MN,AGL,CE,Combined TRACON& Tower with Radar,4,19,59,30,112,0,1,44,1,46,4,20,103,31,158,37,44,81,239
10/13/2016,DLH,MN,AGL,CE,Combined TRACON& Tower with Radar,5,24,45,37,111,0,8,72,10,90,5,32,117,47,201,128,85,213,414
10/14/2016,DLH,MN,AGL,CE,Combined TRACON& Tower with Radar,6,22,43,20,91,0,6,59,0,65,6,28,102,20,156,16,18,34,190
10/15/2016,DLH,MN,AGL,CE,Combined TRACON& Tower with Radar,4,17,16,23,60,0,6,33,3,42,4,23,49,26,102,148,20,168,270
10/16/2016,DLH,MN,AGL,CE,Combined TRACON& Tower with Radar,2,18,22,5,47,0,3,46,1,50,2,21,68,6,97,170,12,182,279
10/17/2016,DLH,MN,AGL,CE,Combined TRACON& Tower with Radar,7,15,16,8,46,0,0,0,2,2,7,15,16,10,48,0,0,0,48
10/18/2016,DLH,MN,AGL,CE,Combined TRACON& Tower with Radar,6,21,39,26,92,0,4,57,13,74,6,25,96,39,166,146,74,220,386
10/19/2016,DLH,MN,AGL,CE,Combined TRACON& Tower with Radar,6,20,86,21,133,0,9,67,2,78,6,29,153,23,211,138,38,176,387
10/20/2016,DLH,MN,AGL,CE,Combined TRACON& Tower with Radar,4,24,35,40,103,0,9,55,7,71,4,33,90,47,174,154,74,228,402
10/21/2016,DLH,MN,AGL,CE,Combined TRACON& Tower with Radar,4,20,30,0,54,0,3,57,0,60,4,23,87,0,114,43,0,43,157
10/22/2016,DLH,MN,AGL,CE,Combined TRACON& Tower with Radar,3,20,22,0,45,0,0,61,1,62,3,20,83,1,107,71,1,72,179
10/23/2016,DLH,MN,AGL,CE,Combined TRACON& Tower with Radar,3,14,30,0,47,0,1,19,1,21,3,15,49,1,68,20,0,20,88
10/24/2016,DLH,MN,AGL,CE,Combined TRACON& Tower with Radar,4,20,35,9,68,0,6,63,0,69,4,26,98,9,137,103,0,103,240
10/25/2016,DLH,MN,AGL,CE,Combined TRACON& Tower with Radar,4,18,41,24,87,0,2,71,0,73,4,20,112,24,160,171,19,190,350
10/26/2016,DLH,MN,AGL,CE,Combined TRACON& Tower with Radar,4,18,48,6,76,0,2,21,0,23,4,20,69,6,99,52,0,52,151
10/27/2016,DLH,MN,AGL,CE,Combined TRACON& Tower with Radar,4,30,73,28,135,0,0,21,3,24,4,30,94,31,159,126,64,190,349
10/28/2016,DLH,MN,AGL,CE,Combined TRACON& Tower with Radar,4,24,29,3,60,0,0,2,0,2,4,24,31,3,62,0,0,0,62
10/29/2016,DLH,MN,AGL,CE,Combined TRACON& Tower with Radar,3,12,13,0,28,0,0,18,0,18,3,12,31,0,46,120,0,120,166
10/30/2016,DLH,MN,AGL,CE,Combined TRACON& Tower with Radar,3,13,12,0,28,0,0,10,0,10,3,13,22,0,38,54,0,54,92
10/31/2016,DLH,MN,AGL,CE,Combined TRACON& Tower with Radar,3,18,29,2,52,0,8,18,0,26,3,26,47,2,78,25,0,25,103
11/01/2016,DLH,MN,AGL,CE,Combined TRACON& Tower with Radar,4,25,45,11,85,0,1,81,0,82,4,26,126,11,167,169,3,172,339
11/02/2016,DLH,MN,AGL,CE,Combined TRACON& Tower with Radar,6,19,46,12,83,0,1,87,0,88,6,20,133,12,171,194,0,194,365
11/03/2016,DLH,MN,AGL,CE,Combined TRACON& Tower with Radar,4,20,53,18,95,0,1,72,2,75,4,21,125,20,170,133,1,134,304
11/04/2016,DLH,MN,AGL,CE,Combined TRACON& Tower with Radar,3,18,37,0,58,0,1,91,0,92,3,19,128,0,150,162,0,162,312
11/05/2016,DLH,MN,AGL,CE,Combined TRACON& Tower with Radar,2,18,14,24,58,0,4,47,3,54,2,22,61,27,112,34,18,52,164
11/06/2016,DLH,MN,AGL,CE,Combined TRACON& Tower with Radar,2,11,19,5,37,0,2,47,1,50,2,13,66,6,87,80,0,80,167
11/07/2016,DLH,MN,AGL,CE,Combined TRACON& Tower with Radar,4,13,30,9,56,0,3,56,0,59,4,16,86,9,115,69,3,72,187
11/08/2016,DLH,MN,AGL,CE,Combined TRACON& Tower with Radar,4,16,43,24,87,0,3,65,5,73,4,19,108,29,160,108,11,119,279
11/09/2016,DLH,MN,AGL,CE,Combined TRACON& Tower with Radar,2,24,38,26,90,0,12,68,0,80,2,36,106,26,170,52,14,66,236
11/10/2016,DLH,MN,AGL,CE,Combined TRACON& Tower with Radar,4,23,53,18,98,0,5,83,3,91,4,28,136,21,189,76,18,94,283
11/11/2016,DLH,MN,AGL,CE,Combined TRACON& Tower with Radar,2,25,39,0,66,0,11,57,0,68,2,36,96,0,134,58,6,64,198
11/12/2016,DLH,MN,AGL,CE,Combined TRACON& Tower with Radar,1,15,18,0,34,0,3,37,0,40,1,18,55,0,74,65,0,65,139
11/13/2016,DLH,MN,AGL,CE,Combined TRACON& Tower with Radar,3,15,23,1,42,0,6,37,1,44,3,21,60,2,86,67,0,67,153
11/14/2016,DLH,MN,AGL,CE,Combined TRACON& Tower with Radar,2,22,86,27,137,0,1,27,1,29,2,23,113,28,166,91,16,107,273
11/15/2016,DLH,MN,AGL,CE,Combined TRACON& Tower with Radar,2,22,60,10,94,0,4,24,0,28,2,26,84,10,122,50,0,50,172
11/16/2016,DLH,MN,AGL,CE,Combined TRACON& Tower with Radar,2,21,72,6,101,0,7,103,1,111,2,28,175,7,212,126,0,126,338
11/17/2016,DLH,MN,AGL,CE,Combined TRACON& Tower with Radar,6,19,74,15,114,0,2,81,0,83,6,21,155,15,197,103,10,113,310
11/18/2016,DLH,MN,AGL,CE,Combined TRACON& Tower with Radar,1,13,4,0,18,0,0,0,0,0,1,13,4,0,18,0,0,0,18
11/19/2016,DLH,MN,AGL,CE,Combined TRACON& Tower with Radar,5,14,20,0,39,0,0,7,0,7,5,14,27,0,46,16,0,16,62
11/20/2016,DLH,MN,AGL,CE,Combined TRACON& Tower with Radar,1,20,9,0,30,0,18,36,0,54,1,38,45,0,84,27,0,27,111
11/21/2016,DLH,MN,AGL,CE,Combined TRACON& Tower with Radar,2,15,38,31,86,0,3,79,3,85,2,18,117,34,171,79,23,102,273
11/22/2016,DLH,MN,AGL,CE,Combined TRACON& Tower with Radar,1,19,21,12,53,0,2,35,0,37,1,21,56,12,90,54,0,54,144
11/23/2016,DLH,MN,AGL,CE,Combined TRACON& Tower with Radar,5,29,7,0,41,0,0,0,0,0,5,29,7,0,41,0,0,0,41
11/24/2016,DLH,MN,AGL,CE,Combined TRACON& Tower with Radar,2,7,4,0,13,0,0,0,0,0,2,7,4,0,13,0,0,0,13
11/25/2016,DLH,MN,AGL,CE,Combined TRACON& Tower with Radar,3,11,13,0,27,0,0,0,0,0,3,11,13,0,27,0,0,0,27
11/26/2016,DLH,MN,AGL,CE,Combined TRACON& Tower with Radar,2,18,12,1,33,0,0,13,0,13,2,18,25,1,46,8,0,8,54
11/27/2016,DLH,MN,AGL,CE,Combined TRACON& Tower with Radar,1,2,6,0,9,0,0,0,0,0,1,2,6,0,9,0,0,0,9
11/28/2016,DLH,MN,AGL,CE,Combined TRACON& Tower with Radar,3,22,21,5,51,0,0,0,0,0,3,22,21,5,51,0,0,0,51
11/29/2016,DLH,MN,AGL,CE,Combined TRACON& Tower with Radar,2,24,61,15,102,0,0,7,0,7,2,24,68,15,109,18,0,18,127
11/30/2016,DLH,MN,AGL,CE,Combined TRACON& Tower with Radar,2,23,45,26,96,0,0,0,0,0,2,23,45,26,96,2,0,2,98
12/01/2016,DLH,MN,AGL,CE,Combined TRACON& Tower with Radar,2,21,41,22,86,0,0,24,2,26,2,21,65,24,112,84,63,147,259
12/02/2016,DLH,MN,AGL,CE,Combined TRACON& Tower with Radar,2,26,27,15,70,0,7,12,0,19,2,33,39,15,89,50,0,50,139
12/03/2016,DLH,MN,AGL,CE,Combined TRACON& Tower with Radar,2,16,24,14,56,0,2,10,0,12,2,18,34,14,68,33,0,33,101
12/04/2016,DLH,MN,AGL,CE,Combined TRACON& Tower with Radar,4,14,17,0,35,0,0,0,0,0,4,14,17,0,35,0,0,0,35
12/05/2016,DLH,MN,AGL,CE,Combined TRACON& Tower with Radar,2,18,40,0,60,0,0,30,0,30,2,18,70,0,90,46,0,46,136
12/06/2016,DLH,MN,AGL,CE,Combined TRACON& Tower with Radar,2,20,38,18,78,0,0,2,0,2,2,20,40,18,80,8,6,14,94
12/07/2016,DLH,MN,AGL,CE,Combined TRACON& Tower with Radar,2,22,25,15,64,0,0,2,0,2,2,22,27,15,66,0,14,14,80
12/08/2016,DLH,MN,AGL,CE,Combined TRACON& Tower with Radar,3,22,43,8,76,0,0,25,0,25,3,22,68,8,101,19,0,19,120
12/09/2016,DLH,MN,AGL,CE,Combined TRACON& Tower with Radar,5,18,39,0,62,0,0,38,0,38,5,18,77,0,100,69,0,69,169
12/10/2016,DLH,MN,AGL,CE,Combined TRACON& Tower with Radar,2,13,14,0,29,0,4,9,0,13,2,17,23,0,42,26,0,26,68
12/11/2016,DLH,MN,AGL,CE,Combined TRACON& Tower with Radar,3,6,1,0,10,0,0,0,0,0,3,6,1,0,10,0,0,0,10
12/12/2016,DLH,MN,AGL,CE,Combined TRACON& Tower with Radar,3,14,25,8,50,0,5,19,0,24,3,19,44,8,74,74,0,74,148
12/13/2016,DLH,MN,AGL,CE,Combined TRACON& Tower with Radar,2,21,39,21,83,0,1,53,5,59,2,22,92,26,142,106,13,119,261
12/14/2016,DLH,MN,AGL,CE,Combined TRACON& Tower with Radar,2,19,31,15,67,0,3,25,0,28,2,22,56,15,95,37,0,37,132
12/15/2016,DLH,MN,AGL,CE,Combined TRACON& Tower with Radar,2,18,40,13,73,0,1,59,0,60,2,19,99,13,133,67,0,67,200
12/16/2016,DLH,MN,AGL,CE,Combined TRACON& Tower with Radar,1,18,21,0,40,0,0,21,0,21,1,18,42,0,61,108,0,108,169
12/17/2016,DLH,MN,AGL,CE,Combined TRACON& Tower with Radar,0,16,6,0,22,0,2,3,0,5,0,18,9,0,27,18,0,18,45
12/18/2016,DLH,MN,AGL,CE,Combined TRACON& Tower with Radar,5,16,22,0,43,0,0,20,0,20,5,16,42,0,63,52,0,52,115
12/19/2016,DLH,MN,AGL,CE,Combined TRACON& Tower with Radar,2,17,30,17,66,0,2,64,1,67,2,19,94,18,133,79,6,85,218
12/20/2016,DLH,MN,AGL,CE,Combined TRACON& Tower with Radar,2,23,53,21,99,0,2,62,3,67,2,25,115,24,166,25,17,42,208
12/21/2016,DLH,MN,AGL,CE,Combined TRACON& Tower with Radar,4,22,52,10,88,0,0,34,0,34,4,22,86,10,122,122,0,122,244
12/22/2016,DLH,MN,AGL,CE,Combined TRACON& Tower with Radar,3,23,52,15,93,0,4,70,1,75,3,27,122,16,168,118,13,131,299
12/23/2016,DLH,MN,AGL,CE,Combined TRACON& Tower with Radar,2,27,16,0,45,0,1,20,0,21,2,28,36,0,66,14,2,16,82
12/24/2016,DLH,MN,AGL,CE,Combined TRACON& Tower with Radar,2,13,7,0,22,0,2,9,0,11,2,15,16,0,33,28,0,28,61
12/25/2016,DLH,MN,AGL,CE,Combined TRACON& Tower with Radar,0,8,0,0,8,0,2,1,0,3,0,10,1,0,11,0,0,0,11
12/26/2016,DLH,MN,AGL,CE,Combined TRACON& Tower with Radar,0,0,3,0,3,0,0,0,0,0,0,0,3,0,3,0,0,0,3
12/27/2016,DLH,MN,AGL,CE,Combined TRACON& Tower with Radar,5,19,23,12,59,0,10,28,0,38,5,29,51,12,97,59,12,71,168
12/28/2016,DLH,MN,AGL,CE,Combined TRACON& Tower with Radar,2,16,15,0,33,0,0,4,0,4,2,16,19,0,37,6,0,6,43
12/29/2016,DLH,MN,AGL,CE,Combined TRACON& Tower with Radar,4,20,32,6,62,0,3,6,0,9,4,23,38,6,71,24,0,24,95
12/30/2016,DLH,MN,AGL,CE,Combined TRACON& Tower with Radar,2,20,20,0,42,0,0,16,0,16,2,20,36,0,58,71,0,71,129
12/31/2016,DLH,MN,AGL,CE,Combined TRACON& Tower with Radar,4,14,5,0,23,0,0,10,1,11,4,14,15,1,34,32,0,32,66
01/01/2017,DLH,MN,AGL,CE,Combined TRACON& Tower with Radar,2,15,8,0,25,0,2,6,0,8,2,17,14,0,33,4,0,4,37
01/02/2017,DLH,MN,AGL,CE,Combined TRACON& Tower with Radar,2,13,1,0,16,0,0,0,0,0,2,13,1,0,16,38,0,38,54
01/03/2017,DLH,MN,AGL,CE,Combined TRACON& Tower with Radar,2,21,19,2,44,0,1,16,0,17,2,22,35,2,61,35,0,35,96
01/04/2017,DLH,MN,AGL,CE,Combined TRACON& Tower with Radar,2,25,33,12,72,0,0,28,0,28,2,25,61,12,100,51,9,60,160
01/05/2017,DLH,MN,AGL,CE,Combined TRACON& Tower with Radar,2,19,51,13,85,0,1,40,0,41,2,20,91,13,126,47,0,47,173
01/06/2017,DLH,MN,AGL,CE,Combined TRACON& Tower with Radar,3,16,34,0,53,1,2,31,0,34,4,18,65,0,87,35,0,35,122
01/07/2017,DLH,MN,AGL,CE,Combined TRACON& Tower with Radar,4,11,9,0,24,0,1,10,0,11,4,12,19,0,35,33,0,33,68
01/08/2017,DLH,MN,AGL,CE,Combined TRACON& Tower with Radar,2,12,14,0,28,0,0,7,0,7,2,12,21,0,35,24,0,24,59
01/09/2017,DLH,MN,AGL,CE,Combined TRACON& Tower with Radar,2,16,18,2,38,0,0,4,0,4,2,16,22,2,42,0,0,0,42
01/10/2017,DLH,MN,AGL,CE,Combined TRACON& Tower with Radar,6,13,7,0,26,0,1,0,0,1,6,14,7,0,27,0,0,0,27
01/11/2017,DLH,MN,AGL,CE,Combined TRACON& Tower with Radar,3,19,24,10,56,0,4,34,0,38,3,23,58,10,94,70,0,70,164
01/12/2017,DLH,MN,AGL,CE,Combined TRACON& Tower with Radar,1,22,22,0,45,0,2,23,0,25,1,24,45,0,70,32,0,32,102
01/13/2017,DLH,MN,AGL,CE,Combined TRACON& Tower with Radar,2,19,28,10,59,0,3,58,0,61,2,22,86,10,120,77,6,83,203
01/14/2017,DLH,MN,AGL,CE,Combined TRACON& Tower with Radar,2,10,23,0,35,0,2,26,0,28,2,12,49,0,63,68,0,68,131
01/15/2017,DLH,MN,AGL,CE,Combined TRACON& Tower with Radar,2,10,13,0,25,0,2,27,0,29,2,12,40,0,54,35,0,35,89
01/16/2017,DLH,MN,AGL,CE,Combined TRACON& Tower with Radar,4,17,25,0,46,0,4,56,0,60,4,21,81,0,106,142,0,142,248
01/17/2017,DLH,MN,AGL,CE,Combined TRACON& Tower with Radar,4,17,37,0,58,0,0,56,4,60,4,17,93,4,118,83,0,83,201
01/18/2017,DLH,MN,AGL,CE,Combined TRACON& Tower with Radar,2,24,48,8,82,0,0,81,4,85,2,24,129,12,167,100,10,110,277
01/19/2017,DLH,MN,AGL,CE,Combined TRACON& Tower with Radar,2,17,31,11,61,0,0,36,12,48,2,17,67,23,109,101,12,113,222
01/20/2017,DLH,MN,AGL,CE,Combined TRACON& Tower with Radar,3,19,18,8,48,0,0,0,0,0,3,19,18,8,48,0,0,0,48
01/21/2017,DLH,MN,AGL,CE,Combined TRACON& Tower with Radar,4,7,3,0,14,0,0,0,0,0,4,7,3,0,14,0,0,0,14
01/22/2017,DLH,MN,AGL,CE,Combined TRACON& Tower with Radar,3,14,3,0,20,0,0,0,0,0,3,14,3,0,20,0,0,0,20
01/23/2017,DLH,MN,AGL,CE,Combined TRACON& Tower with Radar,2,17,20,13,52,0,0,4,0,4,2,17,24,13,56,18,19,37,93
01/24/2017,DLH,MN,AGL,CE,Combined TRACON& Tower with Radar,2,18,42,25,87,0,1,24,0,25,2,19,66,25,112,102,8,110,222
01/25/2017,DLH,MN,AGL,CE,Combined TRACON& Tower with Radar,2,22,18,21,63,0,0,3,0,3,2,22,21,21,66,38,23,61,127
01/26/2017,DLH,MN,AGL,CE,Combined TRACON& Tower with Radar,2,25,48,4,79,0,0,31,0,31,2,25,79,4,110,76,0,76,186
01/27/2017,DLH,MN,AGL,CE,Combined TRACON& Tower with Radar,2,19,41,0,62,0,0,65,0,65,2,19,106,0,127,152,0,152,279
01/28/2017,DLH,MN,AGL,CE,Combined TRACON& Tower with Radar,2,10,23,0,35,0,1,16,0,17,2,11,39,0,52,25,0,25,77
01/29/2017,DLH,MN,AGL,CE,Combined TRACON& Tower with Radar,2,16,38,0,56,0,5,33,0,38,2,21,71,0,94,67,0,67,161
01/30/2017,DLH,MN,AGL,CE,Combined TRACON& Tower with Radar,2,20,38,0,60,0,0,1,0,1,2,20,39,0,61,4,0,4,65
01/31/2017,DLH,MN,AGL,CE,Combined TRACON& Tower with Radar,2,21,40,12,75,0,0,20,0,20,2,21,60,12,95,76,12,88,183
02/01/2017,DLH,MN,AGL,CE,Combined TRACON& Tower with Radar,2,21,48,3,74,0,6,68,0,74,2,27,116,3,148,71,2,73,221
02/02/2017,DLH,MN,AGL,CE,Combined TRACON& Tower with Radar,2,18,43,3,66,0,0,46,4,50,2,18,89,7,116,48,15,63,179
02/03/2017,DLH,MN,AGL,CE,Combined TRACON& Tower with Radar,2,16,49,0,67,0,0,55,2,57,2,16,104,2,124,130,0,130,254
02/04/2017,DLH,MN,AGL,CE,Combined TRACON& Tower with Radar,4,10,7,8,29,0,5,8,0,13,4,15,15,8,42,54,0,54,96
02/05/2017,DLH,MN,AGL,CE,Combined TRACON& Tower with Radar,2,11,21,2,36,0,0,29,0,29,2,11,50,2,65,42,0,42,107
02/06/2017,DLH,MN,AGL,CE,Combined TRACON& Tower with Radar,2,14,39,0,55,0,0,21,0,21,2,14,60,0,76,44,0,44,120
02/07/2017,DLH,MN,AGL,CE,Combined TRACON& Tower with Radar,4,16,11,14,45,0,1,5,1,7,4,17,16,15,52,25,38,63,115
02/08/2017,DLH,MN,AGL,CE,Combined TRACON& Tower with Radar,2,18,37,22,79,0,1,64,0,65,2,19,101,22,144,101,33,134,278
02/09/2017,DLH,MN,AGL,CE,Combined TRACON& Tower with Radar,2,18,57,12,89,0,0,68,1,69,2,18,125,13,158,97,12,109,267
02/10/2017,DLH,MN,AGL,CE,Combined TRACON& Tower with Radar,2,24,35,16,77,0,5,45,0,50,2,29,80,16,127,104,0,104,231
02/11/2017,DLH,MN,AGL,CE,Combined TRACON& Tower with Radar,2,14,3,0,19,0,0,0,0,0,2,14,3,0,19,0,0,0,19
02/12/2017,DLH,MN,AGL,CE,Combined TRACON& Tower with Radar,2,16,14,0,32,0,6,15,0,21,2,22,29,0,53,12,0,12,65
02/13/2017,DLH,MN,AGL,CE,Combined TRACON& Tower with Radar,3,15,40,18,76,0,2,57,0,59,3,17,97,18,135,63,18,81,216
02/14/2017,DLH,MN,AGL,CE,Combined TRACON& Tower with Radar,4,17,26,5,52,0,0,21,0,21,4,17,47,5,73,13,2,15,88
02/15/2017,DLH,MN,AGL,CE,Combined TRACON& Tower with Radar,4,21,53,13,91,0,2,70,0,72,4,23,123,13,163,93,6,99,262
02/16/2017,DLH,MN,AGL,CE,Combined TRACON& Tower with Radar,2,24,46,22,94,0,13,76,6,95,2,37,122,28,189,131,21,152,341
02/17/2017,DLH,MN,AGL,CE,Combined TRACON& Tower with Radar,3,25,37,0,65,0,9,53,1,63,3,34,90,1,128,145,0,145,273
02/18/2017,DLH,MN,AGL,CE,Combined TRACON& Tower with Radar,5,11,17,0,33,0,13,26,0,39,5,24,43,0,72,49,0,49,121
02/19/2017,DLH,MN,AGL,CE,Combined TRACON& Tower with Radar,4,8,28,0,40,0,0,39,0,39,4,8,67,0,79,17,0,17,96
02/20/2017,DLH,MN,AGL,CE,Combined TRACON& Tower with Radar,4,17,18,0,39,0,6,18,0,24,4,23,36,0,63,10,0,10,73
02/21/2017,DLH,MN,AGL,CE,Combined TRACON& Tower with Radar,4,15,32,10,61,0,0,51,0,51,4,15,83,10,112,51,10,61,173
02/22/2017,DLH,MN,AGL,CE,Combined TRACON& Tower with Radar,4,18,28,15,65,0,1,43,2,46,4,19,71,17,111,66,32,98,209
02/23/2017,DLH,MN,AGL,CE,Combined TRACON& Tower with Radar,6,21,41,37,105,0,1,14,0,15,6,22,55,37,120,89,34,123,243
02/24/2017,DLH,MN,AGL,CE,Combined TRACON& Tower with Radar,6,18,28,9,61,0,2,26,0,28,6,20,54,9,89,156,0,156,245
02/25/2017,DLH,MN,AGL,CE,Combined TRACON& Tower with Radar,4,13,16,0,33,0,1,37,0,38,4,14,53,0,71,57,0,57,128
02/26/2017,DLH,MN,AGL,CE,Combined TRACON& Tower with Radar,2,14,9,0,25,0,2,8,0,10,2,16,17,0,35,38,0,38,73
02/27/2017,DLH,MN,AGL,CE,Combined TRACON& Tower with Radar,4,12,27,16,59,0,4,41,0,45,4,16,68,16,104,93,0,93,197
02/28/2017,DLH,MN,AGL,CE,Combined TRACON& Tower with Radar,8,19,21,0,48,0,0,0,0,0,8,19,21,0,48,4,0,4,52
03/01/2017,DLH,MN,AGL,CE,Combined TRACON& Tower with Radar,5,24,35,11,75,0,0,43,1,44,5,24,78,12,119,141,14,155,274
03/02/2017,DLH,MN,AGL,CE,Combined TRACON& Tower with Radar,4,14,37,4,59,0,3,43,3,49,4,17,80,7,108,118,8,126,234
03/03/2017,DLH,MN,AGL,CE,Combined TRACON& Tower with Radar,4,14,35,1,54,0,8,58,0,66,4,22,93,1,120,242,0,242,362
03/04/2017,DLH,MN,AGL,CE,Combined TRACON& Tower with Radar,2,12,25,2,41,0,4,32,0,36,2,16,57,2,77,85,3,88,165
03/05/2017,DLH,MN,AGL,CE,Combined TRACON& Tower with Radar,2,13,34,1,50,0,2,16,0,18,2,15,50,1,68,60,0,60,128
03/06/2017,DLH,MN,AGL,CE,Combined TRACON& Tower with Radar,2,13,9,0,24,0,0,0,0,0,2,13,9,0,24,0,0,0,24
03/07/2017,DLH,MN,AGL,CE,Combined TRACON& Tower with Radar,7,19,13,16,55,0,2,0,0,2,7,21,13,16,57,0,28,28,85
03/08/2017,DLH,MN,AGL,CE,Combined TRACON& Tower with Radar,6,17,20,14,57,0,2,15,0,17,6,19,35,14,74,0,9,9,83
03/09/2017,DLH,MN,AGL,CE,Combined TRACON& Tower with Radar,5,19,52,16,92,0,4,92,10,106,5,23,144,26,198,85,53,138,336
03/10/2017,DLH,MN,AGL,CE,Combined TRACON& Tower with Radar,6,16,57,10,89,0,4,55,0,59,6,20,112,10,148,109,0,109,257
03/11/2017,DLH,MN,AGL,CE,Combined TRACON& Tower with Radar,8,13,27,0,48,0,4,23,0,27,8,17,50,0,75,28,28,56,131
03/12/2017,DLH,MN,AGL,CE,Combined TRACON& Tower with Radar,8,13,9,0,30,0,5,10,2,17,8,18,19,2,47,14,9,23,70
03/13/2017,DLH,MN,AGL,CE,Combined TRACON& Tower with Radar,9,14,33,14,70,0,5,38,2,45,9,19,71,16,115,148,0,148,263
03/14/2017,DLH,MN,AGL,CE,Combined TRACON& Tower with Radar,7,15,29,17,68,0,3,58,0,61,7,18,87,17,129,102,8,110,239
03/15/2017,DLH,MN,AGL,CE,Combined TRACON& Tower with Radar,8,19,46,7,80,0,5,72,0,77,8,24,118,7,157,106,2,108,265
03/16/2017,DLH,MN,AGL,CE,Combined TRACON& Tower with Radar,8,16,38,19,81,0,3,56,0,59,8,19,94,19,140,68,23,91,231
03/17/2017,DLH,MN,AGL,CE,Combined TRACON& Tower with Radar,6,19,15,0,40,0,0,0,0,0,6,19,15,0,40,0,0,0,40
03/18/2017,DLH,MN,AGL,CE,Combined TRACON& Tower with Radar,6,12,21,5,44,0,0,23,0,23,6,12,44,5,67,36,8,44,111
03/19/2017,DLH,MN,AGL,CE,Combined TRACON& Tower with Radar,6,8,22,0,36,0,8,32,0,40,6,16,54,0,76,52,0,52,128
03/20/2017,DLH,MN,AGL,CE,Combined TRACON& Tower with Radar,6,12,53,8,79,0,2,60,0,62,6,14,113,8,141,131,10,141,282
03/21/2017,DLH,MN,AGL,CE,Combined TRACON& Tower with Radar,6,25,35,11,77,0,9,37,0,46,6,34,72,11,123,74,6,80,203
03/22/2017,DLH,MN,AGL,CE,Combined TRACON& Tower with Radar,6,18,33,8,65,0,2,44,1,47,6,20,77,9,112,158,4,162,274
03/23/2017,DLH,MN,AGL,CE,Combined TRACON& Tower with Radar,6,14,35,8,63,0,0,22,0,22,6,14,57,8,85,44,0,44,129
03/24/2017,DLH,MN,AGL,CE,Combined TRACON& Tower with Radar,5,23,31,0,59,0,0,6,0,6,5,23,37,0,65,2,0,2,67
03/25/2017,DLH,MN,AGL,CE,Combined TRACON& Tower with Radar,6,15,29,1,51,0,1,10,0,11,6,16,39,1,62,4,0,4,66
03/26/2017,DLH,MN,AGL,CE,Combined TRACON& Tower with Radar,7,9,7,0,23,0,0,0,0,0,7,9,7,0,23,0,0,0,23
03/27/2017,DLH,MN,AGL,CE,Combined TRACON& Tower with Radar,6,14,32,14,66,0,3,40,0,43,6,17,72,14,109,69,11,80,189
03/28/2017,DLH,MN,AGL,CE,Combined TRACON& Tower with Radar,4,22,43,12,81,0,3,73,4,80,4,25,116,16,161,78,28,106,267
03/29/2017,DLH,MN,AGL,CE,Combined TRACON& Tower with Radar,6,23,44,12,85,0,3,47,2,52,6,26,91,14,137,59,14,73,210
03/30/2017,DLH,MN,AGL,CE,Combined TRACON& Tower with Radar,6,18,23,31,78,0,0,49,0,49,6,18,72,31,127,91,69,160,287
03/31/2017,DLH,MN,AGL,CE,Combined TRACON& Tower with Radar,6,18,33,2,59,0,7,57,1,65,6,25,90,3,124,177,0,177,301
04/01/2017,DLH,MN,AGL,CE,Combined TRACON& Tower with Radar,1,18,21,4,44,0,6,70,0,76,1,24,91,4,120,125,0,125,245
04/02/2017,DLH,MN,AGL,CE,Combined TRACON& Tower with Radar,2,16,10,1,29,0,7,21,0,28,2,23,31,1,57,20,2,22,79
04/03/2017,DLH,MN,AGL,CE,Combined TRACON& Tower with Radar,4,16,29,12,61,0,0,20,0,20,4,16,49,12,81,6,10,16,97
04/04/2017,DLH,MN,AGL,CE,Combined TRACON& Tower with Radar,4,18,36,16,74,0,4,39,4,47,4,22,75,20,121,126,13,139,260
04/05/2017,DLH,MN,AGL,CE,Combined TRACON& Tower with Radar,4,24,23,13,64,0,1,57,0,58,4,25,80,13,122,124,4,128,250
04/06/2017,DLH,MN,AGL,CE,Combined TRACON& Tower with Radar,4,19,48,15,86,0,15,71,4,90,4,34,119,19,176,110,8,118,294
04/07/2017,DLH,MN,AGL,CE,Combined TRACON& Tower with Radar,4,20,29,11,64,0,4,63,0,67,4,24,92,11,131,57,10,67,198
04/08/2017,DLH,MN,AGL,CE,Combined TRACON& Tower with Radar,0,17,9,2,28,0,6,37,9,52,0,23,46,11,80,22,5,27,107
04/09/2017,DLH,MN,AGL,CE,Combined TRACON& Tower with Radar,4,17,8,0,29,0,4,14,0,18,4,21,22,0,47,20,0,20,67
04/10/2017,DLH,MN,AGL,CE,Combined TRACON& Tower with Radar,4,21,28,14,67,0,2,37,3,42,4,23,65,17,109,100,4,104,213
04/11/2017,DLH,MN,AGL,CE,Combined TRACON& Tower with Radar,4,24,21,35,84,0,5,81,5,91,4,29,102,40,175,129,47,176,351
04/12/2017,DLH,MN,AGL,CE,Combined TRACON& Tower with Radar,4,20,31,14,69,0,2,86,2,90,4,22,117,16,159,171,52,223,382
04/13/2017,DLH,MN,AGL,CE,Combined TRACON& Tower with Radar,6,22,40,27,95,0,0,96,6,102,6,22,136,33,197,121,53,174,371
04/14/2017,DLH,MN,AGL,CE,Combined TRACON& Tower with Radar,6,20,34,2,62,0,10,31,0,41,6,30,65,2,103,98,0,98,201
04/15/2017,DLH,MN,AGL,CE,Combined TRACON& Tower with Radar,2,27,26,0,55,0,2,15,0,17,2,29,41,0,72,20,2,22,94
04/16/2017,DLH,MN,AGL,CE,Combined TRACON& Tower with Radar,1,12,7,0,20,0,0,7,0,7,1,12,14,0,27,0,0,0,27
04/17/2017,DLH,MN,AGL,CE,Combined TRACON& Tower with Radar,3,19,33,26,81,0,0,19,0,19,3,19,52,26,100,49,4,53,153
04/18/2017,DLH,MN,AGL,CE,Combined TRACON& Tower with Radar,6,21,22,0,49,0,0,0,0,0,6,21,22,0,49,0,0,0,49
04/19/2017,DLH,MN,AGL,CE,Combined TRACON& Tower with Radar,3,21,56,14,94,0,5,30,0,35,3,26,86,14,129,76,0,76,205
04/20/2017,DLH,MN,AGL,CE,Combined TRACON& Tower with Radar,5,18,8,2,33,0,0,2,0,2,5,18,10,2,35,0,0,0,35
04/21/2017,DLH,MN,AGL,CE,Combined TRACON& Tower with Radar,6,25,50,12,93,0,7,89,1,97,6,32,139,13,190,93,0,93,283
04/22/2017,DLH,MN,AGL,CE,Combined TRACON& Tower with Radar,2,14,28,10,54,0,4,45,8,57,2,18,73,18,111,61,23,84,195
04/23/2017,DLH,MN,AGL,CE,Combined TRACON& Tower with Radar,3,12,1,0,16,0,10,4,0,14,3,22,5,0,30,2,0,2,32
04/24/2017,DLH,MN,AGL,CE,Combined TRACON& Tower with Radar,5,16,28,2,51,0,1,25,0,26,5,17,53,2,77,36,0,36,113
04/25/2017,DLH,MN,AGL,CE,Combined TRACON& Tower with Radar,4,22,31,10,67,0,4,41,1,46,4,26,72,11,113,121,0,121,234
04/26/2017,DLH,MN,AGL,CE,Combined TRACON& Tower with Radar,6,18,11,0,35,0,0,0,0,0,6,18,11,0,35,0,0,0,35
04/27/2017,DLH,MN,AGL,CE,Combined TRACON& Tower with Radar,4,22,48,14,88,0,0,10,0,10,4,22,58,14,98,130,0,130,228
04/28/2017,DLH,MN,AGL,CE,Combined TRACON& Tower with Radar,8,18,52,5,83,0,4,45,0,49,8,22,97,5,132,87,4,91,223
04/29/2017,DLH,MN,AGL,CE,Combined TRACON& Tower with Radar,6,17,33,0,56,0,8,69,3,80,6,25,102,3,136,135,3,138,274
04/30/2017,DLH,MN,AGL,CE,Combined TRACON& Tower with Radar,3,13,23,0,39,0,2,17,0,19,3,15,40,0,58,64,0,64,122
05/01/2017,DLH,MN,AGL,CE,Combined TRACON& Tower with Radar,1,20,11,0,32,0,0,0,0,0,1,20,11,0,32,0,0,0,32
05/02/2017,DLH,MN,AGL,CE,Combined TRACON& Tower with Radar,3,28,52,12,95,0,0,75,0,75,3,28,127,12,170,237,0,237,407
05/03/2017,DLH,MN,AGL,CE,Combined TRACON& Tower with Radar,2,18,42,12,74,0,1,47,5,53,2,19,89,17,127,59,30,89,216
05/04/2017,DLH,MN,AGL,CE,Combined TRACON& Tower with Radar,2,20,53,8,83,0,3,99,1,103,2,23,152,9,186,171,5,176,362
05/05/2017,DLH,MN,AGL,CE,Combined TRACON& Tower with Radar,1,22,38,5,66,0,5,71,0,76,1,27,109,5,142,102,8,110,252
05/06/2017,DLH,MN,AGL,CE,Combined TRACON& Tower with Radar,3,14,18,0,35,0,0,33,1,34,3,14,51,1,69,54,0,54,123
05/07/2017,DLH,MN,AGL,CE,Combined TRACON& Tower with Radar,3,13,20,1,37,0,19,42,0,61,3,32,62,1,98,17,0,17,115
05/08/2017,DLH,MN,AGL,CE,Combined TRACON& Tower with Radar,2,18,32,14,66,0,0,51,0,51,2,18,83,14,117,102,26,128,245
05/09/2017,DLH,MN,AGL,CE,Combined TRACON& Tower with Radar,2,19,41,16,78,0,3,47,1,51,2,22,88,17,129,119,12,131,260
05/10/2017,DLH,MN,AGL,CE,Combined TRACON& Tower with Radar,2,20,35,21,78,0,5,76,6,87,2,25,111,27,165,103,65,168,333
05/11/2017,DLH,MN,AGL,CE,Combined TRACON& Tower with Radar,2,23,51,9,85,0,2,74,0,76,2,25,125,9,161,101,4,105,266
05/12/2017,DLH,MN,AGL,CE,Combined TRACON& Tower with Radar,2,23,48,0,73,0,2,68,0,70,2,25,116,0,143,228,0,228,371
05/13/2017,DLH,MN,AGL,CE,Combined TRACON& Tower with Radar,1,16,16,0,33,0,2,48,0,50,1,18,64,0,83,114,0,114,197
05/14/2017,DLH,MN,AGL,CE,Combined TRACON& Tower with Radar,1,14,24,0,39,0,2,18,0,20,1,16,42,0,59,20,0,20,79
05/15/2017,DLH,MN,AGL,CE,Combined TRACON& Tower with Radar,2,17,15,4,38,0,1,30,0,31,2,18,45,4,69,78,0,78,147
05/16/2017,DLH,MN,AGL,CE,Combined TRACON& Tower with Radar,1,23,11,0,35,0,0,0,0,0,1,23,11,0,35,0,0,0,35
05/17/2017,DLH,MN,AGL,CE,Combined TRACON& Tower with Radar,7,21,24,2,54,0,0,0,0,0,7,21,24,2,54,0,0,0,54
05/18/2017,DLH,MN,AGL,CE,Combined TRACON& Tower with Radar,2,25,41,14,82,0,2,42,1,45,2,27,83,15,127,76,10,86,213
05/19/2017,DLH,MN,AGL,CE,Combined TRACON& Tower with Radar,4,28,30,14,76,0,3,60,2,65,4,31,90,16,141,87,0,87,228
05/20/2017,DLH,MN,AGL,CE,Combined TRACON& Tower with Radar,0,17,15,9,41,0,5,12,0,17,0,22,27,9,58,29,0,29,87
05/21/2017,DLH,MN,AGL,CE,Combined TRACON& Tower with Radar,2,17,10,0,29,0,0,0,0,0,2,17,10,0,29,0,0,0,29
05/22/2017,DLH,MN,AGL,CE,Combined TRACON& Tower with Radar,4,17,53,5,79,0,1,19,0,20,4,18,72,5,99,34,0,34,133
05/23/2017,DLH,MN,AGL,CE,Combined TRACON& Tower with Radar,3,22,41,16,82,0,0,45,0,45,3,22,86,16,127,125,4,129,256
05/24/2017,DLH,MN,AGL,CE,Combined TRACON& Tower with Radar,2,19,61,13,95,0,6,90,1,97,2,25,151,14,192,124,4,128,320
05/25/2017,DLH,MN,AGL,CE,Combined TRACON& Tower with Radar,2,22,48,10,82,0,4,78,0,82,2,26,126,10,164,146,16,162,326
05/26/2017,DLH,MN,AGL,CE,Combined TRACON& Tower with Radar,3,18,29,5,55,0,4,28,1,33,3,22,57,6,88,36,0,36,124
05/27/2017,DLH,MN,AGL,CE,Combined TRACON& Tower with Radar,7,16,34,0,57,0,3,31,0,34,7,19,65,0,91,9,0,9,100
05/28/2017,DLH,MN,AGL,CE,Combined TRACON& Tower with Radar,1,13,8,1,23,0,0,4,1,5,1,13,12,2,28,0,0,0,28
05/29/2017,DLH,MN,AGL,CE,Combined TRACON& Tower with Radar,1,17,9,0,27,0,1,1,1,3,1,18,10,1,30,0,0,0,30
05/30/2017,DLH,MN,AGL,CE,Combined TRACON& Tower with Radar,3,18,65,10,96,0,0,7,0,7,3,18,72,10,103,24,0,24,127
05/31/2017,DLH,MN,AGL,CE,Combined TRACON& Tower with Radar,4,20,37,22,83,0,1,65,0,66,4,21,102,22,149,59,8,67,216
06/01/2017,DLH,MN,AGL,CE,Combined TRACON& Tower with Radar,2,27,33,21,83,0,3,67,3,73,2,30,100,24,156,23,30,53,209
06/02/2017,DLH,MN,AGL,CE,Combined TRACON& Tower with Radar,2,34,11,3,50,0,4,68,7,79,2,38,79,10,129,25,5,30,159
06/03/2017,DLH,MN,AGL,CE,Combined TRACON& Tower with Radar,1,15,22,2,40,0,6,29,1,36,1,21,51,3,76,0,0,0,76
06/04/2017,DLH,MN,AGL,CE,Combined TRACON& Tower with Radar,5,11,30,8,54,0,4,101,1,106,5,15,131,9,160,44,0,44,204
06/05/2017,DLH,MN,AGL,CE,Combined TRACON& Tower with Radar,4,25,35,19,83,0,0,61,2,63,4,25,96,21,146,106,10,116,262
06/06/2017,DLH,MN,AGL,CE,Combined TRACON& Tower with Radar,2,26,45,23,96,0,2,68,3,73,2,28,113,26,169,0,0,0,169
06/07/2017,DLH,MN,AGL,CE,Combined TRACON& Tower with Radar,2,24,24,16,66,0,0,55,1,56,2,24,79,17,122,119,12,131,253
06/08/2017,DLH,MN,AGL,CE,Combined TRACON& Tower with Radar,2,28,25,20,75,0,8,44,2,54,2,36,69,22,129,40,0,40,169
06/09/2017,DLH,MN,AGL,CE,Combined TRACON& Tower with Radar,4,25,26,12,67,0,7,81,0,88,4,32,107,12,155,71,13,84,239
06/10/2017,DLH,MN,AGL,CE,Combined TRACON& Tower with Radar,0,15,26,5,46,0,5,24,1,30,0,20,50,6,76,34,28,62,138
06/11/2017,DLH,MN,AGL,CE,Combined TRACON& Tower with Radar,4,24,27,0,55,0,2,13,0,15,4,26,40,0,70,23,0,23,93
06/12/2017,DLH,MN,AGL,CE,Combined TRACON& Tower with Radar,4,29,30,14,77,0,5,90,6,101,4,34,120,20,178,96,4,100,278
06/13/2017,DLH,MN,AGL,CE,Combined TRACON& Tower with Radar,2,26,27,11,66,0,2,20,2,24,2,28,47,13,90,62,6,68,158
06/14/2017,DLH,MN,AGL,CE,Combined TRACON& Tower with Radar,1,22,38,7,68,0,1,30,6,37,1,23,68,13,105,39,0,39,144
06/15/2017,DLH,MN,AGL,CE,Combined TRACON& Tower with Radar,5,24,37,24,90,0,3,53,16,72,5,27,90,40,162,37,0,37,199
06/16/2017,DLH,MN,AGL,CE,Combined TRACON& Tower with Radar,1,25,21,14,61,0,4,78,2,84,1,29,99,16,145,41,6,47,192
06/17/2017,DLH,MN,AGL,CE,Combined TRACON& Tower with Radar,4,23,21,0,48,0,2,24,2,28,4,25,45,2,76,12,0,12,88
06/18/2017,DLH,MN,AGL,CE,Combined TRACON& Tower with Radar,2,26,19,0,47,0,0,7,0,7,2,26,26,0,54,2,0,2,56
06/19/2017,DLH,MN,AGL,CE,Combined TRACON& Tower with Radar,2,19,48,1,70,0,28,48,1,77,2,47,96,2,147,0,0,0,147
06/20/2017,DLH,MN,AGL,CE,Combined TRACON& Tower with Radar,2,27,61,14,104,0,8,70,0,78,2,35,131,14,182,51,10,61,243
06/21/2017,DLH,MN,AGL,CE,Combined TRACON& Tower with Radar,2,24,56,21,103,0,4,63,19,86,2,28,119,40,189,69,22,91,280
06/22/2017,DLH,MN,AGL,CE,Combined TRACON& Tower with Radar,2,38,45,11,96,0,0,81,0,81,2,38,126,11,177,94,22,116,293
06/23/2017,DLH,MN,AGL,CE,Combined TRACON& Tower with Radar,6,18,36,21,81,0,3,55,0,58,6,21,91,21,139,52,12,64,203
06/24/2017,DLH,MN,AGL,CE,Combined TRACON& Tower with Radar,1,25,29,23,78,0,2,14,20,36,1,27,43,43,114,10,6,16,130
06/25/2017,DLH,MN,AGL,CE,Combined TRACON& Tower with Radar,3,16,23,3,45,0,4,12,0,16,3,20,35,3,61,0,0,0,61
06/26/2017,DLH,MN,AGL,CE,Combined TRACON& Tower with Radar,2,29,26,2,59,0,3,56,0,59,2,32,82,2,118,75,0,75,193
06/27/2017,DLH,MN,AGL,CE,Combined TRACON& Tower with Radar,5,21,32,31,89,0,10,74,4,88,5,31,106,35,177,78,37,115,292
06/28/2017,DLH,MN,AGL,CE,Combined TRACON& Tower with Radar,2,27,32,6,67,0,1,5,0,6,2,28,37,6,73,11,0,11,84
06/29/2017,DLH,MN,AGL,CE,Combined TRACON& Tower with Radar,2,28,77,19,126,0,0,12,0,12,2,28,89,19,138,36,0,36,174
06/30/2017,DLH,MN,AGL,CE,Combined TRACON& Tower with Radar,2,22,47,8,79,0,10,40,0,50,2,32,87,8,129,65,4,69,198
07/01/2017,DLH,MN,AGL,CE,Combined TRACON& Tower with Radar,3,19,20,0,42,0,8,33,0,41,3,27,53,0,83,4,0,4,87
07/02/2017,DLH,MN,AGL,CE,Combined TRACON& Tower with Radar,6,14,26,0,46,0,2,29,0,31,6,16,55,0,77,20,0,20,97
07/03/2017,DLH,MN,AGL,CE,Combined TRACON& Tower with Radar,1,19,19,4,43,0,13,44,0,57,1,32,63,4,100,34,0,34,134
07/04/2017,DLH,MN,AGL,CE,Combined TRACON& Tower with Radar,0,16,6,0,22,0,6,21,2,29,0,22,27,2,51,8,2,10,61
07/05/2017,DLH,MN,AGL,CE,Combined TRACON& Tower with Radar,1,33,41,1,76,0,1,58,0,59,1,34,99,1,135,44,7,51,186
07/06/2017,DLH,MN,AGL,CE,Combined TRACON& Tower with Radar,2,25,54,24,105,0,0,56,1,57,2,25,110,25,162,71,19,90,252
07/07/2017,DLH,MN,AGL,CE,Combined TRACON& Tower with Radar,2,24,34,11,71,0,1,44,2,47,2,25,78,13,118,89,0,89,207
07/08/2017,DLH,MN,AGL,CE,Combined TRACON& Tower with Radar,3,21,16,0,40,0,4,39,2,45,3,25,55,2,85,20,0,20,105
07/09/2017,DLH,MN,AGL,CE,Combined TRACON& Tower with Radar,3,15,10,0,28,0,0,22,0,22,3,15,32,0,50,3,2,5,55
07/10/2017,DLH,MN,AGL,CE,Combined TRACON& Tower with Radar,2,22,29,14,67,0,2,62,0,64,2,24,91,14,131,113,14,127,258
07/11/2017,DLH,MN,AGL,CE,Combined TRACON& Tower with Radar,2,21,45,26,94,0,0,49,9,58,2,21,94,35,152,103,23,126,278
07/12/2017,DLH,MN,AGL,CE,Combined TRACON& Tower with Radar,4,20,28,9,61,0,0,1,0,1,4,20,29,9,62,31,0,31,93
07/13/2017,DLH,MN,AGL,CE,Combined TRACON& Tower with Radar,2,23,40,14,79,0,0,5,0,5,2,23,45,14,84,38,0,38,122
07/14/2017,DLH,MN,AGL,CE,Combined TRACON& Tower with Radar,4,23,35,17,79,0,12,95,4,111,4,35,130,21,190,97,26,123,313
07/15/2017,DLH,MN,AGL,CE,Combined TRACON& Tower with Radar,3,22,15,3,43,0,6,35,0,41,3,28,50,3,84,30,0,30,114
07/16/2017,DLH,MN,AGL,CE,Combined TRACON& Tower with Radar,3,17,29,1,50,0,0,27,0,27,3,17,56,1,77,97,0,97,174
07/17/2017,DLH,MN,AGL,CE,Combined TRACON& Tower with Radar,2,19,41,16,78,0,0,61,0,61,2,19,102,16,139,20,8,28,167
07/18/2017,DLH,MN,AGL,CE,Combined TRACON& Tower with Radar,4,30,39,10,83,0,0,43,0,43,4,30,82,10,126,102,0,102,228
07/19/2017,DLH,MN,AGL,CE,Combined TRACON& Tower with Radar,1,26,39,28,94,0,2,60,0,62,1,28,99,28,156,91,27,118,274
07/20/2017,DLH,MN,AGL,CE,Combined TRACON& Tower with Radar,5,25,37,28,95,0,2,83,1,86,5,27,120,29,181,87,34,121,302
07/21/2017,DLH,MN,AGL,CE,Combined TRACON& Tower with Radar,4,27,35,0,66,0,4,75,0,79,4,31,110,0,145,68,0,68,213
07/22/2017,DLH,MN,AGL,CE,Combined TRACON& Tower with Radar,2,17,23,6,48,0,0,19,0,19,2,17,42,6,67,25,0,25,92
07/23/2017,DLH,MN,AGL,CE,Combined TRACON& Tower with Radar,4,19,42,0,65,0,4,9,0,13,4,23,51,0,78,16,0,16,94
07/24/2017,DLH,MN,AGL,CE,Combined TRACON& Tower with Radar,4,21,36,14,75,0,1,70,0,71,4,22,106,14,146,63,0,63,209
07/25/2017,DLH,MN,AGL,CE,Combined TRACON& Tower with Radar,2,24,21,21,68,0,2,48,0,50,2,26,69,21,118,76,0,76,194
07/26/2017,DLH,MN,AGL,CE,Combined TRACON& Tower with Radar,2,28,59,27,116,0,3,86,1,90,2,31,145,28,206,70,20,90,296
07/27/2017,DLH,MN,AGL,CE,Combined TRACON& Tower with Radar,1,24,50,32,107,0,2,79,2,83,1,26,129,34,190,54,25,79,269
07/28/2017,DLH,MN,AGL,CE,Combined TRACON& Tower with Radar,5,26,33,15,79,0,3,74,3,80,5,29,107,18,159,80,16,96,255
07/29/2017,DLH,MN,AGL,CE,Combined TRACON& Tower with Radar,3,19,13,0,35,0,4,48,0,52,3,23,61,0,87,10,0,10,97
07/30/2017,DLH,MN,AGL,CE,Combined TRACON& Tower with Radar,4,22,28,1,55,0,4,36,0,40,4,26,64,1,95,42,6,48,143
07/31/2017,DLH,MN,AGL,CE,Combined TRACON& Tower with Radar,5,19,35,2,61,0,1,73,0,74,5,20,108,2,135,42,0,42,177
08/01/2017,DLH,MN,AGL,CE,Combined TRACON& Tower with Radar,3,20,33,8,64,0,0,78,0,78,3,20,111,8,142,81,2,83,225
08/02/2017,DLH,MN,AGL,CE,Combined TRACON& Tower with Radar,3,27,44,11,85,0,2,68,2,72,3,29,112,13,157,100,2,102,259
08/03/2017,DLH,MN,AGL,CE,Combined TRACON& Tower with Radar,2,23,27,0,52,0,0,3,0,3,2,23,30,0,55,0,0,0,55
08/04/2017,DLH,MN,AGL,CE,Combined TRACON& Tower with Radar,2,22,32,16,72,0,9,52,0,61,2,31,84,16,133,20,8,28,161
08/05/2017,DLH,MN,AGL,CE,Combined TRACON& Tower with Radar,3,27,14,10,54,0,9,58,2,69,3,36,72,12,123,26,4,30,153
08/06/2017,DLH,MN,AGL,CE,Combined TRACON& Tower with Radar,3,19,17,6,45,0,0,40,0,40,3,19,57,6,85,17,8,25,110
08/07/2017,DLH,MN,AGL,CE,Combined TRACON& Tower with Radar,2,24,32,11,69,0,4,68,0,72,2,28,100,11,141,184,0,184,325
08/08/2017,DLH,MN,AGL,CE,Combined TRACON& Tower with Radar,3,27,36,15,81,0,4,56,0,60,3,31,92,15,141,81,12,93,234
08/09/2017,DLH,MN,AGL,CE,Combined TRACON& Tower with Radar,7,27,31,32,97,0,0,69,3,72,7,27,100,35,169,54,22,76,245
08/10/2017,DLH,MN,AGL,CE,Combined TRACON& Tower with Radar,3,33,53,0,89,0,0,15,0,15,3,33,68,0,104,67,0,67,171
08/11/2017,DLH,MN,AGL,CE,Combined TRACON& Tower with Radar,2,26,37,0,65,0,1,80,0,81,2,27,117,0,146,56,0,56,202
08/12/2017,DLH,MN,AGL,CE,Combined TRACON& Tower with Radar,3,21,18,0,42,0,18,38,0,56,3,39,56,0,98,51,0,51,149
08/13/2017,DLH,MN,AGL,CE,Combined TRACON& Tower with Radar,3,22,34,2,61,0,8,18,1,27,3,30,52,3,88,51,0,51,139
08/14/2017,DLH,MN,AGL,CE,Combined TRACON& Tower with Radar,4,22,46,1,73,0,4,29,0,33,4,26,75,1,106,64,10,74,180
08/15/2017,DLH,MN,AGL,CE,Combined TRACON& Tower with Radar,2,28,33,19,82,0,2,79,2,83,2,30,112,21,165,141,4,145,310
08/16/2017,DLH,MN,AGL,CE,Combined TRACON& Tower with Radar,2,33,27,0,62,0,3,19,0,22,2,36,46,0,84,54,0,54,138
08/17/2017,DLH,MN,AGL,CE,Combined TRACON& Tower with Radar,3,28,26,4,61,0,0,2,0,2,3,28,28,4,63,0,0,0,63
08/18/2017,DLH,MN,AGL,CE,Combined TRACON& Tower with Radar,2,30,32,6,70,0,1,62,0,63,2,31,94,6,133,57,0,57,190
08/19/2017,DLH,MN,AGL,CE,Combined TRACON& Tower with Radar,2,19,20,0,41,0,8,45,0,53,2,27,65,0,94,42,0,42,136
08/20/2017,DLH,MN,AGL,CE,Combined TRACON& Tower with Radar,2,19,26,0,47,0,3,16,0,19,2,22,42,0,66,4,0,4,70
08/21/2017,DLH,MN,AGL,CE,Combined TRACON& Tower with Radar,1,21,35,5,62,0,5,45,0,50,1,26,80,5,112,96,2,98,210
08/22/2017,DLH,MN,AGL,CE,Combined TRACON& Tower with Radar,4,28,32,16,80,0,1,45,1,47,4,29,77,17,127,53,14,67,194
08/23/2017,DLH,MN,AGL,CE,Combined TRACON& Tower with Radar,2,20,44,16,82,0,9,84,0,93,2,29,128,16,175,124,0,124,299
08/24/2017,DLH,MN,AGL,CE,Combined TRACON& Tower with Radar,2,24,54,11,91,0,4,92,0,96,2,28,146,11,187,67,4,71,258
08/25/2017,DLH,MN,AGL,CE,Combined TRACON& Tower with Radar,2,20,50,0,72,0,0,116,0,116,2,20,166,0,188,117,0,117,305
08/26/2017,DLH,MN,AGL,CE,Combined TRACON& Tower with Radar,2,20,9,0,31,0,2,0,0,2,2,22,9,0,33,0,0,0,33
08/27/2017,DLH,MN,AGL,CE,Combined TRACON& Tower with Radar,3,18,24,10,55,0,3,3,0,6,3,21,27,10,61,35,0,35,96
08/28/2017,DLH,MN,AGL,CE,Combined TRACON& Tower with Radar,2,19,61,0,82,0,4,41,0,45,2,23,102,0,127,78,0,78,205
08/29/2017,DLH,MN,AGL,CE,Combined TRACON& Tower with Radar,4,19,43,6,72,0,9,77,0,86,4,28,120,6,158,132,0,132,290
08/30/2017,DLH,MN,AGL,CE,Combined TRACON& Tower with Radar,2,20,47,3,72,0,6,61,0,67,2,26,108,3,139,104,0,104,243
08/31/2017,DLH,MN,AGL,CE,Combined TRACON& Tower with Radar,2,24,50,1,77,0,4,71,1,76,2,28,121,2,153,201,0,201,354
09/01/2017,DLH,MN,AGL,CE,Combined TRACON& Tower with Radar,3,22,40,2,67,0,1,82,0,83,3,23,122,2,150,103,0,103,253
09/02/2017,DLH,MN,AGL,CE,Combined TRACON& Tower with Radar,2,22,24,0,48,0,1,17,0,18,2,23,41,0,66,36,0,36,102
09/03/2017,DLH,MN,AGL,CE,Combined TRACON& Tower with Radar,2,15,14,0,31,0,5,32,0,37,2,20,46,0,68,37,0,37,105
09/04/2017,DLH,MN,AGL,CE,Combined TRACON& Tower with Radar,4,14,6,0,24,0,3,15,0,18,4,17,21,0,42,7,0,7,49
09/05/2017,DLH,MN,AGL,CE,Combined TRACON& Tower with Radar,2,25,12,0,39,0,0,21,0,21,2,25,33,0,60,38,0,38,98
09/06/2017,DLH,MN,AGL,CE,Combined TRACON& Tower with Radar,2,27,56,4,89,0,0,71,0,71,2,27,127,4,160,131,0,131,291
09/07/2017,DLH,MN,AGL,CE,Combined TRACON& Tower with Radar,2,22,39,0,63,0,0,66,0,66,2,22,105,0,129,143,0,143,272
09/08/2017,DLH,MN,AGL,CE,Combined TRACON& Tower with Radar,6,21,50,6,83,0,2,63,0,65,6,23,113,6,148,126,0,126,274
09/09/2017,DLH,MN,AGL,CE,Combined TRACON& Tower with Radar,0,19,24,0,43,0,14,38,5,57,0,33,62,5,100,67,0,67,167
09/10/2017,DLH,MN,AGL,CE,Combined TRACON& Tower with Radar,2,23,28,2,55,0,4,37,1,42,2,27,65,3,97,20,0,20,117
09/11/2017,DLH,MN,AGL,CE,Combined TRACON& Tower with Radar,4,24,38,0,66,0,2,61,1,64,4,26,99,1,130,74,0,74,204
09/12/2017,DLH,MN,AGL,CE,Combined TRACON& Tower with Radar,2,24,22,2,50,0,7,51,0,58,2,31,73,2,108,102,0,102,210
09/13/2017,DLH,MN,AGL,CE,Combined TRACON& Tower with Radar,1,28,37,0,66,0,1,88,0,89,1,29,125,0,155,148,0,148,303
09/14/2017,DLH,MN,AGL,CE,Combined TRACON& Tower with Radar,1,30,26,0,57,0,7,41,1,49,1,37,67,1,106,72,0,72,178
09/15/2017,DLH,MN,AGL,CE,Combined TRACON& Tower with Radar,1,13,15,0,29,0,0,0,0,0,1,13,15,0,29,2,0,2,31
09/16/2017,DLH,MN,AGL,CE,Combined TRACON& Tower with Radar,5,16,12,1,34,0,0,7,3,10,5,16,19,4,44,0,0,0,44
09/17/2017,DLH,MN,AGL,CE,Combined TRACON& Tower with Radar,2,18,21,1,42,0,9,23,0,32,2,27,44,1,74,68,0,68,142
09/18/2017,DLH,MN,AGL,CE,Combined TRACON& Tower with Radar,2,20,36,0,58,0,2,69,0,71,2,22,105,0,129,179,0,179,308
09/19/2017,DLH,MN,AGL,CE,Combined TRACON& Tower with Radar,2,20,39,2,63,0,5,53,0,58,2,25,92,2,121,82,0,82,203
09/20/2017,DLH,MN,AGL,CE,Combined TRACON& Tower with Radar,2,34,60,3,99,0,4,50,0,54,2,38,110,3,153,78,0,78,231
09/21/2017,DLH,MN,AGL,CE,Combined TRACON& Tower with Radar,3,22,29,0,54,0,5,80,3,88,3,27,109,3,142,99,0,99,241
09/22/2017,DLH,MN,AGL,CE,Combined TRACON& Tower with Radar,2,20,19,0,41,0,5,53,4,62,2,25,72,4,103,53,0,53,156
09/23/2017,DLH,MN,AGL,CE,Combined TRACON& Tower with Radar,3,14,14,0,31,0,1,39,0,40,3,15,53,0,71,50,0,50,121
09/24/2017,DLH,MN,AGL,CE,Combined TRACON& Tower with Radar,2,18,13,0,33,0,0,20,0,20,2,18,33,0,53,8,0,8,61
09/25/2017,DLH,MN,AGL,CE,Combined TRACON& Tower with Radar,2,23,52,11,88,0,0,6,0,6,2,23,58,11,94,33,0,33,127
09/26/2017,DLH,MN,AGL,CE,Combined TRACON& Tower with Radar,2,27,34,0,63,0,0,0,0,0,2,27,34,0,63,0,0,0,63
09/27/2017,DLH,MN,AGL,CE,Combined TRACON& Tower with Radar,2,25,57,0,84,0,11,79,0,90,2,36,136,0,174,156,2,158,332
09/28/2017,DLH,MN,AGL,CE,Combined TRACON& Tower with Radar,2,29,35,1,67,0,0,84,1,85,2,29,119,2,152,107,0,107,259
09/29/2017,DLH,MN,AGL,CE,Combined TRACON& Tower with Radar,5,25,52,2,84,0,3,89,0,92,5,28,141,2,176,146,0,146,322
09/30/2017,DLH,MN,AGL,CE,Combined TRACON& Tower with Radar,4,17,11,1,33,0,1,43,1,45,4,18,54,2,78,73,2,75,153
10/01/2017,DLH,MN,AGL,CE,Combined TRACON& Tower with Radar,3,15,14,0,32,0,1,15,0,16,3,16,29,0,48,27,0,27,75
10/02/2017,DLH,MN,AGL,CE,Combined TRACON& Tower with Radar,5,12,23,2,42,0,0,5,0,5,5,12,28,2,47,11,0,11,58
10/03/2017,DLH,MN,AGL,CE,Combined TRACON& Tower with Radar,5,32,41,0,78,0,0,13,0,13,5,32,54,0,91,4,0,4,95
10/04/2017,DLH,MN,AGL,CE,Combined TRACON& Tower with Radar,4,20,54,1,79,0,1,96,0,97,4,21,150,1,176,68,4,72,248
10/05/2017,DLH,MN,AGL,CE,Combined TRACON& Tower with Radar,4,21,48,1,74,0,10,102,0,112,4,31,150,1,186,146,0,146,332
10/06/2017,DLH,MN,AGL,CE,Combined TRACON& Tower with Radar,4,25,33,0,62,0,2,66,1,69,4,27,99,1,131,173,0,173,304
10/07/2017,DLH,MN,AGL,CE,Combined TRACON& Tower with Radar,2,17,31,0,50,0,4,30,0,34,2,21,61,0,84,18,0,18,102
10/08/2017,DLH,MN,AGL,CE,Combined TRACON& Tower with Radar,4,15,15,0,34,0,9,47,0,56,4,24,62,0,90,46,0,46,136
10/09/2017,DLH,MN,AGL,CE,Combined TRACON& Tower with Radar,4,21,29,1,55,0,2,69,0,71,4,23,98,1,126,74,0,74,200
10/10/2017,DLH,MN,AGL,CE,Combined TRACON& Tower with Radar,4,24,27,0,55,0,0,75,0,75,4,24,102,0,130,145,0,145,275
10/11/2017,DLH,MN,AGL,CE,Combined TRACON& Tower with Radar,4,22,37,5,68,0,10,52,0,62,4,32,89,5,130,61,22,83,213
10/12/2017,DLH,MN,AGL,CE,Combined TRACON& Tower with Radar,4,38,18,0,60,0,1,3,0,4,4,39,21,0,64,39,0,39,103
10/13/2017,DLH,MN,AGL,CE,Combined TRACON& Tower with Radar,3,28,32,0,63,0,1,86,0,87,3,29,118,0,150,83,0,83,233
10/14/2017,DLH,MN,AGL,CE,Combined TRACON& Tower with Radar,5,13,9,2,29,0,6,42,0,48,5,19,51,2,77,102,0,102,179
10/15/2017,DLH,MN,AGL,CE,Combined TRACON& Tower with Radar,6,16,12,0,34,0,0,23,0,23,6,16,35,0,57,53,0,53,110
10/16/2017,DLH,MN,AGL,CE,Combined TRACON& Tower with Radar,6,19,22,3,50,0,2,59,0,61,6,21,81,3,111,68,0,68,179
10/17/2017,DLH,MN,AGL,CE,Combined TRACON& Tower with Radar,4,25,25,2,56,0,4,94,0,98,4,29,119,2,154,134,0,134,288
10/18/2017,DLH,MN,AGL,CE,Combined TRACON& Tower with Radar,4,22,32,0,58,0,0,43,0,43,4,22,75,0,101,52,0,52,153
10/19/2017,DLH,MN,AGL,CE,Combined TRACON& Tower with Radar,4,25,37,2,68,0,1,93,0,94,4,26,130,2,162,87,0,87,249
10/20/2017,DLH,MN,AGL,CE,Combined TRACON& Tower with Radar,4,20,34,0,58,0,20,88,0,108,4,40,122,0,166,92,0,92,258
10/21/2017,DLH,MN,AGL,CE,Combined TRACON& Tower with Radar,4,21,23,0,48,0,0,1,0,1,4,21,24,0,49,0,0,0,49
10/22/2017,DLH,MN,AGL,CE,Combined TRACON& Tower with Radar,4,17,31,0,52,0,6,36,0,42,4,23,67,0,94,20,0,20,114
10/23/2017,DLH,MN,AGL,CE,Combined TRACON& Tower with Radar,4,21,43,0,68,0,5,50,0,55,4,26,93,0,123,89,0,89,212
10/24/2017,DLH,MN,AGL,CE,Combined TRACON& Tower with Radar,4,19,25,0,48,0,0,11,0,11,4,19,36,0,59,0,0,0,59
10/25/2017,DLH,MN,AGL,CE,Combined TRACON& Tower with Radar,4,19,55,0,78,0,2,74,2,78,4,21,129,2,156,170,0,170,326
10/26/2017,DLH,MN,AGL,CE,Combined TRACON& Tower with Radar,7,27,39,0,73,0,2,25,0,27,7,29,64,0,100,22,0,22,122
10/27/2017,DLH,MN,AGL,CE,Combined TRACON& Tower with Radar,3,11,3,0,17,0,0,0,0,0,3,11,3,0,17,0,0,0,17
10/28/2017,DLH,MN,AGL,CE,Combined TRACON& Tower with Radar,7,12,15,0,34,0,0,11,0,11,7,12,26,0,45,23,0,23,68
10/29/2017,DLH,MN,AGL,CE,Combined TRACON& Tower with Radar,4,18,9,0,31,0,0,11,0,11,4,18,20,0,42,55,0,55,97
10/30/2017,DLH,MN,AGL,CE,Combined TRACON& Tower with Radar,7,16,35,0,58,0,3,4,0,7,7,19,39,0,65,5,0,5,70
10/31/2017,DLH,MN,AGL,CE,Combined TRACON& Tower with Radar,4,16,45,0,65,0,9,34,0,43,4,25,79,0,108,98,0,98,206
11/01/2017,DLH,MN,AGL,CE,Combined TRACON& Tower with Radar,2,15,32,0,49,0,0,10,0,10,2,15,42,0,59,20,0,20,79
11/02/2017,DLH,MN,AGL,CE,Combined TRACON& Tower with Radar,9,19,51,0,79,0,0,12,0,12,9,19,63,0,91,70,0,70,161
11/03/2017,DLH,MN,AGL,CE,Combined TRACON& Tower with Radar,2,19,61,0,82,0,1,16,0,17,2,20,77,0,99,169,0,169,268
11/04/2017,DLH,MN,AGL,CE,Combined TRACON& Tower with Radar,2,15,4,0,21,0,0,1,0,1,2,15,5,0,22,0,0,0,22
11/05/2017,DLH,MN,AGL,CE,Combined TRACON& Tower with Radar,4,12,24,0,40,0,2,6,0,8,4,14,30,0,48,45,0,45,93
11/06/2017,DLH,MN,AGL,CE,Combined TRACON& Tower with Radar,5,15,34,0,54,0,4,81,0,85,5,19,115,0,139,102,0,102,241
11/07/2017,DLH,MN,AGL,CE,Combined TRACON& Tower with Radar,6,17,55,0,78,0,13,97,1,111,6,30,152,1,189,99,0,99,288
11/08/2017,DLH,MN,AGL,CE,Combined TRACON& Tower with Radar,4,20,48,0,72,0,0,73,1,74,4,20,121,1,146,175,0,175,321
11/09/2017,DLH,MN,AGL,CE,Combined TRACON& Tower with Radar,5,26,48,0,79,0,0,27,0,27,5,26,75,0,106,77,0,77,183
11/10/2017,DLH,MN,AGL,CE,Combined TRACON& Tower with Radar,7,22,56,0,85,0,0,60,0,60,7,22,116,0,145,110,0,110,255
11/11/2017,DLH,MN,AGL,CE,Combined TRACON& Tower with Radar,6,12,11,0,29,0,0,28,0,28,6,12,39,0,57,60,6,66,123
11/12/2017,DLH,MN,AGL,CE,Combined TRACON& Tower with Radar,6,15,21,0,42,0,1,3,0,4,6,16,24,0,46,35,0,35,81
11/13/2017,DLH,MN,AGL,CE,Combined TRACON& Tower with Radar,7,19,37,0,63,0,2,61,0,63,7,21,98,0,126,194,0,194,320
11/14/2017,DLH,MN,AGL,CE,Combined TRACON& Tower with Radar,2,1,23,0,26,0,0,0,0,0,2,1,23,0,26,0,0,0,26
11/15/2017,DLH,MN,AGL,CE,Combined TRACON& Tower with Radar,2,21,17,0,40,0,0,4,0,4,2,21,21,0,44,4,0,4,48
11/16/2017,DLH,MN,AGL,CE,Combined TRACON& Tower with Radar,7,17,69,3,96,0,0,23,2,25,7,17,92,5,121,42,0,42,163
11/17/2017,DLH,MN,AGL,CE,Combined TRACON& Tower with Radar,5,33,13,0,51,0,0,1,1,2,5,33,14,1,53,0,0,0,53
11/18/2017,DLH,MN,AGL,CE,Combined TRACON& Tower with Radar,5,17,22,0,44,0,0,33,0,33,5,17,55,0,77,104,0,104,181
11/19/2017,DLH,MN,AGL,CE,Combined TRACON& Tower with Radar,3,16,31,1,51,0,11,51,0,62,3,27,82,1,113,197,0,197,310
11/20/2017,DLH,MN,AGL,CE,Combined TRACON& Tower with Radar,4,21,44,2,71,0,0,98,0,98,4,21,142,2,169,158,0,158,327
11/21/2017,DLH,MN,AGL,CE,Combined TRACON& Tower with Radar,4,19,24,0,47,0,0,10,0,10,4,19,34,0,57,73,0,73,130
11/22/2017,DLH,MN,AGL,CE,Combined TRACON& Tower with Radar,4,22,32,0,58,0,6,65,0,71,4,28,97,0,129,151,0,151,280
11/23/2017,DLH,MN,AGL,CE,Combined TRACON& Tower with Radar,2,6,8,0,16,0,4,3,0,7,2,10,11,0,23,0,0,0,23
11/24/2017,DLH,MN,AGL,CE,Combined TRACON& Tower with Radar,4,15,15,0,34,0,2,36,0,38,4,17,51,0,72,14,0,14,86
11/25/2017,DLH,MN,AGL,CE,Combined TRACON& Tower with Radar,6,19,14,0,39,0,6,36,0,42,6,25,50,0,81,150,0,150,231
11/26/2017,DLH,MN,AGL,CE,Combined TRACON& Tower with Radar,4,13,18,0,35,0,2,30,0,32,4,15,48,0,67,212,0,212,279
11/27/2017,DLH,MN,AGL,CE,Combined TRACON& Tower with Radar,3,18,32,2,55,0,0,55,0,55,3,18,87,2,110,133,0,133,243
11/28/2017,DLH,MN,AGL,CE,Combined TRACON& Tower with Radar,2,19,35,6,62,0,4,28,3,35,2,23,63,9,97,63,12,75,172
11/29/2017,DLH,MN,AGL,CE,Combined TRACON& Tower with Radar,5,20,44,6,75,0,0,92,1,93,5,20,136,7,168,94,11,105,273
11/30/2017,DLH,MN,AGL,CE,Combined TRACON& Tower with Radar,4,18,44,0,66,0,0,39,0,39,4,18,83,0,105,89,0,89,194
12/01/2017,DLH,MN,AGL,CE,Combined TRACON& Tower with Radar,2,19,26,0,47,0,0,102,0,102,2,19,128,0,149,175,0,175,324
12/02/2017,DLH,MN,AGL,CE,Combined TRACON& Tower with Radar,2,12,33,0,47,0,9,74,0,83,2,21,107,0,130,166,0,166,296
12/03/2017,DLH,MN,AGL,CE,Combined TRACON& Tower with Radar,7,11,32,3,53,0,7,39,0,46,7,18,71,3,99,140,0,140,239
12/04/2017,DLH,MN,AGL,CE,Combined TRACON& Tower with Radar,2,2,6,0,10,0,0,7,0,7,2,2,13,0,17,28,0,28,45
12/05/2017,DLH,MN,AGL,CE,Combined TRACON& Tower with Radar,1,15,7,0,23,0,4,0,0,4,1,19,7,0,27,0,0,0,27
12/06/2017,DLH,MN,AGL,CE,Combined TRACON& Tower with Radar,4,18,36,2,60,0,7,30,0,37,4,25,66,2,97,48,0,48,145
12/07/2017,DLH,MN,AGL,CE,Combined TRACON& Tower with Radar,4,17,35,0,56,0,0,94,0,94,4,17,129,0,150,133,0,133,283
12/08/2017,DLH,MN,AGL,CE,Combined TRACON& Tower with Radar,2,16,45,1,64,0,2,23,0,25,2,18,68,1,89,148,0,148,237
12/09/2017,DLH,MN,AGL,CE,Combined TRACON& Tower with Radar,4,9,14,0,27,0,0,38,0,38,4,9,52,0,65,132,0,132,197
12/10/2017,DLH,MN,AGL,CE,Combined TRACON& Tower with Radar,2,15,15,0,32,0,2,17,0,19,2,17,32,0,51,102,0,102,153
12/11/2017,DLH,MN,AGL,CE,Combined TRACON& Tower with Radar,2,8,27,1,38,0,0,4,0,4,2,8,31,1,42,81,0,81,123
12/12/2017,DLH,MN,AGL,CE,Combined TRACON& Tower with Radar,3,18,54,0,75,0,0,64,0,64,3,18,118,0,139,238,0,238,377
12/13/2017,DLH,MN,AGL,CE,Combined TRACON& Tower with Radar,2,20,28,0,50,0,0,0,0,0,2,20,28,0,50,0,0,0,50
12/14/2017,DLH,MN,AGL,CE,Combined TRACON& Tower with Radar,2,20,55,6,83,0,4,12,0,16,2,24,67,6,99,191,8,199,298
12/15/2017,DLH,MN,AGL,CE,Combined TRACON& Tower with Radar,2,20,40,1,63,0,2,56,0,58,2,22,96,1,121,257,0,257,378
12/16/2017,DLH,MN,AGL,CE,Combined TRACON& Tower with Radar,2,12,26,1,41,0,4,20,0,24,2,16,46,1,65,103,0,103,168
12/17/2017,DLH,MN,AGL,CE,Combined TRACON& Tower with Radar,1,19,3,0,23,0,0,2,0,2,1,19,5,0,25,22,0,22,47
12/18/2017,DLH,MN,AGL,CE,Combined TRACON& Tower with Radar,2,20,46,10,78,0,0,15,0,15,2,20,61,10,93,33,6,39,132
12/19/2017,DLH,MN,AGL,CE,Combined TRACON& Tower with Radar,4,18,28,18,68,0,0,41,0,41,4,18,69,18,109,22,4,26,135
12/20/2017,DLH,MN,AGL,CE,Combined TRACON& Tower with Radar,1,23,59,13,96,0,2,77,0,79,1,25,136,13,175,300,0,300,475
12/21/2017,DLH,MN,AGL,CE,Combined TRACON& Tower with Radar,1,22,34,8,65,0,2,16,0,18,1,24,50,8,83,131,0,131,214
12/22/2017,DLH,MN,AGL,CE,Combined TRACON& Tower with Radar,0,30,46,0,76,0,1,29,0,30,0,31,75,0,106,92,0,92,198
12/23/2017,DLH,MN,AGL,CE,Combined TRACON& Tower with Radar,1,19,13,0,33,0,6,18,0,24,1,25,31,0,57,72,0,72,129
12/24/2017,DLH,MN,AGL,CE,Combined TRACON& Tower with Radar,0,14,6,0,20,0,0,0,0,0,0,14,6,0,20,0,0,0,20
12/25/2017,DLH,MN,AGL,CE,Combined TRACON& Tower with Radar,0,11,10,0,21,0,0,1,0,1,0,11,11,0,22,2,0,2,24
12/26/2017,DLH,MN,AGL,CE,Combined TRACON& Tower with Radar,0,16,30,0,46,0,0,29,0,29,0,16,59,0,75,136,0,136,211
12/27/2017,DLH,MN,AGL,CE,Combined TRACON& Tower with Radar,4,24,44,4,76,0,2,58,1,61,4,26,102,5,137,174,0,174,311
12/28/2017,DLH,MN,AGL,CE,Combined TRACON& Tower with Radar,0,21,37,0,58,0,8,10,0,18,0,29,47,0,76,44,0,44,120
12/29/2017,DLH,MN,AGL,CE,Combined TRACON& Tower with Radar,3,23,25,2,53,0,8,33,2,43,3,31,58,4,96,79,10,89,185
12/30/2017,DLH,MN,AGL,CE,Combined TRACON& Tower with Radar,0,18,4,0,22,0,5,12,0,17,0,23,16,0,39,29,0,29,68
12/31/2017,DLH,MN,AGL,CE,Combined TRACON& Tower with Radar,0,14,4,0,18,0,0,13,0,13,0,14,17,0,31,54,0,54,85
01/01/2018,DLH,MN,AGL,CE,Combined TRACON& Tower with Radar,0,15,8,0,23,0,7,8,0,15,0,22,16,0,38,0,0,0,38
01/02/2018,DLH,MN,AGL,CE,Combined TRACON& Tower with Radar,2,24,8,19,53,0,0,30,0,30,2,24,38,19,83,87,0,87,170
01/03/2018,DLH,MN,AGL,CE,Combined TRACON& Tower with Radar,4,23,16,19,62,0,4,28,5,37,4,27,44,24,99,113,7,120,219
01/04/2018,DLH,MN,AGL,CE,Combined TRACON& Tower with Radar,2,23,13,5,43,0,1,35,2,38,2,24,48,7,81,83,7,90,171
01/05/2018,DLH,MN,AGL,CE,Combined TRACON& Tower with Radar,2,20,21,11,54,0,0,41,0,41,2,20,62,11,95,108,14,122,217
01/06/2018,DLH,MN,AGL,CE,Combined TRACON& Tower with Radar,1,16,21,0,38,0,1,45,0,46,1,17,66,0,84,116,0,116,200
01/07/2018,DLH,MN,AGL,CE,Combined TRACON& Tower with Radar,3,14,11,0,28,0,0,12,0,12,3,14,23,0,40,69,0,69,109
01/08/2018,DLH,MN,AGL,CE,Combined TRACON& Tower with Radar,2,14,38,0,54,0,3,55,0,58,2,17,93,0,112,100,0,100,212
01/09/2018,DLH,MN,AGL,CE,Combined TRACON& Tower with Radar,10,17,35,24,86,0,7,54,0,61,10,24,89,24,147,116,32,148,295
01/10/2018,DLH,MN,AGL,CE,Combined TRACON& Tower with Radar,1,17,22,9,49,0,11,2,0,13,1,28,24,9,62,23,0,23,85
01/11/2018,DLH,MN,AGL,CE,Combined TRACON& Tower with Radar,0,18,5,0,23,0,0,0,2,2,0,18,5,2,25,0,0,0,25
01/12/2018,DLH,MN,AGL,CE,Combined TRACON& Tower with Radar,3,22,18,0,43,0,4,29,0,33,3,26,47,0,76,39,0,39,115
01/13/2018,DLH,MN,AGL,CE,Combined TRACON& Tower with Radar,2,11,15,0,28,0,4,14,0,18,2,15,29,0,46,29,0,29,75
01/14/2018,DLH,MN,AGL,CE,Combined TRACON& Tower with Radar,2,13,6,0,21,0,0,1,0,1,2,13,7,0,22,6,0,6,28
01/15/2018,DLH,MN,AGL,CE,Combined TRACON& Tower with Radar,2,20,29,0,51,0,4,3,0,7,2,24,32,0,58,0,0,0,58
01/16/2018,DLH,MN,AGL,CE,Combined TRACON& Tower with Radar,2,25,29,23,79,0,1,65,0,66,2,26,94,23,145,71,9,80,225
01/17/2018,DLH,MN,AGL,CE,Combined TRACON& Tower with Radar,2,24,30,24,80,0,4,68,0,72,2,28,98,24,152,67,39,106,258
01/18/2018,DLH,MN,AGL,CE,Combined TRACON& Tower with Radar,2,16,42,28,88,0,2,76,7,85,2,18,118,35,173,161,40,201,374
01/19/2018,DLH,MN,AGL,CE,Combined TRACON& Tower with Radar,3,26,33,16,78,0,4,56,1,61,3,30,89,17,139,105,26,131,270
01/20/2018,DLH,MN,AGL,CE,Combined TRACON& Tower with Radar,1,14,15,0,30,0,0,36,0,36,1,14,51,0,66,72,0,72,138
01/21/2018,DLH,MN,AGL,CE,Combined TRACON& Tower with Radar,2,12,10,0,24,0,2,16,0,18,2,14,26,0,42,24,0,24,66
01/22/2018,DLH,MN,AGL,CE,Combined TRACON& Tower with Radar,5,11,5,21,42,0,0,4,0,4,5,11,9,21,46,0,0,0,46
01/23/2018,DLH,MN,AGL,CE,Combined TRACON& Tower with Radar,5,25,57,19,106,0,0,58,0,58,5,25,115,19,164,58,0,58,222
01/24/2018,DLH,MN,AGL,CE,Combined TRACON& Tower with Radar,2,21,40,20,83,0,6,32,0,38,2,27,72,20,121,39,0,39,160
01/25/2018,DLH,MN,AGL,CE,Combined TRACON& Tower with Radar,2,26,22,0,50,0,0,0,0,0,2,26,22,0,50,0,0,0,50
01/26/2018,DLH,MN,AGL,CE,Combined TRACON& Tower with Radar,2,16,46,1,65,0,4,60,2,66,2,20,106,3,131,34,0,34,165
01/27/2018,DLH,MN,AGL,CE,Combined TRACON& Tower with Radar,4,13,15,0,32,0,0,7,0,7,4,13,22,0,39,41,0,41,80
01/28/2018,DLH,MN,AGL,CE,Combined TRACON& Tower with Radar,2,13,14,0,29,0,1,18,1,20,2,14,32,1,49,66,2,68,117
01/29/2018,DLH,MN,AGL,CE,Combined TRACON& Tower with Radar,4,17,61,29,111,0,2,55,0,57,4,19,116,29,168,86,34,120,288
01/30/2018,DLH,MN,AGL,CE,Combined TRACON& Tower with Radar,5,17,39,17,78,0,0,31,1,32,5,17,70,18,110,37,16,53,163
01/31/2018,DLH,MN,AGL,CE,Combined TRACON& Tower with Radar,2,16,42,27,87,0,0,54,2,56,2,16,96,29,143,17,7,24,167
02/01/2018,DLH,MN,AGL,CE,Combined TRACON& Tower with Radar,2,21,31,18,72,0,2,56,0,58,2,23,87,18,130,38,0,38,168
02/02/2018,DLH,MN,AGL,CE,Combined TRACON& Tower with Radar,2,18,31,12,63,0,0,24,0,24,2,18,55,12,87,66,7,73,160
02/03/2018,DLH,MN,AGL,CE,Combined TRACON& Tower with Radar,2,11,5,0,18,0,4,0,0,4,2,15,5,0,22,0,0,0,22
02/04/2018,DLH,MN,AGL,CE,Combined TRACON& Tower with Radar,2,8,7,4,21,0,5,15,0,20,2,13,22,4,41,25,0,25,66
02/05/2018,DLH,MN,AGL,CE,Combined TRACON& Tower with Radar,1,17,38,0,56,0,8,44,0,52,1,25,82,0,108,71,0,71,179
02/06/2018,DLH,MN,AGL,CE,Combined TRACON& Tower with Radar,3,18,51,13,85,0,0,55,1,56,3,18,106,14,141,45,12,57,198
02/07/2018,DLH,MN,AGL,CE,Combined TRACON& Tower with Radar,2,19,47,17,85,0,1,67,2,70,2,20,114,19,155,110,12,122,277
02/08/2018,DLH,MN,AGL,CE,Combined TRACON& Tower with Radar,2,19,33,14,68,0,0,58,0,58,2,19,91,14,126,147,6,153,279
02/09/2018,DLH,MN,AGL,CE,Combined TRACON& Tower with Radar,2,23,27,21,73,0,4,36,0,40,2,27,63,21,113,34,16,50,163
02/10/2018,DLH,MN,AGL,CE,Combined TRACON& Tower with Radar,2,11,17,16,46,0,1,25,1,27,2,12,42,17,73,53,6,59,132
02/11/2018,DLH,MN,AGL,CE,Combined TRACON& Tower with Radar,2,12,11,10,35,0,0,10,0,10,2,12,21,10,45,2,8,10,55
02/12/2018,DLH,MN,AGL,CE,Combined TRACON& Tower with Radar,2,14,20,20,56,0,2,40,0,42,2,16,60,20,98,59,8,67,165
02/13/2018,DLH,MN,AGL,CE,Combined TRACON& Tower with Radar,2,20,33,26,81,0,0,48,2,50,2,20,81,28,131,81,34,115,246
02/14/2018,DLH,MN,AGL,CE,Combined TRACON& Tower with Radar,3,24,47,28,102,0,3,54,5,62,3,27,101,33,164,112,64,176,340
02/15/2018,DLH,MN,AGL,CE,Combined TRACON& Tower with Radar,4,18,37,14,73,0,4,30,3,37,4,22,67,17,110,42,49,91,201
02/16/2018,DLH,MN,AGL,CE,Combined TRACON& Tower with Radar,4,24,39,2,69,0,6,60,0,66,4,30,99,2,135,48,8,56,191
02/17/2018,DLH,MN,AGL,CE,Combined TRACON& Tower with Radar,2,16,9,2,29,0,16,9,2,27,2,32,18,4,56,15,0,15,71
02/18/2018,DLH,MN,AGL,CE,Combined TRACON& Tower with Radar,5,8,2,0,15,0,0,0,0,0,5,8,2,0,15,0,0,0,15
02/19/2018,DLH,MN,AGL,CE,Combined TRACON& Tower with Radar,1,16,2,0,19,0,0,1,0,1,1,16,3,0,20,0,0,0,20
02/20/2018,DLH,MN,AGL,CE,Combined TRACON& Tower with Radar,4,21,41,0,66,0,0,8,0,8,4,21,49,0,74,15,0,15,89
02/21/2018,DLH,MN,AGL,CE,Combined TRACON& Tower with Radar,3,19,60,26,108,0,2,66,0,68,3,21,126,26,176,91,15,106,282
02/22/2018,DLH,MN,AGL,CE,Combined TRACON& Tower with Radar,1,16,51,12,80,0,1,51,1,53,1,17,102,13,133,160,0,160,293
02/23/2018,DLH,MN,AGL,CE,Combined TRACON& Tower with Radar,5,20,42,11,78,0,1,16,0,17,5,21,58,11,95,44,0,44,139
02/24/2018,DLH,MN,AGL,CE,Combined TRACON& Tower with Radar,1,12,11,0,24,0,0,21,0,21,1,12,32,0,45,45,0,45,90
02/25/2018,DLH,MN,AGL,CE,Combined TRACON& Tower with Radar,1,13,2,0,16,0,0,1,0,1,1,13,3,0,17,17,0,17,34
02/26/2018,DLH,MN,AGL,CE,Combined TRACON& Tower with Radar,2,17,56,21,96,0,0,56,0,56,2,17,112,21,152,82,0,82,234
02/27/2018,DLH,MN,AGL,CE,Combined TRACON& Tower with Radar,9,16,35,24,84,0,8,51,0,59,9,24,86,24,143,103,4,107,250
02/28/2018,DLH,MN,AGL,CE,Combined TRACON& Tower with Radar,3,21,41,20,85,0,0,37,0,37,3,21,78,20,122,52,9,61,183
03/01/2018,DLH,MN,AGL,CE,Combined TRACON& Tower with Radar,1,18,25,19,63,0,6,24,2,32,1,24,49,21,95,89,7,96,191
03/02/2018,DLH,MN,AGL,CE,Combined TRACON& Tower with Radar,4,16,45,0,65,0,5,47,0,52,4,21,92,0,117,35,0,35,152
03/03/2018,DLH,MN,AGL,CE,Combined TRACON& Tower with Radar,3,11,27,0,41,0,5,27,0,32,3,16,54,0,73,8,0,8,81
03/04/2018,DLH,MN,AGL,CE,Combined TRACON& Tower with Radar,3,16,4,0,23,0,0,10,0,10,3,16,14,0,33,15,0,15,48
03/05/2018,DLH,MN,AGL,CE,Combined TRACON& Tower with Radar,5,13,9,20,47,0,0,5,0,5,5,13,14,20,52,0,4,4,56
03/06/2018,DLH,MN,AGL,CE,Combined TRACON& Tower with Radar,7,18,35,15,75,0,0,9,0,9,7,18,44,15,84,0,1,1,85
03/07/2018,DLH,MN,AGL,CE,Combined TRACON& Tower with Radar,6,21,33,24,84,0,4,43,1,48,6,25,76,25,132,64,4,68,200
03/08/2018,DLH,MN,AGL,CE,Combined TRACON& Tower with Radar,6,15,31,20,72,0,2,51,1,54,6,17,82,21,126,80,7,87,213
03/09/2018,DLH,MN,AGL,CE,Combined TRACON& Tower with Radar,7,19,43,23,92,0,3,63,3,69,7,22,106,26,161,69,28,97,258
03/10/2018,DLH,MN,AGL,CE,Combined TRACON& Tower with Radar,7,11,22,0,40,0,0,46,0,46,7,11,68,0,86,38,0,38,124
03/11/2018,DLH,MN,AGL,CE,Combined TRACON& Tower with Radar,6,9,5,0,20,0,0,4,0,4,6,9,9,0,24,52,0,52,76
03/12/2018,DLH,MN,AGL,CE,Combined TRACON& Tower with Radar,9,11,60,18,98,0,1,60,2,63,9,12,120,20,161,53,8,61,222
03/13/2018,DLH,MN,AGL,CE,Combined TRACON& Tower with Radar,8,15,36,35,94,0,5,48,1,54,8,20,84,36,148,89,44,133,281
03/14/2018,DLH,MN,AGL,CE,Combined TRACON& Tower with Radar,8,17,53,16,94,0,0,67,0,67,8,17,120,16,161,36,6,42,203
03/15/2018,DLH,MN,AGL,CE,Combined TRACON& Tower with Radar,7,16,59,9,91,0,4,60,8,72,7,20,119,17,163,58,2,60,223
03/16/2018,DLH,MN,AGL,CE,Combined TRACON& Tower with Radar,9,20,42,2,73,0,2,59,2,63,9,22,101,4,136,92,0,92,228
03/17/2018,DLH,MN,AGL,CE,Combined TRACON& Tower with Radar,5,15,25,0,45,0,3,39,0,42,5,18,64,0,87,33,0,33,120
03/18/2018,DLH,MN,AGL,CE,Combined TRACON& Tower with Radar,7,11,18,0,36,0,0,5,0,5,7,11,23,0,41,18,0,18,59
03/19/2018,DLH,MN,AGL,CE,Combined TRACON& Tower with Radar,9,10,22,17,58,0,0,29,1,30,9,10,51,18,88,17,8,25,113
03/20/2018,DLH,MN,AGL,CE,Combined TRACON& Tower with Radar,8,12,31,14,65,0,4,33,1,38,8,16,64,15,103,70,0,70,173
03/21/2018,DLH,MN,AGL,CE,Combined TRACON& Tower with Radar,8,16,59,18,101,0,5,49,2,56,8,21,108,20,157,81,8,89,246
03/22/2018,DLH,MN,AGL,CE,Combined TRACON& Tower with Radar,9,17,53,4,83,0,0,61,0,61,9,17,114,4,144,93,6,99,243
03/23/2018,DLH,MN,AGL,CE,Combined TRACON& Tower with Radar,8,12,37,19,76,0,0,39,2,41,8,12,76,21,117,47,27,74,191
03/24/2018,DLH,MN,AGL,CE,Combined TRACON& Tower with Radar,5,11,27,8,51,0,6,29,0,35,5,17,56,8,86,44,0,44,130
03/25/2018,DLH,MN,AGL,CE,Combined TRACON& Tower with Radar,7,9,31,11,58,0,8,22,0,30,7,17,53,11,88,43,18,61,149
03/26/2018,DLH,MN,AGL,CE,Combined TRACON& Tower with Radar,11,16,18,1,46,0,0,6,0,6,11,16,24,1,52,17,0,17,69
03/27/2018,DLH,MN,AGL,CE,Combined TRACON& Tower with Radar,9,12,42,13,76,0,1,38,0,39,9,13,80,13,115,28,12,40,155
03/28/2018,DLH,MN,AGL,CE,Combined TRACON& Tower with Radar,8,12,65,20,105,0,4,43,0,47,8,16,108,20,152,58,20,78,230
03/29/2018,DLH,MN,AGL,CE,Combined TRACON& Tower with Radar,10,14,53,14,91,0,0,52,0,52,10,14,105,14,143,75,8,83,226
03/30/2018,DLH,MN,AGL,CE,Combined TRACON& Tower with Radar,9,14,30,0,53,0,0,12,0,12,9,14,42,0,65,12,0,12,77
03/31/2018,DLH,MN,AGL,CE,Combined TRACON& Tower with Radar,6,17,14,0,37,0,4,5,0,9,6,21,19,0,46,4,0,4,50
04/01/2018,DLH,MN,AGL,CE,Combined TRACON& Tower with Radar,7,9,13,0,29,0,0,3,0,3,7,9,16,0,32,0,0,0,32
04/02/2018,DLH,MN,AGL,CE,Combined TRACON& Tower with Radar,9,14,29,0,52,0,3,21,0,24,9,17,50,0,76,95,0,95,171
04/03/2018,DLH,MN,AGL,CE,Combined TRACON& Tower with Radar,8,13,17,6,44,0,0,2,0,2,8,13,19,6,46,0,0,0,46
04/04/2018,DLH,MN,AGL,CE,Combined TRACON& Tower with Radar,9,20,58,11,98,0,10,38,2,50,9,30,96,13,148,93,0,93,241
04/05/2018,DLH,MN,AGL,CE,Combined TRACON& Tower with Radar,7,21,36,4,68,0,0,19,0,19,7,21,55,4,87,117,0,117,204
04/06/2018,DLH,MN,AGL,CE,Combined TRACON& Tower with Radar,6,14,24,4,48,0,2,26,0,28,6,16,50,4,76,2,0,2,78
04/07/2018,DLH,MN,AGL,CE,Combined TRACON& Tower with Radar,5,17,15,9,46,0,11,41,2,54,5,28,56,11,100,82,2,84,184
04/08/2018,DLH,MN,AGL,CE,Combined TRACON& Tower with Radar,6,12,15,6,39,0,0,22,0,22,6,12,37,6,61,0,0,0,61
04/09/2018,DLH,MN,AGL,CE,Combined TRACON& Tower with Radar,7,12,26,7,52,0,2,42,1,45,7,14,68,8,97,26,24,50,147
04/10/2018,DLH,MN,AGL,CE,Combined TRACON& Tower with Radar,6,16,44,0,66,0,0,19,0,19,6,16,63,0,85,103,0,103,188
04/11/2018,DLH,MN,AGL,CE,Combined TRACON& Tower with Radar,6,19,35,21,81,0,2,53,4,59,6,21,88,25,140,141,26,167,307
04/12/2018,DLH,MN,AGL,CE,Combined TRACON& Tower with Radar,6,24,42,0,72,0,0,11,0,11,6,24,53,0,83,35,0,35,118
04/13/2018,DLH,MN,AGL,CE,Combined TRACON& Tower with Radar,8,24,46,0,78,0,6,28,0,34,8,30,74,0,112,26,0,26,138
04/14/2018,DLH,MN,AGL,CE,Combined TRACON& Tower with Radar,24,14,3,0,41,0,2,0,0,2,24,16,3,0,43,0,0,0,43
04/15/2018,DLH,MN,AGL,CE,Combined TRACON& Tower with Radar,6,8,3,0,17,0,0,0,0,0,6,8,3,0,17,0,0,0,17
04/16/2018,DLH,MN,AGL,CE,Combined TRACON& Tower with Radar,4,15,20,12,51,0,0,18,0,18,4,15,38,12,69,31,9,40,109
04/17/2018,DLH,MN,AGL,CE,Combined TRACON& Tower with Radar,9,17,57,12,95,0,1,60,1,62,9,18,117,13,157,75,11,86,243
04/18/2018,DLH,MN,AGL,CE,Combined TRACON& Tower with Radar,5,23,56,11,95,0,3,35,0,38,5,26,91,11,133,107,11,118,251
04/19/2018,DLH,MN,AGL,CE,Combined TRACON& Tower with Radar,7,20,47,8,82,0,2,59,0,61,7,22,106,8,143,91,8,99,242
04/20/2018,DLH,MN,AGL,CE,Combined TRACON& Tower with Radar,6,25,46,1,78,0,3,76,0,79,6,28,122,1,157,113,0,113,270
04/21/2018,DLH,MN,AGL,CE,Combined TRACON& Tower with Radar,4,20,21,0,45,0,4,110,2,116,4,24,131,2,161,82,2,84,245
04/22/2018,DLH,MN,AGL,CE,Combined TRACON& Tower with Radar,6,11,32,0,49,0,3,42,0,45,6,14,74,0,94,45,0,45,139
04/23/2018,DLH,MN,AGL,CE,Combined TRACON& Tower with Radar,6,15,42,7,70,0,3,50,0,53,6,18,92,7,123,80,0,80,203
04/24/2018,DLH,MN,AGL,CE,Combined TRACON& Tower with Radar,6,21,55,16,98,0,6,73,3,82,6,27,128,19,180,142,22,164,344
04/25/2018,DLH,MN,AGL,CE,Combined TRACON& Tower with Radar,6,18,59,21,104,0,17,59,6,82,6,35,118,27,186,58,34,92,278
04/26/2018,DLH,MN,AGL,CE,Combined TRACON& Tower with Radar,6,28,41,8,83,0,2,66,2,70,6,30,107,10,153,69,2,71,224
04/27/2018,DLH,MN,AGL,CE,Combined TRACON& Tower with Radar,6,20,30,0,56,0,0,3,0,3,6,20,33,0,59,2,8,10,69
04/28/2018,DLH,MN,AGL,CE,Combined TRACON& Tower with Radar,3,18,30,0,51,0,4,26,2,32,3,22,56,2,83,10,20,30,113
04/29/2018,DLH,MN,AGL,CE,Combined TRACON& Tower with Radar,7,16,29,2,54,0,0,27,0,27,7,16,56,2,81,22,0,22,103
04/30/2018,DLH,MN,AGL,CE,Combined TRACON& Tower with Radar,6,18,21,3,48,0,10,34,0,44,6,28,55,3,92,34,0,34,126
05/01/2018,DLH,MN,AGL,CE,Combined TRACON& Tower with Radar,5,23,50,27,105,0,6,44,2,52,5,29,94,29,157,72,74,146,303
05/02/2018,DLH,MN,AGL,CE,Combined TRACON& Tower with Radar,3,16,66,18,103,0,1,38,2,41,3,17,104,20,144,201,29,230,374
05/03/2018,DLH,MN,AGL,CE,Combined TRACON& Tower with Radar,4,14,50,23,91,0,1,44,5,50,4,15,94,28,141,134,56,190,331
05/04/2018,DLH,MN,AGL,CE,Combined TRACON& Tower with Radar,4,16,46,1,67,0,0,36,1,37,4,16,82,2,104,47,0,47,151
05/05/2018,DLH,MN,AGL,CE,Combined TRACON& Tower with Radar,2,14,15,0,31,0,2,33,0,35,2,16,48,0,66,42,0,42,108
05/06/2018,DLH,MN,AGL,CE,Combined TRACON& Tower with Radar,3,15,15,0,33,0,11,33,0,44,3,26,48,0,77,40,0,40,117
05/07/2018,DLH,MN,AGL,CE,Combined TRACON& Tower with Radar,4,16,37,9,66,0,12,62,2,76,4,28,99,11,142,124,0,124,266
05/08/2018,DLH,MN,AGL,CE,Combined TRACON& Tower with Radar,4,16,29,5,54,0,0,20,0,20,4,16,49,5,74,37,0,37,111
05/09/2018,DLH,MN,AGL,CE,Combined TRACON& Tower with Radar,5,17,30,0,52,0,0,0,0,0,5,17,30,0,52,0,0,0,52
05/10/2018,DLH,MN,AGL,CE,Combined TRACON& Tower with Radar,3,19,67,7,96,0,3,113,0,116,3,22,180,7,212,109,1,110,322
05/11/2018,DLH,MN,AGL,CE,Combined TRACON& Tower with Radar,5,30,46,0,81,0,3,55,0,58,5,33,101,0,139,166,0,166,305
05/12/2018,DLH,MN,AGL,CE,Combined TRACON& Tower with Radar,1,17,11,0,29,0,57,46,1,104,1,74,57,1,133,46,0,46,179
05/13/2018,DLH,MN,AGL,CE,Combined TRACON& Tower with Radar,3,10,21,0,34,0,2,14,0,16,3,12,35,0,50,17,0,17,67
05/14/2018,DLH,MN,AGL,CE,Combined TRACON& Tower with Radar,3,18,61,0,82,0,6,64,0,70,3,24,125,0,152,39,0,39,191
05/15/2018,DLH,MN,AGL,CE,Combined TRACON& Tower with Radar,5,17,46,1,69,0,5,75,0,80,5,22,121,1,149,143,0,143,292
05/16/2018,DLH,MN,AGL,CE,Combined TRACON& Tower with Radar,4,22,48,0,74,0,4,23,0,27,4,26,71,0,101,49,0,49,150
05/17/2018,DLH,MN,AGL,CE,Combined TRACON& Tower with Radar,6,21,29,0,56,0,0,18,0,18,6,21,47,0,74,6,0,6,80
05/18/2018,DLH,MN,AGL,CE,Combined TRACON& Tower with Radar,4,26,40,4,74,0,1,61,0,62,4,27,101,4,136,22,0,22,158
05/19/2018,DLH,MN,AGL,CE,Combined TRACON& Tower with Radar,1,18,19,0,38,0,6,21,0,27,1,24,40,0,65,61,0,61,126
05/20/2018,DLH,MN,AGL,CE,Combined TRACON& Tower with Radar,5,15,20,0,40,0,1,35,0,36,5,16,55,0,76,55,0,55,131
05/21/2018,DLH,MN,AGL,CE,Combined TRACON& Tower with Radar,4,15,37,2,58,0,6,63,1,70,4,21,100,3,128,167,0,167,295
05/22/2018,DLH,MN,AGL,CE,Combined TRACON& Tower with Radar,3,16,37,2,58,0,0,67,0,67,3,16,104,2,125,140,0,140,265
05/23/2018,DLH,MN,AGL,CE,Combined TRACON& Tower with Radar,7,21,41,0,69,0,1,53,0,54,7,22,94,0,123,149,0,149,272
05/24/2018,DLH,MN,AGL,CE,Combined TRACON& Tower with Radar,6,15,27,0,48,0,4,49,0,53,6,19,76,0,101,95,0,95,196
05/25/2018,DLH,MN,AGL,CE,Combined TRACON& Tower with Radar,6,19,17,0,42,0,0,46,0,46,6,19,63,0,88,60,0,60,148
05/26/2018,DLH,MN,AGL,CE,Combined TRACON& Tower with Radar,3,14,15,0,32,0,7,17,0,24,3,21,32,0,56,36,4,40,96
05/27/2018,DLH,MN,AGL,CE,Combined TRACON& Tower with Radar,4,9,8,0,21,0,2,24,0,26,4,11,32,0,47,43,0,43,90
05/28/2018,DLH,MN,AGL,CE,Combined TRACON& Tower with Radar,2,16,9,0,27,0,6,22,0,28,2,22,31,0,55,33,0,33,88
05/29/2018,DLH,MN,AGL,CE,Combined TRACON& Tower with Radar,8,16,28,0,52,0,0,34,0,34,8,16,62,0,86,64,0,64,150
05/30/2018,DLH,MN,AGL,CE,Combined TRACON& Tower with Radar,3,19,20,0,42,0,2,6,0,8,3,21,26,0,50,16,0,16,66
05/31/2018,DLH,MN,AGL,CE,Combined TRACON& Tower with Radar,3,29,45,0,77,0,38,87,0,125,3,67,132,0,202,59,0,59,261
06/01/2018,DLH,MN,AGL,CE,Combined TRACON& Tower with Radar,5,24,28,0,57,0,0,10,0,10,5,24,38,0,67,39,0,39,106
06/02/2018,DLH,MN,AGL,CE,Combined TRACON& Tower with Radar,2,22,12,0,36,0,0,0,0,0,2,22,12,0,36,18,0,18,54
06/03/2018,DLH,MN,AGL,CE,Combined TRACON& Tower with Radar,3,16,21,0,40,0,2,20,0,22,3,18,41,0,62,2,0,2,64
06/04/2018,DLH,MN,AGL,CE,Combined TRACON& Tower with Radar,4,16,27,2,49,0,2,64,0,66,4,18,91,2,115,28,0,28,143
06/05/2018,DLH,MN,AGL,CE,Combined TRACON& Tower with Radar,4,25,40,2,71,0,3,91,2,96,4,28,131,4,167,58,0,58,225
06/06/2018,DLH,MN,AGL,CE,Combined TRACON& Tower with Radar,4,27,40,0,71,0,6,29,0,35,4,33,69,0,106,38,0,38,144
06/07/2018,DLH,MN,AGL,CE,Combined TRACON& Tower with Radar,4,25,30,0,59,0,10,82,0,92,4,35,112,0,151,66,0,66,217
06/08/2018,DLH,MN,AGL,CE,Combined TRACON& Tower with Radar,6,41,21,3,71,0,1,55,2,58,6,42,76,5,129,63,14,77,206
06/09/2018,DLH,MN,AGL,CE,Combined TRACON& Tower with Radar,2,18,18,1,39,0,4,11,0,15,2,22,29,1,54,16,0,16,70
06/10/2018,DLH,MN,AGL,CE,Combined TRACON& Tower with Radar,1,16,31,0,48,0,2,21,0,23,1,18,52,0,71,14,0,14,85
06/11/2018,DLH,MN,AGL,CE,Combined TRACON& Tower with Radar,5,20,36,7,68,0,19,33,0,52,5,39,69,7,120,35,0,35,155
06/12/2018,DLH,MN,AGL,CE,Combined TRACON& Tower with Radar,4,23,73,10,110,0,0,18,4,22,4,23,91,14,132,99,17,116,248
06/13/2018,DLH,MN,AGL,CE,Combined TRACON& Tower with Radar,8,25,41,12,86,0,1,53,0,54,8,26,94,12,140,50,12,62,202
06/14/2018,DLH,MN,AGL,CE,Combined TRACON& Tower with Radar,6,24,47,25,102,0,4,59,6,69,6,28,106,31,171,98,57,155,326
06/15/2018,DLH,MN,AGL,CE,Combined TRACON& Tower with Radar,8,21,26,0,55,0,2,8,2,12,8,23,34,2,67,0,0,0,67
06/16/2018,DLH,MN,AGL,CE,Combined TRACON& Tower with Radar,2,13,11,2,28,0,0,5,0,5,2,13,16,2,33,16,0,16,49
06/17/2018,DLH,MN,AGL,CE,Combined TRACON& Tower with Radar,2,17,14,2,35,0,0,1,2,3,2,17,15,4,38,10,0,10,48
06/18/2018,DLH,MN,AGL,CE,Combined TRACON& Tower with Radar,8,16,31,2,57,0,1,54,0,55,8,17,85,2,112,75,0,75,187
06/19/2018,DLH,MN,AGL,CE,Combined TRACON& Tower with Radar,3,22,48,27,100,0,4,65,0,69,3,26,113,27,169,99,54,153,322
06/20/2018,DLH,MN,AGL,CE,Combined TRACON& Tower with Radar,4,27,23,13,67,0,14,44,1,59,4,41,67,14,126,62,16,78,204
06/21/2018,DLH,MN,AGL,CE,Combined TRACON& Tower with Radar,4,28,34,12,78,0,2,110,3,115,4,30,144,15,193,75,0,75,268
06/22/2018,DLH,MN,AGL,CE,Combined TRACON& Tower with Radar,8,25,43,4,80,0,2,67,0,69,8,27,110,4,149,65,8,73,222
06/23/2018,DLH,MN,AGL,CE,Combined TRACON& Tower with Radar,5,15,8,0,28,0,4,31,0,35,5,19,39,0,63,6,0,6,69
06/24/2018,DLH,MN,AGL,CE,Combined TRACON& Tower with Radar,1,26,17,0,44,0,2,17,0,19,1,28,34,0,63,8,0,8,71
06/25/2018,DLH,MN,AGL,CE,Combined TRACON& Tower with Radar,5,24,41,12,82,0,2,68,1,71,5,26,109,13,153,76,14,90,243
06/26/2018,DLH,MN,AGL,CE,Combined TRACON& Tower with Radar,3,24,34,25,86,0,0,48,0,48,3,24,82,25,134,141,32,173,307
06/27/2018,DLH,MN,AGL,CE,Combined TRACON& Tower with Radar,7,24,68,11,110,0,2,39,2,43,7,26,107,13,153,118,6,124,277
06/28/2018,DLH,MN,AGL,CE,Combined TRACON& Tower with Radar,4,27,37,10,78,0,4,39,0,43,4,31,76,10,121,69,0,69,190
06/29/2018,DLH,MN,AGL,CE,Combined TRACON& Tower with Radar,4,25,34,2,65,0,2,21,0,23,4,27,55,2,88,38,3,41,129
06/30/2018,DLH,MN,AGL,CE,Combined TRACON& Tower with Radar,3,16,11,0,30,0,8,15,0,23,3,24,26,0,53,16,0,16,69
07/01/2018,DLH,MN,AGL,CE,Combined TRACON& Tower with Radar,2,12,15,0,29,0,4,4,0,8,2,16,19,0,37,0,0,0,37
07/02/2018,DLH,MN,AGL,CE,Combined TRACON& Tower with Radar,4,17,26,5,52,0,6,52,3,61,4,23,78,8,113,88,22,110,223
07/03/2018,DLH,MN,AGL,CE,Combined TRACON& Tower with Radar,8,22,12,0,42,0,9,30,0,39,8,31,42,0,81,78,0,78,159
07/04/2018,DLH,MN,AGL,CE,Combined TRACON& Tower with Radar,2,15,4,2,23,0,1,8,3,12,2,16,12,5,35,0,9,9,44
07/05/2018,DLH,MN,AGL,CE,Combined TRACON& Tower with Radar,2,24,8,2,36,0,3,46,3,52,2,27,54,5,88,47,0,47,135
07/06/2018,DLH,MN,AGL,CE,Combined TRACON& Tower with Radar,2,19,11,4,36,0,3,45,31,79,2,22,56,35,115,10,2,12,127
07/07/2018,DLH,MN,AGL,CE,Combined TRACON& Tower with Radar,2,12,14,1,29,0,9,42,3,54,2,21,56,4,83,40,0,40,123
07/08/2018,DLH,MN,AGL,CE,Combined TRACON& Tower with Radar,3,15,7,2,27,0,7,28,3,38,3,22,35,5,65,30,0,30,95
07/09/2018,DLH,MN,AGL,CE,Combined TRACON& Tower with Radar,4,18,30,7,59,0,6,51,5,62,4,24,81,12,121,66,0,66,187
07/10/2018,DLH,MN,AGL,CE,Combined TRACON& Tower with Radar,4,21,62,4,91,0,9,51,0,60,4,30,113,4,151,47,0,47,198
07/11/2018,DLH,MN,AGL,CE,Combined TRACON& Tower with Radar,4,28,39,4,75,0,0,53,0,53,4,28,92,4,128,72,0,72,200
07/12/2018,DLH,MN,AGL,CE,Combined TRACON& Tower with Radar,21,25,49,4,99,0,3,53,0,56,21,28,102,4,155,102,0,102,257
07/13/2018,DLH,MN,AGL,CE,Combined TRACON& Tower with Radar,7,33,36,3,79,0,8,78,4,90,7,41,114,7,169,136,4,140,309
07/14/2018,DLH,MN,AGL,CE,Combined TRACON& Tower with Radar,3,13,21,0,37,0,2,23,0,25,3,15,44,0,62,12,0,12,74
07/15/2018,DLH,MN,AGL,CE,Combined TRACON& Tower with Radar,3,18,17,0,38,0,4,16,0,20,3,22,33,0,58,3,0,3,61
07/16/2018,DLH,MN,AGL,CE,Combined TRACON& Tower with Radar,4,24,30,7,65,0,10,39,3,52,4,34,69,10,117,37,4,41,158
07/17/2018,DLH,MN,AGL,CE,Combined TRACON& Tower with Radar,4,19,38,6,67,0,3,63,0,66,4,22,101,6,133,128,5,133,266
07/18/2018,DLH,MN,AGL,CE,Combined TRACON& Tower with Radar,5,30,55,7,97,0,3,54,1,58,5,33,109,8,155,127,0,127,282
07/19/2018,DLH,MN,AGL,CE,Combined TRACON& Tower with Radar,7,20,45,5,77,0,2,48,0,50,7,22,93,5,127,85,0,85,212
07/20/2018,DLH,MN,AGL,CE,Combined TRACON& Tower with Radar,8,26,37,3,74,0,0,34,0,34,8,26,71,3,108,27,5,32,140
07/21/2018,DLH,MN,AGL,CE,Combined TRACON& Tower with Radar,7,14,26,0,47,0,11,18,0,29,7,25,44,0,76,24,0,24,100
07/22/2018,DLH,MN,AGL,CE,Combined TRACON& Tower with Radar,3,17,44,1,65,0,0,24,0,24,3,17,68,1,89,8,0,8,97
07/23/2018,DLH,MN,AGL,CE,Combined TRACON& Tower with Radar,7,19,35,2,63,0,2,48,0,50,7,21,83,2,113,58,0,58,171
07/24/2018,DLH,MN,AGL,CE,Combined TRACON& Tower with Radar,6,25,37,8,76,0,2,70,4,76,6,27,107,12,152,79,3,82,234
07/25/2018,DLH,MN,AGL,CE,Combined TRACON& Tower with Radar,5,18,35,9,67,0,0,50,0,50,5,18,85,9,117,126,2,128,245
07/26/2018,DLH,MN,AGL,CE,Combined TRACON& Tower with Radar,4,18,60,16,98,0,1,22,0,23,4,19,82,16,121,57,8,65,186
07/27/2018,DLH,MN,AGL,CE,Combined TRACON& Tower with Radar,4,21,26,16,67,0,4,43,2,49,4,25,69,18,116,104,11,115,231
07/28/2018,DLH,MN,AGL,CE,Combined TRACON& Tower with Radar,3,19,23,1,46,0,2,20,0,22,3,21,43,1,68,33,0,33,101
07/29/2018,DLH,MN,AGL,CE,Combined TRACON& Tower with Radar,3,17,14,0,34,0,3,34,0,37,3,20,48,0,71,24,0,24,95
07/30/2018,DLH,MN,AGL,CE,Combined TRACON& Tower with Radar,4,20,22,4,50,0,1,63,0,64,4,21,85,4,114,102,0,102,216
07/31/2018,DLH,MN,AGL,CE,Combined TRACON& Tower with Radar,4,19,30,10,63,0,3,54,0,57,4,22,84,10,120,105,6,111,231
08/01/2018,DLH,MN,AGL,CE,Combined TRACON& Tower with Radar,5,24,26,0,55,0,0,0,0,0,5,24,26,0,55,0,0,0,55
08/02/2018,DLH,MN,AGL,CE,Combined TRACON& Tower with Radar,5,19,39,12,75,0,4,23,0,27,5,23,62,12,102,82,0,82,184
08/03/2018,DLH,MN,AGL,CE,Combined TRACON& Tower with Radar,5,18,34,24,81,0,0,62,1,63,5,18,96,25,144,63,15,78,222
08/04/2018,DLH,MN,AGL,CE,Combined TRACON& Tower with Radar,6,17,12,0,35,0,1,0,0,1,6,18,12,0,36,0,0,0,36
08/05/2018,DLH,MN,AGL,CE,Combined TRACON& Tower with Radar,2,16,37,1,56,0,0,23,0,23,2,16,60,1,79,28,0,28,107
08/06/2018,DLH,MN,AGL,CE,Combined TRACON& Tower with Radar,10,17,57,14,98,0,8,58,1,67,10,25,115,15,165,109,0,109,274
08/07/2018,DLH,MN,AGL,CE,Combined TRACON& Tower with Radar,5,28,33,17,83,0,11,46,0,57,5,39,79,17,140,144,12,156,296
08/08/2018,DLH,MN,AGL,CE,Combined TRACON& Tower with Radar,4,20,23,16,63,0,4,28,0,32,4,24,51,16,95,21,0,21,116
08/09/2018,DLH,MN,AGL,CE,Combined TRACON& Tower with Radar,4,22,51,16,93,0,2,71,0,73,4,24,122,16,166,72,8,80,246
08/10/2018,DLH,MN,AGL,CE,Combined TRACON& Tower with Radar,7,25,35,0,67,0,6,69,0,75,7,31,104,0,142,72,0,72,214
08/11/2018,DLH,MN,AGL,CE,Combined TRACON& Tower with Radar,4,17,10,0,31,0,4,31,0,35,4,21,41,0,66,24,0,24,90
08/12/2018,DLH,MN,AGL,CE,Combined TRACON& Tower with Radar,7,12,25,0,44,0,1,21,0,22,7,13,46,0,66,6,0,6,72
08/13/2018,DLH,MN,AGL,CE,Combined TRACON& Tower with Radar,4,17,30,15,66,0,0,56,0,56,4,17,86,15,122,88,8,96,218
08/14/2018,DLH,MN,AGL,CE,Combined TRACON& Tower with Radar,11,14,36,20,81,0,5,41,7,53,11,19,77,27,134,64,20,84,218
08/15/2018,DLH,MN,AGL,CE,Combined TRACON& Tower with Radar,7,25,80,15,127,0,0,41,0,41,7,25,121,15,168,15,0,15,183
08/16/2018,DLH,MN,AGL,CE,Combined TRACON& Tower with Radar,4,20,54,32,110,0,10,72,3,85,4,30,126,35,195,66,20,86,281
08/17/2018,DLH,MN,AGL,CE,Combined TRACON& Tower with Radar,4,26,29,14,73,0,1,67,0,68,4,27,96,14,141,70,8,78,219
08/18/2018,DLH,MN,AGL,CE,Combined TRACON& Tower with Radar,3,19,15,0,37,0,4,15,0,19,3,23,30,0,56,52,0,52,108
08/19/2018,DLH,MN,AGL,CE,Combined TRACON& Tower with Radar,3,14,28,0,45,0,0,16,0,16,3,14,44,0,61,12,0,12,73
08/20/2018,DLH,MN,AGL,CE,Combined TRACON& Tower with Radar,5,17,39,17,78,0,1,11,0,12,5,18,50,17,90,58,6,64,154
08/21/2018,DLH,MN,AGL,CE,Combined TRACON& Tower with Radar,5,22,49,26,102,0,3,50,0,53,5,25,99,26,155,92,34,126,281
08/22/2018,DLH,MN,AGL,CE,Combined TRACON& Tower with Radar,4,20,55,14,93,0,6,86,5,97,4,26,141,19,190,99,3,102,292
08/23/2018,DLH,MN,AGL,CE,Combined TRACON& Tower with Radar,4,22,44,24,94,0,5,98,0,103,4,27,142,24,197,93,41,134,331
08/24/2018,DLH,MN,AGL,CE,Combined TRACON& Tower with Radar,4,17,15,0,36,0,0,0,0,0,4,17,15,0,36,0,0,0,36
08/25/2018,DLH,MN,AGL,CE,Combined TRACON& Tower with Radar,3,12,31,0,46,0,1,24,0,25,3,13,55,0,71,43,0,43,114
08/26/2018,DLH,MN,AGL,CE,Combined TRACON& Tower with Radar,11,18,13,0,42,0,5,10,0,15,11,23,23,0,57,26,0,26,83
08/27/2018,DLH,MN,AGL,CE,Combined TRACON& Tower with Radar,6,16,39,13,74,0,0,21,0,21,6,16,60,13,95,45,5,50,145
08/28/2018,DLH,MN,AGL,CE,Combined TRACON& Tower with Radar,3,24,36,16,79,0,0,7,1,8,3,24,43,17,87,106,7,113,200
08/29/2018,DLH,MN,AGL,CE,Combined TRACON& Tower with Radar,5,19,48,18,90,0,4,74,1,79,5,23,122,19,169,0,0,0,169
08/30/2018,DLH,MN,AGL,CE,Combined TRACON& Tower with Radar,4,19,37,35,95,0,3,78,4,85,4,22,115,39,180,71,33,104,284
08/31/2018,DLH,MN,AGL,CE,Combined TRACON& Tower with Radar,4,19,33,3,59,0,0,13,0,13,4,19,46,3,72,33,0,33,105
09/01/2018,DLH,MN,AGL,CE,Combined TRACON& Tower with Radar,3,11,12,0,26,0,8,25,0,33,3,19,37,0,59,76,0,76,135
09/02/2018,DLH,MN,AGL,CE,Combined TRACON& Tower with Radar,3,12,9,0,24,0,8,15,0,23,3,20,24,0,47,90,12,102,149
09/03/2018,DLH,MN,AGL,CE,Combined TRACON& Tower with Radar,5,13,28,1,47,0,6,29,1,36,5,19,57,2,83,46,0,46,129
09/04/2018,DLH,MN,AGL,CE,Combined TRACON& Tower with Radar,5,21,23,15,64,0,0,1,0,1,5,21,24,15,65,19,0,19,84
09/05/2018,DLH,MN,AGL,CE,Combined TRACON& Tower with Radar,4,22,34,27,87,0,4,60,0,64,4,26,94,27,151,123,35,158,309
09/06/2018,DLH,MN,AGL,CE,Combined TRACON& Tower with Radar,4,21,41,28,94,0,1,86,0,87,4,22,127,28,181,126,30,156,337
09/07/2018,DLH,MN,AGL,CE,Combined TRACON& Tower with Radar,6,29,45,0,80,0,1,74,0,75,6,30,119,0,155,130,0,130,285
09/08/2018,DLH,MN,AGL,CE,Combined TRACON& Tower with Radar,3,12,25,1,41,0,6,42,1,49,3,18,67,2,90,50,0,50,140
09/09/2018,DLH,MN,AGL,CE,Combined TRACON& Tower with Radar,3,19,15,1,38,0,6,20,0,26,3,25,35,1,64,72,0,72,136
09/10/2018,DLH,MN,AGL,CE,Combined TRACON& Tower with Radar,4,18,31,18,71,0,1,47,1,49,4,19,78,19,120,135,14,149,269
09/11/2018,DLH,MN,AGL,CE,Combined TRACON& Tower with Radar,4,21,33,14,72,0,5,80,3,88,4,26,113,17,160,115,8,123,283
09/12/2018,DLH,MN,AGL,CE,Combined TRACON& Tower with Radar,4,18,51,19,92,0,0,69,0,69,4,18,120,19,161,148,0,148,309
09/13/2018,DLH,MN,AGL,CE,Combined TRACON& Tower with Radar,6,22,47,21,96,0,0,73,1,74,6,22,120,22,170,91,9,100,270
09/14/2018,DLH,MN,AGL,CE,Combined TRACON& Tower with Radar,4,25,40,15,84,0,3,45,0,48,4,28,85,15,132,143,6,149,281
09/15/2018,DLH,MN,AGL,CE,Combined TRACON& Tower with Radar,3,14,8,2,27,0,0,0,0,0,3,14,8,2,27,0,0,0,27
09/16/2018,DLH,MN,AGL,CE,Combined TRACON& Tower with Radar,5,18,23,0,46,0,0,34,0,34,5,18,57,0,80,19,0,19,99
09/17/2018,DLH,MN,AGL,CE,Combined TRACON& Tower with Radar,12,20,44,0,76,0,4,52,0,56,12,24,96,0,132,105,0,105,237
09/18/2018,DLH,MN,AGL,CE,Combined TRACON& Tower with Radar,4,20,47,12,83,0,0,14,0,14,4,20,61,12,97,274,0,274,371
09/19/2018,DLH,MN,AGL,CE,Combined TRACON& Tower with Radar,4,27,56,13,100,0,0,36,0,36,4,27,92,13,136,85,0,85,221
09/20/2018,DLH,MN,AGL,CE,Combined TRACON& Tower with Radar,3,21,13,0,37,0,0,0,0,0,3,21,13,0,37,2,0,2,39
09/21/2018,DLH,MN,AGL,CE,Combined TRACON& Tower with Radar,5,25,37,8,75,0,3,20,0,23,5,28,57,8,98,54,12,66,164
09/22/2018,DLH,MN,AGL,CE,Combined TRACON& Tower with Radar,5,14,24,3,46,0,2,45,0,47,5,16,69,3,93,136,26,162,255
09/23/2018,DLH,MN,AGL,CE,Combined TRACON& Tower with Radar,2,17,16,0,35,0,0,3,0,3,2,17,19,0,38,0,0,0,38
09/24/2018,DLH,MN,AGL,CE,Combined TRACON& Tower with Radar,5,19,24,10,58,0,1,69,1,71,5,20,93,11,129,107,8,115,244
09/25/2018,DLH,MN,AGL,CE,Combined TRACON& Tower with Radar,5,19,57,25,106,0,0,7,0,7,5,19,64,25,113,47,2,49,162
09/26/2018,DLH,MN,AGL,CE,Combined TRACON& Tower with Radar,5,21,49,11,86,0,2,88,0,90,5,23,137,11,176,137,0,137,313
09/27/2018,DLH,MN,AGL,CE,Combined TRACON& Tower with Radar,4,27,47,16,94,0,0,55,0,55,4,27,102,16,149,86,8,94,243
09/28/2018,DLH,MN,AGL,CE,Combined TRACON& Tower with Radar,4,19,37,14,74,0,2,35,2,39,4,21,72,16,113,118,3,121,234
09/29/2018,DLH,MN,AGL,CE,Combined TRACON& Tower with Radar,3,15,15,0,33,0,5,51,0,56,3,20,66,0,89,117,0,117,206
09/30/2018,DLH,MN,AGL,CE,Combined TRACON& Tower with Radar,5,17,33,0,55,0,3,25,0,28,5,20,58,0,83,32,0,32,115
10/01/2018,DLH,MN,AGL,CE,Combined TRACON& Tower with Radar,3,25,23,19,70,0,1,19,0,20,3,26,42,19,90,102,0,102,192
10/02/2018,DLH,MN,AGL,CE,Combined TRACON& Tower with Radar,8,28,44,42,122,0,0,22,0,22,8,28,66,42,144,160,0,160,304
10/03/2018,DLH,MN,AGL,CE,Combined TRACON& Tower with Radar,7,29,12,0,48,0,0,2,0,2,7,29,14,0,50,0,0,0,50
10/04/2018,DLH,MN,AGL,CE,Combined TRACON& Tower with Radar,9,25,30,10,74,0,7,118,1,126,9,32,148,11,200,142,0,142,342
10/05/2018,DLH,MN,AGL,CE,Combined TRACON& Tower with Radar,4,29,21,0,54,0,0,4,0,4,4,29,25,0,58,0,0,0,58
10/06/2018,DLH,MN,AGL,CE,Combined TRACON& Tower with Radar,2,16,18,0,36,0,1,10,0,11,2,17,28,0,47,34,0,34,81
10/07/2018,DLH,MN,AGL,CE,Combined TRACON& Tower with Radar,4,22,22,3,51,0,0,1,1,2,4,22,23,4,53,0,0,0,53
10/08/2018,DLH,MN,AGL,CE,Combined TRACON& Tower with Radar,4,19,12,1,36,0,0,0,0,0,4,19,12,1,36,0,0,0,36
10/09/2018,DLH,MN,AGL,CE,Combined TRACON& Tower with Radar,4,27,36,21,88,0,0,1,0,1,4,27,37,21,89,2,0,2,91
10/10/2018,DLH,MN,AGL,CE,Combined TRACON& Tower with Radar,3,21,14,2,40,0,0,0,0,0,3,21,14,2,40,0,0,0,40
10/11/2018,DLH,MN,AGL,CE,Combined TRACON& Tower with Radar,5,24,38,17,84,0,3,28,0,31,5,27,66,17,115,10,0,10,125
10/12/2018,DLH,MN,AGL,CE,Combined TRACON& Tower with Radar,5,24,53,18,100,0,3,72,1,76,5,27,125,19,176,240,16,256,432
10/13/2018,DLH,MN,AGL,CE,Combined TRACON& Tower with Radar,1,17,14,0,32,0,3,23,0,26,1,20,37,0,58,97,0,97,155
10/14/2018,DLH,MN,AGL,CE,Combined TRACON& Tower with Radar,3,21,23,0,47,0,1,27,0,28,3,22,50,0,75,87,0,87,162
10/15/2018,DLH,MN,AGL,CE,Combined TRACON& Tower with Radar,4,16,31,29,80,0,4,71,1,76,4,20,102,30,156,147,20,167,323
10/16/2018,DLH,MN,AGL,CE,Combined TRACON& Tower with Radar,4,23,40,26,93,0,5,42,0,47,4,28,82,26,140,52,33,85,225
10/17/2018,DLH,MN,AGL,CE,Combined TRACON& Tower with Radar,4,18,45,22,89,0,4,92,11,107,4,22,137,33,196,149,14,163,359
10/18/2018,DLH,MN,AGL,CE,Combined TRACON& Tower with Radar,4,22,28,28,82,0,4,119,0,123,4,26,147,28,205,154,18,172,377
10/19/2018,DLH,MN,AGL,CE,Combined TRACON& Tower with Radar,4,33,29,11,77,0,0,61,0,61,4,33,90,11,138,60,12,72,210
10/20/2018,DLH,MN,AGL,CE,Combined TRACON& Tower with Radar,1,15,3,10,29,0,1,13,1,15,1,16,16,11,44,52,1,53,97
10/21/2018,DLH,MN,AGL,CE,Combined TRACON& Tower with Radar,4,18,22,25,69,0,0,41,1,42,4,18,63,26,111,122,10,132,243
10/22/2018,DLH,MN,AGL,CE,Combined TRACON& Tower with Radar,5,22,29,11,67,0,4,66,0,70,5,26,95,11,137,205,6,211,348
10/23/2018,DLH,MN,AGL,CE,Combined TRACON& Tower with Radar,4,22,28,25,79,0,7,94,0,101,4,29,122,25,180,253,32,285,465
10/24/2018,DLH,MN,AGL,CE,Combined TRACON& Tower with Radar,5,23,43,14,85,0,1,100,0,101,5,24,143,14,186,147,6,153,339
10/25/2018,DLH,MN,AGL,CE,Combined TRACON& Tower with Radar,4,24,29,10,67,0,0,41,0,41,4,24,70,10,108,155,0,155,263
10/26/2018,DLH,MN,AGL,CE,Combined TRACON& Tower with Radar,6,18,24,0,48,0,0,4,0,4,6,18,28,0,52,57,0,57,109
10/27/2018,DLH,MN,AGL,CE,Combined TRACON& Tower with Radar,2,16,6,0,24,0,0,0,0,0,2,16,6,0,24,0,0,0,24
10/28/2018,DLH,MN,AGL,CE,Combined TRACON& Tower with Radar,1,21,17,0,39,0,0,2,0,2,1,21,19,0,41,56,0,56,97
10/29/2018,DLH,MN,AGL,CE,Combined TRACON& Tower with Radar,2,17,40,15,74,0,0,34,0,34,2,17,74,15,108,180,0,180,288
10/30/2018,DLH,MN,AGL,CE,Combined TRACON& Tower with Radar,2,21,30,58,111,0,0,37,11,48,2,21,67,69,159,260,30,290,449
10/31/2018,DLH,MN,AGL,CE,Combined TRACON& Tower with Radar,2,17,45,14,78,0,0,47,2,49,2,17,92,16,127,210,0,210,337
11/01/2018,DLH,MN,AGL,CE,Combined TRACON& Tower with Radar,2,21,38,6,67,0,3,73,0,76,2,24,111,6,143,155,24,179,322
11/02/2018,DLH,MN,AGL,CE,Combined TRACON& Tower with Radar,3,20,34,9,66,0,3,60,0,63,3,23,94,9,129,101,0,101,230
11/03/2018,DLH,MN,AGL,CE,Combined TRACON& Tower with Radar,3,15,17,0,35,0,3,39,0,42,3,18,56,0,77,114,0,114,191
11/04/2018,DLH,MN,AGL,CE,Combined TRACON& Tower with Radar,5,10,19,0,34,0,0,3,0,3,5,10,22,0,37,28,0,28,65
11/05/2018,DLH,MN,AGL,CE,Combined TRACON& Tower with Radar,6,12,18,5,41,0,0,1,0,1,6,12,19,5,42,40,0,40,82
11/06/2018,DLH,MN,AGL,CE,Combined TRACON& Tower with Radar,6,14,20,12,52,0,0,1,0,1,6,14,21,12,53,8,0,8,61
11/07/2018,DLH,MN,AGL,CE,Combined TRACON& Tower with Radar,6,16,31,2,55,0,3,8,0,11,6,19,39,2,66,44,0,44,110
11/08/2018,DLH,MN,AGL,CE,Combined TRACON& Tower with Radar,5,15,42,15,77,0,0,34,0,34,5,15,76,15,111,407,4,411,522
11/09/2018,DLH,MN,AGL,CE,Combined TRACON& Tower with Radar,7,22,29,0,58,0,0,15,0,15,7,22,44,0,73,50,0,50,123
11/10/2018,DLH,MN,AGL,CE,Combined TRACON& Tower with Radar,3,13,7,0,23,0,35,40,0,75,3,48,47,0,98,72,0,72,170
11/11/2018,DLH,MN,AGL,CE,Combined TRACON& Tower with Radar,4,11,19,0,34,0,0,4,0,4,4,11,23,0,38,40,0,40,78
11/12/2018,DLH,MN,AGL,CE,Combined TRACON& Tower with Radar,5,14,42,0,61,0,0,44,0,44,5,14,86,0,105,98,0,98,203
11/13/2018,DLH,MN,AGL,CE,Combined TRACON& Tower with Radar,6,15,48,14,83,0,1,48,0,49,6,16,96,14,132,176,0,176,308
11/14/2018,DLH,MN,AGL,CE,Combined TRACON& Tower with Radar,6,20,32,17,75,0,1,65,3,69,6,21,97,20,144,149,0,149,293
11/15/2018,DLH,MN,AGL,CE,Combined TRACON& Tower with Radar,8,18,38,5,69,0,1,57,1,59,8,19,95,6,128,239,4,243,371
11/16/2018,DLH,MN,AGL,CE,Combined TRACON& Tower with Radar,6,27,24,10,67,0,1,13,0,14,6,28,37,10,81,113,0,113,194
11/17/2018,DLH,MN,AGL,CE,Combined TRACON& Tower with Radar,4,16,19,0,39,0,12,43,0,55,4,28,62,0,94,214,0,214,308
11/18/2018,DLH,MN,AGL,CE,Combined TRACON& Tower with Radar,7,12,20,0,39,0,0,20,0,20,7,12,40,0,59,89,0,89,148
11/19/2018,DLH,MN,AGL,CE,Combined TRACON& Tower with Radar,5,14,22,13,54,0,1,36,1,38,5,15,58,14,92,145,31,176,268
11/20/2018,DLH,MN,AGL,CE,Combined TRACON& Tower with Radar,6,20,21,11,58,0,1,7,0,8,6,21,28,11,66,70,0,70,136
11/21/2018,DLH,MN,AGL,CE,Combined TRACON& Tower with Radar,5,25,60,16,106,0,2,25,0,27,5,27,85,16,133,104,4,108,241
11/22/2018,DLH,MN,AGL,CE,Combined TRACON& Tower with Radar,5,13,3,0,21,0,1,0,0,1,5,14,3,0,22,0,0,0,22
11/23/2018,DLH,MN,AGL,CE,Combined TRACON& Tower with Radar,3,21,10,0,34,0,2,8,0,10,3,23,18,0,44,16,0,16,60
11/24/2018,DLH,MN,AGL,CE,Combined TRACON& Tower with Radar,4,19,4,0,27,0,0,0,0,0,4,19,4,0,27,0,0,0,27
11/25/2018,DLH,MN,AGL,CE,Combined TRACON& Tower with Radar,3,17,16,0,36,0,0,14,0,14,3,17,30,0,50,123,0,123,173
11/26/2018,DLH,MN,AGL,CE,Combined TRACON& Tower with Radar,2,9,32,23,66,0,2,57,1,60,2,11,89,24,126,122,22,144,270
11/27/2018,DLH,MN,AGL,CE,Combined TRACON& Tower with Radar,4,19,34,16,73,0,0,56,0,56,4,19,90,16,129,170,4,174,303
11/28/2018,DLH,MN,AGL,CE,Combined TRACON& Tower with Radar,4,23,31,42,100,0,2,65,0,67,4,25,96,42,167,191,56,247,414
11/29/2018,DLH,MN,AGL,CE,Combined TRACON& Tower with Radar,5,21,25,4,55,0,0,1,0,1,5,21,26,4,56,0,0,0,56
11/30/2018,DLH,MN,AGL,CE,Combined TRACON& Tower with Radar,4,21,13,0,38,0,0,0,0,0,4,21,13,0,38,0,0,0,38
12/01/2018,DLH,MN,AGL,CE,Combined TRACON& Tower with Radar,4,13,7,0,24,0,0,1,0,1,4,13,8,0,25,0,0,0,25
12/02/2018,DLH,MN,AGL,CE,Combined TRACON& Tower with Radar,3,15,10,0,28,0,0,2,0,2,3,15,12,0,30,83,0,83,113
12/03/2018,DLH,MN,AGL,CE,Combined TRACON& Tower with Radar,5,13,28,24,70,0,0,45,0,45,5,13,73,24,115,214,18,232,347
12/04/2018,DLH,MN,AGL,CE,Combined TRACON& Tower with Radar,8,26,30,15,79,0,0,0,0,0,8,26,30,15,79,6,0,6,85
12/05/2018,DLH,MN,AGL,CE,Combined TRACON& Tower with Radar,6,19,30,0,55,0,1,17,0,18,6,20,47,0,73,74,0,74,147
12/06/2018,DLH,MN,AGL,CE,Combined TRACON& Tower with Radar,3,21,30,16,70,0,1,56,0,57,3,22,86,16,127,229,4,233,360
12/07/2018,DLH,MN,AGL,CE,Combined TRACON& Tower with Radar,4,21,37,0,62,0,2,27,0,29,4,23,64,0,91,166,0,166,257
12/08/2018,DLH,MN,AGL,CE,Combined TRACON& Tower with Radar,4,9,26,0,39,0,2,19,0,21,4,11,45,0,60,123,0,123,183
12/09/2018,DLH,MN,AGL,CE,Combined TRACON& Tower with Radar,3,14,14,2,33,0,4,26,0,30,3,18,40,2,63,209,0,209,272
12/10/2018,DLH,MN,AGL,CE,Combined TRACON& Tower with Radar,5,16,20,15,56,0,0,54,0,54,5,16,74,15,110,179,12,191,301
12/11/2018,DLH,MN,AGL,CE,Combined TRACON& Tower with Radar,5,18,24,9,56,0,1,20,0,21,5,19,44,9,77,70,0,70,147
12/12/2018,DLH,MN,AGL,CE,Combined TRACON& Tower with Radar,4,23,35,18,80,0,0,2,0,2,4,23,37,18,82,55,0,55,137
12/13/2018,DLH,MN,AGL,CE,Combined TRACON& Tower with Radar,4,19,32,11,66,0,0,1,0,1,4,19,33,11,67,0,0,0,67
12/14/2018,DLH,MN,AGL,CE,Combined TRACON& Tower with Radar,4,24,33,12,73,0,7,91,6,104,4,31,124,18,177,229,6,235,412
12/15/2018,DLH,MN,AGL,CE,Combined TRACON& Tower with Radar,3,10,23,0,36,0,0,51,0,51,3,10,74,0,87,62,2,64,151
12/16/2018,DLH,MN,AGL,CE,Combined TRACON& Tower with Radar,3,13,16,0,32,0,4,42,0,46,3,17,58,0,78,73,0,73,151
12/17/2018,DLH,MN,AGL,CE,Combined TRACON& Tower with Radar,4,20,35,16,75,0,1,85,1,87,4,21,120,17,162,251,0,251,413
12/18/2018,DLH,MN,AGL,CE,Combined TRACON& Tower with Radar,4,20,29,21,74,0,2,78,1,81,4,22,107,22,155,198,24,222,377
12/19/2018,DLH,MN,AGL,CE,Combined TRACON& Tower with Radar,4,23,26,0,53,0,0,0,0,0,4,23,26,0,53,2,0,2,55
12/20/2018,DLH,MN,AGL,CE,Combined TRACON& Tower with Radar,4,22,16,13,55,0,0,2,0,2,4,22,18,13,57,10,0,10,67
12/21/2018,DLH,MN,AGL,CE,Combined TRACON& Tower with Radar,4,18,61,0,83,0,0,2,0,2,4,18,63,0,85,50,0,50,135
12/22/2018,DLH,MN,AGL,CE,Combined TRACON& Tower with Radar,2,14,12,0,28,0,0,8,0,8,2,14,20,0,36,0,0,0,36
12/23/2018,DLH,MN,AGL,CE,Combined TRACON& Tower with Radar,1,16,6,0,23,0,0,2,0,2,1,16,8,0,25,58,0,58,83
12/24/2018,DLH,MN,AGL,CE,Combined TRACON& Tower with Radar,1,13,8,0,22,0,0,9,0,9,1,13,17,0,31,0,0,0,31
12/25/2018,DLH,MN,AGL,CE,Combined TRACON& Tower with Radar,1,11,3,0,15,0,0,2,0,2,1,11,5,0,17,0,0,0,17
12/26/2018,DLH,MN,AGL,CE,Combined TRACON& Tower with Radar,2,23,24,6,55,0,0,0,1,1,2,23,24,7,56,2,0,2,58
12/27/2018,DLH,MN,AGL,CE,Combined TRACON& Tower with Radar,2,17,4,0,23,0,0,0,0,0,2,17,4,0,23,0,0,0,23
12/28/2018,DLH,MN,AGL,CE,Combined TRACON& Tower with Radar,2,16,4,0,22,0,0,1,0,1,2,16,5,0,23,0,0,0,23
12/29/2018,DLH,MN,AGL,CE,Combined TRACON& Tower with Radar,2,21,7,0,30,0,3,8,0,11,2,24,15,0,41,44,0,44,85
12/30/2018,DLH,MN,AGL,CE,Combined TRACON& Tower with Radar,1,18,11,0,30,0,1,2,0,3,1,19,13,0,33,66,0,66,99
12/31/2018,DLH,MN,AGL,CE,Combined TRACON& Tower with Radar,2,16,2,0,20,0,0,0,0,0,2,16,2,0,20,6,0,6,26
01/01/2019,DLH,MN,AGL,CE,Combined TRACON& Tower with Radar,2,14,9,0,25,0,0,11,0,11,2,14,20,0,36,107,0,107,143
01/02/2019,DLH,MN,AGL,CE,Combined TRACON& Tower with Radar,2,19,30,0,51,0,0,15,0,15,2,19,45,0,66,76,0,76,142
01/03/2019,DLH,MN,AGL,CE,Combined TRACON& Tower with Radar,2,17,15,20,54,0,0,44,0,44,2,17,59,20,98,119,12,131,229
01/04/2019,DLH,MN,AGL,CE,Combined TRACON& Tower with Radar,2,16,24,14,56,0,1,70,1,72,2,17,94,15,128,162,2,164,292
01/05/2019,DLH,MN,AGL,CE,Combined TRACON& Tower with Radar,2,11,17,0,30,0,0,7,0,7,2,11,24,0,37,17,0,17,54
01/06/2019,DLH,MN,AGL,CE,Combined TRACON& Tower with Radar,3,10,7,4,24,0,0,5,0,5,3,10,12,4,29,54,10,64,93
01/07/2019,DLH,MN,AGL,CE,Combined TRACON& Tower with Radar,7,11,10,0,28,0,0,0,0,0,7,11,10,0,28,0,0,0,28
01/08/2019,DLH,MN,AGL,CE,Combined TRACON& Tower with Radar,5,13,26,23,67,0,2,2,0,4,5,15,28,23,71,19,16,35,106
01/09/2019,DLH,MN,AGL,CE,Combined TRACON& Tower with Radar,6,15,30,22,73,0,1,53,0,54,6,16,83,22,127,98,18,116,243
01/10/2019,DLH,MN,AGL,CE,Combined TRACON& Tower with Radar,3,14,44,16,77,0,3,5,0,8,3,17,49,16,85,58,0,58,143
01/11/2019,DLH,MN,AGL,CE,Combined TRACON& Tower with Radar,9,20,18,14,61,0,2,47,0,49,9,22,65,14,110,149,2,151,261
01/12/2019,DLH,MN,AGL,CE,Combined TRACON& Tower with Radar,6,8,12,0,26,0,1,2,0,3,6,9,14,0,29,49,0,49,78
01/13/2019,DLH,MN,AGL,CE,Combined TRACON& Tower with Radar,4,9,9,13,35,0,0,1,0,1,4,9,10,13,36,93,0,93,129
01/14/2019,DLH,MN,AGL,CE,Combined TRACON& Tower with Radar,5,11,25,19,60,0,0,20,0,20,5,11,45,19,80,55,14,69,149
01/15/2019,DLH,MN,AGL,CE,Combined TRACON& Tower with Radar,6,26,11,8,51,0,0,0,0,0,6,26,11,8,51,0,0,0,51
01/16/2019,DLH,MN,AGL,CE,Combined TRACON& Tower with Radar,4,17,55,16,92,0,0,74,0,74,4,17,129,16,166,87,8,95,261
01/17/2019,DLH,MN,AGL,CE,Combined TRACON& Tower with Radar,4,18,59,32,113,0,2,55,3,60,4,20,114,35,173,102,40,142,315
01/18/2019,DLH,MN,AGL,CE,Combined TRACON& Tower with Radar,3,20,32,13,68,0,2,56,0,58,3,22,88,13,126,75,6,81,207
01/19/2019,DLH,MN,AGL,CE,Combined TRACON& Tower with Radar,3,9,19,0,31,0,3,17,0,20,3,12,36,0,51,91,0,91,142
01/20/2019,DLH,MN,AGL,CE,Combined TRACON& Tower with Radar,5,6,12,0,23,0,7,12,0,19,5,13,24,0,42,19,0,19,61
01/21/2019,DLH,MN,AGL,CE,Combined TRACON& Tower with Radar,4,14,33,0,51,0,1,27,0,28,4,15,60,0,79,29,0,29,108
01/22/2019,DLH,MN,AGL,CE,Combined TRACON& Tower with Radar,4,12,17,12,45,0,0,18,0,18,4,12,35,12,63,42,0,42,105
01/23/2019,DLH,MN,AGL,CE,Combined TRACON& Tower with Radar,5,22,42,8,77,0,0,59,0,59,5,22,101,8,136,80,0,80,216
01/24/2019,DLH,MN,AGL,CE,Combined TRACON& Tower with Radar,8,12,19,19,58,0,6,19,1,26,8,18,38,20,84,24,14,38,122
01/25/2019,DLH,MN,AGL,CE,Combined TRACON& Tower with Radar,5,13,21,14,53,0,3,48,0,51,5,16,69,14,104,70,8,78,182
01/26/2019,DLH,MN,AGL,CE,Combined TRACON& Tower with Radar,5,10,10,0,25,0,4,26,0,30,5,14,36,0,55,66,0,66,121
01/27/2019,DLH,MN,AGL,CE,Combined TRACON& Tower with Radar,5,9,9,0,23,0,0,14,0,14,5,9,23,0,37,50,0,50,87
01/28/2019,DLH,MN,AGL,CE,Combined TRACON& Tower with Radar,4,8,20,9,41,0,2,4,0,6,4,10,24,9,47,38,0,38,85
01/29/2019,DLH,MN,AGL,CE,Combined TRACON& Tower with Radar,3,12,4,0,19,0,0,0,0,0,3,12,4,0,19,0,0,0,19
01/30/2019,DLH,MN,AGL,CE,Combined TRACON& Tower with Radar,1,15,7,0,23,0,0,4,0,4,1,15,11,0,27,14,0,14,41
01/31/2019,DLH,MN,AGL,CE,Combined TRACON& Tower with Radar,5,11,26,9,51,0,0,39,1,40,5,11,65,10,91,30,34,64,155
02/01/2019,DLH,MN,AGL,CE,Combined TRACON& Tower with Radar,9,12,29,0,50,0,1,52,0,53,9,13,81,0,103,105,0,105,208
02/02/2019,DLH,MN,AGL,CE,Combined TRACON& Tower with Radar,5,6,16,0,27,0,0,23,0,23,5,6,39,0,50,26,0,26,76
02/03/2019,DLH,MN,AGL,CE,Combined TRACON& Tower with Radar,4,5,3,0,12,0,0,0,0,0,4,5,3,0,12,0,0,0,12
02/04/2019,DLH,MN,AGL,CE,Combined TRACON& Tower with Radar,4,9,1,4,18,0,0,0,0,0,4,9,1,4,18,0,0,0,18
02/05/2019,DLH,MN,AGL,CE,Combined TRACON& Tower with Radar,2,15,28,2,47,0,2,9,0,11,2,17,37,2,58,26,2,28,86
02/06/2019,DLH,MN,AGL,CE,Combined TRACON& Tower with Radar,4,18,17,4,43,0,0,0,0,0,4,18,17,4,43,0,0,0,43
02/07/2019,DLH,MN,AGL,CE,Combined TRACON& Tower with Radar,5,11,3,0,19,0,0,0,0,0,5,11,3,0,19,0,0,0,19
02/08/2019,DLH,MN,AGL,CE,Combined TRACON& Tower with Radar,3,23,41,11,78,0,7,76,0,83,3,30,117,11,161,41,2,43,204
02/09/2019,DLH,MN,AGL,CE,Combined TRACON& Tower with Radar,4,8,22,12,46,0,5,24,0,29,4,13,46,12,75,46,10,56,131
02/10/2019,DLH,MN,AGL,CE,Combined TRACON& Tower with Radar,2,11,13,4,30,0,2,0,0,2,2,13,13,4,32,0,0,0,32
02/11/2019,DLH,MN,AGL,CE,Combined TRACON& Tower with Radar,5,22,26,7,60,0,2,6,0,8,5,24,32,7,68,12,0,12,80
02/12/2019,DLH,MN,AGL,CE,Combined TRACON& Tower with Radar,4,18,5,0,27,0,0,0,0,0,4,18,5,0,27,0,0,0,27
02/13/2019,DLH,MN,AGL,CE,Combined TRACON& Tower with Radar,4,16,46,11,77,0,2,83,1,86,4,18,129,12,163,88,0,88,251
02/14/2019,DLH,MN,AGL,CE,Combined TRACON& Tower with Radar,5,14,21,0,40,0,0,13,0,13,5,14,34,0,53,36,0,36,89
02/15/2019,DLH,MN,AGL,CE,Combined TRACON& Tower with Radar,4,17,29,0,50,0,1,56,0,57,4,18,85,0,107,26,0,26,133
02/16/2019,DLH,MN,AGL,CE,Combined TRACON& Tower with Radar,4,8,18,0,30,0,1,39,0,40,4,9,57,0,70,4,0,4,74
02/17/2019,DLH,MN,AGL,CE,Combined TRACON& Tower with Radar,3,5,8,2,18,0,0,2,0,2,3,5,10,2,20,0,0,0,20
02/18/2019,DLH,MN,AGL,CE,Combined TRACON& Tower with Radar,4,10,29,0,43,0,1,40,0,41,4,11,69,0,84,23,0,23,107
02/19/2019,DLH,MN,AGL,CE,Combined TRACON& Tower with Radar,5,12,38,29,84,0,0,73,1,74,5,12,111,30,158,99,22,121,279
02/20/2019,DLH,MN,AGL,CE,Combined TRACON& Tower with Radar,13,13,4,0,30,0,0,0,0,0,13,13,4,0,30,0,0,0,30
02/21/2019,DLH,MN,AGL,CE,Combined TRACON& Tower with Radar,3,12,32,13,60,0,1,50,0,51,3,13,82,13,111,84,4,88,199
02/22/2019,DLH,MN,AGL,CE,Combined TRACON& Tower with Radar,4,13,30,18,65,0,2,39,0,41,4,15,69,18,106,73,20,93,199
02/23/2019,DLH,MN,AGL,CE,Combined TRACON& Tower with Radar,4,8,4,0,16,0,0,1,0,1,4,8,5,0,17,0,0,0,17
02/24/2019,DLH,MN,AGL,CE,Combined TRACON& Tower with Radar,2,13,6,0,21,0,0,1,0,1,2,13,7,0,22,0,0,0,22
02/25/2019,DLH,MN,AGL,CE,Combined TRACON& Tower with Radar,3,14,27,10,54,0,4,33,0,37,3,18,60,10,91,64,0,64,155
02/26/2019,DLH,MN,AGL,CE,Combined TRACON& Tower with Radar,7,16,36,16,75,0,1,43,0,44,7,17,79,16,119,89,4,93,212
02/27/2019,DLH,MN,AGL,CE,Combined TRACON& Tower with Radar,4,16,39,24,83,0,5,39,2,46,4,21,78,26,129,44,42,86,215
02/28/2019,DLH,MN,AGL,CE,Combined TRACON& Tower with Radar,4,15,31,12,62,0,2,60,1,63,4,17,91,13,125,9,4,13,138
03/01/2019,DLH,MN,AGL,CE,Combined TRACON& Tower with Radar,3,15,13,0,31,0,0,13,0,13,3,15,26,0,44,26,0,26,70
03/02/2019,DLH,MN,AGL,CE,Combined TRACON& Tower with Radar,11,8,22,0,41,0,1,46,0,47,11,9,68,0,88,32,0,32,120
03/03/2019,DLH,MN,AGL,CE,Combined TRACON& Tower with Radar,3,12,11,0,26,0,3,19,0,22,3,15,30,0,48,54,0,54,102
03/04/2019,DLH,MN,AGL,CE,Combined TRACON& Tower with Radar,5,15,24,12,56,0,1,27,0,28,5,16,51,12,84,36,6,42,126
03/05/2019,DLH,MN,AGL,CE,Combined TRACON& Tower with Radar,3,20,52,16,91,0,0,25,0,25,3,20,77,16,116,16,16,32,148
03/06/2019,DLH,MN,AGL,CE,Combined TRACON& Tower with Radar,6,15,37,16,74,0,2,49,1,52,6,17,86,17,126,70,6,76,202
03/07/2019,DLH,MN,AGL,CE,Combined TRACON& Tower with Radar,3,16,39,16,74,0,2,67,2,71,3,18,106,18,145,116,12,128,273
03/08/2019,DLH,MN,AGL,CE,Combined TRACON& Tower with Radar,7,18,39,10,74,0,2,36,0,38,7,20,75,10,112,38,0,38,150
03/09/2019,DLH,MN,AGL,CE,Combined TRACON& Tower with Radar,5,11,13,5,34,0,0,11,1,12,5,11,24,6,46,0,6,6,52
03/10/2019,DLH,MN,AGL,CE,Combined TRACON& Tower with Radar,7,10,16,0,33,0,0,0,0,0,7,10,16,0,33,0,0,0,33
03/11/2019,DLH,MN,AGL,CE,Combined TRACON& Tower with Radar,3,16,41,20,80,0,4,55,0,59,3,20,96,20,139,58,8,66,205
03/12/2019,DLH,MN,AGL,CE,Combined TRACON& Tower with Radar,5,17,36,19,77,0,1,28,3,32,5,18,64,22,109,63,8,71,180
03/13/2019,DLH,MN,AGL,CE,Combined TRACON& Tower with Radar,4,20,4,0,28,0,0,0,0,0,4,20,4,0,28,0,0,0,28
03/14/2019,DLH,MN,AGL,CE,Combined TRACON& Tower with Radar,4,18,3,0,25,0,0,0,0,0,4,18,3,0,25,0,0,0,25
03/15/2019,DLH,MN,AGL,CE,Combined TRACON& Tower with Radar,5,21,26,1,53,0,0,16,0,16,5,21,42,1,69,30,0,30,99
03/16/2019,DLH,MN,AGL,CE,Combined TRACON& Tower with Radar,5,15,28,0,48,0,4,41,0,45,5,19,69,0,93,48,0,48,141
03/17/2019,DLH,MN,AGL,CE,Combined TRACON& Tower with Radar,6,13,22,0,41,0,1,14,0,15,6,14,36,0,56,6,0,6,62
03/18/2019,DLH,MN,AGL,CE,Combined TRACON& Tower with Radar,5,20,30,20,75,0,0,47,0,47,5,20,77,20,122,30,4,34,156
03/19/2019,DLH,MN,AGL,CE,Combined TRACON& Tower with Radar,4,21,75,24,124,0,3,64,0,67,4,24,139,24,191,66,6,72,263
03/20/2019,DLH,MN,AGL,CE,Combined TRACON& Tower with Radar,4,23,49,17,93,0,0,14,0,14,4,23,63,17,107,22,14,36,143
03/21/2019,DLH,MN,AGL,CE,Combined TRACON& Tower with Radar,3,22,38,10,73,0,0,50,0,50,3,22,88,10,123,36,4,40,163
03/22/2019,DLH,MN,AGL,CE,Combined TRACON& Tower with Radar,5,17,32,0,54,0,1,82,0,83,5,18,114,0,137,90,0,90,227
03/23/2019,DLH,MN,AGL,CE,Combined TRACON& Tower with Radar,8,11,28,5,52,0,11,50,0,61,8,22,78,5,113,47,2,49,162
03/24/2019,DLH,MN,AGL,CE,Combined TRACON& Tower with Radar,4,13,2,11,30,0,0,4,0,4,4,13,6,11,34,0,8,8,42
03/25/2019,DLH,MN,AGL,CE,Combined TRACON& Tower with Radar,4,14,42,5,65,0,2,53,0,55,4,16,95,5,120,70,0,70,190
03/26/2019,DLH,MN,AGL,CE,Combined TRACON& Tower with Radar,6,16,39,5,66,0,1,58,1,60,6,17,97,6,126,57,0,57,183
03/27/2019,DLH,MN,AGL,CE,Combined TRACON& Tower with Radar,7,18,46,3,74,0,6,17,0,23,7,24,63,3,97,56,0,56,153
03/28/2019,DLH,MN,AGL,CE,Combined TRACON& Tower with Radar,6,18,38,15,77,0,5,36,0,41,6,23,74,15,118,37,56,93,211
03/29/2019,DLH,MN,AGL,CE,Combined TRACON& Tower with Radar,5,19,45,1,70,0,0,66,0,66,5,19,111,1,136,90,3,93,229
03/30/2019,DLH,MN,AGL,CE,Combined TRACON& Tower with Radar,7,13,14,0,34,0,3,31,0,34,7,16,45,0,68,34,0,34,102
03/31/2019,DLH,MN,AGL,CE,Combined TRACON& Tower with Radar,3,13,17,0,33,0,0,23,0,23,3,13,40,0,56,16,0,16,72
04/01/2019,DLH,MN,AGL,CE,Combined TRACON& Tower with Radar,5,14,48,6,73,0,2,35,0,37,5,16,83,6,110,84,0,84,194
04/02/2019,DLH,MN,AGL,CE,Combined TRACON& Tower with Radar,5,21,19,7,52,0,2,8,0,10,5,23,27,7,62,8,0,8,70
04/03/2019,DLH,MN,AGL,CE,Combined TRACON& Tower with Radar,7,20,65,14,106,0,0,58,1,59,7,20,123,15,165,107,24,131,296
04/04/2019,DLH,MN,AGL,CE,Combined TRACON& Tower with Radar,6,15,48,4,73,0,0,54,0,54,6,15,102,4,127,116,20,136,263
04/05/2019,DLH,MN,AGL,CE,Combined TRACON& Tower with Radar,6,20,18,0,44,0,0,6,0,6,6,20,24,0,50,0,0,0,50
04/06/2019,DLH,MN,AGL,CE,Combined TRACON& Tower with Radar,5,12,13,0,30,0,0,0,0,0,5,12,13,0,30,0,0,0,30
04/07/2019,DLH,MN,AGL,CE,Combined TRACON& Tower with Radar,2,0,2,0,4,0,0,0,0,0,2,0,2,0,4,0,0,0,4
04/08/2019,DLH,MN,AGL,CE,Combined TRACON& Tower with Radar,5,18,34,0,57,0,3,33,0,36,5,21,67,0,93,38,0,38,131
04/09/2019,DLH,MN,AGL,CE,Combined TRACON& Tower with Radar,8,19,39,2,68,0,1,38,4,43,8,20,77,6,111,83,8,91,202
04/10/2019,DLH,MN,AGL,CE,Combined TRACON& Tower with Radar,5,15,29,10,59,0,2,10,2,14,5,17,39,12,73,24,28,52,125
04/11/2019,DLH,MN,AGL,CE,Combined TRACON& Tower with Radar,5,5,0,0,10,0,2,0,0,2,5,7,0,0,12,0,0,0,12
04/12/2019,DLH,MN,AGL,CE,Combined TRACON& Tower with Radar,7,15,5,0,27,0,0,0,0,0,7,15,5,0,27,0,0,0,27
04/13/2019,DLH,MN,AGL,CE,Combined TRACON& Tower with Radar,7,17,27,8,59,0,5,28,1,34,7,22,55,9,93,30,12,42,135
04/14/2019,DLH,MN,AGL,CE,Combined TRACON& Tower with Radar,5,9,38,1,53,0,2,56,0,58,5,11,94,1,111,39,0,39,150
04/15/2019,DLH,MN,AGL,CE,Combined TRACON& Tower with Radar,5,12,37,2,56,0,0,60,0,60,5,12,97,2,116,112,0,112,228
04/16/2019,DLH,MN,AGL,CE,Combined TRACON& Tower with Radar,6,18,48,6,78,0,13,75,2,90,6,31,123,8,168,65,0,65,233
04/17/2019,DLH,MN,AGL,CE,Combined TRACON& Tower with Radar,6,14,36,6,62,0,0,30,0,30,6,14,66,6,92,46,4,50,142
04/18/2019,DLH,MN,AGL,CE,Combined TRACON& Tower with Radar,6,14,34,27,81,0,0,21,1,22,6,14,55,28,103,24,18,42,145
04/19/2019,DLH,MN,AGL,CE,Combined TRACON& Tower with Radar,6,19,49,0,74,0,1,107,0,108,6,20,156,0,182,64,0,64,246
04/20/2019,DLH,MN,AGL,CE,Combined TRACON& Tower with Radar,6,13,21,0,40,0,5,48,0,53,6,18,69,0,93,30,0,30,123
04/21/2019,DLH,MN,AGL,CE,Combined TRACON& Tower with Radar,7,13,5,0,25,0,2,0,0,2,7,15,5,0,27,0,0,0,27
04/22/2019,DLH,MN,AGL,CE,Combined TRACON& Tower with Radar,5,16,17,15,53,0,2,8,0,10,5,18,25,15,63,0,6,6,69
04/23/2019,DLH,MN,AGL,CE,Combined TRACON& Tower with Radar,11,12,70,27,120,0,6,83,5,94,11,18,153,32,214,58,14,72,286
04/24/2019,DLH,MN,AGL,CE,Combined TRACON& Tower with Radar,9,19,42,11,81,0,3,60,1,64,9,22,102,12,145,33,4,37,182
04/25/2019,DLH,MN,AGL,CE,Combined TRACON& Tower with Radar,7,14,38,26,85,0,3,70,2,75,7,17,108,28,160,93,20,113,273
04/26/2019,DLH,MN,AGL,CE,Combined TRACON& Tower with Radar,7,19,37,19,82,0,3,49,2,54,7,22,86,21,136,50,20,70,206
04/27/2019,DLH,MN,AGL,CE,Combined TRACON& Tower with Radar,5,8,15,10,38,0,13,34,5,52,5,21,49,15,90,74,16,90,180
04/28/2019,DLH,MN,AGL,CE,Combined TRACON& Tower with Radar,5,12,24,15,56,0,3,28,1,32,5,15,52,16,88,0,6,6,94
04/29/2019,DLH,MN,AGL,CE,Combined TRACON& Tower with Radar,8,15,11,12,46,0,0,0,0,0,8,15,11,12,46,0,0,0,46
04/30/2019,DLH,MN,AGL,CE,Combined TRACON& Tower with Radar,8,12,22,2,44,0,0,0,0,0,8,12,22,2,44,0,0,0,44
05/01/2019,DLH,MN,AGL,CE,Combined TRACON& Tower with Radar,5,21,12,0,38,0,0,0,0,0,5,21,12,0,38,0,0,0,38
05/02/2019,DLH,MN,AGL,CE,Combined TRACON& Tower with Radar,4,23,61,19,107,0,0,8,0,8,4,23,69,19,115,74,1,75,190
05/03/2019,DLH,MN,AGL,CE,Combined TRACON& Tower with Radar,6,20,55,1,82,0,2,67,1,70,6,22,122,2,152,44,0,44,196
05/04/2019,DLH,MN,AGL,CE,Combined TRACON& Tower with Radar,11,10,23,3,47,0,4,42,1,47,11,14,65,4,94,18,0,18,112
05/05/2019,DLH,MN,AGL,CE,Combined TRACON& Tower with Radar,5,13,31,0,49,0,3,45,0,48,5,16,76,0,97,14,0,14,111
05/06/2019,DLH,MN,AGL,CE,Combined TRACON& Tower with Radar,6,14,54,24,98,0,1,72,0,73,6,15,126,24,171,74,0,74,245
05/07/2019,DLH,MN,AGL,CE,Combined TRACON& Tower with Radar,4,16,45,25,90,0,2,97,3,102,4,18,142,28,192,78,0,78,270
05/08/2019,DLH,MN,AGL,CE,Combined TRACON& Tower with Radar,5,20,29,18,72,0,8,20,0,28,5,28,49,18,100,37,0,37,137
05/09/2019,DLH,MN,AGL,CE,Combined TRACON& Tower with Radar,5,18,34,24,81,0,2,31,0,33,5,20,65,24,114,12,12,24,138
05/10/2019,DLH,MN,AGL,CE,Combined TRACON& Tower with Radar,4,28,55,15,102,0,5,80,0,85,4,33,135,15,187,53,18,71,258
05/11/2019,DLH,MN,AGL,CE,Combined TRACON& Tower with Radar,3,15,16,4,38,0,4,67,0,71,3,19,83,4,109,32,0,32,141
05/12/2019,DLH,MN,AGL,CE,Combined TRACON& Tower with Radar,3,14,16,1,34,0,1,71,0,72,3,15,87,1,106,12,0,12,118
05/13/2019,DLH,MN,AGL,CE,Combined TRACON& Tower with Radar,4,15,58,20,97,0,5,90,0,95,4,20,148,20,192,54,0,54,246
05/14/2019,DLH,MN,AGL,CE,Combined TRACON& Tower with Radar,4,16,63,23,106,0,4,74,0,78,4,20,137,23,184,71,6,77,261
05/15/2019,DLH,MN,AGL,CE,Combined TRACON& Tower with Radar,4,22,46,42,114,0,8,96,4,108,4,30,142,46,222,56,24,80,302
05/16/2019,DLH,MN,AGL,CE,Combined TRACON& Tower with Radar,4,17,47,19,87,0,1,41,0,42,4,18,88,19,129,10,0,10,139
05/17/2019,DLH,MN,AGL,CE,Combined TRACON& Tower with Radar,9,24,55,23,111,0,14,70,1,85,9,38,125,24,196,50,18,68,264
05/18/2019,DLH,MN,AGL,CE,Combined TRACON& Tower with Radar,6,15,5,0,26,0,2,0,0,2,6,17,5,0,28,0,0,0,28
05/19/2019,DLH,MN,AGL,CE,Combined TRACON& Tower with Radar,2,13,1,0,16,0,0,0,0,0,2,13,1,0,16,0,0,0,16
05/20/2019,DLH,MN,AGL,CE,Combined TRACON& Tower with Radar,5,14,53,23,95,0,17,78,0,95,5,31,131,23,190,99,36,135,325
05/21/2019,DLH,MN,AGL,CE,Combined TRACON& Tower with Radar,4,17,23,26,70,0,4,67,4,75,4,21,90,30,145,64,10,74,219
05/22/2019,DLH,MN,AGL,CE,Combined TRACON& Tower with Radar,6,22,11,0,39,0,0,0,0,0,6,22,11,0,39,0,0,0,39
05/23/2019,DLH,MN,AGL,CE,Combined TRACON& Tower with Radar,4,22,59,13,98,0,0,18,0,18,4,22,77,13,116,98,0,98,214
05/24/2019,DLH,MN,AGL,CE,Combined TRACON& Tower with Radar,2,21,45,0,68,0,0,1,0,1,2,21,46,0,69,0,0,0,69
05/25/2019,DLH,MN,AGL,CE,Combined TRACON& Tower with Radar,7,20,22,1,50,0,1,16,2,19,7,21,38,3,69,3,0,3,72
05/26/2019,DLH,MN,AGL,CE,Combined TRACON& Tower with Radar,3,14,31,0,48,0,0,46,0,46,3,14,77,0,94,20,0,20,114
05/27/2019,DLH,MN,AGL,CE,Combined TRACON& Tower with Radar,5,16,17,0,38,0,0,3,0,3,5,16,20,0,41,2,0,2,43
05/28/2019,DLH,MN,AGL,CE,Combined TRACON& Tower with Radar,5,19,61,15,100,0,5,105,3,113,5,24,166,18,213,70,8,78,291
05/29/2019,DLH,MN,AGL,CE,Combined TRACON& Tower with Radar,3,44,61,10,118,0,0,96,2,98,3,44,157,12,216,118,4,122,338
05/30/2019,DLH,MN,AGL,CE,Combined TRACON& Tower with Radar,7,29,44,15,95,0,0,72,2,74,7,29,116,17,169,78,18,96,265
05/31/2019,DLH,MN,AGL,CE,Combined TRACON& Tower with Radar,3,23,48,4,78,0,5,49,0,54,3,28,97,4,132,51,0,51,183
06/01/2019,DLH,MN,AGL,CE,Combined TRACON& Tower with Radar,4,14,9,28,55,0,7,32,2,41,4,21,41,30,96,20,0,20,116
06/02/2019,DLH,MN,AGL,CE,Combined TRACON& Tower with Radar,3,16,15,20,54,0,4,33,2,39,3,20,48,22,93,19,0,19,112
06/03/2019,DLH,MN,AGL,CE,Combined TRACON& Tower with Radar,3,18,45,3,69,0,0,77,0,77,3,18,122,3,146,94,0,94,240
06/04/2019,DLH,MN,AGL,CE,Combined TRACON& Tower with Radar,5,26,26,12,69,0,0,59,0,59,5,26,85,12,128,58,10,68,196
06/05/2019,DLH,MN,AGL,CE,Combined TRACON& Tower with Radar,4,29,32,0,65,0,0,4,0,4,4,29,36,0,69,6,0,6,75
06/06/2019,DLH,MN,AGL,CE,Combined TRACON& Tower with Radar,4,21,42,9,76,0,3,102,0,105,4,24,144,9,181,112,6,118,299
06/07/2019,DLH,MN,AGL,CE,Combined TRACON& Tower with Radar,4,28,27,16,75,0,4,81,0,85,4,32,108,16,160,95,40,135,295
06/08/2019,DLH,MN,AGL,CE,Combined TRACON& Tower with Radar,3,22,21,0,46,0,0,45,0,45,3,22,66,0,91,12,0,12,103
06/09/2019,DLH,MN,AGL,CE,Combined TRACON& Tower with Radar,5,16,27,2,50,0,3,7,0,10,5,19,34,2,60,12,0,12,72
06/10/2019,DLH,MN,AGL,CE,Combined TRACON& Tower with Radar,6,26,53,17,102,0,1,76,1,78,6,27,129,18,180,89,10,99,279
06/11/2019,DLH,MN,AGL,CE,Combined TRACON& Tower with Radar,7,23,33,15,78,0,4,47,0,51,7,27,80,15,129,78,8,86,215
06/12/2019,DLH,MN,AGL,CE,Combined TRACON& Tower with Radar,8,28,51,14,101,0,6,64,2,72,8,34,115,16,173,62,14,76,249
06/13/2019,DLH,MN,AGL,CE,Combined TRACON& Tower with Radar,7,31,37,6,81,0,1,70,0,71,7,32,107,6,152,68,0,68,220
06/14/2019,DLH,MN,AGL,CE,Combined TRACON& Tower with Radar,6,30,41,12,89,0,0,26,2,28,6,30,67,14,117,32,0,32,149
06/15/2019,DLH,MN,AGL,CE,Combined TRACON& Tower with Radar,5,26,10,0,41,0,4,31,0,35,5,30,41,0,76,18,0,18,94
06/16/2019,DLH,MN,AGL,CE,Combined TRACON& Tower with Radar,3,21,20,0,44,0,2,35,0,37,3,23,55,0,81,23,0,23,104
06/17/2019,DLH,MN,AGL,CE,Combined TRACON& Tower with Radar,10,28,28,1,67,0,4,17,0,21,10,32,45,1,88,82,0,82,170
06/18/2019,DLH,MN,AGL,CE,Combined TRACON& Tower with Radar,6,35,34,0,75,0,1,54,0,55,6,36,88,0,130,92,0,92,222
06/19/2019,DLH,MN,AGL,CE,Combined TRACON& Tower with Radar,6,25,38,0,69,0,4,67,4,75,6,29,105,4,144,102,0,102,246
06/20/2019,DLH,MN,AGL,CE,Combined TRACON& Tower with Radar,5,29,56,14,104,0,7,91,0,98,5,36,147,14,202,66,6,72,274
06/21/2019,DLH,MN,AGL,CE,Combined TRACON& Tower with Radar,7,35,34,0,76,0,1,97,0,98,7,36,131,0,174,24,0,24,198
06/22/2019,DLH,MN,AGL,CE,Combined TRACON& Tower with Radar,3,22,23,1,49,0,5,35,1,41,3,27,58,2,90,44,0,44,134
06/23/2019,DLH,MN,AGL,CE,Combined TRACON& Tower with Radar,1,28,11,0,40,0,7,0,0,7,1,35,11,0,47,0,0,0,47
06/24/2019,DLH,MN,AGL,CE,Combined TRACON& Tower with Radar,7,26,29,17,79,0,0,17,0,17,7,26,46,17,96,72,4,76,172
06/25/2019,DLH,MN,AGL,CE,Combined TRACON& Tower with Radar,9,26,33,20,88,0,2,47,1,50,9,28,80,21,138,30,9,39,177
06/26/2019,DLH,MN,AGL,CE,Combined TRACON& Tower with Radar,8,25,30,20,83,0,8,78,0,86,8,33,108,20,169,100,6,106,275
06/27/2019,DLH,MN,AGL,CE,Combined TRACON& Tower with Radar,8,25,38,9,80,0,0,45,0,45,8,25,83,9,125,90,2,92,217
06/28/2019,DLH,MN,AGL,CE,Combined TRACON& Tower with Radar,8,24,49,22,103,0,2,77,1,80,8,26,126,23,183,46,6,52,235
06/29/2019,DLH,MN,AGL,CE,Combined TRACON& Tower with Radar,3,23,20,0,46,0,3,34,0,37,3,26,54,0,83,26,0,26,109
06/30/2019,DLH,MN,AGL,CE,Combined TRACON& Tower with Radar,2,24,14,0,40,0,2,13,0,15,2,26,27,0,55,0,0,0,55
07/01/2019,DLH,MN,AGL,CE,Combined TRACON& Tower with Radar,7,21,35,7,70,0,4,57,0,61,7,25,92,7,131,90,0,90,221
07/02/2019,DLH,MN,AGL,CE,Combined TRACON& Tower with Radar,6,28,24,8,66,0,0,47,2,49,6,28,71,10,115,28,0,28,143
07/03/2019,DLH,MN,AGL,CE,Combined TRACON& Tower with Radar,6,25,26,17,74,0,3,40,0,43,6,28,66,17,117,0,14,14,131
07/04/2019,DLH,MN,AGL,CE,Combined TRACON& Tower with Radar,6,16,7,3,32,0,1,7,0,8,6,17,14,3,40,2,0,2,42
07/05/2019,DLH,MN,AGL,CE,Combined TRACON& Tower with Radar,4,23,14,1,42,0,5,44,1,50,4,28,58,2,92,8,0,8,100
07/06/2019,DLH,MN,AGL,CE,Combined TRACON& Tower with Radar,3,22,30,0,55,0,2,47,0,49,3,24,77,0,104,2,0,2,106
07/07/2019,DLH,MN,AGL,CE,Combined TRACON& Tower with Radar,2,21,20,0,43,0,0,33,0,33,2,21,53,0,76,20,0,20,96
07/08/2019,DLH,MN,AGL,CE,Combined TRACON& Tower with Radar,7,22,23,16,68,0,0,52,0,52,7,22,75,16,120,42,8,50,170
07/09/2019,DLH,MN,AGL,CE,Combined TRACON& Tower with Radar,9,25,45,15,94,0,4,52,1,57,9,29,97,16,151,44,2,46,197
07/10/2019,DLH,MN,AGL,CE,Combined TRACON& Tower with Radar,7,22,31,14,74,0,0,36,0,36,7,22,67,14,110,87,0,87,197
07/11/2019,DLH,MN,AGL,CE,Combined TRACON& Tower with Radar,8,25,38,17,88,0,3,85,0,88,8,28,123,17,176,120,8,128,304
07/12/2019,DLH,MN,AGL,CE,Combined TRACON& Tower with Radar,7,30,30,21,88,0,0,56,0,56,7,30,86,21,144,37,12,49,193
07/13/2019,DLH,MN,AGL,CE,Combined TRACON& Tower with Radar,4,29,17,0,50,0,4,35,0,39,4,33,52,0,89,6,0,6,95
07/14/2019,DLH,MN,AGL,CE,Combined TRACON& Tower with Radar,4,26,21,0,51,0,1,30,0,31,4,27,51,0,82,4,0,4,86
07/15/2019,DLH,MN,AGL,CE,Combined TRACON& Tower with Radar,9,18,39,2,68,0,0,37,0,37,9,18,76,2,105,43,0,43,148
07/16/2019,DLH,MN,AGL,CE,Combined TRACON& Tower with Radar,5,31,49,21,106,0,10,62,1,73,5,41,111,22,179,83,34,117,296
07/17/2019,DLH,MN,AGL,CE,Combined TRACON& Tower with Radar,8,24,45,3,80,0,2,59,3,64,8,26,104,6,144,28,0,28,172
07/18/2019,DLH,MN,AGL,CE,Combined TRACON& Tower with Radar,5,21,32,12,70,0,16,30,0,46,5,37,62,12,116,24,12,36,152
07/19/2019,DLH,MN,AGL,CE,Combined TRACON& Tower with Radar,5,28,9,13,55,0,19,43,3,65,5,47,52,16,120,0,8,8,128
07/20/2019,DLH,MN,AGL,CE,Combined TRACON& Tower with Radar,3,19,10,1,33,0,23,25,1,49,3,42,35,2,82,75,0,75,157
07/21/2019,DLH,MN,AGL,CE,Combined TRACON& Tower with Radar,2,20,11,6,39,0,19,44,0,63,2,39,55,6,102,26,2,28,130
07/22/2019,DLH,MN,AGL,CE,Combined TRACON& Tower with Radar,11,22,24,19,76,0,3,49,3,55,11,25,73,22,131,67,0,67,198
07/23/2019,DLH,MN,AGL,CE,Combined TRACON& Tower with Radar,6,30,33,21,90,0,8,61,0,69,6,38,94,21,159,30,26,56,215
07/24/2019,DLH,MN,AGL,CE,Combined TRACON& Tower with Radar,10,28,26,12,76,0,5,62,3,70,10,33,88,15,146,32,20,52,198
07/25/2019,DLH,MN,AGL,CE,Combined TRACON& Tower with Radar,10,25,36,15,86,0,3,54,1,58,10,28,90,16,144,30,0,30,174
07/26/2019,DLH,MN,AGL,CE,Combined TRACON& Tower with Radar,10,28,47,12,97,0,5,20,0,25,10,33,67,12,122,18,0,18,140
07/27/2019,DLH,MN,AGL,CE,Combined TRACON& Tower with Radar,5,31,17,0,53,0,10,41,0,51,5,41,58,0,104,2,0,2,106
07/28/2019,DLH,MN,AGL,CE,Combined TRACON& Tower with Radar,5,19,20,0,44,0,6,27,0,33,5,25,47,0,77,8,0,8,85
07/29/2019,DLH,MN,AGL,CE,Combined TRACON& Tower with Radar,9,19,30,14,72,0,2,40,3,45,9,21,70,17,117,96,6,102,219
07/30/2019,DLH,MN,AGL,CE,Combined TRACON& Tower with Radar,7,31,24,11,73,0,5,71,3,79,7,36,95,14,152,53,2,55,207
07/31/2019,DLH,MN,AGL,CE,Combined TRACON& Tower with Radar,7,27,47,13,94,0,3,71,0,74,7,30,118,13,168,108,14,122,290
08/01/2019,DLH,MN,AGL,CE,Combined TRACON& Tower with Radar,11,35,35,11,92,0,1,64,0,65,11,36,99,11,157,66,2,68,225
08/02/2019,DLH,MN,AGL,CE,Combined TRACON& Tower with Radar,6,27,21,0,54,0,0,64,0,64,6,27,85,0,118,52,0,52,170
08/03/2019,DLH,MN,AGL,CE,Combined TRACON& Tower with Radar,4,28,18,0,50,0,4,39,0,43,4,32,57,0,93,4,0,4,97
08/04/2019,DLH,MN,AGL,CE,Combined TRACON& Tower with Radar,4,26,20,0,50,0,0,43,0,43,4,26,63,0,93,27,0,27,120
08/05/2019,DLH,MN,AGL,CE,Combined TRACON& Tower with Radar,7,30,29,16,82,0,0,24,0,24,7,30,53,16,106,14,24,38,144
08/06/2019,DLH,MN,AGL,CE,Combined TRACON& Tower with Radar,7,33,38,11,89,0,1,59,0,60,7,34,97,11,149,83,0,83,232
08/07/2019,DLH,MN,AGL,CE,Combined TRACON& Tower with Radar,7,24,32,6,69,0,6,47,1,54,7,30,79,7,123,42,0,42,165
08/08/2019,DLH,MN,AGL,CE,Combined TRACON& Tower with Radar,6,25,39,11,81,0,2,48,0,50,6,27,87,11,131,66,18,84,215
08/09/2019,DLH,MN,AGL,CE,Combined TRACON& Tower with Radar,6,29,25,4,64,0,0,53,0,53,6,29,78,4,117,53,0,53,170
08/10/2019,DLH,MN,AGL,CE,Combined TRACON& Tower with Radar,5,32,19,0,56,0,0,25,0,25,5,32,44,0,81,14,0,14,95
08/11/2019,DLH,MN,AGL,CE,Combined TRACON& Tower with Radar,3,24,35,0,62,0,4,27,0,31,3,28,62,0,93,10,0,10,103
08/12/2019,DLH,MN,AGL,CE,Combined TRACON& Tower with Radar,8,21,26,7,62,0,0,33,0,33,8,21,59,7,95,14,0,14,109
08/13/2019,DLH,MN,AGL,CE,Combined TRACON& Tower with Radar,6,25,36,6,73,0,4,43,0,47,6,29,79,6,120,60,0,60,180
08/14/2019,DLH,MN,AGL,CE,Combined TRACON& Tower with Radar,6,23,35,11,75,0,3,65,0,68,6,26,100,11,143,68,0,68,211
08/15/2019,DLH,MN,AGL,CE,Combined TRACON& Tower with Radar,6,25,42,10,83,0,2,57,0,59,6,27,99,10,142,7,0,7,149
08/16/2019,DLH,MN,AGL,CE,Combined TRACON& Tower with Radar,8,36,24,4,72,0,2,45,2,49,8,38,69,6,121,43,20,63,184
08/17/2019,DLH,MN,AGL,CE,Combined TRACON& Tower with Radar,5,29,12,0,46,0,3,47,0,50,5,32,59,0,96,46,0,46,142
08/18/2019,DLH,MN,AGL,CE,Combined TRACON& Tower with Radar,2,20,23,0,45,0,0,33,0,33,2,20,56,0,78,28,0,28,106
08/19/2019,DLH,MN,AGL,CE,Combined TRACON& Tower with Radar,7,21,21,6,55,0,3,57,2,62,7,24,78,8,117,96,0,96,213
08/20/2019,DLH,MN,AGL,CE,Combined TRACON& Tower with Radar,9,25,23,5,62,0,0,33,0,33,9,25,56,5,95,202,2,204,299
08/21/2019,DLH,MN,AGL,CE,Combined TRACON& Tower with Radar,13,27,36,10,86,0,5,55,0,60,13,32,91,10,146,133,6,139,285
08/22/2019,DLH,MN,AGL,CE,Combined TRACON& Tower with Radar,6,24,22,7,59,0,4,69,0,73,6,28,91,7,132,101,0,101,233
08/23/2019,DLH,MN,AGL,CE,Combined TRACON& Tower with Radar,6,22,38,5,71,0,4,70,0,74,6,26,108,5,145,89,12,101,246
08/24/2019,DLH,MN,AGL,CE,Combined TRACON& Tower with Radar,3,26,14,27,70,0,4,43,0,47,3,30,57,27,117,70,7,77,194
08/25/2019,DLH,MN,AGL,CE,Combined TRACON& Tower with Radar,3,24,36,12,75,0,2,19,0,21,3,26,55,12,96,32,6,38,134
08/26/2019,DLH,MN,AGL,CE,Combined TRACON& Tower with Radar,5,27,23,2,57,0,0,3,0,3,5,27,26,2,60,0,0,0,60
08/27/2019,DLH,MN,AGL,CE,Combined TRACON& Tower with Radar,5,29,29,13,76,0,2,28,0,30,5,31,57,13,106,36,0,36,142
08/28/2019,DLH,MN,AGL,CE,Combined TRACON& Tower with Radar,6,29,18,0,53,0,0,7,0,7,6,29,25,0,60,20,0,20,80
08/29/2019,DLH,MN,AGL,CE,Combined TRACON& Tower with Radar,4,27,24,0,55,0,3,41,0,44,4,30,65,0,99,69,0,69,168
08/30/2019,DLH,MN,AGL,CE,Combined TRACON& Tower with Radar,8,26,37,4,75,0,2,80,0,82,8,28,117,4,157,110,0,110,267
08/31/2019,DLH,MN,AGL,CE,Combined TRACON& Tower with Radar,10,17,24,1,52,0,10,38,0,48,10,27,62,1,100,79,0,79,179
09/01/2019,DLH,MN,AGL,CE,Combined TRACON& Tower with Radar,5,18,15,0,38,0,2,28,0,30,5,20,43,0,68,42,0,42,110
09/02/2019,DLH,MN,AGL,CE,Combined TRACON& Tower with Radar,7,20,9,0,36,0,2,15,0,17,7,22,24,0,53,0,0,0,53
09/03/2019,DLH,MN,AGL,CE,Combined TRACON& Tower with Radar,9,30,23,8,70,0,3,6,0,9,9,33,29,8,79,8,2,10,89
09/04/2019,DLH,MN,AGL,CE,Combined TRACON& Tower with Radar,6,23,31,10,70,0,2,97,2,101,6,25,128,12,171,222,4,226,397
09/05/2019,DLH,MN,AGL,CE,Combined TRACON& Tower with Radar,11,28,42,11,92,0,2,15,0,17,11,30,57,11,109,48,6,54,163
09/06/2019,DLH,MN,AGL,CE,Combined TRACON& Tower with Radar,9,24,52,6,91,0,0,36,0,36,9,24,88,6,127,96,0,96,223
09/07/2019,DLH,MN,AGL,CE,Combined TRACON& Tower with Radar,8,18,24,0,50,0,12,40,0,52,8,30,64,0,102,145,0,145,247
09/08/2019,DLH,MN,AGL,CE,Combined TRACON& Tower with Radar,8,18,18,0,44,0,0,20,0,20,8,18,38,0,64,75,0,75,139
09/09/2019,DLH,MN,AGL,CE,Combined TRACON& Tower with Radar,5,25,35,0,65,0,0,5,0,5,5,25,40,0,70,92,0,92,162
09/10/2019,DLH,MN,AGL,CE,Combined TRACON& Tower with Radar,11,35,32,4,82,0,2,15,0,17,11,37,47,4,99,50,0,50,149
09/11/2019,DLH,MN,AGL,CE,Combined TRACON& Tower with Radar,12,22,17,0,51,0,0,8,0,8,12,22,25,0,59,12,0,12,71
09/12/2019,DLH,MN,AGL,CE,Combined TRACON& Tower with Radar,6,13,4,3,26,0,0,0,0,0,6,13,4,3,26,0,0,0,26
09/13/2019,DLH,MN,AGL,CE,Combined TRACON& Tower with Radar,12,33,45,24,114,0,0,7,0,7,12,33,52,24,121,4,0,4,125
09/14/2019,DLH,MN,AGL,CE,Combined TRACON& Tower with Radar,6,18,27,2,53,0,5,77,2,84,6,23,104,4,137,121,6,127,264
09/15/2019,DLH,MN,AGL,CE,Combined TRACON& Tower with Radar,6,22,12,8,48,0,5,18,0,23,6,27,30,8,71,67,6,73,144
09/16/2019,DLH,MN,AGL,CE,Combined TRACON& Tower with Radar,9,21,55,14,99,0,3,43,1,47,9,24,98,15,146,114,4,118,264
09/17/2019,DLH,MN,AGL,CE,Combined TRACON& Tower with Radar,20,21,25,8,74,0,0,21,0,21,20,21,46,8,95,36,0,36,131
09/18/2019,DLH,MN,AGL,CE,Combined TRACON& Tower with Radar,9,50,43,9,111,0,2,14,0,16,9,52,57,9,127,28,0,28,155
09/19/2019,DLH,MN,AGL,CE,Combined TRACON& Tower with Radar,8,25,34,13,80,0,3,110,0,113,8,28,144,13,193,212,6,218,411
09/20/2019,DLH,MN,AGL,CE,Combined TRACON& Tower with Radar,9,29,24,0,62,0,0,3,0,3,9,29,27,0,65,2,0,2,67
09/21/2019,DLH,MN,AGL,CE,Combined TRACON& Tower with Radar,5,22,9,0,36,0,0,3,0,3,5,22,12,0,39,0,0,0,39
09/22/2019,DLH,MN,AGL,CE,Combined TRACON& Tower with Radar,6,19,24,0,49,0,4,32,0,36,6,23,56,0,85,127,0,127,212
09/23/2019,DLH,MN,AGL,CE,Combined TRACON& Tower with Radar,9,20,20,12,61,0,7,103,0,110,9,27,123,12,171,264,0,264,435
09/24/2019,DLH,MN,AGL,CE,Combined TRACON& Tower with Radar,8,20,31,19,78,0,16,50,0,66,8,36,81,19,144,139,0,139,283
09/25/2019,DLH,MN,AGL,CE,Combined TRACON& Tower with Radar,9,25,41,11,86,0,12,41,2,55,9,37,82,13,141,131,0,131,272
09/26/2019,DLH,MN,AGL,CE,Combined TRACON& Tower with Radar,11,28,46,3,88,0,14,64,0,78,11,42,110,3,166,164,0,164,330
09/27/2019,DLH,MN,AGL,CE,Combined TRACON& Tower with Radar,8,18,54,5,85,0,4,26,0,30,8,22,80,5,115,61,0,61,176
09/28/2019,DLH,MN,AGL,CE,Combined TRACON& Tower with Radar,7,17,25,1,50,0,11,54,0,65,7,28,79,1,115,110,0,110,225
09/29/2019,DLH,MN,AGL,CE,Combined TRACON& Tower with Radar,11,20,17,7,55,0,4,6,0,10,11,24,23,7,65,20,0,20,85
09/30/2019,DLH,MN,AGL,CE,Combined TRACON& Tower with Radar,8,16,5,0,29,0,0,0,0,0,8,16,5,0,29,0,0,0,29
10/01/2019,DLH,MN,AGL,CE,Combined TRACON& Tower with Radar,8,27,35,0,70,0,14,51,0,65,8,41,86,0,135,28,0,28,163
10/02/2019,DLH,MN,AGL,CE,Combined TRACON& Tower with Radar,3,24,31,0,58,0,7,16,0,23,3,31,47,0,81,70,0,70,151
10/03/2019,DLH,MN,AGL,CE,Combined TRACON& Tower with Radar,7,28,37,0,72,0,3,0,0,3,7,31,37,0,75,6,0,6,81
10/04/2019,DLH,MN,AGL,CE,Combined TRACON& Tower with Radar,4,26,48,0,78,0,4,15,0,19,4,30,63,0,97,36,0,36,133
10/05/2019,DLH,MN,AGL,CE,Combined TRACON& Tower with Radar,3,23,3,0,29,0,0,0,0,0,3,23,3,0,29,0,0,0,29
10/06/2019,DLH,MN,AGL,CE,Combined TRACON& Tower with Radar,3,25,19,0,47,0,8,42,0,50,3,33,61,0,97,18,0,18,115
10/07/2019,DLH,MN,AGL,CE,Combined TRACON& Tower with Radar,4,25,33,2,64,0,26,64,0,90,4,51,97,2,154,180,0,180,334
10/08/2019,DLH,MN,AGL,CE,Combined TRACON& Tower with Radar,4,25,19,0,48,0,14,64,0,78,4,39,83,0,126,60,0,60,186
10/09/2019,DLH,MN,AGL,CE,Combined TRACON& Tower with Radar,4,26,47,0,77,0,12,80,0,92,4,38,127,0,169,92,0,92,261
10/10/2019,DLH,MN,AGL,CE,Combined TRACON& Tower with Radar,3,26,29,0,58,0,10,9,0,19,3,36,38,0,77,90,0,90,167
10/11/2019,DLH,MN,AGL,CE,Combined TRACON& Tower with Radar,5,28,25,2,60,0,2,2,0,4,5,30,27,2,64,19,0,19,83
10/12/2019,DLH,MN,AGL,CE,Combined TRACON& Tower with Radar,4,21,0,0,25,0,0,0,0,0,4,21,0,0,25,0,0,0,25
10/13/2019,DLH,MN,AGL,CE,Combined TRACON& Tower with Radar,4,24,8,5,41,0,0,19,0,19,4,24,27,5,60,10,0,10,70
10/14/2019,DLH,MN,AGL,CE,Combined TRACON& Tower with Radar,4,25,34,2,65,0,0,49,0,49,4,25,83,2,114,170,0,170,284
10/15/2019,DLH,MN,AGL,CE,Combined TRACON& Tower with Radar,4,34,37,13,88,0,7,16,0,23,4,41,53,13,111,60,0,60,171
10/16/2019,DLH,MN,AGL,CE,Combined TRACON& Tower with Radar,4,30,48,16,98,0,8,36,0,44,4,38,84,16,142,211,0,211,353
10/17/2019,DLH,MN,AGL,CE,Combined TRACON& Tower with Radar,5,27,57,0,89,0,21,59,0,80,5,48,116,0,169,271,0,271,440
10/18/2019,DLH,MN,AGL,CE,Combined TRACON& Tower with Radar,4,27,38,0,69,0,9,71,1,81,4,36,109,1,150,74,0,74,224
10/19/2019,DLH,MN,AGL,CE,Combined TRACON& Tower with Radar,4,22,24,0,50,0,31,75,0,106,4,53,99,0,156,141,0,141,297
10/20/2019,DLH,MN,AGL,CE,Combined TRACON& Tower with Radar,8,23,23,0,54,0,14,32,0,46,8,37,55,0,100,117,0,117,217
10/21/2019,DLH,MN,AGL,CE,Combined TRACON& Tower with Radar,4,22,18,5,49,0,2,5,0,7,4,24,23,5,56,0,0,0,56
10/22/2019,DLH,MN,AGL,CE,Combined TRACON& Tower with Radar,10,21,9,13,53,0,0,1,0,1,10,21,10,13,54,0,0,0,54
10/23/2019,DLH,MN,AGL,CE,Combined TRACON& Tower with Radar,5,29,38,12,84,0,12,37,0,49,5,41,75,12,133,156,0,156,289
10/24/2019,DLH,MN,AGL,CE,Combined TRACON& Tower with Radar,6,22,19,14,61,0,26,56,0,82,6,48,75,14,143,240,2,242,385
10/25/2019,DLH,MN,AGL,CE,Combined TRACON& Tower with Radar,4,30,21,22,77,0,20,52,1,73,4,50,73,23,150,178,14,192,342
10/26/2019,DLH,MN,AGL,CE,Combined TRACON& Tower with Radar,4,25,17,16,62,0,13,43,0,56,4,38,60,16,118,50,12,62,180
10/27/2019,DLH,MN,AGL,CE,Combined TRACON& Tower with Radar,2,18,13,0,33,0,0,17,0,17,2,18,30,0,50,54,0,54,104
10/28/2019,DLH,MN,AGL,CE,Combined TRACON& Tower with Radar,4,26,36,0,66,0,12,45,0,57,4,38,81,0,123,184,0,184,307
10/29/2019,DLH,MN,AGL,CE,Combined TRACON& Tower with Radar,6,21,33,12,72,0,20,58,0,78,6,41,91,12,150,269,0,269,419
10/30/2019,DLH,MN,AGL,CE,Combined TRACON& Tower with Radar,4,23,40,15,82,0,21,71,0,92,4,44,111,15,174,242,0,242,416
10/31/2019,DLH,MN,AGL,CE,Combined TRACON& Tower with Radar,4,17,46,10,77,0,6,47,0,53,4,23,93,10,130,156,0,156,286
11/01/2019,DLH,MN,AGL,CE,Combined TRACON& Tower with Radar,4,20,29,0,53,0,0,13,0,13,4,20,42,0,66,22,0,22,88
11/02/2019,DLH,MN,AGL,CE,Combined TRACON& Tower with Radar,4,16,9,0,29,0,0,33,0,33,4,16,42,0,62,30,0,30,92
11/03/2019,DLH,MN,AGL,CE,Combined TRACON& Tower with Radar,2,20,22,0,44,0,7,34,0,41,2,27,56,0,85,154,0,154,239
11/04/2019,DLH,MN,AGL,CE,Combined TRACON& Tower with Radar,9,23,35,17,84,0,0,14,0,14,9,23,49,17,98,13,0,13,111
11/05/2019,DLH,MN,AGL,CE,Combined TRACON& Tower with Radar,10,22,55,18,105,0,23,41,4,68,10,45,96,22,173,145,18,163,336
11/06/2019,DLH,MN,AGL,CE,Combined TRACON& Tower with Radar,8,26,50,14,98,0,7,22,2,31,8,33,72,16,129,34,0,34,163
11/07/2019,DLH,MN,AGL,CE,Combined TRACON& Tower with Radar,8,25,48,23,104,0,19,31,0,50,8,44,79,23,154,192,12,204,358
11/08/2019,DLH,MN,AGL,CE,Combined TRACON& Tower with Radar,12,25,39,17,93,0,16,40,0,56,12,41,79,17,149,116,6,122,271
11/09/2019,DLH,MN,AGL,CE,Combined TRACON& Tower with Radar,6,15,10,0,31,0,0,7,0,7,6,15,17,0,38,138,0,138,176
11/10/2019,DLH,MN,AGL,CE,Combined TRACON& Tower with Radar,7,14,17,0,38,0,2,21,0,23,7,16,38,0,61,87,0,87,148
11/11/2019,DLH,MN,AGL,CE,Combined TRACON& Tower with Radar,8,14,32,0,54,0,2,17,0,19,8,16,49,0,73,98,0,98,171
11/12/2019,DLH,MN,AGL,CE,Combined TRACON& Tower with Radar,8,22,42,11,83,0,17,48,0,65,8,39,90,11,148,161,0,161,309
11/13/2019,DLH,MN,AGL,CE,Combined TRACON& Tower with Radar,8,21,19,14,62,0,0,6,0,6,8,21,25,14,68,80,0,80,148
11/14/2019,DLH,MN,AGL,CE,Combined TRACON& Tower with Radar,8,23,35,14,80,0,17,21,0,38,8,40,56,14,118,102,0,102,220
11/15/2019,DLH,MN,AGL,CE,Combined TRACON& Tower with Radar,9,25,56,10,100,0,28,58,0,86,9,53,114,10,186,139,0,139,325
11/16/2019,DLH,MN,AGL,CE,Combined TRACON& Tower with Radar,8,17,15,0,40,0,11,31,0,42,8,28,46,0,82,125,0,125,207
11/17/2019,DLH,MN,AGL,CE,Combined TRACON& Tower with Radar,7,16,12,0,35,0,0,0,0,0,7,16,12,0,35,0,0,0,35
11/18/2019,DLH,MN,AGL,CE,Combined TRACON& Tower with Radar,9,24,26,12,71,0,0,9,0,9,9,24,35,12,80,49,0,49,129
11/19/2019,DLH,MN,AGL,CE,Combined TRACON& Tower with Radar,9,24,9,0,42,0,0,0,0,0,9,24,9,0,42,0,0,0,42
11/20/2019,DLH,MN,AGL,CE,Combined TRACON& Tower with Radar,8,23,36,6,73,0,17,38,2,57,8,40,74,8,130,149,8,157,287
11/21/2019,DLH,MN,AGL,CE,Combined TRACON& Tower with Radar,8,16,16,12,52,0,0,0,0,0,8,16,16,12,52,0,0,0,52
11/22/2019,DLH,MN,AGL,CE,Combined TRACON& Tower with Radar,9,26,60,0,95,0,21,85,0,106,9,47,145,0,201,144,0,144,345
11/23/2019,DLH,MN,AGL,CE,Combined TRACON& Tower with Radar,5,21,24,0,50,0,18,78,1,97,5,39,102,1,147,103,0,103,250
11/24/2019,DLH,MN,AGL,CE,Combined TRACON& Tower with Radar,9,11,25,0,45,0,9,34,0,43,9,20,59,0,88,99,0,99,187
11/25/2019,DLH,MN,AGL,CE,Combined TRACON& Tower with Radar,8,20,28,9,65,0,8,17,0,25,8,28,45,9,90,37,2,39,129
11/26/2019,DLH,MN,AGL,CE,Combined TRACON& Tower with Radar,14,21,43,9,87,0,4,19,0,23,14,25,62,9,110,100,0,100,210
11/27/2019,DLH,MN,AGL,CE,Combined TRACON& Tower with Radar,7,15,8,0,30,0,0,4,0,4,7,15,12,0,34,0,0,0,34
11/28/2019,DLH,MN,AGL,CE,Combined TRACON& Tower with Radar,7,12,8,0,27,0,0,3,0,3,7,12,11,0,30,0,0,0,30
11/29/2019,DLH,MN,AGL,CE,Combined TRACON& Tower with Radar,7,17,14,0,38,0,0,8,0,8,7,17,22,0,46,8,0,8,54
11/30/2019,DLH,MN,AGL,CE,Combined TRACON& Tower with Radar,3,11,5,0,19,0,0,0,0,0,3,11,5,0,19,0,0,0,19
12/01/2019,DLH,MN,AGL,CE,Combined TRACON& Tower with Radar,4,10,5,0,19,0,0,2,0,2,4,10,7,0,21,0,0,0,21
12/02/2019,DLH,MN,AGL,CE,Combined TRACON& Tower with Radar,7,23,17,0,47,0,2,18,0,20,7,25,35,0,67,4,0,4,71
12/03/2019,DLH,MN,AGL,CE,Combined TRACON& Tower with Radar,8,25,25,16,74,0,2,26,0,28,8,27,51,16,102,68,2,70,172
12/04/2019,DLH,MN,AGL,CE,Combined TRACON& Tower with Radar,6,24,35,20,85,0,10,27,0,37,6,34,62,20,122,124,10,134,256
12/05/2019,DLH,MN,AGL,CE,Combined TRACON& Tower with Radar,6,22,49,10,87,0,1,3,0,4,6,23,52,10,91,46,2,48,139
12/06/2019,DLH,MN,AGL,CE,Combined TRACON& Tower with Radar,7,27,33,25,92,0,24,60,1,85,7,51,93,26,177,112,6,118,295
12/07/2019,DLH,MN,AGL,CE,Combined TRACON& Tower with Radar,8,11,13,14,46,0,4,19,0,23,8,15,32,14,69,84,4,88,157
12/08/2019,DLH,MN,AGL,CE,Combined TRACON& Tower with Radar,5,17,13,0,35,0,0,6,0,6,5,17,19,0,41,143,0,143,184
12/09/2019,DLH,MN,AGL,CE,Combined TRACON& Tower with Radar,3,9,11,0,23,0,0,0,0,0,3,9,11,0,23,0,0,0,23
12/10/2019,DLH,MN,AGL,CE,Combined TRACON& Tower with Radar,7,27,39,6,79,0,10,54,0,64,7,37,93,6,143,174,0,174,317
12/11/2019,DLH,MN,AGL,CE,Combined TRACON& Tower with Radar,7,29,57,4,97,0,20,31,0,51,7,49,88,4,148,111,0,111,259
12/12/2019,DLH,MN,AGL,CE,Combined TRACON& Tower with Radar,6,21,29,7,63,0,0,0,0,0,6,21,29,7,63,0,0,0,63
12/13/2019,DLH,MN,AGL,CE,Combined TRACON& Tower with Radar,5,22,36,0,63,0,0,5,0,5,5,22,41,0,68,12,0,12,80
12/14/2019,DLH,MN,AGL,CE,Combined TRACON& Tower with Radar,9,17,14,0,40,0,1,15,0,16,9,18,29,0,56,26,0,26,82
12/15/2019,DLH,MN,AGL,CE,Combined TRACON& Tower with Radar,6,19,15,0,40,0,5,15,0,20,6,24,30,0,60,13,0,13,73
12/16/2019,DLH,MN,AGL,CE,Combined TRACON& Tower with Radar,6,22,45,12,85,0,10,43,0,53,6,32,88,12,138,127,0,127,265
12/17/2019,DLH,MN,AGL,CE,Combined TRACON& Tower with Radar,6,21,38,10,75,0,17,36,0,53,6,38,74,10,128,118,2,120,248
12/18/2019,DLH,MN,AGL,CE,Combined TRACON& Tower with Radar,6,23,44,13,86,0,10,52,0,62,6,33,96,13,148,137,0,137,285
12/19/2019,DLH,MN,AGL,CE,Combined TRACON& Tower with Radar,7,26,35,7,75,0,11,18,0,29,7,37,53,7,104,130,0,130,234
12/20/2019,DLH,MN,AGL,CE,Combined TRACON& Tower with Radar,4,23,31,0,58,0,0,5,0,5,4,23,36,0,63,30,0,30,93
12/21/2019,DLH,MN,AGL,CE,Combined TRACON& Tower with Radar,4,23,15,0,42,0,13,24,0,37,4,36,39,0,79,101,0,101,180
12/22/2019,DLH,MN,AGL,CE,Combined TRACON& Tower with Radar,4,20,16,0,40,0,6,29,0,35,4,26,45,0,75,36,0,36,111
12/23/2019,DLH,MN,AGL,CE,Combined TRACON& Tower with Radar,2,27,32,9,70,0,8,56,0,64,2,35,88,9,134,49,0,49,183
12/24/2019,DLH,MN,AGL,CE,Combined TRACON& Tower with Radar,3,21,9,0,33,0,0,0,0,0,3,21,9,0,33,0,0,0,33
12/25/2019,DLH,MN,AGL,CE,Combined TRACON& Tower with Radar,3,12,2,0,17,0,0,0,0,0,3,12,2,0,17,0,0,0,17
12/26/2019,DLH,MN,AGL,CE,Combined TRACON& Tower with Radar,6,24,19,9,58,0,0,1,0,1,6,24,20,9,59,0,0,0,59
12/27/2019,DLH,MN,AGL,CE,Combined TRACON& Tower with Radar,2,28,15,15,60,0,7,18,0,25,2,35,33,15,85,51,20,71,156
12/28/2019,DLH,MN,AGL,CE,Combined TRACON& Tower with Radar,1,21,4,0,26,0,0,0,0,0,1,21,4,0,26,0,0,0,26
12/29/2019,DLH,MN,AGL,CE,Combined TRACON& Tower with Radar,3,13,0,0,16,0,0,0,0,0,3,13,0,0,16,0,0,0,16
12/30/2019,DLH,MN,AGL,CE,Combined TRACON& Tower with Radar,1,13,6,0,20,0,0,0,0,0,1,13,6,0,20,0,0,0,20
12/31/2019,DLH,MN,AGL,CE,Combined TRACON& Tower with Radar,4,29,14,0,47,0,12,25,0,37,4,41,39,0,84,98,0,98,182
01/01/2020,DLH,MN,AGL,CE,Combined TRACON& Tower with Radar,3,20,6,0,29,0,0,7,0,7,3,20,13,0,36,40,0,40,76
01/02/2020,DLH,MN,AGL,CE,Combined TRACON& Tower with Radar,2,23,9,9,43,0,0,7,0,7,2,23,16,9,50,26,0,26,76
01/03/2020,DLH,MN,AGL,CE,Combined TRACON& Tower with Radar,2,26,25,15,68,0,0,1,0,1,2,26,26,15,69,0,0,0,69
01/04/2020,DLH,MN,AGL,CE,Combined TRACON& Tower with Radar,2,16,11,0,29,0,0,6,0,6,2,16,17,0,35,42,0,42,77
01/05/2020,DLH,MN,AGL,CE,Combined TRACON& Tower with Radar,3,16,3,0,22,0,5,2,0,7,3,21,5,0,29,2,0,2,31
01/06/2020,DLH,MN,AGL,CE,Combined TRACON& Tower with Radar,4,22,24,13,63,0,16,53,2,71,4,38,77,15,134,111,16,127,261
01/07/2020,DLH,MN,AGL,CE,Combined TRACON& Tower with Radar,5,21,23,26,75,0,4,33,2,39,5,25,56,28,114,54,16,70,184
01/08/2020,DLH,MN,AGL,CE,Combined TRACON& Tower with Radar,6,20,16,14,56,0,8,61,0,69,6,28,77,14,125,106,0,106,231
01/09/2020,DLH,MN,AGL,CE,Combined TRACON& Tower with Radar,4,22,28,9,63,0,4,22,0,26,4,26,50,9,89,74,0,74,163
01/10/2020,DLH,MN,AGL,CE,Combined TRACON& Tower with Radar,6,19,45,19,89,0,5,48,2,55,6,24,93,21,144,56,18,74,218
01/11/2020,DLH,MN,AGL,CE,Combined TRACON& Tower with Radar,4,8,7,15,34,0,5,6,2,13,4,13,13,17,47,43,8,51,98
01/12/2020,DLH,MN,AGL,CE,Combined TRACON& Tower with Radar,5,14,10,0,29,0,2,10,0,12,5,16,20,0,41,45,0,45,86
01/13/2020,DLH,MN,AGL,CE,Combined TRACON& Tower with Radar,6,19,22,5,52,0,1,10,0,11,6,20,32,5,63,32,0,32,95
01/14/2020,DLH,MN,AGL,CE,Combined TRACON& Tower with Radar,5,18,14,10,47,0,0,9,0,9,5,18,23,10,56,0,0,0,56
01/15/2020,DLH,MN,AGL,CE,Combined TRACON& Tower with Radar,4,18,19,13,54,0,0,3,0,3,4,18,22,13,57,18,0,18,75
01/16/2020,DLH,MN,AGL,CE,Combined TRACON& Tower with Radar,5,18,58,10,91,0,17,54,0,71,5,35,112,10,162,130,0,130,292
01/17/2020,DLH,MN,AGL,CE,Combined TRACON& Tower with Radar,3,20,30,0,53,0,12,31,0,43,3,32,61,0,96,30,0,30,126
01/18/2020,DLH,MN,AGL,CE,Combined TRACON& Tower with Radar,2,7,5,0,14,0,0,0,0,0,2,7,5,0,14,0,0,0,14
01/19/2020,DLH,MN,AGL,CE,Combined TRACON& Tower with Radar,3,9,16,0,28,0,2,8,0,10,3,11,24,0,38,28,0,28,66
01/20/2020,DLH,MN,AGL,CE,Combined TRACON& Tower with Radar,6,24,22,0,52,0,1,41,0,42,6,25,63,0,94,49,5,54,148
01/21/2020,DLH,MN,AGL,CE,Combined TRACON& Tower with Radar,5,18,45,15,83,0,21,23,1,45,5,39,68,16,128,34,10,44,172
01/22/2020,DLH,MN,AGL,CE,Combined TRACON& Tower with Radar,3,17,20,2,42,0,0,0,0,0,3,17,20,2,42,0,0,0,42
01/23/2020,DLH,MN,AGL,CE,Combined TRACON& Tower with Radar,5,22,2,0,29,0,0,0,0,0,5,22,2,0,29,0,0,0,29
01/24/2020,DLH,MN,AGL,CE,Combined TRACON& Tower with Radar,6,20,16,4,46,0,0,0,0,0,6,20,16,4,46,0,0,0,46
01/25/2020,DLH,MN,AGL,CE,Combined TRACON& Tower with Radar,4,14,14,0,32,0,6,19,0,25,4,20,33,0,57,48,0,48,105
01/26/2020,DLH,MN,AGL,CE,Combined TRACON& Tower with Radar,7,16,8,0,31,0,0,1,0,1,7,16,9,0,32,0,0,0,32
01/27/2020,DLH,MN,AGL,CE,Combined TRACON& Tower with Radar,3,19,21,12,55,0,1,0,0,1,3,20,21,12,56,0,0,0,56
01/28/2020,DLH,MN,AGL,CE,Combined TRACON& Tower with Radar,7,23,46,7,83,0,17,14,0,31,7,40,60,7,114,82,20,102,216
01/29/2020,DLH,MN,AGL,CE,Combined TRACON& Tower with Radar,6,20,57,16,99,0,7,22,0,29,6,27,79,16,128,60,20,80,208
01/30/2020,DLH,MN,AGL,CE,Combined TRACON& Tower with Radar,4,18,31,12,65,0,0,15,0,15,4,18,46,12,80,10,2,12,92
01/31/2020,DLH,MN,AGL,CE,Combined TRACON& Tower with Radar,5,29,7,0,41,0,0,0,0,0,5,29,7,0,41,0,0,0,41
02/01/2020,DLH,MN,AGL,CE,Combined TRACON& Tower with Radar,4,15,22,0,41,0,9,36,0,45,4,24,58,0,86,38,0,38,124
02/02/2020,DLH,MN,AGL,CE,Combined TRACON& Tower with Radar,4,10,7,0,21,0,16,3,0,19,4,26,10,0,40,0,0,0,40
02/03/2020,DLH,MN,AGL,CE,Combined TRACON& Tower with Radar,3,22,45,14,84,0,11,45,0,56,3,33,90,14,140,65,14,79,219
02/04/2020,DLH,MN,AGL,CE,Combined TRACON& Tower with Radar,7,23,35,13,78,0,13,56,0,69,7,36,91,13,147,60,22,82,229
02/05/2020,DLH,MN,AGL,CE,Combined TRACON& Tower with Radar,5,28,43,11,87,0,18,68,0,86,5,46,111,11,173,53,8,61,234
02/06/2020,DLH,MN,AGL,CE,Combined TRACON& Tower with Radar,4,22,44,13,83,0,20,43,3,66,4,42,87,16,149,28,14,42,191
02/07/2020,DLH,MN,AGL,CE,Combined TRACON& Tower with Radar,5,20,9,2,36,0,0,0,0,0,5,20,9,2,36,0,0,0,36
02/08/2020,DLH,MN,AGL,CE,Combined TRACON& Tower with Radar,7,16,26,13,62,0,7,32,1,40,7,23,58,14,102,41,2,43,145
02/09/2020,DLH,MN,AGL,CE,Combined TRACON& Tower with Radar,4,17,19,10,50,0,2,26,0,28,4,19,45,10,78,26,10,36,114
02/10/2020,DLH,MN,AGL,CE,Combined TRACON& Tower with Radar,4,19,37,11,71,0,42,27,0,69,4,61,64,11,140,0,2,2,142
02/11/2020,DLH,MN,AGL,CE,Combined TRACON& Tower with Radar,4,22,60,2,88,0,8,24,0,32,4,30,84,2,120,56,0,56,176
02/12/2020,DLH,MN,AGL,CE,Combined TRACON& Tower with Radar,4,19,19,13,55,0,8,1,1,10,4,27,20,14,65,22,18,40,105
02/13/2020,DLH,MN,AGL,CE,Combined TRACON& Tower with Radar,5,19,40,6,70,0,16,45,0,61,5,35,85,6,131,30,0,30,161
02/14/2020,DLH,MN,AGL,CE,Combined TRACON& Tower with Radar,6,18,37,3,64,0,9,45,9,63,6,27,82,12,127,30,12,42,169
02/15/2020,DLH,MN,AGL,CE,Combined TRACON& Tower with Radar,6,11,39,0,56,0,7,15,0,22,6,18,54,0,78,70,0,70,148
02/16/2020,DLH,MN,AGL,CE,Combined TRACON& Tower with Radar,7,12,22,0,41,0,0,33,0,33,7,12,55,0,74,66,0,66,140
02/17/2020,DLH,MN,AGL,CE,Combined TRACON& Tower with Radar,8,23,33,0,64,0,0,5,0,5,8,23,38,0,69,0,0,0,69
02/18/2020,DLH,MN,AGL,CE,Combined TRACON& Tower with Radar,5,23,40,15,83,0,4,14,0,18,5,27,54,15,101,10,0,10,111
02/19/2020,DLH,MN,AGL,CE,Combined TRACON& Tower with Radar,4,24,59,14,101,1,26,60,1,88,5,50,119,15,189,15,4,19,208
02/20/2020,DLH,MN,AGL,CE,Combined TRACON& Tower with Radar,4,21,45,0,70,0,15,39,0,54,4,36,84,0,124,18,0,18,142
02/21/2020,DLH,MN,AGL,CE,Combined TRACON& Tower with Radar,4,22,36,3,65,0,19,41,0,60,4,41,77,3,125,20,0,20,145
02/22/2020,DLH,MN,AGL,CE,Combined TRACON& Tower with Radar,4,13,25,0,42,0,14,49,0,63,4,27,74,0,105,52,0,52,157
02/23/2020,DLH,MN,AGL,CE,Combined TRACON& Tower with Radar,4,23,22,0,49,0,3,22,0,25,4,26,44,0,74,9,0,9,83
02/24/2020,DLH,MN,AGL,CE,Combined TRACON& Tower with Radar,4,19,32,19,74,0,9,43,0,52,4,28,75,19,126,88,8,96,222
02/25/2020,DLH,MN,AGL,CE,Combined TRACON& Tower with Radar,4,25,17,4,50,0,17,24,0,41,4,42,41,4,91,111,0,111,202
02/26/2020,DLH,MN,AGL,CE,Combined TRACON& Tower with Radar,4,22,55,0,81,0,8,37,1,46,4,30,92,1,127,14,0,14,141
02/27/2020,DLH,MN,AGL,CE,Combined TRACON& Tower with Radar,4,22,48,2,76,0,14,60,0,74,4,36,108,2,150,66,0,66,216
02/28/2020,DLH,MN,AGL,CE,Combined TRACON& Tower with Radar,6,27,49,0,82,0,17,32,0,49,6,44,81,0,131,70,0,70,201
02/29/2020,DLH,MN,AGL,CE,Combined TRACON& Tower with Radar,4,14,28,0,46,0,10,20,0,30,4,24,48,0,76,29,0,29,105
03/01/2020,DLH,MN,AGL,CE,Combined TRACON& Tower with Radar,4,16,13,0,33,0,4,18,0,22,4,20,31,0,55,44,0,44,99
03/02/2020,DLH,MN,AGL,CE,Combined TRACON& Tower with Radar,6,21,31,0,58,0,12,23,0,35,6,33,54,0,93,84,0,84,177
03/03/2020,DLH,MN,AGL,CE,Combined TRACON& Tower with Radar,4,21,44,2,71,0,14,23,0,37,4,35,67,2,108,45,0,45,153
03/04/2020,DLH,MN,AGL,CE,Combined TRACON& Tower with Radar,4,24,31,12,71,0,11,51,2,64,4,35,82,14,135,108,4,112,247
03/05/2020,DLH,MN,AGL,CE,Combined TRACON& Tower with Radar,4,18,14,0,36,0,0,0,0,0,4,18,14,0,36,0,0,0,36
03/06/2020,DLH,MN,AGL,CE,Combined TRACON& Tower with Radar,4,22,58,0,84,0,19,84,0,103,4,41,142,0,187,92,0,92,279
03/07/2020,DLH,MN,AGL,CE,Combined TRACON& Tower with Radar,3,17,19,2,41,0,11,56,0,67,3,28,75,2,108,32,8,40,148
03/08/2020,DLH,MN,AGL,CE,Combined TRACON& Tower with Radar,3,17,27,1,48,0,4,31,0,35,3,21,58,1,83,20,0,20,103
03/09/2020,DLH,MN,AGL,CE,Combined TRACON& Tower with Radar,4,18,32,0,54,0,4,23,0,27,4,22,55,0,81,44,0,44,125
03/10/2020,DLH,MN,AGL,CE,Combined TRACON& Tower with Radar,4,24,22,17,67,0,19,54,2,75,4,43,76,19,142,105,40,145,287
03/11/2020,DLH,MN,AGL,CE,Combined TRACON& Tower with Radar,8,19,46,9,82,0,6,49,0,55,8,25,95,9,137,58,0,58,195
03/12/2020,DLH,MN,AGL,CE,Combined TRACON& Tower with Radar,6,20,13,0,39,0,0,1,0,1,6,20,14,0,40,0,0,0,40
03/13/2020,DLH,MN,AGL,CE,Combined TRACON& Tower with Radar,3,25,29,6,63,0,2,5,0,7,3,27,34,6,70,12,4,16,86
03/14/2020,DLH,MN,AGL,CE,Combined TRACON& Tower with Radar,4,17,22,5,48,0,5,37,0,42,4,22,59,5,90,54,21,75,165
03/15/2020,DLH,MN,AGL,CE,Combined TRACON& Tower with Radar,4,17,20,4,45,0,0,22,1,23,4,17,42,5,68,6,14,20,88
03/16/2020,DLH,MN,AGL,CE,Combined TRACON& Tower with Radar,5,20,15,4,44,0,0,4,0,4,5,20,19,4,48,2,11,13,61
03/17/2020,DLH,MN,AGL,CE,Combined TRACON& Tower with Radar,4,22,48,4,78,0,3,78,0,81,4,25,126,4,159,76,0,76,235
03/18/2020,DLH,MN,AGL,CE,Combined TRACON& Tower with Radar,3,19,9,3,34,0,0,1,0,1,3,19,10,3,35,0,0,0,35
03/19/2020,DLH,MN,AGL,CE,Combined TRACON& Tower with Radar,4,19,4,0,27,0,0,0,0,0,4,19,4,0,27,0,0,0,27
03/20/2020,DLH,MN,AGL,CE,Combined TRACON& Tower with Radar,3,20,84,0,107,0,2,63,0,65,3,22,147,0,172,24,0,24,196
03/21/2020,DLH,MN,AGL,CE,Combined TRACON& Tower with Radar,3,13,55,0,71,0,4,60,0,64,3,17,115,0,135,30,0,30,165
03/22/2020,DLH,MN,AGL,CE,Combined TRACON& Tower with Radar,1,17,12,0,30,0,0,0,0,0,1,17,12,0,30,0,0,0,30
03/23/2020,DLH,MN,AGL,CE,Combined TRACON& Tower with Radar,1,20,11,5,37,0,6,32,0,38,1,26,43,5,75,56,6,62,137
03/24/2020,DLH,MN,AGL,CE,Combined TRACON& Tower with Radar,3,22,19,4,48,0,0,6,0,6,3,22,25,4,54,47,0,47,101
03/25/2020,DLH,MN,AGL,CE,Combined TRACON& Tower with Radar,2,17,32,4,55,0,0,10,0,10,2,17,42,4,65,68,0,68,133
03/26/2020,DLH,MN,AGL,CE,Combined TRACON& Tower with Radar,1,15,42,7,65,0,8,37,0,45,1,23,79,7,110,58,20,78,188
03/27/2020,DLH,MN,AGL,CE,Combined TRACON& Tower with Radar,0,12,38,2,52,0,1,19,0,20,0,13,57,2,72,2,0,2,74
03/28/2020,DLH,MN,AGL,CE,Combined TRACON& Tower with Radar,2,10,4,0,16,0,3,0,0,3,2,13,4,0,19,6,0,6,25
03/29/2020,DLH,MN,AGL,CE,Combined TRACON& Tower with Radar,1,7,3,0,11,0,3,2,0,5,1,10,5,0,16,0,0,0,16
03/30/2020,DLH,MN,AGL,CE,Combined TRACON& Tower with Radar,1,8,17,10,36,0,0,33,0,33,1,8,50,10,69,22,6,28,97
03/31/2020,DLH,MN,AGL,CE,Combined TRACON& Tower with Radar,1,11,23,14,49,0,0,30,2,32,1,11,53,16,81,20,15,35,116
04/01/2020,DLH,MN,AGL,CE,Combined TRACON& Tower with Radar,1,12,14,3,30,0,0,26,1,27,1,12,40,4,57,0,4,4,61
04/02/2020,DLH,MN,AGL,CE,Combined TRACON& Tower with Radar,0,17,8,7,32,0,0,6,2,8,0,17,14,9,40,2,22,24,64
04/03/2020,DLH,MN,AGL,CE,Combined TRACON& Tower with Radar,0,12,8,0,20,0,0,0,0,0,0,12,8,0,20,0,0,0,20
04/04/2020,DLH,MN,AGL,CE,Combined TRACON& Tower with Radar,0,8,5,2,15,0,0,21,0,21,0,8,26,2,36,9,0,9,45
04/05/2020,DLH,MN,AGL,CE,Combined TRACON& Tower with Radar,0,9,7,0,16,0,0,19,0,19,0,9,26,0,35,0,0,0,35
04/06/2020,DLH,MN,AGL,CE,Combined TRACON& Tower with Radar,0,9,5,5,19,0,0,2,2,4,0,9,7,7,23,6,2,8,31
04/07/2020,DLH,MN,AGL,CE,Combined TRACON& Tower with Radar,0,13,17,6,36,0,1,10,0,11,0,14,27,6,47,24,8,32,79
04/08/2020,DLH,MN,AGL,CE,Combined TRACON& Tower with Radar,1,14,13,11,39,0,2,8,0,10,1,16,21,11,49,0,0,0,49
04/09/2020,DLH,MN,AGL,CE,Combined TRACON& Tower with Radar,5,11,6,4,26,0,0,0,0,0,5,11,6,4,26,0,0,0,26
04/10/2020,DLH,MN,AGL,CE,Combined TRACON& Tower with Radar,1,15,23,0,39,0,0,25,0,25,1,15,48,0,64,81,0,81,145
04/11/2020,DLH,MN,AGL,CE,Combined TRACON& Tower with Radar,0,9,8,0,17,0,4,18,0,22,0,13,26,0,39,66,0,66,105
04/12/2020,DLH,MN,AGL,CE,Combined TRACON& Tower with Radar,0,6,0,0,6,0,3,0,0,3,0,9,0,0,9,17,0,17,26
04/13/2020,DLH,MN,AGL,CE,Combined TRACON& Tower with Radar,0,10,14,10,34,0,1,3,0,4,0,11,17,10,38,0,8,8,46
04/14/2020,DLH,MN,AGL,CE,Combined TRACON& Tower with Radar,1,10,5,10,26,0,0,10,0,10,1,10,15,10,36,0,28,28,64
04/15/2020,DLH,MN,AGL,CE,Combined TRACON& Tower with Radar,1,7,16,13,37,0,0,13,0,13,1,7,29,13,50,22,20,42,92
04/16/2020,DLH,MN,AGL,CE,Combined TRACON& Tower with Radar,0,12,12,12,36,0,2,11,0,13,0,14,23,12,49,4,28,32,81
04/17/2020,DLH,MN,AGL,CE,Combined TRACON& Tower with Radar,0,12,17,17,46,0,1,21,0,22,0,13,38,17,68,16,12,28,96
04/18/2020,DLH,MN,AGL,CE,Combined TRACON& Tower with Radar,0,3,10,10,23,0,2,8,1,11,0,5,18,11,34,0,9,9,43
04/19/2020,DLH,MN,AGL,CE,Combined TRACON& Tower with Radar,0,7,6,19,32,0,4,11,3,18,0,11,17,22,50,16,4,20,70
04/20/2020,DLH,MN,AGL,CE,Combined TRACON& Tower with Radar,0,13,12,9,34,0,0,3,0,3,0,13,15,9,37,0,0,0,37
04/21/2020,DLH,MN,AGL,CE,Combined TRACON& Tower with Radar,1,9,13,15,38,0,0,35,2,37,1,9,48,17,75,0,8,8,83
04/22/2020,DLH,MN,AGL,CE,Combined TRACON& Tower with Radar,1,11,11,9,32,0,0,14,0,14,1,11,25,9,46,10,2,12,58
04/23/2020,DLH,MN,AGL,CE,Combined TRACON& Tower with Radar,1,14,11,2,28,0,0,15,1,16,1,14,26,3,44,0,0,0,44
04/24/2020,DLH,MN,AGL,CE,Combined TRACON& Tower with Radar,0,14,6,0,20,0,0,13,0,13,0,14,19,0,33,0,0,0,33
04/25/2020,DLH,MN,AGL,CE,Combined TRACON& Tower with Radar,0,7,7,0,14,0,2,27,0,29,0,9,34,0,43,5,0,5,48
04/26/2020,DLH,MN,AGL,CE,Combined TRACON& Tower with Radar,0,4,6,0,10,0,0,25,0,25,0,4,31,0,35,2,0,2,37
04/27/2020,DLH,MN,AGL,CE,Combined TRACON& Tower with Radar,0,11,16,11,38,0,0,12,0,12,0,11,28,11,50,14,0,14,64
04/28/2020,DLH,MN,AGL,CE,Combined TRACON& Tower with Radar,0,10,5,0,15,0,0,0,0,0,0,10,5,0,15,0,0,0,15
04/29/2020,DLH,MN,AGL,CE,Combined TRACON& Tower with Radar,0,13,14,10,37,0,0,20,0,20,0,13,34,10,57,30,2,32,89
04/30/2020,DLH,MN,AGL,CE,Combined TRACON& Tower with Radar,1,10,29,17,57,0,1,30,0,31,1,11,59,17,88,26,0,26,114
05/01/2020,DLH,MN,AGL,CE,Combined TRACON& Tower with Radar,0,9,15,0,24,0,0,17,0,17,0,9,32,0,41,28,0,28,69
05/02/2020,DLH,MN,AGL,CE,Combined TRACON& Tower with Radar,2,5,10,0,17,0,2,13,0,15,2,7,23,0,32,12,0,12,44
05/03/2020,DLH,MN,AGL,CE,Combined TRACON& Tower with Radar,2,3,3,0,8,0,3,8,0,11,2,6,11,0,19,0,0,0,19
05/04/2020,DLH,MN,AGL,CE,Combined TRACON& Tower with Radar,4,4,17,16,41,0,0,22,0,22,4,4,39,16,63,34,0,34,97
05/05/2020,DLH,MN,AGL,CE,Combined TRACON& Tower with Radar,2,8,17,15,42,0,3,29,0,32,2,11,46,15,74,10,12,22,96
05/06/2020,DLH,MN,AGL,CE,Combined TRACON& Tower with Radar,2,7,27,11,47,0,1,33,5,39,2,8,60,16,86,0,4,4,90
05/07/2020,DLH,MN,AGL,CE,Combined TRACON& Tower with Radar,2,6,19,14,41,0,0,50,3,53,2,6,69,17,94,12,18,30,124
05/08/2020,DLH,MN,AGL,CE,Combined TRACON& Tower with Radar,3,8,19,7,37,0,1,30,0,31,3,9,49,7,68,30,4,34,102
05/09/2020,DLH,MN,AGL,CE,Combined TRACON& Tower with Radar,2,5,12,0,19,0,0,29,0,29,2,5,41,0,48,8,0,8,56
05/10/2020,DLH,MN,AGL,CE,Combined TRACON& Tower with Radar,2,3,9,0,14,0,2,9,0,11,2,5,18,0,25,0,0,0,25
05/11/2020,DLH,MN,AGL,CE,Combined TRACON& Tower with Radar,2,5,16,9,32,0,0,40,0,40,2,5,56,9,72,38,10,48,120
05/12/2020,DLH,MN,AGL,CE,Combined TRACON& Tower with Radar,2,8,28,14,52,0,0,52,0,52,2,8,80,14,104,6,46,52,156
05/13/2020,DLH,MN,AGL,CE,Combined TRACON& Tower with Radar,2,6,12,10,30,0,0,16,1,17,2,6,28,11,47,18,0,18,65
05/14/2020,DLH,MN,AGL,CE,Combined TRACON& Tower with Radar,2,8,31,8,49,0,0,13,0,13,2,8,44,8,62,25,4,29,91
05/15/2020,DLH,MN,AGL,CE,Combined TRACON& Tower with Radar,0,7,33,11,51,0,0,25,0,25,0,7,58,11,76,60,10,70,146
05/16/2020,DLH,MN,AGL,CE,Combined TRACON& Tower with Radar,2,5,17,6,30,0,1,8,2,11,2,6,25,8,41,23,0,23,64
05/17/2020,DLH,MN,AGL,CE,Combined TRACON& Tower with Radar,2,2,11,0,15,0,1,11,0,12,2,3,22,0,27,0,0,0,27
05/18/2020,DLH,MN,AGL,CE,Combined TRACON& Tower with Radar,2,6,19,18,45,0,0,13,2,15,2,6,32,20,60,2,10,12,72
05/19/2020,DLH,MN,AGL,CE,Combined TRACON& Tower with Radar,2,6,28,11,47,0,1,36,0,37,2,7,64,11,84,30,10,40,124
05/20/2020,DLH,MN,AGL,CE,Combined TRACON& Tower with Radar,2,8,50,21,81,0,6,58,2,66,2,14,108,23,147,45,22,67,214
05/21/2020,DLH,MN,AGL,CE,Combined TRACON& Tower with Radar,2,9,40,42,93,0,4,42,0,46,2,13,82,42,139,39,76,115,254
05/22/2020,DLH,MN,AGL,CE,Combined TRACON& Tower with Radar,0,6,43,0,49,0,2,25,0,27,0,8,68,0,76,54,0,54,130
05/23/2020,DLH,MN,AGL,CE,Combined TRACON& Tower with Radar,2,5,9,0,16,0,0,4,0,4,2,5,13,0,20,14,0,14,34
05/24/2020,DLH,MN,AGL,CE,Combined TRACON& Tower with Radar,2,2,8,0,12,0,0,30,0,30,2,2,38,0,42,20,0,20,62
05/25/2020,DLH,MN,AGL,CE,Combined TRACON& Tower with Radar,2,2,9,0,13,0,0,17,0,17,2,2,26,0,30,12,0,12,42
05/26/2020,DLH,MN,AGL,CE,Combined TRACON& Tower with Radar,0,6,13,0,19,0,0,12,0,12,0,6,25,0,31,22,0,22,53
05/27/2020,DLH,MN,AGL,CE,Combined TRACON& Tower with Radar,2,6,41,5,54,0,2,45,0,47,2,8,86,5,101,50,0,50,151
05/28/2020,DLH,MN,AGL,CE,Combined TRACON& Tower with Radar,2,6,17,8,33,0,7,30,0,37,2,13,47,8,70,44,14,58,128
05/29/2020,DLH,MN,AGL,CE,Combined TRACON& Tower with Radar,2,6,20,12,40,0,0,22,1,23,2,6,42,13,63,8,46,54,117
05/30/2020,DLH,MN,AGL,CE,Combined TRACON& Tower with Radar,2,5,9,0,16,0,2,22,0,24,2,7,31,0,40,2,0,2,42
05/31/2020,DLH,MN,AGL,CE,Combined TRACON& Tower with Radar,2,2,14,0,18,0,2,23,0,25,2,4,37,0,43,0,0,0,43
06/01/2020,DLH,MN,AGL,CE,Combined TRACON& Tower with Radar,2,4,12,14,32,0,5,25,0,30,2,9,37,14,62,38,10,48,110
06/02/2020,DLH,MN,AGL,CE,Combined TRACON& Tower with Radar,2,6,25,16,49,0,0,41,0,41,2,6,66,16,90,24,6,30,120
06/03/2020,DLH,MN,AGL,CE,Combined TRACON& Tower with Radar,2,8,24,10,44,0,2,58,2,62,2,10,82,12,106,38,12,50,156
06/04/2020,DLH,MN,AGL,CE,Combined TRACON& Tower with Radar,3,4,30,18,55,0,0,51,0,51,3,4,81,18,106,40,26,66,172
06/05/2020,DLH,MN,AGL,CE,Combined TRACON& Tower with Radar,4,7,17,0,28,0,2,57,0,59,4,9,74,0,87,36,0,36,123
06/06/2020,DLH,MN,AGL,CE,Combined TRACON& Tower with Radar,4,6,12,0,22,0,3,38,0,41,4,9,50,0,63,24,0,24,87
06/07/2020,DLH,MN,AGL,CE,Combined TRACON& Tower with Radar,3,1,6,0,10,0,0,8,0,8,3,1,14,0,18,0,0,0,18
06/08/2020,DLH,MN,AGL,CE,Combined TRACON& Tower with Radar,2,9,33,16,60,0,10,35,0,45,2,19,68,16,105,116,30,146,251
06/09/2020,DLH,MN,AGL,CE,Combined TRACON& Tower with Radar,2,10,37,16,65,0,16,44,0,60,2,26,81,16,125,108,2,110,235
06/10/2020,DLH,MN,AGL,CE,Combined TRACON& Tower with Radar,2,8,15,6,31,0,0,12,0,12,2,8,27,6,43,0,0,0,43
06/11/2020,DLH,MN,AGL,CE,Combined TRACON& Tower with Radar,2,10,25,12,49,0,6,22,0,28,2,16,47,12,77,103,8,111,188
06/12/2020,DLH,MN,AGL,CE,Combined TRACON& Tower with Radar,2,17,38,22,79,0,21,64,3,88,2,38,102,25,167,140,32,172,339
06/13/2020,DLH,MN,AGL,CE,Combined TRACON& Tower with Radar,2,8,12,19,41,0,11,21,0,32,2,19,33,19,73,6,14,20,93
06/14/2020,DLH,MN,AGL,CE,Combined TRACON& Tower with Radar,2,5,12,0,19,0,7,25,0,32,2,12,37,0,51,55,0,55,106
06/15/2020,DLH,MN,AGL,CE,Combined TRACON& Tower with Radar,2,4,41,17,64,0,15,42,2,59,2,19,83,19,123,126,15,141,264
06/16/2020,DLH,MN,AGL,CE,Combined TRACON& Tower with Radar,2,11,36,12,61,0,4,47,0,51,2,15,83,12,112,83,7,90,202
06/17/2020,DLH,MN,AGL,CE,Combined TRACON& Tower with Radar,2,5,29,21,57,0,13,50,0,63,2,18,79,21,120,209,10,219,339
06/18/2020,DLH,MN,AGL,CE,Combined TRACON& Tower with Radar,2,10,26,10,48,0,4,42,1,47,2,14,68,11,95,87,6,93,188
06/19/2020,DLH,MN,AGL,CE,Combined TRACON& Tower with Radar,2,6,20,0,28,0,6,55,0,61,2,12,75,0,89,128,0,128,217
06/20/2020,DLH,MN,AGL,CE,Combined TRACON& Tower with Radar,2,4,12,0,18,0,3,30,0,33,2,7,42,0,51,94,0,94,145
06/21/2020,DLH,MN,AGL,CE,Combined TRACON& Tower with Radar,2,4,4,0,10,0,4,20,0,24,2,8,24,0,34,0,0,0,34
06/22/2020,DLH,MN,AGL,CE,Combined TRACON& Tower with Radar,2,8,19,12,41,0,6,47,0,53,2,14,66,12,94,34,12,46,140
06/23/2020,DLH,MN,AGL,CE,Combined TRACON& Tower with Radar,2,9,24,17,52,0,8,27,0,35,2,17,51,17,87,32,2,34,121
06/24/2020,DLH,MN,AGL,CE,Combined TRACON& Tower with Radar,2,6,48,20,76,0,2,60,2,64,2,8,108,22,140,105,20,125,265
06/25/2020,DLH,MN,AGL,CE,Combined TRACON& Tower with Radar,2,8,36,20,66,0,9,56,1,66,2,17,92,21,132,94,4,98,230
06/26/2020,DLH,MN,AGL,CE,Combined TRACON& Tower with Radar,2,13,28,15,58,0,9,47,2,58,2,22,75,17,116,95,12,107,223
06/27/2020,DLH,MN,AGL,CE,Combined TRACON& Tower with Radar,2,4,21,0,27,0,4,45,0,49,2,8,66,0,76,58,0,58,134
06/28/2020,DLH,MN,AGL,CE,Combined TRACON& Tower with Radar,2,3,13,0,18,0,1,23,0,24,2,4,36,0,42,16,0,16,58
06/29/2020,DLH,MN,AGL,CE,Combined TRACON& Tower with Radar,2,4,31,5,42,0,2,14,0,16,2,6,45,5,58,46,2,48,106
06/30/2020,DLH,MN,AGL,CE,Combined TRACON& Tower with Radar,2,14,26,10,52,0,6,37,0,43,2,20,63,10,95,54,2,56,151
07/01/2020,DLH,MN,AGL,CE,Combined TRACON& Tower with Radar,2,6,41,0,49,0,10,31,0,41,2,16,72,0,90,124,0,124,214
07/02/2020,DLH,MN,AGL,CE,Combined TRACON& Tower with Radar,3,8,45,0,56,0,4,58,0,62,3,12,103,0,118,161,0,161,279
07/03/2020,DLH,MN,AGL,CE,Combined TRACON& Tower with Radar,4,6,17,0,27,0,8,37,0,45,4,14,54,0,72,46,0,46,118
07/04/2020,DLH,MN,AGL,CE,Combined TRACON& Tower with Radar,4,2,14,6,26,0,1,25,1,27,4,3,39,7,53,28,4,32,85
07/05/2020,DLH,MN,AGL,CE,Combined TRACON& Tower with Radar,4,7,9,0,20,0,0,23,0,23,4,7,32,0,43,38,0,38,81
07/06/2020,DLH,MN,AGL,CE,Combined TRACON& Tower with Radar,4,9,34,14,61,0,4,53,0,57,4,13,87,14,118,82,10,92,210
07/07/2020,DLH,MN,AGL,CE,Combined TRACON& Tower with Radar,4,11,34,28,77,0,9,45,0,54,4,20,79,28,131,83,24,107,238
07/08/2020,DLH,MN,AGL,CE,Combined TRACON& Tower with Radar,4,14,27,8,53,0,5,19,0,24,4,19,46,8,77,36,2,38,115
07/09/2020,DLH,MN,AGL,CE,Combined TRACON& Tower with Radar,4,8,49,52,113,0,17,75,8,100,4,25,124,60,213,154,105,259,472
07/10/2020,DLH,MN,AGL,CE,Combined TRACON& Tower with Radar,4,9,62,1,76,0,15,66,0,81,4,24,128,1,157,94,0,94,251
07/11/2020,DLH,MN,AGL,CE,Combined TRACON& Tower with Radar,4,13,23,0,40,0,7,52,0,59,4,20,75,0,99,67,0,67,166
07/12/2020,DLH,MN,AGL,CE,Combined TRACON& Tower with Radar,4,3,38,0,45,0,0,35,0,35,4,3,73,0,80,45,0,45,125
07/13/2020,DLH,MN,AGL,CE,Combined TRACON& Tower with Radar,4,10,27,30,71,0,2,33,2,37,4,12,60,32,108,84,22,106,214
07/14/2020,DLH,MN,AGL,CE,Combined TRACON& Tower with Radar,4,11,61,16,92,0,8,35,1,44,4,19,96,17,136,91,30,121,257
07/15/2020,DLH,MN,AGL,CE,Combined TRACON& Tower with Radar,4,11,63,13,91,0,6,76,3,85,4,17,139,16,176,143,12,155,331
07/16/2020,DLH,MN,AGL,CE,Combined TRACON& Tower with Radar,4,16,28,13,61,0,5,30,1,36,4,21,58,14,97,68,8,76,173
07/17/2020,DLH,MN,AGL,CE,Combined TRACON& Tower with Radar,4,9,39,18,70,0,4,30,0,34,4,13,69,18,104,40,10,50,154
07/18/2020,DLH,MN,AGL,CE,Combined TRACON& Tower with Radar,4,6,9,0,19,0,4,30,0,34,4,10,39,0,53,29,0,29,82
07/19/2020,DLH,MN,AGL,CE,Combined TRACON& Tower with Radar,4,5,10,0,19,0,4,22,0,26,4,9,32,0,45,20,0,20,65
07/20/2020,DLH,MN,AGL,CE,Combined TRACON& Tower with Radar,4,14,30,19,67,0,29,57,1,87,4,43,87,20,154,56,24,80,234
07/21/2020,DLH,MN,AGL,CE,Combined TRACON& Tower with Radar,4,13,17,0,34,0,0,0,0,0,4,13,17,0,34,0,0,0,34
07/22/2020,DLH,MN,AGL,CE,Combined TRACON& Tower with Radar,4,17,48,6,75,0,6,47,0,53,4,23,95,6,128,96,0,96,224
07/23/2020,DLH,MN,AGL,CE,Combined TRACON& Tower with Radar,4,16,37,16,73,0,16,54,2,72,4,32,91,18,145,74,38,112,257
07/24/2020,DLH,MN,AGL,CE,Combined TRACON& Tower with Radar,4,10,26,7,47,0,2,23,1,26,4,12,49,8,73,10,4,14,87
07/25/2020,DLH,MN,AGL,CE,Combined TRACON& Tower with Radar,4,7,12,0,23,0,2,11,0,13,4,9,23,0,36,12,0,12,48
07/26/2020,DLH,MN,AGL,CE,Combined TRACON& Tower with Radar,4,4,12,0,20,0,1,15,0,16,4,5,27,0,36,16,0,16,52
07/27/2020,DLH,MN,AGL,CE,Combined TRACON& Tower with Radar,4,10,32,12,58,0,8,44,0,52,4,18,76,12,110,62,14,76,186
07/28/2020,DLH,MN,AGL,CE,Combined TRACON& Tower with Radar,4,12,47,27,90,0,12,85,0,97,4,24,132,27,187,66,18,84,271
07/29/2020,DLH,MN,AGL,CE,Combined TRACON& Tower with Radar,5,12,47,10,74,0,10,81,2,93,5,22,128,12,167,150,20,170,337
07/30/2020,DLH,MN,AGL,CE,Combined TRACON& Tower with Radar,5,10,45,16,76,0,12,69,6,87,5,22,114,22,163,98,32,130,293
07/31/2020,DLH,MN,AGL,CE,Combined TRACON& Tower with Radar,4,12,33,12,61,0,7,61,0,68,4,19,94,12,129,60,42,102,231
08/01/2020,DLH,MN,AGL,CE,Combined TRACON& Tower with Radar,8,9,7,0,24,0,5,7,0,12,8,14,14,0,36,11,0,11,47
08/02/2020,DLH,MN,AGL,CE,Combined TRACON& Tower with Radar,6,3,5,0,14,0,5,26,0,31,6,8,31,0,45,10,0,10,55
08/03/2020,DLH,MN,AGL,CE,Combined TRACON& Tower with Radar,6,7,25,14,52,0,5,58,0,63,6,12,83,14,115,70,4,74,189
08/04/2020,DLH,MN,AGL,CE,Combined TRACON& Tower with Radar,6,8,21,13,48,0,10,84,0,94,6,18,105,13,142,94,0,94,236
08/05/2020,DLH,MN,AGL,CE,Combined TRACON& Tower with Radar,6,8,23,35,72,0,6,66,1,73,6,14,89,36,145,96,16,112,257
08/06/2020,DLH,MN,AGL,CE,Combined TRACON& Tower with Radar,6,10,36,12,64,0,10,73,0,83,6,20,109,12,147,84,0,84,231
08/07/2020,DLH,MN,AGL,CE,Combined TRACON& Tower with Radar,6,10,26,13,55,0,2,23,0,25,6,12,49,13,80,24,12,36,116
08/08/2020,DLH,MN,AGL,CE,Combined TRACON& Tower with Radar,12,9,20,12,53,0,3,9,0,12,12,12,29,12,65,6,12,18,83
08/09/2020,DLH,MN,AGL,CE,Combined TRACON& Tower with Radar,6,6,6,0,18,0,0,0,0,0,6,6,6,0,18,0,0,0,18
08/10/2020,DLH,MN,AGL,CE,Combined TRACON& Tower with Radar,6,8,19,5,38,0,6,39,2,47,6,14,58,7,85,92,10,102,187
08/11/2020,DLH,MN,AGL,CE,Combined TRACON& Tower with Radar,6,20,26,8,60,0,17,49,0,66,6,37,75,8,126,102,16,118,244
08/12/2020,DLH,MN,AGL,CE,Combined TRACON& Tower with Radar,6,12,28,8,54,0,15,39,0,54,6,27,67,8,108,122,0,122,230
08/13/2020,DLH,MN,AGL,CE,Combined TRACON& Tower with Radar,6,9,50,13,78,0,1,26,0,27,6,10,76,13,105,101,8,109,214
08/14/2020,DLH,MN,AGL,CE,Combined TRACON& Tower with Radar,6,9,16,2,33,0,2,27,0,29,6,11,43,2,62,18,0,18,80
08/15/2020,DLH,MN,AGL,CE,Combined TRACON& Tower with Radar,6,7,16,6,35,0,5,63,0,68,6,12,79,6,103,80,0,80,183
08/16/2020,DLH,MN,AGL,CE,Combined TRACON& Tower with Radar,6,6,28,4,44,0,11,45,2,58,6,17,73,6,102,81,12,93,195
08/17/2020,DLH,MN,AGL,CE,Combined TRACON& Tower with Radar,6,12,32,23,73,0,16,66,0,82,6,28,98,23,155,141,6,147,302
08/18/2020,DLH,MN,AGL,CE,Combined TRACON& Tower with Radar,6,11,41,8,66,0,25,47,4,76,6,36,88,12,142,144,8,152,294
08/19/2020,DLH,MN,AGL,CE,Combined TRACON& Tower with Radar,6,11,47,6,70,0,0,63,1,64,6,11,110,7,134,104,10,114,248
08/20/2020,DLH,MN,AGL,CE,Combined TRACON& Tower with Radar,6,12,40,5,63,0,15,45,1,61,6,27,85,6,124,136,0,136,260
08/21/2020,DLH,MN,AGL,CE,Combined TRACON& Tower with Radar,6,10,35,2,53,0,3,11,0,14,6,13,46,2,67,73,0,73,140
08/22/2020,DLH,MN,AGL,CE,Combined TRACON& Tower with Radar,6,7,3,0,16,0,3,13,0,16,6,10,16,0,32,10,0,10,42
08/23/2020,DLH,MN,AGL,CE,Combined TRACON& Tower with Radar,6,4,29,2,41,0,22,46,2,70,6,26,75,4,111,0,0,0,111
08/24/2020,DLH,MN,AGL,CE,Combined TRACON& Tower with Radar,8,7,23,9,47,0,10,46,0,56,8,17,69,9,103,84,6,90,193
08/25/2020,DLH,MN,AGL,CE,Combined TRACON& Tower with Radar,6,17,46,6,75,0,21,64,10,95,6,38,110,16,170,62,0,62,232
08/26/2020,DLH,MN,AGL,CE,Combined TRACON& Tower with Radar,6,16,19,7,48,0,3,24,2,29,6,19,43,9,77,94,8,102,179
08/27/2020,DLH,MN,AGL,CE,Combined TRACON& Tower with Radar,6,15,56,15,92,0,12,41,3,56,6,27,97,18,148,139,8,147,295
08/28/2020,DLH,MN,AGL,CE,Combined TRACON& Tower with Radar,6,14,26,4,50,0,7,18,0,25,6,21,44,4,75,33,0,33,108
08/29/2020,DLH,MN,AGL,CE,Combined TRACON& Tower with Radar,6,13,23,2,44,0,3,50,0,53,6,16,73,2,97,36,0,36,133
08/30/2020,DLH,MN,AGL,CE,Combined TRACON& Tower with Radar,6,6,26,0,38,0,1,46,0,47,6,7,72,0,85,46,0,46,131
08/31/2020,DLH,MN,AGL,CE,Combined TRACON& Tower with Radar,6,11,46,6,69,0,5,40,0,45,6,16,86,6,114,80,8,88,202
09/01/2020,DLH,MN,AGL,CE,Combined TRACON& Tower with Radar,6,14,36,16,72,0,12,51,4,67,6,26,87,20,139,95,28,123,262
09/02/2020,DLH,MN,AGL,CE,Combined TRACON& Tower with Radar,6,11,34,8,59,0,5,45,5,55,6,16,79,13,114,18,18,36,150
09/03/2020,DLH,MN,AGL,CE,Combined TRACON& Tower with Radar,6,11,12,5,34,0,3,6,0,9,6,14,18,5,43,0,0,0,43
09/04/2020,DLH,MN,AGL,CE,Combined TRACON& Tower with Radar,6,18,45,0,69,0,21,45,0,66,6,39,90,0,135,143,0,143,278
09/05/2020,DLH,MN,AGL,CE,Combined TRACON& Tower with Radar,6,5,23,0,34,0,4,64,0,68,6,9,87,0,102,116,0,116,218
09/06/2020,DLH,MN,AGL,CE,Combined TRACON& Tower with Radar,6,5,15,0,26,0,7,30,0,37,6,12,45,0,63,32,0,32,95
09/07/2020,DLH,MN,AGL,CE,Combined TRACON& Tower with Radar,6,4,25,0,35,0,5,15,0,20,6,9,40,0,55,28,0,28,83
09/08/2020,DLH,MN,AGL,CE,Combined TRACON& Tower with Radar,8,11,46,24,89,0,16,39,1,56,8,27,85,25,145,72,66,138,283
09/09/2020,DLH,MN,AGL,CE,Combined TRACON& Tower with Radar,8,9,68,9,94,0,12,59,0,71,8,21,127,9,165,142,24,166,331
09/10/2020,DLH,MN,AGL,CE,Combined TRACON& Tower with Radar,8,10,52,12,82,0,10,67,0,77,8,20,119,12,159,172,12,184,343
09/11/2020,DLH,MN,AGL,CE,Combined TRACON& Tower with Radar,8,16,43,26,93,0,21,58,2,81,8,37,101,28,174,139,44,183,357
09/12/2020,DLH,MN,AGL,CE,Combined TRACON& Tower with Radar,8,8,20,0,36,0,0,0,0,0,8,8,20,0,36,8,0,8,44
09/13/2020,DLH,MN,AGL,CE,Combined TRACON& Tower with Radar,8,4,9,8,29,0,0,37,0,37,8,4,46,8,66,0,8,8,74
09/14/2020,DLH,MN,AGL,CE,Combined TRACON& Tower with Radar,8,11,67,12,98,0,17,29,3,49,8,28,96,15,147,101,7,108,255
09/15/2020,DLH,MN,AGL,CE,Combined TRACON& Tower with Radar,8,9,43,18,78,0,8,30,1,39,8,17,73,19,117,50,26,76,193
09/16/2020,DLH,MN,AGL,CE,Combined TRACON& Tower with Radar,8,12,39,13,72,0,18,34,1,53,8,30,73,14,125,53,22,75,200
09/17/2020,DLH,MN,AGL,CE,Combined TRACON& Tower with Radar,8,18,62,17,105,0,25,79,0,104,8,43,141,17,209,118,24,142,351
09/18/2020,DLH,MN,AGL,CE,Combined TRACON& Tower with Radar,8,16,41,9,74,0,21,56,0,77,8,37,97,9,151,125,0,125,276
09/19/2020,DLH,MN,AGL,CE,Combined TRACON& Tower with Radar,8,17,13,10,48,0,21,52,0,73,8,38,65,10,121,46,0,46,167
09/20/2020,DLH,MN,AGL,CE,Combined TRACON& Tower with Radar,8,6,21,0,35,0,3,24,0,27,8,9,45,0,62,0,0,0,62
09/21/2020,DLH,MN,AGL,CE,Combined TRACON& Tower with Radar,8,9,37,12,66,0,32,56,0,88,8,41,93,12,154,129,24,153,307
09/22/2020,DLH,MN,AGL,CE,Combined TRACON& Tower with Radar,8,8,50,12,78,0,18,83,0,101,8,26,133,12,179,154,0,154,333
09/23/2020,DLH,MN,AGL,CE,Combined TRACON& Tower with Radar,8,9,41,14,72,0,20,46,1,67,8,29,87,15,139,82,2,84,223
09/24/2020,DLH,MN,AGL,CE,Combined TRACON& Tower with Radar,8,15,43,2,68,0,0,0,0,0,8,15,43,2,68,8,0,8,76
09/25/2020,DLH,MN,AGL,CE,Combined TRACON& Tower with Radar,8,11,22,0,41,0,0,0,0,0,8,11,22,0,41,0,0,0,41
09/26/2020,DLH,MN,AGL,CE,Combined TRACON& Tower with Radar,8,7,21,0,36,0,1,1,0,2,8,8,22,0,38,0,0,0,38
09/27/2020,DLH,MN,AGL,CE,Combined TRACON& Tower with Radar,8,6,29,8,51,0,4,81,0,85,8,10,110,8,136,45,20,65,201
09/28/2020,DLH,MN,AGL,CE,Combined TRACON& Tower with Radar,8,9,50,17,84,0,12,44,4,60,8,21,94,21,144,84,1,85,229
09/29/2020,DLH,MN,AGL,CE,Combined TRACON& Tower with Radar,8,10,61,17,96,0,12,30,0,42,8,22,91,17,138,176,0,176,314
09/30/2020,DLH,MN,AGL,CE,Combined TRACON& Tower with Radar,10,10,23,3,46,0,10,12,0,22,10,20,35,3,68,40,0,40,108
10/01/2020,DLH,MN,AGL,CE,Combined TRACON& Tower with Radar,8,12,39,38,97,0,26,47,0,73,8,38,86,38,170,161,44,205,375
10/02/2020,DLH,MN,AGL,CE,Combined TRACON& Tower with Radar,8,9,55,10,82,0,16,59,0,75,8,25,114,10,157,84,0,84,241
10/03/2020,DLH,MN,AGL,CE,Combined TRACON& Tower with Radar,8,6,24,0,38,0,19,61,0,80,8,25,85,0,118,108,0,108,226
10/04/2020,DLH,MN,AGL,CE,Combined TRACON& Tower with Radar,8,6,32,1,47,0,3,66,1,70,8,9,98,2,117,28,0,28,145
10/05/2020,DLH,MN,AGL,CE,Combined TRACON& Tower with Radar,8,13,23,4,48,0,17,52,0,69,8,30,75,4,117,60,0,60,177
10/06/2020,DLH,MN,AGL,CE,Combined TRACON& Tower with Radar,8,13,38,12,71,0,11,53,3,67,8,24,91,15,138,85,2,87,225
10/07/2020,DLH,MN,AGL,CE,Combined TRACON& Tower with Radar,8,14,45,23,90,0,17,35,4,56,8,31,80,27,146,44,28,72,218
10/08/2020,DLH,MN,AGL,CE,Combined TRACON& Tower with Radar,8,10,43,12,73,0,17,65,0,82,8,27,108,12,155,127,11,138,293
10/09/2020,DLH,MN,AGL,CE,Combined TRACON& Tower with Radar,8,9,23,6,46,0,10,41,1,52,8,19,64,7,98,101,15,116,214
10/10/2020,DLH,MN,AGL,CE,Combined TRACON& Tower with Radar,8,8,27,0,43,0,8,82,0,90,8,16,109,0,133,57,0,57,190
10/11/2020,DLH,MN,AGL,CE,Combined TRACON& Tower with Radar,8,8,17,0,33,0,10,23,0,33,8,18,40,0,66,44,0,44,110
10/12/2020,DLH,MN,AGL,CE,Combined TRACON& Tower with Radar,10,7,21,0,38,0,9,17,0,26,10,16,38,0,64,4,0,4,68
10/13/2020,DLH,MN,AGL,CE,Combined TRACON& Tower with Radar,8,11,45,10,74,0,7,26,0,33,8,18,71,10,107,15,4,19,126
10/14/2020,DLH,MN,AGL,CE,Combined TRACON& Tower with Radar,8,14,32,8,62,0,2,15,0,17,8,16,47,8,79,90,2,92,171
10/15/2020,DLH,MN,AGL,CE,Combined TRACON& Tower with Radar,10,13,40,24,87,0,7,56,2,65,10,20,96,26,152,39,62,101,253
10/16/2020,DLH,MN,AGL,CE,Combined TRACON& Tower with Radar,8,11,37,0,56,0,10,66,0,76,8,21,103,0,132,110,0,110,242
10/17/2020,DLH,MN,AGL,CE,Combined TRACON& Tower with Radar,8,9,7,0,24,0,2,0,0,2,8,11,7,0,26,0,0,0,26
10/18/2020,DLH,MN,AGL,CE,Combined TRACON& Tower with Radar,10,4,13,0,27,0,0,37,0,37,10,4,50,0,64,61,0,61,125
10/19/2020,DLH,MN,AGL,CE,Combined TRACON& Tower with Radar,8,8,51,9,76,0,15,22,4,41,8,23,73,13,117,102,0,102,219
10/20/2020,DLH,MN,AGL,CE,Combined TRACON& Tower with Radar,7,6,19,0,32,0,0,6,0,6,7,6,25,0,38,0,0,0,38
10/21/2020,DLH,MN,AGL,CE,Combined TRACON& Tower with Radar,9,13,46,3,71,0,2,16,0,18,9,15,62,3,89,96,0,96,185
10/22/2020,DLH,MN,AGL,CE,Combined TRACON& Tower with Radar,8,14,10,0,32,0,0,14,0,14,8,14,24,0,46,2,0,2,48
10/23/2020,DLH,MN,AGL,CE,Combined TRACON& Tower with Radar,8,12,44,38,102,0,4,24,0,28,8,16,68,38,130,37,44,81,211
10/24/2020,DLH,MN,AGL,CE,Combined TRACON& Tower with Radar,8,6,26,37,77,0,6,38,2,46,8,12,64,39,123,36,8,44,167
10/25/2020,DLH,MN,AGL,CE,Combined TRACON& Tower with Radar,8,6,16,17,47,0,1,10,0,11,8,7,26,17,58,27,0,27,85
10/26/2020,DLH,MN,AGL,CE,Combined TRACON& Tower with Radar,8,13,24,1,46,0,13,41,0,54,8,26,65,1,100,128,0,128,228
10/27/2020,DLH,MN,AGL,CE,Combined TRACON& Tower with Radar,8,11,27,1,47,0,18,47,0,65,8,29,74,1,112,98,0,98,210
10/28/2020,DLH,MN,AGL,CE,Combined TRACON& Tower with Radar,8,8,27,4,47,0,0,12,0,12,8,8,39,4,59,30,0,30,89
10/29/2020,DLH,MN,AGL,CE,Combined TRACON& Tower with Radar,8,9,46,0,63,0,10,68,0,78,8,19,114,0,141,134,0,134,275
10/30/2020,DLH,MN,AGL,CE,Combined TRACON& Tower with Radar,8,10,30,0,48,0,18,37,0,55,8,28,67,0,103,156,0,156,259
10/31/2020,DLH,MN,AGL,CE,Combined TRACON& Tower with Radar,8,6,3,0,17,0,0,19,0,19,8,6,22,0,36,2,0,2,38
11/01/2020,DLH,MN,AGL,CE,Combined TRACON& Tower with Radar,8,3,13,0,24,0,0,13,0,13,8,3,26,0,37,8,0,8,45
11/02/2020,DLH,MN,AGL,CE,Combined TRACON& Tower with Radar,8,9,37,0,54,0,10,38,0,48,8,19,75,0,102,88,0,88,190
11/03/2020,DLH,MN,AGL,CE,Combined TRACON& Tower with Radar,8,14,34,0,56,0,17,65,0,82,8,31,99,0,138,63,0,63,201
11/04/2020,DLH,MN,AGL,CE,Combined TRACON& Tower with Radar,8,11,31,2,52,0,17,43,0,60,8,28,74,2,112,126,0,126,238
11/05/2020,DLH,MN,AGL,CE,Combined TRACON& Tower with Radar,8,16,35,0,59,0,13,60,0,73,8,29,95,0,132,182,0,182,314
11/06/2020,DLH,MN,AGL,CE,Combined TRACON& Tower with Radar,8,8,33,4,53,0,10,39,3,52,8,18,72,7,105,43,17,60,165
11/07/2020,DLH,MN,AGL,CE,Combined TRACON& Tower with Radar,8,6,5,0,19,0,0,3,0,3,8,6,8,0,22,0,0,0,22
11/08/2020,DLH,MN,AGL,CE,Combined TRACON& Tower with Radar,8,6,11,0,25,0,5,11,0,16,8,11,22,0,41,14,0,14,55
11/09/2020,DLH,MN,AGL,CE,Combined TRACON& Tower with Radar,8,6,14,0,28,0,0,0,0,0,8,6,14,0,28,0,0,0,28
11/10/2020,DLH,MN,AGL,CE,Combined TRACON& Tower with Radar,8,14,17,6,45,0,21,33,0,54,8,35,50,6,99,87,12,99,198
11/11/2020,DLH,MN,AGL,CE,Combined TRACON& Tower with Radar,8,21,28,6,63,0,0,33,0,33,8,21,61,6,96,70,0,70,166
11/12/2020,DLH,MN,AGL,CE,Combined TRACON& Tower with Radar,8,9,46,6,69,0,0,6,0,6,8,9,52,6,75,43,0,43,118
11/13/2020,DLH,MN,AGL,CE,Combined TRACON& Tower with Radar,8,16,59,0,83,0,22,74,0,96,8,38,133,0,179,114,0,114,293
11/14/2020,DLH,MN,AGL,CE,Combined TRACON& Tower with Radar,8,8,14,0,30,0,6,14,0,20,8,14,28,0,50,28,0,28,78
11/15/2020,DLH,MN,AGL,CE,Combined TRACON& Tower with Radar,8,8,5,0,21,0,0,0,0,0,8,8,5,0,21,0,0,0,21
11/16/2020,DLH,MN,AGL,CE,Combined TRACON& Tower with Radar,10,13,21,4,48,0,6,23,0,29,10,19,44,4,77,84,6,90,167
11/17/2020,DLH,MN,AGL,CE,Combined TRACON& Tower with Radar,8,15,42,5,70,0,16,52,0,68,8,31,94,5,138,130,2,132,270
11/18/2020,DLH,MN,AGL,CE,Combined TRACON& Tower with Radar,8,18,45,8,79,0,12,40,0,52,8,30,85,8,131,60,4,64,195
11/19/2020,DLH,MN,AGL,CE,Combined TRACON& Tower with Radar,8,18,25,23,74,0,14,62,0,76,8,32,87,23,150,116,41,157,307
11/20/2020,DLH,MN,AGL,CE,Combined TRACON& Tower with Radar,10,8,28,7,53,0,2,23,0,25,10,10,51,7,78,22,2,24,102
11/21/2020,DLH,MN,AGL,CE,Combined TRACON& Tower with Radar,12,8,23,7,50,0,10,38,6,54,12,18,61,13,104,53,30,83,187
11/22/2020,DLH,MN,AGL,CE,Combined TRACON& Tower with Radar,10,4,5,0,19,0,1,0,0,1,10,5,5,0,20,0,0,0,20
11/23/2020,DLH,MN,AGL,CE,Combined TRACON& Tower with Radar,10,11,17,12,50,0,18,21,4,43,10,29,38,16,93,93,16,109,202
11/24/2020,DLH,MN,AGL,CE,Combined TRACON& Tower with Radar,13,12,4,0,29,0,0,2,0,2,13,12,6,0,31,0,0,0,31
11/25/2020,DLH,MN,AGL,CE,Combined TRACON& Tower with Radar,13,14,36,2,65,0,0,1,0,1,13,14,37,2,66,0,0,0,66
11/26/2020,DLH,MN,AGL,CE,Combined TRACON& Tower with Radar,6,2,3,0,11,0,0,0,0,0,6,2,3,0,11,0,0,0,11
11/27/2020,DLH,MN,AGL,CE,Combined TRACON& Tower with Radar,8,11,17,0,36,0,4,22,0,26,8,15,39,0,62,28,0,28,90
11/28/2020,DLH,MN,AGL,CE,Combined TRACON& Tower with Radar,10,8,27,0,45,0,4,34,0,38,10,12,61,0,83,31,0,31,114
11/29/2020,DLH,MN,AGL,CE,Combined TRACON& Tower with Radar,10,4,9,0,23,0,1,7,0,8,10,5,16,0,31,0,0,0,31
11/30/2020,DLH,MN,AGL,CE,Combined TRACON& Tower with Radar,10,7,33,9,59,0,14,42,0,56,10,21,75,9,115,98,0,98,213
12/01/2020,DLH,MN,AGL,CE,Combined TRACON& Tower with Radar,10,14,33,37,94,0,12,60,0,72,10,26,93,37,166,114,36,150,316
12/02/2020,DLH,MN,AGL,CE,Combined TRACON& Tower with Radar,6,12,24,13,55,0,8,34,1,43,6,20,58,14,98,64,22,86,184
12/03/2020,DLH,MN,AGL,CE,Combined TRACON& Tower with Radar,8,19,64,12,103,0,17,75,2,94,8,36,139,14,197,96,2,98,295
12/04/2020,DLH,MN,AGL,CE,Combined TRACON& Tower with Radar,6,18,47,0,71,0,15,39,0,54,6,33,86,0,125,112,0,112,237
12/05/2020,DLH,MN,AGL,CE,Combined TRACON& Tower with Radar,6,10,23,16,55,0,17,38,0,55,6,27,61,16,110,80,14,94,204
12/06/2020,DLH,MN,AGL,CE,Combined TRACON& Tower with Radar,6,9,5,0,20,0,0,0,0,0,6,9,5,0,20,0,0,0,20
12/07/2020,DLH,MN,AGL,CE,Combined TRACON& Tower with Radar,8,7,12,6,33,0,0,0,0,0,8,7,12,6,33,0,0,0,33
12/08/2020,DLH,MN,AGL,CE,Combined TRACON& Tower with Radar,8,14,31,12,65,0,8,22,0,30,8,22,53,12,95,14,6,20,115
12/09/2020,DLH,MN,AGL,CE,Combined TRACON& Tower with Radar,6,15,38,13,72,0,21,53,7,81,6,36,91,20,153,147,6,153,306
12/10/2020,DLH,MN,AGL,CE,Combined TRACON& Tower with Radar,6,11,57,17,91,0,8,38,7,53,6,19,95,24,144,144,18,162,306
12/11/2020,DLH,MN,AGL,CE,Combined TRACON& Tower with Radar,6,9,46,18,79,0,2,28,0,30,6,11,74,18,109,104,16,120,229
12/12/2020,DLH,MN,AGL,CE,Combined TRACON& Tower with Radar,6,8,13,14,41,0,0,24,0,24,6,8,37,14,65,38,2,40,105
12/13/2020,DLH,MN,AGL,CE,Combined TRACON& Tower with Radar,6,7,8,0,21,0,0,0,0,0,6,7,8,0,21,0,0,0,21
12/14/2020,DLH,MN,AGL,CE,Combined TRACON& Tower with Radar,6,12,37,18,73,0,14,48,0,62,6,26,85,18,135,98,13,111,246
12/15/2020,DLH,MN,AGL,CE,Combined TRACON& Tower with Radar,6,15,33,8,62,0,16,19,0,35,6,31,52,8,97,67,8,75,172
12/16/2020,DLH,MN,AGL,CE,Combined TRACON& Tower with Radar,6,15,60,8,89,0,30,41,5,76,6,45,101,13,165,112,56,168,333
12/17/2020,DLH,MN,AGL,CE,Combined TRACON& Tower with Radar,6,17,63,20,106,0,18,46,1,65,6,35,109,21,171,90,36,126,297
12/18/2020,DLH,MN,AGL,CE,Combined TRACON& Tower with Radar,6,14,33,4,57,0,0,4,0,4,6,14,37,4,61,10,0,10,71
12/19/2020,DLH,MN,AGL,CE,Combined TRACON& Tower with Radar,7,11,51,0,69,0,9,27,0,36,7,20,78,0,105,48,0,48,153
12/20/2020,DLH,MN,AGL,CE,Combined TRACON& Tower with Radar,7,5,23,0,35,0,2,37,0,39,7,7,60,0,74,58,0,58,132
12/21/2020,DLH,MN,AGL,CE,Combined TRACON& Tower with Radar,6,9,10,0,25,0,2,0,0,2,6,11,10,0,27,0,0,0,27
12/22/2020,DLH,MN,AGL,CE,Combined TRACON& Tower with Radar,6,12,30,11,59,0,0,3,0,3,6,12,33,11,62,0,0,0,62
12/23/2020,DLH,MN,AGL,CE,Combined TRACON& Tower with Radar,3,9,5,1,18,0,0,10,0,10,3,9,15,1,28,0,0,0,28
12/24/2020,DLH,MN,AGL,CE,Combined TRACON& Tower with Radar,4,10,3,0,17,0,0,7,0,7,4,10,10,0,24,0,0,0,24
12/25/2020,DLH,MN,AGL,CE,Combined TRACON& Tower with Radar,5,10,2,0,17,0,2,6,0,8,5,12,8,0,25,0,0,0,25
12/26/2020,DLH,MN,AGL,CE,Combined TRACON& Tower with Radar,6,9,35,0,50,0,1,41,0,42,6,10,76,0,92,24,0,24,116
12/27/2020,DLH,MN,AGL,CE,Combined TRACON& Tower with Radar,6,8,25,0,39,0,0,13,0,13,6,8,38,0,52,32,0,32,84
12/28/2020,DLH,MN,AGL,CE,Combined TRACON& Tower with Radar,6,16,46,4,72,0,11,38,0,49,6,27,84,4,121,30,2,32,153
12/29/2020,DLH,MN,AGL,CE,Combined TRACON& Tower with Radar,6,14,33,9,62,0,16,17,4,37,6,30,50,13,99,121,14,135,234
12/30/2020,DLH,MN,AGL,CE,Combined TRACON& Tower with Radar,6,10,18,8,42,0,0,10,0,10,6,10,28,8,52,26,0,26,78
12/31/2020,DLH,MN,AGL,CE,Combined TRACON& Tower with Radar,5,11,7,0,23,0,0,0,0,0,5,11,7,0,23,0,0,0,23
01/01/2021,DLH,MN,AGL,CE,Combined TRACON& Tower with Radar,5,5,5,0,15,0,0,0,0,0,5,5,5,0,15,0,0,0,15
01/02/2021,DLH,MN,AGL,CE,Combined TRACON& Tower with Radar,6,10,6,0,22,0,0,3,0,3,6,10,9,0,25,2,0,2,27
01/03/2021,DLH,MN,AGL,CE,Combined TRACON& Tower with Radar,6,11,16,0,33,0,9,14,0,23,6,20,30,0,56,34,0,34,90
01/04/2021,DLH,MN,AGL,CE,Combined TRACON& Tower with Radar,6,9,19,18,52,0,4,6,0,10,6,13,25,18,62,71,0,71,133
01/05/2021,DLH,MN,AGL,CE,Combined TRACON& Tower with Radar,6,17,43,12,78,0,11,48,0,59,6,28,91,12,137,163,2,165,302
01/06/2021,DLH,MN,AGL,CE,Combined TRACON& Tower with Radar,8,9,36,12,65,0,4,18,0,22,8,13,54,12,87,40,0,40,127
01/07/2021,DLH,MN,AGL,CE,Combined TRACON& Tower with Radar,8,6,12,9,35,0,2,9,0,11,8,8,21,9,46,2,2,4,50
01/08/2021,DLH,MN,AGL,CE,Combined TRACON& Tower with Radar,7,7,27,9,50,0,8,25,1,34,7,15,52,10,84,68,4,72,156
01/09/2021,DLH,MN,AGL,CE,Combined TRACON& Tower with Radar,9,4,0,19,32,0,0,0,0,0,9,4,0,19,32,0,0,0,32
01/10/2021,DLH,MN,AGL,CE,Combined TRACON& Tower with Radar,10,4,13,0,27,0,0,0,0,0,10,4,13,0,27,0,0,0,27
01/11/2021,DLH,MN,AGL,CE,Combined TRACON& Tower with Radar,8,5,15,2,30,0,0,0,0,0,8,5,15,2,30,0,0,0,30
01/12/2021,DLH,MN,AGL,CE,Combined TRACON& Tower with Radar,9,6,39,14,68,0,6,20,0,26,9,12,59,14,94,42,10,52,146
01/13/2021,DLH,MN,AGL,CE,Combined TRACON& Tower with Radar,9,11,40,27,87,0,25,64,2,91,9,36,104,29,178,134,22,156,334
01/14/2021,DLH,MN,AGL,CE,Combined TRACON& Tower with Radar,8,7,39,4,58,0,1,6,0,7,8,8,45,4,65,22,0,22,87
01/15/2021,DLH,MN,AGL,CE,Combined TRACON& Tower with Radar,8,10,10,0,28,0,0,0,0,0,8,10,10,0,28,0,0,0,28
01/16/2021,DLH,MN,AGL,CE,Combined TRACON& Tower with Radar,8,6,4,0,18,0,0,1,0,1,8,6,5,0,19,62,0,62,81
01/17/2021,DLH,MN,AGL,CE,Combined TRACON& Tower with Radar,8,5,8,0,21,0,0,2,0,2,8,5,10,0,23,30,0,30,53
01/18/2021,DLH,MN,AGL,CE,Combined TRACON& Tower with Radar,8,7,12,3,30,0,1,8,1,10,8,8,20,4,40,10,0,10,50
01/19/2021,DLH,MN,AGL,CE,Combined TRACON& Tower with Radar,8,10,39,4,61,0,9,35,0,44,8,19,74,4,105,65,0,65,170
01/20/2021,DLH,MN,AGL,CE,Combined TRACON& Tower with Radar,10,9,30,14,63,0,13,28,2,43,10,22,58,16,106,60,24,84,190
01/21/2021,DLH,MN,AGL,CE,Combined TRACON& Tower with Radar,8,8,18,5,39,0,0,7,0,7,8,8,25,5,46,0,2,2,48
01/22/2021,DLH,MN,AGL,CE,Combined TRACON& Tower with Radar,8,14,34,18,74,0,17,55,0,72,8,31,89,18,146,174,22,196,342
01/23/2021,DLH,MN,AGL,CE,Combined TRACON& Tower with Radar,8,5,14,9,36,0,5,11,1,17,8,10,25,10,53,147,4,151,204
01/24/2021,DLH,MN,AGL,CE,Combined TRACON& Tower with Radar,10,1,16,4,31,0,9,20,0,29,10,10,36,4,60,82,0,82,142
01/25/2021,DLH,MN,AGL,CE,Combined TRACON& Tower with Radar,8,10,28,11,57,0,12,60,0,72,8,22,88,11,129,125,0,125,254
01/26/2021,DLH,MN,AGL,CE,Combined TRACON& Tower with Radar,8,9,39,20,76,0,19,48,5,72,8,28,87,25,148,99,10,109,257
01/27/2021,DLH,MN,AGL,CE,Combined TRACON& Tower with Radar,8,12,49,17,86,0,7,51,0,58,8,19,100,17,144,90,11,101,245
01/28/2021,DLH,MN,AGL,CE,Combined TRACON& Tower with Radar,8,9,30,14,61,0,10,38,0,48,8,19,68,14,109,139,0,139,248
01/29/2021,DLH,MN,AGL,CE,Combined TRACON& Tower with Radar,8,10,27,0,45,0,14,26,1,41,8,24,53,1,86,57,0,57,143
01/30/2021,DLH,MN,AGL,CE,Combined TRACON& Tower with Radar,8,8,4,0,20,0,0,0,0,0,8,8,4,0,20,0,0,0,20
01/31/2021,DLH,MN,AGL,CE,Combined TRACON& Tower with Radar,8,9,7,0,24,0,0,1,0,1,8,9,8,0,25,0,0,0,25
02/01/2021,DLH,MN,AGL,CE,Combined TRACON& Tower with Radar,8,6,25,7,46,0,0,6,0,6,8,6,31,7,52,24,0,24,76
02/02/2021,DLH,MN,AGL,CE,Combined TRACON& Tower with Radar,8,9,21,16,54,0,0,1,0,1,8,9,22,16,55,43,0,43,98
02/03/2021,DLH,MN,AGL,CE,Combined TRACON& Tower with Radar,8,11,33,8,60,0,16,45,0,61,8,27,78,8,121,96,0,96,217
02/04/2021,DLH,MN,AGL,CE,Combined TRACON& Tower with Radar,9,9,17,4,39,0,0,3,0,3,9,9,20,4,42,0,0,0,42
02/05/2021,DLH,MN,AGL,CE,Combined TRACON& Tower with Radar,8,7,10,8,33,0,2,3,0,5,8,9,13,8,38,17,0,17,55
02/06/2021,DLH,MN,AGL,CE,Combined TRACON& Tower with Radar,9,6,14,1,30,0,4,24,5,33,9,10,38,6,63,40,8,48,111
02/07/2021,DLH,MN,AGL,CE,Combined TRACON& Tower with Radar,8,8,17,0,33,0,6,7,0,13,8,14,24,0,46,36,0,36,82
02/08/2021,DLH,MN,AGL,CE,Combined TRACON& Tower with Radar,8,5,17,1,31,0,13,43,1,57,8,18,60,2,88,64,0,64,152
02/09/2021,DLH,MN,AGL,CE,Combined TRACON& Tower with Radar,8,9,26,5,48,0,21,41,0,62,8,30,67,5,110,113,7,120,230
02/10/2021,DLH,MN,AGL,CE,Combined TRACON& Tower with Radar,10,6,40,3,59,0,13,33,1,47,10,19,73,4,106,99,6,105,211
02/11/2021,DLH,MN,AGL,CE,Combined TRACON& Tower with Radar,10,10,19,20,59,0,18,18,0,36,10,28,37,20,95,162,22,184,279
02/12/2021,DLH,MN,AGL,CE,Combined TRACON& Tower with Radar,9,7,30,10,56,0,6,41,0,47,9,13,71,10,103,55,6,61,164
02/13/2021,DLH,MN,AGL,CE,Combined TRACON& Tower with Radar,8,6,16,0,30,0,7,6,0,13,8,13,22,0,43,76,0,76,119
02/14/2021,DLH,MN,AGL,CE,Combined TRACON& Tower with Radar,9,2,9,0,20,0,11,28,0,39,9,13,37,0,59,16,0,16,75
02/15/2021,DLH,MN,AGL,CE,Combined TRACON& Tower with Radar,8,6,21,0,35,0,0,43,0,43,8,6,64,0,78,62,0,62,140
02/16/2021,DLH,MN,AGL,CE,Combined TRACON& Tower with Radar,9,7,42,20,78,0,16,30,6,52,9,23,72,26,130,97,23,120,250
02/17/2021,DLH,MN,AGL,CE,Combined TRACON& Tower with Radar,7,17,32,23,79,0,8,33,2,43,7,25,65,25,122,110,34,144,266
02/18/2021,DLH,MN,AGL,CE,Combined TRACON& Tower with Radar,9,6,18,14,47,0,10,14,0,24,9,16,32,14,71,98,18,116,187
02/19/2021,DLH,MN,AGL,CE,Combined TRACON& Tower with Radar,8,8,41,13,70,0,16,38,0,54,8,24,79,13,124,143,14,157,281
02/20/2021,DLH,MN,AGL,CE,Combined TRACON& Tower with Radar,8,5,19,14,46,0,17,46,0,63,8,22,65,14,109,80,8,88,197
02/21/2021,DLH,MN,AGL,CE,Combined TRACON& Tower with Radar,8,6,12,0,26,0,0,0,0,0,8,6,12,0,26,0,0,0,26
02/22/2021,DLH,MN,AGL,CE,Combined TRACON& Tower with Radar,8,5,29,7,49,0,12,25,0,37,8,17,54,7,86,46,12,58,144
02/23/2021,DLH,MN,AGL,CE,Combined TRACON& Tower with Radar,8,8,46,22,84,0,7,62,0,69,8,15,108,22,153,178,16,194,347
02/24/2021,DLH,MN,AGL,CE,Combined TRACON& Tower with Radar,8,8,50,17,83,0,15,44,4,63,8,23,94,21,146,183,18,201,347
02/25/2021,DLH,MN,AGL,CE,Combined TRACON& Tower with Radar,8,8,44,13,73,0,15,42,4,61,8,23,86,17,134,143,46,189,323
02/26/2021,DLH,MN,AGL,CE,Combined TRACON& Tower with Radar,8,10,32,0,50,0,0,21,1,22,8,10,53,1,72,20,0,20,92
02/27/2021,DLH,MN,AGL,CE,Combined TRACON& Tower with Radar,8,5,8,0,21,0,6,34,0,40,8,11,42,0,61,88,0,88,149
02/28/2021,DLH,MN,AGL,CE,Combined TRACON& Tower with Radar,10,3,7,0,20,0,0,6,0,6,10,3,13,0,26,2,0,2,28
03/01/2021,DLH,MN,AGL,CE,Combined TRACON& Tower with Radar,8,9,38,8,63,0,5,52,0,57,8,14,90,8,120,67,4,71,191
03/02/2021,DLH,MN,AGL,CE,Combined TRACON& Tower with Radar,7,12,32,17,68,0,3,23,0,26,7,15,55,17,94,9,22,31,125
03/03/2021,DLH,MN,AGL,CE,Combined TRACON& Tower with Radar,6,11,53,14,84,0,9,65,3,77,6,20,118,17,161,102,24,126,287
03/04/2021,DLH,MN,AGL,CE,Combined TRACON& Tower with Radar,6,16,49,4,75,0,17,55,0,72,6,33,104,4,147,68,2,70,217
03/05/2021,DLH,MN,AGL,CE,Combined TRACON& Tower with Radar,8,10,24,0,42,0,10,55,0,65,8,20,79,0,107,97,0,97,204
03/06/2021,DLH,MN,AGL,CE,Combined TRACON& Tower with Radar,4,9,15,0,28,0,17,42,0,59,4,26,57,0,87,82,0,82,169
03/07/2021,DLH,MN,AGL,CE,Combined TRACON& Tower with Radar,6,6,2,0,14,0,4,3,0,7,6,10,5,0,21,44,0,44,65
03/08/2021,DLH,MN,AGL,CE,Combined TRACON& Tower with Radar,6,9,29,4,48,0,9,42,0,51,6,18,71,4,99,91,0,91,190
03/09/2021,DLH,MN,AGL,CE,Combined TRACON& Tower with Radar,6,18,37,7,68,0,6,35,1,42,6,24,72,8,110,90,10,100,210
03/10/2021,DLH,MN,AGL,CE,Combined TRACON& Tower with Radar,6,9,11,9,35,0,0,15,0,15,6,9,26,9,50,70,8,78,128
03/11/2021,DLH,MN,AGL,CE,Combined TRACON& Tower with Radar,6,10,35,8,59,0,1,22,2,25,6,11,57,10,84,28,29,57,141
03/12/2021,DLH,MN,AGL,CE,Combined TRACON& Tower with Radar,8,18,28,7,61,0,7,42,0,49,8,25,70,7,110,94,0,94,204
03/13/2021,DLH,MN,AGL,CE,Combined TRACON& Tower with Radar,4,9,18,0,31,0,3,68,0,71,4,12,86,0,102,39,0,39,141
03/14/2021,DLH,MN,AGL,CE,Combined TRACON& Tower with Radar,6,11,15,0,32,0,6,19,3,28,6,17,34,3,60,74,0,74,134
03/15/2021,DLH,MN,AGL,CE,Combined TRACON& Tower with Radar,6,10,18,5,39,0,6,39,1,46,6,16,57,6,85,89,6,95,180
03/16/2021,DLH,MN,AGL,CE,Combined TRACON& Tower with Radar,6,14,30,23,73,0,3,27,3,33,6,17,57,26,106,142,57,199,305
03/17/2021,DLH,MN,AGL,CE,Combined TRACON& Tower with Radar,8,12,35,16,71,0,4,34,4,42,8,16,69,20,113,109,34,143,256
03/18/2021,DLH,MN,AGL,CE,Combined TRACON& Tower with Radar,6,15,41,4,66,0,12,47,0,59,6,27,88,4,125,94,2,96,221
03/19/2021,DLH,MN,AGL,CE,Combined TRACON& Tower with Radar,8,11,27,1,47,0,8,53,1,62,8,19,80,2,109,75,0,75,184
03/20/2021,DLH,MN,AGL,CE,Combined TRACON& Tower with Radar,4,8,14,3,29,0,8,48,0,56,4,16,62,3,85,73,0,73,158
03/21/2021,DLH,MN,AGL,CE,Combined TRACON& Tower with Radar,6,6,7,4,23,0,2,8,0,10,6,8,15,4,33,10,8,18,51
03/22/2021,DLH,MN,AGL,CE,Combined TRACON& Tower with Radar,6,12,35,3,56,0,8,37,0,45,6,20,72,3,101,65,0,65,166
03/23/2021,DLH,MN,AGL,CE,Combined TRACON& Tower with Radar,6,11,17,8,42,0,0,6,0,6,6,11,23,8,48,20,0,20,68
03/24/2021,DLH,MN,AGL,CE,Combined TRACON& Tower with Radar,6,12,9,1,28,0,0,1,0,1,6,12,10,1,29,0,0,0,29
03/25/2021,DLH,MN,AGL,CE,Combined TRACON& Tower with Radar,6,12,61,15,94,0,2,21,0,23,6,14,82,15,117,44,0,44,161
03/26/2021,DLH,MN,AGL,CE,Combined TRACON& Tower with Radar,8,19,34,0,61,0,1,4,0,5,8,20,38,0,66,0,0,0,66
03/27/2021,DLH,MN,AGL,CE,Combined TRACON& Tower with Radar,4,8,7,0,19,0,0,0,0,0,4,8,7,0,19,0,0,0,19
03/28/2021,DLH,MN,AGL,CE,Combined TRACON& Tower with Radar,6,13,30,1,50,0,7,35,0,42,6,20,65,1,92,76,0,76,168
03/29/2021,DLH,MN,AGL,CE,Combined TRACON& Tower with Radar,6,11,34,5,56,0,7,36,0,43,6,18,70,5,99,24,0,24,123
03/30/2021,DLH,MN,AGL,CE,Combined TRACON& Tower with Radar,6,11,11,18,46,0,0,11,0,11,6,11,22,18,57,4,46,50,107
03/31/2021,DLH,MN,AGL,CE,Combined TRACON& Tower with Radar,6,17,39,12,74,0,2,57,0,59,6,19,96,12,133,84,4,88,221
04/01/2021,DLH,MN,AGL,CE,Combined TRACON& Tower with Radar,6,22,39,8,75,0,25,68,5,98,6,47,107,13,173,129,6,135,308
04/02/2021,DLH,MN,AGL,CE,Combined TRACON& Tower with Radar,6,10,36,1,53,0,2,60,0,62,6,12,96,1,115,32,0,32,147
04/03/2021,DLH,MN,AGL,CE,Combined TRACON& Tower with Radar,5,8,10,0,23,0,15,55,0,70,5,23,65,0,93,83,0,83,176
04/04/2021,DLH,MN,AGL,CE,Combined TRACON& Tower with Radar,6,8,32,0,46,0,1,37,0,38,6,9,69,0,84,62,0,62,146
04/05/2021,DLH,MN,AGL,CE,Combined TRACON& Tower with Radar,8,13,45,5,71,0,15,61,0,76,8,28,106,5,147,113,4,117,264
04/06/2021,DLH,MN,AGL,CE,Combined TRACON& Tower with Radar,6,12,44,5,67,0,15,55,2,72,6,27,99,7,139,169,8,177,316
04/07/2021,DLH,MN,AGL,CE,Combined TRACON& Tower with Radar,6,11,17,0,34,0,0,0,0,0,6,11,17,0,34,0,0,0,34
04/08/2021,DLH,MN,AGL,CE,Combined TRACON& Tower with Radar,6,11,14,0,31,0,0,0,0,0,6,11,14,0,31,0,0,0,31
04/09/2021,DLH,MN,AGL,CE,Combined TRACON& Tower with Radar,8,11,10,0,29,0,0,0,0,0,8,11,10,0,29,0,0,0,29
04/10/2021,DLH,MN,AGL,CE,Combined TRACON& Tower with Radar,4,8,10,0,22,0,0,22,0,22,4,8,32,0,44,0,0,0,44
04/11/2021,DLH,MN,AGL,CE,Combined TRACON& Tower with Radar,5,10,7,0,22,0,0,0,0,0,5,10,7,0,22,2,0,2,24
04/12/2021,DLH,MN,AGL,CE,Combined TRACON& Tower with Radar,4,12,22,2,40,0,0,0,0,0,4,12,22,2,40,0,0,0,40
04/13/2021,DLH,MN,AGL,CE,Combined TRACON& Tower with Radar,4,13,18,8,43,0,0,3,0,3,4,13,21,8,46,18,0,18,64
04/14/2021,DLH,MN,AGL,CE,Combined TRACON& Tower with Radar,4,12,47,6,69,0,0,13,0,13,4,12,60,6,82,26,4,30,112
04/15/2021,DLH,MN,AGL,CE,Combined TRACON& Tower with Radar,4,20,46,18,88,0,12,52,0,64,4,32,98,18,152,141,0,141,293
04/16/2021,DLH,MN,AGL,CE,Combined TRACON& Tower with Radar,4,21,36,7,68,0,27,99,1,127,4,48,135,8,195,126,0,126,321
04/17/2021,DLH,MN,AGL,CE,Combined TRACON& Tower with Radar,6,27,35,10,78,0,15,59,0,74,6,42,94,10,152,44,12,56,208
04/18/2021,DLH,MN,AGL,CE,Combined TRACON& Tower with Radar,6,10,7,12,35,0,6,29,0,35,6,16,36,12,70,24,20,44,114
04/19/2021,DLH,MN,AGL,CE,Combined TRACON& Tower with Radar,4,12,21,0,37,0,7,14,0,21,4,19,35,0,58,18,0,18,76
04/20/2021,DLH,MN,AGL,CE,Combined TRACON& Tower with Radar,4,29,32,10,75,0,29,60,0,89,4,58,92,10,164,108,12,120,284
04/21/2021,DLH,MN,AGL,CE,Combined TRACON& Tower with Radar,4,26,44,16,90,0,24,57,0,81,4,50,101,16,171,159,14,173,344
04/22/2021,DLH,MN,AGL,CE,Combined TRACON& Tower with Radar,4,24,35,15,78,0,32,85,0,117,4,56,120,15,195,116,16,132,327
04/23/2021,DLH,MN,AGL,CE,Combined TRACON& Tower with Radar,4,15,22,9,50,0,3,10,1,14,4,18,32,10,64,80,1,81,145
04/24/2021,DLH,MN,AGL,CE,Combined TRACON& Tower with Radar,4,11,19,0,34,0,5,24,0,29,4,16,43,0,63,54,0,54,117
04/25/2021,DLH,MN,AGL,CE,Combined TRACON& Tower with Radar,4,11,22,0,37,0,4,37,0,41,4,15,59,0,78,93,0,93,171
04/26/2021,DLH,MN,AGL,CE,Combined TRACON& Tower with Radar,4,12,6,0,22,0,0,0,0,0,4,12,6,0,22,0,0,0,22
04/27/2021,DLH,MN,AGL,CE,Combined TRACON& Tower with Radar,6,15,13,12,46,0,0,0,0,0,6,15,13,12,46,0,0,0,46
04/28/2021,DLH,MN,AGL,CE,Combined TRACON& Tower with Radar,4,28,61,30,123,0,24,108,0,132,4,52,169,30,255,77,8,85,340
04/29/2021,DLH,MN,AGL,CE,Combined TRACON& Tower with Radar,4,17,38,23,82,0,13,40,0,53,4,30,78,23,135,38,2,40,175
04/30/2021,DLH,MN,AGL,CE,Combined TRACON& Tower with Radar,2,14,26,14,56,0,14,62,1,77,2,28,88,15,133,54,2,56,189
05/01/2021,DLH,MN,AGL,CE,Combined TRACON& Tower with Radar,4,10,15,8,37,0,4,35,0,39,4,14,50,8,76,67,16,83,159
05/02/2021,DLH,MN,AGL,CE,Combined TRACON& Tower with Radar,6,15,16,4,41,0,9,27,0,36,6,24,43,4,77,76,2,78,155
05/03/2021,DLH,MN,AGL,CE,Combined TRACON& Tower with Radar,6,15,52,15,88,0,14,35,0,49,6,29,87,15,137,92,20,112,249
05/04/2021,DLH,MN,AGL,CE,Combined TRACON& Tower with Radar,7,20,58,22,107,0,7,46,1,54,7,27,104,23,161,56,30,86,247
05/05/2021,DLH,MN,AGL,CE,Combined TRACON& Tower with Radar,6,28,47,20,101,0,20,57,2,79,6,48,104,22,180,125,32,157,337
05/06/2021,DLH,MN,AGL,CE,Combined TRACON& Tower with Radar,6,27,30,19,82,0,17,44,5,66,6,44,74,24,148,121,13,134,282
05/07/2021,DLH,MN,AGL,CE,Combined TRACON& Tower with Radar,6,20,35,2,63,0,10,69,0,79,6,30,104,2,142,78,0,78,220
05/08/2021,DLH,MN,AGL,CE,Combined TRACON& Tower with Radar,4,10,24,0,38,0,8,38,0,46,4,18,62,0,84,60,0,60,144
05/09/2021,DLH,MN,AGL,CE,Combined TRACON& Tower with Radar,6,17,22,0,45,0,10,33,0,43,6,27,55,0,88,18,0,18,106
05/10/2021,DLH,MN,AGL,CE,Combined TRACON& Tower with Radar,6,22,42,10,80,0,17,47,0,64,6,39,89,10,144,136,10,146,290
05/11/2021,DLH,MN,AGL,CE,Combined TRACON& Tower with Radar,6,22,43,9,80,0,31,42,1,74,6,53,85,10,154,135,6,141,295
05/12/2021,DLH,MN,AGL,CE,Combined TRACON& Tower with Radar,6,24,68,9,107,0,19,57,0,76,6,43,125,9,183,64,0,64,247
05/13/2021,DLH,MN,AGL,CE,Combined TRACON& Tower with Radar,4,26,39,11,80,0,21,42,1,64,4,47,81,12,144,150,0,150,294
05/14/2021,DLH,MN,AGL,CE,Combined TRACON& Tower with Radar,6,25,39,19,89,0,13,39,1,53,6,38,78,20,142,62,14,76,218
05/15/2021,DLH,MN,AGL,CE,Combined TRACON& Tower with Radar,4,16,24,0,44,0,3,54,1,58,4,19,78,1,102,58,0,58,160
05/16/2021,DLH,MN,AGL,CE,Combined TRACON& Tower with Radar,6,18,24,12,60,0,7,46,0,53,6,25,70,12,113,104,4,108,221
05/17/2021,DLH,MN,AGL,CE,Combined TRACON& Tower with Radar,6,22,19,19,66,0,11,47,0,58,6,33,66,19,124,169,12,181,305
05/18/2021,DLH,MN,AGL,CE,Combined TRACON& Tower with Radar,6,31,40,29,106,0,25,47,3,75,6,56,87,32,181,51,28,79,260
05/19/2021,DLH,MN,AGL,CE,Combined TRACON& Tower with Radar,6,22,33,10,71,0,4,2,0,6,6,26,35,10,77,64,0,64,141
05/20/2021,DLH,MN,AGL,CE,Combined TRACON& Tower with Radar,6,14,11,2,33,0,0,0,0,0,6,14,11,2,33,0,0,0,33
05/21/2021,DLH,MN,AGL,CE,Combined TRACON& Tower with Radar,8,19,46,1,74,0,10,26,1,37,8,29,72,2,111,106,0,106,217
05/22/2021,DLH,MN,AGL,CE,Combined TRACON& Tower with Radar,4,15,27,0,46,0,0,24,0,24,4,15,51,0,70,28,0,28,98
05/23/2021,DLH,MN,AGL,CE,Combined TRACON& Tower with Radar,6,11,16,0,33,0,0,0,0,0,6,11,16,0,33,0,0,0,33
05/24/2021,DLH,MN,AGL,CE,Combined TRACON& Tower with Radar,6,12,1,0,19,0,2,0,0,2,6,14,1,0,21,0,0,0,21
05/25/2021,DLH,MN,AGL,CE,Combined TRACON& Tower with Radar,6,21,48,14,89,0,6,18,2,26,6,27,66,16,115,28,22,50,165
05/26/2021,DLH,MN,AGL,CE,Combined TRACON& Tower with Radar,6,21,60,15,102,0,16,75,0,91,6,37,135,15,193,123,8,131,324
05/27/2021,DLH,MN,AGL,CE,Combined TRACON& Tower with Radar,6,26,59,16,107,0,24,51,4,79,6,50,110,20,186,89,8,97,283
05/28/2021,DLH,MN,AGL,CE,Combined TRACON& Tower with Radar,6,17,32,0,55,0,17,47,0,64,6,34,79,0,119,120,0,120,239
05/29/2021,DLH,MN,AGL,CE,Combined TRACON& Tower with Radar,6,14,23,0,43,0,5,69,0,74,6,19,92,0,117,34,0,34,151
05/30/2021,DLH,MN,AGL,CE,Combined TRACON& Tower with Radar,6,9,15,0,30,0,3,19,0,22,6,12,34,0,52,34,0,34,86
05/31/2021,DLH,MN,AGL,CE,Combined TRACON& Tower with Radar,6,13,14,0,33,0,6,34,0,40,6,19,48,0,73,41,0,41,114
06/01/2021,DLH,MN,AGL,CE,Combined TRACON& Tower with Radar,6,24,39,17,86,0,14,78,0,92,6,38,117,17,178,82,42,124,302
06/02/2021,DLH,MN,AGL,CE,Combined TRACON& Tower with Radar,6,24,39,20,89,0,16,66,5,87,6,40,105,25,176,106,47,153,329
06/03/2021,DLH,MN,AGL,CE,Combined TRACON& Tower with Radar,5,20,60,9,94,0,7,51,1,59,5,27,111,10,153,114,2,116,269
06/04/2021,DLH,MN,AGL,CE,Combined TRACON& Tower with Radar,3,21,48,19,91,0,9,48,5,62,3,30,96,24,153,61,64,125,278
06/05/2021,DLH,MN,AGL,CE,Combined TRACON& Tower with Radar,0,19,24,0,43,0,4,49,0,53,0,23,73,0,96,106,0,106,202
06/06/2021,DLH,MN,AGL,CE,Combined TRACON& Tower with Radar,0,15,18,1,34,0,2,40,0,42,0,17,58,1,76,31,0,31,107
06/07/2021,DLH,MN,AGL,CE,Combined TRACON& Tower with Radar,0,21,38,29,88,0,9,64,13,86,0,30,102,42,174,123,24,147,321
06/08/2021,DLH,MN,AGL,CE,Combined TRACON& Tower with Radar,0,25,37,23,85,0,6,66,5,77,0,31,103,28,162,82,17,99,261
06/09/2021,DLH,MN,AGL,CE,Combined TRACON& Tower with Radar,0,30,50,14,94,0,14,61,1,76,0,44,111,15,170,98,6,104,274
06/10/2021,DLH,MN,AGL,CE,Combined TRACON& Tower with Radar,0,21,56,8,85,0,12,54,4,70,0,33,110,12,155,126,18,144,299
06/11/2021,DLH,MN,AGL,CE,Combined TRACON& Tower with Radar,0,20,9,0,29,0,0,0,0,0,0,20,9,0,29,0,0,0,29
06/12/2021,DLH,MN,AGL,CE,Combined TRACON& Tower with Radar,0,24,12,0,36,0,6,52,1,59,0,30,64,1,95,42,0,42,137
06/13/2021,DLH,MN,AGL,CE,Combined TRACON& Tower with Radar,0,14,15,2,31,0,1,45,0,46,0,15,60,2,77,39,0,39,116
06/14/2021,DLH,MN,AGL,CE,Combined TRACON& Tower with Radar,0,16,30,12,58,0,6,59,0,65,0,22,89,12,123,68,26,94,217
06/15/2021,DLH,MN,AGL,CE,Combined TRACON& Tower with Radar,2,30,55,14,101,0,15,75,0,90,2,45,130,14,191,126,18,144,335
06/16/2021,DLH,MN,AGL,CE,Combined TRACON& Tower with Radar,2,27,65,19,113,0,18,77,3,98,2,45,142,22,211,110,21,131,342
06/17/2021,DLH,MN,AGL,CE,Combined TRACON& Tower with Radar,0,23,30,29,82,0,7,70,0,77,0,30,100,29,159,95,90,185,344
06/18/2021,DLH,MN,AGL,CE,Combined TRACON& Tower with Radar,0,24,24,0,48,0,15,45,0,60,0,39,69,0,108,10,0,10,118
06/19/2021,DLH,MN,AGL,CE,Combined TRACON& Tower with Radar,0,27,15,1,43,0,11,53,2,66,0,38,68,3,109,80,4,84,193
06/20/2021,DLH,MN,AGL,CE,Combined TRACON& Tower with Radar,0,18,16,3,37,0,0,1,0,1,0,18,17,3,38,0,0,0,38
06/21/2021,DLH,MN,AGL,CE,Combined TRACON& Tower with Radar,0,28,36,26,90,0,8,54,4,66,0,36,90,30,156,67,8,75,231
06/22/2021,DLH,MN,AGL,CE,Combined TRACON& Tower with Radar,0,32,15,18,65,0,13,61,0,74,0,45,76,18,139,70,6,76,215
06/23/2021,DLH,MN,AGL,CE,Combined TRACON& Tower with Radar,0,35,29,25,89,0,17,67,1,85,0,52,96,26,174,26,6,32,206
06/24/2021,DLH,MN,AGL,CE,Combined TRACON& Tower with Radar,0,22,20,19,61,0,8,54,1,63,0,30,74,20,124,16,34,50,174
06/25/2021,DLH,MN,AGL,CE,Combined TRACON& Tower with Radar,2,21,9,10,42,0,2,58,6,66,2,23,67,16,108,14,4,18,126
06/26/2021,DLH,MN,AGL,CE,Combined TRACON& Tower with Radar,2,14,14,5,35,0,15,66,2,83,2,29,80,7,118,76,2,78,196
06/27/2021,DLH,MN,AGL,CE,Combined TRACON& Tower with Radar,0,20,31,9,60,0,6,32,0,38,0,26,63,9,98,43,12,55,153
06/28/2021,DLH,MN,AGL,CE,Combined TRACON& Tower with Radar,4,21,57,24,106,0,6,50,1,57,4,27,107,25,163,70,0,70,233
06/29/2021,DLH,MN,AGL,CE,Combined TRACON& Tower with Radar,2,17,25,19,63,0,2,44,1,47,2,19,69,20,110,49,24,73,183
06/30/2021,DLH,MN,AGL,CE,Combined TRACON& Tower with Radar,0,37,42,20,99,0,6,86,7,99,0,43,128,27,198,104,34,138,336
07/01/2021,DLH,MN,AGL,CE,Combined TRACON& Tower with Radar,1,27,43,16,87,0,14,73,7,94,1,41,116,23,181,74,52,126,307
07/02/2021,DLH,MN,AGL,CE,Combined TRACON& Tower with Radar,5,22,38,4,69,0,6,58,0,64,5,28,96,4,133,40,0,40,173
07/03/2021,DLH,MN,AGL,CE,Combined TRACON& Tower with Radar,2,15,14,0,31,0,5,40,0,45,2,20,54,0,76,2,0,2,78
07/04/2021,DLH,MN,AGL,CE,Combined TRACON& Tower with Radar,2,14,14,1,31,0,11,39,4,54,2,25,53,5,85,4,0,4,89
07/05/2021,DLH,MN,AGL,CE,Combined TRACON& Tower with Radar,4,17,22,0,43,0,2,26,0,28,4,19,48,0,71,2,0,2,73
07/06/2021,DLH,MN,AGL,CE,Combined TRACON& Tower with Radar,5,16,19,9,49,0,0,1,0,1,5,16,20,9,50,0,0,0,50
07/07/2021,DLH,MN,AGL,CE,Combined TRACON& Tower with Radar,6,35,41,20,102,0,18,76,0,94,6,53,117,20,196,150,29,179,375
07/08/2021,DLH,MN,AGL,CE,Combined TRACON& Tower with Radar,6,25,53,24,108,0,10,72,0,82,6,35,125,24,190,52,10,62,252
07/09/2021,DLH,MN,AGL,CE,Combined TRACON& Tower with Radar,6,25,32,14,77,0,20,81,1,102,6,45,113,15,179,94,12,106,285
07/10/2021,DLH,MN,AGL,CE,Combined TRACON& Tower with Radar,4,20,17,1,42,0,6,65,5,76,4,26,82,6,118,53,0,53,171
07/11/2021,DLH,MN,AGL,CE,Combined TRACON& Tower with Radar,4,20,16,0,40,0,0,56,0,56,4,20,72,0,96,55,0,55,151
07/12/2021,DLH,MN,AGL,CE,Combined TRACON& Tower with Radar,4,20,35,14,73,0,17,46,0,63,4,37,81,14,136,125,0,125,261
07/13/2021,DLH,MN,AGL,CE,Combined TRACON& Tower with Radar,4,24,49,12,89,0,18,60,0,78,4,42,109,12,167,110,6,116,283
07/14/2021,DLH,MN,AGL,CE,Combined TRACON& Tower with Radar,4,24,43,18,89,0,9,52,1,62,4,33,95,19,151,133,26,159,310
07/15/2021,DLH,MN,AGL,CE,Combined TRACON& Tower with Radar,4,30,40,12,86,0,8,50,3,61,4,38,90,15,147,60,20,80,227
07/16/2021,DLH,MN,AGL,CE,Combined TRACON& Tower with Radar,4,23,40,2,69,0,10,65,0,75,4,33,105,2,144,92,8,100,244
07/17/2021,DLH,MN,AGL,CE,Combined TRACON& Tower with Radar,1,23,28,2,54,0,3,49,3,55,1,26,77,5,109,10,0,10,119
07/18/2021,DLH,MN,AGL,CE,Combined TRACON& Tower with Radar,0,18,18,1,37,0,6,55,0,61,0,24,73,1,98,4,0,4,102
07/19/2021,DLH,MN,AGL,CE,Combined TRACON& Tower with Radar,3,18,27,7,55,0,10,40,1,51,3,28,67,8,106,34,16,50,156
07/20/2021,DLH,MN,AGL,CE,Combined TRACON& Tower with Radar,4,22,53,25,104,0,0,12,6,18,4,22,65,31,122,76,16,92,214
07/21/2021,DLH,MN,AGL,CE,Combined TRACON& Tower with Radar,4,28,67,14,113,0,5,48,0,53,4,33,115,14,166,62,2,64,230
07/22/2021,DLH,MN,AGL,CE,Combined TRACON& Tower with Radar,4,25,77,13,119,0,6,50,0,56,4,31,127,13,175,47,0,47,222
07/23/2021,DLH,MN,AGL,CE,Combined TRACON& Tower with Radar,6,31,41,9,87,0,9,39,1,49,6,40,80,10,136,28,6,34,170
07/24/2021,DLH,MN,AGL,CE,Combined TRACON& Tower with Radar,2,25,3,8,38,0,5,51,2,58,2,30,54,10,96,4,4,8,104
07/25/2021,DLH,MN,AGL,CE,Combined TRACON& Tower with Radar,2,17,18,4,41,0,2,28,4,34,2,19,46,8,75,18,2,20,95
07/26/2021,DLH,MN,AGL,CE,Combined TRACON& Tower with Radar,4,17,20,2,43,0,7,44,1,52,4,24,64,3,95,111,0,111,206
07/27/2021,DLH,MN,AGL,CE,Combined TRACON& Tower with Radar,4,28,44,26,102,0,5,48,0,53,4,33,92,26,155,52,34,86,241
07/28/2021,DLH,MN,AGL,CE,Combined TRACON& Tower with Radar,4,20,23,0,47,0,0,13,0,13,4,20,36,0,60,8,0,8,68
07/29/2021,DLH,MN,AGL,CE,Combined TRACON& Tower with Radar,4,25,58,18,105,0,16,45,1,62,4,41,103,19,167,95,30,125,292
07/30/2021,DLH,MN,AGL,CE,Combined TRACON& Tower with Radar,4,24,30,8,66,0,11,75,0,86,4,35,105,8,152,28,0,28,180
07/31/2021,DLH,MN,AGL,CE,Combined TRACON& Tower with Radar,2,23,28,0,53,0,9,31,0,40,2,32,59,0,93,19,0,19,112
08/01/2021,DLH,MN,AGL,CE,Combined TRACON& Tower with Radar,4,12,25,0,41,0,2,56,0,58,4,14,81,0,99,61,0,61,160
08/02/2021,DLH,MN,AGL,CE,Combined TRACON& Tower with Radar,4,13,37,0,54,0,6,63,0,69,4,19,100,0,123,78,0,78,201
08/03/2021,DLH,MN,AGL,CE,Combined TRACON& Tower with Radar,3,32,35,12,82,0,9,51,0,60,3,41,86,12,142,91,0,91,233
08/04/2021,DLH,MN,AGL,CE,Combined TRACON& Tower with Radar,6,31,51,16,104,0,7,67,0,74,6,38,118,16,178,60,22,82,260
08/05/2021,DLH,MN,AGL,CE,Combined TRACON& Tower with Radar,8,21,33,18,80,0,1,10,1,12,8,22,43,19,92,36,20,56,148
08/06/2021,DLH,MN,AGL,CE,Combined TRACON& Tower with Radar,8,14,37,15,74,0,6,59,0,65,8,20,96,15,139,72,18,90,229
08/07/2021,DLH,MN,AGL,CE,Combined TRACON& Tower with Radar,8,18,32,0,58,0,0,2,0,2,8,18,34,0,60,0,0,0,60
08/08/2021,DLH,MN,AGL,CE,Combined TRACON& Tower with Radar,10,10,10,1,31,0,0,0,0,0,10,10,10,1,31,0,0,0,31
08/09/2021,DLH,MN,AGL,CE,Combined TRACON& Tower with Radar,8,14,57,11,90,0,18,83,0,101,8,32,140,11,191,121,12,133,324
08/10/2021,DLH,MN,AGL,CE,Combined TRACON& Tower with Radar,8,19,46,2,75,0,11,37,0,48,8,30,83,2,123,80,6,86,209
08/11/2021,DLH,MN,AGL,CE,Combined TRACON& Tower with Radar,8,19,48,6,81,0,16,62,1,79,8,35,110,7,160,99,3,102,262
08/12/2021,DLH,MN,AGL,CE,Combined TRACON& Tower with Radar,7,19,25,4,55,0,23,51,1,75,7,42,76,5,130,17,2,19,149
08/13/2021,DLH,MN,AGL,CE,Combined TRACON& Tower with Radar,9,23,23,6,61,0,1,62,4,67,9,24,85,10,128,56,0,56,184
08/14/2021,DLH,MN,AGL,CE,Combined TRACON& Tower with Radar,8,17,15,9,49,0,3,54,0,57,8,20,69,9,106,93,24,117,223
08/15/2021,DLH,MN,AGL,CE,Combined TRACON& Tower with Radar,9,8,27,0,44,0,6,29,1,36,9,14,56,1,80,55,0,55,135
08/16/2021,DLH,MN,AGL,CE,Combined TRACON& Tower with Radar,8,17,26,6,57,2,25,51,1,79,10,42,77,7,136,88,6,94,230
08/17/2021,DLH,MN,AGL,CE,Combined TRACON& Tower with Radar,7,23,43,17,90,0,4,44,3,51,7,27,87,20,141,56,18,74,215
08/18/2021,DLH,MN,AGL,CE,Combined TRACON& Tower with Radar,9,21,46,20,96,0,9,79,1,89,9,30,125,21,185,157,8,165,350
08/19/2021,DLH,MN,AGL,CE,Combined TRACON& Tower with Radar,8,23,35,9,75,0,3,60,3,66,8,26,95,12,141,92,40,132,273
08/20/2021,DLH,MN,AGL,CE,Combined TRACON& Tower with Radar,8,18,24,14,64,0,7,47,4,58,8,25,71,18,122,28,78,106,228
08/21/2021,DLH,MN,AGL,CE,Combined TRACON& Tower with Radar,8,11,15,0,34,0,2,20,8,30,8,13,35,8,64,10,0,10,74
08/22/2021,DLH,MN,AGL,CE,Combined TRACON& Tower with Radar,8,13,21,4,46,0,5,52,8,65,8,18,73,12,111,50,0,50,161
08/23/2021,DLH,MN,AGL,CE,Combined TRACON& Tower with Radar,8,21,51,9,89,0,12,61,1,74,8,33,112,10,163,27,10,37,200
08/24/2021,DLH,MN,AGL,CE,Combined TRACON& Tower with Radar,7,13,41,4,65,0,9,32,2,43,7,22,73,6,108,99,0,99,207
08/25/2021,DLH,MN,AGL,CE,Combined TRACON& Tower with Radar,8,16,56,5,85,0,11,67,5,83,8,27,123,10,168,70,16,86,254
08/26/2021,DLH,MN,AGL,CE,Combined TRACON& Tower with Radar,6,13,49,5,73,0,3,22,2,27,6,16,71,7,100,133,2,135,235
08/27/2021,DLH,MN,AGL,CE,Combined TRACON& Tower with Radar,8,12,38,0,58,0,0,0,0,0,8,12,38,0,58,0,0,0,58
08/28/2021,DLH,MN,AGL,CE,Combined TRACON& Tower with Radar,9,10,7,0,26,0,0,0,0,0,9,10,7,0,26,0,0,0,26
08/29/2021,DLH,MN,AGL,CE,Combined TRACON& Tower with Radar,7,10,28,2,47,0,1,34,2,37,7,11,62,4,84,4,0,4,88
08/30/2021,DLH,MN,AGL,CE,Combined TRACON& Tower with Radar,9,12,49,12,82,0,13,71,6,90,9,25,120,18,172,149,10,159,331
08/31/2021,DLH,MN,AGL,CE,Combined TRACON& Tower with Radar,8,14,37,19,78,0,18,80,6,104,8,32,117,25,182,201,34,235,417
09/01/2021,DLH,MN,AGL,CE,Combined TRACON& Tower with Radar,10,22,62,7,101,0,16,70,0,86,10,38,132,7,187,122,0,122,309
09/02/2021,DLH,MN,AGL,CE,Combined TRACON& Tower with Radar,8,19,47,10,84,0,14,66,0,80,8,33,113,10,164,162,0,162,326
09/03/2021,DLH,MN,AGL,CE,Combined TRACON& Tower with Radar,12,15,51,0,78,0,6,4,0,10,12,21,55,0,88,69,0,69,157
09/04/2021,DLH,MN,AGL,CE,Combined TRACON& Tower with Radar,8,17,18,0,43,0,4,32,0,36,8,21,50,0,79,24,0,24,103
09/05/2021,DLH,MN,AGL,CE,Combined TRACON& Tower with Radar,8,9,7,8,32,0,3,48,0,51,8,12,55,8,83,28,6,34,117
09/06/2021,DLH,MN,AGL,CE,Combined TRACON& Tower with Radar,6,11,21,0,38,0,11,46,0,57,6,22,67,0,95,6,0,6,101
09/07/2021,DLH,MN,AGL,CE,Combined TRACON& Tower with Radar,8,16,40,7,71,0,3,42,0,45,8,19,82,7,116,54,0,54,170
09/08/2021,DLH,MN,AGL,CE,Combined TRACON& Tower with Radar,5,17,37,7,66,0,4,25,2,31,5,21,62,9,97,8,0,8,105
09/09/2021,DLH,MN,AGL,CE,Combined TRACON& Tower with Radar,4,21,48,23,96,0,21,48,1,70,4,42,96,24,166,240,44,284,450
09/10/2021,DLH,MN,AGL,CE,Combined TRACON& Tower with Radar,4,21,29,10,64,0,25,79,3,107,4,46,108,13,171,167,20,187,358
09/11/2021,DLH,MN,AGL,CE,Combined TRACON& Tower with Radar,4,20,12,0,36,0,30,56,8,94,4,50,68,8,130,87,6,93,223
09/12/2021,DLH,MN,AGL,CE,Combined TRACON& Tower with Radar,4,22,32,0,58,0,8,42,0,50,4,30,74,0,108,62,0,62,170
09/13/2021,DLH,MN,AGL,CE,Combined TRACON& Tower with Radar,4,21,36,14,75,0,12,50,0,62,4,33,86,14,137,136,4,140,277
09/14/2021,DLH,MN,AGL,CE,Combined TRACON& Tower with Radar,4,23,67,22,116,0,2,37,8,47,4,25,104,30,163,50,8,58,221
09/15/2021,DLH,MN,AGL,CE,Combined TRACON& Tower with Radar,4,18,52,12,86,0,16,86,4,106,4,34,138,16,192,153,24,177,369
09/16/2021,DLH,MN,AGL,CE,Combined TRACON& Tower with Radar,4,22,46,21,93,0,4,54,1,59,4,26,100,22,152,19,30,49,201
09/17/2021,DLH,MN,AGL,CE,Combined TRACON& Tower with Radar,4,16,30,22,72,0,6,54,2,62,4,22,84,24,134,28,32,60,194
09/18/2021,DLH,MN,AGL,CE,Combined TRACON& Tower with Radar,4,17,17,3,41,0,10,53,3,66,4,27,70,6,107,88,20,108,215
09/19/2021,DLH,MN,AGL,CE,Combined TRACON& Tower with Radar,4,10,23,9,46,0,11,38,1,50,4,21,61,10,96,4,2,6,102
09/20/2021,DLH,MN,AGL,CE,Combined TRACON& Tower with Radar,4,13,17,19,53,0,0,11,1,12,4,13,28,20,65,14,0,14,79
09/21/2021,DLH,MN,AGL,CE,Combined TRACON& Tower with Radar,4,21,49,18,92,0,15,63,1,79,4,36,112,19,171,194,0,194,365
09/22/2021,DLH,MN,AGL,CE,Combined TRACON& Tower with Radar,4,17,49,4,74,0,13,94,1,108,4,30,143,5,182,202,4,206,388
09/23/2021,DLH,MN,AGL,CE,Combined TRACON& Tower with Radar,4,24,52,0,80,0,18,87,1,106,4,42,139,1,186,134,0,134,320
09/24/2021,DLH,MN,AGL,CE,Combined TRACON& Tower with Radar,4,27,34,0,65,0,8,33,0,41,4,35,67,0,106,85,0,85,191
09/25/2021,DLH,MN,AGL,CE,Combined TRACON& Tower with Radar,4,22,11,0,37,0,8,81,0,89,4,30,92,0,126,134,6,140,266
09/26/2021,DLH,MN,AGL,CE,Combined TRACON& Tower with Radar,4,13,22,0,39,0,0,69,0,69,4,13,91,0,108,50,0,50,158
09/27/2021,DLH,MN,AGL,CE,Combined TRACON& Tower with Radar,4,16,36,2,58,0,9,47,0,56,4,25,83,2,114,125,4,129,243
09/28/2021,DLH,MN,AGL,CE,Combined TRACON& Tower with Radar,3,19,48,3,73,0,24,63,0,87,3,43,111,3,160,147,0,147,307
09/29/2021,DLH,MN,AGL,CE,Combined TRACON& Tower with Radar,5,24,52,7,88,0,27,76,0,103,5,51,128,7,191,103,0,103,294
09/30/2021,DLH,MN,AGL,CE,Combined TRACON& Tower with Radar,4,20,44,8,76,0,34,81,0,115,4,54,125,8,191,165,20,185,376
10/01/2021,DLH,MN,AGL,CE,Combined TRACON& Tower with Radar,4,27,37,8,76,0,15,47,1,63,4,42,84,9,139,133,12,145,284
10/02/2021,DLH,MN,AGL,CE,Combined TRACON& Tower with Radar,4,20,10,0,34,0,0,2,0,2,4,20,12,0,36,0,0,0,36
10/03/2021,DLH,MN,AGL,CE,Combined TRACON& Tower with Radar,3,18,22,0,43,0,2,3,0,5,3,20,25,0,48,0,0,0,48
10/04/2021,DLH,MN,AGL,CE,Combined TRACON& Tower with Radar,7,24,55,12,98,0,5,42,0,47,7,29,97,12,145,68,0,68,213
10/05/2021,DLH,MN,AGL,CE,Combined TRACON& Tower with Radar,3,19,40,0,62,0,4,10,0,14,3,23,50,0,76,14,0,14,90
10/06/2021,DLH,MN,AGL,CE,Combined TRACON& Tower with Radar,7,14,47,11,79,0,2,17,0,19,7,16,64,11,98,38,6,44,142
10/07/2021,DLH,MN,AGL,CE,Combined TRACON& Tower with Radar,4,32,45,16,97,0,7,46,0,53,4,39,91,16,150,118,14,132,282
10/08/2021,DLH,MN,AGL,CE,Combined TRACON& Tower with Radar,3,19,11,0,33,0,0,0,0,0,3,19,11,0,33,0,0,0,33
10/09/2021,DLH,MN,AGL,CE,Combined TRACON& Tower with Radar,5,14,19,0,38,0,0,27,0,27,5,14,46,0,65,76,0,76,141
10/10/2021,DLH,MN,AGL,CE,Combined TRACON& Tower with Radar,3,16,36,0,55,0,0,1,0,1,3,16,37,0,56,4,0,4,60
10/11/2021,DLH,MN,AGL,CE,Combined TRACON& Tower with Radar,3,16,70,0,89,0,3,9,0,12,3,19,79,0,101,78,0,78,179
10/12/2021,DLH,MN,AGL,CE,Combined TRACON& Tower with Radar,6,18,83,19,126,0,0,23,0,23,6,18,106,19,149,102,0,102,251
10/13/2021,DLH,MN,AGL,CE,Combined TRACON& Tower with Radar,4,17,28,1,50,0,0,0,0,0,4,17,28,1,50,0,0,0,50
10/14/2021,DLH,MN,AGL,CE,Combined TRACON& Tower with Radar,5,17,44,21,87,0,0,2,0,2,5,17,46,21,89,50,18,68,157
10/15/2021,DLH,MN,AGL,CE,Combined TRACON& Tower with Radar,4,23,56,8,91,0,7,56,0,63,4,30,112,8,154,152,2,154,308
10/16/2021,DLH,MN,AGL,CE,Combined TRACON& Tower with Radar,5,20,19,12,56,0,16,52,4,72,5,36,71,16,128,41,14,55,183
10/17/2021,DLH,MN,AGL,CE,Combined TRACON& Tower with Radar,4,18,31,3,56,0,11,77,3,91,4,29,108,6,147,105,20,125,272
10/18/2021,DLH,MN,AGL,CE,Combined TRACON& Tower with Radar,4,26,39,14,83,0,24,97,1,122,4,50,136,15,205,190,0,190,395
10/19/2021,DLH,MN,AGL,CE,Combined TRACON& Tower with Radar,4,17,24,10,55,0,20,58,0,78,4,37,82,10,133,140,2,142,275
10/20/2021,DLH,MN,AGL,CE,Combined TRACON& Tower with Radar,4,18,44,12,78,0,0,0,0,0,4,18,44,12,78,0,0,0,78
10/21/2021,DLH,MN,AGL,CE,Combined TRACON& Tower with Radar,3,24,47,12,86,0,23,118,2,143,3,47,165,14,229,140,2,142,371
10/22/2021,DLH,MN,AGL,CE,Combined TRACON& Tower with Radar,3,20,26,0,49,0,9,48,0,57,3,29,74,0,106,172,0,172,278
10/23/2021,DLH,MN,AGL,CE,Combined TRACON& Tower with Radar,4,19,17,0,40,0,4,56,0,60,4,23,73,0,100,66,0,66,166
10/24/2021,DLH,MN,AGL,CE,Combined TRACON& Tower with Radar,4,11,24,0,39,0,2,15,0,17,4,13,39,0,56,117,0,117,173
10/25/2021,DLH,MN,AGL,CE,Combined TRACON& Tower with Radar,8,15,27,13,63,0,3,6,0,9,8,18,33,13,72,71,0,71,143
10/26/2021,DLH,MN,AGL,CE,Combined TRACON& Tower with Radar,4,21,34,10,69,0,26,58,0,84,4,47,92,10,153,163,0,163,316
10/27/2021,DLH,MN,AGL,CE,Combined TRACON& Tower with Radar,4,18,36,31,89,0,5,17,0,22,4,23,53,31,111,44,86,130,241
10/28/2021,DLH,MN,AGL,CE,Combined TRACON& Tower with Radar,4,22,71,13,110,0,6,10,0,16,4,28,81,13,126,74,0,74,200
10/29/2021,DLH,MN,AGL,CE,Combined TRACON& Tower with Radar,5,20,63,17,105,0,19,60,1,80,5,39,123,18,185,154,4,158,343
10/30/2021,DLH,MN,AGL,CE,Combined TRACON& Tower with Radar,5,11,16,0,32,0,2,22,0,24,5,13,38,0,56,12,0,12,68
10/31/2021,DLH,MN,AGL,CE,Combined TRACON& Tower with Radar,6,8,16,0,30,0,0,16,0,16,6,8,32,0,46,36,0,36,82
11/01/2021,DLH,MN,AGL,CE,Combined TRACON& Tower with Radar,4,15,35,0,54,0,1,39,0,40,4,16,74,0,94,96,0,96,190
11/02/2021,DLH,MN,AGL,CE,Combined TRACON& Tower with Radar,4,19,33,16,72,0,27,50,0,77,4,46,83,16,149,120,6,126,275
11/03/2021,DLH,MN,AGL,CE,Combined TRACON& Tower with Radar,4,26,45,16,91,0,33,48,5,86,4,59,93,21,177,200,13,213,390
11/04/2021,DLH,MN,AGL,CE,Combined TRACON& Tower with Radar,4,19,64,10,97,0,9,29,4,42,4,28,93,14,139,60,8,68,207
11/05/2021,DLH,MN,AGL,CE,Combined TRACON& Tower with Radar,6,15,40,10,71,0,9,57,0,66,6,24,97,10,137,102,2,104,241
11/06/2021,DLH,MN,AGL,CE,Combined TRACON& Tower with Radar,5,12,21,0,38,0,18,54,1,73,5,30,75,1,111,100,0,100,211
11/07/2021,DLH,MN,AGL,CE,Combined TRACON& Tower with Radar,8,5,12,1,26,0,6,35,0,41,8,11,47,1,67,51,0,51,118
11/08/2021,DLH,MN,AGL,CE,Combined TRACON& Tower with Radar,8,9,29,22,68,0,27,44,4,75,8,36,73,26,143,152,30,182,325
11/09/2021,DLH,MN,AGL,CE,Combined TRACON& Tower with Radar,8,15,43,26,92,0,22,81,23,126,8,37,124,49,218,223,66,289,507
11/10/2021,DLH,MN,AGL,CE,Combined TRACON& Tower with Radar,8,14,47,34,103,0,11,49,14,74,8,25,96,48,177,64,69,133,310
11/11/2021,DLH,MN,AGL,CE,Combined TRACON& Tower with Radar,8,9,10,0,27,0,0,0,0,0,8,9,10,0,27,0,0,0,27
11/12/2021,DLH,MN,AGL,CE,Combined TRACON& Tower with Radar,7,9,20,0,36,0,0,1,0,1,7,9,21,0,37,0,0,0,37
11/13/2021,DLH,MN,AGL,CE,Combined TRACON& Tower with Radar,9,10,21,0,40,0,0,34,0,34,9,10,55,0,74,71,0,71,145
11/14/2021,DLH,MN,AGL,CE,Combined TRACON& Tower with Radar,8,6,16,0,30,0,4,17,0,21,8,10,33,0,51,57,0,57,108
11/15/2021,DLH,MN,AGL,CE,Combined TRACON& Tower with Radar,8,12,35,17,72,0,17,52,0,69,8,29,87,17,141,156,12,168,309
11/16/2021,DLH,MN,AGL,CE,Combined TRACON& Tower with Radar,10,11,52,16,89,0,12,44,0,56,10,23,96,16,145,79,15,94,239
11/17/2021,DLH,MN,AGL,CE,Combined TRACON& Tower with Radar,8,14,40,26,88,0,2,14,0,16,8,16,54,26,104,10,32,42,146
11/18/2021,DLH,MN,AGL,CE,Combined TRACON& Tower with Radar,8,12,39,14,73,0,5,14,0,19,8,17,53,14,92,18,2,20,112
11/19/2021,DLH,MN,AGL,CE,Combined TRACON& Tower with Radar,10,13,40,9,72,0,16,74,1,91,10,29,114,10,163,116,4,120,283
11/20/2021,DLH,MN,AGL,CE,Combined TRACON& Tower with Radar,12,13,21,0,46,0,14,84,0,98,12,27,105,0,144,112,0,112,256
11/21/2021,DLH,MN,AGL,CE,Combined TRACON& Tower with Radar,8,4,6,0,18,0,0,2,0,2,8,4,8,0,20,0,0,0,20
11/22/2021,DLH,MN,AGL,CE,Combined TRACON& Tower with Radar,8,9,31,19,67,0,6,54,3,63,8,15,85,22,130,114,49,163,293
11/23/2021,DLH,MN,AGL,CE,Combined TRACON& Tower with Radar,8,19,46,6,79,0,23,46,0,69,8,42,92,6,148,95,2,97,245
11/24/2021,DLH,MN,AGL,CE,Combined TRACON& Tower with Radar,8,15,32,0,55,0,4,24,0,28,8,19,56,0,83,82,0,82,165
11/25/2021,DLH,MN,AGL,CE,Combined TRACON& Tower with Radar,7,2,2,0,11,0,0,0,0,0,7,2,2,0,11,0,0,0,11
11/26/2021,DLH,MN,AGL,CE,Combined TRACON& Tower with Radar,8,11,7,0,26,0,3,32,0,35,8,14,39,0,61,15,0,15,76
11/27/2021,DLH,MN,AGL,CE,Combined TRACON& Tower with Radar,9,6,6,0,21,0,0,25,0,25,9,6,31,0,46,86,0,86,132
11/28/2021,DLH,MN,AGL,CE,Combined TRACON& Tower with Radar,10,6,23,0,39,0,5,47,0,52,10,11,70,0,91,62,0,62,153
11/29/2021,DLH,MN,AGL,CE,Combined TRACON& Tower with Radar,9,8,24,10,51,0,0,13,0,13,9,8,37,10,64,11,0,11,75
11/30/2021,DLH,MN,AGL,CE,Combined TRACON& Tower with Radar,8,12,36,10,66,0,15,41,0,56,8,27,77,10,122,108,8,116,238
12/01/2021,DLH,MN,AGL,CE,Combined TRACON& Tower with Radar,8,12,19,0,39,0,2,9,0,11,8,14,28,0,50,2,0,2,52
12/02/2021,DLH,MN,AGL,CE,Combined TRACON& Tower with Radar,10,14,46,18,88,0,4,39,0,43,10,18,85,18,131,47,14,61,192
12/03/2021,DLH,MN,AGL,CE,Combined TRACON& Tower with Radar,8,14,31,8,61,0,0,43,0,43,8,14,74,8,104,38,2,40,144
12/04/2021,DLH,MN,AGL,CE,Combined TRACON& Tower with Radar,7,11,23,7,48,0,14,64,3,81,7,25,87,10,129,94,21,115,244
12/05/2021,DLH,MN,AGL,CE,Combined TRACON& Tower with Radar,8,7,4,0,19,0,0,0,0,0,8,7,4,0,19,0,0,0,19
12/06/2021,DLH,MN,AGL,CE,Combined TRACON& Tower with Radar,11,4,13,10,38,0,8,15,2,25,11,12,28,12,63,33,26,59,122
12/07/2021,DLH,MN,AGL,CE,Combined TRACON& Tower with Radar,8,23,37,27,95,0,19,53,3,75,8,42,90,30,170,207,32,239,409
12/08/2021,DLH,MN,AGL,CE,Combined TRACON& Tower with Radar,8,12,38,14,72,0,15,49,3,67,8,27,87,17,139,142,0,142,281
12/09/2021,DLH,MN,AGL,CE,Combined TRACON& Tower with Radar,8,13,38,4,63,0,5,13,0,18,8,18,51,4,81,53,0,53,134
12/10/2021,DLH,MN,AGL,CE,Combined TRACON& Tower with Radar,13,14,40,1,68,0,16,61,0,77,13,30,101,1,145,224,0,224,369
12/11/2021,DLH,MN,AGL,CE,Combined TRACON& Tower with Radar,11,11,29,0,51,0,10,65,0,75,11,21,94,0,126,154,1,155,281
12/12/2021,DLH,MN,AGL,CE,Combined TRACON& Tower with Radar,10,6,24,0,40,0,4,29,0,33,10,10,53,0,73,67,1,68,141
12/13/2021,DLH,MN,AGL,CE,Combined TRACON& Tower with Radar,10,12,48,12,82,0,17,63,0,80,10,29,111,12,162,131,2,133,295
12/14/2021,DLH,MN,AGL,CE,Combined TRACON& Tower with Radar,8,18,39,15,80,0,13,50,9,72,8,31,89,24,152,71,14,85,237
12/15/2021,DLH,MN,AGL,CE,Combined TRACON& Tower with Radar,1,2,0,0,3,0,0,0,0,0,1,2,0,0,3,0,0,0,3
12/16/2021,DLH,MN,AGL,CE,Combined TRACON& Tower with Radar,11,6,7,0,24,0,0,0,0,0,11,6,7,0,24,0,0,0,24
12/17/2021,DLH,MN,AGL,CE,Combined TRACON& Tower with Radar,16,14,49,0,79,0,18,60,0,78,16,32,109,0,157,141,0,141,298
12/18/2021,DLH,MN,AGL,CE,Combined TRACON& Tower with Radar,9,7,29,0,45,0,5,66,0,71,9,12,95,0,116,126,0,126,242
12/19/2021,DLH,MN,AGL,CE,Combined TRACON& Tower with Radar,11,3,19,0,33,0,0,6,0,6,11,3,25,0,39,35,0,35,74
12/20/2021,DLH,MN,AGL,CE,Combined TRACON& Tower with Radar,13,12,43,16,84,0,3,45,0,48,13,15,88,16,132,16,30,46,178
12/21/2021,DLH,MN,AGL,CE,Combined TRACON& Tower with Radar,13,10,13,6,42,0,0,5,0,5,13,10,18,6,47,6,4,10,57
12/22/2021,DLH,MN,AGL,CE,Combined TRACON& Tower with Radar,12,15,52,7,86,0,13,71,0,84,12,28,123,7,170,200,10,210,380
12/23/2021,DLH,MN,AGL,CE,Combined TRACON& Tower with Radar,11,13,39,0,63,0,13,68,0,81,11,26,107,0,144,158,0,158,302
12/24/2021,DLH,MN,AGL,CE,Combined TRACON& Tower with Radar,16,9,8,0,33,0,3,18,0,21,16,12,26,0,54,18,0,18,72
12/25/2021,DLH,MN,AGL,CE,Combined TRACON& Tower with Radar,12,2,2,0,16,0,0,4,0,4,12,2,6,0,20,16,0,16,36
12/26/2021,DLH,MN,AGL,CE,Combined TRACON& Tower with Radar,10,5,11,0,26,0,0,0,0,0,10,5,11,0,26,0,0,0,26
12/27/2021,DLH,MN,AGL,CE,Combined TRACON& Tower with Radar,18,7,14,0,39,0,1,0,0,1,18,8,14,0,40,0,0,0,40
12/28/2021,DLH,MN,AGL,CE,Combined TRACON& Tower with Radar,10,7,25,0,42,0,0,10,0,10,10,7,35,0,52,18,0,18,70
12/29/2021,DLH,MN,AGL,CE,Combined TRACON& Tower with Radar,13,11,59,4,87,0,1,58,0,59,13,12,117,4,146,96,0,96,242
12/30/2021,DLH,MN,AGL,CE,Combined TRACON& Tower with Radar,10,10,31,4,55,0,2,14,0,16,10,12,45,4,71,53,2,55,126
12/31/2021,DLH,MN,AGL,CE,Combined TRACON& Tower with Radar,15,9,31,0,55,0,0,7,0,7,15,9,38,0,62,44,0,44,106
01/01/2022,DLH,MN,AGL,CE,Combined TRACON& Tower with Radar,8,3,8,0,19,0,0,7,0,7,8,3,15,0,26,20,0,20,46
01/02/2022,DLH,MN,AGL,CE,Combined TRACON& Tower with Radar,8,4,15,0,27,0,2,17,0,19,8,6,32,0,46,50,0,50,96
01/03/2022,DLH,MN,AGL,CE,Combined TRACON& Tower with Radar,13,7,5,17,42,0,5,44,0,49,13,12,49,17,91,106,44,150,241
01/04/2022,DLH,MN,AGL,CE,Combined TRACON& Tower with Radar,5,18,26,6,55,0,0,0,0,0,5,18,26,6,55,0,0,0,55
01/05/2022,DLH,MN,AGL,CE,Combined TRACON& Tower with Radar,4,13,9,0,26,0,0,0,0,0,4,13,9,0,26,0,0,0,26
01/06/2022,DLH,MN,AGL,CE,Combined TRACON& Tower with Radar,6,15,26,13,60,0,12,55,11,78,6,27,81,24,138,78,10,88,226
01/07/2022,DLH,MN,AGL,CE,Combined TRACON& Tower with Radar,9,11,38,14,72,0,6,43,0,49,9,17,81,14,121,51,16,67,188
01/08/2022,DLH,MN,AGL,CE,Combined TRACON& Tower with Radar,4,9,5,11,29,0,0,3,0,3,4,9,8,11,32,0,0,0,32
01/09/2022,DLH,MN,AGL,CE,Combined TRACON& Tower with Radar,4,13,15,1,33,0,3,16,0,19,4,16,31,1,52,13,0,13,65
01/10/2022,DLH,MN,AGL,CE,Combined TRACON& Tower with Radar,8,10,24,4,46,0,3,24,4,31,8,13,48,8,77,64,0,64,141
01/11/2022,DLH,MN,AGL,CE,Combined TRACON& Tower with Radar,3,18,25,4,50,0,9,36,0,45,3,27,61,4,95,55,0,55,150
01/12/2022,DLH,MN,AGL,CE,Combined TRACON& Tower with Radar,4,13,16,7,40,0,0,11,0,11,4,13,27,7,51,118,0,118,169
01/13/2022,DLH,MN,AGL,CE,Combined TRACON& Tower with Radar,4,15,27,7,53,0,8,19,0,27,4,23,46,7,80,24,10,34,114
01/14/2022,DLH,MN,AGL,CE,Combined TRACON& Tower with Radar,7,13,22,0,42,0,0,1,0,1,7,13,23,0,43,0,0,0,43
01/15/2022,DLH,MN,AGL,CE,Combined TRACON& Tower with Radar,1,14,43,0,58,0,0,31,0,31,1,14,74,0,89,22,0,22,111
01/16/2022,DLH,MN,AGL,CE,Combined TRACON& Tower with Radar,4,7,9,0,20,0,0,0,0,0,4,7,9,0,20,0,0,0,20
01/17/2022,DLH,MN,AGL,CE,Combined TRACON& Tower with Radar,8,8,17,0,33,0,0,5,0,5,8,8,22,0,38,26,0,26,64
01/18/2022,DLH,MN,AGL,CE,Combined TRACON& Tower with Radar,4,10,12,5,31,0,0,1,0,1,4,10,13,5,32,4,0,4,36
01/19/2022,DLH,MN,AGL,CE,Combined TRACON& Tower with Radar,4,12,20,0,36,0,2,23,0,25,4,14,43,0,61,2,0,2,63
01/20/2022,DLH,MN,AGL,CE,Combined TRACON& Tower with Radar,6,12,25,5,48,0,14,36,0,50,6,26,61,5,98,40,0,40,138
01/21/2022,DLH,MN,AGL,CE,Combined TRACON& Tower with Radar,10,10,27,0,47,0,2,12,0,14,10,12,39,0,61,18,0,18,79
01/22/2022,DLH,MN,AGL,CE,Combined TRACON& Tower with Radar,2,11,9,0,22,0,8,23,2,33,2,19,32,2,55,36,16,52,107
01/23/2022,DLH,MN,AGL,CE,Combined TRACON& Tower with Radar,7,8,12,0,27,0,2,18,0,20,7,10,30,0,47,54,0,54,101
01/24/2022,DLH,MN,AGL,CE,Combined TRACON& Tower with Radar,9,11,25,16,61,0,2,33,1,36,9,13,58,17,97,18,26,44,141
01/25/2022,DLH,MN,AGL,CE,Combined TRACON& Tower with Radar,4,13,20,0,37,0,7,18,0,25,4,20,38,0,62,62,0,62,124
01/26/2022,DLH,MN,AGL,CE,Combined TRACON& Tower with Radar,4,12,38,6,60,0,3,18,0,21,4,15,56,6,81,0,3,3,84
01/27/2022,DLH,MN,AGL,CE,Combined TRACON& Tower with Radar,6,14,40,0,60,0,6,62,0,68,6,20,102,0,128,30,0,30,158
01/28/2022,DLH,MN,AGL,CE,Combined TRACON& Tower with Radar,8,13,36,0,57,0,10,33,0,43,8,23,69,0,100,74,0,74,174
01/29/2022,DLH,MN,AGL,CE,Combined TRACON& Tower with Radar,2,8,8,0,18,0,0,15,0,15,2,8,23,0,33,20,0,20,53
01/30/2022,DLH,MN,AGL,CE,Combined TRACON& Tower with Radar,6,10,24,0,40,0,0,31,0,31,6,10,55,0,71,42,0,42,113
01/31/2022,DLH,MN,AGL,CE,Combined TRACON& Tower with Radar,8,10,41,0,59,0,10,30,0,40,8,20,71,0,99,10,0,10,109
02/01/2022,DLH,MN,AGL,CE,Combined TRACON& Tower with Radar,5,11,13,5,34,0,0,1,2,3,5,11,14,7,37,0,10,10,47
02/02/2022,DLH,MN,AGL,CE,Combined TRACON& Tower with Radar,5,13,31,2,51,0,11,36,0,47,5,24,67,2,98,77,0,77,175
02/03/2022,DLH,MN,AGL,CE,Combined TRACON& Tower with Radar,4,16,41,0,61,0,7,41,0,48,4,23,82,0,109,61,0,61,170
02/04/2022,DLH,MN,AGL,CE,Combined TRACON& Tower with Radar,8,16,36,8,68,0,1,49,0,50,8,17,85,8,118,113,4,117,235
02/05/2022,DLH,MN,AGL,CE,Combined TRACON& Tower with Radar,2,12,2,0,16,0,0,0,0,0,2,12,2,0,16,0,0,0,16
02/06/2022,DLH,MN,AGL,CE,Combined TRACON& Tower with Radar,4,11,16,0,31,0,2,11,0,13,4,13,27,0,44,76,0,76,120
02/07/2022,DLH,MN,AGL,CE,Combined TRACON& Tower with Radar,8,20,30,0,58,0,12,35,0,47,8,32,65,0,105,145,0,145,250
02/08/2022,DLH,MN,AGL,CE,Combined TRACON& Tower with Radar,4,17,40,0,61,0,4,55,0,59,4,21,95,0,120,150,0,150,270
02/09/2022,DLH,MN,AGL,CE,Combined TRACON& Tower with Radar,4,12,16,2,34,0,0,2,0,2,4,12,18,2,36,2,0,2,38
02/10/2022,DLH,MN,AGL,CE,Combined TRACON& Tower with Radar,3,14,39,0,56,0,1,22,0,23,3,15,61,0,79,33,0,33,112
02/11/2022,DLH,MN,AGL,CE,Combined TRACON& Tower with Radar,9,16,17,0,42,0,1,3,0,4,9,17,20,0,46,0,0,0,46
02/12/2022,DLH,MN,AGL,CE,Combined TRACON& Tower with Radar,4,15,19,3,41,0,4,27,0,31,4,19,46,3,72,48,4,52,124
02/13/2022,DLH,MN,AGL,CE,Combined TRACON& Tower with Radar,4,9,11,0,24,0,6,21,0,27,4,15,32,0,51,43,0,43,94
02/14/2022,DLH,MN,AGL,CE,Combined TRACON& Tower with Radar,13,17,42,0,72,0,10,57,0,67,13,27,99,0,139,82,0,82,221
02/15/2022,DLH,MN,AGL,CE,Combined TRACON& Tower with Radar,8,18,26,13,65,0,6,42,0,48,8,24,68,13,113,64,0,64,177
02/16/2022,DLH,MN,AGL,CE,Combined TRACON& Tower with Radar,6,14,40,4,64,0,8,25,0,33,6,22,65,4,97,59,10,69,166
02/17/2022,DLH,MN,AGL,CE,Combined TRACON& Tower with Radar,5,18,57,20,100,0,14,62,4,80,5,32,119,24,180,89,22,111,291
02/18/2022,DLH,MN,AGL,CE,Combined TRACON& Tower with Radar,8,18,11,0,37,0,0,5,0,5,8,18,16,0,42,4,0,4,46
02/19/2022,DLH,MN,AGL,CE,Combined TRACON& Tower with Radar,4,13,25,0,42,0,2,34,0,36,4,15,59,0,78,21,0,21,99
02/20/2022,DLH,MN,AGL,CE,Combined TRACON& Tower with Radar,5,9,27,0,41,0,0,11,0,11,5,9,38,0,52,0,0,0,52
02/21/2022,DLH,MN,AGL,CE,Combined TRACON& Tower with Radar,4,6,1,0,11,0,0,0,0,0,4,6,1,0,11,0,0,0,11
02/22/2022,DLH,MN,AGL,CE,Combined TRACON& Tower with Radar,8,7,1,0,16,0,0,0,0,0,8,7,1,0,16,0,0,0,16
02/23/2022,DLH,MN,AGL,CE,Combined TRACON& Tower with Radar,6,30,42,26,104,0,24,73,6,103,6,54,115,32,207,72,34,106,313
02/24/2022,DLH,MN,AGL,CE,Combined TRACON& Tower with Radar,4,16,53,14,87,0,9,70,0,79,4,25,123,14,166,76,16,92,258
02/25/2022,DLH,MN,AGL,CE,Combined TRACON& Tower with Radar,9,22,37,9,77,0,21,69,0,90,9,43,106,9,167,65,0,65,232
02/26/2022,DLH,MN,AGL,CE,Combined TRACON& Tower with Radar,3,12,12,0,27,0,0,38,0,38,3,12,50,0,65,17,15,32,97
02/27/2022,DLH,MN,AGL,CE,Combined TRACON& Tower with Radar,6,13,22,2,43,0,8,36,1,45,6,21,58,3,88,37,0,37,125
02/28/2022,DLH,MN,AGL,CE,Combined TRACON& Tower with Radar,10,16,31,15,72,0,1,11,0,12,10,17,42,15,84,30,0,30,114
03/01/2022,DLH,MN,AGL,CE,Combined TRACON& Tower with Radar,6,12,23,19,60,0,6,40,0,46,6,18,63,19,106,97,4,101,207
03/02/2022,DLH,MN,AGL,CE,Combined TRACON& Tower with Radar,6,12,21,9,48,0,7,7,0,14,6,19,28,9,62,11,4,15,77
03/03/2022,DLH,MN,AGL,CE,Combined TRACON& Tower with Radar,5,21,30,14,70,0,12,66,2,80,5,33,96,16,150,88,6,94,244
03/04/2022,DLH,MN,AGL,CE,Combined TRACON& Tower with Radar,8,20,47,0,75,0,4,50,0,54,8,24,97,0,129,34,0,34,163
03/05/2022,DLH,MN,AGL,CE,Combined TRACON& Tower with Radar,4,10,0,0,14,0,0,0,0,0,4,10,0,0,14,0,0,0,14
03/06/2022,DLH,MN,AGL,CE,Combined TRACON& Tower with Radar,3,11,10,0,24,0,0,6,0,6,3,11,16,0,30,28,0,28,58
03/07/2022,DLH,MN,AGL,CE,Combined TRACON& Tower with Radar,5,19,31,12,67,0,14,57,0,71,5,33,88,12,138,82,10,92,230
03/08/2022,DLH,MN,AGL,CE,Combined TRACON& Tower with Radar,2,15,32,24,73,0,4,35,0,39,2,19,67,24,112,33,38,71,183
03/09/2022,DLH,MN,AGL,CE,Combined TRACON& Tower with Radar,2,22,22,20,66,0,1,31,9,41,2,23,53,29,107,38,56,94,201
03/10/2022,DLH,MN,AGL,CE,Combined TRACON& Tower with Radar,2,25,33,19,79,0,7,56,6,69,2,32,89,25,148,89,23,112,260
03/11/2022,DLH,MN,AGL,CE,Combined TRACON& Tower with Radar,8,15,20,10,53,0,0,7,0,7,8,15,27,10,60,0,6,6,66
03/12/2022,DLH,MN,AGL,CE,Combined TRACON& Tower with Radar,2,15,26,14,57,0,2,50,0,52,2,17,76,14,109,78,6,84,193
03/13/2022,DLH,MN,AGL,CE,Combined TRACON& Tower with Radar,2,16,19,7,44,0,3,28,0,31,2,19,47,7,75,54,0,54,129
03/14/2022,DLH,MN,AGL,CE,Combined TRACON& Tower with Radar,8,16,46,20,90,0,8,58,0,66,8,24,104,20,156,56,10,66,222
03/15/2022,DLH,MN,AGL,CE,Combined TRACON& Tower with Radar,2,18,29,15,64,0,4,39,1,44,2,22,68,16,108,44,2,46,154
03/16/2022,DLH,MN,AGL,CE,Combined TRACON& Tower with Radar,6,16,29,21,72,0,2,36,0,38,6,18,65,21,110,60,4,64,174
03/17/2022,DLH,MN,AGL,CE,Combined TRACON& Tower with Radar,2,21,41,18,82,0,3,31,0,34,2,24,72,18,116,37,4,41,157
03/18/2022,DLH,MN,AGL,CE,Combined TRACON& Tower with Radar,6,21,49,7,83,0,0,13,0,13,6,21,62,7,96,32,0,32,128
03/19/2022,DLH,MN,AGL,CE,Combined TRACON& Tower with Radar,2,17,20,0,39,0,4,59,0,63,2,21,79,0,102,63,0,63,165
03/20/2022,DLH,MN,AGL,CE,Combined TRACON& Tower with Radar,2,18,31,0,51,0,4,43,0,47,2,22,74,0,98,87,0,87,185
03/21/2022,DLH,MN,AGL,CE,Combined TRACON& Tower with Radar,8,19,7,15,49,0,0,3,1,4,8,19,10,16,53,8,4,12,65
03/22/2022,DLH,MN,AGL,CE,Combined TRACON& Tower with Radar,4,12,4,0,20,0,0,0,0,0,4,12,4,0,20,0,0,0,20
03/23/2022,DLH,MN,AGL,CE,Combined TRACON& Tower with Radar,2,21,6,0,29,0,0,1,0,1,2,21,7,0,30,4,0,4,34
03/24/2022,DLH,MN,AGL,CE,Combined TRACON& Tower with Radar,2,18,42,20,82,0,4,75,1,80,2,22,117,21,162,138,32,170,332
03/25/2022,DLH,MN,AGL,CE,Combined TRACON& Tower with Radar,10,16,2,6,34,0,0,0,0,0,10,16,2,6,34,0,4,4,38
03/26/2022,DLH,MN,AGL,CE,Combined TRACON& Tower with Radar,3,14,16,0,33,0,4,23,0,27,3,18,39,0,60,8,0,8,68
03/27/2022,DLH,MN,AGL,CE,Combined TRACON& Tower with Radar,6,21,31,0,58,0,7,56,0,63,6,28,87,0,121,55,0,55,176
03/28/2022,DLH,MN,AGL,CE,Combined TRACON& Tower with Radar,10,11,30,19,70,0,9,54,4,67,10,20,84,23,137,69,22,91,228
03/29/2022,DLH,MN,AGL,CE,Combined TRACON& Tower with Radar,6,13,26,12,57,0,6,33,0,39,6,19,59,12,96,77,18,95,191
03/30/2022,DLH,MN,AGL,CE,Combined TRACON& Tower with Radar,6,13,2,0,21,0,0,0,0,0,6,13,2,0,21,0,0,0,21
03/31/2022,DLH,MN,AGL,CE,Combined TRACON& Tower with Radar,4,15,26,0,45,0,3,15,0,18,4,18,41,0,63,68,0,68,131
04/01/2022,DLH,MN,AGL,CE,Combined TRACON& Tower with Radar,8,14,41,0,63,0,13,71,0,84,8,27,112,0,147,128,0,128,275
04/02/2022,DLH,MN,AGL,CE,Combined TRACON& Tower with Radar,4,12,9,1,26,0,0,20,0,20,4,12,29,1,46,18,0,18,64
04/03/2022,DLH,MN,AGL,CE,Combined TRACON& Tower with Radar,4,12,30,4,50,0,11,48,0,59,4,23,78,4,109,37,0,37,146
04/04/2022,DLH,MN,AGL,CE,Combined TRACON& Tower with Radar,5,13,14,3,35,0,0,6,0,6,5,13,20,3,41,16,0,16,57
04/05/2022,DLH,MN,AGL,CE,Combined TRACON& Tower with Radar,9,15,12,0,36,0,0,3,0,3,9,15,15,0,39,0,0,0,39
04/06/2022,DLH,MN,AGL,CE,Combined TRACON& Tower with Radar,4,14,11,0,29,0,0,0,0,0,4,14,11,0,29,0,0,0,29
04/07/2022,DLH,MN,AGL,CE,Combined TRACON& Tower with Radar,4,18,8,4,34,0,0,0,0,0,4,18,8,4,34,0,0,0,34
04/08/2022,DLH,MN,AGL,CE,Combined TRACON& Tower with Radar,7,14,28,7,56,0,0,40,0,40,7,14,68,7,96,26,0,26,122
04/09/2022,DLH,MN,AGL,CE,Combined TRACON& Tower with Radar,5,11,55,0,71,0,20,125,0,145,5,31,180,0,216,50,0,50,266
04/10/2022,DLH,MN,AGL,CE,Combined TRACON& Tower with Radar,4,13,30,6,53,0,4,51,0,55,4,17,81,6,108,26,4,30,138
04/11/2022,DLH,MN,AGL,CE,Combined TRACON& Tower with Radar,9,17,16,6,48,0,0,25,0,25,9,17,41,6,73,42,4,46,119
04/12/2022,DLH,MN,AGL,CE,Combined TRACON& Tower with Radar,10,12,32,4,58,0,2,23,0,25,10,14,55,4,83,52,6,58,141
04/13/2022,DLH,MN,AGL,CE,Combined TRACON& Tower with Radar,9,12,5,0,26,0,0,0,0,0,9,12,5,0,26,0,0,0,26
04/14/2022,DLH,MN,AGL,CE,Combined TRACON& Tower with Radar,5,11,8,0,24,0,0,0,0,0,5,11,8,0,24,0,0,0,24
04/15/2022,DLH,MN,AGL,CE,Combined TRACON& Tower with Radar,11,22,22,0,55,0,0,20,0,20,11,22,42,0,75,50,0,50,125
04/16/2022,DLH,MN,AGL,CE,Combined TRACON& Tower with Radar,6,12,25,0,43,0,1,42,0,43,6,13,67,0,86,49,0,49,135
04/17/2022,DLH,MN,AGL,CE,Combined TRACON& Tower with Radar,5,10,20,0,35,0,0,16,0,16,5,10,36,0,51,36,0,36,87
04/18/2022,DLH,MN,AGL,CE,Combined TRACON& Tower with Radar,9,10,8,0,27,0,0,0,0,0,9,10,8,0,27,4,0,4,31
04/19/2022,DLH,MN,AGL,CE,Combined TRACON& Tower with Radar,8,16,77,7,108,0,8,76,1,85,8,24,153,8,193,90,10,100,293
04/20/2022,DLH,MN,AGL,CE,Combined TRACON& Tower with Radar,6,14,13,16,49,0,0,18,1,19,6,14,31,17,68,12,2,14,82
04/21/2022,DLH,MN,AGL,CE,Combined TRACON& Tower with Radar,6,21,47,3,77,0,4,44,0,48,6,25,91,3,125,43,4,47,172
04/22/2022,DLH,MN,AGL,CE,Combined TRACON& Tower with Radar,10,17,28,5,60,0,1,11,1,13,10,18,39,6,73,46,2,48,121
04/23/2022,DLH,MN,AGL,CE,Combined TRACON& Tower with Radar,8,6,3,0,17,0,0,0,0,0,8,6,3,0,17,0,0,0,17
04/24/2022,DLH,MN,AGL,CE,Combined TRACON& Tower with Radar,6,11,28,0,45,0,1,15,0,16,6,12,43,0,61,18,0,18,79
04/25/2022,DLH,MN,AGL,CE,Combined TRACON& Tower with Radar,10,11,25,5,51,0,0,14,1,15,10,11,39,6,66,52,5,57,123
04/26/2022,DLH,MN,AGL,CE,Combined TRACON& Tower with Radar,6,13,49,8,76,0,5,54,1,60,6,18,103,9,136,45,0,45,181
04/27/2022,DLH,MN,AGL,CE,Combined TRACON& Tower with Radar,8,15,64,11,98,0,17,52,3,72,8,32,116,14,170,100,14,114,284
04/28/2022,DLH,MN,AGL,CE,Combined TRACON& Tower with Radar,6,13,56,11,86,0,10,81,0,91,6,23,137,11,177,138,6,144,321
04/29/2022,DLH,MN,AGL,CE,Combined TRACON& Tower with Radar,6,12,63,6,87,0,0,23,0,23,6,12,86,6,110,69,0,69,179
04/30/2022,DLH,MN,AGL,CE,Combined TRACON& Tower with Radar,7,8,4,0,19,0,0,0,0,0,7,8,4,0,19,0,0,0,19
05/01/2022,DLH,MN,AGL,CE,Combined TRACON& Tower with Radar,7,12,10,0,29,0,0,0,0,0,7,12,10,0,29,0,0,0,29
05/02/2022,DLH,MN,AGL,CE,Combined TRACON& Tower with Radar,7,13,22,0,42,0,3,29,0,32,7,16,51,0,74,46,0,46,120
05/03/2022,DLH,MN,AGL,CE,Combined TRACON& Tower with Radar,6,21,34,14,75,0,4,73,2,79,6,25,107,16,154,104,22,126,280
05/04/2022,DLH,MN,AGL,CE,Combined TRACON& Tower with Radar,6,17,38,21,82,0,11,71,1,83,6,28,109,22,165,103,26,129,294
05/05/2022,DLH,MN,AGL,CE,Combined TRACON& Tower with Radar,6,16,33,9,64,0,13,81,1,95,6,29,114,10,159,109,10,119,278
05/06/2022,DLH,MN,AGL,CE,Combined TRACON& Tower with Radar,5,18,44,0,67,0,9,49,0,58,5,27,93,0,125,118,0,118,243
05/07/2022,DLH,MN,AGL,CE,Combined TRACON& Tower with Radar,7,8,32,0,47,0,8,70,0,78,7,16,102,0,125,79,0,79,204
05/08/2022,DLH,MN,AGL,CE,Combined TRACON& Tower with Radar,5,9,31,0,45,0,0,13,0,13,5,9,44,0,58,12,0,12,70
05/09/2022,DLH,MN,AGL,CE,Combined TRACON& Tower with Radar,7,12,12,6,37,0,2,5,0,7,7,14,17,6,44,0,0,0,44
05/10/2022,DLH,MN,AGL,CE,Combined TRACON& Tower with Radar,6,16,38,3,63,0,10,55,1,66,6,26,93,4,129,82,8,90,219
05/11/2022,DLH,MN,AGL,CE,Combined TRACON& Tower with Radar,6,16,22,8,52,0,2,24,0,26,6,18,46,8,78,16,12,28,106
05/12/2022,DLH,MN,AGL,CE,Combined TRACON& Tower with Radar,7,14,17,2,40,0,0,0,0,0,7,14,17,2,40,12,0,12,52
05/13/2022,DLH,MN,AGL,CE,Combined TRACON& Tower with Radar,5,16,34,0,55,0,5,57,0,62,5,21,91,0,117,44,0,44,161
05/14/2022,DLH,MN,AGL,CE,Combined TRACON& Tower with Radar,6,11,24,0,41,0,1,76,0,77,6,12,100,0,118,46,2,48,166
05/15/2022,DLH,MN,AGL,CE,Combined TRACON& Tower with Radar,8,14,20,0,42,0,3,40,0,43,8,17,60,0,85,26,0,26,111
05/16/2022,DLH,MN,AGL,CE,Combined TRACON& Tower with Radar,8,17,51,3,79,0,8,54,3,65,8,25,105,6,144,71,10,81,225
05/17/2022,DLH,MN,AGL,CE,Combined TRACON& Tower with Radar,6,20,48,6,80,0,17,55,3,75,6,37,103,9,155,141,26,167,322
05/18/2022,DLH,MN,AGL,CE,Combined TRACON& Tower with Radar,7,14,39,11,71,0,2,30,1,33,7,16,69,12,104,53,12,65,169
05/19/2022,DLH,MN,AGL,CE,Combined TRACON& Tower with Radar,10,15,44,10,79,0,0,20,2,22,10,15,64,12,101,75,16,91,192
05/20/2022,DLH,MN,AGL,CE,Combined TRACON& Tower with Radar,5,14,48,0,67,0,8,62,0,70,5,22,110,0,137,50,0,50,187
05/21/2022,DLH,MN,AGL,CE,Combined TRACON& Tower with Radar,5,10,31,2,48,0,4,38,1,43,5,14,69,3,91,38,0,38,129
05/22/2022,DLH,MN,AGL,CE,Combined TRACON& Tower with Radar,8,11,62,0,81,0,5,69,0,74,8,16,131,0,155,54,0,54,209
05/23/2022,DLH,MN,AGL,CE,Combined TRACON& Tower with Radar,6,18,28,7,59,0,4,41,1,46,6,22,69,8,105,104,4,108,213
05/24/2022,DLH,MN,AGL,CE,Combined TRACON& Tower with Radar,6,14,42,10,72,0,5,77,0,82,6,19,119,10,154,102,4,106,260
05/25/2022,DLH,MN,AGL,CE,Combined TRACON& Tower with Radar,8,13,25,4,50,0,4,7,0,11,8,17,32,4,61,14,0,14,75
05/26/2022,DLH,MN,AGL,CE,Combined TRACON& Tower with Radar,6,19,68,0,93,0,2,30,0,32,6,21,98,0,125,164,0,164,289
05/27/2022,DLH,MN,AGL,CE,Combined TRACON& Tower with Radar,6,19,40,0,65,0,5,71,0,76,6,24,111,0,141,45,0,45,186
05/28/2022,DLH,MN,AGL,CE,Combined TRACON& Tower with Radar,4,14,18,0,36,0,4,1,0,5,4,18,19,0,41,2,0,2,43
05/29/2022,DLH,MN,AGL,CE,Combined TRACON& Tower with Radar,7,6,20,0,33,0,2,10,0,12,7,8,30,0,45,2,0,2,47
05/30/2022,DLH,MN,AGL,CE,Combined TRACON& Tower with Radar,6,11,4,0,21,0,0,0,0,0,6,11,4,0,21,18,0,18,39
05/31/2022,DLH,MN,AGL,CE,Combined TRACON& Tower with Radar,6,18,16,1,41,0,4,0,1,5,6,22,16,2,46,0,0,0,46
06/01/2022,DLH,MN,AGL,CE,Combined TRACON& Tower with Radar,6,18,30,20,74,0,16,65,1,82,6,34,95,21,156,100,18,118,274
06/02/2022,DLH,MN,AGL,CE,Combined TRACON& Tower with Radar,6,13,21,19,59,0,6,28,5,39,6,19,49,24,98,46,24,70,168
06/03/2022,DLH,MN,AGL,CE,Combined TRACON& Tower with Radar,5,27,39,0,71,0,11,49,0,60,5,38,88,0,131,60,0,60,191
06/04/2022,DLH,MN,AGL,CE,Combined TRACON& Tower with Radar,4,19,19,0,42,0,5,58,0,63,4,24,77,0,105,2,2,4,109
06/05/2022,DLH,MN,AGL,CE,Combined TRACON& Tower with Radar,4,10,17,0,31,0,4,81,0,85,4,14,98,0,116,46,0,46,162
06/06/2022,DLH,MN,AGL,CE,Combined TRACON& Tower with Radar,4,21,29,6,60,0,8,49,0,57,4,29,78,6,117,140,4,144,261
06/07/2022,DLH,MN,AGL,CE,Combined TRACON& Tower with Radar,4,21,24,6,55,0,8,74,0,82,4,29,98,6,137,130,8,138,275
06/08/2022,DLH,MN,AGL,CE,Combined TRACON& Tower with Radar,4,25,40,6,75,0,7,51,1,59,4,32,91,7,134,114,2,116,250
06/09/2022,DLH,MN,AGL,CE,Combined TRACON& Tower with Radar,4,20,31,4,59,0,12,56,1,69,4,32,87,5,128,92,4,96,224
06/10/2022,DLH,MN,AGL,CE,Combined TRACON& Tower with Radar,4,16,27,0,47,0,7,67,0,74,4,23,94,0,121,128,0,128,249
06/11/2022,DLH,MN,AGL,CE,Combined TRACON& Tower with Radar,4,17,27,6,54,0,2,14,0,16,4,19,41,6,70,64,6,70,140
06/12/2022,DLH,MN,AGL,CE,Combined TRACON& Tower with Radar,4,12,36,4,56,0,5,35,0,40,4,17,71,4,96,151,28,179,275
06/13/2022,DLH,MN,AGL,CE,Combined TRACON& Tower with Radar,4,22,23,0,49,0,4,3,0,7,4,26,26,0,56,64,0,64,120
06/14/2022,DLH,MN,AGL,CE,Combined TRACON& Tower with Radar,4,28,24,6,62,0,2,7,3,12,4,30,31,9,74,0,0,0,74
06/15/2022,DLH,MN,AGL,CE,Combined TRACON& Tower with Radar,3,18,33,13,67,0,2,54,3,59,3,20,87,16,126,130,40,170,296
06/16/2022,DLH,MN,AGL,CE,Combined TRACON& Tower with Radar,5,19,32,7,63,0,0,21,1,22,5,19,53,8,85,6,5,11,96
06/17/2022,DLH,MN,AGL,CE,Combined TRACON& Tower with Radar,4,19,46,0,69,0,13,109,0,122,4,32,155,0,191,87,0,87,278
06/18/2022,DLH,MN,AGL,CE,Combined TRACON& Tower with Radar,4,15,28,2,49,0,3,50,1,54,4,18,78,3,103,47,0,47,150
06/19/2022,DLH,MN,AGL,CE,Combined TRACON& Tower with Radar,4,12,25,0,41,0,3,76,0,79,4,15,101,0,120,91,0,91,211
06/20/2022,DLH,MN,AGL,CE,Combined TRACON& Tower with Radar,5,13,28,0,46,0,4,61,0,65,5,17,89,0,111,66,0,66,177
06/21/2022,DLH,MN,AGL,CE,Combined TRACON& Tower with Radar,3,22,27,9,61,0,0,40,0,40,3,22,67,9,101,54,2,56,157
06/22/2022,DLH,MN,AGL,CE,Combined TRACON& Tower with Radar,4,25,29,6,64,0,5,61,2,68,4,30,90,8,132,155,6,161,293
06/23/2022,DLH,MN,AGL,CE,Combined TRACON& Tower with Radar,4,21,33,13,71,0,2,55,3,60,4,23,88,16,131,52,10,62,193
06/24/2022,DLH,MN,AGL,CE,Combined TRACON& Tower with Radar,3,18,43,12,76,0,8,57,0,65,3,26,100,12,141,78,8,86,227
06/25/2022,DLH,MN,AGL,CE,Combined TRACON& Tower with Radar,5,10,38,3,56,0,1,39,0,40,5,11,77,3,96,12,0,12,108
06/26/2022,DLH,MN,AGL,CE,Combined TRACON& Tower with Radar,4,12,18,1,35,0,1,12,0,13,4,13,30,1,48,2,0,2,50
06/27/2022,DLH,MN,AGL,CE,Combined TRACON& Tower with Radar,4,20,39,11,74,0,10,78,2,90,4,30,117,13,164,146,13,159,323
06/28/2022,DLH,MN,AGL,CE,Combined TRACON& Tower with Radar,4,26,41,6,77,0,4,81,1,86,4,30,122,7,163,107,14,121,284
06/29/2022,DLH,MN,AGL,CE,Combined TRACON& Tower with Radar,4,17,34,1,56,0,9,86,1,96,4,26,120,2,152,130,0,130,282
06/30/2022,DLH,MN,AGL,CE,Combined TRACON& Tower with Radar,4,21,39,8,72,0,5,42,0,47,4,26,81,8,119,66,0,66,185
07/01/2022,DLH,MN,AGL,CE,Combined TRACON& Tower with Radar,4,20,20,0,44,0,4,54,0,58,4,24,74,0,102,44,0,44,146
07/02/2022,DLH,MN,AGL,CE,Combined TRACON& Tower with Radar,4,12,19,6,41,0,9,68,2,79,4,21,87,8,120,42,0,42,162
07/03/2022,DLH,MN,AGL,CE,Combined TRACON& Tower with Radar,6,12,21,0,39,0,0,47,2,49,6,12,68,2,88,55,0,55,143
07/04/2022,DLH,MN,AGL,CE,Combined TRACON& Tower with Radar,4,10,7,0,21,0,0,0,0,0,4,10,7,0,21,0,0,0,21
07/05/2022,DLH,MN,AGL,CE,Combined TRACON& Tower with Radar,4,23,38,8,73,0,1,12,0,13,4,24,50,8,86,0,0,0,86
07/06/2022,DLH,MN,AGL,CE,Combined TRACON& Tower with Radar,4,19,28,15,66,0,9,44,3,56,4,28,72,18,122,108,24,132,254
07/07/2022,DLH,MN,AGL,CE,Combined TRACON& Tower with Radar,6,20,34,14,74,0,7,71,0,78,6,27,105,14,152,87,8,95,247
07/08/2022,DLH,MN,AGL,CE,Combined TRACON& Tower with Radar,5,14,38,10,67,0,8,65,0,73,5,22,103,10,140,46,2,48,188
07/09/2022,DLH,MN,AGL,CE,Combined TRACON& Tower with Radar,5,17,15,8,45,0,2,67,2,71,5,19,82,10,116,91,0,91,207
07/10/2022,DLH,MN,AGL,CE,Combined TRACON& Tower with Radar,4,15,14,1,34,0,4,28,0,32,4,19,42,1,66,39,0,39,105
07/11/2022,DLH,MN,AGL,CE,Combined TRACON& Tower with Radar,3,17,17,1,38,0,1,24,0,25,3,18,41,1,63,72,0,72,135
07/12/2022,DLH,MN,AGL,CE,Combined TRACON& Tower with Radar,2,17,27,27,73,0,3,33,2,38,2,20,60,29,111,48,30,78,189
07/13/2022,DLH,MN,AGL,CE,Combined TRACON& Tower with Radar,2,27,60,12,101,0,9,74,2,85,2,36,134,14,186,113,16,129,315
07/14/2022,DLH,MN,AGL,CE,Combined TRACON& Tower with Radar,2,25,23,9,59,0,5,52,3,60,2,30,75,12,119,50,20,70,189
07/15/2022,DLH,MN,AGL,CE,Combined TRACON& Tower with Radar,4,21,15,6,46,0,3,57,3,63,4,24,72,9,109,5,0,5,114
07/16/2022,DLH,MN,AGL,CE,Combined TRACON& Tower with Radar,4,10,18,0,32,0,5,107,1,113,4,15,125,1,145,14,0,14,159
07/17/2022,DLH,MN,AGL,CE,Combined TRACON& Tower with Radar,2,13,23,3,41,0,2,73,2,77,2,15,96,5,118,18,0,18,136
07/18/2022,DLH,MN,AGL,CE,Combined TRACON& Tower with Radar,1,22,31,20,74,0,12,55,1,68,1,34,86,21,142,67,30,97,239
07/19/2022,DLH,MN,AGL,CE,Combined TRACON& Tower with Radar,3,15,31,9,58,0,1,26,0,27,3,16,57,9,85,91,4,95,180
07/20/2022,DLH,MN,AGL,CE,Combined TRACON& Tower with Radar,2,17,43,7,69,0,7,24,3,34,2,24,67,10,103,62,4,66,169
07/21/2022,DLH,MN,AGL,CE,Combined TRACON& Tower with Radar,2,21,51,12,86,0,2,59,0,61,2,23,110,12,147,130,6,136,283
07/22/2022,DLH,MN,AGL,CE,Combined TRACON& Tower with Radar,2,33,39,2,76,0,12,69,6,87,2,45,108,8,163,40,0,40,203
07/23/2022,DLH,MN,AGL,CE,Combined TRACON& Tower with Radar,1,12,15,0,28,0,3,44,0,47,1,15,59,0,75,14,0,14,89
07/24/2022,DLH,MN,AGL,CE,Combined TRACON& Tower with Radar,5,10,29,0,44,0,26,66,0,92,5,36,95,0,136,6,0,6,142
07/25/2022,DLH,MN,AGL,CE,Combined TRACON& Tower with Radar,4,14,44,8,70,0,5,53,3,61,4,19,97,11,131,73,24,97,228
07/26/2022,DLH,MN,AGL,CE,Combined TRACON& Tower with Radar,2,19,49,6,76,0,1,30,0,31,2,20,79,6,107,54,4,58,165
07/27/2022,DLH,MN,AGL,CE,Combined TRACON& Tower with Radar,4,14,45,9,72,0,0,54,0,54,4,14,99,9,126,51,0,51,177
07/28/2022,DLH,MN,AGL,CE,Combined TRACON& Tower with Radar,4,21,55,6,86,0,5,45,3,53,4,26,100,9,139,55,12,67,206
07/29/2022,DLH,MN,AGL,CE,Combined TRACON& Tower with Radar,2,27,44,1,74,0,5,64,0,69,2,32,108,1,143,29,0,29,172
07/30/2022,DLH,MN,AGL,CE,Combined TRACON& Tower with Radar,2,16,13,0,31,0,4,65,0,69,2,20,78,0,100,36,0,36,136
07/31/2022,DLH,MN,AGL,CE,Combined TRACON& Tower with Radar,2,9,16,5,32,0,8,41,0,49,2,17,57,5,81,6,0,6,87
08/01/2022,DLH,MN,AGL,CE,Combined TRACON& Tower with Radar,2,16,25,5,48,0,5,50,0,55,2,21,75,5,103,90,0,90,193
08/02/2022,DLH,MN,AGL,CE,Combined TRACON& Tower with Radar,4,12,30,12,58,0,4,41,0,45,4,16,71,12,103,41,4,45,148
08/03/2022,DLH,MN,AGL,CE,Combined TRACON& Tower with Radar,5,21,54,4,84,0,2,55,2,59,5,23,109,6,143,12,0,12,155
08/04/2022,DLH,MN,AGL,CE,Combined TRACON& Tower with Radar,4,16,58,18,96,0,4,90,0,94,4,20,148,18,190,98,0,98,288
08/05/2022,DLH,MN,AGL,CE,Combined TRACON& Tower with Radar,4,17,35,4,60,0,13,72,3,88,4,30,107,7,148,48,8,56,204
08/06/2022,DLH,MN,AGL,CE,Combined TRACON& Tower with Radar,5,15,26,3,49,0,2,47,1,50,5,17,73,4,99,70,6,76,175
08/07/2022,DLH,MN,AGL,CE,Combined TRACON& Tower with Radar,4,22,23,12,61,0,0,37,1,38,4,22,60,13,99,84,12,96,195
08/08/2022,DLH,MN,AGL,CE,Combined TRACON& Tower with Radar,4,15,40,9,68,0,8,70,2,80,4,23,110,11,148,87,4,91,239
08/09/2022,DLH,MN,AGL,CE,Combined TRACON& Tower with Radar,4,19,30,18,71,0,17,91,1,109,4,36,121,19,180,219,30,249,429
08/10/2022,DLH,MN,AGL,CE,Combined TRACON& Tower with Radar,4,20,41,8,73,0,7,72,2,81,4,27,113,10,154,100,10,110,264
08/11/2022,DLH,MN,AGL,CE,Combined TRACON& Tower with Radar,4,22,35,13,74,0,15,91,3,109,4,37,126,16,183,63,10,73,256
08/12/2022,DLH,MN,AGL,CE,Combined TRACON& Tower with Radar,4,23,35,1,63,0,1,10,0,11,4,24,45,1,74,14,0,14,88
08/13/2022,DLH,MN,AGL,CE,Combined TRACON& Tower with Radar,4,19,51,0,74,0,2,16,0,18,4,21,67,0,92,28,0,28,120
08/14/2022,DLH,MN,AGL,CE,Combined TRACON& Tower with Radar,4,11,24,0,39,0,0,35,0,35,4,11,59,0,74,40,0,40,114
08/15/2022,DLH,MN,AGL,CE,Combined TRACON& Tower with Radar,6,15,38,8,67,0,1,21,0,22,6,16,59,8,89,63,4,67,156
08/16/2022,DLH,MN,AGL,CE,Combined TRACON& Tower with Radar,4,21,53,8,86,0,0,23,0,23,4,21,76,8,109,61,0,61,170
08/17/2022,DLH,MN,AGL,CE,Combined TRACON& Tower with Radar,6,15,61,6,88,0,11,26,0,37,6,26,87,6,125,30,6,36,161
08/18/2022,DLH,MN,AGL,CE,Combined TRACON& Tower with Radar,4,15,48,3,70,0,0,13,1,14,4,15,61,4,84,8,6,14,98
08/19/2022,DLH,MN,AGL,CE,Combined TRACON& Tower with Radar,4,18,34,3,59,0,1,20,2,23,4,19,54,5,82,74,6,80,162
08/20/2022,DLH,MN,AGL,CE,Combined TRACON& Tower with Radar,4,20,27,3,54,0,0,26,0,26,4,20,53,3,80,2,0,2,82
08/21/2022,DLH,MN,AGL,CE,Combined TRACON& Tower with Radar,2,13,30,1,46,0,2,57,0,59,2,15,87,1,105,53,0,53,158
08/22/2022,DLH,MN,AGL,CE,Combined TRACON& Tower with Radar,6,14,28,11,59,0,1,77,1,79,6,15,105,12,138,152,18,170,308
08/23/2022,DLH,MN,AGL,CE,Combined TRACON& Tower with Radar,4,15,32,3,54,0,7,116,4,127,4,22,148,7,181,161,0,161,342
08/24/2022,DLH,MN,AGL,CE,Combined TRACON& Tower with Radar,4,14,38,6,62,0,1,4,0,5,4,15,42,6,67,38,0,38,105
08/25/2022,DLH,MN,AGL,CE,Combined TRACON& Tower with Radar,4,21,60,17,102,0,0,88,1,89,4,21,148,18,191,157,6,163,354
08/26/2022,DLH,MN,AGL,CE,Combined TRACON& Tower with Radar,4,18,58,9,89,0,7,91,0,98,4,25,149,9,187,126,0,126,313
08/27/2022,DLH,MN,AGL,CE,Combined TRACON& Tower with Radar,6,12,27,4,49,0,4,30,0,34,6,16,57,4,83,10,0,10,93
08/28/2022,DLH,MN,AGL,CE,Combined TRACON& Tower with Radar,4,10,33,0,47,0,0,24,0,24,4,10,57,0,71,9,0,9,80
08/29/2022,DLH,MN,AGL,CE,Combined TRACON& Tower with Radar,4,15,38,7,64,0,2,45,5,52,4,17,83,12,116,126,29,155,271
08/30/2022,DLH,MN,AGL,CE,Combined TRACON& Tower with Radar,6,19,50,6,81,0,11,68,0,79,6,30,118,6,160,53,4,57,217
08/31/2022,DLH,MN,AGL,CE,Combined TRACON& Tower with Radar,6,17,56,14,93,0,13,129,0,142,6,30,185,14,235,178,12,190,425
09/01/2022,DLH,MN,AGL,CE,Combined TRACON& Tower with Radar,4,22,54,12,92,0,4,79,10,93,4,26,133,22,185,191,38,229,414
09/02/2022,DLH,MN,AGL,CE,Combined TRACON& Tower with Radar,8,12,20,1,41,0,1,44,0,45,8,13,64,1,86,124,0,124,210
09/03/2022,DLH,MN,AGL,CE,Combined TRACON& Tower with Radar,4,8,18,2,32,0,2,65,0,67,4,10,83,2,99,104,0,104,203
09/04/2022,DLH,MN,AGL,CE,Combined TRACON& Tower with Radar,4,9,21,1,35,0,2,65,0,67,4,11,86,1,102,52,0,52,154
09/05/2022,DLH,MN,AGL,CE,Combined TRACON& Tower with Radar,4,9,43,0,56,0,2,43,0,45,4,11,86,0,101,52,0,52,153
09/06/2022,DLH,MN,AGL,CE,Combined TRACON& Tower with Radar,4,21,35,11,71,0,1,39,0,40,4,22,74,11,111,70,8,78,189
09/07/2022,DLH,MN,AGL,CE,Combined TRACON& Tower with Radar,4,18,43,10,75,0,3,82,2,87,4,21,125,12,162,78,15,93,255
09/08/2022,DLH,MN,AGL,CE,Combined TRACON& Tower with Radar,4,20,34,7,65,0,4,26,0,30,4,24,60,7,95,21,0,21,116
09/09/2022,DLH,MN,AGL,CE,Combined TRACON& Tower with Radar,4,18,43,10,75,0,0,11,0,11,4,18,54,10,86,2,6,8,94
09/10/2022,DLH,MN,AGL,CE,Combined TRACON& Tower with Radar,4,18,29,0,51,0,2,70,0,72,4,20,99,0,123,55,0,55,178
09/11/2022,DLH,MN,AGL,CE,Combined TRACON& Tower with Radar,2,18,19,9,48,0,4,70,0,74,2,22,89,9,122,15,11,26,148
09/12/2022,DLH,MN,AGL,CE,Combined TRACON& Tower with Radar,4,18,26,12,60,0,8,80,0,88,4,26,106,12,148,44,10,54,202
09/13/2022,DLH,MN,AGL,CE,Combined TRACON& Tower with Radar,4,20,45,10,79,0,4,67,0,71,4,24,112,10,150,174,10,184,334
09/14/2022,DLH,MN,AGL,CE,Combined TRACON& Tower with Radar,4,18,38,7,67,0,5,37,2,44,4,23,75,9,111,73,0,73,184
09/15/2022,DLH,MN,AGL,CE,Combined TRACON& Tower with Radar,4,23,33,10,70,0,0,25,0,25,4,23,58,10,95,44,22,66,161
09/16/2022,DLH,MN,AGL,CE,Combined TRACON& Tower with Radar,3,14,9,1,27,0,0,0,0,0,3,14,9,1,27,0,0,0,27
09/17/2022,DLH,MN,AGL,CE,Combined TRACON& Tower with Radar,3,9,13,0,25,0,0,6,0,6,3,9,19,0,31,0,0,0,31
09/18/2022,DLH,MN,AGL,CE,Combined TRACON& Tower with Radar,4,13,49,6,72,0,3,21,1,25,4,16,70,7,97,82,22,104,201
09/19/2022,DLH,MN,AGL,CE,Combined TRACON& Tower with Radar,4,20,49,41,114,0,4,80,5,89,4,24,129,46,203,124,34,158,361
09/20/2022,DLH,MN,AGL,CE,Combined TRACON& Tower with Radar,4,16,52,16,88,0,4,85,1,90,4,20,137,17,178,71,0,71,249
09/21/2022,DLH,MN,AGL,CE,Combined TRACON& Tower with Radar,3,15,60,14,92,0,0,83,1,84,3,15,143,15,176,26,14,40,216
09/22/2022,DLH,MN,AGL,CE,Combined TRACON& Tower with Radar,4,14,33,12,63,0,6,90,0,96,4,20,123,12,159,36,0,36,195
09/23/2022,DLH,MN,AGL,CE,Combined TRACON& Tower with Radar,4,19,32,6,61,0,1,26,0,27,4,20,58,6,88,84,0,84,172
09/24/2022,DLH,MN,AGL,CE,Combined TRACON& Tower with Radar,4,13,8,0,25,0,0,0,0,0,4,13,8,0,25,0,0,0,25
09/25/2022,DLH,MN,AGL,CE,Combined TRACON& Tower with Radar,4,12,11,1,28,0,2,14,0,16,4,14,25,1,44,28,0,28,72
09/26/2022,DLH,MN,AGL,CE,Combined TRACON& Tower with Radar,4,15,29,10,58,0,1,51,0,52,4,16,80,10,110,109,10,119,229
09/27/2022,DLH,MN,AGL,CE,Combined TRACON& Tower with Radar,4,18,36,18,76,0,2,62,6,70,4,20,98,24,146,71,26,97,243
09/28/2022,DLH,MN,AGL,CE,Combined TRACON& Tower with Radar,6,19,37,6,68,0,3,73,0,76,6,22,110,6,144,185,0,185,329
09/29/2022,DLH,MN,AGL,CE,Combined TRACON& Tower with Radar,4,18,36,0,58,0,6,69,2,77,4,24,105,2,135,115,0,115,250
09/30/2022,DLH,MN,AGL,CE,Combined TRACON& Tower with Radar,4,16,44,0,64,0,7,69,0,76,4,23,113,0,140,135,0,135,275
10/01/2022,DLH,MN,AGL,CE,Combined TRACON& Tower with Radar,3,11,37,0,51,0,0,19,0,19,3,11,56,0,70,72,0,72,142
10/02/2022,DLH,MN,AGL,CE,Combined TRACON& Tower with Radar,4,11,41,0,56,0,0,17,0,17,4,11,58,0,73,36,0,36,109
10/03/2022,DLH,MN,AGL,CE,Combined TRACON& Tower with Radar,4,17,46,20,87,0,9,69,0,78,4,26,115,20,165,166,14,180,345
10/04/2022,DLH,MN,AGL,CE,Combined TRACON& Tower with Radar,4,22,43,8,77,0,3,70,0,73,4,25,113,8,150,108,0,108,258
10/05/2022,DLH,MN,AGL,CE,Combined TRACON& Tower with Radar,4,17,67,10,98,0,0,77,0,77,4,17,144,10,175,164,14,178,353
10/06/2022,DLH,MN,AGL,CE,Combined TRACON& Tower with Radar,6,12,34,4,56,0,0,30,0,30,6,12,64,4,86,32,2,34,120
10/07/2022,DLH,MN,AGL,CE,Combined TRACON& Tower with Radar,6,12,30,10,58,0,3,75,0,78,6,15,105,10,136,74,20,94,230
10/08/2022,DLH,MN,AGL,CE,Combined TRACON& Tower with Radar,4,13,13,8,38,0,2,69,0,71,4,15,82,8,109,100,6,106,215
10/09/2022,DLH,MN,AGL,CE,Combined TRACON& Tower with Radar,6,10,28,2,46,0,7,61,0,68,6,17,89,2,114,128,0,128,242
10/10/2022,DLH,MN,AGL,CE,Combined TRACON& Tower with Radar,6,17,39,0,62,0,3,65,0,68,6,20,104,0,130,183,0,183,313
10/11/2022,DLH,MN,AGL,CE,Combined TRACON& Tower with Radar,6,16,33,7,62,0,8,24,0,32,6,24,57,7,94,40,0,40,134
10/12/2022,DLH,MN,AGL,CE,Combined TRACON& Tower with Radar,6,12,32,7,57,0,2,56,3,61,6,14,88,10,118,128,18,146,264
10/13/2022,DLH,MN,AGL,CE,Combined TRACON& Tower with Radar,6,17,30,7,60,0,0,19,0,19,6,17,49,7,79,38,0,38,117
10/14/2022,DLH,MN,AGL,CE,Combined TRACON& Tower with Radar,6,13,29,1,49,0,2,34,0,36,6,15,63,1,85,100,0,100,185
10/15/2022,DLH,MN,AGL,CE,Combined TRACON& Tower with Radar,4,13,11,0,28,0,0,1,0,1,4,13,12,0,29,23,0,23,52
10/16/2022,DLH,MN,AGL,CE,Combined TRACON& Tower with Radar,6,6,5,0,17,0,0,2,0,2,6,6,7,0,19,63,0,63,82
10/17/2022,DLH,MN,AGL,CE,Combined TRACON& Tower with Radar,6,13,25,0,44,0,0,26,0,26,6,13,51,0,70,4,0,4,74
10/18/2022,DLH,MN,AGL,CE,Combined TRACON& Tower with Radar,6,10,31,10,57,0,6,70,0,76,6,16,101,10,133,74,4,78,211
10/19/2022,DLH,MN,AGL,CE,Combined TRACON& Tower with Radar,6,18,38,8,70,0,6,63,2,71,6,24,101,10,141,146,2,148,289
10/20/2022,DLH,MN,AGL,CE,Combined TRACON& Tower with Radar,6,18,45,11,80,0,15,105,0,120,6,33,150,11,200,188,10,198,398
10/21/2022,DLH,MN,AGL,CE,Combined TRACON& Tower with Radar,6,10,39,7,62,0,5,66,2,73,6,15,105,9,135,117,0,117,252
10/22/2022,DLH,MN,AGL,CE,Combined TRACON& Tower with Radar,4,14,26,0,44,0,14,97,0,111,4,28,123,0,155,188,0,188,343
10/23/2022,DLH,MN,AGL,CE,Combined TRACON& Tower with Radar,6,8,26,0,40,0,7,47,0,54,6,15,73,0,94,128,0,128,222
10/24/2022,DLH,MN,AGL,CE,Combined TRACON& Tower with Radar,6,13,19,4,42,0,0,12,0,12,6,13,31,4,54,32,0,32,86
10/25/2022,DLH,MN,AGL,CE,Combined TRACON& Tower with Radar,6,12,40,10,68,0,3,41,0,44,6,15,81,10,112,226,0,226,338
10/26/2022,DLH,MN,AGL,CE,Combined TRACON& Tower with Radar,6,14,48,13,81,0,9,74,0,83,6,23,122,13,164,271,0,271,435
10/27/2022,DLH,MN,AGL,CE,Combined TRACON& Tower with Radar,6,11,39,32,88,0,10,80,4,94,6,21,119,36,182,201,32,233,415
10/28/2022,DLH,MN,AGL,CE,Combined TRACON& Tower with Radar,6,12,41,20,79,0,6,51,0,57,6,18,92,20,136,122,12,134,270
10/29/2022,DLH,MN,AGL,CE,Combined TRACON& Tower with Radar,4,10,20,0,34,0,9,72,1,82,4,19,92,1,116,132,0,132,248
10/30/2022,DLH,MN,AGL,CE,Combined TRACON& Tower with Radar,7,6,12,8,33,0,10,42,0,52,7,16,54,8,85,281,0,281,366
10/31/2022,DLH,MN,AGL,CE,Combined TRACON& Tower with Radar,7,19,28,17,71,0,11,32,1,44,7,30,60,18,115,289,0,289,404
11/01/2022,DLH,MN,AGL,CE,Combined TRACON& Tower with Radar,8,13,45,21,87,0,14,60,3,77,8,27,105,24,164,284,21,305,469
11/02/2022,DLH,MN,AGL,CE,Combined TRACON& Tower with Radar,8,16,17,10,51,0,4,35,0,39,8,20,52,10,90,123,5,128,218
11/03/2022,DLH,MN,AGL,CE,Combined TRACON& Tower with Radar,6,17,28,18,69,0,3,43,6,52,6,20,71,24,121,106,46,152,273
11/04/2022,DLH,MN,AGL,CE,Combined TRACON& Tower with Radar,6,19,28,0,53,0,2,41,0,43,6,21,69,0,96,116,0,116,212
11/05/2022,DLH,MN,AGL,CE,Combined TRACON& Tower with Radar,4,14,12,0,30,0,2,9,0,11,4,16,21,0,41,73,0,73,114
11/06/2022,DLH,MN,AGL,CE,Combined TRACON& Tower with Radar,6,9,12,0,27,0,2,20,0,22,6,11,32,0,49,19,0,19,68
11/07/2022,DLH,MN,AGL,CE,Combined TRACON& Tower with Radar,6,14,38,19,77,0,8,35,2,45,6,22,73,21,122,186,24,210,332
11/08/2022,DLH,MN,AGL,CE,Combined TRACON& Tower with Radar,6,16,29,12,63,0,4,66,4,74,6,20,95,16,137,48,6,54,191
11/09/2022,DLH,MN,AGL,CE,Combined TRACON& Tower with Radar,6,8,6,0,20,0,0,0,0,0,6,8,6,0,20,0,0,0,20
11/10/2022,DLH,MN,AGL,CE,Combined TRACON& Tower with Radar,7,14,1,4,26,0,0,0,0,0,7,14,1,4,26,0,0,0,26
11/11/2022,DLH,MN,AGL,CE,Combined TRACON& Tower with Radar,6,13,24,0,43,0,0,6,0,6,6,13,30,0,49,22,0,22,71
11/12/2022,DLH,MN,AGL,CE,Combined TRACON& Tower with Radar,6,9,17,0,32,0,0,41,0,41,6,9,58,0,73,128,0,128,201
11/13/2022,DLH,MN,AGL,CE,Combined TRACON& Tower with Radar,8,11,29,0,48,0,16,55,0,71,8,27,84,0,119,166,0,166,285
11/14/2022,DLH,MN,AGL,CE,Combined TRACON& Tower with Radar,6,9,13,4,32,0,0,0,0,0,6,9,13,4,32,0,0,0,32
11/15/2022,DLH,MN,AGL,CE,Combined TRACON& Tower with Radar,7,15,15,0,37,0,0,0,0,0,7,15,15,0,37,0,0,0,37
11/16/2022,DLH,MN,AGL,CE,Combined TRACON& Tower with Radar,6,13,39,6,64,0,0,4,0,4,6,13,43,6,68,58,0,58,126
11/17/2022,DLH,MN,AGL,CE,Combined TRACON& Tower with Radar,5,22,60,11,98,0,0,5,0,5,5,22,65,11,103,62,0,62,165
11/18/2022,DLH,MN,AGL,CE,Combined TRACON& Tower with Radar,7,18,45,10,80,0,2,49,1,52,7,20,94,11,132,185,0,185,317
11/19/2022,DLH,MN,AGL,CE,Combined TRACON& Tower with Radar,6,8,24,0,38,0,18,20,0,38,6,26,44,0,76,10,0,10,86
11/20/2022,DLH,MN,AGL,CE,Combined TRACON& Tower with Radar,6,7,16,0,29,0,18,45,0,63,6,25,61,0,92,212,0,212,304
11/21/2022,DLH,MN,AGL,CE,Combined TRACON& Tower with Radar,6,12,28,27,73,0,2,32,3,37,6,14,60,30,110,177,2,179,289
11/22/2022,DLH,MN,AGL,CE,Combined TRACON& Tower with Radar,8,20,44,15,87,0,5,43,0,48,8,25,87,15,135,140,26,166,301
11/23/2022,DLH,MN,AGL,CE,Combined TRACON& Tower with Radar,6,15,23,18,62,0,2,65,7,74,6,17,88,25,136,140,34,174,310
11/24/2022,DLH,MN,AGL,CE,Combined TRACON& Tower with Radar,4,6,4,0,14,0,3,0,1,4,4,9,4,1,18,8,0,8,26
11/25/2022,DLH,MN,AGL,CE,Combined TRACON& Tower with Radar,6,12,15,0,33,0,0,43,0,43,6,12,58,0,76,50,0,50,126
11/26/2022,DLH,MN,AGL,CE,Combined TRACON& Tower with Radar,6,10,17,0,33,0,8,60,0,68,6,18,77,0,101,80,0,80,181
11/27/2022,DLH,MN,AGL,CE,Combined TRACON& Tower with Radar,6,6,17,0,29,0,1,24,0,25,6,7,41,0,54,160,0,160,214
11/28/2022,DLH,MN,AGL,CE,Combined TRACON& Tower with Radar,6,11,26,7,50,0,3,27,1,31,6,14,53,8,81,42,0,42,123
11/29/2022,DLH,MN,AGL,CE,Combined TRACON& Tower with Radar,4,13,23,0,40,0,0,3,0,3,4,13,26,0,43,0,0,0,43
11/30/2022,DLH,MN,AGL,CE,Combined TRACON& Tower with Radar,7,14,26,10,57,0,2,18,0,20,7,16,44,10,77,16,2,18,95
12/01/2022,DLH,MN,AGL,CE,Combined TRACON& Tower with Radar,7,9,43,11,70,0,5,67,0,72,7,14,110,11,142,144,2,146,288
12/02/2022,DLH,MN,AGL,CE,Combined TRACON& Tower with Radar,5,13,32,9,59,0,2,51,0,53,5,15,83,9,112,161,0,161,273
12/03/2022,DLH,MN,AGL,CE,Combined TRACON& Tower with Radar,7,7,24,12,50,0,6,70,2,78,7,13,94,14,128,157,15,172,300
12/04/2022,DLH,MN,AGL,CE,Combined TRACON& Tower with Radar,7,6,17,9,39,0,10,55,1,66,7,16,72,10,105,87,16,103,208
12/05/2022,DLH,MN,AGL,CE,Combined TRACON& Tower with Radar,7,10,35,12,64,0,5,42,0,47,7,15,77,12,111,103,0,103,214
12/06/2022,DLH,MN,AGL,CE,Combined TRACON& Tower with Radar,6,10,33,10,59,0,1,23,1,25,6,11,56,11,84,54,6,60,144
12/07/2022,DLH,MN,AGL,CE,Combined TRACON& Tower with Radar,6,16,50,12,84,0,9,64,0,73,6,25,114,12,157,130,8,138,295
12/08/2022,DLH,MN,AGL,CE,Combined TRACON& Tower with Radar,5,8,41,24,78,0,15,80,2,97,5,23,121,26,175,162,46,208,383
12/09/2022,DLH,MN,AGL,CE,Combined TRACON& Tower with Radar,11,11,42,4,68,0,4,74,0,78,11,15,116,4,146,100,4,104,250
12/10/2022,DLH,MN,AGL,CE,Combined TRACON& Tower with Radar,6,12,1,0,19,0,0,0,0,0,6,12,1,0,19,0,0,0,19
12/11/2022,DLH,MN,AGL,CE,Combined TRACON& Tower with Radar,6,6,27,0,39,0,0,0,0,0,6,6,27,0,39,0,0,0,39
12/12/2022,DLH,MN,AGL,CE,Combined TRACON& Tower with Radar,6,7,46,16,75,0,2,6,0,8,6,9,52,16,83,32,2,34,117
12/13/2022,DLH,MN,AGL,CE,Combined TRACON& Tower with Radar,5,15,38,8,66,0,0,4,0,4,5,15,42,8,70,50,0,50,120
12/14/2022,DLH,MN,AGL,CE,Combined TRACON& Tower with Radar,2,0,0,0,2,0,0,0,0,0,2,0,0,0,2,0,0,0,2
12/15/2022,DLH,MN,AGL,CE,Combined TRACON& Tower with Radar,3,0,0,0,3,0,0,0,0,0,3,0,0,0,3,0,0,0,3
12/16/2022,DLH,MN,AGL,CE,Combined TRACON& Tower with Radar,12,6,16,0,34,0,0,0,0,0,12,6,16,0,34,3,0,3,37
12/17/2022,DLH,MN,AGL,CE,Combined TRACON& Tower with Radar,11,5,30,0,46,0,0,2,0,2,11,5,32,0,48,0,0,0,48
12/18/2022,DLH,MN,AGL,CE,Combined TRACON& Tower with Radar,10,1,27,0,38,0,8,58,0,66,10,9,85,0,104,111,0,111,215
12/19/2022,DLH,MN,AGL,CE,Combined TRACON& Tower with Radar,14,5,16,4,39,0,6,11,0,17,14,11,27,4,56,73,0,73,129
12/20/2022,DLH,MN,AGL,CE,Combined TRACON& Tower with Radar,10,8,27,7,52,0,10,55,7,72,10,18,82,14,124,178,40,218,342
12/21/2022,DLH,MN,AGL,CE,Combined TRACON& Tower with Radar,10,7,31,2,50,0,0,2,0,2,10,7,33,2,52,4,0,4,56
12/22/2022,DLH,MN,AGL,CE,Combined TRACON& Tower with Radar,10,5,40,5,60,0,0,23,1,24,10,5,63,6,84,2,0,2,86
12/23/2022,DLH,MN,AGL,CE,Combined TRACON& Tower with Radar,14,4,22,0,40,0,0,0,0,0,14,4,22,0,40,0,0,0,40
12/24/2022,DLH,MN,AGL,CE,Combined TRACON& Tower with Radar,9,4,0,0,13,0,0,14,0,14,9,4,14,0,27,2,0,2,29
12/25/2022,DLH,MN,AGL,CE,Combined TRACON& Tower with Radar,8,1,3,0,12,0,2,17,0,19,8,3,20,0,31,0,0,0,31
12/26/2022,DLH,MN,AGL,CE,Combined TRACON& Tower with Radar,13,1,41,4,59,0,4,79,0,83,13,5,120,4,142,18,0,18,160
12/27/2022,DLH,MN,AGL,CE,Combined TRACON& Tower with Radar,11,9,36,6,62,0,2,69,0,71,11,11,105,6,133,50,0,50,183
12/28/2022,DLH,MN,AGL,CE,Combined TRACON& Tower with Radar,10,8,37,0,55,0,2,41,0,43,10,10,78,0,98,141,0,141,239
12/29/2022,DLH,MN,AGL,CE,Combined TRACON& Tower with Radar,9,7,23,10,49,0,2,26,0,28,9,9,49,10,77,84,12,96,173
12/30/2022,DLH,MN,AGL,CE,Combined TRACON& Tower with Radar,15,11,27,0,53,0,1,7,0,8,15,12,34,0,61,11,0,11,72
12/31/2022,DLH,MN,AGL,CE,Combined TRACON& Tower with Radar,8,6,3,0,17,0,3,0,0,3,8,9,3,0,20,0,0,0,20
01/01/2023,DLH,MN,AGL,CE,Combined TRACON& Tower with Radar,10,4,6,0,20,0,0,1,0,1,10,4,7,0,21,0,0,0,21
01/02/2023,DLH,MN,AGL,CE,Combined TRACON& Tower with Radar,14,1,9,2,26,0,0,0,0,0,14,1,9,2,26,0,0,0,26
01/03/2023,DLH,MN,AGL,CE,Combined TRACON& Tower with Radar,6,1,13,0,20,0,0,0,0,0,6,1,13,0,20,0,0,0,20
01/04/2023,DLH,MN,AGL,CE,Combined TRACON& Tower with Radar,8,7,5,0,20,0,0,0,0,0,8,7,5,0,20,0,0,0,20
01/05/2023,DLH,MN,AGL,CE,Combined TRACON& Tower with Radar,6,9,26,12,53,0,4,33,0,37,6,13,59,12,90,298,0,298,388
01/06/2023,DLH,MN,AGL,CE,Combined TRACON& Tower with Radar,10,8,41,12,71,0,10,57,0,67,10,18,98,12,138,136,0,136,274
01/07/2023,DLH,MN,AGL,CE,Combined TRACON& Tower with Radar,9,7,24,0,40,0,4,43,0,47,9,11,67,0,87,56,0,56,143
01/08/2023,DLH,MN,AGL,CE,Combined TRACON& Tower with Radar,8,6,23,8,45,0,24,63,0,87,8,30,86,8,132,111,12,123,255
01/09/2023,DLH,MN,AGL,CE,Combined TRACON& Tower with Radar,15,4,26,12,57,0,2,14,0,16,15,6,40,12,73,38,4,42,115
01/10/2023,DLH,MN,AGL,CE,Combined TRACON& Tower with Radar,7,3,6,0,16,0,0,0,0,0,7,3,6,0,16,0,0,0,16
01/11/2023,DLH,MN,AGL,CE,Combined TRACON& Tower with Radar,7,8,10,0,25,0,0,0,0,0,7,8,10,0,25,0,0,0,25
01/12/2023,DLH,MN,AGL,CE,Combined TRACON& Tower with Radar,9,7,29,5,50,0,0,5,0,5,9,7,34,5,55,36,0,36,91
01/13/2023,DLH,MN,AGL,CE,Combined TRACON& Tower with Radar,10,7,34,0,51,0,0,0,0,0,10,7,34,0,51,0,0,0,51
01/14/2023,DLH,MN,AGL,CE,Combined TRACON& Tower with Radar,6,7,39,0,52,0,10,48,0,58,6,17,87,0,110,140,0,140,250
01/15/2023,DLH,MN,AGL,CE,Combined TRACON& Tower with Radar,6,3,37,0,46,0,8,65,0,73,6,11,102,0,119,188,0,188,307
01/16/2023,DLH,MN,AGL,CE,Combined TRACON& Tower with Radar,9,5,8,0,22,0,0,0,0,0,9,5,8,0,22,0,0,0,22
01/17/2023,DLH,MN,AGL,CE,Combined TRACON& Tower with Radar,9,7,21,4,41,0,2,2,0,4,9,9,23,4,45,2,0,2,47
01/18/2023,DLH,MN,AGL,CE,Combined TRACON& Tower with Radar,8,7,36,26,77,0,0,8,0,8,8,7,44,26,85,60,0,60,145
01/19/2023,DLH,MN,AGL,CE,Combined TRACON& Tower with Radar,8,6,11,13,38,0,0,0,0,0,8,6,11,13,38,0,2,2,40
01/20/2023,DLH,MN,AGL,CE,Combined TRACON& Tower with Radar,9,18,36,20,83,0,0,15,0,15,9,18,51,20,98,52,0,52,150
01/21/2023,DLH,MN,AGL,CE,Combined TRACON& Tower with Radar,7,6,4,0,17,0,0,0,0,0,7,6,4,0,17,0,0,0,17
01/22/2023,DLH,MN,AGL,CE,Combined TRACON& Tower with Radar,7,5,13,0,25,0,0,0,0,0,7,5,13,0,25,0,0,0,25
01/23/2023,DLH,MN,AGL,CE,Combined TRACON& Tower with Radar,11,7,28,10,56,0,0,18,0,18,11,7,46,10,74,56,0,56,130
01/24/2023,DLH,MN,AGL,CE,Combined TRACON& Tower with Radar,8,17,35,16,76,0,9,41,0,50,8,26,76,16,126,204,28,232,358
01/25/2023,DLH,MN,AGL,CE,Combined TRACON& Tower with Radar,8,11,7,2,28,0,0,0,0,0,8,11,7,2,28,0,0,0,28
01/26/2023,DLH,MN,AGL,CE,Combined TRACON& Tower with Radar,8,10,62,15,95,0,10,90,0,100,8,20,152,15,195,228,12,240,435
01/27/2023,DLH,MN,AGL,CE,Combined TRACON& Tower with Radar,10,11,19,0,40,0,0,7,0,7,10,11,26,0,47,1,0,1,48
01/28/2023,DLH,MN,AGL,CE,Combined TRACON& Tower with Radar,6,16,24,0,46,0,17,52,1,70,6,33,76,1,116,136,0,136,252
01/29/2023,DLH,MN,AGL,CE,Combined TRACON& Tower with Radar,9,2,23,0,34,0,11,58,0,69,9,13,81,0,103,172,0,172,275
01/30/2023,DLH,MN,AGL,CE,Combined TRACON& Tower with Radar,10,9,17,14,50,0,15,38,0,53,10,24,55,14,103,204,6,210,313
01/31/2023,DLH,MN,AGL,CE,Combined TRACON& Tower with Radar,9,6,32,19,66,0,5,44,0,49,9,11,76,19,115,217,8,225,340
02/01/2023,DLH,MN,AGL,CE,Combined TRACON& Tower with Radar,8,9,37,17,71,0,10,57,1,68,8,19,94,18,139,161,12,173,312
02/02/2023,DLH,MN,AGL,CE,Combined TRACON& Tower with Radar,10,8,22,20,60,0,1,22,2,25,10,9,44,22,85,20,12,32,117
02/03/2023,DLH,MN,AGL,CE,Combined TRACON& Tower with Radar,12,11,27,12,62,0,6,53,1,60,12,17,80,13,122,187,12,199,321
02/04/2023,DLH,MN,AGL,CE,Combined TRACON& Tower with Radar,6,10,18,16,50,0,5,37,1,43,6,15,55,17,93,144,20,164,257
02/05/2023,DLH,MN,AGL,CE,Combined TRACON& Tower with Radar,8,6,28,16,58,0,15,35,3,53,8,21,63,19,111,78,12,90,201
02/06/2023,DLH,MN,AGL,CE,Combined TRACON& Tower with Radar,12,9,30,30,81,0,0,34,0,34,12,9,64,30,115,64,22,86,201
02/07/2023,DLH,MN,AGL,CE,Combined TRACON& Tower with Radar,8,11,34,2,55,0,6,29,2,37,8,17,63,4,92,106,4,110,202
02/08/2023,DLH,MN,AGL,CE,Combined TRACON& Tower with Radar,7,17,37,18,79,0,8,56,2,66,7,25,93,20,145,136,18,154,299
02/09/2023,DLH,MN,AGL,CE,Combined TRACON& Tower with Radar,9,9,24,0,42,0,2,8,0,10,9,11,32,0,52,14,0,14,66
02/10/2023,DLH,MN,AGL,CE,Combined TRACON& Tower with Radar,12,11,30,0,53,0,11,59,0,70,12,22,89,0,123,140,0,140,263
02/11/2023,DLH,MN,AGL,CE,Combined TRACON& Tower with Radar,6,4,17,0,27,0,13,62,0,75,6,17,79,0,102,38,0,38,140
02/12/2023,DLH,MN,AGL,CE,Combined TRACON& Tower with Radar,6,4,21,0,31,0,15,60,0,75,6,19,81,0,106,80,0,80,186
02/13/2023,DLH,MN,AGL,CE,Combined TRACON& Tower with Radar,10,9,19,26,64,0,7,44,7,58,10,16,63,33,122,72,18,90,212
02/14/2023,DLH,MN,AGL,CE,Combined TRACON& Tower with Radar,6,11,15,25,57,0,2,16,0,18,6,13,31,25,75,16,2,18,93
02/15/2023,DLH,MN,AGL,CE,Combined TRACON& Tower with Radar,8,4,20,13,45,0,3,13,2,18,8,7,33,15,63,16,26,42,105
02/16/2023,DLH,MN,AGL,CE,Combined TRACON& Tower with Radar,7,9,44,11,71,0,5,67,2,74,7,14,111,13,145,123,10,133,278
02/17/2023,DLH,MN,AGL,CE,Combined TRACON& Tower with Radar,13,10,45,0,68,0,15,57,0,72,13,25,102,0,140,141,0,141,281
02/18/2023,DLH,MN,AGL,CE,Combined TRACON& Tower with Radar,8,7,30,0,45,0,12,71,0,83,8,19,101,0,128,244,0,244,372
02/19/2023,DLH,MN,AGL,CE,Combined TRACON& Tower with Radar,8,6,28,0,42,0,3,29,1,33,8,9,57,1,75,80,0,80,155
02/20/2023,DLH,MN,AGL,CE,Combined TRACON& Tower with Radar,12,11,12,0,35,0,0,0,0,0,12,11,12,0,35,0,0,0,35
02/21/2023,DLH,MN,AGL,CE,Combined TRACON& Tower with Radar,8,10,27,5,50,0,4,34,0,38,8,14,61,5,88,162,0,162,250
02/22/2023,DLH,MN,AGL,CE,Combined TRACON& Tower with Radar,6,11,26,10,53,0,4,12,0,16,6,15,38,10,69,50,4,54,123
02/23/2023,DLH,MN,AGL,CE,Combined TRACON& Tower with Radar,7,5,10,0,22,0,0,0,0,0,7,5,10,0,22,0,0,0,22
02/24/2023,DLH,MN,AGL,CE,Combined TRACON& Tower with Radar,12,16,44,2,74,0,10,81,0,91,12,26,125,2,165,160,2,162,327
02/25/2023,DLH,MN,AGL,CE,Combined TRACON& Tower with Radar,9,8,29,0,46,0,9,39,0,48,9,17,68,0,94,172,0,172,266
02/26/2023,DLH,MN,AGL,CE,Combined TRACON& Tower with Radar,8,4,48,0,60,0,14,64,0,78,8,18,112,0,138,166,0,166,304
02/27/2023,DLH,MN,AGL,CE,Combined TRACON& Tower with Radar,12,6,0,2,20,0,0,1,0,1,12,6,1,2,21,0,0,0,21
02/28/2023,DLH,MN,AGL,CE,Combined TRACON& Tower with Radar,8,15,74,4,101,0,12,63,0,75,8,27,137,4,176,222,0,222,398
03/01/2023,DLH,MN,AGL,CE,Combined TRACON& Tower with Radar,7,7,7,0,21,0,0,0,0,0,7,7,7,0,21,0,0,0,21
03/02/2023,DLH,MN,AGL,CE,Combined TRACON& Tower with Radar,9,12,45,9,75,0,10,79,0,89,9,22,124,9,164,166,6,172,336
03/03/2023,DLH,MN,AGL,CE,Combined TRACON& Tower with Radar,12,8,30,2,52,0,0,31,0,31,12,8,61,2,83,58,0,58,141
03/04/2023,DLH,MN,AGL,CE,Combined TRACON& Tower with Radar,8,7,35,1,51,0,8,55,0,63,8,15,90,1,114,116,0,116,230
03/05/2023,DLH,MN,AGL,CE,Combined TRACON& Tower with Radar,7,6,37,0,50,0,2,49,0,51,7,8,86,0,101,138,0,138,239
03/06/2023,DLH,MN,AGL,CE,Combined TRACON& Tower with Radar,13,6,18,2,39,0,4,9,0,13,13,10,27,2,52,0,0,0,52
03/07/2023,DLH,MN,AGL,CE,Combined TRACON& Tower with Radar,8,12,46,17,83,0,4,57,0,61,8,16,103,17,144,115,22,137,281
03/08/2023,DLH,MN,AGL,CE,Combined TRACON& Tower with Radar,8,11,64,28,111,0,2,46,6,54,8,13,110,34,165,166,56,222,387
03/09/2023,DLH,MN,AGL,CE,Combined TRACON& Tower with Radar,8,11,36,10,65,0,4,23,0,27,8,15,59,10,92,68,14,82,174
03/10/2023,DLH,MN,AGL,CE,Combined TRACON& Tower with Radar,12,11,33,2,58,0,0,24,1,25,12,11,57,3,83,162,0,162,245
03/11/2023,DLH,MN,AGL,CE,Combined TRACON& Tower with Radar,7,7,6,0,20,0,0,0,0,0,7,7,6,0,20,0,0,0,20
03/12/2023,DLH,MN,AGL,CE,Combined TRACON& Tower with Radar,6,5,2,0,13,0,0,0,0,0,6,5,2,0,13,0,0,0,13
03/13/2023,DLH,MN,AGL,CE,Combined TRACON& Tower with Radar,13,10,58,7,88,0,6,73,0,79,13,16,131,7,167,160,4,164,331
03/14/2023,DLH,MN,AGL,CE,Combined TRACON& Tower with Radar,10,13,75,11,109,0,4,87,3,94,10,17,162,14,203,110,18,128,331
03/15/2023,DLH,MN,AGL,CE,Combined TRACON& Tower with Radar,12,12,48,4,76,0,4,66,0,70,12,16,114,4,146,223,0,223,369
03/16/2023,DLH,MN,AGL,CE,Combined TRACON& Tower with Radar,9,12,7,0,28,0,0,0,0,0,9,12,7,0,28,0,0,0,28
03/17/2023,DLH,MN,AGL,CE,Combined TRACON& Tower with Radar,14,10,24,7,55,0,2,7,0,9,14,12,31,7,64,0,6,6,70
03/18/2023,DLH,MN,AGL,CE,Combined TRACON& Tower with Radar,9,7,10,0,26,0,8,28,0,36,9,15,38,0,62,2,0,2,64
03/19/2023,DLH,MN,AGL,CE,Combined TRACON& Tower with Radar,8,14,13,0,35,1,8,57,0,66,9,22,70,0,101,130,0,130,231
03/20/2023,DLH,MN,AGL,CE,Combined TRACON& Tower with Radar,15,12,38,10,75,0,12,73,0,85,15,24,111,10,160,193,10,203,363
03/21/2023,DLH,MN,AGL,CE,Combined TRACON& Tower with Radar,8,10,31,5,54,0,6,46,0,52,8,16,77,5,106,30,6,36,142
03/22/2023,DLH,MN,AGL,CE,Combined TRACON& Tower with Radar,8,11,22,0,41,0,1,5,0,6,8,12,27,0,47,68,0,68,115
03/23/2023,DLH,MN,AGL,CE,Combined TRACON& Tower with Radar,8,17,42,14,81,0,8,89,1,98,8,25,131,15,179,187,4,191,370
03/24/2023,DLH,MN,AGL,CE,Combined TRACON& Tower with Radar,12,10,31,2,55,0,10,96,1,107,12,20,127,3,162,216,0,216,378
03/25/2023,DLH,MN,AGL,CE,Combined TRACON& Tower with Radar,8,8,40,0,56,0,6,56,0,62,8,14,96,0,118,162,0,162,280
03/26/2023,DLH,MN,AGL,CE,Combined TRACON& Tower with Radar,7,7,45,0,59,0,3,53,0,56,7,10,98,0,115,59,0,59,174
03/27/2023,DLH,MN,AGL,CE,Combined TRACON& Tower with Radar,12,11,47,7,77,0,3,62,0,65,12,14,109,7,142,110,8,118,260
03/28/2023,DLH,MN,AGL,CE,Combined TRACON& Tower with Radar,6,11,27,13,57,0,0,34,0,34,6,11,61,13,91,66,18,84,175
03/29/2023,DLH,MN,AGL,CE,Combined TRACON& Tower with Radar,6,15,45,19,85,0,4,86,2,92,6,19,131,21,177,230,6,236,413
03/30/2023,DLH,MN,AGL,CE,Combined TRACON& Tower with Radar,6,13,45,12,76,0,3,64,1,68,6,16,109,13,144,100,14,114,258
03/31/2023,DLH,MN,AGL,CE,Combined TRACON& Tower with Radar,9,9,7,2,27,0,0,0,0,0,9,9,7,2,27,0,0,0,27
04/01/2023,DLH,MN,AGL,CE,Combined TRACON& Tower with Radar,4,7,22,1,34,0,16,81,0,97,4,23,103,1,131,52,4,56,187
04/02/2023,DLH,MN,AGL,CE,Combined TRACON& Tower with Radar,5,6,15,0,26,0,0,14,0,14,5,6,29,0,40,18,0,18,58
04/03/2023,DLH,MN,AGL,CE,Combined TRACON& Tower with Radar,9,11,45,12,77,0,0,36,1,37,9,11,81,13,114,148,8,156,270
04/04/2023,DLH,MN,AGL,CE,Combined TRACON& Tower with Radar,4,3,1,0,8,0,0,0,0,0,4,3,1,0,8,0,0,0,8
04/05/2023,DLH,MN,AGL,CE,Combined TRACON& Tower with Radar,7,6,7,7,27,0,0,0,0,0,7,6,7,7,27,0,0,0,27
04/06/2023,DLH,MN,AGL,CE,Combined TRACON& Tower with Radar,6,19,21,1,47,0,0,30,5,35,6,19,51,6,82,14,4,18,100
04/07/2023,DLH,MN,AGL,CE,Combined TRACON& Tower with Radar,10,12,43,5,70,0,13,75,1,89,10,25,118,6,159,170,0,170,329
04/08/2023,DLH,MN,AGL,CE,Combined TRACON& Tower with Radar,6,10,31,0,47,0,6,20,0,26,6,16,51,0,73,42,0,42,115
04/09/2023,DLH,MN,AGL,CE,Combined TRACON& Tower with Radar,6,7,19,0,32,0,3,23,0,26,6,10,42,0,58,69,0,69,127
04/10/2023,DLH,MN,AGL,CE,Combined TRACON& Tower with Radar,10,14,41,5,70,0,2,71,3,76,10,16,112,8,146,170,10,180,326
04/11/2023,DLH,MN,AGL,CE,Combined TRACON& Tower with Radar,6,13,42,15,76,0,5,73,9,87,6,18,115,24,163,114,40,154,317
04/12/2023,DLH,MN,AGL,CE,Combined TRACON& Tower with Radar,6,11,54,9,80,0,10,84,0,94,6,21,138,9,174,94,8,102,276
04/13/2023,DLH,MN,AGL,CE,Combined TRACON& Tower with Radar,6,12,52,6,76,0,3,61,1,65,6,15,113,7,141,36,47,83,224
04/14/2023,DLH,MN,AGL,CE,Combined TRACON& Tower with Radar,10,16,43,0,69,0,10,64,0,74,10,26,107,0,143,146,0,146,289
04/15/2023,DLH,MN,AGL,CE,Combined TRACON& Tower with Radar,6,11,6,0,23,0,0,5,0,5,6,11,11,0,28,0,0,0,28
04/16/2023,DLH,MN,AGL,CE,Combined TRACON& Tower with Radar,7,3,1,0,11,0,0,0,0,0,7,3,1,0,11,0,0,0,11
04/17/2023,DLH,MN,AGL,CE,Combined TRACON& Tower with Radar,12,11,11,4,38,0,0,19,0,19,12,11,30,4,57,11,0,11,68
04/18/2023,DLH,MN,AGL,CE,Combined TRACON& Tower with Radar,7,20,81,22,130,0,18,128,1,147,7,38,209,23,277,148,25,173,450
04/19/2023,DLH,MN,AGL,CE,Combined TRACON& Tower with Radar,5,14,24,7,50,0,0,21,0,21,5,14,45,7,71,0,0,0,71
04/20/2023,DLH,MN,AGL,CE,Combined TRACON& Tower with Radar,4,2,1,0,7,0,0,0,0,0,4,2,1,0,7,0,0,0,7
04/21/2023,DLH,MN,AGL,CE,Combined TRACON& Tower with Radar,9,17,11,8,45,0,0,0,0,0,9,17,11,8,45,0,0,0,45
04/22/2023,DLH,MN,AGL,CE,Combined TRACON& Tower with Radar,6,8,17,15,46,0,0,20,0,20,6,8,37,15,66,19,0,19,85
04/23/2023,DLH,MN,AGL,CE,Combined TRACON& Tower with Radar,6,11,48,7,72,0,15,68,3,86,6,26,116,10,158,138,14,152,310
04/24/2023,DLH,MN,AGL,CE,Combined TRACON& Tower with Radar,8,9,36,10,63,0,5,50,1,56,8,14,86,11,119,189,27,216,335
04/25/2023,DLH,MN,AGL,CE,Combined TRACON& Tower with Radar,6,12,48,3,69,0,11,65,2,78,6,23,113,5,147,88,0,88,235
04/26/2023,DLH,MN,AGL,CE,Combined TRACON& Tower with Radar,6,14,45,10,75,0,6,73,0,79,6,20,118,10,154,114,14,128,282
04/27/2023,DLH,MN,AGL,CE,Combined TRACON& Tower with Radar,10,11,50,14,85,0,0,37,0,37,10,11,87,14,122,82,4,86,208
04/28/2023,DLH,MN,AGL,CE,Combined TRACON& Tower with Radar,6,11,40,0,57,0,0,0,0,0,6,11,40,0,57,2,0,2,59
04/29/2023,DLH,MN,AGL,CE,Combined TRACON& Tower with Radar,6,10,45,0,61,0,3,26,0,29,6,13,71,0,90,35,0,35,125
04/30/2023,DLH,MN,AGL,CE,Combined TRACON& Tower with Radar,8,8,7,0,23,0,1,1,0,2,8,9,8,0,25,0,0,0,25
05/01/2023,DLH,MN,AGL,CE,Combined TRACON& Tower with Radar,6,11,13,0,30,0,4,9,1,14,6,15,22,1,44,2,0,2,46
05/02/2023,DLH,MN,AGL,CE,Combined TRACON& Tower with Radar,6,24,28,0,58,0,4,7,2,13,6,28,35,2,71,20,0,20,91
05/03/2023,DLH,MN,AGL,CE,Combined TRACON& Tower with Radar,6,24,97,9,136,0,7,87,0,94,6,31,184,9,230,175,10,185,415
05/04/2023,DLH,MN,AGL,CE,Combined TRACON& Tower with Radar,7,17,74,10,108,0,10,72,1,83,7,27,146,11,191,103,24,127,318
05/05/2023,DLH,MN,AGL,CE,Combined TRACON& Tower with Radar,7,9,45,5,66,0,5,49,1,55,7,14,94,6,121,106,14,120,241
05/06/2023,DLH,MN,AGL,CE,Combined TRACON& Tower with Radar,6,10,3,2,21,0,0,0,0,0,6,10,3,2,21,0,0,0,21
05/07/2023,DLH,MN,AGL,CE,Combined TRACON& Tower with Radar,8,6,5,0,19,0,0,0,0,0,8,6,5,0,19,0,0,0,19
05/08/2023,DLH,MN,AGL,CE,Combined TRACON& Tower with Radar,6,11,45,0,62,0,0,8,0,8,6,11,53,0,70,31,0,31,101
05/09/2023,DLH,MN,AGL,CE,Combined TRACON& Tower with Radar,6,15,78,21,120,0,5,75,0,80,6,20,153,21,200,172,42,214,414
05/10/2023,DLH,MN,AGL,CE,Combined TRACON& Tower with Radar,6,20,81,6,113,0,0,44,0,44,6,20,125,6,157,166,0,166,323
05/11/2023,DLH,MN,AGL,CE,Combined TRACON& Tower with Radar,6,17,74,5,102,0,2,90,0,92,6,19,164,5,194,143,0,143,337
05/12/2023,DLH,MN,AGL,CE,Combined TRACON& Tower with Radar,6,20,72,4,102,0,3,66,0,69,6,23,138,4,171,154,0,154,325
05/13/2023,DLH,MN,AGL,CE,Combined TRACON& Tower with Radar,10,17,47,0,74,0,17,40,0,57,10,34,87,0,131,8,0,8,139
05/14/2023,DLH,MN,AGL,CE,Combined TRACON& Tower with Radar,6,13,49,0,68,0,7,39,0,46,6,20,88,0,114,16,0,16,130
05/15/2023,DLH,MN,AGL,CE,Combined TRACON& Tower with Radar,5,15,74,22,116,0,5,85,0,90,5,20,159,22,206,80,12,92,298
05/16/2023,DLH,MN,AGL,CE,Combined TRACON& Tower with Radar,7,13,39,9,68,0,5,64,0,69,7,18,103,9,137,92,2,94,231
05/17/2023,DLH,MN,AGL,CE,Combined TRACON& Tower with Radar,6,22,71,5,104,0,4,76,2,82,6,26,147,7,186,208,12,220,406
05/18/2023,DLH,MN,AGL,CE,Combined TRACON& Tower with Radar,6,14,54,10,84,0,2,14,0,16,6,16,68,10,100,38,0,38,138
05/19/2023,DLH,MN,AGL,CE,Combined TRACON& Tower with Radar,8,16,59,15,98,0,0,26,0,26,8,16,85,15,124,20,2,22,146
05/20/2023,DLH,MN,AGL,CE,Combined TRACON& Tower with Radar,6,12,33,13,64,0,16,66,3,85,6,28,99,16,149,46,33,79,228
05/21/2023,DLH,MN,AGL,CE,Combined TRACON& Tower with Radar,6,10,53,12,81,0,2,46,0,48,6,12,99,12,129,58,28,86,215
05/22/2023,DLH,MN,AGL,CE,Combined TRACON& Tower with Radar,6,11,49,6,72,0,8,44,0,52,6,19,93,6,124,136,6,142,266
05/23/2023,DLH,MN,AGL,CE,Combined TRACON& Tower with Radar,6,11,68,8,93,0,2,62,0,64,6,13,130,8,157,134,0,134,291
05/24/2023,DLH,MN,AGL,CE,Combined TRACON& Tower with Radar,6,12,60,11,89,0,4,38,1,43,6,16,98,12,132,34,14,48,180
05/25/2023,DLH,MN,AGL,CE,Combined TRACON& Tower with Radar,6,11,54,21,92,0,9,94,1,104,6,20,148,22,196,225,4,229,425
05/26/2023,DLH,MN,AGL,CE,Combined TRACON& Tower with Radar,6,16,61,3,86,0,5,67,3,75,6,21,128,6,161,125,8,133,294
05/27/2023,DLH,MN,AGL,CE,Combined TRACON& Tower with Radar,6,19,18,0,43,0,14,78,0,92,6,33,96,0,135,12,0,12,147
05/28/2023,DLH,MN,AGL,CE,Combined TRACON& Tower with Radar,4,9,28,0,41,0,1,44,0,45,4,10,72,0,86,86,0,86,172
05/29/2023,DLH,MN,AGL,CE,Combined TRACON& Tower with Radar,6,10,21,6,43,0,2,28,0,30,6,12,49,6,73,26,0,26,99
05/30/2023,DLH,MN,AGL,CE,Combined TRACON& Tower with Radar,6,14,45,13,78,0,0,38,1,39,6,14,83,14,117,74,2,76,193
05/31/2023,DLH,MN,AGL,CE,Combined TRACON& Tower with Radar,5,13,45,12,75,0,2,45,0,47,5,15,90,12,122,140,4,144,266
06/01/2023,DLH,MN,AGL,CE,Combined TRACON& Tower with Radar,7,15,48,11,81,0,5,43,0,48,7,20,91,11,129,76,2,78,207
06/02/2023,DLH,MN,AGL,CE,Combined TRACON& Tower with Radar,6,16,37,18,77,0,6,55,4,65,6,22,92,22,142,78,46,124,266
06/03/2023,DLH,MN,AGL,CE,Combined TRACON& Tower with Radar,6,10,43,0,59,0,13,43,0,56,6,23,86,0,115,62,0,62,177
06/04/2023,DLH,MN,AGL,CE,Combined TRACON& Tower with Radar,5,12,42,0,59,0,4,47,0,51,5,16,89,0,110,72,0,72,182
06/05/2023,DLH,MN,AGL,CE,Combined TRACON& Tower with Radar,7,11,95,15,128,0,1,10,0,11,7,12,105,15,139,60,4,64,203
06/06/2023,DLH,MN,AGL,CE,Combined TRACON& Tower with Radar,6,20,94,23,143,0,5,71,2,78,6,25,165,25,221,96,24,120,341
06/07/2023,DLH,MN,AGL,CE,Combined TRACON& Tower with Radar,6,13,109,20,148,0,7,81,0,88,6,20,190,20,236,68,50,118,354
06/08/2023,DLH,MN,AGL,CE,Combined TRACON& Tower with Radar,6,19,70,15,110,0,23,80,2,105,6,42,150,17,215,58,13,71,286
06/09/2023,DLH,MN,AGL,CE,Combined TRACON& Tower with Radar,6,17,70,3,96,0,3,79,0,82,6,20,149,3,178,104,4,108,286
06/10/2023,DLH,MN,AGL,CE,Combined TRACON& Tower with Radar,6,8,40,0,54,0,0,10,0,10,6,8,50,0,64,2,0,2,66
06/11/2023,DLH,MN,AGL,CE,Combined TRACON& Tower with Radar,6,10,52,0,68,0,4,63,0,67,6,14,115,0,135,54,0,54,189
06/12/2023,DLH,MN,AGL,CE,Combined TRACON& Tower with Radar,6,11,54,13,84,0,0,65,1,66,6,11,119,14,150,76,4,80,230
06/13/2023,DLH,MN,AGL,CE,Combined TRACON& Tower with Radar,6,14,62,12,94,0,5,76,0,81,6,19,138,12,175,68,8,76,251
06/14/2023,DLH,MN,AGL,CE,Combined TRACON& Tower with Radar,6,13,103,14,136,0,3,30,1,34,6,16,133,15,170,106,6,112,282
06/15/2023,DLH,MN,AGL,CE,Combined TRACON& Tower with Radar,6,19,74,9,108,0,8,92,1,101,6,27,166,10,209,104,4,108,317
06/16/2023,DLH,MN,AGL,CE,Combined TRACON& Tower with Radar,6,18,51,7,82,0,4,68,1,73,6,22,119,8,155,99,0,99,254
06/17/2023,DLH,MN,AGL,CE,Combined TRACON& Tower with Radar,6,10,28,3,47,0,10,50,1,61,6,20,78,4,108,10,0,10,118
06/18/2023,DLH,MN,AGL,CE,Combined TRACON& Tower with Radar,5,5,38,0,48,0,0,32,0,32,5,5,70,0,80,28,0,28,108
06/19/2023,DLH,MN,AGL,CE,Combined TRACON& Tower with Radar,7,13,60,0,80,0,2,35,0,37,7,15,95,0,117,46,0,46,163
06/20/2023,DLH,MN,AGL,CE,Combined TRACON& Tower with Radar,6,17,61,11,95,0,14,76,0,90,6,31,137,11,185,106,12,118,303
06/21/2023,DLH,MN,AGL,CE,Combined TRACON& Tower with Radar,6,22,61,10,99,0,16,83,3,102,6,38,144,13,201,151,22,173,374
06/22/2023,DLH,MN,AGL,CE,Combined TRACON& Tower with Radar,6,15,74,9,104,0,8,63,1,72,6,23,137,10,176,117,2,119,295
06/23/2023,DLH,MN,AGL,CE,Combined TRACON& Tower with Radar,6,19,28,11,64,0,4,38,2,44,6,23,66,13,108,40,8,48,156
06/24/2023,DLH,MN,AGL,CE,Combined TRACON& Tower with Radar,8,11,27,4,50,0,0,5,0,5,8,11,32,4,55,2,0,2,57
06/25/2023,DLH,MN,AGL,CE,Combined TRACON& Tower with Radar,7,7,15,1,30,0,0,0,0,0,7,7,15,1,30,0,0,0,30
06/26/2023,DLH,MN,AGL,CE,Combined TRACON& Tower with Radar,7,15,78,3,103,0,4,57,0,61,7,19,135,3,164,98,0,98,262
06/27/2023,DLH,MN,AGL,CE,Combined TRACON& Tower with Radar,6,19,89,13,127,0,4,62,4,70,6,23,151,17,197,32,0,32,229
06/28/2023,DLH,MN,AGL,CE,Combined TRACON& Tower with Radar,6,11,18,1,36,0,0,0,0,0,6,11,18,1,36,0,0,0,36
06/29/2023,DLH,MN,AGL,CE,Combined TRACON& Tower with Radar,8,18,77,16,119,0,12,56,0,68,8,30,133,16,187,20,14,34,221
06/30/2023,DLH,MN,AGL,CE,Combined TRACON& Tower with Radar,7,14,62,9,92,0,6,78,1,85,7,20,140,10,177,62,4,66,243
07/01/2023,DLH,MN,AGL,CE,Combined TRACON& Tower with Radar,7,9,19,0,35,0,3,54,2,59,7,12,73,2,94,10,0,10,104
07/02/2023,DLH,MN,AGL,CE,Combined TRACON& Tower with Radar,6,8,11,2,27,0,7,58,0,65,6,15,69,2,92,22,0,22,114
07/03/2023,DLH,MN,AGL,CE,Combined TRACON& Tower with Radar,6,8,6,0,20,0,0,42,0,42,6,8,48,0,62,24,0,24,86
07/04/2023,DLH,MN,AGL,CE,Combined TRACON& Tower with Radar,8,6,6,0,20,0,4,15,2,21,8,10,21,2,41,18,4,22,63
07/05/2023,DLH,MN,AGL,CE,Combined TRACON& Tower with Radar,6,16,24,12,58,0,7,45,0,52,6,23,69,12,110,14,22,36,146
07/06/2023,DLH,MN,AGL,CE,Combined TRACON& Tower with Radar,5,21,30,4,60,0,11,74,0,85,5,32,104,4,145,76,6,82,227
07/07/2023,DLH,MN,AGL,CE,Combined TRACON& Tower with Radar,6,22,47,13,88,0,8,57,3,68,6,30,104,16,156,80,28,108,264
07/08/2023,DLH,MN,AGL,CE,Combined TRACON& Tower with Radar,6,20,23,4,53,0,8,43,0,51,6,28,66,4,104,52,0,52,156
07/09/2023,DLH,MN,AGL,CE,Combined TRACON& Tower with Radar,7,27,35,0,69,0,8,40,0,48,7,35,75,0,117,15,0,15,132
07/10/2023,DLH,MN,AGL,CE,Combined TRACON& Tower with Radar,9,13,46,9,77,0,7,73,0,80,9,20,119,9,157,80,14,94,251
07/11/2023,DLH,MN,AGL,CE,Combined TRACON& Tower with Radar,8,13,67,16,104,0,7,75,1,83,8,20,142,17,187,40,4,44,231
07/12/2023,DLH,MN,AGL,CE,Combined TRACON& Tower with Radar,8,16,63,30,117,0,9,84,7,100,8,25,147,37,217,107,6,113,330
07/13/2023,DLH,MN,AGL,CE,Combined TRACON& Tower with Radar,8,14,57,8,87,0,4,29,9,42,8,18,86,17,129,5,0,5,134
07/14/2023,DLH,MN,AGL,CE,Combined TRACON& Tower with Radar,8,12,17,19,56,0,1,33,4,38,8,13,50,23,94,4,18,22,116
07/15/2023,DLH,MN,AGL,CE,Combined TRACON& Tower with Radar,8,10,23,2,43,0,6,75,3,84,8,16,98,5,127,84,0,84,211
07/16/2023,DLH,MN,AGL,CE,Combined TRACON& Tower with Radar,8,6,12,4,30,0,5,43,0,48,8,11,55,4,78,92,0,92,170
07/17/2023,DLH,MN,AGL,CE,Combined TRACON& Tower with Radar,10,12,84,28,134,0,6,68,6,80,10,18,152,34,214,50,14,64,278
07/18/2023,DLH,MN,AGL,CE,Combined TRACON& Tower with Radar,8,20,60,16,104,0,7,89,4,100,8,27,149,20,204,170,36,206,410
07/19/2023,DLH,MN,AGL,CE,Combined TRACON& Tower with Radar,7,16,32,12,67,0,1,3,0,4,7,17,35,12,71,12,6,18,89
07/20/2023,DLH,MN,AGL,CE,Combined TRACON& Tower with Radar,8,22,72,16,118,0,4,63,1,68,8,26,135,17,186,76,4,80,266
07/21/2023,DLH,MN,AGL,CE,Combined TRACON& Tower with Radar,11,13,37,4,65,0,10,76,1,87,11,23,113,5,152,84,0,84,236
07/22/2023,DLH,MN,AGL,CE,Combined TRACON& Tower with Radar,10,21,39,1,71,0,3,46,0,49,10,24,85,1,120,58,0,58,178
07/23/2023,DLH,MN,AGL,CE,Combined TRACON& Tower with Radar,8,20,51,4,83,0,4,41,0,45,8,24,92,4,128,4,0,4,132
07/24/2023,DLH,MN,AGL,CE,Combined TRACON& Tower with Radar,11,13,64,16,104,0,4,37,2,43,11,17,101,18,147,20,5,25,172
07/25/2023,DLH,MN,AGL,CE,Combined TRACON& Tower with Radar,9,19,62,17,107,0,7,55,0,62,9,26,117,17,169,85,18,103,272
07/26/2023,DLH,MN,AGL,CE,Combined TRACON& Tower with Radar,11,15,84,13,123,0,3,43,2,48,11,18,127,15,171,70,37,107,278
07/27/2023,DLH,MN,AGL,CE,Combined TRACON& Tower with Radar,9,15,57,15,96,0,30,37,0,67,9,45,94,15,163,22,16,38,201
07/28/2023,DLH,MN,AGL,CE,Combined TRACON& Tower with Radar,9,14,49,10,82,0,9,64,1,74,9,23,113,11,156,105,18,123,279
07/29/2023,DLH,MN,AGL,CE,Combined TRACON& Tower with Radar,9,22,22,0,53,0,6,68,0,74,9,28,90,0,127,14,0,14,141
07/30/2023,DLH,MN,AGL,CE,Combined TRACON& Tower with Radar,8,11,21,2,42,0,2,64,0,66,8,13,85,2,108,16,0,16,124
07/31/2023,DLH,MN,AGL,CE,Combined TRACON& Tower with Radar,10,15,68,8,101,0,18,76,0,94,10,33,144,8,195,70,15,85,280
08/01/2023,DLH,MN,AGL,CE,Combined TRACON& Tower with Radar,11,10,48,7,76,0,14,46,1,61,11,24,94,8,137,88,6,94,231
08/02/2023,DLH,MN,AGL,CE,Combined TRACON& Tower with Radar,12,6,54,16,88,0,9,86,1,96,12,15,140,17,184,103,16,119,303
08/03/2023,DLH,MN,AGL,CE,Combined TRACON& Tower with Radar,9,15,63,11,98,0,5,57,1,63,9,20,120,12,161,146,8,154,315
08/04/2023,DLH,MN,AGL,CE,Combined TRACON& Tower with Radar,12,14,61,8,95,0,8,54,2,64,12,22,115,10,159,60,4,64,223
08/05/2023,DLH,MN,AGL,CE,Combined TRACON& Tower with Radar,12,13,30,2,57,0,12,33,0,45,12,25,63,2,102,24,0,24,126
08/06/2023,DLH,MN,AGL,CE,Combined TRACON& Tower with Radar,14,13,48,7,82,0,7,31,0,38,14,20,79,7,120,40,0,40,160
08/07/2023,DLH,MN,AGL,CE,Combined TRACON& Tower with Radar,12,13,70,4,99,0,12,65,2,79,12,25,135,6,178,114,4,118,296
08/08/2023,DLH,MN,AGL,CE,Combined TRACON& Tower with Radar,13,16,55,29,113,0,2,67,1,70,13,18,122,30,183,82,8,90,273
08/09/2023,DLH,MN,AGL,CE,Combined TRACON& Tower with Radar,17,12,96,18,143,0,10,81,5,96,17,22,177,23,239,104,26,130,369
08/10/2023,DLH,MN,AGL,CE,Combined TRACON& Tower with Radar,17,17,56,7,97,0,12,85,0,97,17,29,141,7,194,74,2,76,270
08/11/2023,DLH,MN,AGL,CE,Combined TRACON& Tower with Radar,14,11,57,10,92,0,0,2,0,2,14,11,59,10,94,12,6,18,112
08/12/2023,DLH,MN,AGL,CE,Combined TRACON& Tower with Radar,12,7,45,0,64,0,10,38,0,48,12,17,83,0,112,14,0,14,126
08/13/2023,DLH,MN,AGL,CE,Combined TRACON& Tower with Radar,12,6,46,12,76,0,16,28,0,44,12,22,74,12,120,51,6,57,177
08/14/2023,DLH,MN,AGL,CE,Combined TRACON& Tower with Radar,18,9,46,19,92,0,8,45,2,55,18,17,91,21,147,96,13,109,256
08/15/2023,DLH,MN,AGL,CE,Combined TRACON& Tower with Radar,12,7,60,3,82,0,21,70,2,93,12,28,130,5,175,62,4,66,241
08/16/2023,DLH,MN,AGL,CE,Combined TRACON& Tower with Radar,14,7,42,6,69,0,5,55,1,61,14,12,97,7,130,12,5,17,147
08/17/2023,DLH,MN,AGL,CE,Combined TRACON& Tower with Radar,12,9,82,16,119,0,9,58,3,70,12,18,140,19,189,35,29,64,253
08/18/2023,DLH,MN,AGL,CE,Combined TRACON& Tower with Radar,15,23,62,12,112,0,12,81,3,96,15,35,143,15,208,74,2,76,284
08/19/2023,DLH,MN,AGL,CE,Combined TRACON& Tower with Radar,14,9,33,0,56,0,14,68,0,82,14,23,101,0,138,109,0,109,247
08/20/2023,DLH,MN,AGL,CE,Combined TRACON& Tower with Radar,12,7,47,0,66,0,6,55,0,61,12,13,102,0,127,73,0,73,200
08/21/2023,DLH,MN,AGL,CE,Combined TRACON& Tower with Radar,12,10,76,19,117,0,2,55,0,57,12,12,131,19,174,102,14,116,290
08/22/2023,DLH,MN,AGL,CE,Combined TRACON& Tower with Radar,12,10,21,3,46,0,0,0,0,0,12,10,21,3,46,0,0,0,46
08/23/2023,DLH,MN,AGL,CE,Combined TRACON& Tower with Radar,12,14,31,11,68,0,0,0,0,0,12,14,31,11,68,0,0,0,68
08/24/2023,DLH,MN,AGL,CE,Combined TRACON& Tower with Radar,14,19,57,26,116,0,5,25,0,30,14,24,82,26,146,92,12,104,250
08/25/2023,DLH,MN,AGL,CE,Combined TRACON& Tower with Radar,12,18,51,4,85,0,4,51,0,55,12,22,102,4,140,112,0,112,252
08/26/2023,DLH,MN,AGL,CE,Combined TRACON& Tower with Radar,10,6,42,0,58,0,1,20,0,21,10,7,62,0,79,61,0,61,140
08/27/2023,DLH,MN,AGL,CE,Combined TRACON& Tower with Radar,14,8,34,0,56,0,6,53,0,59,14,14,87,0,115,125,0,125,240
08/28/2023,DLH,MN,AGL,CE,Combined TRACON& Tower with Radar,12,6,54,11,83,0,9,61,0,70,12,15,115,11,153,125,8,133,286
08/29/2023,DLH,MN,AGL,CE,Combined TRACON& Tower with Radar,18,10,59,5,92,0,4,84,0,88,18,14,143,5,180,150,6,156,336
08/30/2023,DLH,MN,AGL,CE,Combined TRACON& Tower with Radar,12,10,49,19,90,0,4,85,3,92,12,14,134,22,182,84,14,98,280
08/31/2023,DLH,MN,AGL,CE,Combined TRACON& Tower with Radar,12,13,39,5,69,0,17,64,4,85,12,30,103,9,154,92,22,114,268
