01/01/2000,DSM,IA,ACE,CE,Towers with Radar,33,19,26,0,78,27,0,18,0,45,60,19,44,0,123,38,0,38,161
01/02/2000,DSM,IA,ACE,CE,Towers with Radar,64,34,45,1,144,0,4,5,0,9,64,38,50,1,153,12,0,12,165
01/03/2000,DSM,IA,ACE,CE,Towers with Radar,73,57,36,1,167,0,2,0,0,2,73,59,36,1,169,0,0,0,169
01/04/2000,DSM,IA,ACE,CE,Towers with Radar,118,109,74,8,309,0,4,15,0,19,118,113,89,8,328,20,10,30,358
01/05/2000,DSM,IA,ACE,CE,Towers with Radar,117,111,77,11,316,0,2,47,0,49,117,113,124,11,365,26,10,36,401
01/06/2000,DSM,IA,ACE,CE,Towers with Radar,118,107,94,7,326,0,3,55,0,58,118,110,149,7,384,36,16,52,436
01/07/2000,DSM,IA,ACE,CE,Towers with Radar,96,99,101,22,318,0,9,54,0,63,96,108,155,22,381,52,10,62,443
01/08/2000,DSM,IA,ACE,CE,Towers with Radar,87,37,40,12,176,0,1,53,0,54,87,38,93,12,230,24,8,32,262
01/09/2000,DSM,IA,ACE,CE,Towers with Radar,75,22,27,15,139,0,2,2,0,4,75,24,29,15,143,0,6,6,149
01/10/2000,DSM,IA,ACE,CE,Towers with Radar,84,64,76,0,224,0,6,26,0,32,84,70,102,0,256,4,0,4,260
01/11/2000,DSM,IA,ACE,CE,Towers with Radar,113,113,134,10,370,0,9,47,1,57,113,122,181,11,427,44,16,60,487
01/12/2000,DSM,IA,ACE,CE,Towers with Radar,117,114,92,11,334,0,8,49,1,58,117,122,141,12,392,12,8,20,412
01/13/2000,DSM,IA,ACE,CE,Towers with Radar,116,110,100,12,338,0,5,71,0,76,116,115,171,12,414,32,24,56,470
01/14/2000,DSM,IA,ACE,CE,Towers with Radar,101,102,107,0,310,0,1,44,0,45,101,103,151,0,355,14,0,14,369
01/15/2000,DSM,IA,ACE,CE,Towers with Radar,90,38,41,0,169,0,5,62,0,67,90,43,103,0,236,36,0,36,272
01/16/2000,DSM,IA,ACE,CE,Towers with Radar,80,30,41,2,153,0,2,41,0,43,80,32,82,2,196,18,0,18,214
01/17/2000,DSM,IA,ACE,CE,Towers with Radar,74,48,61,3,186,0,2,0,0,2,74,50,61,3,188,0,0,0,188
01/18/2000,DSM,IA,ACE,CE,Towers with Radar,113,85,102,10,310,0,0,54,4,58,113,85,156,14,368,8,12,20,388
01/19/2000,DSM,IA,ACE,CE,Towers with Radar,104,95,82,0,281,0,2,2,0,4,104,97,84,0,285,4,0,4,289
01/20/2000,DSM,IA,ACE,CE,Towers with Radar,126,104,104,15,349,0,2,46,0,48,126,106,150,15,397,20,14,34,431
01/21/2000,DSM,IA,ACE,CE,Towers with Radar,105,107,99,18,329,0,5,37,3,45,105,112,136,21,374,50,28,78,452
01/22/2000,DSM,IA,ACE,CE,Towers with Radar,93,43,42,10,188,0,2,37,0,39,93,45,79,10,227,104,2,106,333
01/23/2000,DSM,IA,ACE,CE,Towers with Radar,87,36,45,8,176,0,1,27,0,28,87,37,72,8,204,4,0,4,208
01/24/2000,DSM,IA,ACE,CE,Towers with Radar,94,72,117,4,287,0,10,48,0,58,94,82,165,4,345,46,0,46,391
01/25/2000,DSM,IA,ACE,CE,Towers with Radar,112,161,141,4,418,0,2,26,0,28,112,163,167,4,446,60,0,60,506
01/26/2000,DSM,IA,ACE,CE,Towers with Radar,115,104,118,21,358,0,3,59,0,62,115,107,177,21,420,24,20,44,464
01/27/2000,DSM,IA,ACE,CE,Towers with Radar,122,115,126,14,377,0,5,62,1,68,122,120,188,15,445,20,40,60,505
01/28/2000,DSM,IA,ACE,CE,Towers with Radar,88,96,107,11,302,0,2,52,0,54,88,98,159,11,356,30,12,42,398
01/29/2000,DSM,IA,ACE,CE,Towers with Radar,82,39,37,5,163,0,3,5,0,8,82,42,42,5,171,6,0,6,177
01/30/2000,DSM,IA,ACE,CE,Towers with Radar,77,21,32,2,132,0,0,26,0,26,77,21,58,2,158,26,0,26,184
01/31/2000,DSM,IA,ACE,CE,Towers with Radar,81,71,69,6,227,0,4,29,0,33,81,75,98,6,260,16,0,16,276
02/01/2000,DSM,IA,ACE,CE,Towers with Radar,118,115,93,8,334,0,4,17,0,21,118,119,110,8,355,20,2,22,377
02/02/2000,DSM,IA,ACE,CE,Towers with Radar,114,111,81,10,316,0,6,53,0,59,114,117,134,10,375,28,2,30,405
02/03/2000,DSM,IA,ACE,CE,Towers with Radar,117,112,97,3,329,0,7,22,0,29,117,119,119,3,358,12,0,12,370
02/04/2000,DSM,IA,ACE,CE,Towers with Radar,92,107,84,4,287,0,3,15,0,18,92,110,99,4,305,0,0,0,305
02/05/2000,DSM,IA,ACE,CE,Towers with Radar,100,32,42,13,187,0,2,79,1,82,100,34,121,14,269,46,16,62,331
02/06/2000,DSM,IA,ACE,CE,Towers with Radar,77,31,34,5,147,0,3,65,0,68,77,34,99,5,215,68,0,68,283
02/07/2000,DSM,IA,ACE,CE,Towers with Radar,80,70,78,2,230,0,4,61,0,65,80,74,139,2,295,28,4,32,327
02/08/2000,DSM,IA,ACE,CE,Towers with Radar,112,109,107,6,334,0,4,39,3,46,112,113,146,9,380,34,6,40,420
02/09/2000,DSM,IA,ACE,CE,Towers with Radar,115,108,103,6,332,0,5,88,0,93,115,113,191,6,425,32,0,32,457
02/10/2000,DSM,IA,ACE,CE,Towers with Radar,113,107,113,13,346,0,4,4,0,8,113,111,117,13,354,2,4,6,360
02/11/2000,DSM,IA,ACE,CE,Towers with Radar,94,109,80,11,294,0,5,34,1,40,94,114,114,12,334,48,16,64,398
02/12/2000,DSM,IA,ACE,CE,Towers with Radar,91,35,36,3,165,0,1,15,0,16,91,36,51,3,181,20,0,20,201
02/13/2000,DSM,IA,ACE,CE,Towers with Radar,76,22,18,0,116,0,6,0,0,6,76,28,18,0,122,0,0,0,122
02/14/2000,DSM,IA,ACE,CE,Towers with Radar,83,64,73,3,223,0,5,31,0,36,83,69,104,3,259,26,0,26,285
02/15/2000,DSM,IA,ACE,CE,Towers with Radar,103,137,88,8,336,0,3,34,0,37,103,140,122,8,373,18,4,22,395
02/16/2000,DSM,IA,ACE,CE,Towers with Radar,120,116,124,14,374,0,6,50,0,56,120,122,174,14,430,22,6,28,458
02/17/2000,DSM,IA,ACE,CE,Towers with Radar,107,109,99,5,320,0,1,26,0,27,107,110,125,5,347,4,2,6,353
02/18/2000,DSM,IA,ACE,CE,Towers with Radar,66,88,38,1,193,0,1,1,0,2,66,89,39,1,195,0,0,0,195
02/19/2000,DSM,IA,ACE,CE,Towers with Radar,65,34,51,1,151,18,0,16,0,34,83,34,67,1,185,0,0,0,185
02/20/2000,DSM,IA,ACE,CE,Towers with Radar,77,33,41,0,151,0,3,74,0,77,77,36,115,0,228,44,0,44,272
02/21/2000,DSM,IA,ACE,CE,Towers with Radar,90,39,96,2,227,0,3,79,0,82,90,42,175,2,309,44,0,44,353
02/22/2000,DSM,IA,ACE,CE,Towers with Radar,114,92,118,15,339,0,2,23,0,25,114,94,141,15,364,26,2,28,392
02/23/2000,DSM,IA,ACE,CE,Towers with Radar,115,103,101,12,331,0,3,22,0,25,115,106,123,12,356,18,8,26,382
02/24/2000,DSM,IA,ACE,CE,Towers with Radar,122,112,136,19,389,0,0,3,0,3,122,112,139,19,392,4,4,8,400
02/25/2000,DSM,IA,ACE,CE,Towers with Radar,98,100,74,5,277,0,1,12,0,13,98,101,86,5,290,10,0,10,300
02/26/2000,DSM,IA,ACE,CE,Towers with Radar,94,35,39,27,195,0,0,13,0,13,94,35,52,27,208,20,34,54,262
02/27/2000,DSM,IA,ACE,CE,Towers with Radar,80,25,47,4,156,0,0,62,1,63,80,25,109,5,219,32,0,32,251
02/28/2000,DSM,IA,ACE,CE,Towers with Radar,83,76,89,0,248,0,5,36,1,42,83,81,125,1,290,14,0,14,304
02/29/2000,DSM,IA,ACE,CE,Towers with Radar,106,107,93,4,310,0,2,22,1,25,106,109,115,5,335,10,2,12,347
03/01/2000,DSM,IA,ACE,CE,Towers with Radar,117,109,102,11,339,3,9,77,0,89,120,118,179,11,428,24,4,28,456
03/02/2000,DSM,IA,ACE,CE,Towers with Radar,119,122,116,10,367,0,3,77,0,80,119,125,193,10,447,64,12,76,523
03/03/2000,DSM,IA,ACE,CE,Towers with Radar,104,101,106,13,324,1,1,63,0,65,105,102,169,13,389,32,24,56,445
03/04/2000,DSM,IA,ACE,CE,Towers with Radar,93,32,30,18,173,3,0,95,0,98,96,32,125,18,271,22,22,44,315
03/05/2000,DSM,IA,ACE,CE,Towers with Radar,84,32,41,4,161,0,1,73,0,74,84,33,114,4,235,52,0,52,287
03/06/2000,DSM,IA,ACE,CE,Towers with Radar,89,70,60,0,219,2,5,65,0,72,91,75,125,0,291,16,0,16,307
03/07/2000,DSM,IA,ACE,CE,Towers with Radar,107,124,92,13,336,0,3,51,0,54,107,127,143,13,390,12,6,18,408
03/08/2000,DSM,IA,ACE,CE,Towers with Radar,118,107,90,10,325,3,3,5,0,11,121,110,95,10,336,6,4,10,346
03/09/2000,DSM,IA,ACE,CE,Towers with Radar,122,112,90,6,330,0,3,15,0,18,122,115,105,6,348,12,0,12,360
03/10/2000,DSM,IA,ACE,CE,Towers with Radar,91,103,78,12,284,2,2,47,1,52,93,105,125,13,336,2,0,2,338
03/11/2000,DSM,IA,ACE,CE,Towers with Radar,89,38,28,3,158,2,1,83,0,86,91,39,111,3,244,94,0,94,338
03/12/2000,DSM,IA,ACE,CE,Towers with Radar,84,26,43,0,153,2,1,21,0,24,86,27,64,0,177,24,0,24,201
03/13/2000,DSM,IA,ACE,CE,Towers with Radar,80,81,79,0,240,1,4,31,0,36,81,85,110,0,276,2,0,2,278
03/14/2000,DSM,IA,ACE,CE,Towers with Radar,116,116,93,5,330,3,1,59,0,63,119,117,152,5,393,12,0,12,405
03/15/2000,DSM,IA,ACE,CE,Towers with Radar,123,104,117,10,354,1,1,5,5,12,124,105,122,15,366,0,0,0,366
03/16/2000,DSM,IA,ACE,CE,Towers with Radar,118,111,120,14,363,3,2,79,0,84,121,113,199,14,447,76,8,84,531
03/17/2000,DSM,IA,ACE,CE,Towers with Radar,98,114,78,10,300,1,2,53,0,56,99,116,131,10,356,14,4,18,374
03/18/2000,DSM,IA,ACE,CE,Towers with Radar,98,33,32,3,166,1,2,0,0,3,99,35,32,3,169,0,0,0,169
03/19/2000,DSM,IA,ACE,CE,Towers with Radar,90,27,28,1,146,1,2,3,0,6,91,29,31,1,152,4,0,4,156
03/20/2000,DSM,IA,ACE,CE,Towers with Radar,87,74,98,4,263,1,2,0,0,3,88,76,98,4,266,2,0,2,268
03/21/2000,DSM,IA,ACE,CE,Towers with Radar,105,105,98,7,315,0,7,27,0,34,105,112,125,7,349,14,0,14,363
03/22/2000,DSM,IA,ACE,CE,Towers with Radar,121,111,103,13,348,1,3,27,1,32,122,114,130,14,380,26,0,26,406
03/23/2000,DSM,IA,ACE,CE,Towers with Radar,114,110,97,9,330,2,5,22,1,30,116,115,119,10,360,12,2,14,374
03/24/2000,DSM,IA,ACE,CE,Towers with Radar,95,112,99,12,318,0,1,32,0,33,95,113,131,12,351,2,10,12,363
03/25/2000,DSM,IA,ACE,CE,Towers with Radar,89,32,34,0,155,2,0,80,0,82,91,32,114,0,237,70,0,70,307
03/26/2000,DSM,IA,ACE,CE,Towers with Radar,90,32,42,2,166,2,0,32,0,34,92,32,74,2,200,10,0,10,210
03/27/2000,DSM,IA,ACE,CE,Towers with Radar,85,70,76,4,235,2,1,31,0,34,87,71,107,4,269,4,0,4,273
03/28/2000,DSM,IA,ACE,CE,Towers with Radar,111,109,100,10,330,1,2,50,0,53,112,111,150,10,383,0,0,0,383
03/29/2000,DSM,IA,ACE,CE,Towers with Radar,106,114,85,6,311,1,12,84,0,97,107,126,169,6,408,50,8,58,466
03/30/2000,DSM,IA,ACE,CE,Towers with Radar,110,109,112,15,346,2,4,92,1,99,112,113,204,16,445,16,4,20,465
03/31/2000,DSM,IA,ACE,CE,Towers with Radar,98,106,73,2,279,0,8,83,0,91,98,114,156,2,370,22,0,22,392
04/01/2000,DSM,IA,ACE,CE,Towers with Radar,93,32,37,2,164,0,4,43,0,47,93,36,80,2,211,66,0,66,277
04/02/2000,DSM,IA,ACE,CE,Towers with Radar,83,24,37,1,145,0,5,43,1,49,83,29,80,2,194,30,0,30,224
04/03/2000,DSM,IA,ACE,CE,Towers with Radar,64,87,73,1,225,0,9,24,0,33,64,96,97,1,258,0,0,0,258
04/04/2000,DSM,IA,ACE,CE,Towers with Radar,90,137,88,6,321,0,12,78,2,92,90,149,166,8,413,2,0,2,415
04/05/2000,DSM,IA,ACE,CE,Towers with Radar,103,118,85,6,312,0,4,51,0,55,103,122,136,6,367,12,0,12,379
04/06/2000,DSM,IA,ACE,CE,Towers with Radar,118,105,120,10,353,0,7,90,1,98,118,112,210,11,451,22,14,36,487
04/07/2000,DSM,IA,ACE,CE,Towers with Radar,93,105,82,13,293,0,4,16,0,20,93,109,98,13,313,12,0,12,325
04/08/2000,DSM,IA,ACE,CE,Towers with Radar,93,41,37,10,181,0,2,55,0,57,93,43,92,10,238,98,0,98,336
04/09/2000,DSM,IA,ACE,CE,Towers with Radar,80,27,51,5,163,0,1,53,1,55,80,28,104,6,218,36,0,36,254
04/10/2000,DSM,IA,ACE,CE,Towers with Radar,91,78,106,4,279,0,3,25,0,28,91,81,131,4,307,18,0,18,325
04/11/2000,DSM,IA,ACE,CE,Towers with Radar,126,104,101,11,342,0,2,14,0,16,126,106,115,11,358,18,2,20,378
04/12/2000,DSM,IA,ACE,CE,Towers with Radar,121,107,98,5,331,0,6,80,0,86,121,113,178,5,417,34,8,42,459
04/13/2000,DSM,IA,ACE,CE,Towers with Radar,117,119,95,4,335,0,3,44,0,47,117,122,139,4,382,8,4,12,394
04/14/2000,DSM,IA,ACE,CE,Towers with Radar,96,107,97,12,312,0,3,50,0,53,96,110,147,12,365,24,10,34,399
04/15/2000,DSM,IA,ACE,CE,Towers with Radar,82,39,46,8,175,0,1,14,0,15,82,40,60,8,190,44,0,44,234
04/16/2000,DSM,IA,ACE,CE,Towers with Radar,81,24,19,0,124,0,1,2,0,3,81,25,21,0,127,0,0,0,127
04/17/2000,DSM,IA,ACE,CE,Towers with Radar,82,82,74,2,240,0,3,16,0,19,82,85,90,2,259,34,0,34,293
04/18/2000,DSM,IA,ACE,CE,Towers with Radar,108,121,97,16,342,0,4,51,2,57,108,125,148,18,399,18,20,38,437
04/19/2000,DSM,IA,ACE,CE,Towers with Radar,102,106,99,9,316,0,2,23,0,25,102,108,122,9,341,14,0,14,355
04/20/2000,DSM,IA,ACE,CE,Towers with Radar,88,108,103,1,300,0,2,8,0,10,88,110,111,1,310,6,0,6,316
04/21/2000,DSM,IA,ACE,CE,Towers with Radar,102,96,91,4,293,0,0,85,0,85,102,96,176,4,378,0,2,2,380
04/22/2000,DSM,IA,ACE,CE,Towers with Radar,91,42,35,2,170,0,1,76,0,77,91,43,111,2,247,82,0,82,329
04/23/2000,DSM,IA,ACE,CE,Towers with Radar,51,27,40,0,118,26,0,28,0,54,77,27,68,0,172,12,0,12,184
04/24/2000,DSM,IA,ACE,CE,Towers with Radar,90,58,104,0,252,0,4,61,0,65,90,62,165,0,317,36,0,36,353
04/25/2000,DSM,IA,ACE,CE,Towers with Radar,117,104,97,12,330,0,8,81,0,89,117,112,178,12,419,66,8,74,493
04/26/2000,DSM,IA,ACE,CE,Towers with Radar,114,106,118,10,348,0,3,84,0,87,114,109,202,10,435,66,6,72,507
04/27/2000,DSM,IA,ACE,CE,Towers with Radar,98,120,113,11,342,0,1,35,1,37,98,121,148,12,379,16,10,26,405
04/28/2000,DSM,IA,ACE,CE,Towers with Radar,95,106,87,7,295,0,3,88,1,92,95,109,175,8,387,38,28,66,453
04/29/2000,DSM,IA,ACE,CE,Towers with Radar,91,42,36,3,172,0,0,62,0,62,91,42,98,3,234,32,0,32,266
04/30/2000,DSM,IA,ACE,CE,Towers with Radar,76,36,52,3,167,0,1,41,0,42,76,37,93,3,209,26,0,26,235
05/01/2000,DSM,IA,ACE,CE,Towers with Radar,78,74,82,0,234,2,2,55,0,59,80,76,137,0,293,16,0,16,309
05/02/2000,DSM,IA,ACE,CE,Towers with Radar,106,111,84,15,316,1,2,77,0,80,107,113,161,15,396,44,4,48,444
05/03/2000,DSM,IA,ACE,CE,Towers with Radar,94,136,85,19,334,1,0,86,0,87,95,136,171,19,421,14,10,24,445
05/04/2000,DSM,IA,ACE,CE,Towers with Radar,94,125,101,14,334,0,6,88,0,94,94,131,189,14,428,26,8,34,462
05/05/2000,DSM,IA,ACE,CE,Towers with Radar,93,105,72,11,281,1,4,54,0,59,94,109,126,11,340,28,20,48,388
05/06/2000,DSM,IA,ACE,CE,Towers with Radar,85,41,37,21,184,1,3,56,0,60,86,44,93,21,244,14,10,24,268
05/07/2000,DSM,IA,ACE,CE,Towers with Radar,61,57,44,1,163,0,1,21,0,22,61,58,65,1,185,34,0,34,219
05/08/2000,DSM,IA,ACE,CE,Towers with Radar,62,92,88,2,244,0,7,24,0,31,62,99,112,2,275,30,0,30,305
05/09/2000,DSM,IA,ACE,CE,Towers with Radar,92,135,106,11,344,1,0,28,0,29,93,135,134,11,373,46,0,46,419
05/10/2000,DSM,IA,ACE,CE,Towers with Radar,108,112,104,16,340,1,1,46,0,48,109,113,150,16,388,10,8,18,406
05/11/2000,DSM,IA,ACE,CE,Towers with Radar,100,118,91,24,333,0,2,18,0,20,100,120,109,24,353,42,2,44,397
05/12/2000,DSM,IA,ACE,CE,Towers with Radar,86,123,91,17,317,0,6,46,0,52,86,129,137,17,369,18,0,18,387
05/13/2000,DSM,IA,ACE,CE,Towers with Radar,68,59,33,0,160,0,4,34,0,38,68,63,67,0,198,34,0,34,232
05/14/2000,DSM,IA,ACE,CE,Towers with Radar,63,50,31,0,144,0,0,56,0,56,63,50,87,0,200,10,0,10,210
05/15/2000,DSM,IA,ACE,CE,Towers with Radar,57,91,92,0,240,0,8,64,0,72,57,99,156,0,312,44,0,44,356
05/16/2000,DSM,IA,ACE,CE,Towers with Radar,102,119,105,12,338,1,2,62,0,65,103,121,167,12,403,12,0,12,415
05/17/2000,DSM,IA,ACE,CE,Towers with Radar,99,135,110,10,354,0,1,24,0,25,99,136,134,10,379,10,0,10,389
05/18/2000,DSM,IA,ACE,CE,Towers with Radar,100,113,83,7,303,0,5,14,0,19,100,118,97,7,322,8,0,8,330
05/19/2000,DSM,IA,ACE,CE,Towers with Radar,97,94,104,27,322,0,0,65,1,66,97,94,169,28,388,66,14,80,468
05/20/2000,DSM,IA,ACE,CE,Towers with Radar,74,58,38,22,192,1,1,81,1,84,75,59,119,23,276,30,34,64,340
05/21/2000,DSM,IA,ACE,CE,Towers with Radar,51,58,55,0,164,0,0,53,0,53,51,58,108,0,217,10,0,10,227
05/22/2000,DSM,IA,ACE,CE,Towers with Radar,68,83,101,3,255,0,7,41,0,48,68,90,142,3,303,34,0,34,337
05/23/2000,DSM,IA,ACE,CE,Towers with Radar,112,110,91,9,322,1,5,88,1,95,113,115,179,10,417,20,10,30,447
05/24/2000,DSM,IA,ACE,CE,Towers with Radar,86,126,66,6,284,0,6,70,1,77,86,132,136,7,361,70,8,78,439
05/25/2000,DSM,IA,ACE,CE,Towers with Radar,109,118,93,9,329,0,1,97,0,98,109,119,190,9,427,22,8,30,457
05/26/2000,DSM,IA,ACE,CE,Towers with Radar,88,115,106,0,309,0,0,19,0,19,88,115,125,0,328,0,0,0,328
05/27/2000,DSM,IA,ACE,CE,Towers with Radar,59,62,35,1,157,1,0,6,0,7,60,62,41,1,164,4,0,4,168
05/28/2000,DSM,IA,ACE,CE,Towers with Radar,71,24,39,0,134,1,4,21,0,26,72,28,60,0,160,12,0,12,172
05/29/2000,DSM,IA,ACE,CE,Towers with Radar,49,60,41,5,155,1,0,44,0,45,50,60,85,5,200,14,0,14,214
05/30/2000,DSM,IA,ACE,CE,Towers with Radar,58,87,88,10,243,0,7,33,1,41,58,94,121,11,284,20,14,34,318
05/31/2000,DSM,IA,ACE,CE,Towers with Radar,114,111,108,3,336,0,1,15,0,16,114,112,123,3,352,12,4,16,368
06/01/2000,DSM,IA,ACE,CE,Towers with Radar,99,126,93,16,334,1,1,50,1,53,100,127,143,17,387,22,12,34,421
06/02/2000,DSM,IA,ACE,CE,Towers with Radar,94,104,105,26,329,1,1,62,3,67,95,105,167,29,396,16,32,48,444
06/03/2000,DSM,IA,ACE,CE,Towers with Radar,86,44,29,15,174,1,0,46,4,51,87,44,75,19,225,32,14,46,271
06/04/2000,DSM,IA,ACE,CE,Towers with Radar,47,62,46,2,157,1,0,7,1,9,48,62,53,3,166,10,0,10,176
06/05/2000,DSM,IA,ACE,CE,Towers with Radar,57,100,91,0,248,1,4,30,0,35,58,104,121,0,283,16,0,16,299
06/06/2000,DSM,IA,ACE,CE,Towers with Radar,103,119,98,9,329,1,6,64,6,77,104,125,162,15,406,30,6,36,442
06/07/2000,DSM,IA,ACE,CE,Towers with Radar,110,124,99,18,351,1,2,67,1,71,111,126,166,19,422,0,8,8,430
06/08/2000,DSM,IA,ACE,CE,Towers with Radar,103,121,69,7,300,1,14,67,2,84,104,135,136,9,384,22,8,30,414
06/09/2000,DSM,IA,ACE,CE,Towers with Radar,72,117,90,12,291,1,8,75,0,84,73,125,165,12,375,30,36,66,441
06/10/2000,DSM,IA,ACE,CE,Towers with Radar,62,61,35,5,163,1,1,39,0,41,63,62,74,5,204,58,0,58,262
06/11/2000,DSM,IA,ACE,CE,Towers with Radar,49,58,54,3,164,1,7,19,0,27,50,65,73,3,191,8,0,8,199
06/12/2000,DSM,IA,ACE,CE,Towers with Radar,74,90,79,0,243,1,0,10,0,11,75,90,89,0,254,0,0,0,254
06/13/2000,DSM,IA,ACE,CE,Towers with Radar,83,115,101,1,300,0,7,28,0,35,83,122,129,1,335,22,0,22,357
06/14/2000,DSM,IA,ACE,CE,Towers with Radar,88,113,134,12,347,0,1,25,0,26,88,114,159,12,373,20,2,22,395
06/15/2000,DSM,IA,ACE,CE,Towers with Radar,104,109,104,12,329,0,1,91,0,92,104,110,195,12,421,6,0,6,427
06/16/2000,DSM,IA,ACE,CE,Towers with Radar,83,107,98,17,305,0,2,36,0,38,83,109,134,17,343,4,0,4,347
06/17/2000,DSM,IA,ACE,CE,Towers with Radar,82,52,36,5,175,0,1,65,0,66,82,53,101,5,241,28,0,28,269
06/18/2000,DSM,IA,ACE,CE,Towers with Radar,47,57,30,0,134,0,2,77,0,79,47,59,107,0,213,36,0,36,249
06/19/2000,DSM,IA,ACE,CE,Towers with Radar,74,86,111,3,274,0,5,33,0,38,74,91,144,3,312,40,0,40,352
06/20/2000,DSM,IA,ACE,CE,Towers with Radar,81,134,112,9,336,0,4,28,0,32,81,138,140,9,368,4,0,4,372
06/21/2000,DSM,IA,ACE,CE,Towers with Radar,127,103,113,11,354,0,7,76,0,83,127,110,189,11,437,2,14,16,453
06/22/2000,DSM,IA,ACE,CE,Towers with Radar,109,113,122,11,355,0,5,93,0,98,109,118,215,11,453,36,2,38,491
06/23/2000,DSM,IA,ACE,CE,Towers with Radar,93,110,92,10,305,0,2,47,1,50,93,112,139,11,355,30,20,50,405
06/24/2000,DSM,IA,ACE,CE,Towers with Radar,87,44,37,5,173,0,1,20,0,21,87,45,57,5,194,12,0,12,206
06/25/2000,DSM,IA,ACE,CE,Towers with Radar,69,30,40,0,139,0,3,27,1,31,69,33,67,1,170,6,0,6,176
06/26/2000,DSM,IA,ACE,CE,Towers with Radar,73,83,84,2,242,0,0,85,0,85,73,83,169,2,327,18,0,18,345
06/27/2000,DSM,IA,ACE,CE,Towers with Radar,108,128,118,11,365,0,4,91,4,99,108,132,209,15,464,52,24,76,540
06/28/2000,DSM,IA,ACE,CE,Towers with Radar,114,112,125,11,362,0,5,26,0,31,114,117,151,11,393,14,12,26,419
06/29/2000,DSM,IA,ACE,CE,Towers with Radar,98,132,128,26,384,0,10,133,1,144,98,142,261,27,528,36,20,56,584
06/30/2000,DSM,IA,ACE,CE,Towers with Radar,92,102,103,34,331,0,5,71,0,76,92,107,174,34,407,26,16,42,449
07/01/2000,DSM,IA,ACE,CE,Towers with Radar,97,51,50,1,199,0,1,33,0,34,97,52,83,1,233,22,0,22,255
07/02/2000,DSM,IA,ACE,CE,Towers with Radar,47,42,34,1,124,0,2,25,0,27,47,44,59,1,151,24,0,24,175
07/03/2000,DSM,IA,ACE,CE,Towers with Radar,71,52,66,1,190,0,5,19,0,24,71,57,85,1,214,28,0,28,242
07/04/2000,DSM,IA,ACE,CE,Towers with Radar,53,86,35,0,174,0,1,8,0,9,53,87,43,0,183,4,0,4,187
07/05/2000,DSM,IA,ACE,CE,Towers with Radar,97,66,68,8,239,0,2,10,0,12,97,68,78,8,251,2,0,2,253
07/06/2000,DSM,IA,ACE,CE,Towers with Radar,110,119,114,16,359,0,4,53,0,57,110,123,167,16,416,32,6,38,454
07/07/2000,DSM,IA,ACE,CE,Towers with Radar,98,103,101,10,312,0,0,42,9,51,98,103,143,19,363,0,4,4,367
07/08/2000,DSM,IA,ACE,CE,Towers with Radar,89,41,30,2,162,0,2,34,1,37,89,43,64,3,199,28,0,28,227
07/09/2000,DSM,IA,ACE,CE,Towers with Radar,63,50,41,3,157,0,0,36,0,36,63,50,77,3,193,18,0,18,211
07/10/2000,DSM,IA,ACE,CE,Towers with Radar,59,96,85,1,241,0,3,20,0,23,59,99,105,1,264,34,0,34,298
07/11/2000,DSM,IA,ACE,CE,Towers with Radar,105,139,173,11,428,0,1,10,0,11,105,140,183,11,439,66,0,66,505
07/12/2000,DSM,IA,ACE,CE,Towers with Radar,108,122,127,12,369,0,1,27,0,28,108,123,154,12,397,82,8,90,487
07/13/2000,DSM,IA,ACE,CE,Towers with Radar,103,124,103,14,344,0,2,82,0,84,103,126,185,14,428,100,14,114,542
07/14/2000,DSM,IA,ACE,CE,Towers with Radar,92,103,83,12,290,0,3,97,0,100,92,106,180,12,390,34,10,44,434
07/15/2000,DSM,IA,ACE,CE,Towers with Radar,84,44,40,15,183,0,0,43,0,43,84,44,83,15,226,18,0,18,244
07/16/2000,DSM,IA,ACE,CE,Towers with Radar,54,67,41,1,163,0,0,35,0,35,54,67,76,1,198,20,4,24,222
07/17/2000,DSM,IA,ACE,CE,Towers with Radar,66,90,98,1,255,0,20,88,0,108,66,110,186,1,363,28,0,28,391
07/18/2000,DSM,IA,ACE,CE,Towers with Radar,93,136,103,4,336,0,5,29,0,34,93,141,132,4,370,6,0,6,376
07/19/2000,DSM,IA,ACE,CE,Towers with Radar,130,100,133,19,382,0,1,61,0,62,130,101,194,19,444,90,12,102,546
07/20/2000,DSM,IA,ACE,CE,Towers with Radar,102,119,102,9,332,0,0,55,0,55,102,119,157,9,387,70,0,70,457
07/21/2000,DSM,IA,ACE,CE,Towers with Radar,95,103,102,18,318,0,7,104,0,111,95,110,206,18,429,38,18,56,485
07/22/2000,DSM,IA,ACE,CE,Towers with Radar,56,60,54,6,176,16,3,49,10,78,72,63,103,16,254,42,18,60,314
07/23/2000,DSM,IA,ACE,CE,Towers with Radar,61,57,68,0,186,0,0,77,0,77,61,57,145,0,263,20,0,20,283
07/24/2000,DSM,IA,ACE,CE,Towers with Radar,77,79,83,5,244,0,5,78,0,83,77,84,161,5,327,44,0,44,371
07/25/2000,DSM,IA,ACE,CE,Towers with Radar,101,126,87,10,324,0,2,54,0,56,101,128,141,10,380,24,18,42,422
07/26/2000,DSM,IA,ACE,CE,Towers with Radar,96,130,82,14,322,0,1,43,0,44,96,131,125,14,366,2,4,6,372
07/27/2000,DSM,IA,ACE,CE,Towers with Radar,116,126,102,21,365,0,8,63,0,71,116,134,165,21,436,34,10,44,480
07/28/2000,DSM,IA,ACE,CE,Towers with Radar,74,120,95,11,300,0,9,68,0,77,74,129,163,11,377,32,20,52,429
07/29/2000,DSM,IA,ACE,CE,Towers with Radar,63,71,38,3,175,0,4,19,0,23,63,75,57,3,198,47,0,47,245
07/30/2000,DSM,IA,ACE,CE,Towers with Radar,62,50,64,2,178,0,1,57,0,58,62,51,121,2,236,12,0,12,248
07/31/2000,DSM,IA,ACE,CE,Towers with Radar,60,98,77,0,235,0,4,56,0,60,60,102,133,0,295,16,1,17,312
08/01/2000,DSM,IA,ACE,CE,Towers with Radar,99,118,111,12,340,0,7,66,0,73,99,125,177,12,413,16,16,32,445
08/02/2000,DSM,IA,ACE,CE,Towers with Radar,121,106,111,10,348,0,3,81,0,84,121,109,192,10,432,32,4,36,468
08/03/2000,DSM,IA,ACE,CE,Towers with Radar,130,101,112,10,353,0,3,58,0,61,130,104,170,10,414,16,0,16,430
08/04/2000,DSM,IA,ACE,CE,Towers with Radar,76,116,98,10,300,0,3,73,0,76,76,119,171,10,376,56,22,78,454
08/05/2000,DSM,IA,ACE,CE,Towers with Radar,82,41,31,25,179,0,4,13,0,17,82,45,44,25,196,4,18,22,218
08/06/2000,DSM,IA,ACE,CE,Towers with Radar,52,61,59,0,172,0,4,48,0,52,52,65,107,0,224,6,0,6,230
08/07/2000,DSM,IA,ACE,CE,Towers with Radar,58,96,95,1,250,0,7,70,0,77,58,103,165,1,327,0,0,0,327
08/08/2000,DSM,IA,ACE,CE,Towers with Radar,110,117,106,9,342,0,7,55,0,62,110,124,161,9,404,12,0,12,416
08/09/2000,DSM,IA,ACE,CE,Towers with Radar,105,121,102,12,340,0,4,66,0,70,105,125,168,12,410,18,0,18,428
08/10/2000,DSM,IA,ACE,CE,Towers with Radar,119,115,112,8,354,0,8,74,0,82,119,123,186,8,436,2,2,4,440
08/11/2000,DSM,IA,ACE,CE,Towers with Radar,94,100,116,5,315,0,11,60,0,71,94,111,176,5,386,32,0,32,418
08/12/2000,DSM,IA,ACE,CE,Towers with Radar,60,64,64,3,191,22,0,47,0,69,82,64,111,3,260,10,0,10,270
08/13/2000,DSM,IA,ACE,CE,Towers with Radar,57,59,67,2,185,0,0,25,0,25,57,59,92,2,210,14,0,14,224
08/14/2000,DSM,IA,ACE,CE,Towers with Radar,59,96,76,0,231,0,2,58,0,60,59,98,134,0,291,6,0,6,297
08/15/2000,DSM,IA,ACE,CE,Towers with Radar,103,125,115,4,347,0,6,57,4,67,103,131,172,8,414,6,0,6,420
08/16/2000,DSM,IA,ACE,CE,Towers with Radar,114,127,87,2,330,0,11,79,0,90,114,138,166,2,420,24,0,24,444
08/17/2000,DSM,IA,ACE,CE,Towers with Radar,111,135,111,3,360,0,1,32,5,38,111,136,143,8,398,48,8,56,454
08/18/2000,DSM,IA,ACE,CE,Towers with Radar,78,127,70,2,277,0,2,79,0,81,78,129,149,2,358,64,0,64,422
08/19/2000,DSM,IA,ACE,CE,Towers with Radar,81,56,44,0,181,0,0,35,0,35,81,56,79,0,216,6,0,6,222
08/20/2000,DSM,IA,ACE,CE,Towers with Radar,66,57,86,1,210,0,4,34,2,40,66,61,120,3,250,8,0,8,258
08/21/2000,DSM,IA,ACE,CE,Towers with Radar,74,93,113,2,282,2,3,29,0,34,76,96,142,2,316,46,0,46,362
08/22/2000,DSM,IA,ACE,CE,Towers with Radar,105,104,90,2,301,0,1,16,0,17,105,105,106,2,318,30,0,30,348
08/23/2000,DSM,IA,ACE,CE,Towers with Radar,117,128,132,2,379,0,4,28,0,32,117,132,160,2,411,28,0,28,439
08/24/2000,DSM,IA,ACE,CE,Towers with Radar,91,142,152,7,392,0,5,24,2,31,91,147,176,9,423,22,2,24,447
08/25/2000,DSM,IA,ACE,CE,Towers with Radar,81,134,127,3,345,0,7,48,2,57,81,141,175,5,402,116,14,130,532
08/26/2000,DSM,IA,ACE,CE,Towers with Radar,74,56,41,4,175,0,0,22,2,24,74,56,63,6,199,14,4,18,217
08/27/2000,DSM,IA,ACE,CE,Towers with Radar,58,69,73,0,200,0,0,7,0,7,58,69,80,0,207,4,4,8,215
08/28/2000,DSM,IA,ACE,CE,Towers with Radar,53,106,97,0,256,0,0,29,0,29,53,106,126,0,285,8,0,8,293
08/29/2000,DSM,IA,ACE,CE,Towers with Radar,104,135,135,2,376,0,0,47,1,48,104,135,182,3,424,58,0,58,482
08/30/2000,DSM,IA,ACE,CE,Towers with Radar,116,118,137,11,382,0,1,35,0,36,116,119,172,11,418,24,30,54,472
08/31/2000,DSM,IA,ACE,CE,Towers with Radar,100,126,112,8,346,0,2,68,0,70,100,128,180,8,416,46,18,64,480
09/01/2000,DSM,IA,ACE,CE,Towers with Radar,96,113,120,4,333,0,3,35,0,38,96,116,155,4,371,44,0,44,415
09/02/2000,DSM,IA,ACE,CE,Towers with Radar,81,48,48,0,177,0,1,35,0,36,81,49,83,0,213,58,0,58,271
09/03/2000,DSM,IA,ACE,CE,Towers with Radar,62,25,40,0,127,0,7,37,0,44,62,32,77,0,171,6,0,6,177
09/04/2000,DSM,IA,ACE,CE,Towers with Radar,59,59,66,3,187,0,1,46,0,47,59,60,112,3,234,44,0,44,278
09/05/2000,DSM,IA,ACE,CE,Towers with Radar,78,87,88,12,265,0,4,85,1,90,78,91,173,13,355,50,8,58,413
09/06/2000,DSM,IA,ACE,CE,Towers with Radar,118,134,107,11,370,0,8,81,2,91,118,142,188,13,461,74,10,84,545
09/07/2000,DSM,IA,ACE,CE,Towers with Radar,108,113,104,15,340,0,6,40,0,46,108,119,144,15,386,34,12,46,432
09/08/2000,DSM,IA,ACE,CE,Towers with Radar,86,112,104,14,316,0,1,77,0,78,86,113,181,14,394,14,14,28,422
09/09/2000,DSM,IA,ACE,CE,Towers with Radar,86,49,39,27,201,0,1,27,1,29,86,50,66,28,230,8,0,8,238
09/10/2000,DSM,IA,ACE,CE,Towers with Radar,77,33,61,0,171,0,3,68,0,71,77,36,129,0,242,24,0,24,266
09/11/2000,DSM,IA,ACE,CE,Towers with Radar,79,81,80,2,242,0,5,30,0,35,79,86,110,2,277,18,0,18,295
09/12/2000,DSM,IA,ACE,CE,Towers with Radar,121,113,115,12,361,0,6,90,0,96,121,119,205,12,457,62,20,82,539
09/13/2000,DSM,IA,ACE,CE,Towers with Radar,111,125,114,14,364,0,3,59,0,62,111,128,173,14,426,44,44,88,514
09/14/2000,DSM,IA,ACE,CE,Towers with Radar,103,119,116,15,353,0,3,67,0,70,103,122,183,15,423,60,22,82,505
09/15/2000,DSM,IA,ACE,CE,Towers with Radar,104,107,120,8,339,0,1,88,0,89,104,108,208,8,428,54,8,62,490
09/16/2000,DSM,IA,ACE,CE,Towers with Radar,61,59,56,6,182,7,16,42,5,70,68,75,98,11,252,36,2,38,290
09/17/2000,DSM,IA,ACE,CE,Towers with Radar,61,60,58,0,179,0,0,74,0,74,61,60,132,0,253,52,4,56,309
09/18/2000,DSM,IA,ACE,CE,Towers with Radar,87,81,83,0,251,0,2,43,0,45,87,83,126,0,296,2,6,8,304
09/19/2000,DSM,IA,ACE,CE,Towers with Radar,111,123,95,11,340,0,3,33,4,40,111,126,128,15,380,10,14,24,404
09/20/2000,DSM,IA,ACE,CE,Towers with Radar,134,130,103,9,376,1,4,62,0,67,135,134,165,9,443,70,2,72,515
09/21/2000,DSM,IA,ACE,CE,Towers with Radar,114,120,124,6,364,0,7,119,0,126,114,127,243,6,490,56,4,60,550
09/22/2000,DSM,IA,ACE,CE,Towers with Radar,85,128,86,13,312,0,0,18,0,18,85,128,104,13,330,30,14,44,374
09/23/2000,DSM,IA,ACE,CE,Towers with Radar,72,52,61,5,190,4,0,0,8,12,76,52,61,13,202,2,0,2,204
09/24/2000,DSM,IA,ACE,CE,Towers with Radar,59,54,48,2,163,0,0,25,0,25,59,54,73,2,188,10,0,10,198
09/25/2000,DSM,IA,ACE,CE,Towers with Radar,89,86,85,1,261,0,3,46,0,49,89,89,131,1,310,34,0,34,344
09/26/2000,DSM,IA,ACE,CE,Towers with Radar,114,123,100,9,346,0,5,78,0,83,114,128,178,9,429,48,16,64,493
09/27/2000,DSM,IA,ACE,CE,Towers with Radar,114,127,105,8,354,0,2,65,0,67,114,129,170,8,421,84,8,92,513
09/28/2000,DSM,IA,ACE,CE,Towers with Radar,125,112,91,4,332,0,4,76,0,80,125,116,167,4,412,38,4,42,454
09/29/2000,DSM,IA,ACE,CE,Towers with Radar,103,105,68,0,276,0,3,50,2,55,103,108,118,2,331,26,0,26,357
09/30/2000,DSM,IA,ACE,CE,Towers with Radar,81,56,45,0,182,0,6,55,2,63,81,62,100,2,245,32,0,32,277
10/01/2000,DSM,IA,ACE,CE,Towers with Radar,66,59,30,2,157,0,0,41,0,41,66,59,71,2,198,2,0,2,200
10/02/2000,DSM,IA,ACE,CE,Towers with Radar,78,78,74,2,232,0,4,74,0,78,78,82,148,2,310,24,0,24,334
10/03/2000,DSM,IA,ACE,CE,Towers with Radar,121,120,100,6,347,0,2,44,0,46,121,122,144,6,393,62,8,70,463
10/04/2000,DSM,IA,ACE,CE,Towers with Radar,104,140,89,10,343,0,2,43,1,46,104,142,132,11,389,30,4,34,423
10/05/2000,DSM,IA,ACE,CE,Towers with Radar,108,137,107,11,363,0,0,18,0,18,108,137,125,11,381,30,0,30,411
10/06/2000,DSM,IA,ACE,CE,Towers with Radar,90,132,93,0,315,0,1,57,0,58,90,133,150,0,373,22,0,22,395
10/07/2000,DSM,IA,ACE,CE,Towers with Radar,78,52,38,0,168,0,2,48,0,50,78,54,86,0,218,8,0,8,226
10/08/2000,DSM,IA,ACE,CE,Towers with Radar,62,52,47,0,161,0,1,58,0,59,62,53,105,0,220,72,0,72,292
10/09/2000,DSM,IA,ACE,CE,Towers with Radar,63,92,52,0,207,0,2,60,0,62,63,94,112,0,269,50,0,50,319
10/10/2000,DSM,IA,ACE,CE,Towers with Radar,111,86,94,8,299,0,5,92,0,97,111,91,186,8,396,18,10,28,424
10/11/2000,DSM,IA,ACE,CE,Towers with Radar,111,113,88,13,325,0,4,84,2,90,111,117,172,15,415,54,16,70,485
10/12/2000,DSM,IA,ACE,CE,Towers with Radar,114,121,110,8,353,0,4,45,0,49,114,125,155,8,402,2,20,22,424
10/13/2000,DSM,IA,ACE,CE,Towers with Radar,117,100,96,0,313,0,9,40,0,49,117,109,136,0,362,18,0,18,380
10/14/2000,DSM,IA,ACE,CE,Towers with Radar,92,47,35,17,191,0,3,48,0,51,92,50,83,17,242,72,18,90,332
10/15/2000,DSM,IA,ACE,CE,Towers with Radar,67,45,42,6,160,0,5,52,0,57,67,50,94,6,217,24,0,24,241
10/16/2000,DSM,IA,ACE,CE,Towers with Radar,84,73,96,0,253,0,14,66,0,80,84,87,162,0,333,42,0,42,375
10/17/2000,DSM,IA,ACE,CE,Towers with Radar,119,121,118,18,376,0,2,60,0,62,119,123,178,18,438,74,0,74,512
10/18/2000,DSM,IA,ACE,CE,Towers with Radar,122,125,117,23,387,0,1,86,1,88,122,126,203,24,475,126,22,148,623
10/19/2000,DSM,IA,ACE,CE,Towers with Radar,110,124,102,10,346,4,3,71,0,78,114,127,173,10,424,84,16,100,524
10/20/2000,DSM,IA,ACE,CE,Towers with Radar,111,104,99,7,321,0,7,115,0,122,111,111,214,7,443,124,0,124,567
10/21/2000,DSM,IA,ACE,CE,Towers with Radar,97,40,42,4,183,0,0,80,0,80,97,40,122,4,263,32,0,32,295
10/22/2000,DSM,IA,ACE,CE,Towers with Radar,82,33,68,5,188,0,4,11,0,15,82,37,79,5,203,20,0,20,223
10/23/2000,DSM,IA,ACE,CE,Towers with Radar,100,61,97,4,262,0,2,6,0,8,100,63,103,4,270,4,0,4,274
10/24/2000,DSM,IA,ACE,CE,Towers with Radar,113,138,91,9,351,0,1,16,0,17,113,139,107,9,368,14,0,14,382
10/25/2000,DSM,IA,ACE,CE,Towers with Radar,128,100,137,10,375,0,0,21,0,21,128,100,158,10,396,8,0,8,404
10/26/2000,DSM,IA,ACE,CE,Towers with Radar,112,116,100,16,344,0,3,45,0,48,112,119,145,16,392,38,6,44,436
10/27/2000,DSM,IA,ACE,CE,Towers with Radar,96,121,115,19,351,0,0,30,0,30,96,121,145,19,381,70,16,86,467
10/28/2000,DSM,IA,ACE,CE,Towers with Radar,81,57,59,26,223,0,3,3,1,7,81,60,62,27,230,14,2,16,246
10/29/2000,DSM,IA,ACE,CE,Towers with Radar,71,41,44,1,157,0,0,9,0,9,71,41,53,1,166,0,0,0,166
10/30/2000,DSM,IA,ACE,CE,Towers with Radar,89,79,83,2,253,0,6,54,0,60,89,85,137,2,313,18,0,18,331
10/31/2000,DSM,IA,ACE,CE,Towers with Radar,124,120,126,10,380,0,7,9,0,16,124,127,135,10,396,20,4,24,420
11/01/2000,DSM,IA,ACE,CE,Towers with Radar,102,123,80,0,305,0,2,7,0,9,102,125,87,0,314,0,0,0,314
11/02/2000,DSM,IA,ACE,CE,Towers with Radar,118,122,102,9,351,0,2,88,11,101,118,124,190,20,452,74,14,88,540
11/03/2000,DSM,IA,ACE,CE,Towers with Radar,108,116,101,10,335,0,5,86,0,91,108,121,187,10,426,24,4,28,454
11/04/2000,DSM,IA,ACE,CE,Towers with Radar,83,48,48,7,186,0,2,66,0,68,83,50,114,7,254,70,6,76,330
11/05/2000,DSM,IA,ACE,CE,Towers with Radar,89,29,37,9,164,0,4,20,0,24,89,33,57,9,188,38,0,38,226
11/06/2000,DSM,IA,ACE,CE,Towers with Radar,82,75,72,4,233,0,2,0,0,2,82,77,72,4,235,0,0,0,235
11/07/2000,DSM,IA,ACE,CE,Towers with Radar,125,119,81,15,340,0,5,23,0,28,125,124,104,15,368,50,0,50,418
11/08/2000,DSM,IA,ACE,CE,Towers with Radar,137,127,107,3,374,0,4,26,0,30,137,131,133,3,404,72,0,72,476
11/09/2000,DSM,IA,ACE,CE,Towers with Radar,186,115,77,2,380,0,5,15,0,20,186,120,92,2,400,78,0,78,478
11/10/2000,DSM,IA,ACE,CE,Towers with Radar,101,124,111,4,340,0,7,27,0,34,101,131,138,4,374,184,0,184,558
11/11/2000,DSM,IA,ACE,CE,Towers with Radar,57,48,31,1,137,23,5,0,0,28,80,53,31,1,165,0,0,0,165
11/12/2000,DSM,IA,ACE,CE,Towers with Radar,63,49,23,0,135,0,1,7,0,8,63,50,30,0,143,14,0,14,157
11/13/2000,DSM,IA,ACE,CE,Towers with Radar,98,64,70,3,235,0,8,3,0,11,98,72,73,3,246,46,0,46,292
11/14/2000,DSM,IA,ACE,CE,Towers with Radar,113,113,105,7,338,0,5,39,0,44,113,118,144,7,382,92,18,110,492
11/15/2000,DSM,IA,ACE,CE,Towers with Radar,134,113,78,11,336,0,5,49,0,54,134,118,127,11,390,42,38,80,470
11/16/2000,DSM,IA,ACE,CE,Towers with Radar,128,118,100,26,372,0,4,8,0,12,128,122,108,26,384,50,0,50,434
11/17/2000,DSM,IA,ACE,CE,Towers with Radar,115,106,117,21,359,0,8,51,0,59,115,114,168,21,418,42,14,56,474
11/18/2000,DSM,IA,ACE,CE,Towers with Radar,78,50,56,6,190,12,0,17,9,38,90,50,73,15,228,38,6,44,272
11/19/2000,DSM,IA,ACE,CE,Towers with Radar,94,23,30,0,147,0,5,13,0,18,94,28,43,0,165,20,0,20,185
11/20/2000,DSM,IA,ACE,CE,Towers with Radar,118,57,92,7,274,0,19,19,0,38,118,76,111,7,312,8,0,8,320
11/21/2000,DSM,IA,ACE,CE,Towers with Radar,117,153,117,18,405,0,4,54,0,58,117,157,171,18,463,42,10,52,515
11/22/2000,DSM,IA,ACE,CE,Towers with Radar,132,122,94,8,356,0,9,66,0,75,132,131,160,8,431,50,0,50,481
11/23/2000,DSM,IA,ACE,CE,Towers with Radar,83,71,15,6,175,0,10,49,0,59,83,81,64,6,234,14,0,14,248
11/24/2000,DSM,IA,ACE,CE,Towers with Radar,47,57,38,0,142,0,3,61,0,64,47,60,99,0,206,32,0,32,238
11/25/2000,DSM,IA,ACE,CE,Towers with Radar,66,60,37,0,163,0,2,29,0,31,66,62,66,0,194,6,0,6,200
11/26/2000,DSM,IA,ACE,CE,Towers with Radar,98,37,36,0,171,0,0,10,0,10,98,37,46,0,181,0,0,0,181
11/27/2000,DSM,IA,ACE,CE,Towers with Radar,96,77,98,0,271,0,7,36,0,43,96,84,134,0,314,78,0,78,392
11/28/2000,DSM,IA,ACE,CE,Towers with Radar,131,145,105,8,389,0,10,17,0,27,131,155,122,8,416,12,0,12,428
11/29/2000,DSM,IA,ACE,CE,Towers with Radar,136,136,88,2,362,0,14,5,2,21,136,150,93,4,383,18,0,18,401
11/30/2000,DSM,IA,ACE,CE,Towers with Radar,136,137,110,19,402,0,2,30,0,32,136,139,140,19,434,24,0,24,458
12/01/2000,DSM,IA,ACE,CE,Towers with Radar,94,126,82,2,304,2,1,2,1,6,96,127,84,3,310,2,0,2,312
12/02/2000,DSM,IA,ACE,CE,Towers with Radar,102,36,57,7,202,1,10,64,4,79,103,46,121,11,281,62,4,66,347
12/03/2000,DSM,IA,ACE,CE,Towers with Radar,96,26,40,0,162,1,1,35,0,37,97,27,75,0,199,6,0,6,205
12/04/2000,DSM,IA,ACE,CE,Towers with Radar,87,79,70,0,236,1,9,34,0,44,88,88,104,0,280,4,0,4,284
12/05/2000,DSM,IA,ACE,CE,Towers with Radar,138,122,109,14,383,1,2,37,2,42,139,124,146,16,425,8,12,20,445
12/06/2000,DSM,IA,ACE,CE,Towers with Radar,152,129,109,10,400,1,7,11,1,20,153,136,120,11,420,46,0,46,466
12/07/2000,DSM,IA,ACE,CE,Towers with Radar,141,121,96,24,382,1,5,64,1,71,142,126,160,25,453,66,20,86,539
12/08/2000,DSM,IA,ACE,CE,Towers with Radar,115,123,91,14,343,1,1,68,1,71,116,124,159,15,414,46,4,50,464
12/09/2000,DSM,IA,ACE,CE,Towers with Radar,89,51,27,0,167,1,1,4,0,6,90,52,31,0,173,2,0,2,175
12/10/2000,DSM,IA,ACE,CE,Towers with Radar,74,41,50,0,165,1,0,4,2,7,75,41,54,2,172,2,0,2,174
12/11/2000,DSM,IA,ACE,CE,Towers with Radar,34,17,14,0,65,1,0,0,0,1,35,17,14,0,66,0,0,0,66
12/12/2000,DSM,IA,ACE,CE,Towers with Radar,113,123,77,0,313,1,14,24,0,39,114,137,101,0,352,20,0,20,372
12/13/2000,DSM,IA,ACE,CE,Towers with Radar,116,129,63,0,308,1,0,2,0,3,117,129,65,0,311,0,0,0,311
12/14/2000,DSM,IA,ACE,CE,Towers with Radar,132,118,92,10,352,1,11,20,2,34,133,129,112,12,386,10,18,28,414
12/15/2000,DSM,IA,ACE,CE,Towers with Radar,98,124,72,0,294,1,0,0,0,1,99,124,72,0,295,0,0,0,295
12/16/2000,DSM,IA,ACE,CE,Towers with Radar,61,50,6,0,117,0,1,0,0,1,61,51,6,0,118,0,0,0,118
12/17/2000,DSM,IA,ACE,CE,Towers with Radar,78,35,29,0,142,0,1,13,1,15,78,36,42,1,157,6,0,6,163
12/18/2000,DSM,IA,ACE,CE,Towers with Radar,64,55,28,0,147,1,7,0,0,8,65,62,28,0,155,0,0,0,155
12/19/2000,DSM,IA,ACE,CE,Towers with Radar,126,124,99,8,357,0,4,37,2,43,126,128,136,10,400,18,18,36,436
12/20/2000,DSM,IA,ACE,CE,Towers with Radar,140,116,78,0,334,0,0,13,0,13,140,116,91,0,347,0,0,0,347
12/21/2000,DSM,IA,ACE,CE,Towers with Radar,129,132,88,0,349,0,10,24,0,34,129,142,112,0,383,0,0,0,383
12/22/2000,DSM,IA,ACE,CE,Towers with Radar,111,129,70,8,318,1,5,37,0,43,112,134,107,8,361,6,12,18,379
12/23/2000,DSM,IA,ACE,CE,Towers with Radar,90,61,31,0,182,1,12,29,0,42,91,73,60,0,224,28,0,28,252
12/24/2000,DSM,IA,ACE,CE,Towers with Radar,55,37,8,0,100,1,3,16,0,20,56,40,24,0,120,0,0,0,120
12/25/2000,DSM,IA,ACE,CE,Towers with Radar,61,41,8,0,110,1,3,3,0,7,62,44,11,0,117,0,0,0,117
12/26/2000,DSM,IA,ACE,CE,Towers with Radar,98,71,72,0,241,1,3,36,0,40,99,74,108,0,281,26,0,26,307
12/27/2000,DSM,IA,ACE,CE,Towers with Radar,121,110,53,5,289,1,0,43,0,44,122,110,96,5,333,48,28,76,409
12/28/2000,DSM,IA,ACE,CE,Towers with Radar,121,106,35,0,262,1,6,3,0,10,122,112,38,0,272,42,0,42,314
12/29/2000,DSM,IA,ACE,CE,Towers with Radar,114,111,59,6,290,1,0,26,0,27,115,111,85,6,317,22,0,22,339
12/30/2000,DSM,IA,ACE,CE,Towers with Radar,93,47,22,0,162,1,2,16,0,19,94,49,38,0,181,26,0,26,207
12/31/2000,DSM,IA,ACE,CE,Towers with Radar,62,39,8,0,109,1,0,10,0,11,63,39,18,0,120,4,0,4,124
01/01/2001,DSM,IA,ACE,CE,Towers with Radar,68,26,11,0,105,0,4,20,0,24,68,30,31,0,129,16,0,16,145
01/02/2001,DSM,IA,ACE,CE,Towers with Radar,98,80,54,0,232,0,6,17,0,23,98,86,71,0,255,38,0,38,293
01/03/2001,DSM,IA,ACE,CE,Towers with Radar,112,114,99,8,333,0,2,34,1,37,112,116,133,9,370,22,16,38,408
01/04/2001,DSM,IA,ACE,CE,Towers with Radar,119,104,73,20,316,0,5,37,0,42,119,109,110,20,358,12,10,22,380
01/05/2001,DSM,IA,ACE,CE,Towers with Radar,88,106,72,15,281,0,5,43,0,48,88,111,115,15,329,26,20,46,375
01/06/2001,DSM,IA,ACE,CE,Towers with Radar,82,54,42,31,209,0,4,74,0,78,82,58,116,31,287,94,48,142,429
01/07/2001,DSM,IA,ACE,CE,Towers with Radar,89,31,34,0,154,0,3,12,0,15,89,34,46,0,169,24,0,24,193
01/08/2001,DSM,IA,ACE,CE,Towers with Radar,68,94,84,0,246,0,8,33,0,41,68,102,117,0,287,28,0,28,315
01/09/2001,DSM,IA,ACE,CE,Towers with Radar,122,113,93,9,337,0,5,45,1,51,122,118,138,10,388,27,20,47,435
01/10/2001,DSM,IA,ACE,CE,Towers with Radar,118,131,98,13,360,0,7,100,4,111,118,138,198,17,471,102,32,134,605
01/11/2001,DSM,IA,ACE,CE,Towers with Radar,108,141,93,0,342,0,3,2,0,5,108,144,95,0,347,20,0,20,367
01/12/2001,DSM,IA,ACE,CE,Towers with Radar,73,99,55,0,227,0,1,0,0,1,73,100,55,0,228,0,0,0,228
01/13/2001,DSM,IA,ACE,CE,Towers with Radar,68,53,13,10,144,0,0,1,0,1,68,53,14,10,145,0,0,0,145
01/14/2001,DSM,IA,ACE,CE,Towers with Radar,64,42,18,0,124,0,0,1,0,1,64,42,19,0,125,2,0,2,127
01/15/2001,DSM,IA,ACE,CE,Towers with Radar,88,61,63,0,212,0,1,3,0,4,88,62,66,0,216,0,0,0,216
01/16/2001,DSM,IA,ACE,CE,Towers with Radar,117,110,99,21,347,0,3,12,0,15,117,113,111,21,362,18,4,22,384
01/17/2001,DSM,IA,ACE,CE,Towers with Radar,104,133,104,23,364,0,1,39,2,42,104,134,143,25,406,58,28,86,492
01/18/2001,DSM,IA,ACE,CE,Towers with Radar,102,161,91,19,373,0,6,25,2,33,102,167,116,21,406,22,0,22,428
01/19/2001,DSM,IA,ACE,CE,Towers with Radar,93,121,75,33,322,0,0,27,0,27,93,121,102,33,349,12,30,42,391
01/20/2001,DSM,IA,ACE,CE,Towers with Radar,60,56,44,6,166,24,0,41,4,69,84,56,85,10,235,44,22,66,301
01/21/2001,DSM,IA,ACE,CE,Towers with Radar,69,51,50,2,172,19,0,90,0,109,88,51,140,2,281,76,0,76,357
01/22/2001,DSM,IA,ACE,CE,Towers with Radar,108,68,95,0,271,0,2,48,0,50,108,70,143,0,321,16,0,16,337
01/23/2001,DSM,IA,ACE,CE,Towers with Radar,106,128,87,12,333,0,4,64,0,68,106,132,151,12,401,30,20,50,451
01/24/2001,DSM,IA,ACE,CE,Towers with Radar,131,108,133,9,381,0,8,89,0,97,131,116,222,9,478,74,8,82,560
01/25/2001,DSM,IA,ACE,CE,Towers with Radar,122,132,104,13,371,0,1,78,0,79,122,133,182,13,450,75,0,75,525
01/26/2001,DSM,IA,ACE,CE,Towers with Radar,98,114,60,9,281,0,0,3,0,3,98,114,63,9,284,0,0,0,284
01/27/2001,DSM,IA,ACE,CE,Towers with Radar,64,66,49,7,186,0,2,34,4,40,64,68,83,11,226,20,0,20,246
01/28/2001,DSM,IA,ACE,CE,Towers with Radar,79,39,28,0,146,0,0,12,0,12,79,39,40,0,158,34,0,34,192
01/29/2001,DSM,IA,ACE,CE,Towers with Radar,62,74,53,0,189,0,2,0,0,2,62,76,53,0,191,0,0,0,191
01/30/2001,DSM,IA,ACE,CE,Towers with Radar,94,125,68,0,287,0,7,16,0,23,94,132,84,0,310,0,0,0,310
01/31/2001,DSM,IA,ACE,CE,Towers with Radar,110,118,90,1,319,0,3,29,2,34,110,121,119,3,353,24,0,24,377
02/01/2001,DSM,IA,ACE,CE,Towers with Radar,129,113,101,0,343,2,9,14,0,25,131,122,115,0,368,56,0,56,424
02/02/2001,DSM,IA,ACE,CE,Towers with Radar,76,104,83,2,265,0,30,50,0,80,76,134,133,2,345,22,0,22,367
02/03/2001,DSM,IA,ACE,CE,Towers with Radar,71,60,53,7,191,2,0,28,0,30,73,60,81,7,221,82,0,82,303
02/04/2001,DSM,IA,ACE,CE,Towers with Radar,64,56,29,1,150,2,2,0,0,4,66,58,29,1,154,0,0,0,154
02/05/2001,DSM,IA,ACE,CE,Towers with Radar,76,89,78,0,243,2,2,31,0,35,78,91,109,0,278,4,0,4,282
02/06/2001,DSM,IA,ACE,CE,Towers with Radar,108,125,101,0,334,2,5,63,0,70,110,130,164,0,404,30,0,30,434
02/07/2001,DSM,IA,ACE,CE,Towers with Radar,96,109,99,0,304,2,0,0,0,2,98,109,99,0,306,0,0,0,306
02/08/2001,DSM,IA,ACE,CE,Towers with Radar,98,78,34,1,211,2,0,0,0,2,100,78,34,1,213,0,0,0,213
02/09/2001,DSM,IA,ACE,CE,Towers with Radar,77,50,31,0,158,2,0,1,0,3,79,50,32,0,161,0,0,0,161
02/10/2001,DSM,IA,ACE,CE,Towers with Radar,79,57,23,10,169,2,1,23,0,26,81,58,46,10,195,12,0,12,207
02/11/2001,DSM,IA,ACE,CE,Towers with Radar,75,45,41,14,175,2,4,39,0,45,77,49,80,14,220,12,4,16,236
02/12/2001,DSM,IA,ACE,CE,Towers with Radar,110,78,78,4,270,2,1,35,0,38,112,79,113,4,308,16,0,16,324
02/13/2001,DSM,IA,ACE,CE,Towers with Radar,97,117,105,3,322,2,2,0,0,4,99,119,105,3,326,16,0,16,342
02/14/2001,DSM,IA,ACE,CE,Towers with Radar,97,100,53,1,251,2,1,0,0,3,99,101,53,1,254,0,0,0,254
02/15/2001,DSM,IA,ACE,CE,Towers with Radar,109,127,93,5,334,2,3,16,0,21,111,130,109,5,355,8,0,8,363
02/16/2001,DSM,IA,ACE,CE,Towers with Radar,80,120,82,3,285,2,1,46,0,49,82,121,128,3,334,18,0,18,352
02/17/2001,DSM,IA,ACE,CE,Towers with Radar,68,65,51,6,190,2,0,18,0,20,70,65,69,6,210,50,0,50,260
02/18/2001,DSM,IA,ACE,CE,Towers with Radar,81,48,48,0,177,2,1,30,0,33,83,49,78,0,210,30,0,30,240
02/19/2001,DSM,IA,ACE,CE,Towers with Radar,69,69,65,0,203,2,7,68,0,77,71,76,133,0,280,34,0,34,314
02/20/2001,DSM,IA,ACE,CE,Towers with Radar,102,105,93,7,307,0,0,84,10,94,102,105,177,17,401,46,24,70,471
02/21/2001,DSM,IA,ACE,CE,Towers with Radar,111,118,82,11,322,1,2,53,0,56,112,120,135,11,378,52,10,62,440
02/22/2001,DSM,IA,ACE,CE,Towers with Radar,113,121,101,17,352,1,3,40,4,48,114,124,141,21,400,58,10,68,468
02/23/2001,DSM,IA,ACE,CE,Towers with Radar,86,119,84,3,292,1,7,35,0,43,87,126,119,3,335,28,0,28,363
02/24/2001,DSM,IA,ACE,CE,Towers with Radar,55,35,26,4,120,1,0,0,0,1,56,35,26,4,121,0,0,0,121
02/25/2001,DSM,IA,ACE,CE,Towers with Radar,69,45,34,1,149,1,1,9,0,11,70,46,43,1,160,2,0,2,162
02/26/2001,DSM,IA,ACE,CE,Towers with Radar,89,88,97,0,274,1,3,19,0,23,90,91,116,0,297,10,0,10,307
02/27/2001,DSM,IA,ACE,CE,Towers with Radar,112,113,101,13,339,1,0,27,0,28,113,113,128,13,367,10,2,12,379
02/28/2001,DSM,IA,ACE,CE,Towers with Radar,120,119,101,22,362,1,2,58,2,63,121,121,159,24,425,52,10,62,487
03/01/2001,DSM,IA,ACE,CE,Towers with Radar,112,117,80,11,320,0,2,11,1,14,112,119,91,12,334,12,0,12,346
03/02/2001,DSM,IA,ACE,CE,Towers with Radar,93,104,79,8,284,0,18,48,0,66,93,122,127,8,350,88,6,94,444
03/03/2001,DSM,IA,ACE,CE,Towers with Radar,86,47,53,29,215,0,0,55,0,55,86,47,108,29,270,36,6,42,312
03/04/2001,DSM,IA,ACE,CE,Towers with Radar,75,46,40,0,161,0,8,85,0,93,75,54,125,0,254,24,0,24,278
03/05/2001,DSM,IA,ACE,CE,Towers with Radar,81,82,73,0,236,0,7,37,0,44,81,89,110,0,280,16,0,16,296
03/06/2001,DSM,IA,ACE,CE,Towers with Radar,103,130,98,14,345,0,6,61,0,67,103,136,159,14,412,40,20,60,472
03/07/2001,DSM,IA,ACE,CE,Towers with Radar,110,130,79,15,334,0,4,24,0,28,110,134,103,15,362,0,4,4,366
03/08/2001,DSM,IA,ACE,CE,Towers with Radar,112,117,90,15,334,0,2,37,0,39,112,119,127,15,373,20,10,30,403
03/09/2001,DSM,IA,ACE,CE,Towers with Radar,107,129,103,11,350,0,2,61,0,63,107,131,164,11,413,94,10,104,517
03/10/2001,DSM,IA,ACE,CE,Towers with Radar,78,50,48,8,184,0,3,12,0,15,78,53,60,8,199,12,8,20,219
03/11/2001,DSM,IA,ACE,CE,Towers with Radar,74,50,26,2,152,0,5,13,0,18,74,55,39,2,170,2,0,2,172
03/12/2001,DSM,IA,ACE,CE,Towers with Radar,79,78,66,0,223,0,3,5,0,8,79,81,71,0,231,2,0,2,233
03/13/2001,DSM,IA,ACE,CE,Towers with Radar,114,126,71,23,334,0,3,21,0,24,114,129,92,23,358,2,2,4,362
03/14/2001,DSM,IA,ACE,CE,Towers with Radar,115,122,84,18,339,0,2,49,0,51,115,124,133,18,390,30,2,32,422
03/15/2001,DSM,IA,ACE,CE,Towers with Radar,98,137,91,0,326,0,1,2,0,3,98,138,93,0,329,0,0,0,329
03/16/2001,DSM,IA,ACE,CE,Towers with Radar,88,121,78,5,292,0,0,19,0,19,88,121,97,5,311,22,0,22,333
03/17/2001,DSM,IA,ACE,CE,Towers with Radar,93,54,61,1,209,0,4,69,3,76,93,58,130,4,285,42,0,42,327
03/18/2001,DSM,IA,ACE,CE,Towers with Radar,54,50,41,2,147,21,0,35,0,56,75,50,76,2,203,8,0,8,211
03/19/2001,DSM,IA,ACE,CE,Towers with Radar,62,97,68,0,227,0,12,40,0,52,62,109,108,0,279,22,0,22,301
03/20/2001,DSM,IA,ACE,CE,Towers with Radar,93,125,81,12,311,0,4,57,0,61,93,129,138,12,372,36,6,42,414
03/21/2001,DSM,IA,ACE,CE,Towers with Radar,113,114,74,6,307,0,2,51,0,53,113,116,125,6,360,28,8,36,396
03/22/2001,DSM,IA,ACE,CE,Towers with Radar,107,132,91,11,341,0,1,36,0,37,107,133,127,11,378,22,0,22,400
03/23/2001,DSM,IA,ACE,CE,Towers with Radar,111,97,78,5,291,0,0,7,0,7,111,97,85,5,298,0,0,0,298
03/24/2001,DSM,IA,ACE,CE,Towers with Radar,75,72,41,0,188,0,0,47,0,47,75,72,88,0,235,94,0,94,329
03/25/2001,DSM,IA,ACE,CE,Towers with Radar,92,38,53,3,186,0,25,18,0,43,92,63,71,3,229,80,0,80,309
03/26/2001,DSM,IA,ACE,CE,Towers with Radar,77,77,89,0,243,0,6,77,0,83,77,83,166,0,326,4,0,4,330
03/27/2001,DSM,IA,ACE,CE,Towers with Radar,115,110,127,12,364,0,7,121,0,128,115,117,248,12,492,26,34,60,552
03/28/2001,DSM,IA,ACE,CE,Towers with Radar,103,120,101,9,333,0,3,5,0,8,103,123,106,9,341,0,0,0,341
03/29/2001,DSM,IA,ACE,CE,Towers with Radar,112,118,97,8,335,0,4,10,0,14,112,122,107,8,349,16,0,16,365
03/30/2001,DSM,IA,ACE,CE,Towers with Radar,85,122,91,11,309,0,1,17,1,19,85,123,108,12,328,16,2,18,346
03/31/2001,DSM,IA,ACE,CE,Towers with Radar,71,49,29,0,149,0,0,20,1,21,71,49,49,1,170,8,0,8,178
04/01/2001,DSM,IA,ACE,CE,Towers with Radar,61,49,52,0,162,1,0,40,0,41,62,49,92,0,203,40,0,40,243
04/02/2001,DSM,IA,ACE,CE,Towers with Radar,80,58,76,0,214,0,9,60,0,69,80,67,136,0,283,26,0,26,309
04/03/2001,DSM,IA,ACE,CE,Towers with Radar,98,123,97,8,326,0,5,47,0,52,98,128,144,8,378,40,4,44,422
04/04/2001,DSM,IA,ACE,CE,Towers with Radar,101,118,92,18,329,0,8,59,0,67,101,126,151,18,396,46,2,48,444
04/05/2001,DSM,IA,ACE,CE,Towers with Radar,94,119,120,9,342,1,3,9,0,13,95,122,129,9,355,10,0,10,365
04/06/2001,DSM,IA,ACE,CE,Towers with Radar,91,118,97,6,312,1,1,2,0,4,92,119,99,6,316,64,0,64,380
04/07/2001,DSM,IA,ACE,CE,Towers with Radar,66,41,17,1,125,1,0,5,0,6,67,41,22,1,131,0,0,0,131
04/08/2001,DSM,IA,ACE,CE,Towers with Radar,62,47,46,3,158,1,2,86,0,89,63,49,132,3,247,18,0,18,265
04/09/2001,DSM,IA,ACE,CE,Towers with Radar,60,89,98,2,249,1,3,17,0,21,61,92,115,2,270,4,2,6,276
04/10/2001,DSM,IA,ACE,CE,Towers with Radar,91,111,94,0,296,0,1,0,0,1,91,112,94,0,297,0,0,0,297
04/11/2001,DSM,IA,ACE,CE,Towers with Radar,106,94,58,0,258,0,2,7,0,9,106,96,65,0,267,4,0,4,271
04/12/2001,DSM,IA,ACE,CE,Towers with Radar,94,121,73,9,297,0,2,13,0,15,94,123,86,9,312,30,8,38,350
04/13/2001,DSM,IA,ACE,CE,Towers with Radar,76,106,67,13,262,0,4,57,0,61,76,110,124,13,323,22,0,22,345
04/14/2001,DSM,IA,ACE,CE,Towers with Radar,54,53,24,1,132,0,2,58,1,61,54,55,82,2,193,16,0,16,209
04/15/2001,DSM,IA,ACE,CE,Towers with Radar,57,48,24,0,129,0,1,15,0,16,57,49,39,0,145,6,0,6,151
04/16/2001,DSM,IA,ACE,CE,Towers with Radar,79,67,58,1,205,0,6,12,0,18,79,73,70,1,223,0,0,0,223
04/17/2001,DSM,IA,ACE,CE,Towers with Radar,115,100,106,12,333,0,12,79,0,91,115,112,185,12,424,62,4,66,490
04/18/2001,DSM,IA,ACE,CE,Towers with Radar,121,101,126,20,368,0,4,113,0,117,121,105,239,20,485,44,0,44,529
04/19/2001,DSM,IA,ACE,CE,Towers with Radar,108,110,109,21,348,0,7,65,2,74,108,117,174,23,422,24,0,24,446
04/20/2001,DSM,IA,ACE,CE,Towers with Radar,85,112,102,21,320,0,12,65,1,78,85,124,167,22,398,44,30,74,472
04/21/2001,DSM,IA,ACE,CE,Towers with Radar,83,35,26,17,161,0,1,24,1,26,83,36,50,18,187,0,16,16,203
04/22/2001,DSM,IA,ACE,CE,Towers with Radar,61,39,31,1,132,0,5,14,1,20,61,44,45,2,152,0,0,0,152
04/23/2001,DSM,IA,ACE,CE,Towers with Radar,62,77,55,1,195,0,3,6,0,9,62,80,61,1,204,24,0,24,228
04/24/2001,DSM,IA,ACE,CE,Towers with Radar,105,111,110,20,346,0,6,64,0,70,105,117,174,20,416,22,26,48,464
04/25/2001,DSM,IA,ACE,CE,Towers with Radar,106,95,98,9,308,0,0,90,11,101,106,95,188,20,409,64,12,76,485
04/26/2001,DSM,IA,ACE,CE,Towers with Radar,101,119,105,16,341,0,1,53,0,54,101,120,158,16,395,54,14,68,463
04/27/2001,DSM,IA,ACE,CE,Towers with Radar,92,126,93,4,315,0,9,96,0,105,92,135,189,4,420,98,4,102,522
04/28/2001,DSM,IA,ACE,CE,Towers with Radar,69,49,26,0,144,0,2,51,0,53,69,51,77,0,197,34,0,34,231
04/29/2001,DSM,IA,ACE,CE,Towers with Radar,60,43,31,0,134,0,1,55,1,57,60,44,86,1,191,10,0,10,201
04/30/2001,DSM,IA,ACE,CE,Towers with Radar,72,86,83,0,241,0,4,24,0,28,72,90,107,0,269,0,0,0,269
05/01/2001,DSM,IA,ACE,CE,Towers with Radar,106,100,95,7,308,0,4,83,0,87,106,104,178,7,395,14,14,28,423
05/02/2001,DSM,IA,ACE,CE,Towers with Radar,105,125,59,9,298,0,1,5,0,6,105,126,64,9,304,0,0,0,304
05/03/2001,DSM,IA,ACE,CE,Towers with Radar,91,117,97,1,306,0,2,6,0,8,91,119,103,1,314,18,0,18,332
05/04/2001,DSM,IA,ACE,CE,Towers with Radar,81,121,86,6,294,0,1,0,0,1,81,122,86,6,295,0,0,0,295
05/05/2001,DSM,IA,ACE,CE,Towers with Radar,74,51,34,14,173,0,1,0,0,1,74,52,34,14,174,0,0,0,174
05/06/2001,DSM,IA,ACE,CE,Towers with Radar,76,33,44,1,154,0,3,12,0,15,76,36,56,1,169,0,0,0,169
05/07/2001,DSM,IA,ACE,CE,Towers with Radar,96,57,89,5,247,0,10,112,0,122,96,67,201,5,369,10,0,10,379
05/08/2001,DSM,IA,ACE,CE,Towers with Radar,0,0,0,0,0,0,0,0,0,0,0,0,0,0,0,0,0,0,0
05/09/2001,DSM,IA,ACE,CE,Towers with Radar,104,103,95,8,310,0,5,89,1,95,104,108,184,9,405,10,0,10,415
05/10/2001,DSM,IA,ACE,CE,Towers with Radar,106,97,96,0,299,0,2,35,0,37,106,99,131,0,336,10,0,10,346
05/11/2001,DSM,IA,ACE,CE,Towers with Radar,99,106,97,9,311,0,6,80,0,86,99,112,177,9,397,28,2,30,427
05/12/2001,DSM,IA,ACE,CE,Towers with Radar,71,57,50,2,180,0,2,95,0,97,71,59,145,2,277,68,0,68,345
05/13/2001,DSM,IA,ACE,CE,Towers with Radar,62,38,28,0,128,0,0,18,0,18,62,38,46,0,146,16,0,16,162
05/14/2001,DSM,IA,ACE,CE,Towers with Radar,78,81,86,2,247,0,1,58,3,62,78,82,144,5,309,6,0,6,315
05/15/2001,DSM,IA,ACE,CE,Towers with Radar,112,110,94,12,328,0,6,63,7,76,112,116,157,19,404,82,30,112,516
05/16/2001,DSM,IA,ACE,CE,Towers with Radar,104,99,92,9,304,4,0,86,5,95,108,99,178,14,399,28,6,34,433
05/17/2001,DSM,IA,ACE,CE,Towers with Radar,85,124,103,7,319,0,3,55,3,61,85,127,158,10,380,24,8,32,412
05/18/2001,DSM,IA,ACE,CE,Towers with Radar,82,112,93,19,306,0,4,89,1,94,82,116,182,20,400,14,8,22,422
05/19/2001,DSM,IA,ACE,CE,Towers with Radar,72,55,36,18,181,0,4,46,0,50,72,59,82,18,231,38,2,40,271
05/20/2001,DSM,IA,ACE,CE,Towers with Radar,77,39,45,0,161,0,0,13,0,13,77,39,58,0,174,46,0,46,220
05/21/2001,DSM,IA,ACE,CE,Towers with Radar,77,75,97,2,251,0,9,22,0,31,77,84,119,2,282,32,0,32,314
05/22/2001,DSM,IA,ACE,CE,Towers with Radar,110,96,87,17,310,0,0,76,1,77,110,96,163,18,387,12,18,30,417
05/23/2001,DSM,IA,ACE,CE,Towers with Radar,99,122,96,27,344,0,1,25,0,26,99,123,121,27,370,12,0,12,382
05/24/2001,DSM,IA,ACE,CE,Towers with Radar,113,89,134,0,336,0,3,38,0,41,113,92,172,0,377,12,0,12,389
05/25/2001,DSM,IA,ACE,CE,Towers with Radar,95,110,98,2,305,0,2,17,0,19,95,112,115,2,324,12,0,12,336
05/26/2001,DSM,IA,ACE,CE,Towers with Radar,57,56,51,0,164,2,0,16,0,18,59,56,67,0,182,14,0,14,196
05/27/2001,DSM,IA,ACE,CE,Towers with Radar,55,27,31,0,113,0,4,63,0,67,55,31,94,0,180,34,0,34,214
05/28/2001,DSM,IA,ACE,CE,Towers with Radar,50,50,40,6,146,0,6,47,2,55,50,56,87,8,201,32,0,32,233
05/29/2001,DSM,IA,ACE,CE,Towers with Radar,76,88,87,10,261,0,2,78,0,80,76,90,165,10,341,74,20,94,435
05/30/2001,DSM,IA,ACE,CE,Towers with Radar,110,121,82,17,330,0,0,18,0,18,110,121,100,17,348,42,0,42,390
05/31/2001,DSM,IA,ACE,CE,Towers with Radar,96,115,103,10,324,0,4,7,0,11,96,119,110,10,335,6,0,6,341
06/01/2001,DSM,IA,ACE,CE,Towers with Radar,82,113,76,20,291,1,9,44,1,55,83,122,120,21,346,10,10,20,366
06/02/2001,DSM,IA,ACE,CE,Towers with Radar,69,52,31,15,167,1,2,43,1,47,70,54,74,16,214,60,36,96,310
06/03/2001,DSM,IA,ACE,CE,Towers with Radar,67,53,37,0,157,1,0,58,0,59,68,53,95,0,216,36,0,36,252
06/04/2001,DSM,IA,ACE,CE,Towers with Radar,67,84,85,0,236,1,1,26,0,28,68,85,111,0,264,10,0,10,274
06/05/2001,DSM,IA,ACE,CE,Towers with Radar,101,100,87,9,297,9,0,7,3,19,110,100,94,12,316,6,0,6,322
06/06/2001,DSM,IA,ACE,CE,Towers with Radar,101,96,115,16,328,0,3,38,2,43,101,99,153,18,371,80,16,96,467
06/07/2001,DSM,IA,ACE,CE,Towers with Radar,118,116,150,24,408,0,8,60,0,68,118,124,210,24,476,22,30,52,528
06/08/2001,DSM,IA,ACE,CE,Towers with Radar,89,114,87,14,304,0,5,79,1,85,89,119,166,15,389,16,4,20,409
06/09/2001,DSM,IA,ACE,CE,Towers with Radar,73,57,24,8,162,0,2,42,3,47,73,59,66,11,209,14,0,14,223
06/10/2001,DSM,IA,ACE,CE,Towers with Radar,70,46,42,0,158,0,7,38,0,45,70,53,80,0,203,48,0,48,251
06/11/2001,DSM,IA,ACE,CE,Towers with Radar,75,90,76,4,245,0,0,85,0,85,75,90,161,4,330,44,6,50,380
06/12/2001,DSM,IA,ACE,CE,Towers with Radar,107,113,90,6,316,0,3,26,0,29,107,116,116,6,345,10,4,14,359
06/13/2001,DSM,IA,ACE,CE,Towers with Radar,114,123,101,4,342,0,4,23,1,28,114,127,124,5,370,48,8,56,426
06/14/2001,DSM,IA,ACE,CE,Towers with Radar,103,105,73,8,289,0,4,9,0,13,103,109,82,8,302,4,2,6,308
06/15/2001,DSM,IA,ACE,CE,Towers with Radar,81,115,88,2,286,0,5,109,0,114,81,120,197,2,400,52,0,52,452
06/16/2001,DSM,IA,ACE,CE,Towers with Radar,70,63,45,6,184,0,3,51,0,54,70,66,96,6,238,10,0,10,248
06/17/2001,DSM,IA,ACE,CE,Towers with Radar,68,53,26,6,153,0,1,46,0,47,68,54,72,6,200,0,0,0,200
06/18/2001,DSM,IA,ACE,CE,Towers with Radar,71,84,72,0,227,0,6,20,0,26,71,90,92,0,253,6,0,6,259
06/19/2001,DSM,IA,ACE,CE,Towers with Radar,103,115,78,3,299,0,6,33,1,40,103,121,111,4,339,26,0,26,365
06/20/2001,DSM,IA,ACE,CE,Towers with Radar,108,106,113,11,338,0,1,61,0,62,108,107,174,11,400,48,20,68,468
06/21/2001,DSM,IA,ACE,CE,Towers with Radar,99,115,108,7,329,0,0,41,2,43,99,115,149,9,372,16,8,24,396
06/22/2001,DSM,IA,ACE,CE,Towers with Radar,99,97,93,12,301,0,7,73,3,83,99,104,166,15,384,38,2,40,424
06/23/2001,DSM,IA,ACE,CE,Towers with Radar,62,55,28,7,152,0,2,67,0,69,62,57,95,7,221,0,8,8,229
06/24/2001,DSM,IA,ACE,CE,Towers with Radar,71,47,39,6,163,0,5,84,1,90,71,52,123,7,253,38,0,38,291
06/25/2001,DSM,IA,ACE,CE,Towers with Radar,68,87,78,2,235,0,2,50,0,52,68,89,128,2,287,20,0,20,307
06/26/2001,DSM,IA,ACE,CE,Towers with Radar,92,130,101,17,340,0,5,65,0,70,92,135,166,17,410,64,14,78,488
06/27/2001,DSM,IA,ACE,CE,Towers with Radar,112,120,95,13,340,0,9,62,0,71,112,129,157,13,411,34,6,40,451
06/28/2001,DSM,IA,ACE,CE,Towers with Radar,117,109,99,5,330,0,4,53,0,57,117,113,152,5,387,64,12,76,463
06/29/2001,DSM,IA,ACE,CE,Towers with Radar,87,112,108,16,323,0,13,63,1,77,87,125,171,17,400,32,0,32,432
06/30/2001,DSM,IA,ACE,CE,Towers with Radar,70,55,34,7,166,0,0,41,0,41,70,55,75,7,207,0,0,0,207
07/01/2001,DSM,IA,ACE,CE,Towers with Radar,71,49,34,0,154,1,0,48,0,49,72,49,82,0,203,16,0,16,219
07/02/2001,DSM,IA,ACE,CE,Towers with Radar,73,72,87,1,233,0,3,47,1,51,73,75,134,2,284,12,0,12,296
07/03/2001,DSM,IA,ACE,CE,Towers with Radar,91,107,58,0,256,0,6,52,0,58,91,113,110,0,314,32,0,32,346
07/04/2001,DSM,IA,ACE,CE,Towers with Radar,67,59,13,0,139,0,1,30,0,31,67,60,43,0,170,2,0,2,172
07/05/2001,DSM,IA,ACE,CE,Towers with Radar,79,95,69,0,243,0,2,85,0,87,79,97,154,0,330,16,0,16,346
07/06/2001,DSM,IA,ACE,CE,Towers with Radar,102,102,55,8,267,0,1,51,0,52,102,103,106,8,319,22,2,24,343
07/07/2001,DSM,IA,ACE,CE,Towers with Radar,77,44,27,0,148,0,0,30,0,30,77,44,57,0,178,0,0,0,178
07/08/2001,DSM,IA,ACE,CE,Towers with Radar,82,34,48,0,164,0,1,60,0,61,82,35,108,0,225,32,0,32,257
07/09/2001,DSM,IA,ACE,CE,Towers with Radar,68,91,69,0,228,0,2,52,0,54,68,93,121,0,282,10,0,10,292
07/10/2001,DSM,IA,ACE,CE,Towers with Radar,110,115,73,4,302,0,5,89,0,94,110,120,162,4,396,34,4,38,434
07/11/2001,DSM,IA,ACE,CE,Towers with Radar,94,116,68,6,284,0,4,53,2,59,94,120,121,8,343,14,8,22,365
07/12/2001,DSM,IA,ACE,CE,Towers with Radar,98,111,96,15,320,0,4,77,0,81,98,115,173,15,401,16,8,24,425
07/13/2001,DSM,IA,ACE,CE,Towers with Radar,97,96,81,7,281,0,0,59,7,66,97,96,140,14,347,32,0,32,379
07/14/2001,DSM,IA,ACE,CE,Towers with Radar,57,75,30,4,166,0,0,54,4,58,57,75,84,8,224,40,6,46,270
07/15/2001,DSM,IA,ACE,CE,Towers with Radar,68,60,40,3,171,0,7,84,0,91,68,67,124,3,262,16,0,16,278
07/16/2001,DSM,IA,ACE,CE,Towers with Radar,76,81,78,2,237,0,2,64,0,66,76,83,142,2,303,4,0,4,307
07/17/2001,DSM,IA,ACE,CE,Towers with Radar,104,108,108,9,329,0,10,37,0,47,104,118,145,9,376,2,0,2,378
07/18/2001,DSM,IA,ACE,CE,Towers with Radar,108,113,90,11,322,0,0,76,4,80,108,113,166,15,402,8,4,12,414
07/19/2001,DSM,IA,ACE,CE,Towers with Radar,112,107,98,10,327,0,0,48,0,48,112,107,146,10,375,12,4,16,391
07/20/2001,DSM,IA,ACE,CE,Towers with Radar,98,113,81,5,297,0,1,41,0,42,98,114,122,5,339,18,2,20,359
07/21/2001,DSM,IA,ACE,CE,Towers with Radar,62,64,52,2,180,0,1,30,0,31,62,65,82,2,211,22,0,22,233
07/22/2001,DSM,IA,ACE,CE,Towers with Radar,73,57,54,0,184,0,0,61,0,61,73,57,115,0,245,6,0,6,251
07/23/2001,DSM,IA,ACE,CE,Towers with Radar,72,76,63,2,213,0,1,38,1,40,72,77,101,3,253,30,4,34,287
07/24/2001,DSM,IA,ACE,CE,Towers with Radar,119,87,109,17,332,0,2,54,0,56,119,89,163,17,388,12,14,26,414
07/25/2001,DSM,IA,ACE,CE,Towers with Radar,99,102,86,10,297,0,0,13,1,14,99,102,99,11,311,0,0,0,311
07/26/2001,DSM,IA,ACE,CE,Towers with Radar,106,113,127,12,358,0,4,61,0,65,106,117,188,12,423,32,0,32,455
07/27/2001,DSM,IA,ACE,CE,Towers with Radar,112,88,104,12,316,0,0,46,0,46,112,88,150,12,362,28,24,52,414
07/28/2001,DSM,IA,ACE,CE,Towers with Radar,70,51,67,12,200,0,2,19,0,21,70,53,86,12,221,4,12,16,237
07/29/2001,DSM,IA,ACE,CE,Towers with Radar,70,50,81,2,203,0,0,57,0,57,70,50,138,2,260,36,0,36,296
07/30/2001,DSM,IA,ACE,CE,Towers with Radar,74,68,76,0,218,0,11,41,0,52,74,79,117,0,270,8,0,8,278
07/31/2001,DSM,IA,ACE,CE,Towers with Radar,104,111,96,23,334,0,5,47,2,54,104,116,143,25,388,12,20,32,420
08/01/2001,DSM,IA,ACE,CE,Towers with Radar,107,100,97,18,322,0,4,71,2,77,107,104,168,20,399,30,32,62,461
08/02/2001,DSM,IA,ACE,CE,Towers with Radar,111,104,104,24,343,0,4,33,0,37,111,108,137,24,380,44,20,64,444
08/03/2001,DSM,IA,ACE,CE,Towers with Radar,99,100,83,8,290,0,3,42,0,45,99,103,125,8,335,20,22,42,377
08/04/2001,DSM,IA,ACE,CE,Towers with Radar,75,63,45,14,197,0,2,43,4,49,75,65,88,18,246,82,44,126,372
08/05/2001,DSM,IA,ACE,CE,Towers with Radar,77,45,52,6,180,0,2,67,0,69,77,47,119,6,249,20,4,24,273
08/06/2001,DSM,IA,ACE,CE,Towers with Radar,67,87,77,0,231,0,5,51,1,57,67,92,128,1,288,20,0,20,308
08/07/2001,DSM,IA,ACE,CE,Towers with Radar,108,117,103,9,337,0,5,57,2,64,108,122,160,11,401,38,28,66,467
08/08/2001,DSM,IA,ACE,CE,Towers with Radar,133,98,124,14,369,0,5,63,0,68,133,103,187,14,437,12,12,24,461
08/09/2001,DSM,IA,ACE,CE,Towers with Radar,123,107,91,15,336,0,3,50,0,53,123,110,141,15,389,6,14,20,409
08/10/2001,DSM,IA,ACE,CE,Towers with Radar,108,110,94,21,333,0,2,78,1,81,108,112,172,22,414,12,24,36,450
08/11/2001,DSM,IA,ACE,CE,Towers with Radar,59,54,47,1,161,21,4,49,0,74,80,58,96,1,235,34,0,34,269
08/12/2001,DSM,IA,ACE,CE,Towers with Radar,82,43,43,0,168,0,1,56,0,57,82,44,99,0,225,4,0,4,229
08/13/2001,DSM,IA,ACE,CE,Towers with Radar,74,82,49,0,205,0,4,39,2,45,74,86,88,2,250,16,0,16,266
08/14/2001,DSM,IA,ACE,CE,Towers with Radar,128,96,100,9,333,0,12,60,0,72,128,108,160,9,405,26,4,30,435
08/15/2001,DSM,IA,ACE,CE,Towers with Radar,100,117,101,20,338,0,1,5,0,6,100,118,106,20,344,12,0,12,356
08/16/2001,DSM,IA,ACE,CE,Towers with Radar,124,99,109,13,345,0,0,53,4,57,124,99,162,17,402,38,8,46,448
08/17/2001,DSM,IA,ACE,CE,Towers with Radar,106,106,82,12,306,0,5,79,2,86,106,111,161,14,392,24,4,28,420
08/18/2001,DSM,IA,ACE,CE,Towers with Radar,65,46,53,0,164,33,0,13,0,46,98,46,66,0,210,40,0,40,250
08/19/2001,DSM,IA,ACE,CE,Towers with Radar,73,50,43,4,170,0,5,69,0,74,73,55,112,4,244,24,0,24,268
08/20/2001,DSM,IA,ACE,CE,Towers with Radar,73,101,70,3,247,0,4,40,2,46,73,105,110,5,293,8,0,8,301
08/21/2001,DSM,IA,ACE,CE,Towers with Radar,122,102,101,20,345,0,8,44,1,53,122,110,145,21,398,48,0,48,446
08/22/2001,DSM,IA,ACE,CE,Towers with Radar,113,120,95,15,343,0,5,37,0,42,113,125,132,15,385,52,14,66,451
08/23/2001,DSM,IA,ACE,CE,Towers with Radar,108,125,110,14,357,0,6,33,0,39,108,131,143,14,396,8,0,8,404
08/24/2001,DSM,IA,ACE,CE,Towers with Radar,122,95,119,8,344,0,1,3,0,4,122,96,122,8,348,18,12,30,378
08/25/2001,DSM,IA,ACE,CE,Towers with Radar,71,54,41,10,176,0,1,15,0,16,71,55,56,10,192,0,4,4,196
08/26/2001,DSM,IA,ACE,CE,Towers with Radar,77,55,55,2,189,0,3,72,1,76,77,58,127,3,265,20,0,20,285
08/27/2001,DSM,IA,ACE,CE,Towers with Radar,66,94,76,1,237,0,1,59,1,61,66,95,135,2,298,14,0,14,312
08/28/2001,DSM,IA,ACE,CE,Towers with Radar,97,130,100,6,333,0,8,77,1,86,97,138,177,7,419,22,22,44,463
08/29/2001,DSM,IA,ACE,CE,Towers with Radar,111,107,96,10,324,0,14,47,6,67,111,121,143,16,391,4,12,16,407
08/30/2001,DSM,IA,ACE,CE,Towers with Radar,104,122,92,12,330,0,2,58,1,61,104,124,150,13,391,36,24,60,451
08/31/2001,DSM,IA,ACE,CE,Towers with Radar,125,109,97,1,332,14,8,68,1,91,139,117,165,2,423,46,0,46,469
09/01/2001,DSM,IA,ACE,CE,Towers with Radar,67,50,22,0,139,1,0,88,0,89,68,50,110,0,228,0,0,0,228
09/02/2001,DSM,IA,ACE,CE,Towers with Radar,58,31,17,0,106,0,0,59,0,59,58,31,76,0,165,20,0,20,185
09/03/2001,DSM,IA,ACE,CE,Towers with Radar,39,68,45,1,153,0,1,39,0,40,39,69,84,1,193,32,2,34,227
09/04/2001,DSM,IA,ACE,CE,Towers with Radar,76,95,49,18,238,0,3,47,3,53,76,98,96,21,291,48,28,76,367
09/05/2001,DSM,IA,ACE,CE,Towers with Radar,104,139,82,13,338,1,3,78,0,82,105,142,160,13,420,16,26,42,462
09/06/2001,DSM,IA,ACE,CE,Towers with Radar,118,108,105,11,342,1,0,12,0,13,119,108,117,11,355,6,0,6,361
09/07/2001,DSM,IA,ACE,CE,Towers with Radar,124,103,51,2,280,1,0,4,0,5,125,103,55,2,285,48,0,48,333
09/08/2001,DSM,IA,ACE,CE,Towers with Radar,78,56,32,7,173,1,2,33,0,36,79,58,65,7,209,14,4,18,227
09/09/2001,DSM,IA,ACE,CE,Towers with Radar,68,59,58,5,190,0,0,41,0,41,68,59,99,5,231,12,8,20,251
09/10/2001,DSM,IA,ACE,CE,Towers with Radar,75,93,91,5,264,1,0,84,0,85,76,93,175,5,349,36,0,36,385
09/11/2001,DSM,IA,ACE,CE,Towers with Radar,39,55,27,0,121,1,0,12,0,13,40,55,39,0,134,0,0,0,134
09/12/2001,DSM,IA,ACE,CE,Towers with Radar,0,0,0,0,0,0,0,0,0,0,0,0,0,0,0,0,0,0,0
09/13/2001,DSM,IA,ACE,CE,Towers with Radar,18,40,0,2,60,0,3,0,0,3,18,43,0,2,63,0,0,0,63
09/14/2001,DSM,IA,ACE,CE,Towers with Radar,64,71,18,7,160,0,61,0,6,67,64,132,18,13,227,0,14,14,241
09/15/2001,DSM,IA,ACE,CE,Towers with Radar,53,57,48,2,160,0,1,1,0,2,53,58,49,2,162,0,0,0,162
09/16/2001,DSM,IA,ACE,CE,Towers with Radar,71,33,26,0,130,0,5,1,0,6,71,38,27,0,136,0,0,0,136
09/17/2001,DSM,IA,ACE,CE,Towers with Radar,49,88,70,2,209,0,11,3,0,14,49,99,73,2,223,0,0,0,223
09/18/2001,DSM,IA,ACE,CE,Towers with Radar,93,115,87,15,310,0,0,1,0,1,93,115,88,15,311,2,0,2,313
09/19/2001,DSM,IA,ACE,CE,Towers with Radar,101,100,108,10,319,0,0,1,0,1,101,100,109,10,320,0,0,0,320
09/20/2001,DSM,IA,ACE,CE,Towers with Radar,97,110,78,4,289,0,0,19,0,19,97,110,97,4,308,4,0,4,312
09/21/2001,DSM,IA,ACE,CE,Towers with Radar,89,98,101,15,303,0,0,22,0,22,89,98,123,15,325,0,6,6,331
09/22/2001,DSM,IA,ACE,CE,Towers with Radar,62,57,21,11,151,0,0,27,1,28,62,57,48,12,179,12,0,12,191
09/23/2001,DSM,IA,ACE,CE,Towers with Radar,81,27,29,4,141,0,1,11,0,12,81,28,40,4,153,0,0,0,153
09/24/2001,DSM,IA,ACE,CE,Towers with Radar,61,85,76,1,223,0,0,75,1,76,61,85,151,2,299,42,0,42,341
09/25/2001,DSM,IA,ACE,CE,Towers with Radar,102,108,97,19,326,0,5,70,0,75,102,113,167,19,401,40,36,76,477
09/26/2001,DSM,IA,ACE,CE,Towers with Radar,96,114,99,12,321,0,3,75,1,79,96,117,174,13,400,42,14,56,456
09/27/2001,DSM,IA,ACE,CE,Towers with Radar,94,111,126,8,339,0,3,54,0,57,94,114,180,8,396,46,14,60,456
09/28/2001,DSM,IA,ACE,CE,Towers with Radar,91,99,89,5,284,0,2,63,5,70,91,101,152,10,354,52,4,56,410
09/29/2001,DSM,IA,ACE,CE,Towers with Radar,69,45,49,0,163,0,4,40,0,44,69,49,89,0,207,14,0,14,221
09/30/2001,DSM,IA,ACE,CE,Towers with Radar,66,45,40,0,151,0,0,64,0,64,66,45,104,0,215,32,0,32,247
10/01/2001,DSM,IA,ACE,CE,Towers with Radar,55,86,75,0,216,0,4,33,0,37,55,90,108,0,253,6,0,6,259
10/02/2001,DSM,IA,ACE,CE,Towers with Radar,77,129,84,9,299,0,4,53,1,58,77,133,137,10,357,10,12,22,379
10/03/2001,DSM,IA,ACE,CE,Towers with Radar,85,135,100,7,327,0,8,25,5,38,85,143,125,12,365,28,4,32,397
10/04/2001,DSM,IA,ACE,CE,Towers with Radar,88,117,98,11,314,0,1,24,1,26,88,118,122,12,340,4,2,6,346
10/05/2001,DSM,IA,ACE,CE,Towers with Radar,75,119,69,0,263,0,2,25,0,27,75,121,94,0,290,6,0,6,296
10/06/2001,DSM,IA,ACE,CE,Towers with Radar,66,44,51,0,161,0,1,68,0,69,66,45,119,0,230,38,0,38,268
10/07/2001,DSM,IA,ACE,CE,Towers with Radar,55,50,52,0,157,0,1,57,1,59,55,51,109,1,216,18,0,18,234
10/08/2001,DSM,IA,ACE,CE,Towers with Radar,50,80,63,1,194,0,2,28,1,31,50,82,91,2,225,6,0,6,231
10/09/2001,DSM,IA,ACE,CE,Towers with Radar,89,87,75,28,279,0,2,22,1,25,89,89,97,29,304,4,8,12,316
10/10/2001,DSM,IA,ACE,CE,Towers with Radar,96,120,84,14,314,0,5,20,1,26,96,125,104,15,340,14,16,30,370
10/11/2001,DSM,IA,ACE,CE,Towers with Radar,108,101,87,22,318,0,3,54,1,58,108,104,141,23,376,50,36,86,462
10/12/2001,DSM,IA,ACE,CE,Towers with Radar,89,98,107,4,298,0,2,44,3,49,89,100,151,7,347,32,0,32,379
10/13/2001,DSM,IA,ACE,CE,Towers with Radar,76,57,44,18,195,0,1,8,1,10,76,58,52,19,205,4,0,4,209
10/14/2001,DSM,IA,ACE,CE,Towers with Radar,68,39,50,1,158,0,3,25,1,29,68,42,75,2,187,0,0,0,187
10/15/2001,DSM,IA,ACE,CE,Towers with Radar,52,87,88,2,229,0,11,23,0,34,52,98,111,2,263,4,0,4,267
10/16/2001,DSM,IA,ACE,CE,Towers with Radar,103,100,122,11,336,0,2,36,0,38,103,102,158,11,374,2,10,12,386
10/17/2001,DSM,IA,ACE,CE,Towers with Radar,96,105,92,8,301,2,1,50,2,55,98,106,142,10,356,8,8,16,372
10/18/2001,DSM,IA,ACE,CE,Towers with Radar,89,119,95,13,316,0,0,45,1,46,89,119,140,14,362,18,12,30,392
10/19/2001,DSM,IA,ACE,CE,Towers with Radar,85,102,92,12,291,0,3,79,0,82,85,105,171,12,373,46,10,56,429
10/20/2001,DSM,IA,ACE,CE,Towers with Radar,53,63,46,0,162,0,3,52,0,55,53,66,98,0,217,22,0,22,239
10/21/2001,DSM,IA,ACE,CE,Towers with Radar,55,59,52,0,166,20,0,49,0,69,75,59,101,0,235,56,0,56,291
10/22/2001,DSM,IA,ACE,CE,Towers with Radar,57,87,73,1,218,0,2,2,0,4,57,89,75,1,222,48,0,48,270
10/23/2001,DSM,IA,ACE,CE,Towers with Radar,101,96,118,20,335,0,0,23,0,23,101,96,141,20,358,0,0,0,358
10/24/2001,DSM,IA,ACE,CE,Towers with Radar,99,98,90,0,287,0,0,20,0,20,99,98,110,0,307,0,0,0,307
10/25/2001,DSM,IA,ACE,CE,Towers with Radar,107,110,98,2,317,0,2,14,0,16,107,112,112,2,333,0,0,0,333
10/26/2001,DSM,IA,ACE,CE,Towers with Radar,95,81,84,19,279,0,6,36,2,44,95,87,120,21,323,8,6,14,337
10/27/2001,DSM,IA,ACE,CE,Towers with Radar,64,51,40,2,157,0,7,57,0,64,64,58,97,2,221,2,0,2,223
10/28/2001,DSM,IA,ACE,CE,Towers with Radar,43,48,32,2,125,17,0,0,0,17,60,48,32,2,142,12,0,12,154
10/29/2001,DSM,IA,ACE,CE,Towers with Radar,63,80,69,0,212,0,6,59,0,65,63,86,128,0,277,26,0,26,303
10/30/2001,DSM,IA,ACE,CE,Towers with Radar,95,113,91,10,309,0,0,6,0,6,95,113,97,10,315,6,14,20,335
10/31/2001,DSM,IA,ACE,CE,Towers with Radar,104,99,61,5,269,0,0,26,0,26,104,99,87,5,295,0,0,0,295
11/01/2001,DSM,IA,ACE,CE,Towers with Radar,113,109,95,10,327,0,1,47,0,48,113,110,142,10,375,4,12,16,391
11/02/2001,DSM,IA,ACE,CE,Towers with Radar,73,115,72,11,271,0,6,67,0,73,73,121,139,11,344,52,4,56,400
11/03/2001,DSM,IA,ACE,CE,Towers with Radar,68,56,34,10,168,0,3,38,0,41,68,59,72,10,209,6,0,6,215
11/04/2001,DSM,IA,ACE,CE,Towers with Radar,64,50,47,3,164,0,6,71,2,79,64,56,118,5,243,28,0,28,271
11/05/2001,DSM,IA,ACE,CE,Towers with Radar,86,69,80,0,235,0,4,50,0,54,86,73,130,0,289,14,0,14,303
11/06/2001,DSM,IA,ACE,CE,Towers with Radar,87,137,108,7,339,0,0,49,0,49,87,137,157,7,388,34,4,38,426
11/07/2001,DSM,IA,ACE,CE,Towers with Radar,113,116,112,18,359,0,8,41,4,53,113,124,153,22,412,52,16,68,480
11/08/2001,DSM,IA,ACE,CE,Towers with Radar,84,140,95,12,331,0,0,46,0,46,84,140,141,12,377,24,4,28,405
11/09/2001,DSM,IA,ACE,CE,Towers with Radar,96,105,97,0,298,0,8,79,2,89,96,113,176,2,387,22,0,22,409
11/10/2001,DSM,IA,ACE,CE,Towers with Radar,57,66,44,0,167,0,8,71,0,79,57,74,115,0,246,28,0,28,274
11/11/2001,DSM,IA,ACE,CE,Towers with Radar,57,56,74,0,187,0,0,38,0,38,57,56,112,0,225,44,0,44,269
11/12/2001,DSM,IA,ACE,CE,Towers with Radar,77,50,85,4,216,0,5,24,0,29,77,55,109,4,245,16,0,16,261
11/13/2001,DSM,IA,ACE,CE,Towers with Radar,95,102,128,23,348,0,5,16,0,21,95,107,144,23,369,6,0,6,375
11/14/2001,DSM,IA,ACE,CE,Towers with Radar,106,120,119,12,357,0,0,15,0,15,106,120,134,12,372,32,4,36,408
11/15/2001,DSM,IA,ACE,CE,Towers with Radar,100,127,115,17,359,0,0,48,3,51,100,127,163,20,410,62,12,74,484
11/16/2001,DSM,IA,ACE,CE,Towers with Radar,73,129,93,16,311,0,1,44,0,45,73,130,137,16,356,36,4,40,396
11/17/2001,DSM,IA,ACE,CE,Towers with Radar,91,50,52,4,197,0,8,100,2,110,91,58,152,6,307,84,8,92,399
11/18/2001,DSM,IA,ACE,CE,Towers with Radar,51,55,36,2,144,0,2,26,0,28,51,57,62,2,172,0,0,0,172
11/19/2001,DSM,IA,ACE,CE,Towers with Radar,69,76,58,13,216,0,6,31,0,37,69,82,89,13,253,6,12,18,271
11/20/2001,DSM,IA,ACE,CE,Towers with Radar,113,134,89,30,366,0,7,54,3,64,113,141,143,33,430,24,24,48,478
11/21/2001,DSM,IA,ACE,CE,Towers with Radar,138,110,64,0,312,0,2,54,0,56,138,112,118,0,368,22,0,22,390
11/22/2001,DSM,IA,ACE,CE,Towers with Radar,67,56,21,0,144,0,6,15,0,21,67,62,36,0,165,0,0,0,165
11/23/2001,DSM,IA,ACE,CE,Towers with Radar,53,55,25,0,133,0,3,1,0,4,53,58,26,0,137,0,0,0,137
11/24/2001,DSM,IA,ACE,CE,Towers with Radar,63,44,26,0,133,0,1,4,0,5,63,45,30,0,138,2,0,2,140
11/25/2001,DSM,IA,ACE,CE,Towers with Radar,74,47,53,0,174,0,2,7,0,9,74,49,60,0,183,18,0,18,201
11/26/2001,DSM,IA,ACE,CE,Towers with Radar,61,87,66,2,216,0,2,1,0,3,61,89,67,2,219,0,0,0,219
11/27/2001,DSM,IA,ACE,CE,Towers with Radar,122,72,84,17,295,0,0,6,0,6,122,72,90,17,301,0,12,12,313
11/28/2001,DSM,IA,ACE,CE,Towers with Radar,126,102,63,27,318,0,0,3,0,3,126,102,66,27,321,0,0,0,321
11/29/2001,DSM,IA,ACE,CE,Towers with Radar,117,111,101,29,358,0,4,11,0,15,117,115,112,29,373,6,12,18,391
11/30/2001,DSM,IA,ACE,CE,Towers with Radar,85,102,68,8,263,0,2,2,0,4,85,104,70,8,267,0,2,2,269
12/01/2001,DSM,IA,ACE,CE,Towers with Radar,72,51,54,18,195,1,1,51,3,56,73,52,105,21,251,10,8,18,269
12/02/2001,DSM,IA,ACE,CE,Towers with Radar,64,38,34,7,143,1,10,49,0,60,65,48,83,7,203,28,0,28,231
12/03/2001,DSM,IA,ACE,CE,Towers with Radar,56,83,70,2,211,1,12,14,0,27,57,95,84,2,238,10,0,10,248
12/04/2001,DSM,IA,ACE,CE,Towers with Radar,141,123,100,11,375,0,0,32,13,45,141,123,132,24,420,0,0,0,420
12/05/2001,DSM,IA,ACE,CE,Towers with Radar,115,107,80,11,313,1,3,10,0,14,116,110,90,11,327,2,0,2,329
12/06/2001,DSM,IA,ACE,CE,Towers with Radar,110,117,83,13,323,1,4,44,0,49,111,121,127,13,372,18,16,34,406
12/07/2001,DSM,IA,ACE,CE,Towers with Radar,74,131,84,9,298,1,15,49,0,65,75,146,133,9,363,8,16,24,387
12/08/2001,DSM,IA,ACE,CE,Towers with Radar,55,60,28,2,145,1,0,23,0,24,56,60,51,2,169,30,0,30,199
12/09/2001,DSM,IA,ACE,CE,Towers with Radar,46,62,51,1,160,1,0,36,0,37,47,62,87,1,197,12,0,12,209
12/10/2001,DSM,IA,ACE,CE,Towers with Radar,84,91,74,2,251,0,15,61,0,76,84,106,135,2,327,14,0,14,341
12/11/2001,DSM,IA,ACE,CE,Towers with Radar,121,119,84,8,332,0,4,46,0,50,121,123,130,8,382,50,10,60,442
12/12/2001,DSM,IA,ACE,CE,Towers with Radar,113,114,90,14,331,0,1,4,0,5,113,115,94,14,336,0,0,0,336
12/13/2001,DSM,IA,ACE,CE,Towers with Radar,101,121,64,18,304,0,3,10,0,13,101,124,74,18,317,12,8,20,337
12/14/2001,DSM,IA,ACE,CE,Towers with Radar,81,115,93,18,307,0,1,33,0,34,81,116,126,18,341,14,12,26,367
12/15/2001,DSM,IA,ACE,CE,Towers with Radar,75,46,28,15,164,0,9,12,0,21,75,55,40,15,185,24,6,30,215
12/16/2001,DSM,IA,ACE,CE,Towers with Radar,61,54,41,0,156,0,4,3,0,7,61,58,44,0,163,0,0,0,163
12/17/2001,DSM,IA,ACE,CE,Towers with Radar,90,61,88,0,239,0,1,43,0,44,90,62,131,0,283,14,0,14,297
12/18/2001,DSM,IA,ACE,CE,Towers with Radar,122,102,104,8,336,0,12,87,0,99,122,114,191,8,435,24,4,28,463
12/19/2001,DSM,IA,ACE,CE,Towers with Radar,110,124,62,19,315,0,2,48,3,53,110,126,110,22,368,32,12,44,412
12/20/2001,DSM,IA,ACE,CE,Towers with Radar,129,103,84,13,329,0,3,64,0,67,129,106,148,13,396,12,16,28,424
12/21/2001,DSM,IA,ACE,CE,Towers with Radar,112,113,69,0,294,0,9,62,0,71,112,122,131,0,365,60,0,60,425
12/22/2001,DSM,IA,ACE,CE,Towers with Radar,61,54,26,0,141,0,3,0,0,3,61,57,26,0,144,6,0,6,150
12/23/2001,DSM,IA,ACE,CE,Towers with Radar,47,54,22,0,123,0,6,3,0,9,47,60,25,0,132,0,2,2,134
12/24/2001,DSM,IA,ACE,CE,Towers with Radar,68,39,11,0,118,0,8,17,0,25,68,47,28,0,143,0,0,0,143
12/25/2001,DSM,IA,ACE,CE,Towers with Radar,61,65,6,0,132,0,6,5,0,11,61,71,11,0,143,2,0,2,145
12/26/2001,DSM,IA,ACE,CE,Towers with Radar,83,63,56,5,207,0,8,12,0,20,83,71,68,5,227,18,0,18,245
12/27/2001,DSM,IA,ACE,CE,Towers with Radar,93,96,43,7,239,0,4,8,1,13,93,100,51,8,252,0,0,0,252
12/28/2001,DSM,IA,ACE,CE,Towers with Radar,107,92,55,0,254,0,2,33,0,35,107,94,88,0,289,10,0,10,299
12/29/2001,DSM,IA,ACE,CE,Towers with Radar,73,45,19,0,137,0,3,36,0,39,73,48,55,0,176,8,0,8,184
12/30/2001,DSM,IA,ACE,CE,Towers with Radar,68,49,28,0,145,0,1,24,0,25,68,50,52,0,170,6,0,6,176
12/31/2001,DSM,IA,ACE,CE,Towers with Radar,52,70,19,0,141,0,1,17,0,18,52,71,36,0,159,0,0,0,159
01/01/2002,DSM,IA,ACE,CE,Towers with Radar,77,57,15,0,149,1,7,27,0,35,78,64,42,0,184,0,0,0,184
01/02/2002,DSM,IA,ACE,CE,Towers with Radar,54,94,50,16,214,1,3,20,0,24,55,97,70,16,238,0,4,4,242
01/03/2002,DSM,IA,ACE,CE,Towers with Radar,97,106,62,17,282,1,0,47,2,50,98,106,109,19,332,50,0,50,382
01/04/2002,DSM,IA,ACE,CE,Towers with Radar,73,103,51,7,234,1,0,59,0,60,74,103,110,7,294,8,0,8,302
01/05/2002,DSM,IA,ACE,CE,Towers with Radar,51,71,33,9,164,1,2,25,1,29,52,73,58,10,193,110,0,110,303
01/06/2002,DSM,IA,ACE,CE,Towers with Radar,57,49,22,3,131,1,0,6,10,17,58,49,28,13,148,4,4,8,156
01/07/2002,DSM,IA,ACE,CE,Towers with Radar,86,59,68,0,213,1,10,26,12,49,87,69,94,12,262,2,0,2,264
01/08/2002,DSM,IA,ACE,CE,Towers with Radar,110,113,75,3,301,1,1,42,13,57,111,114,117,16,358,6,8,14,372
01/09/2002,DSM,IA,ACE,CE,Towers with Radar,105,106,97,0,308,1,0,46,0,47,106,106,143,0,355,52,0,52,407
01/10/2002,DSM,IA,ACE,CE,Towers with Radar,106,120,75,0,301,1,0,30,0,31,107,120,105,0,332,6,0,6,338
01/11/2002,DSM,IA,ACE,CE,Towers with Radar,82,116,74,3,275,1,3,54,0,58,83,119,128,3,333,72,6,78,411
01/12/2002,DSM,IA,ACE,CE,Towers with Radar,67,54,29,3,153,1,0,31,19,51,68,54,60,22,204,26,0,26,230
01/13/2002,DSM,IA,ACE,CE,Towers with Radar,58,54,30,3,145,1,11,25,0,37,59,65,55,3,182,12,4,16,198
01/14/2002,DSM,IA,ACE,CE,Towers with Radar,69,73,47,2,191,1,1,6,0,8,70,74,53,2,199,12,0,12,211
01/15/2002,DSM,IA,ACE,CE,Towers with Radar,97,117,93,6,313,1,0,24,12,37,98,117,117,18,350,10,2,12,362
01/16/2002,DSM,IA,ACE,CE,Towers with Radar,75,132,77,3,287,1,9,24,19,53,76,141,101,22,340,24,4,28,368
01/17/2002,DSM,IA,ACE,CE,Towers with Radar,83,143,85,1,312,1,8,32,4,45,84,151,117,5,357,10,0,10,367
01/18/2002,DSM,IA,ACE,CE,Towers with Radar,95,110,65,23,293,1,3,55,4,63,96,113,120,27,356,12,12,24,380
01/19/2002,DSM,IA,ACE,CE,Towers with Radar,64,56,38,5,163,1,0,20,0,21,65,56,58,5,184,30,0,30,214
01/20/2002,DSM,IA,ACE,CE,Towers with Radar,75,36,30,7,148,1,1,32,1,35,76,37,62,8,183,2,0,2,185
01/21/2002,DSM,IA,ACE,CE,Towers with Radar,66,62,60,0,188,0,1,46,0,47,66,63,106,0,235,22,0,22,257
01/22/2002,DSM,IA,ACE,CE,Towers with Radar,90,84,80,0,254,0,4,45,2,51,90,88,125,2,305,10,0,10,315
01/23/2002,DSM,IA,ACE,CE,Towers with Radar,116,108,66,17,307,0,8,17,1,26,116,116,83,18,333,2,24,26,359
01/24/2002,DSM,IA,ACE,CE,Towers with Radar,86,115,74,7,282,0,20,31,7,58,86,135,105,14,340,6,16,22,362
01/25/2002,DSM,IA,ACE,CE,Towers with Radar,75,123,65,22,285,0,5,48,1,54,75,128,113,23,339,10,12,22,361
01/26/2002,DSM,IA,ACE,CE,Towers with Radar,63,57,27,8,155,0,2,61,0,63,63,59,88,8,218,60,6,66,284
01/27/2002,DSM,IA,ACE,CE,Towers with Radar,56,55,32,2,145,0,0,45,0,45,56,55,77,2,190,14,0,14,204
01/28/2002,DSM,IA,ACE,CE,Towers with Radar,86,62,62,4,214,0,0,1,0,1,86,62,63,4,215,0,0,0,215
01/29/2002,DSM,IA,ACE,CE,Towers with Radar,93,110,76,2,281,0,0,1,0,1,93,110,77,2,282,0,0,0,282
01/30/2002,DSM,IA,ACE,CE,Towers with Radar,107,104,83,4,298,0,0,1,0,1,107,104,84,4,299,6,0,6,305
01/31/2002,DSM,IA,ACE,CE,Towers with Radar,103,94,45,2,244,0,0,1,0,1,103,94,46,2,245,0,0,0,245
02/01/2002,DSM,IA,ACE,CE,Towers with Radar,75,126,54,1,256,0,0,21,1,22,75,126,75,2,278,6,0,6,284
02/02/2002,DSM,IA,ACE,CE,Towers with Radar,53,68,41,5,167,0,2,33,0,35,53,70,74,5,202,16,36,52,254
02/03/2002,DSM,IA,ACE,CE,Towers with Radar,56,58,29,1,144,0,4,23,0,27,56,62,52,1,171,12,0,12,183
02/04/2002,DSM,IA,ACE,CE,Towers with Radar,86,68,89,2,245,0,2,38,0,40,86,70,127,2,285,12,0,12,297
02/05/2002,DSM,IA,ACE,CE,Towers with Radar,99,96,75,12,282,0,5,27,3,35,99,101,102,15,317,16,24,40,357
02/06/2002,DSM,IA,ACE,CE,Towers with Radar,84,108,115,6,313,0,1,4,0,5,84,109,119,6,318,14,0,14,332
02/07/2002,DSM,IA,ACE,CE,Towers with Radar,88,138,53,15,294,0,2,34,0,36,88,140,87,15,330,50,10,60,390
02/08/2002,DSM,IA,ACE,CE,Towers with Radar,90,110,72,17,289,0,4,29,0,33,90,114,101,17,322,20,14,34,356
02/09/2002,DSM,IA,ACE,CE,Towers with Radar,71,42,7,1,121,0,7,29,20,56,71,49,36,21,177,12,0,12,189
02/10/2002,DSM,IA,ACE,CE,Towers with Radar,61,46,16,0,123,0,0,13,0,13,61,46,29,0,136,4,0,4,140
02/11/2002,DSM,IA,ACE,CE,Towers with Radar,68,92,53,4,217,0,6,23,0,29,68,98,76,4,246,8,0,8,254
02/12/2002,DSM,IA,ACE,CE,Towers with Radar,105,111,75,12,303,0,0,20,1,21,105,111,95,13,324,2,12,14,338
02/13/2002,DSM,IA,ACE,CE,Towers with Radar,91,124,83,19,317,0,2,32,3,37,91,126,115,22,354,42,18,60,414
02/14/2002,DSM,IA,ACE,CE,Towers with Radar,79,132,49,10,270,0,2,11,0,13,79,134,60,10,283,8,22,30,313
02/15/2002,DSM,IA,ACE,CE,Towers with Radar,89,97,56,0,242,0,0,28,0,28,89,97,84,0,270,0,0,0,270
02/16/2002,DSM,IA,ACE,CE,Towers with Radar,58,57,39,0,154,0,2,46,0,48,58,59,85,0,202,52,0,52,254
02/17/2002,DSM,IA,ACE,CE,Towers with Radar,47,61,42,0,150,0,0,65,0,65,47,61,107,0,215,52,0,52,267
02/18/2002,DSM,IA,ACE,CE,Towers with Radar,61,80,69,0,210,0,3,20,0,23,61,83,89,0,233,4,0,4,237
02/19/2002,DSM,IA,ACE,CE,Towers with Radar,109,90,68,20,287,0,3,0,0,3,109,93,68,20,290,0,2,2,292
02/20/2002,DSM,IA,ACE,CE,Towers with Radar,88,133,76,16,313,0,3,9,2,14,88,136,85,18,327,0,8,8,335
02/21/2002,DSM,IA,ACE,CE,Towers with Radar,110,108,94,13,325,0,4,22,1,27,110,112,116,14,352,26,12,38,390
02/22/2002,DSM,IA,ACE,CE,Towers with Radar,84,116,51,10,261,0,4,51,0,55,84,120,102,10,316,16,16,32,348
02/23/2002,DSM,IA,ACE,CE,Towers with Radar,54,64,34,13,165,0,5,45,2,52,54,69,79,15,217,32,22,54,271
02/24/2002,DSM,IA,ACE,CE,Towers with Radar,58,56,45,3,162,0,5,18,0,23,58,61,63,3,185,12,0,12,197
02/25/2002,DSM,IA,ACE,CE,Towers with Radar,51,97,68,7,223,0,1,11,1,13,51,98,79,8,236,0,10,10,246
02/26/2002,DSM,IA,ACE,CE,Towers with Radar,94,119,76,6,295,0,5,14,0,19,94,124,90,6,314,4,0,4,318
02/27/2002,DSM,IA,ACE,CE,Towers with Radar,81,130,74,12,297,0,1,37,0,38,81,131,111,12,335,14,26,40,375
02/28/2002,DSM,IA,ACE,CE,Towers with Radar,89,124,62,19,294,0,4,29,0,33,89,128,91,19,327,16,60,76,403
03/01/2002,DSM,IA,ACE,CE,Towers with Radar,109,84,58,5,256,1,0,5,0,6,110,84,63,5,262,2,0,2,264
03/02/2002,DSM,IA,ACE,CE,Towers with Radar,37,52,8,2,99,1,0,2,0,3,38,52,10,2,102,0,0,0,102
03/03/2002,DSM,IA,ACE,CE,Towers with Radar,58,58,27,0,143,1,1,10,0,12,59,59,37,0,155,0,0,0,155
03/04/2002,DSM,IA,ACE,CE,Towers with Radar,42,102,65,6,215,1,3,21,3,28,43,105,86,9,243,10,6,16,259
03/05/2002,DSM,IA,ACE,CE,Towers with Radar,101,113,109,27,350,1,4,65,1,71,102,117,174,28,421,18,20,38,459
03/06/2002,DSM,IA,ACE,CE,Towers with Radar,103,137,118,10,368,0,3,21,1,25,103,140,139,11,393,14,0,14,407
03/07/2002,DSM,IA,ACE,CE,Towers with Radar,88,132,106,8,334,1,0,2,0,3,89,132,108,8,337,0,0,0,337
03/08/2002,DSM,IA,ACE,CE,Towers with Radar,64,112,104,4,284,1,0,0,0,1,65,112,104,4,285,0,0,0,285
03/09/2002,DSM,IA,ACE,CE,Towers with Radar,47,52,19,4,122,1,0,0,0,1,48,52,19,4,123,0,0,0,123
03/10/2002,DSM,IA,ACE,CE,Towers with Radar,81,29,42,0,152,1,19,152,1,173,82,48,194,1,325,32,0,32,357
03/11/2002,DSM,IA,ACE,CE,Towers with Radar,97,90,65,7,259,1,3,64,0,68,98,93,129,7,327,18,10,28,355
03/12/2002,DSM,IA,ACE,CE,Towers with Radar,91,124,89,11,315,0,11,69,8,88,91,135,158,19,403,22,32,54,457
03/13/2002,DSM,IA,ACE,CE,Towers with Radar,85,118,97,12,312,1,1,38,0,40,86,119,135,12,352,24,22,46,398
03/14/2002,DSM,IA,ACE,CE,Towers with Radar,98,128,74,26,326,1,8,12,0,21,99,136,86,26,347,6,12,18,365
03/15/2002,DSM,IA,ACE,CE,Towers with Radar,74,145,92,12,323,1,2,51,0,54,75,147,143,12,377,36,52,88,465
03/16/2002,DSM,IA,ACE,CE,Towers with Radar,74,58,35,12,179,1,0,64,1,66,75,58,99,13,245,12,4,16,261
03/17/2002,DSM,IA,ACE,CE,Towers with Radar,63,56,45,0,164,1,0,7,0,8,64,56,52,0,172,24,0,24,196
03/18/2002,DSM,IA,ACE,CE,Towers with Radar,69,93,64,0,226,1,8,43,0,52,70,101,107,0,278,6,0,6,284
03/19/2002,DSM,IA,ACE,CE,Towers with Radar,124,88,72,9,293,1,9,2,0,12,125,97,74,9,305,2,0,2,307
03/20/2002,DSM,IA,ACE,CE,Towers with Radar,113,105,75,9,302,0,0,38,0,38,113,105,113,9,340,38,6,44,384
03/21/2002,DSM,IA,ACE,CE,Towers with Radar,125,92,82,18,317,0,0,10,0,10,125,92,92,18,327,10,20,30,357
03/22/2002,DSM,IA,ACE,CE,Towers with Radar,74,132,61,30,297,0,10,74,0,84,74,142,135,30,381,18,48,66,447
03/23/2002,DSM,IA,ACE,CE,Towers with Radar,73,57,35,2,167,0,9,95,0,104,73,66,130,2,271,18,2,20,291
03/24/2002,DSM,IA,ACE,CE,Towers with Radar,76,49,34,0,159,0,8,5,0,13,76,57,39,0,172,2,0,2,174
03/25/2002,DSM,IA,ACE,CE,Towers with Radar,70,85,63,2,220,0,4,29,0,33,70,89,92,2,253,14,0,14,267
03/26/2002,DSM,IA,ACE,CE,Towers with Radar,84,138,80,8,310,0,4,46,0,50,84,142,126,8,360,12,12,24,384
03/27/2002,DSM,IA,ACE,CE,Towers with Radar,105,117,110,8,340,0,1,46,0,47,105,118,156,8,387,6,12,18,405
03/28/2002,DSM,IA,ACE,CE,Towers with Radar,85,135,83,18,321,0,4,56,0,60,85,139,139,18,381,44,38,82,463
03/29/2002,DSM,IA,ACE,CE,Towers with Radar,103,86,68,13,270,0,14,86,2,102,103,100,154,15,372,26,22,48,420
03/30/2002,DSM,IA,ACE,CE,Towers with Radar,39,73,49,0,161,0,2,131,0,133,39,75,180,0,294,34,0,34,328
03/31/2002,DSM,IA,ACE,CE,Towers with Radar,69,47,14,0,130,0,13,30,0,43,69,60,44,0,173,20,0,20,193
04/01/2002,DSM,IA,ACE,CE,Towers with Radar,70,75,75,0,220,0,5,11,0,16,70,80,86,0,236,0,0,0,236
04/02/2002,DSM,IA,ACE,CE,Towers with Radar,89,116,69,4,278,0,1,8,0,9,89,117,77,4,287,2,2,4,291
04/03/2002,DSM,IA,ACE,CE,Towers with Radar,122,92,103,24,341,0,1,47,2,50,122,93,150,26,391,38,44,82,473
04/04/2002,DSM,IA,ACE,CE,Towers with Radar,100,120,76,11,307,0,1,61,2,64,100,121,137,13,371,10,30,40,411
04/05/2002,DSM,IA,ACE,CE,Towers with Radar,78,107,59,0,244,0,5,64,0,69,78,112,123,0,313,8,0,8,321
04/06/2002,DSM,IA,ACE,CE,Towers with Radar,57,58,34,21,170,0,5,44,0,49,57,63,78,21,219,0,0,0,219
04/07/2002,DSM,IA,ACE,CE,Towers with Radar,72,51,42,0,165,0,0,4,0,4,72,51,46,0,169,0,0,0,169
04/08/2002,DSM,IA,ACE,CE,Towers with Radar,74,74,59,0,207,0,0,2,0,2,74,74,61,0,209,0,0,0,209
04/09/2002,DSM,IA,ACE,CE,Towers with Radar,124,93,103,3,323,0,7,120,0,127,124,100,223,3,450,0,0,0,450
04/10/2002,DSM,IA,ACE,CE,Towers with Radar,105,128,87,15,335,0,1,37,1,39,105,129,124,16,374,48,16,64,438
04/11/2002,DSM,IA,ACE,CE,Towers with Radar,99,120,85,8,312,0,3,11,0,14,99,123,96,8,326,0,0,0,326
04/12/2002,DSM,IA,ACE,CE,Towers with Radar,69,126,125,20,340,0,0,61,2,63,69,126,186,22,403,14,0,14,417
04/13/2002,DSM,IA,ACE,CE,Towers with Radar,63,53,41,6,163,0,0,47,0,47,63,53,88,6,210,22,0,22,232
04/14/2002,DSM,IA,ACE,CE,Towers with Radar,69,47,46,5,167,0,0,47,2,49,69,47,93,7,216,34,0,34,250
04/15/2002,DSM,IA,ACE,CE,Towers with Radar,60,99,73,0,232,0,3,47,0,50,60,102,120,0,282,18,0,18,300
04/16/2002,DSM,IA,ACE,CE,Towers with Radar,109,94,88,6,297,0,5,32,0,37,109,99,120,6,334,22,4,26,360
04/17/2002,DSM,IA,ACE,CE,Towers with Radar,83,153,81,9,326,0,4,62,0,66,83,157,143,9,392,34,20,54,446
04/18/2002,DSM,IA,ACE,CE,Towers with Radar,102,136,84,9,331,0,2,22,0,24,102,138,106,9,355,18,14,32,387
04/19/2002,DSM,IA,ACE,CE,Towers with Radar,78,121,88,13,300,0,4,31,0,35,78,125,119,13,335,6,0,6,341
04/20/2002,DSM,IA,ACE,CE,Towers with Radar,72,50,45,4,171,0,1,12,2,15,72,51,57,6,186,10,2,12,198
04/21/2002,DSM,IA,ACE,CE,Towers with Radar,55,57,50,4,166,0,0,3,0,3,55,57,53,4,169,2,0,2,171
04/22/2002,DSM,IA,ACE,CE,Towers with Radar,72,80,68,4,224,0,5,34,0,39,72,85,102,4,263,10,0,10,273
04/23/2002,DSM,IA,ACE,CE,Towers with Radar,85,127,71,10,293,0,1,53,0,54,85,128,124,10,347,16,28,44,391
04/24/2002,DSM,IA,ACE,CE,Towers with Radar,111,108,65,9,293,0,5,17,0,22,111,113,82,9,315,8,0,8,323
04/25/2002,DSM,IA,ACE,CE,Towers with Radar,120,103,74,14,311,0,9,64,0,73,120,112,138,14,384,18,12,30,414
04/26/2002,DSM,IA,ACE,CE,Towers with Radar,102,101,91,17,311,0,7,56,0,63,102,108,147,17,374,26,10,36,410
04/27/2002,DSM,IA,ACE,CE,Towers with Radar,57,56,19,6,138,0,0,2,0,2,57,56,21,6,140,0,0,0,140
04/28/2002,DSM,IA,ACE,CE,Towers with Radar,50,68,45,4,167,0,0,22,0,22,50,68,67,4,189,8,0,8,197
04/29/2002,DSM,IA,ACE,CE,Towers with Radar,74,88,76,3,241,0,5,52,0,57,74,93,128,3,298,36,4,40,338
04/30/2002,DSM,IA,ACE,CE,Towers with Radar,95,121,84,6,306,0,1,19,0,20,95,122,103,6,326,12,10,22,348
05/01/2002,DSM,IA,ACE,CE,Towers with Radar,111,129,96,25,361,1,3,24,0,28,112,132,120,25,389,24,28,52,441
05/02/2002,DSM,IA,ACE,CE,Towers with Radar,114,103,80,12,309,1,3,63,0,67,115,106,143,12,376,4,8,12,388
05/03/2002,DSM,IA,ACE,CE,Towers with Radar,79,104,84,10,277,1,8,84,0,93,80,112,168,10,370,14,0,14,384
05/04/2002,DSM,IA,ACE,CE,Towers with Radar,56,64,31,11,162,1,3,114,0,118,57,67,145,11,280,14,8,22,302
05/05/2002,DSM,IA,ACE,CE,Towers with Radar,71,40,33,7,151,1,8,50,1,60,72,48,83,8,211,0,12,12,223
05/06/2002,DSM,IA,ACE,CE,Towers with Radar,86,63,62,0,211,1,0,11,0,12,87,63,73,0,223,0,0,0,223
05/07/2002,DSM,IA,ACE,CE,Towers with Radar,86,119,97,9,311,1,2,20,1,24,87,121,117,10,335,20,20,40,375
05/08/2002,DSM,IA,ACE,CE,Towers with Radar,100,122,83,12,317,1,2,10,3,16,101,124,93,15,333,0,40,40,373
05/09/2002,DSM,IA,ACE,CE,Towers with Radar,92,134,60,8,294,1,2,20,1,24,93,136,80,9,318,0,8,8,326
05/10/2002,DSM,IA,ACE,CE,Towers with Radar,82,103,94,9,288,1,7,88,0,96,83,110,182,9,384,24,16,40,424
05/11/2002,DSM,IA,ACE,CE,Towers with Radar,57,51,8,2,118,1,0,4,0,5,58,51,12,2,123,0,0,0,123
05/12/2002,DSM,IA,ACE,CE,Towers with Radar,62,53,58,3,176,1,1,7,0,9,63,54,65,3,185,14,0,14,199
05/13/2002,DSM,IA,ACE,CE,Towers with Radar,79,70,83,2,234,1,7,49,0,57,80,77,132,2,291,0,0,0,291
05/14/2002,DSM,IA,ACE,CE,Towers with Radar,116,95,112,12,335,1,8,80,1,90,117,103,192,13,425,14,16,30,455
05/15/2002,DSM,IA,ACE,CE,Towers with Radar,103,128,78,8,317,1,9,28,1,39,104,137,106,9,356,0,8,8,364
05/16/2002,DSM,IA,ACE,CE,Towers with Radar,106,104,96,4,310,1,4,20,2,27,107,108,116,6,337,2,6,8,345
05/17/2002,DSM,IA,ACE,CE,Towers with Radar,95,106,89,10,300,0,0,39,1,40,95,106,128,11,340,10,10,20,360
05/18/2002,DSM,IA,ACE,CE,Towers with Radar,72,40,33,17,162,1,14,163,0,178,73,54,196,17,340,26,22,48,388
05/19/2002,DSM,IA,ACE,CE,Towers with Radar,70,50,53,3,176,1,0,47,0,48,71,50,100,3,224,22,0,22,246
05/20/2002,DSM,IA,ACE,CE,Towers with Radar,88,73,95,4,260,1,3,62,0,66,89,76,157,4,326,42,0,42,368
05/21/2002,DSM,IA,ACE,CE,Towers with Radar,103,102,104,12,321,1,8,75,2,86,104,110,179,14,407,14,16,30,437
05/22/2002,DSM,IA,ACE,CE,Towers with Radar,111,96,90,10,307,1,9,33,1,44,112,105,123,11,351,6,6,12,363
05/23/2002,DSM,IA,ACE,CE,Towers with Radar,97,114,91,9,311,0,2,19,0,21,97,116,110,9,332,22,2,24,356
05/24/2002,DSM,IA,ACE,CE,Towers with Radar,68,126,87,6,287,1,4,100,0,105,69,130,187,6,392,26,2,28,420
05/25/2002,DSM,IA,ACE,CE,Towers with Radar,61,57,46,1,165,1,3,16,0,20,62,60,62,1,185,20,0,20,205
05/26/2002,DSM,IA,ACE,CE,Towers with Radar,39,59,23,0,121,1,1,52,0,54,40,60,75,0,175,16,0,16,191
05/27/2002,DSM,IA,ACE,CE,Towers with Radar,52,53,39,3,147,1,8,81,2,92,53,61,120,5,239,16,0,16,255
05/28/2002,DSM,IA,ACE,CE,Towers with Radar,68,84,67,7,226,0,6,30,0,36,68,90,97,7,262,12,14,26,288
05/29/2002,DSM,IA,ACE,CE,Towers with Radar,110,127,113,11,361,1,9,60,0,70,111,136,173,11,431,14,8,22,453
05/30/2002,DSM,IA,ACE,CE,Towers with Radar,79,131,66,19,295,1,8,60,0,69,80,139,126,19,364,28,40,68,432
05/31/2002,DSM,IA,ACE,CE,Towers with Radar,88,104,94,8,294,0,17,73,0,90,88,121,167,8,384,32,0,32,416
06/01/2002,DSM,IA,ACE,CE,Towers with Radar,83,102,85,10,280,0,20,35,11,66,83,122,120,21,346,10,10,20,366
06/02/2002,DSM,IA,ACE,CE,Towers with Radar,57,54,49,6,166,13,0,25,10,48,70,54,74,16,214,60,36,96,310
06/03/2002,DSM,IA,ACE,CE,Towers with Radar,56,53,49,0,158,12,0,46,0,58,68,53,95,0,216,36,0,36,252
06/04/2002,DSM,IA,ACE,CE,Towers with Radar,68,81,67,0,216,0,4,44,0,48,68,85,111,0,264,10,0,10,274
06/05/2002,DSM,IA,ACE,CE,Towers with Radar,100,100,86,10,296,10,0,8,2,20,110,100,94,12,316,6,0,6,322
06/06/2002,DSM,IA,ACE,CE,Towers with Radar,101,99,95,11,306,0,0,58,7,65,101,99,153,18,371,80,16,96,467
06/07/2002,DSM,IA,ACE,CE,Towers with Radar,118,124,125,14,381,0,0,85,10,95,118,124,210,24,476,22,30,52,528
06/08/2002,DSM,IA,ACE,CE,Towers with Radar,89,115,95,11,310,0,4,71,4,79,89,119,166,15,389,16,4,20,409
06/09/2002,DSM,IA,ACE,CE,Towers with Radar,53,56,47,5,161,20,3,19,6,48,73,59,66,11,209,14,0,14,223
06/10/2002,DSM,IA,ACE,CE,Towers with Radar,57,53,51,0,161,13,0,29,0,42,70,53,80,0,203,48,0,48,251
06/11/2002,DSM,IA,ACE,CE,Towers with Radar,75,90,76,4,245,0,0,85,0,85,75,90,161,4,330,44,6,50,380
06/12/2002,DSM,IA,ACE,CE,Towers with Radar,99,103,86,6,294,8,13,30,0,51,107,116,116,6,345,10,4,14,359
06/13/2002,DSM,IA,ACE,CE,Towers with Radar,109,114,95,5,323,5,13,29,0,47,114,127,124,5,370,48,8,56,426
06/14/2002,DSM,IA,ACE,CE,Towers with Radar,85,89,75,8,257,18,20,7,0,45,103,109,82,8,302,4,2,6,308
06/15/2002,DSM,IA,ACE,CE,Towers with Radar,81,103,86,2,272,0,17,111,0,128,81,120,197,2,400,52,0,52,452
06/16/2002,DSM,IA,ACE,CE,Towers with Radar,60,61,52,5,178,10,5,44,1,60,70,66,96,6,238,10,0,10,248
06/17/2002,DSM,IA,ACE,CE,Towers with Radar,51,52,44,4,151,17,2,28,2,49,68,54,72,6,200,0,0,0,200
06/18/2002,DSM,IA,ACE,CE,Towers with Radar,71,79,67,0,217,0,11,25,0,36,71,90,92,0,253,6,0,6,259
06/19/2002,DSM,IA,ACE,CE,Towers with Radar,94,97,82,4,277,9,24,29,0,62,103,121,111,4,339,26,0,26,365
06/20/2002,DSM,IA,ACE,CE,Towers with Radar,106,107,92,11,316,2,0,82,0,84,108,107,174,11,400,48,20,68,468
06/21/2002,DSM,IA,ACE,CE,Towers with Radar,99,111,94,9,313,0,4,55,0,59,99,115,149,9,372,16,8,24,396
06/22/2002,DSM,IA,ACE,CE,Towers with Radar,99,104,91,10,304,0,0,75,5,80,99,104,166,15,384,38,2,40,424
06/23/2002,DSM,IA,ACE,CE,Towers with Radar,48,49,42,4,143,14,8,53,3,78,62,57,95,7,221,0,8,8,229
06/24/2002,DSM,IA,ACE,CE,Towers with Radar,56,52,49,5,162,15,0,74,2,91,71,52,123,7,253,38,0,38,291
06/25/2002,DSM,IA,ACE,CE,Towers with Radar,68,86,72,2,228,0,3,56,0,59,68,89,128,2,287,20,0,20,307
06/26/2002,DSM,IA,ACE,CE,Towers with Radar,92,114,96,10,312,0,21,70,7,98,92,135,166,17,410,64,14,78,488
06/27/2002,DSM,IA,ACE,CE,Towers with Radar,112,119,98,10,339,0,10,59,3,72,112,129,157,13,411,34,6,40,451
06/28/2002,DSM,IA,ACE,CE,Towers with Radar,110,113,94,5,322,7,0,58,0,65,117,113,152,5,387,64,12,76,463
06/29/2002,DSM,IA,ACE,CE,Towers with Radar,87,109,90,10,296,0,16,81,7,104,87,125,171,17,400,32,0,32,432
06/30/2002,DSM,IA,ACE,CE,Towers with Radar,58,55,49,5,167,12,0,26,2,40,70,55,75,7,207,0,0,0,207
07/01/2002,DSM,IA,ACE,CE,Towers with Radar,94,75,65,10,244,1,11,65,0,77,95,86,130,10,321,16,24,40,361
07/02/2002,DSM,IA,ACE,CE,Towers with Radar,94,135,75,11,315,1,1,71,2,75,95,136,146,13,390,28,34,62,452
07/03/2002,DSM,IA,ACE,CE,Towers with Radar,116,97,94,20,327,1,0,65,0,66,117,97,159,20,393,16,20,36,429
07/04/2002,DSM,IA,ACE,CE,Towers with Radar,79,61,19,2,161,1,10,33,3,47,80,71,52,5,208,18,6,24,232
07/05/2002,DSM,IA,ACE,CE,Towers with Radar,56,67,29,2,154,1,4,60,0,65,57,71,89,2,219,12,0,12,231
07/06/2002,DSM,IA,ACE,CE,Towers with Radar,79,37,22,0,138,1,0,28,0,29,80,37,50,0,167,0,0,0,167
07/07/2002,DSM,IA,ACE,CE,Towers with Radar,73,50,65,1,189,1,0,28,0,29,74,50,93,1,218,8,0,8,226
07/08/2002,DSM,IA,ACE,CE,Towers with Radar,71,107,64,2,244,1,0,52,0,53,72,107,116,2,297,22,0,22,319
07/09/2002,DSM,IA,ACE,CE,Towers with Radar,122,110,83,17,332,1,3,45,2,51,123,113,128,19,383,12,18,30,413
07/10/2002,DSM,IA,ACE,CE,Towers with Radar,73,146,80,1,300,1,4,28,0,33,74,150,108,1,333,18,0,18,351
07/11/2002,DSM,IA,ACE,CE,Towers with Radar,97,141,92,11,341,0,19,0,7,26,97,160,92,18,367,4,0,4,371
07/12/2002,DSM,IA,ACE,CE,Towers with Radar,75,130,116,22,343,1,3,137,0,141,76,133,253,22,484,26,0,26,510
07/13/2002,DSM,IA,ACE,CE,Towers with Radar,57,70,37,14,178,1,3,135,0,139,58,73,172,14,317,38,2,40,357
07/14/2002,DSM,IA,ACE,CE,Towers with Radar,93,57,47,7,204,1,8,55,0,64,94,65,102,7,268,2,0,2,270
07/15/2002,DSM,IA,ACE,CE,Towers with Radar,105,69,81,5,260,0,3,54,0,57,105,72,135,5,317,2,0,2,319
07/16/2002,DSM,IA,ACE,CE,Towers with Radar,82,161,101,7,351,0,1,70,0,71,82,162,171,7,422,24,8,32,454
07/17/2002,DSM,IA,ACE,CE,Towers with Radar,115,120,105,11,351,0,12,81,0,93,115,132,186,11,444,34,10,44,488
07/18/2002,DSM,IA,ACE,CE,Towers with Radar,126,112,112,5,355,0,3,58,1,62,126,115,170,6,417,16,0,16,433
07/19/2002,DSM,IA,ACE,CE,Towers with Radar,115,81,74,3,273,0,4,52,0,56,115,85,126,3,329,16,0,16,345
07/20/2002,DSM,IA,ACE,CE,Towers with Radar,68,69,39,3,179,0,0,56,0,56,68,69,95,3,235,42,0,42,277
07/21/2002,DSM,IA,ACE,CE,Towers with Radar,63,61,49,1,174,21,0,90,0,111,84,61,139,1,285,2,0,2,287
07/22/2002,DSM,IA,ACE,CE,Towers with Radar,99,76,105,2,282,0,12,57,0,69,99,88,162,2,351,6,0,6,357
07/23/2002,DSM,IA,ACE,CE,Towers with Radar,127,103,99,9,338,0,12,67,3,82,127,115,166,12,420,22,14,36,456
07/24/2002,DSM,IA,ACE,CE,Towers with Radar,87,150,90,12,339,0,1,56,0,57,87,151,146,12,396,56,16,72,468
07/25/2002,DSM,IA,ACE,CE,Towers with Radar,107,122,82,10,321,0,1,38,2,41,107,123,120,12,362,10,14,24,386
07/26/2002,DSM,IA,ACE,CE,Towers with Radar,78,117,70,18,283,0,3,44,0,47,78,120,114,18,330,4,0,4,334
07/27/2002,DSM,IA,ACE,CE,Towers with Radar,60,80,42,12,194,0,2,62,0,64,60,82,104,12,258,16,8,24,282
07/28/2002,DSM,IA,ACE,CE,Towers with Radar,72,64,42,6,184,0,0,56,0,56,72,64,98,6,240,18,4,22,262
07/29/2002,DSM,IA,ACE,CE,Towers with Radar,98,73,76,4,251,0,2,36,0,38,98,75,112,4,289,10,0,10,299
07/30/2002,DSM,IA,ACE,CE,Towers with Radar,131,114,107,13,365,0,17,93,0,110,131,131,200,13,475,6,18,24,499
07/31/2002,DSM,IA,ACE,CE,Towers with Radar,84,150,95,10,339,0,6,54,3,63,84,156,149,13,402,26,30,56,458
08/01/2002,DSM,IA,ACE,CE,Towers with Radar,96,123,85,10,314,0,5,53,0,58,96,128,138,10,372,14,32,46,418
08/02/2002,DSM,IA,ACE,CE,Towers with Radar,80,124,66,14,284,0,3,61,0,64,80,127,127,14,348,30,24,54,402
08/03/2002,DSM,IA,ACE,CE,Towers with Radar,66,70,35,6,177,0,6,51,0,57,66,76,86,6,234,14,14,28,262
08/04/2002,DSM,IA,ACE,CE,Towers with Radar,97,34,46,1,178,0,6,29,1,36,97,40,75,2,214,8,0,8,222
08/05/2002,DSM,IA,ACE,CE,Towers with Radar,65,106,80,2,253,0,2,14,0,16,65,108,94,2,269,20,12,32,301
08/06/2002,DSM,IA,ACE,CE,Towers with Radar,101,145,89,12,347,0,2,24,0,26,101,147,113,12,373,2,10,12,385
08/07/2002,DSM,IA,ACE,CE,Towers with Radar,100,144,102,15,361,0,6,83,1,90,100,150,185,16,451,8,20,28,479
08/08/2002,DSM,IA,ACE,CE,Towers with Radar,147,103,101,16,367,0,2,77,0,79,147,105,178,16,446,14,18,32,478
08/09/2002,DSM,IA,ACE,CE,Towers with Radar,108,97,80,14,299,0,15,106,0,121,108,112,186,14,420,36,2,38,458
08/10/2002,DSM,IA,ACE,CE,Towers with Radar,101,32,28,3,164,0,6,46,0,52,101,38,74,3,216,20,0,20,236
08/11/2002,DSM,IA,ACE,CE,Towers with Radar,85,41,59,2,187,0,2,47,3,52,85,43,106,5,239,0,0,0,239
08/12/2002,DSM,IA,ACE,CE,Towers with Radar,58,109,64,7,238,0,0,21,0,21,58,109,85,7,259,4,0,4,263
08/13/2002,DSM,IA,ACE,CE,Towers with Radar,89,151,105,10,355,0,0,21,0,21,89,151,126,10,376,8,0,8,384
08/14/2002,DSM,IA,ACE,CE,Towers with Radar,99,135,125,6,365,0,3,55,0,58,99,138,180,6,423,24,4,28,451
08/15/2002,DSM,IA,ACE,CE,Towers with Radar,95,142,83,16,336,0,7,51,1,59,95,149,134,17,395,2,4,6,401
08/16/2002,DSM,IA,ACE,CE,Towers with Radar,54,139,107,5,305,0,2,84,0,86,54,141,191,5,391,0,0,0,391
08/17/2002,DSM,IA,ACE,CE,Towers with Radar,74,51,25,7,157,0,1,21,0,22,74,52,46,7,179,4,8,12,191
08/18/2002,DSM,IA,ACE,CE,Towers with Radar,75,62,67,2,206,0,11,97,0,108,75,73,164,2,314,2,0,2,316
08/19/2002,DSM,IA,ACE,CE,Towers with Radar,110,71,80,2,263,0,7,46,0,53,110,78,126,2,316,18,0,18,334
08/20/2002,DSM,IA,ACE,CE,Towers with Radar,111,146,110,8,375,0,1,46,0,47,111,147,156,8,422,18,10,28,450
08/21/2002,DSM,IA,ACE,CE,Towers with Radar,89,143,100,12,344,0,8,38,0,46,89,151,138,12,390,14,10,24,414
08/22/2002,DSM,IA,ACE,CE,Towers with Radar,124,119,82,7,332,0,12,25,0,37,124,131,107,7,369,34,4,38,407
08/23/2002,DSM,IA,ACE,CE,Towers with Radar,79,138,90,7,314,0,0,56,0,56,79,138,146,7,370,34,0,34,404
08/24/2002,DSM,IA,ACE,CE,Towers with Radar,84,51,48,0,183,0,3,54,0,57,84,54,102,0,240,6,0,6,246
08/25/2002,DSM,IA,ACE,CE,Towers with Radar,109,24,48,1,182,0,4,46,0,50,109,28,94,1,232,4,0,4,236
08/26/2002,DSM,IA,ACE,CE,Towers with Radar,79,103,59,0,241,0,17,43,0,60,79,120,102,0,301,12,0,12,313
08/27/2002,DSM,IA,ACE,CE,Towers with Radar,98,153,101,7,359,0,5,65,0,70,98,158,166,7,429,16,0,16,445
08/28/2002,DSM,IA,ACE,CE,Towers with Radar,119,134,97,16,366,0,5,49,0,54,119,139,146,16,420,16,18,34,454
08/29/2002,DSM,IA,ACE,CE,Towers with Radar,112,124,99,8,343,0,14,54,0,68,112,138,153,8,411,24,16,40,451
08/30/2002,DSM,IA,ACE,CE,Towers with Radar,89,124,137,2,352,0,12,78,0,90,89,136,215,2,442,8,0,8,450
08/31/2002,DSM,IA,ACE,CE,Towers with Radar,72,50,32,0,154,0,0,24,0,24,72,50,56,0,178,4,0,4,182
09/01/2002,DSM,IA,ACE,CE,Towers with Radar,47,65,19,0,131,2,7,33,0,42,49,72,52,0,173,0,0,0,173
09/02/2002,DSM,IA,ACE,CE,Towers with Radar,67,63,51,0,181,0,15,61,0,76,67,78,112,0,257,6,0,6,263
09/03/2002,DSM,IA,ACE,CE,Towers with Radar,108,59,67,8,242,0,9,67,0,76,108,68,134,8,318,18,20,38,356
09/04/2002,DSM,IA,ACE,CE,Towers with Radar,112,113,76,10,311,0,18,45,0,63,112,131,121,10,374,26,18,44,418
09/05/2002,DSM,IA,ACE,CE,Towers with Radar,94,140,87,6,327,0,7,86,4,97,94,147,173,10,424,2,12,14,438
09/06/2002,DSM,IA,ACE,CE,Towers with Radar,85,143,73,8,309,0,6,52,1,59,85,149,125,9,368,2,14,16,384
09/07/2002,DSM,IA,ACE,CE,Towers with Radar,63,71,58,9,201,0,10,37,0,47,63,81,95,9,248,78,24,102,350
09/08/2002,DSM,IA,ACE,CE,Towers with Radar,46,78,43,0,167,1,3,99,0,103,47,81,142,0,270,28,0,28,298
09/09/2002,DSM,IA,ACE,CE,Towers with Radar,75,102,82,2,261,1,4,42,0,47,76,106,124,2,308,6,0,6,314
09/10/2002,DSM,IA,ACE,CE,Towers with Radar,98,124,105,12,339,1,9,26,0,36,99,133,131,12,375,12,2,14,389
09/11/2002,DSM,IA,ACE,CE,Towers with Radar,108,105,93,7,313,0,0,83,5,88,108,105,176,12,401,22,12,34,435
09/12/2002,DSM,IA,ACE,CE,Towers with Radar,116,130,118,9,373,1,4,82,2,89,117,134,200,11,462,38,2,40,502
09/13/2002,DSM,IA,ACE,CE,Towers with Radar,101,114,95,5,315,1,3,52,1,57,102,117,147,6,372,30,16,46,418
09/14/2002,DSM,IA,ACE,CE,Towers with Radar,53,83,53,2,191,0,2,45,0,47,53,85,98,2,238,12,0,12,250
09/15/2002,DSM,IA,ACE,CE,Towers with Radar,97,29,55,5,186,2,4,35,0,41,99,33,90,5,227,74,16,90,317
09/16/2002,DSM,IA,ACE,CE,Towers with Radar,89,85,78,0,252,2,5,79,0,86,91,90,157,0,338,10,0,10,348
09/17/2002,DSM,IA,ACE,CE,Towers with Radar,107,139,81,8,335,1,2,35,2,40,108,141,116,10,375,24,22,46,421
09/18/2002,DSM,IA,ACE,CE,Towers with Radar,85,133,81,4,303,1,1,7,0,9,86,134,88,4,312,0,0,0,312
09/19/2002,DSM,IA,ACE,CE,Towers with Radar,114,112,147,11,384,0,1,17,0,18,114,113,164,11,402,24,0,24,426
09/20/2002,DSM,IA,ACE,CE,Towers with Radar,90,119,103,5,317,1,6,72,0,79,91,125,175,5,396,12,14,26,422
09/21/2002,DSM,IA,ACE,CE,Towers with Radar,95,37,39,17,188,1,2,35,7,45,96,39,74,24,233,28,10,38,271
09/22/2002,DSM,IA,ACE,CE,Towers with Radar,95,29,33,4,161,1,3,51,0,55,96,32,84,4,216,22,0,22,238
09/23/2002,DSM,IA,ACE,CE,Towers with Radar,88,122,70,0,280,1,2,54,0,57,89,124,124,0,337,6,0,6,343
09/24/2002,DSM,IA,ACE,CE,Towers with Radar,91,143,101,11,346,0,12,131,0,143,91,155,232,11,489,4,22,26,515
09/25/2002,DSM,IA,ACE,CE,Towers with Radar,93,135,95,16,339,0,6,45,0,51,93,141,140,16,390,14,8,22,412
09/26/2002,DSM,IA,ACE,CE,Towers with Radar,96,146,93,11,346,0,3,48,0,51,96,149,141,11,397,16,44,60,457
09/27/2002,DSM,IA,ACE,CE,Towers with Radar,102,106,86,6,300,0,0,7,0,7,102,106,93,6,307,4,0,4,311
09/28/2002,DSM,IA,ACE,CE,Towers with Radar,74,58,48,4,184,0,1,27,0,28,74,59,75,4,212,14,0,14,226
09/29/2002,DSM,IA,ACE,CE,Towers with Radar,103,19,47,2,171,0,3,20,0,23,103,22,67,2,194,12,0,12,206
09/30/2002,DSM,IA,ACE,CE,Towers with Radar,63,95,71,2,231,0,0,26,0,26,63,95,97,2,257,0,0,0,257
10/01/2002,DSM,IA,ACE,CE,Towers with Radar,112,109,91,5,317,1,0,27,0,28,113,109,118,5,345,10,4,14,359
10/02/2002,DSM,IA,ACE,CE,Towers with Radar,89,137,79,4,309,0,0,0,1,1,89,137,79,5,310,10,0,10,320
10/03/2002,DSM,IA,ACE,CE,Towers with Radar,100,121,77,5,303,1,0,0,0,1,101,121,77,5,304,2,0,2,306
10/04/2002,DSM,IA,ACE,CE,Towers with Radar,77,117,85,2,281,1,12,31,0,44,78,129,116,2,325,2,0,2,327
10/05/2002,DSM,IA,ACE,CE,Towers with Radar,99,31,47,0,177,1,7,72,0,80,100,38,119,0,257,38,0,38,295
10/06/2002,DSM,IA,ACE,CE,Towers with Radar,51,74,49,2,176,1,14,17,0,32,52,88,66,2,208,2,0,2,210
10/07/2002,DSM,IA,ACE,CE,Towers with Radar,76,86,71,0,233,0,9,48,0,57,76,95,119,0,290,28,0,28,318
10/08/2002,DSM,IA,ACE,CE,Towers with Radar,87,132,97,9,325,1,6,59,0,66,88,138,156,9,391,20,10,30,421
10/09/2002,DSM,IA,ACE,CE,Towers with Radar,144,110,108,9,371,0,5,67,1,73,144,115,175,10,444,18,16,34,478
10/10/2002,DSM,IA,ACE,CE,Towers with Radar,114,117,77,9,317,0,7,50,1,58,114,124,127,10,375,22,22,44,419
10/11/2002,DSM,IA,ACE,CE,Towers with Radar,114,99,93,5,311,0,9,56,1,66,114,108,149,6,377,36,0,36,413
10/12/2002,DSM,IA,ACE,CE,Towers with Radar,83,47,53,2,185,0,9,15,1,25,83,56,68,3,210,48,0,48,258
10/13/2002,DSM,IA,ACE,CE,Towers with Radar,64,62,35,2,163,0,7,56,1,64,64,69,91,3,227,10,0,10,237
10/14/2002,DSM,IA,ACE,CE,Towers with Radar,102,54,73,2,231,0,4,30,0,34,102,58,103,2,265,24,0,24,289
10/15/2002,DSM,IA,ACE,CE,Towers with Radar,105,113,93,15,326,0,8,56,0,64,105,121,149,15,390,12,8,20,410
10/16/2002,DSM,IA,ACE,CE,Towers with Radar,120,100,123,32,375,0,1,55,0,56,120,101,178,32,431,52,30,82,513
10/17/2002,DSM,IA,ACE,CE,Towers with Radar,113,110,87,11,321,0,5,22,2,29,113,115,109,13,350,8,22,30,380
10/18/2002,DSM,IA,ACE,CE,Towers with Radar,73,137,99,16,325,0,4,57,0,61,73,141,156,16,386,12,16,28,414
10/19/2002,DSM,IA,ACE,CE,Towers with Radar,78,46,45,3,172,0,3,59,0,62,78,49,104,3,234,16,6,22,256
10/20/2002,DSM,IA,ACE,CE,Towers with Radar,83,49,59,1,192,0,10,147,0,157,83,59,206,1,349,24,0,24,373
10/21/2002,DSM,IA,ACE,CE,Towers with Radar,65,106,99,6,276,0,1,10,0,11,65,107,109,6,287,10,0,10,297
10/22/2002,DSM,IA,ACE,CE,Towers with Radar,104,150,123,20,397,0,3,29,0,32,104,153,152,20,429,8,0,8,437
10/23/2002,DSM,IA,ACE,CE,Towers with Radar,101,123,85,11,320,0,4,25,0,29,101,127,110,11,349,12,0,12,361
10/24/2002,DSM,IA,ACE,CE,Towers with Radar,118,114,82,0,314,0,0,0,0,0,118,114,82,0,314,0,0,0,314
10/25/2002,DSM,IA,ACE,CE,Towers with Radar,115,106,98,2,321,0,0,4,0,4,115,106,102,2,325,2,0,2,327
10/26/2002,DSM,IA,ACE,CE,Towers with Radar,73,59,52,0,184,0,4,71,1,76,73,63,123,1,260,42,0,42,302
10/27/2002,DSM,IA,ACE,CE,Towers with Radar,81,54,34,2,171,0,3,23,0,26,81,57,57,2,197,4,2,6,203
10/28/2002,DSM,IA,ACE,CE,Towers with Radar,98,102,88,2,290,0,3,2,0,5,98,105,90,2,295,0,0,0,295
10/29/2002,DSM,IA,ACE,CE,Towers with Radar,93,135,91,13,332,0,1,5,0,6,93,136,96,13,338,4,10,14,352
10/30/2002,DSM,IA,ACE,CE,Towers with Radar,113,121,68,12,314,0,1,10,0,11,113,122,78,12,325,10,10,20,345
10/31/2002,DSM,IA,ACE,CE,Towers with Radar,108,114,111,4,337,0,0,61,0,61,108,114,172,4,398,36,12,48,446
11/01/2002,DSM,IA,ACE,CE,Towers with Radar,109,94,80,4,287,0,15,78,0,93,109,109,158,4,380,6,0,6,386
11/02/2002,DSM,IA,ACE,CE,Towers with Radar,92,43,36,3,174,0,0,130,0,130,92,43,166,3,304,6,4,10,314
11/03/2002,DSM,IA,ACE,CE,Towers with Radar,74,55,37,4,170,0,0,39,0,39,74,55,76,4,209,0,0,0,209
11/04/2002,DSM,IA,ACE,CE,Towers with Radar,68,111,75,0,254,0,18,6,0,24,68,129,81,0,278,10,0,10,288
11/05/2002,DSM,IA,ACE,CE,Towers with Radar,121,139,86,7,353,0,2,0,0,2,121,141,86,7,355,4,0,4,359
11/06/2002,DSM,IA,ACE,CE,Towers with Radar,101,132,114,5,352,0,2,35,0,37,101,134,149,5,389,12,8,20,409
11/07/2002,DSM,IA,ACE,CE,Towers with Radar,94,135,97,5,331,0,7,51,1,59,94,142,148,6,390,6,0,6,396
11/08/2002,DSM,IA,ACE,CE,Towers with Radar,107,96,92,4,299,0,6,68,0,74,107,102,160,4,373,12,2,14,387
11/09/2002,DSM,IA,ACE,CE,Towers with Radar,94,30,27,8,159,0,13,69,3,85,94,43,96,11,244,8,4,12,256
11/10/2002,DSM,IA,ACE,CE,Towers with Radar,79,49,44,11,183,0,8,64,0,72,79,57,108,11,255,20,4,24,279
11/11/2002,DSM,IA,ACE,CE,Towers with Radar,74,74,61,1,210,0,3,13,0,16,74,77,74,1,226,10,0,10,236
11/12/2002,DSM,IA,ACE,CE,Towers with Radar,77,113,102,4,296,0,11,70,0,81,77,124,172,4,377,18,10,28,405
11/13/2002,DSM,IA,ACE,CE,Towers with Radar,101,122,86,5,314,0,5,50,1,56,101,127,136,6,370,16,6,22,392
11/14/2002,DSM,IA,ACE,CE,Towers with Radar,95,131,110,7,343,0,2,10,0,12,95,133,120,7,355,10,0,10,365
11/15/2002,DSM,IA,ACE,CE,Towers with Radar,83,122,71,13,289,0,7,47,5,59,83,129,118,18,348,12,24,36,384
11/16/2002,DSM,IA,ACE,CE,Towers with Radar,90,37,26,2,155,0,1,75,0,76,90,38,101,2,231,32,0,32,263
11/17/2002,DSM,IA,ACE,CE,Towers with Radar,75,52,50,2,179,0,2,94,4,100,75,54,144,6,279,6,0,6,285
11/18/2002,DSM,IA,ACE,CE,Towers with Radar,69,95,105,1,270,0,7,45,1,53,69,102,150,2,323,36,0,36,359
11/19/2002,DSM,IA,ACE,CE,Towers with Radar,138,108,102,0,348,0,2,34,0,36,138,110,136,0,384,6,0,6,390
11/20/2002,DSM,IA,ACE,CE,Towers with Radar,95,140,100,1,336,0,2,22,3,27,95,142,122,4,363,2,2,4,367
11/21/2002,DSM,IA,ACE,CE,Towers with Radar,103,137,72,1,313,0,4,9,0,13,103,141,81,1,326,12,0,12,338
11/22/2002,DSM,IA,ACE,CE,Towers with Radar,75,132,95,6,308,0,2,122,0,124,75,134,217,6,432,12,16,28,460
11/23/2002,DSM,IA,ACE,CE,Towers with Radar,66,68,19,0,153,0,9,101,0,110,66,77,120,0,263,24,0,24,287
11/24/2002,DSM,IA,ACE,CE,Towers with Radar,59,68,28,0,155,0,8,15,0,23,59,76,43,0,178,22,4,26,204
11/25/2002,DSM,IA,ACE,CE,Towers with Radar,89,78,88,2,257,0,3,30,2,35,89,81,118,4,292,10,0,10,302
11/26/2002,DSM,IA,ACE,CE,Towers with Radar,122,141,98,6,367,0,7,18,0,25,122,148,116,6,392,20,0,20,412
11/27/2002,DSM,IA,ACE,CE,Towers with Radar,132,134,76,0,342,0,8,31,0,39,132,142,107,0,381,10,0,10,391
11/28/2002,DSM,IA,ACE,CE,Towers with Radar,45,93,16,0,154,0,2,33,0,35,45,95,49,0,189,2,0,2,191
11/29/2002,DSM,IA,ACE,CE,Towers with Radar,56,47,21,0,124,0,9,38,0,47,56,56,59,0,171,16,0,16,187
11/30/2002,DSM,IA,ACE,CE,Towers with Radar,69,50,17,0,136,0,3,29,0,32,69,53,46,0,168,8,0,8,176
12/01/2002,DSM,IA,ACE,CE,Towers with Radar,65,70,49,1,185,1,10,25,1,37,66,80,74,2,222,2,0,2,224
12/02/2002,DSM,IA,ACE,CE,Towers with Radar,67,86,81,1,235,0,3,14,1,18,67,89,95,2,253,0,0,0,253
12/03/2002,DSM,IA,ACE,CE,Towers with Radar,124,135,97,5,361,0,7,38,1,46,124,142,135,6,407,30,8,38,445
12/04/2002,DSM,IA,ACE,CE,Towers with Radar,123,117,99,3,342,0,3,18,1,22,123,120,117,4,364,26,6,32,396
12/05/2002,DSM,IA,ACE,CE,Towers with Radar,116,131,83,7,337,1,0,26,0,27,117,131,109,7,364,24,0,24,388
12/06/2002,DSM,IA,ACE,CE,Towers with Radar,98,104,78,5,285,1,2,39,1,43,99,106,117,6,328,30,0,30,358
12/07/2002,DSM,IA,ACE,CE,Towers with Radar,51,74,36,4,165,1,2,92,4,99,52,76,128,8,264,38,2,40,304
12/08/2002,DSM,IA,ACE,CE,Towers with Radar,85,45,40,6,176,1,4,40,0,45,86,49,80,6,221,28,0,28,249
12/09/2002,DSM,IA,ACE,CE,Towers with Radar,59,111,83,0,253,1,8,34,0,43,60,119,117,0,296,34,0,34,330
12/10/2002,DSM,IA,ACE,CE,Towers with Radar,124,145,112,0,381,1,0,49,0,50,125,145,161,0,431,14,0,14,445
12/11/2002,DSM,IA,ACE,CE,Towers with Radar,121,140,83,4,348,1,3,8,2,14,122,143,91,6,362,14,0,14,376
12/12/2002,DSM,IA,ACE,CE,Towers with Radar,110,138,90,5,343,1,3,20,3,27,111,141,110,8,370,24,0,24,394
12/13/2002,DSM,IA,ACE,CE,Towers with Radar,106,110,96,21,333,1,1,34,0,36,107,111,130,21,369,30,18,48,417
12/14/2002,DSM,IA,ACE,CE,Towers with Radar,73,58,16,9,156,1,6,80,0,87,74,64,96,9,243,40,4,44,287
12/15/2002,DSM,IA,ACE,CE,Towers with Radar,68,65,27,3,163,1,0,66,2,69,69,65,93,5,232,18,0,18,250
12/16/2002,DSM,IA,ACE,CE,Towers with Radar,86,123,73,0,282,0,8,38,0,46,86,131,111,0,328,4,0,4,332
12/17/2002,DSM,IA,ACE,CE,Towers with Radar,138,119,68,18,343,1,6,0,0,7,139,125,68,18,350,0,0,0,350
12/18/2002,DSM,IA,ACE,CE,Towers with Radar,114,150,102,16,382,1,4,3,0,8,115,154,105,16,390,24,10,34,424
12/19/2002,DSM,IA,ACE,CE,Towers with Radar,106,137,79,12,334,1,5,37,0,43,107,142,116,12,377,2,0,2,379
12/20/2002,DSM,IA,ACE,CE,Towers with Radar,132,97,63,0,292,1,1,18,0,20,133,98,81,0,312,0,0,0,312
12/21/2002,DSM,IA,ACE,CE,Towers with Radar,68,61,33,0,162,1,5,97,0,103,69,66,130,0,265,4,0,4,269
12/22/2002,DSM,IA,ACE,CE,Towers with Radar,62,69,33,0,164,1,3,51,0,55,63,72,84,0,219,54,0,54,273
12/23/2002,DSM,IA,ACE,CE,Towers with Radar,55,115,44,0,214,1,4,34,0,39,56,119,78,0,253,40,0,40,293
12/24/2002,DSM,IA,ACE,CE,Towers with Radar,78,103,26,0,207,1,12,24,0,37,79,115,50,0,244,18,0,18,262
12/25/2002,DSM,IA,ACE,CE,Towers with Radar,41,79,6,0,126,1,3,12,0,16,42,82,18,0,142,4,0,4,146
12/26/2002,DSM,IA,ACE,CE,Towers with Radar,97,82,39,4,222,1,0,54,0,55,98,82,93,4,277,28,4,32,309
12/27/2002,DSM,IA,ACE,CE,Towers with Radar,91,105,52,11,259,0,3,27,0,30,91,108,79,11,289,2,10,12,301
12/28/2002,DSM,IA,ACE,CE,Towers with Radar,64,59,27,0,150,0,1,64,0,65,64,60,91,0,215,14,0,14,229
12/29/2002,DSM,IA,ACE,CE,Towers with Radar,45,74,19,0,138,0,7,47,0,54,45,81,66,0,192,34,0,34,226
12/30/2002,DSM,IA,ACE,CE,Towers with Radar,52,113,24,0,189,0,6,10,0,16,52,119,34,0,205,8,0,8,213
12/31/2002,DSM,IA,ACE,CE,Towers with Radar,110,76,63,5,254,0,3,53,1,57,110,79,116,6,311,18,8,26,337
01/01/2003,DSM,IA,ACE,CE,Towers with Radar,44,53,33,0,130,0,37,3,0,40,44,90,36,0,170,2,0,2,172
01/02/2003,DSM,IA,ACE,CE,Towers with Radar,72,98,30,11,211,0,2,17,1,20,72,100,47,12,231,2,6,8,239
01/03/2003,DSM,IA,ACE,CE,Towers with Radar,114,108,59,15,296,0,7,35,0,42,114,115,94,15,338,18,28,46,384
01/04/2003,DSM,IA,ACE,CE,Towers with Radar,55,53,35,2,145,12,0,11,0,23,67,53,46,2,168,10,6,16,184
01/05/2003,DSM,IA,ACE,CE,Towers with Radar,85,46,31,13,175,0,2,4,0,6,85,48,35,13,181,4,0,4,185
01/06/2003,DSM,IA,ACE,CE,Towers with Radar,66,97,71,2,236,0,5,26,0,31,66,102,97,2,267,32,2,34,301
01/07/2003,DSM,IA,ACE,CE,Towers with Radar,105,119,63,22,309,0,6,50,2,58,105,125,113,24,367,6,6,12,379
01/08/2003,DSM,IA,ACE,CE,Towers with Radar,136,100,79,17,332,0,4,37,1,42,136,104,116,18,374,14,10,24,398
01/09/2003,DSM,IA,ACE,CE,Towers with Radar,97,104,65,9,275,0,5,37,3,45,97,109,102,12,320,10,8,18,338
01/10/2003,DSM,IA,ACE,CE,Towers with Radar,90,100,69,14,273,0,1,14,0,15,90,101,83,14,288,18,14,32,320
01/11/2003,DSM,IA,ACE,CE,Towers with Radar,91,24,13,0,128,0,1,32,0,33,91,25,45,0,161,18,0,18,179
01/12/2003,DSM,IA,ACE,CE,Towers with Radar,52,65,31,0,148,0,8,26,0,34,52,73,57,0,182,0,0,0,182
01/13/2003,DSM,IA,ACE,CE,Towers with Radar,61,95,60,2,218,0,4,43,0,47,61,99,103,2,265,14,0,14,279
01/14/2003,DSM,IA,ACE,CE,Towers with Radar,74,126,108,12,320,0,3,54,0,57,74,129,162,12,377,2,4,6,383
01/15/2003,DSM,IA,ACE,CE,Towers with Radar,100,127,63,26,316,0,4,25,0,29,100,131,88,26,345,6,28,34,379
01/16/2003,DSM,IA,ACE,CE,Towers with Radar,105,116,68,5,294,0,14,30,1,45,105,130,98,6,339,10,2,12,351
01/17/2003,DSM,IA,ACE,CE,Towers with Radar,98,103,77,1,279,0,3,59,1,63,98,106,136,2,342,2,0,2,344
01/18/2003,DSM,IA,ACE,CE,Towers with Radar,54,60,26,1,141,0,0,11,1,12,54,60,37,2,153,4,0,4,157
01/19/2003,DSM,IA,ACE,CE,Towers with Radar,47,72,26,0,145,0,8,55,0,63,47,80,81,0,208,36,0,36,244
01/20/2003,DSM,IA,ACE,CE,Towers with Radar,92,58,62,0,212,0,11,23,0,34,92,69,85,0,246,2,0,2,248
01/21/2003,DSM,IA,ACE,CE,Towers with Radar,82,100,94,8,284,0,2,37,1,40,82,102,131,9,324,2,20,22,346
01/22/2003,DSM,IA,ACE,CE,Towers with Radar,87,114,69,3,273,0,2,20,1,23,87,116,89,4,296,12,0,12,308
01/23/2003,DSM,IA,ACE,CE,Towers with Radar,119,89,86,8,302,0,6,34,0,40,119,95,120,8,342,8,16,24,366
01/24/2003,DSM,IA,ACE,CE,Towers with Radar,88,109,77,14,288,0,6,28,0,34,88,115,105,14,322,20,6,26,348
01/25/2003,DSM,IA,ACE,CE,Towers with Radar,83,32,16,13,144,0,4,31,1,36,83,36,47,14,180,32,12,44,224
01/26/2003,DSM,IA,ACE,CE,Towers with Radar,51,69,25,2,147,0,4,21,0,25,51,73,46,2,172,14,0,14,186
01/27/2003,DSM,IA,ACE,CE,Towers with Radar,67,85,89,2,243,0,12,12,0,24,67,97,101,2,267,2,0,2,269
01/28/2003,DSM,IA,ACE,CE,Towers with Radar,119,92,50,5,266,0,1,4,0,5,119,93,54,5,271,0,0,0,271
01/29/2003,DSM,IA,ACE,CE,Towers with Radar,107,126,54,29,316,0,1,26,2,29,107,127,80,31,345,18,48,66,411
01/30/2003,DSM,IA,ACE,CE,Towers with Radar,96,113,71,8,288,0,1,20,0,21,96,114,91,8,309,14,26,40,349
01/31/2003,DSM,IA,ACE,CE,Towers with Radar,84,112,71,4,271,0,4,0,0,4,84,116,71,4,275,6,0,6,281
02/01/2003,DSM,IA,ACE,CE,Towers with Radar,69,63,41,0,173,0,9,37,0,46,69,72,78,0,219,52,0,52,271
02/02/2003,DSM,IA,ACE,CE,Towers with Radar,60,58,32,0,150,0,2,1,0,3,60,60,33,0,153,2,0,2,155
02/03/2003,DSM,IA,ACE,CE,Towers with Radar,51,79,51,4,185,0,1,1,0,2,51,80,52,4,187,0,0,0,187
02/04/2003,DSM,IA,ACE,CE,Towers with Radar,90,125,74,1,290,0,7,17,0,24,90,132,91,1,314,10,0,10,324
02/05/2003,DSM,IA,ACE,CE,Towers with Radar,84,129,85,11,309,0,1,27,0,28,84,130,112,11,337,28,8,36,373
02/06/2003,DSM,IA,ACE,CE,Towers with Radar,98,112,51,9,270,0,6,16,0,22,98,118,67,9,292,12,4,16,308
02/07/2003,DSM,IA,ACE,CE,Towers with Radar,118,88,79,15,300,0,8,38,0,46,118,96,117,15,346,4,10,14,360
02/08/2003,DSM,IA,ACE,CE,Towers with Radar,81,32,16,9,138,0,2,12,1,15,81,34,28,10,153,70,6,76,229
02/09/2003,DSM,IA,ACE,CE,Towers with Radar,61,67,34,0,162,0,5,21,0,26,61,72,55,0,188,16,0,16,204
02/10/2003,DSM,IA,ACE,CE,Towers with Radar,70,82,58,0,210,0,4,19,0,23,70,86,77,0,233,8,0,8,241
02/11/2003,DSM,IA,ACE,CE,Towers with Radar,97,109,70,20,296,0,5,20,0,25,97,114,90,20,321,6,8,14,335
02/12/2003,DSM,IA,ACE,CE,Towers with Radar,119,99,85,12,315,0,5,35,0,40,119,104,120,12,355,34,24,58,413
02/13/2003,DSM,IA,ACE,CE,Towers with Radar,96,133,82,10,321,0,2,44,0,46,96,135,126,10,367,30,14,44,411
02/14/2003,DSM,IA,ACE,CE,Towers with Radar,89,99,25,0,213,0,0,5,0,5,89,99,30,0,218,0,0,0,218
02/15/2003,DSM,IA,ACE,CE,Towers with Radar,57,27,6,0,90,0,5,1,0,6,57,32,7,0,96,0,0,0,96
02/16/2003,DSM,IA,ACE,CE,Towers with Radar,55,65,26,8,154,0,1,18,0,19,55,66,44,8,173,4,0,4,177
02/17/2003,DSM,IA,ACE,CE,Towers with Radar,39,97,76,6,218,0,4,28,0,32,39,101,104,6,250,18,0,18,268
02/18/2003,DSM,IA,ACE,CE,Towers with Radar,80,92,87,12,271,0,1,39,0,40,80,93,126,12,311,12,12,24,335
02/19/2003,DSM,IA,ACE,CE,Towers with Radar,92,128,76,21,317,0,8,48,1,57,92,136,124,22,374,32,36,68,442
02/20/2003,DSM,IA,ACE,CE,Towers with Radar,86,134,64,18,302,0,7,69,0,76,86,141,133,18,378,34,30,64,442
02/21/2003,DSM,IA,ACE,CE,Towers with Radar,99,120,75,9,303,5,4,45,7,61,104,124,120,16,364,2,12,14,378
02/22/2003,DSM,IA,ACE,CE,Towers with Radar,62,71,17,11,161,0,2,12,0,14,62,73,29,11,175,20,0,20,195
02/23/2003,DSM,IA,ACE,CE,Towers with Radar,52,76,39,0,167,0,1,43,0,44,52,77,82,0,211,6,0,6,217
02/24/2003,DSM,IA,ACE,CE,Towers with Radar,53,108,56,0,217,0,2,14,0,16,53,110,70,0,233,0,0,0,233
02/25/2003,DSM,IA,ACE,CE,Towers with Radar,75,134,82,11,302,0,0,23,0,23,75,134,105,11,325,18,16,34,359
02/26/2003,DSM,IA,ACE,CE,Towers with Radar,82,127,96,11,316,0,3,42,3,48,82,130,138,14,364,28,20,48,412
02/27/2003,DSM,IA,ACE,CE,Towers with Radar,101,123,103,11,338,0,10,49,1,60,101,133,152,12,398,36,24,60,458
02/28/2003,DSM,IA,ACE,CE,Towers with Radar,90,106,76,3,275,0,0,42,0,42,90,106,118,3,317,20,0,20,337
03/01/2003,DSM,IA,ACE,CE,Towers with Radar,59,69,27,13,168,1,0,2,0,3,60,69,29,13,171,0,0,0,171
03/02/2003,DSM,IA,ACE,CE,Towers with Radar,52,67,41,0,160,1,8,34,0,43,53,75,75,0,203,52,0,52,255
03/03/2003,DSM,IA,ACE,CE,Towers with Radar,50,101,65,0,216,1,4,5,0,10,51,105,70,0,226,0,0,0,226
03/04/2003,DSM,IA,ACE,CE,Towers with Radar,79,98,55,0,232,31,15,0,0,46,110,113,55,0,278,0,0,0,278
03/05/2003,DSM,IA,ACE,CE,Towers with Radar,79,126,84,14,303,1,7,24,0,32,80,133,108,14,335,28,26,54,389
03/06/2003,DSM,IA,ACE,CE,Towers with Radar,118,114,70,24,326,0,0,16,0,16,118,114,86,24,342,0,14,14,356
03/07/2003,DSM,IA,ACE,CE,Towers with Radar,62,123,76,5,266,0,13,23,6,42,62,136,99,11,308,28,18,46,354
03/08/2003,DSM,IA,ACE,CE,Towers with Radar,54,70,21,2,147,0,1,20,0,21,54,71,41,2,168,0,0,0,168
03/09/2003,DSM,IA,ACE,CE,Towers with Radar,58,71,43,3,175,4,3,66,5,78,62,74,109,8,253,40,0,40,293
03/10/2003,DSM,IA,ACE,CE,Towers with Radar,46,110,44,4,204,0,0,14,0,14,46,110,58,4,218,4,0,4,222
03/11/2003,DSM,IA,ACE,CE,Towers with Radar,78,124,85,10,297,0,7,42,0,49,78,131,127,10,346,14,8,22,368
03/12/2003,DSM,IA,ACE,CE,Towers with Radar,78,125,116,8,327,0,0,2,0,2,78,125,118,8,329,12,0,12,341
03/13/2003,DSM,IA,ACE,CE,Towers with Radar,104,120,101,13,338,0,0,30,0,30,104,120,131,13,368,28,4,32,400
03/14/2003,DSM,IA,ACE,CE,Towers with Radar,113,79,89,1,282,0,1,63,0,64,113,80,152,1,346,26,0,26,372
03/15/2003,DSM,IA,ACE,CE,Towers with Radar,78,53,43,4,178,0,0,106,0,106,78,53,149,4,284,40,0,40,324
03/16/2003,DSM,IA,ACE,CE,Towers with Radar,68,50,27,4,149,0,0,52,0,52,68,50,79,4,201,28,4,32,233
03/17/2003,DSM,IA,ACE,CE,Towers with Radar,79,104,48,0,231,0,5,33,0,38,79,109,81,0,269,6,0,6,275
03/18/2003,DSM,IA,ACE,CE,Towers with Radar,73,121,86,0,280,0,7,3,0,10,73,128,89,0,290,6,0,6,296
03/19/2003,DSM,IA,ACE,CE,Towers with Radar,88,120,61,0,269,0,0,2,0,2,88,120,63,0,271,0,0,0,271
03/20/2003,DSM,IA,ACE,CE,Towers with Radar,106,92,55,1,254,0,1,1,0,2,106,93,56,1,256,2,0,2,258
03/21/2003,DSM,IA,ACE,CE,Towers with Radar,66,128,85,2,281,0,1,44,0,45,66,129,129,2,326,4,0,4,330
03/22/2003,DSM,IA,ACE,CE,Towers with Radar,74,70,21,1,166,0,2,133,1,136,74,72,154,2,302,6,0,6,308
03/23/2003,DSM,IA,ACE,CE,Towers with Radar,100,28,31,0,159,0,3,37,0,40,100,31,68,0,199,26,0,26,225
03/24/2003,DSM,IA,ACE,CE,Towers with Radar,53,97,54,6,210,0,7,39,0,46,53,104,93,6,256,4,0,4,260
03/25/2003,DSM,IA,ACE,CE,Towers with Radar,103,131,96,3,333,0,4,68,1,73,103,135,164,4,406,62,10,72,478
03/26/2003,DSM,IA,ACE,CE,Towers with Radar,94,112,80,1,287,0,14,23,1,38,94,126,103,2,325,18,0,18,343
03/27/2003,DSM,IA,ACE,CE,Towers with Radar,107,106,62,10,285,0,4,21,0,25,107,110,83,10,310,6,16,22,332
03/28/2003,DSM,IA,ACE,CE,Towers with Radar,97,87,43,7,234,0,1,5,0,6,97,88,48,7,240,8,4,12,252
03/29/2003,DSM,IA,ACE,CE,Towers with Radar,75,61,26,1,163,0,3,35,1,39,75,64,61,2,202,12,0,12,214
03/30/2003,DSM,IA,ACE,CE,Towers with Radar,51,71,34,2,158,0,1,60,0,61,51,72,94,2,219,16,0,16,235
03/31/2003,DSM,IA,ACE,CE,Towers with Radar,48,104,74,0,226,0,5,34,0,39,48,109,108,0,265,18,4,22,287
04/01/2003,DSM,IA,ACE,CE,Towers with Radar,104,124,84,0,312,0,2,51,0,53,104,126,135,0,365,26,0,26,391
04/02/2003,DSM,IA,ACE,CE,Towers with Radar,110,109,82,18,319,0,5,49,1,55,110,114,131,19,374,12,16,28,402
04/03/2003,DSM,IA,ACE,CE,Towers with Radar,102,126,73,16,317,0,9,47,4,60,102,135,120,20,377,10,38,48,425
04/04/2003,DSM,IA,ACE,CE,Towers with Radar,83,101,52,0,236,0,0,4,1,5,83,101,56,1,241,2,0,2,243
04/05/2003,DSM,IA,ACE,CE,Towers with Radar,74,70,39,0,183,0,7,30,0,37,74,77,69,0,220,24,0,24,244
04/06/2003,DSM,IA,ACE,CE,Towers with Radar,76,43,30,0,149,0,3,3,1,7,76,46,33,1,156,8,0,8,164
04/07/2003,DSM,IA,ACE,CE,Towers with Radar,45,93,36,5,179,0,0,1,1,2,45,93,37,6,181,0,0,0,181
04/08/2003,DSM,IA,ACE,CE,Towers with Radar,97,109,71,11,288,0,1,32,1,34,97,110,103,12,322,30,0,30,352
04/09/2003,DSM,IA,ACE,CE,Towers with Radar,108,115,95,26,344,0,6,62,4,72,108,121,157,30,416,56,16,72,488
04/10/2003,DSM,IA,ACE,CE,Towers with Radar,98,112,89,15,314,0,5,54,0,59,98,117,143,15,373,12,2,14,387
04/11/2003,DSM,IA,ACE,CE,Towers with Radar,62,114,73,7,256,0,0,75,0,75,62,114,148,7,331,28,0,28,359
04/12/2003,DSM,IA,ACE,CE,Towers with Radar,4,5,2,0,11,0,3,0,0,3,4,8,2,0,14,0,0,0,14
04/13/2003,DSM,IA,ACE,CE,Towers with Radar,82,34,29,7,152,0,2,48,0,50,82,36,77,7,202,56,0,56,258
04/14/2003,DSM,IA,ACE,CE,Towers with Radar,81,69,55,0,205,0,10,38,0,48,81,79,93,0,253,6,0,6,259
04/15/2003,DSM,IA,ACE,CE,Towers with Radar,101,117,74,6,298,0,3,26,0,29,101,120,100,6,327,26,0,26,353
04/16/2003,DSM,IA,ACE,CE,Towers with Radar,76,119,65,20,280,0,5,11,1,17,76,124,76,21,297,2,0,2,299
04/17/2003,DSM,IA,ACE,CE,Towers with Radar,114,116,104,28,362,0,2,15,0,17,114,118,119,28,379,20,0,20,399
04/18/2003,DSM,IA,ACE,CE,Towers with Radar,74,82,41,0,197,21,0,0,0,21,95,82,41,0,218,2,0,2,220
04/19/2003,DSM,IA,ACE,CE,Towers with Radar,50,62,7,0,119,0,1,1,0,2,50,63,8,0,121,0,0,0,121
04/20/2003,DSM,IA,ACE,CE,Towers with Radar,89,25,26,2,142,0,4,2,0,6,89,29,28,2,148,0,0,0,148
04/21/2003,DSM,IA,ACE,CE,Towers with Radar,55,96,70,2,223,0,5,44,0,49,55,101,114,2,272,0,0,0,272
04/22/2003,DSM,IA,ACE,CE,Towers with Radar,105,131,109,17,362,0,2,70,5,77,105,133,179,22,439,34,26,60,499
04/23/2003,DSM,IA,ACE,CE,Towers with Radar,74,118,87,22,301,0,4,64,0,68,74,122,151,22,369,30,36,66,435
04/24/2003,DSM,IA,ACE,CE,Towers with Radar,85,117,77,6,285,0,0,6,0,6,85,117,83,6,291,2,0,2,293
04/25/2003,DSM,IA,ACE,CE,Towers with Radar,98,96,82,20,296,0,2,71,0,73,98,98,153,20,369,0,0,0,369
04/26/2003,DSM,IA,ACE,CE,Towers with Radar,83,55,34,2,174,0,0,76,2,78,83,55,110,4,252,54,28,82,334
04/27/2003,DSM,IA,ACE,CE,Towers with Radar,63,55,40,0,158,0,6,73,1,80,63,61,113,1,238,22,0,22,260
04/28/2003,DSM,IA,ACE,CE,Towers with Radar,54,88,70,0,212,0,8,50,0,58,54,96,120,0,270,0,0,0,270
04/29/2003,DSM,IA,ACE,CE,Towers with Radar,72,123,85,15,295,0,7,27,0,34,72,130,112,15,329,18,0,18,347
04/30/2003,DSM,IA,ACE,CE,Towers with Radar,84,106,61,9,260,0,0,0,0,0,84,106,61,9,260,18,0,18,278
05/01/2003,DSM,IA,ACE,CE,Towers with Radar,104,91,93,15,303,0,6,14,0,20,104,97,107,15,323,14,0,14,337
05/02/2003,DSM,IA,ACE,CE,Towers with Radar,94,87,79,26,286,0,3,44,0,47,94,90,123,26,333,26,30,56,389
05/03/2003,DSM,IA,ACE,CE,Towers with Radar,73,69,43,12,197,0,3,45,1,49,73,72,88,13,246,50,8,58,304
05/04/2003,DSM,IA,ACE,CE,Towers with Radar,76,25,19,1,121,0,1,2,0,3,76,26,21,1,124,0,0,0,124
05/05/2003,DSM,IA,ACE,CE,Towers with Radar,66,102,80,0,248,0,4,19,5,28,66,106,99,5,276,2,0,2,278
05/06/2003,DSM,IA,ACE,CE,Towers with Radar,83,117,97,10,307,0,5,43,2,50,83,122,140,12,357,26,0,26,383
05/07/2003,DSM,IA,ACE,CE,Towers with Radar,73,117,104,11,305,0,6,47,0,53,73,123,151,11,358,24,12,36,394
05/08/2003,DSM,IA,ACE,CE,Towers with Radar,88,121,78,3,290,0,0,6,0,6,88,121,84,3,296,4,0,4,300
05/09/2003,DSM,IA,ACE,CE,Towers with Radar,97,87,95,10,289,0,7,54,0,61,97,94,149,10,350,32,10,42,392
05/10/2003,DSM,IA,ACE,CE,Towers with Radar,54,64,20,2,140,0,0,5,0,5,54,64,25,2,145,4,0,4,149
05/11/2003,DSM,IA,ACE,CE,Towers with Radar,52,66,27,0,145,0,1,5,0,6,52,67,32,0,151,0,0,0,151
05/12/2003,DSM,IA,ACE,CE,Towers with Radar,70,89,83,0,242,0,6,52,0,58,70,95,135,0,300,12,0,12,312
05/13/2003,DSM,IA,ACE,CE,Towers with Radar,70,110,87,4,271,0,5,67,0,72,70,115,154,4,343,30,14,44,387
05/14/2003,DSM,IA,ACE,CE,Towers with Radar,109,110,90,2,311,0,0,50,0,50,109,110,140,2,361,22,0,22,383
05/15/2003,DSM,IA,ACE,CE,Towers with Radar,114,105,104,15,338,0,13,32,2,47,114,118,136,17,385,24,0,24,409
05/16/2003,DSM,IA,ACE,CE,Towers with Radar,94,97,122,7,320,0,5,74,0,79,94,102,196,7,399,18,2,20,419
05/17/2003,DSM,IA,ACE,CE,Towers with Radar,61,60,66,13,200,0,0,96,2,98,61,60,162,15,298,74,22,96,394
05/18/2003,DSM,IA,ACE,CE,Towers with Radar,56,73,95,1,225,0,7,62,0,69,56,80,157,1,294,34,0,34,328
05/19/2003,DSM,IA,ACE,CE,Towers with Radar,67,85,75,0,227,0,9,2,0,11,67,94,77,0,238,0,0,0,238
05/20/2003,DSM,IA,ACE,CE,Towers with Radar,99,122,95,20,336,0,2,50,3,55,99,124,145,23,391,4,28,32,423
05/21/2003,DSM,IA,ACE,CE,Towers with Radar,90,111,99,7,307,0,2,55,3,60,90,113,154,10,367,8,8,16,383
05/22/2003,DSM,IA,ACE,CE,Towers with Radar,118,85,74,18,295,0,3,47,1,51,118,88,121,19,346,6,30,36,382
05/23/2003,DSM,IA,ACE,CE,Towers with Radar,71,105,82,1,259,0,5,38,0,43,71,110,120,1,302,8,0,8,310
05/24/2003,DSM,IA,ACE,CE,Towers with Radar,61,52,39,0,152,0,2,38,0,40,61,54,77,0,192,88,0,88,280
05/25/2003,DSM,IA,ACE,CE,Towers with Radar,50,56,18,0,124,0,3,72,0,75,50,59,90,0,199,42,0,42,241
05/26/2003,DSM,IA,ACE,CE,Towers with Radar,43,69,38,0,150,0,2,60,4,66,43,71,98,4,216,30,0,30,246
05/27/2003,DSM,IA,ACE,CE,Towers with Radar,51,97,64,12,224,0,7,60,1,68,51,104,124,13,292,22,24,46,338
05/28/2003,DSM,IA,ACE,CE,Towers with Radar,107,122,101,10,340,0,5,31,0,36,107,127,132,10,376,8,12,20,396
05/29/2003,DSM,IA,ACE,CE,Towers with Radar,96,102,89,9,296,0,10,57,0,67,96,112,146,9,363,26,8,34,397
05/30/2003,DSM,IA,ACE,CE,Towers with Radar,89,116,66,17,288,0,2,28,0,30,89,118,94,17,318,32,18,50,368
05/31/2003,DSM,IA,ACE,CE,Towers with Radar,63,75,35,1,174,0,2,43,0,45,63,77,78,1,219,12,0,12,231
06/01/2003,DSM,IA,ACE,CE,Towers with Radar,73,74,40,1,188,0,16,59,0,75,73,90,99,1,263,38,0,38,301
06/02/2003,DSM,IA,ACE,CE,Towers with Radar,50,89,65,0,204,0,4,9,0,13,50,93,74,0,217,0,0,0,217
06/03/2003,DSM,IA,ACE,CE,Towers with Radar,104,126,118,16,364,0,3,42,1,46,104,129,160,17,410,8,0,8,418
06/04/2003,DSM,IA,ACE,CE,Towers with Radar,112,126,115,17,370,0,13,35,1,49,112,139,150,18,419,28,16,44,463
06/05/2003,DSM,IA,ACE,CE,Towers with Radar,87,119,99,10,315,0,4,21,1,26,87,123,120,11,341,22,26,48,389
06/06/2003,DSM,IA,ACE,CE,Towers with Radar,112,71,80,4,267,0,4,22,1,27,112,75,102,5,294,16,0,16,310
06/07/2003,DSM,IA,ACE,CE,Towers with Radar,67,48,35,9,159,0,17,47,5,69,67,65,82,14,228,10,0,10,238
06/08/2003,DSM,IA,ACE,CE,Towers with Radar,56,65,54,2,177,6,0,11,0,17,62,65,65,2,194,12,0,12,206
06/09/2003,DSM,IA,ACE,CE,Towers with Radar,57,98,84,0,239,0,15,46,0,61,57,113,130,0,300,10,0,10,310
06/10/2003,DSM,IA,ACE,CE,Towers with Radar,77,116,113,12,318,0,12,36,1,49,77,128,149,13,367,28,30,58,425
06/11/2003,DSM,IA,ACE,CE,Towers with Radar,112,132,120,18,382,0,2,46,2,50,112,134,166,20,432,6,36,42,474
06/12/2003,DSM,IA,ACE,CE,Towers with Radar,102,128,94,15,339,0,4,28,0,32,102,132,122,15,371,10,0,10,381
06/13/2003,DSM,IA,ACE,CE,Towers with Radar,107,76,78,10,271,0,11,63,4,78,107,87,141,14,349,22,6,28,377
06/14/2003,DSM,IA,ACE,CE,Towers with Radar,46,73,24,1,144,0,0,107,0,107,46,73,131,1,251,14,0,14,265
06/15/2003,DSM,IA,ACE,CE,Towers with Radar,55,74,28,0,157,0,16,68,0,84,55,90,96,0,241,16,2,18,259
06/16/2003,DSM,IA,ACE,CE,Towers with Radar,45,102,95,0,242,0,1,61,0,62,45,103,156,0,304,14,0,14,318
06/17/2003,DSM,IA,ACE,CE,Towers with Radar,80,128,101,9,318,0,13,55,0,68,80,141,156,9,386,14,14,28,414
06/18/2003,DSM,IA,ACE,CE,Towers with Radar,76,123,79,11,289,0,8,27,1,36,76,131,106,12,325,12,8,20,345
06/19/2003,DSM,IA,ACE,CE,Towers with Radar,106,128,105,15,354,0,7,61,0,68,106,135,166,15,422,44,16,60,482
06/20/2003,DSM,IA,ACE,CE,Towers with Radar,68,116,89,14,287,0,16,51,1,68,68,132,140,15,355,20,16,36,391
06/21/2003,DSM,IA,ACE,CE,Towers with Radar,68,81,49,19,217,0,22,54,1,77,68,103,103,20,294,6,2,8,302
06/22/2003,DSM,IA,ACE,CE,Towers with Radar,61,65,44,4,174,0,10,18,1,29,61,75,62,5,203,2,0,2,205
06/23/2003,DSM,IA,ACE,CE,Towers with Radar,52,112,59,0,223,0,4,25,0,29,52,116,84,0,252,4,0,4,256
06/24/2003,DSM,IA,ACE,CE,Towers with Radar,99,117,112,12,340,0,4,44,0,48,99,121,156,12,388,6,0,6,394
06/25/2003,DSM,IA,ACE,CE,Towers with Radar,72,126,76,0,274,0,2,7,0,9,72,128,83,0,283,0,0,0,283
06/26/2003,DSM,IA,ACE,CE,Towers with Radar,91,128,88,15,322,0,7,33,0,40,91,135,121,15,362,18,10,28,390
06/27/2003,DSM,IA,ACE,CE,Towers with Radar,57,127,81,13,278,0,9,121,0,130,57,136,202,13,408,28,12,40,448
06/28/2003,DSM,IA,ACE,CE,Towers with Radar,60,59,31,1,151,0,3,34,0,37,60,62,65,1,188,2,0,2,190
06/29/2003,DSM,IA,ACE,CE,Towers with Radar,55,71,55,2,183,12,0,40,0,52,67,71,95,2,235,16,0,16,251
06/30/2003,DSM,IA,ACE,CE,Towers with Radar,50,99,64,0,213,0,6,87,0,93,50,105,151,0,306,24,0,24,330
07/01/2003,DSM,IA,ACE,CE,Towers with Radar,86,132,90,17,325,0,4,42,0,46,86,136,132,17,371,52,20,72,443
07/02/2003,DSM,IA,ACE,CE,Towers with Radar,91,119,110,16,336,0,3,82,1,86,91,122,192,17,422,2,4,6,428
07/03/2003,DSM,IA,ACE,CE,Towers with Radar,67,118,61,0,246,0,2,33,0,35,67,120,94,0,281,18,0,18,299
07/04/2003,DSM,IA,ACE,CE,Towers with Radar,60,42,12,2,116,0,0,17,3,20,60,42,29,5,136,26,0,26,162
07/05/2003,DSM,IA,ACE,CE,Towers with Radar,51,48,24,0,123,0,0,66,0,66,51,48,90,0,189,0,0,0,189
07/06/2003,DSM,IA,ACE,CE,Towers with Radar,56,77,36,0,169,0,5,45,0,50,56,82,81,0,219,4,0,4,223
07/07/2003,DSM,IA,ACE,CE,Towers with Radar,52,102,74,0,228,0,4,25,0,29,52,106,99,0,257,16,0,16,273
07/08/2003,DSM,IA,ACE,CE,Towers with Radar,79,141,121,2,343,0,10,22,0,32,79,151,143,2,375,22,8,30,405
07/09/2003,DSM,IA,ACE,CE,Towers with Radar,88,133,79,9,309,0,9,17,0,26,88,142,96,9,335,18,28,46,381
07/10/2003,DSM,IA,ACE,CE,Towers with Radar,73,131,110,13,327,0,8,55,1,64,73,139,165,14,391,30,28,58,449
07/11/2003,DSM,IA,ACE,CE,Towers with Radar,70,121,77,10,278,0,13,50,0,63,70,134,127,10,341,24,22,46,387
07/12/2003,DSM,IA,ACE,CE,Towers with Radar,49,79,21,13,162,0,3,74,1,78,49,82,95,14,240,28,8,36,276
07/13/2003,DSM,IA,ACE,CE,Towers with Radar,62,71,48,0,181,0,10,66,0,76,62,81,114,0,257,4,0,4,261
07/14/2003,DSM,IA,ACE,CE,Towers with Radar,52,116,76,7,251,0,3,35,0,38,52,119,111,7,289,6,0,6,295
07/15/2003,DSM,IA,ACE,CE,Towers with Radar,92,123,71,33,319,0,2,55,2,59,92,125,126,35,378,34,36,70,448
07/16/2003,DSM,IA,ACE,CE,Towers with Radar,95,113,82,12,302,0,3,62,0,65,95,116,144,12,367,14,26,40,407
07/17/2003,DSM,IA,ACE,CE,Towers with Radar,85,117,108,9,319,0,10,42,0,52,85,127,150,9,371,12,0,12,383
07/18/2003,DSM,IA,ACE,CE,Towers with Radar,63,136,107,9,315,0,5,26,0,31,63,141,133,9,346,3,0,3,349
07/19/2003,DSM,IA,ACE,CE,Towers with Radar,62,76,39,7,184,0,6,40,0,46,62,82,79,7,230,0,0,0,230
07/20/2003,DSM,IA,ACE,CE,Towers with Radar,76,52,48,0,176,0,0,19,0,19,76,52,67,0,195,14,0,14,209
07/21/2003,DSM,IA,ACE,CE,Towers with Radar,49,104,81,2,236,0,2,51,0,53,49,106,132,2,289,0,0,0,289
07/22/2003,DSM,IA,ACE,CE,Towers with Radar,106,111,134,20,371,0,10,50,0,60,106,121,184,20,431,34,28,62,493
07/23/2003,DSM,IA,ACE,CE,Towers with Radar,113,92,91,12,308,0,3,50,0,53,113,95,141,12,361,7,20,27,388
07/24/2003,DSM,IA,ACE,CE,Towers with Radar,98,123,80,9,310,0,2,64,0,66,98,125,144,9,376,36,0,36,412
07/25/2003,DSM,IA,ACE,CE,Towers with Radar,57,123,75,14,269,0,9,79,0,88,57,132,154,14,357,6,22,28,385
07/26/2003,DSM,IA,ACE,CE,Towers with Radar,63,63,41,5,172,0,12,34,0,46,63,75,75,5,218,6,0,6,224
07/27/2003,DSM,IA,ACE,CE,Towers with Radar,82,46,51,2,181,0,10,32,0,42,82,56,83,2,223,0,0,0,223
07/28/2003,DSM,IA,ACE,CE,Towers with Radar,52,120,90,0,262,0,14,58,0,72,52,134,148,0,334,34,0,34,368
07/29/2003,DSM,IA,ACE,CE,Towers with Radar,81,134,148,9,372,0,5,50,0,55,81,139,198,9,427,28,16,44,471
07/30/2003,DSM,IA,ACE,CE,Towers with Radar,91,149,114,13,367,0,10,44,0,54,91,159,158,13,421,58,20,78,499
07/31/2003,DSM,IA,ACE,CE,Towers with Radar,90,129,105,12,336,0,4,46,0,50,90,133,151,12,386,34,12,46,432
08/01/2003,DSM,IA,ACE,CE,Towers with Radar,59,123,77,9,268,0,10,87,1,98,59,133,164,10,366,4,4,8,374
08/02/2003,DSM,IA,ACE,CE,Towers with Radar,63,63,39,7,172,0,6,42,0,48,63,69,81,7,220,2,12,14,234
08/03/2003,DSM,IA,ACE,CE,Towers with Radar,71,76,45,0,192,0,1,62,0,63,71,77,107,0,255,16,0,16,271
08/04/2003,DSM,IA,ACE,CE,Towers with Radar,50,113,85,6,254,0,4,83,0,87,50,117,168,6,341,18,0,18,359
08/05/2003,DSM,IA,ACE,CE,Towers with Radar,81,120,97,11,309,0,10,44,0,54,81,130,141,11,363,26,16,42,405
08/06/2003,DSM,IA,ACE,CE,Towers with Radar,96,129,94,16,335,0,3,44,0,47,96,132,138,16,382,6,40,46,428
08/07/2003,DSM,IA,ACE,CE,Towers with Radar,96,128,84,16,324,0,6,54,0,60,96,134,138,16,384,18,10,28,412
08/08/2003,DSM,IA,ACE,CE,Towers with Radar,90,109,74,14,287,0,1,80,1,82,90,110,154,15,369,40,12,52,421
08/09/2003,DSM,IA,ACE,CE,Towers with Radar,46,74,41,1,162,0,3,56,0,59,46,77,97,1,221,36,0,36,257
08/10/2003,DSM,IA,ACE,CE,Towers with Radar,103,63,55,4,225,0,1,31,0,32,103,64,86,4,257,0,0,0,257
08/11/2003,DSM,IA,ACE,CE,Towers with Radar,54,116,67,0,237,0,4,42,0,46,54,120,109,0,283,18,0,18,301
08/12/2003,DSM,IA,ACE,CE,Towers with Radar,75,137,103,13,328,0,0,42,0,42,75,137,145,13,370,8,26,34,404
08/13/2003,DSM,IA,ACE,CE,Towers with Radar,106,133,129,18,386,0,3,66,0,69,106,136,195,18,455,20,4,24,479
08/14/2003,DSM,IA,ACE,CE,Towers with Radar,85,133,122,12,352,0,5,33,0,38,85,138,155,12,390,16,4,20,410
08/15/2003,DSM,IA,ACE,CE,Towers with Radar,108,95,115,24,342,0,3,42,0,45,108,98,157,24,387,14,28,42,429
08/16/2003,DSM,IA,ACE,CE,Towers with Radar,46,87,32,9,174,0,15,97,0,112,46,102,129,9,286,22,28,50,336
08/17/2003,DSM,IA,ACE,CE,Towers with Radar,66,74,52,3,195,0,2,49,0,51,66,76,101,3,246,8,4,12,258
08/18/2003,DSM,IA,ACE,CE,Towers with Radar,71,98,70,0,239,0,1,32,0,33,71,99,102,0,272,18,0,18,290
08/19/2003,DSM,IA,ACE,CE,Towers with Radar,94,123,64,10,291,0,6,32,0,38,94,129,96,10,329,26,38,64,393
08/20/2003,DSM,IA,ACE,CE,Towers with Radar,100,124,95,22,341,0,0,36,3,39,100,124,131,25,380,18,32,50,430
08/21/2003,DSM,IA,ACE,CE,Towers with Radar,97,119,95,12,323,0,0,56,0,56,97,119,151,12,379,88,28,116,495
08/22/2003,DSM,IA,ACE,CE,Towers with Radar,63,118,113,16,310,0,3,53,0,56,63,121,166,16,366,32,20,52,418
08/23/2003,DSM,IA,ACE,CE,Towers with Radar,54,76,39,0,169,0,5,56,0,61,54,81,95,0,230,10,0,10,240
08/24/2003,DSM,IA,ACE,CE,Towers with Radar,57,89,60,2,208,0,8,71,0,79,57,97,131,2,287,16,0,16,303
08/25/2003,DSM,IA,ACE,CE,Towers with Radar,54,105,93,3,255,0,0,49,0,49,54,105,142,3,304,26,0,26,330
08/26/2003,DSM,IA,ACE,CE,Towers with Radar,79,133,133,22,367,0,4,45,2,51,79,137,178,24,418,12,8,20,438
08/27/2003,DSM,IA,ACE,CE,Towers with Radar,103,106,92,17,318,0,0,48,0,48,103,106,140,17,366,58,26,84,450
08/28/2003,DSM,IA,ACE,CE,Towers with Radar,101,110,97,8,316,0,4,37,0,41,101,114,134,8,357,12,34,46,403
08/29/2003,DSM,IA,ACE,CE,Towers with Radar,86,101,81,0,268,0,6,37,0,43,86,107,118,0,311,30,0,30,341
08/30/2003,DSM,IA,ACE,CE,Towers with Radar,39,70,37,0,146,0,6,51,0,57,39,76,88,0,203,12,0,12,215
08/31/2003,DSM,IA,ACE,CE,Towers with Radar,34,53,23,0,110,0,3,10,0,13,34,56,33,0,123,0,0,0,123
09/01/2003,DSM,IA,ACE,CE,Towers with Radar,49,76,51,0,176,0,8,56,0,64,49,84,107,0,240,10,0,10,250
09/02/2003,DSM,IA,ACE,CE,Towers with Radar,60,109,60,5,234,0,9,72,2,83,60,118,132,7,317,42,18,60,377
09/03/2003,DSM,IA,ACE,CE,Towers with Radar,92,137,113,5,347,0,7,55,0,62,92,144,168,5,409,14,20,34,443
09/04/2003,DSM,IA,ACE,CE,Towers with Radar,81,117,99,7,304,0,16,89,0,105,81,133,188,7,409,50,0,50,459
09/05/2003,DSM,IA,ACE,CE,Towers with Radar,93,140,90,9,332,3,22,57,7,89,96,162,147,16,421,14,8,22,443
09/06/2003,DSM,IA,ACE,CE,Towers with Radar,46,72,21,2,141,0,11,87,0,98,46,83,108,2,239,56,0,56,295
09/07/2003,DSM,IA,ACE,CE,Towers with Radar,61,73,45,0,179,0,4,59,0,63,61,77,104,0,242,26,0,26,268
09/08/2003,DSM,IA,ACE,CE,Towers with Radar,66,102,72,0,240,0,24,42,0,66,66,126,114,0,306,18,0,18,324
09/09/2003,DSM,IA,ACE,CE,Towers with Radar,82,138,91,24,335,0,6,48,0,54,82,144,139,24,389,52,22,74,463
09/10/2003,DSM,IA,ACE,CE,Towers with Radar,94,105,112,22,333,0,2,36,0,38,94,107,148,22,371,8,14,22,393
09/11/2003,DSM,IA,ACE,CE,Towers with Radar,74,122,70,8,274,0,7,21,0,28,74,129,91,8,302,16,0,16,318
09/12/2003,DSM,IA,ACE,CE,Towers with Radar,55,131,87,10,283,0,16,83,0,99,55,147,170,10,382,6,14,20,402
09/13/2003,DSM,IA,ACE,CE,Towers with Radar,59,73,25,5,162,0,5,15,0,20,59,78,40,5,182,0,0,0,182
09/14/2003,DSM,IA,ACE,CE,Towers with Radar,52,71,63,2,188,0,8,74,0,82,52,79,137,2,270,24,1,25,295
09/15/2003,DSM,IA,ACE,CE,Towers with Radar,46,118,73,3,240,0,10,91,0,101,46,128,164,3,341,30,0,30,371
09/16/2003,DSM,IA,ACE,CE,Towers with Radar,107,118,111,9,345,0,9,70,0,79,107,127,181,9,424,36,28,64,488
09/17/2003,DSM,IA,ACE,CE,Towers with Radar,98,137,75,6,316,0,5,32,0,37,98,142,107,6,353,8,0,8,361
09/18/2003,DSM,IA,ACE,CE,Towers with Radar,101,144,81,6,332,0,3,13,0,16,101,147,94,6,348,24,0,24,372
09/19/2003,DSM,IA,ACE,CE,Towers with Radar,69,124,77,10,280,0,3,65,1,69,69,127,142,11,349,6,0,6,355
09/20/2003,DSM,IA,ACE,CE,Towers with Radar,53,71,38,6,168,0,5,76,3,84,53,76,114,9,252,16,24,40,292
09/21/2003,DSM,IA,ACE,CE,Towers with Radar,44,86,36,0,166,0,4,4,0,8,44,90,40,0,174,0,0,0,174
09/22/2003,DSM,IA,ACE,CE,Towers with Radar,52,105,78,0,235,0,7,39,0,46,52,112,117,0,281,14,0,14,295
09/23/2003,DSM,IA,ACE,CE,Towers with Radar,103,138,91,17,349,0,6,73,2,81,103,144,164,19,430,24,20,44,474
09/24/2003,DSM,IA,ACE,CE,Towers with Radar,88,116,104,31,339,0,8,43,0,51,88,124,147,31,390,30,26,56,446
09/25/2003,DSM,IA,ACE,CE,Towers with Radar,89,130,67,12,298,0,7,54,0,61,89,137,121,12,359,18,14,32,391
09/26/2003,DSM,IA,ACE,CE,Towers with Radar,71,103,70,0,244,0,9,23,0,32,71,112,93,0,276,40,0,40,316
09/27/2003,DSM,IA,ACE,CE,Towers with Radar,59,69,29,0,157,0,2,38,0,40,59,71,67,0,197,64,0,64,261
09/28/2003,DSM,IA,ACE,CE,Towers with Radar,52,76,41,0,169,0,6,53,0,59,52,82,94,0,228,22,0,22,250
09/29/2003,DSM,IA,ACE,CE,Towers with Radar,44,115,67,2,228,0,9,53,0,62,44,124,120,2,290,16,0,16,306
09/30/2003,DSM,IA,ACE,CE,Towers with Radar,101,120,78,0,299,0,6,66,0,72,101,126,144,0,371,16,0,16,387
10/01/2003,DSM,IA,ACE,CE,Towers with Radar,93,128,94,6,321,15,3,31,13,62,108,131,125,19,383,22,36,58,441
10/02/2003,DSM,IA,ACE,CE,Towers with Radar,107,134,108,6,355,20,0,53,5,78,127,134,161,11,433,4,8,12,445
10/03/2003,DSM,IA,ACE,CE,Towers with Radar,76,122,88,5,291,0,11,32,14,57,76,133,120,19,348,8,42,50,398
10/04/2003,DSM,IA,ACE,CE,Towers with Radar,42,59,42,0,143,3,14,60,0,77,45,73,102,0,220,6,0,6,226
10/05/2003,DSM,IA,ACE,CE,Towers with Radar,54,75,54,1,184,1,9,94,0,104,55,84,148,1,288,22,0,22,310
10/06/2003,DSM,IA,ACE,CE,Towers with Radar,61,92,66,2,221,0,13,60,0,73,61,105,126,2,294,28,0,28,322
10/07/2003,DSM,IA,ACE,CE,Towers with Radar,82,119,86,5,292,0,12,68,7,87,82,131,154,12,379,16,34,50,429
10/08/2003,DSM,IA,ACE,CE,Towers with Radar,80,124,89,5,298,0,8,47,12,67,80,132,136,17,365,14,28,42,407
10/09/2003,DSM,IA,ACE,CE,Towers with Radar,67,120,86,5,278,0,23,69,22,114,67,143,155,27,392,26,32,58,450
10/10/2003,DSM,IA,ACE,CE,Towers with Radar,68,117,84,5,274,0,9,31,0,40,68,126,115,5,314,18,0,18,332
10/11/2003,DSM,IA,ACE,CE,Towers with Radar,43,54,41,0,138,26,0,0,0,26,69,54,41,0,164,0,0,0,164
10/12/2003,DSM,IA,ACE,CE,Towers with Radar,52,73,52,1,178,13,10,65,0,88,65,83,117,1,266,16,0,16,282
10/13/2003,DSM,IA,ACE,CE,Towers with Radar,54,97,70,0,221,0,12,44,0,56,54,109,114,0,277,6,0,6,283
10/14/2003,DSM,IA,ACE,CE,Towers with Radar,77,121,87,1,286,0,6,80,0,86,77,127,167,1,372,14,0,14,386
10/15/2003,DSM,IA,ACE,CE,Towers with Radar,86,124,89,2,301,0,6,87,0,93,86,130,176,2,394,28,0,28,422
10/16/2003,DSM,IA,ACE,CE,Towers with Radar,93,109,93,1,296,7,0,34,0,41,100,109,127,1,337,12,0,12,349
10/17/2003,DSM,IA,ACE,CE,Towers with Radar,84,113,84,3,284,6,0,51,0,57,90,113,135,3,341,24,0,24,365
10/18/2003,DSM,IA,ACE,CE,Towers with Radar,51,63,51,0,165,16,0,41,0,57,67,63,92,0,222,20,0,20,242
10/19/2003,DSM,IA,ACE,CE,Towers with Radar,49,66,49,2,166,11,18,56,0,85,60,84,105,2,251,18,0,18,269
10/20/2003,DSM,IA,ACE,CE,Towers with Radar,56,102,75,3,236,0,16,35,0,51,56,118,110,3,287,12,0,12,299
10/21/2003,DSM,IA,ACE,CE,Towers with Radar,82,109,81,0,272,10,0,69,0,79,92,109,150,0,351,44,0,44,395
10/22/2003,DSM,IA,ACE,CE,Towers with Radar,106,136,105,4,351,9,0,78,0,87,115,136,183,4,438,48,0,48,486
10/23/2003,DSM,IA,ACE,CE,Towers with Radar,86,105,86,0,277,21,0,53,0,74,107,105,139,0,351,2,0,2,353
10/24/2003,DSM,IA,ACE,CE,Towers with Radar,69,124,91,2,286,0,18,32,0,50,69,142,123,2,336,4,0,4,340
10/25/2003,DSM,IA,ACE,CE,Towers with Radar,49,66,49,2,166,4,21,22,0,47,53,87,71,2,213,56,0,56,269
10/26/2003,DSM,IA,ACE,CE,Towers with Radar,55,72,54,2,183,2,0,44,3,49,57,72,98,5,232,14,0,14,246
10/27/2003,DSM,IA,ACE,CE,Towers with Radar,61,92,67,0,220,0,13,53,0,66,61,105,120,0,286,26,0,26,312
10/28/2003,DSM,IA,ACE,CE,Towers with Radar,92,125,92,0,309,10,28,11,0,49,102,153,103,0,358,18,0,18,376
10/29/2003,DSM,IA,ACE,CE,Towers with Radar,90,116,89,3,298,2,0,54,0,56,92,116,143,3,354,24,0,24,378
10/30/2003,DSM,IA,ACE,CE,Towers with Radar,76,113,83,0,272,0,18,58,0,76,76,131,141,0,348,2,0,2,350
10/31/2003,DSM,IA,ACE,CE,Towers with Radar,66,118,87,4,275,0,11,20,4,35,66,129,107,8,310,12,0,12,322
11/01/2003,DSM,IA,ACE,CE,Towers with Radar,17,27,18,0,62,0,12,0,0,12,17,39,18,0,74,0,0,0,74
11/02/2003,DSM,IA,ACE,CE,Towers with Radar,47,64,29,1,141,1,12,0,0,13,48,76,29,1,154,2,0,2,156
11/03/2003,DSM,IA,ACE,CE,Towers with Radar,40,75,45,3,163,0,24,0,0,24,40,99,45,3,187,6,0,6,193
11/04/2003,DSM,IA,ACE,CE,Towers with Radar,86,121,92,11,310,0,0,5,1,6,86,121,97,12,316,8,4,12,328
11/05/2003,DSM,IA,ACE,CE,Towers with Radar,79,137,98,12,326,0,0,52,16,68,79,137,150,28,394,24,0,24,418
11/06/2003,DSM,IA,ACE,CE,Towers with Radar,74,124,86,11,295,0,0,78,7,85,74,124,164,18,380,16,4,20,400
11/07/2003,DSM,IA,ACE,CE,Towers with Radar,64,116,80,10,270,0,7,62,5,74,64,123,142,15,344,12,24,36,380
11/08/2003,DSM,IA,ACE,CE,Towers with Radar,57,76,56,0,189,12,0,62,0,74,69,76,118,0,263,28,0,28,291
11/09/2003,DSM,IA,ACE,CE,Towers with Radar,50,50,49,2,151,26,0,27,0,53,76,50,76,2,204,56,0,56,260
11/10/2003,DSM,IA,ACE,CE,Towers with Radar,49,94,65,0,208,0,5,12,0,17,49,99,77,0,225,0,0,0,225
11/11/2003,DSM,IA,ACE,CE,Towers with Radar,93,124,92,10,319,1,0,50,5,56,94,124,142,15,375,34,14,48,423
11/12/2003,DSM,IA,ACE,CE,Towers with Radar,73,104,72,4,253,8,5,25,0,38,81,109,97,4,291,14,0,14,305
11/13/2003,DSM,IA,ACE,CE,Towers with Radar,83,121,91,10,305,0,0,70,8,78,83,121,161,18,383,2,20,22,405
11/14/2003,DSM,IA,ACE,CE,Towers with Radar,63,101,70,8,242,0,27,24,3,54,63,128,94,11,296,6,10,16,312
11/15/2003,DSM,IA,ACE,CE,Towers with Radar,57,57,56,6,176,8,0,1,6,15,65,57,57,12,191,28,0,28,219
11/16/2003,DSM,IA,ACE,CE,Towers with Radar,45,78,53,5,181,0,12,78,0,90,45,90,131,5,271,40,0,40,311
11/17/2003,DSM,IA,ACE,CE,Towers with Radar,45,80,55,0,180,0,24,0,0,24,45,104,55,0,204,0,0,0,204
11/18/2003,DSM,IA,ACE,CE,Towers with Radar,74,116,86,10,286,0,0,51,21,72,74,116,137,31,358,16,26,42,400
11/19/2003,DSM,IA,ACE,CE,Towers with Radar,99,140,97,12,348,1,0,78,1,80,100,140,175,13,428,44,8,52,480
11/20/2003,DSM,IA,ACE,CE,Towers with Radar,105,135,104,12,356,6,0,89,3,98,111,135,193,15,454,22,22,44,498
11/21/2003,DSM,IA,ACE,CE,Towers with Radar,63,113,79,9,264,0,1,37,2,40,63,114,116,11,304,8,24,32,336
11/22/2003,DSM,IA,ACE,CE,Towers with Radar,45,61,44,0,150,9,0,1,0,10,54,61,45,0,160,12,0,12,172
11/23/2003,DSM,IA,ACE,CE,Towers with Radar,39,54,30,0,123,38,7,0,0,45,77,61,30,0,168,0,0,0,168
11/24/2003,DSM,IA,ACE,CE,Towers with Radar,48,86,61,6,201,0,12,26,6,44,48,98,87,12,245,0,16,16,261
11/25/2003,DSM,IA,ACE,CE,Towers with Radar,99,138,98,11,346,14,0,73,1,88,113,138,171,12,434,22,52,74,508
11/26/2003,DSM,IA,ACE,CE,Towers with Radar,88,104,86,0,278,36,0,28,0,64,124,104,114,0,342,26,0,26,368
11/27/2003,DSM,IA,ACE,CE,Towers with Radar,35,48,25,0,108,13,19,0,0,32,48,67,25,0,140,0,0,0,140
11/28/2003,DSM,IA,ACE,CE,Towers with Radar,38,53,38,0,129,4,20,4,0,28,42,73,42,0,157,0,0,0,157
11/29/2003,DSM,IA,ACE,CE,Towers with Radar,44,63,45,0,152,0,33,49,0,82,44,96,94,0,234,28,0,28,262
11/30/2003,DSM,IA,ACE,CE,Towers with Radar,52,70,51,0,173,3,0,69,0,72,55,70,120,0,245,8,0,8,253
12/01/2003,DSM,IA,ACE,CE,Towers with Radar,51,101,59,1,212,0,9,66,0,75,51,110,125,1,287,6,4,10,297
12/02/2003,DSM,IA,ACE,CE,Towers with Radar,103,134,89,7,333,0,0,39,0,39,103,134,128,7,372,6,16,22,394
12/03/2003,DSM,IA,ACE,CE,Towers with Radar,97,98,76,10,281,33,0,21,7,61,130,98,97,17,342,0,16,16,358
12/04/2003,DSM,IA,ACE,CE,Towers with Radar,100,138,89,11,338,0,0,12,7,19,100,138,101,18,357,0,0,0,357
12/05/2003,DSM,IA,ACE,CE,Towers with Radar,80,80,63,8,231,26,0,12,13,51,106,80,75,21,282,0,0,0,282
12/06/2003,DSM,IA,ACE,CE,Towers with Radar,51,69,33,5,158,3,0,0,12,15,54,69,33,17,173,8,0,8,181
12/07/2003,DSM,IA,ACE,CE,Towers with Radar,52,71,41,1,165,12,0,37,0,49,64,71,78,1,214,1,0,1,215
12/08/2003,DSM,IA,ACE,CE,Towers with Radar,49,101,59,0,209,0,8,38,0,46,49,109,97,0,255,20,0,20,275
12/09/2003,DSM,IA,ACE,CE,Towers with Radar,71,96,40,0,207,13,25,0,0,38,84,121,40,0,245,0,0,0,245
12/10/2003,DSM,IA,ACE,CE,Towers with Radar,84,113,66,9,272,23,1,28,3,55,107,114,94,12,327,0,10,10,337
12/11/2003,DSM,IA,ACE,CE,Towers with Radar,107,133,84,11,335,12,0,29,7,48,119,133,113,18,383,4,3,7,390
12/12/2003,DSM,IA,ACE,CE,Towers with Radar,59,114,67,8,248,0,16,67,2,85,59,130,134,10,333,14,2,16,349
12/13/2003,DSM,IA,ACE,CE,Towers with Radar,42,64,37,0,143,0,30,4,0,34,42,94,41,0,177,0,0,0,177
12/14/2003,DSM,IA,ACE,CE,Towers with Radar,47,43,33,0,123,45,0,0,0,45,92,43,33,0,168,0,0,0,168
12/15/2003,DSM,IA,ACE,CE,Towers with Radar,57,87,52,0,196,0,12,15,0,27,57,99,67,0,223,2,0,2,225
12/16/2003,DSM,IA,ACE,CE,Towers with Radar,88,127,76,9,300,0,2,2,19,23,88,129,78,28,323,0,0,0,323
12/17/2003,DSM,IA,ACE,CE,Towers with Radar,104,133,89,10,336,0,0,46,0,46,104,133,135,10,382,6,14,20,402
12/18/2003,DSM,IA,ACE,CE,Towers with Radar,108,123,85,10,326,0,0,26,2,28,108,123,111,12,354,6,6,12,366
12/19/2003,DSM,IA,ACE,CE,Towers with Radar,91,124,74,6,295,0,2,57,0,59,91,126,131,6,354,26,6,32,386
12/20/2003,DSM,IA,ACE,CE,Towers with Radar,55,92,55,6,208,0,1,78,11,90,55,93,133,17,298,28,16,44,342
12/21/2003,DSM,IA,ACE,CE,Towers with Radar,49,65,39,0,153,8,21,42,0,71,57,86,81,0,224,22,0,22,246
12/22/2003,DSM,IA,ACE,CE,Towers with Radar,43,78,47,0,168,0,29,27,0,56,43,107,74,0,224,40,0,40,264
12/23/2003,DSM,IA,ACE,CE,Towers with Radar,93,128,76,5,302,0,7,25,0,32,93,135,101,5,334,18,0,18,352
12/24/2003,DSM,IA,ACE,CE,Towers with Radar,73,96,58,0,227,17,21,43,0,81,90,117,101,0,308,42,0,42,350
12/25/2003,DSM,IA,ACE,CE,Towers with Radar,30,47,29,0,106,0,49,0,0,49,30,96,29,0,155,2,0,2,157
12/26/2003,DSM,IA,ACE,CE,Towers with Radar,73,90,58,0,221,0,0,49,0,49,73,90,107,0,270,10,0,10,280
12/27/2003,DSM,IA,ACE,CE,Towers with Radar,65,84,51,0,200,9,0,3,0,12,74,84,54,0,212,10,0,10,222
12/28/2003,DSM,IA,ACE,CE,Towers with Radar,48,76,46,0,170,0,17,39,0,56,48,93,85,0,226,10,0,10,236
12/29/2003,DSM,IA,ACE,CE,Towers with Radar,52,97,58,6,213,0,13,24,14,51,52,110,82,20,264,8,6,14,278
12/30/2003,DSM,IA,ACE,CE,Towers with Radar,78,109,66,7,260,0,14,42,6,62,78,123,108,13,322,16,14,30,352
12/31/2003,DSM,IA,ACE,CE,Towers with Radar,63,84,49,0,196,10,28,43,0,81,73,112,92,0,277,30,0,30,307
01/01/2004,DSM,IA,ACE,CE,Towers with Radar,37,50,30,0,117,27,9,9,0,45,64,59,39,0,162,18,0,18,180
01/02/2004,DSM,IA,ACE,CE,Towers with Radar,56,79,47,0,182,0,29,16,0,45,56,108,63,0,227,0,0,0,227
01/03/2004,DSM,IA,ACE,CE,Towers with Radar,52,60,42,0,154,13,0,36,0,49,65,60,78,0,203,12,0,12,215
01/04/2004,DSM,IA,ACE,CE,Towers with Radar,35,48,26,0,109,19,11,0,0,30,54,59,26,0,139,0,0,0,139
01/05/2004,DSM,IA,ACE,CE,Towers with Radar,46,85,50,4,185,0,16,16,0,32,46,101,66,4,217,4,0,4,221
01/06/2004,DSM,IA,ACE,CE,Towers with Radar,99,135,81,12,327,0,0,31,15,46,99,135,112,27,373,16,28,44,417
01/07/2004,DSM,IA,ACE,CE,Towers with Radar,81,123,72,11,287,0,2,56,2,60,81,125,128,13,347,8,18,26,373
01/08/2004,DSM,IA,ACE,CE,Towers with Radar,74,114,66,10,264,0,10,25,4,39,74,124,91,14,303,0,18,18,321
01/09/2004,DSM,IA,ACE,CE,Towers with Radar,65,101,59,9,234,0,24,37,0,61,65,125,96,9,295,0,12,12,307
01/10/2004,DSM,IA,ACE,CE,Towers with Radar,53,71,43,6,173,0,0,12,13,25,53,71,55,19,198,12,14,26,224
01/11/2004,DSM,IA,ACE,CE,Towers with Radar,56,69,44,0,169,1,0,38,0,39,57,69,82,0,208,12,0,12,220
01/12/2004,DSM,IA,ACE,CE,Towers with Radar,65,99,58,8,230,0,18,44,4,66,65,117,102,12,296,22,0,22,318
01/13/2004,DSM,IA,ACE,CE,Towers with Radar,79,130,77,10,296,0,0,65,4,69,79,130,142,14,365,48,36,84,449
01/14/2004,DSM,IA,ACE,CE,Towers with Radar,81,118,69,9,277,0,0,17,3,20,81,118,86,12,297,6,2,8,305
01/15/2004,DSM,IA,ACE,CE,Towers with Radar,103,99,81,11,294,13,0,43,24,80,116,99,124,35,374,26,12,38,412
01/16/2004,DSM,IA,ACE,CE,Towers with Radar,75,111,65,0,251,0,0,12,0,12,75,111,77,0,263,2,0,2,265
01/17/2004,DSM,IA,ACE,CE,Towers with Radar,48,67,37,0,152,0,17,0,0,17,48,84,37,0,169,0,0,0,169
01/18/2004,DSM,IA,ACE,CE,Towers with Radar,55,75,45,0,175,1,16,13,0,30,56,91,58,0,205,6,0,6,211
01/19/2004,DSM,IA,ACE,CE,Towers with Radar,58,82,49,1,190,0,10,64,0,74,58,92,113,1,264,30,0,30,294
01/20/2004,DSM,IA,ACE,CE,Towers with Radar,92,122,73,4,291,1,3,47,0,51,93,125,120,4,342,6,0,6,348
01/21/2004,DSM,IA,ACE,CE,Towers with Radar,83,114,68,9,274,0,21,7,8,36,83,135,75,17,310,0,22,22,332
01/22/2004,DSM,IA,ACE,CE,Towers with Radar,88,103,70,10,271,3,0,21,7,31,91,103,91,17,302,8,12,20,322
01/23/2004,DSM,IA,ACE,CE,Towers with Radar,55,105,63,8,231,0,18,73,4,95,55,123,136,12,326,12,18,30,356
01/24/2004,DSM,IA,ACE,CE,Towers with Radar,52,74,44,6,176,0,0,37,11,48,52,74,81,17,224,10,18,28,252
01/25/2004,DSM,IA,ACE,CE,Towers with Radar,47,59,37,0,143,31,0,3,0,34,78,59,40,0,177,0,0,0,177
01/26/2004,DSM,IA,ACE,CE,Towers with Radar,60,79,48,0,187,0,9,7,0,16,60,88,55,0,203,0,0,0,203
01/27/2004,DSM,IA,ACE,CE,Towers with Radar,74,105,63,8,250,0,14,5,1,20,74,119,68,9,270,8,28,36,306
01/28/2004,DSM,IA,ACE,CE,Towers with Radar,90,129,77,10,306,0,5,22,5,32,90,134,99,15,338,0,10,10,348
01/29/2004,DSM,IA,ACE,CE,Towers with Radar,90,101,71,0,262,4,0,26,0,30,94,101,97,0,292,0,0,0,292
01/30/2004,DSM,IA,ACE,CE,Towers with Radar,80,81,63,8,232,14,0,23,3,40,94,81,86,11,272,0,10,10,282
01/31/2004,DSM,IA,ACE,CE,Towers with Radar,57,75,39,0,171,18,0,0,0,18,75,75,39,0,189,0,0,0,189
02/01/2004,DSM,IA,ACE,CE,Towers with Radar,36,49,23,0,108,15,22,0,0,37,51,71,23,0,145,0,0,0,145
02/02/2004,DSM,IA,ACE,CE,Towers with Radar,46,63,42,0,151,15,7,0,0,22,61,70,42,0,173,2,0,2,175
02/03/2004,DSM,IA,ACE,CE,Towers with Radar,83,118,80,12,293,0,3,29,12,44,83,121,109,24,337,14,32,46,383
02/04/2004,DSM,IA,ACE,CE,Towers with Radar,80,108,73,10,271,1,10,19,0,30,81,118,92,10,301,2,12,14,315
02/05/2004,DSM,IA,ACE,CE,Towers with Radar,62,84,50,0,196,11,27,0,0,38,73,111,50,0,234,0,0,0,234
02/06/2004,DSM,IA,ACE,CE,Towers with Radar,66,90,53,0,209,10,13,0,0,23,76,103,53,0,232,0,0,0,232
02/07/2004,DSM,IA,ACE,CE,Towers with Radar,48,64,44,7,163,14,0,12,10,36,62,64,56,17,199,0,28,28,227
02/08/2004,DSM,IA,ACE,CE,Towers with Radar,54,73,49,3,179,8,5,12,0,25,62,78,61,3,204,12,0,12,216
02/09/2004,DSM,IA,ACE,CE,Towers with Radar,55,81,55,0,191,0,33,12,0,45,55,114,67,0,236,2,0,2,238
02/10/2004,DSM,IA,ACE,CE,Towers with Radar,75,127,87,12,301,0,12,55,0,67,75,139,142,12,368,4,34,38,406
02/11/2004,DSM,IA,ACE,CE,Towers with Radar,89,107,82,12,290,13,0,2,20,35,102,107,84,32,325,4,38,42,367
02/12/2004,DSM,IA,ACE,CE,Towers with Radar,81,121,82,12,296,0,5,1,10,16,81,126,83,22,312,6,28,34,346
02/13/2004,DSM,IA,ACE,CE,Towers with Radar,65,106,73,0,244,0,17,40,0,57,65,123,113,0,301,6,0,6,307
02/14/2004,DSM,IA,ACE,CE,Towers with Radar,68,79,63,0,210,1,0,37,0,38,69,79,100,0,248,40,0,40,288
02/15/2004,DSM,IA,ACE,CE,Towers with Radar,47,64,44,4,159,6,14,30,0,50,53,78,74,4,209,30,0,30,239
02/16/2004,DSM,IA,ACE,CE,Towers with Radar,64,103,75,0,242,0,0,67,0,67,64,103,142,0,309,6,2,8,317
02/17/2004,DSM,IA,ACE,CE,Towers with Radar,83,101,88,9,281,0,0,34,0,34,83,101,122,9,315,16,0,16,331
02/18/2004,DSM,IA,ACE,CE,Towers with Radar,84,127,90,12,313,0,0,45,8,53,84,127,135,20,366,4,30,34,400
02/19/2004,DSM,IA,ACE,CE,Towers with Radar,77,120,83,11,291,0,6,12,9,27,77,126,95,20,318,8,18,26,344
02/20/2004,DSM,IA,ACE,CE,Towers with Radar,69,125,86,11,291,0,19,9,10,38,69,144,95,21,329,6,16,22,351
02/21/2004,DSM,IA,ACE,CE,Towers with Radar,66,60,61,8,195,16,0,28,17,61,82,60,89,25,256,10,16,26,282
02/22/2004,DSM,IA,ACE,CE,Towers with Radar,45,58,41,0,144,9,23,6,0,38,54,81,47,0,182,14,0,14,196
02/23/2004,DSM,IA,ACE,CE,Towers with Radar,66,96,67,0,229,0,3,8,0,11,66,99,75,0,240,8,0,8,248
02/24/2004,DSM,IA,ACE,CE,Towers with Radar,74,122,85,11,292,0,11,34,0,45,74,133,119,11,337,0,0,0,337
02/25/2004,DSM,IA,ACE,CE,Towers with Radar,95,128,93,12,328,0,0,2,15,17,95,128,95,27,345,10,42,52,397
02/26/2004,DSM,IA,ACE,CE,Towers with Radar,85,94,78,10,267,20,0,61,4,85,105,94,139,14,352,6,12,18,370
02/27/2004,DSM,IA,ACE,CE,Towers with Radar,63,94,65,4,226,0,22,47,0,69,63,116,112,4,295,14,4,18,313
02/28/2004,DSM,IA,ACE,CE,Towers with Radar,61,75,56,0,192,13,0,56,0,69,74,75,112,0,261,38,0,38,299
02/29/2004,DSM,IA,ACE,CE,Towers with Radar,61,80,56,0,197,17,7,15,0,39,78,87,71,0,236,20,0,20,256
03/01/2004,DSM,IA,ACE,CE,Towers with Radar,50,87,56,0,193,0,13,5,0,18,50,100,61,0,211,0,0,0,211
03/02/2004,DSM,IA,ACE,CE,Towers with Radar,94,136,89,10,329,2,15,9,3,29,96,151,98,13,358,0,0,0,358
03/03/2004,DSM,IA,ACE,CE,Towers with Radar,87,126,79,4,296,0,4,0,0,4,87,130,79,4,300,16,0,16,316
03/04/2004,DSM,IA,ACE,CE,Towers with Radar,68,94,59,2,223,24,0,0,0,24,92,94,59,2,247,0,0,0,247
03/05/2004,DSM,IA,ACE,CE,Towers with Radar,69,101,65,8,243,3,3,8,6,20,72,104,73,14,263,0,4,4,267
03/06/2004,DSM,IA,ACE,CE,Towers with Radar,54,78,51,6,189,4,2,21,6,33,58,80,72,12,222,24,0,24,246
03/07/2004,DSM,IA,ACE,CE,Towers with Radar,42,61,35,2,140,1,28,0,0,29,43,89,35,2,169,0,0,0,169
03/08/2004,DSM,IA,ACE,CE,Towers with Radar,63,101,66,2,232,0,9,37,0,46,63,110,103,2,278,12,0,12,290
03/09/2004,DSM,IA,ACE,CE,Towers with Radar,74,127,89,10,300,0,0,53,8,61,74,127,142,18,361,6,16,22,383
03/10/2004,DSM,IA,ACE,CE,Towers with Radar,91,132,86,9,318,0,4,54,0,58,91,136,140,9,376,2,0,2,378
03/11/2004,DSM,IA,ACE,CE,Towers with Radar,85,125,81,9,300,0,5,15,5,25,85,130,96,14,325,10,10,20,345
03/12/2004,DSM,IA,ACE,CE,Towers with Radar,65,114,75,9,263,0,6,78,3,87,65,120,153,12,350,44,16,60,410
03/13/2004,DSM,IA,ACE,CE,Towers with Radar,43,63,39,4,149,26,8,0,1,35,69,71,39,5,184,0,0,0,184
03/14/2004,DSM,IA,ACE,CE,Towers with Radar,43,61,39,0,143,3,29,0,0,32,46,90,39,0,175,0,0,0,175
03/15/2004,DSM,IA,ACE,CE,Towers with Radar,45,81,53,0,179,0,15,0,0,15,45,96,53,0,194,0,0,0,194
03/16/2004,DSM,IA,ACE,CE,Towers with Radar,87,123,82,0,292,7,10,9,0,26,94,133,91,0,318,4,0,4,322
03/17/2004,DSM,IA,ACE,CE,Towers with Radar,88,127,87,9,311,0,0,55,4,59,88,127,142,13,370,24,8,32,402
03/18/2004,DSM,IA,ACE,CE,Towers with Radar,78,117,78,8,281,0,6,55,3,64,78,123,133,11,345,22,0,22,367
03/19/2004,DSM,IA,ACE,CE,Towers with Radar,81,105,78,8,272,0,0,30,10,40,81,105,108,18,312,10,48,58,370
03/20/2004,DSM,IA,ACE,CE,Towers with Radar,52,71,39,5,167,24,0,0,4,28,76,71,39,9,195,6,8,14,209
03/21/2004,DSM,IA,ACE,CE,Towers with Radar,60,82,56,1,199,24,0,49,0,73,84,82,105,1,272,20,0,20,292
03/22/2004,DSM,IA,ACE,CE,Towers with Radar,56,89,60,0,205,0,21,47,0,68,56,110,107,0,273,10,0,10,283
03/23/2004,DSM,IA,ACE,CE,Towers with Radar,84,121,81,8,294,0,0,23,6,29,84,121,104,14,323,20,36,56,379
03/24/2004,DSM,IA,ACE,CE,Towers with Radar,85,118,80,8,291,6,0,9,7,22,91,118,89,15,313,18,30,48,361
03/25/2004,DSM,IA,ACE,CE,Towers with Radar,79,127,90,9,305,0,0,12,9,21,79,127,102,18,326,18,0,18,344
03/26/2004,DSM,IA,ACE,CE,Towers with Radar,51,125,83,9,268,0,13,5,1,19,51,138,88,10,287,34,0,34,321
03/27/2004,DSM,IA,ACE,CE,Towers with Radar,45,63,30,0,138,23,4,0,0,27,68,67,30,0,165,0,0,0,165
03/28/2004,DSM,IA,ACE,CE,Towers with Radar,58,77,55,0,190,6,0,13,0,19,64,77,68,0,209,26,0,26,235
03/29/2004,DSM,IA,ACE,CE,Towers with Radar,63,103,71,0,237,0,0,39,0,39,63,103,110,0,276,16,2,18,294
03/30/2004,DSM,IA,ACE,CE,Towers with Radar,91,124,85,9,309,1,0,53,2,56,92,124,138,11,365,10,8,18,383
03/31/2004,DSM,IA,ACE,CE,Towers with Radar,90,124,86,7,307,0,0,91,0,91,90,124,177,7,398,72,22,94,492
04/01/2004,DSM,IA,ACE,CE,Towers with Radar,78,115,81,10,284,1,14,69,0,84,79,129,150,10,368,38,8,46,414
04/02/2004,DSM,IA,ACE,CE,Towers with Radar,56,129,91,12,288,0,0,52,1,53,56,129,143,13,341,12,20,32,373
04/03/2004,DSM,IA,ACE,CE,Towers with Radar,45,66,45,6,162,8,8,22,7,45,53,74,67,13,207,2,24,26,233
04/04/2004,DSM,IA,ACE,CE,Towers with Radar,54,79,55,1,189,0,0,59,0,59,54,79,114,1,248,28,0,28,276
04/05/2004,DSM,IA,ACE,CE,Towers with Radar,63,93,64,3,223,6,17,58,0,81,69,110,122,3,304,18,0,18,322
04/06/2004,DSM,IA,ACE,CE,Towers with Radar,78,121,84,10,293,0,12,69,3,84,78,133,153,13,377,30,34,64,441
04/07/2004,DSM,IA,ACE,CE,Towers with Radar,89,131,90,11,321,1,1,65,10,77,90,132,155,21,398,18,22,40,438
04/08/2004,DSM,IA,ACE,CE,Towers with Radar,78,119,86,11,294,0,0,33,10,43,78,119,119,21,337,8,16,24,361
04/09/2004,DSM,IA,ACE,CE,Towers with Radar,59,122,84,10,275,0,7,34,0,41,59,129,118,10,316,24,0,24,340
04/10/2004,DSM,IA,ACE,CE,Towers with Radar,62,81,63,0,206,10,0,10,0,20,72,81,73,0,226,14,0,14,240
04/11/2004,DSM,IA,ACE,CE,Towers with Radar,50,68,50,1,169,33,0,21,0,54,83,68,71,1,223,4,0,4,227
04/12/2004,DSM,IA,ACE,CE,Towers with Radar,52,90,62,2,206,0,19,53,0,72,52,109,115,2,278,4,0,4,282
04/13/2004,DSM,IA,ACE,CE,Towers with Radar,76,119,82,10,287,0,11,48,1,60,76,130,130,11,347,14,16,30,377
04/14/2004,DSM,IA,ACE,CE,Towers with Radar,89,126,90,10,315,0,0,50,8,58,89,126,140,18,373,40,22,62,435
04/15/2004,DSM,IA,ACE,CE,Towers with Radar,84,129,90,4,307,0,0,12,0,12,84,129,102,4,319,0,0,0,319
04/16/2004,DSM,IA,ACE,CE,Towers with Radar,70,118,81,9,278,0,0,49,7,56,70,118,130,16,334,10,12,22,356
04/17/2004,DSM,IA,ACE,CE,Towers with Radar,41,66,46,5,158,0,26,22,4,52,41,92,68,9,210,18,6,24,234
04/18/2004,DSM,IA,ACE,CE,Towers with Radar,47,67,41,5,160,38,3,0,0,41,85,70,41,5,201,24,0,24,225
04/19/2004,DSM,IA,ACE,CE,Towers with Radar,67,97,68,2,234,3,2,14,0,19,70,99,82,2,253,20,0,20,273
04/20/2004,DSM,IA,ACE,CE,Towers with Radar,81,117,72,6,276,3,14,0,0,17,84,131,72,6,293,0,0,0,293
04/21/2004,DSM,IA,ACE,CE,Towers with Radar,78,128,90,10,306,0,11,55,13,79,78,139,145,23,385,6,14,20,405
04/22/2004,DSM,IA,ACE,CE,Towers with Radar,83,91,85,9,268,33,0,30,1,64,116,91,115,10,332,12,12,24,356
04/23/2004,DSM,IA,ACE,CE,Towers with Radar,70,125,87,9,291,0,0,60,0,60,70,125,147,9,351,16,4,20,371
04/24/2004,DSM,IA,ACE,CE,Towers with Radar,44,63,43,0,150,0,20,0,0,20,44,83,43,0,170,6,0,6,176
04/25/2004,DSM,IA,ACE,CE,Towers with Radar,58,83,59,4,204,5,4,27,0,36,63,87,86,4,240,14,0,14,254
04/26/2004,DSM,IA,ACE,CE,Towers with Radar,61,99,70,2,232,0,22,26,0,48,61,121,96,2,280,8,0,8,288
04/27/2004,DSM,IA,ACE,CE,Towers with Radar,76,128,90,10,304,0,25,64,1,90,76,153,154,11,394,26,36,62,456
04/28/2004,DSM,IA,ACE,CE,Towers with Radar,76,119,83,9,287,0,31,9,2,42,76,150,92,11,329,2,0,2,331
04/29/2004,DSM,IA,ACE,CE,Towers with Radar,84,120,86,10,300,11,0,40,1,52,95,120,126,11,352,6,0,6,358
04/30/2004,DSM,IA,ACE,CE,Towers with Radar,96,101,97,9,303,2,0,17,0,19,98,101,114,9,322,2,0,2,324
05/01/2004,DSM,IA,ACE,CE,Towers with Radar,55,63,53,3,174,19,0,20,0,39,74,63,73,3,213,10,0,10,223
05/02/2004,DSM,IA,ACE,CE,Towers with Radar,52,57,50,0,159,25,0,24,0,49,77,57,74,0,208,18,0,18,226
05/03/2004,DSM,IA,ACE,CE,Towers with Radar,62,95,70,3,230,0,13,40,0,53,62,108,110,3,283,14,0,14,297
05/04/2004,DSM,IA,ACE,CE,Towers with Radar,84,121,87,10,302,0,5,49,0,54,84,126,136,10,356,6,14,20,376
05/05/2004,DSM,IA,ACE,CE,Towers with Radar,80,123,89,10,302,0,28,52,6,86,80,151,141,16,388,14,24,38,426
05/06/2004,DSM,IA,ACE,CE,Towers with Radar,87,115,83,9,294,15,0,53,0,68,102,115,136,9,362,20,22,42,404
05/07/2004,DSM,IA,ACE,CE,Towers with Radar,83,112,80,9,284,0,2,21,1,24,83,114,101,10,308,6,0,6,314
05/08/2004,DSM,IA,ACE,CE,Towers with Radar,67,85,64,4,220,36,0,37,0,73,103,85,101,4,293,2,0,2,295
05/09/2004,DSM,IA,ACE,CE,Towers with Radar,46,61,44,3,154,10,15,16,0,41,56,76,60,3,195,10,0,10,205
05/10/2004,DSM,IA,ACE,CE,Towers with Radar,68,94,67,0,229,0,8,31,0,39,68,102,98,0,268,2,0,2,270
05/11/2004,DSM,IA,ACE,CE,Towers with Radar,92,121,87,10,310,0,6,27,12,45,92,127,114,22,355,8,16,24,379
05/12/2004,DSM,IA,ACE,CE,Towers with Radar,82,125,90,10,307,0,8,14,3,25,82,133,104,13,332,24,8,32,364
05/13/2004,DSM,IA,ACE,CE,Towers with Radar,89,101,84,9,283,12,0,12,7,31,101,101,96,16,314,2,0,2,316
05/14/2004,DSM,IA,ACE,CE,Towers with Radar,68,105,75,9,257,0,12,23,0,35,68,117,98,9,292,6,10,16,308
05/15/2004,DSM,IA,ACE,CE,Towers with Radar,55,70,51,5,181,1,8,62,1,72,56,78,113,6,253,24,0,24,277
05/16/2004,DSM,IA,ACE,CE,Towers with Radar,68,79,64,6,217,11,0,36,6,53,79,79,100,12,270,6,24,30,300
05/17/2004,DSM,IA,ACE,CE,Towers with Radar,76,101,73,0,250,0,4,19,0,23,76,105,92,0,273,4,0,4,277
05/18/2004,DSM,IA,ACE,CE,Towers with Radar,83,128,93,6,310,0,24,20,0,44,83,152,113,6,354,2,6,8,362
05/19/2004,DSM,IA,ACE,CE,Towers with Radar,91,140,101,9,341,0,15,9,0,24,91,155,110,9,365,8,4,12,377
05/20/2004,DSM,IA,ACE,CE,Towers with Radar,104,100,98,10,312,20,0,23,2,45,124,100,121,12,357,2,10,12,369
05/21/2004,DSM,IA,ACE,CE,Towers with Radar,72,119,88,8,287,0,6,43,0,49,72,125,131,8,336,0,0,0,336
05/22/2004,DSM,IA,ACE,CE,Towers with Radar,49,62,46,5,162,21,16,2,2,41,70,78,48,7,203,8,16,24,227
05/23/2004,DSM,IA,ACE,CE,Towers with Radar,62,79,58,0,199,3,31,6,0,40,65,110,64,0,239,0,0,0,239
05/24/2004,DSM,IA,ACE,CE,Towers with Radar,53,95,70,0,218,0,24,31,0,55,53,119,101,0,273,0,0,0,273
05/25/2004,DSM,IA,ACE,CE,Towers with Radar,86,138,101,10,335,0,1,30,14,45,86,139,131,24,380,8,34,42,422
05/26/2004,DSM,IA,ACE,CE,Towers with Radar,87,136,99,10,332,0,7,44,21,72,87,143,143,31,404,52,26,78,482
05/27/2004,DSM,IA,ACE,CE,Towers with Radar,89,127,98,10,324,0,0,50,3,53,89,127,148,13,377,12,0,12,389
05/28/2004,DSM,IA,ACE,CE,Towers with Radar,73,119,87,3,282,0,17,60,0,77,73,136,147,3,359,8,0,8,367
05/29/2004,DSM,IA,ACE,CE,Towers with Radar,43,55,39,0,137,15,14,0,0,29,58,69,39,0,166,0,0,0,166
05/30/2004,DSM,IA,ACE,CE,Towers with Radar,36,45,30,1,112,23,7,0,0,30,59,52,30,1,142,4,0,4,146
05/31/2004,DSM,IA,ACE,CE,Towers with Radar,52,67,49,5,173,3,4,22,3,32,55,71,71,8,205,16,2,18,223
06/01/2004,DSM,IA,ACE,CE,Towers with Radar,52,101,72,5,230,0,18,33,3,54,52,119,105,8,284,2,0,2,286
06/02/2004,DSM,IA,ACE,CE,Towers with Radar,96,138,102,7,343,0,0,22,13,35,96,138,124,20,378,20,8,28,406
06/03/2004,DSM,IA,ACE,CE,Towers with Radar,88,125,90,6,309,1,1,61,3,66,89,126,151,9,375,66,0,66,441
06/04/2004,DSM,IA,ACE,CE,Towers with Radar,80,114,82,6,282,3,7,59,14,83,83,121,141,20,365,24,4,28,393
06/05/2004,DSM,IA,ACE,CE,Towers with Radar,51,73,52,4,180,33,1,7,9,50,84,74,59,13,230,2,14,16,246
06/06/2004,DSM,IA,ACE,CE,Towers with Radar,54,77,55,1,187,6,5,6,0,17,60,82,61,1,204,2,0,2,206
06/07/2004,DSM,IA,ACE,CE,Towers with Radar,58,93,67,2,220,0,24,21,0,45,58,117,88,2,265,0,0,0,265
06/08/2004,DSM,IA,ACE,CE,Towers with Radar,83,120,86,4,293,0,21,13,0,34,83,141,99,4,327,14,0,14,341
06/09/2004,DSM,IA,ACE,CE,Towers with Radar,97,138,100,7,342,0,0,14,9,23,97,138,114,16,365,6,0,6,371
06/10/2004,DSM,IA,ACE,CE,Towers with Radar,81,122,87,6,296,0,10,19,2,31,81,132,106,8,327,2,0,2,329
06/11/2004,DSM,IA,ACE,CE,Towers with Radar,72,125,90,5,292,0,17,50,0,67,72,142,140,5,359,40,0,40,399
06/12/2004,DSM,IA,ACE,CE,Towers with Radar,49,70,50,0,169,4,17,38,0,59,53,87,88,0,228,16,0,16,244
06/13/2004,DSM,IA,ACE,CE,Towers with Radar,59,75,61,2,197,36,0,2,0,38,95,75,63,2,235,18,0,18,253
06/14/2004,DSM,IA,ACE,CE,Towers with Radar,56,98,72,3,229,0,13,8,0,21,56,111,80,3,250,2,0,2,252
06/15/2004,DSM,IA,ACE,CE,Towers with Radar,82,113,83,2,280,8,12,9,0,29,90,125,92,2,309,24,6,30,339
06/16/2004,DSM,IA,ACE,CE,Towers with Radar,83,125,91,1,300,0,15,17,0,32,83,140,108,1,332,22,0,22,354
06/17/2004,DSM,IA,ACE,CE,Towers with Radar,83,124,91,1,299,0,11,42,0,53,83,135,133,1,352,16,0,16,368
06/18/2004,DSM,IA,ACE,CE,Towers with Radar,72,116,85,2,275,0,1,16,0,17,72,117,101,2,292,34,0,34,326
06/19/2004,DSM,IA,ACE,CE,Towers with Radar,47,65,48,1,161,15,10,61,0,86,62,75,109,1,247,34,0,34,281
06/20/2004,DSM,IA,ACE,CE,Towers with Radar,53,76,56,0,185,0,4,31,0,35,53,80,87,0,220,20,0,20,240
06/21/2004,DSM,IA,ACE,CE,Towers with Radar,62,91,67,0,220,0,2,13,0,15,62,93,80,0,235,4,0,4,239
06/22/2004,DSM,IA,ACE,CE,Towers with Radar,87,121,89,0,297,3,3,56,0,62,90,124,145,0,359,28,0,28,387
06/23/2004,DSM,IA,ACE,CE,Towers with Radar,84,117,86,1,288,2,5,28,0,35,86,122,114,1,323,12,0,12,335
06/24/2004,DSM,IA,ACE,CE,Towers with Radar,78,125,92,1,296,0,0,48,0,48,78,125,140,1,344,6,0,6,350
06/25/2004,DSM,IA,ACE,CE,Towers with Radar,70,120,90,3,283,0,0,62,0,62,70,120,152,3,345,46,0,46,391
06/26/2004,DSM,IA,ACE,CE,Towers with Radar,52,72,53,0,177,29,0,38,0,67,81,72,91,0,244,30,0,30,274
06/27/2004,DSM,IA,ACE,CE,Towers with Radar,56,66,57,1,180,15,0,20,0,35,71,66,77,1,215,16,0,16,231
06/28/2004,DSM,IA,ACE,CE,Towers with Radar,60,102,80,1,243,0,0,65,0,65,60,102,145,1,308,10,0,10,318
06/29/2004,DSM,IA,ACE,CE,Towers with Radar,90,116,96,6,308,0,0,48,11,59,90,116,144,17,367,14,22,36,403
06/30/2004,DSM,IA,ACE,CE,Towers with Radar,97,135,98,6,336,0,0,73,12,85,97,135,171,18,421,14,12,26,447
07/01/2004,DSM,IA,ACE,CE,Towers with Radar,78,120,95,1,294,0,26,35,0,61,78,146,130,1,355,6,0,6,361
07/02/2004,DSM,IA,ACE,CE,Towers with Radar,71,103,81,2,257,1,3,18,0,22,72,106,99,2,279,12,0,12,291
07/03/2004,DSM,IA,ACE,CE,Towers with Radar,43,63,32,1,139,10,15,0,0,25,53,78,32,1,164,6,0,6,170
07/04/2004,DSM,IA,ACE,CE,Towers with Radar,30,44,35,0,109,10,19,22,0,51,40,63,57,0,160,4,0,4,164
07/05/2004,DSM,IA,ACE,CE,Towers with Radar,50,73,58,0,181,19,1,13,0,33,69,74,71,0,214,0,0,0,214
07/06/2004,DSM,IA,ACE,CE,Towers with Radar,47,93,73,0,213,0,15,10,0,25,47,108,83,0,238,30,0,30,268
07/07/2004,DSM,IA,ACE,CE,Towers with Radar,89,136,107,8,340,0,6,16,9,31,89,142,123,17,371,30,6,36,407
07/08/2004,DSM,IA,ACE,CE,Towers with Radar,74,130,106,8,318,0,0,14,2,16,74,130,120,10,334,8,12,20,354
07/09/2004,DSM,IA,ACE,CE,Towers with Radar,69,115,89,7,280,0,8,27,2,37,69,123,116,9,317,4,6,10,327
07/10/2004,DSM,IA,ACE,CE,Towers with Radar,49,72,51,0,172,18,19,0,0,37,67,91,51,0,209,12,0,12,221
07/11/2004,DSM,IA,ACE,CE,Towers with Radar,45,60,50,0,155,22,0,14,0,36,67,60,64,0,191,0,0,0,191
07/12/2004,DSM,IA,ACE,CE,Towers with Radar,50,98,75,0,223,0,10,29,0,39,50,108,104,0,262,0,0,0,262
07/13/2004,DSM,IA,ACE,CE,Towers with Radar,82,104,93,6,285,20,0,36,5,61,102,104,129,11,346,10,22,32,378
07/14/2004,DSM,IA,ACE,CE,Towers with Radar,81,126,97,7,311,0,13,49,14,76,81,139,146,21,387,16,18,34,421
07/15/2004,DSM,IA,ACE,CE,Towers with Radar,79,116,90,6,291,7,0,50,4,61,86,116,140,10,352,36,18,54,406
07/16/2004,DSM,IA,ACE,CE,Towers with Radar,68,121,95,6,290,0,0,67,3,70,68,121,162,9,360,38,20,58,418
07/17/2004,DSM,IA,ACE,CE,Towers with Radar,45,66,51,0,162,11,11,49,0,71,56,77,100,0,233,32,0,32,265
07/18/2004,DSM,IA,ACE,CE,Towers with Radar,47,67,52,1,167,7,11,69,0,87,54,78,121,1,254,16,0,16,270
07/19/2004,DSM,IA,ACE,CE,Towers with Radar,54,98,77,4,233,0,9,61,0,70,54,107,138,4,303,14,14,28,331
07/20/2004,DSM,IA,ACE,CE,Towers with Radar,84,115,94,6,299,10,0,37,5,52,94,115,131,11,351,10,16,26,377
07/21/2004,DSM,IA,ACE,CE,Towers with Radar,78,113,88,7,286,0,24,45,0,69,78,137,133,7,355,4,8,12,367
07/22/2004,DSM,IA,ACE,CE,Towers with Radar,69,92,78,4,243,33,0,7,0,40,102,92,85,4,283,38,4,42,325
07/23/2004,DSM,IA,ACE,CE,Towers with Radar,71,126,99,6,302,0,1,50,1,52,71,127,149,7,354,20,4,24,378
07/24/2004,DSM,IA,ACE,CE,Towers with Radar,50,71,56,3,180,0,16,13,1,30,50,87,69,4,210,20,0,20,230
07/25/2004,DSM,IA,ACE,CE,Towers with Radar,52,74,58,0,184,5,9,46,0,60,57,83,104,0,244,10,0,10,254
07/26/2004,DSM,IA,ACE,CE,Towers with Radar,60,91,72,0,223,0,1,42,0,43,60,92,114,0,266,16,0,16,282
07/27/2004,DSM,IA,ACE,CE,Towers with Radar,78,117,92,6,293,0,10,52,7,69,78,127,144,13,362,6,16,22,384
07/28/2004,DSM,IA,ACE,CE,Towers with Radar,81,108,91,7,287,4,0,55,7,66,85,108,146,14,353,24,34,58,411
07/29/2004,DSM,IA,ACE,CE,Towers with Radar,79,123,106,7,315,0,0,64,3,67,79,123,170,10,382,4,12,16,398
07/30/2004,DSM,IA,ACE,CE,Towers with Radar,62,126,99,5,292,0,12,22,0,34,62,138,121,5,326,8,2,10,336
07/31/2004,DSM,IA,ACE,CE,Towers with Radar,49,74,59,0,182,0,19,32,0,51,49,93,91,0,233,16,6,22,255
08/01/2004,DSM,IA,ACE,CE,Towers with Radar,60,76,64,0,200,20,5,14,0,39,80,81,78,0,239,14,0,14,253
08/02/2004,DSM,IA,ACE,CE,Towers with Radar,58,85,72,0,215,0,10,32,0,42,58,95,104,0,257,0,0,0,257
08/03/2004,DSM,IA,ACE,CE,Towers with Radar,80,106,90,0,276,0,5,27,0,32,80,111,117,0,308,8,0,8,316
08/04/2004,DSM,IA,ACE,CE,Towers with Radar,79,127,108,0,314,0,13,44,0,57,79,140,152,0,371,6,0,6,377
08/05/2004,DSM,IA,ACE,CE,Towers with Radar,90,104,96,3,293,3,0,47,3,53,93,104,143,6,346,78,0,78,424
08/06/2004,DSM,IA,ACE,CE,Towers with Radar,83,97,89,2,271,10,0,71,0,81,93,97,160,2,352,22,6,28,380
08/07/2004,DSM,IA,ACE,CE,Towers with Radar,48,66,56,2,172,0,19,32,0,51,48,85,88,2,223,10,0,10,233
08/08/2004,DSM,IA,ACE,CE,Towers with Radar,62,66,66,0,194,7,0,30,0,37,69,66,96,0,231,22,0,22,253
08/09/2004,DSM,IA,ACE,CE,Towers with Radar,53,101,86,3,243,0,9,32,3,44,53,110,118,6,287,0,0,0,287
08/10/2004,DSM,IA,ACE,CE,Towers with Radar,92,111,104,4,311,0,0,30,0,30,92,111,134,4,341,14,0,14,355
08/11/2004,DSM,IA,ACE,CE,Towers with Radar,91,104,98,1,294,16,0,51,0,67,107,104,149,1,361,14,0,14,375
08/12/2004,DSM,IA,ACE,CE,Towers with Radar,93,116,100,1,310,3,0,51,0,54,96,116,151,1,364,2,0,2,366
08/13/2004,DSM,IA,ACE,CE,Towers with Radar,76,104,88,0,268,0,0,76,0,76,76,104,164,0,344,48,0,48,392
08/14/2004,DSM,IA,ACE,CE,Towers with Radar,45,58,49,1,153,1,26,36,0,63,46,84,85,1,216,30,0,30,246
08/15/2004,DSM,IA,ACE,CE,Towers with Radar,66,84,71,2,223,16,1,60,4,81,82,85,131,6,304,16,0,16,320
08/16/2004,DSM,IA,ACE,CE,Towers with Radar,58,90,77,0,225,0,11,29,0,40,58,101,106,0,265,0,0,0,265
08/17/2004,DSM,IA,ACE,CE,Towers with Radar,78,109,95,2,284,0,6,27,0,33,78,115,122,2,317,16,0,16,333
08/18/2004,DSM,IA,ACE,CE,Towers with Radar,82,101,87,0,270,7,15,8,0,30,89,116,95,0,300,0,0,0,300
08/19/2004,DSM,IA,ACE,CE,Towers with Radar,78,101,88,4,271,0,32,56,4,92,78,133,144,8,363,20,20,40,403
08/20/2004,DSM,IA,ACE,CE,Towers with Radar,83,80,89,3,255,13,0,53,6,72,96,80,142,9,327,18,32,50,377
08/21/2004,DSM,IA,ACE,CE,Towers with Radar,50,62,54,2,168,2,25,55,4,86,52,87,109,6,254,16,6,22,276
08/22/2004,DSM,IA,ACE,CE,Towers with Radar,51,62,54,2,169,4,14,38,0,56,55,76,92,2,225,10,0,10,235
08/23/2004,DSM,IA,ACE,CE,Towers with Radar,64,96,84,1,245,0,11,25,0,36,64,107,109,1,281,4,0,4,285
08/24/2004,DSM,IA,ACE,CE,Towers with Radar,76,103,89,4,272,0,19,9,8,36,76,122,98,12,308,0,24,24,332
08/25/2004,DSM,IA,ACE,CE,Towers with Radar,79,98,85,2,264,7,32,2,0,41,86,130,87,2,305,4,0,4,309
08/26/2004,DSM,IA,ACE,CE,Towers with Radar,96,106,103,3,308,0,0,33,11,44,96,106,136,14,352,12,18,30,382
08/27/2004,DSM,IA,ACE,CE,Towers with Radar,72,115,105,3,295,0,0,48,13,61,72,115,153,16,356,52,20,72,428
08/28/2004,DSM,IA,ACE,CE,Towers with Radar,51,32,54,0,137,52,0,11,0,63,103,32,65,0,200,24,0,24,224
08/29/2004,DSM,IA,ACE,CE,Towers with Radar,60,67,65,0,192,14,0,34,0,48,74,67,99,0,240,28,0,28,268
08/30/2004,DSM,IA,ACE,CE,Towers with Radar,65,93,79,2,239,0,10,63,0,73,65,103,142,2,312,8,0,8,320
08/31/2004,DSM,IA,ACE,CE,Towers with Radar,79,115,98,3,295,0,10,22,0,32,79,125,120,3,327,32,0,32,359
09/01/2004,DSM,IA,ACE,CE,Towers with Radar,84,133,113,12,342,0,0,59,29,88,84,133,172,41,430,18,18,36,466
09/02/2004,DSM,IA,ACE,CE,Towers with Radar,92,104,101,11,308,7,0,65,3,75,99,104,166,14,383,10,34,44,427
09/03/2004,DSM,IA,ACE,CE,Towers with Radar,71,126,109,0,306,0,0,62,0,62,71,126,171,0,368,4,0,4,372
09/04/2004,DSM,IA,ACE,CE,Towers with Radar,46,62,52,0,160,0,18,8,0,26,46,80,60,0,186,78,0,78,264
09/05/2004,DSM,IA,ACE,CE,Towers with Radar,29,40,29,2,100,13,12,0,0,25,42,52,29,2,125,6,0,6,131
09/06/2004,DSM,IA,ACE,CE,Towers with Radar,46,71,59,1,177,0,4,23,0,27,46,75,82,1,204,0,0,0,204
09/07/2004,DSM,IA,ACE,CE,Towers with Radar,55,97,81,9,242,0,1,56,1,58,55,98,137,10,300,2,16,18,318
09/08/2004,DSM,IA,ACE,CE,Towers with Radar,84,103,93,10,290,5,0,46,5,56,89,103,139,15,346,16,16,32,378
09/09/2004,DSM,IA,ACE,CE,Towers with Radar,90,119,100,11,320,4,0,36,9,49,94,119,136,20,369,14,16,30,399
09/10/2004,DSM,IA,ACE,CE,Towers with Radar,74,103,86,9,272,0,10,33,6,49,74,113,119,15,321,10,24,34,355
09/11/2004,DSM,IA,ACE,CE,Towers with Radar,45,60,50,2,157,22,0,25,0,47,67,60,75,2,204,18,2,20,224
09/12/2004,DSM,IA,ACE,CE,Towers with Radar,48,64,53,0,165,19,11,30,0,60,67,75,83,0,225,12,0,12,237
09/13/2004,DSM,IA,ACE,CE,Towers with Radar,59,86,73,0,218,0,0,19,0,19,59,86,92,0,237,16,0,16,253
09/14/2004,DSM,IA,ACE,CE,Towers with Radar,79,101,86,9,275,5,20,6,7,38,84,121,92,16,313,8,12,20,333
09/15/2004,DSM,IA,ACE,CE,Towers with Radar,86,110,94,10,300,4,16,29,6,55,90,126,123,16,355,8,20,28,383
09/16/2004,DSM,IA,ACE,CE,Towers with Radar,87,114,97,6,304,0,10,46,0,56,87,124,143,6,360,32,6,38,398
09/17/2004,DSM,IA,ACE,CE,Towers with Radar,92,124,106,10,332,0,0,60,1,61,92,124,166,11,393,16,0,16,409
09/18/2004,DSM,IA,ACE,CE,Towers with Radar,52,67,56,5,180,3,22,29,7,61,55,89,85,12,241,14,12,26,267
09/19/2004,DSM,IA,ACE,CE,Towers with Radar,52,67,57,0,176,16,10,51,0,77,68,77,108,0,253,28,0,28,281
09/20/2004,DSM,IA,ACE,CE,Towers with Radar,61,85,73,2,221,0,18,46,0,64,61,103,119,2,285,4,0,4,289
09/21/2004,DSM,IA,ACE,CE,Towers with Radar,86,109,95,9,299,6,0,29,2,37,92,109,124,11,336,4,12,16,352
09/22/2004,DSM,IA,ACE,CE,Towers with Radar,85,119,101,10,315,0,7,81,3,91,85,126,182,13,406,40,8,48,454
09/23/2004,DSM,IA,ACE,CE,Towers with Radar,81,112,96,10,299,0,4,54,0,58,81,116,150,10,357,6,8,14,371
09/24/2004,DSM,IA,ACE,CE,Towers with Radar,81,105,90,9,285,0,9,55,1,65,81,114,145,10,350,20,2,22,372
09/25/2004,DSM,IA,ACE,CE,Towers with Radar,58,64,64,0,186,3,0,35,0,38,61,64,99,0,224,12,0,12,236
09/26/2004,DSM,IA,ACE,CE,Towers with Radar,53,67,58,0,178,10,2,57,0,69,63,69,115,0,247,32,0,32,279
09/27/2004,DSM,IA,ACE,CE,Towers with Radar,57,89,77,0,223,0,1,41,0,42,57,90,118,0,265,0,0,0,265
09/28/2004,DSM,IA,ACE,CE,Towers with Radar,84,108,93,9,294,1,3,44,8,56,85,111,137,17,350,26,32,58,408
09/29/2004,DSM,IA,ACE,CE,Towers with Radar,87,112,96,9,304,4,5,61,2,72,91,117,157,11,376,10,12,22,398
09/30/2004,DSM,IA,ACE,CE,Towers with Radar,79,102,88,0,269,0,24,65,0,89,79,126,153,0,358,12,0,12,370
10/01/2004,DSM,IA,ACE,CE,Combined TRACON& Tower with Radar,67,108,65,19,259,0,0,6,2,8,67,108,71,21,267,26,0,26,293
10/02/2004,DSM,IA,ACE,CE,Combined TRACON& Tower with Radar,60,67,36,8,171,0,17,49,1,67,60,84,85,9,238,6,0,6,244
10/03/2004,DSM,IA,ACE,CE,Combined TRACON& Tower with Radar,61,68,42,2,173,0,1,46,0,47,61,69,88,2,220,0,0,0,220
10/04/2004,DSM,IA,ACE,CE,Combined TRACON& Tower with Radar,66,89,64,6,225,0,5,31,0,36,66,94,95,6,261,6,0,6,267
10/05/2004,DSM,IA,ACE,CE,Combined TRACON& Tower with Radar,92,115,82,2,291,0,1,44,0,45,92,116,126,2,336,30,0,30,366
10/06/2004,DSM,IA,ACE,CE,Combined TRACON& Tower with Radar,91,122,103,3,319,0,1,57,4,62,91,123,160,7,381,34,16,50,431
10/07/2004,DSM,IA,ACE,CE,Combined TRACON& Tower with Radar,86,117,106,2,311,0,0,18,0,18,86,117,124,2,329,12,4,16,345
10/08/2004,DSM,IA,ACE,CE,Combined TRACON& Tower with Radar,82,109,103,8,302,0,9,38,0,47,82,118,141,8,349,16,24,40,389
10/09/2004,DSM,IA,ACE,CE,Combined TRACON& Tower with Radar,62,67,53,0,182,0,5,45,1,51,62,72,98,1,233,44,0,44,277
10/10/2004,DSM,IA,ACE,CE,Combined TRACON& Tower with Radar,79,60,40,4,183,0,0,53,0,53,79,60,93,4,236,16,0,16,252
10/11/2004,DSM,IA,ACE,CE,Combined TRACON& Tower with Radar,80,76,85,6,247,0,6,32,0,38,80,82,117,6,285,2,0,2,287
10/12/2004,DSM,IA,ACE,CE,Combined TRACON& Tower with Radar,82,93,106,0,281,0,3,34,0,37,82,96,140,0,318,22,0,22,340
10/13/2004,DSM,IA,ACE,CE,Combined TRACON& Tower with Radar,89,111,113,3,316,0,7,10,0,17,89,118,123,3,333,4,4,8,341
10/14/2004,DSM,IA,ACE,CE,Combined TRACON& Tower with Radar,108,92,118,0,318,0,2,22,2,26,108,94,140,2,344,38,0,38,382
10/15/2004,DSM,IA,ACE,CE,Combined TRACON& Tower with Radar,91,93,101,0,285,0,8,17,1,26,91,101,118,1,311,8,0,8,319
10/16/2004,DSM,IA,ACE,CE,Combined TRACON& Tower with Radar,63,63,55,0,181,0,5,39,0,44,63,68,94,0,225,4,0,4,229
10/17/2004,DSM,IA,ACE,CE,Combined TRACON& Tower with Radar,77,65,61,7,210,0,2,42,1,45,77,67,103,8,255,24,4,28,283
10/18/2004,DSM,IA,ACE,CE,Combined TRACON& Tower with Radar,61,85,112,0,258,0,10,15,10,35,61,95,127,10,293,12,14,26,319
10/19/2004,DSM,IA,ACE,CE,Combined TRACON& Tower with Radar,85,128,116,2,331,0,2,0,0,2,85,130,116,2,333,4,0,4,337
10/20/2004,DSM,IA,ACE,CE,Combined TRACON& Tower with Radar,85,105,135,4,329,0,0,3,0,3,85,105,138,4,332,8,0,8,340
10/21/2004,DSM,IA,ACE,CE,Combined TRACON& Tower with Radar,93,108,121,2,324,0,1,3,0,4,93,109,124,2,328,0,0,0,328
10/22/2004,DSM,IA,ACE,CE,Combined TRACON& Tower with Radar,87,80,98,1,266,0,4,1,0,5,87,84,99,1,271,0,0,0,271
10/23/2004,DSM,IA,ACE,CE,Combined TRACON& Tower with Radar,57,71,32,3,163,0,3,3,0,6,57,74,35,3,169,16,0,16,185
10/24/2004,DSM,IA,ACE,CE,Combined TRACON& Tower with Radar,73,53,62,0,188,0,3,60,0,63,73,56,122,0,251,18,0,18,269
10/25/2004,DSM,IA,ACE,CE,Combined TRACON& Tower with Radar,65,80,86,2,233,0,3,40,0,43,65,83,126,2,276,4,0,4,280
10/26/2004,DSM,IA,ACE,CE,Combined TRACON& Tower with Radar,83,124,100,12,319,0,0,7,0,7,83,124,107,12,326,10,0,10,336
10/27/2004,DSM,IA,ACE,CE,Combined TRACON& Tower with Radar,85,110,90,6,291,0,0,0,0,0,85,110,90,6,291,0,0,0,291
10/28/2004,DSM,IA,ACE,CE,Combined TRACON& Tower with Radar,91,114,115,4,324,0,0,2,0,2,91,114,117,4,326,0,0,0,326
10/29/2004,DSM,IA,ACE,CE,Combined TRACON& Tower with Radar,81,106,106,18,311,0,11,15,0,26,81,117,121,18,337,4,4,8,345
10/30/2004,DSM,IA,ACE,CE,Combined TRACON& Tower with Radar,71,66,32,4,173,0,2,3,1,6,71,68,35,5,179,0,0,0,179
10/31/2004,DSM,IA,ACE,CE,Combined TRACON& Tower with Radar,69,66,41,2,178,0,8,67,0,75,69,74,108,2,253,28,0,28,281
11/01/2004,DSM,IA,ACE,CE,Combined TRACON& Tower with Radar,66,91,53,6,216,0,0,0,0,0,66,91,53,6,216,0,0,0,216
11/02/2004,DSM,IA,ACE,CE,Combined TRACON& Tower with Radar,74,131,82,15,302,0,2,7,0,9,74,133,89,15,311,8,0,8,319
11/03/2004,DSM,IA,ACE,CE,Combined TRACON& Tower with Radar,93,122,126,10,351,0,2,18,0,20,93,124,144,10,371,28,18,46,417
11/04/2004,DSM,IA,ACE,CE,Combined TRACON& Tower with Radar,86,121,108,14,329,0,3,21,1,25,86,124,129,15,354,10,18,28,382
11/05/2004,DSM,IA,ACE,CE,Combined TRACON& Tower with Radar,76,110,78,22,286,0,10,45,0,55,76,120,123,22,341,20,22,42,383
11/06/2004,DSM,IA,ACE,CE,Combined TRACON& Tower with Radar,52,68,39,0,159,0,12,59,0,71,52,80,98,0,230,10,0,10,240
11/07/2004,DSM,IA,ACE,CE,Combined TRACON& Tower with Radar,71,55,44,0,170,0,3,64,0,67,71,58,108,0,237,58,0,58,295
11/08/2004,DSM,IA,ACE,CE,Combined TRACON& Tower with Radar,71,86,86,14,257,0,2,32,0,34,71,88,118,14,291,24,8,32,323
11/09/2004,DSM,IA,ACE,CE,Combined TRACON& Tower with Radar,78,121,87,14,300,0,12,52,4,68,78,133,139,18,368,28,30,58,426
11/10/2004,DSM,IA,ACE,CE,Combined TRACON& Tower with Radar,97,100,83,15,295,0,4,21,0,25,97,104,104,15,320,4,12,16,336
11/11/2004,DSM,IA,ACE,CE,Combined TRACON& Tower with Radar,85,112,69,7,273,0,2,43,0,45,85,114,112,7,318,2,0,2,320
11/12/2004,DSM,IA,ACE,CE,Combined TRACON& Tower with Radar,71,85,89,0,245,0,0,49,0,49,71,85,138,0,294,18,0,18,312
11/13/2004,DSM,IA,ACE,CE,Combined TRACON& Tower with Radar,61,63,38,0,162,0,7,48,0,55,61,70,86,0,217,24,0,24,241
11/14/2004,DSM,IA,ACE,CE,Combined TRACON& Tower with Radar,71,71,40,3,185,0,14,55,0,69,71,85,95,3,254,70,0,70,324
11/15/2004,DSM,IA,ACE,CE,Combined TRACON& Tower with Radar,54,91,77,0,222,0,1,6,0,7,54,92,83,0,229,8,0,8,237
11/16/2004,DSM,IA,ACE,CE,Combined TRACON& Tower with Radar,75,119,85,3,282,0,0,4,0,4,75,119,89,3,286,6,2,8,294
11/17/2004,DSM,IA,ACE,CE,Combined TRACON& Tower with Radar,74,126,117,13,330,0,3,12,0,15,74,129,129,13,345,14,12,26,371
11/18/2004,DSM,IA,ACE,CE,Combined TRACON& Tower with Radar,80,113,103,13,309,0,14,1,0,15,80,127,104,13,324,0,0,0,324
11/19/2004,DSM,IA,ACE,CE,Combined TRACON& Tower with Radar,72,121,112,6,311,0,0,1,0,1,72,121,113,6,312,4,0,4,316
11/20/2004,DSM,IA,ACE,CE,Combined TRACON& Tower with Radar,72,58,54,17,201,0,3,13,0,16,72,61,67,17,217,18,12,30,247
11/21/2004,DSM,IA,ACE,CE,Combined TRACON& Tower with Radar,58,63,29,0,150,0,9,34,1,44,58,72,63,1,194,26,0,26,220
11/22/2004,DSM,IA,ACE,CE,Combined TRACON& Tower with Radar,69,72,89,38,268,0,2,28,0,30,69,74,117,38,298,45,12,57,355
11/23/2004,DSM,IA,ACE,CE,Combined TRACON& Tower with Radar,101,127,95,16,339,0,9,25,0,34,101,136,120,16,373,12,24,36,409
11/24/2004,DSM,IA,ACE,CE,Combined TRACON& Tower with Radar,95,111,91,0,297,0,2,36,0,38,95,113,127,0,335,36,0,36,371
11/25/2004,DSM,IA,ACE,CE,Combined TRACON& Tower with Radar,60,67,22,0,149,0,6,16,0,22,60,73,38,0,171,8,0,8,179
11/26/2004,DSM,IA,ACE,CE,Combined TRACON& Tower with Radar,49,62,16,0,127,0,2,25,0,27,49,64,41,0,154,48,49,97,251
11/27/2004,DSM,IA,ACE,CE,Combined TRACON& Tower with Radar,41,92,21,10,164,0,0,0,0,0,41,92,21,10,164,0,0,0,164
11/28/2004,DSM,IA,ACE,CE,Combined TRACON& Tower with Radar,61,78,51,0,190,0,7,45,0,52,61,85,96,0,242,18,0,18,260
11/29/2004,DSM,IA,ACE,CE,Combined TRACON& Tower with Radar,58,88,69,0,215,0,3,3,0,6,58,91,72,0,221,0,0,0,221
11/30/2004,DSM,IA,ACE,CE,Combined TRACON& Tower with Radar,87,98,95,12,292,0,6,29,0,35,87,104,124,12,327,6,36,42,369
12/01/2004,DSM,IA,ACE,CE,Combined TRACON& Tower with Radar,97,107,99,12,315,0,3,45,3,51,97,110,144,15,366,22,30,52,418
12/02/2004,DSM,IA,ACE,CE,Combined TRACON& Tower with Radar,99,117,96,11,323,0,7,31,1,39,99,124,127,12,362,18,30,48,410
12/03/2004,DSM,IA,ACE,CE,Combined TRACON& Tower with Radar,77,95,81,9,262,0,9,48,3,60,77,104,129,12,322,0,12,12,334
12/04/2004,DSM,IA,ACE,CE,Combined TRACON& Tower with Radar,63,66,34,24,187,0,3,67,1,71,63,69,101,25,258,60,22,82,340
12/05/2004,DSM,IA,ACE,CE,Combined TRACON& Tower with Radar,46,80,30,0,156,0,9,30,0,39,46,89,60,0,195,52,0,52,247
12/06/2004,DSM,IA,ACE,CE,Combined TRACON& Tower with Radar,65,89,73,0,227,0,0,0,0,0,65,89,73,0,227,0,0,0,227
12/07/2004,DSM,IA,ACE,CE,Combined TRACON& Tower with Radar,91,113,106,55,365,0,3,11,0,14,91,116,117,55,379,8,42,50,429
12/08/2004,DSM,IA,ACE,CE,Combined TRACON& Tower with Radar,106,120,105,12,343,0,7,37,0,44,106,127,142,12,387,0,34,34,421
12/09/2004,DSM,IA,ACE,CE,Combined TRACON& Tower with Radar,97,110,92,13,312,0,2,18,1,21,97,112,110,14,333,16,0,16,349
12/10/2004,DSM,IA,ACE,CE,Combined TRACON& Tower with Radar,66,104,85,15,270,0,6,19,0,25,66,110,104,15,295,6,6,12,307
12/11/2004,DSM,IA,ACE,CE,Combined TRACON& Tower with Radar,60,65,38,20,183,0,0,30,0,30,60,65,68,20,213,28,24,52,265
12/12/2004,DSM,IA,ACE,CE,Combined TRACON& Tower with Radar,77,52,24,2,155,0,4,4,0,8,77,56,28,2,163,0,0,0,163
12/13/2004,DSM,IA,ACE,CE,Combined TRACON& Tower with Radar,76,78,93,0,247,0,5,20,0,25,76,83,113,0,272,2,0,2,274
12/14/2004,DSM,IA,ACE,CE,Combined TRACON& Tower with Radar,114,116,111,10,351,0,11,42,0,53,114,127,153,10,404,54,12,66,470
12/15/2004,DSM,IA,ACE,CE,Combined TRACON& Tower with Radar,117,110,111,23,361,0,8,13,0,21,117,118,124,23,382,12,0,12,394
12/16/2004,DSM,IA,ACE,CE,Combined TRACON& Tower with Radar,9,110,95,11,225,0,4,46,0,50,9,114,141,11,275,12,8,20,295
12/17/2004,DSM,IA,ACE,CE,Combined TRACON& Tower with Radar,83,123,96,6,308,0,6,44,0,50,83,129,140,6,358,26,0,26,384
12/18/2004,DSM,IA,ACE,CE,Combined TRACON& Tower with Radar,51,79,23,0,153,0,9,4,0,13,51,88,27,0,166,16,0,16,182
12/19/2004,DSM,IA,ACE,CE,Combined TRACON& Tower with Radar,51,76,31,0,158,0,7,16,0,23,51,83,47,0,181,6,0,6,187
12/20/2004,DSM,IA,ACE,CE,Combined TRACON& Tower with Radar,72,93,68,0,233,0,2,27,0,29,72,95,95,0,262,0,0,0,262
12/21/2004,DSM,IA,ACE,CE,Combined TRACON& Tower with Radar,117,105,72,9,303,0,14,13,0,27,117,119,85,9,330,28,20,48,378
12/22/2004,DSM,IA,ACE,CE,Combined TRACON& Tower with Radar,104,88,63,13,268,0,6,31,0,37,104,94,94,13,305,2,10,12,317
12/23/2004,DSM,IA,ACE,CE,Combined TRACON& Tower with Radar,97,65,39,0,201,0,9,23,0,32,97,74,62,0,233,30,0,30,263
12/24/2004,DSM,IA,ACE,CE,Combined TRACON& Tower with Radar,78,78,25,0,181,0,6,24,0,30,78,84,49,0,211,0,0,0,211
12/25/2004,DSM,IA,ACE,CE,Combined TRACON& Tower with Radar,37,51,8,0,96,0,9,4,0,13,37,60,12,0,109,0,0,0,109
12/26/2004,DSM,IA,ACE,CE,Combined TRACON& Tower with Radar,70,59,34,0,163,0,8,29,0,37,70,67,63,0,200,20,0,20,220
12/27/2004,DSM,IA,ACE,CE,Combined TRACON& Tower with Radar,55,90,32,0,177,0,3,28,0,31,55,93,60,0,208,8,0,8,216
12/28/2004,DSM,IA,ACE,CE,Combined TRACON& Tower with Radar,103,90,74,23,290,0,6,34,0,40,103,96,108,23,330,8,6,14,344
12/29/2004,DSM,IA,ACE,CE,Combined TRACON& Tower with Radar,97,103,62,11,273,0,9,24,0,33,97,112,86,11,306,16,12,28,334
12/30/2004,DSM,IA,ACE,CE,Combined TRACON& Tower with Radar,113,79,50,2,244,0,6,9,0,15,113,85,59,2,259,6,0,6,265
12/31/2004,DSM,IA,ACE,CE,Combined TRACON& Tower with Radar,67,84,23,0,174,0,0,48,0,48,67,84,71,0,222,8,0,8,230
01/01/2005,DSM,IA,ACE,CE,Combined TRACON& Tower with Radar,47,62,7,0,116,0,0,3,0,3,47,62,10,0,119,2,0,2,121
01/02/2005,DSM,IA,ACE,CE,Combined TRACON& Tower with Radar,77,57,52,3,189,0,6,17,0,23,77,63,69,3,212,18,0,18,230
01/03/2005,DSM,IA,ACE,CE,Combined TRACON& Tower with Radar,61,81,26,0,168,0,4,3,0,7,61,85,29,0,175,0,0,0,175
01/04/2005,DSM,IA,ACE,CE,Combined TRACON& Tower with Radar,77,99,45,1,222,0,0,0,0,0,77,99,45,1,222,0,0,0,222
01/05/2005,DSM,IA,ACE,CE,Combined TRACON& Tower with Radar,62,78,28,0,168,0,0,0,0,0,62,78,28,0,168,0,0,0,168
01/06/2005,DSM,IA,ACE,CE,Combined TRACON& Tower with Radar,90,67,77,0,234,0,2,18,0,20,90,69,95,0,254,0,0,0,254
01/07/2005,DSM,IA,ACE,CE,Combined TRACON& Tower with Radar,69,103,68,1,241,0,4,3,0,7,69,107,71,1,248,0,0,0,248
01/08/2005,DSM,IA,ACE,CE,Combined TRACON& Tower with Radar,51,71,29,17,168,0,3,3,0,6,51,74,32,17,174,0,14,14,188
01/09/2005,DSM,IA,ACE,CE,Combined TRACON& Tower with Radar,57,55,29,1,142,0,0,0,0,0,57,55,29,1,142,0,0,0,142
01/10/2005,DSM,IA,ACE,CE,Combined TRACON& Tower with Radar,57,84,50,0,191,0,8,19,0,27,57,92,69,0,218,16,0,16,234
01/11/2005,DSM,IA,ACE,CE,Combined TRACON& Tower with Radar,74,110,56,0,240,0,0,0,0,0,74,110,56,0,240,0,0,0,240
01/12/2005,DSM,IA,ACE,CE,Combined TRACON& Tower with Radar,93,95,49,0,237,0,0,0,0,0,93,95,49,0,237,0,0,0,237
01/13/2005,DSM,IA,ACE,CE,Combined TRACON& Tower with Radar,96,97,83,15,291,0,0,18,5,23,96,97,101,20,314,0,8,8,322
01/14/2005,DSM,IA,ACE,CE,Combined TRACON& Tower with Radar,79,109,77,0,265,0,6,10,0,16,79,115,87,0,281,0,0,0,281
01/15/2005,DSM,IA,ACE,CE,Combined TRACON& Tower with Radar,53,84,29,0,166,0,6,35,0,41,53,90,64,0,207,20,0,20,227
01/16/2005,DSM,IA,ACE,CE,Combined TRACON& Tower with Radar,50,69,40,0,159,0,1,20,0,21,50,70,60,0,180,0,0,0,180
01/17/2005,DSM,IA,ACE,CE,Combined TRACON& Tower with Radar,59,76,63,0,198,0,8,16,0,24,59,84,79,0,222,10,0,10,232
01/18/2005,DSM,IA,ACE,CE,Combined TRACON& Tower with Radar,75,90,68,13,246,0,2,14,0,16,75,92,82,13,262,0,12,12,274
01/19/2005,DSM,IA,ACE,CE,Combined TRACON& Tower with Radar,94,101,93,13,301,0,11,13,2,26,94,112,106,15,327,16,20,36,363
01/20/2005,DSM,IA,ACE,CE,Combined TRACON& Tower with Radar,81,113,70,8,272,0,0,1,0,1,81,113,71,8,273,6,0,6,279
01/21/2005,DSM,IA,ACE,CE,Combined TRACON& Tower with Radar,76,84,55,0,215,0,0,0,0,0,76,84,55,0,215,4,0,4,219
01/22/2005,DSM,IA,ACE,CE,Combined TRACON& Tower with Radar,66,55,25,14,160,0,7,5,2,14,66,62,30,16,174,2,6,8,182
01/23/2005,DSM,IA,ACE,CE,Combined TRACON& Tower with Radar,70,54,36,0,160,0,4,26,0,30,70,58,62,0,190,14,0,14,204
01/24/2005,DSM,IA,ACE,CE,Combined TRACON& Tower with Radar,55,84,75,1,215,0,13,51,3,67,55,97,126,4,282,6,2,8,290
01/25/2005,DSM,IA,ACE,CE,Combined TRACON& Tower with Radar,81,117,111,9,318,0,13,48,0,61,81,130,159,9,379,14,48,62,441
01/26/2005,DSM,IA,ACE,CE,Combined TRACON& Tower with Radar,83,12,91,8,194,0,103,23,2,128,83,115,114,10,322,6,0,6,328
01/27/2005,DSM,IA,ACE,CE,Combined TRACON& Tower with Radar,118,72,90,17,297,0,2,32,1,35,118,74,122,18,332,2,26,28,360
01/28/2005,DSM,IA,ACE,CE,Combined TRACON& Tower with Radar,71,90,53,10,224,0,6,32,1,39,71,96,85,11,263,18,28,46,309
01/29/2005,DSM,IA,ACE,CE,Combined TRACON& Tower with Radar,57,62,41,0,160,0,14,14,0,28,57,76,55,0,188,20,0,20,208
01/30/2005,DSM,IA,ACE,CE,Combined TRACON& Tower with Radar,49,64,27,3,143,0,6,6,0,12,49,70,33,3,155,8,0,8,163
01/31/2005,DSM,IA,ACE,CE,Combined TRACON& Tower with Radar,61,78,75,0,214,0,5,0,0,5,61,83,75,0,219,2,0,2,221
02/01/2005,DSM,IA,ACE,CE,Combined TRACON& Tower with Radar,85,123,75,12,295,0,1,10,0,11,85,124,85,12,306,6,24,30,336
02/02/2005,DSM,IA,ACE,CE,Combined TRACON& Tower with Radar,80,109,96,23,308,0,8,40,11,59,80,117,136,34,367,20,32,52,419
02/03/2005,DSM,IA,ACE,CE,Combined TRACON& Tower with Radar,98,88,84,8,278,0,6,42,1,49,98,94,126,9,327,34,22,56,383
02/04/2005,DSM,IA,ACE,CE,Combined TRACON& Tower with Radar,65,107,77,6,255,0,13,66,2,81,65,120,143,8,336,44,20,64,400
02/05/2005,DSM,IA,ACE,CE,Combined TRACON& Tower with Radar,73,50,29,12,164,0,11,39,2,52,73,61,68,14,216,20,22,42,258
02/06/2005,DSM,IA,ACE,CE,Combined TRACON& Tower with Radar,61,60,20,2,143,0,2,3,0,5,61,62,23,2,148,0,0,0,148
02/07/2005,DSM,IA,ACE,CE,Combined TRACON& Tower with Radar,52,83,66,0,201,0,6,4,0,10,52,89,70,0,211,0,0,0,211
02/08/2005,DSM,IA,ACE,CE,Combined TRACON& Tower with Radar,80,105,87,7,279,0,3,13,0,16,80,108,100,7,295,8,0,8,303
02/09/2005,DSM,IA,ACE,CE,Combined TRACON& Tower with Radar,69,122,97,9,297,0,2,49,0,51,69,124,146,9,348,0,12,12,360
02/10/2005,DSM,IA,ACE,CE,Combined TRACON& Tower with Radar,106,90,70,17,283,0,6,30,0,36,106,96,100,17,319,8,4,12,331
02/11/2005,DSM,IA,ACE,CE,Combined TRACON& Tower with Radar,63,106,97,15,281,0,1,49,0,50,63,107,146,15,331,42,0,42,373
02/12/2005,DSM,IA,ACE,CE,Combined TRACON& Tower with Radar,45,77,33,1,156,0,4,43,0,47,45,81,76,1,203,22,0,22,225
02/13/2005,DSM,IA,ACE,CE,Combined TRACON& Tower with Radar,74,48,27,2,151,0,0,0,0,0,74,48,27,2,151,0,0,0,151
02/14/2005,DSM,IA,ACE,CE,Combined TRACON& Tower with Radar,64,78,65,0,207,0,0,22,0,22,64,78,87,0,229,6,0,6,235
02/15/2005,DSM,IA,ACE,CE,Combined TRACON& Tower with Radar,84,95,99,19,297,0,13,21,11,45,84,108,120,30,342,10,34,44,386
02/16/2005,DSM,IA,ACE,CE,Combined TRACON& Tower with Radar,81,111,118,12,322,0,5,44,9,58,81,116,162,21,380,4,10,14,394
02/17/2005,DSM,IA,ACE,CE,Combined TRACON& Tower with Radar,71,110,97,18,296,0,20,50,3,73,71,130,147,21,369,8,20,28,397
02/18/2005,DSM,IA,ACE,CE,Combined TRACON& Tower with Radar,64,95,100,0,259,0,6,57,0,63,64,101,157,0,322,0,0,0,322
02/19/2005,DSM,IA,ACE,CE,Combined TRACON& Tower with Radar,47,74,14,5,140,0,3,5,0,8,47,77,19,5,148,2,4,6,154
02/20/2005,DSM,IA,ACE,CE,Combined TRACON& Tower with Radar,61,58,27,0,146,0,3,1,0,4,61,61,28,0,150,0,0,0,150
02/21/2005,DSM,IA,ACE,CE,Combined TRACON& Tower with Radar,54,84,69,3,210,0,0,5,1,6,54,84,74,4,216,2,2,4,220
02/22/2005,DSM,IA,ACE,CE,Combined TRACON& Tower with Radar,69,95,107,12,283,0,6,30,0,36,69,101,137,12,319,12,16,28,347
02/23/2005,DSM,IA,ACE,CE,Combined TRACON& Tower with Radar,82,112,112,9,315,0,4,26,2,32,82,116,138,11,347,22,28,50,397
02/24/2005,DSM,IA,ACE,CE,Combined TRACON& Tower with Radar,103,85,108,4,300,0,7,2,0,9,103,92,110,4,309,4,2,6,315
02/25/2005,DSM,IA,ACE,CE,Combined TRACON& Tower with Radar,70,102,105,6,283,0,10,57,2,69,70,112,162,8,352,16,4,20,372
02/26/2005,DSM,IA,ACE,CE,Combined TRACON& Tower with Radar,53,72,49,3,177,0,9,52,0,61,53,81,101,3,238,10,0,10,248
02/27/2005,DSM,IA,ACE,CE,Combined TRACON& Tower with Radar,56,60,36,0,152,0,10,9,0,19,56,70,45,0,171,4,0,4,175
02/28/2005,DSM,IA,ACE,CE,Combined TRACON& Tower with Radar,58,76,68,0,202,0,7,4,0,11,58,83,72,0,213,0,0,0,213
03/01/2005,DSM,IA,ACE,CE,Combined TRACON& Tower with Radar,93,96,83,6,278,0,0,42,0,42,93,96,125,6,320,30,12,42,362
03/02/2005,DSM,IA,ACE,CE,Combined TRACON& Tower with Radar,89,99,95,8,291,0,2,31,0,33,89,101,126,8,324,2,32,34,358
03/03/2005,DSM,IA,ACE,CE,Combined TRACON& Tower with Radar,83,101,94,5,283,0,2,45,0,47,83,103,139,5,330,10,14,24,354
03/04/2005,DSM,IA,ACE,CE,Combined TRACON& Tower with Radar,65,97,73,5,240,0,7,38,0,45,65,104,111,5,285,2,12,14,299
03/05/2005,DSM,IA,ACE,CE,Combined TRACON& Tower with Radar,48,70,35,14,167,0,4,51,4,59,48,74,86,18,226,48,22,70,296
03/06/2005,DSM,IA,ACE,CE,Combined TRACON& Tower with Radar,50,71,47,2,170,0,5,24,0,29,50,76,71,2,199,12,0,12,211
03/07/2005,DSM,IA,ACE,CE,Combined TRACON& Tower with Radar,60,90,77,0,227,0,9,5,0,14,60,99,82,0,241,18,0,18,259
03/08/2005,DSM,IA,ACE,CE,Combined TRACON& Tower with Radar,73,109,100,6,288,0,5,53,0,58,73,114,153,6,346,14,8,22,368
03/09/2005,DSM,IA,ACE,CE,Combined TRACON& Tower with Radar,82,122,105,8,317,0,2,41,1,44,82,124,146,9,361,38,22,60,421
03/10/2005,DSM,IA,ACE,CE,Combined TRACON& Tower with Radar,85,97,76,0,258,0,1,8,0,9,85,98,84,0,267,0,4,4,271
03/11/2005,DSM,IA,ACE,CE,Combined TRACON& Tower with Radar,68,94,76,7,245,0,8,26,0,34,68,102,102,7,279,0,2,2,281
03/12/2005,DSM,IA,ACE,CE,Combined TRACON& Tower with Radar,55,69,39,3,166,0,7,29,1,37,55,76,68,4,203,52,0,52,255
03/13/2005,DSM,IA,ACE,CE,Combined TRACON& Tower with Radar,57,66,36,2,161,0,6,48,0,54,57,72,84,2,215,0,0,0,215
03/14/2005,DSM,IA,ACE,CE,Combined TRACON& Tower with Radar,55,97,82,2,236,0,7,41,1,49,55,104,123,3,285,0,0,0,285
03/15/2005,DSM,IA,ACE,CE,Combined TRACON& Tower with Radar,70,114,72,7,263,0,7,44,1,52,70,121,116,8,315,18,16,34,349
03/16/2005,DSM,IA,ACE,CE,Combined TRACON& Tower with Radar,94,92,95,13,294,0,7,45,0,52,94,99,140,13,346,44,16,60,406
03/17/2005,DSM,IA,ACE,CE,Combined TRACON& Tower with Radar,82,96,110,23,311,0,18,31,5,54,82,114,141,28,365,21,22,43,408
03/18/2005,DSM,IA,ACE,CE,Combined TRACON& Tower with Radar,72,74,84,15,245,0,5,8,1,14,72,79,92,16,259,2,2,4,263
03/19/2005,DSM,IA,ACE,CE,Combined TRACON& Tower with Radar,51,73,40,13,177,0,14,7,0,21,51,87,47,13,198,44,0,44,242
03/20/2005,DSM,IA,ACE,CE,Combined TRACON& Tower with Radar,54,78,24,1,157,0,8,91,0,99,54,86,115,1,256,30,0,30,286
03/21/2005,DSM,IA,ACE,CE,Combined TRACON& Tower with Radar,57,99,77,0,233,0,4,10,0,14,57,103,87,0,247,0,0,0,247
03/22/2005,DSM,IA,ACE,CE,Combined TRACON& Tower with Radar,80,102,74,13,269,0,3,12,0,15,80,105,86,13,284,0,24,24,308
03/23/2005,DSM,IA,ACE,CE,Combined TRACON& Tower with Radar,84,98,89,14,285,0,9,29,2,40,84,107,118,16,325,12,16,28,353
03/24/2005,DSM,IA,ACE,CE,Combined TRACON& Tower with Radar,75,98,80,1,254,0,0,2,0,2,75,98,82,1,256,0,0,0,256
03/25/2005,DSM,IA,ACE,CE,Combined TRACON& Tower with Radar,75,87,42,18,222,0,0,0,0,0,75,87,42,18,222,0,2,2,224
03/26/2005,DSM,IA,ACE,CE,Combined TRACON& Tower with Radar,75,47,24,2,148,0,12,28,0,40,75,59,52,2,188,0,0,0,188
03/27/2005,DSM,IA,ACE,CE,Combined TRACON& Tower with Radar,64,57,34,0,155,0,8,50,0,58,64,65,84,0,213,22,0,22,235
03/28/2005,DSM,IA,ACE,CE,Combined TRACON& Tower with Radar,54,86,76,0,216,0,3,45,0,48,54,89,121,0,264,10,0,10,274
03/29/2005,DSM,IA,ACE,CE,Combined TRACON& Tower with Radar,77,111,69,16,273,0,8,38,0,46,77,119,107,16,319,8,26,34,353
03/30/2005,DSM,IA,ACE,CE,Combined TRACON& Tower with Radar,90,87,74,1,252,0,12,21,0,33,90,99,95,1,285,4,0,4,289
03/31/2005,DSM,IA,ACE,CE,Combined TRACON& Tower with Radar,93,92,96,25,306,0,6,37,0,43,93,98,133,25,349,10,22,32,381
04/01/2005,DSM,IA,ACE,CE,Combined TRACON& Tower with Radar,90,65,63,12,230,0,9,56,0,65,90,74,119,12,295,14,0,14,309
04/02/2005,DSM,IA,ACE,CE,Combined TRACON& Tower with Radar,56,63,33,13,165,0,9,78,1,88,56,72,111,14,253,36,14,50,303
04/03/2005,DSM,IA,ACE,CE,Combined TRACON& Tower with Radar,52,74,28,0,154,0,3,55,0,58,52,77,83,0,212,10,0,10,222
04/04/2005,DSM,IA,ACE,CE,Combined TRACON& Tower with Radar,43,104,76,0,223,0,4,33,0,37,43,108,109,0,260,8,0,8,268
04/05/2005,DSM,IA,ACE,CE,Combined TRACON& Tower with Radar,73,107,77,12,269,0,9,15,0,24,73,116,92,12,293,2,10,12,305
04/06/2005,DSM,IA,ACE,CE,Combined TRACON& Tower with Radar,90,88,81,11,270,0,5,13,0,18,90,93,94,11,288,10,18,28,316
04/07/2005,DSM,IA,ACE,CE,Combined TRACON& Tower with Radar,86,109,99,19,313,0,8,21,1,30,86,117,120,20,343,12,2,14,357
04/08/2005,DSM,IA,ACE,CE,Combined TRACON& Tower with Radar,60,100,86,7,253,0,9,47,0,56,60,109,133,7,309,16,0,16,325
04/09/2005,DSM,IA,ACE,CE,Combined TRACON& Tower with Radar,53,73,26,2,154,0,7,37,2,46,53,80,63,4,200,18,0,18,218
04/10/2005,DSM,IA,ACE,CE,Combined TRACON& Tower with Radar,60,74,41,3,178,0,4,27,0,31,60,78,68,3,209,12,0,12,221
04/11/2005,DSM,IA,ACE,CE,Combined TRACON& Tower with Radar,51,81,76,1,209,0,2,10,1,13,51,83,86,2,222,4,0,4,226
04/12/2005,DSM,IA,ACE,CE,Combined TRACON& Tower with Radar,79,115,86,10,290,0,6,8,0,14,79,121,94,10,304,6,0,6,310
04/13/2005,DSM,IA,ACE,CE,Combined TRACON& Tower with Radar,77,110,99,10,296,0,6,35,0,41,77,116,134,10,337,10,16,26,363
04/14/2005,DSM,IA,ACE,CE,Combined TRACON& Tower with Radar,88,94,91,20,293,0,4,56,1,61,88,98,147,21,354,8,28,36,390
04/15/2005,DSM,IA,ACE,CE,Combined TRACON& Tower with Radar,62,105,77,10,254,0,2,62,0,64,62,107,139,10,318,24,16,40,358
04/16/2005,DSM,IA,ACE,CE,Combined TRACON& Tower with Radar,49,76,45,7,177,0,7,13,1,21,49,83,58,8,198,8,16,24,222
04/17/2005,DSM,IA,ACE,CE,Combined TRACON& Tower with Radar,60,81,42,0,183,0,14,65,0,79,60,95,107,0,262,4,0,4,266
04/18/2005,DSM,IA,ACE,CE,Combined TRACON& Tower with Radar,60,88,50,2,200,0,2,21,0,23,60,90,71,2,223,0,0,0,223
04/19/2005,DSM,IA,ACE,CE,Combined TRACON& Tower with Radar,71,122,80,5,278,0,5,22,0,27,71,127,102,5,305,0,0,0,305
04/20/2005,DSM,IA,ACE,CE,Combined TRACON& Tower with Radar,66,119,87,8,280,0,0,13,0,13,66,119,100,8,293,10,4,14,307
04/21/2005,DSM,IA,ACE,CE,Combined TRACON& Tower with Radar,79,114,74,10,277,0,0,9,1,10,79,114,83,11,287,12,0,12,299
04/22/2005,DSM,IA,ACE,CE,Combined TRACON& Tower with Radar,58,101,73,11,243,0,7,9,0,16,58,108,82,11,259,0,0,0,259
04/23/2005,DSM,IA,ACE,CE,Combined TRACON& Tower with Radar,43,82,32,3,160,0,0,39,0,39,43,82,71,3,199,4,0,4,203
04/24/2005,DSM,IA,ACE,CE,Combined TRACON& Tower with Radar,51,72,41,0,164,0,0,42,0,42,51,72,83,0,206,18,0,18,224
04/25/2005,DSM,IA,ACE,CE,Combined TRACON& Tower with Radar,51,92,76,3,222,0,6,27,1,34,51,98,103,4,256,4,0,4,260
04/26/2005,DSM,IA,ACE,CE,Combined TRACON& Tower with Radar,70,119,107,9,305,0,4,21,1,26,70,123,128,10,331,20,0,20,351
04/27/2005,DSM,IA,ACE,CE,Combined TRACON& Tower with Radar,73,109,94,12,288,0,4,50,0,54,73,113,144,12,342,16,2,18,360
04/28/2005,DSM,IA,ACE,CE,Combined TRACON& Tower with Radar,72,121,120,7,320,0,1,41,0,42,72,122,161,7,362,54,4,58,420
04/29/2005,DSM,IA,ACE,CE,Combined TRACON& Tower with Radar,74,89,88,9,260,0,0,20,0,20,74,89,108,9,280,2,8,10,290
04/30/2005,DSM,IA,ACE,CE,Combined TRACON& Tower with Radar,46,75,29,0,150,0,0,27,0,27,46,75,56,0,177,8,0,8,185
05/01/2005,DSM,IA,ACE,CE,Combined TRACON& Tower with Radar,51,70,48,0,169,0,0,10,0,10,51,70,58,0,179,8,0,8,187
05/02/2005,DSM,IA,ACE,CE,Combined TRACON& Tower with Radar,56,88,73,0,217,0,0,19,0,19,56,88,92,0,236,8,0,8,244
05/03/2005,DSM,IA,ACE,CE,Combined TRACON& Tower with Radar,79,113,120,16,328,0,19,39,1,59,79,132,159,17,387,12,26,38,425
05/04/2005,DSM,IA,ACE,CE,Combined TRACON& Tower with Radar,79,115,111,11,316,0,1,51,0,52,79,116,162,11,368,16,16,32,400
05/05/2005,DSM,IA,ACE,CE,Combined TRACON& Tower with Radar,82,116,113,8,319,0,8,36,0,44,82,124,149,8,363,12,10,22,385
05/06/2005,DSM,IA,ACE,CE,Combined TRACON& Tower with Radar,63,99,90,8,260,0,6,38,0,44,63,105,128,8,304,22,12,34,338
05/07/2005,DSM,IA,ACE,CE,Combined TRACON& Tower with Radar,67,66,25,0,158,0,1,20,0,21,67,67,45,0,179,2,0,2,181
05/08/2005,DSM,IA,ACE,CE,Combined TRACON& Tower with Radar,64,80,47,0,191,0,4,3,0,7,64,84,50,0,198,16,0,16,214
05/09/2005,DSM,IA,ACE,CE,Combined TRACON& Tower with Radar,50,98,96,0,244,0,5,36,1,42,50,103,132,1,286,2,0,2,288
05/10/2005,DSM,IA,ACE,CE,Combined TRACON& Tower with Radar,74,105,103,14,296,0,0,54,0,54,74,105,157,14,350,12,30,42,392
05/11/2005,DSM,IA,ACE,CE,Combined TRACON& Tower with Radar,69,109,80,6,264,0,5,9,0,14,69,114,89,6,278,0,6,6,284
05/12/2005,DSM,IA,ACE,CE,Combined TRACON& Tower with Radar,90,118,88,5,301,0,0,2,0,2,90,118,90,5,303,8,0,8,311
05/13/2005,DSM,IA,ACE,CE,Combined TRACON& Tower with Radar,90,84,97,5,276,0,3,10,0,13,90,87,107,5,289,16,0,16,305
05/14/2005,DSM,IA,ACE,CE,Combined TRACON& Tower with Radar,67,60,20,3,150,0,0,8,0,8,67,60,28,3,158,8,2,10,168
05/15/2005,DSM,IA,ACE,CE,Combined TRACON& Tower with Radar,65,66,45,1,177,0,0,27,0,27,65,66,72,1,204,26,0,26,230
05/16/2005,DSM,IA,ACE,CE,Combined TRACON& Tower with Radar,50,92,82,0,224,0,1,30,0,31,50,93,112,0,255,8,0,8,263
05/17/2005,DSM,IA,ACE,CE,Combined TRACON& Tower with Radar,71,115,89,5,280,0,5,19,0,24,71,120,108,5,304,8,8,16,320
05/18/2005,DSM,IA,ACE,CE,Combined TRACON& Tower with Radar,76,114,113,4,307,0,5,15,0,20,76,119,128,4,327,0,24,24,351
05/19/2005,DSM,IA,ACE,CE,Combined TRACON& Tower with Radar,86,105,113,12,316,0,9,0,0,9,86,114,113,12,325,12,16,28,353
05/20/2005,DSM,IA,ACE,CE,Combined TRACON& Tower with Radar,67,106,171,14,358,0,10,40,0,50,67,116,211,14,408,100,4,104,512
05/21/2005,DSM,IA,ACE,CE,Combined TRACON& Tower with Radar,63,77,42,12,194,0,0,11,0,11,63,77,53,12,205,0,4,4,209
05/22/2005,DSM,IA,ACE,CE,Combined TRACON& Tower with Radar,51,75,25,1,152,0,0,31,2,33,51,75,56,3,185,24,0,24,209
05/23/2005,DSM,IA,ACE,CE,Combined TRACON& Tower with Radar,52,107,74,0,233,0,3,46,1,50,52,110,120,1,283,10,0,10,293
05/24/2005,DSM,IA,ACE,CE,Combined TRACON& Tower with Radar,88,94,115,9,306,0,0,44,0,44,88,94,159,9,350,14,8,22,372
05/25/2005,DSM,IA,ACE,CE,Combined TRACON& Tower with Radar,80,112,118,8,318,0,3,20,0,23,80,115,138,8,341,18,14,32,373
05/26/2005,DSM,IA,ACE,CE,Combined TRACON& Tower with Radar,77,106,121,15,319,0,3,59,0,62,77,109,180,15,381,2,14,16,397
05/27/2005,DSM,IA,ACE,CE,Combined TRACON& Tower with Radar,61,99,73,1,234,0,0,34,0,34,61,99,107,1,268,16,0,16,284
05/28/2005,DSM,IA,ACE,CE,Combined TRACON& Tower with Radar,63,79,43,2,187,0,0,32,1,33,63,79,75,3,220,24,0,24,244
05/29/2005,DSM,IA,ACE,CE,Combined TRACON& Tower with Radar,66,61,32,0,159,0,3,25,1,29,66,64,57,1,188,38,0,38,226
05/30/2005,DSM,IA,ACE,CE,Combined TRACON& Tower with Radar,55,67,31,2,155,0,0,39,3,42,55,67,70,5,197,42,4,46,243
05/31/2005,DSM,IA,ACE,CE,Combined TRACON& Tower with Radar,51,94,108,12,265,0,0,28,0,28,51,94,136,12,293,6,12,18,311
06/01/2005,DSM,IA,ACE,CE,Combined TRACON& Tower with Radar,81,120,122,14,337,0,10,29,0,39,81,130,151,14,376,0,14,14,390
06/02/2005,DSM,IA,ACE,CE,Combined TRACON& Tower with Radar,71,121,113,25,330,0,7,61,0,68,71,128,174,25,398,12,24,36,434
06/03/2005,DSM,IA,ACE,CE,Combined TRACON& Tower with Radar,68,106,77,16,267,0,5,40,0,45,68,111,117,16,312,10,40,50,362
06/04/2005,DSM,IA,ACE,CE,Combined TRACON& Tower with Radar,52,70,28,13,163,0,0,29,1,30,52,70,57,14,193,4,0,4,197
06/05/2005,DSM,IA,ACE,CE,Combined TRACON& Tower with Radar,57,74,40,2,173,0,3,25,1,29,57,77,65,3,202,10,0,10,212
06/06/2005,DSM,IA,ACE,CE,Combined TRACON& Tower with Radar,58,100,86,0,244,0,7,47,6,60,58,107,133,6,304,6,0,6,310
06/07/2005,DSM,IA,ACE,CE,Combined TRACON& Tower with Radar,83,111,110,10,314,0,4,38,2,44,83,115,148,12,358,22,14,36,394
06/08/2005,DSM,IA,ACE,CE,Combined TRACON& Tower with Radar,82,114,113,10,319,0,7,26,0,33,82,121,139,10,352,22,0,22,374
06/09/2005,DSM,IA,ACE,CE,Combined TRACON& Tower with Radar,83,117,136,20,356,0,2,55,0,57,83,119,191,20,413,6,24,30,443
06/10/2005,DSM,IA,ACE,CE,Combined TRACON& Tower with Radar,68,105,97,12,282,0,5,29,0,34,68,110,126,12,316,20,24,44,360
06/11/2005,DSM,IA,ACE,CE,Combined TRACON& Tower with Radar,71,92,68,19,250,0,5,29,0,34,71,97,97,19,284,44,4,48,332
06/12/2005,DSM,IA,ACE,CE,Combined TRACON& Tower with Radar,74,81,62,2,219,0,12,35,0,47,74,93,97,2,266,48,0,48,314
06/13/2005,DSM,IA,ACE,CE,Combined TRACON& Tower with Radar,57,105,58,0,220,0,1,24,0,25,57,106,82,0,245,10,0,10,255
06/14/2005,DSM,IA,ACE,CE,Combined TRACON& Tower with Radar,90,122,100,24,336,0,0,15,0,15,90,122,115,24,351,4,28,32,383
06/15/2005,DSM,IA,ACE,CE,Combined TRACON& Tower with Radar,76,132,105,18,331,0,4,39,4,47,76,136,144,22,378,18,58,76,454
06/16/2005,DSM,IA,ACE,CE,Combined TRACON& Tower with Radar,79,143,94,22,338,0,0,58,0,58,79,143,152,22,396,6,38,44,440
06/17/2005,DSM,IA,ACE,CE,Combined TRACON& Tower with Radar,63,113,70,17,263,0,6,79,11,96,63,119,149,28,359,8,28,36,395
06/18/2005,DSM,IA,ACE,CE,Combined TRACON& Tower with Radar,61,70,27,0,158,0,6,73,0,79,61,76,100,0,237,82,0,82,319
06/19/2005,DSM,IA,ACE,CE,Combined TRACON& Tower with Radar,51,77,33,0,161,0,15,54,2,71,51,92,87,2,232,14,0,14,246
06/20/2005,DSM,IA,ACE,CE,Combined TRACON& Tower with Radar,46,98,77,0,221,0,11,19,2,32,46,109,96,2,253,12,0,12,265
06/21/2005,DSM,IA,ACE,CE,Combined TRACON& Tower with Radar,78,107,112,12,309,0,4,31,2,37,78,111,143,14,346,28,16,44,390
06/22/2005,DSM,IA,ACE,CE,Combined TRACON& Tower with Radar,84,112,83,10,289,0,6,45,5,56,84,118,128,15,345,4,18,22,367
06/23/2005,DSM,IA,ACE,CE,Combined TRACON& Tower with Radar,72,133,101,8,314,0,4,42,2,48,72,137,143,10,362,64,16,80,442
06/24/2005,DSM,IA,ACE,CE,Combined TRACON& Tower with Radar,72,112,79,6,269,0,7,41,0,48,72,119,120,6,317,16,2,18,335
06/25/2005,DSM,IA,ACE,CE,Combined TRACON& Tower with Radar,63,88,44,1,196,0,7,20,0,27,63,95,64,1,223,18,0,18,241
06/26/2005,DSM,IA,ACE,CE,Combined TRACON& Tower with Radar,81,85,58,0,224,0,5,23,3,31,81,90,81,3,255,0,0,0,255
06/27/2005,DSM,IA,ACE,CE,Combined TRACON& Tower with Radar,44,99,61,0,204,0,15,18,1,34,44,114,79,1,238,0,0,0,238
06/28/2005,DSM,IA,ACE,CE,Combined TRACON& Tower with Radar,99,122,95,2,318,0,5,33,0,38,99,127,128,2,356,12,0,12,368
06/29/2005,DSM,IA,ACE,CE,Combined TRACON& Tower with Radar,74,135,112,6,327,0,7,14,0,21,74,142,126,6,348,20,0,20,368
06/30/2005,DSM,IA,ACE,CE,Combined TRACON& Tower with Radar,90,122,114,0,326,0,4,48,2,54,90,126,162,2,380,0,0,0,380
07/01/2005,DSM,IA,ACE,CE,Combined TRACON& Tower with Radar,60,107,109,1,277,0,5,69,1,75,60,112,178,2,352,0,0,0,352
07/02/2005,DSM,IA,ACE,CE,Combined TRACON& Tower with Radar,78,54,29,0,161,0,4,60,2,66,78,58,89,2,227,18,0,18,245
07/03/2005,DSM,IA,ACE,CE,Combined TRACON& Tower with Radar,52,66,17,1,136,0,10,28,0,38,52,76,45,1,174,4,0,4,178
07/04/2005,DSM,IA,ACE,CE,Combined TRACON& Tower with Radar,45,66,29,0,140,0,2,26,0,28,45,68,55,0,168,0,0,0,168
07/05/2005,DSM,IA,ACE,CE,Combined TRACON& Tower with Radar,63,96,64,1,224,0,12,44,0,56,63,108,108,1,280,6,0,6,286
07/06/2005,DSM,IA,ACE,CE,Combined TRACON& Tower with Radar,71,110,84,19,284,0,3,45,0,48,71,113,129,19,332,20,34,54,386
07/07/2005,DSM,IA,ACE,CE,Combined TRACON& Tower with Radar,103,93,106,0,302,0,18,39,0,57,103,111,145,0,359,32,0,32,391
07/08/2005,DSM,IA,ACE,CE,Combined TRACON& Tower with Radar,63,111,68,0,242,0,7,44,0,51,63,118,112,0,293,2,0,2,295
07/09/2005,DSM,IA,ACE,CE,Combined TRACON& Tower with Radar,0,0,0,0,0,0,0,0,0,0,0,0,0,0,0,0,0,0,0
07/10/2005,DSM,IA,ACE,CE,Combined TRACON& Tower with Radar,68,78,40,2,188,0,11,34,0,45,68,89,74,2,233,18,0,18,251
07/11/2005,DSM,IA,ACE,CE,Combined TRACON& Tower with Radar,72,104,98,4,278,0,14,37,0,51,72,118,135,4,329,2,0,2,331
07/12/2005,DSM,IA,ACE,CE,Combined TRACON& Tower with Radar,74,126,126,1,327,0,4,30,0,34,74,130,156,1,361,8,0,8,369
07/13/2005,DSM,IA,ACE,CE,Combined TRACON& Tower with Radar,74,113,126,8,321,0,10,40,1,51,74,123,166,9,372,6,2,8,380
07/14/2005,DSM,IA,ACE,CE,Combined TRACON& Tower with Radar,73,119,109,0,301,0,4,72,0,76,73,123,181,0,377,20,4,24,401
07/15/2005,DSM,IA,ACE,CE,Combined TRACON& Tower with Radar,64,113,126,2,305,0,11,58,1,70,64,124,184,3,375,16,6,22,397
07/16/2005,DSM,IA,ACE,CE,Combined TRACON& Tower with Radar,90,54,54,0,198,0,5,52,0,57,90,59,106,0,255,32,0,32,287
07/17/2005,DSM,IA,ACE,CE,Combined TRACON& Tower with Radar,56,72,51,0,179,0,15,37,0,52,56,87,88,0,231,16,0,16,247
07/18/2005,DSM,IA,ACE,CE,Combined TRACON& Tower with Radar,66,99,115,2,282,0,3,37,0,40,66,102,152,2,322,22,0,22,344
07/19/2005,DSM,IA,ACE,CE,Combined TRACON& Tower with Radar,94,114,105,0,313,0,4,32,0,36,94,118,137,0,349,0,0,0,349
07/20/2005,DSM,IA,ACE,CE,Combined TRACON& Tower with Radar,68,109,124,2,303,0,1,37,1,39,68,110,161,3,342,14,0,14,356
07/21/2005,DSM,IA,ACE,CE,Combined TRACON& Tower with Radar,74,125,112,0,311,0,9,38,0,47,74,134,150,0,358,10,0,10,368
07/22/2005,DSM,IA,ACE,CE,Combined TRACON& Tower with Radar,72,109,104,2,287,0,10,43,1,54,72,119,147,3,341,16,0,16,357
07/23/2005,DSM,IA,ACE,CE,Combined TRACON& Tower with Radar,62,63,21,0,146,0,9,24,0,33,62,72,45,0,179,4,0,4,183
07/24/2005,DSM,IA,ACE,CE,Combined TRACON& Tower with Radar,54,76,33,0,163,0,15,37,0,52,54,91,70,0,215,0,0,0,215
07/25/2005,DSM,IA,ACE,CE,Combined TRACON& Tower with Radar,42,94,88,2,226,0,7,29,0,36,42,101,117,2,262,0,2,2,264
07/26/2005,DSM,IA,ACE,CE,Combined TRACON& Tower with Radar,65,111,108,0,284,0,4,10,0,14,65,115,118,0,298,4,0,4,302
07/27/2005,DSM,IA,ACE,CE,Combined TRACON& Tower with Radar,77,119,90,0,286,0,5,41,0,46,77,124,131,0,332,2,0,2,334
07/28/2005,DSM,IA,ACE,CE,Combined TRACON& Tower with Radar,79,125,116,0,320,0,6,53,0,59,79,131,169,0,379,10,0,10,389
07/29/2005,DSM,IA,ACE,CE,Combined TRACON& Tower with Radar,63,107,85,0,255,0,5,59,0,64,63,112,144,0,319,6,0,6,325
07/30/2005,DSM,IA,ACE,CE,Combined TRACON& Tower with Radar,53,69,29,2,153,0,1,44,0,45,53,70,73,2,198,4,0,4,202
07/31/2005,DSM,IA,ACE,CE,Combined TRACON& Tower with Radar,75,67,55,0,197,0,6,33,0,39,75,73,88,0,236,0,0,0,236
08/01/2005,DSM,IA,ACE,CE,Combined TRACON& Tower with Radar,61,99,77,0,237,0,0,39,0,39,61,99,116,0,276,0,0,0,276
08/02/2005,DSM,IA,ACE,CE,Combined TRACON& Tower with Radar,69,117,80,0,266,0,3,41,0,44,69,120,121,0,310,16,0,16,326
08/03/2005,DSM,IA,ACE,CE,Combined TRACON& Tower with Radar,73,117,89,3,282,0,4,39,1,44,73,121,128,4,326,14,0,14,340
08/04/2005,DSM,IA,ACE,CE,Combined TRACON& Tower with Radar,78,122,103,0,303,0,0,29,0,29,78,122,132,0,332,6,0,6,338
08/05/2005,DSM,IA,ACE,CE,Combined TRACON& Tower with Radar,66,104,74,1,245,0,0,59,0,59,66,104,133,1,304,38,0,38,342
08/06/2005,DSM,IA,ACE,CE,Combined TRACON& Tower with Radar,52,81,31,7,171,0,0,56,0,56,52,81,87,7,227,28,16,44,271
08/07/2005,DSM,IA,ACE,CE,Combined TRACON& Tower with Radar,53,75,61,1,190,0,0,38,0,38,53,75,99,1,228,12,0,12,240
08/08/2005,DSM,IA,ACE,CE,Combined TRACON& Tower with Radar,44,95,87,0,226,0,0,41,0,41,44,95,128,0,267,22,6,28,295
08/09/2005,DSM,IA,ACE,CE,Combined TRACON& Tower with Radar,73,119,103,0,295,0,0,44,3,47,73,119,147,3,342,0,0,0,342
08/10/2005,DSM,IA,ACE,CE,Combined TRACON& Tower with Radar,77,119,96,0,292,0,0,41,0,41,77,119,137,0,333,12,2,14,347
08/11/2005,DSM,IA,ACE,CE,Combined TRACON& Tower with Radar,84,122,76,0,282,0,0,20,0,20,84,122,96,0,302,8,0,8,310
08/12/2005,DSM,IA,ACE,CE,Combined TRACON& Tower with Radar,68,124,89,1,282,0,0,15,0,15,68,124,104,1,297,12,0,12,309
08/13/2005,DSM,IA,ACE,CE,Combined TRACON& Tower with Radar,66,80,60,1,207,0,0,25,0,25,66,80,85,1,232,32,0,32,264
08/14/2005,DSM,IA,ACE,CE,Combined TRACON& Tower with Radar,62,77,74,0,213,0,0,0,0,0,62,77,74,0,213,20,0,20,233
08/15/2005,DSM,IA,ACE,CE,Combined TRACON& Tower with Radar,56,106,79,2,243,0,0,32,0,32,56,106,111,2,275,38,0,38,313
08/16/2005,DSM,IA,ACE,CE,Combined TRACON& Tower with Radar,73,124,101,1,299,0,0,39,0,39,73,124,140,1,338,4,0,4,342
08/17/2005,DSM,IA,ACE,CE,Combined TRACON& Tower with Radar,84,119,127,0,330,0,0,35,0,35,84,119,162,0,365,12,0,12,377
08/18/2005,DSM,IA,ACE,CE,Combined TRACON& Tower with Radar,77,131,102,0,310,0,0,41,2,43,77,131,143,2,353,46,0,46,399
08/19/2005,DSM,IA,ACE,CE,Combined TRACON& Tower with Radar,79,105,100,0,284,0,0,35,0,35,79,105,135,0,319,28,0,28,347
08/20/2005,DSM,IA,ACE,CE,Combined TRACON& Tower with Radar,45,78,43,0,166,0,0,30,3,33,45,78,73,3,199,22,0,22,221
08/21/2005,DSM,IA,ACE,CE,Combined TRACON& Tower with Radar,70,76,59,0,205,0,0,45,0,45,70,76,104,0,250,24,0,24,274
08/22/2005,DSM,IA,ACE,CE,Combined TRACON& Tower with Radar,53,103,76,9,241,0,0,42,0,42,53,103,118,9,283,2,10,12,295
08/23/2005,DSM,IA,ACE,CE,Combined TRACON& Tower with Radar,69,145,101,0,315,0,0,57,0,57,69,145,158,0,372,8,2,10,382
08/24/2005,DSM,IA,ACE,CE,Combined TRACON& Tower with Radar,80,128,137,0,345,0,1,22,0,23,80,129,159,0,368,38,0,38,406
08/25/2005,DSM,IA,ACE,CE,Combined TRACON& Tower with Radar,73,134,120,0,327,0,1,24,0,25,73,135,144,0,352,4,0,4,356
08/26/2005,DSM,IA,ACE,CE,Combined TRACON& Tower with Radar,79,100,92,0,271,0,3,16,1,20,79,103,108,1,291,0,0,0,291
08/27/2005,DSM,IA,ACE,CE,Combined TRACON& Tower with Radar,42,75,36,0,153,0,0,27,0,27,42,75,63,0,180,22,0,22,202
08/28/2005,DSM,IA,ACE,CE,Combined TRACON& Tower with Radar,65,81,46,0,192,0,0,43,0,43,65,81,89,0,235,22,0,22,257
08/29/2005,DSM,IA,ACE,CE,Combined TRACON& Tower with Radar,51,102,60,2,215,0,4,31,0,35,51,106,91,2,250,4,2,6,256
08/30/2005,DSM,IA,ACE,CE,Combined TRACON& Tower with Radar,66,130,98,0,294,0,4,61,0,65,66,134,159,0,359,44,4,48,407
08/31/2005,DSM,IA,ACE,CE,Combined TRACON& Tower with Radar,71,122,114,0,307,0,9,42,0,51,71,131,156,0,358,0,0,0,358
09/01/2005,DSM,IA,ACE,CE,Combined TRACON& Tower with Radar,88,120,80,0,288,0,0,34,0,34,88,120,114,0,322,6,0,6,328
09/02/2005,DSM,IA,ACE,CE,Combined TRACON& Tower with Radar,62,115,85,0,262,0,0,46,0,46,62,115,131,0,308,22,0,22,330
09/03/2005,DSM,IA,ACE,CE,Combined TRACON& Tower with Radar,60,49,34,0,143,0,0,37,0,37,60,49,71,0,180,18,0,18,198
09/04/2005,DSM,IA,ACE,CE,Combined TRACON& Tower with Radar,57,66,25,0,148,2,0,31,0,33,59,66,56,0,181,6,0,6,187
09/05/2005,DSM,IA,ACE,CE,Combined TRACON& Tower with Radar,37,84,49,0,170,0,0,27,0,27,37,84,76,0,197,10,0,10,207
09/06/2005,DSM,IA,ACE,CE,Combined TRACON& Tower with Radar,50,104,70,0,224,0,0,31,0,31,50,104,101,0,255,12,0,12,267
09/07/2005,DSM,IA,ACE,CE,Combined TRACON& Tower with Radar,70,127,115,0,312,0,0,35,0,35,70,127,150,0,347,10,0,10,357
09/08/2005,DSM,IA,ACE,CE,Combined TRACON& Tower with Radar,88,114,87,0,289,0,0,24,3,27,88,114,111,3,316,14,0,14,330
09/09/2005,DSM,IA,ACE,CE,Combined TRACON& Tower with Radar,63,114,103,0,280,0,0,25,0,25,63,114,128,0,305,14,0,14,319
09/10/2005,DSM,IA,ACE,CE,Combined TRACON& Tower with Radar,46,72,24,4,146,0,0,29,1,30,46,72,53,5,176,6,10,16,192
09/11/2005,DSM,IA,ACE,CE,Combined TRACON& Tower with Radar,44,91,44,0,179,0,0,19,0,19,44,91,63,0,198,32,0,32,230
09/12/2005,DSM,IA,ACE,CE,Combined TRACON& Tower with Radar,51,104,96,0,251,0,12,25,0,37,51,116,121,0,288,6,0,6,294
09/13/2005,DSM,IA,ACE,CE,Combined TRACON& Tower with Radar,61,128,74,4,267,0,7,18,0,25,61,135,92,4,292,4,0,4,296
09/14/2005,DSM,IA,ACE,CE,Combined TRACON& Tower with Radar,75,128,122,19,344,0,0,58,0,58,75,128,180,19,402,20,24,44,446
09/15/2005,DSM,IA,ACE,CE,Combined TRACON& Tower with Radar,74,131,92,14,311,0,0,34,0,34,74,131,126,14,345,28,16,44,389
09/16/2005,DSM,IA,ACE,CE,Combined TRACON& Tower with Radar,56,121,109,12,298,0,0,44,0,44,56,121,153,12,342,2,12,14,356
09/17/2005,DSM,IA,ACE,CE,Combined TRACON& Tower with Radar,47,68,44,0,159,0,0,29,0,29,47,68,73,0,188,12,0,12,200
09/18/2005,DSM,IA,ACE,CE,Combined TRACON& Tower with Radar,51,89,57,0,197,0,0,46,0,46,51,89,103,0,243,4,0,4,247
09/19/2005,DSM,IA,ACE,CE,Combined TRACON& Tower with Radar,38,102,91,2,233,0,7,25,0,32,38,109,116,2,265,0,0,0,265
09/20/2005,DSM,IA,ACE,CE,Combined TRACON& Tower with Radar,72,127,92,16,307,0,0,48,2,50,72,127,140,18,357,10,24,34,391
09/21/2005,DSM,IA,ACE,CE,Combined TRACON& Tower with Radar,63,138,95,10,306,0,6,32,0,38,63,144,127,10,344,12,18,30,374
09/22/2005,DSM,IA,ACE,CE,Combined TRACON& Tower with Radar,64,135,96,6,301,0,0,27,0,27,64,135,123,6,328,8,0,8,336
09/23/2005,DSM,IA,ACE,CE,Combined TRACON& Tower with Radar,81,80,91,8,260,0,6,22,0,28,81,86,113,8,288,8,12,20,308
09/24/2005,DSM,IA,ACE,CE,Combined TRACON& Tower with Radar,48,71,49,8,176,0,0,2,0,2,48,71,51,8,178,6,0,6,184
09/25/2005,DSM,IA,ACE,CE,Combined TRACON& Tower with Radar,51,79,34,0,164,0,0,2,0,2,51,79,36,0,166,0,0,0,166
09/26/2005,DSM,IA,ACE,CE,Combined TRACON& Tower with Radar,34,117,108,0,259,0,0,15,0,15,34,117,123,0,274,4,0,4,278
09/27/2005,DSM,IA,ACE,CE,Combined TRACON& Tower with Radar,64,122,133,0,319,0,0,51,3,54,64,122,184,3,373,10,0,10,383
09/28/2005,DSM,IA,ACE,CE,Combined TRACON& Tower with Radar,62,125,91,6,284,0,3,12,1,16,62,128,103,7,300,2,0,2,302
09/29/2005,DSM,IA,ACE,CE,Combined TRACON& Tower with Radar,59,129,98,1,287,0,0,35,0,35,59,129,133,1,322,22,0,22,344
09/30/2005,DSM,IA,ACE,CE,Combined TRACON& Tower with Radar,49,126,94,0,269,0,3,39,0,42,49,129,133,0,311,12,0,12,323
10/01/2005,DSM,IA,ACE,CE,Combined TRACON& Tower with Radar,32,84,44,10,170,0,0,43,4,47,32,84,87,14,217,10,10,20,237
10/02/2005,DSM,IA,ACE,CE,Combined TRACON& Tower with Radar,38,77,54,4,173,0,0,19,0,19,38,77,73,4,192,14,0,14,206
10/03/2005,DSM,IA,ACE,CE,Combined TRACON& Tower with Radar,36,112,63,2,213,0,11,20,0,31,36,123,83,2,244,0,0,0,244
10/04/2005,DSM,IA,ACE,CE,Combined TRACON& Tower with Radar,60,136,85,20,301,0,3,38,0,41,60,139,123,20,342,12,10,22,364
10/05/2005,DSM,IA,ACE,CE,Combined TRACON& Tower with Radar,61,144,78,14,297,1,5,8,0,14,62,149,86,14,311,0,0,0,311
10/06/2005,DSM,IA,ACE,CE,Combined TRACON& Tower with Radar,58,139,104,10,311,0,2,25,0,27,58,141,129,10,338,24,0,24,362
10/07/2005,DSM,IA,ACE,CE,Combined TRACON& Tower with Radar,47,125,83,0,255,0,3,23,0,26,47,128,106,0,281,8,0,8,289
10/08/2005,DSM,IA,ACE,CE,Combined TRACON& Tower with Radar,38,87,20,0,145,0,0,50,0,50,38,87,70,0,195,6,0,6,201
10/09/2005,DSM,IA,ACE,CE,Combined TRACON& Tower with Radar,52,76,48,0,176,0,0,28,0,28,52,76,76,0,204,18,0,18,222
10/10/2005,DSM,IA,ACE,CE,Combined TRACON& Tower with Radar,37,103,61,2,203,0,14,49,0,63,37,117,110,2,266,4,0,4,270
10/11/2005,DSM,IA,ACE,CE,Combined TRACON& Tower with Radar,60,118,82,9,269,0,11,31,0,42,60,129,113,9,311,14,8,22,333
10/12/2005,DSM,IA,ACE,CE,Combined TRACON& Tower with Radar,60,140,120,9,329,0,0,2,0,2,60,140,122,9,331,0,0,0,331
10/13/2005,DSM,IA,ACE,CE,Combined TRACON& Tower with Radar,70,137,103,15,325,0,0,19,0,19,70,137,122,15,344,12,22,34,378
10/14/2005,DSM,IA,ACE,CE,Combined TRACON& Tower with Radar,51,126,101,14,292,0,0,38,2,40,51,126,139,16,332,18,16,34,366
10/15/2005,DSM,IA,ACE,CE,Combined TRACON& Tower with Radar,36,87,36,8,167,0,0,47,1,48,36,87,83,9,215,8,6,14,229
10/16/2005,DSM,IA,ACE,CE,Combined TRACON& Tower with Radar,37,95,38,0,170,0,0,28,0,28,37,95,66,0,198,16,2,18,216
10/17/2005,DSM,IA,ACE,CE,Combined TRACON& Tower with Radar,43,114,64,1,222,0,0,32,0,32,43,114,96,1,254,6,0,6,260
10/18/2005,DSM,IA,ACE,CE,Combined TRACON& Tower with Radar,71,125,88,10,294,0,0,50,0,50,71,125,138,10,344,36,4,40,384
10/19/2005,DSM,IA,ACE,CE,Combined TRACON& Tower with Radar,66,126,92,9,293,0,4,36,0,40,66,130,128,9,333,26,16,42,375
10/20/2005,DSM,IA,ACE,CE,Combined TRACON& Tower with Radar,70,131,94,5,300,0,2,15,0,17,70,133,109,5,317,4,0,4,321
10/21/2005,DSM,IA,ACE,CE,Combined TRACON& Tower with Radar,56,122,93,2,273,0,1,50,0,51,56,123,143,2,324,2,0,2,326
10/22/2005,DSM,IA,ACE,CE,Combined TRACON& Tower with Radar,42,80,26,2,150,0,0,26,1,27,42,80,52,3,177,8,0,8,185
10/23/2005,DSM,IA,ACE,CE,Combined TRACON& Tower with Radar,38,93,37,2,170,0,0,4,0,4,38,93,41,2,174,6,0,6,180
10/24/2005,DSM,IA,ACE,CE,Combined TRACON& Tower with Radar,42,100,85,0,227,0,0,25,0,25,42,100,110,0,252,0,0,0,252
10/25/2005,DSM,IA,ACE,CE,Combined TRACON& Tower with Radar,72,113,97,8,290,0,0,36,0,36,72,113,133,8,326,8,2,10,336
10/26/2005,DSM,IA,ACE,CE,Combined TRACON& Tower with Radar,84,127,128,10,349,0,0,45,0,45,84,127,173,10,394,20,12,32,426
10/27/2005,DSM,IA,ACE,CE,Combined TRACON& Tower with Radar,66,131,103,3,303,0,5,48,0,53,66,136,151,3,356,8,8,16,372
10/28/2005,DSM,IA,ACE,CE,Combined TRACON& Tower with Radar,50,131,104,5,290,0,1,63,0,64,50,132,167,5,354,6,8,14,368
10/29/2005,DSM,IA,ACE,CE,Combined TRACON& Tower with Radar,36,79,40,4,159,0,0,32,0,32,36,79,72,4,191,12,0,12,203
10/30/2005,DSM,IA,ACE,CE,Combined TRACON& Tower with Radar,34,95,57,0,186,0,2,18,0,20,34,97,75,0,206,6,0,6,212
10/31/2005,DSM,IA,ACE,CE,Combined TRACON& Tower with Radar,41,119,74,2,236,0,0,21,0,21,41,119,95,2,257,30,6,36,293
11/01/2005,DSM,IA,ACE,CE,Combined TRACON& Tower with Radar,62,137,89,5,293,0,0,35,0,35,62,137,124,5,328,12,6,18,346
11/02/2005,DSM,IA,ACE,CE,Combined TRACON& Tower with Radar,70,140,118,7,335,0,0,43,1,44,70,140,161,8,379,14,12,26,405
11/03/2005,DSM,IA,ACE,CE,Combined TRACON& Tower with Radar,61,147,100,3,311,0,0,64,0,64,61,147,164,3,375,20,2,22,397
11/04/2005,DSM,IA,ACE,CE,Combined TRACON& Tower with Radar,56,127,86,8,277,0,15,55,2,72,56,142,141,10,349,22,14,36,385
11/05/2005,DSM,IA,ACE,CE,Combined TRACON& Tower with Radar,34,85,31,5,155,0,0,6,0,6,34,85,37,5,161,4,0,4,165
11/06/2005,DSM,IA,ACE,CE,Combined TRACON& Tower with Radar,54,80,61,3,198,0,0,20,0,20,54,80,81,3,218,16,0,16,234
11/07/2005,DSM,IA,ACE,CE,Combined TRACON& Tower with Radar,42,111,80,0,233,0,0,43,0,43,42,111,123,0,276,4,0,4,280
11/08/2005,DSM,IA,ACE,CE,Combined TRACON& Tower with Radar,63,142,95,12,312,0,7,41,0,48,63,149,136,12,360,40,18,58,418
11/09/2005,DSM,IA,ACE,CE,Combined TRACON& Tower with Radar,63,132,97,12,304,0,5,15,1,21,63,137,112,13,325,4,2,6,331
11/10/2005,DSM,IA,ACE,CE,Combined TRACON& Tower with Radar,97,102,118,9,326,0,7,47,0,54,97,109,165,9,380,14,0,14,394
11/11/2005,DSM,IA,ACE,CE,Combined TRACON& Tower with Radar,53,106,88,4,251,0,8,36,0,44,53,114,124,4,295,18,6,24,319
11/12/2005,DSM,IA,ACE,CE,Combined TRACON& Tower with Radar,41,80,19,0,140,0,1,9,0,10,41,81,28,0,150,2,0,2,152
11/13/2005,DSM,IA,ACE,CE,Combined TRACON& Tower with Radar,51,94,26,0,171,0,6,14,0,20,51,100,40,0,191,16,0,16,207
11/14/2005,DSM,IA,ACE,CE,Combined TRACON& Tower with Radar,40,114,84,0,238,0,0,13,0,13,40,114,97,0,251,0,0,0,251
11/15/2005,DSM,IA,ACE,CE,Combined TRACON& Tower with Radar,56,126,75,1,258,0,0,0,0,0,56,126,75,1,258,0,0,0,258
11/16/2005,DSM,IA,ACE,CE,Combined TRACON& Tower with Radar,77,121,94,7,299,0,4,9,0,13,77,125,103,7,312,0,0,0,312
11/17/2005,DSM,IA,ACE,CE,Combined TRACON& Tower with Radar,74,148,96,12,330,0,2,25,0,27,74,150,121,12,357,14,0,14,371
11/18/2005,DSM,IA,ACE,CE,Combined TRACON& Tower with Radar,48,128,95,12,283,0,12,26,1,39,48,140,121,13,322,8,8,16,338
11/19/2005,DSM,IA,ACE,CE,Combined TRACON& Tower with Radar,39,89,40,1,169,0,0,7,1,8,39,89,47,2,177,0,0,0,177
11/20/2005,DSM,IA,ACE,CE,Combined TRACON& Tower with Radar,46,84,65,0,195,0,0,18,0,18,46,84,83,0,213,0,0,0,213
11/21/2005,DSM,IA,ACE,CE,Combined TRACON& Tower with Radar,38,116,74,12,240,0,0,33,4,37,38,116,107,16,277,8,4,12,289
11/22/2005,DSM,IA,ACE,CE,Combined TRACON& Tower with Radar,81,127,96,10,314,0,0,27,8,35,81,127,123,18,349,12,14,26,375
11/23/2005,DSM,IA,ACE,CE,Combined TRACON& Tower with Radar,85,111,87,0,283,0,4,43,0,47,85,115,130,0,330,18,0,18,348
11/24/2005,DSM,IA,ACE,CE,Combined TRACON& Tower with Radar,31,92,11,0,134,0,0,17,0,17,31,92,28,0,151,0,0,0,151
11/25/2005,DSM,IA,ACE,CE,Combined TRACON& Tower with Radar,38,81,20,0,139,0,0,17,0,17,38,81,37,0,156,0,0,0,156
11/26/2005,DSM,IA,ACE,CE,Combined TRACON& Tower with Radar,42,97,44,0,183,0,0,38,0,38,42,97,82,0,221,36,0,36,257
11/27/2005,DSM,IA,ACE,CE,Combined TRACON& Tower with Radar,34,103,58,0,195,0,0,0,0,0,34,103,58,0,195,0,0,0,195
11/28/2005,DSM,IA,ACE,CE,Combined TRACON& Tower with Radar,42,112,59,0,213,0,0,5,0,5,42,112,64,0,218,0,0,0,218
11/29/2005,DSM,IA,ACE,CE,Combined TRACON& Tower with Radar,87,140,92,9,328,0,0,6,0,6,87,140,98,9,334,6,0,6,340
11/30/2005,DSM,IA,ACE,CE,Combined TRACON& Tower with Radar,109,104,100,13,326,0,9,26,1,36,109,113,126,14,362,0,2,2,364
12/01/2005,DSM,IA,ACE,CE,Combined TRACON& Tower with Radar,84,134,99,8,325,0,11,13,4,28,84,145,112,12,353,0,6,6,359
12/02/2005,DSM,IA,ACE,CE,Combined TRACON& Tower with Radar,48,120,78,8,254,0,12,24,0,36,48,132,102,8,290,18,12,30,320
12/03/2005,DSM,IA,ACE,CE,Combined TRACON& Tower with Radar,42,73,15,12,142,1,2,4,0,7,43,75,19,12,149,0,0,0,149
12/04/2005,DSM,IA,ACE,CE,Combined TRACON& Tower with Radar,37,93,36,0,166,0,0,30,0,30,37,93,66,0,196,4,0,4,200
12/05/2005,DSM,IA,ACE,CE,Combined TRACON& Tower with Radar,36,109,64,0,209,0,0,18,0,18,36,109,82,0,227,2,0,2,229
12/06/2005,DSM,IA,ACE,CE,Combined TRACON& Tower with Radar,82,134,105,11,332,0,2,15,0,17,82,136,120,11,349,0,14,14,363
12/07/2005,DSM,IA,ACE,CE,Combined TRACON& Tower with Radar,75,125,109,5,314,0,0,19,0,19,75,125,128,5,333,22,6,28,361
12/08/2005,DSM,IA,ACE,CE,Combined TRACON& Tower with Radar,85,130,79,4,298,0,0,3,0,3,85,130,82,4,301,0,0,0,301
12/09/2005,DSM,IA,ACE,CE,Combined TRACON& Tower with Radar,57,114,101,1,273,0,3,27,2,32,57,117,128,3,305,2,0,2,307
12/10/2005,DSM,IA,ACE,CE,Combined TRACON& Tower with Radar,59,54,22,8,143,0,0,4,0,4,59,54,26,8,147,0,4,4,151
12/11/2005,DSM,IA,ACE,CE,Combined TRACON& Tower with Radar,47,88,28,0,163,0,0,0,0,0,47,88,28,0,163,0,0,0,163
12/12/2005,DSM,IA,ACE,CE,Combined TRACON& Tower with Radar,49,110,76,0,235,0,0,10,0,10,49,110,86,0,245,6,0,6,251
12/13/2005,DSM,IA,ACE,CE,Combined TRACON& Tower with Radar,73,142,116,6,337,0,0,26,0,26,73,142,142,6,363,6,14,20,383
12/14/2005,DSM,IA,ACE,CE,Combined TRACON& Tower with Radar,87,120,70,3,280,0,0,6,1,7,87,120,76,4,287,16,0,16,303
12/15/2005,DSM,IA,ACE,CE,Combined TRACON& Tower with Radar,111,122,91,1,325,0,0,0,0,0,111,122,91,1,325,12,0,12,337
12/16/2005,DSM,IA,ACE,CE,Combined TRACON& Tower with Radar,87,114,82,2,285,0,0,3,5,8,87,114,85,7,293,0,0,0,293
12/17/2005,DSM,IA,ACE,CE,Combined TRACON& Tower with Radar,60,70,30,0,160,0,0,30,9,39,60,70,60,9,199,18,0,18,217
12/18/2005,DSM,IA,ACE,CE,Combined TRACON& Tower with Radar,46,86,35,1,168,0,0,32,0,32,46,86,67,1,200,10,0,10,210
12/19/2005,DSM,IA,ACE,CE,Combined TRACON& Tower with Radar,41,114,84,0,239,0,0,33,0,33,41,114,117,0,272,14,0,14,286
12/20/2005,DSM,IA,ACE,CE,Combined TRACON& Tower with Radar,83,142,85,13,323,0,0,31,0,31,83,142,116,13,354,12,10,22,376
12/21/2005,DSM,IA,ACE,CE,Combined TRACON& Tower with Radar,92,140,30,16,278,0,7,0,0,7,92,147,30,16,285,18,22,40,325
12/22/2005,DSM,IA,ACE,CE,Combined TRACON& Tower with Radar,97,129,73,0,299,0,3,42,0,45,97,132,115,0,344,16,0,16,360
12/23/2005,DSM,IA,ACE,CE,Combined TRACON& Tower with Radar,68,128,46,0,242,0,0,33,0,33,68,128,79,0,275,4,0,4,279
12/24/2005,DSM,IA,ACE,CE,Combined TRACON& Tower with Radar,48,73,9,0,130,0,0,1,0,1,48,73,10,0,131,0,0,0,131
12/25/2005,DSM,IA,ACE,CE,Combined TRACON& Tower with Radar,38,69,10,0,117,0,0,0,0,0,38,69,10,0,117,0,0,0,117
12/26/2005,DSM,IA,ACE,CE,Combined TRACON& Tower with Radar,37,95,46,0,178,0,0,12,0,12,37,95,58,0,190,8,0,8,198
12/27/2005,DSM,IA,ACE,CE,Combined TRACON& Tower with Radar,40,78,14,0,132,0,0,0,0,0,40,78,14,0,132,2,0,2,134
12/28/2005,DSM,IA,ACE,CE,Combined TRACON& Tower with Radar,68,121,47,9,245,0,0,0,0,0,68,121,47,9,245,0,0,0,245
12/29/2005,DSM,IA,ACE,CE,Combined TRACON& Tower with Radar,97,109,45,0,251,0,0,1,0,1,97,109,46,0,252,0,0,0,252
12/30/2005,DSM,IA,ACE,CE,Combined TRACON& Tower with Radar,76,107,38,0,221,0,0,0,0,0,76,107,38,0,221,4,0,4,225
12/31/2005,DSM,IA,ACE,CE,Combined TRACON& Tower with Radar,50,79,25,1,155,0,0,41,0,41,50,79,66,1,196,80,0,80,276
01/01/2006,DSM,IA,ACE,CE,Combined TRACON& Tower with Radar,54,83,26,0,163,0,2,17,0,19,54,85,43,0,182,10,0,10,192
01/02/2006,DSM,IA,ACE,CE,Combined TRACON& Tower with Radar,38,96,29,0,163,0,0,0,0,0,38,96,29,0,163,0,0,0,163
01/03/2006,DSM,IA,ACE,CE,Combined TRACON& Tower with Radar,45,117,72,8,242,0,0,0,0,0,45,117,72,8,242,0,0,0,242
01/04/2006,DSM,IA,ACE,CE,Combined TRACON& Tower with Radar,82,114,70,11,277,0,0,8,1,9,82,114,78,12,286,6,8,14,300
01/05/2006,DSM,IA,ACE,CE,Combined TRACON& Tower with Radar,67,131,75,30,303,0,0,2,0,2,67,131,77,30,305,10,0,10,315
01/06/2006,DSM,IA,ACE,CE,Combined TRACON& Tower with Radar,56,121,62,0,239,0,2,0,0,2,56,123,62,0,241,0,0,0,241
01/07/2006,DSM,IA,ACE,CE,Combined TRACON& Tower with Radar,41,79,26,18,164,0,0,76,3,79,41,79,102,21,243,80,14,94,337
01/08/2006,DSM,IA,ACE,CE,Combined TRACON& Tower with Radar,56,90,33,0,179,0,0,5,0,5,56,90,38,0,184,0,0,0,184
01/09/2006,DSM,IA,ACE,CE,Combined TRACON& Tower with Radar,42,106,69,0,217,0,3,34,0,37,42,109,103,0,254,18,0,18,272
01/10/2006,DSM,IA,ACE,CE,Combined TRACON& Tower with Radar,67,126,86,25,304,0,5,49,1,55,67,131,135,26,359,22,18,40,399
01/11/2006,DSM,IA,ACE,CE,Combined TRACON& Tower with Radar,62,129,94,11,296,0,8,51,0,59,62,137,145,11,355,26,16,42,397
01/12/2006,DSM,IA,ACE,CE,Combined TRACON& Tower with Radar,85,120,82,16,303,0,8,33,0,41,85,128,115,16,344,24,10,34,378
01/13/2006,DSM,IA,ACE,CE,Combined TRACON& Tower with Radar,54,122,85,0,261,0,9,3,0,12,54,131,88,0,273,2,0,2,275
01/14/2006,DSM,IA,ACE,CE,Combined TRACON& Tower with Radar,40,86,39,0,165,0,0,59,0,59,40,86,98,0,224,10,0,10,234
01/15/2006,DSM,IA,ACE,CE,Combined TRACON& Tower with Radar,38,89,38,0,165,0,0,27,0,27,38,89,65,0,192,20,0,20,212
01/16/2006,DSM,IA,ACE,CE,Combined TRACON& Tower with Radar,41,97,60,0,198,0,0,1,0,1,41,97,61,0,199,0,0,0,199
01/17/2006,DSM,IA,ACE,CE,Combined TRACON& Tower with Radar,60,106,106,12,284,0,4,17,1,22,60,110,123,13,306,0,0,0,306
01/18/2006,DSM,IA,ACE,CE,Combined TRACON& Tower with Radar,64,132,85,17,298,0,8,21,1,30,64,140,106,18,328,20,2,22,350
01/19/2006,DSM,IA,ACE,CE,Combined TRACON& Tower with Radar,85,122,80,13,300,0,0,31,2,33,85,122,111,15,333,12,4,16,349
01/20/2006,DSM,IA,ACE,CE,Combined TRACON& Tower with Radar,56,131,77,14,278,0,1,3,0,4,56,132,80,14,282,0,0,0,282
01/21/2006,DSM,IA,ACE,CE,Combined TRACON& Tower with Radar,41,87,44,6,178,0,0,0,0,0,41,87,44,6,178,6,0,6,184
01/22/2006,DSM,IA,ACE,CE,Combined TRACON& Tower with Radar,50,76,31,0,157,0,0,0,0,0,50,76,31,0,157,0,0,0,157
01/23/2006,DSM,IA,ACE,CE,Combined TRACON& Tower with Radar,46,99,85,0,230,0,1,11,0,12,46,100,96,0,242,0,0,0,242
01/24/2006,DSM,IA,ACE,CE,Combined TRACON& Tower with Radar,74,128,94,4,300,0,3,7,0,10,74,131,101,4,310,0,0,0,310
01/25/2006,DSM,IA,ACE,CE,Combined TRACON& Tower with Radar,61,123,98,12,294,0,6,56,0,62,61,129,154,12,356,32,8,40,396
01/26/2006,DSM,IA,ACE,CE,Combined TRACON& Tower with Radar,72,139,106,22,339,0,3,60,0,63,72,142,166,22,402,46,4,50,452
01/27/2006,DSM,IA,ACE,CE,Combined TRACON& Tower with Radar,60,112,84,14,270,0,5,34,2,41,60,117,118,16,311,14,8,22,333
01/28/2006,DSM,IA,ACE,CE,Combined TRACON& Tower with Radar,45,81,28,4,158,0,0,0,0,0,45,81,28,4,158,0,0,0,158
01/29/2006,DSM,IA,ACE,CE,Combined TRACON& Tower with Radar,45,91,42,0,178,0,0,0,0,0,45,91,42,0,178,0,0,0,178
01/30/2006,DSM,IA,ACE,CE,Combined TRACON& Tower with Radar,43,96,67,0,206,0,0,7,0,7,43,96,74,0,213,0,0,0,213
01/31/2006,DSM,IA,ACE,CE,Combined TRACON& Tower with Radar,60,137,79,8,284,0,2,36,0,38,60,139,115,8,322,16,0,16,338
02/01/2006,DSM,IA,ACE,CE,Combined TRACON& Tower with Radar,65,117,95,12,289,0,4,25,4,33,65,121,120,16,322,6,10,16,338
02/02/2006,DSM,IA,ACE,CE,Combined TRACON& Tower with Radar,69,140,88,8,305,0,0,31,0,31,69,140,119,8,336,32,16,48,384
02/03/2006,DSM,IA,ACE,CE,Combined TRACON& Tower with Radar,53,117,60,6,236,0,7,11,0,18,53,124,71,6,254,6,8,14,268
02/04/2006,DSM,IA,ACE,CE,Combined TRACON& Tower with Radar,43,79,31,21,174,0,0,19,4,23,43,79,50,25,197,0,32,32,229
02/05/2006,DSM,IA,ACE,CE,Combined TRACON& Tower with Radar,42,93,32,0,167,0,0,24,0,24,42,93,56,0,191,40,0,40,231
02/06/2006,DSM,IA,ACE,CE,Combined TRACON& Tower with Radar,42,100,59,0,201,0,0,24,0,24,42,100,83,0,225,2,0,2,227
02/07/2006,DSM,IA,ACE,CE,Combined TRACON& Tower with Radar,60,133,97,11,301,0,5,18,0,23,60,138,115,11,324,0,20,20,344
02/08/2006,DSM,IA,ACE,CE,Combined TRACON& Tower with Radar,69,114,104,4,291,0,6,17,0,23,69,120,121,4,314,2,12,14,328
02/09/2006,DSM,IA,ACE,CE,Combined TRACON& Tower with Radar,72,130,102,12,316,0,3,22,0,25,72,133,124,12,341,0,0,0,341
02/10/2006,DSM,IA,ACE,CE,Combined TRACON& Tower with Radar,50,113,101,8,272,0,3,9,0,12,50,116,110,8,284,16,0,16,300
02/11/2006,DSM,IA,ACE,CE,Combined TRACON& Tower with Radar,49,69,37,7,162,0,0,7,1,8,49,69,44,8,170,18,0,18,188
02/12/2006,DSM,IA,ACE,CE,Combined TRACON& Tower with Radar,53,78,37,4,172,0,3,15,0,18,53,81,52,4,190,2,0,2,192
02/13/2006,DSM,IA,ACE,CE,Combined TRACON& Tower with Radar,42,101,59,0,202,0,0,13,0,13,42,101,72,0,215,10,0,10,225
02/14/2006,DSM,IA,ACE,CE,Combined TRACON& Tower with Radar,71,125,99,4,299,0,6,26,0,32,71,131,125,4,331,4,0,4,335
02/15/2006,DSM,IA,ACE,CE,Combined TRACON& Tower with Radar,66,124,101,4,295,0,2,27,0,29,66,126,128,4,324,0,0,0,324
02/16/2006,DSM,IA,ACE,CE,Combined TRACON& Tower with Radar,65,120,73,0,258,0,0,1,0,1,65,120,74,0,259,0,0,0,259
02/17/2006,DSM,IA,ACE,CE,Combined TRACON& Tower with Radar,58,135,71,0,264,0,9,20,0,29,58,144,91,0,293,10,0,10,303
02/18/2006,DSM,IA,ACE,CE,Combined TRACON& Tower with Radar,35,76,19,0,130,0,6,13,0,19,35,82,32,0,149,0,0,0,149
02/19/2006,DSM,IA,ACE,CE,Combined TRACON& Tower with Radar,46,82,28,2,158,0,0,20,0,20,46,82,48,2,178,26,2,28,206
02/20/2006,DSM,IA,ACE,CE,Combined TRACON& Tower with Radar,33,111,52,2,198,0,0,15,0,15,33,111,67,2,213,6,0,6,219
02/21/2006,DSM,IA,ACE,CE,Combined TRACON& Tower with Radar,58,123,76,0,257,0,13,30,0,43,58,136,106,0,300,10,0,10,310
02/22/2006,DSM,IA,ACE,CE,Combined TRACON& Tower with Radar,61,131,122,7,321,0,4,60,2,66,61,135,182,9,387,8,0,8,395
02/23/2006,DSM,IA,ACE,CE,Combined TRACON& Tower with Radar,60,146,112,1,319,0,1,39,2,42,60,147,151,3,361,6,2,8,369
02/24/2006,DSM,IA,ACE,CE,Combined TRACON& Tower with Radar,70,117,77,0,264,0,3,27,0,30,70,120,104,0,294,16,0,16,310
02/25/2006,DSM,IA,ACE,CE,Combined TRACON& Tower with Radar,55,68,21,10,154,0,1,23,0,24,55,69,44,10,178,16,18,34,212
02/26/2006,DSM,IA,ACE,CE,Combined TRACON& Tower with Radar,47,86,45,1,179,0,0,0,0,0,47,86,45,1,179,0,0,0,179
02/27/2006,DSM,IA,ACE,CE,Combined TRACON& Tower with Radar,38,114,64,0,216,0,0,26,0,26,38,114,90,0,242,10,0,10,252
02/28/2006,DSM,IA,ACE,CE,Combined TRACON& Tower with Radar,55,140,106,8,309,0,1,42,0,43,55,141,148,8,352,28,16,44,396
03/01/2006,DSM,IA,ACE,CE,Combined TRACON& Tower with Radar,63,119,107,11,300,0,4,32,0,36,63,123,139,11,336,0,16,16,352
03/02/2006,DSM,IA,ACE,CE,Combined TRACON& Tower with Radar,61,141,104,19,325,0,2,35,3,40,61,143,139,22,365,8,14,22,387
03/03/2006,DSM,IA,ACE,CE,Combined TRACON& Tower with Radar,66,110,72,13,261,0,1,22,0,23,66,111,94,13,284,0,2,2,286
03/04/2006,DSM,IA,ACE,CE,Combined TRACON& Tower with Radar,41,84,46,17,188,0,6,11,0,17,41,90,57,17,205,2,0,2,207
03/05/2006,DSM,IA,ACE,CE,Combined TRACON& Tower with Radar,49,80,27,2,158,0,0,0,0,0,49,80,27,2,158,0,0,0,158
03/06/2006,DSM,IA,ACE,CE,Combined TRACON& Tower with Radar,47,112,68,0,227,0,2,20,1,23,47,114,88,1,250,16,0,16,266
03/07/2006,DSM,IA,ACE,CE,Combined TRACON& Tower with Radar,63,138,96,14,311,0,10,11,1,22,63,148,107,15,333,10,8,18,351
03/08/2006,DSM,IA,ACE,CE,Combined TRACON& Tower with Radar,62,126,128,15,331,0,0,0,0,0,62,126,128,15,331,0,0,0,331
03/09/2006,DSM,IA,ACE,CE,Combined TRACON& Tower with Radar,95,109,94,18,316,0,2,14,0,16,95,111,108,18,332,8,0,8,340
03/10/2006,DSM,IA,ACE,CE,Combined TRACON& Tower with Radar,52,124,102,15,293,0,6,41,0,47,52,130,143,15,340,6,16,22,362
03/11/2006,DSM,IA,ACE,CE,Combined TRACON& Tower with Radar,37,83,35,2,157,0,0,41,2,43,37,83,76,4,200,12,0,12,212
03/12/2006,DSM,IA,ACE,CE,Combined TRACON& Tower with Radar,53,75,30,2,160,0,0,14,0,14,53,75,44,2,174,12,0,12,186
03/13/2006,DSM,IA,ACE,CE,Combined TRACON& Tower with Radar,46,97,66,3,212,0,0,4,0,4,46,97,70,3,216,0,0,0,216
03/14/2006,DSM,IA,ACE,CE,Combined TRACON& Tower with Radar,61,141,81,15,298,0,4,40,1,45,61,145,121,16,343,0,0,0,343
03/15/2006,DSM,IA,ACE,CE,Combined TRACON& Tower with Radar,66,140,105,15,326,0,6,36,1,43,66,146,141,16,369,18,6,24,393
03/16/2006,DSM,IA,ACE,CE,Combined TRACON& Tower with Radar,60,149,81,8,298,0,11,8,0,19,60,160,89,8,317,2,0,2,319
03/17/2006,DSM,IA,ACE,CE,Combined TRACON& Tower with Radar,53,128,83,9,273,0,8,39,0,47,53,136,122,9,320,0,4,4,324
03/18/2006,DSM,IA,ACE,CE,Combined TRACON& Tower with Radar,50,69,43,14,176,0,0,30,0,30,50,69,73,14,206,20,26,46,252
03/19/2006,DSM,IA,ACE,CE,Combined TRACON& Tower with Radar,42,97,37,4,180,0,0,20,0,20,42,97,57,4,200,8,0,8,208
03/20/2006,DSM,IA,ACE,CE,Combined TRACON& Tower with Radar,36,110,54,0,200,0,1,6,0,7,36,111,60,0,207,0,0,0,207
03/21/2006,DSM,IA,ACE,CE,Combined TRACON& Tower with Radar,59,126,64,2,251,0,2,10,0,12,59,128,74,2,263,0,0,0,263
03/22/2006,DSM,IA,ACE,CE,Combined TRACON& Tower with Radar,66,134,96,9,305,0,5,25,0,30,66,139,121,9,335,0,0,0,335
03/23/2006,DSM,IA,ACE,CE,Combined TRACON& Tower with Radar,64,135,86,0,285,0,4,32,0,36,64,139,118,0,321,12,0,12,333
03/24/2006,DSM,IA,ACE,CE,Combined TRACON& Tower with Radar,52,130,68,15,265,0,0,19,2,21,52,130,87,17,286,0,0,0,286
03/25/2006,DSM,IA,ACE,CE,Combined TRACON& Tower with Radar,42,84,38,3,167,0,0,49,0,49,42,84,87,3,216,12,0,12,228
03/26/2006,DSM,IA,ACE,CE,Combined TRACON& Tower with Radar,40,97,35,2,174,0,0,40,1,41,40,97,75,3,215,20,0,20,235
03/27/2006,DSM,IA,ACE,CE,Combined TRACON& Tower with Radar,45,106,84,0,235,0,0,0,0,0,45,106,84,0,235,0,0,0,235
03/28/2006,DSM,IA,ACE,CE,Combined TRACON& Tower with Radar,59,135,100,10,304,0,0,10,0,10,59,135,110,10,314,20,6,26,340
03/29/2006,DSM,IA,ACE,CE,Combined TRACON& Tower with Radar,72,124,108,16,320,0,3,26,0,29,72,127,134,16,349,12,6,18,367
03/30/2006,DSM,IA,ACE,CE,Combined TRACON& Tower with Radar,72,135,93,0,300,0,3,12,0,15,72,138,105,0,315,2,0,2,317
03/31/2006,DSM,IA,ACE,CE,Combined TRACON& Tower with Radar,48,123,89,6,266,0,6,13,0,19,48,129,102,6,285,0,0,0,285
04/01/2006,DSM,IA,ACE,CE,Combined TRACON& Tower with Radar,39,80,35,9,163,0,0,28,1,29,39,80,63,10,192,34,10,44,236
04/02/2006,DSM,IA,ACE,CE,Combined TRACON& Tower with Radar,50,81,25,0,156,0,0,1,0,1,50,81,26,0,157,4,0,4,161
04/03/2006,DSM,IA,ACE,CE,Combined TRACON& Tower with Radar,36,106,72,2,216,0,4,17,0,21,36,110,89,2,237,12,0,12,249
04/04/2006,DSM,IA,ACE,CE,Combined TRACON& Tower with Radar,56,130,73,11,270,0,5,47,1,53,56,135,120,12,323,30,20,50,373
04/05/2006,DSM,IA,ACE,CE,Combined TRACON& Tower with Radar,66,127,146,9,348,0,0,28,1,29,66,127,174,10,377,12,16,28,405
04/06/2006,DSM,IA,ACE,CE,Combined TRACON& Tower with Radar,70,131,79,11,291,0,0,11,1,12,70,131,90,12,303,16,2,18,321
04/07/2006,DSM,IA,ACE,CE,Combined TRACON& Tower with Radar,64,105,83,11,263,0,0,6,0,6,64,105,89,11,269,0,0,0,269
04/08/2006,DSM,IA,ACE,CE,Combined TRACON& Tower with Radar,39,76,35,5,155,0,0,68,0,68,39,76,103,5,223,28,0,28,251
04/09/2006,DSM,IA,ACE,CE,Combined TRACON& Tower with Radar,43,92,35,0,170,1,0,23,0,24,44,92,58,0,194,2,0,2,196
04/10/2006,DSM,IA,ACE,CE,Combined TRACON& Tower with Radar,42,111,52,3,208,0,4,44,0,48,42,115,96,3,256,0,0,0,256
04/11/2006,DSM,IA,ACE,CE,Combined TRACON& Tower with Radar,73,108,78,5,264,0,3,19,0,22,73,111,97,5,286,12,0,12,298
04/12/2006,DSM,IA,ACE,CE,Combined TRACON& Tower with Radar,64,132,102,12,310,0,0,0,0,0,64,132,102,12,310,8,14,22,332
04/13/2006,DSM,IA,ACE,CE,Combined TRACON& Tower with Radar,65,138,96,12,311,0,4,41,1,46,65,142,137,13,357,16,12,28,385
04/14/2006,DSM,IA,ACE,CE,Combined TRACON& Tower with Radar,49,114,53,12,228,0,6,55,0,61,49,120,108,12,289,2,12,14,303
04/15/2006,DSM,IA,ACE,CE,Combined TRACON& Tower with Radar,35,74,17,0,126,0,0,37,0,37,35,74,54,0,163,4,0,4,167
04/16/2006,DSM,IA,ACE,CE,Combined TRACON& Tower with Radar,42,86,22,0,150,0,0,5,0,5,42,86,27,0,155,0,0,0,155
04/17/2006,DSM,IA,ACE,CE,Combined TRACON& Tower with Radar,31,112,78,1,222,0,2,31,0,33,31,114,109,1,255,4,0,4,259
04/18/2006,DSM,IA,ACE,CE,Combined TRACON& Tower with Radar,58,140,101,7,306,0,2,26,0,28,58,142,127,7,334,22,20,42,376
04/19/2006,DSM,IA,ACE,CE,Combined TRACON& Tower with Radar,58,125,88,11,282,0,6,28,0,34,58,131,116,11,316,6,4,10,326
04/20/2006,DSM,IA,ACE,CE,Combined TRACON& Tower with Radar,68,144,109,13,334,0,3,35,0,38,68,147,144,13,372,28,16,44,416
04/21/2006,DSM,IA,ACE,CE,Combined TRACON& Tower with Radar,53,115,109,17,294,0,13,44,0,57,53,128,153,17,351,12,42,54,405
04/22/2006,DSM,IA,ACE,CE,Combined TRACON& Tower with Radar,33,85,46,10,174,0,0,59,1,60,33,85,105,11,234,0,10,10,244
04/23/2006,DSM,IA,ACE,CE,Combined TRACON& Tower with Radar,44,94,41,0,179,0,0,56,2,58,44,94,97,2,237,42,0,42,279
04/24/2006,DSM,IA,ACE,CE,Combined TRACON& Tower with Radar,30,122,66,3,221,0,3,32,0,35,30,125,98,3,256,8,0,8,264
04/25/2006,DSM,IA,ACE,CE,Combined TRACON& Tower with Radar,59,129,88,12,288,0,0,5,0,5,59,129,93,12,293,0,0,0,293
04/26/2006,DSM,IA,ACE,CE,Combined TRACON& Tower with Radar,58,133,102,11,304,0,1,45,0,46,58,134,147,11,350,18,42,60,410
04/27/2006,DSM,IA,ACE,CE,Combined TRACON& Tower with Radar,61,140,90,13,304,0,0,0,0,0,61,140,90,13,304,6,4,10,314
04/28/2006,DSM,IA,ACE,CE,Combined TRACON& Tower with Radar,57,119,67,2,245,0,7,14,0,21,57,126,81,2,266,18,0,18,284
04/29/2006,DSM,IA,ACE,CE,Combined TRACON& Tower with Radar,35,91,27,0,153,0,0,0,0,0,35,91,27,0,153,0,0,0,153
04/30/2006,DSM,IA,ACE,CE,Combined TRACON& Tower with Radar,42,91,36,9,178,0,0,0,0,0,42,91,36,9,178,2,0,2,180
05/01/2006,DSM,IA,ACE,CE,Combined TRACON& Tower with Radar,46,103,89,0,238,414,1,25,0,440,460,104,114,0,678,12,0,12,690
05/02/2006,DSM,IA,ACE,CE,Combined TRACON& Tower with Radar,64,125,93,12,294,0,11,32,0,43,64,136,125,12,337,8,12,20,357
05/03/2006,DSM,IA,ACE,CE,Combined TRACON& Tower with Radar,65,126,109,11,311,0,11,39,0,50,65,137,148,11,361,30,10,40,401
05/04/2006,DSM,IA,ACE,CE,Combined TRACON& Tower with Radar,69,124,104,8,305,0,7,49,0,56,69,131,153,8,361,14,12,26,387
05/05/2006,DSM,IA,ACE,CE,Combined TRACON& Tower with Radar,56,123,76,12,267,0,9,47,0,56,56,132,123,12,323,12,14,26,349
05/06/2006,DSM,IA,ACE,CE,Combined TRACON& Tower with Radar,35,84,45,7,171,0,0,49,5,54,35,84,94,12,225,48,8,56,281
05/07/2006,DSM,IA,ACE,CE,Combined TRACON& Tower with Radar,44,81,45,0,170,0,0,33,0,33,44,81,78,0,203,0,0,0,203
05/08/2006,DSM,IA,ACE,CE,Combined TRACON& Tower with Radar,36,113,75,0,224,0,0,19,4,23,36,113,94,4,247,0,0,0,247
05/09/2006,DSM,IA,ACE,CE,Combined TRACON& Tower with Radar,54,120,83,9,266,0,3,32,0,35,54,123,115,9,301,24,12,36,337
05/10/2006,DSM,IA,ACE,CE,Combined TRACON& Tower with Radar,70,125,115,12,322,0,11,28,4,43,70,136,143,16,365,12,6,18,383
05/11/2006,DSM,IA,ACE,CE,Combined TRACON& Tower with Radar,73,110,112,20,315,0,2,15,0,17,73,112,127,20,332,0,8,8,340
05/12/2006,DSM,IA,ACE,CE,Combined TRACON& Tower with Radar,54,113,76,17,260,0,4,35,1,40,54,117,111,18,300,0,34,34,334
05/13/2006,DSM,IA,ACE,CE,Combined TRACON& Tower with Radar,43,71,26,3,143,0,0,6,0,6,43,71,32,3,149,6,0,6,155
05/14/2006,DSM,IA,ACE,CE,Combined TRACON& Tower with Radar,50,77,29,2,158,0,0,8,0,8,50,77,37,2,166,2,0,2,168
05/15/2006,DSM,IA,ACE,CE,Combined TRACON& Tower with Radar,33,108,128,0,269,0,0,8,0,8,33,108,136,0,277,24,0,24,301
05/16/2006,DSM,IA,ACE,CE,Combined TRACON& Tower with Radar,57,136,95,7,295,0,5,33,2,40,57,141,128,9,335,34,0,34,369
05/17/2006,DSM,IA,ACE,CE,Combined TRACON& Tower with Radar,62,135,117,10,324,0,11,28,2,41,62,146,145,12,365,8,14,22,387
05/18/2006,DSM,IA,ACE,CE,Combined TRACON& Tower with Radar,67,137,101,13,318,0,5,44,1,50,67,142,145,14,368,10,4,14,382
05/19/2006,DSM,IA,ACE,CE,Combined TRACON& Tower with Radar,51,125,81,11,268,0,8,68,1,77,51,133,149,12,345,6,0,6,351
05/20/2006,DSM,IA,ACE,CE,Combined TRACON& Tower with Radar,32,73,22,9,136,0,0,37,4,41,32,73,59,13,177,20,12,32,209
05/21/2006,DSM,IA,ACE,CE,Combined TRACON& Tower with Radar,42,86,34,1,163,0,0,28,6,34,42,86,62,7,197,0,0,0,197
05/22/2006,DSM,IA,ACE,CE,Combined TRACON& Tower with Radar,37,108,80,1,226,0,0,45,0,45,37,108,125,1,271,22,0,22,293
05/23/2006,DSM,IA,ACE,CE,Combined TRACON& Tower with Radar,67,119,105,11,302,0,6,33,0,39,67,125,138,11,341,16,18,34,375
05/24/2006,DSM,IA,ACE,CE,Combined TRACON& Tower with Radar,59,126,115,15,315,0,3,35,1,39,59,129,150,16,354,10,14,24,378
05/25/2006,DSM,IA,ACE,CE,Combined TRACON& Tower with Radar,67,121,104,14,306,1,7,13,0,21,68,128,117,14,327,4,16,20,347
05/26/2006,DSM,IA,ACE,CE,Combined TRACON& Tower with Radar,73,102,78,0,253,0,9,41,0,50,73,111,119,0,303,22,0,22,325
05/27/2006,DSM,IA,ACE,CE,Combined TRACON& Tower with Radar,34,77,30,0,141,0,0,18,0,18,34,77,48,0,159,24,0,24,183
05/28/2006,DSM,IA,ACE,CE,Combined TRACON& Tower with Radar,39,79,16,3,137,0,0,17,0,17,39,79,33,3,154,4,6,10,164
05/29/2006,DSM,IA,ACE,CE,Combined TRACON& Tower with Radar,36,90,37,2,165,0,0,28,2,30,36,90,65,4,195,20,4,24,219
05/30/2006,DSM,IA,ACE,CE,Combined TRACON& Tower with Radar,43,91,64,9,207,0,8,25,0,33,43,99,89,9,240,2,4,6,246
05/31/2006,DSM,IA,ACE,CE,Combined TRACON& Tower with Radar,65,134,119,12,330,0,5,52,0,57,65,139,171,12,387,46,34,80,467
06/01/2006,DSM,IA,ACE,CE,Combined TRACON& Tower with Radar,67,134,101,9,311,0,2,54,0,56,67,136,155,9,367,22,4,26,393
06/02/2006,DSM,IA,ACE,CE,Combined TRACON& Tower with Radar,57,124,89,10,280,0,0,64,0,64,57,124,153,10,344,12,30,42,386
06/03/2006,DSM,IA,ACE,CE,Combined TRACON& Tower with Radar,37,76,31,11,155,0,0,46,2,48,37,76,77,13,203,12,4,16,219
06/04/2006,DSM,IA,ACE,CE,Combined TRACON& Tower with Radar,46,10,46,0,102,0,0,36,0,36,46,10,82,0,138,14,0,14,152
06/05/2006,DSM,IA,ACE,CE,Combined TRACON& Tower with Radar,47,107,95,0,249,0,0,38,0,38,47,107,133,0,287,12,0,12,299
06/06/2006,DSM,IA,ACE,CE,Combined TRACON& Tower with Radar,59,136,86,10,291,0,8,37,1,46,59,144,123,11,337,0,14,14,351
06/07/2006,DSM,IA,ACE,CE,Combined TRACON& Tower with Radar,61,132,98,7,298,0,7,37,1,45,61,139,135,8,343,6,4,10,353
06/08/2006,DSM,IA,ACE,CE,Combined TRACON& Tower with Radar,71,132,102,8,313,0,3,65,0,68,71,135,167,8,381,6,4,10,391
06/09/2006,DSM,IA,ACE,CE,Combined TRACON& Tower with Radar,59,118,101,11,289,0,0,38,1,39,59,118,139,12,328,8,8,16,344
06/10/2006,DSM,IA,ACE,CE,Combined TRACON& Tower with Radar,46,78,40,8,172,0,0,7,0,7,46,78,47,8,179,0,0,0,179
06/11/2006,DSM,IA,ACE,CE,Combined TRACON& Tower with Radar,64,68,49,4,185,0,0,18,0,18,64,68,67,4,203,12,0,12,215
06/12/2006,DSM,IA,ACE,CE,Combined TRACON& Tower with Radar,42,105,79,0,226,0,3,49,0,52,42,108,128,0,278,28,0,28,306
06/13/2006,DSM,IA,ACE,CE,Combined TRACON& Tower with Radar,63,124,97,7,291,2,7,40,2,51,65,131,137,9,342,20,4,24,366
06/14/2006,DSM,IA,ACE,CE,Combined TRACON& Tower with Radar,72,124,93,9,298,0,13,41,3,57,72,137,134,12,355,14,14,28,383
06/15/2006,DSM,IA,ACE,CE,Combined TRACON& Tower with Radar,69,137,81,8,295,0,4,26,0,30,69,141,107,8,325,6,8,14,339
06/16/2006,DSM,IA,ACE,CE,Combined TRACON& Tower with Radar,70,123,74,8,275,0,5,26,0,31,70,128,100,8,306,18,4,22,328
06/17/2006,DSM,IA,ACE,CE,Combined TRACON& Tower with Radar,46,83,33,2,164,0,0,15,0,15,46,83,48,2,179,4,0,4,183
06/18/2006,DSM,IA,ACE,CE,Combined TRACON& Tower with Radar,45,87,40,0,172,0,0,22,0,22,45,87,62,0,194,0,0,0,194
06/19/2006,DSM,IA,ACE,CE,Combined TRACON& Tower with Radar,45,99,80,0,224,0,5,31,0,36,45,104,111,0,260,0,0,0,260
06/20/2006,DSM,IA,ACE,CE,Combined TRACON& Tower with Radar,66,134,87,6,293,0,13,29,0,42,66,147,116,6,335,32,0,32,367
06/21/2006,DSM,IA,ACE,CE,Combined TRACON& Tower with Radar,79,106,106,10,301,0,8,39,0,47,79,114,145,10,348,28,12,40,388
06/22/2006,DSM,IA,ACE,CE,Combined TRACON& Tower with Radar,0,0,0,0,0,63,142,165,9,379,63,142,165,9,379,20,10,30,409
06/23/2006,DSM,IA,ACE,CE,Combined TRACON& Tower with Radar,70,109,101,14,294,0,0,56,0,56,70,109,157,14,350,12,4,16,366
06/24/2006,DSM,IA,ACE,CE,Combined TRACON& Tower with Radar,52,71,37,0,160,0,0,39,0,39,52,71,76,0,199,18,0,18,217
06/25/2006,DSM,IA,ACE,CE,Combined TRACON& Tower with Radar,44,92,54,2,192,0,0,11,0,11,44,92,65,2,203,0,0,0,203
06/26/2006,DSM,IA,ACE,CE,Combined TRACON& Tower with Radar,38,110,83,0,231,0,0,37,0,37,38,110,120,0,268,26,0,26,294
06/27/2006,DSM,IA,ACE,CE,Combined TRACON& Tower with Radar,55,132,114,4,305,0,6,33,0,39,55,138,147,4,344,6,0,6,350
06/28/2006,DSM,IA,ACE,CE,Combined TRACON& Tower with Radar,59,127,131,10,327,0,3,42,0,45,59,130,173,10,372,0,0,0,372
06/29/2006,DSM,IA,ACE,CE,Combined TRACON& Tower with Radar,78,127,112,8,325,1,6,45,0,52,79,133,157,8,377,24,4,28,405
06/30/2006,DSM,IA,ACE,CE,Combined TRACON& Tower with Radar,56,121,108,0,285,0,0,37,0,37,56,121,145,0,322,0,0,0,322
07/01/2006,DSM,IA,ACE,CE,Combined TRACON& Tower with Radar,49,515,23,3,590,0,0,4,0,4,49,515,27,3,594,2,0,2,596
07/02/2006,DSM,IA,ACE,CE,Combined TRACON& Tower with Radar,60,75,67,0,202,0,0,0,0,0,60,75,67,0,202,0,0,0,202
07/03/2006,DSM,IA,ACE,CE,Combined TRACON& Tower with Radar,39,91,43,0,173,0,0,28,0,28,39,91,71,0,201,14,0,14,215
07/04/2006,DSM,IA,ACE,CE,Combined TRACON& Tower with Radar,28,102,20,0,150,0,3,30,4,37,28,105,50,4,187,10,0,10,197
07/05/2006,DSM,IA,ACE,CE,Combined TRACON& Tower with Radar,50,104,78,2,234,0,7,47,0,54,50,111,125,2,288,8,2,10,298
07/06/2006,DSM,IA,ACE,CE,Combined TRACON& Tower with Radar,69,124,105,10,308,0,3,64,0,67,69,127,169,10,375,54,6,60,435
07/07/2006,DSM,IA,ACE,CE,Combined TRACON& Tower with Radar,57,149,101,11,318,0,1,45,0,46,57,150,146,11,364,0,10,10,374
07/08/2006,DSM,IA,ACE,CE,Combined TRACON& Tower with Radar,53,472,37,3,565,0,0,17,0,17,53,472,54,3,582,0,0,0,582
07/09/2006,DSM,IA,ACE,CE,Combined TRACON& Tower with Radar,51,78,43,3,175,0,0,39,0,39,51,78,82,3,214,16,0,16,230
07/10/2006,DSM,IA,ACE,CE,Combined TRACON& Tower with Radar,42,104,70,0,216,0,0,9,0,9,42,104,79,0,225,0,0,0,225
07/11/2006,DSM,IA,ACE,CE,Combined TRACON& Tower with Radar,62,132,111,12,317,0,6,11,0,17,62,138,122,12,334,14,12,26,360
07/12/2006,DSM,IA,ACE,CE,Combined TRACON& Tower with Radar,71,125,103,15,314,0,0,0,0,0,71,125,103,15,314,160,0,160,474
07/13/2006,DSM,IA,ACE,CE,Combined TRACON& Tower with Radar,72,146,91,10,319,0,0,24,0,24,72,146,115,10,343,24,22,46,389
07/14/2006,DSM,IA,ACE,CE,Combined TRACON& Tower with Radar,58,128,109,10,305,0,2,56,0,58,58,130,165,10,363,14,24,38,401
07/15/2006,DSM,IA,ACE,CE,Combined TRACON& Tower with Radar,47,84,44,7,182,0,2,45,0,47,47,86,89,7,229,10,12,22,251
07/16/2006,DSM,IA,ACE,CE,Combined TRACON& Tower with Radar,49,80,28,1,158,0,0,42,0,42,49,80,70,1,200,8,0,8,208
07/17/2006,DSM,IA,ACE,CE,Combined TRACON& Tower with Radar,45,115,80,11,251,0,0,32,0,32,45,115,112,11,283,14,8,22,305
07/18/2006,DSM,IA,ACE,CE,Combined TRACON& Tower with Radar,59,138,113,10,320,0,8,48,0,56,59,146,161,10,376,4,12,16,392
07/19/2006,DSM,IA,ACE,CE,Combined TRACON& Tower with Radar,65,122,114,6,307,0,3,36,1,40,65,125,150,7,347,14,0,14,361
07/20/2006,DSM,IA,ACE,CE,Combined TRACON& Tower with Radar,68,133,78,16,295,0,8,47,0,55,68,141,125,16,350,38,8,46,396
07/21/2006,DSM,IA,ACE,CE,Combined TRACON& Tower with Radar,62,117,86,4,269,0,8,55,0,63,62,125,141,4,332,6,0,6,338
07/22/2006,DSM,IA,ACE,CE,Combined TRACON& Tower with Radar,54,75,40,0,169,0,0,37,0,37,54,75,77,0,206,14,0,14,220
07/23/2006,DSM,IA,ACE,CE,Combined TRACON& Tower with Radar,58,71,38,2,169,0,0,17,0,17,58,71,55,2,186,0,0,0,186
07/24/2006,DSM,IA,ACE,CE,Combined TRACON& Tower with Radar,41,112,81,0,234,0,0,15,0,15,41,112,96,0,249,8,0,8,257
07/25/2006,DSM,IA,ACE,CE,Combined TRACON& Tower with Radar,59,150,90,4,303,0,24,20,0,44,59,174,110,4,347,32,0,32,379
07/26/2006,DSM,IA,ACE,CE,Combined TRACON& Tower with Radar,65,127,81,8,281,0,4,44,0,48,65,131,125,8,329,8,12,20,349
07/27/2006,DSM,IA,ACE,CE,Combined TRACON& Tower with Radar,75,138,108,12,333,0,12,47,1,60,75,150,155,13,393,20,4,24,417
07/28/2006,DSM,IA,ACE,CE,Combined TRACON& Tower with Radar,58,127,87,8,280,0,7,40,0,47,58,134,127,8,327,22,0,22,349
07/29/2006,DSM,IA,ACE,CE,Combined TRACON& Tower with Radar,52,82,36,2,172,0,0,0,0,0,52,82,36,2,172,2,0,2,174
07/30/2006,DSM,IA,ACE,CE,Combined TRACON& Tower with Radar,45,82,53,0,180,12,0,30,0,42,57,82,83,0,222,2,0,2,224
07/31/2006,DSM,IA,ACE,CE,Combined TRACON& Tower with Radar,35,119,66,0,220,0,0,13,0,13,35,119,79,0,233,36,0,36,269
08/01/2006,DSM,IA,ACE,CE,Combined TRACON& Tower with Radar,66,129,95,17,307,0,3,24,0,27,66,132,119,17,334,2,26,28,362
08/02/2006,DSM,IA,ACE,CE,Combined TRACON& Tower with Radar,61,115,111,17,304,0,5,37,0,42,61,120,148,17,346,4,16,20,366
08/03/2006,DSM,IA,ACE,CE,Combined TRACON& Tower with Radar,67,119,110,12,308,0,8,45,0,53,67,127,155,12,361,6,8,14,375
08/04/2006,DSM,IA,ACE,CE,Combined TRACON& Tower with Radar,60,127,90,3,280,0,2,63,0,65,60,129,153,3,345,42,0,42,387
08/05/2006,DSM,IA,ACE,CE,Combined TRACON& Tower with Radar,41,79,29,6,155,0,0,23,2,25,41,79,52,8,180,26,0,26,206
08/06/2006,DSM,IA,ACE,CE,Combined TRACON& Tower with Radar,49,83,44,1,177,0,1,31,0,32,49,84,75,1,209,0,0,0,209
08/07/2006,DSM,IA,ACE,CE,Combined TRACON& Tower with Radar,38,106,79,1,224,0,0,38,0,38,38,106,117,1,262,38,0,38,300
08/08/2006,DSM,IA,ACE,CE,Combined TRACON& Tower with Radar,64,133,75,1,273,0,0,6,0,6,64,133,81,1,279,0,0,0,279
08/09/2006,DSM,IA,ACE,CE,Combined TRACON& Tower with Radar,67,135,118,0,320,0,0,43,2,45,67,135,161,2,365,26,0,26,391
08/10/2006,DSM,IA,ACE,CE,Combined TRACON& Tower with Radar,68,132,89,0,289,0,0,51,0,51,68,132,140,0,340,12,0,12,352
08/11/2006,DSM,IA,ACE,CE,Combined TRACON& Tower with Radar,55,128,103,4,290,0,0,26,0,26,55,128,129,4,316,20,2,22,338
08/12/2006,DSM,IA,ACE,CE,Combined TRACON& Tower with Radar,44,86,40,0,170,0,0,19,0,19,44,86,59,0,189,8,0,8,197
08/13/2006,DSM,IA,ACE,CE,Combined TRACON& Tower with Radar,53,88,36,0,177,0,0,9,0,9,53,88,45,0,186,0,0,0,186
08/14/2006,DSM,IA,ACE,CE,Combined TRACON& Tower with Radar,39,114,62,0,215,0,2,38,0,40,39,116,100,0,255,66,0,66,321
08/15/2006,DSM,IA,ACE,CE,Combined TRACON& Tower with Radar,63,144,104,0,311,0,0,53,0,53,63,144,157,0,364,12,0,12,376
08/16/2006,DSM,IA,ACE,CE,Combined TRACON& Tower with Radar,72,128,99,2,301,0,1,63,1,65,72,129,162,3,366,18,0,18,384
08/17/2006,DSM,IA,ACE,CE,Combined TRACON& Tower with Radar,67,140,96,4,307,0,3,7,0,10,67,143,103,4,317,6,0,6,323
08/18/2006,DSM,IA,ACE,CE,Combined TRACON& Tower with Radar,70,103,102,3,278,0,2,4,0,6,70,105,106,3,284,0,0,0,284
08/19/2006,DSM,IA,ACE,CE,Combined TRACON& Tower with Radar,46,77,39,8,170,0,0,15,2,17,46,77,54,10,187,8,0,8,195
08/20/2006,DSM,IA,ACE,CE,Combined TRACON& Tower with Radar,54,82,44,2,182,0,3,58,0,61,54,85,102,2,243,10,0,10,253
08/21/2006,DSM,IA,ACE,CE,Combined TRACON& Tower with Radar,39,104,88,3,234,0,1,54,0,55,39,105,142,3,289,38,0,38,327
08/22/2006,DSM,IA,ACE,CE,Combined TRACON& Tower with Radar,59,126,104,9,298,2,0,53,3,58,61,126,157,12,356,0,0,0,356
08/23/2006,DSM,IA,ACE,CE,Combined TRACON& Tower with Radar,60,131,119,9,319,0,7,49,0,56,60,138,168,9,375,22,0,22,397
08/24/2006,DSM,IA,ACE,CE,Combined TRACON& Tower with Radar,66,142,109,3,320,0,0,57,3,60,66,142,166,6,380,14,8,22,402
08/25/2006,DSM,IA,ACE,CE,Combined TRACON& Tower with Radar,56,131,108,9,304,0,4,21,0,25,56,135,129,9,329,34,0,34,363
08/26/2006,DSM,IA,ACE,CE,Combined TRACON& Tower with Radar,53,78,55,0,186,0,0,23,3,26,53,78,78,3,212,4,0,4,216
08/27/2006,DSM,IA,ACE,CE,Combined TRACON& Tower with Radar,45,89,67,0,201,0,0,19,0,19,45,89,86,0,220,32,0,32,252
08/28/2006,DSM,IA,ACE,CE,Combined TRACON& Tower with Radar,39,112,76,2,229,0,0,4,0,4,39,112,80,2,233,20,0,20,253
08/29/2006,DSM,IA,ACE,CE,Combined TRACON& Tower with Radar,60,141,94,9,304,0,4,21,0,25,60,145,115,9,329,2,16,18,347
08/30/2006,DSM,IA,ACE,CE,Combined TRACON& Tower with Radar,66,120,85,18,289,0,2,46,0,48,66,122,131,18,337,28,20,48,385
08/31/2006,DSM,IA,ACE,CE,Combined TRACON& Tower with Radar,102,86,89,12,289,0,4,62,2,68,102,90,151,14,357,10,28,38,395
09/01/2006,DSM,IA,ACE,CE,Combined TRACON& Tower with Radar,53,126,98,0,277,0,3,58,0,61,53,129,156,0,338,8,0,8,346
09/02/2006,DSM,IA,ACE,CE,Combined TRACON& Tower with Radar,39,77,29,0,145,0,0,10,0,10,39,77,39,0,155,0,0,0,155
09/03/2006,DSM,IA,ACE,CE,Combined TRACON& Tower with Radar,37,72,16,0,125,0,0,18,0,18,37,72,34,0,143,0,0,0,143
09/04/2006,DSM,IA,ACE,CE,Combined TRACON& Tower with Radar,34,101,56,0,191,0,0,42,0,42,34,101,98,0,233,26,0,26,259
09/05/2006,DSM,IA,ACE,CE,Combined TRACON& Tower with Radar,43,112,72,11,238,0,0,31,0,31,43,112,103,11,269,10,22,32,301
09/06/2006,DSM,IA,ACE,CE,Combined TRACON& Tower with Radar,64,122,129,16,331,0,7,51,0,58,64,129,180,16,389,16,12,28,417
09/07/2006,DSM,IA,ACE,CE,Combined TRACON& Tower with Radar,71,142,94,8,315,0,0,59,0,59,71,142,153,8,374,10,22,32,406
09/08/2006,DSM,IA,ACE,CE,Combined TRACON& Tower with Radar,52,126,72,0,250,0,0,50,0,50,52,126,122,0,300,8,0,8,308
09/09/2006,DSM,IA,ACE,CE,Combined TRACON& Tower with Radar,40,92,43,16,191,0,0,0,0,0,40,92,43,16,191,0,0,0,191
09/10/2006,DSM,IA,ACE,CE,Combined TRACON& Tower with Radar,45,90,60,1,196,0,0,0,0,0,45,90,60,1,196,12,0,12,208
09/11/2006,DSM,IA,ACE,CE,Combined TRACON& Tower with Radar,48,94,67,0,209,0,0,0,0,0,48,94,67,0,209,0,0,0,209
09/12/2006,DSM,IA,ACE,CE,Combined TRACON& Tower with Radar,58,133,109,18,318,0,4,20,0,24,58,137,129,18,342,20,0,20,362
09/13/2006,DSM,IA,ACE,CE,Combined TRACON& Tower with Radar,58,130,131,36,355,0,11,54,1,66,58,141,185,37,421,36,30,66,487
09/14/2006,DSM,IA,ACE,CE,Combined TRACON& Tower with Radar,69,140,95,13,317,0,5,50,0,55,69,145,145,13,372,34,0,34,406
09/15/2006,DSM,IA,ACE,CE,Combined TRACON& Tower with Radar,56,137,105,8,306,0,3,56,0,59,56,140,161,8,365,8,8,16,381
09/16/2006,DSM,IA,ACE,CE,Combined TRACON& Tower with Radar,40,83,32,2,157,0,0,17,4,21,40,83,49,6,178,2,6,8,186
09/17/2006,DSM,IA,ACE,CE,Combined TRACON& Tower with Radar,36,105,66,2,209,0,0,26,0,26,36,105,92,2,235,34,2,36,271
09/18/2006,DSM,IA,ACE,CE,Combined TRACON& Tower with Radar,45,111,76,0,232,0,0,16,0,16,45,111,92,0,248,8,0,8,256
09/19/2006,DSM,IA,ACE,CE,Combined TRACON& Tower with Radar,60,129,130,17,336,0,2,26,0,28,60,131,156,17,364,18,22,40,404
09/20/2006,DSM,IA,ACE,CE,Combined TRACON& Tower with Radar,62,133,117,18,330,0,7,45,3,55,62,140,162,21,385,8,24,32,417
09/21/2006,DSM,IA,ACE,CE,Combined TRACON& Tower with Radar,61,145,120,8,334,0,1,6,0,7,61,146,126,8,341,2,0,2,343
09/22/2006,DSM,IA,ACE,CE,Combined TRACON& Tower with Radar,62,134,69,22,287,0,8,20,0,28,62,142,89,22,315,12,14,26,341
09/23/2006,DSM,IA,ACE,CE,Combined TRACON& Tower with Radar,43,76,41,0,160,0,0,32,3,35,43,76,73,3,195,4,0,4,199
09/24/2006,DSM,IA,ACE,CE,Combined TRACON& Tower with Radar,49,94,44,0,187,0,0,47,0,47,49,94,91,0,234,26,0,26,260
09/25/2006,DSM,IA,ACE,CE,Combined TRACON& Tower with Radar,37,110,80,0,227,0,2,31,0,33,37,112,111,0,260,10,0,10,270
09/26/2006,DSM,IA,ACE,CE,Combined TRACON& Tower with Radar,59,126,93,9,287,0,4,36,0,40,59,130,129,9,327,14,24,38,365
09/27/2006,DSM,IA,ACE,CE,Combined TRACON& Tower with Radar,58,130,114,6,308,0,9,33,0,42,58,139,147,6,350,0,0,0,350
09/28/2006,DSM,IA,ACE,CE,Combined TRACON& Tower with Radar,87,116,103,1,307,0,0,31,1,32,87,116,134,2,339,6,0,6,345
09/29/2006,DSM,IA,ACE,CE,Combined TRACON& Tower with Radar,65,116,95,2,278,0,0,47,1,48,65,116,142,3,326,2,0,2,328
09/30/2006,DSM,IA,ACE,CE,Combined TRACON& Tower with Radar,44,81,46,0,171,0,1,47,0,48,44,82,93,0,219,16,0,16,235
10/01/2006,DSM,IA,ACE,CE,Combined TRACON& Tower with Radar,49,89,55,4,197,0,0,24,0,24,49,89,79,4,221,2,0,2,223
10/02/2006,DSM,IA,ACE,CE,Combined TRACON& Tower with Radar,37,101,69,2,209,3,9,32,1,45,40,110,101,3,254,8,0,8,262
10/03/2006,DSM,IA,ACE,CE,Combined TRACON& Tower with Radar,73,140,97,13,323,2,5,47,0,54,75,145,144,13,377,26,12,38,415
10/04/2006,DSM,IA,ACE,CE,Combined TRACON& Tower with Radar,59,127,86,11,283,0,3,8,2,13,59,130,94,13,296,28,0,28,324
10/05/2006,DSM,IA,ACE,CE,Combined TRACON& Tower with Radar,65,141,132,14,352,0,4,32,1,37,65,145,164,15,389,4,0,4,393
10/06/2006,DSM,IA,ACE,CE,Combined TRACON& Tower with Radar,49,134,92,2,277,0,3,58,0,61,49,137,150,2,338,10,0,10,348
10/07/2006,DSM,IA,ACE,CE,Combined TRACON& Tower with Radar,39,78,47,0,164,0,2,27,0,29,39,80,74,0,193,12,0,12,205
10/08/2006,DSM,IA,ACE,CE,Combined TRACON& Tower with Radar,39,91,38,0,168,0,2,43,0,45,39,93,81,0,213,18,0,18,231
10/09/2006,DSM,IA,ACE,CE,Combined TRACON& Tower with Radar,35,106,68,0,209,0,1,21,1,23,35,107,89,1,232,0,0,0,232
10/10/2006,DSM,IA,ACE,CE,Combined TRACON& Tower with Radar,58,121,104,6,289,0,1,15,0,16,58,122,119,6,305,8,0,8,313
10/11/2006,DSM,IA,ACE,CE,Combined TRACON& Tower with Radar,60,129,83,8,280,0,2,8,0,10,60,131,91,8,290,6,0,6,296
10/12/2006,DSM,IA,ACE,CE,Combined TRACON& Tower with Radar,65,141,112,12,330,0,6,8,0,14,65,147,120,12,344,4,4,8,352
10/13/2006,DSM,IA,ACE,CE,Combined TRACON& Tower with Radar,49,126,79,9,263,0,3,19,1,23,49,129,98,10,286,4,18,22,308
10/14/2006,DSM,IA,ACE,CE,Combined TRACON& Tower with Radar,44,77,34,8,163,0,10,66,3,79,44,87,100,11,242,36,13,49,291
10/15/2006,DSM,IA,ACE,CE,Combined TRACON& Tower with Radar,37,94,45,4,180,0,2,28,0,30,37,96,73,4,210,12,0,12,222
10/16/2006,DSM,IA,ACE,CE,Combined TRACON& Tower with Radar,36,130,78,0,244,4,5,17,0,26,40,135,95,0,270,0,0,0,270
10/17/2006,DSM,IA,ACE,CE,Combined TRACON& Tower with Radar,60,139,88,10,297,0,4,2,0,6,60,143,90,10,303,8,16,24,327
10/18/2006,DSM,IA,ACE,CE,Combined TRACON& Tower with Radar,62,148,116,8,334,0,0,4,0,4,62,148,120,8,338,0,0,0,338
10/19/2006,DSM,IA,ACE,CE,Combined TRACON& Tower with Radar,0,0,0,0,0,64,141,173,13,391,64,141,173,13,391,8,8,16,407
10/20/2006,DSM,IA,ACE,CE,Combined TRACON& Tower with Radar,53,136,99,15,303,0,4,33,0,37,53,140,132,15,340,16,20,36,376
10/21/2006,DSM,IA,ACE,CE,Combined TRACON& Tower with Radar,44,85,31,0,160,0,0,1,0,1,44,85,32,0,161,12,0,12,173
10/22/2006,DSM,IA,ACE,CE,Combined TRACON& Tower with Radar,39,103,37,2,181,0,2,15,0,17,39,105,52,2,198,4,0,4,202
10/23/2006,DSM,IA,ACE,CE,Combined TRACON& Tower with Radar,40,112,84,1,237,10,38,72,2,122,50,150,156,3,359,8,0,8,367
10/24/2006,DSM,IA,ACE,CE,Combined TRACON& Tower with Radar,58,140,97,11,306,20,37,98,0,155,78,177,195,11,461,14,14,28,489
10/25/2006,DSM,IA,ACE,CE,Combined TRACON& Tower with Radar,56,126,129,21,332,31,71,88,12,202,87,197,217,33,534,24,30,54,588
10/26/2006,DSM,IA,ACE,CE,Combined TRACON& Tower with Radar,55,141,126,5,327,43,73,0,6,122,98,214,126,11,449,4,2,6,455
10/27/2006,DSM,IA,ACE,CE,Combined TRACON& Tower with Radar,63,153,94,23,333,18,31,69,12,130,81,184,163,35,463,0,0,0,463
10/28/2006,DSM,IA,ACE,CE,Combined TRACON& Tower with Radar,38,91,33,1,163,18,24,56,0,98,56,115,89,1,261,20,18,38,299
10/29/2006,DSM,IA,ACE,CE,Combined TRACON& Tower with Radar,35,97,53,1,186,4,11,41,4,60,39,108,94,5,246,51,0,51,297
10/30/2006,DSM,IA,ACE,CE,Combined TRACON& Tower with Radar,31,109,66,0,206,10,56,44,0,110,41,165,110,0,316,0,0,0,316
10/31/2006,DSM,IA,ACE,CE,Combined TRACON& Tower with Radar,60,133,50,13,256,6,11,34,1,52,66,144,84,14,308,6,20,26,334
11/01/2006,DSM,IA,ACE,CE,Combined TRACON& Tower with Radar,63,138,100,13,314,0,2,66,1,69,63,140,166,14,383,20,20,40,423
11/02/2006,DSM,IA,ACE,CE,Combined TRACON& Tower with Radar,60,158,99,9,326,0,6,43,1,50,60,164,142,10,376,12,0,12,388
11/03/2006,DSM,IA,ACE,CE,Combined TRACON& Tower with Radar,50,134,77,1,262,1,1,46,0,48,51,135,123,1,310,22,2,24,334
11/04/2006,DSM,IA,ACE,CE,Combined TRACON& Tower with Radar,36,91,33,2,162,0,5,46,0,51,36,96,79,2,213,20,0,20,233
11/05/2006,DSM,IA,ACE,CE,Combined TRACON& Tower with Radar,36,92,38,4,170,0,7,48,2,57,36,99,86,6,227,22,0,22,249
11/06/2006,DSM,IA,ACE,CE,Combined TRACON& Tower with Radar,35,111,74,0,220,0,8,5,0,13,35,119,79,0,233,8,0,8,241
11/07/2006,DSM,IA,ACE,CE,Combined TRACON& Tower with Radar,64,125,83,10,282,0,2,25,2,29,64,127,108,12,311,21,4,25,336
11/08/2006,DSM,IA,ACE,CE,Combined TRACON& Tower with Radar,63,140,108,8,319,0,4,58,3,65,63,144,166,11,384,34,16,50,434
11/09/2006,DSM,IA,ACE,CE,Combined TRACON& Tower with Radar,64,137,114,14,329,0,3,31,0,34,64,140,145,14,363,14,16,30,393
11/10/2006,DSM,IA,ACE,CE,Combined TRACON& Tower with Radar,64,118,80,0,262,0,4,3,0,7,64,122,83,0,269,0,0,0,269
11/11/2006,DSM,IA,ACE,CE,Combined TRACON& Tower with Radar,34,82,36,6,158,1,2,45,3,51,35,84,81,9,209,50,4,54,263
11/12/2006,DSM,IA,ACE,CE,Combined TRACON& Tower with Radar,39,89,35,1,164,0,9,17,0,26,39,98,52,1,190,2,0,2,192
11/13/2006,DSM,IA,ACE,CE,Combined TRACON& Tower with Radar,37,112,78,2,229,0,3,0,0,3,37,115,78,2,232,6,0,6,238
11/14/2006,DSM,IA,ACE,CE,Combined TRACON& Tower with Radar,58,144,98,16,316,0,3,12,0,15,58,147,110,16,331,9,8,17,348
11/15/2006,DSM,IA,ACE,CE,Combined TRACON& Tower with Radar,55,131,97,16,299,1,0,14,0,15,56,131,111,16,314,6,2,8,322
11/16/2006,DSM,IA,ACE,CE,Combined TRACON& Tower with Radar,64,139,118,18,339,0,0,10,2,12,64,139,128,20,351,36,16,52,403
11/17/2006,DSM,IA,ACE,CE,Combined TRACON& Tower with Radar,53,128,115,24,320,0,1,38,0,39,53,129,153,24,359,0,0,0,359
11/18/2006,DSM,IA,ACE,CE,Combined TRACON& Tower with Radar,53,128,115,24,320,0,1,38,0,39,53,129,153,24,359,0,0,0,359
11/19/2006,DSM,IA,ACE,CE,Combined TRACON& Tower with Radar,36,92,45,0,173,0,1,31,2,34,36,93,76,2,207,38,0,38,245
11/20/2006,DSM,IA,ACE,CE,Combined TRACON& Tower with Radar,37,109,92,11,249,0,2,49,0,51,37,111,141,11,300,20,12,32,332
11/21/2006,DSM,IA,ACE,CE,Combined TRACON& Tower with Radar,76,135,103,15,329,0,1,44,8,53,76,136,147,23,382,4,16,20,402
11/22/2006,DSM,IA,ACE,CE,Combined TRACON& Tower with Radar,74,136,54,0,264,0,4,43,0,47,74,140,97,0,311,20,0,20,331
11/23/2006,DSM,IA,ACE,CE,Combined TRACON& Tower with Radar,30,88,28,0,146,0,5,21,2,28,30,93,49,2,174,14,0,14,188
11/24/2006,DSM,IA,ACE,CE,Combined TRACON& Tower with Radar,36,81,27,0,144,0,4,42,0,46,36,85,69,0,190,26,0,26,216
11/25/2006,DSM,IA,ACE,CE,Combined TRACON& Tower with Radar,36,88,38,0,162,0,2,23,1,26,36,90,61,1,188,12,0,12,200
11/26/2006,DSM,IA,ACE,CE,Combined TRACON& Tower with Radar,39,101,67,0,207,0,1,9,0,10,39,102,76,0,217,14,0,14,231
11/27/2006,DSM,IA,ACE,CE,Combined TRACON& Tower with Radar,40,107,56,0,203,360,0,0,0,360,400,107,56,0,563,1,0,1,564
11/28/2006,DSM,IA,ACE,CE,Combined TRACON& Tower with Radar,77,126,104,9,316,0,2,6,1,9,77,128,110,10,325,4,0,4,329
11/29/2006,DSM,IA,ACE,CE,Combined TRACON& Tower with Radar,76,128,77,5,286,1,1,2,0,4,77,129,79,5,290,0,6,6,296
11/30/2006,DSM,IA,ACE,CE,Combined TRACON& Tower with Radar,75,113,81,9,278,0,6,45,1,52,75,119,126,10,330,14,28,42,372
12/01/2006,DSM,IA,ACE,CE,Combined TRACON& Tower with Radar,46,102,96,11,255,1,3,22,1,27,47,105,118,12,282,22,18,40,322
12/02/2006,DSM,IA,ACE,CE,Combined TRACON& Tower with Radar,35,91,29,18,173,0,5,27,2,34,35,96,56,20,207,10,0,10,217
12/03/2006,DSM,IA,ACE,CE,Combined TRACON& Tower with Radar,37,88,29,0,154,0,1,24,0,25,37,89,53,0,179,10,0,10,189
12/04/2006,DSM,IA,ACE,CE,Combined TRACON& Tower with Radar,39,112,63,0,214,0,4,19,2,25,39,116,82,2,239,0,0,0,239
12/05/2006,DSM,IA,ACE,CE,Combined TRACON& Tower with Radar,72,147,83,15,317,5,11,37,3,56,77,158,120,18,373,32,12,44,417
12/06/2006,DSM,IA,ACE,CE,Combined TRACON& Tower with Radar,81,144,109,18,352,25,37,77,2,141,106,181,186,20,493,4,26,30,523
12/07/2006,DSM,IA,ACE,CE,Combined TRACON& Tower with Radar,76,141,102,14,333,25,51,72,0,148,101,192,174,14,481,0,16,16,497
12/08/2006,DSM,IA,ACE,CE,Combined TRACON& Tower with Radar,59,130,64,23,276,10,38,79,4,131,69,168,143,27,407,0,0,0,407
12/09/2006,DSM,IA,ACE,CE,Combined TRACON& Tower with Radar,29,84,30,16,159,24,34,66,4,128,53,118,96,20,287,2,24,26,313
12/10/2006,DSM,IA,ACE,CE,Combined TRACON& Tower with Radar,37,83,32,10,162,4,17,34,0,55,41,100,66,10,217,50,22,72,289
12/11/2006,DSM,IA,ACE,CE,Combined TRACON& Tower with Radar,37,107,89,0,233,0,3,0,0,3,37,110,89,0,236,2,0,2,238
12/12/2006,DSM,IA,ACE,CE,Combined TRACON& Tower with Radar,86,134,70,6,296,0,2,2,0,4,86,136,72,6,300,24,0,24,324
12/13/2006,DSM,IA,ACE,CE,Combined TRACON& Tower with Radar,84,129,81,10,304,0,0,44,2,46,84,129,125,12,350,30,0,30,380
12/14/2006,DSM,IA,ACE,CE,Combined TRACON& Tower with Radar,86,143,89,8,326,1,4,29,0,34,87,147,118,8,360,0,12,12,372
12/15/2006,DSM,IA,ACE,CE,Combined TRACON& Tower with Radar,76,134,83,4,297,2,5,38,0,45,78,139,121,4,342,28,0,28,370
12/16/2006,DSM,IA,ACE,CE,Combined TRACON& Tower with Radar,76,134,83,4,297,2,5,38,0,45,78,139,121,4,342,28,0,28,370
12/17/2006,DSM,IA,ACE,CE,Combined TRACON& Tower with Radar,33,96,47,0,176,0,0,40,2,42,33,96,87,2,218,22,0,22,240
12/18/2006,DSM,IA,ACE,CE,Combined TRACON& Tower with Radar,37,122,88,12,259,0,2,30,0,32,37,124,118,12,291,44,16,60,351
12/19/2006,DSM,IA,ACE,CE,Combined TRACON& Tower with Radar,82,130,84,10,306,0,2,47,1,50,82,132,131,11,356,4,18,22,378
12/20/2006,DSM,IA,ACE,CE,Combined TRACON& Tower with Radar,74,132,101,6,313,0,0,4,0,4,74,132,105,6,317,0,0,0,317
12/21/2006,DSM,IA,ACE,CE,Combined TRACON& Tower with Radar,71,151,80,0,302,1,1,13,0,15,72,152,93,0,317,20,0,20,337
12/22/2006,DSM,IA,ACE,CE,Combined TRACON& Tower with Radar,68,155,49,0,272,0,0,3,0,3,68,155,52,0,275,0,0,0,275
12/23/2006,DSM,IA,ACE,CE,Combined TRACON& Tower with Radar,37,96,22,0,155,0,2,38,0,40,37,98,60,0,195,0,0,0,195
12/24/2006,DSM,IA,ACE,CE,Combined TRACON& Tower with Radar,37,80,11,0,128,8,19,34,0,61,45,99,45,0,189,24,0,24,213
12/25/2006,DSM,IA,ACE,CE,Combined TRACON& Tower with Radar,28,91,5,0,124,4,25,12,0,41,32,116,17,0,165,0,0,0,165
12/26/2006,DSM,IA,ACE,CE,Combined TRACON& Tower with Radar,31,124,38,0,193,2,4,39,0,45,33,128,77,0,238,6,0,6,244
12/27/2006,DSM,IA,ACE,CE,Combined TRACON& Tower with Radar,57,140,62,0,259,0,7,52,0,59,57,147,114,0,318,16,0,16,334
12/28/2006,DSM,IA,ACE,CE,Combined TRACON& Tower with Radar,60,140,43,0,243,1,10,39,0,50,61,150,82,0,293,6,0,6,299
12/29/2006,DSM,IA,ACE,CE,Combined TRACON& Tower with Radar,55,131,39,0,225,0,7,28,0,35,55,138,67,0,260,0,0,0,260
12/30/2006,DSM,IA,ACE,CE,Combined TRACON& Tower with Radar,32,92,15,0,139,0,0,0,0,0,32,92,15,0,139,0,0,0,139
12/31/2006,DSM,IA,ACE,CE,Combined TRACON& Tower with Radar,32,92,15,0,139,0,0,0,0,0,32,92,15,0,139,0,0,0,139
01/01/2007,DSM,IA,ACE,CE,Combined TRACON& Tower with Radar,29,93,13,0,135,0,5,18,0,23,29,98,31,0,158,6,0,6,164
01/02/2007,DSM,IA,ACE,CE,Combined TRACON& Tower with Radar,32,114,38,8,192,0,6,21,1,28,32,120,59,9,220,0,22,22,242
01/03/2007,DSM,IA,ACE,CE,Combined TRACON& Tower with Radar,55,142,73,11,281,1,1,17,1,20,56,143,90,12,301,18,4,22,323
01/04/2007,DSM,IA,ACE,CE,Combined TRACON& Tower with Radar,65,129,100,7,301,0,8,16,0,24,65,137,116,7,325,2,6,8,333
01/05/2007,DSM,IA,ACE,CE,Combined TRACON& Tower with Radar,53,123,53,6,235,0,4,9,0,13,53,127,62,6,248,2,0,2,250
01/06/2007,DSM,IA,ACE,CE,Combined TRACON& Tower with Radar,40,82,24,13,159,1,1,31,1,34,41,83,55,14,193,12,26,38,231
01/07/2007,DSM,IA,ACE,CE,Combined TRACON& Tower with Radar,37,87,28,1,153,0,3,10,0,13,37,90,38,1,166,0,0,0,166
01/08/2007,DSM,IA,ACE,CE,Combined TRACON& Tower with Radar,36,126,74,0,236,0,2,10,0,12,36,128,84,0,248,2,0,2,250
01/09/2007,DSM,IA,ACE,CE,Combined TRACON& Tower with Radar,57,139,65,9,270,0,0,19,0,19,57,139,84,9,289,12,0,12,301
01/10/2007,DSM,IA,ACE,CE,Combined TRACON& Tower with Radar,60,138,68,9,275,0,3,29,2,34,60,141,97,11,309,12,0,12,321
01/11/2007,DSM,IA,ACE,CE,Combined TRACON& Tower with Radar,58,139,75,8,280,0,0,13,0,13,58,139,88,8,293,0,0,0,293
01/12/2007,DSM,IA,ACE,CE,Combined TRACON& Tower with Radar,46,132,64,4,246,0,2,7,0,9,46,134,71,4,255,4,0,4,259
01/13/2007,DSM,IA,ACE,CE,Combined TRACON& Tower with Radar,36,84,20,0,140,1,0,3,0,4,37,84,23,0,144,0,0,0,144
01/14/2007,DSM,IA,ACE,CE,Combined TRACON& Tower with Radar,28,72,10,0,110,0,0,0,0,0,28,72,10,0,110,0,0,0,110
01/15/2007,DSM,IA,ACE,CE,Combined TRACON& Tower with Radar,31,108,38,0,177,1,3,6,0,10,32,111,44,0,187,6,0,6,193
01/16/2007,DSM,IA,ACE,CE,Combined TRACON& Tower with Radar,56,122,59,8,245,0,5,25,0,30,56,127,84,8,275,2,0,2,277
01/17/2007,DSM,IA,ACE,CE,Combined TRACON& Tower with Radar,58,134,85,15,292,0,4,27,1,32,58,138,112,16,324,4,16,20,344
01/18/2007,DSM,IA,ACE,CE,Combined TRACON& Tower with Radar,64,132,95,14,305,0,5,3,2,10,64,137,98,16,315,0,2,2,317
01/19/2007,DSM,IA,ACE,CE,Combined TRACON& Tower with Radar,47,133,86,7,273,1,3,44,0,48,48,136,130,7,321,32,0,32,353
01/20/2007,DSM,IA,ACE,CE,Combined TRACON& Tower with Radar,34,87,36,1,158,1,3,27,0,31,35,90,63,1,189,8,0,8,197
01/21/2007,DSM,IA,ACE,CE,Combined TRACON& Tower with Radar,28,78,12,0,118,0,0,2,0,2,28,78,14,0,120,0,0,0,120
01/22/2007,DSM,IA,ACE,CE,Combined TRACON& Tower with Radar,31,113,72,1,217,0,3,3,0,6,31,116,75,1,223,0,0,0,223
01/23/2007,DSM,IA,ACE,CE,Combined TRACON& Tower with Radar,55,144,72,0,271,0,2,7,0,9,55,146,79,0,280,12,0,12,292
01/24/2007,DSM,IA,ACE,CE,Combined TRACON& Tower with Radar,57,130,106,4,297,0,0,8,0,8,57,130,114,4,305,4,0,4,309
01/25/2007,DSM,IA,ACE,CE,Combined TRACON& Tower with Radar,59,145,75,12,291,1,3,2,0,6,60,148,77,12,297,6,0,6,303
01/26/2007,DSM,IA,ACE,CE,Combined TRACON& Tower with Radar,47,124,52,15,238,0,3,27,1,31,47,127,79,16,269,10,12,22,291
01/27/2007,DSM,IA,ACE,CE,Combined TRACON& Tower with Radar,35,80,27,6,148,0,0,0,0,0,35,80,27,6,148,8,0,8,156
01/28/2007,DSM,IA,ACE,CE,Combined TRACON& Tower with Radar,30,91,38,2,161,0,0,0,0,0,30,91,38,2,161,12,0,12,173
01/29/2007,DSM,IA,ACE,CE,Combined TRACON& Tower with Radar,31,116,71,0,218,1,4,11,0,16,32,120,82,0,234,0,0,0,234
01/30/2007,DSM,IA,ACE,CE,Combined TRACON& Tower with Radar,56,140,64,6,266,0,3,19,1,23,56,143,83,7,289,4,2,6,295
01/31/2007,DSM,IA,ACE,CE,Combined TRACON& Tower with Radar,56,142,108,9,315,0,1,16,0,17,56,143,124,9,332,0,0,0,332
02/01/2007,DSM,IA,ACE,CE,Combined TRACON& Tower with Radar,61,144,117,11,333,0,4,38,4,46,61,148,155,15,379,16,10,26,405
02/02/2007,DSM,IA,ACE,CE,Combined TRACON& Tower with Radar,50,123,73,11,257,0,3,12,0,15,50,126,85,11,272,0,0,0,272
02/03/2007,DSM,IA,ACE,CE,Combined TRACON& Tower with Radar,35,81,26,1,143,0,1,3,0,4,35,82,29,1,147,16,10,26,173
02/04/2007,DSM,IA,ACE,CE,Combined TRACON& Tower with Radar,32,88,8,3,131,0,5,2,0,7,32,93,10,3,138,0,24,24,162
02/05/2007,DSM,IA,ACE,CE,Combined TRACON& Tower with Radar,32,107,63,2,204,0,2,6,0,8,32,109,69,2,212,0,0,0,212
02/06/2007,DSM,IA,ACE,CE,Combined TRACON& Tower with Radar,53,127,86,9,275,0,1,12,0,13,53,128,98,9,288,8,0,8,296
02/07/2007,DSM,IA,ACE,CE,Combined TRACON& Tower with Radar,58,135,118,8,319,0,8,29,0,37,58,143,147,8,356,18,6,24,380
02/08/2007,DSM,IA,ACE,CE,Combined TRACON& Tower with Radar,60,136,96,7,299,0,2,22,0,24,60,138,118,7,323,26,0,26,349
02/09/2007,DSM,IA,ACE,CE,Combined TRACON& Tower with Radar,46,130,85,15,276,0,5,34,0,39,46,135,119,15,315,22,22,44,359
02/10/2007,DSM,IA,ACE,CE,Combined TRACON& Tower with Radar,36,79,30,0,145,0,4,42,0,46,36,83,72,0,191,26,0,26,217
02/11/2007,DSM,IA,ACE,CE,Combined TRACON& Tower with Radar,36,88,42,0,166,0,0,20,0,20,36,88,62,0,186,52,0,52,238
02/12/2007,DSM,IA,ACE,CE,Combined TRACON& Tower with Radar,30,109,44,0,183,1,1,1,0,3,31,110,45,0,186,0,0,0,186
02/13/2007,DSM,IA,ACE,CE,Combined TRACON& Tower with Radar,56,120,41,0,217,0,1,4,0,5,56,121,45,0,222,0,0,0,222
02/14/2007,DSM,IA,ACE,CE,Combined TRACON& Tower with Radar,65,130,97,5,297,1,1,20,1,23,66,131,117,6,320,4,0,4,324
02/15/2007,DSM,IA,ACE,CE,Combined TRACON& Tower with Radar,58,137,94,3,292,1,2,20,0,23,59,139,114,3,315,12,8,20,335
02/16/2007,DSM,IA,ACE,CE,Combined TRACON& Tower with Radar,46,123,74,0,243,1,4,8,0,13,47,127,82,0,256,4,0,4,260
02/17/2007,DSM,IA,ACE,CE,Combined TRACON& Tower with Radar,34,98,31,0,163,0,2,4,0,6,34,100,35,0,169,0,0,0,169
02/18/2007,DSM,IA,ACE,CE,Combined TRACON& Tower with Radar,32,91,29,2,154,0,5,30,0,35,32,96,59,2,189,12,0,12,201
02/19/2007,DSM,IA,ACE,CE,Combined TRACON& Tower with Radar,36,103,61,0,200,0,5,32,0,37,36,108,93,0,237,4,0,4,241
02/20/2007,DSM,IA,ACE,CE,Combined TRACON& Tower with Radar,58,132,63,9,262,1,4,32,0,37,59,136,95,9,299,10,40,50,349
02/21/2007,DSM,IA,ACE,CE,Combined TRACON& Tower with Radar,58,141,87,10,296,1,2,45,0,48,59,143,132,10,344,0,4,4,348
02/22/2007,DSM,IA,ACE,CE,Combined TRACON& Tower with Radar,55,154,89,3,301,0,3,57,0,60,55,157,146,3,361,20,0,20,381
02/23/2007,DSM,IA,ACE,CE,Combined TRACON& Tower with Radar,46,136,66,1,249,0,2,8,0,10,46,138,74,1,259,0,0,0,259
02/24/2007,DSM,IA,ACE,CE,Combined TRACON& Tower with Radar,34,57,8,3,102,0,0,0,0,0,34,57,8,3,102,0,0,0,102
02/25/2007,DSM,IA,ACE,CE,Combined TRACON& Tower with Radar,24,81,28,0,133,0,0,0,0,0,24,81,28,0,133,6,0,6,139
02/26/2007,DSM,IA,ACE,CE,Combined TRACON& Tower with Radar,26,125,70,2,223,0,0,12,0,12,26,125,82,2,235,0,0,0,235
02/27/2007,DSM,IA,ACE,CE,Combined TRACON& Tower with Radar,67,140,88,3,298,1,0,13,0,14,68,140,101,3,312,2,4,6,318
02/28/2007,DSM,IA,ACE,CE,Combined TRACON& Tower with Radar,56,142,71,0,269,0,4,3,0,7,56,146,74,0,276,0,0,0,276
03/01/2007,DSM,IA,ACE,CE,Combined TRACON& Tower with Radar,49,92,32,0,173,1,4,0,0,5,50,96,32,0,178,0,0,0,178
03/02/2007,DSM,IA,ACE,CE,Combined TRACON& Tower with Radar,29,104,58,0,191,0,0,0,0,0,29,104,58,0,191,0,0,0,191
03/03/2007,DSM,IA,ACE,CE,Combined TRACON& Tower with Radar,36,81,33,0,150,0,4,16,0,20,36,85,49,0,170,2,0,2,172
03/04/2007,DSM,IA,ACE,CE,Combined TRACON& Tower with Radar,33,101,36,0,170,0,5,30,0,35,33,106,66,0,205,14,0,14,219
03/05/2007,DSM,IA,ACE,CE,Combined TRACON& Tower with Radar,31,118,82,0,231,0,1,22,0,23,31,119,104,0,254,4,0,4,258
03/06/2007,DSM,IA,ACE,CE,Combined TRACON& Tower with Radar,56,147,81,1,285,0,5,28,0,33,56,152,109,1,318,18,0,18,336
03/07/2007,DSM,IA,ACE,CE,Combined TRACON& Tower with Radar,56,139,103,2,300,0,6,14,0,20,56,145,117,2,320,0,0,0,320
03/08/2007,DSM,IA,ACE,CE,Combined TRACON& Tower with Radar,60,152,87,1,300,0,0,20,0,20,60,152,107,1,320,8,0,8,328
03/09/2007,DSM,IA,ACE,CE,Combined TRACON& Tower with Radar,54,145,88,2,289,0,0,20,0,20,54,145,108,2,309,32,0,32,341
03/10/2007,DSM,IA,ACE,CE,Combined TRACON& Tower with Radar,34,95,48,9,186,0,5,74,2,81,34,100,122,11,267,56,0,56,323
03/11/2007,DSM,IA,ACE,CE,Combined TRACON& Tower with Radar,35,99,41,4,179,0,0,59,0,59,35,99,100,4,238,24,0,24,262
03/12/2007,DSM,IA,ACE,CE,Combined TRACON& Tower with Radar,29,115,80,1,225,0,3,53,3,59,29,118,133,4,284,6,0,6,290
03/13/2007,DSM,IA,ACE,CE,Combined TRACON& Tower with Radar,62,139,87,2,290,0,3,33,0,36,62,142,120,2,326,20,0,20,346
03/14/2007,DSM,IA,ACE,CE,Combined TRACON& Tower with Radar,52,139,106,5,302,0,9,36,0,45,52,148,142,5,347,15,8,23,370
03/15/2007,DSM,IA,ACE,CE,Combined TRACON& Tower with Radar,62,141,94,0,297,0,4,29,2,35,62,145,123,2,332,6,0,6,338
03/16/2007,DSM,IA,ACE,CE,Combined TRACON& Tower with Radar,48,132,81,0,261,2,2,28,1,33,50,134,109,1,294,12,0,12,306
03/17/2007,DSM,IA,ACE,CE,Combined TRACON& Tower with Radar,35,86,28,5,154,0,1,10,1,12,35,87,38,6,166,0,8,8,174
03/18/2007,DSM,IA,ACE,CE,Combined TRACON& Tower with Radar,35,104,20,5,164,0,7,18,0,25,35,111,38,5,189,8,0,8,197
03/19/2007,DSM,IA,ACE,CE,Combined TRACON& Tower with Radar,32,115,64,0,211,0,3,15,0,18,32,118,79,0,229,10,0,10,239
03/20/2007,DSM,IA,ACE,CE,Combined TRACON& Tower with Radar,58,142,80,2,282,0,1,22,0,23,58,143,102,2,305,22,0,22,327
03/21/2007,DSM,IA,ACE,CE,Combined TRACON& Tower with Radar,60,134,66,3,263,0,1,5,0,6,60,135,71,3,269,4,0,4,273
03/22/2007,DSM,IA,ACE,CE,Combined TRACON& Tower with Radar,54,137,89,1,281,0,7,46,0,53,54,144,135,1,334,26,0,26,360
03/23/2007,DSM,IA,ACE,CE,Combined TRACON& Tower with Radar,48,133,50,3,234,0,3,6,2,11,48,136,56,5,245,4,4,8,253
03/24/2007,DSM,IA,ACE,CE,Combined TRACON& Tower with Radar,32,95,15,2,144,0,1,2,0,3,32,96,17,2,147,8,0,8,155
03/25/2007,DSM,IA,ACE,CE,Combined TRACON& Tower with Radar,34,94,25,2,155,0,4,7,0,11,34,98,32,2,166,10,0,10,176
03/26/2007,DSM,IA,ACE,CE,Combined TRACON& Tower with Radar,30,129,79,2,240,0,10,28,2,40,30,139,107,4,280,6,0,6,286
03/27/2007,DSM,IA,ACE,CE,Combined TRACON& Tower with Radar,58,142,59,5,264,0,1,6,0,7,58,143,65,5,271,2,0,2,273
03/28/2007,DSM,IA,ACE,CE,Combined TRACON& Tower with Radar,48,132,124,2,306,1,0,5,0,6,49,132,129,2,312,0,0,0,312
03/29/2007,DSM,IA,ACE,CE,Combined TRACON& Tower with Radar,57,140,69,2,268,0,0,1,0,1,57,140,70,2,269,6,0,6,275
03/30/2007,DSM,IA,ACE,CE,Combined TRACON& Tower with Radar,51,127,45,1,224,1,1,10,0,12,52,128,55,1,236,4,0,4,240
03/31/2007,DSM,IA,ACE,CE,Combined TRACON& Tower with Radar,28,86,21,0,135,3,2,1,0,6,31,88,22,0,141,0,0,0,141
04/01/2007,DSM,IA,ACE,CE,Combined TRACON& Tower with Radar,31,94,21,0,146,0,2,12,0,14,31,96,33,0,160,0,0,0,160
04/02/2007,DSM,IA,ACE,CE,Combined TRACON& Tower with Radar,29,111,81,0,221,1,5,49,0,55,30,116,130,0,276,28,0,28,304
04/03/2007,DSM,IA,ACE,CE,Combined TRACON& Tower with Radar,51,128,82,2,263,0,3,6,0,9,51,131,88,2,272,2,0,2,274
04/04/2007,DSM,IA,ACE,CE,Combined TRACON& Tower with Radar,54,143,101,0,298,0,1,9,2,12,54,144,110,2,310,0,0,0,310
04/05/2007,DSM,IA,ACE,CE,Combined TRACON& Tower with Radar,54,135,108,0,297,0,1,44,0,45,54,136,152,0,342,6,0,6,348
04/06/2007,DSM,IA,ACE,CE,Combined TRACON& Tower with Radar,42,126,66,0,234,0,4,11,0,15,42,130,77,0,249,0,0,0,249
04/07/2007,DSM,IA,ACE,CE,Combined TRACON& Tower with Radar,31,82,11,0,124,0,5,17,0,22,31,87,28,0,146,44,0,44,190
04/08/2007,DSM,IA,ACE,CE,Combined TRACON& Tower with Radar,32,92,21,0,145,0,4,44,0,48,32,96,65,0,193,4,0,4,197
04/09/2007,DSM,IA,ACE,CE,Combined TRACON& Tower with Radar,31,119,92,0,242,0,4,44,0,48,31,123,136,0,290,18,0,18,308
04/10/2007,DSM,IA,ACE,CE,Combined TRACON& Tower with Radar,60,132,79,3,274,0,1,14,0,15,60,133,93,3,289,10,16,26,315
04/11/2007,DSM,IA,ACE,CE,Combined TRACON& Tower with Radar,49,119,74,0,242,0,5,3,0,8,49,124,77,0,250,0,0,0,250
04/12/2007,DSM,IA,ACE,CE,Combined TRACON& Tower with Radar,56,126,106,2,290,0,1,36,0,37,56,127,142,2,327,6,0,6,333
04/13/2007,DSM,IA,ACE,CE,Combined TRACON& Tower with Radar,47,132,88,7,274,1,3,36,0,40,48,135,124,7,314,14,0,14,328
04/14/2007,DSM,IA,ACE,CE,Combined TRACON& Tower with Radar,33,92,42,7,174,0,5,60,1,66,33,97,102,8,240,26,0,26,266
04/15/2007,DSM,IA,ACE,CE,Combined TRACON& Tower with Radar,31,95,35,0,161,0,2,64,2,68,31,97,99,2,229,46,0,46,275
04/16/2007,DSM,IA,ACE,CE,Combined TRACON& Tower with Radar,32,116,72,0,220,0,7,46,0,53,32,123,118,0,273,12,0,12,285
04/17/2007,DSM,IA,ACE,CE,Combined TRACON& Tower with Radar,54,127,83,5,269,0,3,39,0,42,54,130,122,5,311,4,4,8,319
04/18/2007,DSM,IA,ACE,CE,Combined TRACON& Tower with Radar,60,142,97,4,303,0,3,45,2,50,60,145,142,6,353,12,8,20,373
04/19/2007,DSM,IA,ACE,CE,Combined TRACON& Tower with Radar,57,140,101,7,305,0,11,40,1,52,57,151,141,8,357,6,2,8,365
04/20/2007,DSM,IA,ACE,CE,Combined TRACON& Tower with Radar,43,134,73,8,258,0,4,42,0,46,43,138,115,8,304,16,12,28,332
04/21/2007,DSM,IA,ACE,CE,Combined TRACON& Tower with Radar,31,91,20,0,142,0,3,26,2,31,31,94,46,2,173,4,0,4,177
04/22/2007,DSM,IA,ACE,CE,Combined TRACON& Tower with Radar,32,98,33,0,163,0,5,6,1,12,32,103,39,1,175,8,0,8,183
04/23/2007,DSM,IA,ACE,CE,Combined TRACON& Tower with Radar,57,126,73,0,256,0,0,0,2,2,57,126,73,2,258,2,0,2,260
04/24/2007,DSM,IA,ACE,CE,Combined TRACON& Tower with Radar,57,126,73,0,256,0,1,8,2,11,57,127,81,2,267,2,0,2,269
04/25/2007,DSM,IA,ACE,CE,Combined TRACON& Tower with Radar,56,135,79,0,270,0,10,8,0,18,56,145,87,0,288,0,0,0,288
04/26/2007,DSM,IA,ACE,CE,Combined TRACON& Tower with Radar,55,138,86,2,281,0,1,16,0,17,55,139,102,2,298,2,0,2,300
04/27/2007,DSM,IA,ACE,CE,Combined TRACON& Tower with Radar,48,127,81,5,261,0,3,55,1,59,48,130,136,6,320,5,16,21,341
04/28/2007,DSM,IA,ACE,CE,Combined TRACON& Tower with Radar,38,89,22,13,162,0,2,49,3,54,38,91,71,16,216,46,60,106,322
04/29/2007,DSM,IA,ACE,CE,Combined TRACON& Tower with Radar,28,98,50,2,178,0,9,45,12,66,28,107,95,14,244,22,0,22,266
04/30/2007,DSM,IA,ACE,CE,Combined TRACON& Tower with Radar,30,118,82,4,234,0,2,46,1,49,30,120,128,5,283,16,10,26,309
05/01/2007,DSM,IA,ACE,CE,Combined TRACON& Tower with Radar,56,138,78,10,282,0,3,40,1,44,56,141,118,11,326,4,14,18,344
05/02/2007,DSM,IA,ACE,CE,Combined TRACON& Tower with Radar,59,138,89,12,298,0,6,43,2,51,59,144,132,14,349,12,2,14,363
05/03/2007,DSM,IA,ACE,CE,Combined TRACON& Tower with Radar,58,137,87,8,290,0,0,6,0,6,58,137,93,8,296,10,0,10,306
05/04/2007,DSM,IA,ACE,CE,Combined TRACON& Tower with Radar,44,135,66,8,253,0,1,2,0,3,44,136,68,8,256,0,0,0,256
05/05/2007,DSM,IA,ACE,CE,Combined TRACON& Tower with Radar,30,94,37,5,166,0,3,2,0,5,30,97,39,5,171,0,0,0,171
05/06/2007,DSM,IA,ACE,CE,Combined TRACON& Tower with Radar,33,106,34,0,173,0,0,1,0,1,33,106,35,0,174,0,0,0,174
05/07/2007,DSM,IA,ACE,CE,Combined TRACON& Tower with Radar,27,122,76,0,225,0,1,13,1,15,27,123,89,1,240,10,0,10,250
05/08/2007,DSM,IA,ACE,CE,Combined TRACON& Tower with Radar,52,136,75,8,271,0,0,45,1,46,52,136,120,9,317,26,16,42,359
05/09/2007,DSM,IA,ACE,CE,Combined TRACON& Tower with Radar,55,140,120,11,326,0,10,63,4,77,55,150,183,15,403,6,8,14,417
05/10/2007,DSM,IA,ACE,CE,Combined TRACON& Tower with Radar,54,146,99,13,312,0,1,42,1,44,54,147,141,14,356,6,16,22,378
05/11/2007,DSM,IA,ACE,CE,Combined TRACON& Tower with Radar,41,133,91,13,278,0,4,51,1,56,41,137,142,14,334,20,53,73,407
05/12/2007,DSM,IA,ACE,CE,Combined TRACON& Tower with Radar,26,93,30,1,150,1,7,34,2,44,27,100,64,3,194,24,0,24,218
05/13/2007,DSM,IA,ACE,CE,Combined TRACON& Tower with Radar,28,98,30,3,159,0,2,20,0,22,28,100,50,3,181,8,0,8,189
05/14/2007,DSM,IA,ACE,CE,Combined TRACON& Tower with Radar,24,126,93,4,247,2,3,19,0,24,26,129,112,4,271,4,0,4,275
05/15/2007,DSM,IA,ACE,CE,Combined TRACON& Tower with Radar,52,138,109,9,308,0,1,7,0,8,52,139,116,9,316,18,4,22,338
05/16/2007,DSM,IA,ACE,CE,Combined TRACON& Tower with Radar,57,132,112,6,307,0,5,43,1,49,57,137,155,7,356,4,6,10,366
05/17/2007,DSM,IA,ACE,CE,Combined TRACON& Tower with Radar,57,139,84,18,298,0,3,61,4,68,57,142,145,22,366,72,4,76,442
05/18/2007,DSM,IA,ACE,CE,Combined TRACON& Tower with Radar,41,137,89,14,281,0,4,46,0,50,41,141,135,14,331,26,8,34,365
05/19/2007,DSM,IA,ACE,CE,Combined TRACON& Tower with Radar,31,89,22,6,148,0,4,49,2,55,31,93,71,8,203,80,6,86,289
05/20/2007,DSM,IA,ACE,CE,Combined TRACON& Tower with Radar,26,108,31,2,167,0,2,46,1,49,26,110,77,3,216,68,0,68,284
05/21/2007,DSM,IA,ACE,CE,Combined TRACON& Tower with Radar,26,125,79,0,230,0,0,25,0,25,26,125,104,0,255,10,2,12,267
05/22/2007,DSM,IA,ACE,CE,Combined TRACON& Tower with Radar,53,156,93,9,311,1,3,16,0,20,54,159,109,9,331,12,4,16,347
05/23/2007,DSM,IA,ACE,CE,Combined TRACON& Tower with Radar,58,134,92,9,293,0,1,9,3,13,58,135,101,12,306,2,0,2,308
05/24/2007,DSM,IA,ACE,CE,Combined TRACON& Tower with Radar,59,135,75,5,274,0,3,23,0,26,59,138,98,5,300,2,2,4,304
05/25/2007,DSM,IA,ACE,CE,Combined TRACON& Tower with Radar,45,136,78,0,259,0,7,55,0,62,45,143,133,0,321,42,0,42,363
05/26/2007,DSM,IA,ACE,CE,Combined TRACON& Tower with Radar,32,94,27,0,153,0,2,18,0,20,32,96,45,0,173,14,0,14,187
05/27/2007,DSM,IA,ACE,CE,Combined TRACON& Tower with Radar,30,78,23,0,131,0,7,37,0,44,30,85,60,0,175,22,0,22,197
05/28/2007,DSM,IA,ACE,CE,Combined TRACON& Tower with Radar,20,104,43,0,167,0,5,19,4,28,20,109,62,4,195,12,8,20,215
05/29/2007,DSM,IA,ACE,CE,Combined TRACON& Tower with Radar,25,132,55,9,221,0,5,0,0,5,25,137,55,9,226,0,0,0,226
05/30/2007,DSM,IA,ACE,CE,Combined TRACON& Tower with Radar,52,131,79,9,271,0,2,9,0,11,52,133,88,9,282,0,0,0,282
05/31/2007,DSM,IA,ACE,CE,Combined TRACON& Tower with Radar,61,146,81,9,297,0,5,58,0,63,61,151,139,9,360,38,16,54,414
06/01/2007,DSM,IA,ACE,CE,Combined TRACON& Tower with Radar,40,139,59,5,243,0,5,18,0,23,40,144,77,5,266,0,0,0,266
06/02/2007,DSM,IA,ACE,CE,Combined TRACON& Tower with Radar,31,92,25,0,148,0,6,17,0,23,31,98,42,0,171,2,0,2,173
06/03/2007,DSM,IA,ACE,CE,Combined TRACON& Tower with Radar,28,103,42,0,173,0,1,13,1,15,28,104,55,1,188,0,0,0,188
06/04/2007,DSM,IA,ACE,CE,Combined TRACON& Tower with Radar,29,125,71,0,225,0,1,38,0,39,29,126,109,0,264,8,0,8,272
06/05/2007,DSM,IA,ACE,CE,Combined TRACON& Tower with Radar,50,147,95,9,301,0,6,61,1,68,50,153,156,10,369,2,18,20,389
06/06/2007,DSM,IA,ACE,CE,Combined TRACON& Tower with Radar,53,154,95,4,306,0,4,16,0,20,53,158,111,4,326,0,0,0,326
06/07/2007,DSM,IA,ACE,CE,Combined TRACON& Tower with Radar,48,148,73,0,269,0,2,11,0,13,48,150,84,0,282,8,0,8,290
06/08/2007,DSM,IA,ACE,CE,Combined TRACON& Tower with Radar,38,135,91,0,264,0,5,52,0,57,38,140,143,0,321,16,0,16,337
06/09/2007,DSM,IA,ACE,CE,Combined TRACON& Tower with Radar,25,105,37,1,168,0,4,48,3,55,25,109,85,4,223,22,0,22,245
06/10/2007,DSM,IA,ACE,CE,Combined TRACON& Tower with Radar,31,128,55,2,216,1,5,30,0,36,32,133,85,2,252,2,0,2,254
06/11/2007,DSM,IA,ACE,CE,Combined TRACON& Tower with Radar,23,121,90,0,234,0,3,14,0,17,23,124,104,0,251,12,0,12,263
06/12/2007,DSM,IA,ACE,CE,Combined TRACON& Tower with Radar,48,153,85,15,301,0,5,49,2,56,48,158,134,17,357,8,14,22,379
06/13/2007,DSM,IA,ACE,CE,Combined TRACON& Tower with Radar,50,157,115,7,329,1,6,38,2,47,51,163,153,9,376,12,4,16,392
06/14/2007,DSM,IA,ACE,CE,Combined TRACON& Tower with Radar,51,152,86,12,301,0,5,51,0,56,51,157,137,12,357,18,6,24,381
06/15/2007,DSM,IA,ACE,CE,Combined TRACON& Tower with Radar,36,144,84,7,271,0,3,32,0,35,36,147,116,7,306,36,6,42,348
06/16/2007,DSM,IA,ACE,CE,Combined TRACON& Tower with Radar,23,94,12,0,129,0,4,20,0,24,23,98,32,0,153,4,0,4,157
06/17/2007,DSM,IA,ACE,CE,Combined TRACON& Tower with Radar,30,99,42,2,173,0,0,35,3,38,30,99,77,5,211,0,0,0,211
06/18/2007,DSM,IA,ACE,CE,Combined TRACON& Tower with Radar,21,137,73,2,233,0,2,11,0,13,21,139,84,2,246,0,0,0,246
06/19/2007,DSM,IA,ACE,CE,Combined TRACON& Tower with Radar,49,145,71,10,275,0,5,50,1,56,49,150,121,11,331,18,28,46,377
06/20/2007,DSM,IA,ACE,CE,Combined TRACON& Tower with Radar,45,148,96,11,300,0,1,47,0,48,45,149,143,11,348,0,0,0,348
06/21/2007,DSM,IA,ACE,CE,Combined TRACON& Tower with Radar,50,154,79,14,297,0,0,38,1,39,50,154,117,15,336,0,8,8,344
06/22/2007,DSM,IA,ACE,CE,Combined TRACON& Tower with Radar,40,146,85,11,282,0,0,12,0,12,40,146,97,11,294,4,0,4,298
06/23/2007,DSM,IA,ACE,CE,Combined TRACON& Tower with Radar,26,110,48,0,184,1,0,4,0,5,27,110,52,0,189,2,0,2,191
06/24/2007,DSM,IA,ACE,CE,Combined TRACON& Tower with Radar,32,113,49,3,197,0,4,6,0,10,32,117,55,3,207,0,0,0,207
06/25/2007,DSM,IA,ACE,CE,Combined TRACON& Tower with Radar,23,120,84,0,227,0,1,47,0,48,23,121,131,0,275,8,0,8,283
06/26/2007,DSM,IA,ACE,CE,Combined TRACON& Tower with Radar,53,149,107,19,328,0,3,33,1,37,53,152,140,20,365,28,52,80,445
06/27/2007,DSM,IA,ACE,CE,Combined TRACON& Tower with Radar,49,142,75,12,278,0,1,29,2,32,49,143,104,14,310,20,0,20,330
06/28/2007,DSM,IA,ACE,CE,Combined TRACON& Tower with Radar,47,161,107,7,322,0,5,51,2,58,47,166,158,9,380,24,6,30,410
06/29/2007,DSM,IA,ACE,CE,Combined TRACON& Tower with Radar,37,147,107,2,293,2,3,62,2,69,39,150,169,4,362,22,0,22,384
06/30/2007,DSM,IA,ACE,CE,Combined TRACON& Tower with Radar,24,103,47,7,181,0,16,118,6,140,24,119,165,13,321,14,44,58,379
07/01/2007,DSM,IA,ACE,CE,Combined TRACON& Tower with Radar,30,98,39,1,168,0,3,40,2,45,30,101,79,3,213,16,0,16,229
07/02/2007,DSM,IA,ACE,CE,Combined TRACON& Tower with Radar,25,106,62,0,193,0,4,42,0,46,25,110,104,0,239,22,0,22,261
07/03/2007,DSM,IA,ACE,CE,Combined TRACON& Tower with Radar,47,127,60,11,245,0,3,35,2,40,47,130,95,13,285,12,8,20,305
07/04/2007,DSM,IA,ACE,CE,Combined TRACON& Tower with Radar,21,97,17,3,138,0,3,19,5,27,21,100,36,8,165,10,0,10,175
07/05/2007,DSM,IA,ACE,CE,Combined TRACON& Tower with Radar,43,103,59,15,220,0,3,54,6,63,43,106,113,21,283,12,8,20,303
07/06/2007,DSM,IA,ACE,CE,Combined TRACON& Tower with Radar,41,123,70,5,239,0,4,42,2,48,41,127,112,7,287,26,4,30,317
07/07/2007,DSM,IA,ACE,CE,Combined TRACON& Tower with Radar,27,102,34,0,163,1,7,34,1,43,28,109,68,1,206,42,0,42,248
07/08/2007,DSM,IA,ACE,CE,Combined TRACON& Tower with Radar,42,104,50,0,196,0,3,25,0,28,42,107,75,0,224,10,0,10,234
07/09/2007,DSM,IA,ACE,CE,Combined TRACON& Tower with Radar,29,121,62,0,212,0,0,22,0,22,29,121,84,0,234,2,0,2,236
07/10/2007,DSM,IA,ACE,CE,Combined TRACON& Tower with Radar,58,146,74,11,289,0,1,28,0,29,58,147,102,11,318,14,20,34,352
07/11/2007,DSM,IA,ACE,CE,Combined TRACON& Tower with Radar,49,144,94,12,299,0,2,54,4,60,49,146,148,16,359,0,10,10,369
07/12/2007,DSM,IA,ACE,CE,Combined TRACON& Tower with Radar,51,154,81,3,289,0,3,24,0,27,51,157,105,3,316,32,8,40,356
07/13/2007,DSM,IA,ACE,CE,Combined TRACON& Tower with Radar,37,137,55,11,240,0,1,62,10,73,37,138,117,21,313,26,20,46,359
07/14/2007,DSM,IA,ACE,CE,Combined TRACON& Tower with Radar,25,97,29,0,151,0,5,25,0,30,25,102,54,0,181,4,0,4,185
07/15/2007,DSM,IA,ACE,CE,Combined TRACON& Tower with Radar,31,107,37,0,175,0,1,42,2,45,31,108,79,2,220,24,0,24,244
07/16/2007,DSM,IA,ACE,CE,Combined TRACON& Tower with Radar,23,130,72,2,227,0,6,35,0,41,23,136,107,2,268,4,0,4,272
07/17/2007,DSM,IA,ACE,CE,Combined TRACON& Tower with Radar,51,152,82,6,291,0,3,35,0,38,51,155,117,6,329,33,6,39,368
07/18/2007,DSM,IA,ACE,CE,Combined TRACON& Tower with Radar,51,150,88,11,300,0,5,28,1,34,51,155,116,12,334,14,10,24,358
07/19/2007,DSM,IA,ACE,CE,Combined TRACON& Tower with Radar,46,121,71,2,240,1,2,15,0,18,47,123,86,2,258,12,4,16,274
07/20/2007,DSM,IA,ACE,CE,Combined TRACON& Tower with Radar,36,159,78,6,279,0,4,45,1,50,36,163,123,7,329,10,2,12,341
07/21/2007,DSM,IA,ACE,CE,Combined TRACON& Tower with Radar,25,99,34,2,160,0,5,40,0,45,25,104,74,2,205,82,0,82,287
07/22/2007,DSM,IA,ACE,CE,Combined TRACON& Tower with Radar,27,104,42,0,173,0,4,40,0,44,27,108,82,0,217,36,0,36,253
07/23/2007,DSM,IA,ACE,CE,Combined TRACON& Tower with Radar,23,128,100,0,251,0,2,22,2,26,23,130,122,2,277,12,0,12,289
07/24/2007,DSM,IA,ACE,CE,Combined TRACON& Tower with Radar,48,152,80,10,290,0,2,25,2,29,48,154,105,12,319,0,11,11,330
07/25/2007,DSM,IA,ACE,CE,Combined TRACON& Tower with Radar,51,152,77,8,288,0,8,35,2,45,51,160,112,10,333,8,4,12,345
07/26/2007,DSM,IA,ACE,CE,Combined TRACON& Tower with Radar,43,143,87,4,277,0,3,43,2,48,43,146,130,6,325,12,2,14,339
07/27/2007,DSM,IA,ACE,CE,Combined TRACON& Tower with Radar,36,138,77,11,262,0,2,16,1,19,36,140,93,12,281,0,0,0,281
07/28/2007,DSM,IA,ACE,CE,Combined TRACON& Tower with Radar,22,103,32,6,163,0,3,25,2,30,22,106,57,8,193,12,0,12,205
07/29/2007,DSM,IA,ACE,CE,Combined TRACON& Tower with Radar,31,96,49,3,179,0,1,23,1,25,31,97,72,4,204,22,0,22,226
07/30/2007,DSM,IA,ACE,CE,Combined TRACON& Tower with Radar,22,119,86,0,227,0,7,45,0,52,22,126,131,0,279,10,0,10,289
07/31/2007,DSM,IA,ACE,CE,Combined TRACON& Tower with Radar,48,145,59,8,260,0,2,44,2,48,48,147,103,10,308,18,4,22,330
08/01/2007,DSM,IA,ACE,CE,Combined TRACON& Tower with Radar,53,143,79,8,283,0,2,51,12,65,53,145,130,20,348,6,30,36,384
08/02/2007,DSM,IA,ACE,CE,Combined TRACON& Tower with Radar,50,147,82,7,286,1,5,25,0,31,51,152,107,7,317,24,0,24,341
08/03/2007,DSM,IA,ACE,CE,Combined TRACON& Tower with Radar,35,137,96,11,279,0,5,44,0,49,35,142,140,11,328,8,8,16,344
08/04/2007,DSM,IA,ACE,CE,Combined TRACON& Tower with Radar,27,101,35,14,177,0,2,16,0,18,27,103,51,14,195,8,8,16,211
08/05/2007,DSM,IA,ACE,CE,Combined TRACON& Tower with Radar,31,108,50,4,193,0,0,27,0,27,31,108,77,4,220,38,4,42,262
08/06/2007,DSM,IA,ACE,CE,Combined TRACON& Tower with Radar,24,128,81,0,233,0,2,12,0,14,24,130,93,0,247,0,0,0,247
08/07/2007,DSM,IA,ACE,CE,Combined TRACON& Tower with Radar,50,148,83,8,289,0,0,22,0,22,50,148,105,8,311,6,16,22,333
08/08/2007,DSM,IA,ACE,CE,Combined TRACON& Tower with Radar,52,154,106,13,325,0,1,24,0,25,52,155,130,13,350,22,0,22,372
08/09/2007,DSM,IA,ACE,CE,Combined TRACON& Tower with Radar,52,154,83,14,303,0,5,24,0,29,52,159,107,14,332,12,24,36,368
08/10/2007,DSM,IA,ACE,CE,Combined TRACON& Tower with Radar,40,151,66,18,275,0,2,43,0,45,40,153,109,18,320,4,12,16,336
08/11/2007,DSM,IA,ACE,CE,Combined TRACON& Tower with Radar,24,105,26,4,159,0,4,24,0,28,24,109,50,4,187,2,0,2,189
08/12/2007,DSM,IA,ACE,CE,Combined TRACON& Tower with Radar,36,102,56,0,194,0,1,34,0,35,36,103,90,0,229,0,0,0,229
08/13/2007,DSM,IA,ACE,CE,Combined TRACON& Tower with Radar,28,125,82,0,235,0,4,40,0,44,28,129,122,0,279,48,0,48,327
08/14/2007,DSM,IA,ACE,CE,Combined TRACON& Tower with Radar,50,153,89,9,301,0,4,30,0,34,50,157,119,9,335,6,18,24,359
08/15/2007,DSM,IA,ACE,CE,Combined TRACON& Tower with Radar,49,146,86,18,299,0,4,33,0,37,49,150,119,18,336,16,0,16,352
08/16/2007,DSM,IA,ACE,CE,Combined TRACON& Tower with Radar,50,152,96,14,312,0,4,32,3,39,50,156,128,17,351,6,4,10,361
08/17/2007,DSM,IA,ACE,CE,Combined TRACON& Tower with Radar,38,133,95,8,274,0,0,46,0,46,38,133,141,8,320,16,0,16,336
08/18/2007,DSM,IA,ACE,CE,Combined TRACON& Tower with Radar,20,94,23,10,147,1,0,21,2,24,21,94,44,12,171,0,0,0,171
08/19/2007,DSM,IA,ACE,CE,Combined TRACON& Tower with Radar,28,97,53,8,186,0,0,16,0,16,28,97,69,8,202,12,0,12,214
08/20/2007,DSM,IA,ACE,CE,Combined TRACON& Tower with Radar,26,125,67,0,218,1,1,29,0,31,27,126,96,0,249,10,0,10,259
08/21/2007,DSM,IA,ACE,CE,Combined TRACON& Tower with Radar,50,144,71,11,276,1,1,31,1,34,51,145,102,12,310,0,12,12,322
08/22/2007,DSM,IA,ACE,CE,Combined TRACON& Tower with Radar,52,141,84,12,289,0,1,10,0,11,52,142,94,12,300,0,0,0,300
08/23/2007,DSM,IA,ACE,CE,Combined TRACON& Tower with Radar,42,128,86,7,263,1,2,8,0,11,43,130,94,7,274,4,0,4,278
08/24/2007,DSM,IA,ACE,CE,Combined TRACON& Tower with Radar,37,148,87,1,273,1,2,8,0,11,38,150,95,1,284,0,0,0,284
08/25/2007,DSM,IA,ACE,CE,Combined TRACON& Tower with Radar,23,89,31,2,145,0,1,40,0,41,23,90,71,2,186,26,2,28,214
08/26/2007,DSM,IA,ACE,CE,Combined TRACON& Tower with Radar,30,95,39,0,164,1,1,34,0,36,31,96,73,0,200,15,0,15,215
08/27/2007,DSM,IA,ACE,CE,Combined TRACON& Tower with Radar,25,120,114,1,260,0,5,55,1,61,25,125,169,2,321,20,0,20,341
08/28/2007,DSM,IA,ACE,CE,Combined TRACON& Tower with Radar,48,135,79,13,275,0,2,32,0,34,48,137,111,13,309,19,34,53,362
08/29/2007,DSM,IA,ACE,CE,Combined TRACON& Tower with Radar,51,139,101,19,310,0,0,9,0,9,51,139,110,19,319,36,0,36,355
08/30/2007,DSM,IA,ACE,CE,Combined TRACON& Tower with Radar,49,142,83,18,292,1,4,48,3,56,50,146,131,21,348,54,2,56,404
08/31/2007,DSM,IA,ACE,CE,Combined TRACON& Tower with Radar,38,143,87,2,270,0,0,40,0,40,38,143,127,2,310,2,0,2,312
09/01/2007,DSM,IA,ACE,CE,Combined TRACON& Tower with Radar,20,82,29,2,133,1,3,56,0,60,21,85,85,2,193,28,0,28,221
09/02/2007,DSM,IA,ACE,CE,Combined TRACON& Tower with Radar,21,80,20,0,121,0,3,40,0,43,21,83,60,0,164,22,0,22,186
09/03/2007,DSM,IA,ACE,CE,Combined TRACON& Tower with Radar,19,112,55,1,187,0,1,38,1,40,19,113,93,2,227,6,0,6,233
09/04/2007,DSM,IA,ACE,CE,Combined TRACON& Tower with Radar,27,129,61,19,236,0,4,42,1,47,27,133,103,20,283,22,6,28,311
09/05/2007,DSM,IA,ACE,CE,Combined TRACON& Tower with Radar,57,132,100,22,311,0,5,31,1,37,57,137,131,23,348,6,18,24,372
09/06/2007,DSM,IA,ACE,CE,Combined TRACON& Tower with Radar,51,141,99,23,314,0,3,15,1,19,51,144,114,24,333,4,6,10,343
09/07/2007,DSM,IA,ACE,CE,Combined TRACON& Tower with Radar,32,130,71,14,247,0,1,23,1,25,32,131,94,15,272,6,0,6,278
09/08/2007,DSM,IA,ACE,CE,Combined TRACON& Tower with Radar,28,85,26,11,150,0,0,42,0,42,28,85,68,11,192,86,16,102,294
09/09/2007,DSM,IA,ACE,CE,Combined TRACON& Tower with Radar,27,124,86,2,239,0,2,11,0,13,27,126,97,2,252,26,0,26,278
09/10/2007,DSM,IA,ACE,CE,Combined TRACON& Tower with Radar,27,124,86,2,239,0,2,11,0,13,27,126,97,2,252,26,0,26,278
09/11/2007,DSM,IA,ACE,CE,Combined TRACON& Tower with Radar,49,139,56,11,255,0,1,46,1,48,49,140,102,12,303,4,0,4,307
09/12/2007,DSM,IA,ACE,CE,Combined TRACON& Tower with Radar,54,132,81,19,286,0,2,65,1,68,54,134,146,20,354,2,9,11,365
09/13/2007,DSM,IA,ACE,CE,Combined TRACON& Tower with Radar,51,151,74,10,286,0,1,43,4,48,51,152,117,14,334,38,6,44,378
09/14/2007,DSM,IA,ACE,CE,Combined TRACON& Tower with Radar,38,139,70,9,256,0,1,40,0,41,38,140,110,9,297,16,14,30,327
09/15/2007,DSM,IA,ACE,CE,Combined TRACON& Tower with Radar,22,84,26,0,132,0,6,46,0,52,22,90,72,0,184,20,0,20,204
09/16/2007,DSM,IA,ACE,CE,Combined TRACON& Tower with Radar,31,95,58,2,186,0,4,36,0,40,31,99,94,2,226,8,0,8,234
09/17/2007,DSM,IA,ACE,CE,Combined TRACON& Tower with Radar,33,114,72,0,219,0,0,34,0,34,33,114,106,0,253,28,0,28,281
09/18/2007,DSM,IA,ACE,CE,Combined TRACON& Tower with Radar,50,122,94,13,279,2,3,12,0,17,52,125,106,13,296,6,0,6,302
09/19/2007,DSM,IA,ACE,CE,Combined TRACON& Tower with Radar,58,131,93,15,297,0,5,29,1,35,58,136,122,16,332,6,6,12,344
09/20/2007,DSM,IA,ACE,CE,Combined TRACON& Tower with Radar,54,129,85,9,277,0,3,37,0,40,54,132,122,9,317,54,2,56,373
09/21/2007,DSM,IA,ACE,CE,Combined TRACON& Tower with Radar,45,131,92,8,276,2,3,42,0,47,47,134,134,8,323,8,16,24,347
09/22/2007,DSM,IA,ACE,CE,Combined TRACON& Tower with Radar,28,74,41,6,149,0,2,51,2,55,28,76,92,8,204,10,8,18,222
09/23/2007,DSM,IA,ACE,CE,Combined TRACON& Tower with Radar,34,89,37,0,160,0,0,41,0,41,34,89,78,0,201,18,0,18,219
09/24/2007,DSM,IA,ACE,CE,Combined TRACON& Tower with Radar,33,116,105,2,256,0,2,8,0,10,33,118,113,2,266,0,0,0,266
09/25/2007,DSM,IA,ACE,CE,Combined TRACON& Tower with Radar,51,115,75,0,241,0,2,10,0,12,51,117,85,0,253,0,0,0,253
09/26/2007,DSM,IA,ACE,CE,Combined TRACON& Tower with Radar,57,137,69,2,265,1,0,48,0,49,58,137,117,2,314,10,2,12,326
09/27/2007,DSM,IA,ACE,CE,Combined TRACON& Tower with Radar,58,138,85,0,281,0,6,40,0,46,58,144,125,0,327,40,0,40,367
09/28/2007,DSM,IA,ACE,CE,Combined TRACON& Tower with Radar,45,121,84,0,250,0,1,51,0,52,45,122,135,0,302,10,1,11,313
09/29/2007,DSM,IA,ACE,CE,Combined TRACON& Tower with Radar,27,77,25,1,130,0,3,8,0,11,27,80,33,1,141,0,0,0,141
09/30/2007,DSM,IA,ACE,CE,Combined TRACON& Tower with Radar,34,87,34,1,156,0,0,7,1,8,34,87,41,2,164,10,0,10,174
10/01/2007,DSM,IA,ACE,CE,Combined TRACON& Tower with Radar,32,108,92,4,236,0,2,30,2,34,32,110,122,6,270,6,0,6,276
10/02/2007,DSM,IA,ACE,CE,Combined TRACON& Tower with Radar,49,132,57,6,244,1,2,8,0,11,50,134,65,6,255,4,0,4,259
10/03/2007,DSM,IA,ACE,CE,Combined TRACON& Tower with Radar,59,140,61,16,276,0,3,58,0,61,59,143,119,16,337,18,8,26,363
10/04/2007,DSM,IA,ACE,CE,Combined TRACON& Tower with Radar,56,148,58,10,272,0,0,35,0,35,56,148,93,10,307,14,0,14,321
10/05/2007,DSM,IA,ACE,CE,Combined TRACON& Tower with Radar,46,125,64,0,235,0,1,19,0,20,46,126,83,0,255,0,0,0,255
10/06/2007,DSM,IA,ACE,CE,Combined TRACON& Tower with Radar,26,80,24,2,132,0,2,20,0,22,26,82,44,2,154,4,0,4,158
10/07/2007,DSM,IA,ACE,CE,Combined TRACON& Tower with Radar,36,87,40,2,165,0,3,8,0,11,36,90,48,2,176,4,0,4,180
10/08/2007,DSM,IA,ACE,CE,Combined TRACON& Tower with Radar,33,110,71,0,214,0,1,18,0,19,33,111,89,0,233,0,0,0,233
10/09/2007,DSM,IA,ACE,CE,Combined TRACON& Tower with Radar,54,111,62,12,239,0,0,45,0,45,54,111,107,12,284,0,6,6,290
10/10/2007,DSM,IA,ACE,CE,Combined TRACON& Tower with Radar,55,127,89,15,286,0,2,33,2,37,55,129,122,17,323,12,14,26,349
10/11/2007,DSM,IA,ACE,CE,Combined TRACON& Tower with Radar,60,137,78,5,280,0,2,55,0,57,60,139,133,5,337,40,4,44,381
10/12/2007,DSM,IA,ACE,CE,Combined TRACON& Tower with Radar,48,131,90,13,282,0,1,46,0,47,48,132,136,13,329,0,0,0,329
10/13/2007,DSM,IA,ACE,CE,Combined TRACON& Tower with Radar,30,88,44,9,171,0,0,5,1,6,30,88,49,10,177,12,0,12,189
10/14/2007,DSM,IA,ACE,CE,Combined TRACON& Tower with Radar,32,98,41,2,173,0,0,3,0,3,32,98,44,2,176,6,0,6,182
10/15/2007,DSM,IA,ACE,CE,Combined TRACON& Tower with Radar,32,106,77,0,215,0,0,11,0,11,32,106,88,0,226,10,0,10,236
10/16/2007,DSM,IA,ACE,CE,Combined TRACON& Tower with Radar,51,125,104,11,291,0,0,6,0,6,51,125,110,11,297,2,2,4,301
10/17/2007,DSM,IA,ACE,CE,Combined TRACON& Tower with Radar,54,133,104,2,293,1,4,12,0,17,55,137,116,2,310,0,0,0,310
10/18/2007,DSM,IA,ACE,CE,Combined TRACON& Tower with Radar,52,130,103,12,297,2,4,6,0,12,54,134,109,12,309,0,0,0,309
10/19/2007,DSM,IA,ACE,CE,Combined TRACON& Tower with Radar,45,128,82,6,261,0,1,13,1,15,45,129,95,7,276,0,10,10,286
10/20/2007,DSM,IA,ACE,CE,Combined TRACON& Tower with Radar,28,88,20,6,142,0,1,44,3,48,28,89,64,9,190,2,4,6,196
10/21/2007,DSM,IA,ACE,CE,Combined TRACON& Tower with Radar,31,107,35,2,175,0,3,33,0,36,31,110,68,2,211,0,0,0,211
10/22/2007,DSM,IA,ACE,CE,Combined TRACON& Tower with Radar,32,115,53,2,202,0,0,23,0,23,32,115,76,2,225,8,0,8,233
10/23/2007,DSM,IA,ACE,CE,Combined TRACON& Tower with Radar,52,125,106,4,287,0,1,37,1,39,52,126,143,5,326,8,12,20,346
10/24/2007,DSM,IA,ACE,CE,Combined TRACON& Tower with Radar,51,134,76,14,275,0,1,42,2,45,51,135,118,16,320,6,0,6,326
10/25/2007,DSM,IA,ACE,CE,Combined TRACON& Tower with Radar,56,137,90,18,301,1,3,43,0,47,57,140,133,18,348,8,18,26,374
10/26/2007,DSM,IA,ACE,CE,Combined TRACON& Tower with Radar,44,135,83,5,267,0,1,12,0,13,44,136,95,5,280,0,0,0,280
10/27/2007,DSM,IA,ACE,CE,Combined TRACON& Tower with Radar,26,82,45,1,154,0,0,18,0,18,26,82,63,1,172,18,0,18,190
10/28/2007,DSM,IA,ACE,CE,Combined TRACON& Tower with Radar,33,93,36,0,162,1,3,43,5,52,34,96,79,5,214,38,0,38,252
10/29/2007,DSM,IA,ACE,CE,Combined TRACON& Tower with Radar,31,119,88,2,240,0,4,13,0,17,31,123,101,2,257,0,0,0,257
10/30/2007,DSM,IA,ACE,CE,Combined TRACON& Tower with Radar,57,128,79,7,271,0,0,44,1,45,57,128,123,8,316,0,0,0,316
10/31/2007,DSM,IA,ACE,CE,Combined TRACON& Tower with Radar,58,121,83,17,279,0,0,20,1,21,58,121,103,18,300,0,8,8,308
11/01/2007,DSM,IA,ACE,CE,Combined TRACON& Tower with Radar,56,136,89,17,298,0,0,63,0,63,56,136,152,17,361,18,2,20,381
11/02/2007,DSM,IA,ACE,CE,Combined TRACON& Tower with Radar,44,133,62,10,249,0,1,30,3,34,44,134,92,13,283,4,8,12,295
11/03/2007,DSM,IA,ACE,CE,Combined TRACON& Tower with Radar,25,87,32,0,144,0,2,39,2,43,25,89,71,2,187,0,0,0,187
11/04/2007,DSM,IA,ACE,CE,Combined TRACON& Tower with Radar,36,87,31,0,154,1,0,21,5,27,37,87,52,5,181,60,5,65,246
11/05/2007,DSM,IA,ACE,CE,Combined TRACON& Tower with Radar,31,121,66,0,218,0,3,15,0,18,31,124,81,0,236,0,0,0,236
11/06/2007,DSM,IA,ACE,CE,Combined TRACON& Tower with Radar,61,134,63,11,269,0,0,28,0,28,61,134,91,11,297,14,0,14,311
11/07/2007,DSM,IA,ACE,CE,Combined TRACON& Tower with Radar,62,130,78,8,278,0,1,38,2,41,62,131,116,10,319,4,14,18,337
11/08/2007,DSM,IA,ACE,CE,Combined TRACON& Tower with Radar,62,147,73,8,290,0,0,31,3,34,62,147,104,11,324,0,24,24,348
11/09/2007,DSM,IA,ACE,CE,Combined TRACON& Tower with Radar,52,133,81,2,268,0,3,57,0,60,52,136,138,2,328,12,0,12,340
11/10/2007,DSM,IA,ACE,CE,Combined TRACON& Tower with Radar,34,87,42,2,165,0,0,24,2,26,34,87,66,4,191,0,0,0,191
11/11/2007,DSM,IA,ACE,CE,Combined TRACON& Tower with Radar,35,96,61,1,193,0,1,12,0,13,35,97,73,1,206,86,0,86,292
11/12/2007,DSM,IA,ACE,CE,Combined TRACON& Tower with Radar,41,104,71,2,218,0,2,21,0,23,41,106,92,2,241,0,8,8,249
11/13/2007,DSM,IA,ACE,CE,Combined TRACON& Tower with Radar,55,118,67,21,261,0,0,24,0,24,55,118,91,21,285,4,4,8,293
11/14/2007,DSM,IA,ACE,CE,Combined TRACON& Tower with Radar,60,132,74,8,274,0,0,22,0,22,60,132,96,8,296,6,0,6,302
11/15/2007,DSM,IA,ACE,CE,Combined TRACON& Tower with Radar,64,141,93,9,307,0,1,39,0,40,64,142,132,9,347,2,16,18,365
11/16/2007,DSM,IA,ACE,CE,Combined TRACON& Tower with Radar,52,129,79,10,270,0,0,44,0,44,52,129,123,10,314,16,4,20,334
11/17/2007,DSM,IA,ACE,CE,Combined TRACON& Tower with Radar,31,82,31,0,144,0,0,43,0,43,31,82,74,0,187,0,0,0,187
11/18/2007,DSM,IA,ACE,CE,Combined TRACON& Tower with Radar,34,86,37,2,159,0,0,2,0,2,34,86,39,2,161,0,0,0,161
11/19/2007,DSM,IA,ACE,CE,Combined TRACON& Tower with Radar,45,104,57,13,219,0,3,31,0,34,45,107,88,13,253,6,2,8,261
11/20/2007,DSM,IA,ACE,CE,Combined TRACON& Tower with Radar,75,128,76,0,279,2,3,4,0,9,77,131,80,0,288,4,0,4,292
11/21/2007,DSM,IA,ACE,CE,Combined TRACON& Tower with Radar,71,122,50,2,245,0,0,7,0,7,71,122,57,2,252,0,0,0,252
11/22/2007,DSM,IA,ACE,CE,Combined TRACON& Tower with Radar,31,79,20,0,130,0,1,6,0,7,31,80,26,0,137,0,0,0,137
11/23/2007,DSM,IA,ACE,CE,Combined TRACON& Tower with Radar,32,68,22,0,122,0,1,29,0,30,32,69,51,0,152,12,0,12,164
11/24/2007,DSM,IA,ACE,CE,Combined TRACON& Tower with Radar,37,87,10,1,135,0,0,12,0,12,37,87,22,1,147,10,0,10,157
11/25/2007,DSM,IA,ACE,CE,Combined TRACON& Tower with Radar,37,102,55,1,195,0,1,21,0,22,37,103,76,1,217,11,0,11,228
11/26/2007,DSM,IA,ACE,CE,Combined TRACON& Tower with Radar,43,119,48,0,210,0,5,21,0,26,43,124,69,0,236,0,0,0,236
11/27/2007,DSM,IA,ACE,CE,Combined TRACON& Tower with Radar,75,132,79,12,298,0,0,24,1,25,75,132,103,13,323,12,8,20,343
11/28/2007,DSM,IA,ACE,CE,Combined TRACON& Tower with Radar,73,132,83,17,305,0,2,25,1,28,73,134,108,18,333,6,16,22,355
11/29/2007,DSM,IA,ACE,CE,Combined TRACON& Tower with Radar,77,131,81,12,301,0,3,46,1,50,77,134,127,13,351,12,8,20,371
11/30/2007,DSM,IA,ACE,CE,Combined TRACON& Tower with Radar,50,126,67,14,257,0,2,37,2,41,50,128,104,16,298,18,12,30,328
12/01/2007,DSM,IA,ACE,CE,Combined TRACON& Tower with Radar,25,37,9,1,72,0,0,1,0,1,25,37,10,1,73,2,0,2,75
12/02/2007,DSM,IA,ACE,CE,Combined TRACON& Tower with Radar,40,80,29,5,154,0,2,2,0,4,40,82,31,5,158,0,0,0,158
12/03/2007,DSM,IA,ACE,CE,Combined TRACON& Tower with Radar,42,110,65,2,219,0,1,20,0,21,42,111,85,2,240,0,0,0,240
12/04/2007,DSM,IA,ACE,CE,Combined TRACON& Tower with Radar,75,123,102,14,314,2,3,23,1,29,77,126,125,15,343,20,16,36,379
12/05/2007,DSM,IA,ACE,CE,Combined TRACON& Tower with Radar,72,119,79,14,284,0,3,46,2,51,72,122,125,16,335,24,10,34,369
12/06/2007,DSM,IA,ACE,CE,Combined TRACON& Tower with Radar,68,107,80,0,255,0,0,0,0,0,68,107,80,0,255,0,0,0,255
12/07/2007,DSM,IA,ACE,CE,Combined TRACON& Tower with Radar,54,129,88,20,291,0,2,28,8,38,54,131,116,28,329,0,10,10,339
12/08/2007,DSM,IA,ACE,CE,Combined TRACON& Tower with Radar,31,80,18,9,138,0,3,3,1,7,31,83,21,10,145,0,0,0,145
12/09/2007,DSM,IA,ACE,CE,Combined TRACON& Tower with Radar,36,71,27,0,134,0,0,1,0,1,36,71,28,0,135,0,0,0,135
12/10/2007,DSM,IA,ACE,CE,Combined TRACON& Tower with Radar,38,108,81,1,228,0,0,1,0,1,38,108,82,1,229,4,0,4,233
12/11/2007,DSM,IA,ACE,CE,Combined TRACON& Tower with Radar,28,44,22,0,94,0,0,2,0,2,28,44,24,0,96,0,0,0,96
12/12/2007,DSM,IA,ACE,CE,Combined TRACON& Tower with Radar,72,129,92,13,306,1,1,14,0,16,73,130,106,13,322,0,20,20,342
12/13/2007,DSM,IA,ACE,CE,Combined TRACON& Tower with Radar,76,133,95,8,312,1,3,15,0,19,77,136,110,8,331,0,0,0,331
12/14/2007,DSM,IA,ACE,CE,Combined TRACON& Tower with Radar,53,119,76,4,252,0,1,25,0,26,53,120,101,4,278,0,0,0,278
12/15/2007,DSM,IA,ACE,CE,Combined TRACON& Tower with Radar,36,73,21,0,130,0,2,6,0,8,36,75,27,0,138,0,0,0,138
12/16/2007,DSM,IA,ACE,CE,Combined TRACON& Tower with Radar,33,76,31,0,140,0,0,22,0,22,33,76,53,0,162,32,0,32,194
12/17/2007,DSM,IA,ACE,CE,Combined TRACON& Tower with Radar,43,105,85,0,233,0,0,28,0,28,43,105,113,0,261,10,0,10,271
12/18/2007,DSM,IA,ACE,CE,Combined TRACON& Tower with Radar,98,121,103,13,335,0,0,35,1,36,98,121,138,14,371,10,8,18,389
12/19/2007,DSM,IA,ACE,CE,Combined TRACON& Tower with Radar,93,132,103,13,341,0,0,40,2,42,93,132,143,15,383,4,0,4,387
12/20/2007,DSM,IA,ACE,CE,Combined TRACON& Tower with Radar,92,124,80,2,298,0,0,17,0,17,92,124,97,2,315,0,0,0,315
12/21/2007,DSM,IA,ACE,CE,Combined TRACON& Tower with Radar,48,52,46,0,146,0,0,0,0,0,48,52,46,0,146,0,0,0,146
12/22/2007,DSM,IA,ACE,CE,Combined TRACON& Tower with Radar,46,58,26,0,130,0,0,2,0,2,46,58,28,0,132,0,0,0,132
12/23/2007,DSM,IA,ACE,CE,Combined TRACON& Tower with Radar,38,83,17,0,138,0,2,13,0,15,38,85,30,0,153,0,0,0,153
12/24/2007,DSM,IA,ACE,CE,Combined TRACON& Tower with Radar,34,92,13,0,139,0,2,14,0,16,34,94,27,0,155,0,0,0,155
12/25/2007,DSM,IA,ACE,CE,Combined TRACON& Tower with Radar,26,84,6,0,116,0,1,7,1,9,26,85,13,1,125,0,0,0,125
12/26/2007,DSM,IA,ACE,CE,Combined TRACON& Tower with Radar,46,107,54,6,213,0,0,1,0,1,46,107,55,6,214,0,0,0,214
12/27/2007,DSM,IA,ACE,CE,Combined TRACON& Tower with Radar,66,116,60,0,242,0,0,3,0,3,66,116,63,0,245,0,0,0,245
12/28/2007,DSM,IA,ACE,CE,Combined TRACON& Tower with Radar,49,115,48,0,212,0,2,8,0,10,49,117,56,0,222,4,0,4,226
12/29/2007,DSM,IA,ACE,CE,Combined TRACON& Tower with Radar,34,93,38,0,165,0,0,39,0,39,34,93,77,0,204,8,0,8,212
12/30/2007,DSM,IA,ACE,CE,Combined TRACON& Tower with Radar,36,89,23,0,148,0,0,2,0,2,36,89,25,0,150,0,0,0,150
12/31/2007,DSM,IA,ACE,CE,Combined TRACON& Tower with Radar,31,98,24,0,153,0,0,6,0,6,31,98,30,0,159,2,0,2,161
01/01/2008,DSM,IA,ACE,CE,Combined TRACON& Tower with Radar,27,82,37,2,148,0,0,0,0,0,27,82,37,2,148,0,0,0,148
01/02/2008,DSM,IA,ACE,CE,Combined TRACON& Tower with Radar,49,117,66,12,244,0,0,24,1,25,49,117,90,13,269,0,0,0,269
01/03/2008,DSM,IA,ACE,CE,Combined TRACON& Tower with Radar,76,139,88,13,316,0,1,22,0,23,76,140,110,13,339,8,22,30,369
01/04/2008,DSM,IA,ACE,CE,Combined TRACON& Tower with Radar,70,134,98,18,320,1,6,28,1,36,71,140,126,19,356,8,8,16,372
01/05/2008,DSM,IA,ACE,CE,Combined TRACON& Tower with Radar,33,88,38,13,172,2,0,28,1,31,35,88,66,14,203,36,14,50,253
01/06/2008,DSM,IA,ACE,CE,Combined TRACON& Tower with Radar,35,96,32,7,170,0,1,34,4,39,35,97,66,11,209,32,16,48,257
01/07/2008,DSM,IA,ACE,CE,Combined TRACON& Tower with Radar,36,90,64,0,190,0,1,1,0,2,36,91,65,0,192,0,0,0,192
01/08/2008,DSM,IA,ACE,CE,Combined TRACON& Tower with Radar,62,107,60,8,237,0,0,0,0,0,62,107,60,8,237,0,0,0,237
01/09/2008,DSM,IA,ACE,CE,Combined TRACON& Tower with Radar,66,108,88,10,272,0,0,30,1,31,66,108,118,11,303,0,0,0,303
01/10/2008,DSM,IA,ACE,CE,Combined TRACON& Tower with Radar,71,110,67,5,253,0,0,0,0,0,71,110,67,5,253,0,0,0,253
01/11/2008,DSM,IA,ACE,CE,Combined TRACON& Tower with Radar,55,109,65,11,240,0,2,22,0,24,55,111,87,11,264,8,18,26,290
01/12/2008,DSM,IA,ACE,CE,Combined TRACON& Tower with Radar,27,77,15,9,128,0,0,0,0,0,27,77,15,9,128,0,0,0,128
01/13/2008,DSM,IA,ACE,CE,Combined TRACON& Tower with Radar,33,84,33,4,154,0,0,0,0,0,33,84,33,4,154,30,8,38,192
01/14/2008,DSM,IA,ACE,CE,Combined TRACON& Tower with Radar,36,100,49,2,187,0,0,21,0,21,36,100,70,2,208,0,0,0,208
01/15/2008,DSM,IA,ACE,CE,Combined TRACON& Tower with Radar,61,122,57,4,244,0,0,45,0,45,61,122,102,4,289,24,0,24,313
01/16/2008,DSM,IA,ACE,CE,Combined TRACON& Tower with Radar,59,116,62,8,245,0,0,6,0,6,59,116,68,8,251,0,0,0,251
01/17/2008,DSM,IA,ACE,CE,Combined TRACON& Tower with Radar,66,118,70,3,257,0,0,9,0,9,66,118,79,3,266,0,0,0,266
01/18/2008,DSM,IA,ACE,CE,Combined TRACON& Tower with Radar,50,114,54,4,222,0,1,9,0,10,50,115,63,4,232,4,0,4,236
01/19/2008,DSM,IA,ACE,CE,Combined TRACON& Tower with Radar,27,82,24,2,135,0,1,23,0,24,27,83,47,2,159,0,0,0,159
01/20/2008,DSM,IA,ACE,CE,Combined TRACON& Tower with Radar,31,80,32,0,143,0,1,9,0,10,31,81,41,0,153,8,0,8,161
01/21/2008,DSM,IA,ACE,CE,Combined TRACON& Tower with Radar,35,95,53,0,183,0,1,11,0,12,35,96,64,0,195,0,0,0,195
01/22/2008,DSM,IA,ACE,CE,Combined TRACON& Tower with Radar,59,103,74,0,236,0,1,29,0,30,59,104,103,0,266,14,0,14,280
01/23/2008,DSM,IA,ACE,CE,Combined TRACON& Tower with Radar,64,111,65,3,243,1,1,7,0,9,65,112,72,3,252,2,0,2,254
01/24/2008,DSM,IA,ACE,CE,Combined TRACON& Tower with Radar,65,124,70,8,267,0,1,24,0,25,65,125,94,8,292,14,6,20,312
01/25/2008,DSM,IA,ACE,CE,Combined TRACON& Tower with Radar,49,107,64,8,228,0,0,9,0,9,49,107,73,8,237,0,0,0,237
01/26/2008,DSM,IA,ACE,CE,Combined TRACON& Tower with Radar,29,73,33,8,143,0,5,47,0,52,29,78,80,8,195,44,0,44,239
01/27/2008,DSM,IA,ACE,CE,Combined TRACON& Tower with Radar,30,84,28,2,144,0,2,57,0,59,30,86,85,2,203,36,0,36,239
01/28/2008,DSM,IA,ACE,CE,Combined TRACON& Tower with Radar,40,96,64,0,200,0,4,13,0,17,40,100,77,0,217,2,0,2,219
01/29/2008,DSM,IA,ACE,CE,Combined TRACON& Tower with Radar,58,112,57,0,227,0,0,7,0,7,58,112,64,0,234,2,0,2,236
01/30/2008,DSM,IA,ACE,CE,Combined TRACON& Tower with Radar,62,108,71,9,250,1,3,19,4,27,63,111,90,13,277,0,0,0,277
01/31/2008,DSM,IA,ACE,CE,Combined TRACON& Tower with Radar,60,109,91,6,266,1,0,28,0,29,61,109,119,6,295,4,12,16,311
02/01/2008,DSM,IA,ACE,CE,Combined TRACON& Tower with Radar,51,115,57,12,235,0,1,32,0,33,51,116,89,12,268,8,8,16,284
02/02/2008,DSM,IA,ACE,CE,Combined TRACON& Tower with Radar,26,76,21,7,130,0,0,17,0,17,26,76,38,7,147,42,4,46,193
02/03/2008,DSM,IA,ACE,CE,Combined TRACON& Tower with Radar,29,85,15,0,129,1,0,0,0,1,30,85,15,0,130,0,0,0,130
02/04/2008,DSM,IA,ACE,CE,Combined TRACON& Tower with Radar,31,80,32,1,144,0,0,2,0,2,31,80,34,1,146,0,0,0,146
02/05/2008,DSM,IA,ACE,CE,Combined TRACON& Tower with Radar,54,105,56,0,215,0,0,0,0,0,54,105,56,0,215,0,0,0,215
02/06/2008,DSM,IA,ACE,CE,Combined TRACON& Tower with Radar,60,89,61,1,211,0,0,2,0,2,60,89,63,1,213,0,0,0,213
02/07/2008,DSM,IA,ACE,CE,Combined TRACON& Tower with Radar,65,124,68,8,265,0,1,4,0,5,65,125,72,8,270,0,0,0,270
02/08/2008,DSM,IA,ACE,CE,Combined TRACON& Tower with Radar,46,112,90,12,260,0,2,8,0,10,46,114,98,12,270,0,0,0,270
02/09/2008,DSM,IA,ACE,CE,Combined TRACON& Tower with Radar,28,75,20,0,123,0,2,2,0,4,28,77,22,0,127,0,0,0,127
02/10/2008,DSM,IA,ACE,CE,Combined TRACON& Tower with Radar,33,82,32,0,147,0,0,9,0,9,33,82,41,0,156,0,0,0,156
02/11/2008,DSM,IA,ACE,CE,Combined TRACON& Tower with Radar,37,98,59,0,194,0,2,6,0,8,37,100,65,0,202,0,0,0,202
02/12/2008,DSM,IA,ACE,CE,Combined TRACON& Tower with Radar,58,117,74,13,262,0,2,20,1,23,58,119,94,14,285,0,0,0,285
02/13/2008,DSM,IA,ACE,CE,Combined TRACON& Tower with Radar,62,114,88,14,278,0,3,20,2,25,62,117,108,16,303,22,4,26,329
02/14/2008,DSM,IA,ACE,CE,Combined TRACON& Tower with Radar,67,121,70,0,258,0,1,15,0,16,67,122,85,0,274,0,0,0,274
02/15/2008,DSM,IA,ACE,CE,Combined TRACON& Tower with Radar,48,110,85,0,243,0,2,32,0,34,48,112,117,0,277,0,0,0,277
02/16/2008,DSM,IA,ACE,CE,Combined TRACON& Tower with Radar,28,86,33,3,150,0,3,32,0,35,28,89,65,3,185,18,0,18,203
02/17/2008,DSM,IA,ACE,CE,Combined TRACON& Tower with Radar,25,34,10,1,70,0,1,0,0,1,25,35,10,1,71,0,0,0,71
02/18/2008,DSM,IA,ACE,CE,Combined TRACON& Tower with Radar,36,102,65,0,203,0,1,15,0,16,36,103,80,0,219,0,0,0,219
02/19/2008,DSM,IA,ACE,CE,Combined TRACON& Tower with Radar,53,109,58,0,220,0,3,14,0,17,53,112,72,0,237,0,0,0,237
02/20/2008,DSM,IA,ACE,CE,Combined TRACON& Tower with Radar,62,121,78,17,278,0,2,18,1,21,62,123,96,18,299,0,6,6,305
02/21/2008,DSM,IA,ACE,CE,Combined TRACON& Tower with Radar,63,123,77,17,280,0,3,15,2,20,63,126,92,19,300,0,12,12,312
02/22/2008,DSM,IA,ACE,CE,Combined TRACON& Tower with Radar,44,124,85,14,267,0,1,25,3,29,44,125,110,17,296,40,22,62,358
02/23/2008,DSM,IA,ACE,CE,Combined TRACON& Tower with Radar,32,76,21,14,143,0,0,28,0,28,32,76,49,14,171,10,10,20,191
02/24/2008,DSM,IA,ACE,CE,Combined TRACON& Tower with Radar,34,91,57,7,189,0,1,13,0,14,34,92,70,7,203,6,12,18,221
02/25/2008,DSM,IA,ACE,CE,Combined TRACON& Tower with Radar,24,83,43,0,150,0,2,6,0,8,24,85,49,0,158,0,0,0,158
02/26/2008,DSM,IA,ACE,CE,Combined TRACON& Tower with Radar,62,124,74,19,279,0,1,22,0,23,62,125,96,19,302,0,0,0,302
02/27/2008,DSM,IA,ACE,CE,Combined TRACON& Tower with Radar,61,121,93,17,292,0,1,18,1,20,61,122,111,18,312,14,12,26,338
02/28/2008,DSM,IA,ACE,CE,Combined TRACON& Tower with Radar,67,126,76,2,271,0,3,10,0,13,67,129,86,2,284,0,0,0,284
02/29/2008,DSM,IA,ACE,CE,Combined TRACON& Tower with Radar,53,121,69,12,255,1,0,25,1,27,54,121,94,13,282,16,18,34,316
03/01/2008,DSM,IA,ACE,CE,Combined TRACON& Tower with Radar,33,75,31,1,140,2,2,34,0,38,35,77,65,1,178,44,10,54,232
03/02/2008,DSM,IA,ACE,CE,Combined TRACON& Tower with Radar,37,81,33,2,153,0,2,6,0,8,37,83,39,2,161,22,0,22,183
03/03/2008,DSM,IA,ACE,CE,Combined TRACON& Tower with Radar,31,98,49,1,179,0,0,14,0,14,31,98,63,1,193,0,0,0,193
03/04/2008,DSM,IA,ACE,CE,Combined TRACON& Tower with Radar,61,115,72,7,255,3,3,49,3,58,64,118,121,10,313,10,0,10,323
03/05/2008,DSM,IA,ACE,CE,Combined TRACON& Tower with Radar,59,122,72,10,263,0,0,9,4,13,59,122,81,14,276,0,0,0,276
03/06/2008,DSM,IA,ACE,CE,Combined TRACON& Tower with Radar,61,116,69,8,254,0,1,30,2,33,61,117,99,10,287,38,0,38,325
03/07/2008,DSM,IA,ACE,CE,Combined TRACON& Tower with Radar,47,118,82,14,261,1,2,46,2,51,48,120,128,16,312,8,6,14,326
03/08/2008,DSM,IA,ACE,CE,Combined TRACON& Tower with Radar,39,80,32,0,151,0,4,27,0,31,39,84,59,0,182,0,0,0,182
03/09/2008,DSM,IA,ACE,CE,Combined TRACON& Tower with Radar,30,95,33,0,158,0,1,27,0,28,30,96,60,0,186,0,0,0,186
03/10/2008,DSM,IA,ACE,CE,Combined TRACON& Tower with Radar,36,101,58,2,197,0,8,25,0,33,36,109,83,2,230,6,0,6,236
03/11/2008,DSM,IA,ACE,CE,Combined TRACON& Tower with Radar,60,128,76,10,274,0,0,45,2,47,60,128,121,12,321,24,2,26,347
03/12/2008,DSM,IA,ACE,CE,Combined TRACON& Tower with Radar,63,111,94,15,283,1,3,29,2,35,64,114,123,17,318,22,4,26,344
03/13/2008,DSM,IA,ACE,CE,Combined TRACON& Tower with Radar,64,122,79,11,276,0,1,33,4,38,64,123,112,15,314,0,16,16,330
03/14/2008,DSM,IA,ACE,CE,Combined TRACON& Tower with Radar,53,120,70,23,266,0,5,22,4,31,53,125,92,27,297,32,12,44,341
03/15/2008,DSM,IA,ACE,CE,Combined TRACON& Tower with Radar,36,80,28,12,156,0,3,12,2,17,36,83,40,14,173,12,0,12,185
03/16/2008,DSM,IA,ACE,CE,Combined TRACON& Tower with Radar,31,92,34,4,161,0,3,46,0,49,31,95,80,4,210,0,8,8,218
03/17/2008,DSM,IA,ACE,CE,Combined TRACON& Tower with Radar,37,101,52,0,190,0,0,0,0,0,37,101,52,0,190,0,0,0,190
03/18/2008,DSM,IA,ACE,CE,Combined TRACON& Tower with Radar,62,116,61,10,249,0,1,31,2,34,62,117,92,12,283,0,0,0,283
03/19/2008,DSM,IA,ACE,CE,Combined TRACON& Tower with Radar,64,128,82,14,288,0,7,39,3,49,64,135,121,17,337,26,8,34,371
03/20/2008,DSM,IA,ACE,CE,Combined TRACON& Tower with Radar,70,133,58,12,273,1,8,29,0,38,71,141,87,12,311,4,18,22,333
03/21/2008,DSM,IA,ACE,CE,Combined TRACON& Tower with Radar,47,96,72,12,227,0,5,7,0,12,47,101,79,12,239,12,4,16,255
03/22/2008,DSM,IA,ACE,CE,Combined TRACON& Tower with Radar,41,86,19,0,146,0,4,25,0,29,41,90,44,0,175,16,0,16,191
03/23/2008,DSM,IA,ACE,CE,Combined TRACON& Tower with Radar,40,88,8,0,136,0,1,4,0,5,40,89,12,0,141,0,0,0,141
03/24/2008,DSM,IA,ACE,CE,Combined TRACON& Tower with Radar,37,108,68,0,213,0,0,23,0,23,37,108,91,0,236,0,0,0,236
03/25/2008,DSM,IA,ACE,CE,Combined TRACON& Tower with Radar,59,126,87,15,287,0,0,29,0,29,59,126,116,15,316,8,10,18,334
03/26/2008,DSM,IA,ACE,CE,Combined TRACON& Tower with Radar,62,123,74,13,272,0,1,41,0,42,62,124,115,13,314,4,0,4,318
03/27/2008,DSM,IA,ACE,CE,Combined TRACON& Tower with Radar,57,116,73,1,247,0,3,2,0,5,57,119,75,1,252,0,0,0,252
03/28/2008,DSM,IA,ACE,CE,Combined TRACON& Tower with Radar,51,120,73,14,258,1,2,46,0,49,52,122,119,14,307,14,4,18,325
03/29/2008,DSM,IA,ACE,CE,Combined TRACON& Tower with Radar,30,84,18,0,132,0,0,28,0,28,30,84,46,0,160,54,0,54,214
03/30/2008,DSM,IA,ACE,CE,Combined TRACON& Tower with Radar,37,83,29,0,149,0,0,14,0,14,37,83,43,0,163,0,0,0,163
03/31/2008,DSM,IA,ACE,CE,Combined TRACON& Tower with Radar,29,97,47,1,174,0,1,1,0,2,29,98,48,1,176,0,0,0,176
04/01/2008,DSM,IA,ACE,CE,Combined TRACON& Tower with Radar,56,116,72,10,254,0,1,20,0,21,56,117,92,10,275,0,0,0,275
04/02/2008,DSM,IA,ACE,CE,Combined TRACON& Tower with Radar,55,124,93,10,282,0,4,43,1,48,55,128,136,11,330,0,0,0,330
04/03/2008,DSM,IA,ACE,CE,Combined TRACON& Tower with Radar,53,121,68,6,248,0,6,8,0,14,53,127,76,6,262,6,0,6,268
04/04/2008,DSM,IA,ACE,CE,Combined TRACON& Tower with Radar,43,115,61,6,225,0,0,25,0,25,43,115,86,6,250,0,4,4,254
04/05/2008,DSM,IA,ACE,CE,Combined TRACON& Tower with Radar,30,85,23,0,138,0,5,28,0,33,30,90,51,0,171,2,0,2,173
04/06/2008,DSM,IA,ACE,CE,Combined TRACON& Tower with Radar,35,80,39,11,165,0,1,28,1,30,35,81,67,12,195,38,12,50,245
04/07/2008,DSM,IA,ACE,CE,Combined TRACON& Tower with Radar,33,102,64,0,199,0,4,20,0,24,33,106,84,0,223,14,0,14,237
04/08/2008,DSM,IA,ACE,CE,Combined TRACON& Tower with Radar,54,114,76,10,254,0,2,9,0,11,54,116,85,10,265,0,0,0,265
04/09/2008,DSM,IA,ACE,CE,Combined TRACON& Tower with Radar,56,120,69,11,256,1,0,22,0,23,57,120,91,11,279,0,0,0,279
04/10/2008,DSM,IA,ACE,CE,Combined TRACON& Tower with Radar,56,111,63,1,231,2,6,9,0,17,58,117,72,1,248,16,0,16,264
04/11/2008,DSM,IA,ACE,CE,Combined TRACON& Tower with Radar,49,108,61,1,219,0,1,6,1,8,49,109,67,2,227,0,0,0,227
04/12/2008,DSM,IA,ACE,CE,Combined TRACON& Tower with Radar,33,80,14,0,127,0,2,1,0,3,33,82,15,0,130,0,0,0,130
04/13/2008,DSM,IA,ACE,CE,Combined TRACON& Tower with Radar,39,77,23,0,139,0,2,30,0,32,39,79,53,0,171,16,0,16,187
04/14/2008,DSM,IA,ACE,CE,Combined TRACON& Tower with Radar,35,106,40,0,181,1,4,46,0,51,36,110,86,0,232,8,2,10,242
04/15/2008,DSM,IA,ACE,CE,Combined TRACON& Tower with Radar,54,121,59,1,235,0,0,9,0,9,54,121,68,1,244,38,0,38,282
04/16/2008,DSM,IA,ACE,CE,Combined TRACON& Tower with Radar,61,115,66,0,242,0,1,27,0,28,61,116,93,0,270,24,0,24,294
04/17/2008,DSM,IA,ACE,CE,Combined TRACON& Tower with Radar,65,119,75,5,264,0,2,9,0,11,65,121,84,5,275,0,0,0,275
04/18/2008,DSM,IA,ACE,CE,Combined TRACON& Tower with Radar,51,118,67,0,236,0,0,0,0,0,51,118,67,0,236,4,0,4,240
04/19/2008,DSM,IA,ACE,CE,Combined TRACON& Tower with Radar,36,78,48,0,162,0,0,14,0,14,36,78,62,0,176,24,0,24,200
04/20/2008,DSM,IA,ACE,CE,Combined TRACON& Tower with Radar,37,87,45,0,169,1,4,41,0,46,38,91,86,0,215,28,0,28,243
04/21/2008,DSM,IA,ACE,CE,Combined TRACON& Tower with Radar,39,106,80,3,228,0,2,27,0,29,39,108,107,3,257,14,0,14,271
04/22/2008,DSM,IA,ACE,CE,Combined TRACON& Tower with Radar,56,114,73,12,255,1,2,34,1,38,57,116,107,13,293,20,16,36,329
04/23/2008,DSM,IA,ACE,CE,Combined TRACON& Tower with Radar,62,118,109,6,295,0,2,50,0,52,62,120,159,6,347,10,0,10,357
04/24/2008,DSM,IA,ACE,CE,Combined TRACON& Tower with Radar,66,115,73,1,255,0,2,13,1,16,66,117,86,2,271,10,0,10,281
04/25/2008,DSM,IA,ACE,CE,Combined TRACON& Tower with Radar,58,106,65,1,230,0,3,3,0,6,58,109,68,1,236,4,0,4,240
04/26/2008,DSM,IA,ACE,CE,Combined TRACON& Tower with Radar,33,76,49,0,158,0,1,27,3,31,33,77,76,3,189,28,0,28,217
04/27/2008,DSM,IA,ACE,CE,Combined TRACON& Tower with Radar,41,81,32,0,154,0,3,28,0,31,41,84,60,0,185,12,0,12,197
04/28/2008,DSM,IA,ACE,CE,Combined TRACON& Tower with Radar,42,104,64,0,210,0,1,32,0,33,42,105,96,0,243,6,0,6,249
04/29/2008,DSM,IA,ACE,CE,Combined TRACON& Tower with Radar,54,128,86,2,270,0,0,63,0,63,54,128,149,2,333,10,0,10,343
04/30/2008,DSM,IA,ACE,CE,Combined TRACON& Tower with Radar,62,121,91,2,276,0,3,59,3,65,62,124,150,5,341,22,8,30,371
05/01/2008,DSM,IA,ACE,CE,Combined TRACON& Tower with Radar,64,125,73,2,264,1,1,36,0,38,65,126,109,2,302,10,2,12,314
05/02/2008,DSM,IA,ACE,CE,Combined TRACON& Tower with Radar,53,118,55,7,233,0,3,13,1,17,53,121,68,8,250,6,6,12,262
05/03/2008,DSM,IA,ACE,CE,Combined TRACON& Tower with Radar,36,80,25,12,153,0,2,18,3,23,36,82,43,15,176,36,16,52,228
05/04/2008,DSM,IA,ACE,CE,Combined TRACON& Tower with Radar,37,87,40,0,164,0,4,52,0,56,37,91,92,0,220,32,0,32,252
05/05/2008,DSM,IA,ACE,CE,Combined TRACON& Tower with Radar,35,105,43,1,184,0,6,63,4,73,35,111,106,5,257,20,0,20,277
05/06/2008,DSM,IA,ACE,CE,Combined TRACON& Tower with Radar,53,121,75,4,253,4,6,16,8,34,57,127,91,12,287,8,0,8,295
05/07/2008,DSM,IA,ACE,CE,Combined TRACON& Tower with Radar,65,117,84,18,284,0,0,14,0,14,65,117,98,18,298,6,16,22,320
05/08/2008,DSM,IA,ACE,CE,Combined TRACON& Tower with Radar,63,122,88,0,273,0,3,62,2,67,63,125,150,2,340,18,0,18,358
05/09/2008,DSM,IA,ACE,CE,Combined TRACON& Tower with Radar,43,115,79,7,244,0,1,40,2,43,43,116,119,9,287,38,0,38,325
05/10/2008,DSM,IA,ACE,CE,Combined TRACON& Tower with Radar,35,74,22,2,133,0,3,13,0,16,35,77,35,2,149,38,0,38,187
05/11/2008,DSM,IA,ACE,CE,Combined TRACON& Tower with Radar,36,91,32,2,161,0,5,19,0,24,36,96,51,2,185,0,0,0,185
05/12/2008,DSM,IA,ACE,CE,Combined TRACON& Tower with Radar,34,106,52,0,192,0,1,38,0,39,34,107,90,0,231,6,0,6,237
05/13/2008,DSM,IA,ACE,CE,Combined TRACON& Tower with Radar,57,120,76,0,253,0,3,21,0,24,57,123,97,0,277,10,0,10,287
05/14/2008,DSM,IA,ACE,CE,Combined TRACON& Tower with Radar,59,118,82,6,265,1,0,49,5,55,60,118,131,11,320,0,0,0,320
05/15/2008,DSM,IA,ACE,CE,Combined TRACON& Tower with Radar,61,128,89,0,278,1,3,71,1,76,62,131,160,1,354,0,0,0,354
05/16/2008,DSM,IA,ACE,CE,Combined TRACON& Tower with Radar,48,121,77,4,250,0,3,54,0,57,48,124,131,4,307,30,12,42,349
05/17/2008,DSM,IA,ACE,CE,Combined TRACON& Tower with Radar,38,80,18,0,136,0,3,53,0,56,38,83,71,0,192,28,0,28,220
05/18/2008,DSM,IA,ACE,CE,Combined TRACON& Tower with Radar,37,88,37,0,162,0,3,27,2,32,37,91,64,2,194,0,0,0,194
05/19/2008,DSM,IA,ACE,CE,Combined TRACON& Tower with Radar,36,106,57,0,199,0,2,25,0,27,36,108,82,0,226,20,0,20,246
05/20/2008,DSM,IA,ACE,CE,Combined TRACON& Tower with Radar,59,121,87,1,268,0,2,41,0,43,59,123,128,1,311,20,0,20,331
05/21/2008,DSM,IA,ACE,CE,Combined TRACON& Tower with Radar,63,116,89,2,270,1,2,58,0,61,64,118,147,2,331,10,0,10,341
05/22/2008,DSM,IA,ACE,CE,Combined TRACON& Tower with Radar,64,125,77,3,269,0,0,35,0,35,64,125,112,3,304,36,0,36,340
05/23/2008,DSM,IA,ACE,CE,Combined TRACON& Tower with Radar,49,114,73,4,240,3,1,13,0,17,52,115,86,4,257,0,0,0,257
05/24/2008,DSM,IA,ACE,CE,Combined TRACON& Tower with Radar,35,72,14,0,121,0,2,8,0,10,35,74,22,0,131,30,0,30,161
05/25/2008,DSM,IA,ACE,CE,Combined TRACON& Tower with Radar,32,68,19,0,119,0,2,6,0,8,32,70,25,0,127,0,0,0,127
05/26/2008,DSM,IA,ACE,CE,Combined TRACON& Tower with Radar,31,92,36,0,159,0,4,23,2,29,31,96,59,2,188,52,0,52,240
05/27/2008,DSM,IA,ACE,CE,Combined TRACON& Tower with Radar,32,107,73,0,212,0,1,3,0,4,32,108,76,0,216,0,0,0,216
05/28/2008,DSM,IA,ACE,CE,Combined TRACON& Tower with Radar,64,132,88,2,286,0,2,52,0,54,64,134,140,2,340,16,0,16,356
05/29/2008,DSM,IA,ACE,CE,Combined TRACON& Tower with Radar,65,134,74,0,273,1,2,10,0,13,66,136,84,0,286,28,0,28,314
05/30/2008,DSM,IA,ACE,CE,Combined TRACON& Tower with Radar,41,108,80,0,229,0,0,21,0,21,41,108,101,0,250,16,0,16,266
05/31/2008,DSM,IA,ACE,CE,Combined TRACON& Tower with Radar,37,74,16,2,129,0,4,39,0,43,37,78,55,2,172,48,0,48,220
06/01/2008,DSM,IA,ACE,CE,Combined TRACON& Tower with Radar,38,101,30,2,171,0,6,45,4,55,38,107,75,6,226,58,0,58,284
06/02/2008,DSM,IA,ACE,CE,Combined TRACON& Tower with Radar,38,106,61,0,205,0,1,16,0,17,38,107,77,0,222,8,0,8,230
06/03/2008,DSM,IA,ACE,CE,Combined TRACON& Tower with Radar,62,121,74,1,258,0,3,31,0,34,62,124,105,1,292,26,0,26,318
06/04/2008,DSM,IA,ACE,CE,Combined TRACON& Tower with Radar,57,116,76,2,251,0,0,7,0,7,57,116,83,2,258,16,0,16,274
06/05/2008,DSM,IA,ACE,CE,Combined TRACON& Tower with Radar,61,114,74,3,252,0,3,25,0,28,61,117,99,3,280,0,0,0,280
06/06/2008,DSM,IA,ACE,CE,Combined TRACON& Tower with Radar,43,100,75,7,225,0,7,16,0,23,43,107,91,7,248,0,0,0,248
06/07/2008,DSM,IA,ACE,CE,Combined TRACON& Tower with Radar,44,76,30,11,161,0,8,12,0,20,44,84,42,11,181,0,16,16,197
06/08/2008,DSM,IA,ACE,CE,Combined TRACON& Tower with Radar,35,76,29,1,141,0,0,6,0,6,35,76,35,1,147,0,0,0,147
06/09/2008,DSM,IA,ACE,CE,Combined TRACON& Tower with Radar,42,104,81,0,227,0,1,36,0,37,42,105,117,0,264,14,0,14,278
06/10/2008,DSM,IA,ACE,CE,Combined TRACON& Tower with Radar,59,121,67,0,247,0,1,46,0,47,59,122,113,0,294,0,0,0,294
06/11/2008,DSM,IA,ACE,CE,Combined TRACON& Tower with Radar,62,117,70,2,251,0,1,27,0,28,62,118,97,2,279,0,0,0,279
06/12/2008,DSM,IA,ACE,CE,Combined TRACON& Tower with Radar,64,121,76,1,262,0,2,48,0,50,64,123,124,1,312,16,0,16,328
06/13/2008,DSM,IA,ACE,CE,Combined TRACON& Tower with Radar,50,105,86,2,243,0,4,77,4,85,50,109,163,6,328,20,0,20,348
06/14/2008,DSM,IA,ACE,CE,Combined TRACON& Tower with Radar,43,76,23,2,144,0,1,60,2,63,43,77,83,4,207,12,0,12,219
06/15/2008,DSM,IA,ACE,CE,Combined TRACON& Tower with Radar,37,97,31,1,166,0,2,34,4,40,37,99,65,5,206,14,0,14,220
06/16/2008,DSM,IA,ACE,CE,Combined TRACON& Tower with Radar,40,105,89,0,234,0,4,49,13,66,40,109,138,13,300,18,0,18,318
06/17/2008,DSM,IA,ACE,CE,Combined TRACON& Tower with Radar,57,119,84,3,263,0,3,53,0,56,57,122,137,3,319,62,0,62,381
06/18/2008,DSM,IA,ACE,CE,Combined TRACON& Tower with Radar,60,112,96,6,274,1,0,59,10,70,61,112,155,16,344,60,0,60,404
06/19/2008,DSM,IA,ACE,CE,Combined TRACON& Tower with Radar,62,131,82,4,279,0,1,27,1,29,62,132,109,5,308,26,0,26,334
06/20/2008,DSM,IA,ACE,CE,Combined TRACON& Tower with Radar,54,116,77,3,250,0,1,77,0,78,54,117,154,3,328,42,0,42,370
06/21/2008,DSM,IA,ACE,CE,Combined TRACON& Tower with Radar,41,74,17,1,133,0,1,44,0,45,41,75,61,1,178,4,0,4,182
06/22/2008,DSM,IA,ACE,CE,Combined TRACON& Tower with Radar,41,96,36,6,179,0,3,54,4,61,41,99,90,10,240,78,2,80,320
06/23/2008,DSM,IA,ACE,CE,Combined TRACON& Tower with Radar,38,112,63,3,216,0,2,67,0,69,38,114,130,3,285,58,0,58,343
06/24/2008,DSM,IA,ACE,CE,Combined TRACON& Tower with Radar,59,121,87,0,267,0,3,29,0,32,59,124,116,0,299,6,0,6,305
06/25/2008,DSM,IA,ACE,CE,Combined TRACON& Tower with Radar,58,117,94,2,271,0,2,19,0,21,58,119,113,2,292,0,0,0,292
06/26/2008,DSM,IA,ACE,CE,Combined TRACON& Tower with Radar,60,109,61,0,230,1,3,13,0,17,61,112,74,0,247,24,0,24,271
06/27/2008,DSM,IA,ACE,CE,Combined TRACON& Tower with Radar,49,118,77,5,249,0,2,24,0,26,49,120,101,5,275,26,6,32,307
06/28/2008,DSM,IA,ACE,CE,Combined TRACON& Tower with Radar,35,82,27,0,144,0,1,23,0,24,35,83,50,0,168,4,0,4,172
06/29/2008,DSM,IA,ACE,CE,Combined TRACON& Tower with Radar,37,91,25,0,153,0,2,28,0,30,37,93,53,0,183,0,0,0,183
06/30/2008,DSM,IA,ACE,CE,Combined TRACON& Tower with Radar,42,108,70,0,220,0,3,83,0,86,42,111,153,0,306,58,0,58,364
07/01/2008,DSM,IA,ACE,CE,Combined TRACON& Tower with Radar,56,114,62,2,234,0,2,47,0,49,56,116,109,2,283,10,0,10,293
07/02/2008,DSM,IA,ACE,CE,Combined TRACON& Tower with Radar,58,116,60,6,240,0,3,33,0,36,58,119,93,6,276,24,0,24,300
07/03/2008,DSM,IA,ACE,CE,Combined TRACON& Tower with Radar,53,123,66,2,244,0,3,48,0,51,53,126,114,2,295,44,0,44,339
07/04/2008,DSM,IA,ACE,CE,Combined TRACON& Tower with Radar,33,68,13,0,114,0,1,33,1,35,33,69,46,1,149,20,4,24,173
07/05/2008,DSM,IA,ACE,CE,Combined TRACON& Tower with Radar,30,67,22,0,119,0,0,25,0,25,30,67,47,0,144,22,0,22,166
07/06/2008,DSM,IA,ACE,CE,Combined TRACON& Tower with Radar,38,85,28,0,151,0,1,17,0,18,38,86,45,0,169,36,0,36,205
07/07/2008,DSM,IA,ACE,CE,Combined TRACON& Tower with Radar,38,105,63,0,206,0,2,13,0,15,38,107,76,0,221,26,0,26,247
07/08/2008,DSM,IA,ACE,CE,Combined TRACON& Tower with Radar,60,123,57,5,245,0,1,30,0,31,60,124,87,5,276,4,0,4,280
07/09/2008,DSM,IA,ACE,CE,Combined TRACON& Tower with Radar,53,127,78,0,258,0,2,52,0,54,53,129,130,0,312,0,0,0,312
07/10/2008,DSM,IA,ACE,CE,Combined TRACON& Tower with Radar,63,139,68,4,274,0,1,47,1,49,63,140,115,5,323,54,4,58,381
07/11/2008,DSM,IA,ACE,CE,Combined TRACON& Tower with Radar,55,133,51,6,245,0,3,44,6,53,55,136,95,12,298,0,0,0,298
07/12/2008,DSM,IA,ACE,CE,Combined TRACON& Tower with Radar,40,78,22,8,148,0,3,30,2,35,40,81,52,10,183,52,4,56,239
07/13/2008,DSM,IA,ACE,CE,Combined TRACON& Tower with Radar,37,89,31,1,158,0,0,33,0,33,37,89,64,1,191,10,0,10,201
07/14/2008,DSM,IA,ACE,CE,Combined TRACON& Tower with Radar,37,119,64,0,220,0,2,45,0,47,37,121,109,0,267,38,0,38,305
07/15/2008,DSM,IA,ACE,CE,Combined TRACON& Tower with Radar,56,130,54,3,243,0,4,43,2,49,56,134,97,5,292,76,0,76,368
07/16/2008,DSM,IA,ACE,CE,Combined TRACON& Tower with Radar,62,133,80,5,280,0,6,59,0,65,62,139,139,5,345,54,10,64,409
07/17/2008,DSM,IA,ACE,CE,Combined TRACON& Tower with Radar,60,132,73,4,269,0,3,55,0,58,60,135,128,4,327,40,4,44,371
07/18/2008,DSM,IA,ACE,CE,Combined TRACON& Tower with Radar,49,124,67,8,248,0,0,16,1,17,49,124,83,9,265,22,12,34,299
07/19/2008,DSM,IA,ACE,CE,Combined TRACON& Tower with Radar,38,77,25,2,142,0,0,18,0,18,38,77,43,2,160,0,0,0,160
07/20/2008,DSM,IA,ACE,CE,Combined TRACON& Tower with Radar,34,93,33,0,160,0,1,39,2,42,34,94,72,2,202,62,0,62,264
07/21/2008,DSM,IA,ACE,CE,Combined TRACON& Tower with Radar,40,113,78,0,231,0,1,27,0,28,40,114,105,0,259,22,0,22,281
07/22/2008,DSM,IA,ACE,CE,Combined TRACON& Tower with Radar,57,134,74,5,270,0,2,45,0,47,57,136,119,5,317,44,8,52,369
07/23/2008,DSM,IA,ACE,CE,Combined TRACON& Tower with Radar,58,132,69,12,271,0,1,33,0,34,58,133,102,12,305,74,6,80,385
07/24/2008,DSM,IA,ACE,CE,Combined TRACON& Tower with Radar,62,136,107,5,310,0,0,4,0,4,62,136,111,5,314,14,0,14,328
07/25/2008,DSM,IA,ACE,CE,Combined TRACON& Tower with Radar,52,118,66,2,238,0,0,9,0,9,52,118,75,2,247,10,0,10,257
07/26/2008,DSM,IA,ACE,CE,Combined TRACON& Tower with Radar,44,75,37,0,156,0,2,30,5,37,44,77,67,5,193,52,0,52,245
07/27/2008,DSM,IA,ACE,CE,Combined TRACON& Tower with Radar,37,83,34,0,154,0,1,38,0,39,37,84,72,0,193,6,0,6,199
07/28/2008,DSM,IA,ACE,CE,Combined TRACON& Tower with Radar,38,109,69,0,216,0,0,34,0,34,38,109,103,0,250,10,0,10,260
07/29/2008,DSM,IA,ACE,CE,Combined TRACON& Tower with Radar,57,134,67,6,264,0,2,14,0,16,57,136,81,6,280,10,0,10,290
07/30/2008,DSM,IA,ACE,CE,Combined TRACON& Tower with Radar,60,123,96,9,288,0,3,49,0,52,60,126,145,9,340,34,10,44,384
07/31/2008,DSM,IA,ACE,CE,Combined TRACON& Tower with Radar,64,122,85,10,281,0,1,29,0,30,64,123,114,10,311,2,8,10,321
08/01/2008,DSM,IA,ACE,CE,Combined TRACON& Tower with Radar,57,122,74,11,264,0,8,45,0,53,57,130,119,11,317,24,16,40,357
08/02/2008,DSM,IA,ACE,CE,Combined TRACON& Tower with Radar,38,71,25,19,153,0,3,40,5,48,38,74,65,24,201,30,20,50,251
08/03/2008,DSM,IA,ACE,CE,Combined TRACON& Tower with Radar,38,87,22,6,153,0,0,36,0,36,38,87,58,6,189,8,4,12,201
08/04/2008,DSM,IA,ACE,CE,Combined TRACON& Tower with Radar,34,93,62,0,189,0,0,22,0,22,34,93,84,0,211,24,0,24,235
08/05/2008,DSM,IA,ACE,CE,Combined TRACON& Tower with Radar,60,116,60,11,247,0,3,23,0,26,60,119,83,11,273,32,10,42,315
08/06/2008,DSM,IA,ACE,CE,Combined TRACON& Tower with Radar,61,122,80,13,276,0,1,46,1,48,61,123,126,14,324,34,10,44,368
08/07/2008,DSM,IA,ACE,CE,Combined TRACON& Tower with Radar,63,127,89,13,292,0,3,35,4,42,63,130,124,17,334,2,0,2,336
08/08/2008,DSM,IA,ACE,CE,Combined TRACON& Tower with Radar,53,121,71,12,257,0,2,42,1,45,53,123,113,13,302,50,8,58,360
08/09/2008,DSM,IA,ACE,CE,Combined TRACON& Tower with Radar,39,77,15,1,132,0,1,45,0,46,39,78,60,1,178,34,0,34,212
08/10/2008,DSM,IA,ACE,CE,Combined TRACON& Tower with Radar,39,86,46,1,172,0,0,37,0,37,39,86,83,1,209,74,0,74,283
08/11/2008,DSM,IA,ACE,CE,Combined TRACON& Tower with Radar,42,106,64,1,213,0,1,38,0,39,42,107,102,1,252,28,0,28,280
08/12/2008,DSM,IA,ACE,CE,Combined TRACON& Tower with Radar,62,120,117,7,306,0,0,16,0,16,62,120,133,7,322,0,0,0,322
08/13/2008,DSM,IA,ACE,CE,Combined TRACON& Tower with Radar,57,128,80,12,277,0,1,36,0,37,57,129,116,12,314,32,0,32,346
08/14/2008,DSM,IA,ACE,CE,Combined TRACON& Tower with Radar,64,126,85,8,283,0,1,40,1,42,64,127,125,9,325,56,0,56,381
08/15/2008,DSM,IA,ACE,CE,Combined TRACON& Tower with Radar,51,116,77,16,260,0,0,38,0,38,51,116,115,16,298,66,0,66,364
08/16/2008,DSM,IA,ACE,CE,Combined TRACON& Tower with Radar,42,72,29,10,153,0,0,49,0,49,42,72,78,10,202,64,8,72,274
08/17/2008,DSM,IA,ACE,CE,Combined TRACON& Tower with Radar,39,89,51,0,179,0,0,32,0,32,39,89,83,0,211,58,0,58,269
08/18/2008,DSM,IA,ACE,CE,Combined TRACON& Tower with Radar,41,109,76,0,226,0,1,30,0,31,41,110,106,0,257,0,0,0,257
08/19/2008,DSM,IA,ACE,CE,Combined TRACON& Tower with Radar,56,120,79,14,269,0,4,51,2,57,56,124,130,16,326,20,17,37,363
08/20/2008,DSM,IA,ACE,CE,Combined TRACON& Tower with Radar,59,125,89,8,281,0,1,43,1,45,59,126,132,9,326,0,0,0,326
08/21/2008,DSM,IA,ACE,CE,Combined TRACON& Tower with Radar,60,131,81,7,279,0,0,7,0,7,60,131,88,7,286,14,0,14,300
08/22/2008,DSM,IA,ACE,CE,Combined TRACON& Tower with Radar,52,127,85,13,277,0,1,29,0,30,52,128,114,13,307,24,2,26,333
08/23/2008,DSM,IA,ACE,CE,Combined TRACON& Tower with Radar,35,69,18,1,123,0,0,46,0,46,35,69,64,1,169,50,0,50,219
08/24/2008,DSM,IA,ACE,CE,Combined TRACON& Tower with Radar,36,83,44,0,163,0,1,45,0,46,36,84,89,0,209,82,0,82,291
08/25/2008,DSM,IA,ACE,CE,Combined TRACON& Tower with Radar,39,105,64,1,209,0,1,37,0,38,39,106,101,1,247,48,0,48,295
08/26/2008,DSM,IA,ACE,CE,Combined TRACON& Tower with Radar,59,126,71,10,266,0,1,44,1,46,59,127,115,11,312,6,0,6,318
08/27/2008,DSM,IA,ACE,CE,Combined TRACON& Tower with Radar,62,130,71,6,269,0,0,25,0,25,62,130,96,6,294,12,0,12,306
08/28/2008,DSM,IA,ACE,CE,Combined TRACON& Tower with Radar,67,133,86,11,297,0,2,35,1,38,67,135,121,12,335,30,0,30,365
08/29/2008,DSM,IA,ACE,CE,Combined TRACON& Tower with Radar,50,124,62,0,236,0,1,55,1,57,50,125,117,1,293,44,0,44,337
08/30/2008,DSM,IA,ACE,CE,Combined TRACON& Tower with Radar,29,60,20,0,109,0,3,33,0,36,29,63,53,0,145,38,0,38,183
08/31/2008,DSM,IA,ACE,CE,Combined TRACON& Tower with Radar,28,63,13,2,106,0,1,27,0,28,28,64,40,2,134,8,0,8,142
09/01/2008,DSM,IA,ACE,CE,Combined TRACON& Tower with Radar,30,81,26,0,137,0,0,25,0,25,30,81,51,0,162,38,0,38,200
09/02/2008,DSM,IA,ACE,CE,Combined TRACON& Tower with Radar,38,108,54,14,214,0,0,16,0,16,38,108,70,14,230,0,4,4,234
09/03/2008,DSM,IA,ACE,CE,Combined TRACON& Tower with Radar,64,117,65,9,255,0,3,30,1,34,64,120,95,10,289,56,0,56,345
09/04/2008,DSM,IA,ACE,CE,Combined TRACON& Tower with Radar,59,117,84,9,269,0,0,17,0,17,59,117,101,9,286,30,0,30,316
09/05/2008,DSM,IA,ACE,CE,Combined TRACON& Tower with Radar,53,110,68,8,239,0,0,32,0,32,53,110,100,8,271,6,8,14,285
09/06/2008,DSM,IA,ACE,CE,Combined TRACON& Tower with Radar,37,60,19,12,128,0,3,12,0,15,37,63,31,12,143,40,0,40,183
09/07/2008,DSM,IA,ACE,CE,Combined TRACON& Tower with Radar,37,80,28,0,145,0,1,23,2,26,37,81,51,2,171,60,0,60,231
09/08/2008,DSM,IA,ACE,CE,Combined TRACON& Tower with Radar,40,89,70,4,203,0,0,8,0,8,40,89,78,4,211,0,0,0,211
09/09/2008,DSM,IA,ACE,CE,Combined TRACON& Tower with Radar,56,119,65,10,250,0,1,52,4,57,56,120,117,14,307,48,0,48,355
09/10/2008,DSM,IA,ACE,CE,Combined TRACON& Tower with Radar,63,117,72,13,265,0,1,40,0,41,63,118,112,13,306,0,0,0,306
09/11/2008,DSM,IA,ACE,CE,Combined TRACON& Tower with Radar,63,117,83,6,269,0,1,6,0,7,63,118,89,6,276,0,0,0,276
09/12/2008,DSM,IA,ACE,CE,Combined TRACON& Tower with Radar,50,107,73,0,230,0,0,0,0,0,50,107,73,0,230,2,0,2,232
09/13/2008,DSM,IA,ACE,CE,Combined TRACON& Tower with Radar,36,56,38,5,135,0,0,11,0,11,36,56,49,5,146,26,0,26,172
09/14/2008,DSM,IA,ACE,CE,Combined TRACON& Tower with Radar,34,77,35,1,147,0,1,4,0,5,34,78,39,1,152,0,0,0,152
09/15/2008,DSM,IA,ACE,CE,Combined TRACON& Tower with Radar,35,90,57,0,182,0,5,36,0,41,35,95,93,0,223,14,0,14,237
09/16/2008,DSM,IA,ACE,CE,Combined TRACON& Tower with Radar,59,119,55,16,249,0,2,38,0,40,59,121,93,16,289,12,16,28,317
09/17/2008,DSM,IA,ACE,CE,Combined TRACON& Tower with Radar,62,107,71,20,260,0,1,52,0,53,62,108,123,20,313,12,12,24,337
09/18/2008,DSM,IA,ACE,CE,Combined TRACON& Tower with Radar,68,116,72,16,272,0,3,57,1,61,68,119,129,17,333,16,0,16,349
09/19/2008,DSM,IA,ACE,CE,Combined TRACON& Tower with Radar,54,119,72,23,268,0,3,40,0,43,54,122,112,23,311,4,16,20,331
09/20/2008,DSM,IA,ACE,CE,Combined TRACON& Tower with Radar,38,65,36,9,148,0,7,43,2,52,38,72,79,11,200,50,10,60,260
09/21/2008,DSM,IA,ACE,CE,Combined TRACON& Tower with Radar,43,79,30,0,152,0,0,10,1,11,43,79,40,1,163,115,0,115,278
09/22/2008,DSM,IA,ACE,CE,Combined TRACON& Tower with Radar,39,102,67,0,208,0,0,19,0,19,39,102,86,0,227,18,0,18,245
09/23/2008,DSM,IA,ACE,CE,Combined TRACON& Tower with Radar,58,115,63,10,246,0,0,17,0,17,58,115,80,10,263,20,0,20,283
09/24/2008,DSM,IA,ACE,CE,Combined TRACON& Tower with Radar,63,122,79,22,286,0,1,40,0,41,63,123,119,22,327,28,0,28,355
09/25/2008,DSM,IA,ACE,CE,Combined TRACON& Tower with Radar,68,116,69,16,269,0,3,54,1,58,68,119,123,17,327,34,0,34,361
09/26/2008,DSM,IA,ACE,CE,Combined TRACON& Tower with Radar,50,113,59,3,225,0,1,40,2,43,50,114,99,5,268,48,0,48,316
09/27/2008,DSM,IA,ACE,CE,Combined TRACON& Tower with Radar,36,59,14,3,112,0,1,51,2,54,36,60,65,5,166,116,0,116,282
09/28/2008,DSM,IA,ACE,CE,Combined TRACON& Tower with Radar,39,78,41,0,158,0,0,18,3,21,39,78,59,3,179,12,0,12,191
09/29/2008,DSM,IA,ACE,CE,Combined TRACON& Tower with Radar,38,96,75,1,210,0,3,26,0,29,38,99,101,1,239,28,0,28,267
09/30/2008,DSM,IA,ACE,CE,Combined TRACON& Tower with Radar,59,101,66,1,227,0,1,49,0,50,59,102,115,1,277,32,0,32,309
10/01/2008,DSM,IA,ACE,CE,Combined TRACON& Tower with Radar,62,98,63,13,236,0,0,45,4,49,62,98,108,17,285,74,6,80,365
10/02/2008,DSM,IA,ACE,CE,Combined TRACON& Tower with Radar,71,104,67,9,251,0,2,52,2,56,71,106,119,11,307,68,0,68,375
10/03/2008,DSM,IA,ACE,CE,Combined TRACON& Tower with Radar,58,98,72,11,239,0,3,66,0,69,58,101,138,11,308,26,20,46,354
10/04/2008,DSM,IA,ACE,CE,Combined TRACON& Tower with Radar,35,64,22,14,135,0,1,45,0,46,35,65,67,14,181,22,12,34,215
10/05/2008,DSM,IA,ACE,CE,Combined TRACON& Tower with Radar,45,71,32,0,148,0,0,30,0,30,45,71,62,0,178,28,0,28,206
10/06/2008,DSM,IA,ACE,CE,Combined TRACON& Tower with Radar,39,71,51,0,161,0,1,16,0,17,39,72,67,0,178,8,0,8,186
10/07/2008,DSM,IA,ACE,CE,Combined TRACON& Tower with Radar,60,113,64,12,249,0,1,3,0,4,60,114,67,12,253,0,0,0,253
10/08/2008,DSM,IA,ACE,CE,Combined TRACON& Tower with Radar,64,104,55,13,236,0,4,53,1,58,64,108,108,14,294,24,30,54,348
10/09/2008,DSM,IA,ACE,CE,Combined TRACON& Tower with Radar,68,103,96,16,283,0,1,59,1,61,68,104,155,17,344,56,10,66,410
10/10/2008,DSM,IA,ACE,CE,Combined TRACON& Tower with Radar,59,96,75,0,230,0,3,37,0,40,59,99,112,0,270,8,0,8,278
10/11/2008,DSM,IA,ACE,CE,Combined TRACON& Tower with Radar,36,56,22,0,114,0,0,52,0,52,36,56,74,0,166,20,0,20,186
10/12/2008,DSM,IA,ACE,CE,Combined TRACON& Tower with Radar,46,76,24,0,146,0,0,23,0,23,46,76,47,0,169,26,0,26,195
10/13/2008,DSM,IA,ACE,CE,Combined TRACON& Tower with Radar,49,79,58,0,186,0,2,2,0,4,49,81,60,0,190,0,0,0,190
10/14/2008,DSM,IA,ACE,CE,Combined TRACON& Tower with Radar,63,99,73,13,248,0,1,22,0,23,63,100,95,13,271,82,8,90,361
10/15/2008,DSM,IA,ACE,CE,Combined TRACON& Tower with Radar,65,117,69,12,263,0,0,12,1,13,65,117,81,13,276,18,4,22,298
10/16/2008,DSM,IA,ACE,CE,Combined TRACON& Tower with Radar,68,109,68,10,255,0,0,63,1,64,68,109,131,11,319,32,8,40,359
10/17/2008,DSM,IA,ACE,CE,Combined TRACON& Tower with Radar,57,110,76,11,254,0,1,44,0,45,57,111,120,11,299,14,0,14,313
10/18/2008,DSM,IA,ACE,CE,Combined TRACON& Tower with Radar,37,54,30,6,127,0,3,20,1,24,37,57,50,7,151,14,10,24,175
10/19/2008,DSM,IA,ACE,CE,Combined TRACON& Tower with Radar,45,77,39,2,163,0,2,17,0,19,45,79,56,2,182,6,0,6,188
10/20/2008,DSM,IA,ACE,CE,Combined TRACON& Tower with Radar,50,82,64,0,196,0,0,28,1,29,50,82,92,1,225,18,0,18,243
10/21/2008,DSM,IA,ACE,CE,Combined TRACON& Tower with Radar,61,112,79,7,259,0,1,49,2,52,61,113,128,9,311,18,0,18,329
10/22/2008,DSM,IA,ACE,CE,Combined TRACON& Tower with Radar,64,102,52,3,221,0,1,2,1,4,64,103,54,4,225,0,0,0,225
10/23/2008,DSM,IA,ACE,CE,Combined TRACON& Tower with Radar,73,107,61,5,246,0,0,1,0,1,73,107,62,5,247,4,0,4,251
10/24/2008,DSM,IA,ACE,CE,Combined TRACON& Tower with Radar,60,103,55,9,227,0,1,4,0,5,60,104,59,9,232,2,0,2,234
10/25/2008,DSM,IA,ACE,CE,Combined TRACON& Tower with Radar,37,57,21,2,117,0,2,29,0,31,37,59,50,2,148,106,0,106,254
10/26/2008,DSM,IA,ACE,CE,Combined TRACON& Tower with Radar,48,71,20,0,139,0,0,2,0,2,48,71,22,0,141,2,0,2,143
10/27/2008,DSM,IA,ACE,CE,Combined TRACON& Tower with Radar,47,89,84,0,220,0,2,10,0,12,47,91,94,0,232,0,0,0,232
10/28/2008,DSM,IA,ACE,CE,Combined TRACON& Tower with Radar,62,109,66,10,247,0,4,34,0,38,62,113,100,10,285,0,0,0,285
10/29/2008,DSM,IA,ACE,CE,Combined TRACON& Tower with Radar,64,105,71,9,249,0,2,45,0,47,64,107,116,9,296,2,0,2,298
10/30/2008,DSM,IA,ACE,CE,Combined TRACON& Tower with Radar,71,113,74,12,270,0,1,39,0,40,71,114,113,12,310,64,4,68,378
10/31/2008,DSM,IA,ACE,CE,Combined TRACON& Tower with Radar,58,92,61,9,220,0,4,59,1,64,58,96,120,10,284,50,2,52,336
11/01/2008,DSM,IA,ACE,CE,Combined TRACON& Tower with Radar,41,54,19,8,122,0,0,43,8,51,41,54,62,16,173,112,0,112,285
11/02/2008,DSM,IA,ACE,CE,Combined TRACON& Tower with Radar,36,87,32,0,155,0,0,30,2,32,36,87,62,2,187,22,0,22,209
11/03/2008,DSM,IA,ACE,CE,Combined TRACON& Tower with Radar,33,113,62,0,208,0,5,22,1,28,33,118,84,1,236,14,0,14,250
11/04/2008,DSM,IA,ACE,CE,Combined TRACON& Tower with Radar,51,121,54,0,226,0,1,22,1,24,51,122,76,1,250,10,0,10,260
11/05/2008,DSM,IA,ACE,CE,Combined TRACON& Tower with Radar,54,119,63,4,240,0,0,17,1,18,54,119,80,5,258,0,0,0,258
11/06/2008,DSM,IA,ACE,CE,Combined TRACON& Tower with Radar,52,116,50,2,220,0,1,4,0,5,52,117,54,2,225,0,0,0,225
11/07/2008,DSM,IA,ACE,CE,Combined TRACON& Tower with Radar,44,118,52,2,216,0,0,0,0,0,44,118,52,2,216,0,0,0,216
11/08/2008,DSM,IA,ACE,CE,Combined TRACON& Tower with Radar,35,71,14,0,120,0,1,4,0,5,35,72,18,0,125,2,0,2,127
11/09/2008,DSM,IA,ACE,CE,Combined TRACON& Tower with Radar,35,92,25,0,152,0,1,13,1,15,35,93,38,1,167,95,0,95,262
11/10/2008,DSM,IA,ACE,CE,Combined TRACON& Tower with Radar,33,104,77,0,214,0,1,11,0,12,33,105,88,0,226,40,0,40,266
11/11/2008,DSM,IA,ACE,CE,Combined TRACON& Tower with Radar,51,102,41,0,194,0,0,0,0,0,51,102,41,0,194,4,0,4,198
11/12/2008,DSM,IA,ACE,CE,Combined TRACON& Tower with Radar,52,110,62,0,224,0,1,1,0,2,52,111,63,0,226,0,0,0,226
11/13/2008,DSM,IA,ACE,CE,Combined TRACON& Tower with Radar,56,127,77,2,262,0,2,11,1,14,56,129,88,3,276,0,0,0,276
11/14/2008,DSM,IA,ACE,CE,Combined TRACON& Tower with Radar,45,111,57,8,221,0,4,3,0,7,45,115,60,8,228,6,0,6,234
11/15/2008,DSM,IA,ACE,CE,Combined TRACON& Tower with Radar,29,72,14,2,117,0,0,7,0,7,29,72,21,2,124,64,0,64,188
11/16/2008,DSM,IA,ACE,CE,Combined TRACON& Tower with Radar,36,81,34,1,152,0,1,28,0,29,36,82,62,1,181,50,0,50,231
11/17/2008,DSM,IA,ACE,CE,Combined TRACON& Tower with Radar,34,117,55,2,208,0,4,18,2,24,34,121,73,4,232,66,6,72,304
11/18/2008,DSM,IA,ACE,CE,Combined TRACON& Tower with Radar,50,127,86,8,271,0,2,44,1,47,50,129,130,9,318,4,0,4,322
11/19/2008,DSM,IA,ACE,CE,Combined TRACON& Tower with Radar,53,123,84,9,269,0,1,45,0,46,53,124,129,9,315,17,10,27,342
11/20/2008,DSM,IA,ACE,CE,Combined TRACON& Tower with Radar,58,128,70,9,265,0,2,10,0,12,58,130,80,9,277,18,10,28,305
11/21/2008,DSM,IA,ACE,CE,Combined TRACON& Tower with Radar,44,112,78,7,241,0,6,42,0,48,44,118,120,7,289,32,10,42,331
11/22/2008,DSM,IA,ACE,CE,Combined TRACON& Tower with Radar,31,65,16,0,112,0,1,10,0,11,31,66,26,0,123,0,0,0,123
11/23/2008,DSM,IA,ACE,CE,Combined TRACON& Tower with Radar,36,86,30,1,153,0,1,32,0,33,36,87,62,1,186,26,0,26,212
11/24/2008,DSM,IA,ACE,CE,Combined TRACON& Tower with Radar,37,109,41,7,194,0,2,8,1,11,37,111,49,8,205,6,14,20,225
11/25/2008,DSM,IA,ACE,CE,Combined TRACON& Tower with Radar,66,116,43,11,236,0,5,28,2,35,66,121,71,13,271,4,20,24,295
11/26/2008,DSM,IA,ACE,CE,Combined TRACON& Tower with Radar,64,114,54,0,232,0,7,57,0,64,64,121,111,0,296,22,0,22,318
11/27/2008,DSM,IA,ACE,CE,Combined TRACON& Tower with Radar,12,73,5,0,90,0,1,10,0,11,12,74,15,0,101,0,0,0,101
11/28/2008,DSM,IA,ACE,CE,Combined TRACON& Tower with Radar,32,71,15,0,118,0,8,34,1,43,32,79,49,1,161,22,0,22,183
11/29/2008,DSM,IA,ACE,CE,Combined TRACON& Tower with Radar,34,77,21,0,132,0,1,6,0,7,34,78,27,0,139,26,0,26,165
11/30/2008,DSM,IA,ACE,CE,Combined TRACON& Tower with Radar,36,91,23,0,150,0,0,0,0,0,36,91,23,0,150,0,0,0,150
12/01/2008,DSM,IA,ACE,CE,Combined TRACON& Tower with Radar,35,100,46,2,183,0,1,11,0,12,35,101,57,2,195,0,0,0,195
12/02/2008,DSM,IA,ACE,CE,Combined TRACON& Tower with Radar,58,127,58,6,249,0,3,21,1,25,58,130,79,7,274,12,15,27,301
12/03/2008,DSM,IA,ACE,CE,Combined TRACON& Tower with Radar,62,118,53,1,234,0,0,8,1,9,62,118,61,2,243,28,0,28,271
12/04/2008,DSM,IA,ACE,CE,Combined TRACON& Tower with Radar,66,124,73,13,276,0,1,10,1,12,66,125,83,14,288,12,12,24,312
12/05/2008,DSM,IA,ACE,CE,Combined TRACON& Tower with Radar,43,119,65,6,233,0,4,30,0,34,43,123,95,6,267,0,0,0,267
12/06/2008,DSM,IA,ACE,CE,Combined TRACON& Tower with Radar,26,62,18,0,106,0,4,4,0,8,26,66,22,0,114,0,0,0,114
12/07/2008,DSM,IA,ACE,CE,Combined TRACON& Tower with Radar,36,77,22,0,135,0,6,15,0,21,36,83,37,0,156,36,0,36,192
12/08/2008,DSM,IA,ACE,CE,Combined TRACON& Tower with Radar,39,103,60,0,202,0,2,14,0,16,39,105,74,0,218,16,0,16,234
12/09/2008,DSM,IA,ACE,CE,Combined TRACON& Tower with Radar,54,97,31,0,182,0,0,0,0,0,54,97,31,0,182,0,0,0,182
12/10/2008,DSM,IA,ACE,CE,Combined TRACON& Tower with Radar,61,116,75,4,256,0,3,23,0,26,61,119,98,4,282,0,0,0,282
12/11/2008,DSM,IA,ACE,CE,Combined TRACON& Tower with Radar,64,117,63,10,254,0,3,36,1,40,64,120,99,11,294,36,0,36,330
12/12/2008,DSM,IA,ACE,CE,Combined TRACON& Tower with Radar,43,114,75,12,244,0,3,20,0,23,43,117,95,12,267,7,16,23,290
12/13/2008,DSM,IA,ACE,CE,Combined TRACON& Tower with Radar,22,62,35,0,119,0,2,36,0,38,22,64,71,0,157,28,0,28,185
12/14/2008,DSM,IA,ACE,CE,Combined TRACON& Tower with Radar,35,79,11,0,125,0,1,0,0,1,35,80,11,0,126,0,0,0,126
12/15/2008,DSM,IA,ACE,CE,Combined TRACON& Tower with Radar,38,104,50,1,193,0,0,6,0,6,38,104,56,1,199,2,0,2,201
12/16/2008,DSM,IA,ACE,CE,Combined TRACON& Tower with Radar,70,104,45,0,219,0,1,0,0,1,70,105,45,0,220,2,0,2,222
12/17/2008,DSM,IA,ACE,CE,Combined TRACON& Tower with Radar,85,117,60,5,267,0,3,20,0,23,85,120,80,5,290,26,0,26,316
12/18/2008,DSM,IA,ACE,CE,Combined TRACON& Tower with Radar,74,88,43,7,212,0,0,9,0,9,74,88,52,7,221,2,6,8,229
12/19/2008,DSM,IA,ACE,CE,Combined TRACON& Tower with Radar,41,94,31,0,166,0,0,3,0,3,41,94,34,0,169,0,0,0,169
12/20/2008,DSM,IA,ACE,CE,Combined TRACON& Tower with Radar,35,78,19,0,132,0,0,1,0,1,35,78,20,0,133,0,0,0,133
12/21/2008,DSM,IA,ACE,CE,Combined TRACON& Tower with Radar,49,72,13,0,134,0,0,0,0,0,49,72,13,0,134,0,0,0,134
12/22/2008,DSM,IA,ACE,CE,Combined TRACON& Tower with Radar,45,95,41,15,196,0,0,23,2,25,45,95,64,17,221,12,12,24,245
12/23/2008,DSM,IA,ACE,CE,Combined TRACON& Tower with Radar,85,105,49,5,244,0,0,11,0,11,85,105,60,5,255,24,0,24,279
12/24/2008,DSM,IA,ACE,CE,Combined TRACON& Tower with Radar,58,92,19,0,169,0,0,13,0,13,58,92,32,0,182,18,0,18,200
12/25/2008,DSM,IA,ACE,CE,Combined TRACON& Tower with Radar,25,77,5,0,107,0,1,1,0,2,25,78,6,0,109,0,0,0,109
12/26/2008,DSM,IA,ACE,CE,Combined TRACON& Tower with Radar,53,109,18,0,180,0,2,0,0,2,53,111,18,0,182,42,0,42,224
12/27/2008,DSM,IA,ACE,CE,Combined TRACON& Tower with Radar,36,52,18,0,106,0,2,0,0,2,36,54,18,0,108,0,0,0,108
12/28/2008,DSM,IA,ACE,CE,Combined TRACON& Tower with Radar,42,83,26,0,151,0,2,22,0,24,42,85,48,0,175,40,0,40,215
12/29/2008,DSM,IA,ACE,CE,Combined TRACON& Tower with Radar,40,92,44,12,188,0,5,36,3,44,40,97,80,15,232,14,24,38,270
12/30/2008,DSM,IA,ACE,CE,Combined TRACON& Tower with Radar,67,98,45,11,221,0,5,19,0,24,67,103,64,11,245,0,0,0,245
12/31/2008,DSM,IA,ACE,CE,Combined TRACON& Tower with Radar,47,95,28,4,174,0,2,21,0,23,47,97,49,4,197,12,0,12,209
01/01/2009,DSM,IA,ACE,CE,Combined TRACON& Tower with Radar,32,76,13,0,121,0,4,13,0,17,32,80,26,0,138,14,0,14,152
01/02/2009,DSM,IA,ACE,CE,Combined TRACON& Tower with Radar,49,99,43,1,192,0,2,46,1,49,49,101,89,2,241,12,0,12,253
01/03/2009,DSM,IA,ACE,CE,Combined TRACON& Tower with Radar,37,74,20,1,132,0,1,0,0,1,37,75,20,1,133,4,0,4,137
01/04/2009,DSM,IA,ACE,CE,Combined TRACON& Tower with Radar,43,83,30,0,156,0,3,10,0,13,43,86,40,0,169,0,0,0,169
01/05/2009,DSM,IA,ACE,CE,Combined TRACON& Tower with Radar,34,104,41,0,179,0,2,24,0,26,34,106,65,0,205,70,0,70,275
01/06/2009,DSM,IA,ACE,CE,Combined TRACON& Tower with Radar,45,113,51,11,220,0,3,40,0,43,45,116,91,11,263,30,0,30,293
01/07/2009,DSM,IA,ACE,CE,Combined TRACON& Tower with Radar,50,113,57,10,230,0,0,8,0,8,50,113,65,10,238,10,10,20,258
01/08/2009,DSM,IA,ACE,CE,Combined TRACON& Tower with Radar,57,109,53,11,230,0,2,37,1,40,57,111,90,12,270,44,6,50,320
01/09/2009,DSM,IA,ACE,CE,Combined TRACON& Tower with Radar,41,98,46,0,185,0,1,23,0,24,41,99,69,0,209,38,0,38,247
01/10/2009,DSM,IA,ACE,CE,Combined TRACON& Tower with Radar,29,59,25,0,113,0,1,8,0,9,29,60,33,0,122,78,0,78,200
01/11/2009,DSM,IA,ACE,CE,Combined TRACON& Tower with Radar,37,71,35,4,147,0,3,14,2,19,37,74,49,6,166,6,4,10,176
01/12/2009,DSM,IA,ACE,CE,Combined TRACON& Tower with Radar,27,94,16,0,137,0,0,2,0,2,27,94,18,0,139,0,0,0,139
01/13/2009,DSM,IA,ACE,CE,Combined TRACON& Tower with Radar,54,109,50,4,217,0,2,8,0,10,54,111,58,4,227,0,0,0,227
01/14/2009,DSM,IA,ACE,CE,Combined TRACON& Tower with Radar,49,108,48,0,205,0,2,4,0,6,49,110,52,0,211,0,0,0,211
01/15/2009,DSM,IA,ACE,CE,Combined TRACON& Tower with Radar,56,110,52,0,218,0,0,5,0,5,56,110,57,0,223,0,0,0,223
01/16/2009,DSM,IA,ACE,CE,Combined TRACON& Tower with Radar,47,105,31,7,190,0,5,7,0,12,47,110,38,7,202,0,0,0,202
01/17/2009,DSM,IA,ACE,CE,Combined TRACON& Tower with Radar,28,58,28,9,123,0,2,0,0,2,28,60,28,9,125,0,0,0,125
01/18/2009,DSM,IA,ACE,CE,Combined TRACON& Tower with Radar,37,71,18,2,128,0,1,13,0,14,37,72,31,2,142,20,0,20,162
01/19/2009,DSM,IA,ACE,CE,Combined TRACON& Tower with Radar,41,93,57,0,191,0,1,26,0,27,41,94,83,0,218,4,0,4,222
01/20/2009,DSM,IA,ACE,CE,Combined TRACON& Tower with Radar,51,104,51,17,223,0,2,28,0,30,51,106,79,17,253,44,0,44,297
01/21/2009,DSM,IA,ACE,CE,Combined TRACON& Tower with Radar,49,117,76,32,274,0,1,35,2,38,49,118,111,34,312,29,22,51,363
01/22/2009,DSM,IA,ACE,CE,Combined TRACON& Tower with Radar,53,110,48,12,223,0,2,44,1,47,53,112,92,13,270,28,24,52,322
01/23/2009,DSM,IA,ACE,CE,Combined TRACON& Tower with Radar,43,106,46,8,203,0,1,6,0,7,43,107,52,8,210,2,24,26,236
01/24/2009,DSM,IA,ACE,CE,Combined TRACON& Tower with Radar,28,60,24,14,126,0,1,25,0,26,28,61,49,14,152,8,36,44,196
01/25/2009,DSM,IA,ACE,CE,Combined TRACON& Tower with Radar,38,77,16,2,133,0,0,3,0,3,38,77,19,2,136,6,4,10,146
01/26/2009,DSM,IA,ACE,CE,Combined TRACON& Tower with Radar,39,94,38,0,171,0,3,11,0,14,39,97,49,0,185,0,0,0,185
01/27/2009,DSM,IA,ACE,CE,Combined TRACON& Tower with Radar,49,111,55,7,222,0,0,7,0,7,49,111,62,7,229,4,0,4,233
01/28/2009,DSM,IA,ACE,CE,Combined TRACON& Tower with Radar,49,105,64,15,233,0,0,28,0,28,49,105,92,15,261,4,8,12,273
01/29/2009,DSM,IA,ACE,CE,Combined TRACON& Tower with Radar,55,102,61,16,234,0,2,5,1,8,55,104,66,17,242,18,2,20,262
01/30/2009,DSM,IA,ACE,CE,Combined TRACON& Tower with Radar,44,108,47,11,210,0,2,12,2,16,44,110,59,13,226,4,4,8,234
01/31/2009,DSM,IA,ACE,CE,Combined TRACON& Tower with Radar,28,59,19,0,106,0,6,44,0,50,28,65,63,0,156,34,0,34,190
02/01/2009,DSM,IA,ACE,CE,Combined TRACON& Tower with Radar,40,72,18,0,130,0,2,38,1,41,40,74,56,1,171,4,0,4,175
02/02/2009,DSM,IA,ACE,CE,Combined TRACON& Tower with Radar,39,104,43,0,186,0,2,15,0,17,39,106,58,0,203,8,0,8,211
02/03/2009,DSM,IA,ACE,CE,Combined TRACON& Tower with Radar,48,114,36,13,211,0,1,27,2,30,48,115,63,15,241,12,10,22,263
02/04/2009,DSM,IA,ACE,CE,Combined TRACON& Tower with Radar,48,119,51,15,233,0,0,34,0,34,48,119,85,15,267,0,0,0,267
02/05/2009,DSM,IA,ACE,CE,Combined TRACON& Tower with Radar,54,113,49,13,229,0,2,43,2,47,54,115,92,15,276,30,20,50,326
02/06/2009,DSM,IA,ACE,CE,Combined TRACON& Tower with Radar,43,109,57,7,216,0,3,47,0,50,43,112,104,7,266,40,0,40,306
02/07/2009,DSM,IA,ACE,CE,Combined TRACON& Tower with Radar,27,59,35,10,131,0,6,37,2,45,27,65,72,12,176,68,16,84,260
02/08/2009,DSM,IA,ACE,CE,Combined TRACON& Tower with Radar,39,75,25,1,140,0,3,39,1,43,39,78,64,2,183,18,0,18,201
02/09/2009,DSM,IA,ACE,CE,Combined TRACON& Tower with Radar,35,102,42,1,180,0,0,1,0,1,35,102,43,1,181,0,0,0,181
02/10/2009,DSM,IA,ACE,CE,Combined TRACON& Tower with Radar,48,104,51,10,213,0,0,23,0,23,48,104,74,10,236,0,0,0,236
02/11/2009,DSM,IA,ACE,CE,Combined TRACON& Tower with Radar,46,112,57,15,230,0,3,5,0,8,46,115,62,15,238,0,0,0,238
02/12/2009,DSM,IA,ACE,CE,Combined TRACON& Tower with Radar,53,119,61,12,245,0,4,46,0,50,53,123,107,12,295,96,14,110,405
02/13/2009,DSM,IA,ACE,CE,Combined TRACON& Tower with Radar,35,78,32,0,145,0,0,4,0,4,35,78,36,0,149,8,0,8,157
02/14/2009,DSM,IA,ACE,CE,Combined TRACON& Tower with Radar,32,73,21,3,129,0,3,17,0,20,32,76,38,3,149,20,0,20,169
02/15/2009,DSM,IA,ACE,CE,Combined TRACON& Tower with Radar,44,72,27,3,146,0,2,27,0,29,44,74,54,3,175,4,0,4,179
02/16/2009,DSM,IA,ACE,CE,Combined TRACON& Tower with Radar,35,96,40,0,171,0,2,26,0,28,35,98,66,0,199,30,0,30,229
02/17/2009,DSM,IA,ACE,CE,Combined TRACON& Tower with Radar,40,110,39,11,200,0,1,12,0,13,40,111,51,11,213,0,0,0,213
02/18/2009,DSM,IA,ACE,CE,Combined TRACON& Tower with Radar,47,118,46,6,217,0,0,0,0,0,47,118,46,6,217,0,0,0,217
02/19/2009,DSM,IA,ACE,CE,Combined TRACON& Tower with Radar,50,114,55,16,235,0,0,20,1,21,50,114,75,17,256,0,0,0,256
02/20/2009,DSM,IA,ACE,CE,Combined TRACON& Tower with Radar,41,123,33,10,207,0,3,16,0,19,41,126,49,10,226,8,0,8,234
02/21/2009,DSM,IA,ACE,CE,Combined TRACON& Tower with Radar,27,62,20,11,120,0,1,2,0,3,27,63,22,11,123,14,10,24,147
02/22/2009,DSM,IA,ACE,CE,Combined TRACON& Tower with Radar,39,83,23,4,149,0,2,46,0,48,39,85,69,4,197,22,10,32,229
02/23/2009,DSM,IA,ACE,CE,Combined TRACON& Tower with Radar,33,105,79,0,217,0,7,31,1,39,33,112,110,1,256,10,0,10,266
02/24/2009,DSM,IA,ACE,CE,Combined TRACON& Tower with Radar,46,115,42,14,217,0,1,18,0,19,46,116,60,14,236,32,0,32,268
02/25/2009,DSM,IA,ACE,CE,Combined TRACON& Tower with Radar,50,113,59,13,235,0,0,21,1,22,50,113,80,14,257,30,2,32,289
02/26/2009,DSM,IA,ACE,CE,Combined TRACON& Tower with Radar,55,112,39,9,215,0,0,0,0,0,55,112,39,9,215,4,2,6,221
02/27/2009,DSM,IA,ACE,CE,Combined TRACON& Tower with Radar,36,111,38,15,200,0,1,11,0,12,36,112,49,15,212,0,16,16,228
02/28/2009,DSM,IA,ACE,CE,Combined TRACON& Tower with Radar,27,66,15,3,111,0,2,20,0,22,27,68,35,3,133,4,0,4,137
03/01/2009,DSM,IA,ACE,CE,Combined TRACON& Tower with Radar,41,71,29,1,142,0,2,42,0,44,41,73,71,1,186,18,0,18,204
03/02/2009,DSM,IA,ACE,CE,Combined TRACON& Tower with Radar,35,103,52,1,191,0,3,40,0,43,35,106,92,1,234,9,0,9,243
03/03/2009,DSM,IA,ACE,CE,Combined TRACON& Tower with Radar,44,117,51,5,217,0,3,25,0,28,44,120,76,5,245,0,0,0,245
03/04/2009,DSM,IA,ACE,CE,Combined TRACON& Tower with Radar,50,113,59,5,227,0,3,41,0,44,50,116,100,5,271,0,4,4,275
03/05/2009,DSM,IA,ACE,CE,Combined TRACON& Tower with Radar,50,117,62,5,234,0,5,38,0,43,50,122,100,5,277,0,0,0,277
03/06/2009,DSM,IA,ACE,CE,Combined TRACON& Tower with Radar,41,109,53,7,210,0,3,54,1,58,41,112,107,8,268,38,10,48,316
03/07/2009,DSM,IA,ACE,CE,Combined TRACON& Tower with Radar,27,67,17,4,115,0,0,2,0,2,27,67,19,4,117,0,0,0,117
03/08/2009,DSM,IA,ACE,CE,Combined TRACON& Tower with Radar,39,77,17,0,133,0,0,0,0,0,39,77,17,0,133,0,0,0,133
03/09/2009,DSM,IA,ACE,CE,Combined TRACON& Tower with Radar,35,109,42,2,188,0,0,0,0,0,35,109,42,2,188,0,0,0,188
03/10/2009,DSM,IA,ACE,CE,Combined TRACON& Tower with Radar,46,115,45,0,206,0,0,0,0,0,46,115,45,0,206,4,0,4,210
03/11/2009,DSM,IA,ACE,CE,Combined TRACON& Tower with Radar,52,120,68,18,258,0,0,26,3,29,52,120,94,21,287,32,16,48,335
03/12/2009,DSM,IA,ACE,CE,Combined TRACON& Tower with Radar,54,118,46,14,232,0,1,35,1,37,54,119,81,15,269,26,14,40,309
03/13/2009,DSM,IA,ACE,CE,Combined TRACON& Tower with Radar,43,113,33,15,204,0,1,38,1,40,43,114,71,16,244,22,10,32,276
03/14/2009,DSM,IA,ACE,CE,Combined TRACON& Tower with Radar,34,73,36,3,146,0,5,58,0,63,34,78,94,3,209,124,0,124,333
03/15/2009,DSM,IA,ACE,CE,Combined TRACON& Tower with Radar,44,85,23,6,158,0,1,34,0,35,44,86,57,6,193,2,8,10,203
03/16/2009,DSM,IA,ACE,CE,Combined TRACON& Tower with Radar,31,102,51,0,184,0,2,32,0,34,31,104,83,0,218,30,0,30,248
03/17/2009,DSM,IA,ACE,CE,Combined TRACON& Tower with Radar,50,116,33,9,208,0,5,26,1,32,50,121,59,10,240,34,18,52,292
03/18/2009,DSM,IA,ACE,CE,Combined TRACON& Tower with Radar,52,109,59,12,232,0,3,20,0,23,52,112,79,12,255,6,24,30,285
03/19/2009,DSM,IA,ACE,CE,Combined TRACON& Tower with Radar,48,110,45,13,216,0,1,43,0,44,48,111,88,13,260,38,2,40,300
03/20/2009,DSM,IA,ACE,CE,Combined TRACON& Tower with Radar,41,112,43,1,197,0,2,25,0,27,41,114,68,1,224,30,0,30,254
03/21/2009,DSM,IA,ACE,CE,Combined TRACON& Tower with Radar,30,73,23,9,135,0,5,44,4,53,30,78,67,13,188,24,0,24,212
03/22/2009,DSM,IA,ACE,CE,Combined TRACON& Tower with Radar,38,79,23,5,145,0,4,13,1,18,38,83,36,6,163,4,2,6,169
03/23/2009,DSM,IA,ACE,CE,Combined TRACON& Tower with Radar,32,107,40,2,181,0,0,6,0,6,32,107,46,2,187,6,0,6,193
03/24/2009,DSM,IA,ACE,CE,Combined TRACON& Tower with Radar,45,118,42,10,215,0,0,6,0,6,45,118,48,10,221,0,0,0,221
03/25/2009,DSM,IA,ACE,CE,Combined TRACON& Tower with Radar,50,116,45,12,223,0,2,18,2,22,50,118,63,14,245,2,8,10,255
03/26/2009,DSM,IA,ACE,CE,Combined TRACON& Tower with Radar,49,111,48,6,214,0,1,29,2,32,49,112,77,8,246,30,8,38,284
03/27/2009,DSM,IA,ACE,CE,Combined TRACON& Tower with Radar,42,117,36,11,206,0,4,17,0,21,42,121,53,11,227,12,0,12,239
03/28/2009,DSM,IA,ACE,CE,Combined TRACON& Tower with Radar,26,68,6,4,104,0,3,2,0,5,26,71,8,4,109,0,0,0,109
03/29/2009,DSM,IA,ACE,CE,Combined TRACON& Tower with Radar,37,76,18,0,131,0,1,42,0,43,37,77,60,0,174,16,0,16,190
03/30/2009,DSM,IA,ACE,CE,Combined TRACON& Tower with Radar,31,108,34,0,173,0,6,15,0,21,31,114,49,0,194,0,0,0,194
03/31/2009,DSM,IA,ACE,CE,Combined TRACON& Tower with Radar,42,116,38,12,208,0,0,3,0,3,42,116,41,12,211,0,0,0,211
04/01/2009,DSM,IA,ACE,CE,Combined TRACON& Tower with Radar,46,111,49,9,215,0,1,24,3,28,46,112,73,12,243,36,6,42,285
04/02/2009,DSM,IA,ACE,CE,Combined TRACON& Tower with Radar,46,110,46,8,210,0,3,8,0,11,46,113,54,8,221,8,0,8,229
04/03/2009,DSM,IA,ACE,CE,Combined TRACON& Tower with Radar,31,122,41,5,199,0,2,50,3,55,31,124,91,8,254,24,0,24,278
04/04/2009,DSM,IA,ACE,CE,Combined TRACON& Tower with Radar,29,69,15,14,127,0,3,13,0,16,29,72,28,14,143,4,0,4,147
04/05/2009,DSM,IA,ACE,CE,Combined TRACON& Tower with Radar,36,79,10,0,125,0,0,0,0,0,36,79,10,0,125,0,0,0,125
04/06/2009,DSM,IA,ACE,CE,Combined TRACON& Tower with Radar,32,102,39,0,173,0,1,8,0,9,32,103,47,0,182,4,0,4,186
04/07/2009,DSM,IA,ACE,CE,Combined TRACON& Tower with Radar,47,107,48,3,205,0,4,32,1,37,47,111,80,4,242,0,0,0,242
04/08/2009,DSM,IA,ACE,CE,Combined TRACON& Tower with Radar,48,114,65,11,238,0,2,23,0,25,48,116,88,11,263,70,20,90,353
04/09/2009,DSM,IA,ACE,CE,Combined TRACON& Tower with Radar,50,109,53,15,227,0,0,29,1,30,50,109,82,16,257,12,36,48,305
04/10/2009,DSM,IA,ACE,CE,Combined TRACON& Tower with Radar,38,114,37,10,199,0,2,34,0,36,38,116,71,10,235,30,22,52,287
04/11/2009,DSM,IA,ACE,CE,Combined TRACON& Tower with Radar,33,61,16,1,111,0,5,45,0,50,33,66,61,1,161,6,0,6,167
04/12/2009,DSM,IA,ACE,CE,Combined TRACON& Tower with Radar,43,74,21,0,138,0,1,17,0,18,43,75,38,0,156,18,0,18,174
04/13/2009,DSM,IA,ACE,CE,Combined TRACON& Tower with Radar,34,107,49,3,193,0,1,2,0,3,34,108,51,3,196,14,0,14,210
04/14/2009,DSM,IA,ACE,CE,Combined TRACON& Tower with Radar,49,106,52,3,210,0,1,22,0,23,49,107,74,3,233,0,0,0,233
04/15/2009,DSM,IA,ACE,CE,Combined TRACON& Tower with Radar,41,115,67,9,232,0,2,40,5,47,41,117,107,14,279,10,4,14,293
04/16/2009,DSM,IA,ACE,CE,Combined TRACON& Tower with Radar,49,112,53,5,219,0,6,37,3,46,49,118,90,8,265,40,4,44,309
04/17/2009,DSM,IA,ACE,CE,Combined TRACON& Tower with Radar,33,111,47,6,197,0,2,36,0,38,33,113,83,6,235,22,12,34,269
04/18/2009,DSM,IA,ACE,CE,Combined TRACON& Tower with Radar,39,63,20,3,125,0,2,4,0,6,39,65,24,3,131,10,0,10,141
04/19/2009,DSM,IA,ACE,CE,Combined TRACON& Tower with Radar,36,75,23,9,143,0,2,1,0,3,36,77,24,9,146,4,0,4,150
04/20/2009,DSM,IA,ACE,CE,Combined TRACON& Tower with Radar,38,108,61,0,207,0,2,13,4,19,38,110,74,4,226,10,0,10,236
04/21/2009,DSM,IA,ACE,CE,Combined TRACON& Tower with Radar,52,105,39,8,204,0,1,17,0,18,52,106,56,8,222,0,0,0,222
04/22/2009,DSM,IA,ACE,CE,Combined TRACON& Tower with Radar,50,113,54,5,222,0,1,24,14,39,50,114,78,19,261,38,0,38,299
04/23/2009,DSM,IA,ACE,CE,Combined TRACON& Tower with Radar,48,117,57,6,228,0,3,33,2,38,48,120,90,8,266,6,0,6,272
04/24/2009,DSM,IA,ACE,CE,Combined TRACON& Tower with Radar,41,121,50,0,212,0,2,18,3,23,41,123,68,3,235,10,12,22,257
04/25/2009,DSM,IA,ACE,CE,Combined TRACON& Tower with Radar,34,60,18,14,126,0,0,2,0,2,34,60,20,14,128,8,8,16,144
04/26/2009,DSM,IA,ACE,CE,Combined TRACON& Tower with Radar,37,76,14,0,127,0,0,0,0,0,37,76,14,0,127,0,0,0,127
04/27/2009,DSM,IA,ACE,CE,Combined TRACON& Tower with Radar,37,104,47,2,190,0,2,17,0,19,37,106,64,2,209,40,0,40,249
04/28/2009,DSM,IA,ACE,CE,Combined TRACON& Tower with Radar,48,109,82,6,245,0,3,29,1,33,48,112,111,7,278,80,10,90,368
04/29/2009,DSM,IA,ACE,CE,Combined TRACON& Tower with Radar,46,118,73,2,239,0,0,0,0,0,46,118,73,2,239,0,0,0,239
04/30/2009,DSM,IA,ACE,CE,Combined TRACON& Tower with Radar,49,116,44,6,215,0,0,10,2,12,49,116,54,8,227,0,0,0,227
05/01/2009,DSM,IA,ACE,CE,Combined TRACON& Tower with Radar,35,124,48,11,218,0,2,40,0,42,35,126,88,11,260,16,12,28,288
05/02/2009,DSM,IA,ACE,CE,Combined TRACON& Tower with Radar,39,52,17,16,124,0,2,60,2,64,39,54,77,18,188,30,12,42,230
05/03/2009,DSM,IA,ACE,CE,Combined TRACON& Tower with Radar,40,85,28,4,157,0,0,48,1,49,40,85,76,5,206,40,0,40,246
05/04/2009,DSM,IA,ACE,CE,Combined TRACON& Tower with Radar,38,109,53,0,200,0,0,43,0,43,38,109,96,0,243,20,0,20,263
05/05/2009,DSM,IA,ACE,CE,Combined TRACON& Tower with Radar,51,117,54,2,224,0,0,20,0,20,51,117,74,2,244,0,0,0,244
05/06/2009,DSM,IA,ACE,CE,Combined TRACON& Tower with Radar,48,115,51,12,226,0,1,30,0,31,48,116,81,12,257,20,0,20,277
05/07/2009,DSM,IA,ACE,CE,Combined TRACON& Tower with Radar,48,117,49,18,232,0,2,30,1,33,48,119,79,19,265,54,4,58,323
05/08/2009,DSM,IA,ACE,CE,Combined TRACON& Tower with Radar,35,125,44,13,217,0,0,26,0,26,35,125,70,13,243,54,16,70,313
05/09/2009,DSM,IA,ACE,CE,Combined TRACON& Tower with Radar,35,62,21,5,123,0,1,32,0,33,35,63,53,5,156,10,0,10,166
05/10/2009,DSM,IA,ACE,CE,Combined TRACON& Tower with Radar,39,83,27,3,152,0,2,23,0,25,39,85,50,3,177,4,0,4,181
05/11/2009,DSM,IA,ACE,CE,Combined TRACON& Tower with Radar,37,114,44,0,195,0,3,60,0,63,37,117,104,0,258,84,0,84,342
05/12/2009,DSM,IA,ACE,CE,Combined TRACON& Tower with Radar,50,115,58,9,232,0,0,12,1,13,50,115,70,10,245,4,0,4,249
05/13/2009,DSM,IA,ACE,CE,Combined TRACON& Tower with Radar,55,115,65,16,251,0,0,9,0,9,55,115,74,16,260,2,0,2,262
05/14/2009,DSM,IA,ACE,CE,Combined TRACON& Tower with Radar,49,118,57,19,243,0,3,53,4,60,49,121,110,23,303,116,26,142,445
05/15/2009,DSM,IA,ACE,CE,Combined TRACON& Tower with Radar,39,120,47,0,206,0,0,4,0,4,39,120,51,0,210,0,0,0,210
05/16/2009,DSM,IA,ACE,CE,Combined TRACON& Tower with Radar,32,59,16,9,116,0,1,14,1,16,32,60,30,10,132,16,10,26,158
05/17/2009,DSM,IA,ACE,CE,Combined TRACON& Tower with Radar,41,88,30,0,159,0,0,34,0,34,41,88,64,0,193,78,0,78,271
05/18/2009,DSM,IA,ACE,CE,Combined TRACON& Tower with Radar,38,103,56,0,197,0,0,30,2,32,38,103,86,2,229,40,0,40,269
05/19/2009,DSM,IA,ACE,CE,Combined TRACON& Tower with Radar,46,118,61,8,233,0,1,33,3,37,46,119,94,11,270,22,0,22,292
05/20/2009,DSM,IA,ACE,CE,Combined TRACON& Tower with Radar,48,114,60,13,235,0,2,13,1,16,48,116,73,14,251,12,6,18,269
05/21/2009,DSM,IA,ACE,CE,Combined TRACON& Tower with Radar,49,119,63,0,231,0,0,57,0,57,49,119,120,0,288,28,0,28,316
05/22/2009,DSM,IA,ACE,CE,Combined TRACON& Tower with Radar,41,115,62,4,222,0,2,49,0,51,41,117,111,4,273,34,0,34,307
05/23/2009,DSM,IA,ACE,CE,Combined TRACON& Tower with Radar,36,53,14,4,107,0,5,27,0,32,36,58,41,4,139,12,0,12,151
05/24/2009,DSM,IA,ACE,CE,Combined TRACON& Tower with Radar,33,59,23,2,117,0,1,16,0,17,33,60,39,2,134,24,0,24,158
05/25/2009,DSM,IA,ACE,CE,Combined TRACON& Tower with Radar,40,83,31,1,155,0,0,12,10,22,40,83,43,11,177,0,0,0,177
05/26/2009,DSM,IA,ACE,CE,Combined TRACON& Tower with Radar,34,100,73,13,220,0,0,0,0,0,34,100,73,13,220,0,0,0,220
05/27/2009,DSM,IA,ACE,CE,Combined TRACON& Tower with Radar,50,114,60,16,240,0,0,14,0,14,50,114,74,16,254,48,6,54,308
05/28/2009,DSM,IA,ACE,CE,Combined TRACON& Tower with Radar,53,114,83,22,272,0,2,55,0,57,53,116,138,22,329,60,12,72,401
05/29/2009,DSM,IA,ACE,CE,Combined TRACON& Tower with Radar,45,117,45,11,218,0,1,61,0,62,45,118,106,11,280,76,8,84,364
05/30/2009,DSM,IA,ACE,CE,Combined TRACON& Tower with Radar,33,65,24,0,122,0,0,32,1,33,33,65,56,1,155,28,0,28,183
05/31/2009,DSM,IA,ACE,CE,Combined TRACON& Tower with Radar,47,85,30,0,162,0,0,32,14,46,47,85,62,14,208,36,0,36,244
06/01/2009,DSM,IA,ACE,CE,Combined TRACON& Tower with Radar,37,108,47,0,192,0,0,9,1,10,37,108,56,1,202,16,0,16,218
06/02/2009,DSM,IA,ACE,CE,Combined TRACON& Tower with Radar,49,128,40,18,235,0,0,8,2,10,49,128,48,20,245,4,4,8,253
06/03/2009,DSM,IA,ACE,CE,Combined TRACON& Tower with Radar,53,111,81,10,255,0,5,58,0,63,53,116,139,10,318,50,14,64,382
06/04/2009,DSM,IA,ACE,CE,Combined TRACON& Tower with Radar,56,111,73,12,252,0,1,48,2,51,56,112,121,14,303,64,30,94,397
06/05/2009,DSM,IA,ACE,CE,Combined TRACON& Tower with Radar,47,113,65,0,225,0,7,37,0,44,47,120,102,0,269,38,0,38,307
06/06/2009,DSM,IA,ACE,CE,Combined TRACON& Tower with Radar,37,63,18,16,134,0,3,12,0,15,37,66,30,16,149,0,0,0,149
06/07/2009,DSM,IA,ACE,CE,Combined TRACON& Tower with Radar,47,80,31,0,158,0,0,13,0,13,47,80,44,0,171,10,0,10,181
06/08/2009,DSM,IA,ACE,CE,Combined TRACON& Tower with Radar,41,101,48,0,190,0,0,3,0,3,41,101,51,0,193,54,0,54,247
06/09/2009,DSM,IA,ACE,CE,Combined TRACON& Tower with Radar,53,113,54,7,227,0,1,39,0,40,53,114,93,7,267,38,16,54,321
06/10/2009,DSM,IA,ACE,CE,Combined TRACON& Tower with Radar,55,109,58,9,231,0,2,19,0,21,55,111,77,9,252,26,0,26,278
06/11/2009,DSM,IA,ACE,CE,Combined TRACON& Tower with Radar,52,107,68,8,235,0,0,40,1,41,52,107,108,9,276,14,2,16,292
06/12/2009,DSM,IA,ACE,CE,Combined TRACON& Tower with Radar,45,113,73,7,238,0,3,27,0,30,45,116,100,7,268,0,0,0,268
06/13/2009,DSM,IA,ACE,CE,Combined TRACON& Tower with Radar,36,65,26,0,127,0,1,8,0,9,36,66,34,0,136,34,0,34,170
06/14/2009,DSM,IA,ACE,CE,Combined TRACON& Tower with Radar,42,93,29,0,164,0,4,28,0,32,42,97,57,0,196,30,0,30,226
06/15/2009,DSM,IA,ACE,CE,Combined TRACON& Tower with Radar,39,107,44,0,190,0,1,17,0,18,39,108,61,0,208,50,0,50,258
06/16/2009,DSM,IA,ACE,CE,Combined TRACON& Tower with Radar,50,115,65,11,241,0,0,1,0,1,50,115,66,11,242,56,0,56,298
06/17/2009,DSM,IA,ACE,CE,Combined TRACON& Tower with Radar,57,110,55,11,233,0,1,26,1,28,57,111,81,12,261,58,8,66,327
06/18/2009,DSM,IA,ACE,CE,Combined TRACON& Tower with Radar,54,114,55,12,235,0,4,25,0,29,54,118,80,12,264,0,0,0,264
06/19/2009,DSM,IA,ACE,CE,Combined TRACON& Tower with Radar,47,105,53,9,214,0,1,28,2,31,47,106,81,11,245,0,0,0,245
06/20/2009,DSM,IA,ACE,CE,Combined TRACON& Tower with Radar,32,48,17,8,105,0,1,31,4,36,32,49,48,12,141,16,0,16,157
06/21/2009,DSM,IA,ACE,CE,Combined TRACON& Tower with Radar,44,86,24,3,157,0,3,19,3,25,44,89,43,6,182,16,0,16,198
06/22/2009,DSM,IA,ACE,CE,Combined TRACON& Tower with Radar,37,105,56,9,207,0,0,22,6,28,37,105,78,15,235,22,0,22,257
06/23/2009,DSM,IA,ACE,CE,Combined TRACON& Tower with Radar,48,108,89,11,256,0,1,26,0,27,48,109,115,11,283,8,8,16,299
06/24/2009,DSM,IA,ACE,CE,Combined TRACON& Tower with Radar,57,111,71,7,246,0,1,25,1,27,57,112,96,8,273,8,10,18,291
06/25/2009,DSM,IA,ACE,CE,Combined TRACON& Tower with Radar,53,123,58,11,245,0,4,39,3,46,53,127,97,14,291,44,0,44,335
06/26/2009,DSM,IA,ACE,CE,Combined TRACON& Tower with Radar,44,116,61,7,228,0,4,51,12,67,44,120,112,19,295,26,0,26,321
06/27/2009,DSM,IA,ACE,CE,Combined TRACON& Tower with Radar,36,73,34,0,143,0,1,13,2,16,36,74,47,2,159,22,0,22,181
06/28/2009,DSM,IA,ACE,CE,Combined TRACON& Tower with Radar,44,90,43,0,177,0,0,38,0,38,44,90,81,0,215,6,0,6,221
06/29/2009,DSM,IA,ACE,CE,Combined TRACON& Tower with Radar,39,96,47,14,196,0,0,27,0,27,39,96,74,14,223,26,24,50,273
06/30/2009,DSM,IA,ACE,CE,Combined TRACON& Tower with Radar,54,120,45,13,232,0,1,41,0,42,54,121,86,13,274,20,0,20,294
07/01/2009,DSM,IA,ACE,CE,Combined TRACON& Tower with Radar,52,110,58,11,231,0,0,41,6,47,52,110,99,17,278,4,10,14,292
07/02/2009,DSM,IA,ACE,CE,Combined TRACON& Tower with Radar,57,107,57,4,225,0,1,43,1,45,57,108,100,5,270,30,4,34,304
07/03/2009,DSM,IA,ACE,CE,Combined TRACON& Tower with Radar,44,91,27,0,162,0,2,19,0,21,44,93,46,0,183,6,0,6,189
07/04/2009,DSM,IA,ACE,CE,Combined TRACON& Tower with Radar,29,49,11,0,89,0,0,0,0,0,29,49,11,0,89,0,0,0,89
07/05/2009,DSM,IA,ACE,CE,Combined TRACON& Tower with Radar,43,82,28,0,153,0,3,46,0,49,43,85,74,0,202,22,0,22,224
07/06/2009,DSM,IA,ACE,CE,Combined TRACON& Tower with Radar,43,96,53,0,192,0,1,39,0,40,43,97,92,0,232,26,0,26,258
07/07/2009,DSM,IA,ACE,CE,Combined TRACON& Tower with Radar,56,102,60,1,219,0,2,26,0,28,56,104,86,1,247,16,0,16,263
07/08/2009,DSM,IA,ACE,CE,Combined TRACON& Tower with Radar,57,108,61,2,228,0,1,23,1,25,57,109,84,3,253,10,0,10,263
07/09/2009,DSM,IA,ACE,CE,Combined TRACON& Tower with Radar,58,98,70,9,235,0,0,16,0,16,58,98,86,9,251,8,4,12,263
07/10/2009,DSM,IA,ACE,CE,Combined TRACON& Tower with Radar,51,107,46,5,209,0,0,12,0,12,51,107,58,5,221,2,4,6,227
07/11/2009,DSM,IA,ACE,CE,Combined TRACON& Tower with Radar,39,61,31,4,135,0,2,45,0,47,39,63,76,4,182,2,4,6,188
07/12/2009,DSM,IA,ACE,CE,Combined TRACON& Tower with Radar,46,74,36,0,156,0,3,25,0,28,46,77,61,0,184,4,0,4,188
07/13/2009,DSM,IA,ACE,CE,Combined TRACON& Tower with Radar,39,100,64,2,205,0,2,46,0,48,39,102,110,2,253,26,0,26,279
07/14/2009,DSM,IA,ACE,CE,Combined TRACON& Tower with Radar,56,117,50,12,235,0,1,7,0,8,56,118,57,12,243,16,4,20,263
07/15/2009,DSM,IA,ACE,CE,Combined TRACON& Tower with Radar,54,109,74,14,251,0,0,58,1,59,54,109,132,15,310,24,20,44,354
07/16/2009,DSM,IA,ACE,CE,Combined TRACON& Tower with Radar,58,114,69,8,249,0,0,39,0,39,58,114,108,8,288,34,0,34,322
07/17/2009,DSM,IA,ACE,CE,Combined TRACON& Tower with Radar,45,107,53,7,212,0,0,29,1,30,45,107,82,8,242,16,4,20,262
07/18/2009,DSM,IA,ACE,CE,Combined TRACON& Tower with Radar,35,67,26,0,128,0,2,31,0,33,35,69,57,0,161,8,0,8,169
07/19/2009,DSM,IA,ACE,CE,Combined TRACON& Tower with Radar,48,78,51,0,177,0,2,37,0,39,48,80,88,0,216,60,0,60,276
07/20/2009,DSM,IA,ACE,CE,Combined TRACON& Tower with Radar,42,97,69,0,208,0,0,28,0,28,42,97,97,0,236,2,0,2,238
07/21/2009,DSM,IA,ACE,CE,Combined TRACON& Tower with Radar,53,108,58,10,229,0,0,10,2,12,53,108,68,12,241,50,2,52,293
07/22/2009,DSM,IA,ACE,CE,Combined TRACON& Tower with Radar,50,105,55,20,230,0,0,33,16,49,50,105,88,36,279,32,28,60,339
07/23/2009,DSM,IA,ACE,CE,Combined TRACON& Tower with Radar,57,114,53,5,229,0,1,52,1,54,57,115,105,6,283,38,6,44,327
07/24/2009,DSM,IA,ACE,CE,Combined TRACON& Tower with Radar,48,117,58,15,238,0,1,27,0,28,48,118,85,15,266,8,32,40,306
07/25/2009,DSM,IA,ACE,CE,Combined TRACON& Tower with Radar,36,59,20,3,118,0,0,31,2,33,36,59,51,5,151,8,0,8,159
07/26/2009,DSM,IA,ACE,CE,Combined TRACON& Tower with Radar,44,84,37,0,165,0,0,42,1,43,44,84,79,1,208,12,0,12,220
07/27/2009,DSM,IA,ACE,CE,Combined TRACON& Tower with Radar,42,97,52,0,191,0,0,21,0,21,42,97,73,0,212,10,0,10,222
07/28/2009,DSM,IA,ACE,CE,Combined TRACON& Tower with Radar,51,109,81,20,261,0,0,45,0,45,51,109,126,20,306,8,20,28,334
07/29/2009,DSM,IA,ACE,CE,Combined TRACON& Tower with Radar,54,112,77,16,259,0,1,40,2,43,54,113,117,18,302,12,0,12,314
07/30/2009,DSM,IA,ACE,CE,Combined TRACON& Tower with Radar,59,109,85,13,266,0,0,27,2,29,59,109,112,15,295,4,2,6,301
07/31/2009,DSM,IA,ACE,CE,Combined TRACON& Tower with Radar,44,104,49,18,215,0,1,45,1,47,44,105,94,19,262,18,20,38,300
08/01/2009,DSM,IA,ACE,CE,Combined TRACON& Tower with Radar,41,71,24,7,143,0,5,16,2,23,41,76,40,9,166,18,4,22,188
08/02/2009,DSM,IA,ACE,CE,Combined TRACON& Tower with Radar,44,78,32,1,155,0,0,35,2,37,44,78,67,3,192,14,0,14,206
08/03/2009,DSM,IA,ACE,CE,Combined TRACON& Tower with Radar,43,95,55,2,195,0,2,36,3,41,43,97,91,5,236,72,0,72,308
08/04/2009,DSM,IA,ACE,CE,Combined TRACON& Tower with Radar,52,105,68,16,241,0,1,49,9,59,52,106,117,25,300,36,28,64,364
08/05/2009,DSM,IA,ACE,CE,Combined TRACON& Tower with Radar,52,99,59,15,225,0,0,35,2,37,52,99,94,17,262,34,10,44,306
08/06/2009,DSM,IA,ACE,CE,Combined TRACON& Tower with Radar,60,111,52,23,246,0,5,59,1,65,60,116,111,24,311,36,26,62,373
08/07/2009,DSM,IA,ACE,CE,Combined TRACON& Tower with Radar,47,110,57,9,223,0,0,6,0,6,47,110,63,9,229,52,6,58,287
08/08/2009,DSM,IA,ACE,CE,Combined TRACON& Tower with Radar,37,64,18,0,119,0,0,18,0,18,37,64,36,0,137,0,0,0,137
08/09/2009,DSM,IA,ACE,CE,Combined TRACON& Tower with Radar,44,93,37,0,174,0,1,11,0,12,44,94,48,0,186,28,0,28,214
08/10/2009,DSM,IA,ACE,CE,Combined TRACON& Tower with Radar,44,99,59,12,214,0,2,35,1,38,44,101,94,13,252,34,10,44,296
08/11/2009,DSM,IA,ACE,CE,Combined TRACON& Tower with Radar,56,119,75,11,261,0,2,37,3,42,56,121,112,14,303,42,16,58,361
08/12/2009,DSM,IA,ACE,CE,Combined TRACON& Tower with Radar,55,117,60,15,247,0,2,42,0,44,55,119,102,15,291,22,12,34,325
08/13/2009,DSM,IA,ACE,CE,Combined TRACON& Tower with Radar,60,119,60,20,259,0,2,35,5,42,60,121,95,25,301,12,10,22,323
08/14/2009,DSM,IA,ACE,CE,Combined TRACON& Tower with Radar,51,110,64,1,226,0,1,23,2,26,51,111,87,3,252,74,0,74,326
08/15/2009,DSM,IA,ACE,CE,Combined TRACON& Tower with Radar,39,63,20,2,124,0,0,22,0,22,39,63,42,2,146,8,0,8,154
08/16/2009,DSM,IA,ACE,CE,Combined TRACON& Tower with Radar,41,84,30,5,160,0,0,20,0,20,41,84,50,5,180,18,0,18,198
08/17/2009,DSM,IA,ACE,CE,Combined TRACON& Tower with Radar,44,95,53,4,196,0,1,17,1,19,44,96,70,5,215,10,0,10,225
08/18/2009,DSM,IA,ACE,CE,Combined TRACON& Tower with Radar,52,104,56,18,230,0,1,55,0,56,52,105,111,18,286,68,8,76,362
08/19/2009,DSM,IA,ACE,CE,Combined TRACON& Tower with Radar,47,99,58,10,214,0,0,4,0,4,47,99,62,10,218,22,8,30,248
08/20/2009,DSM,IA,ACE,CE,Combined TRACON& Tower with Radar,57,102,51,17,227,0,4,17,2,23,57,106,68,19,250,26,14,40,290
08/21/2009,DSM,IA,ACE,CE,Combined TRACON& Tower with Radar,47,103,63,8,221,0,0,12,0,12,47,103,75,8,233,16,4,20,253
08/22/2009,DSM,IA,ACE,CE,Combined TRACON& Tower with Radar,36,55,19,0,110,0,1,46,0,47,36,56,65,0,157,28,0,28,185
08/23/2009,DSM,IA,ACE,CE,Combined TRACON& Tower with Radar,39,79,19,0,137,0,1,40,2,43,39,80,59,2,180,128,0,128,308
08/24/2009,DSM,IA,ACE,CE,Combined TRACON& Tower with Radar,39,98,68,0,205,0,6,43,0,49,39,104,111,0,254,26,0,26,280
08/25/2009,DSM,IA,ACE,CE,Combined TRACON& Tower with Radar,48,107,57,19,231,0,0,9,0,9,48,107,66,19,240,25,6,31,271
08/26/2009,DSM,IA,ACE,CE,Combined TRACON& Tower with Radar,44,101,61,12,218,0,0,5,0,5,44,101,66,12,223,0,0,0,223
08/27/2009,DSM,IA,ACE,CE,Combined TRACON& Tower with Radar,54,111,72,16,253,0,0,0,0,0,54,111,72,16,253,0,0,0,253
08/28/2009,DSM,IA,ACE,CE,Combined TRACON& Tower with Radar,41,109,76,12,238,0,1,17,0,18,41,110,93,12,256,22,0,22,278
08/29/2009,DSM,IA,ACE,CE,Combined TRACON& Tower with Radar,27,58,30,0,115,0,5,35,0,40,27,63,65,0,155,10,0,10,165
08/30/2009,DSM,IA,ACE,CE,Combined TRACON& Tower with Radar,37,79,36,0,152,0,0,36,1,37,37,79,72,1,189,54,0,54,243
08/31/2009,DSM,IA,ACE,CE,Combined TRACON& Tower with Radar,35,93,63,0,191,0,0,37,0,37,35,93,100,0,228,24,0,24,252
09/01/2009,DSM,IA,ACE,CE,Combined TRACON& Tower with Radar,47,96,54,13,210,0,2,43,4,49,47,98,97,17,259,28,26,54,313
09/02/2009,DSM,IA,ACE,CE,Combined TRACON& Tower with Radar,55,99,60,26,240,0,0,29,6,35,55,99,89,32,275,16,26,42,317
09/03/2009,DSM,IA,ACE,CE,Combined TRACON& Tower with Radar,60,104,64,14,242,0,0,35,0,35,60,104,99,14,277,28,0,28,305
09/04/2009,DSM,IA,ACE,CE,Combined TRACON& Tower with Radar,49,101,53,0,203,0,5,49,1,55,49,106,102,1,258,22,0,22,280
09/05/2009,DSM,IA,ACE,CE,Combined TRACON& Tower with Radar,32,57,23,0,112,0,1,30,0,31,32,58,53,0,143,78,0,78,221
09/06/2009,DSM,IA,ACE,CE,Combined TRACON& Tower with Radar,28,53,17,0,98,0,0,20,2,22,28,53,37,2,120,38,0,38,158
09/07/2009,DSM,IA,ACE,CE,Combined TRACON& Tower with Radar,35,87,48,0,170,0,1,23,0,24,35,88,71,0,194,64,0,64,258
09/08/2009,DSM,IA,ACE,CE,Combined TRACON& Tower with Radar,40,86,64,19,209,0,1,28,0,29,40,87,92,19,238,32,30,62,300
09/09/2009,DSM,IA,ACE,CE,Combined TRACON& Tower with Radar,56,100,64,18,238,0,0,26,0,26,56,100,90,18,264,18,16,34,298
09/10/2009,DSM,IA,ACE,CE,Combined TRACON& Tower with Radar,54,97,54,16,221,0,3,14,0,17,54,100,68,16,238,0,0,0,238
09/11/2009,DSM,IA,ACE,CE,Combined TRACON& Tower with Radar,44,111,65,0,220,0,4,21,0,25,44,115,86,0,245,30,0,30,275
09/12/2009,DSM,IA,ACE,CE,Combined TRACON& Tower with Radar,40,54,32,0,126,0,3,10,2,15,40,57,42,2,141,22,0,22,163
09/13/2009,DSM,IA,ACE,CE,Combined TRACON& Tower with Radar,45,80,24,1,150,0,0,22,1,23,45,80,46,2,173,0,0,0,173
09/14/2009,DSM,IA,ACE,CE,Combined TRACON& Tower with Radar,42,93,66,1,202,0,0,27,0,27,42,93,93,1,229,38,0,38,267
09/15/2009,DSM,IA,ACE,CE,Combined TRACON& Tower with Radar,52,101,60,20,233,0,3,30,3,36,52,104,90,23,269,8,26,34,303
09/16/2009,DSM,IA,ACE,CE,Combined TRACON& Tower with Radar,74,132,94,14,314,0,0,52,0,52,74,132,146,14,366,0,0,0,366
09/17/2009,DSM,IA,ACE,CE,Combined TRACON& Tower with Radar,72,119,65,13,269,0,0,33,1,34,72,119,98,14,303,14,0,14,317
09/18/2009,DSM,IA,ACE,CE,Combined TRACON& Tower with Radar,49,93,46,7,195,0,5,36,1,42,49,98,82,8,237,22,4,26,263
09/19/2009,DSM,IA,ACE,CE,Combined TRACON& Tower with Radar,29,53,29,5,116,0,2,35,0,37,29,55,64,5,153,30,0,30,183
09/20/2009,DSM,IA,ACE,CE,Combined TRACON& Tower with Radar,46,81,55,2,184,0,2,39,3,44,46,83,94,5,228,18,4,22,250
09/21/2009,DSM,IA,ACE,CE,Combined TRACON& Tower with Radar,41,89,56,1,187,0,0,2,0,2,41,89,58,1,189,0,0,0,189
09/22/2009,DSM,IA,ACE,CE,Combined TRACON& Tower with Radar,55,91,62,8,216,0,0,22,0,22,55,91,84,8,238,6,8,14,252
09/23/2009,DSM,IA,ACE,CE,Combined TRACON& Tower with Radar,52,106,65,7,230,0,1,27,0,28,52,107,92,7,258,26,4,30,288
09/24/2009,DSM,IA,ACE,CE,Combined TRACON& Tower with Radar,58,100,58,0,216,0,1,18,0,19,58,101,76,0,235,34,0,34,269
09/25/2009,DSM,IA,ACE,CE,Combined TRACON& Tower with Radar,47,102,58,15,222,0,0,31,4,35,47,102,89,19,257,20,8,28,285
09/26/2009,DSM,IA,ACE,CE,Combined TRACON& Tower with Radar,33,50,27,0,110,0,1,24,2,27,33,51,51,2,137,10,0,10,147
09/27/2009,DSM,IA,ACE,CE,Combined TRACON& Tower with Radar,45,86,34,0,165,0,1,28,0,29,45,87,62,0,194,8,0,8,202
09/28/2009,DSM,IA,ACE,CE,Combined TRACON& Tower with Radar,38,89,59,8,194,0,0,16,0,16,38,89,75,8,210,12,0,12,222
09/29/2009,DSM,IA,ACE,CE,Combined TRACON& Tower with Radar,54,90,62,3,209,0,0,40,0,40,54,90,102,3,249,10,0,10,259
09/30/2009,DSM,IA,ACE,CE,Combined TRACON& Tower with Radar,50,105,62,2,219,0,1,48,0,49,50,106,110,2,268,4,0,4,272
10/01/2009,DSM,IA,ACE,CE,Combined TRACON& Tower with Radar,47,100,37,6,190,0,0,2,0,2,47,100,39,6,192,8,0,8,200
10/02/2009,DSM,IA,ACE,CE,Combined TRACON& Tower with Radar,52,93,41,15,201,0,2,2,0,4,52,95,43,15,205,0,0,0,205
10/03/2009,DSM,IA,ACE,CE,Combined TRACON& Tower with Radar,29,51,37,10,127,0,0,10,0,10,29,51,47,10,137,18,12,30,167
10/04/2009,DSM,IA,ACE,CE,Combined TRACON& Tower with Radar,43,79,37,0,159,0,5,41,3,49,43,84,78,3,208,62,0,62,270
10/05/2009,DSM,IA,ACE,CE,Combined TRACON& Tower with Radar,41,86,56,0,183,0,0,30,0,30,41,86,86,0,213,28,0,28,241
10/06/2009,DSM,IA,ACE,CE,Combined TRACON& Tower with Radar,54,98,43,14,209,0,1,4,0,5,54,99,47,14,214,4,0,4,218
10/07/2009,DSM,IA,ACE,CE,Combined TRACON& Tower with Radar,54,109,58,18,239,0,2,36,0,38,54,111,94,18,277,4,0,4,281
10/08/2009,DSM,IA,ACE,CE,Combined TRACON& Tower with Radar,54,100,28,11,193,0,0,14,0,14,54,100,42,11,207,18,0,18,225
10/09/2009,DSM,IA,ACE,CE,Combined TRACON& Tower with Radar,47,99,65,0,211,0,3,34,0,37,47,102,99,0,248,18,0,18,266
10/10/2009,DSM,IA,ACE,CE,Combined TRACON& Tower with Radar,30,50,13,0,93,0,1,8,0,9,30,51,21,0,102,0,0,0,102
10/11/2009,DSM,IA,ACE,CE,Combined TRACON& Tower with Radar,41,82,35,0,158,0,6,27,0,33,41,88,62,0,191,10,0,10,201
10/12/2009,DSM,IA,ACE,CE,Combined TRACON& Tower with Radar,45,82,48,2,177,0,0,5,0,5,45,82,53,2,182,0,0,0,182
10/13/2009,DSM,IA,ACE,CE,Combined TRACON& Tower with Radar,63,93,54,12,222,0,2,22,1,25,63,95,76,13,247,6,0,6,253
10/14/2009,DSM,IA,ACE,CE,Combined TRACON& Tower with Radar,53,109,66,7,235,0,0,8,0,8,53,109,74,7,243,12,0,12,255
10/15/2009,DSM,IA,ACE,CE,Combined TRACON& Tower with Radar,58,108,81,14,261,0,0,0,0,0,58,108,81,14,261,0,0,0,261
10/16/2009,DSM,IA,ACE,CE,Combined TRACON& Tower with Radar,45,99,59,13,216,0,1,11,0,12,45,100,70,13,228,0,0,0,228
10/17/2009,DSM,IA,ACE,CE,Combined TRACON& Tower with Radar,30,53,25,6,114,0,3,20,0,23,30,56,45,6,137,68,12,80,217
10/18/2009,DSM,IA,ACE,CE,Combined TRACON& Tower with Radar,40,74,27,0,141,0,1,33,0,34,40,75,60,0,175,24,0,24,199
10/19/2009,DSM,IA,ACE,CE,Combined TRACON& Tower with Radar,41,90,60,0,191,0,2,47,0,49,41,92,107,0,240,32,0,32,272
10/20/2009,DSM,IA,ACE,CE,Combined TRACON& Tower with Radar,52,97,48,15,212,0,2,8,0,10,52,99,56,15,222,0,0,0,222
10/21/2009,DSM,IA,ACE,CE,Combined TRACON& Tower with Radar,49,104,57,18,228,0,0,16,0,16,49,104,73,18,244,4,0,4,248
10/22/2009,DSM,IA,ACE,CE,Combined TRACON& Tower with Radar,52,91,56,4,203,0,0,0,0,0,52,91,56,4,203,0,6,6,209
10/23/2009,DSM,IA,ACE,CE,Combined TRACON& Tower with Radar,47,98,59,0,204,0,0,2,0,2,47,98,61,0,206,2,0,2,208
10/24/2009,DSM,IA,ACE,CE,Combined TRACON& Tower with Radar,31,55,32,0,118,0,1,72,0,73,31,56,104,0,191,58,0,58,249
10/25/2009,DSM,IA,ACE,CE,Combined TRACON& Tower with Radar,33,87,34,0,154,0,0,12,0,12,33,87,46,0,166,12,0,12,178
10/26/2009,DSM,IA,ACE,CE,Combined TRACON& Tower with Radar,31,98,72,2,203,0,0,25,0,25,31,98,97,2,228,26,0,26,254
10/27/2009,DSM,IA,ACE,CE,Combined TRACON& Tower with Radar,49,99,57,13,218,0,0,32,0,32,49,99,89,13,250,0,0,0,250
10/28/2009,DSM,IA,ACE,CE,Combined TRACON& Tower with Radar,45,106,85,7,243,0,1,3,0,4,45,107,88,7,247,22,12,34,281
10/29/2009,DSM,IA,ACE,CE,Combined TRACON& Tower with Radar,38,107,55,0,200,0,0,0,0,0,38,107,55,0,200,0,0,0,200
10/30/2009,DSM,IA,ACE,CE,Combined TRACON& Tower with Radar,37,118,42,7,204,0,0,2,0,2,37,118,44,7,206,0,0,0,206
10/31/2009,DSM,IA,ACE,CE,Combined TRACON& Tower with Radar,25,58,30,0,113,0,0,31,0,31,25,58,61,0,144,0,0,0,144
11/01/2009,DSM,IA,ACE,CE,Combined TRACON& Tower with Radar,34,84,43,0,161,0,1,60,0,61,34,85,103,0,222,26,0,26,248
11/02/2009,DSM,IA,ACE,CE,Combined TRACON& Tower with Radar,39,91,65,0,195,0,1,32,0,33,39,92,97,0,228,8,0,8,236
11/03/2009,DSM,IA,ACE,CE,Combined TRACON& Tower with Radar,51,102,55,3,211,0,1,38,0,39,51,103,93,3,250,28,6,34,284
11/04/2009,DSM,IA,ACE,CE,Combined TRACON& Tower with Radar,52,100,64,9,225,0,0,42,2,44,52,100,106,11,269,44,0,44,313
11/05/2009,DSM,IA,ACE,CE,Combined TRACON& Tower with Radar,52,113,81,9,255,0,1,39,1,41,52,114,120,10,296,64,14,78,374
11/06/2009,DSM,IA,ACE,CE,Combined TRACON& Tower with Radar,48,103,66,4,221,0,0,24,2,26,48,103,90,6,247,0,0,0,247
11/07/2009,DSM,IA,ACE,CE,Combined TRACON& Tower with Radar,30,57,24,8,119,0,2,38,0,40,30,59,62,8,159,18,0,18,177
11/08/2009,DSM,IA,ACE,CE,Combined TRACON& Tower with Radar,35,81,33,0,149,0,0,34,0,34,35,81,67,0,183,16,0,16,199
11/09/2009,DSM,IA,ACE,CE,Combined TRACON& Tower with Radar,39,92,53,0,184,0,0,45,0,45,39,92,98,0,229,38,0,38,267
11/10/2009,DSM,IA,ACE,CE,Combined TRACON& Tower with Radar,47,101,59,4,211,0,2,37,0,39,47,103,96,4,250,16,0,16,266
11/11/2009,DSM,IA,ACE,CE,Combined TRACON& Tower with Radar,51,98,57,2,208,0,2,49,2,53,51,100,106,4,261,22,8,30,291
11/12/2009,DSM,IA,ACE,CE,Combined TRACON& Tower with Radar,48,93,56,3,200,0,0,13,0,13,48,93,69,3,213,6,4,10,223
11/13/2009,DSM,IA,ACE,CE,Combined TRACON& Tower with Radar,50,100,51,2,203,0,1,15,2,18,50,101,66,4,221,6,0,6,227
11/14/2009,DSM,IA,ACE,CE,Combined TRACON& Tower with Radar,31,54,33,0,118,0,0,12,0,12,31,54,45,0,130,6,0,6,136
11/15/2009,DSM,IA,ACE,CE,Combined TRACON& Tower with Radar,36,82,37,0,155,0,1,39,0,40,36,83,76,0,195,38,0,38,233
11/16/2009,DSM,IA,ACE,CE,Combined TRACON& Tower with Radar,43,88,53,0,184,0,0,1,0,1,43,88,54,0,185,0,0,0,185
11/17/2009,DSM,IA,ACE,CE,Combined TRACON& Tower with Radar,50,97,55,2,204,0,0,11,0,11,50,97,66,2,215,14,0,14,229
11/18/2009,DSM,IA,ACE,CE,Combined TRACON& Tower with Radar,49,94,61,5,209,0,3,1,4,8,49,97,62,9,217,0,0,0,217
11/19/2009,DSM,IA,ACE,CE,Combined TRACON& Tower with Radar,55,109,53,10,227,0,0,0,0,0,55,109,53,10,227,0,0,0,227
11/20/2009,DSM,IA,ACE,CE,Combined TRACON& Tower with Radar,48,116,76,1,241,0,2,37,0,39,48,118,113,1,280,34,0,34,314
11/21/2009,DSM,IA,ACE,CE,Combined TRACON& Tower with Radar,29,45,25,3,102,0,1,8,11,20,29,46,33,14,122,28,0,28,150
11/22/2009,DSM,IA,ACE,CE,Combined TRACON& Tower with Radar,33,73,25,1,132,0,1,42,1,44,33,74,67,2,176,26,0,26,202
11/23/2009,DSM,IA,ACE,CE,Combined TRACON& Tower with Radar,41,82,72,10,205,0,1,14,0,15,41,83,86,10,220,0,0,0,220
11/24/2009,DSM,IA,ACE,CE,Combined TRACON& Tower with Radar,54,96,35,3,188,0,0,0,0,0,54,96,35,3,188,0,0,0,188
11/25/2009,DSM,IA,ACE,CE,Combined TRACON& Tower with Radar,54,94,28,0,176,0,0,1,0,1,54,94,29,0,177,0,0,0,177
11/26/2009,DSM,IA,ACE,CE,Combined TRACON& Tower with Radar,23,53,1,0,77,0,0,11,0,11,23,53,12,0,88,0,0,0,88
11/27/2009,DSM,IA,ACE,CE,Combined TRACON& Tower with Radar,40,58,16,2,116,0,0,46,0,46,40,58,62,2,162,38,0,38,200
11/28/2009,DSM,IA,ACE,CE,Combined TRACON& Tower with Radar,33,66,23,0,122,0,0,72,0,72,33,66,95,0,194,26,0,26,220
11/29/2009,DSM,IA,ACE,CE,Combined TRACON& Tower with Radar,37,82,26,0,145,0,0,3,0,3,37,82,29,0,148,0,0,0,148
11/30/2009,DSM,IA,ACE,CE,Combined TRACON& Tower with Radar,44,82,45,0,171,0,0,31,0,31,44,82,76,0,202,16,0,16,218
12/01/2009,DSM,IA,ACE,CE,Combined TRACON& Tower with Radar,54,107,64,7,232,0,2,53,0,55,54,109,117,7,287,48,6,54,341
12/02/2009,DSM,IA,ACE,CE,Combined TRACON& Tower with Radar,52,93,59,4,208,0,1,13,0,14,52,94,72,4,222,8,0,8,230
12/03/2009,DSM,IA,ACE,CE,Combined TRACON& Tower with Radar,52,95,51,5,203,0,2,2,1,5,52,97,53,6,208,40,4,44,252
12/04/2009,DSM,IA,ACE,CE,Combined TRACON& Tower with Radar,48,92,71,0,211,0,0,21,1,22,48,92,92,1,233,36,0,36,269
12/05/2009,DSM,IA,ACE,CE,Combined TRACON& Tower with Radar,27,54,26,8,115,0,2,38,1,41,27,56,64,9,156,69,6,75,231
12/06/2009,DSM,IA,ACE,CE,Combined TRACON& Tower with Radar,35,76,18,2,131,0,0,21,0,21,35,76,39,2,152,0,0,0,152
12/07/2009,DSM,IA,ACE,CE,Combined TRACON& Tower with Radar,42,85,60,0,187,0,0,5,0,5,42,85,65,0,192,0,0,0,192
12/08/2009,DSM,IA,ACE,CE,Combined TRACON& Tower with Radar,29,40,26,0,95,0,0,0,0,0,29,40,26,0,95,0,0,0,95
12/09/2009,DSM,IA,ACE,CE,Combined TRACON& Tower with Radar,22,25,14,0,61,0,0,4,0,4,22,25,18,0,65,0,0,0,65
12/10/2009,DSM,IA,ACE,CE,Combined TRACON& Tower with Radar,51,97,49,0,197,0,0,11,0,11,51,97,60,0,208,0,0,0,208
12/11/2009,DSM,IA,ACE,CE,Combined TRACON& Tower with Radar,49,97,48,0,194,0,0,18,0,18,49,97,66,0,212,8,0,8,220
12/12/2009,DSM,IA,ACE,CE,Combined TRACON& Tower with Radar,26,52,15,0,93,0,0,20,0,20,26,52,35,0,113,16,0,16,129
12/13/2009,DSM,IA,ACE,CE,Combined TRACON& Tower with Radar,39,77,32,0,148,0,0,1,0,1,39,77,33,0,149,4,0,4,153
12/14/2009,DSM,IA,ACE,CE,Combined TRACON& Tower with Radar,39,89,48,0,176,0,1,0,0,1,39,90,48,0,177,2,0,2,179
12/15/2009,DSM,IA,ACE,CE,Combined TRACON& Tower with Radar,59,101,44,2,206,0,1,10,2,13,59,102,54,4,219,0,0,0,219
12/16/2009,DSM,IA,ACE,CE,Combined TRACON& Tower with Radar,55,109,68,2,234,0,0,26,1,27,55,109,94,3,261,2,2,4,265
12/17/2009,DSM,IA,ACE,CE,Combined TRACON& Tower with Radar,58,96,72,0,226,0,0,17,2,19,58,96,89,2,245,24,0,24,269
12/18/2009,DSM,IA,ACE,CE,Combined TRACON& Tower with Radar,44,91,48,2,185,0,0,8,0,8,44,91,56,2,193,4,2,6,199
12/19/2009,DSM,IA,ACE,CE,Combined TRACON& Tower with Radar,32,70,26,0,128,0,0,2,0,2,32,70,28,0,130,0,0,0,130
12/20/2009,DSM,IA,ACE,CE,Combined TRACON& Tower with Radar,30,78,12,0,120,0,0,0,0,0,30,78,12,0,120,0,0,0,120
12/21/2009,DSM,IA,ACE,CE,Combined TRACON& Tower with Radar,41,96,49,0,186,0,0,0,0,0,41,96,49,0,186,0,0,0,186
12/22/2009,DSM,IA,ACE,CE,Combined TRACON& Tower with Radar,71,96,27,0,194,0,0,0,0,0,71,96,27,0,194,0,0,0,194
12/23/2009,DSM,IA,ACE,CE,Combined TRACON& Tower with Radar,72,92,13,0,177,0,0,0,0,0,72,92,13,0,177,0,0,0,177
12/24/2009,DSM,IA,ACE,CE,Combined TRACON& Tower with Radar,40,57,3,2,102,0,0,0,0,0,40,57,3,2,102,0,0,0,102
12/25/2009,DSM,IA,ACE,CE,Combined TRACON& Tower with Radar,26,60,4,0,90,0,0,0,0,0,26,60,4,0,90,0,0,0,90
12/26/2009,DSM,IA,ACE,CE,Combined TRACON& Tower with Radar,32,60,26,0,118,0,0,2,0,2,32,60,28,0,120,0,0,0,120
12/27/2009,DSM,IA,ACE,CE,Combined TRACON& Tower with Radar,33,79,22,0,134,0,0,10,0,10,33,79,32,0,144,20,0,20,164
12/28/2009,DSM,IA,ACE,CE,Combined TRACON& Tower with Radar,39,88,27,0,154,0,0,9,0,9,39,88,36,0,163,4,0,4,167
12/29/2009,DSM,IA,ACE,CE,Combined TRACON& Tower with Radar,54,89,51,1,195,0,0,35,0,35,54,89,86,1,230,52,0,52,282
12/30/2009,DSM,IA,ACE,CE,Combined TRACON& Tower with Radar,51,90,23,0,164,0,0,5,0,5,51,90,28,0,169,0,0,0,169
12/31/2009,DSM,IA,ACE,CE,Combined TRACON& Tower with Radar,35,72,7,0,114,0,2,8,0,10,35,74,15,0,124,0,0,0,124
01/01/2010,DSM,IA,ACE,CE,Combined TRACON& Tower with Radar,35,70,10,0,115,0,0,4,0,4,35,70,14,0,119,0,0,0,119
01/02/2010,DSM,IA,ACE,CE,Combined TRACON& Tower with Radar,30,81,12,0,123,0,0,8,0,8,30,81,20,0,131,0,0,0,131
01/03/2010,DSM,IA,ACE,CE,Combined TRACON& Tower with Radar,31,80,21,0,132,0,2,6,0,8,31,82,27,0,140,16,0,16,156
01/04/2010,DSM,IA,ACE,CE,Combined TRACON& Tower with Radar,40,87,56,0,183,0,0,9,0,9,40,87,65,0,192,4,0,4,196
01/05/2010,DSM,IA,ACE,CE,Combined TRACON& Tower with Radar,47,99,42,0,188,0,2,19,0,21,47,101,61,0,209,6,0,6,215
01/06/2010,DSM,IA,ACE,CE,Combined TRACON& Tower with Radar,49,92,37,1,179,0,0,0,0,0,49,92,37,1,179,0,0,0,179
01/07/2010,DSM,IA,ACE,CE,Combined TRACON& Tower with Radar,49,82,14,14,159,0,0,0,0,0,49,82,14,14,159,0,0,0,159
01/08/2010,DSM,IA,ACE,CE,Combined TRACON& Tower with Radar,44,99,40,2,185,0,1,5,0,6,44,100,45,2,191,8,0,8,199
01/09/2010,DSM,IA,ACE,CE,Combined TRACON& Tower with Radar,27,49,18,0,94,0,2,9,0,11,27,51,27,0,105,0,0,0,105
01/10/2010,DSM,IA,ACE,CE,Combined TRACON& Tower with Radar,37,71,25,0,133,0,2,16,0,18,37,73,41,0,151,32,0,32,183
01/11/2010,DSM,IA,ACE,CE,Combined TRACON& Tower with Radar,37,86,66,0,189,0,0,10,0,10,37,86,76,0,199,16,0,16,215
01/12/2010,DSM,IA,ACE,CE,Combined TRACON& Tower with Radar,46,100,58,5,209,0,1,11,0,12,46,101,69,5,221,10,16,26,247
01/13/2010,DSM,IA,ACE,CE,Combined TRACON& Tower with Radar,50,99,66,10,225,0,1,24,5,30,50,100,90,15,255,10,18,28,283
01/14/2010,DSM,IA,ACE,CE,Combined TRACON& Tower with Radar,46,106,58,12,222,0,0,9,2,11,46,106,67,14,233,0,8,8,241
01/15/2010,DSM,IA,ACE,CE,Combined TRACON& Tower with Radar,45,106,50,0,201,0,0,0,0,0,45,106,50,0,201,2,0,2,203
01/16/2010,DSM,IA,ACE,CE,Combined TRACON& Tower with Radar,36,57,22,0,115,0,1,21,0,22,36,58,43,0,137,4,0,4,141
01/17/2010,DSM,IA,ACE,CE,Combined TRACON& Tower with Radar,43,59,14,0,116,0,0,0,0,0,43,59,14,0,116,0,0,0,116
01/18/2010,DSM,IA,ACE,CE,Combined TRACON& Tower with Radar,32,68,40,0,140,0,0,0,0,0,32,68,40,0,140,0,0,0,140
01/19/2010,DSM,IA,ACE,CE,Combined TRACON& Tower with Radar,51,78,38,0,167,0,0,0,0,0,51,78,38,0,167,0,0,0,167
01/20/2010,DSM,IA,ACE,CE,Combined TRACON& Tower with Radar,31,81,26,0,138,0,0,0,0,0,31,81,26,0,138,0,0,0,138
01/21/2010,DSM,IA,ACE,CE,Combined TRACON& Tower with Radar,48,104,29,0,181,0,1,0,0,1,48,105,29,0,182,0,0,0,182
01/22/2010,DSM,IA,ACE,CE,Combined TRACON& Tower with Radar,46,114,54,0,214,0,0,0,0,0,46,114,54,0,214,8,0,8,222
01/23/2010,DSM,IA,ACE,CE,Combined TRACON& Tower with Radar,27,47,11,0,85,0,0,0,0,0,27,47,11,0,85,2,0,2,87
01/24/2010,DSM,IA,ACE,CE,Combined TRACON& Tower with Radar,35,74,32,0,141,0,0,5,0,5,35,74,37,0,146,4,0,4,150
01/25/2010,DSM,IA,ACE,CE,Combined TRACON& Tower with Radar,36,95,36,0,167,0,0,0,0,0,36,95,36,0,167,0,0,0,167
01/26/2010,DSM,IA,ACE,CE,Combined TRACON& Tower with Radar,44,99,51,12,206,0,0,8,0,8,44,99,59,12,214,24,20,44,258
01/27/2010,DSM,IA,ACE,CE,Combined TRACON& Tower with Radar,44,94,71,13,222,0,0,2,0,2,44,94,73,13,224,6,0,6,230
01/28/2010,DSM,IA,ACE,CE,Combined TRACON& Tower with Radar,47,100,53,18,218,0,2,43,0,45,47,102,96,18,263,38,16,54,317
01/29/2010,DSM,IA,ACE,CE,Combined TRACON& Tower with Radar,42,98,47,13,200,0,1,28,1,30,42,99,75,14,230,28,22,50,280
01/30/2010,DSM,IA,ACE,CE,Combined TRACON& Tower with Radar,29,44,16,0,89,0,1,38,2,41,29,45,54,2,130,38,0,38,168
01/31/2010,DSM,IA,ACE,CE,Combined TRACON& Tower with Radar,41,74,28,0,143,0,0,56,0,56,41,74,84,0,199,106,0,106,305
02/01/2010,DSM,IA,ACE,CE,Combined TRACON& Tower with Radar,37,96,62,0,195,0,0,0,0,0,37,96,62,0,195,12,0,12,207
02/02/2010,DSM,IA,ACE,CE,Combined TRACON& Tower with Radar,42,104,43,5,194,0,0,5,1,6,42,104,48,6,200,8,12,20,220
02/03/2010,DSM,IA,ACE,CE,Combined TRACON& Tower with Radar,46,100,61,23,230,0,1,27,0,28,46,101,88,23,258,2,18,20,278
02/04/2010,DSM,IA,ACE,CE,Combined TRACON& Tower with Radar,44,101,46,13,204,0,1,16,0,17,44,102,62,13,221,0,42,42,263
02/05/2010,DSM,IA,ACE,CE,Combined TRACON& Tower with Radar,41,108,50,0,199,0,0,0,0,0,41,108,50,0,199,18,0,18,217
02/06/2010,DSM,IA,ACE,CE,Combined TRACON& Tower with Radar,28,48,19,0,95,0,0,32,0,32,28,48,51,0,127,10,0,10,137
02/07/2010,DSM,IA,ACE,CE,Combined TRACON& Tower with Radar,36,71,7,0,114,0,0,0,0,0,36,71,7,0,114,0,0,0,114
02/08/2010,DSM,IA,ACE,CE,Combined TRACON& Tower with Radar,35,81,16,5,137,0,0,0,0,0,35,81,16,5,137,0,0,0,137
02/09/2010,DSM,IA,ACE,CE,Combined TRACON& Tower with Radar,37,95,28,1,161,0,0,0,0,0,37,95,28,1,161,0,0,0,161
02/10/2010,DSM,IA,ACE,CE,Combined TRACON& Tower with Radar,44,114,67,33,258,0,8,15,2,25,44,122,82,35,283,12,40,52,335
02/11/2010,DSM,IA,ACE,CE,Combined TRACON& Tower with Radar,44,96,55,22,217,0,3,22,0,25,44,99,77,22,242,12,18,30,272
02/12/2010,DSM,IA,ACE,CE,Combined TRACON& Tower with Radar,43,102,53,0,198,0,0,1,0,1,43,102,54,0,199,8,0,8,207
02/13/2010,DSM,IA,ACE,CE,Combined TRACON& Tower with Radar,26,73,17,0,116,0,0,3,0,3,26,73,20,0,119,0,0,0,119
02/14/2010,DSM,IA,ACE,CE,Combined TRACON& Tower with Radar,32,80,24,0,136,0,0,2,0,2,32,80,26,0,138,0,0,0,138
02/15/2010,DSM,IA,ACE,CE,Combined TRACON& Tower with Radar,39,85,41,0,165,0,0,9,0,9,39,85,50,0,174,22,0,22,196
02/16/2010,DSM,IA,ACE,CE,Combined TRACON& Tower with Radar,49,95,51,19,214,0,1,20,1,22,49,96,71,20,236,0,30,30,266
02/17/2010,DSM,IA,ACE,CE,Combined TRACON& Tower with Radar,49,96,50,23,218,0,5,27,0,32,49,101,77,23,250,22,44,66,316
02/18/2010,DSM,IA,ACE,CE,Combined TRACON& Tower with Radar,50,105,59,13,227,0,4,12,0,16,50,109,71,13,243,6,12,18,261
02/19/2010,DSM,IA,ACE,CE,Combined TRACON& Tower with Radar,47,98,26,9,180,0,0,3,0,3,47,98,29,9,183,0,0,0,183
02/20/2010,DSM,IA,ACE,CE,Combined TRACON& Tower with Radar,30,70,27,7,134,0,0,3,0,3,30,70,30,7,137,18,0,18,155
02/21/2010,DSM,IA,ACE,CE,Combined TRACON& Tower with Radar,31,75,19,0,125,0,0,2,0,2,31,75,21,0,127,0,0,0,127
02/22/2010,DSM,IA,ACE,CE,Combined TRACON& Tower with Radar,39,100,58,0,197,0,1,12,0,13,39,101,70,0,210,0,0,0,210
02/23/2010,DSM,IA,ACE,CE,Combined TRACON& Tower with Radar,44,103,52,13,212,0,1,5,0,6,44,104,57,13,218,4,0,4,222
02/24/2010,DSM,IA,ACE,CE,Combined TRACON& Tower with Radar,51,105,50,12,218,0,0,15,0,15,51,105,65,12,233,0,18,18,251
02/25/2010,DSM,IA,ACE,CE,Combined TRACON& Tower with Radar,50,102,63,16,231,0,1,30,2,33,50,103,93,18,264,66,6,72,336
02/26/2010,DSM,IA,ACE,CE,Combined TRACON& Tower with Radar,43,111,49,12,215,0,3,26,1,30,43,114,75,13,245,16,16,32,277
02/27/2010,DSM,IA,ACE,CE,Combined TRACON& Tower with Radar,26,73,35,1,135,0,2,61,0,63,26,75,96,1,198,118,0,118,316
02/28/2010,DSM,IA,ACE,CE,Combined TRACON& Tower with Radar,31,81,39,3,154,0,2,74,0,76,31,83,113,3,230,46,0,46,276
03/01/2010,DSM,IA,ACE,CE,Combined TRACON& Tower with Radar,43,92,47,0,182,0,0,35,0,35,43,92,82,0,217,46,0,46,263
03/02/2010,DSM,IA,ACE,CE,Combined TRACON& Tower with Radar,45,108,64,9,226,0,0,56,0,56,45,108,120,9,282,28,16,44,326
03/03/2010,DSM,IA,ACE,CE,Combined TRACON& Tower with Radar,50,106,48,7,211,0,2,27,0,29,50,108,75,7,240,12,12,24,264
03/04/2010,DSM,IA,ACE,CE,Combined TRACON& Tower with Radar,51,97,64,14,226,0,0,22,0,22,51,97,86,14,248,0,28,28,276
03/05/2010,DSM,IA,ACE,CE,Combined TRACON& Tower with Radar,47,105,36,7,195,0,7,43,0,50,47,112,79,7,245,48,16,64,309
03/06/2010,DSM,IA,ACE,CE,Combined TRACON& Tower with Radar,30,64,25,14,133,0,2,16,0,18,30,66,41,14,151,30,10,40,191
03/07/2010,DSM,IA,ACE,CE,Combined TRACON& Tower with Radar,34,83,30,2,149,0,0,0,0,0,34,83,30,2,149,10,0,10,159
03/08/2010,DSM,IA,ACE,CE,Combined TRACON& Tower with Radar,37,96,58,0,191,0,1,8,0,9,37,97,66,0,200,2,0,2,202
03/09/2010,DSM,IA,ACE,CE,Combined TRACON& Tower with Radar,48,74,42,3,167,0,0,0,0,0,48,74,42,3,167,0,0,0,167
03/10/2010,DSM,IA,ACE,CE,Combined TRACON& Tower with Radar,59,92,68,4,223,0,0,0,0,0,59,92,68,4,223,0,0,0,223
03/11/2010,DSM,IA,ACE,CE,Combined TRACON& Tower with Radar,52,97,68,9,226,0,0,0,0,0,52,97,68,9,226,4,0,4,230
03/12/2010,DSM,IA,ACE,CE,Combined TRACON& Tower with Radar,46,108,52,12,218,0,0,2,0,2,46,108,54,12,220,44,0,44,264
03/13/2010,DSM,IA,ACE,CE,Combined TRACON& Tower with Radar,29,65,18,1,113,0,0,0,0,0,29,65,18,1,113,0,0,0,113
03/14/2010,DSM,IA,ACE,CE,Combined TRACON& Tower with Radar,38,82,41,0,161,0,0,17,0,17,38,82,58,0,178,12,0,12,190
03/15/2010,DSM,IA,ACE,CE,Combined TRACON& Tower with Radar,40,87,54,0,181,0,2,17,0,19,40,89,71,0,200,2,0,2,202
03/16/2010,DSM,IA,ACE,CE,Combined TRACON& Tower with Radar,52,99,62,10,223,0,0,0,0,0,52,99,62,10,223,8,0,8,231
03/17/2010,DSM,IA,ACE,CE,Combined TRACON& Tower with Radar,50,101,41,16,208,0,0,17,0,17,50,101,58,16,225,12,0,12,237
03/18/2010,DSM,IA,ACE,CE,Combined TRACON& Tower with Radar,55,107,49,22,233,0,2,44,2,48,55,109,93,24,281,66,10,76,357
03/19/2010,DSM,IA,ACE,CE,Combined TRACON& Tower with Radar,47,107,43,8,205,0,2,3,0,5,47,109,46,8,210,8,0,8,218
03/20/2010,DSM,IA,ACE,CE,Combined TRACON& Tower with Radar,32,62,10,7,111,0,0,24,0,24,32,62,34,7,135,56,6,62,197
03/21/2010,DSM,IA,ACE,CE,Combined TRACON& Tower with Radar,36,91,31,1,159,0,0,70,0,70,36,91,101,1,229,104,0,104,333
03/22/2010,DSM,IA,ACE,CE,Combined TRACON& Tower with Radar,44,93,44,2,183,0,0,43,0,43,44,93,87,2,226,50,0,50,276
03/23/2010,DSM,IA,ACE,CE,Combined TRACON& Tower with Radar,51,102,66,14,233,0,1,42,0,43,51,103,108,14,276,20,26,46,322
03/24/2010,DSM,IA,ACE,CE,Combined TRACON& Tower with Radar,54,106,60,16,236,0,2,17,0,19,54,108,77,16,255,12,0,12,267
03/25/2010,DSM,IA,ACE,CE,Combined TRACON& Tower with Radar,52,103,46,16,217,0,2,43,0,45,52,105,89,16,262,48,22,70,332
03/26/2010,DSM,IA,ACE,CE,Combined TRACON& Tower with Radar,46,101,47,7,201,0,2,32,0,34,46,103,79,7,235,20,2,22,257
03/27/2010,DSM,IA,ACE,CE,Combined TRACON& Tower with Radar,31,66,22,0,119,0,0,20,0,20,31,66,42,0,139,108,0,108,247
03/28/2010,DSM,IA,ACE,CE,Combined TRACON& Tower with Radar,35,80,22,0,137,0,1,24,2,27,35,81,46,2,164,14,0,14,178
03/29/2010,DSM,IA,ACE,CE,Combined TRACON& Tower with Radar,59,151,96,0,306,0,3,63,0,66,59,154,159,0,372,16,0,16,388
03/30/2010,DSM,IA,ACE,CE,Combined TRACON& Tower with Radar,52,118,59,4,233,0,0,23,0,23,52,118,82,4,256,2,12,14,270
03/31/2010,DSM,IA,ACE,CE,Combined TRACON& Tower with Radar,51,105,63,22,241,0,5,36,2,43,51,110,99,24,284,22,26,48,332
04/01/2010,DSM,IA,ACE,CE,Combined TRACON& Tower with Radar,46,101,52,12,211,0,4,25,0,29,46,105,77,12,240,12,24,36,276
04/02/2010,DSM,IA,ACE,CE,Combined TRACON& Tower with Radar,42,101,40,12,195,0,1,8,0,9,42,102,48,12,204,10,0,10,214
04/03/2010,DSM,IA,ACE,CE,Combined TRACON& Tower with Radar,32,60,18,0,110,0,4,74,0,78,32,64,92,0,188,36,0,36,224
04/04/2010,DSM,IA,ACE,CE,Combined TRACON& Tower with Radar,32,80,17,0,129,0,2,23,0,25,32,82,40,0,154,34,0,34,188
04/05/2010,DSM,IA,ACE,CE,Combined TRACON& Tower with Radar,38,100,64,2,204,0,0,15,2,17,38,100,79,4,221,52,0,52,273
04/06/2010,DSM,IA,ACE,CE,Combined TRACON& Tower with Radar,48,87,50,14,199,0,1,6,3,10,48,88,56,17,209,2,20,22,231
04/07/2010,DSM,IA,ACE,CE,Combined TRACON& Tower with Radar,48,81,59,10,198,0,0,2,1,3,48,81,61,11,201,0,0,0,201
04/08/2010,DSM,IA,ACE,CE,Combined TRACON& Tower with Radar,51,96,60,1,208,0,3,28,0,31,51,99,88,1,239,28,0,28,267
04/09/2010,DSM,IA,ACE,CE,Combined TRACON& Tower with Radar,53,91,43,4,191,0,4,47,2,53,53,95,90,6,244,98,4,102,346
04/10/2010,DSM,IA,ACE,CE,Combined TRACON& Tower with Radar,34,56,28,6,124,0,1,51,0,52,34,57,79,6,176,46,8,54,230
04/11/2010,DSM,IA,ACE,CE,Combined TRACON& Tower with Radar,39,67,24,0,130,0,0,21,0,21,39,67,45,0,151,58,0,58,209
04/12/2010,DSM,IA,ACE,CE,Combined TRACON& Tower with Radar,43,79,55,0,177,0,0,24,2,26,43,79,79,2,203,6,0,6,209
04/13/2010,DSM,IA,ACE,CE,Combined TRACON& Tower with Radar,49,91,57,6,203,0,3,28,0,31,49,94,85,6,234,8,4,12,246
04/14/2010,DSM,IA,ACE,CE,Combined TRACON& Tower with Radar,52,91,51,5,199,0,1,23,2,26,52,92,74,7,225,25,10,35,260
04/15/2010,DSM,IA,ACE,CE,Combined TRACON& Tower with Radar,51,87,67,6,211,0,0,10,0,10,51,87,77,6,221,6,8,14,235
04/16/2010,DSM,IA,ACE,CE,Combined TRACON& Tower with Radar,51,89,71,5,216,0,0,8,0,8,51,89,79,5,224,8,6,14,238
04/17/2010,DSM,IA,ACE,CE,Combined TRACON& Tower with Radar,37,59,24,0,120,0,1,44,0,45,37,60,68,0,165,8,0,8,173
04/18/2010,DSM,IA,ACE,CE,Combined TRACON& Tower with Radar,40,67,31,0,138,0,2,37,1,40,40,69,68,1,178,38,0,38,216
04/19/2010,DSM,IA,ACE,CE,Combined TRACON& Tower with Radar,43,84,38,2,167,0,2,31,0,33,43,86,69,2,200,32,0,32,232
04/20/2010,DSM,IA,ACE,CE,Combined TRACON& Tower with Radar,50,100,66,7,223,0,1,32,2,35,50,101,98,9,258,62,10,72,330
04/21/2010,DSM,IA,ACE,CE,Combined TRACON& Tower with Radar,50,90,45,4,189,0,2,29,0,31,50,92,74,4,220,20,6,26,246
04/22/2010,DSM,IA,ACE,CE,Combined TRACON& Tower with Radar,52,92,74,11,229,0,6,32,4,42,52,98,106,15,271,36,8,44,315
04/23/2010,DSM,IA,ACE,CE,Combined TRACON& Tower with Radar,48,88,38,0,174,0,0,0,0,0,48,88,38,0,174,0,0,0,174
04/24/2010,DSM,IA,ACE,CE,Combined TRACON& Tower with Radar,33,59,19,22,133,0,1,13,3,17,33,60,32,25,150,32,28,60,210
04/25/2010,DSM,IA,ACE,CE,Combined TRACON& Tower with Radar,40,66,32,3,141,0,0,5,5,10,40,66,37,8,151,0,0,0,151
04/26/2010,DSM,IA,ACE,CE,Combined TRACON& Tower with Radar,43,83,45,5,176,0,1,6,1,8,43,84,51,6,184,2,10,12,196
04/27/2010,DSM,IA,ACE,CE,Combined TRACON& Tower with Radar,52,91,48,19,210,0,0,21,1,22,52,91,69,20,232,18,1,19,251
04/28/2010,DSM,IA,ACE,CE,Combined TRACON& Tower with Radar,50,86,54,21,211,0,1,25,2,28,50,87,79,23,239,22,16,38,277
04/29/2010,DSM,IA,ACE,CE,Combined TRACON& Tower with Radar,56,87,57,20,220,0,0,9,1,10,56,87,66,21,230,20,0,20,250
04/30/2010,DSM,IA,ACE,CE,Combined TRACON& Tower with Radar,54,91,37,12,194,0,3,8,3,14,54,94,45,15,208,0,0,0,208
05/01/2010,DSM,IA,ACE,CE,Combined TRACON& Tower with Radar,27,56,11,6,100,0,1,46,1,48,27,57,57,7,148,53,0,53,201
05/02/2010,DSM,IA,ACE,CE,Combined TRACON& Tower with Radar,38,67,27,2,134,0,0,24,1,25,38,67,51,3,159,54,0,54,213
05/03/2010,DSM,IA,ACE,CE,Combined TRACON& Tower with Radar,44,77,53,0,174,0,0,43,0,43,44,77,96,0,217,24,0,24,241
05/04/2010,DSM,IA,ACE,CE,Combined TRACON& Tower with Radar,51,91,53,4,199,0,1,13,1,15,51,92,66,5,214,2,26,28,242
05/05/2010,DSM,IA,ACE,CE,Combined TRACON& Tower with Radar,51,88,54,9,202,0,0,23,3,26,51,88,77,12,228,0,0,0,228
05/06/2010,DSM,IA,ACE,CE,Combined TRACON& Tower with Radar,52,85,74,12,223,0,0,31,2,33,52,85,105,14,256,36,20,56,312
05/07/2010,DSM,IA,ACE,CE,Combined TRACON& Tower with Radar,49,87,49,14,199,0,1,4,0,5,49,88,53,14,204,0,2,2,206
05/08/2010,DSM,IA,ACE,CE,Combined TRACON& Tower with Radar,31,58,21,0,110,0,0,24,0,24,31,58,45,0,134,30,0,30,164
05/09/2010,DSM,IA,ACE,CE,Combined TRACON& Tower with Radar,41,63,32,0,136,0,1,42,0,43,41,64,74,0,179,48,0,48,227
05/10/2010,DSM,IA,ACE,CE,Combined TRACON& Tower with Radar,46,77,55,0,178,0,2,15,0,17,46,79,70,0,195,0,0,0,195
05/11/2010,DSM,IA,ACE,CE,Combined TRACON& Tower with Radar,52,89,64,12,217,0,0,13,0,13,52,89,77,12,230,8,10,18,248
05/12/2010,DSM,IA,ACE,CE,Combined TRACON& Tower with Radar,46,85,44,1,176,0,0,0,0,0,46,85,44,1,176,0,8,8,184
05/13/2010,DSM,IA,ACE,CE,Combined TRACON& Tower with Radar,51,82,62,15,210,0,2,10,2,14,51,84,72,17,224,12,16,28,252
05/14/2010,DSM,IA,ACE,CE,Combined TRACON& Tower with Radar,50,82,55,12,199,0,0,59,6,65,50,82,114,18,264,6,8,14,278
05/15/2010,DSM,IA,ACE,CE,Combined TRACON& Tower with Radar,30,58,33,2,123,0,1,62,1,64,30,59,95,3,187,38,4,42,229
05/16/2010,DSM,IA,ACE,CE,Combined TRACON& Tower with Radar,42,66,25,0,133,0,0,25,0,25,42,66,50,0,158,6,0,6,164
05/17/2010,DSM,IA,ACE,CE,Combined TRACON& Tower with Radar,44,81,54,0,179,0,1,26,0,27,44,82,80,0,206,40,0,40,246
05/18/2010,DSM,IA,ACE,CE,Combined TRACON& Tower with Radar,51,93,72,12,228,0,1,66,2,69,51,94,138,14,297,62,14,76,373
05/19/2010,DSM,IA,ACE,CE,Combined TRACON& Tower with Radar,51,85,89,11,236,0,3,29,0,32,51,88,118,11,268,62,0,62,330
05/20/2010,DSM,IA,ACE,CE,Combined TRACON& Tower with Radar,52,88,73,12,225,0,0,14,0,14,52,88,87,12,239,2,0,2,241
05/21/2010,DSM,IA,ACE,CE,Combined TRACON& Tower with Radar,49,87,65,6,207,0,2,24,1,27,49,89,89,7,234,20,4,24,258
05/22/2010,DSM,IA,ACE,CE,Combined TRACON& Tower with Radar,32,57,21,8,118,0,1,27,1,29,32,58,48,9,147,44,0,44,191
05/23/2010,DSM,IA,ACE,CE,Combined TRACON& Tower with Radar,41,57,33,0,131,0,0,13,6,19,41,57,46,6,150,42,0,42,192
05/24/2010,DSM,IA,ACE,CE,Combined TRACON& Tower with Radar,42,74,67,4,187,0,0,41,0,41,42,74,108,4,228,28,10,38,266
05/25/2010,DSM,IA,ACE,CE,Combined TRACON& Tower with Radar,50,91,46,8,195,0,0,29,1,30,50,91,75,9,225,30,20,50,275
05/26/2010,DSM,IA,ACE,CE,Combined TRACON& Tower with Radar,49,88,56,20,213,0,0,30,1,31,49,88,86,21,244,132,26,158,402
05/27/2010,DSM,IA,ACE,CE,Combined TRACON& Tower with Radar,53,94,66,2,215,0,0,61,0,61,53,94,127,2,276,70,0,70,346
05/28/2010,DSM,IA,ACE,CE,Combined TRACON& Tower with Radar,51,89,63,0,203,0,0,59,0,59,51,89,122,0,262,6,0,6,268
05/29/2010,DSM,IA,ACE,CE,Combined TRACON& Tower with Radar,33,54,23,0,110,0,0,26,0,26,33,54,49,0,136,6,0,6,142
05/30/2010,DSM,IA,ACE,CE,Combined TRACON& Tower with Radar,26,57,21,0,104,0,1,16,0,17,26,58,37,0,121,40,0,40,161
05/31/2010,DSM,IA,ACE,CE,Combined TRACON& Tower with Radar,39,65,38,0,142,0,0,42,4,46,39,65,80,4,188,22,0,22,210
06/01/2010,DSM,IA,ACE,CE,Combined TRACON& Tower with Radar,38,85,52,10,185,0,0,25,0,25,38,85,77,10,210,0,0,0,210
06/02/2010,DSM,IA,ACE,CE,Combined TRACON& Tower with Radar,54,96,56,14,220,0,1,20,0,21,54,97,76,14,241,26,10,36,277
06/03/2010,DSM,IA,ACE,CE,Combined TRACON& Tower with Radar,55,94,75,10,234,0,5,63,1,69,55,99,138,11,303,18,8,26,329
06/04/2010,DSM,IA,ACE,CE,Combined TRACON& Tower with Radar,50,88,37,13,188,0,0,39,3,42,50,88,76,16,230,26,4,30,260
06/05/2010,DSM,IA,ACE,CE,Combined TRACON& Tower with Radar,29,55,21,0,105,0,3,6,0,9,29,58,27,0,114,0,0,0,114
06/06/2010,DSM,IA,ACE,CE,Combined TRACON& Tower with Radar,43,72,46,1,162,0,1,50,0,51,43,73,96,1,213,42,0,42,255
06/07/2010,DSM,IA,ACE,CE,Combined TRACON& Tower with Radar,46,80,63,2,191,0,0,9,0,9,46,80,72,2,200,0,0,0,200
06/08/2010,DSM,IA,ACE,CE,Combined TRACON& Tower with Radar,51,86,54,0,191,0,2,28,0,30,51,88,82,0,221,40,0,40,261
06/09/2010,DSM,IA,ACE,CE,Combined TRACON& Tower with Radar,53,101,78,5,237,0,0,47,1,48,53,101,125,6,285,40,4,44,329
06/10/2010,DSM,IA,ACE,CE,Combined TRACON& Tower with Radar,54,89,78,0,221,0,2,13,0,15,54,91,91,0,236,18,0,18,254
06/11/2010,DSM,IA,ACE,CE,Combined TRACON& Tower with Radar,53,93,49,1,196,0,2,17,0,19,53,95,66,1,215,70,0,70,285
06/12/2010,DSM,IA,ACE,CE,Combined TRACON& Tower with Radar,32,55,12,0,99,0,2,17,0,19,32,57,29,0,118,8,0,8,126
06/13/2010,DSM,IA,ACE,CE,Combined TRACON& Tower with Radar,46,70,63,1,180,0,2,9,0,11,46,72,72,1,191,16,0,16,207
06/14/2010,DSM,IA,ACE,CE,Combined TRACON& Tower with Radar,40,88,86,0,214,0,0,14,3,17,40,88,100,3,231,56,0,56,287
06/15/2010,DSM,IA,ACE,CE,Combined TRACON& Tower with Radar,49,98,62,10,219,0,1,17,0,18,49,99,79,10,237,22,0,22,259
06/16/2010,DSM,IA,ACE,CE,Combined TRACON& Tower with Radar,60,104,91,12,267,0,0,56,0,56,60,104,147,12,323,22,0,22,345
06/17/2010,DSM,IA,ACE,CE,Combined TRACON& Tower with Radar,49,96,77,12,234,0,3,39,1,43,49,99,116,13,277,38,8,46,323
06/18/2010,DSM,IA,ACE,CE,Combined TRACON& Tower with Radar,53,102,48,6,209,0,2,13,3,18,53,104,61,9,227,0,0,0,227
06/19/2010,DSM,IA,ACE,CE,Combined TRACON& Tower with Radar,34,69,19,5,127,0,4,39,0,43,34,73,58,5,170,6,0,6,176
06/20/2010,DSM,IA,ACE,CE,Combined TRACON& Tower with Radar,41,67,37,0,145,0,0,9,3,12,41,67,46,3,157,60,0,60,217
06/21/2010,DSM,IA,ACE,CE,Combined TRACON& Tower with Radar,44,81,57,4,186,0,0,12,2,14,44,81,69,6,200,20,0,20,220
06/22/2010,DSM,IA,ACE,CE,Combined TRACON& Tower with Radar,50,96,59,9,214,0,0,45,0,45,50,96,104,9,259,70,24,94,353
06/23/2010,DSM,IA,ACE,CE,Combined TRACON& Tower with Radar,55,82,57,13,207,0,0,31,0,31,55,82,88,13,238,38,0,38,276
06/24/2010,DSM,IA,ACE,CE,Combined TRACON& Tower with Radar,49,98,67,9,223,0,2,70,4,76,49,100,137,13,299,46,0,46,345
06/25/2010,DSM,IA,ACE,CE,Combined TRACON& Tower with Radar,53,90,42,12,197,0,1,40,2,43,53,91,82,14,240,26,26,52,292
06/26/2010,DSM,IA,ACE,CE,Combined TRACON& Tower with Radar,33,70,20,2,125,0,1,29,1,31,33,71,49,3,156,26,0,26,182
06/27/2010,DSM,IA,ACE,CE,Combined TRACON& Tower with Radar,44,59,23,0,126,0,0,12,6,18,44,59,35,6,144,8,0,8,152
06/28/2010,DSM,IA,ACE,CE,Combined TRACON& Tower with Radar,45,74,54,5,178,0,0,40,2,42,45,74,94,7,220,15,7,22,242
06/29/2010,DSM,IA,ACE,CE,Combined TRACON& Tower with Radar,50,97,45,12,204,0,1,51,3,55,50,98,96,15,259,18,4,22,281
06/30/2010,DSM,IA,ACE,CE,Combined TRACON& Tower with Radar,54,98,83,4,239,0,3,72,1,76,54,101,155,5,315,28,8,36,351
07/01/2010,DSM,IA,ACE,CE,Combined TRACON& Tower with Radar,48,95,62,9,214,0,1,51,2,54,48,96,113,11,268,44,0,44,312
07/02/2010,DSM,IA,ACE,CE,Combined TRACON& Tower with Radar,44,90,45,0,179,0,2,46,0,48,44,92,91,0,227,28,0,28,255
07/03/2010,DSM,IA,ACE,CE,Combined TRACON& Tower with Radar,38,59,15,0,112,0,4,37,0,41,38,63,52,0,153,14,0,14,167
07/04/2010,DSM,IA,ACE,CE,Combined TRACON& Tower with Radar,36,43,7,1,87,0,0,1,1,2,36,43,8,2,89,0,0,0,89
07/05/2010,DSM,IA,ACE,CE,Combined TRACON& Tower with Radar,34,69,30,0,133,0,0,1,0,1,34,69,31,0,134,0,0,0,134
07/06/2010,DSM,IA,ACE,CE,Combined TRACON& Tower with Radar,34,86,67,12,199,0,2,13,0,15,34,88,80,12,214,76,8,84,298
07/07/2010,DSM,IA,ACE,CE,Combined TRACON& Tower with Radar,52,94,50,6,202,0,0,7,2,9,52,94,57,8,211,20,0,20,231
07/08/2010,DSM,IA,ACE,CE,Combined TRACON& Tower with Radar,50,96,58,11,215,0,0,45,2,47,50,96,103,13,262,24,8,32,294
07/09/2010,DSM,IA,ACE,CE,Combined TRACON& Tower with Radar,47,100,44,13,204,0,3,52,0,55,47,103,96,13,259,42,24,66,325
07/10/2010,DSM,IA,ACE,CE,Combined TRACON& Tower with Radar,30,69,13,6,118,0,3,51,0,54,30,72,64,6,172,44,12,56,228
07/11/2010,DSM,IA,ACE,CE,Combined TRACON& Tower with Radar,39,72,24,0,135,0,2,22,1,25,39,74,46,1,160,32,0,32,192
07/12/2010,DSM,IA,ACE,CE,Combined TRACON& Tower with Radar,39,94,69,0,202,0,3,20,0,23,39,97,89,0,225,2,0,2,227
07/13/2010,DSM,IA,ACE,CE,Combined TRACON& Tower with Radar,49,92,50,0,191,0,2,45,0,47,49,94,95,0,238,26,0,26,264
07/14/2010,DSM,IA,ACE,CE,Combined TRACON& Tower with Radar,49,90,58,0,197,0,0,9,0,9,49,90,67,0,206,0,0,0,206
07/15/2010,DSM,IA,ACE,CE,Combined TRACON& Tower with Radar,51,94,77,2,224,0,1,46,0,47,51,95,123,2,271,12,12,24,295
07/16/2010,DSM,IA,ACE,CE,Combined TRACON& Tower with Radar,44,97,47,0,188,0,4,44,0,48,44,101,91,0,236,12,0,12,248
07/17/2010,DSM,IA,ACE,CE,Combined TRACON& Tower with Radar,33,66,25,0,124,0,2,42,0,44,33,68,67,0,168,64,0,64,232
07/18/2010,DSM,IA,ACE,CE,Combined TRACON& Tower with Radar,35,74,38,0,147,0,4,36,0,40,35,78,74,0,187,30,0,30,217
07/19/2010,DSM,IA,ACE,CE,Combined TRACON& Tower with Radar,40,87,70,0,197,0,0,11,0,11,40,87,81,0,208,0,0,0,208
07/20/2010,DSM,IA,ACE,CE,Combined TRACON& Tower with Radar,60,105,74,6,245,0,3,17,0,20,60,108,91,6,265,0,0,0,265
07/21/2010,DSM,IA,ACE,CE,Combined TRACON& Tower with Radar,50,106,63,9,228,0,0,26,0,26,50,106,89,9,254,22,2,24,278
07/22/2010,DSM,IA,ACE,CE,Combined TRACON& Tower with Radar,49,105,48,9,211,0,0,25,0,25,49,105,73,9,236,22,10,32,268
07/23/2010,DSM,IA,ACE,CE,Combined TRACON& Tower with Radar,46,95,66,6,213,0,0,19,0,19,46,95,85,6,232,0,0,0,232
07/24/2010,DSM,IA,ACE,CE,Combined TRACON& Tower with Radar,38,71,43,3,155,0,3,18,2,23,38,74,61,5,178,6,0,6,184
07/25/2010,DSM,IA,ACE,CE,Combined TRACON& Tower with Radar,37,64,33,8,142,0,1,57,1,59,37,65,90,9,201,34,12,46,247
07/26/2010,DSM,IA,ACE,CE,Combined TRACON& Tower with Radar,42,101,44,5,192,0,0,27,2,29,42,101,71,7,221,18,8,26,247
07/27/2010,DSM,IA,ACE,CE,Combined TRACON& Tower with Radar,49,113,65,10,237,0,0,39,0,39,49,113,104,10,276,12,26,38,314
07/28/2010,DSM,IA,ACE,CE,Combined TRACON& Tower with Radar,50,103,52,8,213,0,1,22,1,24,50,104,74,9,237,0,8,8,245
07/29/2010,DSM,IA,ACE,CE,Combined TRACON& Tower with Radar,48,96,78,8,230,0,0,56,0,56,48,96,134,8,286,4,8,12,298
07/30/2010,DSM,IA,ACE,CE,Combined TRACON& Tower with Radar,46,104,54,5,209,0,0,2,0,2,46,104,56,5,211,10,0,10,221
07/31/2010,DSM,IA,ACE,CE,Combined TRACON& Tower with Radar,30,67,43,2,142,0,4,38,3,45,30,71,81,5,187,8,0,8,195
08/01/2010,DSM,IA,ACE,CE,Combined TRACON& Tower with Radar,40,83,36,0,159,0,2,43,2,47,40,85,79,2,206,10,0,10,216
08/02/2010,DSM,IA,ACE,CE,Combined TRACON& Tower with Radar,41,89,49,0,179,0,1,21,0,22,41,90,70,0,201,0,0,0,201
08/03/2010,DSM,IA,ACE,CE,Combined TRACON& Tower with Radar,46,96,61,1,204,0,1,37,0,38,46,97,98,1,242,32,0,32,274
08/04/2010,DSM,IA,ACE,CE,Combined TRACON& Tower with Radar,47,96,61,2,206,0,2,17,1,20,47,98,78,3,226,56,0,56,282
08/05/2010,DSM,IA,ACE,CE,Combined TRACON& Tower with Radar,47,94,69,2,212,0,1,43,1,45,47,95,112,3,257,30,0,30,287
08/06/2010,DSM,IA,ACE,CE,Combined TRACON& Tower with Radar,48,97,53,0,198,0,0,49,0,49,48,97,102,0,247,6,0,6,253
08/07/2010,DSM,IA,ACE,CE,Combined TRACON& Tower with Radar,30,67,18,5,120,0,3,32,0,35,30,70,50,5,155,16,0,16,171
08/08/2010,DSM,IA,ACE,CE,Combined TRACON& Tower with Radar,38,74,28,1,141,0,3,27,1,31,38,77,55,2,172,32,0,32,204
08/09/2010,DSM,IA,ACE,CE,Combined TRACON& Tower with Radar,37,82,52,0,171,0,1,9,0,10,37,83,61,0,181,0,0,0,181
08/10/2010,DSM,IA,ACE,CE,Combined TRACON& Tower with Radar,47,95,60,3,205,0,0,33,0,33,47,95,93,3,238,12,0,12,250
08/11/2010,DSM,IA,ACE,CE,Combined TRACON& Tower with Radar,50,97,59,12,218,0,0,44,0,44,50,97,103,12,262,4,14,18,280
08/12/2010,DSM,IA,ACE,CE,Combined TRACON& Tower with Radar,46,99,51,13,209,0,3,45,0,48,46,102,96,13,257,86,18,104,361
08/13/2010,DSM,IA,ACE,CE,Combined TRACON& Tower with Radar,46,97,53,0,196,0,3,20,0,23,46,100,73,0,219,0,0,0,219
08/14/2010,DSM,IA,ACE,CE,Combined TRACON& Tower with Radar,34,63,32,1,130,0,0,19,0,19,34,63,51,1,149,0,0,0,149
08/15/2010,DSM,IA,ACE,CE,Combined TRACON& Tower with Radar,36,75,45,3,159,0,2,50,4,56,36,77,95,7,215,6,2,8,223
08/16/2010,DSM,IA,ACE,CE,Combined TRACON& Tower with Radar,39,87,57,1,184,0,0,59,1,60,39,87,116,2,244,26,0,26,270
08/17/2010,DSM,IA,ACE,CE,Combined TRACON& Tower with Radar,52,94,69,9,224,0,7,9,1,17,52,101,78,10,241,0,0,0,241
08/18/2010,DSM,IA,ACE,CE,Combined TRACON& Tower with Radar,46,100,78,21,245,0,2,29,0,31,46,102,107,21,276,66,12,78,354
08/19/2010,DSM,IA,ACE,CE,Combined TRACON& Tower with Radar,56,99,62,9,226,0,1,47,3,51,56,100,109,12,277,16,4,20,297
08/20/2010,DSM,IA,ACE,CE,Combined TRACON& Tower with Radar,49,97,58,8,212,0,1,24,0,25,49,98,82,8,237,38,0,38,275
08/21/2010,DSM,IA,ACE,CE,Combined TRACON& Tower with Radar,28,70,26,0,124,0,0,30,0,30,28,70,56,0,154,30,0,30,184
08/22/2010,DSM,IA,ACE,CE,Combined TRACON& Tower with Radar,39,80,28,0,147,0,1,30,2,33,39,81,58,2,180,4,0,4,184
08/23/2010,DSM,IA,ACE,CE,Combined TRACON& Tower with Radar,41,90,59,0,190,0,2,30,0,32,41,92,89,0,222,12,0,12,234
08/24/2010,DSM,IA,ACE,CE,Combined TRACON& Tower with Radar,47,95,53,17,212,0,0,22,0,22,47,95,75,17,234,0,0,0,234
08/25/2010,DSM,IA,ACE,CE,Combined TRACON& Tower with Radar,47,101,79,21,248,0,2,29,0,31,47,103,108,21,279,14,8,22,301
08/26/2010,DSM,IA,ACE,CE,Combined TRACON& Tower with Radar,56,99,62,9,226,0,1,46,3,50,56,100,108,12,276,68,8,76,352
08/27/2010,DSM,IA,ACE,CE,Combined TRACON& Tower with Radar,49,97,58,8,212,0,1,24,0,25,49,98,82,8,237,0,0,0,237
08/28/2010,DSM,IA,ACE,CE,Combined TRACON& Tower with Radar,28,70,26,0,124,0,0,30,0,30,28,70,56,0,154,18,0,18,172
08/29/2010,DSM,IA,ACE,CE,Combined TRACON& Tower with Radar,39,80,28,0,147,0,1,30,2,33,39,81,58,2,180,14,0,14,194
08/30/2010,DSM,IA,ACE,CE,Combined TRACON& Tower with Radar,41,90,59,0,190,0,2,30,0,32,41,92,89,0,222,2,0,2,224
08/31/2010,DSM,IA,ACE,CE,Combined TRACON& Tower with Radar,47,95,53,17,212,0,0,22,0,22,47,95,75,17,234,8,0,8,242
09/01/2010,DSM,IA,ACE,CE,Combined TRACON& Tower with Radar,47,101,79,21,248,0,2,29,0,31,47,103,108,21,279,4,8,12,291
09/02/2010,DSM,IA,ACE,CE,Combined TRACON& Tower with Radar,56,99,62,9,226,0,1,46,3,50,56,100,108,12,276,26,12,38,314
09/03/2010,DSM,IA,ACE,CE,Combined TRACON& Tower with Radar,49,97,58,8,212,0,1,24,0,25,49,98,82,8,237,0,0,0,237
09/04/2010,DSM,IA,ACE,CE,Combined TRACON& Tower with Radar,29,60,27,0,116,0,0,28,0,28,29,60,55,0,144,6,0,6,150
09/05/2010,DSM,IA,ACE,CE,Combined TRACON& Tower with Radar,29,51,15,0,95,0,0,20,0,20,29,51,35,0,115,28,0,28,143
09/06/2010,DSM,IA,ACE,CE,Combined TRACON& Tower with Radar,31,75,25,0,131,0,0,10,0,10,31,75,35,0,141,0,0,0,141
09/07/2010,DSM,IA,ACE,CE,Combined TRACON& Tower with Radar,26,87,68,11,192,0,1,17,0,18,26,88,85,11,210,0,0,0,210
09/08/2010,DSM,IA,ACE,CE,Combined TRACON& Tower with Radar,42,95,83,11,231,0,1,51,3,55,42,96,134,14,286,58,0,58,344
09/09/2010,DSM,IA,ACE,CE,Combined TRACON& Tower with Radar,44,93,72,1,210,0,1,25,2,28,44,94,97,3,238,20,0,20,258
09/10/2010,DSM,IA,ACE,CE,Combined TRACON& Tower with Radar,41,98,61,9,209,0,0,5,0,5,41,98,66,9,214,0,0,0,214
09/11/2010,DSM,IA,ACE,CE,Combined TRACON& Tower with Radar,28,66,34,9,137,0,0,33,1,34,28,66,67,10,171,6,0,6,177
09/12/2010,DSM,IA,ACE,CE,Combined TRACON& Tower with Radar,39,70,19,6,134,0,1,23,2,26,39,71,42,8,160,74,14,88,248
09/13/2010,DSM,IA,ACE,CE,Combined TRACON& Tower with Radar,38,87,43,0,168,0,3,28,0,31,38,90,71,0,199,10,0,10,209
09/14/2010,DSM,IA,ACE,CE,Combined TRACON& Tower with Radar,39,104,81,6,230,0,0,27,1,28,39,104,108,7,258,18,0,18,276
09/15/2010,DSM,IA,ACE,CE,Combined TRACON& Tower with Radar,40,100,73,12,225,0,0,32,8,40,40,100,105,20,265,86,20,106,371
09/16/2010,DSM,IA,ACE,CE,Combined TRACON& Tower with Radar,48,101,85,12,246,0,0,11,0,11,48,101,96,12,257,6,0,6,263
09/17/2010,DSM,IA,ACE,CE,Combined TRACON& Tower with Radar,38,99,52,4,193,0,2,32,2,36,38,101,84,6,229,22,16,38,267
09/18/2010,DSM,IA,ACE,CE,Combined TRACON& Tower with Radar,32,51,16,0,99,0,0,0,1,1,32,51,16,1,100,0,0,0,100
09/19/2010,DSM,IA,ACE,CE,Combined TRACON& Tower with Radar,33,81,43,4,161,0,0,0,0,0,33,81,43,4,161,12,4,16,177
09/20/2010,DSM,IA,ACE,CE,Combined TRACON& Tower with Radar,36,87,55,0,178,0,0,32,0,32,36,87,87,0,210,8,0,8,218
09/21/2010,DSM,IA,ACE,CE,Combined TRACON& Tower with Radar,40,93,57,3,193,0,0,5,0,5,40,93,62,3,198,0,0,0,198
09/22/2010,DSM,IA,ACE,CE,Combined TRACON& Tower with Radar,47,105,80,15,247,0,1,11,0,12,47,106,91,15,259,20,8,28,287
09/23/2010,DSM,IA,ACE,CE,Combined TRACON& Tower with Radar,44,104,61,9,218,0,0,12,0,12,44,104,73,9,230,2,8,10,240
09/24/2010,DSM,IA,ACE,CE,Combined TRACON& Tower with Radar,42,88,74,9,213,0,1,40,4,45,42,89,114,13,258,28,0,28,286
09/25/2010,DSM,IA,ACE,CE,Combined TRACON& Tower with Radar,30,58,18,5,111,0,2,2,1,5,30,60,20,6,116,0,0,0,116
09/26/2010,DSM,IA,ACE,CE,Combined TRACON& Tower with Radar,36,70,29,0,135,0,0,48,0,48,36,70,77,0,183,90,2,92,275
09/27/2010,DSM,IA,ACE,CE,Combined TRACON& Tower with Radar,37,88,54,4,183,0,1,34,0,35,37,89,88,4,218,2,2,4,222
09/28/2010,DSM,IA,ACE,CE,Combined TRACON& Tower with Radar,44,88,55,3,190,0,2,30,1,33,44,90,85,4,223,28,0,28,251
09/29/2010,DSM,IA,ACE,CE,Combined TRACON& Tower with Radar,42,102,34,1,179,0,1,29,0,30,42,103,63,1,209,26,0,26,235
09/30/2010,DSM,IA,ACE,CE,Combined TRACON& Tower with Radar,46,92,75,3,216,0,1,26,0,27,46,93,101,3,243,32,0,32,275
10/01/2010,DSM,IA,ACE,CE,Combined TRACON& Tower with Radar,37,95,52,6,190,0,8,42,1,51,37,103,94,7,241,68,0,68,309
10/02/2010,DSM,IA,ACE,CE,Combined TRACON& Tower with Radar,31,60,29,0,120,0,0,31,1,32,31,60,60,1,152,26,0,26,178
10/03/2010,DSM,IA,ACE,CE,Combined TRACON& Tower with Radar,37,74,27,4,142,0,1,29,4,34,37,75,56,8,176,6,0,6,182
10/04/2010,DSM,IA,ACE,CE,Combined TRACON& Tower with Radar,27,86,56,4,173,0,0,32,1,33,27,86,88,5,206,0,0,0,206
10/05/2010,DSM,IA,ACE,CE,Combined TRACON& Tower with Radar,40,96,37,2,175,0,1,29,0,30,40,97,66,2,205,20,0,20,225
10/06/2010,DSM,IA,ACE,CE,Combined TRACON& Tower with Radar,42,101,64,2,209,0,7,46,2,55,42,108,110,4,264,32,0,32,296
10/07/2010,DSM,IA,ACE,CE,Combined TRACON& Tower with Radar,46,100,81,0,227,0,1,51,0,52,46,101,132,0,279,30,0,30,309
10/08/2010,DSM,IA,ACE,CE,Combined TRACON& Tower with Radar,37,102,55,2,196,0,1,47,0,48,37,103,102,2,244,12,0,12,256
10/09/2010,DSM,IA,ACE,CE,Combined TRACON& Tower with Radar,31,63,26,0,120,0,6,54,0,60,31,69,80,0,180,18,0,18,198
10/10/2010,DSM,IA,ACE,CE,Combined TRACON& Tower with Radar,36,75,38,0,149,0,4,30,0,34,36,79,68,0,183,40,0,40,223
10/11/2010,DSM,IA,ACE,CE,Combined TRACON& Tower with Radar,28,79,51,1,159,0,2,26,0,28,28,81,77,1,187,28,0,28,215
10/12/2010,DSM,IA,ACE,CE,Combined TRACON& Tower with Radar,43,89,68,12,212,0,2,12,0,14,43,91,80,12,226,30,0,30,256
10/13/2010,DSM,IA,ACE,CE,Combined TRACON& Tower with Radar,41,101,67,9,218,0,0,35,0,35,41,101,102,9,253,16,4,20,273
10/14/2010,DSM,IA,ACE,CE,Combined TRACON& Tower with Radar,46,102,71,8,227,0,5,20,0,25,46,107,91,8,252,20,20,40,292
10/15/2010,DSM,IA,ACE,CE,Combined TRACON& Tower with Radar,38,102,46,15,201,0,5,50,2,57,38,107,96,17,258,18,20,38,296
10/16/2010,DSM,IA,ACE,CE,Combined TRACON& Tower with Radar,29,61,29,2,121,0,2,39,3,44,29,63,68,5,165,0,0,0,165
10/17/2010,DSM,IA,ACE,CE,Combined TRACON& Tower with Radar,38,70,24,0,132,0,1,33,2,36,38,71,57,2,168,0,0,0,168
10/18/2010,DSM,IA,ACE,CE,Combined TRACON& Tower with Radar,31,87,51,6,175,0,3,25,0,28,31,90,76,6,203,56,0,56,259
10/19/2010,DSM,IA,ACE,CE,Combined TRACON& Tower with Radar,40,89,60,12,201,0,4,34,5,43,40,93,94,17,244,4,0,4,248
10/20/2010,DSM,IA,ACE,CE,Combined TRACON& Tower with Radar,44,91,67,11,213,0,2,32,1,35,44,93,99,12,248,20,10,30,278
10/21/2010,DSM,IA,ACE,CE,Combined TRACON& Tower with Radar,46,97,61,11,215,0,2,29,2,33,46,99,90,13,248,44,20,64,312
10/22/2010,DSM,IA,ACE,CE,Combined TRACON& Tower with Radar,37,96,60,12,205,0,5,31,2,38,37,101,91,14,243,60,16,76,319
10/23/2010,DSM,IA,ACE,CE,Combined TRACON& Tower with Radar,29,56,17,0,102,0,3,15,0,18,29,59,32,0,120,42,0,42,162
10/24/2010,DSM,IA,ACE,CE,Combined TRACON& Tower with Radar,37,71,36,0,144,0,3,12,0,15,37,74,48,0,159,2,0,2,161
10/25/2010,DSM,IA,ACE,CE,Combined TRACON& Tower with Radar,28,90,66,0,184,0,2,17,0,19,28,92,83,0,203,26,0,26,229
10/26/2010,DSM,IA,ACE,CE,Combined TRACON& Tower with Radar,42,94,51,0,187,0,0,4,0,4,42,94,55,0,191,6,0,6,197
10/27/2010,DSM,IA,ACE,CE,Combined TRACON& Tower with Radar,41,98,61,0,200,0,3,5,0,8,41,101,66,0,208,0,0,0,208
10/28/2010,DSM,IA,ACE,CE,Combined TRACON& Tower with Radar,48,93,73,12,226,0,3,17,1,21,48,96,90,13,247,8,10,18,265
10/29/2010,DSM,IA,ACE,CE,Combined TRACON& Tower with Radar,37,104,51,9,201,0,5,28,2,35,37,109,79,11,236,12,12,24,260
10/30/2010,DSM,IA,ACE,CE,Combined TRACON& Tower with Radar,25,63,32,3,123,0,1,52,0,53,25,64,84,3,176,24,0,24,200
10/31/2010,DSM,IA,ACE,CE,Combined TRACON& Tower with Radar,38,67,44,0,149,0,3,42,0,45,38,70,86,0,194,30,0,30,224
11/01/2010,DSM,IA,ACE,CE,Combined TRACON& Tower with Radar,32,92,59,0,183,0,2,30,0,32,32,94,89,0,215,18,0,18,233
11/02/2010,DSM,IA,ACE,CE,Combined TRACON& Tower with Radar,45,105,59,19,228,0,0,52,0,52,45,105,111,19,280,22,12,34,314
11/03/2010,DSM,IA,ACE,CE,Combined TRACON& Tower with Radar,45,94,79,11,229,0,3,24,1,28,45,97,103,12,257,22,0,22,279
11/04/2010,DSM,IA,ACE,CE,Combined TRACON& Tower with Radar,58,88,91,10,247,0,1,27,1,29,58,89,118,11,276,18,20,38,314
11/05/2010,DSM,IA,ACE,CE,Combined TRACON& Tower with Radar,46,84,65,11,206,0,5,33,1,39,46,89,98,12,245,18,0,18,263
11/06/2010,DSM,IA,ACE,CE,Combined TRACON& Tower with Radar,29,53,15,8,105,0,0,49,0,49,29,53,64,8,154,2,0,2,156
11/07/2010,DSM,IA,ACE,CE,Combined TRACON& Tower with Radar,43,68,40,7,158,0,1,28,0,29,43,69,68,7,187,0,0,0,187
11/08/2010,DSM,IA,ACE,CE,Combined TRACON& Tower with Radar,35,81,46,21,183,0,3,20,0,23,35,84,66,21,206,4,0,4,210
11/09/2010,DSM,IA,ACE,CE,Combined TRACON& Tower with Radar,50,93,71,11,225,0,3,18,1,22,50,96,89,12,247,8,20,28,275
11/10/2010,DSM,IA,ACE,CE,Combined TRACON& Tower with Radar,50,90,78,12,230,0,3,23,0,26,50,93,101,12,256,8,0,8,264
11/11/2010,DSM,IA,ACE,CE,Combined TRACON& Tower with Radar,61,80,50,4,195,0,0,30,1,31,61,80,80,5,226,30,0,30,256
11/12/2010,DSM,IA,ACE,CE,Combined TRACON& Tower with Radar,51,81,57,0,189,0,0,0,0,0,51,81,57,0,189,0,0,0,189
11/13/2010,DSM,IA,ACE,CE,Combined TRACON& Tower with Radar,30,49,9,0,88,0,0,5,0,5,30,49,14,0,93,0,0,0,93
11/14/2010,DSM,IA,ACE,CE,Combined TRACON& Tower with Radar,40,70,27,0,137,0,2,21,0,23,40,72,48,0,160,4,0,4,164
11/15/2010,DSM,IA,ACE,CE,Combined TRACON& Tower with Radar,40,84,39,0,163,0,3,25,0,28,40,87,64,0,191,0,0,0,191
11/16/2010,DSM,IA,ACE,CE,Combined TRACON& Tower with Radar,52,86,65,9,212,0,1,4,0,5,52,87,69,9,217,14,4,18,235
11/17/2010,DSM,IA,ACE,CE,Combined TRACON& Tower with Radar,52,84,55,16,207,0,1,6,0,7,52,85,61,16,214,0,0,0,214
11/18/2010,DSM,IA,ACE,CE,Combined TRACON& Tower with Radar,54,83,66,20,223,0,1,12,0,13,54,84,78,20,236,0,0,0,236
11/19/2010,DSM,IA,ACE,CE,Combined TRACON& Tower with Radar,50,84,51,20,205,0,0,10,1,11,50,84,61,21,216,8,28,36,252
11/20/2010,DSM,IA,ACE,CE,Combined TRACON& Tower with Radar,34,53,30,0,117,0,1,23,0,24,34,54,53,0,141,46,0,46,187
11/21/2010,DSM,IA,ACE,CE,Combined TRACON& Tower with Radar,38,67,16,0,121,0,5,1,0,6,38,72,17,0,127,0,0,0,127
11/22/2010,DSM,IA,ACE,CE,Combined TRACON& Tower with Radar,40,77,54,16,187,0,1,4,0,5,40,78,58,16,192,0,0,0,192
11/23/2010,DSM,IA,ACE,CE,Combined TRACON& Tower with Radar,61,91,57,11,220,0,2,24,0,26,61,93,81,11,246,20,4,24,270
11/24/2010,DSM,IA,ACE,CE,Combined TRACON& Tower with Radar,57,83,30,0,170,2,1,9,0,12,59,84,39,0,182,2,0,2,184
11/25/2010,DSM,IA,ACE,CE,Combined TRACON& Tower with Radar,24,52,7,0,83,0,0,8,0,8,24,52,15,0,91,4,0,4,95
11/26/2010,DSM,IA,ACE,CE,Combined TRACON& Tower with Radar,36,63,14,0,113,0,0,11,0,11,36,63,25,0,124,2,0,2,126
11/27/2010,DSM,IA,ACE,CE,Combined TRACON& Tower with Radar,32,62,25,0,119,0,3,46,0,49,32,65,71,0,168,24,0,24,192
11/28/2010,DSM,IA,ACE,CE,Combined TRACON& Tower with Radar,48,73,29,0,150,0,1,13,0,14,48,74,42,0,164,0,0,0,164
11/29/2010,DSM,IA,ACE,CE,Combined TRACON& Tower with Radar,41,74,49,0,164,0,1,2,0,3,41,75,51,0,167,2,0,2,169
11/30/2010,DSM,IA,ACE,CE,Combined TRACON& Tower with Radar,59,91,49,9,208,0,0,1,0,1,59,91,50,9,209,0,0,0,209
12/01/2010,DSM,IA,ACE,CE,Combined TRACON& Tower with Radar,52,92,60,11,215,0,5,20,1,26,52,97,80,12,241,0,0,0,241
12/02/2010,DSM,IA,ACE,CE,Combined TRACON& Tower with Radar,52,87,54,10,203,0,2,21,3,26,52,89,75,13,229,8,26,34,263
12/03/2010,DSM,IA,ACE,CE,Combined TRACON& Tower with Radar,49,90,52,8,199,0,4,17,2,23,49,94,69,10,222,40,26,66,288
12/04/2010,DSM,IA,ACE,CE,Combined TRACON& Tower with Radar,33,44,21,23,121,0,4,1,0,5,33,48,22,23,126,6,2,8,134
12/05/2010,DSM,IA,ACE,CE,Combined TRACON& Tower with Radar,44,62,35,4,145,0,5,30,0,35,44,67,65,4,180,47,5,52,232
12/06/2010,DSM,IA,ACE,CE,Combined TRACON& Tower with Radar,40,82,58,3,183,0,5,9,0,14,40,87,67,3,197,2,2,4,201
12/07/2010,DSM,IA,ACE,CE,Combined TRACON& Tower with Radar,54,101,61,13,229,0,5,34,1,40,54,106,95,14,269,6,8,14,283
12/08/2010,DSM,IA,ACE,CE,Combined TRACON& Tower with Radar,52,86,77,14,229,0,3,19,0,22,52,89,96,14,251,40,22,62,313
12/09/2010,DSM,IA,ACE,CE,Combined TRACON& Tower with Radar,56,87,45,12,200,0,2,10,0,12,56,89,55,12,212,44,4,48,260
12/10/2010,DSM,IA,ACE,CE,Combined TRACON& Tower with Radar,47,84,66,12,209,0,3,50,2,55,47,87,116,14,264,4,28,32,296
12/11/2010,DSM,IA,ACE,CE,Combined TRACON& Tower with Radar,28,41,7,0,76,0,0,0,0,0,28,41,7,0,76,0,0,0,76
12/12/2010,DSM,IA,ACE,CE,Combined TRACON& Tower with Radar,37,49,18,0,104,0,2,10,0,12,37,51,28,0,116,0,0,0,116
12/13/2010,DSM,IA,ACE,CE,Combined TRACON& Tower with Radar,40,74,43,0,157,0,3,17,0,20,40,77,60,0,177,13,0,13,190
12/14/2010,DSM,IA,ACE,CE,Combined TRACON& Tower with Radar,67,92,36,7,202,0,2,16,1,19,67,94,52,8,221,30,0,30,251
12/15/2010,DSM,IA,ACE,CE,Combined TRACON& Tower with Radar,65,91,64,10,230,0,4,9,0,13,65,95,73,10,243,12,0,12,255
12/16/2010,DSM,IA,ACE,CE,Combined TRACON& Tower with Radar,64,92,43,6,205,0,3,5,2,10,64,95,48,8,215,0,0,0,215
12/17/2010,DSM,IA,ACE,CE,Combined TRACON& Tower with Radar,45,87,67,5,204,0,7,42,0,49,45,94,109,5,253,26,0,26,279
12/18/2010,DSM,IA,ACE,CE,Combined TRACON& Tower with Radar,30,70,20,0,120,0,8,43,2,53,30,78,63,2,173,30,2,32,205
12/19/2010,DSM,IA,ACE,CE,Combined TRACON& Tower with Radar,41,74,14,0,129,0,1,5,0,6,41,75,19,0,135,20,0,20,155
12/20/2010,DSM,IA,ACE,CE,Combined TRACON& Tower with Radar,36,74,34,4,148,0,4,4,0,8,36,78,38,4,156,0,0,0,156
12/21/2010,DSM,IA,ACE,CE,Combined TRACON& Tower with Radar,74,88,57,15,234,0,3,9,0,12,74,91,66,15,246,0,0,0,246
12/22/2010,DSM,IA,ACE,CE,Combined TRACON& Tower with Radar,69,95,42,11,217,0,2,17,0,19,69,97,59,11,236,0,0,0,236
12/23/2010,DSM,IA,ACE,CE,Combined TRACON& Tower with Radar,77,90,18,6,191,0,3,18,0,21,77,93,36,6,212,12,0,12,224
12/24/2010,DSM,IA,ACE,CE,Combined TRACON& Tower with Radar,41,63,11,0,115,0,1,2,0,3,41,64,13,0,118,0,0,0,118
12/25/2010,DSM,IA,ACE,CE,Combined TRACON& Tower with Radar,25,54,9,0,88,0,0,2,0,2,25,54,11,0,90,0,0,0,90
12/26/2010,DSM,IA,ACE,CE,Combined TRACON& Tower with Radar,32,71,24,0,127,0,0,1,0,1,32,71,25,0,128,10,0,10,138
12/27/2010,DSM,IA,ACE,CE,Combined TRACON& Tower with Radar,42,77,22,2,143,0,0,1,0,1,42,77,23,2,144,12,0,12,156
12/28/2010,DSM,IA,ACE,CE,Combined TRACON& Tower with Radar,55,84,21,9,169,0,3,25,2,30,55,87,46,11,199,0,10,10,209
12/29/2010,DSM,IA,ACE,CE,Combined TRACON& Tower with Radar,44,72,17,0,133,0,0,1,0,1,44,72,18,0,134,0,0,0,134
12/30/2010,DSM,IA,ACE,CE,Combined TRACON& Tower with Radar,58,81,27,8,174,4,0,10,0,14,62,81,37,8,188,0,0,0,188
12/31/2010,DSM,IA,ACE,CE,Combined TRACON& Tower with Radar,37,66,5,0,108,2,0,1,0,3,39,66,6,0,111,0,0,0,111
01/01/2011,DSM,IA,ACE,CE,Combined TRACON& Tower with Radar,22,63,13,0,98,0,2,5,0,7,22,65,18,0,105,0,0,0,105
01/02/2011,DSM,IA,ACE,CE,Combined TRACON& Tower with Radar,33,77,29,0,139,0,2,26,0,28,33,79,55,0,167,76,0,76,243
01/03/2011,DSM,IA,ACE,CE,Combined TRACON& Tower with Radar,38,82,22,0,142,0,2,18,0,20,38,84,40,0,162,12,0,12,174
01/04/2011,DSM,IA,ACE,CE,Combined TRACON& Tower with Radar,51,95,35,9,190,0,2,26,0,28,51,97,61,9,218,18,18,36,254
01/05/2011,DSM,IA,ACE,CE,Combined TRACON& Tower with Radar,50,83,47,13,193,0,4,19,0,23,50,87,66,13,216,12,0,12,228
01/06/2011,DSM,IA,ACE,CE,Combined TRACON& Tower with Radar,53,90,43,7,193,0,2,14,0,16,53,92,57,7,209,2,0,2,211
01/07/2011,DSM,IA,ACE,CE,Combined TRACON& Tower with Radar,40,86,34,0,160,0,1,5,0,6,40,87,39,0,166,0,0,0,166
01/08/2011,DSM,IA,ACE,CE,Combined TRACON& Tower with Radar,29,59,19,3,110,0,5,49,0,54,29,64,68,3,164,36,0,36,200
01/09/2011,DSM,IA,ACE,CE,Combined TRACON& Tower with Radar,37,63,28,3,131,1,0,20,0,21,38,63,48,3,152,66,0,66,218
01/10/2011,DSM,IA,ACE,CE,Combined TRACON& Tower with Radar,30,65,33,0,128,0,0,0,0,0,30,65,33,0,128,0,0,0,128
01/11/2011,DSM,IA,ACE,CE,Combined TRACON& Tower with Radar,47,78,52,0,177,0,0,1,0,1,47,78,53,0,178,0,0,0,178
01/12/2011,DSM,IA,ACE,CE,Combined TRACON& Tower with Radar,49,86,73,6,214,0,0,2,0,2,49,86,75,6,216,0,0,0,216
01/13/2011,DSM,IA,ACE,CE,Combined TRACON& Tower with Radar,54,82,56,9,201,0,0,20,1,21,54,82,76,10,222,0,0,0,222
01/14/2011,DSM,IA,ACE,CE,Combined TRACON& Tower with Radar,41,92,53,15,201,0,3,10,2,15,41,95,63,17,216,16,2,18,234
01/15/2011,DSM,IA,ACE,CE,Combined TRACON& Tower with Radar,29,59,22,0,110,0,3,8,0,11,29,62,30,0,121,10,0,10,131
01/16/2011,DSM,IA,ACE,CE,Combined TRACON& Tower with Radar,38,56,20,0,114,0,4,7,0,11,38,60,27,0,125,38,0,38,163
01/17/2011,DSM,IA,ACE,CE,Combined TRACON& Tower with Radar,36,71,27,0,134,0,0,4,0,4,36,71,31,0,138,0,0,0,138
01/18/2011,DSM,IA,ACE,CE,Combined TRACON& Tower with Radar,57,87,55,5,204,0,4,21,0,25,57,91,76,5,229,2,0,2,231
01/19/2011,DSM,IA,ACE,CE,Combined TRACON& Tower with Radar,46,93,57,6,202,0,1,16,0,17,46,94,73,6,219,4,0,4,223
01/20/2011,DSM,IA,ACE,CE,Combined TRACON& Tower with Radar,52,90,47,11,200,0,0,16,0,16,52,90,63,11,216,2,0,2,218
01/21/2011,DSM,IA,ACE,CE,Combined TRACON& Tower with Radar,40,92,30,1,163,0,1,13,0,14,40,93,43,1,177,0,0,0,177
01/22/2011,DSM,IA,ACE,CE,Combined TRACON& Tower with Radar,27,55,25,5,112,0,1,7,0,8,27,56,32,5,120,3,0,3,123
01/23/2011,DSM,IA,ACE,CE,Combined TRACON& Tower with Radar,38,64,18,0,120,0,2,19,0,21,38,66,37,0,141,0,0,0,141
01/24/2011,DSM,IA,ACE,CE,Combined TRACON& Tower with Radar,35,81,55,0,171,0,1,13,0,14,35,82,68,0,185,20,0,20,205
01/25/2011,DSM,IA,ACE,CE,Combined TRACON& Tower with Radar,50,91,61,22,224,0,2,8,0,10,50,93,69,22,234,0,12,12,246
01/26/2011,DSM,IA,ACE,CE,Combined TRACON& Tower with Radar,49,91,60,9,209,0,0,2,0,2,49,91,62,9,211,2,0,2,213
01/27/2011,DSM,IA,ACE,CE,Combined TRACON& Tower with Radar,53,91,55,12,211,0,3,19,0,22,53,94,74,12,233,32,0,32,265
01/28/2011,DSM,IA,ACE,CE,Combined TRACON& Tower with Radar,41,89,48,8,186,0,1,25,0,26,41,90,73,8,212,44,0,44,256
01/29/2011,DSM,IA,ACE,CE,Combined TRACON& Tower with Radar,28,54,10,0,92,0,5,25,1,31,28,59,35,1,123,0,0,0,123
01/30/2011,DSM,IA,ACE,CE,Combined TRACON& Tower with Radar,38,70,21,0,129,0,5,15,0,20,38,75,36,0,149,0,0,0,149
01/31/2011,DSM,IA,ACE,CE,Combined TRACON& Tower with Radar,33,84,54,0,171,0,0,1,0,1,33,84,55,0,172,0,0,0,172
02/01/2011,DSM,IA,ACE,CE,Combined TRACON& Tower with Radar,38,33,13,0,84,0,0,0,0,0,38,33,13,0,84,0,0,0,84
02/02/2011,DSM,IA,ACE,CE,Combined TRACON& Tower with Radar,36,53,27,1,117,0,2,2,0,4,36,55,29,1,121,0,0,0,121
02/03/2011,DSM,IA,ACE,CE,Combined TRACON& Tower with Radar,49,70,56,9,184,0,4,9,0,13,49,74,65,9,197,0,10,10,207
02/04/2011,DSM,IA,ACE,CE,Combined TRACON& Tower with Radar,42,67,61,4,174,0,2,20,0,22,42,69,81,4,196,6,14,20,216
02/05/2011,DSM,IA,ACE,CE,Combined TRACON& Tower with Radar,36,49,16,13,114,0,2,33,0,35,36,51,49,13,149,86,8,94,243
02/06/2011,DSM,IA,ACE,CE,Combined TRACON& Tower with Radar,42,56,11,1,110,0,0,4,0,4,42,56,15,1,114,0,0,0,114
02/07/2011,DSM,IA,ACE,CE,Combined TRACON& Tower with Radar,40,81,42,0,163,0,0,6,0,6,40,81,48,0,169,0,0,0,169
02/08/2011,DSM,IA,ACE,CE,Combined TRACON& Tower with Radar,52,91,45,5,193,0,1,9,0,10,52,92,54,5,203,0,0,0,203
02/09/2011,DSM,IA,ACE,CE,Combined TRACON& Tower with Radar,57,80,66,12,215,0,1,15,2,18,57,81,81,14,233,28,10,38,271
02/10/2011,DSM,IA,ACE,CE,Combined TRACON& Tower with Radar,57,79,54,20,210,0,2,23,1,26,57,81,77,21,236,12,34,46,282
02/11/2011,DSM,IA,ACE,CE,Combined TRACON& Tower with Radar,43,83,39,5,170,0,0,18,2,20,43,83,57,7,190,40,8,48,238
02/12/2011,DSM,IA,ACE,CE,Combined TRACON& Tower with Radar,37,50,27,0,114,0,1,47,0,48,37,51,74,0,162,32,0,32,194
02/13/2011,DSM,IA,ACE,CE,Combined TRACON& Tower with Radar,44,61,24,6,135,0,1,39,0,40,44,62,63,6,175,12,2,14,189
02/14/2011,DSM,IA,ACE,CE,Combined TRACON& Tower with Radar,38,79,55,3,175,1,4,30,0,35,39,83,85,3,210,60,2,62,272
02/15/2011,DSM,IA,ACE,CE,Combined TRACON& Tower with Radar,50,92,53,4,199,3,3,24,0,30,53,95,77,4,229,12,0,12,241
02/16/2011,DSM,IA,ACE,CE,Combined TRACON& Tower with Radar,61,84,54,4,203,0,0,2,0,2,61,84,56,4,205,0,0,0,205
02/17/2011,DSM,IA,ACE,CE,Combined TRACON& Tower with Radar,52,93,53,5,203,0,1,28,0,29,52,94,81,5,232,0,6,6,238
02/18/2011,DSM,IA,ACE,CE,Combined TRACON& Tower with Radar,48,86,53,3,190,0,4,37,0,41,48,90,90,3,231,38,0,38,269
02/19/2011,DSM,IA,ACE,CE,Combined TRACON& Tower with Radar,31,70,20,0,121,0,4,45,0,49,31,74,65,0,170,82,0,82,252
02/20/2011,DSM,IA,ACE,CE,Combined TRACON& Tower with Radar,43,50,18,0,111,0,0,2,0,2,43,50,20,0,113,0,0,0,113
02/21/2011,DSM,IA,ACE,CE,Combined TRACON& Tower with Radar,39,67,56,0,162,0,1,1,0,2,39,68,57,0,164,0,0,0,164
02/22/2011,DSM,IA,ACE,CE,Combined TRACON& Tower with Radar,53,83,58,4,198,0,3,20,0,23,53,86,78,4,221,50,0,50,271
02/23/2011,DSM,IA,ACE,CE,Combined TRACON& Tower with Radar,58,87,71,2,218,0,4,13,2,19,58,91,84,4,237,14,0,14,251
02/24/2011,DSM,IA,ACE,CE,Combined TRACON& Tower with Radar,53,85,70,1,209,0,0,4,0,4,53,85,74,1,213,2,0,2,215
02/25/2011,DSM,IA,ACE,CE,Combined TRACON& Tower with Radar,44,82,49,0,175,0,3,8,0,11,44,85,57,0,186,62,0,62,248
02/26/2011,DSM,IA,ACE,CE,Combined TRACON& Tower with Radar,35,67,17,0,119,0,1,0,0,1,35,68,17,0,120,8,0,8,128
02/27/2011,DSM,IA,ACE,CE,Combined TRACON& Tower with Radar,49,64,17,0,130,0,0,1,0,1,49,64,18,0,131,1,0,1,132
02/28/2011,DSM,IA,ACE,CE,Combined TRACON& Tower with Radar,37,83,54,0,174,0,4,45,0,49,37,87,99,0,223,50,0,50,273
03/01/2011,DSM,IA,ACE,CE,Combined TRACON& Tower with Radar,51,88,46,0,185,2,1,46,0,49,53,89,92,0,234,22,0,22,256
03/02/2011,DSM,IA,ACE,CE,Combined TRACON& Tower with Radar,60,100,54,0,214,0,19,46,0,65,60,119,100,0,279,60,0,60,339
03/03/2011,DSM,IA,ACE,CE,Combined TRACON& Tower with Radar,52,86,61,2,201,1,0,24,0,25,53,86,85,2,226,36,0,36,262
03/04/2011,DSM,IA,ACE,CE,Combined TRACON& Tower with Radar,42,88,39,2,171,0,0,6,0,6,42,88,45,2,177,0,0,0,177
03/05/2011,DSM,IA,ACE,CE,Combined TRACON& Tower with Radar,32,70,36,4,142,0,0,20,0,20,32,70,56,4,162,22,0,22,184
03/06/2011,DSM,IA,ACE,CE,Combined TRACON& Tower with Radar,28,72,26,0,126,0,2,7,0,9,28,74,33,0,135,0,0,0,135
03/07/2011,DSM,IA,ACE,CE,Combined TRACON& Tower with Radar,34,91,60,0,185,0,0,11,0,11,34,91,71,0,196,2,0,2,198
03/08/2011,DSM,IA,ACE,CE,Combined TRACON& Tower with Radar,44,97,46,0,187,0,0,0,0,0,44,97,46,0,187,0,0,0,187
03/09/2011,DSM,IA,ACE,CE,Combined TRACON& Tower with Radar,53,92,49,0,194,0,2,1,0,3,53,94,50,0,197,0,0,0,197
03/10/2011,DSM,IA,ACE,CE,Combined TRACON& Tower with Radar,49,86,62,6,203,1,2,21,0,24,50,88,83,6,227,10,8,18,245
03/11/2011,DSM,IA,ACE,CE,Combined TRACON& Tower with Radar,51,89,52,0,192,0,1,34,0,35,51,90,86,0,227,62,0,62,289
03/12/2011,DSM,IA,ACE,CE,Combined TRACON& Tower with Radar,35,63,23,2,123,0,2,8,0,10,35,65,31,2,133,4,0,4,137
03/13/2011,DSM,IA,ACE,CE,Combined TRACON& Tower with Radar,36,76,20,1,133,0,1,10,0,11,36,77,30,1,144,16,0,16,160
03/14/2011,DSM,IA,ACE,CE,Combined TRACON& Tower with Radar,37,81,52,2,172,1,4,25,0,30,38,85,77,2,202,10,0,10,212
03/15/2011,DSM,IA,ACE,CE,Combined TRACON& Tower with Radar,44,101,29,9,183,0,2,27,0,29,44,103,56,9,212,54,6,60,272
03/16/2011,DSM,IA,ACE,CE,Combined TRACON& Tower with Radar,51,93,41,18,203,0,4,31,0,35,51,97,72,18,238,30,18,48,286
03/17/2011,DSM,IA,ACE,CE,Combined TRACON& Tower with Radar,52,94,49,16,211,0,2,18,0,20,52,96,67,16,231,28,8,36,267
03/18/2011,DSM,IA,ACE,CE,Combined TRACON& Tower with Radar,44,91,50,13,198,0,6,32,0,38,44,97,82,13,236,58,12,70,306
03/19/2011,DSM,IA,ACE,CE,Combined TRACON& Tower with Radar,41,67,13,15,136,0,4,35,0,39,41,71,48,15,175,46,20,66,241
03/20/2011,DSM,IA,ACE,CE,Combined TRACON& Tower with Radar,47,68,22,2,139,0,4,20,0,24,47,72,42,2,163,18,0,18,181
03/21/2011,DSM,IA,ACE,CE,Combined TRACON& Tower with Radar,40,83,30,0,153,0,3,13,0,16,40,86,43,0,169,37,0,37,206
03/22/2011,DSM,IA,ACE,CE,Combined TRACON& Tower with Radar,45,96,51,6,198,0,4,7,0,11,45,100,58,6,209,2,0,2,211
03/23/2011,DSM,IA,ACE,CE,Combined TRACON& Tower with Radar,52,87,64,13,216,0,0,2,0,2,52,87,66,13,218,0,8,8,226
03/24/2011,DSM,IA,ACE,CE,Combined TRACON& Tower with Radar,49,97,67,14,227,0,2,35,0,37,49,99,102,14,264,30,8,38,302
03/25/2011,DSM,IA,ACE,CE,Combined TRACON& Tower with Radar,37,91,46,8,182,0,2,4,0,6,37,93,50,8,188,6,0,6,194
03/26/2011,DSM,IA,ACE,CE,Combined TRACON& Tower with Radar,27,68,30,0,125,0,3,20,0,23,27,71,50,0,148,70,0,70,218
03/27/2011,DSM,IA,ACE,CE,Combined TRACON& Tower with Radar,34,75,30,0,139,0,1,38,2,41,34,76,68,2,180,4,0,4,184
03/28/2011,DSM,IA,ACE,CE,Combined TRACON& Tower with Radar,34,82,54,0,170,0,0,29,0,29,34,82,83,0,199,26,0,26,225
03/29/2011,DSM,IA,ACE,CE,Combined TRACON& Tower with Radar,48,94,42,8,192,0,2,8,0,10,48,96,50,8,202,2,0,2,204
03/30/2011,DSM,IA,ACE,CE,Combined TRACON& Tower with Radar,50,91,60,21,222,0,3,29,1,33,50,94,89,22,255,28,18,46,301
03/31/2011,DSM,IA,ACE,CE,Combined TRACON& Tower with Radar,51,90,66,11,218,0,5,29,1,35,51,95,95,12,253,4,12,16,269
04/01/2011,DSM,IA,ACE,CE,Combined TRACON& Tower with Radar,38,87,30,17,172,0,0,24,0,24,38,87,54,17,196,14,20,34,230
04/02/2011,DSM,IA,ACE,CE,Combined TRACON& Tower with Radar,35,61,28,16,140,0,2,39,0,41,35,63,67,16,181,46,16,62,243
04/03/2011,DSM,IA,ACE,CE,Combined TRACON& Tower with Radar,36,70,17,0,123,0,1,13,2,16,36,71,30,2,139,0,0,0,139
04/04/2011,DSM,IA,ACE,CE,Combined TRACON& Tower with Radar,30,89,33,0,152,0,2,10,0,12,30,91,43,0,164,2,0,2,166
04/05/2011,DSM,IA,ACE,CE,Combined TRACON& Tower with Radar,39,102,48,14,203,0,3,37,4,44,39,105,85,18,247,17,8,25,272
04/06/2011,DSM,IA,ACE,CE,Combined TRACON& Tower with Radar,43,98,64,26,231,2,4,55,3,64,45,102,119,29,295,44,6,50,345
04/07/2011,DSM,IA,ACE,CE,Combined TRACON& Tower with Radar,43,99,57,13,212,0,1,24,2,27,43,100,81,15,239,38,0,38,277
04/08/2011,DSM,IA,ACE,CE,Combined TRACON& Tower with Radar,36,91,60,6,193,1,3,8,0,12,37,94,68,6,205,6,0,6,211
04/09/2011,DSM,IA,ACE,CE,Combined TRACON& Tower with Radar,29,59,28,0,116,0,2,13,4,19,29,61,41,4,135,6,0,6,141
04/10/2011,DSM,IA,ACE,CE,Combined TRACON& Tower with Radar,37,65,17,0,119,0,0,8,2,10,37,65,25,2,129,6,0,6,135
04/11/2011,DSM,IA,ACE,CE,Combined TRACON& Tower with Radar,30,84,41,0,155,0,2,25,2,29,30,86,66,2,184,0,0,0,184
04/12/2011,DSM,IA,ACE,CE,Combined TRACON& Tower with Radar,40,98,60,13,211,1,1,49,4,55,41,99,109,17,266,40,20,60,326
04/13/2011,DSM,IA,ACE,CE,Combined TRACON& Tower with Radar,41,98,67,13,219,0,3,44,2,49,41,101,111,15,268,26,10,36,304
04/14/2011,DSM,IA,ACE,CE,Combined TRACON& Tower with Radar,45,106,46,17,214,0,2,7,0,9,45,108,53,17,223,10,0,10,233
04/15/2011,DSM,IA,ACE,CE,Combined TRACON& Tower with Radar,36,93,26,4,159,0,1,0,0,1,36,94,26,4,160,0,0,0,160
04/16/2011,DSM,IA,ACE,CE,Combined TRACON& Tower with Radar,28,64,13,13,118,0,2,8,0,10,28,66,21,13,128,0,14,14,142
04/17/2011,DSM,IA,ACE,CE,Combined TRACON& Tower with Radar,36,73,32,6,147,0,4,28,6,38,36,77,60,12,185,52,12,64,249
04/18/2011,DSM,IA,ACE,CE,Combined TRACON& Tower with Radar,32,88,88,0,208,0,1,9,0,10,32,89,97,0,218,2,0,2,220
04/19/2011,DSM,IA,ACE,CE,Combined TRACON& Tower with Radar,43,93,66,12,214,1,2,2,0,5,44,95,68,12,219,0,0,0,219
04/20/2011,DSM,IA,ACE,CE,Combined TRACON& Tower with Radar,43,87,62,16,208,0,4,37,5,46,43,91,99,21,254,8,2,10,264
04/21/2011,DSM,IA,ACE,CE,Combined TRACON& Tower with Radar,50,97,64,8,219,0,3,18,3,24,50,100,82,11,243,10,4,14,257
04/22/2011,DSM,IA,ACE,CE,Combined TRACON& Tower with Radar,37,81,39,6,163,0,0,0,0,0,37,81,39,6,163,0,0,0,163
04/23/2011,DSM,IA,ACE,CE,Combined TRACON& Tower with Radar,33,62,19,1,115,0,0,25,2,27,33,62,44,3,142,44,0,44,186
04/24/2011,DSM,IA,ACE,CE,Combined TRACON& Tower with Radar,38,62,25,1,126,0,1,24,2,27,38,63,49,3,153,83,0,83,236
04/25/2011,DSM,IA,ACE,CE,Combined TRACON& Tower with Radar,29,78,70,0,177,0,2,17,0,19,29,80,87,0,196,28,0,28,224
04/26/2011,DSM,IA,ACE,CE,Combined TRACON& Tower with Radar,41,100,54,14,209,2,2,24,0,28,43,102,78,14,237,24,0,24,261
04/27/2011,DSM,IA,ACE,CE,Combined TRACON& Tower with Radar,44,96,70,18,228,0,1,25,1,27,44,97,95,19,255,4,8,12,267
04/28/2011,DSM,IA,ACE,CE,Combined TRACON& Tower with Radar,49,85,76,12,222,0,1,32,1,34,49,86,108,13,256,24,0,24,280
04/29/2011,DSM,IA,ACE,CE,Combined TRACON& Tower with Radar,39,92,42,2,175,0,1,32,3,36,39,93,74,5,211,10,0,10,221
04/30/2011,DSM,IA,ACE,CE,Combined TRACON& Tower with Radar,27,62,17,2,108,0,3,46,2,51,27,65,63,4,159,30,0,30,189
05/01/2011,DSM,IA,ACE,CE,Combined TRACON& Tower with Radar,38,71,43,1,153,0,1,21,0,22,38,72,64,1,175,2,0,2,177
05/02/2011,DSM,IA,ACE,CE,Combined TRACON& Tower with Radar,32,92,48,1,173,0,2,37,0,39,32,94,85,1,212,8,0,8,220
05/03/2011,DSM,IA,ACE,CE,Combined TRACON& Tower with Radar,43,94,64,9,210,0,1,60,1,62,43,95,124,10,272,10,6,16,288
05/04/2011,DSM,IA,ACE,CE,Combined TRACON& Tower with Radar,46,101,68,13,228,0,1,28,1,30,46,102,96,14,258,6,2,8,266
05/05/2011,DSM,IA,ACE,CE,Combined TRACON& Tower with Radar,50,96,78,12,236,0,2,14,0,16,50,98,92,12,252,0,0,0,252
05/06/2011,DSM,IA,ACE,CE,Combined TRACON& Tower with Radar,39,91,48,8,186,0,0,44,2,46,39,91,92,10,232,0,8,8,240
05/07/2011,DSM,IA,ACE,CE,Combined TRACON& Tower with Radar,29,62,18,0,109,0,2,42,0,44,29,64,60,0,153,66,0,66,219
05/08/2011,DSM,IA,ACE,CE,Combined TRACON& Tower with Radar,34,71,25,0,130,0,1,10,0,11,34,72,35,0,141,44,0,44,185
05/09/2011,DSM,IA,ACE,CE,Combined TRACON& Tower with Radar,32,87,60,0,179,0,2,35,0,37,32,89,95,0,216,30,0,30,246
05/10/2011,DSM,IA,ACE,CE,Combined TRACON& Tower with Radar,47,93,49,7,196,0,2,25,1,28,47,95,74,8,224,6,6,12,236
05/11/2011,DSM,IA,ACE,CE,Combined TRACON& Tower with Radar,46,94,40,2,182,0,2,20,0,22,46,96,60,2,204,6,0,6,210
05/12/2011,DSM,IA,ACE,CE,Combined TRACON& Tower with Radar,50,104,64,12,230,0,1,18,0,19,50,105,82,12,249,4,2,6,255
05/13/2011,DSM,IA,ACE,CE,Combined TRACON& Tower with Radar,37,89,54,6,186,1,5,6,0,12,38,94,60,6,198,6,0,6,204
05/14/2011,DSM,IA,ACE,CE,Combined TRACON& Tower with Radar,28,54,25,19,126,0,1,2,0,3,28,55,27,19,129,6,0,6,135
05/15/2011,DSM,IA,ACE,CE,Combined TRACON& Tower with Radar,39,68,32,2,141,0,1,14,0,15,39,69,46,2,156,42,0,42,198
05/16/2011,DSM,IA,ACE,CE,Combined TRACON& Tower with Radar,32,94,51,1,178,2,7,65,0,74,34,101,116,1,252,70,0,70,322
05/17/2011,DSM,IA,ACE,CE,Combined TRACON& Tower with Radar,47,105,73,22,247,0,1,38,3,42,47,106,111,25,289,84,8,92,381
05/18/2011,DSM,IA,ACE,CE,Combined TRACON& Tower with Radar,44,97,73,11,225,0,2,42,3,47,44,99,115,14,272,34,16,50,322
05/19/2011,DSM,IA,ACE,CE,Combined TRACON& Tower with Radar,55,104,77,17,253,0,1,18,1,20,55,105,95,18,273,4,0,4,277
05/20/2011,DSM,IA,ACE,CE,Combined TRACON& Tower with Radar,47,88,31,4,170,0,1,6,0,7,47,89,37,4,177,0,0,0,177
05/21/2011,DSM,IA,ACE,CE,Combined TRACON& Tower with Radar,34,54,20,10,118,0,4,27,2,33,34,58,47,12,151,10,16,26,177
05/22/2011,DSM,IA,ACE,CE,Combined TRACON& Tower with Radar,43,57,17,3,120,0,1,13,1,15,43,58,30,4,135,0,0,0,135
05/23/2011,DSM,IA,ACE,CE,Combined TRACON& Tower with Radar,36,88,73,2,199,6,1,33,4,44,42,89,106,6,243,6,0,6,249
05/24/2011,DSM,IA,ACE,CE,Combined TRACON& Tower with Radar,47,95,48,17,207,0,1,40,0,41,47,96,88,17,248,6,0,6,254
05/25/2011,DSM,IA,ACE,CE,Combined TRACON& Tower with Radar,46,92,74,2,214,0,0,4,0,4,46,92,78,2,218,2,0,2,220
05/26/2011,DSM,IA,ACE,CE,Combined TRACON& Tower with Radar,51,91,93,18,253,0,4,34,6,44,51,95,127,24,297,10,14,24,321
05/27/2011,DSM,IA,ACE,CE,Combined TRACON& Tower with Radar,41,87,48,8,184,0,6,14,0,20,41,93,62,8,204,28,0,28,232
05/28/2011,DSM,IA,ACE,CE,Combined TRACON& Tower with Radar,27,63,9,0,99,0,7,20,1,28,27,70,29,1,127,62,0,62,189
05/29/2011,DSM,IA,ACE,CE,Combined TRACON& Tower with Radar,41,47,17,0,105,0,2,33,12,47,41,49,50,12,152,26,0,26,178
05/30/2011,DSM,IA,ACE,CE,Combined TRACON& Tower with Radar,32,75,31,2,140,0,7,8,4,19,32,82,39,6,159,2,10,12,171
05/31/2011,DSM,IA,ACE,CE,Combined TRACON& Tower with Radar,32,92,50,0,174,2,0,28,0,30,34,92,78,0,204,12,0,12,216
06/01/2011,DSM,IA,ACE,CE,Combined TRACON& Tower with Radar,51,102,61,15,229,0,4,53,0,57,51,106,114,15,286,56,22,78,364
06/02/2011,DSM,IA,ACE,CE,Combined TRACON& Tower with Radar,48,105,54,15,222,0,1,12,0,13,48,106,66,15,235,6,18,24,259
06/03/2011,DSM,IA,ACE,CE,Combined TRACON& Tower with Radar,40,89,48,5,182,0,3,31,0,34,40,92,79,5,216,0,0,0,216
06/04/2011,DSM,IA,ACE,CE,Combined TRACON& Tower with Radar,33,58,16,0,107,0,1,53,0,54,33,59,69,0,161,62,0,62,223
06/05/2011,DSM,IA,ACE,CE,Combined TRACON& Tower with Radar,40,83,39,0,162,0,2,24,0,26,40,85,63,0,188,25,0,25,213
06/06/2011,DSM,IA,ACE,CE,Combined TRACON& Tower with Radar,40,87,47,0,174,2,3,41,2,48,42,90,88,2,222,12,0,12,234
06/07/2011,DSM,IA,ACE,CE,Combined TRACON& Tower with Radar,46,104,39,14,203,0,2,27,3,32,46,106,66,17,235,4,14,18,253
06/08/2011,DSM,IA,ACE,CE,Combined TRACON& Tower with Radar,50,104,70,14,238,0,0,36,1,37,50,104,106,15,275,40,6,46,321
06/09/2011,DSM,IA,ACE,CE,Combined TRACON& Tower with Radar,52,75,79,0,206,1,1,13,0,15,53,76,92,0,221,10,0,10,231
06/10/2011,DSM,IA,ACE,CE,Combined TRACON& Tower with Radar,40,101,62,0,203,0,2,2,0,4,40,103,64,0,207,0,0,0,207
06/11/2011,DSM,IA,ACE,CE,Combined TRACON& Tower with Radar,40,67,36,5,148,0,6,62,1,69,40,73,98,6,217,80,0,80,297
06/12/2011,DSM,IA,ACE,CE,Combined TRACON& Tower with Radar,44,76,37,3,160,0,6,21,1,28,44,82,58,4,188,64,0,64,252
06/13/2011,DSM,IA,ACE,CE,Combined TRACON& Tower with Radar,39,96,61,0,196,0,4,19,0,23,39,100,80,0,219,0,0,0,219
06/14/2011,DSM,IA,ACE,CE,Combined TRACON& Tower with Radar,49,111,70,4,234,0,1,27,0,28,49,112,97,4,262,16,6,22,284
06/15/2011,DSM,IA,ACE,CE,Combined TRACON& Tower with Radar,51,92,63,1,207,0,0,19,1,20,51,92,82,2,227,4,0,4,231
06/16/2011,DSM,IA,ACE,CE,Combined TRACON& Tower with Radar,57,97,55,1,210,0,4,47,5,56,57,101,102,6,266,6,2,8,274
06/17/2011,DSM,IA,ACE,CE,Combined TRACON& Tower with Radar,42,96,63,0,201,0,6,44,0,50,42,102,107,0,251,32,0,32,283
06/18/2011,DSM,IA,ACE,CE,Combined TRACON& Tower with Radar,28,63,35,0,126,0,3,18,0,21,28,66,53,0,147,28,0,28,175
06/19/2011,DSM,IA,ACE,CE,Combined TRACON& Tower with Radar,43,77,35,0,155,0,6,36,1,43,43,83,71,1,198,66,0,66,264
06/20/2011,DSM,IA,ACE,CE,Combined TRACON& Tower with Radar,37,86,52,0,175,0,0,20,0,20,37,86,72,0,195,14,0,14,209
06/21/2011,DSM,IA,ACE,CE,Combined TRACON& Tower with Radar,49,96,60,0,205,0,0,23,0,23,49,96,83,0,228,8,0,8,236
06/22/2011,DSM,IA,ACE,CE,Combined TRACON& Tower with Radar,52,82,75,2,211,0,1,1,0,2,52,83,76,2,213,0,4,4,217
06/23/2011,DSM,IA,ACE,CE,Combined TRACON& Tower with Radar,57,100,59,1,217,0,0,30,1,31,57,100,89,2,248,30,2,32,280
06/24/2011,DSM,IA,ACE,CE,Combined TRACON& Tower with Radar,36,102,58,4,200,0,4,71,2,77,36,106,129,6,277,30,6,36,313
06/25/2011,DSM,IA,ACE,CE,Combined TRACON& Tower with Radar,36,65,31,4,136,0,3,15,0,18,36,68,46,4,154,4,0,4,158
06/26/2011,DSM,IA,ACE,CE,Combined TRACON& Tower with Radar,42,81,35,1,159,0,1,11,1,13,42,82,46,2,172,27,0,27,199
06/27/2011,DSM,IA,ACE,CE,Combined TRACON& Tower with Radar,40,113,64,3,220,0,2,39,0,41,40,115,103,3,261,86,0,86,347
06/28/2011,DSM,IA,ACE,CE,Combined TRACON& Tower with Radar,48,104,60,4,216,0,6,78,3,87,48,110,138,7,303,66,4,70,373
06/29/2011,DSM,IA,ACE,CE,Combined TRACON& Tower with Radar,52,99,70,11,232,3,2,50,6,61,55,101,120,17,293,24,24,48,341
06/30/2011,DSM,IA,ACE,CE,Combined TRACON& Tower with Radar,48,102,64,7,221,0,2,50,2,54,48,104,114,9,275,10,0,10,285
07/01/2011,DSM,IA,ACE,CE,Combined TRACON& Tower with Radar,44,96,41,7,188,0,5,55,3,63,44,101,96,10,251,2,2,4,255
07/02/2011,DSM,IA,ACE,CE,Combined TRACON& Tower with Radar,26,70,22,0,118,0,2,42,0,44,26,72,64,0,162,14,0,14,176
07/03/2011,DSM,IA,ACE,CE,Combined TRACON& Tower with Radar,33,65,13,0,111,0,1,19,0,20,33,66,32,0,131,4,0,4,135
07/04/2011,DSM,IA,ACE,CE,Combined TRACON& Tower with Radar,26,59,18,0,103,1,3,42,4,50,27,62,60,4,153,4,0,4,157
07/05/2011,DSM,IA,ACE,CE,Combined TRACON& Tower with Radar,32,99,34,2,167,0,3,34,0,37,32,102,68,2,204,20,0,20,224
07/06/2011,DSM,IA,ACE,CE,Combined TRACON& Tower with Radar,54,106,43,18,221,0,1,43,1,45,54,107,86,19,266,62,12,74,340
07/07/2011,DSM,IA,ACE,CE,Combined TRACON& Tower with Radar,51,101,59,14,225,0,5,19,3,27,51,106,78,17,252,8,20,28,280
07/08/2011,DSM,IA,ACE,CE,Combined TRACON& Tower with Radar,42,103,58,10,213,0,4,39,0,43,42,107,97,10,256,34,0,34,290
07/09/2011,DSM,IA,ACE,CE,Combined TRACON& Tower with Radar,32,67,15,7,121,0,1,44,0,45,32,68,59,7,166,60,0,60,226
07/10/2011,DSM,IA,ACE,CE,Combined TRACON& Tower with Radar,43,74,33,0,150,0,1,12,0,13,43,75,45,0,163,44,0,44,207
07/11/2011,DSM,IA,ACE,CE,Combined TRACON& Tower with Radar,38,89,72,0,199,0,4,28,0,32,38,93,100,0,231,2,0,2,233
07/12/2011,DSM,IA,ACE,CE,Combined TRACON& Tower with Radar,52,104,55,17,228,0,0,28,0,28,52,104,83,17,256,8,20,28,284
07/13/2011,DSM,IA,ACE,CE,Combined TRACON& Tower with Radar,56,103,75,14,248,2,4,38,0,44,58,107,113,14,292,30,12,42,334
07/14/2011,DSM,IA,ACE,CE,Combined TRACON& Tower with Radar,50,113,56,19,238,0,11,32,1,44,50,124,88,20,282,18,12,30,312
07/15/2011,DSM,IA,ACE,CE,Combined TRACON& Tower with Radar,45,100,68,10,223,0,1,31,0,32,45,101,99,10,255,4,8,12,267
07/16/2011,DSM,IA,ACE,CE,Combined TRACON& Tower with Radar,30,68,18,0,116,0,5,16,1,22,30,73,34,1,138,28,0,28,166
07/17/2011,DSM,IA,ACE,CE,Combined TRACON& Tower with Radar,42,75,25,1,143,0,2,39,3,44,42,77,64,4,187,34,0,34,221
07/18/2011,DSM,IA,ACE,CE,Combined TRACON& Tower with Radar,35,98,63,1,197,0,1,65,0,66,35,99,128,1,263,16,0,16,279
07/19/2011,DSM,IA,ACE,CE,Combined TRACON& Tower with Radar,49,103,46,14,212,0,2,39,0,41,49,105,85,14,253,16,14,30,283
07/20/2011,DSM,IA,ACE,CE,Combined TRACON& Tower with Radar,52,119,73,12,256,0,3,31,1,35,52,122,104,13,291,41,18,59,350
07/21/2011,DSM,IA,ACE,CE,Combined TRACON& Tower with Radar,51,107,72,8,238,0,0,13,0,13,51,107,85,8,251,8,4,12,263
07/22/2011,DSM,IA,ACE,CE,Combined TRACON& Tower with Radar,44,97,59,12,212,0,2,16,3,21,44,99,75,15,233,6,2,8,241
07/23/2011,DSM,IA,ACE,CE,Combined TRACON& Tower with Radar,32,72,25,2,131,0,0,10,2,12,32,72,35,4,143,8,0,8,151
07/24/2011,DSM,IA,ACE,CE,Combined TRACON& Tower with Radar,40,76,29,0,145,0,2,22,0,24,40,78,51,0,169,16,2,18,187
07/25/2011,DSM,IA,ACE,CE,Combined TRACON& Tower with Radar,36,97,62,0,195,0,9,39,0,48,36,106,101,0,243,8,0,8,251
07/26/2011,DSM,IA,ACE,CE,Combined TRACON& Tower with Radar,48,99,54,14,215,0,6,31,0,37,48,105,85,14,252,18,24,42,294
07/27/2011,DSM,IA,ACE,CE,Combined TRACON& Tower with Radar,55,95,45,17,212,0,3,25,2,30,55,98,70,19,242,6,28,34,276
07/28/2011,DSM,IA,ACE,CE,Combined TRACON& Tower with Radar,55,101,62,18,236,0,2,35,1,38,55,103,97,19,274,2,8,10,284
07/29/2011,DSM,IA,ACE,CE,Combined TRACON& Tower with Radar,40,101,54,10,205,0,2,22,0,24,40,103,76,10,229,24,0,24,253
07/30/2011,DSM,IA,ACE,CE,Combined TRACON& Tower with Radar,31,70,17,0,118,1,4,37,0,42,32,74,54,0,160,8,0,8,168
07/31/2011,DSM,IA,ACE,CE,Combined TRACON& Tower with Radar,43,79,46,0,168,0,5,50,1,56,43,84,96,1,224,0,0,0,224
08/01/2011,DSM,IA,ACE,CE,Combined TRACON& Tower with Radar,33,94,52,0,179,0,4,21,0,25,33,98,73,0,204,2,0,2,206
08/02/2011,DSM,IA,ACE,CE,Combined TRACON& Tower with Radar,50,107,67,12,236,0,2,28,2,32,50,109,95,14,268,8,24,32,300
08/03/2011,DSM,IA,ACE,CE,Combined TRACON& Tower with Radar,53,100,52,10,215,0,3,48,5,56,53,103,100,15,271,14,40,54,325
08/04/2011,DSM,IA,ACE,CE,Combined TRACON& Tower with Radar,53,100,73,11,237,0,3,26,2,31,53,103,99,13,268,6,26,32,300
08/05/2011,DSM,IA,ACE,CE,Combined TRACON& Tower with Radar,45,123,73,8,249,0,2,8,2,12,45,125,81,10,261,24,2,26,287
08/06/2011,DSM,IA,ACE,CE,Combined TRACON& Tower with Radar,30,78,26,18,152,0,2,28,1,31,30,80,54,19,183,50,6,56,239
08/07/2011,DSM,IA,ACE,CE,Combined TRACON& Tower with Radar,42,74,31,2,149,0,1,44,3,48,42,75,75,5,197,58,0,58,255
08/08/2011,DSM,IA,ACE,CE,Combined TRACON& Tower with Radar,39,91,56,0,186,0,2,21,0,23,39,93,77,0,209,0,0,0,209
08/09/2011,DSM,IA,ACE,CE,Combined TRACON& Tower with Radar,49,104,51,11,215,0,1,36,1,38,49,105,87,12,253,14,4,18,271
08/10/2011,DSM,IA,ACE,CE,Combined TRACON& Tower with Radar,54,115,55,12,236,0,4,26,2,32,54,119,81,14,268,0,28,28,296
08/11/2011,DSM,IA,ACE,CE,Combined TRACON& Tower with Radar,52,109,56,14,231,0,3,43,0,46,52,112,99,14,277,0,0,0,277
08/12/2011,DSM,IA,ACE,CE,Combined TRACON& Tower with Radar,42,94,47,6,189,0,0,23,4,27,42,94,70,10,216,46,12,58,274
08/13/2011,DSM,IA,ACE,CE,Combined TRACON& Tower with Radar,29,69,25,2,125,0,3,49,4,56,29,72,74,6,181,0,0,0,181
08/14/2011,DSM,IA,ACE,CE,Combined TRACON& Tower with Radar,40,71,37,0,148,0,3,55,0,58,40,74,92,0,206,42,0,42,248
08/15/2011,DSM,IA,ACE,CE,Combined TRACON& Tower with Radar,41,91,71,0,203,0,4,40,1,45,41,95,111,1,248,1,0,1,249
08/16/2011,DSM,IA,ACE,CE,Combined TRACON& Tower with Radar,45,110,56,10,221,0,4,15,0,19,45,114,71,10,240,4,6,10,250
08/17/2011,DSM,IA,ACE,CE,Combined TRACON& Tower with Radar,53,98,71,16,238,1,4,32,0,37,54,102,103,16,275,32,24,56,331
08/18/2011,DSM,IA,ACE,CE,Combined TRACON& Tower with Radar,54,99,78,11,242,0,2,20,2,24,54,101,98,13,266,2,8,10,276
08/19/2011,DSM,IA,ACE,CE,Combined TRACON& Tower with Radar,41,103,45,5,194,1,1,36,1,39,42,104,81,6,233,8,10,18,251
08/20/2011,DSM,IA,ACE,CE,Combined TRACON& Tower with Radar,31,61,15,10,117,0,8,29,5,42,31,69,44,15,159,6,4,10,169
08/21/2011,DSM,IA,ACE,CE,Combined TRACON& Tower with Radar,44,62,28,4,138,0,7,50,0,57,44,69,78,4,195,14,8,22,217
08/22/2011,DSM,IA,ACE,CE,Combined TRACON& Tower with Radar,36,87,57,1,181,0,3,22,0,25,36,90,79,1,206,8,0,8,214
08/23/2011,DSM,IA,ACE,CE,Combined TRACON& Tower with Radar,46,94,63,14,217,0,1,33,0,34,46,95,96,14,251,1,8,9,260
08/24/2011,DSM,IA,ACE,CE,Combined TRACON& Tower with Radar,52,96,66,13,227,0,2,35,4,41,52,98,101,17,268,6,12,18,286
08/25/2011,DSM,IA,ACE,CE,Combined TRACON& Tower with Radar,50,95,60,14,219,0,1,38,2,41,50,96,98,16,260,6,32,38,298
08/26/2011,DSM,IA,ACE,CE,Combined TRACON& Tower with Radar,40,96,57,0,193,0,2,24,0,26,40,98,81,0,219,28,0,28,247
08/27/2011,DSM,IA,ACE,CE,Combined TRACON& Tower with Radar,32,65,18,0,115,0,1,48,0,49,32,66,66,0,164,44,0,44,208
08/28/2011,DSM,IA,ACE,CE,Combined TRACON& Tower with Radar,44,64,25,0,133,0,4,27,0,31,44,68,52,0,164,2,0,2,166
08/29/2011,DSM,IA,ACE,CE,Combined TRACON& Tower with Radar,36,88,63,2,189,3,1,32,0,36,39,89,95,2,225,30,0,30,255
08/30/2011,DSM,IA,ACE,CE,Combined TRACON& Tower with Radar,47,90,43,9,189,0,1,5,0,6,47,91,48,9,195,7,0,7,202
08/31/2011,DSM,IA,ACE,CE,Combined TRACON& Tower with Radar,53,101,54,12,220,0,2,39,2,43,53,103,93,14,263,4,4,8,271
09/01/2011,DSM,IA,ACE,CE,Combined TRACON& Tower with Radar,50,99,63,13,225,0,2,19,5,26,50,101,82,18,251,0,20,20,271
09/02/2011,DSM,IA,ACE,CE,Combined TRACON& Tower with Radar,43,95,53,0,191,0,2,17,0,19,43,97,70,0,210,4,0,4,214
09/03/2011,DSM,IA,ACE,CE,Combined TRACON& Tower with Radar,36,45,16,0,97,0,2,5,0,7,36,47,21,0,104,2,0,2,106
09/04/2011,DSM,IA,ACE,CE,Combined TRACON& Tower with Radar,29,47,22,0,98,0,2,23,3,28,29,49,45,3,126,0,0,0,126
09/05/2011,DSM,IA,ACE,CE,Combined TRACON& Tower with Radar,33,73,30,0,136,0,2,47,2,51,33,75,77,2,187,21,0,21,208
09/06/2011,DSM,IA,ACE,CE,Combined TRACON& Tower with Radar,41,82,61,14,198,0,1,37,0,38,41,83,98,14,236,4,8,12,248
09/07/2011,DSM,IA,ACE,CE,Combined TRACON& Tower with Radar,56,86,63,20,225,0,6,56,5,67,56,92,119,25,292,22,28,50,342
09/08/2011,DSM,IA,ACE,CE,Combined TRACON& Tower with Radar,55,91,74,13,233,0,8,49,4,61,55,99,123,17,294,0,0,0,294
09/09/2011,DSM,IA,ACE,CE,Combined TRACON& Tower with Radar,49,89,57,10,205,0,7,39,0,46,49,96,96,10,251,6,0,6,257
09/10/2011,DSM,IA,ACE,CE,Combined TRACON& Tower with Radar,38,46,17,1,102,0,7,54,3,64,38,53,71,4,166,0,0,0,166
09/11/2011,DSM,IA,ACE,CE,Combined TRACON& Tower with Radar,46,57,28,0,131,0,1,33,3,37,46,58,61,3,168,14,0,14,182
09/12/2011,DSM,IA,ACE,CE,Combined TRACON& Tower with Radar,40,80,66,0,186,0,0,22,0,22,40,80,88,0,208,6,0,6,214
09/13/2011,DSM,IA,ACE,CE,Combined TRACON& Tower with Radar,51,87,63,17,218,0,5,33,3,41,51,92,96,20,259,2,26,28,287
09/14/2011,DSM,IA,ACE,CE,Combined TRACON& Tower with Radar,57,86,53,26,222,0,1,19,3,23,57,87,72,29,245,0,52,52,297
09/15/2011,DSM,IA,ACE,CE,Combined TRACON& Tower with Radar,56,86,74,18,234,0,2,31,2,35,56,88,105,20,269,6,18,24,293
09/16/2011,DSM,IA,ACE,CE,Combined TRACON& Tower with Radar,48,85,55,11,199,0,2,32,0,34,48,87,87,11,233,0,2,2,235
09/17/2011,DSM,IA,ACE,CE,Combined TRACON& Tower with Radar,40,50,25,8,123,0,1,29,1,31,40,51,54,9,154,30,6,36,190
09/18/2011,DSM,IA,ACE,CE,Combined TRACON& Tower with Radar,48,56,20,11,135,0,0,3,0,3,48,56,23,11,138,0,0,0,138
09/19/2011,DSM,IA,ACE,CE,Combined TRACON& Tower with Radar,41,85,52,1,179,0,2,13,1,16,41,87,65,2,195,2,0,2,197
09/20/2011,DSM,IA,ACE,CE,Combined TRACON& Tower with Radar,54,83,42,16,195,0,6,21,0,27,54,89,63,16,222,12,10,22,244
09/21/2011,DSM,IA,ACE,CE,Combined TRACON& Tower with Radar,54,92,64,20,230,0,1,17,3,21,54,93,81,23,251,2,0,2,253
09/22/2011,DSM,IA,ACE,CE,Combined TRACON& Tower with Radar,55,103,63,14,235,0,2,45,1,48,55,105,108,15,283,6,24,30,313
09/23/2011,DSM,IA,ACE,CE,Combined TRACON& Tower with Radar,47,87,50,9,193,0,3,36,2,41,47,90,86,11,234,38,4,42,276
09/24/2011,DSM,IA,ACE,CE,Combined TRACON& Tower with Radar,39,48,9,2,98,0,1,41,10,52,39,49,50,12,150,42,8,50,200
09/25/2011,DSM,IA,ACE,CE,Combined TRACON& Tower with Radar,45,73,30,0,148,0,3,21,0,24,45,76,51,0,172,83,0,83,255
09/26/2011,DSM,IA,ACE,CE,Combined TRACON& Tower with Radar,43,82,36,2,163,0,0,1,1,2,43,82,37,3,165,0,0,0,165
09/27/2011,DSM,IA,ACE,CE,Combined TRACON& Tower with Radar,53,82,46,18,199,2,0,31,6,39,55,82,77,24,238,2,4,6,244
09/28/2011,DSM,IA,ACE,CE,Combined TRACON& Tower with Radar,57,93,92,0,242,0,5,47,0,52,57,98,139,0,294,16,0,16,310
09/29/2011,DSM,IA,ACE,CE,Combined TRACON& Tower with Radar,54,90,56,0,200,1,1,8,0,10,55,91,64,0,210,2,0,2,212
09/30/2011,DSM,IA,ACE,CE,Combined TRACON& Tower with Radar,50,91,55,1,197,2,8,48,1,59,52,99,103,2,256,48,0,48,304
10/01/2011,DSM,IA,ACE,CE,Combined TRACON& Tower with Radar,38,52,10,10,110,0,8,35,4,47,38,60,45,14,157,40,16,56,213
10/02/2011,DSM,IA,ACE,CE,Combined TRACON& Tower with Radar,51,71,34,1,157,0,2,49,1,52,51,73,83,2,209,30,0,30,239
10/03/2011,DSM,IA,ACE,CE,Combined TRACON& Tower with Radar,40,83,60,0,183,1,7,30,0,38,41,90,90,0,221,17,0,17,238
10/04/2011,DSM,IA,ACE,CE,Combined TRACON& Tower with Radar,51,76,52,13,192,0,0,32,0,32,51,76,84,13,224,50,12,62,286
10/05/2011,DSM,IA,ACE,CE,Combined TRACON& Tower with Radar,51,91,60,4,206,0,2,41,1,44,51,93,101,5,250,22,0,22,272
10/06/2011,DSM,IA,ACE,CE,Combined TRACON& Tower with Radar,54,91,71,10,226,0,4,20,0,24,54,95,91,10,250,0,14,14,264
10/07/2011,DSM,IA,ACE,CE,Combined TRACON& Tower with Radar,51,97,45,0,193,0,7,6,0,13,51,104,51,0,206,4,0,4,210
10/08/2011,DSM,IA,ACE,CE,Combined TRACON& Tower with Radar,38,46,22,0,106,0,3,25,0,28,38,49,47,0,134,4,0,4,138
10/09/2011,DSM,IA,ACE,CE,Combined TRACON& Tower with Radar,52,63,32,0,147,0,2,39,0,41,52,65,71,0,188,10,0,10,198
10/10/2011,DSM,IA,ACE,CE,Combined TRACON& Tower with Radar,38,79,50,0,167,0,3,15,0,18,38,82,65,0,185,14,0,14,199
10/11/2011,DSM,IA,ACE,CE,Combined TRACON& Tower with Radar,55,74,56,6,191,0,0,23,0,23,55,74,79,6,214,10,0,10,224
10/12/2011,DSM,IA,ACE,CE,Combined TRACON& Tower with Radar,51,93,64,9,217,0,1,5,0,6,51,94,69,9,223,10,0,10,233
10/13/2011,DSM,IA,ACE,CE,Combined TRACON& Tower with Radar,54,92,61,9,216,0,2,23,5,30,54,94,84,14,246,6,4,10,256
10/14/2011,DSM,IA,ACE,CE,Combined TRACON& Tower with Radar,49,94,46,6,195,0,0,21,0,21,49,94,67,6,216,14,0,14,230
10/15/2011,DSM,IA,ACE,CE,Combined TRACON& Tower with Radar,38,49,18,4,109,0,4,61,0,65,38,53,79,4,174,16,0,16,190
10/16/2011,DSM,IA,ACE,CE,Combined TRACON& Tower with Radar,47,57,17,0,121,0,2,25,2,29,47,59,42,2,150,2,0,2,152
10/17/2011,DSM,IA,ACE,CE,Combined TRACON& Tower with Radar,39,84,78,0,201,1,2,35,0,38,40,86,113,0,239,44,0,44,283
10/18/2011,DSM,IA,ACE,CE,Combined TRACON& Tower with Radar,53,84,59,14,210,3,1,19,0,23,56,85,78,14,233,6,0,6,239
10/19/2011,DSM,IA,ACE,CE,Combined TRACON& Tower with Radar,51,89,62,11,213,0,7,21,0,28,51,96,83,11,241,2,0,2,243
10/20/2011,DSM,IA,ACE,CE,Combined TRACON& Tower with Radar,56,89,57,8,210,0,2,37,0,39,56,91,94,8,249,0,4,4,253
10/21/2011,DSM,IA,ACE,CE,Combined TRACON& Tower with Radar,48,95,57,11,211,0,6,37,2,45,48,101,94,13,256,42,8,50,306
10/22/2011,DSM,IA,ACE,CE,Combined TRACON& Tower with Radar,39,53,21,4,117,0,3,36,4,43,39,56,57,8,160,52,2,54,214
10/23/2011,DSM,IA,ACE,CE,Combined TRACON& Tower with Radar,47,66,21,4,138,0,5,33,3,41,47,71,54,7,179,48,0,48,227
10/24/2011,DSM,IA,ACE,CE,Combined TRACON& Tower with Radar,39,79,64,0,182,1,3,35,2,41,40,82,99,2,223,2,0,2,225
10/25/2011,DSM,IA,ACE,CE,Combined TRACON& Tower with Radar,58,76,57,6,197,0,0,34,0,34,58,76,91,6,231,34,12,46,277
10/26/2011,DSM,IA,ACE,CE,Combined TRACON& Tower with Radar,52,86,67,9,214,0,1,35,2,38,52,87,102,11,252,12,8,20,272
10/27/2011,DSM,IA,ACE,CE,Combined TRACON& Tower with Radar,54,97,68,4,223,0,1,41,0,42,54,98,109,4,265,42,0,42,307
10/28/2011,DSM,IA,ACE,CE,Combined TRACON& Tower with Radar,50,93,53,5,201,0,3,33,3,39,50,96,86,8,240,8,6,14,254
10/29/2011,DSM,IA,ACE,CE,Combined TRACON& Tower with Radar,39,46,21,0,106,0,3,36,0,39,39,49,57,0,145,30,0,30,175
10/30/2011,DSM,IA,ACE,CE,Combined TRACON& Tower with Radar,48,55,23,4,130,0,1,18,0,19,48,56,41,4,149,8,0,8,157
10/31/2011,DSM,IA,ACE,CE,Combined TRACON& Tower with Radar,37,86,48,4,175,0,1,31,2,34,37,87,79,6,209,10,0,10,219
11/01/2011,DSM,IA,ACE,CE,Combined TRACON& Tower with Radar,51,85,74,0,210,0,2,28,0,30,51,87,102,0,240,60,0,60,300
11/02/2011,DSM,IA,ACE,CE,Combined TRACON& Tower with Radar,55,87,44,10,196,0,1,2,0,3,55,88,46,10,199,2,0,2,201
11/03/2011,DSM,IA,ACE,CE,Combined TRACON& Tower with Radar,54,96,57,10,217,1,7,33,0,41,55,103,90,10,258,18,0,18,276
11/04/2011,DSM,IA,ACE,CE,Combined TRACON& Tower with Radar,48,81,53,8,190,0,4,37,0,41,48,85,90,8,231,16,8,24,255
11/05/2011,DSM,IA,ACE,CE,Combined TRACON& Tower with Radar,37,46,23,19,125,0,4,11,0,15,37,50,34,19,140,8,24,32,172
11/06/2011,DSM,IA,ACE,CE,Combined TRACON& Tower with Radar,37,70,17,1,125,0,1,19,0,20,37,71,36,1,145,16,0,16,161
11/07/2011,DSM,IA,ACE,CE,Combined TRACON& Tower with Radar,36,82,52,0,170,2,0,23,0,25,38,82,75,0,195,2,0,2,197
11/08/2011,DSM,IA,ACE,CE,Combined TRACON& Tower with Radar,46,81,61,20,208,0,0,2,0,2,46,81,63,20,210,0,2,2,212
11/09/2011,DSM,IA,ACE,CE,Combined TRACON& Tower with Radar,51,89,57,17,214,0,0,8,2,10,51,89,65,19,224,2,4,6,230
11/10/2011,DSM,IA,ACE,CE,Combined TRACON& Tower with Radar,50,84,63,17,214,0,1,44,0,45,50,85,107,17,259,72,12,84,343
11/11/2011,DSM,IA,ACE,CE,Combined TRACON& Tower with Radar,43,80,44,2,169,0,1,22,3,26,43,81,66,5,195,0,0,0,195
11/12/2011,DSM,IA,ACE,CE,Combined TRACON& Tower with Radar,31,47,32,0,110,0,4,62,0,66,31,51,94,0,176,24,0,24,200
11/13/2011,DSM,IA,ACE,CE,Combined TRACON& Tower with Radar,40,64,37,0,141,0,2,16,0,18,40,66,53,0,159,44,0,44,203
11/14/2011,DSM,IA,ACE,CE,Combined TRACON& Tower with Radar,38,85,51,0,174,0,1,23,0,24,38,86,74,0,198,4,0,4,202
11/15/2011,DSM,IA,ACE,CE,Combined TRACON& Tower with Radar,46,94,64,29,233,0,7,29,3,39,46,101,93,32,272,34,14,48,320
11/16/2011,DSM,IA,ACE,CE,Combined TRACON& Tower with Radar,52,88,66,21,227,0,5,44,2,51,52,93,110,23,278,58,24,82,360
11/17/2011,DSM,IA,ACE,CE,Combined TRACON& Tower with Radar,54,90,74,21,239,0,4,22,3,29,54,94,96,24,268,4,30,34,302
11/18/2011,DSM,IA,ACE,CE,Combined TRACON& Tower with Radar,45,88,71,9,213,0,4,14,2,20,45,92,85,11,233,6,4,10,243
11/19/2011,DSM,IA,ACE,CE,Combined TRACON& Tower with Radar,35,53,36,0,124,0,2,30,0,32,35,55,66,0,156,38,0,38,194
11/20/2011,DSM,IA,ACE,CE,Combined TRACON& Tower with Radar,40,61,28,0,129,0,5,30,0,35,40,66,58,0,164,39,0,39,203
11/21/2011,DSM,IA,ACE,CE,Combined TRACON& Tower with Radar,34,63,59,15,171,0,4,14,0,18,34,67,73,15,189,0,0,0,189
11/22/2011,DSM,IA,ACE,CE,Combined TRACON& Tower with Radar,55,77,67,14,213,0,0,2,0,2,55,77,69,14,215,6,0,6,221
11/23/2011,DSM,IA,ACE,CE,Combined TRACON& Tower with Radar,59,93,32,0,184,0,3,15,0,18,59,96,47,0,202,18,0,18,220
11/24/2011,DSM,IA,ACE,CE,Combined TRACON& Tower with Radar,25,38,6,0,69,0,2,6,0,8,25,40,12,0,77,0,0,0,77
11/25/2011,DSM,IA,ACE,CE,Combined TRACON& Tower with Radar,36,47,24,0,107,0,0,2,0,2,36,47,26,0,109,0,0,0,109
11/26/2011,DSM,IA,ACE,CE,Combined TRACON& Tower with Radar,40,63,11,0,114,0,2,0,0,2,40,65,11,0,116,0,0,0,116
11/27/2011,DSM,IA,ACE,CE,Combined TRACON& Tower with Radar,42,71,35,0,148,0,6,10,0,16,42,77,45,0,164,0,0,0,164
11/28/2011,DSM,IA,ACE,CE,Combined TRACON& Tower with Radar,39,78,61,0,178,0,4,27,0,31,39,82,88,0,209,12,0,12,221
11/29/2011,DSM,IA,ACE,CE,Combined TRACON& Tower with Radar,49,77,48,14,188,0,0,12,0,12,49,77,60,14,200,2,0,2,202
11/30/2011,DSM,IA,ACE,CE,Combined TRACON& Tower with Radar,53,78,57,18,206,0,0,42,0,42,53,78,99,18,248,44,28,72,320
12/01/2011,DSM,IA,ACE,CE,Combined TRACON& Tower with Radar,58,88,66,20,232,0,3,12,0,15,58,91,78,20,247,4,0,4,251
12/02/2011,DSM,IA,ACE,CE,Combined TRACON& Tower with Radar,47,80,69,15,211,0,3,42,1,46,47,83,111,16,257,2,8,10,267
12/03/2011,DSM,IA,ACE,CE,Combined TRACON& Tower with Radar,34,45,17,0,96,0,0,0,0,0,34,45,17,0,96,0,0,0,96
12/04/2011,DSM,IA,ACE,CE,Combined TRACON& Tower with Radar,40,62,44,0,146,0,1,30,0,31,40,63,74,0,177,54,0,54,231
12/05/2011,DSM,IA,ACE,CE,Combined TRACON& Tower with Radar,36,74,56,0,166,1,2,15,0,18,37,76,71,0,184,12,0,12,196
12/06/2011,DSM,IA,ACE,CE,Combined TRACON& Tower with Radar,50,74,53,14,191,1,4,21,0,26,51,78,74,14,217,6,0,6,223
12/07/2011,DSM,IA,ACE,CE,Combined TRACON& Tower with Radar,51,89,66,12,218,0,4,36,0,40,51,93,102,12,258,2,0,2,260
12/08/2011,DSM,IA,ACE,CE,Combined TRACON& Tower with Radar,54,82,79,15,230,0,2,29,0,31,54,84,108,15,261,0,2,2,263
12/09/2011,DSM,IA,ACE,CE,Combined TRACON& Tower with Radar,45,89,77,8,219,0,3,63,0,66,45,92,140,8,285,6,6,12,297
12/10/2011,DSM,IA,ACE,CE,Combined TRACON& Tower with Radar,30,48,23,15,116,0,4,59,1,64,30,52,82,16,180,64,16,80,260
12/11/2011,DSM,IA,ACE,CE,Combined TRACON& Tower with Radar,44,57,44,4,149,0,1,7,0,8,44,58,51,4,157,30,0,30,187
12/12/2011,DSM,IA,ACE,CE,Combined TRACON& Tower with Radar,40,74,53,0,167,0,3,29,0,32,40,77,82,0,199,18,0,18,217
12/13/2011,DSM,IA,ACE,CE,Combined TRACON& Tower with Radar,56,83,64,14,217,0,2,5,0,7,56,85,69,14,224,0,2,2,226
12/14/2011,DSM,IA,ACE,CE,Combined TRACON& Tower with Radar,57,79,57,14,207,0,2,1,0,3,57,81,58,14,210,0,0,0,210
12/15/2011,DSM,IA,ACE,CE,Combined TRACON& Tower with Radar,63,87,66,19,235,1,1,45,0,47,64,88,111,19,282,4,16,20,302
12/16/2011,DSM,IA,ACE,CE,Combined TRACON& Tower with Radar,46,85,56,6,193,0,2,62,0,64,46,87,118,6,257,2,0,2,259
12/17/2011,DSM,IA,ACE,CE,Combined TRACON& Tower with Radar,40,55,19,0,114,0,2,85,0,87,40,57,104,0,201,28,0,28,229
12/18/2011,DSM,IA,ACE,CE,Combined TRACON& Tower with Radar,49,56,23,0,128,0,2,58,0,60,49,58,81,0,188,32,0,32,220
12/19/2011,DSM,IA,ACE,CE,Combined TRACON& Tower with Radar,45,75,52,0,172,1,3,42,0,46,46,78,94,0,218,2,0,2,220
12/20/2011,DSM,IA,ACE,CE,Combined TRACON& Tower with Radar,71,86,53,19,229,1,2,6,0,9,72,88,59,19,238,2,14,16,254
12/21/2011,DSM,IA,ACE,CE,Combined TRACON& Tower with Radar,76,84,56,14,230,0,1,66,4,71,76,85,122,18,301,38,10,48,349
12/22/2011,DSM,IA,ACE,CE,Combined TRACON& Tower with Radar,81,91,39,13,224,0,2,68,0,70,81,93,107,13,294,34,12,46,340
12/23/2011,DSM,IA,ACE,CE,Combined TRACON& Tower with Radar,50,76,30,0,156,0,4,64,0,68,50,80,94,0,224,12,0,12,236
12/24/2011,DSM,IA,ACE,CE,Combined TRACON& Tower with Radar,42,40,4,0,86,0,6,34,0,40,42,46,38,0,126,0,0,0,126
12/25/2011,DSM,IA,ACE,CE,Combined TRACON& Tower with Radar,30,43,4,0,77,0,3,31,0,34,30,46,35,0,111,2,0,2,113
12/26/2011,DSM,IA,ACE,CE,Combined TRACON& Tower with Radar,43,70,19,0,132,0,0,34,0,34,43,70,53,0,166,12,0,12,178
12/27/2011,DSM,IA,ACE,CE,Combined TRACON& Tower with Radar,46,72,25,8,151,1,3,33,1,38,47,75,58,9,189,20,0,20,209
12/28/2011,DSM,IA,ACE,CE,Combined TRACON& Tower with Radar,52,76,22,14,164,0,6,40,0,46,52,82,62,14,210,52,18,70,280
12/29/2011,DSM,IA,ACE,CE,Combined TRACON& Tower with Radar,58,78,28,6,170,0,3,30,0,33,58,81,58,6,203,64,8,72,275
12/30/2011,DSM,IA,ACE,CE,Combined TRACON& Tower with Radar,45,75,27,0,147,0,4,32,0,36,45,79,59,0,183,0,0,0,183
12/31/2011,DSM,IA,ACE,CE,Combined TRACON& Tower with Radar,40,51,10,0,101,0,2,29,0,31,40,53,39,0,132,64,0,64,196
01/01/2012,DSM,IA,ACE,CE,Combined TRACON& Tower with Radar,32,49,8,0,89,0,1,3,0,4,32,50,11,0,93,0,0,0,93
01/02/2012,DSM,IA,ACE,CE,Combined TRACON& Tower with Radar,39,64,57,2,162,0,1,8,0,9,39,65,65,2,171,0,0,0,171
01/03/2012,DSM,IA,ACE,CE,Combined TRACON& Tower with Radar,45,74,34,9,162,0,2,23,1,26,45,76,57,10,188,12,0,12,200
01/04/2012,DSM,IA,ACE,CE,Combined TRACON& Tower with Radar,56,86,48,21,211,0,6,44,5,55,56,92,92,26,266,28,16,44,310
01/05/2012,DSM,IA,ACE,CE,Combined TRACON& Tower with Radar,57,76,53,20,206,0,3,40,1,44,57,79,93,21,250,20,18,38,288
01/06/2012,DSM,IA,ACE,CE,Combined TRACON& Tower with Radar,45,74,45,12,176,0,3,32,3,38,45,77,77,15,214,24,16,40,254
01/07/2012,DSM,IA,ACE,CE,Combined TRACON& Tower with Radar,39,44,12,19,114,0,4,45,1,50,39,48,57,20,164,13,0,13,177
01/08/2012,DSM,IA,ACE,CE,Combined TRACON& Tower with Radar,50,50,16,1,117,0,1,29,0,30,50,51,45,1,147,4,0,4,151
01/09/2012,DSM,IA,ACE,CE,Combined TRACON& Tower with Radar,40,67,53,0,160,0,3,10,0,13,40,70,63,0,173,20,0,20,193
01/10/2012,DSM,IA,ACE,CE,Combined TRACON& Tower with Radar,46,76,67,36,225,0,3,39,1,43,46,79,106,37,268,34,16,50,318
01/11/2012,DSM,IA,ACE,CE,Combined TRACON& Tower with Radar,48,84,58,20,210,0,0,10,1,11,48,84,68,21,221,0,24,24,245
01/12/2012,DSM,IA,ACE,CE,Combined TRACON& Tower with Radar,54,80,47,33,214,0,1,9,1,11,54,81,56,34,225,0,8,8,233
01/13/2012,DSM,IA,ACE,CE,Combined TRACON& Tower with Radar,47,82,52,1,182,0,3,23,0,26,47,85,75,1,208,8,0,8,216
01/14/2012,DSM,IA,ACE,CE,Combined TRACON& Tower with Radar,38,49,21,1,109,0,3,38,1,42,38,52,59,2,151,12,0,12,163
01/15/2012,DSM,IA,ACE,CE,Combined TRACON& Tower with Radar,50,48,21,0,119,0,1,10,0,11,50,49,31,0,130,26,0,26,156
01/16/2012,DSM,IA,ACE,CE,Combined TRACON& Tower with Radar,38,66,51,0,155,0,1,17,0,18,38,67,68,0,173,12,0,12,185
01/17/2012,DSM,IA,ACE,CE,Combined TRACON& Tower with Radar,50,77,39,12,178,0,2,9,0,11,50,79,48,12,189,10,0,10,199
01/18/2012,DSM,IA,ACE,CE,Combined TRACON& Tower with Radar,48,83,37,16,184,0,2,17,2,21,48,85,54,18,205,4,8,12,217
01/19/2012,DSM,IA,ACE,CE,Combined TRACON& Tower with Radar,56,83,52,20,211,0,1,15,1,17,56,84,67,21,228,36,12,48,276
01/20/2012,DSM,IA,ACE,CE,Combined TRACON& Tower with Radar,42,72,43,1,158,0,1,13,0,14,42,73,56,1,172,62,0,62,234
01/21/2012,DSM,IA,ACE,CE,Combined TRACON& Tower with Radar,38,47,24,8,117,0,1,6,0,7,38,48,30,8,124,0,0,0,124
01/22/2012,DSM,IA,ACE,CE,Combined TRACON& Tower with Radar,47,45,12,0,104,0,0,0,0,0,47,45,12,0,104,0,0,0,104
01/23/2012,DSM,IA,ACE,CE,Combined TRACON& Tower with Radar,39,67,46,0,152,0,2,3,0,5,39,69,49,0,157,0,0,0,157
01/24/2012,DSM,IA,ACE,CE,Combined TRACON& Tower with Radar,48,80,68,16,212,0,3,31,0,34,48,83,99,16,246,60,0,60,306
01/25/2012,DSM,IA,ACE,CE,Combined TRACON& Tower with Radar,46,79,78,20,223,0,5,35,1,41,46,84,113,21,264,28,18,46,310
01/26/2012,DSM,IA,ACE,CE,Combined TRACON& Tower with Radar,61,85,50,16,212,0,4,19,0,23,61,89,69,16,235,14,16,30,265
01/27/2012,DSM,IA,ACE,CE,Combined TRACON& Tower with Radar,44,77,37,7,165,1,4,15,0,20,45,81,52,7,185,28,2,30,215
01/28/2012,DSM,IA,ACE,CE,Combined TRACON& Tower with Radar,38,44,15,0,97,0,2,37,0,39,38,46,52,0,136,70,0,70,206
01/29/2012,DSM,IA,ACE,CE,Combined TRACON& Tower with Radar,47,53,16,0,116,0,0,29,0,29,47,53,45,0,145,155,0,155,300
01/30/2012,DSM,IA,ACE,CE,Combined TRACON& Tower with Radar,40,69,54,2,165,2,3,15,0,20,42,72,69,2,185,18,0,18,203
01/31/2012,DSM,IA,ACE,CE,Combined TRACON& Tower with Radar,55,77,52,10,194,2,2,29,2,35,57,79,81,12,229,12,0,12,241
02/01/2012,DSM,IA,ACE,CE,Combined TRACON& Tower with Radar,60,72,48,8,188,0,1,16,0,17,60,73,64,8,205,44,6,50,255
02/02/2012,DSM,IA,ACE,CE,Combined TRACON& Tower with Radar,62,75,68,13,218,0,1,32,0,33,62,76,100,13,251,4,32,36,287
02/03/2012,DSM,IA,ACE,CE,Combined TRACON& Tower with Radar,49,77,48,6,180,0,0,6,0,6,49,77,54,6,186,12,0,12,198
02/04/2012,DSM,IA,ACE,CE,Combined TRACON& Tower with Radar,42,48,8,0,98,0,1,8,0,9,42,49,16,0,107,0,0,0,107
02/05/2012,DSM,IA,ACE,CE,Combined TRACON& Tower with Radar,50,45,17,0,112,0,0,0,0,0,50,45,17,0,112,0,0,0,112
02/06/2012,DSM,IA,ACE,CE,Combined TRACON& Tower with Radar,41,56,62,0,159,0,3,11,0,14,41,59,73,0,173,22,0,22,195
02/07/2012,DSM,IA,ACE,CE,Combined TRACON& Tower with Radar,53,73,23,0,149,0,0,0,0,0,53,73,23,0,149,0,0,0,149
02/08/2012,DSM,IA,ACE,CE,Combined TRACON& Tower with Radar,54,75,63,9,201,0,3,24,0,27,54,78,87,9,228,18,8,26,254
02/09/2012,DSM,IA,ACE,CE,Combined TRACON& Tower with Radar,56,70,40,7,173,0,1,21,3,25,56,71,61,10,198,20,0,20,218
02/10/2012,DSM,IA,ACE,CE,Combined TRACON& Tower with Radar,53,56,46,10,165,0,3,12,0,15,53,59,58,10,180,28,8,36,216
02/11/2012,DSM,IA,ACE,CE,Combined TRACON& Tower with Radar,45,49,11,0,105,1,0,34,0,35,46,49,45,0,140,36,0,36,176
02/12/2012,DSM,IA,ACE,CE,Combined TRACON& Tower with Radar,53,47,19,1,120,0,2,28,1,31,53,49,47,2,151,50,0,50,201
02/13/2012,DSM,IA,ACE,CE,Combined TRACON& Tower with Radar,42,63,41,0,146,0,1,4,0,5,42,64,45,0,151,0,0,0,151
02/14/2012,DSM,IA,ACE,CE,Combined TRACON& Tower with Radar,54,66,42,2,164,0,2,18,2,22,54,68,60,4,186,8,6,14,200
02/15/2012,DSM,IA,ACE,CE,Combined TRACON& Tower with Radar,63,86,86,4,239,0,1,15,0,16,63,87,101,4,255,6,0,6,261
02/16/2012,DSM,IA,ACE,CE,Combined TRACON& Tower with Radar,57,85,61,4,207,2,4,40,0,46,59,89,101,4,253,30,10,40,293
02/17/2012,DSM,IA,ACE,CE,Combined TRACON& Tower with Radar,50,77,53,3,183,0,1,29,0,30,50,78,82,3,213,78,2,80,293
02/18/2012,DSM,IA,ACE,CE,Combined TRACON& Tower with Radar,38,51,18,0,107,2,11,41,0,54,40,62,59,0,161,108,0,108,269
02/19/2012,DSM,IA,ACE,CE,Combined TRACON& Tower with Radar,40,47,27,0,114,0,3,39,0,42,40,50,66,0,156,90,0,90,246
02/20/2012,DSM,IA,ACE,CE,Combined TRACON& Tower with Radar,46,62,50,0,158,0,2,8,0,10,46,64,58,0,168,4,0,4,172
02/21/2012,DSM,IA,ACE,CE,Combined TRACON& Tower with Radar,53,67,41,0,161,0,3,13,0,16,53,70,54,0,177,16,0,16,193
02/22/2012,DSM,IA,ACE,CE,Combined TRACON& Tower with Radar,63,69,61,3,196,0,5,22,0,27,63,74,83,3,223,16,0,16,239
02/23/2012,DSM,IA,ACE,CE,Combined TRACON& Tower with Radar,59,69,47,0,175,1,1,0,0,2,60,70,47,0,177,0,0,0,177
02/24/2012,DSM,IA,ACE,CE,Combined TRACON& Tower with Radar,53,78,33,6,170,0,3,6,0,9,53,81,39,6,179,4,8,12,191
02/25/2012,DSM,IA,ACE,CE,Combined TRACON& Tower with Radar,39,48,25,6,118,0,0,43,0,43,39,48,68,6,161,28,0,28,189
02/26/2012,DSM,IA,ACE,CE,Combined TRACON& Tower with Radar,44,51,22,2,119,0,2,20,0,22,44,53,42,2,141,14,0,14,155
02/27/2012,DSM,IA,ACE,CE,Combined TRACON& Tower with Radar,47,62,52,0,161,0,6,21,5,32,47,68,73,5,193,36,0,36,229
02/28/2012,DSM,IA,ACE,CE,Combined TRACON& Tower with Radar,54,71,42,4,171,0,1,7,0,8,54,72,49,4,179,4,0,4,183
02/29/2012,DSM,IA,ACE,CE,Combined TRACON& Tower with Radar,62,83,39,6,190,1,4,4,0,9,63,87,43,6,199,2,2,4,203
03/01/2012,DSM,IA,ACE,CE,Combined TRACON& Tower with Radar,60,80,65,6,211,0,4,17,7,28,60,84,82,13,239,28,0,28,267
03/02/2012,DSM,IA,ACE,CE,Combined TRACON& Tower with Radar,54,61,38,2,155,0,1,13,0,14,54,62,51,2,169,12,0,12,181
03/03/2012,DSM,IA,ACE,CE,Combined TRACON& Tower with Radar,45,42,13,14,114,1,2,9,0,12,46,44,22,14,126,2,8,10,136
03/04/2012,DSM,IA,ACE,CE,Combined TRACON& Tower with Radar,41,52,12,4,109,0,1,0,0,1,41,53,12,4,110,48,0,48,158
03/05/2012,DSM,IA,ACE,CE,Combined TRACON& Tower with Radar,43,73,58,0,174,0,0,56,0,56,43,73,114,0,230,16,0,16,246
03/06/2012,DSM,IA,ACE,CE,Combined TRACON& Tower with Radar,50,73,42,4,169,0,5,18,0,23,50,78,60,4,192,0,0,0,192
03/07/2012,DSM,IA,ACE,CE,Combined TRACON& Tower with Radar,57,76,53,2,188,0,1,7,0,8,57,77,60,2,196,0,0,0,196
03/08/2012,DSM,IA,ACE,CE,Combined TRACON& Tower with Radar,58,71,56,19,204,0,5,25,0,30,58,76,81,19,234,36,16,52,286
03/09/2012,DSM,IA,ACE,CE,Combined TRACON& Tower with Radar,45,67,57,20,189,3,4,65,5,77,48,71,122,25,266,69,24,93,359
03/10/2012,DSM,IA,ACE,CE,Combined TRACON& Tower with Radar,44,48,13,4,109,0,5,14,0,19,44,53,27,4,128,0,0,0,128
03/11/2012,DSM,IA,ACE,CE,Combined TRACON& Tower with Radar,47,59,25,0,131,0,1,18,0,19,47,60,43,0,150,0,0,0,150
03/12/2012,DSM,IA,ACE,CE,Combined TRACON& Tower with Radar,42,67,57,0,166,0,2,9,0,11,42,69,66,0,177,4,0,4,181
03/13/2012,DSM,IA,ACE,CE,Combined TRACON& Tower with Radar,57,73,47,6,183,0,0,38,0,38,57,73,85,6,221,12,0,12,233
03/14/2012,DSM,IA,ACE,CE,Combined TRACON& Tower with Radar,59,75,55,0,189,0,4,39,0,43,59,79,94,0,232,32,0,32,264
03/15/2012,DSM,IA,ACE,CE,Combined TRACON& Tower with Radar,63,76,59,6,204,0,2,22,0,24,63,78,81,6,228,46,0,46,274
03/16/2012,DSM,IA,ACE,CE,Combined TRACON& Tower with Radar,51,73,40,8,172,0,10,42,0,52,51,83,82,8,224,0,0,0,224
03/17/2012,DSM,IA,ACE,CE,Combined TRACON& Tower with Radar,43,46,10,0,99,0,4,19,0,23,43,50,29,0,122,7,0,7,129
03/18/2012,DSM,IA,ACE,CE,Combined TRACON& Tower with Radar,49,56,27,0,132,0,0,18,0,18,49,56,45,0,150,19,0,19,169
03/19/2012,DSM,IA,ACE,CE,Combined TRACON& Tower with Radar,44,65,34,2,145,0,0,2,0,2,44,65,36,2,147,0,0,0,147
03/20/2012,DSM,IA,ACE,CE,Combined TRACON& Tower with Radar,61,71,28,1,161,0,2,12,0,14,61,73,40,1,175,16,0,16,191
03/21/2012,DSM,IA,ACE,CE,Combined TRACON& Tower with Radar,56,72,50,6,184,2,3,15,3,23,58,75,65,9,207,48,4,52,259
03/22/2012,DSM,IA,ACE,CE,Combined TRACON& Tower with Radar,63,77,51,6,197,1,0,18,0,19,64,77,69,6,216,20,0,20,236
03/23/2012,DSM,IA,ACE,CE,Combined TRACON& Tower with Radar,52,71,64,3,190,0,1,16,1,18,52,72,80,4,208,0,0,0,208
03/24/2012,DSM,IA,ACE,CE,Combined TRACON& Tower with Radar,44,52,29,5,130,0,2,40,0,42,44,54,69,5,172,4,0,4,176
03/25/2012,DSM,IA,ACE,CE,Combined TRACON& Tower with Radar,43,55,32,1,131,0,3,37,0,40,43,58,69,1,171,62,0,62,233
03/26/2012,DSM,IA,ACE,CE,Combined TRACON& Tower with Radar,46,76,64,2,188,0,2,11,0,13,46,78,75,2,201,20,0,20,221
03/27/2012,DSM,IA,ACE,CE,Combined TRACON& Tower with Radar,49,75,34,2,160,0,4,24,0,28,49,79,58,2,188,16,0,16,204
03/28/2012,DSM,IA,ACE,CE,Combined TRACON& Tower with Radar,57,81,51,1,190,0,5,51,0,56,57,86,102,1,246,16,0,16,262
03/29/2012,DSM,IA,ACE,CE,Combined TRACON& Tower with Radar,54,78,53,5,190,0,4,20,1,25,54,82,73,6,215,0,0,0,215
03/30/2012,DSM,IA,ACE,CE,Combined TRACON& Tower with Radar,45,76,44,5,170,0,2,9,0,11,45,78,53,5,181,7,0,7,188
03/31/2012,DSM,IA,ACE,CE,Combined TRACON& Tower with Radar,44,59,30,0,133,0,1,26,0,27,44,60,56,0,160,10,0,10,170
04/01/2012,DSM,IA,ACE,CE,Combined TRACON& Tower with Radar,38,56,21,1,116,0,0,37,0,37,38,56,58,1,153,50,8,58,211
04/02/2012,DSM,IA,ACE,CE,Combined TRACON& Tower with Radar,47,68,45,2,162,0,0,25,0,25,47,68,70,2,187,0,0,0,187
04/03/2012,DSM,IA,ACE,CE,Combined TRACON& Tower with Radar,46,70,51,0,167,1,1,26,0,28,47,71,77,0,195,0,0,0,195
04/04/2012,DSM,IA,ACE,CE,Combined TRACON& Tower with Radar,58,76,51,0,185,0,6,26,1,33,58,82,77,1,218,0,0,0,218
04/05/2012,DSM,IA,ACE,CE,Combined TRACON& Tower with Radar,56,77,56,6,195,0,1,35,0,36,56,78,91,6,231,6,2,8,239
04/06/2012,DSM,IA,ACE,CE,Combined TRACON& Tower with Radar,50,76,38,5,169,0,5,52,0,57,50,81,90,5,226,6,0,6,232
04/07/2012,DSM,IA,ACE,CE,Combined TRACON& Tower with Radar,41,47,16,1,105,0,1,10,0,11,41,48,26,1,116,34,0,34,150
04/08/2012,DSM,IA,ACE,CE,Combined TRACON& Tower with Radar,34,57,13,0,104,0,2,29,0,31,34,59,42,0,135,40,0,40,175
04/09/2012,DSM,IA,ACE,CE,Combined TRACON& Tower with Radar,45,68,56,0,169,0,1,17,0,18,45,69,73,0,187,0,0,0,187
04/10/2012,DSM,IA,ACE,CE,Combined TRACON& Tower with Radar,50,74,54,0,178,0,2,40,0,42,50,76,94,0,220,34,0,34,254
04/11/2012,DSM,IA,ACE,CE,Combined TRACON& Tower with Radar,53,73,64,4,194,3,5,50,0,58,56,78,114,4,252,0,0,0,252
04/12/2012,DSM,IA,ACE,CE,Combined TRACON& Tower with Radar,59,81,60,4,204,0,5,18,0,23,59,86,78,4,227,30,0,30,257
04/13/2012,DSM,IA,ACE,CE,Combined TRACON& Tower with Radar,52,75,32,5,164,4,2,3,0,9,56,77,35,5,173,0,0,0,173
04/14/2012,DSM,IA,ACE,CE,Combined TRACON& Tower with Radar,33,57,11,2,103,0,0,3,0,3,33,57,14,2,106,12,0,12,118
04/15/2012,DSM,IA,ACE,CE,Combined TRACON& Tower with Radar,40,68,12,3,123,0,3,5,0,8,40,71,17,3,131,4,0,4,135
04/16/2012,DSM,IA,ACE,CE,Combined TRACON& Tower with Radar,45,81,71,1,198,0,5,7,0,12,45,86,78,1,210,0,0,0,210
04/17/2012,DSM,IA,ACE,CE,Combined TRACON& Tower with Radar,51,74,58,5,188,0,4,28,2,34,51,78,86,7,222,6,0,6,228
04/18/2012,DSM,IA,ACE,CE,Combined TRACON& Tower with Radar,52,76,70,0,198,2,1,13,2,18,54,77,83,2,216,108,0,108,324
04/19/2012,DSM,IA,ACE,CE,Combined TRACON& Tower with Radar,55,80,55,0,190,0,3,5,2,10,55,83,60,2,200,0,0,0,200
04/20/2012,DSM,IA,ACE,CE,Combined TRACON& Tower with Radar,53,75,47,4,179,2,2,24,0,28,55,77,71,4,207,26,4,30,237
04/21/2012,DSM,IA,ACE,CE,Combined TRACON& Tower with Radar,30,56,23,0,109,0,6,43,2,51,30,62,66,2,160,64,6,70,230
04/22/2012,DSM,IA,ACE,CE,Combined TRACON& Tower with Radar,38,63,41,2,144,0,5,21,0,26,38,68,62,2,170,14,0,14,184
04/23/2012,DSM,IA,ACE,CE,Combined TRACON& Tower with Radar,48,72,68,6,194,0,4,51,1,56,48,76,119,7,250,26,0,26,276
04/24/2012,DSM,IA,ACE,CE,Combined TRACON& Tower with Radar,51,73,52,2,178,0,2,50,0,52,51,75,102,2,230,54,0,54,284
04/25/2012,DSM,IA,ACE,CE,Combined TRACON& Tower with Radar,54,80,52,2,188,0,7,22,0,29,54,87,74,2,217,12,0,12,229
04/26/2012,DSM,IA,ACE,CE,Combined TRACON& Tower with Radar,56,85,66,8,215,0,3,32,0,35,56,88,98,8,250,6,0,6,256
04/27/2012,DSM,IA,ACE,CE,Combined TRACON& Tower with Radar,55,74,28,14,171,1,2,9,0,12,56,76,37,14,183,13,6,19,202
04/28/2012,DSM,IA,ACE,CE,Combined TRACON& Tower with Radar,33,63,33,1,130,0,0,20,0,20,33,63,53,1,150,10,0,10,160
04/29/2012,DSM,IA,ACE,CE,Combined TRACON& Tower with Radar,40,67,28,1,136,0,0,1,0,1,40,67,29,1,137,4,0,4,141
04/30/2012,DSM,IA,ACE,CE,Combined TRACON& Tower with Radar,47,74,64,0,185,0,1,23,1,25,47,75,87,1,210,28,0,28,238
05/01/2012,DSM,IA,ACE,CE,Combined TRACON& Tower with Radar,46,72,51,1,170,0,4,19,1,24,46,76,70,2,194,11,0,11,205
05/02/2012,DSM,IA,ACE,CE,Combined TRACON& Tower with Radar,48,78,58,6,190,1,0,8,0,9,49,78,66,6,199,30,0,30,229
05/03/2012,DSM,IA,ACE,CE,Combined TRACON& Tower with Radar,55,82,66,2,205,0,3,24,0,27,55,85,90,2,232,28,0,28,260
05/04/2012,DSM,IA,ACE,CE,Combined TRACON& Tower with Radar,53,77,42,5,177,0,1,13,1,15,53,78,55,6,192,8,0,8,200
05/05/2012,DSM,IA,ACE,CE,Combined TRACON& Tower with Radar,38,53,22,5,118,0,2,20,0,22,38,55,42,5,140,2,0,2,142
05/06/2012,DSM,IA,ACE,CE,Combined TRACON& Tower with Radar,47,54,26,1,128,0,1,18,0,19,47,55,44,1,147,0,0,0,147
05/07/2012,DSM,IA,ACE,CE,Combined TRACON& Tower with Radar,50,82,65,0,197,0,3,22,0,25,50,85,87,0,222,10,0,10,232
05/08/2012,DSM,IA,ACE,CE,Combined TRACON& Tower with Radar,52,79,67,2,200,0,2,22,0,24,52,81,89,2,224,6,0,6,230
05/09/2012,DSM,IA,ACE,CE,Combined TRACON& Tower with Radar,55,79,83,2,219,0,2,53,3,58,55,81,136,5,277,26,0,26,303
05/10/2012,DSM,IA,ACE,CE,Combined TRACON& Tower with Radar,55,84,60,2,201,0,6,47,0,53,55,90,107,2,254,30,0,30,284
05/11/2012,DSM,IA,ACE,CE,Combined TRACON& Tower with Radar,54,79,59,3,195,0,2,23,1,26,54,81,82,4,221,18,2,20,241
05/12/2012,DSM,IA,ACE,CE,Combined TRACON& Tower with Radar,35,56,27,0,118,0,5,32,1,38,35,61,59,1,156,38,0,38,194
05/13/2012,DSM,IA,ACE,CE,Combined TRACON& Tower with Radar,43,61,41,0,145,0,3,27,0,30,43,64,68,0,175,12,0,12,187
05/14/2012,DSM,IA,ACE,CE,Combined TRACON& Tower with Radar,46,81,74,0,201,0,4,35,0,39,46,85,109,0,240,21,0,21,261
05/15/2012,DSM,IA,ACE,CE,Combined TRACON& Tower with Radar,51,82,44,11,188,0,6,38,6,50,51,88,82,17,238,20,12,32,270
05/16/2012,DSM,IA,ACE,CE,Combined TRACON& Tower with Radar,52,82,70,17,221,0,1,54,8,63,52,83,124,25,284,30,24,54,338
05/17/2012,DSM,IA,ACE,CE,Combined TRACON& Tower with Radar,62,80,91,16,249,0,4,40,17,61,62,84,131,33,310,22,28,50,360
05/18/2012,DSM,IA,ACE,CE,Combined TRACON& Tower with Radar,53,73,44,19,189,1,6,47,6,60,54,79,91,25,249,18,44,62,311
05/19/2012,DSM,IA,ACE,CE,Combined TRACON& Tower with Radar,32,55,16,7,110,0,6,20,5,31,32,61,36,12,141,10,20,30,171
05/20/2012,DSM,IA,ACE,CE,Combined TRACON& Tower with Radar,52,62,28,5,147,0,4,22,3,29,52,66,50,8,176,8,0,8,184
05/21/2012,DSM,IA,ACE,CE,Combined TRACON& Tower with Radar,44,74,73,4,195,0,4,23,6,33,44,78,96,10,228,6,0,6,234
05/22/2012,DSM,IA,ACE,CE,Combined TRACON& Tower with Radar,52,69,52,10,183,0,3,28,9,40,52,72,80,19,223,4,16,20,243
05/23/2012,DSM,IA,ACE,CE,Combined TRACON& Tower with Radar,59,82,46,20,207,0,9,15,12,36,59,91,61,32,243,2,20,22,265
05/24/2012,DSM,IA,ACE,CE,Combined TRACON& Tower with Radar,63,80,56,13,212,0,19,6,2,27,63,99,62,15,239,0,6,6,245
05/25/2012,DSM,IA,ACE,CE,Combined TRACON& Tower with Radar,52,74,53,4,183,5,5,29,4,43,57,79,82,8,226,9,6,15,241
05/26/2012,DSM,IA,ACE,CE,Combined TRACON& Tower with Radar,39,45,15,0,99,0,4,37,0,41,39,49,52,0,140,0,0,0,140
05/27/2012,DSM,IA,ACE,CE,Combined TRACON& Tower with Radar,46,41,5,0,92,0,3,11,0,14,46,44,16,0,106,0,0,0,106
05/28/2012,DSM,IA,ACE,CE,Combined TRACON& Tower with Radar,45,56,21,0,122,0,1,38,4,43,45,57,59,4,165,0,0,0,165
05/29/2012,DSM,IA,ACE,CE,Combined TRACON& Tower with Radar,43,64,37,0,144,0,1,25,0,26,43,65,62,0,170,6,0,6,176
05/30/2012,DSM,IA,ACE,CE,Combined TRACON& Tower with Radar,59,73,60,24,216,0,0,46,2,48,59,73,106,26,264,42,30,72,336
05/31/2012,DSM,IA,ACE,CE,Combined TRACON& Tower with Radar,64,82,66,13,225,0,0,4,0,4,64,82,70,13,229,0,0,0,229
06/01/2012,DSM,IA,ACE,CE,Combined TRACON& Tower with Radar,54,76,42,12,184,1,2,34,2,39,55,78,76,14,223,14,0,14,237
06/02/2012,DSM,IA,ACE,CE,Combined TRACON& Tower with Radar,40,49,18,19,126,0,1,99,4,104,40,50,117,23,230,16,24,40,270
06/03/2012,DSM,IA,ACE,CE,Combined TRACON& Tower with Radar,52,62,34,2,150,0,4,40,0,44,52,66,74,2,194,87,0,87,281
06/04/2012,DSM,IA,ACE,CE,Combined TRACON& Tower with Radar,50,71,66,0,187,0,6,19,0,25,50,77,85,0,212,23,0,23,235
06/05/2012,DSM,IA,ACE,CE,Combined TRACON& Tower with Radar,56,68,65,17,206,0,2,40,1,43,56,70,105,18,249,52,0,52,301
06/06/2012,DSM,IA,ACE,CE,Combined TRACON& Tower with Radar,60,81,74,19,234,0,4,69,3,76,60,85,143,22,310,29,8,37,347
06/07/2012,DSM,IA,ACE,CE,Combined TRACON& Tower with Radar,69,77,72,17,235,0,2,28,0,30,69,79,100,17,265,0,0,0,265
06/08/2012,DSM,IA,ACE,CE,Combined TRACON& Tower with Radar,57,77,39,4,177,0,2,30,1,33,57,79,69,5,210,24,0,24,234
06/09/2012,DSM,IA,ACE,CE,Combined TRACON& Tower with Radar,43,52,18,3,116,0,4,18,2,24,43,56,36,5,140,48,0,48,188
06/10/2012,DSM,IA,ACE,CE,Combined TRACON& Tower with Radar,48,66,28,1,143,1,8,8,2,19,49,74,36,3,162,4,0,4,166
06/11/2012,DSM,IA,ACE,CE,Combined TRACON& Tower with Radar,56,72,62,0,190,0,1,13,0,14,56,73,75,0,204,0,0,0,204
06/12/2012,DSM,IA,ACE,CE,Combined TRACON& Tower with Radar,62,83,49,14,208,0,6,48,4,58,62,89,97,18,266,28,20,48,314
06/13/2012,DSM,IA,ACE,CE,Combined TRACON& Tower with Radar,65,72,55,13,205,0,5,25,8,38,65,77,80,21,243,12,10,22,265
06/14/2012,DSM,IA,ACE,CE,Combined TRACON& Tower with Radar,66,76,72,16,230,0,2,41,2,45,66,78,113,18,275,10,2,12,287
06/15/2012,DSM,IA,ACE,CE,Combined TRACON& Tower with Radar,58,76,52,11,197,0,0,32,0,32,58,76,84,11,229,6,26,32,261
06/16/2012,DSM,IA,ACE,CE,Combined TRACON& Tower with Radar,40,55,21,0,116,0,4,27,0,31,40,59,48,0,147,6,0,6,153
06/17/2012,DSM,IA,ACE,CE,Combined TRACON& Tower with Radar,51,69,31,0,151,0,4,25,0,29,51,73,56,0,180,10,0,10,190
06/18/2012,DSM,IA,ACE,CE,Combined TRACON& Tower with Radar,52,67,50,0,169,0,1,16,0,17,52,68,66,0,186,0,0,0,186
06/19/2012,DSM,IA,ACE,CE,Combined TRACON& Tower with Radar,63,77,54,16,210,0,2,23,1,26,63,79,77,17,236,12,8,20,256
06/20/2012,DSM,IA,ACE,CE,Combined TRACON& Tower with Radar,64,74,62,13,213,1,3,11,2,17,65,77,73,15,230,0,14,14,244
06/21/2012,DSM,IA,ACE,CE,Combined TRACON& Tower with Radar,74,82,69,6,231,0,2,43,2,47,74,84,112,8,278,26,4,30,308
06/22/2012,DSM,IA,ACE,CE,Combined TRACON& Tower with Radar,56,74,59,7,196,0,4,54,1,59,56,78,113,8,255,28,2,30,285
06/23/2012,DSM,IA,ACE,CE,Combined TRACON& Tower with Radar,39,60,7,14,120,0,0,25,2,27,39,60,32,16,147,0,22,22,169
06/24/2012,DSM,IA,ACE,CE,Combined TRACON& Tower with Radar,51,74,29,2,156,0,6,68,1,75,51,80,97,3,231,16,0,16,247
06/25/2012,DSM,IA,ACE,CE,Combined TRACON& Tower with Radar,51,71,72,0,194,0,3,32,1,36,51,74,104,1,230,38,0,38,268
06/26/2012,DSM,IA,ACE,CE,Combined TRACON& Tower with Radar,64,72,61,13,210,0,3,27,2,32,64,75,88,15,242,0,14,14,256
06/27/2012,DSM,IA,ACE,CE,Combined TRACON& Tower with Radar,65,73,50,12,200,0,6,30,0,36,65,79,80,12,236,0,14,14,250
06/28/2012,DSM,IA,ACE,CE,Combined TRACON& Tower with Radar,70,77,48,14,209,0,3,16,0,19,70,80,64,14,228,0,8,8,236
06/29/2012,DSM,IA,ACE,CE,Combined TRACON& Tower with Radar,59,73,47,7,186,3,2,19,0,24,62,75,66,7,210,22,8,30,240
06/30/2012,DSM,IA,ACE,CE,Combined TRACON& Tower with Radar,38,73,23,2,136,0,3,39,2,44,38,76,62,4,180,30,0,30,210
07/01/2012,DSM,IA,ACE,CE,Combined TRACON& Tower with Radar,54,57,35,0,146,2,5,20,0,27,56,62,55,0,173,10,0,10,183
07/02/2012,DSM,IA,ACE,CE,Combined TRACON& Tower with Radar,47,71,38,0,156,0,7,22,1,30,47,78,60,1,186,22,0,22,208
07/03/2012,DSM,IA,ACE,CE,Combined TRACON& Tower with Radar,57,58,41,13,169,0,6,24,0,30,57,64,65,13,199,2,0,2,201
07/04/2012,DSM,IA,ACE,CE,Combined TRACON& Tower with Radar,35,41,11,0,87,0,3,42,4,49,35,44,53,4,136,0,0,0,136
07/05/2012,DSM,IA,ACE,CE,Combined TRACON& Tower with Radar,62,51,34,10,157,0,3,18,1,22,62,54,52,11,179,16,0,16,195
07/06/2012,DSM,IA,ACE,CE,Combined TRACON& Tower with Radar,50,63,25,6,144,0,2,58,0,60,50,65,83,6,204,4,2,6,210
07/07/2012,DSM,IA,ACE,CE,Combined TRACON& Tower with Radar,41,58,24,0,123,0,2,34,0,36,41,60,58,0,159,2,0,2,161
07/08/2012,DSM,IA,ACE,CE,Combined TRACON& Tower with Radar,53,70,49,0,172,0,2,58,0,60,53,72,107,0,232,24,0,24,256
07/09/2012,DSM,IA,ACE,CE,Combined TRACON& Tower with Radar,51,82,55,2,190,0,2,25,1,28,51,84,80,3,218,10,0,10,228
07/10/2012,DSM,IA,ACE,CE,Combined TRACON& Tower with Radar,57,72,64,9,202,0,3,35,1,39,57,75,99,10,241,14,8,22,263
07/11/2012,DSM,IA,ACE,CE,Combined TRACON& Tower with Radar,56,78,72,13,219,0,9,47,9,65,56,87,119,22,284,20,20,40,324
07/12/2012,DSM,IA,ACE,CE,Combined TRACON& Tower with Radar,65,78,66,8,217,0,3,27,6,36,65,81,93,14,253,38,10,48,301
07/13/2012,DSM,IA,ACE,CE,Combined TRACON& Tower with Radar,58,69,42,1,170,0,2,31,0,33,58,71,73,1,203,20,0,20,223
07/14/2012,DSM,IA,ACE,CE,Combined TRACON& Tower with Radar,44,64,17,5,130,0,4,49,0,53,44,68,66,5,183,12,16,28,211
07/15/2012,DSM,IA,ACE,CE,Combined TRACON& Tower with Radar,48,65,39,1,153,0,3,34,0,37,48,68,73,1,190,34,0,34,224
07/16/2012,DSM,IA,ACE,CE,Combined TRACON& Tower with Radar,47,69,78,2,196,0,4,22,3,29,47,73,100,5,225,0,0,0,225
07/17/2012,DSM,IA,ACE,CE,Combined TRACON& Tower with Radar,56,71,32,8,167,0,6,32,3,41,56,77,64,11,208,46,0,46,254
07/18/2012,DSM,IA,ACE,CE,Combined TRACON& Tower with Radar,55,69,68,11,203,0,2,34,1,37,55,71,102,12,240,8,4,12,252
07/19/2012,DSM,IA,ACE,CE,Combined TRACON& Tower with Radar,62,78,71,2,213,0,1,34,3,38,62,79,105,5,251,6,0,6,257
07/20/2012,DSM,IA,ACE,CE,Combined TRACON& Tower with Radar,53,71,57,4,185,0,4,30,2,36,53,75,87,6,221,0,0,0,221
07/21/2012,DSM,IA,ACE,CE,Combined TRACON& Tower with Radar,39,59,27,0,125,0,3,35,0,38,39,62,62,0,163,6,2,8,171
07/22/2012,DSM,IA,ACE,CE,Combined TRACON& Tower with Radar,49,62,31,0,142,0,6,19,1,26,49,68,50,1,168,0,0,0,168
07/23/2012,DSM,IA,ACE,CE,Combined TRACON& Tower with Radar,47,73,41,2,163,0,2,21,0,23,47,75,62,2,186,0,0,0,186
07/24/2012,DSM,IA,ACE,CE,Combined TRACON& Tower with Radar,55,80,41,10,186,0,4,33,1,38,55,84,74,11,224,14,8,22,246
07/25/2012,DSM,IA,ACE,CE,Combined TRACON& Tower with Radar,57,83,39,13,192,2,4,29,4,39,59,87,68,17,231,10,14,24,255
07/26/2012,DSM,IA,ACE,CE,Combined TRACON& Tower with Radar,62,81,46,6,195,0,4,32,7,43,62,85,78,13,238,8,4,12,250
07/27/2012,DSM,IA,ACE,CE,Combined TRACON& Tower with Radar,53,76,53,6,188,0,4,28,2,34,53,80,81,8,222,8,2,10,232
07/28/2012,DSM,IA,ACE,CE,Combined TRACON& Tower with Radar,41,54,20,0,115,0,4,16,0,20,41,58,36,0,135,12,0,12,147
07/29/2012,DSM,IA,ACE,CE,Combined TRACON& Tower with Radar,48,56,25,0,129,4,4,34,0,42,52,60,59,0,171,0,0,0,171
07/30/2012,DSM,IA,ACE,CE,Combined TRACON& Tower with Radar,51,76,48,0,175,0,5,47,0,52,51,81,95,0,227,8,0,8,235
07/31/2012,DSM,IA,ACE,CE,Combined TRACON& Tower with Radar,54,79,33,8,174,0,7,25,0,32,54,86,58,8,206,18,10,28,234
08/01/2012,DSM,IA,ACE,CE,Combined TRACON& Tower with Radar,57,72,50,11,190,0,5,27,0,32,57,77,77,11,222,0,0,0,222
08/02/2012,DSM,IA,ACE,CE,Combined TRACON& Tower with Radar,70,70,42,10,192,0,1,37,0,38,70,71,79,10,230,42,8,50,280
08/03/2012,DSM,IA,ACE,CE,Combined TRACON& Tower with Radar,55,75,43,9,182,0,1,26,2,29,55,76,69,11,211,4,4,8,219
08/04/2012,DSM,IA,ACE,CE,Combined TRACON& Tower with Radar,47,48,18,0,113,0,2,23,0,25,47,50,41,0,138,26,0,26,164
08/05/2012,DSM,IA,ACE,CE,Combined TRACON& Tower with Radar,48,56,32,17,153,0,5,44,2,51,48,61,76,19,204,0,12,12,216
08/06/2012,DSM,IA,ACE,CE,Combined TRACON& Tower with Radar,46,64,67,1,178,0,0,17,0,17,46,64,84,1,195,6,0,6,201
08/07/2012,DSM,IA,ACE,CE,Combined TRACON& Tower with Radar,57,72,73,0,202,0,2,15,0,17,57,74,88,0,219,6,0,6,225
08/08/2012,DSM,IA,ACE,CE,Combined TRACON& Tower with Radar,63,75,65,1,204,0,0,18,0,18,63,75,83,1,222,22,0,22,244
08/09/2012,DSM,IA,ACE,CE,Combined TRACON& Tower with Radar,63,67,52,7,189,0,6,9,3,18,63,73,61,10,207,0,0,0,207
08/10/2012,DSM,IA,ACE,CE,Combined TRACON& Tower with Radar,58,76,62,14,210,0,7,20,1,28,58,83,82,15,238,26,12,38,276
08/11/2012,DSM,IA,ACE,CE,Combined TRACON& Tower with Radar,42,57,29,0,128,6,3,29,3,41,48,60,58,3,169,72,0,72,241
08/12/2012,DSM,IA,ACE,CE,Combined TRACON& Tower with Radar,49,61,26,2,138,0,3,26,0,29,49,64,52,2,167,42,0,42,209
08/13/2012,DSM,IA,ACE,CE,Combined TRACON& Tower with Radar,47,64,73,5,189,0,3,6,0,9,47,67,79,5,198,0,0,0,198
08/14/2012,DSM,IA,ACE,CE,Combined TRACON& Tower with Radar,64,66,33,21,184,1,0,18,2,21,65,66,51,23,205,47,24,71,276
08/15/2012,DSM,IA,ACE,CE,Combined TRACON& Tower with Radar,61,68,76,12,217,1,5,37,6,49,62,73,113,18,266,2,20,22,288
08/16/2012,DSM,IA,ACE,CE,Combined TRACON& Tower with Radar,71,62,52,23,208,1,0,18,0,19,72,62,70,23,227,10,14,24,251
08/17/2012,DSM,IA,ACE,CE,Combined TRACON& Tower with Radar,57,74,73,6,210,0,4,46,3,53,57,78,119,9,263,15,32,47,310
08/18/2012,DSM,IA,ACE,CE,Combined TRACON& Tower with Radar,38,49,15,9,111,0,0,28,5,33,38,49,43,14,144,6,26,32,176
08/19/2012,DSM,IA,ACE,CE,Combined TRACON& Tower with Radar,53,56,34,5,148,0,7,56,0,63,53,63,90,5,211,6,0,6,217
08/20/2012,DSM,IA,ACE,CE,Combined TRACON& Tower with Radar,51,64,49,0,164,0,2,31,0,33,51,66,80,0,197,12,0,12,209
08/21/2012,DSM,IA,ACE,CE,Combined TRACON& Tower with Radar,68,63,52,4,187,0,5,30,1,36,68,68,82,5,223,50,0,50,273
08/22/2012,DSM,IA,ACE,CE,Combined TRACON& Tower with Radar,69,67,61,9,206,1,1,36,0,38,70,68,97,9,244,20,28,48,292
08/23/2012,DSM,IA,ACE,CE,Combined TRACON& Tower with Radar,71,71,61,11,214,0,3,19,0,22,71,74,80,11,236,16,0,16,252
08/24/2012,DSM,IA,ACE,CE,Combined TRACON& Tower with Radar,58,71,50,10,189,2,4,27,2,35,60,75,77,12,224,18,2,20,244
08/25/2012,DSM,IA,ACE,CE,Combined TRACON& Tower with Radar,39,42,17,2,100,0,2,5,0,7,39,44,22,2,107,0,0,0,107
08/26/2012,DSM,IA,ACE,CE,Combined TRACON& Tower with Radar,56,59,48,1,164,0,6,11,2,19,56,65,59,3,183,34,0,34,217
08/27/2012,DSM,IA,ACE,CE,Combined TRACON& Tower with Radar,54,69,69,7,199,0,0,32,1,33,54,69,101,8,232,40,0,40,272
08/28/2012,DSM,IA,ACE,CE,Combined TRACON& Tower with Radar,63,70,60,16,209,1,6,23,11,41,64,76,83,27,250,6,12,18,268
08/29/2012,DSM,IA,ACE,CE,Combined TRACON& Tower with Radar,62,67,64,16,209,0,1,30,2,33,62,68,94,18,242,0,0,0,242
08/30/2012,DSM,IA,ACE,CE,Combined TRACON& Tower with Radar,64,70,74,11,219,0,8,17,4,29,64,78,91,15,248,12,16,28,276
08/31/2012,DSM,IA,ACE,CE,Combined TRACON& Tower with Radar,62,65,57,4,188,0,14,43,1,58,62,79,100,5,246,2,0,2,248
09/01/2012,DSM,IA,ACE,CE,Combined TRACON& Tower with Radar,37,43,10,7,97,0,8,15,8,31,37,51,25,15,128,30,0,30,158
09/02/2012,DSM,IA,ACE,CE,Combined TRACON& Tower with Radar,46,28,22,1,97,0,4,37,3,44,46,32,59,4,141,42,0,42,183
09/03/2012,DSM,IA,ACE,CE,Combined TRACON& Tower with Radar,49,48,27,0,124,0,1,26,0,27,49,49,53,0,151,10,0,10,161
09/04/2012,DSM,IA,ACE,CE,Combined TRACON& Tower with Radar,52,60,52,9,173,0,8,25,2,35,52,68,77,11,208,20,4,24,232
09/05/2012,DSM,IA,ACE,CE,Combined TRACON& Tower with Radar,64,67,78,8,217,0,7,54,6,67,64,74,132,14,284,28,12,40,324
09/06/2012,DSM,IA,ACE,CE,Combined TRACON& Tower with Radar,67,74,78,7,226,0,3,27,1,31,67,77,105,8,257,36,0,36,293
09/07/2012,DSM,IA,ACE,CE,Combined TRACON& Tower with Radar,64,64,51,38,217,0,2,17,3,22,64,66,68,41,239,4,30,34,273
09/08/2012,DSM,IA,ACE,CE,Combined TRACON& Tower with Radar,37,45,33,15,130,0,5,37,0,42,37,50,70,15,172,26,2,28,200
09/09/2012,DSM,IA,ACE,CE,Combined TRACON& Tower with Radar,56,52,40,4,152,0,6,33,0,39,56,58,73,4,191,18,0,18,209
09/10/2012,DSM,IA,ACE,CE,Combined TRACON& Tower with Radar,52,57,46,0,155,0,4,30,0,34,52,61,76,0,189,8,0,8,197
09/11/2012,DSM,IA,ACE,CE,Combined TRACON& Tower with Radar,60,64,63,11,198,0,4,17,2,23,60,68,80,13,221,0,10,10,231
09/12/2012,DSM,IA,ACE,CE,Combined TRACON& Tower with Radar,59,63,51,4,177,0,2,32,1,35,59,65,83,5,212,18,0,18,230
09/13/2012,DSM,IA,ACE,CE,Combined TRACON& Tower with Radar,67,64,76,0,207,0,3,29,0,32,67,67,105,0,239,30,0,30,269
09/14/2012,DSM,IA,ACE,CE,Combined TRACON& Tower with Radar,63,70,49,2,184,0,3,35,0,38,63,73,84,2,222,30,0,30,252
09/15/2012,DSM,IA,ACE,CE,Combined TRACON& Tower with Radar,38,41,43,0,122,0,3,55,0,58,38,44,98,0,180,18,0,18,198
09/16/2012,DSM,IA,ACE,CE,Combined TRACON& Tower with Radar,54,51,40,24,169,0,3,28,0,31,54,54,68,24,200,8,4,12,212
09/17/2012,DSM,IA,ACE,CE,Combined TRACON& Tower with Radar,56,65,74,33,228,0,2,8,0,10,56,67,82,33,238,0,8,8,246
09/18/2012,DSM,IA,ACE,CE,Combined TRACON& Tower with Radar,59,66,58,8,191,0,6,22,2,30,59,72,80,10,221,18,2,20,241
09/19/2012,DSM,IA,ACE,CE,Combined TRACON& Tower with Radar,59,76,58,2,195,0,2,26,0,28,59,78,84,2,223,0,0,0,223
09/20/2012,DSM,IA,ACE,CE,Combined TRACON& Tower with Radar,68,73,88,27,256,0,2,28,0,30,68,75,116,27,286,0,4,4,290
09/21/2012,DSM,IA,ACE,CE,Combined TRACON& Tower with Radar,56,71,39,25,191,0,5,46,0,51,56,76,85,25,242,42,14,56,298
09/22/2012,DSM,IA,ACE,CE,Combined TRACON& Tower with Radar,35,42,23,1,101,0,1,26,0,27,35,43,49,1,128,0,0,0,128
09/23/2012,DSM,IA,ACE,CE,Combined TRACON& Tower with Radar,55,49,22,0,126,0,11,44,0,55,55,60,66,0,181,52,0,52,233
09/24/2012,DSM,IA,ACE,CE,Combined TRACON& Tower with Radar,53,66,40,0,159,0,5,21,0,26,53,71,61,0,185,7,0,7,192
09/25/2012,DSM,IA,ACE,CE,Combined TRACON& Tower with Radar,59,66,39,2,166,1,8,51,0,60,60,74,90,2,226,0,0,0,226
09/26/2012,DSM,IA,ACE,CE,Combined TRACON& Tower with Radar,59,76,63,2,200,0,2,30,2,34,59,78,93,4,234,4,6,10,244
09/27/2012,DSM,IA,ACE,CE,Combined TRACON& Tower with Radar,68,79,61,0,208,0,1,13,0,14,68,80,74,0,222,44,0,44,266
09/28/2012,DSM,IA,ACE,CE,Combined TRACON& Tower with Radar,63,67,44,0,174,0,3,36,0,39,63,70,80,0,213,24,0,24,237
09/29/2012,DSM,IA,ACE,CE,Combined TRACON& Tower with Radar,38,43,16,0,97,0,4,43,0,47,38,47,59,0,144,44,0,44,188
09/30/2012,DSM,IA,ACE,CE,Combined TRACON& Tower with Radar,57,57,23,0,137,0,4,49,0,53,57,61,72,0,190,64,0,64,254
10/01/2012,DSM,IA,ACE,CE,Combined TRACON& Tower with Radar,55,61,55,1,172,0,1,14,0,15,55,62,69,1,187,24,0,24,211
10/02/2012,DSM,IA,ACE,CE,Combined TRACON& Tower with Radar,64,70,41,14,189,0,6,38,0,44,64,76,79,14,233,32,0,32,265
10/03/2012,DSM,IA,ACE,CE,Combined TRACON& Tower with Radar,60,68,51,10,189,2,1,25,2,30,62,69,76,12,219,2,7,9,228
10/04/2012,DSM,IA,ACE,CE,Combined TRACON& Tower with Radar,75,68,55,12,210,0,7,9,0,16,75,75,64,12,226,2,4,6,232
10/05/2012,DSM,IA,ACE,CE,Combined TRACON& Tower with Radar,61,78,57,4,200,0,4,19,0,23,61,82,76,4,223,6,2,8,231
10/06/2012,DSM,IA,ACE,CE,Combined TRACON& Tower with Radar,40,47,21,0,108,0,0,15,0,15,40,47,36,0,123,0,0,0,123
10/07/2012,DSM,IA,ACE,CE,Combined TRACON& Tower with Radar,55,52,28,0,135,0,2,32,0,34,55,54,60,0,169,16,0,16,185
10/08/2012,DSM,IA,ACE,CE,Combined TRACON& Tower with Radar,54,65,59,2,180,0,1,14,0,15,54,66,73,2,195,0,0,0,195
10/09/2012,DSM,IA,ACE,CE,Combined TRACON& Tower with Radar,64,60,52,11,187,1,2,14,0,17,65,62,66,11,204,4,0,4,208
10/10/2012,DSM,IA,ACE,CE,Combined TRACON& Tower with Radar,64,76,55,11,206,0,3,22,2,27,64,79,77,13,233,0,0,0,233
10/11/2012,DSM,IA,ACE,CE,Combined TRACON& Tower with Radar,68,69,75,9,221,0,1,30,4,35,68,70,105,13,256,0,0,0,256
10/12/2012,DSM,IA,ACE,CE,Combined TRACON& Tower with Radar,63,65,44,10,182,4,2,22,0,28,67,67,66,10,210,32,42,74,284
10/13/2012,DSM,IA,ACE,CE,Combined TRACON& Tower with Radar,50,38,9,2,99,0,1,0,0,1,50,39,9,2,100,0,0,0,100
10/14/2012,DSM,IA,ACE,CE,Combined TRACON& Tower with Radar,55,45,26,2,128,0,2,10,0,12,55,47,36,2,140,0,0,0,140
10/15/2012,DSM,IA,ACE,CE,Combined TRACON& Tower with Radar,56,60,47,0,163,0,0,21,0,21,56,60,68,0,184,6,0,6,190
10/16/2012,DSM,IA,ACE,CE,Combined TRACON& Tower with Radar,68,62,43,18,191,0,4,38,3,45,68,66,81,21,236,18,8,26,262
10/17/2012,DSM,IA,ACE,CE,Combined TRACON& Tower with Radar,63,72,63,2,200,0,0,14,0,14,63,72,77,2,214,0,0,0,214
10/18/2012,DSM,IA,ACE,CE,Combined TRACON& Tower with Radar,74,79,82,0,235,0,1,0,0,1,74,80,82,0,236,0,0,0,236
10/19/2012,DSM,IA,ACE,CE,Combined TRACON& Tower with Radar,63,74,88,2,227,0,3,2,0,5,63,77,90,2,232,0,0,0,232
10/20/2012,DSM,IA,ACE,CE,Combined TRACON& Tower with Radar,46,39,32,13,130,0,1,43,3,47,46,40,75,16,177,4,10,14,191
10/21/2012,DSM,IA,ACE,CE,Combined TRACON& Tower with Radar,56,53,34,2,145,0,1,37,0,38,56,54,71,2,183,21,0,21,204
10/22/2012,DSM,IA,ACE,CE,Combined TRACON& Tower with Radar,57,66,69,2,194,0,5,16,0,21,57,71,85,2,215,8,0,8,223
10/23/2012,DSM,IA,ACE,CE,Combined TRACON& Tower with Radar,69,71,65,5,210,0,2,14,1,17,69,73,79,6,227,24,0,24,251
10/24/2012,DSM,IA,ACE,CE,Combined TRACON& Tower with Radar,66,72,65,9,212,0,1,17,3,21,66,73,82,12,233,16,0,16,249
10/25/2012,DSM,IA,ACE,CE,Combined TRACON& Tower with Radar,73,73,58,13,217,0,4,8,0,12,73,77,66,13,229,2,0,2,231
10/26/2012,DSM,IA,ACE,CE,Combined TRACON& Tower with Radar,63,65,42,7,177,1,1,42,2,46,64,66,84,9,223,6,4,10,233
10/27/2012,DSM,IA,ACE,CE,Combined TRACON& Tower with Radar,41,40,22,0,103,2,4,55,0,61,43,44,77,0,164,24,0,24,188
10/28/2012,DSM,IA,ACE,CE,Combined TRACON& Tower with Radar,57,49,33,0,139,0,3,48,0,51,57,52,81,0,190,24,0,24,214
10/29/2012,DSM,IA,ACE,CE,Combined TRACON& Tower with Radar,50,57,54,0,161,0,0,38,0,38,50,57,92,0,199,14,0,14,213
10/30/2012,DSM,IA,ACE,CE,Combined TRACON& Tower with Radar,60,56,41,9,166,0,5,43,3,51,60,61,84,12,217,2,2,4,221
10/31/2012,DSM,IA,ACE,CE,Combined TRACON& Tower with Radar,62,67,77,7,213,0,5,30,5,40,62,72,107,12,253,6,12,18,271
11/01/2012,DSM,IA,ACE,CE,Combined TRACON& Tower with Radar,68,69,73,10,220,4,3,52,4,63,72,72,125,14,283,24,10,34,317
11/02/2012,DSM,IA,ACE,CE,Combined TRACON& Tower with Radar,64,65,69,7,205,4,2,31,0,37,68,67,100,7,242,36,10,46,288
11/03/2012,DSM,IA,ACE,CE,Combined TRACON& Tower with Radar,48,41,22,0,111,0,3,39,0,42,48,44,61,0,153,20,0,20,173
11/04/2012,DSM,IA,ACE,CE,Combined TRACON& Tower with Radar,59,51,26,1,137,0,1,35,0,36,59,52,61,1,173,18,0,18,191
11/05/2012,DSM,IA,ACE,CE,Combined TRACON& Tower with Radar,57,57,49,4,167,0,2,2,25,29,57,59,51,29,196,0,0,0,196
11/06/2012,DSM,IA,ACE,CE,Combined TRACON& Tower with Radar,59,62,39,9,169,0,2,17,0,19,59,64,56,9,188,0,2,2,190
11/07/2012,DSM,IA,ACE,CE,Combined TRACON& Tower with Radar,62,69,56,7,194,1,5,38,1,45,63,74,94,8,239,12,0,12,251
11/08/2012,DSM,IA,ACE,CE,Combined TRACON& Tower with Radar,69,69,73,7,218,0,2,46,2,50,69,71,119,9,268,18,0,18,286
11/09/2012,DSM,IA,ACE,CE,Combined TRACON& Tower with Radar,61,62,58,2,183,0,2,35,0,37,61,64,93,2,220,14,0,14,234
11/10/2012,DSM,IA,ACE,CE,Combined TRACON& Tower with Radar,48,35,17,0,100,2,0,26,0,28,50,35,43,0,128,6,0,6,134
11/11/2012,DSM,IA,ACE,CE,Combined TRACON& Tower with Radar,61,39,19,0,119,0,1,4,0,5,61,40,23,0,124,0,0,0,124
11/12/2012,DSM,IA,ACE,CE,Combined TRACON& Tower with Radar,54,52,59,0,165,0,3,24,0,27,54,55,83,0,192,14,0,14,206
11/13/2012,DSM,IA,ACE,CE,Combined TRACON& Tower with Radar,61,58,64,17,200,0,3,35,0,38,61,61,99,17,238,6,14,20,258
11/14/2012,DSM,IA,ACE,CE,Combined TRACON& Tower with Radar,62,71,79,6,218,0,3,45,2,50,62,74,124,8,268,64,8,72,340
11/15/2012,DSM,IA,ACE,CE,Combined TRACON& Tower with Radar,68,67,61,16,212,0,0,39,1,40,68,67,100,17,252,52,12,64,316
11/16/2012,DSM,IA,ACE,CE,Combined TRACON& Tower with Radar,60,63,68,9,200,0,4,57,0,61,60,67,125,9,261,32,14,46,307
11/17/2012,DSM,IA,ACE,CE,Combined TRACON& Tower with Radar,47,37,30,0,114,0,1,49,0,50,47,38,79,0,164,22,0,22,186
11/18/2012,DSM,IA,ACE,CE,Combined TRACON& Tower with Radar,58,44,30,0,132,0,9,36,2,47,58,53,66,2,179,4,0,4,183
11/19/2012,DSM,IA,ACE,CE,Combined TRACON& Tower with Radar,56,40,57,11,164,0,2,40,0,42,56,42,97,11,206,38,6,44,250
11/20/2012,DSM,IA,ACE,CE,Combined TRACON& Tower with Radar,82,58,57,10,207,0,1,47,1,49,82,59,104,11,256,98,0,98,354
11/21/2012,DSM,IA,ACE,CE,Combined TRACON& Tower with Radar,79,56,38,0,173,0,2,29,0,31,79,58,67,0,204,2,0,2,206
11/22/2012,DSM,IA,ACE,CE,Combined TRACON& Tower with Radar,35,31,6,0,72,1,2,15,0,18,36,33,21,0,90,0,0,0,90
11/23/2012,DSM,IA,ACE,CE,Combined TRACON& Tower with Radar,45,34,20,0,99,0,2,13,0,15,45,36,33,0,114,0,0,0,114
11/24/2012,DSM,IA,ACE,CE,Combined TRACON& Tower with Radar,54,46,29,0,129,0,3,27,0,30,54,49,56,0,159,6,0,6,165
11/25/2012,DSM,IA,ACE,CE,Combined TRACON& Tower with Radar,61,43,31,0,135,0,1,18,0,19,61,44,49,0,154,4,0,4,158
11/26/2012,DSM,IA,ACE,CE,Combined TRACON& Tower with Radar,56,61,44,0,161,0,7,29,0,36,56,68,73,0,197,24,0,24,221
11/27/2012,DSM,IA,ACE,CE,Combined TRACON& Tower with Radar,69,63,68,13,213,0,4,33,2,39,69,67,101,15,252,10,2,12,264
11/28/2012,DSM,IA,ACE,CE,Combined TRACON& Tower with Radar,66,59,72,12,209,0,2,25,4,31,66,61,97,16,240,10,8,18,258
11/29/2012,DSM,IA,ACE,CE,Combined TRACON& Tower with Radar,70,62,60,15,207,0,1,50,1,52,70,63,110,16,259,20,0,20,279
11/30/2012,DSM,IA,ACE,CE,Combined TRACON& Tower with Radar,60,58,55,9,182,0,1,37,0,38,60,59,92,9,220,44,0,44,264
12/01/2012,DSM,IA,ACE,CE,Combined TRACON& Tower with Radar,52,26,46,7,131,0,1,5,0,6,52,27,51,7,137,14,0,14,151
12/02/2012,DSM,IA,ACE,CE,Combined TRACON& Tower with Radar,55,35,26,0,116,0,0,0,0,0,55,35,26,0,116,0,0,0,116
12/03/2012,DSM,IA,ACE,CE,Combined TRACON& Tower with Radar,55,58,64,0,177,0,1,9,0,10,55,59,73,0,187,0,0,0,187
12/04/2012,DSM,IA,ACE,CE,Combined TRACON& Tower with Radar,66,65,74,17,222,0,2,36,0,38,66,67,110,17,260,18,0,18,278
12/05/2012,DSM,IA,ACE,CE,Combined TRACON& Tower with Radar,67,71,66,14,218,1,3,32,2,38,68,74,98,16,256,18,2,20,276
12/06/2012,DSM,IA,ACE,CE,Combined TRACON& Tower with Radar,69,68,54,12,203,0,2,14,0,16,69,70,68,12,219,16,0,16,235
12/07/2012,DSM,IA,ACE,CE,Combined TRACON& Tower with Radar,60,63,62,4,189,0,1,30,0,31,60,64,92,4,220,24,4,28,248
12/08/2012,DSM,IA,ACE,CE,Combined TRACON& Tower with Radar,52,32,13,0,97,2,4,32,0,38,54,36,45,0,135,32,0,32,167
12/09/2012,DSM,IA,ACE,CE,Combined TRACON& Tower with Radar,60,39,12,0,111,0,1,0,0,1,60,40,12,0,112,4,0,4,116
12/10/2012,DSM,IA,ACE,CE,Combined TRACON& Tower with Radar,58,57,56,0,171,0,1,9,0,10,58,58,65,0,181,0,0,0,181
12/11/2012,DSM,IA,ACE,CE,Combined TRACON& Tower with Radar,72,57,67,12,208,0,3,20,0,23,72,60,87,12,231,32,0,32,263
12/12/2012,DSM,IA,ACE,CE,Combined TRACON& Tower with Radar,75,62,55,11,203,1,2,10,2,15,76,64,65,13,218,6,6,12,230
12/13/2012,DSM,IA,ACE,CE,Combined TRACON& Tower with Radar,75,65,59,10,209,0,1,27,0,28,75,66,86,10,237,10,0,10,247
12/14/2012,DSM,IA,ACE,CE,Combined TRACON& Tower with Radar,61,67,57,0,185,0,2,33,0,35,61,69,90,0,220,10,0,10,230
12/15/2012,DSM,IA,ACE,CE,Combined TRACON& Tower with Radar,48,31,15,13,107,0,0,0,0,0,48,31,15,13,107,4,0,4,111
12/16/2012,DSM,IA,ACE,CE,Combined TRACON& Tower with Radar,54,42,30,3,129,0,2,6,0,8,54,44,36,3,137,35,0,35,172
12/17/2012,DSM,IA,ACE,CE,Combined TRACON& Tower with Radar,58,64,58,0,180,0,0,11,0,11,58,64,69,0,191,14,0,14,205
12/18/2012,DSM,IA,ACE,CE,Combined TRACON& Tower with Radar,80,67,66,21,234,0,2,1,0,3,80,69,67,21,237,8,0,8,245
12/19/2012,DSM,IA,ACE,CE,Combined TRACON& Tower with Radar,62,59,51,10,182,0,3,4,0,7,62,62,55,10,189,0,0,0,189
12/20/2012,DSM,IA,ACE,CE,Combined TRACON& Tower with Radar,40,25,18,0,83,0,1,1,0,2,40,26,19,0,85,0,0,0,85
12/21/2012,DSM,IA,ACE,CE,Combined TRACON& Tower with Radar,64,69,34,0,167,0,4,12,0,16,64,73,46,0,183,0,0,0,183
12/22/2012,DSM,IA,ACE,CE,Combined TRACON& Tower with Radar,50,43,19,0,112,0,8,21,0,29,50,51,40,0,141,14,0,14,155
12/23/2012,DSM,IA,ACE,CE,Combined TRACON& Tower with Radar,48,54,16,0,118,0,0,10,0,10,48,54,26,0,128,6,0,6,134
12/24/2012,DSM,IA,ACE,CE,Combined TRACON& Tower with Radar,46,35,4,0,85,0,0,4,0,4,46,35,8,0,89,0,0,0,89
12/25/2012,DSM,IA,ACE,CE,Combined TRACON& Tower with Radar,34,35,1,0,70,0,2,2,0,4,34,37,3,0,74,0,0,0,74
12/26/2012,DSM,IA,ACE,CE,Combined TRACON& Tower with Radar,52,47,20,0,119,0,2,12,0,14,52,49,32,0,133,2,0,2,135
12/27/2012,DSM,IA,ACE,CE,Combined TRACON& Tower with Radar,59,56,23,9,147,0,1,19,0,20,59,57,42,9,167,22,16,38,205
12/28/2012,DSM,IA,ACE,CE,Combined TRACON& Tower with Radar,56,58,17,0,131,1,0,0,0,1,57,58,17,0,132,0,0,0,132
12/29/2012,DSM,IA,ACE,CE,Combined TRACON& Tower with Radar,41,41,8,0,90,0,1,22,0,23,41,42,30,0,113,22,0,22,135
12/30/2012,DSM,IA,ACE,CE,Combined TRACON& Tower with Radar,52,45,20,0,117,0,1,11,0,12,52,46,31,0,129,6,0,6,135
12/31/2012,DSM,IA,ACE,CE,Combined TRACON& Tower with Radar,41,40,13,0,94,0,4,7,0,11,41,44,20,0,105,0,0,0,105
01/01/2013,DSM,IA,ACE,CE,Combined TRACON& Tower with Radar,47,48,10,0,105,0,7,11,0,18,47,55,21,0,123,6,0,6,129
01/02/2013,DSM,IA,ACE,CE,Combined TRACON& Tower with Radar,52,58,46,10,166,1,2,18,0,21,53,60,64,10,187,8,2,10,197
01/03/2013,DSM,IA,ACE,CE,Combined TRACON& Tower with Radar,66,59,48,4,177,0,5,17,1,23,66,64,65,5,200,0,2,2,202
01/04/2013,DSM,IA,ACE,CE,Combined TRACON& Tower with Radar,59,70,26,5,160,0,3,26,4,33,59,73,52,9,193,8,10,18,211
01/05/2013,DSM,IA,ACE,CE,Combined TRACON& Tower with Radar,41,37,19,6,103,0,1,21,2,24,41,38,40,8,127,44,8,52,179
01/06/2013,DSM,IA,ACE,CE,Combined TRACON& Tower with Radar,56,42,17,0,115,1,3,31,0,35,57,45,48,0,150,32,0,32,182
01/07/2013,DSM,IA,ACE,CE,Combined TRACON& Tower with Radar,52,57,52,0,161,0,2,13,0,15,52,59,65,0,176,4,0,4,180
01/08/2013,DSM,IA,ACE,CE,Combined TRACON& Tower with Radar,60,58,38,13,169,1,1,34,2,38,61,59,72,15,207,12,8,20,227
01/09/2013,DSM,IA,ACE,CE,Combined TRACON& Tower with Radar,59,64,76,11,210,0,1,30,0,31,59,65,106,11,241,6,8,14,255
01/10/2013,DSM,IA,ACE,CE,Combined TRACON& Tower with Radar,64,55,57,7,183,0,1,6,0,7,64,56,63,7,190,0,0,0,190
01/11/2013,DSM,IA,ACE,CE,Combined TRACON& Tower with Radar,58,60,36,6,160,3,0,9,0,12,61,60,45,6,172,0,0,0,172
01/12/2013,DSM,IA,ACE,CE,Combined TRACON& Tower with Radar,37,42,5,7,91,0,2,14,0,16,37,44,19,7,107,12,0,12,119
01/13/2013,DSM,IA,ACE,CE,Combined TRACON& Tower with Radar,53,45,23,2,123,0,0,15,0,15,53,45,38,2,138,0,0,0,138
01/14/2013,DSM,IA,ACE,CE,Combined TRACON& Tower with Radar,50,61,53,0,164,0,0,21,0,21,50,61,74,0,185,8,0,8,193
01/15/2013,DSM,IA,ACE,CE,Combined TRACON& Tower with Radar,61,64,47,12,184,0,0,32,1,33,61,64,79,13,217,6,4,10,227
01/16/2013,DSM,IA,ACE,CE,Combined TRACON& Tower with Radar,62,56,58,9,185,0,1,10,0,11,62,57,68,9,196,16,14,30,226
01/17/2013,DSM,IA,ACE,CE,Combined TRACON& Tower with Radar,65,61,61,7,194,0,3,40,3,46,65,64,101,10,240,22,24,46,286
01/18/2013,DSM,IA,ACE,CE,Combined TRACON& Tower with Radar,54,58,44,1,157,0,2,16,1,19,54,60,60,2,176,5,0,5,181
01/19/2013,DSM,IA,ACE,CE,Combined TRACON& Tower with Radar,38,41,11,0,90,0,2,14,0,16,38,43,25,0,106,6,0,6,112
01/20/2013,DSM,IA,ACE,CE,Combined TRACON& Tower with Radar,54,40,24,0,118,0,0,4,0,4,54,40,28,0,122,0,0,0,122
01/21/2013,DSM,IA,ACE,CE,Combined TRACON& Tower with Radar,52,55,45,0,152,0,1,19,0,20,52,56,64,0,172,10,0,10,182
01/22/2013,DSM,IA,ACE,CE,Combined TRACON& Tower with Radar,62,55,52,8,177,0,1,12,0,13,62,56,64,8,190,0,8,8,198
01/23/2013,DSM,IA,ACE,CE,Combined TRACON& Tower with Radar,66,57,42,8,173,0,3,21,0,24,66,60,63,8,197,6,0,6,203
01/24/2013,DSM,IA,ACE,CE,Combined TRACON& Tower with Radar,64,73,43,4,184,0,2,17,1,20,64,75,60,5,204,8,2,10,214
01/25/2013,DSM,IA,ACE,CE,Combined TRACON& Tower with Radar,54,56,44,1,155,0,1,23,0,24,54,57,67,1,179,0,0,0,179
01/26/2013,DSM,IA,ACE,CE,Combined TRACON& Tower with Radar,41,42,20,12,115,0,0,41,1,42,41,42,61,13,157,14,16,30,187
01/27/2013,DSM,IA,ACE,CE,Combined TRACON& Tower with Radar,50,47,11,0,108,0,0,0,0,0,50,47,11,0,108,0,0,0,108
01/28/2013,DSM,IA,ACE,CE,Combined TRACON& Tower with Radar,54,44,41,0,139,0,0,0,0,0,54,44,41,0,139,6,0,6,145
01/29/2013,DSM,IA,ACE,CE,Combined TRACON& Tower with Radar,61,57,61,9,188,0,1,2,0,3,61,58,63,9,191,0,0,0,191
01/30/2013,DSM,IA,ACE,CE,Combined TRACON& Tower with Radar,57,53,43,0,153,0,2,4,0,6,57,55,47,0,159,0,0,0,159
01/31/2013,DSM,IA,ACE,CE,Combined TRACON& Tower with Radar,63,59,51,0,173,0,1,8,0,9,63,60,59,0,182,0,0,0,182
02/01/2013,DSM,IA,ACE,CE,Combined TRACON& Tower with Radar,54,60,59,0,173,0,1,17,0,18,54,61,76,0,191,2,0,2,193
02/02/2013,DSM,IA,ACE,CE,Combined TRACON& Tower with Radar,42,39,25,0,106,0,1,25,2,28,42,40,50,2,134,0,0,0,134
02/03/2013,DSM,IA,ACE,CE,Combined TRACON& Tower with Radar,55,39,22,0,116,0,7,35,2,44,55,46,57,2,160,18,0,18,178
02/04/2013,DSM,IA,ACE,CE,Combined TRACON& Tower with Radar,49,61,59,0,169,0,4,6,0,10,49,65,65,0,179,16,0,16,195
02/05/2013,DSM,IA,ACE,CE,Combined TRACON& Tower with Radar,62,51,47,8,168,0,2,11,0,13,62,53,58,8,181,0,6,6,187
02/06/2013,DSM,IA,ACE,CE,Combined TRACON& Tower with Radar,64,56,64,14,198,0,4,32,1,37,64,60,96,15,235,30,16,46,281
02/07/2013,DSM,IA,ACE,CE,Combined TRACON& Tower with Radar,64,56,42,10,172,0,0,0,0,0,64,56,42,10,172,0,0,0,172
02/08/2013,DSM,IA,ACE,CE,Combined TRACON& Tower with Radar,58,55,54,7,174,0,1,4,0,5,58,56,58,7,179,4,0,4,183
02/09/2013,DSM,IA,ACE,CE,Combined TRACON& Tower with Radar,39,41,13,14,107,0,2,4,0,6,39,43,17,14,113,6,0,6,119
02/10/2013,DSM,IA,ACE,CE,Combined TRACON& Tower with Radar,54,42,17,0,113,0,1,2,0,3,54,43,19,0,116,0,0,0,116
02/11/2013,DSM,IA,ACE,CE,Combined TRACON& Tower with Radar,53,55,43,0,151,0,0,2,0,2,53,55,45,0,153,0,0,0,153
02/12/2013,DSM,IA,ACE,CE,Combined TRACON& Tower with Radar,62,59,48,8,177,0,2,33,6,41,62,61,81,14,218,0,4,4,222
02/13/2013,DSM,IA,ACE,CE,Combined TRACON& Tower with Radar,63,61,75,10,209,0,2,32,5,39,63,63,107,15,248,2,14,16,264
02/14/2013,DSM,IA,ACE,CE,Combined TRACON& Tower with Radar,64,69,46,6,185,0,0,11,0,11,64,69,57,6,196,4,12,16,212
02/15/2013,DSM,IA,ACE,CE,Combined TRACON& Tower with Radar,56,64,45,1,166,0,3,28,0,31,56,67,73,1,197,0,0,0,197
02/16/2013,DSM,IA,ACE,CE,Combined TRACON& Tower with Radar,46,43,24,0,113,0,4,72,0,76,46,47,96,0,189,68,0,68,257
02/17/2013,DSM,IA,ACE,CE,Combined TRACON& Tower with Radar,47,47,25,1,120,0,1,30,0,31,47,48,55,1,151,19,0,19,170
02/18/2013,DSM,IA,ACE,CE,Combined TRACON& Tower with Radar,48,63,44,0,155,0,2,6,0,8,48,65,50,0,163,0,0,0,163
02/19/2013,DSM,IA,ACE,CE,Combined TRACON& Tower with Radar,59,58,53,5,175,0,3,3,0,6,59,61,56,5,181,8,0,8,189
02/20/2013,DSM,IA,ACE,CE,Combined TRACON& Tower with Radar,64,72,61,9,206,0,2,23,0,25,64,74,84,9,231,4,0,4,235
02/21/2013,DSM,IA,ACE,CE,Combined TRACON& Tower with Radar,53,49,28,8,138,2,0,2,0,4,55,49,30,8,142,2,0,2,144
02/22/2013,DSM,IA,ACE,CE,Combined TRACON& Tower with Radar,53,46,43,4,146,0,0,7,0,7,53,46,50,4,153,12,0,12,165
02/23/2013,DSM,IA,ACE,CE,Combined TRACON& Tower with Radar,47,43,32,0,122,0,2,30,0,32,47,45,62,0,154,24,0,24,178
02/24/2013,DSM,IA,ACE,CE,Combined TRACON& Tower with Radar,58,48,17,0,123,0,4,41,0,45,58,52,58,0,168,14,0,14,182
02/25/2013,DSM,IA,ACE,CE,Combined TRACON& Tower with Radar,49,63,43,1,156,0,1,9,0,10,49,64,52,1,166,8,0,8,174
02/26/2013,DSM,IA,ACE,CE,Combined TRACON& Tower with Radar,51,47,22,5,125,0,0,0,0,0,51,47,22,5,125,0,0,0,125
02/27/2013,DSM,IA,ACE,CE,Combined TRACON& Tower with Radar,62,65,45,0,172,0,1,1,0,2,62,66,46,0,174,0,0,0,174
02/28/2013,DSM,IA,ACE,CE,Combined TRACON& Tower with Radar,63,70,66,3,202,0,1,3,0,4,63,71,69,3,206,0,0,0,206
03/01/2013,DSM,IA,ACE,CE,Combined TRACON& Tower with Radar,53,64,61,4,182,0,1,2,0,3,53,65,63,4,185,20,0,20,205
03/02/2013,DSM,IA,ACE,CE,Combined TRACON& Tower with Radar,49,48,41,6,144,2,2,34,6,44,51,50,75,12,188,20,0,20,208
03/03/2013,DSM,IA,ACE,CE,Combined TRACON& Tower with Radar,50,56,25,0,131,0,5,44,0,49,50,61,69,0,180,14,0,14,194
03/04/2013,DSM,IA,ACE,CE,Combined TRACON& Tower with Radar,45,60,53,0,158,0,2,9,0,11,45,62,62,0,169,0,0,0,169
03/05/2013,DSM,IA,ACE,CE,Combined TRACON& Tower with Radar,54,64,46,4,168,0,2,1,0,3,54,66,47,4,171,0,0,0,171
03/06/2013,DSM,IA,ACE,CE,Combined TRACON& Tower with Radar,56,70,65,0,191,0,1,19,0,20,56,71,84,0,211,34,0,34,245
03/07/2013,DSM,IA,ACE,CE,Combined TRACON& Tower with Radar,64,67,70,0,201,0,4,37,0,41,64,71,107,0,242,26,0,26,268
03/08/2013,DSM,IA,ACE,CE,Combined TRACON& Tower with Radar,49,81,33,6,169,0,2,26,4,32,49,83,59,10,201,38,8,46,247
03/09/2013,DSM,IA,ACE,CE,Combined TRACON& Tower with Radar,45,46,11,0,102,0,0,1,0,1,45,46,12,0,103,0,0,0,103
03/10/2013,DSM,IA,ACE,CE,Combined TRACON& Tower with Radar,51,53,9,0,113,0,0,0,0,0,51,53,9,0,113,0,0,0,113
03/11/2013,DSM,IA,ACE,CE,Combined TRACON& Tower with Radar,48,61,38,1,148,0,3,11,0,14,48,64,49,1,162,24,0,24,186
03/12/2013,DSM,IA,ACE,CE,Combined TRACON& Tower with Radar,58,63,54,7,182,0,3,6,0,9,58,66,60,7,191,0,0,0,191
03/13/2013,DSM,IA,ACE,CE,Combined TRACON& Tower with Radar,60,65,77,2,204,0,1,40,1,42,60,66,117,3,246,16,2,18,264
03/14/2013,DSM,IA,ACE,CE,Combined TRACON& Tower with Radar,64,73,65,14,216,0,2,37,1,40,64,75,102,15,256,22,24,46,302
03/15/2013,DSM,IA,ACE,CE,Combined TRACON& Tower with Radar,52,74,54,0,180,0,1,27,0,28,52,75,81,0,208,54,0,54,262
03/16/2013,DSM,IA,ACE,CE,Combined TRACON& Tower with Radar,46,51,18,0,115,0,0,3,0,3,46,51,21,0,118,36,0,36,154
03/17/2013,DSM,IA,ACE,CE,Combined TRACON& Tower with Radar,52,49,30,0,131,0,0,34,0,34,52,49,64,0,165,56,0,56,221
03/18/2013,DSM,IA,ACE,CE,Combined TRACON& Tower with Radar,49,57,42,2,150,0,1,5,0,6,49,58,47,2,156,0,0,0,156
03/19/2013,DSM,IA,ACE,CE,Combined TRACON& Tower with Radar,58,72,42,2,174,0,0,37,0,37,58,72,79,2,211,36,0,36,247
03/20/2013,DSM,IA,ACE,CE,Combined TRACON& Tower with Radar,64,67,58,0,189,0,1,35,0,36,64,68,93,0,225,14,0,14,239
03/21/2013,DSM,IA,ACE,CE,Combined TRACON& Tower with Radar,63,74,52,0,189,0,2,27,0,29,63,76,79,0,218,28,0,28,246
03/22/2013,DSM,IA,ACE,CE,Combined TRACON& Tower with Radar,54,70,37,0,161,1,3,25,0,29,55,73,62,0,190,44,0,44,234
03/23/2013,DSM,IA,ACE,CE,Combined TRACON& Tower with Radar,47,57,22,0,126,0,1,27,0,28,47,58,49,0,154,36,0,36,190
03/24/2013,DSM,IA,ACE,CE,Combined TRACON& Tower with Radar,54,61,49,0,164,0,0,0,0,0,54,61,49,0,164,0,0,0,164
03/25/2013,DSM,IA,ACE,CE,Combined TRACON& Tower with Radar,48,65,60,0,173,0,0,10,0,10,48,65,70,0,183,0,0,0,183
03/26/2013,DSM,IA,ACE,CE,Combined TRACON& Tower with Radar,58,74,57,11,200,0,3,10,7,20,58,77,67,18,220,2,36,38,258
03/27/2013,DSM,IA,ACE,CE,Combined TRACON& Tower with Radar,62,69,66,0,197,0,3,27,0,30,62,72,93,0,227,24,0,24,251
03/28/2013,DSM,IA,ACE,CE,Combined TRACON& Tower with Radar,57,69,52,6,184,0,2,30,4,36,57,71,82,10,220,80,22,102,322
03/29/2013,DSM,IA,ACE,CE,Combined TRACON& Tower with Radar,47,65,39,9,160,0,2,35,0,37,47,67,74,9,197,58,14,72,269
03/30/2013,DSM,IA,ACE,CE,Combined TRACON& Tower with Radar,44,48,8,0,100,0,0,2,0,2,44,48,10,0,102,0,0,0,102
03/31/2013,DSM,IA,ACE,CE,Combined TRACON& Tower with Radar,47,54,15,0,116,0,1,9,0,10,47,55,24,0,126,0,0,0,126
04/01/2013,DSM,IA,ACE,CE,Combined TRACON& Tower with Radar,51,59,59,0,169,0,2,30,0,32,51,61,89,0,201,56,0,56,257
04/02/2013,DSM,IA,ACE,CE,Combined TRACON& Tower with Radar,57,71,47,7,182,0,0,27,1,28,57,71,74,8,210,10,0,10,220
04/03/2013,DSM,IA,ACE,CE,Combined TRACON& Tower with Radar,58,71,61,6,196,0,4,43,4,51,58,75,104,10,247,40,16,56,303
04/04/2013,DSM,IA,ACE,CE,Combined TRACON& Tower with Radar,58,67,51,6,182,0,1,40,3,44,58,68,91,9,226,20,0,20,246
04/05/2013,DSM,IA,ACE,CE,Combined TRACON& Tower with Radar,52,61,39,8,160,0,5,44,1,50,52,66,83,9,210,42,8,50,260
04/06/2013,DSM,IA,ACE,CE,Combined TRACON& Tower with Radar,42,49,16,13,120,0,0,13,0,13,42,49,29,13,133,24,12,36,169
04/07/2013,DSM,IA,ACE,CE,Combined TRACON& Tower with Radar,50,59,31,2,142,1,0,26,0,27,51,59,57,2,169,42,0,42,211
04/08/2013,DSM,IA,ACE,CE,Combined TRACON& Tower with Radar,45,69,53,3,170,0,1,21,0,22,45,70,74,3,192,4,2,6,198
04/09/2013,DSM,IA,ACE,CE,Combined TRACON& Tower with Radar,60,57,45,13,175,2,0,0,0,2,62,57,45,13,177,0,8,8,185
04/10/2013,DSM,IA,ACE,CE,Combined TRACON& Tower with Radar,57,52,37,0,146,0,0,3,0,3,57,52,40,0,149,0,0,0,149
04/11/2013,DSM,IA,ACE,CE,Combined TRACON& Tower with Radar,62,63,47,6,178,0,0,0,0,0,62,63,47,6,178,0,0,0,178
04/12/2013,DSM,IA,ACE,CE,Combined TRACON& Tower with Radar,57,63,39,9,168,0,1,10,0,11,57,64,49,9,179,1,0,1,180
04/13/2013,DSM,IA,ACE,CE,Combined TRACON& Tower with Radar,41,43,18,0,102,0,1,56,0,57,41,44,74,0,159,42,0,42,201
04/14/2013,DSM,IA,ACE,CE,Combined TRACON& Tower with Radar,51,56,22,1,130,0,5,4,0,9,51,61,26,1,139,0,0,0,139
04/15/2013,DSM,IA,ACE,CE,Combined TRACON& Tower with Radar,50,58,50,4,162,0,5,20,0,25,50,63,70,4,187,22,0,22,209
04/16/2013,DSM,IA,ACE,CE,Combined TRACON& Tower with Radar,62,56,62,9,189,0,2,35,1,38,62,58,97,10,227,22,26,48,275
04/17/2013,DSM,IA,ACE,CE,Combined TRACON& Tower with Radar,49,40,47,0,136,0,0,3,0,3,49,40,50,0,139,0,0,0,139
04/18/2013,DSM,IA,ACE,CE,Combined TRACON& Tower with Radar,64,52,43,0,159,0,0,1,0,1,64,52,44,0,160,0,0,0,160
04/19/2013,DSM,IA,ACE,CE,Combined TRACON& Tower with Radar,56,56,52,15,179,0,5,9,2,16,56,61,61,17,195,4,32,36,231
04/20/2013,DSM,IA,ACE,CE,Combined TRACON& Tower with Radar,37,47,26,14,124,0,2,73,3,78,37,49,99,17,202,36,42,78,280
04/21/2013,DSM,IA,ACE,CE,Combined TRACON& Tower with Radar,49,56,24,0,129,0,1,15,4,20,49,57,39,4,149,32,0,32,181
04/22/2013,DSM,IA,ACE,CE,Combined TRACON& Tower with Radar,52,62,35,0,149,2,3,11,0,16,54,65,46,0,165,2,0,2,167
04/23/2013,DSM,IA,ACE,CE,Combined TRACON& Tower with Radar,58,66,59,19,202,0,3,8,0,11,58,69,67,19,213,0,0,0,213
04/24/2013,DSM,IA,ACE,CE,Combined TRACON& Tower with Radar,56,75,62,8,201,0,0,30,6,36,56,75,92,14,237,18,16,34,271
04/25/2013,DSM,IA,ACE,CE,Combined TRACON& Tower with Radar,68,67,76,15,226,0,3,59,4,66,68,70,135,19,292,44,18,62,354
04/26/2013,DSM,IA,ACE,CE,Combined TRACON& Tower with Radar,57,59,37,10,163,0,6,28,1,35,57,65,65,11,198,16,20,36,234
04/27/2013,DSM,IA,ACE,CE,Combined TRACON& Tower with Radar,36,45,30,0,111,0,4,53,0,57,36,49,83,0,168,73,0,73,241
04/28/2013,DSM,IA,ACE,CE,Combined TRACON& Tower with Radar,51,54,26,2,133,0,3,38,0,41,51,57,64,2,174,78,0,78,252
04/29/2013,DSM,IA,ACE,CE,Combined TRACON& Tower with Radar,51,61,43,4,159,0,4,14,0,18,51,65,57,4,177,64,0,64,241
04/30/2013,DSM,IA,ACE,CE,Combined TRACON& Tower with Radar,62,62,49,5,178,0,2,22,2,26,62,64,71,7,204,2,18,20,224
05/01/2013,DSM,IA,ACE,CE,Combined TRACON& Tower with Radar,59,62,42,7,170,0,0,8,0,8,59,62,50,7,178,0,12,12,190
05/02/2013,DSM,IA,ACE,CE,Combined TRACON& Tower with Radar,60,62,37,0,159,0,0,0,0,0,60,62,37,0,159,0,0,0,159
05/03/2013,DSM,IA,ACE,CE,Combined TRACON& Tower with Radar,52,56,37,0,145,0,0,1,0,1,52,56,38,0,146,0,0,0,146
05/04/2013,DSM,IA,ACE,CE,Combined TRACON& Tower with Radar,36,42,13,0,91,0,0,0,0,0,36,42,13,0,91,0,0,0,91
05/05/2013,DSM,IA,ACE,CE,Combined TRACON& Tower with Radar,46,54,25,6,131,2,0,3,0,5,48,54,28,6,136,10,2,12,148
05/06/2013,DSM,IA,ACE,CE,Combined TRACON& Tower with Radar,50,68,52,0,170,0,3,32,0,35,50,71,84,0,205,48,0,48,253
05/07/2013,DSM,IA,ACE,CE,Combined TRACON& Tower with Radar,55,69,58,9,191,0,3,27,0,30,55,72,85,9,221,12,26,38,259
05/08/2013,DSM,IA,ACE,CE,Combined TRACON& Tower with Radar,61,66,57,13,197,0,5,28,0,33,61,71,85,13,230,36,12,48,278
05/09/2013,DSM,IA,ACE,CE,Combined TRACON& Tower with Radar,59,70,48,12,189,0,2,5,0,7,59,72,53,12,196,36,4,40,236
05/10/2013,DSM,IA,ACE,CE,Combined TRACON& Tower with Radar,54,69,56,9,188,1,2,13,0,16,55,71,69,9,204,2,0,2,206
05/11/2013,DSM,IA,ACE,CE,Combined TRACON& Tower with Radar,35,44,15,12,106,1,4,21,6,32,36,48,36,18,138,8,20,28,166
05/12/2013,DSM,IA,ACE,CE,Combined TRACON& Tower with Radar,50,51,26,1,128,0,3,41,0,44,50,54,67,1,172,24,0,24,196
05/13/2013,DSM,IA,ACE,CE,Combined TRACON& Tower with Radar,54,65,52,0,171,0,2,32,0,34,54,67,84,0,205,8,0,8,213
05/14/2013,DSM,IA,ACE,CE,Combined TRACON& Tower with Radar,57,70,51,4,182,0,1,35,1,37,57,71,86,5,219,10,10,20,239
05/15/2013,DSM,IA,ACE,CE,Combined TRACON& Tower with Radar,60,69,59,8,196,0,5,41,1,47,60,74,100,9,243,36,10,46,289
05/16/2013,DSM,IA,ACE,CE,Combined TRACON& Tower with Radar,62,71,59,5,197,0,4,28,0,32,62,75,87,5,229,30,2,32,261
05/17/2013,DSM,IA,ACE,CE,Combined TRACON& Tower with Radar,54,67,55,9,185,0,1,36,0,37,54,68,91,9,222,36,12,48,270
05/18/2013,DSM,IA,ACE,CE,Combined TRACON& Tower with Radar,40,41,21,2,104,6,0,28,0,34,46,41,49,2,138,6,0,6,144
05/19/2013,DSM,IA,ACE,CE,Combined TRACON& Tower with Radar,50,51,22,0,123,3,1,20,0,24,53,52,42,0,147,4,0,4,151
05/20/2013,DSM,IA,ACE,CE,Combined TRACON& Tower with Radar,49,81,55,0,185,0,1,20,0,21,49,82,75,0,206,8,0,8,214
05/21/2013,DSM,IA,ACE,CE,Combined TRACON& Tower with Radar,60,66,65,13,204,0,3,25,7,35,60,69,90,20,239,16,28,44,283
05/22/2013,DSM,IA,ACE,CE,Combined TRACON& Tower with Radar,65,75,51,6,197,0,1,1,2,4,65,76,52,8,201,32,0,32,233
05/23/2013,DSM,IA,ACE,CE,Combined TRACON& Tower with Radar,62,71,76,7,216,0,3,44,1,48,62,74,120,8,264,32,20,52,316
05/24/2013,DSM,IA,ACE,CE,Combined TRACON& Tower with Radar,52,72,54,1,179,0,1,51,0,52,52,73,105,1,231,4,0,4,235
05/25/2013,DSM,IA,ACE,CE,Combined TRACON& Tower with Radar,37,41,9,3,90,0,1,6,0,7,37,42,15,3,97,1,0,1,98
05/26/2013,DSM,IA,ACE,CE,Combined TRACON& Tower with Radar,45,39,16,0,100,0,2,0,0,2,45,41,16,0,102,0,0,0,102
05/27/2013,DSM,IA,ACE,CE,Combined TRACON& Tower with Radar,45,60,24,0,129,0,1,16,0,17,45,61,40,0,146,38,0,38,184
05/28/2013,DSM,IA,ACE,CE,Combined TRACON& Tower with Radar,50,70,58,7,185,0,0,12,0,12,50,70,70,7,197,6,26,32,229
05/29/2013,DSM,IA,ACE,CE,Combined TRACON& Tower with Radar,61,62,59,3,185,0,0,15,0,15,61,62,74,3,200,2,4,6,206
05/30/2013,DSM,IA,ACE,CE,Combined TRACON& Tower with Radar,60,67,56,13,196,3,1,18,2,24,63,68,74,15,220,6,16,22,242
05/31/2013,DSM,IA,ACE,CE,Combined TRACON& Tower with Radar,52,64,23,2,141,0,1,19,5,25,52,65,42,7,166,10,12,22,188
06/01/2013,DSM,IA,ACE,CE,Combined TRACON& Tower with Radar,40,44,12,0,96,0,1,18,0,19,40,45,30,0,115,34,0,34,149
06/02/2013,DSM,IA,ACE,CE,Combined TRACON& Tower with Radar,51,58,31,2,142,0,1,32,0,33,51,59,63,2,175,2,0,2,177
06/03/2013,DSM,IA,ACE,CE,Combined TRACON& Tower with Radar,53,68,51,2,174,0,1,29,0,30,53,69,80,2,204,12,0,12,216
06/04/2013,DSM,IA,ACE,CE,Combined TRACON& Tower with Radar,58,75,47,6,186,4,0,10,0,14,62,75,57,6,200,1,1,2,202
06/05/2013,DSM,IA,ACE,CE,Combined TRACON& Tower with Radar,62,73,68,8,211,0,2,12,0,14,62,75,80,8,225,42,0,42,267
06/06/2013,DSM,IA,ACE,CE,Combined TRACON& Tower with Radar,62,72,97,9,240,0,6,52,0,58,62,78,149,9,298,38,18,56,354
06/07/2013,DSM,IA,ACE,CE,Combined TRACON& Tower with Radar,58,73,85,8,224,0,1,25,0,26,58,74,110,8,250,22,8,30,280
06/08/2013,DSM,IA,ACE,CE,Combined TRACON& Tower with Radar,52,45,30,6,133,0,4,23,0,27,52,49,53,6,160,10,0,10,170
06/09/2013,DSM,IA,ACE,CE,Combined TRACON& Tower with Radar,57,67,32,4,160,0,2,8,0,10,57,69,40,4,170,0,0,0,170
06/10/2013,DSM,IA,ACE,CE,Combined TRACON& Tower with Radar,50,64,53,0,167,0,1,24,0,25,50,65,77,0,192,12,0,12,204
06/11/2013,DSM,IA,ACE,CE,Combined TRACON& Tower with Radar,64,76,75,16,231,0,1,31,1,33,64,77,106,17,264,56,18,74,338
06/12/2013,DSM,IA,ACE,CE,Combined TRACON& Tower with Radar,67,71,65,8,211,0,2,10,2,14,67,73,75,10,225,0,24,24,249
06/13/2013,DSM,IA,ACE,CE,Combined TRACON& Tower with Radar,62,69,78,9,218,0,1,47,8,56,62,70,125,17,274,40,22,62,336
06/14/2013,DSM,IA,ACE,CE,Combined TRACON& Tower with Radar,59,64,55,2,180,2,3,15,0,20,61,67,70,2,200,8,4,12,212
06/15/2013,DSM,IA,ACE,CE,Combined TRACON& Tower with Radar,50,52,20,1,123,2,2,17,0,21,52,54,37,1,144,34,0,34,178
06/16/2013,DSM,IA,ACE,CE,Combined TRACON& Tower with Radar,52,63,19,0,134,0,0,45,0,45,52,63,64,0,179,12,0,12,191
06/17/2013,DSM,IA,ACE,CE,Combined TRACON& Tower with Radar,54,66,84,2,206,0,1,30,0,31,54,67,114,2,237,34,0,34,271
06/18/2013,DSM,IA,ACE,CE,Combined TRACON& Tower with Radar,58,71,52,5,186,0,4,31,5,40,58,75,83,10,226,0,38,38,264
06/19/2013,DSM,IA,ACE,CE,Combined TRACON& Tower with Radar,67,70,46,7,190,0,4,43,2,49,67,74,89,9,239,24,14,38,277
06/20/2013,DSM,IA,ACE,CE,Combined TRACON& Tower with Radar,62,69,63,2,196,0,0,37,42,79,62,69,100,44,275,1,0,1,276
06/21/2013,DSM,IA,ACE,CE,Combined TRACON& Tower with Radar,57,66,56,2,181,3,5,13,0,21,60,71,69,2,202,10,30,40,242
06/22/2013,DSM,IA,ACE,CE,Combined TRACON& Tower with Radar,45,53,24,5,127,0,2,32,1,35,45,55,56,6,162,6,0,6,168
06/23/2013,DSM,IA,ACE,CE,Combined TRACON& Tower with Radar,58,54,31,0,143,0,3,19,0,22,58,57,50,0,165,0,0,0,165
06/24/2013,DSM,IA,ACE,CE,Combined TRACON& Tower with Radar,56,71,65,0,192,0,3,24,0,27,56,74,89,0,219,28,0,28,247
06/25/2013,DSM,IA,ACE,CE,Combined TRACON& Tower with Radar,56,76,67,8,207,0,0,29,4,33,56,76,96,12,240,10,32,42,282
06/26/2013,DSM,IA,ACE,CE,Combined TRACON& Tower with Radar,67,71,75,8,221,0,2,42,2,46,67,73,117,10,267,40,8,48,315
06/27/2013,DSM,IA,ACE,CE,Combined TRACON& Tower with Radar,64,62,70,6,202,0,3,49,4,56,64,65,119,10,258,24,26,50,308
06/28/2013,DSM,IA,ACE,CE,Combined TRACON& Tower with Radar,51,56,59,4,170,0,2,23,9,34,51,58,82,13,204,8,28,36,240
06/29/2013,DSM,IA,ACE,CE,Combined TRACON& Tower with Radar,45,46,15,0,106,0,2,30,0,32,45,48,45,0,138,6,0,6,144
06/30/2013,DSM,IA,ACE,CE,Combined TRACON& Tower with Radar,54,55,16,0,125,0,2,54,0,56,54,57,70,0,181,0,0,0,181
07/01/2013,DSM,IA,ACE,CE,Combined TRACON& Tower with Radar,49,63,43,4,159,0,3,41,5,49,49,66,84,9,208,42,26,68,276
07/02/2013,DSM,IA,ACE,CE,Combined TRACON& Tower with Radar,52,65,48,6,171,0,2,32,4,38,52,67,80,10,209,8,18,26,235
07/03/2013,DSM,IA,ACE,CE,Combined TRACON& Tower with Radar,62,71,62,4,199,0,1,66,2,69,62,72,128,6,268,50,24,74,342
07/04/2013,DSM,IA,ACE,CE,Combined TRACON& Tower with Radar,34,44,6,0,84,0,3,40,0,43,34,47,46,0,127,0,0,0,127
07/05/2013,DSM,IA,ACE,CE,Combined TRACON& Tower with Radar,44,54,16,0,114,3,0,32,0,35,47,54,48,0,149,8,0,8,157
07/06/2013,DSM,IA,ACE,CE,Combined TRACON& Tower with Radar,44,49,13,0,106,0,3,23,0,26,44,52,36,0,132,6,0,6,138
07/07/2013,DSM,IA,ACE,CE,Combined TRACON& Tower with Radar,48,63,22,0,133,0,0,30,0,30,48,63,52,0,163,0,0,0,163
07/08/2013,DSM,IA,ACE,CE,Combined TRACON& Tower with Radar,46,72,64,0,182,0,1,24,0,25,46,73,88,0,207,63,0,63,270
07/09/2013,DSM,IA,ACE,CE,Combined TRACON& Tower with Radar,55,72,43,5,175,4,1,20,3,28,59,73,63,8,203,24,28,52,255
07/10/2013,DSM,IA,ACE,CE,Combined TRACON& Tower with Radar,59,69,51,8,187,0,6,31,6,43,59,75,82,14,230,58,24,82,312
07/11/2013,DSM,IA,ACE,CE,Combined TRACON& Tower with Radar,66,69,65,3,203,0,0,46,8,54,66,69,111,11,257,34,40,74,331
07/12/2013,DSM,IA,ACE,CE,Combined TRACON& Tower with Radar,57,67,55,0,179,0,1,50,0,51,57,68,105,0,230,32,0,32,262
07/13/2013,DSM,IA,ACE,CE,Combined TRACON& Tower with Radar,50,56,16,1,123,0,3,36,0,39,50,59,52,1,162,38,0,38,200
07/14/2013,DSM,IA,ACE,CE,Combined TRACON& Tower with Radar,56,60,28,1,145,0,1,62,0,63,56,61,90,1,208,24,0,24,232
07/15/2013,DSM,IA,ACE,CE,Combined TRACON& Tower with Radar,50,68,43,0,161,1,1,32,0,34,51,69,75,0,195,57,0,57,252
07/16/2013,DSM,IA,ACE,CE,Combined TRACON& Tower with Radar,57,92,64,30,243,0,0,40,3,43,57,92,104,33,286,42,54,96,382
07/17/2013,DSM,IA,ACE,CE,Combined TRACON& Tower with Radar,60,77,71,2,210,0,2,31,4,37,60,79,102,6,247,66,10,76,323
07/18/2013,DSM,IA,ACE,CE,Combined TRACON& Tower with Radar,62,80,52,2,196,0,2,34,3,39,62,82,86,5,235,78,12,90,325
07/19/2013,DSM,IA,ACE,CE,Combined TRACON& Tower with Radar,53,74,47,0,174,0,1,8,0,9,53,75,55,0,183,4,0,4,187
07/20/2013,DSM,IA,ACE,CE,Combined TRACON& Tower with Radar,46,52,25,6,129,0,2,49,3,54,46,54,74,9,183,106,0,106,289
07/21/2013,DSM,IA,ACE,CE,Combined TRACON& Tower with Radar,48,57,29,1,135,0,1,23,0,24,48,58,52,1,159,14,0,14,173
07/22/2013,DSM,IA,ACE,CE,Combined TRACON& Tower with Radar,50,78,59,3,190,0,3,32,0,35,50,81,91,3,225,8,0,8,233
07/23/2013,DSM,IA,ACE,CE,Combined TRACON& Tower with Radar,57,82,53,2,194,0,6,43,5,54,57,88,96,7,248,49,16,65,313
07/24/2013,DSM,IA,ACE,CE,Combined TRACON& Tower with Radar,62,84,47,2,195,0,4,39,4,47,62,88,86,6,242,29,16,45,287
07/25/2013,DSM,IA,ACE,CE,Combined TRACON& Tower with Radar,61,86,50,6,203,0,2,39,26,67,61,88,89,32,270,0,0,0,270
07/26/2013,DSM,IA,ACE,CE,Combined TRACON& Tower with Radar,55,80,47,0,182,0,3,20,0,23,55,83,67,0,205,0,0,0,205
07/27/2013,DSM,IA,ACE,CE,Combined TRACON& Tower with Radar,46,53,24,1,124,0,2,29,0,31,46,55,53,1,155,34,0,34,189
07/28/2013,DSM,IA,ACE,CE,Combined TRACON& Tower with Radar,48,63,34,0,145,0,1,40,0,41,48,64,74,0,186,44,0,44,230
07/29/2013,DSM,IA,ACE,CE,Combined TRACON& Tower with Radar,48,82,65,2,197,0,2,36,0,38,48,84,101,2,235,26,0,26,261
07/30/2013,DSM,IA,ACE,CE,Combined TRACON& Tower with Radar,57,69,36,7,169,0,0,2,0,2,57,69,38,7,171,0,0,0,171
07/31/2013,DSM,IA,ACE,CE,Combined TRACON& Tower with Radar,61,79,58,3,201,0,0,26,3,29,61,79,84,6,230,4,18,22,252
08/01/2013,DSM,IA,ACE,CE,Combined TRACON& Tower with Radar,62,69,45,1,177,0,4,32,3,39,62,73,77,4,216,38,6,44,260
08/02/2013,DSM,IA,ACE,CE,Combined TRACON& Tower with Radar,55,63,36,0,154,0,3,27,0,30,55,66,63,0,184,62,0,62,246
08/03/2013,DSM,IA,ACE,CE,Combined TRACON& Tower with Radar,47,55,27,6,135,2,6,35,0,43,49,61,62,6,178,18,0,18,196
08/04/2013,DSM,IA,ACE,CE,Combined TRACON& Tower with Radar,51,71,37,4,163,0,3,39,0,42,51,74,76,4,205,40,0,40,245
08/05/2013,DSM,IA,ACE,CE,Combined TRACON& Tower with Radar,49,74,53,1,177,0,1,22,1,24,49,75,75,2,201,18,0,18,219
08/06/2013,DSM,IA,ACE,CE,Combined TRACON& Tower with Radar,70,77,58,3,208,0,4,20,1,25,70,81,78,4,233,6,12,18,251
08/07/2013,DSM,IA,ACE,CE,Combined TRACON& Tower with Radar,61,79,54,8,202,0,4,21,1,26,61,83,75,9,228,2,16,18,246
08/08/2013,DSM,IA,ACE,CE,Combined TRACON& Tower with Radar,64,78,53,2,197,0,1,34,4,39,64,79,87,6,236,78,0,78,314
08/09/2013,DSM,IA,ACE,CE,Combined TRACON& Tower with Radar,52,78,42,2,174,0,1,28,2,31,52,79,70,4,205,30,0,30,235
08/10/2013,DSM,IA,ACE,CE,Combined TRACON& Tower with Radar,46,51,21,0,118,0,3,51,0,54,46,54,72,0,172,38,0,38,210
08/11/2013,DSM,IA,ACE,CE,Combined TRACON& Tower with Radar,50,67,27,0,144,0,1,47,0,48,50,68,74,0,192,84,0,84,276
08/12/2013,DSM,IA,ACE,CE,Combined TRACON& Tower with Radar,48,75,71,2,196,0,2,16,0,18,48,77,87,2,214,0,0,0,214
08/13/2013,DSM,IA,ACE,CE,Combined TRACON& Tower with Radar,62,81,71,3,217,0,1,25,3,29,62,82,96,6,246,52,24,76,322
08/14/2013,DSM,IA,ACE,CE,Combined TRACON& Tower with Radar,66,80,78,4,228,0,4,60,2,66,66,84,138,6,294,58,4,62,356
08/15/2013,DSM,IA,ACE,CE,Combined TRACON& Tower with Radar,67,65,65,2,199,0,3,29,0,32,67,68,94,2,231,6,18,24,255
08/16/2013,DSM,IA,ACE,CE,Combined TRACON& Tower with Radar,53,68,54,6,181,0,2,35,0,37,53,70,89,6,218,12,4,16,234
08/17/2013,DSM,IA,ACE,CE,Combined TRACON& Tower with Radar,42,50,22,4,118,0,1,45,0,46,42,51,67,4,164,84,0,84,248
08/18/2013,DSM,IA,ACE,CE,Combined TRACON& Tower with Radar,55,51,34,0,140,0,3,66,0,69,55,54,100,0,209,0,0,0,209
08/19/2013,DSM,IA,ACE,CE,Combined TRACON& Tower with Radar,52,60,61,6,179,0,3,23,0,26,52,63,84,6,205,22,0,22,227
08/20/2013,DSM,IA,ACE,CE,Combined TRACON& Tower with Radar,60,67,55,2,184,0,1,33,2,36,60,68,88,4,220,5,0,5,225
08/21/2013,DSM,IA,ACE,CE,Combined TRACON& Tower with Radar,60,75,73,0,208,0,0,26,0,26,60,75,99,0,234,44,0,44,278
08/22/2013,DSM,IA,ACE,CE,Combined TRACON& Tower with Radar,60,79,50,1,190,0,0,16,4,20,60,79,66,5,210,18,14,32,242
08/23/2013,DSM,IA,ACE,CE,Combined TRACON& Tower with Radar,59,72,59,0,190,0,0,24,1,25,59,72,83,1,215,28,0,28,243
08/24/2013,DSM,IA,ACE,CE,Combined TRACON& Tower with Radar,36,39,11,0,86,0,1,26,0,27,36,40,37,0,113,8,0,8,121
08/25/2013,DSM,IA,ACE,CE,Combined TRACON& Tower with Radar,56,46,35,0,137,2,5,34,0,41,58,51,69,0,178,14,0,14,192
08/26/2013,DSM,IA,ACE,CE,Combined TRACON& Tower with Radar,54,60,59,0,173,0,3,27,0,30,54,63,86,0,203,20,0,20,223
08/27/2013,DSM,IA,ACE,CE,Combined TRACON& Tower with Radar,58,75,51,2,186,0,5,14,0,19,58,80,65,2,205,22,0,22,227
08/28/2013,DSM,IA,ACE,CE,Combined TRACON& Tower with Radar,56,82,62,3,203,0,0,42,0,42,56,82,104,3,245,30,0,30,275
08/29/2013,DSM,IA,ACE,CE,Combined TRACON& Tower with Radar,65,73,48,0,186,0,1,33,2,36,65,74,81,2,222,50,0,50,272
08/30/2013,DSM,IA,ACE,CE,Combined TRACON& Tower with Radar,50,73,47,0,170,0,1,34,0,35,50,74,81,0,205,12,0,12,217
08/31/2013,DSM,IA,ACE,CE,Combined TRACON& Tower with Radar,38,36,7,0,81,0,1,29,1,31,38,37,36,1,112,4,0,4,116
09/01/2013,DSM,IA,ACE,CE,Combined TRACON& Tower with Radar,45,37,15,0,97,0,1,16,0,17,45,38,31,0,114,18,0,18,132
09/02/2013,DSM,IA,ACE,CE,Combined TRACON& Tower with Radar,45,58,24,0,127,0,4,58,0,62,45,62,82,0,189,26,0,26,215
09/03/2013,DSM,IA,ACE,CE,Combined TRACON& Tower with Radar,51,67,31,0,149,0,1,46,0,47,51,68,77,0,196,34,0,34,230
09/04/2013,DSM,IA,ACE,CE,Combined TRACON& Tower with Radar,59,73,67,0,199,0,0,36,0,36,59,73,103,0,235,0,0,0,235
09/05/2013,DSM,IA,ACE,CE,Combined TRACON& Tower with Radar,67,66,64,1,198,0,1,41,4,46,67,67,105,5,244,11,6,17,261
09/06/2013,DSM,IA,ACE,CE,Combined TRACON& Tower with Radar,55,75,63,0,193,0,0,44,0,44,55,75,107,0,237,6,0,6,243
09/07/2013,DSM,IA,ACE,CE,Combined TRACON& Tower with Radar,38,35,31,8,112,0,8,25,0,33,38,43,56,8,145,42,24,66,211
09/08/2013,DSM,IA,ACE,CE,Combined TRACON& Tower with Radar,59,60,33,5,157,0,3,31,0,34,59,63,64,5,191,0,4,4,195
09/09/2013,DSM,IA,ACE,CE,Combined TRACON& Tower with Radar,51,63,79,2,195,0,8,20,0,28,51,71,99,2,223,2,0,2,225
09/10/2013,DSM,IA,ACE,CE,Combined TRACON& Tower with Radar,60,68,77,0,205,0,2,17,0,19,60,70,94,0,224,0,0,0,224
09/11/2013,DSM,IA,ACE,CE,Combined TRACON& Tower with Radar,61,67,53,1,182,0,4,12,5,21,61,71,65,6,203,1,8,9,212
09/12/2013,DSM,IA,ACE,CE,Combined TRACON& Tower with Radar,66,68,58,2,194,0,1,23,0,24,66,69,81,2,218,6,0,6,224
09/13/2013,DSM,IA,ACE,CE,Combined TRACON& Tower with Radar,60,65,44,2,171,0,4,35,2,41,60,69,79,4,212,22,0,22,234
09/14/2013,DSM,IA,ACE,CE,Combined TRACON& Tower with Radar,41,41,9,20,111,0,3,48,0,51,41,44,57,20,162,10,6,16,178
09/15/2013,DSM,IA,ACE,CE,Combined TRACON& Tower with Radar,55,63,23,4,145,0,3,5,9,17,55,66,28,13,162,0,0,0,162
09/16/2013,DSM,IA,ACE,CE,Combined TRACON& Tower with Radar,53,64,65,0,182,0,4,15,0,19,53,68,80,0,201,8,0,8,209
09/17/2013,DSM,IA,ACE,CE,Combined TRACON& Tower with Radar,59,67,65,4,195,0,0,1,0,1,59,67,66,4,196,0,0,0,196
09/18/2013,DSM,IA,ACE,CE,Combined TRACON& Tower with Radar,60,66,59,2,187,0,2,14,0,16,60,68,73,2,203,0,0,0,203
09/19/2013,DSM,IA,ACE,CE,Combined TRACON& Tower with Radar,68,58,56,5,187,0,4,15,0,19,68,62,71,5,206,3,0,3,209
09/20/2013,DSM,IA,ACE,CE,Combined TRACON& Tower with Radar,59,67,53,10,189,0,2,22,2,26,59,69,75,12,215,22,12,34,249
09/21/2013,DSM,IA,ACE,CE,Combined TRACON& Tower with Radar,37,36,26,0,99,0,4,29,0,33,37,40,55,0,132,72,0,72,204
09/22/2013,DSM,IA,ACE,CE,Combined TRACON& Tower with Radar,54,65,23,0,142,0,4,29,0,33,54,69,52,0,175,40,0,40,215
09/23/2013,DSM,IA,ACE,CE,Combined TRACON& Tower with Radar,55,65,54,0,174,0,1,49,0,50,55,66,103,0,224,4,0,4,228
09/24/2013,DSM,IA,ACE,CE,Combined TRACON& Tower with Radar,59,66,42,3,170,0,2,24,0,26,59,68,66,3,196,48,2,50,246
09/25/2013,DSM,IA,ACE,CE,Combined TRACON& Tower with Radar,61,72,75,6,214,0,1,27,4,32,61,73,102,10,246,8,12,20,266
09/26/2013,DSM,IA,ACE,CE,Combined TRACON& Tower with Radar,69,70,65,1,205,0,2,14,0,16,69,72,79,1,221,8,0,8,229
09/27/2013,DSM,IA,ACE,CE,Combined TRACON& Tower with Radar,61,68,51,0,180,0,4,10,0,14,61,72,61,0,194,4,0,4,198
09/28/2013,DSM,IA,ACE,CE,Combined TRACON& Tower with Radar,40,37,18,0,95,0,2,12,0,14,40,39,30,0,109,18,0,18,127
09/29/2013,DSM,IA,ACE,CE,Combined TRACON& Tower with Radar,61,52,26,0,139,0,4,57,0,61,61,56,83,0,200,10,0,10,210
09/30/2013,DSM,IA,ACE,CE,Combined TRACON& Tower with Radar,56,70,64,0,190,0,2,31,0,33,56,72,95,0,223,4,0,4,227
10/01/2013,DSM,IA,ACE,CE,Combined TRACON& Tower with Radar,65,74,53,0,192,0,1,30,0,31,65,75,83,0,223,64,0,64,287
10/02/2013,DSM,IA,ACE,CE,Combined TRACON& Tower with Radar,64,73,62,0,199,0,1,35,0,36,64,74,97,0,235,24,0,24,259
10/03/2013,DSM,IA,ACE,CE,Combined TRACON& Tower with Radar,75,64,53,0,192,0,7,13,0,20,75,71,66,0,212,10,0,10,222
10/04/2013,DSM,IA,ACE,CE,Combined TRACON& Tower with Radar,60,60,39,0,159,0,1,10,0,11,60,61,49,0,170,0,0,0,170
10/05/2013,DSM,IA,ACE,CE,Combined TRACON& Tower with Radar,41,46,13,0,100,0,0,18,0,18,41,46,31,0,118,0,0,0,118
10/06/2013,DSM,IA,ACE,CE,Combined TRACON& Tower with Radar,60,56,18,0,134,0,0,5,0,5,60,56,23,0,139,0,0,0,139
10/07/2013,DSM,IA,ACE,CE,Combined TRACON& Tower with Radar,56,73,60,0,189,0,1,25,0,26,56,74,85,0,215,40,0,40,255
10/08/2013,DSM,IA,ACE,CE,Combined TRACON& Tower with Radar,62,73,57,0,192,0,5,30,0,35,62,78,87,0,227,14,0,14,241
10/09/2013,DSM,IA,ACE,CE,Combined TRACON& Tower with Radar,60,71,51,2,184,0,3,32,0,35,60,74,83,2,219,48,0,48,267
10/10/2013,DSM,IA,ACE,CE,Combined TRACON& Tower with Radar,71,67,55,0,193,0,2,29,0,31,71,69,84,0,224,4,0,4,228
10/11/2013,DSM,IA,ACE,CE,Combined TRACON& Tower with Radar,61,70,38,0,169,0,2,15,0,17,61,72,53,0,186,4,0,4,190
10/12/2013,DSM,IA,ACE,CE,Combined TRACON& Tower with Radar,41,41,21,0,103,0,2,32,0,34,41,43,53,0,137,2,0,2,139
10/13/2013,DSM,IA,ACE,CE,Combined TRACON& Tower with Radar,62,49,34,0,145,0,4,36,0,40,62,53,70,0,185,60,0,60,245
10/14/2013,DSM,IA,ACE,CE,Combined TRACON& Tower with Radar,53,72,64,0,189,0,2,9,0,11,53,74,73,0,200,0,0,0,200
10/15/2013,DSM,IA,ACE,CE,Combined TRACON& Tower with Radar,62,73,72,2,209,0,2,6,0,8,62,75,78,2,217,0,0,0,217
10/16/2013,DSM,IA,ACE,CE,Combined TRACON& Tower with Radar,62,74,91,2,229,0,3,17,0,20,62,77,108,2,249,26,2,28,277
10/17/2013,DSM,IA,ACE,CE,Combined TRACON& Tower with Radar,70,80,88,2,240,0,7,26,0,33,70,87,114,2,273,6,0,6,279
10/18/2013,DSM,IA,ACE,CE,Combined TRACON& Tower with Radar,62,76,47,0,185,0,1,19,0,20,62,77,66,0,205,0,0,0,205
10/19/2013,DSM,IA,ACE,CE,Combined TRACON& Tower with Radar,39,39,21,0,99,0,3,22,0,25,39,42,43,0,124,20,2,22,146
10/20/2013,DSM,IA,ACE,CE,Combined TRACON& Tower with Radar,61,60,32,0,153,0,1,30,0,31,61,61,62,0,184,12,0,12,196
10/21/2013,DSM,IA,ACE,CE,Combined TRACON& Tower with Radar,55,74,47,0,176,0,2,13,0,15,55,76,60,0,191,20,0,20,211
10/22/2013,DSM,IA,ACE,CE,Combined TRACON& Tower with Radar,63,65,46,0,174,0,0,10,0,10,63,65,56,0,184,38,0,38,222
10/23/2013,DSM,IA,ACE,CE,Combined TRACON& Tower with Radar,60,76,55,2,193,0,0,11,0,11,60,76,66,2,204,12,0,12,216
10/24/2013,DSM,IA,ACE,CE,Combined TRACON& Tower with Radar,71,62,71,0,204,0,10,22,0,32,71,72,93,0,236,11,0,11,247
10/25/2013,DSM,IA,ACE,CE,Combined TRACON& Tower with Radar,60,69,42,2,173,0,2,19,0,21,60,71,61,2,194,2,0,2,196
10/26/2013,DSM,IA,ACE,CE,Combined TRACON& Tower with Radar,40,37,19,1,97,0,1,27,1,29,40,38,46,2,126,22,0,22,148
10/27/2013,DSM,IA,ACE,CE,Combined TRACON& Tower with Radar,60,50,33,0,143,0,4,37,0,41,60,54,70,0,184,28,0,28,212
10/28/2013,DSM,IA,ACE,CE,Combined TRACON& Tower with Radar,56,58,49,0,163,0,3,17,0,20,56,61,66,0,183,20,0,20,203
10/29/2013,DSM,IA,ACE,CE,Combined TRACON& Tower with Radar,63,66,58,0,187,0,0,5,0,5,63,66,63,0,192,4,0,4,196
10/30/2013,DSM,IA,ACE,CE,Combined TRACON& Tower with Radar,60,67,37,2,166,0,0,0,0,0,60,67,37,2,166,0,0,0,166
10/31/2013,DSM,IA,ACE,CE,Combined TRACON& Tower with Radar,68,58,61,5,192,0,1,6,0,7,68,59,67,5,199,14,0,14,213
11/01/2013,DSM,IA,ACE,CE,Combined TRACON& Tower with Radar,65,69,48,1,183,0,3,22,0,25,65,72,70,1,208,0,0,0,208
11/02/2013,DSM,IA,ACE,CE,Combined TRACON& Tower with Radar,44,34,31,5,114,0,3,22,0,25,44,37,53,5,139,20,0,20,159
11/03/2013,DSM,IA,ACE,CE,Combined TRACON& Tower with Radar,60,49,33,3,145,0,5,4,0,9,60,54,37,3,154,0,0,0,154
11/04/2013,DSM,IA,ACE,CE,Combined TRACON& Tower with Radar,57,64,74,0,195,0,2,15,0,17,57,66,89,0,212,0,0,0,212
11/05/2013,DSM,IA,ACE,CE,Combined TRACON& Tower with Radar,61,65,65,0,191,0,0,1,0,1,61,65,66,0,192,0,0,0,192
11/06/2013,DSM,IA,ACE,CE,Combined TRACON& Tower with Radar,59,64,83,4,210,0,3,18,0,21,59,67,101,4,231,4,0,4,235
11/07/2013,DSM,IA,ACE,CE,Combined TRACON& Tower with Radar,65,71,69,1,206,0,2,19,0,21,65,73,88,1,227,0,0,0,227
11/08/2013,DSM,IA,ACE,CE,Combined TRACON& Tower with Radar,67,65,44,0,176,0,0,22,0,22,67,65,66,0,198,2,0,2,200
11/09/2013,DSM,IA,ACE,CE,Combined TRACON& Tower with Radar,43,35,17,1,96,0,1,19,0,20,43,36,36,1,116,14,0,14,130
11/10/2013,DSM,IA,ACE,CE,Combined TRACON& Tower with Radar,55,58,27,1,141,0,4,57,0,61,55,62,84,1,202,14,0,14,216
11/11/2013,DSM,IA,ACE,CE,Combined TRACON& Tower with Radar,55,62,47,0,164,0,4,10,0,14,55,66,57,0,178,2,0,2,180
11/12/2013,DSM,IA,ACE,CE,Combined TRACON& Tower with Radar,60,64,36,2,162,0,1,19,0,20,60,65,55,2,182,0,0,0,182
11/13/2013,DSM,IA,ACE,CE,Combined TRACON& Tower with Radar,60,68,51,0,179,0,4,15,0,19,60,72,66,0,198,0,0,0,198
11/14/2013,DSM,IA,ACE,CE,Combined TRACON& Tower with Radar,64,77,49,5,195,0,2,26,0,28,64,79,75,5,223,14,0,14,237
11/15/2013,DSM,IA,ACE,CE,Combined TRACON& Tower with Radar,65,71,39,5,180,0,2,34,0,36,65,73,73,5,216,15,0,15,231
11/16/2013,DSM,IA,ACE,CE,Combined TRACON& Tower with Radar,41,33,10,2,86,0,2,2,0,4,41,35,12,2,90,2,0,2,92
11/17/2013,DSM,IA,ACE,CE,Combined TRACON& Tower with Radar,68,52,15,0,135,0,3,12,0,15,68,55,27,0,150,0,0,0,150
11/18/2013,DSM,IA,ACE,CE,Combined TRACON& Tower with Radar,52,63,61,2,178,0,3,37,0,40,52,66,98,2,218,6,0,6,224
11/19/2013,DSM,IA,ACE,CE,Combined TRACON& Tower with Radar,62,64,61,0,187,0,0,26,0,26,62,64,87,0,213,2,0,2,215
11/20/2013,DSM,IA,ACE,CE,Combined TRACON& Tower with Radar,57,69,66,0,192,0,3,6,2,11,57,72,72,2,203,14,0,14,217
11/21/2013,DSM,IA,ACE,CE,Combined TRACON& Tower with Radar,70,66,66,0,202,0,0,0,0,0,70,66,66,0,202,0,0,0,202
11/22/2013,DSM,IA,ACE,CE,Combined TRACON& Tower with Radar,73,60,49,0,182,0,0,18,0,18,73,60,67,0,200,0,0,0,200
11/23/2013,DSM,IA,ACE,CE,Combined TRACON& Tower with Radar,53,32,11,0,96,0,0,29,0,29,53,32,40,0,125,36,0,36,161
11/24/2013,DSM,IA,ACE,CE,Combined TRACON& Tower with Radar,61,43,25,0,129,0,2,30,0,32,61,45,55,0,161,18,0,18,179
11/25/2013,DSM,IA,ACE,CE,Combined TRACON& Tower with Radar,56,45,44,1,146,0,1,25,1,27,56,46,69,2,173,26,0,26,199
11/26/2013,DSM,IA,ACE,CE,Combined TRACON& Tower with Radar,84,58,35,2,179,0,2,17,0,19,84,60,52,2,198,4,0,4,202
11/27/2013,DSM,IA,ACE,CE,Combined TRACON& Tower with Radar,86,57,42,0,185,0,3,38,0,41,86,60,80,0,226,24,0,24,250
11/28/2013,DSM,IA,ACE,CE,Combined TRACON& Tower with Radar,36,24,11,0,71,0,1,10,0,11,36,25,21,0,82,0,0,0,82
11/29/2013,DSM,IA,ACE,CE,Combined TRACON& Tower with Radar,55,32,16,0,103,0,2,13,0,15,55,34,29,0,118,6,0,6,124
11/30/2013,DSM,IA,ACE,CE,Combined TRACON& Tower with Radar,45,52,13,0,110,0,3,31,0,34,45,55,44,0,144,66,0,66,210
12/01/2013,DSM,IA,ACE,CE,Combined TRACON& Tower with Radar,70,54,28,0,152,0,0,32,0,32,70,54,60,0,184,24,0,24,208
12/02/2013,DSM,IA,ACE,CE,Combined TRACON& Tower with Radar,60,59,62,2,183,0,6,23,0,29,60,65,85,2,212,2,0,2,214
12/03/2013,DSM,IA,ACE,CE,Combined TRACON& Tower with Radar,71,60,50,0,181,0,0,2,0,2,71,60,52,0,183,0,0,0,183
12/04/2013,DSM,IA,ACE,CE,Combined TRACON& Tower with Radar,77,60,35,0,172,0,0,0,0,0,77,60,35,0,172,0,0,0,172
12/05/2013,DSM,IA,ACE,CE,Combined TRACON& Tower with Radar,77,63,59,2,201,0,0,6,0,6,77,63,65,2,207,0,0,0,207
12/06/2013,DSM,IA,ACE,CE,Combined TRACON& Tower with Radar,59,53,40,9,161,0,9,22,0,31,59,62,62,9,192,7,0,7,199
12/07/2013,DSM,IA,ACE,CE,Combined TRACON& Tower with Radar,50,18,12,2,82,0,0,19,0,19,50,18,31,2,101,12,0,12,113
12/08/2013,DSM,IA,ACE,CE,Combined TRACON& Tower with Radar,56,32,9,0,97,0,0,1,0,1,56,32,10,0,98,0,0,0,98
12/09/2013,DSM,IA,ACE,CE,Combined TRACON& Tower with Radar,57,46,54,0,157,0,1,8,0,9,57,47,62,0,166,10,0,10,176
12/10/2013,DSM,IA,ACE,CE,Combined TRACON& Tower with Radar,73,59,59,2,193,0,3,12,0,15,73,62,71,2,208,8,0,8,216
12/11/2013,DSM,IA,ACE,CE,Combined TRACON& Tower with Radar,77,69,55,0,201,0,0,13,0,13,77,69,68,0,214,10,0,10,224
12/12/2013,DSM,IA,ACE,CE,Combined TRACON& Tower with Radar,77,67,55,1,200,0,1,33,1,35,77,68,88,2,235,4,0,4,239
12/13/2013,DSM,IA,ACE,CE,Combined TRACON& Tower with Radar,64,67,59,3,193,0,2,24,0,26,64,69,83,3,219,34,0,34,253
12/14/2013,DSM,IA,ACE,CE,Combined TRACON& Tower with Radar,46,18,34,0,98,0,1,1,0,2,46,19,35,0,100,26,0,26,126
12/15/2013,DSM,IA,ACE,CE,Combined TRACON& Tower with Radar,69,45,27,0,141,0,1,15,0,16,69,46,42,0,157,76,0,76,233
12/16/2013,DSM,IA,ACE,CE,Combined TRACON& Tower with Radar,57,50,65,2,174,0,0,2,0,2,57,50,67,2,176,0,0,0,176
12/17/2013,DSM,IA,ACE,CE,Combined TRACON& Tower with Radar,87,57,51,5,200,0,1,17,0,18,87,58,68,5,218,28,0,28,246
12/18/2013,DSM,IA,ACE,CE,Combined TRACON& Tower with Radar,81,55,50,2,188,0,3,37,2,42,81,58,87,4,230,14,0,14,244
12/19/2013,DSM,IA,ACE,CE,Combined TRACON& Tower with Radar,84,51,40,0,175,0,0,9,0,9,84,51,49,0,184,8,0,8,192
12/20/2013,DSM,IA,ACE,CE,Combined TRACON& Tower with Radar,67,59,35,0,161,0,0,2,0,2,67,59,37,0,163,1,0,1,164
12/21/2013,DSM,IA,ACE,CE,Combined TRACON& Tower with Radar,52,42,15,0,109,0,2,1,0,3,52,44,16,0,112,0,0,0,112
12/22/2013,DSM,IA,ACE,CE,Combined TRACON& Tower with Radar,64,38,13,0,115,0,0,6,0,6,64,38,19,0,121,2,0,2,123
12/23/2013,DSM,IA,ACE,CE,Combined TRACON& Tower with Radar,67,48,20,3,138,0,1,17,0,18,67,49,37,3,156,4,0,4,160
12/24/2013,DSM,IA,ACE,CE,Combined TRACON& Tower with Radar,64,32,5,0,101,0,1,4,0,5,64,33,9,0,106,0,0,0,106
12/25/2013,DSM,IA,ACE,CE,Combined TRACON& Tower with Radar,39,30,4,0,73,0,3,2,0,5,39,33,6,0,78,0,0,0,78
12/26/2013,DSM,IA,ACE,CE,Combined TRACON& Tower with Radar,60,46,25,1,132,0,3,44,0,47,60,49,69,1,179,12,0,12,191
12/27/2013,DSM,IA,ACE,CE,Combined TRACON& Tower with Radar,66,54,30,3,153,0,4,33,0,37,66,58,63,3,190,14,0,14,204
12/28/2013,DSM,IA,ACE,CE,Combined TRACON& Tower with Radar,52,47,27,0,126,0,5,33,0,38,52,52,60,0,164,24,0,24,188
12/29/2013,DSM,IA,ACE,CE,Combined TRACON& Tower with Radar,59,44,5,0,108,0,1,3,0,4,59,45,8,0,112,0,0,0,112
12/30/2013,DSM,IA,ACE,CE,Combined TRACON& Tower with Radar,59,43,14,0,116,0,1,7,0,8,59,44,21,0,124,0,0,0,124
12/31/2013,DSM,IA,ACE,CE,Combined TRACON& Tower with Radar,63,37,13,0,113,0,4,32,0,36,63,41,45,0,149,4,0,4,153
01/01/2014,DSM,IA,ACE,CE,Combined TRACON& Tower with Radar,40,41,10,0,91,0,0,2,0,2,40,41,12,0,93,0,0,0,93
01/02/2014,DSM,IA,ACE,CE,Combined TRACON& Tower with Radar,62,44,26,0,132,0,0,14,0,14,62,44,40,0,146,0,0,0,146
01/03/2014,DSM,IA,ACE,CE,Combined TRACON& Tower with Radar,55,44,29,2,130,0,4,3,0,7,55,48,32,2,137,4,0,4,141
01/04/2014,DSM,IA,ACE,CE,Combined TRACON& Tower with Radar,39,42,7,0,88,0,1,5,0,6,39,43,12,0,94,4,0,4,98
01/05/2014,DSM,IA,ACE,CE,Combined TRACON& Tower with Radar,50,38,10,0,98,0,5,5,0,10,50,43,15,0,108,0,0,0,108
01/06/2014,DSM,IA,ACE,CE,Combined TRACON& Tower with Radar,49,22,24,2,97,0,0,1,0,1,49,22,25,2,98,0,0,0,98
01/07/2014,DSM,IA,ACE,CE,Combined TRACON& Tower with Radar,55,33,36,1,125,0,3,20,1,24,55,36,56,2,149,0,0,0,149
01/08/2014,DSM,IA,ACE,CE,Combined TRACON& Tower with Radar,65,48,40,1,154,0,1,14,1,16,65,49,54,2,170,8,0,8,178
01/09/2014,DSM,IA,ACE,CE,Combined TRACON& Tower with Radar,66,49,34,0,149,0,0,12,0,12,66,49,46,0,161,4,0,4,165
01/10/2014,DSM,IA,ACE,CE,Combined TRACON& Tower with Radar,64,49,25,1,139,0,0,0,0,0,64,49,25,1,139,0,0,0,139
01/11/2014,DSM,IA,ACE,CE,Combined TRACON& Tower with Radar,49,32,30,7,118,0,1,10,0,11,49,33,40,7,129,2,0,2,131
01/12/2014,DSM,IA,ACE,CE,Combined TRACON& Tower with Radar,62,37,29,0,128,0,2,32,0,34,62,39,61,0,162,24,0,24,186
01/13/2014,DSM,IA,ACE,CE,Combined TRACON& Tower with Radar,56,55,50,1,162,0,0,27,0,27,56,55,77,1,189,0,0,0,189
01/14/2014,DSM,IA,ACE,CE,Combined TRACON& Tower with Radar,70,51,30,0,151,0,3,3,0,6,70,54,33,0,157,0,0,0,157
01/15/2014,DSM,IA,ACE,CE,Combined TRACON& Tower with Radar,73,57,46,1,177,0,0,15,0,15,73,57,61,1,192,12,0,12,204
01/16/2014,DSM,IA,ACE,CE,Combined TRACON& Tower with Radar,66,53,31,2,152,0,2,3,0,5,66,55,34,2,157,0,0,0,157
01/17/2014,DSM,IA,ACE,CE,Combined TRACON& Tower with Radar,62,48,57,1,168,0,0,22,0,22,62,48,79,1,190,14,0,14,204
01/18/2014,DSM,IA,ACE,CE,Combined TRACON& Tower with Radar,47,23,6,0,76,0,0,7,0,7,47,23,13,0,83,0,0,0,83
01/19/2014,DSM,IA,ACE,CE,Combined TRACON& Tower with Radar,63,30,20,0,113,0,3,34,0,37,63,33,54,0,150,50,0,50,200
01/20/2014,DSM,IA,ACE,CE,Combined TRACON& Tower with Radar,54,49,46,0,149,0,1,19,0,20,54,50,65,0,169,38,0,38,207
01/21/2014,DSM,IA,ACE,CE,Combined TRACON& Tower with Radar,67,44,46,1,158,0,0,33,1,34,67,44,79,2,192,16,0,16,208
01/22/2014,DSM,IA,ACE,CE,Combined TRACON& Tower with Radar,60,48,47,0,155,0,1,5,0,6,60,49,52,0,161,0,0,0,161
01/23/2014,DSM,IA,ACE,CE,Combined TRACON& Tower with Radar,67,57,41,8,173,0,0,18,0,18,67,57,59,8,191,10,4,14,205
01/24/2014,DSM,IA,ACE,CE,Combined TRACON& Tower with Radar,59,56,39,8,162,0,0,18,0,18,59,56,57,8,180,2,0,2,182
01/25/2014,DSM,IA,ACE,CE,Combined TRACON& Tower with Radar,49,25,17,0,91,0,5,6,0,11,49,30,23,0,102,0,0,0,102
01/26/2014,DSM,IA,ACE,CE,Combined TRACON& Tower with Radar,58,40,16,0,114,0,4,10,0,14,58,44,26,0,128,0,0,0,128
01/27/2014,DSM,IA,ACE,CE,Combined TRACON& Tower with Radar,59,43,51,0,153,0,1,20,0,21,59,44,71,0,174,20,0,20,194
01/28/2014,DSM,IA,ACE,CE,Combined TRACON& Tower with Radar,59,34,39,0,132,0,2,12,0,14,59,36,51,0,146,34,0,34,180
01/29/2014,DSM,IA,ACE,CE,Combined TRACON& Tower with Radar,65,55,53,2,175,0,3,28,0,31,65,58,81,2,206,90,0,90,296
01/30/2014,DSM,IA,ACE,CE,Combined TRACON& Tower with Radar,69,54,56,0,179,0,4,9,0,13,69,58,65,0,192,3,0,3,195
01/31/2014,DSM,IA,ACE,CE,Combined TRACON& Tower with Radar,62,51,37,2,152,0,1,14,0,15,62,52,51,2,167,0,0,0,167
02/01/2014,DSM,IA,ACE,CE,Combined TRACON& Tower with Radar,47,27,10,6,90,0,2,16,1,19,47,29,26,7,109,14,0,14,123
02/02/2014,DSM,IA,ACE,CE,Combined TRACON& Tower with Radar,65,29,19,1,114,0,6,33,0,39,65,35,52,1,153,12,0,12,165
02/03/2014,DSM,IA,ACE,CE,Combined TRACON& Tower with Radar,55,51,61,0,167,0,1,56,0,57,55,52,117,0,224,14,0,14,238
02/04/2014,DSM,IA,ACE,CE,Combined TRACON& Tower with Radar,66,35,37,0,138,0,0,0,0,0,66,35,37,0,138,0,0,0,138
02/05/2014,DSM,IA,ACE,CE,Combined TRACON& Tower with Radar,59,44,52,0,155,0,2,7,0,9,59,46,59,0,164,0,0,0,164
02/06/2014,DSM,IA,ACE,CE,Combined TRACON& Tower with Radar,66,39,51,3,159,0,2,21,0,23,66,41,72,3,182,0,0,0,182
02/07/2014,DSM,IA,ACE,CE,Combined TRACON& Tower with Radar,63,51,46,0,160,0,2,14,0,16,63,53,60,0,176,26,0,26,202
02/08/2014,DSM,IA,ACE,CE,Combined TRACON& Tower with Radar,47,32,17,2,98,0,0,7,0,7,47,32,24,2,105,0,0,0,105
02/09/2014,DSM,IA,ACE,CE,Combined TRACON& Tower with Radar,60,39,25,2,126,0,1,20,0,21,60,40,45,2,147,32,0,32,179
02/10/2014,DSM,IA,ACE,CE,Combined TRACON& Tower with Radar,58,55,59,0,172,0,3,16,0,19,58,58,75,0,191,4,0,4,195
02/11/2014,DSM,IA,ACE,CE,Combined TRACON& Tower with Radar,70,50,41,1,162,0,1,26,1,28,70,51,67,2,190,22,0,22,212
02/12/2014,DSM,IA,ACE,CE,Combined TRACON& Tower with Radar,68,46,45,0,159,0,1,15,0,16,68,47,60,0,175,0,0,0,175
02/13/2014,DSM,IA,ACE,CE,Combined TRACON& Tower with Radar,69,46,34,3,152,0,3,18,1,22,69,49,52,4,174,8,0,8,182
02/14/2014,DSM,IA,ACE,CE,Combined TRACON& Tower with Radar,56,47,31,0,134,0,6,19,0,25,56,53,50,0,159,0,0,0,159
02/15/2014,DSM,IA,ACE,CE,Combined TRACON& Tower with Radar,42,42,8,5,97,0,3,2,0,5,42,45,10,5,102,0,0,0,102
02/16/2014,DSM,IA,ACE,CE,Combined TRACON& Tower with Radar,54,42,26,1,123,0,1,7,0,8,54,43,33,1,131,48,0,48,179
02/17/2014,DSM,IA,ACE,CE,Combined TRACON& Tower with Radar,47,48,40,0,135,1,1,12,0,14,48,49,52,0,149,14,0,14,163
02/18/2014,DSM,IA,ACE,CE,Combined TRACON& Tower with Radar,66,53,65,0,184,0,2,31,0,33,66,55,96,0,217,58,0,58,275
02/19/2014,DSM,IA,ACE,CE,Combined TRACON& Tower with Radar,67,65,59,0,191,0,3,28,0,31,67,68,87,0,222,0,0,0,222
02/20/2014,DSM,IA,ACE,CE,Combined TRACON& Tower with Radar,44,35,19,0,98,0,0,0,0,0,44,35,19,0,98,0,0,0,98
02/21/2014,DSM,IA,ACE,CE,Combined TRACON& Tower with Radar,58,51,38,0,147,0,2,39,0,41,58,53,77,0,188,40,0,40,228
02/22/2014,DSM,IA,ACE,CE,Combined TRACON& Tower with Radar,39,49,15,0,103,0,3,66,0,69,39,52,81,0,172,100,0,100,272
02/23/2014,DSM,IA,ACE,CE,Combined TRACON& Tower with Radar,55,43,17,0,115,0,4,30,0,34,55,47,47,0,149,14,0,14,163
02/24/2014,DSM,IA,ACE,CE,Combined TRACON& Tower with Radar,59,54,55,0,168,0,5,15,0,20,59,59,70,0,188,8,0,8,196
02/25/2014,DSM,IA,ACE,CE,Combined TRACON& Tower with Radar,69,56,52,2,179,0,1,18,0,19,69,57,70,2,198,26,0,26,224
02/26/2014,DSM,IA,ACE,CE,Combined TRACON& Tower with Radar,70,56,55,3,184,0,3,18,0,21,70,59,73,3,205,0,4,4,209
02/27/2014,DSM,IA,ACE,CE,Combined TRACON& Tower with Radar,71,54,29,0,154,0,5,19,0,24,71,59,48,0,178,26,0,26,204
02/28/2014,DSM,IA,ACE,CE,Combined TRACON& Tower with Radar,60,58,46,2,166,0,1,14,0,15,60,59,60,2,181,10,0,10,191
03/01/2014,DSM,IA,ACE,CE,Combined TRACON& Tower with Radar,43,37,8,0,88,0,0,5,0,5,43,37,13,0,93,0,0,0,93
03/02/2014,DSM,IA,ACE,CE,Combined TRACON& Tower with Radar,54,48,28,0,130,0,1,8,0,9,54,49,36,0,139,0,0,0,139
03/03/2014,DSM,IA,ACE,CE,Combined TRACON& Tower with Radar,55,43,42,1,141,0,1,17,0,18,55,44,59,1,159,62,0,62,221
03/04/2014,DSM,IA,ACE,CE,Combined TRACON& Tower with Radar,64,57,56,0,177,0,5,18,0,23,64,62,74,0,200,8,0,8,208
03/05/2014,DSM,IA,ACE,CE,Combined TRACON& Tower with Radar,71,49,67,0,187,0,0,10,0,10,71,49,77,0,197,10,0,10,207
03/06/2014,DSM,IA,ACE,CE,Combined TRACON& Tower with Radar,72,64,70,2,208,0,2,6,0,8,72,66,76,2,216,0,0,0,216
03/07/2014,DSM,IA,ACE,CE,Combined TRACON& Tower with Radar,60,54,46,1,161,0,1,14,0,15,60,55,60,1,176,0,0,0,176
03/08/2014,DSM,IA,ACE,CE,Combined TRACON& Tower with Radar,44,42,17,2,105,0,0,39,0,39,44,42,56,2,144,50,0,50,194
03/09/2014,DSM,IA,ACE,CE,Combined TRACON& Tower with Radar,59,52,28,0,139,0,0,38,0,38,59,52,66,0,177,74,0,74,251
03/10/2014,DSM,IA,ACE,CE,Combined TRACON& Tower with Radar,57,53,61,0,171,0,0,43,0,43,57,53,104,0,214,68,0,68,282
03/11/2014,DSM,IA,ACE,CE,Combined TRACON& Tower with Radar,62,66,53,0,181,0,3,7,0,10,62,69,60,0,191,4,0,4,195
03/12/2014,DSM,IA,ACE,CE,Combined TRACON& Tower with Radar,63,55,82,4,204,0,4,14,1,19,63,59,96,5,223,24,0,24,247
03/13/2014,DSM,IA,ACE,CE,Combined TRACON& Tower with Radar,73,54,74,4,205,0,6,29,0,35,73,60,103,4,240,16,0,16,256
03/14/2014,DSM,IA,ACE,CE,Combined TRACON& Tower with Radar,61,57,45,4,167,0,6,20,0,26,61,63,65,4,193,0,4,4,197
03/15/2014,DSM,IA,ACE,CE,Combined TRACON& Tower with Radar,49,47,22,13,131,0,3,35,0,38,49,50,57,13,169,17,0,17,186
03/16/2014,DSM,IA,ACE,CE,Combined TRACON& Tower with Radar,57,50,21,5,133,0,1,4,0,5,57,51,25,5,138,12,0,12,150
03/17/2014,DSM,IA,ACE,CE,Combined TRACON& Tower with Radar,58,59,31,1,149,0,1,18,0,19,58,60,49,1,168,0,0,0,168
03/18/2014,DSM,IA,ACE,CE,Combined TRACON& Tower with Radar,64,59,36,3,162,0,1,12,0,13,64,60,48,3,175,22,2,24,199
03/19/2014,DSM,IA,ACE,CE,Combined TRACON& Tower with Radar,67,52,42,0,161,0,3,5,0,8,67,55,47,0,169,0,0,0,169
03/20/2014,DSM,IA,ACE,CE,Combined TRACON& Tower with Radar,72,53,42,5,172,0,2,37,0,39,72,55,79,5,211,10,4,14,225
03/21/2014,DSM,IA,ACE,CE,Combined TRACON& Tower with Radar,60,60,37,3,160,0,1,34,0,35,60,61,71,3,195,14,2,16,211
03/22/2014,DSM,IA,ACE,CE,Combined TRACON& Tower with Radar,48,45,21,0,114,0,1,12,0,13,48,46,33,0,127,0,0,0,127
03/23/2014,DSM,IA,ACE,CE,Combined TRACON& Tower with Radar,59,53,36,0,148,0,3,43,0,46,59,56,79,0,194,15,0,15,209
03/24/2014,DSM,IA,ACE,CE,Combined TRACON& Tower with Radar,62,56,47,2,167,0,4,17,0,21,62,60,64,2,188,0,0,0,188
03/25/2014,DSM,IA,ACE,CE,Combined TRACON& Tower with Radar,62,61,66,0,189,0,3,26,0,29,62,64,92,0,218,2,0,2,220
03/26/2014,DSM,IA,ACE,CE,Combined TRACON& Tower with Radar,74,64,46,0,184,0,3,14,0,17,74,67,60,0,201,0,0,0,201
03/27/2014,DSM,IA,ACE,CE,Combined TRACON& Tower with Radar,67,62,37,2,168,0,0,3,0,3,67,62,40,2,171,0,0,0,171
03/28/2014,DSM,IA,ACE,CE,Combined TRACON& Tower with Radar,63,53,61,10,187,0,1,19,0,20,63,54,80,10,207,10,0,10,217
03/29/2014,DSM,IA,ACE,CE,Combined TRACON& Tower with Radar,45,42,24,11,122,0,5,67,0,72,45,47,91,11,194,12,0,12,206
03/30/2014,DSM,IA,ACE,CE,Combined TRACON& Tower with Radar,64,49,23,1,137,0,6,29,0,35,64,55,52,1,172,24,0,24,196
03/31/2014,DSM,IA,ACE,CE,Combined TRACON& Tower with Radar,54,51,38,2,145,0,2,12,0,14,54,53,50,2,159,4,0,4,163
04/01/2014,DSM,IA,ACE,CE,Combined TRACON& Tower with Radar,68,62,55,9,194,0,4,27,0,31,68,66,82,9,225,4,10,14,239
04/02/2014,DSM,IA,ACE,CE,Combined TRACON& Tower with Radar,69,56,53,1,179,0,1,17,0,18,69,57,70,1,197,20,0,20,217
04/03/2014,DSM,IA,ACE,CE,Combined TRACON& Tower with Radar,69,54,37,0,160,0,0,1,0,1,69,54,38,0,161,0,0,0,161
04/04/2014,DSM,IA,ACE,CE,Combined TRACON& Tower with Radar,60,53,34,2,149,0,1,13,0,14,60,54,47,2,163,0,0,0,163
04/05/2014,DSM,IA,ACE,CE,Combined TRACON& Tower with Radar,42,38,7,3,90,0,4,64,0,68,42,42,71,3,158,52,0,52,210
04/06/2014,DSM,IA,ACE,CE,Combined TRACON& Tower with Radar,64,45,30,1,140,0,4,44,0,48,64,49,74,1,188,38,0,38,226
04/07/2014,DSM,IA,ACE,CE,Combined TRACON& Tower with Radar,57,53,37,0,147,0,2,11,0,13,57,55,48,0,160,16,0,16,176
04/08/2014,DSM,IA,ACE,CE,Combined TRACON& Tower with Radar,66,51,49,4,170,0,2,33,0,35,66,53,82,4,205,4,0,4,209
04/09/2014,DSM,IA,ACE,CE,Combined TRACON& Tower with Radar,66,55,42,2,165,0,4,31,0,35,66,59,73,2,200,0,4,4,204
04/10/2014,DSM,IA,ACE,CE,Combined TRACON& Tower with Radar,74,51,64,4,193,0,3,30,0,33,74,54,94,4,226,0,0,0,226
04/11/2014,DSM,IA,ACE,CE,Combined TRACON& Tower with Radar,65,58,47,2,172,0,2,30,0,32,65,60,77,2,204,0,0,0,204
04/12/2014,DSM,IA,ACE,CE,Combined TRACON& Tower with Radar,48,36,16,1,101,0,0,13,0,13,48,36,29,1,114,0,0,0,114
04/13/2014,DSM,IA,ACE,CE,Combined TRACON& Tower with Radar,67,44,18,0,129,0,0,2,0,2,67,44,20,0,131,0,0,0,131
04/14/2014,DSM,IA,ACE,CE,Combined TRACON& Tower with Radar,58,53,46,0,157,0,1,14,0,15,58,54,60,0,172,0,0,0,172
04/15/2014,DSM,IA,ACE,CE,Combined TRACON& Tower with Radar,73,54,53,0,180,0,2,31,0,33,73,56,84,0,213,2,0,2,215
04/16/2014,DSM,IA,ACE,CE,Combined TRACON& Tower with Radar,66,60,52,1,179,0,1,12,0,13,66,61,64,1,192,4,0,4,196
04/17/2014,DSM,IA,ACE,CE,Combined TRACON& Tower with Radar,71,56,54,8,189,0,0,27,0,27,71,56,81,8,216,14,2,16,232
04/18/2014,DSM,IA,ACE,CE,Combined TRACON& Tower with Radar,63,54,33,1,151,0,2,35,1,38,63,56,68,2,189,18,0,18,207
04/19/2014,DSM,IA,ACE,CE,Combined TRACON& Tower with Radar,43,34,11,2,90,0,3,27,0,30,43,37,38,2,120,0,0,0,120
04/20/2014,DSM,IA,ACE,CE,Combined TRACON& Tower with Radar,60,46,16,0,122,0,1,11,0,12,60,47,27,0,134,0,0,0,134
04/21/2014,DSM,IA,ACE,CE,Combined TRACON& Tower with Radar,59,58,46,0,163,0,1,11,0,12,59,59,57,0,175,14,0,14,189
04/22/2014,DSM,IA,ACE,CE,Combined TRACON& Tower with Radar,69,58,41,0,168,0,3,50,0,53,69,61,91,0,221,28,0,28,249
04/23/2014,DSM,IA,ACE,CE,Combined TRACON& Tower with Radar,67,52,59,0,178,0,0,9,0,9,67,52,68,0,187,16,0,16,203
04/24/2014,DSM,IA,ACE,CE,Combined TRACON& Tower with Radar,73,61,57,3,194,0,1,4,0,5,73,62,61,3,199,8,0,8,207
04/25/2014,DSM,IA,ACE,CE,Combined TRACON& Tower with Radar,69,54,49,0,172,0,6,42,0,48,69,60,91,0,220,26,0,26,246
04/26/2014,DSM,IA,ACE,CE,Combined TRACON& Tower with Radar,45,33,30,3,111,0,3,41,0,44,45,36,71,3,155,18,4,22,177
04/27/2014,DSM,IA,ACE,CE,Combined TRACON& Tower with Radar,62,43,27,0,132,0,6,3,0,9,62,49,30,0,141,0,0,0,141
04/28/2014,DSM,IA,ACE,CE,Combined TRACON& Tower with Radar,61,52,62,0,175,0,0,3,0,3,61,52,65,0,178,0,0,0,178
04/29/2014,DSM,IA,ACE,CE,Combined TRACON& Tower with Radar,69,45,38,0,152,0,0,0,0,0,69,45,38,0,152,0,0,0,152
04/30/2014,DSM,IA,ACE,CE,Combined TRACON& Tower with Radar,68,54,79,2,203,0,0,1,0,1,68,54,80,2,204,0,0,0,204
05/01/2014,DSM,IA,ACE,CE,Combined TRACON& Tower with Radar,71,59,47,0,177,0,1,8,2,11,71,60,55,2,188,0,0,0,188
05/02/2014,DSM,IA,ACE,CE,Combined TRACON& Tower with Radar,71,48,52,5,176,0,3,22,0,25,71,51,74,5,201,0,4,4,205
05/03/2014,DSM,IA,ACE,CE,Combined TRACON& Tower with Radar,46,35,28,8,117,0,1,38,0,39,46,36,66,8,156,20,0,20,176
05/04/2014,DSM,IA,ACE,CE,Combined TRACON& Tower with Radar,62,47,20,1,130,0,2,23,0,25,62,49,43,1,155,2,0,2,157
05/05/2014,DSM,IA,ACE,CE,Combined TRACON& Tower with Radar,62,51,50,0,163,0,4,46,0,50,62,55,96,0,213,0,0,0,213
05/06/2014,DSM,IA,ACE,CE,Combined TRACON& Tower with Radar,68,56,74,3,201,0,2,17,0,19,68,58,91,3,220,0,0,0,220
05/07/2014,DSM,IA,ACE,CE,Combined TRACON& Tower with Radar,75,52,54,2,183,0,4,22,0,26,75,56,76,2,209,6,0,6,215
05/08/2014,DSM,IA,ACE,CE,Combined TRACON& Tower with Radar,72,53,54,2,181,0,1,15,0,16,72,54,69,2,197,0,0,0,197
05/09/2014,DSM,IA,ACE,CE,Combined TRACON& Tower with Radar,66,61,73,0,200,0,1,21,2,24,66,62,94,2,224,0,0,0,224
05/10/2014,DSM,IA,ACE,CE,Combined TRACON& Tower with Radar,40,40,26,0,106,0,4,16,0,20,40,44,42,0,126,10,0,10,136
05/11/2014,DSM,IA,ACE,CE,Combined TRACON& Tower with Radar,53,48,23,0,124,0,1,13,0,14,53,49,36,0,138,0,0,0,138
05/12/2014,DSM,IA,ACE,CE,Combined TRACON& Tower with Radar,68,49,51,0,168,1,1,0,0,2,69,50,51,0,170,0,0,0,170
05/13/2014,DSM,IA,ACE,CE,Combined TRACON& Tower with Radar,73,40,45,6,164,0,2,16,2,20,73,42,61,8,184,30,4,34,218
05/14/2014,DSM,IA,ACE,CE,Combined TRACON& Tower with Radar,66,62,72,0,200,0,5,39,0,44,66,67,111,0,244,6,0,6,250
05/15/2014,DSM,IA,ACE,CE,Combined TRACON& Tower with Radar,67,55,55,12,189,0,3,22,0,25,67,58,77,12,214,10,0,10,224
05/16/2014,DSM,IA,ACE,CE,Combined TRACON& Tower with Radar,69,52,43,10,174,0,2,31,2,35,69,54,74,12,209,8,0,8,217
05/17/2014,DSM,IA,ACE,CE,Combined TRACON& Tower with Radar,40,39,28,7,114,0,1,70,2,73,40,40,98,9,187,46,0,46,233
05/18/2014,DSM,IA,ACE,CE,Combined TRACON& Tower with Radar,62,51,24,0,137,0,4,29,0,33,62,55,53,0,170,4,0,4,174
05/19/2014,DSM,IA,ACE,CE,Combined TRACON& Tower with Radar,66,57,63,0,186,0,0,18,0,18,66,57,81,0,204,12,0,12,216
05/20/2014,DSM,IA,ACE,CE,Combined TRACON& Tower with Radar,64,55,65,0,184,0,3,22,0,25,64,58,87,0,209,0,0,0,209
05/21/2014,DSM,IA,ACE,CE,Combined TRACON& Tower with Radar,67,61,80,0,208,0,1,39,0,40,67,62,119,0,248,0,0,0,248
05/22/2014,DSM,IA,ACE,CE,Combined TRACON& Tower with Radar,72,63,60,2,197,0,0,33,0,33,72,63,93,2,230,18,0,18,248
05/23/2014,DSM,IA,ACE,CE,Combined TRACON& Tower with Radar,64,57,75,0,196,0,1,34,2,37,64,58,109,2,233,8,0,8,241
05/24/2014,DSM,IA,ACE,CE,Combined TRACON& Tower with Radar,40,41,20,0,101,0,3,23,0,26,40,44,43,0,127,0,0,0,127
05/25/2014,DSM,IA,ACE,CE,Combined TRACON& Tower with Radar,52,32,13,0,97,0,2,7,0,9,52,34,20,0,106,10,0,10,116
05/26/2014,DSM,IA,ACE,CE,Combined TRACON& Tower with Radar,55,47,25,0,127,0,3,24,0,27,55,50,49,0,154,28,0,28,182
05/27/2014,DSM,IA,ACE,CE,Combined TRACON& Tower with Radar,57,57,40,0,154,0,2,15,0,17,57,59,55,0,171,32,0,32,203
05/28/2014,DSM,IA,ACE,CE,Combined TRACON& Tower with Radar,68,55,74,2,199,0,4,22,0,26,68,59,96,2,225,6,0,6,231
05/29/2014,DSM,IA,ACE,CE,Combined TRACON& Tower with Radar,71,60,77,3,211,0,0,41,0,41,71,60,118,3,252,32,2,34,286
05/30/2014,DSM,IA,ACE,CE,Combined TRACON& Tower with Radar,65,55,54,0,174,0,1,38,0,39,65,56,92,0,213,6,0,6,219
05/31/2014,DSM,IA,ACE,CE,Combined TRACON& Tower with Radar,40,42,12,0,94,0,4,16,0,20,40,46,28,0,114,28,0,28,142
06/01/2014,DSM,IA,ACE,CE,Combined TRACON& Tower with Radar,58,59,29,0,146,0,7,22,0,29,58,66,51,0,175,26,0,26,201
06/02/2014,DSM,IA,ACE,CE,Combined TRACON& Tower with Radar,63,54,47,0,164,0,6,26,1,33,63,60,73,1,197,0,0,0,197
06/03/2014,DSM,IA,ACE,CE,Combined TRACON& Tower with Radar,65,50,48,2,165,0,4,24,0,28,65,54,72,2,193,0,0,0,193
06/04/2014,DSM,IA,ACE,CE,Combined TRACON& Tower with Radar,68,56,67,2,193,0,0,25,0,25,68,56,92,2,218,40,0,40,258
06/05/2014,DSM,IA,ACE,CE,Combined TRACON& Tower with Radar,73,57,72,0,202,0,5,15,0,20,73,62,87,0,222,0,0,0,222
06/06/2014,DSM,IA,ACE,CE,Combined TRACON& Tower with Radar,66,58,45,0,169,0,3,44,0,47,66,61,89,0,216,14,0,14,230
06/07/2014,DSM,IA,ACE,CE,Combined TRACON& Tower with Radar,54,49,10,0,113,0,0,11,0,11,54,49,21,0,124,54,0,54,178
06/08/2014,DSM,IA,ACE,CE,Combined TRACON& Tower with Radar,59,49,40,0,148,0,3,5,0,8,59,52,45,0,156,24,0,24,180
06/09/2014,DSM,IA,ACE,CE,Combined TRACON& Tower with Radar,62,48,57,16,183,0,0,21,0,21,62,48,78,16,204,0,2,2,206
06/10/2014,DSM,IA,ACE,CE,Combined TRACON& Tower with Radar,67,50,45,2,164,0,5,18,0,23,67,55,63,2,187,32,0,32,219
06/11/2014,DSM,IA,ACE,CE,Combined TRACON& Tower with Radar,70,54,44,0,168,0,2,29,0,31,70,56,73,0,199,4,0,4,203
06/12/2014,DSM,IA,ACE,CE,Combined TRACON& Tower with Radar,76,53,50,2,181,0,2,26,0,28,76,55,76,2,209,30,0,30,239
06/13/2014,DSM,IA,ACE,CE,Combined TRACON& Tower with Radar,65,58,50,0,173,0,2,38,0,40,65,60,88,0,213,0,0,0,213
06/14/2014,DSM,IA,ACE,CE,Combined TRACON& Tower with Radar,60,51,21,2,134,0,1,11,0,12,60,52,32,2,146,0,0,0,146
06/15/2014,DSM,IA,ACE,CE,Combined TRACON& Tower with Radar,63,52,20,4,139,0,2,6,0,8,63,54,26,4,147,0,0,0,147
06/16/2014,DSM,IA,ACE,CE,Combined TRACON& Tower with Radar,64,54,52,0,170,0,0,26,0,26,64,54,78,0,196,4,0,4,200
06/17/2014,DSM,IA,ACE,CE,Combined TRACON& Tower with Radar,76,54,49,1,180,0,3,20,0,23,76,57,69,1,203,8,0,8,211
06/18/2014,DSM,IA,ACE,CE,Combined TRACON& Tower with Radar,71,45,72,0,188,0,0,14,0,14,71,45,86,0,202,68,0,68,270
06/19/2014,DSM,IA,ACE,CE,Combined TRACON& Tower with Radar,75,48,66,5,194,0,1,8,0,9,75,49,74,5,203,0,0,0,203
06/20/2014,DSM,IA,ACE,CE,Combined TRACON& Tower with Radar,71,51,75,1,198,0,6,27,0,33,71,57,102,1,231,0,0,0,231
06/21/2014,DSM,IA,ACE,CE,Combined TRACON& Tower with Radar,64,46,15,0,125,0,6,17,0,23,64,52,32,0,148,22,0,22,170
06/22/2014,DSM,IA,ACE,CE,Combined TRACON& Tower with Radar,67,46,22,0,135,0,0,10,0,10,67,46,32,0,145,2,0,2,147
06/23/2014,DSM,IA,ACE,CE,Combined TRACON& Tower with Radar,61,46,45,20,172,0,1,18,0,19,61,47,63,20,191,0,0,0,191
06/24/2014,DSM,IA,ACE,CE,Combined TRACON& Tower with Radar,70,44,51,0,165,0,4,39,0,43,70,48,90,0,208,42,0,42,250
06/25/2014,DSM,IA,ACE,CE,Combined TRACON& Tower with Radar,69,49,50,2,170,0,2,37,0,39,69,51,87,2,209,32,0,32,241
06/26/2014,DSM,IA,ACE,CE,Combined TRACON& Tower with Radar,80,52,53,0,185,0,0,17,0,17,80,52,70,0,202,0,0,0,202
06/27/2014,DSM,IA,ACE,CE,Combined TRACON& Tower with Radar,66,47,41,0,154,0,3,21,0,24,66,50,62,0,178,2,0,2,180
06/28/2014,DSM,IA,ACE,CE,Combined TRACON& Tower with Radar,51,48,10,0,109,0,0,7,0,7,51,48,17,0,116,2,0,2,118
06/29/2014,DSM,IA,ACE,CE,Combined TRACON& Tower with Radar,63,44,16,0,123,0,1,2,0,3,63,45,18,0,126,0,0,0,126
06/30/2014,DSM,IA,ACE,CE,Combined TRACON& Tower with Radar,63,42,32,2,139,0,2,15,0,17,63,44,47,2,156,0,0,0,156
07/01/2014,DSM,IA,ACE,CE,Combined TRACON& Tower with Radar,69,41,39,21,170,0,4,19,4,27,69,45,58,25,197,35,24,59,256
07/02/2014,DSM,IA,ACE,CE,Combined TRACON& Tower with Radar,67,50,42,0,159,0,1,22,2,25,67,51,64,2,184,4,4,8,192
07/03/2014,DSM,IA,ACE,CE,Combined TRACON& Tower with Radar,65,48,37,0,150,0,3,56,0,59,65,51,93,0,209,14,0,14,223
07/04/2014,DSM,IA,ACE,CE,Combined TRACON& Tower with Radar,48,26,6,1,81,0,9,23,0,32,48,35,29,1,113,0,0,0,113
07/05/2014,DSM,IA,ACE,CE,Combined TRACON& Tower with Radar,48,40,13,0,101,0,3,8,0,11,48,43,21,0,112,0,0,0,112
07/06/2014,DSM,IA,ACE,CE,Combined TRACON& Tower with Radar,59,54,26,1,140,0,2,22,0,24,59,56,48,1,164,16,0,16,180
07/07/2014,DSM,IA,ACE,CE,Combined TRACON& Tower with Radar,62,54,56,3,175,0,2,26,0,28,62,56,82,3,203,8,0,8,211
07/08/2014,DSM,IA,ACE,CE,Combined TRACON& Tower with Radar,72,51,41,6,170,0,2,30,0,32,72,53,71,6,202,26,8,34,236
07/09/2014,DSM,IA,ACE,CE,Combined TRACON& Tower with Radar,74,52,71,1,198,0,4,36,0,40,74,56,107,1,238,36,0,36,274
07/10/2014,DSM,IA,ACE,CE,Combined TRACON& Tower with Radar,80,62,70,6,218,0,3,57,0,60,80,65,127,6,278,20,0,20,298
07/11/2014,DSM,IA,ACE,CE,Combined TRACON& Tower with Radar,64,53,43,1,161,0,3,34,0,37,64,56,77,1,198,22,0,22,220
07/12/2014,DSM,IA,ACE,CE,Combined TRACON& Tower with Radar,55,40,18,1,114,0,3,22,0,25,55,43,40,1,139,8,0,8,147
07/13/2014,DSM,IA,ACE,CE,Combined TRACON& Tower with Radar,62,54,28,1,145,0,3,28,0,31,62,57,56,1,176,6,0,6,182
07/14/2014,DSM,IA,ACE,CE,Combined TRACON& Tower with Radar,61,56,54,0,171,0,7,15,1,23,61,63,69,1,194,14,0,14,208
07/15/2014,DSM,IA,ACE,CE,Combined TRACON& Tower with Radar,71,49,63,0,183,0,2,48,1,51,71,51,111,1,234,18,0,18,252
07/16/2014,DSM,IA,ACE,CE,Combined TRACON& Tower with Radar,71,52,58,0,181,0,2,53,0,55,71,54,111,0,236,30,0,30,266
07/17/2014,DSM,IA,ACE,CE,Combined TRACON& Tower with Radar,74,52,53,2,181,0,4,27,0,31,74,56,80,2,212,14,0,14,226
07/18/2014,DSM,IA,ACE,CE,Combined TRACON& Tower with Radar,65,53,39,0,157,0,2,21,0,23,65,55,60,0,180,16,0,16,196
07/19/2014,DSM,IA,ACE,CE,Combined TRACON& Tower with Radar,53,47,16,5,121,0,0,28,2,30,53,47,44,7,151,26,0,26,177
07/20/2014,DSM,IA,ACE,CE,Combined TRACON& Tower with Radar,62,49,20,0,131,0,3,24,0,27,62,52,44,0,158,32,0,32,190
07/21/2014,DSM,IA,ACE,CE,Combined TRACON& Tower with Radar,62,53,62,0,177,0,2,32,0,34,62,55,94,0,211,18,0,18,229
07/22/2014,DSM,IA,ACE,CE,Combined TRACON& Tower with Radar,71,53,48,0,172,0,2,45,0,47,71,55,93,0,219,34,0,34,253
07/23/2014,DSM,IA,ACE,CE,Combined TRACON& Tower with Radar,68,52,67,0,187,0,3,44,0,47,68,55,111,0,234,36,0,36,270
07/24/2014,DSM,IA,ACE,CE,Combined TRACON& Tower with Radar,76,59,51,4,190,0,5,20,0,25,76,64,71,4,215,0,0,0,215
07/25/2014,DSM,IA,ACE,CE,Combined TRACON& Tower with Radar,66,57,44,7,174,0,1,14,0,15,66,58,58,7,189,0,6,6,195
07/26/2014,DSM,IA,ACE,CE,Combined TRACON& Tower with Radar,57,49,17,1,124,0,2,32,0,34,57,51,49,1,158,8,0,8,166
07/27/2014,DSM,IA,ACE,CE,Combined TRACON& Tower with Radar,66,45,23,0,134,0,4,25,0,29,66,49,48,0,163,4,0,4,167
07/28/2014,DSM,IA,ACE,CE,Combined TRACON& Tower with Radar,62,57,58,0,177,1,2,16,0,19,63,59,74,0,196,33,0,33,229
07/29/2014,DSM,IA,ACE,CE,Combined TRACON& Tower with Radar,71,48,47,0,166,0,0,49,0,49,71,48,96,0,215,0,0,0,215
07/30/2014,DSM,IA,ACE,CE,Combined TRACON& Tower with Radar,72,57,72,5,206,0,3,27,0,30,72,60,99,5,236,6,0,6,242
07/31/2014,DSM,IA,ACE,CE,Combined TRACON& Tower with Radar,80,59,68,2,209,0,3,48,0,51,80,62,116,2,260,0,0,0,260
08/01/2014,DSM,IA,ACE,CE,Combined TRACON& Tower with Radar,71,50,43,2,166,0,1,43,3,47,71,51,86,5,213,12,0,12,225
08/02/2014,DSM,IA,ACE,CE,Combined TRACON& Tower with Radar,53,55,24,0,132,0,3,22,0,25,53,58,46,0,157,0,0,0,157
08/03/2014,DSM,IA,ACE,CE,Combined TRACON& Tower with Radar,65,52,41,0,158,0,1,28,0,29,65,53,69,0,187,13,0,13,200
08/04/2014,DSM,IA,ACE,CE,Combined TRACON& Tower with Radar,58,57,46,0,161,0,2,22,0,24,58,59,68,0,185,40,0,40,225
08/05/2014,DSM,IA,ACE,CE,Combined TRACON& Tower with Radar,72,50,60,2,184,0,1,19,2,22,72,51,79,4,206,20,0,20,226
08/06/2014,DSM,IA,ACE,CE,Combined TRACON& Tower with Radar,75,45,54,0,174,0,0,2,0,2,75,45,56,0,176,0,0,0,176
08/07/2014,DSM,IA,ACE,CE,Combined TRACON& Tower with Radar,77,49,64,2,192,0,0,0,0,0,77,49,64,2,192,0,0,0,192
08/08/2014,DSM,IA,ACE,CE,Combined TRACON& Tower with Radar,65,50,42,0,157,0,2,22,0,24,65,52,64,0,181,10,0,10,191
08/09/2014,DSM,IA,ACE,CE,Combined TRACON& Tower with Radar,51,46,16,0,113,0,4,25,0,29,51,50,41,0,142,0,0,0,142
08/10/2014,DSM,IA,ACE,CE,Combined TRACON& Tower with Radar,64,49,31,2,146,0,5,11,0,16,64,54,42,2,162,44,0,44,206
08/11/2014,DSM,IA,ACE,CE,Combined TRACON& Tower with Radar,61,57,66,2,186,0,4,11,0,15,61,61,77,2,201,14,0,14,215
08/12/2014,DSM,IA,ACE,CE,Combined TRACON& Tower with Radar,70,50,62,2,184,0,5,34,4,43,70,55,96,6,227,24,0,24,251
08/13/2014,DSM,IA,ACE,CE,Combined TRACON& Tower with Radar,72,50,64,3,189,0,4,43,4,51,72,54,107,7,240,68,0,68,308
08/14/2014,DSM,IA,ACE,CE,Combined TRACON& Tower with Radar,81,53,50,0,184,0,0,20,1,21,81,53,70,1,205,50,0,50,255
08/15/2014,DSM,IA,ACE,CE,Combined TRACON& Tower with Radar,68,61,31,2,162,0,0,9,0,9,68,61,40,2,171,0,0,0,171
08/16/2014,DSM,IA,ACE,CE,Combined TRACON& Tower with Radar,49,47,27,0,123,0,1,16,0,17,49,48,43,0,140,10,0,10,150
08/17/2014,DSM,IA,ACE,CE,Combined TRACON& Tower with Radar,64,46,30,0,140,0,2,31,0,33,64,48,61,0,173,0,0,0,173
08/18/2014,DSM,IA,ACE,CE,Combined TRACON& Tower with Radar,59,52,56,0,167,0,1,21,0,22,59,53,77,0,189,0,0,0,189
08/19/2014,DSM,IA,ACE,CE,Combined TRACON& Tower with Radar,69,41,49,0,159,0,2,41,0,43,69,43,90,0,202,20,0,20,222
08/20/2014,DSM,IA,ACE,CE,Combined TRACON& Tower with Radar,73,47,48,0,168,0,1,17,0,18,73,48,65,0,186,4,0,4,190
08/21/2014,DSM,IA,ACE,CE,Combined TRACON& Tower with Radar,74,53,60,0,187,0,6,26,0,32,74,59,86,0,219,28,0,28,247
08/22/2014,DSM,IA,ACE,CE,Combined TRACON& Tower with Radar,62,61,50,1,174,0,3,38,1,42,62,64,88,2,216,6,0,6,222
08/23/2014,DSM,IA,ACE,CE,Combined TRACON& Tower with Radar,52,32,14,0,98,0,4,15,0,19,52,36,29,0,117,26,0,26,143
08/24/2014,DSM,IA,ACE,CE,Combined TRACON& Tower with Radar,70,46,19,0,135,0,3,37,0,40,70,49,56,0,175,0,0,0,175
08/25/2014,DSM,IA,ACE,CE,Combined TRACON& Tower with Radar,54,50,67,25,196,1,1,17,0,19,55,51,84,25,215,9,0,9,224
08/26/2014,DSM,IA,ACE,CE,Combined TRACON& Tower with Radar,71,49,60,0,180,0,1,22,0,23,71,50,82,0,203,30,0,30,233
08/27/2014,DSM,IA,ACE,CE,Combined TRACON& Tower with Radar,73,56,65,0,194,0,2,11,0,13,73,58,76,0,207,38,0,38,245
08/28/2014,DSM,IA,ACE,CE,Combined TRACON& Tower with Radar,75,59,48,0,182,0,0,2,0,2,75,59,50,0,184,0,0,0,184
08/29/2014,DSM,IA,ACE,CE,Combined TRACON& Tower with Radar,66,57,47,0,170,0,2,19,0,21,66,59,66,0,191,2,0,2,193
08/30/2014,DSM,IA,ACE,CE,Combined TRACON& Tower with Radar,42,32,10,0,84,0,3,19,0,22,42,35,29,0,106,26,0,26,132
08/31/2014,DSM,IA,ACE,CE,Combined TRACON& Tower with Radar,56,33,11,0,100,0,3,24,0,27,56,36,35,0,127,5,0,5,132
09/01/2014,DSM,IA,ACE,CE,Combined TRACON& Tower with Radar,57,41,21,0,119,0,2,36,0,38,57,43,57,0,157,4,0,4,161
09/02/2014,DSM,IA,ACE,CE,Combined TRACON& Tower with Radar,56,49,52,0,157,0,2,33,0,35,56,51,85,0,192,22,0,22,214
09/03/2014,DSM,IA,ACE,CE,Combined TRACON& Tower with Radar,65,53,43,1,162,0,3,54,1,58,65,56,97,2,220,84,0,84,304
09/04/2014,DSM,IA,ACE,CE,Combined TRACON& Tower with Radar,70,45,36,22,173,0,1,28,0,29,70,46,64,22,202,0,8,8,210
09/05/2014,DSM,IA,ACE,CE,Combined TRACON& Tower with Radar,64,42,44,3,153,0,4,18,0,22,64,46,62,3,175,4,0,4,179
09/06/2014,DSM,IA,ACE,CE,Combined TRACON& Tower with Radar,43,33,30,1,107,0,1,38,0,39,43,34,68,1,146,2,0,2,148
09/07/2014,DSM,IA,ACE,CE,Combined TRACON& Tower with Radar,70,44,29,3,146,0,3,40,0,43,70,47,69,3,189,22,0,22,211
09/08/2014,DSM,IA,ACE,CE,Combined TRACON& Tower with Radar,55,74,69,0,198,0,3,32,0,35,55,77,101,0,233,22,0,22,255
09/09/2014,DSM,IA,ACE,CE,Combined TRACON& Tower with Radar,64,61,51,0,176,0,1,6,0,7,64,62,57,0,183,0,0,0,183
09/10/2014,DSM,IA,ACE,CE,Combined TRACON& Tower with Radar,62,64,73,2,201,0,2,1,0,3,62,66,74,2,204,0,0,0,204
09/11/2014,DSM,IA,ACE,CE,Combined TRACON& Tower with Radar,76,65,75,0,216,0,12,33,0,45,76,77,108,0,261,4,0,4,265
09/12/2014,DSM,IA,ACE,CE,Combined TRACON& Tower with Radar,60,60,45,0,165,0,0,6,0,6,60,60,51,0,171,20,0,20,191
09/13/2014,DSM,IA,ACE,CE,Combined TRACON& Tower with Radar,42,35,41,0,118,0,1,40,0,41,42,36,81,0,159,6,0,6,165
09/14/2014,DSM,IA,ACE,CE,Combined TRACON& Tower with Radar,63,59,38,0,160,0,1,46,0,47,63,60,84,0,207,8,0,8,215
09/15/2014,DSM,IA,ACE,CE,Combined TRACON& Tower with Radar,55,58,45,2,160,0,1,14,0,15,55,59,59,2,175,0,0,0,175
09/16/2014,DSM,IA,ACE,CE,Combined TRACON& Tower with Radar,62,64,47,1,174,0,1,24,0,25,62,65,71,1,199,4,0,4,203
09/17/2014,DSM,IA,ACE,CE,Combined TRACON& Tower with Radar,65,59,81,4,209,0,0,17,0,17,65,59,98,4,226,10,0,10,236
09/18/2014,DSM,IA,ACE,CE,Combined TRACON& Tower with Radar,73,57,60,2,192,0,0,19,0,19,73,57,79,2,211,16,0,16,227
09/19/2014,DSM,IA,ACE,CE,Combined TRACON& Tower with Radar,61,52,55,1,169,0,1,21,0,22,61,53,76,1,191,0,0,0,191
09/20/2014,DSM,IA,ACE,CE,Combined TRACON& Tower with Radar,39,32,17,4,92,0,1,23,0,24,39,33,40,4,116,0,0,0,116
09/21/2014,DSM,IA,ACE,CE,Combined TRACON& Tower with Radar,70,41,29,0,140,0,2,14,0,16,70,43,43,0,156,1,0,1,157
09/22/2014,DSM,IA,ACE,CE,Combined TRACON& Tower with Radar,68,48,64,0,180,0,2,31,0,33,68,50,95,0,213,0,0,0,213
09/23/2014,DSM,IA,ACE,CE,Combined TRACON& Tower with Radar,73,50,51,2,176,0,1,23,0,24,73,51,74,2,200,0,0,0,200
09/24/2014,DSM,IA,ACE,CE,Combined TRACON& Tower with Radar,69,55,67,3,194,1,0,26,0,27,70,55,93,3,221,13,8,21,242
09/25/2014,DSM,IA,ACE,CE,Combined TRACON& Tower with Radar,81,54,81,0,216,0,2,33,0,35,81,56,114,0,251,6,0,6,257
09/26/2014,DSM,IA,ACE,CE,Combined TRACON& Tower with Radar,50,30,24,0,104,0,0,26,0,26,50,30,50,0,130,2,0,2,132
09/27/2014,DSM,IA,ACE,CE,Combined TRACON& Tower with Radar,39,31,33,0,103,0,1,27,1,29,39,32,60,1,132,0,0,0,132
09/28/2014,DSM,IA,ACE,CE,Combined TRACON& Tower with Radar,66,38,28,1,133,0,8,40,0,48,66,46,68,1,181,12,0,12,193
09/29/2014,DSM,IA,ACE,CE,Combined TRACON& Tower with Radar,58,46,66,0,170,0,4,25,0,29,58,50,91,0,199,6,0,6,205
09/30/2014,DSM,IA,ACE,CE,Combined TRACON& Tower with Radar,73,47,76,0,196,0,2,14,0,16,73,49,90,0,212,4,0,4,216
10/01/2014,DSM,IA,ACE,CE,Combined TRACON& Tower with Radar,72,54,55,0,181,0,3,12,0,15,72,57,67,0,196,4,0,4,200
10/02/2014,DSM,IA,ACE,CE,Combined TRACON& Tower with Radar,73,50,48,0,171,0,0,0,0,0,73,50,48,0,171,0,0,0,171
10/03/2014,DSM,IA,ACE,CE,Combined TRACON& Tower with Radar,74,41,49,0,164,0,1,19,0,20,74,42,68,0,184,0,0,0,184
10/04/2014,DSM,IA,ACE,CE,Combined TRACON& Tower with Radar,49,27,20,13,109,0,2,26,3,31,49,29,46,16,140,10,0,10,150
10/05/2014,DSM,IA,ACE,CE,Combined TRACON& Tower with Radar,74,39,32,0,145,0,1,24,1,26,74,40,56,1,171,10,0,10,181
10/06/2014,DSM,IA,ACE,CE,Combined TRACON& Tower with Radar,60,53,84,36,233,0,4,26,5,35,60,57,110,41,268,0,16,16,284
10/07/2014,DSM,IA,ACE,CE,Combined TRACON& Tower with Radar,73,47,59,0,179,0,2,12,0,14,73,49,71,0,193,0,0,0,193
10/08/2014,DSM,IA,ACE,CE,Combined TRACON& Tower with Radar,72,58,58,0,188,0,1,31,2,34,72,59,89,2,222,0,0,0,222
10/09/2014,DSM,IA,ACE,CE,Combined TRACON& Tower with Radar,78,54,38,0,170,0,0,28,1,29,78,54,66,1,199,0,0,0,199
10/10/2014,DSM,IA,ACE,CE,Combined TRACON& Tower with Radar,72,51,43,2,168,0,5,29,0,34,72,56,72,2,202,0,0,0,202
10/11/2014,DSM,IA,ACE,CE,Combined TRACON& Tower with Radar,48,26,17,0,91,0,1,44,0,45,48,27,61,0,136,24,0,24,160
10/12/2014,DSM,IA,ACE,CE,Combined TRACON& Tower with Radar,78,37,37,0,152,0,0,18,0,18,78,37,55,0,170,12,0,12,182
10/13/2014,DSM,IA,ACE,CE,Combined TRACON& Tower with Radar,60,44,51,0,155,0,0,0,0,0,60,44,51,0,155,0,0,0,155
10/14/2014,DSM,IA,ACE,CE,Combined TRACON& Tower with Radar,75,47,58,0,180,0,3,7,0,10,75,50,65,0,190,0,0,0,190
10/15/2014,DSM,IA,ACE,CE,Combined TRACON& Tower with Radar,76,64,74,0,214,0,3,28,1,32,76,67,102,1,246,8,0,8,254
10/16/2014,DSM,IA,ACE,CE,Combined TRACON& Tower with Radar,87,52,69,1,209,0,1,27,1,29,87,53,96,2,238,0,0,0,238
10/17/2014,DSM,IA,ACE,CE,Combined TRACON& Tower with Radar,73,45,51,0,169,0,2,16,0,18,73,47,67,0,187,0,0,0,187
10/18/2014,DSM,IA,ACE,CE,Combined TRACON& Tower with Radar,48,26,33,3,110,0,4,29,0,33,48,30,62,3,143,0,0,0,143
10/19/2014,DSM,IA,ACE,CE,Combined TRACON& Tower with Radar,80,33,30,2,145,0,4,24,0,28,80,37,54,2,173,6,0,6,179
10/20/2014,DSM,IA,ACE,CE,Combined TRACON& Tower with Radar,64,50,53,1,168,0,4,15,0,19,64,54,68,1,187,44,0,44,231
10/21/2014,DSM,IA,ACE,CE,Combined TRACON& Tower with Radar,72,42,43,0,157,2,1,40,0,43,74,43,83,0,200,72,0,72,272
10/22/2014,DSM,IA,ACE,CE,Combined TRACON& Tower with Radar,72,53,47,0,172,0,5,15,0,20,72,58,62,0,192,14,0,14,206
10/23/2014,DSM,IA,ACE,CE,Combined TRACON& Tower with Radar,84,46,76,0,206,0,0,13,0,13,84,46,89,0,219,0,0,0,219
10/24/2014,DSM,IA,ACE,CE,Combined TRACON& Tower with Radar,73,45,47,0,165,0,0,3,0,3,73,45,50,0,168,0,0,0,168
10/25/2014,DSM,IA,ACE,CE,Combined TRACON& Tower with Radar,47,31,21,0,99,0,4,65,0,69,47,35,86,0,168,0,0,0,168
10/26/2014,DSM,IA,ACE,CE,Combined TRACON& Tower with Radar,70,45,23,2,140,0,2,24,0,26,70,47,47,2,166,6,0,6,172
10/27/2014,DSM,IA,ACE,CE,Combined TRACON& Tower with Radar,60,52,46,0,158,0,1,25,0,26,60,53,71,0,184,8,0,8,192
10/28/2014,DSM,IA,ACE,CE,Combined TRACON& Tower with Radar,66,51,36,10,163,0,1,16,0,17,66,52,52,10,180,0,0,0,180
10/29/2014,DSM,IA,ACE,CE,Combined TRACON& Tower with Radar,71,43,70,6,190,0,7,48,0,55,71,50,118,6,245,22,0,22,267
10/30/2014,DSM,IA,ACE,CE,Combined TRACON& Tower with Radar,77,54,56,0,187,0,2,24,0,26,77,56,80,0,213,0,0,0,213
10/31/2014,DSM,IA,ACE,CE,Combined TRACON& Tower with Radar,67,32,42,4,145,0,2,24,0,26,67,34,66,4,171,4,0,4,175
11/01/2014,DSM,IA,ACE,CE,Combined TRACON& Tower with Radar,42,29,17,4,92,0,2,28,0,30,42,31,45,4,122,0,0,0,122
11/02/2014,DSM,IA,ACE,CE,Combined TRACON& Tower with Radar,73,36,23,0,132,0,0,15,0,15,73,36,38,0,147,4,0,4,151
11/03/2014,DSM,IA,ACE,CE,Combined TRACON& Tower with Radar,62,61,46,0,169,0,2,2,0,4,62,63,48,0,173,0,0,0,173
11/04/2014,DSM,IA,ACE,CE,Combined TRACON& Tower with Radar,71,44,54,0,169,0,1,30,0,31,71,45,84,0,200,24,0,24,224
11/05/2014,DSM,IA,ACE,CE,Combined TRACON& Tower with Radar,65,59,77,0,201,0,4,19,0,23,65,63,96,0,224,8,0,8,232
11/06/2014,DSM,IA,ACE,CE,Combined TRACON& Tower with Radar,78,48,59,0,185,0,5,17,0,22,78,53,76,0,207,10,0,10,217
11/07/2014,DSM,IA,ACE,CE,Combined TRACON& Tower with Radar,74,54,34,0,162,0,2,17,0,19,74,56,51,0,181,0,0,0,181
11/08/2014,DSM,IA,ACE,CE,Combined TRACON& Tower with Radar,49,27,15,6,97,0,4,10,0,14,49,31,25,6,111,0,0,0,111
11/09/2014,DSM,IA,ACE,CE,Combined TRACON& Tower with Radar,76,40,25,6,147,0,3,42,0,45,76,43,67,6,192,20,0,20,212
11/10/2014,DSM,IA,ACE,CE,Combined TRACON& Tower with Radar,62,43,44,7,156,0,2,6,0,8,62,45,50,7,164,16,0,16,180
11/11/2014,DSM,IA,ACE,CE,Combined TRACON& Tower with Radar,70,55,40,0,165,0,2,5,0,7,70,57,45,0,172,0,0,0,172
11/12/2014,DSM,IA,ACE,CE,Combined TRACON& Tower with Radar,67,56,59,0,182,0,0,12,0,12,67,56,71,0,194,0,0,0,194
11/13/2014,DSM,IA,ACE,CE,Combined TRACON& Tower with Radar,80,57,56,4,197,0,2,12,0,14,80,59,68,4,211,18,0,18,229
11/14/2014,DSM,IA,ACE,CE,Combined TRACON& Tower with Radar,69,58,37,0,164,0,1,31,0,32,69,59,68,0,196,6,0,6,202
11/15/2014,DSM,IA,ACE,CE,Combined TRACON& Tower with Radar,46,28,18,0,92,0,2,5,0,7,46,30,23,0,99,0,0,0,99
11/16/2014,DSM,IA,ACE,CE,Combined TRACON& Tower with Radar,70,37,26,2,135,0,1,23,0,24,70,38,49,2,159,0,0,0,159
11/17/2014,DSM,IA,ACE,CE,Combined TRACON& Tower with Radar,58,55,50,2,165,0,1,11,0,12,58,56,61,2,177,2,0,2,179
11/18/2014,DSM,IA,ACE,CE,Combined TRACON& Tower with Radar,68,53,47,0,168,0,2,19,0,21,68,55,66,0,189,24,0,24,213
11/19/2014,DSM,IA,ACE,CE,Combined TRACON& Tower with Radar,68,56,70,0,194,0,4,4,0,8,68,60,74,0,202,2,0,2,204
11/20/2014,DSM,IA,ACE,CE,Combined TRACON& Tower with Radar,77,51,75,5,208,0,1,27,0,28,77,52,102,5,236,12,0,12,248
11/21/2014,DSM,IA,ACE,CE,Combined TRACON& Tower with Radar,72,56,80,8,216,0,4,29,0,33,72,60,109,8,249,22,0,22,271
11/22/2014,DSM,IA,ACE,CE,Combined TRACON& Tower with Radar,53,27,27,3,110,0,1,3,0,4,53,28,30,3,114,0,0,0,114
11/23/2014,DSM,IA,ACE,CE,Combined TRACON& Tower with Radar,66,36,9,0,111,0,1,4,0,5,66,37,13,0,116,0,0,0,116
11/24/2014,DSM,IA,ACE,CE,Combined TRACON& Tower with Radar,51,42,43,0,136,0,2,4,0,6,51,44,47,0,142,0,0,0,142
11/25/2014,DSM,IA,ACE,CE,Combined TRACON& Tower with Radar,76,56,59,0,191,0,2,32,0,34,76,58,91,0,225,10,0,10,235
11/26/2014,DSM,IA,ACE,CE,Combined TRACON& Tower with Radar,79,62,25,0,166,0,0,0,0,0,79,62,25,0,166,0,0,0,166
11/27/2014,DSM,IA,ACE,CE,Combined TRACON& Tower with Radar,38,21,10,0,69,0,2,13,0,15,38,23,23,0,84,10,0,10,94
11/28/2014,DSM,IA,ACE,CE,Combined TRACON& Tower with Radar,54,31,29,0,114,0,6,16,0,22,54,37,45,0,136,0,0,0,136
11/29/2014,DSM,IA,ACE,CE,Combined TRACON& Tower with Radar,59,51,18,0,128,0,3,29,0,32,59,54,47,0,160,9,0,9,169
11/30/2014,DSM,IA,ACE,CE,Combined TRACON& Tower with Radar,71,58,27,0,156,0,3,6,0,9,71,61,33,0,165,0,0,0,165
12/01/2014,DSM,IA,ACE,CE,Combined TRACON& Tower with Radar,69,52,50,0,171,0,2,7,0,9,69,54,57,0,180,2,0,2,182
12/02/2014,DSM,IA,ACE,CE,Combined TRACON& Tower with Radar,77,34,61,2,174,0,3,27,0,30,77,37,88,2,204,0,0,0,204
12/03/2014,DSM,IA,ACE,CE,Combined TRACON& Tower with Radar,80,39,52,0,171,0,2,32,0,34,80,41,84,0,205,0,0,0,205
12/04/2014,DSM,IA,ACE,CE,Combined TRACON& Tower with Radar,88,40,67,0,195,0,0,18,0,18,88,40,85,0,213,26,0,26,239
12/05/2014,DSM,IA,ACE,CE,Combined TRACON& Tower with Radar,76,40,45,0,161,0,0,1,0,1,76,40,46,0,162,0,0,0,162
12/06/2014,DSM,IA,ACE,CE,Combined TRACON& Tower with Radar,54,24,14,0,92,0,0,14,0,14,54,24,28,0,106,10,0,10,116
12/07/2014,DSM,IA,ACE,CE,Combined TRACON& Tower with Radar,73,31,22,0,126,0,0,4,0,4,73,31,26,0,130,2,0,2,132
12/08/2014,DSM,IA,ACE,CE,Combined TRACON& Tower with Radar,65,32,57,0,154,0,3,8,0,11,65,35,65,0,165,0,0,0,165
12/09/2014,DSM,IA,ACE,CE,Combined TRACON& Tower with Radar,85,32,49,0,166,0,1,22,0,23,85,33,71,0,189,8,0,8,197
12/10/2014,DSM,IA,ACE,CE,Combined TRACON& Tower with Radar,83,47,58,0,188,0,3,5,0,8,83,50,63,0,196,22,0,22,218
12/11/2014,DSM,IA,ACE,CE,Combined TRACON& Tower with Radar,88,40,58,0,186,0,0,1,0,1,88,40,59,0,187,0,0,0,187
12/12/2014,DSM,IA,ACE,CE,Combined TRACON& Tower with Radar,76,41,56,0,173,0,2,21,0,23,76,43,77,0,196,8,0,8,204
12/13/2014,DSM,IA,ACE,CE,Combined TRACON& Tower with Radar,52,25,24,0,101,0,0,3,0,3,52,25,27,0,104,1,0,1,105
12/14/2014,DSM,IA,ACE,CE,Combined TRACON& Tower with Radar,81,34,16,0,131,0,1,0,0,1,81,35,16,0,132,0,0,0,132
12/15/2014,DSM,IA,ACE,CE,Combined TRACON& Tower with Radar,70,38,44,0,152,0,0,0,0,0,70,38,44,0,152,0,0,0,152
12/16/2014,DSM,IA,ACE,CE,Combined TRACON& Tower with Radar,85,38,72,1,196,0,4,4,0,8,85,42,76,1,204,0,0,0,204
12/17/2014,DSM,IA,ACE,CE,Combined TRACON& Tower with Radar,88,37,59,2,186,0,0,42,4,46,88,37,101,6,232,0,0,0,232
12/18/2014,DSM,IA,ACE,CE,Combined TRACON& Tower with Radar,93,45,70,2,210,0,2,11,0,13,93,47,81,2,223,0,0,0,223
12/19/2014,DSM,IA,ACE,CE,Combined TRACON& Tower with Radar,65,59,47,0,171,0,0,0,0,0,65,59,47,0,171,6,0,6,177
12/20/2014,DSM,IA,ACE,CE,Combined TRACON& Tower with Radar,61,49,18,0,128,0,0,0,0,0,61,49,18,0,128,0,0,0,128
12/21/2014,DSM,IA,ACE,CE,Combined TRACON& Tower with Radar,68,56,21,0,145,0,0,2,0,2,68,56,23,0,147,0,0,0,147
12/22/2014,DSM,IA,ACE,CE,Combined TRACON& Tower with Radar,71,45,34,0,150,0,0,0,0,0,71,45,34,0,150,0,0,0,150
12/23/2014,DSM,IA,ACE,CE,Combined TRACON& Tower with Radar,80,41,34,0,155,0,0,0,0,0,80,41,34,0,155,0,0,0,155
12/24/2014,DSM,IA,ACE,CE,Combined TRACON& Tower with Radar,70,34,7,0,111,0,1,1,0,2,70,35,8,0,113,0,0,0,113
12/25/2014,DSM,IA,ACE,CE,Combined TRACON& Tower with Radar,49,38,4,0,91,1,0,10,0,11,50,38,14,0,102,0,0,0,102
12/26/2014,DSM,IA,ACE,CE,Combined TRACON& Tower with Radar,64,48,13,0,125,0,0,1,0,1,64,48,14,0,126,10,0,10,136
12/27/2014,DSM,IA,ACE,CE,Combined TRACON& Tower with Radar,60,44,23,0,127,0,1,24,0,25,60,45,47,0,152,10,0,10,162
12/28/2014,DSM,IA,ACE,CE,Combined TRACON& Tower with Radar,67,45,21,0,133,0,2,47,0,49,67,47,68,0,182,26,0,26,208
12/29/2014,DSM,IA,ACE,CE,Combined TRACON& Tower with Radar,65,35,23,0,123,0,0,3,0,3,65,35,26,0,126,1,0,1,127
12/30/2014,DSM,IA,ACE,CE,Combined TRACON& Tower with Radar,74,41,21,0,136,0,6,12,0,18,74,47,33,0,154,0,0,0,154
12/31/2014,DSM,IA,ACE,CE,Combined TRACON& Tower with Radar,68,37,17,2,124,0,3,4,0,7,68,40,21,2,131,0,0,0,131
01/01/2015,DSM,IA,ACE,CE,Combined TRACON& Tower with Radar,53,30,7,0,90,0,1,10,0,11,53,31,17,0,101,0,0,0,101
01/02/2015,DSM,IA,ACE,CE,Combined TRACON& Tower with Radar,62,49,22,0,133,0,3,37,0,40,62,52,59,0,173,8,0,8,181
01/03/2015,DSM,IA,ACE,CE,Combined TRACON& Tower with Radar,62,52,17,0,131,0,1,35,0,36,62,53,52,0,167,33,0,33,200
01/04/2015,DSM,IA,ACE,CE,Combined TRACON& Tower with Radar,61,54,17,0,132,0,0,0,0,0,61,54,17,0,132,0,0,0,132
01/05/2015,DSM,IA,ACE,CE,Combined TRACON& Tower with Radar,57,41,31,0,129,0,0,0,0,0,57,41,31,0,129,0,0,0,129
01/06/2015,DSM,IA,ACE,CE,Combined TRACON& Tower with Radar,69,39,39,0,147,0,1,9,0,10,69,40,48,0,157,0,0,0,157
01/07/2015,DSM,IA,ACE,CE,Combined TRACON& Tower with Radar,78,35,29,0,142,0,3,5,0,8,78,38,34,0,150,0,0,0,150
01/08/2015,DSM,IA,ACE,CE,Combined TRACON& Tower with Radar,74,34,41,22,171,0,4,6,0,10,74,38,47,22,181,0,28,28,209
01/09/2015,DSM,IA,ACE,CE,Combined TRACON& Tower with Radar,71,36,35,0,142,0,0,1,0,1,71,36,36,0,143,0,0,0,143
01/10/2015,DSM,IA,ACE,CE,Combined TRACON& Tower with Radar,54,19,15,8,96,0,0,32,0,32,54,19,47,8,128,26,0,26,154
01/11/2015,DSM,IA,ACE,CE,Combined TRACON& Tower with Radar,71,24,13,3,111,1,1,17,0,19,72,25,30,3,130,13,0,13,143
01/12/2015,DSM,IA,ACE,CE,Combined TRACON& Tower with Radar,62,40,39,2,143,0,2,12,0,14,62,42,51,2,157,7,0,7,164
01/13/2015,DSM,IA,ACE,CE,Combined TRACON& Tower with Radar,75,35,34,1,145,0,1,19,0,20,75,36,53,1,165,0,0,0,165
01/14/2015,DSM,IA,ACE,CE,Combined TRACON& Tower with Radar,74,38,46,0,158,0,2,12,0,14,74,40,58,0,172,18,0,18,190
01/15/2015,DSM,IA,ACE,CE,Combined TRACON& Tower with Radar,76,49,61,1,187,4,6,34,1,45,80,55,95,2,232,16,2,18,250
01/16/2015,DSM,IA,ACE,CE,Combined TRACON& Tower with Radar,70,39,37,0,146,0,7,58,0,65,70,46,95,0,211,18,0,18,229
01/17/2015,DSM,IA,ACE,CE,Combined TRACON& Tower with Radar,55,22,14,0,91,0,4,20,0,24,55,26,34,0,115,0,0,0,115
01/18/2015,DSM,IA,ACE,CE,Combined TRACON& Tower with Radar,67,22,27,0,116,0,7,49,0,56,67,29,76,0,172,36,0,36,208
01/19/2015,DSM,IA,ACE,CE,Combined TRACON& Tower with Radar,66,48,37,2,153,0,4,20,0,24,66,52,57,2,177,38,0,38,215
01/20/2015,DSM,IA,ACE,CE,Combined TRACON& Tower with Radar,78,38,49,0,165,0,1,21,0,22,78,39,70,0,187,30,0,30,217
01/21/2015,DSM,IA,ACE,CE,Combined TRACON& Tower with Radar,76,41,48,2,167,1,0,1,0,2,77,41,49,2,169,1,0,1,170
01/22/2015,DSM,IA,ACE,CE,Combined TRACON& Tower with Radar,83,41,50,7,181,0,6,9,0,15,83,47,59,7,196,14,0,14,210
01/23/2015,DSM,IA,ACE,CE,Combined TRACON& Tower with Radar,71,51,41,13,176,0,4,32,2,38,71,55,73,15,214,0,28,28,242
01/24/2015,DSM,IA,ACE,CE,Combined TRACON& Tower with Radar,52,28,32,11,123,0,0,32,0,32,52,28,64,11,155,48,6,54,209
01/25/2015,DSM,IA,ACE,CE,Combined TRACON& Tower with Radar,70,31,21,0,122,0,1,6,0,7,70,32,27,0,129,0,0,0,129
01/26/2015,DSM,IA,ACE,CE,Combined TRACON& Tower with Radar,65,39,42,2,148,0,1,19,0,20,65,40,61,2,168,26,0,26,194
01/27/2015,DSM,IA,ACE,CE,Combined TRACON& Tower with Radar,74,38,58,0,170,0,2,37,0,39,74,40,95,0,209,18,0,18,227
01/28/2015,DSM,IA,ACE,CE,Combined TRACON& Tower with Radar,79,33,77,3,192,0,0,5,2,7,79,33,82,5,199,20,4,24,223
01/29/2015,DSM,IA,ACE,CE,Combined TRACON& Tower with Radar,76,54,43,0,173,0,0,1,2,3,76,54,44,2,176,0,0,0,176
01/30/2015,DSM,IA,ACE,CE,Combined TRACON& Tower with Radar,68,47,39,5,159,0,2,50,4,56,68,49,89,9,215,6,0,6,221
01/31/2015,DSM,IA,ACE,CE,Combined TRACON& Tower with Radar,53,24,7,6,90,2,1,0,0,3,55,25,7,6,93,0,0,0,93
02/01/2015,DSM,IA,ACE,CE,Combined TRACON& Tower with Radar,43,11,11,0,65,0,0,0,0,0,43,11,11,0,65,0,0,0,65
02/02/2015,DSM,IA,ACE,CE,Combined TRACON& Tower with Radar,64,33,46,0,143,0,2,14,0,16,64,35,60,0,159,0,0,0,159
02/03/2015,DSM,IA,ACE,CE,Combined TRACON& Tower with Radar,67,37,42,1,147,0,0,6,1,7,67,37,48,2,154,0,0,0,154
02/04/2015,DSM,IA,ACE,CE,Combined TRACON& Tower with Radar,73,46,48,2,169,0,1,7,0,8,73,47,55,2,177,0,0,0,177
02/05/2015,DSM,IA,ACE,CE,Combined TRACON& Tower with Radar,75,41,57,1,174,0,2,10,4,16,75,43,67,5,190,0,0,0,190
02/06/2015,DSM,IA,ACE,CE,Combined TRACON& Tower with Radar,76,38,57,1,172,0,0,18,0,18,76,38,75,1,190,6,0,6,196
02/07/2015,DSM,IA,ACE,CE,Combined TRACON& Tower with Radar,53,27,20,1,101,0,3,27,1,31,53,30,47,2,132,8,0,8,140
02/08/2015,DSM,IA,ACE,CE,Combined TRACON& Tower with Radar,71,31,20,0,122,0,1,16,0,17,71,32,36,0,139,20,0,20,159
02/09/2015,DSM,IA,ACE,CE,Combined TRACON& Tower with Radar,64,41,52,4,161,0,1,9,0,10,64,42,61,4,171,0,6,6,177
02/10/2015,DSM,IA,ACE,CE,Combined TRACON& Tower with Radar,72,37,46,2,157,0,1,19,0,20,72,38,65,2,177,14,0,14,191
02/11/2015,DSM,IA,ACE,CE,Combined TRACON& Tower with Radar,77,33,55,9,174,0,2,8,0,10,77,35,63,9,184,6,8,14,198
02/12/2015,DSM,IA,ACE,CE,Combined TRACON& Tower with Radar,86,34,59,10,189,0,2,12,0,14,86,36,71,10,203,1,4,5,208
02/13/2015,DSM,IA,ACE,CE,Combined TRACON& Tower with Radar,77,36,52,6,171,0,1,24,0,25,77,37,76,6,196,0,0,0,196
02/14/2015,DSM,IA,ACE,CE,Combined TRACON& Tower with Radar,59,31,8,0,98,0,2,5,0,7,59,33,13,0,105,0,0,0,105
02/15/2015,DSM,IA,ACE,CE,Combined TRACON& Tower with Radar,66,44,28,0,138,0,7,14,0,21,66,51,42,0,159,20,0,20,179
02/16/2015,DSM,IA,ACE,CE,Combined TRACON& Tower with Radar,66,40,27,0,133,0,1,2,0,3,66,41,29,0,136,0,0,0,136
02/17/2015,DSM,IA,ACE,CE,Combined TRACON& Tower with Radar,73,36,36,0,145,0,2,1,0,3,73,38,37,0,148,0,0,0,148
02/18/2015,DSM,IA,ACE,CE,Combined TRACON& Tower with Radar,79,41,45,3,168,0,2,6,4,12,79,43,51,7,180,0,16,16,196
02/19/2015,DSM,IA,ACE,CE,Combined TRACON& Tower with Radar,81,36,62,11,190,1,3,23,5,32,82,39,85,16,222,0,18,18,240
02/20/2015,DSM,IA,ACE,CE,Combined TRACON& Tower with Radar,75,41,36,4,156,0,0,10,3,13,75,41,46,7,169,0,8,8,177
02/21/2015,DSM,IA,ACE,CE,Combined TRACON& Tower with Radar,59,21,8,3,91,0,2,19,0,21,59,23,27,3,112,8,0,8,120
02/22/2015,DSM,IA,ACE,CE,Combined TRACON& Tower with Radar,62,36,39,2,139,0,1,12,0,13,62,37,51,2,152,0,0,0,152
02/23/2015,DSM,IA,ACE,CE,Combined TRACON& Tower with Radar,65,36,53,2,156,0,4,20,0,24,65,40,73,2,180,0,0,0,180
02/24/2015,DSM,IA,ACE,CE,Combined TRACON& Tower with Radar,79,36,53,1,169,0,2,15,0,17,79,38,68,1,186,6,0,6,192
02/25/2015,DSM,IA,ACE,CE,Combined TRACON& Tower with Radar,79,46,40,0,165,0,1,1,0,2,79,47,41,0,167,0,0,0,167
02/26/2015,DSM,IA,ACE,CE,Combined TRACON& Tower with Radar,80,40,54,2,176,0,6,9,1,16,80,46,63,3,192,12,0,12,204
02/27/2015,DSM,IA,ACE,CE,Combined TRACON& Tower with Radar,71,37,45,2,155,0,4,11,4,19,71,41,56,6,174,0,4,4,178
02/28/2015,DSM,IA,ACE,CE,Combined TRACON& Tower with Radar,64,17,21,0,102,0,0,19,0,19,64,17,40,0,121,0,0,0,121
03/01/2015,DSM,IA,ACE,CE,Combined TRACON& Tower with Radar,65,45,31,2,143,0,3,22,0,25,65,48,53,2,168,10,0,10,178
03/02/2015,DSM,IA,ACE,CE,Combined TRACON& Tower with Radar,69,24,56,1,150,0,0,23,2,25,69,24,79,3,175,6,0,6,181
03/03/2015,DSM,IA,ACE,CE,Combined TRACON& Tower with Radar,81,32,26,1,140,0,2,8,0,10,81,34,34,1,150,0,0,0,150
03/04/2015,DSM,IA,ACE,CE,Combined TRACON& Tower with Radar,75,28,53,2,158,0,1,13,2,16,75,29,66,4,174,30,6,36,210
03/05/2015,DSM,IA,ACE,CE,Combined TRACON& Tower with Radar,75,23,46,0,144,0,0,28,0,28,75,23,74,0,172,10,0,10,182
03/06/2015,DSM,IA,ACE,CE,Combined TRACON& Tower with Radar,85,37,68,4,194,0,0,11,3,14,85,37,79,7,208,2,0,2,210
03/07/2015,DSM,IA,ACE,CE,Combined TRACON& Tower with Radar,63,26,36,3,128,0,3,33,0,36,63,29,69,3,164,0,0,0,164
03/08/2015,DSM,IA,ACE,CE,Combined TRACON& Tower with Radar,85,25,32,0,142,0,0,43,0,43,85,25,75,0,185,72,0,72,257
03/09/2015,DSM,IA,ACE,CE,Combined TRACON& Tower with Radar,81,22,75,0,178,0,5,50,0,55,81,27,125,0,233,12,0,12,245
03/10/2015,DSM,IA,ACE,CE,Combined TRACON& Tower with Radar,85,31,59,5,180,0,5,42,9,56,85,36,101,14,236,47,6,53,289
03/11/2015,DSM,IA,ACE,CE,Combined TRACON& Tower with Radar,94,30,69,1,194,0,2,42,3,47,94,32,111,4,241,38,0,38,279
03/12/2015,DSM,IA,ACE,CE,Combined TRACON& Tower with Radar,90,30,54,0,174,0,4,34,4,42,90,34,88,4,216,0,0,0,216
03/13/2015,DSM,IA,ACE,CE,Combined TRACON& Tower with Radar,91,34,78,4,207,1,0,54,9,64,92,34,132,13,271,29,32,61,332
03/14/2015,DSM,IA,ACE,CE,Combined TRACON& Tower with Radar,72,24,34,6,136,0,1,63,0,64,72,25,97,6,200,50,0,50,250
03/15/2015,DSM,IA,ACE,CE,Combined TRACON& Tower with Radar,87,21,12,1,121,0,3,16,1,20,87,24,28,2,141,0,0,0,141
03/16/2015,DSM,IA,ACE,CE,Combined TRACON& Tower with Radar,82,31,38,2,153,0,4,18,0,22,82,35,56,2,175,0,0,0,175
03/17/2015,DSM,IA,ACE,CE,Combined TRACON& Tower with Radar,83,28,45,2,158,0,3,30,0,33,83,31,75,2,191,20,0,20,211
03/18/2015,DSM,IA,ACE,CE,Combined TRACON& Tower with Radar,89,28,63,0,180,0,2,28,0,30,89,30,91,0,210,16,0,16,226
03/19/2015,DSM,IA,ACE,CE,Combined TRACON& Tower with Radar,93,35,33,2,163,0,2,18,1,21,93,37,51,3,184,18,4,22,206
03/20/2015,DSM,IA,ACE,CE,Combined TRACON& Tower with Radar,85,25,44,0,154,0,1,48,0,49,85,26,92,0,203,26,0,26,229
03/21/2015,DSM,IA,ACE,CE,Combined TRACON& Tower with Radar,71,25,36,0,132,0,2,54,0,56,71,27,90,0,188,54,0,54,242
03/22/2015,DSM,IA,ACE,CE,Combined TRACON& Tower with Radar,80,32,41,3,156,0,2,30,1,33,80,34,71,4,189,16,2,18,207
03/23/2015,DSM,IA,ACE,CE,Combined TRACON& Tower with Radar,86,26,39,1,152,0,3,17,0,20,86,29,56,1,172,8,0,8,180
03/24/2015,DSM,IA,ACE,CE,Combined TRACON& Tower with Radar,85,32,42,0,159,0,0,2,0,2,85,32,44,0,161,0,0,0,161
03/25/2015,DSM,IA,ACE,CE,Combined TRACON& Tower with Radar,84,34,71,6,195,0,3,6,0,9,84,37,77,6,204,0,0,0,204
03/26/2015,DSM,IA,ACE,CE,Combined TRACON& Tower with Radar,86,34,65,5,190,0,1,25,0,26,86,35,90,5,216,32,4,36,252
03/27/2015,DSM,IA,ACE,CE,Combined TRACON& Tower with Radar,88,29,47,13,177,0,4,59,15,78,88,33,106,28,255,16,20,36,291
03/28/2015,DSM,IA,ACE,CE,Combined TRACON& Tower with Radar,66,22,8,5,101,0,4,31,0,35,66,26,39,5,136,22,0,22,158
03/29/2015,DSM,IA,ACE,CE,Combined TRACON& Tower with Radar,83,19,14,1,117,0,3,6,0,9,83,22,20,1,126,0,0,0,126
03/30/2015,DSM,IA,ACE,CE,Combined TRACON& Tower with Radar,81,26,32,3,142,0,4,20,0,24,81,30,52,3,166,0,0,0,166
03/31/2015,DSM,IA,ACE,CE,Combined TRACON& Tower with Radar,85,21,37,3,146,0,4,27,3,34,85,25,64,6,180,28,22,50,230
04/01/2015,DSM,IA,ACE,CE,Combined TRACON& Tower with Radar,85,24,54,1,164,0,0,11,0,11,85,24,65,1,175,4,0,4,179
04/02/2015,DSM,IA,ACE,CE,Combined TRACON& Tower with Radar,87,36,36,2,161,0,5,21,1,27,87,41,57,3,188,6,0,6,194
04/03/2015,DSM,IA,ACE,CE,Combined TRACON& Tower with Radar,80,26,33,2,141,0,3,6,3,12,80,29,39,5,153,0,0,0,153
04/04/2015,DSM,IA,ACE,CE,Combined TRACON& Tower with Radar,48,21,23,1,93,0,3,37,0,40,48,24,60,1,133,10,0,10,143
04/05/2015,DSM,IA,ACE,CE,Combined TRACON& Tower with Radar,74,20,23,0,117,0,0,28,0,28,74,20,51,0,145,12,0,12,157
04/06/2015,DSM,IA,ACE,CE,Combined TRACON& Tower with Radar,77,30,47,0,154,0,0,1,0,1,77,30,48,0,155,0,0,0,155
04/07/2015,DSM,IA,ACE,CE,Combined TRACON& Tower with Radar,85,21,35,0,141,0,0,0,0,0,85,21,35,0,141,0,0,0,141
04/08/2015,DSM,IA,ACE,CE,Combined TRACON& Tower with Radar,83,24,44,0,151,0,0,0,0,0,83,24,44,0,151,0,0,0,151
04/09/2015,DSM,IA,ACE,CE,Combined TRACON& Tower with Radar,81,21,37,0,139,0,0,0,0,0,81,21,37,0,139,0,0,0,139
04/10/2015,DSM,IA,ACE,CE,Combined TRACON& Tower with Radar,77,38,42,6,163,0,3,31,2,36,77,41,73,8,199,8,4,12,211
04/11/2015,DSM,IA,ACE,CE,Combined TRACON& Tower with Radar,57,21,26,0,104,0,7,37,1,45,57,28,63,1,149,10,0,10,159
04/12/2015,DSM,IA,ACE,CE,Combined TRACON& Tower with Radar,75,23,22,0,120,0,2,13,1,16,75,25,35,1,136,6,0,6,142
04/13/2015,DSM,IA,ACE,CE,Combined TRACON& Tower with Radar,86,22,45,0,153,0,0,14,0,14,86,22,59,0,167,0,0,0,167
04/14/2015,DSM,IA,ACE,CE,Combined TRACON& Tower with Radar,90,20,44,2,156,0,1,49,0,50,90,21,93,2,206,8,0,8,214
04/15/2015,DSM,IA,ACE,CE,Combined TRACON& Tower with Radar,93,18,66,0,177,0,0,14,2,16,93,18,80,2,193,0,0,0,193
04/16/2015,DSM,IA,ACE,CE,Combined TRACON& Tower with Radar,94,37,56,2,189,0,4,33,6,43,94,41,89,8,232,12,14,26,258
04/17/2015,DSM,IA,ACE,CE,Combined TRACON& Tower with Radar,85,21,36,0,142,0,3,38,0,41,85,24,74,0,183,6,0,6,189
04/18/2015,DSM,IA,ACE,CE,Combined TRACON& Tower with Radar,53,20,17,0,90,0,0,8,0,8,53,20,25,0,98,26,0,26,124
04/19/2015,DSM,IA,ACE,CE,Combined TRACON& Tower with Radar,79,25,20,0,124,0,0,2,0,2,79,25,22,0,126,0,0,0,126
04/20/2015,DSM,IA,ACE,CE,Combined TRACON& Tower with Radar,87,21,51,0,159,0,3,12,0,15,87,24,63,0,174,0,0,0,174
04/21/2015,DSM,IA,ACE,CE,Combined TRACON& Tower with Radar,92,21,60,0,173,0,2,6,0,8,92,23,66,0,181,18,0,18,199
04/22/2015,DSM,IA,ACE,CE,Combined TRACON& Tower with Radar,89,21,60,0,170,0,2,24,2,28,89,23,84,2,198,0,0,0,198
04/23/2015,DSM,IA,ACE,CE,Combined TRACON& Tower with Radar,95,22,70,2,189,0,4,30,0,34,95,26,100,2,223,38,0,38,261
04/24/2015,DSM,IA,ACE,CE,Combined TRACON& Tower with Radar,82,21,46,2,151,0,0,10,0,10,82,21,56,2,161,6,0,6,167
04/25/2015,DSM,IA,ACE,CE,Combined TRACON& Tower with Radar,57,18,32,1,108,0,1,0,0,1,57,19,32,1,109,12,0,12,121
04/26/2015,DSM,IA,ACE,CE,Combined TRACON& Tower with Radar,81,30,30,1,142,0,3,59,0,62,81,33,89,1,204,60,0,60,264
04/27/2015,DSM,IA,ACE,CE,Combined TRACON& Tower with Radar,85,22,40,30,177,0,4,64,0,68,85,26,104,30,245,30,60,90,335
04/28/2015,DSM,IA,ACE,CE,Combined TRACON& Tower with Radar,91,20,48,2,161,0,2,22,2,26,91,22,70,4,187,58,0,58,245
04/29/2015,DSM,IA,ACE,CE,Combined TRACON& Tower with Radar,90,31,72,0,193,0,1,22,2,25,90,32,94,2,218,4,0,4,222
04/30/2015,DSM,IA,ACE,CE,Combined TRACON& Tower with Radar,91,28,60,0,179,0,3,47,0,50,91,31,107,0,229,0,0,0,229
05/01/2015,DSM,IA,ACE,CE,Combined TRACON& Tower with Radar,85,26,54,3,168,0,3,23,0,26,85,29,77,3,194,12,0,12,206
05/02/2015,DSM,IA,ACE,CE,Combined TRACON& Tower with Radar,55,21,18,7,101,0,4,18,1,23,55,25,36,8,124,0,0,0,124
05/03/2015,DSM,IA,ACE,CE,Combined TRACON& Tower with Radar,77,23,27,4,131,0,2,12,0,14,77,25,39,4,145,32,0,32,177
05/04/2015,DSM,IA,ACE,CE,Combined TRACON& Tower with Radar,80,22,70,0,172,0,5,5,0,10,80,27,75,0,182,0,0,0,182
05/05/2015,DSM,IA,ACE,CE,Combined TRACON& Tower with Radar,94,23,58,2,177,0,1,12,0,13,94,24,70,2,190,26,0,26,216
05/06/2015,DSM,IA,ACE,CE,Combined TRACON& Tower with Radar,93,27,42,2,164,0,1,2,0,3,93,28,44,2,167,6,0,6,173
05/07/2015,DSM,IA,ACE,CE,Combined TRACON& Tower with Radar,90,30,57,0,177,0,3,10,0,13,90,33,67,0,190,8,0,8,198
05/08/2015,DSM,IA,ACE,CE,Combined TRACON& Tower with Radar,82,31,67,2,182,0,3,15,0,18,82,34,82,2,200,14,0,14,214
05/09/2015,DSM,IA,ACE,CE,Combined TRACON& Tower with Radar,63,29,25,0,117,0,3,47,0,50,63,32,72,0,167,70,0,70,237
05/10/2015,DSM,IA,ACE,CE,Combined TRACON& Tower with Radar,80,21,17,1,119,0,0,7,0,7,80,21,24,1,126,0,0,0,126
05/11/2015,DSM,IA,ACE,CE,Combined TRACON& Tower with Radar,73,31,62,0,166,0,0,15,0,15,73,31,77,0,181,0,0,0,181
05/12/2015,DSM,IA,ACE,CE,Combined TRACON& Tower with Radar,86,29,70,1,186,0,5,31,0,36,86,34,101,1,222,26,0,26,248
05/13/2015,DSM,IA,ACE,CE,Combined TRACON& Tower with Radar,88,30,60,12,190,0,1,23,0,24,88,31,83,12,214,0,0,0,214
05/14/2015,DSM,IA,ACE,CE,Combined TRACON& Tower with Radar,95,32,58,12,197,0,0,0,0,0,95,32,58,12,197,2,0,2,199
05/15/2015,DSM,IA,ACE,CE,Combined TRACON& Tower with Radar,88,24,47,11,170,0,1,6,0,7,88,25,53,11,177,0,0,0,177
05/16/2015,DSM,IA,ACE,CE,Combined TRACON& Tower with Radar,64,23,30,0,117,0,3,11,0,14,64,26,41,0,131,38,0,38,169
05/17/2015,DSM,IA,ACE,CE,Combined TRACON& Tower with Radar,90,19,37,1,147,0,5,14,0,19,90,24,51,1,166,0,0,0,166
05/18/2015,DSM,IA,ACE,CE,Combined TRACON& Tower with Radar,79,25,60,1,165,0,2,13,3,18,79,27,73,4,183,0,0,0,183
05/19/2015,DSM,IA,ACE,CE,Combined TRACON& Tower with Radar,84,29,58,0,171,0,3,27,0,30,84,32,85,0,201,20,0,20,221
05/20/2015,DSM,IA,ACE,CE,Combined TRACON& Tower with Radar,85,34,49,2,170,0,1,5,0,6,85,35,54,2,176,8,0,8,184
05/21/2015,DSM,IA,ACE,CE,Combined TRACON& Tower with Radar,91,32,78,1,202,0,1,40,2,43,91,33,118,3,245,32,0,32,277
05/22/2015,DSM,IA,ACE,CE,Combined TRACON& Tower with Radar,80,30,57,0,167,0,1,42,0,43,80,31,99,0,210,8,0,8,218
05/23/2015,DSM,IA,ACE,CE,Combined TRACON& Tower with Radar,63,17,21,0,101,0,1,19,3,23,63,18,40,3,124,26,0,26,150
05/24/2015,DSM,IA,ACE,CE,Combined TRACON& Tower with Radar,65,19,12,1,97,0,1,1,0,2,65,20,13,1,99,0,0,0,99
05/25/2015,DSM,IA,ACE,CE,Combined TRACON& Tower with Radar,68,13,26,0,107,0,4,3,0,7,68,17,29,0,114,0,0,0,114
05/26/2015,DSM,IA,ACE,CE,Combined TRACON& Tower with Radar,71,29,67,0,167,0,1,4,0,5,71,30,71,0,172,1,0,1,173
05/27/2015,DSM,IA,ACE,CE,Combined TRACON& Tower with Radar,85,34,69,11,199,0,2,61,1,64,85,36,130,12,263,20,12,32,295
05/28/2015,DSM,IA,ACE,CE,Combined TRACON& Tower with Radar,85,29,61,5,180,0,3,22,1,26,85,32,83,6,206,35,0,35,241
05/29/2015,DSM,IA,ACE,CE,Combined TRACON& Tower with Radar,85,28,38,2,153,0,1,10,0,11,85,29,48,2,164,0,0,0,164
05/30/2015,DSM,IA,ACE,CE,Combined TRACON& Tower with Radar,63,21,29,3,116,0,1,9,0,10,63,22,38,3,126,10,0,10,136
05/31/2015,DSM,IA,ACE,CE,Combined TRACON& Tower with Radar,85,16,34,0,135,0,3,34,0,37,85,19,68,0,172,28,0,28,200
06/01/2015,DSM,IA,ACE,CE,Combined TRACON& Tower with Radar,75,27,59,2,163,0,0,38,0,38,75,27,97,2,201,14,0,14,215
06/02/2015,DSM,IA,ACE,CE,Combined TRACON& Tower with Radar,84,36,54,2,176,0,0,17,0,17,84,36,71,2,193,0,0,0,193
06/03/2015,DSM,IA,ACE,CE,Combined TRACON& Tower with Radar,93,35,79,5,212,0,0,10,0,10,93,35,89,5,222,38,0,38,260
06/04/2015,DSM,IA,ACE,CE,Combined TRACON& Tower with Radar,88,33,60,4,185,0,1,26,0,27,88,34,86,4,212,35,0,35,247
06/05/2015,DSM,IA,ACE,CE,Combined TRACON& Tower with Radar,81,30,56,5,172,0,0,36,0,36,81,30,92,5,208,6,0,6,214
06/06/2015,DSM,IA,ACE,CE,Combined TRACON& Tower with Radar,74,22,16,1,113,0,2,19,0,21,74,24,35,1,134,10,0,10,144
06/07/2015,DSM,IA,ACE,CE,Combined TRACON& Tower with Radar,74,33,39,1,147,0,4,13,0,17,74,37,52,1,164,35,0,35,199
06/08/2015,DSM,IA,ACE,CE,Combined TRACON& Tower with Radar,79,27,54,6,166,0,1,26,0,27,79,28,80,6,193,6,0,6,199
06/09/2015,DSM,IA,ACE,CE,Combined TRACON& Tower with Radar,84,28,55,4,171,0,2,52,4,58,84,30,107,8,229,52,0,52,281
06/10/2015,DSM,IA,ACE,CE,Combined TRACON& Tower with Radar,86,29,48,2,165,0,1,37,0,38,86,30,85,2,203,58,0,58,261
06/11/2015,DSM,IA,ACE,CE,Combined TRACON& Tower with Radar,93,32,53,0,178,0,0,3,0,3,93,32,56,0,181,2,0,2,183
06/12/2015,DSM,IA,ACE,CE,Combined TRACON& Tower with Radar,83,30,55,4,172,0,1,4,0,5,83,31,59,4,177,0,0,0,177
06/13/2015,DSM,IA,ACE,CE,Combined TRACON& Tower with Radar,90,23,35,1,149,0,2,10,0,12,90,25,45,1,161,10,0,10,171
06/14/2015,DSM,IA,ACE,CE,Combined TRACON& Tower with Radar,77,33,22,6,138,0,3,7,1,11,77,36,29,7,149,0,0,0,149
06/15/2015,DSM,IA,ACE,CE,Combined TRACON& Tower with Radar,78,32,58,1,169,0,2,11,0,13,78,34,69,1,182,0,0,0,182
06/16/2015,DSM,IA,ACE,CE,Combined TRACON& Tower with Radar,83,25,66,13,187,0,2,40,0,42,83,27,106,13,229,0,6,6,235
06/17/2015,DSM,IA,ACE,CE,Combined TRACON& Tower with Radar,83,37,67,2,189,0,0,21,0,21,83,37,88,2,210,6,0,6,216
06/18/2015,DSM,IA,ACE,CE,Combined TRACON& Tower with Radar,85,31,61,5,182,0,5,39,0,44,85,36,100,5,226,18,0,18,244
06/19/2015,DSM,IA,ACE,CE,Combined TRACON& Tower with Radar,87,31,38,3,159,0,3,41,1,45,87,34,79,4,204,26,2,28,232
06/20/2015,DSM,IA,ACE,CE,Combined TRACON& Tower with Radar,75,24,19,1,119,0,2,36,0,38,75,26,55,1,157,0,0,0,157
06/21/2015,DSM,IA,ACE,CE,Combined TRACON& Tower with Radar,76,33,27,1,137,0,1,47,0,48,76,34,74,1,185,36,0,36,221
06/22/2015,DSM,IA,ACE,CE,Combined TRACON& Tower with Radar,77,28,58,2,165,0,3,28,0,31,77,31,86,2,196,0,0,0,196
06/23/2015,DSM,IA,ACE,CE,Combined TRACON& Tower with Radar,78,34,60,1,173,0,3,61,0,64,78,37,121,1,237,30,1,31,268
06/24/2015,DSM,IA,ACE,CE,Combined TRACON& Tower with Radar,85,36,46,0,167,0,0,13,0,13,85,36,59,0,180,0,0,0,180
06/25/2015,DSM,IA,ACE,CE,Combined TRACON& Tower with Radar,89,43,69,2,203,0,3,17,0,20,89,46,86,2,223,4,0,4,227
06/26/2015,DSM,IA,ACE,CE,Combined TRACON& Tower with Radar,77,35,47,0,159,0,7,34,0,41,77,42,81,0,200,1,0,1,201
06/27/2015,DSM,IA,ACE,CE,Combined TRACON& Tower with Radar,67,24,19,0,110,0,1,37,0,38,67,25,56,0,148,54,0,54,202
06/28/2015,DSM,IA,ACE,CE,Combined TRACON& Tower with Radar,74,34,13,0,121,0,5,28,0,33,74,39,41,0,154,14,0,14,168
06/29/2015,DSM,IA,ACE,CE,Combined TRACON& Tower with Radar,81,29,56,0,166,0,2,19,0,21,81,31,75,0,187,0,0,0,187
06/30/2015,DSM,IA,ACE,CE,Combined TRACON& Tower with Radar,76,37,48,9,170,0,3,19,0,22,76,40,67,9,192,20,0,20,212
07/01/2015,DSM,IA,ACE,CE,Combined TRACON& Tower with Radar,81,35,53,0,169,0,5,28,2,35,81,40,81,2,204,12,0,12,216
07/02/2015,DSM,IA,ACE,CE,Combined TRACON& Tower with Radar,85,42,49,3,179,0,3,19,0,22,85,45,68,3,201,24,0,24,225
07/03/2015,DSM,IA,ACE,CE,Combined TRACON& Tower with Radar,64,18,20,0,102,0,2,41,0,43,64,20,61,0,145,10,0,10,155
07/04/2015,DSM,IA,ACE,CE,Combined TRACON& Tower with Radar,54,18,8,0,80,0,7,19,0,26,54,25,27,0,106,2,0,2,108
07/05/2015,DSM,IA,ACE,CE,Combined TRACON& Tower with Radar,69,27,38,0,134,0,7,14,0,21,69,34,52,0,155,4,0,4,159
07/06/2015,DSM,IA,ACE,CE,Combined TRACON& Tower with Radar,77,27,28,2,134,0,2,3,0,5,77,29,31,2,139,0,0,0,139
07/07/2015,DSM,IA,ACE,CE,Combined TRACON& Tower with Radar,81,32,52,6,171,0,1,28,0,29,81,33,80,6,200,22,0,22,222
07/08/2015,DSM,IA,ACE,CE,Combined TRACON& Tower with Radar,77,34,61,4,176,0,4,26,0,30,77,38,87,4,206,6,0,6,212
07/09/2015,DSM,IA,ACE,CE,Combined TRACON& Tower with Radar,84,40,84,3,211,0,4,36,0,40,84,44,120,3,251,32,0,32,283
07/10/2015,DSM,IA,ACE,CE,Combined TRACON& Tower with Radar,80,28,65,1,174,0,4,27,0,31,80,32,92,1,205,4,0,4,209
07/11/2015,DSM,IA,ACE,CE,Combined TRACON& Tower with Radar,71,16,12,0,99,0,0,10,0,10,71,16,22,0,109,4,0,4,113
07/12/2015,DSM,IA,ACE,CE,Combined TRACON& Tower with Radar,72,32,32,4,140,0,1,18,3,22,72,33,50,7,162,28,0,28,190
07/13/2015,DSM,IA,ACE,CE,Combined TRACON& Tower with Radar,77,32,36,0,145,0,2,19,5,26,77,34,55,5,171,0,0,0,171
07/14/2015,DSM,IA,ACE,CE,Combined TRACON& Tower with Radar,77,30,51,3,161,0,1,38,9,48,77,31,89,12,209,26,10,36,245
07/15/2015,DSM,IA,ACE,CE,Combined TRACON& Tower with Radar,87,33,56,2,178,0,2,14,1,17,87,35,70,3,195,3,0,3,198
07/16/2015,DSM,IA,ACE,CE,Combined TRACON& Tower with Radar,88,34,69,2,193,0,1,23,2,26,88,35,92,4,219,2,0,2,221
07/17/2015,DSM,IA,ACE,CE,Combined TRACON& Tower with Radar,78,34,53,7,172,0,3,49,5,57,78,37,102,12,229,24,0,24,253
07/18/2015,DSM,IA,ACE,CE,Combined TRACON& Tower with Radar,69,24,20,0,113,0,5,22,9,36,69,29,42,9,149,0,0,0,149
07/19/2015,DSM,IA,ACE,CE,Combined TRACON& Tower with Radar,77,33,32,1,143,0,2,24,0,26,77,35,56,1,169,0,0,0,169
07/20/2015,DSM,IA,ACE,CE,Combined TRACON& Tower with Radar,73,41,54,1,169,0,6,23,5,34,73,47,77,6,203,2,12,14,217
07/21/2015,DSM,IA,ACE,CE,Combined TRACON& Tower with Radar,88,32,60,4,184,0,2,59,3,64,88,34,119,7,248,10,2,12,260
07/22/2015,DSM,IA,ACE,CE,Combined TRACON& Tower with Radar,85,41,53,4,183,0,4,43,17,64,85,45,96,21,247,2,14,16,263
07/23/2015,DSM,IA,ACE,CE,Combined TRACON& Tower with Radar,84,30,68,3,185,0,0,35,1,36,84,30,103,4,221,2,0,2,223
07/24/2015,DSM,IA,ACE,CE,Combined TRACON& Tower with Radar,77,42,51,1,171,0,6,26,3,35,77,48,77,4,206,8,0,8,214
07/25/2015,DSM,IA,ACE,CE,Combined TRACON& Tower with Radar,73,17,14,1,105,0,3,29,0,32,73,20,43,1,137,8,0,8,145
07/26/2015,DSM,IA,ACE,CE,Combined TRACON& Tower with Radar,68,39,40,0,147,0,5,22,0,27,68,44,62,0,174,16,0,16,190
07/27/2015,DSM,IA,ACE,CE,Combined TRACON& Tower with Radar,79,33,63,15,190,0,0,24,0,24,79,33,87,15,214,10,18,28,242
07/28/2015,DSM,IA,ACE,CE,Combined TRACON& Tower with Radar,80,22,37,2,141,0,0,13,0,13,80,22,50,2,154,0,0,0,154
07/29/2015,DSM,IA,ACE,CE,Combined TRACON& Tower with Radar,86,41,81,3,211,0,8,71,2,81,86,49,152,5,292,30,0,30,322
07/30/2015,DSM,IA,ACE,CE,Combined TRACON& Tower with Radar,84,35,44,20,183,1,2,42,0,45,85,37,86,20,228,12,8,20,248
07/31/2015,DSM,IA,ACE,CE,Combined TRACON& Tower with Radar,80,33,48,10,171,0,3,38,0,41,80,36,86,10,212,6,2,8,220
08/01/2015,DSM,IA,ACE,CE,Combined TRACON& Tower with Radar,69,31,26,13,139,0,3,49,0,52,69,34,75,13,191,18,14,32,223
08/02/2015,DSM,IA,ACE,CE,Combined TRACON& Tower with Radar,71,33,29,3,136,0,6,42,0,48,71,39,71,3,184,8,0,8,192
08/03/2015,DSM,IA,ACE,CE,Combined TRACON& Tower with Radar,78,32,43,2,155,0,0,28,0,28,78,32,71,2,183,12,0,12,195
08/04/2015,DSM,IA,ACE,CE,Combined TRACON& Tower with Radar,85,29,41,6,161,0,0,39,0,39,85,29,80,6,200,18,0,18,218
08/05/2015,DSM,IA,ACE,CE,Combined TRACON& Tower with Radar,82,37,54,8,181,0,1,20,0,21,82,38,74,8,202,30,6,36,238
08/06/2015,DSM,IA,ACE,CE,Combined TRACON& Tower with Radar,83,44,56,4,187,0,3,23,4,30,83,47,79,8,217,24,0,24,241
08/07/2015,DSM,IA,ACE,CE,Combined TRACON& Tower with Radar,79,47,52,1,179,0,6,31,0,37,79,53,83,1,216,2,0,2,218
08/08/2015,DSM,IA,ACE,CE,Combined TRACON& Tower with Radar,65,23,22,1,111,0,4,23,0,27,65,27,45,1,138,8,0,8,146
08/09/2015,DSM,IA,ACE,CE,Combined TRACON& Tower with Radar,68,40,39,0,147,0,5,9,0,14,68,45,48,0,161,26,0,26,187
08/10/2015,DSM,IA,ACE,CE,Combined TRACON& Tower with Radar,85,30,53,12,180,0,3,9,0,12,85,33,62,12,192,10,0,10,202
08/11/2015,DSM,IA,ACE,CE,Combined TRACON& Tower with Radar,77,34,48,7,166,0,3,43,2,48,77,37,91,9,214,28,10,38,252
08/12/2015,DSM,IA,ACE,CE,Combined TRACON& Tower with Radar,84,40,54,1,179,0,4,48,3,55,84,44,102,4,234,74,0,74,308
08/13/2015,DSM,IA,ACE,CE,Combined TRACON& Tower with Radar,86,37,54,14,191,0,4,40,2,46,86,41,94,16,237,38,16,54,291
08/14/2015,DSM,IA,ACE,CE,Combined TRACON& Tower with Radar,80,34,56,1,171,0,3,22,0,25,80,37,78,1,196,4,0,4,200
08/15/2015,DSM,IA,ACE,CE,Combined TRACON& Tower with Radar,72,25,24,0,121,0,5,50,0,55,72,30,74,0,176,2,0,2,178
08/16/2015,DSM,IA,ACE,CE,Combined TRACON& Tower with Radar,68,33,38,1,140,0,2,40,1,43,68,35,78,2,183,14,0,14,197
08/17/2015,DSM,IA,ACE,CE,Combined TRACON& Tower with Radar,76,33,64,9,182,0,2,14,1,17,76,35,78,10,199,6,8,14,213
08/18/2015,DSM,IA,ACE,CE,Combined TRACON& Tower with Radar,86,31,40,0,157,0,1,5,0,6,86,32,45,0,163,0,0,0,163
08/19/2015,DSM,IA,ACE,CE,Combined TRACON& Tower with Radar,82,30,78,2,192,0,2,10,0,12,82,32,88,2,204,2,0,2,206
08/20/2015,DSM,IA,ACE,CE,Combined TRACON& Tower with Radar,92,31,51,3,177,0,5,54,1,60,92,36,105,4,237,62,0,62,299
08/21/2015,DSM,IA,ACE,CE,Combined TRACON& Tower with Radar,80,29,48,2,159,0,5,35,0,40,80,34,83,2,199,0,0,0,199
08/22/2015,DSM,IA,ACE,CE,Combined TRACON& Tower with Radar,53,23,19,1,96,0,2,22,0,24,53,25,41,1,120,0,0,0,120
08/23/2015,DSM,IA,ACE,CE,Combined TRACON& Tower with Radar,71,20,25,1,117,0,2,18,0,20,71,22,43,1,137,10,0,10,147
08/24/2015,DSM,IA,ACE,CE,Combined TRACON& Tower with Radar,74,22,48,4,148,0,1,37,0,38,74,23,85,4,186,0,0,0,186
08/25/2015,DSM,IA,ACE,CE,Combined TRACON& Tower with Radar,83,20,50,1,154,0,2,45,5,52,83,22,95,6,206,10,0,10,216
08/26/2015,DSM,IA,ACE,CE,Combined TRACON& Tower with Radar,79,26,64,2,171,0,1,46,4,51,79,27,110,6,222,46,0,46,268
08/27/2015,DSM,IA,ACE,CE,Combined TRACON& Tower with Radar,91,26,61,7,185,0,1,23,0,24,91,27,84,7,209,14,0,14,223
08/28/2015,DSM,IA,ACE,CE,Combined TRACON& Tower with Radar,79,29,56,0,164,0,0,4,0,4,79,29,60,0,168,0,0,0,168
08/29/2015,DSM,IA,ACE,CE,Combined TRACON& Tower with Radar,48,19,39,4,110,0,1,3,0,4,48,20,42,4,114,18,0,18,132
08/30/2015,DSM,IA,ACE,CE,Combined TRACON& Tower with Radar,73,23,22,1,119,0,4,15,0,19,73,27,37,1,138,0,0,0,138
08/31/2015,DSM,IA,ACE,CE,Combined TRACON& Tower with Radar,73,29,61,0,163,0,1,21,4,26,73,30,82,4,189,42,0,42,231
09/01/2015,DSM,IA,ACE,CE,Combined TRACON& Tower with Radar,88,24,58,0,170,0,1,17,0,18,88,25,75,0,188,24,0,24,212
09/02/2015,DSM,IA,ACE,CE,Combined TRACON& Tower with Radar,89,23,43,0,155,0,4,29,2,35,89,27,72,2,190,16,0,16,206
09/03/2015,DSM,IA,ACE,CE,Combined TRACON& Tower with Radar,95,27,45,1,168,0,0,37,1,38,95,27,82,2,206,8,0,8,214
09/04/2015,DSM,IA,ACE,CE,Combined TRACON& Tower with Radar,86,22,50,1,159,0,1,32,0,33,86,23,82,1,192,0,0,0,192
09/05/2015,DSM,IA,ACE,CE,Combined TRACON& Tower with Radar,44,13,14,0,71,0,2,24,0,26,44,15,38,0,97,10,0,10,107
09/06/2015,DSM,IA,ACE,CE,Combined TRACON& Tower with Radar,63,6,19,0,88,0,4,18,0,22,63,10,37,0,110,2,0,2,112
09/07/2015,DSM,IA,ACE,CE,Combined TRACON& Tower with Radar,74,18,20,0,112,0,0,11,0,11,74,18,31,0,123,20,0,20,143
09/08/2015,DSM,IA,ACE,CE,Combined TRACON& Tower with Radar,74,31,45,2,152,0,2,20,0,22,74,33,65,2,174,12,0,12,186
09/09/2015,DSM,IA,ACE,CE,Combined TRACON& Tower with Radar,84,24,73,0,181,0,4,53,2,59,84,28,126,2,240,34,0,34,274
09/10/2015,DSM,IA,ACE,CE,Combined TRACON& Tower with Radar,88,28,59,2,177,0,5,40,6,51,88,33,99,8,228,11,0,11,239
09/11/2015,DSM,IA,ACE,CE,Combined TRACON& Tower with Radar,79,24,67,4,174,0,2,48,0,50,79,26,115,4,224,16,0,16,240
09/12/2015,DSM,IA,ACE,CE,Combined TRACON& Tower with Radar,52,20,26,3,101,0,5,41,0,46,52,25,67,3,147,24,0,24,171
09/13/2015,DSM,IA,ACE,CE,Combined TRACON& Tower with Radar,80,21,25,2,128,0,3,29,0,32,80,24,54,2,160,25,0,25,185
09/14/2015,DSM,IA,ACE,CE,Combined TRACON& Tower with Radar,82,18,44,3,147,0,10,12,9,31,82,28,56,12,178,10,2,12,190
09/15/2015,DSM,IA,ACE,CE,Combined TRACON& Tower with Radar,87,23,71,4,185,0,3,8,0,11,87,26,79,4,196,21,0,21,217
09/16/2015,DSM,IA,ACE,CE,Combined TRACON& Tower with Radar,90,21,81,2,194,0,0,20,3,23,90,21,101,5,217,8,0,8,225
09/17/2015,DSM,IA,ACE,CE,Combined TRACON& Tower with Radar,99,22,60,0,181,0,4,15,0,19,99,26,75,0,200,26,0,26,226
09/18/2015,DSM,IA,ACE,CE,Combined TRACON& Tower with Radar,96,23,50,0,169,0,1,8,0,9,96,24,58,0,178,0,0,0,178
09/19/2015,DSM,IA,ACE,CE,Combined TRACON& Tower with Radar,50,22,21,0,93,0,3,49,0,52,50,25,70,0,145,14,0,14,159
09/20/2015,DSM,IA,ACE,CE,Combined TRACON& Tower with Radar,85,15,34,0,134,0,2,32,0,34,85,17,66,0,168,6,0,6,174
09/21/2015,DSM,IA,ACE,CE,Combined TRACON& Tower with Radar,81,36,63,0,180,0,3,25,0,28,81,39,88,0,208,2,0,2,210
09/22/2015,DSM,IA,ACE,CE,Combined TRACON& Tower with Radar,87,20,38,1,146,0,3,16,0,19,87,23,54,1,165,8,0,8,173
09/23/2015,DSM,IA,ACE,CE,Combined TRACON& Tower with Radar,91,31,61,3,186,0,1,18,6,25,91,32,79,9,211,22,0,22,233
09/24/2015,DSM,IA,ACE,CE,Combined TRACON& Tower with Radar,101,22,56,1,180,0,1,23,4,28,101,23,79,5,208,26,0,26,234
09/25/2015,DSM,IA,ACE,CE,Combined TRACON& Tower with Radar,95,23,42,5,165,0,1,26,1,28,95,24,68,6,193,15,0,15,208
09/26/2015,DSM,IA,ACE,CE,Combined TRACON& Tower with Radar,66,9,33,2,110,0,2,38,0,40,66,11,71,2,150,29,0,29,179
09/27/2015,DSM,IA,ACE,CE,Combined TRACON& Tower with Radar,88,13,21,0,122,0,3,36,0,39,88,16,57,0,161,30,0,30,191
09/28/2015,DSM,IA,ACE,CE,Combined TRACON& Tower with Radar,85,25,61,3,174,0,2,29,0,31,85,27,90,3,205,4,0,4,209
09/29/2015,DSM,IA,ACE,CE,Combined TRACON& Tower with Radar,93,23,54,0,170,0,3,22,0,25,93,26,76,0,195,2,0,2,197
09/30/2015,DSM,IA,ACE,CE,Combined TRACON& Tower with Radar,93,20,72,1,186,0,1,31,1,33,93,21,103,2,219,6,0,6,225
10/01/2015,DSM,IA,ACE,CE,Combined TRACON& Tower with Radar,98,23,72,1,194,0,2,24,0,26,98,25,96,1,220,22,0,22,242
10/02/2015,DSM,IA,ACE,CE,Combined TRACON& Tower with Radar,90,23,62,4,179,0,4,17,0,21,90,27,79,4,200,20,10,30,230
10/03/2015,DSM,IA,ACE,CE,Combined TRACON& Tower with Radar,54,12,22,0,88,0,2,37,0,39,54,14,59,0,127,6,0,6,133
10/04/2015,DSM,IA,ACE,CE,Combined TRACON& Tower with Radar,84,21,37,1,143,0,2,7,0,9,84,23,44,1,152,4,0,4,156
10/05/2015,DSM,IA,ACE,CE,Combined TRACON& Tower with Radar,85,21,57,13,176,0,1,27,0,28,85,22,84,13,204,8,0,8,212
10/06/2015,DSM,IA,ACE,CE,Combined TRACON& Tower with Radar,95,22,48,2,167,0,1,23,0,24,95,23,71,2,191,3,0,3,194
10/07/2015,DSM,IA,ACE,CE,Combined TRACON& Tower with Radar,90,29,64,0,183,0,2,29,0,31,90,31,93,0,214,2,0,2,216
10/08/2015,DSM,IA,ACE,CE,Combined TRACON& Tower with Radar,94,26,49,2,171,0,1,34,5,40,94,27,83,7,211,4,2,6,217
10/09/2015,DSM,IA,ACE,CE,Combined TRACON& Tower with Radar,98,28,66,0,192,0,2,24,0,26,98,30,90,0,218,0,0,0,218
10/10/2015,DSM,IA,ACE,CE,Combined TRACON& Tower with Radar,57,14,14,0,85,0,4,24,0,28,57,18,38,0,113,42,0,42,155
10/11/2015,DSM,IA,ACE,CE,Combined TRACON& Tower with Radar,83,24,32,0,139,0,2,52,0,54,83,26,84,0,193,8,0,8,201
10/12/2015,DSM,IA,ACE,CE,Combined TRACON& Tower with Radar,85,23,33,0,141,0,1,11,0,12,85,24,44,0,153,0,0,0,153
10/13/2015,DSM,IA,ACE,CE,Combined TRACON& Tower with Radar,92,22,66,0,180,0,1,30,0,31,92,23,96,0,211,6,0,6,217
10/14/2015,DSM,IA,ACE,CE,Combined TRACON& Tower with Radar,93,30,77,4,204,0,3,19,0,22,93,33,96,4,226,0,0,0,226
10/15/2015,DSM,IA,ACE,CE,Combined TRACON& Tower with Radar,96,40,66,0,202,0,2,35,0,37,96,42,101,0,239,6,2,8,247
10/16/2015,DSM,IA,ACE,CE,Combined TRACON& Tower with Radar,88,28,42,0,158,0,3,41,0,44,88,31,83,0,202,6,0,6,208
10/17/2015,DSM,IA,ACE,CE,Combined TRACON& Tower with Radar,55,12,22,0,89,0,5,53,0,58,55,17,75,0,147,2,0,2,149
10/18/2015,DSM,IA,ACE,CE,Combined TRACON& Tower with Radar,83,19,26,0,128,0,4,29,0,33,83,23,55,0,161,18,0,18,179
10/19/2015,DSM,IA,ACE,CE,Combined TRACON& Tower with Radar,83,22,52,0,157,0,3,15,0,18,83,25,67,0,175,0,0,0,175
10/20/2015,DSM,IA,ACE,CE,Combined TRACON& Tower with Radar,99,36,37,0,172,0,3,21,0,24,99,39,58,0,196,12,0,12,208
10/21/2015,DSM,IA,ACE,CE,Combined TRACON& Tower with Radar,92,40,45,0,177,0,2,23,5,30,92,42,68,5,207,10,0,10,217
10/22/2015,DSM,IA,ACE,CE,Combined TRACON& Tower with Radar,99,26,70,3,198,0,4,33,0,37,99,30,103,3,235,10,4,14,249
10/23/2015,DSM,IA,ACE,CE,Combined TRACON& Tower with Radar,78,27,42,0,147,0,0,0,0,0,78,27,42,0,147,0,0,0,147
10/24/2015,DSM,IA,ACE,CE,Combined TRACON& Tower with Radar,56,16,22,0,94,0,0,8,0,8,56,16,30,0,102,24,0,24,126
10/25/2015,DSM,IA,ACE,CE,Combined TRACON& Tower with Radar,81,25,25,0,131,0,5,48,0,53,81,30,73,0,184,4,0,4,188
10/26/2015,DSM,IA,ACE,CE,Combined TRACON& Tower with Radar,79,25,66,0,170,0,1,19,1,21,79,26,85,1,191,31,6,37,228
10/27/2015,DSM,IA,ACE,CE,Combined TRACON& Tower with Radar,84,21,42,0,147,0,0,14,0,14,84,21,56,0,161,6,0,6,167
10/28/2015,DSM,IA,ACE,CE,Combined TRACON& Tower with Radar,82,26,52,0,160,0,0,5,0,5,82,26,57,0,165,10,0,10,175
10/29/2015,DSM,IA,ACE,CE,Combined TRACON& Tower with Radar,92,26,56,2,176,0,2,12,2,16,92,28,68,4,192,2,0,2,194
10/30/2015,DSM,IA,ACE,CE,Combined TRACON& Tower with Radar,89,26,65,0,180,0,2,23,0,25,89,28,88,0,205,0,0,0,205
10/31/2015,DSM,IA,ACE,CE,Combined TRACON& Tower with Radar,52,17,30,0,99,0,0,1,0,1,52,17,31,0,100,6,0,6,106
11/01/2015,DSM,IA,ACE,CE,Combined TRACON& Tower with Radar,85,17,26,0,128,0,5,29,0,34,85,22,55,0,162,20,0,20,182
11/02/2015,DSM,IA,ACE,CE,Combined TRACON& Tower with Radar,79,28,57,0,164,0,0,17,0,17,79,28,74,0,181,0,0,0,181
11/03/2015,DSM,IA,ACE,CE,Combined TRACON& Tower with Radar,91,31,42,0,164,0,2,12,0,14,91,33,54,0,178,8,0,8,186
11/04/2015,DSM,IA,ACE,CE,Combined TRACON& Tower with Radar,84,35,51,0,170,0,1,4,0,5,84,36,55,0,175,6,0,6,181
11/05/2015,DSM,IA,ACE,CE,Combined TRACON& Tower with Radar,91,37,54,0,182,0,1,8,0,9,91,38,62,0,191,0,0,0,191
11/06/2015,DSM,IA,ACE,CE,Combined TRACON& Tower with Radar,84,32,67,1,184,0,1,33,1,35,84,33,100,2,219,24,2,26,245
11/07/2015,DSM,IA,ACE,CE,Combined TRACON& Tower with Radar,49,19,32,0,100,0,1,21,0,22,49,20,53,0,122,4,0,4,126
11/08/2015,DSM,IA,ACE,CE,Combined TRACON& Tower with Radar,83,16,24,0,123,0,2,18,0,20,83,18,42,0,143,11,0,11,154
11/09/2015,DSM,IA,ACE,CE,Combined TRACON& Tower with Radar,76,31,58,0,165,0,2,35,0,37,76,33,93,0,202,10,0,10,212
11/10/2015,DSM,IA,ACE,CE,Combined TRACON& Tower with Radar,84,25,45,0,154,0,1,23,0,24,84,26,68,0,178,10,0,10,188
11/11/2015,DSM,IA,ACE,CE,Combined TRACON& Tower with Radar,86,36,40,0,162,0,0,5,0,5,86,36,45,0,167,0,0,0,167
11/12/2015,DSM,IA,ACE,CE,Combined TRACON& Tower with Radar,89,35,52,2,178,0,1,14,4,19,89,36,66,6,197,0,0,0,197
11/13/2015,DSM,IA,ACE,CE,Combined TRACON& Tower with Radar,85,33,55,4,177,0,1,34,0,35,85,34,89,4,212,20,2,22,234
11/14/2015,DSM,IA,ACE,CE,Combined TRACON& Tower with Radar,48,24,30,0,102,0,1,19,0,20,48,25,49,0,122,0,0,0,122
11/15/2015,DSM,IA,ACE,CE,Combined TRACON& Tower with Radar,81,20,35,0,136,0,1,18,0,19,81,21,53,0,155,0,0,0,155
11/16/2015,DSM,IA,ACE,CE,Combined TRACON& Tower with Radar,73,35,79,0,187,0,0,0,0,0,73,35,79,0,187,0,0,0,187
11/17/2015,DSM,IA,ACE,CE,Combined TRACON& Tower with Radar,83,30,39,1,153,0,0,0,0,0,83,30,39,1,153,0,0,0,153
11/18/2015,DSM,IA,ACE,CE,Combined TRACON& Tower with Radar,77,35,48,5,165,0,5,4,0,9,77,40,52,5,174,0,0,0,174
11/19/2015,DSM,IA,ACE,CE,Combined TRACON& Tower with Radar,89,37,53,0,179,0,1,5,4,10,89,38,58,4,189,0,0,0,189
11/20/2015,DSM,IA,ACE,CE,Combined TRACON& Tower with Radar,83,34,50,0,167,0,0,18,0,18,83,34,68,0,185,16,0,16,201
11/21/2015,DSM,IA,ACE,CE,Combined TRACON& Tower with Radar,55,25,30,0,110,0,3,14,0,17,55,28,44,0,127,0,0,0,127
11/22/2015,DSM,IA,ACE,CE,Combined TRACON& Tower with Radar,72,17,25,0,114,0,2,52,0,54,72,19,77,0,168,2,0,2,170
11/23/2015,DSM,IA,ACE,CE,Combined TRACON& Tower with Radar,70,24,50,0,144,0,0,26,0,26,70,24,76,0,170,0,0,0,170
11/24/2015,DSM,IA,ACE,CE,Combined TRACON& Tower with Radar,94,31,47,3,175,0,1,27,3,31,94,32,74,6,206,8,0,8,214
11/25/2015,DSM,IA,ACE,CE,Combined TRACON& Tower with Radar,91,34,27,0,152,0,4,24,0,28,91,38,51,0,180,32,2,34,214
11/26/2015,DSM,IA,ACE,CE,Combined TRACON& Tower with Radar,38,9,2,0,49,0,0,1,0,1,38,9,3,0,50,0,0,0,50
11/27/2015,DSM,IA,ACE,CE,Combined TRACON& Tower with Radar,70,17,22,0,109,0,2,4,0,6,70,19,26,0,115,0,0,0,115
11/28/2015,DSM,IA,ACE,CE,Combined TRACON& Tower with Radar,76,31,16,0,123,0,1,7,0,8,76,32,23,0,131,24,0,24,155
11/29/2015,DSM,IA,ACE,CE,Combined TRACON& Tower with Radar,90,31,30,0,151,0,0,17,0,17,90,31,47,0,168,0,0,0,168
11/30/2015,DSM,IA,ACE,CE,Combined TRACON& Tower with Radar,92,21,42,0,155,0,0,0,0,0,92,21,42,0,155,0,0,0,155
12/01/2015,DSM,IA,ACE,CE,Combined TRACON& Tower with Radar,88,32,44,0,164,0,0,8,0,8,88,32,52,0,172,0,0,0,172
12/02/2015,DSM,IA,ACE,CE,Combined TRACON& Tower with Radar,83,25,74,0,182,0,4,8,0,12,83,29,82,0,194,0,0,0,194
12/03/2015,DSM,IA,ACE,CE,Combined TRACON& Tower with Radar,84,28,58,1,171,0,4,40,1,45,84,32,98,2,216,18,0,18,234
12/04/2015,DSM,IA,ACE,CE,Combined TRACON& Tower with Radar,79,32,61,3,175,0,3,31,6,40,79,35,92,9,215,0,4,4,219
12/05/2015,DSM,IA,ACE,CE,Combined TRACON& Tower with Radar,43,22,27,1,93,0,1,31,0,32,43,23,58,1,125,14,0,14,139
12/06/2015,DSM,IA,ACE,CE,Combined TRACON& Tower with Radar,68,30,28,1,127,0,0,1,0,1,68,30,29,1,128,0,0,0,128
12/07/2015,DSM,IA,ACE,CE,Combined TRACON& Tower with Radar,73,30,53,0,156,0,1,16,0,17,73,31,69,0,173,0,0,0,173
12/08/2015,DSM,IA,ACE,CE,Combined TRACON& Tower with Radar,80,34,60,0,174,0,4,30,0,34,80,38,90,0,208,30,0,30,238
12/09/2015,DSM,IA,ACE,CE,Combined TRACON& Tower with Radar,83,36,79,0,198,0,2,43,3,48,83,38,122,3,246,70,0,70,316
12/10/2015,DSM,IA,ACE,CE,Combined TRACON& Tower with Radar,93,34,37,0,164,0,2,8,0,10,93,36,45,0,174,0,0,0,174
12/11/2015,DSM,IA,ACE,CE,Combined TRACON& Tower with Radar,77,32,58,0,167,0,1,31,0,32,77,33,89,0,199,6,0,6,205
12/12/2015,DSM,IA,ACE,CE,Combined TRACON& Tower with Radar,49,18,30,0,97,0,2,1,0,3,49,20,31,0,100,0,0,0,100
12/13/2015,DSM,IA,ACE,CE,Combined TRACON& Tower with Radar,68,24,6,0,98,0,0,0,0,0,68,24,6,0,98,0,0,0,98
12/14/2015,DSM,IA,ACE,CE,Combined TRACON& Tower with Radar,69,32,58,2,161,0,1,1,0,2,69,33,59,2,163,0,0,0,163
12/15/2015,DSM,IA,ACE,CE,Combined TRACON& Tower with Radar,83,40,56,4,183,0,0,1,0,1,83,40,57,4,184,0,0,0,184
12/16/2015,DSM,IA,ACE,CE,Combined TRACON& Tower with Radar,95,39,57,0,191,0,1,8,0,9,95,40,65,0,200,10,2,12,212
12/17/2015,DSM,IA,ACE,CE,Combined TRACON& Tower with Radar,96,46,62,1,205,0,0,11,1,12,96,46,73,2,217,0,2,2,219
12/18/2015,DSM,IA,ACE,CE,Combined TRACON& Tower with Radar,83,32,82,4,201,0,0,29,6,35,83,32,111,10,236,8,0,8,244
12/19/2015,DSM,IA,ACE,CE,Combined TRACON& Tower with Radar,58,32,26,0,116,0,1,50,0,51,58,33,76,0,167,0,0,0,167
12/20/2015,DSM,IA,ACE,CE,Combined TRACON& Tower with Radar,65,40,9,0,114,0,2,14,0,16,65,42,23,0,130,0,0,0,130
12/21/2015,DSM,IA,ACE,CE,Combined TRACON& Tower with Radar,80,41,45,2,168,0,0,0,0,0,80,41,45,2,168,0,0,0,168
12/22/2015,DSM,IA,ACE,CE,Combined TRACON& Tower with Radar,85,38,50,0,173,0,3,8,0,11,85,41,58,0,184,4,0,4,188
12/23/2015,DSM,IA,ACE,CE,Combined TRACON& Tower with Radar,88,41,28,0,157,0,0,3,0,3,88,41,31,0,160,0,0,0,160
12/24/2015,DSM,IA,ACE,CE,Combined TRACON& Tower with Radar,60,22,6,0,88,0,4,1,0,5,60,26,7,0,93,0,0,0,93
12/25/2015,DSM,IA,ACE,CE,Combined TRACON& Tower with Radar,44,28,0,0,72,0,0,0,0,0,44,28,0,0,72,0,0,0,72
12/26/2015,DSM,IA,ACE,CE,Combined TRACON& Tower with Radar,54,40,21,0,115,0,0,0,0,0,54,40,21,0,115,0,0,0,115
12/27/2015,DSM,IA,ACE,CE,Combined TRACON& Tower with Radar,58,43,34,0,135,0,0,0,0,0,58,43,34,0,135,0,0,0,135
12/28/2015,DSM,IA,ACE,CE,Combined TRACON& Tower with Radar,50,18,1,0,69,0,0,0,0,0,50,18,1,0,69,0,0,0,69
12/29/2015,DSM,IA,ACE,CE,Combined TRACON& Tower with Radar,72,38,26,0,136,0,1,17,0,18,72,39,43,0,154,4,0,4,158
12/30/2015,DSM,IA,ACE,CE,Combined TRACON& Tower with Radar,89,38,27,0,154,0,0,6,0,6,89,38,33,0,160,0,0,0,160
12/31/2015,DSM,IA,ACE,CE,Combined TRACON& Tower with Radar,54,29,21,0,104,0,0,16,0,16,54,29,37,0,120,8,0,8,128
01/01/2016,DSM,IA,ACE,CE,Combined TRACON& Tower with Radar,49,37,14,0,100,0,0,6,0,6,49,37,20,0,106,0,0,0,106
01/02/2016,DSM,IA,ACE,CE,Combined TRACON& Tower with Radar,73,43,22,0,138,0,3,29,0,32,73,46,51,0,170,26,0,26,196
01/03/2016,DSM,IA,ACE,CE,Combined TRACON& Tower with Radar,72,49,19,0,140,0,1,1,0,2,72,50,20,0,142,0,0,0,142
01/04/2016,DSM,IA,ACE,CE,Combined TRACON& Tower with Radar,70,40,39,0,149,0,0,3,0,3,70,40,42,0,152,0,0,0,152
01/05/2016,DSM,IA,ACE,CE,Combined TRACON& Tower with Radar,76,38,50,0,164,0,0,36,0,36,76,38,86,0,200,31,0,31,231
01/06/2016,DSM,IA,ACE,CE,Combined TRACON& Tower with Radar,71,32,62,0,165,0,1,5,0,6,71,33,67,0,171,6,0,6,177
01/07/2016,DSM,IA,ACE,CE,Combined TRACON& Tower with Radar,88,36,36,2,162,0,0,0,0,0,88,36,36,2,162,0,0,0,162
01/08/2016,DSM,IA,ACE,CE,Combined TRACON& Tower with Radar,77,31,34,0,142,0,0,0,0,0,77,31,34,0,142,0,0,0,142
01/09/2016,DSM,IA,ACE,CE,Combined TRACON& Tower with Radar,50,28,14,6,98,0,1,5,0,6,50,29,19,6,104,2,0,2,106
01/10/2016,DSM,IA,ACE,CE,Combined TRACON& Tower with Radar,71,34,16,0,121,0,3,22,0,25,71,37,38,0,146,6,0,6,152
01/11/2016,DSM,IA,ACE,CE,Combined TRACON& Tower with Radar,69,34,60,2,165,0,1,13,6,20,69,35,73,8,185,0,0,0,185
01/12/2016,DSM,IA,ACE,CE,Combined TRACON& Tower with Radar,76,38,54,2,170,0,2,16,0,18,76,40,70,2,188,8,0,8,196
01/13/2016,DSM,IA,ACE,CE,Combined TRACON& Tower with Radar,73,38,50,4,165,0,3,33,1,37,73,41,83,5,202,30,0,30,232
01/14/2016,DSM,IA,ACE,CE,Combined TRACON& Tower with Radar,90,34,42,1,167,0,2,44,1,47,90,36,86,2,214,52,0,52,266
01/15/2016,DSM,IA,ACE,CE,Combined TRACON& Tower with Radar,78,35,43,2,158,0,1,5,0,6,78,36,48,2,164,0,0,0,164
01/16/2016,DSM,IA,ACE,CE,Combined TRACON& Tower with Radar,49,15,28,0,92,0,0,25,0,25,49,15,53,0,117,0,0,0,117
01/17/2016,DSM,IA,ACE,CE,Combined TRACON& Tower with Radar,57,30,21,0,108,0,2,3,0,5,57,32,24,0,113,0,0,0,113
01/18/2016,DSM,IA,ACE,CE,Combined TRACON& Tower with Radar,67,38,42,0,147,0,0,16,0,16,67,38,58,0,163,16,0,16,179
01/19/2016,DSM,IA,ACE,CE,Combined TRACON& Tower with Radar,71,28,52,0,151,0,2,3,0,5,71,30,55,0,156,0,0,0,156
01/20/2016,DSM,IA,ACE,CE,Combined TRACON& Tower with Radar,71,39,44,2,156,0,0,8,0,8,71,39,52,2,164,0,0,0,164
01/21/2016,DSM,IA,ACE,CE,Combined TRACON& Tower with Radar,89,27,35,2,153,0,1,26,4,31,89,28,61,6,184,12,0,12,196
01/22/2016,DSM,IA,ACE,CE,Combined TRACON& Tower with Radar,66,36,43,1,146,0,3,2,2,7,66,39,45,3,153,0,0,0,153
01/23/2016,DSM,IA,ACE,CE,Combined TRACON& Tower with Radar,46,24,24,3,97,0,2,0,0,2,46,26,24,3,99,0,0,0,99
01/24/2016,DSM,IA,ACE,CE,Combined TRACON& Tower with Radar,69,38,27,0,134,0,1,4,0,5,69,39,31,0,139,22,0,22,161
01/25/2016,DSM,IA,ACE,CE,Combined TRACON& Tower with Radar,71,37,49,0,157,0,0,22,0,22,71,37,71,0,179,18,0,18,197
01/26/2016,DSM,IA,ACE,CE,Combined TRACON& Tower with Radar,72,40,60,0,172,0,2,25,0,27,72,42,85,0,199,20,0,20,219
01/27/2016,DSM,IA,ACE,CE,Combined TRACON& Tower with Radar,72,41,76,0,189,0,2,40,0,42,72,43,116,0,231,58,0,58,289
01/28/2016,DSM,IA,ACE,CE,Combined TRACON& Tower with Radar,94,42,97,4,237,0,1,7,2,10,94,43,104,6,247,0,0,0,247
01/29/2016,DSM,IA,ACE,CE,Combined TRACON& Tower with Radar,78,53,60,1,192,0,5,19,6,30,78,58,79,7,222,0,0,0,222
01/30/2016,DSM,IA,ACE,CE,Combined TRACON& Tower with Radar,48,20,32,4,104,0,0,39,0,39,48,20,71,4,143,8,0,8,151
01/31/2016,DSM,IA,ACE,CE,Combined TRACON& Tower with Radar,70,41,54,2,167,0,6,8,2,16,70,47,62,4,183,0,0,0,183
02/01/2016,DSM,IA,ACE,CE,Combined TRACON& Tower with Radar,75,57,81,4,217,0,1,19,0,20,75,58,100,4,237,44,0,44,281
02/02/2016,DSM,IA,ACE,CE,Combined TRACON& Tower with Radar,72,30,15,0,117,0,0,0,0,0,72,30,15,0,117,0,0,0,117
02/03/2016,DSM,IA,ACE,CE,Combined TRACON& Tower with Radar,73,39,35,1,148,0,6,11,2,19,73,45,46,3,167,6,0,6,173
02/04/2016,DSM,IA,ACE,CE,Combined TRACON& Tower with Radar,87,29,44,5,165,0,1,59,2,62,87,30,103,7,227,46,0,46,273
02/05/2016,DSM,IA,ACE,CE,Combined TRACON& Tower with Radar,81,28,46,6,161,0,1,15,0,16,81,29,61,6,177,20,0,20,197
02/06/2016,DSM,IA,ACE,CE,Combined TRACON& Tower with Radar,46,22,2,0,70,0,1,5,0,6,46,23,7,0,76,0,0,0,76
02/07/2016,DSM,IA,ACE,CE,Combined TRACON& Tower with Radar,61,25,12,0,98,0,2,44,0,46,61,27,56,0,144,10,0,10,154
02/08/2016,DSM,IA,ACE,CE,Combined TRACON& Tower with Radar,69,33,33,0,135,0,0,1,0,1,69,33,34,0,136,0,0,0,136
02/09/2016,DSM,IA,ACE,CE,Combined TRACON& Tower with Radar,74,36,38,0,148,0,1,18,0,19,74,37,56,0,167,0,0,0,167
02/10/2016,DSM,IA,ACE,CE,Combined TRACON& Tower with Radar,75,37,64,0,176,0,3,15,0,18,75,40,79,0,194,0,0,0,194
02/11/2016,DSM,IA,ACE,CE,Combined TRACON& Tower with Radar,83,36,59,4,182,0,3,30,0,33,83,39,89,4,215,34,8,42,257
02/12/2016,DSM,IA,ACE,CE,Combined TRACON& Tower with Radar,78,36,55,5,174,0,3,17,0,20,78,39,72,5,194,0,0,0,194
02/13/2016,DSM,IA,ACE,CE,Combined TRACON& Tower with Radar,54,21,24,0,99,0,0,19,0,19,54,21,43,0,118,28,0,28,146
02/14/2016,DSM,IA,ACE,CE,Combined TRACON& Tower with Radar,62,26,12,0,100,0,2,5,0,7,62,28,17,0,107,0,0,0,107
02/15/2016,DSM,IA,ACE,CE,Combined TRACON& Tower with Radar,63,34,50,0,147,0,3,20,0,23,63,37,70,0,170,4,0,4,174
02/16/2016,DSM,IA,ACE,CE,Combined TRACON& Tower with Radar,82,40,42,2,166,4,1,2,0,7,86,41,44,2,173,0,0,0,173
02/17/2016,DSM,IA,ACE,CE,Combined TRACON& Tower with Radar,78,48,50,23,199,0,0,21,2,23,78,48,71,25,222,10,20,30,252
02/18/2016,DSM,IA,ACE,CE,Combined TRACON& Tower with Radar,82,37,43,2,164,0,4,15,2,21,82,41,58,4,185,6,0,6,191
02/19/2016,DSM,IA,ACE,CE,Combined TRACON& Tower with Radar,81,28,39,0,148,0,1,4,0,5,81,29,43,0,153,0,0,0,153
02/20/2016,DSM,IA,ACE,CE,Combined TRACON& Tower with Radar,52,20,33,6,111,0,1,69,0,70,52,21,102,6,181,62,0,62,243
02/21/2016,DSM,IA,ACE,CE,Combined TRACON& Tower with Radar,67,32,33,8,140,0,1,9,0,10,67,33,42,8,150,12,0,12,162
02/22/2016,DSM,IA,ACE,CE,Combined TRACON& Tower with Radar,72,38,36,42,188,0,2,27,0,29,72,40,63,42,217,10,36,46,263
02/23/2016,DSM,IA,ACE,CE,Combined TRACON& Tower with Radar,78,34,61,0,173,0,0,27,0,27,78,34,88,0,200,28,0,28,228
02/24/2016,DSM,IA,ACE,CE,Combined TRACON& Tower with Radar,78,27,33,0,138,0,3,7,2,12,78,30,40,2,150,30,0,30,180
02/25/2016,DSM,IA,ACE,CE,Combined TRACON& Tower with Radar,87,37,57,2,183,0,1,11,0,12,87,38,68,2,195,38,0,38,233
02/26/2016,DSM,IA,ACE,CE,Combined TRACON& Tower with Radar,81,40,44,1,166,0,1,25,0,26,81,41,69,1,192,14,0,14,206
02/27/2016,DSM,IA,ACE,CE,Combined TRACON& Tower with Radar,59,22,14,0,95,1,5,17,0,23,60,27,31,0,118,22,0,22,140
02/28/2016,DSM,IA,ACE,CE,Combined TRACON& Tower with Radar,68,32,10,0,110,0,0,8,0,8,68,32,18,0,118,16,0,16,134
02/29/2016,DSM,IA,ACE,CE,Combined TRACON& Tower with Radar,71,42,56,6,175,0,1,29,0,30,71,43,85,6,205,8,0,8,213
03/01/2016,DSM,IA,ACE,CE,Combined TRACON& Tower with Radar,80,24,39,2,145,0,2,4,0,6,80,26,43,2,151,0,0,0,151
03/02/2016,DSM,IA,ACE,CE,Combined TRACON& Tower with Radar,87,42,46,2,177,0,0,20,0,20,87,42,66,2,197,2,0,2,199
03/03/2016,DSM,IA,ACE,CE,Combined TRACON& Tower with Radar,79,41,44,3,167,0,0,1,0,1,79,41,45,3,168,0,0,0,168
03/04/2016,DSM,IA,ACE,CE,Combined TRACON& Tower with Radar,74,41,46,6,167,0,1,18,0,19,74,42,64,6,186,0,0,0,186
03/05/2016,DSM,IA,ACE,CE,Combined TRACON& Tower with Radar,51,29,35,4,119,0,1,77,0,78,51,30,112,4,197,32,0,32,229
03/06/2016,DSM,IA,ACE,CE,Combined TRACON& Tower with Radar,68,31,29,2,130,0,5,15,0,20,68,36,44,2,150,0,0,0,150
03/07/2016,DSM,IA,ACE,CE,Combined TRACON& Tower with Radar,70,45,37,0,152,0,0,14,0,14,70,45,51,0,166,0,0,0,166
03/08/2016,DSM,IA,ACE,CE,Combined TRACON& Tower with Radar,77,46,60,2,185,0,1,18,0,19,77,47,78,2,204,0,0,0,204
03/09/2016,DSM,IA,ACE,CE,Combined TRACON& Tower with Radar,78,48,65,2,193,1,1,22,0,24,79,49,87,2,217,6,0,6,223
03/10/2016,DSM,IA,ACE,CE,Combined TRACON& Tower with Radar,83,42,65,4,194,0,0,35,2,37,83,42,100,6,231,24,4,28,259
03/11/2016,DSM,IA,ACE,CE,Combined TRACON& Tower with Radar,75,41,37,1,154,0,3,40,1,44,75,44,77,2,198,12,2,14,212
03/12/2016,DSM,IA,ACE,CE,Combined TRACON& Tower with Radar,62,31,18,3,114,0,1,10,0,11,62,32,28,3,125,32,0,32,157
03/13/2016,DSM,IA,ACE,CE,Combined TRACON& Tower with Radar,69,29,17,3,118,0,0,2,0,2,69,29,19,3,120,0,0,0,120
03/14/2016,DSM,IA,ACE,CE,Combined TRACON& Tower with Radar,71,46,34,1,152,0,2,21,0,23,71,48,55,1,175,4,0,4,179
03/15/2016,DSM,IA,ACE,CE,Combined TRACON& Tower with Radar,99,34,24,3,160,0,2,8,1,11,99,36,32,4,171,0,0,0,171
03/16/2016,DSM,IA,ACE,CE,Combined TRACON& Tower with Radar,82,42,36,3,163,0,5,11,4,20,82,47,47,7,183,2,6,8,191
03/17/2016,DSM,IA,ACE,CE,Combined TRACON& Tower with Radar,86,39,55,3,183,8,12,43,2,65,94,51,98,5,248,0,2,2,250
03/18/2016,DSM,IA,ACE,CE,Combined TRACON& Tower with Radar,76,46,46,1,169,0,1,23,0,24,76,47,69,1,193,0,0,0,193
03/19/2016,DSM,IA,ACE,CE,Combined TRACON& Tower with Radar,65,47,44,0,156,0,1,7,0,8,65,48,51,0,164,4,0,4,168
03/20/2016,DSM,IA,ACE,CE,Combined TRACON& Tower with Radar,78,29,29,0,136,0,3,22,0,25,78,32,51,0,161,40,0,40,201
03/21/2016,DSM,IA,ACE,CE,Combined TRACON& Tower with Radar,69,45,48,13,175,2,1,40,0,43,71,46,88,13,218,20,10,30,248
03/22/2016,DSM,IA,ACE,CE,Combined TRACON& Tower with Radar,81,37,75,0,193,0,10,25,0,35,81,47,100,0,228,36,0,36,264
03/23/2016,DSM,IA,ACE,CE,Combined TRACON& Tower with Radar,80,44,35,0,159,0,0,2,0,2,80,44,37,0,161,0,0,0,161
03/24/2016,DSM,IA,ACE,CE,Combined TRACON& Tower with Radar,76,43,50,6,175,0,1,8,0,9,76,44,58,6,184,0,0,0,184
03/25/2016,DSM,IA,ACE,CE,Combined TRACON& Tower with Radar,72,46,54,6,178,0,1,31,0,32,72,47,85,6,210,0,0,0,210
03/26/2016,DSM,IA,ACE,CE,Combined TRACON& Tower with Radar,52,26,18,0,96,0,3,20,0,23,52,29,38,0,119,4,0,4,123
03/27/2016,DSM,IA,ACE,CE,Combined TRACON& Tower with Radar,67,28,12,4,111,0,1,10,1,12,67,29,22,5,123,18,0,18,141
03/28/2016,DSM,IA,ACE,CE,Combined TRACON& Tower with Radar,70,36,56,5,167,0,3,42,2,47,70,39,98,7,214,18,6,24,238
03/29/2016,DSM,IA,ACE,CE,Combined TRACON& Tower with Radar,77,42,57,3,179,0,1,19,0,20,77,43,76,3,199,6,0,6,205
03/30/2016,DSM,IA,ACE,CE,Combined TRACON& Tower with Radar,74,44,45,1,164,0,1,15,1,17,74,45,60,2,181,8,4,12,193
03/31/2016,DSM,IA,ACE,CE,Combined TRACON& Tower with Radar,85,44,40,2,171,0,4,4,2,10,85,48,44,4,181,0,0,0,181
04/01/2016,DSM,IA,ACE,CE,Combined TRACON& Tower with Radar,71,45,32,0,148,0,2,14,4,20,71,47,46,4,168,0,0,0,168
04/02/2016,DSM,IA,ACE,CE,Combined TRACON& Tower with Radar,54,25,8,0,87,0,2,6,2,10,54,27,14,2,97,0,0,0,97
04/03/2016,DSM,IA,ACE,CE,Combined TRACON& Tower with Radar,64,34,24,0,122,0,1,11,0,12,64,35,35,0,134,6,0,6,140
04/04/2016,DSM,IA,ACE,CE,Combined TRACON& Tower with Radar,71,42,60,2,175,0,2,49,0,51,71,44,109,2,226,34,0,34,260
04/05/2016,DSM,IA,ACE,CE,Combined TRACON& Tower with Radar,84,35,52,2,173,0,3,10,1,14,84,38,62,3,187,0,0,0,187
04/06/2016,DSM,IA,ACE,CE,Combined TRACON& Tower with Radar,86,35,50,11,182,0,3,1,0,4,86,38,51,11,186,0,0,0,186
04/07/2016,DSM,IA,ACE,CE,Combined TRACON& Tower with Radar,85,39,54,7,185,0,1,7,0,8,85,40,61,7,193,26,2,28,221
04/08/2016,DSM,IA,ACE,CE,Combined TRACON& Tower with Radar,75,29,41,4,149,0,6,10,0,16,75,35,51,4,165,0,0,0,165
04/09/2016,DSM,IA,ACE,CE,Combined TRACON& Tower with Radar,53,12,26,3,94,0,1,25,0,26,53,13,51,3,120,4,0,4,124
04/10/2016,DSM,IA,ACE,CE,Combined TRACON& Tower with Radar,75,23,17,3,118,0,1,12,0,13,75,24,29,3,131,4,0,4,135
04/11/2016,DSM,IA,ACE,CE,Combined TRACON& Tower with Radar,76,34,41,2,153,0,2,24,0,26,76,36,65,2,179,10,0,10,189
04/12/2016,DSM,IA,ACE,CE,Combined TRACON& Tower with Radar,81,28,51,26,186,0,0,36,0,36,81,28,87,26,222,36,32,68,290
04/13/2016,DSM,IA,ACE,CE,Combined TRACON& Tower with Radar,82,25,57,3,167,0,2,27,0,29,82,27,84,3,196,18,0,18,214
04/14/2016,DSM,IA,ACE,CE,Combined TRACON& Tower with Radar,83,36,55,1,175,0,1,41,3,45,83,37,96,4,220,18,0,18,238
04/15/2016,DSM,IA,ACE,CE,Combined TRACON& Tower with Radar,78,26,58,1,163,0,2,28,0,30,78,28,86,1,193,18,0,18,211
04/16/2016,DSM,IA,ACE,CE,Combined TRACON& Tower with Radar,47,20,20,0,87,0,1,28,0,29,47,21,48,0,116,6,0,6,122
04/17/2016,DSM,IA,ACE,CE,Combined TRACON& Tower with Radar,66,27,30,1,124,0,0,28,0,28,66,27,58,1,152,50,0,50,202
04/18/2016,DSM,IA,ACE,CE,Combined TRACON& Tower with Radar,73,20,46,3,142,0,1,7,0,8,73,21,53,3,150,0,0,0,150
04/19/2016,DSM,IA,ACE,CE,Combined TRACON& Tower with Radar,80,26,50,5,161,0,1,17,1,19,80,27,67,6,180,6,0,6,186
04/20/2016,DSM,IA,ACE,CE,Combined TRACON& Tower with Radar,84,28,54,2,168,0,0,5,0,5,84,28,59,2,173,0,0,0,173
04/21/2016,DSM,IA,ACE,CE,Combined TRACON& Tower with Radar,85,36,51,0,172,0,0,10,0,10,85,36,61,0,182,2,0,2,184
04/22/2016,DSM,IA,ACE,CE,Combined TRACON& Tower with Radar,77,35,77,7,196,0,5,40,1,46,77,40,117,8,242,12,0,12,254
04/23/2016,DSM,IA,ACE,CE,Combined TRACON& Tower with Radar,48,16,15,0,79,0,2,24,0,26,48,18,39,0,105,4,0,4,109
04/24/2016,DSM,IA,ACE,CE,Combined TRACON& Tower with Radar,70,26,17,0,113,1,1,13,0,15,71,27,30,0,128,24,0,24,152
04/25/2016,DSM,IA,ACE,CE,Combined TRACON& Tower with Radar,74,27,49,0,150,0,9,39,0,48,74,36,88,0,198,23,0,23,221
04/26/2016,DSM,IA,ACE,CE,Combined TRACON& Tower with Radar,80,31,49,3,163,0,1,25,0,26,80,32,74,3,189,6,0,6,195
04/27/2016,DSM,IA,ACE,CE,Combined TRACON& Tower with Radar,83,33,37,0,153,0,0,0,0,0,83,33,37,0,153,0,0,0,153
04/28/2016,DSM,IA,ACE,CE,Combined TRACON& Tower with Radar,85,35,59,12,191,0,0,7,0,7,85,35,66,12,198,0,8,8,206
04/29/2016,DSM,IA,ACE,CE,Combined TRACON& Tower with Radar,77,39,51,2,169,0,1,6,0,7,77,40,57,2,176,0,0,0,176
04/30/2016,DSM,IA,ACE,CE,Combined TRACON& Tower with Radar,46,22,11,0,79,0,4,2,0,6,46,26,13,0,85,0,0,0,85
05/01/2016,DSM,IA,ACE,CE,Combined TRACON& Tower with Radar,67,34,24,2,127,0,0,0,0,0,67,34,24,2,127,0,0,0,127
05/02/2016,DSM,IA,ACE,CE,Combined TRACON& Tower with Radar,70,37,55,2,164,0,1,51,0,52,70,38,106,2,216,30,0,30,246
05/03/2016,DSM,IA,ACE,CE,Combined TRACON& Tower with Radar,76,34,46,5,161,0,6,41,11,58,76,40,87,16,219,38,4,42,261
05/04/2016,DSM,IA,ACE,CE,Combined TRACON& Tower with Radar,85,28,64,3,180,2,10,22,4,38,87,38,86,7,218,17,0,17,235
05/05/2016,DSM,IA,ACE,CE,Combined TRACON& Tower with Radar,83,44,65,2,194,0,4,51,0,55,83,48,116,2,249,30,2,32,281
05/06/2016,DSM,IA,ACE,CE,Combined TRACON& Tower with Radar,76,40,64,6,186,0,3,31,0,34,76,43,95,6,220,10,6,16,236
05/07/2016,DSM,IA,ACE,CE,Combined TRACON& Tower with Radar,59,15,33,0,107,0,2,19,0,21,59,17,52,0,128,2,0,2,130
05/08/2016,DSM,IA,ACE,CE,Combined TRACON& Tower with Radar,73,27,21,0,121,0,1,17,0,18,73,28,38,0,139,2,0,2,141
05/09/2016,DSM,IA,ACE,CE,Combined TRACON& Tower with Radar,69,31,48,0,148,0,0,1,0,1,69,31,49,0,149,0,0,0,149
05/10/2016,DSM,IA,ACE,CE,Combined TRACON& Tower with Radar,81,43,67,0,191,0,3,26,0,29,81,46,93,0,220,32,0,32,252
05/11/2016,DSM,IA,ACE,CE,Combined TRACON& Tower with Radar,83,43,44,0,170,2,0,2,0,4,85,43,46,0,174,8,0,8,182
05/12/2016,DSM,IA,ACE,CE,Combined TRACON& Tower with Radar,86,36,59,2,183,0,1,20,4,25,86,37,79,6,208,8,0,8,216
05/13/2016,DSM,IA,ACE,CE,Combined TRACON& Tower with Radar,78,31,63,6,178,0,3,16,0,19,78,34,79,6,197,8,0,8,205
05/14/2016,DSM,IA,ACE,CE,Combined TRACON& Tower with Radar,57,18,15,2,92,0,8,12,0,20,57,26,27,2,112,0,0,0,112
05/15/2016,DSM,IA,ACE,CE,Combined TRACON& Tower with Radar,72,27,24,0,123,0,1,54,0,55,72,28,78,0,178,16,0,16,194
05/16/2016,DSM,IA,ACE,CE,Combined TRACON& Tower with Radar,71,35,51,0,157,0,3,17,0,20,71,38,68,0,177,18,0,18,195
05/17/2016,DSM,IA,ACE,CE,Combined TRACON& Tower with Radar,78,39,68,0,185,0,1,16,0,17,78,40,84,0,202,5,0,5,207
05/18/2016,DSM,IA,ACE,CE,Combined TRACON& Tower with Radar,88,35,57,2,182,0,1,25,2,28,88,36,82,4,210,6,1,7,217
05/19/2016,DSM,IA,ACE,CE,Combined TRACON& Tower with Radar,82,40,64,0,186,0,2,33,0,35,82,42,97,0,221,10,0,10,231
05/20/2016,DSM,IA,ACE,CE,Combined TRACON& Tower with Radar,80,32,61,4,177,0,4,29,4,37,80,36,90,8,214,14,0,14,228
05/21/2016,DSM,IA,ACE,CE,Combined TRACON& Tower with Radar,54,12,25,0,91,0,5,37,0,42,54,17,62,0,133,12,0,12,145
05/22/2016,DSM,IA,ACE,CE,Combined TRACON& Tower with Radar,69,29,22,0,120,0,1,37,0,38,69,30,59,0,158,4,0,4,162
05/23/2016,DSM,IA,ACE,CE,Combined TRACON& Tower with Radar,76,37,52,0,165,0,4,12,0,16,76,41,64,0,181,24,0,24,205
05/24/2016,DSM,IA,ACE,CE,Combined TRACON& Tower with Radar,80,40,63,0,183,0,2,29,4,35,80,42,92,4,218,10,0,10,228
05/25/2016,DSM,IA,ACE,CE,Combined TRACON& Tower with Radar,83,31,40,2,156,0,1,17,1,19,83,32,57,3,175,12,0,12,187
05/26/2016,DSM,IA,ACE,CE,Combined TRACON& Tower with Radar,89,29,38,0,156,0,1,28,0,29,89,30,66,0,185,0,0,0,185
05/27/2016,DSM,IA,ACE,CE,Combined TRACON& Tower with Radar,86,29,44,0,159,0,2,7,0,9,86,31,51,0,168,0,0,0,168
05/28/2016,DSM,IA,ACE,CE,Combined TRACON& Tower with Radar,54,12,16,0,82,0,3,10,0,13,54,15,26,0,95,16,0,16,111
05/29/2016,DSM,IA,ACE,CE,Combined TRACON& Tower with Radar,62,17,17,0,96,0,1,37,0,38,62,18,54,0,134,20,0,20,154
05/30/2016,DSM,IA,ACE,CE,Combined TRACON& Tower with Radar,67,35,22,0,124,0,4,17,0,21,67,39,39,0,145,4,0,4,149
05/31/2016,DSM,IA,ACE,CE,Combined TRACON& Tower with Radar,71,30,65,6,172,0,2,17,0,19,71,32,82,6,191,6,2,8,199
06/01/2016,DSM,IA,ACE,CE,Combined TRACON& Tower with Radar,88,37,57,2,184,0,3,43,5,51,88,40,100,7,235,8,0,8,243
06/02/2016,DSM,IA,ACE,CE,Combined TRACON& Tower with Radar,82,40,48,10,180,0,11,40,6,57,82,51,88,16,237,49,34,83,320
06/03/2016,DSM,IA,ACE,CE,Combined TRACON& Tower with Radar,82,47,51,2,182,0,6,32,1,39,82,53,83,3,221,12,0,12,233
06/04/2016,DSM,IA,ACE,CE,Combined TRACON& Tower with Radar,58,27,18,0,103,0,9,29,2,40,58,36,47,2,143,43,0,43,186
06/05/2016,DSM,IA,ACE,CE,Combined TRACON& Tower with Radar,69,33,29,1,132,0,2,47,0,49,69,35,76,1,181,48,0,48,229
06/06/2016,DSM,IA,ACE,CE,Combined TRACON& Tower with Radar,83,35,57,2,177,0,1,28,0,29,83,36,85,2,206,0,4,4,210
06/07/2016,DSM,IA,ACE,CE,Combined TRACON& Tower with Radar,85,38,53,6,182,0,1,31,2,34,85,39,84,8,216,24,0,24,240
06/08/2016,DSM,IA,ACE,CE,Combined TRACON& Tower with Radar,95,42,78,0,215,0,4,27,0,31,95,46,105,0,246,26,6,32,278
06/09/2016,DSM,IA,ACE,CE,Combined TRACON& Tower with Radar,97,41,85,1,224,0,1,29,0,30,97,42,114,1,254,8,0,8,262
06/10/2016,DSM,IA,ACE,CE,Combined TRACON& Tower with Radar,91,39,46,10,186,0,3,26,13,42,91,42,72,23,228,4,26,30,258
06/11/2016,DSM,IA,ACE,CE,Combined TRACON& Tower with Radar,62,24,25,3,114,0,0,23,4,27,62,24,48,7,141,22,0,22,163
06/12/2016,DSM,IA,ACE,CE,Combined TRACON& Tower with Radar,76,26,33,1,136,0,3,39,0,42,76,29,72,1,178,4,0,4,182
06/13/2016,DSM,IA,ACE,CE,Combined TRACON& Tower with Radar,89,30,55,0,174,0,3,21,2,26,89,33,76,2,200,22,0,22,222
06/14/2016,DSM,IA,ACE,CE,Combined TRACON& Tower with Radar,87,37,53,1,178,0,3,13,4,20,87,40,66,5,198,8,2,10,208
06/15/2016,DSM,IA,ACE,CE,Combined TRACON& Tower with Radar,100,33,56,1,190,0,2,28,1,31,100,35,84,2,221,10,10,20,241
06/16/2016,DSM,IA,ACE,CE,Combined TRACON& Tower with Radar,96,33,67,1,197,0,2,24,8,34,96,35,91,9,231,12,0,12,243
06/17/2016,DSM,IA,ACE,CE,Combined TRACON& Tower with Radar,90,38,53,2,183,0,1,23,3,27,90,39,76,5,210,4,32,36,246
06/18/2016,DSM,IA,ACE,CE,Combined TRACON& Tower with Radar,60,28,26,0,114,0,4,37,0,41,60,32,63,0,155,10,0,10,165
06/19/2016,DSM,IA,ACE,CE,Combined TRACON& Tower with Radar,86,32,31,0,149,0,2,25,0,27,86,34,56,0,176,10,0,10,186
06/20/2016,DSM,IA,ACE,CE,Combined TRACON& Tower with Radar,82,28,64,0,174,0,6,18,0,24,82,34,82,0,198,4,0,4,202
06/21/2016,DSM,IA,ACE,CE,Combined TRACON& Tower with Radar,95,29,65,11,200,0,8,55,8,71,95,37,120,19,271,6,10,16,287
06/22/2016,DSM,IA,ACE,CE,Combined TRACON& Tower with Radar,94,27,66,9,196,0,4,15,8,27,94,31,81,17,223,7,10,17,240
06/23/2016,DSM,IA,ACE,CE,Combined TRACON& Tower with Radar,98,39,86,3,226,0,6,43,3,52,98,45,129,6,278,11,6,17,295
06/24/2016,DSM,IA,ACE,CE,Combined TRACON& Tower with Radar,91,28,45,2,166,0,2,39,4,45,91,30,84,6,211,36,0,36,247
06/25/2016,DSM,IA,ACE,CE,Combined TRACON& Tower with Radar,61,25,12,0,98,0,2,18,0,20,61,27,30,0,118,6,0,6,124
06/26/2016,DSM,IA,ACE,CE,Combined TRACON& Tower with Radar,83,32,28,0,143,0,3,39,1,43,83,35,67,1,186,0,0,0,186
06/27/2016,DSM,IA,ACE,CE,Combined TRACON& Tower with Radar,85,32,55,16,188,0,1,26,9,36,85,33,81,25,224,40,22,62,286
06/28/2016,DSM,IA,ACE,CE,Combined TRACON& Tower with Radar,89,30,75,8,202,0,1,25,1,27,89,31,100,9,229,38,8,46,275
06/29/2016,DSM,IA,ACE,CE,Combined TRACON& Tower with Radar,104,29,50,10,193,0,2,16,2,20,104,31,66,12,213,16,12,28,241
06/30/2016,DSM,IA,ACE,CE,Combined TRACON& Tower with Radar,93,37,63,12,205,0,0,9,4,13,93,37,72,16,218,10,20,30,248
07/01/2016,DSM,IA,ACE,CE,Combined TRACON& Tower with Radar,82,37,54,7,180,0,1,53,0,54,82,38,107,7,234,43,4,47,281
07/02/2016,DSM,IA,ACE,CE,Combined TRACON& Tower with Radar,59,18,17,0,94,0,1,4,0,5,59,19,21,0,99,0,0,0,99
07/03/2016,DSM,IA,ACE,CE,Combined TRACON& Tower with Radar,62,11,18,0,91,0,0,22,0,22,62,11,40,0,113,8,0,8,121
07/04/2016,DSM,IA,ACE,CE,Combined TRACON& Tower with Radar,67,13,28,0,108,0,2,10,0,12,67,15,38,0,120,0,0,0,120
07/05/2016,DSM,IA,ACE,CE,Combined TRACON& Tower with Radar,77,39,51,1,168,0,1,16,0,17,77,40,67,1,185,4,0,4,189
07/06/2016,DSM,IA,ACE,CE,Combined TRACON& Tower with Radar,87,39,50,0,176,0,0,10,0,10,87,39,60,0,186,0,0,0,186
07/07/2016,DSM,IA,ACE,CE,Combined TRACON& Tower with Radar,87,41,48,0,176,0,4,10,0,14,87,45,58,0,190,0,0,0,190
07/08/2016,DSM,IA,ACE,CE,Combined TRACON& Tower with Radar,84,34,49,0,167,0,6,41,2,49,84,40,90,2,216,33,2,35,251
07/09/2016,DSM,IA,ACE,CE,Combined TRACON& Tower with Radar,62,17,25,1,105,0,1,34,4,39,62,18,59,5,144,40,0,40,184
07/10/2016,DSM,IA,ACE,CE,Combined TRACON& Tower with Radar,82,35,31,0,148,0,1,25,0,26,82,36,56,0,174,3,0,3,177
07/11/2016,DSM,IA,ACE,CE,Combined TRACON& Tower with Radar,76,44,79,0,199,0,2,9,0,11,76,46,88,0,210,2,0,2,212
07/12/2016,DSM,IA,ACE,CE,Combined TRACON& Tower with Radar,82,39,27,3,151,0,1,25,0,26,82,40,52,3,177,53,0,53,230
07/13/2016,DSM,IA,ACE,CE,Combined TRACON& Tower with Radar,86,34,47,3,170,0,1,17,0,18,86,35,64,3,188,8,0,8,196
07/14/2016,DSM,IA,ACE,CE,Combined TRACON& Tower with Radar,94,36,79,9,218,0,0,31,1,32,94,36,110,10,250,6,0,6,256
07/15/2016,DSM,IA,ACE,CE,Combined TRACON& Tower with Radar,84,36,58,10,188,0,6,15,2,23,84,42,73,12,211,6,18,24,235
07/16/2016,DSM,IA,ACE,CE,Combined TRACON& Tower with Radar,59,26,26,1,112,0,2,26,2,30,59,28,52,3,142,12,0,12,154
07/17/2016,DSM,IA,ACE,CE,Combined TRACON& Tower with Radar,77,32,39,0,148,0,0,22,0,22,77,32,61,0,170,6,0,6,176
07/18/2016,DSM,IA,ACE,CE,Combined TRACON& Tower with Radar,73,45,42,0,160,0,1,21,0,22,73,46,63,0,182,30,0,30,212
07/19/2016,DSM,IA,ACE,CE,Combined TRACON& Tower with Radar,86,47,40,0,173,0,4,9,0,13,86,51,49,0,186,2,0,2,188
07/20/2016,DSM,IA,ACE,CE,Combined TRACON& Tower with Radar,88,50,43,0,181,0,1,19,0,20,88,51,62,0,201,8,0,8,209
07/21/2016,DSM,IA,ACE,CE,Combined TRACON& Tower with Radar,83,58,74,0,215,0,3,40,0,43,83,61,114,0,258,0,0,0,258
07/22/2016,DSM,IA,ACE,CE,Combined TRACON& Tower with Radar,81,48,54,2,185,0,6,39,0,45,81,54,93,2,230,2,2,4,234
07/23/2016,DSM,IA,ACE,CE,Combined TRACON& Tower with Radar,65,25,17,0,107,0,1,26,2,29,65,26,43,2,136,8,0,8,144
07/24/2016,DSM,IA,ACE,CE,Combined TRACON& Tower with Radar,79,25,27,0,131,0,3,22,0,25,79,28,49,0,156,0,0,0,156
07/25/2016,DSM,IA,ACE,CE,Combined TRACON& Tower with Radar,75,41,64,18,198,0,3,22,0,25,75,44,86,18,223,6,16,22,245
07/26/2016,DSM,IA,ACE,CE,Combined TRACON& Tower with Radar,79,43,41,0,163,0,1,26,0,27,79,44,67,0,190,6,0,6,196
07/27/2016,DSM,IA,ACE,CE,Combined TRACON& Tower with Radar,80,54,50,0,184,0,3,24,3,30,80,57,74,3,214,4,0,4,218
07/28/2016,DSM,IA,ACE,CE,Combined TRACON& Tower with Radar,79,41,51,0,171,0,2,16,0,18,79,43,67,0,189,5,0,5,194
07/29/2016,DSM,IA,ACE,CE,Combined TRACON& Tower with Radar,78,51,77,0,206,0,3,16,0,19,78,54,93,0,225,12,0,12,237
07/30/2016,DSM,IA,ACE,CE,Combined TRACON& Tower with Radar,62,29,22,0,113,0,1,30,0,31,62,30,52,0,144,4,0,4,148
07/31/2016,DSM,IA,ACE,CE,Combined TRACON& Tower with Radar,82,34,29,0,145,0,2,34,0,36,82,36,63,0,181,18,0,18,199
08/01/2016,DSM,IA,ACE,CE,Combined TRACON& Tower with Radar,70,44,36,2,152,0,2,16,0,18,70,46,52,2,170,0,0,0,170
08/02/2016,DSM,IA,ACE,CE,Combined TRACON& Tower with Radar,75,37,49,1,162,0,3,23,0,26,75,40,72,1,188,2,0,2,190
08/03/2016,DSM,IA,ACE,CE,Combined TRACON& Tower with Radar,83,50,61,5,199,0,2,23,5,30,83,52,84,10,229,14,4,18,247
08/04/2016,DSM,IA,ACE,CE,Combined TRACON& Tower with Radar,82,49,66,0,197,0,2,25,0,27,82,51,91,0,224,4,0,4,228
08/05/2016,DSM,IA,ACE,CE,Combined TRACON& Tower with Radar,80,41,64,12,197,0,1,53,0,54,80,42,117,12,251,22,12,34,285
08/06/2016,DSM,IA,ACE,CE,Combined TRACON& Tower with Radar,55,25,24,4,108,0,0,36,0,36,55,25,60,4,144,20,0,20,164
08/07/2016,DSM,IA,ACE,CE,Combined TRACON& Tower with Radar,75,35,28,1,139,0,1,29,1,31,75,36,57,2,170,6,0,6,176
08/08/2016,DSM,IA,ACE,CE,Combined TRACON& Tower with Radar,69,42,68,2,181,0,2,29,0,31,69,44,97,2,212,2,0,2,214
08/09/2016,DSM,IA,ACE,CE,Combined TRACON& Tower with Radar,77,41,65,2,185,0,4,45,2,51,77,45,110,4,236,19,10,29,265
08/10/2016,DSM,IA,ACE,CE,Combined TRACON& Tower with Radar,88,52,62,9,211,0,0,25,0,25,88,52,87,9,236,8,4,12,248
08/11/2016,DSM,IA,ACE,CE,Combined TRACON& Tower with Radar,83,41,58,1,183,0,1,18,0,19,83,42,76,1,202,6,0,6,208
08/12/2016,DSM,IA,ACE,CE,Combined TRACON& Tower with Radar,73,50,61,8,192,1,1,13,4,19,74,51,74,12,211,16,4,20,231
08/13/2016,DSM,IA,ACE,CE,Combined TRACON& Tower with Radar,55,25,24,8,112,0,4,51,3,58,55,29,75,11,170,18,6,24,194
08/14/2016,DSM,IA,ACE,CE,Combined TRACON& Tower with Radar,75,39,26,0,140,0,2,27,0,29,75,41,53,0,169,10,0,10,179
08/15/2016,DSM,IA,ACE,CE,Combined TRACON& Tower with Radar,72,39,47,0,158,0,4,17,0,21,72,43,64,0,179,2,0,2,181
08/16/2016,DSM,IA,ACE,CE,Combined TRACON& Tower with Radar,88,33,44,3,168,0,1,22,6,29,88,34,66,9,197,11,12,23,220
08/17/2016,DSM,IA,ACE,CE,Combined TRACON& Tower with Radar,88,31,73,8,200,0,4,30,1,35,88,35,103,9,235,10,6,16,251
08/18/2016,DSM,IA,ACE,CE,Combined TRACON& Tower with Radar,87,36,57,3,183,0,2,18,3,23,87,38,75,6,206,4,12,16,222
08/19/2016,DSM,IA,ACE,CE,Combined TRACON& Tower with Radar,83,24,54,2,163,0,3,13,5,21,83,27,67,7,184,7,10,17,201
08/20/2016,DSM,IA,ACE,CE,Combined TRACON& Tower with Radar,48,22,19,1,90,0,2,9,2,13,48,24,28,3,103,0,2,2,105
08/21/2016,DSM,IA,ACE,CE,Combined TRACON& Tower with Radar,83,25,37,0,145,0,4,49,0,53,83,29,86,0,198,4,0,4,202
08/22/2016,DSM,IA,ACE,CE,Combined TRACON& Tower with Radar,79,27,35,0,141,0,3,52,1,56,79,30,87,1,197,14,0,14,211
08/23/2016,DSM,IA,ACE,CE,Combined TRACON& Tower with Radar,85,24,57,3,169,0,9,16,0,25,85,33,73,3,194,6,0,6,200
08/24/2016,DSM,IA,ACE,CE,Combined TRACON& Tower with Radar,84,27,47,2,160,2,1,15,4,22,86,28,62,6,182,12,0,12,194
08/25/2016,DSM,IA,ACE,CE,Combined TRACON& Tower with Radar,94,39,69,6,208,0,4,40,5,49,94,43,109,11,257,8,6,14,271
08/26/2016,DSM,IA,ACE,CE,Combined TRACON& Tower with Radar,85,30,57,10,182,0,1,19,2,22,85,31,76,12,204,10,0,10,214
08/27/2016,DSM,IA,ACE,CE,Combined TRACON& Tower with Radar,50,20,19,0,89,0,0,6,0,6,50,20,25,0,95,0,0,0,95
08/28/2016,DSM,IA,ACE,CE,Combined TRACON& Tower with Radar,84,18,27,0,129,0,1,14,0,15,84,19,41,0,144,22,0,22,166
08/29/2016,DSM,IA,ACE,CE,Combined TRACON& Tower with Radar,90,14,50,1,155,0,2,11,0,13,90,16,61,1,168,8,0,8,176
08/30/2016,DSM,IA,ACE,CE,Combined TRACON& Tower with Radar,93,19,60,7,179,0,1,8,0,9,93,20,68,7,188,2,0,2,190
08/31/2016,DSM,IA,ACE,CE,Combined TRACON& Tower with Radar,90,19,74,2,185,0,1,48,1,50,90,20,122,3,235,30,0,30,265
09/01/2016,DSM,IA,ACE,CE,Combined TRACON& Tower with Radar,99,16,50,2,167,0,1,44,1,46,99,17,94,3,213,24,2,26,239
09/02/2016,DSM,IA,ACE,CE,Combined TRACON& Tower with Radar,94,19,48,2,163,0,8,42,0,50,94,27,90,2,213,22,0,22,235
09/03/2016,DSM,IA,ACE,CE,Combined TRACON& Tower with Radar,40,17,16,0,73,0,5,18,0,23,40,22,34,0,96,8,0,8,104
09/04/2016,DSM,IA,ACE,CE,Combined TRACON& Tower with Radar,59,7,14,0,80,0,1,17,0,18,59,8,31,0,98,0,0,0,98
09/05/2016,DSM,IA,ACE,CE,Combined TRACON& Tower with Radar,85,14,12,0,111,0,3,8,0,11,85,17,20,0,122,2,0,2,124
09/06/2016,DSM,IA,ACE,CE,Combined TRACON& Tower with Radar,82,24,54,6,166,0,2,25,0,27,82,26,79,6,193,0,0,0,193
09/07/2016,DSM,IA,ACE,CE,Combined TRACON& Tower with Radar,88,21,43,2,154,0,1,4,0,5,88,22,47,2,159,0,0,0,159
09/08/2016,DSM,IA,ACE,CE,Combined TRACON& Tower with Radar,96,22,65,4,187,0,2,26,3,31,96,24,91,7,218,0,0,0,218
09/09/2016,DSM,IA,ACE,CE,Combined TRACON& Tower with Radar,91,25,63,3,182,0,1,6,0,7,91,26,69,3,189,4,0,4,193
09/10/2016,DSM,IA,ACE,CE,Combined TRACON& Tower with Radar,53,11,27,7,98,0,2,22,0,24,53,13,49,7,122,0,0,0,122
09/11/2016,DSM,IA,ACE,CE,Combined TRACON& Tower with Radar,86,16,31,3,136,0,2,20,0,22,86,18,51,3,158,0,0,0,158
09/12/2016,DSM,IA,ACE,CE,Combined TRACON& Tower with Radar,91,19,42,1,153,0,7,19,1,27,91,26,61,2,180,2,0,2,182
09/13/2016,DSM,IA,ACE,CE,Combined TRACON& Tower with Radar,93,21,64,2,180,0,7,2,0,9,93,28,66,2,189,4,0,4,193
09/14/2016,DSM,IA,ACE,CE,Combined TRACON& Tower with Radar,90,22,61,4,177,0,0,26,3,29,90,22,87,7,206,18,2,20,226
09/15/2016,DSM,IA,ACE,CE,Combined TRACON& Tower with Radar,100,21,59,3,183,0,5,23,3,31,100,26,82,6,214,0,0,0,214
09/16/2016,DSM,IA,ACE,CE,Combined TRACON& Tower with Radar,96,28,43,2,169,0,2,15,0,17,96,30,58,2,186,6,0,6,192
09/17/2016,DSM,IA,ACE,CE,Combined TRACON& Tower with Radar,58,14,21,0,93,0,1,28,0,29,58,15,49,0,122,18,0,18,140
09/18/2016,DSM,IA,ACE,CE,Combined TRACON& Tower with Radar,90,15,34,0,139,0,3,49,0,52,90,18,83,0,191,17,0,17,208
09/19/2016,DSM,IA,ACE,CE,Combined TRACON& Tower with Radar,92,20,47,4,163,0,3,16,0,19,92,23,63,4,182,10,0,10,192
09/20/2016,DSM,IA,ACE,CE,Combined TRACON& Tower with Radar,92,23,45,1,161,0,4,40,1,45,92,27,85,2,206,24,0,24,230
09/21/2016,DSM,IA,ACE,CE,Combined TRACON& Tower with Radar,99,22,55,2,178,0,2,13,0,15,99,24,68,2,193,6,0,6,199
09/22/2016,DSM,IA,ACE,CE,Combined TRACON& Tower with Radar,111,18,58,5,192,2,3,8,0,13,113,21,66,5,205,14,0,14,219
09/23/2016,DSM,IA,ACE,CE,Combined TRACON& Tower with Radar,99,16,50,7,172,1,4,19,0,24,100,20,69,7,196,6,0,6,202
09/24/2016,DSM,IA,ACE,CE,Combined TRACON& Tower with Radar,60,17,17,1,95,0,0,14,1,15,60,17,31,2,110,4,0,4,114
09/25/2016,DSM,IA,ACE,CE,Combined TRACON& Tower with Radar,93,16,35,0,144,0,2,11,0,13,93,18,46,0,157,0,0,0,157
09/26/2016,DSM,IA,ACE,CE,Combined TRACON& Tower with Radar,90,20,69,9,188,0,4,10,0,14,90,24,79,9,202,0,0,0,202
09/27/2016,DSM,IA,ACE,CE,Combined TRACON& Tower with Radar,91,15,49,2,157,3,6,35,0,44,94,21,84,2,201,10,2,12,213
09/28/2016,DSM,IA,ACE,CE,Combined TRACON& Tower with Radar,90,21,64,2,177,0,0,12,0,12,90,21,76,2,189,13,0,13,202
09/29/2016,DSM,IA,ACE,CE,Combined TRACON& Tower with Radar,106,20,71,0,197,0,4,25,2,31,106,24,96,2,228,0,0,0,228
09/30/2016,DSM,IA,ACE,CE,Combined TRACON& Tower with Radar,98,26,53,0,177,0,2,15,0,17,98,28,68,0,194,1,0,1,195
10/01/2016,DSM,IA,ACE,CE,Combined TRACON& Tower with Radar,55,15,23,1,94,0,0,4,0,4,55,15,27,1,98,0,0,0,98
10/02/2016,DSM,IA,ACE,CE,Combined TRACON& Tower with Radar,86,17,31,0,134,0,4,19,0,23,86,21,50,0,157,10,0,10,167
10/03/2016,DSM,IA,ACE,CE,Combined TRACON& Tower with Radar,90,35,57,3,185,0,0,16,0,16,90,35,73,3,201,0,0,0,201
10/04/2016,DSM,IA,ACE,CE,Combined TRACON& Tower with Radar,91,22,48,1,162,0,2,16,0,18,91,24,64,1,180,6,0,6,186
10/05/2016,DSM,IA,ACE,CE,Combined TRACON& Tower with Radar,95,40,82,0,217,0,2,23,0,25,95,42,105,0,242,4,0,4,246
10/06/2016,DSM,IA,ACE,CE,Combined TRACON& Tower with Radar,98,24,55,1,178,0,3,8,0,11,98,27,63,1,189,0,4,4,193
10/07/2016,DSM,IA,ACE,CE,Combined TRACON& Tower with Radar,97,24,52,0,173,0,2,28,0,30,97,26,80,0,203,18,0,18,221
10/08/2016,DSM,IA,ACE,CE,Combined TRACON& Tower with Radar,53,18,33,0,104,0,3,33,0,36,53,21,66,0,140,12,0,12,152
10/09/2016,DSM,IA,ACE,CE,Combined TRACON& Tower with Radar,87,18,23,0,128,0,2,41,0,43,87,20,64,0,171,12,0,12,183
10/10/2016,DSM,IA,ACE,CE,Combined TRACON& Tower with Radar,90,24,54,2,170,0,3,2,0,5,90,27,56,2,175,3,0,3,178
10/11/2016,DSM,IA,ACE,CE,Combined TRACON& Tower with Radar,98,18,85,2,203,1,6,29,0,36,99,24,114,2,239,22,0,22,261
10/12/2016,DSM,IA,ACE,CE,Combined TRACON& Tower with Radar,94,23,59,9,185,0,1,0,1,2,94,24,59,10,187,0,0,0,187
10/13/2016,DSM,IA,ACE,CE,Combined TRACON& Tower with Radar,102,22,71,23,218,3,0,28,3,34,105,22,99,26,252,8,6,14,266
10/14/2016,DSM,IA,ACE,CE,Combined TRACON& Tower with Radar,99,28,64,28,219,0,2,12,0,14,99,30,76,28,233,0,24,24,257
10/15/2016,DSM,IA,ACE,CE,Combined TRACON& Tower with Radar,57,15,11,6,89,0,0,6,0,6,57,15,17,6,95,0,0,0,95
10/16/2016,DSM,IA,ACE,CE,Combined TRACON& Tower with Radar,89,25,41,3,158,0,0,7,0,7,89,25,48,3,165,0,0,0,165
10/17/2016,DSM,IA,ACE,CE,Combined TRACON& Tower with Radar,95,14,50,3,162,0,0,12,0,12,95,14,62,3,174,4,0,4,178
10/18/2016,DSM,IA,ACE,CE,Combined TRACON& Tower with Radar,96,13,73,0,182,0,2,46,2,50,96,15,119,2,232,18,0,18,250
10/19/2016,DSM,IA,ACE,CE,Combined TRACON& Tower with Radar,93,25,45,1,164,0,2,31,0,33,93,27,76,1,197,20,0,20,217
10/20/2016,DSM,IA,ACE,CE,Combined TRACON& Tower with Radar,102,23,65,1,191,0,0,28,0,28,102,23,93,1,219,6,0,6,225
10/21/2016,DSM,IA,ACE,CE,Combined TRACON& Tower with Radar,94,28,45,2,169,0,0,31,3,34,94,28,76,5,203,45,0,45,248
10/22/2016,DSM,IA,ACE,CE,Combined TRACON& Tower with Radar,57,14,25,0,96,0,2,50,0,52,57,16,75,0,148,24,0,24,172
10/23/2016,DSM,IA,ACE,CE,Combined TRACON& Tower with Radar,92,17,39,0,148,0,2,30,0,32,92,19,69,0,180,9,0,9,189
10/24/2016,DSM,IA,ACE,CE,Combined TRACON& Tower with Radar,92,15,52,2,161,0,2,30,0,32,92,17,82,2,193,18,0,18,211
10/25/2016,DSM,IA,ACE,CE,Combined TRACON& Tower with Radar,93,15,59,4,171,0,2,19,0,21,93,17,78,4,192,18,0,18,210
10/26/2016,DSM,IA,ACE,CE,Combined TRACON& Tower with Radar,95,22,51,4,172,0,0,3,0,3,95,22,54,4,175,0,0,0,175
10/27/2016,DSM,IA,ACE,CE,Combined TRACON& Tower with Radar,101,20,71,19,211,0,2,18,2,22,101,22,89,21,233,6,24,30,263
10/28/2016,DSM,IA,ACE,CE,Combined TRACON& Tower with Radar,102,19,34,9,164,0,3,15,5,23,102,22,49,14,187,4,8,12,199
10/29/2016,DSM,IA,ACE,CE,Combined TRACON& Tower with Radar,63,17,20,9,109,0,2,28,2,32,63,19,48,11,141,34,2,36,177
10/30/2016,DSM,IA,ACE,CE,Combined TRACON& Tower with Radar,84,19,17,1,121,0,1,25,1,27,84,20,42,2,148,34,0,34,182
10/31/2016,DSM,IA,ACE,CE,Combined TRACON& Tower with Radar,86,16,56,2,160,0,1,3,0,4,86,17,59,2,164,6,0,6,170
11/01/2016,DSM,IA,ACE,CE,Combined TRACON& Tower with Radar,94,20,54,6,174,0,0,20,0,20,94,20,74,6,194,0,0,0,194
11/02/2016,DSM,IA,ACE,CE,Combined TRACON& Tower with Radar,94,25,47,5,171,0,5,10,0,15,94,30,57,5,186,0,0,0,186
11/03/2016,DSM,IA,ACE,CE,Combined TRACON& Tower with Radar,106,24,64,4,198,0,3,23,7,33,106,27,87,11,231,4,1,5,236
11/04/2016,DSM,IA,ACE,CE,Combined TRACON& Tower with Radar,99,24,66,11,200,0,2,38,12,52,99,26,104,23,252,52,6,58,310
11/05/2016,DSM,IA,ACE,CE,Combined TRACON& Tower with Radar,56,11,18,5,90,0,4,37,1,42,56,15,55,6,132,32,0,32,164
11/06/2016,DSM,IA,ACE,CE,Combined TRACON& Tower with Radar,91,14,32,5,142,0,4,23,0,27,91,18,55,5,169,10,0,10,179
11/07/2016,DSM,IA,ACE,CE,Combined TRACON& Tower with Radar,85,27,33,1,146,0,2,28,0,30,85,29,61,1,176,6,10,16,192
11/08/2016,DSM,IA,ACE,CE,Combined TRACON& Tower with Radar,94,18,37,6,155,0,0,15,8,23,94,18,52,14,178,10,8,18,196
11/09/2016,DSM,IA,ACE,CE,Combined TRACON& Tower with Radar,95,28,57,1,181,0,2,31,4,37,95,30,88,5,218,30,0,30,248
11/10/2016,DSM,IA,ACE,CE,Combined TRACON& Tower with Radar,104,30,61,3,198,0,0,14,1,15,104,30,75,4,213,0,0,0,213
11/11/2016,DSM,IA,ACE,CE,Combined TRACON& Tower with Radar,94,26,45,0,165,0,1,43,0,44,94,27,88,0,209,20,0,20,229
11/12/2016,DSM,IA,ACE,CE,Combined TRACON& Tower with Radar,60,22,26,0,108,0,2,35,0,37,60,24,61,0,145,36,0,36,181
11/13/2016,DSM,IA,ACE,CE,Combined TRACON& Tower with Radar,91,15,16,0,122,0,3,21,0,24,91,18,37,0,146,12,0,12,158
11/14/2016,DSM,IA,ACE,CE,Combined TRACON& Tower with Radar,90,20,48,0,158,0,2,20,0,22,90,22,68,0,180,6,0,6,186
11/15/2016,DSM,IA,ACE,CE,Combined TRACON& Tower with Radar,95,19,50,0,164,0,6,26,2,34,95,25,76,2,198,24,0,24,222
11/16/2016,DSM,IA,ACE,CE,Combined TRACON& Tower with Radar,98,18,56,0,172,0,2,28,1,31,98,20,84,1,203,8,0,8,211
11/17/2016,DSM,IA,ACE,CE,Combined TRACON& Tower with Radar,98,23,54,0,175,0,4,16,0,20,98,27,70,0,195,0,0,0,195
11/18/2016,DSM,IA,ACE,CE,Combined TRACON& Tower with Radar,100,19,42,0,161,0,2,2,0,4,100,21,44,0,165,0,0,0,165
11/19/2016,DSM,IA,ACE,CE,Combined TRACON& Tower with Radar,68,15,19,0,102,0,1,9,0,10,68,16,28,0,112,2,0,2,114
11/20/2016,DSM,IA,ACE,CE,Combined TRACON& Tower with Radar,85,8,20,0,113,0,2,26,0,28,85,10,46,0,141,12,0,12,153
11/21/2016,DSM,IA,ACE,CE,Combined TRACON& Tower with Radar,81,15,49,22,167,0,6,20,0,26,81,21,69,22,193,19,30,49,242
11/22/2016,DSM,IA,ACE,CE,Combined TRACON& Tower with Radar,109,20,35,0,164,0,1,1,0,2,109,21,36,0,166,0,0,0,166
11/23/2016,DSM,IA,ACE,CE,Combined TRACON& Tower with Radar,102,24,34,1,161,0,0,2,0,2,102,24,36,1,163,0,0,0,163
11/24/2016,DSM,IA,ACE,CE,Combined TRACON& Tower with Radar,52,4,2,0,58,0,3,4,2,9,52,7,6,2,67,0,0,0,67
11/25/2016,DSM,IA,ACE,CE,Combined TRACON& Tower with Radar,78,14,19,0,111,0,2,15,0,17,78,16,34,0,128,1,0,1,129
11/26/2016,DSM,IA,ACE,CE,Combined TRACON& Tower with Radar,84,15,18,0,117,2,3,26,0,31,86,18,44,0,148,2,0,2,150
11/27/2016,DSM,IA,ACE,CE,Combined TRACON& Tower with Radar,113,28,27,0,168,0,3,7,0,10,113,31,34,0,178,4,0,4,182
11/28/2016,DSM,IA,ACE,CE,Combined TRACON& Tower with Radar,90,21,37,0,148,0,4,4,0,8,90,25,41,0,156,6,0,6,162
11/29/2016,DSM,IA,ACE,CE,Combined TRACON& Tower with Radar,102,24,61,6,193,0,6,23,2,31,102,30,84,8,224,17,4,21,245
11/30/2016,DSM,IA,ACE,CE,Combined TRACON& Tower with Radar,105,20,49,0,174,0,2,7,0,9,105,22,56,0,183,0,0,0,183
12/01/2016,DSM,IA,ACE,CE,Combined TRACON& Tower with Radar,106,32,57,4,199,0,1,5,2,8,106,33,62,6,207,0,2,2,209
12/02/2016,DSM,IA,ACE,CE,Combined TRACON& Tower with Radar,91,21,77,0,189,0,1,13,3,17,91,22,90,3,206,0,0,0,206
12/03/2016,DSM,IA,ACE,CE,Combined TRACON& Tower with Radar,54,15,17,0,86,0,1,36,0,37,54,16,53,0,123,16,0,16,139
12/04/2016,DSM,IA,ACE,CE,Combined TRACON& Tower with Radar,81,13,22,0,116,0,1,1,0,2,81,14,23,0,118,0,0,0,118
12/05/2016,DSM,IA,ACE,CE,Combined TRACON& Tower with Radar,94,22,56,0,172,0,4,14,0,18,94,26,70,0,190,4,0,4,194
12/06/2016,DSM,IA,ACE,CE,Combined TRACON& Tower with Radar,105,22,77,2,206,0,2,6,0,8,105,24,83,2,214,4,0,4,218
12/07/2016,DSM,IA,ACE,CE,Combined TRACON& Tower with Radar,98,19,65,0,182,0,5,23,3,31,98,24,88,3,213,6,0,6,219
12/08/2016,DSM,IA,ACE,CE,Combined TRACON& Tower with Radar,112,29,42,6,189,0,6,6,0,12,112,35,48,6,201,0,0,0,201
12/09/2016,DSM,IA,ACE,CE,Combined TRACON& Tower with Radar,88,21,32,0,141,0,5,33,0,38,88,26,65,0,179,12,1,13,192
12/10/2016,DSM,IA,ACE,CE,Combined TRACON& Tower with Radar,51,15,13,0,79,0,1,4,0,5,51,16,17,0,84,0,0,0,84
12/11/2016,DSM,IA,ACE,CE,Combined TRACON& Tower with Radar,80,10,12,0,102,0,0,2,0,2,80,10,14,0,104,0,0,0,104
12/12/2016,DSM,IA,ACE,CE,Combined TRACON& Tower with Radar,86,18,58,0,162,0,0,21,0,21,86,18,79,0,183,8,0,8,191
12/13/2016,DSM,IA,ACE,CE,Combined TRACON& Tower with Radar,115,31,51,2,199,0,1,25,0,26,115,32,76,2,225,14,0,14,239
12/14/2016,DSM,IA,ACE,CE,Combined TRACON& Tower with Radar,113,25,56,4,198,0,2,15,0,17,113,27,71,4,215,1,0,1,216
12/15/2016,DSM,IA,ACE,CE,Combined TRACON& Tower with Radar,122,30,53,2,207,0,2,10,3,15,122,32,63,5,222,2,0,2,224
12/16/2016,DSM,IA,ACE,CE,Combined TRACON& Tower with Radar,86,23,37,1,147,0,1,2,1,4,86,24,39,2,151,0,2,2,153
12/17/2016,DSM,IA,ACE,CE,Combined TRACON& Tower with Radar,55,19,18,1,93,0,0,0,0,0,55,19,18,1,93,0,0,0,93
12/18/2016,DSM,IA,ACE,CE,Combined TRACON& Tower with Radar,70,22,17,0,109,0,4,7,0,11,70,26,24,0,120,0,0,0,120
12/19/2016,DSM,IA,ACE,CE,Combined TRACON& Tower with Radar,94,25,48,0,167,0,4,19,0,23,94,29,67,0,190,6,0,6,196
12/20/2016,DSM,IA,ACE,CE,Combined TRACON& Tower with Radar,108,27,53,2,190,0,3,32,0,35,108,30,85,2,225,2,0,2,227
12/21/2016,DSM,IA,ACE,CE,Combined TRACON& Tower with Radar,116,25,42,0,183,0,9,32,4,45,116,34,74,4,228,2,0,2,230
12/22/2016,DSM,IA,ACE,CE,Combined TRACON& Tower with Radar,114,21,38,0,173,2,2,47,0,51,116,23,85,0,224,2,0,2,226
12/23/2016,DSM,IA,ACE,CE,Combined TRACON& Tower with Radar,89,23,12,0,124,0,1,5,0,6,89,24,17,0,130,0,0,0,130
12/24/2016,DSM,IA,ACE,CE,Combined TRACON& Tower with Radar,64,14,8,0,86,0,0,1,0,1,64,14,9,0,87,0,0,0,87
12/25/2016,DSM,IA,ACE,CE,Combined TRACON& Tower with Radar,67,11,1,0,79,0,1,0,0,1,67,12,1,0,80,0,0,0,80
12/26/2016,DSM,IA,ACE,CE,Combined TRACON& Tower with Radar,77,20,32,0,129,0,1,5,0,6,77,21,37,0,135,12,0,12,147
12/27/2016,DSM,IA,ACE,CE,Combined TRACON& Tower with Radar,92,18,47,0,157,0,2,45,0,47,92,20,92,0,204,12,0,12,216
12/28/2016,DSM,IA,ACE,CE,Combined TRACON& Tower with Radar,110,21,22,2,155,0,2,38,0,40,110,23,60,2,195,14,0,14,209
12/29/2016,DSM,IA,ACE,CE,Combined TRACON& Tower with Radar,105,17,25,0,147,0,0,5,0,5,105,17,30,0,152,0,0,0,152
12/30/2016,DSM,IA,ACE,CE,Combined TRACON& Tower with Radar,93,21,32,0,146,0,0,25,0,25,93,21,57,0,171,23,0,23,194
12/31/2016,DSM,IA,ACE,CE,Combined TRACON& Tower with Radar,57,20,11,0,88,0,0,19,0,19,57,20,30,0,107,18,0,18,125
01/01/2017,DSM,IA,ACE,CE,Combined TRACON& Tower with Radar,74,13,19,0,106,0,6,19,0,25,74,19,38,0,131,7,0,7,138
01/02/2017,DSM,IA,ACE,CE,Combined TRACON& Tower with Radar,83,18,13,0,114,0,0,1,0,1,83,18,14,0,115,0,0,0,115
01/03/2017,DSM,IA,ACE,CE,Combined TRACON& Tower with Radar,96,22,29,0,147,0,2,5,0,7,96,24,34,0,154,0,0,0,154
01/04/2017,DSM,IA,ACE,CE,Combined TRACON& Tower with Radar,89,25,26,4,144,0,2,14,0,16,89,27,40,4,160,1,0,1,161
01/05/2017,DSM,IA,ACE,CE,Combined TRACON& Tower with Radar,98,19,49,2,168,0,1,19,5,25,98,20,68,7,193,16,0,16,209
01/06/2017,DSM,IA,ACE,CE,Combined TRACON& Tower with Radar,83,20,39,5,147,0,3,12,3,18,83,23,51,8,165,6,6,12,177
01/07/2017,DSM,IA,ACE,CE,Combined TRACON& Tower with Radar,60,18,11,7,96,0,1,31,2,34,60,19,42,9,130,0,0,0,130
01/08/2017,DSM,IA,ACE,CE,Combined TRACON& Tower with Radar,89,27,21,4,141,0,2,18,1,21,89,29,39,5,162,16,0,16,178
01/09/2017,DSM,IA,ACE,CE,Combined TRACON& Tower with Radar,83,20,41,1,145,0,0,13,0,13,83,20,54,1,158,2,0,2,160
01/10/2017,DSM,IA,ACE,CE,Combined TRACON& Tower with Radar,92,19,50,18,179,0,3,5,0,8,92,22,55,18,187,2,0,2,189
01/11/2017,DSM,IA,ACE,CE,Combined TRACON& Tower with Radar,94,27,57,0,178,0,2,20,0,22,94,29,77,0,200,20,0,20,220
01/12/2017,DSM,IA,ACE,CE,Combined TRACON& Tower with Radar,98,34,41,4,177,0,5,27,5,37,98,39,68,9,214,46,8,54,268
01/13/2017,DSM,IA,ACE,CE,Combined TRACON& Tower with Radar,87,21,38,2,148,0,3,36,0,39,87,24,74,2,187,16,0,16,203
01/14/2017,DSM,IA,ACE,CE,Combined TRACON& Tower with Radar,57,10,30,0,97,0,3,35,0,38,57,13,65,0,135,11,0,11,146
01/15/2017,DSM,IA,ACE,CE,Combined TRACON& Tower with Radar,82,15,9,0,106,0,0,14,0,14,82,15,23,0,120,23,0,23,143
01/16/2017,DSM,IA,ACE,CE,Combined TRACON& Tower with Radar,63,18,13,1,95,0,0,0,0,0,63,18,13,1,95,0,0,0,95
01/17/2017,DSM,IA,ACE,CE,Combined TRACON& Tower with Radar,103,26,29,9,167,0,0,0,0,0,103,26,29,9,167,0,0,0,167
01/18/2017,DSM,IA,ACE,CE,Combined TRACON& Tower with Radar,92,28,75,9,204,0,0,25,9,34,92,28,100,18,238,6,22,28,266
01/19/2017,DSM,IA,ACE,CE,Combined TRACON& Tower with Radar,103,26,44,10,183,0,0,0,0,0,103,26,44,10,183,0,0,0,183
01/20/2017,DSM,IA,ACE,CE,Combined TRACON& Tower with Radar,88,19,22,4,133,0,0,0,0,0,88,19,22,4,133,0,0,0,133
01/21/2017,DSM,IA,ACE,CE,Combined TRACON& Tower with Radar,60,16,21,2,99,0,0,1,0,1,60,16,22,2,100,4,0,4,104
01/22/2017,DSM,IA,ACE,CE,Combined TRACON& Tower with Radar,87,18,27,2,134,0,0,0,0,0,87,18,27,2,134,0,0,0,134
01/23/2017,DSM,IA,ACE,CE,Combined TRACON& Tower with Radar,85,27,39,2,153,0,0,0,0,0,85,27,39,2,153,0,0,0,153
01/24/2017,DSM,IA,ACE,CE,Combined TRACON& Tower with Radar,95,24,42,3,164,0,0,4,0,4,95,24,46,3,168,1,1,2,170
01/25/2017,DSM,IA,ACE,CE,Combined TRACON& Tower with Radar,91,26,51,6,174,0,0,0,0,0,91,26,51,6,174,0,0,0,174
01/26/2017,DSM,IA,ACE,CE,Combined TRACON& Tower with Radar,101,32,61,4,198,0,1,3,2,6,101,33,64,6,204,3,1,4,208
01/27/2017,DSM,IA,ACE,CE,Combined TRACON& Tower with Radar,88,27,31,12,158,0,2,21,0,23,88,29,52,12,181,0,10,10,191
01/28/2017,DSM,IA,ACE,CE,Combined TRACON& Tower with Radar,59,14,7,0,80,0,0,6,0,6,59,14,13,0,86,0,0,0,86
01/29/2017,DSM,IA,ACE,CE,Combined TRACON& Tower with Radar,87,11,21,0,119,0,2,10,0,12,87,13,31,0,131,14,0,14,145
01/30/2017,DSM,IA,ACE,CE,Combined TRACON& Tower with Radar,84,21,42,2,149,0,3,9,0,12,84,24,51,2,161,0,0,0,161
01/31/2017,DSM,IA,ACE,CE,Combined TRACON& Tower with Radar,95,19,59,2,175,0,3,12,0,15,95,22,71,2,190,4,0,4,194
02/01/2017,DSM,IA,ACE,CE,Combined TRACON& Tower with Radar,98,24,68,2,192,0,1,17,4,22,98,25,85,6,214,20,0,20,234
02/02/2017,DSM,IA,ACE,CE,Combined TRACON& Tower with Radar,96,31,39,4,170,0,3,22,2,27,96,34,61,6,197,66,0,66,263
02/03/2017,DSM,IA,ACE,CE,Combined TRACON& Tower with Radar,90,22,55,2,169,1,5,39,0,45,91,27,94,2,214,14,0,14,228
02/04/2017,DSM,IA,ACE,CE,Combined TRACON& Tower with Radar,57,10,11,0,78,0,2,11,0,13,57,12,22,0,91,4,2,6,97
02/05/2017,DSM,IA,ACE,CE,Combined TRACON& Tower with Radar,83,10,24,4,121,0,3,22,3,28,83,13,46,7,149,12,0,12,161
02/06/2017,DSM,IA,ACE,CE,Combined TRACON& Tower with Radar,85,20,45,2,152,0,3,13,0,16,85,23,58,2,168,14,0,14,182
02/07/2017,DSM,IA,ACE,CE,Combined TRACON& Tower with Radar,102,28,39,8,177,0,0,2,0,2,102,28,41,8,179,1,0,1,180
02/08/2017,DSM,IA,ACE,CE,Combined TRACON& Tower with Radar,95,23,63,6,187,0,1,8,3,12,95,24,71,9,199,16,0,16,215
02/09/2017,DSM,IA,ACE,CE,Combined TRACON& Tower with Radar,98,20,56,4,178,0,0,15,2,17,98,20,71,6,195,14,2,16,211
02/10/2017,DSM,IA,ACE,CE,Combined TRACON& Tower with Radar,93,26,44,1,164,0,4,42,0,46,93,30,86,1,210,20,0,20,230
02/11/2017,DSM,IA,ACE,CE,Combined TRACON& Tower with Radar,58,19,18,2,97,0,2,25,0,27,58,21,43,2,124,8,0,8,132
02/12/2017,DSM,IA,ACE,CE,Combined TRACON& Tower with Radar,87,12,14,0,113,0,2,13,0,15,87,14,27,0,128,8,0,8,136
02/13/2017,DSM,IA,ACE,CE,Combined TRACON& Tower with Radar,87,14,59,4,164,2,6,21,0,29,89,20,80,4,193,8,0,8,201
02/14/2017,DSM,IA,ACE,CE,Combined TRACON& Tower with Radar,100,18,37,1,156,0,3,13,1,17,100,21,50,2,173,0,0,0,173
02/15/2017,DSM,IA,ACE,CE,Combined TRACON& Tower with Radar,98,31,50,2,181,0,1,28,2,31,98,32,78,4,212,0,0,0,212
02/16/2017,DSM,IA,ACE,CE,Combined TRACON& Tower with Radar,101,31,61,6,199,0,0,17,5,22,101,31,78,11,221,7,10,17,238
02/17/2017,DSM,IA,ACE,CE,Combined TRACON& Tower with Radar,86,31,34,5,156,0,3,23,0,26,86,34,57,5,182,14,0,14,196
02/18/2017,DSM,IA,ACE,CE,Combined TRACON& Tower with Radar,73,33,24,0,130,0,0,63,0,63,73,33,87,0,193,33,0,33,226
02/19/2017,DSM,IA,ACE,CE,Combined TRACON& Tower with Radar,88,26,14,0,128,0,9,41,0,50,88,35,55,0,178,19,0,19,197
02/20/2017,DSM,IA,ACE,CE,Combined TRACON& Tower with Radar,80,31,38,0,149,0,0,2,0,2,80,31,40,0,151,2,0,2,153
02/21/2017,DSM,IA,ACE,CE,Combined TRACON& Tower with Radar,100,34,69,3,206,0,7,37,0,44,100,41,106,3,250,12,0,12,262
02/22/2017,DSM,IA,ACE,CE,Combined TRACON& Tower with Radar,98,25,58,2,183,0,3,36,3,42,98,28,94,5,225,22,2,24,249
02/23/2017,DSM,IA,ACE,CE,Combined TRACON& Tower with Radar,101,31,57,1,190,0,5,2,0,7,101,36,59,1,197,0,0,0,197
02/24/2017,DSM,IA,ACE,CE,Combined TRACON& Tower with Radar,90,23,27,2,142,0,0,1,0,1,90,23,28,2,143,0,0,0,143
02/25/2017,DSM,IA,ACE,CE,Combined TRACON& Tower with Radar,52,23,27,2,104,0,2,9,0,11,52,25,36,2,115,4,0,4,119
02/26/2017,DSM,IA,ACE,CE,Combined TRACON& Tower with Radar,83,25,22,4,134,0,0,23,0,23,83,25,45,4,157,0,0,0,157
02/27/2017,DSM,IA,ACE,CE,Combined TRACON& Tower with Radar,85,34,53,3,175,0,3,23,1,27,85,37,76,4,202,24,0,24,226
02/28/2017,DSM,IA,ACE,CE,Combined TRACON& Tower with Radar,101,38,56,2,197,0,1,11,0,12,101,39,67,2,209,2,0,2,211
03/01/2017,DSM,IA,ACE,CE,Combined TRACON& Tower with Radar,90,40,49,13,192,0,0,0,4,4,90,40,49,17,196,4,0,4,200
03/02/2017,DSM,IA,ACE,CE,Combined TRACON& Tower with Radar,103,27,53,3,186,0,0,14,1,15,103,27,67,4,201,24,0,24,225
03/03/2017,DSM,IA,ACE,CE,Combined TRACON& Tower with Radar,87,29,50,1,167,0,6,27,0,33,87,35,77,1,200,0,0,0,200
03/04/2017,DSM,IA,ACE,CE,Combined TRACON& Tower with Radar,49,24,21,5,99,0,3,41,0,44,49,27,62,5,143,0,0,0,143
03/05/2017,DSM,IA,ACE,CE,Combined TRACON& Tower with Radar,86,31,30,5,152,0,3,14,4,21,86,34,44,9,173,10,0,10,183
03/06/2017,DSM,IA,ACE,CE,Combined TRACON& Tower with Radar,84,20,41,2,147,0,2,9,0,11,84,22,50,2,158,6,0,6,164
03/07/2017,DSM,IA,ACE,CE,Combined TRACON& Tower with Radar,103,28,55,4,190,0,1,5,0,6,103,29,60,4,196,0,0,0,196
03/08/2017,DSM,IA,ACE,CE,Combined TRACON& Tower with Radar,98,26,42,2,168,0,2,25,0,27,98,28,67,2,195,42,0,42,237
03/09/2017,DSM,IA,ACE,CE,Combined TRACON& Tower with Radar,102,29,74,3,208,0,7,20,0,27,102,36,94,3,235,6,2,8,243
03/10/2017,DSM,IA,ACE,CE,Combined TRACON& Tower with Radar,93,25,47,1,166,0,6,22,0,28,93,31,69,1,194,8,0,8,202
03/11/2017,DSM,IA,ACE,CE,Combined TRACON& Tower with Radar,63,26,17,1,107,0,1,11,1,13,63,27,28,2,120,4,0,4,124
03/12/2017,DSM,IA,ACE,CE,Combined TRACON& Tower with Radar,88,21,19,1,129,0,1,12,0,13,88,22,31,1,142,8,0,8,150
03/13/2017,DSM,IA,ACE,CE,Combined TRACON& Tower with Radar,80,23,33,2,138,0,1,2,0,3,80,24,35,2,141,2,0,2,143
03/14/2017,DSM,IA,ACE,CE,Combined TRACON& Tower with Radar,96,20,41,10,167,0,1,13,0,14,96,21,54,10,181,24,0,24,205
03/15/2017,DSM,IA,ACE,CE,Combined TRACON& Tower with Radar,100,26,34,0,160,0,0,30,0,30,100,26,64,0,190,17,0,17,207
03/16/2017,DSM,IA,ACE,CE,Combined TRACON& Tower with Radar,102,20,47,24,193,0,4,11,0,15,102,24,58,24,208,0,6,6,214
03/17/2017,DSM,IA,ACE,CE,Combined TRACON& Tower with Radar,91,20,32,5,148,0,2,16,0,18,91,22,48,5,166,14,0,14,180
03/18/2017,DSM,IA,ACE,CE,Combined TRACON& Tower with Radar,62,23,27,0,112,0,4,28,0,32,62,27,55,0,144,22,0,22,166
03/19/2017,DSM,IA,ACE,CE,Combined TRACON& Tower with Radar,87,17,37,0,141,0,0,15,0,15,87,17,52,0,156,10,0,10,166
03/20/2017,DSM,IA,ACE,CE,Combined TRACON& Tower with Radar,87,30,35,2,154,0,8,18,0,26,87,38,53,2,180,8,0,8,188
03/21/2017,DSM,IA,ACE,CE,Combined TRACON& Tower with Radar,104,26,33,2,165,0,3,8,0,11,104,29,41,2,176,0,0,0,176
03/22/2017,DSM,IA,ACE,CE,Combined TRACON& Tower with Radar,99,24,49,2,174,0,3,17,5,25,99,27,66,7,199,44,0,44,243
03/23/2017,DSM,IA,ACE,CE,Combined TRACON& Tower with Radar,98,27,52,0,177,0,2,19,6,27,98,29,71,6,204,19,1,20,224
03/24/2017,DSM,IA,ACE,CE,Combined TRACON& Tower with Radar,92,22,36,3,153,0,0,5,3,8,92,22,41,6,161,4,2,6,167
03/25/2017,DSM,IA,ACE,CE,Combined TRACON& Tower with Radar,56,16,14,1,87,0,0,0,0,0,56,16,14,1,87,0,0,0,87
03/26/2017,DSM,IA,ACE,CE,Combined TRACON& Tower with Radar,86,16,17,0,119,0,0,0,0,0,86,16,17,0,119,0,0,0,119
03/27/2017,DSM,IA,ACE,CE,Combined TRACON& Tower with Radar,88,25,42,0,155,0,1,2,0,3,88,26,44,0,158,6,0,6,164
03/28/2017,DSM,IA,ACE,CE,Combined TRACON& Tower with Radar,99,22,72,0,193,0,3,12,0,15,99,25,84,0,208,2,0,2,210
03/29/2017,DSM,IA,ACE,CE,Combined TRACON& Tower with Radar,96,33,46,0,175,0,0,1,0,1,96,33,47,0,176,1,0,1,177
03/30/2017,DSM,IA,ACE,CE,Combined TRACON& Tower with Radar,101,27,40,1,169,0,0,0,0,0,101,27,40,1,169,0,0,0,169
03/31/2017,DSM,IA,ACE,CE,Combined TRACON& Tower with Radar,88,24,53,0,165,0,2,8,0,10,88,26,61,0,175,10,0,10,185
04/01/2017,DSM,IA,ACE,CE,Combined TRACON& Tower with Radar,58,17,19,0,94,0,1,54,0,55,58,18,73,0,149,21,0,21,170
04/02/2017,DSM,IA,ACE,CE,Combined TRACON& Tower with Radar,86,18,19,2,125,0,1,3,0,4,86,19,22,2,129,0,0,0,129
04/03/2017,DSM,IA,ACE,CE,Combined TRACON& Tower with Radar,82,20,49,0,151,0,0,0,0,0,82,20,49,0,151,0,0,0,151
04/04/2017,DSM,IA,ACE,CE,Combined TRACON& Tower with Radar,104,15,49,7,175,1,1,9,0,11,105,16,58,7,186,0,0,0,186
04/05/2017,DSM,IA,ACE,CE,Combined TRACON& Tower with Radar,93,28,58,0,179,0,0,9,2,11,93,28,67,2,190,8,0,8,198
04/06/2017,DSM,IA,ACE,CE,Combined TRACON& Tower with Radar,100,16,70,2,188,0,1,27,2,30,100,17,97,4,218,18,0,18,236
04/07/2017,DSM,IA,ACE,CE,Combined TRACON& Tower with Radar,90,19,41,4,154,0,4,28,0,32,90,23,69,4,186,6,0,6,192
04/08/2017,DSM,IA,ACE,CE,Combined TRACON& Tower with Radar,51,22,18,0,91,0,2,27,1,30,51,24,45,1,121,0,0,0,121
04/09/2017,DSM,IA,ACE,CE,Combined TRACON& Tower with Radar,84,20,20,0,124,0,2,13,0,15,84,22,33,0,139,8,0,8,147
04/10/2017,DSM,IA,ACE,CE,Combined TRACON& Tower with Radar,89,23,46,0,158,0,0,12,0,12,89,23,58,0,170,0,0,0,170
04/11/2017,DSM,IA,ACE,CE,Combined TRACON& Tower with Radar,109,26,54,13,202,0,4,25,0,29,109,30,79,13,231,12,10,22,253
04/12/2017,DSM,IA,ACE,CE,Combined TRACON& Tower with Radar,100,32,54,4,190,0,1,19,4,24,100,33,73,8,214,6,4,10,224
04/13/2017,DSM,IA,ACE,CE,Combined TRACON& Tower with Radar,106,17,66,4,193,0,1,17,0,18,106,18,83,4,211,2,0,2,213
04/14/2017,DSM,IA,ACE,CE,Combined TRACON& Tower with Radar,92,13,33,5,143,0,1,8,0,9,92,14,41,5,152,4,0,4,156
04/15/2017,DSM,IA,ACE,CE,Combined TRACON& Tower with Radar,53,21,16,3,93,0,0,7,0,7,53,21,23,3,100,2,0,2,102
04/16/2017,DSM,IA,ACE,CE,Combined TRACON& Tower with Radar,85,12,13,0,110,0,5,20,0,25,85,17,33,0,135,2,0,2,137
04/17/2017,DSM,IA,ACE,CE,Combined TRACON& Tower with Radar,84,14,50,0,148,0,5,34,0,39,84,19,84,0,187,46,0,46,233
04/18/2017,DSM,IA,ACE,CE,Combined TRACON& Tower with Radar,103,20,53,0,176,0,1,10,2,13,103,21,63,2,189,0,0,0,189
04/19/2017,DSM,IA,ACE,CE,Combined TRACON& Tower with Radar,103,18,46,2,169,0,4,8,0,12,103,22,54,2,181,12,0,12,193
04/20/2017,DSM,IA,ACE,CE,Combined TRACON& Tower with Radar,105,16,60,12,193,0,1,9,2,12,105,17,69,14,205,0,2,2,207
04/21/2017,DSM,IA,ACE,CE,Combined TRACON& Tower with Radar,91,15,36,5,147,0,5,39,2,46,91,20,75,7,193,26,8,34,227
04/22/2017,DSM,IA,ACE,CE,Combined TRACON& Tower with Radar,54,18,22,2,96,0,2,49,1,52,54,20,71,3,148,20,0,20,168
04/23/2017,DSM,IA,ACE,CE,Combined TRACON& Tower with Radar,82,13,22,7,124,0,2,56,1,59,82,15,78,8,183,26,2,28,211
04/24/2017,DSM,IA,ACE,CE,Combined TRACON& Tower with Radar,93,25,41,2,161,0,3,10,1,14,93,28,51,3,175,0,0,0,175
04/25/2017,DSM,IA,ACE,CE,Combined TRACON& Tower with Radar,96,18,50,18,182,0,0,10,0,10,96,18,60,18,192,0,24,24,216
04/26/2017,DSM,IA,ACE,CE,Combined TRACON& Tower with Radar,102,29,59,4,194,1,1,4,0,6,103,30,63,4,200,0,0,0,200
04/27/2017,DSM,IA,ACE,CE,Combined TRACON& Tower with Radar,102,30,50,3,185,0,2,29,3,34,102,32,79,6,219,16,2,18,237
04/28/2017,DSM,IA,ACE,CE,Combined TRACON& Tower with Radar,97,17,33,2,149,0,1,4,0,5,97,18,37,2,154,0,0,0,154
04/29/2017,DSM,IA,ACE,CE,Combined TRACON& Tower with Radar,50,25,9,0,84,0,2,13,0,15,50,27,22,0,99,0,0,0,99
04/30/2017,DSM,IA,ACE,CE,Combined TRACON& Tower with Radar,90,19,18,0,127,0,0,0,0,0,90,19,18,0,127,0,0,0,127
05/01/2017,DSM,IA,ACE,CE,Combined TRACON& Tower with Radar,98,12,46,5,161,0,0,7,0,7,98,12,53,5,168,0,4,4,172
05/02/2017,DSM,IA,ACE,CE,Combined TRACON& Tower with Radar,101,9,55,15,180,0,2,34,11,47,101,11,89,26,227,12,28,40,267
05/03/2017,DSM,IA,ACE,CE,Combined TRACON& Tower with Radar,108,26,47,17,198,0,5,33,14,52,108,31,80,31,250,14,32,46,296
05/04/2017,DSM,IA,ACE,CE,Combined TRACON& Tower with Radar,108,16,53,8,185,0,4,24,7,35,108,20,77,15,220,2,11,13,233
05/05/2017,DSM,IA,ACE,CE,Combined TRACON& Tower with Radar,98,15,40,7,160,0,3,42,6,51,98,18,82,13,211,22,10,32,243
05/06/2017,DSM,IA,ACE,CE,Combined TRACON& Tower with Radar,60,14,23,0,97,0,4,40,0,44,60,18,63,0,141,0,0,0,141
05/07/2017,DSM,IA,ACE,CE,Combined TRACON& Tower with Radar,92,18,36,0,146,0,4,30,0,34,92,22,66,0,180,24,0,24,204
05/08/2017,DSM,IA,ACE,CE,Combined TRACON& Tower with Radar,99,14,48,1,162,0,1,19,1,21,99,15,67,2,183,18,0,18,201
05/09/2017,DSM,IA,ACE,CE,Combined TRACON& Tower with Radar,111,11,62,1,185,0,3,34,1,38,111,14,96,2,223,34,0,34,257
05/10/2017,DSM,IA,ACE,CE,Combined TRACON& Tower with Radar,109,19,42,3,173,0,0,7,0,7,109,19,49,3,180,4,0,4,184
05/11/2017,DSM,IA,ACE,CE,Combined TRACON& Tower with Radar,105,21,61,2,189,0,2,20,3,25,105,23,81,5,214,14,0,14,228
05/12/2017,DSM,IA,ACE,CE,Combined TRACON& Tower with Radar,106,14,52,1,173,0,3,23,0,26,106,17,75,1,199,2,0,2,201
05/13/2017,DSM,IA,ACE,CE,Combined TRACON& Tower with Radar,59,12,22,0,93,0,0,54,0,54,59,12,76,0,147,8,0,8,155
05/14/2017,DSM,IA,ACE,CE,Combined TRACON& Tower with Radar,83,10,18,0,111,0,1,24,0,25,83,11,42,0,136,2,0,2,138
05/15/2017,DSM,IA,ACE,CE,Combined TRACON& Tower with Radar,98,12,54,1,165,0,2,14,2,18,98,14,68,3,183,0,0,0,183
05/16/2017,DSM,IA,ACE,CE,Combined TRACON& Tower with Radar,108,12,50,5,175,0,3,13,0,16,108,15,63,5,191,10,6,16,207
05/17/2017,DSM,IA,ACE,CE,Combined TRACON& Tower with Radar,109,30,45,5,189,0,6,8,3,17,109,36,53,8,206,0,8,8,214
05/18/2017,DSM,IA,ACE,CE,Combined TRACON& Tower with Radar,106,11,64,47,228,0,4,20,0,24,106,15,84,47,252,32,40,72,324
05/19/2017,DSM,IA,ACE,CE,Combined TRACON& Tower with Radar,103,13,57,0,173,0,0,0,0,0,103,13,57,0,173,0,1,1,174
05/20/2017,DSM,IA,ACE,CE,Combined TRACON& Tower with Radar,61,14,31,0,106,0,0,2,0,2,61,14,33,0,108,0,0,0,108
05/21/2017,DSM,IA,ACE,CE,Combined TRACON& Tower with Radar,93,17,30,0,140,0,8,14,0,22,93,25,44,0,162,6,0,6,168
05/22/2017,DSM,IA,ACE,CE,Combined TRACON& Tower with Radar,97,18,58,0,173,0,2,22,0,24,97,20,80,0,197,0,0,0,197
05/23/2017,DSM,IA,ACE,CE,Combined TRACON& Tower with Radar,106,16,59,0,181,0,4,17,2,23,106,20,76,2,204,8,0,8,212
05/24/2017,DSM,IA,ACE,CE,Combined TRACON& Tower with Radar,106,14,63,14,197,2,0,9,4,15,108,14,72,18,212,6,0,6,218
05/25/2017,DSM,IA,ACE,CE,Combined TRACON& Tower with Radar,108,10,66,5,189,2,4,35,5,46,110,14,101,10,235,14,0,14,249
05/26/2017,DSM,IA,ACE,CE,Combined TRACON& Tower with Radar,102,12,44,9,167,0,2,38,0,40,102,14,82,9,207,8,18,26,233
05/27/2017,DSM,IA,ACE,CE,Combined TRACON& Tower with Radar,57,12,16,0,85,0,4,16,0,20,57,16,32,0,105,6,0,6,111
05/28/2017,DSM,IA,ACE,CE,Combined TRACON& Tower with Radar,77,14,11,0,102,0,0,32,0,32,77,14,43,0,134,20,0,20,154
05/29/2017,DSM,IA,ACE,CE,Combined TRACON& Tower with Radar,86,8,25,0,119,0,1,17,0,18,86,9,42,0,137,2,0,2,139
05/30/2017,DSM,IA,ACE,CE,Combined TRACON& Tower with Radar,94,19,61,3,177,0,3,11,4,18,94,22,72,7,195,0,0,0,195
05/31/2017,DSM,IA,ACE,CE,Combined TRACON& Tower with Radar,107,11,80,1,199,0,1,31,2,34,107,12,111,3,233,10,0,10,243
06/01/2017,DSM,IA,ACE,CE,Combined TRACON& Tower with Radar,113,14,60,2,189,0,2,37,0,39,113,16,97,2,228,52,0,52,280
06/02/2017,DSM,IA,ACE,CE,Combined TRACON& Tower with Radar,97,7,54,4,162,0,3,18,0,21,97,10,72,4,183,10,0,10,193
06/03/2017,DSM,IA,ACE,CE,Combined TRACON& Tower with Radar,55,8,22,6,91,0,1,24,13,38,55,9,46,19,129,20,0,20,149
06/04/2017,DSM,IA,ACE,CE,Combined TRACON& Tower with Radar,93,11,22,1,127,0,3,26,0,29,93,14,48,1,156,20,1,21,177
06/05/2017,DSM,IA,ACE,CE,Combined TRACON& Tower with Radar,93,18,43,0,154,0,0,36,0,36,93,18,79,0,190,26,0,26,216
06/06/2017,DSM,IA,ACE,CE,Combined TRACON& Tower with Radar,102,22,63,0,187,0,3,36,0,39,102,25,99,0,226,18,0,18,244
06/07/2017,DSM,IA,ACE,CE,Combined TRACON& Tower with Radar,108,19,80,0,207,0,3,35,0,38,108,22,115,0,245,4,0,4,249
06/08/2017,DSM,IA,ACE,CE,Combined TRACON& Tower with Radar,104,19,80,0,203,0,0,31,0,31,104,19,111,0,234,38,0,38,272
06/09/2017,DSM,IA,ACE,CE,Combined TRACON& Tower with Radar,95,18,49,5,167,0,1,32,0,33,95,19,81,5,200,2,0,2,202
06/10/2017,DSM,IA,ACE,CE,Combined TRACON& Tower with Radar,59,12,25,0,96,0,0,17,0,17,59,12,42,0,113,0,0,0,113
06/11/2017,DSM,IA,ACE,CE,Combined TRACON& Tower with Radar,89,20,29,3,141,0,6,13,0,19,89,26,42,3,160,0,0,0,160
06/12/2017,DSM,IA,ACE,CE,Combined TRACON& Tower with Radar,91,25,44,0,160,0,5,38,4,47,91,30,82,4,207,82,0,82,289
06/13/2017,DSM,IA,ACE,CE,Combined TRACON& Tower with Radar,98,29,56,2,185,0,1,15,0,16,98,30,71,2,201,8,0,8,209
06/14/2017,DSM,IA,ACE,CE,Combined TRACON& Tower with Radar,111,18,42,1,172,0,0,27,0,27,111,18,69,1,199,24,0,24,223
06/15/2017,DSM,IA,ACE,CE,Combined TRACON& Tower with Radar,102,29,65,0,196,0,3,24,0,27,102,32,89,0,223,2,0,2,225
06/16/2017,DSM,IA,ACE,CE,Combined TRACON& Tower with Radar,94,21,48,0,163,0,3,26,4,33,94,24,74,4,196,6,0,6,202
06/17/2017,DSM,IA,ACE,CE,Combined TRACON& Tower with Radar,74,13,17,1,105,0,4,7,0,11,74,17,24,1,116,36,0,36,152
06/18/2017,DSM,IA,ACE,CE,Combined TRACON& Tower with Radar,79,26,13,2,120,0,0,9,0,9,79,26,22,2,129,11,0,11,140
06/19/2017,DSM,IA,ACE,CE,Combined TRACON& Tower with Radar,92,20,75,1,188,0,2,28,0,30,92,22,103,1,218,2,0,2,220
06/20/2017,DSM,IA,ACE,CE,Combined TRACON& Tower with Radar,101,24,65,0,190,0,4,31,1,36,101,28,96,1,226,20,0,20,246
06/21/2017,DSM,IA,ACE,CE,Combined TRACON& Tower with Radar,99,22,64,4,189,0,0,16,0,16,99,22,80,4,205,0,0,0,205
06/22/2017,DSM,IA,ACE,CE,Combined TRACON& Tower with Radar,104,34,79,1,218,0,2,22,3,27,104,36,101,4,245,18,0,18,263
06/23/2017,DSM,IA,ACE,CE,Combined TRACON& Tower with Radar,90,20,67,2,179,0,1,28,1,30,90,21,95,3,209,4,0,4,213
06/24/2017,DSM,IA,ACE,CE,Combined TRACON& Tower with Radar,69,16,27,0,112,0,3,45,0,48,69,19,72,0,160,15,0,15,175
06/25/2017,DSM,IA,ACE,CE,Combined TRACON& Tower with Radar,83,35,50,0,168,0,3,63,0,66,83,38,113,0,234,10,0,10,244
06/26/2017,DSM,IA,ACE,CE,Combined TRACON& Tower with Radar,87,28,69,0,184,0,1,11,0,12,87,29,80,0,196,34,0,34,230
06/27/2017,DSM,IA,ACE,CE,Combined TRACON& Tower with Radar,97,22,60,3,182,0,4,24,0,28,97,26,84,3,210,22,0,22,232
06/28/2017,DSM,IA,ACE,CE,Combined TRACON& Tower with Radar,93,28,53,0,174,0,1,19,0,20,93,29,72,0,194,2,0,2,196
06/29/2017,DSM,IA,ACE,CE,Combined TRACON& Tower with Radar,105,28,54,1,188,0,3,19,0,22,105,31,73,1,210,1,0,1,211
06/30/2017,DSM,IA,ACE,CE,Combined TRACON& Tower with Radar,100,32,55,0,187,0,4,28,2,34,100,36,83,2,221,6,0,6,227
07/01/2017,DSM,IA,ACE,CE,Combined TRACON& Tower with Radar,58,20,19,0,97,0,4,41,0,45,58,24,60,0,142,2,0,2,144
07/02/2017,DSM,IA,ACE,CE,Combined TRACON& Tower with Radar,71,7,16,0,94,0,3,13,0,16,71,10,29,0,110,4,0,4,114
07/03/2017,DSM,IA,ACE,CE,Combined TRACON& Tower with Radar,69,8,22,0,99,0,2,17,0,19,69,10,39,0,118,4,0,4,122
07/04/2017,DSM,IA,ACE,CE,Combined TRACON& Tower with Radar,68,6,13,0,87,0,6,14,0,20,68,12,27,0,107,2,0,2,109
07/05/2017,DSM,IA,ACE,CE,Combined TRACON& Tower with Radar,94,19,43,0,156,0,3,31,0,34,94,22,74,0,190,5,0,5,195
07/06/2017,DSM,IA,ACE,CE,Combined TRACON& Tower with Radar,101,19,51,2,173,0,3,30,0,33,101,22,81,2,206,36,0,36,242
07/07/2017,DSM,IA,ACE,CE,Combined TRACON& Tower with Radar,92,25,53,17,187,1,5,29,0,35,93,30,82,17,222,0,12,12,234
07/08/2017,DSM,IA,ACE,CE,Combined TRACON& Tower with Radar,58,21,30,0,109,0,4,24,0,28,58,25,54,0,137,0,0,0,137
07/09/2017,DSM,IA,ACE,CE,Combined TRACON& Tower with Radar,86,27,28,0,141,0,1,38,0,39,86,28,66,0,180,0,0,0,180
07/10/2017,DSM,IA,ACE,CE,Combined TRACON& Tower with Radar,83,21,61,0,165,2,2,21,0,25,85,23,82,0,190,0,0,0,190
07/11/2017,DSM,IA,ACE,CE,Combined TRACON& Tower with Radar,98,19,44,0,161,0,3,21,0,24,98,22,65,0,185,2,0,2,187
07/12/2017,DSM,IA,ACE,CE,Combined TRACON& Tower with Radar,91,17,52,2,162,0,5,10,7,22,91,22,62,9,184,52,32,84,268
07/13/2017,DSM,IA,ACE,CE,Combined TRACON& Tower with Radar,106,27,58,3,194,0,8,50,0,58,106,35,108,3,252,12,0,12,264
07/14/2017,DSM,IA,ACE,CE,Combined TRACON& Tower with Radar,90,19,64,9,182,0,4,41,0,45,90,23,105,9,227,2,4,6,233
07/15/2017,DSM,IA,ACE,CE,Combined TRACON& Tower with Radar,58,18,30,0,106,0,1,32,0,33,58,19,62,0,139,6,0,6,145
07/16/2017,DSM,IA,ACE,CE,Combined TRACON& Tower with Radar,82,26,36,2,146,0,3,26,0,29,82,29,62,2,175,24,0,24,199
07/17/2017,DSM,IA,ACE,CE,Combined TRACON& Tower with Radar,83,24,52,2,161,0,2,16,0,18,83,26,68,2,179,14,0,14,193
07/18/2017,DSM,IA,ACE,CE,Combined TRACON& Tower with Radar,88,25,48,4,165,0,1,21,0,22,88,26,69,4,187,23,0,23,210
07/19/2017,DSM,IA,ACE,CE,Combined TRACON& Tower with Radar,90,27,38,4,159,0,1,22,5,28,90,28,60,9,187,0,1,1,188
07/20/2017,DSM,IA,ACE,CE,Combined TRACON& Tower with Radar,86,32,56,0,174,0,2,25,1,28,86,34,81,1,202,30,0,30,232
07/21/2017,DSM,IA,ACE,CE,Combined TRACON& Tower with Radar,93,21,56,25,195,0,0,24,14,38,93,21,80,39,233,8,32,40,273
07/22/2017,DSM,IA,ACE,CE,Combined TRACON& Tower with Radar,58,24,27,8,117,0,2,33,0,35,58,26,60,8,152,22,0,22,174
07/23/2017,DSM,IA,ACE,CE,Combined TRACON& Tower with Radar,87,35,30,0,152,0,7,47,0,54,87,42,77,0,206,7,0,7,213
07/24/2017,DSM,IA,ACE,CE,Combined TRACON& Tower with Radar,83,26,37,3,149,0,1,32,0,33,83,27,69,3,182,18,0,18,200
07/25/2017,DSM,IA,ACE,CE,Combined TRACON& Tower with Radar,85,24,50,7,166,0,4,14,22,40,85,28,64,29,206,2,30,32,238
07/26/2017,DSM,IA,ACE,CE,Combined TRACON& Tower with Radar,85,28,56,1,170,0,1,10,0,11,85,29,66,1,181,0,0,0,181
07/27/2017,DSM,IA,ACE,CE,Combined TRACON& Tower with Radar,90,45,66,15,216,0,3,41,2,46,90,48,107,17,262,65,8,73,335
07/28/2017,DSM,IA,ACE,CE,Combined TRACON& Tower with Radar,90,33,66,12,201,0,6,36,3,45,90,39,102,15,246,37,12,49,295
07/29/2017,DSM,IA,ACE,CE,Combined TRACON& Tower with Radar,65,20,50,0,135,0,0,40,0,40,65,20,90,0,175,0,0,0,175
07/30/2017,DSM,IA,ACE,CE,Combined TRACON& Tower with Radar,83,28,48,1,160,0,2,19,3,24,83,30,67,4,184,23,2,25,209
07/31/2017,DSM,IA,ACE,CE,Combined TRACON& Tower with Radar,82,33,49,0,164,0,5,37,0,42,82,38,86,0,206,36,0,36,242
08/01/2017,DSM,IA,ACE,CE,Combined TRACON& Tower with Radar,87,34,57,0,178,0,5,23,0,28,87,39,80,0,206,38,2,40,246
08/02/2017,DSM,IA,ACE,CE,Combined TRACON& Tower with Radar,85,28,58,2,173,0,3,39,5,47,85,31,97,7,220,40,0,40,260
08/03/2017,DSM,IA,ACE,CE,Combined TRACON& Tower with Radar,91,23,36,1,151,0,2,8,1,11,91,25,44,2,162,2,0,2,164
08/04/2017,DSM,IA,ACE,CE,Combined TRACON& Tower with Radar,89,29,48,2,168,0,5,35,2,42,89,34,83,4,210,2,0,2,212
08/05/2017,DSM,IA,ACE,CE,Combined TRACON& Tower with Radar,61,23,22,1,107,0,2,21,18,41,61,25,43,19,148,14,40,54,202
08/06/2017,DSM,IA,ACE,CE,Combined TRACON& Tower with Radar,84,23,26,0,133,0,1,14,0,15,84,24,40,0,148,8,0,8,156
08/07/2017,DSM,IA,ACE,CE,Combined TRACON& Tower with Radar,84,21,59,15,179,0,3,9,0,12,84,24,68,15,191,6,0,6,197
08/08/2017,DSM,IA,ACE,CE,Combined TRACON& Tower with Radar,84,31,62,4,181,0,1,45,11,57,84,32,107,15,238,40,0,40,278
08/09/2017,DSM,IA,ACE,CE,Combined TRACON& Tower with Radar,86,22,63,21,192,0,3,27,5,35,86,25,90,26,227,16,18,34,261
08/10/2017,DSM,IA,ACE,CE,Combined TRACON& Tower with Radar,93,22,56,1,172,0,0,23,0,23,93,22,79,1,195,20,0,20,215
08/11/2017,DSM,IA,ACE,CE,Combined TRACON& Tower with Radar,88,30,84,2,204,0,1,41,0,42,88,31,125,2,246,42,0,42,288
08/12/2017,DSM,IA,ACE,CE,Combined TRACON& Tower with Radar,59,18,8,0,85,0,2,36,0,38,59,20,44,0,123,16,0,16,139
08/13/2017,DSM,IA,ACE,CE,Combined TRACON& Tower with Radar,82,32,26,0,140,0,2,43,2,47,82,34,69,2,187,52,5,57,244
08/14/2017,DSM,IA,ACE,CE,Combined TRACON& Tower with Radar,86,26,63,2,177,0,1,16,0,17,86,27,79,2,194,66,0,66,260
08/15/2017,DSM,IA,ACE,CE,Combined TRACON& Tower with Radar,86,23,77,3,189,0,1,10,0,11,86,24,87,3,200,10,0,10,210
08/16/2017,DSM,IA,ACE,CE,Combined TRACON& Tower with Radar,86,29,65,9,189,0,3,21,0,24,86,32,86,9,213,18,6,24,237
08/17/2017,DSM,IA,ACE,CE,Combined TRACON& Tower with Radar,91,41,75,4,211,0,0,22,2,24,91,41,97,6,235,0,0,0,235
08/18/2017,DSM,IA,ACE,CE,Combined TRACON& Tower with Radar,87,33,55,4,179,0,1,45,0,46,87,34,100,4,225,42,0,42,267
08/19/2017,DSM,IA,ACE,CE,Combined TRACON& Tower with Radar,58,13,19,0,90,0,2,35,0,37,58,15,54,0,127,1,0,1,128
08/20/2017,DSM,IA,ACE,CE,Combined TRACON& Tower with Radar,79,33,47,0,159,0,1,40,0,41,79,34,87,0,200,20,0,20,220
08/21/2017,DSM,IA,ACE,CE,Combined TRACON& Tower with Radar,82,29,53,0,164,2,3,19,3,27,84,32,72,3,191,6,0,6,197
08/22/2017,DSM,IA,ACE,CE,Combined TRACON& Tower with Radar,80,23,57,0,160,0,1,19,4,24,80,24,76,4,184,18,0,18,202
08/23/2017,DSM,IA,ACE,CE,Combined TRACON& Tower with Radar,82,30,70,9,191,0,1,42,0,43,82,31,112,9,234,2,0,2,236
08/24/2017,DSM,IA,ACE,CE,Combined TRACON& Tower with Radar,89,25,70,2,186,0,2,45,4,51,89,27,115,6,237,6,0,6,243
08/25/2017,DSM,IA,ACE,CE,Combined TRACON& Tower with Radar,92,23,39,4,158,3,2,22,1,28,95,25,61,5,186,0,0,0,186
08/26/2017,DSM,IA,ACE,CE,Combined TRACON& Tower with Radar,61,10,22,1,94,0,4,30,0,34,61,14,52,1,128,4,0,4,132
08/27/2017,DSM,IA,ACE,CE,Combined TRACON& Tower with Radar,90,11,32,0,133,0,2,22,0,24,90,13,54,0,157,18,0,18,175
08/28/2017,DSM,IA,ACE,CE,Combined TRACON& Tower with Radar,94,10,62,0,166,0,2,30,0,32,94,12,92,0,198,0,8,8,206
08/29/2017,DSM,IA,ACE,CE,Combined TRACON& Tower with Radar,84,14,54,3,155,0,2,27,0,29,84,16,81,3,184,0,0,0,184
08/30/2017,DSM,IA,ACE,CE,Combined TRACON& Tower with Radar,94,6,56,0,156,0,2,38,7,47,94,8,94,7,203,12,0,12,215
08/31/2017,DSM,IA,ACE,CE,Combined TRACON& Tower with Radar,93,21,64,0,178,0,2,36,0,38,93,23,100,0,216,15,0,15,231
09/01/2017,DSM,IA,ACE,CE,Combined TRACON& Tower with Radar,98,19,57,0,174,0,1,34,2,37,98,20,91,2,211,0,0,0,211
09/02/2017,DSM,IA,ACE,CE,Combined TRACON& Tower with Radar,56,8,19,0,83,0,3,36,0,39,56,11,55,0,122,12,0,12,134
09/03/2017,DSM,IA,ACE,CE,Combined TRACON& Tower with Radar,57,9,17,0,83,0,5,28,0,33,57,14,45,0,116,0,0,0,116
09/04/2017,DSM,IA,ACE,CE,Combined TRACON& Tower with Radar,77,8,28,0,113,0,2,22,0,24,77,10,50,0,137,0,0,0,137
09/05/2017,DSM,IA,ACE,CE,Combined TRACON& Tower with Radar,77,14,47,2,140,0,1,11,0,12,77,15,58,2,152,0,0,0,152
09/06/2017,DSM,IA,ACE,CE,Combined TRACON& Tower with Radar,80,15,65,4,164,0,3,47,0,50,80,18,112,4,214,1,0,1,215
09/07/2017,DSM,IA,ACE,CE,Combined TRACON& Tower with Radar,83,14,69,0,166,0,2,28,4,34,83,16,97,4,200,9,0,9,209
09/08/2017,DSM,IA,ACE,CE,Combined TRACON& Tower with Radar,76,14,54,5,149,0,3,40,2,45,76,17,94,7,194,2,10,12,206
09/09/2017,DSM,IA,ACE,CE,Combined TRACON& Tower with Radar,55,9,15,3,82,0,1,22,0,23,55,10,37,3,105,32,0,32,137
09/10/2017,DSM,IA,ACE,CE,Combined TRACON& Tower with Radar,79,11,35,0,125,0,0,51,0,51,79,11,86,0,176,14,0,14,190
09/11/2017,DSM,IA,ACE,CE,Combined TRACON& Tower with Radar,80,21,40,0,141,0,3,29,0,32,80,24,69,0,173,30,0,30,203
09/12/2017,DSM,IA,ACE,CE,Combined TRACON& Tower with Radar,93,31,68,0,192,0,4,47,1,52,93,35,115,1,244,44,0,44,288
09/13/2017,DSM,IA,ACE,CE,Combined TRACON& Tower with Radar,87,34,67,0,188,0,4,27,0,31,87,38,94,0,219,24,0,24,243
09/14/2017,DSM,IA,ACE,CE,Combined TRACON& Tower with Radar,93,21,44,0,158,0,5,28,2,35,93,26,72,2,193,12,0,12,205
09/15/2017,DSM,IA,ACE,CE,Combined TRACON& Tower with Radar,97,23,65,1,186,0,6,28,0,34,97,29,93,1,220,8,0,8,228
09/16/2017,DSM,IA,ACE,CE,Combined TRACON& Tower with Radar,62,10,23,2,97,0,2,15,0,17,62,12,38,2,114,0,0,0,114
09/17/2017,DSM,IA,ACE,CE,Combined TRACON& Tower with Radar,85,28,44,3,160,0,2,13,0,15,85,30,57,3,175,0,0,0,175
09/18/2017,DSM,IA,ACE,CE,Combined TRACON& Tower with Radar,91,23,48,0,162,1,1,22,0,24,92,24,70,0,186,0,0,0,186
09/19/2017,DSM,IA,ACE,CE,Combined TRACON& Tower with Radar,84,24,80,0,188,0,2,12,0,14,84,26,92,0,202,3,5,8,210
09/20/2017,DSM,IA,ACE,CE,Combined TRACON& Tower with Radar,88,24,71,2,185,0,1,25,0,26,88,25,96,2,211,0,0,0,211
09/21/2017,DSM,IA,ACE,CE,Combined TRACON& Tower with Radar,89,21,74,0,184,0,0,7,0,7,89,21,81,0,191,12,0,12,203
09/22/2017,DSM,IA,ACE,CE,Combined TRACON& Tower with Radar,92,29,65,4,190,0,1,36,2,39,92,30,101,6,229,3,0,3,232
09/23/2017,DSM,IA,ACE,CE,Combined TRACON& Tower with Radar,58,12,29,5,104,0,4,31,0,35,58,16,60,5,139,18,0,18,157
09/24/2017,DSM,IA,ACE,CE,Combined TRACON& Tower with Radar,83,24,32,2,141,0,5,35,0,40,83,29,67,2,181,42,0,42,223
09/25/2017,DSM,IA,ACE,CE,Combined TRACON& Tower with Radar,86,23,60,7,176,0,1,9,2,12,86,24,69,9,188,18,16,34,222
09/26/2017,DSM,IA,ACE,CE,Combined TRACON& Tower with Radar,85,22,60,1,168,0,0,13,0,13,85,22,73,1,181,16,0,16,197
09/27/2017,DSM,IA,ACE,CE,Combined TRACON& Tower with Radar,89,29,47,3,168,0,1,52,0,53,89,30,99,3,221,12,2,14,235
09/28/2017,DSM,IA,ACE,CE,Combined TRACON& Tower with Radar,95,24,67,1,187,0,5,29,1,35,95,29,96,2,222,34,2,36,258
09/29/2017,DSM,IA,ACE,CE,Combined TRACON& Tower with Radar,94,32,47,0,173,0,3,39,0,42,94,35,86,0,215,27,0,27,242
09/30/2017,DSM,IA,ACE,CE,Combined TRACON& Tower with Radar,59,14,22,0,95,0,1,24,0,25,59,15,46,0,120,28,0,28,148
10/01/2017,DSM,IA,ACE,CE,Combined TRACON& Tower with Radar,94,18,33,2,147,0,1,8,0,9,94,19,41,2,156,0,0,0,156
10/02/2017,DSM,IA,ACE,CE,Combined TRACON& Tower with Radar,92,15,50,1,158,0,6,12,0,18,92,21,62,1,176,4,0,4,180
10/03/2017,DSM,IA,ACE,CE,Combined TRACON& Tower with Radar,87,21,51,0,159,0,0,10,0,10,87,21,61,0,169,6,0,6,175
10/04/2017,DSM,IA,ACE,CE,Combined TRACON& Tower with Radar,88,20,78,0,186,0,1,63,0,64,88,21,141,0,250,40,0,40,290
10/05/2017,DSM,IA,ACE,CE,Combined TRACON& Tower with Radar,93,28,64,4,189,0,1,2,0,3,93,29,66,4,192,0,4,4,196
10/06/2017,DSM,IA,ACE,CE,Combined TRACON& Tower with Radar,100,27,48,0,175,0,0,0,0,0,100,27,48,0,175,0,0,0,175
10/07/2017,DSM,IA,ACE,CE,Combined TRACON& Tower with Radar,60,17,52,1,130,0,0,11,0,11,60,17,63,1,141,42,0,42,183
10/08/2017,DSM,IA,ACE,CE,Combined TRACON& Tower with Radar,86,18,39,0,143,0,2,51,0,53,86,20,90,0,196,47,0,47,243
10/09/2017,DSM,IA,ACE,CE,Combined TRACON& Tower with Radar,81,19,61,0,161,0,1,27,0,28,81,20,88,0,189,18,0,18,207
10/10/2017,DSM,IA,ACE,CE,Combined TRACON& Tower with Radar,83,18,40,0,141,0,0,7,0,7,83,18,47,0,148,4,0,4,152
10/11/2017,DSM,IA,ACE,CE,Combined TRACON& Tower with Radar,90,23,80,1,194,0,3,24,0,27,90,26,104,1,221,16,0,16,237
10/12/2017,DSM,IA,ACE,CE,Combined TRACON& Tower with Radar,98,28,68,4,198,0,4,12,3,19,98,32,80,7,217,24,3,27,244
10/13/2017,DSM,IA,ACE,CE,Combined TRACON& Tower with Radar,83,20,54,5,162,0,3,7,0,10,83,23,61,5,172,2,4,6,178
10/14/2017,DSM,IA,ACE,CE,Combined TRACON& Tower with Radar,48,9,14,0,71,0,0,0,0,0,48,9,14,0,71,0,0,0,71
10/15/2017,DSM,IA,ACE,CE,Combined TRACON& Tower with Radar,87,18,54,0,159,1,2,9,0,12,88,20,63,0,171,38,0,38,209
10/16/2017,DSM,IA,ACE,CE,Combined TRACON& Tower with Radar,85,16,65,2,168,0,4,19,0,23,85,20,84,2,191,19,0,19,210
10/17/2017,DSM,IA,ACE,CE,Combined TRACON& Tower with Radar,85,19,70,2,176,0,1,16,3,20,85,20,86,5,196,20,0,20,216
10/18/2017,DSM,IA,ACE,CE,Combined TRACON& Tower with Radar,79,32,61,2,174,0,1,29,0,30,79,33,90,2,204,20,0,20,224
10/19/2017,DSM,IA,ACE,CE,Combined TRACON& Tower with Radar,95,20,95,2,212,0,6,45,0,51,95,26,140,2,263,12,0,12,275
10/20/2017,DSM,IA,ACE,CE,Combined TRACON& Tower with Radar,88,20,71,2,181,0,2,20,0,22,88,22,91,2,203,8,0,8,211
10/21/2017,DSM,IA,ACE,CE,Combined TRACON& Tower with Radar,56,15,17,2,90,0,1,4,0,5,56,16,21,2,95,0,0,0,95
10/22/2017,DSM,IA,ACE,CE,Combined TRACON& Tower with Radar,86,19,36,1,142,1,2,26,0,29,87,21,62,1,171,8,0,8,179
10/23/2017,DSM,IA,ACE,CE,Combined TRACON& Tower with Radar,82,31,48,2,163,0,2,23,0,25,82,33,71,2,188,12,0,12,200
10/24/2017,DSM,IA,ACE,CE,Combined TRACON& Tower with Radar,82,26,50,0,158,0,1,6,0,7,82,27,56,0,165,4,0,4,169
10/25/2017,DSM,IA,ACE,CE,Combined TRACON& Tower with Radar,87,20,73,2,182,0,1,35,0,36,87,21,108,2,218,0,0,0,218
10/26/2017,DSM,IA,ACE,CE,Combined TRACON& Tower with Radar,95,20,67,0,182,0,7,27,0,34,95,27,94,0,216,0,0,0,216
10/27/2017,DSM,IA,ACE,CE,Combined TRACON& Tower with Radar,92,20,44,4,160,0,4,3,0,7,92,24,47,4,167,0,0,0,167
10/28/2017,DSM,IA,ACE,CE,Combined TRACON& Tower with Radar,58,11,24,1,94,4,1,36,0,41,62,12,60,1,135,6,0,6,141
10/29/2017,DSM,IA,ACE,CE,Combined TRACON& Tower with Radar,80,21,19,1,121,1,1,27,0,29,81,22,46,1,150,26,0,26,176
10/30/2017,DSM,IA,ACE,CE,Combined TRACON& Tower with Radar,79,22,51,0,152,2,2,4,0,8,81,24,55,0,160,0,0,0,160
10/31/2017,DSM,IA,ACE,CE,Combined TRACON& Tower with Radar,80,28,40,0,148,0,5,36,0,41,80,33,76,0,189,0,0,0,189
11/01/2017,DSM,IA,ACE,CE,Combined TRACON& Tower with Radar,81,25,64,2,172,0,4,15,0,19,81,29,79,2,191,22,0,22,213
11/02/2017,DSM,IA,ACE,CE,Combined TRACON& Tower with Radar,89,29,80,2,200,0,0,21,0,21,89,29,101,2,221,8,0,8,229
11/03/2017,DSM,IA,ACE,CE,Combined TRACON& Tower with Radar,82,25,52,0,159,2,2,22,2,28,84,27,74,2,187,6,0,6,193
11/04/2017,DSM,IA,ACE,CE,Combined TRACON& Tower with Radar,52,15,30,0,97,0,3,0,0,3,52,18,30,0,100,4,0,4,104
11/05/2017,DSM,IA,ACE,CE,Combined TRACON& Tower with Radar,73,28,24,0,125,0,3,12,0,15,73,31,36,0,140,1,0,1,141
11/06/2017,DSM,IA,ACE,CE,Combined TRACON& Tower with Radar,70,29,60,7,166,0,2,37,0,39,70,31,97,7,205,14,0,14,219
11/07/2017,DSM,IA,ACE,CE,Combined TRACON& Tower with Radar,78,26,62,0,166,0,2,32,0,34,78,28,94,0,200,12,0,12,212
11/08/2017,DSM,IA,ACE,CE,Combined TRACON& Tower with Radar,73,30,48,0,151,0,3,39,0,42,73,33,87,0,193,27,0,27,220
11/09/2017,DSM,IA,ACE,CE,Combined TRACON& Tower with Radar,92,35,65,2,194,0,1,13,3,17,92,36,78,5,211,0,0,0,211
11/10/2017,DSM,IA,ACE,CE,Combined TRACON& Tower with Radar,84,27,63,0,174,0,5,36,0,41,84,32,99,0,215,25,0,25,240
11/11/2017,DSM,IA,ACE,CE,Combined TRACON& Tower with Radar,56,14,14,0,84,0,3,5,0,8,56,17,19,0,92,10,0,10,102
11/12/2017,DSM,IA,ACE,CE,Combined TRACON& Tower with Radar,73,29,22,0,124,0,2,14,0,16,73,31,36,0,140,6,0,6,146
11/13/2017,DSM,IA,ACE,CE,Combined TRACON& Tower with Radar,70,24,58,0,152,0,0,2,0,2,70,24,60,0,154,10,0,10,164
11/14/2017,DSM,IA,ACE,CE,Combined TRACON& Tower with Radar,79,28,50,2,159,0,1,1,0,2,79,29,51,2,161,0,0,0,161
11/15/2017,DSM,IA,ACE,CE,Combined TRACON& Tower with Radar,77,35,66,1,179,0,1,12,3,16,77,36,78,4,195,26,0,26,221
11/16/2017,DSM,IA,ACE,CE,Combined TRACON& Tower with Radar,90,29,66,3,188,0,1,33,3,37,90,30,99,6,225,2,0,2,227
11/17/2017,DSM,IA,ACE,CE,Combined TRACON& Tower with Radar,81,34,48,2,165,0,1,2,0,3,81,35,50,2,168,6,0,6,174
11/18/2017,DSM,IA,ACE,CE,Combined TRACON& Tower with Radar,54,17,13,0,84,0,2,6,0,8,54,19,19,0,92,0,0,0,92
11/19/2017,DSM,IA,ACE,CE,Combined TRACON& Tower with Radar,75,30,25,2,132,0,2,32,0,34,75,32,57,2,166,88,0,88,254
11/20/2017,DSM,IA,ACE,CE,Combined TRACON& Tower with Radar,74,20,40,0,134,0,4,21,0,25,74,24,61,0,159,0,4,4,163
11/21/2017,DSM,IA,ACE,CE,Combined TRACON& Tower with Radar,85,30,49,9,173,0,0,29,2,31,85,30,78,11,204,46,7,53,257
11/22/2017,DSM,IA,ACE,CE,Combined TRACON& Tower with Radar,87,19,35,0,141,0,0,29,0,29,87,19,64,0,170,26,0,26,196
11/23/2017,DSM,IA,ACE,CE,Combined TRACON& Tower with Radar,42,8,5,0,55,0,1,14,0,15,42,9,19,0,70,0,0,0,70
11/24/2017,DSM,IA,ACE,CE,Combined TRACON& Tower with Radar,53,13,11,0,77,0,0,9,0,9,53,13,20,0,86,0,0,0,86
11/25/2017,DSM,IA,ACE,CE,Combined TRACON& Tower with Radar,75,19,16,0,110,2,3,44,0,49,77,22,60,0,159,10,0,10,169
11/26/2017,DSM,IA,ACE,CE,Combined TRACON& Tower with Radar,87,24,47,0,158,3,5,31,1,40,90,29,78,1,198,8,0,8,206
11/27/2017,DSM,IA,ACE,CE,Combined TRACON& Tower with Radar,75,41,63,5,184,2,2,18,9,31,77,43,81,14,215,7,16,23,238
11/28/2017,DSM,IA,ACE,CE,Combined TRACON& Tower with Radar,81,26,67,4,178,0,2,22,0,24,81,28,89,4,202,6,0,6,208
11/29/2017,DSM,IA,ACE,CE,Combined TRACON& Tower with Radar,75,24,53,0,152,0,2,33,0,35,75,26,86,0,187,0,0,0,187
11/30/2017,DSM,IA,ACE,CE,Combined TRACON& Tower with Radar,88,22,49,5,164,0,1,52,3,56,88,23,101,8,220,44,0,44,264
12/01/2017,DSM,IA,ACE,CE,Combined TRACON& Tower with Radar,81,23,58,4,166,1,5,51,0,57,82,28,109,4,223,0,0,0,223
12/02/2017,DSM,IA,ACE,CE,Combined TRACON& Tower with Radar,48,15,24,0,87,0,2,22,0,24,48,17,46,0,111,27,0,27,138
12/03/2017,DSM,IA,ACE,CE,Combined TRACON& Tower with Radar,79,20,32,0,131,0,1,45,0,46,79,21,77,0,177,40,0,40,217
12/04/2017,DSM,IA,ACE,CE,Combined TRACON& Tower with Radar,74,17,38,0,129,0,1,4,0,5,74,18,42,0,134,2,0,2,136
12/05/2017,DSM,IA,ACE,CE,Combined TRACON& Tower with Radar,79,23,75,0,177,0,1,18,0,19,79,24,93,0,196,28,0,28,224
12/06/2017,DSM,IA,ACE,CE,Combined TRACON& Tower with Radar,75,34,64,0,173,0,1,13,0,14,75,35,77,0,187,8,0,8,195
12/07/2017,DSM,IA,ACE,CE,Combined TRACON& Tower with Radar,87,29,59,0,175,0,3,13,0,16,87,32,72,0,191,8,0,8,199
12/08/2017,DSM,IA,ACE,CE,Combined TRACON& Tower with Radar,76,24,73,12,185,0,2,31,4,37,76,26,104,16,222,64,6,70,292
12/09/2017,DSM,IA,ACE,CE,Combined TRACON& Tower with Radar,51,14,12,0,77,0,2,14,0,16,51,16,26,0,93,28,0,28,121
12/10/2017,DSM,IA,ACE,CE,Combined TRACON& Tower with Radar,79,15,26,0,120,0,2,15,0,17,79,17,41,0,137,36,0,36,173
12/11/2017,DSM,IA,ACE,CE,Combined TRACON& Tower with Radar,75,23,54,8,160,0,0,8,0,8,75,23,62,8,168,0,0,0,168
12/12/2017,DSM,IA,ACE,CE,Combined TRACON& Tower with Radar,83,30,53,2,168,0,2,28,0,30,83,32,81,2,198,14,0,14,212
12/13/2017,DSM,IA,ACE,CE,Combined TRACON& Tower with Radar,79,31,47,4,161,0,2,7,2,11,79,33,54,6,172,0,0,0,172
12/14/2017,DSM,IA,ACE,CE,Combined TRACON& Tower with Radar,91,26,65,4,186,0,3,32,0,35,91,29,97,4,221,16,0,16,237
12/15/2017,DSM,IA,ACE,CE,Combined TRACON& Tower with Radar,77,22,71,6,176,0,3,33,11,47,77,25,104,17,223,15,24,39,262
12/16/2017,DSM,IA,ACE,CE,Combined TRACON& Tower with Radar,55,11,21,1,88,0,4,33,1,38,55,15,54,2,126,18,10,28,154
12/17/2017,DSM,IA,ACE,CE,Combined TRACON& Tower with Radar,80,16,20,0,116,0,2,12,0,14,80,18,32,0,130,26,0,26,156
12/18/2017,DSM,IA,ACE,CE,Combined TRACON& Tower with Radar,82,25,71,9,187,0,1,18,9,28,82,26,89,18,215,16,0,16,231
12/19/2017,DSM,IA,ACE,CE,Combined TRACON& Tower with Radar,87,24,68,3,182,0,3,34,1,38,87,27,102,4,220,30,0,30,250
12/20/2017,DSM,IA,ACE,CE,Combined TRACON& Tower with Radar,71,32,59,3,165,0,4,35,1,40,71,36,94,4,205,18,0,18,223
12/21/2017,DSM,IA,ACE,CE,Combined TRACON& Tower with Radar,78,38,49,2,167,0,0,9,0,9,78,38,58,2,176,15,0,15,191
12/22/2017,DSM,IA,ACE,CE,Combined TRACON& Tower with Radar,72,39,31,1,143,3,1,11,0,15,75,40,42,1,158,6,0,6,164
12/23/2017,DSM,IA,ACE,CE,Combined TRACON& Tower with Radar,62,28,11,0,101,0,3,8,0,11,62,31,19,0,112,4,0,4,116
12/24/2017,DSM,IA,ACE,CE,Combined TRACON& Tower with Radar,56,25,10,0,91,0,3,8,0,11,56,28,18,0,102,8,0,8,110
12/25/2017,DSM,IA,ACE,CE,Combined TRACON& Tower with Radar,52,18,0,0,70,0,3,8,0,11,52,21,8,0,81,0,0,0,81
12/26/2017,DSM,IA,ACE,CE,Combined TRACON& Tower with Radar,73,35,40,0,148,0,6,23,0,29,73,41,63,0,177,12,0,12,189
12/27/2017,DSM,IA,ACE,CE,Combined TRACON& Tower with Radar,67,33,23,1,124,0,0,19,0,19,67,33,42,1,143,2,0,2,145
12/28/2017,DSM,IA,ACE,CE,Combined TRACON& Tower with Radar,75,35,30,0,140,0,0,9,0,9,75,35,39,0,149,0,0,0,149
12/29/2017,DSM,IA,ACE,CE,Combined TRACON& Tower with Radar,71,32,15,0,118,0,4,10,0,14,71,36,25,0,132,8,0,8,140
12/30/2017,DSM,IA,ACE,CE,Combined TRACON& Tower with Radar,61,36,12,0,109,0,0,7,0,7,61,36,19,0,116,0,0,0,116
12/31/2017,DSM,IA,ACE,CE,Combined TRACON& Tower with Radar,65,28,11,0,104,0,6,7,0,13,65,34,18,0,117,6,0,6,123
01/01/2018,DSM,IA,ACE,CE,Combined TRACON& Tower with Radar,58,31,8,0,97,0,0,8,0,8,58,31,16,0,105,2,0,2,107
01/02/2018,DSM,IA,ACE,CE,Combined TRACON& Tower with Radar,68,37,29,2,136,0,1,11,0,12,68,38,40,2,148,10,0,10,158
01/03/2018,DSM,IA,ACE,CE,Combined TRACON& Tower with Radar,63,28,40,0,131,0,4,14,0,18,63,32,54,0,149,4,0,4,153
01/04/2018,DSM,IA,ACE,CE,Combined TRACON& Tower with Radar,77,28,33,2,140,0,3,14,1,18,77,31,47,3,158,0,0,0,158
01/05/2018,DSM,IA,ACE,CE,Combined TRACON& Tower with Radar,69,30,47,6,152,1,2,18,0,21,70,32,65,6,173,4,0,4,177
01/06/2018,DSM,IA,ACE,CE,Combined TRACON& Tower with Radar,50,30,16,4,100,0,6,19,0,25,50,36,35,4,125,32,0,32,157
01/07/2018,DSM,IA,ACE,CE,Combined TRACON& Tower with Radar,75,26,15,0,116,0,6,5,0,11,75,32,20,0,127,0,0,0,127
01/08/2018,DSM,IA,ACE,CE,Combined TRACON& Tower with Radar,75,25,41,0,141,0,2,11,0,13,75,27,52,0,154,0,0,0,154
01/09/2018,DSM,IA,ACE,CE,Combined TRACON& Tower with Radar,79,29,49,2,159,0,4,36,0,40,79,33,85,2,199,20,0,20,219
01/10/2018,DSM,IA,ACE,CE,Combined TRACON& Tower with Radar,70,36,41,0,147,0,0,3,0,3,70,36,44,0,150,0,0,0,150
01/11/2018,DSM,IA,ACE,CE,Combined TRACON& Tower with Radar,89,27,40,0,156,0,1,3,0,4,89,28,43,0,160,0,0,0,160
01/12/2018,DSM,IA,ACE,CE,Combined TRACON& Tower with Radar,77,28,58,2,165,0,5,21,0,26,77,33,79,2,191,4,0,4,195
01/13/2018,DSM,IA,ACE,CE,Combined TRACON& Tower with Radar,59,21,26,3,109,0,2,15,0,17,59,23,41,3,126,6,0,6,132
01/14/2018,DSM,IA,ACE,CE,Combined TRACON& Tower with Radar,71,19,13,2,105,0,6,5,0,11,71,25,18,2,116,2,0,2,118
01/15/2018,DSM,IA,ACE,CE,Combined TRACON& Tower with Radar,72,21,44,2,139,0,0,1,0,1,72,21,45,2,140,0,0,0,140
01/16/2018,DSM,IA,ACE,CE,Combined TRACON& Tower with Radar,78,30,58,1,167,0,0,4,1,5,78,30,62,2,172,0,0,0,172
01/17/2018,DSM,IA,ACE,CE,Combined TRACON& Tower with Radar,64,27,42,2,135,0,2,19,0,21,64,29,61,2,156,8,0,8,164
01/18/2018,DSM,IA,ACE,CE,Combined TRACON& Tower with Radar,84,28,61,1,174,0,0,33,1,34,84,28,94,2,208,26,0,26,234
01/19/2018,DSM,IA,ACE,CE,Combined TRACON& Tower with Radar,82,22,50,1,155,0,3,31,1,35,82,25,81,2,190,10,0,10,200
01/20/2018,DSM,IA,ACE,CE,Combined TRACON& Tower with Radar,57,18,18,0,93,0,3,29,0,32,57,21,47,0,125,16,0,16,141
01/21/2018,DSM,IA,ACE,CE,Combined TRACON& Tower with Radar,92,22,17,0,131,0,0,0,0,0,92,22,17,0,131,0,0,0,131
01/22/2018,DSM,IA,ACE,CE,Combined TRACON& Tower with Radar,64,28,26,0,118,0,0,0,0,0,64,28,26,0,118,0,0,0,118
01/23/2018,DSM,IA,ACE,CE,Combined TRACON& Tower with Radar,83,21,50,0,154,0,0,5,0,5,83,21,55,0,159,20,0,20,179
01/24/2018,DSM,IA,ACE,CE,Combined TRACON& Tower with Radar,78,21,48,1,148,0,1,0,1,2,78,22,48,2,150,0,0,0,150
01/25/2018,DSM,IA,ACE,CE,Combined TRACON& Tower with Radar,85,22,68,5,180,0,1,31,5,37,85,23,99,10,217,6,0,6,223
01/26/2018,DSM,IA,ACE,CE,Combined TRACON& Tower with Radar,85,31,53,9,178,0,4,31,0,35,85,35,84,9,213,2,0,2,215
01/27/2018,DSM,IA,ACE,CE,Combined TRACON& Tower with Radar,57,15,25,2,99,0,3,51,4,58,57,18,76,6,157,20,0,20,177
01/28/2018,DSM,IA,ACE,CE,Combined TRACON& Tower with Radar,84,26,20,0,130,0,2,10,0,12,84,28,30,0,142,0,0,0,142
01/29/2018,DSM,IA,ACE,CE,Combined TRACON& Tower with Radar,73,25,49,4,151,0,2,25,0,27,73,27,74,4,178,50,0,50,228
01/30/2018,DSM,IA,ACE,CE,Combined TRACON& Tower with Radar,78,30,46,1,155,0,2,16,1,19,78,32,62,2,174,0,0,0,174
01/31/2018,DSM,IA,ACE,CE,Combined TRACON& Tower with Radar,72,31,42,26,171,0,3,13,1,17,72,34,55,27,188,28,26,54,242
02/01/2018,DSM,IA,ACE,CE,Combined TRACON& Tower with Radar,84,26,56,0,166,0,4,16,0,20,84,30,72,0,186,12,0,12,198
02/02/2018,DSM,IA,ACE,CE,Combined TRACON& Tower with Radar,78,22,52,1,153,0,3,25,3,31,78,25,77,4,184,36,0,36,220
02/03/2018,DSM,IA,ACE,CE,Combined TRACON& Tower with Radar,55,24,13,2,94,0,2,9,1,12,55,26,22,3,106,0,0,0,106
02/04/2018,DSM,IA,ACE,CE,Combined TRACON& Tower with Radar,66,22,15,0,103,0,2,17,0,19,66,24,32,0,122,0,0,0,122
02/05/2018,DSM,IA,ACE,CE,Combined TRACON& Tower with Radar,71,23,41,0,135,0,1,9,0,10,71,24,50,0,145,0,0,0,145
02/06/2018,DSM,IA,ACE,CE,Combined TRACON& Tower with Radar,79,30,43,0,152,0,2,18,0,20,79,32,61,0,172,4,0,4,176
02/07/2018,DSM,IA,ACE,CE,Combined TRACON& Tower with Radar,70,32,54,8,164,0,2,19,0,21,70,34,73,8,185,0,0,0,185
02/08/2018,DSM,IA,ACE,CE,Combined TRACON& Tower with Radar,83,29,57,0,169,0,4,5,0,9,83,33,62,0,178,0,0,0,178
02/09/2018,DSM,IA,ACE,CE,Combined TRACON& Tower with Radar,78,26,39,3,146,0,4,10,0,14,78,30,49,3,160,2,0,2,162
02/10/2018,DSM,IA,ACE,CE,Combined TRACON& Tower with Radar,55,19,19,3,96,0,1,14,0,15,55,20,33,3,111,0,0,0,111
02/11/2018,DSM,IA,ACE,CE,Combined TRACON& Tower with Radar,75,26,25,3,129,0,4,20,2,26,75,30,45,5,155,10,0,10,165
02/12/2018,DSM,IA,ACE,CE,Combined TRACON& Tower with Radar,74,31,53,4,162,0,1,32,0,33,74,32,85,4,195,46,0,46,241
02/13/2018,DSM,IA,ACE,CE,Combined TRACON& Tower with Radar,76,29,45,10,160,0,2,34,1,37,76,31,79,11,197,24,8,32,229
02/14/2018,DSM,IA,ACE,CE,Combined TRACON& Tower with Radar,73,30,33,1,137,0,0,15,6,21,73,30,48,7,158,2,0,2,160
02/15/2018,DSM,IA,ACE,CE,Combined TRACON& Tower with Radar,93,36,52,41,222,0,1,8,0,9,93,37,60,41,231,32,24,56,287
02/16/2018,DSM,IA,ACE,CE,Combined TRACON& Tower with Radar,84,31,44,0,159,0,2,11,0,13,84,33,55,0,172,14,0,14,186
02/17/2018,DSM,IA,ACE,CE,Combined TRACON& Tower with Radar,65,15,28,0,108,0,2,19,0,21,65,17,47,0,129,24,0,24,153
02/18/2018,DSM,IA,ACE,CE,Combined TRACON& Tower with Radar,76,22,17,0,115,0,3,11,0,14,76,25,28,0,129,2,0,2,131
02/19/2018,DSM,IA,ACE,CE,Combined TRACON& Tower with Radar,77,19,25,0,121,0,0,0,0,0,77,19,25,0,121,0,0,0,121
02/20/2018,DSM,IA,ACE,CE,Combined TRACON& Tower with Radar,87,27,18,2,134,0,3,4,0,7,87,30,22,2,141,0,0,0,141
02/21/2018,DSM,IA,ACE,CE,Combined TRACON& Tower with Radar,86,25,65,2,178,0,1,36,0,37,86,26,101,2,215,8,0,8,223
02/22/2018,DSM,IA,ACE,CE,Combined TRACON& Tower with Radar,91,24,24,2,141,0,0,4,0,4,91,24,28,2,145,0,0,0,145
02/23/2018,DSM,IA,ACE,CE,Combined TRACON& Tower with Radar,81,27,56,2,166,0,2,20,0,22,81,29,76,2,188,0,0,0,188
02/24/2018,DSM,IA,ACE,CE,Combined TRACON& Tower with Radar,72,17,6,1,96,0,0,2,0,2,72,17,8,1,98,0,0,0,98
02/25/2018,DSM,IA,ACE,CE,Combined TRACON& Tower with Radar,90,14,32,1,137,0,4,28,0,32,90,18,60,1,169,0,0,0,169
02/26/2018,DSM,IA,ACE,CE,Combined TRACON& Tower with Radar,79,26,54,0,159,0,3,27,0,30,79,29,81,0,189,38,0,38,227
02/27/2018,DSM,IA,ACE,CE,Combined TRACON& Tower with Radar,89,24,51,0,164,0,0,31,4,35,89,24,82,4,199,12,0,12,211
02/28/2018,DSM,IA,ACE,CE,Combined TRACON& Tower with Radar,82,31,54,0,167,0,0,3,0,3,82,31,57,0,170,0,0,0,170
03/01/2018,DSM,IA,ACE,CE,Combined TRACON& Tower with Radar,88,33,63,0,184,0,3,30,0,33,88,36,93,0,217,54,0,54,271
03/02/2018,DSM,IA,ACE,CE,Combined TRACON& Tower with Radar,85,26,50,22,183,0,1,29,4,34,85,27,79,26,217,43,18,61,278
03/03/2018,DSM,IA,ACE,CE,Combined TRACON& Tower with Radar,66,21,14,0,101,0,2,32,0,34,66,23,46,0,135,18,0,18,153
03/04/2018,DSM,IA,ACE,CE,Combined TRACON& Tower with Radar,81,25,22,0,128,0,2,22,3,27,81,27,44,3,155,20,0,20,175
03/05/2018,DSM,IA,ACE,CE,Combined TRACON& Tower with Radar,86,16,35,0,137,0,0,1,0,1,86,16,36,0,138,0,0,0,138
03/06/2018,DSM,IA,ACE,CE,Combined TRACON& Tower with Radar,89,27,42,2,160,0,1,2,0,3,89,28,44,2,163,2,0,2,165
03/07/2018,DSM,IA,ACE,CE,Combined TRACON& Tower with Radar,82,29,48,2,161,0,0,11,0,11,82,29,59,2,172,0,0,0,172
03/08/2018,DSM,IA,ACE,CE,Combined TRACON& Tower with Radar,90,25,53,3,171,4,0,37,1,42,94,25,90,4,213,24,0,24,237
03/09/2018,DSM,IA,ACE,CE,Combined TRACON& Tower with Radar,81,30,54,3,168,0,3,28,2,33,81,33,82,5,201,32,0,32,233
03/10/2018,DSM,IA,ACE,CE,Combined TRACON& Tower with Radar,74,21,16,0,111,0,2,17,0,19,74,23,33,0,130,32,0,32,162
03/11/2018,DSM,IA,ACE,CE,Combined TRACON& Tower with Radar,81,24,10,2,117,0,0,4,0,4,81,24,14,2,121,0,0,0,121
03/12/2018,DSM,IA,ACE,CE,Combined TRACON& Tower with Radar,78,30,35,10,153,0,0,29,0,29,78,30,64,10,182,15,0,15,197
03/13/2018,DSM,IA,ACE,CE,Combined TRACON& Tower with Radar,86,26,54,2,168,0,1,27,0,28,86,27,81,2,196,4,0,4,200
03/14/2018,DSM,IA,ACE,CE,Combined TRACON& Tower with Radar,84,34,47,12,177,0,2,18,3,23,84,36,65,15,200,12,0,12,212
03/15/2018,DSM,IA,ACE,CE,Combined TRACON& Tower with Radar,85,25,43,4,157,1,4,60,2,67,86,29,103,6,224,12,0,12,236
03/16/2018,DSM,IA,ACE,CE,Combined TRACON& Tower with Radar,81,26,36,8,151,0,1,5,0,6,81,27,41,8,157,0,0,0,157
03/17/2018,DSM,IA,ACE,CE,Combined TRACON& Tower with Radar,70,19,14,0,103,0,0,0,0,0,70,19,14,0,103,0,0,0,103
03/18/2018,DSM,IA,ACE,CE,Combined TRACON& Tower with Radar,83,27,16,0,126,0,1,0,0,1,83,28,16,0,127,0,0,0,127
03/19/2018,DSM,IA,ACE,CE,Combined TRACON& Tower with Radar,77,25,49,10,161,0,0,25,0,25,77,25,74,10,186,14,0,14,200
03/20/2018,DSM,IA,ACE,CE,Combined TRACON& Tower with Radar,81,33,44,0,158,0,0,14,0,14,81,33,58,0,172,0,0,0,172
03/21/2018,DSM,IA,ACE,CE,Combined TRACON& Tower with Radar,75,34,56,2,167,0,2,31,6,39,75,36,87,8,206,12,0,12,218
03/22/2018,DSM,IA,ACE,CE,Combined TRACON& Tower with Radar,86,31,54,2,173,0,2,28,0,30,86,33,82,2,203,0,0,0,203
03/23/2018,DSM,IA,ACE,CE,Combined TRACON& Tower with Radar,77,30,38,0,145,0,1,3,0,4,77,31,41,0,149,0,0,0,149
03/24/2018,DSM,IA,ACE,CE,Combined TRACON& Tower with Radar,61,23,7,0,91,0,1,2,0,3,61,24,9,0,94,0,0,0,94
03/25/2018,DSM,IA,ACE,CE,Combined TRACON& Tower with Radar,75,34,19,0,128,0,1,13,0,14,75,35,32,0,142,24,0,24,166
03/26/2018,DSM,IA,ACE,CE,Combined TRACON& Tower with Radar,73,32,45,2,152,0,1,3,0,4,73,33,48,2,156,0,0,0,156
03/27/2018,DSM,IA,ACE,CE,Combined TRACON& Tower with Radar,80,35,39,4,158,0,4,9,0,13,80,39,48,4,171,0,0,0,171
03/28/2018,DSM,IA,ACE,CE,Combined TRACON& Tower with Radar,78,33,61,15,187,0,3,49,1,53,78,36,110,16,240,24,0,24,264
03/29/2018,DSM,IA,ACE,CE,Combined TRACON& Tower with Radar,81,30,63,2,176,0,1,55,2,58,81,31,118,4,234,8,0,8,242
03/30/2018,DSM,IA,ACE,CE,Combined TRACON& Tower with Radar,73,31,42,8,154,0,1,38,0,39,73,32,80,8,193,6,16,22,215
03/31/2018,DSM,IA,ACE,CE,Combined TRACON& Tower with Radar,54,22,12,0,88,0,2,1,0,3,54,24,13,0,91,0,0,0,91
04/01/2018,DSM,IA,ACE,CE,Combined TRACON& Tower with Radar,76,28,6,0,110,0,2,28,0,30,76,30,34,0,140,12,0,12,152
04/02/2018,DSM,IA,ACE,CE,Combined TRACON& Tower with Radar,67,36,54,0,157,0,2,16,0,18,67,38,70,0,175,13,0,13,188
04/03/2018,DSM,IA,ACE,CE,Combined TRACON& Tower with Radar,90,28,42,5,165,0,0,1,0,1,90,28,43,5,166,0,0,0,166
04/04/2018,DSM,IA,ACE,CE,Combined TRACON& Tower with Radar,84,28,49,0,161,0,6,54,0,60,84,34,103,0,221,16,0,16,237
04/05/2018,DSM,IA,ACE,CE,Combined TRACON& Tower with Radar,84,30,59,1,174,0,2,70,0,72,84,32,129,1,246,16,0,16,262
04/06/2018,DSM,IA,ACE,CE,Combined TRACON& Tower with Radar,80,26,51,2,159,0,2,36,0,38,80,28,87,2,197,0,0,0,197
04/07/2018,DSM,IA,ACE,CE,Combined TRACON& Tower with Radar,52,26,26,9,113,0,6,57,1,64,52,32,83,10,177,10,46,56,233
04/08/2018,DSM,IA,ACE,CE,Combined TRACON& Tower with Radar,78,20,30,1,129,0,0,4,0,4,78,20,34,1,133,0,0,0,133
04/09/2018,DSM,IA,ACE,CE,Combined TRACON& Tower with Radar,85,17,37,1,140,0,0,2,0,2,85,17,39,1,142,0,0,0,142
04/10/2018,DSM,IA,ACE,CE,Combined TRACON& Tower with Radar,86,23,52,7,168,0,4,48,0,52,86,27,100,7,220,6,10,16,236
04/11/2018,DSM,IA,ACE,CE,Combined TRACON& Tower with Radar,90,22,64,2,178,0,1,41,0,42,90,23,105,2,220,8,0,8,228
04/12/2018,DSM,IA,ACE,CE,Combined TRACON& Tower with Radar,89,16,66,0,171,0,3,67,0,70,89,19,133,0,241,24,0,24,265
04/13/2018,DSM,IA,ACE,CE,Combined TRACON& Tower with Radar,95,17,29,2,143,2,4,5,0,11,97,21,34,2,154,2,0,2,156
04/14/2018,DSM,IA,ACE,CE,Combined TRACON& Tower with Radar,53,18,4,0,75,0,0,0,0,0,53,18,4,0,75,0,0,0,75
04/15/2018,DSM,IA,ACE,CE,Combined TRACON& Tower with Radar,80,16,16,0,112,0,0,1,0,1,80,16,17,0,113,0,0,0,113
04/16/2018,DSM,IA,ACE,CE,Combined TRACON& Tower with Radar,84,15,57,2,158,2,0,18,0,20,86,15,75,2,178,0,0,0,178
04/17/2018,DSM,IA,ACE,CE,Combined TRACON& Tower with Radar,86,22,58,23,189,0,6,35,2,43,86,28,93,25,232,31,24,55,287
04/18/2018,DSM,IA,ACE,CE,Combined TRACON& Tower with Radar,85,22,56,2,165,0,1,6,0,7,85,23,62,2,172,0,0,0,172
04/19/2018,DSM,IA,ACE,CE,Combined TRACON& Tower with Radar,85,20,68,0,173,0,2,54,12,68,85,22,122,12,241,2,2,4,245
04/20/2018,DSM,IA,ACE,CE,Combined TRACON& Tower with Radar,87,22,55,0,164,0,2,51,0,53,87,24,106,0,217,6,1,7,224
04/21/2018,DSM,IA,ACE,CE,Combined TRACON& Tower with Radar,57,16,19,6,98,0,2,33,0,35,57,18,52,6,133,22,4,26,159
04/22/2018,DSM,IA,ACE,CE,Combined TRACON& Tower with Radar,81,25,36,1,143,0,3,27,0,30,81,28,63,1,173,30,0,30,203
04/23/2018,DSM,IA,ACE,CE,Combined TRACON& Tower with Radar,84,24,58,10,176,0,5,40,2,47,84,29,98,12,223,18,0,18,241
04/24/2018,DSM,IA,ACE,CE,Combined TRACON& Tower with Radar,80,24,75,2,181,0,4,49,2,55,80,28,124,4,236,44,6,50,286
04/25/2018,DSM,IA,ACE,CE,Combined TRACON& Tower with Radar,89,23,56,0,168,0,1,39,2,42,89,24,95,2,210,26,0,26,236
04/26/2018,DSM,IA,ACE,CE,Combined TRACON& Tower with Radar,87,28,75,2,192,0,0,31,7,38,87,28,106,9,230,0,6,6,236
04/27/2018,DSM,IA,ACE,CE,Combined TRACON& Tower with Radar,87,24,62,1,174,0,2,30,2,34,87,26,92,3,208,2,0,2,210
04/28/2018,DSM,IA,ACE,CE,Combined TRACON& Tower with Radar,56,18,19,1,94,0,1,33,0,34,56,19,52,1,128,22,0,22,150
04/29/2018,DSM,IA,ACE,CE,Combined TRACON& Tower with Radar,80,22,36,0,138,0,2,17,0,19,80,24,53,0,157,0,0,0,157
04/30/2018,DSM,IA,ACE,CE,Combined TRACON& Tower with Radar,86,19,46,0,151,0,1,23,0,24,86,20,69,0,175,6,0,6,181
05/01/2018,DSM,IA,ACE,CE,Combined TRACON& Tower with Radar,82,19,53,0,154,0,1,11,0,12,82,20,64,0,166,0,0,0,166
05/02/2018,DSM,IA,ACE,CE,Combined TRACON& Tower with Radar,87,26,49,1,163,0,1,9,0,10,87,27,58,1,173,21,0,21,194
05/03/2018,DSM,IA,ACE,CE,Combined TRACON& Tower with Radar,89,21,38,1,149,0,0,9,0,9,89,21,47,1,158,6,0,6,164
05/04/2018,DSM,IA,ACE,CE,Combined TRACON& Tower with Radar,92,16,75,2,185,0,4,43,0,47,92,20,118,2,232,16,0,16,248
05/05/2018,DSM,IA,ACE,CE,Combined TRACON& Tower with Radar,71,17,22,1,111,0,3,35,0,38,71,20,57,1,149,8,0,8,157
05/06/2018,DSM,IA,ACE,CE,Combined TRACON& Tower with Radar,82,22,37,2,143,0,2,31,1,34,82,24,68,3,177,18,0,18,195
05/07/2018,DSM,IA,ACE,CE,Combined TRACON& Tower with Radar,85,17,48,0,150,0,2,22,0,24,85,19,70,0,174,46,0,46,220
05/08/2018,DSM,IA,ACE,CE,Combined TRACON& Tower with Radar,85,20,41,4,150,0,1,9,2,12,85,21,50,6,162,0,0,0,162
05/09/2018,DSM,IA,ACE,CE,Combined TRACON& Tower with Radar,90,24,45,2,161,0,0,6,0,6,90,24,51,2,167,0,0,0,167
05/10/2018,DSM,IA,ACE,CE,Combined TRACON& Tower with Radar,90,32,58,23,203,0,3,26,4,33,90,35,84,27,236,8,30,38,274
05/11/2018,DSM,IA,ACE,CE,Combined TRACON& Tower with Radar,98,24,47,0,169,0,3,4,0,7,98,27,51,0,176,0,0,0,176
05/12/2018,DSM,IA,ACE,CE,Combined TRACON& Tower with Radar,63,15,15,0,93,0,0,1,0,1,63,15,16,0,94,0,0,0,94
05/13/2018,DSM,IA,ACE,CE,Combined TRACON& Tower with Radar,79,16,18,0,113,0,2,5,0,7,79,18,23,0,120,2,0,2,122
05/14/2018,DSM,IA,ACE,CE,Combined TRACON& Tower with Radar,80,18,45,2,145,0,3,7,0,10,80,21,52,2,155,4,0,4,159
05/15/2018,DSM,IA,ACE,CE,Combined TRACON& Tower with Radar,93,22,65,0,180,0,7,26,0,33,93,29,91,0,213,55,0,55,268
05/16/2018,DSM,IA,ACE,CE,Combined TRACON& Tower with Radar,86,27,63,1,177,0,7,52,0,59,86,34,115,1,236,10,0,10,246
05/17/2018,DSM,IA,ACE,CE,Combined TRACON& Tower with Radar,94,22,77,0,193,3,8,75,0,86,97,30,152,0,279,49,0,49,328
05/18/2018,DSM,IA,ACE,CE,Combined TRACON& Tower with Radar,102,26,72,4,204,0,7,35,0,42,102,33,107,4,246,12,0,12,258
05/19/2018,DSM,IA,ACE,CE,Combined TRACON& Tower with Radar,62,19,31,0,112,0,7,24,0,31,62,26,55,0,143,4,0,4,147
05/20/2018,DSM,IA,ACE,CE,Combined TRACON& Tower with Radar,88,18,22,0,128,0,3,7,0,10,88,21,29,0,138,0,0,0,138
05/21/2018,DSM,IA,ACE,CE,Combined TRACON& Tower with Radar,91,26,57,3,177,0,9,11,0,20,91,35,68,3,197,0,0,0,197
05/22/2018,DSM,IA,ACE,CE,Combined TRACON& Tower with Radar,88,22,73,7,190,0,1,29,2,32,88,23,102,9,222,13,0,13,235
05/23/2018,DSM,IA,ACE,CE,Combined TRACON& Tower with Radar,94,28,66,1,189,0,5,38,7,50,94,33,104,8,239,4,0,4,243
05/24/2018,DSM,IA,ACE,CE,Combined TRACON& Tower with Radar,98,24,57,2,181,0,2,31,0,33,98,26,88,2,214,15,0,15,229
05/25/2018,DSM,IA,ACE,CE,Combined TRACON& Tower with Radar,93,19,45,0,157,0,11,23,1,35,93,30,68,1,192,16,0,16,208
05/26/2018,DSM,IA,ACE,CE,Combined TRACON& Tower with Radar,58,18,15,0,91,0,4,17,0,21,58,22,32,0,112,32,0,32,144
05/27/2018,DSM,IA,ACE,CE,Combined TRACON& Tower with Radar,67,17,9,0,93,0,2,19,0,21,67,19,28,0,114,9,0,9,123
05/28/2018,DSM,IA,ACE,CE,Combined TRACON& Tower with Radar,79,22,21,1,123,1,3,32,1,37,80,25,53,2,160,16,0,16,176
05/29/2018,DSM,IA,ACE,CE,Combined TRACON& Tower with Radar,81,28,38,4,151,0,1,25,0,26,81,29,63,4,177,12,0,12,189
05/30/2018,DSM,IA,ACE,CE,Combined TRACON& Tower with Radar,91,24,48,3,166,0,4,26,1,31,91,28,74,4,197,51,0,51,248
05/31/2018,DSM,IA,ACE,CE,Combined TRACON& Tower with Radar,92,23,50,2,167,0,11,48,3,62,92,34,98,5,229,78,0,78,307
06/01/2018,DSM,IA,ACE,CE,Combined TRACON& Tower with Radar,89,25,47,12,173,0,0,49,4,53,89,25,96,16,226,26,8,34,260
06/02/2018,DSM,IA,ACE,CE,Combined TRACON& Tower with Radar,64,16,27,2,109,0,8,11,0,19,64,24,38,2,128,13,0,13,141
06/03/2018,DSM,IA,ACE,CE,Combined TRACON& Tower with Radar,89,17,24,0,130,0,9,10,0,19,89,26,34,0,149,10,0,10,159
06/04/2018,DSM,IA,ACE,CE,Combined TRACON& Tower with Radar,84,30,41,2,157,0,3,41,0,44,84,33,82,2,201,28,0,28,229
06/05/2018,DSM,IA,ACE,CE,Combined TRACON& Tower with Radar,88,18,58,3,167,0,2,48,4,54,88,20,106,7,221,72,0,72,293
06/06/2018,DSM,IA,ACE,CE,Combined TRACON& Tower with Radar,92,35,63,4,194,0,0,16,0,16,92,35,79,4,210,6,0,6,216
06/07/2018,DSM,IA,ACE,CE,Combined TRACON& Tower with Radar,98,23,61,2,184,2,4,66,0,72,100,27,127,2,256,42,0,42,298
06/08/2018,DSM,IA,ACE,CE,Combined TRACON& Tower with Radar,104,13,44,2,163,0,4,41,0,45,104,17,85,2,208,0,0,0,208
06/09/2018,DSM,IA,ACE,CE,Combined TRACON& Tower with Radar,67,13,20,0,100,0,3,28,0,31,67,16,48,0,131,14,0,14,145
06/10/2018,DSM,IA,ACE,CE,Combined TRACON& Tower with Radar,96,17,16,0,129,0,5,6,0,11,96,22,22,0,140,0,0,0,140
06/11/2018,DSM,IA,ACE,CE,Combined TRACON& Tower with Radar,107,14,50,2,173,0,1,12,0,13,107,15,62,2,186,6,0,6,192
06/12/2018,DSM,IA,ACE,CE,Combined TRACON& Tower with Radar,99,11,67,2,179,0,4,40,0,44,99,15,107,2,223,32,0,32,255
06/13/2018,DSM,IA,ACE,CE,Combined TRACON& Tower with Radar,105,19,62,3,189,0,9,30,1,40,105,28,92,4,229,40,0,40,269
06/14/2018,DSM,IA,ACE,CE,Combined TRACON& Tower with Radar,103,10,55,0,168,0,2,27,2,31,103,12,82,2,199,10,0,10,209
06/15/2018,DSM,IA,ACE,CE,Combined TRACON& Tower with Radar,103,10,68,4,185,0,4,31,2,37,103,14,99,6,222,2,4,6,228
06/16/2018,DSM,IA,ACE,CE,Combined TRACON& Tower with Radar,71,14,38,16,139,0,2,38,0,40,71,16,76,16,179,20,16,36,215
06/17/2018,DSM,IA,ACE,CE,Combined TRACON& Tower with Radar,97,13,33,0,143,0,3,22,0,25,97,16,55,0,168,0,0,0,168
06/18/2018,DSM,IA,ACE,CE,Combined TRACON& Tower with Radar,91,13,49,0,153,0,5,27,0,32,91,18,76,0,185,20,0,20,205
06/19/2018,DSM,IA,ACE,CE,Combined TRACON& Tower with Radar,92,17,46,2,157,3,2,15,0,20,95,19,61,2,177,4,0,4,181
06/20/2018,DSM,IA,ACE,CE,Combined TRACON& Tower with Radar,99,13,58,0,170,0,2,5,0,7,99,15,63,0,177,0,0,0,177
06/21/2018,DSM,IA,ACE,CE,Combined TRACON& Tower with Radar,104,18,71,0,193,0,0,11,0,11,104,18,82,0,204,4,0,4,208
06/22/2018,DSM,IA,ACE,CE,Combined TRACON& Tower with Radar,109,18,61,0,188,0,4,32,0,36,109,22,93,0,224,0,0,0,224
06/23/2018,DSM,IA,ACE,CE,Combined TRACON& Tower with Radar,69,13,26,0,108,0,4,30,0,34,69,17,56,0,142,12,0,12,154
06/24/2018,DSM,IA,ACE,CE,Combined TRACON& Tower with Radar,98,17,26,0,141,0,6,15,0,21,98,23,41,0,162,9,0,9,171
06/25/2018,DSM,IA,ACE,CE,Combined TRACON& Tower with Radar,99,28,49,1,177,0,8,30,0,38,99,36,79,1,215,2,0,2,217
06/26/2018,DSM,IA,ACE,CE,Combined TRACON& Tower with Radar,94,12,51,1,158,0,4,9,0,13,94,16,60,1,171,0,0,0,171
06/27/2018,DSM,IA,ACE,CE,Combined TRACON& Tower with Radar,103,15,69,2,189,0,8,27,0,35,103,23,96,2,224,19,0,19,243
06/28/2018,DSM,IA,ACE,CE,Combined TRACON& Tower with Radar,102,17,62,2,183,0,5,32,0,37,102,22,94,2,220,2,2,4,224
06/29/2018,DSM,IA,ACE,CE,Combined TRACON& Tower with Radar,109,28,44,0,181,0,1,42,2,45,109,29,86,2,226,32,0,32,258
06/30/2018,DSM,IA,ACE,CE,Combined TRACON& Tower with Radar,69,15,17,0,101,0,3,7,0,10,69,18,24,0,111,0,0,0,111
07/01/2018,DSM,IA,ACE,CE,Combined TRACON& Tower with Radar,95,18,26,0,139,0,6,11,0,17,95,24,37,0,156,0,0,0,156
07/02/2018,DSM,IA,ACE,CE,Combined TRACON& Tower with Radar,81,16,31,3,131,0,10,49,0,59,81,26,80,3,190,26,0,26,216
07/03/2018,DSM,IA,ACE,CE,Combined TRACON& Tower with Radar,80,11,26,12,129,0,6,30,0,36,80,17,56,12,165,20,14,34,199
07/04/2018,DSM,IA,ACE,CE,Combined TRACON& Tower with Radar,71,11,5,0,87,2,8,25,0,35,73,19,30,0,122,18,0,18,140
07/05/2018,DSM,IA,ACE,CE,Combined TRACON& Tower with Radar,84,16,28,0,128,0,6,26,0,32,84,22,54,0,160,16,0,16,176
07/06/2018,DSM,IA,ACE,CE,Combined TRACON& Tower with Radar,89,17,36,0,142,0,10,54,0,64,89,27,90,0,206,22,0,22,228
07/07/2018,DSM,IA,ACE,CE,Combined TRACON& Tower with Radar,72,13,18,0,103,0,7,26,0,33,72,20,44,0,136,0,0,0,136
07/08/2018,DSM,IA,ACE,CE,Combined TRACON& Tower with Radar,97,13,35,2,147,0,8,41,0,49,97,21,76,2,196,4,0,4,200
07/09/2018,DSM,IA,ACE,CE,Combined TRACON& Tower with Radar,101,19,52,4,176,2,5,34,0,41,103,24,86,4,217,4,0,4,221
07/10/2018,DSM,IA,ACE,CE,Combined TRACON& Tower with Radar,94,19,53,0,166,0,6,33,0,39,94,25,86,0,205,8,0,8,213
07/11/2018,DSM,IA,ACE,CE,Combined TRACON& Tower with Radar,101,13,67,0,181,0,6,41,2,49,101,19,108,2,230,12,0,12,242
07/12/2018,DSM,IA,ACE,CE,Combined TRACON& Tower with Radar,106,19,55,4,184,0,8,44,0,52,106,27,99,4,236,15,0,15,251
07/13/2018,DSM,IA,ACE,CE,Combined TRACON& Tower with Radar,107,19,44,0,170,1,3,21,0,25,108,22,65,0,195,7,0,7,202
07/14/2018,DSM,IA,ACE,CE,Combined TRACON& Tower with Radar,71,14,20,0,105,0,3,28,0,31,71,17,48,0,136,0,0,0,136
07/15/2018,DSM,IA,ACE,CE,Combined TRACON& Tower with Radar,98,18,32,0,148,0,11,33,0,44,98,29,65,0,192,13,0,13,205
07/16/2018,DSM,IA,ACE,CE,Combined TRACON& Tower with Radar,97,20,60,2,179,0,3,39,0,42,97,23,99,2,221,8,0,8,229
07/17/2018,DSM,IA,ACE,CE,Combined TRACON& Tower with Radar,98,18,39,12,167,0,5,40,0,45,98,23,79,12,212,21,6,27,239
07/18/2018,DSM,IA,ACE,CE,Combined TRACON& Tower with Radar,100,18,70,0,188,0,5,45,3,53,100,23,115,3,241,16,0,16,257
07/19/2018,DSM,IA,ACE,CE,Combined TRACON& Tower with Radar,106,17,73,2,198,0,6,21,0,27,106,23,94,2,225,10,0,10,235
07/20/2018,DSM,IA,ACE,CE,Combined TRACON& Tower with Radar,103,19,51,2,175,0,3,19,0,22,103,22,70,2,197,7,0,7,204
07/21/2018,DSM,IA,ACE,CE,Combined TRACON& Tower with Radar,71,15,24,0,110,0,3,39,2,44,71,18,63,2,154,16,0,16,170
07/22/2018,DSM,IA,ACE,CE,Combined TRACON& Tower with Radar,97,16,32,0,145,0,4,57,0,61,97,20,89,0,206,4,0,4,210
07/23/2018,DSM,IA,ACE,CE,Combined TRACON& Tower with Radar,96,15,54,0,165,0,6,43,2,51,96,21,97,2,216,19,0,19,235
07/24/2018,DSM,IA,ACE,CE,Combined TRACON& Tower with Radar,96,14,43,0,153,0,8,46,1,55,96,22,89,1,208,20,1,21,229
07/25/2018,DSM,IA,ACE,CE,Combined TRACON& Tower with Radar,101,16,64,9,190,0,13,47,1,61,101,29,111,10,251,20,14,34,285
07/26/2018,DSM,IA,ACE,CE,Combined TRACON& Tower with Radar,106,16,72,4,198,0,6,40,2,48,106,22,112,6,246,4,0,4,250
07/27/2018,DSM,IA,ACE,CE,Combined TRACON& Tower with Radar,100,13,75,1,189,0,8,50,4,62,100,21,125,5,251,12,0,12,263
07/28/2018,DSM,IA,ACE,CE,Combined TRACON& Tower with Radar,70,19,32,0,121,1,11,42,0,54,71,30,74,0,175,16,0,16,191
07/29/2018,DSM,IA,ACE,CE,Combined TRACON& Tower with Radar,96,16,50,1,163,0,4,19,2,25,96,20,69,3,188,16,30,46,234
07/30/2018,DSM,IA,ACE,CE,Combined TRACON& Tower with Radar,100,16,50,9,175,0,5,42,0,47,100,21,92,9,222,14,12,26,248
07/31/2018,DSM,IA,ACE,CE,Combined TRACON& Tower with Radar,96,12,79,4,191,0,6,45,1,52,96,18,124,5,243,22,0,22,265
08/01/2018,DSM,IA,ACE,CE,Combined TRACON& Tower with Radar,102,11,54,0,167,0,5,35,5,45,102,16,89,5,212,28,0,28,240
08/02/2018,DSM,IA,ACE,CE,Combined TRACON& Tower with Radar,100,16,52,4,172,0,6,31,0,37,100,22,83,4,209,8,0,8,217
08/03/2018,DSM,IA,ACE,CE,Combined TRACON& Tower with Radar,120,19,55,0,194,3,12,30,0,45,123,31,85,0,239,14,0,14,253
08/04/2018,DSM,IA,ACE,CE,Combined TRACON& Tower with Radar,71,18,25,2,116,0,2,25,17,44,71,20,50,19,160,2,39,41,201
08/05/2018,DSM,IA,ACE,CE,Combined TRACON& Tower with Radar,104,14,32,2,152,0,5,18,1,24,104,19,50,3,176,4,0,4,180
08/06/2018,DSM,IA,ACE,CE,Combined TRACON& Tower with Radar,103,12,54,4,173,0,4,26,0,30,103,16,80,4,203,22,0,22,225
08/07/2018,DSM,IA,ACE,CE,Combined TRACON& Tower with Radar,97,14,64,3,178,0,4,16,0,20,97,18,80,3,198,1,0,1,199
08/08/2018,DSM,IA,ACE,CE,Combined TRACON& Tower with Radar,101,14,62,5,182,0,7,33,1,41,101,21,95,6,223,37,6,43,266
08/09/2018,DSM,IA,ACE,CE,Combined TRACON& Tower with Radar,115,16,55,1,187,0,7,47,0,54,115,23,102,1,241,10,0,10,251
08/10/2018,DSM,IA,ACE,CE,Combined TRACON& Tower with Radar,107,15,67,0,189,0,5,32,2,39,107,20,99,2,228,0,0,0,228
08/11/2018,DSM,IA,ACE,CE,Combined TRACON& Tower with Radar,71,19,12,20,122,0,13,25,0,38,71,32,37,20,160,32,28,60,220
08/12/2018,DSM,IA,ACE,CE,Combined TRACON& Tower with Radar,104,15,43,0,162,0,7,36,0,43,104,22,79,0,205,20,0,20,225
08/13/2018,DSM,IA,ACE,CE,Combined TRACON& Tower with Radar,101,18,57,2,178,0,4,31,0,35,101,22,88,2,213,34,0,34,247
08/14/2018,DSM,IA,ACE,CE,Combined TRACON& Tower with Radar,104,7,32,3,146,0,4,21,0,25,104,11,53,3,171,28,0,28,199
08/15/2018,DSM,IA,ACE,CE,Combined TRACON& Tower with Radar,94,14,69,6,183,0,4,17,9,30,94,18,86,15,213,12,0,12,225
08/16/2018,DSM,IA,ACE,CE,Combined TRACON& Tower with Radar,111,14,53,11,189,0,2,17,0,19,111,16,70,11,208,12,0,12,220
08/17/2018,DSM,IA,ACE,CE,Combined TRACON& Tower with Radar,99,28,54,1,182,0,6,28,2,36,99,34,82,3,218,12,2,14,232
08/18/2018,DSM,IA,ACE,CE,Combined TRACON& Tower with Radar,73,12,18,3,106,0,5,26,2,33,73,17,44,5,139,28,0,28,167
08/19/2018,DSM,IA,ACE,CE,Combined TRACON& Tower with Radar,105,24,44,3,176,0,6,30,1,37,105,30,74,4,213,14,3,17,230
08/20/2018,DSM,IA,ACE,CE,Combined TRACON& Tower with Radar,91,22,54,2,169,0,2,5,0,7,91,24,59,2,176,4,0,4,180
08/21/2018,DSM,IA,ACE,CE,Combined TRACON& Tower with Radar,83,23,66,2,174,0,1,21,0,22,83,24,87,2,196,0,0,0,196
08/22/2018,DSM,IA,ACE,CE,Combined TRACON& Tower with Radar,85,24,42,5,156,0,10,45,2,57,85,34,87,7,213,30,0,30,243
08/23/2018,DSM,IA,ACE,CE,Combined TRACON& Tower with Radar,91,29,61,5,186,0,7,29,1,37,91,36,90,6,223,2,0,2,225
08/24/2018,DSM,IA,ACE,CE,Combined TRACON& Tower with Radar,92,31,44,5,172,0,6,13,0,19,92,37,57,5,191,16,0,16,207
08/25/2018,DSM,IA,ACE,CE,Combined TRACON& Tower with Radar,67,16,10,1,94,0,7,30,0,37,67,23,40,1,131,12,0,12,143
08/26/2018,DSM,IA,ACE,CE,Combined TRACON& Tower with Radar,85,22,23,0,130,0,3,10,0,13,85,25,33,0,143,0,0,0,143
08/27/2018,DSM,IA,ACE,CE,Combined TRACON& Tower with Radar,86,22,49,1,158,0,7,13,0,20,86,29,62,1,178,2,0,2,180
08/28/2018,DSM,IA,ACE,CE,Combined TRACON& Tower with Radar,82,29,34,2,147,0,3,9,4,16,82,32,43,6,163,0,0,0,163
08/29/2018,DSM,IA,ACE,CE,Combined TRACON& Tower with Radar,86,24,68,0,178,1,5,25,0,31,87,29,93,0,209,5,0,5,214
08/30/2018,DSM,IA,ACE,CE,Combined TRACON& Tower with Radar,87,26,57,3,173,0,4,13,0,17,87,30,70,3,190,20,0,20,210
08/31/2018,DSM,IA,ACE,CE,Combined TRACON& Tower with Radar,93,20,46,0,159,0,2,5,0,7,93,22,51,0,166,6,0,6,172
09/01/2018,DSM,IA,ACE,CE,Combined TRACON& Tower with Radar,54,13,13,0,80,0,3,8,0,11,54,16,21,0,91,0,0,0,91
09/02/2018,DSM,IA,ACE,CE,Combined TRACON& Tower with Radar,68,14,15,0,97,0,6,10,0,16,68,20,25,0,113,16,0,16,129
09/03/2018,DSM,IA,ACE,CE,Combined TRACON& Tower with Radar,74,17,20,0,111,0,3,4,0,7,74,20,24,0,118,0,0,0,118
09/04/2018,DSM,IA,ACE,CE,Combined TRACON& Tower with Radar,81,21,51,3,156,0,6,14,2,22,81,27,65,5,178,4,0,4,182
09/05/2018,DSM,IA,ACE,CE,Combined TRACON& Tower with Radar,82,18,49,2,151,0,2,0,0,2,82,20,49,2,153,0,0,0,153
09/06/2018,DSM,IA,ACE,CE,Combined TRACON& Tower with Radar,94,19,72,4,189,0,0,11,1,12,94,19,83,5,201,5,0,5,206
09/07/2018,DSM,IA,ACE,CE,Combined TRACON& Tower with Radar,89,27,50,9,175,0,1,13,0,14,89,28,63,9,189,6,2,8,197
09/08/2018,DSM,IA,ACE,CE,Combined TRACON& Tower with Radar,60,18,38,2,118,0,5,44,0,49,60,23,82,2,167,8,0,8,175
09/09/2018,DSM,IA,ACE,CE,Combined TRACON& Tower with Radar,90,19,23,0,132,0,2,44,0,46,90,21,67,0,178,33,0,33,211
09/10/2018,DSM,IA,ACE,CE,Combined TRACON& Tower with Radar,89,23,54,2,168,0,12,29,0,41,89,35,83,2,209,20,1,21,230
09/11/2018,DSM,IA,ACE,CE,Combined TRACON& Tower with Radar,93,21,57,0,171,0,11,33,1,45,93,32,90,1,216,31,0,31,247
09/12/2018,DSM,IA,ACE,CE,Combined TRACON& Tower with Radar,90,27,64,2,183,0,9,39,0,48,90,36,103,2,231,14,0,14,245
09/13/2018,DSM,IA,ACE,CE,Combined TRACON& Tower with Radar,97,33,91,10,231,0,5,26,5,36,97,38,117,15,267,12,12,24,291
09/14/2018,DSM,IA,ACE,CE,Combined TRACON& Tower with Radar,98,21,69,3,191,0,4,49,1,54,98,25,118,4,245,14,1,15,260
09/15/2018,DSM,IA,ACE,CE,Combined TRACON& Tower with Radar,63,16,18,2,99,0,9,39,0,48,63,25,57,2,147,4,0,4,151
09/16/2018,DSM,IA,ACE,CE,Combined TRACON& Tower with Radar,89,18,40,2,149,5,6,50,0,61,94,24,90,2,210,74,0,74,284
09/17/2018,DSM,IA,ACE,CE,Combined TRACON& Tower with Radar,90,17,45,0,152,0,8,30,0,38,90,25,75,0,190,10,0,10,200
09/18/2018,DSM,IA,ACE,CE,Combined TRACON& Tower with Radar,91,26,58,0,175,0,9,18,0,27,91,35,76,0,202,40,0,40,242
09/19/2018,DSM,IA,ACE,CE,Combined TRACON& Tower with Radar,91,22,57,2,172,0,9,9,0,18,91,31,66,2,190,0,4,4,194
09/20/2018,DSM,IA,ACE,CE,Combined TRACON& Tower with Radar,104,17,49,7,177,0,5,28,0,33,104,22,77,7,210,22,10,32,242
09/21/2018,DSM,IA,ACE,CE,Combined TRACON& Tower with Radar,95,21,48,1,165,0,0,12,0,12,95,21,60,1,177,0,0,0,177
09/22/2018,DSM,IA,ACE,CE,Combined TRACON& Tower with Radar,65,18,35,3,121,0,5,52,0,57,65,23,87,3,178,40,0,40,218
09/23/2018,DSM,IA,ACE,CE,Combined TRACON& Tower with Radar,89,25,39,0,153,0,8,36,0,44,89,33,75,0,197,20,0,20,217
09/24/2018,DSM,IA,ACE,CE,Combined TRACON& Tower with Radar,89,17,69,2,177,0,3,34,0,37,89,20,103,2,214,46,0,46,260
09/25/2018,DSM,IA,ACE,CE,Combined TRACON& Tower with Radar,96,33,52,1,182,0,1,1,0,2,96,34,53,1,184,0,0,0,184
09/26/2018,DSM,IA,ACE,CE,Combined TRACON& Tower with Radar,90,26,69,0,185,0,8,35,2,45,90,34,104,2,230,8,0,8,238
09/27/2018,DSM,IA,ACE,CE,Combined TRACON& Tower with Radar,96,18,45,0,159,0,8,34,0,42,96,26,79,0,201,46,0,46,247
09/28/2018,DSM,IA,ACE,CE,Combined TRACON& Tower with Radar,96,21,46,3,166,0,1,26,0,27,96,22,72,3,193,12,0,12,205
09/29/2018,DSM,IA,ACE,CE,Combined TRACON& Tower with Radar,65,13,25,0,103,0,1,10,0,11,65,14,35,0,114,6,0,6,120
09/30/2018,DSM,IA,ACE,CE,Combined TRACON& Tower with Radar,92,25,28,0,145,0,0,0,0,0,92,25,28,0,145,0,0,0,145
10/01/2018,DSM,IA,ACE,CE,Combined TRACON& Tower with Radar,102,18,55,0,175,0,0,0,0,0,102,18,55,0,175,0,0,0,175
10/02/2018,DSM,IA,ACE,CE,Combined TRACON& Tower with Radar,98,24,54,2,178,0,2,0,0,2,98,26,54,2,180,0,0,0,180
10/03/2018,DSM,IA,ACE,CE,Combined TRACON& Tower with Radar,90,29,68,4,191,0,4,18,0,22,90,33,86,4,213,2,6,8,221
10/04/2018,DSM,IA,ACE,CE,Combined TRACON& Tower with Radar,95,22,63,2,182,0,5,31,0,36,95,27,94,2,218,6,0,6,224
10/05/2018,DSM,IA,ACE,CE,Combined TRACON& Tower with Radar,90,33,57,0,180,0,0,2,0,2,90,33,59,0,182,0,0,0,182
10/06/2018,DSM,IA,ACE,CE,Combined TRACON& Tower with Radar,61,23,20,0,104,0,2,3,0,5,61,25,23,0,109,0,0,0,109
10/07/2018,DSM,IA,ACE,CE,Combined TRACON& Tower with Radar,92,25,20,0,137,0,0,0,0,0,92,25,20,0,137,0,0,0,137
10/08/2018,DSM,IA,ACE,CE,Combined TRACON& Tower with Radar,90,22,36,0,148,0,1,0,0,1,90,23,36,0,149,0,0,0,149
10/09/2018,DSM,IA,ACE,CE,Combined TRACON& Tower with Radar,81,24,59,0,164,0,0,0,0,0,81,24,59,0,164,0,0,0,164
10/10/2018,DSM,IA,ACE,CE,Combined TRACON& Tower with Radar,83,35,59,4,181,0,6,9,0,15,83,41,68,4,196,0,0,0,196
10/11/2018,DSM,IA,ACE,CE,Combined TRACON& Tower with Radar,88,28,55,5,176,0,8,41,1,50,88,36,96,6,226,38,6,44,270
10/12/2018,DSM,IA,ACE,CE,Combined TRACON& Tower with Radar,95,25,56,0,176,0,4,8,0,12,95,29,64,0,188,18,0,18,206
10/13/2018,DSM,IA,ACE,CE,Combined TRACON& Tower with Radar,59,22,36,0,117,0,5,14,0,19,59,27,50,0,136,22,0,22,158
10/14/2018,DSM,IA,ACE,CE,Combined TRACON& Tower with Radar,90,21,26,0,137,0,0,1,0,1,90,21,27,0,138,16,0,16,154
10/15/2018,DSM,IA,ACE,CE,Combined TRACON& Tower with Radar,90,28,67,0,185,0,2,41,2,45,90,30,108,2,230,18,0,18,248
10/16/2018,DSM,IA,ACE,CE,Combined TRACON& Tower with Radar,85,22,54,1,162,0,1,28,0,29,85,23,82,1,191,38,0,38,229
10/17/2018,DSM,IA,ACE,CE,Combined TRACON& Tower with Radar,84,25,54,4,167,0,9,41,0,50,84,34,95,4,217,18,0,18,235
10/18/2018,DSM,IA,ACE,CE,Combined TRACON& Tower with Radar,92,24,47,5,168,0,7,29,1,37,92,31,76,6,205,8,2,10,215
10/19/2018,DSM,IA,ACE,CE,Combined TRACON& Tower with Radar,94,25,58,3,180,0,1,19,22,42,94,26,77,25,222,2,30,32,254
10/20/2018,DSM,IA,ACE,CE,Combined TRACON& Tower with Radar,58,19,11,2,90,0,6,10,0,16,58,25,21,2,106,0,0,0,106
10/21/2018,DSM,IA,ACE,CE,Combined TRACON& Tower with Radar,87,27,34,0,148,0,4,31,0,35,87,31,65,0,183,13,0,13,196
10/22/2018,DSM,IA,ACE,CE,Combined TRACON& Tower with Radar,86,28,59,0,173,0,2,29,0,31,86,30,88,0,204,32,0,32,236
10/23/2018,DSM,IA,ACE,CE,Combined TRACON& Tower with Radar,86,23,61,0,170,0,3,33,2,38,86,26,94,2,208,36,0,36,244
10/24/2018,DSM,IA,ACE,CE,Combined TRACON& Tower with Radar,84,37,55,4,180,0,2,49,4,55,84,39,104,8,235,17,4,21,256
10/25/2018,DSM,IA,ACE,CE,Combined TRACON& Tower with Radar,96,27,67,13,203,0,7,34,0,41,96,34,101,13,244,16,6,22,266
10/26/2018,DSM,IA,ACE,CE,Combined TRACON& Tower with Radar,95,22,70,2,189,0,16,50,0,66,95,38,120,2,255,50,2,52,307
10/27/2018,DSM,IA,ACE,CE,Combined TRACON& Tower with Radar,58,13,17,0,88,0,5,67,0,72,58,18,84,0,160,12,0,12,172
10/28/2018,DSM,IA,ACE,CE,Combined TRACON& Tower with Radar,91,10,23,0,124,0,9,15,0,24,91,19,38,0,148,0,0,0,148
10/29/2018,DSM,IA,ACE,CE,Combined TRACON& Tower with Radar,92,14,45,2,153,0,13,27,0,40,92,27,72,2,193,5,0,5,198
10/30/2018,DSM,IA,ACE,CE,Combined TRACON& Tower with Radar,88,17,42,2,149,0,9,40,0,49,88,26,82,2,198,10,0,10,208
10/31/2018,DSM,IA,ACE,CE,Combined TRACON& Tower with Radar,74,24,64,5,167,0,9,39,1,49,74,33,103,6,216,12,0,12,228
11/01/2018,DSM,IA,ACE,CE,Combined TRACON& Tower with Radar,98,21,45,4,168,0,4,37,0,41,98,25,82,4,209,38,0,38,247
11/02/2018,DSM,IA,ACE,CE,Combined TRACON& Tower with Radar,98,20,40,4,162,0,2,41,0,43,98,22,81,4,205,52,2,54,259
11/03/2018,DSM,IA,ACE,CE,Combined TRACON& Tower with Radar,66,12,32,0,110,0,5,2,0,7,66,17,34,0,117,2,0,2,119
11/04/2018,DSM,IA,ACE,CE,Combined TRACON& Tower with Radar,91,23,22,3,139,0,4,2,0,6,91,27,24,3,145,0,0,0,145
11/05/2018,DSM,IA,ACE,CE,Combined TRACON& Tower with Radar,94,24,59,6,183,0,1,3,0,4,94,25,62,6,187,0,0,0,187
11/06/2018,DSM,IA,ACE,CE,Combined TRACON& Tower with Radar,91,17,50,4,162,0,2,5,3,10,91,19,55,7,172,0,0,0,172
11/07/2018,DSM,IA,ACE,CE,Combined TRACON& Tower with Radar,91,16,58,2,167,0,7,38,0,45,91,23,96,2,212,34,0,34,246
11/08/2018,DSM,IA,ACE,CE,Combined TRACON& Tower with Radar,100,26,58,18,202,0,6,16,0,22,100,32,74,18,224,2,10,12,236
11/09/2018,DSM,IA,ACE,CE,Combined TRACON& Tower with Radar,107,16,37,5,165,0,7,9,0,16,107,23,46,5,181,8,6,14,195
11/10/2018,DSM,IA,ACE,CE,Combined TRACON& Tower with Radar,72,6,29,1,108,0,8,51,3,62,72,14,80,4,170,16,0,16,186
11/11/2018,DSM,IA,ACE,CE,Combined TRACON& Tower with Radar,95,21,22,1,139,0,2,29,2,33,95,23,51,3,172,18,0,18,190
11/12/2018,DSM,IA,ACE,CE,Combined TRACON& Tower with Radar,94,17,50,0,161,0,5,22,0,27,94,22,72,0,188,6,0,6,194
11/13/2018,DSM,IA,ACE,CE,Combined TRACON& Tower with Radar,99,23,58,4,184,0,2,41,0,43,99,25,99,4,227,34,0,34,261
11/14/2018,DSM,IA,ACE,CE,Combined TRACON& Tower with Radar,94,20,74,8,196,0,4,59,0,63,94,24,133,8,259,24,10,34,293
11/15/2018,DSM,IA,ACE,CE,Combined TRACON& Tower with Radar,96,23,77,1,197,0,2,60,1,63,96,25,137,2,260,46,0,46,306
11/16/2018,DSM,IA,ACE,CE,Combined TRACON& Tower with Radar,106,23,72,4,205,0,11,34,0,45,106,34,106,4,250,60,0,60,310
11/17/2018,DSM,IA,ACE,CE,Combined TRACON& Tower with Radar,73,11,19,0,103,0,1,0,0,1,73,12,19,0,104,0,0,0,104
11/18/2018,DSM,IA,ACE,CE,Combined TRACON& Tower with Radar,96,15,29,2,142,0,5,33,0,38,96,20,62,2,180,16,0,16,196
11/19/2018,DSM,IA,ACE,CE,Combined TRACON& Tower with Radar,88,27,56,0,171,0,4,13,0,17,88,31,69,0,188,8,0,8,196
11/20/2018,DSM,IA,ACE,CE,Combined TRACON& Tower with Radar,97,27,53,2,179,0,5,16,0,21,97,32,69,2,200,26,0,26,226
11/21/2018,DSM,IA,ACE,CE,Combined TRACON& Tower with Radar,107,15,34,0,156,0,3,22,0,25,107,18,56,0,181,20,0,20,201
11/22/2018,DSM,IA,ACE,CE,Combined TRACON& Tower with Radar,46,10,8,0,64,0,3,12,0,15,46,13,20,0,79,0,0,0,79
11/23/2018,DSM,IA,ACE,CE,Combined TRACON& Tower with Radar,72,8,15,0,95,0,3,2,0,5,72,11,17,0,100,6,0,6,106
11/24/2018,DSM,IA,ACE,CE,Combined TRACON& Tower with Radar,92,14,30,0,136,0,6,34,1,41,92,20,64,1,177,20,0,20,197
11/25/2018,DSM,IA,ACE,CE,Combined TRACON& Tower with Radar,95,11,18,0,124,0,2,3,0,5,95,13,21,0,129,0,0,0,129
11/26/2018,DSM,IA,ACE,CE,Combined TRACON& Tower with Radar,93,12,66,0,171,0,2,12,0,14,93,14,78,0,185,0,0,0,185
11/27/2018,DSM,IA,ACE,CE,Combined TRACON& Tower with Radar,99,19,53,2,173,0,6,40,0,46,99,25,93,2,219,54,0,54,273
11/28/2018,DSM,IA,ACE,CE,Combined TRACON& Tower with Radar,95,30,56,10,191,0,10,22,2,34,95,40,78,12,225,24,10,34,259
11/29/2018,DSM,IA,ACE,CE,Combined TRACON& Tower with Radar,99,18,61,2,180,0,3,22,0,25,99,21,83,2,205,8,0,8,213
11/30/2018,DSM,IA,ACE,CE,Combined TRACON& Tower with Radar,96,23,49,2,170,0,3,14,0,17,96,26,63,2,187,29,0,29,216
12/01/2018,DSM,IA,ACE,CE,Combined TRACON& Tower with Radar,66,19,11,0,96,0,0,1,0,1,66,19,12,0,97,0,0,0,97
12/02/2018,DSM,IA,ACE,CE,Combined TRACON& Tower with Radar,90,14,26,0,130,0,0,0,0,0,90,14,26,0,130,0,0,0,130
12/03/2018,DSM,IA,ACE,CE,Combined TRACON& Tower with Radar,92,22,46,1,161,0,4,5,5,14,92,26,51,6,175,0,0,0,175
12/04/2018,DSM,IA,ACE,CE,Combined TRACON& Tower with Radar,90,16,74,0,180,0,3,4,0,7,90,19,78,0,187,0,0,0,187
12/05/2018,DSM,IA,ACE,CE,Combined TRACON& Tower with Radar,99,22,73,1,195,0,3,46,1,50,99,25,119,2,245,42,0,42,287
12/06/2018,DSM,IA,ACE,CE,Combined TRACON& Tower with Radar,96,23,50,3,172,0,5,18,4,27,96,28,68,7,199,24,0,24,223
12/07/2018,DSM,IA,ACE,CE,Combined TRACON& Tower with Radar,101,16,43,1,161,0,13,29,0,42,101,29,72,1,203,14,0,14,217
12/08/2018,DSM,IA,ACE,CE,Combined TRACON& Tower with Radar,60,21,12,0,93,0,6,39,0,45,60,27,51,0,138,0,0,0,138
12/09/2018,DSM,IA,ACE,CE,Combined TRACON& Tower with Radar,83,24,25,0,132,0,4,31,0,35,83,28,56,0,167,43,0,43,210
12/10/2018,DSM,IA,ACE,CE,Combined TRACON& Tower with Radar,93,23,53,2,171,0,4,29,2,35,93,27,82,4,206,18,0,18,224
12/11/2018,DSM,IA,ACE,CE,Combined TRACON& Tower with Radar,90,19,58,4,171,0,6,42,6,54,90,25,100,10,225,30,4,34,259
12/12/2018,DSM,IA,ACE,CE,Combined TRACON& Tower with Radar,96,15,35,3,149,0,4,13,5,22,96,19,48,8,171,16,0,16,187
12/13/2018,DSM,IA,ACE,CE,Combined TRACON& Tower with Radar,97,22,75,2,196,0,2,16,3,21,97,24,91,5,217,16,0,16,233
12/14/2018,DSM,IA,ACE,CE,Combined TRACON& Tower with Radar,103,22,59,0,184,0,1,35,1,37,103,23,94,1,221,38,0,38,259
12/15/2018,DSM,IA,ACE,CE,Combined TRACON& Tower with Radar,64,23,36,0,123,0,7,73,0,80,64,30,109,0,203,58,0,58,261
12/16/2018,DSM,IA,ACE,CE,Combined TRACON& Tower with Radar,89,18,20,0,127,0,9,27,0,36,89,27,47,0,163,2,0,2,165
12/17/2018,DSM,IA,ACE,CE,Combined TRACON& Tower with Radar,97,26,64,6,193,0,7,27,1,35,97,33,91,7,228,14,0,14,242
12/18/2018,DSM,IA,ACE,CE,Combined TRACON& Tower with Radar,86,22,66,9,183,0,7,37,1,45,86,29,103,10,228,15,0,15,243
12/19/2018,DSM,IA,ACE,CE,Combined TRACON& Tower with Radar,91,25,52,2,170,0,6,26,1,33,91,31,78,3,203,9,0,9,212
12/20/2018,DSM,IA,ACE,CE,Combined TRACON& Tower with Radar,95,35,56,11,197,0,0,5,0,5,95,35,61,11,202,0,0,0,202
12/21/2018,DSM,IA,ACE,CE,Combined TRACON& Tower with Radar,96,23,46,3,168,0,1,6,0,7,96,24,52,3,175,0,0,0,175
12/22/2018,DSM,IA,ACE,CE,Combined TRACON& Tower with Radar,88,23,17,0,128,0,0,0,0,0,88,23,17,0,128,0,0,0,128
12/23/2018,DSM,IA,ACE,CE,Combined TRACON& Tower with Radar,91,19,14,0,124,0,0,33,0,33,91,19,47,0,157,36,0,36,193
12/24/2018,DSM,IA,ACE,CE,Combined TRACON& Tower with Radar,72,15,7,0,94,0,1,25,0,26,72,16,32,0,120,32,0,32,152
12/25/2018,DSM,IA,ACE,CE,Combined TRACON& Tower with Radar,64,16,4,0,84,0,2,3,0,5,64,18,7,0,89,12,0,12,101
12/26/2018,DSM,IA,ACE,CE,Combined TRACON& Tower with Radar,102,25,26,0,153,0,0,5,0,5,102,25,31,0,158,0,0,0,158
12/27/2018,DSM,IA,ACE,CE,Combined TRACON& Tower with Radar,90,29,18,0,137,0,0,8,0,8,90,29,26,0,145,0,0,0,145
12/28/2018,DSM,IA,ACE,CE,Combined TRACON& Tower with Radar,90,21,16,0,127,0,1,4,0,5,90,22,20,0,132,0,0,0,132
12/29/2018,DSM,IA,ACE,CE,Combined TRACON& Tower with Radar,93,27,21,0,141,0,0,9,0,9,93,27,30,0,150,6,0,6,156
12/30/2018,DSM,IA,ACE,CE,Combined TRACON& Tower with Radar,87,24,17,0,128,0,0,19,0,19,87,24,36,0,147,0,0,0,147
12/31/2018,DSM,IA,ACE,CE,Combined TRACON& Tower with Radar,76,21,3,0,100,0,2,2,0,4,76,23,5,0,104,0,0,0,104
01/01/2019,DSM,IA,ACE,CE,Combined TRACON& Tower with Radar,72,22,13,0,107,0,0,2,0,2,72,22,15,0,109,1,0,1,110
01/02/2019,DSM,IA,ACE,CE,Combined TRACON& Tower with Radar,87,23,36,2,148,0,0,22,0,22,87,23,58,2,170,10,0,10,180
01/03/2019,DSM,IA,ACE,CE,Combined TRACON& Tower with Radar,81,29,42,2,154,0,0,39,2,41,81,29,81,4,195,10,0,10,205
01/04/2019,DSM,IA,ACE,CE,Combined TRACON& Tower with Radar,86,30,44,9,169,0,1,37,2,40,86,31,81,11,209,40,16,56,265
01/05/2019,DSM,IA,ACE,CE,Combined TRACON& Tower with Radar,69,28,23,2,122,0,0,60,0,60,69,28,83,2,182,22,0,22,204
01/06/2019,DSM,IA,ACE,CE,Combined TRACON& Tower with Radar,83,24,32,1,140,0,1,10,2,13,83,25,42,3,153,0,4,4,157
01/07/2019,DSM,IA,ACE,CE,Combined TRACON& Tower with Radar,85,27,54,20,186,0,0,9,0,9,85,27,63,20,195,34,10,44,239
01/08/2019,DSM,IA,ACE,CE,Combined TRACON& Tower with Radar,80,24,41,4,149,0,1,6,0,7,80,25,47,4,156,6,0,6,162
01/09/2019,DSM,IA,ACE,CE,Combined TRACON& Tower with Radar,83,21,59,2,165,0,0,31,3,34,83,21,90,5,199,6,0,6,205
01/10/2019,DSM,IA,ACE,CE,Combined TRACON& Tower with Radar,95,31,61,7,194,1,0,37,3,41,96,31,98,10,235,14,6,20,255
01/11/2019,DSM,IA,ACE,CE,Combined TRACON& Tower with Radar,85,22,49,0,156,0,0,15,0,15,85,22,64,0,171,1,2,3,174
01/12/2019,DSM,IA,ACE,CE,Combined TRACON& Tower with Radar,65,22,13,0,100,0,0,0,0,0,65,22,13,0,100,0,0,0,100
01/13/2019,DSM,IA,ACE,CE,Combined TRACON& Tower with Radar,85,24,29,0,138,0,0,5,0,5,85,24,34,0,143,0,0,0,143
01/14/2019,DSM,IA,ACE,CE,Combined TRACON& Tower with Radar,87,23,39,0,149,0,0,0,0,0,87,23,39,0,149,0,0,0,149
01/15/2019,DSM,IA,ACE,CE,Combined TRACON& Tower with Radar,84,27,45,1,157,0,0,0,0,0,84,27,45,1,157,0,0,0,157
01/16/2019,DSM,IA,ACE,CE,Combined TRACON& Tower with Radar,85,27,62,3,177,0,1,7,0,8,85,28,69,3,185,4,0,4,189
01/17/2019,DSM,IA,ACE,CE,Combined TRACON& Tower with Radar,93,19,35,11,158,0,0,2,0,2,93,19,37,11,160,0,4,4,164
01/18/2019,DSM,IA,ACE,CE,Combined TRACON& Tower with Radar,76,27,27,1,131,0,0,2,0,2,76,27,29,1,133,0,0,0,133
01/19/2019,DSM,IA,ACE,CE,Combined TRACON& Tower with Radar,59,18,13,1,91,0,0,3,3,6,59,18,16,4,97,0,0,0,97
01/20/2019,DSM,IA,ACE,CE,Combined TRACON& Tower with Radar,67,23,19,1,110,0,0,4,1,5,67,23,23,2,115,0,0,0,115
01/21/2019,DSM,IA,ACE,CE,Combined TRACON& Tower with Radar,80,20,58,0,158,0,0,8,0,8,80,20,66,0,166,2,0,2,168
01/22/2019,DSM,IA,ACE,CE,Combined TRACON& Tower with Radar,75,15,27,0,117,0,0,0,0,0,75,15,27,0,117,0,0,0,117
01/23/2019,DSM,IA,ACE,CE,Combined TRACON& Tower with Radar,85,28,61,4,178,0,0,16,0,16,85,28,77,4,194,0,0,0,194
01/24/2019,DSM,IA,ACE,CE,Combined TRACON& Tower with Radar,91,28,50,7,176,0,1,2,7,10,91,29,52,14,186,2,14,16,202
01/25/2019,DSM,IA,ACE,CE,Combined TRACON& Tower with Radar,87,18,50,0,155,0,1,2,0,3,87,19,52,0,158,0,0,0,158
01/26/2019,DSM,IA,ACE,CE,Combined TRACON& Tower with Radar,65,20,18,0,103,0,0,9,0,9,65,20,27,0,112,0,0,0,112
01/27/2019,DSM,IA,ACE,CE,Combined TRACON& Tower with Radar,75,24,24,0,123,0,0,3,0,3,75,24,27,0,126,0,0,0,126
01/28/2019,DSM,IA,ACE,CE,Combined TRACON& Tower with Radar,84,16,36,1,137,0,2,2,0,4,84,18,38,1,141,0,4,4,145
01/29/2019,DSM,IA,ACE,CE,Combined TRACON& Tower with Radar,82,29,32,5,148,0,1,9,1,11,82,30,41,6,159,1,0,1,160
01/30/2019,DSM,IA,ACE,CE,Combined TRACON& Tower with Radar,81,16,34,1,132,0,0,6,0,6,81,16,40,1,138,0,0,0,138
01/31/2019,DSM,IA,ACE,CE,Combined TRACON& Tower with Radar,82,10,44,0,136,0,0,2,0,2,82,10,46,0,138,0,0,0,138
02/01/2019,DSM,IA,ACE,CE,Combined TRACON& Tower with Radar,90,18,43,0,151,0,0,15,0,15,90,18,58,0,166,20,0,20,186
02/02/2019,DSM,IA,ACE,CE,Combined TRACON& Tower with Radar,61,23,14,1,99,0,0,0,0,0,61,23,14,1,99,5,0,5,104
02/03/2019,DSM,IA,ACE,CE,Combined TRACON& Tower with Radar,57,15,14,1,87,0,0,0,0,0,57,15,14,1,87,0,0,0,87
02/04/2019,DSM,IA,ACE,CE,Combined TRACON& Tower with Radar,86,24,45,0,155,1,0,7,0,8,87,24,52,0,163,0,0,0,163
02/05/2019,DSM,IA,ACE,CE,Combined TRACON& Tower with Radar,84,15,26,2,127,0,0,6,0,6,84,15,32,2,133,0,0,0,133
02/06/2019,DSM,IA,ACE,CE,Combined TRACON& Tower with Radar,84,24,50,2,160,0,0,0,0,0,84,24,50,2,160,0,0,0,160
02/07/2019,DSM,IA,ACE,CE,Combined TRACON& Tower with Radar,97,23,44,4,168,0,0,1,0,1,97,23,45,4,169,0,0,0,169
02/08/2019,DSM,IA,ACE,CE,Combined TRACON& Tower with Radar,89,22,52,2,165,0,0,16,0,16,89,22,68,2,181,10,0,10,191
02/09/2019,DSM,IA,ACE,CE,Combined TRACON& Tower with Radar,70,27,27,2,126,0,0,21,1,22,70,27,48,3,148,12,0,12,160
02/10/2019,DSM,IA,ACE,CE,Combined TRACON& Tower with Radar,79,24,15,3,121,0,0,4,0,4,79,24,19,3,125,0,0,0,125
02/11/2019,DSM,IA,ACE,CE,Combined TRACON& Tower with Radar,79,22,40,0,141,0,0,0,0,0,79,22,40,0,141,0,0,0,141
02/12/2019,DSM,IA,ACE,CE,Combined TRACON& Tower with Radar,82,19,47,4,152,3,0,1,0,4,85,19,48,4,156,4,2,6,162
02/13/2019,DSM,IA,ACE,CE,Combined TRACON& Tower with Radar,87,35,56,5,183,0,0,15,2,17,87,35,71,7,200,2,0,2,202
02/14/2019,DSM,IA,ACE,CE,Combined TRACON& Tower with Radar,95,31,44,3,173,0,0,6,0,6,95,31,50,3,179,0,16,16,195
02/15/2019,DSM,IA,ACE,CE,Combined TRACON& Tower with Radar,91,30,45,1,167,0,0,12,1,13,91,30,57,2,180,20,2,22,202
02/16/2019,DSM,IA,ACE,CE,Combined TRACON& Tower with Radar,64,20,31,0,115,0,2,26,0,28,64,22,57,0,143,42,0,42,185
02/17/2019,DSM,IA,ACE,CE,Combined TRACON& Tower with Radar,63,17,11,0,91,0,0,1,0,1,63,17,12,0,92,0,0,0,92
02/18/2019,DSM,IA,ACE,CE,Combined TRACON& Tower with Radar,86,29,37,0,152,0,0,12,0,12,86,29,49,0,164,10,0,10,174
02/19/2019,DSM,IA,ACE,CE,Combined TRACON& Tower with Radar,83,29,48,4,164,0,1,12,0,13,83,30,60,4,177,6,0,6,183
02/20/2019,DSM,IA,ACE,CE,Combined TRACON& Tower with Radar,88,26,41,1,156,0,1,9,1,11,88,27,50,2,167,0,0,0,167
02/21/2019,DSM,IA,ACE,CE,Combined TRACON& Tower with Radar,96,31,53,4,184,0,0,13,5,18,96,31,66,9,202,4,2,6,208
02/22/2019,DSM,IA,ACE,CE,Combined TRACON& Tower with Radar,95,34,54,0,183,0,0,24,1,25,95,34,78,1,208,14,0,14,222
02/23/2019,DSM,IA,ACE,CE,Combined TRACON& Tower with Radar,57,19,11,0,87,0,0,0,0,0,57,19,11,0,87,0,0,0,87
02/24/2019,DSM,IA,ACE,CE,Combined TRACON& Tower with Radar,83,21,30,0,134,0,0,2,0,2,83,21,32,0,136,0,0,0,136
02/25/2019,DSM,IA,ACE,CE,Combined TRACON& Tower with Radar,88,31,44,4,167,0,0,4,0,4,88,31,48,4,171,0,0,0,171
02/26/2019,DSM,IA,ACE,CE,Combined TRACON& Tower with Radar,91,25,42,1,159,0,1,4,1,6,91,26,46,2,165,0,0,0,165
02/27/2019,DSM,IA,ACE,CE,Combined TRACON& Tower with Radar,93,25,52,4,174,0,2,14,4,20,93,27,66,8,194,0,0,0,194
02/28/2019,DSM,IA,ACE,CE,Combined TRACON& Tower with Radar,93,26,77,2,198,0,2,12,2,16,93,28,89,4,214,0,0,0,214
03/01/2019,DSM,IA,ACE,CE,Combined TRACON& Tower with Radar,93,30,42,2,167,0,0,10,3,13,93,30,52,5,180,0,0,0,180
03/02/2019,DSM,IA,ACE,CE,Combined TRACON& Tower with Radar,72,21,18,1,112,0,4,7,0,11,72,25,25,1,123,0,0,0,123
03/03/2019,DSM,IA,ACE,CE,Combined TRACON& Tower with Radar,80,31,36,2,149,0,0,14,0,14,80,31,50,2,163,11,0,11,174
03/04/2019,DSM,IA,ACE,CE,Combined TRACON& Tower with Radar,88,28,48,1,165,0,0,2,0,2,88,28,50,1,167,0,0,0,167
03/05/2019,DSM,IA,ACE,CE,Combined TRACON& Tower with Radar,92,25,44,1,162,0,1,16,0,17,92,26,60,1,179,0,0,0,179
03/06/2019,DSM,IA,ACE,CE,Combined TRACON& Tower with Radar,95,34,62,0,191,0,1,19,5,25,95,35,81,5,216,10,0,10,226
03/07/2019,DSM,IA,ACE,CE,Combined TRACON& Tower with Radar,89,30,32,4,155,0,0,7,0,7,89,30,39,4,162,0,0,0,162
03/08/2019,DSM,IA,ACE,CE,Combined TRACON& Tower with Radar,88,32,26,1,147,0,0,5,0,5,88,32,31,1,152,0,0,0,152
03/09/2019,DSM,IA,ACE,CE,Combined TRACON& Tower with Radar,85,25,6,0,116,0,0,0,0,0,85,25,6,0,116,0,0,0,116
03/10/2019,DSM,IA,ACE,CE,Combined TRACON& Tower with Radar,82,29,27,0,138,0,0,14,3,17,82,29,41,3,155,43,0,43,198
03/11/2019,DSM,IA,ACE,CE,Combined TRACON& Tower with Radar,82,26,53,2,163,0,0,31,0,31,82,26,84,2,194,30,0,30,224
03/12/2019,DSM,IA,ACE,CE,Combined TRACON& Tower with Radar,91,31,38,7,167,0,1,6,0,7,91,32,44,7,174,0,12,12,186
03/13/2019,DSM,IA,ACE,CE,Combined TRACON& Tower with Radar,94,24,48,0,166,0,0,0,0,0,94,24,48,0,166,0,0,0,166
03/14/2019,DSM,IA,ACE,CE,Combined TRACON& Tower with Radar,99,22,39,9,169,0,0,4,0,4,99,22,43,9,173,0,0,0,173
03/15/2019,DSM,IA,ACE,CE,Combined TRACON& Tower with Radar,90,32,54,4,180,0,0,7,2,9,90,32,61,6,189,6,0,6,195
03/16/2019,DSM,IA,ACE,CE,Combined TRACON& Tower with Radar,88,26,28,0,142,0,1,28,0,29,88,27,56,0,171,18,0,18,189
03/17/2019,DSM,IA,ACE,CE,Combined TRACON& Tower with Radar,80,27,15,0,122,0,0,12,0,12,80,27,27,0,134,17,0,17,151
03/18/2019,DSM,IA,ACE,CE,Combined TRACON& Tower with Radar,87,28,30,2,147,0,0,23,0,23,87,28,53,2,170,14,0,14,184
03/19/2019,DSM,IA,ACE,CE,Combined TRACON& Tower with Radar,104,31,39,0,174,0,0,13,0,13,104,31,52,0,187,30,0,30,217
03/20/2019,DSM,IA,ACE,CE,Combined TRACON& Tower with Radar,102,30,65,2,199,0,0,7,0,7,102,30,72,2,206,6,0,6,212
03/21/2019,DSM,IA,ACE,CE,Combined TRACON& Tower with Radar,92,44,89,0,225,0,1,33,4,38,92,45,122,4,263,7,0,7,270
03/22/2019,DSM,IA,ACE,CE,Combined TRACON& Tower with Radar,91,37,33,8,169,0,0,32,5,37,91,37,65,13,206,38,2,40,246
03/23/2019,DSM,IA,ACE,CE,Combined TRACON& Tower with Radar,96,30,38,0,164,0,3,29,0,32,96,33,67,0,196,4,2,6,202
03/24/2019,DSM,IA,ACE,CE,Combined TRACON& Tower with Radar,92,36,35,0,163,0,0,0,0,0,92,36,35,0,163,1,0,1,164
03/25/2019,DSM,IA,ACE,CE,Combined TRACON& Tower with Radar,84,29,49,0,162,0,0,10,0,10,84,29,59,0,172,2,0,2,174
03/26/2019,DSM,IA,ACE,CE,Combined TRACON& Tower with Radar,94,24,67,5,190,0,1,28,3,32,94,25,95,8,222,18,0,18,240
03/27/2019,DSM,IA,ACE,CE,Combined TRACON& Tower with Radar,93,32,52,2,179,0,0,13,5,18,93,32,65,7,197,0,0,0,197
03/28/2019,DSM,IA,ACE,CE,Combined TRACON& Tower with Radar,90,33,43,9,175,0,1,21,0,22,90,34,64,9,197,12,0,12,209
03/29/2019,DSM,IA,ACE,CE,Combined TRACON& Tower with Radar,90,33,49,2,174,0,0,12,0,12,90,33,61,2,186,0,0,0,186
03/30/2019,DSM,IA,ACE,CE,Combined TRACON& Tower with Radar,74,24,10,0,108,0,0,2,0,2,74,24,12,0,110,0,0,0,110
03/31/2019,DSM,IA,ACE,CE,Combined TRACON& Tower with Radar,86,30,25,0,141,0,2,30,0,32,86,32,55,0,173,22,0,22,195
04/01/2019,DSM,IA,ACE,CE,Combined TRACON& Tower with Radar,85,32,43,0,160,1,1,13,0,15,86,33,56,0,175,0,0,0,175
04/02/2019,DSM,IA,ACE,CE,Combined TRACON& Tower with Radar,102,20,59,6,187,0,0,22,0,22,102,20,81,6,209,6,0,6,215
04/03/2019,DSM,IA,ACE,CE,Combined TRACON& Tower with Radar,102,29,42,4,177,0,1,16,3,20,102,30,58,7,197,14,0,14,211
04/04/2019,DSM,IA,ACE,CE,Combined TRACON& Tower with Radar,99,36,43,6,184,0,0,5,2,7,99,36,48,8,191,0,2,2,193
04/05/2019,DSM,IA,ACE,CE,Combined TRACON& Tower with Radar,97,29,53,8,187,0,1,3,0,4,97,30,56,8,191,0,0,0,191
04/06/2019,DSM,IA,ACE,CE,Combined TRACON& Tower with Radar,79,21,26,5,131,0,0,3,0,3,79,21,29,5,134,0,0,0,134
04/07/2019,DSM,IA,ACE,CE,Combined TRACON& Tower with Radar,96,21,16,6,139,0,1,5,1,7,96,22,21,7,146,20,0,20,166
04/08/2019,DSM,IA,ACE,CE,Combined TRACON& Tower with Radar,93,29,51,2,175,0,1,49,0,50,93,30,100,2,225,16,0,16,241
04/09/2019,DSM,IA,ACE,CE,Combined TRACON& Tower with Radar,92,30,61,4,187,0,3,30,0,33,92,33,91,4,220,8,0,8,228
04/10/2019,DSM,IA,ACE,CE,Combined TRACON& Tower with Radar,96,29,65,0,190,0,0,1,0,1,96,29,66,0,191,0,0,0,191
04/11/2019,DSM,IA,ACE,CE,Combined TRACON& Tower with Radar,94,36,37,3,170,0,0,9,0,9,94,36,46,3,179,0,0,0,179
04/12/2019,DSM,IA,ACE,CE,Combined TRACON& Tower with Radar,100,33,43,2,178,0,0,9,0,9,100,33,52,2,187,0,0,0,187
04/13/2019,DSM,IA,ACE,CE,Combined TRACON& Tower with Radar,75,22,30,0,127,0,1,34,0,35,75,23,64,0,162,28,0,28,190
04/14/2019,DSM,IA,ACE,CE,Combined TRACON& Tower with Radar,89,16,13,3,121,0,0,15,0,15,89,16,28,3,136,10,0,10,146
04/15/2019,DSM,IA,ACE,CE,Combined TRACON& Tower with Radar,95,29,46,5,175,0,0,17,0,17,95,29,63,5,192,4,0,4,196
04/16/2019,DSM,IA,ACE,CE,Combined TRACON& Tower with Radar,102,34,45,2,183,0,1,31,0,32,102,35,76,2,215,4,0,4,219
04/17/2019,DSM,IA,ACE,CE,Combined TRACON& Tower with Radar,102,33,55,0,190,0,1,1,0,2,102,34,56,0,192,0,0,0,192
04/18/2019,DSM,IA,ACE,CE,Combined TRACON& Tower with Radar,99,34,64,2,199,0,1,5,4,10,99,35,69,6,209,8,2,10,219
04/19/2019,DSM,IA,ACE,CE,Combined TRACON& Tower with Radar,96,35,55,4,190,0,0,32,0,32,96,35,87,4,222,0,0,0,222
04/20/2019,DSM,IA,ACE,CE,Combined TRACON& Tower with Radar,66,23,26,2,117,0,0,42,0,42,66,23,68,2,159,27,0,27,186
04/21/2019,DSM,IA,ACE,CE,Combined TRACON& Tower with Radar,83,19,17,0,119,0,0,12,0,12,83,19,29,0,131,0,0,0,131
04/22/2019,DSM,IA,ACE,CE,Combined TRACON& Tower with Radar,91,30,43,4,168,0,0,9,0,9,91,30,52,4,177,8,0,8,185
04/23/2019,DSM,IA,ACE,CE,Combined TRACON& Tower with Radar,92,23,50,2,167,0,0,35,2,37,92,23,85,4,204,49,6,55,259
04/24/2019,DSM,IA,ACE,CE,Combined TRACON& Tower with Radar,98,35,67,20,220,0,1,29,1,31,98,36,96,21,251,14,13,27,278
04/25/2019,DSM,IA,ACE,CE,Combined TRACON& Tower with Radar,96,31,50,2,179,0,0,15,0,15,96,31,65,2,194,6,0,6,200
04/26/2019,DSM,IA,ACE,CE,Combined TRACON& Tower with Radar,95,24,55,5,179,0,0,31,2,33,95,24,86,7,212,6,0,6,218
04/27/2019,DSM,IA,ACE,CE,Combined TRACON& Tower with Radar,78,23,14,0,115,0,0,3,0,3,78,23,17,0,118,0,0,0,118
04/28/2019,DSM,IA,ACE,CE,Combined TRACON& Tower with Radar,89,22,35,2,148,0,0,12,0,12,89,22,47,2,160,10,0,10,170
04/29/2019,DSM,IA,ACE,CE,Combined TRACON& Tower with Radar,98,22,43,0,163,0,0,28,0,28,98,22,71,0,191,18,0,18,209
04/30/2019,DSM,IA,ACE,CE,Combined TRACON& Tower with Radar,92,19,35,0,146,0,0,1,0,1,92,19,36,0,147,4,0,4,151
05/01/2019,DSM,IA,ACE,CE,Combined TRACON& Tower with Radar,93,22,55,0,170,0,4,2,0,6,93,26,57,0,176,0,0,0,176
05/02/2019,DSM,IA,ACE,CE,Combined TRACON& Tower with Radar,101,32,63,6,202,0,0,27,3,30,101,32,90,9,232,42,3,45,277
05/03/2019,DSM,IA,ACE,CE,Combined TRACON& Tower with Radar,104,21,53,9,187,0,0,28,4,32,104,21,81,13,219,20,20,40,259
05/04/2019,DSM,IA,ACE,CE,Combined TRACON& Tower with Radar,82,23,26,0,131,0,2,45,0,47,82,25,71,0,178,6,0,6,184
05/05/2019,DSM,IA,ACE,CE,Combined TRACON& Tower with Radar,90,26,25,0,141,0,0,17,0,17,90,26,42,0,158,0,0,0,158
05/06/2019,DSM,IA,ACE,CE,Combined TRACON& Tower with Radar,97,28,50,2,177,0,0,7,0,7,97,28,57,2,184,26,0,26,210
05/07/2019,DSM,IA,ACE,CE,Combined TRACON& Tower with Radar,91,20,59,7,177,0,0,9,1,10,91,20,68,8,187,0,4,4,191
05/08/2019,DSM,IA,ACE,CE,Combined TRACON& Tower with Radar,99,31,33,2,165,0,1,0,0,1,99,32,33,2,166,0,0,0,166
05/09/2019,DSM,IA,ACE,CE,Combined TRACON& Tower with Radar,104,22,48,0,174,0,0,10,0,10,104,22,58,0,184,6,0,6,190
05/10/2019,DSM,IA,ACE,CE,Combined TRACON& Tower with Radar,104,31,60,3,198,0,0,43,0,43,104,31,103,3,241,8,0,8,249
05/11/2019,DSM,IA,ACE,CE,Combined TRACON& Tower with Radar,69,24,31,1,125,0,1,4,0,5,69,25,35,1,130,0,0,0,130
05/12/2019,DSM,IA,ACE,CE,Combined TRACON& Tower with Radar,89,25,24,0,138,0,0,10,0,10,89,25,34,0,148,4,0,4,152
05/13/2019,DSM,IA,ACE,CE,Combined TRACON& Tower with Radar,98,19,63,4,184,0,0,29,0,29,98,19,92,4,213,34,8,42,255
05/14/2019,DSM,IA,ACE,CE,Combined TRACON& Tower with Radar,97,29,51,0,177,0,1,19,0,20,97,30,70,0,197,1,0,1,198
05/15/2019,DSM,IA,ACE,CE,Combined TRACON& Tower with Radar,101,27,42,2,172,1,3,38,0,42,102,30,80,2,214,36,0,36,250
05/16/2019,DSM,IA,ACE,CE,Combined TRACON& Tower with Radar,98,23,64,0,185,0,3,33,3,39,98,26,97,3,224,6,0,6,230
05/17/2019,DSM,IA,ACE,CE,Combined TRACON& Tower with Radar,110,26,47,1,184,0,0,10,3,13,110,26,57,4,197,32,0,32,229
05/18/2019,DSM,IA,ACE,CE,Combined TRACON& Tower with Radar,67,17,17,5,106,0,2,16,2,20,67,19,33,7,126,0,0,0,126
05/19/2019,DSM,IA,ACE,CE,Combined TRACON& Tower with Radar,94,35,18,0,147,0,0,3,0,3,94,35,21,0,150,0,0,0,150
05/20/2019,DSM,IA,ACE,CE,Combined TRACON& Tower with Radar,96,37,63,3,199,0,0,21,6,27,96,37,84,9,226,4,3,7,233
05/21/2019,DSM,IA,ACE,CE,Combined TRACON& Tower with Radar,103,23,50,0,176,0,0,1,0,1,103,23,51,0,177,0,0,0,177
05/22/2019,DSM,IA,ACE,CE,Combined TRACON& Tower with Radar,105,30,69,16,220,0,0,22,0,22,105,30,91,16,242,2,0,2,244
05/23/2019,DSM,IA,ACE,CE,Combined TRACON& Tower with Radar,106,19,57,4,186,0,0,55,8,63,106,19,112,12,249,32,0,32,281
05/24/2019,DSM,IA,ACE,CE,Combined TRACON& Tower with Radar,112,19,36,0,167,1,0,6,0,7,113,19,42,0,174,24,0,24,198
05/25/2019,DSM,IA,ACE,CE,Combined TRACON& Tower with Radar,68,13,31,0,112,0,1,14,0,15,68,14,45,0,127,20,0,20,147
05/26/2019,DSM,IA,ACE,CE,Combined TRACON& Tower with Radar,78,18,21,0,117,0,1,27,0,28,78,19,48,0,145,26,13,39,184
05/27/2019,DSM,IA,ACE,CE,Combined TRACON& Tower with Radar,99,10,19,0,128,0,0,5,2,7,99,10,24,2,135,1,0,1,136
05/28/2019,DSM,IA,ACE,CE,Combined TRACON& Tower with Radar,88,15,33,1,137,0,7,6,0,13,88,22,39,1,150,0,0,0,150
05/29/2019,DSM,IA,ACE,CE,Combined TRACON& Tower with Radar,108,31,38,4,181,0,0,7,2,9,108,31,45,6,190,0,0,0,190
05/30/2019,DSM,IA,ACE,CE,Combined TRACON& Tower with Radar,106,21,59,13,199,0,0,23,4,27,106,21,82,17,226,5,0,5,231
05/31/2019,DSM,IA,ACE,CE,Combined TRACON& Tower with Radar,110,21,52,6,189,3,2,30,2,37,113,23,82,8,226,14,22,36,262
06/01/2019,DSM,IA,ACE,CE,Combined TRACON& Tower with Radar,77,18,22,2,119,0,0,25,7,32,77,18,47,9,151,30,0,30,181
06/02/2019,DSM,IA,ACE,CE,Combined TRACON& Tower with Radar,98,25,25,3,151,0,0,48,0,48,98,25,73,3,199,30,0,30,229
06/03/2019,DSM,IA,ACE,CE,Combined TRACON& Tower with Radar,98,15,43,2,158,0,0,19,0,19,98,15,62,2,177,46,0,46,223
06/04/2019,DSM,IA,ACE,CE,Combined TRACON& Tower with Radar,110,13,44,2,169,0,0,13,3,16,110,13,57,5,185,10,0,10,195
06/05/2019,DSM,IA,ACE,CE,Combined TRACON& Tower with Radar,111,22,48,3,184,0,0,40,1,41,111,22,88,4,225,23,0,23,248
06/06/2019,DSM,IA,ACE,CE,Combined TRACON& Tower with Radar,104,20,52,7,183,1,0,38,8,47,105,20,90,15,230,78,4,82,312
06/07/2019,DSM,IA,ACE,CE,Combined TRACON& Tower with Radar,105,17,61,10,193,0,0,31,5,36,105,17,92,15,229,2,2,4,233
06/08/2019,DSM,IA,ACE,CE,Combined TRACON& Tower with Radar,73,22,11,0,106,2,0,20,0,22,75,22,31,0,128,13,0,13,141
06/09/2019,DSM,IA,ACE,CE,Combined TRACON& Tower with Radar,98,9,29,1,137,0,1,14,0,15,98,10,43,1,152,20,0,20,172
06/10/2019,DSM,IA,ACE,CE,Combined TRACON& Tower with Radar,98,19,35,2,154,0,0,25,0,25,98,19,60,2,179,6,0,6,185
06/11/2019,DSM,IA,ACE,CE,Combined TRACON& Tower with Radar,104,20,37,5,166,0,2,11,2,15,104,22,48,7,181,8,0,8,189
06/12/2019,DSM,IA,ACE,CE,Combined TRACON& Tower with Radar,107,24,55,2,188,0,0,4,0,4,107,24,59,2,192,3,0,3,195
06/13/2019,DSM,IA,ACE,CE,Combined TRACON& Tower with Radar,105,23,55,6,189,0,0,29,0,29,105,23,84,6,218,25,0,25,243
06/14/2019,DSM,IA,ACE,CE,Combined TRACON& Tower with Radar,107,26,67,2,202,0,0,22,0,22,107,26,89,2,224,2,0,2,226
06/15/2019,DSM,IA,ACE,CE,Combined TRACON& Tower with Radar,79,21,29,0,129,0,1,7,0,8,79,22,36,0,137,26,4,30,167
06/16/2019,DSM,IA,ACE,CE,Combined TRACON& Tower with Radar,94,26,46,0,166,0,0,14,0,14,94,26,60,0,180,6,0,6,186
06/17/2019,DSM,IA,ACE,CE,Combined TRACON& Tower with Radar,103,26,40,0,169,0,2,22,1,25,103,28,62,1,194,8,4,12,206
06/18/2019,DSM,IA,ACE,CE,Combined TRACON& Tower with Radar,101,19,42,3,165,0,5,9,2,16,101,24,51,5,181,13,4,17,198
06/19/2019,DSM,IA,ACE,CE,Combined TRACON& Tower with Radar,107,23,69,3,202,0,0,1,0,1,107,23,70,3,203,0,0,0,203
06/20/2019,DSM,IA,ACE,CE,Combined TRACON& Tower with Radar,110,22,59,2,193,0,0,10,2,12,110,22,69,4,205,8,6,14,219
06/21/2019,DSM,IA,ACE,CE,Combined TRACON& Tower with Radar,114,17,29,0,160,0,0,8,0,8,114,17,37,0,168,0,0,0,168
06/22/2019,DSM,IA,ACE,CE,Combined TRACON& Tower with Radar,77,21,22,1,121,0,0,1,0,1,77,21,23,1,122,0,0,0,122
06/23/2019,DSM,IA,ACE,CE,Combined TRACON& Tower with Radar,102,17,34,0,153,0,0,9,0,9,102,17,43,0,162,22,0,22,184
06/24/2019,DSM,IA,ACE,CE,Combined TRACON& Tower with Radar,105,21,61,3,190,0,0,20,0,20,105,21,81,3,210,10,0,10,220
06/25/2019,DSM,IA,ACE,CE,Combined TRACON& Tower with Radar,108,9,44,1,162,0,0,37,3,40,108,9,81,4,202,12,0,12,214
06/26/2019,DSM,IA,ACE,CE,Combined TRACON& Tower with Radar,110,13,62,2,187,0,2,43,4,49,110,15,105,6,236,16,0,16,252
06/27/2019,DSM,IA,ACE,CE,Combined TRACON& Tower with Radar,115,19,57,2,193,0,0,22,16,38,115,19,79,18,231,4,0,4,235
06/28/2019,DSM,IA,ACE,CE,Combined TRACON& Tower with Radar,114,18,62,3,197,0,2,31,4,37,114,20,93,7,234,2,4,6,240
06/29/2019,DSM,IA,ACE,CE,Combined TRACON& Tower with Radar,79,19,21,0,119,0,0,25,0,25,79,19,46,0,144,0,0,0,144
06/30/2019,DSM,IA,ACE,CE,Combined TRACON& Tower with Radar,86,18,32,1,137,0,0,22,1,23,86,18,54,2,160,7,0,7,167
07/01/2019,DSM,IA,ACE,CE,Combined TRACON& Tower with Radar,87,14,48,4,153,0,0,22,0,22,87,14,70,4,175,16,8,24,199
07/02/2019,DSM,IA,ACE,CE,Combined TRACON& Tower with Radar,87,14,43,0,144,0,1,29,0,30,87,15,72,0,174,0,0,0,174
07/03/2019,DSM,IA,ACE,CE,Combined TRACON& Tower with Radar,95,23,42,0,160,0,3,16,0,19,95,26,58,0,179,0,0,0,179
07/04/2019,DSM,IA,ACE,CE,Combined TRACON& Tower with Radar,63,15,9,0,87,0,0,13,0,13,63,15,22,0,100,8,0,8,108
07/05/2019,DSM,IA,ACE,CE,Combined TRACON& Tower with Radar,80,11,30,0,121,0,0,18,0,18,80,11,48,0,139,11,0,11,150
07/06/2019,DSM,IA,ACE,CE,Combined TRACON& Tower with Radar,78,19,31,0,128,0,0,9,0,9,78,19,40,0,137,0,0,0,137
07/07/2019,DSM,IA,ACE,CE,Combined TRACON& Tower with Radar,101,25,30,0,156,0,1,28,2,31,101,26,58,2,187,24,0,24,211
07/08/2019,DSM,IA,ACE,CE,Combined TRACON& Tower with Radar,111,14,60,2,187,0,0,38,2,40,111,14,98,4,227,8,0,8,235
07/09/2019,DSM,IA,ACE,CE,Combined TRACON& Tower with Radar,104,18,53,1,176,3,0,18,6,27,107,18,71,7,203,14,6,20,223
07/10/2019,DSM,IA,ACE,CE,Combined TRACON& Tower with Radar,105,19,58,2,184,0,1,23,7,31,105,20,81,9,215,16,0,16,231
07/11/2019,DSM,IA,ACE,CE,Combined TRACON& Tower with Radar,107,12,64,4,187,0,3,26,2,31,107,15,90,6,218,2,0,2,220
07/12/2019,DSM,IA,ACE,CE,Combined TRACON& Tower with Radar,108,14,54,0,176,0,7,58,0,65,108,21,112,0,241,25,0,25,266
07/13/2019,DSM,IA,ACE,CE,Combined TRACON& Tower with Radar,77,18,19,0,114,0,0,23,0,23,77,18,42,0,137,18,0,18,155
07/14/2019,DSM,IA,ACE,CE,Combined TRACON& Tower with Radar,104,18,36,1,159,0,0,21,0,21,104,18,57,1,180,8,0,8,188
07/15/2019,DSM,IA,ACE,CE,Combined TRACON& Tower with Radar,116,26,57,4,203,0,0,30,0,30,116,26,87,4,233,2,0,2,235
07/16/2019,DSM,IA,ACE,CE,Combined TRACON& Tower with Radar,105,15,50,1,171,0,0,19,0,19,105,15,69,1,190,38,0,38,228
07/17/2019,DSM,IA,ACE,CE,Combined TRACON& Tower with Radar,110,24,65,1,200,0,0,17,2,19,110,24,82,3,219,18,0,18,237
07/18/2019,DSM,IA,ACE,CE,Combined TRACON& Tower with Radar,103,13,63,0,179,0,0,29,0,29,103,13,92,0,208,0,0,0,208
07/19/2019,DSM,IA,ACE,CE,Combined TRACON& Tower with Radar,105,18,47,0,170,0,5,44,4,53,105,23,91,4,223,21,0,21,244
07/20/2019,DSM,IA,ACE,CE,Combined TRACON& Tower with Radar,79,21,31,0,131,0,0,25,0,25,79,21,56,0,156,14,0,14,170
07/21/2019,DSM,IA,ACE,CE,Combined TRACON& Tower with Radar,104,22,32,0,158,0,4,13,0,17,104,26,45,0,175,11,0,11,186
07/22/2019,DSM,IA,ACE,CE,Combined TRACON& Tower with Radar,105,20,48,10,183,0,3,11,0,14,105,23,59,10,197,14,6,20,217
07/23/2019,DSM,IA,ACE,CE,Combined TRACON& Tower with Radar,99,27,53,6,185,0,2,34,4,40,99,29,87,10,225,24,1,25,250
07/24/2019,DSM,IA,ACE,CE,Combined TRACON& Tower with Radar,115,28,44,1,188,0,0,37,0,37,115,28,81,1,225,14,0,14,239
07/25/2019,DSM,IA,ACE,CE,Combined TRACON& Tower with Radar,111,21,57,6,195,0,0,12,0,12,111,21,69,6,207,20,6,26,233
07/26/2019,DSM,IA,ACE,CE,Combined TRACON& Tower with Radar,108,28,56,0,192,0,0,20,0,20,108,28,76,0,212,0,0,0,212
07/27/2019,DSM,IA,ACE,CE,Combined TRACON& Tower with Radar,76,22,34,1,133,0,4,28,0,32,76,26,62,1,165,6,0,6,171
07/28/2019,DSM,IA,ACE,CE,Combined TRACON& Tower with Radar,100,26,25,2,153,0,3,33,0,36,100,29,58,2,189,36,0,36,225
07/29/2019,DSM,IA,ACE,CE,Combined TRACON& Tower with Radar,105,19,40,0,164,0,0,22,0,22,105,19,62,0,186,4,0,4,190
07/30/2019,DSM,IA,ACE,CE,Combined TRACON& Tower with Radar,99,21,59,3,182,0,0,32,1,33,99,21,91,4,215,6,2,8,223
07/31/2019,DSM,IA,ACE,CE,Combined TRACON& Tower with Radar,104,23,61,1,189,0,2,18,4,24,104,25,79,5,213,9,0,9,222
08/01/2019,DSM,IA,ACE,CE,Combined TRACON& Tower with Radar,107,13,65,0,185,0,1,45,4,50,107,14,110,4,235,30,0,30,265
08/02/2019,DSM,IA,ACE,CE,Combined TRACON& Tower with Radar,110,16,37,0,163,0,0,32,4,36,110,16,69,4,199,39,14,53,252
08/03/2019,DSM,IA,ACE,CE,Combined TRACON& Tower with Radar,77,20,32,0,129,4,0,21,2,27,81,20,53,2,156,22,8,30,186
08/04/2019,DSM,IA,ACE,CE,Combined TRACON& Tower with Radar,101,22,35,0,158,0,2,33,0,35,101,24,68,0,193,14,0,14,207
08/05/2019,DSM,IA,ACE,CE,Combined TRACON& Tower with Radar,114,20,55,0,189,0,0,19,1,20,114,20,74,1,209,26,12,38,247
08/06/2019,DSM,IA,ACE,CE,Combined TRACON& Tower with Radar,98,18,57,0,173,0,0,27,3,30,98,18,84,3,203,64,0,64,267
08/07/2019,DSM,IA,ACE,CE,Combined TRACON& Tower with Radar,101,17,67,13,198,0,4,26,4,34,101,21,93,17,232,12,14,26,258
08/08/2019,DSM,IA,ACE,CE,Combined TRACON& Tower with Radar,105,28,62,22,217,0,0,32,2,34,105,28,94,24,251,15,26,41,292
08/09/2019,DSM,IA,ACE,CE,Combined TRACON& Tower with Radar,110,30,74,0,214,0,0,40,0,40,110,30,114,0,254,16,0,16,270
08/10/2019,DSM,IA,ACE,CE,Combined TRACON& Tower with Radar,79,28,34,0,141,0,0,21,0,21,79,28,55,0,162,14,0,14,176
08/11/2019,DSM,IA,ACE,CE,Combined TRACON& Tower with Radar,105,19,38,0,162,0,2,12,0,14,105,21,50,0,176,14,0,14,190
08/12/2019,DSM,IA,ACE,CE,Combined TRACON& Tower with Radar,101,28,42,0,171,0,0,10,0,10,101,28,52,0,181,6,0,6,187
08/13/2019,DSM,IA,ACE,CE,Combined TRACON& Tower with Radar,105,25,49,29,208,0,0,14,1,15,105,25,63,30,223,6,4,10,233
08/14/2019,DSM,IA,ACE,CE,Combined TRACON& Tower with Radar,100,27,68,2,197,0,0,18,3,21,100,27,86,5,218,30,6,36,254
08/15/2019,DSM,IA,ACE,CE,Combined TRACON& Tower with Radar,100,35,62,12,209,0,0,23,5,28,100,35,85,17,237,20,29,49,286
08/16/2019,DSM,IA,ACE,CE,Combined TRACON& Tower with Radar,109,17,57,6,189,0,1,23,2,26,109,18,80,8,215,0,0,0,215
08/17/2019,DSM,IA,ACE,CE,Combined TRACON& Tower with Radar,76,25,11,0,112,0,0,23,0,23,76,25,34,0,135,6,0,6,141
08/18/2019,DSM,IA,ACE,CE,Combined TRACON& Tower with Radar,96,18,20,0,134,0,0,13,0,13,96,18,33,0,147,52,0,52,199
08/19/2019,DSM,IA,ACE,CE,Combined TRACON& Tower with Radar,100,26,70,2,198,0,2,28,0,30,100,28,98,2,228,36,0,36,264
08/20/2019,DSM,IA,ACE,CE,Combined TRACON& Tower with Radar,89,19,37,9,154,0,0,14,0,14,89,19,51,9,168,8,22,30,198
08/21/2019,DSM,IA,ACE,CE,Combined TRACON& Tower with Radar,91,19,56,2,168,0,2,10,0,12,91,21,66,2,180,0,0,0,180
08/22/2019,DSM,IA,ACE,CE,Combined TRACON& Tower with Radar,91,22,62,0,175,0,6,51,0,57,91,28,113,0,232,52,0,52,284
08/23/2019,DSM,IA,ACE,CE,Combined TRACON& Tower with Radar,103,22,55,0,180,0,0,34,4,38,103,22,89,4,218,9,0,9,227
08/24/2019,DSM,IA,ACE,CE,Combined TRACON& Tower with Radar,74,17,22,0,113,0,2,16,0,18,74,19,38,0,131,0,0,0,131
08/25/2019,DSM,IA,ACE,CE,Combined TRACON& Tower with Radar,90,22,30,0,142,0,0,12,0,12,90,22,42,0,154,6,0,6,160
08/26/2019,DSM,IA,ACE,CE,Combined TRACON& Tower with Radar,98,20,29,2,149,0,0,7,0,7,98,20,36,2,156,4,0,4,160
08/27/2019,DSM,IA,ACE,CE,Combined TRACON& Tower with Radar,93,23,44,11,171,0,1,20,0,21,93,24,64,11,192,85,22,107,299
08/28/2019,DSM,IA,ACE,CE,Combined TRACON& Tower with Radar,89,23,64,1,177,0,0,35,0,35,89,23,99,1,212,16,6,22,234
08/29/2019,DSM,IA,ACE,CE,Combined TRACON& Tower with Radar,95,23,50,2,170,0,2,20,6,28,95,25,70,8,198,12,0,12,210
08/30/2019,DSM,IA,ACE,CE,Combined TRACON& Tower with Radar,98,27,54,2,181,0,9,48,2,59,98,36,102,4,240,30,18,48,288
08/31/2019,DSM,IA,ACE,CE,Combined TRACON& Tower with Radar,53,12,18,0,83,0,1,16,0,17,53,13,34,0,100,2,0,2,102
09/01/2019,DSM,IA,ACE,CE,Combined TRACON& Tower with Radar,63,10,15,0,88,0,1,18,0,19,63,11,33,0,107,18,0,18,125
09/02/2019,DSM,IA,ACE,CE,Combined TRACON& Tower with Radar,80,21,23,0,124,0,0,23,0,23,80,21,46,0,147,11,0,11,158
09/03/2019,DSM,IA,ACE,CE,Combined TRACON& Tower with Radar,84,15,46,1,146,0,4,30,0,34,84,19,76,1,180,19,0,19,199
09/04/2019,DSM,IA,ACE,CE,Combined TRACON& Tower with Radar,91,19,51,16,177,0,2,44,0,46,91,21,95,16,223,12,0,12,235
09/05/2019,DSM,IA,ACE,CE,Combined TRACON& Tower with Radar,94,19,54,1,168,0,0,42,0,42,94,19,96,1,210,34,0,34,244
09/06/2019,DSM,IA,ACE,CE,Combined TRACON& Tower with Radar,99,20,51,0,170,0,1,30,0,31,99,21,81,0,201,20,0,20,221
09/07/2019,DSM,IA,ACE,CE,Combined TRACON& Tower with Radar,68,18,17,0,103,0,0,19,1,20,68,18,36,1,123,0,0,0,123
09/08/2019,DSM,IA,ACE,CE,Combined TRACON& Tower with Radar,101,12,28,0,141,0,0,1,0,1,101,12,29,0,142,0,0,0,142
09/09/2019,DSM,IA,ACE,CE,Combined TRACON& Tower with Radar,101,20,39,1,161,0,0,3,0,3,101,20,42,1,164,0,0,0,164
09/10/2019,DSM,IA,ACE,CE,Combined TRACON& Tower with Radar,95,18,69,2,184,0,0,24,0,24,95,18,93,2,208,28,0,28,236
09/11/2019,DSM,IA,ACE,CE,Combined TRACON& Tower with Radar,96,26,59,0,181,0,0,18,0,18,96,26,77,0,199,0,0,0,199
09/12/2019,DSM,IA,ACE,CE,Combined TRACON& Tower with Radar,100,18,54,8,180,0,0,9,0,9,100,18,63,8,189,20,12,32,221
09/13/2019,DSM,IA,ACE,CE,Combined TRACON& Tower with Radar,104,20,59,4,187,0,0,12,3,15,104,20,71,7,202,22,0,22,224
09/14/2019,DSM,IA,ACE,CE,Combined TRACON& Tower with Radar,69,16,18,0,103,0,2,24,0,26,69,18,42,0,129,12,0,12,141
09/15/2019,DSM,IA,ACE,CE,Combined TRACON& Tower with Radar,99,17,49,1,166,0,1,38,0,39,99,18,87,1,205,10,0,10,215
09/16/2019,DSM,IA,ACE,CE,Combined TRACON& Tower with Radar,102,15,44,0,161,0,2,25,0,27,102,17,69,0,188,30,0,30,218
09/17/2019,DSM,IA,ACE,CE,Combined TRACON& Tower with Radar,99,20,66,12,197,0,0,24,0,24,99,20,90,12,221,44,4,48,269
09/18/2019,DSM,IA,ACE,CE,Combined TRACON& Tower with Radar,99,21,56,1,177,0,0,19,5,24,99,21,75,6,201,4,16,20,221
09/19/2019,DSM,IA,ACE,CE,Combined TRACON& Tower with Radar,99,17,58,1,175,0,0,15,1,16,99,17,73,2,191,0,7,7,198
09/20/2019,DSM,IA,ACE,CE,Combined TRACON& Tower with Radar,102,22,63,1,188,0,0,28,1,29,102,22,91,2,217,34,8,42,259
09/21/2019,DSM,IA,ACE,CE,Combined TRACON& Tower with Radar,74,27,16,2,119,0,0,3,0,3,74,27,19,2,122,0,0,0,122
09/22/2019,DSM,IA,ACE,CE,Combined TRACON& Tower with Radar,98,21,33,0,152,0,0,2,0,2,98,21,35,0,154,0,0,0,154
09/23/2019,DSM,IA,ACE,CE,Combined TRACON& Tower with Radar,97,17,59,1,174,0,0,44,1,45,97,17,103,2,219,16,0,16,235
09/24/2019,DSM,IA,ACE,CE,Combined TRACON& Tower with Radar,99,26,57,3,185,0,0,34,1,35,99,26,91,4,220,30,4,34,254
09/25/2019,DSM,IA,ACE,CE,Combined TRACON& Tower with Radar,98,29,81,1,209,0,3,50,0,53,98,32,131,1,262,10,0,10,272
09/26/2019,DSM,IA,ACE,CE,Combined TRACON& Tower with Radar,103,24,82,13,222,0,1,50,3,54,103,25,132,16,276,52,6,58,334
09/27/2019,DSM,IA,ACE,CE,Combined TRACON& Tower with Radar,100,19,54,0,173,0,0,5,0,5,100,19,59,0,178,14,0,14,192
09/28/2019,DSM,IA,ACE,CE,Combined TRACON& Tower with Radar,70,18,30,0,118,0,0,21,0,21,70,18,51,0,139,44,0,44,183
09/29/2019,DSM,IA,ACE,CE,Combined TRACON& Tower with Radar,101,22,22,0,145,0,0,0,0,0,101,22,22,0,145,0,0,0,145
09/30/2019,DSM,IA,ACE,CE,Combined TRACON& Tower with Radar,98,20,60,0,178,0,1,23,1,25,98,21,83,1,203,12,2,14,217
10/01/2019,DSM,IA,ACE,CE,Combined TRACON& Tower with Radar,96,22,57,2,177,0,1,6,0,7,96,23,63,2,184,8,0,8,192
10/02/2019,DSM,IA,ACE,CE,Combined TRACON& Tower with Radar,98,25,55,1,179,0,2,0,0,2,98,27,55,1,181,0,0,0,181
10/03/2019,DSM,IA,ACE,CE,Combined TRACON& Tower with Radar,103,26,81,8,218,0,0,18,0,18,103,26,99,8,236,23,32,55,291
10/04/2019,DSM,IA,ACE,CE,Combined TRACON& Tower with Radar,104,18,64,0,186,0,0,33,0,33,104,18,97,0,219,23,0,23,242
10/05/2019,DSM,IA,ACE,CE,Combined TRACON& Tower with Radar,73,15,24,0,112,0,2,4,1,7,73,17,28,1,119,0,0,0,119
10/06/2019,DSM,IA,ACE,CE,Combined TRACON& Tower with Radar,94,22,50,0,166,0,0,31,0,31,94,22,81,0,197,20,0,20,217
10/07/2019,DSM,IA,ACE,CE,Combined TRACON& Tower with Radar,98,27,78,0,203,0,1,35,4,40,98,28,113,4,243,2,0,2,245
10/08/2019,DSM,IA,ACE,CE,Combined TRACON& Tower with Radar,91,24,63,3,181,0,0,40,0,40,91,24,103,3,221,38,0,38,259
10/09/2019,DSM,IA,ACE,CE,Combined TRACON& Tower with Radar,95,28,86,6,215,0,0,26,7,33,95,28,112,13,248,14,0,14,262
10/10/2019,DSM,IA,ACE,CE,Combined TRACON& Tower with Radar,98,26,56,0,180,0,1,3,0,4,98,27,59,0,184,0,0,0,184
10/11/2019,DSM,IA,ACE,CE,Combined TRACON& Tower with Radar,111,29,36,6,182,1,0,6,0,7,112,29,42,6,189,0,8,8,197
10/12/2019,DSM,IA,ACE,CE,Combined TRACON& Tower with Radar,79,16,29,0,124,0,0,12,2,14,79,16,41,2,138,0,0,0,138
10/13/2019,DSM,IA,ACE,CE,Combined TRACON& Tower with Radar,97,28,33,0,158,0,0,20,0,20,97,28,53,0,178,20,0,20,198
10/14/2019,DSM,IA,ACE,CE,Combined TRACON& Tower with Radar,95,17,55,0,167,0,1,45,0,46,95,18,100,0,213,64,0,64,277
10/15/2019,DSM,IA,ACE,CE,Combined TRACON& Tower with Radar,93,21,59,1,174,0,0,12,0,12,93,21,71,1,186,2,0,2,188
10/16/2019,DSM,IA,ACE,CE,Combined TRACON& Tower with Radar,95,26,62,2,185,0,1,26,0,27,95,27,88,2,212,63,0,63,275
10/17/2019,DSM,IA,ACE,CE,Combined TRACON& Tower with Radar,95,24,59,13,191,0,1,50,1,52,95,25,109,14,243,40,38,78,321
10/18/2019,DSM,IA,ACE,CE,Combined TRACON& Tower with Radar,105,19,46,0,170,0,0,13,2,15,105,19,59,2,185,2,0,2,187
10/19/2019,DSM,IA,ACE,CE,Combined TRACON& Tower with Radar,75,18,28,0,121,0,2,14,0,16,75,20,42,0,137,4,0,4,141
10/20/2019,DSM,IA,ACE,CE,Combined TRACON& Tower with Radar,93,21,26,0,140,0,0,22,0,22,93,21,48,0,162,0,0,0,162
10/21/2019,DSM,IA,ACE,CE,Combined TRACON& Tower with Radar,100,16,52,0,168,0,0,9,0,9,100,16,61,0,177,20,0,20,197
10/22/2019,DSM,IA,ACE,CE,Combined TRACON& Tower with Radar,91,20,42,12,165,0,0,11,0,11,91,20,53,12,176,0,0,0,176
10/23/2019,DSM,IA,ACE,CE,Combined TRACON& Tower with Radar,94,28,66,8,196,0,0,23,0,23,94,28,89,8,219,30,8,38,257
10/24/2019,DSM,IA,ACE,CE,Combined TRACON& Tower with Radar,97,26,59,0,182,0,0,25,0,25,97,26,84,0,207,14,0,14,221
10/25/2019,DSM,IA,ACE,CE,Combined TRACON& Tower with Radar,106,16,53,0,175,0,0,47,0,47,106,16,100,0,222,26,2,28,250
10/26/2019,DSM,IA,ACE,CE,Combined TRACON& Tower with Radar,77,9,39,1,126,0,0,28,1,29,77,9,67,2,155,13,4,17,172
10/27/2019,DSM,IA,ACE,CE,Combined TRACON& Tower with Radar,89,16,35,0,140,0,0,16,0,16,89,16,51,0,156,6,0,6,162
10/28/2019,DSM,IA,ACE,CE,Combined TRACON& Tower with Radar,97,14,54,4,169,0,0,18,2,20,97,14,72,6,189,0,12,12,201
10/29/2019,DSM,IA,ACE,CE,Combined TRACON& Tower with Radar,87,21,68,0,176,0,0,9,0,9,87,21,77,0,185,0,0,0,185
10/30/2019,DSM,IA,ACE,CE,Combined TRACON& Tower with Radar,90,16,49,0,155,0,0,2,0,2,90,16,51,0,157,0,0,0,157
10/31/2019,DSM,IA,ACE,CE,Combined TRACON& Tower with Radar,84,9,69,0,162,0,2,31,0,33,84,11,100,0,195,15,0,15,210
11/01/2019,DSM,IA,ACE,CE,Combined TRACON& Tower with Radar,91,23,58,0,172,0,0,12,0,12,91,23,70,0,184,6,0,6,190
11/02/2019,DSM,IA,ACE,CE,Combined TRACON& Tower with Radar,68,15,26,0,109,2,0,34,0,36,70,15,60,0,145,10,0,10,155
11/03/2019,DSM,IA,ACE,CE,Combined TRACON& Tower with Radar,93,25,27,0,145,0,0,14,0,14,93,25,41,0,159,4,0,4,163
11/04/2019,DSM,IA,ACE,CE,Combined TRACON& Tower with Radar,98,16,34,0,148,0,0,16,0,16,98,16,50,0,164,22,0,22,186
11/05/2019,DSM,IA,ACE,CE,Combined TRACON& Tower with Radar,84,16,57,16,173,0,0,36,0,36,84,16,93,16,209,24,10,34,243
11/06/2019,DSM,IA,ACE,CE,Combined TRACON& Tower with Radar,92,25,39,0,156,0,2,19,0,21,92,27,58,0,177,0,16,16,193
11/07/2019,DSM,IA,ACE,CE,Combined TRACON& Tower with Radar,100,21,49,7,177,0,4,23,0,27,100,25,72,7,204,23,0,23,227
11/08/2019,DSM,IA,ACE,CE,Combined TRACON& Tower with Radar,107,23,53,0,183,0,0,11,0,11,107,23,64,0,194,6,0,6,200
11/09/2019,DSM,IA,ACE,CE,Combined TRACON& Tower with Radar,71,17,26,0,114,0,0,22,0,22,71,17,48,0,136,6,0,6,142
11/10/2019,DSM,IA,ACE,CE,Combined TRACON& Tower with Radar,98,21,30,0,149,0,3,21,0,24,98,24,51,0,173,12,0,12,185
11/11/2019,DSM,IA,ACE,CE,Combined TRACON& Tower with Radar,92,13,49,0,154,0,0,3,0,3,92,13,52,0,157,2,0,2,159
11/12/2019,DSM,IA,ACE,CE,Combined TRACON& Tower with Radar,90,19,65,2,176,0,1,24,0,25,90,20,89,2,201,14,0,14,215
11/13/2019,DSM,IA,ACE,CE,Combined TRACON& Tower with Radar,94,25,62,0,181,0,0,18,0,18,94,25,80,0,199,2,0,2,201
11/14/2019,DSM,IA,ACE,CE,Combined TRACON& Tower with Radar,113,20,68,2,203,0,1,31,0,32,113,21,99,2,235,52,0,52,287
11/15/2019,DSM,IA,ACE,CE,Combined TRACON& Tower with Radar,108,17,67,0,192,0,0,33,0,33,108,17,100,0,225,8,0,8,233
11/16/2019,DSM,IA,ACE,CE,Combined TRACON& Tower with Radar,80,10,28,1,119,0,1,25,5,31,80,11,53,6,150,9,7,16,166
11/17/2019,DSM,IA,ACE,CE,Combined TRACON& Tower with Radar,103,23,25,0,151,0,0,2,0,2,103,23,27,0,153,0,0,0,153
11/18/2019,DSM,IA,ACE,CE,Combined TRACON& Tower with Radar,96,21,35,18,170,0,1,5,0,6,96,22,40,18,176,0,4,4,180
11/19/2019,DSM,IA,ACE,CE,Combined TRACON& Tower with Radar,101,23,50,0,174,0,0,29,0,29,101,23,79,0,203,36,0,36,239
11/20/2019,DSM,IA,ACE,CE,Combined TRACON& Tower with Radar,90,16,49,4,159,0,3,16,0,19,90,19,65,4,178,6,6,12,190
11/21/2019,DSM,IA,ACE,CE,Combined TRACON& Tower with Radar,107,15,58,4,184,0,2,4,0,6,107,17,62,4,190,0,0,0,190
11/22/2019,DSM,IA,ACE,CE,Combined TRACON& Tower with Radar,98,17,68,16,199,0,0,40,0,40,98,17,108,16,239,4,0,4,243
11/23/2019,DSM,IA,ACE,CE,Combined TRACON& Tower with Radar,72,11,27,0,110,0,1,18,0,19,72,12,45,0,129,0,0,0,129
11/24/2019,DSM,IA,ACE,CE,Combined TRACON& Tower with Radar,97,12,28,0,137,0,0,56,0,56,97,12,84,0,193,26,0,26,219
11/25/2019,DSM,IA,ACE,CE,Combined TRACON& Tower with Radar,89,22,48,20,179,0,0,29,4,33,89,22,77,24,212,76,72,148,360
11/26/2019,DSM,IA,ACE,CE,Combined TRACON& Tower with Radar,98,15,53,6,172,0,0,15,1,16,98,15,68,7,188,8,26,34,222
11/27/2019,DSM,IA,ACE,CE,Combined TRACON& Tower with Radar,108,16,30,0,154,0,0,6,0,6,108,16,36,0,160,0,0,0,160
11/28/2019,DSM,IA,ACE,CE,Combined TRACON& Tower with Radar,55,5,1,0,61,0,0,2,0,2,55,5,3,0,63,0,0,0,63
11/29/2019,DSM,IA,ACE,CE,Combined TRACON& Tower with Radar,66,5,13,0,84,0,1,0,0,1,66,6,13,0,85,0,0,0,85
11/30/2019,DSM,IA,ACE,CE,Combined TRACON& Tower with Radar,98,18,9,0,125,0,0,0,0,0,98,18,9,0,125,0,0,0,125
12/01/2019,DSM,IA,ACE,CE,Combined TRACON& Tower with Radar,114,15,24,1,154,0,1,2,0,3,114,16,26,1,157,0,0,0,157
12/02/2019,DSM,IA,ACE,CE,Combined TRACON& Tower with Radar,100,21,43,1,165,0,0,31,1,32,100,21,74,2,197,56,0,56,253
12/03/2019,DSM,IA,ACE,CE,Combined TRACON& Tower with Radar,98,21,69,4,192,0,0,21,2,23,98,21,90,6,215,23,0,23,238
12/04/2019,DSM,IA,ACE,CE,Combined TRACON& Tower with Radar,97,12,72,9,190,0,3,31,7,41,97,15,103,16,231,18,10,28,259
12/05/2019,DSM,IA,ACE,CE,Combined TRACON& Tower with Radar,112,13,52,16,193,0,0,35,0,35,112,13,87,16,228,2,10,12,240
12/06/2019,DSM,IA,ACE,CE,Combined TRACON& Tower with Radar,107,9,49,0,165,0,2,26,0,28,107,11,75,0,193,6,0,6,199
12/07/2019,DSM,IA,ACE,CE,Combined TRACON& Tower with Radar,74,9,38,0,121,0,0,45,0,45,74,9,83,0,166,8,0,8,174
12/08/2019,DSM,IA,ACE,CE,Combined TRACON& Tower with Radar,105,13,39,0,157,0,0,33,2,35,105,13,72,2,192,12,0,12,204
12/09/2019,DSM,IA,ACE,CE,Combined TRACON& Tower with Radar,101,12,38,0,151,0,1,5,0,6,101,13,43,0,157,0,0,0,157
12/10/2019,DSM,IA,ACE,CE,Combined TRACON& Tower with Radar,102,21,42,4,169,0,0,9,4,13,102,21,51,8,182,4,2,6,188
12/11/2019,DSM,IA,ACE,CE,Combined TRACON& Tower with Radar,100,20,57,0,177,0,2,21,0,23,100,22,78,0,200,0,0,0,200
12/12/2019,DSM,IA,ACE,CE,Combined TRACON& Tower with Radar,112,16,66,2,196,0,1,6,0,7,112,17,72,2,203,5,0,5,208
12/13/2019,DSM,IA,ACE,CE,Combined TRACON& Tower with Radar,113,11,53,0,177,0,2,5,0,7,113,13,58,0,184,2,0,2,186
12/14/2019,DSM,IA,ACE,CE,Combined TRACON& Tower with Radar,70,11,14,2,97,0,0,11,0,11,70,11,25,2,108,0,0,0,108
12/15/2019,DSM,IA,ACE,CE,Combined TRACON& Tower with Radar,103,14,17,0,134,0,0,7,0,7,103,14,24,0,141,0,0,0,141
12/16/2019,DSM,IA,ACE,CE,Combined TRACON& Tower with Radar,97,20,46,16,179,0,2,12,0,14,97,22,58,16,193,4,9,13,206
12/17/2019,DSM,IA,ACE,CE,Combined TRACON& Tower with Radar,98,25,45,2,170,0,1,13,0,14,98,26,58,2,184,26,0,26,210
12/18/2019,DSM,IA,ACE,CE,Combined TRACON& Tower with Radar,102,21,64,1,188,0,2,36,0,38,102,23,100,1,226,22,0,22,248
12/19/2019,DSM,IA,ACE,CE,Combined TRACON& Tower with Radar,108,25,86,6,225,0,2,34,0,36,108,27,120,6,261,20,16,36,297
12/20/2019,DSM,IA,ACE,CE,Combined TRACON& Tower with Radar,106,29,55,1,191,0,0,34,0,34,106,29,89,1,225,52,0,52,277
12/21/2019,DSM,IA,ACE,CE,Combined TRACON& Tower with Radar,94,25,24,0,143,0,1,46,0,47,94,26,70,0,190,62,0,62,252
12/22/2019,DSM,IA,ACE,CE,Combined TRACON& Tower with Radar,102,20,27,0,149,0,0,23,0,23,102,20,50,0,172,12,0,12,184
12/23/2019,DSM,IA,ACE,CE,Combined TRACON& Tower with Radar,94,19,24,0,137,0,0,23,0,23,94,19,47,0,160,0,0,0,160
12/24/2019,DSM,IA,ACE,CE,Combined TRACON& Tower with Radar,81,12,8,0,101,0,1,14,0,15,81,13,22,0,116,40,0,40,156
12/25/2019,DSM,IA,ACE,CE,Combined TRACON& Tower with Radar,64,20,0,0,84,0,0,4,0,4,64,20,4,0,88,0,0,0,88
12/26/2019,DSM,IA,ACE,CE,Combined TRACON& Tower with Radar,106,24,34,0,164,0,0,2,0,2,106,24,36,0,166,0,0,0,166
12/27/2019,DSM,IA,ACE,CE,Combined TRACON& Tower with Radar,101,19,33,0,153,0,1,27,0,28,101,20,60,0,181,12,0,12,193
12/28/2019,DSM,IA,ACE,CE,Combined TRACON& Tower with Radar,97,19,10,0,126,0,0,3,0,3,97,19,13,0,129,0,0,0,129
12/29/2019,DSM,IA,ACE,CE,Combined TRACON& Tower with Radar,106,21,17,0,144,0,0,3,1,4,106,21,20,1,148,0,0,0,148
12/30/2019,DSM,IA,ACE,CE,Combined TRACON& Tower with Radar,93,17,8,4,122,0,2,3,0,5,93,19,11,4,127,0,8,8,135
12/31/2019,DSM,IA,ACE,CE,Combined TRACON& Tower with Radar,82,14,12,0,108,0,0,7,0,7,82,14,19,0,115,6,0,6,121
01/01/2020,DSM,IA,ACE,CE,Combined TRACON& Tower with Radar,67,16,16,0,99,0,2,22,0,24,67,18,38,0,123,22,0,22,145
01/02/2020,DSM,IA,ACE,CE,Combined TRACON& Tower with Radar,98,21,34,0,153,0,0,27,0,27,98,21,61,0,180,2,0,2,182
01/03/2020,DSM,IA,ACE,CE,Combined TRACON& Tower with Radar,97,20,17,0,134,0,1,0,0,1,97,21,17,0,135,0,0,0,135
01/04/2020,DSM,IA,ACE,CE,Combined TRACON& Tower with Radar,78,20,22,0,120,0,1,6,0,7,78,21,28,0,127,1,0,1,128
01/05/2020,DSM,IA,ACE,CE,Combined TRACON& Tower with Radar,98,26,21,0,145,0,0,8,0,8,98,26,29,0,153,0,0,0,153
01/06/2020,DSM,IA,ACE,CE,Combined TRACON& Tower with Radar,93,23,40,9,165,0,0,26,0,26,93,23,66,9,191,16,28,44,235
01/07/2020,DSM,IA,ACE,CE,Combined TRACON& Tower with Radar,91,18,43,4,156,4,0,18,0,22,95,18,61,4,178,4,2,6,184
01/08/2020,DSM,IA,ACE,CE,Combined TRACON& Tower with Radar,94,20,55,9,178,0,4,28,3,35,94,24,83,12,213,6,0,6,219
01/09/2020,DSM,IA,ACE,CE,Combined TRACON& Tower with Radar,106,14,85,5,210,0,1,8,5,14,106,15,93,10,224,2,0,2,226
01/10/2020,DSM,IA,ACE,CE,Combined TRACON& Tower with Radar,94,11,33,0,138,0,0,2,0,2,94,11,35,0,140,0,0,0,140
01/11/2020,DSM,IA,ACE,CE,Combined TRACON& Tower with Radar,69,13,21,0,103,0,2,7,0,9,69,15,28,0,112,6,0,6,118
01/12/2020,DSM,IA,ACE,CE,Combined TRACON& Tower with Radar,104,16,14,0,134,0,1,2,0,3,104,17,16,0,137,0,0,0,137
01/13/2020,DSM,IA,ACE,CE,Combined TRACON& Tower with Radar,96,10,34,0,140,0,0,0,0,0,96,10,34,0,140,0,0,0,140
01/14/2020,DSM,IA,ACE,CE,Combined TRACON& Tower with Radar,96,22,40,2,160,0,1,15,0,16,96,23,55,2,176,12,0,12,188
01/15/2020,DSM,IA,ACE,CE,Combined TRACON& Tower with Radar,94,19,42,4,159,0,2,0,0,2,94,21,42,4,161,1,0,1,162
01/16/2020,DSM,IA,ACE,CE,Combined TRACON& Tower with Radar,104,18,50,1,173,0,0,36,0,36,104,18,86,1,209,4,0,4,213
01/17/2020,DSM,IA,ACE,CE,Combined TRACON& Tower with Radar,63,2,16,0,81,0,0,0,0,0,63,2,16,0,81,2,0,2,83
01/18/2020,DSM,IA,ACE,CE,Combined TRACON& Tower with Radar,62,22,11,0,95,0,0,0,0,0,62,22,11,0,95,0,0,0,95
01/19/2020,DSM,IA,ACE,CE,Combined TRACON& Tower with Radar,89,16,32,0,137,0,0,2,0,2,89,16,34,0,139,0,0,0,139
01/20/2020,DSM,IA,ACE,CE,Combined TRACON& Tower with Radar,93,14,41,0,148,0,0,3,0,3,93,14,44,0,151,0,0,0,151
01/21/2020,DSM,IA,ACE,CE,Combined TRACON& Tower with Radar,93,17,62,2,174,0,0,15,0,15,93,17,77,2,189,2,0,2,191
01/22/2020,DSM,IA,ACE,CE,Combined TRACON& Tower with Radar,94,16,27,0,137,0,0,1,0,1,94,16,28,0,138,0,0,0,138
01/23/2020,DSM,IA,ACE,CE,Combined TRACON& Tower with Radar,104,14,36,2,156,0,0,0,0,0,104,14,36,2,156,0,0,0,156
01/24/2020,DSM,IA,ACE,CE,Combined TRACON& Tower with Radar,103,15,30,0,148,0,0,0,0,0,103,15,30,0,148,0,0,0,148
01/25/2020,DSM,IA,ACE,CE,Combined TRACON& Tower with Radar,83,15,26,0,124,0,0,0,0,0,83,15,26,0,124,0,0,0,124
01/26/2020,DSM,IA,ACE,CE,Combined TRACON& Tower with Radar,105,14,26,1,146,0,0,0,0,0,105,14,26,1,146,0,0,0,146
01/27/2020,DSM,IA,ACE,CE,Combined TRACON& Tower with Radar,96,14,41,1,152,0,0,0,0,0,96,14,41,1,152,0,0,0,152
01/28/2020,DSM,IA,ACE,CE,Combined TRACON& Tower with Radar,93,22,33,1,149,0,0,0,0,0,93,22,33,1,149,0,0,0,149
01/29/2020,DSM,IA,ACE,CE,Combined TRACON& Tower with Radar,97,21,47,1,166,0,0,12,0,12,97,21,59,1,178,0,0,0,178
01/30/2020,DSM,IA,ACE,CE,Combined TRACON& Tower with Radar,106,17,37,10,170,0,1,2,0,3,106,18,39,10,173,0,0,0,173
01/31/2020,DSM,IA,ACE,CE,Combined TRACON& Tower with Radar,104,18,39,4,165,0,0,1,0,1,104,18,40,4,166,0,0,0,166
02/01/2020,DSM,IA,ACE,CE,Combined TRACON& Tower with Radar,78,19,34,1,132,0,2,25,0,27,78,21,59,1,159,56,0,56,215
02/02/2020,DSM,IA,ACE,CE,Combined TRACON& Tower with Radar,100,21,33,0,154,0,0,20,0,20,100,21,53,0,174,18,0,18,192
02/03/2020,DSM,IA,ACE,CE,Combined TRACON& Tower with Radar,99,43,52,0,194,0,0,3,0,3,99,43,55,0,197,4,0,4,201
02/04/2020,DSM,IA,ACE,CE,Combined TRACON& Tower with Radar,103,22,50,12,187,0,1,12,0,13,103,23,62,12,200,4,0,4,204
02/05/2020,DSM,IA,ACE,CE,Combined TRACON& Tower with Radar,94,12,45,5,156,0,0,11,1,12,94,12,56,6,168,6,16,22,190
02/06/2020,DSM,IA,ACE,CE,Combined TRACON& Tower with Radar,105,21,72,3,201,0,0,36,3,39,105,21,108,6,240,6,0,6,246
02/07/2020,DSM,IA,ACE,CE,Combined TRACON& Tower with Radar,102,15,54,2,173,0,0,4,0,4,102,15,58,2,177,0,0,0,177
02/08/2020,DSM,IA,ACE,CE,Combined TRACON& Tower with Radar,79,16,37,0,132,0,5,16,0,21,79,21,53,0,153,4,0,4,157
02/09/2020,DSM,IA,ACE,CE,Combined TRACON& Tower with Radar,105,15,20,2,142,0,0,1,0,1,105,15,21,2,143,0,0,0,143
02/10/2020,DSM,IA,ACE,CE,Combined TRACON& Tower with Radar,96,18,59,0,173,0,2,13,0,15,96,20,72,0,188,4,0,4,192
02/11/2020,DSM,IA,ACE,CE,Combined TRACON& Tower with Radar,92,16,35,1,144,0,2,19,1,22,92,18,54,2,166,18,0,18,184
02/12/2020,DSM,IA,ACE,CE,Combined TRACON& Tower with Radar,94,16,45,0,155,0,0,13,0,13,94,16,58,0,168,4,0,4,172
02/13/2020,DSM,IA,ACE,CE,Combined TRACON& Tower with Radar,100,20,46,2,168,0,1,11,0,12,100,21,57,2,180,1,0,1,181
02/14/2020,DSM,IA,ACE,CE,Combined TRACON& Tower with Radar,104,17,37,1,159,0,3,16,0,19,104,20,53,1,178,14,0,14,192
02/15/2020,DSM,IA,ACE,CE,Combined TRACON& Tower with Radar,78,13,20,1,112,0,3,29,0,32,78,16,49,1,144,22,0,22,166
02/16/2020,DSM,IA,ACE,CE,Combined TRACON& Tower with Radar,94,13,28,0,135,0,0,35,0,35,94,13,63,0,170,40,0,40,210
02/17/2020,DSM,IA,ACE,CE,Combined TRACON& Tower with Radar,104,18,46,0,168,0,0,0,0,0,104,18,46,0,168,0,0,0,168
02/18/2020,DSM,IA,ACE,CE,Combined TRACON& Tower with Radar,104,29,61,4,198,0,3,14,0,17,104,32,75,4,215,42,0,42,257
02/19/2020,DSM,IA,ACE,CE,Combined TRACON& Tower with Radar,100,21,44,4,169,0,1,11,0,12,100,22,55,4,181,0,0,0,181
02/20/2020,DSM,IA,ACE,CE,Combined TRACON& Tower with Radar,110,16,42,5,173,0,2,21,1,24,110,18,63,6,197,0,0,0,197
02/21/2020,DSM,IA,ACE,CE,Combined TRACON& Tower with Radar,107,22,38,0,167,0,2,29,0,31,107,24,67,0,198,10,0,10,208
02/22/2020,DSM,IA,ACE,CE,Combined TRACON& Tower with Radar,80,25,27,0,132,0,2,32,1,35,80,27,59,1,167,28,0,28,195
02/23/2020,DSM,IA,ACE,CE,Combined TRACON& Tower with Radar,105,23,20,0,148,0,1,25,0,26,105,24,45,0,174,0,0,0,174
02/24/2020,DSM,IA,ACE,CE,Combined TRACON& Tower with Radar,101,19,51,4,175,0,0,20,6,26,101,19,71,10,201,32,36,68,269
02/25/2020,DSM,IA,ACE,CE,Combined TRACON& Tower with Radar,106,23,42,0,171,0,1,6,0,7,106,24,48,0,178,2,0,2,180
02/26/2020,DSM,IA,ACE,CE,Combined TRACON& Tower with Radar,102,23,56,0,181,0,0,8,2,10,102,23,64,2,191,32,0,32,223
02/27/2020,DSM,IA,ACE,CE,Combined TRACON& Tower with Radar,116,15,53,3,187,0,6,23,3,32,116,21,76,6,219,30,0,30,249
02/28/2020,DSM,IA,ACE,CE,Combined TRACON& Tower with Radar,107,16,45,0,168,0,0,8,0,8,107,16,53,0,176,8,0,8,184
02/29/2020,DSM,IA,ACE,CE,Combined TRACON& Tower with Radar,87,15,29,0,131,0,3,38,0,41,87,18,67,0,172,27,0,27,199
03/01/2020,DSM,IA,ACE,CE,Combined TRACON& Tower with Radar,106,20,29,0,155,0,0,8,0,8,106,20,37,0,163,10,0,10,173
03/02/2020,DSM,IA,ACE,CE,Combined TRACON& Tower with Radar,98,17,51,0,166,0,1,9,0,10,98,18,60,0,176,12,0,12,188
03/03/2020,DSM,IA,ACE,CE,Combined TRACON& Tower with Radar,102,20,42,0,164,0,3,9,0,12,102,23,51,0,176,0,0,0,176
03/04/2020,DSM,IA,ACE,CE,Combined TRACON& Tower with Radar,106,19,52,2,179,0,0,46,0,46,106,19,98,2,225,12,0,12,237
03/05/2020,DSM,IA,ACE,CE,Combined TRACON& Tower with Radar,113,18,41,0,172,0,0,8,0,8,113,18,49,0,180,4,0,4,184
03/06/2020,DSM,IA,ACE,CE,Combined TRACON& Tower with Radar,103,15,39,0,157,0,4,39,2,45,103,19,78,2,202,54,2,56,258
03/07/2020,DSM,IA,ACE,CE,Combined TRACON& Tower with Radar,92,13,19,0,124,0,2,15,0,17,92,15,34,0,141,13,0,13,154
03/08/2020,DSM,IA,ACE,CE,Combined TRACON& Tower with Radar,113,12,20,0,145,0,1,8,0,9,113,13,28,0,154,0,0,0,154
03/09/2020,DSM,IA,ACE,CE,Combined TRACON& Tower with Radar,104,11,38,2,155,0,0,1,0,1,104,11,39,2,156,0,0,0,156
03/10/2020,DSM,IA,ACE,CE,Combined TRACON& Tower with Radar,107,10,44,2,163,0,0,17,0,17,107,10,61,2,180,30,0,30,210
03/11/2020,DSM,IA,ACE,CE,Combined TRACON& Tower with Radar,117,9,57,10,193,0,0,19,0,19,117,9,76,10,212,14,0,14,226
03/12/2020,DSM,IA,ACE,CE,Combined TRACON& Tower with Radar,118,13,44,4,179,0,2,2,0,4,118,15,46,4,183,16,0,16,199
03/13/2020,DSM,IA,ACE,CE,Combined TRACON& Tower with Radar,113,13,50,0,176,2,2,27,0,31,115,15,77,0,207,4,0,4,211
03/14/2020,DSM,IA,ACE,CE,Combined TRACON& Tower with Radar,98,20,15,0,133,0,0,2,0,2,98,20,17,0,135,0,0,0,135
03/15/2020,DSM,IA,ACE,CE,Combined TRACON& Tower with Radar,113,16,14,0,143,0,2,10,0,12,113,18,24,0,155,0,0,0,155
03/16/2020,DSM,IA,ACE,CE,Combined TRACON& Tower with Radar,108,15,16,0,139,0,0,1,0,1,108,15,17,0,140,0,0,0,140
03/17/2020,DSM,IA,ACE,CE,Combined TRACON& Tower with Radar,116,17,28,14,175,0,0,46,0,46,116,17,74,14,221,58,14,72,293
03/18/2020,DSM,IA,ACE,CE,Combined TRACON& Tower with Radar,113,11,9,2,135,0,0,0,0,0,113,11,9,2,135,0,0,0,135
03/19/2020,DSM,IA,ACE,CE,Combined TRACON& Tower with Radar,107,15,23,0,145,0,0,3,0,3,107,15,26,0,148,0,0,0,148
03/20/2020,DSM,IA,ACE,CE,Combined TRACON& Tower with Radar,106,18,31,0,155,0,0,3,2,5,106,18,34,2,160,0,0,0,160
03/21/2020,DSM,IA,ACE,CE,Combined TRACON& Tower with Radar,86,11,17,0,114,0,0,24,0,24,86,11,41,0,138,0,0,0,138
03/22/2020,DSM,IA,ACE,CE,Combined TRACON& Tower with Radar,97,19,18,0,134,0,0,3,0,3,97,19,21,0,137,2,0,2,139
03/23/2020,DSM,IA,ACE,CE,Combined TRACON& Tower with Radar,86,8,9,0,103,0,0,0,0,0,86,8,9,0,103,0,0,0,103
03/24/2020,DSM,IA,ACE,CE,Combined TRACON& Tower with Radar,76,10,9,5,100,0,0,6,1,7,76,10,15,6,107,22,4,26,133
03/25/2020,DSM,IA,ACE,CE,Combined TRACON& Tower with Radar,63,6,19,2,90,0,0,2,0,2,63,6,21,2,92,0,0,0,92
03/26/2020,DSM,IA,ACE,CE,Combined TRACON& Tower with Radar,54,6,24,2,86,0,0,6,0,6,54,6,30,2,92,28,0,28,120
03/27/2020,DSM,IA,ACE,CE,Combined TRACON& Tower with Radar,64,6,11,0,81,0,0,1,0,1,64,6,12,0,82,0,0,0,82
03/28/2020,DSM,IA,ACE,CE,Combined TRACON& Tower with Radar,47,8,4,0,59,0,0,0,0,0,47,8,4,0,59,0,0,0,59
03/29/2020,DSM,IA,ACE,CE,Combined TRACON& Tower with Radar,52,5,8,0,65,0,0,3,0,3,52,5,11,0,68,0,0,0,68
03/30/2020,DSM,IA,ACE,CE,Combined TRACON& Tower with Radar,53,5,20,0,78,0,1,43,2,46,53,6,63,2,124,48,0,48,172
03/31/2020,DSM,IA,ACE,CE,Combined TRACON& Tower with Radar,60,5,21,2,88,0,2,27,0,29,60,7,48,2,117,8,0,8,125
04/01/2020,DSM,IA,ACE,CE,Combined TRACON& Tower with Radar,55,4,16,2,77,0,2,12,0,14,55,6,28,2,91,16,0,16,107
04/02/2020,DSM,IA,ACE,CE,Combined TRACON& Tower with Radar,56,6,16,2,80,0,0,9,0,9,56,6,25,2,89,28,2,30,119
04/03/2020,DSM,IA,ACE,CE,Combined TRACON& Tower with Radar,45,5,6,0,56,0,1,0,0,1,45,6,6,0,57,0,0,0,57
04/04/2020,DSM,IA,ACE,CE,Combined TRACON& Tower with Radar,41,4,16,0,61,0,0,17,0,17,41,4,33,0,78,24,0,24,102
04/05/2020,DSM,IA,ACE,CE,Combined TRACON& Tower with Radar,45,7,8,0,60,0,0,22,0,22,45,7,30,0,82,6,0,6,88
04/06/2020,DSM,IA,ACE,CE,Combined TRACON& Tower with Radar,42,2,17,3,64,0,0,0,0,0,42,2,17,3,64,0,0,0,64
04/07/2020,DSM,IA,ACE,CE,Combined TRACON& Tower with Radar,42,4,18,0,64,0,0,12,0,12,42,4,30,0,76,0,0,0,76
04/08/2020,DSM,IA,ACE,CE,Combined TRACON& Tower with Radar,55,0,17,2,74,0,0,9,0,9,55,0,26,2,83,28,0,28,111
04/09/2020,DSM,IA,ACE,CE,Combined TRACON& Tower with Radar,57,6,5,0,68,0,0,9,0,9,57,6,14,0,77,1,0,1,78
04/10/2020,DSM,IA,ACE,CE,Combined TRACON& Tower with Radar,55,0,22,0,77,2,0,27,0,29,57,0,49,0,106,25,0,25,131
04/11/2020,DSM,IA,ACE,CE,Combined TRACON& Tower with Radar,33,2,3,0,38,0,0,3,0,3,33,2,6,0,41,18,0,18,59
04/12/2020,DSM,IA,ACE,CE,Combined TRACON& Tower with Radar,36,0,2,0,38,0,0,0,0,0,36,0,2,0,38,0,0,0,38
04/13/2020,DSM,IA,ACE,CE,Combined TRACON& Tower with Radar,43,0,9,0,52,0,0,5,0,5,43,0,14,0,57,2,0,2,59
04/14/2020,DSM,IA,ACE,CE,Combined TRACON& Tower with Radar,44,0,8,0,52,0,0,14,0,14,44,0,22,0,66,0,0,0,66
04/15/2020,DSM,IA,ACE,CE,Combined TRACON& Tower with Radar,46,0,9,0,55,0,0,6,0,6,46,0,15,0,61,10,0,10,71
04/16/2020,DSM,IA,ACE,CE,Combined TRACON& Tower with Radar,47,4,11,0,62,0,1,12,0,13,47,5,23,0,75,28,0,28,103
04/17/2020,DSM,IA,ACE,CE,Combined TRACON& Tower with Radar,40,0,14,0,54,0,2,8,0,10,40,2,22,0,64,0,0,0,64
04/18/2020,DSM,IA,ACE,CE,Combined TRACON& Tower with Radar,25,3,6,0,34,0,2,6,0,8,25,5,12,0,42,0,0,0,42
04/19/2020,DSM,IA,ACE,CE,Combined TRACON& Tower with Radar,39,0,13,2,54,0,1,43,0,44,39,1,56,2,98,18,0,18,116
04/20/2020,DSM,IA,ACE,CE,Combined TRACON& Tower with Radar,29,1,23,2,55,0,1,11,0,12,29,2,34,2,67,0,0,0,67
04/21/2020,DSM,IA,ACE,CE,Combined TRACON& Tower with Radar,36,2,32,4,74,0,0,51,0,51,36,2,83,4,125,0,0,0,125
04/22/2020,DSM,IA,ACE,CE,Combined TRACON& Tower with Radar,32,0,6,6,44,0,1,11,0,12,32,1,17,6,56,2,6,8,64
04/23/2020,DSM,IA,ACE,CE,Combined TRACON& Tower with Radar,36,6,17,0,59,0,0,40,0,40,36,6,57,0,99,38,0,38,137
04/24/2020,DSM,IA,ACE,CE,Combined TRACON& Tower with Radar,36,2,11,0,49,0,1,5,0,6,36,3,16,0,55,18,0,18,73
04/25/2020,DSM,IA,ACE,CE,Combined TRACON& Tower with Radar,26,3,15,0,44,0,1,17,0,18,26,4,32,0,62,20,0,20,82
04/26/2020,DSM,IA,ACE,CE,Combined TRACON& Tower with Radar,37,1,9,1,48,0,0,24,0,24,37,1,33,1,72,4,0,4,76
04/27/2020,DSM,IA,ACE,CE,Combined TRACON& Tower with Radar,34,0,12,0,46,0,1,12,0,13,34,1,24,0,59,4,0,4,63
04/28/2020,DSM,IA,ACE,CE,Combined TRACON& Tower with Radar,26,0,10,6,42,0,1,8,0,9,26,1,18,6,51,2,12,14,65
04/29/2020,DSM,IA,ACE,CE,Combined TRACON& Tower with Radar,36,0,27,6,69,0,0,2,0,2,36,0,29,6,71,12,6,18,89
04/30/2020,DSM,IA,ACE,CE,Combined TRACON& Tower with Radar,38,3,21,4,66,0,0,38,0,38,38,3,59,4,104,65,14,79,183
05/01/2020,DSM,IA,ACE,CE,Combined TRACON& Tower with Radar,49,6,15,3,73,0,0,11,0,11,49,6,26,3,84,0,4,4,88
05/02/2020,DSM,IA,ACE,CE,Combined TRACON& Tower with Radar,24,4,5,2,35,0,0,17,0,17,24,4,22,2,52,2,0,2,54
05/03/2020,DSM,IA,ACE,CE,Combined TRACON& Tower with Radar,44,1,17,0,62,0,0,29,0,29,44,1,46,0,91,30,0,30,121
05/04/2020,DSM,IA,ACE,CE,Combined TRACON& Tower with Radar,36,2,13,8,59,0,0,6,0,6,36,2,19,8,65,0,0,0,65
05/05/2020,DSM,IA,ACE,CE,Combined TRACON& Tower with Radar,30,2,11,0,43,0,0,3,0,3,30,2,14,0,46,0,0,0,46
05/06/2020,DSM,IA,ACE,CE,Combined TRACON& Tower with Radar,32,2,28,0,62,0,0,19,0,19,32,2,47,0,81,16,0,16,97
05/07/2020,DSM,IA,ACE,CE,Combined TRACON& Tower with Radar,35,6,22,8,71,0,0,24,0,24,35,6,46,8,95,12,22,34,129
05/08/2020,DSM,IA,ACE,CE,Combined TRACON& Tower with Radar,38,0,23,8,69,7,0,18,8,33,45,0,41,16,102,16,22,38,140
05/09/2020,DSM,IA,ACE,CE,Combined TRACON& Tower with Radar,24,6,12,1,43,2,2,17,0,21,26,8,29,1,64,18,0,18,82
05/10/2020,DSM,IA,ACE,CE,Combined TRACON& Tower with Radar,32,3,12,0,47,0,0,6,0,6,32,3,18,0,53,0,0,0,53
05/11/2020,DSM,IA,ACE,CE,Combined TRACON& Tower with Radar,32,0,20,3,55,0,0,32,0,32,32,0,52,3,87,30,0,30,117
05/12/2020,DSM,IA,ACE,CE,Combined TRACON& Tower with Radar,29,0,23,12,64,0,0,43,0,43,29,0,66,12,107,75,16,91,198
05/13/2020,DSM,IA,ACE,CE,Combined TRACON& Tower with Radar,31,4,21,22,78,0,0,1,0,1,31,4,22,22,79,0,52,52,131
05/14/2020,DSM,IA,ACE,CE,Combined TRACON& Tower with Radar,43,4,23,0,70,0,0,0,0,0,43,4,23,0,70,10,0,10,80
05/15/2020,DSM,IA,ACE,CE,Combined TRACON& Tower with Radar,38,2,30,0,70,0,1,39,0,40,38,3,69,0,110,32,0,32,142
05/16/2020,DSM,IA,ACE,CE,Combined TRACON& Tower with Radar,26,4,9,0,39,0,0,19,0,19,26,4,28,0,58,8,0,8,66
05/17/2020,DSM,IA,ACE,CE,Combined TRACON& Tower with Radar,38,4,10,0,52,0,0,2,0,2,38,4,12,0,54,0,0,0,54
05/18/2020,DSM,IA,ACE,CE,Combined TRACON& Tower with Radar,34,2,45,2,83,0,0,3,0,3,34,2,48,2,86,0,0,0,86
05/19/2020,DSM,IA,ACE,CE,Combined TRACON& Tower with Radar,28,2,42,2,74,0,3,1,0,4,28,5,43,2,78,16,0,16,94
05/20/2020,DSM,IA,ACE,CE,Combined TRACON& Tower with Radar,31,7,40,2,80,0,0,1,0,1,31,7,41,2,81,0,0,0,81
05/21/2020,DSM,IA,ACE,CE,Combined TRACON& Tower with Radar,44,4,35,4,87,0,0,3,0,3,44,4,38,4,90,0,0,0,90
05/22/2020,DSM,IA,ACE,CE,Combined TRACON& Tower with Radar,41,10,27,0,78,0,3,4,0,7,41,13,31,0,85,0,0,0,85
05/23/2020,DSM,IA,ACE,CE,Combined TRACON& Tower with Radar,32,6,14,1,53,0,0,8,0,8,32,6,22,1,61,18,0,18,79
05/24/2020,DSM,IA,ACE,CE,Combined TRACON& Tower with Radar,41,2,5,1,49,0,0,1,0,1,41,2,6,1,50,0,0,0,50
05/25/2020,DSM,IA,ACE,CE,Combined TRACON& Tower with Radar,39,5,17,0,61,0,0,4,0,4,39,5,21,0,65,4,0,4,69
05/26/2020,DSM,IA,ACE,CE,Combined TRACON& Tower with Radar,25,2,22,2,51,2,1,4,0,7,27,3,26,2,58,0,0,0,58
05/27/2020,DSM,IA,ACE,CE,Combined TRACON& Tower with Radar,32,2,36,0,70,1,0,17,0,18,33,2,53,0,88,44,0,44,132
05/28/2020,DSM,IA,ACE,CE,Combined TRACON& Tower with Radar,44,3,20,0,67,0,0,7,0,7,44,3,27,0,74,6,0,6,80
05/29/2020,DSM,IA,ACE,CE,Combined TRACON& Tower with Radar,42,2,41,0,85,0,2,33,0,35,42,4,74,0,120,40,0,40,160
05/30/2020,DSM,IA,ACE,CE,Combined TRACON& Tower with Radar,28,5,16,0,49,0,6,39,0,45,28,11,55,0,94,60,0,60,154
05/31/2020,DSM,IA,ACE,CE,Combined TRACON& Tower with Radar,55,2,17,0,74,0,0,25,0,25,55,2,42,0,99,6,0,6,105
06/01/2020,DSM,IA,ACE,CE,Combined TRACON& Tower with Radar,37,1,38,0,76,0,2,9,0,11,37,3,47,0,87,2,0,2,89
06/02/2020,DSM,IA,ACE,CE,Combined TRACON& Tower with Radar,35,4,25,2,66,0,0,14,0,14,35,4,39,2,80,6,0,6,86
06/03/2020,DSM,IA,ACE,CE,Combined TRACON& Tower with Radar,37,1,28,0,66,0,1,35,0,36,37,2,63,0,102,32,0,32,134
06/04/2020,DSM,IA,ACE,CE,Combined TRACON& Tower with Radar,46,3,27,0,76,0,0,20,0,20,46,3,47,0,96,8,0,8,104
06/05/2020,DSM,IA,ACE,CE,Combined TRACON& Tower with Radar,43,3,28,0,74,0,0,25,0,25,43,3,53,0,99,35,0,35,134
06/06/2020,DSM,IA,ACE,CE,Combined TRACON& Tower with Radar,42,4,14,0,60,0,0,17,0,17,42,4,31,0,77,27,0,27,104
06/07/2020,DSM,IA,ACE,CE,Combined TRACON& Tower with Radar,47,4,10,0,61,0,1,18,0,19,47,5,28,0,80,6,0,6,86
06/08/2020,DSM,IA,ACE,CE,Combined TRACON& Tower with Radar,42,8,25,2,77,7,2,28,0,37,49,10,53,2,114,12,0,12,126
06/09/2020,DSM,IA,ACE,CE,Combined TRACON& Tower with Radar,36,4,26,0,66,0,0,3,0,3,36,4,29,0,69,2,0,2,71
06/10/2020,DSM,IA,ACE,CE,Combined TRACON& Tower with Radar,36,11,22,2,71,0,0,3,0,3,36,11,25,2,74,0,0,0,74
06/11/2020,DSM,IA,ACE,CE,Combined TRACON& Tower with Radar,50,5,44,0,99,2,2,31,0,35,52,7,75,0,134,20,0,20,154
06/12/2020,DSM,IA,ACE,CE,Combined TRACON& Tower with Radar,46,10,32,0,88,0,0,47,0,47,46,10,79,0,135,42,0,42,177
06/13/2020,DSM,IA,ACE,CE,Combined TRACON& Tower with Radar,40,9,7,0,56,0,0,42,0,42,40,9,49,0,98,50,0,50,148
06/14/2020,DSM,IA,ACE,CE,Combined TRACON& Tower with Radar,47,2,17,0,66,0,0,12,0,12,47,2,29,0,78,0,0,0,78
06/15/2020,DSM,IA,ACE,CE,Combined TRACON& Tower with Radar,42,2,25,0,69,0,0,16,0,16,42,2,41,0,85,10,0,10,95
06/16/2020,DSM,IA,ACE,CE,Combined TRACON& Tower with Radar,36,7,37,0,80,0,1,31,0,32,36,8,68,0,112,24,0,24,136
06/17/2020,DSM,IA,ACE,CE,Combined TRACON& Tower with Radar,36,7,24,0,67,0,0,21,0,21,36,7,45,0,88,0,0,0,88
06/18/2020,DSM,IA,ACE,CE,Combined TRACON& Tower with Radar,50,5,40,0,95,0,0,13,0,13,50,5,53,0,108,8,0,8,116
06/19/2020,DSM,IA,ACE,CE,Combined TRACON& Tower with Radar,46,6,30,0,82,0,0,3,0,3,46,6,33,0,85,4,0,4,89
06/20/2020,DSM,IA,ACE,CE,Combined TRACON& Tower with Radar,42,6,21,0,69,0,0,4,0,4,42,6,25,0,73,0,0,0,73
06/21/2020,DSM,IA,ACE,CE,Combined TRACON& Tower with Radar,50,5,23,0,78,0,0,7,0,7,50,5,30,0,85,0,0,0,85
06/22/2020,DSM,IA,ACE,CE,Combined TRACON& Tower with Radar,42,6,27,0,75,0,2,11,0,13,42,8,38,0,88,46,0,46,134
06/23/2020,DSM,IA,ACE,CE,Combined TRACON& Tower with Radar,38,5,40,0,83,1,0,57,0,58,39,5,97,0,141,48,0,48,189
06/24/2020,DSM,IA,ACE,CE,Combined TRACON& Tower with Radar,38,6,46,2,92,0,0,38,0,38,38,6,84,2,130,14,0,14,144
06/25/2020,DSM,IA,ACE,CE,Combined TRACON& Tower with Radar,50,6,47,1,104,0,1,34,0,35,50,7,81,1,139,44,0,44,183
06/26/2020,DSM,IA,ACE,CE,Combined TRACON& Tower with Radar,45,3,31,5,84,0,0,5,5,10,45,3,36,10,94,34,10,44,138
06/27/2020,DSM,IA,ACE,CE,Combined TRACON& Tower with Radar,44,5,13,0,62,0,2,19,0,21,44,7,32,0,83,30,0,30,113
06/28/2020,DSM,IA,ACE,CE,Combined TRACON& Tower with Radar,45,6,18,0,69,0,0,7,0,7,45,6,25,0,76,10,0,10,86
06/29/2020,DSM,IA,ACE,CE,Combined TRACON& Tower with Radar,42,3,32,0,77,0,1,12,0,13,42,4,44,0,90,18,0,18,108
06/30/2020,DSM,IA,ACE,CE,Combined TRACON& Tower with Radar,36,3,39,0,78,0,0,11,0,11,36,3,50,0,89,24,0,24,113
07/01/2020,DSM,IA,ACE,CE,Combined TRACON& Tower with Radar,41,9,40,4,94,0,1,21,5,27,41,10,61,9,121,14,12,26,147
07/02/2020,DSM,IA,ACE,CE,Combined TRACON& Tower with Radar,63,5,31,0,99,0,2,18,0,20,63,7,49,0,119,0,0,0,119
07/03/2020,DSM,IA,ACE,CE,Combined TRACON& Tower with Radar,49,2,16,0,67,0,0,16,0,16,49,2,32,0,83,13,0,13,96
07/04/2020,DSM,IA,ACE,CE,Combined TRACON& Tower with Radar,44,2,11,0,57,0,4,17,0,21,44,6,28,0,78,0,0,0,78
07/05/2020,DSM,IA,ACE,CE,Combined TRACON& Tower with Radar,48,6,21,0,75,0,0,10,0,10,48,6,31,0,85,15,0,15,100
07/06/2020,DSM,IA,ACE,CE,Combined TRACON& Tower with Radar,55,3,30,0,88,0,0,17,0,17,55,3,47,0,105,20,0,20,125
07/07/2020,DSM,IA,ACE,CE,Combined TRACON& Tower with Radar,49,1,40,0,90,0,0,25,0,25,49,1,65,0,115,22,0,22,137
07/08/2020,DSM,IA,ACE,CE,Combined TRACON& Tower with Radar,60,2,35,0,97,0,0,33,0,33,60,2,68,0,130,12,0,12,142
07/09/2020,DSM,IA,ACE,CE,Combined TRACON& Tower with Radar,78,7,55,0,140,0,4,9,2,15,78,11,64,2,155,10,0,10,165
07/10/2020,DSM,IA,ACE,CE,Combined TRACON& Tower with Radar,74,8,35,2,119,0,0,31,0,31,74,8,66,2,150,8,0,8,158
07/11/2020,DSM,IA,ACE,CE,Combined TRACON& Tower with Radar,67,3,15,2,87,0,0,28,0,28,67,3,43,2,115,0,0,0,115
07/12/2020,DSM,IA,ACE,CE,Combined TRACON& Tower with Radar,73,5,37,2,117,0,1,39,0,40,73,6,76,2,157,4,0,4,161
07/13/2020,DSM,IA,ACE,CE,Combined TRACON& Tower with Radar,70,2,26,0,98,0,0,25,2,27,70,2,51,2,125,8,0,8,133
07/14/2020,DSM,IA,ACE,CE,Combined TRACON& Tower with Radar,52,6,47,2,107,0,1,19,2,22,52,7,66,4,129,24,0,24,153
07/15/2020,DSM,IA,ACE,CE,Combined TRACON& Tower with Radar,58,12,25,0,95,1,0,9,0,10,59,12,34,0,105,34,0,34,139
07/16/2020,DSM,IA,ACE,CE,Combined TRACON& Tower with Radar,80,5,56,2,143,0,0,41,2,43,80,5,97,4,186,16,0,16,202
07/17/2020,DSM,IA,ACE,CE,Combined TRACON& Tower with Radar,73,4,36,2,115,0,1,33,0,34,73,5,69,2,149,21,0,21,170
07/18/2020,DSM,IA,ACE,CE,Combined TRACON& Tower with Radar,66,11,15,0,92,0,2,9,0,11,66,13,24,0,103,0,0,0,103
07/19/2020,DSM,IA,ACE,CE,Combined TRACON& Tower with Radar,74,9,23,0,106,0,4,27,0,31,74,13,50,0,137,11,0,11,148
07/20/2020,DSM,IA,ACE,CE,Combined TRACON& Tower with Radar,71,6,29,1,107,0,1,19,2,22,71,7,48,3,129,16,4,20,149
07/21/2020,DSM,IA,ACE,CE,Combined TRACON& Tower with Radar,54,5,42,4,105,0,0,8,0,8,54,5,50,4,113,4,0,4,117
07/22/2020,DSM,IA,ACE,CE,Combined TRACON& Tower with Radar,59,10,54,19,142,0,0,32,1,33,59,10,86,20,175,10,10,20,195
07/23/2020,DSM,IA,ACE,CE,Combined TRACON& Tower with Radar,78,5,34,4,121,0,2,28,0,30,78,7,62,4,151,22,0,22,173
07/24/2020,DSM,IA,ACE,CE,Combined TRACON& Tower with Radar,75,7,34,2,118,0,3,19,0,22,75,10,53,2,140,14,0,14,154
07/25/2020,DSM,IA,ACE,CE,Combined TRACON& Tower with Radar,64,7,15,0,86,0,0,30,0,30,64,7,45,0,116,42,0,42,158
07/26/2020,DSM,IA,ACE,CE,Combined TRACON& Tower with Radar,73,5,29,0,107,0,1,8,0,9,73,6,37,0,116,0,0,0,116
07/27/2020,DSM,IA,ACE,CE,Combined TRACON& Tower with Radar,70,10,42,2,124,0,1,17,0,18,70,11,59,2,142,42,0,42,184
07/28/2020,DSM,IA,ACE,CE,Combined TRACON& Tower with Radar,52,8,26,0,86,0,0,16,0,16,52,8,42,0,102,24,0,24,126
07/29/2020,DSM,IA,ACE,CE,Combined TRACON& Tower with Radar,61,6,45,4,116,0,0,26,0,26,61,6,71,4,142,43,0,43,185
07/30/2020,DSM,IA,ACE,CE,Combined TRACON& Tower with Radar,76,6,32,1,115,0,0,22,1,23,76,6,54,2,138,11,0,11,149
07/31/2020,DSM,IA,ACE,CE,Combined TRACON& Tower with Radar,69,3,35,8,115,0,2,41,0,43,69,5,76,8,158,56,0,56,214
08/01/2020,DSM,IA,ACE,CE,Combined TRACON& Tower with Radar,72,4,17,0,93,0,0,30,0,30,72,4,47,0,123,32,0,32,155
08/02/2020,DSM,IA,ACE,CE,Combined TRACON& Tower with Radar,81,8,10,0,99,0,1,5,0,6,81,9,15,0,105,8,0,8,113
08/03/2020,DSM,IA,ACE,CE,Combined TRACON& Tower with Radar,77,1,48,5,131,0,1,27,0,28,77,2,75,5,159,10,0,10,169
08/04/2020,DSM,IA,ACE,CE,Combined TRACON& Tower with Radar,67,3,36,5,111,0,3,34,2,39,67,6,70,7,150,36,0,36,186
08/05/2020,DSM,IA,ACE,CE,Combined TRACON& Tower with Radar,65,7,44,2,118,0,0,20,0,20,65,7,64,2,138,18,0,18,156
08/06/2020,DSM,IA,ACE,CE,Combined TRACON& Tower with Radar,84,3,32,0,119,1,0,12,0,13,85,3,44,0,132,0,0,0,132
08/07/2020,DSM,IA,ACE,CE,Combined TRACON& Tower with Radar,77,1,30,2,110,1,1,17,0,19,78,2,47,2,129,3,0,3,132
08/08/2020,DSM,IA,ACE,CE,Combined TRACON& Tower with Radar,75,8,14,0,97,0,0,14,0,14,75,8,28,0,111,0,0,0,111
08/09/2020,DSM,IA,ACE,CE,Combined TRACON& Tower with Radar,82,4,20,0,106,0,3,22,0,25,82,7,42,0,131,14,0,14,145
08/10/2020,DSM,IA,ACE,CE,Combined TRACON& Tower with Radar,67,6,18,4,95,0,0,10,5,15,67,6,28,9,110,0,4,4,114
08/11/2020,DSM,IA,ACE,CE,Combined TRACON& Tower with Radar,66,12,29,28,135,0,1,29,0,30,66,13,58,28,165,44,50,94,259
08/12/2020,DSM,IA,ACE,CE,Combined TRACON& Tower with Radar,70,8,49,2,129,0,0,9,2,11,70,8,58,4,140,0,0,0,140
08/13/2020,DSM,IA,ACE,CE,Combined TRACON& Tower with Radar,85,13,32,9,139,0,0,10,9,19,85,13,42,18,158,0,2,2,160
08/14/2020,DSM,IA,ACE,CE,Combined TRACON& Tower with Radar,81,9,25,2,117,1,5,26,2,34,82,14,51,4,151,18,0,18,169
08/15/2020,DSM,IA,ACE,CE,Combined TRACON& Tower with Radar,72,6,19,2,99,0,1,38,0,39,72,7,57,2,138,0,0,0,138
08/16/2020,DSM,IA,ACE,CE,Combined TRACON& Tower with Radar,83,8,24,0,115,1,0,28,0,29,84,8,52,0,144,32,0,32,176
08/17/2020,DSM,IA,ACE,CE,Combined TRACON& Tower with Radar,74,6,41,5,126,0,1,25,1,27,74,7,66,6,153,12,10,22,175
08/18/2020,DSM,IA,ACE,CE,Combined TRACON& Tower with Radar,64,2,31,1,98,0,4,28,1,33,64,6,59,2,131,14,0,14,145
08/19/2020,DSM,IA,ACE,CE,Combined TRACON& Tower with Radar,64,5,45,6,120,0,0,37,2,39,64,5,82,8,159,50,0,50,209
08/20/2020,DSM,IA,ACE,CE,Combined TRACON& Tower with Radar,78,5,34,0,117,0,3,31,0,34,78,8,65,0,151,14,0,14,165
08/21/2020,DSM,IA,ACE,CE,Combined TRACON& Tower with Radar,75,6,29,2,112,0,1,24,0,25,75,7,53,2,137,16,0,16,153
08/22/2020,DSM,IA,ACE,CE,Combined TRACON& Tower with Radar,64,4,24,0,92,0,0,21,0,21,64,4,45,0,113,4,0,4,117
08/23/2020,DSM,IA,ACE,CE,Combined TRACON& Tower with Radar,77,5,21,0,103,0,1,38,0,39,77,6,59,0,142,12,0,12,154
08/24/2020,DSM,IA,ACE,CE,Combined TRACON& Tower with Radar,72,1,34,9,116,0,0,26,1,27,72,1,60,10,143,24,0,24,167
08/25/2020,DSM,IA,ACE,CE,Combined TRACON& Tower with Radar,62,4,24,14,104,0,0,18,0,18,62,4,42,14,122,6,12,18,140
08/26/2020,DSM,IA,ACE,CE,Combined TRACON& Tower with Radar,61,15,39,0,115,7,5,23,2,37,68,20,62,2,152,11,0,11,163
08/27/2020,DSM,IA,ACE,CE,Combined TRACON& Tower with Radar,78,8,45,15,146,4,0,43,3,50,82,8,88,18,196,8,22,30,226
08/28/2020,DSM,IA,ACE,CE,Combined TRACON& Tower with Radar,77,2,28,1,108,0,3,17,1,21,77,5,45,2,129,0,0,0,129
08/29/2020,DSM,IA,ACE,CE,Combined TRACON& Tower with Radar,65,2,17,0,84,0,0,27,0,27,65,2,44,0,111,2,0,2,113
08/30/2020,DSM,IA,ACE,CE,Combined TRACON& Tower with Radar,75,6,25,0,106,0,2,36,0,38,75,8,61,0,144,8,0,8,152
08/31/2020,DSM,IA,ACE,CE,Combined TRACON& Tower with Radar,74,6,35,0,115,0,0,12,0,12,74,6,47,0,127,4,0,4,131
09/01/2020,DSM,IA,ACE,CE,Combined TRACON& Tower with Radar,62,3,30,0,95,0,0,9,0,9,62,3,39,0,104,0,0,0,104
09/02/2020,DSM,IA,ACE,CE,Combined TRACON& Tower with Radar,62,1,37,0,100,0,3,36,0,39,62,4,73,0,139,28,0,28,167
09/03/2020,DSM,IA,ACE,CE,Combined TRACON& Tower with Radar,82,4,34,4,124,0,2,27,2,31,82,6,61,6,155,6,6,12,167
09/04/2020,DSM,IA,ACE,CE,Combined TRACON& Tower with Radar,81,5,46,0,132,0,4,31,0,35,81,9,77,0,167,26,0,26,193
09/05/2020,DSM,IA,ACE,CE,Combined TRACON& Tower with Radar,53,7,17,0,77,0,5,20,0,25,53,12,37,0,102,13,0,13,115
09/06/2020,DSM,IA,ACE,CE,Combined TRACON& Tower with Radar,62,3,8,0,73,0,0,6,0,6,62,3,14,0,79,4,0,4,83
09/07/2020,DSM,IA,ACE,CE,Combined TRACON& Tower with Radar,65,4,27,0,96,0,0,25,0,25,65,4,52,0,121,24,0,24,145
09/08/2020,DSM,IA,ACE,CE,Combined TRACON& Tower with Radar,61,4,22,0,87,0,1,3,0,4,61,5,25,0,91,0,0,0,91
09/09/2020,DSM,IA,ACE,CE,Combined TRACON& Tower with Radar,62,2,31,1,96,0,0,1,0,1,62,2,32,1,97,0,0,0,97
09/10/2020,DSM,IA,ACE,CE,Combined TRACON& Tower with Radar,72,6,16,0,94,0,0,0,0,0,72,6,16,0,94,0,0,0,94
09/11/2020,DSM,IA,ACE,CE,Combined TRACON& Tower with Radar,77,3,28,2,110,0,0,0,0,0,77,3,28,2,110,0,0,0,110
09/12/2020,DSM,IA,ACE,CE,Combined TRACON& Tower with Radar,61,9,23,0,93,0,2,15,0,17,61,11,38,0,110,38,0,38,148
09/13/2020,DSM,IA,ACE,CE,Combined TRACON& Tower with Radar,74,9,32,2,117,1,2,45,0,48,75,11,77,2,165,4,0,4,169
09/14/2020,DSM,IA,ACE,CE,Combined TRACON& Tower with Radar,68,4,40,0,112,2,0,28,0,30,70,4,68,0,142,17,0,17,159
09/15/2020,DSM,IA,ACE,CE,Combined TRACON& Tower with Radar,60,2,33,1,96,0,1,34,5,40,60,3,67,6,136,24,0,24,160
09/16/2020,DSM,IA,ACE,CE,Combined TRACON& Tower with Radar,65,16,41,13,135,2,1,35,5,43,67,17,76,18,178,10,0,10,188
09/17/2020,DSM,IA,ACE,CE,Combined TRACON& Tower with Radar,72,5,37,7,121,0,2,36,2,40,72,7,73,9,161,24,8,32,193
09/18/2020,DSM,IA,ACE,CE,Combined TRACON& Tower with Radar,75,5,29,0,109,0,1,36,4,41,75,6,65,4,150,63,0,63,213
09/19/2020,DSM,IA,ACE,CE,Combined TRACON& Tower with Radar,61,8,23,0,92,0,2,31,0,33,61,10,54,0,125,22,0,22,147
09/20/2020,DSM,IA,ACE,CE,Combined TRACON& Tower with Radar,72,4,24,0,100,0,0,12,0,12,72,4,36,0,112,6,0,6,118
09/21/2020,DSM,IA,ACE,CE,Combined TRACON& Tower with Radar,68,5,22,0,95,0,2,27,2,31,68,7,49,2,126,2,0,2,128
09/22/2020,DSM,IA,ACE,CE,Combined TRACON& Tower with Radar,60,5,41,5,111,0,0,45,8,53,60,5,86,13,164,46,0,46,210
09/23/2020,DSM,IA,ACE,CE,Combined TRACON& Tower with Radar,64,16,31,25,136,0,8,27,9,44,64,24,58,34,180,18,22,40,220
09/24/2020,DSM,IA,ACE,CE,Combined TRACON& Tower with Radar,73,2,42,0,117,2,0,29,2,33,75,2,71,2,150,0,0,0,150
09/25/2020,DSM,IA,ACE,CE,Combined TRACON& Tower with Radar,77,6,38,0,121,0,0,11,2,13,77,6,49,2,134,2,0,2,136
09/26/2020,DSM,IA,ACE,CE,Combined TRACON& Tower with Radar,64,6,19,0,89,1,0,18,0,19,65,6,37,0,108,12,0,12,120
09/27/2020,DSM,IA,ACE,CE,Combined TRACON& Tower with Radar,72,2,18,0,92,0,0,7,0,7,72,2,25,0,99,2,0,2,101
09/28/2020,DSM,IA,ACE,CE,Combined TRACON& Tower with Radar,67,2,50,12,131,0,1,15,2,18,67,3,65,14,149,16,4,20,169
09/29/2020,DSM,IA,ACE,CE,Combined TRACON& Tower with Radar,64,6,55,4,129,0,2,35,2,39,64,8,90,6,168,12,20,32,200
09/30/2020,DSM,IA,ACE,CE,Combined TRACON& Tower with Radar,66,4,41,1,112,0,4,10,2,16,66,8,51,3,128,2,0,2,130
10/01/2020,DSM,IA,ACE,CE,Combined TRACON& Tower with Radar,79,6,49,20,154,0,2,17,2,21,79,8,66,22,175,0,32,32,207
10/02/2020,DSM,IA,ACE,CE,Combined TRACON& Tower with Radar,78,7,47,0,132,0,1,46,2,49,78,8,93,2,181,24,0,24,205
10/03/2020,DSM,IA,ACE,CE,Combined TRACON& Tower with Radar,60,10,12,0,82,0,0,7,0,7,60,10,19,0,89,0,0,0,89
10/04/2020,DSM,IA,ACE,CE,Combined TRACON& Tower with Radar,82,4,32,0,118,0,3,49,1,53,82,7,81,1,171,2,0,2,173
10/05/2020,DSM,IA,ACE,CE,Combined TRACON& Tower with Radar,70,4,34,1,109,0,4,11,1,16,70,8,45,2,125,2,0,2,127
10/06/2020,DSM,IA,ACE,CE,Combined TRACON& Tower with Radar,56,0,39,3,98,0,2,35,1,38,56,2,74,4,136,6,0,6,142
10/07/2020,DSM,IA,ACE,CE,Combined TRACON& Tower with Radar,55,5,34,2,96,0,0,32,4,36,55,5,66,6,132,10,0,10,142
10/08/2020,DSM,IA,ACE,CE,Combined TRACON& Tower with Radar,77,9,39,4,129,0,0,22,6,28,77,9,61,10,157,18,14,32,189
10/09/2020,DSM,IA,ACE,CE,Combined TRACON& Tower with Radar,76,7,40,0,123,0,0,17,0,17,76,7,57,0,140,16,0,16,156
10/10/2020,DSM,IA,ACE,CE,Combined TRACON& Tower with Radar,52,12,21,0,85,0,3,26,0,29,52,15,47,0,114,10,0,10,124
10/11/2020,DSM,IA,ACE,CE,Combined TRACON& Tower with Radar,78,9,23,0,110,0,1,22,0,23,78,10,45,0,133,8,0,8,141
10/12/2020,DSM,IA,ACE,CE,Combined TRACON& Tower with Radar,66,17,41,2,126,0,0,15,0,15,66,17,56,2,141,28,0,28,169
10/13/2020,DSM,IA,ACE,CE,Combined TRACON& Tower with Radar,61,6,55,2,124,0,2,26,4,32,61,8,81,6,156,34,0,34,190
10/14/2020,DSM,IA,ACE,CE,Combined TRACON& Tower with Radar,61,6,41,8,116,0,2,10,6,18,61,8,51,14,134,0,10,10,144
10/15/2020,DSM,IA,ACE,CE,Combined TRACON& Tower with Radar,77,8,49,4,138,0,0,20,0,20,77,8,69,4,158,18,0,18,176
10/16/2020,DSM,IA,ACE,CE,Combined TRACON& Tower with Radar,75,11,33,2,121,0,0,24,0,24,75,11,57,2,145,2,0,2,147
10/17/2020,DSM,IA,ACE,CE,Combined TRACON& Tower with Radar,52,15,22,0,89,0,0,8,0,8,52,15,30,0,97,0,0,0,97
10/18/2020,DSM,IA,ACE,CE,Combined TRACON& Tower with Radar,78,9,31,2,120,0,1,16,0,17,78,10,47,2,137,8,0,8,145
10/19/2020,DSM,IA,ACE,CE,Combined TRACON& Tower with Radar,69,10,34,0,113,0,0,5,0,5,69,10,39,0,118,0,0,0,118
10/20/2020,DSM,IA,ACE,CE,Combined TRACON& Tower with Radar,58,9,24,0,91,0,0,0,0,0,58,9,24,0,91,0,0,0,91
10/21/2020,DSM,IA,ACE,CE,Combined TRACON& Tower with Radar,60,4,41,0,105,0,0,14,2,16,60,4,55,2,121,28,0,28,149
10/22/2020,DSM,IA,ACE,CE,Combined TRACON& Tower with Radar,82,9,15,2,108,0,0,0,0,0,82,9,15,2,108,0,0,0,108
10/23/2020,DSM,IA,ACE,CE,Combined TRACON& Tower with Radar,78,7,37,2,124,0,6,3,0,9,78,13,40,2,133,4,0,4,137
10/24/2020,DSM,IA,ACE,CE,Combined TRACON& Tower with Radar,55,14,33,0,102,0,0,34,0,34,55,14,67,0,136,16,0,16,152
10/25/2020,DSM,IA,ACE,CE,Combined TRACON& Tower with Radar,72,11,13,0,96,0,0,6,0,6,72,11,19,0,102,10,0,10,112
10/26/2020,DSM,IA,ACE,CE,Combined TRACON& Tower with Radar,65,9,28,2,104,0,0,16,0,16,65,9,44,2,120,12,4,16,136
10/27/2020,DSM,IA,ACE,CE,Combined TRACON& Tower with Radar,56,6,37,4,103,0,0,33,2,35,56,6,70,6,138,18,0,18,156
10/28/2020,DSM,IA,ACE,CE,Combined TRACON& Tower with Radar,56,3,48,7,114,0,0,50,6,56,56,3,98,13,170,10,4,14,184
10/29/2020,DSM,IA,ACE,CE,Combined TRACON& Tower with Radar,71,7,32,12,122,0,0,10,2,12,71,7,42,14,134,2,4,6,140
10/30/2020,DSM,IA,ACE,CE,Combined TRACON& Tower with Radar,71,10,35,3,119,0,1,31,3,35,71,11,66,6,154,5,0,5,159
10/31/2020,DSM,IA,ACE,CE,Combined TRACON& Tower with Radar,41,8,23,0,72,0,0,12,0,12,41,8,35,0,84,0,0,0,84
11/01/2020,DSM,IA,ACE,CE,Combined TRACON& Tower with Radar,65,8,18,0,91,2,1,12,0,15,67,9,30,0,106,6,0,6,112
11/02/2020,DSM,IA,ACE,CE,Combined TRACON& Tower with Radar,65,8,27,9,109,0,2,29,5,36,65,10,56,14,145,13,24,37,182
11/03/2020,DSM,IA,ACE,CE,Combined TRACON& Tower with Radar,55,7,16,2,80,0,3,26,2,31,55,10,42,4,111,32,0,32,143
11/04/2020,DSM,IA,ACE,CE,Combined TRACON& Tower with Radar,52,13,33,4,102,0,0,47,4,51,52,13,80,8,153,40,12,52,205
11/05/2020,DSM,IA,ACE,CE,Combined TRACON& Tower with Radar,71,14,42,1,128,0,2,53,1,56,71,16,95,2,184,46,0,46,230
11/06/2020,DSM,IA,ACE,CE,Combined TRACON& Tower with Radar,75,11,41,0,127,0,2,42,0,44,75,13,83,0,171,28,0,28,199
11/07/2020,DSM,IA,ACE,CE,Combined TRACON& Tower with Radar,58,10,7,0,75,0,4,19,0,23,58,14,26,0,98,0,0,0,98
11/08/2020,DSM,IA,ACE,CE,Combined TRACON& Tower with Radar,73,10,22,0,105,0,4,17,0,21,73,14,39,0,126,4,0,4,130
11/09/2020,DSM,IA,ACE,CE,Combined TRACON& Tower with Radar,67,11,30,4,112,0,1,4,0,5,67,12,34,4,117,0,0,0,117
11/10/2020,DSM,IA,ACE,CE,Combined TRACON& Tower with Radar,52,9,20,0,81,0,0,2,0,2,52,9,22,0,83,0,0,0,83
11/11/2020,DSM,IA,ACE,CE,Combined TRACON& Tower with Radar,56,10,42,2,110,0,1,39,0,40,56,11,81,2,150,35,0,35,185
11/12/2020,DSM,IA,ACE,CE,Combined TRACON& Tower with Radar,71,12,24,2,109,0,3,19,3,25,71,15,43,5,134,19,0,19,153
11/13/2020,DSM,IA,ACE,CE,Combined TRACON& Tower with Radar,73,12,45,2,132,0,1,40,0,41,73,13,85,2,173,6,0,6,179
11/14/2020,DSM,IA,ACE,CE,Combined TRACON& Tower with Radar,61,10,12,0,83,0,1,4,1,6,61,11,16,1,89,2,0,2,91
11/15/2020,DSM,IA,ACE,CE,Combined TRACON& Tower with Radar,71,6,13,0,90,0,0,2,0,2,71,6,15,0,92,0,0,0,92
11/16/2020,DSM,IA,ACE,CE,Combined TRACON& Tower with Radar,66,4,37,2,109,0,5,19,0,24,66,9,56,2,133,2,0,2,135
11/17/2020,DSM,IA,ACE,CE,Combined TRACON& Tower with Radar,53,8,42,16,119,0,2,29,0,31,53,10,71,16,150,28,0,28,178
11/18/2020,DSM,IA,ACE,CE,Combined TRACON& Tower with Radar,59,7,39,1,106,0,1,4,1,6,59,8,43,2,112,0,0,0,112
11/19/2020,DSM,IA,ACE,CE,Combined TRACON& Tower with Radar,68,4,47,2,121,1,0,32,0,33,69,4,79,2,154,36,0,36,190
11/20/2020,DSM,IA,ACE,CE,Combined TRACON& Tower with Radar,78,6,39,2,125,0,1,37,0,38,78,7,76,2,163,19,0,19,182
11/21/2020,DSM,IA,ACE,CE,Combined TRACON& Tower with Radar,60,12,35,1,108,0,0,39,0,39,60,12,74,1,147,12,0,12,159
11/22/2020,DSM,IA,ACE,CE,Combined TRACON& Tower with Radar,81,8,18,0,107,0,0,26,0,26,81,8,44,0,133,6,0,6,139
11/23/2020,DSM,IA,ACE,CE,Combined TRACON& Tower with Radar,66,4,32,2,104,0,3,11,0,14,66,7,43,2,118,0,0,0,118
11/24/2020,DSM,IA,ACE,CE,Combined TRACON& Tower with Radar,64,11,16,0,91,0,0,0,0,0,64,11,16,0,91,0,0,0,91
11/25/2020,DSM,IA,ACE,CE,Combined TRACON& Tower with Radar,74,9,31,0,114,0,0,1,0,1,74,9,32,0,115,0,0,0,115
11/26/2020,DSM,IA,ACE,CE,Combined TRACON& Tower with Radar,33,2,1,0,36,0,4,19,0,23,33,6,20,0,59,6,0,6,65
11/27/2020,DSM,IA,ACE,CE,Combined TRACON& Tower with Radar,64,1,18,0,83,0,1,42,0,43,64,2,60,0,126,12,0,12,138
11/28/2020,DSM,IA,ACE,CE,Combined TRACON& Tower with Radar,65,6,20,0,91,0,0,36,0,36,65,6,56,0,127,0,0,0,127
11/29/2020,DSM,IA,ACE,CE,Combined TRACON& Tower with Radar,75,8,31,0,114,0,0,13,0,13,75,8,44,0,127,0,0,0,127
11/30/2020,DSM,IA,ACE,CE,Combined TRACON& Tower with Radar,77,6,36,7,126,0,0,21,3,24,77,6,57,10,150,2,6,8,158
12/01/2020,DSM,IA,ACE,CE,Combined TRACON& Tower with Radar,60,8,16,4,88,0,0,24,2,26,60,8,40,6,114,46,4,50,164
12/02/2020,DSM,IA,ACE,CE,Combined TRACON& Tower with Radar,50,5,27,5,87,0,0,26,1,27,50,5,53,6,114,12,0,12,126
12/03/2020,DSM,IA,ACE,CE,Combined TRACON& Tower with Radar,70,8,34,1,113,0,3,32,3,38,70,11,66,4,151,42,4,46,197
12/04/2020,DSM,IA,ACE,CE,Combined TRACON& Tower with Radar,71,2,23,9,105,0,0,30,1,31,71,2,53,10,136,14,6,20,156
12/05/2020,DSM,IA,ACE,CE,Combined TRACON& Tower with Radar,54,11,19,2,86,0,1,27,0,28,54,12,46,2,114,34,0,34,148
12/06/2020,DSM,IA,ACE,CE,Combined TRACON& Tower with Radar,69,10,23,0,102,0,0,2,0,2,69,10,25,0,104,0,0,0,104
12/07/2020,DSM,IA,ACE,CE,Combined TRACON& Tower with Radar,64,3,31,2,100,0,0,3,0,3,64,3,34,2,103,0,0,0,103
12/08/2020,DSM,IA,ACE,CE,Combined TRACON& Tower with Radar,53,4,23,2,82,0,1,16,0,17,53,5,39,2,99,20,0,20,119
12/09/2020,DSM,IA,ACE,CE,Combined TRACON& Tower with Radar,55,7,43,4,109,0,0,41,0,41,55,7,84,4,150,57,0,57,207
12/10/2020,DSM,IA,ACE,CE,Combined TRACON& Tower with Radar,73,8,25,8,114,0,0,51,0,51,73,8,76,8,165,136,0,136,301
12/11/2020,DSM,IA,ACE,CE,Combined TRACON& Tower with Radar,70,7,14,0,91,0,0,1,0,1,70,7,15,0,92,0,0,0,92
12/12/2020,DSM,IA,ACE,CE,Combined TRACON& Tower with Radar,45,16,16,0,77,0,0,1,0,1,45,16,17,0,78,0,0,0,78
12/13/2020,DSM,IA,ACE,CE,Combined TRACON& Tower with Radar,73,10,19,0,102,0,0,6,0,6,73,10,25,0,108,30,0,30,138
12/14/2020,DSM,IA,ACE,CE,Combined TRACON& Tower with Radar,65,8,20,1,94,0,0,24,1,25,65,8,44,2,119,46,8,54,173
12/15/2020,DSM,IA,ACE,CE,Combined TRACON& Tower with Radar,49,5,26,0,80,0,1,12,0,13,49,6,38,0,93,54,0,54,147
12/16/2020,DSM,IA,ACE,CE,Combined TRACON& Tower with Radar,51,11,38,8,108,0,0,17,0,17,51,11,55,8,125,14,6,20,145
12/17/2020,DSM,IA,ACE,CE,Combined TRACON& Tower with Radar,76,13,34,2,125,0,0,1,0,1,76,13,35,2,126,0,0,0,126
12/18/2020,DSM,IA,ACE,CE,Combined TRACON& Tower with Radar,81,11,43,1,136,0,2,13,0,15,81,13,56,1,151,6,0,6,157
12/19/2020,DSM,IA,ACE,CE,Combined TRACON& Tower with Radar,74,14,47,1,136,0,0,8,0,8,74,14,55,1,144,6,0,6,150
12/20/2020,DSM,IA,ACE,CE,Combined TRACON& Tower with Radar,76,7,17,0,100,0,1,33,0,34,76,8,50,0,134,56,0,56,190
12/21/2020,DSM,IA,ACE,CE,Combined TRACON& Tower with Radar,77,8,27,2,114,0,0,10,0,10,77,8,37,2,124,6,0,6,130
12/22/2020,DSM,IA,ACE,CE,Combined TRACON& Tower with Radar,74,7,33,3,117,0,0,22,1,23,74,7,55,4,140,6,0,6,146
12/23/2020,DSM,IA,ACE,CE,Combined TRACON& Tower with Radar,88,9,24,2,123,0,1,0,0,1,88,10,24,2,124,0,4,4,128
12/24/2020,DSM,IA,ACE,CE,Combined TRACON& Tower with Radar,54,6,14,0,74,0,0,4,0,4,54,6,18,0,78,0,0,0,78
12/25/2020,DSM,IA,ACE,CE,Combined TRACON& Tower with Radar,42,3,0,0,45,0,0,9,0,9,42,3,9,0,54,0,0,0,54
12/26/2020,DSM,IA,ACE,CE,Combined TRACON& Tower with Radar,71,17,20,0,108,0,0,29,0,29,71,17,49,0,137,2,0,2,139
12/27/2020,DSM,IA,ACE,CE,Combined TRACON& Tower with Radar,75,8,10,0,93,0,2,6,0,8,75,10,16,0,101,6,0,6,107
12/28/2020,DSM,IA,ACE,CE,Combined TRACON& Tower with Radar,75,7,29,2,113,0,1,28,0,29,75,8,57,2,142,14,0,14,156
12/29/2020,DSM,IA,ACE,CE,Combined TRACON& Tower with Radar,41,9,5,0,55,0,0,0,0,0,41,9,5,0,55,0,0,0,55
12/30/2020,DSM,IA,ACE,CE,Combined TRACON& Tower with Radar,75,8,29,6,118,0,0,4,0,4,75,8,33,6,122,4,18,22,144
12/31/2020,DSM,IA,ACE,CE,Combined TRACON& Tower with Radar,59,6,16,2,83,0,0,10,0,10,59,6,26,2,93,0,0,0,93
01/01/2021,DSM,IA,ACE,CE,Combined TRACON& Tower with Radar,45,4,5,0,54,0,0,0,0,0,45,4,5,0,54,0,0,0,54
01/02/2021,DSM,IA,ACE,CE,Combined TRACON& Tower with Radar,72,22,20,0,114,0,0,5,0,5,72,22,25,0,119,0,0,0,119
01/03/2021,DSM,IA,ACE,CE,Combined TRACON& Tower with Radar,76,12,30,0,118,0,0,15,0,15,76,12,45,0,133,8,0,8,141
01/04/2021,DSM,IA,ACE,CE,Combined TRACON& Tower with Radar,76,9,33,0,118,0,0,9,0,9,76,9,42,0,127,20,0,20,147
01/05/2021,DSM,IA,ACE,CE,Combined TRACON& Tower with Radar,54,10,21,15,100,0,0,28,1,29,54,10,49,16,129,36,20,56,185
01/06/2021,DSM,IA,ACE,CE,Combined TRACON& Tower with Radar,60,12,18,6,96,0,1,5,0,6,60,13,23,6,102,2,16,18,120
01/07/2021,DSM,IA,ACE,CE,Combined TRACON& Tower with Radar,66,13,19,4,102,0,0,4,0,4,66,13,23,4,106,0,0,0,106
01/08/2021,DSM,IA,ACE,CE,Combined TRACON& Tower with Radar,68,12,31,20,131,0,1,2,0,3,68,13,33,20,134,2,2,4,138
01/09/2021,DSM,IA,ACE,CE,Combined TRACON& Tower with Radar,51,11,11,0,73,0,0,1,0,1,51,11,12,0,74,2,0,2,76
01/10/2021,DSM,IA,ACE,CE,Combined TRACON& Tower with Radar,62,20,23,0,105,0,0,2,0,2,62,20,25,0,107,0,0,0,107
01/11/2021,DSM,IA,ACE,CE,Combined TRACON& Tower with Radar,58,5,25,2,90,0,0,31,0,31,58,5,56,2,121,14,0,14,135
01/12/2021,DSM,IA,ACE,CE,Combined TRACON& Tower with Radar,54,9,44,4,111,0,0,34,2,36,54,9,78,6,147,40,0,40,187
01/13/2021,DSM,IA,ACE,CE,Combined TRACON& Tower with Radar,56,4,34,16,110,0,2,39,0,41,56,6,73,16,151,20,24,44,195
01/14/2021,DSM,IA,ACE,CE,Combined TRACON& Tower with Radar,66,8,26,2,102,0,1,0,0,1,66,9,26,2,103,0,0,0,103
01/15/2021,DSM,IA,ACE,CE,Combined TRACON& Tower with Radar,65,9,6,0,80,0,0,0,0,0,65,9,6,0,80,0,0,0,80
01/16/2021,DSM,IA,ACE,CE,Combined TRACON& Tower with Radar,51,15,16,0,82,0,1,2,0,3,51,16,18,0,85,0,0,0,85
01/17/2021,DSM,IA,ACE,CE,Combined TRACON& Tower with Radar,58,7,18,0,83,0,0,5,0,5,58,7,23,0,88,0,0,0,88
01/18/2021,DSM,IA,ACE,CE,Combined TRACON& Tower with Radar,61,4,36,2,103,0,2,24,0,26,61,6,60,2,129,28,6,34,163
01/19/2021,DSM,IA,ACE,CE,Combined TRACON& Tower with Radar,55,3,24,3,85,0,0,7,1,8,55,3,31,4,93,7,4,11,104
01/20/2021,DSM,IA,ACE,CE,Combined TRACON& Tower with Radar,58,6,32,4,100,0,2,22,0,24,58,8,54,4,124,12,4,16,140
01/21/2021,DSM,IA,ACE,CE,Combined TRACON& Tower with Radar,66,3,35,4,108,0,0,43,2,45,66,3,78,6,153,43,4,47,200
01/22/2021,DSM,IA,ACE,CE,Combined TRACON& Tower with Radar,65,8,52,3,128,0,2,49,7,58,65,10,101,10,186,54,6,60,246
01/23/2021,DSM,IA,ACE,CE,Combined TRACON& Tower with Radar,49,9,21,0,79,0,0,20,0,20,49,9,41,0,99,27,0,27,126
01/24/2021,DSM,IA,ACE,CE,Combined TRACON& Tower with Radar,67,6,16,0,89,0,1,2,0,3,67,7,18,0,92,0,0,0,92
01/25/2021,DSM,IA,ACE,CE,Combined TRACON& Tower with Radar,28,4,20,0,52,0,0,2,0,2,28,4,22,0,54,2,0,2,56
01/26/2021,DSM,IA,ACE,CE,Combined TRACON& Tower with Radar,53,7,20,0,80,0,1,6,0,7,53,8,26,0,87,0,0,0,87
01/27/2021,DSM,IA,ACE,CE,Combined TRACON& Tower with Radar,56,5,36,0,97,0,0,8,2,10,56,5,44,2,107,0,0,0,107
01/28/2021,DSM,IA,ACE,CE,Combined TRACON& Tower with Radar,67,10,39,16,132,0,0,30,2,32,67,10,69,18,164,8,14,22,186
01/29/2021,DSM,IA,ACE,CE,Combined TRACON& Tower with Radar,67,12,27,4,110,0,0,27,4,31,67,12,54,8,141,6,30,36,177
01/30/2021,DSM,IA,ACE,CE,Combined TRACON& Tower with Radar,49,13,11,0,73,0,0,1,0,1,49,13,12,0,74,0,0,0,74
01/31/2021,DSM,IA,ACE,CE,Combined TRACON& Tower with Radar,63,15,25,0,103,0,1,0,0,1,63,16,25,0,104,0,0,0,104
02/01/2021,DSM,IA,ACE,CE,Combined TRACON& Tower with Radar,59,4,39,12,114,0,1,6,0,7,59,5,45,12,121,10,24,34,155
02/02/2021,DSM,IA,ACE,CE,Combined TRACON& Tower with Radar,54,5,17,0,76,0,0,0,0,0,54,5,17,0,76,0,0,0,76
02/03/2021,DSM,IA,ACE,CE,Combined TRACON& Tower with Radar,59,1,34,1,95,0,0,26,1,27,59,1,60,2,122,12,1,13,135
02/04/2021,DSM,IA,ACE,CE,Combined TRACON& Tower with Radar,66,8,17,0,91,0,2,0,0,2,66,10,17,0,93,0,0,0,93
02/05/2021,DSM,IA,ACE,CE,Combined TRACON& Tower with Radar,69,17,47,5,138,0,0,17,0,17,69,17,64,5,155,8,14,22,177
02/06/2021,DSM,IA,ACE,CE,Combined TRACON& Tower with Radar,53,12,8,0,73,0,0,0,1,1,53,12,8,1,74,0,0,0,74
02/07/2021,DSM,IA,ACE,CE,Combined TRACON& Tower with Radar,60,10,8,0,78,0,0,3,0,3,60,10,11,0,81,0,0,0,81
02/08/2021,DSM,IA,ACE,CE,Combined TRACON& Tower with Radar,60,9,33,2,104,0,0,10,0,10,60,9,43,2,114,6,0,6,120
02/09/2021,DSM,IA,ACE,CE,Combined TRACON& Tower with Radar,58,3,25,2,88,0,1,8,4,13,58,4,33,6,101,2,14,16,117
02/10/2021,DSM,IA,ACE,CE,Combined TRACON& Tower with Radar,60,12,23,28,123,0,0,18,2,20,60,12,41,30,143,10,18,28,171
02/11/2021,DSM,IA,ACE,CE,Combined TRACON& Tower with Radar,67,10,30,8,115,0,0,6,4,10,67,10,36,12,125,18,8,26,151
02/12/2021,DSM,IA,ACE,CE,Combined TRACON& Tower with Radar,69,14,29,7,119,0,0,7,1,8,69,14,36,8,127,0,2,2,129
02/13/2021,DSM,IA,ACE,CE,Combined TRACON& Tower with Radar,61,4,17,0,82,0,0,6,0,6,61,4,23,0,88,12,0,12,100
02/14/2021,DSM,IA,ACE,CE,Combined TRACON& Tower with Radar,56,11,9,0,76,1,1,6,0,8,57,12,15,0,84,0,0,0,84
02/15/2021,DSM,IA,ACE,CE,Combined TRACON& Tower with Radar,48,10,22,10,90,0,3,7,0,10,48,13,29,10,100,0,18,18,118
02/16/2021,DSM,IA,ACE,CE,Combined TRACON& Tower with Radar,45,10,33,20,108,0,3,7,6,16,45,13,40,26,124,26,22,48,172
02/17/2021,DSM,IA,ACE,CE,Combined TRACON& Tower with Radar,51,16,33,3,103,0,0,4,1,5,51,16,37,4,108,8,10,18,126
02/18/2021,DSM,IA,ACE,CE,Combined TRACON& Tower with Radar,63,14,31,4,112,2,0,10,0,12,65,14,41,4,124,10,0,10,134
02/19/2021,DSM,IA,ACE,CE,Combined TRACON& Tower with Radar,60,10,38,7,115,1,0,23,1,25,61,10,61,8,140,12,12,24,164
02/20/2021,DSM,IA,ACE,CE,Combined TRACON& Tower with Radar,54,12,16,0,82,0,0,25,0,25,54,12,41,0,107,14,0,14,121
02/21/2021,DSM,IA,ACE,CE,Combined TRACON& Tower with Radar,70,12,21,0,103,0,0,0,0,0,70,12,21,0,103,0,0,0,103
02/22/2021,DSM,IA,ACE,CE,Combined TRACON& Tower with Radar,69,19,34,0,122,0,8,18,0,26,69,27,52,0,148,29,0,29,177
02/23/2021,DSM,IA,ACE,CE,Combined TRACON& Tower with Radar,59,8,30,3,100,0,5,24,1,30,59,13,54,4,130,44,8,52,182
02/24/2021,DSM,IA,ACE,CE,Combined TRACON& Tower with Radar,65,4,35,6,110,0,0,8,5,13,65,4,43,11,123,78,0,78,201
02/25/2021,DSM,IA,ACE,CE,Combined TRACON& Tower with Radar,70,9,38,6,123,0,5,34,0,39,70,14,72,6,162,13,0,13,175
02/26/2021,DSM,IA,ACE,CE,Combined TRACON& Tower with Radar,73,9,37,3,122,0,2,21,0,23,73,11,58,3,145,54,0,54,199
02/27/2021,DSM,IA,ACE,CE,Combined TRACON& Tower with Radar,65,6,19,0,90,0,2,54,0,56,65,8,73,0,146,24,0,24,170
02/28/2021,DSM,IA,ACE,CE,Combined TRACON& Tower with Radar,74,6,9,0,89,0,0,2,0,2,74,6,11,0,91,0,0,0,91
03/01/2021,DSM,IA,ACE,CE,Combined TRACON& Tower with Radar,65,12,35,0,112,0,0,20,0,20,65,12,55,0,132,24,0,24,156
03/02/2021,DSM,IA,ACE,CE,Combined TRACON& Tower with Radar,59,13,33,1,106,0,0,9,0,9,59,13,42,1,115,4,0,4,119
03/03/2021,DSM,IA,ACE,CE,Combined TRACON& Tower with Radar,66,5,39,8,118,0,3,38,0,41,66,8,77,8,159,33,6,39,198
03/04/2021,DSM,IA,ACE,CE,Combined TRACON& Tower with Radar,73,13,46,4,136,0,3,43,0,46,73,16,89,4,182,5,0,5,187
03/05/2021,DSM,IA,ACE,CE,Combined TRACON& Tower with Radar,75,19,41,8,143,0,4,19,4,27,75,23,60,12,170,30,24,54,224
03/06/2021,DSM,IA,ACE,CE,Combined TRACON& Tower with Radar,61,11,14,0,86,0,1,50,0,51,61,12,64,0,137,30,0,30,167
03/07/2021,DSM,IA,ACE,CE,Combined TRACON& Tower with Radar,77,6,19,0,102,0,0,10,0,10,77,6,29,0,112,18,0,18,130
03/08/2021,DSM,IA,ACE,CE,Combined TRACON& Tower with Radar,73,15,28,12,128,0,0,26,0,26,73,15,54,12,154,48,2,50,204
03/09/2021,DSM,IA,ACE,CE,Combined TRACON& Tower with Radar,63,7,33,2,105,0,4,15,0,19,63,11,48,2,124,8,2,10,134
03/10/2021,DSM,IA,ACE,CE,Combined TRACON& Tower with Radar,74,14,35,2,125,0,0,3,0,3,74,14,38,2,128,0,0,0,128
03/11/2021,DSM,IA,ACE,CE,Combined TRACON& Tower with Radar,78,12,45,11,146,0,0,30,1,31,78,12,75,12,177,4,4,8,185
03/12/2021,DSM,IA,ACE,CE,Combined TRACON& Tower with Radar,79,16,60,4,159,0,1,33,0,34,79,17,93,4,193,74,2,76,269
03/13/2021,DSM,IA,ACE,CE,Combined TRACON& Tower with Radar,66,22,35,0,123,0,0,29,0,29,66,22,64,0,152,34,0,34,186
03/14/2021,DSM,IA,ACE,CE,Combined TRACON& Tower with Radar,68,6,9,0,83,0,2,2,0,4,68,8,11,0,87,0,0,0,87
03/15/2021,DSM,IA,ACE,CE,Combined TRACON& Tower with Radar,69,6,15,0,90,0,0,0,0,0,69,6,15,0,90,0,0,0,90
03/16/2021,DSM,IA,ACE,CE,Combined TRACON& Tower with Radar,65,9,30,1,105,0,0,0,0,0,65,9,30,1,105,28,0,28,133
03/17/2021,DSM,IA,ACE,CE,Combined TRACON& Tower with Radar,74,13,28,0,115,0,0,0,0,0,74,13,28,0,115,0,0,0,115
03/18/2021,DSM,IA,ACE,CE,Combined TRACON& Tower with Radar,76,25,30,0,131,0,5,12,1,18,76,30,42,1,149,24,0,24,173
03/19/2021,DSM,IA,ACE,CE,Combined TRACON& Tower with Radar,81,18,40,0,139,4,1,53,1,59,85,19,93,1,198,72,0,72,270
03/20/2021,DSM,IA,ACE,CE,Combined TRACON& Tower with Radar,74,21,26,0,121,0,0,31,0,31,74,21,57,0,152,12,0,12,164
03/21/2021,DSM,IA,ACE,CE,Combined TRACON& Tower with Radar,74,17,32,0,123,0,1,6,0,7,74,18,38,0,130,0,0,0,130
03/22/2021,DSM,IA,ACE,CE,Combined TRACON& Tower with Radar,72,13,32,4,121,0,1,10,0,11,72,14,42,4,132,12,0,12,144
03/23/2021,DSM,IA,ACE,CE,Combined TRACON& Tower with Radar,64,11,30,5,110,0,0,0,0,0,64,11,30,5,110,0,4,4,114
03/24/2021,DSM,IA,ACE,CE,Combined TRACON& Tower with Radar,68,8,48,12,136,0,0,1,0,1,68,8,49,12,137,0,0,0,137
03/25/2021,DSM,IA,ACE,CE,Combined TRACON& Tower with Radar,73,12,30,10,125,0,0,0,3,3,73,12,30,13,128,2,0,2,130
03/26/2021,DSM,IA,ACE,CE,Combined TRACON& Tower with Radar,75,14,43,2,134,3,1,16,0,20,78,15,59,2,154,16,0,16,170
03/27/2021,DSM,IA,ACE,CE,Combined TRACON& Tower with Radar,62,12,16,3,93,0,0,0,0,0,62,12,16,3,93,0,0,0,93
03/28/2021,DSM,IA,ACE,CE,Combined TRACON& Tower with Radar,71,16,33,0,120,0,0,24,0,24,71,16,57,0,144,46,0,46,190
03/29/2021,DSM,IA,ACE,CE,Combined TRACON& Tower with Radar,73,13,24,2,112,0,0,3,0,3,73,13,27,2,115,0,0,0,115
03/30/2021,DSM,IA,ACE,CE,Combined TRACON& Tower with Radar,62,14,35,6,117,0,0,10,0,10,62,14,45,6,127,20,4,24,151
03/31/2021,DSM,IA,ACE,CE,Combined TRACON& Tower with Radar,64,13,51,6,134,0,2,16,0,18,64,15,67,6,152,0,0,0,152
04/01/2021,DSM,IA,ACE,CE,Combined TRACON& Tower with Radar,74,17,42,14,147,0,1,43,2,46,74,18,85,16,193,79,14,93,286
04/02/2021,DSM,IA,ACE,CE,Combined TRACON& Tower with Radar,75,12,28,6,121,0,0,15,2,17,75,12,43,8,138,0,0,0,138
04/03/2021,DSM,IA,ACE,CE,Combined TRACON& Tower with Radar,55,15,11,0,81,0,0,28,0,28,55,15,39,0,109,30,0,30,139
04/04/2021,DSM,IA,ACE,CE,Combined TRACON& Tower with Radar,70,10,10,0,90,0,0,18,0,18,70,10,28,0,108,18,0,18,126
04/05/2021,DSM,IA,ACE,CE,Combined TRACON& Tower with Radar,70,16,28,0,114,0,0,28,2,30,70,16,56,2,144,30,0,30,174
04/06/2021,DSM,IA,ACE,CE,Combined TRACON& Tower with Radar,58,11,29,4,102,0,1,26,0,27,58,12,55,4,129,18,0,18,147
04/07/2021,DSM,IA,ACE,CE,Combined TRACON& Tower with Radar,64,21,25,2,112,0,4,11,0,15,64,25,36,2,127,12,0,12,139
04/08/2021,DSM,IA,ACE,CE,Combined TRACON& Tower with Radar,74,14,52,22,162,1,1,0,0,2,75,15,52,22,164,0,14,14,178
04/09/2021,DSM,IA,ACE,CE,Combined TRACON& Tower with Radar,78,10,40,1,129,0,0,6,0,6,78,10,46,1,135,6,6,12,147
04/10/2021,DSM,IA,ACE,CE,Combined TRACON& Tower with Radar,59,13,25,0,97,0,0,5,0,5,59,13,30,0,102,0,0,0,102
04/11/2021,DSM,IA,ACE,CE,Combined TRACON& Tower with Radar,68,14,39,0,121,0,5,27,0,32,68,19,66,0,153,34,0,34,187
04/12/2021,DSM,IA,ACE,CE,Combined TRACON& Tower with Radar,70,14,15,3,102,0,1,9,0,10,70,15,24,3,112,0,0,0,112
04/13/2021,DSM,IA,ACE,CE,Combined TRACON& Tower with Radar,65,7,28,2,102,0,0,34,1,35,65,7,62,3,137,12,0,12,149
04/14/2021,DSM,IA,ACE,CE,Combined TRACON& Tower with Radar,60,12,36,4,112,0,2,31,3,36,60,14,67,7,148,26,8,34,182
04/15/2021,DSM,IA,ACE,CE,Combined TRACON& Tower with Radar,78,15,42,8,143,0,2,18,1,21,78,17,60,9,164,20,10,30,194
04/16/2021,DSM,IA,ACE,CE,Combined TRACON& Tower with Radar,75,9,28,10,122,0,1,22,0,23,75,10,50,10,145,44,20,64,209
04/17/2021,DSM,IA,ACE,CE,Combined TRACON& Tower with Radar,56,15,16,0,87,0,0,38,0,38,56,15,54,0,125,46,0,46,171
04/18/2021,DSM,IA,ACE,CE,Combined TRACON& Tower with Radar,75,11,27,2,115,0,2,29,0,31,75,13,56,2,146,48,0,48,194
04/19/2021,DSM,IA,ACE,CE,Combined TRACON& Tower with Radar,68,16,29,0,113,0,0,7,0,7,68,16,36,0,120,0,0,0,120
04/20/2021,DSM,IA,ACE,CE,Combined TRACON& Tower with Radar,64,12,25,24,125,0,2,22,13,37,64,14,47,37,162,17,84,101,263
04/21/2021,DSM,IA,ACE,CE,Combined TRACON& Tower with Radar,60,11,51,4,126,0,0,21,0,21,60,11,72,4,147,18,0,18,165
04/22/2021,DSM,IA,ACE,CE,Combined TRACON& Tower with Radar,80,14,47,6,147,0,3,26,1,30,80,17,73,7,177,28,0,28,205
04/23/2021,DSM,IA,ACE,CE,Combined TRACON& Tower with Radar,75,13,51,6,145,0,0,5,0,5,75,13,56,6,150,42,0,42,192
04/24/2021,DSM,IA,ACE,CE,Combined TRACON& Tower with Radar,52,17,28,0,97,0,0,12,0,12,52,17,40,0,109,22,0,22,131
04/25/2021,DSM,IA,ACE,CE,Combined TRACON& Tower with Radar,73,14,25,0,112,0,2,19,0,21,73,16,44,0,133,6,0,6,139
04/26/2021,DSM,IA,ACE,CE,Combined TRACON& Tower with Radar,67,21,39,2,129,0,1,12,0,13,67,22,51,2,142,1,0,1,143
04/27/2021,DSM,IA,ACE,CE,Combined TRACON& Tower with Radar,64,15,30,11,120,0,2,29,4,35,64,17,59,15,155,36,18,54,209
04/28/2021,DSM,IA,ACE,CE,Combined TRACON& Tower with Radar,59,21,50,0,130,0,1,23,0,24,59,22,73,0,154,20,0,20,174
04/29/2021,DSM,IA,ACE,CE,Combined TRACON& Tower with Radar,78,14,47,8,147,0,0,24,8,32,78,14,71,16,179,19,4,23,202
04/30/2021,DSM,IA,ACE,CE,Combined TRACON& Tower with Radar,76,14,44,1,135,0,4,58,2,64,76,18,102,3,199,76,9,85,284
05/01/2021,DSM,IA,ACE,CE,Combined TRACON& Tower with Radar,57,16,14,0,87,0,0,16,0,16,57,16,30,0,103,0,0,0,103
05/02/2021,DSM,IA,ACE,CE,Combined TRACON& Tower with Radar,73,11,37,0,121,0,0,12,0,12,73,11,49,0,133,0,0,0,133
05/03/2021,DSM,IA,ACE,CE,Combined TRACON& Tower with Radar,67,12,26,1,106,0,0,3,0,3,67,12,29,1,109,6,0,6,115
05/04/2021,DSM,IA,ACE,CE,Combined TRACON& Tower with Radar,64,14,31,14,123,0,1,27,3,31,64,15,58,17,154,14,14,28,182
05/05/2021,DSM,IA,ACE,CE,Combined TRACON& Tower with Radar,64,14,47,8,133,0,0,32,0,32,64,14,79,8,165,54,0,54,219
05/06/2021,DSM,IA,ACE,CE,Combined TRACON& Tower with Radar,87,12,40,0,139,0,0,17,0,17,87,12,57,0,156,4,0,4,160
05/07/2021,DSM,IA,ACE,CE,Combined TRACON& Tower with Radar,85,13,32,0,130,0,0,26,0,26,85,13,58,0,156,26,0,26,182
05/08/2021,DSM,IA,ACE,CE,Combined TRACON& Tower with Radar,59,11,7,1,78,0,0,13,2,15,59,11,20,3,93,14,0,14,107
05/09/2021,DSM,IA,ACE,CE,Combined TRACON& Tower with Radar,86,9,15,1,111,0,1,15,0,16,86,10,30,1,127,24,0,24,151
05/10/2021,DSM,IA,ACE,CE,Combined TRACON& Tower with Radar,77,8,56,2,143,0,1,36,1,38,77,9,92,3,181,22,0,22,203
05/11/2021,DSM,IA,ACE,CE,Combined TRACON& Tower with Radar,67,8,44,2,121,0,0,32,1,33,67,8,76,3,154,16,0,16,170
05/12/2021,DSM,IA,ACE,CE,Combined TRACON& Tower with Radar,70,11,54,16,151,0,0,31,0,31,70,11,85,16,182,18,0,18,200
05/13/2021,DSM,IA,ACE,CE,Combined TRACON& Tower with Radar,91,8,58,6,163,0,2,35,0,37,91,10,93,6,200,20,14,34,234
05/14/2021,DSM,IA,ACE,CE,Combined TRACON& Tower with Radar,89,14,40,4,147,0,0,21,0,21,89,14,61,4,168,58,0,58,226
05/15/2021,DSM,IA,ACE,CE,Combined TRACON& Tower with Radar,58,11,28,0,97,1,4,24,0,29,59,15,52,0,126,55,0,55,181
05/16/2021,DSM,IA,ACE,CE,Combined TRACON& Tower with Radar,84,13,17,0,114,0,0,2,0,2,84,13,19,0,116,0,0,0,116
05/17/2021,DSM,IA,ACE,CE,Combined TRACON& Tower with Radar,83,13,44,22,162,0,1,0,0,1,83,14,44,22,163,4,10,14,177
05/18/2021,DSM,IA,ACE,CE,Combined TRACON& Tower with Radar,76,13,41,2,132,0,2,0,0,2,76,15,41,2,134,0,0,0,134
05/19/2021,DSM,IA,ACE,CE,Combined TRACON& Tower with Radar,75,9,42,0,126,0,1,6,0,7,75,10,48,0,133,0,0,0,133
05/20/2021,DSM,IA,ACE,CE,Combined TRACON& Tower with Radar,94,17,45,2,158,2,0,2,0,4,96,17,47,2,162,2,0,2,164
05/21/2021,DSM,IA,ACE,CE,Combined TRACON& Tower with Radar,91,13,48,4,156,0,0,8,1,9,91,13,56,5,165,14,0,14,179
05/22/2021,DSM,IA,ACE,CE,Combined TRACON& Tower with Radar,62,14,34,0,110,0,0,7,0,7,62,14,41,0,117,8,0,8,125
05/23/2021,DSM,IA,ACE,CE,Combined TRACON& Tower with Radar,85,12,30,1,128,0,0,30,0,30,85,12,60,1,158,36,0,36,194
05/24/2021,DSM,IA,ACE,CE,Combined TRACON& Tower with Radar,80,10,30,14,134,0,0,16,0,16,80,10,46,14,150,11,10,21,171
05/25/2021,DSM,IA,ACE,CE,Combined TRACON& Tower with Radar,80,9,34,6,129,0,0,6,0,6,80,9,40,6,135,0,8,8,143
05/26/2021,DSM,IA,ACE,CE,Combined TRACON& Tower with Radar,76,6,58,8,148,1,4,50,4,59,77,10,108,12,207,31,8,39,246
05/27/2021,DSM,IA,ACE,CE,Combined TRACON& Tower with Radar,90,14,35,0,139,0,2,3,0,5,90,16,38,0,144,17,0,17,161
05/28/2021,DSM,IA,ACE,CE,Combined TRACON& Tower with Radar,86,12,43,0,141,0,0,5,0,5,86,12,48,0,146,36,0,36,182
05/29/2021,DSM,IA,ACE,CE,Combined TRACON& Tower with Radar,68,12,22,0,102,0,0,40,0,40,68,12,62,0,142,67,0,67,209
05/30/2021,DSM,IA,ACE,CE,Combined TRACON& Tower with Radar,73,6,10,0,89,0,0,25,0,25,73,6,35,0,114,0,0,0,114
05/31/2021,DSM,IA,ACE,CE,Combined TRACON& Tower with Radar,79,10,38,0,127,0,0,23,0,23,79,10,61,0,150,18,0,18,168
06/01/2021,DSM,IA,ACE,CE,Combined TRACON& Tower with Radar,78,13,37,0,128,0,4,28,2,34,78,17,65,2,162,46,0,46,208
06/02/2021,DSM,IA,ACE,CE,Combined TRACON& Tower with Radar,80,13,49,0,142,0,0,36,5,41,80,13,85,5,183,128,0,128,311
06/03/2021,DSM,IA,ACE,CE,Combined TRACON& Tower with Radar,90,11,57,6,164,0,0,45,4,49,90,11,102,10,213,32,0,32,245
06/04/2021,DSM,IA,ACE,CE,Combined TRACON& Tower with Radar,89,12,50,1,152,0,0,30,0,30,89,12,80,1,182,22,0,22,204
06/05/2021,DSM,IA,ACE,CE,Combined TRACON& Tower with Radar,81,17,21,1,120,0,0,27,0,27,81,17,48,1,147,112,0,112,259
06/06/2021,DSM,IA,ACE,CE,Combined TRACON& Tower with Radar,93,15,39,2,149,0,0,15,0,15,93,15,54,2,164,18,0,18,182
06/07/2021,DSM,IA,ACE,CE,Combined TRACON& Tower with Radar,80,16,43,4,143,0,2,32,4,38,80,18,75,8,181,60,0,60,241
06/08/2021,DSM,IA,ACE,CE,Combined TRACON& Tower with Radar,91,17,37,2,147,0,2,28,1,31,91,19,65,3,178,28,0,28,206
06/09/2021,DSM,IA,ACE,CE,Combined TRACON& Tower with Radar,92,27,50,0,169,0,1,48,0,49,92,28,98,0,218,14,0,14,232
06/10/2021,DSM,IA,ACE,CE,Combined TRACON& Tower with Radar,94,26,52,1,173,0,3,38,0,41,94,29,90,1,214,50,0,50,264
06/11/2021,DSM,IA,ACE,CE,Combined TRACON& Tower with Radar,93,18,46,2,159,0,4,28,3,35,93,22,74,5,194,64,0,64,258
06/12/2021,DSM,IA,ACE,CE,Combined TRACON& Tower with Radar,76,12,21,0,109,0,2,33,0,35,76,14,54,0,144,18,0,18,162
06/13/2021,DSM,IA,ACE,CE,Combined TRACON& Tower with Radar,91,14,18,2,125,0,0,22,4,26,91,14,40,6,151,18,0,18,169
06/14/2021,DSM,IA,ACE,CE,Combined TRACON& Tower with Radar,89,17,40,1,147,0,0,35,0,35,89,17,75,1,182,16,0,16,198
06/15/2021,DSM,IA,ACE,CE,Combined TRACON& Tower with Radar,92,19,53,7,171,0,2,43,1,46,92,21,96,8,217,50,0,50,267
06/16/2021,DSM,IA,ACE,CE,Combined TRACON& Tower with Radar,91,15,52,8,166,0,0,45,1,46,91,15,97,9,212,26,2,28,240
06/17/2021,DSM,IA,ACE,CE,Combined TRACON& Tower with Radar,94,17,40,2,153,1,1,12,1,15,95,18,52,3,168,26,0,26,194
06/18/2021,DSM,IA,ACE,CE,Combined TRACON& Tower with Radar,96,21,27,3,147,0,0,28,4,32,96,21,55,7,179,0,0,0,179
06/19/2021,DSM,IA,ACE,CE,Combined TRACON& Tower with Radar,79,26,29,1,135,0,0,44,0,44,79,26,73,1,179,34,0,34,213
06/20/2021,DSM,IA,ACE,CE,Combined TRACON& Tower with Radar,97,23,15,0,135,0,0,1,0,1,97,23,16,0,136,0,0,0,136
06/21/2021,DSM,IA,ACE,CE,Combined TRACON& Tower with Radar,88,16,44,0,148,0,3,29,0,32,88,19,73,0,180,16,0,16,196
06/22/2021,DSM,IA,ACE,CE,Combined TRACON& Tower with Radar,91,9,45,2,147,0,2,15,0,17,91,11,60,2,164,33,0,33,197
06/23/2021,DSM,IA,ACE,CE,Combined TRACON& Tower with Radar,93,18,39,3,153,0,3,26,1,30,93,21,65,4,183,24,0,24,207
06/24/2021,DSM,IA,ACE,CE,Combined TRACON& Tower with Radar,94,19,56,5,174,0,1,19,2,22,94,20,75,7,196,14,0,14,210
06/25/2021,DSM,IA,ACE,CE,Combined TRACON& Tower with Radar,92,21,52,1,166,0,0,14,0,14,92,21,66,1,180,18,0,18,198
06/26/2021,DSM,IA,ACE,CE,Combined TRACON& Tower with Radar,86,16,20,0,122,0,1,4,0,5,86,17,24,0,127,8,0,8,135
06/27/2021,DSM,IA,ACE,CE,Combined TRACON& Tower with Radar,91,14,40,0,145,0,0,26,0,26,91,14,66,0,171,66,0,66,237
06/28/2021,DSM,IA,ACE,CE,Combined TRACON& Tower with Radar,91,17,45,7,160,0,4,36,1,41,91,21,81,8,201,22,2,24,225
06/29/2021,DSM,IA,ACE,CE,Combined TRACON& Tower with Radar,87,18,55,4,164,0,4,26,0,30,87,22,81,4,194,28,0,28,222
06/30/2021,DSM,IA,ACE,CE,Combined TRACON& Tower with Radar,91,22,55,9,177,0,0,47,8,55,91,22,102,17,232,98,1,99,331
07/01/2021,DSM,IA,ACE,CE,Combined TRACON& Tower with Radar,100,27,48,23,198,0,1,29,2,32,100,28,77,25,230,22,6,28,258
07/02/2021,DSM,IA,ACE,CE,Combined TRACON& Tower with Radar,93,13,36,0,142,0,5,32,0,37,93,18,68,0,179,52,0,52,231
07/03/2021,DSM,IA,ACE,CE,Combined TRACON& Tower with Radar,80,19,15,0,114,0,0,26,2,28,80,19,41,2,142,0,0,0,142
07/04/2021,DSM,IA,ACE,CE,Combined TRACON& Tower with Radar,80,7,9,0,96,0,1,23,0,24,80,8,32,0,120,0,0,0,120
07/05/2021,DSM,IA,ACE,CE,Combined TRACON& Tower with Radar,89,15,23,0,127,0,0,37,0,37,89,15,60,0,164,24,0,24,188
07/06/2021,DSM,IA,ACE,CE,Combined TRACON& Tower with Radar,84,12,34,12,142,0,0,29,0,29,84,12,63,12,171,12,6,18,189
07/07/2021,DSM,IA,ACE,CE,Combined TRACON& Tower with Radar,90,21,37,17,165,2,2,4,0,8,92,23,41,17,173,18,20,38,211
07/08/2021,DSM,IA,ACE,CE,Combined TRACON& Tower with Radar,102,22,69,8,201,0,0,30,0,30,102,22,99,8,231,42,7,49,280
07/09/2021,DSM,IA,ACE,CE,Combined TRACON& Tower with Radar,97,16,28,0,141,0,2,9,0,11,97,18,37,0,152,9,0,9,161
07/10/2021,DSM,IA,ACE,CE,Combined TRACON& Tower with Radar,88,17,38,0,143,0,0,4,1,5,88,17,42,1,148,20,0,20,168
07/11/2021,DSM,IA,ACE,CE,Combined TRACON& Tower with Radar,100,15,40,0,155,0,0,15,0,15,100,15,55,0,170,12,0,12,182
07/12/2021,DSM,IA,ACE,CE,Combined TRACON& Tower with Radar,88,17,37,4,146,0,2,30,0,32,88,19,67,4,178,50,10,60,238
07/13/2021,DSM,IA,ACE,CE,Combined TRACON& Tower with Radar,90,14,48,4,156,0,0,32,0,32,90,14,80,4,188,8,0,8,196
07/14/2021,DSM,IA,ACE,CE,Combined TRACON& Tower with Radar,87,24,46,0,157,0,3,16,0,19,87,27,62,0,176,12,0,12,188
07/15/2021,DSM,IA,ACE,CE,Combined TRACON& Tower with Radar,102,20,66,0,188,0,4,28,0,32,102,24,94,0,220,20,0,20,240
07/16/2021,DSM,IA,ACE,CE,Combined TRACON& Tower with Radar,95,20,70,5,190,0,0,33,3,36,95,20,103,8,226,0,0,0,226
07/17/2021,DSM,IA,ACE,CE,Combined TRACON& Tower with Radar,89,20,21,10,140,0,0,26,0,26,89,20,47,10,166,14,0,14,180
07/18/2021,DSM,IA,ACE,CE,Combined TRACON& Tower with Radar,97,17,37,6,157,0,1,32,3,36,97,18,69,9,193,20,0,20,213
07/19/2021,DSM,IA,ACE,CE,Combined TRACON& Tower with Radar,87,21,29,6,143,0,1,36,0,37,87,22,65,6,180,48,8,56,236
07/20/2021,DSM,IA,ACE,CE,Combined TRACON& Tower with Radar,87,20,66,3,176,0,1,47,0,48,87,21,113,3,224,52,0,52,276
07/21/2021,DSM,IA,ACE,CE,Combined TRACON& Tower with Radar,89,25,71,5,190,0,3,52,9,64,89,28,123,14,254,62,10,72,326
07/22/2021,DSM,IA,ACE,CE,Combined TRACON& Tower with Radar,104,18,54,8,184,0,2,49,7,58,104,20,103,15,242,22,5,27,269
07/23/2021,DSM,IA,ACE,CE,Combined TRACON& Tower with Radar,100,16,48,19,183,0,0,26,3,29,100,16,74,22,212,22,0,22,234
07/24/2021,DSM,IA,ACE,CE,Combined TRACON& Tower with Radar,84,15,31,11,141,0,3,31,1,35,84,18,62,12,176,38,14,52,228
07/25/2021,DSM,IA,ACE,CE,Combined TRACON& Tower with Radar,99,27,30,0,156,0,0,30,0,30,99,27,60,0,186,16,0,16,202
07/26/2021,DSM,IA,ACE,CE,Combined TRACON& Tower with Radar,88,21,26,0,135,0,1,43,0,44,88,22,69,0,179,34,0,34,213
07/27/2021,DSM,IA,ACE,CE,Combined TRACON& Tower with Radar,85,26,43,4,158,0,3,40,4,47,85,29,83,8,205,30,0,30,235
07/28/2021,DSM,IA,ACE,CE,Combined TRACON& Tower with Radar,91,28,61,2,182,0,0,18,1,19,91,28,79,3,201,32,0,32,233
07/29/2021,DSM,IA,ACE,CE,Combined TRACON& Tower with Radar,98,23,57,0,178,0,0,37,3,40,98,23,94,3,218,20,0,20,238
07/30/2021,DSM,IA,ACE,CE,Combined TRACON& Tower with Radar,101,24,33,1,159,0,0,16,0,16,101,24,49,1,175,4,0,4,179
07/31/2021,DSM,IA,ACE,CE,Combined TRACON& Tower with Radar,85,17,27,0,129,0,0,5,0,5,85,17,32,0,134,20,0,20,154
08/01/2021,DSM,IA,ACE,CE,Combined TRACON& Tower with Radar,93,28,28,6,155,0,0,24,0,24,93,28,52,6,179,14,0,14,193
08/02/2021,DSM,IA,ACE,CE,Combined TRACON& Tower with Radar,92,17,30,0,139,0,0,53,2,55,92,17,83,2,194,46,0,46,240
08/03/2021,DSM,IA,ACE,CE,Combined TRACON& Tower with Radar,84,17,56,11,168,0,2,40,3,45,84,19,96,14,213,66,26,92,305
08/04/2021,DSM,IA,ACE,CE,Combined TRACON& Tower with Radar,93,10,39,0,142,0,1,55,4,60,93,11,94,4,202,42,0,42,244
08/05/2021,DSM,IA,ACE,CE,Combined TRACON& Tower with Radar,101,15,40,7,163,0,0,32,2,34,101,15,72,9,197,24,6,30,227
08/06/2021,DSM,IA,ACE,CE,Combined TRACON& Tower with Radar,95,16,53,5,169,0,2,26,0,28,95,18,79,5,197,36,0,36,233
08/07/2021,DSM,IA,ACE,CE,Combined TRACON& Tower with Radar,91,12,21,1,125,0,0,23,0,23,91,12,44,1,148,18,0,18,166
08/08/2021,DSM,IA,ACE,CE,Combined TRACON& Tower with Radar,99,17,26,6,148,0,0,24,2,26,99,17,50,8,174,16,0,16,190
08/09/2021,DSM,IA,ACE,CE,Combined TRACON& Tower with Radar,90,13,42,6,151,0,4,24,3,31,90,17,66,9,182,52,16,68,250
08/10/2021,DSM,IA,ACE,CE,Combined TRACON& Tower with Radar,86,20,39,4,149,0,1,23,0,24,86,21,62,4,173,62,0,62,235
08/11/2021,DSM,IA,ACE,CE,Combined TRACON& Tower with Radar,90,19,51,9,169,0,2,27,0,29,90,21,78,9,198,36,0,36,234
08/12/2021,DSM,IA,ACE,CE,Combined TRACON& Tower with Radar,102,16,53,4,175,0,3,23,0,26,102,19,76,4,201,34,4,38,239
08/13/2021,DSM,IA,ACE,CE,Combined TRACON& Tower with Radar,101,17,62,18,198,0,0,43,2,45,101,17,105,20,243,14,18,32,275
08/14/2021,DSM,IA,ACE,CE,Combined TRACON& Tower with Radar,79,23,37,13,152,0,1,36,2,39,79,24,73,15,191,28,8,36,227
08/15/2021,DSM,IA,ACE,CE,Combined TRACON& Tower with Radar,100,23,26,3,152,0,0,31,0,31,100,23,57,3,183,20,0,20,203
08/16/2021,DSM,IA,ACE,CE,Combined TRACON& Tower with Radar,90,14,55,11,170,0,0,28,0,28,90,14,83,11,198,32,4,36,234
08/17/2021,DSM,IA,ACE,CE,Combined TRACON& Tower with Radar,78,18,47,10,153,0,1,40,2,43,78,19,87,12,196,8,10,18,214
08/18/2021,DSM,IA,ACE,CE,Combined TRACON& Tower with Radar,84,28,39,10,161,0,1,41,3,45,84,29,80,13,206,30,12,42,248
08/19/2021,DSM,IA,ACE,CE,Combined TRACON& Tower with Radar,95,28,64,4,191,0,4,33,2,39,95,32,97,6,230,20,0,20,250
08/20/2021,DSM,IA,ACE,CE,Combined TRACON& Tower with Radar,98,16,41,7,162,0,0,28,1,29,98,16,69,8,191,36,8,44,235
08/21/2021,DSM,IA,ACE,CE,Combined TRACON& Tower with Radar,74,23,22,0,119,0,1,24,3,28,74,24,46,3,147,29,0,29,176
08/22/2021,DSM,IA,ACE,CE,Combined TRACON& Tower with Radar,93,19,23,0,135,0,0,37,3,40,93,19,60,3,175,14,0,14,189
08/23/2021,DSM,IA,ACE,CE,Combined TRACON& Tower with Radar,88,21,40,4,153,0,2,30,0,32,88,23,70,4,185,68,0,68,253
08/24/2021,DSM,IA,ACE,CE,Combined TRACON& Tower with Radar,86,21,50,8,165,0,0,33,1,34,86,21,83,9,199,16,0,16,215
08/25/2021,DSM,IA,ACE,CE,Combined TRACON& Tower with Radar,82,16,44,6,148,0,0,25,7,32,82,16,69,13,180,60,12,72,252
08/26/2021,DSM,IA,ACE,CE,Combined TRACON& Tower with Radar,97,12,39,0,148,0,0,21,7,28,97,12,60,7,176,16,0,16,192
08/27/2021,DSM,IA,ACE,CE,Combined TRACON& Tower with Radar,98,9,37,4,148,0,0,23,2,25,98,9,60,6,173,6,6,12,185
08/28/2021,DSM,IA,ACE,CE,Combined TRACON& Tower with Radar,74,21,24,0,119,0,3,28,0,31,74,24,52,0,150,40,0,40,190
08/29/2021,DSM,IA,ACE,CE,Combined TRACON& Tower with Radar,94,11,32,0,137,0,0,13,2,15,94,11,45,2,152,6,0,6,158
08/30/2021,DSM,IA,ACE,CE,Combined TRACON& Tower with Radar,85,25,51,22,183,0,1,35,1,37,85,26,86,23,220,42,8,50,270
08/31/2021,DSM,IA,ACE,CE,Combined TRACON& Tower with Radar,82,17,41,2,142,0,1,15,0,16,82,18,56,2,158,14,0,14,172
09/01/2021,DSM,IA,ACE,CE,Combined TRACON& Tower with Radar,84,20,48,5,157,0,10,44,1,55,84,30,92,6,212,34,0,34,246
09/02/2021,DSM,IA,ACE,CE,Combined TRACON& Tower with Radar,100,13,62,11,186,0,1,35,0,36,100,14,97,11,222,30,0,30,252
09/03/2021,DSM,IA,ACE,CE,Combined TRACON& Tower with Radar,99,20,32,2,153,0,0,1,0,1,99,20,33,2,154,0,0,0,154
09/04/2021,DSM,IA,ACE,CE,Combined TRACON& Tower with Radar,71,10,14,0,95,0,0,13,0,13,71,10,27,0,108,0,0,0,108
09/05/2021,DSM,IA,ACE,CE,Combined TRACON& Tower with Radar,77,8,17,0,102,0,2,20,0,22,77,10,37,0,124,6,2,8,132
09/06/2021,DSM,IA,ACE,CE,Combined TRACON& Tower with Radar,81,19,24,0,124,0,0,37,0,37,81,19,61,0,161,14,0,14,175
09/07/2021,DSM,IA,ACE,CE,Combined TRACON& Tower with Radar,76,14,45,4,139,0,0,22,2,24,76,14,67,6,163,6,0,6,169
09/08/2021,DSM,IA,ACE,CE,Combined TRACON& Tower with Radar,86,14,55,4,159,0,5,26,4,35,86,19,81,8,194,28,4,32,226
09/09/2021,DSM,IA,ACE,CE,Combined TRACON& Tower with Radar,100,14,69,7,190,0,0,34,5,39,100,14,103,12,229,32,0,32,261
09/10/2021,DSM,IA,ACE,CE,Combined TRACON& Tower with Radar,105,19,43,0,167,0,1,45,3,49,105,20,88,3,216,31,0,31,247
09/11/2021,DSM,IA,ACE,CE,Combined TRACON& Tower with Radar,74,15,22,0,111,0,0,25,0,25,74,15,47,0,136,18,0,18,154
09/12/2021,DSM,IA,ACE,CE,Combined TRACON& Tower with Radar,101,18,33,0,152,0,1,7,0,8,101,19,40,0,160,32,0,32,192
09/13/2021,DSM,IA,ACE,CE,Combined TRACON& Tower with Radar,89,16,44,2,151,0,1,26,2,29,89,17,70,4,180,16,4,20,200
09/14/2021,DSM,IA,ACE,CE,Combined TRACON& Tower with Radar,80,13,62,2,157,0,0,24,2,26,80,13,86,4,183,10,0,10,193
09/15/2021,DSM,IA,ACE,CE,Combined TRACON& Tower with Radar,87,16,47,11,161,0,0,41,1,42,87,16,88,12,203,34,16,50,253
09/16/2021,DSM,IA,ACE,CE,Combined TRACON& Tower with Radar,120,21,41,0,182,0,0,22,5,27,120,21,63,5,209,4,0,4,213
09/17/2021,DSM,IA,ACE,CE,Combined TRACON& Tower with Radar,105,22,54,3,184,0,0,46,0,46,105,22,100,3,230,12,0,12,242
09/18/2021,DSM,IA,ACE,CE,Combined TRACON& Tower with Radar,71,15,35,0,121,0,0,35,6,41,71,15,70,6,162,40,0,40,202
09/19/2021,DSM,IA,ACE,CE,Combined TRACON& Tower with Radar,115,14,35,2,166,0,0,17,3,20,115,14,52,5,186,2,0,2,188
09/20/2021,DSM,IA,ACE,CE,Combined TRACON& Tower with Radar,93,20,35,1,149,0,0,9,0,9,93,20,44,1,158,0,0,0,158
09/21/2021,DSM,IA,ACE,CE,Combined TRACON& Tower with Radar,82,15,42,1,140,0,2,30,0,32,82,17,72,1,172,4,0,4,176
09/22/2021,DSM,IA,ACE,CE,Combined TRACON& Tower with Radar,83,15,66,0,164,1,1,28,0,30,84,16,94,0,194,4,0,4,198
09/23/2021,DSM,IA,ACE,CE,Combined TRACON& Tower with Radar,101,13,60,0,174,0,0,37,1,38,101,13,97,1,212,24,0,24,236
09/24/2021,DSM,IA,ACE,CE,Combined TRACON& Tower with Radar,101,17,48,2,168,0,0,26,0,26,101,17,74,2,194,12,0,12,206
09/25/2021,DSM,IA,ACE,CE,Combined TRACON& Tower with Radar,76,22,35,3,136,0,0,30,0,30,76,22,65,3,166,2,0,2,168
09/26/2021,DSM,IA,ACE,CE,Combined TRACON& Tower with Radar,93,13,27,2,135,0,0,31,0,31,93,13,58,2,166,4,0,4,170
09/27/2021,DSM,IA,ACE,CE,Combined TRACON& Tower with Radar,87,11,41,4,143,0,0,40,0,40,87,11,81,4,183,16,0,16,199
09/28/2021,DSM,IA,ACE,CE,Combined TRACON& Tower with Radar,82,10,51,14,157,0,3,30,0,33,82,13,81,14,190,32,0,32,222
09/29/2021,DSM,IA,ACE,CE,Combined TRACON& Tower with Radar,81,12,42,11,146,0,6,29,1,36,81,18,71,12,182,10,12,22,204
09/30/2021,DSM,IA,ACE,CE,Combined TRACON& Tower with Radar,103,10,70,1,184,0,0,20,1,21,103,10,90,2,205,12,0,12,217
10/01/2021,DSM,IA,ACE,CE,Combined TRACON& Tower with Radar,95,22,48,1,166,0,0,15,0,15,95,22,63,1,181,18,0,18,199
10/02/2021,DSM,IA,ACE,CE,Combined TRACON& Tower with Radar,73,20,30,0,123,0,0,15,0,15,73,20,45,0,138,59,0,59,197
10/03/2021,DSM,IA,ACE,CE,Combined TRACON& Tower with Radar,91,12,39,0,142,0,0,30,0,30,91,12,69,0,172,8,0,8,180
10/04/2021,DSM,IA,ACE,CE,Combined TRACON& Tower with Radar,86,14,42,33,175,0,2,32,0,34,86,16,74,33,209,42,12,54,263
10/05/2021,DSM,IA,ACE,CE,Combined TRACON& Tower with Radar,78,18,50,5,151,0,1,35,2,38,78,19,85,7,189,32,0,32,221
10/06/2021,DSM,IA,ACE,CE,Combined TRACON& Tower with Radar,84,17,49,1,151,0,2,12,0,14,84,19,61,1,165,58,8,66,231
10/07/2021,DSM,IA,ACE,CE,Combined TRACON& Tower with Radar,104,8,37,6,155,0,2,22,0,24,104,10,59,6,179,52,2,54,233
10/08/2021,DSM,IA,ACE,CE,Combined TRACON& Tower with Radar,100,9,49,2,160,0,0,32,0,32,100,9,81,2,192,23,0,23,215
10/09/2021,DSM,IA,ACE,CE,Combined TRACON& Tower with Radar,70,14,38,0,122,0,2,23,0,25,70,16,61,0,147,28,0,28,175
10/10/2021,DSM,IA,ACE,CE,Combined TRACON& Tower with Radar,85,8,26,0,119,0,0,31,0,31,85,8,57,0,150,16,0,16,166
10/11/2021,DSM,IA,ACE,CE,Combined TRACON& Tower with Radar,87,15,33,0,135,0,0,11,0,11,87,15,44,0,146,0,0,0,146
10/12/2021,DSM,IA,ACE,CE,Combined TRACON& Tower with Radar,80,15,46,12,153,0,2,50,0,52,80,17,96,12,205,46,28,74,279
10/13/2021,DSM,IA,ACE,CE,Combined TRACON& Tower with Radar,84,13,35,4,136,0,1,5,0,6,84,14,40,4,142,0,0,0,142
10/14/2021,DSM,IA,ACE,CE,Combined TRACON& Tower with Radar,97,22,35,6,160,0,4,35,1,40,97,26,70,7,200,2,0,2,202
10/15/2021,DSM,IA,ACE,CE,Combined TRACON& Tower with Radar,104,13,34,21,172,0,1,29,1,31,104,14,63,22,203,18,16,34,237
10/16/2021,DSM,IA,ACE,CE,Combined TRACON& Tower with Radar,70,23,13,0,106,0,1,28,0,29,70,24,41,0,135,34,0,34,169
10/17/2021,DSM,IA,ACE,CE,Combined TRACON& Tower with Radar,96,16,31,0,143,0,4,34,0,38,96,20,65,0,181,22,0,22,203
10/18/2021,DSM,IA,ACE,CE,Combined TRACON& Tower with Radar,90,13,60,0,163,0,0,34,0,34,90,13,94,0,197,12,0,12,209
10/19/2021,DSM,IA,ACE,CE,Combined TRACON& Tower with Radar,83,15,61,4,163,0,0,21,2,23,83,15,82,6,186,27,0,27,213
10/20/2021,DSM,IA,ACE,CE,Combined TRACON& Tower with Radar,86,18,57,2,163,0,7,14,2,23,86,25,71,4,186,11,0,11,197
10/21/2021,DSM,IA,ACE,CE,Combined TRACON& Tower with Radar,89,14,50,8,161,0,0,3,0,3,89,14,53,8,164,0,0,0,164
10/22/2021,DSM,IA,ACE,CE,Combined TRACON& Tower with Radar,102,21,45,6,174,0,2,37,0,39,102,23,82,6,213,22,0,22,235
10/23/2021,DSM,IA,ACE,CE,Combined TRACON& Tower with Radar,77,19,21,0,117,0,0,28,0,28,77,19,49,0,145,0,0,0,145
10/24/2021,DSM,IA,ACE,CE,Combined TRACON& Tower with Radar,92,14,20,0,126,0,0,0,0,0,92,14,20,0,126,0,0,0,126
10/25/2021,DSM,IA,ACE,CE,Combined TRACON& Tower with Radar,91,14,58,5,168,0,0,23,1,24,91,14,81,6,192,20,0,20,212
10/26/2021,DSM,IA,ACE,CE,Combined TRACON& Tower with Radar,87,19,42,8,156,0,1,20,3,24,87,20,62,11,180,25,6,31,211
10/27/2021,DSM,IA,ACE,CE,Combined TRACON& Tower with Radar,83,13,44,2,142,0,0,1,0,1,83,13,45,2,143,0,0,0,143
10/28/2021,DSM,IA,ACE,CE,Combined TRACON& Tower with Radar,97,12,44,4,157,0,0,1,0,1,97,12,45,4,158,0,0,0,158
10/29/2021,DSM,IA,ACE,CE,Combined TRACON& Tower with Radar,105,19,38,2,164,0,0,4,2,6,105,19,42,4,170,0,0,0,170
10/30/2021,DSM,IA,ACE,CE,Combined TRACON& Tower with Radar,66,16,35,0,117,0,2,44,0,46,66,18,79,0,163,28,0,28,191
10/31/2021,DSM,IA,ACE,CE,Combined TRACON& Tower with Radar,77,15,19,0,111,0,1,19,0,20,77,16,38,0,131,6,0,6,137
11/01/2021,DSM,IA,ACE,CE,Combined TRACON& Tower with Radar,77,18,41,2,138,0,1,35,2,38,77,19,76,4,176,42,0,42,218
11/02/2021,DSM,IA,ACE,CE,Combined TRACON& Tower with Radar,66,22,48,7,143,0,2,36,1,39,66,24,84,8,182,94,8,102,284
11/03/2021,DSM,IA,ACE,CE,Combined TRACON& Tower with Radar,75,20,36,2,133,0,0,36,0,36,75,20,72,2,169,44,0,44,213
11/04/2021,DSM,IA,ACE,CE,Combined TRACON& Tower with Radar,93,29,40,3,165,0,2,36,1,39,93,31,76,4,204,0,0,0,204
11/05/2021,DSM,IA,ACE,CE,Combined TRACON& Tower with Radar,93,25,47,3,168,0,0,34,0,34,93,25,81,3,202,0,0,0,202
11/06/2021,DSM,IA,ACE,CE,Combined TRACON& Tower with Radar,70,18,24,3,115,0,0,43,3,46,70,18,67,6,161,70,4,74,235
11/07/2021,DSM,IA,ACE,CE,Combined TRACON& Tower with Radar,88,13,29,0,130,0,0,25,0,25,88,13,54,0,155,15,0,15,170
11/08/2021,DSM,IA,ACE,CE,Combined TRACON& Tower with Radar,85,14,44,5,148,0,0,44,0,44,85,14,88,5,192,68,0,68,260
11/09/2021,DSM,IA,ACE,CE,Combined TRACON& Tower with Radar,75,20,51,1,147,0,0,21,0,21,75,20,72,1,168,50,0,50,218
11/10/2021,DSM,IA,ACE,CE,Combined TRACON& Tower with Radar,77,31,35,1,144,0,0,0,0,0,77,31,35,1,144,2,0,2,146
11/11/2021,DSM,IA,ACE,CE,Combined TRACON& Tower with Radar,96,30,62,0,188,0,1,8,0,9,96,31,70,0,197,6,0,6,203
11/12/2021,DSM,IA,ACE,CE,Combined TRACON& Tower with Radar,93,23,33,2,151,0,2,1,0,3,93,25,34,2,154,0,0,0,154
11/13/2021,DSM,IA,ACE,CE,Combined TRACON& Tower with Radar,70,19,23,0,112,0,0,10,0,10,70,19,33,0,122,40,0,40,162
11/14/2021,DSM,IA,ACE,CE,Combined TRACON& Tower with Radar,86,18,31,1,136,0,0,17,3,20,86,18,48,4,156,55,0,55,211
11/15/2021,DSM,IA,ACE,CE,Combined TRACON& Tower with Radar,85,14,33,4,136,0,0,31,0,31,85,14,64,4,167,42,0,42,209
11/16/2021,DSM,IA,ACE,CE,Combined TRACON& Tower with Radar,76,20,44,15,155,0,0,28,1,29,76,20,72,16,184,20,18,38,222
11/17/2021,DSM,IA,ACE,CE,Combined TRACON& Tower with Radar,76,24,29,3,132,0,0,30,3,33,76,24,59,6,165,12,0,12,177
11/18/2021,DSM,IA,ACE,CE,Combined TRACON& Tower with Radar,94,29,47,2,172,0,3,23,0,26,94,32,70,2,198,34,1,35,233
11/19/2021,DSM,IA,ACE,CE,Combined TRACON& Tower with Radar,96,26,52,2,176,0,1,28,2,31,96,27,80,4,207,17,0,17,224
11/20/2021,DSM,IA,ACE,CE,Combined TRACON& Tower with Radar,70,12,42,0,124,0,2,62,0,64,70,14,104,0,188,20,0,20,208
11/21/2021,DSM,IA,ACE,CE,Combined TRACON& Tower with Radar,83,16,19,0,118,0,0,16,0,16,83,16,35,0,134,16,0,16,150
11/22/2021,DSM,IA,ACE,CE,Combined TRACON& Tower with Radar,85,20,53,8,166,0,0,46,2,48,85,20,99,10,214,46,0,46,260
11/23/2021,DSM,IA,ACE,CE,Combined TRACON& Tower with Radar,93,20,40,7,160,0,2,25,1,28,93,22,65,8,188,6,0,6,194
11/24/2021,DSM,IA,ACE,CE,Combined TRACON& Tower with Radar,95,15,25,2,137,0,0,27,0,27,95,15,52,2,164,0,0,0,164
11/25/2021,DSM,IA,ACE,CE,Combined TRACON& Tower with Radar,49,10,4,0,63,0,0,8,0,8,49,10,12,0,71,12,0,12,83
11/26/2021,DSM,IA,ACE,CE,Combined TRACON& Tower with Radar,78,13,21,0,112,0,0,25,0,25,78,13,46,0,137,34,0,34,171
11/27/2021,DSM,IA,ACE,CE,Combined TRACON& Tower with Radar,86,14,10,0,110,5,0,21,0,26,91,14,31,0,136,0,0,0,136
11/28/2021,DSM,IA,ACE,CE,Combined TRACON& Tower with Radar,95,15,16,0,126,0,1,30,0,31,95,16,46,0,157,12,0,12,169
11/29/2021,DSM,IA,ACE,CE,Combined TRACON& Tower with Radar,98,12,44,2,156,0,2,29,2,33,98,14,73,4,189,40,8,48,237
11/30/2021,DSM,IA,ACE,CE,Combined TRACON& Tower with Radar,74,16,60,3,153,0,0,39,2,41,74,16,99,5,194,56,0,56,250
12/01/2021,DSM,IA,ACE,CE,Combined TRACON& Tower with Radar,79,14,50,10,153,0,1,30,7,38,79,15,80,17,191,4,0,4,195
12/02/2021,DSM,IA,ACE,CE,Combined TRACON& Tower with Radar,98,26,45,4,173,0,3,50,4,57,98,29,95,8,230,37,0,37,267
12/03/2021,DSM,IA,ACE,CE,Combined TRACON& Tower with Radar,94,17,41,3,155,0,2,39,0,41,94,19,80,3,196,34,6,40,236
12/04/2021,DSM,IA,ACE,CE,Combined TRACON& Tower with Radar,66,13,28,0,107,0,0,39,0,39,66,13,67,0,146,44,0,44,190
12/05/2021,DSM,IA,ACE,CE,Combined TRACON& Tower with Radar,90,19,37,4,150,0,0,4,0,4,90,19,41,4,154,22,0,22,176
12/06/2021,DSM,IA,ACE,CE,Combined TRACON& Tower with Radar,85,22,33,4,144,0,0,10,0,10,85,22,43,4,154,4,0,4,158
12/07/2021,DSM,IA,ACE,CE,Combined TRACON& Tower with Radar,71,23,24,8,126,0,0,13,1,14,71,23,37,9,140,2,18,20,160
12/08/2021,DSM,IA,ACE,CE,Combined TRACON& Tower with Radar,71,23,65,6,165,0,5,44,0,49,71,28,109,6,214,55,6,61,275
12/09/2021,DSM,IA,ACE,CE,Combined TRACON& Tower with Radar,98,15,66,9,188,0,0,31,0,31,98,15,97,9,219,24,12,36,255
12/10/2021,DSM,IA,ACE,CE,Combined TRACON& Tower with Radar,88,16,27,2,133,0,0,11,0,11,88,16,38,2,144,0,0,0,144
12/11/2021,DSM,IA,ACE,CE,Combined TRACON& Tower with Radar,65,13,23,6,107,0,0,23,1,24,65,13,46,7,131,10,6,16,147
12/12/2021,DSM,IA,ACE,CE,Combined TRACON& Tower with Radar,89,19,22,1,131,0,0,21,0,21,89,19,43,1,152,20,0,20,172
12/13/2021,DSM,IA,ACE,CE,Combined TRACON& Tower with Radar,83,24,54,4,165,0,2,37,2,41,83,26,91,6,206,36,0,36,242
12/14/2021,DSM,IA,ACE,CE,Combined TRACON& Tower with Radar,70,28,53,5,156,0,0,23,7,30,70,28,76,12,186,58,18,76,262
12/15/2021,DSM,IA,ACE,CE,Combined TRACON& Tower with Radar,60,19,20,2,101,0,1,2,1,4,60,20,22,3,105,0,0,0,105
12/16/2021,DSM,IA,ACE,CE,Combined TRACON& Tower with Radar,90,16,45,2,153,0,2,16,2,20,90,18,61,4,173,1,0,1,174
12/17/2021,DSM,IA,ACE,CE,Combined TRACON& Tower with Radar,97,18,39,5,159,0,0,17,0,17,97,18,56,5,176,4,0,4,180
12/18/2021,DSM,IA,ACE,CE,Combined TRACON& Tower with Radar,63,20,50,0,133,2,3,11,0,16,65,23,61,0,149,14,0,14,163
12/19/2021,DSM,IA,ACE,CE,Combined TRACON& Tower with Radar,88,19,27,1,135,0,1,7,0,8,88,20,34,1,143,4,0,4,147
12/20/2021,DSM,IA,ACE,CE,Combined TRACON& Tower with Radar,88,15,44,6,153,0,1,33,0,34,88,16,77,6,187,35,12,47,234
12/21/2021,DSM,IA,ACE,CE,Combined TRACON& Tower with Radar,82,12,41,4,139,0,0,10,2,12,82,12,51,6,151,14,0,14,165
12/22/2021,DSM,IA,ACE,CE,Combined TRACON& Tower with Radar,85,14,33,3,135,0,1,42,10,53,85,15,75,13,188,6,2,8,196
12/23/2021,DSM,IA,ACE,CE,Combined TRACON& Tower with Radar,98,15,31,2,146,0,0,27,0,27,98,15,58,2,173,20,0,20,193
12/24/2021,DSM,IA,ACE,CE,Combined TRACON& Tower with Radar,76,6,2,0,84,0,0,0,0,0,76,6,2,0,84,0,0,0,84
12/25/2021,DSM,IA,ACE,CE,Combined TRACON& Tower with Radar,48,15,2,0,65,0,0,8,0,8,48,15,10,0,73,0,0,0,73
12/26/2021,DSM,IA,ACE,CE,Combined TRACON& Tower with Radar,86,17,22,0,125,0,0,7,0,7,86,17,29,0,132,6,0,6,138
12/27/2021,DSM,IA,ACE,CE,Combined TRACON& Tower with Radar,89,19,22,4,134,0,0,22,0,22,89,19,44,4,156,0,0,0,156
12/28/2021,DSM,IA,ACE,CE,Combined TRACON& Tower with Radar,78,15,16,0,109,0,0,5,0,5,78,15,21,0,114,0,0,0,114
12/29/2021,DSM,IA,ACE,CE,Combined TRACON& Tower with Radar,84,19,27,2,132,0,0,13,2,15,84,19,40,4,147,36,2,38,185
12/30/2021,DSM,IA,ACE,CE,Combined TRACON& Tower with Radar,89,26,25,2,142,0,1,3,0,4,89,27,28,2,146,0,0,0,146
12/31/2021,DSM,IA,ACE,CE,Combined TRACON& Tower with Radar,72,7,6,0,85,0,0,0,0,0,72,7,6,0,85,0,0,0,85
01/01/2022,DSM,IA,ACE,CE,Combined TRACON& Tower with Radar,41,12,4,0,57,0,1,0,0,1,41,13,4,0,58,1,0,1,59
01/02/2022,DSM,IA,ACE,CE,Combined TRACON& Tower with Radar,74,19,28,0,121,0,0,12,0,12,74,19,40,0,133,32,0,32,165
01/03/2022,DSM,IA,ACE,CE,Combined TRACON& Tower with Radar,79,19,29,2,129,0,0,33,0,33,79,19,62,2,162,56,0,56,218
01/04/2022,DSM,IA,ACE,CE,Combined TRACON& Tower with Radar,70,10,21,4,105,0,1,21,0,22,70,11,42,4,127,0,0,0,127
01/05/2022,DSM,IA,ACE,CE,Combined TRACON& Tower with Radar,60,9,10,4,83,0,0,1,0,1,60,9,11,4,84,6,0,6,90
01/06/2022,DSM,IA,ACE,CE,Combined TRACON& Tower with Radar,91,8,24,5,128,0,2,24,1,27,91,10,48,6,155,8,8,16,171
01/07/2022,DSM,IA,ACE,CE,Combined TRACON& Tower with Radar,86,21,34,7,148,0,2,17,0,19,86,23,51,7,167,2,4,6,173
01/08/2022,DSM,IA,ACE,CE,Combined TRACON& Tower with Radar,55,11,14,1,81,0,0,0,0,0,55,11,14,1,81,0,0,0,81
01/09/2022,DSM,IA,ACE,CE,Combined TRACON& Tower with Radar,86,11,14,4,115,2,0,31,0,33,88,11,45,4,148,20,0,20,168
01/10/2022,DSM,IA,ACE,CE,Combined TRACON& Tower with Radar,82,11,29,8,130,0,0,32,0,32,82,11,61,8,162,20,0,20,182
01/11/2022,DSM,IA,ACE,CE,Combined TRACON& Tower with Radar,63,19,42,33,157,2,0,30,1,33,65,19,72,34,190,44,28,72,262
01/12/2022,DSM,IA,ACE,CE,Combined TRACON& Tower with Radar,65,18,34,4,121,0,0,42,7,49,65,18,76,11,170,52,0,52,222
01/13/2022,DSM,IA,ACE,CE,Combined TRACON& Tower with Radar,95,12,28,7,142,0,0,32,0,32,95,12,60,7,174,0,0,0,174
01/14/2022,DSM,IA,ACE,CE,Combined TRACON& Tower with Radar,68,6,7,0,81,0,0,0,0,0,68,6,7,0,81,0,0,0,81
01/15/2022,DSM,IA,ACE,CE,Combined TRACON& Tower with Radar,60,12,18,2,92,0,0,4,0,4,60,12,22,2,96,0,0,0,96
01/16/2022,DSM,IA,ACE,CE,Combined TRACON& Tower with Radar,71,18,16,2,107,0,0,4,0,4,71,18,20,2,111,0,0,0,111
01/17/2022,DSM,IA,ACE,CE,Combined TRACON& Tower with Radar,80,14,29,0,123,1,2,33,0,36,81,16,62,0,159,72,0,72,231
01/18/2022,DSM,IA,ACE,CE,Combined TRACON& Tower with Radar,68,16,24,3,111,0,0,23,2,25,68,16,47,5,136,16,0,16,152
01/19/2022,DSM,IA,ACE,CE,Combined TRACON& Tower with Radar,70,15,38,5,128,0,0,16,4,20,70,15,54,9,148,8,4,12,160
01/20/2022,DSM,IA,ACE,CE,Combined TRACON& Tower with Radar,96,22,30,2,150,1,4,20,0,25,97,26,50,2,175,14,0,14,189
01/21/2022,DSM,IA,ACE,CE,Combined TRACON& Tower with Radar,94,11,32,4,141,0,0,14,0,14,94,11,46,4,155,10,0,10,165
01/22/2022,DSM,IA,ACE,CE,Combined TRACON& Tower with Radar,62,14,12,1,89,0,0,29,5,34,62,14,41,6,123,26,0,26,149
01/23/2022,DSM,IA,ACE,CE,Combined TRACON& Tower with Radar,92,9,18,2,121,0,2,22,2,26,92,11,40,4,147,16,0,16,163
01/24/2022,DSM,IA,ACE,CE,Combined TRACON& Tower with Radar,84,10,41,0,135,0,0,8,0,8,84,10,49,0,143,0,0,0,143
01/25/2022,DSM,IA,ACE,CE,Combined TRACON& Tower with Radar,68,10,43,2,123,0,0,23,0,23,68,10,66,2,146,14,0,14,160
01/26/2022,DSM,IA,ACE,CE,Combined TRACON& Tower with Radar,66,17,43,0,126,0,0,21,4,25,66,17,64,4,151,2,0,2,153
01/27/2022,DSM,IA,ACE,CE,Combined TRACON& Tower with Radar,95,26,44,2,167,0,1,20,4,25,95,27,64,6,192,62,0,62,254
01/28/2022,DSM,IA,ACE,CE,Combined TRACON& Tower with Radar,92,21,43,4,160,0,4,31,0,35,92,25,74,4,195,56,0,56,251
01/29/2022,DSM,IA,ACE,CE,Combined TRACON& Tower with Radar,64,14,25,2,105,0,0,39,0,39,64,14,64,2,144,24,0,24,168
01/30/2022,DSM,IA,ACE,CE,Combined TRACON& Tower with Radar,97,16,22,0,135,0,0,15,0,15,97,16,37,0,150,34,0,34,184
01/31/2022,DSM,IA,ACE,CE,Combined TRACON& Tower with Radar,85,10,39,0,134,0,4,44,0,48,85,14,83,0,182,28,0,28,210
02/01/2022,DSM,IA,ACE,CE,Combined TRACON& Tower with Radar,66,22,28,0,116,0,1,25,0,26,66,23,53,0,142,10,0,10,152
02/02/2022,DSM,IA,ACE,CE,Combined TRACON& Tower with Radar,60,20,12,10,102,0,0,16,0,16,60,20,28,10,118,10,10,20,138
02/03/2022,DSM,IA,ACE,CE,Combined TRACON& Tower with Radar,83,17,32,2,134,0,3,24,0,27,83,20,56,2,161,20,3,23,184
02/04/2022,DSM,IA,ACE,CE,Combined TRACON& Tower with Radar,81,11,34,1,127,0,4,19,3,26,81,15,53,4,153,22,0,22,175
02/05/2022,DSM,IA,ACE,CE,Combined TRACON& Tower with Radar,57,12,19,0,88,0,0,14,2,16,57,12,33,2,104,6,0,6,110
02/06/2022,DSM,IA,ACE,CE,Combined TRACON& Tower with Radar,90,12,15,5,122,0,0,22,1,23,90,12,37,6,145,32,0,32,177
02/07/2022,DSM,IA,ACE,CE,Combined TRACON& Tower with Radar,84,17,39,1,141,0,0,36,0,36,84,17,75,1,177,87,0,87,264
02/08/2022,DSM,IA,ACE,CE,Combined TRACON& Tower with Radar,70,15,45,7,137,0,1,46,1,48,70,16,91,8,185,53,6,59,244
02/09/2022,DSM,IA,ACE,CE,Combined TRACON& Tower with Radar,64,14,33,17,128,0,1,12,8,21,64,15,45,25,149,28,5,33,182
02/10/2022,DSM,IA,ACE,CE,Combined TRACON& Tower with Radar,90,26,32,7,155,0,1,30,0,31,90,27,62,7,186,28,0,28,214
02/11/2022,DSM,IA,ACE,CE,Combined TRACON& Tower with Radar,96,16,35,0,147,0,6,3,0,9,96,22,38,0,156,8,0,8,164
02/12/2022,DSM,IA,ACE,CE,Combined TRACON& Tower with Radar,59,16,27,0,102,0,1,46,0,47,59,17,73,0,149,52,0,52,201
02/13/2022,DSM,IA,ACE,CE,Combined TRACON& Tower with Radar,77,18,8,0,103,0,0,7,0,7,77,18,15,0,110,42,0,42,152
02/14/2022,DSM,IA,ACE,CE,Combined TRACON& Tower with Radar,84,19,46,4,153,1,0,29,0,30,85,19,75,4,183,38,0,38,221
02/15/2022,DSM,IA,ACE,CE,Combined TRACON& Tower with Radar,69,18,42,6,135,0,0,27,2,29,69,18,69,8,164,56,0,56,220
02/16/2022,DSM,IA,ACE,CE,Combined TRACON& Tower with Radar,65,12,44,5,126,0,0,8,5,13,65,12,52,10,139,0,0,0,139
02/17/2022,DSM,IA,ACE,CE,Combined TRACON& Tower with Radar,96,23,35,8,162,0,0,5,7,12,96,23,40,15,174,14,10,24,198
02/18/2022,DSM,IA,ACE,CE,Combined TRACON& Tower with Radar,89,13,32,6,140,0,0,19,0,19,89,13,51,6,159,0,6,6,165
02/19/2022,DSM,IA,ACE,CE,Combined TRACON& Tower with Radar,60,23,33,0,116,3,0,33,0,36,63,23,66,0,152,36,0,36,188
02/20/2022,DSM,IA,ACE,CE,Combined TRACON& Tower with Radar,78,21,26,0,125,0,0,30,0,30,78,21,56,0,155,52,0,52,207
02/21/2022,DSM,IA,ACE,CE,Combined TRACON& Tower with Radar,82,20,51,4,157,0,2,26,0,28,82,22,77,4,185,36,0,36,221
02/22/2022,DSM,IA,ACE,CE,Combined TRACON& Tower with Radar,78,8,29,1,116,0,0,1,0,1,78,8,30,1,117,0,0,0,117
02/23/2022,DSM,IA,ACE,CE,Combined TRACON& Tower with Radar,66,23,48,0,137,0,0,17,2,19,66,23,65,2,156,18,0,18,174
02/24/2022,DSM,IA,ACE,CE,Combined TRACON& Tower with Radar,91,16,32,0,139,0,0,0,0,0,91,16,32,0,139,0,0,0,139
02/25/2022,DSM,IA,ACE,CE,Combined TRACON& Tower with Radar,84,31,37,9,161,0,2,23,0,25,84,33,60,9,186,40,4,44,230
02/26/2022,DSM,IA,ACE,CE,Combined TRACON& Tower with Radar,65,22,20,12,119,0,0,48,0,48,65,22,68,12,167,78,0,78,245
02/27/2022,DSM,IA,ACE,CE,Combined TRACON& Tower with Radar,91,21,30,1,143,0,4,53,0,57,91,25,83,1,200,86,0,86,286
02/28/2022,DSM,IA,ACE,CE,Combined TRACON& Tower with Radar,89,21,38,1,149,0,6,30,1,37,89,27,68,2,186,38,0,38,224
03/01/2022,DSM,IA,ACE,CE,Combined TRACON& Tower with Radar,73,16,58,4,151,0,4,30,3,37,73,20,88,7,188,40,0,40,228
03/02/2022,DSM,IA,ACE,CE,Combined TRACON& Tower with Radar,75,20,37,1,133,0,0,29,2,31,75,20,66,3,164,27,2,29,193
03/03/2022,DSM,IA,ACE,CE,Combined TRACON& Tower with Radar,89,15,39,9,152,0,0,29,7,36,89,15,68,16,188,76,4,80,268
03/04/2022,DSM,IA,ACE,CE,Combined TRACON& Tower with Radar,90,21,45,3,159,0,3,16,1,20,90,24,61,4,179,28,0,28,207
03/05/2022,DSM,IA,ACE,CE,Combined TRACON& Tower with Radar,74,17,15,0,106,0,0,1,0,1,74,17,16,0,107,0,0,0,107
03/06/2022,DSM,IA,ACE,CE,Combined TRACON& Tower with Radar,93,16,30,0,139,0,0,6,0,6,93,16,36,0,145,60,0,60,205
03/07/2022,DSM,IA,ACE,CE,Combined TRACON& Tower with Radar,80,13,31,0,124,0,3,16,1,20,80,16,47,1,144,8,0,8,152
03/08/2022,DSM,IA,ACE,CE,Combined TRACON& Tower with Radar,80,18,51,4,153,0,2,49,0,51,80,20,100,4,204,90,0,90,294
03/09/2022,DSM,IA,ACE,CE,Combined TRACON& Tower with Radar,82,19,45,2,148,0,0,24,0,24,82,19,69,2,172,23,0,23,195
03/10/2022,DSM,IA,ACE,CE,Combined TRACON& Tower with Radar,97,13,39,8,157,0,1,3,1,5,97,14,42,9,162,2,2,4,166
03/11/2022,DSM,IA,ACE,CE,Combined TRACON& Tower with Radar,92,15,37,17,161,0,0,18,5,23,92,15,55,22,184,1,24,25,209
03/12/2022,DSM,IA,ACE,CE,Combined TRACON& Tower with Radar,74,22,20,2,118,0,3,25,2,30,74,25,45,4,148,30,0,30,178
03/13/2022,DSM,IA,ACE,CE,Combined TRACON& Tower with Radar,96,18,21,2,137,3,3,22,5,33,99,21,43,7,170,34,0,34,204
03/14/2022,DSM,IA,ACE,CE,Combined TRACON& Tower with Radar,89,13,30,1,133,0,0,26,0,26,89,13,56,1,159,38,0,38,197
03/15/2022,DSM,IA,ACE,CE,Combined TRACON& Tower with Radar,83,14,51,4,152,0,2,36,0,38,83,16,87,4,190,28,0,28,218
03/16/2022,DSM,IA,ACE,CE,Combined TRACON& Tower with Radar,90,12,35,1,138,0,2,24,2,28,90,14,59,3,166,10,0,10,176
03/17/2022,DSM,IA,ACE,CE,Combined TRACON& Tower with Radar,98,13,37,10,158,0,3,16,0,19,98,16,53,10,177,4,6,10,187
03/18/2022,DSM,IA,ACE,CE,Combined TRACON& Tower with Radar,91,13,15,0,119,0,0,0,0,0,91,13,15,0,119,0,0,0,119
03/19/2022,DSM,IA,ACE,CE,Combined TRACON& Tower with Radar,84,33,27,4,148,0,4,36,0,40,84,37,63,4,188,20,0,20,208
03/20/2022,DSM,IA,ACE,CE,Combined TRACON& Tower with Radar,98,16,27,1,142,0,2,54,3,59,98,18,81,4,201,85,0,85,286
03/21/2022,DSM,IA,ACE,CE,Combined TRACON& Tower with Radar,89,12,37,4,142,0,0,18,4,22,89,12,55,8,164,6,6,12,176
03/22/2022,DSM,IA,ACE,CE,Combined TRACON& Tower with Radar,72,15,29,8,124,0,0,0,0,0,72,15,29,8,124,2,0,2,126
03/23/2022,DSM,IA,ACE,CE,Combined TRACON& Tower with Radar,83,19,23,0,125,0,1,1,0,2,83,20,24,0,127,0,0,0,127
03/24/2022,DSM,IA,ACE,CE,Combined TRACON& Tower with Radar,97,13,41,4,155,0,2,5,0,7,97,15,46,4,162,59,0,59,221
03/25/2022,DSM,IA,ACE,CE,Combined TRACON& Tower with Radar,89,21,51,3,164,0,0,23,0,23,89,21,74,3,187,2,0,2,189
03/26/2022,DSM,IA,ACE,CE,Combined TRACON& Tower with Radar,73,24,21,2,120,0,2,20,0,22,73,26,41,2,142,46,0,46,188
03/27/2022,DSM,IA,ACE,CE,Combined TRACON& Tower with Radar,91,18,51,1,161,0,0,43,0,43,91,18,94,1,204,48,0,48,252
03/28/2022,DSM,IA,ACE,CE,Combined TRACON& Tower with Radar,86,23,45,2,156,0,1,26,0,27,86,24,71,2,183,38,0,38,221
03/29/2022,DSM,IA,ACE,CE,Combined TRACON& Tower with Radar,74,18,32,6,130,0,1,26,0,27,74,19,58,6,157,24,6,30,187
03/30/2022,DSM,IA,ACE,CE,Combined TRACON& Tower with Radar,80,15,36,2,133,0,0,2,0,2,80,15,38,2,135,10,0,10,145
03/31/2022,DSM,IA,ACE,CE,Combined TRACON& Tower with Radar,89,29,38,14,170,0,0,9,0,9,89,29,47,14,179,46,16,62,241
04/01/2022,DSM,IA,ACE,CE,Combined TRACON& Tower with Radar,91,16,44,4,155,0,2,40,0,42,91,18,84,4,197,15,2,17,214
04/02/2022,DSM,IA,ACE,CE,Combined TRACON& Tower with Radar,68,14,10,4,96,0,2,18,0,20,68,16,28,4,116,10,0,10,126
04/03/2022,DSM,IA,ACE,CE,Combined TRACON& Tower with Radar,91,23,26,2,142,0,2,7,0,9,91,25,33,2,151,8,0,8,159
04/04/2022,DSM,IA,ACE,CE,Combined TRACON& Tower with Radar,82,21,32,2,137,0,2,20,0,22,82,23,52,2,159,58,0,58,217
04/05/2022,DSM,IA,ACE,CE,Combined TRACON& Tower with Radar,75,23,44,0,142,0,1,8,0,9,75,24,52,0,151,24,0,24,175
04/06/2022,DSM,IA,ACE,CE,Combined TRACON& Tower with Radar,78,22,46,0,146,0,1,16,5,22,78,23,62,5,168,10,0,10,178
04/07/2022,DSM,IA,ACE,CE,Combined TRACON& Tower with Radar,89,27,48,0,164,0,0,2,0,2,89,27,50,0,166,0,0,0,166
04/08/2022,DSM,IA,ACE,CE,Combined TRACON& Tower with Radar,83,27,40,3,153,0,0,14,2,16,83,27,54,5,169,28,0,28,197
04/09/2022,DSM,IA,ACE,CE,Combined TRACON& Tower with Radar,62,21,28,3,114,0,2,86,3,91,62,23,114,6,205,83,0,83,288
04/10/2022,DSM,IA,ACE,CE,Combined TRACON& Tower with Radar,85,25,18,1,129,0,0,21,0,21,85,25,39,1,150,47,0,47,197
04/11/2022,DSM,IA,ACE,CE,Combined TRACON& Tower with Radar,77,19,44,14,154,0,2,48,2,52,77,21,92,16,206,136,0,136,342
04/12/2022,DSM,IA,ACE,CE,Combined TRACON& Tower with Radar,73,15,28,5,121,0,0,1,6,7,73,15,29,11,128,0,6,6,134
04/13/2022,DSM,IA,ACE,CE,Combined TRACON& Tower with Radar,85,21,41,11,158,0,4,13,0,17,85,25,54,11,175,14,0,14,189
04/14/2022,DSM,IA,ACE,CE,Combined TRACON& Tower with Radar,95,26,42,6,169,0,0,11,4,15,95,26,53,10,184,16,0,16,200
04/15/2022,DSM,IA,ACE,CE,Combined TRACON& Tower with Radar,85,17,36,2,140,0,0,52,3,55,85,17,88,5,195,94,0,94,289
04/16/2022,DSM,IA,ACE,CE,Combined TRACON& Tower with Radar,66,19,19,1,105,0,2,34,0,36,66,21,53,1,141,28,0,28,169
04/17/2022,DSM,IA,ACE,CE,Combined TRACON& Tower with Radar,85,21,3,0,109,0,0,1,0,1,85,21,4,0,110,14,0,14,124
04/18/2022,DSM,IA,ACE,CE,Combined TRACON& Tower with Radar,79,24,49,3,155,0,2,17,0,19,79,26,66,3,174,24,0,24,198
04/19/2022,DSM,IA,ACE,CE,Combined TRACON& Tower with Radar,71,19,71,14,175,0,0,62,1,63,71,19,133,15,238,106,34,140,378
04/20/2022,DSM,IA,ACE,CE,Combined TRACON& Tower with Radar,76,23,58,2,159,0,0,2,0,2,76,23,60,2,161,0,0,0,161
04/21/2022,DSM,IA,ACE,CE,Combined TRACON& Tower with Radar,92,31,65,0,188,0,2,34,2,38,92,33,99,2,226,30,0,30,256
04/22/2022,DSM,IA,ACE,CE,Combined TRACON& Tower with Radar,84,21,29,2,136,0,1,3,0,4,84,22,32,2,140,0,0,0,140
04/23/2022,DSM,IA,ACE,CE,Combined TRACON& Tower with Radar,66,16,17,0,99,0,0,2,0,2,66,16,19,0,101,0,0,0,101
04/24/2022,DSM,IA,ACE,CE,Combined TRACON& Tower with Radar,89,21,21,0,131,2,0,8,0,10,91,21,29,0,141,4,0,4,145
04/25/2022,DSM,IA,ACE,CE,Combined TRACON& Tower with Radar,77,22,49,0,148,0,1,21,0,22,77,23,70,0,170,52,0,52,222
04/26/2022,DSM,IA,ACE,CE,Combined TRACON& Tower with Radar,71,23,41,3,138,0,3,50,5,58,71,26,91,8,196,108,0,108,304
04/27/2022,DSM,IA,ACE,CE,Combined TRACON& Tower with Radar,74,26,56,12,168,0,1,44,0,45,74,27,100,12,213,34,18,52,265
04/28/2022,DSM,IA,ACE,CE,Combined TRACON& Tower with Radar,89,24,41,6,160,0,4,24,0,28,89,28,65,6,188,58,6,64,252
04/29/2022,DSM,IA,ACE,CE,Combined TRACON& Tower with Radar,82,18,37,0,137,0,0,3,0,3,82,18,40,0,140,0,0,0,140
04/30/2022,DSM,IA,ACE,CE,Combined TRACON& Tower with Radar,67,17,30,0,114,0,1,1,0,2,67,18,31,0,116,0,0,0,116
05/01/2022,DSM,IA,ACE,CE,Combined TRACON& Tower with Radar,84,23,29,0,136,0,0,10,0,10,84,23,39,0,146,0,0,0,146
05/02/2022,DSM,IA,ACE,CE,Combined TRACON& Tower with Radar,76,22,43,8,149,0,0,9,0,9,76,22,52,8,158,0,0,0,158
05/03/2022,DSM,IA,ACE,CE,Combined TRACON& Tower with Radar,76,12,35,0,123,0,0,1,0,1,76,12,36,0,124,0,0,0,124
05/04/2022,DSM,IA,ACE,CE,Combined TRACON& Tower with Radar,71,23,67,10,171,0,0,25,0,25,71,23,92,10,196,81,2,83,279
05/05/2022,DSM,IA,ACE,CE,Combined TRACON& Tower with Radar,88,26,48,2,164,0,1,2,0,3,88,27,50,2,167,4,0,4,171
05/06/2022,DSM,IA,ACE,CE,Combined TRACON& Tower with Radar,89,19,56,5,169,0,0,25,0,25,89,19,81,5,194,86,14,100,294
05/07/2022,DSM,IA,ACE,CE,Combined TRACON& Tower with Radar,62,23,24,0,109,0,0,48,0,48,62,23,72,0,157,96,0,96,253
05/08/2022,DSM,IA,ACE,CE,Combined TRACON& Tower with Radar,85,21,14,1,121,0,0,4,0,4,85,21,18,1,125,0,0,0,125
05/09/2022,DSM,IA,ACE,CE,Combined TRACON& Tower with Radar,76,8,38,0,122,0,4,5,0,9,76,12,43,0,131,3,0,3,134
05/10/2022,DSM,IA,ACE,CE,Combined TRACON& Tower with Radar,74,17,43,10,144,2,0,22,0,24,76,17,65,10,168,58,6,64,232
05/11/2022,DSM,IA,ACE,CE,Combined TRACON& Tower with Radar,81,20,45,1,147,0,0,6,3,9,81,20,51,4,156,28,0,28,184
05/12/2022,DSM,IA,ACE,CE,Combined TRACON& Tower with Radar,97,16,60,1,174,0,2,33,3,38,97,18,93,4,212,28,0,28,240
05/13/2022,DSM,IA,ACE,CE,Combined TRACON& Tower with Radar,88,10,50,5,153,0,1,30,0,31,88,11,80,5,184,60,6,66,250
05/14/2022,DSM,IA,ACE,CE,Combined TRACON& Tower with Radar,57,18,23,1,99,0,0,31,2,33,57,18,54,3,132,62,0,62,194
05/15/2022,DSM,IA,ACE,CE,Combined TRACON& Tower with Radar,83,16,20,4,123,0,0,22,7,29,83,16,42,11,152,110,0,110,262
05/16/2022,DSM,IA,ACE,CE,Combined TRACON& Tower with Radar,77,16,49,4,146,0,2,43,0,45,77,18,92,4,191,56,0,56,247
05/17/2022,DSM,IA,ACE,CE,Combined TRACON& Tower with Radar,76,25,48,6,155,0,0,26,2,28,76,25,74,8,183,30,0,30,213
05/18/2022,DSM,IA,ACE,CE,Combined TRACON& Tower with Radar,76,16,55,3,150,0,2,29,0,31,76,18,84,3,181,20,0,20,201
05/19/2022,DSM,IA,ACE,CE,Combined TRACON& Tower with Radar,97,14,37,6,154,0,3,15,1,19,97,17,52,7,173,26,0,26,199
05/20/2022,DSM,IA,ACE,CE,Combined TRACON& Tower with Radar,89,29,39,19,176,2,0,27,0,29,91,29,66,19,205,102,2,104,309
05/21/2022,DSM,IA,ACE,CE,Combined TRACON& Tower with Radar,63,17,20,0,100,0,2,22,0,24,63,19,42,0,124,60,0,60,184
05/22/2022,DSM,IA,ACE,CE,Combined TRACON& Tower with Radar,83,17,10,5,115,1,2,23,0,26,84,19,33,5,141,48,0,48,189
05/23/2022,DSM,IA,ACE,CE,Combined TRACON& Tower with Radar,80,10,51,4,145,0,0,26,0,26,80,10,77,4,171,56,0,56,227
05/24/2022,DSM,IA,ACE,CE,Combined TRACON& Tower with Radar,70,18,44,6,138,0,0,20,0,20,70,18,64,6,158,62,6,68,226
05/25/2022,DSM,IA,ACE,CE,Combined TRACON& Tower with Radar,77,10,49,3,139,0,0,0,0,0,77,10,49,3,139,0,0,0,139
05/26/2022,DSM,IA,ACE,CE,Combined TRACON& Tower with Radar,88,22,45,11,166,2,0,2,0,4,90,22,47,11,170,16,0,16,186
05/27/2022,DSM,IA,ACE,CE,Combined TRACON& Tower with Radar,87,18,49,0,154,0,4,43,4,51,87,22,92,4,205,6,0,6,211
05/28/2022,DSM,IA,ACE,CE,Combined TRACON& Tower with Radar,69,16,8,0,93,0,4,7,0,11,69,20,15,0,104,4,0,4,108
05/29/2022,DSM,IA,ACE,CE,Combined TRACON& Tower with Radar,78,15,13,0,106,0,0,1,0,1,78,15,14,0,107,0,0,0,107
05/30/2022,DSM,IA,ACE,CE,Combined TRACON& Tower with Radar,82,14,23,2,121,0,0,4,0,4,82,14,27,2,125,0,0,0,125
05/31/2022,DSM,IA,ACE,CE,Combined TRACON& Tower with Radar,70,14,31,3,118,0,2,18,4,24,70,16,49,7,142,18,0,18,160
06/01/2022,DSM,IA,ACE,CE,Combined TRACON& Tower with Radar,80,19,37,28,164,0,2,27,6,35,80,21,64,34,199,66,2,68,267
06/02/2022,DSM,IA,ACE,CE,Combined TRACON& Tower with Radar,88,22,45,0,155,0,1,31,0,32,88,23,76,0,187,52,0,52,239
06/03/2022,DSM,IA,ACE,CE,Combined TRACON& Tower with Radar,82,18,62,4,166,0,1,53,2,56,82,19,115,6,222,16,0,16,238
06/04/2022,DSM,IA,ACE,CE,Combined TRACON& Tower with Radar,77,18,18,1,114,1,2,7,1,11,78,20,25,2,125,10,0,10,135
06/05/2022,DSM,IA,ACE,CE,Combined TRACON& Tower with Radar,92,13,28,1,134,0,0,11,1,12,92,13,39,2,146,0,0,0,146
06/06/2022,DSM,IA,ACE,CE,Combined TRACON& Tower with Radar,82,14,41,2,139,0,0,3,3,6,82,14,44,5,145,0,0,0,145
06/07/2022,DSM,IA,ACE,CE,Combined TRACON& Tower with Radar,77,24,53,9,163,0,3,38,2,43,77,27,91,11,206,10,16,26,232
06/08/2022,DSM,IA,ACE,CE,Combined TRACON& Tower with Radar,84,24,59,2,169,0,0,16,0,16,84,24,75,2,185,36,2,38,223
06/09/2022,DSM,IA,ACE,CE,Combined TRACON& Tower with Radar,90,23,50,3,166,0,0,23,3,26,90,23,73,6,192,70,0,70,262
06/10/2022,DSM,IA,ACE,CE,Combined TRACON& Tower with Radar,87,20,42,5,154,0,2,25,0,27,87,22,67,5,181,41,0,41,222
06/11/2022,DSM,IA,ACE,CE,Combined TRACON& Tower with Radar,73,19,28,1,121,0,0,10,4,14,73,19,38,5,135,0,0,0,135
06/12/2022,DSM,IA,ACE,CE,Combined TRACON& Tower with Radar,88,22,33,2,145,0,3,22,2,27,88,25,55,4,172,14,0,14,186
06/13/2022,DSM,IA,ACE,CE,Combined TRACON& Tower with Radar,87,27,61,3,178,0,1,12,4,17,87,28,73,7,195,22,10,32,227
06/14/2022,DSM,IA,ACE,CE,Combined TRACON& Tower with Radar,81,11,62,4,158,0,0,8,3,11,81,11,70,7,169,0,0,0,169
06/15/2022,DSM,IA,ACE,CE,Combined TRACON& Tower with Radar,80,21,69,0,170,0,0,9,2,11,80,21,78,2,181,0,0,0,181
06/16/2022,DSM,IA,ACE,CE,Combined TRACON& Tower with Radar,95,31,56,0,182,0,0,48,2,50,95,31,104,2,232,28,0,28,260
06/17/2022,DSM,IA,ACE,CE,Combined TRACON& Tower with Radar,86,31,67,3,187,1,2,39,0,42,87,33,106,3,229,34,0,34,263
06/18/2022,DSM,IA,ACE,CE,Combined TRACON& Tower with Radar,74,11,19,2,106,0,0,35,0,35,74,11,54,2,141,54,0,54,195
06/19/2022,DSM,IA,ACE,CE,Combined TRACON& Tower with Radar,92,21,28,4,145,0,0,19,4,23,92,21,47,8,168,32,8,40,208
06/20/2022,DSM,IA,ACE,CE,Combined TRACON& Tower with Radar,84,21,41,1,147,0,1,16,0,17,84,22,57,1,164,20,0,20,184
06/21/2022,DSM,IA,ACE,CE,Combined TRACON& Tower with Radar,81,13,37,5,136,0,0,22,2,24,81,13,59,7,160,20,2,22,182
06/22/2022,DSM,IA,ACE,CE,Combined TRACON& Tower with Radar,86,24,62,2,174,2,0,55,0,57,88,24,117,2,231,38,0,38,269
06/23/2022,DSM,IA,ACE,CE,Combined TRACON& Tower with Radar,95,20,58,5,178,0,0,52,3,55,95,20,110,8,233,36,0,36,269
06/24/2022,DSM,IA,ACE,CE,Combined TRACON& Tower with Radar,85,20,42,2,149,2,1,17,0,20,87,21,59,2,169,24,0,24,193
06/25/2022,DSM,IA,ACE,CE,Combined TRACON& Tower with Radar,77,19,16,2,114,0,1,11,0,12,77,20,27,2,126,60,0,60,186
06/26/2022,DSM,IA,ACE,CE,Combined TRACON& Tower with Radar,90,16,29,0,135,1,2,39,0,42,91,18,68,0,177,28,0,28,205
06/27/2022,DSM,IA,ACE,CE,Combined TRACON& Tower with Radar,78,21,47,1,147,0,3,63,0,66,78,24,110,1,213,60,0,60,273
06/28/2022,DSM,IA,ACE,CE,Combined TRACON& Tower with Radar,81,19,51,12,163,0,0,27,1,28,81,19,78,13,191,2,8,10,201
06/29/2022,DSM,IA,ACE,CE,Combined TRACON& Tower with Radar,76,18,53,8,155,0,1,39,6,46,76,19,92,14,201,56,2,58,259
06/30/2022,DSM,IA,ACE,CE,Combined TRACON& Tower with Radar,97,26,68,2,193,0,2,23,2,27,97,28,91,4,220,0,1,1,221
07/01/2022,DSM,IA,ACE,CE,Combined TRACON& Tower with Radar,89,19,42,0,150,1,0,41,0,42,90,19,83,0,192,58,0,58,250
07/02/2022,DSM,IA,ACE,CE,Combined TRACON& Tower with Radar,83,18,17,0,118,0,1,36,0,37,83,19,53,0,155,52,0,52,207
07/03/2022,DSM,IA,ACE,CE,Combined TRACON& Tower with Radar,81,9,17,0,107,0,1,16,0,17,81,10,33,0,124,94,0,94,218
07/04/2022,DSM,IA,ACE,CE,Combined TRACON& Tower with Radar,72,9,11,0,92,0,2,7,0,9,72,11,18,0,101,0,0,0,101
07/05/2022,DSM,IA,ACE,CE,Combined TRACON& Tower with Radar,84,13,46,4,147,0,1,32,0,33,84,14,78,4,180,48,0,48,228
07/06/2022,DSM,IA,ACE,CE,Combined TRACON& Tower with Radar,82,21,62,4,169,0,2,7,0,9,82,23,69,4,178,94,0,94,272
07/07/2022,DSM,IA,ACE,CE,Combined TRACON& Tower with Radar,89,30,42,0,161,1,0,9,0,10,90,30,51,0,171,46,0,46,217
07/08/2022,DSM,IA,ACE,CE,Combined TRACON& Tower with Radar,85,20,46,4,155,0,0,15,0,15,85,20,61,4,170,39,0,39,209
07/09/2022,DSM,IA,ACE,CE,Combined TRACON& Tower with Radar,83,21,29,0,133,0,1,57,0,58,83,22,86,0,191,80,0,80,271
07/10/2022,DSM,IA,ACE,CE,Combined TRACON& Tower with Radar,90,12,29,1,132,0,0,32,0,32,90,12,61,1,164,28,0,28,192
07/11/2022,DSM,IA,ACE,CE,Combined TRACON& Tower with Radar,80,18,43,2,143,0,0,32,2,34,80,18,75,4,177,82,0,82,259
07/12/2022,DSM,IA,ACE,CE,Combined TRACON& Tower with Radar,78,21,58,1,158,0,2,37,0,39,78,23,95,1,197,148,4,152,349
07/13/2022,DSM,IA,ACE,CE,Combined TRACON& Tower with Radar,78,25,61,5,169,1,0,38,4,43,79,25,99,9,212,159,2,161,373
07/14/2022,DSM,IA,ACE,CE,Combined TRACON& Tower with Radar,83,28,57,13,181,2,1,40,1,44,85,29,97,14,225,54,0,54,279
07/15/2022,DSM,IA,ACE,CE,Combined TRACON& Tower with Radar,90,18,58,8,174,0,4,15,5,24,90,22,73,13,198,44,8,52,250
07/16/2022,DSM,IA,ACE,CE,Combined TRACON& Tower with Radar,79,22,25,0,126,0,0,8,0,8,79,22,33,0,134,38,0,38,172
07/17/2022,DSM,IA,ACE,CE,Combined TRACON& Tower with Radar,89,17,23,3,132,0,3,24,0,27,89,20,47,3,159,142,0,142,301
07/18/2022,DSM,IA,ACE,CE,Combined TRACON& Tower with Radar,78,28,44,14,164,0,0,46,0,46,78,28,90,14,210,84,16,100,310
07/19/2022,DSM,IA,ACE,CE,Combined TRACON& Tower with Radar,77,25,42,1,145,0,2,14,1,17,77,27,56,2,162,20,2,22,184
07/20/2022,DSM,IA,ACE,CE,Combined TRACON& Tower with Radar,82,26,58,0,166,0,2,33,0,35,82,28,91,0,201,0,0,0,201
07/21/2022,DSM,IA,ACE,CE,Combined TRACON& Tower with Radar,93,25,57,0,175,0,3,34,0,37,93,28,91,0,212,64,0,64,276
07/22/2022,DSM,IA,ACE,CE,Combined TRACON& Tower with Radar,88,28,48,0,164,0,2,21,0,23,88,30,69,0,187,26,0,26,213
07/23/2022,DSM,IA,ACE,CE,Combined TRACON& Tower with Radar,75,16,16,0,107,0,0,25,0,25,75,16,41,0,132,0,0,0,132
07/24/2022,DSM,IA,ACE,CE,Combined TRACON& Tower with Radar,88,16,39,0,143,1,4,36,0,41,89,20,75,0,184,30,0,30,214
07/25/2022,DSM,IA,ACE,CE,Combined TRACON& Tower with Radar,82,20,40,7,149,0,0,29,2,31,82,20,69,9,180,36,0,36,216
07/26/2022,DSM,IA,ACE,CE,Combined TRACON& Tower with Radar,72,23,54,2,151,0,3,17,0,20,72,26,71,2,171,72,0,72,243
07/27/2022,DSM,IA,ACE,CE,Combined TRACON& Tower with Radar,84,19,44,5,152,0,0,30,1,31,84,19,74,6,183,40,0,40,223
07/28/2022,DSM,IA,ACE,CE,Combined TRACON& Tower with Radar,93,32,51,9,185,0,0,39,1,40,93,32,90,10,225,90,0,90,315
07/29/2022,DSM,IA,ACE,CE,Combined TRACON& Tower with Radar,86,17,46,2,151,0,0,51,0,51,86,17,97,2,202,8,0,8,210
07/30/2022,DSM,IA,ACE,CE,Combined TRACON& Tower with Radar,77,19,22,0,118,0,0,55,0,55,77,19,77,0,173,70,0,70,243
07/31/2022,DSM,IA,ACE,CE,Combined TRACON& Tower with Radar,92,27,43,1,163,0,3,37,0,40,92,30,80,1,203,54,0,54,257
08/01/2022,DSM,IA,ACE,CE,Combined TRACON& Tower with Radar,77,15,46,2,140,0,2,40,1,43,77,17,86,3,183,100,0,100,283
08/02/2022,DSM,IA,ACE,CE,Combined TRACON& Tower with Radar,73,19,30,1,123,0,4,28,4,36,73,23,58,5,159,42,0,42,201
08/03/2022,DSM,IA,ACE,CE,Combined TRACON& Tower with Radar,83,17,49,3,152,0,3,21,6,30,83,20,70,9,182,16,0,16,198
08/04/2022,DSM,IA,ACE,CE,Combined TRACON& Tower with Radar,97,16,38,5,156,0,0,45,7,52,97,16,83,12,208,166,17,183,391
08/05/2022,DSM,IA,ACE,CE,Combined TRACON& Tower with Radar,77,13,42,1,133,0,0,36,2,38,77,13,78,3,171,26,0,26,197
08/06/2022,DSM,IA,ACE,CE,Combined TRACON& Tower with Radar,85,12,29,4,130,0,2,18,1,21,85,14,47,5,151,44,0,44,195
08/07/2022,DSM,IA,ACE,CE,Combined TRACON& Tower with Radar,86,10,39,2,137,0,2,16,1,19,86,12,55,3,156,52,0,52,208
08/08/2022,DSM,IA,ACE,CE,Combined TRACON& Tower with Radar,82,12,58,9,161,0,0,9,1,10,82,12,67,10,171,4,0,4,175
08/09/2022,DSM,IA,ACE,CE,Combined TRACON& Tower with Radar,75,14,54,8,151,0,0,33,0,33,75,14,87,8,184,44,0,44,228
08/10/2022,DSM,IA,ACE,CE,Combined TRACON& Tower with Radar,75,25,43,9,152,0,4,43,2,49,75,29,86,11,201,98,0,98,299
08/11/2022,DSM,IA,ACE,CE,Combined TRACON& Tower with Radar,93,13,62,3,171,0,0,25,1,26,93,13,87,4,197,78,4,82,279
08/12/2022,DSM,IA,ACE,CE,Combined TRACON& Tower with Radar,83,28,55,2,168,0,3,26,0,29,83,31,81,2,197,26,0,26,223
08/13/2022,DSM,IA,ACE,CE,Combined TRACON& Tower with Radar,86,22,15,3,126,2,0,37,0,39,88,22,52,3,165,22,0,22,187
08/14/2022,DSM,IA,ACE,CE,Combined TRACON& Tower with Radar,91,18,38,2,149,0,0,21,0,21,91,18,59,2,170,52,0,52,222
08/15/2022,DSM,IA,ACE,CE,Combined TRACON& Tower with Radar,77,33,49,7,166,0,0,8,0,8,77,33,57,7,174,16,0,16,190
08/16/2022,DSM,IA,ACE,CE,Combined TRACON& Tower with Radar,75,22,54,13,164,0,2,31,1,34,75,24,85,14,198,45,12,57,255
08/17/2022,DSM,IA,ACE,CE,Combined TRACON& Tower with Radar,67,19,43,2,131,0,1,43,2,46,67,20,86,4,177,96,0,96,273
08/18/2022,DSM,IA,ACE,CE,Combined TRACON& Tower with Radar,89,29,59,7,184,3,0,56,4,63,92,29,115,11,247,66,9,75,322
08/19/2022,DSM,IA,ACE,CE,Combined TRACON& Tower with Radar,89,13,45,5,152,1,4,15,0,20,90,17,60,5,172,2,2,4,176
08/20/2022,DSM,IA,ACE,CE,Combined TRACON& Tower with Radar,65,11,26,3,105,2,0,9,0,11,67,11,35,3,116,52,0,52,168
08/21/2022,DSM,IA,ACE,CE,Combined TRACON& Tower with Radar,81,26,51,1,159,3,0,17,0,20,84,26,68,1,179,24,0,24,203
08/22/2022,DSM,IA,ACE,CE,Combined TRACON& Tower with Radar,72,23,55,4,154,0,2,41,0,43,72,25,96,4,197,59,0,59,256
08/23/2022,DSM,IA,ACE,CE,Combined TRACON& Tower with Radar,76,15,55,14,160,0,2,40,0,42,76,17,95,14,202,26,12,38,240
08/24/2022,DSM,IA,ACE,CE,Combined TRACON& Tower with Radar,70,20,50,2,142,0,1,25,1,27,70,21,75,3,169,6,0,6,175
08/25/2022,DSM,IA,ACE,CE,Combined TRACON& Tower with Radar,94,30,56,4,184,0,2,24,4,30,94,32,80,8,214,76,14,90,304
08/26/2022,DSM,IA,ACE,CE,Combined TRACON& Tower with Radar,87,27,58,3,175,0,0,48,1,49,87,27,106,4,224,55,10,65,289
08/27/2022,DSM,IA,ACE,CE,Combined TRACON& Tower with Radar,69,17,20,0,106,0,1,41,0,42,69,18,61,0,148,20,0,20,168
08/28/2022,DSM,IA,ACE,CE,Combined TRACON& Tower with Radar,93,19,31,0,143,0,0,10,0,10,93,19,41,0,153,0,0,0,153
08/29/2022,DSM,IA,ACE,CE,Combined TRACON& Tower with Radar,80,17,19,5,121,0,3,24,1,28,80,20,43,6,149,66,0,66,215
08/30/2022,DSM,IA,ACE,CE,Combined TRACON& Tower with Radar,71,20,59,23,173,0,0,46,1,47,71,20,105,24,220,80,20,100,320
08/31/2022,DSM,IA,ACE,CE,Combined TRACON& Tower with Radar,70,52,52,5,179,0,2,43,1,46,70,54,95,6,225,30,0,30,255
09/01/2022,DSM,IA,ACE,CE,Combined TRACON& Tower with Radar,89,13,48,2,152,1,1,35,2,39,90,14,83,4,191,26,0,26,217
09/02/2022,DSM,IA,ACE,CE,Combined TRACON& Tower with Radar,85,24,31,5,145,1,0,39,1,41,86,24,70,6,186,48,8,56,242
09/03/2022,DSM,IA,ACE,CE,Combined TRACON& Tower with Radar,60,10,17,0,87,0,3,22,0,25,60,13,39,0,112,46,0,46,158
09/04/2022,DSM,IA,ACE,CE,Combined TRACON& Tower with Radar,83,16,19,0,118,0,0,13,0,13,83,16,32,0,131,0,0,0,131
09/05/2022,DSM,IA,ACE,CE,Combined TRACON& Tower with Radar,78,26,35,0,139,4,1,14,0,19,82,27,49,0,158,84,0,84,242
09/06/2022,DSM,IA,ACE,CE,Combined TRACON& Tower with Radar,74,20,51,8,153,0,0,33,6,39,74,20,84,14,192,38,0,38,230
09/07/2022,DSM,IA,ACE,CE,Combined TRACON& Tower with Radar,71,12,36,4,123,0,4,42,2,48,71,16,78,6,171,74,0,74,245
09/08/2022,DSM,IA,ACE,CE,Combined TRACON& Tower with Radar,91,11,44,7,153,1,0,48,3,52,92,11,92,10,205,56,0,56,261
09/09/2022,DSM,IA,ACE,CE,Combined TRACON& Tower with Radar,84,19,66,6,175,0,2,33,0,35,84,21,99,6,210,20,4,24,234
09/10/2022,DSM,IA,ACE,CE,Combined TRACON& Tower with Radar,64,17,19,2,102,0,1,0,0,1,64,18,19,2,103,0,0,0,103
09/11/2022,DSM,IA,ACE,CE,Combined TRACON& Tower with Radar,91,15,36,0,142,0,6,23,5,34,91,21,59,5,176,84,6,90,266
09/12/2022,DSM,IA,ACE,CE,Combined TRACON& Tower with Radar,79,23,43,2,147,0,1,47,0,48,79,24,90,2,195,60,0,60,255
09/13/2022,DSM,IA,ACE,CE,Combined TRACON& Tower with Radar,77,19,41,5,142,0,0,45,7,52,77,19,86,12,194,104,14,118,312
09/14/2022,DSM,IA,ACE,CE,Combined TRACON& Tower with Radar,74,17,56,12,159,0,1,33,16,50,74,18,89,28,209,10,8,18,227
09/15/2022,DSM,IA,ACE,CE,Combined TRACON& Tower with Radar,94,23,64,2,183,2,2,32,12,48,96,25,96,14,231,84,0,84,315
09/16/2022,DSM,IA,ACE,CE,Combined TRACON& Tower with Radar,89,18,66,0,173,0,3,24,2,29,89,21,90,2,202,0,0,0,202
09/17/2022,DSM,IA,ACE,CE,Combined TRACON& Tower with Radar,61,11,15,0,87,0,0,0,0,0,61,11,15,0,87,0,0,0,87
09/18/2022,DSM,IA,ACE,CE,Combined TRACON& Tower with Radar,94,15,40,0,149,0,0,24,2,26,94,15,64,2,175,87,0,87,262
09/19/2022,DSM,IA,ACE,CE,Combined TRACON& Tower with Radar,80,18,49,7,154,0,1,37,3,41,80,19,86,10,195,82,2,84,279
09/20/2022,DSM,IA,ACE,CE,Combined TRACON& Tower with Radar,78,17,42,4,141,0,0,13,4,17,78,17,55,8,158,22,0,22,180
09/21/2022,DSM,IA,ACE,CE,Combined TRACON& Tower with Radar,77,15,57,7,156,0,0,14,2,16,77,15,71,9,172,46,0,46,218
09/22/2022,DSM,IA,ACE,CE,Combined TRACON& Tower with Radar,95,14,53,5,167,0,3,45,3,51,95,17,98,8,218,48,14,62,280
09/23/2022,DSM,IA,ACE,CE,Combined TRACON& Tower with Radar,90,16,45,2,153,0,0,7,0,7,90,16,52,2,160,4,0,4,164
09/24/2022,DSM,IA,ACE,CE,Combined TRACON& Tower with Radar,68,14,15,0,97,0,0,29,0,29,68,14,44,0,126,24,0,24,150
09/25/2022,DSM,IA,ACE,CE,Combined TRACON& Tower with Radar,92,19,23,0,134,2,0,24,0,26,94,19,47,0,160,20,0,20,180
09/26/2022,DSM,IA,ACE,CE,Combined TRACON& Tower with Radar,81,11,47,6,145,0,2,33,3,38,81,13,80,9,183,62,4,66,249
09/27/2022,DSM,IA,ACE,CE,Combined TRACON& Tower with Radar,74,18,65,0,157,0,0,55,2,57,74,18,120,2,214,64,0,64,278
09/28/2022,DSM,IA,ACE,CE,Combined TRACON& Tower with Radar,71,8,53,0,132,0,1,59,0,60,71,9,112,0,192,86,0,86,278
09/29/2022,DSM,IA,ACE,CE,Combined TRACON& Tower with Radar,91,15,46,2,154,2,0,57,2,61,93,15,103,4,215,100,0,100,315
09/30/2022,DSM,IA,ACE,CE,Combined TRACON& Tower with Radar,82,16,34,5,137,0,0,39,0,39,82,16,73,5,176,48,0,48,224
10/01/2022,DSM,IA,ACE,CE,Combined TRACON& Tower with Radar,65,17,21,3,106,0,0,35,0,35,65,17,56,3,141,90,0,90,231
10/02/2022,DSM,IA,ACE,CE,Combined TRACON& Tower with Radar,92,13,21,2,128,1,0,41,0,42,93,13,62,2,170,40,1,41,211
10/03/2022,DSM,IA,ACE,CE,Combined TRACON& Tower with Radar,81,11,42,3,137,0,6,44,0,50,81,17,86,3,187,58,0,58,245
10/04/2022,DSM,IA,ACE,CE,Combined TRACON& Tower with Radar,77,10,49,8,144,0,0,41,0,41,77,10,90,8,185,95,0,95,280
10/05/2022,DSM,IA,ACE,CE,Combined TRACON& Tower with Radar,70,17,64,3,154,0,2,31,2,35,70,19,95,5,189,120,0,120,309
10/06/2022,DSM,IA,ACE,CE,Combined TRACON& Tower with Radar,100,19,72,7,198,0,5,29,1,35,100,24,101,8,233,40,2,42,275
10/07/2022,DSM,IA,ACE,CE,Combined TRACON& Tower with Radar,91,10,49,0,150,0,1,37,1,39,91,11,86,1,189,64,0,64,253
10/08/2022,DSM,IA,ACE,CE,Combined TRACON& Tower with Radar,76,11,17,0,104,0,0,26,0,26,76,11,43,0,130,26,0,26,156
10/09/2022,DSM,IA,ACE,CE,Combined TRACON& Tower with Radar,100,23,18,4,145,0,3,48,0,51,100,26,66,4,196,56,0,56,252
10/10/2022,DSM,IA,ACE,CE,Combined TRACON& Tower with Radar,84,14,43,0,141,0,4,56,0,60,84,18,99,0,201,68,0,68,269
10/11/2022,DSM,IA,ACE,CE,Combined TRACON& Tower with Radar,82,12,49,4,147,0,0,15,0,15,82,12,64,4,162,2,0,2,164
10/12/2022,DSM,IA,ACE,CE,Combined TRACON& Tower with Radar,77,21,54,22,174,0,5,25,6,36,77,26,79,28,210,30,44,74,284
10/13/2022,DSM,IA,ACE,CE,Combined TRACON& Tower with Radar,102,22,50,2,176,0,0,10,2,12,102,22,60,4,188,0,0,0,188
10/14/2022,DSM,IA,ACE,CE,Combined TRACON& Tower with Radar,94,20,37,3,154,0,1,31,0,32,94,21,68,3,186,40,0,40,226
10/15/2022,DSM,IA,ACE,CE,Combined TRACON& Tower with Radar,67,17,29,0,113,0,2,31,0,33,67,19,60,0,146,30,0,30,176
10/16/2022,DSM,IA,ACE,CE,Combined TRACON& Tower with Radar,99,15,33,0,147,0,2,27,0,29,99,17,60,0,176,48,0,48,224
10/17/2022,DSM,IA,ACE,CE,Combined TRACON& Tower with Radar,84,18,48,4,154,0,0,32,0,32,84,18,80,4,186,28,0,28,214
10/18/2022,DSM,IA,ACE,CE,Combined TRACON& Tower with Radar,80,14,33,9,136,0,2,26,0,28,80,16,59,9,164,54,0,54,218
10/19/2022,DSM,IA,ACE,CE,Combined TRACON& Tower with Radar,78,18,45,2,143,0,4,46,2,52,78,22,91,4,195,54,0,54,249
10/20/2022,DSM,IA,ACE,CE,Combined TRACON& Tower with Radar,100,19,60,2,181,0,3,33,2,38,100,22,93,4,219,54,0,54,273
10/21/2022,DSM,IA,ACE,CE,Combined TRACON& Tower with Radar,91,14,51,1,157,0,2,67,1,70,91,16,118,2,227,36,0,36,263
10/22/2022,DSM,IA,ACE,CE,Combined TRACON& Tower with Radar,73,11,21,2,107,0,0,35,1,36,73,11,56,3,143,30,0,30,173
10/23/2022,DSM,IA,ACE,CE,Combined TRACON& Tower with Radar,96,17,27,3,143,0,0,14,0,14,96,17,41,3,157,0,0,0,157
10/24/2022,DSM,IA,ACE,CE,Combined TRACON& Tower with Radar,84,14,32,2,132,0,0,4,0,4,84,14,36,2,136,30,0,30,166
10/25/2022,DSM,IA,ACE,CE,Combined TRACON& Tower with Radar,79,15,58,12,164,0,0,31,0,31,79,15,89,12,195,56,0,56,251
10/26/2022,DSM,IA,ACE,CE,Combined TRACON& Tower with Radar,77,17,47,4,145,0,1,41,2,44,77,18,88,6,189,124,0,124,313
10/27/2022,DSM,IA,ACE,CE,Combined TRACON& Tower with Radar,100,27,48,12,187,0,0,41,0,41,100,27,89,12,228,40,10,50,278
10/28/2022,DSM,IA,ACE,CE,Combined TRACON& Tower with Radar,89,22,57,11,179,0,0,45,1,46,89,22,102,12,225,54,14,68,293
10/29/2022,DSM,IA,ACE,CE,Combined TRACON& Tower with Radar,67,13,22,0,102,1,1,41,1,44,68,14,63,1,146,46,0,46,192
10/30/2022,DSM,IA,ACE,CE,Combined TRACON& Tower with Radar,92,18,17,0,127,0,1,26,0,27,92,19,43,0,154,75,0,75,229
10/31/2022,DSM,IA,ACE,CE,Combined TRACON& Tower with Radar,73,7,39,1,120,0,2,41,0,43,73,9,80,1,163,154,2,156,319
11/01/2022,DSM,IA,ACE,CE,Combined TRACON& Tower with Radar,82,15,31,3,131,0,3,44,0,47,82,18,75,3,178,84,0,84,262
11/02/2022,DSM,IA,ACE,CE,Combined TRACON& Tower with Radar,77,13,54,2,146,0,3,26,4,33,77,16,80,6,179,75,4,79,258
11/03/2022,DSM,IA,ACE,CE,Combined TRACON& Tower with Radar,95,7,57,2,161,4,0,5,2,11,99,7,62,4,172,2,0,2,174
11/04/2022,DSM,IA,ACE,CE,Combined TRACON& Tower with Radar,87,6,39,0,132,0,0,2,0,2,87,6,41,0,134,0,0,0,134
11/05/2022,DSM,IA,ACE,CE,Combined TRACON& Tower with Radar,63,8,26,4,101,0,2,6,3,11,63,10,32,7,112,36,0,36,148
11/06/2022,DSM,IA,ACE,CE,Combined TRACON& Tower with Radar,92,15,39,0,146,0,4,38,0,42,92,19,77,0,188,62,0,62,250
11/07/2022,DSM,IA,ACE,CE,Combined TRACON& Tower with Radar,78,12,39,0,129,0,4,51,0,55,78,16,90,0,184,100,0,100,284
11/08/2022,DSM,IA,ACE,CE,Combined TRACON& Tower with Radar,75,13,45,3,136,0,0,23,1,24,75,13,68,4,160,38,0,38,198
11/09/2022,DSM,IA,ACE,CE,Combined TRACON& Tower with Radar,73,4,58,3,138,0,2,5,1,8,73,6,63,4,146,4,0,4,150
11/10/2022,DSM,IA,ACE,CE,Combined TRACON& Tower with Radar,97,28,54,0,179,0,0,8,0,8,97,28,62,0,187,14,0,14,201
11/11/2022,DSM,IA,ACE,CE,Combined TRACON& Tower with Radar,86,16,67,0,169,1,1,12,0,14,87,17,79,0,183,124,0,124,307
11/12/2022,DSM,IA,ACE,CE,Combined TRACON& Tower with Radar,62,14,15,0,91,0,0,31,0,31,62,14,46,0,122,50,0,50,172
11/13/2022,DSM,IA,ACE,CE,Combined TRACON& Tower with Radar,94,13,39,0,146,0,0,25,0,25,94,13,64,0,171,120,0,120,291
11/14/2022,DSM,IA,ACE,CE,Combined TRACON& Tower with Radar,84,9,61,6,160,0,1,42,0,43,84,10,103,6,203,130,2,132,335
11/15/2022,DSM,IA,ACE,CE,Combined TRACON& Tower with Radar,72,16,32,0,120,0,1,0,0,1,72,17,32,0,121,14,0,14,135
11/16/2022,DSM,IA,ACE,CE,Combined TRACON& Tower with Radar,76,23,55,0,154,0,1,0,0,1,76,24,55,0,155,32,2,34,189
11/17/2022,DSM,IA,ACE,CE,Combined TRACON& Tower with Radar,95,21,63,3,182,0,1,23,3,27,95,22,86,6,209,26,0,26,235
11/18/2022,DSM,IA,ACE,CE,Combined TRACON& Tower with Radar,96,14,42,20,172,0,0,39,0,39,96,14,81,20,211,36,14,50,261
11/19/2022,DSM,IA,ACE,CE,Combined TRACON& Tower with Radar,63,17,16,0,96,0,0,43,0,43,63,17,59,0,139,44,0,44,183
11/20/2022,DSM,IA,ACE,CE,Combined TRACON& Tower with Radar,100,16,33,2,151,0,2,24,0,26,100,18,57,2,177,20,0,20,197
11/21/2022,DSM,IA,ACE,CE,Combined TRACON& Tower with Radar,78,11,41,2,132,0,2,58,0,60,78,13,99,2,192,72,0,72,264
11/22/2022,DSM,IA,ACE,CE,Combined TRACON& Tower with Radar,94,6,53,8,161,0,2,70,4,76,94,8,123,12,237,152,9,161,398
11/23/2022,DSM,IA,ACE,CE,Combined TRACON& Tower with Radar,86,12,36,0,134,0,2,59,0,61,86,14,95,0,195,128,0,128,323
11/24/2022,DSM,IA,ACE,CE,Combined TRACON& Tower with Radar,46,5,5,0,56,0,2,10,0,12,46,7,15,0,68,36,0,36,104
11/25/2022,DSM,IA,ACE,CE,Combined TRACON& Tower with Radar,79,4,22,0,105,0,3,47,0,50,79,7,69,0,155,44,0,44,199
11/26/2022,DSM,IA,ACE,CE,Combined TRACON& Tower with Radar,86,16,24,0,126,0,1,29,0,30,86,17,53,0,156,62,0,62,218
11/27/2022,DSM,IA,ACE,CE,Combined TRACON& Tower with Radar,94,11,40,0,145,0,4,28,0,32,94,15,68,0,177,36,0,36,213
11/28/2022,DSM,IA,ACE,CE,Combined TRACON& Tower with Radar,87,18,33,2,140,0,5,48,1,54,87,23,81,3,194,154,1,155,349
11/29/2022,DSM,IA,ACE,CE,Combined TRACON& Tower with Radar,81,15,41,0,137,0,0,5,0,5,81,15,46,0,142,16,0,16,158
11/30/2022,DSM,IA,ACE,CE,Combined TRACON& Tower with Radar,84,25,50,16,175,0,2,33,8,43,84,27,83,24,218,11,18,29,247
12/01/2022,DSM,IA,ACE,CE,Combined TRACON& Tower with Radar,100,12,57,2,171,0,1,39,7,47,100,13,96,9,218,77,2,79,297
12/02/2022,DSM,IA,ACE,CE,Combined TRACON& Tower with Radar,91,9,46,8,154,0,0,17,0,17,91,9,63,8,171,126,4,130,301
12/03/2022,DSM,IA,ACE,CE,Combined TRACON& Tower with Radar,72,6,31,11,120,0,3,47,1,51,72,9,78,12,171,46,6,52,223
12/04/2022,DSM,IA,ACE,CE,Combined TRACON& Tower with Radar,99,10,35,0,144,0,0,55,0,55,99,10,90,0,199,106,0,106,305
12/05/2022,DSM,IA,ACE,CE,Combined TRACON& Tower with Radar,84,11,46,6,147,0,1,39,2,42,84,12,85,8,189,142,8,150,339
12/06/2022,DSM,IA,ACE,CE,Combined TRACON& Tower with Radar,81,19,51,10,161,0,1,43,0,44,81,20,94,10,205,128,12,140,345
12/07/2022,DSM,IA,ACE,CE,Combined TRACON& Tower with Radar,85,25,45,12,167,0,2,56,0,58,85,27,101,12,225,107,0,107,332
12/08/2022,DSM,IA,ACE,CE,Combined TRACON& Tower with Radar,104,15,45,0,164,0,0,0,0,0,104,15,45,0,164,0,0,0,164
12/09/2022,DSM,IA,ACE,CE,Combined TRACON& Tower with Radar,87,4,32,3,126,0,0,1,0,1,87,4,33,3,127,2,0,2,129
12/10/2022,DSM,IA,ACE,CE,Combined TRACON& Tower with Radar,70,10,12,0,92,0,0,0,0,0,70,10,12,0,92,0,0,0,92
12/11/2022,DSM,IA,ACE,CE,Combined TRACON& Tower with Radar,96,7,33,0,136,0,0,0,0,0,96,7,33,0,136,0,0,0,136
12/12/2022,DSM,IA,ACE,CE,Combined TRACON& Tower with Radar,83,11,48,0,142,0,0,0,0,0,83,11,48,0,142,0,0,0,142
12/13/2022,DSM,IA,ACE,CE,Combined TRACON& Tower with Radar,80,5,34,0,119,0,0,0,0,0,80,5,34,0,119,0,0,0,119
12/14/2022,DSM,IA,ACE,CE,Combined TRACON& Tower with Radar,82,10,46,2,140,0,3,62,2,67,82,13,108,4,207,114,0,114,321
12/15/2022,DSM,IA,ACE,CE,Combined TRACON& Tower with Radar,88,26,37,0,151,0,1,1,0,2,88,27,38,0,153,0,0,0,153
12/16/2022,DSM,IA,ACE,CE,Combined TRACON& Tower with Radar,91,16,38,0,145,0,0,0,0,0,91,16,38,0,145,0,0,0,145
12/17/2022,DSM,IA,ACE,CE,Combined TRACON& Tower with Radar,73,14,16,0,103,0,0,18,0,18,73,14,34,0,121,50,0,50,171
12/18/2022,DSM,IA,ACE,CE,Combined TRACON& Tower with Radar,87,9,19,0,115,2,2,44,2,50,89,11,63,2,165,116,0,116,281
12/19/2022,DSM,IA,ACE,CE,Combined TRACON& Tower with Radar,82,15,22,0,119,2,0,20,2,24,84,15,42,2,143,124,0,124,267
12/20/2022,DSM,IA,ACE,CE,Combined TRACON& Tower with Radar,87,24,53,2,166,1,3,44,0,48,88,27,97,2,214,88,14,102,316
12/21/2022,DSM,IA,ACE,CE,Combined TRACON& Tower with Radar,81,20,29,0,130,0,0,0,0,0,81,20,29,0,130,0,0,0,130
12/22/2022,DSM,IA,ACE,CE,Combined TRACON& Tower with Radar,69,7,12,0,88,0,0,0,0,0,69,7,12,0,88,0,0,0,88
12/23/2022,DSM,IA,ACE,CE,Combined TRACON& Tower with Radar,47,7,18,0,72,0,0,0,0,0,47,7,18,0,72,0,0,0,72
12/24/2022,DSM,IA,ACE,CE,Combined TRACON& Tower with Radar,53,15,9,0,77,0,0,7,0,7,53,15,16,0,84,2,0,2,86
12/25/2022,DSM,IA,ACE,CE,Combined TRACON& Tower with Radar,54,9,3,0,66,0,2,4,0,6,54,11,7,0,72,32,0,32,104
12/26/2022,DSM,IA,ACE,CE,Combined TRACON& Tower with Radar,73,11,31,0,115,0,0,15,0,15,73,11,46,0,130,24,0,24,154
12/27/2022,DSM,IA,ACE,CE,Combined TRACON& Tower with Radar,83,20,36,3,142,0,1,39,3,43,83,21,75,6,185,34,2,36,221
12/28/2022,DSM,IA,ACE,CE,Combined TRACON& Tower with Radar,80,13,30,0,123,0,1,38,2,41,80,14,68,2,164,23,0,23,187
12/29/2022,DSM,IA,ACE,CE,Combined TRACON& Tower with Radar,90,16,15,3,124,1,4,50,0,55,91,20,65,3,179,126,0,126,305
12/30/2022,DSM,IA,ACE,CE,Combined TRACON& Tower with Radar,82,19,15,1,117,0,0,41,0,41,82,19,56,1,158,256,0,256,414
12/31/2022,DSM,IA,ACE,CE,Combined TRACON& Tower with Radar,71,12,11,1,95,0,0,24,0,24,71,12,35,1,119,102,0,102,221
01/01/2023,DSM,IA,ACE,CE,Combined TRACON& Tower with Radar,66,13,13,0,92,0,0,21,0,21,66,13,34,0,113,90,0,90,203
01/02/2023,DSM,IA,ACE,CE,Combined TRACON& Tower with Radar,80,12,17,0,109,0,0,13,0,13,80,12,30,0,122,52,0,52,174
01/03/2023,DSM,IA,ACE,CE,Combined TRACON& Tower with Radar,105,12,19,0,136,0,0,4,0,4,105,12,23,0,140,0,0,0,140
01/04/2023,DSM,IA,ACE,CE,Combined TRACON& Tower with Radar,78,9,18,0,105,0,2,1,0,3,78,11,19,0,108,18,0,18,126
01/05/2023,DSM,IA,ACE,CE,Combined TRACON& Tower with Radar,88,15,25,7,135,0,1,2,1,4,88,16,27,8,139,78,18,96,235
01/06/2023,DSM,IA,ACE,CE,Combined TRACON& Tower with Radar,81,17,47,3,148,0,1,56,2,59,81,18,103,5,207,182,8,190,397
01/07/2023,DSM,IA,ACE,CE,Combined TRACON& Tower with Radar,63,10,32,0,105,0,1,49,0,50,63,11,81,0,155,174,0,174,329
01/08/2023,DSM,IA,ACE,CE,Combined TRACON& Tower with Radar,86,12,16,1,115,0,2,19,0,21,86,14,35,1,136,82,0,82,218
01/09/2023,DSM,IA,ACE,CE,Combined TRACON& Tower with Radar,81,8,36,1,126,0,1,37,0,38,81,9,73,1,164,106,0,106,270
01/10/2023,DSM,IA,ACE,CE,Combined TRACON& Tower with Radar,76,10,57,7,150,0,4,55,1,60,76,14,112,8,210,194,0,194,404
01/11/2023,DSM,IA,ACE,CE,Combined TRACON& Tower with Radar,75,20,37,2,134,0,0,23,0,23,75,20,60,2,157,104,0,104,261
01/12/2023,DSM,IA,ACE,CE,Combined TRACON& Tower with Radar,92,15,50,0,157,0,1,5,6,12,92,16,55,6,169,62,0,62,231
01/13/2023,DSM,IA,ACE,CE,Combined TRACON& Tower with Radar,86,13,45,13,157,0,2,35,0,37,86,15,80,13,194,134,10,144,338
01/14/2023,DSM,IA,ACE,CE,Combined TRACON& Tower with Radar,54,11,36,1,102,0,0,40,0,40,54,11,76,1,142,94,0,94,236
01/15/2023,DSM,IA,ACE,CE,Combined TRACON& Tower with Radar,87,5,34,0,126,0,2,36,0,38,87,7,70,0,164,150,0,150,314
01/16/2023,DSM,IA,ACE,CE,Combined TRACON& Tower with Radar,77,16,40,0,133,0,0,19,0,19,77,16,59,0,152,56,0,56,208
01/17/2023,DSM,IA,ACE,CE,Combined TRACON& Tower with Radar,77,16,37,4,134,0,0,1,0,1,77,16,38,4,135,94,0,94,229
01/18/2023,DSM,IA,ACE,CE,Combined TRACON& Tower with Radar,76,27,33,0,136,0,0,0,0,0,76,27,33,0,136,0,0,0,136
01/19/2023,DSM,IA,ACE,CE,Combined TRACON& Tower with Radar,90,10,23,10,133,0,0,2,0,2,90,10,25,10,135,18,0,18,153
01/20/2023,DSM,IA,ACE,CE,Combined TRACON& Tower with Radar,83,12,17,6,118,0,0,0,0,0,83,12,17,6,118,18,0,18,136
01/21/2023,DSM,IA,ACE,CE,Combined TRACON& Tower with Radar,63,11,14,0,88,0,0,0,0,0,63,11,14,0,88,0,0,0,88
01/22/2023,DSM,IA,ACE,CE,Combined TRACON& Tower with Radar,88,16,14,0,118,0,0,0,0,0,88,16,14,0,118,0,0,0,118
01/23/2023,DSM,IA,ACE,CE,Combined TRACON& Tower with Radar,78,12,52,4,146,0,0,23,2,25,78,12,75,6,171,60,10,70,241
01/24/2023,DSM,IA,ACE,CE,Combined TRACON& Tower with Radar,76,17,51,4,148,0,0,21,0,21,76,17,72,4,169,112,0,112,281
01/25/2023,DSM,IA,ACE,CE,Combined TRACON& Tower with Radar,72,14,54,2,142,0,0,6,2,8,72,14,60,4,150,74,0,74,224
01/26/2023,DSM,IA,ACE,CE,Combined TRACON& Tower with Radar,94,14,68,4,180,0,5,74,2,81,94,19,142,6,261,160,0,160,421
01/27/2023,DSM,IA,ACE,CE,Combined TRACON& Tower with Radar,85,9,41,2,137,1,1,24,0,26,86,10,65,2,163,63,0,63,226
01/28/2023,DSM,IA,ACE,CE,Combined TRACON& Tower with Radar,59,17,8,0,84,0,1,2,0,3,59,18,10,0,87,40,0,40,127
01/29/2023,DSM,IA,ACE,CE,Combined TRACON& Tower with Radar,88,16,24,0,128,0,0,40,0,40,88,16,64,0,168,94,0,94,262
01/30/2023,DSM,IA,ACE,CE,Combined TRACON& Tower with Radar,76,21,37,1,135,0,0,41,0,41,76,21,78,1,176,208,0,208,384
01/31/2023,DSM,IA,ACE,CE,Combined TRACON& Tower with Radar,66,5,40,0,111,0,4,59,0,63,66,9,99,0,174,178,0,178,352
02/01/2023,DSM,IA,ACE,CE,Combined TRACON& Tower with Radar,64,14,44,2,124,1,3,53,0,57,65,17,97,2,181,92,4,96,277
02/02/2023,DSM,IA,ACE,CE,Combined TRACON& Tower with Radar,89,4,46,2,141,0,0,28,0,28,89,4,74,2,169,120,0,120,289
02/03/2023,DSM,IA,ACE,CE,Combined TRACON& Tower with Radar,85,17,41,2,145,2,1,48,0,51,87,18,89,2,196,98,0,98,294
02/04/2023,DSM,IA,ACE,CE,Combined TRACON& Tower with Radar,70,9,20,0,99,0,0,43,4,47,70,9,63,4,146,124,0,124,270
02/05/2023,DSM,IA,ACE,CE,Combined TRACON& Tower with Radar,91,13,22,1,127,0,1,42,3,46,91,14,64,4,173,88,0,88,261
02/06/2023,DSM,IA,ACE,CE,Combined TRACON& Tower with Radar,83,13,28,2,126,0,0,33,0,33,83,13,61,2,159,52,0,52,211
02/07/2023,DSM,IA,ACE,CE,Combined TRACON& Tower with Radar,72,7,52,4,135,0,7,36,2,45,72,14,88,6,180,152,12,164,344
02/08/2023,DSM,IA,ACE,CE,Combined TRACON& Tower with Radar,69,9,42,2,122,0,4,44,3,51,69,13,86,5,173,133,0,133,306
02/09/2023,DSM,IA,ACE,CE,Combined TRACON& Tower with Radar,93,15,38,2,148,2,1,2,3,8,95,16,40,5,156,24,0,24,180
02/10/2023,DSM,IA,ACE,CE,Combined TRACON& Tower with Radar,88,15,37,2,142,0,1,47,0,48,88,16,84,2,190,124,0,124,314
02/11/2023,DSM,IA,ACE,CE,Combined TRACON& Tower with Radar,68,12,18,0,98,0,0,51,0,51,68,12,69,0,149,84,0,84,233
02/12/2023,DSM,IA,ACE,CE,Combined TRACON& Tower with Radar,88,25,17,0,130,0,2,47,0,49,88,27,64,0,179,20,0,20,199
02/13/2023,DSM,IA,ACE,CE,Combined TRACON& Tower with Radar,80,18,61,2,161,0,3,65,0,68,80,21,126,2,229,128,0,128,357
02/14/2023,DSM,IA,ACE,CE,Combined TRACON& Tower with Radar,73,15,36,0,124,0,0,8,0,8,73,15,44,0,132,58,0,58,190
02/15/2023,DSM,IA,ACE,CE,Combined TRACON& Tower with Radar,73,28,37,0,138,1,4,6,0,11,74,32,43,0,149,94,0,94,243
02/16/2023,DSM,IA,ACE,CE,Combined TRACON& Tower with Radar,89,13,27,0,129,0,0,1,0,1,89,13,28,0,130,0,0,0,130
02/17/2023,DSM,IA,ACE,CE,Combined TRACON& Tower with Radar,95,14,50,2,161,3,5,31,0,39,98,19,81,2,200,133,0,133,333
02/18/2023,DSM,IA,ACE,CE,Combined TRACON& Tower with Radar,67,21,18,0,106,0,1,58,0,59,67,22,76,0,165,218,0,218,383
02/19/2023,DSM,IA,ACE,CE,Combined TRACON& Tower with Radar,85,21,18,0,124,0,0,45,0,45,85,21,63,0,169,116,0,116,285
02/20/2023,DSM,IA,ACE,CE,Combined TRACON& Tower with Radar,85,20,34,0,139,0,0,27,0,27,85,20,61,0,166,154,0,154,320
02/21/2023,DSM,IA,ACE,CE,Combined TRACON& Tower with Radar,77,18,59,2,156,0,0,25,0,25,77,18,84,2,181,154,0,154,335
02/22/2023,DSM,IA,ACE,CE,Combined TRACON& Tower with Radar,67,16,26,0,109,0,0,2,0,2,67,16,28,0,111,12,0,12,123
02/23/2023,DSM,IA,ACE,CE,Combined TRACON& Tower with Radar,90,29,29,2,150,0,0,4,0,4,90,29,33,2,154,62,0,62,216
02/24/2023,DSM,IA,ACE,CE,Combined TRACON& Tower with Radar,90,22,30,0,142,0,0,45,0,45,90,22,75,0,187,86,0,86,273
02/25/2023,DSM,IA,ACE,CE,Combined TRACON& Tower with Radar,73,19,25,2,119,0,0,66,0,66,73,19,91,2,185,141,0,141,326
02/26/2023,DSM,IA,ACE,CE,Combined TRACON& Tower with Radar,88,15,31,0,134,0,0,64,0,64,88,15,95,0,198,116,0,116,314
02/27/2023,DSM,IA,ACE,CE,Combined TRACON& Tower with Radar,90,11,37,2,140,0,0,1,0,1,90,11,38,2,141,10,0,10,151
02/28/2023,DSM,IA,ACE,CE,Combined TRACON& Tower with Radar,80,16,51,2,149,0,1,53,0,54,80,17,104,2,203,134,0,134,337
03/01/2023,DSM,IA,ACE,CE,Combined TRACON& Tower with Radar,74,23,30,12,139,0,0,38,3,41,74,23,68,15,180,76,12,88,268
03/02/2023,DSM,IA,ACE,CE,Combined TRACON& Tower with Radar,89,14,42,4,149,0,0,29,2,31,89,14,71,6,180,72,0,72,252
03/03/2023,DSM,IA,ACE,CE,Combined TRACON& Tower with Radar,85,13,35,12,145,0,0,42,0,42,85,13,77,12,187,120,16,136,323
03/04/2023,DSM,IA,ACE,CE,Combined TRACON& Tower with Radar,70,18,25,1,114,0,0,43,2,45,70,18,68,3,159,112,0,112,271
03/05/2023,DSM,IA,ACE,CE,Combined TRACON& Tower with Radar,88,13,19,2,122,0,0,24,0,24,88,13,43,2,146,45,0,45,191
03/06/2023,DSM,IA,ACE,CE,Combined TRACON& Tower with Radar,85,16,44,1,146,0,0,5,0,5,85,16,49,1,151,0,0,0,151
03/07/2023,DSM,IA,ACE,CE,Combined TRACON& Tower with Radar,80,10,43,6,139,2,0,40,0,42,82,10,83,6,181,76,14,90,271
03/08/2023,DSM,IA,ACE,CE,Combined TRACON& Tower with Radar,80,25,45,0,150,0,0,8,0,8,80,25,53,0,158,10,0,10,168
03/09/2023,DSM,IA,ACE,CE,Combined TRACON& Tower with Radar,88,18,21,0,127,0,0,0,0,0,88,18,21,0,127,0,0,0,127
03/10/2023,DSM,IA,ACE,CE,Combined TRACON& Tower with Radar,92,19,49,2,162,0,0,12,0,12,92,19,61,2,174,57,0,57,231
03/11/2023,DSM,IA,ACE,CE,Combined TRACON& Tower with Radar,76,18,13,0,107,0,0,2,0,2,76,18,15,0,109,68,0,68,177
03/12/2023,DSM,IA,ACE,CE,Combined TRACON& Tower with Radar,88,18,25,0,131,0,3,7,0,10,88,21,32,0,141,96,0,96,237
03/13/2023,DSM,IA,ACE,CE,Combined TRACON& Tower with Radar,88,10,20,4,122,0,2,10,0,12,88,12,30,4,134,114,1,115,249
03/14/2023,DSM,IA,ACE,CE,Combined TRACON& Tower with Radar,96,5,57,10,168,0,3,53,0,56,96,8,110,10,224,164,0,164,388
03/15/2023,DSM,IA,ACE,CE,Combined TRACON& Tower with Radar,89,16,36,6,147,0,3,44,1,48,89,19,80,7,195,32,2,34,229
03/16/2023,DSM,IA,ACE,CE,Combined TRACON& Tower with Radar,95,27,42,6,170,0,2,8,0,10,95,29,50,6,180,26,4,30,210
03/17/2023,DSM,IA,ACE,CE,Combined TRACON& Tower with Radar,101,17,41,5,164,1,0,27,0,28,102,17,68,5,192,18,0,18,210
03/18/2023,DSM,IA,ACE,CE,Combined TRACON& Tower with Radar,87,34,50,2,173,0,0,19,0,19,87,34,69,2,192,98,0,98,290
03/19/2023,DSM,IA,ACE,CE,Combined TRACON& Tower with Radar,93,26,36,1,156,0,3,51,1,55,93,29,87,2,211,120,0,120,331
03/20/2023,DSM,IA,ACE,CE,Combined TRACON& Tower with Radar,88,20,53,0,161,0,2,61,1,64,88,22,114,1,225,106,0,106,331
03/21/2023,DSM,IA,ACE,CE,Combined TRACON& Tower with Radar,78,16,39,12,145,0,0,40,2,42,78,16,79,14,187,150,26,176,363
03/22/2023,DSM,IA,ACE,CE,Combined TRACON& Tower with Radar,75,14,49,4,142,0,2,16,0,18,75,16,65,4,160,82,0,82,242
03/23/2023,DSM,IA,ACE,CE,Combined TRACON& Tower with Radar,91,18,56,0,165,0,0,18,2,20,91,18,74,2,185,167,0,167,352
03/24/2023,DSM,IA,ACE,CE,Combined TRACON& Tower with Radar,83,16,37,2,138,0,1,71,0,72,83,17,108,2,210,55,0,55,265
03/25/2023,DSM,IA,ACE,CE,Combined TRACON& Tower with Radar,74,10,27,0,111,0,2,61,0,63,74,12,88,0,174,206,0,206,380
03/26/2023,DSM,IA,ACE,CE,Combined TRACON& Tower with Radar,84,16,29,0,129,1,2,6,0,9,85,18,35,0,138,40,0,40,178
03/27/2023,DSM,IA,ACE,CE,Combined TRACON& Tower with Radar,81,15,51,1,148,2,0,58,0,60,83,15,109,1,208,102,0,102,310
03/28/2023,DSM,IA,ACE,CE,Combined TRACON& Tower with Radar,74,19,81,6,180,0,0,63,0,63,74,19,144,6,243,145,16,161,404
03/29/2023,DSM,IA,ACE,CE,Combined TRACON& Tower with Radar,74,21,53,1,149,2,1,64,1,68,76,22,117,2,217,86,0,86,303
03/30/2023,DSM,IA,ACE,CE,Combined TRACON& Tower with Radar,91,16,46,2,155,0,2,44,1,47,91,18,90,3,202,30,0,30,232
03/31/2023,DSM,IA,ACE,CE,Combined TRACON& Tower with Radar,86,8,29,6,129,1,0,8,0,9,87,8,37,6,138,33,6,39,177
04/01/2023,DSM,IA,ACE,CE,Combined TRACON& Tower with Radar,72,24,23,2,121,0,2,39,0,41,72,26,62,2,162,54,0,54,216
04/02/2023,DSM,IA,ACE,CE,Combined TRACON& Tower with Radar,87,13,20,2,122,0,8,37,0,45,87,21,57,2,167,40,0,40,207
04/03/2023,DSM,IA,ACE,CE,Combined TRACON& Tower with Radar,79,14,32,2,127,0,0,38,0,38,79,14,70,2,165,132,0,132,297
04/04/2023,DSM,IA,ACE,CE,Combined TRACON& Tower with Radar,75,16,32,1,124,0,2,5,0,7,75,18,37,1,131,22,0,22,153
04/05/2023,DSM,IA,ACE,CE,Combined TRACON& Tower with Radar,75,29,30,1,135,0,1,25,0,26,75,30,55,1,161,42,0,42,203
04/06/2023,DSM,IA,ACE,CE,Combined TRACON& Tower with Radar,90,16,61,7,174,0,4,74,1,79,90,20,135,8,253,191,6,197,450
04/07/2023,DSM,IA,ACE,CE,Combined TRACON& Tower with Radar,85,15,30,2,132,0,3,44,0,47,85,18,74,2,179,83,4,87,266
04/08/2023,DSM,IA,ACE,CE,Combined TRACON& Tower with Radar,63,18,20,0,101,0,1,55,0,56,63,19,75,0,157,144,0,144,301
04/09/2023,DSM,IA,ACE,CE,Combined TRACON& Tower with Radar,84,5,17,0,106,2,0,34,0,36,86,5,51,0,142,98,0,98,240
04/10/2023,DSM,IA,ACE,CE,Combined TRACON& Tower with Radar,82,14,37,0,133,0,1,69,0,70,82,15,106,0,203,112,10,122,325
04/11/2023,DSM,IA,ACE,CE,Combined TRACON& Tower with Radar,76,20,63,2,161,0,0,30,0,30,76,20,93,2,191,57,0,57,248
04/12/2023,DSM,IA,ACE,CE,Combined TRACON& Tower with Radar,76,17,48,0,141,2,0,20,3,25,78,17,68,3,166,0,0,0,166
04/13/2023,DSM,IA,ACE,CE,Combined TRACON& Tower with Radar,95,14,51,1,161,1,2,27,2,32,96,16,78,3,193,38,4,42,235
04/14/2023,DSM,IA,ACE,CE,Combined TRACON& Tower with Radar,89,20,58,2,169,0,4,42,0,46,89,24,100,2,215,86,0,86,301
04/15/2023,DSM,IA,ACE,CE,Combined TRACON& Tower with Radar,65,10,3,0,78,2,2,0,0,4,67,12,3,0,82,2,0,2,84
04/16/2023,DSM,IA,ACE,CE,Combined TRACON& Tower with Radar,95,13,12,0,120,0,0,3,0,3,95,13,15,0,123,0,0,0,123
04/17/2023,DSM,IA,ACE,CE,Combined TRACON& Tower with Radar,84,22,38,8,152,0,2,56,2,60,84,24,94,10,212,170,0,170,382
04/18/2023,DSM,IA,ACE,CE,Combined TRACON& Tower with Radar,83,20,51,2,156,0,1,35,0,36,83,21,86,2,192,160,0,160,352
04/19/2023,DSM,IA,ACE,CE,Combined TRACON& Tower with Radar,74,17,63,3,157,4,0,32,2,38,78,17,95,5,195,68,0,68,263
04/20/2023,DSM,IA,ACE,CE,Combined TRACON& Tower with Radar,99,20,30,6,155,0,0,4,2,6,99,20,34,8,161,20,0,20,181
04/21/2023,DSM,IA,ACE,CE,Combined TRACON& Tower with Radar,86,19,34,14,153,0,0,33,1,34,86,19,67,15,187,26,18,44,231
04/22/2023,DSM,IA,ACE,CE,Combined TRACON& Tower with Radar,65,15,25,3,108,0,0,18,0,18,65,15,43,3,126,42,0,42,168
04/23/2023,DSM,IA,ACE,CE,Combined TRACON& Tower with Radar,92,10,42,1,145,0,3,49,0,52,92,13,91,1,197,153,0,153,350
04/24/2023,DSM,IA,ACE,CE,Combined TRACON& Tower with Radar,87,16,56,0,159,0,0,65,0,65,87,16,121,0,224,236,0,236,460
04/25/2023,DSM,IA,ACE,CE,Combined TRACON& Tower with Radar,77,16,63,2,158,0,0,51,3,54,77,16,114,5,212,178,0,178,390
04/26/2023,DSM,IA,ACE,CE,Combined TRACON& Tower with Radar,75,17,82,24,198,0,1,71,0,72,75,18,153,24,270,191,10,201,471
04/27/2023,DSM,IA,ACE,CE,Combined TRACON& Tower with Radar,94,20,42,9,165,0,1,47,3,51,94,21,89,12,216,50,0,50,266
04/28/2023,DSM,IA,ACE,CE,Combined TRACON& Tower with Radar,87,16,53,2,158,0,0,37,2,39,87,16,90,4,197,107,4,111,308
04/29/2023,DSM,IA,ACE,CE,Combined TRACON& Tower with Radar,65,12,28,0,105,0,0,26,0,26,65,12,54,0,131,70,0,70,201
04/30/2023,DSM,IA,ACE,CE,Combined TRACON& Tower with Radar,95,20,14,0,129,0,0,5,0,5,95,20,19,0,134,8,0,8,142
05/01/2023,DSM,IA,ACE,CE,Combined TRACON& Tower with Radar,85,19,39,4,147,4,1,21,0,26,89,20,60,4,173,0,0,0,173
05/02/2023,DSM,IA,ACE,CE,Combined TRACON& Tower with Radar,77,21,24,4,126,1,2,15,0,18,78,23,39,4,144,30,0,30,174
05/03/2023,DSM,IA,ACE,CE,Combined TRACON& Tower with Radar,74,23,57,2,156,0,1,82,0,83,74,24,139,2,239,156,0,156,395
05/04/2023,DSM,IA,ACE,CE,Combined TRACON& Tower with Radar,94,28,60,4,186,0,6,62,0,68,94,34,122,4,254,82,0,82,336
05/05/2023,DSM,IA,ACE,CE,Combined TRACON& Tower with Radar,95,25,57,2,179,0,1,12,0,13,95,26,69,2,192,36,0,36,228
05/06/2023,DSM,IA,ACE,CE,Combined TRACON& Tower with Radar,66,16,21,1,104,0,0,8,0,8,66,16,29,1,112,38,0,38,150
05/07/2023,DSM,IA,ACE,CE,Combined TRACON& Tower with Radar,95,14,31,3,143,0,1,16,0,17,95,15,47,3,160,34,0,34,194
05/08/2023,DSM,IA,ACE,CE,Combined TRACON& Tower with Radar,94,11,65,5,175,0,0,20,0,20,94,11,85,5,195,84,0,84,279
05/09/2023,DSM,IA,ACE,CE,Combined TRACON& Tower with Radar,81,14,71,5,171,0,0,16,0,16,81,14,87,5,187,117,0,117,304
05/10/2023,DSM,IA,ACE,CE,Combined TRACON& Tower with Radar,79,18,66,2,165,0,0,64,0,64,79,18,130,2,229,100,0,100,329
05/11/2023,DSM,IA,ACE,CE,Combined TRACON& Tower with Radar,104,17,64,2,187,0,0,19,2,21,104,17,83,4,208,69,4,73,281
05/12/2023,DSM,IA,ACE,CE,Combined TRACON& Tower with Radar,93,18,54,4,169,0,0,15,0,15,93,18,69,4,184,80,0,80,264
05/13/2023,DSM,IA,ACE,CE,Combined TRACON& Tower with Radar,70,23,29,2,124,2,1,9,0,12,72,24,38,2,136,124,0,124,260
05/14/2023,DSM,IA,ACE,CE,Combined TRACON& Tower with Radar,97,10,14,0,121,0,0,0,0,0,97,10,14,0,121,0,0,0,121
05/15/2023,DSM,IA,ACE,CE,Combined TRACON& Tower with Radar,90,24,50,2,166,0,4,38,0,42,90,28,88,2,208,132,0,132,340
05/16/2023,DSM,IA,ACE,CE,Combined TRACON& Tower with Radar,82,16,59,6,163,4,4,60,3,71,86,20,119,9,234,196,22,218,452
05/17/2023,DSM,IA,ACE,CE,Combined TRACON& Tower with Radar,78,26,54,2,160,1,0,55,0,56,79,26,109,2,216,130,0,130,346
05/18/2023,DSM,IA,ACE,CE,Combined TRACON& Tower with Radar,95,15,64,3,177,0,1,40,3,44,95,16,104,6,221,160,2,162,383
05/19/2023,DSM,IA,ACE,CE,Combined TRACON& Tower with Radar,103,19,48,7,177,0,3,47,0,50,103,22,95,7,227,146,0,146,373
05/20/2023,DSM,IA,ACE,CE,Combined TRACON& Tower with Radar,73,16,12,4,105,5,0,47,0,52,78,16,59,4,157,172,4,176,333
05/21/2023,DSM,IA,ACE,CE,Combined TRACON& Tower with Radar,96,12,27,3,138,1,0,49,1,51,97,12,76,4,189,112,0,112,301
05/22/2023,DSM,IA,ACE,CE,Combined TRACON& Tower with Radar,96,12,65,3,176,0,0,52,1,53,96,12,117,4,229,100,0,100,329
05/23/2023,DSM,IA,ACE,CE,Combined TRACON& Tower with Radar,85,15,45,1,146,0,0,41,0,41,85,15,86,1,187,62,1,63,250
05/24/2023,DSM,IA,ACE,CE,Combined TRACON& Tower with Radar,78,9,48,8,143,0,0,57,0,57,78,9,105,8,200,112,0,112,312
05/25/2023,DSM,IA,ACE,CE,Combined TRACON& Tower with Radar,98,19,65,0,182,0,0,49,5,54,98,19,114,5,236,248,0,248,484
05/26/2023,DSM,IA,ACE,CE,Combined TRACON& Tower with Radar,98,14,46,0,158,0,0,50,0,50,98,14,96,0,208,150,0,150,358
05/27/2023,DSM,IA,ACE,CE,Combined TRACON& Tower with Radar,71,14,16,0,101,2,0,42,1,45,73,14,58,1,146,160,0,160,306
05/28/2023,DSM,IA,ACE,CE,Combined TRACON& Tower with Radar,88,11,14,0,113,1,2,34,0,37,89,13,48,0,150,54,0,54,204
05/29/2023,DSM,IA,ACE,CE,Combined TRACON& Tower with Radar,88,13,22,0,123,0,2,43,0,45,88,15,65,0,168,124,0,124,292
05/30/2023,DSM,IA,ACE,CE,Combined TRACON& Tower with Radar,79,16,40,0,135,0,0,29,0,29,79,16,69,0,164,88,0,88,252
05/31/2023,DSM,IA,ACE,CE,Combined TRACON& Tower with Radar,85,30,56,5,176,0,0,73,1,74,85,30,129,6,250,70,6,76,326
06/01/2023,DSM,IA,ACE,CE,Combined TRACON& Tower with Radar,95,20,50,0,165,1,0,3,0,4,96,20,53,0,169,96,0,96,265
06/02/2023,DSM,IA,ACE,CE,Combined TRACON& Tower with Radar,97,25,30,2,154,3,4,24,1,32,100,29,54,3,186,44,0,44,230
06/03/2023,DSM,IA,ACE,CE,Combined TRACON& Tower with Radar,76,21,31,2,130,2,1,61,0,64,78,22,92,2,194,60,0,60,254
06/04/2023,DSM,IA,ACE,CE,Combined TRACON& Tower with Radar,94,23,36,2,155,0,0,20,0,20,94,23,56,2,175,60,0,60,235
06/05/2023,DSM,IA,ACE,CE,Combined TRACON& Tower with Radar,100,17,43,6,166,0,1,55,2,58,100,18,98,8,224,188,0,188,412
06/06/2023,DSM,IA,ACE,CE,Combined TRACON& Tower with Radar,81,18,66,2,167,0,0,41,0,41,81,18,107,2,208,226,0,226,434
06/07/2023,DSM,IA,ACE,CE,Combined TRACON& Tower with Radar,85,16,50,4,155,0,1,32,0,33,85,17,82,4,188,136,0,136,324
06/08/2023,DSM,IA,ACE,CE,Combined TRACON& Tower with Radar,100,17,69,0,186,5,1,68,2,76,105,18,137,2,262,126,0,126,388
06/09/2023,DSM,IA,ACE,CE,Combined TRACON& Tower with Radar,96,21,58,10,185,0,2,62,3,67,96,23,120,13,252,164,0,164,416
06/10/2023,DSM,IA,ACE,CE,Combined TRACON& Tower with Radar,79,18,30,0,127,0,0,40,0,40,79,18,70,0,167,140,0,140,307
06/11/2023,DSM,IA,ACE,CE,Combined TRACON& Tower with Radar,92,25,41,0,158,0,3,25,0,28,92,28,66,0,186,69,0,69,255
06/12/2023,DSM,IA,ACE,CE,Combined TRACON& Tower with Radar,93,18,57,0,168,0,0,52,0,52,93,18,109,0,220,84,0,84,304
06/13/2023,DSM,IA,ACE,CE,Combined TRACON& Tower with Radar,86,22,48,8,164,0,0,60,2,62,86,22,108,10,226,204,8,212,438
06/14/2023,DSM,IA,ACE,CE,Combined TRACON& Tower with Radar,86,11,59,2,158,0,5,56,0,61,86,16,115,2,219,120,0,120,339
06/15/2023,DSM,IA,ACE,CE,Combined TRACON& Tower with Radar,94,17,80,9,200,2,0,69,3,74,96,17,149,12,274,124,0,124,398
06/16/2023,DSM,IA,ACE,CE,Combined TRACON& Tower with Radar,96,14,50,2,162,0,3,55,0,58,96,17,105,2,220,110,0,110,330
06/17/2023,DSM,IA,ACE,CE,Combined TRACON& Tower with Radar,82,14,30,0,126,0,1,29,0,30,82,15,59,0,156,138,0,138,294
06/18/2023,DSM,IA,ACE,CE,Combined TRACON& Tower with Radar,98,19,35,0,152,0,2,26,0,28,98,21,61,0,180,74,0,74,254
06/19/2023,DSM,IA,ACE,CE,Combined TRACON& Tower with Radar,97,14,62,0,173,0,1,67,0,68,97,15,129,0,241,108,0,108,349
06/20/2023,DSM,IA,ACE,CE,Combined TRACON& Tower with Radar,78,20,39,4,141,0,0,51,0,51,78,20,90,4,192,124,2,126,318
06/21/2023,DSM,IA,ACE,CE,Combined TRACON& Tower with Radar,79,25,49,14,167,2,0,62,11,75,81,25,111,25,242,132,8,140,382
06/22/2023,DSM,IA,ACE,CE,Combined TRACON& Tower with Radar,93,20,75,2,190,2,0,78,5,85,95,20,153,7,275,168,6,174,449
06/23/2023,DSM,IA,ACE,CE,Combined TRACON& Tower with Radar,101,17,52,33,203,3,2,60,2,67,104,19,112,35,270,116,14,130,400
06/24/2023,DSM,IA,ACE,CE,Combined TRACON& Tower with Radar,83,13,9,0,105,6,2,10,1,19,89,15,19,1,124,24,2,26,150
06/25/2023,DSM,IA,ACE,CE,Combined TRACON& Tower with Radar,89,21,30,5,145,0,0,15,0,15,89,21,45,5,160,16,0,16,176
06/26/2023,DSM,IA,ACE,CE,Combined TRACON& Tower with Radar,89,14,62,2,167,0,2,41,0,43,89,16,103,2,210,156,2,158,368
06/27/2023,DSM,IA,ACE,CE,Combined TRACON& Tower with Radar,75,17,51,4,147,0,4,60,0,64,75,21,111,4,211,106,6,112,323
06/28/2023,DSM,IA,ACE,CE,Combined TRACON& Tower with Radar,81,14,71,2,168,0,1,12,0,13,81,15,83,2,181,80,0,80,261
06/29/2023,DSM,IA,ACE,CE,Combined TRACON& Tower with Radar,90,16,63,0,169,0,0,42,0,42,90,16,105,0,211,86,0,86,297
06/30/2023,DSM,IA,ACE,CE,Combined TRACON& Tower with Radar,97,29,37,6,169,1,2,45,0,48,98,31,82,6,217,114,0,114,331
07/01/2023,DSM,IA,ACE,CE,Combined TRACON& Tower with Radar,80,12,27,0,119,0,0,10,0,10,80,12,37,0,129,100,0,100,229
07/02/2023,DSM,IA,ACE,CE,Combined TRACON& Tower with Radar,86,10,23,0,119,0,1,38,0,39,86,11,61,0,158,36,0,36,194
07/03/2023,DSM,IA,ACE,CE,Combined TRACON& Tower with Radar,78,4,17,0,99,0,0,45,0,45,78,4,62,0,144,126,0,126,270
07/04/2023,DSM,IA,ACE,CE,Combined TRACON& Tower with Radar,60,0,12,0,72,0,6,31,0,37,60,6,43,0,109,60,0,60,169
07/05/2023,DSM,IA,ACE,CE,Combined TRACON& Tower with Radar,74,11,49,2,136,1,0,31,0,32,75,11,80,2,168,60,14,74,242
07/06/2023,DSM,IA,ACE,CE,Combined TRACON& Tower with Radar,89,11,52,3,155,0,1,55,4,60,89,12,107,7,215,166,0,166,381
07/07/2023,DSM,IA,ACE,CE,Combined TRACON& Tower with Radar,93,8,52,0,153,0,2,8,0,10,93,10,60,0,163,30,0,30,193
07/08/2023,DSM,IA,ACE,CE,Combined TRACON& Tower with Radar,83,13,24,0,120,0,0,31,0,31,83,13,55,0,151,152,0,152,303
07/09/2023,DSM,IA,ACE,CE,Combined TRACON& Tower with Radar,92,12,30,0,134,0,2,59,0,61,92,14,89,0,195,108,0,108,303
07/10/2023,DSM,IA,ACE,CE,Combined TRACON& Tower with Radar,94,21,47,0,162,0,0,39,0,39,94,21,86,0,201,82,0,82,283
07/11/2023,DSM,IA,ACE,CE,Combined TRACON& Tower with Radar,88,18,70,1,177,0,4,47,0,51,88,22,117,1,228,178,2,180,408
07/12/2023,DSM,IA,ACE,CE,Combined TRACON& Tower with Radar,87,10,44,1,142,0,3,34,3,40,87,13,78,4,182,76,0,76,258
07/13/2023,DSM,IA,ACE,CE,Combined TRACON& Tower with Radar,100,20,74,12,206,0,0,67,3,70,100,20,141,15,276,158,14,172,448
07/14/2023,DSM,IA,ACE,CE,Combined TRACON& Tower with Radar,96,15,48,3,162,1,0,51,0,52,97,15,99,3,214,144,0,144,358
07/15/2023,DSM,IA,ACE,CE,Combined TRACON& Tower with Radar,80,15,34,0,129,0,0,38,0,38,80,15,72,0,167,140,0,140,307
07/16/2023,DSM,IA,ACE,CE,Combined TRACON& Tower with Radar,95,19,35,0,149,0,0,13,0,13,95,19,48,0,162,32,0,32,194
07/17/2023,DSM,IA,ACE,CE,Combined TRACON& Tower with Radar,95,18,53,4,170,0,0,58,0,58,95,18,111,4,228,118,0,118,346
07/18/2023,DSM,IA,ACE,CE,Combined TRACON& Tower with Radar,90,12,61,0,163,0,3,69,0,72,90,15,130,0,235,120,0,120,355
07/19/2023,DSM,IA,ACE,CE,Combined TRACON& Tower with Radar,86,25,67,9,187,1,1,78,2,82,87,26,145,11,269,140,6,146,415
07/20/2023,DSM,IA,ACE,CE,Combined TRACON& Tower with Radar,96,24,72,11,203,0,1,73,1,75,96,25,145,12,278,198,16,214,492
07/21/2023,DSM,IA,ACE,CE,Combined TRACON& Tower with Radar,98,25,52,36,211,2,0,68,3,73,100,25,120,39,284,160,36,196,480
07/22/2023,DSM,IA,ACE,CE,Combined TRACON& Tower with Radar,92,22,29,0,143,0,1,56,2,59,92,23,85,2,202,64,0,64,266
07/23/2023,DSM,IA,ACE,CE,Combined TRACON& Tower with Radar,93,20,38,1,152,0,5,47,1,53,93,25,85,2,205,122,0,122,327
07/24/2023,DSM,IA,ACE,CE,Combined TRACON& Tower with Radar,96,16,44,3,159,0,2,44,0,46,96,18,88,3,205,32,0,32,237
07/25/2023,DSM,IA,ACE,CE,Combined TRACON& Tower with Radar,84,13,45,15,157,0,0,47,0,47,84,13,92,15,204,106,18,124,328
07/26/2023,DSM,IA,ACE,CE,Combined TRACON& Tower with Radar,87,26,46,0,159,4,3,35,4,46,91,29,81,4,205,62,2,64,269
07/27/2023,DSM,IA,ACE,CE,Combined TRACON& Tower with Radar,98,16,61,3,178,1,1,29,2,33,99,17,90,5,211,86,0,86,297
07/28/2023,DSM,IA,ACE,CE,Combined TRACON& Tower with Radar,105,29,46,8,188,0,4,31,1,36,105,33,77,9,224,42,0,42,266
07/29/2023,DSM,IA,ACE,CE,Combined TRACON& Tower with Radar,87,15,31,2,135,0,1,46,0,47,87,16,77,2,182,160,0,160,342
07/30/2023,DSM,IA,ACE,CE,Combined TRACON& Tower with Radar,96,14,34,7,151,0,2,51,0,53,96,16,85,7,204,132,0,132,336
07/31/2023,DSM,IA,ACE,CE,Combined TRACON& Tower with Radar,96,14,47,0,157,0,2,72,2,76,96,16,119,2,233,86,6,92,325
08/01/2023,DSM,IA,ACE,CE,Combined TRACON& Tower with Radar,89,16,43,12,160,0,0,51,0,51,89,16,94,12,211,46,20,66,277
08/02/2023,DSM,IA,ACE,CE,Combined TRACON& Tower with Radar,90,14,37,0,141,0,0,4,0,4,90,14,41,0,145,0,0,0,145
08/03/2023,DSM,IA,ACE,CE,Combined TRACON& Tower with Radar,95,11,52,14,172,0,0,25,0,25,95,11,77,14,197,116,14,130,327
08/04/2023,DSM,IA,ACE,CE,Combined TRACON& Tower with Radar,110,16,52,7,185,0,1,39,0,40,110,17,91,7,225,138,4,142,367
08/05/2023,DSM,IA,ACE,CE,Combined TRACON& Tower with Radar,83,21,16,3,123,0,0,42,7,49,83,21,58,10,172,134,0,134,306
08/06/2023,DSM,IA,ACE,CE,Combined TRACON& Tower with Radar,87,11,19,0,117,0,1,1,0,2,87,12,20,0,119,0,0,0,119
08/07/2023,DSM,IA,ACE,CE,Combined TRACON& Tower with Radar,102,15,59,2,178,2,0,49,0,51,104,15,108,2,229,172,0,172,401
08/08/2023,DSM,IA,ACE,CE,Combined TRACON& Tower with Radar,86,23,72,2,183,0,1,58,0,59,86,24,130,2,242,162,0,162,404
08/09/2023,DSM,IA,ACE,CE,Combined TRACON& Tower with Radar,89,16,43,0,148,3,1,17,4,25,92,17,60,4,173,110,0,110,283
08/10/2023,DSM,IA,ACE,CE,Combined TRACON& Tower with Radar,104,17,52,8,181,6,0,73,0,79,110,17,125,8,260,258,8,266,526
08/11/2023,DSM,IA,ACE,CE,Combined TRACON& Tower with Radar,111,13,60,4,188,1,6,69,6,82,112,19,129,10,270,122,6,128,398
08/12/2023,DSM,IA,ACE,CE,Combined TRACON& Tower with Radar,84,16,47,2,149,2,5,59,0,66,86,21,106,2,215,134,0,134,349
08/13/2023,DSM,IA,ACE,CE,Combined TRACON& Tower with Radar,101,14,52,1,168,0,3,35,1,39,101,17,87,2,207,38,0,38,245
08/14/2023,DSM,IA,ACE,CE,Combined TRACON& Tower with Radar,95,18,74,10,197,0,1,10,1,12,95,19,84,11,209,96,4,100,309
08/15/2023,DSM,IA,ACE,CE,Combined TRACON& Tower with Radar,83,18,58,3,162,0,4,60,4,68,83,22,118,7,230,94,4,98,328
08/16/2023,DSM,IA,ACE,CE,Combined TRACON& Tower with Radar,81,22,72,5,180,2,3,70,1,76,83,25,142,6,256,122,12,134,390
08/17/2023,DSM,IA,ACE,CE,Combined TRACON& Tower with Radar,98,22,71,6,197,3,0,49,5,57,101,22,120,11,254,90,8,98,352
08/18/2023,DSM,IA,ACE,CE,Combined TRACON& Tower with Radar,98,12,44,6,160,0,0,63,1,64,98,12,107,7,224,120,0,120,344
08/19/2023,DSM,IA,ACE,CE,Combined TRACON& Tower with Radar,70,11,20,9,110,0,0,40,1,41,70,11,60,10,151,60,6,66,217
08/20/2023,DSM,IA,ACE,CE,Combined TRACON& Tower with Radar,90,13,29,3,135,0,0,20,0,20,90,13,49,3,155,70,0,70,225
08/21/2023,DSM,IA,ACE,CE,Combined TRACON& Tower with Radar,92,11,53,8,164,0,1,35,8,44,92,12,88,16,208,136,0,136,344
08/22/2023,DSM,IA,ACE,CE,Combined TRACON& Tower with Radar,86,17,46,8,157,0,0,35,0,35,86,17,81,8,192,32,0,32,224
08/23/2023,DSM,IA,ACE,CE,Combined TRACON& Tower with Radar,83,14,42,6,145,2,2,45,4,53,85,16,87,10,198,120,0,120,318
08/24/2023,DSM,IA,ACE,CE,Combined TRACON& Tower with Radar,95,18,65,3,181,0,1,55,0,56,95,19,120,3,237,101,30,131,368
08/25/2023,DSM,IA,ACE,CE,Combined TRACON& Tower with Radar,96,15,43,4,158,0,1,38,0,39,96,16,81,4,197,122,6,128,325
08/26/2023,DSM,IA,ACE,CE,Combined TRACON& Tower with Radar,79,16,27,13,135,0,15,49,0,64,79,31,76,13,199,126,26,152,351
08/27/2023,DSM,IA,ACE,CE,Combined TRACON& Tower with Radar,91,12,26,5,134,0,3,63,4,70,91,15,89,9,204,168,0,168,372
08/28/2023,DSM,IA,ACE,CE,Combined TRACON& Tower with Radar,92,11,40,0,143,0,5,48,0,53,92,16,88,0,196,176,0,176,372
08/29/2023,DSM,IA,ACE,CE,Combined TRACON& Tower with Radar,82,18,53,1,154,0,0,53,0,53,82,18,106,1,207,110,38,148,355
08/30/2023,DSM,IA,ACE,CE,Combined TRACON& Tower with Radar,81,19,56,1,157,0,2,64,0,66,81,21,120,1,223,160,0,160,383
08/31/2023,DSM,IA,ACE,CE,Combined TRACON& Tower with Radar,103,26,60,4,193,0,0,67,0,67,103,26,127,4,260,44,0,44,304
