12/01/2017,DTS,FL,ASO,ES,Federal Contract Tower,0,8,30,2,40,0,0,11,1,12,0,8,41,3,52,2,2,4,56
12/02/2017,DTS,FL,ASO,ES,Federal Contract Tower,0,10,21,0,31,0,0,29,0,29,0,10,50,0,60,64,0,64,124
12/03/2017,DTS,FL,ASO,ES,Federal Contract Tower,0,9,36,0,45,0,0,20,0,20,0,9,56,0,65,12,0,12,77
12/04/2017,DTS,FL,ASO,ES,Federal Contract Tower,0,1,32,4,37,2,0,0,2,4,2,1,32,6,41,14,0,14,55
12/05/2017,DTS,FL,ASO,ES,Federal Contract Tower,0,12,16,3,31,0,0,7,8,15,0,12,23,11,46,4,50,54,100
12/06/2017,DTS,FL,ASO,ES,Federal Contract Tower,0,12,28,5,45,0,0,2,0,2,0,12,30,5,47,0,2,2,49
12/07/2017,DTS,FL,ASO,ES,Federal Contract Tower,0,9,18,4,31,0,0,10,6,16,0,9,28,10,47,16,12,28,75
12/08/2017,DTS,FL,ASO,ES,Federal Contract Tower,0,6,12,0,18,0,0,0,0,0,0,6,12,0,18,0,0,0,18
12/09/2017,DTS,FL,ASO,ES,Federal Contract Tower,0,3,19,1,23,0,0,25,7,32,0,3,44,8,55,30,2,32,87
12/10/2017,DTS,FL,ASO,ES,Federal Contract Tower,0,3,14,0,17,0,0,40,0,40,0,3,54,0,57,72,0,72,129
12/11/2017,DTS,FL,ASO,ES,Federal Contract Tower,0,3,23,4,30,0,0,24,13,37,0,3,47,17,67,6,8,14,81
12/12/2017,DTS,FL,ASO,ES,Federal Contract Tower,0,8,21,8,37,0,1,20,9,30,0,9,41,17,67,0,24,24,91
12/13/2017,DTS,FL,ASO,ES,Federal Contract Tower,0,8,23,0,31,0,3,11,11,25,0,11,34,11,56,6,4,10,66
12/14/2017,DTS,FL,ASO,ES,Federal Contract Tower,0,5,35,0,40,0,1,16,8,25,0,6,51,8,65,12,0,12,77
12/15/2017,DTS,FL,ASO,ES,Federal Contract Tower,0,5,29,4,38,0,1,26,6,33,0,6,55,10,71,42,0,42,113
12/16/2017,DTS,FL,ASO,ES,Federal Contract Tower,0,3,27,0,30,0,0,34,5,39,0,3,61,5,69,30,8,38,107
12/17/2017,DTS,FL,ASO,ES,Federal Contract Tower,0,4,24,1,29,0,2,7,0,9,0,6,31,1,38,14,0,14,52
12/18/2017,DTS,FL,ASO,ES,Federal Contract Tower,0,2,13,0,15,0,0,4,0,4,0,2,17,0,19,8,0,8,27
12/19/2017,DTS,FL,ASO,ES,Federal Contract Tower,0,6,19,4,29,0,0,1,0,1,0,6,20,4,30,8,24,32,62
12/20/2017,DTS,FL,ASO,ES,Federal Contract Tower,0,9,22,4,35,0,0,4,1,5,0,9,26,5,40,2,4,6,46
12/21/2017,DTS,FL,ASO,ES,Federal Contract Tower,0,9,35,0,44,0,0,17,7,24,0,9,52,7,68,46,30,76,144
12/22/2017,DTS,FL,ASO,ES,Federal Contract Tower,0,1,17,0,18,0,0,1,0,1,0,1,18,0,19,6,0,6,25
12/23/2017,DTS,FL,ASO,ES,Federal Contract Tower,0,2,21,0,23,0,0,24,0,24,0,2,45,0,47,0,0,0,47
12/24/2017,DTS,FL,ASO,ES,Federal Contract Tower,0,2,4,0,6,0,0,16,0,16,0,2,20,0,22,24,0,24,46
12/25/2017,DTS,FL,ASO,ES,Federal Contract Tower,0,10,7,0,17,0,0,12,0,12,0,10,19,0,29,0,0,0,29
12/26/2017,DTS,FL,ASO,ES,Federal Contract Tower,0,5,38,0,43,2,0,0,0,2,2,5,38,0,45,18,12,30,75
12/27/2017,DTS,FL,ASO,ES,Federal Contract Tower,0,15,24,1,40,0,0,0,0,0,0,15,24,1,40,0,0,0,40
12/28/2017,DTS,FL,ASO,ES,Federal Contract Tower,0,13,35,0,48,0,0,0,0,0,0,13,35,0,48,0,0,0,48
12/29/2017,DTS,FL,ASO,ES,Federal Contract Tower,0,11,36,4,51,0,0,46,0,46,0,11,82,4,97,10,0,10,107
12/30/2017,DTS,FL,ASO,ES,Federal Contract Tower,0,9,36,0,45,0,2,44,0,46,0,11,80,0,91,10,0,10,101
12/31/2017,DTS,FL,ASO,ES,Federal Contract Tower,0,6,16,0,22,0,0,4,0,4,0,6,20,0,26,0,0,0,26
01/01/2018,DTS,FL,ASO,ES,Federal Contract Tower,0,10,41,0,51,0,0,23,0,23,0,10,64,0,74,10,0,10,84
01/02/2018,DTS,FL,ASO,ES,Federal Contract Tower,0,17,49,0,66,0,2,29,0,31,0,19,78,0,97,2,0,2,99
01/03/2018,DTS,FL,ASO,ES,Federal Contract Tower,0,8,23,3,34,0,2,15,9,26,0,10,38,12,60,16,14,30,90
01/04/2018,DTS,FL,ASO,ES,Federal Contract Tower,0,14,18,5,37,0,0,10,4,14,0,14,28,9,51,0,8,8,59
01/05/2018,DTS,FL,ASO,ES,Federal Contract Tower,0,10,31,4,45,0,0,25,10,35,0,10,56,14,80,24,18,42,122
01/06/2018,DTS,FL,ASO,ES,Federal Contract Tower,0,7,20,2,29,0,2,46,7,55,0,9,66,9,84,34,8,42,126
01/07/2018,DTS,FL,ASO,ES,Federal Contract Tower,0,6,25,1,32,0,0,24,6,30,0,6,49,7,62,42,8,50,112
01/08/2018,DTS,FL,ASO,ES,Federal Contract Tower,0,4,13,3,20,0,0,0,1,1,0,4,13,4,21,0,0,0,21
01/09/2018,DTS,FL,ASO,ES,Federal Contract Tower,0,9,25,6,40,0,0,10,1,11,0,9,35,7,51,10,2,12,63
01/10/2018,DTS,FL,ASO,ES,Federal Contract Tower,0,1,27,4,32,0,0,9,4,13,0,1,36,8,45,8,10,18,63
01/11/2018,DTS,FL,ASO,ES,Federal Contract Tower,0,3,18,6,27,0,0,0,0,0,0,3,18,6,27,0,0,0,27
01/12/2018,DTS,FL,ASO,ES,Federal Contract Tower,0,2,27,1,30,0,0,14,6,20,0,2,41,7,50,0,30,30,80
01/13/2018,DTS,FL,ASO,ES,Federal Contract Tower,0,5,13,0,18,0,0,34,4,38,0,5,47,4,56,22,0,22,78
01/14/2018,DTS,FL,ASO,ES,Federal Contract Tower,0,7,30,0,37,0,0,32,4,36,0,7,62,4,73,40,4,44,117
01/15/2018,DTS,FL,ASO,ES,Federal Contract Tower,0,6,36,0,42,0,0,53,0,53,0,6,89,0,95,64,0,64,159
01/16/2018,DTS,FL,ASO,ES,Federal Contract Tower,0,2,13,1,16,2,0,0,0,2,2,2,13,1,18,20,0,20,38
01/17/2018,DTS,FL,ASO,ES,Federal Contract Tower,0,0,15,0,15,0,1,4,0,5,0,1,19,0,20,0,0,0,20
01/18/2018,DTS,FL,ASO,ES,Federal Contract Tower,0,2,23,2,27,0,0,31,4,35,0,2,54,6,62,18,4,22,84
01/19/2018,DTS,FL,ASO,ES,Federal Contract Tower,0,5,34,0,39,0,0,33,2,35,0,5,67,2,74,38,4,42,116
01/20/2018,DTS,FL,ASO,ES,Federal Contract Tower,0,1,29,0,30,0,0,34,0,34,0,1,63,0,64,72,0,72,136
01/21/2018,DTS,FL,ASO,ES,Federal Contract Tower,0,9,32,0,41,0,0,18,2,20,0,9,50,2,61,56,12,68,129
01/22/2018,DTS,FL,ASO,ES,Federal Contract Tower,0,1,29,0,30,0,0,2,0,2,0,1,31,0,32,0,0,0,32
01/23/2018,DTS,FL,ASO,ES,Federal Contract Tower,0,5,28,1,34,0,0,18,5,23,0,5,46,6,57,40,54,94,151
01/24/2018,DTS,FL,ASO,ES,Federal Contract Tower,0,9,19,3,31,0,0,30,5,35,0,9,49,8,66,90,12,102,168
01/25/2018,DTS,FL,ASO,ES,Federal Contract Tower,0,5,30,2,37,0,0,34,11,45,0,5,64,13,82,40,48,88,170
01/26/2018,DTS,FL,ASO,ES,Federal Contract Tower,0,8,37,2,47,0,3,40,6,49,0,11,77,8,96,34,18,52,148
01/27/2018,DTS,FL,ASO,ES,Federal Contract Tower,0,5,14,0,19,0,0,17,0,17,0,5,31,0,36,22,0,22,58
01/28/2018,DTS,FL,ASO,ES,Federal Contract Tower,0,10,13,0,23,0,0,0,0,0,0,10,13,0,23,0,0,0,23
01/29/2018,DTS,FL,ASO,ES,Federal Contract Tower,0,2,35,3,40,0,0,29,10,39,0,2,64,13,79,56,14,70,149
01/30/2018,DTS,FL,ASO,ES,Federal Contract Tower,0,9,25,3,37,0,1,20,8,29,0,10,45,11,66,34,30,64,130
01/31/2018,DTS,FL,ASO,ES,Federal Contract Tower,0,8,45,1,54,0,0,27,7,34,0,8,72,8,88,52,24,76,164
02/01/2018,DTS,FL,ASO,ES,Federal Contract Tower,0,6,17,4,27,0,1,20,0,21,0,7,37,4,48,4,0,4,52
02/02/2018,DTS,FL,ASO,ES,Federal Contract Tower,0,3,42,1,46,0,0,26,8,34,0,3,68,9,80,74,16,90,170
02/03/2018,DTS,FL,ASO,ES,Federal Contract Tower,0,3,15,0,18,0,0,50,0,50,0,3,65,0,68,20,0,20,88
02/04/2018,DTS,FL,ASO,ES,Federal Contract Tower,0,2,22,0,24,0,0,26,0,26,0,2,48,0,50,32,0,32,82
02/05/2018,DTS,FL,ASO,ES,Federal Contract Tower,0,8,28,3,39,0,2,26,8,36,0,10,54,11,75,40,20,60,135
02/06/2018,DTS,FL,ASO,ES,Federal Contract Tower,0,10,22,4,36,0,0,9,1,10,0,10,31,5,46,10,0,10,56
02/07/2018,DTS,FL,ASO,ES,Federal Contract Tower,0,2,11,6,19,0,0,4,2,6,0,2,15,8,25,0,0,0,25
02/08/2018,DTS,FL,ASO,ES,Federal Contract Tower,0,8,28,6,42,0,0,25,4,29,0,8,53,10,71,36,14,50,121
02/09/2018,DTS,FL,ASO,ES,Federal Contract Tower,0,5,49,2,56,0,0,14,0,14,0,5,63,2,70,20,0,20,90
02/10/2018,DTS,FL,ASO,ES,Federal Contract Tower,0,0,18,2,20,0,0,3,0,3,0,0,21,2,23,10,0,10,33
02/11/2018,DTS,FL,ASO,ES,Federal Contract Tower,0,1,12,0,13,0,0,0,0,0,0,1,12,0,13,0,0,0,13
02/12/2018,DTS,FL,ASO,ES,Federal Contract Tower,0,12,32,1,45,0,0,3,1,4,0,12,35,2,49,12,0,12,61
02/13/2018,DTS,FL,ASO,ES,Federal Contract Tower,0,5,18,9,32,0,2,11,1,14,0,7,29,10,46,10,6,16,62
02/14/2018,DTS,FL,ASO,ES,Federal Contract Tower,0,5,39,8,52,0,0,2,0,2,0,5,41,8,54,2,0,2,56
02/15/2018,DTS,FL,ASO,ES,Federal Contract Tower,0,7,64,4,75,0,0,9,0,9,0,7,73,4,84,26,2,28,112
02/16/2018,DTS,FL,ASO,ES,Federal Contract Tower,0,12,56,1,69,0,0,49,2,51,0,12,105,3,120,28,8,36,156
02/17/2018,DTS,FL,ASO,ES,Federal Contract Tower,0,3,24,2,29,0,0,19,1,20,0,3,43,3,49,14,0,14,63
02/18/2018,DTS,FL,ASO,ES,Federal Contract Tower,0,8,46,0,54,0,0,39,1,40,0,8,85,1,94,62,0,62,156
02/19/2018,DTS,FL,ASO,ES,Federal Contract Tower,0,2,60,0,62,0,2,18,3,23,0,4,78,3,85,2,0,2,87
02/20/2018,DTS,FL,ASO,ES,Federal Contract Tower,0,0,28,5,33,0,0,10,3,13,0,0,38,8,46,2,10,12,58
02/21/2018,DTS,FL,ASO,ES,Federal Contract Tower,0,3,36,5,44,0,0,22,3,25,0,3,58,8,69,20,10,30,99
02/22/2018,DTS,FL,ASO,ES,Federal Contract Tower,0,4,47,4,55,0,0,19,6,25,0,4,66,10,80,0,26,26,106
02/23/2018,DTS,FL,ASO,ES,Federal Contract Tower,0,0,55,1,56,0,0,29,0,29,0,0,84,1,85,18,0,18,103
02/24/2018,DTS,FL,ASO,ES,Federal Contract Tower,0,4,23,0,27,0,0,76,0,76,0,4,99,0,103,40,0,40,143
02/25/2018,DTS,FL,ASO,ES,Federal Contract Tower,0,3,42,1,46,0,0,19,2,21,0,3,61,3,67,16,0,16,83
02/26/2018,DTS,FL,ASO,ES,Federal Contract Tower,0,13,26,4,43,0,2,20,2,24,0,15,46,6,67,14,8,22,89
02/27/2018,DTS,FL,ASO,ES,Federal Contract Tower,0,1,26,3,30,0,0,49,6,55,0,1,75,9,85,48,0,48,133
02/28/2018,DTS,FL,ASO,ES,Federal Contract Tower,0,7,28,8,43,0,0,18,2,20,0,7,46,10,63,2,6,8,71
03/01/2018,DTS,FL,ASO,ES,Federal Contract Tower,0,9,32,1,42,0,0,19,3,22,0,9,51,4,64,20,2,22,86
03/02/2018,DTS,FL,ASO,ES,Federal Contract Tower,0,10,65,0,75,0,4,74,6,84,0,14,139,6,159,16,14,30,189
03/03/2018,DTS,FL,ASO,ES,Federal Contract Tower,0,9,38,1,48,0,2,108,0,110,0,11,146,1,158,62,0,62,220
03/04/2018,DTS,FL,ASO,ES,Federal Contract Tower,0,3,57,0,60,0,0,100,3,103,0,3,157,3,163,64,0,64,227
03/05/2018,DTS,FL,ASO,ES,Federal Contract Tower,0,4,36,1,41,0,0,39,4,43,0,4,75,5,84,16,20,36,120
03/06/2018,DTS,FL,ASO,ES,Federal Contract Tower,2,12,25,0,39,0,1,13,4,18,2,13,38,4,57,8,8,16,73
03/07/2018,DTS,FL,ASO,ES,Federal Contract Tower,0,20,52,1,73,0,0,38,4,42,0,20,90,5,115,46,4,50,165
03/08/2018,DTS,FL,ASO,ES,Federal Contract Tower,0,6,36,1,43,0,0,62,3,65,0,6,98,4,108,32,22,54,162
03/09/2018,DTS,FL,ASO,ES,Federal Contract Tower,0,21,54,0,75,0,5,80,0,85,0,26,134,0,160,66,0,66,226
03/10/2018,DTS,FL,ASO,ES,Federal Contract Tower,0,18,42,1,61,0,4,78,0,82,0,22,120,1,143,34,2,36,179
03/11/2018,DTS,FL,ASO,ES,Federal Contract Tower,0,13,42,0,55,0,0,7,0,7,0,13,49,0,62,12,0,12,74
03/12/2018,DTS,FL,ASO,ES,Federal Contract Tower,0,10,58,2,70,0,4,81,5,90,0,14,139,7,160,50,6,56,216
03/13/2018,DTS,FL,ASO,ES,Federal Contract Tower,0,10,50,3,63,0,2,101,9,112,0,12,151,12,175,22,44,66,241
03/14/2018,DTS,FL,ASO,ES,Federal Contract Tower,0,12,49,5,66,0,2,128,10,140,0,14,177,15,206,6,34,40,246
03/15/2018,DTS,FL,ASO,ES,Federal Contract Tower,0,14,77,5,96,0,0,97,1,98,0,14,174,6,194,38,8,46,240
03/16/2018,DTS,FL,ASO,ES,Federal Contract Tower,0,12,46,6,64,0,2,94,5,101,0,14,140,11,165,68,16,84,249
03/17/2018,DTS,FL,ASO,ES,Federal Contract Tower,0,20,68,0,88,0,0,77,0,77,0,20,145,0,165,28,0,28,193
03/18/2018,DTS,FL,ASO,ES,Federal Contract Tower,0,14,62,0,76,0,0,4,0,4,0,14,66,0,80,0,0,0,80
03/19/2018,DTS,FL,ASO,ES,Federal Contract Tower,0,12,21,0,33,0,0,0,0,0,0,12,21,0,33,0,0,0,33
03/20/2018,DTS,FL,ASO,ES,Federal Contract Tower,0,7,11,1,19,0,0,34,0,34,0,7,45,1,53,18,14,32,85
03/21/2018,DTS,FL,ASO,ES,Federal Contract Tower,0,11,30,0,41,0,0,55,6,61,0,11,85,6,102,22,8,30,132
03/22/2018,DTS,FL,ASO,ES,Federal Contract Tower,0,15,42,4,61,0,11,59,1,71,0,26,101,5,132,36,0,36,168
03/23/2018,DTS,FL,ASO,ES,Federal Contract Tower,0,13,61,0,74,0,0,85,3,88,0,13,146,3,162,54,6,60,222
03/24/2018,DTS,FL,ASO,ES,Federal Contract Tower,0,9,60,0,69,0,2,90,1,93,0,11,150,1,162,46,0,46,208
03/25/2018,DTS,FL,ASO,ES,Federal Contract Tower,0,8,82,0,90,0,1,37,0,38,0,9,119,0,128,48,0,48,176
03/26/2018,DTS,FL,ASO,ES,Federal Contract Tower,0,14,44,5,63,0,0,13,1,14,0,14,57,6,77,8,0,8,85
03/27/2018,DTS,FL,ASO,ES,Federal Contract Tower,0,11,37,4,52,0,0,42,9,51,0,11,79,13,103,38,42,80,183
03/28/2018,DTS,FL,ASO,ES,Federal Contract Tower,0,11,65,2,78,0,1,37,10,48,0,12,102,12,126,16,12,28,154
03/29/2018,DTS,FL,ASO,ES,Federal Contract Tower,0,18,53,12,83,0,0,38,4,42,0,18,91,16,125,8,10,18,143
03/30/2018,DTS,FL,ASO,ES,Federal Contract Tower,0,32,114,0,146,0,0,109,1,110,0,32,223,1,256,56,2,58,314
03/31/2018,DTS,FL,ASO,ES,Federal Contract Tower,0,27,71,0,98,0,0,70,0,70,0,27,141,0,168,6,0,6,174
04/01/2018,DTS,FL,ASO,ES,Federal Contract Tower,0,16,59,0,75,0,0,70,0,70,0,16,129,0,145,66,2,68,213
04/02/2018,DTS,FL,ASO,ES,Federal Contract Tower,0,16,98,5,119,0,0,29,5,34,0,16,127,10,153,2,28,30,183
04/03/2018,DTS,FL,ASO,ES,Federal Contract Tower,0,11,50,2,63,0,0,68,4,72,0,11,118,6,135,44,4,48,183
04/04/2018,DTS,FL,ASO,ES,Federal Contract Tower,0,10,49,3,62,0,0,30,3,33,0,10,79,6,95,14,22,36,131
04/05/2018,DTS,FL,ASO,ES,Federal Contract Tower,0,25,65,3,93,0,4,77,8,89,0,29,142,11,182,68,6,74,256
04/06/2018,DTS,FL,ASO,ES,Federal Contract Tower,0,16,71,0,87,0,2,55,0,57,0,18,126,0,144,24,0,24,168
04/07/2018,DTS,FL,ASO,ES,Federal Contract Tower,0,14,34,0,48,0,0,18,0,18,0,14,52,0,66,0,0,0,66
04/08/2018,DTS,FL,ASO,ES,Federal Contract Tower,0,24,92,0,116,0,0,45,3,48,0,24,137,3,164,20,0,20,184
04/09/2018,DTS,FL,ASO,ES,Federal Contract Tower,0,10,43,6,59,0,0,18,1,19,0,10,61,7,78,30,0,30,108
04/10/2018,DTS,FL,ASO,ES,Federal Contract Tower,0,4,51,1,56,0,0,18,3,21,0,4,69,4,77,4,0,4,81
04/11/2018,DTS,FL,ASO,ES,Federal Contract Tower,0,11,56,2,69,0,2,68,3,73,0,13,124,5,142,42,8,50,192
04/12/2018,DTS,FL,ASO,ES,Federal Contract Tower,0,7,60,1,68,0,0,74,8,82,0,7,134,9,150,16,38,54,204
04/13/2018,DTS,FL,ASO,ES,Federal Contract Tower,0,13,59,1,73,0,0,65,1,66,0,13,124,2,139,18,0,18,157
04/14/2018,DTS,FL,ASO,ES,Federal Contract Tower,0,4,19,0,23,0,0,27,0,27,0,4,46,0,50,4,0,4,54
04/15/2018,DTS,FL,ASO,ES,Federal Contract Tower,0,14,67,0,81,0,0,43,0,43,0,14,110,0,124,2,0,2,126
04/16/2018,DTS,FL,ASO,ES,Federal Contract Tower,0,16,38,2,56,0,0,53,7,60,0,16,91,9,116,34,42,76,192
04/17/2018,DTS,FL,ASO,ES,Federal Contract Tower,0,9,72,2,83,0,0,60,17,77,0,9,132,19,160,16,6,22,182
04/18/2018,DTS,FL,ASO,ES,Federal Contract Tower,0,9,72,4,85,0,4,43,3,50,0,13,115,7,135,28,4,32,167
04/19/2018,DTS,FL,ASO,ES,Federal Contract Tower,0,7,51,4,62,0,4,51,4,59,0,11,102,8,121,0,6,6,127
04/20/2018,DTS,FL,ASO,ES,Federal Contract Tower,0,11,90,2,103,0,0,94,4,98,0,11,184,6,201,54,0,54,255
04/21/2018,DTS,FL,ASO,ES,Federal Contract Tower,0,8,61,0,69,0,0,97,0,97,0,8,158,0,166,40,0,40,206
04/22/2018,DTS,FL,ASO,ES,Federal Contract Tower,0,4,60,0,64,0,0,2,1,3,0,4,62,1,67,0,0,0,67
04/23/2018,DTS,FL,ASO,ES,Federal Contract Tower,0,14,51,1,66,0,4,36,7,47,0,18,87,8,113,10,10,20,133
04/24/2018,DTS,FL,ASO,ES,Federal Contract Tower,0,14,46,4,64,0,2,55,4,61,0,16,101,8,125,4,4,8,133
04/25/2018,DTS,FL,ASO,ES,Federal Contract Tower,0,11,56,2,69,0,0,65,4,69,0,11,121,6,138,58,4,62,200
04/26/2018,DTS,FL,ASO,ES,Federal Contract Tower,0,17,64,3,84,0,2,52,8,62,0,19,116,11,146,6,10,16,162
04/27/2018,DTS,FL,ASO,ES,Federal Contract Tower,0,10,79,0,89,0,0,80,0,80,0,10,159,0,169,50,0,50,219
04/28/2018,DTS,FL,ASO,ES,Federal Contract Tower,0,4,37,0,41,0,4,95,0,99,0,8,132,0,140,48,0,48,188
04/29/2018,DTS,FL,ASO,ES,Federal Contract Tower,0,16,67,0,83,0,0,106,0,106,0,16,173,0,189,32,0,32,221
04/30/2018,DTS,FL,ASO,ES,Federal Contract Tower,0,18,48,0,66,0,0,71,5,76,0,18,119,5,142,32,6,38,180
05/01/2018,DTS,FL,ASO,ES,Federal Contract Tower,0,8,48,3,59,0,2,55,2,59,0,10,103,5,118,36,0,36,154
05/02/2018,DTS,FL,ASO,ES,Federal Contract Tower,0,7,47,2,56,0,0,40,6,46,0,7,87,8,102,26,22,48,150
05/03/2018,DTS,FL,ASO,ES,Federal Contract Tower,0,17,67,0,84,0,2,55,2,59,0,19,122,2,143,20,6,26,169
05/04/2018,DTS,FL,ASO,ES,Federal Contract Tower,0,8,66,0,74,0,4,69,4,77,0,12,135,4,151,64,8,72,223
05/05/2018,DTS,FL,ASO,ES,Federal Contract Tower,0,5,43,0,48,0,0,81,4,85,0,5,124,4,133,70,14,84,217
05/06/2018,DTS,FL,ASO,ES,Federal Contract Tower,0,10,81,0,91,0,0,100,0,100,0,10,181,0,191,38,0,38,229
05/07/2018,DTS,FL,ASO,ES,Federal Contract Tower,0,8,60,0,68,0,0,84,6,90,0,8,144,6,158,18,10,28,186
05/08/2018,DTS,FL,ASO,ES,Federal Contract Tower,0,11,42,3,56,0,5,36,4,45,0,16,78,7,101,40,6,46,147
05/09/2018,DTS,FL,ASO,ES,Federal Contract Tower,0,4,49,5,58,0,0,71,5,76,0,4,120,10,134,36,38,74,208
05/10/2018,DTS,FL,ASO,ES,Federal Contract Tower,0,13,60,1,74,0,0,68,12,80,0,13,128,13,154,98,32,130,284
05/11/2018,DTS,FL,ASO,ES,Federal Contract Tower,0,19,62,0,81,0,1,66,0,67,0,20,128,0,148,14,0,14,162
05/12/2018,DTS,FL,ASO,ES,Federal Contract Tower,0,4,47,0,51,0,0,60,0,60,0,4,107,0,111,88,0,88,199
05/13/2018,DTS,FL,ASO,ES,Federal Contract Tower,0,15,68,0,83,0,1,85,0,86,0,16,153,0,169,18,0,18,187
05/14/2018,DTS,FL,ASO,ES,Federal Contract Tower,0,12,58,2,72,0,0,51,6,57,0,12,109,8,129,48,2,50,179
05/15/2018,DTS,FL,ASO,ES,Federal Contract Tower,0,2,28,3,33,0,0,39,3,42,0,2,67,6,75,18,0,18,93
05/16/2018,DTS,FL,ASO,ES,Federal Contract Tower,0,6,45,2,53,0,0,18,1,19,0,6,63,3,72,24,14,38,110
05/17/2018,DTS,FL,ASO,ES,Federal Contract Tower,0,14,55,3,72,0,2,58,5,65,0,16,113,8,137,60,6,66,203
05/18/2018,DTS,FL,ASO,ES,Federal Contract Tower,0,8,61,0,69,0,0,56,6,62,0,8,117,6,131,2,0,2,133
05/19/2018,DTS,FL,ASO,ES,Federal Contract Tower,0,14,67,0,81,0,0,78,2,80,0,14,145,2,161,50,12,62,223
05/20/2018,DTS,FL,ASO,ES,Federal Contract Tower,0,10,60,0,70,0,0,67,1,68,0,10,127,1,138,50,0,50,188
05/21/2018,DTS,FL,ASO,ES,Federal Contract Tower,0,11,54,5,70,0,0,32,1,33,0,11,86,6,103,20,12,32,135
05/22/2018,DTS,FL,ASO,ES,Federal Contract Tower,0,11,51,7,69,0,0,56,4,60,0,11,107,11,129,20,18,38,167
05/23/2018,DTS,FL,ASO,ES,Federal Contract Tower,0,13,51,4,68,0,0,72,14,86,0,13,123,18,154,56,26,82,236
05/24/2018,DTS,FL,ASO,ES,Federal Contract Tower,0,19,88,2,109,0,2,100,2,104,0,21,188,4,213,14,0,14,227
05/25/2018,DTS,FL,ASO,ES,Federal Contract Tower,0,18,95,0,113,0,2,98,2,102,0,20,193,2,215,64,18,82,297
05/26/2018,DTS,FL,ASO,ES,Federal Contract Tower,0,12,75,0,87,0,0,55,0,55,0,12,130,0,142,40,0,40,182
05/27/2018,DTS,FL,ASO,ES,Federal Contract Tower,0,22,50,0,72,0,0,65,0,65,0,22,115,0,137,0,0,0,137
05/29/2018,DTS,FL,ASO,ES,Federal Contract Tower,0,10,50,4,64,0,0,46,4,50,0,10,96,8,114,14,14,28,142
05/30/2018,DTS,FL,ASO,ES,Federal Contract Tower,0,8,68,3,79,0,0,39,0,39,0,8,107,3,118,2,0,2,120
05/31/2018,DTS,FL,ASO,ES,Federal Contract Tower,0,15,80,0,95,0,0,75,2,77,0,15,155,2,172,6,0,6,178
06/01/2018,DTS,FL,ASO,ES,Federal Contract Tower,0,19,88,0,107,0,0,89,2,91,0,19,177,2,198,8,0,8,206
06/02/2018,DTS,FL,ASO,ES,Federal Contract Tower,0,16,78,0,94,0,2,95,4,101,0,18,173,4,195,60,0,60,255
06/03/2018,DTS,FL,ASO,ES,Federal Contract Tower,0,7,82,0,89,0,2,94,3,99,0,9,176,3,188,20,0,20,208
06/04/2018,DTS,FL,ASO,ES,Federal Contract Tower,0,6,68,5,79,0,0,81,4,85,0,6,149,9,164,22,12,34,198
06/05/2018,DTS,FL,ASO,ES,Federal Contract Tower,0,1,44,4,49,0,4,41,3,48,0,5,85,7,97,20,4,24,121
06/06/2018,DTS,FL,ASO,ES,Federal Contract Tower,0,12,60,4,76,0,0,85,6,91,0,12,145,10,167,4,14,18,185
06/07/2018,DTS,FL,ASO,ES,Federal Contract Tower,0,13,72,5,90,0,0,87,6,93,0,13,159,11,183,46,10,56,239
06/08/2018,DTS,FL,ASO,ES,Federal Contract Tower,0,15,85,0,100,0,0,144,2,146,0,15,229,2,246,22,12,34,280
06/09/2018,DTS,FL,ASO,ES,Federal Contract Tower,0,9,77,0,86,0,0,93,0,93,0,9,170,0,179,22,0,22,201
06/10/2018,DTS,FL,ASO,ES,Federal Contract Tower,0,16,73,0,89,0,0,88,0,88,0,16,161,0,177,14,0,14,191
06/11/2018,DTS,FL,ASO,ES,Federal Contract Tower,0,15,53,1,69,0,0,93,2,95,0,15,146,3,164,34,6,40,204
06/12/2018,DTS,FL,ASO,ES,Federal Contract Tower,0,7,37,0,44,0,0,28,2,30,0,7,65,2,74,0,0,0,74
06/13/2018,DTS,FL,ASO,ES,Federal Contract Tower,0,9,57,1,67,0,2,120,16,138,0,11,177,17,205,8,12,20,225
06/14/2018,DTS,FL,ASO,ES,Federal Contract Tower,0,13,62,4,79,0,0,71,7,78,0,13,133,11,157,6,4,10,167
06/15/2018,DTS,FL,ASO,ES,Federal Contract Tower,0,6,73,4,83,0,0,108,1,109,0,6,181,5,192,6,2,8,200
06/16/2018,DTS,FL,ASO,ES,Federal Contract Tower,0,14,75,0,89,0,0,141,0,141,0,14,216,0,230,12,0,12,242
06/17/2018,DTS,FL,ASO,ES,Federal Contract Tower,0,17,60,0,77,0,0,167,0,167,0,17,227,0,244,62,0,62,306
06/18/2018,DTS,FL,ASO,ES,Federal Contract Tower,0,6,74,4,84,0,0,101,8,109,0,6,175,12,193,10,8,18,211
06/19/2018,DTS,FL,ASO,ES,Federal Contract Tower,0,17,39,0,56,0,0,127,15,142,0,17,166,15,198,26,30,56,254
06/20/2018,DTS,FL,ASO,ES,Federal Contract Tower,0,16,57,5,78,0,0,185,5,190,0,16,242,10,268,26,12,38,306
06/21/2018,DTS,FL,ASO,ES,Federal Contract Tower,0,11,69,2,82,0,0,164,2,166,0,11,233,4,248,32,4,36,284
06/22/2018,DTS,FL,ASO,ES,Federal Contract Tower,0,11,82,0,93,0,2,200,1,203,0,13,282,1,296,10,0,10,306
06/23/2018,DTS,FL,ASO,ES,Federal Contract Tower,0,10,75,0,85,0,0,221,5,226,0,10,296,5,311,46,0,46,357
06/24/2018,DTS,FL,ASO,ES,Federal Contract Tower,0,18,95,0,113,0,2,180,4,186,0,20,275,4,299,28,0,28,327
06/25/2018,DTS,FL,ASO,ES,Federal Contract Tower,0,16,48,4,68,0,0,153,6,159,0,16,201,10,227,86,34,120,347
06/26/2018,DTS,FL,ASO,ES,Federal Contract Tower,0,4,48,7,59,0,0,158,5,163,0,4,206,12,222,56,2,58,280
06/27/2018,DTS,FL,ASO,ES,Federal Contract Tower,0,15,64,5,84,0,0,140,9,149,0,15,204,14,233,40,0,40,273
06/28/2018,DTS,FL,ASO,ES,Federal Contract Tower,0,21,82,4,107,0,0,177,1,178,0,21,259,5,285,24,0,24,309
06/29/2018,DTS,FL,ASO,ES,Federal Contract Tower,0,21,114,0,135,0,0,165,0,165,0,21,279,0,300,32,0,32,332
06/30/2018,DTS,FL,ASO,ES,Federal Contract Tower,0,11,105,0,116,0,0,164,0,164,0,11,269,0,280,20,0,20,300
07/01/2018,DTS,FL,ASO,ES,Federal Contract Tower,0,20,98,1,119,0,0,113,0,113,0,20,211,1,232,2,0,2,234
07/02/2018,DTS,FL,ASO,ES,Federal Contract Tower,0,11,52,1,64,0,2,74,0,76,0,13,126,1,140,0,0,0,140
07/03/2018,DTS,FL,ASO,ES,Federal Contract Tower,0,14,62,1,77,0,2,142,2,146,0,16,204,3,223,0,16,16,239
07/04/2018,DTS,FL,ASO,ES,Federal Contract Tower,0,5,37,0,42,0,0,244,0,244,0,5,281,0,286,32,0,32,318
07/05/2018,DTS,FL,ASO,ES,Federal Contract Tower,0,16,67,0,83,0,0,190,11,201,0,16,257,11,284,8,4,12,296
07/06/2018,DTS,FL,ASO,ES,Federal Contract Tower,0,15,61,0,76,0,0,248,1,249,0,15,309,1,325,42,0,42,367
07/07/2018,DTS,FL,ASO,ES,Federal Contract Tower,0,24,116,0,140,0,0,226,0,226,0,24,342,0,366,46,0,46,412
07/08/2018,DTS,FL,ASO,ES,Federal Contract Tower,0,29,111,0,140,0,2,193,0,195,0,31,304,0,335,64,0,64,399
07/09/2018,DTS,FL,ASO,ES,Federal Contract Tower,0,16,43,6,65,0,0,128,0,128,0,16,171,6,193,8,0,8,201
07/10/2018,DTS,FL,ASO,ES,Federal Contract Tower,0,5,32,3,40,0,0,120,2,122,0,5,152,5,162,6,12,18,180
07/11/2018,DTS,FL,ASO,ES,Federal Contract Tower,0,5,28,1,34,0,2,163,2,167,0,7,191,3,201,8,8,16,217
07/12/2018,DTS,FL,ASO,ES,Federal Contract Tower,0,6,68,0,74,0,0,169,2,171,0,6,237,2,245,36,4,40,285
07/13/2018,DTS,FL,ASO,ES,Federal Contract Tower,0,14,69,0,83,0,3,254,0,257,0,17,323,0,340,99,2,101,441
07/14/2018,DTS,FL,ASO,ES,Federal Contract Tower,0,21,99,0,120,0,0,162,1,163,0,21,261,1,283,16,0,16,299
07/15/2018,DTS,FL,ASO,ES,Federal Contract Tower,0,14,68,0,82,0,0,211,0,211,0,14,279,0,293,38,0,38,331
07/16/2018,DTS,FL,ASO,ES,Federal Contract Tower,0,10,54,3,67,0,2,160,10,172,0,12,214,13,239,30,38,68,307
07/17/2018,DTS,FL,ASO,ES,Federal Contract Tower,0,12,41,2,55,0,0,113,8,121,0,12,154,10,176,22,22,44,220
07/18/2018,DTS,FL,ASO,ES,Federal Contract Tower,0,11,44,1,56,0,0,267,6,273,0,11,311,7,329,30,22,52,381
07/19/2018,DTS,FL,ASO,ES,Federal Contract Tower,0,21,76,4,101,0,2,219,7,228,0,23,295,11,329,36,24,60,389
07/20/2018,DTS,FL,ASO,ES,Federal Contract Tower,0,13,80,1,94,0,0,286,3,289,0,13,366,4,383,68,4,72,455
07/21/2018,DTS,FL,ASO,ES,Federal Contract Tower,0,19,100,0,119,0,1,219,3,223,0,20,319,3,342,46,0,46,388
07/22/2018,DTS,FL,ASO,ES,Federal Contract Tower,0,15,89,0,104,0,0,214,5,219,0,15,303,5,323,0,0,0,323
07/23/2018,DTS,FL,ASO,ES,Federal Contract Tower,0,9,47,1,57,0,0,139,6,145,0,9,186,7,202,28,18,46,248
07/24/2018,DTS,FL,ASO,ES,Federal Contract Tower,0,11,56,3,70,0,0,279,5,284,0,11,335,8,354,34,14,48,402
07/25/2018,DTS,FL,ASO,ES,Federal Contract Tower,0,13,49,1,63,0,2,303,1,306,0,15,352,2,369,22,8,30,399
07/26/2018,DTS,FL,ASO,ES,Federal Contract Tower,0,10,59,7,76,0,0,229,5,234,0,10,288,12,310,16,6,22,332
07/27/2018,DTS,FL,ASO,ES,Federal Contract Tower,0,8,71,4,83,0,1,301,4,306,0,9,372,8,389,30,12,42,431
07/28/2018,DTS,FL,ASO,ES,Federal Contract Tower,0,15,84,0,99,0,2,339,0,341,0,17,423,0,440,88,0,88,528
07/29/2018,DTS,FL,ASO,ES,Federal Contract Tower,0,16,78,0,94,0,1,217,3,221,0,17,295,3,315,12,0,12,327
07/30/2018,DTS,FL,ASO,ES,Federal Contract Tower,0,6,64,2,72,0,1,168,8,177,0,7,232,10,249,8,8,16,265
07/31/2018,DTS,FL,ASO,ES,Federal Contract Tower,0,7,37,3,47,0,0,158,7,165,0,7,195,10,212,40,0,40,252
08/01/2018,DTS,FL,ASO,ES,Federal Contract Tower,0,17,33,2,52,0,0,30,0,30,0,17,63,2,82,0,0,0,82
08/02/2018,DTS,FL,ASO,ES,Federal Contract Tower,0,5,44,5,54,0,0,109,2,111,0,5,153,7,165,14,30,44,209
08/03/2018,DTS,FL,ASO,ES,Federal Contract Tower,0,13,68,0,81,0,0,217,2,219,0,13,285,2,300,20,4,24,324
08/04/2018,DTS,FL,ASO,ES,Federal Contract Tower,0,26,76,0,102,0,0,255,0,255,0,26,331,0,357,16,0,16,373
08/05/2018,DTS,FL,ASO,ES,Federal Contract Tower,0,17,93,0,110,0,2,229,0,231,0,19,322,0,341,32,0,32,373
08/06/2018,DTS,FL,ASO,ES,Federal Contract Tower,0,11,50,4,65,0,0,209,12,221,0,11,259,16,286,30,26,56,342
08/07/2018,DTS,FL,ASO,ES,Federal Contract Tower,0,10,39,6,55,0,0,157,3,160,0,10,196,9,215,8,22,30,245
08/08/2018,DTS,FL,ASO,ES,Federal Contract Tower,0,7,37,6,50,0,2,256,9,267,0,9,293,15,317,28,40,68,385
08/09/2018,DTS,FL,ASO,ES,Federal Contract Tower,0,13,54,5,72,0,0,198,1,199,0,13,252,6,271,22,18,40,311
08/10/2018,DTS,FL,ASO,ES,Federal Contract Tower,0,10,59,0,69,0,0,222,4,226,0,10,281,4,295,6,0,6,301
08/11/2018,DTS,FL,ASO,ES,Federal Contract Tower,0,22,55,0,77,0,2,148,0,150,0,24,203,0,227,60,0,60,287
08/12/2018,DTS,FL,ASO,ES,Federal Contract Tower,0,7,87,0,94,0,4,243,0,247,0,11,330,0,341,10,0,10,351
08/13/2018,DTS,FL,ASO,ES,Federal Contract Tower,0,8,45,7,60,0,0,122,7,129,0,8,167,14,189,24,12,36,225
08/14/2018,DTS,FL,ASO,ES,Federal Contract Tower,0,5,48,4,57,0,1,189,4,194,0,6,237,8,251,12,2,14,265
08/15/2018,DTS,FL,ASO,ES,Federal Contract Tower,0,6,43,5,54,0,0,206,8,214,0,6,249,13,268,20,10,30,298
08/16/2018,DTS,FL,ASO,ES,Federal Contract Tower,0,10,54,6,70,0,0,184,1,185,0,10,238,7,255,40,22,62,317
08/17/2018,DTS,FL,ASO,ES,Federal Contract Tower,0,8,42,2,52,0,0,171,1,172,0,8,213,3,224,18,20,38,262
08/18/2018,DTS,FL,ASO,ES,Federal Contract Tower,0,10,34,0,44,0,0,175,0,175,0,10,209,0,219,12,0,12,231
08/19/2018,DTS,FL,ASO,ES,Federal Contract Tower,0,10,54,1,65,0,0,129,1,130,0,10,183,2,195,50,0,50,245
08/20/2018,DTS,FL,ASO,ES,Federal Contract Tower,0,9,43,4,56,0,0,83,6,89,0,9,126,10,145,40,4,44,189
08/21/2018,DTS,FL,ASO,ES,Federal Contract Tower,0,1,32,10,43,0,0,54,6,60,0,1,86,16,103,14,4,18,121
08/22/2018,DTS,FL,ASO,ES,Federal Contract Tower,0,2,30,4,36,0,0,115,11,126,0,2,145,15,162,0,40,40,202
08/23/2018,DTS,FL,ASO,ES,Federal Contract Tower,0,11,47,3,61,0,0,125,5,130,0,11,172,8,191,12,16,28,219
08/24/2018,DTS,FL,ASO,ES,Federal Contract Tower,0,1,55,1,57,0,4,103,2,109,0,5,158,3,166,36,0,36,202
08/25/2018,DTS,FL,ASO,ES,Federal Contract Tower,0,0,29,0,29,0,0,121,1,122,0,0,150,1,151,8,0,8,159
08/26/2018,DTS,FL,ASO,ES,Federal Contract Tower,0,9,50,0,59,0,0,168,0,168,0,9,218,0,227,40,0,40,267
08/27/2018,DTS,FL,ASO,ES,Federal Contract Tower,0,8,41,5,54,0,0,71,8,79,0,8,112,13,133,4,16,20,153
08/28/2018,DTS,FL,ASO,ES,Federal Contract Tower,0,0,21,3,24,0,0,72,7,79,0,0,93,10,103,10,10,20,123
08/29/2018,DTS,FL,ASO,ES,Federal Contract Tower,0,5,32,7,44,0,0,51,9,60,0,5,83,16,104,38,24,62,166
08/30/2018,DTS,FL,ASO,ES,Federal Contract Tower,0,14,72,4,90,0,1,79,12,92,0,15,151,16,182,20,24,44,226
08/31/2018,DTS,FL,ASO,ES,Federal Contract Tower,0,14,114,1,129,0,0,124,2,126,0,14,238,3,255,12,0,12,267
09/01/2018,DTS,FL,ASO,ES,Federal Contract Tower,0,6,23,0,29,0,0,153,4,157,0,6,176,4,186,8,0,8,194
09/02/2018,DTS,FL,ASO,ES,Federal Contract Tower,0,6,31,0,37,0,0,153,0,153,0,6,184,0,190,20,0,20,210
09/03/2018,DTS,FL,ASO,ES,Federal Contract Tower,0,19,126,0,145,0,0,172,1,173,0,19,298,1,318,34,0,34,352
09/04/2018,DTS,FL,ASO,ES,Federal Contract Tower,0,4,37,3,44,0,0,2,0,2,0,4,39,3,46,0,0,0,46
09/05/2018,DTS,FL,ASO,ES,Federal Contract Tower,0,3,25,2,30,0,0,10,2,12,0,3,35,4,42,4,4,8,50
09/06/2018,DTS,FL,ASO,ES,Federal Contract Tower,0,6,54,9,69,0,0,100,3,103,0,6,154,12,172,38,16,54,226
09/07/2018,DTS,FL,ASO,ES,Federal Contract Tower,0,5,37,2,44,0,1,112,4,117,0,6,149,6,161,24,12,36,197
09/08/2018,DTS,FL,ASO,ES,Federal Contract Tower,0,10,37,0,47,0,0,117,0,117,0,10,154,0,164,62,0,62,226
09/09/2018,DTS,FL,ASO,ES,Federal Contract Tower,0,5,39,1,45,0,0,107,0,107,0,5,146,1,152,60,0,60,212
09/10/2018,DTS,FL,ASO,ES,Federal Contract Tower,0,13,23,2,38,0,1,42,10,53,0,14,65,12,91,36,30,66,157
09/11/2018,DTS,FL,ASO,ES,Federal Contract Tower,0,8,27,5,40,0,0,67,10,77,0,8,94,15,117,8,18,26,143
09/12/2018,DTS,FL,ASO,ES,Federal Contract Tower,0,12,42,2,56,0,0,70,7,77,0,12,112,9,133,36,0,36,169
09/13/2018,DTS,FL,ASO,ES,Federal Contract Tower,0,4,55,4,63,0,0,78,16,94,0,4,133,20,157,30,18,48,205
09/14/2018,DTS,FL,ASO,ES,Federal Contract Tower,0,14,50,1,65,0,1,135,2,138,0,15,185,3,203,24,4,28,231
09/15/2018,DTS,FL,ASO,ES,Federal Contract Tower,0,8,47,0,55,0,2,170,0,172,0,10,217,0,227,28,0,28,255
09/16/2018,DTS,FL,ASO,ES,Federal Contract Tower,0,16,68,1,85,0,0,93,1,94,0,16,161,2,179,42,0,42,221
09/17/2018,DTS,FL,ASO,ES,Federal Contract Tower,0,7,31,5,43,0,2,58,11,71,0,9,89,16,114,12,4,16,130
09/18/2018,DTS,FL,ASO,ES,Federal Contract Tower,0,12,32,2,46,0,0,66,5,71,0,12,98,7,117,40,0,40,157
09/19/2018,DTS,FL,ASO,ES,Federal Contract Tower,0,10,59,2,71,0,0,74,16,90,0,10,133,18,161,8,70,78,239
09/20/2018,DTS,FL,ASO,ES,Federal Contract Tower,0,18,48,5,71,0,2,90,8,100,0,20,138,13,171,14,22,36,207
09/21/2018,DTS,FL,ASO,ES,Federal Contract Tower,0,14,73,2,89,0,0,54,0,54,0,14,127,2,143,18,12,30,173
09/22/2018,DTS,FL,ASO,ES,Federal Contract Tower,0,9,35,0,44,0,0,137,0,137,0,9,172,0,181,24,0,24,205
09/23/2018,DTS,FL,ASO,ES,Federal Contract Tower,0,15,57,1,73,0,0,96,0,96,0,15,153,1,169,74,0,74,243
09/24/2018,DTS,FL,ASO,ES,Federal Contract Tower,0,9,30,5,44,0,0,32,0,32,0,9,62,5,76,0,0,0,76
09/25/2018,DTS,FL,ASO,ES,Federal Contract Tower,0,4,24,1,29,0,0,34,7,41,0,4,58,8,70,20,4,24,94
09/26/2018,DTS,FL,ASO,ES,Federal Contract Tower,0,9,46,2,57,0,0,84,3,87,0,9,130,5,144,10,14,24,168
09/27/2018,DTS,FL,ASO,ES,Federal Contract Tower,0,8,39,3,50,0,0,66,8,74,0,8,105,11,124,0,6,6,130
09/28/2018,DTS,FL,ASO,ES,Federal Contract Tower,0,9,58,0,67,0,0,85,4,89,0,9,143,4,156,26,16,42,198
09/29/2018,DTS,FL,ASO,ES,Federal Contract Tower,0,11,42,0,53,0,0,114,0,114,0,11,156,0,167,22,0,22,189
09/30/2018,DTS,FL,ASO,ES,Federal Contract Tower,0,7,69,0,76,0,0,75,0,75,0,7,144,0,151,36,0,36,187
10/01/2018,DTS,FL,ASO,ES,Federal Contract Tower,0,10,41,0,51,0,0,35,2,37,0,10,76,2,88,0,0,0,88
10/02/2018,DTS,FL,ASO,ES,Federal Contract Tower,0,4,39,0,43,0,0,71,3,74,0,4,110,3,117,34,4,38,155
10/03/2018,DTS,FL,ASO,ES,Federal Contract Tower,0,13,42,2,57,0,1,91,1,93,0,14,133,3,150,38,0,38,188
10/04/2018,DTS,FL,ASO,ES,Federal Contract Tower,0,16,76,0,92,0,0,75,1,76,0,16,151,1,168,46,0,46,214
10/05/2018,DTS,FL,ASO,ES,Federal Contract Tower,0,14,114,0,128,0,2,91,4,97,0,16,205,4,225,16,6,22,247
10/06/2018,DTS,FL,ASO,ES,Federal Contract Tower,0,10,44,0,54,0,0,153,0,153,0,10,197,0,207,36,0,36,243
10/07/2018,DTS,FL,ASO,ES,Federal Contract Tower,0,24,93,0,117,0,2,98,0,100,0,26,191,0,217,22,0,22,239
10/08/2018,DTS,FL,ASO,ES,Federal Contract Tower,0,20,92,0,112,0,0,63,0,63,0,20,155,0,175,14,0,14,189
10/09/2018,DTS,FL,ASO,ES,Federal Contract Tower,0,23,53,0,76,0,0,7,0,7,0,23,60,0,83,0,0,0,83
10/11/2018,DTS,FL,ASO,ES,Federal Contract Tower,0,2,41,0,43,0,18,56,13,87,0,20,97,13,130,0,0,0,130
10/12/2018,DTS,FL,ASO,ES,Federal Contract Tower,0,17,77,0,94,0,1,85,7,93,0,18,162,7,187,18,0,18,205
10/13/2018,DTS,FL,ASO,ES,Federal Contract Tower,0,15,38,0,53,0,7,103,1,111,0,22,141,1,164,26,0,26,190
10/14/2018,DTS,FL,ASO,ES,Federal Contract Tower,0,17,68,0,85,0,2,81,1,84,0,19,149,1,169,40,2,42,211
10/15/2018,DTS,FL,ASO,ES,Federal Contract Tower,0,9,53,0,62,0,8,44,1,53,0,17,97,1,115,30,2,32,147
10/16/2018,DTS,FL,ASO,ES,Federal Contract Tower,0,3,44,0,47,0,6,47,6,59,0,9,91,6,106,28,14,42,148
10/17/2018,DTS,FL,ASO,ES,Federal Contract Tower,0,13,59,5,77,0,2,106,10,118,0,15,165,15,195,70,22,92,287
10/18/2018,DTS,FL,ASO,ES,Federal Contract Tower,0,9,86,3,98,0,5,86,4,95,0,14,172,7,193,20,22,42,235
10/19/2018,DTS,FL,ASO,ES,Federal Contract Tower,0,13,68,0,81,0,5,79,0,84,0,18,147,0,165,18,0,18,183
10/20/2018,DTS,FL,ASO,ES,Federal Contract Tower,0,8,36,0,44,0,1,72,0,73,0,9,108,0,117,34,0,34,151
10/21/2018,DTS,FL,ASO,ES,Federal Contract Tower,0,18,86,0,104,0,6,72,0,78,0,24,158,0,182,8,0,8,190
10/22/2018,DTS,FL,ASO,ES,Federal Contract Tower,0,13,48,6,67,0,2,50,19,71,0,15,98,25,138,12,16,28,166
10/23/2018,DTS,FL,ASO,ES,Federal Contract Tower,1,3,31,6,41,0,6,30,8,44,1,9,61,14,85,0,10,10,95
10/24/2018,DTS,FL,ASO,ES,Federal Contract Tower,0,6,45,4,55,0,3,73,8,84,0,9,118,12,139,34,20,54,193
10/25/2018,DTS,FL,ASO,ES,Federal Contract Tower,0,9,62,0,71,0,0,2,1,3,0,9,64,1,74,0,0,0,74
10/26/2018,DTS,FL,ASO,ES,Federal Contract Tower,0,20,65,2,87,0,0,48,4,52,0,20,113,6,139,0,4,4,143
10/27/2018,DTS,FL,ASO,ES,Federal Contract Tower,0,18,36,0,54,0,0,70,5,75,0,18,106,5,129,24,2,26,155
10/28/2018,DTS,FL,ASO,ES,Federal Contract Tower,0,17,54,0,71,0,6,83,2,91,0,23,137,2,162,34,12,46,208
10/29/2018,DTS,FL,ASO,ES,Federal Contract Tower,0,10,36,1,47,0,2,42,3,47,0,12,78,4,94,10,4,14,108
10/30/2018,DTS,FL,ASO,ES,Federal Contract Tower,0,5,28,1,34,0,2,39,11,52,0,7,67,12,86,26,2,28,114
10/31/2018,DTS,FL,ASO,ES,Federal Contract Tower,0,12,44,4,60,0,10,36,4,50,0,22,80,8,110,20,6,26,136
11/01/2018,DTS,FL,ASO,ES,Federal Contract Tower,0,5,34,5,44,0,1,2,0,3,0,6,36,5,47,0,2,2,49
11/02/2018,DTS,FL,ASO,ES,Federal Contract Tower,0,18,39,3,60,0,2,42,13,57,0,20,81,16,117,40,18,58,175
11/03/2018,DTS,FL,ASO,ES,Federal Contract Tower,0,3,16,4,23,0,2,93,0,95,0,5,109,4,118,26,0,26,144
11/04/2018,DTS,FL,ASO,ES,Federal Contract Tower,0,18,49,0,67,0,4,53,2,59,0,22,102,2,126,16,8,24,150
11/05/2018,DTS,FL,ASO,ES,Federal Contract Tower,0,7,34,1,42,0,0,13,1,14,0,7,47,2,56,0,0,0,56
11/06/2018,DTS,FL,ASO,ES,Federal Contract Tower,0,7,30,1,38,0,8,0,0,8,0,15,30,1,46,16,6,22,68
11/07/2018,DTS,FL,ASO,ES,Federal Contract Tower,0,7,30,2,39,0,0,38,0,38,0,7,68,2,77,16,2,18,95
11/08/2018,DTS,FL,ASO,ES,Federal Contract Tower,0,11,42,3,56,0,0,11,11,22,0,11,53,14,78,0,56,56,134
11/09/2018,DTS,FL,ASO,ES,Federal Contract Tower,0,9,53,2,64,0,0,26,0,26,0,9,79,2,90,8,0,8,98
11/10/2018,DTS,FL,ASO,ES,Federal Contract Tower,0,6,34,1,41,0,6,36,2,44,0,12,70,3,85,10,0,10,95
11/11/2018,DTS,FL,ASO,ES,Federal Contract Tower,0,10,47,0,57,0,4,76,4,84,0,14,123,4,141,56,10,66,207
11/12/2018,DTS,FL,ASO,ES,Federal Contract Tower,0,6,9,0,15,0,0,0,0,0,0,6,9,0,15,0,0,0,15
11/13/2018,DTS,FL,ASO,ES,Federal Contract Tower,0,6,32,7,45,0,0,0,0,0,0,6,32,7,45,0,0,0,45
11/14/2018,DTS,FL,ASO,ES,Federal Contract Tower,0,8,23,2,33,0,0,0,0,0,0,8,23,2,33,0,0,0,33
11/15/2018,DTS,FL,ASO,ES,Federal Contract Tower,0,14,28,2,44,0,3,19,1,23,0,17,47,3,67,18,0,18,85
11/16/2018,DTS,FL,ASO,ES,Federal Contract Tower,0,20,44,2,66,0,2,50,6,58,0,22,94,8,124,42,0,42,166
11/17/2018,DTS,FL,ASO,ES,Federal Contract Tower,0,8,40,0,48,0,2,62,0,64,0,10,102,0,112,40,0,40,152
11/18/2018,DTS,FL,ASO,ES,Federal Contract Tower,0,18,34,1,53,0,4,65,1,70,0,22,99,2,123,24,0,24,147
11/19/2018,DTS,FL,ASO,ES,Federal Contract Tower,0,10,38,3,51,0,4,57,2,63,0,14,95,5,114,16,10,26,140
11/20/2018,DTS,FL,ASO,ES,Federal Contract Tower,0,11,74,4,89,0,0,47,1,48,0,11,121,5,137,16,8,24,161
11/21/2018,DTS,FL,ASO,ES,Federal Contract Tower,0,20,74,5,99,0,2,107,6,115,0,22,181,11,214,4,4,8,222
11/22/2018,DTS,FL,ASO,ES,Federal Contract Tower,0,4,14,0,18,0,0,22,0,22,0,4,36,0,40,4,0,4,44
11/23/2018,DTS,FL,ASO,ES,Federal Contract Tower,0,18,39,0,57,0,0,62,0,62,0,18,101,0,119,24,0,24,143
11/24/2018,DTS,FL,ASO,ES,Federal Contract Tower,0,13,44,0,57,0,0,81,0,81,0,13,125,0,138,12,0,12,150
11/25/2018,DTS,FL,ASO,ES,Federal Contract Tower,0,16,84,0,100,0,0,14,0,14,0,16,98,0,114,14,0,14,128
11/26/2018,DTS,FL,ASO,ES,Federal Contract Tower,0,7,34,9,50,0,4,16,3,23,0,11,50,12,73,0,10,10,83
11/27/2018,DTS,FL,ASO,ES,Federal Contract Tower,0,10,24,6,40,0,4,21,5,30,0,14,45,11,70,12,14,26,96
11/28/2018,DTS,FL,ASO,ES,Federal Contract Tower,0,10,26,7,43,0,0,27,2,29,0,10,53,9,72,2,18,20,92
11/29/2018,DTS,FL,ASO,ES,Federal Contract Tower,0,0,40,5,45,0,4,27,8,39,0,4,67,13,84,28,12,40,124
11/30/2018,DTS,FL,ASO,ES,Federal Contract Tower,0,5,29,3,37,0,3,40,2,45,0,8,69,5,82,62,4,66,148
12/01/2018,DTS,FL,ASO,ES,Federal Contract Tower,0,3,10,0,13,0,0,0,0,0,0,3,10,0,13,0,0,0,13
12/02/2018,DTS,FL,ASO,ES,Federal Contract Tower,0,6,31,0,37,0,0,17,0,17,0,6,48,0,54,14,0,14,68
12/03/2018,DTS,FL,ASO,ES,Federal Contract Tower,0,9,20,7,36,0,0,15,4,19,0,9,35,11,55,6,4,10,65
12/04/2018,DTS,FL,ASO,ES,Federal Contract Tower,0,5,20,6,31,4,1,53,14,72,4,6,73,20,103,40,26,66,169
12/05/2018,DTS,FL,ASO,ES,Federal Contract Tower,0,8,27,0,35,0,0,30,2,32,0,8,57,2,67,30,0,30,97
12/06/2018,DTS,FL,ASO,ES,Federal Contract Tower,0,7,29,8,44,0,3,32,10,45,0,10,61,18,89,6,4,10,99
12/07/2018,DTS,FL,ASO,ES,Federal Contract Tower,0,6,28,2,36,0,2,30,7,39,0,8,58,9,75,62,16,78,153
12/08/2018,DTS,FL,ASO,ES,Federal Contract Tower,0,3,13,0,16,0,0,17,0,17,0,3,30,0,33,10,0,10,43
12/09/2018,DTS,FL,ASO,ES,Federal Contract Tower,0,6,20,0,26,0,0,5,0,5,0,6,25,0,31,0,0,0,31
12/10/2018,DTS,FL,ASO,ES,Federal Contract Tower,0,10,27,3,40,0,0,8,5,13,0,10,35,8,53,0,10,10,63
12/11/2018,DTS,FL,ASO,ES,Federal Contract Tower,0,6,29,4,39,0,4,28,9,41,0,10,57,13,80,34,4,38,118
12/13/2018,DTS,FL,ASO,ES,Federal Contract Tower,0,4,26,6,36,0,6,17,8,31,0,10,43,14,67,16,16,32,99
12/14/2018,DTS,FL,ASO,ES,Federal Contract Tower,0,11,17,2,30,0,0,4,1,5,0,11,21,3,35,0,0,0,35
12/15/2018,DTS,FL,ASO,ES,Federal Contract Tower,0,4,27,0,31,0,0,41,0,41,0,4,68,0,72,10,0,10,82
12/16/2018,DTS,FL,ASO,ES,Federal Contract Tower,0,3,27,0,30,0,3,30,0,33,0,6,57,0,63,18,0,18,81
12/17/2018,DTS,FL,ASO,ES,Federal Contract Tower,0,2,27,8,37,0,2,31,7,40,0,4,58,15,77,28,4,32,109
12/18/2018,DTS,FL,ASO,ES,Federal Contract Tower,0,3,27,5,35,0,0,57,7,64,0,3,84,12,99,58,16,74,173
12/19/2018,DTS,FL,ASO,ES,Federal Contract Tower,0,7,31,2,40,0,0,42,8,50,0,7,73,10,90,30,10,40,130
12/20/2018,DTS,FL,ASO,ES,Federal Contract Tower,0,5,13,6,24,0,0,0,4,4,0,5,13,10,28,0,20,20,48
12/21/2018,DTS,FL,ASO,ES,Federal Contract Tower,0,5,43,6,54,0,1,4,1,6,0,6,47,7,60,2,0,2,62
12/22/2018,DTS,FL,ASO,ES,Federal Contract Tower,0,2,26,1,29,0,2,63,0,65,0,4,89,1,94,30,0,30,124
12/23/2018,DTS,FL,ASO,ES,Federal Contract Tower,0,6,22,0,28,0,0,64,0,64,0,6,86,0,92,34,0,34,126
12/24/2018,DTS,FL,ASO,ES,Federal Contract Tower,0,1,13,0,14,0,2,56,0,58,0,3,69,0,72,34,0,34,106
12/25/2018,DTS,FL,ASO,ES,Federal Contract Tower,0,2,12,0,14,0,0,6,0,6,0,2,18,0,20,10,0,10,30
12/26/2018,DTS,FL,ASO,ES,Federal Contract Tower,0,10,54,0,64,0,2,94,2,98,0,12,148,2,162,38,12,50,212
12/27/2018,DTS,FL,ASO,ES,Federal Contract Tower,0,17,22,6,45,0,0,13,0,13,0,17,35,6,58,0,6,6,64
12/28/2018,DTS,FL,ASO,ES,Federal Contract Tower,0,6,19,0,25,0,0,0,0,0,0,6,19,0,25,0,0,0,25
12/29/2018,DTS,FL,ASO,ES,Federal Contract Tower,0,8,26,0,34,0,0,0,0,0,0,8,26,0,34,0,0,0,34
12/30/2018,DTS,FL,ASO,ES,Federal Contract Tower,0,4,35,0,39,0,0,0,0,0,0,4,35,0,39,0,0,0,39
12/31/2018,DTS,FL,ASO,ES,Federal Contract Tower,0,7,6,0,13,0,0,16,0,16,0,7,22,0,29,0,0,0,29
01/01/2019,DTS,FL,ASO,ES,Federal Contract Tower,0,0,11,0,11,0,0,0,0,0,0,0,11,0,11,0,0,0,11
01/02/2019,DTS,FL,ASO,ES,Federal Contract Tower,0,3,25,0,28,0,0,0,0,0,0,3,25,0,28,0,0,0,28
01/03/2019,DTS,FL,ASO,ES,Federal Contract Tower,0,8,28,3,39,0,0,13,2,15,0,8,41,5,54,34,0,34,88
01/04/2019,DTS,FL,ASO,ES,Federal Contract Tower,0,7,27,0,34,0,0,35,3,38,0,7,62,3,72,2,0,2,74
01/05/2019,DTS,FL,ASO,ES,Federal Contract Tower,0,6,34,0,40,0,0,79,0,79,0,6,113,0,119,38,0,38,157
01/06/2019,DTS,FL,ASO,ES,Federal Contract Tower,0,2,32,3,37,0,2,64,4,70,0,4,96,7,107,32,22,54,161
01/07/2019,DTS,FL,ASO,ES,Federal Contract Tower,0,5,32,0,37,0,6,30,8,44,0,11,62,8,81,16,8,24,105
01/08/2019,DTS,FL,ASO,ES,Federal Contract Tower,0,5,14,3,22,0,2,23,1,26,0,7,37,4,48,0,8,8,56
01/09/2019,DTS,FL,ASO,ES,Federal Contract Tower,0,6,41,2,49,0,6,16,2,24,0,12,57,4,73,6,4,10,83
01/10/2019,DTS,FL,ASO,ES,Federal Contract Tower,0,0,25,1,26,0,0,30,7,37,0,0,55,8,63,2,2,4,67
01/11/2019,DTS,FL,ASO,ES,Federal Contract Tower,0,4,36,1,41,0,2,50,16,68,0,6,86,17,109,24,14,38,147
01/12/2019,DTS,FL,ASO,ES,Federal Contract Tower,0,5,24,0,29,0,0,9,2,11,0,5,33,2,40,20,4,24,64
01/13/2019,DTS,FL,ASO,ES,Federal Contract Tower,0,6,29,0,35,0,0,32,4,36,0,6,61,4,71,52,0,52,123
01/14/2019,DTS,FL,ASO,ES,Federal Contract Tower,0,1,22,3,26,0,4,6,7,17,0,5,28,10,43,2,0,2,45
01/15/2019,DTS,FL,ASO,ES,Federal Contract Tower,0,3,29,4,36,0,0,26,6,32,0,3,55,10,68,34,10,44,112
01/16/2019,DTS,FL,ASO,ES,Federal Contract Tower,0,3,33,8,44,0,0,24,1,25,0,3,57,9,69,30,2,32,101
01/17/2019,DTS,FL,ASO,ES,Federal Contract Tower,0,4,45,1,50,0,2,28,23,53,0,6,73,24,103,40,0,40,143
01/18/2019,DTS,FL,ASO,ES,Federal Contract Tower,0,8,57,2,67,0,0,23,5,28,0,8,80,7,95,30,14,44,139
01/19/2019,DTS,FL,ASO,ES,Federal Contract Tower,0,4,15,0,19,0,0,8,0,8,0,4,23,0,27,28,0,28,55
01/20/2019,DTS,FL,ASO,ES,Federal Contract Tower,0,7,26,0,33,0,0,36,0,36,0,7,62,0,69,30,0,30,99
01/21/2019,DTS,FL,ASO,ES,Federal Contract Tower,0,9,69,0,78,0,0,68,0,68,0,9,137,0,146,30,0,30,176
01/22/2019,DTS,FL,ASO,ES,Federal Contract Tower,0,3,24,3,30,0,2,20,12,34,0,5,44,15,64,5,4,9,73
01/23/2019,DTS,FL,ASO,ES,Federal Contract Tower,0,2,24,2,28,0,0,2,0,2,0,2,26,2,30,0,0,0,30
01/24/2019,DTS,FL,ASO,ES,Federal Contract Tower,0,9,51,3,63,0,0,7,5,12,0,9,58,8,75,4,16,20,95
01/25/2019,DTS,FL,ASO,ES,Federal Contract Tower,0,3,45,0,48,0,4,39,4,47,0,7,84,4,95,4,14,18,113
01/26/2019,DTS,FL,ASO,ES,Federal Contract Tower,0,0,37,0,37,0,0,65,0,65,0,0,102,0,102,54,0,54,156
01/27/2019,DTS,FL,ASO,ES,Federal Contract Tower,0,3,24,1,28,0,0,51,0,51,0,3,75,1,79,60,0,60,139
01/28/2019,DTS,FL,ASO,ES,Federal Contract Tower,0,5,18,2,25,0,0,30,6,36,0,5,48,8,61,10,10,20,81
01/29/2019,DTS,FL,ASO,ES,Federal Contract Tower,0,3,10,0,13,0,0,8,4,12,0,3,18,4,25,0,0,0,25
01/30/2019,DTS,FL,ASO,ES,Federal Contract Tower,0,6,26,1,33,0,0,8,9,17,0,6,34,10,50,24,0,24,74
01/31/2019,DTS,FL,ASO,ES,Federal Contract Tower,0,3,36,2,41,0,0,42,5,47,0,3,78,7,88,50,14,64,152
02/01/2019,DTS,FL,ASO,ES,Federal Contract Tower,0,3,31,1,35,0,0,32,0,32,0,3,63,1,67,46,0,46,113
02/02/2019,DTS,FL,ASO,ES,Federal Contract Tower,0,3,15,0,18,0,0,14,0,14,0,3,29,0,32,0,0,0,32
02/03/2019,DTS,FL,ASO,ES,Federal Contract Tower,0,4,30,0,34,0,0,17,0,17,0,4,47,0,51,2,0,2,53
02/04/2019,DTS,FL,ASO,ES,Federal Contract Tower,0,5,20,8,33,0,0,6,0,6,0,5,26,8,39,12,0,12,51
02/05/2019,DTS,FL,ASO,ES,Federal Contract Tower,0,2,11,4,17,0,0,20,2,22,0,2,31,6,39,0,0,0,39
02/06/2019,DTS,FL,ASO,ES,Federal Contract Tower,0,2,25,7,34,0,0,30,0,30,0,2,55,7,64,54,22,76,140
02/07/2019,DTS,FL,ASO,ES,Federal Contract Tower,0,24,4,1,29,0,0,17,2,19,0,24,21,3,48,24,0,24,72
02/08/2019,DTS,FL,ASO,ES,Federal Contract Tower,0,4,30,1,35,0,0,18,3,21,0,4,48,4,56,6,6,12,68
02/09/2019,DTS,FL,ASO,ES,Federal Contract Tower,0,6,27,1,34,0,0,59,2,61,0,6,86,3,95,8,12,20,115
02/10/2019,DTS,FL,ASO,ES,Federal Contract Tower,0,9,35,0,44,0,0,19,2,21,0,9,54,2,65,16,8,24,89
02/11/2019,DTS,FL,ASO,ES,Federal Contract Tower,0,3,13,1,17,0,0,0,0,0,0,3,13,1,17,0,0,0,17
02/12/2019,DTS,FL,ASO,ES,Federal Contract Tower,0,6,18,6,30,0,0,3,11,14,0,6,21,17,44,2,30,32,76
02/13/2019,DTS,FL,ASO,ES,Federal Contract Tower,0,5,47,4,56,0,0,76,8,84,0,5,123,12,140,6,0,6,146
02/14/2019,DTS,FL,ASO,ES,Federal Contract Tower,0,9,45,4,58,0,0,104,7,111,0,9,149,11,169,36,24,60,229
02/15/2019,DTS,FL,ASO,ES,Federal Contract Tower,0,5,41,1,47,0,0,78,3,81,0,5,119,4,128,30,0,30,158
02/16/2019,DTS,FL,ASO,ES,Federal Contract Tower,0,12,19,0,31,0,0,74,2,76,0,12,93,2,107,0,0,0,107
02/17/2019,DTS,FL,ASO,ES,Federal Contract Tower,0,4,35,0,39,0,2,31,0,33,0,6,66,0,72,24,0,24,96
02/18/2019,DTS,FL,ASO,ES,Federal Contract Tower,0,12,39,0,51,0,0,23,3,26,0,12,62,3,77,4,0,4,81
02/19/2019,DTS,FL,ASO,ES,Federal Contract Tower,0,8,20,4,32,0,0,14,8,22,0,8,34,12,54,24,20,44,98
02/20/2019,DTS,FL,ASO,ES,Federal Contract Tower,0,2,21,0,23,0,0,0,0,0,0,2,21,0,23,0,0,0,23
02/21/2019,DTS,FL,ASO,ES,Federal Contract Tower,0,6,10,2,18,0,0,0,0,0,0,6,10,2,18,0,0,0,18
02/22/2019,DTS,FL,ASO,ES,Federal Contract Tower,0,10,31,3,44,0,0,4,0,4,0,10,35,3,48,0,0,0,48
02/23/2019,DTS,FL,ASO,ES,Federal Contract Tower,0,2,14,0,16,0,0,0,0,0,0,2,14,0,16,0,0,0,16
02/24/2019,DTS,FL,ASO,ES,Federal Contract Tower,0,12,36,3,51,0,2,79,2,83,0,14,115,5,134,44,4,48,182
02/25/2019,DTS,FL,ASO,ES,Federal Contract Tower,0,4,7,3,14,0,0,18,14,32,0,4,25,17,46,0,20,20,66
02/26/2019,DTS,FL,ASO,ES,Federal Contract Tower,0,3,20,14,37,0,0,17,7,24,0,3,37,21,61,22,0,22,83
02/27/2019,DTS,FL,ASO,ES,Federal Contract Tower,0,3,14,5,22,0,0,32,6,38,0,3,46,11,60,52,12,64,124
02/28/2019,DTS,FL,ASO,ES,Federal Contract Tower,0,12,26,9,47,0,0,3,1,4,0,12,29,10,51,0,0,0,51
03/01/2019,DTS,FL,ASO,ES,Federal Contract Tower,0,9,25,3,37,0,0,58,5,63,0,9,83,8,100,12,14,26,126
03/02/2019,DTS,FL,ASO,ES,Federal Contract Tower,0,1,23,0,24,0,0,35,1,36,0,1,58,1,60,44,0,44,104
03/03/2019,DTS,FL,ASO,ES,Federal Contract Tower,0,3,17,3,23,0,2,47,0,49,0,5,64,3,72,0,0,0,72
03/04/2019,DTS,FL,ASO,ES,Federal Contract Tower,0,9,31,3,43,0,1,28,24,53,0,10,59,27,96,6,72,78,174
03/05/2019,DTS,FL,ASO,ES,Federal Contract Tower,0,3,27,3,33,0,0,55,8,63,0,3,82,11,96,14,8,22,118
03/06/2019,DTS,FL,ASO,ES,Federal Contract Tower,0,10,31,7,48,0,0,50,9,59,0,10,81,16,107,36,34,70,177
03/07/2019,DTS,FL,ASO,ES,Federal Contract Tower,0,10,47,3,60,0,3,68,19,90,0,13,115,22,150,52,14,66,216
03/08/2019,DTS,FL,ASO,ES,Federal Contract Tower,0,10,54,4,68,0,0,69,16,85,0,10,123,20,153,56,20,76,229
03/09/2019,DTS,FL,ASO,ES,Federal Contract Tower,0,8,36,0,44,0,2,31,0,33,0,10,67,0,77,2,18,20,97
03/10/2019,DTS,FL,ASO,ES,Federal Contract Tower,0,13,56,0,69,0,0,39,0,39,0,13,95,0,108,16,0,16,124
03/11/2019,DTS,FL,ASO,ES,Federal Contract Tower,0,6,23,0,29,0,0,0,0,0,0,6,23,0,29,0,0,0,29
03/12/2019,DTS,FL,ASO,ES,Federal Contract Tower,0,5,35,0,40,0,4,66,12,82,0,9,101,12,122,7,10,17,139
03/13/2019,DTS,FL,ASO,ES,Federal Contract Tower,0,3,47,5,55,0,0,87,8,95,0,3,134,13,150,2,6,8,158
03/15/2019,DTS,FL,ASO,ES,Federal Contract Tower,0,15,59,2,76,0,0,108,7,115,0,15,167,9,191,26,14,40,231
03/16/2019,DTS,FL,ASO,ES,Federal Contract Tower,0,14,73,0,87,0,0,97,2,99,0,14,170,2,186,10,12,22,208
03/17/2019,DTS,FL,ASO,ES,Federal Contract Tower,0,6,49,0,55,0,3,69,4,76,0,9,118,4,131,26,22,48,179
03/18/2019,DTS,FL,ASO,ES,Federal Contract Tower,0,4,29,1,34,0,1,39,13,53,0,5,68,14,87,20,34,54,141
03/19/2019,DTS,FL,ASO,ES,Federal Contract Tower,0,11,36,3,50,0,0,132,4,136,0,11,168,7,186,40,18,58,244
03/20/2019,DTS,FL,ASO,ES,Federal Contract Tower,0,5,44,3,52,0,0,110,4,114,0,5,154,7,166,20,40,60,226
03/21/2019,DTS,FL,ASO,ES,Federal Contract Tower,0,11,50,6,67,0,0,132,8,140,0,11,182,14,207,6,2,8,215
03/22/2019,DTS,FL,ASO,ES,Federal Contract Tower,0,14,59,0,73,0,0,117,4,121,0,14,176,4,194,24,4,28,222
03/23/2019,DTS,FL,ASO,ES,Federal Contract Tower,0,17,72,0,89,0,0,92,0,92,0,17,164,0,181,38,0,38,219
03/24/2019,DTS,FL,ASO,ES,Federal Contract Tower,0,8,70,0,78,0,0,112,0,112,0,8,182,0,190,40,0,40,230
03/25/2019,DTS,FL,ASO,ES,Federal Contract Tower,0,8,29,4,41,0,0,54,9,63,0,8,83,13,104,14,14,28,132
03/26/2019,DTS,FL,ASO,ES,Federal Contract Tower,0,13,44,3,60,0,0,74,7,81,0,13,118,10,141,36,22,58,199
03/27/2019,DTS,FL,ASO,ES,Federal Contract Tower,0,13,47,5,65,0,6,105,14,125,0,19,152,19,190,18,24,42,232
03/28/2019,DTS,FL,ASO,ES,Federal Contract Tower,0,15,46,5,66,0,1,138,14,153,0,16,184,19,219,50,2,52,271
03/29/2019,DTS,FL,ASO,ES,Federal Contract Tower,0,16,73,4,93,0,1,128,5,134,0,17,201,9,227,26,10,36,263
03/30/2019,DTS,FL,ASO,ES,Federal Contract Tower,0,15,47,0,62,0,1,140,0,141,0,16,187,0,203,24,0,24,227
03/31/2019,DTS,FL,ASO,ES,Federal Contract Tower,0,9,51,1,61,0,0,17,0,17,0,9,68,1,78,0,0,0,78
04/01/2019,DTS,FL,ASO,ES,Federal Contract Tower,0,4,41,1,46,0,1,66,12,79,0,5,107,13,125,20,24,44,169
04/02/2019,DTS,FL,ASO,ES,Federal Contract Tower,0,5,26,3,34,0,0,56,9,65,0,5,82,12,99,12,16,28,127
04/03/2019,DTS,FL,ASO,ES,Federal Contract Tower,0,11,48,2,61,0,2,116,7,125,0,13,164,9,186,12,12,24,210
04/04/2019,DTS,FL,ASO,ES,Federal Contract Tower,0,4,26,0,30,0,1,23,8,32,0,5,49,8,62,0,4,4,66
04/05/2019,DTS,FL,ASO,ES,Federal Contract Tower,0,10,35,9,54,0,0,12,1,13,0,10,47,10,67,0,0,0,67
04/06/2019,DTS,FL,ASO,ES,Federal Contract Tower,0,7,27,2,36,0,0,10,0,10,0,7,37,2,46,6,0,6,52
04/07/2019,DTS,FL,ASO,ES,Federal Contract Tower,0,8,43,0,51,0,2,73,0,75,0,10,116,0,126,14,0,14,140
04/08/2019,DTS,FL,ASO,ES,Federal Contract Tower,0,3,24,5,32,0,1,17,1,19,0,4,41,6,51,2,8,10,61
04/09/2019,DTS,FL,ASO,ES,Federal Contract Tower,0,7,31,5,43,0,2,19,1,22,0,9,50,6,65,12,10,22,87
04/10/2019,DTS,FL,ASO,ES,Federal Contract Tower,0,2,46,2,50,0,4,51,4,59,0,6,97,6,109,6,26,32,141
04/11/2019,DTS,FL,ASO,ES,Federal Contract Tower,0,8,44,7,59,0,0,75,4,79,0,8,119,11,138,44,22,66,204
04/12/2019,DTS,FL,ASO,ES,Federal Contract Tower,0,24,70,4,98,0,0,71,4,75,0,24,141,8,173,48,0,48,221
04/13/2019,DTS,FL,ASO,ES,Federal Contract Tower,0,11,38,1,50,0,0,24,0,24,0,11,62,1,74,24,0,24,98
04/14/2019,DTS,FL,ASO,ES,Federal Contract Tower,0,7,54,0,61,0,2,14,6,22,0,9,68,6,83,4,16,20,103
04/15/2019,DTS,FL,ASO,ES,Federal Contract Tower,0,9,43,2,54,0,3,67,12,82,0,12,110,14,136,8,12,20,156
04/16/2019,DTS,FL,ASO,ES,Federal Contract Tower,0,15,37,1,53,0,3,68,10,81,0,18,105,11,134,88,0,88,222
04/17/2019,DTS,FL,ASO,ES,Federal Contract Tower,0,14,73,2,89,0,3,68,13,84,0,17,141,15,173,30,0,30,203
04/18/2019,DTS,FL,ASO,ES,Federal Contract Tower,0,18,57,0,75,0,1,48,10,59,0,19,105,10,134,16,2,18,152
04/19/2019,DTS,FL,ASO,ES,Federal Contract Tower,0,17,62,0,79,0,1,53,0,54,0,18,115,0,133,4,0,4,137
04/20/2019,DTS,FL,ASO,ES,Federal Contract Tower,0,9,36,0,45,0,0,140,0,140,0,9,176,0,185,12,0,12,197
04/21/2019,DTS,FL,ASO,ES,Federal Contract Tower,0,8,54,0,62,0,1,124,1,126,0,9,178,1,188,28,0,28,216
04/22/2019,DTS,FL,ASO,ES,Federal Contract Tower,0,18,81,3,102,0,4,72,8,84,0,22,153,11,186,40,20,60,246
04/23/2019,DTS,FL,ASO,ES,Federal Contract Tower,0,10,46,4,60,0,0,88,5,93,0,10,134,9,153,52,8,60,213
04/24/2019,DTS,FL,ASO,ES,Federal Contract Tower,0,8,59,5,72,0,2,101,0,103,0,10,160,5,175,102,6,108,283
04/25/2019,DTS,FL,ASO,ES,Federal Contract Tower,0,6,49,10,65,0,0,15,0,15,0,6,64,10,80,0,6,6,86
04/26/2019,DTS,FL,ASO,ES,Federal Contract Tower,0,16,52,1,69,0,0,65,2,67,0,16,117,3,136,12,8,20,156
04/27/2019,DTS,FL,ASO,ES,Federal Contract Tower,0,8,48,0,56,0,2,134,1,137,0,10,182,1,193,22,10,32,225
04/28/2019,DTS,FL,ASO,ES,Federal Contract Tower,0,12,57,0,69,0,0,94,7,101,0,12,151,7,170,4,16,20,190
04/29/2019,DTS,FL,ASO,ES,Federal Contract Tower,0,4,56,2,62,0,4,75,14,93,0,8,131,16,155,72,58,130,285
04/30/2019,DTS,FL,ASO,ES,Federal Contract Tower,0,5,50,5,60,0,6,57,3,66,0,11,107,8,126,12,20,32,158
05/01/2019,DTS,FL,ASO,ES,Federal Contract Tower,0,6,51,4,61,0,3,46,10,59,0,9,97,14,120,4,48,52,172
05/02/2019,DTS,FL,ASO,ES,Federal Contract Tower,0,7,47,7,61,0,0,48,7,55,0,7,95,14,116,32,24,56,172
05/03/2019,DTS,FL,ASO,ES,Federal Contract Tower,0,15,63,3,81,0,1,63,9,73,0,16,126,12,154,30,46,76,230
05/04/2019,DTS,FL,ASO,ES,Federal Contract Tower,0,11,23,0,34,0,0,30,0,30,0,11,53,0,64,6,0,6,70
05/05/2019,DTS,FL,ASO,ES,Federal Contract Tower,0,16,71,0,87,0,0,116,4,120,0,16,187,4,207,32,12,44,251
05/06/2019,DTS,FL,ASO,ES,Federal Contract Tower,0,10,50,0,60,0,2,81,2,85,0,12,131,2,145,32,6,38,183
05/07/2019,DTS,FL,ASO,ES,Federal Contract Tower,0,4,40,3,47,0,4,74,11,89,0,8,114,14,136,44,16,60,196
05/08/2019,DTS,FL,ASO,ES,Federal Contract Tower,0,17,44,2,63,0,2,48,6,56,0,19,92,8,119,0,16,16,135
05/09/2019,DTS,FL,ASO,ES,Federal Contract Tower,0,22,46,4,72,0,0,43,0,43,0,22,89,4,115,2,0,2,117
05/10/2019,DTS,FL,ASO,ES,Federal Contract Tower,0,31,64,0,95,0,0,43,2,45,0,31,107,2,140,26,12,38,178
05/11/2019,DTS,FL,ASO,ES,Federal Contract Tower,0,14,27,0,41,0,0,91,0,91,0,14,118,0,132,14,0,14,146
05/12/2019,DTS,FL,ASO,ES,Federal Contract Tower,0,19,47,0,66,0,2,65,2,69,0,21,112,2,135,2,6,8,143
05/13/2019,DTS,FL,ASO,ES,Federal Contract Tower,0,9,38,3,50,0,2,60,5,67,0,11,98,8,117,16,12,28,145
05/14/2019,DTS,FL,ASO,ES,Federal Contract Tower,0,9,42,0,51,0,6,82,10,98,0,15,124,10,149,16,4,20,169
05/15/2019,DTS,FL,ASO,ES,Federal Contract Tower,0,11,48,1,60,0,4,72,3,79,0,15,120,4,139,56,4,60,199
05/16/2019,DTS,FL,ASO,ES,Federal Contract Tower,11,61,4,0,76,0,4,100,4,108,11,65,104,4,184,12,12,24,208
05/17/2019,DTS,FL,ASO,ES,Federal Contract Tower,0,16,65,4,85,0,0,158,6,164,0,16,223,10,249,22,8,30,279
05/18/2019,DTS,FL,ASO,ES,Federal Contract Tower,0,20,62,0,82,0,2,142,0,144,0,22,204,0,226,16,0,16,242
05/19/2019,DTS,FL,ASO,ES,Federal Contract Tower,0,16,59,0,75,0,0,121,0,121,0,16,180,0,196,50,0,50,246
05/20/2019,DTS,FL,ASO,ES,Federal Contract Tower,0,7,60,5,72,0,0,63,8,71,0,7,123,13,143,38,10,48,191
05/21/2019,DTS,FL,ASO,ES,Federal Contract Tower,0,7,43,4,54,0,12,77,5,94,0,19,120,9,148,4,8,12,160
05/22/2019,DTS,FL,ASO,ES,Federal Contract Tower,0,20,65,4,89,0,2,117,13,132,0,22,182,17,221,36,24,60,281
05/23/2019,DTS,FL,ASO,ES,Federal Contract Tower,0,16,80,5,101,0,0,111,9,120,0,16,191,14,221,48,28,76,297
05/24/2019,DTS,FL,ASO,ES,Federal Contract Tower,0,24,147,1,172,0,2,168,2,172,0,26,315,3,344,8,0,8,352
05/25/2019,DTS,FL,ASO,ES,Federal Contract Tower,0,14,49,0,63,0,3,145,3,151,0,17,194,3,214,24,0,24,238
05/26/2019,DTS,FL,ASO,ES,Federal Contract Tower,0,11,73,0,84,0,0,169,2,171,0,11,242,2,255,72,0,72,327
05/27/2019,DTS,FL,ASO,ES,Federal Contract Tower,0,14,122,0,136,0,2,169,2,173,0,16,291,2,309,22,0,22,331
05/28/2019,DTS,FL,ASO,ES,Federal Contract Tower,0,23,72,4,99,0,2,129,3,134,0,25,201,7,233,28,18,46,279
05/29/2019,DTS,FL,ASO,ES,Federal Contract Tower,0,12,80,3,95,0,0,90,8,98,0,12,170,11,193,26,16,42,235
05/30/2019,DTS,FL,ASO,ES,Federal Contract Tower,0,18,66,5,89,0,2,90,2,94,0,20,156,7,183,12,6,18,201
05/31/2019,DTS,FL,ASO,ES,Federal Contract Tower,0,23,84,2,109,0,0,72,3,75,0,23,156,5,184,20,12,32,216
06/01/2019,DTS,FL,ASO,ES,Federal Contract Tower,0,20,81,0,101,0,4,84,0,88,0,24,165,0,189,12,0,12,201
06/02/2019,DTS,FL,ASO,ES,Federal Contract Tower,0,12,69,1,82,0,2,139,2,143,0,14,208,3,225,24,6,30,255
06/03/2019,DTS,FL,ASO,ES,Federal Contract Tower,0,7,39,3,49,0,0,124,3,127,0,7,163,6,176,70,4,74,250
06/04/2019,DTS,FL,ASO,ES,Federal Contract Tower,0,6,45,1,52,0,2,144,9,155,0,8,189,10,207,14,4,18,225
06/05/2019,DTS,FL,ASO,ES,Federal Contract Tower,0,21,28,1,50,0,0,135,5,140,0,21,163,6,190,36,0,36,226
06/06/2019,DTS,FL,ASO,ES,Federal Contract Tower,0,10,49,1,60,0,0,14,0,14,0,10,63,1,74,0,0,0,74
06/07/2019,DTS,FL,ASO,ES,Federal Contract Tower,0,5,47,1,53,0,0,59,6,65,0,5,106,7,118,0,10,10,128
06/08/2019,DTS,FL,ASO,ES,Federal Contract Tower,0,10,51,0,61,0,0,46,3,49,0,10,97,3,110,22,0,22,132
06/09/2019,DTS,FL,ASO,ES,Federal Contract Tower,0,13,44,3,60,0,0,77,2,79,0,13,121,5,139,14,2,16,155
06/10/2019,DTS,FL,ASO,ES,Federal Contract Tower,0,12,57,3,72,0,0,54,3,57,0,12,111,6,129,22,14,36,165
06/11/2019,DTS,FL,ASO,ES,Federal Contract Tower,0,3,45,3,51,0,0,103,9,112,0,3,148,12,163,62,32,94,257
06/12/2019,DTS,FL,ASO,ES,Federal Contract Tower,0,4,46,3,53,0,1,101,4,106,0,5,147,7,159,10,2,12,171
06/13/2019,DTS,FL,ASO,ES,Federal Contract Tower,0,16,69,4,89,0,2,140,7,149,0,18,209,11,238,22,20,42,280
06/14/2019,DTS,FL,ASO,ES,Federal Contract Tower,0,7,61,2,70,0,0,127,5,132,0,7,188,7,202,30,30,60,262
06/15/2019,DTS,FL,ASO,ES,Federal Contract Tower,0,12,109,0,121,0,0,87,1,88,0,12,196,1,209,20,0,20,229
06/16/2019,DTS,FL,ASO,ES,Federal Contract Tower,0,15,74,0,89,0,2,151,0,153,0,17,225,0,242,20,0,20,262
06/17/2019,DTS,FL,ASO,ES,Federal Contract Tower,0,5,56,4,65,0,2,108,0,110,0,7,164,4,175,34,0,34,209
06/18/2019,DTS,FL,ASO,ES,Federal Contract Tower,0,5,40,2,47,0,0,81,1,82,0,5,121,3,129,0,0,0,129
06/19/2019,DTS,FL,ASO,ES,Federal Contract Tower,0,18,56,3,77,0,0,130,1,131,0,18,186,4,208,22,4,26,234
06/20/2019,DTS,FL,ASO,ES,Federal Contract Tower,0,14,65,1,80,0,0,91,0,91,0,14,156,1,171,12,0,12,183
06/21/2019,DTS,FL,ASO,ES,Federal Contract Tower,0,14,74,2,90,0,0,123,6,129,0,14,197,8,219,16,0,16,235
06/22/2019,DTS,FL,ASO,ES,Federal Contract Tower,0,18,94,0,112,0,0,170,0,170,0,18,264,0,282,12,0,12,294
06/23/2019,DTS,FL,ASO,ES,Federal Contract Tower,0,16,102,0,118,0,1,134,0,135,0,17,236,0,253,6,0,6,259
06/24/2019,DTS,FL,ASO,ES,Federal Contract Tower,0,10,49,5,64,0,2,140,9,151,0,12,189,14,215,28,4,32,247
06/25/2019,DTS,FL,ASO,ES,Federal Contract Tower,0,9,55,4,68,0,0,151,15,166,0,9,206,19,234,40,22,62,296
06/26/2019,DTS,FL,ASO,ES,Federal Contract Tower,0,13,51,4,68,0,2,135,9,146,0,15,186,13,214,20,10,30,244
06/27/2019,DTS,FL,ASO,ES,Federal Contract Tower,0,10,74,3,87,0,0,174,10,184,0,10,248,13,271,14,4,18,289
06/28/2019,DTS,FL,ASO,ES,Federal Contract Tower,0,16,70,3,89,0,0,169,2,171,0,16,239,5,260,50,6,56,316
06/29/2019,DTS,FL,ASO,ES,Federal Contract Tower,0,22,66,0,88,0,4,110,0,114,0,26,176,0,202,8,0,8,210
06/30/2019,DTS,FL,ASO,ES,Federal Contract Tower,0,16,85,1,102,0,2,149,1,152,0,18,234,2,254,38,0,38,292
07/01/2019,DTS,FL,ASO,ES,Federal Contract Tower,0,7,54,5,66,0,0,175,3,178,0,7,229,8,244,42,6,48,292
07/02/2019,DTS,FL,ASO,ES,Federal Contract Tower,0,7,66,2,75,0,2,188,4,194,0,9,254,6,269,10,14,24,293
07/03/2019,DTS,FL,ASO,ES,Federal Contract Tower,0,7,99,3,109,0,2,193,2,197,0,9,292,5,306,24,14,38,344
07/04/2019,DTS,FL,ASO,ES,Federal Contract Tower,0,7,29,0,36,0,0,269,2,271,0,7,298,2,307,32,0,32,339
07/05/2019,DTS,FL,ASO,ES,Federal Contract Tower,0,12,53,0,65,0,0,292,2,294,0,12,345,2,359,8,0,8,367
07/06/2019,DTS,FL,ASO,ES,Federal Contract Tower,0,22,117,0,139,0,0,247,0,247,0,22,364,0,386,12,0,12,398
07/07/2019,DTS,FL,ASO,ES,Federal Contract Tower,0,32,116,2,150,0,2,148,1,151,0,34,264,3,301,18,0,18,319
07/08/2019,DTS,FL,ASO,ES,Federal Contract Tower,0,11,69,3,83,0,2,111,1,114,0,13,180,4,197,48,0,48,245
07/09/2019,DTS,FL,ASO,ES,Federal Contract Tower,0,3,31,3,37,0,2,101,5,108,0,5,132,8,145,14,12,26,171
07/10/2019,DTS,FL,ASO,ES,Federal Contract Tower,0,9,47,6,62,0,2,56,0,58,0,11,103,6,120,18,8,26,146
07/11/2019,DTS,FL,ASO,ES,Federal Contract Tower,0,3,52,5,60,0,0,137,3,140,0,3,189,8,200,0,8,8,208
07/12/2019,DTS,FL,ASO,ES,Federal Contract Tower,0,10,36,4,50,0,0,49,4,53,0,10,85,8,103,4,12,16,119
07/13/2019,DTS,FL,ASO,ES,Federal Contract Tower,0,9,39,0,48,0,0,112,4,116,0,9,151,4,164,4,0,4,168
07/14/2019,DTS,FL,ASO,ES,Federal Contract Tower,0,8,41,0,49,0,0,101,6,107,0,8,142,6,156,38,8,46,202
07/15/2019,DTS,FL,ASO,ES,Federal Contract Tower,0,11,25,1,37,0,1,155,5,161,0,12,180,6,198,32,22,54,252
07/16/2019,DTS,FL,ASO,ES,Federal Contract Tower,0,5,20,4,29,0,2,179,8,189,0,7,199,12,218,74,22,96,314
07/17/2019,DTS,FL,ASO,ES,Federal Contract Tower,0,13,27,0,40,0,4,244,7,255,0,17,271,7,295,78,4,82,377
07/18/2019,DTS,FL,ASO,ES,Federal Contract Tower,0,9,61,2,72,0,0,278,5,283,0,9,339,7,355,78,16,94,449
07/19/2019,DTS,FL,ASO,ES,Federal Contract Tower,0,9,45,2,56,0,0,255,8,263,0,9,300,10,319,22,16,38,357
07/20/2019,DTS,FL,ASO,ES,Federal Contract Tower,0,8,60,9,77,0,0,192,0,192,0,8,252,9,269,20,0,20,289
07/21/2019,DTS,FL,ASO,ES,Federal Contract Tower,0,14,68,0,82,0,1,189,2,192,0,15,257,2,274,4,14,18,292
07/22/2019,DTS,FL,ASO,ES,Federal Contract Tower,0,9,46,4,59,0,1,112,6,119,0,10,158,10,178,22,12,34,212
07/23/2019,DTS,FL,ASO,ES,Federal Contract Tower,0,1,20,1,22,0,0,89,1,90,0,1,109,2,112,40,0,40,152
07/24/2019,DTS,FL,ASO,ES,Federal Contract Tower,0,12,62,0,74,0,6,234,10,250,0,18,296,10,324,36,46,82,406
07/25/2019,DTS,FL,ASO,ES,Federal Contract Tower,0,13,65,1,79,0,2,306,3,311,0,15,371,4,390,52,0,52,442
07/26/2019,DTS,FL,ASO,ES,Federal Contract Tower,0,18,69,1,88,0,0,229,5,234,0,18,298,6,322,8,0,8,330
07/27/2019,DTS,FL,ASO,ES,Federal Contract Tower,0,20,77,1,98,0,1,182,0,183,0,21,259,1,281,18,0,18,299
07/28/2019,DTS,FL,ASO,ES,Federal Contract Tower,0,16,69,0,85,0,2,193,0,195,0,18,262,0,280,28,0,28,308
07/29/2019,DTS,FL,ASO,ES,Federal Contract Tower,0,5,43,6,54,0,0,118,6,124,0,5,161,12,178,0,6,6,184
07/30/2019,DTS,FL,ASO,ES,Federal Contract Tower,0,4,40,1,45,0,2,194,3,199,0,6,234,4,244,26,6,32,276
07/31/2019,DTS,FL,ASO,ES,Federal Contract Tower,0,8,62,1,71,0,0,250,4,254,0,8,312,5,325,66,0,66,391
08/01/2019,DTS,FL,ASO,ES,Federal Contract Tower,0,9,68,4,81,0,1,300,10,311,0,10,368,14,392,38,22,60,452
08/02/2019,DTS,FL,ASO,ES,Federal Contract Tower,0,14,62,0,76,0,0,261,5,266,0,14,323,5,342,14,6,20,362
08/03/2019,DTS,FL,ASO,ES,Federal Contract Tower,0,20,87,0,107,0,2,238,0,240,0,22,325,0,347,22,0,22,369
08/04/2019,DTS,FL,ASO,ES,Federal Contract Tower,0,20,80,0,100,0,0,176,0,176,0,20,256,0,276,14,0,14,290
08/05/2019,DTS,FL,ASO,ES,Federal Contract Tower,0,6,43,4,53,0,2,121,4,127,0,8,164,8,180,28,8,36,216
08/06/2019,DTS,FL,ASO,ES,Federal Contract Tower,0,3,36,3,42,0,0,151,8,159,0,3,187,11,201,16,0,16,217
08/07/2019,DTS,FL,ASO,ES,Federal Contract Tower,0,4,40,4,48,0,2,206,7,215,0,6,246,11,263,12,6,18,281
08/08/2019,DTS,FL,ASO,ES,Federal Contract Tower,0,18,81,5,104,0,3,287,19,309,0,21,368,24,413,8,30,38,451
08/09/2019,DTS,FL,ASO,ES,Federal Contract Tower,0,17,36,0,53,0,2,265,10,277,0,19,301,10,330,16,12,28,358
08/10/2019,DTS,FL,ASO,ES,Federal Contract Tower,0,15,35,2,52,0,0,227,2,229,0,15,262,4,281,6,0,6,287
08/11/2019,DTS,FL,ASO,ES,Federal Contract Tower,0,19,63,0,82,0,0,177,2,179,0,19,240,2,261,36,0,36,297
08/12/2019,DTS,FL,ASO,ES,Federal Contract Tower,0,9,34,6,49,0,0,110,4,114,0,9,144,10,163,28,0,28,191
08/13/2019,DTS,FL,ASO,ES,Federal Contract Tower,0,3,20,0,23,0,4,125,13,142,0,7,145,13,165,36,24,60,225
08/14/2019,DTS,FL,ASO,ES,Federal Contract Tower,0,3,37,4,44,0,0,155,1,156,0,3,192,5,200,26,0,26,226
08/15/2019,DTS,FL,ASO,ES,Federal Contract Tower,0,8,61,0,69,0,2,218,8,228,0,10,279,8,297,44,6,50,347
08/16/2019,DTS,FL,ASO,ES,Federal Contract Tower,0,11,47,1,59,0,0,264,5,269,0,11,311,6,328,36,6,42,370
08/17/2019,DTS,FL,ASO,ES,Federal Contract Tower,0,6,28,0,34,0,0,241,1,242,0,6,269,1,276,30,0,30,306
08/18/2019,DTS,FL,ASO,ES,Federal Contract Tower,0,14,58,2,74,0,0,143,0,143,0,14,201,2,217,10,0,10,227
08/19/2019,DTS,FL,ASO,ES,Federal Contract Tower,0,3,35,4,42,0,0,63,4,67,0,3,98,8,109,18,22,40,149
08/20/2019,DTS,FL,ASO,ES,Federal Contract Tower,0,5,24,0,29,0,2,55,5,62,0,7,79,5,91,8,30,38,129
08/21/2019,DTS,FL,ASO,ES,Federal Contract Tower,0,5,35,2,42,0,0,103,6,109,0,5,138,8,151,48,12,60,211
08/22/2019,DTS,FL,ASO,ES,Federal Contract Tower,0,7,36,3,46,0,0,71,2,73,0,7,107,5,119,28,6,34,153
08/23/2019,DTS,FL,ASO,ES,Federal Contract Tower,0,6,52,1,59,0,0,127,3,130,0,6,179,4,189,6,4,10,199
08/24/2019,DTS,FL,ASO,ES,Federal Contract Tower,0,8,24,0,32,0,2,157,0,159,0,10,181,0,191,66,0,66,257
08/25/2019,DTS,FL,ASO,ES,Federal Contract Tower,0,11,53,0,64,0,0,90,0,90,0,11,143,0,154,20,0,20,174
08/26/2019,DTS,FL,ASO,ES,Federal Contract Tower,0,4,17,2,23,0,0,19,1,20,0,4,36,3,43,0,0,0,43
08/27/2019,DTS,FL,ASO,ES,Federal Contract Tower,0,4,18,2,24,0,0,74,0,74,0,4,92,2,98,24,14,38,136
08/28/2019,DTS,FL,ASO,ES,Federal Contract Tower,0,3,20,2,25,0,0,113,10,123,0,3,133,12,148,28,18,46,194
08/29/2019,DTS,FL,ASO,ES,Federal Contract Tower,0,13,74,2,89,0,4,121,7,132,0,17,195,9,221,30,6,36,257
08/30/2019,DTS,FL,ASO,ES,Federal Contract Tower,0,28,93,0,121,0,2,132,3,137,0,30,225,3,258,8,0,8,266
08/31/2019,DTS,FL,ASO,ES,Federal Contract Tower,0,11,22,1,34,0,0,131,3,134,0,11,153,4,168,0,0,0,168
09/01/2019,DTS,FL,ASO,ES,Federal Contract Tower,0,14,28,0,42,0,0,176,3,179,0,14,204,3,221,30,0,30,251
09/02/2019,DTS,FL,ASO,ES,Federal Contract Tower,0,23,95,0,118,0,0,160,2,162,0,23,255,2,280,34,0,34,314
09/03/2019,DTS,FL,ASO,ES,Federal Contract Tower,0,2,40,4,46,0,0,79,8,87,0,2,119,12,133,60,14,74,207
09/04/2019,DTS,FL,ASO,ES,Federal Contract Tower,0,5,24,1,30,0,0,54,5,59,0,5,78,6,89,24,0,24,113
09/05/2019,DTS,FL,ASO,ES,Federal Contract Tower,0,8,45,3,56,0,1,143,6,150,0,9,188,9,206,32,4,36,242
09/06/2019,DTS,FL,ASO,ES,Federal Contract Tower,0,9,41,0,50,0,2,124,7,133,0,11,165,7,183,6,18,24,207
09/07/2019,DTS,FL,ASO,ES,Federal Contract Tower,0,4,37,0,41,0,3,83,3,89,0,7,120,3,130,62,0,62,192
09/08/2019,DTS,FL,ASO,ES,Federal Contract Tower,0,18,49,0,67,0,6,72,2,80,0,24,121,2,147,22,0,22,169
09/09/2019,DTS,FL,ASO,ES,Federal Contract Tower,0,10,53,3,66,0,1,52,7,60,0,11,105,10,126,20,0,20,146
09/10/2019,DTS,FL,ASO,ES,Federal Contract Tower,0,3,46,0,49,0,2,58,3,63,0,5,104,3,112,40,4,44,156
09/11/2019,DTS,FL,ASO,ES,Federal Contract Tower,0,1,37,2,40,0,2,84,0,86,0,3,121,2,126,26,0,26,152
09/12/2019,DTS,FL,ASO,ES,Federal Contract Tower,0,9,50,3,62,0,0,118,7,125,0,9,168,10,187,12,38,50,237
09/13/2019,DTS,FL,ASO,ES,Federal Contract Tower,0,14,46,1,61,0,2,131,3,136,0,16,177,4,197,12,14,26,223
09/14/2019,DTS,FL,ASO,ES,Federal Contract Tower,0,4,34,0,38,0,0,80,0,80,0,4,114,0,118,8,0,8,126
09/15/2019,DTS,FL,ASO,ES,Federal Contract Tower,0,11,44,0,55,0,0,43,0,43,0,11,87,0,98,40,0,40,138
09/16/2019,DTS,FL,ASO,ES,Federal Contract Tower,0,9,29,4,42,0,0,57,3,60,0,9,86,7,102,6,8,14,116
09/17/2019,DTS,FL,ASO,ES,Federal Contract Tower,0,6,42,2,50,0,2,65,8,75,0,8,107,10,125,28,36,64,189
09/18/2019,DTS,FL,ASO,ES,Federal Contract Tower,0,15,42,6,63,0,2,70,5,77,0,17,112,11,140,12,4,16,156
09/19/2019,DTS,FL,ASO,ES,Federal Contract Tower,0,17,44,4,65,0,0,73,5,78,0,17,117,9,143,0,0,0,143
09/20/2019,DTS,FL,ASO,ES,Federal Contract Tower,0,14,52,2,68,0,2,59,3,64,0,16,111,5,132,32,10,42,174
09/21/2019,DTS,FL,ASO,ES,Federal Contract Tower,0,2,40,0,42,0,2,109,0,111,0,4,149,0,153,50,0,50,203
09/22/2019,DTS,FL,ASO,ES,Federal Contract Tower,0,14,78,0,92,0,0,110,0,110,0,14,188,0,202,62,0,62,264
09/23/2019,DTS,FL,ASO,ES,Federal Contract Tower,0,9,31,7,47,0,0,42,5,47,0,9,73,12,94,48,22,70,164
09/24/2019,DTS,FL,ASO,ES,Federal Contract Tower,0,4,36,1,41,0,0,86,12,98,0,4,122,13,139,38,18,56,195
09/25/2019,DTS,FL,ASO,ES,Federal Contract Tower,0,5,31,2,38,0,0,52,2,54,0,5,83,4,92,80,4,84,176
09/26/2019,DTS,FL,ASO,ES,Federal Contract Tower,0,11,60,2,73,0,0,92,1,93,0,11,152,3,166,28,0,28,194
09/27/2019,DTS,FL,ASO,ES,Federal Contract Tower,0,7,56,6,69,0,2,120,7,129,0,9,176,13,198,32,0,32,230
09/28/2019,DTS,FL,ASO,ES,Federal Contract Tower,0,9,35,0,44,0,2,103,0,105,0,11,138,0,149,70,0,70,219
09/29/2019,DTS,FL,ASO,ES,Federal Contract Tower,0,17,67,0,84,0,0,87,0,87,0,17,154,0,171,18,4,22,193
09/30/2019,DTS,FL,ASO,ES,Federal Contract Tower,0,8,31,5,44,0,0,73,3,76,0,8,104,8,120,42,10,52,172
10/01/2019,DTS,FL,ASO,ES,Federal Contract Tower,0,10,56,4,70,0,0,82,0,82,0,10,138,4,152,32,0,32,184
10/02/2019,DTS,FL,ASO,ES,Federal Contract Tower,0,4,32,7,43,0,3,57,11,71,0,7,89,18,114,0,6,6,120
10/03/2019,DTS,FL,ASO,ES,Federal Contract Tower,0,12,47,4,63,0,0,97,7,104,0,12,144,11,167,34,10,44,211
10/04/2019,DTS,FL,ASO,ES,Federal Contract Tower,0,13,56,2,71,0,0,80,0,80,0,13,136,2,151,22,0,22,173
10/05/2019,DTS,FL,ASO,ES,Federal Contract Tower,0,8,21,0,29,0,0,116,2,118,0,8,137,2,147,118,0,118,265
10/06/2019,DTS,FL,ASO,ES,Federal Contract Tower,0,11,65,0,76,0,0,66,2,68,0,11,131,2,144,82,10,92,236
10/07/2019,DTS,FL,ASO,ES,Federal Contract Tower,0,6,34,2,42,0,0,92,2,94,0,6,126,4,136,56,8,64,200
10/08/2019,DTS,FL,ASO,ES,Federal Contract Tower,0,7,48,0,55,0,25,88,2,115,0,32,136,2,170,94,18,112,282
10/09/2019,DTS,FL,ASO,ES,Federal Contract Tower,0,14,54,7,75,0,2,67,5,74,0,16,121,12,149,38,24,62,211
10/10/2019,DTS,FL,ASO,ES,Federal Contract Tower,0,13,65,5,83,0,0,121,12,133,0,13,186,17,216,68,36,104,320
10/11/2019,DTS,FL,ASO,ES,Federal Contract Tower,0,10,62,1,73,0,2,117,4,123,0,12,179,5,196,2,24,26,222
10/12/2019,DTS,FL,ASO,ES,Federal Contract Tower,0,7,56,0,63,0,0,114,0,114,0,7,170,0,177,67,0,67,244
10/13/2019,DTS,FL,ASO,ES,Federal Contract Tower,0,21,83,3,107,0,1,72,4,77,0,22,155,7,184,22,0,22,206
10/14/2019,DTS,FL,ASO,ES,Federal Contract Tower,0,12,76,0,88,0,0,69,0,69,0,12,145,0,157,46,0,46,203
10/15/2019,DTS,FL,ASO,ES,Federal Contract Tower,0,14,31,1,46,0,0,38,0,38,0,14,69,1,84,24,2,26,110
10/16/2019,DTS,FL,ASO,ES,Federal Contract Tower,0,7,33,2,42,0,0,21,0,21,0,7,54,2,63,4,14,18,81
10/17/2019,DTS,FL,ASO,ES,Federal Contract Tower,0,14,60,4,78,0,2,78,2,82,0,16,138,6,160,44,14,58,218
10/18/2019,DTS,FL,ASO,ES,Federal Contract Tower,0,15,24,2,41,0,4,12,1,17,0,19,36,3,58,12,4,16,74
10/19/2019,DTS,FL,ASO,ES,Federal Contract Tower,1,8,24,0,33,0,0,0,0,0,1,8,24,0,33,0,0,0,33
10/20/2019,DTS,FL,ASO,ES,Federal Contract Tower,0,17,85,0,102,0,3,81,0,84,0,20,166,0,186,72,0,72,258
10/21/2019,DTS,FL,ASO,ES,Federal Contract Tower,0,3,30,4,37,0,3,12,2,17,0,6,42,6,54,8,38,46,100
10/22/2019,DTS,FL,ASO,ES,Federal Contract Tower,0,8,34,4,46,0,2,43,2,47,0,10,77,6,93,18,2,20,113
10/23/2019,DTS,FL,ASO,ES,Federal Contract Tower,0,10,42,6,58,0,6,50,0,56,0,16,92,6,114,12,18,30,144
10/24/2019,DTS,FL,ASO,ES,Federal Contract Tower,0,11,60,2,73,0,0,64,2,66,0,11,124,4,139,44,8,52,191
10/25/2019,DTS,FL,ASO,ES,Federal Contract Tower,0,8,38,2,48,0,0,29,0,29,0,8,67,2,77,4,0,4,81
10/26/2019,DTS,FL,ASO,ES,Federal Contract Tower,0,6,16,0,22,0,0,10,0,10,0,6,26,0,32,2,2,4,36
10/27/2019,DTS,FL,ASO,ES,Federal Contract Tower,0,23,80,0,103,0,2,37,0,39,0,25,117,0,142,32,0,32,174
10/28/2019,DTS,FL,ASO,ES,Federal Contract Tower,0,6,36,4,46,0,2,43,2,47,0,8,79,6,93,26,20,46,139
10/29/2019,DTS,FL,ASO,ES,Federal Contract Tower,0,5,22,2,29,0,0,0,0,0,0,5,22,2,29,0,0,0,29
10/30/2019,DTS,FL,ASO,ES,Federal Contract Tower,0,1,18,0,19,0,0,3,0,3,0,1,21,0,22,2,0,2,24
10/31/2019,DTS,FL,ASO,ES,Federal Contract Tower,0,0,31,4,35,0,2,2,0,4,0,2,33,4,39,0,0,0,39
11/01/2019,DTS,FL,ASO,ES,Federal Contract Tower,0,11,57,1,69,0,1,48,1,50,0,12,105,2,119,48,12,60,179
11/02/2019,DTS,FL,ASO,ES,Federal Contract Tower,0,3,15,0,18,0,0,58,3,61,0,3,73,3,79,10,0,10,89
11/03/2019,DTS,FL,ASO,ES,Federal Contract Tower,0,7,52,2,61,0,1,73,1,75,0,8,125,3,136,80,2,82,218
11/04/2019,DTS,FL,ASO,ES,Federal Contract Tower,0,6,33,4,43,0,4,30,8,42,0,10,63,12,85,36,16,52,137
11/05/2019,DTS,FL,ASO,ES,Federal Contract Tower,0,7,27,5,39,0,7,30,23,60,0,14,57,28,99,8,22,30,129
11/06/2019,DTS,FL,ASO,ES,Federal Contract Tower,0,5,26,2,33,0,5,51,20,76,0,10,77,22,109,38,14,52,161
11/07/2019,DTS,FL,ASO,ES,Federal Contract Tower,1,23,54,7,85,0,0,0,0,0,1,23,54,7,85,0,0,0,85
11/08/2019,DTS,FL,ASO,ES,Federal Contract Tower,0,13,56,0,69,0,1,13,4,18,0,14,69,4,87,10,2,12,99
11/09/2019,DTS,FL,ASO,ES,Federal Contract Tower,0,4,34,0,38,0,0,93,0,93,0,4,127,0,131,0,0,0,131
11/10/2019,DTS,FL,ASO,ES,Federal Contract Tower,0,15,44,1,60,0,0,75,0,75,0,15,119,1,135,16,0,16,151
11/11/2019,DTS,FL,ASO,ES,Federal Contract Tower,0,9,44,0,53,0,1,64,0,65,0,10,108,0,118,16,0,16,134
11/12/2019,DTS,FL,ASO,ES,Federal Contract Tower,0,9,19,3,31,0,2,6,3,11,0,11,25,6,42,0,0,0,42
11/13/2019,DTS,FL,ASO,ES,Federal Contract Tower,0,4,33,4,41,0,0,36,5,41,0,4,69,9,82,16,16,32,114
11/14/2019,DTS,FL,ASO,ES,Federal Contract Tower,0,5,42,7,54,0,0,12,1,13,0,5,54,8,67,14,0,14,81
11/15/2019,DTS,FL,ASO,ES,Federal Contract Tower,0,14,50,1,65,0,0,16,2,18,0,14,66,3,83,18,0,18,101
11/16/2019,DTS,FL,ASO,ES,Federal Contract Tower,0,3,12,0,15,0,0,79,3,82,0,3,91,3,97,34,2,36,133
11/17/2019,DTS,FL,ASO,ES,Federal Contract Tower,0,22,50,1,73,0,5,51,0,56,0,27,101,1,129,44,0,44,173
11/18/2019,DTS,FL,ASO,ES,Federal Contract Tower,0,7,52,1,60,0,0,67,18,85,0,7,119,19,145,58,30,88,233
11/19/2019,DTS,FL,ASO,ES,Federal Contract Tower,0,10,23,9,42,0,0,44,10,54,0,10,67,19,96,42,28,70,166
11/20/2019,DTS,FL,ASO,ES,Federal Contract Tower,0,5,22,4,31,0,1,36,11,48,0,6,58,15,79,8,14,22,101
11/21/2019,DTS,FL,ASO,ES,Federal Contract Tower,0,5,39,5,49,0,3,47,8,58,0,8,86,13,107,16,26,42,149
11/22/2019,DTS,FL,ASO,ES,Federal Contract Tower,0,9,50,4,63,0,0,57,5,62,0,9,107,9,125,60,20,80,205
11/23/2019,DTS,FL,ASO,ES,Federal Contract Tower,0,3,38,0,41,0,1,3,4,8,0,4,41,4,49,0,2,2,51
11/24/2019,DTS,FL,ASO,ES,Federal Contract Tower,0,14,34,0,48,0,0,93,1,94,0,14,127,1,142,62,0,62,204
11/25/2019,DTS,FL,ASO,ES,Federal Contract Tower,0,8,39,7,54,0,2,51,4,57,0,10,90,11,111,28,8,36,147
11/26/2019,DTS,FL,ASO,ES,Federal Contract Tower,0,15,38,8,61,0,2,36,8,46,0,17,74,16,107,14,32,46,153
11/27/2019,DTS,FL,ASO,ES,Federal Contract Tower,0,13,41,0,54,0,0,42,0,42,0,13,83,0,96,38,0,38,134
11/28/2019,DTS,FL,ASO,ES,Federal Contract Tower,0,4,16,0,20,0,2,47,0,49,0,6,63,0,69,42,0,42,111
11/29/2019,DTS,FL,ASO,ES,Federal Contract Tower,0,10,26,0,36,0,0,80,0,80,0,10,106,0,116,96,0,96,212
11/30/2019,DTS,FL,ASO,ES,Federal Contract Tower,0,14,41,0,55,0,0,4,84,88,0,14,45,84,143,16,0,16,159
12/01/2019,DTS,FL,ASO,ES,Federal Contract Tower,0,19,71,0,90,0,0,44,0,44,0,19,115,0,134,12,0,12,146
12/02/2019,DTS,FL,ASO,ES,Federal Contract Tower,0,7,17,5,29,0,4,35,5,44,0,11,52,10,73,22,20,42,115
12/03/2019,DTS,FL,ASO,ES,Federal Contract Tower,0,2,27,5,34,0,2,28,7,37,0,4,55,12,71,44,20,64,135
12/04/2019,DTS,FL,ASO,ES,Federal Contract Tower,0,9,42,6,57,0,0,25,3,28,0,9,67,9,85,8,18,26,111
12/05/2019,DTS,FL,ASO,ES,Federal Contract Tower,0,7,52,4,63,0,3,26,0,29,0,10,78,4,92,26,10,36,128
12/06/2019,DTS,FL,ASO,ES,Federal Contract Tower,0,5,24,2,31,0,2,27,0,29,0,7,51,2,60,46,0,46,106
12/07/2019,DTS,FL,ASO,ES,Federal Contract Tower,0,8,29,0,37,0,0,44,0,44,0,8,73,0,81,26,14,40,121
12/08/2019,DTS,FL,ASO,ES,Federal Contract Tower,0,10,33,0,43,0,0,19,0,19,0,10,52,0,62,6,0,6,68
12/09/2019,DTS,FL,ASO,ES,Federal Contract Tower,0,6,36,2,44,0,6,20,4,30,0,12,56,6,74,50,12,62,136
12/10/2019,DTS,FL,ASO,ES,Federal Contract Tower,0,2,30,4,36,0,0,7,0,7,0,2,37,4,43,0,0,0,43
12/11/2019,DTS,FL,ASO,ES,Federal Contract Tower,0,1,24,3,28,0,2,3,0,5,0,3,27,3,33,0,0,0,33
12/12/2019,DTS,FL,ASO,ES,Federal Contract Tower,0,4,33,6,43,0,0,6,2,8,0,4,39,8,51,0,0,0,51
12/13/2019,DTS,FL,ASO,ES,Federal Contract Tower,0,3,10,0,13,0,0,0,0,0,0,3,10,0,13,0,0,0,13
12/14/2019,DTS,FL,ASO,ES,Federal Contract Tower,0,0,37,1,38,0,0,71,1,72,0,0,108,2,110,52,20,72,182
12/15/2019,DTS,FL,ASO,ES,Federal Contract Tower,0,6,41,0,47,0,2,45,0,47,0,8,86,0,94,26,0,26,120
12/16/2019,DTS,FL,ASO,ES,Federal Contract Tower,0,0,23,4,27,0,0,25,2,27,0,0,48,6,54,54,0,54,108
12/17/2019,DTS,FL,ASO,ES,Federal Contract Tower,0,3,16,8,27,0,0,4,0,4,0,3,20,8,31,0,8,8,39
12/18/2019,DTS,FL,ASO,ES,Federal Contract Tower,0,7,23,9,39,0,2,26,7,35,0,9,49,16,74,44,4,48,122
12/19/2019,DTS,FL,ASO,ES,Federal Contract Tower,0,8,34,3,45,0,1,28,1,30,0,9,62,4,75,54,4,58,133
12/20/2019,DTS,FL,ASO,ES,Federal Contract Tower,0,7,46,2,55,0,0,36,2,38,0,7,82,4,93,44,0,44,137
12/21/2019,DTS,FL,ASO,ES,Federal Contract Tower,0,3,8,0,11,0,0,0,0,0,0,3,8,0,11,0,0,0,11
12/22/2019,DTS,FL,ASO,ES,Federal Contract Tower,0,5,12,0,17,0,0,0,0,0,0,5,12,0,17,0,0,0,17
12/23/2019,DTS,FL,ASO,ES,Federal Contract Tower,0,10,23,0,33,0,0,8,2,10,0,10,31,2,43,0,8,8,51
12/24/2019,DTS,FL,ASO,ES,Federal Contract Tower,0,1,27,1,29,0,2,75,0,77,0,3,102,1,106,60,0,60,166
12/25/2019,DTS,FL,ASO,ES,Federal Contract Tower,0,2,15,0,17,0,0,29,0,29,0,2,44,0,46,14,0,14,60
12/26/2019,DTS,FL,ASO,ES,Federal Contract Tower,0,6,50,0,56,0,2,115,0,117,0,8,165,0,173,16,0,16,189
12/27/2019,DTS,FL,ASO,ES,Federal Contract Tower,3,11,52,2,68,0,0,114,2,116,3,11,166,4,184,20,0,20,204
12/28/2019,DTS,FL,ASO,ES,Federal Contract Tower,0,7,39,0,46,0,0,0,0,0,0,7,39,0,46,0,0,0,46
12/29/2019,DTS,FL,ASO,ES,Federal Contract Tower,0,1,12,0,13,0,0,0,0,0,0,1,12,0,13,0,0,0,13
12/30/2019,DTS,FL,ASO,ES,Federal Contract Tower,0,20,64,3,87,0,4,79,7,90,0,24,143,10,177,56,0,56,233
12/31/2019,DTS,FL,ASO,ES,Federal Contract Tower,0,3,26,0,29,0,2,175,0,177,0,5,201,0,206,62,0,62,268
01/01/2020,DTS,FL,ASO,ES,Federal Contract Tower,0,7,37,0,44,0,0,86,0,86,0,7,123,0,130,20,0,20,150
01/02/2020,DTS,FL,ASO,ES,Federal Contract Tower,0,3,32,0,35,0,0,26,1,27,0,3,58,1,62,28,0,28,90
01/03/2020,DTS,FL,ASO,ES,Federal Contract Tower,0,5,26,1,32,0,0,7,1,8,0,5,33,2,40,10,0,10,50
01/04/2020,DTS,FL,ASO,ES,Federal Contract Tower,0,3,39,0,42,0,2,37,0,39,0,5,76,0,81,32,24,56,137
01/05/2020,DTS,FL,ASO,ES,Federal Contract Tower,0,7,42,0,49,0,5,95,0,100,0,12,137,0,149,38,0,38,187
01/06/2020,DTS,FL,ASO,ES,Federal Contract Tower,0,8,18,0,26,0,0,56,0,56,0,8,74,0,82,62,10,72,154
01/07/2020,DTS,FL,ASO,ES,Federal Contract Tower,0,6,29,4,39,0,0,32,9,41,0,6,61,13,80,32,24,56,136
01/08/2020,DTS,FL,ASO,ES,Federal Contract Tower,0,4,45,3,52,0,4,53,2,59,0,8,98,5,111,44,2,46,157
01/09/2020,DTS,FL,ASO,ES,Federal Contract Tower,0,2,33,4,39,0,2,29,6,37,0,4,62,10,76,14,2,16,92
01/10/2020,DTS,FL,ASO,ES,Federal Contract Tower,0,4,23,0,27,0,2,11,0,13,0,6,34,0,40,4,0,4,44
01/11/2020,DTS,FL,ASO,ES,Federal Contract Tower,0,3,1,0,4,0,0,0,0,0,0,3,1,0,4,0,0,0,4
01/12/2020,DTS,FL,ASO,ES,Federal Contract Tower,0,9,28,0,37,0,0,34,0,34,0,9,62,0,71,14,0,14,85
01/13/2020,DTS,FL,ASO,ES,Federal Contract Tower,0,2,14,6,22,0,0,0,0,0,0,2,14,6,22,0,0,0,22
01/14/2020,DTS,FL,ASO,ES,Federal Contract Tower,0,7,11,5,23,0,0,5,4,9,0,7,16,9,32,0,20,20,52
01/15/2020,DTS,FL,ASO,ES,Federal Contract Tower,0,6,20,3,29,0,0,6,0,6,0,6,26,3,35,0,0,0,35
01/16/2020,DTS,FL,ASO,ES,Federal Contract Tower,0,3,34,9,46,0,0,17,4,21,0,3,51,13,67,60,16,76,143
01/17/2020,DTS,FL,ASO,ES,Federal Contract Tower,0,10,48,0,58,0,0,62,0,62,0,10,110,0,120,72,0,72,192
01/18/2020,DTS,FL,ASO,ES,Federal Contract Tower,0,0,22,0,22,0,0,6,0,6,0,0,28,0,28,12,0,12,40
01/19/2020,DTS,FL,ASO,ES,Federal Contract Tower,0,8,31,0,39,0,4,30,0,34,0,12,61,0,73,30,0,30,103
01/20/2020,DTS,FL,ASO,ES,Federal Contract Tower,0,6,71,0,77,0,0,44,0,44,0,6,115,0,121,40,0,40,161
01/21/2020,DTS,FL,ASO,ES,Federal Contract Tower,0,1,31,3,35,0,2,32,8,42,0,3,63,11,77,0,4,4,81
01/22/2020,DTS,FL,ASO,ES,Federal Contract Tower,0,4,27,2,33,0,2,39,7,48,0,6,66,9,81,22,0,22,103
01/23/2020,DTS,FL,ASO,ES,Federal Contract Tower,0,8,14,0,22,0,3,15,4,22,0,11,29,4,44,12,2,14,58
01/24/2020,DTS,FL,ASO,ES,Federal Contract Tower,0,8,53,1,62,0,2,33,1,36,0,10,86,2,98,52,22,74,172
01/25/2020,DTS,FL,ASO,ES,Federal Contract Tower,0,3,25,0,28,0,0,74,0,74,0,3,99,0,102,36,16,52,154
01/26/2020,DTS,FL,ASO,ES,Federal Contract Tower,0,9,38,1,48,0,0,50,0,50,0,9,88,1,98,64,0,64,162
01/27/2020,DTS,FL,ASO,ES,Federal Contract Tower,0,6,27,6,39,0,0,31,3,34,0,6,58,9,73,62,14,76,149
01/28/2020,DTS,FL,ASO,ES,Federal Contract Tower,0,12,22,6,40,0,5,54,6,65,0,17,76,12,105,32,36,68,173
01/29/2020,DTS,FL,ASO,ES,Federal Contract Tower,0,4,17,0,21,0,0,0,0,0,0,4,17,0,21,0,0,0,21
01/30/2020,DTS,FL,ASO,ES,Federal Contract Tower,0,6,34,3,43,0,3,50,2,55,0,9,84,5,98,46,0,46,144
01/31/2020,DTS,FL,ASO,ES,Federal Contract Tower,0,9,35,0,44,0,0,3,0,3,0,9,38,0,47,0,0,0,47
02/01/2020,DTS,FL,ASO,ES,Federal Contract Tower,0,6,30,1,37,0,0,31,1,32,0,6,61,2,69,26,0,26,95
02/02/2020,DTS,FL,ASO,ES,Federal Contract Tower,0,10,22,0,32,0,0,78,0,78,0,10,100,0,110,34,0,34,144
02/03/2020,DTS,FL,ASO,ES,Federal Contract Tower,0,7,52,1,60,0,0,51,2,53,0,7,103,3,113,44,22,66,179
02/04/2020,DTS,FL,ASO,ES,Federal Contract Tower,0,3,22,8,33,0,1,23,3,27,0,4,45,11,60,20,20,40,100
02/05/2020,DTS,FL,ASO,ES,Federal Contract Tower,0,2,8,4,14,0,0,0,0,0,0,2,8,4,14,0,0,0,14
02/06/2020,DTS,FL,ASO,ES,Federal Contract Tower,0,0,10,3,13,0,0,0,0,0,0,0,10,3,13,0,0,0,13
02/07/2020,DTS,FL,ASO,ES,Federal Contract Tower,0,4,43,0,47,0,6,44,1,51,0,10,87,1,98,30,6,36,134
02/08/2020,DTS,FL,ASO,ES,Federal Contract Tower,0,1,24,0,25,0,1,51,0,52,0,2,75,0,77,40,0,40,117
02/09/2020,DTS,FL,ASO,ES,Federal Contract Tower,0,10,43,1,54,0,0,81,1,82,0,10,124,2,136,40,12,52,188
02/10/2020,DTS,FL,ASO,ES,Federal Contract Tower,0,4,16,8,28,1,0,8,0,9,1,4,24,8,37,45,0,45,82
02/11/2020,DTS,FL,ASO,ES,Federal Contract Tower,0,1,7,0,8,0,0,0,0,0,0,1,7,0,8,0,0,0,8
02/12/2020,DTS,FL,ASO,ES,Federal Contract Tower,0,0,11,0,11,0,0,0,0,0,0,0,11,0,11,0,0,0,11
02/13/2020,DTS,FL,ASO,ES,Federal Contract Tower,0,0,25,9,34,0,0,3,4,7,0,0,28,13,41,2,10,12,53
02/14/2020,DTS,FL,ASO,ES,Federal Contract Tower,0,10,47,0,57,0,3,47,0,50,0,13,94,0,107,24,12,36,143
02/15/2020,DTS,FL,ASO,ES,Federal Contract Tower,0,3,43,0,46,0,0,73,2,75,0,3,116,2,121,82,0,82,203
02/16/2020,DTS,FL,ASO,ES,Federal Contract Tower,0,4,20,3,27,0,0,8,0,8,0,4,28,3,35,6,0,6,41
02/17/2020,DTS,FL,ASO,ES,Federal Contract Tower,0,6,44,0,50,0,0,0,0,0,0,6,44,0,50,0,0,0,50
02/18/2020,DTS,FL,ASO,ES,Federal Contract Tower,0,3,27,0,30,0,0,0,0,0,0,3,27,0,30,0,0,0,30
02/19/2020,DTS,FL,ASO,ES,Federal Contract Tower,0,6,47,4,57,0,0,31,4,35,0,6,78,8,92,56,12,68,160
02/20/2020,DTS,FL,ASO,ES,Federal Contract Tower,0,3,21,0,24,0,0,0,0,0,0,3,21,0,24,0,0,0,24
02/21/2020,DTS,FL,ASO,ES,Federal Contract Tower,0,16,55,1,72,0,4,18,7,29,0,20,73,8,101,16,18,34,135
02/22/2020,DTS,FL,ASO,ES,Federal Contract Tower,0,11,44,0,55,0,2,104,8,114,0,13,148,8,169,44,10,54,223
02/23/2020,DTS,FL,ASO,ES,Federal Contract Tower,0,9,40,2,51,0,0,95,3,98,0,9,135,5,149,36,0,36,185
02/24/2020,DTS,FL,ASO,ES,Federal Contract Tower,0,11,21,0,32,0,0,3,0,3,0,11,24,0,35,6,0,6,41
02/25/2020,DTS,FL,ASO,ES,Federal Contract Tower,0,6,22,5,33,0,0,25,0,25,0,6,47,5,58,36,0,36,94
02/26/2020,DTS,FL,ASO,ES,Federal Contract Tower,0,3,30,1,34,0,0,47,0,47,0,3,77,1,81,32,2,34,115
02/27/2020,DTS,FL,ASO,ES,Federal Contract Tower,0,7,43,3,53,0,0,42,1,43,0,7,85,4,96,58,0,58,154
02/28/2020,DTS,FL,ASO,ES,Federal Contract Tower,0,7,55,0,62,0,1,47,3,51,0,8,102,3,113,12,4,16,129
02/29/2020,DTS,FL,ASO,ES,Federal Contract Tower,0,1,36,0,37,0,0,71,0,71,0,1,107,0,108,2,0,2,110
03/01/2020,DTS,FL,ASO,ES,Federal Contract Tower,0,9,57,0,66,0,0,131,0,131,0,9,188,0,197,76,0,76,273
03/02/2020,DTS,FL,ASO,ES,Federal Contract Tower,0,2,30,5,37,0,2,13,0,15,0,4,43,5,52,6,4,10,62
03/03/2020,DTS,FL,ASO,ES,Federal Contract Tower,0,2,23,3,28,0,0,14,1,15,0,2,37,4,43,14,18,32,75
03/04/2020,DTS,FL,ASO,ES,Federal Contract Tower,0,4,14,0,18,0,0,0,0,0,0,4,14,0,18,0,0,0,18
03/05/2020,DTS,FL,ASO,ES,Federal Contract Tower,0,1,26,5,32,0,0,0,4,4,0,1,26,9,36,2,6,8,44
03/06/2020,DTS,FL,ASO,ES,Federal Contract Tower,0,12,39,1,52,0,4,61,8,73,0,16,100,9,125,6,0,6,131
03/07/2020,DTS,FL,ASO,ES,Federal Contract Tower,0,7,41,0,48,0,0,66,5,71,0,7,107,5,119,16,0,16,135
03/08/2020,DTS,FL,ASO,ES,Federal Contract Tower,0,6,43,2,51,0,0,50,0,50,0,6,93,2,101,48,12,60,161
03/09/2020,DTS,FL,ASO,ES,Federal Contract Tower,0,3,30,1,34,0,0,58,4,62,0,3,88,5,96,18,4,22,118
03/10/2020,DTS,FL,ASO,ES,Federal Contract Tower,0,4,41,3,48,0,0,38,8,46,0,4,79,11,94,50,12,62,156
03/11/2020,DTS,FL,ASO,ES,Federal Contract Tower,0,5,41,1,47,0,1,95,3,99,0,6,136,4,146,4,0,4,150
03/12/2020,DTS,FL,ASO,ES,Federal Contract Tower,0,4,48,3,55,0,0,54,1,55,0,4,102,4,110,0,20,20,130
03/13/2020,DTS,FL,ASO,ES,Federal Contract Tower,0,16,71,1,88,0,0,53,1,54,0,16,124,2,142,50,0,50,192
03/14/2020,DTS,FL,ASO,ES,Federal Contract Tower,0,15,63,0,78,0,1,132,1,134,0,16,195,1,212,72,0,72,284
03/15/2020,DTS,FL,ASO,ES,Federal Contract Tower,0,13,62,2,77,0,1,94,0,95,0,14,156,2,172,42,0,42,214
03/16/2020,DTS,FL,ASO,ES,Federal Contract Tower,0,14,41,2,57,0,0,81,2,83,0,14,122,4,140,80,4,84,224
03/17/2020,DTS,FL,ASO,ES,Federal Contract Tower,0,7,42,2,51,0,2,45,4,51,0,9,87,6,102,18,8,26,128
03/18/2020,DTS,FL,ASO,ES,Federal Contract Tower,0,10,43,1,54,0,0,47,0,47,0,10,90,1,101,18,8,26,127
03/19/2020,DTS,FL,ASO,ES,Federal Contract Tower,0,8,43,6,57,0,0,63,1,64,0,8,106,7,121,20,0,20,141
03/20/2020,DTS,FL,ASO,ES,Federal Contract Tower,0,18,41,2,61,0,1,19,0,20,0,19,60,2,81,16,0,16,97
03/21/2020,DTS,FL,ASO,ES,Federal Contract Tower,0,6,36,0,42,0,0,13,0,13,0,6,49,0,55,0,0,0,55
03/22/2020,DTS,FL,ASO,ES,Federal Contract Tower,0,8,26,0,34,0,0,33,0,33,0,8,59,0,67,74,0,74,141
03/23/2020,DTS,FL,ASO,ES,Federal Contract Tower,0,2,27,4,33,0,0,49,10,59,0,2,76,14,92,28,44,72,164
03/24/2020,DTS,FL,ASO,ES,Federal Contract Tower,0,0,9,5,14,0,0,25,4,29,0,0,34,9,43,16,20,36,79
03/25/2020,DTS,FL,ASO,ES,Federal Contract Tower,0,3,20,5,28,0,0,28,0,28,0,3,48,5,56,2,26,28,84
03/26/2020,DTS,FL,ASO,ES,Federal Contract Tower,0,5,27,1,33,0,2,71,6,79,0,7,98,7,112,78,22,100,212
03/27/2020,DTS,FL,ASO,ES,Federal Contract Tower,0,4,18,0,22,0,0,79,0,79,0,4,97,0,101,68,20,88,189
03/28/2020,DTS,FL,ASO,ES,Federal Contract Tower,0,1,18,0,19,0,0,46,0,46,0,1,64,0,65,82,0,82,147
03/29/2020,DTS,FL,ASO,ES,Federal Contract Tower,0,1,19,0,20,0,0,28,0,28,0,1,47,0,48,6,0,6,54
03/30/2020,DTS,FL,ASO,ES,Federal Contract Tower,0,0,19,6,25,0,1,41,4,46,0,1,60,10,71,66,14,80,151
03/31/2020,DTS,FL,ASO,ES,Federal Contract Tower,0,2,4,1,7,0,0,2,1,3,0,2,6,2,10,0,4,4,14
04/01/2020,DTS,FL,ASO,ES,Federal Contract Tower,0,4,16,3,23,0,0,17,1,18,0,4,33,4,41,14,0,14,55
04/02/2020,DTS,FL,ASO,ES,Federal Contract Tower,0,0,18,3,21,0,0,33,3,36,0,0,51,6,57,78,4,82,139
04/03/2020,DTS,FL,ASO,ES,Federal Contract Tower,0,6,33,0,39,0,2,32,1,35,0,8,65,1,74,95,16,111,185
04/04/2020,DTS,FL,ASO,ES,Federal Contract Tower,0,2,5,0,7,0,0,31,0,31,0,2,36,0,38,28,10,38,76
04/05/2020,DTS,FL,ASO,ES,Federal Contract Tower,0,0,22,0,22,0,0,34,0,34,0,0,56,0,56,42,0,42,98
04/06/2020,DTS,FL,ASO,ES,Federal Contract Tower,0,0,15,1,16,0,0,31,3,34,0,0,46,4,50,22,20,42,92
04/07/2020,DTS,FL,ASO,ES,Federal Contract Tower,0,1,10,2,13,0,0,17,0,17,0,1,27,2,30,6,8,14,44
04/08/2020,DTS,FL,ASO,ES,Federal Contract Tower,0,0,21,2,23,0,0,1,0,1,0,0,22,2,24,0,0,0,24
04/09/2020,DTS,FL,ASO,ES,Federal Contract Tower,0,0,6,2,8,0,0,29,0,29,0,0,35,2,37,40,0,40,77
04/10/2020,DTS,FL,ASO,ES,Federal Contract Tower,0,1,23,0,24,0,0,44,0,44,0,1,67,0,68,26,0,26,94
04/11/2020,DTS,FL,ASO,ES,Federal Contract Tower,0,0,9,0,9,0,0,30,0,30,0,0,39,0,39,58,0,58,97
04/12/2020,DTS,FL,ASO,ES,Federal Contract Tower,0,0,7,0,7,0,0,0,0,0,0,0,7,0,7,0,0,0,7
04/13/2020,DTS,FL,ASO,ES,Federal Contract Tower,0,0,9,1,10,0,0,46,6,52,0,0,55,7,62,34,0,34,96
04/14/2020,DTS,FL,ASO,ES,Federal Contract Tower,0,2,15,1,18,0,0,29,5,34,0,2,44,6,52,32,36,68,120
04/15/2020,DTS,FL,ASO,ES,Federal Contract Tower,0,4,22,0,26,0,0,15,0,15,0,4,37,0,41,18,0,18,59
04/16/2020,DTS,FL,ASO,ES,Federal Contract Tower,0,3,25,4,32,0,0,22,1,23,0,3,47,5,55,48,8,56,111
04/17/2020,DTS,FL,ASO,ES,Federal Contract Tower,0,0,36,0,36,0,0,26,0,26,0,0,62,0,62,12,0,12,74
04/18/2020,DTS,FL,ASO,ES,Federal Contract Tower,0,2,20,0,22,0,0,17,0,17,0,2,37,0,39,4,0,4,43
04/19/2020,DTS,FL,ASO,ES,Federal Contract Tower,0,4,13,0,17,0,0,2,0,2,0,4,15,0,19,4,0,4,23
04/20/2020,DTS,FL,ASO,ES,Federal Contract Tower,0,0,27,0,27,0,0,75,0,75,0,0,102,0,102,48,6,54,156
04/21/2020,DTS,FL,ASO,ES,Federal Contract Tower,0,0,27,1,28,0,2,44,1,47,0,2,71,2,75,4,4,8,83
04/22/2020,DTS,FL,ASO,ES,Federal Contract Tower,0,0,32,2,34,0,0,21,0,21,0,0,53,2,55,22,0,22,77
04/23/2020,DTS,FL,ASO,ES,Federal Contract Tower,0,0,10,0,10,0,0,1,0,1,0,0,11,0,11,0,0,0,11
04/24/2020,DTS,FL,ASO,ES,Federal Contract Tower,0,2,41,0,43,0,63,2,0,65,0,65,43,0,108,144,1,145,253
04/25/2020,DTS,FL,ASO,ES,Federal Contract Tower,0,4,14,0,18,0,0,61,0,61,0,4,75,0,79,38,0,38,117
04/26/2020,DTS,FL,ASO,ES,Federal Contract Tower,0,6,20,0,26,0,0,37,0,37,0,6,57,0,63,20,0,20,83
04/27/2020,DTS,FL,ASO,ES,Federal Contract Tower,0,6,41,2,49,0,46,0,0,46,0,52,41,2,95,56,0,56,151
04/28/2020,DTS,FL,ASO,ES,Federal Contract Tower,0,7,19,0,26,0,0,53,2,55,0,7,72,2,81,52,4,56,137
04/29/2020,DTS,FL,ASO,ES,Federal Contract Tower,0,0,15,0,15,0,0,1,0,1,0,0,16,0,16,0,0,0,16
04/30/2020,DTS,FL,ASO,ES,Federal Contract Tower,0,8,57,5,70,0,7,39,3,49,0,15,96,8,119,14,12,26,145
05/01/2020,DTS,FL,ASO,ES,Federal Contract Tower,0,6,58,0,64,0,2,63,0,65,0,8,121,0,129,58,2,60,189
05/03/2020,DTS,FL,ASO,ES,Federal Contract Tower,0,1,55,0,56,0,0,86,0,86,0,1,141,0,142,36,0,36,178
05/04/2020,DTS,FL,ASO,ES,Federal Contract Tower,0,5,51,2,58,0,0,63,2,65,0,5,114,4,123,24,2,26,149
05/05/2020,DTS,FL,ASO,ES,Federal Contract Tower,0,9,24,3,36,0,0,34,5,39,0,9,58,8,75,30,2,32,107
05/06/2020,DTS,FL,ASO,ES,Federal Contract Tower,0,4,47,1,52,0,0,34,0,34,0,4,81,1,86,16,4,20,106
05/07/2020,DTS,FL,ASO,ES,Federal Contract Tower,0,7,65,3,75,0,0,58,1,59,0,7,123,4,134,34,0,34,168
05/08/2020,DTS,FL,ASO,ES,Federal Contract Tower,0,5,40,0,45,0,1,30,3,34,0,6,70,3,79,26,0,26,105
05/09/2020,DTS,FL,ASO,ES,Federal Contract Tower,0,7,60,0,67,0,0,60,0,60,0,7,120,0,127,34,0,34,161
05/10/2020,DTS,FL,ASO,ES,Federal Contract Tower,0,8,62,0,70,0,0,102,0,102,0,8,164,0,172,65,0,65,237
05/11/2020,DTS,FL,ASO,ES,Federal Contract Tower,0,5,53,2,60,0,0,63,0,63,0,5,116,2,123,50,0,50,173
05/12/2020,DTS,FL,ASO,ES,Federal Contract Tower,0,5,35,1,41,0,0,39,4,43,0,5,74,5,84,35,10,45,129
05/13/2020,DTS,FL,ASO,ES,Federal Contract Tower,0,9,51,2,62,0,4,48,3,55,0,13,99,5,117,54,4,58,175
05/14/2020,DTS,FL,ASO,ES,Federal Contract Tower,0,15,65,2,82,0,1,79,3,83,0,16,144,5,165,46,8,54,219
05/15/2020,DTS,FL,ASO,ES,Federal Contract Tower,0,11,75,1,87,0,0,104,5,109,0,11,179,6,196,54,6,60,256
05/16/2020,DTS,FL,ASO,ES,Federal Contract Tower,0,8,43,0,51,0,0,162,0,162,0,8,205,0,213,20,0,20,233
05/17/2020,DTS,FL,ASO,ES,Federal Contract Tower,0,15,96,0,111,0,0,96,0,96,0,15,192,0,207,56,0,56,263
05/18/2020,DTS,FL,ASO,ES,Federal Contract Tower,0,7,53,4,64,0,23,0,0,23,0,30,53,4,87,0,0,0,87
05/19/2020,DTS,FL,ASO,ES,Federal Contract Tower,0,10,62,8,80,0,0,52,1,53,0,10,114,9,133,0,0,0,133
05/20/2020,DTS,FL,ASO,ES,Federal Contract Tower,0,11,62,0,73,0,0,20,0,20,0,11,82,0,93,0,0,0,93
05/21/2020,DTS,FL,ASO,ES,Federal Contract Tower,0,17,101,2,120,0,0,104,4,108,0,17,205,6,228,4,2,6,234
05/22/2020,DTS,FL,ASO,ES,Federal Contract Tower,0,6,134,4,144,0,0,130,0,130,0,6,264,4,274,0,0,0,274
05/23/2020,DTS,FL,ASO,ES,Federal Contract Tower,0,5,92,0,97,0,0,131,0,131,0,5,223,0,228,0,0,0,228
05/24/2020,DTS,FL,ASO,ES,Federal Contract Tower,0,9,46,0,55,0,2,165,0,167,0,11,211,0,222,0,0,0,222
05/25/2020,DTS,FL,ASO,ES,Federal Contract Tower,0,17,118,0,135,0,2,166,0,168,0,19,284,0,303,0,0,0,303
05/26/2020,DTS,FL,ASO,ES,Federal Contract Tower,0,19,74,3,96,0,0,87,2,89,0,19,161,5,185,0,0,0,185
05/27/2020,DTS,FL,ASO,ES,Federal Contract Tower,0,12,82,2,96,0,0,59,5,64,0,12,141,7,160,0,0,0,160
05/28/2020,DTS,FL,ASO,ES,Federal Contract Tower,0,14,61,1,76,0,0,107,0,107,0,14,168,1,183,20,0,20,203
05/29/2020,DTS,FL,ASO,ES,Federal Contract Tower,0,17,74,3,94,0,4,217,2,223,0,21,291,5,317,6,0,6,323
05/30/2020,DTS,FL,ASO,ES,Federal Contract Tower,0,16,91,0,107,0,0,183,0,183,0,16,274,0,290,46,6,52,342
05/31/2020,DTS,FL,ASO,ES,Federal Contract Tower,0,15,111,0,126,0,0,175,0,175,0,15,286,0,301,8,0,8,309
06/01/2020,DTS,FL,ASO,ES,Federal Contract Tower,0,11,61,3,75,0,0,87,1,88,0,11,148,4,163,28,16,44,207
06/02/2020,DTS,FL,ASO,ES,Federal Contract Tower,0,5,50,0,55,0,0,55,0,55,0,5,105,0,110,18,6,24,134
06/03/2020,DTS,FL,ASO,ES,Federal Contract Tower,0,5,54,2,61,0,3,35,2,40,0,8,89,4,101,64,8,72,173
06/04/2020,DTS,FL,ASO,ES,Federal Contract Tower,0,17,49,7,73,0,2,136,5,143,0,19,185,12,216,40,24,64,280
06/05/2020,DTS,FL,ASO,ES,Federal Contract Tower,3,18,62,3,86,0,1,180,0,181,3,19,242,3,267,26,20,46,313
06/06/2020,DTS,FL,ASO,ES,Federal Contract Tower,0,15,80,0,95,0,0,64,0,64,0,15,144,0,159,0,0,0,159
06/07/2020,DTS,FL,ASO,ES,Federal Contract Tower,0,8,26,0,34,0,0,1,0,1,0,8,27,0,35,0,0,0,35
06/08/2020,DTS,FL,ASO,ES,Federal Contract Tower,0,8,28,3,39,0,0,47,0,47,0,8,75,3,86,0,0,0,86
06/09/2020,DTS,FL,ASO,ES,Federal Contract Tower,0,14,39,2,55,0,0,42,0,42,0,14,81,2,97,0,0,0,97
06/10/2020,DTS,FL,ASO,ES,Federal Contract Tower,0,11,72,0,83,0,0,63,0,63,0,11,135,0,146,0,0,0,146
06/11/2020,DTS,FL,ASO,ES,Federal Contract Tower,0,14,108,2,124,0,1,179,1,181,0,15,287,3,305,14,16,30,335
06/12/2020,DTS,FL,ASO,ES,Federal Contract Tower,0,9,94,2,105,0,0,250,2,252,0,9,344,4,357,22,10,32,389
06/13/2020,DTS,FL,ASO,ES,Federal Contract Tower,0,18,93,0,111,0,0,241,0,241,0,18,334,0,352,38,16,54,406
06/14/2020,DTS,FL,ASO,ES,Federal Contract Tower,0,34,124,0,158,0,0,191,0,191,0,34,315,0,349,14,0,14,363
06/15/2020,DTS,FL,ASO,ES,Federal Contract Tower,0,10,66,5,81,0,1,164,11,176,0,11,230,16,257,36,6,42,299
06/16/2020,DTS,FL,ASO,ES,Federal Contract Tower,0,4,52,3,59,0,0,72,0,72,0,4,124,3,131,8,8,16,147
06/17/2020,DTS,FL,ASO,ES,Federal Contract Tower,0,21,57,4,82,0,0,163,10,173,0,21,220,14,255,46,18,64,319
06/18/2020,DTS,FL,ASO,ES,Federal Contract Tower,0,15,83,2,100,0,0,228,7,235,0,15,311,9,335,72,10,82,417
06/19/2020,DTS,FL,ASO,ES,Federal Contract Tower,0,19,88,2,109,0,0,301,4,305,0,19,389,6,414,70,0,70,484
06/20/2020,DTS,FL,ASO,ES,Federal Contract Tower,0,19,116,0,135,0,0,276,0,276,0,19,392,0,411,74,0,74,485
06/21/2020,DTS,FL,ASO,ES,Federal Contract Tower,0,25,96,0,121,0,0,201,0,201,0,25,297,0,322,46,0,46,368
06/22/2020,DTS,FL,ASO,ES,Federal Contract Tower,0,7,69,2,78,0,0,113,0,113,0,7,182,2,191,52,0,52,243
06/23/2020,DTS,FL,ASO,ES,Federal Contract Tower,0,10,38,3,51,0,0,80,1,81,0,10,118,4,132,38,38,76,208
06/24/2020,DTS,FL,ASO,ES,Federal Contract Tower,0,17,47,0,64,0,0,93,0,93,0,17,140,0,157,44,0,44,201
06/25/2020,DTS,FL,ASO,ES,Federal Contract Tower,0,12,81,2,95,0,0,202,0,202,0,12,283,2,297,50,0,50,347
06/26/2020,DTS,FL,ASO,ES,Federal Contract Tower,0,21,97,5,123,0,2,206,6,214,0,23,303,11,337,28,30,58,395
06/27/2020,DTS,FL,ASO,ES,Federal Contract Tower,0,15,73,0,88,0,0,221,0,221,0,15,294,0,309,34,0,34,343
06/28/2020,DTS,FL,ASO,ES,Federal Contract Tower,0,23,69,2,94,0,0,176,0,176,0,23,245,2,270,0,0,0,270
06/29/2020,DTS,FL,ASO,ES,Federal Contract Tower,0,6,58,3,67,0,0,141,2,143,0,6,199,5,210,24,4,28,238
06/30/2020,DTS,FL,ASO,ES,Federal Contract Tower,0,12,63,3,78,0,0,104,2,106,0,12,167,5,184,20,18,38,222
07/01/2020,DTS,FL,ASO,ES,Federal Contract Tower,0,21,59,2,82,0,0,75,1,76,0,21,134,3,158,0,8,8,166
07/02/2020,DTS,FL,ASO,ES,Federal Contract Tower,0,14,111,0,125,0,0,182,2,184,0,14,293,2,309,52,8,60,369
07/03/2020,DTS,FL,ASO,ES,Federal Contract Tower,0,9,46,0,55,0,0,265,0,265,0,9,311,0,320,86,0,86,406
07/04/2020,DTS,FL,ASO,ES,Federal Contract Tower,0,4,25,0,29,0,0,283,0,283,0,4,308,0,312,14,0,14,326
07/05/2020,DTS,FL,ASO,ES,Federal Contract Tower,0,9,76,0,85,0,0,152,0,152,0,9,228,0,237,12,2,14,251
07/06/2020,DTS,FL,ASO,ES,Federal Contract Tower,0,13,67,0,80,0,0,80,0,80,0,13,147,0,160,2,0,2,162
07/07/2020,DTS,FL,ASO,ES,Federal Contract Tower,0,5,54,4,63,0,0,53,0,53,0,5,107,4,116,34,0,34,150
07/08/2020,DTS,FL,ASO,ES,Federal Contract Tower,0,12,51,4,67,0,0,206,10,216,0,12,257,14,283,98,4,102,385
07/09/2020,DTS,FL,ASO,ES,Federal Contract Tower,0,9,67,4,80,0,0,219,7,226,0,9,286,11,306,98,24,122,428
07/10/2020,DTS,FL,ASO,ES,Federal Contract Tower,0,13,75,0,88,0,0,237,5,242,0,13,312,5,330,40,8,48,378
07/11/2020,DTS,FL,ASO,ES,Federal Contract Tower,0,13,73,1,87,0,0,274,2,276,0,13,347,3,363,22,0,22,385
07/12/2020,DTS,FL,ASO,ES,Federal Contract Tower,0,13,58,0,71,0,0,159,0,159,0,13,217,0,230,24,0,24,254
07/13/2020,DTS,FL,ASO,ES,Federal Contract Tower,0,3,49,1,53,0,0,138,2,140,0,3,187,3,193,20,2,22,215
07/14/2020,DTS,FL,ASO,ES,Federal Contract Tower,0,5,55,4,64,0,0,163,2,165,0,5,218,6,229,44,22,66,295
07/15/2020,DTS,FL,ASO,ES,Federal Contract Tower,0,18,48,0,66,0,0,88,0,88,0,18,136,0,154,54,8,62,216
07/16/2020,DTS,FL,ASO,ES,Federal Contract Tower,0,8,56,1,65,0,0,230,3,233,0,8,286,4,298,46,4,50,348
07/17/2020,DTS,FL,ASO,ES,Federal Contract Tower,0,14,81,4,99,0,0,297,10,307,0,14,378,14,406,50,4,54,460
07/18/2020,DTS,FL,ASO,ES,Federal Contract Tower,0,26,57,0,83,0,0,176,0,176,0,26,233,0,259,102,2,104,363
07/19/2020,DTS,FL,ASO,ES,Federal Contract Tower,0,20,77,0,97,0,1,212,3,216,0,21,289,3,313,30,2,32,345
07/20/2020,DTS,FL,ASO,ES,Federal Contract Tower,0,8,65,3,76,0,0,133,7,140,0,8,198,10,216,18,20,38,254
07/21/2020,DTS,FL,ASO,ES,Federal Contract Tower,0,7,47,2,56,0,0,102,7,109,0,7,149,9,165,58,34,92,257
07/22/2020,DTS,FL,ASO,ES,Federal Contract Tower,0,11,74,3,88,2,0,159,1,162,2,11,233,4,250,14,0,14,264
07/23/2020,DTS,FL,ASO,ES,Federal Contract Tower,0,9,59,2,70,0,0,149,4,153,0,9,208,6,223,88,24,112,335
07/24/2020,DTS,FL,ASO,ES,Federal Contract Tower,0,12,58,2,72,0,0,199,3,202,0,12,257,5,274,36,0,36,310
07/25/2020,DTS,FL,ASO,ES,Federal Contract Tower,0,31,73,0,104,0,0,181,0,181,0,31,254,0,285,30,6,36,321
07/26/2020,DTS,FL,ASO,ES,Federal Contract Tower,0,16,90,0,106,0,0,141,0,141,0,16,231,0,247,66,0,66,313
07/27/2020,DTS,FL,ASO,ES,Federal Contract Tower,0,7,68,1,76,0,2,124,3,129,0,9,192,4,205,0,10,10,215
07/28/2020,DTS,FL,ASO,ES,Federal Contract Tower,0,3,49,1,53,0,0,57,1,58,0,3,106,2,111,0,2,2,113
07/29/2020,DTS,FL,ASO,ES,Federal Contract Tower,0,7,40,2,49,0,0,68,0,68,0,7,108,2,117,6,0,6,123
07/30/2020,DTS,FL,ASO,ES,Federal Contract Tower,0,10,63,5,78,0,0,240,3,243,0,10,303,8,321,42,30,72,393
07/31/2020,DTS,FL,ASO,ES,Federal Contract Tower,0,21,90,3,114,0,0,184,9,193,0,21,274,12,307,0,10,10,317
08/01/2020,DTS,FL,ASO,ES,Federal Contract Tower,0,28,89,0,117,0,0,212,1,213,0,28,301,1,330,6,0,6,336
08/02/2020,DTS,FL,ASO,ES,Federal Contract Tower,0,5,71,0,76,0,0,208,0,208,0,5,279,0,284,34,0,34,318
08/03/2020,DTS,FL,ASO,ES,Federal Contract Tower,0,8,57,2,67,0,0,149,3,152,0,8,206,5,219,28,18,46,265
08/04/2020,DTS,FL,ASO,ES,Federal Contract Tower,0,8,64,3,75,0,0,182,3,185,0,8,246,6,260,100,14,114,374
08/05/2020,DTS,FL,ASO,ES,Federal Contract Tower,0,14,63,4,81,0,0,175,0,175,0,14,238,4,256,8,0,8,264
08/06/2020,DTS,FL,ASO,ES,Federal Contract Tower,0,8,87,0,95,0,0,291,8,299,0,8,378,8,394,42,42,84,478
08/07/2020,DTS,FL,ASO,ES,Federal Contract Tower,0,9,68,0,77,0,0,361,4,365,0,9,429,4,442,50,4,54,496
08/08/2020,DTS,FL,ASO,ES,Federal Contract Tower,0,13,70,0,83,0,0,280,0,280,0,13,350,0,363,40,0,40,403
08/09/2020,DTS,FL,ASO,ES,Federal Contract Tower,0,8,87,0,95,0,0,257,0,257,0,8,344,0,352,28,0,28,380
08/10/2020,DTS,FL,ASO,ES,Federal Contract Tower,0,8,41,2,51,0,0,166,3,169,0,8,207,5,220,108,2,110,330
08/11/2020,DTS,FL,ASO,ES,Federal Contract Tower,0,13,32,2,47,0,0,115,1,116,0,13,147,3,163,32,6,38,201
08/12/2020,DTS,FL,ASO,ES,Federal Contract Tower,0,6,55,2,63,0,0,186,4,190,0,6,241,6,253,16,26,42,295
08/13/2020,DTS,FL,ASO,ES,Federal Contract Tower,0,5,75,5,85,0,0,128,5,133,0,5,203,10,218,18,8,26,244
08/14/2020,DTS,FL,ASO,ES,Federal Contract Tower,0,8,68,2,78,0,0,221,1,222,0,8,289,3,300,68,0,68,368
08/15/2020,DTS,FL,ASO,ES,Federal Contract Tower,0,12,64,0,76,0,0,263,0,263,0,12,327,0,339,58,0,58,397
08/16/2020,DTS,FL,ASO,ES,Federal Contract Tower,0,8,85,0,93,0,0,246,0,246,0,8,331,0,339,38,0,38,377
08/17/2020,DTS,FL,ASO,ES,Federal Contract Tower,0,6,42,3,51,0,0,162,4,166,0,6,204,7,217,74,28,102,319
08/18/2020,DTS,FL,ASO,ES,Federal Contract Tower,0,8,29,1,38,0,0,162,2,164,0,8,191,3,202,68,16,84,286
08/19/2020,DTS,FL,ASO,ES,Federal Contract Tower,0,7,40,1,48,0,0,101,4,105,0,7,141,5,153,80,8,88,241
08/20/2020,DTS,FL,ASO,ES,Federal Contract Tower,0,14,41,1,56,0,0,88,0,88,0,14,129,1,144,0,0,0,144
08/21/2020,DTS,FL,ASO,ES,Federal Contract Tower,0,7,64,0,71,0,0,205,2,207,0,7,269,2,278,30,0,30,308
08/22/2020,DTS,FL,ASO,ES,Federal Contract Tower,0,10,35,0,45,0,0,252,0,252,0,10,287,0,297,54,0,54,351
08/23/2020,DTS,FL,ASO,ES,Federal Contract Tower,0,22,77,0,99,0,0,74,0,74,0,22,151,0,173,0,0,0,173
08/24/2020,DTS,FL,ASO,ES,Federal Contract Tower,0,2,19,0,21,0,0,0,0,0,0,2,19,0,21,0,0,0,21
08/25/2020,DTS,FL,ASO,ES,Federal Contract Tower,0,6,10,2,18,0,0,107,2,109,0,6,117,4,127,52,34,86,213
08/26/2020,DTS,FL,ASO,ES,Federal Contract Tower,0,0,19,3,22,0,0,58,4,62,0,0,77,7,84,14,0,14,98
08/27/2020,DTS,FL,ASO,ES,Federal Contract Tower,0,6,32,7,45,0,0,84,5,89,0,6,116,12,134,12,14,26,160
08/28/2020,DTS,FL,ASO,ES,Federal Contract Tower,0,9,37,3,49,0,0,212,9,221,0,9,249,12,270,64,10,74,344
08/29/2020,DTS,FL,ASO,ES,Federal Contract Tower,0,6,38,1,45,0,0,97,0,97,0,6,135,1,142,33,0,33,175
08/30/2020,DTS,FL,ASO,ES,Federal Contract Tower,0,8,42,1,51,0,0,90,0,90,0,8,132,1,141,82,14,96,237
08/31/2020,DTS,FL,ASO,ES,Federal Contract Tower,0,1,46,4,51,0,0,136,11,147,0,1,182,15,198,18,22,40,238
09/01/2020,DTS,FL,ASO,ES,Federal Contract Tower,0,10,33,6,49,0,0,88,36,124,0,10,121,42,173,102,28,130,303
09/02/2020,DTS,FL,ASO,ES,Federal Contract Tower,0,17,55,1,73,0,0,109,9,118,0,17,164,10,191,108,8,116,307
09/03/2020,DTS,FL,ASO,ES,Federal Contract Tower,0,15,83,6,104,0,0,148,8,156,0,15,231,14,260,90,18,108,368
09/04/2020,DTS,FL,ASO,ES,Federal Contract Tower,0,20,122,0,142,0,2,267,1,270,0,22,389,1,412,36,0,36,448
09/05/2020,DTS,FL,ASO,ES,Federal Contract Tower,0,15,44,0,59,0,2,322,2,326,0,17,366,2,385,4,0,4,389
09/06/2020,DTS,FL,ASO,ES,Federal Contract Tower,0,13,34,0,47,0,0,333,3,336,0,13,367,3,383,8,0,8,391
09/07/2020,DTS,FL,ASO,ES,Federal Contract Tower,0,23,137,0,160,0,0,268,1,269,0,23,405,1,429,14,0,14,443
09/08/2020,DTS,FL,ASO,ES,Federal Contract Tower,0,14,56,5,75,0,0,137,5,142,0,14,193,10,217,16,4,20,237
09/09/2020,DTS,FL,ASO,ES,Federal Contract Tower,0,15,43,4,62,0,0,147,4,151,0,15,190,8,213,30,4,34,247
09/10/2020,DTS,FL,ASO,ES,Federal Contract Tower,0,19,64,0,83,0,2,191,6,199,0,21,255,6,282,46,34,80,362
09/11/2020,DTS,FL,ASO,ES,Federal Contract Tower,0,11,64,0,75,0,0,134,1,135,0,11,198,1,210,22,0,22,232
09/12/2020,DTS,FL,ASO,ES,Federal Contract Tower,0,12,41,2,55,0,0,118,1,119,0,12,159,3,174,22,0,22,196
09/13/2020,DTS,FL,ASO,ES,Federal Contract Tower,0,8,83,0,91,0,0,50,0,50,0,8,133,0,141,0,0,0,141
09/14/2020,DTS,FL,ASO,ES,Federal Contract Tower,0,6,10,0,16,0,0,2,0,2,0,6,12,0,18,0,0,0,18
09/15/2020,DTS,FL,ASO,ES,Federal Contract Tower,0,0,0,0,0,0,0,0,0,0,0,0,0,0,0,0,0,0,0
09/16/2020,DTS,FL,ASO,ES,Federal Contract Tower,0,0,0,0,0,0,0,0,0,0,0,0,0,0,0,0,0,0,0
09/17/2020,DTS,FL,ASO,ES,Federal Contract Tower,0,1,16,0,17,0,0,10,0,10,0,1,26,0,27,0,0,0,27
09/18/2020,DTS,FL,ASO,ES,Federal Contract Tower,1,17,75,1,94,0,0,171,0,171,1,17,246,1,265,68,0,68,333
09/19/2020,DTS,FL,ASO,ES,Federal Contract Tower,0,12,25,0,37,0,0,120,0,120,0,12,145,0,157,8,0,8,165
09/20/2020,DTS,FL,ASO,ES,Federal Contract Tower,0,8,59,0,67,0,0,13,0,13,0,8,72,0,80,0,0,0,80
09/21/2020,DTS,FL,ASO,ES,Federal Contract Tower,0,8,32,6,46,0,0,50,1,51,0,8,82,7,97,32,10,42,139
09/22/2020,DTS,FL,ASO,ES,Federal Contract Tower,0,12,41,2,55,0,0,147,8,155,0,12,188,10,210,102,2,104,314
09/23/2020,DTS,FL,ASO,ES,Federal Contract Tower,0,6,46,0,52,0,0,107,4,111,0,6,153,4,163,32,10,42,205
09/24/2020,DTS,FL,ASO,ES,Federal Contract Tower,0,7,39,1,47,0,0,70,1,71,0,7,109,2,118,0,2,2,120
09/25/2020,DTS,FL,ASO,ES,Federal Contract Tower,0,8,77,3,88,0,0,155,3,158,0,8,232,6,246,90,48,138,384
09/26/2020,DTS,FL,ASO,ES,Federal Contract Tower,0,12,43,2,57,0,0,163,0,163,0,12,206,2,220,52,0,52,272
09/27/2020,DTS,FL,ASO,ES,Federal Contract Tower,0,12,76,0,88,0,0,70,0,70,0,12,146,0,158,0,0,0,158
09/28/2020,DTS,FL,ASO,ES,Federal Contract Tower,0,5,45,7,57,0,0,109,4,113,0,5,154,11,170,16,20,36,206
09/29/2020,DTS,FL,ASO,ES,Federal Contract Tower,0,4,36,11,51,0,0,95,1,96,0,4,131,12,147,8,26,34,181
09/30/2020,DTS,FL,ASO,ES,Federal Contract Tower,0,6,62,2,70,0,0,147,7,154,0,6,209,9,224,44,6,50,274
10/01/2020,DTS,FL,ASO,ES,Federal Contract Tower,0,18,78,2,98,0,0,182,2,184,0,18,260,4,282,60,10,70,352
10/02/2020,DTS,FL,ASO,ES,Federal Contract Tower,0,13,96,2,111,0,0,177,3,180,0,13,273,5,291,20,6,26,317
10/03/2020,DTS,FL,ASO,ES,Federal Contract Tower,0,25,59,0,84,0,0,170,0,170,0,25,229,0,254,28,0,28,282
10/04/2020,DTS,FL,ASO,ES,Federal Contract Tower,0,14,87,0,101,0,0,120,3,123,0,14,207,3,224,10,14,24,248
10/05/2020,DTS,FL,ASO,ES,Federal Contract Tower,0,4,49,4,57,0,0,94,6,100,0,4,143,10,157,0,8,8,165
10/06/2020,DTS,FL,ASO,ES,Federal Contract Tower,0,15,38,3,56,0,0,106,6,112,0,15,144,9,168,52,0,52,220
10/07/2020,DTS,FL,ASO,ES,Federal Contract Tower,0,9,50,6,65,0,0,178,7,185,0,9,228,13,250,54,0,54,304
10/08/2020,DTS,FL,ASO,ES,Federal Contract Tower,0,12,72,3,87,0,0,142,5,147,0,12,214,8,234,34,22,56,290
10/09/2020,DTS,FL,ASO,ES,Federal Contract Tower,0,12,42,0,54,0,0,63,0,63,0,12,105,0,117,10,0,10,127
10/10/2020,DTS,FL,ASO,ES,Federal Contract Tower,0,4,6,0,10,0,0,6,0,6,0,4,12,0,16,0,0,0,16
10/11/2020,DTS,FL,ASO,ES,Federal Contract Tower,0,18,70,0,88,0,0,70,0,70,0,18,140,0,158,0,0,0,158
10/12/2020,DTS,FL,ASO,ES,Federal Contract Tower,0,14,61,0,75,0,0,84,0,84,0,14,145,0,159,58,0,58,217
10/13/2020,DTS,FL,ASO,ES,Federal Contract Tower,1,7,43,5,56,0,1,124,19,144,1,8,167,24,200,10,46,56,256
10/14/2020,DTS,FL,ASO,ES,Federal Contract Tower,0,23,85,2,110,0,0,153,10,163,0,23,238,12,273,20,0,20,293
10/15/2020,DTS,FL,ASO,ES,Federal Contract Tower,0,9,91,3,103,0,2,168,11,181,0,11,259,14,284,20,14,34,318
10/16/2020,DTS,FL,ASO,ES,Federal Contract Tower,0,15,80,4,99,0,0,127,1,128,0,15,207,5,227,26,8,34,261
10/17/2020,DTS,FL,ASO,ES,Federal Contract Tower,0,13,48,1,62,0,0,136,0,136,0,13,184,1,198,14,0,14,212
10/18/2020,DTS,FL,ASO,ES,Federal Contract Tower,0,14,109,0,123,0,0,128,0,128,0,14,237,0,251,10,0,10,261
10/19/2020,DTS,FL,ASO,ES,Federal Contract Tower,0,19,52,4,75,0,0,67,2,69,0,19,119,6,144,28,8,36,180
10/20/2020,DTS,FL,ASO,ES,Federal Contract Tower,0,9,34,2,45,0,0,144,4,148,0,9,178,6,193,56,20,76,269
10/21/2020,DTS,FL,ASO,ES,Federal Contract Tower,0,8,64,3,75,0,0,103,6,109,0,8,167,9,184,60,12,72,256
10/22/2020,DTS,FL,ASO,ES,Federal Contract Tower,0,12,70,3,85,0,0,101,5,106,0,12,171,8,191,60,10,70,261
10/23/2020,DTS,FL,ASO,ES,Federal Contract Tower,0,10,56,0,66,0,0,87,4,91,0,10,143,4,157,62,2,64,221
10/24/2020,DTS,FL,ASO,ES,Federal Contract Tower,1,3,33,0,37,0,0,43,1,44,1,3,76,1,81,4,0,4,85
10/25/2020,DTS,FL,ASO,ES,Federal Contract Tower,0,12,105,0,117,0,0,46,0,46,0,12,151,0,163,16,0,16,179
10/26/2020,DTS,FL,ASO,ES,Federal Contract Tower,0,5,50,1,56,0,0,90,9,99,0,5,140,10,155,12,26,38,193
10/27/2020,DTS,FL,ASO,ES,Federal Contract Tower,0,5,44,9,58,0,0,5,1,6,0,5,49,10,64,0,6,6,70
10/28/2020,DTS,FL,ASO,ES,Federal Contract Tower,0,0,14,0,14,0,0,7,0,7,0,0,21,0,21,0,6,6,27
10/29/2020,DTS,FL,ASO,ES,Federal Contract Tower,0,7,43,7,57,0,0,37,1,38,0,7,80,8,95,0,0,0,95
10/30/2020,DTS,FL,ASO,ES,Federal Contract Tower,0,12,64,0,76,0,0,124,5,129,0,12,188,5,205,56,6,62,267
10/31/2020,DTS,FL,ASO,ES,Federal Contract Tower,0,3,33,0,36,0,0,97,0,97,0,3,130,0,133,10,4,14,147
11/01/2020,DTS,FL,ASO,ES,Federal Contract Tower,0,9,50,0,59,0,0,60,0,60,0,9,110,0,119,64,0,64,183
11/02/2020,DTS,FL,ASO,ES,Federal Contract Tower,0,9,44,7,60,0,0,44,4,48,0,9,88,11,108,8,28,36,144
11/03/2020,DTS,FL,ASO,ES,Federal Contract Tower,0,8,26,3,37,0,0,70,10,80,0,8,96,13,117,80,43,123,240
11/04/2020,DTS,FL,ASO,ES,Federal Contract Tower,0,12,46,1,59,0,0,91,2,93,0,12,137,3,152,88,0,88,240
11/05/2020,DTS,FL,ASO,ES,Federal Contract Tower,0,7,55,5,67,0,0,80,0,80,0,7,135,5,147,34,0,34,181
11/06/2020,DTS,FL,ASO,ES,Federal Contract Tower,0,5,64,3,72,0,0,79,2,81,0,5,143,5,153,8,0,8,161
11/07/2020,DTS,FL,ASO,ES,Federal Contract Tower,0,8,47,7,62,0,0,81,3,84,0,8,128,10,146,24,1,25,171
11/08/2020,DTS,FL,ASO,ES,Federal Contract Tower,0,18,62,3,83,0,0,72,5,77,0,18,134,8,160,18,0,18,178
11/09/2020,DTS,FL,ASO,ES,Federal Contract Tower,0,6,29,6,41,0,0,57,13,70,0,6,86,19,111,6,18,24,135
11/10/2020,DTS,FL,ASO,ES,Federal Contract Tower,0,8,37,7,52,0,0,61,1,62,0,8,98,8,114,34,2,36,150
11/11/2020,DTS,FL,ASO,ES,Federal Contract Tower,0,10,22,0,32,0,0,41,0,41,0,10,63,0,73,58,0,58,131
11/12/2020,DTS,FL,ASO,ES,Federal Contract Tower,0,15,45,4,64,0,1,72,2,75,0,16,117,6,139,8,12,20,159
11/13/2020,DTS,FL,ASO,ES,Federal Contract Tower,0,9,56,2,67,0,0,77,2,79,0,9,133,4,146,38,22,60,206
11/14/2020,DTS,FL,ASO,ES,Federal Contract Tower,0,9,44,0,53,0,0,101,0,101,0,9,145,0,154,12,0,12,166
11/15/2020,DTS,FL,ASO,ES,Federal Contract Tower,0,9,64,0,73,0,0,101,0,101,0,9,165,0,174,18,22,40,214
11/16/2020,DTS,FL,ASO,ES,Federal Contract Tower,0,5,33,3,41,0,0,63,4,67,0,5,96,7,108,26,26,52,160
11/17/2020,DTS,FL,ASO,ES,Federal Contract Tower,0,1,30,2,33,0,2,56,4,62,0,3,86,6,95,10,10,20,115
11/18/2020,DTS,FL,ASO,ES,Federal Contract Tower,0,4,29,1,34,0,0,70,13,83,0,4,99,14,117,48,30,78,195
11/19/2020,DTS,FL,ASO,ES,Federal Contract Tower,0,12,42,6,60,0,0,49,6,55,0,12,91,12,115,62,30,92,207
11/20/2020,DTS,FL,ASO,ES,Federal Contract Tower,0,9,117,0,126,0,0,54,0,54,0,9,171,0,180,33,0,33,213
11/21/2020,DTS,FL,ASO,ES,Federal Contract Tower,0,18,57,0,75,0,0,91,0,91,0,18,148,0,166,29,0,29,195
11/22/2020,DTS,FL,ASO,ES,Federal Contract Tower,0,10,47,0,57,0,0,92,2,94,0,10,139,2,151,62,8,70,221
11/23/2020,DTS,FL,ASO,ES,Federal Contract Tower,0,4,57,2,63,0,1,81,0,82,0,5,138,2,145,24,2,26,171
11/24/2020,DTS,FL,ASO,ES,Federal Contract Tower,0,9,88,1,98,0,0,117,4,121,0,9,205,5,219,20,28,48,267
11/25/2020,DTS,FL,ASO,ES,Federal Contract Tower,0,5,56,0,61,0,0,86,1,87,0,5,142,1,148,30,10,40,188
11/26/2020,DTS,FL,ASO,ES,Federal Contract Tower,0,4,22,0,26,0,0,27,0,27,0,4,49,0,53,8,0,8,61
11/27/2020,DTS,FL,ASO,ES,Federal Contract Tower,0,9,62,0,71,0,0,44,0,44,0,9,106,0,115,0,0,0,115
11/28/2020,DTS,FL,ASO,ES,Federal Contract Tower,0,14,59,0,73,0,0,83,0,83,0,14,142,0,156,38,0,38,194
11/29/2020,DTS,FL,ASO,ES,Federal Contract Tower,0,13,41,0,54,0,0,0,0,0,0,13,41,0,54,0,0,0,54
11/30/2020,DTS,FL,ASO,ES,Federal Contract Tower,0,11,51,4,66,0,1,53,1,55,0,12,104,5,121,12,20,32,153
12/01/2020,DTS,FL,ASO,ES,Federal Contract Tower,0,5,32,5,42,0,0,70,8,78,0,5,102,13,120,24,30,54,174
12/02/2020,DTS,FL,ASO,ES,Federal Contract Tower,0,4,43,0,47,0,0,84,14,98,0,4,127,14,145,84,16,100,245
12/03/2020,DTS,FL,ASO,ES,Federal Contract Tower,0,6,34,2,42,0,0,28,8,36,0,6,62,10,78,20,4,24,102
12/04/2020,DTS,FL,ASO,ES,Federal Contract Tower,0,5,32,0,37,0,0,7,1,8,0,5,39,1,45,0,32,32,77
12/05/2020,DTS,FL,ASO,ES,Federal Contract Tower,0,11,35,0,46,0,0,76,6,82,0,11,111,6,128,36,14,50,178
12/06/2020,DTS,FL,ASO,ES,Federal Contract Tower,0,10,37,1,48,0,0,63,4,67,0,10,100,5,115,42,10,52,167
12/07/2020,DTS,FL,ASO,ES,Federal Contract Tower,0,4,23,3,30,0,0,46,24,70,0,4,69,27,100,53,14,67,167
12/08/2020,DTS,FL,ASO,ES,Federal Contract Tower,0,5,27,1,33,0,1,51,11,63,0,6,78,12,96,8,20,28,124
12/09/2020,DTS,FL,ASO,ES,Federal Contract Tower,0,10,37,2,49,0,0,85,8,93,0,10,122,10,142,40,0,40,182
12/10/2020,DTS,FL,ASO,ES,Federal Contract Tower,0,20,42,3,65,0,0,75,12,87,0,20,117,15,152,26,16,42,194
12/11/2020,DTS,FL,ASO,ES,Federal Contract Tower,0,2,54,0,56,0,0,68,4,72,0,2,122,4,128,82,0,82,210
12/12/2020,DTS,FL,ASO,ES,Federal Contract Tower,0,1,19,0,20,0,0,36,0,36,0,1,55,0,56,36,0,36,92
12/13/2020,DTS,FL,ASO,ES,Federal Contract Tower,0,3,52,0,55,0,0,13,0,13,0,3,65,0,68,6,0,6,74
12/14/2020,DTS,FL,ASO,ES,Federal Contract Tower,0,6,29,3,38,0,0,52,7,59,0,6,81,10,97,40,6,46,143
12/15/2020,DTS,FL,ASO,ES,Federal Contract Tower,0,4,37,7,48,0,0,76,8,84,0,4,113,15,132,104,34,138,270
12/16/2020,DTS,FL,ASO,ES,Federal Contract Tower,0,4,30,2,36,0,0,0,0,0,0,4,30,2,36,0,0,0,36
12/17/2020,DTS,FL,ASO,ES,Federal Contract Tower,0,15,39,6,60,0,2,32,8,42,0,17,71,14,102,42,20,62,164
12/18/2020,DTS,FL,ASO,ES,Federal Contract Tower,0,7,30,5,42,0,0,90,4,94,0,7,120,9,136,141,0,141,277
12/19/2020,DTS,FL,ASO,ES,Federal Contract Tower,0,8,37,1,46,0,0,46,0,46,0,8,83,1,92,60,0,60,152
12/20/2020,DTS,FL,ASO,ES,Federal Contract Tower,0,9,36,0,45,0,0,0,0,0,0,9,36,0,45,0,0,0,45
12/21/2020,DTS,FL,ASO,ES,Federal Contract Tower,0,12,31,4,47,0,0,78,9,87,0,12,109,13,134,54,0,54,188
12/22/2020,DTS,FL,ASO,ES,Federal Contract Tower,0,3,37,0,40,0,0,96,2,98,0,3,133,2,138,90,8,98,236
12/23/2020,DTS,FL,ASO,ES,Federal Contract Tower,0,8,45,0,53,0,0,56,0,56,0,8,101,0,109,58,0,58,167
12/24/2020,DTS,FL,ASO,ES,Federal Contract Tower,0,2,13,0,15,0,2,0,0,2,0,4,13,0,17,0,0,0,17
12/25/2020,DTS,FL,ASO,ES,Federal Contract Tower,0,0,17,0,17,0,0,44,0,44,0,0,61,0,61,18,0,18,79
12/26/2020,DTS,FL,ASO,ES,Federal Contract Tower,0,9,41,0,50,0,0,78,0,78,0,9,119,0,128,30,0,30,158
12/27/2020,DTS,FL,ASO,ES,Federal Contract Tower,0,13,71,0,84,0,0,75,0,75,0,13,146,0,159,56,0,56,215
12/28/2020,DTS,FL,ASO,ES,Federal Contract Tower,0,7,43,0,50,0,0,110,0,110,0,7,153,0,160,52,10,62,222
12/29/2020,DTS,FL,ASO,ES,Federal Contract Tower,0,13,50,1,64,0,0,142,0,142,0,13,192,1,206,134,8,142,348
12/30/2020,DTS,FL,ASO,ES,Federal Contract Tower,0,9,66,2,77,0,0,222,0,222,0,9,288,2,299,20,0,20,319
12/31/2020,DTS,FL,ASO,ES,Federal Contract Tower,0,4,32,0,36,0,0,4,0,4,0,4,36,0,40,0,0,0,40
01/01/2021,DTS,FL,ASO,ES,Federal Contract Tower,0,5,20,0,25,0,0,0,0,0,0,5,20,0,25,0,0,0,25
01/02/2021,DTS,FL,ASO,ES,Federal Contract Tower,0,4,50,0,54,0,0,34,0,34,0,4,84,0,88,33,1,34,122
01/03/2021,DTS,FL,ASO,ES,Federal Contract Tower,0,14,93,0,107,0,0,142,0,142,0,14,235,0,249,70,0,70,319
01/04/2021,DTS,FL,ASO,ES,Federal Contract Tower,0,11,50,0,61,0,0,105,0,105,0,11,155,0,166,68,0,68,234
01/05/2021,DTS,FL,ASO,ES,Federal Contract Tower,0,13,32,0,45,0,0,81,3,84,0,13,113,3,129,80,6,86,215
01/06/2021,DTS,FL,ASO,ES,Federal Contract Tower,0,8,18,1,27,0,1,56,5,62,0,9,74,6,89,66,10,76,165
01/07/2021,DTS,FL,ASO,ES,Federal Contract Tower,0,5,32,1,38,0,0,14,0,14,0,5,46,1,52,2,0,2,54
01/08/2021,DTS,FL,ASO,ES,Federal Contract Tower,0,11,37,4,52,0,0,11,2,13,0,11,48,6,65,0,6,6,71
01/09/2021,DTS,FL,ASO,ES,Federal Contract Tower,0,6,31,2,39,0,0,72,0,72,0,6,103,2,111,54,0,54,165
01/10/2021,DTS,FL,ASO,ES,Federal Contract Tower,0,7,32,0,39,0,0,36,0,36,0,7,68,0,75,94,0,94,169
01/11/2021,DTS,FL,ASO,ES,Federal Contract Tower,0,2,19,4,25,0,0,0,0,0,0,2,19,4,25,0,0,0,25
01/12/2021,DTS,FL,ASO,ES,Federal Contract Tower,0,11,32,4,47,0,0,8,2,10,0,11,40,6,57,16,8,24,81
01/13/2021,DTS,FL,ASO,ES,Federal Contract Tower,0,11,37,6,54,0,0,33,11,44,0,11,70,17,98,16,26,42,140
01/14/2021,DTS,FL,ASO,ES,Federal Contract Tower,0,13,42,3,58,0,0,46,2,48,0,13,88,5,106,28,4,32,138
01/15/2021,DTS,FL,ASO,ES,Federal Contract Tower,0,14,65,0,79,0,0,73,1,74,0,14,138,1,153,36,6,42,195
01/16/2021,DTS,FL,ASO,ES,Federal Contract Tower,0,3,28,0,31,0,0,78,0,78,0,3,106,0,109,46,0,46,155
01/17/2021,DTS,FL,ASO,ES,Federal Contract Tower,0,13,53,0,66,0,0,86,0,86,0,13,139,0,152,20,0,20,172
01/18/2021,DTS,FL,ASO,ES,Federal Contract Tower,0,17,61,1,79,0,0,90,0,90,0,17,151,1,169,56,0,56,225
01/19/2021,DTS,FL,ASO,ES,Federal Contract Tower,0,4,36,6,46,0,0,73,5,78,0,4,109,11,124,60,6,66,190
01/20/2021,DTS,FL,ASO,ES,Federal Contract Tower,0,9,33,8,50,0,0,41,4,45,0,9,74,12,95,36,18,54,149
01/21/2021,DTS,FL,ASO,ES,Federal Contract Tower,0,5,44,2,51,0,1,45,2,48,0,6,89,4,99,64,26,90,189
01/22/2021,DTS,FL,ASO,ES,Federal Contract Tower,0,7,44,1,52,0,0,7,0,7,0,7,51,1,59,6,0,6,65
01/23/2021,DTS,FL,ASO,ES,Federal Contract Tower,0,11,31,2,44,0,0,76,0,76,0,11,107,2,120,94,0,94,214
01/24/2021,DTS,FL,ASO,ES,Federal Contract Tower,0,7,43,0,50,0,0,14,0,14,0,7,57,0,64,2,0,2,66
01/25/2021,DTS,FL,ASO,ES,Federal Contract Tower,2,6,22,0,30,0,0,6,0,6,2,6,28,0,36,0,0,0,36
01/26/2021,DTS,FL,ASO,ES,Federal Contract Tower,0,1,29,4,34,0,0,0,0,0,0,1,29,4,34,0,0,0,34
01/27/2021,DTS,FL,ASO,ES,Federal Contract Tower,0,7,37,1,45,0,1,8,2,11,0,8,45,3,56,0,12,12,68
01/28/2021,DTS,FL,ASO,ES,Federal Contract Tower,0,5,59,3,67,0,0,34,3,37,0,5,93,6,104,14,10,24,128
01/29/2021,DTS,FL,ASO,ES,Federal Contract Tower,0,10,56,4,70,0,0,102,3,105,0,10,158,7,175,110,8,118,293
01/30/2021,DTS,FL,ASO,ES,Federal Contract Tower,0,5,28,0,33,0,0,63,0,63,0,5,91,0,96,66,0,66,162
01/31/2021,DTS,FL,ASO,ES,Federal Contract Tower,0,9,34,2,45,0,0,22,0,22,0,9,56,2,67,0,0,0,67
02/01/2021,DTS,FL,ASO,ES,Federal Contract Tower,0,4,27,4,35,0,0,12,2,14,0,4,39,6,49,12,18,30,79
02/02/2021,DTS,FL,ASO,ES,Federal Contract Tower,0,6,35,4,45,0,0,54,2,56,0,6,89,6,101,26,22,48,149
02/03/2021,DTS,FL,ASO,ES,Federal Contract Tower,0,9,34,2,45,0,0,49,12,61,0,9,83,14,106,64,19,83,189
02/04/2021,DTS,FL,ASO,ES,Federal Contract Tower,0,1,47,0,48,0,1,34,3,38,0,2,81,3,86,8,0,8,94
02/05/2021,DTS,FL,ASO,ES,Federal Contract Tower,0,5,52,0,57,0,0,7,1,8,0,5,59,1,65,4,12,16,81
02/06/2021,DTS,FL,ASO,ES,Federal Contract Tower,0,6,21,0,27,0,0,2,0,2,0,6,23,0,29,2,0,2,31
02/07/2021,DTS,FL,ASO,ES,Federal Contract Tower,0,3,47,0,50,0,0,81,0,81,0,3,128,0,131,46,0,46,177
02/08/2021,DTS,FL,ASO,ES,Federal Contract Tower,0,7,61,5,73,0,0,36,7,43,0,7,97,12,116,108,0,108,224
02/09/2021,DTS,FL,ASO,ES,Federal Contract Tower,0,2,38,4,44,0,0,0,0,0,0,2,38,4,44,0,0,0,44
02/10/2021,DTS,FL,ASO,ES,Federal Contract Tower,0,5,37,7,49,0,1,3,0,4,0,6,40,7,53,0,0,0,53
02/11/2021,DTS,FL,ASO,ES,Federal Contract Tower,0,8,21,1,30,0,0,2,0,2,0,8,23,1,32,0,0,0,32
02/12/2021,DTS,FL,ASO,ES,Federal Contract Tower,0,2,38,0,40,0,0,4,0,4,0,2,42,0,44,0,0,0,44
02/13/2021,DTS,FL,ASO,ES,Federal Contract Tower,0,8,23,0,31,0,0,0,0,0,0,8,23,0,31,0,0,0,31
02/14/2021,DTS,FL,ASO,ES,Federal Contract Tower,0,2,27,1,30,0,0,68,3,71,0,2,95,4,101,8,0,8,109
02/15/2021,DTS,FL,ASO,ES,Federal Contract Tower,0,7,9,0,16,0,0,10,0,10,0,7,19,0,26,4,0,4,30
02/16/2021,DTS,FL,ASO,ES,Federal Contract Tower,0,12,39,4,55,0,0,64,14,78,0,12,103,18,133,72,16,88,221
02/17/2021,DTS,FL,ASO,ES,Federal Contract Tower,0,6,41,4,51,0,0,48,1,49,0,6,89,5,100,46,24,70,170
02/18/2021,DTS,FL,ASO,ES,Federal Contract Tower,0,6,12,0,18,0,0,0,0,0,0,6,12,0,18,0,0,0,18
02/19/2021,DTS,FL,ASO,ES,Federal Contract Tower,0,12,52,9,73,0,0,48,1,49,0,12,100,10,122,24,12,36,158
02/20/2021,DTS,FL,ASO,ES,Federal Contract Tower,0,7,47,0,54,0,0,132,1,133,0,7,179,1,187,73,0,73,260
02/21/2021,DTS,FL,ASO,ES,Federal Contract Tower,0,8,62,0,70,0,0,116,0,116,0,8,178,0,186,50,0,50,236
02/22/2021,DTS,FL,ASO,ES,Federal Contract Tower,0,8,37,3,48,0,0,69,0,69,0,8,106,3,117,34,38,72,189
02/23/2021,DTS,FL,ASO,ES,Federal Contract Tower,0,5,54,3,62,0,0,65,5,70,0,5,119,8,132,24,36,60,192
02/24/2021,DTS,FL,ASO,ES,Federal Contract Tower,0,9,69,5,83,0,0,64,7,71,0,9,133,12,154,98,24,122,276
02/25/2021,DTS,FL,ASO,ES,Federal Contract Tower,0,5,64,3,72,0,0,69,1,70,0,5,133,4,142,126,36,162,304
02/26/2021,DTS,FL,ASO,ES,Federal Contract Tower,0,12,43,3,58,0,0,65,1,66,0,12,108,4,124,84,16,100,224
02/27/2021,DTS,FL,ASO,ES,Federal Contract Tower,0,4,36,0,40,0,0,35,0,35,0,4,71,0,75,6,0,6,81
02/28/2021,DTS,FL,ASO,ES,Federal Contract Tower,0,20,63,1,84,0,0,83,1,84,0,20,146,2,168,44,0,44,212
03/01/2021,DTS,FL,ASO,ES,Federal Contract Tower,0,11,13,4,28,0,0,2,0,2,0,11,15,4,30,0,0,0,30
03/02/2021,DTS,FL,ASO,ES,Federal Contract Tower,0,4,22,0,26,0,0,0,0,0,0,4,22,0,26,0,0,0,26
03/03/2021,DTS,FL,ASO,ES,Federal Contract Tower,0,14,45,5,64,0,0,78,2,80,0,14,123,7,144,66,16,82,226
03/04/2021,DTS,FL,ASO,ES,Federal Contract Tower,0,11,75,9,95,0,0,67,2,69,0,11,142,11,164,94,14,108,272
03/05/2021,DTS,FL,ASO,ES,Federal Contract Tower,0,16,79,0,95,0,0,87,1,88,0,16,166,1,183,66,0,66,249
03/06/2021,DTS,FL,ASO,ES,Federal Contract Tower,0,15,49,0,64,0,0,107,0,107,0,15,156,0,171,18,0,18,189
03/07/2021,DTS,FL,ASO,ES,Federal Contract Tower,0,18,101,30,149,0,0,245,2,247,0,18,346,32,396,58,4,62,458
03/08/2021,DTS,FL,ASO,ES,Federal Contract Tower,0,10,63,3,76,0,0,143,5,148,0,10,206,8,224,34,10,44,268
03/09/2021,DTS,FL,ASO,ES,Federal Contract Tower,0,9,65,3,77,0,0,94,4,98,0,9,159,7,175,54,8,62,237
03/10/2021,DTS,FL,ASO,ES,Federal Contract Tower,0,6,62,3,71,0,0,137,7,144,0,6,199,10,215,18,30,48,263
03/11/2021,DTS,FL,ASO,ES,Federal Contract Tower,0,6,76,3,85,0,0,64,5,69,0,6,140,8,154,54,6,60,214
03/12/2021,DTS,FL,ASO,ES,Federal Contract Tower,0,17,80,0,97,0,0,146,3,149,0,17,226,3,246,74,14,88,334
03/13/2021,DTS,FL,ASO,ES,Federal Contract Tower,0,12,124,0,136,0,0,283,0,283,0,12,407,0,419,2,0,2,421
03/14/2021,DTS,FL,ASO,ES,Federal Contract Tower,0,12,95,0,107,0,0,284,0,284,0,12,379,0,391,12,0,12,403
03/15/2021,DTS,FL,ASO,ES,Federal Contract Tower,0,12,52,5,69,0,0,124,0,124,0,12,176,5,193,8,0,8,201
03/16/2021,DTS,FL,ASO,ES,Federal Contract Tower,0,20,44,1,65,0,0,148,2,150,0,20,192,3,215,4,0,4,219
03/17/2021,DTS,FL,ASO,ES,Federal Contract Tower,0,10,48,4,62,0,0,21,0,21,0,10,69,4,83,0,0,0,83
03/18/2021,DTS,FL,ASO,ES,Federal Contract Tower,0,14,95,8,117,0,0,92,6,98,0,14,187,14,215,22,12,34,249
03/19/2021,DTS,FL,ASO,ES,Federal Contract Tower,0,23,93,2,118,0,0,198,2,200,0,23,291,4,318,40,2,42,360
03/20/2021,DTS,FL,ASO,ES,Federal Contract Tower,0,25,76,0,101,0,0,305,0,305,0,25,381,0,406,12,0,12,418
03/21/2021,DTS,FL,ASO,ES,Federal Contract Tower,6,12,96,0,114,0,0,322,0,322,6,12,418,0,436,20,0,20,456
03/22/2021,DTS,FL,ASO,ES,Federal Contract Tower,0,7,67,1,75,0,0,236,4,240,0,7,303,5,315,36,4,40,355
03/23/2021,DTS,FL,ASO,ES,Federal Contract Tower,0,6,45,2,53,0,0,104,0,104,0,6,149,2,157,10,0,10,167
03/24/2021,DTS,FL,ASO,ES,Federal Contract Tower,0,7,53,4,64,0,0,10,0,10,0,7,63,4,74,0,2,2,76
03/25/2021,DTS,FL,ASO,ES,Federal Contract Tower,0,9,41,2,52,0,0,49,2,51,0,9,90,4,103,0,0,0,103
03/26/2021,DTS,FL,ASO,ES,Federal Contract Tower,0,10,54,2,66,0,0,0,0,0,0,10,54,2,66,0,0,0,66
03/27/2021,DTS,FL,ASO,ES,Federal Contract Tower,0,19,56,0,75,0,0,0,0,0,0,19,56,0,75,0,0,0,75
03/28/2021,DTS,FL,ASO,ES,Federal Contract Tower,0,19,52,0,71,0,0,169,0,169,0,19,221,0,240,2,0,2,242
03/29/2021,DTS,FL,ASO,ES,Federal Contract Tower,0,5,78,4,87,0,0,332,1,333,0,5,410,5,420,120,0,120,540
03/30/2021,DTS,FL,ASO,ES,Federal Contract Tower,0,21,52,3,76,0,0,157,2,159,0,21,209,5,235,0,0,0,235
03/31/2021,DTS,FL,ASO,ES,Federal Contract Tower,0,10,49,6,65,0,0,157,4,161,0,10,206,10,226,12,12,24,250
04/01/2021,DTS,FL,ASO,ES,Federal Contract Tower,0,21,96,6,123,0,0,34,1,35,0,21,130,7,158,14,0,14,172
04/02/2021,DTS,FL,ASO,ES,Federal Contract Tower,0,8,80,3,91,0,0,278,4,282,0,8,358,7,373,32,0,32,405
04/03/2021,DTS,FL,ASO,ES,Federal Contract Tower,0,16,63,0,79,0,0,404,0,404,0,16,467,0,483,78,2,80,563
04/04/2021,DTS,FL,ASO,ES,Federal Contract Tower,0,4,53,0,57,0,0,366,0,366,0,4,419,0,423,40,0,40,463
04/05/2021,DTS,FL,ASO,ES,Federal Contract Tower,0,12,83,2,97,0,0,309,2,311,0,12,392,4,408,24,8,32,440
04/06/2021,DTS,FL,ASO,ES,Federal Contract Tower,0,11,65,3,79,0,1,251,3,255,0,12,316,6,334,20,8,28,362
04/07/2021,DTS,FL,ASO,ES,Federal Contract Tower,0,13,84,4,101,0,0,248,7,255,0,13,332,11,356,70,8,78,434
04/08/2021,DTS,FL,ASO,ES,Federal Contract Tower,0,8,76,4,88,0,0,75,9,84,0,8,151,13,172,0,8,8,180
04/09/2021,DTS,FL,ASO,ES,Federal Contract Tower,0,13,34,0,47,0,0,17,1,18,0,13,51,1,65,0,2,2,67
04/10/2021,DTS,FL,ASO,ES,Federal Contract Tower,0,16,35,2,53,0,0,56,0,56,0,16,91,2,109,0,0,0,109
04/11/2021,DTS,FL,ASO,ES,Federal Contract Tower,0,9,87,0,96,0,0,301,0,301,0,9,388,0,397,30,0,30,427
04/12/2021,DTS,FL,ASO,ES,Federal Contract Tower,0,5,56,3,64,0,0,177,6,183,0,5,233,9,247,46,60,106,353
04/13/2021,DTS,FL,ASO,ES,Federal Contract Tower,0,11,59,5,75,0,192,4,0,196,0,203,63,5,271,144,6,150,421
04/14/2021,DTS,FL,ASO,ES,Federal Contract Tower,0,9,46,5,60,0,0,118,1,119,0,9,164,6,179,65,8,73,252
04/15/2021,DTS,FL,ASO,ES,Federal Contract Tower,0,20,49,0,69,0,0,4,0,4,0,20,53,0,73,0,0,0,73
04/16/2021,DTS,FL,ASO,ES,Federal Contract Tower,0,10,66,2,78,0,0,111,2,113,0,10,177,4,191,28,0,28,219
04/17/2021,DTS,FL,ASO,ES,Federal Contract Tower,0,14,34,0,48,0,0,2,0,2,0,14,36,0,50,0,0,0,50
04/18/2021,DTS,FL,ASO,ES,Federal Contract Tower,0,21,73,0,94,0,0,357,2,359,0,21,430,2,453,136,0,136,589
04/19/2021,DTS,FL,ASO,ES,Federal Contract Tower,0,13,49,0,62,0,0,194,2,196,0,13,243,2,258,88,4,92,350
04/20/2021,DTS,FL,ASO,ES,Federal Contract Tower,0,16,60,2,78,0,0,184,1,185,0,16,244,3,263,58,6,64,327
04/21/2021,DTS,FL,ASO,ES,Federal Contract Tower,0,21,44,3,68,0,0,143,9,152,0,21,187,12,220,36,16,52,272
04/22/2021,DTS,FL,ASO,ES,Federal Contract Tower,4,23,107,2,136,0,0,182,8,190,4,23,289,10,326,28,2,30,356
04/23/2021,DTS,FL,ASO,ES,Federal Contract Tower,0,18,63,0,81,0,0,152,1,153,0,18,215,1,234,22,10,32,266
04/24/2021,DTS,FL,ASO,ES,Federal Contract Tower,0,6,25,0,31,0,0,126,0,126,0,6,151,0,157,2,0,2,159
04/25/2021,DTS,FL,ASO,ES,Federal Contract Tower,0,21,109,0,130,0,0,319,0,319,0,21,428,0,449,22,0,22,471
04/26/2021,DTS,FL,ASO,ES,Federal Contract Tower,0,12,64,0,76,0,0,214,3,217,0,12,278,3,293,28,16,44,337
04/27/2021,DTS,FL,ASO,ES,Federal Contract Tower,0,6,62,2,70,0,0,137,5,142,0,6,199,7,212,46,10,56,268
04/28/2021,DTS,FL,ASO,ES,Federal Contract Tower,0,14,66,23,103,0,0,174,6,180,0,14,240,29,283,26,12,38,321
04/29/2021,DTS,FL,ASO,ES,Federal Contract Tower,2,17,89,8,116,0,0,147,0,147,2,17,236,8,263,54,0,54,317
04/30/2021,DTS,FL,ASO,ES,Federal Contract Tower,0,26,77,3,106,0,0,127,1,128,0,26,204,4,234,10,0,10,244
05/01/2021,DTS,FL,ASO,ES,Federal Contract Tower,2,24,86,1,113,0,0,317,0,317,2,24,403,1,430,66,0,66,496
05/02/2021,DTS,FL,ASO,ES,Federal Contract Tower,0,11,75,1,87,0,0,254,0,254,0,11,329,1,341,12,0,12,353
05/03/2021,DTS,FL,ASO,ES,Federal Contract Tower,0,8,59,3,70,0,0,106,0,106,0,8,165,3,176,36,0,36,212
05/04/2021,DTS,FL,ASO,ES,Federal Contract Tower,0,4,23,3,30,0,0,3,0,3,0,4,26,3,33,0,0,0,33
05/05/2021,DTS,FL,ASO,ES,Federal Contract Tower,0,12,45,0,57,0,0,18,5,23,0,12,63,5,80,8,8,16,96
05/06/2021,DTS,FL,ASO,ES,Federal Contract Tower,2,18,79,3,102,0,0,163,0,163,2,18,242,3,265,34,18,52,317
05/07/2021,DTS,FL,ASO,ES,Federal Contract Tower,0,18,95,1,114,0,0,177,3,180,0,18,272,4,294,32,12,44,338
05/08/2021,DTS,FL,ASO,ES,Federal Contract Tower,3,22,73,0,98,0,0,312,0,312,3,22,385,0,410,38,0,38,448
05/09/2021,DTS,FL,ASO,ES,Federal Contract Tower,0,23,79,0,102,0,0,347,0,347,0,23,426,0,449,68,0,68,517
05/10/2021,DTS,FL,ASO,ES,Federal Contract Tower,0,15,58,5,78,0,0,45,3,48,0,15,103,8,126,6,4,10,136
05/11/2021,DTS,FL,ASO,ES,Federal Contract Tower,0,5,40,1,46,0,0,78,1,79,0,5,118,2,125,48,0,48,173
05/12/2021,DTS,FL,ASO,ES,Federal Contract Tower,0,7,62,0,69,0,0,130,4,134,0,7,192,4,203,24,32,56,259
05/13/2021,DTS,FL,ASO,ES,Federal Contract Tower,4,18,96,6,124,0,0,197,3,200,4,18,293,9,324,28,0,28,352
05/14/2021,DTS,FL,ASO,ES,Federal Contract Tower,0,24,84,1,109,0,0,281,7,288,0,24,365,8,397,46,0,46,443
05/15/2021,DTS,FL,ASO,ES,Federal Contract Tower,4,13,67,0,84,0,0,299,0,299,4,13,366,0,383,46,4,50,433
05/16/2021,DTS,FL,ASO,ES,Federal Contract Tower,0,24,102,1,127,0,0,340,0,340,0,24,442,1,467,2,6,8,475
05/17/2021,DTS,FL,ASO,ES,Federal Contract Tower,0,11,66,4,81,0,0,236,6,242,0,11,302,10,323,52,12,64,387
05/18/2021,DTS,FL,ASO,ES,Federal Contract Tower,0,10,46,9,65,0,0,146,3,149,0,10,192,12,214,0,0,0,214
05/19/2021,DTS,FL,ASO,ES,Federal Contract Tower,0,6,67,5,78,0,1,199,8,208,0,7,266,13,286,22,2,24,310
05/20/2021,DTS,FL,ASO,ES,Federal Contract Tower,2,12,83,7,104,0,1,167,16,184,2,13,250,23,288,8,31,39,327
05/21/2021,DTS,FL,ASO,ES,Federal Contract Tower,0,16,116,3,135,0,0,288,6,294,0,16,404,9,429,24,0,24,453
05/22/2021,DTS,FL,ASO,ES,Federal Contract Tower,2,22,66,0,90,0,0,358,0,358,2,22,424,0,448,20,0,20,468
05/23/2021,DTS,FL,ASO,ES,Federal Contract Tower,0,32,105,0,137,0,0,402,0,402,0,32,507,0,539,14,0,14,553
05/24/2021,DTS,FL,ASO,ES,Federal Contract Tower,0,18,83,2,103,0,0,282,7,289,0,18,365,9,392,26,10,36,428
05/25/2021,DTS,FL,ASO,ES,Federal Contract Tower,0,8,52,4,64,0,3,199,3,205,0,11,251,7,269,26,0,26,295
05/26/2021,DTS,FL,ASO,ES,Federal Contract Tower,0,5,80,5,90,0,0,241,1,242,0,5,321,6,332,30,24,54,386
05/27/2021,DTS,FL,ASO,ES,Federal Contract Tower,3,39,112,5,159,0,0,370,13,383,3,39,482,18,542,10,10,20,562
05/28/2021,DTS,FL,ASO,ES,Federal Contract Tower,0,21,109,0,130,0,2,426,3,431,0,23,535,3,561,16,8,24,585
05/29/2021,DTS,FL,ASO,ES,Federal Contract Tower,12,36,102,0,150,0,0,468,0,468,12,36,570,0,618,0,0,0,618
05/30/2021,DTS,FL,ASO,ES,Federal Contract Tower,0,27,53,0,80,0,0,457,2,459,0,27,510,2,539,2,0,2,541
05/31/2021,DTS,FL,ASO,ES,Federal Contract Tower,0,15,119,0,134,0,0,500,2,502,0,15,619,2,636,2,0,2,638
06/01/2021,DTS,FL,ASO,ES,Federal Contract Tower,0,19,103,10,132,0,0,254,5,259,0,19,357,15,391,2,12,14,405
06/02/2021,DTS,FL,ASO,ES,Federal Contract Tower,0,16,63,5,84,0,0,212,11,223,0,16,275,16,307,0,10,10,317
06/03/2021,DTS,FL,ASO,ES,Federal Contract Tower,2,13,86,1,102,0,0,189,6,195,2,13,275,7,297,62,10,72,369
06/04/2021,DTS,FL,ASO,ES,Federal Contract Tower,0,15,86,0,101,0,1,248,12,261,0,16,334,12,362,8,8,16,378
06/05/2021,DTS,FL,ASO,ES,Federal Contract Tower,0,26,88,1,115,0,0,292,1,293,0,26,380,2,408,62,0,62,470
06/06/2021,DTS,FL,ASO,ES,Federal Contract Tower,4,15,69,0,88,0,0,249,0,249,4,15,318,0,337,22,0,22,359
06/07/2021,DTS,FL,ASO,ES,Federal Contract Tower,0,7,50,8,65,0,0,132,6,138,0,7,182,14,203,4,4,8,211
06/08/2021,DTS,FL,ASO,ES,Federal Contract Tower,0,11,56,5,72,0,0,178,11,189,0,11,234,16,261,16,10,26,287
06/09/2021,DTS,FL,ASO,ES,Federal Contract Tower,0,11,64,1,76,0,0,267,5,272,0,11,331,6,348,46,0,46,394
06/10/2021,DTS,FL,ASO,ES,Federal Contract Tower,4,21,78,25,128,0,0,204,14,218,4,21,282,39,346,20,0,20,366
06/11/2021,DTS,FL,ASO,ES,Federal Contract Tower,0,17,79,4,100,0,2,250,15,267,0,19,329,19,367,32,2,34,401
06/12/2021,DTS,FL,ASO,ES,Federal Contract Tower,4,29,99,0,132,0,0,207,0,207,4,29,306,0,339,4,0,4,343
06/13/2021,DTS,FL,ASO,ES,Federal Contract Tower,4,16,99,0,119,0,0,327,0,327,4,16,426,0,446,12,0,12,458
06/14/2021,DTS,FL,ASO,ES,Federal Contract Tower,0,5,66,3,74,0,0,194,2,196,0,5,260,5,270,10,22,32,302
06/15/2021,DTS,FL,ASO,ES,Federal Contract Tower,0,8,59,6,73,0,0,129,1,130,0,8,188,7,203,10,0,10,213
06/16/2021,DTS,FL,ASO,ES,Federal Contract Tower,0,6,53,2,61,0,0,277,13,290,0,6,330,15,351,30,26,56,407
06/17/2021,DTS,FL,ASO,ES,Federal Contract Tower,2,15,71,2,90,0,0,266,2,268,2,15,337,4,358,10,0,10,368
06/18/2021,DTS,FL,ASO,ES,Federal Contract Tower,0,18,86,2,106,0,0,109,1,110,0,18,195,3,216,6,0,6,222
06/19/2021,DTS,FL,ASO,ES,Federal Contract Tower,0,12,29,0,41,0,0,2,0,2,0,12,31,0,43,0,0,0,43
06/20/2021,DTS,FL,ASO,ES,Federal Contract Tower,0,3,61,1,65,0,0,122,0,122,0,3,183,1,187,0,0,0,187
06/21/2021,DTS,FL,ASO,ES,Federal Contract Tower,0,11,41,3,55,0,0,78,2,80,0,11,119,5,135,34,12,46,181
06/22/2021,DTS,FL,ASO,ES,Federal Contract Tower,0,8,34,5,47,0,0,112,0,112,0,8,146,5,159,10,0,10,169
06/23/2021,DTS,FL,ASO,ES,Federal Contract Tower,0,9,53,2,64,0,0,183,6,189,0,9,236,8,253,54,4,58,311
06/24/2021,DTS,FL,ASO,ES,Federal Contract Tower,4,22,70,6,102,0,0,288,4,292,4,22,358,10,394,70,16,86,480
06/25/2021,DTS,FL,ASO,ES,Federal Contract Tower,0,17,66,5,88,0,0,248,1,249,0,17,314,6,337,26,12,38,375
06/26/2021,DTS,FL,ASO,ES,Federal Contract Tower,4,16,101,0,121,0,0,315,0,315,4,16,416,0,436,26,0,26,462
06/27/2021,DTS,FL,ASO,ES,Federal Contract Tower,4,20,100,0,124,0,0,158,0,158,4,20,258,0,282,20,2,22,304
06/28/2021,DTS,FL,ASO,ES,Federal Contract Tower,0,9,73,1,83,0,0,231,9,240,0,9,304,10,323,22,14,36,359
06/29/2021,DTS,FL,ASO,ES,Federal Contract Tower,0,13,34,2,49,0,1,262,10,273,0,14,296,12,322,32,12,44,366
06/30/2021,DTS,FL,ASO,ES,Federal Contract Tower,0,19,91,3,113,0,0,271,6,277,0,19,362,9,390,28,22,50,440
07/01/2021,DTS,FL,ASO,ES,Federal Contract Tower,2,15,95,4,116,0,0,217,0,217,2,15,312,4,333,40,4,44,377
07/02/2021,DTS,FL,ASO,ES,Federal Contract Tower,0,16,106,2,124,0,0,123,2,125,0,16,229,4,249,18,0,18,267
07/03/2021,DTS,FL,ASO,ES,Federal Contract Tower,4,21,110,1,136,0,0,190,2,192,4,21,300,3,328,16,0,16,344
07/04/2021,DTS,FL,ASO,ES,Federal Contract Tower,4,10,32,0,46,0,0,246,13,259,4,10,278,13,305,0,0,0,305
07/05/2021,DTS,FL,ASO,ES,Federal Contract Tower,0,17,116,1,134,0,0,239,0,239,0,17,355,1,373,14,0,14,387
07/06/2021,DTS,FL,ASO,ES,Federal Contract Tower,0,15,44,1,60,0,0,204,1,205,0,15,248,2,265,146,0,146,411
07/07/2021,DTS,FL,ASO,ES,Federal Contract Tower,0,10,59,3,72,0,0,232,1,233,0,10,291,4,305,64,0,64,369
07/08/2021,DTS,FL,ASO,ES,Federal Contract Tower,3,19,68,6,96,0,0,239,1,240,3,19,307,7,336,42,0,42,378
07/09/2021,DTS,FL,ASO,ES,Federal Contract Tower,0,8,75,3,86,0,0,202,1,203,0,8,277,4,289,30,0,30,319
07/11/2021,DTS,FL,ASO,ES,Federal Contract Tower,4,16,72,0,92,0,1,180,1,182,4,17,252,1,274,30,0,30,304
07/12/2021,DTS,FL,ASO,ES,Federal Contract Tower,0,10,48,2,60,0,0,112,3,115,0,10,160,5,175,14,0,14,189
07/13/2021,DTS,FL,ASO,ES,Federal Contract Tower,0,11,41,4,56,0,0,278,3,281,0,11,319,7,337,78,0,78,415
07/14/2021,DTS,FL,ASO,ES,Federal Contract Tower,0,8,39,2,49,0,0,207,4,211,0,8,246,6,260,74,16,90,350
07/15/2021,DTS,FL,ASO,ES,Federal Contract Tower,2,17,83,2,104,0,0,185,1,186,2,17,268,3,290,28,0,28,318
07/16/2021,DTS,FL,ASO,ES,Federal Contract Tower,0,16,70,2,88,0,0,231,22,253,0,16,301,24,341,26,12,38,379
07/17/2021,DTS,FL,ASO,ES,Federal Contract Tower,4,13,94,0,111,0,0,242,0,242,4,13,336,0,353,10,0,10,363
07/18/2021,DTS,FL,ASO,ES,Federal Contract Tower,4,20,57,2,83,0,0,209,2,211,4,20,266,4,294,28,0,28,322
07/19/2021,DTS,FL,ASO,ES,Federal Contract Tower,0,13,44,5,62,0,0,158,4,162,0,13,202,9,224,48,2,50,274
07/20/2021,DTS,FL,ASO,ES,Federal Contract Tower,0,11,33,3,47,0,0,170,2,172,0,11,203,5,219,76,8,84,303
07/21/2021,DTS,FL,ASO,ES,Federal Contract Tower,0,17,76,5,98,0,4,249,7,260,0,21,325,12,358,50,4,54,412
07/22/2021,DTS,FL,ASO,ES,Federal Contract Tower,4,7,79,1,91,0,0,260,4,264,4,7,339,5,355,58,6,64,419
07/23/2021,DTS,FL,ASO,ES,Federal Contract Tower,0,12,53,2,67,0,0,221,0,221,0,12,274,2,288,48,0,48,336
07/24/2021,DTS,FL,ASO,ES,Federal Contract Tower,4,24,109,0,137,0,0,279,0,279,4,24,388,0,416,42,0,42,458
07/25/2021,DTS,FL,ASO,ES,Federal Contract Tower,4,23,93,1,121,0,0,340,1,341,4,23,433,2,462,16,0,16,478
07/26/2021,DTS,FL,ASO,ES,Federal Contract Tower,0,8,39,3,50,0,1,291,5,297,0,9,330,8,347,52,10,62,409
07/27/2021,DTS,FL,ASO,ES,Federal Contract Tower,0,3,48,5,56,0,0,222,5,227,0,3,270,10,283,102,4,106,389
07/28/2021,DTS,FL,ASO,ES,Federal Contract Tower,0,15,66,4,85,0,0,216,8,224,0,15,282,12,309,68,8,76,385
07/29/2021,DTS,FL,ASO,ES,Federal Contract Tower,4,19,80,1,104,0,3,240,18,261,4,22,320,19,365,60,26,86,451
07/30/2021,DTS,FL,ASO,ES,Federal Contract Tower,0,12,67,3,82,0,0,263,6,269,0,12,330,9,351,72,6,78,429
07/31/2021,DTS,FL,ASO,ES,Federal Contract Tower,4,40,80,0,124,0,0,341,0,341,4,40,421,0,465,20,0,20,485
08/01/2021,DTS,FL,ASO,ES,Federal Contract Tower,2,27,101,0,130,0,0,298,1,299,2,27,399,1,429,16,2,18,447
08/02/2021,DTS,FL,ASO,ES,Federal Contract Tower,0,11,38,0,49,0,2,282,4,288,0,13,320,4,337,10,16,26,363
08/03/2021,DTS,FL,ASO,ES,Federal Contract Tower,0,9,41,3,53,0,0,208,2,210,0,9,249,5,263,18,10,28,291
08/04/2021,DTS,FL,ASO,ES,Federal Contract Tower,0,9,55,3,67,0,0,40,0,40,0,9,95,3,107,40,4,44,151
08/05/2021,DTS,FL,ASO,ES,Federal Contract Tower,4,12,80,5,101,0,0,205,0,205,4,12,285,5,306,58,2,60,366
08/06/2021,DTS,FL,ASO,ES,Federal Contract Tower,0,12,70,1,83,0,0,221,11,232,0,12,291,12,315,34,0,34,349
08/07/2021,DTS,FL,ASO,ES,Federal Contract Tower,2,42,68,3,115,0,2,189,0,191,2,44,257,3,306,22,0,22,328
08/08/2021,DTS,FL,ASO,ES,Federal Contract Tower,4,24,108,1,137,0,0,205,0,205,4,24,313,1,342,4,0,4,346
08/09/2021,DTS,FL,ASO,ES,Federal Contract Tower,0,12,38,4,54,0,1,225,2,228,0,13,263,6,282,36,32,68,350
08/10/2021,DTS,FL,ASO,ES,Federal Contract Tower,0,5,39,7,51,0,0,185,2,187,0,5,224,9,238,36,8,44,282
08/11/2021,DTS,FL,ASO,ES,Federal Contract Tower,0,12,32,3,47,0,0,198,9,207,0,12,230,12,254,20,0,20,274
08/12/2021,DTS,FL,ASO,ES,Federal Contract Tower,4,9,68,7,88,0,0,202,7,209,4,9,270,14,297,4,2,6,303
08/13/2021,DTS,FL,ASO,ES,Federal Contract Tower,0,20,54,0,74,0,0,204,3,207,0,20,258,3,281,7,0,7,288
08/14/2021,DTS,FL,ASO,ES,Federal Contract Tower,4,24,49,0,77,0,0,195,2,197,4,24,244,2,274,10,0,10,284
08/15/2021,DTS,FL,ASO,ES,Federal Contract Tower,4,20,66,0,90,0,0,160,0,160,4,20,226,0,250,10,0,10,260
08/16/2021,DTS,FL,ASO,ES,Federal Contract Tower,0,0,5,0,5,0,0,1,0,1,0,0,6,0,6,0,0,0,6
08/17/2021,DTS,FL,ASO,ES,Federal Contract Tower,0,17,29,1,47,0,0,105,4,109,0,17,134,5,156,24,12,36,192
08/18/2021,DTS,FL,ASO,ES,Federal Contract Tower,0,10,36,1,47,0,0,96,1,97,0,10,132,2,144,52,0,52,196
08/19/2021,DTS,FL,ASO,ES,Federal Contract Tower,4,7,61,1,73,0,0,99,3,102,4,7,160,4,175,82,2,84,259
08/20/2021,DTS,FL,ASO,ES,Federal Contract Tower,0,14,63,0,77,0,0,69,4,73,0,14,132,4,150,32,20,52,202
08/21/2021,DTS,FL,ASO,ES,Federal Contract Tower,4,12,26,0,42,0,0,108,0,108,4,12,134,0,150,14,0,14,164
08/22/2021,DTS,FL,ASO,ES,Federal Contract Tower,2,14,73,0,89,0,0,207,1,208,2,14,280,1,297,10,2,12,309
08/23/2021,DTS,FL,ASO,ES,Federal Contract Tower,0,4,44,2,50,0,0,138,2,140,0,4,182,4,190,18,16,34,224
08/24/2021,DTS,FL,ASO,ES,Federal Contract Tower,0,6,40,2,48,0,0,157,12,169,0,6,197,14,217,32,20,52,269
08/25/2021,DTS,FL,ASO,ES,Federal Contract Tower,0,8,58,4,70,0,0,80,1,81,0,8,138,5,151,34,0,34,185
08/26/2021,DTS,FL,ASO,ES,Federal Contract Tower,4,4,48,3,59,0,0,129,3,132,4,4,177,6,191,70,4,74,265
08/27/2021,DTS,FL,ASO,ES,Federal Contract Tower,0,23,47,1,71,0,0,72,1,73,0,23,119,2,144,28,0,28,172
08/28/2021,DTS,FL,ASO,ES,Federal Contract Tower,4,26,56,0,86,0,0,130,0,130,4,26,186,0,216,40,0,40,256
08/29/2021,DTS,FL,ASO,ES,Federal Contract Tower,0,2,8,0,10,0,0,0,0,0,0,2,8,0,10,0,0,0,10
08/30/2021,DTS,FL,ASO,ES,Federal Contract Tower,0,4,10,0,14,0,0,2,0,2,0,4,12,0,16,6,0,6,22
08/31/2021,DTS,FL,ASO,ES,Federal Contract Tower,0,7,36,2,45,0,0,24,0,24,0,7,60,2,69,12,0,12,81
09/01/2021,DTS,FL,ASO,ES,Federal Contract Tower,0,25,38,2,65,0,1,89,4,94,0,26,127,6,159,6,16,22,181
09/02/2021,DTS,FL,ASO,ES,Federal Contract Tower,4,25,105,1,135,0,2,101,1,104,4,27,206,2,239,38,10,48,287
09/03/2021,DTS,FL,ASO,ES,Federal Contract Tower,0,27,133,0,160,0,0,91,0,91,0,27,224,0,251,18,0,18,269
09/04/2021,DTS,FL,ASO,ES,Federal Contract Tower,5,13,40,0,58,0,0,225,0,225,5,13,265,0,283,28,0,28,311
09/05/2021,DTS,FL,ASO,ES,Federal Contract Tower,4,7,43,0,54,0,0,348,0,348,4,7,391,0,402,14,0,14,416
09/06/2021,DTS,FL,ASO,ES,Federal Contract Tower,0,18,135,0,153,0,1,205,0,206,0,19,340,0,359,0,0,0,359
09/07/2021,DTS,FL,ASO,ES,Federal Contract Tower,0,19,68,0,87,0,1,155,4,160,0,20,223,4,247,14,22,36,283
09/08/2021,DTS,FL,ASO,ES,Federal Contract Tower,0,14,25,0,39,0,0,22,3,25,0,14,47,3,64,16,12,28,92
09/09/2021,DTS,FL,ASO,ES,Federal Contract Tower,4,18,47,2,71,0,0,76,0,76,4,18,123,2,147,10,0,10,157
09/10/2021,DTS,FL,ASO,ES,Federal Contract Tower,0,13,69,0,82,0,0,110,0,110,0,13,179,0,192,44,10,54,246
09/11/2021,DTS,FL,ASO,ES,Federal Contract Tower,4,8,54,0,66,0,0,167,0,167,4,8,221,0,233,18,0,18,251
09/12/2021,DTS,FL,ASO,ES,Federal Contract Tower,4,16,67,1,88,0,0,122,0,122,4,16,189,1,210,6,0,6,216
09/13/2021,DTS,FL,ASO,ES,Federal Contract Tower,0,9,39,0,48,0,0,70,3,73,0,9,109,3,121,8,14,22,143
09/14/2021,DTS,FL,ASO,ES,Federal Contract Tower,0,1,37,0,38,0,0,100,0,100,0,1,137,0,138,16,0,16,154
09/15/2021,DTS,FL,ASO,ES,Federal Contract Tower,0,6,15,0,21,0,0,0,0,0,0,6,15,0,21,0,0,0,21
09/16/2021,DTS,FL,ASO,ES,Federal Contract Tower,1,12,30,0,43,0,0,22,0,22,1,12,52,0,65,4,0,4,69
09/17/2021,DTS,FL,ASO,ES,Federal Contract Tower,0,16,36,0,52,0,0,52,2,54,0,16,88,2,106,2,6,8,114
09/18/2021,DTS,FL,ASO,ES,Federal Contract Tower,4,14,29,0,47,0,0,79,2,81,4,14,108,2,128,6,0,6,134
09/19/2021,DTS,FL,ASO,ES,Federal Contract Tower,4,16,51,2,73,0,0,133,0,133,4,16,184,2,206,2,0,2,208
09/20/2021,DTS,FL,ASO,ES,Federal Contract Tower,0,9,41,1,51,0,0,93,2,95,0,9,134,3,146,2,0,2,148
09/21/2021,DTS,FL,ASO,ES,Federal Contract Tower,0,19,30,1,50,0,1,123,1,125,0,20,153,2,175,18,0,18,193
09/22/2021,DTS,FL,ASO,ES,Federal Contract Tower,0,7,66,2,75,0,0,89,2,91,0,7,155,4,166,12,0,12,178
09/23/2021,DTS,FL,ASO,ES,Federal Contract Tower,2,13,88,1,104,0,0,140,3,143,2,13,228,4,247,38,8,46,293
09/24/2021,DTS,FL,ASO,ES,Federal Contract Tower,0,18,66,0,84,0,0,109,2,111,0,18,175,2,195,34,0,34,229
09/25/2021,DTS,FL,ASO,ES,Federal Contract Tower,0,10,54,0,64,0,0,155,0,155,0,10,209,0,219,24,0,24,243
09/26/2021,DTS,FL,ASO,ES,Federal Contract Tower,0,12,96,0,108,0,0,247,0,247,0,12,343,0,355,20,0,20,375
09/27/2021,DTS,FL,ASO,ES,Federal Contract Tower,0,12,57,1,70,0,1,117,5,123,0,13,174,6,193,10,8,18,211
09/28/2021,DTS,FL,ASO,ES,Federal Contract Tower,0,10,54,1,65,0,1,96,4,101,0,11,150,5,166,24,4,28,194
09/29/2021,DTS,FL,ASO,ES,Federal Contract Tower,0,7,55,1,63,0,1,76,1,78,0,8,131,2,141,4,0,4,145
09/30/2021,DTS,FL,ASO,ES,Federal Contract Tower,0,15,69,2,86,0,2,102,10,114,0,17,171,12,200,38,8,46,246
10/01/2021,DTS,FL,ASO,ES,Federal Contract Tower,0,15,62,1,78,0,0,58,2,60,0,15,120,3,138,30,0,30,168
10/02/2021,DTS,FL,ASO,ES,Federal Contract Tower,0,27,66,0,93,0,0,107,0,107,0,27,173,0,200,32,0,32,232
10/03/2021,DTS,FL,ASO,ES,Federal Contract Tower,0,18,62,0,80,0,0,111,0,111,0,18,173,0,191,2,0,2,193
10/04/2021,DTS,FL,ASO,ES,Federal Contract Tower,0,6,41,0,47,0,0,44,0,44,0,6,85,0,91,6,0,6,97
10/05/2021,DTS,FL,ASO,ES,Federal Contract Tower,0,3,43,0,46,0,0,26,0,26,0,3,69,0,72,12,0,12,84
10/06/2021,DTS,FL,ASO,ES,Federal Contract Tower,0,9,45,0,54,0,1,73,0,74,0,10,118,0,128,34,0,34,162
10/07/2021,DTS,FL,ASO,ES,Federal Contract Tower,0,15,107,0,122,0,0,32,0,32,0,15,139,0,154,2,12,14,168
10/08/2021,DTS,FL,ASO,ES,Federal Contract Tower,0,10,84,0,94,0,0,196,6,202,0,10,280,6,296,14,14,28,324
10/09/2021,DTS,FL,ASO,ES,Federal Contract Tower,0,25,73,0,98,0,2,241,0,243,0,27,314,0,341,38,0,38,379
10/10/2021,DTS,FL,ASO,ES,Federal Contract Tower,0,11,110,0,121,0,0,146,0,146,0,11,256,0,267,10,0,10,277
10/11/2021,DTS,FL,ASO,ES,Federal Contract Tower,0,8,94,0,102,0,0,127,1,128,0,8,221,1,230,12,0,12,242
10/12/2021,DTS,FL,ASO,ES,Federal Contract Tower,0,17,52,1,70,0,0,73,3,76,0,17,125,4,146,12,0,12,158
10/13/2021,DTS,FL,ASO,ES,Federal Contract Tower,0,21,62,1,84,0,0,88,6,94,0,21,150,7,178,10,4,14,192
10/14/2021,DTS,FL,ASO,ES,Federal Contract Tower,0,18,76,1,95,0,0,97,3,100,0,18,173,4,195,38,6,44,239
10/15/2021,DTS,FL,ASO,ES,Federal Contract Tower,0,16,78,0,94,0,0,59,0,59,0,16,137,0,153,20,0,20,173
10/16/2021,DTS,FL,ASO,ES,Federal Contract Tower,0,14,49,0,63,0,0,208,0,208,0,14,257,0,271,38,0,38,309
10/17/2021,DTS,FL,ASO,ES,Federal Contract Tower,0,27,71,0,98,0,0,145,0,145,0,27,216,0,243,6,8,14,257
10/18/2021,DTS,FL,ASO,ES,Federal Contract Tower,0,32,76,0,108,0,0,175,1,176,0,32,251,1,284,22,6,28,312
10/19/2021,DTS,FL,ASO,ES,Federal Contract Tower,0,10,55,0,65,0,0,102,4,106,0,10,157,4,171,56,30,86,257
10/20/2021,DTS,FL,ASO,ES,Federal Contract Tower,0,12,59,1,72,0,0,96,1,97,0,12,155,2,169,40,0,40,209
10/21/2021,DTS,FL,ASO,ES,Federal Contract Tower,0,13,57,0,70,0,0,59,0,59,0,13,116,0,129,42,0,42,171
10/22/2021,DTS,FL,ASO,ES,Federal Contract Tower,0,20,66,0,86,0,0,71,0,71,0,20,137,0,157,36,0,36,193
10/23/2021,DTS,FL,ASO,ES,Federal Contract Tower,0,9,36,0,45,0,0,51,0,51,0,9,87,0,96,64,0,64,160
10/24/2021,DTS,FL,ASO,ES,Federal Contract Tower,0,16,101,0,117,0,0,68,4,72,0,16,169,4,189,16,0,16,205
10/25/2021,DTS,FL,ASO,ES,Federal Contract Tower,0,7,48,0,55,0,0,101,0,101,0,7,149,0,156,16,0,16,172
10/26/2021,DTS,FL,ASO,ES,Federal Contract Tower,0,13,41,4,58,0,0,142,0,142,0,13,183,4,200,12,4,16,216
10/27/2021,DTS,FL,ASO,ES,Federal Contract Tower,0,18,71,0,89,0,0,106,1,107,0,18,177,1,196,18,10,28,224
10/28/2021,DTS,FL,ASO,ES,Federal Contract Tower,0,15,45,0,60,0,0,12,4,16,0,15,57,4,76,4,12,16,92
10/29/2021,DTS,FL,ASO,ES,Federal Contract Tower,0,13,52,0,65,0,0,27,3,30,0,13,79,3,95,32,6,38,133
10/30/2021,DTS,FL,ASO,ES,Federal Contract Tower,0,18,46,0,64,0,0,45,0,45,0,18,91,0,109,10,0,10,119
10/31/2021,DTS,FL,ASO,ES,Federal Contract Tower,0,20,63,0,83,0,0,100,0,100,0,20,163,0,183,20,0,20,203
11/01/2021,DTS,FL,ASO,ES,Federal Contract Tower,0,17,41,0,58,0,0,84,0,84,0,17,125,0,142,20,0,20,162
11/02/2021,DTS,FL,ASO,ES,Federal Contract Tower,0,12,29,0,41,0,0,69,0,69,0,12,98,0,110,20,0,20,130
11/03/2021,DTS,FL,ASO,ES,Federal Contract Tower,0,9,54,0,63,0,0,54,2,56,0,9,108,2,119,28,12,40,159
11/04/2021,DTS,FL,ASO,ES,Federal Contract Tower,0,14,84,1,99,0,1,32,1,34,0,15,116,2,133,16,0,16,149
11/05/2021,DTS,FL,ASO,ES,Federal Contract Tower,0,18,51,0,69,0,0,22,2,24,0,18,73,2,93,10,0,10,103
11/06/2021,DTS,FL,ASO,ES,Federal Contract Tower,0,12,39,0,51,0,0,153,0,153,0,12,192,0,204,2,0,2,206
11/07/2021,DTS,FL,ASO,ES,Federal Contract Tower,0,23,68,0,91,0,0,119,0,119,0,23,187,0,210,34,0,34,244
11/08/2021,DTS,FL,ASO,ES,Federal Contract Tower,0,12,47,1,60,0,0,100,1,101,0,12,147,2,161,56,8,64,225
11/09/2021,DTS,FL,ASO,ES,Federal Contract Tower,0,9,33,0,42,0,0,108,2,110,0,9,141,2,152,62,0,62,214
11/10/2021,DTS,FL,ASO,ES,Federal Contract Tower,0,4,41,0,45,0,0,59,2,61,0,4,100,2,106,20,10,30,136
11/11/2021,DTS,FL,ASO,ES,Federal Contract Tower,0,5,52,0,57,0,0,11,0,11,0,5,63,0,68,0,0,0,68
11/12/2021,DTS,FL,ASO,ES,Federal Contract Tower,0,10,57,0,67,0,0,42,4,46,0,10,99,4,113,26,4,30,143
11/13/2021,DTS,FL,ASO,ES,Federal Contract Tower,0,7,34,0,41,0,0,77,0,77,0,7,111,0,118,34,0,34,152
11/14/2021,DTS,FL,ASO,ES,Federal Contract Tower,0,11,74,0,85,0,2,83,0,85,0,13,157,0,170,34,0,34,204
11/15/2021,DTS,FL,ASO,ES,Federal Contract Tower,0,13,53,0,66,0,0,75,0,75,0,13,128,0,141,34,0,34,175
11/16/2021,DTS,FL,ASO,ES,Federal Contract Tower,0,6,46,2,54,0,0,57,2,59,0,6,103,4,113,14,0,14,127
11/17/2021,DTS,FL,ASO,ES,Federal Contract Tower,0,17,31,2,50,0,1,43,4,48,0,18,74,6,98,12,6,18,116
11/18/2021,DTS,FL,ASO,ES,Federal Contract Tower,0,7,67,2,76,0,0,51,0,51,0,7,118,2,127,38,0,38,165
11/19/2021,DTS,FL,ASO,ES,Federal Contract Tower,0,9,52,2,63,0,0,54,0,54,0,9,106,2,117,22,16,38,155
11/20/2021,DTS,FL,ASO,ES,Federal Contract Tower,0,17,48,0,65,0,0,43,0,43,0,17,91,0,108,30,0,30,138
11/21/2021,DTS,FL,ASO,ES,Federal Contract Tower,0,15,61,0,76,0,0,31,0,31,0,15,92,0,107,22,0,22,129
11/22/2021,DTS,FL,ASO,ES,Federal Contract Tower,0,7,42,0,49,0,0,29,0,29,0,7,71,0,78,8,0,8,86
11/23/2021,DTS,FL,ASO,ES,Federal Contract Tower,0,19,75,0,94,0,0,120,6,126,0,19,195,6,220,40,0,40,260
11/24/2021,DTS,FL,ASO,ES,Federal Contract Tower,0,23,63,0,86,0,0,102,2,104,0,23,165,2,190,6,10,16,206
11/25/2021,DTS,FL,ASO,ES,Federal Contract Tower,0,4,9,0,13,0,0,25,0,25,0,4,34,0,38,0,0,0,38
11/26/2021,DTS,FL,ASO,ES,Federal Contract Tower,0,21,44,0,65,0,0,46,0,46,0,21,90,0,111,6,0,6,117
11/27/2021,DTS,FL,ASO,ES,Federal Contract Tower,0,21,58,0,79,0,0,85,0,85,0,21,143,0,164,20,0,20,184
11/28/2021,DTS,FL,ASO,ES,Federal Contract Tower,0,30,106,0,136,0,0,62,0,62,0,30,168,0,198,0,0,0,198
11/29/2021,DTS,FL,ASO,ES,Federal Contract Tower,0,19,39,0,58,0,0,63,7,70,0,19,102,7,128,54,4,58,186
11/30/2021,DTS,FL,ASO,ES,Federal Contract Tower,4,12,40,0,56,0,0,57,0,57,4,12,97,0,113,4,10,14,127
12/01/2021,DTS,FL,ASO,ES,Federal Contract Tower,0,2,46,0,48,0,0,43,0,43,0,2,89,0,91,38,0,38,129
12/02/2021,DTS,FL,ASO,ES,Federal Contract Tower,0,6,44,0,50,0,0,46,0,46,0,6,90,0,96,16,8,24,120
12/03/2021,DTS,FL,ASO,ES,Federal Contract Tower,0,12,35,2,49,0,0,21,0,21,0,12,56,2,70,22,0,22,92
12/04/2021,DTS,FL,ASO,ES,Federal Contract Tower,0,11,23,0,34,0,0,55,0,55,0,11,78,0,89,38,0,38,127
12/05/2021,DTS,FL,ASO,ES,Federal Contract Tower,0,16,44,0,60,0,0,54,0,54,0,16,98,0,114,18,0,18,132
12/06/2021,DTS,FL,ASO,ES,Federal Contract Tower,0,4,26,0,30,0,0,10,0,10,0,4,36,0,40,12,0,12,52
12/07/2021,DTS,FL,ASO,ES,Federal Contract Tower,0,10,26,0,36,0,0,5,0,5,0,10,31,0,41,0,0,0,41
12/08/2021,DTS,FL,ASO,ES,Federal Contract Tower,0,7,39,0,46,0,0,24,0,24,0,7,63,0,70,46,0,46,116
12/09/2021,DTS,FL,ASO,ES,Federal Contract Tower,0,11,43,0,54,0,0,5,0,5,0,11,48,0,59,6,0,6,65
12/10/2021,DTS,FL,ASO,ES,Federal Contract Tower,0,11,31,0,42,0,0,1,0,1,0,11,32,0,43,0,0,0,43
12/11/2021,DTS,FL,ASO,ES,Federal Contract Tower,0,7,20,0,27,0,0,15,0,15,0,7,35,0,42,0,0,0,42
12/12/2021,DTS,FL,ASO,ES,Federal Contract Tower,0,3,53,0,56,0,0,81,0,81,0,3,134,0,137,72,0,72,209
12/13/2021,DTS,FL,ASO,ES,Federal Contract Tower,0,5,41,0,46,0,0,38,0,38,0,5,79,0,84,14,0,14,98
12/14/2021,DTS,FL,ASO,ES,Federal Contract Tower,0,13,45,0,58,0,0,46,13,59,0,13,91,13,117,4,24,28,145
12/15/2021,DTS,FL,ASO,ES,Federal Contract Tower,0,9,41,0,50,0,0,31,0,31,0,9,72,0,81,51,0,51,132
12/16/2021,DTS,FL,ASO,ES,Federal Contract Tower,0,13,40,1,54,0,0,0,0,0,0,13,40,1,54,2,0,2,56
12/17/2021,DTS,FL,ASO,ES,Federal Contract Tower,0,5,42,0,47,0,0,0,0,0,0,5,42,0,47,2,0,2,49
12/18/2021,DTS,FL,ASO,ES,Federal Contract Tower,0,4,25,1,30,0,0,2,0,2,0,4,27,1,32,0,0,0,32
12/19/2021,DTS,FL,ASO,ES,Federal Contract Tower,0,9,31,4,44,0,0,49,0,49,0,9,80,4,93,0,0,0,93
12/20/2021,DTS,FL,ASO,ES,Federal Contract Tower,0,8,32,0,40,0,0,1,0,1,0,8,33,0,41,0,0,0,41
12/21/2021,DTS,FL,ASO,ES,Federal Contract Tower,0,10,22,2,34,0,0,39,3,42,0,10,61,5,76,4,10,14,90
12/22/2021,DTS,FL,ASO,ES,Federal Contract Tower,0,13,43,0,56,0,0,74,0,74,0,13,117,0,130,33,0,33,163
12/23/2021,DTS,FL,ASO,ES,Federal Contract Tower,0,7,33,0,40,0,0,49,0,49,0,7,82,0,89,30,0,30,119
12/24/2021,DTS,FL,ASO,ES,Federal Contract Tower,0,4,17,0,21,0,0,13,0,13,0,4,30,0,34,7,0,7,41
12/25/2021,DTS,FL,ASO,ES,Federal Contract Tower,0,6,16,0,22,0,0,8,0,8,0,6,24,0,30,0,0,0,30
12/26/2021,DTS,FL,ASO,ES,Federal Contract Tower,0,8,59,0,67,0,0,35,0,35,0,8,94,0,102,6,0,6,108
12/27/2021,DTS,FL,ASO,ES,Federal Contract Tower,0,23,90,0,113,0,0,62,0,62,0,23,152,0,175,4,0,4,179
12/28/2021,DTS,FL,ASO,ES,Federal Contract Tower,0,14,48,0,62,0,0,54,1,55,0,14,102,1,117,28,3,31,148
12/29/2021,DTS,FL,ASO,ES,Federal Contract Tower,0,14,50,0,64,0,0,3,0,3,0,14,53,0,67,0,0,0,67
12/30/2021,DTS,FL,ASO,ES,Federal Contract Tower,0,19,37,0,56,0,0,0,0,0,0,19,37,0,56,2,0,2,58
12/31/2021,DTS,FL,ASO,ES,Federal Contract Tower,0,3,39,0,42,0,0,0,0,0,0,3,39,0,42,0,0,0,42
01/01/2022,DTS,FL,ASO,ES,Federal Contract Tower,0,2,44,0,46,0,0,58,0,58,0,2,102,0,104,4,0,4,108
01/02/2022,DTS,FL,ASO,ES,Federal Contract Tower,0,9,49,0,58,0,0,3,0,3,0,9,52,0,61,2,0,2,63
01/03/2022,DTS,FL,ASO,ES,Federal Contract Tower,0,17,63,0,80,0,0,34,0,34,0,17,97,0,114,12,0,12,126
01/04/2022,DTS,FL,ASO,ES,Federal Contract Tower,0,9,34,0,43,0,0,40,8,48,0,9,74,8,91,16,16,32,123
01/05/2022,DTS,FL,ASO,ES,Federal Contract Tower,0,6,37,0,43,0,0,71,4,75,0,6,108,4,118,40,0,40,158
01/06/2022,DTS,FL,ASO,ES,Federal Contract Tower,0,10,29,0,39,0,0,15,0,15,0,10,44,0,54,8,12,20,74
01/07/2022,DTS,FL,ASO,ES,Federal Contract Tower,1,10,42,0,53,0,0,40,0,40,1,10,82,0,93,10,0,10,103
01/08/2022,DTS,FL,ASO,ES,Federal Contract Tower,0,16,30,0,46,0,0,75,0,75,0,16,105,0,121,22,0,22,143
01/09/2022,DTS,FL,ASO,ES,Federal Contract Tower,0,2,25,0,27,0,0,11,0,11,0,2,36,0,38,0,0,0,38
01/10/2022,DTS,FL,ASO,ES,Federal Contract Tower,0,9,33,0,42,0,0,21,0,21,0,9,54,0,63,24,8,32,95
01/11/2022,DTS,FL,ASO,ES,Federal Contract Tower,0,4,42,0,46,0,0,47,2,49,0,4,89,2,95,41,14,55,150
01/12/2022,DTS,FL,ASO,ES,Federal Contract Tower,0,12,26,0,38,0,0,53,0,53,0,12,79,0,91,34,0,34,125
01/13/2022,DTS,FL,ASO,ES,Federal Contract Tower,0,7,47,1,55,0,0,42,0,42,0,7,89,1,97,36,6,42,139
01/14/2022,DTS,FL,ASO,ES,Federal Contract Tower,0,2,36,0,38,0,0,54,0,54,0,2,90,0,92,60,2,62,154
01/15/2022,DTS,FL,ASO,ES,Federal Contract Tower,0,2,27,0,29,0,0,8,0,8,0,2,35,0,37,10,0,10,47
01/16/2022,DTS,FL,ASO,ES,Federal Contract Tower,0,2,18,0,20,0,0,6,0,6,0,2,24,0,26,0,0,0,26
01/17/2022,DTS,FL,ASO,ES,Federal Contract Tower,0,8,53,0,61,0,0,44,0,44,0,8,97,0,105,34,0,34,139
01/18/2022,DTS,FL,ASO,ES,Federal Contract Tower,0,16,36,0,52,0,0,48,0,48,0,16,84,0,100,80,4,84,184
01/19/2022,DTS,FL,ASO,ES,Federal Contract Tower,0,6,41,0,47,0,0,59,2,61,0,6,100,2,108,68,4,72,180
01/20/2022,DTS,FL,ASO,ES,Federal Contract Tower,0,7,27,3,37,0,0,0,2,2,0,7,27,5,39,0,22,22,61
01/21/2022,DTS,FL,ASO,ES,Federal Contract Tower,0,5,36,0,41,0,0,4,4,8,0,5,40,4,49,0,4,4,53
01/22/2022,DTS,FL,ASO,ES,Federal Contract Tower,0,3,29,0,32,0,0,24,11,35,0,3,53,11,67,34,26,60,127
01/23/2022,DTS,FL,ASO,ES,Federal Contract Tower,0,2,38,0,40,0,0,65,3,68,0,2,103,3,108,46,0,46,154
01/24/2022,DTS,FL,ASO,ES,Federal Contract Tower,0,6,41,0,47,0,0,46,2,48,0,6,87,2,95,42,2,44,139
01/25/2022,DTS,FL,ASO,ES,Federal Contract Tower,0,0,41,0,41,0,0,1,0,1,0,0,42,0,42,0,0,0,42
01/26/2022,DTS,FL,ASO,ES,Federal Contract Tower,0,3,46,0,49,0,0,81,0,81,0,3,127,0,130,46,0,46,176
01/27/2022,DTS,FL,ASO,ES,Federal Contract Tower,0,6,52,0,58,0,0,61,0,61,0,6,113,0,119,72,0,72,191
01/28/2022,DTS,FL,ASO,ES,Federal Contract Tower,0,7,41,0,48,0,0,24,7,31,0,7,65,7,79,22,16,38,117
01/29/2022,DTS,FL,ASO,ES,Federal Contract Tower,0,7,27,3,37,0,0,36,0,36,0,7,63,3,73,8,4,12,85
01/30/2022,DTS,FL,ASO,ES,Federal Contract Tower,0,3,37,0,40,0,8,36,0,44,0,11,73,0,84,14,0,14,98
01/31/2022,DTS,FL,ASO,ES,Federal Contract Tower,0,12,38,1,51,0,0,37,0,37,0,12,75,1,88,0,14,14,102
02/01/2022,DTS,FL,ASO,ES,Federal Contract Tower,0,14,46,0,60,0,0,57,0,57,0,14,103,0,117,8,6,14,131
02/02/2022,DTS,FL,ASO,ES,Federal Contract Tower,0,16,17,0,33,0,0,33,1,34,0,16,50,1,67,6,0,6,73
02/03/2022,DTS,FL,ASO,ES,Federal Contract Tower,0,13,32,0,45,0,0,0,0,0,0,13,32,0,45,0,0,0,45
02/04/2022,DTS,FL,ASO,ES,Federal Contract Tower,0,3,22,0,25,0,0,3,0,3,0,3,25,0,28,0,0,0,28
02/05/2022,DTS,FL,ASO,ES,Federal Contract Tower,0,4,33,1,38,0,1,33,0,34,0,5,66,1,72,16,0,16,88
02/06/2022,DTS,FL,ASO,ES,Federal Contract Tower,0,8,39,0,47,0,0,50,0,50,0,8,89,0,97,28,0,28,125
02/07/2022,DTS,FL,ASO,ES,Federal Contract Tower,0,1,16,2,19,0,0,1,2,3,0,1,17,4,22,0,0,0,22
02/08/2022,DTS,FL,ASO,ES,Federal Contract Tower,0,13,30,0,43,0,0,57,4,61,0,13,87,4,104,10,0,10,114
02/09/2022,DTS,FL,ASO,ES,Federal Contract Tower,0,6,45,5,56,0,0,41,6,47,0,6,86,11,103,100,6,106,209
02/10/2022,DTS,FL,ASO,ES,Federal Contract Tower,0,11,70,1,82,0,2,65,6,73,0,13,135,7,155,52,0,52,207
02/11/2022,DTS,FL,ASO,ES,Federal Contract Tower,0,7,52,0,59,0,0,54,6,60,0,7,106,6,119,62,0,62,181
02/12/2022,DTS,FL,ASO,ES,Federal Contract Tower,0,0,31,0,31,0,0,83,0,83,0,0,114,0,114,92,0,92,206
02/13/2022,DTS,FL,ASO,ES,Federal Contract Tower,0,4,52,0,56,0,0,41,0,41,0,4,93,0,97,20,0,20,117
02/14/2022,DTS,FL,ASO,ES,Federal Contract Tower,0,8,41,0,49,0,0,23,0,23,0,8,64,0,72,30,0,30,102
02/15/2022,DTS,FL,ASO,ES,Federal Contract Tower,0,9,42,0,51,0,0,58,4,62,0,9,100,4,113,46,0,46,159
02/16/2022,DTS,FL,ASO,ES,Federal Contract Tower,0,10,52,0,62,0,0,27,4,31,0,10,79,4,93,18,0,18,111
02/17/2022,DTS,FL,ASO,ES,Federal Contract Tower,0,9,24,0,33,0,0,1,0,1,0,9,25,0,34,0,0,0,34
02/18/2022,DTS,FL,ASO,ES,Federal Contract Tower,0,9,74,0,83,0,0,22,0,22,0,9,96,0,105,32,0,32,137
02/19/2022,DTS,FL,ASO,ES,Federal Contract Tower,0,8,51,0,59,0,0,68,0,68,0,8,119,0,127,0,0,0,127
02/20/2022,DTS,FL,ASO,ES,Federal Contract Tower,0,13,69,0,82,0,0,63,0,63,0,13,132,0,145,19,0,19,164
02/21/2022,DTS,FL,ASO,ES,Federal Contract Tower,0,10,54,0,64,0,0,29,0,29,0,10,83,0,93,4,0,4,97
02/22/2022,DTS,FL,ASO,ES,Federal Contract Tower,0,4,33,0,37,0,0,20,0,20,0,4,53,0,57,14,6,20,77
02/23/2022,DTS,FL,ASO,ES,Federal Contract Tower,0,9,24,0,33,0,0,22,0,22,0,9,46,0,55,6,0,6,61
02/24/2022,DTS,FL,ASO,ES,Federal Contract Tower,0,12,39,0,51,0,0,71,0,71,0,12,110,0,122,40,4,44,166
02/25/2022,DTS,FL,ASO,ES,Federal Contract Tower,0,11,63,2,76,0,0,11,0,11,0,11,74,2,87,10,20,30,117
02/26/2022,DTS,FL,ASO,ES,Federal Contract Tower,0,15,37,0,52,0,0,84,0,84,0,15,121,0,136,70,0,70,206
02/27/2022,DTS,FL,ASO,ES,Federal Contract Tower,0,8,39,0,47,0,0,68,0,68,0,8,107,0,115,38,0,38,153
02/28/2022,DTS,FL,ASO,ES,Federal Contract Tower,0,7,39,0,46,0,0,40,1,41,0,7,79,1,87,80,0,80,167
03/01/2022,DTS,FL,ASO,ES,Federal Contract Tower,0,12,47,0,59,0,2,94,0,96,0,14,141,0,155,78,0,78,233
03/02/2022,DTS,FL,ASO,ES,Federal Contract Tower,0,3,48,0,51,0,0,60,2,62,0,3,108,2,113,78,22,100,213
03/03/2022,DTS,FL,ASO,ES,Federal Contract Tower,0,5,68,1,74,0,0,97,2,99,0,5,165,3,173,70,0,70,243
03/04/2022,DTS,FL,ASO,ES,Federal Contract Tower,0,10,60,1,71,0,0,94,1,95,0,10,154,2,166,44,10,54,220
03/05/2022,DTS,FL,ASO,ES,Federal Contract Tower,0,13,44,0,57,0,0,104,2,106,0,13,148,2,163,42,0,42,205
03/06/2022,DTS,FL,ASO,ES,Federal Contract Tower,0,14,75,0,89,0,0,67,0,67,0,14,142,0,156,34,0,34,190
03/07/2022,DTS,FL,ASO,ES,Federal Contract Tower,0,7,40,0,47,0,0,21,0,21,0,7,61,0,68,22,0,22,90
03/08/2022,DTS,FL,ASO,ES,Federal Contract Tower,0,5,29,0,34,0,0,0,0,0,0,5,29,0,34,0,0,0,34
03/09/2022,DTS,FL,ASO,ES,Federal Contract Tower,0,3,29,0,32,0,0,0,0,0,0,3,29,0,32,0,0,0,32
03/10/2022,DTS,FL,ASO,ES,Federal Contract Tower,0,2,77,0,79,0,0,115,2,117,0,2,192,2,196,46,0,46,242
03/11/2022,DTS,FL,ASO,ES,Federal Contract Tower,0,3,52,2,57,0,0,0,0,0,0,3,52,2,57,0,0,0,57
03/12/2022,DTS,FL,ASO,ES,Federal Contract Tower,0,18,71,0,89,0,0,14,0,14,0,18,85,0,103,0,0,0,103
03/13/2022,DTS,FL,ASO,ES,Federal Contract Tower,0,15,98,1,114,0,0,112,1,113,0,15,210,2,227,20,0,20,247
03/14/2022,DTS,FL,ASO,ES,Federal Contract Tower,0,9,71,0,80,0,0,50,0,50,0,9,121,0,130,32,8,40,170
03/15/2022,DTS,FL,ASO,ES,Federal Contract Tower,0,11,37,0,48,0,0,3,0,3,0,11,40,0,51,0,0,0,51
03/16/2022,DTS,FL,ASO,ES,Federal Contract Tower,0,9,98,2,109,0,1,251,0,252,0,10,349,2,361,22,6,28,389
03/17/2022,DTS,FL,ASO,ES,Federal Contract Tower,0,11,104,0,115,0,0,274,0,274,0,11,378,0,389,62,0,62,451
03/18/2022,DTS,FL,ASO,ES,Federal Contract Tower,0,13,67,0,80,0,0,0,0,0,0,13,67,0,80,0,0,0,80
03/19/2022,DTS,FL,ASO,ES,Federal Contract Tower,0,36,97,0,133,0,0,179,0,179,0,36,276,0,312,26,0,26,338
03/20/2022,DTS,FL,ASO,ES,Federal Contract Tower,0,24,121,1,146,0,3,134,0,137,0,27,255,1,283,28,0,28,311
03/21/2022,DTS,FL,ASO,ES,Federal Contract Tower,0,16,34,3,53,0,0,73,0,73,0,16,107,3,126,28,12,40,166
03/22/2022,DTS,FL,ASO,ES,Federal Contract Tower,0,2,26,1,29,0,0,75,0,75,0,2,101,1,104,0,2,2,106
03/23/2022,DTS,FL,ASO,ES,Federal Contract Tower,0,5,70,1,76,0,0,94,3,97,0,5,164,4,173,18,6,24,197
03/24/2022,DTS,FL,ASO,ES,Federal Contract Tower,0,22,59,2,83,0,0,101,2,103,0,22,160,4,186,20,0,20,206
03/25/2022,DTS,FL,ASO,ES,Federal Contract Tower,0,28,83,2,113,0,0,109,1,110,0,28,192,3,223,16,20,36,259
03/26/2022,DTS,FL,ASO,ES,Federal Contract Tower,0,19,66,1,86,0,0,117,1,118,0,19,183,2,204,58,0,58,262
03/27/2022,DTS,FL,ASO,ES,Federal Contract Tower,0,21,74,0,95,0,0,70,2,72,0,21,144,2,167,46,0,46,213
03/28/2022,DTS,FL,ASO,ES,Federal Contract Tower,0,10,61,0,71,0,0,60,8,68,0,10,121,8,139,30,2,32,171
03/29/2022,DTS,FL,ASO,ES,Federal Contract Tower,0,10,29,3,42,0,0,119,8,127,0,10,148,11,169,66,0,66,235
03/30/2022,DTS,FL,ASO,ES,Federal Contract Tower,0,10,37,1,48,0,0,24,6,30,0,10,61,7,78,22,12,34,112
03/31/2022,DTS,FL,ASO,ES,Federal Contract Tower,0,14,48,0,62,0,0,135,6,141,0,14,183,6,203,18,0,18,221
04/01/2022,DTS,FL,ASO,ES,Federal Contract Tower,0,21,63,2,86,0,0,91,4,95,0,21,154,6,181,46,0,46,227
04/02/2022,DTS,FL,ASO,ES,Federal Contract Tower,0,16,53,0,69,0,0,69,1,70,0,16,122,1,139,52,0,52,191
04/03/2022,DTS,FL,ASO,ES,Federal Contract Tower,0,14,68,0,82,0,0,105,0,105,0,14,173,0,187,100,0,100,287
04/04/2022,DTS,FL,ASO,ES,Federal Contract Tower,0,9,53,0,62,0,0,75,2,77,0,9,128,2,139,34,8,42,181
04/05/2022,DTS,FL,ASO,ES,Federal Contract Tower,0,2,17,0,19,0,0,2,2,4,0,2,19,2,23,4,0,4,27
04/06/2022,DTS,FL,ASO,ES,Federal Contract Tower,0,13,22,0,35,0,0,4,0,4,0,13,26,0,39,0,0,0,39
04/07/2022,DTS,FL,ASO,ES,Federal Contract Tower,0,14,68,0,82,0,0,174,0,174,0,14,242,0,256,42,0,42,298
04/08/2022,DTS,FL,ASO,ES,Federal Contract Tower,0,14,68,0,82,0,0,100,0,100,0,14,168,0,182,2,0,2,184
04/09/2022,DTS,FL,ASO,ES,Federal Contract Tower,0,14,77,0,91,0,0,72,0,72,0,14,149,0,163,23,0,23,186
04/10/2022,DTS,FL,ASO,ES,Federal Contract Tower,0,14,87,0,101,0,0,79,1,80,0,14,166,1,181,38,6,44,225
04/11/2022,DTS,FL,ASO,ES,Federal Contract Tower,0,11,66,0,77,0,0,26,1,27,0,11,92,1,104,36,10,46,150
04/12/2022,DTS,FL,ASO,ES,Federal Contract Tower,0,11,56,0,67,0,0,113,2,115,0,11,169,2,182,61,0,61,243
04/13/2022,DTS,FL,ASO,ES,Federal Contract Tower,0,15,59,0,74,0,0,137,0,137,0,15,196,0,211,30,0,30,241
04/14/2022,DTS,FL,ASO,ES,Federal Contract Tower,0,18,97,0,115,0,0,84,0,84,0,18,181,0,199,36,0,36,235
04/15/2022,DTS,FL,ASO,ES,Federal Contract Tower,0,12,93,0,105,0,0,70,0,70,0,12,163,0,175,40,0,40,215
04/16/2022,DTS,FL,ASO,ES,Federal Contract Tower,0,21,49,0,70,0,0,79,0,79,0,21,128,0,149,44,0,44,193
04/17/2022,DTS,FL,ASO,ES,Federal Contract Tower,0,14,70,0,84,0,0,22,0,22,0,14,92,0,106,42,0,42,148
04/18/2022,DTS,FL,ASO,ES,Federal Contract Tower,0,28,88,0,116,0,0,45,0,45,0,28,133,0,161,38,0,38,199
04/19/2022,DTS,FL,ASO,ES,Federal Contract Tower,0,15,47,2,64,0,0,121,2,123,0,15,168,4,187,60,10,70,257
04/20/2022,DTS,FL,ASO,ES,Federal Contract Tower,0,9,46,1,56,0,0,65,5,70,0,9,111,6,126,32,14,46,172
04/21/2022,DTS,FL,ASO,ES,Federal Contract Tower,0,24,83,0,107,0,0,214,0,214,0,24,297,0,321,24,8,32,353
04/22/2022,DTS,FL,ASO,ES,Federal Contract Tower,0,17,88,0,105,0,1,148,0,149,0,18,236,0,254,36,2,38,292
04/23/2022,DTS,FL,ASO,ES,Federal Contract Tower,0,7,72,0,79,0,0,132,14,146,0,7,204,14,225,64,0,64,289
04/24/2022,DTS,FL,ASO,ES,Federal Contract Tower,0,22,106,0,128,0,0,42,0,42,0,22,148,0,170,36,2,38,208
04/25/2022,DTS,FL,ASO,ES,Federal Contract Tower,0,9,57,0,66,0,0,43,0,43,0,9,100,0,109,30,0,30,139
04/26/2022,DTS,FL,ASO,ES,Federal Contract Tower,0,20,53,1,74,0,0,37,1,38,0,20,90,2,112,88,0,88,200
04/27/2022,DTS,FL,ASO,ES,Federal Contract Tower,0,7,65,1,73,0,0,196,0,196,0,7,261,1,269,162,0,162,431
04/28/2022,DTS,FL,ASO,ES,Federal Contract Tower,0,20,67,0,87,0,0,148,3,151,0,20,215,3,238,62,0,62,300
04/29/2022,DTS,FL,ASO,ES,Federal Contract Tower,0,11,72,0,83,0,0,72,0,72,0,11,144,0,155,24,0,24,179
04/30/2022,DTS,FL,ASO,ES,Federal Contract Tower,0,11,30,0,41,0,0,7,0,7,0,11,37,0,48,0,0,0,48
05/01/2022,DTS,FL,ASO,ES,Federal Contract Tower,0,25,69,0,94,0,0,20,0,20,0,25,89,0,114,14,0,14,128
05/02/2022,DTS,FL,ASO,ES,Federal Contract Tower,0,8,52,6,66,0,0,40,0,40,0,8,92,6,106,76,6,82,188
05/03/2022,DTS,FL,ASO,ES,Federal Contract Tower,0,7,31,0,38,0,0,84,8,92,0,7,115,8,130,12,24,36,166
05/04/2022,DTS,FL,ASO,ES,Federal Contract Tower,0,13,69,0,82,0,0,85,2,87,0,13,154,2,169,62,10,72,241
05/05/2022,DTS,FL,ASO,ES,Federal Contract Tower,0,13,73,0,86,0,0,93,4,97,0,13,166,4,183,96,0,96,279
05/06/2022,DTS,FL,ASO,ES,Federal Contract Tower,0,19,56,2,77,0,0,7,0,7,0,19,63,2,84,0,0,0,84
05/07/2022,DTS,FL,ASO,ES,Federal Contract Tower,0,14,67,0,81,0,0,66,0,66,0,14,133,0,147,28,0,28,175
05/08/2022,DTS,FL,ASO,ES,Federal Contract Tower,0,15,92,0,107,0,0,44,0,44,0,15,136,0,151,8,0,8,159
05/09/2022,DTS,FL,ASO,ES,Federal Contract Tower,0,14,52,0,66,0,0,25,1,26,0,14,77,1,92,42,0,42,134
05/10/2022,DTS,FL,ASO,ES,Federal Contract Tower,0,7,51,0,58,0,0,76,0,76,0,7,127,0,134,44,0,44,178
05/11/2022,DTS,FL,ASO,ES,Federal Contract Tower,0,16,57,1,74,0,0,48,0,48,0,16,105,1,122,30,0,30,152
05/12/2022,DTS,FL,ASO,ES,Federal Contract Tower,4,23,73,0,100,0,4,126,2,132,4,27,199,2,232,42,0,42,274
05/13/2022,DTS,FL,ASO,ES,Federal Contract Tower,4,10,62,0,76,0,0,51,0,51,4,10,113,0,127,0,0,0,127
05/14/2022,DTS,FL,ASO,ES,Federal Contract Tower,4,19,67,0,90,0,0,97,1,98,4,19,164,1,188,30,0,30,218
05/15/2022,DTS,FL,ASO,ES,Federal Contract Tower,4,21,79,0,104,0,0,47,0,47,4,21,126,0,151,50,0,50,201
05/16/2022,DTS,FL,ASO,ES,Federal Contract Tower,4,26,77,1,108,0,0,55,0,55,4,26,132,1,163,38,6,44,207
05/17/2022,DTS,FL,ASO,ES,Federal Contract Tower,0,13,54,1,68,0,0,110,2,112,0,13,164,3,180,112,0,112,292
05/18/2022,DTS,FL,ASO,ES,Federal Contract Tower,0,19,53,1,73,0,0,74,0,74,0,19,127,1,147,1,10,11,158
05/19/2022,DTS,FL,ASO,ES,Federal Contract Tower,4,6,69,0,79,0,0,128,1,129,4,6,197,1,208,22,0,22,230
05/20/2022,DTS,FL,ASO,ES,Federal Contract Tower,4,16,72,0,92,0,1,101,0,102,4,17,173,0,194,42,2,44,238
05/21/2022,DTS,FL,ASO,ES,Federal Contract Tower,4,9,58,0,71,0,0,47,0,47,4,9,105,0,118,52,0,52,170
05/22/2022,DTS,FL,ASO,ES,Federal Contract Tower,1,17,58,0,76,0,0,12,0,12,1,17,70,0,88,12,0,12,100
05/23/2022,DTS,FL,ASO,ES,Federal Contract Tower,1,9,50,0,60,0,0,17,0,17,1,9,67,0,77,0,16,16,93
05/24/2022,DTS,FL,ASO,ES,Federal Contract Tower,0,13,47,0,60,0,0,106,0,106,0,13,153,0,166,42,0,42,208
05/25/2022,DTS,FL,ASO,ES,Federal Contract Tower,0,10,38,0,48,0,0,75,0,75,0,10,113,0,123,14,0,14,137
05/26/2022,DTS,FL,ASO,ES,Federal Contract Tower,4,17,58,0,79,0,0,45,0,45,4,17,103,0,124,12,0,12,136
05/27/2022,DTS,FL,ASO,ES,Federal Contract Tower,4,27,149,1,181,0,0,119,0,119,4,27,268,1,300,26,0,26,326
05/28/2022,DTS,FL,ASO,ES,Federal Contract Tower,4,21,84,0,109,0,0,110,0,110,4,21,194,0,219,14,0,14,233
05/29/2022,DTS,FL,ASO,ES,Federal Contract Tower,2,14,43,0,59,0,0,100,0,100,2,14,143,0,159,8,0,8,167
05/30/2022,DTS,FL,ASO,ES,Federal Contract Tower,6,25,129,0,160,0,0,126,0,126,6,25,255,0,286,18,0,18,304
05/31/2022,DTS,FL,ASO,ES,Federal Contract Tower,4,30,89,0,123,0,0,167,2,169,4,30,256,2,292,36,6,42,334
06/01/2022,DTS,FL,ASO,ES,Federal Contract Tower,0,23,80,0,103,0,0,266,4,270,0,23,346,4,373,26,30,56,429
06/02/2022,DTS,FL,ASO,ES,Federal Contract Tower,4,17,67,0,88,0,0,228,0,228,4,17,295,0,316,12,0,12,328
06/03/2022,DTS,FL,ASO,ES,Federal Contract Tower,2,18,77,0,97,0,0,102,0,102,2,18,179,0,199,2,0,2,201
06/04/2022,DTS,FL,ASO,ES,Federal Contract Tower,6,15,84,0,105,0,0,168,0,168,6,15,252,0,273,0,0,0,273
06/05/2022,DTS,FL,ASO,ES,Federal Contract Tower,6,19,106,0,131,0,0,108,0,108,6,19,214,0,239,10,0,10,249
06/06/2022,DTS,FL,ASO,ES,Federal Contract Tower,4,14,57,0,75,0,0,52,0,52,4,14,109,0,127,32,16,48,175
06/07/2022,DTS,FL,ASO,ES,Federal Contract Tower,0,10,46,0,56,0,0,188,0,188,0,10,234,0,244,18,4,22,266
06/08/2022,DTS,FL,ASO,ES,Federal Contract Tower,0,10,49,0,59,0,0,265,0,265,0,10,314,0,324,44,2,46,370
06/09/2022,DTS,FL,ASO,ES,Federal Contract Tower,4,12,72,2,90,0,0,143,0,143,4,12,215,2,233,50,0,50,283
06/10/2022,DTS,FL,ASO,ES,Federal Contract Tower,6,9,71,0,86,0,0,75,0,75,6,9,146,0,161,22,0,22,183
06/11/2022,DTS,FL,ASO,ES,Federal Contract Tower,6,17,76,0,99,0,0,63,0,63,6,17,139,0,162,74,0,74,236
06/12/2022,DTS,FL,ASO,ES,Federal Contract Tower,6,20,107,0,133,0,0,280,0,280,6,20,387,0,413,8,0,8,421
06/13/2022,DTS,FL,ASO,ES,Federal Contract Tower,5,7,49,2,63,0,0,51,0,51,5,7,100,2,114,64,0,64,178
06/14/2022,DTS,FL,ASO,ES,Federal Contract Tower,0,7,40,0,47,0,0,42,0,42,0,7,82,0,89,22,0,22,111
06/15/2022,DTS,FL,ASO,ES,Federal Contract Tower,0,8,53,2,63,0,2,51,0,53,0,10,104,2,116,20,30,50,166
06/16/2022,DTS,FL,ASO,ES,Federal Contract Tower,6,10,81,0,97,0,0,79,18,97,6,10,160,18,194,66,10,76,270
06/17/2022,DTS,FL,ASO,ES,Federal Contract Tower,4,13,91,0,108,0,0,136,0,136,4,13,227,0,244,40,0,40,284
06/18/2022,DTS,FL,ASO,ES,Federal Contract Tower,8,33,79,0,120,0,0,79,0,79,8,33,158,0,199,47,0,47,246
06/19/2022,DTS,FL,ASO,ES,Federal Contract Tower,6,12,77,0,95,0,0,333,0,333,6,12,410,0,428,36,0,36,464
06/20/2022,DTS,FL,ASO,ES,Federal Contract Tower,6,17,76,0,99,0,0,320,0,320,6,17,396,0,419,36,0,36,455
06/21/2022,DTS,FL,ASO,ES,Federal Contract Tower,0,17,59,0,76,0,0,274,0,274,0,17,333,0,350,76,6,82,432
06/22/2022,DTS,FL,ASO,ES,Federal Contract Tower,0,26,85,1,112,0,0,257,2,259,0,26,342,3,371,26,0,26,397
06/23/2022,DTS,FL,ASO,ES,Federal Contract Tower,6,20,58,0,84,0,0,165,0,165,6,20,223,0,249,2,16,18,267
06/24/2022,DTS,FL,ASO,ES,Federal Contract Tower,4,13,77,2,96,0,0,62,0,62,4,13,139,2,158,42,0,42,200
06/25/2022,DTS,FL,ASO,ES,Federal Contract Tower,8,20,78,0,106,0,0,14,0,14,8,20,92,0,120,0,0,0,120
06/26/2022,DTS,FL,ASO,ES,Federal Contract Tower,6,19,103,0,128,0,0,54,0,54,6,19,157,0,182,16,0,16,198
06/27/2022,DTS,FL,ASO,ES,Federal Contract Tower,6,14,64,0,84,0,0,38,0,38,6,14,102,0,122,12,12,24,146
06/28/2022,DTS,FL,ASO,ES,Federal Contract Tower,0,15,40,0,55,0,0,20,0,20,0,15,60,0,75,40,0,40,115
06/29/2022,DTS,FL,ASO,ES,Federal Contract Tower,0,13,54,0,67,0,0,34,5,39,0,13,88,5,106,40,0,40,146
06/30/2022,DTS,FL,ASO,ES,Federal Contract Tower,6,10,73,1,90,0,0,44,1,45,6,10,117,2,135,20,2,22,157
07/01/2022,DTS,FL,ASO,ES,Federal Contract Tower,5,20,105,0,130,0,0,50,0,50,5,20,155,0,180,18,0,18,198
07/02/2022,DTS,FL,ASO,ES,Federal Contract Tower,6,17,95,0,118,0,0,40,0,40,6,17,135,0,158,8,0,8,166
07/03/2022,DTS,FL,ASO,ES,Federal Contract Tower,6,12,32,0,50,0,0,257,0,257,6,12,289,0,307,0,0,0,307
07/04/2022,DTS,FL,ASO,ES,Federal Contract Tower,4,6,39,0,49,0,0,388,0,388,4,6,427,0,437,0,0,0,437
07/05/2022,DTS,FL,ASO,ES,Federal Contract Tower,4,22,98,0,124,0,0,287,0,287,4,22,385,0,411,56,0,56,467
07/06/2022,DTS,FL,ASO,ES,Federal Contract Tower,0,6,75,0,81,0,0,350,0,350,0,6,425,0,431,100,0,100,531
07/07/2022,DTS,FL,ASO,ES,Federal Contract Tower,6,17,53,2,78,0,0,353,0,353,6,17,406,2,431,38,2,40,471
07/08/2022,DTS,FL,ASO,ES,Federal Contract Tower,4,19,80,0,103,0,0,204,2,206,4,19,284,2,309,16,10,26,335
07/09/2022,DTS,FL,ASO,ES,Federal Contract Tower,6,20,105,0,131,0,0,67,0,67,6,20,172,0,198,10,0,10,208
07/10/2022,DTS,FL,ASO,ES,Federal Contract Tower,6,23,94,0,123,0,0,38,0,38,6,23,132,0,161,32,0,32,193
07/11/2022,DTS,FL,ASO,ES,Federal Contract Tower,6,17,52,0,75,0,0,34,0,34,6,17,86,0,109,28,0,28,137
07/12/2022,DTS,FL,ASO,ES,Federal Contract Tower,0,14,30,0,44,0,0,21,0,21,0,14,51,0,65,54,0,54,119
07/13/2022,DTS,FL,ASO,ES,Federal Contract Tower,0,11,39,0,50,0,0,16,4,20,0,11,55,4,70,4,0,4,74
07/14/2022,DTS,FL,ASO,ES,Federal Contract Tower,6,14,59,1,80,0,1,111,3,115,6,15,170,4,195,52,0,52,247
07/15/2022,DTS,FL,ASO,ES,Federal Contract Tower,4,16,68,1,89,0,0,71,0,71,4,16,139,1,160,78,0,78,238
07/16/2022,DTS,FL,ASO,ES,Federal Contract Tower,8,39,44,0,91,0,0,61,0,61,8,39,105,0,152,12,12,24,176
07/17/2022,DTS,FL,ASO,ES,Federal Contract Tower,6,15,75,0,96,0,0,392,0,392,6,15,467,0,488,36,0,36,524
07/18/2022,DTS,FL,ASO,ES,Federal Contract Tower,8,6,68,0,82,0,0,346,1,347,8,6,414,1,429,16,4,20,449
07/19/2022,DTS,FL,ASO,ES,Federal Contract Tower,0,3,37,0,40,0,0,196,1,197,0,3,233,1,237,10,8,18,255
07/20/2022,DTS,FL,ASO,ES,Federal Contract Tower,0,21,69,1,91,0,0,207,1,208,0,21,276,2,299,10,0,10,309
07/21/2022,DTS,FL,ASO,ES,Federal Contract Tower,8,8,80,0,96,0,0,178,2,180,8,8,258,2,276,80,0,80,356
07/22/2022,DTS,FL,ASO,ES,Federal Contract Tower,4,10,57,0,71,0,0,30,0,30,4,10,87,0,101,10,0,10,111
07/23/2022,DTS,FL,ASO,ES,Federal Contract Tower,8,16,77,0,101,0,0,81,2,83,8,16,158,2,184,46,0,46,230
07/24/2022,DTS,FL,ASO,ES,Federal Contract Tower,6,34,65,0,105,0,0,30,0,30,6,34,95,0,135,12,0,12,147
07/25/2022,DTS,FL,ASO,ES,Federal Contract Tower,6,7,67,4,84,0,0,31,0,31,6,7,98,4,115,30,0,30,145
07/26/2022,DTS,FL,ASO,ES,Federal Contract Tower,0,13,59,1,73,0,0,38,2,40,0,13,97,3,113,38,0,38,151
07/27/2022,DTS,FL,ASO,ES,Federal Contract Tower,0,11,53,3,67,0,0,60,0,60,0,11,113,3,127,16,0,16,143
07/28/2022,DTS,FL,ASO,ES,Federal Contract Tower,5,35,58,6,104,0,1,76,0,77,5,36,134,6,181,90,0,90,271
07/29/2022,DTS,FL,ASO,ES,Federal Contract Tower,4,13,58,2,77,0,0,100,2,102,4,13,158,4,179,30,10,40,219
07/30/2022,DTS,FL,ASO,ES,Federal Contract Tower,7,22,63,0,92,0,0,35,0,35,7,22,98,0,127,0,0,0,127
07/31/2022,DTS,FL,ASO,ES,Federal Contract Tower,6,20,91,0,117,0,0,392,0,392,6,20,483,0,509,24,0,24,533
08/01/2022,DTS,FL,ASO,ES,Federal Contract Tower,6,11,53,0,70,0,1,321,0,322,6,12,374,0,392,28,0,28,420
08/02/2022,DTS,FL,ASO,ES,Federal Contract Tower,0,12,51,2,65,0,0,175,0,175,0,12,226,2,240,26,14,40,280
08/03/2022,DTS,FL,ASO,ES,Federal Contract Tower,0,14,50,2,66,0,0,301,0,301,0,14,351,2,367,54,0,54,421
08/04/2022,DTS,FL,ASO,ES,Federal Contract Tower,3,14,88,0,105,0,0,247,0,247,3,14,335,0,352,28,0,28,380
08/05/2022,DTS,FL,ASO,ES,Federal Contract Tower,4,6,58,0,68,0,0,157,0,157,4,6,215,0,225,34,0,34,259
08/06/2022,DTS,FL,ASO,ES,Federal Contract Tower,8,8,78,0,94,0,0,77,0,77,8,8,155,0,171,44,0,44,215
08/07/2022,DTS,FL,ASO,ES,Federal Contract Tower,6,16,77,0,99,0,0,395,0,395,6,16,472,0,494,58,0,58,552
08/08/2022,DTS,FL,ASO,ES,Federal Contract Tower,6,9,44,0,59,0,0,29,1,30,6,9,73,1,89,14,4,18,107
08/09/2022,DTS,FL,ASO,ES,Federal Contract Tower,0,9,27,0,36,0,0,28,0,28,0,9,55,0,64,30,0,30,94
08/10/2022,DTS,FL,ASO,ES,Federal Contract Tower,0,15,42,0,57,0,0,19,0,19,0,15,61,0,76,30,0,30,106
08/11/2022,DTS,FL,ASO,ES,Federal Contract Tower,4,11,51,0,66,0,0,5,0,5,4,11,56,0,71,4,0,4,75
08/12/2022,DTS,FL,ASO,ES,Federal Contract Tower,2,13,44,0,59,0,0,27,0,27,2,13,71,0,86,4,0,4,90
08/13/2022,DTS,FL,ASO,ES,Federal Contract Tower,9,9,49,0,67,0,0,36,0,36,9,9,85,0,103,22,0,22,125
08/14/2022,DTS,FL,ASO,ES,Federal Contract Tower,6,11,62,0,79,0,0,300,0,300,6,11,362,0,379,40,8,48,427
08/15/2022,DTS,FL,ASO,ES,Federal Contract Tower,6,6,35,0,47,0,0,297,4,301,6,6,332,4,348,50,30,80,428
08/16/2022,DTS,FL,ASO,ES,Federal Contract Tower,0,0,58,1,59,0,0,94,1,95,0,0,152,2,154,26,0,26,180
08/17/2022,DTS,FL,ASO,ES,Federal Contract Tower,0,9,45,0,54,0,0,211,0,211,0,9,256,0,265,6,0,6,271
08/18/2022,DTS,FL,ASO,ES,Federal Contract Tower,4,9,47,0,60,0,0,32,0,32,4,9,79,0,92,26,4,30,122
08/19/2022,DTS,FL,ASO,ES,Federal Contract Tower,4,13,43,8,68,0,0,44,0,44,4,13,87,8,112,68,16,84,196
08/20/2022,DTS,FL,ASO,ES,Federal Contract Tower,8,9,39,0,56,0,0,173,0,173,8,9,212,0,229,72,0,72,301
08/21/2022,DTS,FL,ASO,ES,Federal Contract Tower,5,6,61,0,72,0,0,121,0,121,5,6,182,0,193,36,0,36,229
08/22/2022,DTS,FL,ASO,ES,Federal Contract Tower,6,10,26,0,42,0,0,70,0,70,6,10,96,0,112,10,0,10,122
08/23/2022,DTS,FL,ASO,ES,Federal Contract Tower,0,8,34,0,42,0,0,51,0,51,0,8,85,0,93,62,0,62,155
08/24/2022,DTS,FL,ASO,ES,Federal Contract Tower,0,7,33,3,43,0,0,34,0,34,0,7,67,3,77,0,0,0,77
08/25/2022,DTS,FL,ASO,ES,Federal Contract Tower,4,10,50,0,64,0,0,43,1,44,4,10,93,1,108,0,10,10,118
08/26/2022,DTS,FL,ASO,ES,Federal Contract Tower,4,12,50,2,68,0,0,114,1,115,4,12,164,3,183,82,0,82,265
08/27/2022,DTS,FL,ASO,ES,Federal Contract Tower,6,18,31,0,55,0,0,53,0,53,6,18,84,0,108,40,0,40,148
08/28/2022,DTS,FL,ASO,ES,Federal Contract Tower,8,2,77,0,87,0,0,241,0,241,8,2,318,0,328,30,0,30,358
08/29/2022,DTS,FL,ASO,ES,Federal Contract Tower,6,9,33,0,48,0,0,156,0,156,6,9,189,0,204,50,0,50,254
08/30/2022,DTS,FL,ASO,ES,Federal Contract Tower,0,5,30,0,35,0,0,152,1,153,0,5,182,1,188,76,8,84,272
08/31/2022,DTS,FL,ASO,ES,Federal Contract Tower,0,9,48,0,57,0,0,119,2,121,0,9,167,2,178,12,0,12,190
09/01/2022,DTS,FL,ASO,ES,Federal Contract Tower,4,24,73,0,101,0,0,115,0,115,4,24,188,0,216,74,0,74,290
09/02/2022,DTS,FL,ASO,ES,Federal Contract Tower,4,15,82,0,101,0,0,162,0,162,4,15,244,0,263,30,4,34,297
09/03/2022,DTS,FL,ASO,ES,Federal Contract Tower,6,8,44,0,58,0,0,191,0,191,6,8,235,0,249,12,0,12,261
09/04/2022,DTS,FL,ASO,ES,Federal Contract Tower,6,7,24,0,37,0,0,265,6,271,6,7,289,6,308,62,0,62,370
09/05/2022,DTS,FL,ASO,ES,Federal Contract Tower,8,20,114,0,142,0,0,146,0,146,8,20,260,0,288,60,0,60,348
09/06/2022,DTS,FL,ASO,ES,Federal Contract Tower,4,13,51,0,68,0,1,67,0,68,4,14,118,0,136,26,12,38,174
09/07/2022,DTS,FL,ASO,ES,Federal Contract Tower,0,17,25,0,42,0,0,99,1,100,0,17,124,1,142,40,26,66,208
09/08/2022,DTS,FL,ASO,ES,Federal Contract Tower,2,6,34,0,42,0,0,20,0,20,2,6,54,0,62,0,0,0,62
09/09/2022,DTS,FL,ASO,ES,Federal Contract Tower,4,4,35,0,43,0,0,45,0,45,4,4,80,0,88,8,0,8,96
09/10/2022,DTS,FL,ASO,ES,Federal Contract Tower,6,13,43,0,62,0,0,22,0,22,6,13,65,0,84,0,0,0,84
09/11/2022,DTS,FL,ASO,ES,Federal Contract Tower,6,9,57,0,72,0,0,100,0,100,6,9,157,0,172,22,0,22,194
09/12/2022,DTS,FL,ASO,ES,Federal Contract Tower,6,16,37,0,59,0,0,98,0,98,6,16,135,0,157,7,0,7,164
09/13/2022,DTS,FL,ASO,ES,Federal Contract Tower,0,6,24,0,30,0,0,124,0,124,0,6,148,0,154,36,0,36,190
09/14/2022,DTS,FL,ASO,ES,Federal Contract Tower,0,15,43,0,58,0,0,117,3,120,0,15,160,3,178,34,24,58,236
09/15/2022,DTS,FL,ASO,ES,Federal Contract Tower,3,19,50,0,72,0,0,108,4,112,3,19,158,4,184,70,78,148,332
09/16/2022,DTS,FL,ASO,ES,Federal Contract Tower,4,25,57,0,86,0,0,129,0,129,4,25,186,0,215,48,0,48,263
09/17/2022,DTS,FL,ASO,ES,Federal Contract Tower,4,11,56,0,71,0,0,112,3,115,4,11,168,3,186,36,0,36,222
09/18/2022,DTS,FL,ASO,ES,Federal Contract Tower,8,18,46,0,72,0,0,103,0,103,8,18,149,0,175,34,0,34,209
09/19/2022,DTS,FL,ASO,ES,Federal Contract Tower,6,9,53,0,68,0,0,41,1,42,6,9,94,1,110,12,6,18,128
09/20/2022,DTS,FL,ASO,ES,Federal Contract Tower,0,20,53,0,73,0,0,54,1,55,0,20,107,1,128,20,10,30,158
09/21/2022,DTS,FL,ASO,ES,Federal Contract Tower,0,25,57,0,82,0,0,48,7,55,0,25,105,7,137,32,0,32,169
09/22/2022,DTS,FL,ASO,ES,Federal Contract Tower,0,25,69,0,94,0,1,96,1,98,0,26,165,1,192,38,2,40,232
09/23/2022,DTS,FL,ASO,ES,Federal Contract Tower,0,10,70,0,80,0,0,132,1,133,0,10,202,1,213,26,0,26,239
09/24/2022,DTS,FL,ASO,ES,Federal Contract Tower,0,10,45,0,55,0,0,152,0,152,0,10,197,0,207,18,2,20,227
09/25/2022,DTS,FL,ASO,ES,Federal Contract Tower,0,28,79,0,107,0,0,165,4,169,0,28,244,4,276,10,16,26,302
09/26/2022,DTS,FL,ASO,ES,Federal Contract Tower,0,18,68,0,86,0,0,233,0,233,0,18,301,0,319,34,0,34,353
09/27/2022,DTS,FL,ASO,ES,Federal Contract Tower,0,8,44,0,52,0,0,93,0,93,0,8,137,0,145,6,0,6,151
09/28/2022,DTS,FL,ASO,ES,Federal Contract Tower,0,4,31,0,35,0,0,10,0,10,0,4,41,0,45,0,2,2,47
09/29/2022,DTS,FL,ASO,ES,Federal Contract Tower,0,4,17,0,21,0,0,43,0,43,0,4,60,0,64,0,0,0,64
09/30/2022,DTS,FL,ASO,ES,Federal Contract Tower,0,14,38,0,52,0,0,115,0,115,0,14,153,0,167,20,0,20,187
10/01/2022,DTS,FL,ASO,ES,Federal Contract Tower,0,7,48,0,55,0,0,83,0,83,0,7,131,0,138,28,0,28,166
10/02/2022,DTS,FL,ASO,ES,Federal Contract Tower,0,23,56,0,79,0,0,67,0,67,0,23,123,0,146,12,0,12,158
10/03/2022,DTS,FL,ASO,ES,Federal Contract Tower,0,13,32,0,45,0,0,63,0,63,0,13,95,0,108,36,18,54,162
10/04/2022,DTS,FL,ASO,ES,Federal Contract Tower,0,11,30,0,41,0,0,55,0,55,0,11,85,0,96,60,0,60,156
10/05/2022,DTS,FL,ASO,ES,Federal Contract Tower,0,8,55,0,63,0,0,151,0,151,0,8,206,0,214,32,0,32,246
10/06/2022,DTS,FL,ASO,ES,Federal Contract Tower,0,16,55,0,71,0,0,107,0,107,0,16,162,0,178,40,2,42,220
10/07/2022,DTS,FL,ASO,ES,Federal Contract Tower,0,15,83,0,98,0,0,136,0,136,0,15,219,0,234,60,4,64,298
10/08/2022,DTS,FL,ASO,ES,Federal Contract Tower,0,15,56,0,71,0,0,94,0,94,0,15,150,0,165,40,0,40,205
10/09/2022,DTS,FL,ASO,ES,Federal Contract Tower,0,19,98,0,117,0,0,235,0,235,0,19,333,0,352,24,0,24,376
10/10/2022,DTS,FL,ASO,ES,Federal Contract Tower,0,18,73,0,91,0,0,209,0,209,0,18,282,0,300,50,0,50,350
10/11/2022,DTS,FL,ASO,ES,Federal Contract Tower,0,16,64,0,80,0,0,172,1,173,0,16,236,1,253,56,4,60,313
10/12/2022,DTS,FL,ASO,ES,Federal Contract Tower,0,14,57,0,71,0,0,31,0,31,0,14,88,0,102,8,0,8,110
10/13/2022,DTS,FL,ASO,ES,Federal Contract Tower,0,11,79,1,91,0,0,134,0,134,0,11,213,1,225,32,16,48,273
10/14/2022,DTS,FL,ASO,ES,Federal Contract Tower,0,20,108,0,128,0,0,144,6,150,0,20,252,6,278,56,8,64,342
10/15/2022,DTS,FL,ASO,ES,Federal Contract Tower,0,8,54,0,62,0,0,98,0,98,0,8,152,0,160,80,0,80,240
10/16/2022,DTS,FL,ASO,ES,Federal Contract Tower,0,17,103,0,120,0,0,78,2,80,0,17,181,2,200,52,4,56,256
10/17/2022,DTS,FL,ASO,ES,Federal Contract Tower,0,15,50,0,65,0,0,40,0,40,0,15,90,0,105,84,0,84,189
10/18/2022,DTS,FL,ASO,ES,Federal Contract Tower,0,17,45,0,62,0,0,48,0,48,0,17,93,0,110,22,0,22,132
10/19/2022,DTS,FL,ASO,ES,Federal Contract Tower,0,14,41,0,55,0,0,59,2,61,0,14,100,2,116,32,0,32,148
10/20/2022,DTS,FL,ASO,ES,Federal Contract Tower,0,11,60,0,71,0,0,73,0,73,0,11,133,0,144,72,2,74,218
10/21/2022,DTS,FL,ASO,ES,Federal Contract Tower,0,10,48,0,58,0,0,95,0,95,0,10,143,0,153,50,4,54,207
10/22/2022,DTS,FL,ASO,ES,Federal Contract Tower,0,8,40,0,48,0,0,70,0,70,0,8,110,0,118,62,0,62,180
10/23/2022,DTS,FL,ASO,ES,Federal Contract Tower,0,5,73,0,78,0,0,121,0,121,0,5,194,0,199,80,0,80,279
10/24/2022,DTS,FL,ASO,ES,Federal Contract Tower,0,18,52,0,70,0,0,104,0,104,0,18,156,0,174,80,0,80,254
10/25/2022,DTS,FL,ASO,ES,Federal Contract Tower,0,6,30,0,36,0,0,43,0,43,0,6,73,0,79,14,0,14,93
10/26/2022,DTS,FL,ASO,ES,Federal Contract Tower,0,14,43,0,57,0,2,50,0,52,0,16,93,0,109,42,0,42,151
10/27/2022,DTS,FL,ASO,ES,Federal Contract Tower,0,10,49,1,60,0,0,102,7,109,0,10,151,8,169,80,16,96,265
10/28/2022,DTS,FL,ASO,ES,Federal Contract Tower,0,18,48,0,66,0,0,46,0,46,0,18,94,0,112,10,2,12,124
10/29/2022,DTS,FL,ASO,ES,Federal Contract Tower,0,9,30,0,39,0,0,19,0,19,0,9,49,0,58,2,0,2,60
10/30/2022,DTS,FL,ASO,ES,Federal Contract Tower,0,19,37,0,56,0,0,1,0,1,0,19,38,0,57,0,0,0,57
10/31/2022,DTS,FL,ASO,ES,Federal Contract Tower,0,6,45,0,51,0,0,39,0,39,0,6,84,0,90,46,0,46,136
11/01/2022,DTS,FL,ASO,ES,Federal Contract Tower,0,8,29,1,38,0,0,61,1,62,0,8,90,2,100,68,0,68,168
11/02/2022,DTS,FL,ASO,ES,Federal Contract Tower,0,13,40,0,53,0,0,39,5,44,0,13,79,5,97,78,32,110,207
11/03/2022,DTS,FL,ASO,ES,Federal Contract Tower,0,14,76,3,93,0,0,66,0,66,0,14,142,3,159,108,10,118,277
11/04/2022,DTS,FL,ASO,ES,Federal Contract Tower,0,4,55,0,59,0,0,64,1,65,0,4,119,1,124,66,0,66,190
11/05/2022,DTS,FL,ASO,ES,Federal Contract Tower,0,10,23,0,33,0,0,31,0,31,0,10,54,0,64,10,0,10,74
11/06/2022,DTS,FL,ASO,ES,Federal Contract Tower,0,18,63,0,81,0,0,92,0,92,0,18,155,0,173,52,0,52,225
11/07/2022,DTS,FL,ASO,ES,Federal Contract Tower,0,9,49,1,59,0,0,80,8,88,0,9,129,9,147,62,30,92,239
11/08/2022,DTS,FL,ASO,ES,Federal Contract Tower,0,17,50,0,67,0,0,96,0,96,0,17,146,0,163,90,0,90,253
11/09/2022,DTS,FL,ASO,ES,Federal Contract Tower,0,12,42,0,54,0,0,27,0,27,0,12,69,0,81,0,0,0,81
11/10/2022,DTS,FL,ASO,ES,Federal Contract Tower,0,10,49,0,59,0,0,27,2,29,0,10,76,2,88,2,10,12,100
11/11/2022,DTS,FL,ASO,ES,Federal Contract Tower,0,17,53,0,70,0,0,38,0,38,0,17,91,0,108,2,0,2,110
11/12/2022,DTS,FL,ASO,ES,Federal Contract Tower,0,8,19,0,27,0,0,30,0,30,0,8,49,0,57,36,0,36,93
11/13/2022,DTS,FL,ASO,ES,Federal Contract Tower,0,21,53,0,74,0,0,52,3,55,0,21,105,3,129,26,0,26,155
11/14/2022,DTS,FL,ASO,ES,Federal Contract Tower,0,8,30,0,38,0,1,59,0,60,0,9,89,0,98,38,0,38,136
11/15/2022,DTS,FL,ASO,ES,Federal Contract Tower,0,5,23,1,29,0,0,6,0,6,0,5,29,1,35,0,0,0,35
11/16/2022,DTS,FL,ASO,ES,Federal Contract Tower,0,10,35,0,45,0,0,29,0,29,0,10,64,0,74,42,0,42,116
11/17/2022,DTS,FL,ASO,ES,Federal Contract Tower,0,5,41,0,46,0,0,43,0,43,0,5,84,0,89,62,0,62,151
11/18/2022,DTS,FL,ASO,ES,Federal Contract Tower,0,3,62,0,65,0,0,78,2,80,0,3,140,2,145,32,4,36,181
11/19/2022,DTS,FL,ASO,ES,Federal Contract Tower,0,17,42,0,59,0,0,57,0,57,0,17,99,0,116,26,0,26,142
11/20/2022,DTS,FL,ASO,ES,Federal Contract Tower,0,15,47,0,62,0,0,40,0,40,0,15,87,0,102,0,0,0,102
11/21/2022,DTS,FL,ASO,ES,Federal Contract Tower,0,15,33,0,48,0,0,62,0,62,0,15,95,0,110,24,0,24,134
11/22/2022,DTS,FL,ASO,ES,Federal Contract Tower,0,5,38,0,43,0,0,67,2,69,0,5,105,2,112,8,12,20,132
11/23/2022,DTS,FL,ASO,ES,Federal Contract Tower,0,9,77,0,86,0,0,71,0,71,0,9,148,0,157,14,0,14,171
11/24/2022,DTS,FL,ASO,ES,Federal Contract Tower,0,4,12,0,16,0,0,0,0,0,0,4,12,0,16,0,0,0,16
11/25/2022,DTS,FL,ASO,ES,Federal Contract Tower,0,14,34,0,48,0,0,17,0,17,0,14,51,0,65,0,0,0,65
11/26/2022,DTS,FL,ASO,ES,Federal Contract Tower,0,10,27,0,37,0,0,0,0,0,0,10,27,0,37,0,0,0,37
11/27/2022,DTS,FL,ASO,ES,Federal Contract Tower,0,6,73,0,79,0,0,52,0,52,0,6,125,0,131,38,0,38,169
11/28/2022,DTS,FL,ASO,ES,Federal Contract Tower,0,7,38,0,45,0,0,37,0,37,0,7,75,0,82,42,16,58,140
11/29/2022,DTS,FL,ASO,ES,Federal Contract Tower,0,10,27,0,37,0,0,18,0,18,0,10,45,0,55,12,18,30,85
11/30/2022,DTS,FL,ASO,ES,Federal Contract Tower,0,4,19,0,23,0,0,14,0,14,0,4,33,0,37,16,14,30,67
12/01/2022,DTS,FL,ASO,ES,Federal Contract Tower,0,17,36,0,53,0,0,53,0,53,0,17,89,0,106,28,0,28,134
12/02/2022,DTS,FL,ASO,ES,Federal Contract Tower,0,9,38,0,47,0,0,42,0,42,0,9,80,0,89,16,0,16,105
12/03/2022,DTS,FL,ASO,ES,Federal Contract Tower,0,6,18,2,26,0,0,49,0,49,0,6,67,2,75,120,0,120,195
12/04/2022,DTS,FL,ASO,ES,Federal Contract Tower,0,18,35,0,53,0,0,53,0,53,0,18,88,0,106,22,0,22,128
12/05/2022,DTS,FL,ASO,ES,Federal Contract Tower,0,5,28,0,33,0,0,38,0,38,0,5,66,0,71,58,0,58,129
12/06/2022,DTS,FL,ASO,ES,Federal Contract Tower,0,2,26,0,28,0,0,52,0,52,0,2,78,0,80,32,0,32,112
12/07/2022,DTS,FL,ASO,ES,Federal Contract Tower,0,5,48,0,53,0,0,31,0,31,0,5,79,0,84,56,0,56,140
12/08/2022,DTS,FL,ASO,ES,Federal Contract Tower,0,6,19,0,25,0,0,13,0,13,0,6,32,0,38,24,10,34,72
12/09/2022,DTS,FL,ASO,ES,Federal Contract Tower,0,10,24,0,34,0,0,36,0,36,0,10,60,0,70,54,0,54,124
12/10/2022,DTS,FL,ASO,ES,Federal Contract Tower,0,9,19,0,28,0,0,47,0,47,0,9,66,0,75,46,0,46,121
12/11/2022,DTS,FL,ASO,ES,Federal Contract Tower,0,12,27,0,39,0,0,6,0,6,0,12,33,0,45,4,0,4,49
12/12/2022,DTS,FL,ASO,ES,Federal Contract Tower,0,9,28,0,37,0,0,12,0,12,0,9,40,0,49,48,20,68,117
12/13/2022,DTS,FL,ASO,ES,Federal Contract Tower,0,7,26,0,33,0,0,1,2,3,0,7,27,2,36,2,2,4,40
12/14/2022,DTS,FL,ASO,ES,Federal Contract Tower,0,0,15,0,15,0,0,2,2,4,0,0,17,2,19,0,10,10,29
12/15/2022,DTS,FL,ASO,ES,Federal Contract Tower,0,11,47,0,58,0,0,34,2,36,0,11,81,2,94,34,12,46,140
12/16/2022,DTS,FL,ASO,ES,Federal Contract Tower,0,16,29,0,45,0,0,93,0,93,0,16,122,0,138,82,0,82,220
12/17/2022,DTS,FL,ASO,ES,Federal Contract Tower,0,0,31,0,31,0,0,95,0,95,0,0,126,0,126,58,4,62,188
12/18/2022,DTS,FL,ASO,ES,Federal Contract Tower,0,8,31,0,39,0,0,57,0,57,0,8,88,0,96,24,8,32,128
12/19/2022,DTS,FL,ASO,ES,Federal Contract Tower,0,6,22,0,28,0,0,50,2,52,0,6,72,2,80,38,12,50,130
12/20/2022,DTS,FL,ASO,ES,Federal Contract Tower,0,6,20,1,27,0,0,0,0,0,0,6,20,1,27,0,0,0,27
12/21/2022,DTS,FL,ASO,ES,Federal Contract Tower,0,9,50,0,59,0,0,0,0,0,0,9,50,0,59,0,0,0,59
12/22/2022,DTS,FL,ASO,ES,Federal Contract Tower,0,3,25,0,28,0,0,2,0,2,0,3,27,0,30,0,0,0,30
12/23/2022,DTS,FL,ASO,ES,Federal Contract Tower,0,4,15,0,19,0,0,17,0,17,0,4,32,0,36,14,0,14,50
12/24/2022,DTS,FL,ASO,ES,Federal Contract Tower,0,6,7,0,13,0,0,50,0,50,0,6,57,0,63,14,0,14,77
12/25/2022,DTS,FL,ASO,ES,Federal Contract Tower,0,3,16,0,19,0,0,10,0,10,0,3,26,0,29,6,0,6,35
12/26/2022,DTS,FL,ASO,ES,Federal Contract Tower,0,5,40,0,45,0,0,55,0,55,0,5,95,0,100,4,0,4,104
12/27/2022,DTS,FL,ASO,ES,Federal Contract Tower,0,17,46,0,63,0,0,51,0,51,0,17,97,0,114,16,4,20,134
12/28/2022,DTS,FL,ASO,ES,Federal Contract Tower,0,11,69,1,81,0,0,71,4,75,0,11,140,5,156,32,0,32,188
12/29/2022,DTS,FL,ASO,ES,Federal Contract Tower,0,26,59,0,85,0,0,90,0,90,0,26,149,0,175,6,0,6,181
12/30/2022,DTS,FL,ASO,ES,Federal Contract Tower,0,8,25,0,33,0,0,70,0,70,0,8,95,0,103,0,0,0,103
12/31/2022,DTS,FL,ASO,ES,Federal Contract Tower,0,10,31,0,41,0,0,68,0,68,0,10,99,0,109,70,0,70,179
01/01/2023,DTS,FL,ASO,ES,Federal Contract Tower,0,5,25,0,30,0,0,20,0,20,0,5,45,0,50,4,0,4,54
01/02/2023,DTS,FL,ASO,ES,Federal Contract Tower,0,4,44,0,48,0,0,0,0,0,0,4,44,0,48,4,0,4,52
01/03/2023,DTS,FL,ASO,ES,Federal Contract Tower,0,6,22,0,28,0,0,14,0,14,0,6,36,0,42,0,0,0,42
01/04/2023,DTS,FL,ASO,ES,Federal Contract Tower,0,12,27,0,39,0,0,42,0,42,0,12,69,0,81,22,6,28,109
01/05/2023,DTS,FL,ASO,ES,Federal Contract Tower,0,8,31,0,39,0,0,83,0,83,0,8,114,0,122,44,2,46,168
01/06/2023,DTS,FL,ASO,ES,Federal Contract Tower,0,12,24,0,36,0,0,89,0,89,0,12,113,0,125,34,0,34,159
01/07/2023,DTS,FL,ASO,ES,Federal Contract Tower,0,4,19,0,23,0,0,101,6,107,0,4,120,6,130,36,0,36,166
01/08/2023,DTS,FL,ASO,ES,Federal Contract Tower,0,10,36,0,46,0,0,53,0,53,0,10,89,0,99,76,18,94,193
01/09/2023,DTS,FL,ASO,ES,Federal Contract Tower,0,5,22,0,27,0,0,44,0,44,0,5,66,0,71,44,20,64,135
01/10/2023,DTS,FL,ASO,ES,Federal Contract Tower,0,7,28,0,35,0,0,31,0,31,0,7,59,0,66,58,6,64,130
01/11/2023,DTS,FL,ASO,ES,Federal Contract Tower,0,12,36,0,48,0,0,31,0,31,0,12,67,0,79,18,6,24,103
01/12/2023,DTS,FL,ASO,ES,Federal Contract Tower,0,9,19,0,28,0,0,5,0,5,0,9,24,0,33,0,0,0,33
01/13/2023,DTS,FL,ASO,ES,Federal Contract Tower,0,13,53,0,66,0,0,32,0,32,0,13,85,0,98,6,6,12,110
01/14/2023,DTS,FL,ASO,ES,Federal Contract Tower,0,5,32,0,37,0,0,66,0,66,0,5,98,0,103,20,0,20,123
01/15/2023,DTS,FL,ASO,ES,Federal Contract Tower,0,8,38,0,46,0,0,91,0,91,0,8,129,0,137,62,0,62,199
01/16/2023,DTS,FL,ASO,ES,Federal Contract Tower,0,10,43,0,53,0,0,71,0,71,0,10,114,0,124,52,0,52,176
01/17/2023,DTS,FL,ASO,ES,Federal Contract Tower,0,8,23,0,31,0,0,34,0,34,0,8,57,0,65,48,0,48,113
01/18/2023,DTS,FL,ASO,ES,Federal Contract Tower,0,11,32,0,43,0,0,49,0,49,0,11,81,0,92,64,4,68,160
01/19/2023,DTS,FL,ASO,ES,Federal Contract Tower,0,14,40,2,56,0,0,38,2,40,0,14,78,4,96,24,6,30,126
01/20/2023,DTS,FL,ASO,ES,Federal Contract Tower,0,7,33,1,41,0,2,58,3,63,0,9,91,4,104,74,2,76,180
01/21/2023,DTS,FL,ASO,ES,Federal Contract Tower,0,2,16,0,18,0,0,30,0,30,0,2,46,0,48,0,0,0,48
01/22/2023,DTS,FL,ASO,ES,Federal Contract Tower,0,9,24,0,33,0,0,0,0,0,0,9,24,0,33,0,0,0,33
01/23/2023,DTS,FL,ASO,ES,Federal Contract Tower,0,9,33,0,42,0,0,39,0,39,0,9,72,0,81,30,0,30,111
01/24/2023,DTS,FL,ASO,ES,Federal Contract Tower,0,9,22,0,31,0,0,30,1,31,0,9,52,1,62,44,0,44,106
01/25/2023,DTS,FL,ASO,ES,Federal Contract Tower,0,3,25,0,28,0,0,27,0,27,0,3,52,0,55,0,6,6,61
01/26/2023,DTS,FL,ASO,ES,Federal Contract Tower,0,12,45,0,57,0,0,88,0,88,0,12,133,0,145,72,4,76,221
01/27/2023,DTS,FL,ASO,ES,Federal Contract Tower,0,10,32,0,42,0,0,57,0,57,0,10,89,0,99,52,0,52,151
01/28/2023,DTS,FL,ASO,ES,Federal Contract Tower,0,4,32,0,36,0,0,86,0,86,0,4,118,0,122,34,0,34,156
01/29/2023,DTS,FL,ASO,ES,Federal Contract Tower,0,6,20,0,26,0,0,1,0,1,0,6,21,0,27,0,0,0,27
01/30/2023,DTS,FL,ASO,ES,Federal Contract Tower,0,6,21,0,27,0,0,0,0,0,0,6,21,0,27,0,0,0,27
01/31/2023,DTS,FL,ASO,ES,Federal Contract Tower,0,7,11,0,18,0,0,8,0,8,0,7,19,0,26,16,0,16,42
02/01/2023,DTS,FL,ASO,ES,Federal Contract Tower,0,11,42,1,54,0,0,21,2,23,0,11,63,3,77,52,12,64,141
02/02/2023,DTS,FL,ASO,ES,Federal Contract Tower,0,8,24,0,32,0,0,16,0,16,0,8,40,0,48,48,0,48,96
02/03/2023,DTS,FL,ASO,ES,Federal Contract Tower,0,16,38,0,54,0,0,57,0,57,0,16,95,0,111,90,0,90,201
02/04/2023,DTS,FL,ASO,ES,Federal Contract Tower,0,13,20,0,33,0,0,95,0,95,0,13,115,0,128,170,0,170,298
02/05/2023,DTS,FL,ASO,ES,Federal Contract Tower,0,8,32,0,40,0,0,68,0,68,0,8,100,0,108,20,0,20,128
02/06/2023,DTS,FL,ASO,ES,Federal Contract Tower,0,12,27,0,39,0,0,59,0,59,0,12,86,0,98,72,14,86,184
02/07/2023,DTS,FL,ASO,ES,Federal Contract Tower,0,4,27,0,31,0,0,40,0,40,0,4,67,0,71,40,0,40,111
02/08/2023,DTS,FL,ASO,ES,Federal Contract Tower,0,11,31,0,42,0,0,26,0,26,0,11,57,0,68,86,0,86,154
02/09/2023,DTS,FL,ASO,ES,Federal Contract Tower,0,2,32,0,34,0,0,12,0,12,0,2,44,0,46,90,0,90,136
02/10/2023,DTS,FL,ASO,ES,Federal Contract Tower,0,7,28,0,35,0,0,8,0,8,0,7,36,0,43,34,0,34,77
02/11/2023,DTS,FL,ASO,ES,Federal Contract Tower,0,9,19,0,28,0,0,5,0,5,0,9,24,0,33,0,0,0,33
02/12/2023,DTS,FL,ASO,ES,Federal Contract Tower,0,15,18,0,33,0,0,56,0,56,0,15,74,0,89,4,0,4,93
02/13/2023,DTS,FL,ASO,ES,Federal Contract Tower,0,7,33,0,40,0,0,100,2,102,0,7,133,2,142,84,8,92,234
02/14/2023,DTS,FL,ASO,ES,Federal Contract Tower,0,5,25,0,30,0,0,97,0,97,0,5,122,0,127,56,0,56,183
02/15/2023,DTS,FL,ASO,ES,Federal Contract Tower,0,15,47,0,62,0,0,81,2,83,0,15,128,2,145,36,0,36,181
02/16/2023,DTS,FL,ASO,ES,Federal Contract Tower,0,7,40,0,47,0,0,41,3,44,0,7,81,3,91,0,0,0,91
02/17/2023,DTS,FL,ASO,ES,Federal Contract Tower,0,18,62,3,83,0,0,46,3,49,0,18,108,6,132,10,10,20,152
02/18/2023,DTS,FL,ASO,ES,Federal Contract Tower,0,12,40,0,52,0,0,134,0,134,0,12,174,0,186,42,0,42,228
02/19/2023,DTS,FL,ASO,ES,Federal Contract Tower,0,15,57,0,72,0,0,132,0,132,0,15,189,0,204,80,0,80,284
02/20/2023,DTS,FL,ASO,ES,Federal Contract Tower,0,18,55,0,73,0,0,60,0,60,0,18,115,0,133,34,0,34,167
02/21/2023,DTS,FL,ASO,ES,Federal Contract Tower,0,9,26,1,36,0,0,20,0,20,0,9,46,1,56,14,4,18,74
02/22/2023,DTS,FL,ASO,ES,Federal Contract Tower,0,6,30,0,36,0,0,7,0,7,0,6,37,0,43,0,0,0,43
02/23/2023,DTS,FL,ASO,ES,Federal Contract Tower,0,10,41,0,51,0,0,1,0,1,0,10,42,0,52,0,0,0,52
02/24/2023,DTS,FL,ASO,ES,Federal Contract Tower,0,7,36,0,43,0,0,17,0,17,0,7,53,0,60,10,0,10,70
02/25/2023,DTS,FL,ASO,ES,Federal Contract Tower,0,22,37,1,60,0,0,131,0,131,0,22,168,1,191,38,0,38,229
02/26/2023,DTS,FL,ASO,ES,Federal Contract Tower,0,13,48,0,61,0,0,141,4,145,0,13,189,4,206,118,0,118,324
02/27/2023,DTS,FL,ASO,ES,Federal Contract Tower,0,16,46,0,62,0,0,92,0,92,0,16,138,0,154,44,0,44,198
02/28/2023,DTS,FL,ASO,ES,Federal Contract Tower,0,10,40,0,50,0,0,15,0,15,0,10,55,0,65,48,0,48,113
03/01/2023,DTS,FL,ASO,ES,Federal Contract Tower,0,9,34,0,43,0,0,23,0,23,0,9,57,0,66,0,0,0,66
03/02/2023,DTS,FL,ASO,ES,Federal Contract Tower,0,19,41,0,60,0,0,26,1,27,0,19,67,1,87,32,6,38,125
03/03/2023,DTS,FL,ASO,ES,Federal Contract Tower,0,11,31,0,42,0,0,6,0,6,0,11,37,0,48,4,0,4,52
03/04/2023,DTS,FL,ASO,ES,Federal Contract Tower,0,13,47,0,60,0,0,146,0,146,0,13,193,0,206,86,0,86,292
03/05/2023,DTS,FL,ASO,ES,Federal Contract Tower,0,14,63,0,77,0,0,77,0,77,0,14,140,0,154,76,8,84,238
03/06/2023,DTS,FL,ASO,ES,Federal Contract Tower,0,7,51,0,58,0,0,6,0,6,0,7,57,0,64,0,0,0,64
03/07/2023,DTS,FL,ASO,ES,Federal Contract Tower,0,0,0,0,0,0,0,6,1,7,0,0,6,1,7,0,0,0,7
03/08/2023,DTS,FL,ASO,ES,Federal Contract Tower,0,1,0,0,1,0,0,3,5,8,0,1,3,5,9,0,0,0,9
03/09/2023,DTS,FL,ASO,ES,Federal Contract Tower,0,15,71,0,86,0,0,52,0,52,0,15,123,0,138,18,0,18,156
03/10/2023,DTS,FL,ASO,ES,Federal Contract Tower,0,11,72,0,83,0,0,72,0,72,0,11,144,0,155,52,0,52,207
03/11/2023,DTS,FL,ASO,ES,Federal Contract Tower,0,9,75,0,84,0,0,169,0,169,0,9,244,0,253,96,0,96,349
03/12/2023,DTS,FL,ASO,ES,Federal Contract Tower,0,11,46,0,57,0,0,213,0,213,0,11,259,0,270,0,0,0,270
03/13/2023,DTS,FL,ASO,ES,Federal Contract Tower,0,9,66,0,75,0,0,234,0,234,0,9,300,0,309,48,0,48,357
03/14/2023,DTS,FL,ASO,ES,Federal Contract Tower,0,9,52,0,61,0,0,290,2,292,0,9,342,2,353,30,0,30,383
03/15/2023,DTS,FL,ASO,ES,Federal Contract Tower,0,8,68,0,76,0,0,188,0,188,0,8,256,0,264,28,0,28,292
03/16/2023,DTS,FL,ASO,ES,Federal Contract Tower,0,21,47,0,68,0,0,289,1,290,0,21,336,1,358,94,22,116,474
03/17/2023,DTS,FL,ASO,ES,Federal Contract Tower,0,13,34,0,47,0,0,136,2,138,0,13,170,2,185,16,4,20,205
03/18/2023,DTS,FL,ASO,ES,Federal Contract Tower,0,25,71,0,96,0,0,194,0,194,0,25,265,0,290,28,0,28,318
03/19/2023,DTS,FL,ASO,ES,Federal Contract Tower,0,8,74,0,82,0,0,304,0,304,0,8,378,0,386,66,0,66,452
03/20/2023,DTS,FL,ASO,ES,Federal Contract Tower,0,14,45,0,59,0,0,205,0,205,0,14,250,0,264,56,0,56,320
03/21/2023,DTS,FL,ASO,ES,Federal Contract Tower,0,12,39,0,51,0,0,225,0,225,0,12,264,0,276,124,0,124,400
03/22/2023,DTS,FL,ASO,ES,Federal Contract Tower,0,23,45,0,68,0,0,183,0,183,0,23,228,0,251,118,0,118,369
03/23/2023,DTS,FL,ASO,ES,Federal Contract Tower,0,19,80,0,99,0,0,146,0,146,0,19,226,0,245,104,0,104,349
03/24/2023,DTS,FL,ASO,ES,Federal Contract Tower,0,4,54,0,58,0,1,124,0,125,0,5,178,0,183,76,0,76,259
03/25/2023,DTS,FL,ASO,ES,Federal Contract Tower,0,13,47,0,60,0,0,15,0,15,0,13,62,0,75,0,0,0,75
03/26/2023,DTS,FL,ASO,ES,Federal Contract Tower,0,7,43,0,50,0,0,0,0,0,0,7,43,0,50,0,0,0,50
03/27/2023,DTS,FL,ASO,ES,Federal Contract Tower,0,8,25,0,33,0,0,28,0,28,0,8,53,0,61,0,0,0,61
03/28/2023,DTS,FL,ASO,ES,Federal Contract Tower,0,7,17,0,24,0,0,52,0,52,0,7,69,0,76,0,0,0,76
03/29/2023,DTS,FL,ASO,ES,Federal Contract Tower,0,7,37,3,47,0,0,146,0,146,0,7,183,3,193,70,0,70,263
03/30/2023,DTS,FL,ASO,ES,Federal Contract Tower,0,12,65,0,77,0,0,186,0,186,0,12,251,0,263,122,2,124,387
03/31/2023,DTS,FL,ASO,ES,Federal Contract Tower,0,12,55,0,67,0,0,137,0,137,0,12,192,0,204,118,0,118,322
04/01/2023,DTS,FL,ASO,ES,Federal Contract Tower,0,9,36,0,45,0,0,2,0,2,0,9,38,0,47,0,0,0,47
04/02/2023,DTS,FL,ASO,ES,Federal Contract Tower,0,15,80,0,95,0,2,153,14,169,0,17,233,14,264,42,0,42,306
04/03/2023,DTS,FL,ASO,ES,Federal Contract Tower,0,6,36,0,42,0,0,63,1,64,0,6,99,1,106,66,12,78,184
04/04/2023,DTS,FL,ASO,ES,Federal Contract Tower,0,9,38,0,47,0,0,8,0,8,0,9,46,0,55,22,0,22,77
04/05/2023,DTS,FL,ASO,ES,Federal Contract Tower,0,13,66,0,79,0,0,69,0,69,0,13,135,0,148,130,0,130,278
04/06/2023,DTS,FL,ASO,ES,Federal Contract Tower,0,18,86,2,106,0,1,139,0,140,0,19,225,2,246,86,6,92,338
04/07/2023,DTS,FL,ASO,ES,Federal Contract Tower,0,21,78,0,99,0,0,167,0,167,0,21,245,0,266,38,0,38,304
04/08/2023,DTS,FL,ASO,ES,Federal Contract Tower,0,10,41,0,51,0,0,30,0,30,0,10,71,0,81,0,0,0,81
04/09/2023,DTS,FL,ASO,ES,Federal Contract Tower,0,12,55,0,67,0,0,138,0,138,0,12,193,0,205,0,0,0,205
04/10/2023,DTS,FL,ASO,ES,Federal Contract Tower,0,25,66,0,91,0,3,102,10,115,0,28,168,10,206,58,6,64,270
04/11/2023,DTS,FL,ASO,ES,Federal Contract Tower,0,23,49,0,72,0,0,184,0,184,0,23,233,0,256,56,0,56,312
04/12/2023,DTS,FL,ASO,ES,Federal Contract Tower,0,14,46,0,60,0,0,103,2,105,0,14,149,2,165,76,0,76,241
04/13/2023,DTS,FL,ASO,ES,Federal Contract Tower,0,15,60,0,75,0,0,97,0,97,0,15,157,0,172,52,0,52,224
04/14/2023,DTS,FL,ASO,ES,Federal Contract Tower,0,11,73,2,86,0,0,221,2,223,0,11,294,4,309,96,2,98,407
04/15/2023,DTS,FL,ASO,ES,Federal Contract Tower,0,21,32,0,53,0,0,89,0,89,0,21,121,0,142,48,0,48,190
04/16/2023,DTS,FL,ASO,ES,Federal Contract Tower,0,24,60,0,84,0,0,59,0,59,0,24,119,0,143,6,10,16,159
04/17/2023,DTS,FL,ASO,ES,Federal Contract Tower,0,10,58,0,68,0,0,98,2,100,0,10,156,2,168,76,6,82,250
04/18/2023,DTS,FL,ASO,ES,Federal Contract Tower,0,11,39,0,50,0,0,78,1,79,0,11,117,1,129,104,0,104,233
04/19/2023,DTS,FL,ASO,ES,Federal Contract Tower,0,13,60,0,73,0,0,74,0,74,0,13,134,0,147,168,22,190,337
04/20/2023,DTS,FL,ASO,ES,Federal Contract Tower,0,10,80,4,94,0,0,110,0,110,0,10,190,4,204,86,12,98,302
04/21/2023,DTS,FL,ASO,ES,Federal Contract Tower,0,19,70,0,89,0,0,111,2,113,0,19,181,2,202,80,0,80,282
04/22/2023,DTS,FL,ASO,ES,Federal Contract Tower,0,13,52,0,65,0,0,109,0,109,0,13,161,0,174,52,6,58,232
04/23/2023,DTS,FL,ASO,ES,Federal Contract Tower,0,17,74,1,92,0,0,330,0,330,0,17,404,1,422,84,4,88,510
04/24/2023,DTS,FL,ASO,ES,Federal Contract Tower,0,9,65,1,75,0,0,123,0,123,0,9,188,1,198,8,0,8,206
04/25/2023,DTS,FL,ASO,ES,Federal Contract Tower,0,11,36,3,50,0,0,112,0,112,0,11,148,3,162,72,6,78,240
04/26/2023,DTS,FL,ASO,ES,Federal Contract Tower,0,20,33,0,53,0,0,167,0,167,0,20,200,0,220,120,0,120,340
04/27/2023,DTS,FL,ASO,ES,Federal Contract Tower,0,10,24,1,35,0,0,8,0,8,0,10,32,1,43,0,0,0,43
04/28/2023,DTS,FL,ASO,ES,Federal Contract Tower,0,17,58,0,75,0,0,93,0,93,0,17,151,0,168,48,0,48,216
04/29/2023,DTS,FL,ASO,ES,Federal Contract Tower,0,13,22,0,35,0,0,14,0,14,0,13,36,0,49,2,0,2,51
04/30/2023,DTS,FL,ASO,ES,Federal Contract Tower,0,15,36,0,51,0,0,89,0,89,0,15,125,0,140,18,0,18,158
05/01/2023,DTS,FL,ASO,ES,Federal Contract Tower,0,16,61,1,78,0,0,102,0,102,0,16,163,1,180,34,6,40,220
05/02/2023,DTS,FL,ASO,ES,Federal Contract Tower,0,6,42,2,50,0,0,79,0,79,0,6,121,2,129,44,0,44,173
05/03/2023,DTS,FL,ASO,ES,Federal Contract Tower,0,27,47,0,74,0,0,70,0,70,0,27,117,0,144,110,12,122,266
05/04/2023,DTS,FL,ASO,ES,Federal Contract Tower,0,14,49,0,63,0,0,85,0,85,0,14,134,0,148,72,4,76,224
05/05/2023,DTS,FL,ASO,ES,Federal Contract Tower,0,14,57,0,71,0,0,118,0,118,0,14,175,0,189,44,0,44,233
05/06/2023,DTS,FL,ASO,ES,Federal Contract Tower,0,15,51,0,66,0,0,115,0,115,0,15,166,0,181,74,0,74,255
05/07/2023,DTS,FL,ASO,ES,Federal Contract Tower,0,15,84,2,101,0,0,229,0,229,0,15,313,2,330,60,0,60,390
05/08/2023,DTS,FL,ASO,ES,Federal Contract Tower,0,15,54,0,69,0,0,76,0,76,0,15,130,0,145,22,0,22,167
05/09/2023,DTS,FL,ASO,ES,Federal Contract Tower,0,12,38,0,50,0,0,139,0,139,0,12,177,0,189,64,0,64,253
05/10/2023,DTS,FL,ASO,ES,Federal Contract Tower,0,12,47,0,59,0,0,129,0,129,0,12,176,0,188,86,0,86,274
05/11/2023,DTS,FL,ASO,ES,Federal Contract Tower,0,12,67,0,79,0,0,94,0,94,0,12,161,0,173,40,2,42,215
05/12/2023,DTS,FL,ASO,ES,Federal Contract Tower,0,20,49,0,69,0,0,103,0,103,0,20,152,0,172,36,0,36,208
05/13/2023,DTS,FL,ASO,ES,Federal Contract Tower,0,16,44,0,60,0,0,121,0,121,0,16,165,0,181,28,0,28,209
05/14/2023,DTS,FL,ASO,ES,Federal Contract Tower,0,22,51,0,73,0,0,117,0,117,0,22,168,0,190,40,0,40,230
05/15/2023,DTS,FL,ASO,ES,Federal Contract Tower,0,13,64,0,77,0,0,70,0,70,0,13,134,0,147,20,0,20,167
05/16/2023,DTS,FL,ASO,ES,Federal Contract Tower,0,6,39,0,45,0,1,60,0,61,0,7,99,0,106,54,8,62,168
05/17/2023,DTS,FL,ASO,ES,Federal Contract Tower,0,19,42,0,61,0,0,36,0,36,0,19,78,0,97,23,0,23,120
05/18/2023,DTS,FL,ASO,ES,Federal Contract Tower,5,26,54,0,85,0,0,104,0,104,5,26,158,0,189,56,0,56,245
05/19/2023,DTS,FL,ASO,ES,Federal Contract Tower,0,23,81,2,106,0,0,127,0,127,0,23,208,2,233,122,0,122,355
05/20/2023,DTS,FL,ASO,ES,Federal Contract Tower,4,11,61,0,76,0,0,147,0,147,4,11,208,0,223,104,0,104,327
05/21/2023,DTS,FL,ASO,ES,Federal Contract Tower,0,22,75,0,97,0,0,82,0,82,0,22,157,0,179,40,0,40,219
05/22/2023,DTS,FL,ASO,ES,Federal Contract Tower,4,26,61,0,91,0,0,179,0,179,4,26,240,0,270,106,16,122,392
05/23/2023,DTS,FL,ASO,ES,Federal Contract Tower,0,13,48,0,61,0,0,141,0,141,0,13,189,0,202,10,0,10,212
05/24/2023,DTS,FL,ASO,ES,Federal Contract Tower,0,18,71,1,90,0,1,122,2,125,0,19,193,3,215,18,0,18,233
05/25/2023,DTS,FL,ASO,ES,Federal Contract Tower,4,31,100,0,135,0,0,242,2,244,4,31,342,2,379,78,0,78,457
05/26/2023,DTS,FL,ASO,ES,Federal Contract Tower,3,21,133,0,157,0,0,211,0,211,3,21,344,0,368,56,4,60,428
05/27/2023,DTS,FL,ASO,ES,Federal Contract Tower,4,25,74,0,103,0,0,151,1,152,4,25,225,1,255,20,0,20,275
05/28/2023,DTS,FL,ASO,ES,Federal Contract Tower,4,16,63,0,83,0,0,399,6,405,4,16,462,6,488,8,0,8,496
05/29/2023,DTS,FL,ASO,ES,Federal Contract Tower,4,22,116,0,142,0,0,178,0,178,4,22,294,0,320,0,0,0,320
05/30/2023,DTS,FL,ASO,ES,Federal Contract Tower,0,18,89,0,107,0,0,97,0,97,0,18,186,0,204,100,0,100,304
05/31/2023,DTS,FL,ASO,ES,Federal Contract Tower,0,21,93,0,114,0,0,191,0,191,0,21,284,0,305,80,0,80,385
06/01/2023,DTS,FL,ASO,ES,Federal Contract Tower,2,11,54,0,67,0,0,135,0,135,2,11,189,0,202,18,0,18,220
06/02/2023,DTS,FL,ASO,ES,Federal Contract Tower,4,18,83,2,107,0,0,273,1,274,4,18,356,3,381,108,10,118,499
06/03/2023,DTS,FL,ASO,ES,Federal Contract Tower,6,19,91,0,116,0,0,231,0,231,6,19,322,0,347,62,6,68,415
06/04/2023,DTS,FL,ASO,ES,Federal Contract Tower,3,17,80,0,100,0,0,133,0,133,3,17,213,0,233,20,0,20,253
06/05/2023,DTS,FL,ASO,ES,Federal Contract Tower,4,5,67,0,76,0,0,161,0,161,4,5,228,0,237,84,6,90,327
06/06/2023,DTS,FL,ASO,ES,Federal Contract Tower,0,14,53,0,67,0,0,147,0,147,0,14,200,0,214,64,4,68,282
06/07/2023,DTS,FL,ASO,ES,Federal Contract Tower,0,12,50,0,62,0,0,155,4,159,0,12,205,4,221,50,0,50,271
06/08/2023,DTS,FL,ASO,ES,Federal Contract Tower,4,7,66,1,78,0,0,234,1,235,4,7,300,2,313,64,10,74,387
06/09/2023,DTS,FL,ASO,ES,Federal Contract Tower,4,15,77,0,96,0,0,205,0,205,4,15,282,0,301,32,0,32,333
06/10/2023,DTS,FL,ASO,ES,Federal Contract Tower,6,29,70,0,105,0,0,153,0,153,6,29,223,0,258,18,0,18,276
06/11/2023,DTS,FL,ASO,ES,Federal Contract Tower,3,13,79,0,95,0,0,147,0,147,3,13,226,0,242,8,0,8,250
06/12/2023,DTS,FL,ASO,ES,Federal Contract Tower,4,10,44,0,58,0,0,103,0,103,4,10,147,0,161,0,0,0,161
06/13/2023,DTS,FL,ASO,ES,Federal Contract Tower,0,11,17,2,30,0,0,125,0,125,0,11,142,2,155,44,0,44,199
06/14/2023,DTS,FL,ASO,ES,Federal Contract Tower,0,9,51,2,62,0,0,223,1,224,0,9,274,3,286,0,0,0,286
06/15/2023,DTS,FL,ASO,ES,Federal Contract Tower,4,16,38,0,58,0,0,170,0,170,4,16,208,0,228,8,0,8,236
06/16/2023,DTS,FL,ASO,ES,Federal Contract Tower,4,13,69,0,86,0,0,182,0,182,4,13,251,0,268,10,0,10,278
06/17/2023,DTS,FL,ASO,ES,Federal Contract Tower,2,21,46,0,69,0,0,125,0,125,2,21,171,0,194,22,0,22,216
06/18/2023,DTS,FL,ASO,ES,Federal Contract Tower,4,16,69,0,89,0,0,175,0,175,4,16,244,0,264,46,0,46,310
06/19/2023,DTS,FL,ASO,ES,Federal Contract Tower,4,12,56,0,72,0,0,75,0,75,4,12,131,0,147,0,0,0,147
06/20/2023,DTS,FL,ASO,ES,Federal Contract Tower,0,7,60,0,67,0,0,247,0,247,0,7,307,0,314,124,6,130,444
06/21/2023,DTS,FL,ASO,ES,Federal Contract Tower,0,12,80,0,92,0,0,173,2,175,0,12,253,2,267,36,8,44,311
06/22/2023,DTS,FL,ASO,ES,Federal Contract Tower,6,19,59,0,84,0,0,214,1,215,6,19,273,1,299,50,6,56,355
06/23/2023,DTS,FL,ASO,ES,Federal Contract Tower,8,11,76,2,97,0,0,209,2,211,8,11,285,4,308,60,0,60,368
06/24/2023,DTS,FL,ASO,ES,Federal Contract Tower,8,15,79,0,102,0,0,240,0,240,8,15,319,0,342,62,0,62,404
06/25/2023,DTS,FL,ASO,ES,Federal Contract Tower,8,17,101,1,127,0,0,220,0,220,8,17,321,1,347,26,0,26,373
06/26/2023,DTS,FL,ASO,ES,Federal Contract Tower,8,1,47,2,58,0,0,164,0,164,8,1,211,2,222,0,14,14,236
06/27/2023,DTS,FL,ASO,ES,Federal Contract Tower,3,7,41,0,51,0,0,147,0,147,3,7,188,0,198,84,4,88,286
06/28/2023,DTS,FL,ASO,ES,Federal Contract Tower,0,18,66,0,84,0,0,177,2,179,0,18,243,2,263,64,10,74,337
06/29/2023,DTS,FL,ASO,ES,Federal Contract Tower,6,32,82,0,120,0,0,220,0,220,6,32,302,0,340,16,32,48,388
06/30/2023,DTS,FL,ASO,ES,Federal Contract Tower,8,22,99,0,129,0,0,185,1,186,8,22,284,1,315,32,8,40,355
07/01/2023,DTS,FL,ASO,ES,Federal Contract Tower,8,20,106,0,134,0,0,215,0,215,8,20,321,0,349,38,0,38,387
07/02/2023,DTS,FL,ASO,ES,Federal Contract Tower,7,19,81,1,108,0,2,325,0,327,7,21,406,1,435,28,0,28,463
07/03/2023,DTS,FL,ASO,ES,Federal Contract Tower,6,8,46,0,60,0,0,345,10,355,6,8,391,10,415,24,0,24,439
07/04/2023,DTS,FL,ASO,ES,Federal Contract Tower,0,5,34,0,39,0,0,281,0,281,0,5,315,0,320,26,0,26,346
07/05/2023,DTS,FL,ASO,ES,Federal Contract Tower,0,23,84,0,107,0,0,190,0,190,0,23,274,0,297,30,0,30,327
07/06/2023,DTS,FL,ASO,ES,Federal Contract Tower,8,14,77,0,99,0,0,301,0,301,8,14,378,0,400,80,0,80,480
07/07/2023,DTS,FL,ASO,ES,Federal Contract Tower,8,12,93,0,113,0,0,218,0,218,8,12,311,0,331,12,0,12,343
07/08/2023,DTS,FL,ASO,ES,Federal Contract Tower,10,24,100,0,134,0,0,212,0,212,10,24,312,0,346,40,0,40,386
07/09/2023,DTS,FL,ASO,ES,Federal Contract Tower,6,12,83,0,101,0,0,151,0,151,6,12,234,0,252,26,0,26,278
07/10/2023,DTS,FL,ASO,ES,Federal Contract Tower,8,6,50,2,66,0,4,81,6,91,8,10,131,8,157,20,2,22,179
07/11/2023,DTS,FL,ASO,ES,Federal Contract Tower,0,12,45,0,57,0,0,206,10,216,0,12,251,10,273,152,6,158,431
07/12/2023,DTS,FL,ASO,ES,Federal Contract Tower,0,15,61,0,76,0,0,120,1,121,0,15,181,1,197,52,0,52,249
07/13/2023,DTS,FL,ASO,ES,Federal Contract Tower,6,16,60,0,82,0,0,168,0,168,6,16,228,0,250,26,16,42,292
07/14/2023,DTS,FL,ASO,ES,Federal Contract Tower,8,8,47,0,63,0,0,121,0,121,8,8,168,0,184,20,0,20,204
07/15/2023,DTS,FL,ASO,ES,Federal Contract Tower,10,26,65,0,101,0,0,148,0,148,10,26,213,0,249,56,0,56,305
07/16/2023,DTS,FL,ASO,ES,Federal Contract Tower,8,14,82,0,104,0,0,270,0,270,8,14,352,0,374,19,0,19,393
07/17/2023,DTS,FL,ASO,ES,Federal Contract Tower,10,19,33,0,62,0,0,255,0,255,10,19,288,0,317,44,0,44,361
07/18/2023,DTS,FL,ASO,ES,Federal Contract Tower,0,12,48,0,60,0,0,292,0,292,0,12,340,0,352,68,0,68,420
07/19/2023,DTS,FL,ASO,ES,Federal Contract Tower,0,10,80,0,90,0,0,335,2,337,0,10,415,2,427,68,6,74,501
07/20/2023,DTS,FL,ASO,ES,Federal Contract Tower,8,12,59,1,80,0,0,329,11,340,8,12,388,12,420,88,28,116,536
07/21/2023,DTS,FL,ASO,ES,Federal Contract Tower,8,22,74,0,104,0,0,247,1,248,8,22,321,1,352,22,0,22,374
07/22/2023,DTS,FL,ASO,ES,Federal Contract Tower,8,17,77,0,102,0,1,176,0,177,8,18,253,0,279,4,0,4,283
07/23/2023,DTS,FL,ASO,ES,Federal Contract Tower,8,18,79,0,105,0,0,202,0,202,8,18,281,0,307,36,16,52,359
07/24/2023,DTS,FL,ASO,ES,Federal Contract Tower,8,14,47,0,69,0,0,230,3,233,8,14,277,3,302,84,20,104,406
07/25/2023,DTS,FL,ASO,ES,Federal Contract Tower,0,14,62,0,76,0,0,187,0,187,0,14,249,0,263,136,12,148,411
07/26/2023,DTS,FL,ASO,ES,Federal Contract Tower,0,3,49,0,52,0,2,303,0,305,0,5,352,0,357,64,4,68,425
07/27/2023,DTS,FL,ASO,ES,Federal Contract Tower,8,27,68,0,103,0,0,272,1,273,8,27,340,1,376,120,20,140,516
07/28/2023,DTS,FL,ASO,ES,Federal Contract Tower,8,15,74,2,99,0,0,279,0,279,8,15,353,2,378,146,2,148,526
07/29/2023,DTS,FL,ASO,ES,Federal Contract Tower,8,30,65,0,103,0,0,267,0,267,8,30,332,0,370,58,0,58,428
07/30/2023,DTS,FL,ASO,ES,Federal Contract Tower,8,10,73,0,91,0,0,246,0,246,8,10,319,0,337,56,0,56,393
07/31/2023,DTS,FL,ASO,ES,Federal Contract Tower,5,14,54,0,73,0,0,283,2,285,5,14,337,2,358,48,16,64,422
08/01/2023,DTS,FL,ASO,ES,Federal Contract Tower,0,17,52,0,69,0,0,310,1,311,0,17,362,1,380,38,0,38,418
08/02/2023,DTS,FL,ASO,ES,Federal Contract Tower,0,8,65,0,73,0,0,290,0,290,0,8,355,0,363,96,2,98,461
08/03/2023,DTS,FL,ASO,ES,Federal Contract Tower,8,14,58,0,80,0,0,304,0,304,8,14,362,0,384,82,16,98,482
08/04/2023,DTS,FL,ASO,ES,Federal Contract Tower,10,11,73,0,94,0,0,291,0,291,10,11,364,0,385,24,8,32,417
08/05/2023,DTS,FL,ASO,ES,Federal Contract Tower,8,13,52,0,73,0,0,66,0,66,8,13,118,0,139,28,0,28,167
08/06/2023,DTS,FL,ASO,ES,Federal Contract Tower,8,20,70,0,98,0,0,183,0,183,8,20,253,0,281,0,0,0,281
08/07/2023,DTS,FL,ASO,ES,Federal Contract Tower,9,10,70,0,89,0,0,217,4,221,9,10,287,4,310,68,10,78,388
08/08/2023,DTS,FL,ASO,ES,Federal Contract Tower,0,8,53,0,61,0,0,174,0,174,0,8,227,0,235,38,0,38,273
08/09/2023,DTS,FL,ASO,ES,Federal Contract Tower,0,8,55,0,63,0,0,214,1,215,0,8,269,1,278,22,0,22,300
08/10/2023,DTS,FL,ASO,ES,Federal Contract Tower,6,11,51,0,68,0,0,256,2,258,6,11,307,2,326,20,14,34,360
08/11/2023,DTS,FL,ASO,ES,Federal Contract Tower,9,10,58,0,77,0,0,257,0,257,9,10,315,0,334,20,0,20,354
08/12/2023,DTS,FL,ASO,ES,Federal Contract Tower,8,11,35,0,54,0,0,145,0,145,8,11,180,0,199,68,0,68,267
08/13/2023,DTS,FL,ASO,ES,Federal Contract Tower,7,21,44,0,72,0,0,271,0,271,7,21,315,0,343,20,0,20,363
08/14/2023,DTS,FL,ASO,ES,Federal Contract Tower,8,10,32,0,50,0,0,181,0,181,8,10,213,0,231,44,10,54,285
08/15/2023,DTS,FL,ASO,ES,Federal Contract Tower,0,4,23,0,27,0,0,147,0,147,0,4,170,0,174,12,0,12,186
08/16/2023,DTS,FL,ASO,ES,Federal Contract Tower,0,17,37,1,55,0,0,155,0,155,0,17,192,1,210,34,6,40,250
08/17/2023,DTS,FL,ASO,ES,Federal Contract Tower,8,20,59,3,90,0,0,190,0,190,8,20,249,3,280,62,0,62,342
08/18/2023,DTS,FL,ASO,ES,Federal Contract Tower,8,6,54,0,68,0,0,202,0,202,8,6,256,0,270,38,0,38,308
08/19/2023,DTS,FL,ASO,ES,Federal Contract Tower,8,5,42,2,57,0,0,188,0,188,8,5,230,2,245,66,2,68,313
08/20/2023,DTS,FL,ASO,ES,Federal Contract Tower,8,13,75,0,96,0,0,179,0,179,8,13,254,0,275,8,0,8,283
08/21/2023,DTS,FL,ASO,ES,Federal Contract Tower,8,11,24,0,43,0,0,137,0,137,8,11,161,0,180,10,0,10,190
08/22/2023,DTS,FL,ASO,ES,Federal Contract Tower,0,8,67,0,75,0,0,100,10,110,0,8,167,10,185,26,0,26,211
08/23/2023,DTS,FL,ASO,ES,Federal Contract Tower,0,11,31,0,42,0,0,128,1,129,0,11,159,1,171,82,0,82,253
08/24/2023,DTS,FL,ASO,ES,Federal Contract Tower,8,7,59,0,74,0,0,166,2,168,8,7,225,2,242,70,0,70,312
08/25/2023,DTS,FL,ASO,ES,Federal Contract Tower,7,20,54,0,81,0,0,180,0,180,7,20,234,0,261,78,0,78,339
08/26/2023,DTS,FL,ASO,ES,Federal Contract Tower,8,9,49,0,66,0,0,170,0,170,8,9,219,0,236,70,0,70,306
08/27/2023,DTS,FL,ASO,ES,Federal Contract Tower,8,21,65,0,94,0,0,158,3,161,8,21,223,3,255,82,30,112,367
08/28/2023,DTS,FL,ASO,ES,Federal Contract Tower,8,13,36,0,57,0,0,96,0,96,8,13,132,0,153,116,12,128,281
08/29/2023,DTS,FL,ASO,ES,Federal Contract Tower,0,7,21,0,28,0,0,23,1,24,0,7,44,1,52,8,0,8,60
08/30/2023,DTS,FL,ASO,ES,Federal Contract Tower,0,9,20,0,29,0,4,35,0,39,0,13,55,0,68,14,0,14,82
08/31/2023,DTS,FL,ASO,ES,Federal Contract Tower,8,29,69,0,106,0,0,107,0,107,8,29,176,0,213,86,0,86,299
