01/01/2000,DTW,MI,AGL,CE,Combined TRACON& Tower with Radar,571,272,48,2,893,11,0,109,1,121,582,272,157,3,1014,0,0,0,1014
01/02/2000,DTW,MI,AGL,CE,Combined TRACON& Tower with Radar,757,363,50,2,1172,33,8,0,0,41,790,371,50,2,1213,0,0,0,1213
01/03/2000,DTW,MI,AGL,CE,Combined TRACON& Tower with Radar,875,391,73,2,1341,62,0,7,0,69,937,391,80,2,1410,0,0,0,1410
01/04/2000,DTW,MI,AGL,CE,Combined TRACON& Tower with Radar,904,424,75,2,1405,37,0,29,0,66,941,424,104,2,1471,0,0,0,1471
01/05/2000,DTW,MI,AGL,CE,Combined TRACON& Tower with Radar,957,450,80,2,1489,0,0,112,0,112,957,450,192,2,1601,0,0,0,1601
01/06/2000,DTW,MI,AGL,CE,Combined TRACON& Tower with Radar,933,455,79,3,1470,0,10,168,1,179,933,465,247,4,1649,0,0,0,1649
01/07/2000,DTW,MI,AGL,CE,Combined TRACON& Tower with Radar,930,451,78,3,1462,0,7,117,5,129,930,458,195,8,1591,0,0,0,1591
01/08/2000,DTW,MI,AGL,CE,Combined TRACON& Tower with Radar,759,358,64,2,1183,16,0,128,0,144,775,358,192,2,1327,0,0,0,1327
01/09/2000,DTW,MI,AGL,CE,Combined TRACON& Tower with Radar,783,375,65,1,1224,42,3,18,0,63,825,378,83,1,1287,0,0,0,1287
01/10/2000,DTW,MI,AGL,CE,Combined TRACON& Tower with Radar,917,427,75,4,1423,6,0,41,3,50,923,427,116,7,1473,0,0,0,1473
01/11/2000,DTW,MI,AGL,CE,Combined TRACON& Tower with Radar,911,415,75,0,1401,9,0,99,0,108,920,415,174,0,1509,0,0,0,1509
01/12/2000,DTW,MI,AGL,CE,Combined TRACON& Tower with Radar,933,466,82,4,1485,0,0,191,4,195,933,466,273,8,1680,0,0,0,1680
01/13/2000,DTW,MI,AGL,CE,Combined TRACON& Tower with Radar,875,425,74,2,1376,0,0,84,0,84,875,425,158,2,1460,0,0,0,1460
01/14/2000,DTW,MI,AGL,CE,Combined TRACON& Tower with Radar,933,465,81,4,1483,0,0,203,8,211,933,465,284,12,1694,0,0,0,1694
01/15/2000,DTW,MI,AGL,CE,Combined TRACON& Tower with Radar,768,358,64,3,1193,0,0,182,0,182,768,358,246,3,1375,0,0,0,1375
01/16/2000,DTW,MI,AGL,CE,Combined TRACON& Tower with Radar,797,381,65,1,1244,24,7,34,0,65,821,388,99,1,1309,0,0,0,1309
01/17/2000,DTW,MI,AGL,CE,Combined TRACON& Tower with Radar,917,431,76,3,1427,6,0,69,0,75,923,431,145,3,1502,0,0,0,1502
01/18/2000,DTW,MI,AGL,CE,Combined TRACON& Tower with Radar,910,434,52,2,1398,14,12,0,0,26,924,446,52,2,1424,0,0,0,1424
01/19/2000,DTW,MI,AGL,CE,Combined TRACON& Tower with Radar,917,413,76,4,1410,0,0,103,5,108,917,413,179,9,1518,0,0,0,1518
01/20/2000,DTW,MI,AGL,CE,Combined TRACON& Tower with Radar,881,421,73,2,1377,0,6,136,0,142,881,427,209,2,1519,0,0,0,1519
01/21/2000,DTW,MI,AGL,CE,Combined TRACON& Tower with Radar,944,454,78,4,1480,0,3,165,1,169,944,457,243,5,1649,0,0,0,1649
01/22/2000,DTW,MI,AGL,CE,Combined TRACON& Tower with Radar,728,345,60,3,1136,37,0,51,0,88,765,345,111,3,1224,0,0,0,1224
01/23/2000,DTW,MI,AGL,CE,Combined TRACON& Tower with Radar,776,371,56,2,1205,28,20,0,0,48,804,391,56,2,1253,0,0,0,1253
01/24/2000,DTW,MI,AGL,CE,Combined TRACON& Tower with Radar,941,457,79,4,1481,0,7,72,0,79,941,464,151,4,1560,0,0,0,1560
01/25/2000,DTW,MI,AGL,CE,Combined TRACON& Tower with Radar,745,381,65,1,1192,0,45,20,0,65,745,426,85,1,1257,0,0,0,1257
01/26/2000,DTW,MI,AGL,CE,Combined TRACON& Tower with Radar,890,444,76,2,1412,0,10,130,0,140,890,454,206,2,1552,0,0,0,1552
01/27/2000,DTW,MI,AGL,CE,Combined TRACON& Tower with Radar,906,461,80,3,1450,0,6,196,1,203,906,467,276,4,1653,0,0,0,1653
01/28/2000,DTW,MI,AGL,CE,Combined TRACON& Tower with Radar,936,456,78,1,1471,0,7,178,0,185,936,463,256,1,1656,0,0,0,1656
01/29/2000,DTW,MI,AGL,CE,Combined TRACON& Tower with Radar,758,342,63,1,1164,12,0,149,0,161,770,342,212,1,1325,0,0,0,1325
01/30/2000,DTW,MI,AGL,CE,Combined TRACON& Tower with Radar,735,352,52,0,1139,32,9,0,0,41,767,361,52,0,1180,0,0,0,1180
01/31/2000,DTW,MI,AGL,CE,Combined TRACON& Tower with Radar,904,443,76,2,1425,0,11,70,0,81,904,454,146,2,1506,0,0,0,1506
02/01/2000,DTW,MI,AGL,CE,Combined TRACON& Tower with Radar,948,453,88,0,1489,0,14,80,0,94,948,467,168,0,1583,0,0,0,1583
02/02/2000,DTW,MI,AGL,CE,Combined TRACON& Tower with Radar,944,466,91,3,1504,0,8,136,3,147,944,474,227,6,1651,0,0,0,1651
02/03/2000,DTW,MI,AGL,CE,Combined TRACON& Tower with Radar,913,433,84,1,1431,17,14,19,0,50,930,447,103,1,1481,0,0,0,1481
02/04/2000,DTW,MI,AGL,CE,Combined TRACON& Tower with Radar,945,449,87,1,1482,2,16,18,0,36,947,465,105,1,1518,0,0,0,1518
02/05/2000,DTW,MI,AGL,CE,Combined TRACON& Tower with Radar,785,362,73,2,1222,30,0,83,0,113,815,362,156,2,1335,0,0,0,1335
02/06/2000,DTW,MI,AGL,CE,Combined TRACON& Tower with Radar,819,388,76,0,1283,8,11,100,0,119,827,399,176,0,1402,0,0,0,1402
02/07/2000,DTW,MI,AGL,CE,Combined TRACON& Tower with Radar,932,443,86,1,1462,0,15,105,0,120,932,458,191,1,1582,0,0,0,1582
02/08/2000,DTW,MI,AGL,CE,Combined TRACON& Tower with Radar,943,454,89,0,1486,0,0,88,0,88,943,454,177,0,1574,0,0,0,1574
02/09/2000,DTW,MI,AGL,CE,Combined TRACON& Tower with Radar,945,458,90,1,1494,0,9,106,0,115,945,467,196,1,1609,0,0,0,1609
02/10/2000,DTW,MI,AGL,CE,Combined TRACON& Tower with Radar,817,360,76,1,1254,27,0,84,0,111,844,360,160,1,1365,0,0,0,1365
02/11/2000,DTW,MI,AGL,CE,Combined TRACON& Tower with Radar,944,456,89,3,1492,0,6,147,0,153,944,462,236,3,1645,0,0,0,1645
02/12/2000,DTW,MI,AGL,CE,Combined TRACON& Tower with Radar,797,367,74,2,1240,0,0,148,3,151,797,367,222,5,1391,0,0,0,1391
02/13/2000,DTW,MI,AGL,CE,Combined TRACON& Tower with Radar,758,341,70,1,1170,70,0,11,0,81,828,341,81,1,1251,0,0,0,1251
02/14/2000,DTW,MI,AGL,CE,Combined TRACON& Tower with Radar,924,425,85,3,1437,10,0,24,1,35,934,425,109,4,1472,0,0,0,1472
02/15/2000,DTW,MI,AGL,CE,Combined TRACON& Tower with Radar,926,443,87,2,1458,0,5,77,0,82,926,448,164,2,1540,0,0,0,1540
02/16/2000,DTW,MI,AGL,CE,Combined TRACON& Tower with Radar,914,443,86,2,1445,0,28,87,0,115,914,471,173,2,1560,0,0,0,1560
02/17/2000,DTW,MI,AGL,CE,Combined TRACON& Tower with Radar,942,452,88,4,1486,0,0,142,3,145,942,452,230,7,1631,0,0,0,1631
02/18/2000,DTW,MI,AGL,CE,Combined TRACON& Tower with Radar,596,225,52,2,875,61,0,0,6,67,657,225,52,8,942,0,0,0,942
02/19/2000,DTW,MI,AGL,CE,Combined TRACON& Tower with Radar,788,359,72,3,1222,37,0,83,1,121,825,359,155,4,1343,0,0,0,1343
02/20/2000,DTW,MI,AGL,CE,Combined TRACON& Tower with Radar,843,398,77,3,1321,17,20,18,0,55,860,418,95,3,1376,0,0,0,1376
02/21/2000,DTW,MI,AGL,CE,Combined TRACON& Tower with Radar,941,462,89,4,1496,0,10,83,2,95,941,472,172,6,1591,0,0,0,1591
02/22/2000,DTW,MI,AGL,CE,Combined TRACON& Tower with Radar,944,457,88,4,1493,0,18,57,0,75,944,475,145,4,1568,0,0,0,1568
02/23/2000,DTW,MI,AGL,CE,Combined TRACON& Tower with Radar,957,465,90,2,1514,0,6,149,0,155,957,471,239,2,1669,0,0,0,1669
02/24/2000,DTW,MI,AGL,CE,Combined TRACON& Tower with Radar,960,456,90,3,1509,0,0,120,2,122,960,456,210,5,1631,0,0,0,1631
02/25/2000,DTW,MI,AGL,CE,Combined TRACON& Tower with Radar,957,443,87,0,1487,8,0,84,0,92,965,443,171,0,1579,0,0,0,1579
02/26/2000,DTW,MI,AGL,CE,Combined TRACON& Tower with Radar,804,367,43,2,1216,41,0,0,3,44,845,367,43,5,1260,161,0,161,1421
02/27/2000,DTW,MI,AGL,CE,Combined TRACON& Tower with Radar,830,394,76,2,1302,16,15,38,1,70,846,409,114,3,1372,0,0,0,1372
02/28/2000,DTW,MI,AGL,CE,Combined TRACON& Tower with Radar,945,465,90,3,1503,0,0,92,4,96,945,465,182,7,1599,0,0,0,1599
02/29/2000,DTW,MI,AGL,CE,Combined TRACON& Tower with Radar,970,473,92,1,1536,0,0,212,0,212,970,473,304,1,1748,0,0,0,1748
03/01/2000,DTW,MI,AGL,CE,Combined TRACON& Tower with Radar,901,435,91,3,1430,19,0,54,0,73,920,435,145,3,1503,0,0,0,1503
03/02/2000,DTW,MI,AGL,CE,Combined TRACON& Tower with Radar,950,460,96,3,1509,4,0,124,0,128,954,460,220,3,1637,0,0,0,1637
03/03/2000,DTW,MI,AGL,CE,Combined TRACON& Tower with Radar,952,481,98,2,1533,0,2,184,0,186,952,483,282,2,1719,0,0,0,1719
03/04/2000,DTW,MI,AGL,CE,Combined TRACON& Tower with Radar,825,382,83,3,1293,8,0,193,2,203,833,382,276,5,1496,0,0,0,1496
03/05/2000,DTW,MI,AGL,CE,Combined TRACON& Tower with Radar,848,413,86,3,1350,8,0,71,0,79,856,413,157,3,1429,0,0,0,1429
03/06/2000,DTW,MI,AGL,CE,Combined TRACON& Tower with Radar,935,478,98,2,1513,0,8,74,0,82,935,486,172,2,1595,0,0,0,1595
03/07/2000,DTW,MI,AGL,CE,Combined TRACON& Tower with Radar,930,473,99,4,1506,0,0,119,8,127,930,473,218,12,1633,0,0,0,1633
03/08/2000,DTW,MI,AGL,CE,Combined TRACON& Tower with Radar,944,471,97,4,1516,0,0,113,7,120,944,471,210,11,1636,0,0,0,1636
03/09/2000,DTW,MI,AGL,CE,Combined TRACON& Tower with Radar,966,469,98,4,1537,0,0,111,8,119,966,469,209,12,1656,0,0,0,1656
03/10/2000,DTW,MI,AGL,CE,Combined TRACON& Tower with Radar,920,453,93,3,1469,13,17,75,0,105,933,470,168,3,1574,0,0,0,1574
03/11/2000,DTW,MI,AGL,CE,Combined TRACON& Tower with Radar,766,360,78,1,1205,59,0,43,0,102,825,360,121,1,1307,0,0,0,1307
03/12/2000,DTW,MI,AGL,CE,Combined TRACON& Tower with Radar,858,408,87,4,1357,28,0,52,0,80,886,408,139,4,1437,0,0,0,1437
03/13/2000,DTW,MI,AGL,CE,Combined TRACON& Tower with Radar,935,461,55,3,1454,22,18,0,0,40,957,479,55,3,1494,0,0,0,1494
03/14/2000,DTW,MI,AGL,CE,Combined TRACON& Tower with Radar,958,480,98,4,1540,0,4,127,1,132,958,484,225,5,1672,0,0,0,1672
03/15/2000,DTW,MI,AGL,CE,Combined TRACON& Tower with Radar,911,462,95,3,1471,0,9,140,0,149,911,471,235,3,1620,0,0,0,1620
03/16/2000,DTW,MI,AGL,CE,Combined TRACON& Tower with Radar,970,467,97,5,1539,2,0,139,6,147,972,467,236,11,1686,0,0,0,1686
03/17/2000,DTW,MI,AGL,CE,Combined TRACON& Tower with Radar,949,475,96,5,1525,0,4,163,1,168,949,479,259,6,1693,0,0,0,1693
03/18/2000,DTW,MI,AGL,CE,Combined TRACON& Tower with Radar,800,379,80,3,1262,3,0,138,0,141,803,379,218,3,1403,0,0,0,1403
03/19/2000,DTW,MI,AGL,CE,Combined TRACON& Tower with Radar,789,387,79,3,1258,30,13,5,0,48,819,400,84,3,1306,0,0,0,1306
03/20/2000,DTW,MI,AGL,CE,Combined TRACON& Tower with Radar,913,449,91,5,1458,5,21,37,0,63,918,470,128,5,1521,0,0,0,1521
03/21/2000,DTW,MI,AGL,CE,Combined TRACON& Tower with Radar,900,442,90,3,1435,7,18,16,0,41,907,460,106,3,1476,0,0,0,1476
03/22/2000,DTW,MI,AGL,CE,Combined TRACON& Tower with Radar,993,477,99,5,1574,4,0,144,3,151,997,477,243,8,1725,0,0,0,1725
03/23/2000,DTW,MI,AGL,CE,Combined TRACON& Tower with Radar,954,482,98,3,1537,0,12,93,0,105,954,494,191,3,1642,0,0,0,1642
03/24/2000,DTW,MI,AGL,CE,Combined TRACON& Tower with Radar,969,477,97,5,1548,0,17,220,0,237,969,494,317,5,1785,0,0,0,1785
03/25/2000,DTW,MI,AGL,CE,Combined TRACON& Tower with Radar,764,362,76,3,1205,54,0,114,0,168,818,362,190,3,1373,0,0,0,1373
03/26/2000,DTW,MI,AGL,CE,Combined TRACON& Tower with Radar,844,415,84,2,1345,7,6,105,0,118,851,421,189,2,1463,0,0,0,1463
03/27/2000,DTW,MI,AGL,CE,Combined TRACON& Tower with Radar,929,457,82,1,1469,13,12,0,0,25,942,469,82,1,1494,10,0,10,1504
03/28/2000,DTW,MI,AGL,CE,Combined TRACON& Tower with Radar,920,452,92,1,1465,0,8,56,0,64,920,460,148,1,1529,0,0,0,1529
03/29/2000,DTW,MI,AGL,CE,Combined TRACON& Tower with Radar,942,470,95,3,1510,0,5,183,0,188,942,475,278,3,1698,0,0,0,1698
03/30/2000,DTW,MI,AGL,CE,Combined TRACON& Tower with Radar,939,462,96,1,1498,0,0,160,0,160,939,462,256,1,1658,0,0,0,1658
03/31/2000,DTW,MI,AGL,CE,Combined TRACON& Tower with Radar,948,479,99,2,1528,0,0,229,0,229,948,479,328,2,1757,0,0,0,1757
04/01/2000,DTW,MI,AGL,CE,Combined TRACON& Tower with Radar,808,368,84,3,1263,26,0,132,1,159,834,368,216,4,1422,0,0,0,1422
04/02/2000,DTW,MI,AGL,CE,Combined TRACON& Tower with Radar,820,404,85,2,1311,48,0,42,0,90,868,404,127,2,1401,0,0,0,1401
04/03/2000,DTW,MI,AGL,CE,Combined TRACON& Tower with Radar,942,469,97,4,1512,2,25,1,0,28,944,494,98,4,1540,0,0,0,1540
04/04/2000,DTW,MI,AGL,CE,Combined TRACON& Tower with Radar,940,468,97,4,1509,2,24,14,0,40,942,492,111,4,1549,0,0,0,1549
04/05/2000,DTW,MI,AGL,CE,Combined TRACON& Tower with Radar,935,483,101,4,1523,0,16,119,6,141,935,499,220,10,1664,0,0,0,1664
04/06/2000,DTW,MI,AGL,CE,Combined TRACON& Tower with Radar,947,478,99,4,1528,0,16,116,0,132,947,494,215,4,1660,0,0,0,1660
04/07/2000,DTW,MI,AGL,CE,Combined TRACON& Tower with Radar,947,478,99,4,1528,0,16,72,0,88,947,494,171,4,1616,0,0,0,1616
04/08/2000,DTW,MI,AGL,CE,Combined TRACON& Tower with Radar,751,358,78,0,1187,55,0,32,0,87,806,358,110,0,1274,0,0,0,1274
04/09/2000,DTW,MI,AGL,CE,Combined TRACON& Tower with Radar,837,417,86,4,1344,14,8,8,1,31,851,425,94,5,1375,0,0,0,1375
04/10/2000,DTW,MI,AGL,CE,Combined TRACON& Tower with Radar,952,488,101,4,1545,0,5,110,0,115,952,493,211,4,1660,0,0,0,1660
04/11/2000,DTW,MI,AGL,CE,Combined TRACON& Tower with Radar,941,469,96,3,1509,7,15,0,0,22,948,484,96,3,1531,0,0,0,1531
04/12/2000,DTW,MI,AGL,CE,Combined TRACON& Tower with Radar,942,492,102,5,1541,0,3,183,5,191,942,495,285,10,1732,0,0,0,1732
04/13/2000,DTW,MI,AGL,CE,Combined TRACON& Tower with Radar,984,508,104,4,1600,0,1,186,0,187,984,509,290,4,1787,0,0,0,1787
04/14/2000,DTW,MI,AGL,CE,Combined TRACON& Tower with Radar,952,480,100,5,1537,0,0,178,0,178,952,480,278,5,1715,0,0,0,1715
04/15/2000,DTW,MI,AGL,CE,Combined TRACON& Tower with Radar,793,373,81,3,1250,6,0,160,0,166,799,373,241,3,1416,0,0,0,1416
04/16/2000,DTW,MI,AGL,CE,Combined TRACON& Tower with Radar,841,418,86,1,1346,11,7,79,0,97,852,425,165,1,1443,0,0,0,1443
04/17/2000,DTW,MI,AGL,CE,Combined TRACON& Tower with Radar,939,466,96,1,1502,1,27,68,0,96,940,493,164,1,1598,0,0,0,1598
04/18/2000,DTW,MI,AGL,CE,Combined TRACON& Tower with Radar,962,490,101,2,1555,0,5,126,0,131,962,495,227,2,1686,0,0,0,1686
04/19/2000,DTW,MI,AGL,CE,Combined TRACON& Tower with Radar,940,475,97,4,1516,0,14,88,0,102,940,489,185,4,1618,0,0,0,1618
04/20/2000,DTW,MI,AGL,CE,Combined TRACON& Tower with Radar,558,193,44,3,798,110,0,0,2,112,668,193,44,5,910,0,0,0,910
04/21/2000,DTW,MI,AGL,CE,Combined TRACON& Tower with Radar,882,438,90,5,1415,22,16,38,1,77,904,454,128,6,1492,0,0,0,1492
04/22/2000,DTW,MI,AGL,CE,Combined TRACON& Tower with Radar,775,385,79,3,1242,35,3,67,0,105,810,388,146,3,1347,0,0,0,1347
04/23/2000,DTW,MI,AGL,CE,Combined TRACON& Tower with Radar,816,401,84,1,1302,44,0,46,0,90,860,401,130,1,1392,0,0,0,1392
04/24/2000,DTW,MI,AGL,CE,Combined TRACON& Tower with Radar,953,476,98,1,1528,0,4,66,0,70,953,480,164,1,1598,0,0,0,1598
04/25/2000,DTW,MI,AGL,CE,Combined TRACON& Tower with Radar,945,480,98,4,1527,0,6,100,2,108,945,486,198,6,1635,0,0,0,1635
04/26/2000,DTW,MI,AGL,CE,Combined TRACON& Tower with Radar,938,489,100,4,1531,0,0,200,4,204,938,489,300,8,1735,0,0,0,1735
04/27/2000,DTW,MI,AGL,CE,Combined TRACON& Tower with Radar,972,498,103,4,1577,0,3,153,0,156,972,501,256,4,1733,0,0,0,1733
04/28/2000,DTW,MI,AGL,CE,Combined TRACON& Tower with Radar,956,494,102,4,1556,0,4,187,4,195,956,498,289,8,1751,0,0,0,1751
04/29/2000,DTW,MI,AGL,CE,Combined TRACON& Tower with Radar,798,373,83,2,1256,0,0,162,0,162,798,373,245,2,1418,0,0,0,1418
04/30/2000,DTW,MI,AGL,CE,Combined TRACON& Tower with Radar,877,418,89,4,1388,4,0,113,3,120,881,418,202,7,1508,0,0,0,1508
05/01/2000,DTW,MI,AGL,CE,Combined TRACON& Tower with Radar,951,465,107,3,1526,1,25,29,0,55,952,490,136,3,1581,0,0,0,1581
05/02/2000,DTW,MI,AGL,CE,Combined TRACON& Tower with Radar,968,481,110,1,1560,0,13,95,0,108,968,494,205,1,1668,0,0,0,1668
05/03/2000,DTW,MI,AGL,CE,Combined TRACON& Tower with Radar,958,490,113,5,1566,0,14,150,6,170,958,504,263,11,1736,0,0,0,1736
05/04/2000,DTW,MI,AGL,CE,Combined TRACON& Tower with Radar,965,483,111,5,1564,0,14,131,5,150,965,497,242,10,1714,0,0,0,1714
05/05/2000,DTW,MI,AGL,CE,Combined TRACON& Tower with Radar,947,473,108,5,1533,0,6,144,2,152,947,479,252,7,1685,0,0,0,1685
05/06/2000,DTW,MI,AGL,CE,Combined TRACON& Tower with Radar,780,374,88,4,1246,28,0,123,1,152,808,374,211,5,1398,0,0,0,1398
05/07/2000,DTW,MI,AGL,CE,Combined TRACON& Tower with Radar,833,408,93,2,1336,30,4,58,0,92,863,412,151,2,1428,0,0,0,1428
05/08/2000,DTW,MI,AGL,CE,Combined TRACON& Tower with Radar,941,459,106,3,1509,3,18,33,0,54,944,477,139,3,1563,0,0,0,1563
05/09/2000,DTW,MI,AGL,CE,Combined TRACON& Tower with Radar,834,401,94,2,1331,29,0,67,0,96,863,401,161,2,1427,0,0,0,1427
05/10/2000,DTW,MI,AGL,CE,Combined TRACON& Tower with Radar,909,461,106,3,1479,0,24,173,0,197,909,485,279,3,1676,0,0,0,1676
05/11/2000,DTW,MI,AGL,CE,Combined TRACON& Tower with Radar,950,457,108,5,1520,0,0,139,4,143,950,457,247,9,1663,0,0,0,1663
05/12/2000,DTW,MI,AGL,CE,Combined TRACON& Tower with Radar,906,435,103,2,1446,36,0,66,0,102,942,435,169,2,1548,0,0,0,1548
05/13/2000,DTW,MI,AGL,CE,Combined TRACON& Tower with Radar,749,360,84,3,1196,46,0,101,0,147,795,360,185,3,1343,0,0,0,1343
05/14/2000,DTW,MI,AGL,CE,Combined TRACON& Tower with Radar,806,394,90,3,1293,43,0,63,0,106,849,394,153,3,1399,0,0,0,1399
05/15/2000,DTW,MI,AGL,CE,Combined TRACON& Tower with Radar,946,463,108,6,1523,0,0,107,4,111,946,463,215,10,1634,0,0,0,1634
05/16/2000,DTW,MI,AGL,CE,Combined TRACON& Tower with Radar,952,471,107,3,1533,0,13,39,0,52,952,484,146,3,1585,0,0,0,1585
05/17/2000,DTW,MI,AGL,CE,Combined TRACON& Tower with Radar,954,467,107,6,1534,0,0,140,2,142,954,467,247,8,1676,0,0,0,1676
05/18/2000,DTW,MI,AGL,CE,Combined TRACON& Tower with Radar,561,248,62,4,875,11,0,43,0,54,572,248,105,4,929,0,0,0,929
05/19/2000,DTW,MI,AGL,CE,Combined TRACON& Tower with Radar,921,452,103,6,1482,0,5,52,1,58,921,457,155,7,1540,0,0,0,1540
05/20/2000,DTW,MI,AGL,CE,Combined TRACON& Tower with Radar,783,371,87,2,1243,10,0,100,0,110,793,371,187,2,1353,0,0,0,1353
05/21/2000,DTW,MI,AGL,CE,Combined TRACON& Tower with Radar,845,396,94,5,1340,3,0,96,5,104,848,396,190,10,1444,0,0,0,1444
05/22/2000,DTW,MI,AGL,CE,Combined TRACON& Tower with Radar,926,459,104,6,1495,0,4,69,0,73,926,463,173,6,1568,0,0,0,1568
05/23/2000,DTW,MI,AGL,CE,Combined TRACON& Tower with Radar,948,468,106,5,1527,0,0,70,0,70,948,468,176,5,1597,0,0,0,1597
05/24/2000,DTW,MI,AGL,CE,Combined TRACON& Tower with Radar,930,473,108,2,1513,0,12,150,0,162,930,485,258,2,1675,0,0,0,1675
05/25/2000,DTW,MI,AGL,CE,Combined TRACON& Tower with Radar,958,480,110,5,1553,0,0,211,3,214,958,480,321,8,1767,0,0,0,1767
05/26/2000,DTW,MI,AGL,CE,Combined TRACON& Tower with Radar,976,470,111,2,1559,0,0,178,0,178,976,470,289,2,1737,0,0,0,1737
05/27/2000,DTW,MI,AGL,CE,Combined TRACON& Tower with Radar,741,361,82,2,1186,50,6,91,0,147,791,367,173,2,1333,0,0,0,1333
05/28/2000,DTW,MI,AGL,CE,Combined TRACON& Tower with Radar,719,339,69,0,1127,71,0,0,0,71,790,339,69,0,1198,0,0,0,1198
05/29/2000,DTW,MI,AGL,CE,Combined TRACON& Tower with Radar,859,420,95,4,1378,10,0,132,0,142,869,420,227,4,1520,0,0,0,1520
05/30/2000,DTW,MI,AGL,CE,Combined TRACON& Tower with Radar,946,467,107,5,1525,0,0,102,2,104,946,467,209,7,1629,0,0,0,1629
05/31/2000,DTW,MI,AGL,CE,Combined TRACON& Tower with Radar,954,467,108,5,1534,0,0,133,3,136,954,467,241,8,1670,0,0,0,1670
06/01/2000,DTW,MI,AGL,CE,Combined TRACON& Tower with Radar,946,453,119,2,1520,18,4,128,0,150,964,457,247,2,1670,0,0,0,1670
06/02/2000,DTW,MI,AGL,CE,Combined TRACON& Tower with Radar,883,397,111,4,1395,18,0,150,1,169,901,397,261,5,1564,0,0,0,1564
06/03/2000,DTW,MI,AGL,CE,Combined TRACON& Tower with Radar,814,250,102,4,1170,86,0,163,6,255,900,250,265,10,1425,0,0,0,1425
06/04/2000,DTW,MI,AGL,CE,Combined TRACON& Tower with Radar,831,382,104,4,1321,12,0,101,0,113,843,382,205,4,1434,0,0,0,1434
06/05/2000,DTW,MI,AGL,CE,Combined TRACON& Tower with Radar,939,450,117,1,1507,9,23,37,0,69,948,473,154,1,1576,0,0,0,1576
06/06/2000,DTW,MI,AGL,CE,Combined TRACON& Tower with Radar,959,459,121,4,1543,35,21,95,1,152,994,480,216,5,1695,0,0,0,1695
06/07/2000,DTW,MI,AGL,CE,Combined TRACON& Tower with Radar,952,473,124,3,1552,0,5,195,0,200,952,478,319,3,1752,0,0,0,1752
06/08/2000,DTW,MI,AGL,CE,Combined TRACON& Tower with Radar,984,475,127,5,1591,0,0,137,3,140,984,475,264,8,1731,0,0,0,1731
06/09/2000,DTW,MI,AGL,CE,Combined TRACON& Tower with Radar,977,471,124,5,1577,0,0,162,6,168,977,471,286,11,1745,0,0,0,1745
06/10/2000,DTW,MI,AGL,CE,Combined TRACON& Tower with Radar,827,374,104,4,1309,0,0,132,0,132,827,374,236,4,1441,0,0,0,1441
06/11/2000,DTW,MI,AGL,CE,Combined TRACON& Tower with Radar,779,349,97,5,1230,56,0,31,1,88,835,349,128,6,1318,0,0,0,1318
06/12/2000,DTW,MI,AGL,CE,Combined TRACON& Tower with Radar,929,446,111,2,1488,0,46,0,0,46,929,492,111,2,1534,0,0,0,1534
06/13/2000,DTW,MI,AGL,CE,Combined TRACON& Tower with Radar,897,430,111,5,1443,6,21,5,1,33,903,451,116,6,1476,0,0,0,1476
06/14/2000,DTW,MI,AGL,CE,Combined TRACON& Tower with Radar,800,351,99,5,1255,12,0,98,5,115,812,351,197,10,1370,0,0,0,1370
06/15/2000,DTW,MI,AGL,CE,Combined TRACON& Tower with Radar,910,450,117,5,1482,0,9,147,0,156,910,459,264,5,1638,0,0,0,1638
06/16/2000,DTW,MI,AGL,CE,Combined TRACON& Tower with Radar,855,413,107,5,1380,0,17,97,0,114,855,430,204,5,1494,0,0,0,1494
06/17/2000,DTW,MI,AGL,CE,Combined TRACON& Tower with Radar,834,387,103,0,1324,18,0,142,0,160,852,387,245,0,1484,0,0,0,1484
06/18/2000,DTW,MI,AGL,CE,Combined TRACON& Tower with Radar,813,387,101,2,1303,44,3,19,0,66,857,390,120,2,1369,0,0,0,1369
06/19/2000,DTW,MI,AGL,CE,Combined TRACON& Tower with Radar,946,462,121,2,1531,0,11,120,0,131,946,473,241,2,1662,0,0,0,1662
06/20/2000,DTW,MI,AGL,CE,Combined TRACON& Tower with Radar,955,457,119,3,1534,0,17,45,0,62,955,474,164,3,1596,0,0,0,1596
06/21/2000,DTW,MI,AGL,CE,Combined TRACON& Tower with Radar,924,452,118,0,1494,0,25,74,0,99,924,477,192,0,1593,0,0,0,1593
06/22/2000,DTW,MI,AGL,CE,Combined TRACON& Tower with Radar,975,481,125,6,1587,0,2,100,1,103,975,483,225,7,1690,0,0,0,1690
06/23/2000,DTW,MI,AGL,CE,Combined TRACON& Tower with Radar,966,484,125,5,1580,0,27,108,0,135,966,511,233,5,1715,0,0,0,1715
06/24/2000,DTW,MI,AGL,CE,Combined TRACON& Tower with Radar,796,381,79,4,1260,33,11,0,2,46,829,392,79,6,1306,0,0,0,1306
06/25/2000,DTW,MI,AGL,CE,Combined TRACON& Tower with Radar,670,296,83,3,1052,52,0,30,5,87,722,296,113,8,1139,0,0,0,1139
06/26/2000,DTW,MI,AGL,CE,Combined TRACON& Tower with Radar,952,456,118,2,1528,9,24,19,0,52,961,480,137,2,1580,0,0,0,1580
06/27/2000,DTW,MI,AGL,CE,Combined TRACON& Tower with Radar,963,468,121,4,1556,0,18,84,0,102,963,486,205,4,1658,0,0,0,1658
06/28/2000,DTW,MI,AGL,CE,Combined TRACON& Tower with Radar,982,490,127,5,1604,0,8,183,3,194,982,498,310,8,1798,0,0,0,1798
06/29/2000,DTW,MI,AGL,CE,Combined TRACON& Tower with Radar,944,464,121,4,1533,0,21,113,0,134,944,485,234,4,1667,0,0,0,1667
06/30/2000,DTW,MI,AGL,CE,Combined TRACON& Tower with Radar,993,482,125,2,1602,0,0,189,0,189,993,482,314,2,1791,0,0,0,1791
07/01/2000,DTW,MI,AGL,CE,Combined TRACON& Tower with Radar,841,388,93,1,1323,0,0,194,0,194,841,388,287,1,1517,0,0,0,1517
07/02/2000,DTW,MI,AGL,CE,Combined TRACON& Tower with Radar,822,398,89,2,1311,12,16,53,0,81,834,414,142,2,1392,0,0,0,1392
07/03/2000,DTW,MI,AGL,CE,Combined TRACON& Tower with Radar,847,410,92,3,1352,37,20,18,0,75,884,430,110,3,1427,0,0,0,1427
07/04/2000,DTW,MI,AGL,CE,Combined TRACON& Tower with Radar,804,389,87,4,1284,13,22,67,0,102,817,411,154,4,1386,0,0,0,1386
07/05/2000,DTW,MI,AGL,CE,Combined TRACON& Tower with Radar,931,460,103,5,1499,0,18,135,5,158,931,478,238,10,1657,0,0,0,1657
07/06/2000,DTW,MI,AGL,CE,Combined TRACON& Tower with Radar,973,472,106,0,1551,0,15,95,0,110,973,487,201,0,1661,0,0,0,1661
07/07/2000,DTW,MI,AGL,CE,Combined TRACON& Tower with Radar,979,479,107,4,1569,0,0,114,0,114,979,479,221,4,1683,0,0,0,1683
07/08/2000,DTW,MI,AGL,CE,Combined TRACON& Tower with Radar,820,395,89,4,1308,24,0,117,2,143,844,395,206,6,1451,0,0,0,1451
07/09/2000,DTW,MI,AGL,CE,Combined TRACON& Tower with Radar,829,401,85,1,1316,18,22,0,0,40,847,423,85,1,1356,0,0,0,1356
07/10/2000,DTW,MI,AGL,CE,Combined TRACON& Tower with Radar,954,462,103,5,1524,4,5,63,5,77,958,467,166,10,1601,0,0,0,1601
07/11/2000,DTW,MI,AGL,CE,Combined TRACON& Tower with Radar,976,489,109,6,1580,0,3,108,11,122,976,492,217,17,1702,0,0,0,1702
07/12/2000,DTW,MI,AGL,CE,Combined TRACON& Tower with Radar,969,491,109,5,1574,0,0,198,0,198,969,491,307,5,1772,0,0,0,1772
07/13/2000,DTW,MI,AGL,CE,Combined TRACON& Tower with Radar,979,474,107,5,1565,0,0,163,0,163,979,474,270,5,1728,0,0,0,1728
07/14/2000,DTW,MI,AGL,CE,Combined TRACON& Tower with Radar,1007,462,108,4,1581,5,0,147,0,152,1012,462,255,4,1733,0,0,0,1733
07/15/2000,DTW,MI,AGL,CE,Combined TRACON& Tower with Radar,839,340,90,3,1272,37,0,117,0,154,876,340,207,3,1426,0,0,0,1426
07/16/2000,DTW,MI,AGL,CE,Combined TRACON& Tower with Radar,815,400,89,2,1306,0,8,110,0,118,815,408,199,2,1424,0,0,0,1424
07/17/2000,DTW,MI,AGL,CE,Combined TRACON& Tower with Radar,960,468,105,5,1538,0,9,95,0,104,960,477,200,5,1642,0,0,0,1642
07/18/2000,DTW,MI,AGL,CE,Combined TRACON& Tower with Radar,974,479,107,2,1562,0,6,84,0,90,974,485,191,2,1652,0,0,0,1652
07/19/2000,DTW,MI,AGL,CE,Combined TRACON& Tower with Radar,991,499,111,6,1607,0,0,143,7,150,991,499,254,13,1757,0,0,0,1757
07/20/2000,DTW,MI,AGL,CE,Combined TRACON& Tower with Radar,989,486,108,6,1589,0,2,120,1,123,989,488,228,7,1712,0,0,0,1712
07/21/2000,DTW,MI,AGL,CE,Combined TRACON& Tower with Radar,976,471,105,5,1557,5,0,119,0,124,981,471,224,5,1681,0,0,0,1681
07/22/2000,DTW,MI,AGL,CE,Combined TRACON& Tower with Radar,845,386,91,3,1325,23,0,172,0,195,868,386,263,3,1520,0,0,0,1520
07/23/2000,DTW,MI,AGL,CE,Combined TRACON& Tower with Radar,859,414,92,3,1368,6,0,93,0,99,865,414,185,3,1467,0,0,0,1467
07/24/2000,DTW,MI,AGL,CE,Combined TRACON& Tower with Radar,945,471,105,6,1527,0,17,121,2,140,945,488,226,8,1667,0,0,0,1667
07/25/2000,DTW,MI,AGL,CE,Combined TRACON& Tower with Radar,987,484,107,3,1581,0,4,92,0,96,987,488,199,3,1677,0,0,0,1677
07/26/2000,DTW,MI,AGL,CE,Combined TRACON& Tower with Radar,933,472,105,6,1516,0,10,123,3,136,933,482,228,9,1652,0,0,0,1652
07/27/2000,DTW,MI,AGL,CE,Combined TRACON& Tower with Radar,978,489,109,6,1582,0,10,157,0,167,978,499,266,6,1749,0,0,0,1749
07/28/2000,DTW,MI,AGL,CE,Combined TRACON& Tower with Radar,721,288,77,5,1091,50,0,22,2,74,771,288,99,7,1165,0,0,0,1165
07/29/2000,DTW,MI,AGL,CE,Combined TRACON& Tower with Radar,730,324,75,4,1133,75,0,0,0,75,805,324,75,4,1208,0,0,0,1208
07/30/2000,DTW,MI,AGL,CE,Combined TRACON& Tower with Radar,810,385,52,4,1251,63,0,0,0,63,873,385,52,4,1314,0,0,0,1314
07/31/2000,DTW,MI,AGL,CE,Combined TRACON& Tower with Radar,935,452,101,1,1489,0,12,24,0,36,935,464,125,1,1525,0,0,0,1525
08/01/2000,DTW,MI,AGL,CE,Combined TRACON& Tower with Radar,935,461,106,5,1507,0,17,29,1,47,935,478,135,6,1554,0,0,0,1554
08/02/2000,DTW,MI,AGL,CE,Combined TRACON& Tower with Radar,814,397,91,4,1306,13,6,100,2,121,827,403,191,6,1427,0,0,0,1427
08/03/2000,DTW,MI,AGL,CE,Combined TRACON& Tower with Radar,979,486,112,6,1583,0,0,125,6,131,979,486,237,12,1714,0,0,0,1714
08/04/2000,DTW,MI,AGL,CE,Combined TRACON& Tower with Radar,970,485,111,6,1572,0,7,71,5,83,970,492,182,11,1655,0,0,0,1655
08/05/2000,DTW,MI,AGL,CE,Combined TRACON& Tower with Radar,827,382,92,5,1306,22,0,134,3,159,849,382,226,8,1465,0,0,0,1465
08/06/2000,DTW,MI,AGL,CE,Combined TRACON& Tower with Radar,809,390,48,4,1251,54,0,0,0,54,863,390,48,4,1305,0,0,0,1305
08/07/2000,DTW,MI,AGL,CE,Combined TRACON& Tower with Radar,956,467,106,5,1534,7,4,20,0,31,963,471,126,5,1565,0,0,0,1565
08/08/2000,DTW,MI,AGL,CE,Combined TRACON& Tower with Radar,961,469,107,2,1539,2,19,47,0,68,963,488,154,2,1607,0,0,0,1607
08/09/2000,DTW,MI,AGL,CE,Combined TRACON& Tower with Radar,960,473,108,1,1542,0,22,94,0,116,960,495,202,1,1658,0,0,0,1658
08/10/2000,DTW,MI,AGL,CE,Combined TRACON& Tower with Radar,1010,498,113,3,1624,0,0,137,0,137,1010,498,250,3,1761,0,0,0,1761
08/11/2000,DTW,MI,AGL,CE,Combined TRACON& Tower with Radar,952,477,109,3,1541,0,3,190,0,193,952,480,299,3,1734,0,0,0,1734
08/12/2000,DTW,MI,AGL,CE,Combined TRACON& Tower with Radar,838,392,93,6,1329,13,0,66,0,79,851,392,159,6,1408,0,0,0,1408
08/13/2000,DTW,MI,AGL,CE,Combined TRACON& Tower with Radar,831,401,92,6,1330,25,0,120,0,145,856,401,212,6,1475,0,0,0,1475
08/14/2000,DTW,MI,AGL,CE,Combined TRACON& Tower with Radar,944,465,106,2,1517,0,3,96,0,99,944,468,202,2,1616,0,0,0,1616
08/15/2000,DTW,MI,AGL,CE,Combined TRACON& Tower with Radar,938,463,106,5,1512,0,25,61,0,86,938,488,167,5,1598,0,0,0,1598
08/16/2000,DTW,MI,AGL,CE,Combined TRACON& Tower with Radar,974,481,110,6,1571,0,0,176,0,176,974,481,286,6,1747,0,0,0,1747
08/17/2000,DTW,MI,AGL,CE,Combined TRACON& Tower with Radar,956,468,107,6,1537,0,16,77,3,96,956,484,184,9,1633,0,0,0,1633
08/18/2000,DTW,MI,AGL,CE,Combined TRACON& Tower with Radar,968,471,108,6,1553,4,21,125,6,156,972,492,233,12,1709,0,0,0,1709
08/19/2000,DTW,MI,AGL,CE,Combined TRACON& Tower with Radar,793,386,88,5,1272,56,0,196,2,254,849,386,284,7,1526,0,0,0,1526
08/20/2000,DTW,MI,AGL,CE,Combined TRACON& Tower with Radar,851,409,94,6,1360,3,0,72,1,76,854,409,166,7,1436,0,0,0,1436
08/21/2000,DTW,MI,AGL,CE,Combined TRACON& Tower with Radar,964,474,108,6,1552,0,4,123,0,127,964,478,231,6,1679,0,0,0,1679
08/22/2000,DTW,MI,AGL,CE,Combined TRACON& Tower with Radar,957,474,109,5,1545,0,12,99,0,111,957,486,208,5,1656,0,0,0,1656
08/23/2000,DTW,MI,AGL,CE,Combined TRACON& Tower with Radar,964,480,109,2,1555,0,7,139,0,146,964,487,248,2,1701,0,0,0,1701
08/24/2000,DTW,MI,AGL,CE,Combined TRACON& Tower with Radar,984,489,111,5,1589,0,0,147,0,147,984,489,258,5,1736,0,0,0,1736
08/25/2000,DTW,MI,AGL,CE,Combined TRACON& Tower with Radar,957,479,109,6,1551,0,9,162,2,173,957,488,271,8,1724,0,0,0,1724
08/26/2000,DTW,MI,AGL,CE,Combined TRACON& Tower with Radar,809,381,90,5,1285,37,0,36,0,73,846,381,126,5,1358,0,0,0,1358
08/27/2000,DTW,MI,AGL,CE,Combined TRACON& Tower with Radar,817,396,91,3,1307,47,0,35,0,82,864,396,126,3,1389,0,0,0,1389
08/28/2000,DTW,MI,AGL,CE,Combined TRACON& Tower with Radar,954,465,106,4,1529,17,14,17,0,48,971,479,123,4,1577,0,0,0,1577
08/29/2000,DTW,MI,AGL,CE,Combined TRACON& Tower with Radar,963,473,107,5,1548,0,5,52,0,57,963,478,159,5,1605,0,0,0,1605
08/30/2000,DTW,MI,AGL,CE,Combined TRACON& Tower with Radar,971,483,110,5,1569,0,0,152,0,152,971,483,262,5,1721,0,0,0,1721
08/31/2000,DTW,MI,AGL,CE,Combined TRACON& Tower with Radar,977,462,109,6,1554,0,0,123,3,126,977,462,232,9,1680,0,0,0,1680
09/01/2000,DTW,MI,AGL,CE,Combined TRACON& Tower with Radar,970,476,101,6,1553,10,0,100,3,113,980,476,201,9,1666,0,0,0,1666
09/02/2000,DTW,MI,AGL,CE,Combined TRACON& Tower with Radar,721,350,75,1,1147,65,0,48,0,113,786,350,123,1,1260,0,0,0,1260
09/03/2000,DTW,MI,AGL,CE,Combined TRACON& Tower with Radar,716,348,68,2,1134,54,0,0,0,54,770,348,68,2,1188,0,0,0,1188
09/04/2000,DTW,MI,AGL,CE,Combined TRACON& Tower with Radar,836,419,86,3,1344,48,9,27,0,84,884,428,113,3,1428,0,0,0,1428
09/05/2000,DTW,MI,AGL,CE,Combined TRACON& Tower with Radar,961,488,103,6,1558,0,0,123,3,126,961,488,226,9,1684,0,0,0,1684
09/06/2000,DTW,MI,AGL,CE,Combined TRACON& Tower with Radar,956,500,103,6,1565,0,10,178,8,196,956,510,281,14,1761,0,0,0,1761
09/07/2000,DTW,MI,AGL,CE,Combined TRACON& Tower with Radar,974,498,105,6,1583,0,0,131,2,133,974,498,236,8,1716,0,0,0,1716
09/08/2000,DTW,MI,AGL,CE,Combined TRACON& Tower with Radar,964,483,100,4,1551,6,18,46,0,70,970,501,146,4,1621,0,0,0,1621
09/09/2000,DTW,MI,AGL,CE,Combined TRACON& Tower with Radar,757,378,78,1,1214,36,0,19,0,55,793,378,97,1,1269,0,0,0,1269
09/10/2000,DTW,MI,AGL,CE,Combined TRACON& Tower with Radar,749,361,77,3,1190,53,0,0,0,53,802,361,77,3,1243,0,0,0,1243
09/11/2000,DTW,MI,AGL,CE,Combined TRACON& Tower with Radar,686,336,58,4,1084,18,0,0,3,21,704,336,58,7,1105,0,0,0,1105
09/12/2000,DTW,MI,AGL,CE,Combined TRACON& Tower with Radar,960,482,99,7,1548,0,1,77,3,81,960,483,176,10,1629,0,0,0,1629
09/13/2000,DTW,MI,AGL,CE,Combined TRACON& Tower with Radar,965,503,105,7,1580,0,0,213,1,214,965,503,318,8,1794,0,0,0,1794
09/14/2000,DTW,MI,AGL,CE,Combined TRACON& Tower with Radar,967,486,100,7,1560,0,0,98,2,100,967,486,198,9,1660,0,0,0,1660
09/15/2000,DTW,MI,AGL,CE,Combined TRACON& Tower with Radar,931,467,95,1,1494,12,10,102,0,124,943,477,197,1,1618,0,0,0,1618
09/16/2000,DTW,MI,AGL,CE,Combined TRACON& Tower with Radar,768,383,78,4,1233,6,0,125,0,131,774,383,203,4,1364,0,0,0,1364
09/17/2000,DTW,MI,AGL,CE,Combined TRACON& Tower with Radar,840,418,87,0,1345,0,0,107,0,107,840,418,194,0,1452,0,0,0,1452
09/18/2000,DTW,MI,AGL,CE,Combined TRACON& Tower with Radar,916,471,97,7,1491,0,17,39,0,56,916,488,136,7,1547,0,0,0,1547
09/19/2000,DTW,MI,AGL,CE,Combined TRACON& Tower with Radar,945,484,99,6,1534,0,10,99,0,109,945,494,198,6,1643,0,0,0,1643
09/20/2000,DTW,MI,AGL,CE,Combined TRACON& Tower with Radar,925,469,96,7,1497,0,3,60,8,71,925,472,156,15,1568,0,0,0,1568
09/21/2000,DTW,MI,AGL,CE,Combined TRACON& Tower with Radar,982,497,102,6,1587,0,7,140,0,147,982,504,242,6,1734,0,0,0,1734
09/22/2000,DTW,MI,AGL,CE,Combined TRACON& Tower with Radar,949,491,100,2,1542,0,17,130,0,147,949,508,230,2,1689,0,0,0,1689
09/23/2000,DTW,MI,AGL,CE,Combined TRACON& Tower with Radar,737,368,71,5,1181,45,2,0,0,47,782,370,71,5,1228,0,0,0,1228
09/24/2000,DTW,MI,AGL,CE,Combined TRACON& Tower with Radar,808,396,82,5,1291,30,0,64,0,94,838,396,146,5,1385,0,0,0,1385
09/25/2000,DTW,MI,AGL,CE,Combined TRACON& Tower with Radar,937,469,96,7,1509,0,15,49,3,67,937,484,145,10,1576,0,0,0,1576
09/26/2000,DTW,MI,AGL,CE,Combined TRACON& Tower with Radar,942,477,98,2,1519,0,15,136,0,151,942,492,234,2,1670,0,0,0,1670
09/27/2000,DTW,MI,AGL,CE,Combined TRACON& Tower with Radar,950,488,99,6,1543,0,7,173,3,183,950,495,272,9,1726,0,0,0,1726
09/28/2000,DTW,MI,AGL,CE,Combined TRACON& Tower with Radar,962,491,101,6,1560,0,0,154,0,154,962,491,255,6,1714,0,0,0,1714
09/29/2000,DTW,MI,AGL,CE,Combined TRACON& Tower with Radar,954,492,101,5,1552,0,0,160,0,160,954,492,261,5,1712,0,0,0,1712
09/30/2000,DTW,MI,AGL,CE,Combined TRACON& Tower with Radar,769,359,78,5,1211,17,0,96,5,118,786,359,174,10,1329,0,0,0,1329
10/01/2000,DTW,MI,AGL,CE,Combined TRACON& Tower with Radar,826,398,93,2,1319,19,0,102,0,121,845,398,195,2,1440,0,0,0,1440
10/02/2000,DTW,MI,AGL,CE,Combined TRACON& Tower with Radar,929,458,105,2,1494,0,10,81,0,91,929,468,186,2,1585,0,0,0,1585
10/03/2000,DTW,MI,AGL,CE,Combined TRACON& Tower with Radar,950,475,109,5,1539,0,5,89,0,94,950,480,198,5,1633,0,0,0,1633
10/04/2000,DTW,MI,AGL,CE,Combined TRACON& Tower with Radar,954,466,107,5,1532,3,11,102,1,117,957,477,209,6,1649,0,0,0,1649
10/05/2000,DTW,MI,AGL,CE,Combined TRACON& Tower with Radar,964,475,109,2,1550,0,12,102,0,114,964,487,211,2,1664,0,0,0,1664
10/06/2000,DTW,MI,AGL,CE,Combined TRACON& Tower with Radar,965,472,109,5,1551,0,8,67,2,77,965,480,176,7,1628,0,0,0,1628
10/07/2000,DTW,MI,AGL,CE,Combined TRACON& Tower with Radar,760,371,86,1,1218,30,6,18,0,54,790,377,104,1,1272,0,0,0,1272
10/08/2000,DTW,MI,AGL,CE,Combined TRACON& Tower with Radar,794,388,89,0,1271,35,17,55,0,107,829,405,144,0,1378,0,0,0,1378
10/09/2000,DTW,MI,AGL,CE,Combined TRACON& Tower with Radar,932,455,105,3,1495,19,14,49,0,82,951,469,154,3,1577,0,0,0,1577
10/10/2000,DTW,MI,AGL,CE,Combined TRACON& Tower with Radar,960,478,110,5,1553,0,6,64,1,71,960,484,174,6,1624,0,0,0,1624
10/11/2000,DTW,MI,AGL,CE,Combined TRACON& Tower with Radar,975,497,114,5,1591,0,1,164,11,176,975,498,278,16,1767,0,0,0,1767
10/12/2000,DTW,MI,AGL,CE,Combined TRACON& Tower with Radar,971,482,112,6,1571,0,0,189,1,190,971,482,301,7,1761,0,0,0,1761
10/13/2000,DTW,MI,AGL,CE,Combined TRACON& Tower with Radar,982,491,112,4,1589,0,1,166,0,167,982,492,278,4,1756,0,0,0,1756
10/14/2000,DTW,MI,AGL,CE,Combined TRACON& Tower with Radar,814,374,91,5,1284,4,0,102,14,120,818,374,193,19,1404,0,0,0,1404
10/15/2000,DTW,MI,AGL,CE,Combined TRACON& Tower with Radar,834,405,93,5,1337,6,8,79,0,93,840,413,172,5,1430,0,0,0,1430
10/16/2000,DTW,MI,AGL,CE,Combined TRACON& Tower with Radar,942,458,105,0,1505,0,19,49,0,68,942,477,154,0,1573,0,0,0,1573
10/17/2000,DTW,MI,AGL,CE,Combined TRACON& Tower with Radar,977,475,109,6,1567,3,0,11,0,14,980,475,120,6,1581,0,0,0,1581
10/18/2000,DTW,MI,AGL,CE,Combined TRACON& Tower with Radar,955,478,110,6,1549,0,0,95,2,97,955,478,205,8,1646,0,0,0,1646
10/19/2000,DTW,MI,AGL,CE,Combined TRACON& Tower with Radar,975,479,113,4,1571,0,0,133,0,133,975,479,246,4,1704,0,0,0,1704
10/20/2000,DTW,MI,AGL,CE,Combined TRACON& Tower with Radar,975,470,108,4,1557,1,0,114,0,115,976,470,222,4,1672,0,0,0,1672
10/21/2000,DTW,MI,AGL,CE,Combined TRACON& Tower with Radar,797,366,89,4,1256,0,0,141,2,143,797,366,230,6,1399,0,0,0,1399
10/22/2000,DTW,MI,AGL,CE,Combined TRACON& Tower with Radar,844,410,94,2,1350,6,0,82,0,88,850,410,176,2,1438,0,0,0,1438
10/23/2000,DTW,MI,AGL,CE,Combined TRACON& Tower with Radar,942,461,105,5,1513,0,2,47,2,51,942,463,152,7,1564,0,0,0,1564
10/24/2000,DTW,MI,AGL,CE,Combined TRACON& Tower with Radar,942,459,85,4,1490,30,6,0,0,36,972,465,85,4,1526,0,0,0,1526
10/25/2000,DTW,MI,AGL,CE,Combined TRACON& Tower with Radar,947,458,105,3,1513,28,0,70,0,98,975,458,175,3,1611,0,0,0,1611
10/26/2000,DTW,MI,AGL,CE,Combined TRACON& Tower with Radar,904,416,101,4,1425,50,0,41,3,94,954,416,142,7,1519,0,0,0,1519
10/27/2000,DTW,MI,AGL,CE,Combined TRACON& Tower with Radar,963,470,107,3,1543,6,4,122,0,132,969,474,229,3,1675,0,0,0,1675
10/28/2000,DTW,MI,AGL,CE,Combined TRACON& Tower with Radar,789,371,88,2,1250,22,0,97,0,119,811,371,185,2,1369,0,0,0,1369
10/29/2000,DTW,MI,AGL,CE,Combined TRACON& Tower with Radar,842,404,95,3,1344,0,0,95,0,95,842,404,190,3,1439,0,0,0,1439
10/30/2000,DTW,MI,AGL,CE,Combined TRACON& Tower with Radar,958,467,106,4,1535,1,15,80,0,96,959,482,186,4,1631,0,0,0,1631
10/31/2000,DTW,MI,AGL,CE,Combined TRACON& Tower with Radar,920,445,102,5,1472,2,0,83,5,90,922,445,185,10,1562,0,0,0,1562
11/01/2000,DTW,MI,AGL,CE,Combined TRACON& Tower with Radar,944,507,89,3,1543,0,0,156,5,161,944,507,245,8,1704,0,0,0,1704
11/02/2000,DTW,MI,AGL,CE,Combined TRACON& Tower with Radar,929,493,86,3,1511,0,10,132,1,143,929,503,218,4,1654,0,0,0,1654
11/03/2000,DTW,MI,AGL,CE,Combined TRACON& Tower with Radar,951,491,87,3,1532,0,0,124,1,125,951,491,211,4,1657,0,0,0,1657
11/04/2000,DTW,MI,AGL,CE,Combined TRACON& Tower with Radar,760,375,68,2,1205,9,0,100,0,109,769,375,168,2,1314,0,0,0,1314
11/05/2000,DTW,MI,AGL,CE,Combined TRACON& Tower with Radar,823,422,74,3,1322,0,0,103,0,103,823,422,177,3,1425,0,0,0,1425
11/06/2000,DTW,MI,AGL,CE,Combined TRACON& Tower with Radar,823,422,74,3,1322,0,0,111,0,111,823,422,185,3,1433,0,0,0,1433
11/07/2000,DTW,MI,AGL,CE,Combined TRACON& Tower with Radar,917,470,82,1,1470,3,15,5,0,23,920,485,87,1,1493,0,0,0,1493
11/08/2000,DTW,MI,AGL,CE,Combined TRACON& Tower with Radar,916,490,85,3,1494,0,4,100,5,109,916,494,185,8,1603,0,0,0,1603
11/09/2000,DTW,MI,AGL,CE,Combined TRACON& Tower with Radar,868,419,76,1,1364,30,0,60,0,90,898,419,136,1,1454,0,0,0,1454
11/10/2000,DTW,MI,AGL,CE,Combined TRACON& Tower with Radar,933,464,82,3,1482,14,0,104,0,118,947,464,186,3,1600,0,0,0,1600
11/11/2000,DTW,MI,AGL,CE,Combined TRACON& Tower with Radar,766,381,68,3,1218,0,0,127,1,128,766,381,195,4,1346,0,0,0,1346
11/12/2000,DTW,MI,AGL,CE,Combined TRACON& Tower with Radar,794,407,70,3,1274,27,2,39,2,70,821,409,109,5,1344,0,0,0,1344
11/13/2000,DTW,MI,AGL,CE,Combined TRACON& Tower with Radar,342,181,21,3,547,0,0,0,0,0,342,181,21,3,547,0,0,0,547
11/14/2000,DTW,MI,AGL,CE,Combined TRACON& Tower with Radar,901,461,79,4,1445,3,3,15,0,21,904,464,94,4,1466,0,0,0,1466
11/15/2000,DTW,MI,AGL,CE,Combined TRACON& Tower with Radar,937,484,84,4,1509,0,0,119,2,121,937,484,203,6,1630,0,0,0,1630
11/16/2000,DTW,MI,AGL,CE,Combined TRACON& Tower with Radar,915,476,82,4,1477,0,9,89,1,99,915,485,171,5,1576,0,0,0,1576
11/17/2000,DTW,MI,AGL,CE,Combined TRACON& Tower with Radar,923,471,81,4,1479,2,8,76,0,86,925,479,157,4,1565,0,0,0,1565
11/18/2000,DTW,MI,AGL,CE,Combined TRACON& Tower with Radar,745,379,66,2,1192,35,0,37,0,72,780,379,103,2,1264,0,0,0,1264
11/19/2000,DTW,MI,AGL,CE,Combined TRACON& Tower with Radar,738,377,65,3,1183,0,16,57,0,73,738,393,122,3,1256,0,0,0,1256
11/20/2000,DTW,MI,AGL,CE,Combined TRACON& Tower with Radar,880,458,82,1,1421,0,0,65,0,65,880,458,147,1,1486,0,0,0,1486
11/21/2000,DTW,MI,AGL,CE,Combined TRACON& Tower with Radar,899,444,79,4,1426,18,0,38,3,59,917,444,117,7,1485,0,0,0,1485
11/22/2000,DTW,MI,AGL,CE,Combined TRACON& Tower with Radar,913,466,81,4,1464,17,9,49,0,75,930,475,130,4,1539,0,0,0,1539
11/23/2000,DTW,MI,AGL,CE,Combined TRACON& Tower with Radar,723,369,63,0,1155,37,7,37,0,81,760,376,100,0,1236,0,0,0,1236
11/24/2000,DTW,MI,AGL,CE,Combined TRACON& Tower with Radar,741,373,66,0,1180,6,0,107,0,113,747,373,173,0,1293,0,0,0,1293
11/25/2000,DTW,MI,AGL,CE,Combined TRACON& Tower with Radar,726,359,64,1,1150,42,0,49,0,91,768,359,113,1,1241,0,0,0,1241
11/26/2000,DTW,MI,AGL,CE,Combined TRACON& Tower with Radar,775,392,35,3,1205,42,0,0,0,42,817,392,35,3,1247,0,0,0,1247
11/27/2000,DTW,MI,AGL,CE,Combined TRACON& Tower with Radar,935,479,82,3,1499,3,1,46,0,50,938,480,128,3,1549,0,0,0,1549
11/28/2000,DTW,MI,AGL,CE,Combined TRACON& Tower with Radar,941,481,83,1,1506,8,6,15,0,29,949,487,98,1,1535,0,0,0,1535
11/29/2000,DTW,MI,AGL,CE,Combined TRACON& Tower with Radar,921,476,82,2,1481,0,23,37,0,60,921,499,119,2,1541,0,0,0,1541
11/30/2000,DTW,MI,AGL,CE,Combined TRACON& Tower with Radar,910,481,83,3,1477,0,8,210,0,218,910,489,293,3,1695,0,0,0,1695
12/01/2000,DTW,MI,AGL,CE,Combined TRACON& Tower with Radar,931,476,68,3,1478,0,0,120,0,120,931,476,188,3,1598,0,0,0,1598
12/02/2000,DTW,MI,AGL,CE,Combined TRACON& Tower with Radar,764,372,52,2,1190,0,0,172,2,174,764,372,224,4,1364,0,0,0,1364
12/03/2000,DTW,MI,AGL,CE,Combined TRACON& Tower with Radar,804,408,56,2,1270,0,0,108,2,110,804,408,164,4,1380,0,0,0,1380
12/04/2000,DTW,MI,AGL,CE,Combined TRACON& Tower with Radar,902,463,63,2,1430,0,0,107,3,110,902,463,170,5,1540,0,0,0,1540
12/05/2000,DTW,MI,AGL,CE,Combined TRACON& Tower with Radar,913,477,64,2,1456,0,5,47,0,52,913,482,111,2,1508,0,0,0,1508
12/06/2000,DTW,MI,AGL,CE,Combined TRACON& Tower with Radar,893,481,64,2,1440,0,5,127,2,134,893,486,191,4,1574,0,0,0,1574
12/07/2000,DTW,MI,AGL,CE,Combined TRACON& Tower with Radar,865,439,60,2,1366,0,0,70,7,77,865,439,130,9,1443,0,0,0,1443
12/08/2000,DTW,MI,AGL,CE,Combined TRACON& Tower with Radar,972,490,65,2,1529,0,0,106,0,106,972,490,171,2,1635,0,0,0,1635
12/09/2000,DTW,MI,AGL,CE,Combined TRACON& Tower with Radar,759,369,51,2,1181,0,0,100,1,101,759,369,151,3,1282,0,0,0,1282
12/10/2000,DTW,MI,AGL,CE,Combined TRACON& Tower with Radar,784,397,53,0,1234,7,17,11,0,35,791,414,64,0,1269,0,0,0,1269
12/11/2000,DTW,MI,AGL,CE,Combined TRACON& Tower with Radar,451,192,31,0,674,20,0,29,0,49,471,192,60,0,723,0,0,0,723
12/12/2000,DTW,MI,AGL,CE,Combined TRACON& Tower with Radar,674,284,45,2,1005,50,0,56,2,108,724,284,101,4,1113,0,0,0,1113
12/13/2000,DTW,MI,AGL,CE,Combined TRACON& Tower with Radar,694,326,46,2,1068,21,0,32,0,53,715,326,78,2,1121,0,0,0,1121
12/14/2000,DTW,MI,AGL,CE,Combined TRACON& Tower with Radar,900,455,61,3,1419,0,0,83,1,84,900,455,144,4,1503,0,0,0,1503
12/15/2000,DTW,MI,AGL,CE,Combined TRACON& Tower with Radar,896,446,59,1,1402,9,0,60,0,69,905,446,119,1,1471,0,0,0,1471
12/16/2000,DTW,MI,AGL,CE,Combined TRACON& Tower with Radar,688,331,45,0,1064,42,0,10,0,52,730,331,55,0,1116,0,0,0,1116
12/17/2000,DTW,MI,AGL,CE,Combined TRACON& Tower with Radar,636,257,41,1,935,83,0,0,0,83,719,257,41,1,1018,0,0,0,1018
12/18/2000,DTW,MI,AGL,CE,Combined TRACON& Tower with Radar,886,443,59,3,1391,0,0,64,3,67,886,443,123,6,1458,0,0,0,1458
12/19/2000,DTW,MI,AGL,CE,Combined TRACON& Tower with Radar,876,453,59,1,1389,0,29,12,0,41,876,482,71,1,1430,0,0,0,1430
12/20/2000,DTW,MI,AGL,CE,Combined TRACON& Tower with Radar,919,492,64,4,1479,0,27,78,3,108,919,519,142,7,1587,0,0,0,1587
12/21/2000,DTW,MI,AGL,CE,Combined TRACON& Tower with Radar,802,321,53,3,1179,81,0,95,0,176,883,321,148,3,1355,0,0,0,1355
12/22/2000,DTW,MI,AGL,CE,Combined TRACON& Tower with Radar,898,453,59,3,1413,1,4,126,0,131,899,457,185,3,1544,0,0,0,1544
12/23/2000,DTW,MI,AGL,CE,Combined TRACON& Tower with Radar,760,383,50,2,1195,10,24,19,0,53,770,407,69,2,1248,0,0,0,1248
12/24/2000,DTW,MI,AGL,CE,Combined TRACON& Tower with Radar,677,341,39,0,1057,8,25,0,0,33,685,366,39,0,1090,0,0,0,1090
12/25/2000,DTW,MI,AGL,CE,Combined TRACON& Tower with Radar,765,385,50,2,1202,11,26,14,0,51,776,411,64,2,1253,0,0,0,1253
12/26/2000,DTW,MI,AGL,CE,Combined TRACON& Tower with Radar,828,434,57,1,1320,0,39,17,0,56,828,473,74,1,1376,0,0,0,1376
12/27/2000,DTW,MI,AGL,CE,Combined TRACON& Tower with Radar,887,447,59,3,1396,1,30,12,0,43,888,477,71,3,1439,0,0,0,1439
12/28/2000,DTW,MI,AGL,CE,Combined TRACON& Tower with Radar,895,455,60,1,1411,0,27,37,0,64,895,482,97,1,1475,0,0,0,1475
12/29/2000,DTW,MI,AGL,CE,Combined TRACON& Tower with Radar,850,429,37,0,1316,16,28,0,0,44,866,457,37,0,1360,0,0,0,1360
12/30/2000,DTW,MI,AGL,CE,Combined TRACON& Tower with Radar,674,342,35,1,1052,0,32,0,0,32,674,374,35,1,1084,0,0,0,1084
12/31/2000,DTW,MI,AGL,CE,Combined TRACON& Tower with Radar,724,356,48,2,1130,15,0,23,0,38,739,356,71,2,1168,0,0,0,1168
01/01/2001,DTW,MI,AGL,CE,Combined TRACON& Tower with Radar,791,414,43,2,1250,8,9,0,3,20,799,423,43,5,1270,0,0,0,1270
01/02/2001,DTW,MI,AGL,CE,Combined TRACON& Tower with Radar,877,467,70,3,1417,0,20,102,0,122,877,487,172,3,1539,0,0,0,1539
01/03/2001,DTW,MI,AGL,CE,Combined TRACON& Tower with Radar,845,443,67,2,1357,21,0,4,0,25,866,443,71,2,1382,0,0,0,1382
01/04/2001,DTW,MI,AGL,CE,Combined TRACON& Tower with Radar,938,487,74,3,1502,0,0,119,3,122,938,487,193,6,1624,0,0,0,1624
01/05/2001,DTW,MI,AGL,CE,Combined TRACON& Tower with Radar,872,457,69,2,1400,16,14,10,0,40,888,471,79,2,1440,0,0,0,1440
01/06/2001,DTW,MI,AGL,CE,Combined TRACON& Tower with Radar,729,370,57,0,1156,33,0,51,0,84,762,370,108,0,1240,0,0,0,1240
01/07/2001,DTW,MI,AGL,CE,Combined TRACON& Tower with Radar,782,396,62,2,1242,28,0,29,0,57,810,396,91,2,1299,0,0,0,1299
01/08/2001,DTW,MI,AGL,CE,Combined TRACON& Tower with Radar,895,472,72,3,1442,0,0,62,3,65,895,472,134,6,1507,0,0,0,1507
01/09/2001,DTW,MI,AGL,CE,Combined TRACON& Tower with Radar,917,487,73,3,1480,0,2,112,2,116,917,489,185,5,1596,0,0,0,1596
01/10/2001,DTW,MI,AGL,CE,Combined TRACON& Tower with Radar,903,487,74,3,1467,0,0,203,4,207,903,487,277,7,1674,0,0,0,1674
01/11/2001,DTW,MI,AGL,CE,Combined TRACON& Tower with Radar,917,491,74,3,1485,0,0,134,2,136,917,491,208,5,1621,0,0,0,1621
01/12/2001,DTW,MI,AGL,CE,Combined TRACON& Tower with Radar,893,465,69,2,1429,2,0,101,0,103,895,465,170,2,1532,0,0,0,1532
01/13/2001,DTW,MI,AGL,CE,Combined TRACON& Tower with Radar,706,353,55,3,1117,47,0,13,3,63,753,353,68,6,1180,0,0,0,1180
01/14/2001,DTW,MI,AGL,CE,Combined TRACON& Tower with Radar,736,372,20,1,1129,58,0,0,0,58,794,372,20,1,1187,0,0,0,1187
01/15/2001,DTW,MI,AGL,CE,Combined TRACON& Tower with Radar,853,445,45,3,1346,17,4,0,1,22,870,449,45,4,1368,0,0,0,1368
01/16/2001,DTW,MI,AGL,CE,Combined TRACON& Tower with Radar,903,477,71,4,1455,0,11,49,0,60,903,488,120,4,1515,0,0,0,1515
01/17/2001,DTW,MI,AGL,CE,Combined TRACON& Tower with Radar,900,469,70,4,1443,0,0,125,5,130,900,469,195,9,1573,0,0,0,1573
01/18/2001,DTW,MI,AGL,CE,Combined TRACON& Tower with Radar,894,472,70,2,1438,0,19,113,0,132,894,491,183,2,1570,0,0,0,1570
01/19/2001,DTW,MI,AGL,CE,Combined TRACON& Tower with Radar,852,475,71,0,1398,0,0,126,0,126,852,475,197,0,1524,0,0,0,1524
01/20/2001,DTW,MI,AGL,CE,Combined TRACON& Tower with Radar,726,370,56,3,1155,8,0,77,1,86,734,370,133,4,1241,0,0,0,1241
01/21/2001,DTW,MI,AGL,CE,Combined TRACON& Tower with Radar,761,399,59,2,1221,0,12,45,0,57,761,411,104,2,1278,0,0,0,1278
01/22/2001,DTW,MI,AGL,CE,Combined TRACON& Tower with Radar,879,475,71,2,1427,0,24,81,0,105,879,499,152,2,1532,0,0,0,1532
01/23/2001,DTW,MI,AGL,CE,Combined TRACON& Tower with Radar,898,484,72,3,1457,0,19,139,0,158,898,503,211,3,1615,0,0,0,1615
01/24/2001,DTW,MI,AGL,CE,Combined TRACON& Tower with Radar,892,474,70,3,1439,0,0,156,0,156,892,474,226,3,1595,0,0,0,1595
01/25/2001,DTW,MI,AGL,CE,Combined TRACON& Tower with Radar,913,498,74,3,1488,0,0,161,1,162,913,498,235,4,1650,0,0,0,1650
01/26/2001,DTW,MI,AGL,CE,Combined TRACON& Tower with Radar,877,459,69,0,1405,0,0,41,0,41,877,459,110,0,1446,0,0,0,1446
01/27/2001,DTW,MI,AGL,CE,Combined TRACON& Tower with Radar,726,378,56,1,1161,33,0,41,0,74,759,378,97,1,1235,0,0,0,1235
01/28/2001,DTW,MI,AGL,CE,Combined TRACON& Tower with Radar,759,394,59,1,1213,22,0,35,0,57,781,394,94,1,1270,0,0,0,1270
01/29/2001,DTW,MI,AGL,CE,Combined TRACON& Tower with Radar,846,441,66,1,1354,17,0,11,0,28,863,441,77,1,1382,0,0,0,1382
01/30/2001,DTW,MI,AGL,CE,Combined TRACON& Tower with Radar,869,433,68,2,1372,9,0,12,0,21,878,433,80,2,1393,0,0,0,1393
01/31/2001,DTW,MI,AGL,CE,Combined TRACON& Tower with Radar,901,473,70,2,1446,0,3,200,0,203,901,476,270,2,1649,0,0,0,1649
02/01/2001,DTW,MI,AGL,CE,Combined TRACON& Tower with Radar,923,504,68,3,1498,0,5,100,0,105,923,509,168,3,1603,0,0,0,1603
02/02/2001,DTW,MI,AGL,CE,Combined TRACON& Tower with Radar,904,486,66,2,1458,0,8,129,0,137,904,494,195,2,1595,0,0,0,1595
02/03/2001,DTW,MI,AGL,CE,Combined TRACON& Tower with Radar,741,390,53,1,1185,22,0,45,0,67,763,390,98,1,1252,0,0,0,1252
02/04/2001,DTW,MI,AGL,CE,Combined TRACON& Tower with Radar,794,423,57,0,1274,23,7,4,0,34,817,430,61,0,1308,0,0,0,1308
02/05/2001,DTW,MI,AGL,CE,Combined TRACON& Tower with Radar,852,458,62,2,1374,0,22,48,0,70,852,480,110,2,1444,0,0,0,1444
02/06/2001,DTW,MI,AGL,CE,Combined TRACON& Tower with Radar,900,480,65,3,1448,0,0,2,3,5,900,480,67,6,1453,0,0,0,1453
02/07/2001,DTW,MI,AGL,CE,Combined TRACON& Tower with Radar,901,499,68,3,1471,0,0,117,1,118,901,499,185,4,1589,0,0,0,1589
02/08/2001,DTW,MI,AGL,CE,Combined TRACON& Tower with Radar,894,462,65,3,1424,2,0,73,6,81,896,462,138,9,1505,0,0,0,1505
02/09/2001,DTW,MI,AGL,CE,Combined TRACON& Tower with Radar,853,408,61,3,1325,68,0,43,0,111,921,408,104,3,1436,0,0,0,1436
02/10/2001,DTW,MI,AGL,CE,Combined TRACON& Tower with Radar,747,398,54,3,1202,13,7,62,0,82,760,405,116,3,1284,0,0,0,1284
02/11/2001,DTW,MI,AGL,CE,Combined TRACON& Tower with Radar,809,426,58,2,1295,10,0,47,0,57,819,426,105,2,1352,0,0,0,1352
02/12/2001,DTW,MI,AGL,CE,Combined TRACON& Tower with Radar,901,491,65,4,1461,0,0,124,0,124,901,491,189,4,1585,0,0,0,1585
02/13/2001,DTW,MI,AGL,CE,Combined TRACON& Tower with Radar,912,485,65,4,1466,0,0,47,2,49,912,485,112,6,1515,0,0,0,1515
02/14/2001,DTW,MI,AGL,CE,Combined TRACON& Tower with Radar,904,482,65,4,1455,10,7,27,1,45,914,489,92,5,1500,0,0,0,1500
02/15/2001,DTW,MI,AGL,CE,Combined TRACON& Tower with Radar,929,505,68,4,1506,0,5,99,2,106,929,510,167,6,1612,0,0,0,1612
02/16/2001,DTW,MI,AGL,CE,Combined TRACON& Tower with Radar,1230,640,87,2,1959,16,0,104,0,120,1246,640,191,2,2079,0,0,0,2079
02/17/2001,DTW,MI,AGL,CE,Combined TRACON& Tower with Radar,765,394,54,4,1217,17,0,108,0,125,782,394,162,4,1342,0,0,0,1342
02/18/2001,DTW,MI,AGL,CE,Combined TRACON& Tower with Radar,832,430,59,4,1325,0,0,64,0,64,832,430,123,4,1389,0,0,0,1389
02/19/2001,DTW,MI,AGL,CE,Combined TRACON& Tower with Radar,913,486,60,4,1463,0,11,0,4,15,913,497,60,8,1478,0,0,0,1478
02/20/2001,DTW,MI,AGL,CE,Combined TRACON& Tower with Radar,925,500,67,3,1495,0,4,150,0,154,925,504,217,3,1649,0,0,0,1649
02/21/2001,DTW,MI,AGL,CE,Combined TRACON& Tower with Radar,924,504,67,4,1499,0,20,57,0,77,924,524,124,4,1576,0,0,0,1576
02/22/2001,DTW,MI,AGL,CE,Combined TRACON& Tower with Radar,931,501,67,4,1503,0,0,115,2,117,931,501,182,6,1620,0,0,0,1620
02/23/2001,DTW,MI,AGL,CE,Combined TRACON& Tower with Radar,927,495,66,1,1489,0,18,83,0,101,927,513,149,1,1590,0,0,0,1590
02/24/2001,DTW,MI,AGL,CE,Combined TRACON& Tower with Radar,696,358,23,2,1079,51,0,0,0,51,747,358,23,2,1130,0,0,0,1130
02/25/2001,DTW,MI,AGL,CE,Combined TRACON& Tower with Radar,768,402,54,1,1225,46,0,34,0,80,814,402,88,1,1305,0,0,0,1305
02/26/2001,DTW,MI,AGL,CE,Combined TRACON& Tower with Radar,915,497,66,4,1482,0,5,134,0,139,915,502,200,4,1621,0,0,0,1621
02/27/2001,DTW,MI,AGL,CE,Combined TRACON& Tower with Radar,917,498,67,1,1483,0,8,39,0,47,917,506,106,1,1530,0,0,0,1530
02/28/2001,DTW,MI,AGL,CE,Combined TRACON& Tower with Radar,913,515,69,5,1502,0,12,157,2,171,913,527,226,7,1673,0,0,0,1673
03/01/2001,DTW,MI,AGL,CE,Combined TRACON& Tower with Radar,932,506,79,3,1520,3,0,133,2,138,935,506,212,5,1658,0,0,0,1658
03/02/2001,DTW,MI,AGL,CE,Combined TRACON& Tower with Radar,922,506,78,3,1509,13,8,69,0,90,935,514,147,3,1599,0,0,0,1599
03/03/2001,DTW,MI,AGL,CE,Combined TRACON& Tower with Radar,761,397,65,1,1224,19,0,100,0,119,780,397,165,1,1343,0,0,0,1343
03/04/2001,DTW,MI,AGL,CE,Combined TRACON& Tower with Radar,789,423,67,1,1280,38,0,26,0,64,827,423,93,1,1344,0,0,0,1344
03/05/2001,DTW,MI,AGL,CE,Combined TRACON& Tower with Radar,815,449,70,1,1335,0,16,15,0,31,815,465,85,1,1366,0,0,0,1366
03/06/2001,DTW,MI,AGL,CE,Combined TRACON& Tower with Radar,885,488,76,3,1452,0,7,99,1,107,885,495,175,4,1559,0,0,0,1559
03/07/2001,DTW,MI,AGL,CE,Combined TRACON& Tower with Radar,942,509,81,3,1535,0,0,48,3,51,942,509,129,6,1586,0,0,0,1586
03/08/2001,DTW,MI,AGL,CE,Combined TRACON& Tower with Radar,932,515,80,3,1530,0,1,78,1,80,932,516,158,4,1610,0,0,0,1610
03/09/2001,DTW,MI,AGL,CE,Combined TRACON& Tower with Radar,920,505,78,2,1505,15,15,70,0,100,935,520,148,2,1605,0,0,0,1605
03/10/2001,DTW,MI,AGL,CE,Combined TRACON& Tower with Radar,791,414,69,1,1275,0,0,110,0,110,791,414,179,1,1385,0,0,0,1385
03/11/2001,DTW,MI,AGL,CE,Combined TRACON& Tower with Radar,820,448,69,4,1341,22,0,32,1,55,842,448,101,5,1396,0,0,0,1396
03/12/2001,DTW,MI,AGL,CE,Combined TRACON& Tower with Radar,890,488,74,0,1452,6,6,60,0,72,896,494,134,0,1524,0,0,0,1524
03/13/2001,DTW,MI,AGL,CE,Combined TRACON& Tower with Radar,923,495,77,2,1497,15,0,36,0,51,938,495,113,2,1548,0,0,0,1548
03/14/2001,DTW,MI,AGL,CE,Combined TRACON& Tower with Radar,921,511,79,4,1515,0,0,140,1,141,921,511,219,5,1656,0,0,0,1656
03/15/2001,DTW,MI,AGL,CE,Combined TRACON& Tower with Radar,937,522,80,4,1543,0,4,133,0,137,937,526,213,4,1680,0,0,0,1680
03/16/2001,DTW,MI,AGL,CE,Combined TRACON& Tower with Radar,892,489,75,4,1460,18,6,27,0,51,910,495,102,4,1511,0,0,0,1511
03/17/2001,DTW,MI,AGL,CE,Combined TRACON& Tower with Radar,671,353,56,3,1083,45,0,5,1,51,716,353,61,4,1134,0,0,0,1134
03/18/2001,DTW,MI,AGL,CE,Combined TRACON& Tower with Radar,823,447,70,4,1344,0,0,88,0,88,823,447,158,4,1432,0,0,0,1432
03/19/2001,DTW,MI,AGL,CE,Combined TRACON& Tower with Radar,905,509,78,4,1496,0,17,169,0,186,905,526,247,4,1682,0,0,0,1682
03/20/2001,DTW,MI,AGL,CE,Combined TRACON& Tower with Radar,908,506,78,3,1495,0,6,80,0,86,908,512,158,3,1581,0,0,0,1581
03/21/2001,DTW,MI,AGL,CE,Combined TRACON& Tower with Radar,894,500,77,4,1475,0,10,166,6,182,894,510,243,10,1657,0,0,0,1657
03/22/2001,DTW,MI,AGL,CE,Combined TRACON& Tower with Radar,929,526,81,4,1540,0,9,149,1,159,929,535,230,5,1699,0,0,0,1699
03/23/2001,DTW,MI,AGL,CE,Combined TRACON& Tower with Radar,940,517,79,3,1539,0,10,107,0,117,940,527,186,3,1656,0,0,0,1656
03/24/2001,DTW,MI,AGL,CE,Combined TRACON& Tower with Radar,734,401,62,1,1198,27,5,64,0,96,761,406,126,1,1294,0,0,0,1294
03/25/2001,DTW,MI,AGL,CE,Combined TRACON& Tower with Radar,785,430,57,1,1273,31,8,0,0,39,816,438,57,1,1312,0,0,0,1312
03/26/2001,DTW,MI,AGL,CE,Combined TRACON& Tower with Radar,898,491,75,2,1466,17,15,20,0,52,915,506,95,2,1518,0,0,0,1518
03/27/2001,DTW,MI,AGL,CE,Combined TRACON& Tower with Radar,920,515,79,3,1517,0,21,95,3,119,920,536,174,6,1636,0,0,0,1636
03/28/2001,DTW,MI,AGL,CE,Combined TRACON& Tower with Radar,935,501,80,3,1519,0,0,145,1,146,935,501,225,4,1665,0,0,0,1665
03/29/2001,DTW,MI,AGL,CE,Combined TRACON& Tower with Radar,938,518,81,3,1540,0,0,144,4,148,938,518,225,7,1688,0,0,0,1688
03/30/2001,DTW,MI,AGL,CE,Combined TRACON& Tower with Radar,918,510,78,0,1506,0,4,111,0,115,918,514,189,0,1621,0,0,0,1621
03/31/2001,DTW,MI,AGL,CE,Combined TRACON& Tower with Radar,757,402,64,2,1225,7,0,5,1,13,764,402,69,3,1238,0,0,0,1238
04/01/2001,DTW,MI,AGL,CE,Combined TRACON& Tower with Radar,814,416,30,2,1262,23,19,0,0,42,837,435,30,2,1304,0,0,0,1304
04/02/2001,DTW,MI,AGL,CE,Combined TRACON& Tower with Radar,933,486,83,4,1506,0,15,89,0,104,933,501,172,4,1610,0,0,0,1610
04/03/2001,DTW,MI,AGL,CE,Combined TRACON& Tower with Radar,933,482,82,4,1501,0,18,70,1,89,933,500,152,5,1590,0,0,0,1590
04/04/2001,DTW,MI,AGL,CE,Combined TRACON& Tower with Radar,956,503,85,3,1547,0,0,162,0,162,956,503,247,3,1709,0,0,0,1709
04/05/2001,DTW,MI,AGL,CE,Combined TRACON& Tower with Radar,952,505,85,5,1547,0,5,166,2,173,952,510,251,7,1720,0,0,0,1720
04/06/2001,DTW,MI,AGL,CE,Combined TRACON& Tower with Radar,939,486,82,4,1511,0,15,67,1,83,939,501,149,5,1594,0,0,0,1594
04/07/2001,DTW,MI,AGL,CE,Combined TRACON& Tower with Radar,770,393,67,1,1231,33,8,16,0,57,803,401,83,1,1288,0,0,0,1288
04/08/2001,DTW,MI,AGL,CE,Combined TRACON& Tower with Radar,843,418,73,4,1338,8,0,63,1,72,851,418,136,5,1410,0,0,0,1410
04/09/2001,DTW,MI,AGL,CE,Combined TRACON& Tower with Radar,893,456,47,3,1399,5,26,0,0,31,898,482,47,3,1430,0,0,0,1430
04/10/2001,DTW,MI,AGL,CE,Combined TRACON& Tower with Radar,942,481,82,3,1508,27,1,9,0,37,969,482,91,3,1545,0,0,0,1545
04/11/2001,DTW,MI,AGL,CE,Combined TRACON& Tower with Radar,939,487,82,2,1510,0,11,84,0,95,939,498,166,2,1605,0,0,0,1605
04/12/2001,DTW,MI,AGL,CE,Combined TRACON& Tower with Radar,939,480,81,5,1505,0,12,48,2,62,939,492,129,7,1567,0,0,0,1567
04/13/2001,DTW,MI,AGL,CE,Combined TRACON& Tower with Radar,954,491,82,5,1532,0,1,156,1,158,954,492,238,6,1690,0,0,0,1690
04/14/2001,DTW,MI,AGL,CE,Combined TRACON& Tower with Radar,571,292,49,3,915,230,108,78,0,416,801,400,127,3,1331,0,0,0,1331
04/15/2001,DTW,MI,AGL,CE,Combined TRACON& Tower with Radar,799,408,48,5,1260,21,22,0,2,45,820,430,48,7,1305,0,0,0,1305
04/16/2001,DTW,MI,AGL,CE,Combined TRACON& Tower with Radar,929,472,80,0,1481,12,14,31,0,57,941,486,111,0,1538,0,0,0,1538
04/17/2001,DTW,MI,AGL,CE,Combined TRACON& Tower with Radar,952,485,82,5,1524,0,16,42,2,60,952,501,124,7,1584,0,0,0,1584
04/18/2001,DTW,MI,AGL,CE,Combined TRACON& Tower with Radar,937,498,83,6,1524,0,5,131,7,143,937,503,214,13,1667,0,0,0,1667
04/19/2001,DTW,MI,AGL,CE,Combined TRACON& Tower with Radar,971,503,84,6,1564,0,8,149,1,158,971,511,233,7,1722,0,0,0,1722
04/20/2001,DTW,MI,AGL,CE,Combined TRACON& Tower with Radar,954,485,82,3,1524,7,22,100,0,129,961,507,182,3,1653,0,0,0,1653
04/21/2001,DTW,MI,AGL,CE,Combined TRACON& Tower with Radar,762,387,65,3,1217,34,0,32,0,66,796,387,97,3,1283,0,0,0,1283
04/22/2001,DTW,MI,AGL,CE,Combined TRACON& Tower with Radar,852,433,73,4,1362,3,3,33,0,39,855,436,106,4,1401,0,0,0,1401
04/23/2001,DTW,MI,AGL,CE,Combined TRACON& Tower with Radar,913,470,79,1,1463,0,9,74,0,83,913,479,153,1,1546,0,0,0,1546
04/24/2001,DTW,MI,AGL,CE,Combined TRACON& Tower with Radar,945,480,81,4,1510,2,16,63,0,81,947,496,144,4,1591,0,0,0,1591
04/25/2001,DTW,MI,AGL,CE,Combined TRACON& Tower with Radar,948,492,83,5,1528,0,6,208,6,220,948,498,291,11,1748,0,0,0,1748
04/26/2001,DTW,MI,AGL,CE,Combined TRACON& Tower with Radar,941,500,84,6,1531,0,17,128,3,148,941,517,212,9,1679,0,0,0,1679
04/27/2001,DTW,MI,AGL,CE,Combined TRACON& Tower with Radar,936,496,83,3,1518,0,22,19,0,41,936,518,102,3,1559,160,0,160,1719
04/28/2001,DTW,MI,AGL,CE,Combined TRACON& Tower with Radar,772,402,69,5,1248,0,0,151,1,152,772,402,220,6,1400,0,0,0,1400
04/29/2001,DTW,MI,AGL,CE,Combined TRACON& Tower with Radar,841,427,73,4,1345,0,0,105,0,105,841,427,178,4,1450,0,0,0,1450
04/30/2001,DTW,MI,AGL,CE,Combined TRACON& Tower with Radar,934,492,83,2,1511,0,0,123,0,123,934,492,206,2,1634,0,0,0,1634
05/01/2001,DTW,MI,AGL,CE,Combined TRACON& Tower with Radar,927,499,84,4,1514,0,22,136,1,159,927,521,220,5,1673,0,0,0,1673
05/02/2001,DTW,MI,AGL,CE,Combined TRACON& Tower with Radar,928,497,83,4,1512,0,1,120,1,122,928,498,203,5,1634,0,0,0,1634
05/03/2001,DTW,MI,AGL,CE,Combined TRACON& Tower with Radar,951,510,87,4,1552,0,0,190,4,194,951,510,277,8,1746,0,0,0,1746
05/04/2001,DTW,MI,AGL,CE,Combined TRACON& Tower with Radar,928,501,84,4,1517,0,8,99,0,107,928,509,183,4,1624,0,0,0,1624
05/05/2001,DTW,MI,AGL,CE,Combined TRACON& Tower with Radar,773,403,68,3,1247,8,0,70,2,80,781,403,138,5,1327,0,0,0,1327
05/06/2001,DTW,MI,AGL,CE,Combined TRACON& Tower with Radar,828,434,73,0,1335,13,0,46,0,59,841,434,119,0,1394,0,0,0,1394
05/07/2001,DTW,MI,AGL,CE,Combined TRACON& Tower with Radar,884,466,78,2,1430,23,0,26,0,49,907,466,104,2,1479,0,0,0,1479
05/08/2001,DTW,MI,AGL,CE,Combined TRACON& Tower with Radar,938,509,85,2,1534,0,13,87,0,100,938,522,172,2,1634,0,0,0,1634
05/09/2001,DTW,MI,AGL,CE,Combined TRACON& Tower with Radar,951,515,86,5,1557,0,0,108,5,113,951,515,194,10,1670,0,0,0,1670
05/10/2001,DTW,MI,AGL,CE,Combined TRACON& Tower with Radar,963,519,87,5,1574,0,10,112,0,122,963,529,199,5,1696,0,0,0,1696
05/11/2001,DTW,MI,AGL,CE,Combined TRACON& Tower with Radar,936,493,82,1,1512,16,5,34,0,55,952,498,116,1,1567,0,0,0,1567
05/12/2001,DTW,MI,AGL,CE,Combined TRACON& Tower with Radar,741,391,65,3,1200,9,1,143,0,153,750,392,208,3,1353,0,0,0,1353
05/13/2001,DTW,MI,AGL,CE,Combined TRACON& Tower with Radar,824,420,72,3,1319,22,0,66,0,88,846,420,138,3,1407,0,0,0,1407
05/14/2001,DTW,MI,AGL,CE,Combined TRACON& Tower with Radar,940,505,84,1,1530,0,0,160,0,160,940,505,244,1,1690,0,0,0,1690
05/15/2001,DTW,MI,AGL,CE,Combined TRACON& Tower with Radar,896,458,78,1,1433,30,0,8,0,38,926,458,86,1,1471,0,0,0,1471
05/16/2001,DTW,MI,AGL,CE,Combined TRACON& Tower with Radar,953,505,84,5,1547,0,16,65,6,87,953,521,149,11,1634,0,0,0,1634
05/17/2001,DTW,MI,AGL,CE,Combined TRACON& Tower with Radar,874,433,76,4,1387,32,0,57,0,89,906,433,133,4,1476,0,0,0,1476
05/18/2001,DTW,MI,AGL,CE,Combined TRACON& Tower with Radar,946,498,82,5,1531,8,2,42,1,53,954,500,124,6,1584,0,0,0,1584
05/19/2001,DTW,MI,AGL,CE,Combined TRACON& Tower with Radar,788,404,69,4,1265,15,0,72,2,89,803,404,141,6,1354,0,0,0,1354
05/20/2001,DTW,MI,AGL,CE,Combined TRACON& Tower with Radar,713,383,64,2,1162,0,7,79,0,86,713,390,143,2,1248,0,0,0,1248
05/21/2001,DTW,MI,AGL,CE,Combined TRACON& Tower with Radar,913,479,60,1,1453,21,3,0,0,24,934,482,60,1,1477,0,0,0,1477
05/22/2001,DTW,MI,AGL,CE,Combined TRACON& Tower with Radar,914,481,80,3,1478,3,13,15,0,31,917,494,95,3,1509,0,0,0,1509
05/23/2001,DTW,MI,AGL,CE,Combined TRACON& Tower with Radar,951,509,85,5,1550,0,15,136,4,155,951,524,221,9,1705,0,0,0,1705
05/24/2001,DTW,MI,AGL,CE,Combined TRACON& Tower with Radar,972,514,86,5,1577,0,0,76,0,76,972,514,162,5,1653,0,0,0,1653
05/25/2001,DTW,MI,AGL,CE,Combined TRACON& Tower with Radar,930,489,82,3,1504,15,3,81,0,99,945,492,163,3,1603,97,0,97,1700
05/26/2001,DTW,MI,AGL,CE,Combined TRACON& Tower with Radar,645,339,56,3,1043,21,12,32,0,65,666,351,88,3,1108,0,0,0,1108
05/27/2001,DTW,MI,AGL,CE,Combined TRACON& Tower with Radar,706,352,35,3,1096,59,0,0,1,60,765,352,35,4,1156,0,0,0,1156
05/28/2001,DTW,MI,AGL,CE,Combined TRACON& Tower with Radar,811,418,71,3,1303,36,0,20,3,59,847,418,91,6,1362,0,0,0,1362
05/29/2001,DTW,MI,AGL,CE,Combined TRACON& Tower with Radar,950,502,83,4,1539,0,0,38,0,38,950,502,121,4,1577,0,0,0,1577
05/30/2001,DTW,MI,AGL,CE,Combined TRACON& Tower with Radar,952,514,87,4,1557,0,0,185,8,193,952,514,272,12,1750,0,0,0,1750
05/31/2001,DTW,MI,AGL,CE,Combined TRACON& Tower with Radar,942,522,87,3,1554,0,0,183,0,183,942,522,270,3,1737,0,0,0,1737
06/01/2001,DTW,MI,AGL,CE,Combined TRACON& Tower with Radar,871,516,93,4,1484,64,0,28,5,97,935,516,121,9,1581,0,0,0,1581
06/02/2001,DTW,MI,AGL,CE,Combined TRACON& Tower with Radar,742,406,74,1,1223,94,0,0,0,94,836,406,74,1,1317,0,0,0,1317
06/03/2001,DTW,MI,AGL,CE,Combined TRACON& Tower with Radar,786,452,84,1,1323,77,0,11,0,88,863,452,95,1,1411,0,0,0,1411
06/04/2001,DTW,MI,AGL,CE,Combined TRACON& Tower with Radar,901,521,96,5,1523,46,0,64,0,110,947,521,160,5,1633,0,0,0,1633
06/05/2001,DTW,MI,AGL,CE,Combined TRACON& Tower with Radar,890,518,95,3,1506,52,0,18,0,70,942,518,113,3,1576,0,0,0,1576
06/06/2001,DTW,MI,AGL,CE,Combined TRACON& Tower with Radar,917,530,98,3,1548,43,0,122,0,165,960,530,220,3,1713,0,0,0,1713
06/07/2001,DTW,MI,AGL,CE,Combined TRACON& Tower with Radar,927,522,99,5,1553,23,0,147,2,172,950,522,246,7,1725,0,0,0,1725
06/08/2001,DTW,MI,AGL,CE,Combined TRACON& Tower with Radar,938,531,100,5,1574,18,0,202,2,222,956,531,302,7,1796,0,0,0,1796
06/09/2001,DTW,MI,AGL,CE,Combined TRACON& Tower with Radar,760,412,81,4,1257,54,0,85,3,142,814,412,166,7,1399,0,0,0,1399
06/10/2001,DTW,MI,AGL,CE,Combined TRACON& Tower with Radar,793,447,85,4,1329,62,0,64,1,127,855,447,149,5,1456,0,0,0,1456
06/11/2001,DTW,MI,AGL,CE,Combined TRACON& Tower with Radar,879,526,93,3,1501,41,0,7,0,48,920,526,100,3,1549,0,0,0,1549
06/12/2001,DTW,MI,AGL,CE,Combined TRACON& Tower with Radar,905,541,96,3,1545,31,0,42,0,73,936,541,138,3,1618,0,0,0,1618
06/13/2001,DTW,MI,AGL,CE,Combined TRACON& Tower with Radar,513,568,97,3,1181,0,398,111,0,509,513,966,208,3,1690,0,0,0,1690
06/14/2001,DTW,MI,AGL,CE,Combined TRACON& Tower with Radar,526,580,99,2,1207,0,388,138,0,526,526,968,237,2,1733,0,0,0,1733
06/15/2001,DTW,MI,AGL,CE,Combined TRACON& Tower with Radar,473,470,80,4,1027,0,284,72,0,356,473,754,152,4,1383,0,0,0,1383
06/16/2001,DTW,MI,AGL,CE,Combined TRACON& Tower with Radar,764,419,80,4,1267,34,0,100,0,134,798,419,180,4,1401,0,0,0,1401
06/17/2001,DTW,MI,AGL,CE,Combined TRACON& Tower with Radar,820,464,86,5,1375,36,0,93,0,129,856,464,179,5,1504,0,0,0,1504
06/18/2001,DTW,MI,AGL,CE,Combined TRACON& Tower with Radar,899,536,95,6,1536,40,0,104,6,150,939,536,199,12,1686,0,0,0,1686
06/19/2001,DTW,MI,AGL,CE,Combined TRACON& Tower with Radar,890,515,94,4,1503,44,0,44,0,88,934,515,138,4,1591,0,0,0,1591
06/20/2001,DTW,MI,AGL,CE,Combined TRACON& Tower with Radar,781,480,82,3,1346,7,0,52,0,59,788,480,134,3,1405,0,0,0,1405
06/21/2001,DTW,MI,AGL,CE,Combined TRACON& Tower with Radar,916,527,96,1,1540,40,0,84,0,124,956,527,180,1,1664,0,0,0,1664
06/22/2001,DTW,MI,AGL,CE,Combined TRACON& Tower with Radar,923,528,97,6,1554,11,0,125,5,141,934,528,222,11,1695,0,0,0,1695
06/23/2001,DTW,MI,AGL,CE,Combined TRACON& Tower with Radar,768,424,81,5,1278,64,0,50,2,116,832,424,131,7,1394,0,0,0,1394
06/24/2001,DTW,MI,AGL,CE,Combined TRACON& Tower with Radar,825,464,87,2,1378,49,0,38,0,87,874,464,125,2,1465,0,0,0,1465
06/25/2001,DTW,MI,AGL,CE,Combined TRACON& Tower with Radar,901,528,95,6,1530,37,0,29,7,73,938,528,124,13,1603,0,0,0,1603
06/26/2001,DTW,MI,AGL,CE,Combined TRACON& Tower with Radar,933,533,98,5,1569,22,0,59,1,82,955,533,157,6,1651,0,0,0,1651
06/27/2001,DTW,MI,AGL,CE,Combined TRACON& Tower with Radar,939,523,99,5,1566,13,0,200,1,214,952,523,299,6,1780,0,0,0,1780
06/28/2001,DTW,MI,AGL,CE,Combined TRACON& Tower with Radar,950,547,100,3,1600,12,0,132,0,144,962,547,232,3,1744,0,0,0,1744
06/29/2001,DTW,MI,AGL,CE,Combined TRACON& Tower with Radar,953,553,100,5,1611,20,0,122,2,144,973,553,222,7,1755,0,0,0,1755
06/30/2001,DTW,MI,AGL,CE,Combined TRACON& Tower with Radar,788,436,83,2,1309,63,0,69,0,132,851,436,152,2,1441,0,0,0,1441
07/01/2001,DTW,MI,AGL,CE,Combined TRACON& Tower with Radar,692,378,61,2,1133,14,17,11,0,42,706,395,72,2,1175,0,0,0,1175
07/02/2001,DTW,MI,AGL,CE,Combined TRACON& Tower with Radar,955,522,83,2,1562,1,7,82,0,90,956,529,165,2,1652,0,0,0,1652
07/03/2001,DTW,MI,AGL,CE,Combined TRACON& Tower with Radar,859,351,71,0,1281,161,0,0,0,161,1020,351,71,0,1442,0,0,0,1442
07/04/2001,DTW,MI,AGL,CE,Combined TRACON& Tower with Radar,804,431,71,1,1307,50,0,31,0,81,854,431,102,1,1388,0,0,0,1388
07/05/2001,DTW,MI,AGL,CE,Combined TRACON& Tower with Radar,938,512,82,1,1533,2,13,62,0,77,940,525,144,1,1610,0,0,0,1610
07/06/2001,DTW,MI,AGL,CE,Combined TRACON& Tower with Radar,956,534,84,4,1578,0,5,146,0,151,956,539,230,4,1729,0,0,0,1729
07/07/2001,DTW,MI,AGL,CE,Combined TRACON& Tower with Radar,798,422,70,3,1293,49,0,37,0,86,847,422,107,3,1379,0,0,0,1379
07/08/2001,DTW,MI,AGL,CE,Combined TRACON& Tower with Radar,865,464,75,5,1409,14,0,46,0,60,879,464,121,5,1469,0,0,0,1469
07/09/2001,DTW,MI,AGL,CE,Combined TRACON& Tower with Radar,947,528,83,5,1563,0,11,58,3,72,947,539,141,8,1635,0,0,0,1635
07/10/2001,DTW,MI,AGL,CE,Combined TRACON& Tower with Radar,933,520,83,3,1539,0,31,35,0,66,933,551,118,3,1605,0,0,0,1605
07/11/2001,DTW,MI,AGL,CE,Combined TRACON& Tower with Radar,984,537,88,5,1614,0,0,134,4,138,984,537,222,9,1752,0,0,0,1752
07/12/2001,DTW,MI,AGL,CE,Combined TRACON& Tower with Radar,961,541,87,5,1594,0,0,137,4,141,961,541,224,9,1735,0,0,0,1735
07/13/2001,DTW,MI,AGL,CE,Combined TRACON& Tower with Radar,960,535,85,2,1582,0,23,104,0,127,960,558,189,2,1709,0,0,0,1709
07/14/2001,DTW,MI,AGL,CE,Combined TRACON& Tower with Radar,846,440,73,2,1361,12,0,116,0,128,858,440,189,2,1489,0,0,0,1489
07/15/2001,DTW,MI,AGL,CE,Combined TRACON& Tower with Radar,868,481,77,2,1428,0,0,76,0,76,868,481,153,2,1504,0,0,0,1504
07/16/2001,DTW,MI,AGL,CE,Combined TRACON& Tower with Radar,953,526,83,3,1565,0,9,5,0,14,953,535,88,3,1579,0,0,0,1579
07/17/2001,DTW,MI,AGL,CE,Combined TRACON& Tower with Radar,957,524,83,3,1567,0,8,50,0,58,957,532,133,3,1625,0,0,0,1625
07/18/2001,DTW,MI,AGL,CE,Combined TRACON& Tower with Radar,1000,547,88,5,1640,0,11,77,0,88,1000,558,165,5,1728,0,0,0,1728
07/19/2001,DTW,MI,AGL,CE,Combined TRACON& Tower with Radar,966,538,86,2,1592,0,4,126,0,130,966,542,212,2,1722,0,0,0,1722
07/20/2001,DTW,MI,AGL,CE,Combined TRACON& Tower with Radar,966,535,85,5,1591,0,14,46,3,63,966,549,131,8,1654,0,0,0,1654
07/21/2001,DTW,MI,AGL,CE,Combined TRACON& Tower with Radar,817,430,70,4,1321,31,0,25,0,56,848,430,95,4,1377,0,0,0,1377
07/22/2001,DTW,MI,AGL,CE,Combined TRACON& Tower with Radar,871,467,75,5,1418,17,0,24,2,43,888,467,99,7,1461,0,0,0,1461
07/23/2001,DTW,MI,AGL,CE,Combined TRACON& Tower with Radar,938,517,82,5,1542,0,17,22,5,44,938,534,104,10,1586,0,0,0,1586
07/24/2001,DTW,MI,AGL,CE,Combined TRACON& Tower with Radar,974,539,86,3,1602,0,25,49,0,74,974,564,135,3,1676,0,0,0,1676
07/25/2001,DTW,MI,AGL,CE,Combined TRACON& Tower with Radar,973,534,85,4,1596,0,0,102,0,102,973,534,187,4,1698,0,0,0,1698
07/26/2001,DTW,MI,AGL,CE,Combined TRACON& Tower with Radar,975,542,88,4,1609,0,0,193,0,193,975,542,281,4,1802,0,0,0,1802
07/27/2001,DTW,MI,AGL,CE,Combined TRACON& Tower with Radar,965,543,87,4,1599,0,0,45,7,52,965,543,132,11,1651,151,0,151,1802
07/28/2001,DTW,MI,AGL,CE,Combined TRACON& Tower with Radar,557,298,49,2,906,18,0,50,4,72,575,298,99,6,978,0,0,0,978
07/29/2001,DTW,MI,AGL,CE,Combined TRACON& Tower with Radar,662,361,57,3,1083,9,0,9,2,20,671,361,66,5,1103,0,0,0,1103
07/30/2001,DTW,MI,AGL,CE,Combined TRACON& Tower with Radar,1003,561,89,5,1658,0,19,61,3,83,1003,580,150,8,1741,0,0,0,1741
07/31/2001,DTW,MI,AGL,CE,Combined TRACON& Tower with Radar,968,538,86,3,1595,0,26,32,0,58,968,564,118,3,1653,0,0,0,1653
08/01/2001,DTW,MI,AGL,CE,Combined TRACON& Tower with Radar,973,570,87,4,1634,0,14,141,0,155,973,584,228,4,1789,0,0,0,1789
08/02/2001,DTW,MI,AGL,CE,Combined TRACON& Tower with Radar,954,542,82,4,1582,3,8,104,0,115,957,550,186,4,1697,0,0,0,1697
08/03/2001,DTW,MI,AGL,CE,Combined TRACON& Tower with Radar,965,561,85,4,1615,0,14,10,0,24,965,575,95,4,1639,195,2,197,1836
08/04/2001,DTW,MI,AGL,CE,Combined TRACON& Tower with Radar,816,445,71,2,1334,37,0,72,0,109,853,445,143,2,1443,0,0,0,1443
08/05/2001,DTW,MI,AGL,CE,Combined TRACON& Tower with Radar,867,472,75,4,1418,13,0,57,2,72,880,472,132,6,1490,0,0,0,1490
08/06/2001,DTW,MI,AGL,CE,Combined TRACON& Tower with Radar,946,540,82,5,1573,0,0,33,0,33,946,540,115,5,1606,0,0,0,1606
08/07/2001,DTW,MI,AGL,CE,Combined TRACON& Tower with Radar,975,561,86,5,1627,0,7,32,2,41,975,568,118,7,1668,0,0,0,1668
08/08/2001,DTW,MI,AGL,CE,Combined TRACON& Tower with Radar,959,554,84,4,1601,0,17,96,0,113,959,571,180,4,1714,0,0,0,1714
08/09/2001,DTW,MI,AGL,CE,Combined TRACON& Tower with Radar,933,538,82,5,1558,0,7,116,5,128,933,545,198,10,1686,0,0,0,1686
08/10/2001,DTW,MI,AGL,CE,Combined TRACON& Tower with Radar,930,559,84,3,1576,0,18,38,0,56,930,577,122,3,1632,95,0,95,1727
08/11/2001,DTW,MI,AGL,CE,Combined TRACON& Tower with Radar,777,313,42,3,1135,154,0,0,0,154,931,313,42,3,1289,53,0,53,1342
08/12/2001,DTW,MI,AGL,CE,Combined TRACON& Tower with Radar,836,475,71,4,1386,4,0,22,0,26,840,475,93,4,1412,0,0,0,1412
08/13/2001,DTW,MI,AGL,CE,Combined TRACON& Tower with Radar,955,547,82,6,1590,0,6,1,2,9,955,553,83,8,1599,0,0,0,1599
08/14/2001,DTW,MI,AGL,CE,Combined TRACON& Tower with Radar,973,501,83,6,1563,28,0,110,5,143,1001,501,193,11,1706,0,0,0,1706
08/15/2001,DTW,MI,AGL,CE,Combined TRACON& Tower with Radar,932,556,84,4,1576,0,10,146,0,156,932,566,230,4,1732,0,0,0,1732
08/16/2001,DTW,MI,AGL,CE,Combined TRACON& Tower with Radar,979,560,85,6,1630,0,21,65,0,86,979,581,150,6,1716,0,0,0,1716
08/17/2001,DTW,MI,AGL,CE,Combined TRACON& Tower with Radar,954,546,82,6,1588,0,19,113,3,135,954,565,195,9,1723,0,0,0,1723
08/18/2001,DTW,MI,AGL,CE,Combined TRACON& Tower with Radar,816,434,63,5,1318,32,0,0,2,34,848,434,63,7,1352,62,0,62,1414
08/19/2001,DTW,MI,AGL,CE,Combined TRACON& Tower with Radar,850,481,73,1,1405,37,3,26,0,66,887,484,99,1,1471,0,0,0,1471
08/20/2001,DTW,MI,AGL,CE,Combined TRACON& Tower with Radar,944,535,70,1,1550,0,37,0,0,37,944,572,70,1,1587,0,0,0,1587
08/21/2001,DTW,MI,AGL,CE,Combined TRACON& Tower with Radar,1008,580,87,5,1680,0,1,49,0,50,1008,581,136,5,1730,0,0,0,1730
08/22/2001,DTW,MI,AGL,CE,Combined TRACON& Tower with Radar,929,526,79,3,1537,4,17,48,0,69,933,543,127,3,1606,0,0,0,1606
08/23/2001,DTW,MI,AGL,CE,Combined TRACON& Tower with Radar,983,557,84,6,1630,10,4,56,1,71,993,561,140,7,1701,0,0,0,1701
08/24/2001,DTW,MI,AGL,CE,Combined TRACON& Tower with Radar,964,556,84,5,1609,0,24,66,0,90,964,580,150,5,1699,0,0,0,1699
08/25/2001,DTW,MI,AGL,CE,Combined TRACON& Tower with Radar,821,457,54,4,1336,26,0,0,0,26,847,457,54,4,1362,66,0,66,1428
08/26/2001,DTW,MI,AGL,CE,Combined TRACON& Tower with Radar,841,473,55,1,1370,51,0,0,0,51,892,473,55,1,1421,0,0,0,1421
08/27/2001,DTW,MI,AGL,CE,Combined TRACON& Tower with Radar,927,529,79,5,1540,0,3,22,3,28,927,532,101,8,1568,0,0,0,1568
08/28/2001,DTW,MI,AGL,CE,Combined TRACON& Tower with Radar,948,554,83,5,1590,0,7,33,1,41,948,561,116,6,1631,0,0,0,1631
08/29/2001,DTW,MI,AGL,CE,Combined TRACON& Tower with Radar,941,560,85,5,1591,0,9,101,2,112,941,569,186,7,1703,0,0,0,1703
08/30/2001,DTW,MI,AGL,CE,Combined TRACON& Tower with Radar,912,542,81,5,1540,0,7,157,7,171,912,549,238,12,1711,0,0,0,1711
08/31/2001,DTW,MI,AGL,CE,Combined TRACON& Tower with Radar,943,540,81,3,1567,0,12,84,0,96,943,552,165,3,1663,0,0,0,1663
09/01/2001,DTW,MI,AGL,CE,Combined TRACON& Tower with Radar,915,325,34,0,1274,47,0,0,1,48,962,325,34,1,1322,86,0,86,1408
09/02/2001,DTW,MI,AGL,CE,Combined TRACON& Tower with Radar,811,285,43,0,1139,40,0,46,0,86,851,285,89,0,1225,0,0,0,1225
09/03/2001,DTW,MI,AGL,CE,Combined TRACON& Tower with Radar,925,344,29,0,1298,22,0,0,0,22,947,344,29,0,1320,2,0,2,1322
09/04/2001,DTW,MI,AGL,CE,Combined TRACON& Tower with Radar,1056,393,48,1,1498,13,0,0,0,13,1069,393,48,1,1511,0,0,0,1511
09/05/2001,DTW,MI,AGL,CE,Combined TRACON& Tower with Radar,1112,413,58,1,1584,2,0,28,0,30,1114,413,86,1,1614,0,0,0,1614
09/06/2001,DTW,MI,AGL,CE,Combined TRACON& Tower with Radar,1077,406,61,1,1545,0,0,124,0,124,1077,406,185,1,1669,0,0,0,1669
09/07/2001,DTW,MI,AGL,CE,Combined TRACON& Tower with Radar,1043,386,55,0,1484,15,0,66,0,81,1058,386,121,0,1565,0,0,0,1565
09/08/2001,DTW,MI,AGL,CE,Combined TRACON& Tower with Radar,911,338,48,0,1297,35,0,29,1,65,946,338,77,1,1362,0,0,0,1362
09/09/2001,DTW,MI,AGL,CE,Combined TRACON& Tower with Radar,781,240,40,0,1061,68,0,1,0,69,849,240,41,0,1130,0,0,0,1130
09/10/2001,DTW,MI,AGL,CE,Combined TRACON& Tower with Radar,0,408,57,0,465,0,0,13,0,13,0,408,70,0,478,48,0,48,526
09/11/2001,DTW,MI,AGL,CE,Combined TRACON& Tower with Radar,320,121,17,0,458,0,0,19,0,19,320,121,36,0,477,0,0,0,477
09/12/2001,DTW,MI,AGL,CE,Combined TRACON& Tower with Radar,0,0,0,1,1,0,0,2,3,5,0,0,2,4,6,0,0,0,6
09/13/2001,DTW,MI,AGL,CE,Combined TRACON& Tower with Radar,57,18,2,1,78,0,0,4,0,4,57,18,6,1,82,0,0,0,82
09/14/2001,DTW,MI,AGL,CE,Combined TRACON& Tower with Radar,448,184,25,1,658,0,30,11,1,42,448,214,36,2,700,0,0,0,700
09/15/2001,DTW,MI,AGL,CE,Combined TRACON& Tower with Radar,711,279,39,1,1030,0,27,1,5,33,711,306,40,6,1063,8,0,8,1071
09/16/2001,DTW,MI,AGL,CE,Combined TRACON& Tower with Radar,767,288,18,0,1073,0,23,0,0,23,767,311,18,0,1096,0,0,0,1096
09/17/2001,DTW,MI,AGL,CE,Combined TRACON& Tower with Radar,718,288,31,1,1038,0,0,0,0,0,718,288,31,1,1038,0,0,0,1038
09/18/2001,DTW,MI,AGL,CE,Combined TRACON& Tower with Radar,897,347,30,1,1275,0,49,0,1,50,897,396,30,2,1325,0,0,0,1325
09/19/2001,DTW,MI,AGL,CE,Combined TRACON& Tower with Radar,885,333,46,0,1264,0,0,10,0,10,885,333,56,0,1274,0,0,0,1274
09/20/2001,DTW,MI,AGL,CE,Combined TRACON& Tower with Radar,891,324,47,0,1262,0,0,23,0,23,891,324,70,0,1285,0,0,0,1285
09/21/2001,DTW,MI,AGL,CE,Combined TRACON& Tower with Radar,870,326,32,0,1228,13,1,0,0,14,883,327,32,0,1242,0,0,0,1242
09/22/2001,DTW,MI,AGL,CE,Combined TRACON& Tower with Radar,676,231,10,0,917,47,0,0,0,47,723,231,10,0,964,18,0,18,982
09/23/2001,DTW,MI,AGL,CE,Combined TRACON& Tower with Radar,714,255,21,0,990,34,0,0,0,34,748,255,21,0,1024,0,0,0,1024
09/24/2001,DTW,MI,AGL,CE,Combined TRACON& Tower with Radar,901,337,46,1,1285,0,0,5,1,6,901,337,51,2,1291,0,0,0,1291
09/25/2001,DTW,MI,AGL,CE,Combined TRACON& Tower with Radar,885,329,47,1,1262,0,0,40,1,41,885,329,87,2,1303,0,0,0,1303
09/26/2001,DTW,MI,AGL,CE,Combined TRACON& Tower with Radar,870,320,45,0,1235,0,0,21,0,21,870,320,66,0,1256,0,0,0,1256
09/27/2001,DTW,MI,AGL,CE,Combined TRACON& Tower with Radar,881,332,47,0,1260,0,0,31,0,31,881,332,78,0,1291,0,0,0,1291
09/28/2001,DTW,MI,AGL,CE,Combined TRACON& Tower with Radar,940,387,53,1,1381,0,93,109,7,209,940,480,162,8,1590,29,1,30,1620
09/29/2001,DTW,MI,AGL,CE,Combined TRACON& Tower with Radar,683,300,41,0,1024,0,60,19,3,82,683,360,60,3,1106,4,0,4,1110
09/30/2001,DTW,MI,AGL,CE,Combined TRACON& Tower with Radar,775,272,40,0,1087,19,0,6,0,25,794,272,46,0,1112,0,0,0,1112
10/01/2001,DTW,MI,AGL,CE,Combined TRACON& Tower with Radar,860,324,52,0,1236,5,0,0,0,5,865,324,52,0,1241,0,0,0,1241
10/02/2001,DTW,MI,AGL,CE,Combined TRACON& Tower with Radar,890,346,56,0,1292,0,24,3,0,27,890,370,59,0,1319,0,0,0,1319
10/03/2001,DTW,MI,AGL,CE,Combined TRACON& Tower with Radar,889,342,55,0,1286,0,11,8,2,21,889,353,63,2,1307,0,0,0,1307
10/04/2001,DTW,MI,AGL,CE,Combined TRACON& Tower with Radar,901,352,56,0,1309,0,0,36,1,37,901,352,92,1,1346,0,0,0,1346
10/05/2001,DTW,MI,AGL,CE,Combined TRACON& Tower with Radar,902,347,56,0,1305,0,6,5,2,13,902,353,61,2,1318,0,0,0,1318
10/06/2001,DTW,MI,AGL,CE,Combined TRACON& Tower with Radar,744,279,18,0,1041,33,0,0,0,33,777,279,18,0,1074,8,0,8,1082
10/07/2001,DTW,MI,AGL,CE,Combined TRACON& Tower with Radar,744,272,38,0,1054,23,0,0,0,23,767,272,38,0,1077,0,0,0,1077
10/08/2001,DTW,MI,AGL,CE,Combined TRACON& Tower with Radar,878,323,54,0,1255,12,0,9,1,22,890,323,63,1,1277,0,0,0,1277
10/09/2001,DTW,MI,AGL,CE,Combined TRACON& Tower with Radar,891,336,54,1,1282,0,0,23,4,27,891,336,77,5,1309,0,0,0,1309
10/10/2001,DTW,MI,AGL,CE,Combined TRACON& Tower with Radar,852,331,53,1,1237,0,0,38,2,40,852,331,91,3,1277,0,0,0,1277
10/11/2001,DTW,MI,AGL,CE,Combined TRACON& Tower with Radar,770,338,54,1,1163,0,154,20,2,176,770,492,74,3,1339,0,0,0,1339
10/12/2001,DTW,MI,AGL,CE,Combined TRACON& Tower with Radar,906,342,55,1,1304,0,0,17,1,18,906,342,72,2,1322,0,0,0,1322
10/13/2001,DTW,MI,AGL,CE,Combined TRACON& Tower with Radar,758,282,24,1,1065,27,0,0,1,28,785,282,24,2,1093,0,0,0,1093
10/14/2001,DTW,MI,AGL,CE,Combined TRACON& Tower with Radar,748,281,32,0,1061,20,0,0,0,20,768,281,32,0,1081,0,0,0,1081
10/15/2001,DTW,MI,AGL,CE,Combined TRACON& Tower with Radar,887,336,54,0,1277,3,9,7,0,19,890,345,61,0,1296,34,0,34,1330
10/16/2001,DTW,MI,AGL,CE,Combined TRACON& Tower with Radar,888,342,54,1,1285,0,3,18,0,21,888,345,72,1,1306,0,0,0,1306
10/17/2001,DTW,MI,AGL,CE,Combined TRACON& Tower with Radar,871,335,53,0,1259,0,11,18,0,29,871,346,71,0,1288,0,0,0,1288
10/18/2001,DTW,MI,AGL,CE,Combined TRACON& Tower with Radar,898,348,56,0,1302,0,11,36,0,47,898,359,92,0,1349,146,0,146,1495
10/19/2001,DTW,MI,AGL,CE,Combined TRACON& Tower with Radar,831,370,59,1,1261,0,73,53,6,132,831,443,112,7,1393,8,0,8,1401
10/20/2001,DTW,MI,AGL,CE,Combined TRACON& Tower with Radar,747,282,14,1,1044,24,11,0,2,37,771,293,14,3,1081,15,0,15,1096
10/21/2001,DTW,MI,AGL,CE,Combined TRACON& Tower with Radar,745,281,28,0,1054,21,1,0,0,22,766,282,28,0,1076,0,0,0,1076
10/22/2001,DTW,MI,AGL,CE,Combined TRACON& Tower with Radar,886,338,54,1,1279,0,7,8,0,15,886,345,62,1,1294,0,0,0,1294
10/23/2001,DTW,MI,AGL,CE,Combined TRACON& Tower with Radar,862,328,45,1,1236,0,19,0,0,19,862,347,45,1,1255,0,0,0,1255
10/24/2001,DTW,MI,AGL,CE,Combined TRACON& Tower with Radar,854,318,51,1,1224,0,0,27,2,29,854,318,78,3,1253,0,0,0,1253
10/25/2001,DTW,MI,AGL,CE,Combined TRACON& Tower with Radar,903,333,55,1,1292,0,0,32,0,32,903,333,87,1,1324,0,0,0,1324
10/26/2001,DTW,MI,AGL,CE,Combined TRACON& Tower with Radar,924,341,55,0,1320,11,0,3,0,14,935,341,58,0,1334,30,0,30,1364
10/27/2001,DTW,MI,AGL,CE,Combined TRACON& Tower with Radar,752,284,29,0,1065,24,1,0,0,25,776,285,29,0,1090,16,0,16,1106
10/28/2001,DTW,MI,AGL,CE,Combined TRACON& Tower with Radar,746,282,44,0,1072,21,1,10,0,32,767,283,54,0,1104,0,0,0,1104
10/29/2001,DTW,MI,AGL,CE,Combined TRACON& Tower with Radar,882,328,53,1,1264,7,0,8,0,15,889,328,61,1,1279,41,0,41,1320
10/30/2001,DTW,MI,AGL,CE,Combined TRACON& Tower with Radar,894,339,54,0,1287,0,0,27,0,27,894,339,81,0,1314,0,0,0,1314
10/31/2001,DTW,MI,AGL,CE,Combined TRACON& Tower with Radar,889,337,54,0,1280,0,6,18,0,24,889,343,72,0,1304,0,0,0,1304
11/01/2001,DTW,MI,AGL,CE,Combined TRACON& Tower with Radar,881,330,48,0,1259,0,11,24,0,35,881,341,72,0,1294,14,0,14,1308
11/02/2001,DTW,MI,AGL,CE,Combined TRACON& Tower with Radar,901,333,49,0,1283,0,8,12,2,22,901,341,61,2,1305,22,0,22,1327
11/03/2001,DTW,MI,AGL,CE,Combined TRACON& Tower with Radar,755,267,29,0,1051,24,0,0,2,26,779,267,29,2,1077,31,0,31,1108
11/04/2001,DTW,MI,AGL,CE,Combined TRACON& Tower with Radar,774,281,26,0,1081,19,1,0,2,22,793,282,26,2,1103,0,0,0,1103
11/05/2001,DTW,MI,AGL,CE,Combined TRACON& Tower with Radar,878,320,47,0,1245,0,4,10,0,14,878,324,57,0,1259,37,0,37,1296
11/06/2001,DTW,MI,AGL,CE,Combined TRACON& Tower with Radar,918,355,53,0,1326,0,0,13,0,13,918,355,66,0,1339,0,0,0,1339
11/07/2001,DTW,MI,AGL,CE,Combined TRACON& Tower with Radar,846,311,47,0,1204,0,0,71,0,71,846,311,118,0,1275,0,0,0,1275
11/08/2001,DTW,MI,AGL,CE,Combined TRACON& Tower with Radar,875,321,47,0,1243,0,3,12,4,19,875,324,59,4,1262,40,0,40,1302
11/09/2001,DTW,MI,AGL,CE,Combined TRACON& Tower with Radar,915,340,50,0,1305,0,6,22,2,30,915,346,72,2,1335,40,0,40,1375
11/10/2001,DTW,MI,AGL,CE,Combined TRACON& Tower with Radar,749,263,39,0,1051,25,0,0,0,25,774,263,39,0,1076,21,0,21,1097
11/11/2001,DTW,MI,AGL,CE,Combined TRACON& Tower with Radar,793,286,35,0,1114,16,0,0,0,16,809,286,35,0,1130,37,0,37,1167
11/12/2001,DTW,MI,AGL,CE,Combined TRACON& Tower with Radar,828,300,44,0,1172,18,12,68,0,98,846,312,112,0,1270,6,0,6,1276
11/13/2001,DTW,MI,AGL,CE,Combined TRACON& Tower with Radar,897,329,48,0,1274,0,3,18,1,22,897,332,66,1,1296,0,0,0,1296
11/14/2001,DTW,MI,AGL,CE,Combined TRACON& Tower with Radar,874,327,48,0,1249,0,7,77,2,86,874,334,125,2,1335,0,0,0,1335
11/15/2001,DTW,MI,AGL,CE,Combined TRACON& Tower with Radar,935,345,50,0,1330,0,0,35,0,35,935,345,85,0,1365,24,0,24,1389
11/16/2001,DTW,MI,AGL,CE,Combined TRACON& Tower with Radar,889,322,47,0,1258,0,1,8,0,9,889,323,55,0,1267,0,0,0,1267
11/17/2001,DTW,MI,AGL,CE,Combined TRACON& Tower with Radar,754,257,23,1,1035,35,0,0,0,35,789,257,23,1,1070,29,0,29,1099
11/18/2001,DTW,MI,AGL,CE,Combined TRACON& Tower with Radar,729,230,16,0,975,56,0,0,0,56,785,230,16,0,1031,0,0,0,1031
11/19/2001,DTW,MI,AGL,CE,Combined TRACON& Tower with Radar,897,320,47,0,1264,0,0,5,0,5,897,320,52,0,1269,15,0,15,1284
11/20/2001,DTW,MI,AGL,CE,Combined TRACON& Tower with Radar,912,334,48,0,1294,0,11,21,0,32,912,345,69,0,1326,0,0,0,1326
11/21/2001,DTW,MI,AGL,CE,Combined TRACON& Tower with Radar,913,330,46,0,1289,0,16,0,0,16,913,346,46,0,1305,0,0,0,1305
11/22/2001,DTW,MI,AGL,CE,Combined TRACON& Tower with Radar,771,257,13,0,1041,58,0,0,0,58,829,257,13,0,1099,36,0,36,1135
11/23/2001,DTW,MI,AGL,CE,Combined TRACON& Tower with Radar,753,248,25,0,1026,55,0,0,0,55,808,248,25,0,1081,29,0,29,1110
11/24/2001,DTW,MI,AGL,CE,Combined TRACON& Tower with Radar,744,254,22,1,1021,40,0,0,1,41,784,254,22,2,1062,1,0,1,1063
11/25/2001,DTW,MI,AGL,CE,Combined TRACON& Tower with Radar,797,275,41,0,1113,16,0,0,0,16,813,275,41,0,1129,0,0,0,1129
11/26/2001,DTW,MI,AGL,CE,Combined TRACON& Tower with Radar,893,330,47,0,1270,0,16,11,1,28,893,346,58,1,1298,22,0,22,1320
11/27/2001,DTW,MI,AGL,CE,Combined TRACON& Tower with Radar,902,335,49,0,1286,0,20,7,0,27,902,355,56,0,1313,0,0,0,1313
11/28/2001,DTW,MI,AGL,CE,Combined TRACON& Tower with Radar,898,331,48,0,1277,0,11,11,0,22,898,342,59,0,1299,0,0,0,1299
11/29/2001,DTW,MI,AGL,CE,Combined TRACON& Tower with Radar,887,329,47,0,1263,0,13,9,0,22,887,342,56,0,1285,39,0,39,1324
11/30/2001,DTW,MI,AGL,CE,Combined TRACON& Tower with Radar,909,331,48,0,1288,0,4,5,0,9,909,335,53,0,1297,12,0,12,1309
12/01/2001,DTW,MI,AGL,CE,Combined TRACON& Tower with Radar,750,268,17,0,1035,25,0,0,0,25,775,268,17,0,1060,22,0,22,1082
12/02/2001,DTW,MI,AGL,CE,Combined TRACON& Tower with Radar,709,233,25,0,967,30,0,0,3,33,739,233,25,3,1000,0,0,0,1000
12/03/2001,DTW,MI,AGL,CE,Combined TRACON& Tower with Radar,877,324,35,0,1236,0,0,50,1,51,877,324,85,1,1287,34,0,34,1321
12/04/2001,DTW,MI,AGL,CE,Combined TRACON& Tower with Radar,897,336,36,0,1269,0,0,38,0,38,897,336,74,0,1307,0,0,0,1307
12/05/2001,DTW,MI,AGL,CE,Combined TRACON& Tower with Radar,889,336,36,0,1261,0,0,50,0,50,889,336,86,0,1311,0,0,0,1311
12/06/2001,DTW,MI,AGL,CE,Combined TRACON& Tower with Radar,896,327,36,0,1259,0,0,42,0,42,896,327,78,0,1301,40,0,40,1341
12/07/2001,DTW,MI,AGL,CE,Combined TRACON& Tower with Radar,908,333,36,0,1277,0,0,12,0,12,908,333,48,0,1289,34,0,34,1323
12/08/2001,DTW,MI,AGL,CE,Combined TRACON& Tower with Radar,751,270,20,0,1041,22,0,0,0,22,773,270,20,0,1063,37,0,37,1100
12/09/2001,DTW,MI,AGL,CE,Combined TRACON& Tower with Radar,781,276,26,0,1083,24,0,0,0,24,805,276,26,0,1107,39,0,39,1146
12/10/2001,DTW,MI,AGL,CE,Combined TRACON& Tower with Radar,873,333,35,0,1241,0,6,46,2,54,873,339,81,2,1295,47,0,47,1342
12/11/2001,DTW,MI,AGL,CE,Combined TRACON& Tower with Radar,898,339,36,0,1273,0,5,24,0,29,898,344,60,0,1302,0,0,0,1302
12/12/2001,DTW,MI,AGL,CE,Combined TRACON& Tower with Radar,859,325,35,0,1219,0,0,50,0,50,859,325,85,0,1269,0,0,0,1269
12/13/2001,DTW,MI,AGL,CE,Combined TRACON& Tower with Radar,894,342,36,0,1272,0,1,34,0,35,894,343,70,0,1307,41,0,41,1348
12/14/2001,DTW,MI,AGL,CE,Combined TRACON& Tower with Radar,888,331,33,0,1252,0,12,0,0,12,888,343,33,0,1264,26,0,26,1290
12/15/2001,DTW,MI,AGL,CE,Combined TRACON& Tower with Radar,753,256,22,0,1031,34,0,0,0,34,787,256,22,0,1065,30,0,30,1095
12/16/2001,DTW,MI,AGL,CE,Combined TRACON& Tower with Radar,779,280,26,0,1085,18,0,0,0,18,797,280,26,0,1103,0,0,0,1103
12/17/2001,DTW,MI,AGL,CE,Combined TRACON& Tower with Radar,904,342,35,0,1281,0,1,26,0,27,904,343,61,0,1308,0,0,0,1308
12/18/2001,DTW,MI,AGL,CE,Combined TRACON& Tower with Radar,948,357,37,1,1343,0,19,22,0,41,948,376,59,1,1384,0,0,0,1384
12/19/2001,DTW,MI,AGL,CE,Combined TRACON& Tower with Radar,956,359,37,1,1353,0,25,35,0,60,956,384,72,1,1413,0,0,0,1413
12/20/2001,DTW,MI,AGL,CE,Combined TRACON& Tower with Radar,979,370,38,0,1387,0,22,22,0,44,979,392,60,0,1431,29,0,29,1460
12/21/2001,DTW,MI,AGL,CE,Combined TRACON& Tower with Radar,980,364,37,0,1381,0,14,9,0,23,980,378,46,0,1404,0,0,0,1404
12/22/2001,DTW,MI,AGL,CE,Combined TRACON& Tower with Radar,826,298,27,0,1151,20,0,0,1,21,846,298,27,1,1172,0,0,0,1172
12/23/2001,DTW,MI,AGL,CE,Combined TRACON& Tower with Radar,800,289,19,0,1108,18,0,0,0,18,818,289,19,0,1126,0,0,0,1126
12/24/2001,DTW,MI,AGL,CE,Combined TRACON& Tower with Radar,902,332,7,0,1241,23,5,0,0,28,925,337,7,0,1269,0,0,0,1269
12/25/2001,DTW,MI,AGL,CE,Combined TRACON& Tower with Radar,844,310,6,0,1160,26,0,0,0,26,870,310,6,0,1186,0,0,0,1186
12/26/2001,DTW,MI,AGL,CE,Combined TRACON& Tower with Radar,907,334,14,0,1255,10,13,0,0,23,917,347,14,0,1278,0,0,0,1278
12/27/2001,DTW,MI,AGL,CE,Combined TRACON& Tower with Radar,925,341,14,0,1280,3,22,0,0,25,928,363,14,0,1305,24,0,24,1329
12/28/2001,DTW,MI,AGL,CE,Combined TRACON& Tower with Radar,942,346,16,0,1304,11,14,0,0,25,953,360,16,0,1329,27,0,27,1356
12/29/2001,DTW,MI,AGL,CE,Combined TRACON& Tower with Radar,806,288,6,0,1100,34,0,0,1,35,840,288,6,1,1135,34,0,34,1169
12/30/2001,DTW,MI,AGL,CE,Combined TRACON& Tower with Radar,785,284,9,0,1078,26,0,0,1,27,811,284,9,1,1105,0,0,0,1105
12/31/2001,DTW,MI,AGL,CE,Combined TRACON& Tower with Radar,894,329,11,0,1234,22,4,0,0,26,916,333,11,0,1260,29,0,29,1289
01/01/2002,DTW,MI,AGL,CE,Combined TRACON& Tower with Radar,862,329,13,0,1204,34,1,0,0,35,896,330,13,0,1239,0,0,0,1239
01/02/2002,DTW,MI,AGL,CE,Combined TRACON& Tower with Radar,913,348,35,0,1296,11,5,0,0,16,924,353,35,0,1312,0,0,0,1312
01/03/2002,DTW,MI,AGL,CE,Combined TRACON& Tower with Radar,886,323,43,0,1252,29,0,0,1,30,915,323,43,1,1282,38,0,38,1320
01/04/2002,DTW,MI,AGL,CE,Combined TRACON& Tower with Radar,908,331,45,0,1284,21,0,2,1,24,929,331,47,1,1308,27,0,27,1335
01/05/2002,DTW,MI,AGL,CE,Combined TRACON& Tower with Radar,706,251,32,0,989,30,0,0,0,30,736,251,32,0,1019,28,0,28,1047
01/06/2002,DTW,MI,AGL,CE,Combined TRACON& Tower with Radar,778,279,26,0,1083,31,0,0,0,31,809,279,26,0,1114,0,0,0,1114
01/07/2002,DTW,MI,AGL,CE,Combined TRACON& Tower with Radar,917,353,46,0,1316,0,3,8,0,11,917,356,54,0,1327,32,0,32,1359
01/08/2002,DTW,MI,AGL,CE,Combined TRACON& Tower with Radar,929,359,47,0,1335,0,0,26,1,27,929,359,73,1,1362,0,0,0,1362
01/09/2002,DTW,MI,AGL,CE,Combined TRACON& Tower with Radar,935,362,47,0,1344,0,12,3,4,19,935,374,50,4,1363,0,0,0,1363
01/10/2002,DTW,MI,AGL,CE,Combined TRACON& Tower with Radar,917,366,48,0,1331,0,12,34,4,50,917,378,82,4,1381,58,0,58,1439
01/11/2002,DTW,MI,AGL,CE,Combined TRACON& Tower with Radar,928,364,48,0,1340,0,9,23,0,32,928,373,71,0,1372,48,0,48,1420
01/12/2002,DTW,MI,AGL,CE,Combined TRACON& Tower with Radar,766,292,35,0,1093,10,0,0,0,10,776,292,35,0,1103,29,0,29,1132
01/13/2002,DTW,MI,AGL,CE,Combined TRACON& Tower with Radar,777,291,24,1,1093,27,0,0,1,28,804,291,24,2,1121,8,0,8,1129
01/14/2002,DTW,MI,AGL,CE,Combined TRACON& Tower with Radar,888,347,44,0,1279,0,9,15,0,24,888,356,59,0,1303,0,0,0,1303
01/15/2002,DTW,MI,AGL,CE,Combined TRACON& Tower with Radar,794,321,41,1,1157,0,201,41,2,244,794,522,82,3,1401,0,0,0,1401
01/16/2002,DTW,MI,AGL,CE,Combined TRACON& Tower with Radar,856,337,43,1,1237,0,18,18,0,36,856,355,61,1,1273,0,0,0,1273
01/17/2002,DTW,MI,AGL,CE,Combined TRACON& Tower with Radar,950,368,47,0,1365,0,15,10,0,25,950,383,57,0,1390,53,0,53,1443
01/18/2002,DTW,MI,AGL,CE,Combined TRACON& Tower with Radar,919,356,46,0,1321,0,9,19,0,28,919,365,65,0,1349,0,0,0,1349
01/19/2002,DTW,MI,AGL,CE,Combined TRACON& Tower with Radar,727,267,21,0,1015,28,0,0,0,28,755,267,21,0,1043,1,0,1,1044
01/20/2002,DTW,MI,AGL,CE,Combined TRACON& Tower with Radar,776,294,10,0,1080,26,4,0,0,30,802,298,10,0,1110,0,0,0,1110
01/21/2002,DTW,MI,AGL,CE,Combined TRACON& Tower with Radar,893,339,38,0,1270,0,10,0,0,10,893,349,38,0,1280,21,0,21,1301
01/22/2002,DTW,MI,AGL,CE,Combined TRACON& Tower with Radar,911,355,46,1,1313,0,6,32,1,39,911,361,78,2,1352,0,0,0,1352
01/23/2002,DTW,MI,AGL,CE,Combined TRACON& Tower with Radar,916,351,46,0,1313,0,10,2,0,12,916,361,48,0,1325,0,0,0,1325
01/24/2002,DTW,MI,AGL,CE,Combined TRACON& Tower with Radar,907,353,45,0,1305,0,17,7,0,24,907,370,52,0,1329,45,0,45,1374
01/25/2002,DTW,MI,AGL,CE,Combined TRACON& Tower with Radar,924,365,47,1,1337,0,7,41,1,49,924,372,88,2,1386,34,0,34,1420
01/26/2002,DTW,MI,AGL,CE,Combined TRACON& Tower with Radar,766,288,23,0,1077,23,0,0,0,23,789,288,23,0,1100,79,0,79,1179
01/27/2002,DTW,MI,AGL,CE,Combined TRACON& Tower with Radar,792,289,39,0,1120,23,0,1,0,24,815,289,40,0,1144,0,0,0,1144
01/28/2002,DTW,MI,AGL,CE,Combined TRACON& Tower with Radar,903,349,45,0,1297,0,14,10,0,24,903,363,55,0,1321,43,0,43,1364
01/29/2002,DTW,MI,AGL,CE,Combined TRACON& Tower with Radar,905,349,45,0,1299,0,5,9,0,14,905,354,54,0,1313,0,0,0,1313
01/30/2002,DTW,MI,AGL,CE,Combined TRACON& Tower with Radar,857,333,43,0,1233,0,5,12,0,17,857,338,55,0,1250,0,0,0,1250
01/31/2002,DTW,MI,AGL,CE,Combined TRACON& Tower with Radar,626,172,30,0,828,60,0,7,0,67,686,172,37,0,895,18,0,18,913
02/01/2002,DTW,MI,AGL,CE,Combined TRACON& Tower with Radar,938,359,46,0,1343,0,10,1,1,12,938,369,47,1,1355,30,0,30,1385
02/02/2002,DTW,MI,AGL,CE,Combined TRACON& Tower with Radar,804,299,23,0,1126,34,0,0,0,34,838,299,23,0,1160,72,0,72,1232
02/03/2002,DTW,MI,AGL,CE,Combined TRACON& Tower with Radar,793,300,28,0,1121,21,1,0,0,22,814,301,28,0,1143,0,0,0,1143
02/04/2002,DTW,MI,AGL,CE,Combined TRACON& Tower with Radar,903,358,46,0,1307,0,14,31,0,45,903,372,77,0,1352,49,0,49,1401
02/05/2002,DTW,MI,AGL,CE,Combined TRACON& Tower with Radar,911,352,45,0,1308,0,14,13,0,27,911,366,58,0,1335,0,0,0,1335
02/06/2002,DTW,MI,AGL,CE,Combined TRACON& Tower with Radar,913,359,46,0,1318,0,19,23,2,44,913,378,69,2,1362,0,0,0,1362
02/07/2002,DTW,MI,AGL,CE,Combined TRACON& Tower with Radar,930,363,47,0,1340,0,14,30,2,46,930,377,77,2,1386,46,0,46,1432
02/08/2002,DTW,MI,AGL,CE,Combined TRACON& Tower with Radar,946,363,47,0,1356,0,17,7,0,24,946,380,54,0,1380,46,0,46,1426
02/09/2002,DTW,MI,AGL,CE,Combined TRACON& Tower with Radar,800,297,28,0,1125,23,0,0,0,23,823,297,28,0,1148,35,0,35,1183
02/10/2002,DTW,MI,AGL,CE,Combined TRACON& Tower with Radar,774,292,27,0,1093,14,0,0,1,15,788,292,27,1,1108,20,0,20,1128
02/11/2002,DTW,MI,AGL,CE,Combined TRACON& Tower with Radar,961,369,47,0,1377,0,10,15,0,25,961,379,62,0,1402,37,0,37,1439
02/12/2002,DTW,MI,AGL,CE,Combined TRACON& Tower with Radar,854,333,42,0,1229,0,16,13,0,29,854,349,55,0,1258,0,0,0,1258
02/13/2002,DTW,MI,AGL,CE,Combined TRACON& Tower with Radar,972,370,46,0,1388,0,8,7,0,15,972,378,53,0,1403,0,0,0,1403
02/14/2002,DTW,MI,AGL,CE,Combined TRACON& Tower with Radar,981,374,47,0,1402,0,5,5,0,10,981,379,52,0,1412,36,0,36,1448
02/15/2002,DTW,MI,AGL,CE,Combined TRACON& Tower with Radar,1014,380,48,0,1442,3,0,4,0,7,1017,380,52,0,1449,42,0,42,1491
02/16/2002,DTW,MI,AGL,CE,Combined TRACON& Tower with Radar,834,307,22,0,1163,29,0,0,0,29,863,307,22,0,1192,0,0,0,1192
02/17/2002,DTW,MI,AGL,CE,Combined TRACON& Tower with Radar,868,314,41,0,1223,27,0,29,0,56,895,314,70,0,1279,0,0,0,1279
02/18/2002,DTW,MI,AGL,CE,Combined TRACON& Tower with Radar,984,372,47,0,1403,0,0,20,1,21,984,372,67,1,1424,55,0,55,1479
02/19/2002,DTW,MI,AGL,CE,Combined TRACON& Tower with Radar,963,364,46,0,1373,0,7,0,0,7,963,371,46,0,1380,0,0,0,1380
02/20/2002,DTW,MI,AGL,CE,Combined TRACON& Tower with Radar,994,378,47,0,1419,0,1,2,0,3,994,379,49,0,1422,0,0,0,1422
02/21/2002,DTW,MI,AGL,CE,Combined TRACON& Tower with Radar,970,379,47,0,1396,0,3,30,0,33,970,382,77,0,1429,36,0,36,1465
02/22/2002,DTW,MI,AGL,CE,Combined TRACON& Tower with Radar,1013,384,37,0,1434,10,6,0,1,17,1023,390,37,1,1451,34,0,34,1485
02/23/2002,DTW,MI,AGL,CE,Combined TRACON& Tower with Radar,862,312,41,0,1215,24,0,2,1,27,886,312,43,1,1242,35,0,35,1277
02/24/2002,DTW,MI,AGL,CE,Combined TRACON& Tower with Radar,848,305,40,0,1193,18,0,9,0,27,866,305,49,0,1220,0,0,0,1220
02/25/2002,DTW,MI,AGL,CE,Combined TRACON& Tower with Radar,961,364,46,0,1371,0,3,1,1,5,961,367,47,1,1376,23,0,23,1399
02/26/2002,DTW,MI,AGL,CE,Combined TRACON& Tower with Radar,783,264,37,0,1084,33,0,6,0,39,816,264,43,0,1123,0,0,0,1123
02/27/2002,DTW,MI,AGL,CE,Combined TRACON& Tower with Radar,992,349,47,0,1388,15,0,16,1,32,1007,349,63,1,1420,0,0,0,1420
02/28/2002,DTW,MI,AGL,CE,Combined TRACON& Tower with Radar,913,348,44,0,1305,0,1,7,0,8,913,349,51,0,1313,34,0,34,1347
03/01/2002,DTW,MI,AGL,CE,Combined TRACON& Tower with Radar,987,376,40,0,1403,0,2,12,0,14,987,378,52,0,1417,35,0,35,1452
03/02/2002,DTW,MI,AGL,CE,Combined TRACON& Tower with Radar,813,294,14,0,1121,31,0,0,0,31,844,294,14,0,1152,19,0,19,1171
03/03/2002,DTW,MI,AGL,CE,Combined TRACON& Tower with Radar,850,301,27,0,1178,29,0,0,0,29,879,301,27,0,1207,0,0,0,1207
03/04/2002,DTW,MI,AGL,CE,Combined TRACON& Tower with Radar,974,367,37,0,1378,0,8,0,0,8,974,375,37,0,1386,33,0,33,1419
03/05/2002,DTW,MI,AGL,CE,Combined TRACON& Tower with Radar,946,365,40,0,1351,0,19,42,0,61,946,384,82,0,1412,0,0,0,1412
03/06/2002,DTW,MI,AGL,CE,Combined TRACON& Tower with Radar,1009,394,43,0,1446,0,11,32,0,43,1009,405,75,0,1489,0,0,0,1489
03/07/2002,DTW,MI,AGL,CE,Combined TRACON& Tower with Radar,989,378,42,0,1409,0,4,17,0,21,989,382,59,0,1430,32,0,32,1462
03/08/2002,DTW,MI,AGL,CE,Combined TRACON& Tower with Radar,990,377,42,0,1409,0,8,11,0,19,990,385,53,0,1428,0,0,0,1428
03/09/2002,DTW,MI,AGL,CE,Combined TRACON& Tower with Radar,798,282,16,0,1096,38,0,0,0,38,836,282,16,0,1134,0,0,0,1134
03/10/2002,DTW,MI,AGL,CE,Combined TRACON& Tower with Radar,831,273,30,0,1134,43,0,0,0,43,874,273,30,0,1177,0,0,0,1177
03/11/2002,DTW,MI,AGL,CE,Combined TRACON& Tower with Radar,1011,373,42,0,1426,4,0,12,0,16,1015,373,54,0,1442,33,0,33,1475
03/12/2002,DTW,MI,AGL,CE,Combined TRACON& Tower with Radar,971,372,41,0,1384,0,9,21,1,31,971,381,62,1,1415,0,0,0,1415
03/13/2002,DTW,MI,AGL,CE,Combined TRACON& Tower with Radar,975,372,41,0,1388,0,12,15,3,30,975,384,56,3,1418,0,0,0,1418
03/14/2002,DTW,MI,AGL,CE,Combined TRACON& Tower with Radar,989,380,42,0,1411,0,2,17,0,19,989,382,59,0,1430,50,0,50,1480
03/15/2002,DTW,MI,AGL,CE,Combined TRACON& Tower with Radar,937,357,39,0,1333,0,4,14,0,18,937,361,53,0,1351,103,0,103,1454
03/16/2002,DTW,MI,AGL,CE,Combined TRACON& Tower with Radar,838,315,15,0,1168,339,300,0,2,641,1177,615,15,2,1809,0,0,0,1809
03/17/2002,DTW,MI,AGL,CE,Combined TRACON& Tower with Radar,832,312,35,0,1179,4,0,0,0,4,836,312,35,0,1183,0,0,0,1183
03/18/2002,DTW,MI,AGL,CE,Combined TRACON& Tower with Radar,966,370,40,0,1376,0,17,6,0,23,966,387,46,0,1399,0,0,0,1399
03/19/2002,DTW,MI,AGL,CE,Combined TRACON& Tower with Radar,939,364,39,0,1342,0,26,10,0,36,939,390,49,0,1378,0,0,0,1378
03/20/2002,DTW,MI,AGL,CE,Combined TRACON& Tower with Radar,976,377,41,0,1394,0,24,7,0,31,976,401,48,0,1425,0,0,0,1425
03/21/2002,DTW,MI,AGL,CE,Combined TRACON& Tower with Radar,989,371,39,0,1399,0,8,0,0,8,989,379,39,0,1407,59,0,59,1466
03/22/2002,DTW,MI,AGL,CE,Combined TRACON& Tower with Radar,1001,383,41,0,1425,0,4,18,0,22,1001,387,59,0,1447,56,0,56,1503
03/23/2002,DTW,MI,AGL,CE,Combined TRACON& Tower with Radar,849,310,21,0,1180,30,0,0,1,31,879,310,21,1,1211,0,0,0,1211
03/24/2002,DTW,MI,AGL,CE,Combined TRACON& Tower with Radar,844,314,22,0,1180,21,0,0,0,21,865,314,22,0,1201,0,0,0,1201
03/25/2002,DTW,MI,AGL,CE,Combined TRACON& Tower with Radar,909,330,37,0,1276,0,0,16,0,16,909,330,53,0,1292,28,0,28,1320
03/26/2002,DTW,MI,AGL,CE,Combined TRACON& Tower with Radar,832,267,34,0,1133,43,0,1,0,44,875,267,35,0,1177,0,0,0,1177
03/27/2002,DTW,MI,AGL,CE,Combined TRACON& Tower with Radar,1043,399,43,0,1485,0,2,27,0,29,1043,401,70,0,1514,0,0,0,1514
03/28/2002,DTW,MI,AGL,CE,Combined TRACON& Tower with Radar,997,385,41,0,1423,0,9,35,0,44,997,394,76,0,1467,42,0,42,1509
03/29/2002,DTW,MI,AGL,CE,Combined TRACON& Tower with Radar,1017,381,36,0,1434,4,11,0,0,15,1021,392,36,0,1449,0,0,0,1449
03/30/2002,DTW,MI,AGL,CE,Combined TRACON& Tower with Radar,870,322,15,0,1207,26,0,0,1,27,896,322,15,1,1234,6,0,6,1240
03/31/2002,DTW,MI,AGL,CE,Combined TRACON& Tower with Radar,849,317,11,0,1177,30,0,0,0,30,879,317,11,0,1207,0,0,0,1207
04/01/2002,DTW,MI,AGL,CE,Combined TRACON& Tower with Radar,950,367,48,0,1365,15,4,11,0,30,965,371,59,0,1395,0,0,0,1395
04/02/2002,DTW,MI,AGL,CE,Combined TRACON& Tower with Radar,982,380,48,0,1410,0,4,34,0,38,982,384,82,0,1448,0,0,0,1448
04/03/2002,DTW,MI,AGL,CE,Combined TRACON& Tower with Radar,993,384,44,0,1421,11,0,0,0,11,1004,384,44,0,1432,0,0,0,1432
04/04/2002,DTW,MI,AGL,CE,Combined TRACON& Tower with Radar,1002,387,50,0,1439,9,6,20,1,36,1011,393,70,1,1475,0,0,0,1475
04/05/2002,DTW,MI,AGL,CE,Combined TRACON& Tower with Radar,990,382,45,0,1417,7,1,0,2,10,997,383,45,2,1427,26,0,26,1453
04/06/2002,DTW,MI,AGL,CE,Combined TRACON& Tower with Radar,878,331,35,0,1244,28,0,0,0,28,906,331,35,0,1272,24,0,24,1296
04/07/2002,DTW,MI,AGL,CE,Combined TRACON& Tower with Radar,863,321,36,0,1220,23,0,0,0,23,886,321,36,0,1243,0,0,0,1243
04/08/2002,DTW,MI,AGL,CE,Combined TRACON& Tower with Radar,960,366,33,1,1360,20,0,0,1,21,980,366,33,2,1381,0,0,0,1381
04/09/2002,DTW,MI,AGL,CE,Combined TRACON& Tower with Radar,1006,394,50,1,1451,0,1,9,3,13,1006,395,59,4,1464,4,0,4,1468
04/10/2002,DTW,MI,AGL,CE,Combined TRACON& Tower with Radar,995,386,48,0,1429,0,6,17,0,23,995,392,65,0,1452,0,0,0,1452
04/11/2002,DTW,MI,AGL,CE,Combined TRACON& Tower with Radar,988,391,49,0,1428,0,0,82,0,82,988,391,131,0,1510,0,0,0,1510
04/12/2002,DTW,MI,AGL,CE,Combined TRACON& Tower with Radar,963,377,47,0,1387,0,5,10,0,15,963,382,57,0,1402,50,0,50,1452
04/13/2002,DTW,MI,AGL,CE,Combined TRACON& Tower with Radar,873,338,18,0,1229,12,13,0,0,25,885,351,18,0,1254,41,0,41,1295
04/14/2002,DTW,MI,AGL,CE,Combined TRACON& Tower with Radar,854,303,37,0,1194,37,0,0,0,37,891,303,37,0,1231,32,0,32,1263
04/15/2002,DTW,MI,AGL,CE,Combined TRACON& Tower with Radar,972,382,48,1,1403,0,27,6,0,33,972,409,54,1,1436,48,0,48,1484
04/16/2002,DTW,MI,AGL,CE,Combined TRACON& Tower with Radar,962,375,47,1,1385,0,2,10,3,15,962,377,57,4,1400,0,0,0,1400
04/17/2002,DTW,MI,AGL,CE,Combined TRACON& Tower with Radar,980,384,48,0,1412,0,5,12,0,17,980,389,60,0,1429,0,0,0,1429
04/18/2002,DTW,MI,AGL,CE,Combined TRACON& Tower with Radar,979,382,49,0,1410,0,0,79,0,79,979,382,128,0,1489,0,0,0,1489
04/19/2002,DTW,MI,AGL,CE,Combined TRACON& Tower with Radar,871,339,43,0,1253,0,6,13,0,19,871,345,56,0,1272,57,0,57,1329
04/20/2002,DTW,MI,AGL,CE,Combined TRACON& Tower with Radar,846,325,21,1,1193,20,3,0,0,23,866,328,21,1,1216,40,0,40,1256
04/21/2002,DTW,MI,AGL,CE,Combined TRACON& Tower with Radar,845,325,25,0,1195,18,6,0,0,24,863,331,25,0,1219,39,0,39,1258
04/22/2002,DTW,MI,AGL,CE,Combined TRACON& Tower with Radar,966,370,44,0,1380,10,0,0,0,10,976,370,44,0,1390,43,0,43,1433
04/23/2002,DTW,MI,AGL,CE,Combined TRACON& Tower with Radar,983,386,48,1,1418,0,5,30,2,37,983,391,78,3,1455,0,0,0,1455
04/24/2002,DTW,MI,AGL,CE,Combined TRACON& Tower with Radar,984,383,49,1,1417,0,0,36,1,37,984,383,85,2,1454,0,0,0,1454
04/25/2002,DTW,MI,AGL,CE,Combined TRACON& Tower with Radar,988,378,50,1,1417,0,0,73,1,74,988,378,123,2,1491,0,0,0,1491
04/26/2002,DTW,MI,AGL,CE,Combined TRACON& Tower with Radar,992,385,48,1,1426,0,10,10,3,23,992,395,58,4,1449,61,0,61,1510
04/27/2002,DTW,MI,AGL,CE,Combined TRACON& Tower with Radar,832,320,41,0,1193,7,0,4,0,11,839,320,45,0,1204,49,0,49,1253
04/28/2002,DTW,MI,AGL,CE,Combined TRACON& Tower with Radar,829,311,24,0,1164,25,0,0,0,25,854,311,24,0,1189,14,0,14,1203
04/29/2002,DTW,MI,AGL,CE,Combined TRACON& Tower with Radar,986,382,48,0,1416,0,4,7,4,15,986,386,55,4,1431,30,0,30,1461
04/30/2002,DTW,MI,AGL,CE,Combined TRACON& Tower with Radar,984,386,48,0,1418,0,1,18,0,19,984,387,66,0,1437,0,0,0,1437
05/01/2002,DTW,MI,AGL,CE,Combined TRACON& Tower with Radar,947,373,52,1,1373,0,3,16,0,19,947,376,68,1,1392,0,0,0,1392
05/02/2002,DTW,MI,AGL,CE,Combined TRACON& Tower with Radar,945,391,54,1,1391,0,0,65,1,66,945,391,119,2,1457,0,0,0,1457
05/03/2002,DTW,MI,AGL,CE,Combined TRACON& Tower with Radar,953,377,52,0,1382,0,15,16,2,33,953,392,68,2,1415,57,0,57,1472
05/04/2002,DTW,MI,AGL,CE,Combined TRACON& Tower with Radar,836,325,29,0,1190,28,4,0,1,33,864,329,29,1,1223,34,0,34,1257
05/05/2002,DTW,MI,AGL,CE,Combined TRACON& Tower with Radar,848,328,46,0,1222,8,0,6,1,15,856,328,52,1,1237,34,0,34,1271
05/06/2002,DTW,MI,AGL,CE,Combined TRACON& Tower with Radar,951,372,52,0,1375,0,4,2,3,9,951,376,54,3,1384,25,0,25,1409
05/07/2002,DTW,MI,AGL,CE,Combined TRACON& Tower with Radar,963,369,52,0,1384,1,0,8,1,10,964,369,60,1,1394,0,0,0,1394
05/08/2002,DTW,MI,AGL,CE,Combined TRACON& Tower with Radar,965,382,53,0,1400,0,4,17,0,21,965,386,70,0,1421,0,0,0,1421
05/09/2002,DTW,MI,AGL,CE,Combined TRACON& Tower with Radar,958,376,53,0,1387,0,10,5,1,16,958,386,58,1,1403,0,0,0,1403
05/10/2002,DTW,MI,AGL,CE,Combined TRACON& Tower with Radar,973,377,50,0,1400,11,0,0,0,11,984,377,50,0,1411,67,0,67,1478
05/11/2002,DTW,MI,AGL,CE,Combined TRACON& Tower with Radar,829,318,23,0,1170,34,0,0,0,34,863,318,23,0,1204,27,0,27,1231
05/12/2002,DTW,MI,AGL,CE,Combined TRACON& Tower with Radar,798,301,14,0,1113,38,0,0,0,38,836,301,14,0,1151,0,0,0,1151
05/13/2002,DTW,MI,AGL,CE,Combined TRACON& Tower with Radar,940,360,50,0,1350,7,0,1,0,8,947,360,51,0,1358,0,0,0,1358
05/14/2002,DTW,MI,AGL,CE,Combined TRACON& Tower with Radar,979,386,52,2,1419,0,6,14,3,23,979,392,66,5,1442,0,0,0,1442
05/15/2002,DTW,MI,AGL,CE,Combined TRACON& Tower with Radar,976,387,52,1,1416,0,3,29,0,32,976,390,81,1,1448,0,0,0,1448
05/16/2002,DTW,MI,AGL,CE,Combined TRACON& Tower with Radar,976,379,52,1,1408,0,0,21,1,22,976,379,73,2,1430,0,0,0,1430
05/17/2002,DTW,MI,AGL,CE,Combined TRACON& Tower with Radar,966,385,52,0,1403,0,10,25,0,35,966,395,77,0,1438,0,0,0,1438
05/18/2002,DTW,MI,AGL,CE,Combined TRACON& Tower with Radar,843,328,23,1,1195,26,2,0,4,32,869,330,23,5,1227,0,0,0,1227
05/19/2002,DTW,MI,AGL,CE,Combined TRACON& Tower with Radar,847,327,29,0,1203,22,0,0,0,22,869,327,29,0,1225,0,0,0,1225
05/20/2002,DTW,MI,AGL,CE,Combined TRACON& Tower with Radar,972,379,52,1,1404,0,0,15,0,15,972,379,67,1,1419,0,0,0,1419
05/21/2002,DTW,MI,AGL,CE,Combined TRACON& Tower with Radar,970,375,51,0,1396,6,0,12,0,18,976,375,63,0,1414,20,0,20,1434
05/22/2002,DTW,MI,AGL,CE,Combined TRACON& Tower with Radar,982,380,52,1,1415,0,6,5,0,11,982,386,57,1,1426,0,0,0,1426
05/23/2002,DTW,MI,AGL,CE,Combined TRACON& Tower with Radar,989,382,52,0,1423,0,0,32,0,32,989,382,84,0,1455,28,0,28,1483
05/24/2002,DTW,MI,AGL,CE,Combined TRACON& Tower with Radar,895,346,48,0,1289,0,0,17,0,17,895,346,65,0,1306,32,0,32,1338
05/25/2002,DTW,MI,AGL,CE,Combined TRACON& Tower with Radar,851,321,23,1,1196,33,0,0,0,33,884,321,23,1,1229,0,0,0,1229
05/26/2002,DTW,MI,AGL,CE,Combined TRACON& Tower with Radar,850,328,29,0,1207,23,1,0,0,24,873,329,29,0,1231,38,0,38,1269
05/27/2002,DTW,MI,AGL,CE,Combined TRACON& Tower with Radar,838,325,35,1,1199,17,3,0,2,22,855,328,35,3,1221,0,0,0,1221
05/28/2002,DTW,MI,AGL,CE,Combined TRACON& Tower with Radar,953,366,50,1,1370,5,0,4,1,10,958,366,54,2,1380,0,0,0,1380
05/29/2002,DTW,MI,AGL,CE,Combined TRACON& Tower with Radar,986,373,52,0,1411,0,0,24,0,24,986,373,76,0,1435,0,0,0,1435
05/30/2002,DTW,MI,AGL,CE,Combined TRACON& Tower with Radar,965,377,51,1,1394,0,0,13,1,14,965,377,64,2,1408,0,0,0,1408
05/31/2002,DTW,MI,AGL,CE,Combined TRACON& Tower with Radar,967,379,51,1,1398,0,12,3,1,16,967,391,54,2,1414,36,0,36,1450
06/01/2002,DTW,MI,AGL,CE,Combined TRACON& Tower with Radar,864,319,26,0,1209,17,6,0,0,23,881,325,26,0,1232,8,0,8,1240
06/02/2002,DTW,MI,AGL,CE,Combined TRACON& Tower with Radar,870,321,42,0,1233,3,4,5,2,14,873,325,47,2,1247,30,0,30,1277
06/03/2002,DTW,MI,AGL,CE,Combined TRACON& Tower with Radar,954,361,47,0,1362,0,9,22,0,31,954,370,69,0,1393,0,0,0,1393
06/04/2002,DTW,MI,AGL,CE,Combined TRACON& Tower with Radar,983,371,48,0,1402,0,22,7,0,29,983,393,55,0,1431,0,0,0,1431
06/05/2002,DTW,MI,AGL,CE,Combined TRACON& Tower with Radar,916,342,45,1,1304,0,5,9,0,14,916,347,54,1,1318,0,0,0,1318
06/06/2002,DTW,MI,AGL,CE,Combined TRACON& Tower with Radar,971,371,48,1,1391,0,31,16,1,48,971,402,64,2,1439,0,0,0,1439
06/07/2002,DTW,MI,AGL,CE,Combined TRACON& Tower with Radar,1034,387,50,1,1472,0,1,43,1,45,1034,388,93,2,1517,0,0,0,1517
06/08/2002,DTW,MI,AGL,CE,Combined TRACON& Tower with Radar,898,328,22,1,1249,33,0,0,1,34,931,328,22,2,1283,100,0,100,1383
06/09/2002,DTW,MI,AGL,CE,Combined TRACON& Tower with Radar,907,327,43,1,1278,18,0,5,1,24,925,327,48,2,1302,23,0,23,1325
06/10/2002,DTW,MI,AGL,CE,Combined TRACON& Tower with Radar,1007,377,49,0,1433,0,12,19,0,31,1007,389,68,0,1464,34,0,34,1498
06/11/2002,DTW,MI,AGL,CE,Combined TRACON& Tower with Radar,1033,384,50,0,1467,0,0,31,0,31,1033,384,81,0,1498,0,0,0,1498
06/12/2002,DTW,MI,AGL,CE,Combined TRACON& Tower with Radar,1039,389,51,1,1480,0,0,23,2,25,1039,389,74,3,1505,0,0,0,1505
06/13/2002,DTW,MI,AGL,CE,Combined TRACON& Tower with Radar,1033,383,49,0,1465,0,0,11,0,11,1033,383,60,0,1476,0,0,0,1476
06/14/2002,DTW,MI,AGL,CE,Combined TRACON& Tower with Radar,1009,375,48,0,1432,0,2,11,0,13,1009,377,59,0,1445,33,0,33,1478
06/15/2002,DTW,MI,AGL,CE,Combined TRACON& Tower with Radar,913,328,23,0,1264,32,0,0,0,32,945,328,23,0,1296,44,0,44,1340
06/16/2002,DTW,MI,AGL,CE,Combined TRACON& Tower with Radar,907,321,43,1,1272,27,0,1,0,28,934,321,44,1,1300,35,0,35,1335
06/17/2002,DTW,MI,AGL,CE,Combined TRACON& Tower with Radar,1010,373,49,1,1433,0,0,8,1,9,1010,373,57,2,1442,41,0,41,1483
06/18/2002,DTW,MI,AGL,CE,Combined TRACON& Tower with Radar,1040,387,51,1,1479,0,7,21,0,28,1040,394,72,1,1507,0,0,0,1507
06/19/2002,DTW,MI,AGL,CE,Combined TRACON& Tower with Radar,1032,387,51,1,1471,0,4,30,4,38,1032,391,81,5,1509,0,0,0,1509
06/20/2002,DTW,MI,AGL,CE,Combined TRACON& Tower with Radar,1028,382,50,1,1461,0,7,75,1,83,1028,389,125,2,1544,0,0,0,1544
06/21/2002,DTW,MI,AGL,CE,Combined TRACON& Tower with Radar,931,336,44,1,1312,0,0,18,5,23,931,336,62,6,1335,0,0,0,1335
06/22/2002,DTW,MI,AGL,CE,Combined TRACON& Tower with Radar,928,335,31,0,1294,34,0,0,0,34,962,335,31,0,1328,42,0,42,1370
06/23/2002,DTW,MI,AGL,CE,Combined TRACON& Tower with Radar,894,328,19,0,1241,32,0,0,0,32,926,328,19,0,1273,0,0,0,1273
06/24/2002,DTW,MI,AGL,CE,Combined TRACON& Tower with Radar,1014,371,48,0,1433,2,0,7,0,9,1016,371,55,0,1442,46,0,46,1488
06/25/2002,DTW,MI,AGL,CE,Combined TRACON& Tower with Radar,1023,378,49,1,1451,0,2,9,0,11,1023,380,58,1,1462,4,0,4,1466
06/26/2002,DTW,MI,AGL,CE,Combined TRACON& Tower with Radar,996,365,48,0,1409,0,0,24,0,24,996,365,72,0,1433,0,0,0,1433
06/27/2002,DTW,MI,AGL,CE,Combined TRACON& Tower with Radar,914,346,44,1,1305,0,4,29,1,34,914,350,73,2,1339,0,0,0,1339
06/28/2002,DTW,MI,AGL,CE,Combined TRACON& Tower with Radar,911,335,44,1,1291,154,55,30,0,239,1065,390,74,1,1530,0,0,0,1530
06/29/2002,DTW,MI,AGL,CE,Combined TRACON& Tower with Radar,948,323,34,0,1305,0,0,0,1,1,948,323,34,1,1306,60,0,60,1366
06/30/2002,DTW,MI,AGL,CE,Combined TRACON& Tower with Radar,909,320,40,0,1269,29,0,0,0,29,938,320,40,0,1298,41,0,41,1339
07/01/2002,DTW,MI,AGL,CE,Combined TRACON& Tower with Radar,1008,361,45,0,1414,9,3,2,0,14,1017,364,47,0,1428,45,0,45,1473
07/02/2002,DTW,MI,AGL,CE,Combined TRACON& Tower with Radar,1028,371,47,0,1446,0,8,19,4,31,1028,379,66,4,1477,40,0,40,1517
07/03/2002,DTW,MI,AGL,CE,Combined TRACON& Tower with Radar,1038,374,47,0,1459,0,0,26,2,28,1038,374,73,2,1487,0,0,0,1487
07/04/2002,DTW,MI,AGL,CE,Combined TRACON& Tower with Radar,925,331,24,0,1280,2,27,0,0,29,927,358,24,0,1309,0,0,0,1309
07/05/2002,DTW,MI,AGL,CE,Combined TRACON& Tower with Radar,872,311,26,0,1209,5,21,0,0,26,877,332,26,0,1235,0,0,0,1235
07/06/2002,DTW,MI,AGL,CE,Combined TRACON& Tower with Radar,882,316,19,0,1217,33,1,0,1,35,915,317,19,1,1252,49,0,49,1301
07/07/2002,DTW,MI,AGL,CE,Combined TRACON& Tower with Radar,933,328,42,0,1303,15,0,4,0,19,948,328,46,0,1322,0,0,0,1322
07/08/2002,DTW,MI,AGL,CE,Combined TRACON& Tower with Radar,973,351,44,0,1368,0,10,5,3,18,973,361,49,3,1386,0,0,0,1386
07/09/2002,DTW,MI,AGL,CE,Combined TRACON& Tower with Radar,1007,368,45,0,1420,0,7,18,0,25,1007,375,63,0,1445,0,0,0,1445
07/10/2002,DTW,MI,AGL,CE,Combined TRACON& Tower with Radar,1036,375,46,0,1457,0,4,20,0,24,1036,379,66,0,1481,0,0,0,1481
07/11/2002,DTW,MI,AGL,CE,Combined TRACON& Tower with Radar,995,365,45,1,1406,0,1,41,1,43,995,366,86,2,1449,0,0,0,1449
07/12/2002,DTW,MI,AGL,CE,Combined TRACON& Tower with Radar,1043,377,46,0,1466,0,1,29,0,30,1043,378,75,0,1496,47,0,47,1543
07/13/2002,DTW,MI,AGL,CE,Combined TRACON& Tower with Radar,904,319,20,0,1243,31,0,0,0,31,935,319,20,0,1274,0,0,0,1274
07/14/2002,DTW,MI,AGL,CE,Combined TRACON& Tower with Radar,949,336,42,1,1328,0,0,16,0,16,949,336,58,1,1344,0,0,0,1344
07/15/2002,DTW,MI,AGL,CE,Combined TRACON& Tower with Radar,1011,370,45,1,1427,0,7,30,2,39,1011,377,75,3,1466,49,0,49,1515
07/16/2002,DTW,MI,AGL,CE,Combined TRACON& Tower with Radar,1035,375,47,1,1458,0,5,28,3,36,1035,380,75,4,1494,36,0,36,1530
07/17/2002,DTW,MI,AGL,CE,Combined TRACON& Tower with Radar,1040,374,47,1,1462,0,0,31,0,31,1040,374,78,1,1493,0,0,0,1493
07/18/2002,DTW,MI,AGL,CE,Combined TRACON& Tower with Radar,952,342,42,1,1337,0,0,25,0,25,952,342,67,1,1362,0,0,0,1362
07/19/2002,DTW,MI,AGL,CE,Combined TRACON& Tower with Radar,1030,375,46,0,1451,0,15,18,0,33,1030,390,64,0,1484,50,0,50,1534
07/20/2002,DTW,MI,AGL,CE,Combined TRACON& Tower with Radar,926,316,30,0,1272,36,0,0,0,36,962,316,30,0,1308,2,0,2,1310
07/21/2002,DTW,MI,AGL,CE,Combined TRACON& Tower with Radar,814,25,25,0,864,46,0,0,0,46,860,25,25,0,910,17,0,17,927
07/22/2002,DTW,MI,AGL,CE,Combined TRACON& Tower with Radar,882,280,39,1,1202,26,0,17,0,43,908,280,56,1,1245,20,0,20,1265
07/23/2002,DTW,MI,AGL,CE,Combined TRACON& Tower with Radar,1032,380,47,0,1459,0,20,26,0,46,1032,400,73,0,1505,13,0,13,1518
07/24/2002,DTW,MI,AGL,CE,Combined TRACON& Tower with Radar,1056,379,47,1,1483,0,2,15,2,19,1056,381,62,3,1502,0,0,0,1502
07/25/2002,DTW,MI,AGL,CE,Combined TRACON& Tower with Radar,1029,375,46,0,1450,0,5,30,0,35,1029,380,76,0,1485,36,0,36,1521
07/26/2002,DTW,MI,AGL,CE,Combined TRACON& Tower with Radar,1008,346,44,0,1398,7,0,12,0,19,1015,346,56,0,1417,0,0,0,1417
07/27/2002,DTW,MI,AGL,CE,Combined TRACON& Tower with Radar,928,322,20,0,1270,35,0,0,0,35,963,322,20,0,1305,7,0,7,1312
07/28/2002,DTW,MI,AGL,CE,Combined TRACON& Tower with Radar,881,314,22,0,1217,27,0,0,0,27,908,314,22,0,1244,0,0,0,1244
07/29/2002,DTW,MI,AGL,CE,Combined TRACON& Tower with Radar,937,308,41,0,1286,17,0,18,0,35,954,308,59,0,1321,84,0,84,1405
07/30/2002,DTW,MI,AGL,CE,Combined TRACON& Tower with Radar,1051,381,47,0,1479,0,24,11,1,36,1051,405,58,1,1515,16,0,16,1531
07/31/2002,DTW,MI,AGL,CE,Combined TRACON& Tower with Radar,1038,380,47,0,1465,0,2,38,4,44,1038,382,85,4,1509,0,0,0,1509
08/01/2002,DTW,MI,AGL,CE,Combined TRACON& Tower with Radar,1040,379,47,0,1466,0,4,57,1,62,1040,383,104,1,1528,0,0,0,1528
08/02/2002,DTW,MI,AGL,CE,Combined TRACON& Tower with Radar,1035,380,47,0,1462,0,5,18,0,23,1035,385,65,0,1485,42,0,42,1527
08/03/2002,DTW,MI,AGL,CE,Combined TRACON& Tower with Radar,917,322,32,0,1271,31,0,0,0,31,948,322,32,0,1302,36,0,36,1338
08/04/2002,DTW,MI,AGL,CE,Combined TRACON& Tower with Radar,865,298,36,0,1199,20,0,0,0,20,885,298,36,0,1219,0,0,0,1219
08/05/2002,DTW,MI,AGL,CE,Combined TRACON& Tower with Radar,1047,379,48,0,1474,0,0,24,2,26,1047,379,72,2,1500,39,0,39,1539
08/06/2002,DTW,MI,AGL,CE,Combined TRACON& Tower with Radar,1011,370,47,0,1428,0,5,65,1,71,1011,375,112,1,1499,0,0,0,1499
08/07/2002,DTW,MI,AGL,CE,Combined TRACON& Tower with Radar,1052,377,48,0,1477,0,0,30,1,31,1052,377,78,1,1508,0,0,0,1508
08/08/2002,DTW,MI,AGL,CE,Combined TRACON& Tower with Radar,1044,376,47,0,1467,0,0,18,0,18,1044,376,65,0,1485,0,0,0,1485
08/09/2002,DTW,MI,AGL,CE,Combined TRACON& Tower with Radar,1012,366,46,0,1424,0,5,12,2,19,1012,371,58,2,1443,0,0,0,1443
08/10/2002,DTW,MI,AGL,CE,Combined TRACON& Tower with Radar,915,321,29,0,1265,27,0,0,1,28,942,321,29,1,1293,82,0,82,1375
08/11/2002,DTW,MI,AGL,CE,Combined TRACON& Tower with Radar,929,327,30,0,1286,24,0,0,2,26,953,327,30,2,1312,0,0,0,1312
08/12/2002,DTW,MI,AGL,CE,Combined TRACON& Tower with Radar,1019,369,46,0,1434,0,4,8,4,16,1019,373,54,4,1450,59,0,59,1509
08/13/2002,DTW,MI,AGL,CE,Combined TRACON& Tower with Radar,1032,372,45,0,1449,0,12,7,0,19,1032,384,52,0,1468,0,0,0,1468
08/14/2002,DTW,MI,AGL,CE,Combined TRACON& Tower with Radar,1047,377,46,0,1470,0,3,13,0,16,1047,380,59,0,1486,0,0,0,1486
08/15/2002,DTW,MI,AGL,CE,Combined TRACON& Tower with Radar,1046,380,46,0,1472,0,11,8,0,19,1046,391,54,0,1491,31,0,31,1522
08/16/2002,DTW,MI,AGL,CE,Combined TRACON& Tower with Radar,1035,378,47,0,1460,0,16,14,0,30,1035,394,61,0,1490,61,0,61,1551
08/17/2002,DTW,MI,AGL,CE,Combined TRACON& Tower with Radar,915,319,18,1,1253,32,0,0,1,33,947,319,18,2,1286,4,0,4,1290
08/18/2002,DTW,MI,AGL,CE,Combined TRACON& Tower with Radar,926,315,41,1,1283,23,0,4,0,27,949,315,45,1,1310,58,0,58,1368
08/19/2002,DTW,MI,AGL,CE,Combined TRACON& Tower with Radar,1016,368,45,0,1429,0,7,9,0,16,1016,375,54,0,1445,25,0,25,1470
08/20/2002,DTW,MI,AGL,CE,Combined TRACON& Tower with Radar,1054,386,47,0,1487,0,9,27,0,36,1054,395,74,0,1523,0,0,0,1523
08/21/2002,DTW,MI,AGL,CE,Combined TRACON& Tower with Radar,1042,381,47,0,1470,0,9,20,0,29,1042,390,67,0,1499,0,0,0,1499
08/22/2002,DTW,MI,AGL,CE,Combined TRACON& Tower with Radar,1020,373,45,1,1439,0,3,30,1,34,1020,376,75,2,1473,0,0,0,1473
08/23/2002,DTW,MI,AGL,CE,Combined TRACON& Tower with Radar,1054,377,46,1,1478,0,0,7,3,10,1054,377,53,4,1488,36,0,36,1524
08/24/2002,DTW,MI,AGL,CE,Combined TRACON& Tower with Radar,906,320,11,1,1238,37,0,0,0,37,943,320,11,1,1275,0,0,0,1275
08/25/2002,DTW,MI,AGL,CE,Combined TRACON& Tower with Radar,916,319,35,1,1271,25,0,0,0,25,941,319,35,1,1296,0,0,0,1296
08/26/2002,DTW,MI,AGL,CE,Combined TRACON& Tower with Radar,1023,367,45,0,1435,6,3,3,0,12,1029,370,48,0,1447,70,0,70,1517
08/27/2002,DTW,MI,AGL,CE,Combined TRACON& Tower with Radar,1038,376,46,0,1460,0,10,18,0,28,1038,386,64,0,1488,10,0,10,1498
08/28/2002,DTW,MI,AGL,CE,Combined TRACON& Tower with Radar,1061,380,46,0,1487,1,0,15,6,22,1062,380,61,6,1509,0,0,0,1509
08/29/2002,DTW,MI,AGL,CE,Combined TRACON& Tower with Radar,1053,383,47,0,1483,0,0,37,0,37,1053,383,84,0,1520,0,0,0,1520
08/30/2002,DTW,MI,AGL,CE,Combined TRACON& Tower with Radar,1057,373,41,0,1471,17,0,0,0,17,1074,373,41,0,1488,31,0,31,1519
08/31/2002,DTW,MI,AGL,CE,Combined TRACON& Tower with Radar,901,321,21,0,1243,31,0,0,0,31,932,321,21,0,1274,36,0,36,1310
09/01/2002,DTW,MI,AGL,CE,Combined TRACON& Tower with Radar,805,295,12,0,1112,58,0,0,0,58,863,295,12,0,1170,0,0,0,1170
09/02/2002,DTW,MI,AGL,CE,Combined TRACON& Tower with Radar,876,328,23,0,1227,49,0,0,0,49,925,328,23,0,1276,0,0,0,1276
09/03/2002,DTW,MI,AGL,CE,Combined TRACON& Tower with Radar,961,385,44,0,1390,0,2,7,2,11,961,387,51,2,1401,50,0,50,1451
09/04/2002,DTW,MI,AGL,CE,Combined TRACON& Tower with Radar,984,395,46,0,1425,0,0,18,0,18,984,395,64,0,1443,0,0,0,1443
09/05/2002,DTW,MI,AGL,CE,Combined TRACON& Tower with Radar,968,390,45,0,1403,0,7,14,0,21,968,397,59,0,1424,0,0,0,1424
09/06/2002,DTW,MI,AGL,CE,Combined TRACON& Tower with Radar,976,394,45,0,1415,0,3,16,2,21,976,397,61,2,1436,62,0,62,1498
09/07/2002,DTW,MI,AGL,CE,Combined TRACON& Tower with Radar,823,322,38,0,1183,13,0,6,0,19,836,322,44,0,1202,34,0,34,1236
09/08/2002,DTW,MI,AGL,CE,Combined TRACON& Tower with Radar,852,328,39,0,1219,26,0,0,1,27,878,328,39,1,1246,0,0,0,1246
09/09/2002,DTW,MI,AGL,CE,Combined TRACON& Tower with Radar,960,387,45,0,1392,0,9,13,6,28,960,396,58,6,1420,24,0,24,1444
09/10/2002,DTW,MI,AGL,CE,Combined TRACON& Tower with Radar,905,369,43,0,1317,0,0,31,0,31,905,369,74,0,1348,26,0,26,1374
09/11/2002,DTW,MI,AGL,CE,Combined TRACON& Tower with Radar,844,342,39,0,1225,0,12,15,3,30,844,354,54,3,1255,0,0,0,1255
09/12/2002,DTW,MI,AGL,CE,Combined TRACON& Tower with Radar,958,381,44,0,1383,0,0,14,1,15,958,381,58,1,1398,0,0,0,1398
09/13/2002,DTW,MI,AGL,CE,Combined TRACON& Tower with Radar,974,392,45,0,1411,0,1,20,0,21,974,393,65,0,1432,56,0,56,1488
09/14/2002,DTW,MI,AGL,CE,Combined TRACON& Tower with Radar,825,330,18,0,1173,23,0,0,1,24,848,330,18,1,1197,26,0,26,1223
09/15/2002,DTW,MI,AGL,CE,Combined TRACON& Tower with Radar,830,319,18,0,1167,29,0,0,2,31,859,319,18,2,1198,0,0,0,1198
09/16/2002,DTW,MI,AGL,CE,Combined TRACON& Tower with Radar,964,386,43,0,1393,0,3,8,0,11,964,389,51,0,1404,50,0,50,1454
09/17/2002,DTW,MI,AGL,CE,Combined TRACON& Tower with Radar,955,386,44,0,1385,0,17,12,0,29,955,403,56,0,1414,40,0,40,1454
09/18/2002,DTW,MI,AGL,CE,Combined TRACON& Tower with Radar,966,392,44,0,1402,0,4,23,0,27,966,396,67,0,1429,0,0,0,1429
09/19/2002,DTW,MI,AGL,CE,Combined TRACON& Tower with Radar,870,351,39,1,1261,0,1,16,0,17,870,352,55,1,1278,0,0,0,1278
09/20/2002,DTW,MI,AGL,CE,Combined TRACON& Tower with Radar,1042,415,40,1,1498,8,4,0,1,13,1050,419,40,2,1511,0,0,0,1511
09/21/2002,DTW,MI,AGL,CE,Combined TRACON& Tower with Radar,833,331,36,1,1201,10,7,0,2,19,843,338,36,3,1220,20,0,20,1240
09/22/2002,DTW,MI,AGL,CE,Combined TRACON& Tower with Radar,853,337,36,1,1227,17,0,0,2,19,870,337,36,3,1246,0,0,0,1246
09/23/2002,DTW,MI,AGL,CE,Combined TRACON& Tower with Radar,951,379,43,0,1373,0,9,11,0,20,951,388,54,0,1393,33,0,33,1426
09/24/2002,DTW,MI,AGL,CE,Combined TRACON& Tower with Radar,951,387,44,0,1382,0,20,21,0,41,951,407,65,0,1423,24,0,24,1447
09/25/2002,DTW,MI,AGL,CE,Combined TRACON& Tower with Radar,952,389,44,0,1385,0,11,19,0,30,952,400,63,0,1415,0,0,0,1415
09/26/2002,DTW,MI,AGL,CE,Combined TRACON& Tower with Radar,965,396,45,0,1406,0,0,41,0,41,965,396,86,0,1447,0,0,0,1447
09/27/2002,DTW,MI,AGL,CE,Combined TRACON& Tower with Radar,968,364,44,0,1376,0,0,20,0,20,968,364,64,0,1396,0,0,0,1396
09/28/2002,DTW,MI,AGL,CE,Combined TRACON& Tower with Radar,822,320,37,1,1180,10,0,9,0,19,832,320,46,1,1199,20,0,20,1219
09/29/2002,DTW,MI,AGL,CE,Combined TRACON& Tower with Radar,853,322,38,0,1213,11,0,9,0,20,864,322,47,0,1233,0,0,0,1233
09/30/2002,DTW,MI,AGL,CE,Combined TRACON& Tower with Radar,961,390,44,0,1395,0,10,22,0,32,961,400,66,0,1427,0,0,0,1427
10/01/2002,DTW,MI,AGL,CE,Combined TRACON& Tower with Radar,960,397,49,0,1406,0,7,15,1,23,960,404,64,1,1429,6,0,6,1435
10/02/2002,DTW,MI,AGL,CE,Combined TRACON& Tower with Radar,955,394,48,0,1397,0,4,10,0,14,955,398,58,0,1411,0,0,0,1411
10/03/2002,DTW,MI,AGL,CE,Combined TRACON& Tower with Radar,958,394,48,0,1400,0,6,4,0,10,958,400,52,0,1410,0,0,0,1410
10/04/2002,DTW,MI,AGL,CE,Combined TRACON& Tower with Radar,956,392,42,0,1390,0,13,0,0,13,956,405,42,0,1403,0,0,0,1403
10/05/2002,DTW,MI,AGL,CE,Combined TRACON& Tower with Radar,817,326,25,0,1168,30,0,0,2,32,847,326,25,2,1200,51,0,51,1251
10/06/2002,DTW,MI,AGL,CE,Combined TRACON& Tower with Radar,836,325,35,0,1196,35,0,0,0,35,871,325,35,0,1231,0,0,0,1231
10/07/2002,DTW,MI,AGL,CE,Combined TRACON& Tower with Radar,941,381,47,0,1369,2,0,11,0,13,943,381,58,0,1382,0,0,0,1382
10/08/2002,DTW,MI,AGL,CE,Combined TRACON& Tower with Radar,952,393,48,0,1393,0,4,21,1,26,952,397,69,1,1419,0,0,0,1419
10/09/2002,DTW,MI,AGL,CE,Combined TRACON& Tower with Radar,957,394,49,0,1400,0,0,37,0,37,957,394,86,0,1437,6,0,6,1443
10/10/2002,DTW,MI,AGL,CE,Combined TRACON& Tower with Radar,960,393,49,0,1402,0,0,59,1,60,960,393,108,1,1462,33,0,33,1495
10/11/2002,DTW,MI,AGL,CE,Combined TRACON& Tower with Radar,954,381,47,0,1382,8,0,13,0,21,962,381,60,0,1403,38,0,38,1441
10/12/2002,DTW,MI,AGL,CE,Combined TRACON& Tower with Radar,816,324,24,0,1164,29,0,0,0,29,845,324,24,0,1193,25,0,25,1218
10/13/2002,DTW,MI,AGL,CE,Combined TRACON& Tower with Radar,851,332,43,0,1226,11,0,9,0,20,862,332,52,0,1246,68,0,68,1314
10/14/2002,DTW,MI,AGL,CE,Combined TRACON& Tower with Radar,941,384,46,0,1371,4,2,8,0,14,945,386,54,0,1385,43,0,43,1428
10/15/2002,DTW,MI,AGL,CE,Combined TRACON& Tower with Radar,954,392,47,0,1393,0,7,13,0,20,954,399,60,0,1413,0,0,0,1413
10/16/2002,DTW,MI,AGL,CE,Combined TRACON& Tower with Radar,957,385,47,1,1390,0,0,26,0,26,957,385,73,1,1416,0,0,0,1416
10/17/2002,DTW,MI,AGL,CE,Combined TRACON& Tower with Radar,949,393,47,1,1390,0,12,6,1,19,949,405,53,2,1409,0,0,0,1409
10/18/2002,DTW,MI,AGL,CE,Combined TRACON& Tower with Radar,962,388,42,0,1392,15,0,0,0,15,977,388,42,0,1407,0,0,0,1407
10/19/2002,DTW,MI,AGL,CE,Combined TRACON& Tower with Radar,813,326,13,0,1152,28,0,0,0,28,841,326,13,0,1180,45,0,45,1225
10/20/2002,DTW,MI,AGL,CE,Combined TRACON& Tower with Radar,828,329,24,0,1181,29,0,0,0,29,857,329,24,0,1210,0,0,0,1210
10/21/2002,DTW,MI,AGL,CE,Combined TRACON& Tower with Radar,937,375,46,0,1358,10,0,6,0,16,947,375,52,0,1374,22,0,22,1396
10/22/2002,DTW,MI,AGL,CE,Combined TRACON& Tower with Radar,951,396,47,0,1394,0,18,12,0,30,951,414,59,0,1424,0,0,0,1424
10/23/2002,DTW,MI,AGL,CE,Combined TRACON& Tower with Radar,960,397,48,0,1405,0,0,37,0,37,960,397,85,0,1442,47,0,47,1489
10/24/2002,DTW,MI,AGL,CE,Combined TRACON& Tower with Radar,959,396,48,1,1404,0,9,18,3,30,959,405,66,4,1434,0,0,0,1434
10/25/2002,DTW,MI,AGL,CE,Combined TRACON& Tower with Radar,964,390,47,1,1402,2,0,0,1,3,966,390,47,2,1405,0,0,0,1405
10/26/2002,DTW,MI,AGL,CE,Combined TRACON& Tower with Radar,804,327,13,0,1144,28,3,0,0,31,832,330,13,0,1175,18,0,18,1193
10/27/2002,DTW,MI,AGL,CE,Combined TRACON& Tower with Radar,825,331,35,0,1191,18,0,0,1,19,843,331,35,1,1210,0,0,0,1210
10/28/2002,DTW,MI,AGL,CE,Combined TRACON& Tower with Radar,951,395,47,0,1393,0,1,20,2,23,951,396,67,2,1416,49,0,49,1465
10/29/2002,DTW,MI,AGL,CE,Combined TRACON& Tower with Radar,944,393,47,0,1384,0,12,9,0,21,944,405,56,0,1405,49,0,49,1454
10/30/2002,DTW,MI,AGL,CE,Combined TRACON& Tower with Radar,948,392,47,0,1387,0,16,4,4,24,948,408,51,4,1411,0,0,0,1411
10/31/2002,DTW,MI,AGL,CE,Combined TRACON& Tower with Radar,950,387,45,0,1382,4,8,0,2,14,954,395,45,2,1396,0,0,0,1396
11/01/2002,DTW,MI,AGL,CE,Combined TRACON& Tower with Radar,916,369,37,0,1322,0,0,13,1,14,916,369,50,1,1336,0,0,0,1336
11/02/2002,DTW,MI,AGL,CE,Combined TRACON& Tower with Radar,805,313,19,0,1137,31,0,0,0,31,836,313,19,0,1168,44,0,44,1212
11/03/2002,DTW,MI,AGL,CE,Combined TRACON& Tower with Radar,823,326,24,0,1173,24,0,0,1,25,847,326,24,1,1198,0,0,0,1198
11/04/2002,DTW,MI,AGL,CE,Combined TRACON& Tower with Radar,928,372,32,0,1332,14,0,0,0,14,942,372,32,0,1346,0,0,0,1346
11/05/2002,DTW,MI,AGL,CE,Combined TRACON& Tower with Radar,924,375,32,0,1331,0,20,0,2,22,924,395,32,2,1353,0,0,0,1353
11/06/2002,DTW,MI,AGL,CE,Combined TRACON& Tower with Radar,830,394,39,0,1263,0,106,3,2,111,830,500,42,2,1374,102,0,102,1476
11/07/2002,DTW,MI,AGL,CE,Combined TRACON& Tower with Radar,833,394,39,0,1266,0,122,84,0,206,833,516,123,0,1472,31,0,31,1503
11/08/2002,DTW,MI,AGL,CE,Combined TRACON& Tower with Radar,853,392,39,0,1284,0,117,52,2,171,853,509,91,2,1455,28,0,28,1483
11/09/2002,DTW,MI,AGL,CE,Combined TRACON& Tower with Radar,787,314,13,0,1114,28,0,0,1,29,815,314,13,1,1143,0,0,0,1143
11/10/2002,DTW,MI,AGL,CE,Combined TRACON& Tower with Radar,730,268,17,0,1015,39,0,0,1,40,769,268,17,1,1055,0,0,0,1055
11/11/2002,DTW,MI,AGL,CE,Combined TRACON& Tower with Radar,965,385,39,0,1389,0,0,17,1,18,965,385,56,1,1407,0,0,0,1407
11/12/2002,DTW,MI,AGL,CE,Combined TRACON& Tower with Radar,955,388,40,0,1383,0,0,40,0,40,955,388,80,0,1423,16,0,16,1439
11/13/2002,DTW,MI,AGL,CE,Combined TRACON& Tower with Radar,949,387,39,0,1375,0,0,35,0,35,949,387,74,0,1410,67,0,67,1477
11/14/2002,DTW,MI,AGL,CE,Combined TRACON& Tower with Radar,926,375,38,0,1339,0,0,36,1,37,926,375,74,1,1376,67,0,67,1443
11/15/2002,DTW,MI,AGL,CE,Combined TRACON& Tower with Radar,946,382,38,0,1366,1,5,0,0,6,947,387,38,0,1372,0,0,0,1372
11/16/2002,DTW,MI,AGL,CE,Combined TRACON& Tower with Radar,819,317,23,0,1159,27,0,0,1,28,846,317,23,1,1187,0,0,0,1187
11/17/2002,DTW,MI,AGL,CE,Combined TRACON& Tower with Radar,827,321,29,0,1177,18,0,0,0,18,845,321,29,0,1195,0,0,0,1195
11/18/2002,DTW,MI,AGL,CE,Combined TRACON& Tower with Radar,944,383,37,0,1364,0,2,12,0,14,944,385,49,0,1378,20,0,20,1398
11/19/2002,DTW,MI,AGL,CE,Combined TRACON& Tower with Radar,960,387,39,0,1386,0,0,22,0,22,960,387,61,0,1408,0,0,0,1408
11/20/2002,DTW,MI,AGL,CE,Combined TRACON& Tower with Radar,924,376,37,0,1337,0,3,26,0,29,924,379,63,0,1366,0,0,0,1366
11/21/2002,DTW,MI,AGL,CE,Combined TRACON& Tower with Radar,943,388,38,1,1370,0,7,16,1,24,943,395,54,2,1394,26,0,26,1420
11/22/2002,DTW,MI,AGL,CE,Combined TRACON& Tower with Radar,932,380,37,0,1349,0,6,10,0,16,932,386,47,0,1365,0,0,0,1365
11/23/2002,DTW,MI,AGL,CE,Combined TRACON& Tower with Radar,825,332,24,1,1182,10,0,0,0,10,835,332,24,1,1192,64,0,64,1256
11/24/2002,DTW,MI,AGL,CE,Combined TRACON& Tower with Radar,839,337,28,1,1205,10,3,0,2,15,849,340,28,3,1220,0,0,0,1220
11/25/2002,DTW,MI,AGL,CE,Combined TRACON& Tower with Radar,941,381,29,0,1351,0,18,0,0,18,941,399,29,0,1369,0,0,0,1369
11/26/2002,DTW,MI,AGL,CE,Combined TRACON& Tower with Radar,950,395,39,0,1384,0,10,34,3,47,950,405,73,3,1431,0,0,0,1431
11/27/2002,DTW,MI,AGL,CE,Combined TRACON& Tower with Radar,966,397,39,0,1402,0,19,10,0,29,966,416,49,0,1431,0,0,0,1431
11/28/2002,DTW,MI,AGL,CE,Combined TRACON& Tower with Radar,788,310,14,0,1112,28,0,0,0,28,816,310,14,0,1140,0,0,0,1140
11/29/2002,DTW,MI,AGL,CE,Combined TRACON& Tower with Radar,779,314,10,0,1103,6,16,0,0,22,785,330,10,0,1125,0,0,0,1125
11/30/2002,DTW,MI,AGL,CE,Combined TRACON& Tower with Radar,810,320,15,0,1145,23,0,0,0,23,833,320,15,0,1168,0,0,0,1168
12/01/2002,DTW,MI,AGL,CE,Combined TRACON& Tower with Radar,852,345,30,0,1227,0,0,16,0,16,852,345,46,0,1243,0,0,0,1243
12/02/2002,DTW,MI,AGL,CE,Combined TRACON& Tower with Radar,720,299,26,0,1045,0,3,13,2,18,720,302,39,2,1063,0,0,0,1063
12/03/2002,DTW,MI,AGL,CE,Combined TRACON& Tower with Radar,981,383,34,0,1398,0,0,23,0,23,981,383,57,0,1421,0,0,0,1421
12/04/2002,DTW,MI,AGL,CE,Combined TRACON& Tower with Radar,896,373,32,0,1301,0,6,22,0,28,896,379,54,0,1329,15,0,15,1344
12/05/2002,DTW,MI,AGL,CE,Combined TRACON& Tower with Radar,837,349,30,0,1216,0,13,15,0,28,837,362,45,0,1244,0,0,0,1244
12/06/2002,DTW,MI,AGL,CE,Combined TRACON& Tower with Radar,940,372,33,0,1345,1,0,9,1,11,941,372,42,1,1356,0,0,0,1356
12/07/2002,DTW,MI,AGL,CE,Combined TRACON& Tower with Radar,800,310,28,0,1138,18,0,7,0,25,818,310,35,0,1163,64,0,64,1227
12/08/2002,DTW,MI,AGL,CE,Combined TRACON& Tower with Radar,813,323,22,0,1158,18,0,0,0,18,831,323,22,0,1176,0,0,0,1176
12/09/2002,DTW,MI,AGL,CE,Combined TRACON& Tower with Radar,914,368,32,0,1314,0,0,19,0,19,914,368,51,0,1333,0,0,0,1333
12/10/2002,DTW,MI,AGL,CE,Combined TRACON& Tower with Radar,920,381,31,0,1332,0,9,26,0,35,920,390,57,0,1367,0,0,0,1367
12/11/2002,DTW,MI,AGL,CE,Combined TRACON& Tower with Radar,894,371,31,1,1297,0,0,33,1,34,894,371,64,2,1331,0,0,0,1331
12/12/2002,DTW,MI,AGL,CE,Combined TRACON& Tower with Radar,932,385,32,0,1349,0,7,14,0,21,932,392,46,0,1370,0,0,0,1370
12/13/2002,DTW,MI,AGL,CE,Combined TRACON& Tower with Radar,917,373,31,1,1322,0,0,15,0,15,917,373,46,1,1337,0,0,0,1337
12/14/2002,DTW,MI,AGL,CE,Combined TRACON& Tower with Radar,785,309,12,0,1106,27,0,0,0,27,812,309,12,0,1133,0,0,0,1133
12/15/2002,DTW,MI,AGL,CE,Combined TRACON& Tower with Radar,824,329,19,0,1172,17,0,0,0,17,841,329,19,0,1189,0,0,0,1189
12/16/2002,DTW,MI,AGL,CE,Combined TRACON& Tower with Radar,907,379,31,0,1317,0,1,40,0,41,907,380,71,0,1358,0,0,0,1358
12/17/2002,DTW,MI,AGL,CE,Combined TRACON& Tower with Radar,924,382,32,0,1338,0,5,19,0,24,924,387,51,0,1362,0,0,0,1362
12/18/2002,DTW,MI,AGL,CE,Combined TRACON& Tower with Radar,927,384,32,0,1343,0,16,12,0,28,927,400,44,0,1371,104,0,104,1475
12/19/2002,DTW,MI,AGL,CE,Combined TRACON& Tower with Radar,944,394,33,0,1371,0,7,24,0,31,944,401,57,0,1402,0,0,0,1402
12/20/2002,DTW,MI,AGL,CE,Combined TRACON& Tower with Radar,952,387,32,1,1372,0,6,3,0,9,952,393,35,1,1381,0,0,0,1381
12/21/2002,DTW,MI,AGL,CE,Combined TRACON& Tower with Radar,841,335,15,1,1192,18,0,0,0,18,859,335,15,1,1210,0,0,0,1210
12/22/2002,DTW,MI,AGL,CE,Combined TRACON& Tower with Radar,828,332,13,0,1173,18,0,0,2,20,846,332,13,2,1193,0,0,0,1193
12/23/2002,DTW,MI,AGL,CE,Combined TRACON& Tower with Radar,959,390,24,0,1373,6,4,0,1,11,965,394,24,1,1384,38,0,38,1422
12/24/2002,DTW,MI,AGL,CE,Combined TRACON& Tower with Radar,842,341,14,0,1197,14,6,0,0,20,856,347,14,0,1217,0,0,0,1217
12/25/2002,DTW,MI,AGL,CE,Combined TRACON& Tower with Radar,745,302,6,0,1053,10,10,0,0,20,755,312,6,0,1073,0,0,0,1073
12/26/2002,DTW,MI,AGL,CE,Combined TRACON& Tower with Radar,924,378,31,0,1333,0,8,8,0,16,924,386,39,0,1349,0,0,0,1349
12/27/2002,DTW,MI,AGL,CE,Combined TRACON& Tower with Radar,954,387,20,0,1361,4,12,0,1,17,958,399,20,1,1378,0,0,0,1378
12/28/2002,DTW,MI,AGL,CE,Combined TRACON& Tower with Radar,831,331,11,0,1173,24,0,0,0,24,855,331,11,0,1197,0,0,0,1197
12/29/2002,DTW,MI,AGL,CE,Combined TRACON& Tower with Radar,841,334,12,0,1187,25,0,0,0,25,866,334,12,0,1212,0,0,0,1212
12/30/2002,DTW,MI,AGL,CE,Combined TRACON& Tower with Radar,833,330,5,0,1168,31,0,0,0,31,864,330,5,0,1199,0,0,0,1199
12/31/2002,DTW,MI,AGL,CE,Combined TRACON& Tower with Radar,855,346,4,0,1205,24,3,0,0,27,879,349,4,0,1232,0,0,0,1232
01/01/2003,DTW,MI,AGL,CE,Combined TRACON& Tower with Radar,829,347,11,0,1187,39,0,0,1,40,868,347,11,1,1227,29,0,29,1256
01/02/2003,DTW,MI,AGL,CE,Combined TRACON& Tower with Radar,856,355,19,0,1230,31,0,0,0,31,887,355,19,0,1261,0,0,0,1261
01/03/2003,DTW,MI,AGL,CE,Combined TRACON& Tower with Radar,939,395,22,0,1356,28,0,0,1,29,967,395,22,1,1385,0,0,0,1385
01/04/2003,DTW,MI,AGL,CE,Combined TRACON& Tower with Radar,819,325,30,0,1174,37,0,0,1,38,856,325,30,1,1212,0,0,0,1212
01/05/2003,DTW,MI,AGL,CE,Combined TRACON& Tower with Radar,799,328,29,0,1156,20,0,0,1,21,819,328,29,1,1177,0,0,0,1177
01/06/2003,DTW,MI,AGL,CE,Combined TRACON& Tower with Radar,954,413,25,0,1392,8,7,0,0,15,962,420,25,0,1407,0,0,0,1407
01/07/2003,DTW,MI,AGL,CE,Combined TRACON& Tower with Radar,909,395,38,0,1342,0,4,11,0,15,909,399,49,0,1357,30,0,30,1387
01/08/2003,DTW,MI,AGL,CE,Combined TRACON& Tower with Radar,910,409,39,0,1358,0,7,37,4,48,910,416,76,4,1406,88,0,88,1494
01/09/2003,DTW,MI,AGL,CE,Combined TRACON& Tower with Radar,898,393,38,0,1329,0,0,33,0,33,898,393,71,0,1362,0,0,0,1362
01/10/2003,DTW,MI,AGL,CE,Combined TRACON& Tower with Radar,910,402,39,0,1351,0,0,28,0,28,910,402,67,0,1379,0,0,0,1379
01/11/2003,DTW,MI,AGL,CE,Combined TRACON& Tower with Radar,765,314,32,0,1111,8,0,10,0,18,773,314,42,0,1129,11,0,11,1140
01/12/2003,DTW,MI,AGL,CE,Combined TRACON& Tower with Radar,809,340,17,0,1166,28,0,0,1,29,837,340,17,1,1195,0,0,0,1195
01/13/2003,DTW,MI,AGL,CE,Combined TRACON& Tower with Radar,889,392,38,0,1319,0,7,13,0,20,889,399,51,0,1339,0,0,0,1339
01/14/2003,DTW,MI,AGL,CE,Combined TRACON& Tower with Radar,888,389,37,0,1314,0,14,5,0,19,888,403,42,0,1333,0,0,0,1333
01/15/2003,DTW,MI,AGL,CE,Combined TRACON& Tower with Radar,896,400,38,0,1334,0,5,28,0,33,896,405,66,0,1367,0,0,0,1367
01/16/2003,DTW,MI,AGL,CE,Combined TRACON& Tower with Radar,899,394,37,0,1330,0,2,15,0,17,899,396,52,0,1347,0,0,0,1347
01/17/2003,DTW,MI,AGL,CE,Combined TRACON& Tower with Radar,910,398,37,0,1345,0,1,20,0,21,910,399,57,0,1366,0,0,0,1366
01/18/2003,DTW,MI,AGL,CE,Combined TRACON& Tower with Radar,756,308,21,0,1085,32,0,0,0,32,788,308,21,0,1117,0,0,0,1117
01/19/2003,DTW,MI,AGL,CE,Combined TRACON& Tower with Radar,796,342,18,1,1157,18,0,0,0,18,814,342,18,1,1175,0,0,0,1175
01/20/2003,DTW,MI,AGL,CE,Combined TRACON& Tower with Radar,882,385,33,0,1300,0,15,0,0,15,882,400,33,0,1315,0,0,0,1315
01/21/2003,DTW,MI,AGL,CE,Combined TRACON& Tower with Radar,884,385,36,0,1305,0,8,8,0,16,884,393,44,0,1321,35,0,35,1356
01/22/2003,DTW,MI,AGL,CE,Combined TRACON& Tower with Radar,894,395,37,0,1326,0,17,17,0,34,894,412,54,0,1360,88,0,88,1448
01/23/2003,DTW,MI,AGL,CE,Combined TRACON& Tower with Radar,889,392,37,0,1318,0,9,14,0,23,889,401,51,0,1341,0,0,0,1341
01/24/2003,DTW,MI,AGL,CE,Combined TRACON& Tower with Radar,902,394,37,0,1333,0,14,6,0,20,902,408,43,0,1353,31,0,31,1384
01/25/2003,DTW,MI,AGL,CE,Combined TRACON& Tower with Radar,758,306,21,0,1085,34,0,0,1,35,792,306,21,1,1120,66,0,66,1186
01/26/2003,DTW,MI,AGL,CE,Combined TRACON& Tower with Radar,800,332,15,0,1147,32,0,0,0,32,832,332,15,0,1179,0,0,0,1179
01/27/2003,DTW,MI,AGL,CE,Combined TRACON& Tower with Radar,872,381,35,0,1288,0,3,13,0,16,872,384,48,0,1304,0,0,0,1304
01/28/2003,DTW,MI,AGL,CE,Combined TRACON& Tower with Radar,882,389,36,0,1307,0,16,5,0,21,882,405,41,0,1328,0,0,0,1328
01/29/2003,DTW,MI,AGL,CE,Combined TRACON& Tower with Radar,920,403,38,0,1361,0,17,5,0,22,920,420,43,0,1383,88,0,88,1471
01/30/2003,DTW,MI,AGL,CE,Combined TRACON& Tower with Radar,895,395,37,0,1327,0,17,11,0,28,895,412,48,0,1355,0,0,0,1355
01/31/2003,DTW,MI,AGL,CE,Combined TRACON& Tower with Radar,910,394,32,0,1336,0,12,0,0,12,910,406,32,0,1348,0,0,0,1348
02/01/2003,DTW,MI,AGL,CE,Combined TRACON& Tower with Radar,766,310,11,0,1087,32,0,0,0,32,798,310,11,0,1119,66,0,66,1185
02/02/2003,DTW,MI,AGL,CE,Combined TRACON& Tower with Radar,758,316,25,0,1099,4,4,0,0,8,762,320,25,0,1107,0,0,0,1107
02/03/2003,DTW,MI,AGL,CE,Combined TRACON& Tower with Radar,875,378,40,0,1293,0,14,20,0,34,875,392,60,0,1327,0,0,0,1327
02/04/2003,DTW,MI,AGL,CE,Combined TRACON& Tower with Radar,890,382,41,0,1313,0,9,24,0,33,890,391,65,0,1346,0,0,0,1346
02/05/2003,DTW,MI,AGL,CE,Combined TRACON& Tower with Radar,906,383,41,0,1330,0,20,0,0,20,906,403,41,0,1350,0,0,0,1350
02/06/2003,DTW,MI,AGL,CE,Combined TRACON& Tower with Radar,905,385,41,0,1331,0,12,17,0,29,905,397,58,0,1360,0,0,0,1360
02/07/2003,DTW,MI,AGL,CE,Combined TRACON& Tower with Radar,885,379,40,0,1304,0,20,10,0,30,885,399,50,0,1334,0,0,0,1334
02/08/2003,DTW,MI,AGL,CE,Combined TRACON& Tower with Radar,779,319,21,0,1119,22,0,0,0,22,801,319,21,0,1141,68,0,68,1209
02/09/2003,DTW,MI,AGL,CE,Combined TRACON& Tower with Radar,824,343,34,0,1201,4,3,0,0,7,828,346,34,0,1208,88,0,88,1296
02/10/2003,DTW,MI,AGL,CE,Combined TRACON& Tower with Radar,883,378,40,0,1301,0,17,9,1,27,883,395,49,1,1328,0,0,0,1328
02/11/2003,DTW,MI,AGL,CE,Combined TRACON& Tower with Radar,873,379,40,0,1292,0,14,30,0,44,873,393,70,0,1336,0,0,0,1336
02/12/2003,DTW,MI,AGL,CE,Combined TRACON& Tower with Radar,912,394,42,0,1348,0,17,23,1,41,912,411,65,1,1389,68,0,68,1457
02/13/2003,DTW,MI,AGL,CE,Combined TRACON& Tower with Radar,965,409,43,0,1417,0,9,16,2,27,965,418,59,2,1444,0,0,0,1444
02/14/2003,DTW,MI,AGL,CE,Combined TRACON& Tower with Radar,988,399,43,0,1430,8,0,12,0,20,996,399,55,0,1450,0,0,0,1450
02/15/2003,DTW,MI,AGL,CE,Combined TRACON& Tower with Radar,827,325,28,0,1180,31,0,0,1,32,858,325,28,1,1212,10,0,10,1222
02/16/2003,DTW,MI,AGL,CE,Combined TRACON& Tower with Radar,748,302,21,1,1072,22,0,0,1,23,770,302,21,2,1095,0,0,0,1095
02/17/2003,DTW,MI,AGL,CE,Combined TRACON& Tower with Radar,773,312,33,0,1118,10,0,0,0,10,783,312,33,0,1128,0,0,0,1128
02/18/2003,DTW,MI,AGL,CE,Combined TRACON& Tower with Radar,930,390,40,0,1360,0,5,12,0,17,930,395,52,0,1377,0,0,0,1377
02/19/2003,DTW,MI,AGL,CE,Combined TRACON& Tower with Radar,999,416,43,0,1458,0,1,11,0,12,999,417,54,0,1470,88,0,88,1558
02/20/2003,DTW,MI,AGL,CE,Combined TRACON& Tower with Radar,973,404,42,0,1419,8,1,11,0,20,981,405,53,0,1439,0,0,0,1439
02/21/2003,DTW,MI,AGL,CE,Combined TRACON& Tower with Radar,972,398,32,0,1402,18,0,0,0,18,990,398,32,0,1420,0,0,0,1420
02/22/2003,DTW,MI,AGL,CE,Combined TRACON& Tower with Radar,730,276,18,0,1024,42,0,0,1,43,772,276,18,1,1067,0,0,0,1067
02/23/2003,DTW,MI,AGL,CE,Combined TRACON& Tower with Radar,820,300,19,0,1139,57,0,0,0,57,877,300,19,0,1196,0,0,0,1196
02/24/2003,DTW,MI,AGL,CE,Combined TRACON& Tower with Radar,958,391,41,0,1390,0,0,13,0,13,958,391,54,0,1403,0,0,0,1403
02/25/2003,DTW,MI,AGL,CE,Combined TRACON& Tower with Radar,997,418,43,0,1458,0,8,5,0,13,997,426,48,0,1471,12,0,12,1483
02/26/2003,DTW,MI,AGL,CE,Combined TRACON& Tower with Radar,968,404,42,0,1414,0,6,8,1,15,968,410,50,1,1429,0,0,0,1429
02/27/2003,DTW,MI,AGL,CE,Combined TRACON& Tower with Radar,962,393,41,0,1396,11,0,2,1,14,973,393,43,1,1410,0,0,0,1410
02/28/2003,DTW,MI,AGL,CE,Combined TRACON& Tower with Radar,986,410,42,0,1438,0,6,8,1,15,986,416,50,1,1453,0,0,0,1453
03/01/2003,DTW,MI,AGL,CE,Combined TRACON& Tower with Radar,834,330,21,0,1185,27,0,0,0,27,861,330,21,0,1212,0,0,0,1212
03/02/2003,DTW,MI,AGL,CE,Combined TRACON& Tower with Radar,880,360,19,0,1259,19,0,0,0,19,899,360,19,0,1278,0,0,0,1278
03/03/2003,DTW,MI,AGL,CE,Combined TRACON& Tower with Radar,949,395,38,0,1382,0,0,14,2,16,949,395,52,2,1398,0,0,0,1398
03/04/2003,DTW,MI,AGL,CE,Combined TRACON& Tower with Radar,1009,427,41,0,1477,0,9,22,1,32,1009,436,63,1,1509,0,0,0,1509
03/05/2003,DTW,MI,AGL,CE,Combined TRACON& Tower with Radar,973,406,39,0,1418,0,10,9,0,19,973,416,48,0,1437,88,0,88,1525
03/06/2003,DTW,MI,AGL,CE,Combined TRACON& Tower with Radar,954,399,38,0,1391,0,1,15,0,16,954,400,53,0,1407,40,0,40,1447
03/07/2003,DTW,MI,AGL,CE,Combined TRACON& Tower with Radar,1019,420,41,0,1480,0,3,6,0,9,1019,423,47,0,1489,0,0,0,1489
03/08/2003,DTW,MI,AGL,CE,Combined TRACON& Tower with Radar,835,342,10,0,1187,26,0,0,0,26,861,342,10,0,1213,0,0,0,1213
03/09/2003,DTW,MI,AGL,CE,Combined TRACON& Tower with Radar,887,364,30,0,1281,11,0,0,0,11,898,364,30,0,1292,0,0,0,1292
03/10/2003,DTW,MI,AGL,CE,Combined TRACON& Tower with Radar,995,403,39,0,1437,1,0,16,0,17,996,403,55,0,1454,0,0,0,1454
03/11/2003,DTW,MI,AGL,CE,Combined TRACON& Tower with Radar,995,406,40,0,1441,0,0,11,0,11,995,406,51,0,1452,0,0,0,1452
03/12/2003,DTW,MI,AGL,CE,Combined TRACON& Tower with Radar,975,404,39,0,1418,0,0,20,0,20,975,404,59,0,1438,58,0,58,1496
03/13/2003,DTW,MI,AGL,CE,Combined TRACON& Tower with Radar,987,410,40,0,1437,0,0,15,0,15,987,410,55,0,1452,88,0,88,1540
03/14/2003,DTW,MI,AGL,CE,Combined TRACON& Tower with Radar,1011,408,40,0,1459,3,0,18,0,21,1014,408,58,0,1480,0,0,0,1480
03/15/2003,DTW,MI,AGL,CE,Combined TRACON& Tower with Radar,854,351,28,0,1233,12,0,0,0,12,866,351,28,0,1245,0,0,0,1245
03/16/2003,DTW,MI,AGL,CE,Combined TRACON& Tower with Radar,852,341,31,0,1224,15,0,0,1,16,867,341,31,1,1240,0,0,0,1240
03/17/2003,DTW,MI,AGL,CE,Combined TRACON& Tower with Radar,829,290,33,0,1152,53,0,8,3,64,882,290,41,3,1216,0,0,0,1216
03/18/2003,DTW,MI,AGL,CE,Combined TRACON& Tower with Radar,979,407,39,0,1425,0,0,19,1,20,979,407,58,1,1445,0,0,0,1445
03/19/2003,DTW,MI,AGL,CE,Combined TRACON& Tower with Radar,973,405,39,0,1417,0,19,7,1,27,973,424,46,1,1444,85,0,85,1529
03/20/2003,DTW,MI,AGL,CE,Combined TRACON& Tower with Radar,918,387,36,1,1342,0,11,17,0,28,918,398,53,1,1370,0,0,0,1370
03/21/2003,DTW,MI,AGL,CE,Combined TRACON& Tower with Radar,1039,425,41,0,1505,0,0,22,0,22,1039,425,63,0,1527,0,0,0,1527
03/22/2003,DTW,MI,AGL,CE,Combined TRACON& Tower with Radar,858,352,15,0,1225,15,7,0,0,22,873,359,15,0,1247,42,0,42,1289
03/23/2003,DTW,MI,AGL,CE,Combined TRACON& Tower with Radar,868,356,29,1,1254,17,0,0,0,17,885,356,29,1,1271,0,0,0,1271
03/24/2003,DTW,MI,AGL,CE,Combined TRACON& Tower with Radar,979,403,38,0,1420,0,10,2,1,13,979,413,40,1,1433,0,0,0,1433
03/25/2003,DTW,MI,AGL,CE,Combined TRACON& Tower with Radar,981,403,36,0,1420,0,13,0,0,13,981,416,36,0,1433,0,0,0,1433
03/26/2003,DTW,MI,AGL,CE,Combined TRACON& Tower with Radar,981,412,39,0,1432,0,12,16,0,28,981,424,55,0,1460,92,0,92,1552
03/27/2003,DTW,MI,AGL,CE,Combined TRACON& Tower with Radar,984,408,38,0,1430,0,6,15,2,23,984,414,53,2,1453,0,0,0,1453
03/28/2003,DTW,MI,AGL,CE,Combined TRACON& Tower with Radar,967,398,35,0,1400,0,10,0,0,10,967,408,35,0,1410,0,0,0,1410
03/29/2003,DTW,MI,AGL,CE,Combined TRACON& Tower with Radar,870,356,22,0,1248,15,3,0,0,18,885,359,22,0,1266,0,0,0,1266
03/30/2003,DTW,MI,AGL,CE,Combined TRACON& Tower with Radar,862,353,28,0,1243,13,0,0,0,13,875,353,28,0,1256,0,0,0,1256
03/31/2003,DTW,MI,AGL,CE,Combined TRACON& Tower with Radar,981,407,38,0,1426,0,0,16,0,16,981,407,54,0,1442,0,0,0,1442
04/01/2003,DTW,MI,AGL,CE,Combined TRACON& Tower with Radar,986,408,41,0,1435,0,2,6,0,8,986,410,47,0,1443,0,0,0,1443
04/02/2003,DTW,MI,AGL,CE,Combined TRACON& Tower with Radar,979,407,41,0,1427,0,0,25,0,25,979,407,66,0,1452,88,0,88,1540
04/03/2003,DTW,MI,AGL,CE,Combined TRACON& Tower with Radar,980,406,41,0,1427,0,4,8,1,13,980,410,49,1,1440,0,0,0,1440
04/04/2003,DTW,MI,AGL,CE,Combined TRACON& Tower with Radar,897,352,37,0,1286,10,0,7,0,17,907,352,44,0,1303,0,0,0,1303
04/05/2003,DTW,MI,AGL,CE,Combined TRACON& Tower with Radar,838,330,17,0,1185,33,0,0,0,33,871,330,17,0,1218,0,0,0,1218
04/06/2003,DTW,MI,AGL,CE,Combined TRACON& Tower with Radar,850,351,32,0,1233,9,1,0,0,10,859,352,32,0,1243,0,0,0,1243
04/07/2003,DTW,MI,AGL,CE,Combined TRACON& Tower with Radar,763,285,28,0,1076,33,0,0,0,33,796,285,28,0,1109,0,0,0,1109
04/08/2003,DTW,MI,AGL,CE,Combined TRACON& Tower with Radar,936,398,40,0,1374,0,17,19,1,37,936,415,59,1,1411,0,0,0,1411
04/09/2003,DTW,MI,AGL,CE,Combined TRACON& Tower with Radar,942,396,40,0,1378,0,0,37,2,39,942,396,77,2,1417,87,0,87,1504
04/10/2003,DTW,MI,AGL,CE,Combined TRACON& Tower with Radar,917,386,39,0,1342,0,7,23,0,30,917,393,62,0,1372,66,0,66,1438
04/11/2003,DTW,MI,AGL,CE,Combined TRACON& Tower with Radar,943,392,40,0,1375,0,0,25,2,27,943,392,65,2,1402,0,0,0,1402
04/12/2003,DTW,MI,AGL,CE,Combined TRACON& Tower with Radar,824,335,28,0,1187,20,0,0,0,20,844,335,28,0,1207,0,0,0,1207
04/13/2003,DTW,MI,AGL,CE,Combined TRACON& Tower with Radar,811,332,34,0,1177,11,0,2,0,13,822,332,36,0,1190,0,0,0,1190
04/14/2003,DTW,MI,AGL,CE,Combined TRACON& Tower with Radar,930,389,39,0,1358,0,0,27,0,27,930,389,66,0,1385,0,0,0,1385
04/15/2003,DTW,MI,AGL,CE,Combined TRACON& Tower with Radar,921,386,38,0,1345,0,12,15,0,27,921,398,53,0,1372,0,0,0,1372
04/16/2003,DTW,MI,AGL,CE,Combined TRACON& Tower with Radar,939,391,38,1,1369,0,8,15,0,23,939,399,53,1,1392,87,0,87,1479
04/17/2003,DTW,MI,AGL,CE,Combined TRACON& Tower with Radar,931,388,38,0,1357,0,2,17,0,19,931,390,55,0,1376,0,0,0,1376
04/18/2003,DTW,MI,AGL,CE,Combined TRACON& Tower with Radar,931,382,25,0,1338,5,18,0,0,23,936,400,25,0,1361,0,0,0,1361
04/19/2003,DTW,MI,AGL,CE,Combined TRACON& Tower with Radar,829,340,16,0,1185,30,1,0,0,31,859,341,16,0,1216,0,0,0,1216
04/20/2003,DTW,MI,AGL,CE,Combined TRACON& Tower with Radar,809,332,14,0,1155,18,5,0,0,23,827,337,14,0,1178,0,0,0,1178
04/21/2003,DTW,MI,AGL,CE,Combined TRACON& Tower with Radar,920,378,14,0,1312,8,18,0,0,26,928,396,14,0,1338,0,0,0,1338
04/22/2003,DTW,MI,AGL,CE,Combined TRACON& Tower with Radar,940,388,38,0,1366,0,10,0,0,10,940,398,38,0,1376,0,0,0,1376
04/23/2003,DTW,MI,AGL,CE,Combined TRACON& Tower with Radar,929,383,38,0,1350,0,0,23,0,23,929,383,61,0,1373,0,0,0,1373
04/24/2003,DTW,MI,AGL,CE,Combined TRACON& Tower with Radar,938,384,38,0,1360,1,0,8,1,10,939,384,46,1,1370,34,0,34,1404
04/25/2003,DTW,MI,AGL,CE,Combined TRACON& Tower with Radar,958,392,33,0,1383,13,0,0,0,13,971,392,33,0,1396,0,0,0,1396
04/26/2003,DTW,MI,AGL,CE,Combined TRACON& Tower with Radar,832,328,25,0,1185,29,0,0,0,29,861,328,25,0,1214,0,0,0,1214
04/27/2003,DTW,MI,AGL,CE,Combined TRACON& Tower with Radar,867,342,32,0,1241,21,0,0,1,22,888,342,32,1,1263,0,0,0,1263
04/28/2003,DTW,MI,AGL,CE,Combined TRACON& Tower with Radar,934,388,38,0,1360,0,6,8,3,17,934,394,46,3,1377,0,0,0,1377
04/29/2003,DTW,MI,AGL,CE,Combined TRACON& Tower with Radar,933,393,39,0,1365,0,0,31,0,31,933,393,70,0,1396,0,0,0,1396
04/30/2003,DTW,MI,AGL,CE,Combined TRACON& Tower with Radar,865,362,35,0,1262,0,7,11,0,18,865,369,46,0,1280,0,0,0,1280
05/01/2003,DTW,MI,AGL,CE,Combined TRACON& Tower with Radar,946,404,43,0,1393,0,5,0,1,6,946,409,43,1,1399,0,0,0,1399
05/02/2003,DTW,MI,AGL,CE,Combined TRACON& Tower with Radar,897,382,34,0,1313,8,2,0,1,11,905,384,34,1,1324,0,0,0,1324
05/03/2003,DTW,MI,AGL,CE,Combined TRACON& Tower with Radar,796,339,24,0,1159,17,3,0,1,21,813,342,24,1,1180,0,0,0,1180
05/04/2003,DTW,MI,AGL,CE,Combined TRACON& Tower with Radar,826,352,33,0,1211,13,5,0,0,18,839,357,33,0,1229,0,0,0,1229
05/05/2003,DTW,MI,AGL,CE,Combined TRACON& Tower with Radar,898,377,42,0,1317,4,0,8,0,12,902,377,50,0,1329,0,0,0,1329
05/06/2003,DTW,MI,AGL,CE,Combined TRACON& Tower with Radar,934,395,43,0,1372,0,0,17,0,17,934,395,60,0,1389,0,0,0,1389
05/07/2003,DTW,MI,AGL,CE,Combined TRACON& Tower with Radar,923,400,44,0,1367,0,0,20,0,20,923,400,64,0,1387,0,0,0,1387
05/08/2003,DTW,MI,AGL,CE,Combined TRACON& Tower with Radar,929,403,44,0,1376,0,0,25,0,25,929,403,69,0,1401,0,0,0,1401
05/09/2003,DTW,MI,AGL,CE,Combined TRACON& Tower with Radar,927,382,44,0,1353,0,0,20,3,23,927,382,64,3,1376,0,0,0,1376
05/10/2003,DTW,MI,AGL,CE,Combined TRACON& Tower with Radar,792,337,21,0,1150,17,3,0,0,20,809,340,21,0,1170,0,0,0,1170
05/11/2003,DTW,MI,AGL,CE,Combined TRACON& Tower with Radar,799,341,17,0,1157,13,7,0,0,20,812,348,17,0,1177,0,0,0,1177
05/12/2003,DTW,MI,AGL,CE,Combined TRACON& Tower with Radar,928,390,40,0,1358,10,0,0,0,10,938,390,40,0,1368,0,0,0,1368
05/13/2003,DTW,MI,AGL,CE,Combined TRACON& Tower with Radar,929,400,43,0,1372,0,5,17,0,22,929,405,60,0,1394,0,0,0,1394
05/14/2003,DTW,MI,AGL,CE,Combined TRACON& Tower with Radar,930,393,42,1,1366,4,0,21,0,25,934,393,63,1,1391,78,0,78,1469
05/15/2003,DTW,MI,AGL,CE,Combined TRACON& Tower with Radar,925,392,43,0,1360,0,0,35,0,35,925,392,78,0,1395,0,0,0,1395
05/16/2003,DTW,MI,AGL,CE,Combined TRACON& Tower with Radar,921,386,42,1,1350,7,0,0,2,9,928,386,42,3,1359,0,0,0,1359
05/17/2003,DTW,MI,AGL,CE,Combined TRACON& Tower with Radar,793,336,21,1,1151,19,6,0,1,26,812,342,21,2,1177,0,0,0,1177
05/18/2003,DTW,MI,AGL,CE,Combined TRACON& Tower with Radar,774,328,29,1,1132,6,7,0,1,14,780,335,29,2,1146,0,0,0,1146
05/19/2003,DTW,MI,AGL,CE,Combined TRACON& Tower with Radar,926,390,42,1,1359,0,0,25,1,26,926,390,67,2,1385,0,0,0,1385
05/20/2003,DTW,MI,AGL,CE,Combined TRACON& Tower with Radar,925,392,42,0,1359,2,3,3,0,8,927,395,45,0,1367,0,0,0,1367
05/21/2003,DTW,MI,AGL,CE,Combined TRACON& Tower with Radar,933,390,42,1,1366,0,0,28,0,28,933,390,70,1,1394,0,0,0,1394
05/22/2003,DTW,MI,AGL,CE,Combined TRACON& Tower with Radar,927,399,43,0,1369,0,0,50,0,50,927,399,93,0,1419,76,0,76,1495
05/23/2003,DTW,MI,AGL,CE,Combined TRACON& Tower with Radar,941,388,43,0,1372,0,0,17,0,17,941,388,60,0,1389,0,0,0,1389
05/24/2003,DTW,MI,AGL,CE,Combined TRACON& Tower with Radar,796,338,14,0,1148,10,18,0,0,28,806,356,14,0,1176,0,0,0,1176
05/25/2003,DTW,MI,AGL,CE,Combined TRACON& Tower with Radar,773,328,21,1,1123,7,5,0,5,17,780,333,21,6,1140,0,0,0,1140
05/26/2003,DTW,MI,AGL,CE,Combined TRACON& Tower with Radar,844,358,29,1,1232,20,2,0,0,22,864,360,29,1,1254,0,0,0,1254
05/27/2003,DTW,MI,AGL,CE,Combined TRACON& Tower with Radar,908,391,42,0,1341,0,1,15,0,16,908,392,57,0,1357,0,0,0,1357
05/28/2003,DTW,MI,AGL,CE,Combined TRACON& Tower with Radar,924,400,43,0,1367,0,0,28,0,28,924,400,71,0,1395,74,0,74,1469
05/29/2003,DTW,MI,AGL,CE,Combined TRACON& Tower with Radar,925,401,43,0,1369,0,6,22,2,30,925,407,65,2,1399,0,0,0,1399
05/30/2003,DTW,MI,AGL,CE,Combined TRACON& Tower with Radar,930,399,42,0,1371,0,3,10,2,15,930,402,52,2,1386,0,0,0,1386
05/31/2003,DTW,MI,AGL,CE,Combined TRACON& Tower with Radar,803,342,25,0,1170,6,7,0,0,13,809,349,25,0,1183,0,0,0,1183
06/01/2003,DTW,MI,AGL,CE,Combined TRACON& Tower with Radar,814,353,34,0,1201,12,5,0,0,17,826,358,34,0,1218,0,0,0,1218
06/02/2003,DTW,MI,AGL,CE,Combined TRACON& Tower with Radar,918,390,45,0,1353,6,0,15,0,21,924,390,60,0,1374,0,0,0,1374
06/03/2003,DTW,MI,AGL,CE,Combined TRACON& Tower with Radar,921,396,45,0,1362,9,0,0,0,9,930,396,45,0,1371,0,0,0,1371
06/04/2003,DTW,MI,AGL,CE,Combined TRACON& Tower with Radar,923,402,45,0,1370,0,0,1,0,1,923,402,46,0,1371,0,0,0,1371
06/05/2003,DTW,MI,AGL,CE,Combined TRACON& Tower with Radar,933,396,45,0,1374,1,0,11,0,12,934,396,56,0,1386,43,0,43,1429
06/06/2003,DTW,MI,AGL,CE,Combined TRACON& Tower with Radar,940,399,46,0,1385,14,0,9,0,23,954,399,55,0,1408,0,0,0,1408
06/07/2003,DTW,MI,AGL,CE,Combined TRACON& Tower with Radar,781,339,22,0,1142,30,0,0,1,31,811,339,22,1,1173,0,0,0,1173
06/08/2003,DTW,MI,AGL,CE,Combined TRACON& Tower with Radar,825,359,18,0,1202,13,12,0,0,25,838,371,18,0,1227,0,0,0,1227
06/09/2003,DTW,MI,AGL,CE,Combined TRACON& Tower with Radar,951,417,47,0,1415,0,0,22,0,22,951,417,69,0,1437,0,0,0,1437
06/10/2003,DTW,MI,AGL,CE,Combined TRACON& Tower with Radar,931,416,47,0,1394,0,0,44,2,46,931,416,91,2,1440,0,0,0,1440
06/11/2003,DTW,MI,AGL,CE,Combined TRACON& Tower with Radar,946,415,47,0,1408,0,7,8,3,18,946,422,55,3,1426,0,0,0,1426
06/12/2003,DTW,MI,AGL,CE,Combined TRACON& Tower with Radar,934,416,47,0,1397,0,0,31,0,31,934,416,78,0,1428,0,0,0,1428
06/13/2003,DTW,MI,AGL,CE,Combined TRACON& Tower with Radar,959,419,47,0,1425,0,9,8,1,18,959,428,55,1,1443,0,0,0,1443
06/14/2003,DTW,MI,AGL,CE,Combined TRACON& Tower with Radar,865,374,35,0,1274,12,4,0,0,16,877,378,35,0,1290,0,0,0,1290
06/15/2003,DTW,MI,AGL,CE,Combined TRACON& Tower with Radar,861,379,42,1,1283,0,7,35,1,43,861,386,77,2,1326,0,0,0,1326
06/16/2003,DTW,MI,AGL,CE,Combined TRACON& Tower with Radar,953,410,46,1,1410,0,0,19,0,19,953,410,65,1,1429,0,0,0,1429
06/17/2003,DTW,MI,AGL,CE,Combined TRACON& Tower with Radar,937,415,46,0,1398,0,6,25,0,31,937,421,71,0,1429,0,0,0,1429
06/18/2003,DTW,MI,AGL,CE,Combined TRACON& Tower with Radar,950,412,44,0,1406,1,4,0,0,5,951,416,44,0,1411,0,0,0,1411
06/19/2003,DTW,MI,AGL,CE,Combined TRACON& Tower with Radar,965,421,46,1,1433,0,2,10,1,13,965,423,56,2,1446,38,0,38,1484
06/20/2003,DTW,MI,AGL,CE,Combined TRACON& Tower with Radar,957,406,46,0,1409,3,0,24,0,27,960,406,70,0,1436,0,0,0,1436
06/21/2003,DTW,MI,AGL,CE,Combined TRACON& Tower with Radar,856,362,30,0,1248,27,0,0,2,29,883,362,30,2,1277,0,0,0,1277
06/22/2003,DTW,MI,AGL,CE,Combined TRACON& Tower with Radar,864,375,41,0,1280,7,4,4,0,15,871,379,45,0,1295,0,0,0,1295
06/23/2003,DTW,MI,AGL,CE,Combined TRACON& Tower with Radar,952,417,46,0,1415,0,0,33,0,33,952,417,79,0,1448,0,0,0,1448
06/24/2003,DTW,MI,AGL,CE,Combined TRACON& Tower with Radar,902,394,43,0,1339,0,7,7,0,14,902,401,50,0,1353,0,0,0,1353
06/25/2003,DTW,MI,AGL,CE,Combined TRACON& Tower with Radar,932,418,46,0,1396,0,16,29,1,46,932,434,75,1,1442,78,0,78,1520
06/26/2003,DTW,MI,AGL,CE,Combined TRACON& Tower with Radar,963,410,46,0,1419,0,0,33,0,33,963,410,79,0,1452,28,0,28,1480
06/27/2003,DTW,MI,AGL,CE,Combined TRACON& Tower with Radar,976,420,46,0,1442,5,0,17,0,22,981,420,63,0,1464,0,0,0,1464
06/28/2003,DTW,MI,AGL,CE,Combined TRACON& Tower with Radar,844,362,23,0,1229,28,0,0,1,29,872,362,23,1,1258,0,0,0,1258
06/29/2003,DTW,MI,AGL,CE,Combined TRACON& Tower with Radar,822,357,24,0,1203,23,0,0,0,23,845,357,24,0,1226,0,0,0,1226
06/30/2003,DTW,MI,AGL,CE,Combined TRACON& Tower with Radar,915,397,20,0,1332,12,18,0,0,30,927,415,20,0,1362,0,0,0,1362
07/01/2003,DTW,MI,AGL,CE,Combined TRACON& Tower with Radar,955,419,36,0,1410,5,0,2,0,7,960,419,38,0,1417,0,0,0,1417
07/02/2003,DTW,MI,AGL,CE,Combined TRACON& Tower with Radar,917,404,33,0,1354,2,8,0,1,11,919,412,33,1,1365,108,0,108,1473
07/03/2003,DTW,MI,AGL,CE,Combined TRACON& Tower with Radar,959,423,37,0,1419,11,5,1,0,17,970,428,38,0,1436,28,0,28,1464
07/04/2003,DTW,MI,AGL,CE,Combined TRACON& Tower with Radar,788,335,13,0,1136,38,0,0,1,39,826,335,13,1,1175,0,0,0,1175
07/05/2003,DTW,MI,AGL,CE,Combined TRACON& Tower with Radar,805,350,8,0,1163,32,0,0,0,32,837,350,8,0,1195,0,0,0,1195
07/06/2003,DTW,MI,AGL,CE,Combined TRACON& Tower with Radar,825,364,31,0,1220,8,1,2,0,11,833,365,33,0,1231,0,0,0,1231
07/07/2003,DTW,MI,AGL,CE,Combined TRACON& Tower with Radar,975,435,38,0,1448,0,8,7,1,16,975,443,45,1,1464,0,0,0,1464
07/08/2003,DTW,MI,AGL,CE,Combined TRACON& Tower with Radar,937,419,36,0,1392,0,8,9,0,17,937,427,45,0,1409,0,0,0,1409
07/09/2003,DTW,MI,AGL,CE,Combined TRACON& Tower with Radar,949,424,35,0,1408,0,16,0,0,16,949,440,35,0,1424,25,0,25,1449
07/10/2003,DTW,MI,AGL,CE,Combined TRACON& Tower with Radar,942,419,36,0,1397,0,0,12,0,12,942,419,48,0,1409,0,0,0,1409
07/11/2003,DTW,MI,AGL,CE,Combined TRACON& Tower with Radar,984,430,37,0,1451,4,0,1,2,7,988,430,38,2,1458,0,0,0,1458
07/12/2003,DTW,MI,AGL,CE,Combined TRACON& Tower with Radar,868,378,27,0,1273,22,0,0,0,22,890,378,27,0,1295,0,0,0,1295
07/13/2003,DTW,MI,AGL,CE,Combined TRACON& Tower with Radar,873,391,34,0,1298,0,13,12,0,25,873,404,46,0,1323,0,0,0,1323
07/14/2003,DTW,MI,AGL,CE,Combined TRACON& Tower with Radar,958,416,37,0,1411,1,0,21,1,23,959,416,58,1,1434,0,0,0,1434
07/15/2003,DTW,MI,AGL,CE,Combined TRACON& Tower with Radar,962,424,37,0,1423,0,0,22,2,24,962,424,59,2,1447,0,0,0,1447
07/16/2003,DTW,MI,AGL,CE,Combined TRACON& Tower with Radar,974,425,36,1,1436,0,0,26,0,26,974,425,62,1,1462,0,0,0,1462
07/17/2003,DTW,MI,AGL,CE,Combined TRACON& Tower with Radar,957,425,36,0,1418,0,2,23,0,25,957,427,59,0,1443,0,0,0,1443
07/18/2003,DTW,MI,AGL,CE,Combined TRACON& Tower with Radar,969,418,36,1,1424,0,0,35,0,35,969,418,71,1,1459,0,0,0,1459
07/19/2003,DTW,MI,AGL,CE,Combined TRACON& Tower with Radar,877,375,32,0,1284,24,0,2,0,26,901,375,34,0,1310,0,0,0,1310
07/20/2003,DTW,MI,AGL,CE,Combined TRACON& Tower with Radar,869,382,29,1,1281,9,2,0,0,11,878,384,29,1,1292,0,0,0,1292
07/21/2003,DTW,MI,AGL,CE,Combined TRACON& Tower with Radar,895,388,33,0,1316,0,0,13,0,13,895,388,46,0,1329,0,0,0,1329
07/22/2003,DTW,MI,AGL,CE,Combined TRACON& Tower with Radar,933,419,35,0,1387,0,11,21,0,32,933,430,56,0,1419,0,0,0,1419
07/23/2003,DTW,MI,AGL,CE,Combined TRACON& Tower with Radar,966,431,37,1,1435,0,9,14,0,23,966,440,51,1,1458,0,0,0,1458
07/24/2003,DTW,MI,AGL,CE,Combined TRACON& Tower with Radar,975,431,36,1,1443,0,7,9,2,18,975,438,45,3,1461,0,0,0,1461
07/25/2003,DTW,MI,AGL,CE,Combined TRACON& Tower with Radar,982,434,36,1,1453,0,0,22,2,24,982,434,58,3,1477,0,0,0,1477
07/26/2003,DTW,MI,AGL,CE,Combined TRACON& Tower with Radar,859,372,26,1,1258,22,0,0,0,22,881,372,26,1,1280,0,0,0,1280
07/27/2003,DTW,MI,AGL,CE,Combined TRACON& Tower with Radar,850,372,26,1,1249,9,0,0,2,11,859,372,26,3,1260,0,0,0,1260
07/28/2003,DTW,MI,AGL,CE,Combined TRACON& Tower with Radar,977,431,36,1,1445,0,0,18,0,18,977,431,54,1,1463,0,0,0,1463
07/29/2003,DTW,MI,AGL,CE,Combined TRACON& Tower with Radar,964,428,36,0,1428,0,0,21,0,21,964,428,57,0,1449,0,0,0,1449
07/30/2003,DTW,MI,AGL,CE,Combined TRACON& Tower with Radar,967,425,36,1,1429,2,4,12,2,20,969,429,48,3,1449,0,0,0,1449
07/31/2003,DTW,MI,AGL,CE,Combined TRACON& Tower with Radar,955,427,36,0,1418,0,4,21,0,25,955,431,57,0,1443,0,0,0,1443
08/01/2003,DTW,MI,AGL,CE,Combined TRACON& Tower with Radar,793,337,37,0,1167,8,0,6,0,14,801,337,43,0,1181,0,0,0,1181
08/02/2003,DTW,MI,AGL,CE,Combined TRACON& Tower with Radar,901,375,26,0,1302,35,0,0,0,35,936,375,26,0,1337,0,0,0,1337
08/03/2003,DTW,MI,AGL,CE,Combined TRACON& Tower with Radar,856,367,40,0,1263,11,0,3,0,14,867,367,43,0,1277,0,0,0,1277
08/04/2003,DTW,MI,AGL,CE,Combined TRACON& Tower with Radar,934,411,43,0,1388,0,9,1,0,10,934,420,44,0,1398,0,0,0,1398
08/05/2003,DTW,MI,AGL,CE,Combined TRACON& Tower with Radar,957,424,45,0,1426,0,0,23,0,23,957,424,68,0,1449,0,0,0,1449
08/06/2003,DTW,MI,AGL,CE,Combined TRACON& Tower with Radar,979,435,46,0,1460,0,8,18,1,27,979,443,64,1,1487,0,0,0,1487
08/07/2003,DTW,MI,AGL,CE,Combined TRACON& Tower with Radar,681,300,46,0,1027,0,0,3,1,4,681,300,49,1,1031,0,0,0,1031
08/08/2003,DTW,MI,AGL,CE,Combined TRACON& Tower with Radar,954,416,27,0,1397,17,3,0,0,20,971,419,27,0,1417,0,0,0,1417
08/09/2003,DTW,MI,AGL,CE,Combined TRACON& Tower with Radar,878,372,34,0,1284,24,0,0,2,26,902,372,34,2,1310,0,0,0,1310
08/10/2003,DTW,MI,AGL,CE,Combined TRACON& Tower with Radar,830,368,39,0,1237,0,7,19,0,26,830,375,58,0,1263,0,0,0,1263
08/11/2003,DTW,MI,AGL,CE,Combined TRACON& Tower with Radar,950,420,44,0,1414,0,0,14,0,14,950,420,58,0,1428,0,0,0,1428
08/12/2003,DTW,MI,AGL,CE,Combined TRACON& Tower with Radar,967,421,36,0,1424,1,12,0,0,13,968,433,36,0,1437,0,0,0,1437
08/13/2003,DTW,MI,AGL,CE,Combined TRACON& Tower with Radar,974,434,45,0,1453,0,15,12,0,27,974,449,57,0,1480,0,0,0,1480
08/14/2003,DTW,MI,AGL,CE,Combined TRACON& Tower with Radar,705,321,33,1,1060,0,4,31,2,37,705,325,64,3,1097,0,0,0,1097
08/15/2003,DTW,MI,AGL,CE,Combined TRACON& Tower with Radar,725,317,33,1,1076,0,0,13,1,14,725,317,46,2,1090,0,0,0,1090
08/16/2003,DTW,MI,AGL,CE,Combined TRACON& Tower with Radar,856,366,32,1,1255,14,0,0,1,15,870,366,32,2,1270,0,0,0,1270
08/17/2003,DTW,MI,AGL,CE,Combined TRACON& Tower with Radar,886,385,34,1,1306,2,12,0,0,14,888,397,34,1,1320,0,0,0,1320
08/18/2003,DTW,MI,AGL,CE,Combined TRACON& Tower with Radar,965,423,44,1,1433,0,5,9,0,14,965,428,53,1,1447,0,0,0,1447
08/19/2003,DTW,MI,AGL,CE,Combined TRACON& Tower with Radar,972,429,45,0,1446,0,2,22,0,24,972,431,67,0,1470,0,0,0,1470
08/20/2003,DTW,MI,AGL,CE,Combined TRACON& Tower with Radar,973,425,44,0,1442,0,0,13,0,13,973,425,57,0,1455,0,0,0,1455
08/21/2003,DTW,MI,AGL,CE,Combined TRACON& Tower with Radar,975,426,44,0,1445,0,0,7,0,7,975,426,51,0,1452,0,0,0,1452
08/22/2003,DTW,MI,AGL,CE,Combined TRACON& Tower with Radar,969,417,44,1,1431,0,0,18,0,18,969,417,62,1,1449,0,0,0,1449
08/23/2003,DTW,MI,AGL,CE,Combined TRACON& Tower with Radar,879,380,24,0,1283,21,0,0,0,21,900,380,24,0,1304,0,0,0,1304
08/24/2003,DTW,MI,AGL,CE,Combined TRACON& Tower with Radar,885,386,32,0,1303,4,10,0,0,14,889,396,32,0,1317,0,0,0,1317
08/25/2003,DTW,MI,AGL,CE,Combined TRACON& Tower with Radar,956,417,42,0,1415,4,3,0,0,7,960,420,42,0,1422,0,0,0,1422
08/26/2003,DTW,MI,AGL,CE,Combined TRACON& Tower with Radar,955,416,42,0,1413,3,0,0,1,4,958,416,42,1,1417,0,0,0,1417
08/27/2003,DTW,MI,AGL,CE,Combined TRACON& Tower with Radar,956,422,44,0,1422,0,3,19,0,22,956,425,63,0,1444,0,0,0,1444
08/28/2003,DTW,MI,AGL,CE,Combined TRACON& Tower with Radar,966,430,45,0,1441,0,12,18,0,30,966,442,63,0,1471,0,0,0,1471
08/29/2003,DTW,MI,AGL,CE,Combined TRACON& Tower with Radar,964,414,43,0,1421,6,0,0,0,6,970,414,43,0,1427,0,0,0,1427
08/30/2003,DTW,MI,AGL,CE,Combined TRACON& Tower with Radar,833,346,18,0,1197,44,0,0,0,44,877,346,18,0,1241,0,0,0,1241
08/31/2003,DTW,MI,AGL,CE,Combined TRACON& Tower with Radar,776,323,21,0,1120,31,0,0,0,31,807,323,21,0,1151,0,0,0,1151
09/01/2003,DTW,MI,AGL,CE,Combined TRACON& Tower with Radar,832,395,20,0,1247,31,0,0,0,31,863,395,20,0,1278,0,0,0,1278
09/02/2003,DTW,MI,AGL,CE,Combined TRACON& Tower with Radar,890,428,33,0,1351,18,0,0,0,18,908,428,33,0,1369,0,0,0,1369
09/03/2003,DTW,MI,AGL,CE,Combined TRACON& Tower with Radar,893,437,43,0,1373,0,3,10,0,13,893,440,53,0,1386,0,0,0,1386
09/04/2003,DTW,MI,AGL,CE,Combined TRACON& Tower with Radar,893,437,43,0,1373,0,0,11,1,12,893,437,54,1,1385,0,0,0,1385
09/05/2003,DTW,MI,AGL,CE,Combined TRACON& Tower with Radar,924,451,44,0,1419,0,0,9,0,9,924,451,53,0,1428,0,0,0,1428
09/06/2003,DTW,MI,AGL,CE,Combined TRACON& Tower with Radar,783,380,31,0,1194,16,0,0,0,16,799,380,31,0,1210,0,0,0,1210
09/07/2003,DTW,MI,AGL,CE,Combined TRACON& Tower with Radar,805,392,28,0,1225,18,0,0,0,18,823,392,28,0,1243,0,0,0,1243
09/08/2003,DTW,MI,AGL,CE,Combined TRACON& Tower with Radar,891,442,42,1,1376,0,7,18,1,26,891,449,60,2,1402,0,0,0,1402
09/09/2003,DTW,MI,AGL,CE,Combined TRACON& Tower with Radar,892,444,43,1,1380,0,3,20,3,26,892,447,63,4,1406,0,0,0,1406
09/10/2003,DTW,MI,AGL,CE,Combined TRACON& Tower with Radar,890,435,40,1,1366,0,7,0,0,7,890,442,40,1,1373,0,0,0,1373
09/11/2003,DTW,MI,AGL,CE,Combined TRACON& Tower with Radar,846,421,40,1,1308,0,0,31,1,32,846,421,71,2,1340,0,0,0,1340
09/12/2003,DTW,MI,AGL,CE,Combined TRACON& Tower with Radar,900,434,36,0,1370,14,0,0,0,14,914,434,36,0,1384,0,0,0,1384
09/13/2003,DTW,MI,AGL,CE,Combined TRACON& Tower with Radar,785,375,21,0,1181,27,0,0,0,27,812,375,21,0,1208,0,0,0,1208
09/14/2003,DTW,MI,AGL,CE,Combined TRACON& Tower with Radar,806,387,28,1,1222,17,0,0,1,18,823,387,28,2,1240,0,0,0,1240
09/15/2003,DTW,MI,AGL,CE,Combined TRACON& Tower with Radar,867,420,23,0,1310,12,10,0,0,22,879,430,23,0,1332,0,0,0,1332
09/16/2003,DTW,MI,AGL,CE,Combined TRACON& Tower with Radar,902,437,43,0,1382,1,2,1,0,4,903,439,44,0,1386,0,0,0,1386
09/17/2003,DTW,MI,AGL,CE,Combined TRACON& Tower with Radar,904,435,43,1,1383,0,0,14,0,14,904,435,57,1,1397,0,0,0,1397
09/18/2003,DTW,MI,AGL,CE,Combined TRACON& Tower with Radar,868,431,41,0,1340,0,14,8,0,22,868,445,49,0,1362,0,0,0,1362
09/19/2003,DTW,MI,AGL,CE,Combined TRACON& Tower with Radar,895,437,42,0,1374,0,2,7,0,9,895,439,49,0,1383,0,0,0,1383
09/20/2003,DTW,MI,AGL,CE,Combined TRACON& Tower with Radar,797,376,37,1,1211,13,0,4,0,17,810,376,41,1,1228,0,0,0,1228
09/21/2003,DTW,MI,AGL,CE,Combined TRACON& Tower with Radar,822,398,38,0,1258,7,0,8,0,15,829,398,46,0,1273,0,0,0,1273
09/22/2003,DTW,MI,AGL,CE,Combined TRACON& Tower with Radar,894,437,42,1,1374,0,2,5,0,7,894,439,47,1,1381,0,0,0,1381
09/23/2003,DTW,MI,AGL,CE,Combined TRACON& Tower with Radar,887,437,42,0,1366,0,4,12,0,16,887,441,54,0,1382,0,0,0,1382
09/24/2003,DTW,MI,AGL,CE,Combined TRACON& Tower with Radar,812,404,39,1,1256,0,10,14,0,24,812,414,53,1,1280,0,0,0,1280
09/25/2003,DTW,MI,AGL,CE,Combined TRACON& Tower with Radar,982,478,47,1,1508,0,0,23,0,23,982,478,70,1,1531,0,0,0,1531
09/26/2003,DTW,MI,AGL,CE,Combined TRACON& Tower with Radar,914,437,42,1,1394,0,0,7,0,7,914,437,49,1,1401,0,0,0,1401
09/27/2003,DTW,MI,AGL,CE,Combined TRACON& Tower with Radar,788,382,37,1,1208,126,55,12,0,193,914,437,49,1,1401,0,0,0,1401
09/28/2003,DTW,MI,AGL,CE,Combined TRACON& Tower with Radar,822,398,22,0,1242,14,7,0,0,21,836,405,22,0,1263,0,0,0,1263
09/29/2003,DTW,MI,AGL,CE,Combined TRACON& Tower with Radar,908,440,43,0,1391,0,0,14,3,17,908,440,57,3,1408,0,0,0,1408
09/30/2003,DTW,MI,AGL,CE,Combined TRACON& Tower with Radar,897,448,43,0,1388,0,1,22,1,24,897,449,65,1,1412,0,0,0,1412
10/01/2003,DTW,MI,AGL,CE,Combined TRACON& Tower with Radar,890,440,44,0,1374,13,0,12,0,25,903,440,56,0,1399,0,0,0,1399
10/02/2003,DTW,MI,AGL,CE,Combined TRACON& Tower with Radar,917,456,45,0,1418,6,0,15,2,23,923,456,60,2,1441,0,0,0,1441
10/03/2003,DTW,MI,AGL,CE,Combined TRACON& Tower with Radar,905,437,32,0,1374,42,0,0,3,45,947,437,32,3,1419,0,0,0,1419
10/04/2003,DTW,MI,AGL,CE,Combined TRACON& Tower with Radar,781,386,19,0,1186,42,0,0,2,44,823,386,19,2,1230,0,0,0,1230
10/05/2003,DTW,MI,AGL,CE,Combined TRACON& Tower with Radar,745,371,26,0,1142,30,0,0,0,30,775,371,26,0,1172,0,0,0,1172
10/06/2003,DTW,MI,AGL,CE,Combined TRACON& Tower with Radar,879,427,43,0,1349,14,0,17,0,31,893,427,60,0,1380,0,0,0,1380
10/07/2003,DTW,MI,AGL,CE,Combined TRACON& Tower with Radar,916,456,46,0,1418,0,0,34,1,35,916,456,80,1,1453,0,0,0,1453
10/08/2003,DTW,MI,AGL,CE,Combined TRACON& Tower with Radar,898,444,44,0,1386,13,0,10,0,23,911,444,54,0,1409,0,0,0,1409
10/09/2003,DTW,MI,AGL,CE,Combined TRACON& Tower with Radar,918,458,46,0,1422,12,0,9,0,21,930,458,55,0,1443,0,0,0,1443
10/10/2003,DTW,MI,AGL,CE,Combined TRACON& Tower with Radar,918,445,46,0,1409,29,0,9,0,38,947,445,55,0,1447,0,0,0,1447
10/11/2003,DTW,MI,AGL,CE,Combined TRACON& Tower with Radar,786,386,23,1,1196,38,0,0,0,38,824,386,23,1,1234,0,0,0,1234
10/12/2003,DTW,MI,AGL,CE,Combined TRACON& Tower with Radar,805,395,32,1,1233,34,0,0,0,34,839,395,32,1,1267,0,0,0,1267
10/13/2003,DTW,MI,AGL,CE,Combined TRACON& Tower with Radar,892,436,43,1,1372,25,0,7,0,32,917,436,50,1,1404,0,0,0,1404
10/14/2003,DTW,MI,AGL,CE,Combined TRACON& Tower with Radar,880,436,42,0,1358,20,0,2,0,22,900,436,44,0,1380,0,0,0,1380
10/15/2003,DTW,MI,AGL,CE,Combined TRACON& Tower with Radar,922,452,45,1,1420,0,0,35,0,35,922,452,80,1,1455,0,0,0,1455
10/16/2003,DTW,MI,AGL,CE,Combined TRACON& Tower with Radar,920,442,44,1,1407,21,0,16,2,39,941,442,60,3,1446,0,0,0,1446
10/17/2003,DTW,MI,AGL,CE,Combined TRACON& Tower with Radar,924,451,45,1,1421,22,0,14,1,37,946,451,59,2,1458,0,0,0,1458
10/18/2003,DTW,MI,AGL,CE,Combined TRACON& Tower with Radar,776,379,19,0,1174,43,0,0,0,43,819,379,19,0,1217,0,0,0,1217
10/19/2003,DTW,MI,AGL,CE,Combined TRACON& Tower with Radar,812,407,39,0,1258,20,0,3,0,23,832,407,42,0,1281,0,0,0,1281
10/20/2003,DTW,MI,AGL,CE,Combined TRACON& Tower with Radar,889,459,37,0,1385,0,14,0,0,14,889,473,37,0,1399,0,0,0,1399
10/21/2003,DTW,MI,AGL,CE,Combined TRACON& Tower with Radar,864,465,44,1,1374,0,36,10,1,47,864,501,54,2,1421,0,0,0,1421
10/22/2003,DTW,MI,AGL,CE,Combined TRACON& Tower with Radar,829,453,43,1,1326,0,39,16,1,56,829,492,59,2,1382,0,0,0,1382
10/23/2003,DTW,MI,AGL,CE,Combined TRACON& Tower with Radar,870,478,45,1,1394,0,35,28,2,65,870,513,73,3,1459,0,0,0,1459
10/24/2003,DTW,MI,AGL,CE,Combined TRACON& Tower with Radar,887,473,44,0,1404,0,25,12,0,37,887,498,56,0,1441,0,0,0,1441
10/25/2003,DTW,MI,AGL,CE,Combined TRACON& Tower with Radar,759,395,30,1,1185,0,21,0,1,22,759,416,30,2,1207,0,0,0,1207
10/26/2003,DTW,MI,AGL,CE,Combined TRACON& Tower with Radar,773,412,30,0,1215,0,40,0,0,40,773,452,30,0,1255,0,0,0,1255
10/27/2003,DTW,MI,AGL,CE,Combined TRACON& Tower with Radar,862,459,39,0,1360,0,34,0,0,34,862,493,39,0,1394,0,0,0,1394
10/28/2003,DTW,MI,AGL,CE,Combined TRACON& Tower with Radar,857,465,44,1,1367,0,48,0,1,49,857,513,44,2,1416,0,0,0,1416
10/29/2003,DTW,MI,AGL,CE,Combined TRACON& Tower with Radar,865,468,44,0,1377,0,41,5,0,46,865,509,49,0,1423,0,0,0,1423
10/30/2003,DTW,MI,AGL,CE,Combined TRACON& Tower with Radar,872,471,44,0,1387,0,46,0,0,46,872,517,44,0,1433,0,0,0,1433
10/31/2003,DTW,MI,AGL,CE,Combined TRACON& Tower with Radar,885,472,37,0,1394,0,40,0,0,40,885,512,37,0,1434,0,0,0,1434
11/01/2003,DTW,MI,AGL,CE,Combined TRACON& Tower with Radar,759,439,30,0,1228,15,0,0,0,15,774,439,30,0,1243,0,0,0,1243
11/02/2003,DTW,MI,AGL,CE,Combined TRACON& Tower with Radar,756,446,24,0,1226,0,14,0,0,14,756,460,24,0,1240,0,0,0,1240
11/03/2003,DTW,MI,AGL,CE,Combined TRACON& Tower with Radar,756,460,24,0,1240,0,0,0,0,0,756,460,24,0,1240,0,0,0,1240
11/04/2003,DTW,MI,AGL,CE,Combined TRACON& Tower with Radar,839,505,39,0,1383,0,8,17,0,25,839,513,56,0,1408,0,0,0,1408
11/05/2003,DTW,MI,AGL,CE,Combined TRACON& Tower with Radar,851,499,31,0,1381,0,3,0,4,7,851,502,31,4,1388,0,0,0,1388
11/06/2003,DTW,MI,AGL,CE,Combined TRACON& Tower with Radar,776,464,36,0,1276,0,4,17,0,21,776,468,53,0,1297,0,0,0,1297
11/07/2003,DTW,MI,AGL,CE,Combined TRACON& Tower with Radar,877,507,39,0,1423,5,0,6,0,11,882,507,45,0,1434,0,0,0,1434
11/08/2003,DTW,MI,AGL,CE,Combined TRACON& Tower with Radar,770,450,23,0,1243,16,0,0,0,16,786,450,23,0,1259,0,0,0,1259
11/09/2003,DTW,MI,AGL,CE,Combined TRACON& Tower with Radar,779,456,31,0,1266,9,6,0,0,15,788,462,31,0,1281,0,0,0,1281
11/10/2003,DTW,MI,AGL,CE,Combined TRACON& Tower with Radar,857,510,39,0,1406,0,0,21,0,21,857,510,60,0,1427,0,0,0,1427
11/11/2003,DTW,MI,AGL,CE,Combined TRACON& Tower with Radar,860,509,39,0,1408,0,6,4,0,10,860,515,43,0,1418,0,0,0,1418
11/12/2003,DTW,MI,AGL,CE,Combined TRACON& Tower with Radar,828,488,37,1,1354,0,0,21,0,21,828,488,58,1,1375,0,0,0,1375
11/13/2003,DTW,MI,AGL,CE,Combined TRACON& Tower with Radar,881,494,38,0,1413,4,0,22,0,26,885,494,60,0,1439,0,0,0,1439
11/14/2003,DTW,MI,AGL,CE,Combined TRACON& Tower with Radar,869,508,31,0,1408,0,9,0,0,9,869,517,31,0,1417,0,0,0,1417
11/15/2003,DTW,MI,AGL,CE,Combined TRACON& Tower with Radar,761,445,9,0,1215,22,4,0,0,26,783,449,9,0,1241,0,0,0,1241
11/16/2003,DTW,MI,AGL,CE,Combined TRACON& Tower with Radar,768,448,15,0,1231,17,2,0,0,19,785,450,15,0,1250,0,0,0,1250
11/17/2003,DTW,MI,AGL,CE,Combined TRACON& Tower with Radar,842,492,27,0,1361,3,8,0,0,11,845,500,27,0,1372,0,0,0,1372
11/18/2003,DTW,MI,AGL,CE,Combined TRACON& Tower with Radar,869,515,38,0,1422,0,1,15,0,16,869,516,53,0,1438,0,0,0,1438
11/19/2003,DTW,MI,AGL,CE,Combined TRACON& Tower with Radar,863,512,39,1,1415,0,0,33,0,33,863,512,72,1,1448,0,0,0,1448
11/20/2003,DTW,MI,AGL,CE,Combined TRACON& Tower with Radar,871,514,38,0,1423,0,0,33,0,33,871,514,71,0,1456,0,0,0,1456
11/21/2003,DTW,MI,AGL,CE,Combined TRACON& Tower with Radar,871,514,40,0,1425,0,0,31,0,31,871,514,71,0,1456,0,0,0,1456
11/22/2003,DTW,MI,AGL,CE,Combined TRACON& Tower with Radar,680,398,30,0,1108,53,108,11,0,172,733,506,41,0,1280,0,0,0,1280
11/23/2003,DTW,MI,AGL,CE,Combined TRACON& Tower with Radar,744,439,23,0,1206,0,24,0,0,24,744,463,23,0,1230,0,0,0,1230
11/24/2003,DTW,MI,AGL,CE,Combined TRACON& Tower with Radar,779,455,30,0,1264,8,0,0,0,8,787,455,30,0,1272,0,0,0,1272
11/25/2003,DTW,MI,AGL,CE,Combined TRACON& Tower with Radar,885,516,39,0,1440,0,0,18,0,18,885,516,57,0,1458,0,0,0,1458
11/26/2003,DTW,MI,AGL,CE,Combined TRACON& Tower with Radar,889,519,39,0,1447,1,0,12,1,14,890,519,51,1,1461,0,0,0,1461
11/27/2003,DTW,MI,AGL,CE,Combined TRACON& Tower with Radar,702,406,8,0,1116,27,0,0,0,27,729,406,8,0,1143,0,0,0,1143
11/28/2003,DTW,MI,AGL,CE,Combined TRACON& Tower with Radar,685,400,4,0,1089,19,7,0,0,26,704,407,4,0,1115,0,0,0,1115
11/29/2003,DTW,MI,AGL,CE,Combined TRACON& Tower with Radar,765,447,18,0,1230,14,2,0,3,19,779,449,18,3,1249,0,0,0,1249
11/30/2003,DTW,MI,AGL,CE,Combined TRACON& Tower with Radar,802,472,35,0,1309,0,1,5,1,7,802,473,40,1,1316,0,0,0,1316
12/01/2003,DTW,MI,AGL,CE,Combined TRACON& Tower with Radar,866,498,32,0,1396,4,0,2,3,9,870,498,34,3,1405,0,0,0,1405
12/02/2003,DTW,MI,AGL,CE,Combined TRACON& Tower with Radar,859,512,33,0,1404,0,1,21,1,23,859,513,54,1,1427,0,0,0,1427
12/03/2003,DTW,MI,AGL,CE,Combined TRACON& Tower with Radar,866,512,33,0,1411,0,0,16,0,16,866,512,49,0,1427,0,0,0,1427
12/04/2003,DTW,MI,AGL,CE,Combined TRACON& Tower with Radar,853,506,33,0,1392,0,0,36,2,38,853,506,69,2,1430,0,0,0,1430
12/05/2003,DTW,MI,AGL,CE,Combined TRACON& Tower with Radar,829,487,31,0,1347,0,0,13,0,13,829,487,44,0,1360,0,0,0,1360
12/06/2003,DTW,MI,AGL,CE,Combined TRACON& Tower with Radar,697,408,22,0,1127,0,6,0,0,6,697,414,22,0,1133,0,0,0,1133
12/07/2003,DTW,MI,AGL,CE,Combined TRACON& Tower with Radar,745,441,28,0,1214,0,0,12,0,12,745,441,40,0,1226,0,0,0,1226
12/08/2003,DTW,MI,AGL,CE,Combined TRACON& Tower with Radar,842,499,32,0,1373,0,0,24,1,25,842,499,56,1,1398,0,0,0,1398
12/09/2003,DTW,MI,AGL,CE,Combined TRACON& Tower with Radar,846,496,32,0,1374,0,0,12,0,12,846,496,44,0,1386,0,0,0,1386
12/10/2003,DTW,MI,AGL,CE,Combined TRACON& Tower with Radar,838,507,33,0,1378,0,7,25,0,32,838,514,58,0,1410,0,0,0,1410
12/11/2003,DTW,MI,AGL,CE,Combined TRACON& Tower with Radar,854,510,31,1,1396,0,7,10,1,18,854,517,41,2,1414,0,0,0,1414
12/12/2003,DTW,MI,AGL,CE,Combined TRACON& Tower with Radar,867,513,32,1,1413,0,0,14,3,17,867,513,46,4,1430,0,0,0,1430
12/13/2003,DTW,MI,AGL,CE,Combined TRACON& Tower with Radar,767,446,28,0,1241,5,0,8,0,13,772,446,36,0,1254,0,0,0,1254
12/14/2003,DTW,MI,AGL,CE,Combined TRACON& Tower with Radar,724,414,17,0,1155,18,0,0,0,18,742,414,17,0,1173,0,0,0,1173
12/15/2003,DTW,MI,AGL,CE,Combined TRACON& Tower with Radar,830,490,31,0,1351,0,12,1,0,13,830,502,32,0,1364,0,0,0,1364
12/16/2003,DTW,MI,AGL,CE,Combined TRACON& Tower with Radar,862,504,31,0,1397,0,0,7,0,7,862,504,38,0,1404,0,0,0,1404
12/17/2003,DTW,MI,AGL,CE,Combined TRACON& Tower with Radar,841,494,31,0,1366,0,0,12,0,12,841,494,43,0,1378,0,0,0,1378
12/18/2003,DTW,MI,AGL,CE,Combined TRACON& Tower with Radar,884,513,32,1,1430,0,0,12,0,12,884,513,44,1,1442,0,0,0,1442
12/19/2003,DTW,MI,AGL,CE,Combined TRACON& Tower with Radar,875,508,32,0,1415,0,0,11,0,11,875,508,43,0,1426,0,0,0,1426
12/20/2003,DTW,MI,AGL,CE,Combined TRACON& Tower with Radar,821,472,30,0,1323,5,0,3,0,8,826,472,33,0,1331,0,0,0,1331
12/21/2003,DTW,MI,AGL,CE,Combined TRACON& Tower with Radar,793,455,22,0,1270,18,0,0,0,18,811,455,22,0,1288,0,0,0,1288
12/22/2003,DTW,MI,AGL,CE,Combined TRACON& Tower with Radar,851,496,13,0,1360,12,10,0,0,22,863,506,13,0,1382,0,0,0,1382
12/23/2003,DTW,MI,AGL,CE,Combined TRACON& Tower with Radar,862,502,15,1,1380,18,0,0,0,18,880,502,15,1,1398,0,0,0,1398
12/24/2003,DTW,MI,AGL,CE,Combined TRACON& Tower with Radar,796,464,6,0,1266,0,25,0,0,25,796,489,6,0,1291,0,0,0,1291
12/25/2003,DTW,MI,AGL,CE,Combined TRACON& Tower with Radar,735,426,5,0,1166,25,0,0,0,25,760,426,5,0,1191,0,0,0,1191
12/26/2003,DTW,MI,AGL,CE,Combined TRACON& Tower with Radar,847,494,21,0,1362,4,10,0,0,14,851,504,21,0,1376,0,0,0,1376
12/27/2003,DTW,MI,AGL,CE,Combined TRACON& Tower with Radar,803,463,25,0,1291,14,0,0,0,14,817,463,25,0,1305,0,0,0,1305
12/28/2003,DTW,MI,AGL,CE,Combined TRACON& Tower with Radar,807,468,18,0,1293,19,0,0,0,19,826,468,18,0,1312,0,0,0,1312
12/29/2003,DTW,MI,AGL,CE,Combined TRACON& Tower with Radar,841,491,20,0,1352,1,8,0,1,10,842,499,20,1,1362,0,0,0,1362
12/30/2003,DTW,MI,AGL,CE,Combined TRACON& Tower with Radar,860,503,18,0,1381,15,2,0,0,17,875,505,18,0,1398,0,0,0,1398
12/31/2003,DTW,MI,AGL,CE,Combined TRACON& Tower with Radar,814,468,11,0,1293,31,0,0,0,31,845,468,11,0,1324,0,0,0,1324
01/01/2004,DTW,MI,AGL,CE,Combined TRACON& Tower with Radar,777,438,14,0,1229,16,16,0,1,33,793,454,14,1,1262,0,0,0,1262
01/02/2004,DTW,MI,AGL,CE,Combined TRACON& Tower with Radar,840,474,22,0,1336,10,11,0,0,21,850,485,22,0,1357,0,0,0,1357
01/03/2004,DTW,MI,AGL,CE,Combined TRACON& Tower with Radar,840,474,22,0,1336,10,11,0,0,21,850,485,22,0,1357,0,0,0,1357
01/04/2004,DTW,MI,AGL,CE,Combined TRACON& Tower with Radar,681,330,35,0,1046,48,0,6,0,54,729,330,41,0,1100,0,0,0,1100
01/05/2004,DTW,MI,AGL,CE,Combined TRACON& Tower with Radar,873,495,44,0,1412,0,6,0,0,6,873,501,44,0,1418,0,0,0,1418
01/06/2004,DTW,MI,AGL,CE,Combined TRACON& Tower with Radar,848,494,44,0,1386,0,9,19,1,29,848,503,63,1,1415,0,0,0,1415
01/07/2004,DTW,MI,AGL,CE,Combined TRACON& Tower with Radar,853,502,45,0,1400,0,12,28,0,40,853,514,73,0,1440,0,0,0,1440
01/08/2004,DTW,MI,AGL,CE,Combined TRACON& Tower with Radar,855,494,45,0,1394,0,0,28,4,32,855,494,73,4,1426,0,0,0,1426
01/09/2004,DTW,MI,AGL,CE,Combined TRACON& Tower with Radar,857,498,45,0,1400,0,0,33,2,35,857,498,78,2,1435,0,0,0,1435
01/10/2004,DTW,MI,AGL,CE,Combined TRACON& Tower with Radar,658,261,34,0,953,99,0,16,0,115,757,261,50,0,1068,0,0,0,1068
01/11/2004,DTW,MI,AGL,CE,Combined TRACON& Tower with Radar,759,428,26,0,1213,8,5,0,0,13,767,433,26,0,1226,0,0,0,1226
01/12/2004,DTW,MI,AGL,CE,Combined TRACON& Tower with Radar,824,469,40,0,1333,0,12,0,0,12,824,481,40,0,1345,0,0,0,1345
01/13/2004,DTW,MI,AGL,CE,Combined TRACON& Tower with Radar,824,469,40,0,1333,0,12,0,0,12,824,481,40,0,1345,0,0,0,1345
01/14/2004,DTW,MI,AGL,CE,Combined TRACON& Tower with Radar,769,406,39,0,1214,13,0,16,0,29,782,406,55,0,1243,0,0,0,1243
01/15/2004,DTW,MI,AGL,CE,Combined TRACON& Tower with Radar,858,499,45,0,1402,0,22,7,0,29,858,521,52,0,1431,0,0,0,1431
01/16/2004,DTW,MI,AGL,CE,Combined TRACON& Tower with Radar,857,483,32,0,1372,0,18,0,0,18,857,501,32,0,1390,0,0,0,1390
01/17/2004,DTW,MI,AGL,CE,Combined TRACON& Tower with Radar,708,398,10,1,1117,23,2,0,0,25,731,400,10,1,1142,0,0,0,1142
01/18/2004,DTW,MI,AGL,CE,Combined TRACON& Tower with Radar,745,427,30,0,1202,0,25,0,0,25,745,452,30,0,1227,0,0,0,1227
01/19/2004,DTW,MI,AGL,CE,Combined TRACON& Tower with Radar,825,469,40,0,1334,0,20,0,0,20,825,489,40,0,1354,0,0,0,1354
01/20/2004,DTW,MI,AGL,CE,Combined TRACON& Tower with Radar,846,484,42,0,1372,0,13,8,0,21,846,497,50,0,1393,0,0,0,1393
01/21/2004,DTW,MI,AGL,CE,Combined TRACON& Tower with Radar,837,479,42,0,1358,0,21,0,0,21,837,500,42,0,1379,0,0,0,1379
01/22/2004,DTW,MI,AGL,CE,Combined TRACON& Tower with Radar,861,484,41,0,1386,20,16,0,0,36,881,500,41,0,1422,0,0,0,1422
01/23/2004,DTW,MI,AGL,CE,Combined TRACON& Tower with Radar,821,464,38,0,1323,0,11,0,0,11,821,475,38,0,1334,0,0,0,1334
01/24/2004,DTW,MI,AGL,CE,Combined TRACON& Tower with Radar,787,442,18,0,1247,15,11,0,0,26,802,453,18,0,1273,0,0,0,1273
01/25/2004,DTW,MI,AGL,CE,Combined TRACON& Tower with Radar,716,405,27,0,1148,0,19,0,0,19,716,424,27,0,1167,0,0,0,1167
01/26/2004,DTW,MI,AGL,CE,Combined TRACON& Tower with Radar,756,406,37,0,1199,15,0,5,0,20,771,406,42,0,1219,0,0,0,1219
01/27/2004,DTW,MI,AGL,CE,Combined TRACON& Tower with Radar,700,331,34,0,1065,38,0,5,0,43,738,331,39,0,1108,0,0,0,1108
01/28/2004,DTW,MI,AGL,CE,Combined TRACON& Tower with Radar,838,485,42,1,1366,0,20,6,0,26,838,505,48,1,1392,0,0,0,1392
01/29/2004,DTW,MI,AGL,CE,Combined TRACON& Tower with Radar,826,484,42,0,1352,0,17,21,1,39,826,501,63,1,1391,0,0,0,1391
01/30/2004,DTW,MI,AGL,CE,Combined TRACON& Tower with Radar,864,510,45,0,1419,0,18,28,2,48,864,528,73,2,1467,0,0,0,1467
01/31/2004,DTW,MI,AGL,CE,Combined TRACON& Tower with Radar,756,424,32,0,1212,13,0,0,0,13,769,424,32,0,1225,0,0,0,1225
02/01/2004,DTW,MI,AGL,CE,Combined TRACON& Tower with Radar,754,431,29,0,1214,0,17,0,0,17,754,448,29,0,1231,0,0,0,1231
02/02/2004,DTW,MI,AGL,CE,Combined TRACON& Tower with Radar,801,476,43,0,1320,0,12,26,0,38,801,488,69,0,1358,0,0,0,1358
02/03/2004,DTW,MI,AGL,CE,Combined TRACON& Tower with Radar,833,483,44,0,1360,0,9,3,1,13,833,492,47,1,1373,0,0,0,1373
02/04/2004,DTW,MI,AGL,CE,Combined TRACON& Tower with Radar,851,501,46,0,1398,0,10,22,0,32,851,511,68,0,1430,0,0,0,1430
02/05/2004,DTW,MI,AGL,CE,Combined TRACON& Tower with Radar,833,483,44,0,1360,0,8,8,1,17,833,491,52,1,1377,0,0,0,1377
02/06/2004,DTW,MI,AGL,CE,Combined TRACON& Tower with Radar,824,478,44,0,1346,0,0,14,0,14,824,478,58,0,1360,0,0,0,1360
02/07/2004,DTW,MI,AGL,CE,Combined TRACON& Tower with Radar,706,400,18,0,1124,24,0,0,2,26,730,400,18,2,1150,0,0,0,1150
02/08/2004,DTW,MI,AGL,CE,Combined TRACON& Tower with Radar,770,440,28,0,1238,0,13,0,1,14,770,453,28,1,1252,0,0,0,1252
02/09/2004,DTW,MI,AGL,CE,Combined TRACON& Tower with Radar,835,488,45,0,1368,0,11,9,1,21,835,499,54,1,1389,0,0,0,1389
02/10/2004,DTW,MI,AGL,CE,Combined TRACON& Tower with Radar,848,503,46,0,1397,0,16,18,0,34,848,519,64,0,1431,0,0,0,1431
02/11/2004,DTW,MI,AGL,CE,Combined TRACON& Tower with Radar,854,499,46,0,1399,0,7,18,0,25,854,506,64,0,1424,0,0,0,1424
02/12/2004,DTW,MI,AGL,CE,Combined TRACON& Tower with Radar,884,498,45,0,1427,0,0,18,0,18,884,498,63,0,1445,0,0,0,1445
02/13/2004,DTW,MI,AGL,CE,Combined TRACON& Tower with Radar,907,499,46,0,1452,6,0,13,0,19,913,499,59,0,1471,0,0,0,1471
02/14/2004,DTW,MI,AGL,CE,Combined TRACON& Tower with Radar,780,427,18,0,1225,43,0,0,0,43,823,427,18,0,1268,0,0,0,1268
02/15/2004,DTW,MI,AGL,CE,Combined TRACON& Tower with Radar,798,453,24,0,1275,20,3,0,0,23,818,456,24,0,1298,0,0,0,1298
02/16/2004,DTW,MI,AGL,CE,Combined TRACON& Tower with Radar,880,489,45,1,1415,0,0,18,0,18,880,489,63,1,1433,0,0,0,1433
02/17/2004,DTW,MI,AGL,CE,Combined TRACON& Tower with Radar,884,504,40,0,1428,0,15,0,0,15,884,519,40,0,1443,0,0,0,1443
02/18/2004,DTW,MI,AGL,CE,Combined TRACON& Tower with Radar,839,472,43,1,1355,4,0,5,0,9,843,472,48,1,1364,0,0,0,1364
02/19/2004,DTW,MI,AGL,CE,Combined TRACON& Tower with Radar,891,507,45,1,1444,0,0,5,0,5,891,507,50,1,1449,0,0,0,1449
02/20/2004,DTW,MI,AGL,CE,Combined TRACON& Tower with Radar,891,502,43,1,1437,10,0,0,1,11,901,502,43,2,1448,0,0,0,1448
02/21/2004,DTW,MI,AGL,CE,Combined TRACON& Tower with Radar,805,448,15,0,1268,37,0,0,0,37,842,448,15,0,1305,0,0,0,1305
02/22/2004,DTW,MI,AGL,CE,Combined TRACON& Tower with Radar,805,455,31,1,1292,14,0,0,0,14,819,455,31,1,1306,0,0,0,1306
02/23/2004,DTW,MI,AGL,CE,Combined TRACON& Tower with Radar,858,490,43,1,1392,0,6,0,1,7,858,496,43,2,1399,0,0,0,1399
02/24/2004,DTW,MI,AGL,CE,Combined TRACON& Tower with Radar,906,513,46,0,1465,0,0,14,0,14,906,513,60,0,1479,0,0,0,1479
02/25/2004,DTW,MI,AGL,CE,Combined TRACON& Tower with Radar,897,497,46,0,1440,8,0,8,1,17,905,497,54,1,1457,0,0,0,1457
02/26/2004,DTW,MI,AGL,CE,Combined TRACON& Tower with Radar,874,508,46,0,1428,0,6,16,0,22,874,514,62,0,1450,0,0,0,1450
02/27/2004,DTW,MI,AGL,CE,Combined TRACON& Tower with Radar,893,506,40,0,1439,13,0,0,0,13,906,506,40,0,1452,0,0,0,1452
02/28/2004,DTW,MI,AGL,CE,Combined TRACON& Tower with Radar,806,439,30,0,1275,35,0,0,1,36,841,439,30,1,1311,0,0,0,1311
02/29/2004,DTW,MI,AGL,CE,Combined TRACON& Tower with Radar,809,460,31,0,1300,10,5,0,0,15,819,465,31,0,1315,0,0,0,1315
03/01/2004,DTW,MI,AGL,CE,Combined TRACON& Tower with Radar,885,515,30,0,1430,0,0,0,0,0,885,515,30,0,1430,0,0,0,1430
03/02/2004,DTW,MI,AGL,CE,Combined TRACON& Tower with Radar,913,510,41,0,1464,0,0,0,0,0,913,510,41,0,1464,0,0,0,1464
03/03/2004,DTW,MI,AGL,CE,Combined TRACON& Tower with Radar,913,519,48,0,1480,0,0,0,0,0,913,519,48,0,1480,0,0,0,1480
03/04/2004,DTW,MI,AGL,CE,Combined TRACON& Tower with Radar,893,516,40,0,1449,0,0,0,0,0,893,516,40,0,1449,0,0,0,1449
03/05/2004,DTW,MI,AGL,CE,Combined TRACON& Tower with Radar,896,510,49,1,1456,0,0,0,0,0,896,510,49,1,1456,0,0,0,1456
03/06/2004,DTW,MI,AGL,CE,Combined TRACON& Tower with Radar,788,440,20,2,1250,65,0,0,0,65,853,440,20,2,1315,0,0,0,1315
03/07/2004,DTW,MI,AGL,CE,Combined TRACON& Tower with Radar,722,455,24,0,1201,77,0,0,0,77,799,455,24,0,1278,0,0,0,1278
03/08/2004,DTW,MI,AGL,CE,Combined TRACON& Tower with Radar,871,507,54,0,1432,0,0,0,0,0,871,507,54,0,1432,0,0,0,1432
03/09/2004,DTW,MI,AGL,CE,Combined TRACON& Tower with Radar,919,537,56,0,1512,0,0,0,0,0,919,537,56,0,1512,0,0,0,1512
03/10/2004,DTW,MI,AGL,CE,Combined TRACON& Tower with Radar,922,531,66,0,1519,0,0,0,0,0,922,531,66,0,1519,0,0,0,1519
03/11/2004,DTW,MI,AGL,CE,Combined TRACON& Tower with Radar,897,524,56,0,1477,0,0,0,0,0,897,524,56,0,1477,0,0,0,1477
03/12/2004,DTW,MI,AGL,CE,Combined TRACON& Tower with Radar,910,524,32,0,1466,0,0,0,0,0,910,524,32,0,1466,0,0,0,1466
03/13/2004,DTW,MI,AGL,CE,Combined TRACON& Tower with Radar,774,430,35,1,1240,28,0,0,0,28,802,430,35,1,1268,0,0,0,1268
03/14/2004,DTW,MI,AGL,CE,Combined TRACON& Tower with Radar,714,290,29,0,1033,323,0,0,0,323,1037,290,29,0,1356,10,0,10,1366
03/15/2004,DTW,MI,AGL,CE,Combined TRACON& Tower with Radar,932,427,23,0,1382,47,0,0,0,47,979,427,23,0,1429,0,0,0,1429
03/16/2004,DTW,MI,AGL,CE,Combined TRACON& Tower with Radar,895,369,36,0,1300,96,0,0,0,96,991,369,36,0,1396,0,0,0,1396
03/17/2004,DTW,MI,AGL,CE,Combined TRACON& Tower with Radar,936,563,48,0,1547,0,0,0,0,0,936,563,48,0,1547,0,0,0,1547
03/18/2004,DTW,MI,AGL,CE,Combined TRACON& Tower with Radar,979,374,44,0,1397,11,0,0,0,11,990,374,44,0,1408,0,0,0,1408
03/19/2004,DTW,MI,AGL,CE,Combined TRACON& Tower with Radar,1141,272,38,0,1451,0,0,0,0,0,1141,272,38,0,1451,0,0,0,1451
03/20/2004,DTW,MI,AGL,CE,Combined TRACON& Tower with Radar,650,420,19,0,1089,273,70,0,0,343,923,490,19,0,1432,0,0,0,1432
03/21/2004,DTW,MI,AGL,CE,Combined TRACON& Tower with Radar,776,434,18,0,1228,107,0,0,0,107,883,434,18,0,1335,0,0,0,1335
03/22/2004,DTW,MI,AGL,CE,Combined TRACON& Tower with Radar,886,516,43,1,1446,0,0,0,0,0,886,516,43,1,1446,0,0,0,1446
03/23/2004,DTW,MI,AGL,CE,Combined TRACON& Tower with Radar,905,509,40,0,1454,0,0,0,0,0,905,509,40,0,1454,0,0,0,1454
03/24/2004,DTW,MI,AGL,CE,Combined TRACON& Tower with Radar,898,488,53,0,1439,0,0,0,0,0,898,488,53,0,1439,0,0,0,1439
03/25/2004,DTW,MI,AGL,CE,Combined TRACON& Tower with Radar,1027,412,42,0,1481,39,0,0,0,39,1066,412,42,0,1520,0,0,0,1520
03/26/2004,DTW,MI,AGL,CE,Combined TRACON& Tower with Radar,981,350,35,0,1366,62,0,0,0,62,1043,350,35,0,1428,0,0,0,1428
03/27/2004,DTW,MI,AGL,CE,Combined TRACON& Tower with Radar,852,249,33,0,1134,290,0,0,0,290,1142,249,33,0,1424,0,0,0,1424
03/28/2004,DTW,MI,AGL,CE,Combined TRACON& Tower with Radar,788,433,21,0,1242,95,0,0,0,95,883,433,21,0,1337,0,0,0,1337
03/29/2004,DTW,MI,AGL,CE,Combined TRACON& Tower with Radar,923,478,43,0,1444,0,0,0,0,0,923,478,43,0,1444,10,0,10,1454
03/30/2004,DTW,MI,AGL,CE,Combined TRACON& Tower with Radar,964,436,50,0,1450,0,0,0,0,0,964,436,50,0,1450,0,0,0,1450
03/31/2004,DTW,MI,AGL,CE,Combined TRACON& Tower with Radar,783,410,34,0,1227,257,0,0,0,257,1040,410,34,0,1484,0,0,0,1484
04/01/2004,DTW,MI,AGL,CE,Combined TRACON& Tower with Radar,986,352,36,0,1374,70,0,8,1,79,1056,352,44,1,1453,0,0,0,1453
04/02/2004,DTW,MI,AGL,CE,Combined TRACON& Tower with Radar,973,421,36,0,1430,2,0,0,1,3,975,421,36,1,1433,0,0,0,1433
04/03/2004,DTW,MI,AGL,CE,Combined TRACON& Tower with Radar,901,277,27,0,1205,123,0,0,0,123,1024,277,27,0,1328,0,0,0,1328
04/04/2004,DTW,MI,AGL,CE,Combined TRACON& Tower with Radar,942,410,28,0,1380,1,6,0,0,7,943,416,28,0,1387,0,0,0,1387
04/05/2004,DTW,MI,AGL,CE,Combined TRACON& Tower with Radar,981,438,27,0,1446,0,33,0,1,34,981,471,27,1,1480,10,0,10,1490
04/06/2004,DTW,MI,AGL,CE,Combined TRACON& Tower with Radar,987,439,37,0,1463,0,14,4,0,18,987,453,41,0,1481,0,0,0,1481
04/07/2004,DTW,MI,AGL,CE,Combined TRACON& Tower with Radar,983,446,38,0,1467,0,38,1,0,39,983,484,39,0,1506,0,0,0,1506
04/08/2004,DTW,MI,AGL,CE,Combined TRACON& Tower with Radar,1018,295,37,0,1350,140,0,10,0,150,1158,295,47,0,1500,2,0,2,1502
04/09/2004,DTW,MI,AGL,CE,Combined TRACON& Tower with Radar,974,441,18,0,1433,0,55,0,0,55,974,496,18,0,1488,0,0,0,1488
04/10/2004,DTW,MI,AGL,CE,Combined TRACON& Tower with Radar,879,239,13,0,1131,164,0,0,0,164,1043,239,13,0,1295,0,0,0,1295
04/11/2004,DTW,MI,AGL,CE,Combined TRACON& Tower with Radar,940,250,14,0,1204,181,0,0,0,181,1121,250,14,0,1385,0,0,0,1385
04/12/2004,DTW,MI,AGL,CE,Combined TRACON& Tower with Radar,995,428,15,0,1438,28,0,0,0,28,1023,428,15,0,1466,0,0,0,1466
04/13/2004,DTW,MI,AGL,CE,Combined TRACON& Tower with Radar,1024,375,32,0,1431,77,0,0,0,77,1101,375,32,0,1508,0,0,0,1508
04/14/2004,DTW,MI,AGL,CE,Combined TRACON& Tower with Radar,894,414,35,0,1343,0,48,6,0,54,894,462,41,0,1397,0,0,0,1397
04/15/2004,DTW,MI,AGL,CE,Combined TRACON& Tower with Radar,985,441,37,0,1463,0,24,0,0,24,985,465,37,0,1487,0,0,0,1487
04/16/2004,DTW,MI,AGL,CE,Combined TRACON& Tower with Radar,977,440,36,0,1453,0,40,2,0,42,977,480,38,0,1495,0,0,0,1495
04/17/2004,DTW,MI,AGL,CE,Combined TRACON& Tower with Radar,900,396,22,0,1318,0,25,0,0,25,900,421,22,0,1343,0,0,0,1343
04/18/2004,DTW,MI,AGL,CE,Combined TRACON& Tower with Radar,906,402,22,0,1330,0,33,0,0,33,906,435,22,0,1363,0,0,0,1363
04/19/2004,DTW,MI,AGL,CE,Combined TRACON& Tower with Radar,952,433,35,0,1420,0,42,1,0,43,952,475,36,0,1463,0,0,0,1463
04/20/2004,DTW,MI,AGL,CE,Combined TRACON& Tower with Radar,957,440,36,1,1434,0,55,4,0,59,957,495,40,1,1493,0,0,0,1493
04/21/2004,DTW,MI,AGL,CE,Combined TRACON& Tower with Radar,964,441,36,1,1442,0,29,22,2,53,964,470,58,3,1495,0,0,0,1495
04/22/2004,DTW,MI,AGL,CE,Combined TRACON& Tower with Radar,979,453,37,0,1469,0,31,41,0,72,979,484,78,0,1541,0,0,0,1541
04/23/2004,DTW,MI,AGL,CE,Combined TRACON& Tower with Radar,976,434,31,0,1441,0,37,0,0,37,976,471,31,0,1478,0,0,0,1478
04/24/2004,DTW,MI,AGL,CE,Combined TRACON& Tower with Radar,874,388,22,0,1284,0,30,0,2,32,874,418,22,2,1316,0,0,0,1316
04/25/2004,DTW,MI,AGL,CE,Combined TRACON& Tower with Radar,886,397,17,0,1300,0,42,0,0,42,886,439,17,0,1342,0,0,0,1342
04/26/2004,DTW,MI,AGL,CE,Combined TRACON& Tower with Radar,961,435,36,0,1432,0,39,0,0,39,961,474,36,0,1471,0,0,0,1471
04/27/2004,DTW,MI,AGL,CE,Combined TRACON& Tower with Radar,956,445,36,0,1437,0,38,28,0,66,956,483,64,0,1503,0,0,0,1503
04/28/2004,DTW,MI,AGL,CE,Combined TRACON& Tower with Radar,989,444,36,0,1469,0,8,21,0,29,989,452,57,0,1498,0,0,0,1498
04/29/2004,DTW,MI,AGL,CE,Combined TRACON& Tower with Radar,973,452,37,0,1462,0,39,36,1,76,973,491,73,1,1538,0,0,0,1538
04/30/2004,DTW,MI,AGL,CE,Combined TRACON& Tower with Radar,974,450,37,0,1461,0,35,33,0,68,974,485,70,0,1529,0,0,0,1529
05/01/2004,DTW,MI,AGL,CE,Combined TRACON& Tower with Radar,824,416,11,0,1251,19,4,0,0,23,843,420,11,0,1274,0,0,0,1274
05/02/2004,DTW,MI,AGL,CE,Combined TRACON& Tower with Radar,854,424,27,0,1305,17,0,0,0,17,871,424,27,0,1322,0,0,0,1322
05/03/2004,DTW,MI,AGL,CE,Combined TRACON& Tower with Radar,929,473,39,0,1441,0,0,18,1,19,929,473,57,1,1460,0,0,0,1460
05/04/2004,DTW,MI,AGL,CE,Combined TRACON& Tower with Radar,951,483,40,0,1474,0,6,3,2,11,951,489,43,2,1485,0,0,0,1485
05/05/2004,DTW,MI,AGL,CE,Combined TRACON& Tower with Radar,939,477,39,0,1455,0,0,12,0,12,939,477,51,0,1467,0,0,0,1467
05/06/2004,DTW,MI,AGL,CE,Combined TRACON& Tower with Radar,929,478,39,0,1446,0,19,5,0,24,929,497,44,0,1470,0,0,0,1470
05/07/2004,DTW,MI,AGL,CE,Combined TRACON& Tower with Radar,946,483,40,0,1469,0,8,6,0,14,946,491,46,0,1483,0,0,0,1483
05/08/2004,DTW,MI,AGL,CE,Combined TRACON& Tower with Radar,855,431,22,0,1308,14,8,0,0,22,869,439,22,0,1330,0,0,0,1330
05/09/2004,DTW,MI,AGL,CE,Combined TRACON& Tower with Radar,689,349,15,0,1053,0,18,0,0,18,689,367,15,0,1071,0,0,0,1071
05/10/2004,DTW,MI,AGL,CE,Combined TRACON& Tower with Radar,855,414,35,0,1304,19,0,1,0,20,874,414,36,0,1324,0,0,0,1324
05/11/2004,DTW,MI,AGL,CE,Combined TRACON& Tower with Radar,971,500,41,0,1512,0,3,19,0,22,971,503,60,0,1534,0,0,0,1534
05/12/2004,DTW,MI,AGL,CE,Combined TRACON& Tower with Radar,973,505,41,0,1519,0,4,32,0,36,973,509,73,0,1555,0,0,0,1555
05/13/2004,DTW,MI,AGL,CE,Combined TRACON& Tower with Radar,972,500,41,0,1513,0,3,20,0,23,972,503,61,0,1536,0,0,0,1536
05/14/2004,DTW,MI,AGL,CE,Combined TRACON& Tower with Radar,888,447,32,0,1367,3,0,0,2,5,891,447,32,2,1372,0,0,0,1372
05/15/2004,DTW,MI,AGL,CE,Combined TRACON& Tower with Radar,862,434,21,0,1317,19,0,0,0,19,881,434,21,0,1336,0,0,0,1336
05/16/2004,DTW,MI,AGL,CE,Combined TRACON& Tower with Radar,873,435,28,0,1336,12,0,0,1,13,885,435,28,1,1349,0,0,0,1349
05/17/2004,DTW,MI,AGL,CE,Combined TRACON& Tower with Radar,853,422,36,0,1311,0,0,29,0,29,853,422,65,0,1340,0,0,0,1340
05/18/2004,DTW,MI,AGL,CE,Combined TRACON& Tower with Radar,802,412,34,0,1248,0,8,10,1,19,802,420,44,1,1267,0,0,0,1267
05/19/2004,DTW,MI,AGL,CE,Combined TRACON& Tower with Radar,955,489,39,0,1483,0,4,16,0,20,955,493,55,0,1503,0,0,0,1503
05/20/2004,DTW,MI,AGL,CE,Combined TRACON& Tower with Radar,858,433,35,0,1326,0,0,24,0,24,858,433,59,0,1350,0,0,0,1350
05/21/2004,DTW,MI,AGL,CE,Combined TRACON& Tower with Radar,796,384,31,0,1211,21,0,0,0,21,817,384,31,0,1232,0,0,0,1232
05/22/2004,DTW,MI,AGL,CE,Combined TRACON& Tower with Radar,777,390,19,0,1186,16,1,0,0,17,793,391,19,0,1203,0,0,0,1203
05/23/2004,DTW,MI,AGL,CE,Combined TRACON& Tower with Radar,741,372,21,0,1134,4,15,0,0,19,745,387,21,0,1153,0,0,0,1153
05/24/2004,DTW,MI,AGL,CE,Combined TRACON& Tower with Radar,990,470,40,1,1501,27,0,0,0,27,1017,470,40,1,1528,0,0,0,1528
05/25/2004,DTW,MI,AGL,CE,Combined TRACON& Tower with Radar,947,485,39,0,1471,0,7,9,0,16,947,492,48,0,1487,0,0,0,1487
05/26/2004,DTW,MI,AGL,CE,Combined TRACON& Tower with Radar,930,466,38,0,1434,0,0,18,0,18,930,466,56,0,1452,0,0,0,1452
05/27/2004,DTW,MI,AGL,CE,Combined TRACON& Tower with Radar,962,487,39,0,1488,0,0,21,0,21,962,487,60,0,1509,0,0,0,1509
05/28/2004,DTW,MI,AGL,CE,Combined TRACON& Tower with Radar,952,480,21,0,1453,19,0,0,0,19,971,480,21,0,1472,0,0,0,1472
05/29/2004,DTW,MI,AGL,CE,Combined TRACON& Tower with Radar,834,420,13,0,1267,19,7,0,0,26,853,427,13,0,1293,0,0,0,1293
05/30/2004,DTW,MI,AGL,CE,Combined TRACON& Tower with Radar,785,390,17,0,1192,26,0,0,0,26,811,390,17,0,1218,0,0,0,1218
05/31/2004,DTW,MI,AGL,CE,Combined TRACON& Tower with Radar,887,447,20,0,1354,9,6,0,1,16,896,453,20,1,1370,0,0,0,1370
06/01/2004,DTW,MI,AGL,CE,Combined TRACON& Tower with Radar,933,479,35,0,1447,10,0,0,1,11,943,479,35,1,1458,0,0,0,1458
06/02/2004,DTW,MI,AGL,CE,Combined TRACON& Tower with Radar,981,497,44,0,1522,0,0,20,0,20,981,497,64,0,1542,0,0,0,1542
06/03/2004,DTW,MI,AGL,CE,Combined TRACON& Tower with Radar,967,502,44,0,1513,0,1,14,0,15,967,503,58,0,1528,0,0,0,1528
06/04/2004,DTW,MI,AGL,CE,Combined TRACON& Tower with Radar,970,505,44,0,1519,0,0,22,0,22,970,505,66,0,1541,0,0,0,1541
06/05/2004,DTW,MI,AGL,CE,Combined TRACON& Tower with Radar,835,423,19,0,1277,30,0,0,0,30,865,423,19,0,1307,0,0,0,1307
06/06/2004,DTW,MI,AGL,CE,Combined TRACON& Tower with Radar,858,443,27,0,1328,16,0,0,1,17,874,443,27,1,1345,0,0,0,1345
06/07/2004,DTW,MI,AGL,CE,Combined TRACON& Tower with Radar,925,476,42,0,1443,3,0,0,0,3,928,476,42,0,1446,0,0,0,1446
06/08/2004,DTW,MI,AGL,CE,Combined TRACON& Tower with Radar,859,443,39,0,1341,14,22,3,0,39,873,465,42,0,1380,0,0,0,1380
06/09/2004,DTW,MI,AGL,CE,Combined TRACON& Tower with Radar,858,433,39,0,1330,0,0,15,1,16,858,433,54,1,1346,0,0,0,1346
06/10/2004,DTW,MI,AGL,CE,Combined TRACON& Tower with Radar,1170,613,52,0,1835,0,0,23,0,23,1170,613,75,0,1858,0,0,0,1858
06/11/2004,DTW,MI,AGL,CE,Combined TRACON& Tower with Radar,993,516,44,0,1553,0,0,13,0,13,993,516,57,0,1566,0,0,0,1566
06/12/2004,DTW,MI,AGL,CE,Combined TRACON& Tower with Radar,863,446,24,0,1333,14,8,0,0,22,877,454,24,0,1355,0,0,0,1355
06/13/2004,DTW,MI,AGL,CE,Combined TRACON& Tower with Radar,848,439,18,0,1305,5,17,0,0,22,853,456,18,0,1327,0,0,0,1327
06/14/2004,DTW,MI,AGL,CE,Combined TRACON& Tower with Radar,946,488,42,0,1476,0,0,7,0,7,946,488,49,0,1483,0,0,0,1483
06/15/2004,DTW,MI,AGL,CE,Combined TRACON& Tower with Radar,953,502,43,0,1498,0,6,22,0,28,953,508,65,0,1526,0,0,0,1526
06/16/2004,DTW,MI,AGL,CE,Combined TRACON& Tower with Radar,963,502,43,0,1508,0,11,4,1,16,963,513,47,1,1524,0,0,0,1524
06/17/2004,DTW,MI,AGL,CE,Combined TRACON& Tower with Radar,936,476,39,0,1451,10,0,0,1,11,946,476,39,1,1462,0,0,0,1462
06/18/2004,DTW,MI,AGL,CE,Combined TRACON& Tower with Radar,1004,505,44,0,1553,13,0,5,0,18,1017,505,49,0,1571,0,0,0,1571
06/19/2004,DTW,MI,AGL,CE,Combined TRACON& Tower with Radar,881,454,20,0,1355,9,17,0,0,26,890,471,20,0,1381,0,0,0,1381
06/20/2004,DTW,MI,AGL,CE,Combined TRACON& Tower with Radar,886,457,32,0,1375,7,11,0,0,18,893,468,32,0,1393,0,0,0,1393
06/21/2004,DTW,MI,AGL,CE,Combined TRACON& Tower with Radar,958,497,42,0,1497,0,0,6,0,6,958,497,48,0,1503,0,0,0,1503
06/22/2004,DTW,MI,AGL,CE,Combined TRACON& Tower with Radar,994,503,44,0,1541,0,0,13,0,13,994,503,57,0,1554,5,0,5,1559
06/23/2004,DTW,MI,AGL,CE,Combined TRACON& Tower with Radar,973,509,43,0,1525,0,2,20,0,22,973,511,63,0,1547,0,0,0,1547
06/24/2004,DTW,MI,AGL,CE,Combined TRACON& Tower with Radar,998,518,44,0,1560,0,0,25,0,25,998,518,69,0,1585,0,0,0,1585
06/25/2004,DTW,MI,AGL,CE,Combined TRACON& Tower with Radar,972,506,43,0,1521,0,7,6,0,13,972,513,49,0,1534,0,0,0,1534
06/26/2004,DTW,MI,AGL,CE,Combined TRACON& Tower with Radar,893,461,31,0,1385,9,8,0,0,17,902,469,31,0,1402,0,0,0,1402
06/27/2004,DTW,MI,AGL,CE,Combined TRACON& Tower with Radar,883,456,18,0,1357,13,14,0,0,27,896,470,18,0,1384,0,0,0,1384
06/28/2004,DTW,MI,AGL,CE,Combined TRACON& Tower with Radar,966,504,43,0,1513,0,0,14,0,14,966,504,57,0,1527,0,0,0,1527
06/29/2004,DTW,MI,AGL,CE,Combined TRACON& Tower with Radar,980,512,44,0,1536,0,0,15,0,15,980,512,59,0,1551,0,0,0,1551
06/30/2004,DTW,MI,AGL,CE,Combined TRACON& Tower with Radar,977,505,42,0,1524,7,2,0,0,9,984,507,42,0,1533,0,0,0,1533
07/01/2004,DTW,MI,AGL,CE,Combined TRACON& Tower with Radar,982,500,35,0,1517,0,14,0,0,14,982,514,35,0,1531,0,0,0,1531
07/02/2004,DTW,MI,AGL,CE,Combined TRACON& Tower with Radar,984,496,35,0,1515,10,0,0,0,10,994,496,35,0,1525,0,0,0,1525
07/03/2004,DTW,MI,AGL,CE,Combined TRACON& Tower with Radar,855,433,7,0,1295,22,5,0,1,28,877,438,7,1,1323,0,0,0,1323
07/04/2004,DTW,MI,AGL,CE,Combined TRACON& Tower with Radar,807,409,14,0,1230,0,22,0,0,22,807,431,14,0,1252,0,0,0,1252
07/05/2004,DTW,MI,AGL,CE,Combined TRACON& Tower with Radar,912,466,29,0,1407,0,15,0,0,15,912,481,29,0,1422,0,0,0,1422
07/06/2004,DTW,MI,AGL,CE,Combined TRACON& Tower with Radar,975,501,38,0,1514,0,10,6,0,16,975,511,44,0,1530,0,0,0,1530
07/07/2004,DTW,MI,AGL,CE,Combined TRACON& Tower with Radar,967,487,37,0,1491,0,0,22,0,22,967,487,59,0,1513,0,0,0,1513
07/08/2004,DTW,MI,AGL,CE,Combined TRACON& Tower with Radar,999,510,38,0,1547,0,5,8,0,13,999,515,46,0,1560,0,0,0,1560
07/09/2004,DTW,MI,AGL,CE,Combined TRACON& Tower with Radar,984,496,37,0,1517,1,0,8,0,9,985,496,45,0,1526,0,0,0,1526
07/10/2004,DTW,MI,AGL,CE,Combined TRACON& Tower with Radar,875,444,9,0,1328,21,4,0,0,25,896,448,9,0,1353,0,0,0,1353
07/11/2004,DTW,MI,AGL,CE,Combined TRACON& Tower with Radar,897,463,35,0,1395,0,14,5,0,19,897,477,40,0,1414,0,0,0,1414
07/12/2004,DTW,MI,AGL,CE,Combined TRACON& Tower with Radar,947,471,36,0,1454,0,0,10,0,10,947,471,46,0,1464,0,0,0,1464
07/13/2004,DTW,MI,AGL,CE,Combined TRACON& Tower with Radar,0,0,0,0,0,984,486,63,4,1537,984,486,63,4,1537,0,0,0,1537
07/14/2004,DTW,MI,AGL,CE,Combined TRACON& Tower with Radar,815,391,31,0,1237,16,0,5,0,21,831,391,36,0,1258,0,0,0,1258
07/15/2004,DTW,MI,AGL,CE,Combined TRACON& Tower with Radar,1028,499,39,0,1566,20,0,2,1,23,1048,499,41,1,1589,0,0,0,1589
07/16/2004,DTW,MI,AGL,CE,Combined TRACON& Tower with Radar,927,471,34,0,1432,0,1,6,0,7,927,472,40,0,1439,0,0,0,1439
07/17/2004,DTW,MI,AGL,CE,Combined TRACON& Tower with Radar,925,466,16,0,1407,26,0,0,0,26,951,466,16,0,1433,0,0,0,1433
07/18/2004,DTW,MI,AGL,CE,Combined TRACON& Tower with Radar,857,428,28,0,1313,16,0,0,0,16,873,428,28,0,1329,0,0,0,1329
07/19/2004,DTW,MI,AGL,CE,Combined TRACON& Tower with Radar,971,488,36,0,1495,23,0,20,0,43,994,488,56,0,1538,0,0,0,1538
07/20/2004,DTW,MI,AGL,CE,Combined TRACON& Tower with Radar,976,494,31,0,1501,0,8,0,0,8,976,502,31,0,1509,0,0,0,1509
07/21/2004,DTW,MI,AGL,CE,Combined TRACON& Tower with Radar,979,505,37,1,1522,0,3,17,1,21,979,508,54,2,1543,0,0,0,1543
07/22/2004,DTW,MI,AGL,CE,Combined TRACON& Tower with Radar,963,501,37,0,1501,0,5,21,1,27,963,506,58,1,1528,0,0,0,1528
07/23/2004,DTW,MI,AGL,CE,Combined TRACON& Tower with Radar,960,479,35,0,1474,0,0,16,3,19,960,479,51,3,1493,0,0,0,1493
07/24/2004,DTW,MI,AGL,CE,Combined TRACON& Tower with Radar,887,448,28,0,1363,7,6,0,0,13,894,454,28,0,1376,0,0,0,1376
07/25/2004,DTW,MI,AGL,CE,Combined TRACON& Tower with Radar,895,453,27,0,1375,6,4,0,0,10,901,457,27,0,1385,0,0,0,1385
07/26/2004,DTW,MI,AGL,CE,Combined TRACON& Tower with Radar,966,495,36,0,1497,0,5,15,0,20,966,500,51,0,1517,0,0,0,1517
07/27/2004,DTW,MI,AGL,CE,Combined TRACON& Tower with Radar,952,486,35,0,1473,0,5,4,0,9,952,491,39,0,1482,0,0,0,1482
07/28/2004,DTW,MI,AGL,CE,Combined TRACON& Tower with Radar,980,503,37,0,1520,0,2,19,0,21,980,505,56,0,1541,0,0,0,1541
07/29/2004,DTW,MI,AGL,CE,Combined TRACON& Tower with Radar,987,497,37,0,1521,0,0,39,0,39,987,497,76,0,1560,0,0,0,1560
07/30/2004,DTW,MI,AGL,CE,Combined TRACON& Tower with Radar,986,499,36,0,1521,0,0,4,0,4,986,499,40,0,1525,0,0,0,1525
07/31/2004,DTW,MI,AGL,CE,Combined TRACON& Tower with Radar,884,447,12,0,1343,15,8,0,0,23,899,455,12,0,1366,0,0,0,1366
08/01/2004,DTW,MI,AGL,CE,Combined TRACON& Tower with Radar,900,469,32,0,1401,0,0,0,0,0,900,469,32,0,1401,0,0,0,1401
08/02/2004,DTW,MI,AGL,CE,Combined TRACON& Tower with Radar,936,480,65,0,1481,10,0,0,0,10,946,480,65,0,1491,0,0,0,1491
08/03/2004,DTW,MI,AGL,CE,Combined TRACON& Tower with Radar,999,513,77,0,1589,0,0,0,0,0,999,513,77,0,1589,0,0,0,1589
08/04/2004,DTW,MI,AGL,CE,Combined TRACON& Tower with Radar,1011,535,64,0,1610,0,0,0,0,0,1011,535,64,0,1610,0,0,0,1610
08/05/2004,DTW,MI,AGL,CE,Combined TRACON& Tower with Radar,1003,519,46,0,1568,0,0,0,0,0,1003,519,46,0,1568,0,0,0,1568
08/06/2004,DTW,MI,AGL,CE,Combined TRACON& Tower with Radar,987,509,57,0,1553,0,0,0,0,0,987,509,57,0,1553,0,0,0,1553
08/07/2004,DTW,MI,AGL,CE,Combined TRACON& Tower with Radar,847,469,27,0,1343,32,0,0,0,32,879,469,27,0,1375,0,0,0,1375
08/08/2004,DTW,MI,AGL,CE,Combined TRACON& Tower with Radar,868,459,28,0,1355,33,0,0,0,33,901,459,28,0,1388,0,0,0,1388
08/09/2004,DTW,MI,AGL,CE,Combined TRACON& Tower with Radar,937,506,25,0,1468,40,0,0,0,40,977,506,25,0,1508,0,0,0,1508
08/10/2004,DTW,MI,AGL,CE,Combined TRACON& Tower with Radar,971,512,49,0,1532,0,0,0,0,0,971,512,49,0,1532,0,0,0,1532
08/11/2004,DTW,MI,AGL,CE,Combined TRACON& Tower with Radar,962,502,69,0,1533,0,0,0,0,0,962,502,69,0,1533,0,0,0,1533
08/12/2004,DTW,MI,AGL,CE,Combined TRACON& Tower with Radar,956,491,39,0,1486,0,0,0,0,0,956,491,39,0,1486,0,0,0,1486
08/13/2004,DTW,MI,AGL,CE,Combined TRACON& Tower with Radar,964,507,33,0,1504,0,0,0,0,0,964,507,33,0,1504,0,0,0,1504
08/14/2004,DTW,MI,AGL,CE,Combined TRACON& Tower with Radar,836,455,24,0,1315,32,0,0,0,32,868,455,24,0,1347,0,0,0,1347
08/15/2004,DTW,MI,AGL,CE,Combined TRACON& Tower with Radar,852,461,14,0,1327,48,0,0,0,48,900,461,14,0,1375,0,0,0,1375
08/16/2004,DTW,MI,AGL,CE,Combined TRACON& Tower with Radar,973,506,50,1,1530,0,0,0,0,0,973,506,50,1,1530,0,0,0,1530
08/17/2004,DTW,MI,AGL,CE,Combined TRACON& Tower with Radar,972,508,52,0,1532,0,0,0,0,0,972,508,52,0,1532,0,0,0,1532
08/18/2004,DTW,MI,AGL,CE,Combined TRACON& Tower with Radar,970,511,46,0,1527,0,0,0,0,0,970,511,46,0,1527,0,0,0,1527
08/19/2004,DTW,MI,AGL,CE,Combined TRACON& Tower with Radar,1000,501,63,0,1564,0,0,0,0,0,1000,501,63,0,1564,0,0,0,1564
08/20/2004,DTW,MI,AGL,CE,Combined TRACON& Tower with Radar,993,504,56,3,1556,0,0,0,0,0,993,504,56,3,1556,0,0,0,1556
08/21/2004,DTW,MI,AGL,CE,Combined TRACON& Tower with Radar,851,467,14,1,1333,46,0,0,0,46,897,467,14,1,1379,0,0,0,1379
08/22/2004,DTW,MI,AGL,CE,Combined TRACON& Tower with Radar,877,467,29,2,1375,24,0,0,0,24,901,467,29,2,1399,0,0,0,1399
08/23/2004,DTW,MI,AGL,CE,Combined TRACON& Tower with Radar,928,508,42,1,1479,34,0,0,0,34,962,508,42,1,1513,0,0,0,1513
08/24/2004,DTW,MI,AGL,CE,Combined TRACON& Tower with Radar,956,522,54,0,1532,0,0,0,0,0,956,522,54,0,1532,0,0,0,1532
08/25/2004,DTW,MI,AGL,CE,Combined TRACON& Tower with Radar,940,523,63,0,1526,0,0,0,0,0,940,523,63,0,1526,87,0,87,1613
08/26/2004,DTW,MI,AGL,CE,Combined TRACON& Tower with Radar,980,523,56,0,1559,0,0,0,0,0,980,523,56,0,1559,78,0,78,1637
08/27/2004,DTW,MI,AGL,CE,Combined TRACON& Tower with Radar,966,521,26,1,1514,0,0,0,0,0,966,521,26,1,1514,83,0,83,1597
08/28/2004,DTW,MI,AGL,CE,Combined TRACON& Tower with Radar,761,446,19,2,1228,100,0,0,0,100,861,446,19,2,1328,87,0,87,1415
08/29/2004,DTW,MI,AGL,CE,Combined TRACON& Tower with Radar,858,489,35,3,1385,18,0,0,0,18,876,489,35,3,1403,0,0,0,1403
08/30/2004,DTW,MI,AGL,CE,Combined TRACON& Tower with Radar,942,500,31,5,1478,0,0,0,6,6,942,500,31,11,1484,0,0,0,1484
08/31/2004,DTW,MI,AGL,CE,Combined TRACON& Tower with Radar,966,525,39,4,1534,0,0,0,0,0,966,525,39,4,1534,0,0,0,1534
09/01/2004,DTW,MI,AGL,CE,Combined TRACON& Tower with Radar,956,541,52,2,1551,0,0,0,4,4,956,541,52,6,1555,0,0,0,1555
09/02/2004,DTW,MI,AGL,CE,Combined TRACON& Tower with Radar,971,535,62,0,1568,0,0,0,0,0,971,535,62,0,1568,0,0,0,1568
09/03/2004,DTW,MI,AGL,CE,Combined TRACON& Tower with Radar,918,512,33,0,1463,0,0,0,0,0,918,512,33,0,1463,8,0,8,1471
09/04/2004,DTW,MI,AGL,CE,Combined TRACON& Tower with Radar,729,471,10,0,1210,40,0,0,0,40,769,471,10,0,1250,0,0,0,1250
09/05/2004,DTW,MI,AGL,CE,Combined TRACON& Tower with Radar,619,375,14,0,1008,89,0,0,0,89,708,375,14,0,1097,0,0,0,1097
09/06/2004,DTW,MI,AGL,CE,Combined TRACON& Tower with Radar,773,471,2,0,1246,58,0,0,0,58,831,471,2,0,1304,0,0,0,1304
09/07/2004,DTW,MI,AGL,CE,Combined TRACON& Tower with Radar,904,513,41,0,1458,0,0,0,0,0,904,513,41,0,1458,0,0,0,1458
09/08/2004,DTW,MI,AGL,CE,Combined TRACON& Tower with Radar,901,530,62,0,1493,0,0,0,0,0,901,530,62,0,1493,18,0,18,1511
09/09/2004,DTW,MI,AGL,CE,Combined TRACON& Tower with Radar,914,547,52,0,1513,0,0,0,0,0,914,547,52,0,1513,0,0,0,1513
09/10/2004,DTW,MI,AGL,CE,Combined TRACON& Tower with Radar,935,517,47,0,1499,0,0,0,0,0,935,517,47,0,1499,0,0,0,1499
09/11/2004,DTW,MI,AGL,CE,Combined TRACON& Tower with Radar,766,475,11,0,1252,65,0,0,0,65,831,475,11,0,1317,0,0,0,1317
09/12/2004,DTW,MI,AGL,CE,Combined TRACON& Tower with Radar,487,494,21,0,1002,0,0,0,0,0,487,494,21,0,1002,0,0,0,1002
09/13/2004,DTW,MI,AGL,CE,Combined TRACON& Tower with Radar,911,531,64,0,1506,0,0,0,0,0,911,531,64,0,1506,0,0,0,1506
09/14/2004,DTW,MI,AGL,CE,Combined TRACON& Tower with Radar,919,540,60,1,1520,0,0,0,1,1,919,540,60,2,1521,0,0,0,1521
09/15/2004,DTW,MI,AGL,CE,Combined TRACON& Tower with Radar,891,526,64,1,1482,0,0,0,1,1,891,526,64,2,1483,0,0,0,1483
09/16/2004,DTW,MI,AGL,CE,Combined TRACON& Tower with Radar,917,551,57,0,1525,0,0,0,0,0,917,551,57,0,1525,0,0,0,1525
09/17/2004,DTW,MI,AGL,CE,Combined TRACON& Tower with Radar,920,534,55,0,1509,0,0,0,0,0,920,534,55,0,1509,0,0,0,1509
09/18/2004,DTW,MI,AGL,CE,Combined TRACON& Tower with Radar,808,494,23,0,1325,18,0,0,0,18,826,494,23,0,1343,0,0,0,1343
09/19/2004,DTW,MI,AGL,CE,Combined TRACON& Tower with Radar,835,504,44,1,1384,0,0,0,0,0,835,504,44,1,1384,0,0,0,1384
09/20/2004,DTW,MI,AGL,CE,Combined TRACON& Tower with Radar,926,531,37,0,1494,0,0,0,0,0,926,531,37,0,1494,0,0,0,1494
09/21/2004,DTW,MI,AGL,CE,Combined TRACON& Tower with Radar,911,541,50,1,1503,0,0,0,1,1,911,541,50,2,1504,0,0,0,1504
09/22/2004,DTW,MI,AGL,CE,Combined TRACON& Tower with Radar,911,537,37,1,1486,0,0,0,1,1,911,537,37,2,1487,26,0,26,1513
09/23/2004,DTW,MI,AGL,CE,Combined TRACON& Tower with Radar,926,527,41,0,1494,0,0,0,0,0,926,527,41,0,1494,0,0,0,1494
09/24/2004,DTW,MI,AGL,CE,Combined TRACON& Tower with Radar,926,527,41,0,1494,0,0,0,0,0,926,527,41,0,1494,0,0,0,1494
09/25/2004,DTW,MI,AGL,CE,Combined TRACON& Tower with Radar,778,475,29,0,1282,48,0,0,0,48,826,475,29,0,1330,0,0,0,1330
09/26/2004,DTW,MI,AGL,CE,Combined TRACON& Tower with Radar,779,497,34,0,1310,30,0,0,0,30,809,497,34,0,1340,25,0,25,1365
09/27/2004,DTW,MI,AGL,CE,Combined TRACON& Tower with Radar,883,522,46,0,1451,27,0,0,0,27,910,522,46,0,1478,0,0,0,1478
09/28/2004,DTW,MI,AGL,CE,Combined TRACON& Tower with Radar,906,520,41,0,1467,0,0,0,0,0,906,520,41,0,1467,0,0,0,1467
09/29/2004,DTW,MI,AGL,CE,Combined TRACON& Tower with Radar,919,538,50,1,1508,0,0,0,0,0,919,538,50,1,1508,26,0,26,1534
09/30/2004,DTW,MI,AGL,CE,Combined TRACON& Tower with Radar,953,532,41,1,1527,0,0,0,0,0,953,532,41,1,1527,0,0,0,1527
10/01/2004,DTW,MI,AGL,CE,Combined TRACON& Tower with Radar,0,0,0,0,0,953,532,41,1,1527,953,532,41,1,1527,0,0,0,1527
10/02/2004,DTW,MI,AGL,CE,Combined TRACON& Tower with Radar,0,0,0,0,0,832,472,70,2,1376,832,472,70,2,1376,6,0,6,1382
10/03/2004,DTW,MI,AGL,CE,Combined TRACON& Tower with Radar,0,0,0,0,0,856,499,32,2,1389,856,499,32,2,1389,0,0,0,1389
10/04/2004,DTW,MI,AGL,CE,Combined TRACON& Tower with Radar,0,0,0,0,0,923,532,40,0,1495,923,532,40,0,1495,0,0,0,1495
10/05/2004,DTW,MI,AGL,CE,Combined TRACON& Tower with Radar,0,0,0,0,0,936,572,65,4,1577,936,572,65,4,1577,0,0,0,1577
10/06/2004,DTW,MI,AGL,CE,Combined TRACON& Tower with Radar,0,0,0,0,0,933,537,5,6,1481,933,537,5,6,1481,33,0,33,1514
10/07/2004,DTW,MI,AGL,CE,Combined TRACON& Tower with Radar,0,0,0,0,0,942,552,52,2,1548,942,552,52,2,1548,0,0,0,1548
10/08/2004,DTW,MI,AGL,CE,Combined TRACON& Tower with Radar,0,0,0,0,0,943,541,25,0,1509,943,541,25,0,1509,64,0,64,1573
10/09/2004,DTW,MI,AGL,CE,Combined TRACON& Tower with Radar,0,0,0,0,0,840,480,24,1,1345,840,480,24,1,1345,0,0,0,1345
10/10/2004,DTW,MI,AGL,CE,Combined TRACON& Tower with Radar,0,0,0,0,0,864,503,25,0,1392,864,503,25,0,1392,0,0,0,1392
10/11/2004,DTW,MI,AGL,CE,Combined TRACON& Tower with Radar,0,0,0,0,0,920,527,41,0,1488,920,527,41,0,1488,0,0,0,1488
10/12/2004,DTW,MI,AGL,CE,Combined TRACON& Tower with Radar,0,0,0,0,0,938,534,42,0,1514,938,534,42,0,1514,0,0,0,1514
10/13/2004,DTW,MI,AGL,CE,Combined TRACON& Tower with Radar,0,0,0,0,0,927,553,54,0,1534,927,553,54,0,1534,0,0,0,1534
10/14/2004,DTW,MI,AGL,CE,Combined TRACON& Tower with Radar,0,0,0,0,0,935,538,41,0,1514,935,538,41,0,1514,0,0,0,1514
10/15/2004,DTW,MI,AGL,CE,Combined TRACON& Tower with Radar,0,0,0,0,0,950,519,29,0,1498,950,519,29,0,1498,0,0,0,1498
10/16/2004,DTW,MI,AGL,CE,Combined TRACON& Tower with Radar,0,0,0,0,0,838,473,15,0,1326,838,473,15,0,1326,3,0,3,1329
10/17/2004,DTW,MI,AGL,CE,Combined TRACON& Tower with Radar,0,0,0,0,0,857,494,23,0,1374,857,494,23,0,1374,0,0,0,1374
10/18/2004,DTW,MI,AGL,CE,Combined TRACON& Tower with Radar,0,0,0,0,0,925,494,43,0,1462,925,494,43,0,1462,0,0,0,1462
10/19/2004,DTW,MI,AGL,CE,Combined TRACON& Tower with Radar,0,0,0,0,0,948,531,40,0,1519,948,531,40,0,1519,0,0,0,1519
10/20/2004,DTW,MI,AGL,CE,Combined TRACON& Tower with Radar,0,0,0,0,0,947,514,50,0,1511,947,514,50,0,1511,14,0,14,1525
10/21/2004,DTW,MI,AGL,CE,Combined TRACON& Tower with Radar,0,0,0,0,0,952,538,61,0,1551,952,538,61,0,1551,0,0,0,1551
10/22/2004,DTW,MI,AGL,CE,Combined TRACON& Tower with Radar,0,0,0,0,0,965,534,42,0,1541,965,534,42,0,1541,0,0,0,1541
10/23/2004,DTW,MI,AGL,CE,Combined TRACON& Tower with Radar,0,0,0,0,0,838,473,17,0,1328,838,473,17,0,1328,0,0,0,1328
10/24/2004,DTW,MI,AGL,CE,Combined TRACON& Tower with Radar,0,0,0,0,0,852,500,25,1,1378,852,500,25,1,1378,0,0,0,1378
10/25/2004,DTW,MI,AGL,CE,Combined TRACON& Tower with Radar,0,0,0,0,0,962,544,48,1,1555,962,544,48,1,1555,0,0,0,1555
10/26/2004,DTW,MI,AGL,CE,Combined TRACON& Tower with Radar,0,0,0,0,0,928,406,53,0,1387,928,406,53,0,1387,0,0,0,1387
10/27/2004,DTW,MI,AGL,CE,Combined TRACON& Tower with Radar,0,0,0,0,0,926,537,59,0,1522,926,537,59,0,1522,18,0,18,1540
10/28/2004,DTW,MI,AGL,CE,Combined TRACON& Tower with Radar,0,0,0,0,0,936,527,55,0,1518,936,527,55,0,1518,0,0,0,1518
10/29/2004,DTW,MI,AGL,CE,Combined TRACON& Tower with Radar,0,0,0,0,0,940,518,40,0,1498,940,518,40,0,1498,0,0,0,1498
10/30/2004,DTW,MI,AGL,CE,Combined TRACON& Tower with Radar,0,0,0,0,0,843,467,17,2,1329,843,467,17,2,1329,0,0,0,1329
10/31/2004,DTW,MI,AGL,CE,Combined TRACON& Tower with Radar,0,0,0,0,0,839,493,33,4,1369,839,493,33,4,1369,0,0,0,1369
11/01/2004,DTW,MI,AGL,CE,Towers with Radar,905,527,47,0,1479,0,0,9,0,9,905,527,56,0,1488,0,0,0,1488
11/02/2004,DTW,MI,AGL,CE,Towers with Radar,922,548,35,0,1505,0,0,0,0,0,922,548,35,0,1505,0,0,0,1505
11/03/2004,DTW,MI,AGL,CE,Towers with Radar,907,533,51,0,1491,0,2,6,0,8,907,535,57,0,1499,16,0,16,1515
11/04/2004,DTW,MI,AGL,CE,Towers with Radar,915,547,37,0,1499,0,3,1,0,4,915,550,38,0,1503,0,0,0,1503
11/05/2004,DTW,MI,AGL,CE,Towers with Radar,927,535,30,0,1492,0,0,0,0,0,927,535,30,0,1492,0,0,0,1492
11/06/2004,DTW,MI,AGL,CE,Towers with Radar,848,472,21,0,1341,0,0,1,0,1,848,472,22,0,1342,0,0,0,1342
11/07/2004,DTW,MI,AGL,CE,Towers with Radar,851,480,20,0,1351,0,0,1,0,1,851,480,21,0,1352,0,0,0,1352
11/08/2004,DTW,MI,AGL,CE,Towers with Radar,904,530,34,0,1468,0,0,0,0,0,904,530,34,0,1468,0,0,0,1468
11/09/2004,DTW,MI,AGL,CE,Towers with Radar,920,529,43,0,1492,7,0,8,0,15,927,529,51,0,1507,12,0,12,1519
11/10/2004,DTW,MI,AGL,CE,Towers with Radar,927,529,47,0,1503,0,0,4,0,4,927,529,51,0,1507,0,0,0,1507
11/11/2004,DTW,MI,AGL,CE,Towers with Radar,916,530,47,0,1493,0,0,0,0,0,916,530,47,0,1493,0,0,0,1493
11/12/2004,DTW,MI,AGL,CE,Towers with Radar,929,511,48,0,1488,0,0,4,0,4,929,511,52,0,1492,0,0,0,1492
11/13/2004,DTW,MI,AGL,CE,Towers with Radar,843,465,12,0,1320,7,10,7,0,24,850,475,19,0,1344,0,0,0,1344
11/14/2004,DTW,MI,AGL,CE,Towers with Radar,850,475,15,0,1340,0,0,4,0,4,850,475,19,0,1344,0,0,0,1344
11/15/2004,DTW,MI,AGL,CE,Towers with Radar,913,529,28,0,1470,0,0,5,0,5,913,529,33,0,1475,0,0,0,1475
11/16/2004,DTW,MI,AGL,CE,Towers with Radar,924,529,42,0,1495,0,0,0,0,0,924,529,42,0,1495,0,0,0,1495
11/17/2004,DTW,MI,AGL,CE,Towers with Radar,924,529,42,0,1495,0,0,0,0,0,924,529,42,0,1495,12,0,12,1507
11/18/2004,DTW,MI,AGL,CE,Towers with Radar,948,506,51,0,1505,0,0,0,0,0,948,506,51,0,1505,0,0,0,1505
11/19/2004,DTW,MI,AGL,CE,Towers with Radar,934,517,31,0,1482,0,0,0,0,0,934,517,31,0,1482,0,0,0,1482
11/20/2004,DTW,MI,AGL,CE,Towers with Radar,856,468,9,0,1333,0,0,3,0,3,856,468,12,0,1336,0,0,0,1336
11/21/2004,DTW,MI,AGL,CE,Towers with Radar,852,485,17,0,1354,0,0,5,0,5,852,485,22,0,1359,0,0,0,1359
11/22/2004,DTW,MI,AGL,CE,Towers with Radar,916,514,22,0,1452,0,0,0,0,0,916,514,22,0,1452,0,0,0,1452
11/23/2004,DTW,MI,AGL,CE,Towers with Radar,943,532,48,0,1523,0,0,0,0,0,943,532,48,0,1523,0,0,0,1523
11/24/2004,DTW,MI,AGL,CE,Towers with Radar,887,504,30,0,1421,0,0,0,0,0,887,504,30,0,1421,8,0,8,1429
11/25/2004,DTW,MI,AGL,CE,Towers with Radar,831,465,11,0,1307,0,0,0,0,0,831,465,11,0,1307,0,0,0,1307
11/26/2004,DTW,MI,AGL,CE,Towers with Radar,790,420,4,0,1214,0,0,0,0,0,790,420,4,0,1214,0,0,0,1214
11/27/2004,DTW,MI,AGL,CE,Towers with Radar,837,461,9,0,1307,0,0,0,0,0,837,461,9,0,1307,0,0,0,1307
11/28/2004,DTW,MI,AGL,CE,Towers with Radar,853,487,34,0,1374,0,0,3,0,3,853,487,37,0,1377,0,0,0,1377
11/29/2004,DTW,MI,AGL,CE,Towers with Radar,945,531,46,0,1522,0,0,0,0,0,945,531,46,0,1522,0,0,0,1522
11/30/2004,DTW,MI,AGL,CE,Towers with Radar,928,532,34,0,1494,0,0,0,0,0,928,532,34,0,1494,0,0,0,1494
12/01/2004,DTW,MI,AGL,CE,Towers with Radar,878,521,32,0,1431,0,0,0,0,0,878,521,32,0,1431,14,0,14,1445
12/02/2004,DTW,MI,AGL,CE,Towers with Radar,883,535,33,0,1451,0,0,0,0,0,883,535,33,0,1451,0,0,0,1451
12/03/2004,DTW,MI,AGL,CE,Towers with Radar,896,535,32,0,1463,0,0,1,4,5,896,535,33,4,1468,0,0,0,1468
12/04/2004,DTW,MI,AGL,CE,Towers with Radar,805,477,15,0,1297,0,0,5,0,5,805,477,20,0,1302,0,0,0,1302
12/05/2004,DTW,MI,AGL,CE,Towers with Radar,822,477,16,0,1315,0,0,3,1,4,822,477,19,1,1319,0,0,0,1319
12/06/2004,DTW,MI,AGL,CE,Towers with Radar,863,502,57,0,1422,0,0,0,0,0,863,502,57,0,1422,0,0,0,1422
12/07/2004,DTW,MI,AGL,CE,Towers with Radar,898,517,47,0,1462,0,0,0,0,0,898,517,47,0,1462,0,0,0,1462
12/08/2004,DTW,MI,AGL,CE,Towers with Radar,885,541,44,2,1472,0,0,0,0,0,885,541,44,2,1472,16,0,16,1488
12/09/2004,DTW,MI,AGL,CE,Towers with Radar,999,613,59,0,1671,0,0,1,0,1,999,613,60,0,1672,0,0,0,1672
12/10/2004,DTW,MI,AGL,CE,Towers with Radar,889,521,36,0,1446,0,0,0,0,0,889,521,36,0,1446,0,0,0,1446
12/11/2004,DTW,MI,AGL,CE,Towers with Radar,827,475,13,0,1315,0,0,2,0,2,827,475,15,0,1317,0,0,0,1317
12/12/2004,DTW,MI,AGL,CE,Towers with Radar,820,470,19,0,1309,0,0,2,0,2,820,470,21,0,1311,0,0,0,1311
12/13/2004,DTW,MI,AGL,CE,Towers with Radar,866,502,44,0,1412,0,0,0,0,0,866,502,44,0,1412,0,0,0,1412
12/14/2004,DTW,MI,AGL,CE,Towers with Radar,896,540,48,0,1484,0,0,0,0,0,896,540,48,0,1484,0,0,0,1484
12/15/2004,DTW,MI,AGL,CE,Towers with Radar,868,516,55,0,1439,0,0,0,0,0,868,516,55,0,1439,12,0,12,1451
12/16/2004,DTW,MI,AGL,CE,Towers with Radar,806,522,47,0,1375,100,0,1,0,101,906,522,48,0,1476,0,0,0,1476
12/17/2004,DTW,MI,AGL,CE,Towers with Radar,942,522,32,0,1496,0,1,3,0,4,942,523,35,0,1500,0,0,0,1500
12/18/2004,DTW,MI,AGL,CE,Towers with Radar,832,476,24,0,1332,0,0,0,0,0,832,476,24,0,1332,0,0,0,1332
12/19/2004,DTW,MI,AGL,CE,Towers with Radar,829,470,21,0,1320,0,0,0,0,0,829,470,21,0,1320,0,0,0,1320
12/20/2004,DTW,MI,AGL,CE,Towers with Radar,884,492,31,0,1407,0,0,1,0,1,884,492,32,0,1408,0,0,0,1408
12/21/2004,DTW,MI,AGL,CE,Towers with Radar,939,527,38,0,1504,0,0,0,0,0,939,527,38,0,1504,0,0,0,1504
12/22/2004,DTW,MI,AGL,CE,Towers with Radar,918,452,27,0,1397,0,0,3,0,3,918,452,30,0,1400,12,0,12,1412
12/23/2004,DTW,MI,AGL,CE,Towers with Radar,816,321,30,0,1167,0,0,8,0,8,816,321,38,0,1175,0,0,0,1175
12/24/2004,DTW,MI,AGL,CE,Towers with Radar,903,402,14,0,1319,0,0,0,0,0,903,402,14,0,1319,0,0,0,1319
12/25/2004,DTW,MI,AGL,CE,Towers with Radar,811,347,12,1,1171,0,0,0,0,0,811,347,12,1,1171,0,0,0,1171
12/26/2004,DTW,MI,AGL,CE,Towers with Radar,865,422,12,0,1299,0,0,2,0,2,865,422,14,0,1301,0,0,0,1301
12/27/2004,DTW,MI,AGL,CE,Towers with Radar,914,467,24,0,1405,0,0,3,0,3,914,467,27,0,1408,0,0,0,1408
12/28/2004,DTW,MI,AGL,CE,Towers with Radar,948,508,11,0,1467,0,0,0,0,0,948,508,11,0,1467,0,0,0,1467
12/29/2004,DTW,MI,AGL,CE,Towers with Radar,933,517,7,0,1457,0,0,0,0,0,933,517,7,0,1457,18,0,18,1475
12/30/2004,DTW,MI,AGL,CE,Towers with Radar,910,469,9,0,1388,0,0,0,0,0,910,469,9,0,1388,0,0,0,1388
12/31/2004,DTW,MI,AGL,CE,Towers with Radar,894,496,4,0,1394,0,0,0,0,0,894,496,4,0,1394,0,0,0,1394
01/01/2005,DTW,MI,AGL,CE,Towers with Radar,792,433,11,0,1236,0,0,0,0,0,792,433,11,0,1236,0,0,0,1236
01/02/2005,DTW,MI,AGL,CE,Towers with Radar,859,436,34,0,1329,0,0,0,0,0,859,436,34,0,1329,0,0,0,1329
01/03/2005,DTW,MI,AGL,CE,Towers with Radar,891,495,31,0,1417,0,0,0,0,0,891,495,31,0,1417,0,0,0,1417
01/04/2005,DTW,MI,AGL,CE,Towers with Radar,897,495,28,0,1420,0,0,0,0,0,897,495,28,0,1420,0,0,0,1420
01/05/2005,DTW,MI,AGL,CE,Towers with Radar,836,448,18,1,1303,0,0,0,0,0,836,448,18,1,1303,0,0,0,1303
01/06/2005,DTW,MI,AGL,CE,Towers with Radar,880,485,26,0,1391,0,0,0,0,0,880,485,26,0,1391,0,0,0,1391
01/07/2005,DTW,MI,AGL,CE,Towers with Radar,919,524,27,0,1470,0,0,1,0,1,919,524,28,0,1471,0,0,0,1471
01/08/2005,DTW,MI,AGL,CE,Towers with Radar,788,421,13,0,1222,0,0,0,0,0,788,421,13,0,1222,0,0,0,1222
01/09/2005,DTW,MI,AGL,CE,Towers with Radar,838,476,27,0,1341,0,0,2,0,2,838,476,29,0,1343,0,0,0,1343
01/10/2005,DTW,MI,AGL,CE,Towers with Radar,882,527,51,0,1460,0,0,0,0,0,882,527,51,0,1460,0,0,0,1460
01/11/2005,DTW,MI,AGL,CE,Towers with Radar,869,522,57,0,1448,0,0,2,0,2,869,522,59,0,1450,0,0,0,1450
01/12/2005,DTW,MI,AGL,CE,Towers with Radar,824,382,93,0,1299,0,0,0,0,0,824,382,93,0,1299,0,0,0,1299
01/13/2005,DTW,MI,AGL,CE,Towers with Radar,868,506,77,2,1453,0,0,0,0,0,868,506,77,2,1453,8,0,8,1461
01/14/2005,DTW,MI,AGL,CE,Towers with Radar,906,523,49,0,1478,0,1,0,1,2,906,524,49,1,1480,0,0,0,1480
01/15/2005,DTW,MI,AGL,CE,Towers with Radar,797,481,28,0,1306,0,0,0,0,0,797,481,28,0,1306,0,0,0,1306
01/16/2005,DTW,MI,AGL,CE,Towers with Radar,820,453,19,1,1293,0,0,0,0,0,820,453,19,1,1293,0,0,0,1293
01/17/2005,DTW,MI,AGL,CE,Towers with Radar,866,530,35,0,1431,0,1,0,0,1,866,531,35,0,1432,0,0,0,1432
01/18/2005,DTW,MI,AGL,CE,Towers with Radar,874,533,51,1,1459,0,0,0,0,0,874,533,51,1,1459,12,0,12,1471
01/19/2005,DTW,MI,AGL,CE,Towers with Radar,878,520,48,1,1447,0,0,0,0,0,878,520,48,1,1447,0,0,0,1447
01/20/2005,DTW,MI,AGL,CE,Towers with Radar,895,529,31,0,1455,0,0,0,0,0,895,529,31,0,1455,6,0,6,1461
01/21/2005,DTW,MI,AGL,CE,Towers with Radar,877,518,51,0,1446,0,0,3,0,3,877,518,54,0,1449,0,0,0,1449
01/22/2005,DTW,MI,AGL,CE,Towers with Radar,501,158,7,0,666,0,0,0,0,0,501,158,7,0,666,0,0,0,666
01/23/2005,DTW,MI,AGL,CE,Towers with Radar,767,348,14,0,1129,0,1,2,0,3,767,349,16,0,1132,0,0,0,1132
01/24/2005,DTW,MI,AGL,CE,Towers with Radar,879,477,55,0,1411,0,0,6,0,6,879,477,61,0,1417,0,0,0,1417
01/25/2005,DTW,MI,AGL,CE,Towers with Radar,884,528,44,0,1456,0,0,2,0,2,884,528,46,0,1458,0,0,0,1458
01/26/2005,DTW,MI,AGL,CE,Towers with Radar,870,512,37,0,1419,0,0,0,0,0,870,512,37,0,1419,0,0,0,1419
01/27/2005,DTW,MI,AGL,CE,Towers with Radar,897,537,51,0,1485,0,0,0,0,0,897,537,51,0,1485,22,0,22,1507
01/28/2005,DTW,MI,AGL,CE,Towers with Radar,901,519,51,0,1471,0,0,0,0,0,901,519,51,0,1471,0,0,0,1471
01/29/2005,DTW,MI,AGL,CE,Towers with Radar,771,443,14,1,1229,0,0,3,2,5,771,443,17,3,1234,0,0,0,1234
01/30/2005,DTW,MI,AGL,CE,Towers with Radar,807,472,17,0,1296,0,0,4,0,4,807,472,21,0,1300,0,0,0,1300
01/31/2005,DTW,MI,AGL,CE,Towers with Radar,884,518,37,0,1439,0,0,6,0,6,884,518,43,0,1445,0,0,0,1445
02/01/2005,DTW,MI,AGL,CE,Towers with Radar,807,382,28,0,1217,0,0,0,0,0,807,382,28,0,1217,0,0,0,1217
02/02/2005,DTW,MI,AGL,CE,Towers with Radar,863,433,51,0,1347,0,0,0,0,0,863,433,51,0,1347,0,0,0,1347
02/03/2005,DTW,MI,AGL,CE,Towers with Radar,901,523,42,0,1466,0,10,0,0,10,901,533,42,0,1476,18,0,18,1494
02/04/2005,DTW,MI,AGL,CE,Towers with Radar,901,512,37,0,1450,0,0,0,0,0,901,512,37,0,1450,0,0,0,1450
02/05/2005,DTW,MI,AGL,CE,Towers with Radar,0,0,0,0,0,0,0,0,0,0,0,0,0,0,0,0,0,0,0
02/06/2005,DTW,MI,AGL,CE,Towers with Radar,832,462,22,5,1321,0,0,1,0,1,832,462,23,5,1322,0,0,0,1322
02/07/2005,DTW,MI,AGL,CE,Towers with Radar,874,467,37,1,1379,0,0,0,0,0,874,467,37,1,1379,2,0,2,1381
02/08/2005,DTW,MI,AGL,CE,Towers with Radar,911,490,41,3,1445,0,0,0,11,11,911,490,41,14,1456,0,0,0,1456
02/09/2005,DTW,MI,AGL,CE,Towers with Radar,886,500,53,3,1442,1,0,0,0,1,887,500,53,3,1443,0,0,0,1443
02/10/2005,DTW,MI,AGL,CE,Towers with Radar,935,547,46,0,1528,0,0,0,0,0,935,547,46,0,1528,16,0,16,1544
02/11/2005,DTW,MI,AGL,CE,Towers with Radar,920,503,32,0,1455,0,1,4,0,5,920,504,36,0,1460,0,0,0,1460
02/12/2005,DTW,MI,AGL,CE,Towers with Radar,834,478,12,0,1324,0,0,0,0,0,834,478,12,0,1324,0,0,0,1324
02/13/2005,DTW,MI,AGL,CE,Towers with Radar,820,446,13,0,1279,0,0,4,0,4,820,446,17,0,1283,0,0,0,1283
02/14/2005,DTW,MI,AGL,CE,Towers with Radar,918,522,31,0,1471,0,0,2,0,2,918,522,33,0,1473,0,0,0,1473
02/15/2005,DTW,MI,AGL,CE,Towers with Radar,908,531,37,0,1476,0,0,0,0,0,908,531,37,0,1476,0,0,0,1476
02/16/2005,DTW,MI,AGL,CE,Towers with Radar,955,521,36,0,1512,0,1,4,0,5,955,522,40,0,1517,0,0,0,1517
02/17/2005,DTW,MI,AGL,CE,Towers with Radar,956,532,49,1,1538,0,0,0,0,0,956,532,49,1,1538,24,0,24,1562
02/18/2005,DTW,MI,AGL,CE,Towers with Radar,987,546,40,0,1573,0,0,4,0,4,987,546,44,0,1577,0,0,0,1577
02/19/2005,DTW,MI,AGL,CE,Towers with Radar,869,492,20,0,1381,0,0,1,0,1,869,492,21,0,1382,0,0,0,1382
02/20/2005,DTW,MI,AGL,CE,Towers with Radar,716,336,22,0,1074,0,0,0,0,0,716,336,22,0,1074,0,0,0,1074
02/21/2005,DTW,MI,AGL,CE,Towers with Radar,1035,540,38,0,1613,0,0,0,0,0,1035,540,38,0,1613,0,0,0,1613
02/22/2005,DTW,MI,AGL,CE,Towers with Radar,940,521,40,1,1502,0,0,0,0,0,940,521,40,1,1502,0,0,0,1502
02/23/2005,DTW,MI,AGL,CE,Towers with Radar,984,535,38,0,1557,0,0,6,0,6,984,535,44,0,1563,0,0,0,1563
02/24/2005,DTW,MI,AGL,CE,Towers with Radar,954,510,41,0,1505,0,0,0,3,3,954,510,41,3,1508,18,0,18,1526
02/25/2005,DTW,MI,AGL,CE,Towers with Radar,977,507,38,3,1525,0,0,1,0,1,977,507,39,3,1526,0,0,0,1526
02/26/2005,DTW,MI,AGL,CE,Towers with Radar,882,497,17,0,1396,0,0,1,0,1,882,497,18,0,1397,0,0,0,1397
02/27/2005,DTW,MI,AGL,CE,Towers with Radar,858,477,27,0,1362,0,0,2,0,2,858,477,29,0,1364,0,0,0,1364
02/28/2005,DTW,MI,AGL,CE,Towers with Radar,897,471,44,0,1412,0,0,2,0,2,897,471,46,0,1414,0,0,0,1414
03/01/2005,DTW,MI,AGL,CE,Towers with Radar,889,410,37,0,1336,0,0,0,0,0,889,410,37,0,1336,0,0,0,1336
03/02/2005,DTW,MI,AGL,CE,Towers with Radar,983,526,41,0,1550,0,1,6,0,7,983,527,47,0,1557,0,0,0,1557
03/03/2005,DTW,MI,AGL,CE,Towers with Radar,967,566,0,0,1533,0,0,0,36,36,967,566,0,36,1569,18,0,18,1587
03/04/2005,DTW,MI,AGL,CE,Towers with Radar,997,531,36,0,1564,0,0,0,0,0,997,531,36,0,1564,0,0,0,1564
03/05/2005,DTW,MI,AGL,CE,Towers with Radar,862,493,10,0,1365,0,0,5,0,5,862,493,15,0,1370,0,0,0,1370
03/06/2005,DTW,MI,AGL,CE,Towers with Radar,889,493,25,0,1407,0,0,0,0,0,889,493,25,0,1407,0,0,0,1407
03/07/2005,DTW,MI,AGL,CE,Towers with Radar,939,517,33,0,1489,0,0,0,0,0,939,517,33,0,1489,0,0,0,1489
03/08/2005,DTW,MI,AGL,CE,Towers with Radar,919,517,50,1,1487,0,0,0,0,0,919,517,50,1,1487,0,0,0,1487
03/09/2005,DTW,MI,AGL,CE,Towers with Radar,949,529,57,0,1535,0,0,4,0,4,949,529,61,0,1539,0,0,0,1539
03/10/2005,DTW,MI,AGL,CE,Towers with Radar,914,523,44,0,1481,0,0,0,0,0,914,523,44,0,1481,6,0,6,1487
03/11/2005,DTW,MI,AGL,CE,Towers with Radar,977,534,38,0,1549,0,0,0,0,0,977,534,38,0,1549,0,0,0,1549
03/12/2005,DTW,MI,AGL,CE,Towers with Radar,894,504,11,0,1409,0,0,3,0,3,894,504,14,0,1412,0,0,0,1412
03/13/2005,DTW,MI,AGL,CE,Towers with Radar,883,478,12,1,1374,0,0,4,0,4,883,478,16,1,1378,0,0,0,1378
03/14/2005,DTW,MI,AGL,CE,Towers with Radar,951,536,17,0,1504,0,0,2,0,2,951,536,19,0,1506,0,0,0,1506
03/15/2005,DTW,MI,AGL,CE,Towers with Radar,944,526,56,4,1530,0,0,0,0,0,944,526,56,4,1530,0,0,0,1530
03/16/2005,DTW,MI,AGL,CE,Towers with Radar,945,529,55,5,1534,0,0,1,0,1,945,529,56,5,1535,0,0,0,1535
03/17/2005,DTW,MI,AGL,CE,Towers with Radar,966,540,48,0,1554,0,0,0,0,0,966,540,48,0,1554,0,0,0,1554
03/18/2005,DTW,MI,AGL,CE,Towers with Radar,957,536,39,2,1534,1,0,0,0,1,958,536,39,2,1535,0,0,0,1535
03/19/2005,DTW,MI,AGL,CE,Towers with Radar,864,485,19,0,1368,0,0,2,0,2,864,485,21,0,1370,0,0,0,1370
03/20/2005,DTW,MI,AGL,CE,Towers with Radar,871,479,20,1,1371,0,4,0,0,4,871,483,20,1,1375,0,0,0,1375
03/21/2005,DTW,MI,AGL,CE,Towers with Radar,973,518,30,0,1521,0,0,0,0,0,973,518,30,0,1521,0,0,0,1521
03/22/2005,DTW,MI,AGL,CE,Towers with Radar,950,528,34,0,1512,0,0,0,0,0,950,528,34,0,1512,0,0,0,1512
03/23/2005,DTW,MI,AGL,CE,Towers with Radar,930,516,37,0,1483,0,0,2,0,2,930,516,39,0,1485,0,0,0,1485
03/24/2005,DTW,MI,AGL,CE,Towers with Radar,991,545,46,1,1583,0,0,0,0,0,991,545,46,1,1583,14,0,14,1597
03/25/2005,DTW,MI,AGL,CE,Towers with Radar,952,533,17,1,1503,0,0,0,0,0,952,533,17,1,1503,0,0,0,1503
03/26/2005,DTW,MI,AGL,CE,Towers with Radar,877,487,12,0,1376,0,0,0,0,0,877,487,12,0,1376,0,0,0,1376
03/27/2005,DTW,MI,AGL,CE,Towers with Radar,886,476,6,0,1368,0,0,3,0,3,886,476,9,0,1371,0,0,0,1371
03/28/2005,DTW,MI,AGL,CE,Towers with Radar,928,513,14,0,1455,0,0,0,0,0,928,513,14,0,1455,18,0,18,1473
03/29/2005,DTW,MI,AGL,CE,Towers with Radar,970,536,0,0,1506,0,0,0,37,37,970,536,0,37,1543,12,0,12,1555
03/30/2005,DTW,MI,AGL,CE,Towers with Radar,939,530,33,0,1502,2,0,5,0,7,941,530,38,0,1509,0,0,0,1509
03/31/2005,DTW,MI,AGL,CE,Towers with Radar,970,534,28,0,1532,0,0,0,0,0,970,534,28,0,1532,5,3,8,1540
04/01/2005,DTW,MI,AGL,CE,Towers with Radar,981,529,31,0,1541,0,0,0,0,0,981,529,31,0,1541,0,0,0,1541
04/02/2005,DTW,MI,AGL,CE,Towers with Radar,870,499,7,0,1376,0,0,2,0,2,870,499,9,0,1378,0,0,0,1378
04/03/2005,DTW,MI,AGL,CE,Towers with Radar,884,480,24,0,1388,0,0,0,0,0,884,480,24,0,1388,0,0,0,1388
04/04/2005,DTW,MI,AGL,CE,Towers with Radar,1008,534,29,0,1571,0,0,0,0,0,1008,534,29,0,1571,0,0,0,1571
04/05/2005,DTW,MI,AGL,CE,Towers with Radar,1008,557,55,0,1620,0,0,5,0,5,1008,557,60,0,1625,0,0,0,1625
04/06/2005,DTW,MI,AGL,CE,Towers with Radar,1004,530,35,0,1569,0,0,5,0,5,1004,530,40,0,1574,0,0,0,1574
04/07/2005,DTW,MI,AGL,CE,Towers with Radar,998,532,48,0,1578,0,0,2,0,2,998,532,50,0,1580,16,0,16,1596
04/08/2005,DTW,MI,AGL,CE,Towers with Radar,1020,545,37,0,1602,0,1,7,0,8,1020,546,44,0,1610,3,0,3,1613
04/09/2005,DTW,MI,AGL,CE,Towers with Radar,913,489,12,0,1414,0,0,0,0,0,913,489,12,0,1414,9,0,9,1423
04/10/2005,DTW,MI,AGL,CE,Towers with Radar,928,475,13,0,1416,0,0,3,0,3,928,475,16,0,1419,0,0,0,1419
04/11/2005,DTW,MI,AGL,CE,Towers with Radar,990,522,35,0,1547,1,0,0,0,1,991,522,35,0,1548,22,0,22,1570
04/12/2005,DTW,MI,AGL,CE,Towers with Radar,970,523,54,0,1547,230,125,13,0,368,1200,648,67,0,1915,0,0,0,1915
04/13/2005,DTW,MI,AGL,CE,Towers with Radar,1002,529,60,3,1594,0,0,0,0,0,1002,529,60,3,1594,0,0,0,1594
04/14/2005,DTW,MI,AGL,CE,Towers with Radar,1002,529,60,3,1594,0,0,8,0,8,1002,529,68,3,1602,19,1,20,1622
04/15/2005,DTW,MI,AGL,CE,Towers with Radar,0,0,12,0,12,1014,542,35,2,1593,1014,542,47,2,1605,0,0,0,1605
04/16/2005,DTW,MI,AGL,CE,Towers with Radar,899,488,21,0,1408,0,0,0,0,0,899,488,21,0,1408,5,1,6,1414
04/17/2005,DTW,MI,AGL,CE,Towers with Radar,930,475,13,0,1418,0,0,0,0,0,930,475,13,0,1418,0,0,0,1418
04/18/2005,DTW,MI,AGL,CE,Towers with Radar,0,0,0,0,0,992,533,28,2,1555,992,533,28,2,1555,2,0,2,1557
04/19/2005,DTW,MI,AGL,CE,Towers with Radar,0,0,0,0,0,994,543,46,1,1584,994,543,46,1,1584,0,0,0,1584
04/20/2005,DTW,MI,AGL,CE,Towers with Radar,977,505,58,1,1541,0,0,0,0,0,977,505,58,1,1541,0,0,0,1541
04/21/2005,DTW,MI,AGL,CE,Towers with Radar,1010,554,44,0,1608,0,0,0,0,0,1010,554,44,0,1608,18,0,18,1626
04/22/2005,DTW,MI,AGL,CE,Towers with Radar,995,531,33,0,1559,0,0,1,0,1,995,531,34,0,1560,0,0,0,1560
04/23/2005,DTW,MI,AGL,CE,Towers with Radar,898,393,35,0,1326,59,0,0,3,62,957,393,35,3,1388,0,0,0,1388
04/24/2005,DTW,MI,AGL,CE,Towers with Radar,930,475,13,0,1418,0,0,40,0,40,930,475,53,0,1458,0,0,0,1458
04/25/2005,DTW,MI,AGL,CE,Towers with Radar,0,0,0,0,0,860,481,2,0,1343,860,481,2,0,1343,14,0,14,1357
04/26/2005,DTW,MI,AGL,CE,Towers with Radar,0,0,0,0,0,978,545,46,0,1569,978,545,46,0,1569,0,0,0,1569
04/27/2005,DTW,MI,AGL,CE,Towers with Radar,1008,547,55,4,1614,0,0,0,0,0,1008,547,55,4,1614,0,0,0,1614
04/28/2005,DTW,MI,AGL,CE,Towers with Radar,997,540,49,2,1588,0,0,0,0,0,997,540,49,2,1588,0,0,0,1588
04/29/2005,DTW,MI,AGL,CE,Towers with Radar,1020,557,49,2,1628,0,0,0,0,0,1020,557,49,2,1628,0,0,0,1628
04/30/2005,DTW,MI,AGL,CE,Towers with Radar,877,484,6,1,1368,0,0,0,0,0,877,484,6,1,1368,0,0,0,1368
05/01/2005,DTW,MI,AGL,CE,Towers with Radar,912,480,22,0,1414,0,0,2,0,2,912,480,24,0,1416,0,0,0,1416
05/02/2005,DTW,MI,AGL,CE,Towers with Radar,0,0,0,0,0,935,549,29,0,1513,935,549,29,0,1513,1,0,1,1514
05/03/2005,DTW,MI,AGL,CE,Towers with Radar,936,584,47,0,1567,0,0,0,0,0,936,584,47,0,1567,4,0,4,1571
05/04/2005,DTW,MI,AGL,CE,Towers with Radar,942,583,40,1,1566,0,0,0,0,0,942,583,40,1,1566,0,0,0,1566
05/05/2005,DTW,MI,AGL,CE,Towers with Radar,942,583,37,1,1563,0,1,3,0,4,942,584,40,1,1567,0,0,0,1567
05/06/2005,DTW,MI,AGL,CE,Towers with Radar,950,575,33,1,1559,0,0,0,0,0,950,575,33,1,1559,0,0,0,1559
05/07/2005,DTW,MI,AGL,CE,Towers with Radar,810,518,22,0,1350,0,0,0,0,0,810,518,22,0,1350,0,0,0,1350
05/08/2005,DTW,MI,AGL,CE,Towers with Radar,835,513,23,0,1371,0,0,0,0,0,835,513,23,0,1371,0,0,0,1371
05/09/2005,DTW,MI,AGL,CE,Towers with Radar,933,578,36,0,1547,0,0,0,0,0,933,578,36,0,1547,0,0,0,1547
05/10/2005,DTW,MI,AGL,CE,Towers with Radar,0,0,0,0,0,921,599,49,0,1569,921,599,49,0,1569,0,0,0,1569
05/11/2005,DTW,MI,AGL,CE,Towers with Radar,0,0,0,0,0,921,577,68,1,1567,921,577,68,1,1567,140,0,140,1707
05/12/2005,DTW,MI,AGL,CE,Towers with Radar,950,587,65,2,1604,0,0,0,0,0,950,587,65,2,1604,0,0,0,1604
05/13/2005,DTW,MI,AGL,CE,Towers with Radar,851,532,32,0,1415,0,0,0,0,0,851,532,32,0,1415,0,0,0,1415
05/14/2005,DTW,MI,AGL,CE,Towers with Radar,856,540,11,0,1407,0,0,0,0,0,856,540,11,0,1407,0,0,0,1407
05/15/2005,DTW,MI,AGL,CE,Towers with Radar,0,0,0,0,0,840,523,26,0,1389,840,523,26,0,1389,0,0,0,1389
05/16/2005,DTW,MI,AGL,CE,Towers with Radar,6,1,26,0,33,917,580,20,0,1517,923,581,46,0,1550,0,0,0,1550
05/17/2005,DTW,MI,AGL,CE,Towers with Radar,0,0,0,0,0,921,591,50,0,1562,921,591,50,0,1562,0,0,0,1562
05/18/2005,DTW,MI,AGL,CE,Towers with Radar,943,581,39,0,1563,0,0,0,0,0,943,581,39,0,1563,0,0,0,1563
05/19/2005,DTW,MI,AGL,CE,Towers with Radar,920,583,39,3,1545,0,1,1,0,2,920,584,40,3,1547,0,0,0,1547
05/20/2005,DTW,MI,AGL,CE,Towers with Radar,956,585,36,0,1577,0,0,20,0,20,956,585,56,0,1597,0,0,0,1597
05/21/2005,DTW,MI,AGL,CE,Towers with Radar,817,519,5,0,1341,0,0,0,0,0,817,519,5,0,1341,0,0,0,1341
05/22/2005,DTW,MI,AGL,CE,Towers with Radar,826,516,22,0,1364,0,0,0,0,0,826,516,22,0,1364,0,0,0,1364
05/23/2005,DTW,MI,AGL,CE,Towers with Radar,375,226,18,0,619,547,336,26,0,909,922,562,44,0,1528,0,0,0,1528
05/24/2005,DTW,MI,AGL,CE,Towers with Radar,0,0,0,0,0,917,593,39,0,1549,917,593,39,0,1549,0,0,0,1549
05/25/2005,DTW,MI,AGL,CE,Towers with Radar,0,0,0,0,0,926,591,42,0,1559,926,591,42,0,1559,0,0,0,1559
05/26/2005,DTW,MI,AGL,CE,Towers with Radar,939,595,68,0,1602,0,4,24,0,28,939,599,92,0,1630,0,0,0,1630
05/27/2005,DTW,MI,AGL,CE,Towers with Radar,0,0,0,0,0,942,599,29,0,1570,942,599,29,0,1570,0,0,0,1570
05/28/2005,DTW,MI,AGL,CE,Towers with Radar,817,508,10,0,1335,0,0,0,0,0,817,508,10,0,1335,0,0,0,1335
05/29/2005,DTW,MI,AGL,CE,Towers with Radar,768,433,13,0,1214,0,0,0,0,0,768,433,13,0,1214,0,0,0,1214
05/30/2005,DTW,MI,AGL,CE,Towers with Radar,0,0,2,0,2,857,522,16,0,1395,857,522,18,0,1397,28,3,31,1428
05/31/2005,DTW,MI,AGL,CE,Towers with Radar,0,0,0,0,0,923,591,29,0,1543,923,591,29,0,1543,0,0,0,1543
06/01/2005,DTW,MI,AGL,CE,Towers with Radar,941,584,53,0,1578,0,0,4,0,4,941,584,57,0,1582,0,0,0,1582
06/02/2005,DTW,MI,AGL,CE,Towers with Radar,0,0,0,0,0,943,588,56,0,1587,943,588,56,0,1587,0,0,0,1587
06/03/2005,DTW,MI,AGL,CE,Towers with Radar,929,575,43,0,1547,0,0,0,0,0,929,575,43,0,1547,0,0,0,1547
06/04/2005,DTW,MI,AGL,CE,Towers with Radar,0,0,0,0,0,816,511,20,0,1347,816,511,20,0,1347,0,0,0,1347
06/05/2005,DTW,MI,AGL,CE,Towers with Radar,0,0,0,0,0,751,468,22,0,1241,751,468,22,0,1241,0,0,0,1241
06/06/2005,DTW,MI,AGL,CE,Towers with Radar,0,0,4,0,4,926,572,40,2,1540,926,572,44,2,1544,0,4,4,1548
06/07/2005,DTW,MI,AGL,CE,Towers with Radar,0,0,0,0,0,952,588,43,0,1583,952,588,43,0,1583,0,0,0,1583
06/08/2005,DTW,MI,AGL,CE,Towers with Radar,0,0,0,0,0,903,577,43,2,1525,903,577,43,2,1525,9,0,9,1534
06/09/2005,DTW,MI,AGL,CE,Towers with Radar,932,556,40,0,1528,0,0,0,0,0,932,556,40,0,1528,0,0,0,1528
06/10/2005,DTW,MI,AGL,CE,Towers with Radar,932,556,40,0,1528,0,0,0,0,0,932,556,40,0,1528,0,0,0,1528
06/11/2005,DTW,MI,AGL,CE,Towers with Radar,866,524,19,2,1411,0,0,0,0,0,866,524,19,2,1411,4,0,4,1415
06/12/2005,DTW,MI,AGL,CE,Towers with Radar,865,526,20,0,1411,0,2,25,0,27,865,528,45,0,1438,0,0,0,1438
06/13/2005,DTW,MI,AGL,CE,Towers with Radar,0,0,0,0,0,865,525,17,0,1407,865,525,17,0,1407,0,0,0,1407
06/14/2005,DTW,MI,AGL,CE,Towers with Radar,0,0,0,0,0,941,586,50,0,1577,941,586,50,0,1577,0,0,0,1577
06/15/2005,DTW,MI,AGL,CE,Towers with Radar,944,598,56,0,1598,0,0,4,0,4,944,598,60,0,1602,0,0,0,1602
06/16/2005,DTW,MI,AGL,CE,Towers with Radar,0,0,0,0,0,936,590,62,0,1588,936,590,62,0,1588,12,0,12,1600
06/17/2005,DTW,MI,AGL,CE,Towers with Radar,0,0,4,0,4,963,589,34,0,1586,963,589,38,0,1590,0,0,0,1590
06/18/2005,DTW,MI,AGL,CE,Towers with Radar,852,514,34,0,1400,0,0,0,0,0,852,514,34,0,1400,0,0,0,1400
06/19/2005,DTW,MI,AGL,CE,Towers with Radar,0,0,0,0,0,868,526,48,0,1442,868,526,48,0,1442,0,0,0,1442
06/20/2005,DTW,MI,AGL,CE,Towers with Radar,0,1,7,0,8,928,579,40,0,1547,928,580,47,0,1555,0,0,0,1555
06/21/2005,DTW,MI,AGL,CE,Towers with Radar,0,0,0,0,0,901,568,54,0,1523,901,568,54,0,1523,0,0,0,1523
06/22/2005,DTW,MI,AGL,CE,Towers with Radar,970,596,45,0,1611,1,1,2,0,4,971,597,47,0,1615,0,0,0,1615
06/23/2005,DTW,MI,AGL,CE,Towers with Radar,954,595,59,0,1608,0,0,0,0,0,954,595,59,0,1608,0,0,0,1608
06/24/2005,DTW,MI,AGL,CE,Towers with Radar,948,591,41,0,1580,0,0,0,0,0,948,591,41,0,1580,0,0,0,1580
06/25/2005,DTW,MI,AGL,CE,Towers with Radar,855,514,24,1,1394,0,0,0,0,0,855,514,24,1,1394,0,0,0,1394
06/26/2005,DTW,MI,AGL,CE,Towers with Radar,0,0,0,0,0,869,530,19,1,1419,869,530,19,1,1419,0,0,0,1419
06/27/2005,DTW,MI,AGL,CE,Towers with Radar,1,0,3,0,4,923,558,39,0,1520,924,558,42,0,1524,0,0,0,1524
06/28/2005,DTW,MI,AGL,CE,Towers with Radar,0,0,0,0,0,879,553,43,0,1475,879,553,43,0,1475,0,0,0,1475
06/29/2005,DTW,MI,AGL,CE,Towers with Radar,926,562,49,0,1537,0,0,2,0,2,926,562,51,0,1539,0,0,0,1539
06/30/2005,DTW,MI,AGL,CE,Towers with Radar,0,0,0,0,0,923,527,74,0,1524,923,527,74,0,1524,4,0,4,1528
07/01/2005,DTW,MI,AGL,CE,Towers with Radar,961,589,49,0,1599,0,0,0,0,0,961,589,49,0,1599,0,0,0,1599
07/02/2005,DTW,MI,AGL,CE,Towers with Radar,876,510,20,0,1406,0,0,0,0,0,876,510,20,0,1406,0,0,0,1406
07/03/2005,DTW,MI,AGL,CE,Towers with Radar,802,443,6,0,1251,0,0,0,0,0,802,443,6,0,1251,0,0,0,1251
07/04/2005,DTW,MI,AGL,CE,Towers with Radar,1,16,6,0,23,801,427,0,0,1228,802,443,6,0,1251,0,0,0,1251
07/05/2005,DTW,MI,AGL,CE,Towers with Radar,0,0,0,0,0,963,603,33,0,1599,963,603,33,0,1599,0,0,0,1599
07/06/2005,DTW,MI,AGL,CE,Towers with Radar,959,588,35,0,1582,0,0,0,0,0,959,588,35,0,1582,0,0,0,1582
07/07/2005,DTW,MI,AGL,CE,Towers with Radar,940,595,27,0,1562,0,0,1,0,1,940,595,28,0,1563,0,0,0,1563
07/08/2005,DTW,MI,AGL,CE,Towers with Radar,931,576,28,4,1539,0,0,0,0,0,931,576,28,4,1539,0,0,0,1539
07/09/2005,DTW,MI,AGL,CE,Towers with Radar,870,516,4,0,1390,0,0,0,0,0,870,516,4,0,1390,0,0,0,1390
07/10/2005,DTW,MI,AGL,CE,Towers with Radar,885,557,74,0,1516,0,2,6,0,8,885,559,80,0,1524,0,0,0,1524
07/11/2005,DTW,MI,AGL,CE,Towers with Radar,0,0,0,0,0,926,585,66,1,1578,926,585,66,1,1578,0,0,0,1578
07/12/2005,DTW,MI,AGL,CE,Towers with Radar,0,0,0,0,0,913,600,50,0,1563,913,600,50,0,1563,0,0,0,1563
07/13/2005,DTW,MI,AGL,CE,Towers with Radar,927,603,98,0,1628,0,0,2,0,2,927,603,100,0,1630,0,0,0,1630
07/14/2005,DTW,MI,AGL,CE,Towers with Radar,927,603,96,0,1626,0,0,0,0,0,927,603,96,0,1626,0,0,0,1626
07/15/2005,DTW,MI,AGL,CE,Towers with Radar,945,574,29,0,1548,0,0,0,0,0,945,574,29,0,1548,0,0,0,1548
07/16/2005,DTW,MI,AGL,CE,Towers with Radar,853,502,12,0,1367,0,0,0,0,0,853,502,12,0,1367,0,0,0,1367
07/17/2005,DTW,MI,AGL,CE,Towers with Radar,1,1,2,0,4,844,514,1,0,1359,845,515,3,0,1363,0,0,0,1363
07/18/2005,DTW,MI,AGL,CE,Towers with Radar,0,0,0,0,0,832,458,37,0,1327,832,458,37,0,1327,0,0,0,1327
07/19/2005,DTW,MI,AGL,CE,Towers with Radar,0,0,0,0,0,973,613,46,0,1632,973,613,46,0,1632,0,0,0,1632
07/20/2005,DTW,MI,AGL,CE,Towers with Radar,937,583,47,0,1567,0,0,4,0,4,937,583,51,0,1571,0,0,0,1571
07/21/2005,DTW,MI,AGL,CE,Towers with Radar,944,570,38,0,1552,0,0,0,0,0,944,570,38,0,1552,0,0,0,1552
07/22/2005,DTW,MI,AGL,CE,Towers with Radar,954,593,51,0,1598,0,0,0,0,0,954,593,51,0,1598,0,0,0,1598
07/23/2005,DTW,MI,AGL,CE,Towers with Radar,840,512,14,0,1366,0,0,0,0,0,840,512,14,0,1366,4,0,4,1370
07/24/2005,DTW,MI,AGL,CE,Towers with Radar,859,516,18,2,1395,0,0,4,2,6,859,516,22,4,1401,0,0,0,1401
07/25/2005,DTW,MI,AGL,CE,Towers with Radar,0,0,0,0,0,876,571,28,0,1475,876,571,28,0,1475,0,0,0,1475
07/26/2005,DTW,MI,AGL,CE,Towers with Radar,0,0,0,0,0,814,484,29,0,1327,814,484,29,0,1327,0,0,0,1327
07/27/2005,DTW,MI,AGL,CE,Towers with Radar,814,484,30,0,1328,0,0,0,0,0,814,484,30,0,1328,0,0,0,1328
07/28/2005,DTW,MI,AGL,CE,Towers with Radar,950,609,27,0,1586,0,0,0,0,0,950,609,27,0,1586,0,0,0,1586
07/29/2005,DTW,MI,AGL,CE,Towers with Radar,867,537,17,0,1421,0,0,0,0,0,867,537,17,0,1421,117,2,119,1540
07/30/2005,DTW,MI,AGL,CE,Towers with Radar,867,537,17,0,1421,0,0,0,0,0,867,537,17,0,1421,1,0,1,1422
07/31/2005,DTW,MI,AGL,CE,Towers with Radar,865,530,24,0,1419,2,23,60,1,86,867,553,84,1,1505,0,0,0,1505
08/01/2005,DTW,MI,AGL,CE,Towers with Radar,936,579,43,0,1558,0,0,0,0,0,936,579,43,0,1558,0,0,0,1558
08/02/2005,DTW,MI,AGL,CE,Towers with Radar,0,0,0,0,0,929,597,53,0,1579,929,597,53,0,1579,0,0,0,1579
08/03/2005,DTW,MI,AGL,CE,Towers with Radar,938,587,43,0,1568,0,0,0,0,0,938,587,43,0,1568,0,0,0,1568
08/04/2005,DTW,MI,AGL,CE,Towers with Radar,919,592,53,0,1564,0,0,0,0,0,919,592,53,0,1564,10,0,10,1574
08/05/2005,DTW,MI,AGL,CE,Towers with Radar,941,578,36,2,1557,0,0,0,0,0,941,578,36,2,1557,0,0,0,1557
08/06/2005,DTW,MI,AGL,CE,Towers with Radar,859,502,16,0,1377,0,0,0,0,0,859,502,16,0,1377,0,0,0,1377
08/07/2005,DTW,MI,AGL,CE,Towers with Radar,852,488,38,0,1378,0,0,0,0,0,852,488,38,0,1378,0,0,0,1378
08/08/2005,DTW,MI,AGL,CE,Towers with Radar,0,0,0,0,0,895,552,25,1,1473,895,552,25,1,1473,0,0,0,1473
08/09/2005,DTW,MI,AGL,CE,Towers with Radar,909,591,53,0,1553,0,0,0,0,0,909,591,53,0,1553,0,0,0,1553
08/10/2005,DTW,MI,AGL,CE,Towers with Radar,936,585,62,0,1583,0,0,0,0,0,936,585,62,0,1583,0,0,0,1583
08/11/2005,DTW,MI,AGL,CE,Towers with Radar,935,586,23,0,1544,0,0,0,0,0,935,586,23,0,1544,0,0,0,1544
08/12/2005,DTW,MI,AGL,CE,Towers with Radar,940,587,40,0,1567,0,0,0,0,0,940,587,40,0,1567,0,0,0,1567
08/13/2005,DTW,MI,AGL,CE,Towers with Radar,855,508,8,0,1371,0,0,0,0,0,855,508,8,0,1371,0,0,0,1371
08/14/2005,DTW,MI,AGL,CE,Towers with Radar,876,508,18,0,1402,0,0,0,0,0,876,508,18,0,1402,0,0,0,1402
08/15/2005,DTW,MI,AGL,CE,Towers with Radar,930,537,30,0,1497,0,0,0,0,0,930,537,30,0,1497,0,0,0,1497
08/16/2005,DTW,MI,AGL,CE,Towers with Radar,940,582,55,0,1577,0,0,0,0,0,940,582,55,0,1577,0,0,0,1577
08/17/2005,DTW,MI,AGL,CE,Towers with Radar,943,585,61,0,1589,0,0,0,0,0,943,585,61,0,1589,0,0,0,1589
08/18/2005,DTW,MI,AGL,CE,Towers with Radar,909,577,47,0,1533,0,0,0,0,0,909,577,47,0,1533,0,0,0,1533
08/19/2005,DTW,MI,AGL,CE,Towers with Radar,896,570,44,2,1512,0,0,0,0,0,896,570,44,2,1512,0,0,0,1512
08/20/2005,DTW,MI,AGL,CE,Towers with Radar,0,0,0,0,0,746,493,25,0,1264,746,493,25,0,1264,0,0,0,1264
08/21/2005,DTW,MI,AGL,CE,Towers with Radar,759,522,38,0,1319,0,0,0,0,0,759,522,38,0,1319,0,0,0,1319
08/22/2005,DTW,MI,AGL,CE,Towers with Radar,855,578,39,2,1474,0,0,0,0,0,855,578,39,2,1474,0,0,0,1474
08/23/2005,DTW,MI,AGL,CE,Towers with Radar,783,555,46,2,1386,0,0,0,0,0,783,555,46,2,1386,0,0,0,1386
08/24/2005,DTW,MI,AGL,CE,Towers with Radar,859,594,47,0,1500,0,0,0,0,0,859,594,47,0,1500,72,0,72,1572
08/25/2005,DTW,MI,AGL,CE,Towers with Radar,862,605,73,0,1540,0,0,0,0,0,862,605,73,0,1540,84,0,84,1624
08/26/2005,DTW,MI,AGL,CE,Towers with Radar,884,590,47,0,1521,0,0,0,0,0,884,590,47,0,1521,0,0,0,1521
08/27/2005,DTW,MI,AGL,CE,Towers with Radar,717,488,16,0,1221,0,0,0,0,0,717,488,16,0,1221,0,0,0,1221
08/28/2005,DTW,MI,AGL,CE,Towers with Radar,764,513,19,0,1296,0,0,0,0,0,764,513,19,0,1296,0,0,0,1296
08/29/2005,DTW,MI,AGL,CE,Towers with Radar,0,0,0,0,0,842,576,41,0,1459,842,576,41,0,1459,0,0,0,1459
08/30/2005,DTW,MI,AGL,CE,Towers with Radar,861,591,44,1,1497,0,0,0,0,0,861,591,44,1,1497,0,0,0,1497
08/31/2005,DTW,MI,AGL,CE,Towers with Radar,851,604,53,0,1508,0,0,0,0,0,851,604,53,0,1508,0,0,0,1508
09/01/2005,DTW,MI,AGL,CE,Towers with Radar,838,599,37,0,1474,12,21,17,0,50,850,620,54,0,1524,0,0,0,1524
09/02/2005,DTW,MI,AGL,CE,Towers with Radar,864,611,133,0,1608,0,0,6,0,6,864,611,139,0,1614,0,0,0,1614
09/03/2005,DTW,MI,AGL,CE,Towers with Radar,662,472,22,0,1156,0,0,0,0,0,662,472,22,0,1156,0,0,0,1156
09/04/2005,DTW,MI,AGL,CE,Towers with Radar,661,460,4,0,1125,0,0,0,0,0,661,460,4,0,1125,0,0,0,1125
09/05/2005,DTW,MI,AGL,CE,Towers with Radar,763,523,6,0,1292,0,0,0,0,0,763,523,6,0,1292,0,0,0,1292
09/06/2005,DTW,MI,AGL,CE,Towers with Radar,838,599,35,0,1472,0,0,0,0,0,838,599,35,0,1472,0,0,0,1472
09/07/2005,DTW,MI,AGL,CE,Towers with Radar,838,599,35,0,1472,0,0,2,0,2,838,599,37,0,1474,0,0,0,1474
09/08/2005,DTW,MI,AGL,CE,Towers with Radar,859,613,36,0,1508,0,0,0,0,0,859,613,36,0,1508,10,0,10,1518
09/09/2005,DTW,MI,AGL,CE,Towers with Radar,866,599,48,0,1513,0,0,0,0,0,866,599,48,0,1513,3,0,3,1516
09/10/2005,DTW,MI,AGL,CE,Towers with Radar,698,493,30,0,1221,0,0,0,0,0,698,493,30,0,1221,0,0,0,1221
09/11/2005,DTW,MI,AGL,CE,Towers with Radar,762,527,34,0,1323,0,0,0,0,0,762,527,34,0,1323,0,0,0,1323
09/12/2005,DTW,MI,AGL,CE,Towers with Radar,863,597,36,0,1496,0,0,324,0,324,863,597,360,0,1820,4,1,5,1825
09/13/2005,DTW,MI,AGL,CE,Towers with Radar,864,597,40,1,1502,0,0,0,0,0,864,597,40,1,1502,0,0,0,1502
09/14/2005,DTW,MI,AGL,CE,Towers with Radar,848,589,41,0,1478,0,0,6,0,6,848,589,47,0,1484,0,0,0,1484
09/15/2005,DTW,MI,AGL,CE,Towers with Radar,861,603,40,0,1504,0,0,0,0,0,861,603,40,0,1504,20,0,20,1524
09/16/2005,DTW,MI,AGL,CE,Towers with Radar,872,599,40,1,1512,0,0,0,0,0,872,599,40,1,1512,0,0,0,1512
09/17/2005,DTW,MI,AGL,CE,Towers with Radar,710,496,24,0,1230,0,0,0,0,0,710,496,24,0,1230,4,0,4,1234
09/18/2005,DTW,MI,AGL,CE,Towers with Radar,769,519,35,2,1325,0,0,0,0,0,769,519,35,2,1325,0,0,0,1325
09/19/2005,DTW,MI,AGL,CE,Towers with Radar,841,596,24,0,1461,0,0,0,0,0,841,596,24,0,1461,2,0,2,1463
09/20/2005,DTW,MI,AGL,CE,Towers with Radar,850,610,43,0,1503,0,0,0,0,0,850,610,43,0,1503,0,0,0,1503
09/21/2005,DTW,MI,AGL,CE,Towers with Radar,850,610,48,0,1508,0,0,0,0,0,850,610,48,0,1508,0,0,0,1508
09/22/2005,DTW,MI,AGL,CE,Towers with Radar,744,529,58,0,1331,0,0,0,0,0,744,529,58,0,1331,12,0,12,1343
09/23/2005,DTW,MI,AGL,CE,Towers with Radar,904,638,42,0,1584,0,0,0,0,0,904,638,42,0,1584,0,0,0,1584
09/24/2005,DTW,MI,AGL,CE,Towers with Radar,776,418,19,0,1213,0,1,0,0,1,776,419,19,0,1214,0,0,0,1214
09/25/2005,DTW,MI,AGL,CE,Towers with Radar,750,490,22,0,1262,0,0,0,0,0,750,490,22,0,1262,0,0,0,1262
09/26/2005,DTW,MI,AGL,CE,Towers with Radar,857,612,35,0,1504,0,0,0,0,0,857,612,35,0,1504,3,0,3,1507
09/27/2005,DTW,MI,AGL,CE,Towers with Radar,853,613,40,0,1506,0,0,0,0,0,853,613,40,0,1506,0,0,0,1506
09/28/2005,DTW,MI,AGL,CE,Towers with Radar,846,604,51,0,1501,0,0,2,0,2,846,604,53,0,1503,0,0,0,1503
09/29/2005,DTW,MI,AGL,CE,Towers with Radar,846,610,40,0,1496,0,0,0,0,0,846,610,40,0,1496,12,0,12,1508
09/30/2005,DTW,MI,AGL,CE,Towers with Radar,856,584,30,0,1470,0,0,0,0,0,856,584,30,0,1470,0,0,0,1470
10/01/2005,DTW,MI,AGL,CE,Towers with Radar,678,458,17,0,1153,0,0,0,0,0,678,458,17,0,1153,0,0,0,1153
10/02/2005,DTW,MI,AGL,CE,Towers with Radar,728,510,18,2,1258,0,0,0,2,2,728,510,18,4,1260,0,0,0,1260
10/03/2005,DTW,MI,AGL,CE,Towers with Radar,839,554,37,0,1430,0,0,0,0,0,839,554,37,0,1430,0,0,0,1430
10/04/2005,DTW,MI,AGL,CE,Towers with Radar,828,573,58,0,1459,0,0,0,0,0,828,573,58,0,1459,0,0,0,1459
10/05/2005,DTW,MI,AGL,CE,Towers with Radar,837,599,59,0,1495,0,0,9,0,9,837,599,68,0,1504,0,0,0,1504
10/06/2005,DTW,MI,AGL,CE,Towers with Radar,837,599,68,0,1504,0,0,0,0,0,837,599,68,0,1504,12,0,12,1516
10/07/2005,DTW,MI,AGL,CE,Towers with Radar,826,578,37,0,1441,0,0,0,0,0,826,578,37,0,1441,0,0,0,1441
10/08/2005,DTW,MI,AGL,CE,Towers with Radar,697,473,11,0,1181,0,0,0,0,0,697,473,11,0,1181,0,0,0,1181
10/09/2005,DTW,MI,AGL,CE,Towers with Radar,0,0,3,0,3,739,503,14,0,1256,739,503,17,0,1259,0,0,0,1259
10/10/2005,DTW,MI,AGL,CE,Towers with Radar,0,0,0,0,0,828,558,25,0,1411,828,558,25,0,1411,0,0,0,1411
10/11/2005,DTW,MI,AGL,CE,Towers with Radar,841,581,37,0,1459,0,0,0,0,0,841,581,37,0,1459,0,0,0,1459
10/12/2005,DTW,MI,AGL,CE,Towers with Radar,832,577,50,0,1459,0,0,0,0,0,832,577,50,0,1459,33,0,33,1492
10/13/2005,DTW,MI,AGL,CE,Towers with Radar,832,579,34,0,1445,0,0,0,0,0,832,579,34,0,1445,0,0,0,1445
10/14/2005,DTW,MI,AGL,CE,Towers with Radar,835,585,16,0,1436,0,0,0,0,0,835,585,16,0,1436,0,0,0,1436
10/15/2005,DTW,MI,AGL,CE,Towers with Radar,676,462,11,0,1149,0,0,0,0,0,676,462,11,0,1149,0,0,0,1149
10/16/2005,DTW,MI,AGL,CE,Towers with Radar,764,535,23,0,1322,0,0,0,0,0,764,535,23,0,1322,22,0,22,1344
10/17/2005,DTW,MI,AGL,CE,Towers with Radar,0,0,0,0,0,829,578,29,0,1436,829,578,29,0,1436,0,0,0,1436
10/18/2005,DTW,MI,AGL,CE,Towers with Radar,0,0,5,0,5,830,587,33,0,1450,830,587,38,0,1455,0,0,0,1455
10/19/2005,DTW,MI,AGL,CE,Towers with Radar,42,173,54,0,269,793,411,0,0,1204,835,584,54,0,1473,0,0,0,1473
10/20/2005,DTW,MI,AGL,CE,Towers with Radar,836,604,46,0,1486,0,0,0,0,0,836,604,46,0,1486,8,0,8,1494
10/21/2005,DTW,MI,AGL,CE,Towers with Radar,838,572,39,0,1449,0,0,0,0,0,838,572,39,0,1449,0,0,0,1449
10/22/2005,DTW,MI,AGL,CE,Towers with Radar,838,572,38,0,1448,0,0,1,0,1,838,572,39,0,1449,0,0,0,1449
10/23/2005,DTW,MI,AGL,CE,Towers with Radar,776,504,16,0,1296,0,0,0,0,0,776,504,16,0,1296,23,0,23,1319
10/24/2005,DTW,MI,AGL,CE,Towers with Radar,0,0,0,0,0,780,566,29,0,1375,780,566,29,0,1375,0,0,0,1375
10/25/2005,DTW,MI,AGL,CE,Towers with Radar,798,582,31,0,1411,0,0,0,0,0,798,582,31,0,1411,0,0,0,1411
10/26/2005,DTW,MI,AGL,CE,Towers with Radar,818,591,61,0,1470,0,0,0,0,0,818,591,61,0,1470,0,0,0,1470
10/27/2005,DTW,MI,AGL,CE,Towers with Radar,819,594,76,0,1489,0,0,0,0,0,819,594,76,0,1489,4,0,4,1493
10/28/2005,DTW,MI,AGL,CE,Towers with Radar,843,594,48,1,1486,0,0,0,0,0,843,594,48,1,1486,0,0,0,1486
10/29/2005,DTW,MI,AGL,CE,Towers with Radar,668,470,13,0,1151,0,0,0,0,0,668,470,13,0,1151,0,0,0,1151
10/30/2005,DTW,MI,AGL,CE,Towers with Radar,679,495,18,2,1194,0,0,0,0,0,679,495,18,2,1194,0,0,0,1194
10/31/2005,DTW,MI,AGL,CE,Towers with Radar,204,136,20,0,360,562,373,0,0,935,766,509,20,0,1295,0,0,0,1295
11/01/2005,DTW,MI,AGL,CE,Towers with Radar,0,0,1,0,1,766,509,20,0,1295,766,509,21,0,1296,0,0,0,1296
11/02/2005,DTW,MI,AGL,CE,Towers with Radar,766,509,20,0,1295,0,0,0,0,0,766,509,20,0,1295,0,0,0,1295
11/03/2005,DTW,MI,AGL,CE,Towers with Radar,826,551,36,0,1413,0,0,0,0,0,826,551,36,0,1413,6,0,6,1419
11/04/2005,DTW,MI,AGL,CE,Towers with Radar,828,545,31,0,1404,0,0,0,0,0,828,545,31,0,1404,0,0,0,1404
11/05/2005,DTW,MI,AGL,CE,Towers with Radar,664,436,21,0,1121,0,0,0,0,0,664,436,21,0,1121,0,0,0,1121
11/06/2005,DTW,MI,AGL,CE,Towers with Radar,689,438,13,0,1140,0,1,0,0,1,689,439,13,0,1141,0,0,0,1141
11/07/2005,DTW,MI,AGL,CE,Towers with Radar,831,544,27,0,1402,0,0,0,0,0,831,544,27,0,1402,4,0,4,1406
11/08/2005,DTW,MI,AGL,CE,Towers with Radar,820,566,33,0,1419,0,0,0,0,0,820,566,33,0,1419,0,0,0,1419
11/09/2005,DTW,MI,AGL,CE,Towers with Radar,808,537,35,0,1380,0,0,0,0,0,808,537,35,0,1380,0,0,0,1380
11/10/2005,DTW,MI,AGL,CE,Towers with Radar,835,561,48,0,1444,0,0,0,0,0,835,561,48,0,1444,6,0,6,1450
11/11/2005,DTW,MI,AGL,CE,Towers with Radar,838,539,32,0,1409,0,0,0,0,0,838,539,32,0,1409,0,0,0,1409
11/12/2005,DTW,MI,AGL,CE,Towers with Radar,682,449,19,0,1150,0,0,0,0,0,682,449,19,0,1150,0,0,0,1150
11/13/2005,DTW,MI,AGL,CE,Towers with Radar,728,479,16,0,1223,0,0,0,0,0,728,479,16,0,1223,0,0,0,1223
11/14/2005,DTW,MI,AGL,CE,Towers with Radar,816,544,32,0,1392,0,0,0,0,0,816,544,32,0,1392,0,0,0,1392
11/15/2005,DTW,MI,AGL,CE,Towers with Radar,757,501,24,0,1282,0,0,0,0,0,757,501,24,0,1282,0,0,0,1282
11/16/2005,DTW,MI,AGL,CE,Towers with Radar,843,556,38,0,1437,0,0,0,0,0,843,556,38,0,1437,0,0,0,1437
11/17/2005,DTW,MI,AGL,CE,Towers with Radar,842,556,38,0,1436,0,0,0,0,0,842,556,38,0,1436,0,0,0,1436
11/18/2005,DTW,MI,AGL,CE,Towers with Radar,835,541,44,0,1420,0,0,0,0,0,835,541,44,0,1420,0,0,0,1420
11/19/2005,DTW,MI,AGL,CE,Towers with Radar,684,454,21,0,1159,0,0,0,0,0,684,454,21,0,1159,0,0,0,1159
11/20/2005,DTW,MI,AGL,CE,Towers with Radar,732,484,14,0,1230,0,0,0,0,0,732,484,14,0,1230,36,0,36,1266
11/21/2005,DTW,MI,AGL,CE,Towers with Radar,813,529,25,0,1367,0,0,0,0,0,813,529,25,0,1367,0,0,0,1367
11/22/2005,DTW,MI,AGL,CE,Towers with Radar,847,547,40,2,1436,0,0,0,0,0,847,547,40,2,1436,0,0,0,1436
11/23/2005,DTW,MI,AGL,CE,Towers with Radar,816,523,19,0,1358,0,0,0,0,0,816,523,19,0,1358,0,0,0,1358
11/24/2005,DTW,MI,AGL,CE,Towers with Radar,816,523,19,0,1358,0,0,0,0,0,816,523,19,0,1358,0,0,0,1358
11/25/2005,DTW,MI,AGL,CE,Towers with Radar,688,450,7,0,1145,0,0,0,0,0,688,450,7,0,1145,0,0,0,1145
11/26/2005,DTW,MI,AGL,CE,Towers with Radar,670,439,8,0,1117,0,0,0,0,0,670,439,8,0,1117,0,0,0,1117
11/27/2005,DTW,MI,AGL,CE,Towers with Radar,726,496,24,0,1246,0,0,0,0,0,726,496,24,0,1246,0,0,0,1246
11/28/2005,DTW,MI,AGL,CE,Towers with Radar,818,520,35,0,1373,0,0,0,0,0,818,520,35,0,1373,0,0,0,1373
11/29/2005,DTW,MI,AGL,CE,Towers with Radar,0,0,1,0,1,831,547,40,0,1418,831,547,41,0,1419,0,0,0,1419
11/30/2005,DTW,MI,AGL,CE,Towers with Radar,825,547,47,0,1419,0,0,0,0,0,825,547,47,0,1419,0,0,0,1419
12/01/2005,DTW,MI,AGL,CE,Towers with Radar,797,545,34,0,1376,0,0,0,0,0,797,545,34,0,1376,0,0,0,1376
12/02/2005,DTW,MI,AGL,CE,Towers with Radar,815,546,39,0,1400,0,0,0,0,0,815,546,39,0,1400,0,0,0,1400
12/03/2005,DTW,MI,AGL,CE,Towers with Radar,648,450,13,0,1111,0,0,0,0,0,648,450,13,0,1111,0,0,0,1111
12/04/2005,DTW,MI,AGL,CE,Towers with Radar,698,472,18,4,1192,0,0,0,0,0,698,472,18,4,1192,0,0,0,1192
12/05/2005,DTW,MI,AGL,CE,Towers with Radar,793,522,46,0,1361,0,0,0,0,0,793,522,46,0,1361,0,0,0,1361
12/06/2005,DTW,MI,AGL,CE,Towers with Radar,807,545,41,0,1393,0,0,0,0,0,807,545,41,0,1393,0,0,0,1393
12/07/2005,DTW,MI,AGL,CE,Towers with Radar,796,539,32,0,1367,0,0,0,0,0,796,539,32,0,1367,0,0,0,1367
12/08/2005,DTW,MI,AGL,CE,Towers with Radar,763,505,48,0,1316,0,0,0,0,0,763,505,48,0,1316,0,0,0,1316
12/09/2005,DTW,MI,AGL,CE,Towers with Radar,802,521,53,0,1376,0,0,0,0,0,802,521,53,0,1376,0,0,0,1376
12/10/2005,DTW,MI,AGL,CE,Towers with Radar,677,440,13,0,1130,0,0,0,0,0,677,440,13,0,1130,0,0,0,1130
12/11/2005,DTW,MI,AGL,CE,Towers with Radar,722,476,19,0,1217,0,0,0,0,0,722,476,19,0,1217,0,0,0,1217
12/12/2005,DTW,MI,AGL,CE,Towers with Radar,799,546,24,0,1369,0,0,0,0,0,799,546,24,0,1369,3,0,3,1372
12/13/2005,DTW,MI,AGL,CE,Towers with Radar,804,536,44,0,1384,0,0,0,0,0,804,536,44,0,1384,0,0,0,1384
12/14/2005,DTW,MI,AGL,CE,Towers with Radar,771,509,47,0,1327,0,0,0,0,0,771,509,47,0,1327,0,0,0,1327
12/15/2005,DTW,MI,AGL,CE,Towers with Radar,729,402,38,0,1169,0,0,0,0,0,729,402,38,0,1169,0,0,0,1169
12/16/2005,DTW,MI,AGL,CE,Towers with Radar,729,402,38,0,1169,0,0,0,0,0,729,402,38,0,1169,0,0,0,1169
12/17/2005,DTW,MI,AGL,CE,Towers with Radar,769,502,15,0,1286,0,0,0,0,0,769,502,15,0,1286,0,0,0,1286
12/18/2005,DTW,MI,AGL,CE,Towers with Radar,769,502,15,0,1286,0,0,0,0,0,769,502,15,0,1286,0,0,0,1286
12/19/2005,DTW,MI,AGL,CE,Towers with Radar,0,0,0,0,0,799,563,22,0,1384,799,563,22,0,1384,0,0,0,1384
12/20/2005,DTW,MI,AGL,CE,Towers with Radar,806,563,35,0,1404,0,0,0,0,0,806,563,35,0,1404,0,0,0,1404
12/21/2005,DTW,MI,AGL,CE,Towers with Radar,818,561,40,0,1419,0,0,0,0,0,818,561,40,0,1419,0,0,0,1419
12/22/2005,DTW,MI,AGL,CE,Towers with Radar,841,563,28,0,1432,0,0,0,0,0,841,563,28,0,1432,4,0,4,1436
12/23/2005,DTW,MI,AGL,CE,Towers with Radar,831,553,18,0,1402,0,0,0,0,0,831,553,18,0,1402,0,0,0,1402
12/24/2005,DTW,MI,AGL,CE,Towers with Radar,743,472,8,0,1223,0,0,0,0,0,743,472,8,0,1223,0,0,0,1223
12/25/2005,DTW,MI,AGL,CE,Towers with Radar,651,417,2,0,1070,0,0,0,0,0,651,417,2,0,1070,0,0,0,1070
12/26/2005,DTW,MI,AGL,CE,Towers with Radar,802,526,19,0,1347,0,0,0,0,0,802,526,19,0,1347,0,0,0,1347
12/27/2005,DTW,MI,AGL,CE,Towers with Radar,811,539,25,0,1375,0,0,0,0,0,811,539,25,0,1375,0,0,0,1375
12/28/2005,DTW,MI,AGL,CE,Towers with Radar,808,553,13,0,1374,0,0,0,0,0,808,553,13,0,1374,22,0,22,1396
12/29/2005,DTW,MI,AGL,CE,Towers with Radar,825,544,7,0,1376,0,0,0,0,0,825,544,7,0,1376,0,0,0,1376
12/30/2005,DTW,MI,AGL,CE,Towers with Radar,823,535,3,0,1361,0,0,0,0,0,823,535,3,0,1361,0,0,0,1361
12/31/2005,DTW,MI,AGL,CE,Towers with Radar,746,512,13,0,1271,0,0,0,0,0,746,512,13,0,1271,0,0,0,1271
01/01/2006,DTW,MI,AGL,CE,Towers with Radar,691,479,12,0,1182,0,0,0,0,0,691,479,12,0,1182,26,0,26,1208
01/02/2006,DTW,MI,AGL,CE,Towers with Radar,760,524,18,0,1302,0,0,0,0,0,760,524,18,0,1302,0,0,0,1302
01/03/2006,DTW,MI,AGL,CE,Towers with Radar,795,525,17,0,1337,0,0,0,0,0,795,525,17,0,1337,0,0,0,1337
01/04/2006,DTW,MI,AGL,CE,Towers with Radar,794,542,15,0,1351,0,0,0,0,0,794,542,15,0,1351,0,0,0,1351
01/05/2006,DTW,MI,AGL,CE,Towers with Radar,794,542,15,0,1351,0,0,0,0,0,794,542,15,0,1351,0,0,0,1351
01/06/2006,DTW,MI,AGL,CE,Towers with Radar,777,539,30,0,1346,0,0,0,0,0,777,539,30,0,1346,0,0,0,1346
01/07/2006,DTW,MI,AGL,CE,Towers with Radar,642,460,0,8,1110,0,0,0,0,0,642,460,0,8,1110,0,0,0,1110
01/08/2006,DTW,MI,AGL,CE,Towers with Radar,706,490,27,0,1223,0,0,0,0,0,706,490,27,0,1223,22,0,22,1245
01/09/2006,DTW,MI,AGL,CE,Towers with Radar,0,0,0,0,0,755,534,39,0,1328,755,534,39,0,1328,0,0,0,1328
01/10/2006,DTW,MI,AGL,CE,Towers with Radar,1,2,2,0,5,752,532,40,0,1324,753,534,42,0,1329,0,0,0,1329
01/11/2006,DTW,MI,AGL,CE,Towers with Radar,743,524,77,0,1344,12,0,0,0,12,755,524,77,0,1356,0,0,0,1356
01/12/2006,DTW,MI,AGL,CE,Towers with Radar,735,524,77,0,1336,0,0,0,0,0,735,524,77,0,1336,0,0,0,1336
01/13/2006,DTW,MI,AGL,CE,Towers with Radar,0,0,0,0,0,740,512,47,0,1299,740,512,47,0,1299,0,0,0,1299
01/14/2006,DTW,MI,AGL,CE,Towers with Radar,672,460,35,0,1167,0,0,0,0,0,672,460,35,0,1167,0,0,0,1167
01/15/2006,DTW,MI,AGL,CE,Towers with Radar,685,479,10,0,1174,0,0,0,0,0,685,479,10,0,1174,0,0,0,1174
01/16/2006,DTW,MI,AGL,CE,Towers with Radar,743,517,23,0,1283,0,0,0,0,0,743,517,23,0,1283,0,0,0,1283
01/17/2006,DTW,MI,AGL,CE,Towers with Radar,753,500,31,0,1284,0,0,0,0,0,753,500,31,0,1284,0,0,0,1284
01/18/2006,DTW,MI,AGL,CE,Towers with Radar,742,513,33,0,1288,0,0,0,0,0,742,513,33,0,1288,0,0,0,1288
01/19/2006,DTW,MI,AGL,CE,Towers with Radar,742,513,33,0,1288,0,0,0,0,0,742,513,33,0,1288,2,0,2,1290
01/20/2006,DTW,MI,AGL,CE,Towers with Radar,756,507,36,0,1299,0,0,0,0,0,756,507,36,0,1299,0,0,0,1299
01/21/2006,DTW,MI,AGL,CE,Towers with Radar,0,0,0,0,0,669,467,17,0,1153,669,467,17,0,1153,0,0,0,1153
01/22/2006,DTW,MI,AGL,CE,Towers with Radar,680,480,25,0,1185,0,0,0,0,0,680,480,25,0,1185,0,0,0,1185
01/23/2006,DTW,MI,AGL,CE,Towers with Radar,0,0,0,0,0,729,524,33,0,1286,729,524,33,0,1286,0,0,0,1286
01/24/2006,DTW,MI,AGL,CE,Towers with Radar,0,0,5,0,5,732,514,39,0,1285,732,514,44,0,1290,0,0,0,1290
01/25/2006,DTW,MI,AGL,CE,Towers with Radar,772,550,46,0,1368,0,0,0,0,0,772,550,46,0,1368,0,0,0,1368
01/26/2006,DTW,MI,AGL,CE,Towers with Radar,772,550,46,0,1368,0,0,0,0,0,772,550,46,0,1368,6,0,6,1374
01/27/2006,DTW,MI,AGL,CE,Towers with Radar,0,23,4,0,27,756,514,32,0,1302,756,537,36,0,1329,0,0,0,1329
01/28/2006,DTW,MI,AGL,CE,Towers with Radar,649,461,13,0,1123,0,0,0,0,0,649,461,13,0,1123,0,0,0,1123
01/29/2006,DTW,MI,AGL,CE,Towers with Radar,680,484,13,0,1177,0,0,0,0,0,680,484,13,0,1177,24,0,24,1201
01/30/2006,DTW,MI,AGL,CE,Towers with Radar,0,0,3,0,3,748,521,38,1,1308,748,521,41,1,1311,0,0,0,1311
01/31/2006,DTW,MI,AGL,CE,Towers with Radar,748,525,41,0,1314,0,0,0,0,0,748,525,41,0,1314,0,0,0,1314
02/01/2006,DTW,MI,AGL,CE,Towers with Radar,768,525,42,0,1335,0,0,0,0,0,768,525,42,0,1335,0,0,0,1335
02/02/2006,DTW,MI,AGL,CE,Towers with Radar,782,522,72,0,1376,0,0,0,0,0,782,522,72,0,1376,0,0,0,1376
02/03/2006,DTW,MI,AGL,CE,Towers with Radar,0,0,0,0,0,798,532,86,0,1416,798,532,86,0,1416,0,0,0,1416
02/04/2006,DTW,MI,AGL,CE,Towers with Radar,652,440,74,1,1167,0,0,0,0,0,652,440,74,1,1167,0,0,0,1167
02/05/2006,DTW,MI,AGL,CE,Towers with Radar,698,508,142,0,1348,0,0,0,0,0,698,508,142,0,1348,0,0,0,1348
02/06/2006,DTW,MI,AGL,CE,Towers with Radar,816,606,220,4,1646,0,0,0,0,0,816,606,220,4,1646,0,0,0,1646
02/07/2006,DTW,MI,AGL,CE,Towers with Radar,0,0,1,0,1,756,525,29,0,1310,756,525,30,0,1311,0,0,0,1311
02/08/2006,DTW,MI,AGL,CE,Towers with Radar,758,532,34,0,1324,0,0,0,0,0,758,532,34,0,1324,0,0,0,1324
02/09/2006,DTW,MI,AGL,CE,Towers with Radar,757,532,30,2,1321,0,0,0,0,0,757,532,30,2,1321,6,0,6,1327
02/10/2006,DTW,MI,AGL,CE,Towers with Radar,785,519,43,0,1347,0,0,0,0,0,785,519,43,0,1347,0,0,0,1347
02/11/2006,DTW,MI,AGL,CE,Towers with Radar,661,452,7,0,1120,0,0,0,0,0,661,452,7,0,1120,0,0,0,1120
02/12/2006,DTW,MI,AGL,CE,Towers with Radar,637,443,20,0,1100,0,0,0,0,0,637,443,20,0,1100,17,1,18,1118
02/13/2006,DTW,MI,AGL,CE,Towers with Radar,0,0,0,0,0,747,516,46,0,1309,747,516,46,0,1309,0,0,0,1309
02/14/2006,DTW,MI,AGL,CE,Towers with Radar,0,0,0,0,0,777,528,32,0,1337,777,528,32,0,1337,0,0,0,1337
02/15/2006,DTW,MI,AGL,CE,Towers with Radar,781,532,43,1,1357,0,0,0,0,0,781,532,43,1,1357,0,0,0,1357
02/16/2006,DTW,MI,AGL,CE,Towers with Radar,744,503,43,1,1291,0,0,0,0,0,744,503,43,1,1291,0,0,0,1291
02/17/2006,DTW,MI,AGL,CE,Towers with Radar,0,0,0,0,0,818,532,37,0,1387,818,532,37,0,1387,0,0,0,1387
02/18/2006,DTW,MI,AGL,CE,Towers with Radar,747,462,12,0,1221,0,0,0,0,0,747,462,12,0,1221,0,0,0,1221
02/19/2006,DTW,MI,AGL,CE,Towers with Radar,731,487,21,0,1239,0,0,0,0,0,731,487,21,0,1239,0,0,0,1239
02/20/2006,DTW,MI,AGL,CE,Towers with Radar,0,0,0,0,0,803,506,45,0,1354,803,506,45,0,1354,0,0,0,1354
02/21/2006,DTW,MI,AGL,CE,Towers with Radar,0,0,0,0,0,807,537,46,0,1390,807,537,46,0,1390,0,0,0,1390
02/22/2006,DTW,MI,AGL,CE,Towers with Radar,807,537,46,0,1390,0,0,0,0,0,807,537,46,0,1390,8,0,8,1398
02/23/2006,DTW,MI,AGL,CE,Towers with Radar,805,533,25,1,1364,0,0,0,0,0,805,533,25,1,1364,6,0,6,1370
02/24/2006,DTW,MI,AGL,CE,Towers with Radar,0,0,6,0,6,810,533,38,0,1381,810,533,44,0,1387,0,0,0,1387
02/25/2006,DTW,MI,AGL,CE,Towers with Radar,730,463,9,0,1202,0,0,0,0,0,730,463,9,0,1202,0,0,0,1202
02/26/2006,DTW,MI,AGL,CE,Towers with Radar,734,488,24,0,1246,0,0,0,0,0,734,488,24,0,1246,0,0,0,1246
02/27/2006,DTW,MI,AGL,CE,Towers with Radar,0,0,0,0,0,787,533,32,0,1352,787,533,32,0,1352,0,0,0,1352
02/28/2006,DTW,MI,AGL,CE,Towers with Radar,0,0,5,0,5,804,538,20,0,1362,804,538,25,0,1367,0,0,0,1367
03/01/2006,DTW,MI,AGL,CE,Towers with Radar,804,538,25,0,1367,0,0,0,0,0,804,538,25,0,1367,0,0,0,1367
03/02/2006,DTW,MI,AGL,CE,Towers with Radar,792,507,24,0,1323,0,0,0,0,0,792,507,24,0,1323,6,0,6,1329
03/03/2006,DTW,MI,AGL,CE,Towers with Radar,0,0,0,0,0,826,543,27,0,1396,826,543,27,0,1396,0,0,0,1396
03/04/2006,DTW,MI,AGL,CE,Towers with Radar,1,0,4,0,5,743,481,15,0,1239,744,481,19,0,1244,0,0,0,1244
03/05/2006,DTW,MI,AGL,CE,Towers with Radar,740,491,18,0,1249,0,0,0,0,0,740,491,18,0,1249,0,0,0,1249
03/06/2006,DTW,MI,AGL,CE,Towers with Radar,0,0,0,0,0,815,528,30,0,1373,815,528,30,0,1373,0,0,0,1373
03/07/2006,DTW,MI,AGL,CE,Towers with Radar,0,0,5,0,5,802,529,27,0,1358,802,529,32,0,1363,0,0,0,1363
03/08/2006,DTW,MI,AGL,CE,Towers with Radar,807,547,45,1,1400,0,0,0,0,0,807,547,45,1,1400,0,0,0,1400
03/09/2006,DTW,MI,AGL,CE,Towers with Radar,809,543,31,0,1383,0,0,0,0,0,809,543,31,0,1383,4,0,4,1387
03/10/2006,DTW,MI,AGL,CE,Towers with Radar,819,538,26,0,1383,0,0,0,0,0,819,538,26,0,1383,0,0,0,1383
03/11/2006,DTW,MI,AGL,CE,Towers with Radar,747,473,9,0,1229,0,0,0,0,0,747,473,9,0,1229,0,1,1,1230
03/12/2006,DTW,MI,AGL,CE,Towers with Radar,733,481,14,1,1229,0,0,0,0,0,733,481,14,1,1229,0,0,0,1229
03/13/2006,DTW,MI,AGL,CE,Towers with Radar,782,503,28,0,1313,0,0,0,0,0,782,503,28,0,1313,0,0,0,1313
03/14/2006,DTW,MI,AGL,CE,Towers with Radar,0,0,1,0,1,827,539,42,2,1410,827,539,43,2,1411,0,0,0,1411
03/15/2006,DTW,MI,AGL,CE,Towers with Radar,805,539,31,0,1375,0,0,0,0,0,805,539,31,0,1375,0,0,0,1375
03/16/2006,DTW,MI,AGL,CE,Towers with Radar,807,534,46,0,1387,0,0,0,0,0,807,534,46,0,1387,12,0,12,1399
03/17/2006,DTW,MI,AGL,CE,Towers with Radar,807,534,46,0,1387,0,0,0,0,0,807,534,46,0,1387,0,0,0,1387
03/18/2006,DTW,MI,AGL,CE,Towers with Radar,740,471,17,0,1228,0,0,0,0,0,740,471,17,0,1228,0,0,0,1228
03/19/2006,DTW,MI,AGL,CE,Towers with Radar,746,493,16,0,1255,0,0,0,0,0,746,493,16,0,1255,0,0,0,1255
03/20/2006,DTW,MI,AGL,CE,Towers with Radar,0,0,0,0,0,802,531,29,0,1362,802,531,29,0,1362,0,0,0,1362
03/21/2006,DTW,MI,AGL,CE,Towers with Radar,0,0,2,0,2,815,527,34,0,1376,815,527,36,0,1378,0,0,0,1378
03/22/2006,DTW,MI,AGL,CE,Towers with Radar,815,527,34,0,1376,0,0,0,0,0,815,527,34,0,1376,0,0,0,1376
03/23/2006,DTW,MI,AGL,CE,Towers with Radar,806,540,53,0,1399,0,0,0,0,0,806,540,53,0,1399,10,0,10,1409
03/24/2006,DTW,MI,AGL,CE,Towers with Radar,825,541,41,0,1407,0,0,0,0,0,825,541,41,0,1407,5,0,5,1412
03/25/2006,DTW,MI,AGL,CE,Towers with Radar,730,474,36,0,1240,0,0,0,0,0,730,474,36,0,1240,0,0,0,1240
03/26/2006,DTW,MI,AGL,CE,Towers with Radar,756,498,20,0,1274,0,0,0,0,0,756,498,20,0,1274,0,0,0,1274
03/27/2006,DTW,MI,AGL,CE,Towers with Radar,802,534,30,0,1366,0,0,0,0,0,802,534,30,0,1366,0,0,0,1366
03/28/2006,DTW,MI,AGL,CE,Towers with Radar,0,0,0,0,0,799,537,28,0,1364,799,537,28,0,1364,0,0,0,1364
03/29/2006,DTW,MI,AGL,CE,Towers with Radar,809,548,47,0,1404,0,0,0,0,0,809,548,47,0,1404,0,0,0,1404
03/30/2006,DTW,MI,AGL,CE,Towers with Radar,826,548,29,0,1403,0,0,0,0,0,826,548,29,0,1403,8,0,8,1411
03/31/2006,DTW,MI,AGL,CE,Towers with Radar,0,0,0,0,0,756,492,35,0,1283,756,492,35,0,1283,0,0,0,1283
04/01/2006,DTW,MI,AGL,CE,Towers with Radar,792,504,18,0,1314,0,0,0,0,0,792,504,18,0,1314,8,0,8,1322
04/02/2006,DTW,MI,AGL,CE,Towers with Radar,734,490,22,0,1246,0,0,0,0,0,734,490,22,0,1246,0,0,0,1246
04/03/2006,DTW,MI,AGL,CE,Towers with Radar,828,506,47,2,1383,0,0,0,0,0,828,506,47,2,1383,0,0,0,1383
04/04/2006,DTW,MI,AGL,CE,Towers with Radar,0,0,0,0,0,828,506,47,2,1383,828,506,47,2,1383,0,0,0,1383
04/05/2006,DTW,MI,AGL,CE,Towers with Radar,818,512,48,0,1378,0,0,0,0,0,818,512,48,0,1378,0,0,0,1378
04/06/2006,DTW,MI,AGL,CE,Towers with Radar,822,522,37,0,1381,0,0,0,0,0,822,522,37,0,1381,10,0,10,1391
04/07/2006,DTW,MI,AGL,CE,Towers with Radar,773,476,34,0,1283,0,0,0,0,0,773,476,34,0,1283,0,0,0,1283
04/08/2006,DTW,MI,AGL,CE,Towers with Radar,777,467,20,0,1264,0,0,0,0,0,777,467,20,0,1264,3,0,3,1267
04/09/2006,DTW,MI,AGL,CE,Towers with Radar,763,483,26,0,1272,4,0,0,0,4,767,483,26,0,1276,0,0,0,1276
04/10/2006,DTW,MI,AGL,CE,Towers with Radar,5,16,20,0,41,805,497,16,0,1318,810,513,36,0,1359,0,0,0,1359
04/11/2006,DTW,MI,AGL,CE,Towers with Radar,0,0,7,2,9,827,528,43,0,1398,827,528,50,2,1407,0,0,0,1407
04/12/2006,DTW,MI,AGL,CE,Towers with Radar,819,510,44,0,1373,0,0,0,0,0,819,510,44,0,1373,0,0,0,1373
04/13/2006,DTW,MI,AGL,CE,Towers with Radar,829,530,39,0,1398,0,0,0,0,0,829,530,39,0,1398,6,0,6,1404
04/14/2006,DTW,MI,AGL,CE,Towers with Radar,849,518,13,0,1380,0,0,0,0,0,849,518,13,0,1380,0,0,0,1380
04/15/2006,DTW,MI,AGL,CE,Towers with Radar,762,455,8,0,1225,0,0,0,0,0,762,455,8,0,1225,12,0,12,1237
04/16/2006,DTW,MI,AGL,CE,Towers with Radar,763,468,11,0,1242,0,0,0,0,0,763,468,11,0,1242,0,0,0,1242
04/17/2006,DTW,MI,AGL,CE,Towers with Radar,812,518,25,0,1355,0,0,0,0,0,812,518,25,0,1355,0,0,0,1355
04/18/2006,DTW,MI,AGL,CE,Towers with Radar,825,534,45,0,1404,0,0,0,0,0,825,534,45,0,1404,0,0,0,1404
04/19/2006,DTW,MI,AGL,CE,Towers with Radar,815,524,43,0,1382,0,0,0,0,0,815,524,43,0,1382,0,0,0,1382
04/20/2006,DTW,MI,AGL,CE,Towers with Radar,832,528,31,0,1391,0,0,0,0,0,832,528,31,0,1391,0,0,0,1391
04/21/2006,DTW,MI,AGL,CE,Towers with Radar,820,510,25,0,1355,0,0,0,0,0,820,510,25,0,1355,0,0,0,1355
04/22/2006,DTW,MI,AGL,CE,Towers with Radar,761,453,20,1,1235,0,0,0,0,0,761,453,20,1,1235,0,0,0,1235
04/23/2006,DTW,MI,AGL,CE,Towers with Radar,778,495,27,0,1300,0,0,0,0,0,778,495,27,0,1300,0,0,0,1300
04/24/2006,DTW,MI,AGL,CE,Towers with Radar,0,0,0,0,0,807,508,42,0,1357,807,508,42,0,1357,0,0,0,1357
04/25/2006,DTW,MI,AGL,CE,Towers with Radar,831,518,35,0,1384,0,0,0,0,0,831,518,35,0,1384,0,0,0,1384
04/26/2006,DTW,MI,AGL,CE,Towers with Radar,811,517,62,4,1394,0,0,0,0,0,811,517,62,4,1394,0,0,0,1394
04/27/2006,DTW,MI,AGL,CE,Towers with Radar,826,523,35,0,1384,0,0,0,0,0,826,523,35,0,1384,0,0,0,1384
04/28/2006,DTW,MI,AGL,CE,Towers with Radar,819,521,39,0,1379,0,0,0,0,0,819,521,39,0,1379,0,0,0,1379
04/29/2006,DTW,MI,AGL,CE,Towers with Radar,743,451,16,4,1214,0,0,0,0,0,743,451,16,4,1214,0,0,0,1214
04/30/2006,DTW,MI,AGL,CE,Towers with Radar,752,472,21,0,1245,0,0,0,0,0,752,472,21,0,1245,0,0,0,1245
05/01/2006,DTW,MI,AGL,CE,Towers with Radar,0,0,0,0,0,803,512,42,0,1357,803,512,42,0,1357,0,0,0,1357
05/02/2006,DTW,MI,AGL,CE,Towers with Radar,0,0,2,0,2,797,513,48,0,1358,797,513,50,0,1360,0,0,0,1360
05/03/2006,DTW,MI,AGL,CE,Towers with Radar,821,512,47,0,1380,0,0,0,0,0,821,512,47,0,1380,0,0,0,1380
05/04/2006,DTW,MI,AGL,CE,Towers with Radar,833,533,37,0,1403,0,0,0,0,0,833,533,37,0,1403,0,0,0,1403
05/05/2006,DTW,MI,AGL,CE,Towers with Radar,814,512,47,0,1373,0,0,0,0,0,814,512,47,0,1373,0,0,0,1373
05/06/2006,DTW,MI,AGL,CE,Towers with Radar,711,460,11,0,1182,0,0,0,0,0,711,460,11,0,1182,0,0,0,1182
05/07/2006,DTW,MI,AGL,CE,Towers with Radar,736,487,24,0,1247,0,0,0,0,0,736,487,24,0,1247,0,0,0,1247
05/08/2006,DTW,MI,AGL,CE,Towers with Radar,814,510,33,0,1357,0,0,0,0,0,814,510,33,0,1357,4,0,4,1361
05/09/2006,DTW,MI,AGL,CE,Towers with Radar,0,0,4,4,8,807,523,42,0,1372,807,523,46,4,1380,0,0,0,1380
05/10/2006,DTW,MI,AGL,CE,Towers with Radar,783,494,50,2,1329,0,0,0,0,0,783,494,50,2,1329,0,0,0,1329
05/11/2006,DTW,MI,AGL,CE,Towers with Radar,825,535,38,0,1398,0,0,0,0,0,825,535,38,0,1398,0,0,0,1398
05/12/2006,DTW,MI,AGL,CE,Towers with Radar,820,504,36,0,1360,0,0,0,0,0,820,504,36,0,1360,0,0,0,1360
05/13/2006,DTW,MI,AGL,CE,Towers with Radar,724,453,25,0,1202,0,0,0,0,0,724,453,25,0,1202,0,0,0,1202
05/14/2006,DTW,MI,AGL,CE,Towers with Radar,735,467,5,0,1207,0,0,0,0,0,735,467,5,0,1207,0,0,0,1207
05/15/2006,DTW,MI,AGL,CE,Towers with Radar,797,503,36,0,1336,0,0,0,0,0,797,503,36,0,1336,0,0,0,1336
05/16/2006,DTW,MI,AGL,CE,Towers with Radar,816,522,45,0,1383,0,0,0,0,0,816,522,45,0,1383,0,0,0,1383
05/17/2006,DTW,MI,AGL,CE,Towers with Radar,793,500,48,0,1341,0,0,0,0,0,793,500,48,0,1341,0,0,0,1341
05/18/2006,DTW,MI,AGL,CE,Towers with Radar,832,518,46,0,1396,0,0,0,0,0,832,518,46,0,1396,0,0,0,1396
05/19/2006,DTW,MI,AGL,CE,Towers with Radar,815,519,47,0,1381,0,0,0,0,0,815,519,47,0,1381,0,0,0,1381
05/20/2006,DTW,MI,AGL,CE,Towers with Radar,721,467,17,0,1205,0,0,0,0,0,721,467,17,0,1205,0,0,0,1205
05/21/2006,DTW,MI,AGL,CE,Towers with Radar,747,472,16,0,1235,0,0,0,0,0,747,472,16,0,1235,32,0,32,1267
05/22/2006,DTW,MI,AGL,CE,Towers with Radar,811,498,35,0,1344,0,0,0,0,0,811,498,35,0,1344,0,0,0,1344
05/23/2006,DTW,MI,AGL,CE,Towers with Radar,0,0,8,0,8,809,517,38,0,1364,809,517,46,0,1372,0,0,0,1372
05/24/2006,DTW,MI,AGL,CE,Towers with Radar,806,530,46,1,1383,0,0,0,0,0,806,530,46,1,1383,0,0,0,1383
05/25/2006,DTW,MI,AGL,CE,Towers with Radar,755,471,44,0,1270,0,0,0,0,0,755,471,44,0,1270,0,0,0,1270
05/26/2006,DTW,MI,AGL,CE,Towers with Radar,886,542,40,0,1468,0,0,0,0,0,886,542,40,0,1468,0,0,0,1468
05/27/2006,DTW,MI,AGL,CE,Towers with Radar,736,456,15,0,1207,0,0,0,0,0,736,456,15,0,1207,0,0,0,1207
05/28/2006,DTW,MI,AGL,CE,Towers with Radar,698,431,10,0,1139,0,0,0,0,0,698,431,10,0,1139,0,0,0,1139
05/29/2006,DTW,MI,AGL,CE,Towers with Radar,765,477,21,0,1263,0,0,0,0,0,765,477,21,0,1263,0,0,0,1263
05/30/2006,DTW,MI,AGL,CE,Towers with Radar,0,0,0,0,0,795,502,35,0,1332,795,502,35,0,1332,0,0,0,1332
05/31/2006,DTW,MI,AGL,CE,Towers with Radar,805,485,37,0,1327,0,0,0,0,0,805,485,37,0,1327,0,0,0,1327
06/01/2006,DTW,MI,AGL,CE,Towers with Radar,1,37,26,0,64,840,485,2,0,1327,841,522,28,0,1391,0,0,0,1391
06/02/2006,DTW,MI,AGL,CE,Towers with Radar,810,490,31,0,1331,0,0,0,0,0,810,490,31,0,1331,0,0,0,1331
06/03/2006,DTW,MI,AGL,CE,Towers with Radar,715,451,19,0,1185,0,0,0,0,0,715,451,19,0,1185,0,0,0,1185
06/04/2006,DTW,MI,AGL,CE,Towers with Radar,748,475,14,2,1239,0,0,0,0,0,748,475,14,2,1239,0,0,0,1239
06/05/2006,DTW,MI,AGL,CE,Towers with Radar,795,509,70,0,1374,0,0,0,0,0,795,509,70,0,1374,0,0,0,1374
06/06/2006,DTW,MI,AGL,CE,Towers with Radar,0,0,0,0,0,805,512,51,0,1368,805,512,51,0,1368,0,0,0,1368
06/07/2006,DTW,MI,AGL,CE,Towers with Radar,794,508,26,0,1328,0,0,0,0,0,794,508,26,0,1328,0,0,0,1328
06/08/2006,DTW,MI,AGL,CE,Towers with Radar,815,528,45,0,1388,0,0,0,0,0,815,528,45,0,1388,0,0,0,1388
06/09/2006,DTW,MI,AGL,CE,Towers with Radar,844,527,48,0,1419,0,0,0,0,0,844,527,48,0,1419,0,0,0,1419
06/10/2006,DTW,MI,AGL,CE,Towers with Radar,0,0,0,0,0,748,456,27,0,1231,748,456,27,0,1231,0,0,0,1231
06/11/2006,DTW,MI,AGL,CE,Towers with Radar,761,477,23,0,1261,0,0,0,0,0,761,477,23,0,1261,0,0,0,1261
06/12/2006,DTW,MI,AGL,CE,Towers with Radar,810,504,44,0,1358,0,0,0,0,0,810,504,44,0,1358,0,0,0,1358
06/13/2006,DTW,MI,AGL,CE,Towers with Radar,0,0,5,0,5,838,526,37,0,1401,838,526,42,0,1406,0,0,0,1406
06/14/2006,DTW,MI,AGL,CE,Towers with Radar,826,511,40,0,1377,0,0,0,0,0,826,511,40,0,1377,0,0,0,1377
06/15/2006,DTW,MI,AGL,CE,Towers with Radar,848,531,40,1,1420,0,0,0,0,0,848,531,40,1,1420,8,0,8,1428
06/16/2006,DTW,MI,AGL,CE,Towers with Radar,828,541,36,1,1406,0,0,0,0,0,828,541,36,1,1406,0,0,0,1406
06/17/2006,DTW,MI,AGL,CE,Towers with Radar,0,0,0,0,0,736,454,21,0,1211,736,454,21,0,1211,0,0,0,1211
06/18/2006,DTW,MI,AGL,CE,Towers with Radar,762,457,19,0,1238,0,0,18,2,20,762,457,37,2,1258,0,0,0,1258
06/19/2006,DTW,MI,AGL,CE,Towers with Radar,775,452,26,0,1253,0,0,0,0,0,775,452,26,0,1253,0,0,0,1253
06/20/2006,DTW,MI,AGL,CE,Towers with Radar,0,0,7,0,7,878,554,41,0,1473,878,554,48,0,1480,0,0,0,1480
06/21/2006,DTW,MI,AGL,CE,Towers with Radar,633,320,49,0,1002,0,0,0,0,0,633,320,49,0,1002,0,0,0,1002
06/22/2006,DTW,MI,AGL,CE,Towers with Radar,887,527,63,0,1477,0,0,0,0,0,887,527,63,0,1477,0,0,0,1477
06/23/2006,DTW,MI,AGL,CE,Towers with Radar,864,534,43,0,1441,0,0,0,0,0,864,534,43,0,1441,0,0,0,1441
06/24/2006,DTW,MI,AGL,CE,Towers with Radar,746,467,23,0,1236,0,0,0,0,0,746,467,23,0,1236,0,0,0,1236
06/25/2006,DTW,MI,AGL,CE,Towers with Radar,749,470,45,0,1264,0,0,0,0,0,749,470,45,0,1264,0,0,0,1264
06/26/2006,DTW,MI,AGL,CE,Towers with Radar,807,498,46,0,1351,0,0,0,0,0,807,498,46,0,1351,0,0,0,1351
06/27/2006,DTW,MI,AGL,CE,Towers with Radar,839,509,55,0,1403,0,0,0,0,0,839,509,55,0,1403,5,1,6,1409
06/28/2006,DTW,MI,AGL,CE,Towers with Radar,844,526,40,0,1410,0,0,0,0,0,844,526,40,0,1410,0,0,0,1410
06/29/2006,DTW,MI,AGL,CE,Towers with Radar,846,533,40,0,1419,0,0,0,0,0,846,533,40,0,1419,10,0,10,1429
06/30/2006,DTW,MI,AGL,CE,Towers with Radar,843,515,37,0,1395,0,0,0,0,0,843,515,37,0,1395,0,0,0,1395
07/01/2006,DTW,MI,AGL,CE,Towers with Radar,764,482,14,0,1260,0,0,0,0,0,764,482,14,0,1260,0,0,0,1260
07/02/2006,DTW,MI,AGL,CE,Towers with Radar,756,445,18,0,1219,0,0,0,0,0,756,445,18,0,1219,0,0,0,1219
07/03/2006,DTW,MI,AGL,CE,Towers with Radar,780,475,9,0,1264,0,0,0,0,0,780,475,9,0,1264,0,0,0,1264
07/04/2006,DTW,MI,AGL,CE,Towers with Radar,814,475,50,0,1339,0,0,0,0,0,814,475,50,0,1339,0,0,0,1339
07/05/2006,DTW,MI,AGL,CE,Towers with Radar,820,502,20,0,1342,0,0,0,0,0,820,502,20,0,1342,48,5,53,1395
07/06/2006,DTW,MI,AGL,CE,Towers with Radar,839,525,26,0,1390,0,0,0,0,0,839,525,26,0,1390,0,0,0,1390
07/07/2006,DTW,MI,AGL,CE,Towers with Radar,838,504,35,0,1377,0,0,0,0,0,838,504,35,0,1377,0,0,0,1377
07/08/2006,DTW,MI,AGL,CE,Towers with Radar,751,462,12,1,1226,0,0,0,0,0,751,462,12,1,1226,0,0,0,1226
07/09/2006,DTW,MI,AGL,CE,Towers with Radar,762,480,27,0,1269,0,0,0,0,0,762,480,27,0,1269,0,0,0,1269
07/10/2006,DTW,MI,AGL,CE,Towers with Radar,0,0,0,0,0,829,509,38,0,1376,829,509,38,0,1376,0,0,0,1376
07/11/2006,DTW,MI,AGL,CE,Towers with Radar,0,0,0,0,0,830,512,51,0,1393,830,512,51,0,1393,0,0,0,1393
07/12/2006,DTW,MI,AGL,CE,Towers with Radar,849,542,42,0,1433,0,0,0,0,0,849,542,42,0,1433,0,0,0,1433
07/13/2006,DTW,MI,AGL,CE,Towers with Radar,869,534,56,0,1459,0,0,0,0,0,869,534,56,0,1459,0,0,0,1459
07/14/2006,DTW,MI,AGL,CE,Towers with Radar,835,498,29,0,1362,0,0,0,0,0,835,498,29,0,1362,0,0,0,1362
07/15/2006,DTW,MI,AGL,CE,Towers with Radar,765,462,12,0,1239,0,0,0,0,0,765,462,12,0,1239,2,0,2,1241
07/16/2006,DTW,MI,AGL,CE,Towers with Radar,773,495,49,0,1317,0,0,0,0,0,773,495,49,0,1317,0,0,0,1317
07/17/2006,DTW,MI,AGL,CE,Towers with Radar,0,0,0,0,0,814,513,43,0,1370,814,513,43,0,1370,0,0,0,1370
07/18/2006,DTW,MI,AGL,CE,Towers with Radar,0,0,0,0,0,832,506,45,0,1383,832,506,45,0,1383,0,0,0,1383
07/19/2006,DTW,MI,AGL,CE,Towers with Radar,841,516,40,0,1397,0,0,0,0,0,841,516,40,0,1397,0,0,0,1397
07/20/2006,DTW,MI,AGL,CE,Towers with Radar,837,519,48,0,1404,0,0,0,0,0,837,519,48,0,1404,26,0,26,1430
07/21/2006,DTW,MI,AGL,CE,Towers with Radar,857,510,43,0,1410,0,0,0,0,0,857,510,43,0,1410,0,0,0,1410
07/22/2006,DTW,MI,AGL,CE,Towers with Radar,746,461,9,0,1216,0,0,0,0,0,746,461,9,0,1216,0,0,0,1216
07/23/2006,DTW,MI,AGL,CE,Towers with Radar,776,484,22,0,1282,0,0,0,0,0,776,484,22,0,1282,0,0,0,1282
07/24/2006,DTW,MI,AGL,CE,Towers with Radar,812,528,48,0,1388,0,0,0,0,0,812,528,48,0,1388,0,0,0,1388
07/25/2006,DTW,MI,AGL,CE,Towers with Radar,812,528,40,0,1380,0,0,0,0,0,812,528,40,0,1380,0,0,0,1380
07/26/2006,DTW,MI,AGL,CE,Towers with Radar,807,493,46,0,1346,0,0,0,0,0,807,493,46,0,1346,0,0,0,1346
07/27/2006,DTW,MI,AGL,CE,Towers with Radar,801,499,38,0,1338,0,0,0,0,0,801,499,38,0,1338,0,0,0,1338
07/28/2006,DTW,MI,AGL,CE,Towers with Radar,0,4,38,0,42,881,516,0,0,1397,881,520,38,0,1439,0,0,0,1439
07/29/2006,DTW,MI,AGL,CE,Towers with Radar,0,0,0,0,0,765,461,14,0,1240,765,461,14,0,1240,1,0,1,1241
07/30/2006,DTW,MI,AGL,CE,Towers with Radar,760,472,19,0,1251,0,0,0,0,0,760,472,19,0,1251,0,0,0,1251
07/31/2006,DTW,MI,AGL,CE,Towers with Radar,826,520,37,0,1383,0,0,0,0,0,826,520,37,0,1383,0,0,0,1383
08/01/2006,DTW,MI,AGL,CE,Towers with Radar,826,515,53,0,1394,0,0,0,0,0,826,515,53,0,1394,0,0,0,1394
08/02/2006,DTW,MI,AGL,CE,Towers with Radar,834,520,37,0,1391,0,0,0,0,0,834,520,37,0,1391,0,0,0,1391
08/03/2006,DTW,MI,AGL,CE,Towers with Radar,803,494,36,0,1333,0,0,0,0,0,803,494,36,0,1333,0,0,0,1333
08/04/2006,DTW,MI,AGL,CE,Towers with Radar,861,530,36,0,1427,0,0,0,0,0,861,530,36,0,1427,0,0,0,1427
08/05/2006,DTW,MI,AGL,CE,Towers with Radar,756,474,17,0,1247,0,0,0,0,0,756,474,17,0,1247,0,0,0,1247
08/06/2006,DTW,MI,AGL,CE,Towers with Radar,770,484,18,0,1272,0,0,0,0,0,770,484,18,0,1272,0,3,3,1275
08/07/2006,DTW,MI,AGL,CE,Towers with Radar,813,506,25,0,1344,0,0,0,0,0,813,506,25,0,1344,0,0,0,1344
08/08/2006,DTW,MI,AGL,CE,Towers with Radar,0,0,5,0,5,859,524,28,0,1411,859,524,33,0,1416,0,0,0,1416
08/09/2006,DTW,MI,AGL,CE,Towers with Radar,841,523,55,2,1421,0,0,0,0,0,841,523,55,2,1421,0,0,0,1421
08/10/2006,DTW,MI,AGL,CE,Towers with Radar,826,507,23,0,1356,0,0,0,0,0,826,507,23,0,1356,0,0,0,1356
08/11/2006,DTW,MI,AGL,CE,Towers with Radar,826,507,23,0,1356,0,0,0,0,0,826,507,23,0,1356,0,0,0,1356
08/12/2006,DTW,MI,AGL,CE,Towers with Radar,757,480,28,1,1266,0,0,0,0,0,757,480,28,1,1266,0,0,0,1266
08/13/2006,DTW,MI,AGL,CE,Towers with Radar,770,471,34,0,1275,0,0,0,0,0,770,471,34,0,1275,0,0,0,1275
08/14/2006,DTW,MI,AGL,CE,Towers with Radar,842,520,33,0,1395,0,0,0,0,0,842,520,33,0,1395,0,0,0,1395
08/15/2006,DTW,MI,AGL,CE,Towers with Radar,850,521,62,0,1433,0,0,0,0,0,850,521,62,0,1433,0,0,0,1433
08/16/2006,DTW,MI,AGL,CE,Towers with Radar,850,521,54,0,1425,0,0,0,0,0,850,521,54,0,1425,0,0,0,1425
08/17/2006,DTW,MI,AGL,CE,Towers with Radar,840,522,52,0,1414,0,0,0,0,0,840,522,52,0,1414,0,0,0,1414
08/18/2006,DTW,MI,AGL,CE,Towers with Radar,846,508,39,0,1393,0,0,0,0,0,846,508,39,0,1393,34,0,34,1427
08/19/2006,DTW,MI,AGL,CE,Towers with Radar,755,462,30,0,1247,0,0,0,0,0,755,462,30,0,1247,3,0,3,1250
08/20/2006,DTW,MI,AGL,CE,Towers with Radar,768,468,20,0,1256,0,0,0,0,0,768,468,20,0,1256,0,0,0,1256
08/21/2006,DTW,MI,AGL,CE,Towers with Radar,836,498,38,0,1372,0,0,0,0,0,836,498,38,0,1372,0,0,0,1372
08/22/2006,DTW,MI,AGL,CE,Towers with Radar,820,505,43,1,1369,0,0,0,0,0,820,505,43,1,1369,0,0,0,1369
08/23/2006,DTW,MI,AGL,CE,Towers with Radar,845,509,46,0,1400,0,0,0,0,0,845,509,46,0,1400,0,0,0,1400
08/24/2006,DTW,MI,AGL,CE,Towers with Radar,829,499,31,0,1359,0,0,0,0,0,829,499,31,0,1359,0,0,0,1359
08/25/2006,DTW,MI,AGL,CE,Towers with Radar,862,504,24,0,1390,0,0,0,0,0,862,504,24,0,1390,1,0,1,1391
08/26/2006,DTW,MI,AGL,CE,Towers with Radar,734,437,15,0,1186,0,0,0,0,0,734,437,15,0,1186,0,0,0,1186
08/27/2006,DTW,MI,AGL,CE,Towers with Radar,766,456,13,1,1236,0,0,0,0,0,766,456,13,1,1236,0,0,0,1236
08/28/2006,DTW,MI,AGL,CE,Towers with Radar,0,0,2,0,2,806,477,25,0,1308,806,477,27,0,1310,0,0,0,1310
08/29/2006,DTW,MI,AGL,CE,Towers with Radar,850,503,28,1,1382,0,0,0,0,0,850,503,28,1,1382,0,0,0,1382
08/30/2006,DTW,MI,AGL,CE,Towers with Radar,828,500,43,0,1371,0,0,0,0,0,828,500,43,0,1371,0,0,0,1371
08/31/2006,DTW,MI,AGL,CE,Towers with Radar,849,491,53,0,1393,0,0,0,0,0,849,491,53,0,1393,0,0,0,1393
09/01/2006,DTW,MI,AGL,CE,Towers with Radar,857,502,23,0,1382,0,0,0,0,0,857,502,23,0,1382,0,0,0,1382
09/02/2006,DTW,MI,AGL,CE,Towers with Radar,731,410,7,0,1148,0,0,0,0,0,731,410,7,0,1148,0,0,0,1148
09/03/2006,DTW,MI,AGL,CE,Towers with Radar,714,434,10,0,1158,0,0,0,0,0,714,434,10,0,1158,0,0,0,1158
09/04/2006,DTW,MI,AGL,CE,Towers with Radar,788,458,25,1,1272,0,0,7,0,7,788,458,32,1,1279,0,0,0,1279
09/05/2006,DTW,MI,AGL,CE,Towers with Radar,833,475,30,0,1338,0,0,0,0,0,833,475,30,0,1338,0,0,0,1338
09/06/2006,DTW,MI,AGL,CE,Towers with Radar,862,505,34,0,1401,0,0,0,0,0,862,505,34,0,1401,0,0,0,1401
09/07/2006,DTW,MI,AGL,CE,Towers with Radar,857,505,42,0,1404,0,0,0,0,0,857,505,42,0,1404,0,0,0,1404
09/08/2006,DTW,MI,AGL,CE,Towers with Radar,865,508,32,2,1407,0,0,0,0,0,865,508,32,2,1407,0,0,0,1407
09/09/2006,DTW,MI,AGL,CE,Towers with Radar,731,425,24,0,1180,0,0,0,0,0,731,425,24,0,1180,0,0,0,1180
09/10/2006,DTW,MI,AGL,CE,Towers with Radar,762,454,29,0,1245,0,0,3,0,3,762,454,32,0,1248,3,3,6,1254
09/11/2006,DTW,MI,AGL,CE,Towers with Radar,841,486,43,0,1370,0,0,0,0,0,841,486,43,0,1370,0,0,0,1370
09/12/2006,DTW,MI,AGL,CE,Towers with Radar,825,495,39,0,1359,0,0,0,0,0,825,495,39,0,1359,0,0,0,1359
09/13/2006,DTW,MI,AGL,CE,Towers with Radar,817,442,43,0,1302,0,0,0,0,0,817,442,43,0,1302,0,0,0,1302
09/14/2006,DTW,MI,AGL,CE,Towers with Radar,879,518,39,0,1436,0,0,0,0,0,879,518,39,0,1436,0,0,0,1436
09/15/2006,DTW,MI,AGL,CE,Towers with Radar,885,480,46,0,1411,0,0,0,0,0,885,480,46,0,1411,0,0,0,1411
09/16/2006,DTW,MI,AGL,CE,Towers with Radar,745,425,12,0,1182,0,0,0,0,0,745,425,12,0,1182,0,0,0,1182
09/17/2006,DTW,MI,AGL,CE,Towers with Radar,765,452,36,0,1253,0,0,0,0,0,765,452,36,0,1253,0,0,0,1253
09/18/2006,DTW,MI,AGL,CE,Towers with Radar,855,491,38,0,1384,0,0,0,0,0,855,491,38,0,1384,0,0,0,1384
09/19/2006,DTW,MI,AGL,CE,Towers with Radar,853,490,45,0,1388,0,0,0,0,0,853,490,45,0,1388,0,0,0,1388
09/20/2006,DTW,MI,AGL,CE,Towers with Radar,849,492,52,17,1410,0,0,0,0,0,849,492,52,17,1410,0,0,0,1410
09/21/2006,DTW,MI,AGL,CE,Towers with Radar,870,482,49,0,1401,0,0,2,0,2,870,482,51,0,1403,0,0,0,1403
09/22/2006,DTW,MI,AGL,CE,Towers with Radar,813,474,39,0,1326,0,0,0,0,0,813,474,39,0,1326,0,0,0,1326
09/23/2006,DTW,MI,AGL,CE,Towers with Radar,813,474,39,0,1326,0,0,0,0,0,813,474,39,0,1326,0,0,0,1326
09/24/2006,DTW,MI,AGL,CE,Towers with Radar,759,456,24,0,1239,0,0,0,0,0,759,456,24,0,1239,0,0,0,1239
09/25/2006,DTW,MI,AGL,CE,Towers with Radar,835,479,35,0,1349,0,0,0,0,0,835,479,35,0,1349,0,0,0,1349
09/26/2006,DTW,MI,AGL,CE,Towers with Radar,843,491,31,0,1365,0,0,0,0,0,843,491,31,0,1365,0,0,0,1365
09/27/2006,DTW,MI,AGL,CE,Towers with Radar,802,457,41,0,1300,0,0,0,0,0,802,457,41,0,1300,0,0,0,1300
09/28/2006,DTW,MI,AGL,CE,Towers with Radar,853,506,49,0,1408,0,0,0,0,0,853,506,49,0,1408,0,0,0,1408
09/29/2006,DTW,MI,AGL,CE,Towers with Radar,847,495,42,0,1384,0,0,0,0,0,847,495,42,0,1384,0,0,0,1384
09/30/2006,DTW,MI,AGL,CE,Towers with Radar,690,399,16,0,1105,0,0,0,0,0,690,399,16,0,1105,0,0,0,1105
10/01/2006,DTW,MI,AGL,CE,Towers with Radar,743,433,26,0,1202,0,0,0,0,0,743,433,26,0,1202,0,0,0,1202
10/02/2006,DTW,MI,AGL,CE,Towers with Radar,843,475,59,0,1377,0,0,0,0,0,843,475,59,0,1377,0,0,0,1377
10/03/2006,DTW,MI,AGL,CE,Towers with Radar,894,479,38,0,1411,0,0,0,0,0,894,479,38,0,1411,0,0,0,1411
10/04/2006,DTW,MI,AGL,CE,Towers with Radar,767,435,50,0,1252,0,0,0,0,0,767,435,50,0,1252,0,0,0,1252
10/05/2006,DTW,MI,AGL,CE,Towers with Radar,915,507,53,1,1476,0,0,0,0,0,915,507,53,1,1476,0,0,0,1476
10/06/2006,DTW,MI,AGL,CE,Towers with Radar,867,479,44,0,1390,0,0,0,0,0,867,479,44,0,1390,0,0,0,1390
10/07/2006,DTW,MI,AGL,CE,Towers with Radar,734,411,23,0,1168,0,0,0,0,0,734,411,23,0,1168,0,0,0,1168
10/08/2006,DTW,MI,AGL,CE,Towers with Radar,765,429,29,0,1223,0,0,0,0,0,765,429,29,0,1223,0,0,0,1223
10/09/2006,DTW,MI,AGL,CE,Towers with Radar,860,463,33,0,1356,0,0,0,0,0,860,463,33,0,1356,0,0,0,1356
10/10/2006,DTW,MI,AGL,CE,Towers with Radar,870,467,35,0,1372,0,0,0,0,0,870,467,35,0,1372,0,0,0,1372
10/11/2006,DTW,MI,AGL,CE,Towers with Radar,823,470,38,0,1331,0,0,0,0,0,823,470,38,0,1331,0,0,0,1331
10/12/2006,DTW,MI,AGL,CE,Towers with Radar,869,492,40,0,1401,0,0,0,0,0,869,492,40,0,1401,0,0,0,1401
10/13/2006,DTW,MI,AGL,CE,Towers with Radar,864,473,31,0,1368,0,0,0,0,0,864,473,31,0,1368,0,0,0,1368
10/14/2006,DTW,MI,AGL,CE,Towers with Radar,864,473,35,0,1372,0,0,0,0,0,864,473,35,0,1372,0,0,0,1372
10/15/2006,DTW,MI,AGL,CE,Towers with Radar,797,447,18,0,1262,0,0,0,0,0,797,447,18,0,1262,0,0,0,1262
10/16/2006,DTW,MI,AGL,CE,Towers with Radar,865,464,30,0,1359,0,0,0,0,0,865,464,30,0,1359,0,0,0,1359
10/17/2006,DTW,MI,AGL,CE,Towers with Radar,849,466,50,0,1365,0,0,0,0,0,849,466,50,0,1365,0,0,0,1365
10/18/2006,DTW,MI,AGL,CE,Towers with Radar,862,488,42,0,1392,0,0,0,0,0,862,488,42,0,1392,0,0,0,1392
10/19/2006,DTW,MI,AGL,CE,Towers with Radar,862,488,42,0,1392,0,0,0,0,0,862,488,42,0,1392,0,0,0,1392
10/20/2006,DTW,MI,AGL,CE,Towers with Radar,862,488,42,0,1392,0,0,0,0,0,862,488,42,0,1392,0,0,0,1392
10/21/2006,DTW,MI,AGL,CE,Towers with Radar,741,412,19,0,1172,0,0,0,0,0,741,412,19,0,1172,0,0,0,1172
10/22/2006,DTW,MI,AGL,CE,Towers with Radar,769,439,28,0,1236,0,0,0,0,0,769,439,28,0,1236,0,0,0,1236
10/23/2006,DTW,MI,AGL,CE,Towers with Radar,874,483,36,0,1393,0,0,0,0,0,874,483,36,0,1393,0,0,0,1393
10/24/2006,DTW,MI,AGL,CE,Towers with Radar,868,478,32,4,1382,0,0,0,0,0,868,478,32,4,1382,0,0,0,1382
10/25/2006,DTW,MI,AGL,CE,Towers with Radar,842,498,44,0,1384,0,0,0,0,0,842,498,44,0,1384,0,0,0,1384
10/26/2006,DTW,MI,AGL,CE,Towers with Radar,829,491,40,0,1360,0,0,0,0,0,829,491,40,0,1360,0,0,0,1360
10/27/2006,DTW,MI,AGL,CE,Towers with Radar,826,479,43,0,1348,0,0,0,0,0,826,479,43,0,1348,0,0,0,1348
10/28/2006,DTW,MI,AGL,CE,Towers with Radar,697,320,13,0,1030,0,0,0,0,0,697,320,13,0,1030,0,0,0,1030
10/29/2006,DTW,MI,AGL,CE,Towers with Radar,764,451,21,0,1236,0,0,0,0,0,764,451,21,0,1236,0,0,0,1236
10/30/2006,DTW,MI,AGL,CE,Towers with Radar,829,487,28,0,1344,0,0,1,0,1,829,487,29,0,1345,0,0,0,1345
10/31/2006,DTW,MI,AGL,CE,Towers with Radar,824,475,31,0,1330,0,0,0,0,0,824,475,31,0,1330,0,0,0,1330
11/01/2006,DTW,MI,AGL,CE,Towers with Radar,823,475,26,0,1324,0,0,0,0,0,823,475,26,0,1324,0,0,0,1324
11/02/2006,DTW,MI,AGL,CE,Towers with Radar,821,476,45,0,1342,0,0,0,0,0,821,476,45,0,1342,0,0,0,1342
11/03/2006,DTW,MI,AGL,CE,Towers with Radar,861,500,33,0,1394,0,0,0,0,0,861,500,33,0,1394,0,0,0,1394
11/04/2006,DTW,MI,AGL,CE,Towers with Radar,732,405,27,0,1164,0,0,0,0,0,732,405,27,0,1164,0,0,0,1164
11/05/2006,DTW,MI,AGL,CE,Towers with Radar,761,424,18,0,1203,0,0,0,0,0,761,424,18,0,1203,0,0,0,1203
11/06/2006,DTW,MI,AGL,CE,Towers with Radar,832,469,37,0,1338,0,0,0,0,0,832,469,37,0,1338,0,0,0,1338
11/07/2006,DTW,MI,AGL,CE,Towers with Radar,824,478,35,0,1337,0,0,0,0,0,824,478,35,0,1337,0,0,0,1337
11/08/2006,DTW,MI,AGL,CE,Towers with Radar,0,0,0,0,0,826,477,43,0,1346,826,477,43,0,1346,0,0,0,1346
11/09/2006,DTW,MI,AGL,CE,Towers with Radar,0,0,0,0,0,853,493,55,0,1401,853,493,55,0,1401,0,0,0,1401
11/10/2006,DTW,MI,AGL,CE,Towers with Radar,854,480,40,0,1374,0,0,0,0,0,854,480,40,0,1374,0,0,0,1374
11/11/2006,DTW,MI,AGL,CE,Towers with Radar,733,435,9,0,1177,0,0,0,0,0,733,435,9,0,1177,0,0,0,1177
11/12/2006,DTW,MI,AGL,CE,Towers with Radar,729,441,18,0,1188,0,0,0,0,0,729,441,18,0,1188,0,0,0,1188
11/13/2006,DTW,MI,AGL,CE,Towers with Radar,824,456,19,0,1299,0,0,0,0,0,824,456,19,0,1299,0,0,0,1299
11/14/2006,DTW,MI,AGL,CE,Towers with Radar,857,494,39,0,1390,0,0,0,0,0,857,494,39,0,1390,0,0,0,1390
11/15/2006,DTW,MI,AGL,CE,Towers with Radar,813,478,40,0,1331,0,0,0,0,0,813,478,40,0,1331,3,0,3,1334
11/16/2006,DTW,MI,AGL,CE,Towers with Radar,842,469,32,0,1343,0,0,0,0,0,842,469,32,0,1343,0,0,0,1343
11/17/2006,DTW,MI,AGL,CE,Towers with Radar,882,488,31,0,1401,0,0,0,0,0,882,488,31,0,1401,0,0,0,1401
11/18/2006,DTW,MI,AGL,CE,Towers with Radar,727,421,11,0,1159,0,0,0,0,0,727,421,11,0,1159,0,0,0,1159
11/19/2006,DTW,MI,AGL,CE,Towers with Radar,764,440,21,0,1225,0,0,0,0,0,764,440,21,0,1225,0,0,0,1225
11/20/2006,DTW,MI,AGL,CE,Towers with Radar,857,465,31,0,1353,0,0,0,0,0,857,465,31,0,1353,0,0,0,1353
11/21/2006,DTW,MI,AGL,CE,Towers with Radar,0,0,1,0,1,843,493,28,0,1364,843,493,29,0,1365,0,0,0,1365
11/22/2006,DTW,MI,AGL,CE,Towers with Radar,851,477,26,0,1354,0,0,0,0,0,851,477,26,0,1354,0,0,0,1354
11/23/2006,DTW,MI,AGL,CE,Towers with Radar,736,372,10,0,1118,0,0,0,0,0,736,372,10,0,1118,0,0,0,1118
11/24/2006,DTW,MI,AGL,CE,Towers with Radar,694,315,0,0,1009,0,0,0,0,0,694,315,0,0,1009,2,0,2,1011
11/25/2006,DTW,MI,AGL,CE,Towers with Radar,713,429,19,0,1161,0,0,0,0,0,713,429,19,0,1161,0,0,0,1161
11/26/2006,DTW,MI,AGL,CE,Towers with Radar,769,455,24,0,1248,0,0,0,0,0,769,455,24,0,1248,0,0,0,1248
11/27/2006,DTW,MI,AGL,CE,Towers with Radar,846,474,34,0,1354,0,0,0,0,0,846,474,34,0,1354,0,0,0,1354
11/28/2006,DTW,MI,AGL,CE,Towers with Radar,821,488,48,2,1359,0,0,0,0,0,821,488,48,2,1359,0,0,0,1359
11/29/2006,DTW,MI,AGL,CE,Towers with Radar,822,480,33,0,1335,0,0,0,0,0,822,480,33,0,1335,0,0,0,1335
11/30/2006,DTW,MI,AGL,CE,Towers with Radar,831,483,34,0,1348,0,0,0,0,0,831,483,34,0,1348,0,0,0,1348
12/01/2006,DTW,MI,AGL,CE,Towers with Radar,733,444,20,0,1197,0,0,0,0,0,733,444,20,0,1197,0,0,0,1197
12/02/2006,DTW,MI,AGL,CE,Towers with Radar,1,0,2,0,3,695,418,21,0,1134,696,418,23,0,1137,0,0,0,1137
12/03/2006,DTW,MI,AGL,CE,Towers with Radar,696,418,23,0,1137,0,0,0,0,0,696,418,23,0,1137,0,0,0,1137
12/04/2006,DTW,MI,AGL,CE,Towers with Radar,764,479,48,0,1291,0,0,0,0,0,764,479,48,0,1291,0,0,0,1291
12/05/2006,DTW,MI,AGL,CE,Towers with Radar,828,523,45,0,1396,0,0,0,0,0,828,523,45,0,1396,0,0,0,1396
12/06/2006,DTW,MI,AGL,CE,Towers with Radar,786,484,35,0,1305,0,0,0,0,0,786,484,35,0,1305,0,0,0,1305
12/07/2006,DTW,MI,AGL,CE,Towers with Radar,807,506,29,0,1342,0,0,0,0,0,807,506,29,0,1342,0,0,0,1342
12/08/2006,DTW,MI,AGL,CE,Towers with Radar,817,494,28,1,1340,0,0,0,0,0,817,494,28,1,1340,0,0,0,1340
12/09/2006,DTW,MI,AGL,CE,Towers with Radar,0,0,8,0,8,711,433,7,0,1151,711,433,15,0,1159,0,0,0,1159
12/10/2006,DTW,MI,AGL,CE,Towers with Radar,729,456,27,1,1213,0,0,0,0,0,729,456,27,1,1213,0,0,0,1213
12/11/2006,DTW,MI,AGL,CE,Towers with Radar,0,0,0,0,0,798,492,43,0,1333,798,492,43,0,1333,0,0,0,1333
12/12/2006,DTW,MI,AGL,CE,Towers with Radar,789,486,41,0,1316,0,0,0,0,0,789,486,41,0,1316,0,0,0,1316
12/13/2006,DTW,MI,AGL,CE,Towers with Radar,808,498,45,1,1352,0,0,0,10,10,808,498,45,11,1362,1,1,2,1364
12/14/2006,DTW,MI,AGL,CE,Towers with Radar,797,484,30,0,1311,0,0,0,0,0,797,484,30,0,1311,0,0,0,1311
12/15/2006,DTW,MI,AGL,CE,Towers with Radar,833,485,30,0,1348,0,0,0,0,0,833,485,30,0,1348,0,0,0,1348
12/16/2006,DTW,MI,AGL,CE,Towers with Radar,714,434,14,0,1162,0,0,0,0,0,714,434,14,0,1162,0,0,0,1162
12/17/2006,DTW,MI,AGL,CE,Towers with Radar,739,433,17,0,1189,0,0,0,0,0,739,433,17,0,1189,0,0,0,1189
12/18/2006,DTW,MI,AGL,CE,Towers with Radar,792,488,43,0,1323,0,0,0,0,0,792,488,43,0,1323,0,0,0,1323
12/19/2006,DTW,MI,AGL,CE,Towers with Radar,801,492,49,0,1342,0,0,0,0,0,801,492,49,0,1342,0,0,0,1342
12/20/2006,DTW,MI,AGL,CE,Towers with Radar,825,518,36,0,1379,0,0,0,0,0,825,518,36,0,1379,0,0,0,1379
12/21/2006,DTW,MI,AGL,CE,Towers with Radar,0,0,0,0,0,795,503,25,0,1323,795,503,25,0,1323,0,0,0,1323
12/22/2006,DTW,MI,AGL,CE,Towers with Radar,813,481,26,0,1320,0,0,0,0,0,813,481,26,0,1320,0,0,0,1320
12/23/2006,DTW,MI,AGL,CE,Towers with Radar,795,470,15,0,1280,0,0,0,0,0,795,470,15,0,1280,0,0,0,1280
12/24/2006,DTW,MI,AGL,CE,Towers with Radar,727,433,4,0,1164,0,0,0,0,0,727,433,4,0,1164,0,0,0,1164
12/25/2006,DTW,MI,AGL,CE,Towers with Radar,681,433,20,0,1134,0,0,0,0,0,681,433,20,0,1134,0,0,0,1134
12/26/2006,DTW,MI,AGL,CE,Towers with Radar,769,470,21,0,1260,0,0,0,0,0,769,470,21,0,1260,0,0,0,1260
12/27/2006,DTW,MI,AGL,CE,Towers with Radar,835,506,15,0,1356,0,0,0,0,0,835,506,15,0,1356,8,0,8,1364
12/28/2006,DTW,MI,AGL,CE,Towers with Radar,0,0,0,0,0,821,507,25,0,1353,821,507,25,0,1353,0,0,0,1353
12/29/2006,DTW,MI,AGL,CE,Towers with Radar,854,594,214,8,1670,0,0,0,0,0,854,594,214,8,1670,0,0,0,1670
12/30/2006,DTW,MI,AGL,CE,Towers with Radar,780,382,8,0,1170,0,0,0,0,0,780,382,8,0,1170,0,0,0,1170
12/31/2006,DTW,MI,AGL,CE,Towers with Radar,734,443,6,0,1183,0,0,0,0,0,734,443,6,0,1183,0,0,0,1183
01/01/2007,DTW,MI,AGL,CE,Towers with Radar,792,461,14,0,1267,0,0,0,0,0,792,461,14,0,1267,0,0,0,1267
01/02/2007,DTW,MI,AGL,CE,Towers with Radar,812,500,25,0,1337,0,0,0,0,0,812,500,25,0,1337,0,0,0,1337
01/03/2007,DTW,MI,AGL,CE,Towers with Radar,799,517,14,0,1330,0,0,0,0,0,799,517,14,0,1330,0,0,0,1330
01/04/2007,DTW,MI,AGL,CE,Towers with Radar,775,513,23,0,1311,0,0,0,0,0,775,513,23,0,1311,0,0,0,1311
01/05/2007,DTW,MI,AGL,CE,Towers with Radar,787,496,21,0,1304,0,0,0,0,0,787,496,21,0,1304,0,0,0,1304
01/06/2007,DTW,MI,AGL,CE,Towers with Radar,687,454,23,0,1164,0,0,0,0,0,687,454,23,0,1164,0,0,0,1164
01/07/2007,DTW,MI,AGL,CE,Towers with Radar,693,485,44,0,1222,0,0,0,0,0,693,485,44,0,1222,0,0,0,1222
01/08/2007,DTW,MI,AGL,CE,Towers with Radar,761,530,51,0,1342,0,0,0,0,0,761,530,51,0,1342,0,0,0,1342
01/09/2007,DTW,MI,AGL,CE,Towers with Radar,769,526,49,0,1344,0,0,0,0,0,769,526,49,0,1344,0,0,0,1344
01/10/2007,DTW,MI,AGL,CE,Towers with Radar,776,530,48,0,1354,0,0,0,1,1,776,530,48,1,1355,0,0,0,1355
01/11/2007,DTW,MI,AGL,CE,Towers with Radar,758,548,58,0,1364,0,0,0,0,0,758,548,58,0,1364,0,0,0,1364
01/12/2007,DTW,MI,AGL,CE,Towers with Radar,778,537,43,0,1358,0,0,0,0,0,778,537,43,0,1358,0,0,0,1358
01/13/2007,DTW,MI,AGL,CE,Towers with Radar,656,445,24,0,1125,0,0,0,0,0,656,445,24,0,1125,0,0,0,1125
01/14/2007,DTW,MI,AGL,CE,Towers with Radar,662,432,10,0,1104,0,0,0,0,0,662,432,10,0,1104,0,0,0,1104
01/15/2007,DTW,MI,AGL,CE,Towers with Radar,724,462,22,0,1208,0,0,0,0,0,724,462,22,0,1208,0,0,0,1208
01/16/2007,DTW,MI,AGL,CE,Towers with Radar,772,534,31,0,1337,0,0,0,0,0,772,534,31,0,1337,0,0,0,1337
01/17/2007,DTW,MI,AGL,CE,Towers with Radar,750,544,35,0,1329,0,0,0,0,0,750,544,35,0,1329,0,0,0,1329
01/18/2007,DTW,MI,AGL,CE,Towers with Radar,731,514,31,1,1277,0,0,0,0,0,731,514,31,1,1277,0,0,0,1277
01/19/2007,DTW,MI,AGL,CE,Towers with Radar,774,522,37,0,1333,0,0,0,0,0,774,522,37,0,1333,0,0,0,1333
01/20/2007,DTW,MI,AGL,CE,Towers with Radar,639,459,10,0,1108,0,0,0,0,0,639,459,10,0,1108,0,0,0,1108
01/21/2007,DTW,MI,AGL,CE,Towers with Radar,645,416,27,0,1088,0,0,0,0,0,645,416,27,0,1088,0,0,0,1088
01/22/2007,DTW,MI,AGL,CE,Towers with Radar,780,540,48,0,1368,0,0,0,0,0,780,540,48,0,1368,0,0,0,1368
01/23/2007,DTW,MI,AGL,CE,Towers with Radar,756,518,30,0,1304,0,0,0,0,0,756,518,30,0,1304,0,0,0,1304
01/24/2007,DTW,MI,AGL,CE,Towers with Radar,771,520,43,0,1334,0,0,0,0,0,771,520,43,0,1334,0,0,0,1334
01/25/2007,DTW,MI,AGL,CE,Towers with Radar,759,527,41,2,1329,0,0,0,0,0,759,527,41,2,1329,7,0,7,1336
01/26/2007,DTW,MI,AGL,CE,Towers with Radar,768,530,31,0,1329,0,0,0,0,0,768,530,31,0,1329,0,0,0,1329
01/27/2007,DTW,MI,AGL,CE,Towers with Radar,666,437,17,0,1120,0,0,0,0,0,666,437,17,0,1120,0,0,0,1120
01/28/2007,DTW,MI,AGL,CE,Towers with Radar,0,0,0,0,0,687,466,13,0,1166,687,466,13,0,1166,0,0,0,1166
01/29/2007,DTW,MI,AGL,CE,Towers with Radar,751,515,26,0,1292,0,0,0,0,0,751,515,26,0,1292,0,0,0,1292
01/30/2007,DTW,MI,AGL,CE,Towers with Radar,762,522,29,0,1313,0,0,0,0,0,762,522,29,0,1313,0,0,0,1313
01/31/2007,DTW,MI,AGL,CE,Towers with Radar,776,542,34,0,1352,0,0,0,0,0,776,542,34,0,1352,0,0,0,1352
02/01/2007,DTW,MI,AGL,CE,Towers with Radar,761,511,22,0,1294,0,0,0,0,0,761,511,22,0,1294,0,0,0,1294
02/02/2007,DTW,MI,AGL,CE,Towers with Radar,786,578,32,0,1396,0,0,0,0,0,786,578,32,0,1396,0,0,0,1396
02/03/2007,DTW,MI,AGL,CE,Towers with Radar,0,0,0,0,0,658,438,7,0,1103,658,438,7,0,1103,0,0,0,1103
02/04/2007,DTW,MI,AGL,CE,Towers with Radar,685,449,21,0,1155,0,0,0,0,0,685,449,21,0,1155,0,0,0,1155
02/05/2007,DTW,MI,AGL,CE,Towers with Radar,751,497,46,0,1294,0,0,0,0,0,751,497,46,0,1294,0,0,0,1294
02/06/2007,DTW,MI,AGL,CE,Towers with Radar,751,517,52,0,1320,0,0,0,0,0,751,517,52,0,1320,0,0,0,1320
02/07/2007,DTW,MI,AGL,CE,Towers with Radar,779,551,43,0,1373,0,0,0,0,0,779,551,43,0,1373,0,0,0,1373
02/08/2007,DTW,MI,AGL,CE,Towers with Radar,770,543,26,0,1339,0,0,0,0,0,770,543,26,0,1339,0,0,0,1339
02/09/2007,DTW,MI,AGL,CE,Towers with Radar,807,542,24,0,1373,0,0,0,0,0,807,542,24,0,1373,0,0,0,1373
02/10/2007,DTW,MI,AGL,CE,Towers with Radar,683,448,8,0,1139,0,0,0,0,0,683,448,8,0,1139,0,0,0,1139
02/11/2007,DTW,MI,AGL,CE,Towers with Radar,691,478,17,0,1186,0,0,0,0,0,691,478,17,0,1186,0,0,0,1186
02/12/2007,DTW,MI,AGL,CE,Towers with Radar,769,538,22,0,1329,0,0,0,0,0,769,538,22,0,1329,0,0,0,1329
02/13/2007,DTW,MI,AGL,CE,Towers with Radar,649,444,41,0,1134,0,0,0,0,0,649,444,41,0,1134,0,0,0,1134
02/14/2007,DTW,MI,AGL,CE,Towers with Radar,700,428,37,0,1165,0,0,0,0,0,700,428,37,0,1165,0,0,0,1165
02/15/2007,DTW,MI,AGL,CE,Towers with Radar,799,477,49,0,1325,0,0,0,0,0,799,477,49,0,1325,0,0,0,1325
02/16/2007,DTW,MI,AGL,CE,Towers with Radar,837,508,31,0,1376,0,0,0,0,0,837,508,31,0,1376,0,0,0,1376
02/17/2007,DTW,MI,AGL,CE,Towers with Radar,740,451,9,0,1200,0,0,0,0,0,740,451,9,0,1200,0,0,0,1200
02/18/2007,DTW,MI,AGL,CE,Towers with Radar,748,459,18,0,1225,0,0,0,0,0,748,459,18,0,1225,0,0,0,1225
02/19/2007,DTW,MI,AGL,CE,Towers with Radar,825,522,24,0,1371,0,0,0,0,0,825,522,24,0,1371,0,0,0,1371
02/20/2007,DTW,MI,AGL,CE,Towers with Radar,815,518,38,0,1371,0,0,0,0,0,815,518,38,0,1371,0,0,0,1371
02/21/2007,DTW,MI,AGL,CE,Towers with Radar,711,326,25,0,1062,0,0,0,0,0,711,326,25,0,1062,0,0,0,1062
02/22/2007,DTW,MI,AGL,CE,Towers with Radar,824,524,33,3,1384,0,0,0,0,0,824,524,33,3,1384,0,0,0,1384
02/23/2007,DTW,MI,AGL,CE,Towers with Radar,841,527,29,0,1397,0,0,0,0,0,841,527,29,0,1397,0,0,0,1397
02/24/2007,DTW,MI,AGL,CE,Towers with Radar,700,433,12,0,1145,0,0,0,0,0,700,433,12,0,1145,0,0,0,1145
02/25/2007,DTW,MI,AGL,CE,Towers with Radar,0,0,0,0,0,600,363,14,0,977,600,363,14,0,977,3,0,3,980
02/26/2007,DTW,MI,AGL,CE,Towers with Radar,782,476,42,0,1300,0,0,0,0,0,782,476,42,0,1300,0,0,0,1300
02/27/2007,DTW,MI,AGL,CE,Towers with Radar,846,540,39,0,1425,0,0,0,0,0,846,540,39,0,1425,0,0,0,1425
02/28/2007,DTW,MI,AGL,CE,Towers with Radar,810,527,30,0,1367,0,0,0,0,0,810,527,30,0,1367,0,0,0,1367
03/01/2007,DTW,MI,AGL,CE,Towers with Radar,744,479,27,0,1250,0,0,0,0,0,744,479,27,0,1250,0,0,0,1250
03/02/2007,DTW,MI,AGL,CE,Towers with Radar,989,487,2,0,1478,0,0,0,0,0,989,487,2,0,1478,0,0,0,1478
03/03/2007,DTW,MI,AGL,CE,Towers with Radar,737,433,16,0,1186,0,0,0,0,0,737,433,16,0,1186,0,0,0,1186
03/04/2007,DTW,MI,AGL,CE,Towers with Radar,764,455,27,0,1246,0,0,0,0,0,764,455,27,0,1246,0,0,0,1246
03/05/2007,DTW,MI,AGL,CE,Towers with Radar,796,481,51,0,1328,0,0,0,0,0,796,481,51,0,1328,0,0,0,1328
03/06/2007,DTW,MI,AGL,CE,Towers with Radar,757,510,30,0,1297,0,0,0,0,0,757,510,30,0,1297,0,0,0,1297
03/07/2007,DTW,MI,AGL,CE,Towers with Radar,790,534,33,0,1357,0,0,0,0,0,790,534,33,0,1357,0,0,0,1357
03/08/2007,DTW,MI,AGL,CE,Towers with Radar,814,552,33,0,1399,0,0,0,0,0,814,552,33,0,1399,0,0,0,1399
03/09/2007,DTW,MI,AGL,CE,Towers with Radar,825,518,35,0,1378,0,0,0,0,0,825,518,35,0,1378,0,0,0,1378
03/10/2007,DTW,MI,AGL,CE,Towers with Radar,732,444,14,0,1190,0,0,0,0,0,732,444,14,0,1190,0,0,0,1190
03/11/2007,DTW,MI,AGL,CE,Towers with Radar,696,418,24,1,1139,0,0,0,0,0,696,418,24,1,1139,0,0,0,1139
03/12/2007,DTW,MI,AGL,CE,Towers with Radar,735,478,30,0,1243,0,0,0,1,1,735,478,30,1,1244,0,0,0,1244
03/13/2007,DTW,MI,AGL,CE,Towers with Radar,722,505,38,0,1265,0,0,0,0,0,722,505,38,0,1265,0,0,0,1265
03/14/2007,DTW,MI,AGL,CE,Towers with Radar,769,511,47,0,1327,0,0,0,0,0,769,511,47,0,1327,0,0,0,1327
03/15/2007,DTW,MI,AGL,CE,Towers with Radar,815,548,47,0,1410,0,0,0,0,0,815,548,47,0,1410,0,0,0,1410
03/16/2007,DTW,MI,AGL,CE,Towers with Radar,755,470,38,0,1263,0,7,0,0,7,755,477,38,0,1270,0,0,0,1270
03/17/2007,DTW,MI,AGL,CE,Towers with Radar,703,429,29,0,1161,0,0,0,0,0,703,429,29,0,1161,0,0,0,1161
03/18/2007,DTW,MI,AGL,CE,Towers with Radar,742,489,22,0,1253,0,0,0,0,0,742,489,22,0,1253,0,0,0,1253
03/19/2007,DTW,MI,AGL,CE,Towers with Radar,779,535,2,0,1316,0,0,24,0,24,779,535,26,0,1340,0,0,0,1340
03/20/2007,DTW,MI,AGL,CE,Towers with Radar,816,541,39,0,1396,0,0,0,0,0,816,541,39,0,1396,0,0,0,1396
03/21/2007,DTW,MI,AGL,CE,Towers with Radar,765,543,47,0,1355,0,0,0,0,0,765,543,47,0,1355,0,0,0,1355
03/22/2007,DTW,MI,AGL,CE,Towers with Radar,789,516,36,0,1341,0,0,0,0,0,789,516,36,0,1341,0,0,0,1341
03/23/2007,DTW,MI,AGL,CE,Towers with Radar,804,554,24,0,1382,0,0,0,0,0,804,554,24,0,1382,0,0,0,1382
03/24/2007,DTW,MI,AGL,CE,Towers with Radar,738,443,10,0,1191,0,0,0,0,0,738,443,10,0,1191,0,0,0,1191
03/25/2007,DTW,MI,AGL,CE,Towers with Radar,748,483,13,0,1244,0,0,0,0,0,748,483,13,0,1244,0,0,0,1244
03/26/2007,DTW,MI,AGL,CE,Towers with Radar,786,521,26,0,1333,0,0,0,0,0,786,521,26,0,1333,0,0,0,1333
03/27/2007,DTW,MI,AGL,CE,Towers with Radar,774,510,17,0,1301,0,0,0,0,0,774,510,17,0,1301,0,0,0,1301
03/28/2007,DTW,MI,AGL,CE,Towers with Radar,802,552,29,0,1383,0,0,0,0,0,802,552,29,0,1383,0,0,0,1383
03/29/2007,DTW,MI,AGL,CE,Towers with Radar,806,559,47,0,1412,0,0,0,0,0,806,559,47,0,1412,0,0,0,1412
03/30/2007,DTW,MI,AGL,CE,Towers with Radar,789,552,37,0,1378,0,0,0,0,0,789,552,37,0,1378,0,0,0,1378
03/31/2007,DTW,MI,AGL,CE,Towers with Radar,706,467,26,2,1201,0,0,0,0,0,706,467,26,2,1201,0,0,0,1201
04/01/2007,DTW,MI,AGL,CE,Towers with Radar,744,494,27,1,1266,0,0,0,0,0,744,494,27,1,1266,0,0,0,1266
04/02/2007,DTW,MI,AGL,CE,Towers with Radar,806,531,33,0,1370,0,0,0,0,0,806,531,33,0,1370,0,0,0,1370
04/03/2007,DTW,MI,AGL,CE,Towers with Radar,777,542,27,0,1346,0,0,0,0,0,777,542,27,0,1346,0,0,0,1346
04/04/2007,DTW,MI,AGL,CE,Towers with Radar,804,533,31,0,1368,0,0,0,0,0,804,533,31,0,1368,0,0,0,1368
04/05/2007,DTW,MI,AGL,CE,Towers with Radar,822,560,34,0,1416,0,0,0,0,0,822,560,34,0,1416,0,0,0,1416
04/06/2007,DTW,MI,AGL,CE,Towers with Radar,805,539,14,0,1358,0,0,0,0,0,805,539,14,0,1358,0,0,0,1358
04/07/2007,DTW,MI,AGL,CE,Towers with Radar,737,473,12,0,1222,0,0,0,0,0,737,473,12,0,1222,0,0,0,1222
04/08/2007,DTW,MI,AGL,CE,Towers with Radar,765,504,14,0,1283,0,0,0,0,0,765,504,14,0,1283,0,0,0,1283
04/09/2007,DTW,MI,AGL,CE,Towers with Radar,799,517,25,0,1341,0,0,0,0,0,799,517,25,0,1341,7,0,7,1348
04/10/2007,DTW,MI,AGL,CE,Towers with Radar,817,530,24,2,1373,0,0,0,0,0,817,530,24,2,1373,0,0,0,1373
04/11/2007,DTW,MI,AGL,CE,Towers with Radar,766,532,25,0,1323,0,0,0,0,0,766,532,25,0,1323,0,0,0,1323
04/12/2007,DTW,MI,AGL,CE,Towers with Radar,813,528,39,0,1380,0,0,0,0,0,813,528,39,0,1380,0,0,0,1380
04/13/2007,DTW,MI,AGL,CE,Towers with Radar,830,528,29,0,1387,0,0,0,0,0,830,528,29,0,1387,0,0,0,1387
04/14/2007,DTW,MI,AGL,CE,Towers with Radar,734,442,11,0,1187,0,0,0,0,0,734,442,11,0,1187,0,0,0,1187
04/15/2007,DTW,MI,AGL,CE,Towers with Radar,756,476,30,0,1262,0,0,0,0,0,756,476,30,0,1262,0,0,0,1262
04/16/2007,DTW,MI,AGL,CE,Towers with Radar,785,504,29,0,1318,0,0,0,0,0,785,504,29,0,1318,0,0,0,1318
04/17/2007,DTW,MI,AGL,CE,Towers with Radar,791,523,48,0,1362,0,0,0,0,0,791,523,48,0,1362,0,0,0,1362
04/18/2007,DTW,MI,AGL,CE,Towers with Radar,795,534,37,2,1368,0,0,0,0,0,795,534,37,2,1368,0,0,0,1368
04/19/2007,DTW,MI,AGL,CE,Towers with Radar,803,539,38,2,1382,0,0,0,0,0,803,539,38,2,1382,0,0,0,1382
04/20/2007,DTW,MI,AGL,CE,Towers with Radar,798,529,32,0,1359,0,0,0,0,0,798,529,32,0,1359,0,0,0,1359
04/21/2007,DTW,MI,AGL,CE,Towers with Radar,710,457,37,2,1206,0,0,0,0,0,710,457,37,2,1206,0,0,0,1206
04/22/2007,DTW,MI,AGL,CE,Towers with Radar,732,470,36,0,1238,0,0,0,0,0,732,470,36,0,1238,0,0,0,1238
04/23/2007,DTW,MI,AGL,CE,Towers with Radar,771,519,28,0,1318,0,0,0,0,0,771,519,28,0,1318,0,0,0,1318
04/24/2007,DTW,MI,AGL,CE,Towers with Radar,786,530,31,0,1347,0,0,0,0,0,786,530,31,0,1347,0,0,0,1347
04/25/2007,DTW,MI,AGL,CE,Towers with Radar,776,531,40,0,1347,0,0,0,0,0,776,531,40,0,1347,0,0,0,1347
04/26/2007,DTW,MI,AGL,CE,Towers with Radar,766,529,35,0,1330,0,0,0,0,0,766,529,35,0,1330,0,0,0,1330
04/27/2007,DTW,MI,AGL,CE,Towers with Radar,814,516,33,0,1363,0,0,0,0,0,814,516,33,0,1363,0,0,0,1363
04/28/2007,DTW,MI,AGL,CE,Towers with Radar,709,448,13,0,1170,0,0,0,0,0,709,448,13,0,1170,0,0,0,1170
04/29/2007,DTW,MI,AGL,CE,Towers with Radar,732,471,17,0,1220,0,0,0,0,0,732,471,17,0,1220,0,0,0,1220
04/30/2007,DTW,MI,AGL,CE,Towers with Radar,763,572,41,0,1376,0,0,0,0,0,763,572,41,0,1376,0,0,0,1376
05/01/2007,DTW,MI,AGL,CE,Towers with Radar,730,499,32,0,1261,0,0,0,0,0,730,499,32,0,1261,0,0,0,1261
05/02/2007,DTW,MI,AGL,CE,Towers with Radar,817,542,49,0,1408,0,0,0,0,0,817,542,49,0,1408,0,0,0,1408
05/03/2007,DTW,MI,AGL,CE,Towers with Radar,807,523,36,0,1366,0,0,0,0,0,807,523,36,0,1366,0,0,0,1366
05/04/2007,DTW,MI,AGL,CE,Towers with Radar,813,531,36,0,1380,0,0,0,0,0,813,531,36,0,1380,0,0,0,1380
05/05/2007,DTW,MI,AGL,CE,Towers with Radar,736,445,24,0,1205,0,0,0,0,0,736,445,24,0,1205,0,0,0,1205
05/06/2007,DTW,MI,AGL,CE,Towers with Radar,737,462,26,0,1225,0,0,0,0,0,737,462,26,0,1225,0,0,0,1225
05/07/2007,DTW,MI,AGL,CE,Towers with Radar,795,515,39,0,1349,0,0,0,0,0,795,515,39,0,1349,0,0,0,1349
05/08/2007,DTW,MI,AGL,CE,Towers with Radar,800,536,41,0,1377,0,0,0,0,0,800,536,41,0,1377,0,0,0,1377
05/09/2007,DTW,MI,AGL,CE,Towers with Radar,776,497,30,4,1307,0,0,0,0,0,776,497,30,4,1307,0,0,0,1307
05/10/2007,DTW,MI,AGL,CE,Towers with Radar,779,498,46,0,1323,0,0,0,0,0,779,498,46,0,1323,0,0,0,1323
05/11/2007,DTW,MI,AGL,CE,Towers with Radar,809,522,23,0,1354,0,0,0,0,0,809,522,23,0,1354,0,0,0,1354
05/12/2007,DTW,MI,AGL,CE,Towers with Radar,734,447,20,0,1201,0,0,0,0,0,734,447,20,0,1201,0,0,0,1201
05/13/2007,DTW,MI,AGL,CE,Towers with Radar,739,470,17,0,1226,0,0,0,0,0,739,470,17,0,1226,0,0,0,1226
05/14/2007,DTW,MI,AGL,CE,Towers with Radar,799,527,34,0,1360,0,0,0,0,0,799,527,34,0,1360,0,0,0,1360
05/15/2007,DTW,MI,AGL,CE,Towers with Radar,785,530,35,0,1350,0,0,0,0,0,785,530,35,0,1350,0,0,0,1350
05/16/2007,DTW,MI,AGL,CE,Towers with Radar,829,563,2,0,1394,0,0,44,0,44,829,563,46,0,1438,0,0,0,1438
05/17/2007,DTW,MI,AGL,CE,Towers with Radar,814,519,43,0,1376,0,0,0,0,0,814,519,43,0,1376,0,0,0,1376
05/18/2007,DTW,MI,AGL,CE,Towers with Radar,813,537,35,0,1385,0,0,0,0,0,813,537,35,0,1385,0,0,0,1385
05/19/2007,DTW,MI,AGL,CE,Towers with Radar,738,444,19,0,1201,0,0,0,0,0,738,444,19,0,1201,0,0,0,1201
05/20/2007,DTW,MI,AGL,CE,Towers with Radar,751,464,26,0,1241,0,0,0,0,0,751,464,26,0,1241,0,0,0,1241
05/21/2007,DTW,MI,AGL,CE,Towers with Radar,792,518,21,0,1331,0,0,0,0,0,792,518,21,0,1331,0,0,0,1331
05/22/2007,DTW,MI,AGL,CE,Towers with Radar,798,527,37,0,1362,0,0,0,0,0,798,527,37,0,1362,0,0,0,1362
05/23/2007,DTW,MI,AGL,CE,Towers with Radar,788,511,63,1,1363,0,0,0,0,0,788,511,63,1,1363,0,0,0,1363
05/24/2007,DTW,MI,AGL,CE,Towers with Radar,791,539,46,0,1376,0,0,0,0,0,791,539,46,0,1376,0,0,0,1376
05/25/2007,DTW,MI,AGL,CE,Towers with Radar,818,527,33,0,1378,0,0,0,0,0,818,527,33,0,1378,0,0,0,1378
05/26/2007,DTW,MI,AGL,CE,Towers with Radar,714,435,18,0,1167,0,0,0,0,0,714,435,18,0,1167,0,0,0,1167
05/27/2007,DTW,MI,AGL,CE,Towers with Radar,693,411,10,2,1116,0,0,0,0,0,693,411,10,2,1116,0,0,0,1116
05/28/2007,DTW,MI,AGL,CE,Towers with Radar,743,457,23,1,1224,0,0,0,0,0,743,457,23,1,1224,0,0,0,1224
05/29/2007,DTW,MI,AGL,CE,Towers with Radar,789,533,26,2,1350,0,0,0,0,0,789,533,26,2,1350,0,0,0,1350
05/30/2007,DTW,MI,AGL,CE,Towers with Radar,781,529,53,0,1363,0,0,0,0,0,781,529,53,0,1363,0,0,0,1363
05/31/2007,DTW,MI,AGL,CE,Towers with Radar,793,526,40,0,1359,0,0,0,0,0,793,526,40,0,1359,0,0,0,1359
06/01/2007,DTW,MI,AGL,CE,Towers with Radar,787,521,25,0,1333,0,0,0,0,0,787,521,25,0,1333,0,0,0,1333
06/02/2007,DTW,MI,AGL,CE,Towers with Radar,730,406,19,0,1155,0,0,0,0,0,730,406,19,0,1155,0,0,0,1155
06/03/2007,DTW,MI,AGL,CE,Towers with Radar,708,427,21,0,1156,0,0,0,0,0,708,427,21,0,1156,0,0,0,1156
06/04/2007,DTW,MI,AGL,CE,Towers with Radar,802,531,35,0,1368,0,0,0,0,0,802,531,35,0,1368,0,0,0,1368
06/05/2007,DTW,MI,AGL,CE,Towers with Radar,806,519,38,0,1363,0,0,0,0,0,806,519,38,0,1363,0,0,0,1363
06/06/2007,DTW,MI,AGL,CE,Towers with Radar,785,530,35,0,1350,0,0,0,0,0,785,530,35,0,1350,0,0,0,1350
06/07/2007,DTW,MI,AGL,CE,Towers with Radar,780,535,33,0,1348,0,0,0,0,0,780,535,33,0,1348,0,0,0,1348
06/08/2007,DTW,MI,AGL,CE,Towers with Radar,704,400,32,0,1136,0,0,0,0,0,704,400,32,0,1136,0,0,0,1136
06/09/2007,DTW,MI,AGL,CE,Towers with Radar,0,0,0,0,0,762,480,17,0,1259,762,480,17,0,1259,0,0,0,1259
06/10/2007,DTW,MI,AGL,CE,Towers with Radar,724,485,22,1,1232,0,0,0,0,0,724,485,22,1,1232,0,0,0,1232
06/11/2007,DTW,MI,AGL,CE,Towers with Radar,763,520,34,0,1317,0,0,0,0,0,763,520,34,0,1317,0,0,0,1317
06/12/2007,DTW,MI,AGL,CE,Towers with Radar,774,508,35,0,1317,0,0,0,0,0,774,508,35,0,1317,0,0,0,1317
06/13/2007,DTW,MI,AGL,CE,Towers with Radar,773,521,37,0,1331,0,0,0,0,0,773,521,37,0,1331,0,0,0,1331
06/14/2007,DTW,MI,AGL,CE,Towers with Radar,790,527,58,0,1375,0,0,0,0,0,790,527,58,0,1375,0,0,0,1375
06/15/2007,DTW,MI,AGL,CE,Towers with Radar,785,538,32,0,1355,0,0,0,0,0,785,538,32,0,1355,0,0,0,1355
06/16/2007,DTW,MI,AGL,CE,Towers with Radar,697,480,22,0,1199,0,0,0,0,0,697,480,22,0,1199,0,0,0,1199
06/17/2007,DTW,MI,AGL,CE,Towers with Radar,740,495,24,0,1259,0,0,0,0,0,740,495,24,0,1259,0,0,0,1259
06/18/2007,DTW,MI,AGL,CE,Towers with Radar,784,512,34,0,1330,0,0,0,0,0,784,512,34,0,1330,0,0,0,1330
06/19/2007,DTW,MI,AGL,CE,Towers with Radar,768,519,38,0,1325,0,0,0,0,0,768,519,38,0,1325,0,0,0,1325
06/20/2007,DTW,MI,AGL,CE,Towers with Radar,811,527,38,2,1378,0,0,0,0,0,811,527,38,2,1378,0,0,0,1378
06/21/2007,DTW,MI,AGL,CE,Towers with Radar,795,515,43,0,1353,0,0,0,0,0,795,515,43,0,1353,0,0,0,1353
06/22/2007,DTW,MI,AGL,CE,Towers with Radar,796,540,43,0,1379,0,0,0,0,0,796,540,43,0,1379,0,0,0,1379
06/23/2007,DTW,MI,AGL,CE,Towers with Radar,675,495,6,0,1176,0,0,0,0,0,675,495,6,0,1176,0,0,0,1176
06/24/2007,DTW,MI,AGL,CE,Towers with Radar,663,510,22,4,1199,0,0,0,0,0,663,510,22,4,1199,0,0,0,1199
06/25/2007,DTW,MI,AGL,CE,Towers with Radar,709,515,30,3,1257,0,0,0,0,0,709,515,30,3,1257,0,0,0,1257
06/26/2007,DTW,MI,AGL,CE,Towers with Radar,706,538,29,0,1273,0,0,0,0,0,706,538,29,0,1273,0,0,0,1273
06/27/2007,DTW,MI,AGL,CE,Towers with Radar,627,413,44,0,1084,0,0,0,0,0,627,413,44,0,1084,0,0,0,1084
06/28/2007,DTW,MI,AGL,CE,Towers with Radar,782,557,65,1,1405,0,0,0,0,0,782,557,65,1,1405,0,0,0,1405
06/29/2007,DTW,MI,AGL,CE,Towers with Radar,812,528,40,4,1384,0,0,0,0,0,812,528,40,4,1384,0,0,0,1384
06/30/2007,DTW,MI,AGL,CE,Towers with Radar,738,464,16,0,1218,0,0,0,0,0,738,464,16,0,1218,0,0,0,1218
07/01/2007,DTW,MI,AGL,CE,Towers with Radar,719,479,11,0,1209,0,0,0,0,0,719,479,11,0,1209,0,0,0,1209
07/02/2007,DTW,MI,AGL,CE,Towers with Radar,724,480,80,0,1284,0,0,0,0,0,724,480,80,0,1284,0,0,0,1284
07/03/2007,DTW,MI,AGL,CE,Towers with Radar,728,471,19,0,1218,0,0,0,0,0,728,471,19,0,1218,0,0,0,1218
07/04/2007,DTW,MI,AGL,CE,Towers with Radar,671,445,9,0,1125,0,0,0,0,0,671,445,9,0,1125,0,0,0,1125
07/05/2007,DTW,MI,AGL,CE,Towers with Radar,672,425,17,4,1118,0,0,0,0,0,672,425,17,4,1118,0,0,0,1118
07/06/2007,DTW,MI,AGL,CE,Towers with Radar,711,460,11,0,1182,0,0,0,0,0,711,460,11,0,1182,0,0,0,1182
07/07/2007,DTW,MI,AGL,CE,Towers with Radar,740,463,16,0,1219,0,0,0,0,0,740,463,16,0,1219,0,0,0,1219
07/08/2007,DTW,MI,AGL,CE,Towers with Radar,722,503,26,0,1251,0,0,0,0,0,722,503,26,0,1251,0,0,0,1251
07/09/2007,DTW,MI,AGL,CE,Towers with Radar,763,521,37,0,1321,0,0,0,0,0,763,521,37,0,1321,0,0,0,1321
07/10/2007,DTW,MI,AGL,CE,Towers with Radar,781,533,37,2,1353,0,0,0,0,0,781,533,37,2,1353,0,0,0,1353
07/11/2007,DTW,MI,AGL,CE,Towers with Radar,801,544,42,3,1390,0,0,0,0,0,801,544,42,3,1390,0,0,0,1390
07/12/2007,DTW,MI,AGL,CE,Towers with Radar,801,543,50,1,1395,0,0,0,0,0,801,543,50,1,1395,0,0,0,1395
07/13/2007,DTW,MI,AGL,CE,Towers with Radar,808,524,31,0,1363,0,0,0,0,0,808,524,31,0,1363,6,1,7,1370
07/14/2007,DTW,MI,AGL,CE,Towers with Radar,708,475,14,0,1197,0,0,0,0,0,708,475,14,0,1197,0,0,0,1197
07/15/2007,DTW,MI,AGL,CE,Towers with Radar,701,501,24,0,1226,0,0,0,0,0,701,501,24,0,1226,0,0,0,1226
07/16/2007,DTW,MI,AGL,CE,Towers with Radar,799,524,39,0,1362,0,0,0,0,0,799,524,39,0,1362,0,0,0,1362
07/17/2007,DTW,MI,AGL,CE,Towers with Radar,797,553,51,0,1401,0,0,0,0,0,797,553,51,0,1401,1,0,1,1402
07/18/2007,DTW,MI,AGL,CE,Towers with Radar,759,531,40,0,1330,0,0,0,0,0,759,531,40,0,1330,0,0,0,1330
07/19/2007,DTW,MI,AGL,CE,Towers with Radar,764,485,48,1,1298,0,0,0,0,0,764,485,48,1,1298,0,0,0,1298
07/20/2007,DTW,MI,AGL,CE,Towers with Radar,833,541,41,0,1415,0,0,0,0,0,833,541,41,0,1415,0,0,0,1415
07/21/2007,DTW,MI,AGL,CE,Towers with Radar,697,464,12,0,1173,0,0,0,0,0,697,464,12,0,1173,0,0,0,1173
07/22/2007,DTW,MI,AGL,CE,Towers with Radar,727,487,27,0,1241,0,0,0,0,0,727,487,27,0,1241,0,0,0,1241
07/23/2007,DTW,MI,AGL,CE,Towers with Radar,761,532,24,0,1317,0,0,0,0,0,761,532,24,0,1317,34,1,35,1352
07/24/2007,DTW,MI,AGL,CE,Towers with Radar,0,0,0,0,0,799,544,31,0,1374,799,544,31,0,1374,0,0,0,1374
07/25/2007,DTW,MI,AGL,CE,Towers with Radar,786,539,38,0,1363,0,0,0,0,0,786,539,38,0,1363,0,0,0,1363
07/26/2007,DTW,MI,AGL,CE,Towers with Radar,784,523,43,0,1350,0,0,0,0,0,784,523,43,0,1350,0,0,0,1350
07/27/2007,DTW,MI,AGL,CE,Towers with Radar,777,514,32,0,1323,0,0,0,0,0,777,514,32,0,1323,0,0,0,1323
07/28/2007,DTW,MI,AGL,CE,Towers with Radar,655,481,13,0,1149,0,0,0,0,0,655,481,13,0,1149,27,0,27,1176
07/29/2007,DTW,MI,AGL,CE,Towers with Radar,630,488,21,0,1139,0,0,0,0,0,630,488,21,0,1139,0,0,0,1139
07/30/2007,DTW,MI,AGL,CE,Towers with Radar,728,536,26,0,1290,0,0,0,0,0,728,536,26,0,1290,0,0,0,1290
07/31/2007,DTW,MI,AGL,CE,Towers with Radar,770,549,42,0,1361,0,0,0,0,0,770,549,42,0,1361,0,0,0,1361
08/01/2007,DTW,MI,AGL,CE,Towers with Radar,769,549,37,0,1355,0,0,0,0,0,769,549,37,0,1355,0,0,0,1355
08/02/2007,DTW,MI,AGL,CE,Towers with Radar,776,562,44,0,1382,0,0,0,0,0,776,562,44,0,1382,0,0,0,1382
08/03/2007,DTW,MI,AGL,CE,Towers with Radar,775,531,38,0,1344,0,0,0,0,0,775,531,38,0,1344,0,0,0,1344
08/04/2007,DTW,MI,AGL,CE,Towers with Radar,703,465,17,0,1185,0,0,0,0,0,703,465,17,0,1185,0,0,0,1185
08/05/2007,DTW,MI,AGL,CE,Towers with Radar,0,0,0,0,0,691,486,19,0,1196,691,486,19,0,1196,40,50,90,1286
08/06/2007,DTW,MI,AGL,CE,Towers with Radar,751,530,38,3,1322,0,0,0,0,0,751,530,38,3,1322,0,0,0,1322
08/07/2007,DTW,MI,AGL,CE,Towers with Radar,783,509,43,2,1337,0,0,0,0,0,783,509,43,2,1337,0,0,0,1337
08/08/2007,DTW,MI,AGL,CE,Towers with Radar,778,568,47,0,1393,0,0,0,0,0,778,568,47,0,1393,0,0,0,1393
08/09/2007,DTW,MI,AGL,CE,Towers with Radar,741,518,44,0,1303,0,0,0,0,0,741,518,44,0,1303,0,0,0,1303
08/10/2007,DTW,MI,AGL,CE,Towers with Radar,810,554,28,2,1394,0,0,0,0,0,810,554,28,2,1394,0,0,0,1394
08/11/2007,DTW,MI,AGL,CE,Towers with Radar,720,486,9,0,1215,0,0,0,0,0,720,486,9,0,1215,0,0,0,1215
08/12/2007,DTW,MI,AGL,CE,Towers with Radar,720,486,9,0,1215,0,0,0,0,0,720,486,9,0,1215,0,0,0,1215
08/13/2007,DTW,MI,AGL,CE,Towers with Radar,762,555,24,0,1341,0,0,0,0,0,762,555,24,0,1341,0,0,0,1341
08/14/2007,DTW,MI,AGL,CE,Towers with Radar,780,533,36,0,1349,0,0,0,0,0,780,533,36,0,1349,0,0,0,1349
08/15/2007,DTW,MI,AGL,CE,Towers with Radar,766,546,32,0,1344,0,0,0,0,0,766,546,32,0,1344,0,0,0,1344
08/16/2007,DTW,MI,AGL,CE,Towers with Radar,781,544,32,0,1357,0,0,0,0,0,781,544,32,0,1357,0,0,0,1357
08/17/2007,DTW,MI,AGL,CE,Towers with Radar,790,536,34,0,1360,0,0,0,0,0,790,536,34,0,1360,0,0,0,1360
08/18/2007,DTW,MI,AGL,CE,Towers with Radar,716,465,9,2,1192,0,0,0,0,0,716,465,9,2,1192,0,0,0,1192
08/19/2007,DTW,MI,AGL,CE,Towers with Radar,707,476,10,2,1195,0,0,0,0,0,707,476,10,2,1195,0,0,0,1195
08/20/2007,DTW,MI,AGL,CE,Towers with Radar,748,499,41,0,1288,0,0,0,0,0,748,499,41,0,1288,0,0,0,1288
08/21/2007,DTW,MI,AGL,CE,Towers with Radar,792,551,36,0,1379,0,0,0,0,0,792,551,36,0,1379,0,0,0,1379
08/22/2007,DTW,MI,AGL,CE,Towers with Radar,782,548,45,0,1375,0,0,0,0,0,782,548,45,0,1375,0,0,0,1375
08/23/2007,DTW,MI,AGL,CE,Towers with Radar,779,553,39,0,1371,0,0,0,0,0,779,553,39,0,1371,0,0,0,1371
08/24/2007,DTW,MI,AGL,CE,Towers with Radar,751,518,29,0,1298,0,0,0,0,0,751,518,29,0,1298,0,0,0,1298
08/25/2007,DTW,MI,AGL,CE,Towers with Radar,685,467,16,2,1170,0,0,0,0,0,685,467,16,2,1170,6,0,6,1176
08/26/2007,DTW,MI,AGL,CE,Towers with Radar,779,553,38,0,1370,0,0,0,0,0,779,553,38,0,1370,0,0,0,1370
08/27/2007,DTW,MI,AGL,CE,Towers with Radar,770,530,33,0,1333,0,0,0,0,0,770,530,33,0,1333,0,0,0,1333
08/28/2007,DTW,MI,AGL,CE,Towers with Radar,767,553,22,0,1342,0,0,0,0,0,767,553,22,0,1342,0,0,0,1342
08/29/2007,DTW,MI,AGL,CE,Towers with Radar,743,540,29,0,1312,0,0,0,0,0,743,540,29,0,1312,0,0,0,1312
08/30/2007,DTW,MI,AGL,CE,Towers with Radar,799,573,37,0,1409,0,0,0,0,0,799,573,37,0,1409,0,0,0,1409
08/31/2007,DTW,MI,AGL,CE,Towers with Radar,792,545,27,0,1364,0,0,0,0,0,792,545,27,0,1364,0,0,0,1364
09/01/2007,DTW,MI,AGL,CE,Towers with Radar,641,433,12,0,1086,0,0,0,0,0,641,433,12,0,1086,0,0,0,1086
09/02/2007,DTW,MI,AGL,CE,Towers with Radar,644,464,9,0,1117,0,0,0,0,0,644,464,9,0,1117,0,0,0,1117
09/03/2007,DTW,MI,AGL,CE,Towers with Radar,735,501,13,0,1249,0,0,0,0,0,735,501,13,0,1249,0,0,0,1249
09/04/2007,DTW,MI,AGL,CE,Towers with Radar,764,538,29,0,1331,0,0,0,0,0,764,538,29,0,1331,0,0,0,1331
09/05/2007,DTW,MI,AGL,CE,Towers with Radar,738,548,54,0,1340,0,0,0,0,0,738,548,54,0,1340,0,0,0,1340
09/06/2007,DTW,MI,AGL,CE,Towers with Radar,762,553,43,0,1358,0,0,0,0,0,762,553,43,0,1358,0,0,0,1358
09/07/2007,DTW,MI,AGL,CE,Towers with Radar,748,529,40,2,1319,0,0,0,0,0,748,529,40,2,1319,1,0,1,1320
09/08/2007,DTW,MI,AGL,CE,Towers with Radar,654,452,8,0,1114,0,0,0,0,0,654,452,8,0,1114,0,0,0,1114
09/09/2007,DTW,MI,AGL,CE,Towers with Radar,696,486,17,0,1199,0,0,0,0,0,696,486,17,0,1199,0,0,0,1199
09/10/2007,DTW,MI,AGL,CE,Towers with Radar,724,534,28,0,1286,0,0,0,0,0,724,534,28,0,1286,0,0,0,1286
09/11/2007,DTW,MI,AGL,CE,Towers with Radar,760,550,50,0,1360,0,0,0,0,0,760,550,50,0,1360,0,0,0,1360
09/12/2007,DTW,MI,AGL,CE,Towers with Radar,752,558,54,0,1364,0,0,0,0,0,752,558,54,0,1364,0,0,0,1364
09/13/2007,DTW,MI,AGL,CE,Towers with Radar,747,566,44,0,1357,0,0,0,0,0,747,566,44,0,1357,0,0,0,1357
09/14/2007,DTW,MI,AGL,CE,Towers with Radar,761,538,34,0,1333,0,0,0,0,0,761,538,34,0,1333,0,0,0,1333
09/15/2007,DTW,MI,AGL,CE,Towers with Radar,634,451,12,0,1097,0,0,0,0,0,634,451,12,0,1097,0,0,0,1097
09/16/2007,DTW,MI,AGL,CE,Towers with Radar,670,497,32,0,1199,0,0,0,0,0,670,497,32,0,1199,0,0,0,1199
09/17/2007,DTW,MI,AGL,CE,Towers with Radar,726,533,35,0,1294,0,0,0,0,0,726,533,35,0,1294,0,0,0,1294
09/18/2007,DTW,MI,AGL,CE,Towers with Radar,753,550,34,0,1337,0,0,0,0,0,753,550,34,0,1337,0,0,0,1337
09/19/2007,DTW,MI,AGL,CE,Towers with Radar,743,549,30,0,1322,0,0,0,0,0,743,549,30,0,1322,0,0,0,1322
09/20/2007,DTW,MI,AGL,CE,Towers with Radar,748,566,53,0,1367,0,0,0,0,0,748,566,53,0,1367,0,0,0,1367
09/21/2007,DTW,MI,AGL,CE,Towers with Radar,751,541,40,0,1332,0,0,0,0,0,751,541,40,0,1332,0,0,0,1332
09/22/2007,DTW,MI,AGL,CE,Towers with Radar,632,462,16,0,1110,0,0,0,0,0,632,462,16,0,1110,0,0,0,1110
09/23/2007,DTW,MI,AGL,CE,Towers with Radar,688,479,25,1,1193,0,0,0,0,0,688,479,25,1,1193,4,0,4,1197
09/24/2007,DTW,MI,AGL,CE,Towers with Radar,736,545,23,0,1304,0,0,0,0,0,736,545,23,0,1304,0,0,0,1304
09/25/2007,DTW,MI,AGL,CE,Towers with Radar,715,539,26,0,1280,0,0,0,0,0,715,539,26,0,1280,0,0,0,1280
09/26/2007,DTW,MI,AGL,CE,Towers with Radar,748,553,44,0,1345,0,0,0,0,0,748,553,44,0,1345,0,0,0,1345
09/27/2007,DTW,MI,AGL,CE,Towers with Radar,742,575,63,0,1380,0,0,0,0,0,742,575,63,0,1380,0,0,0,1380
09/28/2007,DTW,MI,AGL,CE,Towers with Radar,780,549,38,0,1367,0,0,0,0,0,780,549,38,0,1367,0,0,0,1367
09/29/2007,DTW,MI,AGL,CE,Towers with Radar,622,449,11,0,1082,0,0,0,0,0,622,449,11,0,1082,0,0,0,1082
09/30/2007,DTW,MI,AGL,CE,Towers with Radar,676,473,16,0,1165,0,0,0,0,0,676,473,16,0,1165,0,0,0,1165
10/01/2007,DTW,MI,AGL,CE,Towers with Radar,0,0,0,0,0,745,527,40,0,1312,745,527,40,0,1312,0,0,0,1315
10/02/2007,DTW,MI,AGL,CE,Towers with Radar,765,572,52,0,1389,0,0,0,0,0,765,574,52,0,1391,0,0,0,1395
10/03/2007,DTW,MI,AGL,CE,Towers with Radar,747,564,29,0,1340,0,0,0,0,0,747,567,29,0,1343,0,0,0,1355
10/04/2007,DTW,MI,AGL,CE,Towers with Radar,764,554,35,0,1353,0,0,0,0,0,764,560,35,0,1359,0,0,0,1400
10/05/2007,DTW,MI,AGL,CE,Towers with Radar,768,547,32,0,1347,0,0,0,0,0,768,550,32,0,1350,0,0,0,1361
10/06/2007,DTW,MI,AGL,CE,Towers with Radar,640,441,13,0,1094,0,0,0,0,0,640,442,13,0,1095,0,0,0,1104
10/07/2007,DTW,MI,AGL,CE,Towers with Radar,672,486,16,0,1174,0,0,0,0,0,672,486,16,0,1174,0,0,0,1182
10/08/2007,DTW,MI,AGL,CE,Towers with Radar,741,527,30,0,1298,0,0,0,0,0,741,528,30,0,1299,0,0,0,1305
10/09/2007,DTW,MI,AGL,CE,Towers with Radar,735,544,41,0,1320,0,0,0,0,0,735,551,41,0,1327,0,0,0,1348
10/10/2007,DTW,MI,AGL,CE,Towers with Radar,761,567,50,0,1378,0,0,0,0,0,761,569,50,0,1380,0,0,0,1387
10/11/2007,DTW,MI,AGL,CE,Towers with Radar,757,571,46,0,1374,0,0,0,0,0,757,571,46,0,1374,0,0,0,1374
10/12/2007,DTW,MI,AGL,CE,Towers with Radar,773,565,1,0,1339,0,0,26,1,27,773,570,27,1,1371,0,0,0,1394
10/13/2007,DTW,MI,AGL,CE,Towers with Radar,631,445,12,0,1088,0,0,0,0,0,631,456,12,0,1099,0,0,0,1127
10/14/2007,DTW,MI,AGL,CE,Towers with Radar,0,1,6,0,7,682,476,26,0,1184,682,477,32,0,1191,2,0,2,1193
10/15/2007,DTW,MI,AGL,CE,Towers with Radar,740,548,21,0,1309,0,0,0,0,0,740,549,21,0,1310,0,0,0,1326
10/16/2007,DTW,MI,AGL,CE,Towers with Radar,756,560,32,0,1348,0,0,0,0,0,756,560,32,0,1348,0,0,0,1351
10/17/2007,DTW,MI,AGL,CE,Towers with Radar,750,574,59,2,1385,0,0,5,0,5,750,575,64,2,1391,0,0,0,1402
10/18/2007,DTW,MI,AGL,CE,Towers with Radar,732,558,24,0,1314,0,0,0,0,0,732,558,24,0,1314,0,0,0,1319
10/19/2007,DTW,MI,AGL,CE,Towers with Radar,772,547,27,1,1347,0,0,0,0,0,772,549,27,1,1349,0,0,0,1353
10/20/2007,DTW,MI,AGL,CE,Towers with Radar,0,0,0,0,0,641,451,9,0,1101,641,452,9,0,1102,0,0,0,1125
10/21/2007,DTW,MI,AGL,CE,Towers with Radar,683,477,25,1,1186,0,0,0,0,0,683,477,25,1,1186,0,0,0,1186
10/22/2007,DTW,MI,AGL,CE,Towers with Radar,740,539,29,2,1310,0,0,4,0,4,740,541,33,2,1316,0,0,0,1328
10/23/2007,DTW,MI,AGL,CE,Towers with Radar,758,568,49,0,1375,0,0,0,0,0,761,569,49,0,1379,0,0,0,1391
10/24/2007,DTW,MI,AGL,CE,Towers with Radar,749,559,39,0,1347,0,0,0,0,0,749,560,39,0,1348,0,0,0,1363
10/25/2007,DTW,MI,AGL,CE,Towers with Radar,765,568,46,2,1381,0,0,0,0,0,765,568,46,2,1381,0,0,0,1406
10/26/2007,DTW,MI,AGL,CE,Towers with Radar,755,549,48,1,1353,0,0,0,0,0,755,554,48,1,1358,0,0,0,1358
10/27/2007,DTW,MI,AGL,CE,Towers with Radar,638,454,14,0,1106,0,0,0,0,0,638,454,14,0,1106,2,0,2,1118
10/28/2007,DTW,MI,AGL,CE,Towers with Radar,674,483,20,0,1177,0,0,0,0,0,677,504,20,0,1201,0,0,0,1220
10/29/2007,DTW,MI,AGL,CE,Towers with Radar,753,558,36,1,1348,0,0,0,0,0,753,558,36,1,1348,20,3,23,1396
10/30/2007,DTW,MI,AGL,CE,Towers with Radar,754,555,28,1,1338,0,0,0,0,0,754,555,28,1,1338,0,0,0,1362
10/31/2007,DTW,MI,AGL,CE,Towers with Radar,748,564,37,0,1349,0,0,0,0,0,748,566,37,0,1351,0,0,0,1359
11/01/2007,DTW,MI,AGL,CE,Towers with Radar,764,562,38,1,1365,0,0,0,0,0,764,562,38,1,1365,0,0,0,1376
11/02/2007,DTW,MI,AGL,CE,Towers with Radar,763,559,32,0,1354,0,0,0,0,0,763,563,32,0,1358,0,0,0,1388
11/03/2007,DTW,MI,AGL,CE,Towers with Radar,623,444,11,0,1078,0,0,0,0,0,623,444,11,0,1078,0,0,0,1104
11/04/2007,DTW,MI,AGL,CE,Towers with Radar,688,480,20,0,1188,0,0,0,0,0,688,481,20,0,1189,0,0,0,1207
11/05/2007,DTW,MI,AGL,CE,Towers with Radar,738,539,21,0,1298,0,0,0,0,0,739,552,21,0,1312,24,0,24,1349
11/06/2007,DTW,MI,AGL,CE,Towers with Radar,769,531,41,0,1341,0,0,0,0,0,769,531,41,0,1341,0,0,0,1341
11/07/2007,DTW,MI,AGL,CE,Towers with Radar,9,9,9,0,27,0,0,0,4,4,9,9,9,4,31,280,2,282,313
11/08/2007,DTW,MI,AGL,CE,Towers with Radar,766,541,41,0,1348,0,0,0,0,0,766,541,41,0,1348,0,0,0,1357
11/09/2007,DTW,MI,AGL,CE,Towers with Radar,767,548,45,0,1360,0,0,0,0,0,767,550,45,0,1362,0,0,0,1370
11/10/2007,DTW,MI,AGL,CE,Towers with Radar,670,439,10,0,1119,0,0,0,0,0,670,448,10,0,1128,0,0,0,1129
11/11/2007,DTW,MI,AGL,CE,Towers with Radar,0,0,0,0,0,683,472,17,0,1172,686,480,17,0,1183,0,0,0,1183
11/12/2007,DTW,MI,AGL,CE,Towers with Radar,761,531,34,0,1326,0,0,0,0,0,761,531,34,0,1326,0,0,0,1328
11/13/2007,DTW,MI,AGL,CE,Towers with Radar,769,546,42,0,1357,0,0,0,0,0,769,550,42,0,1361,0,0,0,1375
11/14/2007,DTW,MI,AGL,CE,Towers with Radar,759,535,45,1,1340,0,0,0,0,0,759,537,45,1,1342,0,0,0,1351
11/15/2007,DTW,MI,AGL,CE,Towers with Radar,762,546,33,1,1342,0,0,0,0,0,762,546,33,1,1342,0,0,0,1345
11/16/2007,DTW,MI,AGL,CE,Towers with Radar,756,547,39,0,1342,0,0,0,0,0,756,549,39,0,1344,0,0,0,1359
11/17/2007,DTW,MI,AGL,CE,Towers with Radar,654,456,13,0,1123,0,0,0,0,0,654,456,13,0,1123,0,0,0,1125
11/18/2007,DTW,MI,AGL,CE,Towers with Radar,687,486,9,0,1182,0,0,0,0,0,687,486,9,0,1182,0,0,0,1199
11/19/2007,DTW,MI,AGL,CE,Towers with Radar,729,550,39,0,1318,0,10,6,0,16,729,560,45,0,1334,0,0,0,1344
11/20/2007,DTW,MI,AGL,CE,Towers with Radar,753,547,57,0,1357,0,0,0,0,0,753,547,57,0,1357,0,0,0,1358
11/21/2007,DTW,MI,AGL,CE,Towers with Radar,784,540,18,0,1342,0,0,0,0,0,784,540,18,0,1342,0,0,0,1342
11/22/2007,DTW,MI,AGL,CE,Towers with Radar,583,354,6,0,943,0,0,0,0,0,583,354,6,0,943,0,0,0,946
11/23/2007,DTW,MI,AGL,CE,Towers with Radar,580,391,6,0,977,0,0,0,0,0,580,397,6,0,983,0,0,0,987
11/24/2007,DTW,MI,AGL,CE,Towers with Radar,648,441,8,0,1097,0,0,0,0,0,648,442,8,0,1098,0,0,0,1104
11/25/2007,DTW,MI,AGL,CE,Towers with Radar,677,491,23,0,1191,0,6,1,0,7,677,497,24,0,1198,0,0,0,1198
11/26/2007,DTW,MI,AGL,CE,Towers with Radar,746,521,29,0,1296,0,0,0,0,0,746,521,29,0,1296,0,0,0,1296
11/27/2007,DTW,MI,AGL,CE,Towers with Radar,785,561,25,0,1371,0,0,0,0,0,785,563,25,0,1373,0,0,0,1382
11/28/2007,DTW,MI,AGL,CE,Towers with Radar,758,550,32,0,1340,0,0,0,0,0,758,550,32,0,1340,0,0,0,1353
11/29/2007,DTW,MI,AGL,CE,Towers with Radar,750,542,28,0,1320,0,0,0,0,0,750,543,28,0,1321,0,0,0,1329
11/30/2007,DTW,MI,AGL,CE,Towers with Radar,754,562,41,0,1357,0,0,0,0,0,754,565,41,0,1360,0,0,0,1367
12/01/2007,DTW,MI,AGL,CE,Towers with Radar,559,365,20,0,944,0,0,0,0,0,559,365,20,0,944,0,0,0,944
12/02/2007,DTW,MI,AGL,CE,Towers with Radar,620,429,17,0,1066,0,0,0,0,0,620,429,17,0,1066,0,0,0,1066
12/03/2007,DTW,MI,AGL,CE,Towers with Radar,720,527,49,0,1296,0,0,2,0,2,724,535,51,0,1310,0,0,0,1313
12/04/2007,DTW,MI,AGL,CE,Towers with Radar,713,554,47,0,1314,0,0,0,0,0,713,554,47,0,1314,0,0,0,1317
12/05/2007,DTW,MI,AGL,CE,Towers with Radar,699,533,39,0,1271,0,0,0,0,0,699,534,39,0,1272,0,0,0,1274
12/06/2007,DTW,MI,AGL,CE,Towers with Radar,733,579,39,0,1351,0,0,0,0,0,733,579,39,0,1351,0,0,0,1364
12/07/2007,DTW,MI,AGL,CE,Towers with Radar,721,551,40,0,1312,0,0,0,0,0,721,551,40,0,1312,0,0,0,1315
12/08/2007,DTW,MI,AGL,CE,Towers with Radar,537,358,15,0,910,0,0,0,0,0,544,367,15,0,926,0,0,0,930
12/09/2007,DTW,MI,AGL,CE,Towers with Radar,537,358,15,0,910,0,0,0,0,0,544,367,15,0,926,0,0,0,930
12/10/2007,DTW,MI,AGL,CE,Towers with Radar,743,551,42,1,1337,0,0,2,0,2,743,551,44,1,1339,0,0,0,1341
12/11/2007,DTW,MI,AGL,CE,Towers with Radar,699,522,25,0,1246,0,0,2,0,2,699,522,27,0,1248,0,0,0,1248
12/12/2007,DTW,MI,AGL,CE,Towers with Radar,728,590,51,1,1370,0,0,3,0,3,728,590,54,1,1373,0,0,0,1373
12/13/2007,DTW,MI,AGL,CE,Towers with Radar,699,524,41,0,1264,0,0,0,0,0,699,525,41,0,1265,0,0,0,1267
12/14/2007,DTW,MI,AGL,CE,Towers with Radar,751,559,33,0,1343,0,0,1,0,1,751,559,34,0,1344,0,0,0,1344
12/15/2007,DTW,MI,AGL,CE,Towers with Radar,568,384,5,0,957,0,0,2,0,2,568,384,7,0,959,0,0,0,959
12/16/2007,DTW,MI,AGL,CE,Towers with Radar,481,143,5,0,629,0,0,4,0,4,481,143,9,0,633,0,0,0,635
12/17/2007,DTW,MI,AGL,CE,Towers with Radar,751,529,35,0,1315,0,0,3,0,3,762,548,38,0,1348,0,0,0,1374
12/18/2007,DTW,MI,AGL,CE,Towers with Radar,751,577,34,0,1362,0,0,3,0,3,751,577,37,0,1365,0,0,0,1365
12/19/2007,DTW,MI,AGL,CE,Towers with Radar,729,587,45,0,1361,0,0,5,1,6,729,587,50,1,1367,0,0,0,1368
12/20/2007,DTW,MI,AGL,CE,Towers with Radar,778,589,44,0,1411,0,0,0,0,0,778,589,44,0,1411,0,0,0,1423
12/21/2007,DTW,MI,AGL,CE,Towers with Radar,766,550,31,0,1347,0,0,0,0,0,767,551,31,0,1349,0,0,0,1357
12/22/2007,DTW,MI,AGL,CE,Towers with Radar,696,518,13,0,1227,3,0,1,0,4,699,518,14,0,1231,0,0,0,1231
12/23/2007,DTW,MI,AGL,CE,Towers with Radar,658,489,20,0,1167,0,0,2,0,2,658,489,22,0,1169,0,0,0,1169
12/24/2007,DTW,MI,AGL,CE,Towers with Radar,683,519,8,0,1210,0,0,0,0,0,683,519,8,0,1210,0,0,0,1212
12/25/2007,DTW,MI,AGL,CE,Towers with Radar,607,505,8,0,1120,0,0,0,0,0,607,505,8,0,1120,0,0,0,1124
12/26/2007,DTW,MI,AGL,CE,Towers with Radar,713,346,19,0,1078,0,0,0,0,0,713,348,19,0,1080,0,0,0,1099
12/27/2007,DTW,MI,AGL,CE,Towers with Radar,768,555,0,0,1323,0,0,20,0,20,768,556,20,0,1344,0,0,0,1348
12/28/2007,DTW,MI,AGL,CE,Towers with Radar,742,584,8,0,1334,0,0,2,0,2,742,591,10,0,1343,0,0,0,1344
12/29/2007,DTW,MI,AGL,CE,Towers with Radar,728,554,6,1,1289,0,0,0,0,0,728,554,6,1,1289,0,0,0,1289
12/30/2007,DTW,MI,AGL,CE,Towers with Radar,680,520,12,0,1212,0,0,0,0,0,680,522,12,0,1214,0,0,0,1216
12/31/2007,DTW,MI,AGL,CE,Towers with Radar,733,552,2,0,1287,0,0,0,0,0,733,552,2,0,1287,0,0,0,1287
01/01/2008,DTW,MI,AGL,CE,Towers with Radar,688,468,11,0,1167,0,0,0,0,0,688,468,11,0,1167,0,0,0,1167
01/02/2008,DTW,MI,AGL,CE,Towers with Radar,762,542,23,0,1327,0,0,1,0,1,762,542,24,0,1328,0,0,0,1328
01/03/2008,DTW,MI,AGL,CE,Towers with Radar,768,571,8,0,1347,1,0,6,2,9,769,571,14,2,1356,0,0,0,1357
01/04/2008,DTW,MI,AGL,CE,Towers with Radar,768,583,22,0,1373,0,0,0,0,0,768,588,22,0,1378,0,0,0,1386
01/05/2008,DTW,MI,AGL,CE,Towers with Radar,684,525,13,0,1222,0,0,0,0,0,684,525,13,0,1222,0,0,0,1223
01/06/2008,DTW,MI,AGL,CE,Towers with Radar,670,467,27,0,1164,0,0,0,0,0,670,467,27,0,1164,0,0,0,1164
01/07/2008,DTW,MI,AGL,CE,Towers with Radar,696,565,38,0,1299,0,0,0,0,0,696,565,38,0,1299,0,0,0,1299
01/08/2008,DTW,MI,AGL,CE,Towers with Radar,680,566,18,0,1264,0,0,0,0,0,680,566,18,0,1264,0,0,0,1265
01/09/2008,DTW,MI,AGL,CE,Towers with Radar,703,578,26,0,1307,0,0,0,0,0,703,578,26,0,1307,0,0,0,1316
01/10/2008,DTW,MI,AGL,CE,Towers with Radar,696,579,25,0,1300,0,0,0,0,0,696,579,25,0,1300,0,0,0,1313
01/11/2008,DTW,MI,AGL,CE,Towers with Radar,705,559,30,0,1294,0,0,0,0,0,705,562,30,0,1297,0,0,0,1303
01/12/2008,DTW,MI,AGL,CE,Towers with Radar,608,489,17,0,1114,0,0,0,0,0,608,492,17,0,1117,0,0,0,1125
01/13/2008,DTW,MI,AGL,CE,Towers with Radar,615,518,23,0,1156,0,0,0,0,0,615,518,23,0,1156,0,0,0,1176
01/14/2008,DTW,MI,AGL,CE,Towers with Radar,658,555,39,0,1252,0,0,0,0,0,658,557,39,0,1254,0,0,0,1257
01/15/2008,DTW,MI,AGL,CE,Towers with Radar,704,612,30,1,1347,0,0,0,0,0,704,612,30,1,1347,0,0,0,1352
01/16/2008,DTW,MI,AGL,CE,Towers with Radar,700,593,57,1,1351,0,0,4,0,4,700,593,61,1,1355,0,0,0,1356
01/17/2008,DTW,MI,AGL,CE,Towers with Radar,677,561,47,0,1285,0,0,0,0,0,677,561,47,0,1285,0,0,0,1287
01/18/2008,DTW,MI,AGL,CE,Towers with Radar,731,594,39,0,1364,0,0,0,0,0,731,594,39,0,1364,0,0,0,1364
01/19/2008,DTW,MI,AGL,CE,Towers with Radar,597,469,24,0,1090,0,0,0,0,0,597,469,24,0,1090,0,0,0,1094
01/20/2008,DTW,MI,AGL,CE,Towers with Radar,642,502,8,0,1152,0,0,0,0,0,642,502,8,0,1152,0,0,0,1152
01/21/2008,DTW,MI,AGL,CE,Towers with Radar,678,569,20,0,1267,0,0,0,0,0,678,569,20,0,1267,0,0,0,1272
01/22/2008,DTW,MI,AGL,CE,Towers with Radar,672,547,40,0,1259,0,0,0,0,0,672,548,40,0,1260,0,0,0,1264
01/23/2008,DTW,MI,AGL,CE,Towers with Radar,682,555,28,1,1266,0,0,3,0,3,682,555,31,1,1269,0,0,0,1269
01/24/2008,DTW,MI,AGL,CE,Towers with Radar,735,601,40,1,1377,0,0,0,0,0,735,606,40,1,1382,0,0,0,1385
01/25/2008,DTW,MI,AGL,CE,Towers with Radar,706,590,33,2,1331,0,0,2,0,2,706,590,35,2,1333,0,0,0,1333
01/26/2008,DTW,MI,AGL,CE,Towers with Radar,600,463,19,2,1084,0,0,0,0,0,600,463,19,2,1084,0,0,0,1085
01/27/2008,DTW,MI,AGL,CE,Towers with Radar,647,511,15,0,1173,0,0,0,0,0,647,511,15,0,1173,0,0,0,1173
01/28/2008,DTW,MI,AGL,CE,Towers with Radar,680,568,28,2,1278,0,0,2,0,2,680,568,30,2,1280,0,0,0,1280
01/29/2008,DTW,MI,AGL,CE,Towers with Radar,678,552,35,0,1265,0,0,0,0,0,678,552,35,0,1265,0,0,0,1266
01/30/2008,DTW,MI,AGL,CE,Towers with Radar,687,558,32,0,1277,0,0,0,0,0,687,559,32,0,1278,0,0,0,1280
01/31/2008,DTW,MI,AGL,CE,Towers with Radar,681,559,34,0,1274,0,0,4,0,4,681,559,38,0,1278,0,0,0,1278
02/01/2008,DTW,MI,AGL,CE,Towers with Radar,667,519,28,1,1215,0,0,0,0,0,667,519,28,1,1215,0,0,0,1215
02/02/2008,DTW,MI,AGL,CE,Towers with Radar,627,487,19,0,1133,0,1,3,0,4,627,488,22,0,1137,0,0,0,1137
02/03/2008,DTW,MI,AGL,CE,Towers with Radar,612,506,14,0,1132,0,0,0,0,0,612,506,14,0,1132,0,0,0,1134
02/04/2008,DTW,MI,AGL,CE,Towers with Radar,635,491,39,0,1165,0,0,0,0,0,635,491,39,0,1165,0,0,0,1165
02/05/2008,DTW,MI,AGL,CE,Towers with Radar,667,519,35,0,1221,0,0,0,0,0,667,519,35,0,1221,0,0,0,1221
02/06/2008,DTW,MI,AGL,CE,Towers with Radar,621,470,28,0,1119,0,0,0,0,0,621,470,28,0,1119,0,0,0,1120
02/07/2008,DTW,MI,AGL,CE,Towers with Radar,722,564,25,0,1311,0,0,0,0,0,722,564,25,0,1311,0,0,0,1312
02/08/2008,DTW,MI,AGL,CE,Towers with Radar,709,573,35,1,1318,0,0,0,0,0,709,573,35,1,1318,0,0,0,1318
02/09/2008,DTW,MI,AGL,CE,Towers with Radar,601,489,13,2,1105,0,0,0,0,0,601,489,13,2,1105,0,0,0,1105
02/10/2008,DTW,MI,AGL,CE,Towers with Radar,587,445,15,0,1047,0,0,0,0,0,587,445,15,0,1047,0,0,0,1054
02/11/2008,DTW,MI,AGL,CE,Towers with Radar,709,567,37,0,1313,0,0,5,0,5,709,567,42,0,1318,0,0,0,1318
02/12/2008,DTW,MI,AGL,CE,Towers with Radar,625,469,38,0,1132,0,0,0,0,0,625,469,38,0,1132,0,0,0,1132
02/13/2008,DTW,MI,AGL,CE,Towers with Radar,713,556,45,0,1314,0,0,13,0,13,713,556,58,0,1327,0,0,0,1327
02/14/2008,DTW,MI,AGL,CE,Towers with Radar,741,573,39,0,1353,0,0,0,0,0,741,574,39,0,1354,0,0,0,1360
02/15/2008,DTW,MI,AGL,CE,Towers with Radar,774,561,45,0,1380,0,0,7,0,7,774,561,52,0,1387,0,0,0,1387
02/16/2008,DTW,MI,AGL,CE,Towers with Radar,669,494,18,0,1181,0,0,0,0,0,669,494,18,0,1181,0,0,0,1212
02/17/2008,DTW,MI,AGL,CE,Towers with Radar,666,464,8,0,1138,0,0,0,0,0,666,464,8,0,1138,0,0,0,1139
02/18/2008,DTW,MI,AGL,CE,Towers with Radar,714,541,24,0,1279,0,0,0,0,0,714,541,24,0,1279,0,0,0,1284
02/19/2008,DTW,MI,AGL,CE,Towers with Radar,767,600,36,0,1403,0,0,0,0,0,767,600,36,0,1403,0,0,0,1409
02/20/2008,DTW,MI,AGL,CE,Towers with Radar,771,583,28,0,1382,0,0,0,0,0,771,583,28,0,1382,0,0,0,1382
02/21/2008,DTW,MI,AGL,CE,Towers with Radar,723,542,36,0,1301,0,0,0,0,0,723,542,36,0,1301,0,0,0,1318
02/22/2008,DTW,MI,AGL,CE,Towers with Radar,745,566,22,0,1333,0,0,0,0,0,745,567,22,0,1334,0,0,0,1341
02/23/2008,DTW,MI,AGL,CE,Towers with Radar,674,493,17,0,1184,0,0,7,0,7,674,493,24,0,1191,0,0,0,1191
02/24/2008,DTW,MI,AGL,CE,Towers with Radar,666,464,8,0,1138,0,0,0,0,0,666,464,8,0,1138,0,0,0,1139
02/25/2008,DTW,MI,AGL,CE,Towers with Radar,714,541,23,0,1278,0,2,2,0,4,714,543,25,0,1282,0,0,0,1282
02/26/2008,DTW,MI,AGL,CE,Towers with Radar,757,594,34,0,1385,0,0,0,0,0,757,594,34,0,1385,0,0,0,1385
02/27/2008,DTW,MI,AGL,CE,Towers with Radar,627,457,30,1,1115,0,0,3,0,3,627,457,33,1,1118,0,0,0,1119
02/28/2008,DTW,MI,AGL,CE,Towers with Radar,758,589,44,0,1391,0,0,0,0,0,758,589,44,0,1391,0,0,0,1403
02/29/2008,DTW,MI,AGL,CE,Towers with Radar,726,533,28,0,1287,0,1,0,0,1,726,534,28,0,1288,0,0,0,1288
03/01/2008,DTW,MI,AGL,CE,Towers with Radar,711,491,11,0,1213,0,0,0,0,0,711,491,11,0,1213,0,4,4,1217
03/02/2008,DTW,MI,AGL,CE,Towers with Radar,694,511,29,0,1234,0,0,1,0,1,694,511,30,0,1235,0,0,0,1235
03/03/2008,DTW,MI,AGL,CE,Towers with Radar,712,538,35,0,1285,0,0,0,0,0,712,538,35,0,1285,0,0,0,1285
03/04/2008,DTW,MI,AGL,CE,Towers with Radar,730,540,22,0,1292,2,0,0,0,2,732,540,22,0,1294,0,0,0,1295
03/05/2008,DTW,MI,AGL,CE,Towers with Radar,770,552,38,0,1360,0,0,0,0,0,770,553,38,0,1361,0,0,0,1371
03/06/2008,DTW,MI,AGL,CE,Towers with Radar,753,569,26,0,1348,0,0,0,0,0,753,569,26,0,1348,0,0,0,1354
03/07/2008,DTW,MI,AGL,CE,Towers with Radar,752,538,22,0,1312,0,0,0,0,0,752,538,22,0,1312,0,0,0,1313
03/08/2008,DTW,MI,AGL,CE,Towers with Radar,650,414,15,0,1079,0,0,0,0,0,650,414,15,0,1079,0,0,0,1079
03/09/2008,DTW,MI,AGL,CE,Towers with Radar,693,485,29,3,1210,0,0,0,0,0,693,486,29,3,1211,0,0,0,1219
03/10/2008,DTW,MI,AGL,CE,Towers with Radar,736,566,33,0,1335,0,0,0,0,0,736,568,33,0,1337,0,0,0,1342
03/11/2008,DTW,MI,AGL,CE,Towers with Radar,743,587,41,0,1371,0,0,0,0,0,743,590,41,0,1374,0,0,0,1385
03/12/2008,DTW,MI,AGL,CE,Towers with Radar,750,583,38,0,1371,0,0,1,0,1,750,583,39,0,1372,1,0,1,1373
03/13/2008,DTW,MI,AGL,CE,Towers with Radar,734,858,30,0,1622,0,0,0,0,0,734,859,30,0,1623,4,0,4,1639
03/14/2008,DTW,MI,AGL,CE,Towers with Radar,760,591,38,2,1391,0,0,1,0,1,760,591,39,2,1392,0,0,0,1392
03/15/2008,DTW,MI,AGL,CE,Towers with Radar,675,511,15,0,1201,0,0,3,2,5,675,511,18,2,1206,0,0,0,1206
03/16/2008,DTW,MI,AGL,CE,Towers with Radar,677,537,11,1,1226,0,0,0,0,0,677,537,11,1,1226,0,0,0,1226
03/17/2008,DTW,MI,AGL,CE,Towers with Radar,740,581,18,0,1339,0,0,1,0,1,740,581,19,0,1340,0,0,0,1340
03/18/2008,DTW,MI,AGL,CE,Towers with Radar,708,550,32,0,1290,0,0,0,0,0,708,550,32,0,1290,0,0,0,1290
03/19/2008,DTW,MI,AGL,CE,Towers with Radar,751,559,41,1,1352,0,0,0,0,0,751,559,41,1,1352,0,0,0,1352
03/20/2008,DTW,MI,AGL,CE,Towers with Radar,755,593,35,0,1383,0,0,0,0,0,755,594,35,0,1384,0,0,0,1401
03/21/2008,DTW,MI,AGL,CE,Towers with Radar,648,441,17,0,1106,0,0,8,0,8,648,441,25,0,1114,0,0,0,1114
03/22/2008,DTW,MI,AGL,CE,Towers with Radar,699,501,23,0,1223,0,0,0,0,0,699,501,23,0,1223,0,0,0,1223
03/23/2008,DTW,MI,AGL,CE,Towers with Radar,676,535,13,0,1224,0,0,1,0,1,676,535,14,0,1225,0,0,0,1225
03/24/2008,DTW,MI,AGL,CE,Towers with Radar,735,576,26,0,1337,0,0,2,0,2,735,576,28,0,1339,0,0,0,1339
03/25/2008,DTW,MI,AGL,CE,Towers with Radar,733,600,23,0,1356,0,0,3,0,3,733,600,26,0,1359,0,0,0,1359
03/26/2008,DTW,MI,AGL,CE,Towers with Radar,743,604,34,0,1381,0,0,0,0,0,743,605,34,0,1382,0,0,0,1396
03/27/2008,DTW,MI,AGL,CE,Towers with Radar,704,564,39,0,1307,0,0,0,0,0,704,565,39,0,1308,0,0,0,1312
03/28/2008,DTW,MI,AGL,CE,Towers with Radar,773,633,36,0,1442,0,0,7,0,7,773,633,43,0,1449,0,0,0,1449
03/29/2008,DTW,MI,AGL,CE,Towers with Radar,653,512,23,0,1188,0,0,0,0,0,653,514,23,0,1190,0,0,0,1233
03/30/2008,DTW,MI,AGL,CE,Towers with Radar,672,537,34,0,1243,0,0,0,0,0,672,537,34,0,1243,0,0,0,1251
03/31/2008,DTW,MI,AGL,CE,Towers with Radar,711,560,26,0,1297,0,0,0,0,0,711,560,26,0,1297,0,0,0,1297
04/01/2008,DTW,MI,AGL,CE,Towers with Radar,734,586,33,0,1353,0,0,0,0,0,734,587,33,0,1354,0,0,0,1354
04/02/2008,DTW,MI,AGL,CE,Towers with Radar,740,614,39,0,1393,0,1,6,0,7,740,615,45,0,1400,0,0,0,1400
04/03/2008,DTW,MI,AGL,CE,Towers with Radar,749,589,26,0,1364,0,0,1,1,2,749,589,27,1,1366,0,0,0,1366
04/04/2008,DTW,MI,AGL,CE,Towers with Radar,728,590,29,0,1347,0,0,0,0,0,728,590,29,0,1347,0,0,0,1347
04/05/2008,DTW,MI,AGL,CE,Towers with Radar,643,512,17,0,1172,0,0,2,0,2,644,512,19,0,1175,0,0,0,1175
04/06/2008,DTW,MI,AGL,CE,Towers with Radar,664,539,23,1,1227,0,0,2,0,2,664,539,25,1,1229,0,0,0,1229
04/07/2008,DTW,MI,AGL,CE,Towers with Radar,731,598,26,0,1355,1,0,5,0,6,732,598,31,0,1361,0,0,0,1361
04/08/2008,DTW,MI,AGL,CE,Towers with Radar,768,554,34,0,1356,0,0,8,0,8,768,554,42,0,1364,0,0,0,1364
04/09/2008,DTW,MI,AGL,CE,Towers with Radar,766,584,35,0,1385,0,0,0,0,0,766,584,35,0,1385,0,0,0,1385
04/10/2008,DTW,MI,AGL,CE,Towers with Radar,729,564,41,0,1334,0,0,3,0,3,729,564,44,0,1337,0,0,0,1337
04/11/2008,DTW,MI,AGL,CE,Towers with Radar,761,545,32,0,1338,0,0,2,0,2,761,545,34,0,1340,0,0,0,1340
04/12/2008,DTW,MI,AGL,CE,Towers with Radar,697,483,28,0,1208,0,0,2,2,4,697,483,30,2,1212,0,0,0,1212
04/13/2008,DTW,MI,AGL,CE,Towers with Radar,694,501,30,0,1225,0,0,0,0,0,694,501,30,0,1225,0,0,0,1225
04/14/2008,DTW,MI,AGL,CE,Towers with Radar,763,568,38,0,1369,0,0,6,0,6,763,568,44,0,1375,0,0,0,1375
04/15/2008,DTW,MI,AGL,CE,Towers with Radar,742,569,47,0,1358,0,0,9,0,9,742,569,56,0,1367,0,0,0,1368
04/16/2008,DTW,MI,AGL,CE,Towers with Radar,753,592,45,4,1394,0,0,1,0,1,753,592,46,4,1395,0,0,0,1395
04/17/2008,DTW,MI,AGL,CE,Towers with Radar,763,581,26,0,1370,0,0,0,0,0,763,581,26,0,1370,0,0,0,1372
04/18/2008,DTW,MI,AGL,CE,Towers with Radar,765,573,31,0,1369,0,0,3,0,3,765,573,34,0,1372,0,0,0,1372
04/19/2008,DTW,MI,AGL,CE,Towers with Radar,672,481,29,2,1184,0,0,1,0,1,672,481,30,2,1185,0,0,0,1185
04/20/2008,DTW,MI,AGL,CE,Towers with Radar,667,504,17,0,1188,0,0,2,0,2,667,504,19,0,1190,0,0,0,1190
04/21/2008,DTW,MI,AGL,CE,Towers with Radar,754,574,24,0,1352,0,0,0,2,2,754,574,24,2,1354,0,0,0,1354
04/22/2008,DTW,MI,AGL,CE,Towers with Radar,751,584,23,0,1358,0,0,9,0,9,751,584,32,0,1367,0,0,0,1367
04/23/2008,DTW,MI,AGL,CE,Towers with Radar,760,581,30,0,1371,0,0,3,0,3,760,581,33,0,1374,0,0,0,1374
04/24/2008,DTW,MI,AGL,CE,Towers with Radar,748,579,28,0,1355,0,1,2,0,3,748,580,30,0,1358,0,0,0,1358
04/25/2008,DTW,MI,AGL,CE,Towers with Radar,741,573,30,0,1344,0,0,4,0,4,741,573,34,0,1348,0,0,0,1348
04/26/2008,DTW,MI,AGL,CE,Towers with Radar,681,476,16,0,1173,0,1,2,0,3,681,477,18,0,1176,0,0,0,1176
04/27/2008,DTW,MI,AGL,CE,Towers with Radar,674,515,23,0,1212,0,0,5,2,7,674,515,28,2,1219,0,0,0,1219
04/28/2008,DTW,MI,AGL,CE,Towers with Radar,731,559,31,0,1321,0,0,1,0,1,731,559,32,0,1322,0,0,0,1322
04/29/2008,DTW,MI,AGL,CE,Towers with Radar,762,584,19,1,1366,0,0,2,0,2,762,584,21,1,1368,0,0,0,1368
04/30/2008,DTW,MI,AGL,CE,Towers with Radar,752,590,32,0,1374,0,1,0,0,1,752,591,32,0,1375,0,0,0,1375
05/01/2008,DTW,MI,AGL,CE,Towers with Radar,740,580,35,0,1355,0,1,2,0,3,740,581,37,0,1358,0,0,0,1358
05/02/2008,DTW,MI,AGL,CE,Towers with Radar,687,491,29,1,1208,0,0,5,0,5,687,491,34,1,1213,0,0,0,1213
05/03/2008,DTW,MI,AGL,CE,Towers with Radar,675,517,8,0,1200,0,0,3,0,3,675,517,11,0,1203,0,0,0,1204
05/04/2008,DTW,MI,AGL,CE,Towers with Radar,667,528,21,0,1216,1,0,2,0,3,668,528,23,0,1219,0,0,0,1219
05/05/2008,DTW,MI,AGL,CE,Towers with Radar,711,568,42,0,1321,0,0,0,0,0,711,568,42,0,1321,0,0,0,1322
05/06/2008,DTW,MI,AGL,CE,Towers with Radar,765,603,58,2,1428,0,0,5,0,5,765,603,63,2,1433,0,0,0,1434
05/07/2008,DTW,MI,AGL,CE,Towers with Radar,724,586,43,0,1353,0,1,2,0,3,724,587,45,0,1356,0,0,0,1356
05/08/2008,DTW,MI,AGL,CE,Towers with Radar,757,588,34,0,1379,0,0,0,0,0,757,588,34,0,1379,0,0,0,1380
05/09/2008,DTW,MI,AGL,CE,Towers with Radar,740,566,34,0,1340,0,0,9,0,9,740,566,43,0,1349,0,0,0,1349
05/10/2008,DTW,MI,AGL,CE,Towers with Radar,642,494,8,0,1144,0,0,7,0,7,642,494,15,0,1151,0,0,0,1151
05/11/2008,DTW,MI,AGL,CE,Towers with Radar,665,491,13,0,1169,0,0,3,0,3,665,491,16,0,1172,0,0,0,1172
05/12/2008,DTW,MI,AGL,CE,Towers with Radar,723,586,28,0,1337,0,0,1,0,1,723,586,29,0,1338,0,0,0,1338
05/13/2008,DTW,MI,AGL,CE,Towers with Radar,736,601,29,1,1367,0,0,1,0,1,736,601,30,1,1368,0,0,0,1368
05/14/2008,DTW,MI,AGL,CE,Towers with Radar,739,590,24,0,1353,0,9,1,0,10,739,599,25,0,1363,0,0,0,1363
05/15/2008,DTW,MI,AGL,CE,Towers with Radar,734,600,39,1,1374,0,1,5,1,7,734,601,44,2,1381,0,0,0,1381
05/16/2008,DTW,MI,AGL,CE,Towers with Radar,721,568,26,0,1315,0,0,12,0,12,721,568,38,0,1327,0,0,0,1327
05/17/2008,DTW,MI,AGL,CE,Towers with Radar,633,523,6,0,1162,0,0,0,1,1,633,523,6,1,1163,0,0,0,1163
05/18/2008,DTW,MI,AGL,CE,Towers with Radar,660,512,19,0,1191,1,0,1,0,2,661,512,20,0,1193,0,0,0,1193
05/19/2008,DTW,MI,AGL,CE,Towers with Radar,718,589,23,0,1330,0,0,5,0,5,718,589,28,0,1335,0,0,0,1337
05/20/2008,DTW,MI,AGL,CE,Towers with Radar,717,611,42,0,1370,0,0,8,0,8,717,612,50,0,1379,0,0,0,1379
05/21/2008,DTW,MI,AGL,CE,Towers with Radar,730,607,22,0,1359,1,0,7,0,8,731,607,29,0,1367,0,0,0,1367
05/22/2008,DTW,MI,AGL,CE,Towers with Radar,731,599,29,0,1359,0,0,0,0,0,731,599,29,0,1359,0,0,0,1359
05/23/2008,DTW,MI,AGL,CE,Towers with Radar,734,597,19,0,1350,0,0,6,1,7,734,597,25,1,1357,0,0,0,1357
05/24/2008,DTW,MI,AGL,CE,Towers with Radar,637,502,10,0,1149,0,0,2,0,2,637,502,12,0,1151,0,0,0,1151
05/25/2008,DTW,MI,AGL,CE,Towers with Radar,610,473,10,2,1095,0,4,2,0,6,610,477,12,2,1101,0,0,0,1101
05/26/2008,DTW,MI,AGL,CE,Towers with Radar,671,537,14,1,1223,0,0,11,0,11,671,537,25,1,1234,0,0,0,1234
05/27/2008,DTW,MI,AGL,CE,Towers with Radar,714,590,31,2,1337,0,0,2,0,2,714,590,33,2,1339,0,0,0,1339
05/28/2008,DTW,MI,AGL,CE,Towers with Radar,727,604,43,0,1374,0,6,7,0,13,727,610,50,0,1387,0,0,0,1387
05/29/2008,DTW,MI,AGL,CE,Towers with Radar,736,619,43,0,1398,0,7,8,0,15,736,626,51,0,1413,0,0,0,1414
05/30/2008,DTW,MI,AGL,CE,Towers with Radar,711,580,42,0,1333,0,6,1,0,7,711,586,43,0,1340,0,0,0,1340
05/31/2008,DTW,MI,AGL,CE,Towers with Radar,648,523,10,0,1181,0,0,5,0,5,648,523,15,0,1186,0,0,0,1186
06/01/2008,DTW,MI,AGL,CE,Towers with Radar,661,531,23,0,1215,0,0,4,0,4,661,531,27,0,1219,0,0,0,1219
06/02/2008,DTW,MI,AGL,CE,Towers with Radar,708,596,34,0,1338,0,0,9,2,11,708,596,43,2,1349,0,0,0,1349
06/03/2008,DTW,MI,AGL,CE,Towers with Radar,723,602,45,0,1370,0,0,2,0,2,723,602,47,0,1372,0,0,0,1374
06/04/2008,DTW,MI,AGL,CE,Towers with Radar,712,605,38,0,1355,0,0,0,0,0,712,605,38,0,1355,0,0,0,1355
06/05/2008,DTW,MI,AGL,CE,Towers with Radar,705,635,32,0,1372,0,0,0,0,0,705,635,32,0,1372,0,0,0,1372
06/06/2008,DTW,MI,AGL,CE,Towers with Radar,715,612,28,0,1355,0,2,2,0,4,715,615,30,0,1360,0,0,0,1360
06/07/2008,DTW,MI,AGL,CE,Towers with Radar,680,560,10,0,1250,0,0,1,0,1,680,560,11,0,1251,0,0,0,1251
06/08/2008,DTW,MI,AGL,CE,Towers with Radar,618,493,18,0,1129,0,0,1,0,1,618,493,19,0,1130,0,0,0,1130
06/09/2008,DTW,MI,AGL,CE,Towers with Radar,707,590,32,1,1330,0,0,0,0,0,707,590,32,1,1330,0,0,0,1330
06/10/2008,DTW,MI,AGL,CE,Towers with Radar,734,659,37,0,1430,0,1,0,0,1,734,660,37,0,1431,0,0,0,1431
06/11/2008,DTW,MI,AGL,CE,Towers with Radar,733,639,36,0,1408,0,0,6,0,6,733,639,42,0,1414,0,0,0,1415
06/12/2008,DTW,MI,AGL,CE,Towers with Radar,722,637,52,0,1411,0,0,3,0,3,722,637,55,0,1414,0,0,0,1415
06/13/2008,DTW,MI,AGL,CE,Towers with Radar,694,571,30,0,1295,0,0,0,0,0,694,571,30,0,1295,0,0,0,1295
06/14/2008,DTW,MI,AGL,CE,Towers with Radar,675,554,6,0,1235,0,0,1,0,1,675,554,7,0,1236,0,0,0,1236
06/15/2008,DTW,MI,AGL,CE,Towers with Radar,650,556,23,0,1229,0,0,6,0,6,650,556,29,0,1235,0,0,0,1235
06/16/2008,DTW,MI,AGL,CE,Towers with Radar,706,618,34,0,1358,0,0,1,0,1,706,618,35,0,1359,0,0,0,1359
06/17/2008,DTW,MI,AGL,CE,Towers with Radar,747,634,21,0,1402,0,0,3,2,5,747,634,24,2,1407,0,0,0,1408
06/18/2008,DTW,MI,AGL,CE,Towers with Radar,716,629,34,0,1379,0,0,2,0,2,716,629,36,0,1381,0,0,0,1381
06/19/2008,DTW,MI,AGL,CE,Towers with Radar,714,622,25,0,1361,0,0,2,0,2,714,622,27,0,1363,0,0,0,1363
06/20/2008,DTW,MI,AGL,CE,Towers with Radar,727,637,23,0,1387,0,2,2,0,4,727,639,25,0,1391,0,0,0,1391
06/21/2008,DTW,MI,AGL,CE,Towers with Radar,668,525,14,0,1207,0,0,4,0,4,668,525,18,0,1211,0,0,0,1212
06/22/2008,DTW,MI,AGL,CE,Towers with Radar,651,559,21,2,1233,1,0,0,0,1,652,559,21,2,1234,0,0,0,1234
06/23/2008,DTW,MI,AGL,CE,Towers with Radar,718,600,33,2,1353,0,0,0,0,0,718,600,33,2,1353,0,0,0,1353
06/24/2008,DTW,MI,AGL,CE,Towers with Radar,751,652,39,1,1443,0,0,7,0,7,751,652,46,1,1450,0,0,0,1450
06/25/2008,DTW,MI,AGL,CE,Towers with Radar,717,616,38,2,1373,0,2,12,0,14,717,618,50,2,1387,0,0,0,1387
06/26/2008,DTW,MI,AGL,CE,Towers with Radar,719,608,37,2,1366,0,0,4,0,4,719,608,41,2,1370,0,0,0,1371
06/27/2008,DTW,MI,AGL,CE,Towers with Radar,733,649,27,0,1409,0,0,0,0,0,733,649,27,0,1409,0,0,0,1409
06/28/2008,DTW,MI,AGL,CE,Towers with Radar,664,549,17,0,1230,0,0,0,0,0,664,549,17,0,1230,0,0,0,1230
06/29/2008,DTW,MI,AGL,CE,Towers with Radar,658,556,6,1,1221,0,0,2,0,2,658,556,8,1,1223,0,0,0,1223
06/30/2008,DTW,MI,AGL,CE,Towers with Radar,731,628,18,1,1378,0,0,0,0,0,731,628,18,1,1378,0,0,0,1378
07/01/2008,DTW,MI,AGL,CE,Towers with Radar,733,625,23,0,1381,0,4,7,0,11,733,629,30,0,1392,0,0,0,1392
07/02/2008,DTW,MI,AGL,CE,Towers with Radar,633,542,31,0,1206,0,0,4,4,8,633,542,35,4,1214,0,0,0,1214
07/03/2008,DTW,MI,AGL,CE,Towers with Radar,778,647,26,0,1451,0,0,0,0,0,778,647,26,0,1451,0,0,0,1451
07/04/2008,DTW,MI,AGL,CE,Towers with Radar,596,462,3,0,1061,0,0,0,0,0,596,462,3,0,1061,0,0,0,1061
07/05/2008,DTW,MI,AGL,CE,Towers with Radar,607,504,3,0,1114,0,0,2,0,2,607,504,5,0,1116,0,0,0,1116
07/06/2008,DTW,MI,AGL,CE,Towers with Radar,658,593,11,0,1262,0,0,4,0,4,658,593,15,0,1266,0,0,0,1266
07/07/2008,DTW,MI,AGL,CE,Towers with Radar,707,621,21,0,1349,0,4,0,0,4,707,625,21,0,1353,0,0,0,1353
07/08/2008,DTW,MI,AGL,CE,Towers with Radar,722,632,21,0,1375,0,0,2,0,2,722,632,23,0,1377,0,0,0,1377
07/09/2008,DTW,MI,AGL,CE,Towers with Radar,711,650,23,0,1384,0,4,1,0,5,711,654,24,0,1389,0,0,0,1389
07/10/2008,DTW,MI,AGL,CE,Towers with Radar,735,650,29,0,1414,0,0,3,0,3,735,650,32,0,1417,0,0,0,1417
07/11/2008,DTW,MI,AGL,CE,Towers with Radar,722,649,11,1,1383,0,0,8,0,8,722,649,19,1,1391,0,0,0,1391
07/12/2008,DTW,MI,AGL,CE,Towers with Radar,657,566,6,0,1229,0,0,0,0,0,657,566,6,0,1229,0,0,0,1229
07/13/2008,DTW,MI,AGL,CE,Towers with Radar,638,565,18,0,1221,0,1,2,0,3,638,566,20,0,1224,0,0,0,1224
07/14/2008,DTW,MI,AGL,CE,Towers with Radar,731,642,13,0,1386,0,0,1,0,1,731,642,14,0,1387,0,0,0,1387
07/15/2008,DTW,MI,AGL,CE,Towers with Radar,719,625,14,0,1358,0,1,8,0,9,719,626,22,0,1367,0,0,0,1367
07/16/2008,DTW,MI,AGL,CE,Towers with Radar,717,644,32,5,1398,0,2,5,2,9,717,646,37,7,1407,0,0,0,1407
07/17/2008,DTW,MI,AGL,CE,Towers with Radar,728,624,30,0,1382,0,0,0,0,0,728,624,30,0,1382,0,0,0,1382
07/18/2008,DTW,MI,AGL,CE,Towers with Radar,732,638,33,0,1403,0,0,3,0,3,732,638,36,0,1406,0,0,0,1406
07/19/2008,DTW,MI,AGL,CE,Towers with Radar,653,568,5,0,1226,0,0,6,2,8,653,568,11,2,1234,0,0,0,1234
07/20/2008,DTW,MI,AGL,CE,Towers with Radar,645,563,25,0,1233,0,0,0,0,0,645,563,25,0,1233,0,0,0,1233
07/21/2008,DTW,MI,AGL,CE,Towers with Radar,712,641,32,0,1385,0,0,0,1,1,712,641,32,1,1386,0,0,0,1386
07/22/2008,DTW,MI,AGL,CE,Towers with Radar,709,635,35,0,1379,0,0,2,1,3,709,635,37,1,1382,0,0,0,1382
07/23/2008,DTW,MI,AGL,CE,Towers with Radar,671,619,39,0,1329,0,1,1,0,2,671,620,40,0,1331,0,0,0,1331
07/24/2008,DTW,MI,AGL,CE,Towers with Radar,724,624,38,0,1386,0,0,1,0,1,724,624,39,0,1387,0,0,0,1387
07/25/2008,DTW,MI,AGL,CE,Towers with Radar,711,642,19,0,1372,0,0,6,0,6,711,642,25,0,1378,0,0,0,1378
07/26/2008,DTW,MI,AGL,CE,Towers with Radar,648,575,12,1,1236,0,0,1,0,1,648,575,13,1,1237,0,0,0,1237
07/27/2008,DTW,MI,AGL,CE,Towers with Radar,626,554,21,0,1201,0,0,4,0,4,626,554,25,0,1205,0,0,0,1205
07/28/2008,DTW,MI,AGL,CE,Towers with Radar,723,647,22,0,1392,0,5,4,0,9,723,652,26,0,1401,0,0,0,1401
07/29/2008,DTW,MI,AGL,CE,Towers with Radar,708,631,24,0,1363,0,5,3,0,8,708,636,27,0,1371,0,0,0,1371
07/30/2008,DTW,MI,AGL,CE,Towers with Radar,713,632,30,0,1375,0,2,4,3,9,713,634,34,3,1384,0,0,0,1384
07/31/2008,DTW,MI,AGL,CE,Towers with Radar,704,654,44,0,1402,0,0,2,0,2,704,654,46,0,1404,0,0,0,1404
08/01/2008,DTW,MI,AGL,CE,Towers with Radar,722,621,22,1,1366,0,2,2,1,5,722,623,24,2,1371,0,0,0,1371
08/02/2008,DTW,MI,AGL,CE,Towers with Radar,642,573,7,0,1222,0,0,7,0,7,642,573,14,0,1229,0,0,0,1229
08/03/2008,DTW,MI,AGL,CE,Towers with Radar,642,578,16,0,1236,0,0,3,0,3,642,578,19,0,1239,0,0,0,1239
08/04/2008,DTW,MI,AGL,CE,Towers with Radar,689,621,34,0,1344,0,0,4,0,4,689,621,38,0,1348,0,0,0,1348
08/05/2008,DTW,MI,AGL,CE,Towers with Radar,718,653,37,2,1410,0,1,0,0,1,718,654,37,2,1411,0,0,0,1411
08/06/2008,DTW,MI,AGL,CE,Towers with Radar,714,656,35,0,1405,0,7,12,0,19,714,663,47,0,1424,0,0,0,1424
08/07/2008,DTW,MI,AGL,CE,Towers with Radar,688,638,30,0,1356,0,14,9,0,23,688,652,39,0,1379,0,0,0,1379
08/08/2008,DTW,MI,AGL,CE,Towers with Radar,736,653,31,0,1420,0,11,9,0,20,736,664,40,0,1440,0,0,0,1440
08/09/2008,DTW,MI,AGL,CE,Towers with Radar,644,546,15,0,1205,0,2,3,0,5,644,548,18,0,1210,0,0,0,1210
08/10/2008,DTW,MI,AGL,CE,Towers with Radar,640,582,10,0,1232,0,0,1,0,1,640,582,11,0,1233,0,0,0,1233
08/11/2008,DTW,MI,AGL,CE,Towers with Radar,700,627,30,0,1357,0,6,3,0,9,700,633,33,0,1366,0,0,0,1366
08/12/2008,DTW,MI,AGL,CE,Towers with Radar,713,652,26,0,1391,0,6,2,0,8,713,658,28,0,1399,0,0,0,1399
08/13/2008,DTW,MI,AGL,CE,Towers with Radar,710,642,34,0,1386,0,1,9,1,11,710,643,43,1,1397,0,0,0,1397
08/14/2008,DTW,MI,AGL,CE,Towers with Radar,703,632,37,0,1372,0,0,9,0,9,703,632,46,0,1381,0,0,0,1381
08/15/2008,DTW,MI,AGL,CE,Towers with Radar,704,628,24,1,1357,0,0,2,0,2,704,628,26,1,1359,0,0,0,1359
08/16/2008,DTW,MI,AGL,CE,Towers with Radar,648,564,5,0,1217,0,0,0,0,0,648,564,5,0,1217,0,0,0,1217
08/17/2008,DTW,MI,AGL,CE,Towers with Radar,660,586,16,1,1263,0,26,0,0,26,660,612,16,1,1289,0,0,0,1289
08/18/2008,DTW,MI,AGL,CE,Towers with Radar,690,622,29,0,1341,0,0,5,0,5,690,622,34,0,1346,0,0,0,1346
08/19/2008,DTW,MI,AGL,CE,Towers with Radar,637,625,23,0,1285,0,0,4,0,4,637,625,27,0,1289,0,0,0,1289
08/20/2008,DTW,MI,AGL,CE,Towers with Radar,649,622,28,0,1299,0,2,5,2,9,649,624,33,2,1308,0,0,0,1308
08/21/2008,DTW,MI,AGL,CE,Towers with Radar,636,629,42,0,1307,0,0,0,0,0,636,629,42,0,1307,0,0,0,1307
08/22/2008,DTW,MI,AGL,CE,Towers with Radar,647,628,18,0,1293,0,0,0,0,0,647,628,18,0,1293,0,0,0,1293
08/23/2008,DTW,MI,AGL,CE,Towers with Radar,559,484,5,0,1048,0,0,0,0,0,559,484,5,0,1048,0,0,0,1048
08/24/2008,DTW,MI,AGL,CE,Towers with Radar,576,564,21,0,1161,0,0,0,0,0,576,564,21,0,1161,0,0,0,1161
08/25/2008,DTW,MI,AGL,CE,Towers with Radar,632,616,31,0,1279,0,0,1,0,1,632,616,32,0,1280,0,0,0,1280
08/26/2008,DTW,MI,AGL,CE,Towers with Radar,639,634,31,1,1305,0,2,5,0,7,639,636,36,1,1312,0,0,0,1312
08/27/2008,DTW,MI,AGL,CE,Towers with Radar,638,625,27,0,1290,0,0,8,0,8,638,625,35,0,1298,0,0,0,1298
08/28/2008,DTW,MI,AGL,CE,Towers with Radar,642,618,36,1,1297,0,0,2,0,2,642,618,38,1,1299,0,0,0,1299
08/29/2008,DTW,MI,AGL,CE,Towers with Radar,646,627,21,5,1299,2,0,1,0,3,648,627,22,5,1302,0,0,0,1302
08/30/2008,DTW,MI,AGL,CE,Towers with Radar,550,441,11,0,1002,0,0,5,0,5,550,441,16,0,1007,0,0,0,1007
08/31/2008,DTW,MI,AGL,CE,Towers with Radar,537,482,14,0,1033,0,2,1,0,3,537,484,15,0,1036,0,0,0,1036
09/01/2008,DTW,MI,AGL,CE,Towers with Radar,595,567,11,2,1175,0,0,2,0,2,595,567,13,2,1177,0,0,0,1177
09/02/2008,DTW,MI,AGL,CE,Towers with Radar,623,613,21,2,1259,0,0,0,0,0,623,613,21,2,1259,0,0,0,1259
09/03/2008,DTW,MI,AGL,CE,Towers with Radar,629,599,31,0,1259,0,2,12,0,14,629,601,43,0,1273,0,0,0,1273
09/04/2008,DTW,MI,AGL,CE,Towers with Radar,643,612,35,4,1294,0,0,4,0,4,643,612,39,4,1298,0,0,0,1298
09/05/2008,DTW,MI,AGL,CE,Towers with Radar,638,614,30,2,1284,0,0,1,2,3,638,614,31,4,1287,0,0,0,1287
09/06/2008,DTW,MI,AGL,CE,Towers with Radar,532,487,16,0,1035,0,0,6,0,6,532,487,22,0,1041,0,0,0,1041
09/07/2008,DTW,MI,AGL,CE,Towers with Radar,572,541,20,0,1133,0,0,0,1,1,572,541,20,1,1134,0,0,0,1134
09/08/2008,DTW,MI,AGL,CE,Towers with Radar,637,616,25,0,1278,0,0,4,0,4,637,616,29,0,1282,0,0,0,1282
09/09/2008,DTW,MI,AGL,CE,Towers with Radar,625,596,26,0,1247,0,0,3,0,3,625,596,29,0,1250,0,0,0,1250
09/10/2008,DTW,MI,AGL,CE,Towers with Radar,633,632,28,0,1293,0,0,4,0,4,633,632,32,0,1297,0,0,0,1297
09/11/2008,DTW,MI,AGL,CE,Towers with Radar,642,613,16,0,1271,0,2,3,0,5,642,615,19,0,1276,0,0,0,1276
09/12/2008,DTW,MI,AGL,CE,Towers with Radar,624,608,26,0,1258,0,0,2,0,2,624,608,28,0,1260,0,0,0,1260
09/13/2008,DTW,MI,AGL,CE,Towers with Radar,519,485,13,0,1017,0,0,0,0,0,519,485,13,0,1017,0,0,0,1017
09/14/2008,DTW,MI,AGL,CE,Towers with Radar,552,532,10,0,1094,0,0,0,0,0,552,532,10,0,1094,0,0,0,1094
09/15/2008,DTW,MI,AGL,CE,Towers with Radar,632,620,36,2,1290,0,0,0,0,0,632,620,36,2,1290,0,0,0,1290
09/16/2008,DTW,MI,AGL,CE,Towers with Radar,634,630,37,0,1301,0,0,14,0,14,634,630,51,0,1315,0,0,0,1315
09/17/2008,DTW,MI,AGL,CE,Towers with Radar,628,613,43,0,1284,0,0,13,0,13,628,613,56,0,1297,0,0,0,1297
09/18/2008,DTW,MI,AGL,CE,Towers with Radar,637,612,28,0,1277,0,1,3,0,4,637,613,31,0,1281,0,0,0,1281
09/19/2008,DTW,MI,AGL,CE,Towers with Radar,634,616,37,2,1289,0,0,6,0,6,634,616,43,2,1295,0,0,0,1295
09/20/2008,DTW,MI,AGL,CE,Towers with Radar,537,494,10,0,1041,0,0,1,0,1,537,494,11,0,1042,0,0,0,1042
09/21/2008,DTW,MI,AGL,CE,Towers with Radar,567,553,21,0,1141,0,0,5,0,5,567,553,26,0,1146,0,0,0,1146
09/22/2008,DTW,MI,AGL,CE,Towers with Radar,625,599,30,0,1254,0,0,2,0,2,625,599,32,0,1256,0,0,0,1256
09/23/2008,DTW,MI,AGL,CE,Towers with Radar,623,623,30,0,1276,0,0,5,2,7,623,623,35,2,1283,0,0,0,1283
09/24/2008,DTW,MI,AGL,CE,Towers with Radar,620,628,17,0,1265,1,0,7,0,8,621,628,24,0,1273,0,0,0,1273
09/25/2008,DTW,MI,AGL,CE,Towers with Radar,632,611,30,0,1273,0,0,4,0,4,632,611,34,0,1277,0,0,0,1277
09/26/2008,DTW,MI,AGL,CE,Towers with Radar,626,613,39,0,1278,0,0,0,0,0,626,613,39,0,1278,0,0,0,1278
09/27/2008,DTW,MI,AGL,CE,Towers with Radar,538,487,14,0,1039,0,0,1,0,1,538,487,15,0,1040,0,0,0,1040
09/28/2008,DTW,MI,AGL,CE,Towers with Radar,560,540,15,4,1119,0,0,7,0,7,560,540,22,4,1126,0,0,0,1126
09/29/2008,DTW,MI,AGL,CE,Towers with Radar,629,607,26,0,1262,0,0,0,0,0,629,607,26,0,1262,0,0,0,1262
09/30/2008,DTW,MI,AGL,CE,Towers with Radar,627,618,21,2,1268,0,0,4,0,4,627,618,25,2,1272,0,0,0,1272
10/01/2008,DTW,MI,AGL,CE,Towers with Radar,615,628,28,0,1271,0,1,1,1,3,615,629,29,1,1274,0,0,0,1274
10/02/2008,DTW,MI,AGL,CE,Towers with Radar,619,639,20,0,1278,0,0,1,0,1,619,639,21,0,1279,0,0,0,1279
10/03/2008,DTW,MI,AGL,CE,Towers with Radar,615,638,24,0,1277,0,3,2,0,5,615,641,26,0,1282,0,0,0,1282
10/04/2008,DTW,MI,AGL,CE,Towers with Radar,517,513,5,0,1035,0,0,4,0,4,517,513,9,0,1039,0,0,0,1039
10/05/2008,DTW,MI,AGL,CE,Towers with Radar,550,565,11,0,1126,0,0,4,0,4,550,565,15,0,1130,0,0,0,1130
10/06/2008,DTW,MI,AGL,CE,Towers with Radar,604,632,25,0,1261,0,1,0,0,1,604,633,25,0,1262,0,0,0,1262
10/07/2008,DTW,MI,AGL,CE,Towers with Radar,600,637,42,0,1279,0,1,0,0,1,600,638,42,0,1280,0,0,0,1280
10/08/2008,DTW,MI,AGL,CE,Towers with Radar,604,633,30,0,1267,0,0,2,8,10,604,633,32,8,1277,0,0,0,1277
10/09/2008,DTW,MI,AGL,CE,Towers with Radar,617,646,28,0,1291,0,1,2,0,3,617,647,30,0,1294,0,0,0,1294
10/10/2008,DTW,MI,AGL,CE,Towers with Radar,619,635,34,0,1288,0,3,7,1,11,619,638,41,1,1299,0,0,0,1299
10/11/2008,DTW,MI,AGL,CE,Towers with Radar,512,510,6,0,1028,0,0,13,0,13,512,510,19,0,1041,0,0,0,1041
10/12/2008,DTW,MI,AGL,CE,Towers with Radar,539,572,16,0,1127,0,0,0,0,0,539,572,16,0,1127,0,0,0,1127
10/13/2008,DTW,MI,AGL,CE,Towers with Radar,600,626,25,0,1251,0,0,0,0,0,600,626,25,0,1251,0,0,0,1251
10/14/2008,DTW,MI,AGL,CE,Towers with Radar,603,641,28,0,1272,1,1,6,0,8,604,642,34,0,1280,0,0,0,1280
10/15/2008,DTW,MI,AGL,CE,Towers with Radar,600,647,43,0,1290,0,0,4,0,4,600,647,47,0,1294,0,0,0,1294
10/16/2008,DTW,MI,AGL,CE,Towers with Radar,595,642,22,0,1259,0,1,4,0,5,595,643,26,0,1264,0,0,0,1264
10/17/2008,DTW,MI,AGL,CE,Towers with Radar,611,645,18,0,1274,1,1,5,0,7,612,646,23,0,1281,0,0,0,1281
10/18/2008,DTW,MI,AGL,CE,Towers with Radar,513,512,8,0,1033,0,0,7,1,8,513,512,15,1,1041,0,0,0,1041
10/19/2008,DTW,MI,AGL,CE,Towers with Radar,540,580,18,1,1139,0,0,2,2,4,540,580,20,3,1143,0,0,0,1143
10/20/2008,DTW,MI,AGL,CE,Towers with Radar,597,636,24,0,1257,0,0,0,0,0,597,636,24,0,1257,0,0,0,1257
10/21/2008,DTW,MI,AGL,CE,Towers with Radar,596,641,25,0,1262,0,2,2,0,4,596,643,27,0,1266,0,0,0,1266
10/22/2008,DTW,MI,AGL,CE,Towers with Radar,600,644,16,0,1260,0,11,9,0,20,600,655,25,0,1280,0,0,0,1280
10/23/2008,DTW,MI,AGL,CE,Towers with Radar,608,653,29,4,1294,0,6,8,0,14,608,659,37,4,1308,0,0,0,1308
10/24/2008,DTW,MI,AGL,CE,Towers with Radar,599,639,35,2,1275,1,1,0,0,2,600,640,35,2,1277,0,0,0,1277
10/25/2008,DTW,MI,AGL,CE,Towers with Radar,516,523,10,0,1049,0,0,0,0,0,516,523,10,0,1049,0,0,0,1049
10/26/2008,DTW,MI,AGL,CE,Towers with Radar,538,571,27,0,1136,0,0,0,0,0,538,571,27,0,1136,0,0,0,1136
10/27/2008,DTW,MI,AGL,CE,Towers with Radar,593,641,17,0,1251,0,2,0,0,2,593,643,17,0,1253,0,0,0,1253
10/28/2008,DTW,MI,AGL,CE,Towers with Radar,584,625,18,0,1227,0,0,2,0,2,584,625,20,0,1229,0,0,0,1229
10/29/2008,DTW,MI,AGL,CE,Towers with Radar,595,645,21,0,1261,0,3,0,0,3,595,648,21,0,1264,0,0,0,1264
10/30/2008,DTW,MI,AGL,CE,Towers with Radar,601,655,25,0,1281,0,2,4,0,6,601,657,29,0,1287,0,0,0,1287
10/31/2008,DTW,MI,AGL,CE,Towers with Radar,596,648,24,0,1268,1,3,8,0,12,597,651,32,0,1280,0,0,0,1280
11/01/2008,DTW,MI,AGL,CE,Towers with Radar,504,515,4,0,1023,1,0,2,0,3,505,515,6,0,1026,0,0,0,1026
11/02/2008,DTW,MI,AGL,CE,Towers with Radar,565,554,6,0,1125,0,0,0,0,0,565,554,6,0,1125,0,0,0,1125
11/03/2008,DTW,MI,AGL,CE,Towers with Radar,616,624,9,0,1249,0,3,0,0,3,616,627,9,0,1252,0,0,0,1252
11/04/2008,DTW,MI,AGL,CE,Towers with Radar,610,645,24,0,1279,0,1,10,0,11,610,646,34,0,1290,0,0,0,1290
11/05/2008,DTW,MI,AGL,CE,Towers with Radar,605,626,47,0,1278,0,0,2,0,2,605,626,49,0,1280,0,0,0,1280
11/06/2008,DTW,MI,AGL,CE,Towers with Radar,617,630,20,0,1267,0,1,5,2,8,617,631,25,2,1275,0,0,0,1275
11/07/2008,DTW,MI,AGL,CE,Towers with Radar,618,635,19,0,1272,0,0,0,0,0,618,635,19,0,1272,0,0,0,1272
11/08/2008,DTW,MI,AGL,CE,Towers with Radar,544,545,10,0,1099,0,0,0,0,0,544,545,10,0,1099,0,0,0,1099
11/09/2008,DTW,MI,AGL,CE,Towers with Radar,576,552,15,0,1143,0,0,0,0,0,576,552,15,0,1143,0,0,0,1143
11/10/2008,DTW,MI,AGL,CE,Towers with Radar,629,652,20,0,1301,0,1,0,0,1,629,653,20,0,1302,0,0,0,1302
11/11/2008,DTW,MI,AGL,CE,Towers with Radar,605,633,15,0,1253,0,0,11,0,11,605,633,26,0,1264,0,0,0,1264
11/12/2008,DTW,MI,AGL,CE,Towers with Radar,617,637,27,0,1281,0,1,1,0,2,617,638,28,0,1283,0,0,0,1283
11/13/2008,DTW,MI,AGL,CE,Towers with Radar,629,639,13,0,1281,0,1,4,0,5,629,640,17,0,1286,0,0,0,1286
11/14/2008,DTW,MI,AGL,CE,Towers with Radar,619,612,18,0,1249,0,0,2,0,2,619,612,20,0,1251,0,0,0,1251
11/15/2008,DTW,MI,AGL,CE,Towers with Radar,543,545,5,0,1093,0,0,0,0,0,543,545,5,0,1093,0,0,0,1093
11/16/2008,DTW,MI,AGL,CE,Towers with Radar,563,551,6,0,1120,0,0,2,0,2,563,551,8,0,1122,0,0,0,1122
11/17/2008,DTW,MI,AGL,CE,Towers with Radar,622,639,14,2,1277,0,0,0,0,0,622,639,14,2,1277,0,0,0,1277
11/18/2008,DTW,MI,AGL,CE,Towers with Radar,611,680,25,0,1316,0,1,2,0,3,611,681,27,0,1319,0,0,0,1319
11/19/2008,DTW,MI,AGL,CE,Towers with Radar,600,620,29,0,1249,0,0,4,1,5,600,620,33,1,1254,0,0,0,1254
11/20/2008,DTW,MI,AGL,CE,Towers with Radar,619,634,24,0,1277,0,2,0,0,2,619,636,24,0,1279,0,0,0,1279
11/21/2008,DTW,MI,AGL,CE,Towers with Radar,630,655,15,0,1300,0,4,6,0,10,630,659,21,0,1310,0,0,0,1310
11/22/2008,DTW,MI,AGL,CE,Towers with Radar,569,557,5,0,1131,0,0,4,0,4,569,557,9,0,1135,0,0,0,1135
11/23/2008,DTW,MI,AGL,CE,Towers with Radar,581,581,7,0,1169,0,0,0,0,0,581,581,7,0,1169,0,0,0,1169
11/24/2008,DTW,MI,AGL,CE,Towers with Radar,608,614,15,0,1237,0,0,0,0,0,608,614,15,0,1237,0,0,0,1237
11/25/2008,DTW,MI,AGL,CE,Towers with Radar,626,650,28,0,1304,0,2,0,0,2,626,652,28,0,1306,0,0,0,1306
11/26/2008,DTW,MI,AGL,CE,Towers with Radar,627,656,21,0,1304,0,1,0,0,1,627,657,21,0,1305,0,0,0,1305
11/27/2008,DTW,MI,AGL,CE,Towers with Radar,455,410,12,0,877,0,0,5,0,5,455,410,17,0,882,0,0,0,882
11/28/2008,DTW,MI,AGL,CE,Towers with Radar,464,459,6,0,929,0,1,0,0,1,464,460,6,0,930,0,0,0,930
11/29/2008,DTW,MI,AGL,CE,Towers with Radar,543,547,8,0,1098,0,0,0,0,0,543,547,8,0,1098,0,0,0,1098
11/30/2008,DTW,MI,AGL,CE,Towers with Radar,556,535,17,0,1108,0,0,1,0,1,556,535,18,0,1109,0,0,0,1109
12/01/2008,DTW,MI,AGL,CE,Towers with Radar,616,644,13,0,1273,0,1,0,0,1,616,645,13,0,1274,0,0,0,1274
12/02/2008,DTW,MI,AGL,CE,Towers with Radar,635,669,18,0,1322,0,0,3,0,3,635,669,21,0,1325,0,0,0,1325
12/03/2008,DTW,MI,AGL,CE,Towers with Radar,576,650,14,0,1240,0,0,1,0,1,576,650,15,0,1241,0,0,0,1241
12/04/2008,DTW,MI,AGL,CE,Towers with Radar,608,646,14,0,1268,1,1,0,0,2,609,647,14,0,1270,0,0,0,1270
12/05/2008,DTW,MI,AGL,CE,Towers with Radar,592,626,21,0,1239,0,3,1,0,4,592,629,22,0,1243,0,0,0,1243
12/06/2008,DTW,MI,AGL,CE,Towers with Radar,502,451,17,0,970,0,0,0,0,0,502,451,17,0,970,0,0,0,970
12/07/2008,DTW,MI,AGL,CE,Towers with Radar,533,557,10,0,1100,0,0,2,0,2,533,557,12,0,1102,0,0,0,1102
12/08/2008,DTW,MI,AGL,CE,Towers with Radar,567,610,16,1,1194,0,2,1,0,3,567,612,17,1,1197,0,0,0,1197
12/09/2008,DTW,MI,AGL,CE,Towers with Radar,585,624,26,0,1235,0,0,0,0,0,585,624,26,0,1235,0,0,0,1235
12/10/2008,DTW,MI,AGL,CE,Towers with Radar,587,637,20,0,1244,0,1,2,0,3,587,638,22,0,1247,0,0,0,1247
12/11/2008,DTW,MI,AGL,CE,Towers with Radar,596,627,7,2,1232,0,1,0,0,1,596,628,7,2,1233,0,0,0,1233
12/12/2008,DTW,MI,AGL,CE,Towers with Radar,603,624,21,0,1248,0,1,0,2,3,603,625,21,2,1251,0,0,0,1251
12/13/2008,DTW,MI,AGL,CE,Towers with Radar,490,466,10,0,966,0,0,5,2,7,490,466,15,2,973,0,0,0,973
12/14/2008,DTW,MI,AGL,CE,Towers with Radar,528,546,19,1,1094,0,0,2,0,2,528,546,21,1,1096,0,0,0,1096
12/15/2008,DTW,MI,AGL,CE,Towers with Radar,576,609,17,0,1202,0,1,0,0,1,576,610,17,0,1203,0,0,0,1203
12/16/2008,DTW,MI,AGL,CE,Towers with Radar,567,579,14,0,1160,0,0,0,0,0,567,579,14,0,1160,0,0,0,1160
12/17/2008,DTW,MI,AGL,CE,Towers with Radar,606,634,21,0,1261,0,0,0,0,0,606,634,21,0,1261,0,0,0,1261
12/18/2008,DTW,MI,AGL,CE,Towers with Radar,618,638,11,0,1267,0,0,1,0,1,618,638,12,0,1268,0,0,0,1268
12/19/2008,DTW,MI,AGL,CE,Towers with Radar,547,391,17,0,955,0,0,0,0,0,547,391,17,0,955,0,0,0,955
12/20/2008,DTW,MI,AGL,CE,Towers with Radar,580,580,19,0,1179,0,0,3,0,3,580,580,22,0,1182,0,0,0,1182
12/21/2008,DTW,MI,AGL,CE,Towers with Radar,531,491,7,0,1029,0,0,0,0,0,531,491,7,0,1029,0,0,0,1029
12/22/2008,DTW,MI,AGL,CE,Towers with Radar,619,598,18,0,1235,0,1,1,0,2,619,599,19,0,1237,0,0,0,1237
12/23/2008,DTW,MI,AGL,CE,Towers with Radar,589,586,15,0,1190,0,0,0,0,0,589,586,15,0,1190,0,0,0,1190
12/24/2008,DTW,MI,AGL,CE,Towers with Radar,598,625,9,0,1232,0,1,0,0,1,598,626,9,0,1233,0,0,0,1233
12/25/2008,DTW,MI,AGL,CE,Towers with Radar,534,587,4,0,1125,0,0,2,0,2,534,587,6,0,1127,0,0,0,1127
12/26/2008,DTW,MI,AGL,CE,Towers with Radar,561,616,28,0,1205,1,0,0,0,1,562,616,28,0,1206,0,0,0,1206
12/27/2008,DTW,MI,AGL,CE,Towers with Radar,579,537,6,0,1122,0,0,0,0,0,579,537,6,0,1122,0,0,0,1122
12/28/2008,DTW,MI,AGL,CE,Towers with Radar,550,581,12,0,1143,0,0,0,0,0,550,581,12,0,1143,0,0,0,1143
12/29/2008,DTW,MI,AGL,CE,Towers with Radar,598,650,3,0,1251,0,3,1,0,4,598,653,4,0,1255,0,0,0,1255
12/30/2008,DTW,MI,AGL,CE,Towers with Radar,618,643,10,0,1271,0,3,0,1,4,618,646,10,1,1275,0,0,0,1275
12/31/2008,DTW,MI,AGL,CE,Towers with Radar,579,630,8,0,1217,0,1,0,0,1,579,631,8,0,1218,0,0,0,1218
01/01/2009,DTW,MI,AGL,CE,Towers with Radar,585,647,7,0,1239,0,0,2,0,2,585,647,9,0,1241,0,0,0,1241
01/02/2009,DTW,MI,AGL,CE,Towers with Radar,609,634,6,0,1249,0,1,1,0,2,609,635,7,0,1251,0,0,0,1251
01/03/2009,DTW,MI,AGL,CE,Towers with Radar,572,601,4,0,1177,0,0,2,0,2,572,601,6,0,1179,0,0,0,1179
01/04/2009,DTW,MI,AGL,CE,Towers with Radar,570,585,12,0,1167,0,0,0,0,0,570,585,12,0,1167,0,0,0,1167
01/05/2009,DTW,MI,AGL,CE,Towers with Radar,569,629,11,0,1209,0,0,1,0,1,569,629,12,0,1210,0,0,0,1210
01/06/2009,DTW,MI,AGL,CE,Towers with Radar,538,568,13,0,1119,0,0,3,0,3,538,568,16,0,1122,0,0,0,1122
01/07/2009,DTW,MI,AGL,CE,Towers with Radar,566,621,12,0,1199,0,0,0,0,0,566,621,12,0,1199,0,0,0,1199
01/08/2009,DTW,MI,AGL,CE,Towers with Radar,578,658,9,0,1245,0,0,2,0,2,578,658,11,0,1247,0,0,0,1247
01/09/2009,DTW,MI,AGL,CE,Towers with Radar,568,590,11,1,1170,0,0,1,0,1,568,590,12,1,1171,0,0,0,1171
01/10/2009,DTW,MI,AGL,CE,Towers with Radar,486,502,9,0,997,0,0,0,0,0,486,502,9,0,997,0,0,0,997
01/11/2009,DTW,MI,AGL,CE,Towers with Radar,513,545,18,0,1076,0,0,2,0,2,513,545,20,0,1078,0,0,0,1078
01/12/2009,DTW,MI,AGL,CE,Towers with Radar,560,651,26,1,1238,0,0,2,0,2,560,651,28,1,1240,0,0,0,1240
01/13/2009,DTW,MI,AGL,CE,Towers with Radar,554,619,23,0,1196,0,0,0,0,0,554,619,23,0,1196,0,0,0,1196
01/14/2009,DTW,MI,AGL,CE,Towers with Radar,529,616,26,0,1171,0,0,0,0,0,529,616,26,0,1171,0,0,0,1171
01/15/2009,DTW,MI,AGL,CE,Towers with Radar,579,614,13,0,1206,0,0,0,0,0,579,614,13,0,1206,0,0,0,1206
01/16/2009,DTW,MI,AGL,CE,Towers with Radar,584,634,28,0,1246,1,2,2,0,5,585,636,30,0,1251,0,0,0,1251
01/17/2009,DTW,MI,AGL,CE,Towers with Radar,479,506,13,0,998,0,0,0,0,0,479,506,13,0,998,0,0,0,998
01/18/2009,DTW,MI,AGL,CE,Towers with Radar,514,560,9,0,1083,0,0,0,0,0,514,560,9,0,1083,0,0,0,1083
01/19/2009,DTW,MI,AGL,CE,Towers with Radar,546,627,23,0,1196,0,0,2,0,2,546,627,25,0,1198,0,0,0,1198
01/20/2009,DTW,MI,AGL,CE,Towers with Radar,576,638,8,0,1222,0,0,1,0,1,576,638,9,0,1223,0,0,0,1223
01/21/2009,DTW,MI,AGL,CE,Towers with Radar,560,642,17,0,1219,0,0,4,0,4,560,642,21,0,1223,0,0,0,1223
01/22/2009,DTW,MI,AGL,CE,Towers with Radar,564,619,16,0,1199,0,2,2,0,4,564,621,18,0,1203,0,0,0,1203
01/23/2009,DTW,MI,AGL,CE,Towers with Radar,574,625,15,0,1214,0,0,0,0,0,574,625,15,0,1214,0,0,0,1214
01/24/2009,DTW,MI,AGL,CE,Towers with Radar,486,526,4,0,1016,0,0,1,0,1,486,526,5,0,1017,0,0,0,1017
01/25/2009,DTW,MI,AGL,CE,Towers with Radar,509,561,11,0,1081,0,0,2,0,2,509,561,13,0,1083,0,0,0,1083
01/26/2009,DTW,MI,AGL,CE,Towers with Radar,550,597,20,0,1167,0,2,1,0,3,550,599,21,0,1170,0,0,0,1170
01/27/2009,DTW,MI,AGL,CE,Towers with Radar,551,604,8,0,1163,0,0,2,0,2,551,604,10,0,1165,0,0,0,1165
01/28/2009,DTW,MI,AGL,CE,Towers with Radar,538,517,22,0,1077,0,0,1,0,1,538,517,23,0,1078,0,0,0,1078
01/29/2009,DTW,MI,AGL,CE,Towers with Radar,574,606,11,0,1191,0,0,1,0,1,574,606,12,0,1192,0,0,0,1192
01/30/2009,DTW,MI,AGL,CE,Towers with Radar,576,636,10,0,1222,0,0,2,0,2,576,636,12,0,1224,0,0,0,1224
01/31/2009,DTW,MI,AGL,CE,Towers with Radar,498,538,5,0,1041,0,0,2,0,2,498,538,7,0,1043,0,0,0,1043
02/01/2009,DTW,MI,AGL,CE,Towers with Radar,504,562,8,0,1074,0,0,0,0,0,504,562,8,0,1074,0,0,0,1074
02/02/2009,DTW,MI,AGL,CE,Towers with Radar,553,625,11,0,1189,0,0,1,0,1,553,625,12,0,1190,0,0,0,1190
02/03/2009,DTW,MI,AGL,CE,Towers with Radar,536,589,20,0,1145,0,0,0,0,0,536,589,20,0,1145,0,0,0,1145
02/04/2009,DTW,MI,AGL,CE,Towers with Radar,571,644,19,0,1234,0,0,2,1,3,571,644,21,1,1237,0,0,0,1237
02/05/2009,DTW,MI,AGL,CE,Towers with Radar,569,620,16,0,1205,0,0,1,0,1,569,620,17,0,1206,0,0,0,1206
02/06/2009,DTW,MI,AGL,CE,Towers with Radar,582,621,16,1,1220,0,2,0,0,2,582,623,16,1,1222,0,0,0,1222
02/07/2009,DTW,MI,AGL,CE,Towers with Radar,490,513,7,0,1010,0,0,0,0,0,490,513,7,0,1010,0,0,0,1010
02/08/2009,DTW,MI,AGL,CE,Towers with Radar,517,559,10,0,1086,0,0,4,0,4,517,559,14,0,1090,0,0,0,1090
02/09/2009,DTW,MI,AGL,CE,Towers with Radar,557,615,22,0,1194,1,0,1,0,2,558,615,23,0,1196,0,0,0,1196
02/10/2009,DTW,MI,AGL,CE,Towers with Radar,561,610,22,0,1193,0,0,4,0,4,561,610,26,0,1197,0,0,0,1197
02/11/2009,DTW,MI,AGL,CE,Towers with Radar,584,598,13,0,1195,0,0,0,0,0,584,598,13,0,1195,0,0,0,1195
02/12/2009,DTW,MI,AGL,CE,Towers with Radar,637,604,13,0,1254,0,0,0,0,0,637,604,13,0,1254,0,0,0,1254
02/13/2009,DTW,MI,AGL,CE,Towers with Radar,649,606,11,0,1266,0,0,2,0,2,649,606,13,0,1268,0,0,0,1268
02/14/2009,DTW,MI,AGL,CE,Towers with Radar,542,487,7,0,1036,0,0,0,0,0,542,487,7,0,1036,0,0,0,1036
02/15/2009,DTW,MI,AGL,CE,Towers with Radar,599,543,13,0,1155,0,0,0,0,0,599,543,13,0,1155,0,0,0,1155
02/16/2009,DTW,MI,AGL,CE,Towers with Radar,622,606,22,0,1250,0,0,0,0,0,622,606,22,0,1250,0,0,0,1250
02/17/2009,DTW,MI,AGL,CE,Towers with Radar,624,616,20,0,1260,0,0,8,2,10,624,616,28,2,1270,0,0,0,1270
02/18/2009,DTW,MI,AGL,CE,Towers with Radar,623,605,14,0,1242,0,0,0,0,0,623,605,14,0,1242,0,0,0,1242
02/19/2009,DTW,MI,AGL,CE,Towers with Radar,642,554,19,0,1215,0,0,2,0,2,642,554,21,0,1217,0,0,0,1217
02/20/2009,DTW,MI,AGL,CE,Towers with Radar,644,617,29,0,1290,0,2,3,0,5,644,619,32,0,1295,0,0,0,1295
02/21/2009,DTW,MI,AGL,CE,Towers with Radar,555,480,4,0,1039,1,0,0,0,1,556,480,4,0,1040,0,0,0,1040
02/22/2009,DTW,MI,AGL,CE,Towers with Radar,585,539,12,2,1138,0,0,0,0,0,585,539,12,2,1138,0,0,0,1138
02/23/2009,DTW,MI,AGL,CE,Towers with Radar,629,620,15,0,1264,0,0,2,0,2,629,620,17,0,1266,0,0,0,1266
02/24/2009,DTW,MI,AGL,CE,Towers with Radar,625,611,18,0,1254,0,0,8,0,8,625,611,26,0,1262,0,0,0,1262
02/25/2009,DTW,MI,AGL,CE,Towers with Radar,619,603,32,1,1255,0,0,0,0,0,619,603,32,1,1255,0,0,0,1255
02/26/2009,DTW,MI,AGL,CE,Towers with Radar,629,593,17,0,1239,0,0,0,0,0,629,593,17,0,1239,0,0,0,1239
02/27/2009,DTW,MI,AGL,CE,Towers with Radar,645,588,12,0,1245,0,0,0,0,0,645,588,12,0,1245,0,0,0,1245
02/28/2009,DTW,MI,AGL,CE,Towers with Radar,564,522,13,0,1099,0,0,2,0,2,564,522,15,0,1101,0,0,0,1101
03/01/2009,DTW,MI,AGL,CE,Towers with Radar,544,523,12,0,1079,0,0,1,0,1,544,523,13,0,1080,0,0,0,1080
03/02/2009,DTW,MI,AGL,CE,Towers with Radar,589,556,22,0,1167,0,0,2,0,2,589,556,24,0,1169,0,0,0,1169
03/03/2009,DTW,MI,AGL,CE,Towers with Radar,625,604,26,0,1255,0,0,4,0,4,625,604,30,0,1259,0,0,0,1259
03/04/2009,DTW,MI,AGL,CE,Towers with Radar,629,598,18,0,1245,0,2,5,0,7,629,600,23,0,1252,0,0,0,1252
03/05/2009,DTW,MI,AGL,CE,Towers with Radar,638,603,23,0,1264,0,0,0,0,0,638,603,23,0,1264,0,0,0,1264
03/06/2009,DTW,MI,AGL,CE,Towers with Radar,656,601,14,0,1271,0,0,0,0,0,656,601,14,0,1271,0,0,0,1271
03/07/2009,DTW,MI,AGL,CE,Towers with Radar,561,489,11,0,1061,0,0,0,0,0,561,489,11,0,1061,0,0,0,1061
03/08/2009,DTW,MI,AGL,CE,Towers with Radar,561,533,8,0,1102,0,0,0,0,0,561,533,8,0,1102,0,0,0,1102
03/09/2009,DTW,MI,AGL,CE,Towers with Radar,653,617,4,0,1274,0,0,2,0,2,653,617,6,0,1276,0,0,0,1276
03/10/2009,DTW,MI,AGL,CE,Towers with Radar,609,592,12,0,1213,0,1,0,0,1,609,593,12,0,1214,0,0,0,1214
03/11/2009,DTW,MI,AGL,CE,Towers with Radar,632,515,12,0,1159,0,0,2,0,2,632,515,14,0,1161,0,0,0,1161
03/12/2009,DTW,MI,AGL,CE,Towers with Radar,647,587,12,0,1246,0,0,4,0,4,647,587,16,0,1250,0,0,0,1250
03/13/2009,DTW,MI,AGL,CE,Towers with Radar,648,611,10,1,1270,0,2,6,0,8,648,613,16,1,1278,0,0,0,1278
03/14/2009,DTW,MI,AGL,CE,Towers with Radar,567,496,13,0,1076,0,0,2,0,2,567,496,15,0,1078,0,0,0,1078
03/15/2009,DTW,MI,AGL,CE,Towers with Radar,581,547,8,1,1137,0,0,2,0,2,581,547,10,1,1139,0,0,0,1139
03/16/2009,DTW,MI,AGL,CE,Towers with Radar,638,609,13,0,1260,0,0,4,0,4,638,609,17,0,1264,0,0,0,1264
03/17/2009,DTW,MI,AGL,CE,Towers with Radar,631,611,14,0,1256,0,0,0,2,2,631,611,14,2,1258,0,0,0,1258
03/18/2009,DTW,MI,AGL,CE,Towers with Radar,636,598,12,0,1246,0,11,5,0,16,636,609,17,0,1262,0,0,0,1262
03/19/2009,DTW,MI,AGL,CE,Towers with Radar,639,610,29,0,1278,0,13,0,0,13,639,623,29,0,1291,0,0,0,1291
03/20/2009,DTW,MI,AGL,CE,Towers with Radar,651,606,9,0,1266,0,6,2,0,8,651,612,11,0,1274,0,0,0,1274
03/21/2009,DTW,MI,AGL,CE,Towers with Radar,564,502,6,0,1072,0,0,0,0,0,564,502,6,0,1072,0,0,0,1072
03/22/2009,DTW,MI,AGL,CE,Towers with Radar,573,545,11,0,1129,0,0,0,0,0,573,545,11,0,1129,0,0,0,1129
03/23/2009,DTW,MI,AGL,CE,Towers with Radar,636,609,19,0,1264,0,0,0,0,0,636,609,19,0,1264,0,0,0,1264
03/24/2009,DTW,MI,AGL,CE,Towers with Radar,621,604,11,0,1236,0,2,2,0,4,621,606,13,0,1240,0,0,0,1240
03/25/2009,DTW,MI,AGL,CE,Towers with Radar,628,594,13,0,1235,0,0,1,0,1,628,594,14,0,1236,0,0,0,1236
03/26/2009,DTW,MI,AGL,CE,Towers with Radar,642,595,17,0,1254,0,1,7,0,8,642,596,24,0,1262,0,0,0,1262
03/27/2009,DTW,MI,AGL,CE,Towers with Radar,651,600,27,0,1278,0,1,8,0,9,651,601,35,0,1287,0,0,0,1287
03/28/2009,DTW,MI,AGL,CE,Towers with Radar,569,491,6,1,1067,0,0,4,0,4,569,491,10,1,1071,0,0,0,1071
03/29/2009,DTW,MI,AGL,CE,Towers with Radar,544,514,13,0,1071,0,0,2,0,2,544,514,15,0,1073,0,0,0,1073
03/30/2009,DTW,MI,AGL,CE,Towers with Radar,665,621,16,0,1302,0,0,0,0,0,665,621,16,0,1302,0,0,0,1302
03/31/2009,DTW,MI,AGL,CE,Towers with Radar,624,605,30,0,1259,0,0,4,0,4,624,605,34,0,1263,0,0,0,1263
04/01/2009,DTW,MI,AGL,CE,Towers with Radar,633,597,14,0,1244,0,0,2,0,2,633,597,16,0,1246,0,0,0,1246
04/02/2009,DTW,MI,AGL,CE,Towers with Radar,627,586,21,0,1234,0,5,2,0,7,627,591,23,0,1241,0,0,0,1241
04/03/2009,DTW,MI,AGL,CE,Towers with Radar,612,557,32,0,1201,0,0,0,0,0,612,557,32,0,1201,0,0,0,1201
04/04/2009,DTW,MI,AGL,CE,Towers with Radar,615,540,30,1,1186,0,0,6,0,6,615,540,36,1,1192,0,0,0,1192
04/05/2009,DTW,MI,AGL,CE,Towers with Radar,574,555,36,0,1165,0,0,4,0,4,574,555,40,0,1169,0,0,0,1169
04/06/2009,DTW,MI,AGL,CE,Towers with Radar,656,597,23,0,1276,0,0,0,0,0,656,597,23,0,1276,0,0,0,1276
04/07/2009,DTW,MI,AGL,CE,Towers with Radar,674,641,65,0,1380,0,1,0,0,1,674,642,65,0,1381,0,0,0,1381
04/08/2009,DTW,MI,AGL,CE,Towers with Radar,651,623,23,0,1297,0,0,0,0,0,651,623,23,0,1297,0,0,0,1297
04/09/2009,DTW,MI,AGL,CE,Towers with Radar,671,611,26,0,1308,0,2,8,0,10,671,613,34,0,1318,0,0,0,1318
04/10/2009,DTW,MI,AGL,CE,Towers with Radar,677,636,6,0,1319,0,1,7,0,8,677,637,13,0,1327,0,0,0,1327
04/11/2009,DTW,MI,AGL,CE,Towers with Radar,570,493,12,0,1075,0,0,0,0,0,570,493,12,0,1075,0,0,0,1075
04/12/2009,DTW,MI,AGL,CE,Towers with Radar,604,566,11,0,1181,0,1,2,0,3,604,567,13,0,1184,0,0,0,1184
04/13/2009,DTW,MI,AGL,CE,Towers with Radar,655,613,10,0,1278,0,0,2,0,2,655,613,12,0,1280,0,0,0,1280
04/14/2009,DTW,MI,AGL,CE,Towers with Radar,636,612,14,0,1262,0,8,0,0,8,636,620,14,0,1270,0,0,0,1270
04/15/2009,DTW,MI,AGL,CE,Towers with Radar,649,618,27,2,1296,0,3,0,0,3,649,621,27,2,1299,0,0,0,1299
04/16/2009,DTW,MI,AGL,CE,Towers with Radar,650,618,10,1,1279,0,7,7,2,16,650,625,17,3,1295,0,0,0,1295
04/17/2009,DTW,MI,AGL,CE,Towers with Radar,666,620,20,0,1306,0,8,3,0,11,666,628,23,0,1317,0,0,0,1317
04/18/2009,DTW,MI,AGL,CE,Towers with Radar,574,490,7,2,1073,0,0,6,0,6,574,490,13,2,1079,0,0,0,1079
04/19/2009,DTW,MI,AGL,CE,Towers with Radar,580,553,16,0,1149,0,0,1,0,1,580,553,17,0,1150,0,0,0,1150
04/20/2009,DTW,MI,AGL,CE,Towers with Radar,641,617,25,0,1283,0,0,0,0,0,641,617,25,0,1283,0,0,0,1283
04/21/2009,DTW,MI,AGL,CE,Towers with Radar,628,606,24,0,1258,0,0,2,0,2,628,606,26,0,1260,0,0,0,1260
04/22/2009,DTW,MI,AGL,CE,Towers with Radar,642,603,24,0,1269,0,0,4,0,4,642,603,28,0,1273,0,0,0,1273
04/23/2009,DTW,MI,AGL,CE,Towers with Radar,624,626,25,0,1275,0,0,4,0,4,624,626,29,0,1279,0,0,0,1279
04/24/2009,DTW,MI,AGL,CE,Towers with Radar,664,604,14,0,1282,0,0,3,2,5,664,604,17,2,1287,0,0,0,1287
04/25/2009,DTW,MI,AGL,CE,Towers with Radar,537,505,6,0,1048,0,0,4,0,4,537,505,10,0,1052,0,0,0,1052
04/26/2009,DTW,MI,AGL,CE,Towers with Radar,567,565,9,0,1141,0,0,4,0,4,567,565,13,0,1145,0,0,0,1145
04/27/2009,DTW,MI,AGL,CE,Towers with Radar,632,614,10,0,1256,0,0,2,0,2,632,614,12,0,1258,0,0,0,1258
04/28/2009,DTW,MI,AGL,CE,Towers with Radar,639,616,18,0,1273,0,0,1,0,1,639,616,19,0,1274,0,0,0,1274
04/29/2009,DTW,MI,AGL,CE,Towers with Radar,642,617,20,0,1279,0,0,4,0,4,642,617,24,0,1283,0,0,0,1283
04/30/2009,DTW,MI,AGL,CE,Towers with Radar,636,622,16,0,1274,0,0,0,0,0,636,622,16,0,1274,0,0,0,1274
05/01/2009,DTW,MI,AGL,CE,Towers with Radar,632,615,13,0,1260,0,0,6,0,6,632,615,19,0,1266,0,0,0,1266
05/02/2009,DTW,MI,AGL,CE,Towers with Radar,530,501,4,0,1035,0,0,4,0,4,530,501,8,0,1039,0,0,0,1039
05/03/2009,DTW,MI,AGL,CE,Towers with Radar,559,584,22,0,1165,0,0,3,0,3,559,584,25,0,1168,0,0,0,1168
05/04/2009,DTW,MI,AGL,CE,Towers with Radar,611,612,23,0,1246,0,0,2,0,2,611,612,25,0,1248,0,0,0,1248
05/05/2009,DTW,MI,AGL,CE,Towers with Radar,598,639,16,0,1253,0,0,7,0,7,598,639,23,0,1260,0,0,0,1260
05/06/2009,DTW,MI,AGL,CE,Towers with Radar,610,622,26,0,1258,0,0,7,0,7,610,622,33,0,1265,0,0,0,1265
05/07/2009,DTW,MI,AGL,CE,Towers with Radar,610,623,18,0,1251,0,0,0,0,0,610,623,18,0,1251,0,0,0,1251
05/08/2009,DTW,MI,AGL,CE,Towers with Radar,626,620,20,0,1266,0,0,0,0,0,626,620,20,0,1266,0,0,0,1266
05/09/2009,DTW,MI,AGL,CE,Towers with Radar,515,499,4,0,1018,0,4,2,0,6,515,503,6,0,1024,0,0,0,1024
05/10/2009,DTW,MI,AGL,CE,Towers with Radar,543,578,11,0,1132,0,0,4,0,4,543,578,15,0,1136,0,0,0,1136
05/11/2009,DTW,MI,AGL,CE,Towers with Radar,601,626,17,0,1244,0,0,5,0,5,601,626,22,0,1249,0,0,0,1249
05/12/2009,DTW,MI,AGL,CE,Towers with Radar,586,627,26,0,1239,0,1,4,0,5,586,628,30,0,1244,0,0,0,1244
05/13/2009,DTW,MI,AGL,CE,Towers with Radar,595,617,22,1,1235,0,0,4,0,4,595,617,26,1,1239,0,0,0,1239
05/14/2009,DTW,MI,AGL,CE,Towers with Radar,617,644,10,0,1271,0,0,3,0,3,617,644,13,0,1274,0,0,0,1274
05/15/2009,DTW,MI,AGL,CE,Towers with Radar,631,622,15,0,1268,0,1,3,0,4,631,623,18,0,1272,0,0,0,1272
05/16/2009,DTW,MI,AGL,CE,Towers with Radar,509,495,4,0,1008,0,1,0,0,1,509,496,4,0,1009,0,0,0,1009
05/17/2009,DTW,MI,AGL,CE,Towers with Radar,548,590,14,0,1152,0,0,3,0,3,548,590,17,0,1155,0,0,0,1155
05/18/2009,DTW,MI,AGL,CE,Towers with Radar,599,631,21,0,1251,0,0,0,0,0,599,631,21,0,1251,0,0,0,1251
05/19/2009,DTW,MI,AGL,CE,Towers with Radar,593,624,21,0,1238,0,0,10,0,10,593,624,31,0,1248,0,0,0,1248
05/20/2009,DTW,MI,AGL,CE,Towers with Radar,608,627,23,0,1258,0,0,5,0,5,608,627,28,0,1263,0,0,0,1263
05/21/2009,DTW,MI,AGL,CE,Towers with Radar,500,521,16,0,1037,0,1,5,0,6,500,522,21,0,1043,0,0,0,1043
05/22/2009,DTW,MI,AGL,CE,Towers with Radar,635,625,22,0,1282,0,0,2,0,2,635,625,24,0,1284,0,0,0,1284
05/23/2009,DTW,MI,AGL,CE,Towers with Radar,522,490,4,0,1016,0,0,2,0,2,522,490,6,0,1018,0,0,0,1018
05/24/2009,DTW,MI,AGL,CE,Towers with Radar,485,466,7,0,958,0,0,2,0,2,485,466,9,0,960,0,0,0,960
05/25/2009,DTW,MI,AGL,CE,Towers with Radar,547,576,6,3,1132,0,0,3,0,3,547,576,9,3,1135,0,0,0,1135
05/26/2009,DTW,MI,AGL,CE,Towers with Radar,588,617,13,2,1220,0,0,0,0,0,588,617,13,2,1220,0,0,0,1220
05/27/2009,DTW,MI,AGL,CE,Towers with Radar,599,617,21,0,1237,0,0,0,0,0,599,617,21,0,1237,0,0,0,1237
05/28/2009,DTW,MI,AGL,CE,Towers with Radar,610,642,17,0,1269,0,0,0,0,0,610,642,17,0,1269,0,0,0,1269
05/29/2009,DTW,MI,AGL,CE,Towers with Radar,615,623,14,0,1252,0,0,7,0,7,615,623,21,0,1259,0,0,0,1259
05/30/2009,DTW,MI,AGL,CE,Towers with Radar,523,492,14,0,1029,0,0,3,2,5,523,492,17,2,1034,0,0,0,1034
05/31/2009,DTW,MI,AGL,CE,Towers with Radar,540,574,10,0,1124,0,0,12,0,12,540,574,22,0,1136,0,0,0,1136
06/01/2009,DTW,MI,AGL,CE,Towers with Radar,597,627,10,0,1234,0,0,0,0,0,597,627,10,0,1234,0,0,0,1234
06/02/2009,DTW,MI,AGL,CE,Towers with Radar,599,625,18,0,1242,0,6,5,0,11,599,631,23,0,1253,0,0,0,1253
06/03/2009,DTW,MI,AGL,CE,Towers with Radar,595,635,24,0,1254,0,4,4,0,8,595,639,28,0,1262,0,0,0,1262
06/04/2009,DTW,MI,AGL,CE,Towers with Radar,642,644,26,0,1312,0,0,4,2,6,642,644,30,2,1318,0,0,0,1318
06/05/2009,DTW,MI,AGL,CE,Towers with Radar,626,622,23,0,1271,2,4,5,0,11,628,626,28,0,1282,0,0,0,1282
06/06/2009,DTW,MI,AGL,CE,Towers with Radar,557,541,9,0,1107,0,0,9,0,9,557,541,18,0,1116,0,0,0,1116
06/07/2009,DTW,MI,AGL,CE,Towers with Radar,565,602,20,0,1187,0,0,2,0,2,565,602,22,0,1189,0,0,0,1189
06/08/2009,DTW,MI,AGL,CE,Towers with Radar,608,621,17,0,1246,0,0,3,0,3,608,621,20,0,1249,0,0,0,1249
06/09/2009,DTW,MI,AGL,CE,Towers with Radar,624,628,20,0,1272,0,0,1,0,1,624,628,21,0,1273,0,0,0,1273
06/10/2009,DTW,MI,AGL,CE,Towers with Radar,627,625,20,0,1272,0,0,1,0,1,627,625,21,0,1273,0,0,0,1273
06/11/2009,DTW,MI,AGL,CE,Towers with Radar,627,617,16,0,1260,0,0,0,0,0,627,617,16,0,1260,0,0,0,1260
06/12/2009,DTW,MI,AGL,CE,Towers with Radar,650,638,23,0,1311,0,0,1,0,1,650,638,24,0,1312,0,0,0,1312
06/13/2009,DTW,MI,AGL,CE,Towers with Radar,559,519,15,0,1093,0,0,4,2,6,559,519,19,2,1099,0,0,0,1099
06/14/2009,DTW,MI,AGL,CE,Towers with Radar,566,585,6,1,1158,0,0,8,2,10,566,585,14,3,1168,0,0,0,1168
06/15/2009,DTW,MI,AGL,CE,Towers with Radar,622,617,24,0,1263,0,0,0,0,0,622,617,24,0,1263,0,0,0,1263
06/16/2009,DTW,MI,AGL,CE,Towers with Radar,631,646,16,0,1293,0,0,4,0,4,631,646,20,0,1297,0,0,0,1297
06/17/2009,DTW,MI,AGL,CE,Towers with Radar,648,637,31,0,1316,0,0,0,0,0,648,637,31,0,1316,0,0,0,1316
06/18/2009,DTW,MI,AGL,CE,Towers with Radar,633,625,18,0,1276,0,0,6,0,6,633,625,24,0,1282,0,0,0,1282
06/19/2009,DTW,MI,AGL,CE,Towers with Radar,623,611,16,0,1250,0,0,9,0,9,623,611,25,0,1259,0,0,0,1259
06/20/2009,DTW,MI,AGL,CE,Towers with Radar,577,529,14,0,1120,0,0,0,0,0,577,529,14,0,1120,0,0,0,1120
06/21/2009,DTW,MI,AGL,CE,Towers with Radar,561,601,7,1,1170,0,0,2,0,2,561,601,9,1,1172,0,0,0,1172
06/22/2009,DTW,MI,AGL,CE,Towers with Radar,633,648,23,2,1306,0,0,3,0,3,633,648,26,2,1309,0,0,0,1309
06/23/2009,DTW,MI,AGL,CE,Towers with Radar,642,655,22,0,1319,0,0,2,2,4,642,655,24,2,1323,0,0,0,1323
06/24/2009,DTW,MI,AGL,CE,Towers with Radar,632,638,24,0,1294,0,4,3,0,7,632,642,27,0,1301,0,0,0,1301
06/25/2009,DTW,MI,AGL,CE,Towers with Radar,575,508,22,1,1106,0,0,3,0,3,575,508,25,1,1109,0,0,0,1109
06/26/2009,DTW,MI,AGL,CE,Towers with Radar,669,652,12,1,1334,0,1,0,0,1,669,653,12,1,1335,0,0,0,1335
06/27/2009,DTW,MI,AGL,CE,Towers with Radar,557,536,14,0,1107,0,0,0,0,0,557,536,14,0,1107,0,0,0,1107
06/28/2009,DTW,MI,AGL,CE,Towers with Radar,559,616,22,1,1198,0,0,1,0,1,559,616,23,1,1199,0,0,0,1199
06/29/2009,DTW,MI,AGL,CE,Towers with Radar,627,629,12,0,1268,0,1,0,2,3,627,630,12,2,1271,0,0,0,1271
06/30/2009,DTW,MI,AGL,CE,Towers with Radar,610,610,14,1,1235,0,0,2,0,2,610,610,16,1,1237,0,0,0,1237
07/01/2009,DTW,MI,AGL,CE,Towers with Radar,612,658,27,0,1297,0,0,4,0,4,612,658,31,0,1301,0,0,0,1301
07/02/2009,DTW,MI,AGL,CE,Towers with Radar,604,669,14,0,1287,0,0,0,0,0,604,669,14,0,1287,0,0,0,1287
07/03/2009,DTW,MI,AGL,CE,Towers with Radar,607,658,5,0,1270,0,0,8,0,8,607,658,13,0,1278,0,0,0,1278
07/04/2009,DTW,MI,AGL,CE,Towers with Radar,486,456,4,0,946,0,0,2,0,2,486,456,6,0,948,0,0,0,948
07/05/2009,DTW,MI,AGL,CE,Towers with Radar,540,616,14,0,1170,0,0,1,0,1,540,616,15,0,1171,0,0,0,1171
07/06/2009,DTW,MI,AGL,CE,Towers with Radar,608,664,11,0,1283,0,0,0,0,0,608,664,11,0,1283,0,0,0,1283
07/07/2009,DTW,MI,AGL,CE,Towers with Radar,587,659,16,0,1262,0,0,3,0,3,587,659,19,0,1265,0,0,0,1265
07/08/2009,DTW,MI,AGL,CE,Towers with Radar,610,663,27,0,1300,0,3,1,0,4,610,666,28,0,1304,0,0,0,1304
07/09/2009,DTW,MI,AGL,CE,Towers with Radar,611,665,12,0,1288,0,0,2,0,2,611,665,14,0,1290,0,0,0,1290
07/10/2009,DTW,MI,AGL,CE,Towers with Radar,604,658,17,0,1279,0,0,4,0,4,604,658,21,0,1283,0,0,0,1283
07/11/2009,DTW,MI,AGL,CE,Towers with Radar,536,533,15,0,1084,0,0,4,0,4,536,533,19,0,1088,0,0,0,1088
07/12/2009,DTW,MI,AGL,CE,Towers with Radar,542,622,15,1,1180,0,0,2,0,2,542,622,17,1,1182,0,0,0,1182
07/13/2009,DTW,MI,AGL,CE,Towers with Radar,598,668,18,0,1284,0,1,4,0,5,598,669,22,0,1289,0,0,0,1289
07/14/2009,DTW,MI,AGL,CE,Towers with Radar,604,650,22,0,1276,0,2,3,0,5,604,652,25,0,1281,0,0,0,1281
07/15/2009,DTW,MI,AGL,CE,Towers with Radar,608,659,23,0,1290,0,0,0,0,0,608,659,23,0,1290,0,0,0,1290
07/16/2009,DTW,MI,AGL,CE,Towers with Radar,601,655,20,0,1276,0,2,5,0,7,601,657,25,0,1283,0,0,0,1283
07/17/2009,DTW,MI,AGL,CE,Towers with Radar,620,669,29,0,1318,0,0,2,0,2,620,669,31,0,1320,0,0,0,1320
07/18/2009,DTW,MI,AGL,CE,Towers with Radar,537,560,8,0,1105,0,1,0,0,1,537,561,8,0,1106,0,0,0,1106
07/19/2009,DTW,MI,AGL,CE,Towers with Radar,544,612,21,0,1177,0,0,2,0,2,544,612,23,0,1179,0,0,0,1179
07/20/2009,DTW,MI,AGL,CE,Towers with Radar,600,665,16,0,1281,0,0,3,0,3,600,665,19,0,1284,0,0,0,1284
07/21/2009,DTW,MI,AGL,CE,Towers with Radar,597,644,35,0,1276,0,0,0,0,0,597,644,35,0,1276,0,0,0,1276
07/22/2009,DTW,MI,AGL,CE,Towers with Radar,615,675,22,0,1312,0,0,6,0,6,615,675,28,0,1318,0,0,0,1318
07/23/2009,DTW,MI,AGL,CE,Towers with Radar,595,648,35,0,1278,0,0,0,0,0,595,648,35,0,1278,0,0,0,1278
07/24/2009,DTW,MI,AGL,CE,Towers with Radar,634,664,24,0,1322,0,0,7,1,8,634,664,31,1,1330,0,0,0,1330
07/25/2009,DTW,MI,AGL,CE,Towers with Radar,533,550,8,13,1104,0,0,5,0,5,533,550,13,13,1109,0,0,0,1109
07/26/2009,DTW,MI,AGL,CE,Towers with Radar,532,607,11,7,1157,0,0,3,0,3,532,607,14,7,1160,0,0,0,1160
07/27/2009,DTW,MI,AGL,CE,Towers with Radar,613,673,17,3,1306,0,0,2,0,2,613,673,19,3,1308,0,0,0,1308
07/28/2009,DTW,MI,AGL,CE,Towers with Radar,599,643,19,4,1265,0,2,2,0,4,599,645,21,4,1269,0,0,0,1269
07/29/2009,DTW,MI,AGL,CE,Towers with Radar,596,647,21,4,1268,0,0,0,0,0,596,647,21,4,1268,0,0,0,1268
07/30/2009,DTW,MI,AGL,CE,Towers with Radar,609,661,26,2,1298,0,0,5,0,5,609,661,31,2,1303,0,0,0,1303
07/31/2009,DTW,MI,AGL,CE,Towers with Radar,604,641,12,0,1257,0,1,2,0,3,604,642,14,0,1260,0,0,0,1260
08/01/2009,DTW,MI,AGL,CE,Towers with Radar,540,558,11,0,1109,0,1,0,0,1,540,559,11,0,1110,0,0,0,1110
08/02/2009,DTW,MI,AGL,CE,Towers with Radar,531,590,24,2,1147,0,0,4,0,4,531,590,28,2,1151,0,0,0,1151
08/03/2009,DTW,MI,AGL,CE,Towers with Radar,609,675,18,0,1302,0,0,0,0,0,609,675,18,0,1302,0,0,0,1302
08/04/2009,DTW,MI,AGL,CE,Towers with Radar,600,638,18,2,1258,0,0,5,0,5,600,638,23,2,1263,0,0,0,1263
08/05/2009,DTW,MI,AGL,CE,Towers with Radar,606,652,20,1,1279,1,2,1,0,4,607,654,21,1,1283,0,0,0,1283
08/06/2009,DTW,MI,AGL,CE,Towers with Radar,608,687,30,0,1325,0,0,11,0,11,608,687,41,0,1336,0,0,0,1336
08/07/2009,DTW,MI,AGL,CE,Towers with Radar,610,653,22,0,1285,0,0,1,0,1,610,653,23,0,1286,0,0,0,1286
08/08/2009,DTW,MI,AGL,CE,Towers with Radar,532,542,5,2,1081,0,0,0,0,0,532,542,5,2,1081,0,0,0,1081
08/09/2009,DTW,MI,AGL,CE,Towers with Radar,521,573,9,0,1103,0,0,0,0,0,521,573,9,0,1103,0,0,0,1103
08/10/2009,DTW,MI,AGL,CE,Towers with Radar,626,660,15,0,1301,0,0,1,0,1,626,660,16,0,1302,0,0,0,1302
08/11/2009,DTW,MI,AGL,CE,Towers with Radar,607,641,20,0,1268,0,1,8,0,9,607,642,28,0,1277,0,0,0,1277
08/12/2009,DTW,MI,AGL,CE,Towers with Radar,596,672,13,0,1281,0,0,2,0,2,596,672,15,0,1283,0,0,0,1283
08/13/2009,DTW,MI,AGL,CE,Towers with Radar,620,658,19,0,1297,0,2,2,1,5,620,660,21,1,1302,0,0,0,1302
08/14/2009,DTW,MI,AGL,CE,Towers with Radar,620,650,9,0,1279,0,0,3,0,3,620,650,12,0,1282,0,0,0,1282
08/15/2009,DTW,MI,AGL,CE,Towers with Radar,530,548,19,1,1098,0,2,1,0,3,530,550,20,1,1101,0,0,0,1101
08/16/2009,DTW,MI,AGL,CE,Towers with Radar,538,609,11,1,1159,0,0,4,0,4,538,609,15,1,1163,0,0,0,1163
08/17/2009,DTW,MI,AGL,CE,Towers with Radar,603,650,10,2,1265,0,0,2,0,2,603,650,12,2,1267,0,0,0,1267
08/18/2009,DTW,MI,AGL,CE,Towers with Radar,570,612,24,0,1206,0,0,4,0,4,570,612,28,0,1210,0,0,0,1210
08/19/2009,DTW,MI,AGL,CE,Towers with Radar,549,632,35,0,1216,0,0,2,0,2,549,632,37,0,1218,0,0,0,1218
08/20/2009,DTW,MI,AGL,CE,Towers with Radar,570,619,12,0,1201,0,1,0,0,1,570,620,12,0,1202,0,0,0,1202
08/21/2009,DTW,MI,AGL,CE,Towers with Radar,553,629,21,0,1203,0,0,3,0,3,553,629,24,0,1206,0,0,0,1206
08/22/2009,DTW,MI,AGL,CE,Towers with Radar,507,471,11,0,989,0,0,2,0,2,507,471,13,0,991,0,0,0,991
08/23/2009,DTW,MI,AGL,CE,Towers with Radar,507,564,6,0,1077,0,0,6,1,7,507,564,12,1,1084,0,0,0,1084
08/24/2009,DTW,MI,AGL,CE,Towers with Radar,562,642,26,0,1230,0,2,8,1,11,562,644,34,1,1241,0,0,0,1241
08/25/2009,DTW,MI,AGL,CE,Towers with Radar,554,622,22,0,1198,0,0,3,0,3,554,622,25,0,1201,0,0,0,1201
08/26/2009,DTW,MI,AGL,CE,Towers with Radar,557,631,20,0,1208,0,0,0,0,0,557,631,20,0,1208,0,0,0,1208
08/27/2009,DTW,MI,AGL,CE,Towers with Radar,564,636,20,0,1220,0,0,1,0,1,564,636,21,0,1221,0,0,0,1221
08/28/2009,DTW,MI,AGL,CE,Towers with Radar,560,606,15,0,1181,0,0,1,0,1,560,606,16,0,1182,0,0,0,1182
08/29/2009,DTW,MI,AGL,CE,Towers with Radar,490,478,9,0,977,0,0,2,0,2,490,478,11,0,979,0,0,0,979
08/30/2009,DTW,MI,AGL,CE,Towers with Radar,513,571,5,0,1089,0,0,4,0,4,513,571,9,0,1093,0,0,0,1093
08/31/2009,DTW,MI,AGL,CE,Towers with Radar,550,632,23,0,1205,0,0,13,0,13,550,632,36,0,1218,0,0,0,1218
09/01/2009,DTW,MI,AGL,CE,Towers with Radar,540,617,22,0,1179,0,0,7,0,7,540,617,29,0,1186,0,0,0,1186
09/02/2009,DTW,MI,AGL,CE,Towers with Radar,554,630,29,0,1213,0,0,2,0,2,554,630,31,0,1215,0,0,0,1215
09/03/2009,DTW,MI,AGL,CE,Towers with Radar,550,636,20,0,1206,0,0,8,0,8,550,636,28,0,1214,0,0,0,1214
09/04/2009,DTW,MI,AGL,CE,Towers with Radar,562,633,15,0,1210,0,0,0,0,0,562,633,15,0,1210,0,0,0,1210
09/05/2009,DTW,MI,AGL,CE,Towers with Radar,471,440,5,0,916,0,0,0,0,0,471,440,5,0,916,0,0,0,916
09/06/2009,DTW,MI,AGL,CE,Towers with Radar,426,424,5,0,855,0,1,1,0,2,426,425,6,0,857,0,0,0,857
09/07/2009,DTW,MI,AGL,CE,Towers with Radar,505,570,10,0,1085,0,0,3,0,3,505,570,13,0,1088,0,0,0,1088
09/08/2009,DTW,MI,AGL,CE,Towers with Radar,545,629,20,0,1194,0,0,1,0,1,545,629,21,0,1195,0,0,0,1195
09/09/2009,DTW,MI,AGL,CE,Towers with Radar,541,638,28,0,1207,0,0,2,0,2,541,638,30,0,1209,0,0,0,1209
09/10/2009,DTW,MI,AGL,CE,Towers with Radar,555,634,17,0,1206,0,0,0,0,0,555,634,17,0,1206,0,0,0,1206
09/11/2009,DTW,MI,AGL,CE,Towers with Radar,545,616,15,0,1176,1,0,0,0,1,546,616,15,0,1177,0,0,0,1177
09/12/2009,DTW,MI,AGL,CE,Towers with Radar,472,446,9,0,927,0,0,2,0,2,472,446,11,0,929,0,0,0,929
09/13/2009,DTW,MI,AGL,CE,Towers with Radar,504,566,17,0,1087,0,1,0,0,1,504,567,17,0,1088,0,0,0,1088
09/14/2009,DTW,MI,AGL,CE,Towers with Radar,551,630,14,0,1195,0,1,8,0,9,551,631,22,0,1204,0,0,0,1204
09/15/2009,DTW,MI,AGL,CE,Towers with Radar,533,639,19,1,1192,0,0,4,0,4,533,639,23,1,1196,0,0,0,1196
09/16/2009,DTW,MI,AGL,CE,Towers with Radar,532,640,21,1,1194,0,4,10,0,14,532,644,31,1,1208,0,0,0,1208
09/17/2009,DTW,MI,AGL,CE,Towers with Radar,554,642,23,0,1219,0,0,0,1,1,554,642,23,1,1220,0,0,0,1220
09/18/2009,DTW,MI,AGL,CE,Towers with Radar,568,633,29,0,1230,0,0,6,0,6,568,633,35,0,1236,0,0,0,1236
09/19/2009,DTW,MI,AGL,CE,Towers with Radar,458,440,8,1,907,0,0,3,0,3,458,440,11,1,910,0,0,0,910
09/20/2009,DTW,MI,AGL,CE,Towers with Radar,517,566,14,0,1097,0,0,7,0,7,517,566,21,0,1104,0,0,0,1104
09/21/2009,DTW,MI,AGL,CE,Towers with Radar,544,622,17,0,1183,0,0,0,0,0,544,622,17,0,1183,0,0,0,1183
09/22/2009,DTW,MI,AGL,CE,Towers with Radar,543,634,25,1,1203,0,0,0,0,0,543,634,25,1,1203,0,0,0,1203
09/23/2009,DTW,MI,AGL,CE,Towers with Radar,536,637,20,2,1195,0,0,8,0,8,536,637,28,2,1203,0,0,0,1203
09/24/2009,DTW,MI,AGL,CE,Towers with Radar,561,631,24,0,1216,0,0,4,0,4,561,631,28,0,1220,0,0,0,1220
09/25/2009,DTW,MI,AGL,CE,Towers with Radar,562,634,17,0,1213,1,0,2,0,3,563,634,19,0,1216,0,0,0,1216
09/26/2009,DTW,MI,AGL,CE,Towers with Radar,465,446,22,0,933,1,0,1,0,2,466,446,23,0,935,0,0,0,935
09/27/2009,DTW,MI,AGL,CE,Towers with Radar,515,559,14,0,1088,0,0,2,0,2,515,559,16,0,1090,0,0,0,1090
09/28/2009,DTW,MI,AGL,CE,Towers with Radar,545,632,25,0,1202,0,0,0,0,0,545,632,25,0,1202,0,0,0,1202
09/29/2009,DTW,MI,AGL,CE,Towers with Radar,542,635,17,0,1194,0,0,4,0,4,542,635,21,0,1198,0,0,0,1198
09/30/2009,DTW,MI,AGL,CE,Towers with Radar,541,631,19,0,1191,0,1,3,0,4,541,632,22,0,1195,0,0,0,1195
10/01/2009,DTW,MI,AGL,CE,Towers with Radar,550,621,10,0,1181,0,2,5,0,7,550,623,15,0,1188,0,0,0,1188
10/02/2009,DTW,MI,AGL,CE,Towers with Radar,569,643,21,0,1233,0,0,0,0,0,569,643,21,0,1233,0,0,0,1233
10/03/2009,DTW,MI,AGL,CE,Towers with Radar,460,450,11,0,921,0,0,2,2,4,460,450,13,2,925,0,0,0,925
10/04/2009,DTW,MI,AGL,CE,Towers with Radar,517,552,12,0,1081,0,0,7,0,7,517,552,19,0,1088,0,0,0,1088
10/05/2009,DTW,MI,AGL,CE,Towers with Radar,545,637,24,0,1206,0,1,5,0,6,545,638,29,0,1212,0,0,0,1212
10/06/2009,DTW,MI,AGL,CE,Towers with Radar,532,638,22,0,1192,0,0,5,2,7,532,638,27,2,1199,0,0,0,1199
10/07/2009,DTW,MI,AGL,CE,Towers with Radar,538,630,16,0,1184,0,1,0,0,1,538,631,16,0,1185,0,0,0,1185
10/08/2009,DTW,MI,AGL,CE,Towers with Radar,559,635,15,0,1209,0,0,8,0,8,559,635,23,0,1217,0,0,0,1217
10/09/2009,DTW,MI,AGL,CE,Towers with Radar,561,607,24,0,1192,0,0,0,0,0,561,607,24,0,1192,0,0,0,1192
10/10/2009,DTW,MI,AGL,CE,Towers with Radar,469,445,0,0,914,0,0,3,0,3,469,445,3,0,917,0,0,0,917
10/11/2009,DTW,MI,AGL,CE,Towers with Radar,513,558,16,0,1087,0,0,2,0,2,513,558,18,0,1089,0,0,0,1089
10/12/2009,DTW,MI,AGL,CE,Towers with Radar,549,627,27,1,1204,0,0,0,0,0,549,627,27,1,1204,0,0,0,1204
10/13/2009,DTW,MI,AGL,CE,Towers with Radar,535,613,43,0,1191,0,0,2,2,4,535,613,45,2,1195,0,0,0,1195
10/14/2009,DTW,MI,AGL,CE,Towers with Radar,546,635,23,2,1206,0,0,5,0,5,546,635,28,2,1211,0,0,0,1211
10/15/2009,DTW,MI,AGL,CE,Towers with Radar,551,610,27,0,1188,0,0,0,0,0,551,610,27,0,1188,0,0,0,1188
10/16/2009,DTW,MI,AGL,CE,Towers with Radar,572,628,14,0,1214,1,0,0,0,1,573,628,14,0,1215,0,0,0,1215
10/17/2009,DTW,MI,AGL,CE,Towers with Radar,456,463,11,0,930,0,0,5,0,5,456,463,16,0,935,0,0,0,935
10/18/2009,DTW,MI,AGL,CE,Towers with Radar,509,555,24,0,1088,0,1,0,0,1,509,556,24,0,1089,0,0,0,1089
10/19/2009,DTW,MI,AGL,CE,Towers with Radar,555,640,28,0,1223,1,0,3,0,4,556,640,31,0,1227,0,0,0,1227
10/20/2009,DTW,MI,AGL,CE,Towers with Radar,535,632,16,0,1183,0,0,0,0,0,535,632,16,0,1183,0,0,0,1183
10/21/2009,DTW,MI,AGL,CE,Towers with Radar,540,614,13,0,1167,0,1,0,2,3,540,615,13,2,1170,0,0,0,1170
10/22/2009,DTW,MI,AGL,CE,Towers with Radar,548,632,15,0,1195,0,0,0,0,0,548,632,15,0,1195,0,0,0,1195
10/23/2009,DTW,MI,AGL,CE,Towers with Radar,563,620,29,0,1212,0,0,0,0,0,563,620,29,0,1212,0,0,0,1212
10/24/2009,DTW,MI,AGL,CE,Towers with Radar,474,439,9,0,922,0,0,0,0,0,474,439,9,0,922,0,0,0,922
10/25/2009,DTW,MI,AGL,CE,Towers with Radar,506,547,15,0,1068,0,0,2,0,2,506,547,17,0,1070,0,0,0,1070
10/26/2009,DTW,MI,AGL,CE,Towers with Radar,547,631,13,0,1191,0,6,3,0,9,547,637,16,0,1200,0,0,0,1200
10/27/2009,DTW,MI,AGL,CE,Towers with Radar,533,622,20,0,1175,0,6,2,0,8,533,628,22,0,1183,0,0,0,1183
10/28/2009,DTW,MI,AGL,CE,Towers with Radar,531,610,20,0,1161,0,0,2,0,2,531,610,22,0,1163,0,0,0,1163
10/29/2009,DTW,MI,AGL,CE,Towers with Radar,545,627,24,0,1196,0,0,0,0,0,545,627,24,0,1196,0,0,0,1196
10/30/2009,DTW,MI,AGL,CE,Towers with Radar,554,624,11,0,1189,0,0,1,0,1,554,624,12,0,1190,0,0,0,1190
10/31/2009,DTW,MI,AGL,CE,Towers with Radar,462,440,3,0,905,0,0,1,0,1,462,440,4,0,906,0,0,0,906
11/01/2009,DTW,MI,AGL,CE,Towers with Radar,487,572,4,0,1063,0,0,5,0,5,487,572,9,0,1068,0,0,0,1068
11/02/2009,DTW,MI,AGL,CE,Towers with Radar,557,658,16,0,1231,0,2,2,0,4,557,660,18,0,1235,0,0,0,1235
11/03/2009,DTW,MI,AGL,CE,Towers with Radar,541,639,25,0,1205,0,1,0,0,1,541,640,25,0,1206,0,0,0,1206
11/04/2009,DTW,MI,AGL,CE,Towers with Radar,550,648,22,0,1220,0,2,2,0,4,550,650,24,0,1224,0,0,0,1224
11/05/2009,DTW,MI,AGL,CE,Towers with Radar,556,634,19,0,1209,0,0,2,0,2,556,634,21,0,1211,0,0,0,1211
11/06/2009,DTW,MI,AGL,CE,Towers with Radar,566,647,12,0,1225,0,0,1,0,1,566,647,13,0,1226,0,0,0,1226
11/07/2009,DTW,MI,AGL,CE,Towers with Radar,471,470,11,0,952,0,0,7,0,7,471,470,18,0,959,0,0,0,959
11/08/2009,DTW,MI,AGL,CE,Towers with Radar,495,577,8,1,1081,0,0,5,0,5,495,577,13,1,1086,0,0,0,1086
11/09/2009,DTW,MI,AGL,CE,Towers with Radar,555,645,21,1,1222,0,0,6,4,10,555,645,27,5,1232,0,0,0,1232
11/10/2009,DTW,MI,AGL,CE,Towers with Radar,539,641,23,0,1203,0,0,5,0,5,539,641,28,0,1208,0,0,0,1208
11/11/2009,DTW,MI,AGL,CE,Towers with Radar,548,634,13,0,1195,0,0,3,0,3,548,634,16,0,1198,0,0,0,1198
11/12/2009,DTW,MI,AGL,CE,Towers with Radar,557,645,11,0,1213,0,0,6,0,6,557,645,17,0,1219,0,0,0,1219
11/13/2009,DTW,MI,AGL,CE,Towers with Radar,559,631,12,0,1202,0,0,2,0,2,559,631,14,0,1204,0,0,0,1204
11/14/2009,DTW,MI,AGL,CE,Towers with Radar,465,476,9,0,950,0,0,2,0,2,465,476,11,0,952,0,0,0,952
11/15/2009,DTW,MI,AGL,CE,Towers with Radar,494,567,7,3,1071,0,0,0,0,0,494,567,7,3,1071,0,0,0,1071
11/16/2009,DTW,MI,AGL,CE,Towers with Radar,555,646,14,0,1215,0,5,0,0,5,555,651,14,0,1220,0,0,0,1220
11/17/2009,DTW,MI,AGL,CE,Towers with Radar,535,635,23,0,1193,0,6,2,0,8,535,641,25,0,1201,0,0,0,1201
11/18/2009,DTW,MI,AGL,CE,Towers with Radar,548,646,28,0,1222,0,0,0,0,0,548,646,28,0,1222,0,0,0,1222
11/19/2009,DTW,MI,AGL,CE,Towers with Radar,558,632,33,0,1223,0,2,0,0,2,558,634,33,0,1225,0,0,0,1225
11/20/2009,DTW,MI,AGL,CE,Towers with Radar,572,650,28,0,1250,0,0,0,0,0,572,650,28,0,1250,0,0,0,1250
11/21/2009,DTW,MI,AGL,CE,Towers with Radar,482,472,12,0,966,0,0,6,0,6,482,472,18,0,972,0,0,0,972
11/22/2009,DTW,MI,AGL,CE,Towers with Radar,505,566,7,0,1078,0,0,0,0,0,505,566,7,0,1078,0,0,0,1078
11/23/2009,DTW,MI,AGL,CE,Towers with Radar,540,594,25,0,1159,0,0,1,0,1,540,594,26,0,1160,0,0,0,1160
11/24/2009,DTW,MI,AGL,CE,Towers with Radar,562,645,19,0,1226,0,0,2,0,2,562,645,21,0,1228,0,0,0,1228
11/25/2009,DTW,MI,AGL,CE,Towers with Radar,575,638,13,0,1226,0,0,2,0,2,575,638,15,0,1228,0,0,0,1228
11/26/2009,DTW,MI,AGL,CE,Towers with Radar,406,433,6,0,845,0,0,3,0,3,406,433,9,0,848,0,0,0,848
11/27/2009,DTW,MI,AGL,CE,Towers with Radar,415,431,5,0,851,0,0,3,0,3,415,431,8,0,854,0,0,0,854
11/28/2009,DTW,MI,AGL,CE,Towers with Radar,529,549,7,0,1085,0,0,5,0,5,529,549,12,0,1090,0,0,0,1090
11/29/2009,DTW,MI,AGL,CE,Towers with Radar,580,628,17,0,1225,0,0,0,0,0,580,628,17,0,1225,0,0,0,1225
11/30/2009,DTW,MI,AGL,CE,Towers with Radar,589,635,11,0,1235,0,0,0,0,0,589,635,11,0,1235,0,0,0,1235
12/01/2009,DTW,MI,AGL,CE,Towers with Radar,541,659,19,0,1219,0,0,4,0,4,541,659,23,0,1223,0,0,0,1223
12/02/2009,DTW,MI,AGL,CE,Towers with Radar,549,630,21,1,1201,0,0,2,0,2,549,630,23,1,1203,0,0,0,1203
12/03/2009,DTW,MI,AGL,CE,Towers with Radar,561,649,11,0,1221,0,0,0,0,0,561,649,11,0,1221,0,0,0,1221
12/04/2009,DTW,MI,AGL,CE,Towers with Radar,565,648,18,0,1231,0,0,0,0,0,565,648,18,0,1231,0,0,0,1231
12/05/2009,DTW,MI,AGL,CE,Towers with Radar,453,465,7,0,925,0,0,2,0,2,453,465,9,0,927,0,0,0,927
12/06/2009,DTW,MI,AGL,CE,Towers with Radar,492,580,16,0,1088,0,0,4,0,4,492,580,20,0,1092,0,0,0,1092
12/07/2009,DTW,MI,AGL,CE,Towers with Radar,543,636,26,0,1205,0,0,0,0,0,543,636,26,0,1205,0,0,0,1205
12/08/2009,DTW,MI,AGL,CE,Towers with Radar,514,618,22,0,1154,0,0,0,0,0,514,618,22,0,1154,0,0,0,1154
12/09/2009,DTW,MI,AGL,CE,Towers with Radar,531,565,15,1,1112,0,0,0,0,0,531,565,15,1,1112,0,0,0,1112
12/10/2009,DTW,MI,AGL,CE,Towers with Radar,568,620,24,0,1212,0,0,0,0,0,568,620,24,0,1212,0,0,0,1212
12/11/2009,DTW,MI,AGL,CE,Towers with Radar,561,626,24,0,1211,1,0,0,0,1,562,626,24,0,1212,0,0,0,1212
12/12/2009,DTW,MI,AGL,CE,Towers with Radar,461,488,7,0,956,0,1,3,0,4,461,489,10,0,960,0,0,0,960
12/13/2009,DTW,MI,AGL,CE,Towers with Radar,504,559,13,0,1076,0,0,0,0,0,504,559,13,0,1076,0,0,0,1076
12/14/2009,DTW,MI,AGL,CE,Towers with Radar,560,624,17,1,1202,0,0,0,0,0,560,624,17,1,1202,0,0,0,1202
12/15/2009,DTW,MI,AGL,CE,Towers with Radar,540,635,27,0,1202,0,0,0,0,0,540,635,27,0,1202,0,0,0,1202
12/16/2009,DTW,MI,AGL,CE,Towers with Radar,559,637,19,0,1215,0,0,4,0,4,559,637,23,0,1219,0,0,0,1219
12/17/2009,DTW,MI,AGL,CE,Towers with Radar,544,604,38,0,1186,0,0,2,0,2,544,604,40,0,1188,0,0,0,1188
12/18/2009,DTW,MI,AGL,CE,Towers with Radar,558,627,14,0,1199,0,0,2,0,2,558,627,16,0,1201,0,0,0,1201
12/19/2009,DTW,MI,AGL,CE,Towers with Radar,477,564,11,0,1052,0,2,0,0,2,477,566,11,0,1054,0,0,0,1054
12/20/2009,DTW,MI,AGL,CE,Towers with Radar,488,564,13,0,1065,0,0,1,0,1,488,564,14,0,1066,0,0,0,1066
12/21/2009,DTW,MI,AGL,CE,Towers with Radar,540,616,14,0,1170,0,0,0,0,0,540,616,14,0,1170,0,0,0,1170
12/22/2009,DTW,MI,AGL,CE,Towers with Radar,562,631,19,0,1212,0,0,2,0,2,562,631,21,0,1214,0,0,0,1214
12/23/2009,DTW,MI,AGL,CE,Towers with Radar,562,641,16,0,1219,0,0,4,0,4,562,641,20,0,1223,0,0,0,1223
12/24/2009,DTW,MI,AGL,CE,Towers with Radar,489,462,6,0,957,0,0,0,0,0,489,462,6,0,957,0,0,0,957
12/25/2009,DTW,MI,AGL,CE,Towers with Radar,443,410,6,0,859,0,0,0,0,0,443,410,6,0,859,0,0,0,859
12/26/2009,DTW,MI,AGL,CE,Towers with Radar,500,551,13,0,1064,0,0,2,0,2,500,551,15,0,1066,0,0,0,1066
12/27/2009,DTW,MI,AGL,CE,Towers with Radar,541,607,8,0,1156,0,0,4,0,4,541,607,12,0,1160,0,0,0,1160
12/28/2009,DTW,MI,AGL,CE,Towers with Radar,555,613,3,0,1171,0,0,1,0,1,555,613,4,0,1172,0,0,0,1172
12/29/2009,DTW,MI,AGL,CE,Towers with Radar,554,612,6,0,1172,0,0,1,0,1,554,612,7,0,1173,0,0,0,1173
12/30/2009,DTW,MI,AGL,CE,Towers with Radar,558,618,7,0,1183,0,0,4,0,4,558,618,11,0,1187,0,0,0,1187
12/31/2009,DTW,MI,AGL,CE,Towers with Radar,469,479,4,0,952,0,0,0,0,0,469,479,4,0,952,0,0,0,952
01/01/2010,DTW,MI,AGL,CE,Towers with Radar,432,422,11,0,865,0,0,0,0,0,432,422,11,0,865,0,0,0,865
01/02/2010,DTW,MI,AGL,CE,Towers with Radar,511,555,4,0,1070,0,0,0,0,0,511,555,4,0,1070,0,0,0,1070
01/03/2010,DTW,MI,AGL,CE,Towers with Radar,543,594,10,0,1147,1,0,0,0,1,544,594,10,0,1148,0,0,0,1148
01/04/2010,DTW,MI,AGL,CE,Towers with Radar,559,609,10,0,1178,0,0,4,0,4,559,609,14,0,1182,0,0,0,1182
01/05/2010,DTW,MI,AGL,CE,Towers with Radar,499,620,10,0,1129,0,0,0,0,0,499,620,10,0,1129,0,0,0,1129
01/06/2010,DTW,MI,AGL,CE,Towers with Radar,531,681,15,0,1227,0,0,0,0,0,531,681,15,0,1227,0,0,0,1227
01/07/2010,DTW,MI,AGL,CE,Towers with Radar,503,596,17,0,1116,0,0,0,0,0,503,596,17,0,1116,0,0,0,1116
01/08/2010,DTW,MI,AGL,CE,Towers with Radar,551,666,17,0,1234,0,0,0,0,0,551,666,17,0,1234,0,0,0,1234
01/09/2010,DTW,MI,AGL,CE,Towers with Radar,460,488,4,0,952,0,0,1,0,1,460,488,5,0,953,0,0,0,953
01/10/2010,DTW,MI,AGL,CE,Towers with Radar,482,575,13,0,1070,0,0,2,0,2,482,575,15,0,1072,0,0,0,1072
01/11/2010,DTW,MI,AGL,CE,Towers with Radar,517,657,21,0,1195,0,0,0,0,0,517,657,21,0,1195,0,0,0,1195
01/12/2010,DTW,MI,AGL,CE,Towers with Radar,495,666,36,0,1197,0,0,1,0,1,495,666,37,0,1198,0,0,0,1198
01/13/2010,DTW,MI,AGL,CE,Towers with Radar,512,666,28,0,1206,0,0,3,0,3,512,666,31,0,1209,0,0,0,1209
01/14/2010,DTW,MI,AGL,CE,Towers with Radar,528,662,13,0,1203,0,2,0,0,2,528,664,13,0,1205,0,0,0,1205
01/15/2010,DTW,MI,AGL,CE,Towers with Radar,543,661,19,0,1223,0,0,0,0,0,543,661,19,0,1223,0,0,0,1223
01/16/2010,DTW,MI,AGL,CE,Towers with Radar,450,477,14,0,941,0,0,0,0,0,450,477,14,0,941,0,0,0,941
01/17/2010,DTW,MI,AGL,CE,Towers with Radar,465,500,8,0,973,0,0,2,0,2,465,500,10,0,975,0,0,0,975
01/18/2010,DTW,MI,AGL,CE,Towers with Radar,510,637,26,0,1173,0,0,0,0,0,510,637,26,0,1173,0,0,0,1173
01/19/2010,DTW,MI,AGL,CE,Towers with Radar,511,654,17,0,1182,0,0,0,0,0,511,654,17,0,1182,0,0,0,1182
01/20/2010,DTW,MI,AGL,CE,Towers with Radar,523,646,13,0,1182,1,1,0,0,2,524,647,13,0,1184,0,0,0,1184
01/21/2010,DTW,MI,AGL,CE,Towers with Radar,517,663,20,0,1200,0,0,0,0,0,517,663,20,0,1200,0,0,0,1200
01/22/2010,DTW,MI,AGL,CE,Towers with Radar,541,664,14,0,1219,0,0,0,0,0,541,664,14,0,1219,0,0,0,1219
01/23/2010,DTW,MI,AGL,CE,Towers with Radar,457,482,13,0,952,0,0,0,0,0,457,482,13,0,952,0,0,0,952
01/24/2010,DTW,MI,AGL,CE,Towers with Radar,463,584,10,0,1057,0,0,0,0,0,463,584,10,0,1057,0,0,0,1057
01/25/2010,DTW,MI,AGL,CE,Towers with Radar,513,639,9,0,1161,0,0,0,0,0,513,639,9,0,1161,0,0,0,1161
01/26/2010,DTW,MI,AGL,CE,Towers with Radar,500,660,22,0,1182,0,0,0,0,0,500,660,22,0,1182,0,0,0,1182
01/27/2010,DTW,MI,AGL,CE,Towers with Radar,500,663,20,0,1183,0,0,4,0,4,500,663,24,0,1187,0,0,0,1187
01/28/2010,DTW,MI,AGL,CE,Towers with Radar,531,643,13,0,1187,0,0,0,0,0,531,643,13,0,1187,0,0,0,1187
01/29/2010,DTW,MI,AGL,CE,Towers with Radar,529,643,18,0,1190,0,0,0,0,0,529,643,18,0,1190,0,0,0,1190
01/30/2010,DTW,MI,AGL,CE,Towers with Radar,432,472,3,0,907,0,0,3,0,3,432,472,6,0,910,0,0,0,910
01/31/2010,DTW,MI,AGL,CE,Towers with Radar,472,577,2,0,1051,0,1,0,0,1,472,578,2,0,1052,0,0,0,1052
02/01/2010,DTW,MI,AGL,CE,Towers with Radar,526,660,13,0,1199,0,0,0,0,0,526,660,13,0,1199,0,0,0,1199
02/02/2010,DTW,MI,AGL,CE,Towers with Radar,493,639,19,0,1151,0,0,0,0,0,493,639,19,0,1151,0,0,0,1151
02/03/2010,DTW,MI,AGL,CE,Towers with Radar,519,667,19,0,1205,0,0,0,0,0,519,667,19,0,1205,0,0,0,1205
02/04/2010,DTW,MI,AGL,CE,Towers with Radar,519,654,17,0,1190,0,1,2,0,3,519,655,19,0,1193,0,0,0,1193
02/05/2010,DTW,MI,AGL,CE,Towers with Radar,511,635,7,0,1153,1,0,0,0,1,512,635,7,0,1154,0,0,0,1154
02/06/2010,DTW,MI,AGL,CE,Towers with Radar,428,452,3,0,883,0,0,0,0,0,428,452,3,0,883,0,0,0,883
02/07/2010,DTW,MI,AGL,CE,Towers with Radar,442,547,3,0,992,0,0,0,0,0,442,547,3,0,992,0,0,0,992
02/08/2010,DTW,MI,AGL,CE,Towers with Radar,492,657,20,0,1169,0,4,0,0,4,492,661,20,0,1173,0,0,0,1173
02/09/2010,DTW,MI,AGL,CE,Towers with Radar,462,545,19,0,1026,0,0,0,0,0,462,545,19,0,1026,0,0,0,1026
02/10/2010,DTW,MI,AGL,CE,Towers with Radar,435,544,19,0,998,0,0,0,0,0,435,544,19,0,998,0,0,0,998
02/11/2010,DTW,MI,AGL,CE,Towers with Radar,506,669,12,0,1187,0,0,2,0,2,506,669,14,0,1189,0,0,0,1189
02/12/2010,DTW,MI,AGL,CE,Towers with Radar,533,695,15,2,1245,0,0,2,0,2,533,695,17,2,1247,0,0,0,1247
02/13/2010,DTW,MI,AGL,CE,Towers with Radar,495,543,8,0,1046,0,0,4,0,4,495,543,12,0,1050,0,0,0,1050
02/14/2010,DTW,MI,AGL,CE,Towers with Radar,483,567,9,0,1059,0,0,0,0,0,483,567,9,0,1059,0,0,0,1059
02/15/2010,DTW,MI,AGL,CE,Towers with Radar,534,684,20,0,1238,0,0,0,0,0,534,684,20,0,1238,0,0,0,1238
02/16/2010,DTW,MI,AGL,CE,Towers with Radar,517,689,20,0,1226,0,0,0,0,0,517,689,20,0,1226,0,0,0,1226
02/17/2010,DTW,MI,AGL,CE,Towers with Radar,537,706,23,0,1266,0,0,1,0,1,537,706,24,0,1267,0,0,0,1267
02/18/2010,DTW,MI,AGL,CE,Towers with Radar,556,706,27,0,1289,0,0,7,0,7,556,706,34,0,1296,0,0,0,1296
02/19/2010,DTW,MI,AGL,CE,Towers with Radar,542,713,20,0,1275,0,0,1,0,1,542,713,21,0,1276,0,0,0,1276
02/20/2010,DTW,MI,AGL,CE,Towers with Radar,486,552,5,0,1043,0,0,0,0,0,486,552,5,0,1043,0,0,0,1043
02/21/2010,DTW,MI,AGL,CE,Towers with Radar,486,625,19,0,1130,0,0,0,0,0,486,625,19,0,1130,0,0,0,1130
02/22/2010,DTW,MI,AGL,CE,Towers with Radar,526,569,9,0,1104,0,0,0,0,0,526,569,9,0,1104,0,0,0,1104
02/23/2010,DTW,MI,AGL,CE,Towers with Radar,529,684,19,0,1232,0,0,0,0,0,529,684,19,0,1232,0,0,0,1232
02/24/2010,DTW,MI,AGL,CE,Towers with Radar,502,685,22,0,1209,0,0,0,0,0,502,685,22,0,1209,0,0,0,1209
02/25/2010,DTW,MI,AGL,CE,Towers with Radar,548,650,13,0,1211,0,0,2,0,2,548,650,15,0,1213,0,0,0,1213
02/26/2010,DTW,MI,AGL,CE,Towers with Radar,519,570,12,0,1101,0,0,0,0,0,519,570,12,0,1101,0,0,0,1101
02/27/2010,DTW,MI,AGL,CE,Towers with Radar,484,539,10,0,1033,0,0,0,0,0,484,539,10,0,1033,0,0,0,1033
02/28/2010,DTW,MI,AGL,CE,Towers with Radar,499,628,17,0,1144,0,0,0,0,0,499,628,17,0,1144,0,0,0,1144
03/01/2010,DTW,MI,AGL,CE,Towers with Radar,526,701,15,0,1242,0,1,0,0,1,526,702,15,0,1243,0,0,0,1243
03/02/2010,DTW,MI,AGL,CE,Towers with Radar,522,693,21,0,1236,0,10,4,0,14,522,703,25,0,1250,0,0,0,1250
03/03/2010,DTW,MI,AGL,CE,Towers with Radar,537,682,14,0,1233,0,4,2,0,6,537,686,16,0,1239,0,0,0,1239
03/04/2010,DTW,MI,AGL,CE,Towers with Radar,549,700,10,2,1261,0,0,4,0,4,549,700,14,2,1265,0,0,0,1265
03/05/2010,DTW,MI,AGL,CE,Towers with Radar,549,703,18,0,1270,0,2,1,0,3,549,705,19,0,1273,0,0,0,1273
03/06/2010,DTW,MI,AGL,CE,Towers with Radar,502,546,15,0,1063,0,0,4,0,4,502,546,19,0,1067,0,0,0,1067
03/07/2010,DTW,MI,AGL,CE,Towers with Radar,495,634,14,0,1143,0,0,0,0,0,495,634,14,0,1143,0,0,0,1143
03/08/2010,DTW,MI,AGL,CE,Towers with Radar,547,686,15,0,1248,0,0,0,0,0,547,686,15,0,1248,0,0,0,1248
03/09/2010,DTW,MI,AGL,CE,Towers with Radar,541,695,16,0,1252,0,1,2,0,3,541,696,18,0,1255,0,0,0,1255
03/10/2010,DTW,MI,AGL,CE,Towers with Radar,537,704,23,0,1264,0,0,0,0,0,537,704,23,0,1264,0,0,0,1264
03/11/2010,DTW,MI,AGL,CE,Towers with Radar,533,714,26,0,1273,0,0,4,0,4,533,714,30,0,1277,0,0,0,1277
03/12/2010,DTW,MI,AGL,CE,Towers with Radar,546,669,15,0,1230,0,0,0,0,0,546,669,15,0,1230,0,0,0,1230
03/13/2010,DTW,MI,AGL,CE,Towers with Radar,506,534,18,0,1058,0,0,0,0,0,506,534,18,0,1058,0,0,0,1058
03/14/2010,DTW,MI,AGL,CE,Towers with Radar,503,624,6,0,1133,0,0,0,0,0,503,624,6,0,1133,0,0,0,1133
03/15/2010,DTW,MI,AGL,CE,Towers with Radar,558,703,17,0,1278,0,0,2,0,2,558,703,19,0,1280,0,0,0,1280
03/16/2010,DTW,MI,AGL,CE,Towers with Radar,549,701,18,1,1269,0,1,4,0,5,549,702,22,1,1274,0,0,0,1274
03/17/2010,DTW,MI,AGL,CE,Towers with Radar,549,705,11,0,1265,0,0,5,0,5,549,705,16,0,1270,0,0,0,1270
03/18/2010,DTW,MI,AGL,CE,Towers with Radar,558,698,14,1,1271,0,0,6,0,6,558,698,20,1,1277,0,0,0,1277
03/19/2010,DTW,MI,AGL,CE,Towers with Radar,549,702,25,2,1278,0,0,0,0,0,549,702,25,2,1278,0,0,0,1278
03/20/2010,DTW,MI,AGL,CE,Towers with Radar,509,550,11,0,1070,0,0,0,0,0,509,550,11,0,1070,0,0,0,1070
03/21/2010,DTW,MI,AGL,CE,Towers with Radar,508,624,8,0,1140,0,0,0,0,0,508,624,8,0,1140,0,0,0,1140
03/22/2010,DTW,MI,AGL,CE,Towers with Radar,555,692,14,0,1261,0,0,0,0,0,555,692,14,0,1261,0,0,0,1261
03/23/2010,DTW,MI,AGL,CE,Towers with Radar,560,706,17,0,1283,0,2,7,0,9,560,708,24,0,1292,0,0,0,1292
03/24/2010,DTW,MI,AGL,CE,Towers with Radar,547,701,7,0,1255,0,0,1,0,1,547,701,8,0,1256,0,0,0,1256
03/25/2010,DTW,MI,AGL,CE,Towers with Radar,561,711,35,0,1307,0,0,0,0,0,561,711,35,0,1307,0,0,0,1307
03/26/2010,DTW,MI,AGL,CE,Towers with Radar,561,694,27,0,1282,0,0,0,0,0,561,694,27,0,1282,0,0,0,1282
03/27/2010,DTW,MI,AGL,CE,Towers with Radar,504,537,11,0,1052,1,0,2,0,3,505,537,13,0,1055,0,0,0,1055
03/28/2010,DTW,MI,AGL,CE,Towers with Radar,501,625,3,0,1129,0,0,0,0,0,501,625,3,0,1129,0,0,0,1129
03/29/2010,DTW,MI,AGL,CE,Towers with Radar,563,694,8,0,1265,0,0,0,0,0,563,694,8,0,1265,0,0,0,1265
03/30/2010,DTW,MI,AGL,CE,Towers with Radar,540,696,24,0,1260,0,0,4,0,4,540,696,28,0,1264,0,0,0,1264
03/31/2010,DTW,MI,AGL,CE,Towers with Radar,567,689,25,0,1281,0,0,4,0,4,567,689,29,0,1285,0,0,0,1285
04/01/2010,DTW,MI,AGL,CE,Towers with Radar,569,709,14,0,1292,0,0,0,0,0,569,709,14,0,1292,0,0,0,1292
04/02/2010,DTW,MI,AGL,CE,Towers with Radar,574,698,8,0,1280,0,0,4,0,4,574,698,12,0,1284,0,0,0,1284
04/03/2010,DTW,MI,AGL,CE,Towers with Radar,506,541,7,0,1054,0,0,3,0,3,506,541,10,0,1057,0,0,0,1057
04/04/2010,DTW,MI,AGL,CE,Towers with Radar,516,620,5,0,1141,0,0,3,0,3,516,620,8,0,1144,0,0,0,1144
04/05/2010,DTW,MI,AGL,CE,Towers with Radar,559,691,7,0,1257,0,0,3,0,3,559,691,10,0,1260,0,0,0,1260
04/06/2010,DTW,MI,AGL,CE,Towers with Radar,565,711,12,0,1288,0,0,2,0,2,565,711,14,0,1290,0,0,0,1290
04/07/2010,DTW,MI,AGL,CE,Towers with Radar,561,703,23,0,1287,1,0,0,0,1,562,703,23,0,1288,0,0,0,1288
04/08/2010,DTW,MI,AGL,CE,Towers with Radar,587,740,23,0,1350,0,0,0,0,0,587,740,23,0,1350,0,0,0,1350
04/09/2010,DTW,MI,AGL,CE,Towers with Radar,594,735,8,0,1337,0,0,2,0,2,594,735,10,0,1339,0,0,0,1339
04/10/2010,DTW,MI,AGL,CE,Towers with Radar,486,521,6,0,1013,0,0,0,0,0,486,521,6,0,1013,0,0,0,1013
04/11/2010,DTW,MI,AGL,CE,Towers with Radar,518,649,26,0,1193,0,0,1,0,1,518,649,27,0,1194,0,0,0,1194
04/12/2010,DTW,MI,AGL,CE,Towers with Radar,579,728,22,0,1329,0,0,2,0,2,579,728,24,0,1331,0,0,0,1331
04/13/2010,DTW,MI,AGL,CE,Towers with Radar,575,714,26,0,1315,0,0,7,0,7,575,714,33,0,1322,0,0,0,1322
04/14/2010,DTW,MI,AGL,CE,Towers with Radar,586,721,31,2,1340,0,0,2,0,2,586,721,33,2,1342,0,0,0,1342
04/15/2010,DTW,MI,AGL,CE,Towers with Radar,567,732,15,0,1314,0,2,0,0,2,567,734,15,0,1316,0,0,0,1316
04/16/2010,DTW,MI,AGL,CE,Towers with Radar,562,715,13,1,1291,0,0,0,0,0,562,715,13,1,1291,0,0,0,1291
04/17/2010,DTW,MI,AGL,CE,Towers with Radar,475,518,19,1,1013,0,0,1,0,1,475,518,20,1,1014,0,0,0,1014
04/18/2010,DTW,MI,AGL,CE,Towers with Radar,495,644,5,2,1146,0,0,0,0,0,495,644,5,2,1146,0,0,0,1146
04/19/2010,DTW,MI,AGL,CE,Towers with Radar,555,734,23,0,1312,0,0,3,0,3,555,734,26,0,1315,0,0,0,1315
04/20/2010,DTW,MI,AGL,CE,Towers with Radar,564,737,19,2,1322,0,2,6,0,8,564,739,25,2,1330,0,0,0,1330
04/21/2010,DTW,MI,AGL,CE,Towers with Radar,572,720,25,0,1317,0,6,0,0,6,572,726,25,0,1323,0,0,0,1323
04/22/2010,DTW,MI,AGL,CE,Towers with Radar,565,732,16,2,1315,0,0,7,0,7,565,732,23,2,1322,0,0,0,1322
04/23/2010,DTW,MI,AGL,CE,Towers with Radar,580,723,21,0,1324,0,1,4,0,5,580,724,25,0,1329,0,0,0,1329
04/24/2010,DTW,MI,AGL,CE,Towers with Radar,469,515,6,0,990,0,0,2,0,2,469,515,8,0,992,0,0,0,992
04/25/2010,DTW,MI,AGL,CE,Towers with Radar,506,619,8,0,1133,0,0,0,0,0,506,619,8,0,1133,0,0,0,1133
04/26/2010,DTW,MI,AGL,CE,Towers with Radar,585,732,15,0,1332,0,1,0,0,1,585,733,15,0,1333,0,0,0,1333
04/27/2010,DTW,MI,AGL,CE,Towers with Radar,579,729,21,0,1329,0,0,4,0,4,579,729,25,0,1333,0,0,0,1333
04/28/2010,DTW,MI,AGL,CE,Towers with Radar,580,727,36,2,1345,0,2,9,0,11,580,729,45,2,1356,0,0,0,1356
04/29/2010,DTW,MI,AGL,CE,Towers with Radar,568,743,20,0,1331,0,0,2,2,4,568,743,22,2,1335,0,0,0,1335
04/30/2010,DTW,MI,AGL,CE,Towers with Radar,572,737,13,2,1324,0,0,0,0,0,572,737,13,2,1324,0,0,0,1324
05/01/2010,DTW,MI,AGL,CE,Towers with Radar,453,520,13,7,993,0,0,11,0,11,453,520,24,7,1004,0,0,0,1004
05/02/2010,DTW,MI,AGL,CE,Towers with Radar,479,661,28,0,1168,0,0,0,0,0,479,661,28,0,1168,0,0,0,1168
05/03/2010,DTW,MI,AGL,CE,Towers with Radar,555,754,21,0,1330,0,0,1,0,1,555,754,22,0,1331,0,0,0,1331
05/04/2010,DTW,MI,AGL,CE,Towers with Radar,561,770,22,0,1353,0,0,5,0,5,561,770,27,0,1358,0,0,0,1358
05/05/2010,DTW,MI,AGL,CE,Towers with Radar,561,742,26,0,1329,0,0,1,0,1,561,742,27,0,1330,0,0,0,1330
05/06/2010,DTW,MI,AGL,CE,Towers with Radar,580,762,19,0,1361,0,0,0,0,0,580,762,19,0,1361,0,0,0,1361
05/07/2010,DTW,MI,AGL,CE,Towers with Radar,536,706,22,0,1264,0,0,0,0,0,536,706,22,0,1264,0,0,0,1264
05/08/2010,DTW,MI,AGL,CE,Towers with Radar,482,553,12,0,1047,0,0,1,0,1,482,553,13,0,1048,0,0,0,1048
05/09/2010,DTW,MI,AGL,CE,Towers with Radar,502,657,9,0,1168,0,0,4,0,4,502,657,13,0,1172,0,0,0,1172
05/10/2010,DTW,MI,AGL,CE,Towers with Radar,563,757,24,0,1344,0,0,7,0,7,563,757,31,0,1351,0,0,0,1351
05/11/2010,DTW,MI,AGL,CE,Towers with Radar,558,727,31,0,1316,0,0,0,0,0,558,727,31,0,1316,0,0,0,1316
05/12/2010,DTW,MI,AGL,CE,Towers with Radar,562,729,27,0,1318,0,0,0,0,0,562,729,27,0,1318,0,0,0,1318
05/13/2010,DTW,MI,AGL,CE,Towers with Radar,551,726,20,1,1298,0,0,0,0,0,551,726,20,1,1298,0,0,0,1298
05/14/2010,DTW,MI,AGL,CE,Towers with Radar,570,737,22,1,1330,0,0,0,0,0,570,737,22,1,1330,0,0,0,1330
05/15/2010,DTW,MI,AGL,CE,Towers with Radar,459,539,5,1,1004,0,0,0,0,0,459,539,5,1,1004,0,0,0,1004
05/16/2010,DTW,MI,AGL,CE,Towers with Radar,502,660,16,0,1178,0,2,3,0,5,502,662,19,0,1183,0,0,0,1183
05/17/2010,DTW,MI,AGL,CE,Towers with Radar,564,747,24,0,1335,0,0,1,0,1,564,747,25,0,1336,0,0,0,1336
05/18/2010,DTW,MI,AGL,CE,Towers with Radar,567,730,20,0,1317,0,0,0,0,0,567,730,20,0,1317,0,0,0,1317
05/19/2010,DTW,MI,AGL,CE,Towers with Radar,565,747,19,3,1334,0,0,4,0,4,565,747,23,3,1338,0,0,0,1338
05/20/2010,DTW,MI,AGL,CE,Towers with Radar,580,740,11,2,1333,0,0,2,0,2,580,740,13,2,1335,0,0,0,1335
05/21/2010,DTW,MI,AGL,CE,Towers with Radar,557,739,15,0,1311,0,0,2,0,2,557,739,17,0,1313,0,0,0,1313
05/22/2010,DTW,MI,AGL,CE,Towers with Radar,473,544,7,0,1024,0,0,0,0,0,473,544,7,0,1024,0,0,0,1024
05/23/2010,DTW,MI,AGL,CE,Towers with Radar,503,652,12,0,1167,0,0,2,0,2,503,652,14,0,1169,0,0,0,1169
05/24/2010,DTW,MI,AGL,CE,Towers with Radar,568,755,17,0,1340,0,2,0,0,2,568,757,17,0,1342,0,0,0,1342
05/25/2010,DTW,MI,AGL,CE,Towers with Radar,581,746,28,0,1355,0,0,6,0,6,581,746,34,0,1361,0,0,0,1361
05/26/2010,DTW,MI,AGL,CE,Towers with Radar,575,737,23,2,1337,0,0,2,0,2,575,737,25,2,1339,0,0,0,1339
05/27/2010,DTW,MI,AGL,CE,Towers with Radar,573,741,32,0,1346,0,0,2,0,2,573,741,34,0,1348,0,0,0,1348
05/28/2010,DTW,MI,AGL,CE,Towers with Radar,572,754,22,0,1348,0,0,1,0,1,572,754,23,0,1349,0,0,0,1349
05/29/2010,DTW,MI,AGL,CE,Towers with Radar,449,554,3,0,1006,0,0,1,0,1,449,554,4,0,1007,0,0,0,1007
05/30/2010,DTW,MI,AGL,CE,Towers with Radar,431,487,4,0,922,0,0,2,0,2,431,487,6,0,924,0,0,0,924
05/31/2010,DTW,MI,AGL,CE,Towers with Radar,487,542,7,0,1036,0,2,3,1,6,487,544,10,1,1042,0,0,0,1042
06/01/2010,DTW,MI,AGL,CE,Towers with Radar,586,760,14,0,1360,0,0,2,0,2,586,760,16,0,1362,0,0,0,1362
06/02/2010,DTW,MI,AGL,CE,Towers with Radar,576,727,28,0,1331,0,0,0,0,0,576,727,28,0,1331,0,0,0,1331
06/03/2010,DTW,MI,AGL,CE,Towers with Radar,595,746,5,1,1347,0,4,0,0,4,595,750,5,1,1351,0,0,0,1351
06/04/2010,DTW,MI,AGL,CE,Towers with Radar,577,740,14,0,1331,0,0,0,0,0,577,740,14,0,1331,0,0,0,1331
06/05/2010,DTW,MI,AGL,CE,Towers with Radar,473,546,2,0,1021,0,0,2,0,2,473,546,4,0,1023,0,0,0,1023
06/06/2010,DTW,MI,AGL,CE,Towers with Radar,507,669,13,0,1189,0,0,1,0,1,507,669,14,0,1190,0,0,0,1190
06/07/2010,DTW,MI,AGL,CE,Towers with Radar,585,739,14,0,1338,0,0,0,0,0,585,739,14,0,1338,0,0,0,1338
06/08/2010,DTW,MI,AGL,CE,Towers with Radar,573,755,16,0,1344,0,0,5,7,12,573,755,21,7,1356,0,0,0,1356
06/09/2010,DTW,MI,AGL,CE,Towers with Radar,574,752,27,0,1353,0,0,3,0,3,574,752,30,0,1356,0,0,0,1356
06/10/2010,DTW,MI,AGL,CE,Towers with Radar,574,771,14,0,1359,0,0,0,0,0,574,771,14,0,1359,0,0,0,1359
06/11/2010,DTW,MI,AGL,CE,Towers with Radar,597,779,14,0,1390,0,0,2,2,4,597,779,16,2,1394,0,0,0,1394
06/12/2010,DTW,MI,AGL,CE,Towers with Radar,535,619,8,0,1162,0,0,2,0,2,535,619,10,0,1164,0,0,0,1164
06/13/2010,DTW,MI,AGL,CE,Towers with Radar,524,691,11,0,1226,0,0,0,0,0,524,691,11,0,1226,0,0,0,1226
06/14/2010,DTW,MI,AGL,CE,Towers with Radar,584,769,16,0,1369,0,0,2,0,2,584,769,18,0,1371,0,0,0,1371
06/15/2010,DTW,MI,AGL,CE,Towers with Radar,550,787,13,0,1350,0,0,6,0,6,550,787,19,0,1356,0,0,0,1356
06/16/2010,DTW,MI,AGL,CE,Towers with Radar,572,791,19,0,1382,0,0,0,0,0,572,791,19,0,1382,0,0,0,1382
06/17/2010,DTW,MI,AGL,CE,Towers with Radar,566,787,13,0,1366,0,0,2,0,2,566,787,15,0,1368,0,0,0,1368
06/18/2010,DTW,MI,AGL,CE,Towers with Radar,574,767,14,0,1355,0,5,4,0,9,574,772,18,0,1364,0,0,0,1364
06/19/2010,DTW,MI,AGL,CE,Towers with Radar,527,628,7,0,1162,0,0,4,0,4,527,628,11,0,1166,0,0,0,1166
06/20/2010,DTW,MI,AGL,CE,Towers with Radar,562,697,17,0,1276,0,0,0,0,0,562,697,17,0,1276,0,0,0,1276
06/21/2010,DTW,MI,AGL,CE,Towers with Radar,593,783,18,0,1394,0,0,0,0,0,593,783,18,0,1394,0,0,0,1394
06/22/2010,DTW,MI,AGL,CE,Towers with Radar,610,777,21,2,1410,0,0,2,0,2,610,777,23,2,1412,0,0,0,1412
06/23/2010,DTW,MI,AGL,CE,Towers with Radar,576,768,32,1,1377,0,0,1,0,1,576,768,33,1,1378,0,0,0,1378
06/24/2010,DTW,MI,AGL,CE,Towers with Radar,610,754,40,0,1404,0,1,8,0,9,610,755,48,0,1413,0,0,0,1413
06/25/2010,DTW,MI,AGL,CE,Towers with Radar,616,799,21,0,1436,0,0,2,0,2,616,799,23,0,1438,0,0,0,1438
06/26/2010,DTW,MI,AGL,CE,Towers with Radar,547,606,5,0,1158,0,1,2,0,3,547,607,7,0,1161,0,0,0,1161
06/27/2010,DTW,MI,AGL,CE,Towers with Radar,523,592,18,0,1133,0,0,0,0,0,523,592,18,0,1133,0,0,0,1133
06/28/2010,DTW,MI,AGL,CE,Towers with Radar,584,761,23,0,1368,0,0,0,0,0,584,761,23,0,1368,0,0,0,1368
06/29/2010,DTW,MI,AGL,CE,Towers with Radar,617,785,25,0,1427,0,0,6,0,6,617,785,31,0,1433,0,0,0,1433
06/30/2010,DTW,MI,AGL,CE,Towers with Radar,609,776,31,0,1416,0,0,5,0,5,609,776,36,0,1421,0,0,0,1421
07/01/2010,DTW,MI,AGL,CE,Towers with Radar,594,796,21,0,1411,0,0,0,0,0,594,796,21,0,1411,0,0,0,1411
07/02/2010,DTW,MI,AGL,CE,Towers with Radar,592,805,11,0,1408,0,0,9,0,9,592,805,20,0,1417,0,0,0,1417
07/03/2010,DTW,MI,AGL,CE,Towers with Radar,537,632,4,0,1173,0,0,0,0,0,537,632,4,0,1173,0,0,0,1173
07/04/2010,DTW,MI,AGL,CE,Towers with Radar,492,544,4,0,1040,0,0,0,0,0,492,544,4,0,1040,0,0,0,1040
07/05/2010,DTW,MI,AGL,CE,Towers with Radar,532,681,9,0,1222,0,0,4,0,4,532,681,13,0,1226,0,0,0,1226
07/06/2010,DTW,MI,AGL,CE,Towers with Radar,562,812,9,0,1383,0,1,3,0,4,562,813,12,0,1387,0,0,0,1387
07/07/2010,DTW,MI,AGL,CE,Towers with Radar,586,805,20,0,1411,0,0,5,0,5,586,805,25,0,1416,0,0,0,1416
07/08/2010,DTW,MI,AGL,CE,Towers with Radar,580,791,17,0,1388,0,2,1,0,3,580,793,18,0,1391,0,0,0,1391
07/09/2010,DTW,MI,AGL,CE,Towers with Radar,577,775,11,0,1363,0,0,3,0,3,577,775,14,0,1366,0,0,0,1366
07/10/2010,DTW,MI,AGL,CE,Towers with Radar,525,627,10,0,1162,0,0,1,0,1,525,627,11,0,1163,0,0,0,1163
07/11/2010,DTW,MI,AGL,CE,Towers with Radar,527,714,8,0,1249,0,0,1,0,1,527,714,9,0,1250,0,0,0,1250
07/12/2010,DTW,MI,AGL,CE,Towers with Radar,549,795,15,0,1359,0,0,1,0,1,549,795,16,0,1360,0,0,0,1360
07/13/2010,DTW,MI,AGL,CE,Towers with Radar,556,767,14,0,1337,0,0,2,0,2,556,767,16,0,1339,0,0,0,1339
07/14/2010,DTW,MI,AGL,CE,Towers with Radar,568,789,21,0,1378,0,0,2,0,2,568,789,23,0,1380,0,0,0,1380
07/15/2010,DTW,MI,AGL,CE,Towers with Radar,543,748,37,0,1328,0,0,1,0,1,543,748,38,0,1329,0,0,0,1329
07/16/2010,DTW,MI,AGL,CE,Towers with Radar,593,819,28,0,1440,0,0,3,0,3,593,819,31,0,1443,0,0,0,1443
07/17/2010,DTW,MI,AGL,CE,Towers with Radar,535,636,11,0,1182,0,0,2,2,4,535,636,13,2,1186,0,0,0,1186
07/18/2010,DTW,MI,AGL,CE,Towers with Radar,539,710,13,1,1263,0,0,0,0,0,539,710,13,1,1263,0,0,0,1263
07/19/2010,DTW,MI,AGL,CE,Towers with Radar,567,787,21,0,1375,0,0,2,0,2,567,787,23,0,1377,0,0,0,1377
07/20/2010,DTW,MI,AGL,CE,Towers with Radar,591,794,17,0,1402,0,6,0,0,6,591,800,17,0,1408,0,0,0,1408
07/21/2010,DTW,MI,AGL,CE,Towers with Radar,576,800,28,0,1404,0,0,4,0,4,576,800,32,0,1408,0,0,0,1408
07/22/2010,DTW,MI,AGL,CE,Towers with Radar,573,810,23,0,1406,0,2,2,0,4,573,812,25,0,1410,0,0,0,1410
07/23/2010,DTW,MI,AGL,CE,Towers with Radar,497,628,10,0,1135,0,0,0,0,0,497,628,10,0,1135,0,0,0,1135
07/24/2010,DTW,MI,AGL,CE,Towers with Radar,586,652,18,0,1256,0,0,0,3,3,586,652,18,3,1259,0,0,0,1259
07/25/2010,DTW,MI,AGL,CE,Towers with Radar,519,711,7,2,1239,0,0,1,0,1,519,711,8,2,1240,0,0,0,1240
07/26/2010,DTW,MI,AGL,CE,Towers with Radar,592,781,30,0,1403,0,0,0,0,0,592,781,30,0,1403,0,0,0,1403
07/27/2010,DTW,MI,AGL,CE,Towers with Radar,590,790,18,3,1401,0,0,7,0,7,590,790,25,3,1408,0,0,0,1408
07/28/2010,DTW,MI,AGL,CE,Towers with Radar,538,716,21,0,1275,0,0,0,0,0,538,716,21,0,1275,0,0,0,1275
07/29/2010,DTW,MI,AGL,CE,Towers with Radar,592,815,32,1,1440,0,0,0,0,0,592,815,32,1,1440,0,0,0,1440
07/30/2010,DTW,MI,AGL,CE,Towers with Radar,584,801,16,1,1402,0,1,8,0,9,584,802,24,1,1411,0,0,0,1411
07/31/2010,DTW,MI,AGL,CE,Towers with Radar,533,629,10,2,1174,0,0,0,0,0,533,629,10,2,1174,0,0,0,1174
08/01/2010,DTW,MI,AGL,CE,Towers with Radar,538,683,17,0,1238,0,1,1,0,2,538,684,18,0,1240,0,0,0,1240
08/02/2010,DTW,MI,AGL,CE,Towers with Radar,580,789,24,0,1393,0,1,5,0,6,580,790,29,0,1399,0,0,0,1399
08/03/2010,DTW,MI,AGL,CE,Towers with Radar,571,787,21,0,1379,0,0,0,0,0,571,787,21,0,1379,0,0,0,1379
08/04/2010,DTW,MI,AGL,CE,Towers with Radar,577,774,18,0,1369,0,0,1,0,1,577,774,19,0,1370,0,0,0,1370
08/05/2010,DTW,MI,AGL,CE,Towers with Radar,574,768,24,0,1366,0,0,3,0,3,574,768,27,0,1369,0,0,0,1369
08/06/2010,DTW,MI,AGL,CE,Towers with Radar,598,802,19,0,1419,0,2,0,0,2,598,804,19,0,1421,0,0,0,1421
08/07/2010,DTW,MI,AGL,CE,Towers with Radar,532,640,11,0,1183,0,0,0,0,0,532,640,11,0,1183,0,0,0,1183
08/08/2010,DTW,MI,AGL,CE,Towers with Radar,534,699,14,0,1247,0,1,0,0,1,534,700,14,0,1248,0,0,0,1248
08/09/2010,DTW,MI,AGL,CE,Towers with Radar,567,775,19,0,1361,0,7,0,0,7,567,782,19,0,1368,0,0,0,1368
08/10/2010,DTW,MI,AGL,CE,Towers with Radar,574,773,26,2,1375,0,0,3,0,3,574,773,29,2,1378,0,0,0,1378
08/11/2010,DTW,MI,AGL,CE,Towers with Radar,548,780,20,2,1350,0,0,0,0,0,548,780,20,2,1350,0,0,0,1350
08/12/2010,DTW,MI,AGL,CE,Towers with Radar,552,784,26,0,1362,0,1,0,2,3,552,785,26,2,1365,0,0,0,1365
08/13/2010,DTW,MI,AGL,CE,Towers with Radar,586,784,9,0,1379,0,0,0,0,0,586,784,9,0,1379,0,0,0,1379
08/14/2010,DTW,MI,AGL,CE,Towers with Radar,532,622,8,0,1162,0,0,2,0,2,532,622,10,0,1164,0,0,0,1164
08/15/2010,DTW,MI,AGL,CE,Towers with Radar,531,695,14,0,1240,0,0,1,0,1,531,695,15,0,1241,0,0,0,1241
08/16/2010,DTW,MI,AGL,CE,Towers with Radar,569,768,27,0,1364,0,1,2,0,3,569,769,29,0,1367,0,0,0,1367
08/17/2010,DTW,MI,AGL,CE,Towers with Radar,575,807,14,0,1396,0,0,4,0,4,575,807,18,0,1400,0,0,0,1400
08/18/2010,DTW,MI,AGL,CE,Towers with Radar,563,809,29,0,1401,0,0,5,0,5,563,809,34,0,1406,0,0,0,1406
08/19/2010,DTW,MI,AGL,CE,Towers with Radar,571,799,22,0,1392,0,0,6,0,6,571,799,28,0,1398,0,0,0,1398
08/20/2010,DTW,MI,AGL,CE,Towers with Radar,561,793,28,0,1382,0,0,2,0,2,561,793,30,0,1384,0,0,0,1384
08/21/2010,DTW,MI,AGL,CE,Towers with Radar,519,623,9,1,1152,0,0,0,0,0,519,623,9,1,1152,0,0,0,1152
08/22/2010,DTW,MI,AGL,CE,Towers with Radar,495,698,25,0,1218,0,0,0,0,0,495,698,25,0,1218,0,0,0,1218
08/23/2010,DTW,MI,AGL,CE,Towers with Radar,566,793,23,1,1383,0,0,0,0,0,566,793,23,1,1383,0,0,0,1383
08/24/2010,DTW,MI,AGL,CE,Towers with Radar,555,799,17,0,1371,0,0,1,0,1,555,799,18,0,1372,0,0,0,1372
08/25/2010,DTW,MI,AGL,CE,Towers with Radar,572,799,21,0,1392,0,0,3,0,3,572,799,24,0,1395,0,0,0,1395
08/26/2010,DTW,MI,AGL,CE,Towers with Radar,571,811,23,2,1407,0,0,4,0,4,571,811,27,2,1411,0,0,0,1411
08/27/2010,DTW,MI,AGL,CE,Towers with Radar,556,794,15,0,1365,0,0,3,0,3,556,794,18,0,1368,0,0,0,1368
08/28/2010,DTW,MI,AGL,CE,Towers with Radar,504,629,8,0,1141,0,0,6,0,6,504,629,14,0,1147,0,0,0,1147
08/29/2010,DTW,MI,AGL,CE,Towers with Radar,498,725,11,2,1236,0,0,4,0,4,498,725,15,2,1240,0,0,0,1240
08/30/2010,DTW,MI,AGL,CE,Towers with Radar,557,815,21,0,1393,0,0,1,0,1,557,815,22,0,1394,0,0,0,1394
08/31/2010,DTW,MI,AGL,CE,Towers with Radar,568,795,31,0,1394,0,0,6,0,6,568,795,37,0,1400,0,0,0,1400
09/01/2010,DTW,MI,AGL,CE,Towers with Radar,559,800,11,0,1370,0,1,3,0,4,559,801,14,0,1374,0,0,0,1374
09/02/2010,DTW,MI,AGL,CE,Towers with Radar,568,762,23,0,1353,0,0,0,0,0,568,762,23,0,1353,0,0,0,1353
09/03/2010,DTW,MI,AGL,CE,Towers with Radar,568,775,24,0,1367,0,0,0,0,0,568,775,24,0,1367,0,0,0,1367
09/04/2010,DTW,MI,AGL,CE,Towers with Radar,463,611,10,0,1084,0,0,0,0,0,463,611,10,0,1084,0,0,0,1084
09/05/2010,DTW,MI,AGL,CE,Towers with Radar,450,535,6,0,991,0,0,2,0,2,450,535,8,0,993,0,0,0,993
09/06/2010,DTW,MI,AGL,CE,Towers with Radar,502,668,13,0,1183,0,0,1,0,1,502,668,14,0,1184,0,0,0,1184
09/07/2010,DTW,MI,AGL,CE,Towers with Radar,566,760,24,2,1352,0,0,0,0,0,566,760,24,2,1352,0,0,0,1352
09/08/2010,DTW,MI,AGL,CE,Towers with Radar,566,765,27,0,1358,0,0,0,0,0,566,765,27,0,1358,0,0,0,1358
09/09/2010,DTW,MI,AGL,CE,Towers with Radar,572,762,19,0,1353,0,1,6,0,7,572,763,25,0,1360,0,0,0,1360
09/10/2010,DTW,MI,AGL,CE,Towers with Radar,559,754,26,0,1339,0,0,1,0,1,559,754,27,0,1340,0,0,0,1340
09/11/2010,DTW,MI,AGL,CE,Towers with Radar,481,549,17,0,1047,0,0,0,0,0,481,549,17,0,1047,0,0,0,1047
09/12/2010,DTW,MI,AGL,CE,Towers with Radar,505,649,12,0,1166,0,0,3,0,3,505,649,15,0,1169,0,0,0,1169
09/13/2010,DTW,MI,AGL,CE,Towers with Radar,556,750,24,0,1330,0,0,4,0,4,556,750,28,0,1334,0,0,0,1334
09/14/2010,DTW,MI,AGL,CE,Towers with Radar,568,749,19,0,1336,0,0,0,0,0,568,749,19,0,1336,0,0,0,1336
09/15/2010,DTW,MI,AGL,CE,Towers with Radar,559,760,31,0,1350,0,0,0,0,0,559,760,31,0,1350,0,0,0,1350
09/16/2010,DTW,MI,AGL,CE,Towers with Radar,559,706,30,0,1295,0,1,6,0,7,559,707,36,0,1302,0,0,0,1302
09/17/2010,DTW,MI,AGL,CE,Towers with Radar,579,761,28,0,1368,0,0,5,0,5,579,761,33,0,1373,0,0,0,1373
09/18/2010,DTW,MI,AGL,CE,Towers with Radar,474,567,14,0,1055,0,0,0,0,0,474,567,14,0,1055,0,0,0,1055
09/19/2010,DTW,MI,AGL,CE,Towers with Radar,505,644,16,1,1166,0,0,0,0,0,505,644,16,1,1166,0,0,0,1166
09/20/2010,DTW,MI,AGL,CE,Towers with Radar,555,762,23,0,1340,0,2,5,0,7,555,764,28,0,1347,0,0,0,1347
09/21/2010,DTW,MI,AGL,CE,Towers with Radar,558,758,22,0,1338,0,2,8,0,10,558,760,30,0,1348,0,0,0,1348
09/22/2010,DTW,MI,AGL,CE,Towers with Radar,552,755,24,0,1331,0,1,1,0,2,552,756,25,0,1333,0,0,0,1333
09/23/2010,DTW,MI,AGL,CE,Towers with Radar,577,761,19,0,1357,0,0,0,0,0,577,761,19,0,1357,0,0,0,1357
09/24/2010,DTW,MI,AGL,CE,Towers with Radar,570,742,30,0,1342,0,0,4,0,4,570,742,34,0,1346,0,0,0,1346
09/25/2010,DTW,MI,AGL,CE,Towers with Radar,476,552,14,0,1042,0,1,1,0,2,476,553,15,0,1044,0,0,0,1044
09/26/2010,DTW,MI,AGL,CE,Towers with Radar,517,638,16,0,1171,0,0,2,0,2,517,638,18,0,1173,0,0,0,1173
09/27/2010,DTW,MI,AGL,CE,Towers with Radar,566,745,20,0,1331,0,0,0,0,0,566,745,20,0,1331,0,0,0,1331
09/28/2010,DTW,MI,AGL,CE,Towers with Radar,553,764,21,0,1338,0,0,5,0,5,553,764,26,0,1343,0,0,0,1343
09/29/2010,DTW,MI,AGL,CE,Towers with Radar,573,746,26,0,1345,0,2,4,0,6,573,748,30,0,1351,0,0,0,1351
09/30/2010,DTW,MI,AGL,CE,Towers with Radar,571,708,13,2,1294,0,0,0,0,0,571,708,13,2,1294,0,0,0,1294
10/01/2010,DTW,MI,AGL,CE,Towers with Radar,576,716,26,2,1320,0,0,0,0,0,576,716,26,2,1320,0,0,0,1320
10/02/2010,DTW,MI,AGL,CE,Towers with Radar,479,557,22,0,1058,0,0,0,0,0,479,557,22,0,1058,0,0,0,1058
10/03/2010,DTW,MI,AGL,CE,Towers with Radar,527,641,26,0,1194,0,0,4,0,4,527,641,30,0,1198,0,0,0,1198
10/04/2010,DTW,MI,AGL,CE,Towers with Radar,558,729,37,0,1324,0,4,0,0,4,558,733,37,0,1328,0,0,0,1328
10/05/2010,DTW,MI,AGL,CE,Towers with Radar,557,739,34,0,1330,0,2,2,0,4,557,741,36,0,1334,0,0,0,1334
10/06/2010,DTW,MI,AGL,CE,Towers with Radar,567,749,25,0,1341,0,0,2,0,2,567,749,27,0,1343,0,0,0,1343
10/07/2010,DTW,MI,AGL,CE,Towers with Radar,565,754,33,0,1352,0,1,0,0,1,565,755,33,0,1353,0,0,0,1353
10/08/2010,DTW,MI,AGL,CE,Towers with Radar,570,745,19,0,1334,0,0,0,0,0,570,745,19,0,1334,0,0,0,1334
10/09/2010,DTW,MI,AGL,CE,Towers with Radar,470,568,14,0,1052,0,0,0,0,0,470,568,14,0,1052,0,0,0,1052
10/10/2010,DTW,MI,AGL,CE,Towers with Radar,522,645,8,0,1175,0,1,1,0,2,522,646,9,0,1177,0,0,0,1177
10/11/2010,DTW,MI,AGL,CE,Towers with Radar,558,753,20,0,1331,0,1,7,0,8,558,754,27,0,1339,0,0,0,1339
10/12/2010,DTW,MI,AGL,CE,Towers with Radar,559,755,18,0,1332,0,0,2,0,2,559,755,20,0,1334,0,0,0,1334
10/13/2010,DTW,MI,AGL,CE,Towers with Radar,563,758,21,0,1342,0,4,2,0,6,563,762,23,0,1348,0,0,0,1348
10/14/2010,DTW,MI,AGL,CE,Towers with Radar,553,765,17,2,1337,0,0,4,0,4,553,765,21,2,1341,0,0,0,1341
10/15/2010,DTW,MI,AGL,CE,Towers with Radar,563,769,14,0,1346,0,0,3,0,3,563,769,17,0,1349,0,0,0,1349
10/16/2010,DTW,MI,AGL,CE,Towers with Radar,474,563,7,0,1044,0,0,0,0,0,474,563,7,0,1044,0,0,0,1044
10/17/2010,DTW,MI,AGL,CE,Towers with Radar,521,643,27,0,1191,0,0,4,0,4,521,643,31,0,1195,0,0,0,1195
10/18/2010,DTW,MI,AGL,CE,Towers with Radar,554,758,23,0,1335,0,0,1,0,1,554,758,24,0,1336,0,0,0,1336
10/19/2010,DTW,MI,AGL,CE,Towers with Radar,556,753,29,0,1338,0,4,2,1,7,556,757,31,1,1345,0,0,0,1345
10/20/2010,DTW,MI,AGL,CE,Towers with Radar,554,764,29,0,1347,0,0,5,0,5,554,764,34,0,1352,0,0,0,1352
10/21/2010,DTW,MI,AGL,CE,Towers with Radar,569,768,29,0,1366,0,0,2,0,2,569,768,31,0,1368,0,0,0,1368
10/22/2010,DTW,MI,AGL,CE,Towers with Radar,571,758,27,0,1356,0,0,2,0,2,571,758,29,0,1358,0,0,0,1358
10/23/2010,DTW,MI,AGL,CE,Towers with Radar,473,563,10,0,1046,0,0,0,0,0,473,563,10,0,1046,0,0,0,1046
10/24/2010,DTW,MI,AGL,CE,Towers with Radar,511,656,3,0,1170,0,0,1,0,1,511,656,4,0,1171,0,0,0,1171
10/25/2010,DTW,MI,AGL,CE,Towers with Radar,557,744,24,2,1327,0,0,2,0,2,557,744,26,2,1329,0,0,0,1329
10/26/2010,DTW,MI,AGL,CE,Towers with Radar,559,715,17,0,1291,0,0,1,0,1,559,715,18,0,1292,0,0,0,1292
10/27/2010,DTW,MI,AGL,CE,Towers with Radar,538,727,27,2,1294,0,0,0,0,0,538,727,27,2,1294,0,0,0,1294
10/28/2010,DTW,MI,AGL,CE,Towers with Radar,583,761,25,0,1369,0,0,2,0,2,583,761,27,0,1371,0,0,0,1371
10/29/2010,DTW,MI,AGL,CE,Towers with Radar,563,751,29,0,1343,0,6,3,0,9,563,757,32,0,1352,0,0,0,1352
10/30/2010,DTW,MI,AGL,CE,Towers with Radar,494,551,12,2,1059,0,0,2,0,2,494,551,14,2,1061,0,0,0,1061
10/31/2010,DTW,MI,AGL,CE,Towers with Radar,508,615,8,1,1132,0,1,2,0,3,508,616,10,1,1135,0,0,0,1135
11/01/2010,DTW,MI,AGL,CE,Towers with Radar,548,727,27,0,1302,0,0,0,0,0,548,727,27,0,1302,0,0,0,1302
11/02/2010,DTW,MI,AGL,CE,Towers with Radar,537,731,10,0,1278,0,0,3,0,3,537,731,13,0,1281,0,0,0,1281
11/03/2010,DTW,MI,AGL,CE,Towers with Radar,530,735,19,0,1284,0,0,6,0,6,530,735,25,0,1290,0,0,0,1290
11/04/2010,DTW,MI,AGL,CE,Towers with Radar,539,718,28,4,1289,0,1,2,0,3,539,719,30,4,1292,0,0,0,1292
11/05/2010,DTW,MI,AGL,CE,Towers with Radar,558,742,12,0,1312,0,0,2,0,2,558,742,14,0,1314,0,0,0,1314
11/06/2010,DTW,MI,AGL,CE,Towers with Radar,471,528,7,0,1006,0,0,3,0,3,471,528,10,0,1009,0,0,0,1009
11/07/2010,DTW,MI,AGL,CE,Towers with Radar,495,642,10,0,1147,0,0,3,0,3,495,642,13,0,1150,0,0,0,1150
11/08/2010,DTW,MI,AGL,CE,Towers with Radar,530,730,21,0,1281,0,0,1,0,1,530,730,22,0,1282,0,0,0,1282
11/09/2010,DTW,MI,AGL,CE,Towers with Radar,522,745,35,0,1302,0,0,2,0,2,522,745,37,0,1304,0,0,0,1304
11/10/2010,DTW,MI,AGL,CE,Towers with Radar,529,730,22,0,1281,0,0,1,0,1,529,730,23,0,1282,0,0,0,1282
11/11/2010,DTW,MI,AGL,CE,Towers with Radar,545,739,27,0,1311,0,0,2,0,2,545,739,29,0,1313,0,0,0,1313
11/12/2010,DTW,MI,AGL,CE,Towers with Radar,564,738,29,0,1331,0,0,0,0,0,564,738,29,0,1331,0,0,0,1331
11/13/2010,DTW,MI,AGL,CE,Towers with Radar,462,537,6,0,1005,0,0,2,0,2,462,537,8,0,1007,0,0,0,1007
11/14/2010,DTW,MI,AGL,CE,Towers with Radar,506,639,13,1,1159,0,0,2,0,2,506,639,15,1,1161,0,0,0,1161
11/15/2010,DTW,MI,AGL,CE,Towers with Radar,542,738,16,0,1296,0,0,0,0,0,542,738,16,0,1296,0,0,0,1296
11/16/2010,DTW,MI,AGL,CE,Towers with Radar,532,732,11,0,1275,0,0,4,0,4,532,732,15,0,1279,0,0,0,1279
11/17/2010,DTW,MI,AGL,CE,Towers with Radar,529,722,26,0,1277,0,0,0,0,0,529,722,26,0,1277,0,0,0,1277
11/18/2010,DTW,MI,AGL,CE,Towers with Radar,551,745,26,0,1322,0,0,0,0,0,551,745,26,0,1322,0,0,0,1322
11/19/2010,DTW,MI,AGL,CE,Towers with Radar,540,750,26,0,1316,0,0,0,0,0,540,750,26,0,1316,0,0,0,1316
11/20/2010,DTW,MI,AGL,CE,Towers with Radar,492,534,17,0,1043,0,0,2,0,2,492,534,19,0,1045,0,0,0,1045
11/21/2010,DTW,MI,AGL,CE,Towers with Radar,504,646,6,0,1156,0,0,0,0,0,504,646,6,0,1156,0,0,0,1156
11/22/2010,DTW,MI,AGL,CE,Towers with Radar,541,728,11,0,1280,0,0,0,0,0,541,728,11,0,1280,0,0,0,1280
11/23/2010,DTW,MI,AGL,CE,Towers with Radar,561,736,23,0,1320,0,0,0,0,0,561,736,23,0,1320,0,0,0,1320
11/24/2010,DTW,MI,AGL,CE,Towers with Radar,566,754,11,0,1331,0,0,0,0,0,566,754,11,0,1331,0,0,0,1331
11/25/2010,DTW,MI,AGL,CE,Towers with Radar,411,493,8,0,912,0,0,0,0,0,411,493,8,0,912,0,0,0,912
11/26/2010,DTW,MI,AGL,CE,Towers with Radar,409,469,10,0,888,0,0,0,0,0,409,469,10,0,888,0,0,0,888
11/27/2010,DTW,MI,AGL,CE,Towers with Radar,502,626,12,0,1140,0,0,0,0,0,502,626,12,0,1140,0,0,0,1140
11/28/2010,DTW,MI,AGL,CE,Towers with Radar,555,752,16,0,1323,0,0,1,0,1,555,752,17,0,1324,0,0,0,1324
11/29/2010,DTW,MI,AGL,CE,Towers with Radar,545,754,25,0,1324,0,16,2,0,18,545,770,27,0,1342,0,0,0,1342
11/30/2010,DTW,MI,AGL,CE,Towers with Radar,533,729,11,0,1273,0,0,0,2,2,533,729,11,2,1275,0,0,0,1275
12/01/2010,DTW,MI,AGL,CE,Towers with Radar,524,684,20,0,1228,0,0,0,0,0,524,684,20,0,1228,0,0,0,1228
12/02/2010,DTW,MI,AGL,CE,Towers with Radar,549,723,9,2,1283,0,0,1,0,1,549,723,10,2,1284,0,0,0,1284
12/03/2010,DTW,MI,AGL,CE,Towers with Radar,547,716,19,0,1282,0,0,8,0,8,547,716,27,0,1290,0,0,0,1290
12/04/2010,DTW,MI,AGL,CE,Towers with Radar,432,544,6,0,982,0,0,2,0,2,432,544,8,0,984,0,0,0,984
12/05/2010,DTW,MI,AGL,CE,Towers with Radar,489,602,20,0,1111,0,0,0,0,0,489,602,20,0,1111,0,0,0,1111
12/06/2010,DTW,MI,AGL,CE,Towers with Radar,531,696,25,0,1252,0,0,1,0,1,531,696,26,0,1253,0,0,0,1253
12/07/2010,DTW,MI,AGL,CE,Towers with Radar,520,698,15,0,1233,0,0,0,0,0,520,698,15,0,1233,0,0,0,1233
12/08/2010,DTW,MI,AGL,CE,Towers with Radar,521,699,21,0,1241,0,0,2,0,2,521,699,23,0,1243,0,0,0,1243
12/09/2010,DTW,MI,AGL,CE,Towers with Radar,537,698,11,1,1247,0,0,2,1,3,537,698,13,2,1250,0,0,0,1250
12/10/2010,DTW,MI,AGL,CE,Towers with Radar,552,697,31,0,1280,0,0,3,0,3,552,697,34,0,1283,0,0,0,1283
12/11/2010,DTW,MI,AGL,CE,Towers with Radar,422,535,6,0,963,0,0,4,0,4,422,535,10,0,967,0,0,0,967
12/12/2010,DTW,MI,AGL,CE,Towers with Radar,398,347,17,0,762,0,0,0,0,0,398,347,17,0,762,0,0,0,762
12/13/2010,DTW,MI,AGL,CE,Towers with Radar,539,514,23,2,1078,0,0,0,0,0,539,514,23,2,1078,0,0,0,1078
12/14/2010,DTW,MI,AGL,CE,Towers with Radar,546,653,24,0,1223,0,0,2,0,2,546,653,26,0,1225,0,0,0,1225
12/15/2010,DTW,MI,AGL,CE,Towers with Radar,527,684,15,0,1226,0,0,2,0,2,527,684,17,0,1228,0,0,0,1228
12/16/2010,DTW,MI,AGL,CE,Towers with Radar,543,697,13,0,1253,0,0,1,0,1,543,697,14,0,1254,0,0,0,1254
12/17/2010,DTW,MI,AGL,CE,Towers with Radar,561,705,26,0,1292,0,0,2,0,2,561,705,28,0,1294,0,0,0,1294
12/18/2010,DTW,MI,AGL,CE,Towers with Radar,500,598,9,2,1109,0,0,0,0,0,500,598,9,2,1109,0,0,0,1109
12/19/2010,DTW,MI,AGL,CE,Towers with Radar,496,601,2,0,1099,0,0,0,0,0,496,601,2,0,1099,0,0,0,1099
12/20/2010,DTW,MI,AGL,CE,Towers with Radar,515,676,15,0,1206,0,0,0,0,0,515,676,15,0,1206,0,0,0,1206
12/21/2010,DTW,MI,AGL,CE,Towers with Radar,559,684,17,0,1260,0,0,0,0,0,559,684,17,0,1260,0,0,0,1260
12/22/2010,DTW,MI,AGL,CE,Towers with Radar,551,695,10,2,1258,0,0,0,0,0,551,695,10,2,1258,0,0,0,1258
12/23/2010,DTW,MI,AGL,CE,Towers with Radar,561,685,14,0,1260,0,0,0,0,0,561,685,14,0,1260,0,0,0,1260
12/24/2010,DTW,MI,AGL,CE,Towers with Radar,473,497,2,0,972,0,0,0,0,0,473,497,2,0,972,0,0,0,972
12/25/2010,DTW,MI,AGL,CE,Towers with Radar,412,478,3,0,893,0,0,0,0,0,412,478,3,0,893,0,0,0,893
12/26/2010,DTW,MI,AGL,CE,Towers with Radar,452,587,10,0,1049,0,0,0,0,0,452,587,10,0,1049,0,0,0,1049
12/27/2010,DTW,MI,AGL,CE,Towers with Radar,484,601,10,0,1095,0,0,1,0,1,484,601,11,0,1096,0,0,0,1096
12/28/2010,DTW,MI,AGL,CE,Towers with Radar,541,634,14,0,1189,0,0,0,0,0,541,634,14,0,1189,0,0,0,1189
12/29/2010,DTW,MI,AGL,CE,Towers with Radar,536,670,5,0,1211,0,0,0,0,0,536,670,5,0,1211,0,0,0,1211
12/30/2010,DTW,MI,AGL,CE,Towers with Radar,548,669,7,0,1224,0,0,2,0,2,548,669,9,0,1226,0,0,0,1226
12/31/2010,DTW,MI,AGL,CE,Towers with Radar,463,504,3,0,970,0,0,0,0,0,463,504,3,0,970,0,0,0,970
01/01/2011,DTW,MI,AGL,CE,Towers with Radar,437,482,1,0,920,0,0,1,0,1,437,482,2,0,921,0,0,0,921
01/02/2011,DTW,MI,AGL,CE,Towers with Radar,496,652,20,0,1168,0,0,3,0,3,496,652,23,0,1171,0,0,0,1171
01/03/2011,DTW,MI,AGL,CE,Towers with Radar,525,667,9,0,1201,0,1,0,0,1,525,668,9,0,1202,0,0,0,1202
01/04/2011,DTW,MI,AGL,CE,Towers with Radar,535,684,8,0,1227,0,0,4,0,4,535,684,12,0,1231,0,0,0,1231
01/05/2011,DTW,MI,AGL,CE,Towers with Radar,521,692,21,0,1234,0,0,0,0,0,521,692,21,0,1234,0,0,0,1234
01/06/2011,DTW,MI,AGL,CE,Towers with Radar,532,672,13,0,1217,0,1,0,0,1,532,673,13,0,1218,0,0,0,1218
01/07/2011,DTW,MI,AGL,CE,Towers with Radar,523,657,10,0,1190,0,0,0,0,0,523,657,10,0,1190,0,0,0,1190
01/08/2011,DTW,MI,AGL,CE,Towers with Radar,466,503,7,0,976,0,0,0,0,0,466,503,7,0,976,0,0,0,976
01/09/2011,DTW,MI,AGL,CE,Towers with Radar,476,559,14,0,1049,0,1,4,0,5,476,560,18,0,1054,0,0,0,1054
01/10/2011,DTW,MI,AGL,CE,Towers with Radar,487,655,21,0,1163,0,1,1,0,2,487,656,22,0,1165,0,0,0,1165
01/11/2011,DTW,MI,AGL,CE,Towers with Radar,470,602,46,0,1118,0,0,0,0,0,470,602,46,0,1118,0,0,0,1118
01/12/2011,DTW,MI,AGL,CE,Towers with Radar,470,623,23,0,1116,0,1,0,0,1,470,624,23,0,1117,0,0,0,1117
01/13/2011,DTW,MI,AGL,CE,Towers with Radar,530,663,33,0,1226,1,0,0,0,1,531,663,33,0,1227,0,0,0,1227
01/14/2011,DTW,MI,AGL,CE,Towers with Radar,541,685,33,0,1259,0,0,0,0,0,541,685,33,0,1259,0,0,0,1259
01/15/2011,DTW,MI,AGL,CE,Towers with Radar,448,529,25,0,1002,0,0,0,0,0,448,529,25,0,1002,0,0,0,1002
01/16/2011,DTW,MI,AGL,CE,Towers with Radar,459,468,21,0,948,0,0,3,0,3,459,468,24,0,951,0,0,0,951
01/17/2011,DTW,MI,AGL,CE,Towers with Radar,500,616,16,0,1132,0,0,2,0,2,500,616,18,0,1134,0,0,0,1134
01/18/2011,DTW,MI,AGL,CE,Towers with Radar,498,659,12,0,1169,0,0,1,0,1,498,659,13,0,1170,0,0,0,1170
01/19/2011,DTW,MI,AGL,CE,Towers with Radar,525,697,20,0,1242,0,0,1,0,1,525,697,21,0,1243,0,0,0,1243
01/20/2011,DTW,MI,AGL,CE,Towers with Radar,534,688,21,0,1243,0,0,0,0,0,534,688,21,0,1243,0,0,0,1243
01/21/2011,DTW,MI,AGL,CE,Towers with Radar,533,662,17,0,1212,0,0,4,0,4,533,662,21,0,1216,0,0,0,1216
01/22/2011,DTW,MI,AGL,CE,Towers with Radar,461,516,17,1,995,0,0,0,0,0,461,516,17,1,995,0,0,0,995
01/23/2011,DTW,MI,AGL,CE,Towers with Radar,484,561,24,0,1069,0,0,1,0,1,484,561,25,0,1070,0,0,0,1070
01/24/2011,DTW,MI,AGL,CE,Towers with Radar,505,681,10,0,1196,0,0,0,0,0,505,681,10,0,1196,0,0,0,1196
01/25/2011,DTW,MI,AGL,CE,Towers with Radar,517,684,15,0,1216,0,0,0,0,0,517,684,15,0,1216,0,0,0,1216
01/26/2011,DTW,MI,AGL,CE,Towers with Radar,490,632,14,0,1136,0,0,0,0,0,490,632,14,0,1136,0,0,0,1136
01/27/2011,DTW,MI,AGL,CE,Towers with Radar,503,625,23,0,1151,0,0,0,0,0,503,625,23,0,1151,0,0,0,1151
01/28/2011,DTW,MI,AGL,CE,Towers with Radar,538,693,23,0,1254,0,0,0,0,0,538,693,23,0,1254,0,0,0,1254
01/29/2011,DTW,MI,AGL,CE,Towers with Radar,443,528,6,1,978,0,0,0,0,0,443,528,6,1,978,0,0,0,978
01/30/2011,DTW,MI,AGL,CE,Towers with Radar,484,578,16,0,1078,0,0,0,0,0,484,578,16,0,1078,0,0,0,1078
01/31/2011,DTW,MI,AGL,CE,Towers with Radar,509,686,22,0,1217,0,0,0,0,0,509,686,22,0,1217,0,0,0,1217
02/01/2011,DTW,MI,AGL,CE,Towers with Radar,401,526,10,0,937,0,0,0,0,0,401,526,10,0,937,0,0,0,937
02/02/2011,DTW,MI,AGL,CE,Towers with Radar,299,297,8,0,604,0,0,0,0,0,299,297,8,0,604,0,0,0,604
02/03/2011,DTW,MI,AGL,CE,Towers with Radar,516,622,23,0,1161,0,0,4,0,4,516,622,27,0,1165,0,0,0,1165
02/04/2011,DTW,MI,AGL,CE,Towers with Radar,511,649,17,0,1177,0,0,8,0,8,511,649,25,0,1185,0,0,0,1185
02/05/2011,DTW,MI,AGL,CE,Towers with Radar,436,418,10,0,864,0,0,0,0,0,436,418,10,0,864,0,0,0,864
02/06/2011,DTW,MI,AGL,CE,Towers with Radar,500,532,12,0,1044,0,0,0,0,0,500,532,12,0,1044,0,0,0,1044
02/07/2011,DTW,MI,AGL,CE,Towers with Radar,526,677,16,0,1219,0,0,0,0,0,526,677,16,0,1219,0,0,0,1219
02/08/2011,DTW,MI,AGL,CE,Towers with Radar,510,671,26,0,1207,0,0,0,0,0,510,671,26,0,1207,0,0,0,1207
02/09/2011,DTW,MI,AGL,CE,Towers with Radar,512,679,18,0,1209,0,0,1,0,1,512,679,19,0,1210,0,0,0,1210
02/10/2011,DTW,MI,AGL,CE,Towers with Radar,531,673,19,0,1223,0,2,6,0,8,531,675,25,0,1231,0,0,0,1231
02/11/2011,DTW,MI,AGL,CE,Towers with Radar,538,686,11,0,1235,0,0,2,0,2,538,686,13,0,1237,0,0,0,1237
02/12/2011,DTW,MI,AGL,CE,Towers with Radar,446,519,7,0,972,0,0,0,0,0,446,519,7,0,972,0,0,0,972
02/13/2011,DTW,MI,AGL,CE,Towers with Radar,486,572,2,0,1060,0,0,0,0,0,486,572,2,0,1060,0,0,0,1060
02/14/2011,DTW,MI,AGL,CE,Towers with Radar,505,677,17,0,1199,0,8,0,0,8,505,685,17,0,1207,0,0,0,1207
02/15/2011,DTW,MI,AGL,CE,Towers with Radar,503,681,20,0,1204,0,1,2,0,3,503,682,22,0,1207,0,0,0,1207
02/16/2011,DTW,MI,AGL,CE,Towers with Radar,518,685,24,1,1228,0,0,4,0,4,518,685,28,1,1232,0,0,0,1232
02/17/2011,DTW,MI,AGL,CE,Towers with Radar,519,706,33,0,1258,0,0,2,0,2,519,706,35,0,1260,0,0,0,1260
02/18/2011,DTW,MI,AGL,CE,Towers with Radar,515,731,14,0,1260,0,0,0,0,0,515,731,14,0,1260,0,0,0,1260
02/19/2011,DTW,MI,AGL,CE,Towers with Radar,473,527,6,0,1006,0,0,0,0,0,473,527,6,0,1006,0,0,0,1006
02/20/2011,DTW,MI,AGL,CE,Towers with Radar,396,312,9,0,717,0,0,0,0,0,396,312,9,0,717,0,0,0,717
02/21/2011,DTW,MI,AGL,CE,Towers with Radar,459,493,24,0,976,0,0,0,0,0,459,493,24,0,976,0,0,0,976
02/22/2011,DTW,MI,AGL,CE,Towers with Radar,528,680,21,0,1229,0,0,0,0,0,528,680,21,0,1229,0,0,0,1229
02/23/2011,DTW,MI,AGL,CE,Towers with Radar,525,737,31,0,1293,0,0,0,0,0,525,737,31,0,1293,0,0,0,1293
02/24/2011,DTW,MI,AGL,CE,Towers with Radar,520,708,14,0,1242,0,0,0,0,0,520,708,14,0,1242,0,0,0,1242
02/25/2011,DTW,MI,AGL,CE,Towers with Radar,516,609,10,0,1135,0,0,0,0,0,516,609,10,0,1135,0,0,0,1135
02/26/2011,DTW,MI,AGL,CE,Towers with Radar,485,530,9,0,1024,0,0,1,0,1,485,530,10,0,1025,0,0,0,1025
02/27/2011,DTW,MI,AGL,CE,Towers with Radar,472,601,11,0,1084,0,0,0,0,0,472,601,11,0,1084,0,0,0,1084
02/28/2011,DTW,MI,AGL,CE,Towers with Radar,497,700,12,0,1209,0,0,0,0,0,497,700,12,0,1209,0,0,0,1209
03/01/2011,DTW,MI,AGL,CE,Towers with Radar,522,733,17,0,1272,0,0,4,0,4,522,733,21,0,1276,0,0,0,1276
03/02/2011,DTW,MI,AGL,CE,Towers with Radar,528,726,13,0,1267,0,0,1,0,1,528,726,14,0,1268,0,0,0,1268
03/03/2011,DTW,MI,AGL,CE,Towers with Radar,542,746,9,0,1297,0,0,0,0,0,542,746,9,0,1297,0,0,0,1297
03/04/2011,DTW,MI,AGL,CE,Towers with Radar,540,743,19,0,1302,0,0,0,0,0,540,743,19,0,1302,0,0,0,1302
03/05/2011,DTW,MI,AGL,CE,Towers with Radar,489,574,7,0,1070,0,0,0,0,0,489,574,7,0,1070,0,0,0,1070
03/06/2011,DTW,MI,AGL,CE,Towers with Radar,503,607,9,0,1119,0,0,2,0,2,503,607,11,0,1121,0,0,0,1121
03/07/2011,DTW,MI,AGL,CE,Towers with Radar,541,711,10,0,1262,0,0,4,0,4,541,711,14,0,1266,0,0,0,1266
03/08/2011,DTW,MI,AGL,CE,Towers with Radar,540,751,19,0,1310,0,0,3,0,3,540,751,22,0,1313,0,0,0,1313
03/09/2011,DTW,MI,AGL,CE,Towers with Radar,523,734,20,0,1277,0,0,2,0,2,523,734,22,0,1279,0,0,0,1279
03/10/2011,DTW,MI,AGL,CE,Towers with Radar,546,743,25,0,1314,0,0,0,0,0,546,743,25,0,1314,0,0,0,1314
03/11/2011,DTW,MI,AGL,CE,Towers with Radar,551,749,31,0,1331,0,0,1,0,1,551,749,32,0,1332,0,0,0,1332
03/12/2011,DTW,MI,AGL,CE,Towers with Radar,508,569,10,0,1087,0,0,4,0,4,508,569,14,0,1091,0,0,0,1091
03/13/2011,DTW,MI,AGL,CE,Towers with Radar,501,638,10,0,1149,0,0,2,0,2,501,638,12,0,1151,0,0,0,1151
03/14/2011,DTW,MI,AGL,CE,Towers with Radar,525,744,9,0,1278,0,0,3,0,3,525,744,12,0,1281,0,0,0,1281
03/15/2011,DTW,MI,AGL,CE,Towers with Radar,548,756,18,0,1322,0,0,2,0,2,548,756,20,0,1324,0,0,0,1324
03/16/2011,DTW,MI,AGL,CE,Towers with Radar,536,735,14,0,1285,0,0,3,0,3,536,735,17,0,1288,0,0,0,1288
03/17/2011,DTW,MI,AGL,CE,Towers with Radar,540,752,18,0,1310,0,2,5,0,7,540,754,23,0,1317,0,0,0,1317
03/18/2011,DTW,MI,AGL,CE,Towers with Radar,548,758,22,0,1328,0,0,0,0,0,548,758,22,0,1328,0,0,0,1328
03/19/2011,DTW,MI,AGL,CE,Towers with Radar,507,578,14,0,1099,0,1,0,0,1,507,579,14,0,1100,0,0,0,1100
03/20/2011,DTW,MI,AGL,CE,Towers with Radar,513,622,14,0,1149,0,0,0,0,0,513,622,14,0,1149,0,0,0,1149
03/21/2011,DTW,MI,AGL,CE,Towers with Radar,542,742,5,0,1289,0,0,0,0,0,542,742,5,0,1289,0,0,0,1289
03/22/2011,DTW,MI,AGL,CE,Towers with Radar,537,748,17,0,1302,0,0,0,0,0,537,748,17,0,1302,0,0,0,1302
03/23/2011,DTW,MI,AGL,CE,Towers with Radar,493,551,14,2,1060,0,0,0,0,0,493,551,14,2,1060,0,0,0,1060
03/24/2011,DTW,MI,AGL,CE,Towers with Radar,567,761,33,0,1361,0,1,2,0,3,567,762,35,0,1364,0,0,0,1364
03/25/2011,DTW,MI,AGL,CE,Towers with Radar,537,740,15,1,1293,0,0,2,0,2,537,740,17,1,1295,0,0,0,1295
03/26/2011,DTW,MI,AGL,CE,Towers with Radar,512,570,8,0,1090,0,0,3,0,3,512,570,11,0,1093,0,0,0,1093
03/27/2011,DTW,MI,AGL,CE,Towers with Radar,502,634,7,0,1143,0,0,0,0,0,502,634,7,0,1143,0,0,0,1143
03/28/2011,DTW,MI,AGL,CE,Towers with Radar,538,755,16,0,1309,0,6,0,0,6,538,761,16,0,1315,0,0,0,1315
03/29/2011,DTW,MI,AGL,CE,Towers with Radar,547,732,15,0,1294,0,0,2,2,4,547,732,17,2,1298,0,0,0,1298
03/30/2011,DTW,MI,AGL,CE,Towers with Radar,533,751,19,0,1303,0,0,2,0,2,533,751,21,0,1305,0,0,0,1305
03/31/2011,DTW,MI,AGL,CE,Towers with Radar,534,737,16,0,1287,0,0,5,0,5,534,737,21,0,1292,0,0,0,1292
04/01/2011,DTW,MI,AGL,CE,Towers with Radar,563,721,18,0,1302,0,0,2,0,2,563,721,20,0,1304,0,0,0,1304
04/02/2011,DTW,MI,AGL,CE,Towers with Radar,487,579,15,0,1081,0,0,0,0,0,487,579,15,0,1081,0,0,0,1081
04/03/2011,DTW,MI,AGL,CE,Towers with Radar,487,645,12,0,1144,0,0,0,0,0,487,645,12,0,1144,0,0,0,1144
04/04/2011,DTW,MI,AGL,CE,Towers with Radar,537,738,7,0,1282,0,0,0,0,0,537,738,7,0,1282,0,0,0,1282
04/05/2011,DTW,MI,AGL,CE,Towers with Radar,538,709,21,0,1268,0,0,3,0,3,538,709,24,0,1271,0,0,0,1271
04/06/2011,DTW,MI,AGL,CE,Towers with Radar,542,717,36,0,1295,0,0,0,0,0,542,717,36,0,1295,0,0,0,1295
04/07/2011,DTW,MI,AGL,CE,Towers with Radar,547,757,16,0,1320,0,0,0,0,0,547,757,16,0,1320,0,0,0,1320
04/08/2011,DTW,MI,AGL,CE,Towers with Radar,560,770,14,1,1345,0,0,0,0,0,560,770,14,1,1345,0,0,0,1345
04/09/2011,DTW,MI,AGL,CE,Towers with Radar,480,580,13,0,1073,0,0,0,0,0,480,580,13,0,1073,0,0,0,1073
04/10/2011,DTW,MI,AGL,CE,Towers with Radar,498,654,16,0,1168,0,0,0,0,0,498,654,16,0,1168,0,0,0,1168
04/11/2011,DTW,MI,AGL,CE,Towers with Radar,551,751,21,0,1323,0,0,0,0,0,551,751,21,0,1323,0,0,0,1323
04/12/2011,DTW,MI,AGL,CE,Towers with Radar,536,691,22,0,1249,0,2,4,0,6,536,693,26,0,1255,0,0,0,1255
04/13/2011,DTW,MI,AGL,CE,Towers with Radar,524,718,19,1,1262,0,0,4,2,6,524,718,23,3,1268,0,0,0,1268
04/14/2011,DTW,MI,AGL,CE,Towers with Radar,561,755,19,0,1335,0,0,1,0,1,561,755,20,0,1336,0,0,0,1336
04/15/2011,DTW,MI,AGL,CE,Towers with Radar,547,762,6,0,1315,0,0,0,0,0,547,762,6,0,1315,0,0,0,1315
04/16/2011,DTW,MI,AGL,CE,Towers with Radar,472,573,19,0,1064,0,0,0,0,0,472,573,19,0,1064,0,0,0,1064
04/17/2011,DTW,MI,AGL,CE,Towers with Radar,477,648,13,0,1138,0,0,0,0,0,477,648,13,0,1138,0,0,0,1138
04/18/2011,DTW,MI,AGL,CE,Towers with Radar,561,752,13,0,1326,0,0,2,0,2,561,752,15,0,1328,0,0,0,1328
04/19/2011,DTW,MI,AGL,CE,Towers with Radar,534,691,16,0,1241,0,0,0,0,0,534,691,16,0,1241,0,0,0,1241
04/20/2011,DTW,MI,AGL,CE,Towers with Radar,525,719,11,0,1255,0,0,0,0,0,525,719,11,0,1255,0,0,0,1255
04/21/2011,DTW,MI,AGL,CE,Towers with Radar,553,765,13,0,1331,0,0,2,0,2,553,765,15,0,1333,0,0,0,1333
04/22/2011,DTW,MI,AGL,CE,Towers with Radar,551,754,13,0,1318,0,0,6,0,6,551,754,19,0,1324,0,0,0,1324
04/23/2011,DTW,MI,AGL,CE,Towers with Radar,482,550,0,0,1032,0,1,3,0,4,482,551,3,0,1036,0,0,0,1036
04/24/2011,DTW,MI,AGL,CE,Towers with Radar,476,589,5,0,1070,0,0,0,0,0,476,589,5,0,1070,0,0,0,1070
04/25/2011,DTW,MI,AGL,CE,Towers with Radar,534,735,15,0,1284,0,0,0,0,0,534,735,15,0,1284,0,0,0,1284
04/26/2011,DTW,MI,AGL,CE,Towers with Radar,522,715,10,0,1247,0,0,0,0,0,522,715,10,0,1247,0,0,0,1247
04/27/2011,DTW,MI,AGL,CE,Towers with Radar,507,722,22,0,1251,0,0,3,0,3,507,722,25,0,1254,0,0,0,1254
04/28/2011,DTW,MI,AGL,CE,Towers with Radar,537,717,14,0,1268,0,0,3,0,3,537,717,17,0,1271,0,0,0,1271
04/29/2011,DTW,MI,AGL,CE,Towers with Radar,552,772,19,0,1343,0,0,1,0,1,552,772,20,0,1344,0,0,0,1344
04/30/2011,DTW,MI,AGL,CE,Towers with Radar,464,582,7,0,1053,0,0,0,1,1,464,582,7,1,1054,0,0,0,1054
05/01/2011,DTW,MI,AGL,CE,Towers with Radar,476,630,12,0,1118,0,1,1,0,2,476,631,13,0,1120,0,0,0,1120
05/02/2011,DTW,MI,AGL,CE,Towers with Radar,535,776,21,0,1332,0,0,2,0,2,535,776,23,0,1334,0,0,0,1334
05/03/2011,DTW,MI,AGL,CE,Towers with Radar,561,783,36,0,1380,0,0,0,0,0,561,783,36,0,1380,0,0,0,1380
05/04/2011,DTW,MI,AGL,CE,Towers with Radar,620,633,31,0,1284,0,0,8,1,9,620,633,39,1,1293,0,0,0,1293
05/05/2011,DTW,MI,AGL,CE,Towers with Radar,667,656,37,0,1360,0,0,5,0,5,667,656,42,0,1365,0,0,0,1365
05/06/2011,DTW,MI,AGL,CE,Towers with Radar,669,636,26,0,1331,0,0,0,0,0,669,636,26,0,1331,0,0,0,1331
05/07/2011,DTW,MI,AGL,CE,Towers with Radar,553,457,2,0,1012,0,0,9,0,9,553,457,11,0,1021,0,0,0,1021
05/08/2011,DTW,MI,AGL,CE,Towers with Radar,569,533,12,0,1114,0,0,2,0,2,569,533,14,0,1116,0,0,0,1116
05/09/2011,DTW,MI,AGL,CE,Towers with Radar,648,630,20,0,1298,0,0,7,0,7,648,630,27,0,1305,0,0,0,1305
05/10/2011,DTW,MI,AGL,CE,Towers with Radar,620,589,20,0,1229,0,1,2,0,3,620,590,22,0,1232,0,0,0,1232
05/11/2011,DTW,MI,AGL,CE,Towers with Radar,621,620,22,0,1263,0,0,3,0,3,621,620,25,0,1266,0,0,0,1266
05/12/2011,DTW,MI,AGL,CE,Towers with Radar,672,643,25,0,1340,0,0,1,0,1,672,643,26,0,1341,0,0,0,1341
05/13/2011,DTW,MI,AGL,CE,Towers with Radar,649,617,20,0,1286,0,0,0,0,0,649,617,20,0,1286,0,0,0,1286
05/14/2011,DTW,MI,AGL,CE,Towers with Radar,571,443,6,1,1021,0,0,0,0,0,571,443,6,1,1021,0,0,0,1021
05/15/2011,DTW,MI,AGL,CE,Towers with Radar,556,508,11,0,1075,0,0,2,0,2,556,508,13,0,1077,0,0,0,1077
05/16/2011,DTW,MI,AGL,CE,Towers with Radar,646,639,19,0,1304,0,0,1,0,1,646,639,20,0,1305,0,0,0,1305
05/17/2011,DTW,MI,AGL,CE,Towers with Radar,632,589,26,0,1247,0,0,3,0,3,632,589,29,0,1250,0,0,0,1250
05/18/2011,DTW,MI,AGL,CE,Towers with Radar,617,608,24,0,1249,0,0,0,0,0,617,608,24,0,1249,0,0,0,1249
05/19/2011,DTW,MI,AGL,CE,Towers with Radar,593,697,37,2,1329,0,0,0,0,0,593,697,37,2,1329,0,0,0,1329
05/20/2011,DTW,MI,AGL,CE,Towers with Radar,554,732,16,0,1302,0,0,0,0,0,554,732,16,0,1302,0,0,0,1302
05/21/2011,DTW,MI,AGL,CE,Towers with Radar,479,540,6,0,1025,0,0,0,0,0,479,540,6,0,1025,0,0,0,1025
05/22/2011,DTW,MI,AGL,CE,Towers with Radar,469,613,11,0,1093,0,0,0,0,0,469,613,11,0,1093,0,0,0,1093
05/23/2011,DTW,MI,AGL,CE,Towers with Radar,499,626,9,2,1136,0,0,2,0,2,499,626,11,2,1138,0,0,0,1138
05/24/2011,DTW,MI,AGL,CE,Towers with Radar,558,715,15,1,1289,0,0,2,0,2,558,715,17,1,1291,0,0,0,1291
05/25/2011,DTW,MI,AGL,CE,Towers with Radar,423,444,20,0,887,0,0,0,0,0,423,444,20,0,887,0,0,0,887
05/26/2011,DTW,MI,AGL,CE,Towers with Radar,566,699,16,0,1281,0,0,0,0,0,566,699,16,0,1281,0,0,0,1281
05/27/2011,DTW,MI,AGL,CE,Towers with Radar,549,748,12,2,1311,0,0,0,0,0,549,748,12,2,1311,0,0,0,1311
05/28/2011,DTW,MI,AGL,CE,Towers with Radar,471,537,6,0,1014,0,0,2,0,2,471,537,8,0,1016,0,0,0,1016
05/29/2011,DTW,MI,AGL,CE,Towers with Radar,438,476,6,0,920,0,0,0,0,0,438,476,6,0,920,0,0,0,920
05/30/2011,DTW,MI,AGL,CE,Towers with Radar,486,650,4,0,1140,0,0,4,0,4,486,650,8,0,1144,0,0,0,1144
05/31/2011,DTW,MI,AGL,CE,Towers with Radar,508,698,11,0,1217,0,0,2,0,2,508,698,13,0,1219,0,0,0,1219
06/01/2011,DTW,MI,AGL,CE,Towers with Radar,529,704,20,1,1254,0,0,0,0,0,529,704,20,1,1254,0,0,0,1254
06/02/2011,DTW,MI,AGL,CE,Towers with Radar,548,758,17,1,1324,0,10,5,0,15,548,768,22,1,1339,0,0,0,1339
06/03/2011,DTW,MI,AGL,CE,Towers with Radar,546,742,14,0,1302,1,0,2,0,3,547,742,16,0,1305,0,0,0,1305
06/04/2011,DTW,MI,AGL,CE,Towers with Radar,491,535,10,0,1036,0,0,0,0,0,491,535,10,0,1036,0,0,0,1036
06/05/2011,DTW,MI,AGL,CE,Towers with Radar,488,629,5,1,1123,0,0,2,0,2,488,629,7,1,1125,0,0,0,1125
06/06/2011,DTW,MI,AGL,CE,Towers with Radar,540,757,24,0,1321,0,0,6,0,6,540,757,30,0,1327,0,0,0,1327
06/07/2011,DTW,MI,AGL,CE,Towers with Radar,527,703,28,0,1258,0,0,5,0,5,527,703,33,0,1263,0,0,0,1263
06/08/2011,DTW,MI,AGL,CE,Towers with Radar,544,706,9,0,1259,0,0,3,0,3,544,706,12,0,1262,0,0,0,1262
06/09/2011,DTW,MI,AGL,CE,Towers with Radar,532,773,28,2,1335,0,1,0,0,1,532,774,28,2,1336,0,0,0,1336
06/10/2011,DTW,MI,AGL,CE,Towers with Radar,543,771,19,2,1335,0,0,0,0,0,543,771,19,2,1335,0,0,0,1335
06/11/2011,DTW,MI,AGL,CE,Towers with Radar,503,617,17,0,1137,0,0,0,0,0,503,617,17,0,1137,0,0,0,1137
06/12/2011,DTW,MI,AGL,CE,Towers with Radar,483,698,14,0,1195,0,0,0,0,0,483,698,14,0,1195,0,0,0,1195
06/13/2011,DTW,MI,AGL,CE,Towers with Radar,550,795,16,1,1362,0,0,1,0,1,550,795,17,1,1363,0,0,0,1363
06/14/2011,DTW,MI,AGL,CE,Towers with Radar,546,809,21,0,1376,0,0,4,0,4,546,809,25,0,1380,0,0,0,1380
06/15/2011,DTW,MI,AGL,CE,Towers with Radar,548,801,21,0,1370,0,4,2,0,6,548,805,23,0,1376,0,0,0,1376
06/16/2011,DTW,MI,AGL,CE,Towers with Radar,549,801,25,0,1375,0,0,0,0,0,549,801,25,0,1375,0,0,0,1375
06/17/2011,DTW,MI,AGL,CE,Towers with Radar,563,788,17,1,1369,0,0,1,0,1,563,788,18,1,1370,0,0,0,1370
06/18/2011,DTW,MI,AGL,CE,Towers with Radar,504,596,7,0,1107,0,0,4,0,4,504,596,11,0,1111,0,0,0,1111
06/19/2011,DTW,MI,AGL,CE,Towers with Radar,525,695,6,0,1226,0,0,2,0,2,525,695,8,0,1228,0,0,0,1228
06/20/2011,DTW,MI,AGL,CE,Towers with Radar,544,795,21,0,1360,0,6,0,0,6,544,801,21,0,1366,0,0,0,1366
06/21/2011,DTW,MI,AGL,CE,Towers with Radar,541,752,14,0,1307,0,3,1,0,4,541,755,15,0,1311,0,0,0,1311
06/22/2011,DTW,MI,AGL,CE,Towers with Radar,565,751,13,0,1329,0,0,2,0,2,565,751,15,0,1331,0,0,0,1331
06/23/2011,DTW,MI,AGL,CE,Towers with Radar,549,798,25,0,1372,0,0,0,0,0,549,798,25,0,1372,0,0,0,1372
06/24/2011,DTW,MI,AGL,CE,Towers with Radar,558,781,22,0,1361,0,0,1,0,1,558,781,23,0,1362,0,0,0,1362
06/25/2011,DTW,MI,AGL,CE,Towers with Radar,519,620,13,2,1154,0,1,1,0,2,519,621,14,2,1156,0,0,0,1156
06/26/2011,DTW,MI,AGL,CE,Towers with Radar,515,693,19,3,1230,0,0,4,0,4,515,693,23,3,1234,0,0,0,1234
06/27/2011,DTW,MI,AGL,CE,Towers with Radar,545,799,31,0,1375,0,0,1,0,1,545,799,32,0,1376,0,0,0,1376
06/28/2011,DTW,MI,AGL,CE,Towers with Radar,556,797,24,0,1377,0,0,1,0,1,556,797,25,0,1378,0,0,0,1378
06/29/2011,DTW,MI,AGL,CE,Towers with Radar,565,812,19,0,1396,0,1,4,0,5,565,813,23,0,1401,0,0,0,1401
06/30/2011,DTW,MI,AGL,CE,Towers with Radar,550,805,26,0,1381,0,1,7,0,8,550,806,33,0,1389,0,0,0,1389
07/01/2011,DTW,MI,AGL,CE,Towers with Radar,573,809,21,0,1403,0,0,4,0,4,573,809,25,0,1407,0,0,0,1407
07/02/2011,DTW,MI,AGL,CE,Towers with Radar,495,569,10,0,1074,0,0,0,0,0,495,569,10,0,1074,0,0,0,1074
07/03/2011,DTW,MI,AGL,CE,Towers with Radar,490,533,3,0,1026,0,0,4,0,4,490,533,7,0,1030,0,0,0,1030
07/04/2011,DTW,MI,AGL,CE,Towers with Radar,521,697,9,0,1227,0,0,4,0,4,521,697,13,0,1231,0,0,0,1231
07/05/2011,DTW,MI,AGL,CE,Towers with Radar,560,809,14,0,1383,0,0,1,0,1,560,809,15,0,1384,0,0,0,1384
07/06/2011,DTW,MI,AGL,CE,Towers with Radar,575,805,12,0,1392,0,2,1,0,3,575,807,13,0,1395,0,0,0,1395
07/07/2011,DTW,MI,AGL,CE,Towers with Radar,566,813,9,0,1388,0,0,4,0,4,566,813,13,0,1392,0,0,0,1392
07/08/2011,DTW,MI,AGL,CE,Towers with Radar,568,796,10,0,1374,0,0,1,0,1,568,796,11,0,1375,0,0,0,1375
07/09/2011,DTW,MI,AGL,CE,Towers with Radar,504,585,11,0,1100,0,0,0,0,0,504,585,11,0,1100,0,0,0,1100
07/10/2011,DTW,MI,AGL,CE,Towers with Radar,533,734,15,0,1282,0,2,1,0,3,533,736,16,0,1285,0,0,0,1285
07/11/2011,DTW,MI,AGL,CE,Towers with Radar,563,782,13,0,1358,0,0,0,0,0,563,782,13,0,1358,0,0,0,1358
07/12/2011,DTW,MI,AGL,CE,Towers with Radar,572,799,27,0,1398,0,0,2,0,2,572,799,29,0,1400,0,0,0,1400
07/13/2011,DTW,MI,AGL,CE,Towers with Radar,563,807,23,0,1393,0,2,1,0,3,563,809,24,0,1396,0,0,0,1396
07/14/2011,DTW,MI,AGL,CE,Towers with Radar,572,790,14,0,1376,0,0,0,0,0,572,790,14,0,1376,0,0,0,1376
07/15/2011,DTW,MI,AGL,CE,Towers with Radar,563,785,17,0,1365,0,0,0,2,2,563,785,17,2,1367,0,0,0,1367
07/16/2011,DTW,MI,AGL,CE,Towers with Radar,520,561,8,0,1089,0,0,2,0,2,520,561,10,0,1091,0,0,0,1091
07/17/2011,DTW,MI,AGL,CE,Towers with Radar,536,720,8,3,1267,0,0,0,0,0,536,720,8,3,1267,0,0,0,1267
07/18/2011,DTW,MI,AGL,CE,Towers with Radar,573,765,18,2,1358,0,0,1,0,1,573,765,19,2,1359,0,0,0,1359
07/19/2011,DTW,MI,AGL,CE,Towers with Radar,585,792,18,0,1395,0,0,0,0,0,585,792,18,0,1395,0,0,0,1395
07/20/2011,DTW,MI,AGL,CE,Towers with Radar,572,804,29,0,1405,0,0,2,0,2,572,804,31,0,1407,0,0,0,1407
07/21/2011,DTW,MI,AGL,CE,Towers with Radar,578,779,19,0,1376,0,1,4,0,5,578,780,23,0,1381,0,0,0,1381
07/22/2011,DTW,MI,AGL,CE,Towers with Radar,577,777,25,0,1379,0,0,1,2,3,577,777,26,2,1382,0,0,0,1382
07/23/2011,DTW,MI,AGL,CE,Towers with Radar,513,573,15,0,1101,0,1,0,0,1,513,574,15,0,1102,0,0,0,1102
07/24/2011,DTW,MI,AGL,CE,Towers with Radar,529,710,16,0,1255,0,0,2,0,2,529,710,18,0,1257,0,0,0,1257
07/25/2011,DTW,MI,AGL,CE,Towers with Radar,574,774,20,0,1368,0,0,2,0,2,574,774,22,0,1370,0,0,0,1370
07/26/2011,DTW,MI,AGL,CE,Towers with Radar,591,799,27,0,1417,0,0,8,0,8,591,799,35,0,1425,0,0,0,1425
07/27/2011,DTW,MI,AGL,CE,Towers with Radar,579,792,26,0,1397,0,0,2,0,2,579,792,28,0,1399,0,0,0,1399
07/28/2011,DTW,MI,AGL,CE,Towers with Radar,572,778,20,0,1370,0,0,2,0,2,572,778,22,0,1372,0,0,0,1372
07/29/2011,DTW,MI,AGL,CE,Towers with Radar,584,775,19,2,1380,0,0,3,0,3,584,775,22,2,1383,0,0,0,1383
07/30/2011,DTW,MI,AGL,CE,Towers with Radar,517,570,5,0,1092,0,0,5,0,5,517,570,10,0,1097,0,0,0,1097
07/31/2011,DTW,MI,AGL,CE,Towers with Radar,544,709,17,0,1270,0,0,1,0,1,544,709,18,0,1271,0,0,0,1271
08/01/2011,DTW,MI,AGL,CE,Towers with Radar,562,791,27,0,1380,0,0,7,0,7,562,791,34,0,1387,0,0,0,1387
08/02/2011,DTW,MI,AGL,CE,Towers with Radar,580,804,16,0,1400,0,0,3,0,3,580,804,19,0,1403,0,0,0,1403
08/03/2011,DTW,MI,AGL,CE,Towers with Radar,581,812,16,0,1409,0,0,1,0,1,581,812,17,0,1410,0,0,0,1410
08/04/2011,DTW,MI,AGL,CE,Towers with Radar,581,812,23,0,1416,0,0,0,0,0,581,812,23,0,1416,0,0,0,1416
08/05/2011,DTW,MI,AGL,CE,Towers with Radar,578,799,15,0,1392,0,0,0,0,0,578,799,15,0,1392,0,0,0,1392
08/06/2011,DTW,MI,AGL,CE,Towers with Radar,504,575,13,0,1092,0,0,0,0,0,504,575,13,0,1092,0,0,0,1092
08/07/2011,DTW,MI,AGL,CE,Towers with Radar,524,724,8,0,1256,0,0,0,0,0,524,724,8,0,1256,0,0,0,1256
08/08/2011,DTW,MI,AGL,CE,Towers with Radar,558,812,9,2,1381,0,0,0,0,0,558,812,9,2,1381,0,0,0,1381
08/09/2011,DTW,MI,AGL,CE,Towers with Radar,564,778,16,5,1363,0,0,3,0,3,564,778,19,5,1366,0,0,0,1366
08/10/2011,DTW,MI,AGL,CE,Towers with Radar,580,801,21,0,1402,0,0,4,0,4,580,801,25,0,1406,0,0,0,1406
08/11/2011,DTW,MI,AGL,CE,Towers with Radar,567,830,26,0,1423,0,2,1,0,3,567,832,27,0,1426,0,0,0,1426
08/12/2011,DTW,MI,AGL,CE,Towers with Radar,579,796,23,0,1398,0,0,7,0,7,579,796,30,0,1405,0,0,0,1405
08/13/2011,DTW,MI,AGL,CE,Towers with Radar,520,561,5,0,1086,0,0,0,0,0,520,561,5,0,1086,0,0,0,1086
08/14/2011,DTW,MI,AGL,CE,Towers with Radar,523,705,13,0,1241,0,1,0,0,1,523,706,13,0,1242,0,0,0,1242
08/15/2011,DTW,MI,AGL,CE,Towers with Radar,557,813,16,0,1386,0,0,1,0,1,557,813,17,0,1387,0,0,0,1387
08/16/2011,DTW,MI,AGL,CE,Towers with Radar,521,727,16,0,1264,0,0,2,0,2,521,727,18,0,1266,0,0,0,1266
08/17/2011,DTW,MI,AGL,CE,Towers with Radar,540,795,9,0,1344,0,0,3,0,3,540,795,12,0,1347,0,0,0,1347
08/18/2011,DTW,MI,AGL,CE,Towers with Radar,565,782,24,0,1371,0,0,0,0,0,565,782,24,0,1371,0,0,0,1371
08/19/2011,DTW,MI,AGL,CE,Towers with Radar,551,770,15,0,1336,0,0,2,0,2,551,770,17,0,1338,0,0,0,1338
08/20/2011,DTW,MI,AGL,CE,Towers with Radar,471,553,11,0,1035,0,0,0,0,0,471,553,11,0,1035,0,0,0,1035
08/21/2011,DTW,MI,AGL,CE,Towers with Radar,505,699,6,0,1210,0,0,3,0,3,505,699,9,0,1213,0,0,0,1213
08/22/2011,DTW,MI,AGL,CE,Towers with Radar,535,800,14,0,1349,0,0,2,0,2,535,800,16,0,1351,0,0,0,1351
08/23/2011,DTW,MI,AGL,CE,Towers with Radar,517,713,9,0,1239,0,14,2,0,16,517,727,11,0,1255,0,0,0,1255
08/24/2011,DTW,MI,AGL,CE,Towers with Radar,511,726,22,0,1259,0,3,2,0,5,511,729,24,0,1264,0,0,0,1264
08/25/2011,DTW,MI,AGL,CE,Towers with Radar,569,785,14,0,1368,0,4,5,0,9,569,789,19,0,1377,0,0,0,1377
08/26/2011,DTW,MI,AGL,CE,Towers with Radar,570,787,21,0,1378,0,0,1,0,1,570,787,22,0,1379,0,0,0,1379
08/27/2011,DTW,MI,AGL,CE,Towers with Radar,445,528,12,0,985,0,0,0,0,0,445,528,12,0,985,0,0,0,985
08/28/2011,DTW,MI,AGL,CE,Towers with Radar,430,587,17,0,1034,0,0,3,0,3,430,587,20,0,1037,0,0,0,1037
08/29/2011,DTW,MI,AGL,CE,Towers with Radar,509,785,24,0,1318,0,0,0,0,0,509,785,24,0,1318,0,0,0,1318
08/30/2011,DTW,MI,AGL,CE,Towers with Radar,516,706,27,0,1249,0,0,8,0,8,516,706,35,0,1257,0,0,0,1257
08/31/2011,DTW,MI,AGL,CE,Towers with Radar,535,777,17,0,1329,0,0,0,0,0,535,777,17,0,1329,0,0,0,1329
09/01/2011,DTW,MI,AGL,CE,Towers with Radar,553,808,10,0,1371,0,0,0,2,2,553,808,10,2,1373,0,0,0,1373
09/02/2011,DTW,MI,AGL,CE,Towers with Radar,542,810,15,4,1371,0,0,9,0,9,542,810,24,4,1380,0,0,0,1380
09/03/2011,DTW,MI,AGL,CE,Towers with Radar,433,476,11,0,920,0,0,0,0,0,433,476,11,0,920,0,0,0,920
09/04/2011,DTW,MI,AGL,CE,Towers with Radar,430,473,1,2,906,0,17,0,0,17,430,490,1,2,923,0,0,0,923
09/05/2011,DTW,MI,AGL,CE,Towers with Radar,501,678,9,4,1192,0,0,6,0,6,501,678,15,4,1198,0,0,0,1198
09/06/2011,DTW,MI,AGL,CE,Towers with Radar,495,721,9,0,1225,0,0,0,0,0,495,721,9,0,1225,0,0,0,1225
09/07/2011,DTW,MI,AGL,CE,Towers with Radar,505,738,28,0,1271,0,1,0,0,1,505,739,28,0,1272,0,0,0,1272
09/08/2011,DTW,MI,AGL,CE,Towers with Radar,539,759,18,0,1316,0,0,0,0,0,539,759,18,0,1316,0,0,0,1316
09/09/2011,DTW,MI,AGL,CE,Towers with Radar,537,763,14,2,1316,0,0,0,0,0,537,763,14,2,1316,0,0,0,1316
09/10/2011,DTW,MI,AGL,CE,Towers with Radar,430,498,13,0,941,0,0,1,0,1,430,498,14,0,942,0,0,0,942
09/11/2011,DTW,MI,AGL,CE,Towers with Radar,493,660,20,0,1173,0,0,3,0,3,493,660,23,0,1176,0,0,0,1176
09/12/2011,DTW,MI,AGL,CE,Towers with Radar,528,759,16,0,1303,0,0,4,0,4,528,759,20,0,1307,0,0,0,1307
09/13/2011,DTW,MI,AGL,CE,Towers with Radar,475,664,18,1,1158,0,1,2,0,3,475,665,20,1,1161,0,0,0,1161
09/14/2011,DTW,MI,AGL,CE,Towers with Radar,511,732,21,0,1264,0,0,0,0,0,511,732,21,0,1264,0,0,0,1264
09/15/2011,DTW,MI,AGL,CE,Towers with Radar,533,773,37,0,1343,0,0,2,0,2,533,773,39,0,1345,0,0,0,1345
09/16/2011,DTW,MI,AGL,CE,Towers with Radar,543,765,17,0,1325,0,0,0,0,0,543,765,17,0,1325,0,0,0,1325
09/17/2011,DTW,MI,AGL,CE,Towers with Radar,428,493,7,1,929,0,0,0,0,0,428,493,7,1,929,0,0,0,929
09/18/2011,DTW,MI,AGL,CE,Towers with Radar,500,652,16,0,1168,0,0,4,0,4,500,652,20,0,1172,0,0,0,1172
09/19/2011,DTW,MI,AGL,CE,Towers with Radar,529,760,25,0,1314,0,0,0,0,0,529,760,25,0,1314,0,0,0,1314
09/20/2011,DTW,MI,AGL,CE,Towers with Radar,481,677,24,0,1182,0,0,1,0,1,481,677,25,0,1183,0,0,0,1183
09/21/2011,DTW,MI,AGL,CE,Towers with Radar,518,736,30,0,1284,0,0,4,0,4,518,736,34,0,1288,0,0,0,1288
09/22/2011,DTW,MI,AGL,CE,Towers with Radar,539,762,27,0,1328,0,0,5,0,5,539,762,32,0,1333,0,0,0,1333
09/23/2011,DTW,MI,AGL,CE,Towers with Radar,534,752,9,0,1295,0,0,0,0,0,534,752,9,0,1295,0,0,0,1295
09/24/2011,DTW,MI,AGL,CE,Towers with Radar,434,489,9,0,932,0,0,0,0,0,434,489,9,0,932,0,0,0,932
09/25/2011,DTW,MI,AGL,CE,Towers with Radar,505,664,25,0,1194,0,0,1,0,1,505,664,26,0,1195,0,0,0,1195
09/26/2011,DTW,MI,AGL,CE,Towers with Radar,522,764,20,0,1306,0,0,0,0,0,522,764,20,0,1306,0,0,0,1306
09/27/2011,DTW,MI,AGL,CE,Towers with Radar,482,664,9,0,1155,0,0,2,0,2,482,664,11,0,1157,0,0,0,1157
09/28/2011,DTW,MI,AGL,CE,Towers with Radar,520,737,16,0,1273,0,1,0,1,2,520,738,16,1,1275,0,0,0,1275
09/29/2011,DTW,MI,AGL,CE,Towers with Radar,527,754,15,0,1296,0,0,1,0,1,527,754,16,0,1297,0,0,0,1297
09/30/2011,DTW,MI,AGL,CE,Towers with Radar,542,777,19,0,1338,0,0,3,0,3,542,777,22,0,1341,0,0,0,1341
10/01/2011,DTW,MI,AGL,CE,Towers with Radar,443,493,14,0,950,0,0,2,0,2,443,493,16,0,952,0,0,0,952
10/02/2011,DTW,MI,AGL,CE,Towers with Radar,493,672,17,0,1182,0,0,1,0,1,493,672,18,0,1183,0,0,0,1183
10/03/2011,DTW,MI,AGL,CE,Towers with Radar,539,755,10,0,1304,0,0,2,0,2,539,755,12,0,1306,0,0,0,1306
10/04/2011,DTW,MI,AGL,CE,Towers with Radar,478,679,26,0,1183,0,0,5,0,5,478,679,31,0,1188,0,0,0,1188
10/05/2011,DTW,MI,AGL,CE,Towers with Radar,519,761,23,0,1303,0,1,8,0,9,519,762,31,0,1312,0,0,0,1312
10/06/2011,DTW,MI,AGL,CE,Towers with Radar,525,773,24,0,1322,0,0,7,0,7,525,773,31,0,1329,0,0,0,1329
10/07/2011,DTW,MI,AGL,CE,Towers with Radar,531,773,20,0,1324,0,0,3,0,3,531,773,23,0,1327,0,0,0,1327
10/08/2011,DTW,MI,AGL,CE,Towers with Radar,433,492,7,0,932,0,0,2,0,2,433,492,9,0,934,0,0,0,934
10/09/2011,DTW,MI,AGL,CE,Towers with Radar,491,660,18,0,1169,0,0,1,0,1,491,660,19,0,1170,0,0,0,1170
10/10/2011,DTW,MI,AGL,CE,Towers with Radar,534,771,18,2,1325,0,0,6,0,6,534,771,24,2,1331,0,0,0,1331
10/11/2011,DTW,MI,AGL,CE,Towers with Radar,481,687,27,2,1197,0,0,4,0,4,481,687,31,2,1201,0,0,0,1201
10/12/2011,DTW,MI,AGL,CE,Towers with Radar,519,761,24,2,1306,0,0,0,1,1,519,761,24,3,1307,0,0,0,1307
10/13/2011,DTW,MI,AGL,CE,Towers with Radar,529,760,22,1,1312,0,0,0,0,0,529,760,22,1,1312,0,0,0,1312
10/14/2011,DTW,MI,AGL,CE,Towers with Radar,532,772,27,6,1337,0,0,5,6,11,532,772,32,12,1348,0,0,0,1348
10/15/2011,DTW,MI,AGL,CE,Towers with Radar,435,489,9,2,935,0,2,1,3,6,435,491,10,5,941,0,0,0,941
10/16/2011,DTW,MI,AGL,CE,Towers with Radar,492,672,12,0,1176,0,5,0,0,5,492,677,12,0,1181,0,0,0,1181
10/17/2011,DTW,MI,AGL,CE,Towers with Radar,530,772,19,1,1322,0,3,0,0,3,530,775,19,1,1325,0,0,0,1325
10/18/2011,DTW,MI,AGL,CE,Towers with Radar,469,683,12,0,1164,0,0,7,0,7,469,683,19,0,1171,0,0,0,1171
10/19/2011,DTW,MI,AGL,CE,Towers with Radar,512,749,26,0,1287,0,0,0,0,0,512,749,26,0,1287,0,0,0,1287
10/20/2011,DTW,MI,AGL,CE,Towers with Radar,532,778,14,0,1324,0,0,0,0,0,532,778,14,0,1324,0,0,0,1324
10/21/2011,DTW,MI,AGL,CE,Towers with Radar,523,787,15,0,1325,0,0,0,0,0,523,787,15,0,1325,0,0,0,1325
10/22/2011,DTW,MI,AGL,CE,Towers with Radar,433,505,7,0,945,0,0,3,0,3,433,505,10,0,948,0,0,0,948
10/23/2011,DTW,MI,AGL,CE,Towers with Radar,492,682,9,0,1183,0,0,0,0,0,492,682,9,0,1183,0,0,0,1183
10/24/2011,DTW,MI,AGL,CE,Towers with Radar,534,768,19,2,1323,0,0,4,0,4,534,768,23,2,1327,0,0,0,1327
10/25/2011,DTW,MI,AGL,CE,Towers with Radar,477,698,17,8,1200,0,0,3,0,3,477,698,20,8,1203,0,0,0,1203
10/26/2011,DTW,MI,AGL,CE,Towers with Radar,521,757,15,1,1294,0,0,0,0,0,521,757,15,1,1294,0,0,0,1294
10/27/2011,DTW,MI,AGL,CE,Towers with Radar,533,772,3,1,1309,0,0,0,0,0,533,772,3,1,1309,0,0,0,1309
10/28/2011,DTW,MI,AGL,CE,Towers with Radar,529,778,19,0,1326,0,2,6,2,10,529,780,25,2,1336,0,0,0,1336
10/29/2011,DTW,MI,AGL,CE,Towers with Radar,427,463,11,0,901,0,0,0,0,0,427,463,11,0,901,0,0,0,901
10/30/2011,DTW,MI,AGL,CE,Towers with Radar,497,665,7,4,1173,0,0,2,0,2,497,665,9,4,1175,0,0,0,1175
10/31/2011,DTW,MI,AGL,CE,Towers with Radar,511,726,8,0,1245,0,0,0,0,0,511,726,8,0,1245,0,0,0,1245
11/01/2011,DTW,MI,AGL,CE,Towers with Radar,481,668,20,1,1170,0,0,0,0,0,481,668,20,1,1170,0,0,0,1170
11/02/2011,DTW,MI,AGL,CE,Towers with Radar,512,736,12,0,1260,0,0,2,0,2,512,736,14,0,1262,0,0,0,1262
11/03/2011,DTW,MI,AGL,CE,Towers with Radar,531,755,19,0,1305,0,0,0,0,0,531,755,19,0,1305,0,0,0,1305
11/04/2011,DTW,MI,AGL,CE,Towers with Radar,534,758,12,0,1304,0,0,0,0,0,534,758,12,0,1304,0,0,0,1304
11/05/2011,DTW,MI,AGL,CE,Towers with Radar,427,492,6,0,925,0,2,1,0,3,427,494,7,0,928,0,0,0,928
11/06/2011,DTW,MI,AGL,CE,Towers with Radar,498,635,13,0,1146,0,0,0,0,0,498,635,13,0,1146,0,0,0,1146
11/07/2011,DTW,MI,AGL,CE,Towers with Radar,536,748,11,0,1295,0,0,0,0,0,536,748,11,0,1295,0,0,0,1295
11/08/2011,DTW,MI,AGL,CE,Towers with Radar,491,674,23,0,1188,0,0,0,0,0,491,674,23,0,1188,0,0,0,1188
11/09/2011,DTW,MI,AGL,CE,Towers with Radar,517,724,19,0,1260,0,0,2,0,2,517,724,21,0,1262,0,0,0,1262
11/10/2011,DTW,MI,AGL,CE,Towers with Radar,533,733,12,0,1278,0,0,0,0,0,533,733,12,0,1278,0,0,0,1278
11/11/2011,DTW,MI,AGL,CE,Towers with Radar,533,766,12,1,1312,0,0,2,0,2,533,766,14,1,1314,0,0,0,1314
11/12/2011,DTW,MI,AGL,CE,Towers with Radar,411,493,8,1,913,0,0,2,0,2,411,493,10,1,915,0,0,0,915
11/13/2011,DTW,MI,AGL,CE,Towers with Radar,490,657,13,3,1163,0,0,7,0,7,490,657,20,3,1170,0,0,0,1170
11/14/2011,DTW,MI,AGL,CE,Towers with Radar,520,749,16,0,1285,0,1,0,0,1,520,750,16,0,1286,0,0,0,1286
11/15/2011,DTW,MI,AGL,CE,Towers with Radar,499,670,23,0,1192,0,13,6,0,19,499,683,29,0,1211,0,0,0,1211
11/16/2011,DTW,MI,AGL,CE,Towers with Radar,528,751,15,0,1294,0,5,5,0,10,528,756,20,0,1304,0,0,0,1304
11/17/2011,DTW,MI,AGL,CE,Towers with Radar,544,751,23,0,1318,0,0,2,0,2,544,751,25,0,1320,0,0,0,1320
11/18/2011,DTW,MI,AGL,CE,Towers with Radar,523,781,15,0,1319,0,0,6,0,6,523,781,21,0,1325,0,0,0,1325
11/19/2011,DTW,MI,AGL,CE,Towers with Radar,416,495,3,0,914,0,0,1,0,1,416,495,4,0,915,0,0,0,915
11/20/2011,DTW,MI,AGL,CE,Towers with Radar,504,632,10,0,1146,0,5,0,0,5,504,637,10,0,1151,0,0,0,1151
11/21/2011,DTW,MI,AGL,CE,Towers with Radar,469,679,18,2,1168,0,15,2,0,17,469,694,20,2,1185,0,0,0,1185
11/22/2011,DTW,MI,AGL,CE,Towers with Radar,517,732,10,0,1259,0,0,0,0,0,517,732,10,0,1259,0,0,0,1259
11/23/2011,DTW,MI,AGL,CE,Towers with Radar,545,774,14,0,1333,0,0,2,0,2,545,774,16,0,1335,0,0,0,1335
11/24/2011,DTW,MI,AGL,CE,Towers with Radar,336,398,15,0,749,0,0,0,0,0,336,398,15,0,749,0,0,0,749
11/25/2011,DTW,MI,AGL,CE,Towers with Radar,399,452,5,0,856,0,0,0,0,0,399,452,5,0,856,0,0,0,856
11/26/2011,DTW,MI,AGL,CE,Towers with Radar,485,651,5,0,1141,0,0,2,0,2,485,651,7,0,1143,0,0,0,1143
11/27/2011,DTW,MI,AGL,CE,Towers with Radar,537,757,8,0,1302,0,0,0,0,0,537,757,8,0,1302,0,0,0,1302
11/28/2011,DTW,MI,AGL,CE,Towers with Radar,559,763,27,0,1349,0,0,0,0,0,559,763,27,0,1349,0,0,0,1349
11/29/2011,DTW,MI,AGL,CE,Towers with Radar,497,694,16,2,1209,0,0,0,0,0,497,694,16,2,1209,0,0,0,1209
11/30/2011,DTW,MI,AGL,CE,Towers with Radar,521,699,14,0,1234,0,0,0,0,0,521,699,14,0,1234,0,0,0,1234
12/01/2011,DTW,MI,AGL,CE,Towers with Radar,519,699,15,1,1234,0,0,0,0,0,519,699,15,1,1234,0,0,0,1234
12/02/2011,DTW,MI,AGL,CE,Towers with Radar,523,685,11,0,1219,0,0,8,0,8,523,685,19,0,1227,0,0,0,1227
12/03/2011,DTW,MI,AGL,CE,Towers with Radar,409,440,10,0,859,0,0,0,0,0,409,440,10,0,859,0,0,0,859
12/04/2011,DTW,MI,AGL,CE,Towers with Radar,456,589,14,0,1059,0,0,0,0,0,456,589,14,0,1059,0,0,0,1059
12/05/2011,DTW,MI,AGL,CE,Towers with Radar,499,682,4,0,1185,0,0,0,0,0,499,682,4,0,1185,0,0,0,1185
12/06/2011,DTW,MI,AGL,CE,Towers with Radar,476,624,15,0,1115,0,0,2,0,2,476,624,17,0,1117,0,0,0,1117
12/07/2011,DTW,MI,AGL,CE,Towers with Radar,500,680,9,0,1189,0,0,4,0,4,500,680,13,0,1193,0,0,0,1193
12/08/2011,DTW,MI,AGL,CE,Towers with Radar,535,684,15,0,1234,0,0,4,0,4,535,684,19,0,1238,0,0,0,1238
12/09/2011,DTW,MI,AGL,CE,Towers with Radar,517,679,16,0,1212,0,0,1,0,1,517,679,17,0,1213,0,0,0,1213
12/10/2011,DTW,MI,AGL,CE,Towers with Radar,399,443,11,0,853,0,1,1,0,2,399,444,12,0,855,0,0,0,855
12/11/2011,DTW,MI,AGL,CE,Towers with Radar,465,591,13,0,1069,0,0,5,0,5,465,591,18,0,1074,0,0,0,1074
12/12/2011,DTW,MI,AGL,CE,Towers with Radar,509,681,19,0,1209,0,0,1,1,2,509,681,20,1,1211,0,0,0,1211
12/13/2011,DTW,MI,AGL,CE,Towers with Radar,466,624,25,1,1116,0,0,3,2,5,466,624,28,3,1121,0,0,0,1121
12/14/2011,DTW,MI,AGL,CE,Towers with Radar,502,672,16,0,1190,0,0,0,0,0,502,672,16,0,1190,0,0,0,1190
12/15/2011,DTW,MI,AGL,CE,Towers with Radar,525,671,17,0,1213,0,0,0,0,0,525,671,17,0,1213,0,0,0,1213
12/16/2011,DTW,MI,AGL,CE,Towers with Radar,537,687,24,0,1248,0,0,0,0,0,537,687,24,0,1248,0,0,0,1248
12/17/2011,DTW,MI,AGL,CE,Towers with Radar,459,456,2,0,917,0,0,0,0,0,459,456,2,0,917,0,0,0,917
12/18/2011,DTW,MI,AGL,CE,Towers with Radar,510,522,6,1,1039,0,0,0,0,0,510,522,6,1,1039,0,0,0,1039
12/19/2011,DTW,MI,AGL,CE,Towers with Radar,543,624,18,0,1185,0,0,3,0,3,543,624,21,0,1188,0,0,0,1188
12/20/2011,DTW,MI,AGL,CE,Towers with Radar,540,626,13,0,1179,0,0,1,0,1,540,626,14,0,1180,0,0,0,1180
12/21/2011,DTW,MI,AGL,CE,Towers with Radar,559,615,16,0,1190,0,0,0,0,0,559,615,16,0,1190,0,0,0,1190
12/22/2011,DTW,MI,AGL,CE,Towers with Radar,554,627,15,0,1196,0,0,0,0,0,554,627,15,0,1196,0,0,0,1196
12/23/2011,DTW,MI,AGL,CE,Towers with Radar,552,637,5,0,1194,0,0,2,0,2,552,637,7,0,1196,0,0,0,1196
12/24/2011,DTW,MI,AGL,CE,Towers with Radar,427,416,7,0,850,0,0,0,0,0,427,416,7,0,850,0,0,0,850
12/25/2011,DTW,MI,AGL,CE,Towers with Radar,399,407,0,0,806,0,0,0,0,0,399,407,0,0,806,0,0,0,806
12/26/2011,DTW,MI,AGL,CE,Towers with Radar,514,630,5,0,1149,0,0,0,0,0,514,630,5,0,1149,0,0,0,1149
12/27/2011,DTW,MI,AGL,CE,Towers with Radar,526,612,8,0,1146,0,0,0,0,0,526,612,8,0,1146,0,0,0,1146
12/28/2011,DTW,MI,AGL,CE,Towers with Radar,552,631,13,0,1196,0,0,6,0,6,552,631,19,0,1202,0,0,0,1202
12/29/2011,DTW,MI,AGL,CE,Towers with Radar,533,638,3,0,1174,0,0,0,0,0,533,638,3,0,1174,0,0,0,1174
12/30/2011,DTW,MI,AGL,CE,Towers with Radar,535,631,11,0,1177,0,0,0,0,0,535,631,11,0,1177,0,0,0,1177
12/31/2011,DTW,MI,AGL,CE,Towers with Radar,423,407,4,0,834,0,0,0,0,0,423,407,4,0,834,0,0,0,834
01/01/2012,DTW,MI,AGL,CE,Towers with Radar,430,411,5,0,846,0,0,0,0,0,430,411,5,0,846,0,0,0,846
01/02/2012,DTW,MI,AGL,CE,Towers with Radar,525,613,10,0,1148,0,0,0,0,0,525,613,10,0,1148,0,0,0,1148
01/03/2012,DTW,MI,AGL,CE,Towers with Radar,534,633,0,0,1167,0,0,0,0,0,534,633,0,0,1167,0,0,0,1167
01/04/2012,DTW,MI,AGL,CE,Towers with Radar,519,659,6,0,1184,0,0,0,0,0,519,659,6,0,1184,0,0,0,1184
01/05/2012,DTW,MI,AGL,CE,Towers with Radar,507,662,12,0,1181,0,0,6,0,6,507,662,18,0,1187,0,0,0,1187
01/06/2012,DTW,MI,AGL,CE,Towers with Radar,496,681,9,0,1186,0,1,2,0,3,496,682,11,0,1189,0,0,0,1189
01/07/2012,DTW,MI,AGL,CE,Towers with Radar,379,452,4,0,835,0,0,4,0,4,379,452,8,0,839,0,0,0,839
01/08/2012,DTW,MI,AGL,CE,Towers with Radar,448,575,16,0,1039,0,4,3,0,7,448,579,19,0,1046,0,0,0,1046
01/09/2012,DTW,MI,AGL,CE,Towers with Radar,482,685,24,0,1191,0,20,1,0,21,482,705,25,0,1212,0,0,0,1212
01/10/2012,DTW,MI,AGL,CE,Towers with Radar,442,622,44,0,1108,0,8,1,0,9,442,630,45,0,1117,0,0,0,1117
01/11/2012,DTW,MI,AGL,CE,Towers with Radar,471,665,30,0,1166,0,0,0,0,0,471,665,30,0,1166,0,0,0,1166
01/12/2012,DTW,MI,AGL,CE,Towers with Radar,493,660,24,1,1178,0,0,0,0,0,493,660,24,1,1178,0,0,0,1178
01/13/2012,DTW,MI,AGL,CE,Towers with Radar,493,641,13,2,1149,0,0,0,0,0,493,641,13,2,1149,0,0,0,1149
01/14/2012,DTW,MI,AGL,CE,Towers with Radar,360,479,13,0,852,0,0,0,0,0,360,479,13,0,852,0,0,0,852
01/15/2012,DTW,MI,AGL,CE,Towers with Radar,403,480,4,0,887,0,4,0,0,4,403,484,4,0,891,0,0,0,891
01/16/2012,DTW,MI,AGL,CE,Towers with Radar,454,598,11,2,1065,0,0,0,0,0,454,598,11,2,1065,0,0,0,1065
01/17/2012,DTW,MI,AGL,CE,Towers with Radar,430,615,6,0,1051,0,0,0,0,0,430,615,6,0,1051,0,0,0,1051
01/18/2012,DTW,MI,AGL,CE,Towers with Radar,460,663,15,0,1138,0,0,6,0,6,460,663,21,0,1144,0,0,0,1144
01/19/2012,DTW,MI,AGL,CE,Towers with Radar,480,682,18,0,1180,0,0,0,0,0,480,682,18,0,1180,0,0,0,1180
01/20/2012,DTW,MI,AGL,CE,Towers with Radar,471,645,14,0,1130,0,0,0,0,0,471,645,14,0,1130,0,0,0,1130
01/21/2012,DTW,MI,AGL,CE,Towers with Radar,372,443,8,0,823,0,1,0,4,5,372,444,8,4,828,0,0,0,828
01/22/2012,DTW,MI,AGL,CE,Towers with Radar,446,542,4,0,992,0,0,0,0,0,446,542,4,0,992,0,0,0,992
01/23/2012,DTW,MI,AGL,CE,Towers with Radar,478,654,8,0,1140,0,0,2,0,2,478,654,10,0,1142,0,0,0,1142
01/24/2012,DTW,MI,AGL,CE,Towers with Radar,444,618,12,4,1078,0,0,4,0,4,444,618,16,4,1082,0,0,0,1082
01/25/2012,DTW,MI,AGL,CE,Towers with Radar,474,656,17,2,1149,0,0,0,2,2,474,656,17,4,1151,0,0,0,1151
01/26/2012,DTW,MI,AGL,CE,Towers with Radar,486,679,21,1,1187,0,0,0,0,0,486,679,21,1,1187,0,0,0,1187
01/27/2012,DTW,MI,AGL,CE,Towers with Radar,496,678,10,3,1187,0,0,0,0,0,496,678,10,3,1187,0,0,0,1187
01/28/2012,DTW,MI,AGL,CE,Towers with Radar,376,470,7,2,855,0,0,0,0,0,376,470,7,2,855,0,0,0,855
01/29/2012,DTW,MI,AGL,CE,Towers with Radar,459,571,8,0,1038,0,0,0,0,0,459,571,8,0,1038,0,0,0,1038
01/30/2012,DTW,MI,AGL,CE,Towers with Radar,478,674,14,0,1166,0,0,6,0,6,478,674,20,0,1172,0,0,0,1172
01/31/2012,DTW,MI,AGL,CE,Towers with Radar,441,620,17,0,1078,0,0,4,0,4,441,620,21,0,1082,0,0,0,1082
02/01/2012,DTW,MI,AGL,CE,Towers with Radar,469,661,18,2,1150,0,0,0,0,0,469,661,18,2,1150,0,0,0,1150
02/02/2012,DTW,MI,AGL,CE,Towers with Radar,490,666,24,0,1180,0,0,2,0,2,490,666,26,0,1182,0,0,0,1182
02/03/2012,DTW,MI,AGL,CE,Towers with Radar,483,654,14,0,1151,0,0,0,0,0,483,654,14,0,1151,0,0,0,1151
02/04/2012,DTW,MI,AGL,CE,Towers with Radar,368,464,0,0,832,0,0,7,0,7,368,464,7,0,839,0,0,0,839
02/05/2012,DTW,MI,AGL,CE,Towers with Radar,444,566,6,0,1016,0,1,0,0,1,444,567,6,0,1017,0,0,0,1017
02/06/2012,DTW,MI,AGL,CE,Towers with Radar,487,674,18,0,1179,0,12,1,0,13,487,686,19,0,1192,0,0,0,1192
02/07/2012,DTW,MI,AGL,CE,Towers with Radar,432,613,26,0,1071,0,0,0,0,0,432,613,26,0,1071,0,0,0,1071
02/08/2012,DTW,MI,AGL,CE,Towers with Radar,475,660,16,0,1151,0,0,2,0,2,475,660,18,0,1153,0,0,0,1153
02/09/2012,DTW,MI,AGL,CE,Towers with Radar,488,687,15,0,1190,1,0,0,0,1,489,687,15,0,1191,0,0,0,1191
02/10/2012,DTW,MI,AGL,CE,Towers with Radar,476,671,17,0,1164,0,0,0,0,0,476,671,17,0,1164,0,0,0,1164
02/11/2012,DTW,MI,AGL,CE,Towers with Radar,371,456,12,0,839,0,0,0,0,0,371,456,12,0,839,0,0,0,839
02/12/2012,DTW,MI,AGL,CE,Towers with Radar,440,573,6,0,1019,0,0,0,0,0,440,573,6,0,1019,0,0,0,1019
02/13/2012,DTW,MI,AGL,CE,Towers with Radar,485,666,16,1,1168,0,0,2,0,2,485,666,18,1,1170,0,0,0,1170
02/14/2012,DTW,MI,AGL,CE,Towers with Radar,431,612,13,0,1056,0,0,0,0,0,431,612,13,0,1056,0,0,0,1056
02/15/2012,DTW,MI,AGL,CE,Towers with Radar,470,670,16,0,1156,0,0,0,2,2,470,670,16,2,1158,0,0,0,1158
02/16/2012,DTW,MI,AGL,CE,Towers with Radar,519,685,22,0,1226,0,0,0,0,0,519,685,22,0,1226,0,0,0,1226
02/17/2012,DTW,MI,AGL,CE,Towers with Radar,523,672,27,0,1222,0,0,0,0,0,523,672,27,0,1222,0,0,0,1222
02/18/2012,DTW,MI,AGL,CE,Towers with Radar,414,466,8,0,888,0,0,0,0,0,414,466,8,0,888,0,0,0,888
02/19/2012,DTW,MI,AGL,CE,Towers with Radar,431,465,7,0,903,0,0,12,0,12,431,465,19,0,915,0,0,0,915
02/20/2012,DTW,MI,AGL,CE,Towers with Radar,484,590,11,2,1087,0,0,6,0,6,484,590,17,2,1093,0,0,0,1093
02/21/2012,DTW,MI,AGL,CE,Towers with Radar,470,603,15,1,1089,0,0,0,0,0,470,603,15,1,1089,0,0,0,1089
02/22/2012,DTW,MI,AGL,CE,Towers with Radar,500,665,7,0,1172,0,0,0,0,0,500,665,7,0,1172,0,0,0,1172
02/23/2012,DTW,MI,AGL,CE,Towers with Radar,524,675,4,0,1203,0,0,0,0,0,524,675,4,0,1203,0,0,0,1203
02/24/2012,DTW,MI,AGL,CE,Towers with Radar,528,643,11,0,1182,0,0,0,0,0,528,643,11,0,1182,0,0,0,1182
02/25/2012,DTW,MI,AGL,CE,Towers with Radar,425,462,19,0,906,0,0,2,0,2,425,462,21,0,908,0,0,0,908
02/26/2012,DTW,MI,AGL,CE,Towers with Radar,475,572,5,0,1052,0,0,2,0,2,475,572,7,0,1054,0,0,0,1054
02/27/2012,DTW,MI,AGL,CE,Towers with Radar,505,686,12,2,1205,0,0,4,0,4,505,686,16,2,1209,0,0,0,1209
02/28/2012,DTW,MI,AGL,CE,Towers with Radar,463,610,13,0,1086,0,2,0,0,2,463,612,13,0,1088,0,0,0,1088
02/29/2012,DTW,MI,AGL,CE,Towers with Radar,500,642,9,1,1152,0,0,0,0,0,500,642,9,1,1152,0,0,0,1152
03/01/2012,DTW,MI,AGL,CE,Towers with Radar,533,675,18,0,1226,0,0,0,0,0,533,675,18,0,1226,0,0,0,1226
03/02/2012,DTW,MI,AGL,CE,Towers with Radar,539,687,9,0,1235,0,0,0,0,0,539,687,9,0,1235,0,0,0,1235
03/03/2012,DTW,MI,AGL,CE,Towers with Radar,451,519,6,0,976,0,0,0,0,0,451,519,6,0,976,0,0,0,976
03/04/2012,DTW,MI,AGL,CE,Towers with Radar,503,636,5,0,1144,0,0,0,0,0,503,636,5,0,1144,0,0,0,1144
03/05/2012,DTW,MI,AGL,CE,Towers with Radar,548,738,8,0,1294,0,0,0,0,0,548,738,8,0,1294,0,0,0,1294
03/06/2012,DTW,MI,AGL,CE,Towers with Radar,487,692,13,0,1192,0,1,5,0,6,487,693,18,0,1198,0,0,0,1198
03/07/2012,DTW,MI,AGL,CE,Towers with Radar,533,730,18,0,1281,0,0,0,0,0,533,730,18,0,1281,0,0,0,1281
03/08/2012,DTW,MI,AGL,CE,Towers with Radar,560,720,8,0,1288,1,0,0,0,1,561,720,8,0,1289,0,0,0,1289
03/09/2012,DTW,MI,AGL,CE,Towers with Radar,550,740,14,0,1304,0,0,1,1,2,550,740,15,1,1306,0,0,0,1306
03/10/2012,DTW,MI,AGL,CE,Towers with Radar,451,522,14,0,987,0,0,2,0,2,451,522,16,0,989,0,0,0,989
03/11/2012,DTW,MI,AGL,CE,Towers with Radar,498,650,6,1,1155,0,0,0,0,0,498,650,6,1,1155,0,0,0,1155
03/12/2012,DTW,MI,AGL,CE,Towers with Radar,538,735,18,0,1291,0,0,0,0,0,538,735,18,0,1291,0,0,0,1291
03/13/2012,DTW,MI,AGL,CE,Towers with Radar,507,669,12,0,1188,0,0,0,0,0,507,669,12,0,1188,0,0,0,1188
03/14/2012,DTW,MI,AGL,CE,Towers with Radar,532,728,14,0,1274,0,0,6,0,6,532,728,20,0,1280,0,0,0,1280
03/15/2012,DTW,MI,AGL,CE,Towers with Radar,526,673,28,0,1227,0,0,0,0,0,526,673,28,0,1227,0,0,0,1227
03/16/2012,DTW,MI,AGL,CE,Towers with Radar,576,762,13,0,1351,0,0,0,0,0,576,762,13,0,1351,0,0,0,1351
03/17/2012,DTW,MI,AGL,CE,Towers with Radar,443,527,7,0,977,0,0,2,0,2,443,527,9,0,979,0,0,0,979
03/18/2012,DTW,MI,AGL,CE,Towers with Radar,507,652,6,0,1165,0,0,2,0,2,507,652,8,0,1167,0,0,0,1167
03/19/2012,DTW,MI,AGL,CE,Towers with Radar,554,730,9,0,1293,0,0,0,0,0,554,730,9,0,1293,0,0,0,1293
03/20/2012,DTW,MI,AGL,CE,Towers with Radar,507,664,16,0,1187,0,0,4,0,4,507,664,20,0,1191,0,0,0,1191
03/21/2012,DTW,MI,AGL,CE,Towers with Radar,537,730,12,0,1279,0,0,2,0,2,537,730,14,0,1281,0,0,0,1281
03/22/2012,DTW,MI,AGL,CE,Towers with Radar,565,727,12,0,1304,0,2,1,0,3,565,729,13,0,1307,0,0,0,1307
03/23/2012,DTW,MI,AGL,CE,Towers with Radar,545,729,7,0,1281,0,0,0,0,0,545,729,7,0,1281,0,0,0,1281
03/24/2012,DTW,MI,AGL,CE,Towers with Radar,461,523,1,0,985,0,0,0,0,0,461,523,1,0,985,0,0,0,985
03/25/2012,DTW,MI,AGL,CE,Towers with Radar,493,673,10,0,1176,0,0,2,0,2,493,673,12,0,1178,0,0,0,1178
03/26/2012,DTW,MI,AGL,CE,Towers with Radar,533,746,8,0,1287,0,0,2,0,2,533,746,10,0,1289,0,0,0,1289
03/27/2012,DTW,MI,AGL,CE,Towers with Radar,490,684,16,0,1190,0,0,4,0,4,490,684,20,0,1194,0,0,0,1194
03/28/2012,DTW,MI,AGL,CE,Towers with Radar,524,738,16,0,1278,0,0,2,0,2,524,738,18,0,1280,0,0,0,1280
03/29/2012,DTW,MI,AGL,CE,Towers with Radar,659,631,11,0,1301,0,0,2,0,2,659,631,13,0,1303,0,0,0,1303
03/30/2012,DTW,MI,AGL,CE,Towers with Radar,685,531,24,1,1241,0,1,0,0,1,685,532,24,1,1242,0,0,0,1242
03/31/2012,DTW,MI,AGL,CE,Towers with Radar,549,441,22,0,1012,0,0,1,0,1,549,441,23,0,1013,0,0,0,1013
04/01/2012,DTW,MI,AGL,CE,Towers with Radar,646,529,6,0,1181,1,0,0,0,1,647,529,6,0,1182,0,0,0,1182
04/02/2012,DTW,MI,AGL,CE,Towers with Radar,685,590,18,0,1293,0,0,5,0,5,685,590,23,0,1298,0,0,0,1298
04/03/2012,DTW,MI,AGL,CE,Towers with Radar,613,550,16,0,1179,0,0,2,0,2,613,550,18,0,1181,0,0,0,1181
04/04/2012,DTW,MI,AGL,CE,Towers with Radar,656,598,13,0,1267,0,0,4,0,4,656,598,17,0,1271,0,0,0,1271
04/05/2012,DTW,MI,AGL,CE,Towers with Radar,688,596,24,0,1308,0,0,2,0,2,688,596,26,0,1310,0,0,0,1310
04/06/2012,DTW,MI,AGL,CE,Towers with Radar,679,598,11,0,1288,0,0,4,0,4,679,598,15,0,1292,0,0,0,1292
04/07/2012,DTW,MI,AGL,CE,Towers with Radar,532,424,3,0,959,0,0,4,0,4,532,424,7,0,963,0,0,0,963
04/08/2012,DTW,MI,AGL,CE,Towers with Radar,577,453,3,0,1033,0,0,0,0,0,577,453,3,0,1033,0,0,0,1033
04/09/2012,DTW,MI,AGL,CE,Towers with Radar,676,592,21,0,1289,0,0,2,0,2,676,592,23,0,1291,0,0,0,1291
04/10/2012,DTW,MI,AGL,CE,Towers with Radar,601,557,27,0,1185,0,0,0,0,0,601,557,27,0,1185,0,0,0,1185
04/11/2012,DTW,MI,AGL,CE,Towers with Radar,660,600,14,1,1275,0,0,0,0,0,660,600,14,1,1275,0,0,0,1275
04/12/2012,DTW,MI,AGL,CE,Towers with Radar,677,612,18,1,1308,0,0,0,0,0,677,612,18,1,1308,0,0,0,1308
04/13/2012,DTW,MI,AGL,CE,Towers with Radar,683,615,20,0,1318,0,4,1,0,5,683,619,21,0,1323,0,0,0,1323
04/14/2012,DTW,MI,AGL,CE,Towers with Radar,517,398,13,2,930,0,0,3,0,3,517,398,16,2,933,0,0,0,933
04/15/2012,DTW,MI,AGL,CE,Towers with Radar,608,514,16,2,1140,0,0,0,1,1,608,514,16,3,1141,0,0,0,1141
04/16/2012,DTW,MI,AGL,CE,Towers with Radar,681,618,15,0,1314,0,0,0,0,0,681,618,15,0,1314,0,0,0,1314
04/17/2012,DTW,MI,AGL,CE,Towers with Radar,605,542,13,4,1164,0,0,6,0,6,605,542,19,4,1170,0,0,0,1170
04/18/2012,DTW,MI,AGL,CE,Towers with Radar,663,593,25,2,1283,0,0,10,0,10,663,593,35,2,1293,0,0,0,1293
04/19/2012,DTW,MI,AGL,CE,Towers with Radar,674,595,35,2,1306,0,0,3,0,3,674,595,38,2,1309,0,0,0,1309
04/20/2012,DTW,MI,AGL,CE,Towers with Radar,667,598,32,0,1297,0,0,0,0,0,667,598,32,0,1297,0,0,0,1297
04/21/2012,DTW,MI,AGL,CE,Towers with Radar,522,392,6,0,920,0,0,2,0,2,522,392,8,0,922,0,0,0,922
04/22/2012,DTW,MI,AGL,CE,Towers with Radar,595,530,11,0,1136,0,2,0,0,2,595,532,11,0,1138,0,0,0,1138
04/23/2012,DTW,MI,AGL,CE,Towers with Radar,667,615,31,0,1313,0,7,1,0,8,667,622,32,0,1321,0,0,0,1321
04/24/2012,DTW,MI,AGL,CE,Towers with Radar,610,577,22,0,1209,0,7,1,0,8,610,584,23,0,1217,0,0,0,1217
04/25/2012,DTW,MI,AGL,CE,Towers with Radar,657,604,27,0,1288,0,0,1,0,1,657,604,28,0,1289,0,0,0,1289
04/26/2012,DTW,MI,AGL,CE,Towers with Radar,658,597,19,0,1274,0,0,0,0,0,658,597,19,0,1274,0,0,0,1274
04/27/2012,DTW,MI,AGL,CE,Towers with Radar,671,596,12,0,1279,0,0,3,0,3,671,596,15,0,1282,0,0,0,1282
04/28/2012,DTW,MI,AGL,CE,Towers with Radar,523,406,4,0,933,0,2,0,0,2,523,408,4,0,935,0,0,0,935
04/29/2012,DTW,MI,AGL,CE,Towers with Radar,607,535,6,0,1148,0,2,0,0,2,607,537,6,0,1150,0,0,0,1150
04/30/2012,DTW,MI,AGL,CE,Towers with Radar,670,595,22,0,1287,0,0,0,0,0,670,595,22,0,1287,0,0,0,1287
05/01/2012,DTW,MI,AGL,CE,Towers with Radar,605,553,12,0,1170,0,0,5,0,5,605,553,17,0,1175,0,0,0,1175
05/02/2012,DTW,MI,AGL,CE,Towers with Radar,655,602,31,2,1290,0,0,8,0,8,655,602,39,2,1298,0,0,0,1298
05/03/2012,DTW,MI,AGL,CE,Towers with Radar,664,594,13,0,1271,0,0,2,0,2,664,594,15,0,1273,0,0,0,1273
05/04/2012,DTW,MI,AGL,CE,Towers with Radar,681,594,20,0,1295,0,0,0,0,0,681,594,20,0,1295,0,0,0,1295
05/05/2012,DTW,MI,AGL,CE,Towers with Radar,520,380,4,0,904,0,0,4,0,4,520,380,8,0,908,0,0,0,908
05/06/2012,DTW,MI,AGL,CE,Towers with Radar,613,518,7,0,1138,0,0,0,0,0,613,518,7,0,1138,0,0,0,1138
05/07/2012,DTW,MI,AGL,CE,Towers with Radar,672,605,26,0,1303,0,0,0,0,0,672,605,26,0,1303,0,0,0,1303
05/08/2012,DTW,MI,AGL,CE,Towers with Radar,602,547,15,0,1164,0,0,3,0,3,602,547,18,0,1167,0,0,0,1167
05/09/2012,DTW,MI,AGL,CE,Towers with Radar,643,621,29,0,1293,0,0,6,0,6,643,621,35,0,1299,0,0,0,1299
05/10/2012,DTW,MI,AGL,CE,Towers with Radar,695,607,20,0,1322,0,0,2,0,2,695,607,22,0,1324,0,0,0,1324
05/11/2012,DTW,MI,AGL,CE,Towers with Radar,685,610,10,0,1305,0,0,0,0,0,685,610,10,0,1305,0,0,0,1305
05/12/2012,DTW,MI,AGL,CE,Towers with Radar,496,340,4,0,840,0,0,2,0,2,496,340,6,0,842,0,0,0,842
05/13/2012,DTW,MI,AGL,CE,Towers with Radar,589,464,6,0,1059,0,0,1,0,1,589,464,7,0,1060,0,0,0,1060
05/14/2012,DTW,MI,AGL,CE,Towers with Radar,678,602,14,0,1294,0,1,4,0,5,678,603,18,0,1299,0,0,0,1299
05/15/2012,DTW,MI,AGL,CE,Towers with Radar,617,540,16,0,1173,0,0,0,0,0,617,540,16,0,1173,0,0,0,1173
05/16/2012,DTW,MI,AGL,CE,Towers with Radar,667,585,18,0,1270,0,0,0,0,0,667,585,18,0,1270,0,0,0,1270
05/17/2012,DTW,MI,AGL,CE,Towers with Radar,689,614,23,0,1326,0,0,10,0,10,689,614,33,0,1336,0,0,0,1336
05/18/2012,DTW,MI,AGL,CE,Towers with Radar,686,611,12,0,1309,0,0,4,0,4,686,611,16,0,1313,0,0,0,1313
05/19/2012,DTW,MI,AGL,CE,Towers with Radar,526,375,5,0,906,0,0,6,0,6,526,375,11,0,912,0,0,0,912
05/20/2012,DTW,MI,AGL,CE,Towers with Radar,616,526,8,0,1150,0,0,7,0,7,616,526,15,0,1157,0,0,0,1157
05/21/2012,DTW,MI,AGL,CE,Towers with Radar,678,595,12,2,1287,0,0,2,0,2,678,595,14,2,1289,0,0,0,1289
05/22/2012,DTW,MI,AGL,CE,Towers with Radar,599,554,28,0,1181,0,0,1,0,1,599,554,29,0,1182,0,0,0,1182
05/23/2012,DTW,MI,AGL,CE,Towers with Radar,656,596,16,0,1268,0,0,10,0,10,656,596,26,0,1278,0,0,0,1278
05/24/2012,DTW,MI,AGL,CE,Towers with Radar,683,608,19,2,1312,0,0,1,0,1,683,608,20,2,1313,0,0,0,1313
05/25/2012,DTW,MI,AGL,CE,Towers with Radar,677,602,18,0,1297,0,0,1,0,1,677,602,19,0,1298,0,0,0,1298
05/26/2012,DTW,MI,AGL,CE,Towers with Radar,478,357,7,0,842,0,1,1,0,2,478,358,8,0,844,0,0,0,844
05/27/2012,DTW,MI,AGL,CE,Towers with Radar,412,308,7,0,727,0,1,0,0,1,412,309,7,0,728,0,0,0,728
05/28/2012,DTW,MI,AGL,CE,Towers with Radar,582,478,3,0,1063,0,0,1,2,3,582,478,4,2,1066,0,0,0,1066
05/29/2012,DTW,MI,AGL,CE,Towers with Radar,591,548,18,0,1157,0,0,9,0,9,591,548,27,0,1166,0,0,0,1166
05/30/2012,DTW,MI,AGL,CE,Towers with Radar,650,602,14,0,1266,0,0,6,0,6,650,602,20,0,1272,0,0,0,1272
05/31/2012,DTW,MI,AGL,CE,Towers with Radar,676,609,26,0,1311,0,2,0,0,2,676,611,26,0,1313,0,0,0,1313
06/01/2012,DTW,MI,AGL,CE,Towers with Radar,665,599,12,0,1276,0,0,0,0,0,665,599,12,0,1276,0,0,0,1276
06/02/2012,DTW,MI,AGL,CE,Towers with Radar,544,380,10,0,934,0,0,1,0,1,544,380,11,0,935,0,0,0,935
06/03/2012,DTW,MI,AGL,CE,Towers with Radar,624,515,18,0,1157,0,0,4,0,4,624,515,22,0,1161,0,0,0,1161
06/04/2012,DTW,MI,AGL,CE,Towers with Radar,678,604,22,0,1304,0,0,3,0,3,678,604,25,0,1307,0,0,0,1307
06/05/2012,DTW,MI,AGL,CE,Towers with Radar,614,554,26,0,1194,0,0,2,0,2,614,554,28,0,1196,0,0,0,1196
06/06/2012,DTW,MI,AGL,CE,Towers with Radar,653,593,24,1,1271,0,0,9,0,9,653,593,33,1,1280,0,0,0,1280
06/07/2012,DTW,MI,AGL,CE,Towers with Radar,696,632,27,5,1360,0,0,0,0,0,696,632,27,5,1360,0,0,0,1360
06/08/2012,DTW,MI,AGL,CE,Towers with Radar,711,613,17,18,1359,0,0,2,0,2,711,613,19,18,1361,0,0,0,1361
06/09/2012,DTW,MI,AGL,CE,Towers with Radar,555,465,10,1,1031,0,0,6,0,6,555,465,16,1,1037,0,0,0,1037
06/10/2012,DTW,MI,AGL,CE,Towers with Radar,626,548,9,4,1187,0,0,0,0,0,626,548,9,4,1187,0,0,0,1187
06/11/2012,DTW,MI,AGL,CE,Towers with Radar,701,631,19,1,1352,0,0,2,0,2,701,631,21,1,1354,0,0,0,1354
06/12/2012,DTW,MI,AGL,CE,Towers with Radar,686,628,31,1,1346,0,0,8,0,8,686,628,39,1,1354,0,0,0,1354
06/13/2012,DTW,MI,AGL,CE,Towers with Radar,691,635,25,0,1351,0,0,1,0,1,691,635,26,0,1352,0,0,0,1352
06/14/2012,DTW,MI,AGL,CE,Towers with Radar,713,617,24,0,1354,0,1,2,1,4,713,618,26,1,1358,0,0,0,1358
06/15/2012,DTW,MI,AGL,CE,Towers with Radar,717,620,10,0,1347,0,0,3,0,3,717,620,13,0,1350,0,0,0,1350
06/16/2012,DTW,MI,AGL,CE,Towers with Radar,584,457,8,0,1049,0,0,0,0,0,584,457,8,0,1049,0,0,0,1049
06/17/2012,DTW,MI,AGL,CE,Towers with Radar,652,558,16,0,1226,0,0,0,0,0,652,558,16,0,1226,0,0,0,1226
06/18/2012,DTW,MI,AGL,CE,Towers with Radar,709,600,15,0,1324,0,1,4,0,5,709,601,19,0,1329,0,0,0,1329
06/19/2012,DTW,MI,AGL,CE,Towers with Radar,720,620,19,0,1359,0,2,5,0,7,720,622,24,0,1366,0,0,0,1366
06/20/2012,DTW,MI,AGL,CE,Towers with Radar,705,618,13,0,1336,0,0,2,0,2,705,618,15,0,1338,0,0,0,1338
06/21/2012,DTW,MI,AGL,CE,Towers with Radar,722,608,20,0,1350,0,1,4,0,5,722,609,24,0,1355,0,0,0,1355
06/22/2012,DTW,MI,AGL,CE,Towers with Radar,683,596,18,0,1297,0,0,0,0,0,683,596,18,0,1297,0,0,0,1297
06/23/2012,DTW,MI,AGL,CE,Towers with Radar,573,473,5,0,1051,0,1,3,0,4,573,474,8,0,1055,0,0,0,1055
06/24/2012,DTW,MI,AGL,CE,Towers with Radar,641,556,10,0,1207,0,1,0,0,1,641,557,10,0,1208,0,0,0,1208
06/25/2012,DTW,MI,AGL,CE,Towers with Radar,704,608,21,0,1333,0,0,0,0,0,704,608,21,0,1333,0,0,0,1333
06/26/2012,DTW,MI,AGL,CE,Towers with Radar,709,620,26,0,1355,0,0,6,0,6,709,620,32,0,1361,0,0,0,1361
06/27/2012,DTW,MI,AGL,CE,Towers with Radar,717,622,26,0,1365,0,0,3,0,3,717,622,29,0,1368,0,0,0,1368
06/28/2012,DTW,MI,AGL,CE,Towers with Radar,732,620,16,2,1370,0,0,2,0,2,732,620,18,2,1372,0,0,0,1372
06/29/2012,DTW,MI,AGL,CE,Towers with Radar,720,604,17,0,1341,0,0,10,0,10,720,604,27,0,1351,0,0,0,1351
06/30/2012,DTW,MI,AGL,CE,Towers with Radar,597,459,7,0,1063,0,0,2,0,2,597,459,9,0,1065,0,0,0,1065
07/01/2012,DTW,MI,AGL,CE,Towers with Radar,648,553,10,0,1211,0,0,6,0,6,648,553,16,0,1217,0,0,0,1217
07/02/2012,DTW,MI,AGL,CE,Towers with Radar,646,512,15,0,1173,0,0,0,0,0,646,512,15,0,1173,0,0,0,1173
07/03/2012,DTW,MI,AGL,CE,Towers with Radar,568,427,11,0,1006,0,0,2,0,2,568,427,13,0,1008,0,0,0,1008
07/04/2012,DTW,MI,AGL,CE,Towers with Radar,468,340,3,0,811,0,0,0,2,2,468,340,3,2,813,0,0,0,813
07/05/2012,DTW,MI,AGL,CE,Towers with Radar,578,433,18,0,1029,0,0,1,0,1,578,433,19,0,1030,0,0,0,1030
07/06/2012,DTW,MI,AGL,CE,Towers with Radar,605,477,21,0,1103,0,0,0,0,0,605,477,21,0,1103,0,0,0,1103
07/07/2012,DTW,MI,AGL,CE,Towers with Radar,568,449,11,0,1028,0,1,0,0,1,568,450,11,0,1029,0,0,0,1029
07/08/2012,DTW,MI,AGL,CE,Towers with Radar,665,547,11,0,1223,0,0,2,0,2,665,547,13,0,1225,0,0,0,1225
07/09/2012,DTW,MI,AGL,CE,Towers with Radar,713,607,14,1,1335,1,1,0,0,2,714,608,14,1,1337,0,0,0,1337
07/10/2012,DTW,MI,AGL,CE,Towers with Radar,718,594,23,0,1335,0,1,6,0,7,718,595,29,0,1342,0,0,0,1342
07/11/2012,DTW,MI,AGL,CE,Towers with Radar,711,621,24,0,1356,0,0,0,0,0,711,621,24,0,1356,0,0,0,1356
07/12/2012,DTW,MI,AGL,CE,Towers with Radar,723,621,23,0,1367,0,0,0,0,0,723,621,23,0,1367,0,0,0,1367
07/13/2012,DTW,MI,AGL,CE,Towers with Radar,722,616,20,0,1358,0,0,9,0,9,722,616,29,0,1367,0,0,0,1367
07/14/2012,DTW,MI,AGL,CE,Towers with Radar,576,468,7,0,1051,0,0,2,0,2,576,468,9,0,1053,0,0,0,1053
07/15/2012,DTW,MI,AGL,CE,Towers with Radar,645,556,12,0,1213,0,0,0,0,0,645,556,12,0,1213,0,0,0,1213
07/16/2012,DTW,MI,AGL,CE,Towers with Radar,723,603,28,0,1354,0,0,6,0,6,723,603,34,0,1360,0,0,0,1360
07/17/2012,DTW,MI,AGL,CE,Towers with Radar,727,622,16,0,1365,0,1,0,0,1,727,623,16,0,1366,0,0,0,1366
07/18/2012,DTW,MI,AGL,CE,Towers with Radar,681,588,25,0,1294,0,1,0,0,1,681,589,25,0,1295,0,0,0,1295
07/19/2012,DTW,MI,AGL,CE,Towers with Radar,749,592,26,0,1367,0,0,0,0,0,749,592,26,0,1367,0,0,0,1367
07/20/2012,DTW,MI,AGL,CE,Towers with Radar,724,609,29,0,1362,0,2,4,0,6,724,611,33,0,1368,0,0,0,1368
07/21/2012,DTW,MI,AGL,CE,Towers with Radar,590,470,13,0,1073,0,0,0,1,1,590,470,13,1,1074,0,0,0,1074
07/22/2012,DTW,MI,AGL,CE,Towers with Radar,669,580,14,0,1263,0,1,2,0,3,669,581,16,0,1266,0,0,0,1266
07/23/2012,DTW,MI,AGL,CE,Towers with Radar,717,597,23,0,1337,0,0,3,0,3,717,597,26,0,1340,0,0,0,1340
07/24/2012,DTW,MI,AGL,CE,Towers with Radar,716,605,20,0,1341,0,0,6,0,6,716,605,26,0,1347,0,0,0,1347
07/25/2012,DTW,MI,AGL,CE,Towers with Radar,713,612,19,0,1344,0,0,0,2,2,713,612,19,2,1346,0,0,0,1346
07/26/2012,DTW,MI,AGL,CE,Towers with Radar,711,545,23,2,1281,0,0,2,0,2,711,545,25,2,1283,0,0,0,1283
07/27/2012,DTW,MI,AGL,CE,Towers with Radar,683,471,12,0,1166,0,1,0,0,1,683,472,12,0,1167,0,0,0,1167
07/28/2012,DTW,MI,AGL,CE,Towers with Radar,614,434,6,5,1059,0,0,2,0,2,614,434,8,5,1061,0,0,0,1061
07/29/2012,DTW,MI,AGL,CE,Towers with Radar,667,565,18,3,1253,0,0,18,0,18,667,565,36,3,1271,0,0,0,1271
07/30/2012,DTW,MI,AGL,CE,Towers with Radar,709,623,18,0,1350,0,0,4,0,4,709,623,22,0,1354,0,0,0,1354
07/31/2012,DTW,MI,AGL,CE,Towers with Radar,706,610,14,1,1331,0,5,2,0,7,706,615,16,1,1338,0,0,0,1338
08/01/2012,DTW,MI,AGL,CE,Towers with Radar,714,543,16,0,1273,0,2,3,0,5,714,545,19,0,1278,0,0,0,1278
08/02/2012,DTW,MI,AGL,CE,Towers with Radar,730,561,15,0,1306,0,0,2,0,2,730,561,17,0,1308,0,0,0,1308
08/03/2012,DTW,MI,AGL,CE,Towers with Radar,735,585,25,0,1345,0,1,6,0,7,735,586,31,0,1352,0,0,0,1352
08/04/2012,DTW,MI,AGL,CE,Towers with Radar,587,452,9,0,1048,0,0,1,0,1,587,452,10,0,1049,0,0,0,1049
08/05/2012,DTW,MI,AGL,CE,Towers with Radar,652,511,14,0,1177,0,1,2,0,3,652,512,16,0,1180,0,0,0,1180
08/06/2012,DTW,MI,AGL,CE,Towers with Radar,720,593,18,1,1332,0,0,1,0,1,720,593,19,1,1333,0,0,0,1333
08/07/2012,DTW,MI,AGL,CE,Towers with Radar,705,617,21,0,1343,0,0,5,0,5,705,617,26,0,1348,0,0,0,1348
08/08/2012,DTW,MI,AGL,CE,Towers with Radar,708,626,12,0,1346,0,0,4,0,4,708,626,16,0,1350,0,0,0,1350
08/09/2012,DTW,MI,AGL,CE,Towers with Radar,701,588,17,0,1306,0,0,0,0,0,701,588,17,0,1306,0,0,0,1306
08/10/2012,DTW,MI,AGL,CE,Towers with Radar,702,555,17,0,1274,0,0,0,0,0,702,555,17,0,1274,0,0,0,1274
08/11/2012,DTW,MI,AGL,CE,Towers with Radar,596,444,5,0,1045,0,0,5,2,7,596,444,10,2,1052,0,0,0,1052
08/12/2012,DTW,MI,AGL,CE,Towers with Radar,662,557,15,0,1234,0,3,0,0,3,662,560,15,0,1237,0,0,0,1237
08/13/2012,DTW,MI,AGL,CE,Towers with Radar,706,605,3,0,1314,0,5,0,0,5,706,610,3,0,1319,0,0,0,1319
08/14/2012,DTW,MI,AGL,CE,Towers with Radar,631,550,34,0,1215,0,6,2,0,8,631,556,36,0,1223,0,0,0,1223
08/15/2012,DTW,MI,AGL,CE,Towers with Radar,661,605,15,0,1281,0,0,6,0,6,661,605,21,0,1287,0,0,0,1287
08/16/2012,DTW,MI,AGL,CE,Towers with Radar,678,604,18,2,1302,0,0,3,0,3,678,604,21,2,1305,0,0,0,1305
08/17/2012,DTW,MI,AGL,CE,Towers with Radar,673,619,6,0,1298,0,0,3,0,3,673,619,9,0,1301,0,0,0,1301
08/18/2012,DTW,MI,AGL,CE,Towers with Radar,561,399,9,0,969,0,1,6,0,7,561,400,15,0,976,0,0,0,976
08/19/2012,DTW,MI,AGL,CE,Towers with Radar,601,554,5,0,1160,0,26,0,0,26,601,580,5,0,1186,0,0,0,1186
08/20/2012,DTW,MI,AGL,CE,Towers with Radar,686,607,23,2,1318,0,0,6,0,6,686,607,29,2,1324,0,0,0,1324
08/21/2012,DTW,MI,AGL,CE,Towers with Radar,631,549,19,0,1199,0,0,6,0,6,631,549,25,0,1205,0,0,0,1205
08/22/2012,DTW,MI,AGL,CE,Towers with Radar,666,592,23,2,1283,0,0,12,0,12,666,592,35,2,1295,0,0,0,1295
08/23/2012,DTW,MI,AGL,CE,Towers with Radar,694,597,19,1,1311,0,1,2,0,3,694,598,21,1,1314,0,0,0,1314
08/24/2012,DTW,MI,AGL,CE,Towers with Radar,687,604,18,2,1311,0,0,4,0,4,687,604,22,2,1315,0,0,0,1315
08/25/2012,DTW,MI,AGL,CE,Towers with Radar,561,408,2,2,973,0,0,8,0,8,561,408,10,2,981,0,0,0,981
08/26/2012,DTW,MI,AGL,CE,Towers with Radar,614,539,5,1,1159,0,0,1,0,1,614,539,6,1,1160,0,0,0,1160
08/27/2012,DTW,MI,AGL,CE,Towers with Radar,667,604,21,0,1292,0,0,2,0,2,667,604,23,0,1294,0,0,0,1294
08/28/2012,DTW,MI,AGL,CE,Towers with Radar,613,568,19,0,1200,0,1,2,0,3,613,569,21,0,1203,0,0,0,1203
08/29/2012,DTW,MI,AGL,CE,Towers with Radar,673,606,20,0,1299,0,1,5,0,6,673,607,25,0,1305,0,0,0,1305
08/30/2012,DTW,MI,AGL,CE,Towers with Radar,687,615,17,0,1319,0,0,0,0,0,687,615,17,0,1319,0,0,0,1319
08/31/2012,DTW,MI,AGL,CE,Towers with Radar,690,606,12,2,1310,0,0,7,0,7,690,606,19,2,1317,0,0,0,1317
09/01/2012,DTW,MI,AGL,CE,Towers with Radar,454,344,6,5,809,0,0,1,0,1,454,344,7,5,810,0,0,0,810
09/02/2012,DTW,MI,AGL,CE,Towers with Radar,461,322,1,2,786,0,1,8,0,9,461,323,9,2,795,0,0,0,795
09/03/2012,DTW,MI,AGL,CE,Towers with Radar,599,505,7,4,1115,0,0,10,0,10,599,505,17,4,1125,0,0,0,1125
09/04/2012,DTW,MI,AGL,CE,Towers with Radar,617,562,11,0,1190,0,0,0,0,0,617,562,11,0,1190,0,0,0,1190
09/05/2012,DTW,MI,AGL,CE,Towers with Radar,670,565,17,2,1254,0,0,0,0,0,670,565,17,2,1254,0,0,0,1254
09/06/2012,DTW,MI,AGL,CE,Towers with Radar,691,551,19,2,1263,0,5,0,0,5,691,556,19,2,1268,0,0,0,1268
09/07/2012,DTW,MI,AGL,CE,Towers with Radar,681,562,14,2,1259,0,0,5,0,5,681,562,19,2,1264,0,0,0,1264
09/08/2012,DTW,MI,AGL,CE,Towers with Radar,521,364,19,1,905,0,0,2,0,2,521,364,21,1,907,0,0,0,907
09/09/2012,DTW,MI,AGL,CE,Towers with Radar,626,496,24,1,1147,0,1,1,0,2,626,497,25,1,1149,0,0,0,1149
09/10/2012,DTW,MI,AGL,CE,Towers with Radar,668,568,8,0,1244,0,6,1,0,7,668,574,9,0,1251,0,0,0,1251
09/11/2012,DTW,MI,AGL,CE,Towers with Radar,607,518,14,4,1143,0,3,4,0,7,607,521,18,4,1150,0,0,0,1150
09/12/2012,DTW,MI,AGL,CE,Towers with Radar,672,560,31,4,1267,0,2,2,0,4,672,562,33,4,1271,0,0,0,1271
09/13/2012,DTW,MI,AGL,CE,Towers with Radar,693,568,32,4,1297,0,2,1,0,3,693,570,33,4,1300,0,0,0,1300
09/14/2012,DTW,MI,AGL,CE,Towers with Radar,682,570,12,0,1264,0,0,0,0,0,682,570,12,0,1264,0,0,0,1264
09/15/2012,DTW,MI,AGL,CE,Towers with Radar,533,372,3,1,909,0,1,0,0,1,533,373,3,1,910,0,0,0,910
09/16/2012,DTW,MI,AGL,CE,Towers with Radar,637,499,7,5,1148,0,1,0,0,1,637,500,7,5,1149,0,0,0,1149
09/17/2012,DTW,MI,AGL,CE,Towers with Radar,685,557,13,0,1255,0,0,1,0,1,685,557,14,0,1256,0,0,0,1256
09/18/2012,DTW,MI,AGL,CE,Towers with Radar,611,509,23,0,1143,0,0,2,0,2,611,509,25,0,1145,0,0,0,1145
09/19/2012,DTW,MI,AGL,CE,Towers with Radar,673,541,23,2,1239,0,2,4,0,6,673,543,27,2,1245,0,0,0,1245
09/20/2012,DTW,MI,AGL,CE,Towers with Radar,686,563,30,0,1279,0,0,1,0,1,686,563,31,0,1280,0,0,0,1280
09/21/2012,DTW,MI,AGL,CE,Towers with Radar,689,568,16,1,1274,0,0,0,0,0,689,568,16,1,1274,0,0,0,1274
09/22/2012,DTW,MI,AGL,CE,Towers with Radar,520,369,5,0,894,0,0,0,0,0,520,369,5,0,894,0,0,0,894
09/23/2012,DTW,MI,AGL,CE,Towers with Radar,627,497,6,4,1134,0,18,2,0,20,627,515,8,4,1154,0,0,0,1154
09/24/2012,DTW,MI,AGL,CE,Towers with Radar,683,567,12,0,1262,0,0,0,0,0,683,567,12,0,1262,0,0,0,1262
09/25/2012,DTW,MI,AGL,CE,Towers with Radar,612,512,24,3,1151,0,0,0,0,0,612,512,24,3,1151,0,0,0,1151
09/26/2012,DTW,MI,AGL,CE,Towers with Radar,668,558,17,3,1246,0,0,4,0,4,668,558,21,3,1250,0,0,0,1250
09/27/2012,DTW,MI,AGL,CE,Towers with Radar,688,565,23,6,1282,0,1,4,0,5,688,566,27,6,1287,0,0,0,1287
09/28/2012,DTW,MI,AGL,CE,Towers with Radar,694,567,12,2,1275,0,0,1,0,1,694,567,13,2,1276,0,0,0,1276
09/29/2012,DTW,MI,AGL,CE,Towers with Radar,529,378,8,0,915,0,0,2,0,2,529,378,10,0,917,0,0,0,917
09/30/2012,DTW,MI,AGL,CE,Towers with Radar,610,507,13,1,1131,0,0,2,0,2,610,507,15,1,1133,0,0,0,1133
10/01/2012,DTW,MI,AGL,CE,Towers with Radar,668,600,15,0,1283,0,0,0,0,0,668,600,15,0,1283,0,0,0,1283
10/02/2012,DTW,MI,AGL,CE,Towers with Radar,598,547,13,0,1158,0,0,2,0,2,598,547,15,0,1160,0,0,0,1160
10/03/2012,DTW,MI,AGL,CE,Towers with Radar,639,588,24,0,1251,0,0,2,0,2,639,588,26,0,1253,0,0,0,1253
10/04/2012,DTW,MI,AGL,CE,Towers with Radar,664,605,27,0,1296,0,0,0,0,0,664,605,27,0,1296,0,0,0,1296
10/05/2012,DTW,MI,AGL,CE,Towers with Radar,642,605,21,0,1268,0,0,3,0,3,642,605,24,0,1271,0,0,0,1271
10/06/2012,DTW,MI,AGL,CE,Towers with Radar,498,392,10,0,900,0,1,0,0,1,498,393,10,0,901,0,0,0,901
10/07/2012,DTW,MI,AGL,CE,Towers with Radar,609,536,5,0,1150,0,0,0,0,0,609,536,5,0,1150,0,0,0,1150
10/08/2012,DTW,MI,AGL,CE,Towers with Radar,661,604,17,0,1282,0,0,4,0,4,661,604,21,0,1286,0,0,0,1286
10/09/2012,DTW,MI,AGL,CE,Towers with Radar,603,536,24,0,1163,1,0,2,0,3,604,536,26,0,1166,0,0,0,1166
10/10/2012,DTW,MI,AGL,CE,Towers with Radar,640,597,11,0,1248,0,0,0,0,0,640,597,11,0,1248,0,0,0,1248
10/11/2012,DTW,MI,AGL,CE,Towers with Radar,672,605,21,0,1298,0,1,2,0,3,672,606,23,0,1301,0,0,0,1301
10/12/2012,DTW,MI,AGL,CE,Towers with Radar,660,617,18,1,1296,0,0,0,0,0,660,617,18,1,1296,0,0,0,1296
10/13/2012,DTW,MI,AGL,CE,Towers with Radar,510,393,10,0,913,0,2,0,3,5,510,395,10,3,918,0,0,0,918
10/14/2012,DTW,MI,AGL,CE,Towers with Radar,607,529,9,0,1145,0,0,0,0,0,607,529,9,0,1145,0,0,0,1145
10/15/2012,DTW,MI,AGL,CE,Towers with Radar,667,596,17,0,1280,0,0,0,0,0,667,596,17,0,1280,0,0,0,1280
10/16/2012,DTW,MI,AGL,CE,Towers with Radar,604,548,20,0,1172,0,1,3,0,4,604,549,23,0,1176,0,0,0,1176
10/17/2012,DTW,MI,AGL,CE,Towers with Radar,641,594,19,0,1254,0,1,0,0,1,641,595,19,0,1255,0,0,0,1255
10/18/2012,DTW,MI,AGL,CE,Towers with Radar,671,608,16,0,1295,0,0,0,0,0,671,608,16,0,1295,0,0,0,1295
10/19/2012,DTW,MI,AGL,CE,Towers with Radar,664,605,19,0,1288,0,0,0,0,0,664,605,19,0,1288,0,0,0,1288
10/20/2012,DTW,MI,AGL,CE,Towers with Radar,506,390,4,0,900,0,0,0,0,0,506,390,4,0,900,0,0,0,900
10/21/2012,DTW,MI,AGL,CE,Towers with Radar,618,527,6,0,1151,0,0,0,0,0,618,527,6,0,1151,0,0,0,1151
10/22/2012,DTW,MI,AGL,CE,Towers with Radar,676,594,10,0,1280,0,2,0,0,2,676,596,10,0,1282,0,0,0,1282
10/23/2012,DTW,MI,AGL,CE,Towers with Radar,611,543,9,0,1163,0,0,2,0,2,611,543,11,0,1165,0,0,0,1165
10/24/2012,DTW,MI,AGL,CE,Towers with Radar,651,586,27,0,1264,0,4,0,0,4,651,590,27,0,1268,0,0,0,1268
10/25/2012,DTW,MI,AGL,CE,Towers with Radar,664,602,14,0,1280,0,3,2,0,5,664,605,16,0,1285,0,0,0,1285
10/26/2012,DTW,MI,AGL,CE,Towers with Radar,673,608,16,0,1297,0,5,0,0,5,673,613,16,0,1302,0,0,0,1302
10/27/2012,DTW,MI,AGL,CE,Towers with Radar,494,388,17,1,900,0,0,0,0,0,494,388,17,1,900,0,0,0,900
10/28/2012,DTW,MI,AGL,CE,Towers with Radar,600,506,19,0,1125,0,0,2,0,2,600,506,21,0,1127,0,0,0,1127
10/29/2012,DTW,MI,AGL,CE,Towers with Radar,537,450,17,0,1004,0,0,0,0,0,537,450,17,0,1004,0,0,0,1004
10/30/2012,DTW,MI,AGL,CE,Towers with Radar,511,433,10,0,954,0,0,0,0,0,511,433,10,0,954,0,0,0,954
10/31/2012,DTW,MI,AGL,CE,Towers with Radar,540,448,17,0,1005,0,0,2,0,2,540,448,19,0,1007,0,0,0,1007
11/01/2012,DTW,MI,AGL,CE,Towers with Radar,633,550,11,1,1195,0,0,0,0,0,633,550,11,1,1195,0,0,0,1195
11/02/2012,DTW,MI,AGL,CE,Towers with Radar,646,603,9,1,1259,0,0,0,0,0,646,603,9,1,1259,0,0,0,1259
11/03/2012,DTW,MI,AGL,CE,Towers with Radar,500,396,4,0,900,0,0,8,0,8,500,396,12,0,908,0,0,0,908
11/04/2012,DTW,MI,AGL,CE,Towers with Radar,626,490,7,0,1123,0,0,0,0,0,626,490,7,0,1123,0,0,0,1123
11/05/2012,DTW,MI,AGL,CE,Towers with Radar,679,555,22,0,1256,0,0,0,0,0,679,555,22,0,1256,0,0,0,1256
11/06/2012,DTW,MI,AGL,CE,Towers with Radar,602,490,8,0,1100,0,1,2,0,3,602,491,10,0,1103,0,0,0,1103
11/07/2012,DTW,MI,AGL,CE,Towers with Radar,634,558,22,0,1214,0,5,2,0,7,634,563,24,0,1221,0,0,0,1221
11/08/2012,DTW,MI,AGL,CE,Towers with Radar,687,572,33,0,1292,0,0,0,0,0,687,572,33,0,1292,0,0,0,1292
11/09/2012,DTW,MI,AGL,CE,Towers with Radar,686,579,21,0,1286,0,0,0,0,0,686,579,21,0,1286,0,0,0,1286
11/10/2012,DTW,MI,AGL,CE,Towers with Radar,505,350,6,0,861,0,0,2,0,2,505,350,8,0,863,0,0,0,863
11/11/2012,DTW,MI,AGL,CE,Towers with Radar,635,489,14,0,1138,0,0,0,0,0,635,489,14,0,1138,0,0,0,1138
11/12/2012,DTW,MI,AGL,CE,Towers with Radar,686,553,20,0,1259,0,0,0,0,0,686,553,20,0,1259,0,0,0,1259
11/13/2012,DTW,MI,AGL,CE,Towers with Radar,619,527,7,0,1153,0,1,0,0,1,619,528,7,0,1154,0,0,0,1154
11/14/2012,DTW,MI,AGL,CE,Towers with Radar,683,561,16,0,1260,0,0,0,0,0,683,561,16,0,1260,0,0,0,1260
11/15/2012,DTW,MI,AGL,CE,Towers with Radar,693,574,16,0,1283,0,0,0,0,0,693,574,16,0,1283,0,0,0,1283
11/16/2012,DTW,MI,AGL,CE,Towers with Radar,700,564,16,0,1280,0,0,3,0,3,700,564,19,0,1283,0,0,0,1283
11/17/2012,DTW,MI,AGL,CE,Towers with Radar,522,361,3,0,886,0,2,1,0,3,522,363,4,0,889,0,0,0,889
11/18/2012,DTW,MI,AGL,CE,Towers with Radar,601,398,14,0,1013,0,0,0,0,0,601,398,14,0,1013,0,0,0,1013
11/19/2012,DTW,MI,AGL,CE,Towers with Radar,602,411,9,0,1022,0,0,0,0,0,602,411,9,0,1022,0,0,0,1022
11/20/2012,DTW,MI,AGL,CE,Towers with Radar,688,493,20,0,1201,0,0,0,0,0,688,493,20,0,1201,0,0,0,1201
11/21/2012,DTW,MI,AGL,CE,Towers with Radar,721,554,11,2,1288,0,0,1,0,1,721,554,12,2,1289,0,0,0,1289
11/22/2012,DTW,MI,AGL,CE,Towers with Radar,405,285,5,0,695,0,2,0,0,2,405,287,5,0,697,0,0,0,697
11/23/2012,DTW,MI,AGL,CE,Towers with Radar,465,293,0,0,758,0,3,0,0,3,465,296,0,0,761,0,0,0,761
11/24/2012,DTW,MI,AGL,CE,Towers with Radar,653,466,7,0,1126,0,1,7,0,8,653,467,14,0,1134,0,0,0,1134
11/25/2012,DTW,MI,AGL,CE,Towers with Radar,734,550,17,0,1301,0,0,0,0,0,734,550,17,0,1301,0,0,0,1301
11/26/2012,DTW,MI,AGL,CE,Towers with Radar,731,559,9,0,1299,0,0,0,0,0,731,559,9,0,1299,0,0,0,1299
11/27/2012,DTW,MI,AGL,CE,Towers with Radar,590,492,15,0,1097,0,2,0,0,2,590,494,15,0,1099,0,0,0,1099
11/28/2012,DTW,MI,AGL,CE,Towers with Radar,649,515,25,0,1189,0,1,0,1,2,649,516,25,1,1191,0,0,0,1191
11/29/2012,DTW,MI,AGL,CE,Towers with Radar,669,529,14,0,1212,0,0,0,0,0,669,529,14,0,1212,0,0,0,1212
11/30/2012,DTW,MI,AGL,CE,Towers with Radar,670,530,12,0,1212,0,0,2,0,2,670,530,14,0,1214,0,0,0,1214
12/01/2012,DTW,MI,AGL,CE,Towers with Radar,511,344,16,0,871,0,0,1,0,1,511,344,17,0,872,0,0,0,872
12/02/2012,DTW,MI,AGL,CE,Towers with Radar,604,476,7,1,1088,0,0,1,0,1,604,476,8,1,1089,0,0,0,1089
12/03/2012,DTW,MI,AGL,CE,Towers with Radar,644,470,9,0,1123,0,0,0,0,0,644,470,9,0,1123,0,0,0,1123
12/04/2012,DTW,MI,AGL,CE,Towers with Radar,588,487,13,2,1090,0,0,0,0,0,588,487,13,2,1090,0,0,0,1090
12/05/2012,DTW,MI,AGL,CE,Towers with Radar,640,515,13,0,1168,0,3,2,0,5,640,518,15,0,1173,0,0,0,1173
12/06/2012,DTW,MI,AGL,CE,Towers with Radar,590,492,15,0,1097,0,2,0,0,2,590,494,15,0,1099,0,0,0,1099
12/07/2012,DTW,MI,AGL,CE,Towers with Radar,563,447,18,0,1028,0,0,0,1,1,563,447,18,1,1029,0,0,0,1029
12/08/2012,DTW,MI,AGL,CE,Towers with Radar,532,366,10,0,908,0,1,3,0,4,532,367,13,0,912,0,0,0,912
12/09/2012,DTW,MI,AGL,CE,Towers with Radar,704,534,9,0,1247,0,0,0,0,0,704,534,9,0,1247,0,0,0,1247
12/10/2012,DTW,MI,AGL,CE,Towers with Radar,638,521,19,1,1179,0,0,1,15,16,638,521,20,16,1195,0,0,0,1195
12/11/2012,DTW,MI,AGL,CE,Towers with Radar,595,496,21,2,1114,0,2,2,1,5,595,498,23,3,1119,0,0,0,1119
12/12/2012,DTW,MI,AGL,CE,Towers with Radar,652,533,25,0,1210,0,0,2,1,3,652,533,27,1,1213,0,0,0,1213
12/13/2012,DTW,MI,AGL,CE,Towers with Radar,675,538,16,0,1229,0,0,2,0,2,675,538,18,0,1231,0,0,0,1231
12/14/2012,DTW,MI,AGL,CE,Towers with Radar,667,542,18,0,1227,0,0,1,0,1,667,542,19,0,1228,0,0,0,1228
12/15/2012,DTW,MI,AGL,CE,Towers with Radar,500,345,12,0,857,0,0,0,0,0,500,345,12,0,857,0,0,0,857
12/16/2012,DTW,MI,AGL,CE,Towers with Radar,593,418,15,0,1026,0,0,0,0,0,593,418,15,0,1026,0,0,0,1026
12/17/2012,DTW,MI,AGL,CE,Towers with Radar,635,476,15,1,1127,0,1,2,0,3,635,477,17,1,1130,0,0,0,1130
12/18/2012,DTW,MI,AGL,CE,Towers with Radar,609,445,9,0,1063,0,0,6,0,6,609,445,15,0,1069,0,0,0,1069
12/19/2012,DTW,MI,AGL,CE,Towers with Radar,774,566,20,0,1360,0,0,0,0,0,774,566,20,0,1360,0,0,0,1360
12/20/2012,DTW,MI,AGL,CE,Towers with Radar,658,523,13,0,1194,0,0,0,0,0,658,523,13,0,1194,0,0,0,1194
12/21/2012,DTW,MI,AGL,CE,Towers with Radar,676,467,23,1,1167,0,0,0,0,0,676,467,23,1,1167,0,0,0,1167
12/22/2012,DTW,MI,AGL,CE,Towers with Radar,535,381,7,0,923,0,0,4,0,4,535,381,11,0,927,0,0,0,927
12/23/2012,DTW,MI,AGL,CE,Towers with Radar,490,342,6,0,838,0,0,0,0,0,490,342,6,0,838,0,0,0,838
12/24/2012,DTW,MI,AGL,CE,Towers with Radar,451,309,2,0,762,0,0,0,0,0,451,309,2,0,762,0,0,0,762
12/25/2012,DTW,MI,AGL,CE,Towers with Radar,447,314,3,0,764,0,0,0,0,0,447,314,3,0,764,0,0,0,764
12/26/2012,DTW,MI,AGL,CE,Towers with Radar,599,387,9,0,995,0,0,0,0,0,599,387,9,0,995,0,0,0,995
12/27/2012,DTW,MI,AGL,CE,Towers with Radar,661,468,11,0,1140,0,0,0,0,0,661,468,11,0,1140,0,0,0,1140
12/28/2012,DTW,MI,AGL,CE,Towers with Radar,643,482,4,0,1129,0,0,3,0,3,643,482,7,0,1132,0,0,0,1132
12/29/2012,DTW,MI,AGL,CE,Towers with Radar,503,338,11,0,852,0,0,0,0,0,503,338,11,0,852,0,0,0,852
12/30/2012,DTW,MI,AGL,CE,Towers with Radar,487,331,6,0,824,0,0,0,0,0,487,331,6,0,824,0,0,0,824
12/31/2012,DTW,MI,AGL,CE,Towers with Radar,450,329,3,0,782,0,0,0,0,0,450,329,3,0,782,0,0,0,782
01/01/2013,DTW,MI,AGL,CE,Towers with Radar,458,323,3,0,784,0,1,2,0,3,458,324,5,0,787,0,0,0,787
01/02/2013,DTW,MI,AGL,CE,Towers with Radar,663,495,11,0,1169,0,0,0,0,0,663,495,11,0,1169,0,0,0,1169
01/03/2013,DTW,MI,AGL,CE,Towers with Radar,641,519,7,0,1167,0,0,0,0,0,641,519,7,0,1167,0,0,0,1167
01/04/2013,DTW,MI,AGL,CE,Towers with Radar,629,525,7,0,1161,0,1,0,0,1,629,526,7,0,1162,0,0,0,1162
01/05/2013,DTW,MI,AGL,CE,Towers with Radar,484,334,4,0,822,0,0,2,0,2,484,334,6,0,824,0,0,0,824
01/06/2013,DTW,MI,AGL,CE,Towers with Radar,571,454,5,0,1030,0,0,0,0,0,571,454,5,0,1030,0,0,0,1030
01/07/2013,DTW,MI,AGL,CE,Towers with Radar,554,447,11,0,1012,0,0,0,0,0,554,447,11,0,1012,0,0,0,1012
01/08/2013,DTW,MI,AGL,CE,Towers with Radar,555,481,13,0,1049,0,1,8,0,9,555,482,21,0,1058,0,0,0,1058
01/09/2013,DTW,MI,AGL,CE,Towers with Radar,609,501,18,2,1130,1,0,0,0,1,610,501,18,2,1131,0,0,0,1131
01/10/2013,DTW,MI,AGL,CE,Towers with Radar,617,515,16,0,1148,0,0,0,0,0,617,515,16,0,1148,0,0,0,1148
01/11/2013,DTW,MI,AGL,CE,Towers with Radar,667,542,8,0,1217,0,0,0,0,0,667,542,8,0,1217,0,0,0,1217
01/12/2013,DTW,MI,AGL,CE,Towers with Radar,468,324,5,0,797,0,0,4,0,4,468,324,9,0,801,0,0,0,801
01/13/2013,DTW,MI,AGL,CE,Towers with Radar,565,434,16,0,1015,0,0,0,0,0,565,434,16,0,1015,0,0,0,1015
01/14/2013,DTW,MI,AGL,CE,Towers with Radar,613,525,28,0,1166,0,2,2,0,4,613,527,30,0,1170,0,0,0,1170
01/15/2013,DTW,MI,AGL,CE,Towers with Radar,547,477,28,0,1052,0,0,2,0,2,547,477,30,0,1054,0,0,0,1054
01/16/2013,DTW,MI,AGL,CE,Towers with Radar,596,423,27,0,1046,0,1,0,0,1,596,424,27,0,1047,0,0,0,1047
01/17/2013,DTW,MI,AGL,CE,Towers with Radar,621,518,21,0,1160,0,0,0,0,0,621,518,21,0,1160,0,0,0,1160
01/18/2013,DTW,MI,AGL,CE,Towers with Radar,621,526,16,0,1163,0,0,0,0,0,621,526,16,0,1163,0,0,0,1163
01/19/2013,DTW,MI,AGL,CE,Towers with Radar,477,332,8,0,817,0,0,0,0,0,477,332,8,0,817,0,0,0,817
01/20/2013,DTW,MI,AGL,CE,Towers with Radar,464,319,6,0,789,0,0,2,0,2,464,319,8,0,791,0,0,0,791
01/21/2013,DTW,MI,AGL,CE,Towers with Radar,579,456,13,0,1048,0,0,0,0,0,579,456,13,0,1048,0,0,0,1048
01/22/2013,DTW,MI,AGL,CE,Towers with Radar,558,445,12,0,1015,0,0,0,0,0,558,445,12,0,1015,0,0,0,1015
01/23/2013,DTW,MI,AGL,CE,Towers with Radar,614,481,12,0,1107,0,0,0,0,0,614,481,12,0,1107,0,0,0,1107
01/24/2013,DTW,MI,AGL,CE,Towers with Radar,632,497,15,0,1144,0,0,3,0,3,632,497,18,0,1147,0,0,0,1147
01/25/2013,DTW,MI,AGL,CE,Towers with Radar,626,491,7,0,1124,0,0,0,0,0,626,491,7,0,1124,0,0,0,1124
01/26/2013,DTW,MI,AGL,CE,Towers with Radar,480,330,7,0,817,0,0,1,0,1,480,330,8,0,818,0,0,0,818
01/27/2013,DTW,MI,AGL,CE,Towers with Radar,564,414,8,0,986,0,0,1,0,1,564,414,9,0,987,0,0,0,987
01/28/2013,DTW,MI,AGL,CE,Towers with Radar,608,470,18,0,1096,0,0,0,0,0,608,470,18,0,1096,0,0,0,1096
01/29/2013,DTW,MI,AGL,CE,Towers with Radar,553,457,24,0,1034,0,0,0,0,0,553,457,24,0,1034,0,0,0,1034
01/30/2013,DTW,MI,AGL,CE,Towers with Radar,599,471,11,0,1081,0,0,0,0,0,599,471,11,0,1081,0,0,0,1081
01/31/2013,DTW,MI,AGL,CE,Towers with Radar,625,500,7,1,1133,0,0,0,0,0,625,500,7,1,1133,0,0,0,1133
02/01/2013,DTW,MI,AGL,CE,Towers with Radar,635,505,15,0,1155,0,1,0,0,1,635,506,15,0,1156,0,0,0,1156
02/02/2013,DTW,MI,AGL,CE,Towers with Radar,469,335,12,0,816,0,1,0,0,1,469,336,12,0,817,0,0,0,817
02/03/2013,DTW,MI,AGL,CE,Towers with Radar,498,341,5,0,844,0,0,0,0,0,498,341,5,0,844,0,0,0,844
02/04/2013,DTW,MI,AGL,CE,Towers with Radar,602,506,14,0,1122,0,0,0,0,0,602,506,14,0,1122,0,0,0,1122
02/05/2013,DTW,MI,AGL,CE,Towers with Radar,560,465,13,0,1038,0,0,2,0,2,560,465,15,0,1040,0,0,0,1040
02/06/2013,DTW,MI,AGL,CE,Towers with Radar,607,498,15,0,1120,0,0,2,0,2,607,498,17,0,1122,0,0,0,1122
02/07/2013,DTW,MI,AGL,CE,Towers with Radar,622,501,16,0,1139,0,0,0,0,0,622,501,16,0,1139,0,0,0,1139
02/08/2013,DTW,MI,AGL,CE,Towers with Radar,586,432,6,0,1024,0,0,0,0,0,586,432,6,0,1024,0,0,0,1024
02/09/2013,DTW,MI,AGL,CE,Towers with Radar,453,309,16,1,779,0,0,0,1,1,453,309,16,2,780,0,0,0,780
02/10/2013,DTW,MI,AGL,CE,Towers with Radar,562,432,22,0,1016,0,0,0,0,0,562,432,22,0,1016,0,0,0,1016
02/11/2013,DTW,MI,AGL,CE,Towers with Radar,602,499,9,0,1110,0,0,0,0,0,602,499,9,0,1110,0,0,0,1110
02/12/2013,DTW,MI,AGL,CE,Towers with Radar,562,469,11,0,1042,0,0,3,0,3,562,469,14,0,1045,0,0,0,1045
02/13/2013,DTW,MI,AGL,CE,Towers with Radar,609,492,17,0,1118,0,1,3,0,4,609,493,20,0,1122,0,0,0,1122
02/14/2013,DTW,MI,AGL,CE,Towers with Radar,646,510,9,0,1165,0,2,1,0,3,646,512,10,0,1168,0,0,0,1168
02/15/2013,DTW,MI,AGL,CE,Towers with Radar,670,508,18,0,1196,0,0,0,0,0,670,508,18,0,1196,0,0,0,1196
02/16/2013,DTW,MI,AGL,CE,Towers with Radar,508,353,9,0,870,0,1,0,0,1,508,354,9,0,871,0,0,0,871
02/17/2013,DTW,MI,AGL,CE,Towers with Radar,519,351,9,0,879,0,1,5,0,6,519,352,14,0,885,0,0,0,885
02/18/2013,DTW,MI,AGL,CE,Towers with Radar,612,446,13,0,1071,0,0,1,2,3,612,446,14,2,1074,0,0,0,1074
02/19/2013,DTW,MI,AGL,CE,Towers with Radar,602,461,17,0,1080,0,0,0,0,0,602,461,17,0,1080,0,0,0,1080
02/20/2013,DTW,MI,AGL,CE,Towers with Radar,650,493,19,0,1162,0,3,0,0,3,650,496,19,0,1165,0,0,0,1165
02/21/2013,DTW,MI,AGL,CE,Towers with Radar,648,497,10,0,1155,0,1,0,0,1,648,498,10,0,1156,0,0,0,1156
02/22/2013,DTW,MI,AGL,CE,Towers with Radar,647,481,17,0,1145,0,1,0,0,1,647,482,17,0,1146,0,0,0,1146
02/23/2013,DTW,MI,AGL,CE,Towers with Radar,521,352,6,0,879,0,0,0,0,0,521,352,6,0,879,0,0,0,879
02/24/2013,DTW,MI,AGL,CE,Towers with Radar,613,458,10,0,1081,0,5,2,0,7,613,463,12,0,1088,0,0,0,1088
02/25/2013,DTW,MI,AGL,CE,Towers with Radar,654,505,3,1,1163,0,18,6,0,24,654,523,9,1,1187,0,0,0,1187
02/26/2013,DTW,MI,AGL,CE,Towers with Radar,585,450,14,0,1049,0,0,0,0,0,585,450,14,0,1049,0,0,0,1049
02/27/2013,DTW,MI,AGL,CE,Towers with Radar,658,482,17,0,1157,0,0,0,0,0,658,482,17,0,1157,0,0,0,1157
02/28/2013,DTW,MI,AGL,CE,Towers with Radar,662,517,20,0,1199,0,0,0,0,0,662,517,20,0,1199,0,0,0,1199
03/01/2013,DTW,MI,AGL,CE,Towers with Radar,660,507,12,0,1179,0,0,0,0,0,660,507,12,0,1179,0,0,0,1179
03/02/2013,DTW,MI,AGL,CE,Towers with Radar,536,435,11,0,982,0,0,0,0,0,536,435,11,0,982,0,0,0,982
03/03/2013,DTW,MI,AGL,CE,Towers with Radar,633,534,0,0,1167,0,1,0,0,1,633,535,0,0,1168,0,0,0,1168
03/04/2013,DTW,MI,AGL,CE,Towers with Radar,673,576,9,0,1258,0,1,2,0,3,673,577,11,0,1261,0,0,0,1261
03/05/2013,DTW,MI,AGL,CE,Towers with Radar,639,561,11,0,1211,0,4,0,0,4,639,565,11,0,1215,0,0,0,1215
03/06/2013,DTW,MI,AGL,CE,Towers with Radar,636,551,22,0,1209,0,5,2,0,7,636,556,24,0,1216,0,0,0,1216
03/07/2013,DTW,MI,AGL,CE,Towers with Radar,677,573,23,0,1273,0,2,2,0,4,677,575,25,0,1277,0,0,0,1277
03/08/2013,DTW,MI,AGL,CE,Towers with Radar,654,563,23,0,1240,0,0,9,0,9,654,563,32,0,1249,0,0,0,1249
03/09/2013,DTW,MI,AGL,CE,Towers with Radar,549,434,14,0,997,0,0,3,0,3,549,434,17,0,1000,0,0,0,1000
03/10/2013,DTW,MI,AGL,CE,Towers with Radar,642,531,15,0,1188,0,0,0,0,0,642,531,15,0,1188,0,0,0,1188
03/11/2013,DTW,MI,AGL,CE,Towers with Radar,659,586,16,0,1261,0,0,2,0,2,659,586,18,0,1263,0,0,0,1263
03/12/2013,DTW,MI,AGL,CE,Towers with Radar,655,565,13,0,1233,0,0,2,0,2,655,565,15,0,1235,0,0,0,1235
03/13/2013,DTW,MI,AGL,CE,Towers with Radar,693,574,11,0,1278,0,0,0,0,0,693,574,11,0,1278,0,0,0,1278
03/14/2013,DTW,MI,AGL,CE,Towers with Radar,691,579,21,0,1291,0,0,0,0,0,691,579,21,0,1291,0,0,0,1291
03/15/2013,DTW,MI,AGL,CE,Towers with Radar,679,572,16,0,1267,0,0,0,0,0,679,572,16,0,1267,0,0,0,1267
03/16/2013,DTW,MI,AGL,CE,Towers with Radar,546,437,9,0,992,0,1,0,0,1,546,438,9,0,993,0,0,0,993
03/17/2013,DTW,MI,AGL,CE,Towers with Radar,633,522,13,0,1168,0,0,0,0,0,633,522,13,0,1168,0,0,0,1168
03/18/2013,DTW,MI,AGL,CE,Towers with Radar,647,561,14,0,1222,0,0,0,0,0,647,561,14,0,1222,0,0,0,1222
03/19/2013,DTW,MI,AGL,CE,Towers with Radar,663,550,6,0,1219,0,0,0,0,0,663,550,6,0,1219,0,0,0,1219
03/20/2013,DTW,MI,AGL,CE,Towers with Radar,664,572,12,0,1248,0,0,0,0,0,664,572,12,0,1248,0,0,0,1248
03/21/2013,DTW,MI,AGL,CE,Towers with Radar,679,580,20,0,1279,0,0,2,0,2,679,580,22,0,1281,0,0,0,1281
03/22/2013,DTW,MI,AGL,CE,Towers with Radar,675,579,27,0,1281,0,1,2,0,3,675,580,29,0,1284,0,0,0,1284
03/23/2013,DTW,MI,AGL,CE,Towers with Radar,544,424,7,0,975,0,0,2,0,2,544,424,9,0,977,0,0,0,977
03/24/2013,DTW,MI,AGL,CE,Towers with Radar,624,520,12,0,1156,0,0,1,0,1,624,520,13,0,1157,0,0,0,1157
03/25/2013,DTW,MI,AGL,CE,Towers with Radar,666,574,16,0,1256,0,0,0,0,0,666,574,16,0,1256,0,0,0,1256
03/26/2013,DTW,MI,AGL,CE,Towers with Radar,665,584,20,2,1271,0,0,4,0,4,665,584,24,2,1275,0,0,0,1275
03/27/2013,DTW,MI,AGL,CE,Towers with Radar,679,571,15,2,1267,0,0,4,0,4,679,571,19,2,1271,0,0,0,1271
03/28/2013,DTW,MI,AGL,CE,Towers with Radar,678,591,16,0,1285,0,0,2,0,2,678,591,18,0,1287,0,0,0,1287
03/29/2013,DTW,MI,AGL,CE,Towers with Radar,667,581,12,0,1260,0,0,3,0,3,667,581,15,0,1263,0,0,0,1263
03/30/2013,DTW,MI,AGL,CE,Towers with Radar,549,427,3,0,979,0,1,10,0,11,549,428,13,0,990,0,0,0,990
03/31/2013,DTW,MI,AGL,CE,Towers with Radar,610,467,3,0,1080,0,0,2,0,2,610,467,5,0,1082,0,0,0,1082
04/01/2013,DTW,MI,AGL,CE,Towers with Radar,663,570,12,0,1245,0,0,3,0,3,663,570,15,0,1248,0,0,0,1248
04/02/2013,DTW,MI,AGL,CE,Towers with Radar,666,589,6,0,1261,0,0,2,0,2,666,589,8,0,1263,0,0,0,1263
04/03/2013,DTW,MI,AGL,CE,Towers with Radar,662,589,13,0,1264,0,0,3,0,3,662,589,16,0,1267,0,0,0,1267
04/04/2013,DTW,MI,AGL,CE,Towers with Radar,670,591,16,0,1277,0,0,0,0,0,670,591,16,0,1277,0,0,0,1277
04/05/2013,DTW,MI,AGL,CE,Towers with Radar,684,578,11,0,1273,0,0,2,0,2,684,578,13,0,1275,0,0,0,1275
04/06/2013,DTW,MI,AGL,CE,Towers with Radar,539,422,6,0,967,0,0,0,0,0,539,422,6,0,967,0,0,0,967
04/07/2013,DTW,MI,AGL,CE,Towers with Radar,633,538,15,0,1186,0,0,0,2,2,633,538,15,2,1188,0,0,0,1188
04/08/2013,DTW,MI,AGL,CE,Towers with Radar,654,584,13,0,1251,0,0,0,0,0,654,584,13,0,1251,0,0,0,1251
04/09/2013,DTW,MI,AGL,CE,Towers with Radar,637,586,23,0,1246,0,0,0,0,0,637,586,23,0,1246,0,0,0,1246
04/10/2013,DTW,MI,AGL,CE,Towers with Radar,613,397,9,0,1019,0,0,0,0,0,613,397,9,0,1019,0,0,0,1019
04/11/2013,DTW,MI,AGL,CE,Towers with Radar,650,569,16,0,1235,0,0,0,0,0,650,569,16,0,1235,0,0,0,1235
04/12/2013,DTW,MI,AGL,CE,Towers with Radar,659,580,14,0,1253,0,0,2,0,2,659,580,16,0,1255,0,0,0,1255
04/13/2013,DTW,MI,AGL,CE,Towers with Radar,539,395,5,0,939,0,0,0,0,0,539,395,5,0,939,0,0,0,939
04/14/2013,DTW,MI,AGL,CE,Towers with Radar,611,551,11,0,1173,0,0,4,0,4,611,551,15,0,1177,0,0,0,1177
04/15/2013,DTW,MI,AGL,CE,Towers with Radar,657,603,14,0,1274,0,1,0,0,1,657,604,14,0,1275,0,0,0,1275
04/16/2013,DTW,MI,AGL,CE,Towers with Radar,632,589,12,0,1233,0,0,4,0,4,632,589,16,0,1237,0,0,0,1237
04/17/2013,DTW,MI,AGL,CE,Towers with Radar,636,569,22,0,1227,0,4,2,1,7,636,573,24,1,1234,0,0,0,1234
04/18/2013,DTW,MI,AGL,CE,Towers with Radar,644,511,15,0,1170,0,0,0,0,0,644,511,15,0,1170,0,0,0,1170
04/19/2013,DTW,MI,AGL,CE,Towers with Radar,659,578,17,1,1255,0,0,0,0,0,659,578,17,1,1255,0,0,0,1255
04/20/2013,DTW,MI,AGL,CE,Towers with Radar,527,386,6,1,920,0,1,7,1,9,527,387,13,2,929,0,0,0,929
04/21/2013,DTW,MI,AGL,CE,Towers with Radar,625,564,12,0,1201,0,0,3,0,3,625,564,15,0,1204,0,0,0,1204
04/22/2013,DTW,MI,AGL,CE,Towers with Radar,640,605,12,0,1257,0,0,5,0,5,640,605,17,0,1262,0,0,0,1262
04/23/2013,DTW,MI,AGL,CE,Towers with Radar,646,592,29,0,1267,0,1,1,0,2,646,593,30,0,1269,0,0,0,1269
04/24/2013,DTW,MI,AGL,CE,Towers with Radar,656,595,22,0,1273,0,0,0,0,0,656,595,22,0,1273,0,0,0,1273
04/25/2013,DTW,MI,AGL,CE,Towers with Radar,648,611,18,0,1277,0,1,0,0,1,648,612,18,0,1278,0,0,0,1278
04/26/2013,DTW,MI,AGL,CE,Towers with Radar,655,604,9,0,1268,0,0,0,0,0,655,604,9,0,1268,0,0,0,1268
04/27/2013,DTW,MI,AGL,CE,Towers with Radar,517,376,3,0,896,0,0,5,0,5,517,376,8,0,901,0,0,0,901
04/28/2013,DTW,MI,AGL,CE,Towers with Radar,612,554,9,0,1175,0,2,0,0,2,612,556,9,0,1177,0,0,0,1177
04/29/2013,DTW,MI,AGL,CE,Towers with Radar,631,605,6,0,1242,0,0,0,0,0,631,605,6,0,1242,0,0,0,1242
04/30/2013,DTW,MI,AGL,CE,Towers with Radar,636,594,25,0,1255,0,0,4,0,4,636,594,29,0,1259,0,0,0,1259
05/01/2013,DTW,MI,AGL,CE,Towers with Radar,656,598,15,0,1269,0,0,0,0,0,656,598,15,0,1269,0,0,0,1269
05/02/2013,DTW,MI,AGL,CE,Towers with Radar,654,597,9,0,1260,0,0,2,0,2,654,597,11,0,1262,0,0,0,1262
05/03/2013,DTW,MI,AGL,CE,Towers with Radar,664,589,13,0,1266,0,0,2,0,2,664,589,15,0,1268,0,0,0,1268
05/04/2013,DTW,MI,AGL,CE,Towers with Radar,527,378,4,0,909,0,0,0,0,0,527,378,4,0,909,0,0,0,909
05/05/2013,DTW,MI,AGL,CE,Towers with Radar,612,554,13,0,1179,0,0,2,0,2,612,554,15,0,1181,0,0,0,1181
05/06/2013,DTW,MI,AGL,CE,Towers with Radar,660,592,6,0,1258,0,1,0,0,1,660,593,6,0,1259,0,0,0,1259
05/07/2013,DTW,MI,AGL,CE,Towers with Radar,644,601,29,0,1274,0,3,0,0,3,644,604,29,0,1277,0,0,0,1277
05/08/2013,DTW,MI,AGL,CE,Towers with Radar,640,599,27,0,1266,0,2,4,0,6,640,601,31,0,1272,0,0,0,1272
05/09/2013,DTW,MI,AGL,CE,Towers with Radar,669,597,23,0,1289,0,0,0,0,0,669,597,23,0,1289,0,0,0,1289
05/10/2013,DTW,MI,AGL,CE,Towers with Radar,651,603,12,0,1266,0,0,0,0,0,651,603,12,0,1266,0,0,0,1266
05/11/2013,DTW,MI,AGL,CE,Towers with Radar,499,335,5,0,839,0,0,0,0,0,499,335,5,0,839,0,0,0,839
05/12/2013,DTW,MI,AGL,CE,Towers with Radar,589,508,4,0,1101,0,1,0,0,1,589,509,4,0,1102,0,0,0,1102
05/13/2013,DTW,MI,AGL,CE,Towers with Radar,645,606,17,0,1268,0,1,2,0,3,645,607,19,0,1271,0,0,0,1271
05/14/2013,DTW,MI,AGL,CE,Towers with Radar,654,601,20,0,1275,0,0,6,0,6,654,601,26,0,1281,0,0,0,1281
05/15/2013,DTW,MI,AGL,CE,Towers with Radar,660,601,21,0,1282,0,0,6,0,6,660,601,27,0,1288,0,0,0,1288
05/16/2013,DTW,MI,AGL,CE,Towers with Radar,664,600,17,0,1281,0,0,0,0,0,664,600,17,0,1281,0,0,0,1281
05/17/2013,DTW,MI,AGL,CE,Towers with Radar,662,615,12,0,1289,0,0,0,0,0,662,615,12,0,1289,0,0,0,1289
05/18/2013,DTW,MI,AGL,CE,Towers with Radar,521,381,8,0,910,0,0,0,0,0,521,381,8,0,910,0,0,0,910
05/19/2013,DTW,MI,AGL,CE,Towers with Radar,607,540,11,2,1160,0,0,0,0,0,607,540,11,2,1160,0,0,0,1160
05/20/2013,DTW,MI,AGL,CE,Towers with Radar,649,590,16,0,1255,0,1,0,0,1,649,591,16,0,1256,0,0,0,1256
05/21/2013,DTW,MI,AGL,CE,Towers with Radar,653,598,32,3,1286,0,0,5,0,5,653,598,37,3,1291,0,0,0,1291
05/22/2013,DTW,MI,AGL,CE,Towers with Radar,655,586,16,0,1257,0,0,0,1,1,655,586,16,1,1258,0,0,0,1258
05/23/2013,DTW,MI,AGL,CE,Towers with Radar,655,588,23,0,1266,0,0,1,0,1,655,588,24,0,1267,0,0,0,1267
05/24/2013,DTW,MI,AGL,CE,Towers with Radar,670,609,14,0,1293,0,0,6,0,6,670,609,20,0,1299,0,0,0,1299
05/25/2013,DTW,MI,AGL,CE,Towers with Radar,497,343,5,0,845,0,0,3,0,3,497,343,8,0,848,0,0,0,848
05/26/2013,DTW,MI,AGL,CE,Towers with Radar,480,301,14,1,796,0,0,2,0,2,480,301,16,1,798,0,0,0,798
05/27/2013,DTW,MI,AGL,CE,Towers with Radar,587,465,13,0,1065,0,0,1,0,1,587,465,14,0,1066,0,0,0,1066
05/28/2013,DTW,MI,AGL,CE,Towers with Radar,661,609,16,0,1286,0,0,0,0,0,661,609,16,0,1286,0,0,0,1286
05/29/2013,DTW,MI,AGL,CE,Towers with Radar,663,591,22,0,1276,0,0,0,0,0,663,591,22,0,1276,0,0,0,1276
05/30/2013,DTW,MI,AGL,CE,Towers with Radar,654,563,31,0,1248,0,1,2,0,3,654,564,33,0,1251,0,0,0,1251
05/31/2013,DTW,MI,AGL,CE,Towers with Radar,670,594,17,0,1281,0,0,0,0,0,670,594,17,0,1281,0,0,0,1281
06/01/2013,DTW,MI,AGL,CE,Towers with Radar,530,370,6,0,906,0,0,0,0,0,530,370,6,0,906,0,0,0,906
06/02/2013,DTW,MI,AGL,CE,Towers with Radar,606,543,17,0,1166,0,0,0,2,2,606,543,17,2,1168,0,0,0,1168
06/03/2013,DTW,MI,AGL,CE,Towers with Radar,666,596,10,0,1272,0,0,1,0,1,666,596,11,0,1273,0,0,0,1273
06/04/2013,DTW,MI,AGL,CE,Towers with Radar,661,606,11,0,1278,0,0,4,0,4,661,606,15,0,1282,0,0,0,1282
06/05/2013,DTW,MI,AGL,CE,Towers with Radar,653,604,12,0,1269,0,0,5,0,5,653,604,17,0,1274,0,0,0,1274
06/06/2013,DTW,MI,AGL,CE,Towers with Radar,661,629,25,0,1315,0,0,4,0,4,661,629,29,0,1319,0,0,0,1319
06/07/2013,DTW,MI,AGL,CE,Towers with Radar,661,614,22,1,1298,0,0,2,0,2,661,614,24,1,1300,0,0,0,1300
06/08/2013,DTW,MI,AGL,CE,Towers with Radar,522,395,16,0,933,0,1,0,0,1,522,396,16,0,934,0,0,0,934
06/09/2013,DTW,MI,AGL,CE,Towers with Radar,609,563,10,1,1183,0,0,3,0,3,609,563,13,1,1186,0,0,0,1186
06/10/2013,DTW,MI,AGL,CE,Towers with Radar,651,617,23,0,1291,0,0,0,0,0,651,617,23,0,1291,0,0,0,1291
06/11/2013,DTW,MI,AGL,CE,Towers with Radar,683,631,19,0,1333,0,0,3,0,3,683,631,22,0,1336,0,0,0,1336
06/12/2013,DTW,MI,AGL,CE,Towers with Radar,689,620,27,4,1340,0,1,0,0,1,689,621,27,4,1341,0,0,0,1341
06/13/2013,DTW,MI,AGL,CE,Towers with Radar,683,610,32,2,1327,0,0,2,0,2,683,610,34,2,1329,0,0,0,1329
06/14/2013,DTW,MI,AGL,CE,Towers with Radar,689,642,22,0,1353,0,0,2,0,2,689,642,24,0,1355,0,0,0,1355
06/15/2013,DTW,MI,AGL,CE,Towers with Radar,588,542,4,0,1134,0,0,0,0,0,588,542,4,0,1134,0,0,0,1134
06/16/2013,DTW,MI,AGL,CE,Towers with Radar,658,607,11,2,1278,0,0,2,0,2,658,607,13,2,1280,0,0,0,1280
06/17/2013,DTW,MI,AGL,CE,Towers with Radar,673,628,23,0,1324,0,1,4,0,5,673,629,27,0,1329,0,0,0,1329
06/18/2013,DTW,MI,AGL,CE,Towers with Radar,689,626,18,0,1333,0,0,12,0,12,689,626,30,0,1345,0,0,0,1345
06/19/2013,DTW,MI,AGL,CE,Towers with Radar,690,631,17,0,1338,0,0,9,0,9,690,631,26,0,1347,0,0,0,1347
06/20/2013,DTW,MI,AGL,CE,Towers with Radar,690,632,27,0,1349,0,2,1,0,3,690,634,28,0,1352,0,0,0,1352
06/21/2013,DTW,MI,AGL,CE,Towers with Radar,690,639,21,0,1350,0,0,4,0,4,690,639,25,0,1354,0,0,0,1354
06/22/2013,DTW,MI,AGL,CE,Towers with Radar,574,530,12,0,1116,0,0,1,0,1,574,530,13,0,1117,0,0,0,1117
06/23/2013,DTW,MI,AGL,CE,Towers with Radar,656,627,9,0,1292,0,0,3,0,3,656,627,12,0,1295,0,0,0,1295
06/24/2013,DTW,MI,AGL,CE,Towers with Radar,663,612,11,1,1287,0,1,2,0,3,663,613,13,1,1290,0,0,0,1290
06/25/2013,DTW,MI,AGL,CE,Towers with Radar,689,627,19,2,1337,0,0,2,0,2,689,627,21,2,1339,0,0,0,1339
06/26/2013,DTW,MI,AGL,CE,Towers with Radar,685,616,28,1,1330,0,0,5,0,5,685,616,33,1,1335,0,0,0,1335
06/27/2013,DTW,MI,AGL,CE,Towers with Radar,674,593,15,0,1282,0,0,0,0,0,674,593,15,0,1282,0,0,0,1282
06/28/2013,DTW,MI,AGL,CE,Towers with Radar,634,490,25,0,1149,0,0,0,0,0,634,490,25,0,1149,0,0,0,1149
06/29/2013,DTW,MI,AGL,CE,Towers with Radar,607,520,16,1,1144,0,0,0,0,0,607,520,16,1,1144,0,0,0,1144
06/30/2013,DTW,MI,AGL,CE,Towers with Radar,561,484,12,0,1057,0,0,6,0,6,561,484,18,0,1063,0,0,0,1063
07/01/2013,DTW,MI,AGL,CE,Towers with Radar,599,486,10,0,1095,0,1,14,0,15,599,487,24,0,1110,0,0,0,1110
07/02/2013,DTW,MI,AGL,CE,Towers with Radar,615,467,11,0,1093,0,0,2,0,2,615,467,13,0,1095,0,0,0,1095
07/03/2013,DTW,MI,AGL,CE,Towers with Radar,709,625,11,0,1345,0,0,5,0,5,709,625,16,0,1350,0,0,0,1350
07/04/2013,DTW,MI,AGL,CE,Towers with Radar,490,306,4,0,800,0,0,2,0,2,490,306,6,0,802,0,0,0,802
07/05/2013,DTW,MI,AGL,CE,Towers with Radar,572,403,8,0,983,0,0,3,0,3,572,403,11,0,986,0,0,0,986
07/06/2013,DTW,MI,AGL,CE,Towers with Radar,584,521,2,0,1107,0,0,0,0,0,584,521,2,0,1107,0,0,0,1107
07/07/2013,DTW,MI,AGL,CE,Towers with Radar,659,591,11,0,1261,0,0,0,0,0,659,591,11,0,1261,0,0,0,1261
07/08/2013,DTW,MI,AGL,CE,Towers with Radar,673,538,28,0,1239,0,0,0,0,0,673,538,28,0,1239,0,0,0,1239
07/09/2013,DTW,MI,AGL,CE,Towers with Radar,708,562,36,2,1308,0,0,3,1,4,708,562,39,3,1312,0,0,0,1312
07/10/2013,DTW,MI,AGL,CE,Towers with Radar,688,528,27,0,1243,0,8,2,0,10,688,536,29,0,1253,0,0,0,1253
07/11/2013,DTW,MI,AGL,CE,Towers with Radar,702,618,17,0,1337,0,0,0,0,0,702,618,17,0,1337,0,0,0,1337
07/12/2013,DTW,MI,AGL,CE,Towers with Radar,711,621,15,0,1347,0,0,4,0,4,711,621,19,0,1351,0,0,0,1351
07/13/2013,DTW,MI,AGL,CE,Towers with Radar,593,529,7,0,1129,0,0,5,0,5,593,529,12,0,1134,0,0,0,1134
07/14/2013,DTW,MI,AGL,CE,Towers with Radar,693,606,15,0,1314,0,0,5,0,5,693,606,20,0,1319,0,0,0,1319
07/15/2013,DTW,MI,AGL,CE,Towers with Radar,700,616,18,0,1334,0,0,2,0,2,700,616,20,0,1336,0,0,0,1336
07/16/2013,DTW,MI,AGL,CE,Towers with Radar,717,625,5,0,1347,0,0,3,0,3,717,625,8,0,1350,0,0,0,1350
07/17/2013,DTW,MI,AGL,CE,Towers with Radar,702,617,5,0,1324,0,0,2,0,2,702,617,7,0,1326,0,0,0,1326
07/18/2013,DTW,MI,AGL,CE,Towers with Radar,722,617,19,0,1358,0,0,2,0,2,722,617,21,0,1360,0,0,0,1360
07/19/2013,DTW,MI,AGL,CE,Towers with Radar,695,576,20,2,1293,0,0,0,0,0,695,576,20,2,1293,0,0,0,1293
07/20/2013,DTW,MI,AGL,CE,Towers with Radar,591,534,9,0,1134,0,0,9,0,9,591,534,18,0,1143,0,0,0,1143
07/21/2013,DTW,MI,AGL,CE,Towers with Radar,676,609,12,0,1297,0,1,4,0,5,676,610,16,0,1302,0,0,0,1302
07/22/2013,DTW,MI,AGL,CE,Towers with Radar,694,609,24,0,1327,0,0,15,0,15,694,609,39,0,1342,0,0,0,1342
07/23/2013,DTW,MI,AGL,CE,Towers with Radar,704,545,20,1,1270,0,0,0,0,0,704,545,20,1,1270,0,0,0,1270
07/24/2013,DTW,MI,AGL,CE,Towers with Radar,711,618,20,0,1349,0,2,4,0,6,711,620,24,0,1355,0,0,0,1355
07/25/2013,DTW,MI,AGL,CE,Towers with Radar,712,624,16,0,1352,0,2,0,0,2,712,626,16,0,1354,0,0,0,1354
07/26/2013,DTW,MI,AGL,CE,Towers with Radar,717,631,17,0,1365,0,0,4,0,4,717,631,21,0,1369,0,0,0,1369
07/27/2013,DTW,MI,AGL,CE,Towers with Radar,590,531,7,0,1128,0,1,2,0,3,590,532,9,0,1131,0,0,0,1131
07/28/2013,DTW,MI,AGL,CE,Towers with Radar,665,608,18,0,1291,0,0,2,0,2,665,608,20,0,1293,0,0,0,1293
07/29/2013,DTW,MI,AGL,CE,Towers with Radar,711,626,12,0,1349,0,0,2,0,2,711,626,14,0,1351,0,0,0,1351
07/30/2013,DTW,MI,AGL,CE,Towers with Radar,716,621,20,0,1357,0,0,9,0,9,716,621,29,0,1366,0,0,0,1366
07/31/2013,DTW,MI,AGL,CE,Towers with Radar,709,624,17,0,1350,0,0,0,0,0,709,624,17,0,1350,0,0,0,1350
08/01/2013,DTW,MI,AGL,CE,Towers with Radar,715,632,11,0,1358,0,0,5,0,5,715,632,16,0,1363,0,0,0,1363
08/02/2013,DTW,MI,AGL,CE,Towers with Radar,700,619,18,1,1338,0,0,1,0,1,700,619,19,1,1339,0,0,0,1339
08/03/2013,DTW,MI,AGL,CE,Towers with Radar,585,527,2,0,1114,0,0,0,0,0,585,527,2,0,1114,0,0,0,1114
08/04/2013,DTW,MI,AGL,CE,Towers with Radar,682,629,13,0,1324,0,1,2,0,3,682,630,15,0,1327,0,0,0,1327
08/05/2013,DTW,MI,AGL,CE,Towers with Radar,699,631,17,0,1347,0,0,4,0,4,699,631,21,0,1351,0,0,0,1351
08/06/2013,DTW,MI,AGL,CE,Towers with Radar,707,624,17,0,1348,0,1,8,0,9,707,625,25,0,1357,0,0,0,1357
08/07/2013,DTW,MI,AGL,CE,Towers with Radar,713,616,27,0,1356,0,0,2,0,2,713,616,29,0,1358,0,0,0,1358
08/08/2013,DTW,MI,AGL,CE,Towers with Radar,714,610,17,0,1341,0,0,4,0,4,714,610,21,0,1345,0,0,0,1345
08/09/2013,DTW,MI,AGL,CE,Towers with Radar,727,625,10,0,1362,0,0,1,0,1,727,625,11,0,1363,0,0,0,1363
08/10/2013,DTW,MI,AGL,CE,Towers with Radar,594,538,9,0,1141,0,0,3,0,3,594,538,12,0,1144,0,0,0,1144
08/11/2013,DTW,MI,AGL,CE,Towers with Radar,679,604,15,1,1299,0,0,4,0,4,679,604,19,1,1303,0,0,0,1303
08/12/2013,DTW,MI,AGL,CE,Towers with Radar,671,594,15,0,1280,0,0,0,0,0,671,594,15,0,1280,0,0,0,1280
08/13/2013,DTW,MI,AGL,CE,Towers with Radar,711,639,16,0,1366,0,1,0,0,1,711,640,16,0,1367,0,0,0,1367
08/14/2013,DTW,MI,AGL,CE,Towers with Radar,695,617,18,0,1330,0,0,2,0,2,695,617,20,0,1332,0,0,0,1332
08/15/2013,DTW,MI,AGL,CE,Towers with Radar,712,624,34,1,1371,0,0,6,0,6,712,624,40,1,1377,0,0,0,1377
08/16/2013,DTW,MI,AGL,CE,Towers with Radar,711,616,15,0,1342,0,0,1,0,1,711,616,16,0,1343,0,0,0,1343
08/17/2013,DTW,MI,AGL,CE,Towers with Radar,588,522,10,0,1120,0,0,2,0,2,588,522,12,0,1122,0,0,0,1122
08/18/2013,DTW,MI,AGL,CE,Towers with Radar,680,606,11,0,1297,0,0,2,0,2,680,606,13,0,1299,0,0,0,1299
08/19/2013,DTW,MI,AGL,CE,Towers with Radar,687,632,16,1,1336,0,1,0,0,1,687,633,16,1,1337,0,0,0,1337
08/20/2013,DTW,MI,AGL,CE,Towers with Radar,674,595,29,0,1298,0,0,2,0,2,674,595,31,0,1300,0,0,0,1300
08/21/2013,DTW,MI,AGL,CE,Towers with Radar,681,598,19,0,1298,1,1,0,0,2,682,599,19,0,1300,0,0,0,1300
08/22/2013,DTW,MI,AGL,CE,Towers with Radar,697,591,16,0,1304,0,0,2,0,2,697,591,18,0,1306,0,0,0,1306
08/23/2013,DTW,MI,AGL,CE,Towers with Radar,693,596,13,0,1302,0,0,0,0,0,693,596,13,0,1302,0,0,0,1302
08/24/2013,DTW,MI,AGL,CE,Towers with Radar,589,418,12,0,1019,0,0,2,0,2,589,418,14,0,1021,0,0,0,1021
08/25/2013,DTW,MI,AGL,CE,Towers with Radar,661,557,8,0,1226,0,0,0,0,0,661,557,8,0,1226,0,0,0,1226
08/26/2013,DTW,MI,AGL,CE,Towers with Radar,683,601,10,0,1294,0,0,2,0,2,683,601,12,0,1296,0,0,0,1296
08/27/2013,DTW,MI,AGL,CE,Towers with Radar,676,561,8,0,1245,0,0,0,2,2,676,561,8,2,1247,0,0,0,1247
08/28/2013,DTW,MI,AGL,CE,Towers with Radar,676,592,20,0,1288,0,0,0,0,0,676,592,20,0,1288,0,0,0,1288
08/29/2013,DTW,MI,AGL,CE,Towers with Radar,706,610,26,0,1342,0,0,7,0,7,706,610,33,0,1349,0,0,0,1349
08/30/2013,DTW,MI,AGL,CE,Towers with Radar,681,592,9,2,1284,0,0,3,0,3,681,592,12,2,1287,0,0,0,1287
08/31/2013,DTW,MI,AGL,CE,Towers with Radar,492,342,8,0,842,0,0,2,0,2,492,342,10,0,844,0,0,0,844
09/01/2013,DTW,MI,AGL,CE,Towers with Radar,457,312,9,0,778,0,0,0,0,0,457,312,9,0,778,0,0,0,778
09/02/2013,DTW,MI,AGL,CE,Towers with Radar,609,472,17,0,1098,0,1,1,0,2,609,473,18,0,1100,0,0,0,1100
09/03/2013,DTW,MI,AGL,CE,Towers with Radar,635,558,20,0,1213,0,0,0,0,0,635,558,20,0,1213,0,0,0,1213
09/04/2013,DTW,MI,AGL,CE,Towers with Radar,665,576,20,0,1261,0,1,3,0,4,665,577,23,0,1265,0,0,0,1265
09/05/2013,DTW,MI,AGL,CE,Towers with Radar,676,573,24,0,1273,0,0,3,0,3,676,573,27,0,1276,0,0,0,1276
09/06/2013,DTW,MI,AGL,CE,Towers with Radar,679,584,16,0,1279,0,0,17,0,17,679,584,33,0,1296,0,0,0,1296
09/07/2013,DTW,MI,AGL,CE,Towers with Radar,502,366,10,0,878,0,1,0,0,1,502,367,10,0,879,0,0,0,879
09/08/2013,DTW,MI,AGL,CE,Towers with Radar,622,535,14,0,1171,0,0,0,0,0,622,535,14,0,1171,0,0,0,1171
09/09/2013,DTW,MI,AGL,CE,Towers with Radar,663,576,11,0,1250,0,1,2,0,3,663,577,13,0,1253,0,0,0,1253
09/10/2013,DTW,MI,AGL,CE,Towers with Radar,637,545,15,0,1197,0,0,3,0,3,637,545,18,0,1200,0,0,0,1200
09/11/2013,DTW,MI,AGL,CE,Towers with Radar,614,544,11,0,1169,0,0,2,0,2,614,544,13,0,1171,0,0,0,1171
09/12/2013,DTW,MI,AGL,CE,Towers with Radar,645,559,36,0,1240,0,0,9,0,9,645,559,45,0,1249,0,0,0,1249
09/13/2013,DTW,MI,AGL,CE,Towers with Radar,677,588,21,0,1286,0,0,8,0,8,677,588,29,0,1294,0,0,0,1294
09/14/2013,DTW,MI,AGL,CE,Towers with Radar,501,357,4,0,862,0,0,0,0,0,501,357,4,0,862,0,0,0,862
09/15/2013,DTW,MI,AGL,CE,Towers with Radar,624,534,5,0,1163,0,0,0,0,0,624,534,5,0,1163,0,0,0,1163
09/16/2013,DTW,MI,AGL,CE,Towers with Radar,664,572,19,0,1255,0,0,5,0,5,664,572,24,0,1260,0,0,0,1260
09/17/2013,DTW,MI,AGL,CE,Towers with Radar,614,541,24,0,1179,0,0,3,0,3,614,541,27,0,1182,0,0,0,1182
09/18/2013,DTW,MI,AGL,CE,Towers with Radar,658,578,26,0,1262,0,1,4,0,5,658,579,30,0,1267,0,0,0,1267
09/19/2013,DTW,MI,AGL,CE,Towers with Radar,680,575,21,0,1276,0,0,2,0,2,680,575,23,0,1278,0,0,0,1278
09/20/2013,DTW,MI,AGL,CE,Towers with Radar,660,583,10,0,1253,0,0,1,0,1,660,583,11,0,1254,0,0,0,1254
09/21/2013,DTW,MI,AGL,CE,Towers with Radar,480,363,9,0,852,0,0,3,0,3,480,363,12,0,855,0,0,0,855
09/22/2013,DTW,MI,AGL,CE,Towers with Radar,622,533,13,0,1168,0,0,0,0,0,622,533,13,0,1168,0,0,0,1168
09/23/2013,DTW,MI,AGL,CE,Towers with Radar,660,580,14,0,1254,0,0,2,0,2,660,580,16,0,1256,0,0,0,1256
09/24/2013,DTW,MI,AGL,CE,Towers with Radar,628,543,21,0,1192,0,0,8,0,8,628,543,29,0,1200,0,0,0,1200
09/25/2013,DTW,MI,AGL,CE,Towers with Radar,647,587,8,0,1242,0,0,8,0,8,647,587,16,0,1250,0,0,0,1250
09/26/2013,DTW,MI,AGL,CE,Towers with Radar,669,598,20,0,1287,0,0,2,0,2,669,598,22,0,1289,0,0,0,1289
09/27/2013,DTW,MI,AGL,CE,Towers with Radar,656,601,29,3,1289,0,0,1,0,1,656,601,30,3,1290,0,0,0,1290
09/28/2013,DTW,MI,AGL,CE,Towers with Radar,496,361,3,0,860,0,0,0,0,0,496,361,3,0,860,0,0,0,860
09/29/2013,DTW,MI,AGL,CE,Towers with Radar,623,532,12,1,1168,0,0,0,0,0,623,532,12,1,1168,0,0,0,1168
09/30/2013,DTW,MI,AGL,CE,Towers with Radar,655,588,10,0,1253,0,0,1,0,1,655,588,11,0,1254,0,0,0,1254
10/01/2013,DTW,MI,AGL,CE,Towers with Radar,624,556,9,0,1189,0,0,9,0,9,624,556,18,0,1198,0,0,0,1198
10/02/2013,DTW,MI,AGL,CE,Towers with Radar,663,575,23,0,1261,0,0,2,0,2,663,575,25,0,1263,0,0,0,1263
10/03/2013,DTW,MI,AGL,CE,Towers with Radar,670,577,21,0,1268,0,0,0,0,0,670,577,21,0,1268,0,0,0,1268
10/04/2013,DTW,MI,AGL,CE,Towers with Radar,676,572,14,0,1262,0,0,2,0,2,676,572,16,0,1264,0,0,0,1264
10/05/2013,DTW,MI,AGL,CE,Towers with Radar,491,356,5,0,852,0,0,0,0,0,491,356,5,0,852,0,0,0,852
10/06/2013,DTW,MI,AGL,CE,Towers with Radar,637,533,14,0,1184,0,0,0,0,0,637,533,14,0,1184,0,0,0,1184
10/07/2013,DTW,MI,AGL,CE,Towers with Radar,667,591,10,0,1268,0,0,8,0,8,667,591,18,0,1276,0,0,0,1276
10/08/2013,DTW,MI,AGL,CE,Towers with Radar,633,553,14,0,1200,0,0,3,0,3,633,553,17,0,1203,0,0,0,1203
10/09/2013,DTW,MI,AGL,CE,Towers with Radar,675,583,25,0,1283,1,0,4,0,5,676,583,29,0,1288,0,0,0,1288
10/10/2013,DTW,MI,AGL,CE,Towers with Radar,673,584,28,0,1285,0,1,0,0,1,673,585,28,0,1286,0,0,0,1286
10/11/2013,DTW,MI,AGL,CE,Towers with Radar,659,591,13,0,1263,0,0,2,0,2,659,591,15,0,1265,0,0,0,1265
10/12/2013,DTW,MI,AGL,CE,Towers with Radar,493,360,4,0,857,0,0,2,0,2,493,360,6,0,859,0,0,0,859
10/13/2013,DTW,MI,AGL,CE,Towers with Radar,616,470,14,0,1100,0,0,2,0,2,616,470,16,0,1102,0,0,0,1102
10/14/2013,DTW,MI,AGL,CE,Towers with Radar,665,582,13,0,1260,0,0,4,0,4,665,582,17,0,1264,0,0,0,1264
10/15/2013,DTW,MI,AGL,CE,Towers with Radar,629,546,25,0,1200,0,0,0,0,0,629,546,25,0,1200,0,0,0,1200
10/16/2013,DTW,MI,AGL,CE,Towers with Radar,670,567,26,0,1263,0,0,0,0,0,670,567,26,0,1263,0,0,0,1263
10/17/2013,DTW,MI,AGL,CE,Towers with Radar,666,590,10,0,1266,0,0,0,0,0,666,590,10,0,1266,0,0,0,1266
10/18/2013,DTW,MI,AGL,CE,Towers with Radar,680,586,11,0,1277,0,0,2,0,2,680,586,13,0,1279,0,0,0,1279
10/19/2013,DTW,MI,AGL,CE,Towers with Radar,495,366,5,0,866,0,0,2,0,2,495,366,7,0,868,0,0,0,868
10/20/2013,DTW,MI,AGL,CE,Towers with Radar,642,543,13,0,1198,0,0,1,0,1,642,543,14,0,1199,0,0,0,1199
10/21/2013,DTW,MI,AGL,CE,Towers with Radar,662,584,22,0,1268,0,0,0,0,0,662,584,22,0,1268,0,0,0,1268
10/22/2013,DTW,MI,AGL,CE,Towers with Radar,636,551,12,1,1200,0,1,0,0,1,636,552,12,1,1201,0,0,0,1201
10/23/2013,DTW,MI,AGL,CE,Towers with Radar,669,574,20,0,1263,0,0,2,0,2,669,574,22,0,1265,0,0,0,1265
10/24/2013,DTW,MI,AGL,CE,Towers with Radar,669,590,25,0,1284,0,0,2,0,2,669,590,27,0,1286,0,0,0,1286
10/25/2013,DTW,MI,AGL,CE,Towers with Radar,671,580,20,0,1271,0,0,0,0,0,671,580,20,0,1271,0,0,0,1271
10/26/2013,DTW,MI,AGL,CE,Towers with Radar,500,366,14,0,880,0,0,1,0,1,500,366,15,0,881,0,0,0,881
10/27/2013,DTW,MI,AGL,CE,Towers with Radar,630,533,24,0,1187,0,1,1,0,2,630,534,25,0,1189,0,0,0,1189
10/28/2013,DTW,MI,AGL,CE,Towers with Radar,651,589,22,0,1262,0,0,2,0,2,651,589,24,0,1264,0,0,0,1264
10/29/2013,DTW,MI,AGL,CE,Towers with Radar,634,534,10,0,1178,0,0,2,0,2,634,534,12,0,1180,0,0,0,1180
10/30/2013,DTW,MI,AGL,CE,Towers with Radar,665,575,9,0,1249,0,1,1,0,2,665,576,10,0,1251,0,0,0,1251
10/31/2013,DTW,MI,AGL,CE,Towers with Radar,592,463,12,0,1067,0,0,0,0,0,592,463,12,0,1067,0,0,0,1067
11/01/2013,DTW,MI,AGL,CE,Towers with Radar,663,566,14,0,1243,0,0,0,0,0,663,566,14,0,1243,0,0,0,1243
11/02/2013,DTW,MI,AGL,CE,Towers with Radar,504,355,10,0,869,0,1,0,0,1,504,356,10,0,870,0,0,0,870
11/03/2013,DTW,MI,AGL,CE,Towers with Radar,627,500,12,0,1139,0,0,0,0,0,627,500,12,0,1139,0,0,0,1139
11/04/2013,DTW,MI,AGL,CE,Towers with Radar,681,557,21,0,1259,0,0,1,0,1,681,557,22,0,1260,0,0,0,1260
11/05/2013,DTW,MI,AGL,CE,Towers with Radar,658,493,20,0,1171,0,0,2,0,2,658,493,22,0,1173,0,0,0,1173
11/06/2013,DTW,MI,AGL,CE,Towers with Radar,697,537,33,0,1267,0,0,0,0,0,697,537,33,0,1267,0,0,0,1267
11/07/2013,DTW,MI,AGL,CE,Towers with Radar,695,544,11,0,1250,0,0,0,0,0,695,544,11,0,1250,0,0,0,1250
11/08/2013,DTW,MI,AGL,CE,Towers with Radar,703,545,13,0,1261,0,0,0,0,0,703,545,13,0,1261,0,0,0,1261
11/09/2013,DTW,MI,AGL,CE,Towers with Radar,527,343,4,0,874,0,0,0,0,0,527,343,4,0,874,0,0,0,874
11/10/2013,DTW,MI,AGL,CE,Towers with Radar,639,497,13,0,1149,0,0,0,0,0,639,497,13,0,1149,0,0,0,1149
11/11/2013,DTW,MI,AGL,CE,Towers with Radar,698,539,21,0,1258,0,0,0,0,0,698,539,21,0,1258,0,0,0,1258
11/12/2013,DTW,MI,AGL,CE,Towers with Radar,659,488,27,0,1174,0,0,0,0,0,659,488,27,0,1174,0,0,0,1174
11/13/2013,DTW,MI,AGL,CE,Towers with Radar,697,541,27,0,1265,0,0,1,0,1,697,541,28,0,1266,0,0,0,1266
11/14/2013,DTW,MI,AGL,CE,Towers with Radar,698,558,20,0,1276,0,0,1,0,1,698,558,21,0,1277,0,0,0,1277
11/15/2013,DTW,MI,AGL,CE,Towers with Radar,696,548,18,0,1262,0,1,2,0,3,696,549,20,0,1265,0,0,0,1265
11/16/2013,DTW,MI,AGL,CE,Towers with Radar,527,338,4,0,869,0,1,0,0,1,527,339,4,0,870,0,0,0,870
11/17/2013,DTW,MI,AGL,CE,Towers with Radar,632,433,16,0,1081,0,0,0,0,0,632,433,16,0,1081,0,0,0,1081
11/18/2013,DTW,MI,AGL,CE,Towers with Radar,705,544,19,0,1268,0,0,2,0,2,705,544,21,0,1270,0,0,0,1270
11/19/2013,DTW,MI,AGL,CE,Towers with Radar,659,497,17,0,1173,0,0,0,0,0,659,497,17,0,1173,0,0,0,1173
11/20/2013,DTW,MI,AGL,CE,Towers with Radar,699,543,18,0,1260,0,0,2,0,2,699,543,20,0,1262,0,0,0,1262
11/21/2013,DTW,MI,AGL,CE,Towers with Radar,699,548,17,0,1264,0,0,0,0,0,699,548,17,0,1264,0,0,0,1264
11/22/2013,DTW,MI,AGL,CE,Towers with Radar,713,543,7,0,1263,0,0,0,0,0,713,543,7,0,1263,0,0,0,1263
11/23/2013,DTW,MI,AGL,CE,Towers with Radar,521,337,12,0,870,0,0,0,0,0,521,337,12,0,870,0,0,0,870
11/24/2013,DTW,MI,AGL,CE,Towers with Radar,572,346,6,0,924,0,0,0,0,0,572,346,6,0,924,0,0,0,924
11/25/2013,DTW,MI,AGL,CE,Towers with Radar,586,379,7,0,972,0,0,0,0,0,586,379,7,0,972,0,0,0,972
11/26/2013,DTW,MI,AGL,CE,Towers with Radar,691,483,14,0,1188,0,0,2,0,2,691,483,16,0,1190,0,0,0,1190
11/27/2013,DTW,MI,AGL,CE,Towers with Radar,706,543,13,0,1262,0,0,0,0,0,706,543,13,0,1262,0,0,0,1262
11/28/2013,DTW,MI,AGL,CE,Towers with Radar,388,263,7,0,658,0,0,0,0,0,388,263,7,0,658,0,0,0,658
11/29/2013,DTW,MI,AGL,CE,Towers with Radar,458,259,4,0,721,0,0,1,0,1,458,259,5,0,722,0,0,0,722
11/30/2013,DTW,MI,AGL,CE,Towers with Radar,625,438,5,0,1068,0,1,0,0,1,625,439,5,0,1069,0,0,0,1069
12/01/2013,DTW,MI,AGL,CE,Towers with Radar,696,555,10,0,1261,0,0,0,0,0,696,555,10,0,1261,0,0,0,1261
12/02/2013,DTW,MI,AGL,CE,Towers with Radar,710,542,20,0,1272,0,0,10,0,10,710,542,30,0,1282,0,0,0,1282
12/03/2013,DTW,MI,AGL,CE,Towers with Radar,654,462,16,0,1132,0,0,4,0,4,654,462,20,0,1136,0,0,0,1136
12/04/2013,DTW,MI,AGL,CE,Towers with Radar,647,478,14,0,1139,0,0,0,0,0,647,478,14,0,1139,0,0,0,1139
12/05/2013,DTW,MI,AGL,CE,Towers with Radar,647,486,14,0,1147,0,1,1,0,2,647,487,15,0,1149,0,0,0,1149
12/06/2013,DTW,MI,AGL,CE,Towers with Radar,648,497,21,0,1166,0,0,2,0,2,648,497,23,0,1168,0,0,0,1168
12/07/2013,DTW,MI,AGL,CE,Towers with Radar,500,297,10,0,807,0,0,2,0,2,500,297,12,0,809,0,0,0,809
12/08/2013,DTW,MI,AGL,CE,Towers with Radar,582,398,15,0,995,0,0,1,0,1,582,398,16,0,996,0,0,0,996
12/09/2013,DTW,MI,AGL,CE,Towers with Radar,644,475,19,0,1138,0,0,0,0,0,644,475,19,0,1138,0,0,0,1138
12/10/2013,DTW,MI,AGL,CE,Towers with Radar,607,455,23,0,1085,0,1,0,0,1,607,456,23,0,1086,0,0,0,1086
12/11/2013,DTW,MI,AGL,CE,Towers with Radar,653,490,14,0,1157,0,0,0,0,0,653,490,14,0,1157,0,0,0,1157
12/12/2013,DTW,MI,AGL,CE,Towers with Radar,664,493,24,1,1182,0,0,0,0,0,664,493,24,1,1182,0,0,0,1182
12/13/2013,DTW,MI,AGL,CE,Towers with Radar,673,493,19,0,1185,0,0,3,0,3,673,493,22,0,1188,0,0,0,1188
12/14/2013,DTW,MI,AGL,CE,Towers with Radar,494,283,3,0,780,0,0,0,0,0,494,283,3,0,780,0,0,0,780
12/15/2013,DTW,MI,AGL,CE,Towers with Radar,633,420,8,0,1061,0,0,0,0,0,633,420,8,0,1061,0,0,0,1061
12/16/2013,DTW,MI,AGL,CE,Towers with Radar,652,499,10,0,1161,0,0,0,0,0,652,499,10,0,1161,0,0,0,1161
12/17/2013,DTW,MI,AGL,CE,Towers with Radar,628,463,16,0,1107,0,0,0,0,0,628,463,16,0,1107,0,0,0,1107
12/18/2013,DTW,MI,AGL,CE,Towers with Radar,663,499,17,0,1179,0,0,0,0,0,663,499,17,0,1179,0,0,0,1179
12/19/2013,DTW,MI,AGL,CE,Towers with Radar,653,505,16,0,1174,0,0,0,0,0,653,505,16,0,1174,0,0,0,1174
12/20/2013,DTW,MI,AGL,CE,Towers with Radar,657,513,16,1,1187,0,0,0,0,0,657,513,16,1,1187,0,0,0,1187
12/21/2013,DTW,MI,AGL,CE,Towers with Radar,590,504,10,0,1104,0,0,0,0,0,590,504,10,0,1104,0,0,0,1104
12/22/2013,DTW,MI,AGL,CE,Towers with Radar,556,356,18,0,930,0,0,0,0,0,556,356,18,0,930,0,0,0,930
12/23/2013,DTW,MI,AGL,CE,Towers with Radar,531,331,2,0,864,1,0,4,0,5,532,331,6,0,869,0,0,0,869
12/24/2013,DTW,MI,AGL,CE,Towers with Radar,475,285,0,0,760,0,0,0,0,0,475,285,0,0,760,0,0,0,760
12/25/2013,DTW,MI,AGL,CE,Towers with Radar,445,260,4,0,709,0,0,0,0,0,445,260,4,0,709,0,0,0,709
12/26/2013,DTW,MI,AGL,CE,Towers with Radar,650,501,14,0,1165,0,0,2,0,2,650,501,16,0,1167,0,0,0,1167
12/27/2013,DTW,MI,AGL,CE,Towers with Radar,658,498,8,0,1164,0,0,2,0,2,658,498,10,0,1166,0,0,0,1166
12/28/2013,DTW,MI,AGL,CE,Towers with Radar,599,480,9,0,1088,0,0,1,0,1,599,480,10,0,1089,0,0,0,1089
12/29/2013,DTW,MI,AGL,CE,Towers with Radar,546,371,4,1,922,0,0,2,0,2,546,371,6,1,924,0,0,0,924
12/30/2013,DTW,MI,AGL,CE,Towers with Radar,519,339,8,0,866,0,0,0,0,0,519,339,8,0,866,0,0,0,866
12/31/2013,DTW,MI,AGL,CE,Towers with Radar,488,297,9,0,794,0,0,2,0,2,488,297,11,0,796,0,0,0,796
01/01/2014,DTW,MI,AGL,CE,Towers with Radar,462,268,2,0,732,0,0,0,0,0,462,268,2,0,732,0,0,0,732
01/02/2014,DTW,MI,AGL,CE,Towers with Radar,616,455,10,0,1081,0,0,0,0,0,616,455,10,0,1081,0,0,0,1081
01/03/2014,DTW,MI,AGL,CE,Towers with Radar,625,421,11,0,1057,0,0,0,0,0,625,421,11,0,1057,0,0,0,1057
01/04/2014,DTW,MI,AGL,CE,Towers with Radar,565,472,10,0,1047,0,0,0,0,0,565,472,10,0,1047,0,0,0,1047
01/05/2014,DTW,MI,AGL,CE,Towers with Radar,448,268,4,1,721,0,0,0,0,0,448,268,4,1,721,0,0,0,721
01/06/2014,DTW,MI,AGL,CE,Towers with Radar,499,241,12,0,752,0,0,0,0,0,499,241,12,0,752,0,0,0,752
01/07/2014,DTW,MI,AGL,CE,Towers with Radar,415,96,25,0,536,0,0,0,0,0,415,96,25,0,536,0,0,0,536
01/08/2014,DTW,MI,AGL,CE,Towers with Radar,565,327,15,0,907,0,0,3,0,3,565,327,18,0,910,0,0,0,910
01/09/2014,DTW,MI,AGL,CE,Towers with Radar,639,464,10,1,1114,0,0,0,0,0,639,464,10,1,1114,0,0,0,1114
01/10/2014,DTW,MI,AGL,CE,Towers with Radar,631,447,16,0,1094,0,0,0,0,0,631,447,16,0,1094,0,0,0,1094
01/11/2014,DTW,MI,AGL,CE,Towers with Radar,438,272,14,0,724,0,0,0,0,0,438,272,14,0,724,0,0,0,724
01/12/2014,DTW,MI,AGL,CE,Towers with Radar,576,423,22,0,1021,0,0,6,4,10,576,423,28,4,1031,0,0,0,1031
01/13/2014,DTW,MI,AGL,CE,Towers with Radar,634,489,27,0,1150,0,0,8,0,8,634,489,35,0,1158,0,0,0,1158
01/14/2014,DTW,MI,AGL,CE,Towers with Radar,615,453,31,1,1100,0,0,2,0,2,615,453,33,1,1102,0,0,0,1102
01/15/2014,DTW,MI,AGL,CE,Towers with Radar,616,459,34,0,1109,0,0,3,2,5,616,459,37,2,1114,0,0,0,1114
01/16/2014,DTW,MI,AGL,CE,Towers with Radar,627,487,23,1,1138,0,0,0,0,0,627,487,23,1,1138,0,0,0,1138
01/17/2014,DTW,MI,AGL,CE,Towers with Radar,645,495,21,0,1161,0,0,0,0,0,645,495,21,0,1161,0,0,0,1161
01/18/2014,DTW,MI,AGL,CE,Towers with Radar,437,269,6,0,712,0,0,1,0,1,437,269,7,0,713,0,0,0,713
01/19/2014,DTW,MI,AGL,CE,Towers with Radar,466,252,9,0,727,0,0,0,0,0,466,252,9,0,727,0,0,0,727
01/20/2014,DTW,MI,AGL,CE,Towers with Radar,594,436,11,0,1041,0,0,0,0,0,594,436,11,0,1041,0,0,0,1041
01/21/2014,DTW,MI,AGL,CE,Towers with Radar,553,430,11,0,994,0,0,0,0,0,553,430,11,0,994,0,0,0,994
01/22/2014,DTW,MI,AGL,CE,Towers with Radar,573,463,18,1,1055,0,0,0,0,0,573,463,18,1,1055,0,0,0,1055
01/23/2014,DTW,MI,AGL,CE,Towers with Radar,632,476,19,0,1127,0,0,0,0,0,632,476,19,0,1127,0,0,0,1127
01/24/2014,DTW,MI,AGL,CE,Towers with Radar,624,462,20,0,1106,0,0,0,0,0,624,462,20,0,1106,0,0,0,1106
01/25/2014,DTW,MI,AGL,CE,Towers with Radar,447,269,7,0,723,0,0,0,0,0,447,269,7,0,723,0,0,0,723
01/26/2014,DTW,MI,AGL,CE,Towers with Radar,576,408,10,0,994,0,0,0,0,0,576,408,10,0,994,0,0,0,994
01/27/2014,DTW,MI,AGL,CE,Towers with Radar,620,486,21,0,1127,0,0,0,0,0,620,486,21,0,1127,0,0,0,1127
01/28/2014,DTW,MI,AGL,CE,Towers with Radar,564,436,12,0,1012,0,0,7,0,7,564,436,19,0,1019,0,0,0,1019
01/29/2014,DTW,MI,AGL,CE,Towers with Radar,581,461,27,0,1069,0,0,0,0,0,581,461,27,0,1069,0,0,0,1069
01/30/2014,DTW,MI,AGL,CE,Towers with Radar,578,465,23,0,1066,0,0,6,0,6,578,465,29,0,1072,0,0,0,1072
01/31/2014,DTW,MI,AGL,CE,Towers with Radar,618,489,20,0,1127,0,0,0,0,0,618,489,20,0,1127,0,0,0,1127
02/01/2014,DTW,MI,AGL,CE,Towers with Radar,424,285,2,0,711,0,0,0,0,0,424,285,2,0,711,0,0,0,711
02/02/2014,DTW,MI,AGL,CE,Towers with Radar,418,266,19,0,703,0,0,0,0,0,418,266,19,0,703,0,0,0,703
02/03/2014,DTW,MI,AGL,CE,Towers with Radar,591,459,18,0,1068,0,0,6,0,6,591,459,24,0,1074,0,0,0,1074
02/04/2014,DTW,MI,AGL,CE,Towers with Radar,592,429,17,2,1040,0,0,0,0,0,592,429,17,2,1040,0,0,0,1040
02/05/2014,DTW,MI,AGL,CE,Towers with Radar,577,371,19,0,967,0,0,2,0,2,577,371,21,0,969,0,0,0,969
02/06/2014,DTW,MI,AGL,CE,Towers with Radar,637,456,20,0,1113,0,0,2,0,2,637,456,22,0,1115,0,0,0,1115
02/07/2014,DTW,MI,AGL,CE,Towers with Radar,650,477,11,0,1138,0,0,0,0,0,650,477,11,0,1138,0,0,0,1138
02/08/2014,DTW,MI,AGL,CE,Towers with Radar,443,277,4,0,724,0,0,0,0,0,443,277,4,0,724,0,0,0,724
02/09/2014,DTW,MI,AGL,CE,Towers with Radar,570,410,11,0,991,0,0,0,0,0,570,410,11,0,991,0,0,0,991
02/10/2014,DTW,MI,AGL,CE,Towers with Radar,633,473,16,0,1122,0,0,0,0,0,633,473,16,0,1122,0,0,0,1122
02/11/2014,DTW,MI,AGL,CE,Towers with Radar,608,458,24,0,1090,0,2,0,0,2,608,460,24,0,1092,0,0,0,1092
02/12/2014,DTW,MI,AGL,CE,Towers with Radar,584,449,30,0,1063,0,1,4,0,5,584,450,34,0,1068,0,0,0,1068
02/13/2014,DTW,MI,AGL,CE,Towers with Radar,562,378,20,0,960,0,0,2,0,2,562,378,22,0,962,0,0,0,962
02/14/2014,DTW,MI,AGL,CE,Towers with Radar,641,457,26,0,1124,0,0,3,0,3,641,457,29,0,1127,0,0,0,1127
02/15/2014,DTW,MI,AGL,CE,Towers with Radar,486,255,12,0,753,0,0,0,0,0,486,255,12,0,753,0,0,0,753
02/16/2014,DTW,MI,AGL,CE,Towers with Radar,493,262,6,0,761,0,1,0,0,1,493,263,6,0,762,0,0,0,762
02/17/2014,DTW,MI,AGL,CE,Towers with Radar,637,431,17,0,1085,0,0,0,0,0,637,431,17,0,1085,0,0,0,1085
02/18/2014,DTW,MI,AGL,CE,Towers with Radar,639,430,20,0,1089,0,0,0,0,0,639,430,20,0,1089,0,0,0,1089
02/19/2014,DTW,MI,AGL,CE,Towers with Radar,654,460,6,0,1120,0,0,0,0,0,654,460,6,0,1120,0,0,0,1120
02/20/2014,DTW,MI,AGL,CE,Towers with Radar,665,425,15,0,1105,0,0,0,0,0,665,425,15,0,1105,0,0,0,1105
02/21/2014,DTW,MI,AGL,CE,Towers with Radar,650,426,14,0,1090,0,0,0,0,0,650,426,14,0,1090,0,0,0,1090
02/22/2014,DTW,MI,AGL,CE,Towers with Radar,481,266,14,2,763,0,0,0,0,0,481,266,14,2,763,0,0,0,763
02/23/2014,DTW,MI,AGL,CE,Towers with Radar,610,429,15,0,1054,0,0,0,0,0,610,429,15,0,1054,0,0,0,1054
02/24/2014,DTW,MI,AGL,CE,Towers with Radar,664,479,5,2,1150,0,0,5,1,6,664,479,10,3,1156,0,0,0,1156
02/25/2014,DTW,MI,AGL,CE,Towers with Radar,631,458,19,1,1109,0,0,2,2,4,631,458,21,3,1113,0,0,0,1113
02/26/2014,DTW,MI,AGL,CE,Towers with Radar,650,467,13,0,1130,0,0,0,0,0,650,467,13,0,1130,0,0,0,1130
02/27/2014,DTW,MI,AGL,CE,Towers with Radar,669,459,20,0,1148,0,1,3,0,4,669,460,23,0,1152,0,0,0,1152
02/28/2014,DTW,MI,AGL,CE,Towers with Radar,679,479,20,0,1178,0,0,3,0,3,679,479,23,0,1181,0,0,0,1181
03/01/2014,DTW,MI,AGL,CE,Towers with Radar,484,265,8,0,757,0,0,0,0,0,484,265,8,0,757,0,0,0,757
03/02/2014,DTW,MI,AGL,CE,Towers with Radar,626,393,10,0,1029,0,0,3,0,3,626,393,13,0,1032,0,0,0,1032
03/03/2014,DTW,MI,AGL,CE,Towers with Radar,662,454,22,0,1138,0,0,0,0,0,662,454,22,0,1138,0,0,0,1138
03/04/2014,DTW,MI,AGL,CE,Towers with Radar,684,466,18,0,1168,0,0,0,0,0,684,466,18,0,1168,0,0,0,1168
03/05/2014,DTW,MI,AGL,CE,Towers with Radar,692,476,13,0,1181,0,0,0,0,0,692,476,13,0,1181,0,0,0,1181
03/06/2014,DTW,MI,AGL,CE,Towers with Radar,696,490,9,0,1195,0,0,2,2,4,696,490,11,2,1199,0,0,0,1199
03/07/2014,DTW,MI,AGL,CE,Towers with Radar,709,474,14,2,1199,0,0,3,0,3,709,474,17,2,1202,0,0,0,1202
03/08/2014,DTW,MI,AGL,CE,Towers with Radar,508,291,7,0,806,0,0,0,0,0,508,291,7,0,806,0,0,0,806
03/09/2014,DTW,MI,AGL,CE,Towers with Radar,655,421,13,0,1089,0,0,3,0,3,655,421,16,0,1092,0,0,0,1092
03/10/2014,DTW,MI,AGL,CE,Towers with Radar,704,485,17,0,1206,0,0,2,0,2,704,485,19,0,1208,0,0,0,1208
03/11/2014,DTW,MI,AGL,CE,Towers with Radar,696,468,20,0,1184,0,0,0,0,0,696,468,20,0,1184,0,0,0,1184
03/12/2014,DTW,MI,AGL,CE,Towers with Radar,624,287,11,0,922,0,0,0,0,0,624,287,11,0,922,0,0,0,922
03/13/2014,DTW,MI,AGL,CE,Towers with Radar,709,469,25,0,1203,0,0,2,0,2,709,469,27,0,1205,0,0,0,1205
03/14/2014,DTW,MI,AGL,CE,Towers with Radar,719,488,17,0,1224,0,0,0,0,0,719,488,17,0,1224,0,0,0,1224
03/15/2014,DTW,MI,AGL,CE,Towers with Radar,515,291,11,0,817,0,0,0,0,0,515,291,11,0,817,0,0,0,817
03/16/2014,DTW,MI,AGL,CE,Towers with Radar,659,414,5,0,1078,0,0,0,0,0,659,414,5,0,1078,0,0,0,1078
03/17/2014,DTW,MI,AGL,CE,Towers with Radar,697,469,16,0,1182,0,0,2,0,2,697,469,18,0,1184,0,0,0,1184
03/18/2014,DTW,MI,AGL,CE,Towers with Radar,705,455,26,0,1186,0,0,0,0,0,705,455,26,0,1186,0,0,0,1186
03/19/2014,DTW,MI,AGL,CE,Towers with Radar,718,472,19,0,1209,0,0,0,0,0,718,472,19,0,1209,0,0,0,1209
03/20/2014,DTW,MI,AGL,CE,Towers with Radar,715,484,19,2,1220,0,0,2,0,2,715,484,21,2,1222,0,0,0,1222
03/21/2014,DTW,MI,AGL,CE,Towers with Radar,714,483,15,0,1212,0,0,2,0,2,714,483,17,0,1214,0,0,0,1214
03/22/2014,DTW,MI,AGL,CE,Towers with Radar,513,275,6,0,794,0,0,0,0,0,513,275,6,0,794,0,0,0,794
03/23/2014,DTW,MI,AGL,CE,Towers with Radar,672,400,6,0,1078,0,0,2,0,2,672,400,8,0,1080,0,0,0,1080
03/24/2014,DTW,MI,AGL,CE,Towers with Radar,708,485,8,0,1201,0,0,1,0,1,708,485,9,0,1202,0,0,0,1202
03/25/2014,DTW,MI,AGL,CE,Towers with Radar,694,448,25,0,1167,0,0,0,0,0,694,448,25,0,1167,0,0,0,1167
03/26/2014,DTW,MI,AGL,CE,Towers with Radar,714,463,16,0,1193,0,0,3,0,3,714,463,19,0,1196,0,0,0,1196
03/27/2014,DTW,MI,AGL,CE,Towers with Radar,695,486,16,0,1197,0,0,0,0,0,695,486,16,0,1197,0,0,0,1197
03/28/2014,DTW,MI,AGL,CE,Towers with Radar,715,475,20,0,1210,0,0,0,0,0,715,475,20,0,1210,0,0,0,1210
03/29/2014,DTW,MI,AGL,CE,Towers with Radar,510,287,11,0,808,0,0,1,0,1,510,287,12,0,809,0,0,0,809
03/30/2014,DTW,MI,AGL,CE,Towers with Radar,662,406,13,2,1083,0,0,1,0,1,662,406,14,2,1084,0,0,0,1084
03/31/2014,DTW,MI,AGL,CE,Towers with Radar,711,493,17,0,1221,0,0,2,2,4,711,493,19,2,1225,0,0,0,1225
04/01/2014,DTW,MI,AGL,CE,Towers with Radar,709,459,18,1,1187,0,0,0,0,0,709,459,18,1,1187,0,0,0,1187
04/02/2014,DTW,MI,AGL,CE,Towers with Radar,697,471,17,1,1186,0,0,3,0,3,697,471,20,1,1189,0,0,0,1189
04/03/2014,DTW,MI,AGL,CE,Towers with Radar,705,474,24,2,1205,0,0,0,0,0,705,474,24,2,1205,0,0,0,1205
04/04/2014,DTW,MI,AGL,CE,Towers with Radar,721,457,12,0,1190,0,0,0,0,0,721,457,12,0,1190,0,0,0,1190
04/05/2014,DTW,MI,AGL,CE,Towers with Radar,516,275,10,0,801,0,0,2,0,2,516,275,12,0,803,0,0,0,803
04/06/2014,DTW,MI,AGL,CE,Towers with Radar,663,420,13,0,1096,0,0,5,0,5,663,420,18,0,1101,0,0,0,1101
04/07/2014,DTW,MI,AGL,CE,Towers with Radar,702,458,24,0,1184,0,0,0,0,0,702,458,24,0,1184,0,0,0,1184
04/08/2014,DTW,MI,AGL,CE,Towers with Radar,696,457,72,13,1238,0,0,2,0,2,696,457,74,13,1240,0,0,0,1240
04/09/2014,DTW,MI,AGL,CE,Towers with Radar,708,471,10,0,1189,0,0,4,0,4,708,471,14,0,1193,0,0,0,1193
04/10/2014,DTW,MI,AGL,CE,Towers with Radar,712,475,24,10,1221,0,0,3,0,3,712,475,27,10,1224,0,0,0,1224
04/11/2014,DTW,MI,AGL,CE,Towers with Radar,707,476,27,0,1210,0,0,0,0,0,707,476,27,0,1210,0,0,0,1210
04/12/2014,DTW,MI,AGL,CE,Towers with Radar,520,269,9,0,798,0,0,0,0,0,520,269,9,0,798,0,0,0,798
04/13/2014,DTW,MI,AGL,CE,Towers with Radar,648,418,10,0,1076,0,1,0,0,1,648,419,10,0,1077,0,0,0,1077
04/14/2014,DTW,MI,AGL,CE,Towers with Radar,700,466,26,0,1192,0,0,0,0,0,700,466,26,0,1192,0,0,0,1192
04/15/2014,DTW,MI,AGL,CE,Towers with Radar,686,449,16,0,1151,0,0,1,0,1,686,449,17,0,1152,0,0,0,1152
04/16/2014,DTW,MI,AGL,CE,Towers with Radar,716,466,9,0,1191,0,1,1,0,2,716,467,10,0,1193,0,0,0,1193
04/17/2014,DTW,MI,AGL,CE,Towers with Radar,705,470,20,0,1195,0,0,4,0,4,705,470,24,0,1199,0,0,0,1199
04/18/2014,DTW,MI,AGL,CE,Towers with Radar,652,420,30,2,1104,0,0,2,0,2,652,420,32,2,1106,0,0,0,1106
04/19/2014,DTW,MI,AGL,CE,Towers with Radar,475,255,7,0,737,0,0,2,0,2,475,255,9,0,739,0,0,0,739
04/20/2014,DTW,MI,AGL,CE,Towers with Radar,517,273,14,0,804,0,0,0,0,0,517,273,14,0,804,0,0,0,804
04/21/2014,DTW,MI,AGL,CE,Towers with Radar,706,497,16,0,1219,0,0,0,0,0,706,497,16,0,1219,0,0,0,1219
04/22/2014,DTW,MI,AGL,CE,Towers with Radar,701,460,12,2,1175,0,1,3,0,4,701,461,15,2,1179,0,0,0,1179
04/23/2014,DTW,MI,AGL,CE,Towers with Radar,707,474,19,0,1200,0,0,2,0,2,707,474,21,0,1202,0,0,0,1202
04/24/2014,DTW,MI,AGL,CE,Towers with Radar,716,473,14,0,1203,0,0,10,0,10,716,473,24,0,1213,0,0,0,1213
04/25/2014,DTW,MI,AGL,CE,Towers with Radar,714,473,13,0,1200,0,0,0,0,0,714,473,13,0,1200,0,0,0,1200
04/26/2014,DTW,MI,AGL,CE,Towers with Radar,503,265,12,3,783,0,0,2,0,2,503,265,14,3,785,0,0,0,785
04/27/2014,DTW,MI,AGL,CE,Towers with Radar,648,422,9,0,1079,0,0,2,0,2,648,422,11,0,1081,0,0,0,1081
04/28/2014,DTW,MI,AGL,CE,Towers with Radar,701,467,20,0,1188,0,0,0,0,0,701,467,20,0,1188,0,0,0,1188
04/29/2014,DTW,MI,AGL,CE,Towers with Radar,704,450,17,0,1171,0,0,0,0,0,704,450,17,0,1171,0,0,0,1171
04/30/2014,DTW,MI,AGL,CE,Towers with Radar,698,455,25,6,1184,0,0,2,0,2,698,455,27,6,1186,0,0,0,1186
05/01/2014,DTW,MI,AGL,CE,Towers with Radar,694,467,21,2,1184,0,0,2,0,2,694,467,23,2,1186,0,0,0,1186
05/02/2014,DTW,MI,AGL,CE,Towers with Radar,731,464,23,1,1219,0,0,0,0,0,731,464,23,1,1219,0,0,0,1219
05/03/2014,DTW,MI,AGL,CE,Towers with Radar,498,281,6,0,785,0,0,0,0,0,498,281,6,0,785,0,0,0,785
05/04/2014,DTW,MI,AGL,CE,Towers with Radar,676,397,13,1,1087,0,0,0,0,0,676,397,13,1,1087,0,0,0,1087
05/05/2014,DTW,MI,AGL,CE,Towers with Radar,719,444,22,0,1185,0,0,0,0,0,719,444,22,0,1185,0,0,0,1185
05/06/2014,DTW,MI,AGL,CE,Towers with Radar,727,452,23,1,1203,0,0,4,0,4,727,452,27,1,1207,0,0,0,1207
05/07/2014,DTW,MI,AGL,CE,Towers with Radar,727,462,14,0,1203,0,0,0,0,0,727,462,14,0,1203,0,0,0,1203
05/08/2014,DTW,MI,AGL,CE,Towers with Radar,725,457,23,1,1206,0,0,2,0,2,725,457,25,1,1208,0,0,0,1208
05/09/2014,DTW,MI,AGL,CE,Towers with Radar,732,453,26,0,1211,0,0,0,0,0,732,453,26,0,1211,0,0,0,1211
05/10/2014,DTW,MI,AGL,CE,Towers with Radar,495,271,5,1,772,0,0,6,0,6,495,271,11,1,778,0,0,0,778
05/11/2014,DTW,MI,AGL,CE,Towers with Radar,659,337,15,0,1011,0,0,0,0,0,659,337,15,0,1011,0,0,0,1011
05/12/2014,DTW,MI,AGL,CE,Towers with Radar,678,399,17,0,1094,0,0,0,0,0,678,399,17,0,1094,0,0,0,1094
05/13/2014,DTW,MI,AGL,CE,Towers with Radar,715,406,7,2,1130,0,0,0,0,0,715,406,7,2,1130,0,0,0,1130
05/14/2014,DTW,MI,AGL,CE,Towers with Radar,728,445,13,0,1186,0,0,0,0,0,728,445,13,0,1186,0,0,0,1186
05/15/2014,DTW,MI,AGL,CE,Towers with Radar,735,449,24,2,1210,0,0,0,0,0,735,449,24,2,1210,0,0,0,1210
05/16/2014,DTW,MI,AGL,CE,Towers with Radar,723,444,15,2,1184,0,0,0,2,2,723,444,15,4,1186,0,0,0,1186
05/17/2014,DTW,MI,AGL,CE,Towers with Radar,508,278,6,0,792,0,0,9,0,9,508,278,15,0,801,0,0,0,801
05/18/2014,DTW,MI,AGL,CE,Towers with Radar,675,404,8,0,1087,0,0,0,0,0,675,404,8,0,1087,0,0,0,1087
05/19/2014,DTW,MI,AGL,CE,Towers with Radar,719,460,24,0,1203,0,0,3,0,3,719,460,27,0,1206,0,0,0,1206
05/20/2014,DTW,MI,AGL,CE,Towers with Radar,721,460,21,3,1205,0,0,0,0,0,721,460,21,3,1205,0,0,0,1205
05/21/2014,DTW,MI,AGL,CE,Towers with Radar,738,450,23,4,1215,0,0,0,0,0,738,450,23,4,1215,0,0,0,1215
05/22/2014,DTW,MI,AGL,CE,Towers with Radar,731,450,32,2,1215,0,0,10,0,10,731,450,42,2,1225,0,0,0,1225
05/23/2014,DTW,MI,AGL,CE,Towers with Radar,737,454,16,0,1207,0,0,6,0,6,737,454,22,0,1213,0,0,0,1213
05/24/2014,DTW,MI,AGL,CE,Towers with Radar,508,272,4,0,784,0,0,8,0,8,508,272,12,0,792,0,0,0,792
05/25/2014,DTW,MI,AGL,CE,Towers with Radar,488,229,2,0,719,0,0,2,0,2,488,229,4,0,721,0,0,0,721
05/26/2014,DTW,MI,AGL,CE,Towers with Radar,664,427,10,0,1101,0,0,4,0,4,664,427,14,0,1105,0,0,0,1105
05/27/2014,DTW,MI,AGL,CE,Towers with Radar,710,439,13,1,1163,0,0,0,0,0,710,439,13,1,1163,0,0,0,1163
05/28/2014,DTW,MI,AGL,CE,Towers with Radar,735,448,22,0,1205,0,0,0,0,0,735,448,22,0,1205,0,0,0,1205
05/29/2014,DTW,MI,AGL,CE,Towers with Radar,721,465,20,0,1206,0,0,5,0,5,721,465,25,0,1211,0,0,0,1211
05/30/2014,DTW,MI,AGL,CE,Towers with Radar,744,464,5,1,1214,0,0,5,0,5,744,464,10,1,1219,0,0,0,1219
05/31/2014,DTW,MI,AGL,CE,Towers with Radar,499,283,10,0,792,1,0,4,0,5,500,283,14,0,797,0,0,0,797
06/01/2014,DTW,MI,AGL,CE,Towers with Radar,682,402,16,0,1100,0,0,2,0,2,682,402,18,0,1102,0,0,0,1102
06/02/2014,DTW,MI,AGL,CE,Towers with Radar,725,458,12,0,1195,0,0,0,0,0,725,458,12,0,1195,0,0,0,1195
06/03/2014,DTW,MI,AGL,CE,Towers with Radar,730,433,19,0,1182,0,0,8,0,8,730,433,27,0,1190,0,0,0,1190
06/04/2014,DTW,MI,AGL,CE,Towers with Radar,731,450,17,0,1198,0,0,3,0,3,731,450,20,0,1201,0,0,0,1201
06/05/2014,DTW,MI,AGL,CE,Towers with Radar,750,474,19,0,1243,0,0,2,0,2,750,474,21,0,1245,0,0,0,1245
06/06/2014,DTW,MI,AGL,CE,Towers with Radar,737,489,23,0,1249,0,0,3,1,4,737,489,26,1,1253,0,0,0,1253
06/07/2014,DTW,MI,AGL,CE,Towers with Radar,525,300,9,0,834,0,0,0,0,0,525,300,9,0,834,0,0,0,834
06/08/2014,DTW,MI,AGL,CE,Towers with Radar,690,408,12,0,1110,0,0,3,0,3,690,408,15,0,1113,0,0,0,1113
06/09/2014,DTW,MI,AGL,CE,Towers with Radar,730,463,16,0,1209,0,0,4,0,4,730,463,20,0,1213,0,0,0,1213
06/10/2014,DTW,MI,AGL,CE,Towers with Radar,736,445,24,0,1205,0,0,1,0,1,736,445,25,0,1206,0,0,0,1206
06/11/2014,DTW,MI,AGL,CE,Towers with Radar,722,446,30,0,1198,0,0,0,0,0,722,446,30,0,1198,0,0,0,1198
06/12/2014,DTW,MI,AGL,CE,Towers with Radar,745,457,27,2,1231,0,0,1,0,1,745,457,28,2,1232,0,0,0,1232
06/13/2014,DTW,MI,AGL,CE,Towers with Radar,710,458,22,1,1191,0,0,7,0,7,710,458,29,1,1198,0,0,0,1198
06/14/2014,DTW,MI,AGL,CE,Towers with Radar,533,299,6,0,838,0,0,2,0,2,533,299,8,0,840,0,0,0,840
06/15/2014,DTW,MI,AGL,CE,Towers with Radar,703,400,13,0,1116,0,0,1,0,1,703,400,14,0,1117,0,0,0,1117
06/16/2014,DTW,MI,AGL,CE,Towers with Radar,729,466,27,0,1222,0,0,4,0,4,729,466,31,0,1226,0,0,0,1226
06/17/2014,DTW,MI,AGL,CE,Towers with Radar,739,451,11,0,1201,0,0,1,0,1,739,451,12,0,1202,0,0,0,1202
06/18/2014,DTW,MI,AGL,CE,Towers with Radar,712,380,25,0,1117,0,0,2,0,2,712,380,27,0,1119,0,0,0,1119
06/19/2014,DTW,MI,AGL,CE,Towers with Radar,758,464,15,0,1237,0,0,2,0,2,758,464,17,0,1239,0,0,0,1239
06/20/2014,DTW,MI,AGL,CE,Towers with Radar,744,457,12,0,1213,0,0,4,0,4,744,457,16,0,1217,0,0,0,1217
06/21/2014,DTW,MI,AGL,CE,Towers with Radar,552,292,6,0,850,0,0,0,0,0,552,292,6,0,850,0,0,0,850
06/22/2014,DTW,MI,AGL,CE,Towers with Radar,703,430,10,0,1143,0,0,4,0,4,703,430,14,0,1147,0,0,0,1147
06/23/2014,DTW,MI,AGL,CE,Towers with Radar,732,477,18,0,1227,0,0,7,0,7,732,477,25,0,1234,0,0,0,1234
06/24/2014,DTW,MI,AGL,CE,Towers with Radar,747,444,14,0,1205,0,0,0,0,0,747,444,14,0,1205,0,0,0,1205
06/25/2014,DTW,MI,AGL,CE,Towers with Radar,742,442,23,0,1207,0,0,1,0,1,742,442,24,0,1208,0,0,0,1208
06/26/2014,DTW,MI,AGL,CE,Towers with Radar,754,469,20,0,1243,0,0,1,0,1,754,469,21,0,1244,0,0,0,1244
06/27/2014,DTW,MI,AGL,CE,Towers with Radar,750,478,15,0,1243,0,0,2,0,2,750,478,17,0,1245,0,0,0,1245
06/28/2014,DTW,MI,AGL,CE,Towers with Radar,531,298,9,0,838,0,0,4,0,4,531,298,13,0,842,0,0,0,842
06/29/2014,DTW,MI,AGL,CE,Towers with Radar,555,286,10,0,851,0,0,1,0,1,555,286,11,0,852,0,0,0,852
06/30/2014,DTW,MI,AGL,CE,Towers with Radar,570,315,24,0,909,0,0,0,0,0,570,315,24,0,909,0,0,0,909
07/01/2014,DTW,MI,AGL,CE,Towers with Radar,605,290,13,0,908,0,0,2,0,2,605,290,15,0,910,0,0,0,910
07/02/2014,DTW,MI,AGL,CE,Towers with Radar,727,445,27,0,1199,0,0,9,0,9,727,445,36,0,1208,0,0,0,1208
07/03/2014,DTW,MI,AGL,CE,Towers with Radar,711,459,16,0,1186,0,0,6,0,6,711,459,22,0,1192,0,0,0,1192
07/04/2014,DTW,MI,AGL,CE,Towers with Radar,479,217,6,0,702,0,0,2,0,2,479,217,8,0,704,0,0,0,704
07/05/2014,DTW,MI,AGL,CE,Towers with Radar,498,245,3,0,746,0,0,0,0,0,498,245,3,0,746,0,0,0,746
07/06/2014,DTW,MI,AGL,CE,Towers with Radar,699,432,12,0,1143,0,0,9,0,9,699,432,21,0,1152,0,0,0,1152
07/07/2014,DTW,MI,AGL,CE,Towers with Radar,738,472,20,0,1230,0,5,0,0,5,738,477,20,0,1235,0,0,0,1235
07/08/2014,DTW,MI,AGL,CE,Towers with Radar,748,425,15,0,1188,0,2,1,0,3,748,427,16,0,1191,0,0,0,1191
07/09/2014,DTW,MI,AGL,CE,Towers with Radar,750,463,12,0,1225,0,0,12,0,12,750,463,24,0,1237,0,0,0,1237
07/10/2014,DTW,MI,AGL,CE,Towers with Radar,755,481,17,0,1253,0,1,3,0,4,755,482,20,0,1257,0,0,0,1257
07/11/2014,DTW,MI,AGL,CE,Towers with Radar,754,481,12,0,1247,0,3,10,0,13,754,484,22,0,1260,0,0,0,1260
07/12/2014,DTW,MI,AGL,CE,Towers with Radar,527,286,11,0,824,0,0,15,0,15,527,286,26,0,839,0,0,0,839
07/13/2014,DTW,MI,AGL,CE,Towers with Radar,701,413,11,0,1125,0,0,7,0,7,701,413,18,0,1132,0,0,0,1132
07/14/2014,DTW,MI,AGL,CE,Towers with Radar,738,462,19,0,1219,0,0,3,2,5,738,462,22,2,1224,0,0,0,1224
07/15/2014,DTW,MI,AGL,CE,Towers with Radar,743,425,30,0,1198,0,0,1,0,1,743,425,31,0,1199,0,0,0,1199
07/16/2014,DTW,MI,AGL,CE,Towers with Radar,750,441,18,1,1210,0,0,1,0,1,750,441,19,1,1211,0,0,0,1211
07/17/2014,DTW,MI,AGL,CE,Towers with Radar,755,476,36,1,1268,0,0,4,2,6,755,476,40,3,1274,0,0,0,1274
07/18/2014,DTW,MI,AGL,CE,Towers with Radar,758,488,17,0,1263,0,0,8,0,8,758,488,25,0,1271,0,0,0,1271
07/19/2014,DTW,MI,AGL,CE,Towers with Radar,527,291,10,0,828,0,0,12,0,12,527,291,22,0,840,0,0,0,840
07/20/2014,DTW,MI,AGL,CE,Towers with Radar,696,437,20,0,1153,0,0,3,0,3,696,437,23,0,1156,0,0,0,1156
07/21/2014,DTW,MI,AGL,CE,Towers with Radar,733,467,17,0,1217,0,0,0,0,0,733,467,17,0,1217,0,0,0,1217
07/22/2014,DTW,MI,AGL,CE,Towers with Radar,756,440,21,0,1217,0,0,6,0,6,756,440,27,0,1223,0,0,0,1223
07/23/2014,DTW,MI,AGL,CE,Towers with Radar,744,447,27,0,1218,0,0,0,0,0,744,447,27,0,1218,0,0,0,1218
07/24/2014,DTW,MI,AGL,CE,Towers with Radar,753,484,24,0,1261,0,0,6,0,6,753,484,30,0,1267,0,0,0,1267
07/25/2014,DTW,MI,AGL,CE,Towers with Radar,766,471,24,0,1261,0,0,11,0,11,766,471,35,0,1272,0,0,0,1272
07/26/2014,DTW,MI,AGL,CE,Towers with Radar,529,286,7,0,822,0,0,6,0,6,529,286,13,0,828,0,0,0,828
07/27/2014,DTW,MI,AGL,CE,Towers with Radar,615,309,6,0,930,0,0,0,0,0,615,309,6,0,930,0,0,0,930
07/28/2014,DTW,MI,AGL,CE,Towers with Radar,768,463,12,0,1243,0,0,10,0,10,768,463,22,0,1253,0,0,0,1253
07/29/2014,DTW,MI,AGL,CE,Towers with Radar,753,443,12,0,1208,0,0,13,0,13,753,443,25,0,1221,0,0,0,1221
07/30/2014,DTW,MI,AGL,CE,Towers with Radar,754,451,13,1,1219,0,0,14,0,14,754,451,27,1,1233,0,0,0,1233
07/31/2014,DTW,MI,AGL,CE,Towers with Radar,761,475,18,0,1254,0,0,0,0,0,761,475,18,0,1254,0,0,0,1254
08/01/2014,DTW,MI,AGL,CE,Towers with Radar,764,465,10,0,1239,1,0,0,0,1,765,465,10,0,1240,0,0,0,1240
08/02/2014,DTW,MI,AGL,CE,Towers with Radar,542,281,7,0,830,0,0,2,0,2,542,281,9,0,832,0,0,0,832
08/03/2014,DTW,MI,AGL,CE,Towers with Radar,707,422,10,0,1139,0,0,3,0,3,707,422,13,0,1142,0,0,0,1142
08/04/2014,DTW,MI,AGL,CE,Towers with Radar,744,451,19,0,1214,0,0,2,0,2,744,451,21,0,1216,0,0,0,1216
08/05/2014,DTW,MI,AGL,CE,Towers with Radar,775,430,14,0,1219,0,0,14,0,14,775,430,28,0,1233,0,0,0,1233
08/06/2014,DTW,MI,AGL,CE,Towers with Radar,761,448,17,0,1226,0,0,0,0,0,761,448,17,0,1226,0,0,0,1226
08/07/2014,DTW,MI,AGL,CE,Towers with Radar,781,458,12,0,1251,0,0,5,0,5,781,458,17,0,1256,0,0,0,1256
08/08/2014,DTW,MI,AGL,CE,Towers with Radar,758,454,22,0,1234,0,1,3,0,4,758,455,25,0,1238,0,0,0,1238
08/09/2014,DTW,MI,AGL,CE,Towers with Radar,545,289,8,0,842,0,0,2,0,2,545,289,10,0,844,0,0,0,844
08/10/2014,DTW,MI,AGL,CE,Towers with Radar,711,416,14,0,1141,0,0,9,0,9,711,416,23,0,1150,0,0,0,1150
08/11/2014,DTW,MI,AGL,CE,Towers with Radar,755,447,27,2,1231,0,0,0,0,0,755,447,27,2,1231,0,0,0,1231
08/12/2014,DTW,MI,AGL,CE,Towers with Radar,751,417,17,0,1185,0,0,0,0,0,751,417,17,0,1185,0,0,0,1185
08/13/2014,DTW,MI,AGL,CE,Towers with Radar,765,432,14,0,1211,0,0,2,0,2,765,432,16,0,1213,0,0,0,1213
08/14/2014,DTW,MI,AGL,CE,Towers with Radar,779,467,23,0,1269,0,0,3,0,3,779,467,26,0,1272,0,0,0,1272
08/15/2014,DTW,MI,AGL,CE,Towers with Radar,759,463,17,0,1239,0,0,9,0,9,759,463,26,0,1248,0,0,0,1248
08/16/2014,DTW,MI,AGL,CE,Towers with Radar,538,283,2,0,823,0,1,0,0,1,538,284,2,0,824,0,0,0,824
08/17/2014,DTW,MI,AGL,CE,Towers with Radar,708,420,16,0,1144,0,0,0,0,0,708,420,16,0,1144,0,0,0,1144
08/18/2014,DTW,MI,AGL,CE,Towers with Radar,761,445,29,0,1235,0,0,8,0,8,761,445,37,0,1243,0,0,0,1243
08/19/2014,DTW,MI,AGL,CE,Towers with Radar,742,372,28,0,1142,0,0,1,0,1,742,372,29,0,1143,0,0,0,1143
08/20/2014,DTW,MI,AGL,CE,Towers with Radar,759,413,17,0,1189,0,0,0,0,0,759,413,17,0,1189,0,0,0,1189
08/21/2014,DTW,MI,AGL,CE,Towers with Radar,760,433,22,0,1215,0,0,1,0,1,760,433,23,0,1216,0,0,0,1216
08/22/2014,DTW,MI,AGL,CE,Towers with Radar,783,426,19,0,1228,0,0,1,0,1,783,426,20,0,1229,0,0,0,1229
08/23/2014,DTW,MI,AGL,CE,Towers with Radar,573,225,5,0,803,0,0,0,0,0,573,225,5,0,803,0,0,0,803
08/24/2014,DTW,MI,AGL,CE,Towers with Radar,733,361,11,0,1105,0,0,0,0,0,733,361,11,0,1105,0,0,0,1105
08/25/2014,DTW,MI,AGL,CE,Towers with Radar,771,401,16,0,1188,0,0,0,0,0,771,401,16,0,1188,0,0,0,1188
08/26/2014,DTW,MI,AGL,CE,Towers with Radar,759,381,17,0,1157,0,0,3,0,3,759,381,20,0,1160,0,0,0,1160
08/27/2014,DTW,MI,AGL,CE,Towers with Radar,767,413,21,0,1201,0,0,6,0,6,767,413,27,0,1207,0,0,0,1207
08/28/2014,DTW,MI,AGL,CE,Towers with Radar,777,421,24,0,1222,0,0,4,0,4,777,421,28,0,1226,0,0,0,1226
08/29/2014,DTW,MI,AGL,CE,Towers with Radar,789,414,13,1,1217,0,1,5,0,6,789,415,18,1,1223,0,0,0,1223
08/30/2014,DTW,MI,AGL,CE,Towers with Radar,532,222,0,0,754,0,0,0,0,0,532,222,0,0,754,0,0,0,754
08/31/2014,DTW,MI,AGL,CE,Towers with Radar,529,186,4,1,720,0,0,0,0,0,529,186,4,1,720,0,0,0,720
09/01/2014,DTW,MI,AGL,CE,Towers with Radar,721,354,13,1,1089,0,0,0,0,0,721,354,13,1,1089,0,0,0,1089
09/02/2014,DTW,MI,AGL,CE,Towers with Radar,719,405,21,0,1145,0,0,2,0,2,719,405,23,0,1147,0,0,0,1147
09/03/2014,DTW,MI,AGL,CE,Towers with Radar,583,296,24,0,903,0,0,4,0,4,583,296,28,0,907,0,0,0,907
09/04/2014,DTW,MI,AGL,CE,Towers with Radar,576,307,17,0,900,0,0,1,0,1,576,307,18,0,901,0,0,0,901
09/05/2014,DTW,MI,AGL,CE,Towers with Radar,578,295,12,0,885,0,0,2,0,2,578,295,14,0,887,0,0,0,887
09/06/2014,DTW,MI,AGL,CE,Towers with Radar,516,237,5,0,758,0,0,0,0,0,516,237,5,0,758,0,0,0,758
09/07/2014,DTW,MI,AGL,CE,Towers with Radar,706,378,14,0,1098,0,0,3,0,3,706,378,17,0,1101,0,0,0,1101
09/08/2014,DTW,MI,AGL,CE,Towers with Radar,756,423,24,0,1203,0,2,2,0,4,756,425,26,0,1207,0,0,0,1207
09/09/2014,DTW,MI,AGL,CE,Towers with Radar,727,411,21,0,1159,0,0,4,0,4,727,411,25,0,1163,0,0,0,1163
09/10/2014,DTW,MI,AGL,CE,Towers with Radar,741,414,18,0,1173,0,0,5,0,5,741,414,23,0,1178,0,0,0,1178
09/11/2014,DTW,MI,AGL,CE,Towers with Radar,757,435,21,0,1213,0,0,10,0,10,757,435,31,0,1223,0,0,0,1223
09/12/2014,DTW,MI,AGL,CE,Towers with Radar,753,425,14,0,1192,0,0,5,0,5,753,425,19,0,1197,0,0,0,1197
09/13/2014,DTW,MI,AGL,CE,Towers with Radar,523,231,31,0,785,0,0,13,0,13,523,231,44,0,798,0,0,0,798
09/14/2014,DTW,MI,AGL,CE,Towers with Radar,702,383,11,0,1096,0,0,1,0,1,702,383,12,0,1097,0,0,0,1097
09/15/2014,DTW,MI,AGL,CE,Towers with Radar,749,419,21,0,1189,0,0,0,0,0,749,419,21,0,1189,0,0,0,1189
09/16/2014,DTW,MI,AGL,CE,Towers with Radar,723,403,23,0,1149,0,0,1,0,1,723,403,24,0,1150,0,0,0,1150
09/17/2014,DTW,MI,AGL,CE,Towers with Radar,740,415,17,0,1172,0,0,2,0,2,740,415,19,0,1174,0,0,0,1174
09/18/2014,DTW,MI,AGL,CE,Towers with Radar,756,425,23,0,1204,0,0,18,0,18,756,425,41,0,1222,0,0,0,1222
09/19/2014,DTW,MI,AGL,CE,Towers with Radar,754,423,16,0,1193,0,0,15,0,15,754,423,31,0,1208,0,0,0,1208
09/20/2014,DTW,MI,AGL,CE,Towers with Radar,521,231,8,0,760,0,0,0,0,0,521,231,8,0,760,0,0,0,760
09/21/2014,DTW,MI,AGL,CE,Towers with Radar,691,391,14,0,1096,0,0,0,0,0,691,391,14,0,1096,0,0,0,1096
09/22/2014,DTW,MI,AGL,CE,Towers with Radar,746,430,11,0,1187,0,0,2,0,2,746,430,13,0,1189,0,0,0,1189
09/23/2014,DTW,MI,AGL,CE,Towers with Radar,721,407,35,0,1163,0,0,3,0,3,721,407,38,0,1166,0,0,0,1166
09/24/2014,DTW,MI,AGL,CE,Towers with Radar,744,420,20,0,1184,0,0,0,0,0,744,420,20,0,1184,0,0,0,1184
09/25/2014,DTW,MI,AGL,CE,Towers with Radar,751,437,30,0,1218,0,0,0,0,0,751,437,30,0,1218,0,0,0,1218
09/26/2014,DTW,MI,AGL,CE,Towers with Radar,700,384,31,0,1115,2,1,5,0,8,702,385,36,0,1123,0,0,0,1123
09/27/2014,DTW,MI,AGL,CE,Towers with Radar,513,234,6,0,753,0,3,6,0,9,513,237,12,0,762,0,0,0,762
09/28/2014,DTW,MI,AGL,CE,Towers with Radar,688,375,11,0,1074,3,0,0,0,3,691,375,11,0,1077,0,0,0,1077
09/29/2014,DTW,MI,AGL,CE,Towers with Radar,737,416,15,0,1168,2,3,1,0,6,739,419,16,0,1174,0,0,0,1174
09/30/2014,DTW,MI,AGL,CE,Towers with Radar,721,406,17,0,1144,0,3,0,0,3,721,409,17,0,1147,0,0,0,1147
10/01/2014,DTW,MI,AGL,CE,Towers with Radar,731,424,20,0,1175,0,2,0,0,2,731,426,20,0,1177,0,0,0,1177
10/02/2014,DTW,MI,AGL,CE,Towers with Radar,736,424,19,0,1179,1,0,0,0,1,737,424,19,0,1180,0,0,0,1180
10/03/2014,DTW,MI,AGL,CE,Towers with Radar,745,429,16,1,1191,0,1,0,0,1,745,430,16,1,1192,0,0,0,1192
10/04/2014,DTW,MI,AGL,CE,Towers with Radar,521,239,8,0,768,0,0,0,0,0,521,239,8,0,768,0,0,0,768
10/05/2014,DTW,MI,AGL,CE,Towers with Radar,697,383,12,1,1093,1,0,2,0,3,698,383,14,1,1096,0,0,0,1096
10/06/2014,DTW,MI,AGL,CE,Towers with Radar,726,432,24,0,1182,0,2,0,0,2,726,434,24,0,1184,0,0,0,1184
10/07/2014,DTW,MI,AGL,CE,Towers with Radar,720,409,18,0,1147,0,1,0,0,1,720,410,18,0,1148,0,0,0,1148
10/08/2014,DTW,MI,AGL,CE,Towers with Radar,734,422,9,0,1165,0,2,0,0,2,734,424,9,0,1167,0,0,0,1167
10/09/2014,DTW,MI,AGL,CE,Towers with Radar,751,434,15,0,1200,1,2,8,0,11,752,436,23,0,1211,0,0,0,1211
10/10/2014,DTW,MI,AGL,CE,Towers with Radar,747,424,5,2,1178,0,2,0,0,2,747,426,5,2,1180,0,0,0,1180
10/11/2014,DTW,MI,AGL,CE,Towers with Radar,527,240,8,0,775,0,0,7,0,7,527,240,15,0,782,0,0,0,782
10/12/2014,DTW,MI,AGL,CE,Towers with Radar,704,382,8,0,1094,0,0,5,0,5,704,382,13,0,1099,0,0,0,1099
10/13/2014,DTW,MI,AGL,CE,Towers with Radar,737,426,8,0,1171,0,0,0,0,0,737,426,8,0,1171,0,0,0,1171
10/14/2014,DTW,MI,AGL,CE,Towers with Radar,721,396,9,0,1126,0,0,0,0,0,721,396,9,0,1126,0,0,0,1126
10/15/2014,DTW,MI,AGL,CE,Towers with Radar,731,418,17,0,1166,0,0,2,0,2,731,418,19,0,1168,0,0,0,1168
10/16/2014,DTW,MI,AGL,CE,Towers with Radar,751,420,7,0,1178,0,0,2,0,2,751,420,9,0,1180,0,0,0,1180
10/17/2014,DTW,MI,AGL,CE,Towers with Radar,737,435,7,0,1179,0,0,0,0,0,737,435,7,0,1179,0,0,0,1179
10/18/2014,DTW,MI,AGL,CE,Towers with Radar,535,227,13,0,775,0,0,0,0,0,535,227,13,0,775,0,0,0,775
10/19/2014,DTW,MI,AGL,CE,Towers with Radar,683,390,15,0,1088,0,0,0,0,0,683,390,15,0,1088,0,0,0,1088
10/20/2014,DTW,MI,AGL,CE,Towers with Radar,734,432,18,0,1184,0,0,1,0,1,734,432,19,0,1185,0,0,0,1185
10/21/2014,DTW,MI,AGL,CE,Towers with Radar,708,413,9,0,1130,0,0,0,0,0,708,413,9,0,1130,0,0,0,1130
10/22/2014,DTW,MI,AGL,CE,Towers with Radar,722,421,18,0,1161,0,0,2,0,2,722,421,20,0,1163,0,0,0,1163
10/23/2014,DTW,MI,AGL,CE,Towers with Radar,742,431,22,1,1196,0,0,1,0,1,742,431,23,1,1197,0,0,0,1197
10/24/2014,DTW,MI,AGL,CE,Towers with Radar,754,427,17,0,1198,0,0,3,0,3,754,427,20,0,1201,0,0,0,1201
10/25/2014,DTW,MI,AGL,CE,Towers with Radar,518,240,8,0,766,0,0,0,0,0,518,240,8,0,766,0,0,0,766
10/26/2014,DTW,MI,AGL,CE,Towers with Radar,694,392,10,0,1096,0,0,0,0,0,694,392,10,0,1096,0,0,0,1096
10/27/2014,DTW,MI,AGL,CE,Towers with Radar,747,420,11,0,1178,0,0,0,0,0,747,420,11,0,1178,0,0,0,1178
10/28/2014,DTW,MI,AGL,CE,Towers with Radar,602,301,13,1,917,0,0,0,1,1,602,301,13,2,918,0,0,0,918
10/29/2014,DTW,MI,AGL,CE,Towers with Radar,596,315,24,2,937,0,0,4,2,6,596,315,28,4,943,0,0,0,943
10/30/2014,DTW,MI,AGL,CE,Towers with Radar,610,319,16,0,945,0,0,0,0,0,610,319,16,0,945,0,0,0,945
10/31/2014,DTW,MI,AGL,CE,Towers with Radar,593,296,6,1,896,0,0,0,0,0,593,296,6,1,896,0,0,0,896
11/01/2014,DTW,MI,AGL,CE,Towers with Radar,505,236,7,2,750,0,0,4,3,7,505,236,11,5,757,0,0,0,757
11/02/2014,DTW,MI,AGL,CE,Towers with Radar,703,343,7,2,1055,0,0,4,0,4,703,343,11,2,1059,0,0,0,1059
11/03/2014,DTW,MI,AGL,CE,Towers with Radar,753,400,12,0,1165,0,0,3,0,3,753,400,15,0,1168,0,0,0,1168
11/04/2014,DTW,MI,AGL,CE,Towers with Radar,597,298,6,0,901,0,0,0,0,0,597,298,6,0,901,0,0,0,901
11/05/2014,DTW,MI,AGL,CE,Towers with Radar,755,397,16,0,1168,0,0,0,0,0,755,397,16,0,1168,0,0,0,1168
11/06/2014,DTW,MI,AGL,CE,Towers with Radar,759,392,15,0,1166,0,0,0,0,0,759,392,15,0,1166,0,0,0,1166
11/07/2014,DTW,MI,AGL,CE,Towers with Radar,776,409,10,0,1195,0,0,0,0,0,776,409,10,0,1195,0,0,0,1195
11/08/2014,DTW,MI,AGL,CE,Towers with Radar,521,232,4,0,757,0,0,0,0,0,521,232,4,0,757,0,0,0,757
11/09/2014,DTW,MI,AGL,CE,Towers with Radar,718,354,4,0,1076,0,0,2,0,2,718,354,6,0,1078,0,0,0,1078
11/10/2014,DTW,MI,AGL,CE,Towers with Radar,751,394,10,0,1155,0,0,2,0,2,751,394,12,0,1157,0,0,0,1157
11/11/2014,DTW,MI,AGL,CE,Towers with Radar,757,379,11,0,1147,0,0,0,0,0,757,379,11,0,1147,0,0,0,1147
11/12/2014,DTW,MI,AGL,CE,Towers with Radar,758,394,22,0,1174,0,0,0,0,0,758,394,22,0,1174,0,0,0,1174
11/13/2014,DTW,MI,AGL,CE,Towers with Radar,781,392,6,0,1179,0,0,0,0,0,781,392,6,0,1179,0,0,0,1179
11/14/2014,DTW,MI,AGL,CE,Towers with Radar,779,399,13,0,1191,0,0,0,0,0,779,399,13,0,1191,0,0,0,1191
11/15/2014,DTW,MI,AGL,CE,Towers with Radar,528,233,6,0,767,0,0,4,0,4,528,233,10,0,771,0,0,0,771
11/16/2014,DTW,MI,AGL,CE,Towers with Radar,707,350,9,0,1066,0,0,0,0,0,707,350,9,0,1066,0,0,0,1066
11/17/2014,DTW,MI,AGL,CE,Towers with Radar,748,386,13,0,1147,0,0,0,0,0,748,386,13,0,1147,0,0,0,1147
11/18/2014,DTW,MI,AGL,CE,Towers with Radar,757,377,12,0,1146,0,0,0,0,0,757,377,12,0,1146,0,0,0,1146
11/19/2014,DTW,MI,AGL,CE,Towers with Radar,764,385,15,0,1164,0,0,0,0,0,764,385,15,0,1164,0,0,0,1164
11/20/2014,DTW,MI,AGL,CE,Towers with Radar,771,402,23,0,1196,0,0,0,0,0,771,402,23,0,1196,0,0,0,1196
11/21/2014,DTW,MI,AGL,CE,Towers with Radar,775,402,17,0,1194,0,0,1,0,1,775,402,18,0,1195,0,0,0,1195
11/22/2014,DTW,MI,AGL,CE,Towers with Radar,517,228,5,0,750,0,0,0,0,0,517,228,5,0,750,0,0,0,750
11/23/2014,DTW,MI,AGL,CE,Towers with Radar,542,233,12,0,787,0,0,0,0,0,542,233,12,0,787,0,0,0,787
11/24/2014,DTW,MI,AGL,CE,Towers with Radar,572,272,14,0,858,0,0,0,0,0,572,272,14,0,858,0,0,0,858
11/25/2014,DTW,MI,AGL,CE,Towers with Radar,740,415,21,0,1176,0,0,0,0,0,740,415,21,0,1176,0,0,0,1176
11/26/2014,DTW,MI,AGL,CE,Towers with Radar,761,371,15,0,1147,0,0,0,0,0,761,371,15,0,1147,0,0,0,1147
11/27/2014,DTW,MI,AGL,CE,Towers with Radar,422,187,4,0,613,0,0,0,0,0,422,187,4,0,613,0,0,0,613
11/28/2014,DTW,MI,AGL,CE,Towers with Radar,511,211,4,0,726,0,0,4,0,4,511,211,8,0,730,0,0,0,730
11/29/2014,DTW,MI,AGL,CE,Towers with Radar,732,373,5,0,1110,0,0,4,0,4,732,373,9,0,1114,0,0,0,1114
11/30/2014,DTW,MI,AGL,CE,Towers with Radar,774,391,15,0,1180,0,0,0,0,0,774,391,15,0,1180,0,0,0,1180
12/01/2014,DTW,MI,AGL,CE,Towers with Radar,778,404,5,0,1187,0,0,2,0,2,778,404,7,0,1189,0,0,0,1189
12/02/2014,DTW,MI,AGL,CE,Towers with Radar,722,333,9,0,1064,0,0,0,0,0,722,333,9,0,1064,0,0,0,1064
12/03/2014,DTW,MI,AGL,CE,Towers with Radar,737,331,20,0,1088,0,0,0,0,0,737,331,20,0,1088,0,0,0,1088
12/04/2014,DTW,MI,AGL,CE,Towers with Radar,757,339,19,0,1115,0,0,0,0,0,757,339,19,0,1115,0,0,0,1115
12/05/2014,DTW,MI,AGL,CE,Towers with Radar,765,339,20,0,1124,0,0,0,0,0,765,339,20,0,1124,0,0,0,1124
12/06/2014,DTW,MI,AGL,CE,Towers with Radar,524,196,7,0,727,0,0,0,0,0,524,196,7,0,727,0,0,0,727
12/07/2014,DTW,MI,AGL,CE,Towers with Radar,684,299,7,0,990,0,0,2,0,2,684,299,9,0,992,0,0,0,992
12/08/2014,DTW,MI,AGL,CE,Towers with Radar,743,333,8,0,1084,0,0,0,0,0,743,333,8,0,1084,0,0,0,1084
12/09/2014,DTW,MI,AGL,CE,Towers with Radar,714,329,16,0,1059,0,0,0,0,0,714,329,16,0,1059,0,0,0,1059
12/10/2014,DTW,MI,AGL,CE,Towers with Radar,736,336,29,0,1101,0,0,0,0,0,736,336,29,0,1101,0,0,0,1101
12/11/2014,DTW,MI,AGL,CE,Towers with Radar,769,342,26,0,1137,0,0,0,0,0,769,342,26,0,1137,0,0,0,1137
12/12/2014,DTW,MI,AGL,CE,Towers with Radar,764,345,16,0,1125,0,0,0,0,0,764,345,16,0,1125,0,0,0,1125
12/13/2014,DTW,MI,AGL,CE,Towers with Radar,524,197,6,0,727,0,0,2,0,2,524,197,8,0,729,0,0,0,729
12/14/2014,DTW,MI,AGL,CE,Towers with Radar,690,283,4,0,977,0,0,8,0,8,690,283,12,0,985,0,0,0,985
12/15/2014,DTW,MI,AGL,CE,Towers with Radar,747,338,14,0,1099,0,0,2,0,2,747,338,16,0,1101,0,0,0,1101
12/16/2014,DTW,MI,AGL,CE,Towers with Radar,736,312,14,0,1062,0,0,0,0,0,736,312,14,0,1062,0,0,0,1062
12/17/2014,DTW,MI,AGL,CE,Towers with Radar,750,340,16,0,1106,0,0,5,0,5,750,340,21,0,1111,0,0,0,1111
12/18/2014,DTW,MI,AGL,CE,Towers with Radar,760,346,12,0,1118,0,0,1,0,1,760,346,13,0,1119,0,0,0,1119
12/19/2014,DTW,MI,AGL,CE,Towers with Radar,743,369,5,0,1117,0,0,3,0,3,743,369,8,0,1120,0,0,0,1120
12/20/2014,DTW,MI,AGL,CE,Towers with Radar,641,376,2,0,1019,0,0,0,0,0,641,376,2,0,1019,0,0,0,1019
12/21/2014,DTW,MI,AGL,CE,Towers with Radar,654,390,6,0,1050,0,0,0,0,0,654,390,6,0,1050,0,0,0,1050
12/22/2014,DTW,MI,AGL,CE,Towers with Radar,660,323,8,0,991,0,0,0,0,0,660,323,8,0,991,0,0,0,991
12/23/2014,DTW,MI,AGL,CE,Towers with Radar,640,324,5,0,969,0,0,0,0,0,640,324,5,0,969,0,0,0,969
12/24/2014,DTW,MI,AGL,CE,Towers with Radar,499,210,5,0,714,0,0,0,0,0,499,210,5,0,714,0,0,0,714
12/25/2014,DTW,MI,AGL,CE,Towers with Radar,424,206,7,0,637,0,0,0,0,0,424,206,7,0,637,0,0,0,637
12/26/2014,DTW,MI,AGL,CE,Towers with Radar,668,388,4,0,1060,0,0,0,0,0,668,388,4,0,1060,0,0,0,1060
12/27/2014,DTW,MI,AGL,CE,Towers with Radar,615,387,12,0,1014,0,0,0,0,0,615,387,12,0,1014,0,0,0,1014
12/28/2014,DTW,MI,AGL,CE,Towers with Radar,650,387,10,0,1047,0,0,0,0,0,650,387,10,0,1047,0,0,0,1047
12/29/2014,DTW,MI,AGL,CE,Towers with Radar,635,318,9,0,962,0,0,0,0,0,635,318,9,0,962,0,0,0,962
12/30/2014,DTW,MI,AGL,CE,Towers with Radar,642,315,7,0,964,0,0,2,0,2,642,315,9,0,966,0,0,0,966
12/31/2014,DTW,MI,AGL,CE,Towers with Radar,482,234,2,0,718,0,0,0,0,0,482,234,2,0,718,0,0,0,718
01/01/2015,DTW,MI,AGL,CE,Towers with Radar,469,225,2,0,696,0,0,2,0,2,469,225,4,0,698,0,0,0,698
01/02/2015,DTW,MI,AGL,CE,Towers with Radar,671,359,10,0,1040,0,0,2,0,2,671,359,12,0,1042,0,0,0,1042
01/03/2015,DTW,MI,AGL,CE,Towers with Radar,616,334,5,0,955,0,0,0,0,0,616,334,5,0,955,0,0,0,955
01/04/2015,DTW,MI,AGL,CE,Towers with Radar,656,335,7,2,1000,0,0,0,0,0,656,335,7,2,1000,0,0,0,1000
01/05/2015,DTW,MI,AGL,CE,Towers with Radar,700,346,7,0,1053,0,0,0,0,0,700,346,7,0,1053,0,0,0,1053
01/06/2015,DTW,MI,AGL,CE,Towers with Radar,664,307,15,1,987,0,0,2,0,2,664,307,17,1,989,0,0,0,989
01/07/2015,DTW,MI,AGL,CE,Towers with Radar,664,331,10,1,1006,0,0,0,0,0,664,331,10,1,1006,0,0,0,1006
01/08/2015,DTW,MI,AGL,CE,Towers with Radar,690,355,9,2,1056,0,0,0,0,0,690,355,9,2,1056,0,0,0,1056
01/09/2015,DTW,MI,AGL,CE,Towers with Radar,696,368,8,0,1072,0,0,0,0,0,696,368,8,0,1072,0,0,0,1072
01/10/2015,DTW,MI,AGL,CE,Towers with Radar,489,192,7,0,688,0,0,2,0,2,489,192,9,0,690,0,0,0,690
01/11/2015,DTW,MI,AGL,CE,Towers with Radar,620,306,28,0,954,0,0,0,0,0,620,306,28,0,954,0,0,0,954
01/12/2015,DTW,MI,AGL,CE,Towers with Radar,692,360,33,0,1085,0,0,0,0,0,692,360,33,0,1085,0,0,0,1085
01/13/2015,DTW,MI,AGL,CE,Towers with Radar,669,338,27,0,1034,0,0,4,0,4,669,338,31,0,1038,0,0,0,1038
01/14/2015,DTW,MI,AGL,CE,Towers with Radar,666,340,20,0,1026,0,0,0,0,0,666,340,20,0,1026,0,0,0,1026
01/15/2015,DTW,MI,AGL,CE,Towers with Radar,702,364,18,0,1084,0,2,0,0,2,702,366,18,0,1086,0,0,0,1086
01/16/2015,DTW,MI,AGL,CE,Towers with Radar,708,375,27,0,1110,0,0,0,0,0,708,375,27,0,1110,0,0,0,1110
01/17/2015,DTW,MI,AGL,CE,Towers with Radar,460,180,14,0,654,0,0,2,0,2,460,180,16,0,656,0,0,0,656
01/18/2015,DTW,MI,AGL,CE,Towers with Radar,490,204,3,0,697,0,0,0,0,0,490,204,3,0,697,0,0,0,697
01/19/2015,DTW,MI,AGL,CE,Towers with Radar,703,372,15,0,1090,0,0,0,0,0,703,372,15,0,1090,0,0,0,1090
01/20/2015,DTW,MI,AGL,CE,Towers with Radar,661,329,21,0,1011,0,0,0,0,0,661,329,21,0,1011,0,0,0,1011
01/21/2015,DTW,MI,AGL,CE,Towers with Radar,676,352,12,0,1040,0,0,0,0,0,676,352,12,0,1040,0,0,0,1040
01/22/2015,DTW,MI,AGL,CE,Towers with Radar,714,363,12,0,1089,0,1,0,0,1,714,364,12,0,1090,0,0,0,1090
01/23/2015,DTW,MI,AGL,CE,Towers with Radar,698,371,13,0,1082,0,0,0,0,0,698,371,13,0,1082,0,0,0,1082
01/24/2015,DTW,MI,AGL,CE,Towers with Radar,495,197,10,0,702,0,0,0,0,0,495,197,10,0,702,0,0,0,702
01/25/2015,DTW,MI,AGL,CE,Towers with Radar,633,301,7,0,941,0,0,3,0,3,633,301,10,0,944,0,0,0,944
01/26/2015,DTW,MI,AGL,CE,Towers with Radar,665,347,16,0,1028,0,0,0,0,0,665,347,16,0,1028,0,0,0,1028
01/27/2015,DTW,MI,AGL,CE,Towers with Radar,586,286,11,2,885,0,0,2,0,2,586,286,13,2,887,0,0,0,887
01/28/2015,DTW,MI,AGL,CE,Towers with Radar,653,329,22,0,1004,0,0,4,0,4,653,329,26,0,1008,0,0,0,1008
01/29/2015,DTW,MI,AGL,CE,Towers with Radar,713,351,12,0,1076,0,0,0,0,0,713,351,12,0,1076,0,0,0,1076
01/30/2015,DTW,MI,AGL,CE,Towers with Radar,707,370,8,1,1086,0,0,2,0,2,707,370,10,1,1088,0,0,0,1088
01/31/2015,DTW,MI,AGL,CE,Towers with Radar,465,168,13,0,646,0,0,0,0,0,465,168,13,0,646,0,0,0,646
02/01/2015,DTW,MI,AGL,CE,Towers with Radar,379,74,0,0,453,0,0,0,0,0,379,74,0,0,453,0,0,0,453
02/02/2015,DTW,MI,AGL,CE,Towers with Radar,561,210,15,0,786,0,0,4,0,4,561,210,19,0,790,0,0,0,790
02/03/2015,DTW,MI,AGL,CE,Towers with Radar,675,316,14,0,1005,0,0,0,0,0,675,316,14,0,1005,0,0,0,1005
02/04/2015,DTW,MI,AGL,CE,Towers with Radar,680,325,22,0,1027,0,0,2,0,2,680,325,24,0,1029,0,0,0,1029
02/05/2015,DTW,MI,AGL,CE,Towers with Radar,711,347,23,0,1081,0,0,13,0,13,711,347,36,0,1094,0,0,0,1094
02/06/2015,DTW,MI,AGL,CE,Towers with Radar,719,343,11,0,1073,0,0,0,0,0,719,343,11,0,1073,0,0,0,1073
02/07/2015,DTW,MI,AGL,CE,Towers with Radar,506,171,4,0,681,0,0,0,0,0,506,171,4,0,681,0,0,0,681
02/08/2015,DTW,MI,AGL,CE,Towers with Radar,623,276,11,0,910,0,0,0,0,0,623,276,11,0,910,0,0,0,910
02/09/2015,DTW,MI,AGL,CE,Towers with Radar,670,345,14,0,1029,0,0,3,0,3,670,345,17,0,1032,0,0,0,1032
02/10/2015,DTW,MI,AGL,CE,Towers with Radar,676,325,13,0,1014,0,0,2,0,2,676,325,15,0,1016,0,0,0,1016
02/11/2015,DTW,MI,AGL,CE,Towers with Radar,679,340,12,0,1031,0,0,0,0,0,679,340,12,0,1031,0,0,0,1031
02/12/2015,DTW,MI,AGL,CE,Towers with Radar,724,343,12,0,1079,0,0,0,0,0,724,343,12,0,1079,0,0,0,1079
02/13/2015,DTW,MI,AGL,CE,Towers with Radar,746,342,21,0,1109,0,0,0,0,0,746,342,21,0,1109,0,0,0,1109
02/14/2015,DTW,MI,AGL,CE,Towers with Radar,538,163,4,0,705,0,0,0,0,0,538,163,4,0,705,0,0,0,705
02/15/2015,DTW,MI,AGL,CE,Towers with Radar,523,186,5,0,714,0,0,2,0,2,523,186,7,0,716,0,0,0,716
02/16/2015,DTW,MI,AGL,CE,Towers with Radar,699,307,13,0,1019,0,0,0,0,0,699,307,13,0,1019,0,0,0,1019
02/17/2015,DTW,MI,AGL,CE,Towers with Radar,731,289,20,0,1040,0,0,0,0,0,731,289,20,0,1040,0,0,0,1040
02/18/2015,DTW,MI,AGL,CE,Towers with Radar,754,324,34,0,1112,0,1,0,0,1,754,325,34,0,1113,0,0,0,1113
02/19/2015,DTW,MI,AGL,CE,Towers with Radar,761,340,29,0,1130,0,0,0,0,0,761,340,29,0,1130,0,0,0,1130
02/20/2015,DTW,MI,AGL,CE,Towers with Radar,756,321,14,0,1091,0,0,1,0,1,756,321,15,0,1092,0,0,0,1092
02/21/2015,DTW,MI,AGL,CE,Towers with Radar,523,177,13,0,713,0,0,4,0,4,523,177,17,0,717,0,0,0,717
02/22/2015,DTW,MI,AGL,CE,Towers with Radar,669,284,10,0,963,0,0,2,0,2,669,284,12,0,965,0,0,0,965
02/23/2015,DTW,MI,AGL,CE,Towers with Radar,747,325,16,0,1088,0,0,6,0,6,747,325,22,0,1094,0,0,0,1094
02/24/2015,DTW,MI,AGL,CE,Towers with Radar,742,302,13,0,1057,0,0,3,0,3,742,302,16,0,1060,0,0,0,1060
02/25/2015,DTW,MI,AGL,CE,Towers with Radar,749,331,21,0,1101,0,0,1,0,1,749,331,22,0,1102,0,0,0,1102
02/26/2015,DTW,MI,AGL,CE,Towers with Radar,753,322,22,0,1097,0,0,2,0,2,753,322,24,0,1099,0,0,0,1099
02/27/2015,DTW,MI,AGL,CE,Towers with Radar,781,329,20,0,1130,0,0,0,0,0,781,329,20,0,1130,0,0,0,1130
02/28/2015,DTW,MI,AGL,CE,Towers with Radar,539,178,8,0,725,0,0,0,0,0,539,178,8,0,725,0,0,0,725
03/01/2015,DTW,MI,AGL,CE,Towers with Radar,652,268,7,0,927,0,0,0,0,0,652,268,7,0,927,0,0,0,927
03/02/2015,DTW,MI,AGL,CE,Towers with Radar,779,323,11,0,1113,0,0,1,0,1,779,323,12,0,1114,0,0,0,1114
03/03/2015,DTW,MI,AGL,CE,Towers with Radar,755,270,24,0,1049,0,0,0,0,0,755,270,24,0,1049,0,0,0,1049
03/04/2015,DTW,MI,AGL,CE,Towers with Radar,782,281,16,0,1079,0,0,2,0,2,782,281,18,0,1081,0,0,0,1081
03/05/2015,DTW,MI,AGL,CE,Towers with Radar,734,293,24,0,1051,0,0,0,0,0,734,293,24,0,1051,0,0,0,1051
03/06/2015,DTW,MI,AGL,CE,Towers with Radar,793,307,12,0,1112,0,0,0,0,0,793,307,12,0,1112,0,0,0,1112
03/07/2015,DTW,MI,AGL,CE,Towers with Radar,622,206,7,0,835,0,0,3,0,3,622,206,10,0,838,0,0,0,838
03/08/2015,DTW,MI,AGL,CE,Towers with Radar,749,288,4,0,1041,0,0,0,0,0,749,288,4,0,1041,0,0,0,1041
03/09/2015,DTW,MI,AGL,CE,Towers with Radar,797,336,18,0,1151,0,0,4,0,4,797,336,22,0,1155,0,0,0,1155
03/10/2015,DTW,MI,AGL,CE,Towers with Radar,788,298,11,0,1097,0,0,2,0,2,788,298,13,0,1099,0,0,0,1099
03/11/2015,DTW,MI,AGL,CE,Towers with Radar,790,303,15,0,1108,0,0,3,0,3,790,303,18,0,1111,0,0,0,1111
03/12/2015,DTW,MI,AGL,CE,Towers with Radar,790,344,8,0,1142,0,0,1,0,1,790,344,9,0,1143,0,0,0,1143
03/13/2015,DTW,MI,AGL,CE,Towers with Radar,807,332,20,0,1159,0,1,0,0,1,807,333,20,0,1160,0,0,0,1160
03/14/2015,DTW,MI,AGL,CE,Towers with Radar,602,209,10,0,821,0,0,0,0,0,602,209,10,0,821,0,0,0,821
03/15/2015,DTW,MI,AGL,CE,Towers with Radar,744,287,14,0,1045,0,0,4,0,4,744,287,18,0,1049,0,0,0,1049
03/16/2015,DTW,MI,AGL,CE,Towers with Radar,797,328,10,0,1135,0,0,3,0,3,797,328,13,0,1138,0,0,0,1138
03/17/2015,DTW,MI,AGL,CE,Towers with Radar,781,287,7,0,1075,0,0,0,0,0,781,287,7,0,1075,0,0,0,1075
03/18/2015,DTW,MI,AGL,CE,Towers with Radar,789,288,17,0,1094,0,0,6,0,6,789,288,23,0,1100,0,0,0,1100
03/19/2015,DTW,MI,AGL,CE,Towers with Radar,804,324,18,0,1146,0,0,4,0,4,804,324,22,0,1150,0,0,0,1150
03/20/2015,DTW,MI,AGL,CE,Towers with Radar,792,316,5,0,1113,0,0,0,0,0,792,316,5,0,1113,0,0,0,1113
03/21/2015,DTW,MI,AGL,CE,Towers with Radar,598,202,1,0,801,0,0,0,0,0,598,202,1,0,801,0,0,0,801
03/22/2015,DTW,MI,AGL,CE,Towers with Radar,746,298,4,0,1048,0,0,0,0,0,746,298,4,0,1048,0,0,0,1048
03/23/2015,DTW,MI,AGL,CE,Towers with Radar,784,329,6,0,1119,0,0,4,0,4,784,329,10,0,1123,0,0,0,1123
03/24/2015,DTW,MI,AGL,CE,Towers with Radar,793,290,16,0,1099,0,0,0,0,0,793,290,16,0,1099,0,0,0,1099
03/25/2015,DTW,MI,AGL,CE,Towers with Radar,788,292,14,0,1094,0,0,0,0,0,788,292,14,0,1094,0,0,0,1094
03/26/2015,DTW,MI,AGL,CE,Towers with Radar,794,324,21,0,1139,0,0,0,0,0,794,324,21,0,1139,0,0,0,1139
03/27/2015,DTW,MI,AGL,CE,Towers with Radar,809,327,17,0,1153,0,0,0,0,0,809,327,17,0,1153,0,0,0,1153
03/28/2015,DTW,MI,AGL,CE,Towers with Radar,600,200,10,0,810,0,0,6,0,6,600,200,16,0,816,0,0,0,816
03/29/2015,DTW,MI,AGL,CE,Towers with Radar,745,287,11,0,1043,0,0,0,0,0,745,287,11,0,1043,0,0,0,1043
03/30/2015,DTW,MI,AGL,CE,Towers with Radar,792,331,6,0,1129,0,0,2,0,2,792,331,8,0,1131,0,0,0,1131
03/31/2015,DTW,MI,AGL,CE,Towers with Radar,786,283,29,0,1098,0,0,0,0,0,786,283,29,0,1098,0,0,0,1098
04/01/2015,DTW,MI,AGL,CE,Towers with Radar,795,291,17,2,1105,0,1,3,0,4,795,292,20,2,1109,0,0,0,1109
04/02/2015,DTW,MI,AGL,CE,Towers with Radar,799,333,6,0,1138,0,0,0,0,0,799,333,6,0,1138,0,0,0,1138
04/03/2015,DTW,MI,AGL,CE,Towers with Radar,729,328,13,0,1070,0,0,0,0,0,729,328,13,0,1070,0,0,0,1070
04/04/2015,DTW,MI,AGL,CE,Towers with Radar,564,156,7,1,728,0,0,0,0,0,564,156,7,1,728,0,0,0,728
04/05/2015,DTW,MI,AGL,CE,Towers with Radar,615,224,5,0,844,0,0,0,0,0,615,224,5,0,844,0,0,0,844
04/06/2015,DTW,MI,AGL,CE,Towers with Radar,782,343,13,1,1139,0,1,3,0,4,782,344,16,1,1143,0,0,0,1143
04/07/2015,DTW,MI,AGL,CE,Towers with Radar,787,292,10,1,1090,0,0,0,0,0,787,292,10,1,1090,0,0,0,1090
04/08/2015,DTW,MI,AGL,CE,Towers with Radar,780,291,15,0,1086,0,0,0,0,0,780,291,15,0,1086,0,0,0,1086
04/09/2015,DTW,MI,AGL,CE,Towers with Radar,796,321,13,0,1130,0,0,0,0,0,796,321,13,0,1130,0,0,0,1130
04/10/2015,DTW,MI,AGL,CE,Towers with Radar,809,322,11,0,1142,0,0,0,0,0,809,322,11,0,1142,0,0,0,1142
04/11/2015,DTW,MI,AGL,CE,Towers with Radar,605,182,8,0,795,0,0,0,0,0,605,182,8,0,795,0,0,0,795
04/12/2015,DTW,MI,AGL,CE,Towers with Radar,763,272,15,0,1050,0,0,0,0,0,763,272,15,0,1050,0,0,0,1050
04/13/2015,DTW,MI,AGL,CE,Towers with Radar,801,316,19,0,1136,0,0,2,0,2,801,316,21,0,1138,0,0,0,1138
04/14/2015,DTW,MI,AGL,CE,Towers with Radar,793,282,19,0,1094,0,0,4,0,4,793,282,23,0,1098,0,0,0,1098
04/15/2015,DTW,MI,AGL,CE,Towers with Radar,798,279,18,0,1095,0,0,2,0,2,798,279,20,0,1097,0,0,0,1097
04/16/2015,DTW,MI,AGL,CE,Towers with Radar,798,302,17,0,1117,0,0,0,0,0,798,302,17,0,1117,0,0,0,1117
04/17/2015,DTW,MI,AGL,CE,Towers with Radar,803,314,19,0,1136,0,0,0,0,0,803,314,19,0,1136,0,0,0,1136
04/18/2015,DTW,MI,AGL,CE,Towers with Radar,576,178,9,0,763,0,0,16,0,16,576,178,25,0,779,0,0,0,779
04/19/2015,DTW,MI,AGL,CE,Towers with Radar,743,276,17,0,1036,0,0,0,2,2,743,276,17,2,1038,0,0,0,1038
04/20/2015,DTW,MI,AGL,CE,Towers with Radar,789,306,6,0,1101,0,0,0,0,0,789,306,6,0,1101,0,0,0,1101
04/21/2015,DTW,MI,AGL,CE,Towers with Radar,783,285,18,0,1086,0,0,0,0,0,783,285,18,0,1086,0,0,0,1086
04/22/2015,DTW,MI,AGL,CE,Towers with Radar,790,283,17,0,1090,0,0,0,0,0,790,283,17,0,1090,0,0,0,1090
04/23/2015,DTW,MI,AGL,CE,Towers with Radar,812,306,20,0,1138,0,0,9,0,9,812,306,29,0,1147,0,0,0,1147
04/24/2015,DTW,MI,AGL,CE,Towers with Radar,811,311,12,0,1134,0,0,0,0,0,811,311,12,0,1134,0,0,0,1134
04/25/2015,DTW,MI,AGL,CE,Towers with Radar,579,164,7,0,750,0,0,2,0,2,579,164,9,0,752,0,0,0,752
04/26/2015,DTW,MI,AGL,CE,Towers with Radar,762,271,16,0,1049,0,0,0,0,0,762,271,16,0,1049,0,0,0,1049
04/27/2015,DTW,MI,AGL,CE,Towers with Radar,799,304,22,1,1126,0,0,0,0,0,799,304,22,1,1126,0,0,0,1126
04/28/2015,DTW,MI,AGL,CE,Towers with Radar,795,281,20,1,1097,0,0,1,1,2,795,281,21,2,1099,0,0,0,1099
04/29/2015,DTW,MI,AGL,CE,Towers with Radar,795,268,18,0,1081,0,0,6,3,9,795,268,24,3,1090,0,0,0,1090
04/30/2015,DTW,MI,AGL,CE,Towers with Radar,828,299,15,0,1142,0,0,0,0,0,828,299,15,0,1142,0,0,0,1142
05/01/2015,DTW,MI,AGL,CE,Towers with Radar,815,307,6,1,1129,0,0,5,0,5,815,307,11,1,1134,0,0,0,1134
05/02/2015,DTW,MI,AGL,CE,Towers with Radar,572,176,1,2,751,0,0,1,0,1,572,176,2,2,752,0,0,0,752
05/03/2015,DTW,MI,AGL,CE,Towers with Radar,744,272,6,4,1026,0,0,10,6,16,744,272,16,10,1042,0,0,0,1042
05/04/2015,DTW,MI,AGL,CE,Towers with Radar,810,308,11,0,1129,0,0,8,0,8,810,308,19,0,1137,0,0,0,1137
05/05/2015,DTW,MI,AGL,CE,Towers with Radar,780,276,20,0,1076,0,0,0,0,0,780,276,20,0,1076,0,0,0,1076
05/06/2015,DTW,MI,AGL,CE,Towers with Radar,789,289,23,0,1101,0,0,1,0,1,789,289,24,0,1102,0,0,0,1102
05/07/2015,DTW,MI,AGL,CE,Towers with Radar,807,313,24,0,1144,0,0,4,0,4,807,313,28,0,1148,0,0,0,1148
05/08/2015,DTW,MI,AGL,CE,Towers with Radar,803,313,17,0,1133,0,0,4,0,4,803,313,21,0,1137,0,0,0,1137
05/09/2015,DTW,MI,AGL,CE,Towers with Radar,568,169,8,0,745,0,0,0,0,0,568,169,8,0,745,0,0,0,745
05/10/2015,DTW,MI,AGL,CE,Towers with Radar,726,267,12,0,1005,0,0,0,0,0,726,267,12,0,1005,0,0,0,1005
05/11/2015,DTW,MI,AGL,CE,Towers with Radar,810,304,17,2,1133,0,0,0,0,0,810,304,17,2,1133,0,0,0,1133
05/12/2015,DTW,MI,AGL,CE,Towers with Radar,798,284,28,0,1110,0,0,0,0,0,798,284,28,0,1110,0,0,0,1110
05/13/2015,DTW,MI,AGL,CE,Towers with Radar,800,294,11,0,1105,0,0,1,0,1,800,294,12,0,1106,0,0,0,1106
05/14/2015,DTW,MI,AGL,CE,Towers with Radar,819,314,11,1,1145,0,0,4,0,4,819,314,15,1,1149,0,0,0,1149
05/15/2015,DTW,MI,AGL,CE,Towers with Radar,812,313,7,0,1132,0,0,2,2,4,812,313,9,2,1136,0,0,0,1136
05/16/2015,DTW,MI,AGL,CE,Towers with Radar,586,172,13,0,771,0,0,0,0,0,586,172,13,0,771,0,0,0,771
05/17/2015,DTW,MI,AGL,CE,Towers with Radar,772,254,8,0,1034,0,0,0,0,0,772,254,8,0,1034,0,0,0,1034
05/18/2015,DTW,MI,AGL,CE,Towers with Radar,809,287,14,0,1110,0,0,0,0,0,809,287,14,0,1110,0,0,0,1110
05/19/2015,DTW,MI,AGL,CE,Towers with Radar,823,278,10,2,1113,0,0,0,0,0,823,278,10,2,1113,0,0,0,1113
05/20/2015,DTW,MI,AGL,CE,Towers with Radar,823,261,19,0,1103,0,0,1,0,1,823,261,20,0,1104,0,0,0,1104
05/21/2015,DTW,MI,AGL,CE,Towers with Radar,841,301,29,0,1171,0,0,0,0,0,841,301,29,0,1171,0,0,0,1171
05/22/2015,DTW,MI,AGL,CE,Towers with Radar,852,290,11,0,1153,0,0,4,0,4,852,290,15,0,1157,0,0,0,1157
05/23/2015,DTW,MI,AGL,CE,Towers with Radar,580,162,0,0,742,0,0,2,0,2,580,162,2,0,744,0,0,0,744
05/24/2015,DTW,MI,AGL,CE,Towers with Radar,575,171,7,0,753,0,0,2,0,2,575,171,9,0,755,0,0,0,755
05/25/2015,DTW,MI,AGL,CE,Towers with Radar,761,246,12,0,1019,0,0,1,0,1,761,246,13,0,1020,0,0,0,1020
05/26/2015,DTW,MI,AGL,CE,Towers with Radar,800,264,12,0,1076,0,0,0,0,0,800,264,12,0,1076,0,0,0,1076
05/27/2015,DTW,MI,AGL,CE,Towers with Radar,807,259,18,0,1084,0,0,2,0,2,807,259,20,0,1086,0,0,0,1086
05/28/2015,DTW,MI,AGL,CE,Towers with Radar,853,293,20,0,1166,0,0,4,0,4,853,293,24,0,1170,0,0,0,1170
05/29/2015,DTW,MI,AGL,CE,Towers with Radar,839,301,13,0,1153,0,0,1,0,1,839,301,14,0,1154,0,0,0,1154
05/30/2015,DTW,MI,AGL,CE,Towers with Radar,584,178,5,0,767,0,0,0,0,0,584,178,5,0,767,0,0,0,767
05/31/2015,DTW,MI,AGL,CE,Towers with Radar,766,243,9,0,1018,0,0,0,0,0,766,243,9,0,1018,0,0,0,1018
06/01/2015,DTW,MI,AGL,CE,Towers with Radar,835,278,14,0,1127,0,0,0,0,0,835,278,14,0,1127,0,0,0,1127
06/02/2015,DTW,MI,AGL,CE,Towers with Radar,828,248,19,2,1097,0,0,1,0,1,828,248,20,2,1098,0,0,0,1098
06/03/2015,DTW,MI,AGL,CE,Towers with Radar,840,246,7,0,1093,0,0,2,0,2,840,246,9,0,1095,0,0,0,1095
06/04/2015,DTW,MI,AGL,CE,Towers with Radar,868,273,32,0,1173,0,0,6,0,6,868,273,38,0,1179,0,0,0,1179
06/05/2015,DTW,MI,AGL,CE,Towers with Radar,867,273,15,0,1155,0,0,0,0,0,867,273,15,0,1155,0,0,0,1155
06/06/2015,DTW,MI,AGL,CE,Towers with Radar,625,200,6,0,831,0,0,0,0,0,625,200,6,0,831,0,0,0,831
06/07/2015,DTW,MI,AGL,CE,Towers with Radar,773,241,11,0,1025,0,0,3,0,3,773,241,14,0,1028,0,0,0,1028
06/08/2015,DTW,MI,AGL,CE,Towers with Radar,846,256,6,0,1108,0,0,0,0,0,846,256,6,0,1108,0,0,0,1108
06/09/2015,DTW,MI,AGL,CE,Towers with Radar,858,229,12,0,1099,0,0,5,0,5,858,229,17,0,1104,0,0,0,1104
06/10/2015,DTW,MI,AGL,CE,Towers with Radar,856,244,20,0,1120,0,0,1,6,7,856,244,21,6,1127,0,0,0,1127
06/11/2015,DTW,MI,AGL,CE,Towers with Radar,877,275,15,0,1167,0,0,2,0,2,877,275,17,0,1169,0,0,0,1169
06/12/2015,DTW,MI,AGL,CE,Towers with Radar,866,266,14,0,1146,0,0,0,0,0,866,266,14,0,1146,0,0,0,1146
06/13/2015,DTW,MI,AGL,CE,Towers with Radar,633,193,8,0,834,0,0,0,0,0,633,193,8,0,834,0,0,0,834
06/14/2015,DTW,MI,AGL,CE,Towers with Radar,757,225,14,0,996,0,0,2,0,2,757,225,16,0,998,0,0,0,998
06/15/2015,DTW,MI,AGL,CE,Towers with Radar,850,259,21,2,1132,0,0,0,0,0,850,259,21,2,1132,0,0,0,1132
06/16/2015,DTW,MI,AGL,CE,Towers with Radar,839,225,18,0,1082,0,0,5,0,5,839,225,23,0,1087,0,0,0,1087
06/17/2015,DTW,MI,AGL,CE,Towers with Radar,867,234,14,1,1116,0,0,3,0,3,867,234,17,1,1119,0,0,0,1119
06/18/2015,DTW,MI,AGL,CE,Towers with Radar,864,266,18,0,1148,0,0,0,0,0,864,266,18,0,1148,0,0,0,1148
06/19/2015,DTW,MI,AGL,CE,Towers with Radar,883,269,19,0,1171,0,0,6,0,6,883,269,25,0,1177,0,0,0,1177
06/20/2015,DTW,MI,AGL,CE,Towers with Radar,622,171,8,0,801,0,0,1,0,1,622,171,9,0,802,0,0,0,802
06/21/2015,DTW,MI,AGL,CE,Towers with Radar,787,244,9,0,1040,0,0,0,0,0,787,244,9,0,1040,0,0,0,1040
06/22/2015,DTW,MI,AGL,CE,Towers with Radar,854,273,14,0,1141,0,0,0,0,0,854,273,14,0,1141,0,0,0,1141
06/23/2015,DTW,MI,AGL,CE,Towers with Radar,846,240,13,0,1099,0,0,1,0,1,846,240,14,0,1100,0,0,0,1100
06/24/2015,DTW,MI,AGL,CE,Towers with Radar,858,240,20,0,1118,0,0,2,0,2,858,240,22,0,1120,0,0,0,1120
06/25/2015,DTW,MI,AGL,CE,Towers with Radar,879,273,19,0,1171,0,0,3,0,3,879,273,22,0,1174,0,0,0,1174
06/26/2015,DTW,MI,AGL,CE,Towers with Radar,869,274,14,0,1157,0,0,2,0,2,869,274,16,0,1159,0,0,0,1159
06/27/2015,DTW,MI,AGL,CE,Towers with Radar,625,185,6,0,816,0,0,0,0,0,625,185,6,0,816,0,0,0,816
06/28/2015,DTW,MI,AGL,CE,Towers with Radar,713,183,6,0,902,0,0,1,0,1,713,183,7,0,903,0,0,0,903
06/29/2015,DTW,MI,AGL,CE,Towers with Radar,777,195,27,0,999,0,0,1,0,1,777,195,28,0,1000,0,0,0,1000
06/30/2015,DTW,MI,AGL,CE,Towers with Radar,691,158,23,0,872,0,0,0,0,0,691,158,23,0,872,0,0,0,872
07/01/2015,DTW,MI,AGL,CE,Towers with Radar,853,268,11,0,1132,0,0,2,0,2,853,268,13,0,1134,0,0,0,1134
07/02/2015,DTW,MI,AGL,CE,Towers with Radar,886,279,14,1,1180,0,0,5,0,5,886,279,19,1,1185,0,0,0,1185
07/03/2015,DTW,MI,AGL,CE,Towers with Radar,639,166,3,0,808,0,0,0,0,0,639,166,3,0,808,0,0,0,808
07/04/2015,DTW,MI,AGL,CE,Towers with Radar,578,153,2,0,733,0,0,2,0,2,578,153,4,0,735,0,0,0,735
07/05/2015,DTW,MI,AGL,CE,Towers with Radar,808,251,14,0,1073,0,0,4,0,4,808,251,18,0,1077,0,0,0,1077
07/06/2015,DTW,MI,AGL,CE,Towers with Radar,855,292,12,0,1159,0,0,2,0,2,855,292,14,0,1161,0,0,0,1161
07/07/2015,DTW,MI,AGL,CE,Towers with Radar,840,291,19,0,1150,0,0,1,0,1,840,291,20,0,1151,0,0,0,1151
07/08/2015,DTW,MI,AGL,CE,Towers with Radar,854,305,26,0,1185,0,0,8,0,8,854,305,34,0,1193,0,0,0,1193
07/09/2015,DTW,MI,AGL,CE,Towers with Radar,878,286,17,1,1182,0,0,0,0,0,878,286,17,1,1182,0,0,0,1182
07/10/2015,DTW,MI,AGL,CE,Towers with Radar,864,294,5,0,1163,0,1,0,0,1,864,295,5,0,1164,0,0,0,1164
07/11/2015,DTW,MI,AGL,CE,Towers with Radar,627,189,7,0,823,0,0,0,0,0,627,189,7,0,823,0,0,0,823
07/12/2015,DTW,MI,AGL,CE,Towers with Radar,800,272,13,1,1086,0,1,2,0,3,800,273,15,1,1089,0,0,0,1089
07/13/2015,DTW,MI,AGL,CE,Towers with Radar,873,285,14,0,1172,0,0,0,0,0,873,285,14,0,1172,0,0,0,1172
07/14/2015,DTW,MI,AGL,CE,Towers with Radar,831,284,13,0,1128,0,0,0,0,0,831,284,13,0,1128,0,0,0,1128
07/15/2015,DTW,MI,AGL,CE,Towers with Radar,848,287,22,0,1157,1,0,1,0,2,849,287,23,0,1159,0,0,0,1159
07/16/2015,DTW,MI,AGL,CE,Towers with Radar,883,299,36,0,1218,0,0,1,0,1,883,299,37,0,1219,0,0,0,1219
07/17/2015,DTW,MI,AGL,CE,Towers with Radar,882,284,16,1,1183,0,0,1,0,1,882,284,17,1,1184,0,0,0,1184
07/18/2015,DTW,MI,AGL,CE,Towers with Radar,605,189,9,1,804,0,0,0,0,0,605,189,9,1,804,0,0,0,804
07/19/2015,DTW,MI,AGL,CE,Towers with Radar,805,267,13,0,1085,0,0,0,0,0,805,267,13,0,1085,0,0,0,1085
07/20/2015,DTW,MI,AGL,CE,Towers with Radar,869,288,14,0,1171,0,4,0,0,4,869,292,14,0,1175,0,0,0,1175
07/21/2015,DTW,MI,AGL,CE,Towers with Radar,840,281,13,0,1134,0,0,4,0,4,840,281,17,0,1138,0,0,0,1138
07/22/2015,DTW,MI,AGL,CE,Towers with Radar,863,284,15,0,1162,0,0,9,0,9,863,284,24,0,1171,0,0,0,1171
07/23/2015,DTW,MI,AGL,CE,Towers with Radar,880,290,22,0,1192,0,0,2,0,2,880,290,24,0,1194,0,0,0,1194
07/24/2015,DTW,MI,AGL,CE,Towers with Radar,872,292,15,1,1180,0,0,5,0,5,872,292,20,1,1185,0,0,0,1185
07/25/2015,DTW,MI,AGL,CE,Towers with Radar,632,184,13,0,829,0,0,0,0,0,632,184,13,0,829,0,0,0,829
07/26/2015,DTW,MI,AGL,CE,Towers with Radar,801,269,16,0,1086,0,0,2,0,2,801,269,18,0,1088,0,0,0,1088
07/27/2015,DTW,MI,AGL,CE,Towers with Radar,870,281,10,0,1161,0,0,0,0,0,870,281,10,0,1161,0,0,0,1161
07/28/2015,DTW,MI,AGL,CE,Towers with Radar,864,278,21,0,1163,0,0,0,0,0,864,278,21,0,1163,0,0,0,1163
07/29/2015,DTW,MI,AGL,CE,Towers with Radar,852,277,13,0,1142,0,0,2,0,2,852,277,15,0,1144,0,0,0,1144
07/30/2015,DTW,MI,AGL,CE,Towers with Radar,863,280,21,0,1164,0,0,9,0,9,863,280,30,0,1173,0,0,0,1173
07/31/2015,DTW,MI,AGL,CE,Towers with Radar,886,291,18,0,1195,0,0,1,0,1,886,291,19,0,1196,0,0,0,1196
08/01/2015,DTW,MI,AGL,CE,Towers with Radar,633,188,9,1,831,0,0,0,0,0,633,188,9,1,831,0,0,0,831
08/02/2015,DTW,MI,AGL,CE,Towers with Radar,799,249,8,0,1056,0,0,1,0,1,799,249,9,0,1057,0,0,0,1057
08/03/2015,DTW,MI,AGL,CE,Towers with Radar,898,279,12,0,1189,0,0,4,0,4,898,279,16,0,1193,0,0,0,1193
08/04/2015,DTW,MI,AGL,CE,Towers with Radar,860,273,22,0,1155,0,0,5,0,5,860,273,27,0,1160,0,0,0,1160
08/05/2015,DTW,MI,AGL,CE,Towers with Radar,879,274,21,0,1174,0,0,4,0,4,879,274,25,0,1178,0,0,0,1178
08/06/2015,DTW,MI,AGL,CE,Towers with Radar,886,272,10,0,1168,0,0,3,0,3,886,272,13,0,1171,0,0,0,1171
08/07/2015,DTW,MI,AGL,CE,Towers with Radar,881,283,20,0,1184,0,1,0,0,1,881,284,20,0,1185,0,0,0,1185
08/08/2015,DTW,MI,AGL,CE,Towers with Radar,640,184,5,0,829,0,0,0,0,0,640,184,5,0,829,0,0,0,829
08/09/2015,DTW,MI,AGL,CE,Towers with Radar,806,248,15,0,1069,0,0,6,0,6,806,248,21,0,1075,0,0,0,1075
08/10/2015,DTW,MI,AGL,CE,Towers with Radar,873,279,20,0,1172,0,0,5,0,5,873,279,25,0,1177,0,0,0,1177
08/11/2015,DTW,MI,AGL,CE,Towers with Radar,858,268,15,0,1141,0,0,6,0,6,858,268,21,0,1147,0,0,0,1147
08/12/2015,DTW,MI,AGL,CE,Towers with Radar,878,291,21,0,1190,0,0,1,0,1,878,291,22,0,1191,0,0,0,1191
08/13/2015,DTW,MI,AGL,CE,Towers with Radar,886,276,15,2,1179,0,0,3,0,3,886,276,18,2,1182,0,0,0,1182
08/14/2015,DTW,MI,AGL,CE,Towers with Radar,885,271,15,1,1172,0,0,3,0,3,885,271,18,1,1175,0,0,0,1175
08/15/2015,DTW,MI,AGL,CE,Towers with Radar,652,174,0,0,826,0,0,1,0,1,652,174,1,0,827,0,0,0,827
08/16/2015,DTW,MI,AGL,CE,Towers with Radar,816,246,14,0,1076,0,0,1,0,1,816,246,15,0,1077,0,0,0,1077
08/17/2015,DTW,MI,AGL,CE,Towers with Radar,874,275,15,0,1164,0,0,0,0,0,874,275,15,0,1164,0,0,0,1164
08/18/2015,DTW,MI,AGL,CE,Towers with Radar,869,233,16,0,1118,0,0,2,0,2,869,233,18,0,1120,0,0,0,1120
08/19/2015,DTW,MI,AGL,CE,Towers with Radar,858,244,28,0,1130,0,0,0,0,0,858,244,28,0,1130,0,0,0,1130
08/20/2015,DTW,MI,AGL,CE,Towers with Radar,853,260,20,0,1133,0,0,4,0,4,853,260,24,0,1137,0,0,0,1137
08/21/2015,DTW,MI,AGL,CE,Towers with Radar,891,275,19,0,1185,0,0,2,0,2,891,275,21,0,1187,0,0,0,1187
08/22/2015,DTW,MI,AGL,CE,Towers with Radar,608,180,2,0,790,0,0,2,0,2,608,180,4,0,792,0,0,0,792
08/23/2015,DTW,MI,AGL,CE,Towers with Radar,815,249,8,0,1072,0,0,3,0,3,815,249,11,0,1075,0,0,0,1075
08/24/2015,DTW,MI,AGL,CE,Towers with Radar,883,262,19,0,1164,0,0,4,0,4,883,262,23,0,1168,0,0,0,1168
08/25/2015,DTW,MI,AGL,CE,Towers with Radar,864,237,25,0,1126,0,0,3,0,3,864,237,28,0,1129,0,0,0,1129
08/26/2015,DTW,MI,AGL,CE,Towers with Radar,865,245,16,0,1126,0,0,3,0,3,865,245,19,0,1129,0,0,0,1129
08/27/2015,DTW,MI,AGL,CE,Towers with Radar,889,266,13,0,1168,0,0,2,0,2,889,266,15,0,1170,0,0,0,1170
08/28/2015,DTW,MI,AGL,CE,Towers with Radar,882,271,20,1,1174,0,0,3,0,3,882,271,23,1,1177,0,0,0,1177
08/29/2015,DTW,MI,AGL,CE,Towers with Radar,575,157,4,0,736,0,0,0,0,0,575,157,4,0,736,0,0,0,736
08/30/2015,DTW,MI,AGL,CE,Towers with Radar,771,238,11,1,1021,0,0,2,0,2,771,238,13,1,1023,0,0,0,1023
08/31/2015,DTW,MI,AGL,CE,Towers with Radar,865,279,16,0,1160,0,0,3,0,3,865,279,19,0,1163,0,0,0,1163
09/01/2015,DTW,MI,AGL,CE,Towers with Radar,853,253,27,0,1133,0,0,4,0,4,853,253,31,0,1137,0,0,0,1137
09/02/2015,DTW,MI,AGL,CE,Towers with Radar,860,257,36,1,1154,0,0,0,0,0,860,257,36,1,1154,0,0,0,1154
09/03/2015,DTW,MI,AGL,CE,Towers with Radar,839,255,18,1,1113,0,0,2,0,2,839,255,20,1,1115,0,0,0,1115
09/04/2015,DTW,MI,AGL,CE,Towers with Radar,884,279,10,0,1173,0,0,2,0,2,884,279,12,0,1175,0,0,0,1175
09/05/2015,DTW,MI,AGL,CE,Towers with Radar,570,171,4,0,745,0,0,4,1,5,570,171,8,1,750,0,0,0,750
09/06/2015,DTW,MI,AGL,CE,Towers with Radar,585,177,0,0,762,0,0,0,0,0,585,177,0,0,762,0,0,0,762
09/07/2015,DTW,MI,AGL,CE,Towers with Radar,772,263,7,0,1042,0,0,1,0,1,772,263,8,0,1043,0,0,0,1043
09/08/2015,DTW,MI,AGL,CE,Towers with Radar,759,224,26,1,1010,0,0,0,0,0,759,224,26,1,1010,0,0,0,1010
09/09/2015,DTW,MI,AGL,CE,Towers with Radar,683,208,16,0,907,0,0,0,0,0,683,208,16,0,907,0,0,0,907
09/10/2015,DTW,MI,AGL,CE,Towers with Radar,705,204,24,0,933,0,0,2,0,2,705,204,26,0,935,0,0,0,935
09/11/2015,DTW,MI,AGL,CE,Towers with Radar,700,202,17,0,919,0,0,3,0,3,700,202,20,0,922,0,0,0,922
09/12/2015,DTW,MI,AGL,CE,Towers with Radar,569,147,16,0,732,0,0,0,0,0,569,147,16,0,732,0,0,0,732
09/13/2015,DTW,MI,AGL,CE,Towers with Radar,804,234,13,0,1051,0,0,1,3,4,804,234,14,3,1055,0,0,0,1055
09/14/2015,DTW,MI,AGL,CE,Towers with Radar,856,264,17,0,1137,0,0,0,0,0,856,264,17,0,1137,0,0,0,1137
09/15/2015,DTW,MI,AGL,CE,Towers with Radar,841,271,19,0,1131,0,0,2,0,2,841,271,21,0,1133,0,0,0,1133
09/16/2015,DTW,MI,AGL,CE,Towers with Radar,857,278,17,2,1154,0,0,0,0,0,857,278,17,2,1154,0,0,0,1154
09/17/2015,DTW,MI,AGL,CE,Towers with Radar,865,292,18,0,1175,0,1,4,0,5,865,293,22,0,1180,0,0,0,1180
09/18/2015,DTW,MI,AGL,CE,Towers with Radar,853,281,11,0,1145,0,0,4,0,4,853,281,15,0,1149,0,0,0,1149
09/19/2015,DTW,MI,AGL,CE,Towers with Radar,580,153,7,0,740,0,0,0,0,0,580,153,7,0,740,0,0,0,740
09/20/2015,DTW,MI,AGL,CE,Towers with Radar,795,256,13,0,1064,0,0,0,0,0,795,256,13,0,1064,0,0,0,1064
09/21/2015,DTW,MI,AGL,CE,Towers with Radar,852,274,14,0,1140,0,0,2,0,2,852,274,16,0,1142,0,0,0,1142
09/22/2015,DTW,MI,AGL,CE,Towers with Radar,836,267,11,0,1114,0,0,3,0,3,836,267,14,0,1117,0,0,0,1117
09/23/2015,DTW,MI,AGL,CE,Towers with Radar,851,279,30,0,1160,0,0,3,0,3,851,279,33,0,1163,0,0,0,1163
09/24/2015,DTW,MI,AGL,CE,Towers with Radar,853,287,29,0,1169,0,0,8,0,8,853,287,37,0,1177,0,0,0,1177
09/25/2015,DTW,MI,AGL,CE,Towers with Radar,858,276,34,0,1168,0,0,8,0,8,858,276,42,0,1176,0,0,0,1176
09/26/2015,DTW,MI,AGL,CE,Towers with Radar,582,161,10,2,755,0,0,7,0,7,582,161,17,2,762,0,0,0,762
09/27/2015,DTW,MI,AGL,CE,Towers with Radar,795,243,13,0,1051,0,0,0,0,0,795,243,13,0,1051,0,0,0,1051
09/28/2015,DTW,MI,AGL,CE,Towers with Radar,848,285,14,0,1147,0,0,2,0,2,848,285,16,0,1149,0,0,0,1149
09/29/2015,DTW,MI,AGL,CE,Towers with Radar,845,265,15,0,1125,0,0,0,0,0,845,265,15,0,1125,0,0,0,1125
09/30/2015,DTW,MI,AGL,CE,Towers with Radar,845,273,15,0,1133,0,0,0,0,0,845,273,15,0,1133,0,0,0,1133
10/01/2015,DTW,MI,AGL,CE,Towers with Radar,842,298,32,0,1172,0,0,0,0,0,842,298,32,0,1172,0,0,0,1172
10/02/2015,DTW,MI,AGL,CE,Towers with Radar,836,290,23,0,1149,0,0,0,0,0,836,290,23,0,1149,0,0,0,1149
10/03/2015,DTW,MI,AGL,CE,Towers with Radar,584,168,4,0,756,0,0,0,0,0,584,168,4,0,756,0,0,0,756
10/04/2015,DTW,MI,AGL,CE,Towers with Radar,777,252,21,1,1051,0,0,0,0,0,777,252,21,1,1051,0,0,0,1051
10/05/2015,DTW,MI,AGL,CE,Towers with Radar,844,285,12,0,1141,0,0,2,0,2,844,285,14,0,1143,0,0,0,1143
10/06/2015,DTW,MI,AGL,CE,Towers with Radar,836,276,21,0,1133,0,0,0,0,0,836,276,21,0,1133,0,0,0,1133
10/07/2015,DTW,MI,AGL,CE,Towers with Radar,839,285,27,0,1151,0,0,3,0,3,839,285,30,0,1154,0,0,0,1154
10/08/2015,DTW,MI,AGL,CE,Towers with Radar,857,291,31,0,1179,0,0,4,0,4,857,291,35,0,1183,0,0,0,1183
10/09/2015,DTW,MI,AGL,CE,Towers with Radar,842,283,10,1,1136,0,0,0,0,0,842,283,10,1,1136,0,0,0,1136
10/10/2015,DTW,MI,AGL,CE,Towers with Radar,588,178,11,0,777,0,1,3,0,4,588,179,14,0,781,0,0,0,781
10/11/2015,DTW,MI,AGL,CE,Towers with Radar,775,249,17,0,1041,0,0,0,0,0,775,249,17,0,1041,0,0,0,1041
10/12/2015,DTW,MI,AGL,CE,Towers with Radar,842,281,29,0,1152,0,0,3,0,3,842,281,32,0,1155,0,0,0,1155
10/13/2015,DTW,MI,AGL,CE,Towers with Radar,834,280,19,0,1133,0,0,0,0,0,834,280,19,0,1133,0,0,0,1133
10/14/2015,DTW,MI,AGL,CE,Towers with Radar,840,280,21,0,1141,0,0,0,1,1,840,280,21,1,1142,0,0,0,1142
10/15/2015,DTW,MI,AGL,CE,Towers with Radar,855,286,22,4,1167,0,0,1,3,4,855,286,23,7,1171,0,0,0,1171
10/16/2015,DTW,MI,AGL,CE,Towers with Radar,849,288,20,0,1157,0,0,2,1,3,849,288,22,1,1160,0,0,0,1160
10/17/2015,DTW,MI,AGL,CE,Towers with Radar,579,180,13,1,773,0,0,0,0,0,579,180,13,1,773,0,0,0,773
10/18/2015,DTW,MI,AGL,CE,Towers with Radar,780,251,20,1,1052,0,0,3,0,3,780,251,23,1,1055,0,0,0,1055
10/19/2015,DTW,MI,AGL,CE,Towers with Radar,841,287,15,0,1143,0,0,2,0,2,841,287,17,0,1145,0,0,0,1145
10/20/2015,DTW,MI,AGL,CE,Towers with Radar,833,276,11,0,1120,0,0,0,0,0,833,276,11,0,1120,0,0,0,1120
10/21/2015,DTW,MI,AGL,CE,Towers with Radar,840,287,16,0,1143,0,0,0,0,0,840,287,16,0,1143,0,0,0,1143
10/22/2015,DTW,MI,AGL,CE,Towers with Radar,847,287,20,0,1154,0,0,3,0,3,847,287,23,0,1157,0,0,0,1157
10/23/2015,DTW,MI,AGL,CE,Towers with Radar,840,286,18,0,1144,0,0,4,0,4,840,286,22,0,1148,0,0,0,1148
10/24/2015,DTW,MI,AGL,CE,Towers with Radar,582,170,7,0,759,0,0,0,0,0,582,170,7,0,759,0,0,0,759
10/25/2015,DTW,MI,AGL,CE,Towers with Radar,778,246,5,2,1031,0,0,0,0,0,778,246,5,2,1031,0,0,0,1031
10/26/2015,DTW,MI,AGL,CE,Towers with Radar,846,275,19,1,1141,0,0,5,1,6,846,275,24,2,1147,0,0,0,1147
10/27/2015,DTW,MI,AGL,CE,Towers with Radar,677,213,17,1,908,0,0,8,0,8,677,213,25,1,916,0,0,0,916
10/28/2015,DTW,MI,AGL,CE,Towers with Radar,673,204,19,2,898,0,0,8,0,8,673,204,27,2,906,0,0,0,906
10/29/2015,DTW,MI,AGL,CE,Towers with Radar,841,290,20,1,1152,0,0,0,0,0,841,290,20,1,1152,0,0,0,1152
10/30/2015,DTW,MI,AGL,CE,Towers with Radar,693,212,20,0,925,0,0,0,0,0,693,212,20,0,925,0,0,0,925
10/31/2015,DTW,MI,AGL,CE,Towers with Radar,525,188,1,0,714,0,0,0,0,0,525,188,1,0,714,0,0,0,714
11/01/2015,DTW,MI,AGL,CE,Towers with Radar,786,221,11,0,1018,0,0,2,0,2,786,221,13,0,1020,0,0,0,1020
11/02/2015,DTW,MI,AGL,CE,Towers with Radar,847,273,13,0,1133,0,0,2,0,2,847,273,15,0,1135,0,0,0,1135
11/03/2015,DTW,MI,AGL,CE,Towers with Radar,819,273,13,0,1105,0,0,7,0,7,819,273,20,0,1112,0,0,0,1112
11/04/2015,DTW,MI,AGL,CE,Towers with Radar,852,272,19,0,1143,0,0,0,0,0,852,272,19,0,1143,0,0,0,1143
11/05/2015,DTW,MI,AGL,CE,Towers with Radar,857,265,25,0,1147,0,0,0,0,0,857,265,25,0,1147,0,0,0,1147
11/06/2015,DTW,MI,AGL,CE,Towers with Radar,864,278,19,0,1161,0,0,0,0,0,864,278,19,0,1161,0,0,0,1161
11/07/2015,DTW,MI,AGL,CE,Towers with Radar,609,173,11,0,793,0,0,6,0,6,609,173,17,0,799,0,0,0,799
11/08/2015,DTW,MI,AGL,CE,Towers with Radar,791,246,13,0,1050,0,0,3,0,3,791,246,16,0,1053,0,0,0,1053
11/09/2015,DTW,MI,AGL,CE,Towers with Radar,851,278,16,0,1145,0,0,0,0,0,851,278,16,0,1145,0,0,0,1145
11/10/2015,DTW,MI,AGL,CE,Towers with Radar,838,273,18,0,1129,0,0,0,0,0,838,273,18,0,1129,0,0,0,1129
11/11/2015,DTW,MI,AGL,CE,Towers with Radar,859,276,16,0,1151,0,0,0,0,0,859,276,16,0,1151,0,0,0,1151
11/12/2015,DTW,MI,AGL,CE,Towers with Radar,871,268,18,0,1157,0,0,0,0,0,871,268,18,0,1157,0,0,0,1157
11/13/2015,DTW,MI,AGL,CE,Towers with Radar,868,284,7,0,1159,0,0,0,0,0,868,284,7,0,1159,0,0,0,1159
11/14/2015,DTW,MI,AGL,CE,Towers with Radar,609,161,5,0,775,0,0,2,0,2,609,161,7,0,777,0,0,0,777
11/15/2015,DTW,MI,AGL,CE,Towers with Radar,800,237,7,0,1044,0,0,3,0,3,800,237,10,0,1047,0,0,0,1047
11/16/2015,DTW,MI,AGL,CE,Towers with Radar,863,277,17,0,1157,0,0,2,0,2,863,277,19,0,1159,0,0,0,1159
11/17/2015,DTW,MI,AGL,CE,Towers with Radar,855,262,16,0,1133,0,0,4,0,4,855,262,20,0,1137,0,0,0,1137
11/18/2015,DTW,MI,AGL,CE,Towers with Radar,850,263,15,0,1128,0,0,0,0,0,850,263,15,0,1128,0,0,0,1128
11/19/2015,DTW,MI,AGL,CE,Towers with Radar,879,277,20,0,1176,0,0,0,2,2,879,277,20,2,1178,0,0,0,1178
11/20/2015,DTW,MI,AGL,CE,Towers with Radar,893,263,35,0,1191,0,0,5,0,5,893,263,40,0,1196,0,0,0,1196
11/21/2015,DTW,MI,AGL,CE,Towers with Radar,562,149,7,0,718,0,0,0,0,0,562,149,7,0,718,0,0,0,718
11/22/2015,DTW,MI,AGL,CE,Towers with Radar,706,218,12,0,936,0,0,1,0,1,706,218,13,0,937,0,0,0,937
11/23/2015,DTW,MI,AGL,CE,Towers with Radar,633,211,9,0,853,0,0,0,2,2,633,211,9,2,855,0,0,0,855
11/24/2015,DTW,MI,AGL,CE,Towers with Radar,777,216,18,0,1011,0,0,2,0,2,777,216,20,0,1013,0,0,0,1013
11/25/2015,DTW,MI,AGL,CE,Towers with Radar,872,254,9,0,1135,0,1,0,0,1,872,255,9,0,1136,0,0,0,1136
11/26/2015,DTW,MI,AGL,CE,Towers with Radar,465,131,5,0,601,0,0,0,0,0,465,131,5,0,601,0,0,0,601
11/27/2015,DTW,MI,AGL,CE,Towers with Radar,571,163,4,0,738,0,0,0,0,0,571,163,4,0,738,0,0,0,738
11/28/2015,DTW,MI,AGL,CE,Towers with Radar,851,264,2,0,1117,0,0,3,0,3,851,264,5,0,1120,0,0,0,1120
11/29/2015,DTW,MI,AGL,CE,Towers with Radar,889,301,8,0,1198,0,0,4,0,4,889,301,12,0,1202,0,0,0,1202
11/30/2015,DTW,MI,AGL,CE,Towers with Radar,883,272,9,0,1164,0,0,2,0,2,883,272,11,0,1166,0,0,0,1166
12/01/2015,DTW,MI,AGL,CE,Towers with Radar,805,280,17,0,1102,0,0,0,0,0,805,280,17,0,1102,0,0,0,1102
12/02/2015,DTW,MI,AGL,CE,Towers with Radar,815,288,25,0,1128,0,0,0,0,0,815,288,25,0,1128,0,0,0,1128
12/03/2015,DTW,MI,AGL,CE,Towers with Radar,836,282,19,0,1137,0,0,0,0,0,836,282,19,0,1137,0,0,0,1137
12/04/2015,DTW,MI,AGL,CE,Towers with Radar,829,283,15,0,1127,0,0,2,0,2,829,283,17,0,1129,0,0,0,1129
12/05/2015,DTW,MI,AGL,CE,Towers with Radar,593,182,10,0,785,0,0,0,0,0,593,182,10,0,785,0,0,0,785
12/06/2015,DTW,MI,AGL,CE,Towers with Radar,732,239,11,0,982,0,0,0,0,0,732,239,11,0,982,0,0,0,982
12/07/2015,DTW,MI,AGL,CE,Towers with Radar,806,273,29,0,1108,0,0,0,0,0,806,273,29,0,1108,0,0,0,1108
12/08/2015,DTW,MI,AGL,CE,Towers with Radar,807,272,25,0,1104,0,0,1,0,1,807,272,26,0,1105,0,0,0,1105
12/09/2015,DTW,MI,AGL,CE,Towers with Radar,818,290,21,1,1130,0,0,2,0,2,818,290,23,1,1132,0,0,0,1132
12/10/2015,DTW,MI,AGL,CE,Towers with Radar,827,288,27,0,1142,0,0,1,0,1,827,288,28,0,1143,0,0,0,1143
12/11/2015,DTW,MI,AGL,CE,Towers with Radar,828,289,20,0,1137,0,0,5,0,5,828,289,25,0,1142,0,0,0,1142
12/12/2015,DTW,MI,AGL,CE,Towers with Radar,591,182,11,0,784,0,0,0,0,0,591,182,11,0,784,0,0,0,784
12/13/2015,DTW,MI,AGL,CE,Towers with Radar,763,258,17,0,1038,0,0,0,0,0,763,258,17,0,1038,0,0,0,1038
12/14/2015,DTW,MI,AGL,CE,Towers with Radar,796,274,21,0,1091,0,0,1,0,1,796,274,22,0,1092,0,0,0,1092
12/15/2015,DTW,MI,AGL,CE,Towers with Radar,795,286,23,0,1104,0,0,3,0,3,795,286,26,0,1107,0,0,0,1107
12/16/2015,DTW,MI,AGL,CE,Towers with Radar,825,288,17,0,1130,0,0,2,0,2,825,288,19,0,1132,0,0,0,1132
12/17/2015,DTW,MI,AGL,CE,Towers with Radar,834,268,11,0,1113,0,0,3,0,3,834,268,14,0,1116,0,0,0,1116
12/18/2015,DTW,MI,AGL,CE,Towers with Radar,828,274,17,0,1119,0,0,0,0,0,828,274,17,0,1119,0,0,0,1119
12/19/2015,DTW,MI,AGL,CE,Towers with Radar,730,255,8,0,993,0,0,0,0,0,730,255,8,0,993,0,0,0,993
12/20/2015,DTW,MI,AGL,CE,Towers with Radar,762,254,4,0,1020,0,0,0,0,0,762,254,4,0,1020,0,0,0,1020
12/21/2015,DTW,MI,AGL,CE,Towers with Radar,746,242,8,0,996,0,0,0,0,0,746,242,8,0,996,0,0,0,996
12/22/2015,DTW,MI,AGL,CE,Towers with Radar,763,231,4,0,998,0,0,0,0,0,763,231,4,0,998,0,0,0,998
12/23/2015,DTW,MI,AGL,CE,Towers with Radar,786,247,4,0,1037,0,0,0,0,0,786,247,4,0,1037,0,0,0,1037
12/24/2015,DTW,MI,AGL,CE,Towers with Radar,514,161,5,0,680,0,0,1,0,1,514,161,6,0,681,0,0,0,681
12/25/2015,DTW,MI,AGL,CE,Towers with Radar,471,137,0,0,608,0,0,2,0,2,471,137,2,0,610,0,0,0,610
12/26/2015,DTW,MI,AGL,CE,Towers with Radar,718,264,8,0,990,0,0,1,0,1,718,264,9,0,991,0,0,0,991
12/27/2015,DTW,MI,AGL,CE,Towers with Radar,743,243,6,0,992,0,0,0,0,0,743,243,6,0,992,0,0,0,992
12/28/2015,DTW,MI,AGL,CE,Towers with Radar,584,167,8,0,759,0,0,0,0,0,584,167,8,0,759,0,0,0,759
12/29/2015,DTW,MI,AGL,CE,Towers with Radar,736,230,9,0,975,0,0,0,0,0,736,230,9,0,975,0,0,0,975
12/30/2015,DTW,MI,AGL,CE,Towers with Radar,765,245,5,0,1015,0,0,0,0,0,765,245,5,0,1015,0,0,0,1015
12/31/2015,DTW,MI,AGL,CE,Towers with Radar,535,166,2,0,703,0,0,0,0,0,535,166,2,0,703,0,0,0,703
01/01/2016,DTW,MI,AGL,CE,Towers with Radar,524,173,5,0,702,0,0,0,0,0,524,173,5,0,702,0,0,0,702
01/02/2016,DTW,MI,AGL,CE,Towers with Radar,741,241,7,0,989,0,0,4,0,4,741,241,11,0,993,0,0,0,993
01/03/2016,DTW,MI,AGL,CE,Towers with Radar,768,256,7,0,1031,0,0,1,0,1,768,256,8,0,1032,0,0,0,1032
01/04/2016,DTW,MI,AGL,CE,Towers with Radar,750,240,5,0,995,0,0,0,0,0,750,240,5,0,995,0,0,0,995
01/05/2016,DTW,MI,AGL,CE,Towers with Radar,758,272,11,0,1041,0,0,4,0,4,758,272,15,0,1045,0,0,0,1045
01/06/2016,DTW,MI,AGL,CE,Towers with Radar,762,277,8,0,1047,0,0,2,0,2,762,277,10,0,1049,0,0,0,1049
01/07/2016,DTW,MI,AGL,CE,Towers with Radar,788,286,12,0,1086,0,0,4,0,4,788,286,16,0,1090,0,0,0,1090
01/08/2016,DTW,MI,AGL,CE,Towers with Radar,783,274,10,0,1067,0,0,2,0,2,783,274,12,0,1069,0,0,0,1069
01/09/2016,DTW,MI,AGL,CE,Towers with Radar,587,194,10,0,791,0,0,0,0,0,587,194,10,0,791,0,0,0,791
01/10/2016,DTW,MI,AGL,CE,Towers with Radar,629,195,19,0,843,0,0,0,0,0,629,195,19,0,843,0,0,0,843
01/11/2016,DTW,MI,AGL,CE,Towers with Radar,769,324,37,0,1130,0,0,2,0,2,769,324,39,0,1132,0,0,0,1132
01/12/2016,DTW,MI,AGL,CE,Towers with Radar,769,316,55,0,1140,0,0,0,0,0,769,316,55,0,1140,0,0,0,1140
01/13/2016,DTW,MI,AGL,CE,Towers with Radar,761,315,28,2,1106,0,0,0,0,0,761,315,28,2,1106,0,0,0,1106
01/14/2016,DTW,MI,AGL,CE,Towers with Radar,787,313,33,0,1133,0,0,4,0,4,787,313,37,0,1137,0,0,0,1137
01/15/2016,DTW,MI,AGL,CE,Towers with Radar,790,302,32,0,1124,0,0,0,0,0,790,302,32,0,1124,0,0,0,1124
01/16/2016,DTW,MI,AGL,CE,Towers with Radar,551,185,6,0,742,0,1,0,0,1,551,186,6,0,743,0,0,0,743
01/17/2016,DTW,MI,AGL,CE,Towers with Radar,564,183,4,4,755,0,0,2,0,2,564,183,6,4,757,0,0,0,757
01/18/2016,DTW,MI,AGL,CE,Towers with Radar,778,294,9,0,1081,0,0,0,0,0,778,294,9,0,1081,0,0,0,1081
01/19/2016,DTW,MI,AGL,CE,Towers with Radar,758,294,11,1,1064,0,0,3,0,3,758,294,14,1,1067,0,0,0,1067
01/20/2016,DTW,MI,AGL,CE,Towers with Radar,762,305,14,1,1082,0,1,3,1,5,762,306,17,2,1087,0,0,0,1087
01/21/2016,DTW,MI,AGL,CE,Towers with Radar,785,308,18,2,1113,0,0,2,0,2,785,308,20,2,1115,0,0,0,1115
01/22/2016,DTW,MI,AGL,CE,Towers with Radar,735,258,13,0,1006,0,0,3,0,3,735,258,16,0,1009,0,0,0,1009
01/23/2016,DTW,MI,AGL,CE,Towers with Radar,495,162,9,0,666,0,0,2,0,2,495,162,11,0,668,0,0,0,668
01/24/2016,DTW,MI,AGL,CE,Towers with Radar,638,247,9,0,894,0,0,0,0,0,638,247,9,0,894,0,0,0,894
01/25/2016,DTW,MI,AGL,CE,Towers with Radar,746,303,6,0,1055,0,0,0,0,0,746,303,6,0,1055,0,0,0,1055
01/26/2016,DTW,MI,AGL,CE,Towers with Radar,744,308,16,0,1068,0,0,0,0,0,744,308,16,0,1068,0,0,0,1068
01/27/2016,DTW,MI,AGL,CE,Towers with Radar,764,304,17,0,1085,0,0,0,0,0,764,304,17,0,1085,0,0,0,1085
01/28/2016,DTW,MI,AGL,CE,Towers with Radar,794,326,21,1,1142,0,1,0,0,1,794,327,21,1,1143,0,0,0,1143
01/29/2016,DTW,MI,AGL,CE,Towers with Radar,792,300,10,0,1102,0,0,5,0,5,792,300,15,0,1107,0,0,0,1107
01/30/2016,DTW,MI,AGL,CE,Towers with Radar,568,191,6,0,765,0,0,2,0,2,568,191,8,0,767,0,0,0,767
01/31/2016,DTW,MI,AGL,CE,Towers with Radar,686,256,13,0,955,0,0,0,0,0,686,256,13,0,955,0,0,0,955
02/01/2016,DTW,MI,AGL,CE,Towers with Radar,772,317,16,0,1105,0,0,2,0,2,772,317,18,0,1107,0,0,0,1107
02/02/2016,DTW,MI,AGL,CE,Towers with Radar,733,302,17,0,1052,0,0,0,0,0,733,302,17,0,1052,0,0,0,1052
02/03/2016,DTW,MI,AGL,CE,Towers with Radar,763,287,25,0,1075,0,0,0,0,0,763,287,25,0,1075,0,0,0,1075
02/04/2016,DTW,MI,AGL,CE,Towers with Radar,776,310,18,0,1104,0,0,0,0,0,776,310,18,0,1104,0,0,0,1104
02/05/2016,DTW,MI,AGL,CE,Towers with Radar,765,308,14,0,1087,0,0,0,0,0,765,308,14,0,1087,0,0,0,1087
02/06/2016,DTW,MI,AGL,CE,Towers with Radar,535,177,5,0,717,0,0,5,0,5,535,177,10,0,722,0,0,0,722
02/07/2016,DTW,MI,AGL,CE,Towers with Radar,516,194,15,0,725,0,0,2,0,2,516,194,17,0,727,0,0,0,727
02/08/2016,DTW,MI,AGL,CE,Towers with Radar,738,316,8,2,1064,0,1,0,0,1,738,317,8,2,1065,0,0,0,1065
02/09/2016,DTW,MI,AGL,CE,Towers with Radar,734,310,15,2,1061,0,1,0,0,1,734,311,15,2,1062,0,0,0,1062
02/10/2016,DTW,MI,AGL,CE,Towers with Radar,755,312,11,2,1080,0,0,0,1,1,755,312,11,3,1081,0,0,0,1081
02/11/2016,DTW,MI,AGL,CE,Towers with Radar,790,305,10,2,1107,0,0,3,0,3,790,305,13,2,1110,0,0,0,1110
02/12/2016,DTW,MI,AGL,CE,Towers with Radar,808,304,15,0,1127,0,0,1,0,1,808,304,16,0,1128,0,0,0,1128
02/13/2016,DTW,MI,AGL,CE,Towers with Radar,574,203,5,0,782,0,0,2,0,2,574,203,7,0,784,0,0,0,784
02/14/2016,DTW,MI,AGL,CE,Towers with Radar,600,197,8,0,805,0,0,0,0,0,600,197,8,0,805,0,0,0,805
02/15/2016,DTW,MI,AGL,CE,Towers with Radar,754,288,27,0,1069,0,0,0,0,0,754,288,27,0,1069,0,0,0,1069
02/16/2016,DTW,MI,AGL,CE,Towers with Radar,767,298,5,1,1071,0,0,0,0,0,767,298,5,1,1071,0,0,0,1071
02/17/2016,DTW,MI,AGL,CE,Towers with Radar,789,316,17,0,1122,0,0,2,0,2,789,316,19,0,1124,0,0,0,1124
02/18/2016,DTW,MI,AGL,CE,Towers with Radar,806,312,21,0,1139,0,0,0,0,0,806,312,21,0,1139,0,0,0,1139
02/19/2016,DTW,MI,AGL,CE,Towers with Radar,803,307,14,1,1125,0,0,0,0,0,803,307,14,1,1125,0,0,0,1125
02/20/2016,DTW,MI,AGL,CE,Towers with Radar,587,212,11,0,810,0,0,2,0,2,587,212,13,0,812,0,0,0,812
02/21/2016,DTW,MI,AGL,CE,Towers with Radar,713,271,10,0,994,0,0,8,0,8,713,271,18,0,1002,0,0,0,1002
02/22/2016,DTW,MI,AGL,CE,Towers with Radar,784,316,14,0,1114,0,0,2,0,2,784,316,16,0,1116,0,0,0,1116
02/23/2016,DTW,MI,AGL,CE,Towers with Radar,779,317,17,1,1114,0,0,0,0,0,779,317,17,1,1114,0,0,0,1114
02/24/2016,DTW,MI,AGL,CE,Towers with Radar,707,285,19,0,1011,0,0,0,0,0,707,285,19,0,1011,0,0,0,1011
02/25/2016,DTW,MI,AGL,CE,Towers with Radar,781,307,17,0,1105,0,0,0,0,0,781,307,17,0,1105,0,0,0,1105
02/26/2016,DTW,MI,AGL,CE,Towers with Radar,796,315,17,0,1128,0,0,0,0,0,796,315,17,0,1128,0,0,0,1128
02/27/2016,DTW,MI,AGL,CE,Towers with Radar,586,213,10,0,809,0,0,1,0,1,586,213,11,0,810,0,0,0,810
02/28/2016,DTW,MI,AGL,CE,Towers with Radar,716,280,6,0,1002,0,0,1,0,1,716,280,7,0,1003,0,0,0,1003
02/29/2016,DTW,MI,AGL,CE,Towers with Radar,795,324,7,1,1127,0,1,1,1,3,795,325,8,2,1130,0,0,0,1130
03/01/2016,DTW,MI,AGL,CE,Towers with Radar,707,258,11,0,976,0,0,0,0,0,707,258,11,0,976,0,0,0,976
03/02/2016,DTW,MI,AGL,CE,Towers with Radar,857,297,32,1,1187,0,0,3,0,3,857,297,35,1,1190,0,0,0,1190
03/03/2016,DTW,MI,AGL,CE,Towers with Radar,813,303,13,1,1130,0,0,0,0,0,813,303,13,1,1130,0,0,0,1130
03/04/2016,DTW,MI,AGL,CE,Towers with Radar,842,302,31,1,1176,0,0,0,0,0,842,302,31,1,1176,0,0,0,1176
03/05/2016,DTW,MI,AGL,CE,Towers with Radar,629,215,13,0,857,0,0,0,0,0,629,215,13,0,857,0,0,0,857
03/06/2016,DTW,MI,AGL,CE,Towers with Radar,759,285,8,0,1052,0,0,0,4,4,759,285,8,4,1056,0,0,0,1056
03/07/2016,DTW,MI,AGL,CE,Towers with Radar,820,305,7,0,1132,0,0,4,0,4,820,305,11,0,1136,0,0,0,1136
03/08/2016,DTW,MI,AGL,CE,Towers with Radar,820,302,17,0,1139,0,0,4,0,4,820,302,21,0,1143,0,0,0,1143
03/09/2016,DTW,MI,AGL,CE,Towers with Radar,814,303,17,0,1134,0,0,1,0,1,814,303,18,0,1135,0,0,0,1135
03/10/2016,DTW,MI,AGL,CE,Towers with Radar,826,298,16,0,1140,0,0,0,0,0,826,298,16,0,1140,0,0,0,1140
03/11/2016,DTW,MI,AGL,CE,Towers with Radar,833,299,20,0,1152,0,0,3,0,3,833,299,23,0,1155,0,0,0,1155
03/12/2016,DTW,MI,AGL,CE,Towers with Radar,630,217,8,0,855,0,0,2,0,2,630,217,10,0,857,0,0,0,857
03/13/2016,DTW,MI,AGL,CE,Towers with Radar,764,291,22,0,1077,0,0,0,0,0,764,291,22,0,1077,0,0,0,1077
03/14/2016,DTW,MI,AGL,CE,Towers with Radar,827,286,7,0,1120,0,0,0,0,0,827,286,7,0,1120,0,0,0,1120
03/15/2016,DTW,MI,AGL,CE,Towers with Radar,819,292,21,0,1132,0,0,0,0,0,819,292,21,0,1132,0,0,0,1132
03/16/2016,DTW,MI,AGL,CE,Towers with Radar,823,306,14,0,1143,0,0,3,0,3,823,306,17,0,1146,0,0,0,1146
03/17/2016,DTW,MI,AGL,CE,Towers with Radar,837,305,14,0,1156,0,0,0,0,0,837,305,14,0,1156,0,0,0,1156
03/18/2016,DTW,MI,AGL,CE,Towers with Radar,832,310,12,0,1154,0,0,2,0,2,832,310,14,0,1156,0,0,0,1156
03/19/2016,DTW,MI,AGL,CE,Towers with Radar,631,211,6,0,848,0,0,0,0,0,631,211,6,0,848,0,0,0,848
03/20/2016,DTW,MI,AGL,CE,Towers with Radar,771,280,13,0,1064,0,0,3,0,3,771,280,16,0,1067,0,0,0,1067
03/21/2016,DTW,MI,AGL,CE,Towers with Radar,816,302,11,0,1129,0,0,4,0,4,816,302,15,0,1133,0,0,0,1133
03/22/2016,DTW,MI,AGL,CE,Towers with Radar,817,306,23,0,1146,0,0,6,0,6,817,306,29,0,1152,0,0,0,1152
03/23/2016,DTW,MI,AGL,CE,Towers with Radar,813,296,25,0,1134,0,0,0,0,0,813,296,25,0,1134,0,0,0,1134
03/24/2016,DTW,MI,AGL,CE,Towers with Radar,812,287,22,2,1123,0,0,0,0,0,812,287,22,2,1123,0,0,0,1123
03/25/2016,DTW,MI,AGL,CE,Towers with Radar,834,302,10,0,1146,0,0,2,0,2,834,302,12,0,1148,0,0,0,1148
03/26/2016,DTW,MI,AGL,CE,Towers with Radar,619,199,9,2,829,0,0,5,0,5,619,199,14,2,834,0,0,0,834
03/27/2016,DTW,MI,AGL,CE,Towers with Radar,762,279,6,0,1047,0,0,0,0,0,762,279,6,0,1047,0,0,0,1047
03/28/2016,DTW,MI,AGL,CE,Towers with Radar,822,303,6,2,1133,0,0,0,0,0,822,303,6,2,1133,0,0,0,1133
03/29/2016,DTW,MI,AGL,CE,Towers with Radar,817,302,17,0,1136,0,0,0,0,0,817,302,17,0,1136,0,0,0,1136
03/30/2016,DTW,MI,AGL,CE,Towers with Radar,823,294,25,0,1142,0,0,1,0,1,823,294,26,0,1143,0,0,0,1143
03/31/2016,DTW,MI,AGL,CE,Towers with Radar,833,286,14,0,1133,0,0,2,0,2,833,286,16,0,1135,0,0,0,1135
04/01/2016,DTW,MI,AGL,CE,Towers with Radar,835,302,9,0,1146,0,0,2,0,2,835,302,11,0,1148,0,0,0,1148
04/02/2016,DTW,MI,AGL,CE,Towers with Radar,619,216,12,0,847,0,0,0,0,0,619,216,12,0,847,0,0,0,847
04/03/2016,DTW,MI,AGL,CE,Towers with Radar,760,290,18,0,1068,0,0,4,0,4,760,290,22,0,1072,0,0,0,1072
04/04/2016,DTW,MI,AGL,CE,Towers with Radar,831,276,14,0,1121,0,0,0,0,0,831,276,14,0,1121,0,0,0,1121
04/05/2016,DTW,MI,AGL,CE,Towers with Radar,845,278,18,0,1141,0,0,5,0,5,845,278,23,0,1146,0,0,0,1146
04/06/2016,DTW,MI,AGL,CE,Towers with Radar,833,292,8,0,1133,0,0,0,0,0,833,292,8,0,1133,0,0,0,1133
04/07/2016,DTW,MI,AGL,CE,Towers with Radar,851,292,22,0,1165,0,0,0,0,0,851,292,22,0,1165,0,0,0,1165
04/08/2016,DTW,MI,AGL,CE,Towers with Radar,855,286,14,0,1155,0,0,2,0,2,855,286,16,0,1157,0,0,0,1157
04/09/2016,DTW,MI,AGL,CE,Towers with Radar,622,220,7,0,849,0,0,0,0,0,622,220,7,0,849,0,0,0,849
04/10/2016,DTW,MI,AGL,CE,Towers with Radar,796,259,11,0,1066,0,0,0,0,0,796,259,11,0,1066,0,0,0,1066
04/11/2016,DTW,MI,AGL,CE,Towers with Radar,847,292,19,2,1160,0,0,4,0,4,847,292,23,2,1164,0,0,0,1164
04/12/2016,DTW,MI,AGL,CE,Towers with Radar,837,291,20,0,1148,0,0,0,0,0,837,291,20,0,1148,0,0,0,1148
04/13/2016,DTW,MI,AGL,CE,Towers with Radar,837,285,23,0,1145,0,0,3,0,3,837,285,26,0,1148,0,0,0,1148
04/14/2016,DTW,MI,AGL,CE,Towers with Radar,853,290,11,2,1156,0,0,0,0,0,853,290,11,2,1156,0,0,0,1156
04/15/2016,DTW,MI,AGL,CE,Towers with Radar,847,288,18,0,1153,0,0,2,0,2,847,288,20,0,1155,0,0,0,1155
04/16/2016,DTW,MI,AGL,CE,Towers with Radar,615,220,10,0,845,0,0,6,0,6,615,220,16,0,851,0,0,0,851
04/17/2016,DTW,MI,AGL,CE,Towers with Radar,774,258,3,0,1035,0,0,0,0,0,774,258,3,0,1035,0,0,0,1035
04/18/2016,DTW,MI,AGL,CE,Towers with Radar,830,287,10,0,1127,0,0,0,0,0,830,287,10,0,1127,0,0,0,1127
04/19/2016,DTW,MI,AGL,CE,Towers with Radar,839,285,18,2,1144,0,0,1,0,1,839,285,19,2,1145,0,0,0,1145
04/20/2016,DTW,MI,AGL,CE,Towers with Radar,838,279,21,0,1138,0,0,1,0,1,838,279,22,0,1139,0,0,0,1139
04/21/2016,DTW,MI,AGL,CE,Towers with Radar,846,297,22,0,1165,0,0,0,0,0,846,297,22,0,1165,0,0,0,1165
04/22/2016,DTW,MI,AGL,CE,Towers with Radar,854,291,19,0,1164,0,0,1,0,1,854,291,20,0,1165,0,0,0,1165
04/23/2016,DTW,MI,AGL,CE,Towers with Radar,606,213,4,0,823,0,0,2,0,2,606,213,6,0,825,0,0,0,825
04/24/2016,DTW,MI,AGL,CE,Towers with Radar,787,250,6,0,1043,0,0,4,0,4,787,250,10,0,1047,0,0,0,1047
04/25/2016,DTW,MI,AGL,CE,Towers with Radar,843,297,13,0,1153,0,0,5,0,5,843,297,18,0,1158,0,0,0,1158
04/26/2016,DTW,MI,AGL,CE,Towers with Radar,828,288,12,0,1128,0,0,0,0,0,828,288,12,0,1128,0,0,0,1128
04/27/2016,DTW,MI,AGL,CE,Towers with Radar,841,288,15,0,1144,0,0,2,0,2,841,288,17,0,1146,0,0,0,1146
04/28/2016,DTW,MI,AGL,CE,Towers with Radar,856,287,25,1,1169,0,0,1,0,1,856,287,26,1,1170,0,0,0,1170
04/29/2016,DTW,MI,AGL,CE,Towers with Radar,839,289,16,0,1144,0,0,0,0,0,839,289,16,0,1144,0,0,0,1144
04/30/2016,DTW,MI,AGL,CE,Towers with Radar,621,215,7,1,844,0,0,0,0,0,621,215,7,1,844,0,0,0,844
05/01/2016,DTW,MI,AGL,CE,Towers with Radar,786,270,7,0,1063,0,0,0,0,0,786,270,7,0,1063,0,0,0,1063
05/02/2016,DTW,MI,AGL,CE,Towers with Radar,859,279,12,0,1150,0,0,2,0,2,859,279,14,0,1152,0,0,0,1152
05/03/2016,DTW,MI,AGL,CE,Towers with Radar,847,296,13,0,1156,0,0,4,0,4,847,296,17,0,1160,0,0,0,1160
05/04/2016,DTW,MI,AGL,CE,Towers with Radar,863,292,24,0,1179,0,0,0,0,0,863,292,24,0,1179,0,0,0,1179
05/05/2016,DTW,MI,AGL,CE,Towers with Radar,877,289,18,0,1184,0,1,2,0,3,877,290,20,0,1187,0,0,0,1187
05/06/2016,DTW,MI,AGL,CE,Towers with Radar,873,286,10,0,1169,0,0,1,0,1,873,286,11,0,1170,0,0,0,1170
05/07/2016,DTW,MI,AGL,CE,Towers with Radar,628,173,8,0,809,0,0,0,0,0,628,173,8,0,809,0,0,0,809
05/08/2016,DTW,MI,AGL,CE,Towers with Radar,779,251,9,0,1039,0,0,1,0,1,779,251,10,0,1040,0,0,0,1040
05/09/2016,DTW,MI,AGL,CE,Towers with Radar,863,288,19,0,1170,0,0,0,0,0,863,288,19,0,1170,0,0,0,1170
05/10/2016,DTW,MI,AGL,CE,Towers with Radar,854,300,14,0,1168,0,0,2,0,2,854,300,16,0,1170,0,0,0,1170
05/11/2016,DTW,MI,AGL,CE,Towers with Radar,866,291,23,0,1180,0,0,2,0,2,866,291,25,0,1182,0,0,0,1182
05/12/2016,DTW,MI,AGL,CE,Towers with Radar,877,289,10,0,1176,0,0,0,0,0,877,289,10,0,1176,0,0,0,1176
05/13/2016,DTW,MI,AGL,CE,Towers with Radar,885,288,26,0,1199,0,0,1,0,1,885,288,27,0,1200,0,0,0,1200
05/14/2016,DTW,MI,AGL,CE,Towers with Radar,639,170,7,0,816,0,0,2,0,2,639,170,9,0,818,0,0,0,818
05/15/2016,DTW,MI,AGL,CE,Towers with Radar,814,256,9,0,1079,0,0,2,0,2,814,256,11,0,1081,0,0,0,1081
05/16/2016,DTW,MI,AGL,CE,Towers with Radar,865,285,18,0,1168,0,0,2,0,2,865,285,20,0,1170,0,0,0,1170
05/17/2016,DTW,MI,AGL,CE,Towers with Radar,856,303,13,0,1172,0,0,0,0,0,856,303,13,0,1172,0,0,0,1172
05/18/2016,DTW,MI,AGL,CE,Towers with Radar,867,289,24,0,1180,0,0,3,0,3,867,289,27,0,1183,0,0,0,1183
05/19/2016,DTW,MI,AGL,CE,Towers with Radar,875,297,18,1,1191,0,0,4,0,4,875,297,22,1,1195,0,0,0,1195
05/20/2016,DTW,MI,AGL,CE,Towers with Radar,881,293,16,3,1193,0,0,1,0,1,881,293,17,3,1194,0,0,0,1194
05/21/2016,DTW,MI,AGL,CE,Towers with Radar,651,168,5,0,824,0,0,1,0,1,651,168,6,0,825,0,0,0,825
05/22/2016,DTW,MI,AGL,CE,Towers with Radar,811,259,8,0,1078,0,0,0,0,0,811,259,8,0,1078,0,0,0,1078
05/23/2016,DTW,MI,AGL,CE,Towers with Radar,863,290,15,0,1168,0,0,0,0,0,863,290,15,0,1168,0,0,0,1168
05/24/2016,DTW,MI,AGL,CE,Towers with Radar,867,287,14,0,1168,0,0,6,0,6,867,287,20,0,1174,0,0,0,1174
05/25/2016,DTW,MI,AGL,CE,Towers with Radar,876,292,26,0,1194,0,0,2,0,2,876,292,28,0,1196,0,0,0,1196
05/26/2016,DTW,MI,AGL,CE,Towers with Radar,877,286,22,1,1186,0,0,0,0,0,877,286,22,1,1186,0,0,0,1186
05/27/2016,DTW,MI,AGL,CE,Towers with Radar,881,291,9,0,1181,0,0,0,0,0,881,291,9,0,1181,0,0,0,1181
05/28/2016,DTW,MI,AGL,CE,Towers with Radar,630,171,7,0,808,0,0,0,0,0,630,171,7,0,808,0,0,0,808
05/29/2016,DTW,MI,AGL,CE,Towers with Radar,604,159,1,0,764,0,0,0,0,0,604,159,1,0,764,0,0,0,764
05/30/2016,DTW,MI,AGL,CE,Towers with Radar,791,249,9,0,1049,0,0,2,0,2,791,249,11,0,1051,0,0,0,1051
05/31/2016,DTW,MI,AGL,CE,Towers with Radar,854,290,11,0,1155,0,0,3,0,3,854,290,14,0,1158,0,0,0,1158
06/01/2016,DTW,MI,AGL,CE,Towers with Radar,872,294,12,0,1178,0,0,0,0,0,872,294,12,0,1178,0,0,0,1178
06/02/2016,DTW,MI,AGL,CE,Towers with Radar,857,294,20,0,1171,0,0,2,2,4,857,294,22,2,1175,0,0,0,1175
06/03/2016,DTW,MI,AGL,CE,Towers with Radar,880,297,13,0,1190,0,0,6,0,6,880,297,19,0,1196,0,0,0,1196
06/04/2016,DTW,MI,AGL,CE,Towers with Radar,631,176,5,0,812,0,0,0,0,0,631,176,5,0,812,0,0,0,812
06/05/2016,DTW,MI,AGL,CE,Towers with Radar,791,256,12,0,1059,0,0,2,0,2,791,256,14,0,1061,0,0,0,1061
06/06/2016,DTW,MI,AGL,CE,Towers with Radar,865,296,21,0,1182,0,0,0,0,0,865,296,21,0,1182,0,0,0,1182
06/07/2016,DTW,MI,AGL,CE,Towers with Radar,852,287,25,0,1164,0,0,0,0,0,852,287,25,0,1164,0,0,0,1164
06/08/2016,DTW,MI,AGL,CE,Towers with Radar,860,293,17,1,1171,0,0,8,2,10,860,293,25,3,1181,0,0,0,1181
06/09/2016,DTW,MI,AGL,CE,Towers with Radar,878,302,16,0,1196,0,0,3,0,3,878,302,19,0,1199,0,0,0,1199
06/10/2016,DTW,MI,AGL,CE,Towers with Radar,872,316,24,0,1212,0,0,11,0,11,872,316,35,0,1223,0,0,0,1223
06/11/2016,DTW,MI,AGL,CE,Towers with Radar,625,220,13,0,858,0,0,1,0,1,625,220,14,0,859,0,0,0,859
06/12/2016,DTW,MI,AGL,CE,Towers with Radar,789,283,10,0,1082,0,0,0,0,0,789,283,10,0,1082,0,0,0,1082
06/13/2016,DTW,MI,AGL,CE,Towers with Radar,862,308,23,0,1193,0,0,3,0,3,862,308,26,0,1196,0,0,0,1196
06/14/2016,DTW,MI,AGL,CE,Towers with Radar,861,302,15,0,1178,0,0,5,0,5,861,302,20,0,1183,0,0,0,1183
06/15/2016,DTW,MI,AGL,CE,Towers with Radar,867,304,27,0,1198,0,1,0,0,1,867,305,27,0,1199,0,0,0,1199
06/16/2016,DTW,MI,AGL,CE,Towers with Radar,859,311,23,0,1193,0,0,0,0,0,859,311,23,0,1193,0,0,0,1193
06/17/2016,DTW,MI,AGL,CE,Towers with Radar,887,309,24,0,1220,0,0,0,0,0,887,309,24,0,1220,0,0,0,1220
06/18/2016,DTW,MI,AGL,CE,Towers with Radar,636,206,12,0,854,0,0,2,0,2,636,206,14,0,856,0,0,0,856
06/19/2016,DTW,MI,AGL,CE,Towers with Radar,805,275,8,0,1088,0,0,4,0,4,805,275,12,0,1092,0,0,0,1092
06/20/2016,DTW,MI,AGL,CE,Towers with Radar,877,309,21,0,1207,0,0,3,0,3,877,309,24,0,1210,0,0,0,1210
06/21/2016,DTW,MI,AGL,CE,Towers with Radar,855,312,23,0,1190,0,0,1,0,1,855,312,24,0,1191,0,0,0,1191
06/22/2016,DTW,MI,AGL,CE,Towers with Radar,876,313,31,0,1220,0,0,1,0,1,876,313,32,0,1221,0,0,0,1221
06/23/2016,DTW,MI,AGL,CE,Towers with Radar,871,307,40,0,1218,0,0,3,0,3,871,307,43,0,1221,0,0,0,1221
06/24/2016,DTW,MI,AGL,CE,Towers with Radar,902,308,12,0,1222,0,0,1,0,1,902,308,13,0,1223,0,0,0,1223
06/25/2016,DTW,MI,AGL,CE,Towers with Radar,641,207,5,1,854,0,0,3,0,3,641,207,8,1,857,0,0,0,857
06/26/2016,DTW,MI,AGL,CE,Towers with Radar,799,280,3,0,1082,0,0,2,0,2,799,280,5,0,1084,0,0,0,1084
06/27/2016,DTW,MI,AGL,CE,Towers with Radar,862,313,21,0,1196,0,0,1,0,1,862,313,22,0,1197,0,0,0,1197
06/28/2016,DTW,MI,AGL,CE,Towers with Radar,854,297,31,0,1182,0,0,3,0,3,854,297,34,0,1185,0,0,0,1185
06/29/2016,DTW,MI,AGL,CE,Towers with Radar,883,316,21,0,1220,0,0,2,2,4,883,316,23,2,1224,0,0,0,1224
06/30/2016,DTW,MI,AGL,CE,Towers with Radar,875,312,15,0,1202,0,0,6,0,6,875,312,21,0,1208,0,0,0,1208
07/01/2016,DTW,MI,AGL,CE,Towers with Radar,884,316,17,0,1217,0,0,0,0,0,884,316,17,0,1217,0,0,0,1217
07/02/2016,DTW,MI,AGL,CE,Towers with Radar,687,193,11,0,891,0,0,2,0,2,687,193,13,0,893,0,0,0,893
07/03/2016,DTW,MI,AGL,CE,Towers with Radar,635,159,7,0,801,0,0,0,0,0,635,159,7,0,801,0,0,0,801
07/04/2016,DTW,MI,AGL,CE,Towers with Radar,636,167,1,0,804,0,0,2,0,2,636,167,3,0,806,0,0,0,806
07/05/2016,DTW,MI,AGL,CE,Towers with Radar,874,317,9,0,1200,0,0,0,0,0,874,317,9,0,1200,0,0,0,1200
07/06/2016,DTW,MI,AGL,CE,Towers with Radar,885,291,9,2,1187,0,0,0,0,0,885,291,9,2,1187,0,0,0,1187
07/07/2016,DTW,MI,AGL,CE,Towers with Radar,873,299,3,0,1175,0,0,2,0,2,873,299,5,0,1177,0,0,0,1177
07/08/2016,DTW,MI,AGL,CE,Towers with Radar,857,300,7,0,1164,0,0,0,0,0,857,300,7,0,1164,0,0,0,1164
07/09/2016,DTW,MI,AGL,CE,Towers with Radar,668,196,13,2,879,0,0,1,0,1,668,196,14,2,880,0,0,0,880
07/10/2016,DTW,MI,AGL,CE,Towers with Radar,828,294,9,2,1133,0,0,0,0,0,828,294,9,2,1133,0,0,0,1133
07/11/2016,DTW,MI,AGL,CE,Towers with Radar,889,311,16,0,1216,0,0,7,0,7,889,311,23,0,1223,0,0,0,1223
07/12/2016,DTW,MI,AGL,CE,Towers with Radar,887,311,20,0,1218,0,0,3,0,3,887,311,23,0,1221,0,0,0,1221
07/13/2016,DTW,MI,AGL,CE,Towers with Radar,842,309,27,0,1178,0,0,2,0,2,842,309,29,0,1180,0,0,0,1180
07/14/2016,DTW,MI,AGL,CE,Towers with Radar,906,314,25,0,1245,0,0,1,0,1,906,314,26,0,1246,0,0,0,1246
07/15/2016,DTW,MI,AGL,CE,Towers with Radar,900,307,16,1,1224,0,0,4,0,4,900,307,20,1,1228,0,0,0,1228
07/16/2016,DTW,MI,AGL,CE,Towers with Radar,659,196,6,0,861,0,2,1,0,3,659,198,7,0,864,0,0,0,864
07/17/2016,DTW,MI,AGL,CE,Towers with Radar,823,275,17,1,1116,0,0,1,0,1,823,275,18,1,1117,0,0,0,1117
07/18/2016,DTW,MI,AGL,CE,Towers with Radar,873,299,18,0,1190,0,0,0,0,0,873,299,18,0,1190,0,0,0,1190
07/19/2016,DTW,MI,AGL,CE,Towers with Radar,896,311,12,0,1219,0,0,4,0,4,896,311,16,0,1223,0,0,0,1223
07/20/2016,DTW,MI,AGL,CE,Towers with Radar,885,319,13,0,1217,0,0,2,0,2,885,319,15,0,1219,0,0,0,1219
07/21/2016,DTW,MI,AGL,CE,Towers with Radar,850,328,19,0,1197,0,0,2,0,2,850,328,21,0,1199,0,0,0,1199
07/22/2016,DTW,MI,AGL,CE,Towers with Radar,887,335,21,0,1243,0,0,0,0,0,887,335,21,0,1243,0,0,0,1243
07/23/2016,DTW,MI,AGL,CE,Towers with Radar,650,204,7,0,861,0,0,0,0,0,650,204,7,0,861,0,0,0,861
07/24/2016,DTW,MI,AGL,CE,Towers with Radar,793,289,12,0,1094,0,0,0,0,0,793,289,12,0,1094,0,0,0,1094
07/25/2016,DTW,MI,AGL,CE,Towers with Radar,838,338,14,0,1190,0,0,3,0,3,838,338,17,0,1193,0,0,0,1193
07/26/2016,DTW,MI,AGL,CE,Towers with Radar,868,336,15,0,1219,0,0,1,0,1,868,336,16,0,1220,0,0,0,1220
07/27/2016,DTW,MI,AGL,CE,Towers with Radar,859,327,22,0,1208,0,0,4,0,4,859,327,26,0,1212,0,0,0,1212
07/28/2016,DTW,MI,AGL,CE,Towers with Radar,841,327,41,1,1210,0,0,3,1,4,841,327,44,2,1214,0,0,0,1214
07/29/2016,DTW,MI,AGL,CE,Towers with Radar,874,331,24,0,1229,0,0,1,0,1,874,331,25,0,1230,0,0,0,1230
07/30/2016,DTW,MI,AGL,CE,Towers with Radar,631,209,8,0,848,0,0,0,0,0,631,209,8,0,848,0,0,0,848
07/31/2016,DTW,MI,AGL,CE,Towers with Radar,793,283,10,0,1086,0,0,2,0,2,793,283,12,0,1088,0,0,0,1088
08/01/2016,DTW,MI,AGL,CE,Towers with Radar,858,326,19,0,1203,0,0,4,0,4,858,326,23,0,1207,0,0,0,1207
08/02/2016,DTW,MI,AGL,CE,Towers with Radar,864,327,10,1,1202,1,0,0,0,1,865,327,10,1,1203,0,0,0,1203
08/03/2016,DTW,MI,AGL,CE,Towers with Radar,866,329,19,3,1217,0,0,2,0,2,866,329,21,3,1219,0,0,0,1219
08/04/2016,DTW,MI,AGL,CE,Towers with Radar,875,327,16,2,1220,0,0,2,0,2,875,327,18,2,1222,0,0,0,1222
08/05/2016,DTW,MI,AGL,CE,Towers with Radar,867,330,9,0,1206,0,0,0,0,0,867,330,9,0,1206,0,0,0,1206
08/06/2016,DTW,MI,AGL,CE,Towers with Radar,653,194,4,0,851,0,0,0,0,0,653,194,4,0,851,0,0,0,851
08/07/2016,DTW,MI,AGL,CE,Towers with Radar,812,280,14,0,1106,0,0,4,0,4,812,280,18,0,1110,0,0,0,1110
08/08/2016,DTW,MI,AGL,CE,Towers with Radar,732,324,18,0,1074,0,0,0,0,0,732,324,18,0,1074,0,0,0,1074
08/09/2016,DTW,MI,AGL,CE,Towers with Radar,819,331,32,0,1182,0,0,6,0,6,819,331,38,0,1188,0,0,0,1188
08/10/2016,DTW,MI,AGL,CE,Towers with Radar,839,332,30,4,1205,0,0,2,0,2,839,332,32,4,1207,0,0,0,1207
08/11/2016,DTW,MI,AGL,CE,Towers with Radar,850,335,41,0,1226,0,0,0,0,0,850,335,41,0,1226,0,0,0,1226
08/12/2016,DTW,MI,AGL,CE,Towers with Radar,854,321,15,0,1190,0,1,3,0,4,854,322,18,0,1194,0,0,0,1194
08/13/2016,DTW,MI,AGL,CE,Towers with Radar,667,191,6,0,864,0,0,2,0,2,667,191,8,0,866,0,0,0,866
08/14/2016,DTW,MI,AGL,CE,Towers with Radar,803,279,6,0,1088,0,0,1,0,1,803,279,7,0,1089,0,0,0,1089
08/15/2016,DTW,MI,AGL,CE,Towers with Radar,861,323,9,2,1195,0,0,0,0,0,861,323,9,2,1195,0,0,0,1195
08/16/2016,DTW,MI,AGL,CE,Towers with Radar,829,311,17,0,1157,0,0,2,0,2,829,311,19,0,1159,0,0,0,1159
08/17/2016,DTW,MI,AGL,CE,Towers with Radar,858,324,22,4,1208,0,0,0,2,2,858,324,22,6,1210,0,0,0,1210
08/18/2016,DTW,MI,AGL,CE,Towers with Radar,870,311,29,0,1210,0,0,0,0,0,870,311,29,0,1210,0,0,0,1210
08/19/2016,DTW,MI,AGL,CE,Towers with Radar,856,326,21,0,1203,0,0,0,0,0,856,326,21,0,1203,0,0,0,1203
08/20/2016,DTW,MI,AGL,CE,Towers with Radar,618,203,6,2,829,0,0,0,0,0,618,203,6,2,829,0,0,0,829
08/21/2016,DTW,MI,AGL,CE,Towers with Radar,780,281,12,0,1073,0,0,1,0,1,780,281,13,0,1074,0,0,0,1074
08/22/2016,DTW,MI,AGL,CE,Towers with Radar,837,326,14,0,1177,0,0,3,0,3,837,326,17,0,1180,0,0,0,1180
08/23/2016,DTW,MI,AGL,CE,Towers with Radar,848,316,18,0,1182,0,0,0,0,0,848,316,18,0,1182,0,0,0,1182
08/24/2016,DTW,MI,AGL,CE,Towers with Radar,837,323,9,0,1169,0,0,2,0,2,837,323,11,0,1171,0,0,0,1171
08/25/2016,DTW,MI,AGL,CE,Towers with Radar,846,317,26,0,1189,0,0,5,0,5,846,317,31,0,1194,0,0,0,1194
08/26/2016,DTW,MI,AGL,CE,Towers with Radar,863,317,13,0,1193,0,0,0,0,0,863,317,13,0,1193,0,0,0,1193
08/27/2016,DTW,MI,AGL,CE,Towers with Radar,608,207,9,0,824,0,0,2,2,4,608,207,11,2,828,0,0,0,828
08/28/2016,DTW,MI,AGL,CE,Towers with Radar,774,276,9,0,1059,0,0,1,0,1,774,276,10,0,1060,0,0,0,1060
08/29/2016,DTW,MI,AGL,CE,Towers with Radar,815,336,17,2,1170,0,0,0,0,0,815,336,17,2,1170,0,0,0,1170
08/30/2016,DTW,MI,AGL,CE,Towers with Radar,816,335,27,1,1179,0,0,1,0,1,816,335,28,1,1180,0,0,0,1180
08/31/2016,DTW,MI,AGL,CE,Towers with Radar,829,327,22,0,1178,0,0,5,0,5,829,327,27,0,1183,0,0,0,1183
09/01/2016,DTW,MI,AGL,CE,Towers with Radar,839,329,23,0,1191,0,0,0,0,0,839,329,23,0,1191,0,0,0,1191
09/02/2016,DTW,MI,AGL,CE,Towers with Radar,832,338,9,0,1179,0,0,6,0,6,832,338,15,0,1185,0,0,0,1185
09/03/2016,DTW,MI,AGL,CE,Towers with Radar,574,174,5,0,753,0,0,0,2,2,574,174,5,2,755,0,0,0,755
09/04/2016,DTW,MI,AGL,CE,Towers with Radar,587,183,7,0,777,0,0,3,0,3,587,183,10,0,780,0,0,0,780
09/05/2016,DTW,MI,AGL,CE,Towers with Radar,745,301,8,0,1054,0,1,2,0,3,745,302,10,0,1057,0,0,0,1057
09/06/2016,DTW,MI,AGL,CE,Towers with Radar,765,302,20,0,1087,0,0,2,0,2,765,302,22,0,1089,0,0,0,1089
09/07/2016,DTW,MI,AGL,CE,Towers with Radar,743,317,27,0,1087,0,0,0,0,0,743,317,27,0,1087,0,0,0,1087
09/08/2016,DTW,MI,AGL,CE,Towers with Radar,749,308,14,0,1071,0,0,0,0,0,749,308,14,0,1071,0,0,0,1071
09/09/2016,DTW,MI,AGL,CE,Towers with Radar,749,305,13,0,1067,0,0,1,0,1,749,305,14,0,1068,0,0,0,1068
09/10/2016,DTW,MI,AGL,CE,Towers with Radar,564,199,7,0,770,0,0,2,0,2,564,199,9,0,772,0,0,0,772
09/11/2016,DTW,MI,AGL,CE,Towers with Radar,764,298,17,0,1079,0,0,1,0,1,764,298,18,0,1080,0,0,0,1080
09/12/2016,DTW,MI,AGL,CE,Towers with Radar,816,330,13,0,1159,0,0,8,0,8,816,330,21,0,1167,0,0,0,1167
09/13/2016,DTW,MI,AGL,CE,Towers with Radar,818,332,19,0,1169,0,0,1,0,1,818,332,20,0,1170,0,0,0,1170
09/14/2016,DTW,MI,AGL,CE,Towers with Radar,814,334,31,0,1179,0,0,7,0,7,814,334,38,0,1186,0,0,0,1186
09/15/2016,DTW,MI,AGL,CE,Towers with Radar,856,307,30,0,1193,0,0,2,0,2,856,307,32,0,1195,0,0,0,1195
09/16/2016,DTW,MI,AGL,CE,Towers with Radar,873,298,21,0,1192,0,0,1,0,1,873,298,22,0,1193,0,0,0,1193
09/17/2016,DTW,MI,AGL,CE,Towers with Radar,616,188,14,0,818,0,0,1,0,1,616,188,15,0,819,0,0,0,819
09/18/2016,DTW,MI,AGL,CE,Towers with Radar,802,251,19,0,1072,0,0,6,0,6,802,251,25,0,1078,0,0,0,1078
09/19/2016,DTW,MI,AGL,CE,Towers with Radar,937,332,16,0,1285,0,0,0,0,0,937,332,16,0,1285,0,0,0,1285
09/20/2016,DTW,MI,AGL,CE,Towers with Radar,864,298,24,0,1186,0,0,2,0,2,864,298,26,0,1188,0,0,0,1188
09/21/2016,DTW,MI,AGL,CE,Towers with Radar,851,292,16,0,1159,0,0,14,0,14,851,292,30,0,1173,0,0,0,1173
09/22/2016,DTW,MI,AGL,CE,Towers with Radar,882,289,17,0,1188,0,0,0,2,2,882,289,17,2,1190,0,0,0,1190
09/23/2016,DTW,MI,AGL,CE,Towers with Radar,870,294,25,1,1190,0,0,0,1,1,870,294,25,2,1191,0,0,0,1191
09/24/2016,DTW,MI,AGL,CE,Towers with Radar,615,178,5,0,798,0,0,1,0,1,615,178,6,0,799,0,0,0,799
09/25/2016,DTW,MI,AGL,CE,Towers with Radar,793,248,8,1,1050,0,0,2,0,2,793,248,10,1,1052,0,0,0,1052
09/26/2016,DTW,MI,AGL,CE,Towers with Radar,870,286,10,1,1167,0,0,2,0,2,870,286,12,1,1169,0,0,0,1169
09/27/2016,DTW,MI,AGL,CE,Towers with Radar,852,300,18,3,1173,0,0,0,0,0,852,300,18,3,1173,0,0,0,1173
09/28/2016,DTW,MI,AGL,CE,Towers with Radar,852,302,27,0,1181,0,0,0,0,0,852,302,27,0,1181,0,0,0,1181
09/29/2016,DTW,MI,AGL,CE,Towers with Radar,865,298,28,0,1191,0,0,0,0,0,865,298,28,0,1191,0,0,0,1191
09/30/2016,DTW,MI,AGL,CE,Towers with Radar,879,294,16,0,1189,0,0,0,0,0,879,294,16,0,1189,0,0,0,1189
10/01/2016,DTW,MI,AGL,CE,Towers with Radar,626,164,10,0,800,0,0,0,0,0,626,164,10,0,800,0,0,0,800
10/02/2016,DTW,MI,AGL,CE,Towers with Radar,805,250,12,0,1067,0,0,0,0,0,805,250,12,0,1067,0,0,0,1067
10/03/2016,DTW,MI,AGL,CE,Towers with Radar,861,288,11,0,1160,0,0,8,0,8,861,288,19,0,1168,0,0,0,1168
10/04/2016,DTW,MI,AGL,CE,Towers with Radar,855,286,23,0,1164,0,0,3,0,3,855,286,26,0,1167,0,0,0,1167
10/05/2016,DTW,MI,AGL,CE,Towers with Radar,867,289,41,0,1197,0,0,15,0,15,867,289,56,0,1212,0,0,0,1212
10/06/2016,DTW,MI,AGL,CE,Towers with Radar,856,272,36,0,1164,0,1,4,0,5,856,273,40,0,1169,0,0,0,1169
10/07/2016,DTW,MI,AGL,CE,Towers with Radar,850,283,19,0,1152,0,0,0,0,0,850,283,19,0,1152,0,0,0,1152
10/08/2016,DTW,MI,AGL,CE,Towers with Radar,612,166,6,0,784,0,0,0,5,5,612,166,6,5,789,0,0,0,789
10/09/2016,DTW,MI,AGL,CE,Towers with Radar,795,243,13,0,1051,0,0,0,0,0,795,243,13,0,1051,0,0,0,1051
10/10/2016,DTW,MI,AGL,CE,Towers with Radar,879,277,25,0,1181,0,0,2,0,2,879,277,27,0,1183,0,0,0,1183
10/11/2016,DTW,MI,AGL,CE,Towers with Radar,870,268,18,0,1156,0,0,0,0,0,870,268,18,0,1156,0,0,0,1156
10/12/2016,DTW,MI,AGL,CE,Towers with Radar,868,288,23,0,1179,0,0,0,0,0,868,288,23,0,1179,0,0,0,1179
10/13/2016,DTW,MI,AGL,CE,Towers with Radar,876,286,14,0,1176,0,0,0,0,0,876,286,14,0,1176,0,0,0,1176
10/14/2016,DTW,MI,AGL,CE,Towers with Radar,880,287,22,0,1189,0,0,5,0,5,880,287,27,0,1194,0,0,0,1194
10/15/2016,DTW,MI,AGL,CE,Towers with Radar,624,165,8,0,797,0,0,7,0,7,624,165,15,0,804,0,0,0,804
10/16/2016,DTW,MI,AGL,CE,Towers with Radar,804,245,13,1,1063,0,0,0,0,0,804,245,13,1,1063,0,0,0,1063
10/17/2016,DTW,MI,AGL,CE,Towers with Radar,873,283,11,1,1168,0,0,3,0,3,873,283,14,1,1171,0,0,0,1171
10/18/2016,DTW,MI,AGL,CE,Towers with Radar,870,278,19,0,1167,0,0,2,0,2,870,278,21,0,1169,0,0,0,1169
10/19/2016,DTW,MI,AGL,CE,Towers with Radar,875,280,16,0,1171,0,0,2,0,2,875,280,18,0,1173,0,0,0,1173
10/20/2016,DTW,MI,AGL,CE,Towers with Radar,877,291,17,0,1185,0,0,0,0,0,877,291,17,0,1185,0,0,0,1185
10/21/2016,DTW,MI,AGL,CE,Towers with Radar,878,290,11,0,1179,0,0,0,0,0,878,290,11,0,1179,0,0,0,1179
10/22/2016,DTW,MI,AGL,CE,Towers with Radar,626,163,10,0,799,0,0,0,0,0,626,163,10,0,799,0,0,0,799
10/23/2016,DTW,MI,AGL,CE,Towers with Radar,799,242,12,0,1053,0,0,0,0,0,799,242,12,0,1053,0,0,0,1053
10/24/2016,DTW,MI,AGL,CE,Towers with Radar,867,287,15,1,1170,0,0,0,0,0,867,287,15,1,1170,0,0,0,1170
10/25/2016,DTW,MI,AGL,CE,Towers with Radar,802,254,16,0,1072,0,0,0,0,0,802,254,16,0,1072,0,0,0,1072
10/26/2016,DTW,MI,AGL,CE,Towers with Radar,810,254,16,0,1080,0,0,0,0,0,810,254,16,0,1080,0,0,0,1080
10/27/2016,DTW,MI,AGL,CE,Towers with Radar,873,283,18,0,1174,0,1,0,0,1,873,284,18,0,1175,0,0,0,1175
10/28/2016,DTW,MI,AGL,CE,Towers with Radar,867,287,18,0,1172,0,0,8,0,8,867,287,26,0,1180,0,0,0,1180
10/29/2016,DTW,MI,AGL,CE,Towers with Radar,638,157,4,0,799,0,0,0,0,0,638,157,4,0,799,0,0,0,799
10/30/2016,DTW,MI,AGL,CE,Towers with Radar,720,231,13,0,964,0,0,2,0,2,720,231,15,0,966,0,0,0,966
10/31/2016,DTW,MI,AGL,CE,Towers with Radar,756,263,12,2,1033,0,0,7,0,7,756,263,19,2,1040,0,0,0,1040
11/01/2016,DTW,MI,AGL,CE,Towers with Radar,798,243,23,0,1064,0,0,5,0,5,798,243,28,0,1069,0,0,0,1069
11/02/2016,DTW,MI,AGL,CE,Towers with Radar,789,257,21,0,1067,0,0,10,0,10,789,257,31,0,1077,0,0,0,1077
11/03/2016,DTW,MI,AGL,CE,Towers with Radar,807,258,17,2,1084,0,1,0,0,1,807,259,17,2,1085,0,0,0,1085
11/04/2016,DTW,MI,AGL,CE,Towers with Radar,878,278,24,1,1181,0,0,0,0,0,878,278,24,1,1181,0,0,0,1181
11/05/2016,DTW,MI,AGL,CE,Towers with Radar,611,169,3,1,784,0,1,4,0,5,611,170,7,1,789,0,0,0,789
11/06/2016,DTW,MI,AGL,CE,Towers with Radar,713,216,19,1,949,0,0,1,0,1,713,216,20,1,950,0,0,0,950
11/07/2016,DTW,MI,AGL,CE,Towers with Radar,759,241,17,1,1018,0,0,4,1,5,759,241,21,2,1023,0,0,0,1023
11/08/2016,DTW,MI,AGL,CE,Towers with Radar,716,228,11,3,958,0,0,4,0,4,716,228,15,3,962,0,0,0,962
11/09/2016,DTW,MI,AGL,CE,Towers with Radar,855,270,17,0,1142,0,0,0,0,0,855,270,17,0,1142,0,0,0,1142
11/10/2016,DTW,MI,AGL,CE,Towers with Radar,878,274,17,0,1169,0,0,8,0,8,878,274,25,0,1177,0,0,0,1177
11/11/2016,DTW,MI,AGL,CE,Towers with Radar,880,271,17,0,1168,0,0,5,0,5,880,271,22,0,1173,0,0,0,1173
11/12/2016,DTW,MI,AGL,CE,Towers with Radar,600,176,5,1,782,0,1,1,0,2,600,177,6,1,784,0,0,0,784
11/13/2016,DTW,MI,AGL,CE,Towers with Radar,803,241,9,0,1053,0,0,2,0,2,803,241,11,0,1055,0,0,0,1055
11/14/2016,DTW,MI,AGL,CE,Towers with Radar,871,265,17,0,1153,0,0,0,4,4,871,265,17,4,1157,0,0,0,1157
11/15/2016,DTW,MI,AGL,CE,Towers with Radar,881,270,24,0,1175,0,0,0,0,0,881,270,24,0,1175,0,0,0,1175
11/16/2016,DTW,MI,AGL,CE,Towers with Radar,874,264,22,0,1160,0,0,0,0,0,874,264,22,0,1160,0,0,0,1160
11/17/2016,DTW,MI,AGL,CE,Towers with Radar,880,264,27,0,1171,0,0,2,0,2,880,264,29,0,1173,0,0,0,1173
11/18/2016,DTW,MI,AGL,CE,Towers with Radar,881,269,7,0,1157,0,0,2,0,2,881,269,9,0,1159,0,0,0,1159
11/19/2016,DTW,MI,AGL,CE,Towers with Radar,616,171,7,1,795,0,0,0,0,0,616,171,7,1,795,0,0,0,795
11/20/2016,DTW,MI,AGL,CE,Towers with Radar,750,214,7,1,972,0,0,0,0,0,750,214,7,1,972,0,0,0,972
11/21/2016,DTW,MI,AGL,CE,Towers with Radar,688,205,6,0,899,0,0,2,0,2,688,205,8,0,901,0,0,0,901
11/22/2016,DTW,MI,AGL,CE,Towers with Radar,818,259,17,0,1094,0,0,4,0,4,818,259,21,0,1098,0,0,0,1098
11/23/2016,DTW,MI,AGL,CE,Towers with Radar,870,266,9,0,1145,0,0,0,0,0,870,266,9,0,1145,0,0,0,1145
11/24/2016,DTW,MI,AGL,CE,Towers with Radar,486,128,2,0,616,0,0,0,0,0,486,128,2,0,616,0,0,0,616
11/25/2016,DTW,MI,AGL,CE,Towers with Radar,592,152,0,0,744,0,0,0,0,0,592,152,0,0,744,0,0,0,744
11/26/2016,DTW,MI,AGL,CE,Towers with Radar,816,263,8,0,1087,0,0,0,0,0,816,263,8,0,1087,0,0,0,1087
11/27/2016,DTW,MI,AGL,CE,Towers with Radar,879,282,12,0,1173,0,0,0,1,1,879,282,12,1,1174,0,0,0,1174
11/28/2016,DTW,MI,AGL,CE,Towers with Radar,877,277,11,0,1165,0,0,0,0,0,877,277,11,0,1165,0,0,0,1165
11/29/2016,DTW,MI,AGL,CE,Towers with Radar,845,263,20,0,1128,0,0,0,0,0,845,263,20,0,1128,0,0,0,1128
11/30/2016,DTW,MI,AGL,CE,Towers with Radar,837,267,20,0,1124,0,0,4,0,4,837,267,24,0,1128,0,0,0,1128
12/01/2016,DTW,MI,AGL,CE,Towers with Radar,844,277,23,0,1144,0,0,1,0,1,844,277,24,0,1145,0,0,0,1145
12/02/2016,DTW,MI,AGL,CE,Towers with Radar,836,263,13,0,1112,0,0,0,0,0,836,263,13,0,1112,0,0,0,1112
12/03/2016,DTW,MI,AGL,CE,Towers with Radar,568,176,12,0,756,0,0,0,0,0,568,176,12,0,756,0,0,0,756
12/04/2016,DTW,MI,AGL,CE,Towers with Radar,760,228,20,0,1008,0,0,0,0,0,760,228,20,0,1008,0,0,0,1008
12/05/2016,DTW,MI,AGL,CE,Towers with Radar,825,274,22,0,1121,0,0,2,0,2,825,274,24,0,1123,0,0,0,1123
12/06/2016,DTW,MI,AGL,CE,Towers with Radar,824,265,31,2,1122,0,0,3,0,3,824,265,34,2,1125,0,0,0,1125
12/07/2016,DTW,MI,AGL,CE,Towers with Radar,833,258,20,0,1111,0,0,2,0,2,833,258,22,0,1113,0,0,0,1113
12/08/2016,DTW,MI,AGL,CE,Towers with Radar,845,274,11,1,1131,0,0,0,0,0,845,274,11,1,1131,0,0,0,1131
12/09/2016,DTW,MI,AGL,CE,Towers with Radar,834,285,19,1,1139,0,0,0,0,0,834,285,19,1,1139,0,0,0,1139
12/10/2016,DTW,MI,AGL,CE,Towers with Radar,563,177,12,0,752,0,0,1,0,1,563,177,13,0,753,0,0,0,753
12/11/2016,DTW,MI,AGL,CE,Towers with Radar,486,125,8,0,619,0,0,0,0,0,486,125,8,0,619,0,0,0,619
12/12/2016,DTW,MI,AGL,CE,Towers with Radar,872,259,9,0,1140,0,0,0,0,0,872,259,9,0,1140,0,0,0,1140
12/13/2016,DTW,MI,AGL,CE,Towers with Radar,833,268,14,0,1115,0,0,0,0,0,833,268,14,0,1115,0,0,0,1115
12/14/2016,DTW,MI,AGL,CE,Towers with Radar,811,267,13,0,1091,0,0,0,0,0,811,267,13,0,1091,0,0,0,1091
12/15/2016,DTW,MI,AGL,CE,Towers with Radar,872,266,24,0,1162,0,0,0,0,0,872,266,24,0,1162,0,0,0,1162
12/16/2016,DTW,MI,AGL,CE,Towers with Radar,814,271,12,0,1097,0,0,11,0,11,814,271,23,0,1108,0,0,0,1108
12/17/2016,DTW,MI,AGL,CE,Towers with Radar,641,210,1,0,852,0,0,0,0,0,641,210,1,0,852,0,0,0,852
12/18/2016,DTW,MI,AGL,CE,Towers with Radar,719,258,13,0,990,0,0,0,0,0,719,258,13,0,990,0,0,0,990
12/19/2016,DTW,MI,AGL,CE,Towers with Radar,739,267,30,0,1036,0,0,2,0,2,739,267,32,0,1038,0,0,0,1038
12/20/2016,DTW,MI,AGL,CE,Towers with Radar,764,276,14,0,1054,0,0,1,0,1,764,276,15,0,1055,0,0,0,1055
12/21/2016,DTW,MI,AGL,CE,Towers with Radar,789,275,26,0,1090,0,1,5,0,6,789,276,31,0,1096,0,0,0,1096
12/22/2016,DTW,MI,AGL,CE,Towers with Radar,812,269,11,0,1092,0,0,0,0,0,812,269,11,0,1092,0,0,0,1092
12/23/2016,DTW,MI,AGL,CE,Towers with Radar,792,264,12,0,1068,0,0,0,0,0,792,264,12,0,1068,0,0,0,1068
12/24/2016,DTW,MI,AGL,CE,Towers with Radar,582,152,4,0,738,0,0,0,0,0,582,152,4,0,738,0,0,0,738
12/25/2016,DTW,MI,AGL,CE,Towers with Radar,520,125,1,0,646,0,0,0,0,0,520,125,1,0,646,0,0,0,646
12/26/2016,DTW,MI,AGL,CE,Towers with Radar,770,266,14,0,1050,0,0,0,0,0,770,266,14,0,1050,0,0,0,1050
12/27/2016,DTW,MI,AGL,CE,Towers with Radar,795,265,12,0,1072,0,0,0,0,0,795,265,12,0,1072,0,0,0,1072
12/28/2016,DTW,MI,AGL,CE,Towers with Radar,804,275,3,0,1082,0,0,0,0,0,804,275,3,0,1082,0,0,0,1082
12/29/2016,DTW,MI,AGL,CE,Towers with Radar,796,266,6,0,1068,0,0,0,0,0,796,266,6,0,1068,0,0,0,1068
12/30/2016,DTW,MI,AGL,CE,Towers with Radar,781,270,4,0,1055,0,0,0,0,0,781,270,4,0,1055,0,0,0,1055
12/31/2016,DTW,MI,AGL,CE,Towers with Radar,583,153,2,0,738,0,0,0,0,0,583,153,2,0,738,0,0,0,738
01/01/2017,DTW,MI,AGL,CE,Towers with Radar,580,170,11,0,761,0,0,3,0,3,580,170,14,0,764,0,0,0,764
01/02/2017,DTW,MI,AGL,CE,Towers with Radar,753,258,13,0,1024,0,0,0,0,0,753,258,13,0,1024,0,0,0,1024
01/03/2017,DTW,MI,AGL,CE,Towers with Radar,758,247,14,0,1019,0,0,0,0,0,758,247,14,0,1019,0,0,0,1019
01/04/2017,DTW,MI,AGL,CE,Towers with Radar,745,247,6,2,1000,0,0,0,0,0,745,247,6,2,1000,0,0,0,1000
01/05/2017,DTW,MI,AGL,CE,Towers with Radar,755,258,9,0,1022,0,0,0,0,0,755,258,9,0,1022,0,0,0,1022
01/06/2017,DTW,MI,AGL,CE,Towers with Radar,738,269,12,4,1023,0,0,2,0,2,738,269,14,4,1025,0,0,0,1025
01/07/2017,DTW,MI,AGL,CE,Towers with Radar,589,152,17,0,758,0,0,0,0,0,589,152,17,0,758,0,0,0,758
01/08/2017,DTW,MI,AGL,CE,Towers with Radar,738,236,18,1,993,0,0,4,0,4,738,236,22,1,997,0,0,0,997
01/09/2017,DTW,MI,AGL,CE,Towers with Radar,818,273,22,0,1113,0,0,2,0,2,818,273,24,0,1115,0,0,0,1115
01/10/2017,DTW,MI,AGL,CE,Towers with Radar,797,242,45,1,1085,0,0,0,0,0,797,242,45,1,1085,0,0,0,1085
01/11/2017,DTW,MI,AGL,CE,Towers with Radar,812,262,38,0,1112,0,1,2,0,3,812,263,40,0,1115,0,0,0,1115
01/12/2017,DTW,MI,AGL,CE,Towers with Radar,837,257,14,0,1108,0,0,0,0,0,837,257,14,0,1108,0,0,0,1108
01/13/2017,DTW,MI,AGL,CE,Towers with Radar,829,249,19,0,1097,0,0,0,0,0,829,249,19,0,1097,0,0,0,1097
01/14/2017,DTW,MI,AGL,CE,Towers with Radar,568,137,2,0,707,0,0,4,0,4,568,137,6,0,711,0,0,0,711
01/15/2017,DTW,MI,AGL,CE,Towers with Radar,588,162,10,0,760,0,0,1,0,1,588,162,11,0,761,0,0,0,761
01/16/2017,DTW,MI,AGL,CE,Towers with Radar,815,247,10,0,1072,0,0,0,0,0,815,247,10,0,1072,0,0,0,1072
01/17/2017,DTW,MI,AGL,CE,Towers with Radar,801,263,17,0,1081,0,0,0,0,0,801,263,17,0,1081,0,0,0,1081
01/18/2017,DTW,MI,AGL,CE,Towers with Radar,811,251,15,0,1077,0,0,0,0,0,811,251,15,0,1077,0,0,0,1077
01/19/2017,DTW,MI,AGL,CE,Towers with Radar,830,257,11,1,1099,0,0,2,0,2,830,257,13,1,1101,0,0,0,1101
01/20/2017,DTW,MI,AGL,CE,Towers with Radar,821,241,11,0,1073,0,0,0,0,0,821,241,11,0,1073,0,0,0,1073
01/21/2017,DTW,MI,AGL,CE,Towers with Radar,610,136,9,0,755,0,0,0,0,0,610,136,9,0,755,0,0,0,755
01/22/2017,DTW,MI,AGL,CE,Towers with Radar,663,134,3,0,800,0,0,0,0,0,663,134,3,0,800,0,0,0,800
01/23/2017,DTW,MI,AGL,CE,Towers with Radar,808,253,23,0,1084,0,0,0,0,0,808,253,23,0,1084,0,0,0,1084
01/24/2017,DTW,MI,AGL,CE,Towers with Radar,808,257,14,0,1079,0,0,0,0,0,808,257,14,0,1079,0,0,0,1079
01/25/2017,DTW,MI,AGL,CE,Towers with Radar,806,248,20,0,1074,0,0,0,0,0,806,248,20,0,1074,0,0,0,1074
01/26/2017,DTW,MI,AGL,CE,Towers with Radar,829,262,13,0,1104,0,0,0,0,0,829,262,13,0,1104,0,0,0,1104
01/27/2017,DTW,MI,AGL,CE,Towers with Radar,820,256,7,0,1083,0,0,0,0,0,820,256,7,0,1083,0,0,0,1083
01/28/2017,DTW,MI,AGL,CE,Towers with Radar,614,151,10,0,775,0,0,0,0,0,614,151,10,0,775,0,0,0,775
01/29/2017,DTW,MI,AGL,CE,Towers with Radar,651,212,7,0,870,0,0,0,0,0,651,212,7,0,870,0,0,0,870
01/30/2017,DTW,MI,AGL,CE,Towers with Radar,852,247,18,0,1117,0,0,0,0,0,852,247,18,0,1117,0,0,0,1117
01/31/2017,DTW,MI,AGL,CE,Towers with Radar,789,254,20,0,1063,0,0,0,0,0,789,254,20,0,1063,0,0,0,1063
02/01/2017,DTW,MI,AGL,CE,Towers with Radar,807,256,16,0,1079,0,1,2,0,3,807,257,18,0,1082,0,0,0,1082
02/02/2017,DTW,MI,AGL,CE,Towers with Radar,845,260,11,0,1116,0,0,0,0,0,845,260,11,0,1116,0,0,0,1116
02/03/2017,DTW,MI,AGL,CE,Towers with Radar,832,265,11,0,1108,0,0,0,0,0,832,265,11,0,1108,0,0,0,1108
02/04/2017,DTW,MI,AGL,CE,Towers with Radar,570,136,17,0,723,0,0,0,0,0,570,136,17,0,723,0,0,0,723
02/05/2017,DTW,MI,AGL,CE,Towers with Radar,579,161,7,0,747,0,0,0,0,0,579,161,7,0,747,0,0,0,747
02/06/2017,DTW,MI,AGL,CE,Towers with Radar,816,256,21,0,1093,0,0,3,0,3,816,256,24,0,1096,0,0,0,1096
02/07/2017,DTW,MI,AGL,CE,Towers with Radar,798,247,27,0,1072,0,0,0,0,0,798,247,27,0,1072,0,0,0,1072
02/08/2017,DTW,MI,AGL,CE,Towers with Radar,803,258,23,0,1084,0,0,0,0,0,803,258,23,0,1084,0,0,0,1084
02/09/2017,DTW,MI,AGL,CE,Towers with Radar,787,238,19,0,1044,0,0,0,0,0,787,238,19,0,1044,0,0,0,1044
02/10/2017,DTW,MI,AGL,CE,Towers with Radar,842,254,13,0,1109,0,0,0,0,0,842,254,13,0,1109,0,0,0,1109
02/11/2017,DTW,MI,AGL,CE,Towers with Radar,624,146,8,0,778,0,0,2,0,2,624,146,10,0,780,0,0,0,780
02/12/2017,DTW,MI,AGL,CE,Towers with Radar,757,187,5,0,949,0,0,0,0,0,757,187,5,0,949,0,0,0,949
02/13/2017,DTW,MI,AGL,CE,Towers with Radar,808,250,11,0,1069,0,0,4,0,4,808,250,15,0,1073,0,0,0,1073
02/14/2017,DTW,MI,AGL,CE,Towers with Radar,801,245,6,0,1052,0,0,0,0,0,801,245,6,0,1052,0,0,0,1052
02/15/2017,DTW,MI,AGL,CE,Towers with Radar,809,249,20,0,1078,0,0,0,0,0,809,249,20,0,1078,0,0,0,1078
02/16/2017,DTW,MI,AGL,CE,Towers with Radar,839,264,26,0,1129,0,0,4,0,4,839,264,30,0,1133,0,0,0,1133
02/17/2017,DTW,MI,AGL,CE,Towers with Radar,853,249,23,0,1125,0,0,4,0,4,853,249,27,0,1129,0,0,0,1129
02/18/2017,DTW,MI,AGL,CE,Towers with Radar,591,134,11,0,736,0,0,1,0,1,591,134,12,0,737,0,0,0,737
02/19/2017,DTW,MI,AGL,CE,Towers with Radar,611,150,17,0,778,0,0,4,0,4,611,150,21,0,782,0,0,0,782
02/20/2017,DTW,MI,AGL,CE,Towers with Radar,853,242,14,0,1109,0,0,1,0,1,853,242,15,0,1110,0,0,0,1110
02/21/2017,DTW,MI,AGL,CE,Towers with Radar,843,259,26,0,1128,0,0,1,0,1,843,259,27,0,1129,0,0,0,1129
02/22/2017,DTW,MI,AGL,CE,Towers with Radar,843,253,27,0,1123,0,0,0,0,0,843,253,27,0,1123,0,0,0,1123
02/23/2017,DTW,MI,AGL,CE,Towers with Radar,848,256,17,0,1121,0,1,2,0,3,848,257,19,0,1124,0,0,0,1124
02/24/2017,DTW,MI,AGL,CE,Towers with Radar,855,252,22,0,1129,0,0,1,0,1,855,252,23,0,1130,0,0,0,1130
02/25/2017,DTW,MI,AGL,CE,Towers with Radar,647,157,4,0,808,0,0,0,0,0,647,157,4,0,808,0,0,0,808
02/26/2017,DTW,MI,AGL,CE,Towers with Radar,784,213,14,0,1011,0,0,1,0,1,784,213,15,0,1012,0,0,0,1012
02/27/2017,DTW,MI,AGL,CE,Towers with Radar,848,247,16,2,1113,0,0,0,0,0,848,247,16,2,1113,0,0,0,1113
02/28/2017,DTW,MI,AGL,CE,Towers with Radar,840,244,19,0,1103,0,0,2,0,2,840,244,21,0,1105,0,0,0,1105
03/01/2017,DTW,MI,AGL,CE,Towers with Radar,831,229,18,0,1078,0,0,2,0,2,831,229,20,0,1080,0,0,0,1080
03/02/2017,DTW,MI,AGL,CE,Towers with Radar,857,240,20,0,1117,0,0,2,0,2,857,240,22,0,1119,0,0,0,1119
03/03/2017,DTW,MI,AGL,CE,Towers with Radar,858,240,25,0,1123,0,0,0,0,0,858,240,25,0,1123,0,0,0,1123
03/04/2017,DTW,MI,AGL,CE,Towers with Radar,646,158,7,0,811,0,0,2,0,2,646,158,9,0,813,0,0,0,813
03/05/2017,DTW,MI,AGL,CE,Towers with Radar,780,207,12,0,999,0,0,10,0,10,780,207,22,0,1009,0,0,0,1009
03/06/2017,DTW,MI,AGL,CE,Towers with Radar,852,238,12,0,1102,0,0,4,0,4,852,238,16,0,1106,0,0,0,1106
03/07/2017,DTW,MI,AGL,CE,Towers with Radar,862,236,6,0,1104,0,0,0,0,0,862,236,6,0,1104,0,0,0,1104
03/08/2017,DTW,MI,AGL,CE,Towers with Radar,863,256,26,2,1147,0,0,0,0,0,863,256,26,2,1147,0,0,0,1147
03/09/2017,DTW,MI,AGL,CE,Towers with Radar,869,296,14,2,1181,0,0,3,0,3,869,296,17,2,1184,0,0,0,1184
03/10/2017,DTW,MI,AGL,CE,Towers with Radar,869,274,12,0,1155,0,0,0,0,0,869,274,12,0,1155,0,0,0,1155
03/11/2017,DTW,MI,AGL,CE,Towers with Radar,673,181,9,0,863,0,0,2,0,2,673,181,11,0,865,0,0,0,865
03/12/2017,DTW,MI,AGL,CE,Towers with Radar,796,259,6,2,1063,0,0,0,2,2,796,259,6,4,1065,0,0,0,1065
03/13/2017,DTW,MI,AGL,CE,Towers with Radar,811,266,14,1,1092,0,0,0,0,0,811,266,14,1,1092,0,0,0,1092
03/14/2017,DTW,MI,AGL,CE,Towers with Radar,756,214,11,0,981,0,0,4,0,4,756,214,15,0,985,0,0,0,985
03/15/2017,DTW,MI,AGL,CE,Towers with Radar,860,259,17,1,1137,0,0,1,1,2,860,259,18,2,1139,0,0,0,1139
03/16/2017,DTW,MI,AGL,CE,Towers with Radar,886,284,9,2,1181,0,1,5,0,6,886,285,14,2,1187,0,0,0,1187
03/17/2017,DTW,MI,AGL,CE,Towers with Radar,872,282,16,0,1170,0,1,0,0,1,872,283,16,0,1171,0,0,0,1171
03/18/2017,DTW,MI,AGL,CE,Towers with Radar,660,174,6,0,840,0,0,0,0,0,660,174,6,0,840,0,0,0,840
03/19/2017,DTW,MI,AGL,CE,Towers with Radar,796,250,12,0,1058,0,0,2,0,2,796,250,14,0,1060,0,0,0,1060
03/20/2017,DTW,MI,AGL,CE,Towers with Radar,863,277,12,0,1152,0,0,0,0,0,863,277,12,0,1152,0,0,0,1152
03/21/2017,DTW,MI,AGL,CE,Towers with Radar,857,273,19,0,1149,0,0,0,0,0,857,273,19,0,1149,0,0,0,1149
03/22/2017,DTW,MI,AGL,CE,Towers with Radar,859,282,22,0,1163,0,0,0,0,0,859,282,22,0,1163,0,0,0,1163
03/23/2017,DTW,MI,AGL,CE,Towers with Radar,877,281,14,0,1172,0,0,2,0,2,877,281,16,0,1174,0,0,0,1174
03/24/2017,DTW,MI,AGL,CE,Towers with Radar,878,285,21,2,1186,0,0,0,0,0,878,285,21,2,1186,0,0,0,1186
03/25/2017,DTW,MI,AGL,CE,Towers with Radar,674,175,2,2,853,0,0,0,0,0,674,175,2,2,853,0,0,0,853
03/26/2017,DTW,MI,AGL,CE,Towers with Radar,796,252,6,2,1056,0,0,0,0,0,796,252,6,2,1056,0,0,0,1056
03/27/2017,DTW,MI,AGL,CE,Towers with Radar,864,277,12,2,1155,0,0,2,0,2,864,277,14,2,1157,0,0,0,1157
03/28/2017,DTW,MI,AGL,CE,Towers with Radar,864,278,23,0,1165,0,0,13,0,13,864,278,36,0,1178,0,0,0,1178
03/29/2017,DTW,MI,AGL,CE,Towers with Radar,850,286,16,0,1152,0,0,3,0,3,850,286,19,0,1155,0,0,0,1155
03/30/2017,DTW,MI,AGL,CE,Towers with Radar,873,287,14,0,1174,0,0,0,0,0,873,287,14,0,1174,0,0,0,1174
03/31/2017,DTW,MI,AGL,CE,Towers with Radar,882,291,19,1,1193,0,0,0,0,0,882,291,19,1,1193,0,0,0,1193
04/01/2017,DTW,MI,AGL,CE,Towers with Radar,666,194,15,0,875,0,0,2,0,2,666,194,17,0,877,0,0,0,877
04/02/2017,DTW,MI,AGL,CE,Towers with Radar,812,259,6,0,1077,0,1,2,0,3,812,260,8,0,1080,0,0,0,1080
04/03/2017,DTW,MI,AGL,CE,Towers with Radar,863,282,9,0,1154,0,0,0,0,0,863,282,9,0,1154,0,0,0,1154
04/04/2017,DTW,MI,AGL,CE,Towers with Radar,858,279,13,0,1150,0,0,0,0,0,858,279,13,0,1150,0,0,0,1150
04/05/2017,DTW,MI,AGL,CE,Towers with Radar,800,283,16,0,1099,0,0,0,0,0,800,283,16,0,1099,0,0,0,1099
04/06/2017,DTW,MI,AGL,CE,Towers with Radar,775,277,25,0,1077,0,0,0,0,0,775,277,25,0,1077,0,0,0,1077
04/07/2017,DTW,MI,AGL,CE,Towers with Radar,777,272,15,0,1064,0,0,0,0,0,777,272,15,0,1064,0,0,0,1064
04/08/2017,DTW,MI,AGL,CE,Towers with Radar,616,182,19,0,817,0,0,4,0,4,616,182,23,0,821,0,0,0,821
04/09/2017,DTW,MI,AGL,CE,Towers with Radar,815,248,14,0,1077,0,0,0,0,0,815,248,14,0,1077,0,0,0,1077
04/10/2017,DTW,MI,AGL,CE,Towers with Radar,863,294,25,0,1182,0,0,0,1,1,863,294,25,1,1183,0,0,0,1183
04/11/2017,DTW,MI,AGL,CE,Towers with Radar,879,285,13,0,1177,0,0,2,0,2,879,285,15,0,1179,0,0,0,1179
04/12/2017,DTW,MI,AGL,CE,Towers with Radar,854,290,19,0,1163,0,0,3,0,3,854,290,22,0,1166,0,0,0,1166
04/13/2017,DTW,MI,AGL,CE,Towers with Radar,898,288,25,0,1211,0,0,1,0,1,898,288,26,0,1212,0,0,0,1212
04/14/2017,DTW,MI,AGL,CE,Towers with Radar,887,287,3,0,1177,0,0,6,0,6,887,287,9,0,1183,0,0,0,1183
04/15/2017,DTW,MI,AGL,CE,Towers with Radar,636,143,0,0,779,0,0,2,0,2,636,143,2,0,781,0,0,0,781
04/16/2017,DTW,MI,AGL,CE,Towers with Radar,693,186,14,0,893,0,0,2,0,2,693,186,16,0,895,0,0,0,895
04/17/2017,DTW,MI,AGL,CE,Towers with Radar,863,281,10,1,1155,0,0,6,0,6,863,281,16,1,1161,0,0,0,1161
04/18/2017,DTW,MI,AGL,CE,Towers with Radar,868,283,13,2,1166,0,0,3,0,3,868,283,16,2,1169,0,0,0,1169
04/19/2017,DTW,MI,AGL,CE,Towers with Radar,849,283,4,0,1136,0,0,0,0,0,849,283,4,0,1136,0,0,0,1136
04/20/2017,DTW,MI,AGL,CE,Towers with Radar,811,255,13,0,1079,0,0,0,0,0,811,255,13,0,1079,0,0,0,1079
04/21/2017,DTW,MI,AGL,CE,Towers with Radar,937,305,13,0,1255,0,0,0,0,0,937,305,13,0,1255,0,0,0,1255
04/22/2017,DTW,MI,AGL,CE,Towers with Radar,650,181,4,2,837,0,0,6,0,6,650,181,10,2,843,0,0,0,843
04/23/2017,DTW,MI,AGL,CE,Towers with Radar,829,250,5,0,1084,0,0,0,0,0,829,250,5,0,1084,0,0,0,1084
04/24/2017,DTW,MI,AGL,CE,Towers with Radar,872,286,9,0,1167,0,0,5,0,5,872,286,14,0,1172,0,0,0,1172
04/25/2017,DTW,MI,AGL,CE,Towers with Radar,867,285,18,0,1170,0,1,3,0,4,867,286,21,0,1174,0,0,0,1174
04/26/2017,DTW,MI,AGL,CE,Towers with Radar,855,291,22,0,1168,0,0,9,0,9,855,291,31,0,1177,0,0,0,1177
04/27/2017,DTW,MI,AGL,CE,Towers with Radar,878,290,31,0,1199,0,0,0,2,2,878,290,31,2,1201,0,0,0,1201
04/28/2017,DTW,MI,AGL,CE,Towers with Radar,873,289,13,0,1175,0,0,2,0,2,873,289,15,0,1177,0,0,0,1177
04/29/2017,DTW,MI,AGL,CE,Towers with Radar,630,187,7,2,826,0,0,3,0,3,630,187,10,2,829,0,0,0,829
04/30/2017,DTW,MI,AGL,CE,Towers with Radar,797,249,12,1,1059,0,0,0,0,0,797,249,12,1,1059,0,0,0,1059
05/01/2017,DTW,MI,AGL,CE,Towers with Radar,892,255,16,0,1163,0,0,0,0,0,892,255,16,0,1163,0,0,0,1163
05/02/2017,DTW,MI,AGL,CE,Towers with Radar,903,254,24,0,1181,0,0,2,0,2,903,254,26,0,1183,0,0,0,1183
05/03/2017,DTW,MI,AGL,CE,Towers with Radar,893,256,13,0,1162,0,0,2,0,2,893,256,15,0,1164,0,0,0,1164
05/04/2017,DTW,MI,AGL,CE,Towers with Radar,899,256,19,0,1174,0,0,0,0,0,899,256,19,0,1174,0,0,0,1174
05/05/2017,DTW,MI,AGL,CE,Towers with Radar,884,249,12,0,1145,0,0,0,0,0,884,249,12,0,1145,0,0,0,1145
05/06/2017,DTW,MI,AGL,CE,Towers with Radar,652,155,10,0,817,0,0,0,0,0,652,155,10,0,817,0,0,0,817
05/07/2017,DTW,MI,AGL,CE,Towers with Radar,827,220,11,0,1058,1,0,3,0,4,828,220,14,0,1062,0,0,0,1062
05/08/2017,DTW,MI,AGL,CE,Towers with Radar,897,263,28,0,1188,0,0,2,0,2,897,263,30,0,1190,0,0,0,1190
05/09/2017,DTW,MI,AGL,CE,Towers with Radar,905,251,9,0,1165,0,0,0,2,2,905,251,9,2,1167,0,0,0,1167
05/10/2017,DTW,MI,AGL,CE,Towers with Radar,898,255,11,0,1164,0,0,4,0,4,898,255,15,0,1168,0,0,0,1168
05/11/2017,DTW,MI,AGL,CE,Towers with Radar,920,252,27,0,1199,0,0,0,0,0,920,252,27,0,1199,0,0,0,1199
05/12/2017,DTW,MI,AGL,CE,Towers with Radar,915,261,17,0,1193,0,0,2,0,2,915,261,19,0,1195,0,0,0,1195
05/13/2017,DTW,MI,AGL,CE,Towers with Radar,636,140,13,0,789,0,0,4,0,4,636,140,17,0,793,0,0,0,793
05/14/2017,DTW,MI,AGL,CE,Towers with Radar,728,164,6,0,898,0,0,2,0,2,728,164,8,0,900,0,0,0,900
05/15/2017,DTW,MI,AGL,CE,Towers with Radar,909,253,19,0,1181,0,0,0,0,0,909,253,19,0,1181,0,0,0,1181
05/16/2017,DTW,MI,AGL,CE,Towers with Radar,911,256,20,0,1187,0,0,0,0,0,911,256,20,0,1187,0,0,0,1187
05/17/2017,DTW,MI,AGL,CE,Towers with Radar,901,246,24,0,1171,0,0,2,0,2,901,246,26,0,1173,0,0,0,1173
05/18/2017,DTW,MI,AGL,CE,Towers with Radar,940,259,22,0,1221,1,0,1,0,2,941,259,23,0,1223,0,0,0,1223
05/19/2017,DTW,MI,AGL,CE,Towers with Radar,927,255,21,0,1203,0,0,0,0,0,927,255,21,0,1203,0,0,0,1203
05/20/2017,DTW,MI,AGL,CE,Towers with Radar,662,166,11,0,839,0,0,0,0,0,662,166,11,0,839,0,0,0,839
05/21/2017,DTW,MI,AGL,CE,Towers with Radar,836,232,7,0,1075,0,1,0,0,1,836,233,7,0,1076,0,0,0,1076
05/22/2017,DTW,MI,AGL,CE,Towers with Radar,905,252,12,0,1169,0,1,3,0,4,905,253,15,0,1173,0,0,0,1173
05/23/2017,DTW,MI,AGL,CE,Towers with Radar,913,253,20,0,1186,0,0,0,0,0,913,253,20,0,1186,0,0,0,1186
05/24/2017,DTW,MI,AGL,CE,Towers with Radar,892,260,17,0,1169,0,0,0,0,0,892,260,17,0,1169,0,0,0,1169
05/25/2017,DTW,MI,AGL,CE,Towers with Radar,919,259,22,1,1201,0,0,0,0,0,919,259,22,1,1201,0,0,0,1201
05/26/2017,DTW,MI,AGL,CE,Towers with Radar,950,258,16,0,1224,0,0,0,0,0,950,258,16,0,1224,0,0,0,1224
05/27/2017,DTW,MI,AGL,CE,Towers with Radar,626,144,1,0,771,0,0,0,0,0,626,144,1,0,771,0,0,0,771
05/28/2017,DTW,MI,AGL,CE,Towers with Radar,614,143,2,0,759,0,0,0,0,0,614,143,2,0,759,0,0,0,759
05/29/2017,DTW,MI,AGL,CE,Towers with Radar,838,214,4,0,1056,0,0,0,0,0,838,214,4,0,1056,0,0,0,1056
05/30/2017,DTW,MI,AGL,CE,Towers with Radar,896,249,25,0,1170,0,0,0,0,0,896,249,25,0,1170,0,0,0,1170
05/31/2017,DTW,MI,AGL,CE,Towers with Radar,929,256,16,0,1201,0,0,10,0,10,929,256,26,0,1211,0,0,0,1211
06/01/2017,DTW,MI,AGL,CE,Towers with Radar,935,257,20,0,1212,0,0,3,0,3,935,257,23,0,1215,0,0,0,1215
06/02/2017,DTW,MI,AGL,CE,Towers with Radar,923,254,10,1,1188,0,1,0,0,1,923,255,10,1,1189,0,0,0,1189
06/03/2017,DTW,MI,AGL,CE,Towers with Radar,651,150,1,0,802,0,0,2,0,2,651,150,3,0,804,0,0,0,804
06/04/2017,DTW,MI,AGL,CE,Towers with Radar,843,220,14,3,1080,0,0,0,0,0,843,220,14,3,1080,0,0,0,1080
06/05/2017,DTW,MI,AGL,CE,Towers with Radar,911,251,14,0,1176,0,0,0,0,0,911,251,14,0,1176,0,0,0,1176
06/06/2017,DTW,MI,AGL,CE,Towers with Radar,913,267,21,0,1201,0,0,7,0,7,913,267,28,0,1208,0,0,0,1208
06/07/2017,DTW,MI,AGL,CE,Towers with Radar,910,254,16,0,1180,0,0,14,0,14,910,254,30,0,1194,0,0,0,1194
06/08/2017,DTW,MI,AGL,CE,Towers with Radar,917,263,21,0,1201,0,0,1,0,1,917,263,22,0,1202,0,0,0,1202
06/09/2017,DTW,MI,AGL,CE,Towers with Radar,925,254,16,0,1195,0,0,2,0,2,925,254,18,0,1197,0,0,0,1197
06/10/2017,DTW,MI,AGL,CE,Towers with Radar,680,150,6,0,836,0,0,0,0,0,680,150,6,0,836,0,0,0,836
06/11/2017,DTW,MI,AGL,CE,Towers with Radar,852,227,11,0,1090,0,0,1,0,1,852,227,12,0,1091,0,0,0,1091
06/12/2017,DTW,MI,AGL,CE,Towers with Radar,906,287,11,0,1204,0,0,2,1,3,906,287,13,1,1207,0,0,0,1207
06/13/2017,DTW,MI,AGL,CE,Towers with Radar,914,285,34,0,1233,0,0,4,0,4,914,285,38,0,1237,0,0,0,1237
06/14/2017,DTW,MI,AGL,CE,Towers with Radar,902,283,27,0,1212,0,0,3,0,3,902,283,30,0,1215,0,0,0,1215
06/15/2017,DTW,MI,AGL,CE,Towers with Radar,930,281,20,0,1231,0,0,1,0,1,930,281,21,0,1232,0,0,0,1232
06/16/2017,DTW,MI,AGL,CE,Towers with Radar,923,279,13,0,1215,0,0,3,0,3,923,279,16,0,1218,0,0,0,1218
06/17/2017,DTW,MI,AGL,CE,Towers with Radar,699,166,13,0,878,0,0,2,0,2,699,166,15,0,880,0,0,0,880
06/18/2017,DTW,MI,AGL,CE,Towers with Radar,860,258,9,0,1127,0,0,0,0,0,860,258,9,0,1127,0,0,0,1127
06/19/2017,DTW,MI,AGL,CE,Towers with Radar,856,262,21,0,1139,0,0,6,0,6,856,262,27,0,1145,0,0,0,1145
06/20/2017,DTW,MI,AGL,CE,Towers with Radar,939,286,20,0,1245,0,0,2,0,2,939,286,22,0,1247,0,0,0,1247
06/21/2017,DTW,MI,AGL,CE,Towers with Radar,924,293,15,0,1232,0,0,0,0,0,924,293,15,0,1232,0,0,0,1232
06/22/2017,DTW,MI,AGL,CE,Towers with Radar,910,282,14,0,1206,0,0,6,0,6,910,282,20,0,1212,0,0,0,1212
06/23/2017,DTW,MI,AGL,CE,Towers with Radar,948,278,17,0,1243,0,1,2,0,3,948,279,19,0,1246,0,0,0,1246
06/24/2017,DTW,MI,AGL,CE,Towers with Radar,693,170,6,0,869,0,0,2,0,2,693,170,8,0,871,0,0,0,871
06/25/2017,DTW,MI,AGL,CE,Towers with Radar,860,266,19,0,1145,0,0,2,0,2,860,266,21,0,1147,0,0,0,1147
06/26/2017,DTW,MI,AGL,CE,Towers with Radar,907,291,16,0,1214,0,0,6,0,6,907,291,22,0,1220,0,0,0,1220
06/27/2017,DTW,MI,AGL,CE,Towers with Radar,911,289,21,0,1221,0,0,3,0,3,911,289,24,0,1224,0,0,0,1224
06/28/2017,DTW,MI,AGL,CE,Towers with Radar,914,293,24,0,1231,0,0,2,0,2,914,293,26,0,1233,0,0,0,1233
06/29/2017,DTW,MI,AGL,CE,Towers with Radar,926,302,16,0,1244,0,0,0,0,0,926,302,16,0,1244,0,0,0,1244
06/30/2017,DTW,MI,AGL,CE,Towers with Radar,907,281,20,0,1208,0,0,1,0,1,907,281,21,0,1209,0,0,0,1209
07/01/2017,DTW,MI,AGL,CE,Towers with Radar,689,171,14,0,874,0,1,0,0,1,689,172,14,0,875,0,0,0,875
07/02/2017,DTW,MI,AGL,CE,Towers with Radar,689,193,5,0,887,0,0,0,0,0,689,193,5,0,887,0,0,0,887
07/03/2017,DTW,MI,AGL,CE,Towers with Radar,696,192,8,1,897,0,0,1,0,1,696,192,9,1,898,0,0,0,898
07/04/2017,DTW,MI,AGL,CE,Towers with Radar,702,185,5,0,892,0,0,5,0,5,702,185,10,0,897,0,0,0,897
07/05/2017,DTW,MI,AGL,CE,Towers with Radar,854,252,12,0,1118,0,0,5,0,5,854,252,17,0,1123,0,0,0,1123
07/06/2017,DTW,MI,AGL,CE,Towers with Radar,859,263,11,0,1133,0,0,4,0,4,859,263,15,0,1137,0,0,0,1137
07/07/2017,DTW,MI,AGL,CE,Towers with Radar,858,258,14,0,1130,0,0,0,0,0,858,258,14,0,1130,0,0,0,1130
07/08/2017,DTW,MI,AGL,CE,Towers with Radar,693,187,5,0,885,0,0,3,0,3,693,187,8,0,888,0,0,0,888
07/09/2017,DTW,MI,AGL,CE,Towers with Radar,876,265,12,0,1153,0,0,3,0,3,876,265,15,0,1156,0,0,0,1156
07/10/2017,DTW,MI,AGL,CE,Towers with Radar,897,280,9,0,1186,0,0,3,0,3,897,280,12,0,1189,0,0,0,1189
07/11/2017,DTW,MI,AGL,CE,Towers with Radar,950,288,10,0,1248,0,0,5,0,5,950,288,15,0,1253,0,0,0,1253
07/12/2017,DTW,MI,AGL,CE,Towers with Radar,906,300,12,2,1220,0,0,4,0,4,906,300,16,2,1224,0,0,0,1224
07/13/2017,DTW,MI,AGL,CE,Towers with Radar,929,300,13,0,1242,0,0,0,0,0,929,300,13,0,1242,0,0,0,1242
07/14/2017,DTW,MI,AGL,CE,Towers with Radar,916,285,18,0,1219,0,0,2,0,2,916,285,20,0,1221,0,0,0,1221
07/15/2017,DTW,MI,AGL,CE,Towers with Radar,695,172,7,0,874,0,0,2,0,2,695,172,9,0,876,0,0,0,876
07/16/2017,DTW,MI,AGL,CE,Towers with Radar,876,265,13,0,1154,0,0,2,0,2,876,265,15,0,1156,0,0,0,1156
07/17/2017,DTW,MI,AGL,CE,Towers with Radar,902,284,27,0,1213,0,0,6,0,6,902,284,33,0,1219,0,0,0,1219
07/18/2017,DTW,MI,AGL,CE,Towers with Radar,944,291,20,0,1255,0,0,2,0,2,944,291,22,0,1257,0,0,0,1257
07/19/2017,DTW,MI,AGL,CE,Towers with Radar,932,290,12,0,1234,0,0,9,0,9,932,290,21,0,1243,0,0,0,1243
07/20/2017,DTW,MI,AGL,CE,Towers with Radar,944,286,20,0,1250,0,0,0,0,0,944,286,20,0,1250,0,0,0,1250
07/21/2017,DTW,MI,AGL,CE,Towers with Radar,922,286,22,0,1230,0,0,0,0,0,922,286,22,0,1230,0,0,0,1230
07/22/2017,DTW,MI,AGL,CE,Towers with Radar,685,179,7,0,871,0,0,0,0,0,685,179,7,0,871,0,0,0,871
07/23/2017,DTW,MI,AGL,CE,Towers with Radar,852,260,7,0,1119,0,0,2,0,2,852,260,9,0,1121,0,0,0,1121
07/24/2017,DTW,MI,AGL,CE,Towers with Radar,910,291,22,0,1223,1,0,2,0,3,911,291,24,0,1226,0,0,0,1226
07/25/2017,DTW,MI,AGL,CE,Towers with Radar,938,282,13,0,1233,0,1,2,0,3,938,283,15,0,1236,0,0,0,1236
07/26/2017,DTW,MI,AGL,CE,Towers with Radar,938,285,15,0,1238,0,0,3,1,4,938,285,18,1,1242,0,0,0,1242
07/27/2017,DTW,MI,AGL,CE,Towers with Radar,940,288,25,1,1254,0,0,2,0,2,940,288,27,1,1256,0,0,0,1256
07/28/2017,DTW,MI,AGL,CE,Towers with Radar,924,307,25,0,1256,0,0,1,0,1,924,307,26,0,1257,0,0,0,1257
07/29/2017,DTW,MI,AGL,CE,Towers with Radar,686,175,10,0,871,0,0,2,0,2,686,175,12,0,873,0,0,0,873
07/30/2017,DTW,MI,AGL,CE,Towers with Radar,875,266,24,0,1165,0,0,1,2,3,875,266,25,2,1168,0,0,0,1168
07/31/2017,DTW,MI,AGL,CE,Towers with Radar,922,292,14,0,1228,0,0,0,0,0,922,292,14,0,1228,0,0,0,1228
08/01/2017,DTW,MI,AGL,CE,Towers with Radar,942,288,10,2,1242,0,1,10,0,11,942,289,20,2,1253,0,0,0,1253
08/02/2017,DTW,MI,AGL,CE,Towers with Radar,911,283,19,0,1213,0,0,0,0,0,911,283,19,0,1213,0,0,0,1213
08/03/2017,DTW,MI,AGL,CE,Towers with Radar,926,280,24,0,1230,0,0,0,0,0,926,280,24,0,1230,0,0,0,1230
08/04/2017,DTW,MI,AGL,CE,Towers with Radar,928,283,8,0,1219,0,0,0,0,0,928,283,8,0,1219,0,0,0,1219
08/05/2017,DTW,MI,AGL,CE,Towers with Radar,693,174,15,0,882,0,0,11,0,11,693,174,26,0,893,0,0,0,893
08/06/2017,DTW,MI,AGL,CE,Towers with Radar,865,271,17,0,1153,0,0,0,0,0,865,271,17,0,1153,0,0,0,1153
08/07/2017,DTW,MI,AGL,CE,Towers with Radar,924,296,19,0,1239,0,0,2,0,2,924,296,21,0,1241,0,0,0,1241
08/08/2017,DTW,MI,AGL,CE,Towers with Radar,947,303,27,0,1277,0,0,2,0,2,947,303,29,0,1279,0,0,0,1279
08/09/2017,DTW,MI,AGL,CE,Towers with Radar,930,295,21,0,1246,0,0,0,0,0,930,295,21,0,1246,0,0,0,1246
08/10/2017,DTW,MI,AGL,CE,Towers with Radar,930,292,35,0,1257,0,0,4,0,4,930,292,39,0,1261,0,0,0,1261
08/11/2017,DTW,MI,AGL,CE,Towers with Radar,932,299,21,0,1252,0,0,0,0,0,932,299,21,0,1252,0,0,0,1252
08/12/2017,DTW,MI,AGL,CE,Towers with Radar,699,178,13,0,890,0,0,0,0,0,699,178,13,0,890,0,0,0,890
08/13/2017,DTW,MI,AGL,CE,Towers with Radar,890,266,14,0,1170,0,0,0,0,0,890,266,14,0,1170,0,0,0,1170
08/14/2017,DTW,MI,AGL,CE,Towers with Radar,920,299,11,0,1230,0,0,0,0,0,920,299,11,0,1230,0,0,0,1230
08/15/2017,DTW,MI,AGL,CE,Towers with Radar,925,272,18,0,1215,0,0,0,0,0,925,272,18,0,1215,0,0,0,1215
08/16/2017,DTW,MI,AGL,CE,Towers with Radar,933,275,18,0,1226,0,0,5,0,5,933,275,23,0,1231,0,0,0,1231
08/17/2017,DTW,MI,AGL,CE,Towers with Radar,930,279,17,0,1226,0,0,0,0,0,930,279,17,0,1226,0,0,0,1226
08/18/2017,DTW,MI,AGL,CE,Towers with Radar,894,265,13,1,1173,0,0,1,0,1,894,265,14,1,1174,0,0,0,1174
08/19/2017,DTW,MI,AGL,CE,Towers with Radar,714,153,12,1,880,0,0,2,0,2,714,153,14,1,882,0,0,0,882
08/20/2017,DTW,MI,AGL,CE,Towers with Radar,862,248,3,0,1113,0,0,0,0,0,862,248,3,0,1113,0,0,0,1113
08/21/2017,DTW,MI,AGL,CE,Towers with Radar,897,272,14,0,1183,0,0,2,0,2,897,272,16,0,1185,0,0,0,1185
08/22/2017,DTW,MI,AGL,CE,Towers with Radar,917,272,18,0,1207,0,0,3,0,3,917,272,21,0,1210,0,0,0,1210
08/23/2017,DTW,MI,AGL,CE,Towers with Radar,929,279,19,0,1227,0,0,15,0,15,929,279,34,0,1242,0,0,0,1242
08/24/2017,DTW,MI,AGL,CE,Towers with Radar,927,283,20,0,1230,0,0,1,0,1,927,283,21,0,1231,0,0,0,1231
08/25/2017,DTW,MI,AGL,CE,Towers with Radar,917,275,16,0,1208,0,0,2,0,2,917,275,18,0,1210,0,0,0,1210
08/26/2017,DTW,MI,AGL,CE,Towers with Radar,665,161,8,0,834,0,0,0,0,0,665,161,8,0,834,0,0,0,834
08/27/2017,DTW,MI,AGL,CE,Towers with Radar,820,227,4,0,1051,0,1,6,0,7,820,228,10,0,1058,0,0,0,1058
08/28/2017,DTW,MI,AGL,CE,Towers with Radar,870,255,8,0,1133,0,0,1,0,1,870,255,9,0,1134,0,0,0,1134
08/29/2017,DTW,MI,AGL,CE,Towers with Radar,888,270,15,1,1174,0,0,0,0,0,888,270,15,1,1174,0,0,0,1174
08/30/2017,DTW,MI,AGL,CE,Towers with Radar,887,274,12,0,1173,0,0,2,0,2,887,274,14,0,1175,0,0,0,1175
08/31/2017,DTW,MI,AGL,CE,Towers with Radar,893,261,28,0,1182,0,0,6,0,6,893,261,34,0,1188,0,0,0,1188
09/01/2017,DTW,MI,AGL,CE,Towers with Radar,921,269,13,0,1203,0,1,5,0,6,921,270,18,0,1209,0,0,0,1209
09/02/2017,DTW,MI,AGL,CE,Towers with Radar,618,133,6,0,757,0,0,3,0,3,618,133,9,0,760,0,0,0,760
09/03/2017,DTW,MI,AGL,CE,Towers with Radar,622,151,3,0,776,0,0,0,0,0,622,151,3,0,776,0,0,0,776
09/04/2017,DTW,MI,AGL,CE,Towers with Radar,766,215,15,0,996,0,0,2,0,2,766,215,17,0,998,0,0,0,998
09/05/2017,DTW,MI,AGL,CE,Towers with Radar,863,252,16,0,1131,0,1,0,0,1,863,253,16,0,1132,0,0,0,1132
09/06/2017,DTW,MI,AGL,CE,Towers with Radar,816,218,5,1,1040,0,0,0,0,0,816,218,5,1,1040,0,0,0,1040
09/07/2017,DTW,MI,AGL,CE,Towers with Radar,811,224,25,2,1062,0,0,0,0,0,811,224,25,2,1062,0,0,0,1062
09/08/2017,DTW,MI,AGL,CE,Towers with Radar,807,228,13,2,1050,0,0,8,0,8,807,228,21,2,1058,0,0,0,1058
09/09/2017,DTW,MI,AGL,CE,Towers with Radar,579,141,12,1,733,0,0,2,0,2,579,141,14,1,735,0,0,0,735
09/10/2017,DTW,MI,AGL,CE,Towers with Radar,783,242,11,2,1038,0,0,0,0,0,783,242,11,2,1038,0,0,0,1038
09/11/2017,DTW,MI,AGL,CE,Towers with Radar,859,248,16,1,1124,0,0,4,0,4,859,248,20,1,1128,0,0,0,1128
09/12/2017,DTW,MI,AGL,CE,Towers with Radar,892,255,23,1,1171,0,2,6,0,8,892,257,29,1,1179,0,0,0,1179
09/13/2017,DTW,MI,AGL,CE,Towers with Radar,893,259,25,0,1177,0,0,0,0,0,893,259,25,0,1177,0,0,0,1177
09/14/2017,DTW,MI,AGL,CE,Towers with Radar,920,271,23,0,1214,0,0,2,0,2,920,271,25,0,1216,0,0,0,1216
09/15/2017,DTW,MI,AGL,CE,Towers with Radar,933,260,23,0,1216,0,0,2,0,2,933,260,25,0,1218,0,0,0,1218
09/16/2017,DTW,MI,AGL,CE,Towers with Radar,650,156,9,0,815,0,0,3,0,3,650,156,12,0,818,0,0,0,818
09/17/2017,DTW,MI,AGL,CE,Towers with Radar,860,219,11,0,1090,0,0,1,0,1,860,219,12,0,1091,0,0,0,1091
09/18/2017,DTW,MI,AGL,CE,Towers with Radar,939,251,21,0,1211,0,0,0,0,0,939,251,21,0,1211,0,0,0,1211
09/19/2017,DTW,MI,AGL,CE,Towers with Radar,916,245,23,0,1184,0,0,2,0,2,916,245,25,0,1186,0,0,0,1186
09/20/2017,DTW,MI,AGL,CE,Towers with Radar,912,258,25,0,1195,0,0,8,0,8,912,258,33,0,1203,0,0,0,1203
09/21/2017,DTW,MI,AGL,CE,Towers with Radar,925,254,21,0,1200,0,0,1,0,1,925,254,22,0,1201,0,0,0,1201
09/22/2017,DTW,MI,AGL,CE,Towers with Radar,939,261,20,0,1220,0,1,0,0,1,939,262,20,0,1221,0,0,0,1221
09/23/2017,DTW,MI,AGL,CE,Towers with Radar,658,167,12,0,837,0,0,2,0,2,658,167,14,0,839,0,0,0,839
09/24/2017,DTW,MI,AGL,CE,Towers with Radar,853,231,21,0,1105,0,0,0,0,0,853,231,21,0,1105,0,0,0,1105
09/25/2017,DTW,MI,AGL,CE,Towers with Radar,934,248,18,0,1200,0,0,4,0,4,934,248,22,0,1204,0,0,0,1204
09/26/2017,DTW,MI,AGL,CE,Towers with Radar,917,249,27,0,1193,0,0,6,0,6,917,249,33,0,1199,0,0,0,1199
09/27/2017,DTW,MI,AGL,CE,Towers with Radar,910,251,16,0,1177,0,0,6,1,7,910,251,22,1,1184,0,0,0,1184
09/28/2017,DTW,MI,AGL,CE,Towers with Radar,945,256,12,1,1214,0,0,1,0,1,945,256,13,1,1215,0,0,0,1215
09/29/2017,DTW,MI,AGL,CE,Towers with Radar,931,269,12,0,1212,0,0,0,0,0,931,269,12,0,1212,0,0,0,1212
09/30/2017,DTW,MI,AGL,CE,Towers with Radar,655,159,8,0,822,0,0,5,0,5,655,159,13,0,827,0,0,0,827
10/01/2017,DTW,MI,AGL,CE,Towers with Radar,837,223,15,0,1075,0,0,0,0,0,837,223,15,0,1075,0,0,0,1075
10/02/2017,DTW,MI,AGL,CE,Towers with Radar,912,264,10,0,1186,0,0,2,0,2,912,264,12,0,1188,0,0,0,1188
10/03/2017,DTW,MI,AGL,CE,Towers with Radar,894,259,11,0,1164,0,0,1,0,1,894,259,12,0,1165,0,0,0,1165
10/04/2017,DTW,MI,AGL,CE,Towers with Radar,902,260,20,0,1182,0,0,1,0,1,902,260,21,0,1183,0,0,0,1183
10/05/2017,DTW,MI,AGL,CE,Towers with Radar,920,262,22,0,1204,0,0,5,0,5,920,262,27,0,1209,0,0,0,1209
10/06/2017,DTW,MI,AGL,CE,Towers with Radar,921,270,20,0,1211,0,0,0,0,0,921,270,20,0,1211,0,0,0,1211
10/07/2017,DTW,MI,AGL,CE,Towers with Radar,652,146,10,0,808,0,0,0,0,0,652,146,10,0,808,0,0,0,808
10/08/2017,DTW,MI,AGL,CE,Towers with Radar,815,216,6,0,1037,0,0,1,0,1,815,216,7,0,1038,0,0,0,1038
10/09/2017,DTW,MI,AGL,CE,Towers with Radar,902,242,8,0,1152,0,0,4,0,4,902,242,12,0,1156,0,0,0,1156
10/10/2017,DTW,MI,AGL,CE,Towers with Radar,898,256,22,0,1176,0,0,2,0,2,898,256,24,0,1178,0,0,0,1178
10/11/2017,DTW,MI,AGL,CE,Towers with Radar,888,262,14,0,1164,0,0,0,0,0,888,262,14,0,1164,0,0,0,1164
10/12/2017,DTW,MI,AGL,CE,Towers with Radar,920,266,29,0,1215,0,0,0,0,0,920,266,29,0,1215,0,0,0,1215
10/13/2017,DTW,MI,AGL,CE,Towers with Radar,924,264,38,0,1226,1,0,1,0,2,925,264,39,0,1228,0,0,0,1228
10/14/2017,DTW,MI,AGL,CE,Towers with Radar,652,143,7,0,802,0,0,0,0,0,652,143,7,0,802,0,0,0,802
10/15/2017,DTW,MI,AGL,CE,Towers with Radar,841,214,9,0,1064,0,0,0,0,0,841,214,9,0,1064,0,0,0,1064
10/16/2017,DTW,MI,AGL,CE,Towers with Radar,920,266,26,0,1212,0,0,7,0,7,920,266,33,0,1219,0,0,0,1219
10/17/2017,DTW,MI,AGL,CE,Towers with Radar,896,263,24,0,1183,0,0,0,0,0,896,263,24,0,1183,0,0,0,1183
10/18/2017,DTW,MI,AGL,CE,Towers with Radar,901,257,18,0,1176,0,0,2,0,2,901,257,20,0,1178,0,0,0,1178
10/19/2017,DTW,MI,AGL,CE,Towers with Radar,924,264,31,0,1219,0,0,9,0,9,924,264,40,0,1228,0,0,0,1228
10/20/2017,DTW,MI,AGL,CE,Towers with Radar,926,264,18,0,1208,0,0,0,0,0,926,264,18,0,1208,0,0,0,1208
10/21/2017,DTW,MI,AGL,CE,Towers with Radar,653,161,1,0,815,0,0,2,0,2,653,161,3,0,817,0,0,0,817
10/22/2017,DTW,MI,AGL,CE,Towers with Radar,833,221,10,0,1064,0,0,2,0,2,833,221,12,0,1066,0,0,0,1066
10/23/2017,DTW,MI,AGL,CE,Towers with Radar,898,264,17,0,1179,0,0,0,0,0,898,264,17,0,1179,0,0,0,1179
10/24/2017,DTW,MI,AGL,CE,Towers with Radar,809,240,16,0,1065,0,0,0,0,0,809,240,16,0,1065,0,0,0,1065
10/25/2017,DTW,MI,AGL,CE,Towers with Radar,827,253,9,1,1090,0,0,0,0,0,827,253,9,1,1090,0,0,0,1090
10/26/2017,DTW,MI,AGL,CE,Towers with Radar,926,251,25,1,1203,0,0,2,0,2,926,251,27,1,1205,0,0,0,1205
10/27/2017,DTW,MI,AGL,CE,Towers with Radar,923,264,19,0,1206,0,0,0,0,0,923,264,19,0,1206,0,0,0,1206
10/28/2017,DTW,MI,AGL,CE,Towers with Radar,646,149,4,0,799,0,1,3,0,4,646,150,7,0,803,0,0,0,803
10/29/2017,DTW,MI,AGL,CE,Towers with Radar,751,208,5,0,964,0,0,0,0,0,751,208,5,0,964,0,0,0,964
10/30/2017,DTW,MI,AGL,CE,Towers with Radar,968,267,25,0,1260,2,0,2,0,4,970,267,27,0,1264,0,0,0,1264
10/31/2017,DTW,MI,AGL,CE,Towers with Radar,781,229,7,0,1017,0,0,0,0,0,781,229,7,0,1017,0,0,0,1017
11/01/2017,DTW,MI,AGL,CE,Towers with Radar,815,244,10,0,1069,0,0,1,0,1,815,244,11,0,1070,0,0,0,1070
11/02/2017,DTW,MI,AGL,CE,Towers with Radar,835,247,24,0,1106,0,0,0,0,0,835,247,24,0,1106,0,0,0,1106
11/03/2017,DTW,MI,AGL,CE,Towers with Radar,837,240,15,0,1092,0,0,8,0,8,837,240,23,0,1100,0,0,0,1100
11/04/2017,DTW,MI,AGL,CE,Towers with Radar,647,151,3,0,801,0,0,0,0,0,647,151,3,0,801,0,0,0,801
11/05/2017,DTW,MI,AGL,CE,Towers with Radar,750,202,12,0,964,0,0,0,0,0,750,202,12,0,964,0,0,0,964
11/06/2017,DTW,MI,AGL,CE,Towers with Radar,836,253,32,0,1121,0,0,0,0,0,836,253,32,0,1121,0,0,0,1121
11/07/2017,DTW,MI,AGL,CE,Towers with Radar,811,244,22,0,1077,0,0,4,0,4,811,244,26,0,1081,0,0,0,1081
11/08/2017,DTW,MI,AGL,CE,Towers with Radar,892,262,17,0,1171,0,0,2,0,2,892,262,19,0,1173,0,0,0,1173
11/09/2017,DTW,MI,AGL,CE,Towers with Radar,908,258,19,0,1185,0,0,2,0,2,908,258,21,0,1187,0,0,0,1187
11/10/2017,DTW,MI,AGL,CE,Towers with Radar,1030,293,20,0,1343,0,0,2,0,2,1030,293,22,0,1345,0,0,0,1345
11/11/2017,DTW,MI,AGL,CE,Towers with Radar,640,140,7,0,787,0,0,7,0,7,640,140,14,0,794,0,0,0,794
11/12/2017,DTW,MI,AGL,CE,Towers with Radar,824,210,12,0,1046,0,0,0,0,0,824,210,12,0,1046,0,0,0,1046
11/13/2017,DTW,MI,AGL,CE,Towers with Radar,891,259,24,0,1174,0,0,5,0,5,891,259,29,0,1179,0,0,0,1179
11/14/2017,DTW,MI,AGL,CE,Towers with Radar,890,251,21,0,1162,0,0,2,0,2,890,251,23,0,1164,0,0,0,1164
11/15/2017,DTW,MI,AGL,CE,Towers with Radar,896,245,25,0,1166,0,0,2,0,2,896,245,27,0,1168,0,0,0,1168
11/16/2017,DTW,MI,AGL,CE,Towers with Radar,917,255,20,0,1192,0,0,0,0,0,917,255,20,0,1192,0,0,0,1192
11/17/2017,DTW,MI,AGL,CE,Towers with Radar,911,262,19,0,1192,0,0,0,0,0,911,262,19,0,1192,0,0,0,1192
11/18/2017,DTW,MI,AGL,CE,Towers with Radar,656,144,8,0,808,0,0,0,0,0,656,144,8,0,808,0,0,0,808
11/19/2017,DTW,MI,AGL,CE,Towers with Radar,795,193,14,0,1002,0,0,0,0,0,795,193,14,0,1002,0,0,0,1002
11/20/2017,DTW,MI,AGL,CE,Towers with Radar,817,227,21,0,1065,0,0,0,0,0,817,227,21,0,1065,0,0,0,1065
11/21/2017,DTW,MI,AGL,CE,Towers with Radar,842,229,12,0,1083,0,0,0,0,0,842,229,12,0,1083,0,0,0,1083
11/22/2017,DTW,MI,AGL,CE,Towers with Radar,919,246,11,0,1176,0,0,0,0,0,919,246,11,0,1176,0,0,0,1176
11/23/2017,DTW,MI,AGL,CE,Towers with Radar,487,120,5,0,612,0,0,0,0,0,487,120,5,0,612,0,0,0,612
11/24/2017,DTW,MI,AGL,CE,Towers with Radar,586,153,2,0,741,0,0,4,0,4,586,153,6,0,745,0,0,0,745
11/25/2017,DTW,MI,AGL,CE,Towers with Radar,854,247,6,0,1107,0,0,0,0,0,854,247,6,0,1107,0,0,0,1107
11/26/2017,DTW,MI,AGL,CE,Towers with Radar,916,244,9,0,1169,0,0,4,0,4,916,244,13,0,1173,0,0,0,1173
11/27/2017,DTW,MI,AGL,CE,Towers with Radar,917,247,12,2,1178,0,0,2,0,2,917,247,14,2,1180,0,0,0,1180
11/28/2017,DTW,MI,AGL,CE,Towers with Radar,852,231,23,0,1106,0,0,3,0,3,852,231,26,0,1109,0,0,0,1109
11/29/2017,DTW,MI,AGL,CE,Towers with Radar,863,235,14,1,1113,0,0,2,0,2,863,235,16,1,1115,0,0,0,1115
11/30/2017,DTW,MI,AGL,CE,Towers with Radar,898,228,17,1,1144,0,0,1,0,1,898,228,18,1,1145,0,0,0,1145
12/01/2017,DTW,MI,AGL,CE,Towers with Radar,899,215,18,0,1132,0,0,1,0,1,899,215,19,0,1133,0,0,0,1133
12/02/2017,DTW,MI,AGL,CE,Towers with Radar,613,121,6,0,740,0,0,1,0,1,613,121,7,0,741,0,0,0,741
12/03/2017,DTW,MI,AGL,CE,Towers with Radar,791,191,7,0,989,0,0,10,0,10,791,191,17,0,999,0,0,0,999
12/04/2017,DTW,MI,AGL,CE,Towers with Radar,863,222,23,0,1108,0,0,0,0,0,863,222,23,0,1108,0,0,0,1108
12/05/2017,DTW,MI,AGL,CE,Towers with Radar,861,228,16,0,1105,0,0,1,0,1,861,228,17,0,1106,0,0,0,1106
12/06/2017,DTW,MI,AGL,CE,Towers with Radar,864,232,12,0,1108,0,0,2,0,2,864,232,14,0,1110,0,0,0,1110
12/07/2017,DTW,MI,AGL,CE,Towers with Radar,894,225,19,0,1138,0,0,0,0,0,894,225,19,0,1138,0,0,0,1138
12/08/2017,DTW,MI,AGL,CE,Towers with Radar,869,219,9,0,1097,0,0,2,0,2,869,219,11,0,1099,0,0,0,1099
12/09/2017,DTW,MI,AGL,CE,Towers with Radar,612,130,8,0,750,0,0,0,0,0,612,130,8,0,750,0,0,0,750
12/10/2017,DTW,MI,AGL,CE,Towers with Radar,791,192,13,0,996,0,0,0,0,0,791,192,13,0,996,0,0,0,996
12/11/2017,DTW,MI,AGL,CE,Towers with Radar,860,222,26,0,1108,0,0,0,0,0,860,222,26,0,1108,0,0,0,1108
12/12/2017,DTW,MI,AGL,CE,Towers with Radar,873,232,30,0,1135,0,0,0,0,0,873,232,30,0,1135,0,0,0,1135
12/13/2017,DTW,MI,AGL,CE,Towers with Radar,692,183,18,0,893,0,0,0,0,0,692,183,18,0,893,0,0,0,893
12/14/2017,DTW,MI,AGL,CE,Towers with Radar,964,233,24,0,1221,0,0,0,0,0,964,233,24,0,1221,0,0,0,1221
12/15/2017,DTW,MI,AGL,CE,Towers with Radar,887,212,13,0,1112,0,0,0,0,0,887,212,13,0,1112,0,0,0,1112
12/16/2017,DTW,MI,AGL,CE,Towers with Radar,654,119,9,0,782,0,0,7,0,7,654,119,16,0,789,0,0,0,789
12/17/2017,DTW,MI,AGL,CE,Towers with Radar,776,193,10,2,981,0,0,0,0,0,776,193,10,2,981,0,0,0,981
12/18/2017,DTW,MI,AGL,CE,Towers with Radar,878,235,16,0,1129,0,0,0,0,0,878,235,16,0,1129,0,0,0,1129
12/19/2017,DTW,MI,AGL,CE,Towers with Radar,874,230,16,0,1120,0,0,2,0,2,874,230,18,0,1122,0,0,0,1122
12/20/2017,DTW,MI,AGL,CE,Towers with Radar,863,223,17,0,1103,0,0,2,0,2,863,223,19,0,1105,0,0,0,1105
12/21/2017,DTW,MI,AGL,CE,Towers with Radar,840,217,8,0,1065,0,0,1,0,1,840,217,9,0,1066,0,0,0,1066
12/22/2017,DTW,MI,AGL,CE,Towers with Radar,831,226,10,0,1067,0,0,0,0,0,831,226,10,0,1067,0,0,0,1067
12/23/2017,DTW,MI,AGL,CE,Towers with Radar,783,200,6,2,991,0,0,0,0,0,783,200,6,2,991,0,0,0,991
12/24/2017,DTW,MI,AGL,CE,Towers with Radar,619,149,6,0,774,0,0,0,0,0,619,149,6,0,774,0,0,0,774
12/25/2017,DTW,MI,AGL,CE,Towers with Radar,567,142,3,0,712,0,0,0,0,0,567,142,3,0,712,0,0,0,712
12/26/2017,DTW,MI,AGL,CE,Towers with Radar,800,216,12,0,1028,0,0,2,0,2,800,216,14,0,1030,0,0,0,1030
12/27/2017,DTW,MI,AGL,CE,Towers with Radar,830,216,5,0,1051,0,0,2,0,2,830,216,7,0,1053,0,0,0,1053
12/28/2017,DTW,MI,AGL,CE,Towers with Radar,824,202,1,2,1029,0,0,0,0,0,824,202,1,2,1029,0,0,0,1029
12/29/2017,DTW,MI,AGL,CE,Towers with Radar,818,219,6,0,1043,0,0,0,0,0,818,219,6,0,1043,0,0,0,1043
12/30/2017,DTW,MI,AGL,CE,Towers with Radar,791,198,4,2,995,0,0,0,0,0,791,198,4,2,995,0,0,0,995
12/31/2017,DTW,MI,AGL,CE,Towers with Radar,631,156,6,0,793,0,0,2,0,2,631,156,8,0,795,0,0,0,795
01/01/2018,DTW,MI,AGL,CE,Towers with Radar,615,145,5,0,765,0,0,0,0,0,615,145,5,0,765,0,0,0,765
01/02/2018,DTW,MI,AGL,CE,Towers with Radar,810,216,4,0,1030,0,0,1,0,1,810,216,5,0,1031,0,0,0,1031
01/03/2018,DTW,MI,AGL,CE,Towers with Radar,815,200,4,0,1019,0,0,2,0,2,815,200,6,0,1021,0,0,0,1021
01/04/2018,DTW,MI,AGL,CE,Towers with Radar,750,190,11,0,951,0,0,0,0,0,750,190,11,0,951,0,0,0,951
01/05/2018,DTW,MI,AGL,CE,Towers with Radar,836,196,6,0,1038,0,0,0,0,0,836,196,6,0,1038,0,0,0,1038
01/06/2018,DTW,MI,AGL,CE,Towers with Radar,654,120,10,0,784,0,0,2,0,2,654,120,12,0,786,0,0,0,786
01/07/2018,DTW,MI,AGL,CE,Towers with Radar,782,180,10,0,972,0,0,0,0,0,782,180,10,0,972,0,0,0,972
01/08/2018,DTW,MI,AGL,CE,Towers with Radar,837,229,16,0,1082,0,0,0,0,0,837,229,16,0,1082,0,0,0,1082
01/09/2018,DTW,MI,AGL,CE,Towers with Radar,826,226,10,0,1062,0,0,1,0,1,826,226,11,0,1063,0,0,0,1063
01/10/2018,DTW,MI,AGL,CE,Towers with Radar,840,215,9,0,1064,0,0,0,0,0,840,215,9,0,1064,0,0,0,1064
01/11/2018,DTW,MI,AGL,CE,Towers with Radar,858,226,25,0,1109,0,0,0,0,0,858,226,25,0,1109,0,0,0,1109
01/12/2018,DTW,MI,AGL,CE,Towers with Radar,820,210,12,1,1043,0,0,0,0,0,820,210,12,1,1043,0,0,0,1043
01/13/2018,DTW,MI,AGL,CE,Towers with Radar,638,128,6,0,772,0,0,0,0,0,638,128,6,0,772,0,0,0,772
01/14/2018,DTW,MI,AGL,CE,Towers with Radar,622,144,16,0,782,0,0,3,0,3,622,144,19,0,785,0,0,0,785
01/15/2018,DTW,MI,AGL,CE,Towers with Radar,814,233,21,0,1068,0,0,0,0,0,814,233,21,0,1068,0,0,0,1068
01/16/2018,DTW,MI,AGL,CE,Towers with Radar,801,243,26,0,1070,0,0,1,0,1,801,243,27,0,1071,0,0,0,1071
01/17/2018,DTW,MI,AGL,CE,Towers with Radar,795,232,27,0,1054,0,0,3,0,3,795,232,30,0,1057,0,0,0,1057
01/18/2018,DTW,MI,AGL,CE,Towers with Radar,860,239,19,0,1118,0,0,1,0,1,860,239,20,0,1119,0,0,0,1119
01/19/2018,DTW,MI,AGL,CE,Towers with Radar,860,233,22,0,1115,0,0,9,0,9,860,233,31,0,1124,0,0,0,1124
01/20/2018,DTW,MI,AGL,CE,Towers with Radar,630,116,10,0,756,0,0,2,0,2,630,116,12,0,758,0,0,0,758
01/21/2018,DTW,MI,AGL,CE,Towers with Radar,750,181,14,0,945,0,0,0,0,0,750,181,14,0,945,0,0,0,945
01/22/2018,DTW,MI,AGL,CE,Towers with Radar,837,225,9,0,1071,0,0,0,0,0,837,225,9,0,1071,0,0,0,1071
01/23/2018,DTW,MI,AGL,CE,Towers with Radar,824,220,10,0,1054,0,0,0,0,0,824,220,10,0,1054,0,0,0,1054
01/24/2018,DTW,MI,AGL,CE,Towers with Radar,839,223,9,0,1071,0,0,0,0,0,839,223,9,0,1071,0,0,0,1071
01/25/2018,DTW,MI,AGL,CE,Towers with Radar,860,228,15,0,1103,0,0,0,0,0,860,228,15,0,1103,0,0,0,1103
01/26/2018,DTW,MI,AGL,CE,Towers with Radar,862,235,13,0,1110,0,0,2,0,2,862,235,15,0,1112,0,0,0,1112
01/27/2018,DTW,MI,AGL,CE,Towers with Radar,625,117,6,0,748,0,0,0,0,0,625,117,6,0,748,0,0,0,748
01/28/2018,DTW,MI,AGL,CE,Towers with Radar,762,200,9,0,971,0,3,4,0,7,762,203,13,0,978,0,0,0,978
01/29/2018,DTW,MI,AGL,CE,Towers with Radar,844,227,12,0,1083,0,0,0,0,0,844,227,12,0,1083,0,0,0,1083
01/30/2018,DTW,MI,AGL,CE,Towers with Radar,833,234,15,0,1082,0,1,0,0,1,833,235,15,0,1083,0,0,0,1083
01/31/2018,DTW,MI,AGL,CE,Towers with Radar,839,231,13,0,1083,0,0,4,0,4,839,231,17,0,1087,0,0,0,1087
02/01/2018,DTW,MI,AGL,CE,Towers with Radar,861,225,23,0,1109,0,0,2,0,2,861,225,25,0,1111,0,0,0,1111
02/02/2018,DTW,MI,AGL,CE,Towers with Radar,856,224,11,0,1091,0,0,0,0,0,856,224,11,0,1091,0,0,0,1091
02/03/2018,DTW,MI,AGL,CE,Towers with Radar,604,116,3,0,723,0,0,0,0,0,604,116,3,0,723,0,0,0,723
02/04/2018,DTW,MI,AGL,CE,Towers with Radar,618,141,7,0,766,0,0,0,0,0,618,141,7,0,766,0,0,0,766
02/05/2018,DTW,MI,AGL,CE,Towers with Radar,832,245,17,0,1094,0,0,0,0,0,832,245,17,0,1094,0,0,0,1094
02/06/2018,DTW,MI,AGL,CE,Towers with Radar,820,235,25,0,1080,0,0,2,0,2,820,235,27,0,1082,0,0,0,1082
02/07/2018,DTW,MI,AGL,CE,Towers with Radar,814,216,21,0,1051,0,0,0,0,0,814,216,21,0,1051,0,0,0,1051
02/08/2018,DTW,MI,AGL,CE,Towers with Radar,840,233,30,0,1103,0,0,2,0,2,840,233,32,0,1105,0,0,0,1105
02/09/2018,DTW,MI,AGL,CE,Towers with Radar,555,113,5,0,673,0,0,0,0,0,555,113,5,0,673,0,0,0,673
02/10/2018,DTW,MI,AGL,CE,Towers with Radar,692,130,13,0,835,1,0,0,0,1,693,130,13,0,836,0,0,0,836
02/11/2018,DTW,MI,AGL,CE,Towers with Radar,570,158,17,0,745,0,0,0,0,0,570,158,17,0,745,0,0,0,745
02/12/2018,DTW,MI,AGL,CE,Towers with Radar,865,236,21,0,1122,0,0,0,0,0,865,236,21,0,1122,0,0,0,1122
02/13/2018,DTW,MI,AGL,CE,Towers with Radar,819,234,10,0,1063,0,0,5,0,5,819,234,15,0,1068,0,0,0,1068
02/14/2018,DTW,MI,AGL,CE,Towers with Radar,773,210,11,0,994,0,0,0,0,0,773,210,11,0,994,0,0,0,994
02/15/2018,DTW,MI,AGL,CE,Towers with Radar,782,183,26,0,991,0,0,0,0,0,782,183,26,0,991,0,0,0,991
02/16/2018,DTW,MI,AGL,CE,Towers with Radar,874,232,24,0,1130,0,0,4,0,4,874,232,28,0,1134,0,0,0,1134
02/17/2018,DTW,MI,AGL,CE,Towers with Radar,632,114,6,0,752,0,0,4,0,4,632,114,10,0,756,0,0,0,756
02/18/2018,DTW,MI,AGL,CE,Towers with Radar,679,154,3,0,836,0,0,7,0,7,679,154,10,0,843,0,0,0,843
02/19/2018,DTW,MI,AGL,CE,Towers with Radar,841,229,35,0,1105,0,0,0,0,0,841,229,35,0,1105,0,0,0,1105
02/20/2018,DTW,MI,AGL,CE,Towers with Radar,832,230,34,0,1096,0,0,0,0,0,832,230,34,0,1096,0,0,0,1096
02/21/2018,DTW,MI,AGL,CE,Towers with Radar,878,233,14,0,1125,0,0,0,0,0,878,233,14,0,1125,0,0,0,1125
02/22/2018,DTW,MI,AGL,CE,Towers with Radar,868,238,16,0,1122,0,0,0,0,0,868,238,16,0,1122,0,0,0,1122
02/23/2018,DTW,MI,AGL,CE,Towers with Radar,883,240,13,0,1136,0,0,0,0,0,883,240,13,0,1136,0,0,0,1136
02/24/2018,DTW,MI,AGL,CE,Towers with Radar,687,121,9,0,817,0,0,5,0,5,687,121,14,0,822,0,0,0,822
02/25/2018,DTW,MI,AGL,CE,Towers with Radar,798,211,5,0,1014,0,0,0,0,0,798,211,5,0,1014,0,0,0,1014
02/26/2018,DTW,MI,AGL,CE,Towers with Radar,870,235,13,0,1118,0,0,0,0,0,870,235,13,0,1118,0,0,0,1118
02/27/2018,DTW,MI,AGL,CE,Towers with Radar,844,244,14,0,1102,0,0,4,0,4,844,244,18,0,1106,0,0,0,1106
02/28/2018,DTW,MI,AGL,CE,Towers with Radar,858,236,9,0,1103,0,0,0,0,0,858,236,9,0,1103,0,0,0,1103
03/01/2018,DTW,MI,AGL,CE,Towers with Radar,773,164,15,2,954,0,0,0,0,0,773,164,15,2,954,0,0,0,954
03/02/2018,DTW,MI,AGL,CE,Towers with Radar,866,236,21,1,1124,0,0,2,0,2,866,236,23,1,1126,0,0,0,1126
03/03/2018,DTW,MI,AGL,CE,Towers with Radar,702,131,10,0,843,0,0,6,0,6,702,131,16,0,849,0,0,0,849
03/04/2018,DTW,MI,AGL,CE,Towers with Radar,821,200,6,0,1027,0,0,4,0,4,821,200,10,0,1031,0,0,0,1031
03/05/2018,DTW,MI,AGL,CE,Towers with Radar,901,251,21,0,1173,0,0,1,0,1,901,251,22,0,1174,0,0,0,1174
03/06/2018,DTW,MI,AGL,CE,Towers with Radar,883,247,31,0,1161,0,0,0,0,0,883,247,31,0,1161,0,0,0,1161
03/07/2018,DTW,MI,AGL,CE,Towers with Radar,865,230,20,0,1115,0,0,0,0,0,865,230,20,0,1115,0,0,0,1115
03/08/2018,DTW,MI,AGL,CE,Towers with Radar,896,246,30,0,1172,0,1,0,0,1,896,247,30,0,1173,0,0,0,1173
03/09/2018,DTW,MI,AGL,CE,Towers with Radar,926,242,10,0,1178,0,0,2,0,2,926,242,12,0,1180,0,0,0,1180
03/10/2018,DTW,MI,AGL,CE,Towers with Radar,721,139,13,0,873,0,0,0,0,0,721,139,13,0,873,0,0,0,873
03/11/2018,DTW,MI,AGL,CE,Towers with Radar,837,221,17,0,1075,0,0,2,0,2,837,221,19,0,1077,0,0,0,1077
03/12/2018,DTW,MI,AGL,CE,Towers with Radar,904,240,19,0,1163,0,0,1,0,1,904,240,20,0,1164,0,0,0,1164
03/13/2018,DTW,MI,AGL,CE,Towers with Radar,854,240,16,0,1110,1,0,0,2,3,855,240,16,2,1113,0,0,0,1113
03/14/2018,DTW,MI,AGL,CE,Towers with Radar,914,253,14,0,1181,0,0,6,0,6,914,253,20,0,1187,0,0,0,1187
03/15/2018,DTW,MI,AGL,CE,Towers with Radar,915,247,18,0,1180,0,1,2,0,3,915,248,20,0,1183,0,0,0,1183
03/16/2018,DTW,MI,AGL,CE,Towers with Radar,924,246,20,0,1190,0,0,2,0,2,924,246,22,0,1192,0,0,0,1192
03/17/2018,DTW,MI,AGL,CE,Towers with Radar,723,141,17,0,881,0,0,3,0,3,723,141,20,0,884,0,0,0,884
03/18/2018,DTW,MI,AGL,CE,Towers with Radar,834,227,14,0,1075,0,0,6,0,6,834,227,20,0,1081,0,0,0,1081
03/19/2018,DTW,MI,AGL,CE,Towers with Radar,913,241,22,0,1176,0,1,9,0,10,913,242,31,0,1186,0,0,0,1186
03/20/2018,DTW,MI,AGL,CE,Towers with Radar,881,247,17,0,1145,0,0,16,0,16,881,247,33,0,1161,0,0,0,1161
03/21/2018,DTW,MI,AGL,CE,Towers with Radar,849,217,10,0,1076,0,0,3,0,3,849,217,13,0,1079,0,0,0,1079
03/22/2018,DTW,MI,AGL,CE,Towers with Radar,901,253,24,0,1178,0,0,7,0,7,901,253,31,0,1185,0,0,0,1185
03/23/2018,DTW,MI,AGL,CE,Towers with Radar,926,248,16,0,1190,0,0,3,0,3,926,248,19,0,1193,0,0,0,1193
03/24/2018,DTW,MI,AGL,CE,Towers with Radar,733,139,9,0,881,0,0,0,0,0,733,139,9,0,881,0,0,0,881
03/25/2018,DTW,MI,AGL,CE,Towers with Radar,837,223,8,0,1068,0,0,4,0,4,837,223,12,0,1072,0,0,0,1072
03/26/2018,DTW,MI,AGL,CE,Towers with Radar,918,244,16,0,1178,0,0,0,0,0,918,244,16,0,1178,0,0,0,1178
03/27/2018,DTW,MI,AGL,CE,Towers with Radar,898,241,19,0,1158,0,0,0,0,0,898,241,19,0,1158,0,0,0,1158
03/28/2018,DTW,MI,AGL,CE,Towers with Radar,911,248,22,0,1181,0,0,2,0,2,911,248,24,0,1183,0,0,0,1183
03/29/2018,DTW,MI,AGL,CE,Towers with Radar,917,238,26,0,1181,0,0,0,0,0,917,238,26,0,1181,0,0,0,1181
03/30/2018,DTW,MI,AGL,CE,Towers with Radar,942,247,8,0,1197,0,0,1,0,1,942,247,9,0,1198,0,0,0,1198
03/31/2018,DTW,MI,AGL,CE,Towers with Radar,719,142,9,0,870,0,0,0,0,0,719,142,9,0,870,0,0,0,870
04/01/2018,DTW,MI,AGL,CE,Towers with Radar,835,213,6,0,1054,0,0,0,0,0,835,213,6,0,1054,0,0,0,1054
04/02/2018,DTW,MI,AGL,CE,Towers with Radar,913,244,19,4,1180,0,0,2,0,2,913,244,21,4,1182,0,0,0,1182
04/03/2018,DTW,MI,AGL,CE,Towers with Radar,891,235,12,0,1138,0,0,0,0,0,891,235,12,0,1138,0,0,0,1138
04/04/2018,DTW,MI,AGL,CE,Towers with Radar,903,217,16,6,1142,0,0,0,0,0,903,217,16,6,1142,0,0,0,1142
04/05/2018,DTW,MI,AGL,CE,Towers with Radar,912,233,18,0,1163,0,0,3,0,3,912,233,21,0,1166,0,0,0,1166
04/06/2018,DTW,MI,AGL,CE,Towers with Radar,912,237,11,0,1160,0,0,0,0,0,912,237,11,0,1160,0,0,0,1160
04/07/2018,DTW,MI,AGL,CE,Towers with Radar,697,128,5,0,830,0,0,0,0,0,697,128,5,0,830,0,0,0,830
04/08/2018,DTW,MI,AGL,CE,Towers with Radar,850,204,18,0,1072,0,0,0,0,0,850,204,18,0,1072,0,0,0,1072
04/09/2018,DTW,MI,AGL,CE,Towers with Radar,916,234,10,0,1160,0,0,0,0,0,916,234,10,0,1160,0,0,0,1160
04/10/2018,DTW,MI,AGL,CE,Towers with Radar,897,231,16,0,1144,0,0,1,1,2,897,231,17,1,1146,0,0,0,1146
04/11/2018,DTW,MI,AGL,CE,Towers with Radar,912,243,20,0,1175,0,0,2,2,4,912,243,22,2,1179,0,0,0,1179
04/12/2018,DTW,MI,AGL,CE,Towers with Radar,902,249,22,0,1173,0,0,0,0,0,902,249,22,0,1173,0,0,0,1173
04/13/2018,DTW,MI,AGL,CE,Towers with Radar,915,235,8,0,1158,0,0,2,0,2,915,235,10,0,1160,0,0,0,1160
04/14/2018,DTW,MI,AGL,CE,Towers with Radar,660,135,2,0,797,0,0,0,0,0,660,135,2,0,797,0,0,0,797
04/15/2018,DTW,MI,AGL,CE,Towers with Radar,775,169,11,0,955,0,0,0,0,0,775,169,11,0,955,0,0,0,955
04/16/2018,DTW,MI,AGL,CE,Towers with Radar,908,220,17,0,1145,0,0,2,0,2,908,220,19,0,1147,0,0,0,1147
04/17/2018,DTW,MI,AGL,CE,Towers with Radar,893,224,23,0,1140,0,0,2,0,2,893,224,25,0,1142,0,0,0,1142
04/18/2018,DTW,MI,AGL,CE,Towers with Radar,895,236,22,0,1153,0,0,1,0,1,895,236,23,0,1154,0,0,0,1154
04/19/2018,DTW,MI,AGL,CE,Towers with Radar,917,232,26,0,1175,0,0,2,0,2,917,232,28,0,1177,0,0,0,1177
04/20/2018,DTW,MI,AGL,CE,Towers with Radar,918,233,18,0,1169,0,0,7,0,7,918,233,25,0,1176,0,0,0,1176
04/21/2018,DTW,MI,AGL,CE,Towers with Radar,664,133,6,0,803,0,0,0,0,0,664,133,6,0,803,0,0,0,803
04/22/2018,DTW,MI,AGL,CE,Towers with Radar,855,212,17,0,1084,0,0,2,0,2,855,212,19,0,1086,0,0,0,1086
04/23/2018,DTW,MI,AGL,CE,Towers with Radar,910,233,7,0,1150,1,0,1,0,2,911,233,8,0,1152,0,0,0,1152
04/24/2018,DTW,MI,AGL,CE,Towers with Radar,891,231,17,0,1139,0,0,0,0,0,891,231,17,0,1139,0,0,0,1139
04/25/2018,DTW,MI,AGL,CE,Towers with Radar,891,232,24,0,1147,0,0,5,0,5,891,232,29,0,1152,0,0,0,1152
04/26/2018,DTW,MI,AGL,CE,Towers with Radar,918,239,42,0,1199,0,0,0,0,0,918,239,42,0,1199,0,0,0,1199
04/27/2018,DTW,MI,AGL,CE,Towers with Radar,920,255,16,0,1191,0,0,0,0,0,920,255,16,0,1191,0,0,0,1191
04/28/2018,DTW,MI,AGL,CE,Towers with Radar,683,140,7,0,830,0,0,2,0,2,683,140,9,0,832,0,0,0,832
04/29/2018,DTW,MI,AGL,CE,Towers with Radar,862,203,9,0,1074,0,0,2,0,2,862,203,11,0,1076,0,0,0,1076
04/30/2018,DTW,MI,AGL,CE,Towers with Radar,918,233,15,0,1166,0,0,0,0,0,918,233,15,0,1166,0,0,0,1166
05/01/2018,DTW,MI,AGL,CE,Towers with Radar,894,230,15,0,1139,0,1,1,0,2,894,231,16,0,1141,0,0,0,1141
05/02/2018,DTW,MI,AGL,CE,Towers with Radar,863,235,20,0,1118,0,0,1,0,1,863,235,21,0,1119,0,0,0,1119
05/03/2018,DTW,MI,AGL,CE,Towers with Radar,931,241,22,0,1194,0,0,0,0,0,931,241,22,0,1194,0,0,0,1194
05/04/2018,DTW,MI,AGL,CE,Towers with Radar,957,227,13,0,1197,0,0,0,0,0,957,227,13,0,1197,0,0,0,1197
05/05/2018,DTW,MI,AGL,CE,Towers with Radar,677,133,10,0,820,0,0,0,0,0,677,133,10,0,820,0,0,0,820
05/06/2018,DTW,MI,AGL,CE,Towers with Radar,893,198,8,0,1099,0,0,0,2,2,893,198,8,2,1101,0,0,0,1101
05/07/2018,DTW,MI,AGL,CE,Towers with Radar,931,227,18,0,1176,0,0,2,0,2,931,227,20,0,1178,0,0,0,1178
05/08/2018,DTW,MI,AGL,CE,Towers with Radar,904,223,29,4,1160,0,0,3,3,6,904,223,32,7,1166,0,0,0,1166
05/09/2018,DTW,MI,AGL,CE,Towers with Radar,911,231,19,0,1161,0,0,0,0,0,911,231,19,0,1161,0,0,0,1161
05/10/2018,DTW,MI,AGL,CE,Towers with Radar,918,228,24,0,1170,0,0,3,0,3,918,228,27,0,1173,0,0,0,1173
05/11/2018,DTW,MI,AGL,CE,Towers with Radar,960,233,21,0,1214,0,0,0,0,0,960,233,21,0,1214,0,0,0,1214
05/12/2018,DTW,MI,AGL,CE,Towers with Radar,669,116,8,0,793,0,0,0,0,0,669,116,8,0,793,0,0,0,793
05/13/2018,DTW,MI,AGL,CE,Towers with Radar,784,168,3,0,955,0,0,0,0,0,784,168,3,0,955,0,0,0,955
05/14/2018,DTW,MI,AGL,CE,Towers with Radar,912,227,11,0,1150,0,0,0,0,0,912,227,11,0,1150,0,0,0,1150
05/15/2018,DTW,MI,AGL,CE,Towers with Radar,883,234,22,0,1139,0,0,0,0,0,883,234,22,0,1139,0,0,0,1139
05/16/2018,DTW,MI,AGL,CE,Towers with Radar,914,229,32,0,1175,1,0,3,0,4,915,229,35,0,1179,0,0,0,1179
05/17/2018,DTW,MI,AGL,CE,Towers with Radar,939,226,19,0,1184,0,0,0,1,1,939,226,19,1,1185,0,0,0,1185
05/18/2018,DTW,MI,AGL,CE,Towers with Radar,947,233,20,2,1202,0,0,7,0,7,947,233,27,2,1209,0,0,0,1209
05/19/2018,DTW,MI,AGL,CE,Towers with Radar,682,131,9,0,822,0,0,0,0,0,682,131,9,0,822,0,0,0,822
05/20/2018,DTW,MI,AGL,CE,Towers with Radar,863,203,7,0,1073,0,0,0,0,0,863,203,7,0,1073,0,0,0,1073
05/21/2018,DTW,MI,AGL,CE,Towers with Radar,934,233,12,0,1179,0,0,4,0,4,934,233,16,0,1183,0,0,0,1183
05/22/2018,DTW,MI,AGL,CE,Towers with Radar,917,231,18,0,1166,0,0,0,0,0,917,231,18,0,1166,0,0,0,1166
05/23/2018,DTW,MI,AGL,CE,Towers with Radar,919,234,39,0,1192,0,0,4,0,4,919,234,43,0,1196,0,0,0,1196
05/24/2018,DTW,MI,AGL,CE,Towers with Radar,941,236,25,0,1202,0,0,3,0,3,941,236,28,0,1205,0,0,0,1205
05/25/2018,DTW,MI,AGL,CE,Towers with Radar,948,236,13,0,1197,0,0,8,0,8,948,236,21,0,1205,0,0,0,1205
05/26/2018,DTW,MI,AGL,CE,Towers with Radar,665,120,6,0,791,0,0,0,0,0,665,120,6,0,791,0,0,0,791
05/27/2018,DTW,MI,AGL,CE,Towers with Radar,648,120,7,0,775,0,0,7,0,7,648,120,14,0,782,0,0,0,782
05/28/2018,DTW,MI,AGL,CE,Towers with Radar,871,192,12,0,1075,0,0,0,0,0,871,192,12,0,1075,0,0,0,1075
05/29/2018,DTW,MI,AGL,CE,Towers with Radar,917,231,16,0,1164,0,0,0,0,0,917,231,16,0,1164,0,0,0,1164
05/30/2018,DTW,MI,AGL,CE,Towers with Radar,929,232,18,0,1179,0,0,2,0,2,929,232,20,0,1181,0,0,0,1181
05/31/2018,DTW,MI,AGL,CE,Towers with Radar,925,232,25,1,1183,0,0,2,0,2,925,232,27,1,1185,0,0,0,1185
06/01/2018,DTW,MI,AGL,CE,Towers with Radar,949,207,13,2,1171,0,0,2,0,2,949,207,15,2,1173,0,0,0,1173
06/02/2018,DTW,MI,AGL,CE,Towers with Radar,694,121,11,0,826,0,0,12,0,12,694,121,23,0,838,0,0,0,838
06/03/2018,DTW,MI,AGL,CE,Towers with Radar,876,181,8,0,1065,0,0,3,0,3,876,181,11,0,1068,0,0,0,1068
06/04/2018,DTW,MI,AGL,CE,Towers with Radar,937,215,21,0,1173,0,0,3,1,4,937,215,24,1,1177,0,0,0,1177
06/05/2018,DTW,MI,AGL,CE,Towers with Radar,920,227,17,0,1164,0,0,6,0,6,920,227,23,0,1170,0,0,0,1170
06/06/2018,DTW,MI,AGL,CE,Towers with Radar,918,224,20,0,1162,0,0,3,0,3,918,224,23,0,1165,0,0,0,1165
06/07/2018,DTW,MI,AGL,CE,Towers with Radar,928,218,28,0,1174,0,1,3,0,4,928,219,31,0,1178,0,0,0,1178
06/08/2018,DTW,MI,AGL,CE,Towers with Radar,974,214,10,0,1198,0,0,2,0,2,974,214,12,0,1200,0,0,0,1200
06/09/2018,DTW,MI,AGL,CE,Towers with Radar,722,137,9,0,868,0,0,0,0,0,722,137,9,0,868,0,0,0,868
06/10/2018,DTW,MI,AGL,CE,Towers with Radar,914,199,13,0,1126,0,0,0,0,0,914,199,13,0,1126,0,0,0,1126
06/11/2018,DTW,MI,AGL,CE,Towers with Radar,965,222,19,0,1206,0,0,3,0,3,965,222,22,0,1209,0,0,0,1209
06/12/2018,DTW,MI,AGL,CE,Towers with Radar,980,214,28,0,1222,0,0,0,0,0,980,214,28,0,1222,0,0,0,1222
06/13/2018,DTW,MI,AGL,CE,Towers with Radar,967,202,8,0,1177,0,0,1,0,1,967,202,9,0,1178,0,0,0,1178
06/14/2018,DTW,MI,AGL,CE,Towers with Radar,966,237,26,0,1229,0,0,2,0,2,966,237,28,0,1231,0,0,0,1231
06/15/2018,DTW,MI,AGL,CE,Towers with Radar,983,225,16,0,1224,0,0,6,0,6,983,225,22,0,1230,0,0,0,1230
06/16/2018,DTW,MI,AGL,CE,Towers with Radar,730,143,8,0,881,0,0,1,0,1,730,143,9,0,882,0,0,0,882
06/17/2018,DTW,MI,AGL,CE,Towers with Radar,901,203,10,0,1114,0,0,4,0,4,901,203,14,0,1118,0,0,0,1118
06/18/2018,DTW,MI,AGL,CE,Towers with Radar,965,215,14,2,1196,0,0,4,0,4,965,215,18,2,1200,0,0,0,1200
06/19/2018,DTW,MI,AGL,CE,Towers with Radar,957,226,27,0,1210,0,0,0,0,0,957,226,27,0,1210,0,0,0,1210
06/20/2018,DTW,MI,AGL,CE,Towers with Radar,963,224,27,0,1214,0,0,0,0,0,963,224,27,0,1214,0,0,0,1214
06/21/2018,DTW,MI,AGL,CE,Towers with Radar,975,231,22,0,1228,0,0,2,0,2,975,231,24,0,1230,0,0,0,1230
06/22/2018,DTW,MI,AGL,CE,Towers with Radar,978,229,7,0,1214,0,0,4,0,4,978,229,11,0,1218,0,0,0,1218
06/23/2018,DTW,MI,AGL,CE,Towers with Radar,726,136,8,0,870,0,0,0,0,0,726,136,8,0,870,0,0,0,870
06/24/2018,DTW,MI,AGL,CE,Towers with Radar,898,204,14,0,1116,0,0,2,0,2,898,204,16,0,1118,0,0,0,1118
06/25/2018,DTW,MI,AGL,CE,Towers with Radar,981,222,17,0,1220,0,0,4,0,4,981,222,21,0,1224,0,0,0,1224
06/26/2018,DTW,MI,AGL,CE,Towers with Radar,958,227,11,0,1196,0,0,4,0,4,958,227,15,0,1200,0,0,0,1200
06/27/2018,DTW,MI,AGL,CE,Towers with Radar,982,226,14,0,1222,0,0,4,0,4,982,226,18,0,1226,0,0,0,1226
06/28/2018,DTW,MI,AGL,CE,Towers with Radar,964,225,25,0,1214,0,0,1,0,1,964,225,26,0,1215,0,0,0,1215
06/29/2018,DTW,MI,AGL,CE,Towers with Radar,991,241,25,0,1257,0,0,0,0,0,991,241,25,0,1257,0,0,0,1257
06/30/2018,DTW,MI,AGL,CE,Towers with Radar,767,167,4,0,938,0,0,1,0,1,767,167,5,0,939,0,0,0,939
07/01/2018,DTW,MI,AGL,CE,Towers with Radar,782,148,10,0,940,0,1,0,0,1,782,149,10,0,941,0,0,0,941
07/02/2018,DTW,MI,AGL,CE,Towers with Radar,771,149,14,0,934,0,0,6,0,6,771,149,20,0,940,0,0,0,940
07/03/2018,DTW,MI,AGL,CE,Towers with Radar,753,153,3,0,909,0,0,0,2,2,753,153,3,2,911,0,0,0,911
07/04/2018,DTW,MI,AGL,CE,Towers with Radar,699,143,1,0,843,0,0,2,0,2,699,143,3,0,845,0,0,0,845
07/05/2018,DTW,MI,AGL,CE,Towers with Radar,793,150,8,0,951,0,0,3,0,3,793,150,11,0,954,0,0,0,954
07/06/2018,DTW,MI,AGL,CE,Towers with Radar,825,162,6,0,993,0,0,0,0,0,825,162,6,0,993,0,0,0,993
07/07/2018,DTW,MI,AGL,CE,Towers with Radar,768,144,5,0,917,0,0,2,0,2,768,144,7,0,919,0,0,0,919
07/08/2018,DTW,MI,AGL,CE,Towers with Radar,924,211,3,0,1138,0,0,2,0,2,924,211,5,0,1140,0,0,0,1140
07/09/2018,DTW,MI,AGL,CE,Towers with Radar,991,210,14,0,1215,0,0,2,1,3,991,210,16,1,1218,0,0,0,1218
07/10/2018,DTW,MI,AGL,CE,Towers with Radar,993,205,10,0,1208,0,0,0,0,0,993,205,10,0,1208,0,0,0,1208
07/11/2018,DTW,MI,AGL,CE,Towers with Radar,995,207,19,0,1221,0,0,0,0,0,995,207,19,0,1221,0,0,0,1221
07/12/2018,DTW,MI,AGL,CE,Towers with Radar,995,231,17,0,1243,0,0,2,0,2,995,231,19,0,1245,0,0,0,1245
07/13/2018,DTW,MI,AGL,CE,Towers with Radar,1006,219,15,0,1240,0,0,2,0,2,1006,219,17,0,1242,0,0,0,1242
07/14/2018,DTW,MI,AGL,CE,Towers with Radar,752,135,18,0,905,0,0,1,0,1,752,135,19,0,906,0,0,0,906
07/15/2018,DTW,MI,AGL,CE,Towers with Radar,918,203,19,0,1140,0,1,0,0,1,918,204,19,0,1141,0,0,0,1141
07/16/2018,DTW,MI,AGL,CE,Towers with Radar,985,209,18,0,1212,0,0,0,0,0,985,209,18,0,1212,0,0,0,1212
07/17/2018,DTW,MI,AGL,CE,Towers with Radar,971,197,23,0,1191,0,0,2,0,2,971,197,25,0,1193,0,0,0,1193
07/18/2018,DTW,MI,AGL,CE,Towers with Radar,1004,205,19,0,1228,0,0,3,0,3,1004,205,22,0,1231,0,0,0,1231
07/19/2018,DTW,MI,AGL,CE,Towers with Radar,998,221,24,0,1243,1,0,0,0,1,999,221,24,0,1244,0,0,0,1244
07/20/2018,DTW,MI,AGL,CE,Towers with Radar,996,220,18,0,1234,0,0,0,2,2,996,220,18,2,1236,0,0,0,1236
07/21/2018,DTW,MI,AGL,CE,Towers with Radar,746,132,16,0,894,0,0,0,0,0,746,132,16,0,894,0,0,0,894
07/22/2018,DTW,MI,AGL,CE,Towers with Radar,923,203,8,0,1134,0,0,3,0,3,923,203,11,0,1137,0,0,0,1137
07/23/2018,DTW,MI,AGL,CE,Towers with Radar,857,336,13,0,1206,0,0,4,0,4,857,336,17,0,1210,0,0,0,1210
07/24/2018,DTW,MI,AGL,CE,Towers with Radar,985,220,4,0,1209,0,0,2,0,2,985,220,6,0,1211,0,0,0,1211
07/25/2018,DTW,MI,AGL,CE,Towers with Radar,1007,206,34,0,1247,0,0,8,0,8,1007,206,42,0,1255,0,0,0,1255
07/26/2018,DTW,MI,AGL,CE,Towers with Radar,998,221,23,0,1242,0,0,8,0,8,998,221,31,0,1250,0,0,0,1250
07/27/2018,DTW,MI,AGL,CE,Towers with Radar,978,221,16,0,1215,0,0,7,0,7,978,221,23,0,1222,0,0,0,1222
07/28/2018,DTW,MI,AGL,CE,Towers with Radar,762,127,14,0,903,0,0,17,0,17,762,127,31,0,920,0,0,0,920
07/29/2018,DTW,MI,AGL,CE,Towers with Radar,925,206,17,0,1148,0,0,7,0,7,925,206,24,0,1155,0,0,0,1155
07/30/2018,DTW,MI,AGL,CE,Towers with Radar,993,213,10,0,1216,0,0,0,0,0,993,213,10,0,1216,0,0,0,1216
07/31/2018,DTW,MI,AGL,CE,Towers with Radar,989,199,14,0,1202,0,0,0,0,0,989,199,14,0,1202,0,0,0,1202
08/01/2018,DTW,MI,AGL,CE,Towers with Radar,988,207,16,2,1213,0,0,0,0,0,988,207,16,2,1213,0,0,0,1213
08/02/2018,DTW,MI,AGL,CE,Towers with Radar,981,224,18,0,1223,0,0,0,0,0,981,224,18,0,1223,0,0,0,1223
08/03/2018,DTW,MI,AGL,CE,Towers with Radar,986,217,11,0,1214,0,0,7,0,7,986,217,18,0,1221,0,0,0,1221
08/04/2018,DTW,MI,AGL,CE,Towers with Radar,756,133,5,0,894,0,0,2,0,2,756,133,7,0,896,0,0,0,896
08/05/2018,DTW,MI,AGL,CE,Towers with Radar,926,203,10,0,1139,0,1,0,0,1,926,204,10,0,1140,0,0,0,1140
08/06/2018,DTW,MI,AGL,CE,Towers with Radar,981,226,24,0,1231,0,0,3,0,3,981,226,27,0,1234,0,0,0,1234
08/07/2018,DTW,MI,AGL,CE,Towers with Radar,998,198,23,0,1219,0,0,0,2,2,998,198,23,2,1221,0,0,0,1221
08/08/2018,DTW,MI,AGL,CE,Towers with Radar,987,203,23,0,1213,0,0,2,1,3,987,203,25,1,1216,0,0,0,1216
08/09/2018,DTW,MI,AGL,CE,Towers with Radar,992,228,31,6,1257,0,0,3,0,3,992,228,34,6,1260,0,0,0,1260
08/10/2018,DTW,MI,AGL,CE,Towers with Radar,999,218,19,0,1236,0,0,5,0,5,999,218,24,0,1241,0,0,0,1241
08/11/2018,DTW,MI,AGL,CE,Towers with Radar,738,135,5,2,880,0,0,1,0,1,738,135,6,2,881,0,0,0,881
08/12/2018,DTW,MI,AGL,CE,Towers with Radar,924,206,12,5,1147,0,0,1,1,2,924,206,13,6,1149,0,0,0,1149
08/13/2018,DTW,MI,AGL,CE,Towers with Radar,951,211,21,1,1184,0,0,6,1,7,951,211,27,2,1191,0,0,0,1191
08/14/2018,DTW,MI,AGL,CE,Towers with Radar,986,205,28,0,1219,0,0,7,0,7,986,205,35,0,1226,0,0,0,1226
08/15/2018,DTW,MI,AGL,CE,Towers with Radar,1013,206,19,0,1238,0,0,0,0,0,1013,206,19,0,1238,0,0,0,1238
08/16/2018,DTW,MI,AGL,CE,Towers with Radar,996,218,20,0,1234,0,0,0,0,0,996,218,20,0,1234,0,0,0,1234
08/17/2018,DTW,MI,AGL,CE,Towers with Radar,984,221,16,0,1221,0,0,0,0,0,984,221,16,0,1221,0,0,0,1221
08/18/2018,DTW,MI,AGL,CE,Towers with Radar,741,121,9,0,871,0,0,2,0,2,741,121,11,0,873,0,0,0,873
08/19/2018,DTW,MI,AGL,CE,Towers with Radar,931,198,10,0,1139,0,0,6,0,6,931,198,16,0,1145,0,0,0,1145
08/20/2018,DTW,MI,AGL,CE,Towers with Radar,990,213,16,0,1219,0,0,1,0,1,990,213,17,0,1220,0,0,0,1220
08/21/2018,DTW,MI,AGL,CE,Towers with Radar,969,221,17,0,1207,0,0,0,0,0,969,221,17,0,1207,0,0,0,1207
08/22/2018,DTW,MI,AGL,CE,Towers with Radar,984,221,17,0,1222,0,0,1,0,1,984,221,18,0,1223,0,0,0,1223
08/23/2018,DTW,MI,AGL,CE,Towers with Radar,970,215,13,0,1198,0,0,4,0,4,970,215,17,0,1202,0,0,0,1202
08/24/2018,DTW,MI,AGL,CE,Towers with Radar,987,210,11,0,1208,0,0,0,0,0,987,210,11,0,1208,0,0,0,1208
08/25/2018,DTW,MI,AGL,CE,Towers with Radar,699,130,10,0,839,0,0,0,0,0,699,130,10,0,839,0,0,0,839
08/26/2018,DTW,MI,AGL,CE,Towers with Radar,896,197,8,0,1101,0,0,2,1,3,896,197,10,1,1104,0,0,0,1104
08/27/2018,DTW,MI,AGL,CE,Towers with Radar,956,207,22,0,1185,0,0,0,0,0,956,207,22,0,1185,0,0,0,1185
08/28/2018,DTW,MI,AGL,CE,Towers with Radar,934,207,25,0,1166,0,0,0,0,0,934,207,25,0,1166,0,0,0,1166
08/29/2018,DTW,MI,AGL,CE,Towers with Radar,960,207,16,0,1183,0,0,9,0,9,960,207,25,0,1192,0,0,0,1192
08/30/2018,DTW,MI,AGL,CE,Towers with Radar,958,209,25,0,1192,0,0,1,0,1,958,209,26,0,1193,0,0,0,1193
08/31/2018,DTW,MI,AGL,CE,Towers with Radar,955,220,24,0,1199,0,1,0,0,1,955,221,24,0,1200,0,0,0,1200
09/01/2018,DTW,MI,AGL,CE,Towers with Radar,662,113,4,0,779,0,0,0,0,0,662,113,4,0,779,0,0,0,779
09/02/2018,DTW,MI,AGL,CE,Towers with Radar,655,140,7,2,804,0,0,0,0,0,655,140,7,2,804,0,0,0,804
09/03/2018,DTW,MI,AGL,CE,Towers with Radar,833,173,9,0,1015,0,0,2,0,2,833,173,11,0,1017,0,0,0,1017
09/04/2018,DTW,MI,AGL,CE,Towers with Radar,880,189,20,0,1089,0,1,4,0,5,880,190,24,0,1094,0,0,0,1094
09/05/2018,DTW,MI,AGL,CE,Towers with Radar,858,185,10,0,1053,0,0,0,0,0,858,185,10,0,1053,0,0,0,1053
09/06/2018,DTW,MI,AGL,CE,Towers with Radar,854,176,18,0,1048,0,0,0,0,0,854,176,18,0,1048,0,0,0,1048
09/07/2018,DTW,MI,AGL,CE,Towers with Radar,866,184,23,0,1073,0,0,0,0,0,866,184,23,0,1073,0,0,0,1073
09/08/2018,DTW,MI,AGL,CE,Towers with Radar,659,112,13,0,784,0,0,0,0,0,659,112,13,0,784,0,0,0,784
09/09/2018,DTW,MI,AGL,CE,Towers with Radar,898,189,12,0,1099,0,0,0,0,0,898,189,12,0,1099,0,0,0,1099
09/10/2018,DTW,MI,AGL,CE,Towers with Radar,958,205,25,0,1188,0,0,0,0,0,958,205,25,0,1188,0,0,0,1188
09/11/2018,DTW,MI,AGL,CE,Towers with Radar,943,207,23,0,1173,0,0,1,0,1,943,207,24,0,1174,0,0,0,1174
09/12/2018,DTW,MI,AGL,CE,Towers with Radar,947,206,15,0,1168,0,0,0,0,0,947,206,15,0,1168,0,0,0,1168
09/13/2018,DTW,MI,AGL,CE,Towers with Radar,964,211,30,0,1205,0,0,0,0,0,964,211,30,0,1205,0,0,0,1205
09/14/2018,DTW,MI,AGL,CE,Towers with Radar,972,225,10,0,1207,0,0,1,0,1,972,225,11,0,1208,0,0,0,1208
09/15/2018,DTW,MI,AGL,CE,Towers with Radar,690,126,7,0,823,0,0,4,0,4,690,126,11,0,827,0,0,0,827
09/16/2018,DTW,MI,AGL,CE,Towers with Radar,887,179,15,0,1081,0,0,0,0,0,887,179,15,0,1081,0,0,0,1081
09/17/2018,DTW,MI,AGL,CE,Towers with Radar,963,214,23,0,1200,0,0,4,0,4,963,214,27,0,1204,0,0,0,1204
09/18/2018,DTW,MI,AGL,CE,Towers with Radar,930,213,20,0,1163,0,0,1,0,1,930,213,21,0,1164,0,0,0,1164
09/19/2018,DTW,MI,AGL,CE,Towers with Radar,942,214,10,0,1166,0,0,2,0,2,942,214,12,0,1168,0,0,0,1168
09/20/2018,DTW,MI,AGL,CE,Towers with Radar,961,216,25,0,1202,0,0,0,0,0,961,216,25,0,1202,0,0,0,1202
09/21/2018,DTW,MI,AGL,CE,Towers with Radar,966,221,11,0,1198,0,0,1,0,1,966,221,12,0,1199,0,0,0,1199
09/22/2018,DTW,MI,AGL,CE,Towers with Radar,691,121,5,0,817,0,0,0,0,0,691,121,5,0,817,0,0,0,817
09/23/2018,DTW,MI,AGL,CE,Towers with Radar,889,205,16,0,1110,0,0,7,0,7,889,205,23,0,1117,0,0,0,1117
09/24/2018,DTW,MI,AGL,CE,Towers with Radar,967,219,16,0,1202,0,0,0,0,0,967,219,16,0,1202,0,0,0,1202
09/25/2018,DTW,MI,AGL,CE,Towers with Radar,926,218,10,1,1155,0,0,0,0,0,926,218,10,1,1155,0,0,0,1155
09/26/2018,DTW,MI,AGL,CE,Towers with Radar,940,222,26,1,1189,0,0,0,0,0,940,222,26,1,1189,0,0,0,1189
09/27/2018,DTW,MI,AGL,CE,Towers with Radar,971,222,32,0,1225,0,0,2,0,2,971,222,34,0,1227,0,0,0,1227
09/28/2018,DTW,MI,AGL,CE,Towers with Radar,975,213,20,0,1208,0,0,0,0,0,975,213,20,0,1208,0,0,0,1208
09/29/2018,DTW,MI,AGL,CE,Towers with Radar,691,114,11,0,816,0,0,3,0,3,691,114,14,0,819,0,0,0,819
09/30/2018,DTW,MI,AGL,CE,Towers with Radar,897,195,9,0,1101,0,0,0,0,0,897,195,9,0,1101,0,0,0,1101
10/01/2018,DTW,MI,AGL,CE,Towers with Radar,963,206,21,0,1190,0,0,0,0,0,963,206,21,0,1190,0,0,0,1190
10/02/2018,DTW,MI,AGL,CE,Towers with Radar,950,206,23,0,1179,0,0,0,0,0,950,206,23,0,1179,0,0,0,1179
10/03/2018,DTW,MI,AGL,CE,Towers with Radar,949,204,26,0,1179,0,0,0,0,0,949,204,26,0,1179,0,0,0,1179
10/04/2018,DTW,MI,AGL,CE,Towers with Radar,975,222,47,0,1244,0,0,8,0,8,975,222,55,0,1252,0,0,0,1252
10/05/2018,DTW,MI,AGL,CE,Towers with Radar,982,218,37,0,1237,0,2,0,0,2,982,220,37,0,1239,0,0,0,1239
10/06/2018,DTW,MI,AGL,CE,Towers with Radar,699,105,12,0,816,0,0,0,0,0,699,105,12,0,816,0,0,0,816
10/07/2018,DTW,MI,AGL,CE,Towers with Radar,875,173,13,0,1061,0,0,0,0,0,875,173,13,0,1061,0,0,0,1061
10/08/2018,DTW,MI,AGL,CE,Towers with Radar,965,208,34,0,1207,0,0,0,0,0,965,208,34,0,1207,0,0,0,1207
10/09/2018,DTW,MI,AGL,CE,Towers with Radar,941,201,37,0,1179,0,0,4,0,4,941,201,41,0,1183,0,0,0,1183
10/10/2018,DTW,MI,AGL,CE,Towers with Radar,938,195,39,0,1172,0,0,1,0,1,938,195,40,0,1173,0,0,0,1173
10/11/2018,DTW,MI,AGL,CE,Towers with Radar,964,198,26,0,1188,0,0,2,0,2,964,198,28,0,1190,0,0,0,1190
10/12/2018,DTW,MI,AGL,CE,Towers with Radar,991,203,27,2,1223,0,0,1,0,1,991,203,28,2,1224,0,0,0,1224
10/13/2018,DTW,MI,AGL,CE,Towers with Radar,692,110,12,0,814,0,0,0,0,0,692,110,12,0,814,0,0,0,814
10/14/2018,DTW,MI,AGL,CE,Towers with Radar,884,177,17,0,1078,0,0,10,2,12,884,177,27,2,1090,0,0,0,1090
10/15/2018,DTW,MI,AGL,CE,Towers with Radar,965,197,16,1,1179,0,0,4,0,4,965,197,20,1,1183,0,0,0,1183
10/16/2018,DTW,MI,AGL,CE,Towers with Radar,953,193,18,0,1164,0,0,0,0,0,953,193,18,0,1164,0,0,0,1164
10/17/2018,DTW,MI,AGL,CE,Towers with Radar,950,204,22,0,1176,0,0,0,0,0,950,204,22,0,1176,0,0,0,1176
10/18/2018,DTW,MI,AGL,CE,Towers with Radar,995,197,20,1,1213,0,0,0,0,0,995,197,20,1,1213,0,0,0,1213
10/19/2018,DTW,MI,AGL,CE,Towers with Radar,980,205,5,0,1190,0,0,0,0,0,980,205,5,0,1190,0,0,0,1190
10/20/2018,DTW,MI,AGL,CE,Towers with Radar,710,103,5,0,818,0,0,0,0,0,710,103,5,0,818,0,0,0,818
10/21/2018,DTW,MI,AGL,CE,Towers with Radar,881,167,17,0,1065,0,0,2,0,2,881,167,19,0,1067,0,0,0,1067
10/22/2018,DTW,MI,AGL,CE,Towers with Radar,976,196,16,0,1188,0,0,7,0,7,976,196,23,0,1195,0,0,0,1195
10/23/2018,DTW,MI,AGL,CE,Towers with Radar,952,194,17,0,1163,0,0,3,0,3,952,194,20,0,1166,0,0,0,1166
10/24/2018,DTW,MI,AGL,CE,Towers with Radar,945,200,21,0,1166,0,0,3,0,3,945,200,24,0,1169,0,0,0,1169
10/25/2018,DTW,MI,AGL,CE,Towers with Radar,973,198,18,0,1189,0,0,1,0,1,973,198,19,0,1190,0,0,0,1190
10/26/2018,DTW,MI,AGL,CE,Towers with Radar,979,204,18,0,1201,0,0,0,0,0,979,204,18,0,1201,0,0,0,1201
10/27/2018,DTW,MI,AGL,CE,Towers with Radar,666,97,2,0,765,0,0,0,0,0,666,97,2,0,765,0,0,0,765
10/28/2018,DTW,MI,AGL,CE,Towers with Radar,785,157,13,0,955,0,0,0,0,0,785,157,13,0,955,0,0,0,955
10/29/2018,DTW,MI,AGL,CE,Towers with Radar,824,163,17,0,1004,0,0,2,0,2,824,163,19,0,1006,0,0,0,1006
10/30/2018,DTW,MI,AGL,CE,Towers with Radar,765,171,18,0,954,0,1,2,0,3,765,172,20,0,957,0,0,0,957
10/31/2018,DTW,MI,AGL,CE,Towers with Radar,714,155,12,0,881,0,0,0,0,0,714,155,12,0,881,0,0,0,881
11/01/2018,DTW,MI,AGL,CE,Towers with Radar,847,181,22,0,1050,0,0,0,0,0,847,181,22,0,1050,0,0,0,1050
11/02/2018,DTW,MI,AGL,CE,Towers with Radar,874,176,7,0,1057,0,0,0,0,0,874,176,7,0,1057,0,0,0,1057
11/03/2018,DTW,MI,AGL,CE,Towers with Radar,666,102,7,0,775,0,0,2,0,2,666,102,9,0,777,0,0,0,777
11/04/2018,DTW,MI,AGL,CE,Towers with Radar,850,163,10,0,1023,0,0,0,0,0,850,163,10,0,1023,0,0,0,1023
11/05/2018,DTW,MI,AGL,CE,Towers with Radar,898,186,17,0,1101,0,0,2,0,2,898,186,19,0,1103,0,0,0,1103
11/06/2018,DTW,MI,AGL,CE,Towers with Radar,846,184,7,0,1037,0,0,0,0,0,846,184,7,0,1037,0,0,0,1037
11/07/2018,DTW,MI,AGL,CE,Towers with Radar,906,185,11,0,1102,0,0,0,0,0,906,185,11,0,1102,0,0,0,1102
11/08/2018,DTW,MI,AGL,CE,Towers with Radar,951,193,17,0,1161,0,0,1,0,1,951,193,18,0,1162,0,0,0,1162
11/09/2018,DTW,MI,AGL,CE,Towers with Radar,962,181,9,0,1152,0,0,0,0,0,962,181,9,0,1152,0,0,0,1152
11/10/2018,DTW,MI,AGL,CE,Towers with Radar,704,109,12,0,825,0,0,2,0,2,704,109,14,0,827,0,0,0,827
11/11/2018,DTW,MI,AGL,CE,Towers with Radar,883,170,15,0,1068,0,0,4,0,4,883,170,19,0,1072,0,0,0,1072
11/12/2018,DTW,MI,AGL,CE,Towers with Radar,951,186,8,0,1145,0,1,1,0,2,951,187,9,0,1147,0,0,0,1147
11/13/2018,DTW,MI,AGL,CE,Towers with Radar,957,185,18,0,1160,0,0,1,0,1,957,185,19,0,1161,0,0,0,1161
11/14/2018,DTW,MI,AGL,CE,Towers with Radar,963,184,18,0,1165,0,0,2,0,2,963,184,20,0,1167,0,0,0,1167
11/15/2018,DTW,MI,AGL,CE,Towers with Radar,930,170,13,0,1113,0,0,0,0,0,930,170,13,0,1113,0,0,0,1113
11/16/2018,DTW,MI,AGL,CE,Towers with Radar,990,184,29,0,1203,0,0,0,0,0,990,184,29,0,1203,0,0,0,1203
11/17/2018,DTW,MI,AGL,CE,Towers with Radar,702,92,12,0,806,0,0,0,0,0,702,92,12,0,806,0,0,0,806
11/18/2018,DTW,MI,AGL,CE,Towers with Radar,831,152,12,0,995,0,0,0,0,0,831,152,12,0,995,0,0,0,995
11/19/2018,DTW,MI,AGL,CE,Towers with Radar,828,170,12,0,1010,0,0,1,0,1,828,170,13,0,1011,0,0,0,1011
11/20/2018,DTW,MI,AGL,CE,Towers with Radar,891,173,15,0,1079,0,0,4,0,4,891,173,19,0,1083,0,0,0,1083
11/21/2018,DTW,MI,AGL,CE,Towers with Radar,961,190,11,0,1162,0,0,1,0,1,961,190,12,0,1163,0,0,0,1163
11/22/2018,DTW,MI,AGL,CE,Towers with Radar,502,97,1,0,600,0,0,0,1,1,502,97,1,1,601,0,0,0,601
11/23/2018,DTW,MI,AGL,CE,Towers with Radar,599,130,8,0,737,0,0,0,0,0,599,130,8,0,737,0,0,0,737
11/24/2018,DTW,MI,AGL,CE,Towers with Radar,903,178,5,0,1086,0,0,0,0,0,903,178,5,0,1086,0,0,0,1086
11/25/2018,DTW,MI,AGL,CE,Towers with Radar,979,210,15,0,1204,0,0,0,0,0,979,210,15,0,1204,0,0,0,1204
11/26/2018,DTW,MI,AGL,CE,Towers with Radar,939,176,15,0,1130,0,0,0,0,0,939,176,15,0,1130,0,0,0,1130
11/27/2018,DTW,MI,AGL,CE,Towers with Radar,916,188,16,0,1120,0,0,0,0,0,916,188,16,0,1120,0,0,0,1120
11/28/2018,DTW,MI,AGL,CE,Towers with Radar,873,172,17,2,1064,0,0,0,0,0,873,172,17,2,1064,0,0,0,1064
11/29/2018,DTW,MI,AGL,CE,Towers with Radar,912,165,15,0,1092,0,0,0,0,0,912,165,15,0,1092,0,0,0,1092
11/30/2018,DTW,MI,AGL,CE,Towers with Radar,897,181,14,0,1092,0,0,0,0,0,897,181,14,0,1092,0,0,0,1092
12/01/2018,DTW,MI,AGL,CE,Towers with Radar,592,83,7,0,682,0,0,3,0,3,592,83,10,0,685,0,0,0,685
12/02/2018,DTW,MI,AGL,CE,Towers with Radar,750,131,8,0,889,0,0,0,0,0,750,131,8,0,889,0,0,0,889
12/03/2018,DTW,MI,AGL,CE,Towers with Radar,919,180,13,0,1112,0,0,0,0,0,919,180,13,0,1112,0,0,0,1112
12/04/2018,DTW,MI,AGL,CE,Towers with Radar,895,171,13,0,1079,0,0,4,0,4,895,171,17,0,1083,0,0,0,1083
12/05/2018,DTW,MI,AGL,CE,Towers with Radar,903,174,23,2,1102,0,0,2,0,2,903,174,25,2,1104,0,0,0,1104
12/06/2018,DTW,MI,AGL,CE,Towers with Radar,935,187,13,2,1137,0,0,1,0,1,935,187,14,2,1138,0,0,0,1138
12/07/2018,DTW,MI,AGL,CE,Towers with Radar,943,183,13,0,1139,0,0,0,0,0,943,183,13,0,1139,0,0,0,1139
12/08/2018,DTW,MI,AGL,CE,Towers with Radar,652,86,6,1,745,0,0,6,0,6,652,86,12,1,751,0,0,0,751
12/09/2018,DTW,MI,AGL,CE,Towers with Radar,811,154,15,0,980,0,0,1,0,1,811,154,16,0,981,0,0,0,981
12/10/2018,DTW,MI,AGL,CE,Towers with Radar,905,178,15,0,1098,0,0,0,0,0,905,178,15,0,1098,0,0,0,1098
12/11/2018,DTW,MI,AGL,CE,Towers with Radar,901,180,22,1,1104,0,0,0,0,0,901,180,22,1,1104,0,0,0,1104
12/12/2018,DTW,MI,AGL,CE,Towers with Radar,901,187,20,1,1109,0,0,0,0,0,901,187,20,1,1109,0,0,0,1109
12/13/2018,DTW,MI,AGL,CE,Towers with Radar,933,177,20,0,1130,0,0,0,0,0,933,177,20,0,1130,0,0,0,1130
12/14/2018,DTW,MI,AGL,CE,Towers with Radar,927,178,19,0,1124,0,0,0,0,0,927,178,19,0,1124,0,0,0,1124
12/15/2018,DTW,MI,AGL,CE,Towers with Radar,659,92,10,0,761,0,0,0,0,0,659,92,10,0,761,0,0,0,761
12/16/2018,DTW,MI,AGL,CE,Towers with Radar,823,153,8,0,984,0,0,0,0,0,823,153,8,0,984,0,0,0,984
12/17/2018,DTW,MI,AGL,CE,Towers with Radar,913,182,13,0,1108,0,0,0,0,0,913,182,13,0,1108,0,0,0,1108
12/18/2018,DTW,MI,AGL,CE,Towers with Radar,909,173,15,0,1097,0,0,1,2,3,909,173,16,2,1100,0,0,0,1100
12/19/2018,DTW,MI,AGL,CE,Towers with Radar,927,168,7,0,1102,0,0,3,0,3,927,168,10,0,1105,0,0,0,1105
12/20/2018,DTW,MI,AGL,CE,Towers with Radar,924,178,12,0,1114,0,0,0,0,0,924,178,12,0,1114,0,0,0,1114
12/21/2018,DTW,MI,AGL,CE,Towers with Radar,931,183,8,0,1122,0,0,0,0,0,931,183,8,0,1122,0,0,0,1122
12/22/2018,DTW,MI,AGL,CE,Towers with Radar,812,174,11,0,997,0,0,0,0,0,812,174,11,0,997,0,0,0,997
12/23/2018,DTW,MI,AGL,CE,Towers with Radar,842,189,8,0,1039,0,0,0,0,0,842,189,8,0,1039,0,0,0,1039
12/24/2018,DTW,MI,AGL,CE,Towers with Radar,610,138,3,0,751,0,0,0,0,0,610,138,3,0,751,0,0,0,751
12/25/2018,DTW,MI,AGL,CE,Towers with Radar,567,115,1,0,683,0,0,2,0,2,567,115,3,0,685,0,0,0,685
12/26/2018,DTW,MI,AGL,CE,Towers with Radar,833,203,9,0,1045,0,0,0,0,0,833,203,9,0,1045,0,0,0,1045
12/27/2018,DTW,MI,AGL,CE,Towers with Radar,852,194,7,0,1053,0,0,0,0,0,852,194,7,0,1053,0,0,0,1053
12/28/2018,DTW,MI,AGL,CE,Towers with Radar,830,198,11,0,1039,0,0,0,0,0,830,198,11,0,1039,0,0,0,1039
12/29/2018,DTW,MI,AGL,CE,Towers with Radar,808,170,5,0,983,0,0,0,0,0,808,170,5,0,983,0,0,0,983
12/30/2018,DTW,MI,AGL,CE,Towers with Radar,833,199,6,0,1038,0,0,2,0,2,833,199,8,0,1040,0,0,0,1040
12/31/2018,DTW,MI,AGL,CE,Towers with Radar,630,146,3,0,779,0,0,1,0,1,630,146,4,0,780,0,0,0,780
01/01/2019,DTW,MI,AGL,CE,Towers with Radar,615,141,5,0,761,0,0,0,0,0,615,141,5,0,761,0,0,0,761
01/02/2019,DTW,MI,AGL,CE,Towers with Radar,838,189,6,0,1033,0,0,0,0,0,838,189,6,0,1033,0,0,0,1033
01/03/2019,DTW,MI,AGL,CE,Towers with Radar,799,183,5,0,987,0,0,2,0,2,799,183,7,0,989,0,0,0,989
01/04/2019,DTW,MI,AGL,CE,Towers with Radar,813,176,10,0,999,0,1,0,0,1,813,177,10,0,1000,0,0,0,1000
01/05/2019,DTW,MI,AGL,CE,Towers with Radar,669,98,5,0,772,0,0,0,0,0,669,98,5,0,772,0,0,0,772
01/06/2019,DTW,MI,AGL,CE,Towers with Radar,790,154,6,0,950,0,0,2,0,2,790,154,8,0,952,0,0,0,952
01/07/2019,DTW,MI,AGL,CE,Towers with Radar,884,179,8,0,1071,0,0,0,0,0,884,179,8,0,1071,0,0,0,1071
01/08/2019,DTW,MI,AGL,CE,Towers with Radar,863,200,16,0,1079,0,0,0,0,0,863,200,16,0,1079,0,0,0,1079
01/09/2019,DTW,MI,AGL,CE,Towers with Radar,880,206,8,0,1094,0,0,1,0,1,880,206,9,0,1095,0,0,0,1095
01/10/2019,DTW,MI,AGL,CE,Towers with Radar,879,199,14,0,1092,0,0,7,0,7,879,199,21,0,1099,0,0,0,1099
01/11/2019,DTW,MI,AGL,CE,Towers with Radar,883,197,15,0,1095,0,0,1,0,1,883,197,16,0,1096,0,0,0,1096
01/12/2019,DTW,MI,AGL,CE,Towers with Radar,651,97,4,0,752,0,0,0,0,0,651,97,4,0,752,0,0,0,752
01/13/2019,DTW,MI,AGL,CE,Towers with Radar,774,159,17,0,950,0,0,5,0,5,774,159,22,0,955,0,0,0,955
01/14/2019,DTW,MI,AGL,CE,Towers with Radar,880,201,10,0,1091,0,0,0,2,2,880,201,10,2,1093,0,0,0,1093
01/15/2019,DTW,MI,AGL,CE,Towers with Radar,851,201,24,0,1076,0,0,0,0,0,851,201,24,0,1076,0,0,0,1076
01/16/2019,DTW,MI,AGL,CE,Towers with Radar,858,210,26,0,1094,0,0,5,0,5,858,210,31,0,1099,0,0,0,1099
01/17/2019,DTW,MI,AGL,CE,Towers with Radar,889,200,27,0,1116,0,0,0,0,0,889,200,27,0,1116,0,0,0,1116
01/18/2019,DTW,MI,AGL,CE,Towers with Radar,885,206,18,0,1109,0,0,0,0,0,885,206,18,0,1109,0,0,0,1109
01/19/2019,DTW,MI,AGL,CE,Towers with Radar,606,77,5,0,688,0,0,0,0,0,606,77,5,0,688,0,0,0,688
01/20/2019,DTW,MI,AGL,CE,Towers with Radar,617,125,5,0,747,0,0,0,0,0,617,125,5,0,747,0,0,0,747
01/21/2019,DTW,MI,AGL,CE,Towers with Radar,818,189,13,0,1020,0,0,5,0,5,818,189,18,0,1025,0,0,0,1025
01/22/2019,DTW,MI,AGL,CE,Towers with Radar,682,175,19,0,876,0,0,1,0,1,682,175,20,0,877,0,0,0,877
01/23/2019,DTW,MI,AGL,CE,Towers with Radar,673,147,24,4,848,0,0,0,0,0,673,147,24,4,848,0,0,0,848
01/24/2019,DTW,MI,AGL,CE,Towers with Radar,879,211,30,0,1120,0,0,1,0,1,879,211,31,0,1121,0,0,0,1121
01/25/2019,DTW,MI,AGL,CE,Towers with Radar,901,203,22,0,1126,0,0,0,0,0,901,203,22,0,1126,0,0,0,1126
01/26/2019,DTW,MI,AGL,CE,Towers with Radar,659,102,10,0,771,0,0,0,0,0,659,102,10,0,771,0,0,0,771
01/27/2019,DTW,MI,AGL,CE,Towers with Radar,783,154,14,1,952,0,0,2,0,2,783,154,16,1,954,0,0,0,954
01/28/2019,DTW,MI,AGL,CE,Towers with Radar,815,157,13,0,985,0,0,0,0,0,815,157,13,0,985,0,0,0,985
01/29/2019,DTW,MI,AGL,CE,Towers with Radar,833,195,21,1,1050,0,0,0,0,0,833,195,21,1,1050,0,0,0,1050
01/30/2019,DTW,MI,AGL,CE,Towers with Radar,790,200,14,0,1004,0,0,0,0,0,790,200,14,0,1004,0,0,0,1004
01/31/2019,DTW,MI,AGL,CE,Towers with Radar,823,199,35,0,1057,0,0,4,0,4,823,199,39,0,1061,0,0,0,1061
02/01/2019,DTW,MI,AGL,CE,Towers with Radar,889,191,21,1,1102,0,0,2,0,2,889,191,23,1,1104,0,0,0,1104
02/02/2019,DTW,MI,AGL,CE,Towers with Radar,632,101,13,0,746,0,0,4,0,4,632,101,17,0,750,0,0,0,750
02/03/2019,DTW,MI,AGL,CE,Towers with Radar,643,122,5,0,770,0,0,0,0,0,643,122,5,0,770,0,0,0,770
02/04/2019,DTW,MI,AGL,CE,Towers with Radar,881,194,14,2,1091,0,1,0,0,1,881,195,14,2,1092,0,0,0,1092
02/05/2019,DTW,MI,AGL,CE,Towers with Radar,840,197,6,0,1043,0,0,0,0,0,840,197,6,0,1043,0,0,0,1043
02/06/2019,DTW,MI,AGL,CE,Towers with Radar,823,189,18,0,1030,0,0,0,0,0,823,189,18,0,1030,0,0,0,1030
02/07/2019,DTW,MI,AGL,CE,Towers with Radar,883,178,18,0,1079,0,0,0,0,0,883,178,18,0,1079,0,0,0,1079
02/08/2019,DTW,MI,AGL,CE,Towers with Radar,892,196,17,1,1106,0,0,0,0,0,892,196,17,1,1106,0,0,0,1106
02/09/2019,DTW,MI,AGL,CE,Towers with Radar,646,100,7,0,753,0,0,0,0,0,646,100,7,0,753,0,0,0,753
02/10/2019,DTW,MI,AGL,CE,Towers with Radar,776,153,4,0,933,0,0,0,0,0,776,153,4,0,933,0,0,0,933
02/11/2019,DTW,MI,AGL,CE,Towers with Radar,872,195,16,0,1083,0,0,0,0,0,872,195,16,0,1083,0,0,0,1083
02/12/2019,DTW,MI,AGL,CE,Towers with Radar,763,117,14,2,896,0,0,0,0,0,763,117,14,2,896,0,0,0,896
02/13/2019,DTW,MI,AGL,CE,Towers with Radar,868,199,16,0,1083,0,0,0,0,0,868,199,16,0,1083,0,0,0,1083
02/14/2019,DTW,MI,AGL,CE,Towers with Radar,881,197,14,0,1092,0,0,0,0,0,881,197,14,0,1092,0,0,0,1092
02/15/2019,DTW,MI,AGL,CE,Towers with Radar,885,197,16,0,1098,0,0,2,0,2,885,197,18,0,1100,0,0,0,1100
02/16/2019,DTW,MI,AGL,CE,Towers with Radar,634,93,5,2,734,0,0,0,0,0,634,93,5,2,734,0,0,0,734
02/17/2019,DTW,MI,AGL,CE,Towers with Radar,645,119,1,0,765,0,0,0,0,0,645,119,1,0,765,0,0,0,765
02/18/2019,DTW,MI,AGL,CE,Towers with Radar,853,202,14,0,1069,0,0,2,0,2,853,202,16,0,1071,0,0,0,1071
02/19/2019,DTW,MI,AGL,CE,Towers with Radar,874,206,12,0,1092,0,0,2,0,2,874,206,14,0,1094,0,0,0,1094
02/20/2019,DTW,MI,AGL,CE,Towers with Radar,845,186,15,0,1046,0,0,0,0,0,845,186,15,0,1046,0,0,0,1046
02/21/2019,DTW,MI,AGL,CE,Towers with Radar,890,202,11,0,1103,0,0,0,0,0,890,202,11,0,1103,0,0,0,1103
02/22/2019,DTW,MI,AGL,CE,Towers with Radar,885,201,13,0,1099,0,1,3,0,4,885,202,16,0,1103,0,0,0,1103
02/23/2019,DTW,MI,AGL,CE,Towers with Radar,658,103,0,0,761,0,0,0,0,0,658,103,0,0,761,0,0,0,761
02/24/2019,DTW,MI,AGL,CE,Towers with Radar,724,121,12,0,857,0,0,0,0,0,724,121,12,0,857,0,0,0,857
02/25/2019,DTW,MI,AGL,CE,Towers with Radar,854,177,18,0,1049,0,0,0,0,0,854,177,18,0,1049,0,0,0,1049
02/26/2019,DTW,MI,AGL,CE,Towers with Radar,880,213,21,0,1114,0,0,0,0,0,880,213,21,0,1114,0,0,0,1114
02/27/2019,DTW,MI,AGL,CE,Towers with Radar,877,197,14,0,1088,0,0,0,0,0,877,197,14,0,1088,0,0,0,1088
02/28/2019,DTW,MI,AGL,CE,Towers with Radar,892,203,10,0,1105,0,0,2,0,2,892,203,12,0,1107,0,0,0,1107
03/01/2019,DTW,MI,AGL,CE,Towers with Radar,889,206,13,0,1108,0,0,0,0,0,889,206,13,0,1108,0,0,0,1108
03/02/2019,DTW,MI,AGL,CE,Towers with Radar,728,121,8,0,857,0,0,2,0,2,728,121,10,0,859,0,0,0,859
03/03/2019,DTW,MI,AGL,CE,Towers with Radar,877,165,15,0,1057,0,0,0,0,0,877,165,15,0,1057,0,0,0,1057
03/04/2019,DTW,MI,AGL,CE,Towers with Radar,952,188,13,0,1153,0,0,0,0,0,952,188,13,0,1153,0,0,0,1153
03/05/2019,DTW,MI,AGL,CE,Towers with Radar,954,189,15,0,1158,0,0,0,0,0,954,189,15,0,1158,0,0,0,1158
03/06/2019,DTW,MI,AGL,CE,Towers with Radar,960,199,18,0,1177,0,0,0,0,0,960,199,18,0,1177,0,0,0,1177
03/07/2019,DTW,MI,AGL,CE,Towers with Radar,967,196,10,0,1173,0,0,3,0,3,967,196,13,0,1176,0,0,0,1176
03/08/2019,DTW,MI,AGL,CE,Towers with Radar,970,182,9,0,1161,0,0,0,2,2,970,182,9,2,1163,0,0,0,1163
03/09/2019,DTW,MI,AGL,CE,Towers with Radar,733,117,6,0,856,0,0,2,0,2,733,117,8,0,858,0,0,0,858
03/10/2019,DTW,MI,AGL,CE,Towers with Radar,890,171,10,0,1071,0,0,0,0,0,890,171,10,0,1071,0,0,0,1071
03/11/2019,DTW,MI,AGL,CE,Towers with Radar,967,199,8,0,1174,0,1,0,0,1,967,200,8,0,1175,0,0,0,1175
03/12/2019,DTW,MI,AGL,CE,Towers with Radar,959,189,15,0,1163,0,0,5,0,5,959,189,20,0,1168,0,0,0,1168
03/13/2019,DTW,MI,AGL,CE,Towers with Radar,935,185,19,0,1139,0,0,4,0,4,935,185,23,0,1143,0,0,0,1143
03/14/2019,DTW,MI,AGL,CE,Towers with Radar,950,203,15,0,1168,0,0,0,0,0,950,203,15,0,1168,0,0,0,1168
03/15/2019,DTW,MI,AGL,CE,Towers with Radar,981,198,18,0,1197,0,0,0,0,0,981,198,18,0,1197,0,0,0,1197
03/16/2019,DTW,MI,AGL,CE,Towers with Radar,752,121,3,0,876,0,0,0,0,0,752,121,3,0,876,0,0,0,876
03/17/2019,DTW,MI,AGL,CE,Towers with Radar,877,157,8,0,1042,0,0,2,0,2,877,157,10,0,1044,0,0,0,1044
03/18/2019,DTW,MI,AGL,CE,Towers with Radar,957,192,11,0,1160,0,0,1,0,1,957,192,12,0,1161,0,0,0,1161
03/19/2019,DTW,MI,AGL,CE,Towers with Radar,953,188,13,0,1154,0,0,0,0,0,953,188,13,0,1154,0,0,0,1154
03/20/2019,DTW,MI,AGL,CE,Towers with Radar,955,187,21,0,1163,0,0,0,0,0,955,187,21,0,1163,0,0,0,1163
03/21/2019,DTW,MI,AGL,CE,Towers with Radar,952,201,19,0,1172,1,0,0,0,1,953,201,19,0,1173,0,0,0,1173
03/22/2019,DTW,MI,AGL,CE,Towers with Radar,988,191,16,0,1195,0,0,5,0,5,988,191,21,0,1200,0,0,0,1200
03/23/2019,DTW,MI,AGL,CE,Towers with Radar,740,120,4,0,864,0,0,0,0,0,740,120,4,0,864,0,0,0,864
03/24/2019,DTW,MI,AGL,CE,Towers with Radar,885,163,3,0,1051,0,0,2,0,2,885,163,5,0,1053,0,0,0,1053
03/25/2019,DTW,MI,AGL,CE,Towers with Radar,951,195,16,0,1162,0,0,1,0,1,951,195,17,0,1163,0,0,0,1163
03/26/2019,DTW,MI,AGL,CE,Towers with Radar,953,192,18,1,1164,0,0,3,0,3,953,192,21,1,1167,0,0,0,1167
03/27/2019,DTW,MI,AGL,CE,Towers with Radar,953,195,15,0,1163,0,0,0,0,0,953,195,15,0,1163,0,0,0,1163
03/28/2019,DTW,MI,AGL,CE,Towers with Radar,982,186,12,0,1180,0,0,0,0,0,982,186,12,0,1180,0,0,0,1180
03/29/2019,DTW,MI,AGL,CE,Towers with Radar,976,193,11,0,1180,0,0,3,2,5,976,193,14,2,1185,0,0,0,1185
03/30/2019,DTW,MI,AGL,CE,Towers with Radar,749,117,3,0,869,0,0,0,0,0,749,117,3,0,869,0,0,0,869
03/31/2019,DTW,MI,AGL,CE,Towers with Radar,879,165,8,0,1052,0,0,5,0,5,879,165,13,0,1057,0,0,0,1057
04/01/2019,DTW,MI,AGL,CE,Towers with Radar,950,205,9,1,1165,0,0,0,0,0,950,205,9,1,1165,0,0,0,1165
04/02/2019,DTW,MI,AGL,CE,Towers with Radar,955,186,11,1,1153,0,0,2,0,2,955,186,13,1,1155,0,0,0,1155
04/03/2019,DTW,MI,AGL,CE,Towers with Radar,957,191,17,0,1165,0,0,0,0,0,957,191,17,0,1165,0,0,0,1165
04/04/2019,DTW,MI,AGL,CE,Towers with Radar,967,186,12,0,1165,0,0,0,0,0,967,186,12,0,1165,0,0,0,1165
04/05/2019,DTW,MI,AGL,CE,Towers with Radar,969,189,16,0,1174,0,0,3,0,3,969,189,19,0,1177,0,0,0,1177
04/06/2019,DTW,MI,AGL,CE,Towers with Radar,715,112,5,0,832,0,0,0,0,0,715,112,5,0,832,0,0,0,832
04/07/2019,DTW,MI,AGL,CE,Towers with Radar,890,167,9,0,1066,0,0,0,0,0,890,167,9,0,1066,0,0,0,1066
04/08/2019,DTW,MI,AGL,CE,Towers with Radar,967,186,18,0,1171,0,0,5,0,5,967,186,23,0,1176,0,0,0,1176
04/09/2019,DTW,MI,AGL,CE,Towers with Radar,964,191,15,2,1172,0,0,0,0,0,964,191,15,2,1172,0,0,0,1172
04/10/2019,DTW,MI,AGL,CE,Towers with Radar,967,177,16,0,1160,0,0,0,0,0,967,177,16,0,1160,0,0,0,1160
04/11/2019,DTW,MI,AGL,CE,Towers with Radar,964,187,22,0,1173,0,0,0,0,0,964,187,22,0,1173,0,0,0,1173
04/12/2019,DTW,MI,AGL,CE,Towers with Radar,995,181,12,0,1188,0,0,2,0,2,995,181,14,0,1190,0,0,0,1190
04/13/2019,DTW,MI,AGL,CE,Towers with Radar,711,111,7,0,829,0,0,3,0,3,711,111,10,0,832,0,0,0,832
04/14/2019,DTW,MI,AGL,CE,Towers with Radar,863,149,1,0,1013,0,0,0,0,0,863,149,1,0,1013,0,0,0,1013
04/15/2019,DTW,MI,AGL,CE,Towers with Radar,965,189,16,0,1170,0,0,0,0,0,965,189,16,0,1170,0,0,0,1170
04/16/2019,DTW,MI,AGL,CE,Towers with Radar,949,188,22,0,1159,0,0,0,0,0,949,188,22,0,1159,0,0,0,1159
04/17/2019,DTW,MI,AGL,CE,Towers with Radar,964,193,28,0,1185,0,0,2,0,2,964,193,30,0,1187,0,0,0,1187
04/18/2019,DTW,MI,AGL,CE,Towers with Radar,974,200,14,0,1188,0,0,2,0,2,974,200,16,0,1190,0,0,0,1190
04/19/2019,DTW,MI,AGL,CE,Towers with Radar,934,174,8,0,1116,0,0,0,0,0,934,174,8,0,1116,0,0,0,1116
04/20/2019,DTW,MI,AGL,CE,Towers with Radar,720,98,7,1,826,0,0,0,0,0,720,98,7,1,826,0,0,0,826
04/21/2019,DTW,MI,AGL,CE,Towers with Radar,841,150,8,0,999,0,0,0,0,0,841,150,8,0,999,0,0,0,999
04/22/2019,DTW,MI,AGL,CE,Towers with Radar,963,193,12,0,1168,0,0,0,0,0,963,193,12,0,1168,0,0,0,1168
04/23/2019,DTW,MI,AGL,CE,Towers with Radar,956,189,13,1,1159,0,0,1,2,3,956,189,14,3,1162,0,0,0,1162
04/24/2019,DTW,MI,AGL,CE,Towers with Radar,953,184,15,3,1155,0,1,3,1,5,953,185,18,4,1160,0,0,0,1160
04/25/2019,DTW,MI,AGL,CE,Towers with Radar,982,192,24,0,1198,0,0,0,0,0,982,192,24,0,1198,0,0,0,1198
04/26/2019,DTW,MI,AGL,CE,Towers with Radar,968,188,21,0,1177,0,0,0,0,0,968,188,21,0,1177,0,0,0,1177
04/27/2019,DTW,MI,AGL,CE,Towers with Radar,717,110,10,0,837,0,0,0,0,0,717,110,10,0,837,0,0,0,837
04/28/2019,DTW,MI,AGL,CE,Towers with Radar,890,165,13,0,1068,0,0,0,0,0,890,165,13,0,1068,0,0,0,1068
04/29/2019,DTW,MI,AGL,CE,Towers with Radar,963,185,13,0,1161,0,0,0,0,0,963,185,13,0,1161,0,0,0,1161
04/30/2019,DTW,MI,AGL,CE,Towers with Radar,952,191,11,0,1154,0,0,1,0,1,952,191,12,0,1155,0,0,0,1155
05/01/2019,DTW,MI,AGL,CE,Towers with Radar,978,185,12,0,1175,0,0,4,0,4,978,185,16,0,1179,0,0,0,1179
05/02/2019,DTW,MI,AGL,CE,Towers with Radar,955,196,16,0,1167,0,0,0,0,0,955,196,16,0,1167,0,0,0,1167
05/03/2019,DTW,MI,AGL,CE,Towers with Radar,1006,187,10,0,1203,0,0,0,0,0,1006,187,10,0,1203,0,0,0,1203
05/04/2019,DTW,MI,AGL,CE,Towers with Radar,726,100,4,0,830,0,0,5,0,5,726,100,9,0,835,0,0,0,835
05/05/2019,DTW,MI,AGL,CE,Towers with Radar,898,164,7,0,1069,0,0,2,0,2,898,164,9,0,1071,0,0,0,1071
05/06/2019,DTW,MI,AGL,CE,Towers with Radar,990,177,13,0,1180,0,0,3,0,3,990,177,16,0,1183,0,0,0,1183
05/07/2019,DTW,MI,AGL,CE,Towers with Radar,955,186,15,0,1156,0,2,0,0,2,955,188,15,0,1158,0,0,0,1158
05/08/2019,DTW,MI,AGL,CE,Towers with Radar,972,183,14,0,1169,0,0,2,0,2,972,183,16,0,1171,0,0,0,1171
05/09/2019,DTW,MI,AGL,CE,Towers with Radar,1000,183,16,0,1199,0,0,1,0,1,1000,183,17,0,1200,0,0,0,1200
05/10/2019,DTW,MI,AGL,CE,Towers with Radar,1001,173,19,0,1193,0,0,5,0,5,1001,173,24,0,1198,0,0,0,1198
05/11/2019,DTW,MI,AGL,CE,Towers with Radar,683,101,4,0,788,0,0,2,0,2,683,101,6,0,790,0,0,0,790
05/12/2019,DTW,MI,AGL,CE,Towers with Radar,804,157,10,0,971,0,0,0,0,0,804,157,10,0,971,0,0,0,971
05/13/2019,DTW,MI,AGL,CE,Towers with Radar,980,196,23,0,1199,0,0,2,0,2,980,196,25,0,1201,0,0,0,1201
05/14/2019,DTW,MI,AGL,CE,Towers with Radar,972,184,20,0,1176,0,0,3,0,3,972,184,23,0,1179,0,0,0,1179
05/15/2019,DTW,MI,AGL,CE,Towers with Radar,981,177,19,0,1177,0,0,3,0,3,981,177,22,0,1180,0,0,0,1180
05/16/2019,DTW,MI,AGL,CE,Towers with Radar,991,187,16,0,1194,0,0,4,0,4,991,187,20,0,1198,0,0,0,1198
05/17/2019,DTW,MI,AGL,CE,Towers with Radar,1006,191,23,1,1221,0,0,1,0,1,1006,191,24,1,1222,0,0,0,1222
05/18/2019,DTW,MI,AGL,CE,Towers with Radar,765,109,10,0,884,0,0,1,0,1,765,109,11,0,885,0,0,0,885
05/19/2019,DTW,MI,AGL,CE,Towers with Radar,886,178,14,0,1078,0,0,0,0,0,886,178,14,0,1078,0,0,0,1078
05/20/2019,DTW,MI,AGL,CE,Towers with Radar,1000,184,32,0,1216,0,0,0,0,0,1000,184,32,0,1216,0,0,0,1216
05/21/2019,DTW,MI,AGL,CE,Towers with Radar,971,192,41,0,1204,0,0,1,0,1,971,192,42,0,1205,0,0,0,1205
05/22/2019,DTW,MI,AGL,CE,Towers with Radar,980,185,27,0,1192,0,0,0,0,0,980,185,27,0,1192,0,0,0,1192
05/23/2019,DTW,MI,AGL,CE,Towers with Radar,994,182,22,0,1198,0,0,0,0,0,994,182,22,0,1198,0,0,0,1198
05/24/2019,DTW,MI,AGL,CE,Towers with Radar,1008,173,11,0,1192,0,0,2,0,2,1008,173,13,0,1194,0,0,0,1194
05/25/2019,DTW,MI,AGL,CE,Towers with Radar,679,86,8,0,773,0,0,0,0,0,679,86,8,0,773,0,0,0,773
05/26/2019,DTW,MI,AGL,CE,Towers with Radar,642,110,4,0,756,0,0,2,0,2,642,110,6,0,758,0,0,0,758
05/27/2019,DTW,MI,AGL,CE,Towers with Radar,907,164,10,0,1081,0,0,1,0,1,907,164,11,0,1082,0,0,0,1082
05/28/2019,DTW,MI,AGL,CE,Towers with Radar,955,183,19,2,1159,0,0,4,0,4,955,183,23,2,1163,0,0,0,1163
05/29/2019,DTW,MI,AGL,CE,Towers with Radar,980,174,21,0,1175,0,0,1,0,1,980,174,22,0,1176,0,0,0,1176
05/30/2019,DTW,MI,AGL,CE,Towers with Radar,1001,186,29,0,1216,0,0,0,0,0,1001,186,29,0,1216,0,0,0,1216
05/31/2019,DTW,MI,AGL,CE,Towers with Radar,1006,192,20,0,1218,0,0,3,0,3,1006,192,23,0,1221,0,0,0,1221
06/01/2019,DTW,MI,AGL,CE,Towers with Radar,717,89,14,0,820,0,0,0,0,0,717,89,14,0,820,0,0,0,820
06/02/2019,DTW,MI,AGL,CE,Towers with Radar,916,157,17,0,1090,0,0,1,0,1,916,157,18,0,1091,0,0,0,1091
06/03/2019,DTW,MI,AGL,CE,Towers with Radar,1004,176,18,0,1198,0,0,4,0,4,1004,176,22,0,1202,0,0,0,1202
06/04/2019,DTW,MI,AGL,CE,Towers with Radar,976,181,24,0,1181,0,0,5,2,7,976,181,29,2,1188,0,0,0,1188
06/05/2019,DTW,MI,AGL,CE,Towers with Radar,974,183,21,1,1179,0,0,0,0,0,974,183,21,1,1179,0,0,0,1179
06/06/2019,DTW,MI,AGL,CE,Towers with Radar,1021,179,18,0,1218,0,0,2,0,2,1021,179,20,0,1220,0,0,0,1220
06/07/2019,DTW,MI,AGL,CE,Towers with Radar,1004,191,13,0,1208,0,0,2,0,2,1004,191,15,0,1210,0,0,0,1210
06/08/2019,DTW,MI,AGL,CE,Towers with Radar,750,122,4,0,876,0,0,1,0,1,750,122,5,0,877,0,0,0,877
06/09/2019,DTW,MI,AGL,CE,Towers with Radar,927,156,6,2,1091,0,0,1,0,1,927,156,7,2,1092,0,0,0,1092
06/10/2019,DTW,MI,AGL,CE,Towers with Radar,994,188,17,0,1199,0,0,0,0,0,994,188,17,0,1199,0,0,0,1199
06/11/2019,DTW,MI,AGL,CE,Towers with Radar,1002,177,6,0,1185,0,0,2,0,2,1002,177,8,0,1187,0,0,0,1187
06/12/2019,DTW,MI,AGL,CE,Towers with Radar,1005,191,22,0,1218,0,0,1,0,1,1005,191,23,0,1219,0,0,0,1219
06/13/2019,DTW,MI,AGL,CE,Towers with Radar,1009,192,9,0,1210,0,0,1,0,1,1009,192,10,0,1211,0,0,0,1211
06/14/2019,DTW,MI,AGL,CE,Towers with Radar,1024,188,21,0,1233,1,0,3,0,4,1025,188,24,0,1237,0,0,0,1237
06/15/2019,DTW,MI,AGL,CE,Towers with Radar,740,125,11,0,876,0,0,0,0,0,740,125,11,0,876,0,0,0,876
06/16/2019,DTW,MI,AGL,CE,Towers with Radar,942,183,7,0,1132,0,2,0,0,2,942,185,7,0,1134,0,0,0,1134
06/17/2019,DTW,MI,AGL,CE,Towers with Radar,1007,182,35,0,1224,0,0,2,0,2,1007,182,37,0,1226,0,0,0,1226
06/18/2019,DTW,MI,AGL,CE,Towers with Radar,999,187,10,0,1196,0,0,0,0,0,999,187,10,0,1196,0,0,0,1196
06/19/2019,DTW,MI,AGL,CE,Towers with Radar,997,192,23,0,1212,0,0,4,0,4,997,192,27,0,1216,0,0,0,1216
06/20/2019,DTW,MI,AGL,CE,Towers with Radar,1012,184,35,0,1231,0,0,3,0,3,1012,184,38,0,1234,0,0,0,1234
06/21/2019,DTW,MI,AGL,CE,Towers with Radar,1021,196,20,0,1237,0,0,5,0,5,1021,196,25,0,1242,0,0,0,1242
06/22/2019,DTW,MI,AGL,CE,Towers with Radar,758,123,12,0,893,0,0,4,0,4,758,123,16,0,897,0,0,0,897
06/23/2019,DTW,MI,AGL,CE,Towers with Radar,936,182,10,0,1128,0,0,3,0,3,936,182,13,0,1131,0,0,0,1131
06/24/2019,DTW,MI,AGL,CE,Towers with Radar,1019,194,23,0,1236,0,0,1,0,1,1019,194,24,0,1237,0,0,0,1237
06/25/2019,DTW,MI,AGL,CE,Towers with Radar,1009,184,12,0,1205,0,0,4,0,4,1009,184,16,0,1209,0,0,0,1209
06/26/2019,DTW,MI,AGL,CE,Towers with Radar,1022,185,19,0,1226,0,0,0,0,0,1022,185,19,0,1226,0,0,0,1226
06/27/2019,DTW,MI,AGL,CE,Towers with Radar,1008,194,15,0,1217,0,0,2,0,2,1008,194,17,0,1219,0,0,0,1219
06/28/2019,DTW,MI,AGL,CE,Towers with Radar,1021,198,10,2,1231,0,0,0,0,0,1021,198,10,2,1231,0,0,0,1231
06/29/2019,DTW,MI,AGL,CE,Towers with Radar,831,127,5,0,963,0,0,4,0,4,831,127,9,0,967,0,0,0,967
06/30/2019,DTW,MI,AGL,CE,Towers with Radar,826,166,10,0,1002,0,0,3,0,3,826,166,13,0,1005,0,0,0,1005
07/01/2019,DTW,MI,AGL,CE,Towers with Radar,834,150,8,0,992,0,0,2,0,2,834,150,10,0,994,0,0,0,994
07/02/2019,DTW,MI,AGL,CE,Towers with Radar,818,151,8,0,977,0,0,3,0,3,818,151,11,0,980,0,0,0,980
07/03/2019,DTW,MI,AGL,CE,Towers with Radar,861,147,14,0,1022,0,0,2,0,2,861,147,16,0,1024,0,0,0,1024
07/04/2019,DTW,MI,AGL,CE,Towers with Radar,708,125,3,0,836,0,0,1,0,1,708,125,4,0,837,0,0,0,837
07/05/2019,DTW,MI,AGL,CE,Towers with Radar,733,125,1,0,859,0,0,0,0,0,733,125,1,0,859,0,0,0,859
07/06/2019,DTW,MI,AGL,CE,Towers with Radar,795,123,5,0,923,0,0,0,0,0,795,123,5,0,923,0,0,0,923
07/07/2019,DTW,MI,AGL,CE,Towers with Radar,979,183,11,0,1173,0,0,0,0,0,979,183,11,0,1173,0,0,0,1173
07/08/2019,DTW,MI,AGL,CE,Towers with Radar,1016,187,11,0,1214,0,0,4,0,4,1016,187,15,0,1218,0,0,0,1218
07/09/2019,DTW,MI,AGL,CE,Towers with Radar,1027,197,15,0,1239,0,0,0,0,0,1027,197,15,0,1239,0,0,0,1239
07/10/2019,DTW,MI,AGL,CE,Towers with Radar,1017,198,19,3,1237,0,0,0,0,0,1017,198,19,3,1237,0,0,0,1237
07/11/2019,DTW,MI,AGL,CE,Towers with Radar,990,172,26,0,1188,0,0,3,0,3,990,172,29,0,1191,0,0,0,1191
07/12/2019,DTW,MI,AGL,CE,Towers with Radar,1053,181,20,1,1255,0,0,0,0,0,1053,181,20,1,1255,0,0,0,1255
07/13/2019,DTW,MI,AGL,CE,Towers with Radar,819,122,8,0,949,0,0,2,0,2,819,122,10,0,951,0,0,0,951
07/14/2019,DTW,MI,AGL,CE,Towers with Radar,963,173,17,0,1153,0,0,2,0,2,963,173,19,0,1155,0,0,0,1155
07/15/2019,DTW,MI,AGL,CE,Towers with Radar,1019,189,26,0,1234,0,0,1,0,1,1019,189,27,0,1235,0,0,0,1235
07/16/2019,DTW,MI,AGL,CE,Towers with Radar,1018,191,29,0,1238,0,0,0,0,0,1018,191,29,0,1238,0,0,0,1238
07/17/2019,DTW,MI,AGL,CE,Towers with Radar,1003,198,25,0,1226,0,0,0,0,0,1003,198,25,0,1226,0,0,0,1226
07/18/2019,DTW,MI,AGL,CE,Towers with Radar,1013,200,26,0,1239,0,0,1,1,2,1013,200,27,1,1241,0,0,0,1241
07/19/2019,DTW,MI,AGL,CE,Towers with Radar,877,153,19,0,1049,0,0,0,0,0,877,153,19,0,1049,0,0,0,1049
07/20/2019,DTW,MI,AGL,CE,Towers with Radar,855,148,17,0,1020,0,0,2,0,2,855,148,19,0,1022,0,0,0,1022
07/21/2019,DTW,MI,AGL,CE,Towers with Radar,933,184,11,0,1128,0,0,0,0,0,933,184,11,0,1128,0,0,0,1128
07/22/2019,DTW,MI,AGL,CE,Towers with Radar,1021,192,23,0,1236,0,0,5,0,5,1021,192,28,0,1241,0,0,0,1241
07/23/2019,DTW,MI,AGL,CE,Towers with Radar,1020,196,21,2,1239,0,0,2,1,3,1020,196,23,3,1242,0,0,0,1242
07/24/2019,DTW,MI,AGL,CE,Towers with Radar,1036,194,25,0,1255,0,0,5,0,5,1036,194,30,0,1260,0,0,0,1260
07/25/2019,DTW,MI,AGL,CE,Towers with Radar,1029,190,18,0,1237,0,0,5,0,5,1029,190,23,0,1242,0,0,0,1242
07/26/2019,DTW,MI,AGL,CE,Towers with Radar,1019,183,18,0,1220,0,0,2,0,2,1019,183,20,0,1222,0,0,0,1222
07/27/2019,DTW,MI,AGL,CE,Towers with Radar,836,129,7,0,972,0,0,10,0,10,836,129,17,0,982,0,0,0,982
07/28/2019,DTW,MI,AGL,CE,Towers with Radar,952,173,10,0,1135,0,0,1,0,1,952,173,11,0,1136,0,0,0,1136
07/29/2019,DTW,MI,AGL,CE,Towers with Radar,1010,180,13,0,1203,1,0,0,0,1,1011,180,13,0,1204,0,0,0,1204
07/30/2019,DTW,MI,AGL,CE,Towers with Radar,1021,191,19,0,1231,0,0,2,0,2,1021,191,21,0,1233,0,0,0,1233
07/31/2019,DTW,MI,AGL,CE,Towers with Radar,988,198,21,0,1207,0,0,0,0,0,988,198,21,0,1207,0,0,0,1207
08/01/2019,DTW,MI,AGL,CE,Towers with Radar,1030,201,20,0,1251,1,0,2,0,3,1031,201,22,0,1254,0,0,0,1254
08/02/2019,DTW,MI,AGL,CE,Towers with Radar,1021,205,15,0,1241,0,0,2,0,2,1021,205,17,0,1243,0,0,0,1243
08/03/2019,DTW,MI,AGL,CE,Towers with Radar,824,137,6,0,967,0,0,3,0,3,824,137,9,0,970,0,0,0,970
08/04/2019,DTW,MI,AGL,CE,Towers with Radar,950,183,19,0,1152,0,0,2,0,2,950,183,21,0,1154,0,0,0,1154
08/05/2019,DTW,MI,AGL,CE,Towers with Radar,1025,199,18,0,1242,0,0,0,0,0,1025,199,18,0,1242,0,0,0,1242
08/06/2019,DTW,MI,AGL,CE,Towers with Radar,1013,193,28,0,1234,0,0,1,0,1,1013,193,29,0,1235,0,0,0,1235
08/07/2019,DTW,MI,AGL,CE,Towers with Radar,1015,195,14,0,1224,0,0,6,0,6,1015,195,20,0,1230,0,0,0,1230
08/08/2019,DTW,MI,AGL,CE,Towers with Radar,1027,206,28,0,1261,0,1,9,0,10,1027,207,37,0,1271,0,0,0,1271
08/09/2019,DTW,MI,AGL,CE,Towers with Radar,1051,206,13,0,1270,0,0,3,0,3,1051,206,16,0,1273,0,0,0,1273
08/10/2019,DTW,MI,AGL,CE,Towers with Radar,822,127,11,0,960,0,0,2,0,2,822,127,13,0,962,0,0,0,962
08/11/2019,DTW,MI,AGL,CE,Towers with Radar,964,193,10,0,1167,0,0,3,0,3,964,193,13,0,1170,0,0,0,1170
08/12/2019,DTW,MI,AGL,CE,Towers with Radar,1005,197,19,0,1221,0,0,0,0,0,1005,197,19,0,1221,0,0,0,1221
08/13/2019,DTW,MI,AGL,CE,Towers with Radar,1000,185,18,0,1203,0,0,2,0,2,1000,185,20,0,1205,0,0,0,1205
08/14/2019,DTW,MI,AGL,CE,Towers with Radar,1004,193,11,0,1208,0,1,4,0,5,1004,194,15,0,1213,0,0,0,1213
08/15/2019,DTW,MI,AGL,CE,Towers with Radar,1016,196,20,0,1232,0,0,6,2,8,1016,196,26,2,1240,0,0,0,1240
08/16/2019,DTW,MI,AGL,CE,Towers with Radar,1028,195,12,0,1235,0,0,0,0,0,1028,195,12,0,1235,0,0,0,1235
08/17/2019,DTW,MI,AGL,CE,Towers with Radar,810,109,9,0,928,0,0,1,0,1,810,109,10,0,929,0,0,0,929
08/18/2019,DTW,MI,AGL,CE,Towers with Radar,895,172,4,1,1072,0,0,0,0,0,895,172,4,1,1072,0,0,0,1072
08/19/2019,DTW,MI,AGL,CE,Towers with Radar,1023,197,22,2,1244,0,0,4,1,5,1023,197,26,3,1249,0,0,0,1249
08/20/2019,DTW,MI,AGL,CE,Towers with Radar,925,203,6,1,1135,0,0,1,0,1,925,203,7,1,1136,0,0,0,1136
08/21/2019,DTW,MI,AGL,CE,Towers with Radar,1019,171,15,0,1205,0,0,1,0,1,1019,171,16,0,1206,0,0,0,1206
08/22/2019,DTW,MI,AGL,CE,Towers with Radar,1011,195,19,0,1225,0,0,0,0,0,1011,195,19,0,1225,0,0,0,1225
08/23/2019,DTW,MI,AGL,CE,Towers with Radar,1030,194,13,0,1237,0,0,0,0,0,1030,194,13,0,1237,0,0,0,1237
08/24/2019,DTW,MI,AGL,CE,Towers with Radar,798,106,13,0,917,0,0,9,0,9,798,106,22,0,926,0,0,0,926
08/25/2019,DTW,MI,AGL,CE,Towers with Radar,944,177,7,0,1128,0,0,0,0,0,944,177,7,0,1128,0,0,0,1128
08/26/2019,DTW,MI,AGL,CE,Towers with Radar,1007,191,22,0,1220,0,0,1,0,1,1007,191,23,0,1221,0,0,0,1221
08/27/2019,DTW,MI,AGL,CE,Towers with Radar,984,188,17,0,1189,0,0,0,0,0,984,188,17,0,1189,0,0,0,1189
08/28/2019,DTW,MI,AGL,CE,Towers with Radar,990,191,15,0,1196,0,0,0,0,0,990,191,15,0,1196,0,0,0,1196
08/29/2019,DTW,MI,AGL,CE,Towers with Radar,1009,194,14,0,1217,0,0,0,0,0,1009,194,14,0,1217,0,0,0,1217
08/30/2019,DTW,MI,AGL,CE,Towers with Radar,1008,199,10,0,1217,0,0,6,0,6,1008,199,16,0,1223,0,0,0,1223
08/31/2019,DTW,MI,AGL,CE,Towers with Radar,690,114,3,0,807,0,0,3,0,3,690,114,6,0,810,0,0,0,810
09/01/2019,DTW,MI,AGL,CE,Towers with Radar,641,127,8,0,776,0,1,0,0,1,641,128,8,0,777,0,0,0,777
09/02/2019,DTW,MI,AGL,CE,Towers with Radar,844,164,8,0,1016,0,0,0,0,0,844,164,8,0,1016,0,0,0,1016
09/03/2019,DTW,MI,AGL,CE,Towers with Radar,836,176,20,0,1032,0,0,1,0,1,836,176,21,0,1033,0,0,0,1033
09/04/2019,DTW,MI,AGL,CE,Towers with Radar,861,171,14,0,1046,0,0,0,0,0,861,171,14,0,1046,0,0,0,1046
09/05/2019,DTW,MI,AGL,CE,Towers with Radar,861,175,12,0,1048,0,0,2,0,2,861,175,14,0,1050,0,0,0,1050
09/06/2019,DTW,MI,AGL,CE,Towers with Radar,871,161,18,0,1050,0,0,4,0,4,871,161,22,0,1054,0,0,0,1054
09/07/2019,DTW,MI,AGL,CE,Towers with Radar,687,102,8,0,797,0,0,2,0,2,687,102,10,0,799,0,0,0,799
09/08/2019,DTW,MI,AGL,CE,Towers with Radar,916,172,15,0,1103,0,0,6,0,6,916,172,21,0,1109,0,0,0,1109
09/09/2019,DTW,MI,AGL,CE,Towers with Radar,995,192,18,1,1206,0,0,2,0,2,995,192,20,1,1208,0,0,0,1208
09/10/2019,DTW,MI,AGL,CE,Towers with Radar,968,193,29,0,1190,0,0,4,0,4,968,193,33,0,1194,0,0,0,1194
09/11/2019,DTW,MI,AGL,CE,Towers with Radar,946,179,10,0,1135,0,0,1,0,1,946,179,11,0,1136,0,0,0,1136
09/12/2019,DTW,MI,AGL,CE,Towers with Radar,1019,192,12,2,1225,0,0,0,0,0,1019,192,12,2,1225,0,0,0,1225
09/13/2019,DTW,MI,AGL,CE,Towers with Radar,1015,177,15,0,1207,0,0,0,0,0,1015,177,15,0,1207,0,0,0,1207
09/14/2019,DTW,MI,AGL,CE,Towers with Radar,728,113,8,0,849,0,0,5,0,5,728,113,13,0,854,0,0,0,854
09/15/2019,DTW,MI,AGL,CE,Towers with Radar,927,169,23,0,1119,0,0,1,0,1,927,169,24,0,1120,0,0,0,1120
09/16/2019,DTW,MI,AGL,CE,Towers with Radar,1000,181,16,0,1197,0,0,0,0,0,1000,181,16,0,1197,0,0,0,1197
09/17/2019,DTW,MI,AGL,CE,Towers with Radar,963,185,22,0,1170,0,0,2,0,2,963,185,24,0,1172,0,0,0,1172
09/18/2019,DTW,MI,AGL,CE,Towers with Radar,968,183,24,0,1175,1,1,1,0,3,969,184,25,0,1178,0,0,0,1178
09/19/2019,DTW,MI,AGL,CE,Towers with Radar,990,198,29,0,1217,0,0,3,0,3,990,198,32,0,1220,0,0,0,1220
09/20/2019,DTW,MI,AGL,CE,Towers with Radar,988,190,19,0,1197,0,0,1,0,1,988,190,20,0,1198,0,0,0,1198
09/21/2019,DTW,MI,AGL,CE,Towers with Radar,721,118,7,0,846,0,0,0,0,0,721,118,7,0,846,0,0,0,846
09/22/2019,DTW,MI,AGL,CE,Towers with Radar,923,171,22,0,1116,0,0,2,0,2,923,171,24,0,1118,0,0,0,1118
09/23/2019,DTW,MI,AGL,CE,Towers with Radar,1003,192,25,0,1220,0,0,2,0,2,1003,192,27,0,1222,0,0,0,1222
09/24/2019,DTW,MI,AGL,CE,Towers with Radar,976,195,28,0,1199,0,0,0,0,0,976,195,28,0,1199,0,0,0,1199
09/25/2019,DTW,MI,AGL,CE,Towers with Radar,974,199,21,0,1194,0,0,0,0,0,974,199,21,0,1194,0,0,0,1194
09/26/2019,DTW,MI,AGL,CE,Towers with Radar,996,188,20,0,1204,1,0,1,0,2,997,188,21,0,1206,0,0,0,1206
09/27/2019,DTW,MI,AGL,CE,Towers with Radar,993,202,14,0,1209,0,0,0,0,0,993,202,14,0,1209,0,0,0,1209
09/28/2019,DTW,MI,AGL,CE,Towers with Radar,744,110,14,0,868,0,0,0,0,0,744,110,14,0,868,0,0,0,868
09/29/2019,DTW,MI,AGL,CE,Towers with Radar,933,168,22,0,1123,0,0,0,0,0,933,168,22,0,1123,0,0,0,1123
09/30/2019,DTW,MI,AGL,CE,Towers with Radar,986,181,24,0,1191,0,0,1,0,1,986,181,25,0,1192,0,0,0,1192
10/01/2019,DTW,MI,AGL,CE,Towers with Radar,980,198,16,0,1194,0,0,1,0,1,980,198,17,0,1195,0,0,0,1195
10/02/2019,DTW,MI,AGL,CE,Towers with Radar,974,189,14,0,1177,0,0,0,0,0,974,189,14,0,1177,0,0,0,1177
10/03/2019,DTW,MI,AGL,CE,Towers with Radar,995,184,10,0,1189,0,0,0,0,0,995,184,10,0,1189,0,0,0,1189
10/04/2019,DTW,MI,AGL,CE,Towers with Radar,1005,177,15,0,1197,0,0,0,0,0,1005,177,15,0,1197,0,0,0,1197
10/05/2019,DTW,MI,AGL,CE,Towers with Radar,720,113,5,0,838,0,0,5,0,5,720,113,10,0,843,0,0,0,843
10/06/2019,DTW,MI,AGL,CE,Towers with Radar,909,166,15,0,1090,0,0,0,0,0,909,166,15,0,1090,0,0,0,1090
10/07/2019,DTW,MI,AGL,CE,Towers with Radar,1006,180,22,0,1208,0,0,0,0,0,1006,180,22,0,1208,0,0,0,1208
10/08/2019,DTW,MI,AGL,CE,Towers with Radar,975,196,17,0,1188,0,0,6,0,6,975,196,23,0,1194,0,0,0,1194
10/09/2019,DTW,MI,AGL,CE,Towers with Radar,972,185,29,0,1186,0,0,3,0,3,972,185,32,0,1189,0,0,0,1189
10/10/2019,DTW,MI,AGL,CE,Towers with Radar,1032,187,16,0,1235,0,0,0,0,0,1032,187,16,0,1235,0,0,0,1235
10/11/2019,DTW,MI,AGL,CE,Towers with Radar,1006,188,11,0,1205,0,0,0,0,0,1006,188,11,0,1205,0,0,0,1205
10/12/2019,DTW,MI,AGL,CE,Towers with Radar,730,115,7,0,852,0,0,0,6,6,730,115,7,6,858,0,0,0,858
10/13/2019,DTW,MI,AGL,CE,Towers with Radar,924,163,8,0,1095,0,0,0,0,0,924,163,8,0,1095,0,0,0,1095
10/14/2019,DTW,MI,AGL,CE,Towers with Radar,1005,187,14,0,1206,0,0,1,0,1,1005,187,15,0,1207,0,0,0,1207
10/15/2019,DTW,MI,AGL,CE,Towers with Radar,984,184,15,0,1183,0,1,1,0,2,984,185,16,0,1185,0,0,0,1185
10/16/2019,DTW,MI,AGL,CE,Towers with Radar,994,177,17,0,1188,0,0,0,0,0,994,177,17,0,1188,0,0,0,1188
10/17/2019,DTW,MI,AGL,CE,Towers with Radar,999,187,15,0,1201,0,0,1,0,1,999,187,16,0,1202,0,0,0,1202
10/18/2019,DTW,MI,AGL,CE,Towers with Radar,1018,186,22,2,1228,0,0,2,0,2,1018,186,24,2,1230,0,0,0,1230
10/19/2019,DTW,MI,AGL,CE,Towers with Radar,721,108,5,0,834,0,0,2,0,2,721,108,7,0,836,0,0,0,836
10/20/2019,DTW,MI,AGL,CE,Towers with Radar,931,174,12,0,1117,0,0,4,0,4,931,174,16,0,1121,0,0,0,1121
10/21/2019,DTW,MI,AGL,CE,Towers with Radar,1007,184,15,0,1206,0,0,0,0,0,1007,184,15,0,1206,0,0,0,1206
10/22/2019,DTW,MI,AGL,CE,Towers with Radar,981,187,21,0,1189,0,0,0,0,0,981,187,21,0,1189,0,0,0,1189
10/23/2019,DTW,MI,AGL,CE,Towers with Radar,982,189,20,0,1191,0,0,2,0,2,982,189,22,0,1193,0,0,0,1193
10/24/2019,DTW,MI,AGL,CE,Towers with Radar,997,185,26,0,1208,0,0,0,0,0,997,185,26,0,1208,0,0,0,1208
10/25/2019,DTW,MI,AGL,CE,Towers with Radar,1010,187,22,0,1219,0,0,3,0,3,1010,187,25,0,1222,0,0,0,1222
10/26/2019,DTW,MI,AGL,CE,Towers with Radar,684,107,10,0,801,0,0,0,0,0,684,107,10,0,801,0,0,0,801
10/27/2019,DTW,MI,AGL,CE,Towers with Radar,828,158,18,0,1004,0,0,5,0,5,828,158,23,0,1009,0,0,0,1009
10/28/2019,DTW,MI,AGL,CE,Towers with Radar,874,156,14,0,1044,0,0,1,0,1,874,156,15,0,1045,0,0,0,1045
10/29/2019,DTW,MI,AGL,CE,Towers with Radar,838,163,22,0,1023,0,0,2,0,2,838,163,24,0,1025,0,0,0,1025
10/30/2019,DTW,MI,AGL,CE,Towers with Radar,840,159,20,2,1021,0,0,0,0,0,840,159,20,2,1021,0,0,0,1021
10/31/2019,DTW,MI,AGL,CE,Towers with Radar,738,147,22,0,907,0,0,0,0,0,738,147,22,0,907,0,0,0,907
11/01/2019,DTW,MI,AGL,CE,Towers with Radar,819,149,26,0,994,0,0,0,0,0,819,149,26,0,994,0,0,0,994
11/02/2019,DTW,MI,AGL,CE,Towers with Radar,679,100,2,0,781,0,0,1,0,1,679,100,3,0,782,0,0,0,782
11/03/2019,DTW,MI,AGL,CE,Towers with Radar,872,146,7,0,1025,0,0,0,0,0,872,146,7,0,1025,0,0,0,1025
11/04/2019,DTW,MI,AGL,CE,Towers with Radar,973,165,14,0,1152,0,0,7,0,7,973,165,21,0,1159,0,0,0,1159
11/05/2019,DTW,MI,AGL,CE,Towers with Radar,889,170,20,0,1079,0,0,2,0,2,889,170,22,0,1081,0,0,0,1081
11/06/2019,DTW,MI,AGL,CE,Towers with Radar,905,170,19,0,1094,0,0,1,0,1,905,170,20,0,1095,0,0,0,1095
11/07/2019,DTW,MI,AGL,CE,Towers with Radar,983,179,7,0,1169,0,0,0,0,0,983,179,7,0,1169,0,0,0,1169
11/08/2019,DTW,MI,AGL,CE,Towers with Radar,996,191,15,0,1202,0,0,0,0,0,996,191,15,0,1202,0,0,0,1202
11/09/2019,DTW,MI,AGL,CE,Towers with Radar,718,104,2,0,824,0,0,0,0,0,718,104,2,0,824,0,0,0,824
11/10/2019,DTW,MI,AGL,CE,Towers with Radar,904,166,12,0,1082,0,0,0,0,0,904,166,12,0,1082,0,0,0,1082
11/11/2019,DTW,MI,AGL,CE,Towers with Radar,754,136,28,0,918,0,0,0,0,0,754,136,28,0,918,0,0,0,918
11/12/2019,DTW,MI,AGL,CE,Towers with Radar,1021,189,22,2,1234,0,0,0,0,0,1021,189,22,2,1234,0,0,0,1234
11/13/2019,DTW,MI,AGL,CE,Towers with Radar,969,194,20,0,1183,0,0,3,0,3,969,194,23,0,1186,0,0,0,1186
11/14/2019,DTW,MI,AGL,CE,Towers with Radar,996,187,17,0,1200,0,0,0,0,0,996,187,17,0,1200,0,0,0,1200
11/15/2019,DTW,MI,AGL,CE,Towers with Radar,1002,185,12,0,1199,0,0,2,0,2,1002,185,14,0,1201,0,0,0,1201
11/16/2019,DTW,MI,AGL,CE,Towers with Radar,726,105,7,0,838,0,0,5,0,5,726,105,12,0,843,0,0,0,843
11/17/2019,DTW,MI,AGL,CE,Towers with Radar,908,166,5,0,1079,0,0,0,0,0,908,166,5,0,1079,0,0,0,1079
11/18/2019,DTW,MI,AGL,CE,Towers with Radar,998,187,9,1,1195,0,0,5,0,5,998,187,14,1,1200,0,0,0,1200
11/19/2019,DTW,MI,AGL,CE,Towers with Radar,993,183,18,2,1196,0,0,2,0,2,993,183,20,2,1198,0,0,0,1198
11/20/2019,DTW,MI,AGL,CE,Towers with Radar,982,172,11,2,1167,0,0,0,0,0,982,172,11,2,1167,0,0,0,1167
11/21/2019,DTW,MI,AGL,CE,Towers with Radar,991,179,14,4,1188,0,0,0,0,0,991,179,14,4,1188,0,0,0,1188
11/22/2019,DTW,MI,AGL,CE,Towers with Radar,993,190,16,0,1199,0,0,0,0,0,993,190,16,0,1199,0,0,0,1199
11/23/2019,DTW,MI,AGL,CE,Towers with Radar,720,99,7,0,826,0,0,2,0,2,720,99,9,0,828,0,0,0,828
11/24/2019,DTW,MI,AGL,CE,Towers with Radar,828,143,7,0,978,0,0,0,0,0,828,143,7,0,978,0,0,0,978
11/25/2019,DTW,MI,AGL,CE,Towers with Radar,825,161,13,0,999,0,0,3,0,3,825,161,16,0,1002,0,0,0,1002
11/26/2019,DTW,MI,AGL,CE,Towers with Radar,896,173,8,0,1077,0,1,0,0,1,896,174,8,0,1078,0,0,0,1078
11/27/2019,DTW,MI,AGL,CE,Towers with Radar,969,198,14,0,1181,0,0,0,0,0,969,198,14,0,1181,0,0,0,1181
11/28/2019,DTW,MI,AGL,CE,Towers with Radar,511,99,6,0,616,0,0,2,0,2,511,99,8,0,618,0,0,0,618
11/29/2019,DTW,MI,AGL,CE,Towers with Radar,608,101,5,0,714,0,0,0,0,0,608,101,5,0,714,0,0,0,714
11/30/2019,DTW,MI,AGL,CE,Towers with Radar,917,178,6,0,1101,0,0,0,0,0,917,178,6,0,1101,0,0,0,1101
12/01/2019,DTW,MI,AGL,CE,Towers with Radar,967,169,10,0,1146,0,0,0,0,0,967,169,10,0,1146,0,0,0,1146
12/02/2019,DTW,MI,AGL,CE,Towers with Radar,986,185,14,0,1185,0,0,0,0,0,986,185,14,0,1185,0,0,0,1185
12/03/2019,DTW,MI,AGL,CE,Towers with Radar,954,200,22,0,1176,0,0,0,0,0,954,200,22,0,1176,0,0,0,1176
12/04/2019,DTW,MI,AGL,CE,Towers with Radar,925,179,13,0,1117,0,0,0,0,0,925,179,13,0,1117,0,0,0,1117
12/05/2019,DTW,MI,AGL,CE,Towers with Radar,963,173,17,0,1153,0,0,0,0,0,963,173,17,0,1153,0,0,0,1153
12/06/2019,DTW,MI,AGL,CE,Towers with Radar,956,176,28,0,1160,0,0,0,0,0,956,176,28,0,1160,0,0,0,1160
12/07/2019,DTW,MI,AGL,CE,Towers with Radar,674,104,12,1,791,0,0,1,0,1,674,104,13,1,792,0,0,0,792
12/08/2019,DTW,MI,AGL,CE,Towers with Radar,860,142,19,0,1021,0,0,1,0,1,860,142,20,0,1022,0,0,0,1022
12/09/2019,DTW,MI,AGL,CE,Towers with Radar,931,168,16,0,1115,0,0,0,0,0,931,168,16,0,1115,0,0,0,1115
12/10/2019,DTW,MI,AGL,CE,Towers with Radar,931,187,31,0,1149,0,0,0,0,0,931,187,31,0,1149,0,0,0,1149
12/11/2019,DTW,MI,AGL,CE,Towers with Radar,929,172,18,1,1120,0,0,1,0,1,929,172,19,1,1121,0,0,0,1121
12/12/2019,DTW,MI,AGL,CE,Towers with Radar,965,176,14,0,1155,0,1,2,0,3,965,177,16,0,1158,0,0,0,1158
12/13/2019,DTW,MI,AGL,CE,Towers with Radar,963,180,13,0,1156,0,1,0,0,1,963,181,13,0,1157,0,0,0,1157
12/14/2019,DTW,MI,AGL,CE,Towers with Radar,684,113,13,0,810,0,0,6,0,6,684,113,19,0,816,0,0,0,816
12/15/2019,DTW,MI,AGL,CE,Towers with Radar,871,142,17,0,1030,0,0,2,0,2,871,142,19,0,1032,0,0,0,1032
12/16/2019,DTW,MI,AGL,CE,Towers with Radar,943,174,13,0,1130,0,0,2,0,2,943,174,15,0,1132,0,0,0,1132
12/17/2019,DTW,MI,AGL,CE,Towers with Radar,924,183,23,0,1130,0,0,9,0,9,924,183,32,0,1139,0,0,0,1139
12/18/2019,DTW,MI,AGL,CE,Towers with Radar,933,176,22,2,1133,0,0,5,0,5,933,176,27,2,1138,0,0,0,1138
12/19/2019,DTW,MI,AGL,CE,Towers with Radar,943,204,11,0,1158,0,0,2,0,2,943,204,13,0,1160,0,0,0,1160
12/20/2019,DTW,MI,AGL,CE,Towers with Radar,934,200,8,0,1142,0,0,2,0,2,934,200,10,0,1144,0,0,0,1144
12/21/2019,DTW,MI,AGL,CE,Towers with Radar,786,207,6,0,999,0,0,0,0,0,786,207,6,0,999,0,0,0,999
12/22/2019,DTW,MI,AGL,CE,Towers with Radar,816,224,6,0,1046,1,0,0,1,2,817,224,6,1,1048,0,0,0,1048
12/23/2019,DTW,MI,AGL,CE,Towers with Radar,841,226,3,0,1070,0,0,1,0,1,841,226,4,0,1071,0,0,0,1071
12/24/2019,DTW,MI,AGL,CE,Towers with Radar,621,156,2,0,779,0,0,0,0,0,621,156,2,0,779,0,0,0,779
12/25/2019,DTW,MI,AGL,CE,Towers with Radar,557,134,0,0,691,0,0,0,0,0,557,134,0,0,691,0,0,0,691
12/26/2019,DTW,MI,AGL,CE,Towers with Radar,814,230,3,0,1047,0,0,0,0,0,814,230,3,0,1047,0,0,0,1047
12/27/2019,DTW,MI,AGL,CE,Towers with Radar,845,238,4,2,1089,0,0,0,0,0,845,238,4,2,1089,0,0,0,1089
12/28/2019,DTW,MI,AGL,CE,Towers with Radar,768,205,1,0,974,0,0,0,0,0,768,205,1,0,974,0,0,0,974
12/29/2019,DTW,MI,AGL,CE,Towers with Radar,818,198,13,0,1029,0,0,0,0,0,818,198,13,0,1029,0,0,0,1029
12/30/2019,DTW,MI,AGL,CE,Towers with Radar,835,222,10,0,1067,0,0,0,0,0,835,222,10,0,1067,0,0,0,1067
12/31/2019,DTW,MI,AGL,CE,Towers with Radar,623,152,8,0,783,0,0,0,0,0,623,152,8,0,783,0,0,0,783
01/01/2020,DTW,MI,AGL,CE,Towers with Radar,591,163,3,0,757,0,0,1,0,1,591,163,4,0,758,0,0,0,758
01/02/2020,DTW,MI,AGL,CE,Towers with Radar,785,213,4,0,1002,0,0,0,0,0,785,213,4,0,1002,0,0,0,1002
01/03/2020,DTW,MI,AGL,CE,Towers with Radar,776,211,6,0,993,0,0,0,0,0,776,211,6,0,993,0,0,0,993
01/04/2020,DTW,MI,AGL,CE,Towers with Radar,656,180,3,0,839,0,0,1,0,1,656,180,4,0,840,0,0,0,840
01/05/2020,DTW,MI,AGL,CE,Towers with Radar,775,200,8,0,983,0,0,0,0,0,775,200,8,0,983,0,0,0,983
01/06/2020,DTW,MI,AGL,CE,Towers with Radar,912,180,8,0,1100,0,0,0,0,0,912,180,8,0,1100,0,0,0,1100
01/07/2020,DTW,MI,AGL,CE,Towers with Radar,871,176,8,0,1055,0,0,0,0,0,871,176,8,0,1055,0,0,0,1055
01/08/2020,DTW,MI,AGL,CE,Towers with Radar,901,173,13,0,1087,0,0,4,0,4,901,173,17,0,1091,0,0,0,1091
01/09/2020,DTW,MI,AGL,CE,Towers with Radar,905,174,12,0,1091,0,0,0,0,0,905,174,12,0,1091,0,0,0,1091
01/10/2020,DTW,MI,AGL,CE,Towers with Radar,901,176,11,0,1088,0,0,0,0,0,901,176,11,0,1088,0,0,0,1088
01/11/2020,DTW,MI,AGL,CE,Towers with Radar,657,98,13,0,768,0,0,0,0,0,657,98,13,0,768,0,0,0,768
01/12/2020,DTW,MI,AGL,CE,Towers with Radar,812,147,9,0,968,0,0,0,0,0,812,147,9,0,968,0,0,0,968
01/13/2020,DTW,MI,AGL,CE,Towers with Radar,906,183,22,0,1111,0,0,2,2,4,906,183,24,2,1115,0,0,0,1115
01/14/2020,DTW,MI,AGL,CE,Towers with Radar,876,179,8,0,1063,0,0,1,0,1,876,179,9,0,1064,0,0,0,1064
01/15/2020,DTW,MI,AGL,CE,Towers with Radar,884,175,21,0,1080,0,0,0,0,0,884,175,21,0,1080,0,0,0,1080
01/16/2020,DTW,MI,AGL,CE,Towers with Radar,911,170,12,0,1093,0,0,0,0,0,911,170,12,0,1093,0,0,0,1093
01/17/2020,DTW,MI,AGL,CE,Towers with Radar,905,164,13,0,1082,0,0,1,0,1,905,164,14,0,1083,0,0,0,1083
01/18/2020,DTW,MI,AGL,CE,Towers with Radar,580,83,10,0,673,0,0,0,0,0,580,83,10,0,673,0,0,0,673
01/19/2020,DTW,MI,AGL,CE,Towers with Radar,647,124,6,0,777,0,0,0,0,0,647,124,6,0,777,0,0,0,777
01/20/2020,DTW,MI,AGL,CE,Towers with Radar,858,165,14,0,1037,0,0,0,0,0,858,165,14,0,1037,0,0,0,1037
01/21/2020,DTW,MI,AGL,CE,Towers with Radar,868,177,8,0,1053,0,0,2,0,2,868,177,10,0,1055,0,0,0,1055
01/22/2020,DTW,MI,AGL,CE,Towers with Radar,882,177,12,0,1071,0,0,0,0,0,882,177,12,0,1071,0,0,0,1071
01/23/2020,DTW,MI,AGL,CE,Towers with Radar,904,184,21,0,1109,0,0,1,0,1,904,184,22,0,1110,0,0,0,1110
01/24/2020,DTW,MI,AGL,CE,Towers with Radar,904,170,8,0,1082,0,0,0,0,0,904,170,8,0,1082,0,0,0,1082
01/25/2020,DTW,MI,AGL,CE,Towers with Radar,662,116,1,0,779,0,0,0,0,0,662,116,1,0,779,0,0,0,779
01/26/2020,DTW,MI,AGL,CE,Towers with Radar,821,149,8,0,978,0,0,0,0,0,821,149,8,0,978,0,0,0,978
01/27/2020,DTW,MI,AGL,CE,Towers with Radar,911,174,11,0,1096,0,0,0,0,0,911,174,11,0,1096,0,0,0,1096
01/28/2020,DTW,MI,AGL,CE,Towers with Radar,875,165,8,0,1048,0,0,0,0,0,875,165,8,0,1048,0,0,0,1048
01/29/2020,DTW,MI,AGL,CE,Towers with Radar,889,177,7,0,1073,0,0,3,0,3,889,177,10,0,1076,0,0,0,1076
01/30/2020,DTW,MI,AGL,CE,Towers with Radar,902,178,11,0,1091,0,0,0,0,0,902,178,11,0,1091,0,0,0,1091
01/31/2020,DTW,MI,AGL,CE,Towers with Radar,913,168,15,0,1096,0,0,0,0,0,913,168,15,0,1096,0,0,0,1096
02/01/2020,DTW,MI,AGL,CE,Towers with Radar,623,105,5,0,733,0,0,0,0,0,623,105,5,0,733,0,0,0,733
02/02/2020,DTW,MI,AGL,CE,Towers with Radar,672,117,4,2,795,0,0,0,0,0,672,117,4,2,795,0,0,0,795
02/03/2020,DTW,MI,AGL,CE,Towers with Radar,897,176,14,0,1087,0,0,0,0,0,897,176,14,0,1087,0,0,0,1087
02/04/2020,DTW,MI,AGL,CE,Towers with Radar,865,181,16,0,1062,0,0,1,0,1,865,181,17,0,1063,0,0,0,1063
02/05/2020,DTW,MI,AGL,CE,Towers with Radar,865,178,13,0,1056,0,0,0,0,0,865,178,13,0,1056,0,0,0,1056
02/06/2020,DTW,MI,AGL,CE,Towers with Radar,884,168,10,0,1062,0,0,0,0,0,884,168,10,0,1062,0,0,0,1062
02/07/2020,DTW,MI,AGL,CE,Towers with Radar,887,176,16,0,1079,0,0,0,0,0,887,176,16,0,1079,0,0,0,1079
02/08/2020,DTW,MI,AGL,CE,Towers with Radar,677,104,15,0,796,0,0,0,0,0,677,104,15,0,796,0,0,0,796
02/09/2020,DTW,MI,AGL,CE,Towers with Radar,800,148,7,0,955,0,0,0,0,0,800,148,7,0,955,0,0,0,955
02/10/2020,DTW,MI,AGL,CE,Towers with Radar,901,182,14,0,1097,0,0,0,0,0,901,182,14,0,1097,0,0,0,1097
02/11/2020,DTW,MI,AGL,CE,Towers with Radar,870,178,14,0,1062,0,0,0,0,0,870,178,14,0,1062,0,0,0,1062
02/12/2020,DTW,MI,AGL,CE,Towers with Radar,873,179,11,0,1063,0,0,2,0,2,873,179,13,0,1065,0,0,0,1065
02/13/2020,DTW,MI,AGL,CE,Towers with Radar,904,184,12,0,1100,0,0,0,0,0,904,184,12,0,1100,0,0,0,1100
02/14/2020,DTW,MI,AGL,CE,Towers with Radar,933,174,12,0,1119,0,0,3,0,3,933,174,15,0,1122,0,0,0,1122
02/15/2020,DTW,MI,AGL,CE,Towers with Radar,656,105,0,0,761,0,0,0,0,0,656,105,0,0,761,0,0,0,761
02/16/2020,DTW,MI,AGL,CE,Towers with Radar,682,113,5,1,801,0,0,2,0,2,682,113,7,1,803,0,0,0,803
02/17/2020,DTW,MI,AGL,CE,Towers with Radar,882,173,15,0,1070,0,0,0,0,0,882,173,15,0,1070,0,0,0,1070
02/18/2020,DTW,MI,AGL,CE,Towers with Radar,901,173,13,0,1087,0,0,0,0,0,901,173,13,0,1087,0,0,0,1087
02/19/2020,DTW,MI,AGL,CE,Towers with Radar,900,170,11,0,1081,0,0,2,0,2,900,170,13,0,1083,0,0,0,1083
02/20/2020,DTW,MI,AGL,CE,Towers with Radar,935,167,27,0,1129,0,0,0,0,0,935,167,27,0,1129,0,0,0,1129
02/21/2020,DTW,MI,AGL,CE,Towers with Radar,928,185,12,0,1125,0,0,1,0,1,928,185,13,0,1126,0,0,0,1126
02/22/2020,DTW,MI,AGL,CE,Towers with Radar,701,113,10,0,824,0,0,3,0,3,701,113,13,0,827,0,0,0,827
02/23/2020,DTW,MI,AGL,CE,Towers with Radar,831,151,20,0,1002,0,0,0,0,0,831,151,20,0,1002,0,0,0,1002
02/24/2020,DTW,MI,AGL,CE,Towers with Radar,918,180,23,0,1121,0,0,0,0,0,918,180,23,0,1121,0,0,0,1121
02/25/2020,DTW,MI,AGL,CE,Towers with Radar,900,169,24,0,1093,0,0,0,0,0,900,169,24,0,1093,0,0,0,1093
02/26/2020,DTW,MI,AGL,CE,Towers with Radar,892,170,17,0,1079,0,0,0,0,0,892,170,17,0,1079,0,0,0,1079
02/27/2020,DTW,MI,AGL,CE,Towers with Radar,994,165,22,0,1181,1,0,1,0,2,995,165,23,0,1183,0,0,0,1183
02/28/2020,DTW,MI,AGL,CE,Towers with Radar,917,173,11,0,1101,0,0,2,0,2,917,173,13,0,1103,0,0,0,1103
02/29/2020,DTW,MI,AGL,CE,Towers with Radar,710,115,1,0,826,0,0,0,0,0,710,115,1,0,826,0,0,0,826
03/01/2020,DTW,MI,AGL,CE,Towers with Radar,836,154,14,0,1004,0,0,4,0,4,836,154,18,0,1008,0,0,0,1008
03/02/2020,DTW,MI,AGL,CE,Towers with Radar,923,166,16,0,1105,0,0,0,0,0,923,166,16,0,1105,0,0,0,1105
03/03/2020,DTW,MI,AGL,CE,Towers with Radar,902,169,22,0,1093,0,0,0,0,0,902,169,22,0,1093,0,0,0,1093
03/04/2020,DTW,MI,AGL,CE,Towers with Radar,910,170,17,0,1097,0,0,0,0,0,910,170,17,0,1097,0,0,0,1097
03/05/2020,DTW,MI,AGL,CE,Towers with Radar,940,183,6,0,1129,0,0,0,0,0,940,183,6,0,1129,0,0,0,1129
03/06/2020,DTW,MI,AGL,CE,Towers with Radar,943,168,19,0,1130,0,0,0,0,0,943,168,19,0,1130,0,0,0,1130
03/07/2020,DTW,MI,AGL,CE,Towers with Radar,708,110,3,0,821,0,0,0,0,0,708,110,3,0,821,0,0,0,821
03/08/2020,DTW,MI,AGL,CE,Towers with Radar,830,147,8,0,985,0,0,0,2,2,830,147,8,2,987,0,0,0,987
03/09/2020,DTW,MI,AGL,CE,Towers with Radar,919,172,9,0,1100,0,0,0,0,0,919,172,9,0,1100,0,0,0,1100
03/10/2020,DTW,MI,AGL,CE,Towers with Radar,906,183,14,0,1103,0,0,1,0,1,906,183,15,0,1104,0,0,0,1104
03/11/2020,DTW,MI,AGL,CE,Towers with Radar,912,176,11,0,1099,0,0,0,0,0,912,176,11,0,1099,0,0,0,1099
03/12/2020,DTW,MI,AGL,CE,Towers with Radar,959,218,7,0,1184,0,0,1,0,1,959,218,8,0,1185,0,0,0,1185
03/13/2020,DTW,MI,AGL,CE,Towers with Radar,962,191,2,0,1155,0,0,0,0,0,962,191,2,0,1155,0,0,0,1155
03/14/2020,DTW,MI,AGL,CE,Towers with Radar,751,126,6,0,883,0,0,2,0,2,751,126,8,0,885,0,0,0,885
03/15/2020,DTW,MI,AGL,CE,Towers with Radar,881,186,2,0,1069,0,0,4,0,4,881,186,6,0,1073,0,0,0,1073
03/16/2020,DTW,MI,AGL,CE,Towers with Radar,957,184,6,0,1147,0,0,0,0,0,957,184,6,0,1147,0,0,0,1147
03/17/2020,DTW,MI,AGL,CE,Towers with Radar,923,186,10,0,1119,0,0,8,0,8,923,186,18,0,1127,0,0,0,1127
03/18/2020,DTW,MI,AGL,CE,Towers with Radar,895,182,6,0,1083,0,0,1,0,1,895,182,7,0,1084,0,0,0,1084
03/19/2020,DTW,MI,AGL,CE,Towers with Radar,892,186,8,0,1086,0,0,0,0,0,892,186,8,0,1086,0,0,0,1086
03/20/2020,DTW,MI,AGL,CE,Towers with Radar,775,181,2,0,958,0,2,1,0,3,775,183,3,0,961,0,0,0,961
03/21/2020,DTW,MI,AGL,CE,Towers with Radar,578,110,4,0,692,0,0,8,0,8,578,110,12,0,700,0,0,0,700
03/22/2020,DTW,MI,AGL,CE,Towers with Radar,628,150,3,0,781,0,0,0,0,0,628,150,3,0,781,0,0,0,781
03/23/2020,DTW,MI,AGL,CE,Towers with Radar,660,162,8,0,830,0,0,0,0,0,660,162,8,0,830,0,0,0,830
03/24/2020,DTW,MI,AGL,CE,Towers with Radar,606,141,4,0,751,0,0,3,0,3,606,141,7,0,754,0,0,0,754
03/25/2020,DTW,MI,AGL,CE,Towers with Radar,569,120,2,0,691,0,0,3,0,3,569,120,5,0,694,0,0,0,694
03/26/2020,DTW,MI,AGL,CE,Towers with Radar,503,102,1,0,606,0,0,0,0,0,503,102,1,0,606,0,0,0,606
03/27/2020,DTW,MI,AGL,CE,Towers with Radar,547,99,1,0,647,0,0,0,0,0,547,99,1,0,647,0,0,0,647
03/28/2020,DTW,MI,AGL,CE,Towers with Radar,478,85,0,0,563,0,0,0,0,0,478,85,0,0,563,0,0,0,563
03/29/2020,DTW,MI,AGL,CE,Towers with Radar,491,122,1,0,614,0,0,0,0,0,491,122,1,0,614,0,0,0,614
03/30/2020,DTW,MI,AGL,CE,Towers with Radar,464,131,6,0,601,0,0,0,0,0,464,131,6,0,601,0,0,0,601
03/31/2020,DTW,MI,AGL,CE,Towers with Radar,456,107,0,0,563,0,0,0,0,0,456,107,0,0,563,0,0,0,563
04/01/2020,DTW,MI,AGL,CE,Towers with Radar,444,107,1,2,554,0,0,0,0,0,444,107,1,2,554,0,0,0,554
04/02/2020,DTW,MI,AGL,CE,Towers with Radar,387,75,2,0,464,0,0,9,0,9,387,75,11,0,473,0,0,0,473
04/03/2020,DTW,MI,AGL,CE,Towers with Radar,384,78,6,2,470,0,0,15,0,15,384,78,21,2,485,0,0,0,485
04/04/2020,DTW,MI,AGL,CE,Towers with Radar,346,58,2,2,408,0,0,2,0,2,346,58,4,2,410,0,0,0,410
04/05/2020,DTW,MI,AGL,CE,Towers with Radar,367,74,6,0,447,0,0,5,0,5,367,74,11,0,452,0,0,0,452
04/06/2020,DTW,MI,AGL,CE,Towers with Radar,356,54,3,0,413,0,0,1,0,1,356,54,4,0,414,0,0,0,414
04/07/2020,DTW,MI,AGL,CE,Towers with Radar,381,84,2,0,467,0,0,0,0,0,381,84,2,0,467,0,0,0,467
04/08/2020,DTW,MI,AGL,CE,Towers with Radar,366,89,1,0,456,0,0,0,0,0,366,89,1,0,456,0,0,0,456
04/09/2020,DTW,MI,AGL,CE,Towers with Radar,325,86,2,4,417,0,0,0,0,0,325,86,2,4,417,0,0,0,417
04/10/2020,DTW,MI,AGL,CE,Towers with Radar,318,84,3,0,405,0,0,0,0,0,318,84,3,0,405,0,0,0,405
04/11/2020,DTW,MI,AGL,CE,Towers with Radar,281,70,2,0,353,0,0,14,0,14,281,70,16,0,367,0,0,0,367
04/12/2020,DTW,MI,AGL,CE,Towers with Radar,287,69,0,0,356,0,0,6,0,6,287,69,6,0,362,0,0,0,362
04/13/2020,DTW,MI,AGL,CE,Towers with Radar,294,84,3,2,383,0,0,0,0,0,294,84,3,2,383,0,0,0,383
04/14/2020,DTW,MI,AGL,CE,Towers with Radar,292,69,2,1,364,0,0,5,0,5,292,69,7,1,369,0,0,0,369
04/15/2020,DTW,MI,AGL,CE,Towers with Radar,261,60,1,1,323,0,0,0,0,0,261,60,1,1,323,0,0,0,323
04/16/2020,DTW,MI,AGL,CE,Towers with Radar,247,66,1,0,314,0,0,0,0,0,247,66,1,0,314,0,0,0,314
04/17/2020,DTW,MI,AGL,CE,Towers with Radar,229,57,5,0,291,0,0,0,0,0,229,57,5,0,291,0,0,0,291
04/18/2020,DTW,MI,AGL,CE,Towers with Radar,227,50,6,0,283,0,0,13,0,13,227,50,19,0,296,0,0,0,296
04/19/2020,DTW,MI,AGL,CE,Towers with Radar,224,54,0,0,278,0,0,2,2,4,224,54,2,2,282,0,0,0,282
04/20/2020,DTW,MI,AGL,CE,Towers with Radar,231,65,7,4,307,0,0,7,0,7,231,65,14,4,314,0,0,0,314
04/21/2020,DTW,MI,AGL,CE,Towers with Radar,241,66,1,0,308,0,0,0,0,0,241,66,1,0,308,0,0,0,308
04/22/2020,DTW,MI,AGL,CE,Towers with Radar,253,76,4,2,335,0,0,0,0,0,253,76,4,2,335,0,0,0,335
04/23/2020,DTW,MI,AGL,CE,Towers with Radar,263,67,1,0,331,0,0,0,0,0,263,67,1,0,331,0,0,0,331
04/24/2020,DTW,MI,AGL,CE,Towers with Radar,251,68,14,0,333,0,0,8,0,8,251,68,22,0,341,0,0,0,341
04/25/2020,DTW,MI,AGL,CE,Towers with Radar,228,58,3,0,289,0,0,0,0,0,228,58,3,0,289,0,0,0,289
04/26/2020,DTW,MI,AGL,CE,Towers with Radar,234,52,2,0,288,0,0,2,0,2,234,52,4,0,290,0,0,0,290
04/27/2020,DTW,MI,AGL,CE,Towers with Radar,229,63,5,0,297,0,0,4,0,4,229,63,9,0,301,0,0,0,301
04/28/2020,DTW,MI,AGL,CE,Towers with Radar,236,68,5,4,313,0,0,5,0,5,236,68,10,4,318,0,0,0,318
04/29/2020,DTW,MI,AGL,CE,Towers with Radar,239,67,4,0,310,0,0,0,0,0,239,67,4,0,310,0,0,0,310
04/30/2020,DTW,MI,AGL,CE,Towers with Radar,255,70,17,9,351,0,0,0,0,0,255,70,17,9,351,0,0,0,351
05/01/2020,DTW,MI,AGL,CE,Towers with Radar,272,62,7,0,341,0,0,6,0,6,272,62,13,0,347,0,0,0,347
05/02/2020,DTW,MI,AGL,CE,Towers with Radar,206,39,4,0,249,0,0,8,0,8,206,39,12,0,257,0,0,0,257
05/03/2020,DTW,MI,AGL,CE,Towers with Radar,233,57,0,0,290,0,0,4,0,4,233,57,4,0,294,0,0,0,294
05/04/2020,DTW,MI,AGL,CE,Towers with Radar,219,63,6,0,288,0,0,3,0,3,219,63,9,0,291,0,0,0,291
05/05/2020,DTW,MI,AGL,CE,Towers with Radar,212,46,5,0,263,0,0,10,0,10,212,46,15,0,273,0,0,0,273
05/06/2020,DTW,MI,AGL,CE,Towers with Radar,213,57,0,0,270,0,0,11,0,11,213,57,11,0,281,0,0,0,281
05/07/2020,DTW,MI,AGL,CE,Towers with Radar,238,64,2,0,304,0,0,2,0,2,238,64,4,0,306,0,0,0,306
05/08/2020,DTW,MI,AGL,CE,Towers with Radar,227,63,4,0,294,0,0,4,0,4,227,63,8,0,298,0,0,0,298
05/09/2020,DTW,MI,AGL,CE,Towers with Radar,185,36,2,0,223,0,0,2,0,2,185,36,4,0,225,0,0,0,225
05/10/2020,DTW,MI,AGL,CE,Towers with Radar,208,56,4,0,268,0,0,2,0,2,208,56,6,0,270,0,0,0,270
05/11/2020,DTW,MI,AGL,CE,Towers with Radar,221,53,7,0,281,0,0,0,0,0,221,53,7,0,281,0,0,0,281
05/12/2020,DTW,MI,AGL,CE,Towers with Radar,223,41,3,0,267,0,0,5,0,5,223,41,8,0,272,0,0,0,272
05/13/2020,DTW,MI,AGL,CE,Towers with Radar,215,59,5,0,279,0,0,5,0,5,215,59,10,0,284,0,0,0,284
05/14/2020,DTW,MI,AGL,CE,Towers with Radar,225,60,3,0,288,1,0,0,0,1,226,60,3,0,289,0,0,0,289
05/15/2020,DTW,MI,AGL,CE,Towers with Radar,226,48,6,0,280,0,0,0,0,0,226,48,6,0,280,0,0,0,280
05/16/2020,DTW,MI,AGL,CE,Towers with Radar,186,33,3,3,225,0,0,19,2,21,186,33,22,5,246,0,0,0,246
05/17/2020,DTW,MI,AGL,CE,Towers with Radar,208,49,4,1,262,0,0,6,0,6,208,49,10,1,268,0,0,0,268
05/18/2020,DTW,MI,AGL,CE,Towers with Radar,215,54,10,0,279,0,0,0,0,0,215,54,10,0,279,0,0,0,279
05/19/2020,DTW,MI,AGL,CE,Towers with Radar,208,39,4,8,259,0,0,3,1,4,208,39,7,9,263,0,0,0,263
05/20/2020,DTW,MI,AGL,CE,Towers with Radar,220,56,5,4,285,0,0,6,0,6,220,56,11,4,291,0,0,0,291
05/21/2020,DTW,MI,AGL,CE,Towers with Radar,235,56,7,6,304,0,0,4,1,5,235,56,11,7,309,0,0,0,309
05/22/2020,DTW,MI,AGL,CE,Towers with Radar,229,60,12,4,305,0,0,0,0,0,229,60,12,4,305,0,0,0,305
05/23/2020,DTW,MI,AGL,CE,Towers with Radar,191,39,0,0,230,0,0,4,0,4,191,39,4,0,234,0,0,0,234
05/24/2020,DTW,MI,AGL,CE,Towers with Radar,214,54,7,0,275,0,0,15,0,15,214,54,22,0,290,0,0,0,290
05/25/2020,DTW,MI,AGL,CE,Towers with Radar,210,54,1,0,265,0,0,2,0,2,210,54,3,0,267,0,0,0,267
05/26/2020,DTW,MI,AGL,CE,Towers with Radar,215,52,7,0,274,0,0,5,1,6,215,52,12,1,280,0,0,0,280
05/27/2020,DTW,MI,AGL,CE,Towers with Radar,221,47,12,0,280,0,0,2,0,2,221,47,14,0,282,0,0,0,282
05/28/2020,DTW,MI,AGL,CE,Towers with Radar,232,57,5,0,294,0,0,0,0,0,232,57,5,0,294,0,0,0,294
05/29/2020,DTW,MI,AGL,CE,Towers with Radar,237,60,6,0,303,0,0,4,0,4,237,60,10,0,307,0,0,0,307
05/30/2020,DTW,MI,AGL,CE,Towers with Radar,193,38,4,0,235,0,0,4,0,4,193,38,8,0,239,0,0,0,239
05/31/2020,DTW,MI,AGL,CE,Towers with Radar,225,57,2,0,284,0,0,10,0,10,225,57,12,0,294,0,0,0,294
06/01/2020,DTW,MI,AGL,CE,Towers with Radar,230,53,2,0,285,0,0,4,0,4,230,53,6,0,289,0,0,0,289
06/02/2020,DTW,MI,AGL,CE,Towers with Radar,255,59,13,0,327,0,0,10,0,10,255,59,23,0,337,0,0,0,337
06/03/2020,DTW,MI,AGL,CE,Towers with Radar,261,63,7,0,331,0,0,13,0,13,261,63,20,0,344,0,0,0,344
06/04/2020,DTW,MI,AGL,CE,Towers with Radar,272,63,12,0,347,0,0,7,0,7,272,63,19,0,354,0,0,0,354
06/05/2020,DTW,MI,AGL,CE,Towers with Radar,274,64,5,0,343,0,0,2,0,2,274,64,7,0,345,0,0,0,345
06/06/2020,DTW,MI,AGL,CE,Towers with Radar,246,46,9,0,301,0,0,5,0,5,246,46,14,0,306,0,0,0,306
06/07/2020,DTW,MI,AGL,CE,Towers with Radar,265,67,4,0,336,0,0,2,0,2,265,67,6,0,338,0,0,0,338
06/08/2020,DTW,MI,AGL,CE,Towers with Radar,268,59,5,2,334,0,0,2,0,2,268,59,7,2,336,0,0,0,336
06/09/2020,DTW,MI,AGL,CE,Towers with Radar,275,60,6,0,341,0,0,2,0,2,275,60,8,0,343,0,0,0,343
06/10/2020,DTW,MI,AGL,CE,Towers with Radar,279,64,6,0,349,0,0,0,0,0,279,64,6,0,349,0,0,0,349
06/11/2020,DTW,MI,AGL,CE,Towers with Radar,298,63,12,0,373,0,0,5,0,5,298,63,17,0,378,0,0,0,378
06/12/2020,DTW,MI,AGL,CE,Towers with Radar,295,62,4,0,361,0,0,5,0,5,295,62,9,0,366,0,0,0,366
06/13/2020,DTW,MI,AGL,CE,Towers with Radar,280,42,8,0,330,0,0,0,0,0,280,42,8,0,330,0,0,0,330
06/14/2020,DTW,MI,AGL,CE,Towers with Radar,291,63,8,0,362,0,0,2,0,2,291,63,10,0,364,0,0,0,364
06/15/2020,DTW,MI,AGL,CE,Towers with Radar,287,64,6,0,357,0,0,0,0,0,287,64,6,0,357,0,0,0,357
06/16/2020,DTW,MI,AGL,CE,Towers with Radar,296,61,3,0,360,0,0,4,0,4,296,61,7,0,364,0,0,0,364
06/17/2020,DTW,MI,AGL,CE,Towers with Radar,293,59,10,2,364,0,0,3,0,3,293,59,13,2,367,0,0,0,367
06/18/2020,DTW,MI,AGL,CE,Towers with Radar,309,69,7,0,385,0,0,13,0,13,309,69,20,0,398,0,0,0,398
06/19/2020,DTW,MI,AGL,CE,Towers with Radar,305,62,11,0,378,0,0,2,0,2,305,62,13,0,380,0,0,0,380
06/20/2020,DTW,MI,AGL,CE,Towers with Radar,290,51,9,0,350,0,0,11,0,11,290,51,20,0,361,0,0,0,361
06/21/2020,DTW,MI,AGL,CE,Towers with Radar,297,61,2,0,360,0,0,4,0,4,297,61,6,0,364,0,0,0,364
06/22/2020,DTW,MI,AGL,CE,Towers with Radar,296,66,6,0,368,0,0,3,0,3,296,66,9,0,371,0,0,0,371
06/23/2020,DTW,MI,AGL,CE,Towers with Radar,297,58,8,0,363,0,0,2,0,2,297,58,10,0,365,0,0,0,365
06/24/2020,DTW,MI,AGL,CE,Towers with Radar,313,58,4,0,375,0,2,2,0,4,313,60,6,0,379,0,0,0,379
06/25/2020,DTW,MI,AGL,CE,Towers with Radar,330,72,11,0,413,0,0,6,0,6,330,72,17,0,419,0,0,0,419
06/26/2020,DTW,MI,AGL,CE,Towers with Radar,329,66,11,0,406,0,0,6,0,6,329,66,17,0,412,0,0,0,412
06/27/2020,DTW,MI,AGL,CE,Towers with Radar,324,58,1,0,383,0,0,0,0,0,324,58,1,0,383,0,0,0,383
06/28/2020,DTW,MI,AGL,CE,Towers with Radar,331,82,7,0,420,0,0,0,0,0,331,82,7,0,420,0,0,0,420
06/29/2020,DTW,MI,AGL,CE,Towers with Radar,338,73,5,0,416,0,0,2,0,2,338,73,7,0,418,0,0,0,418
06/30/2020,DTW,MI,AGL,CE,Towers with Radar,340,72,7,0,419,0,0,0,0,0,340,72,7,0,419,0,0,0,419
07/01/2020,DTW,MI,AGL,CE,Towers with Radar,379,83,13,0,475,0,0,1,0,1,379,83,14,0,476,0,0,0,476
07/02/2020,DTW,MI,AGL,CE,Towers with Radar,446,95,8,0,549,0,0,2,0,2,446,95,10,0,551,0,0,0,551
07/03/2020,DTW,MI,AGL,CE,Towers with Radar,445,100,8,0,553,0,0,3,0,3,445,100,11,0,556,0,0,0,556
07/04/2020,DTW,MI,AGL,CE,Towers with Radar,372,76,2,0,450,0,0,5,0,5,372,76,7,0,455,0,0,0,455
07/05/2020,DTW,MI,AGL,CE,Towers with Radar,416,101,4,0,521,0,0,4,0,4,416,101,8,0,525,0,0,0,525
07/06/2020,DTW,MI,AGL,CE,Towers with Radar,453,93,3,0,549,0,0,0,0,0,453,93,3,0,549,0,0,0,549
07/07/2020,DTW,MI,AGL,CE,Towers with Radar,449,89,8,0,546,0,0,0,0,0,449,89,8,0,546,0,0,0,546
07/08/2020,DTW,MI,AGL,CE,Towers with Radar,455,89,12,0,556,0,0,4,0,4,455,89,16,0,560,0,0,0,560
07/09/2020,DTW,MI,AGL,CE,Towers with Radar,476,88,6,0,570,0,0,2,1,3,476,88,8,1,573,0,0,0,573
07/10/2020,DTW,MI,AGL,CE,Towers with Radar,498,104,3,0,605,0,0,0,0,0,498,104,3,0,605,0,0,0,605
07/11/2020,DTW,MI,AGL,CE,Towers with Radar,467,78,5,0,550,0,0,2,0,2,467,78,7,0,552,0,0,0,552
07/12/2020,DTW,MI,AGL,CE,Towers with Radar,472,88,7,0,567,0,0,1,1,2,472,88,8,1,569,0,0,0,569
07/13/2020,DTW,MI,AGL,CE,Towers with Radar,491,90,12,0,593,0,0,0,0,0,491,90,12,0,593,0,0,0,593
07/14/2020,DTW,MI,AGL,CE,Towers with Radar,473,84,12,0,569,0,0,6,0,6,473,84,18,0,575,0,0,0,575
07/15/2020,DTW,MI,AGL,CE,Towers with Radar,472,89,7,0,568,0,0,4,0,4,472,89,11,0,572,0,0,0,572
07/16/2020,DTW,MI,AGL,CE,Towers with Radar,494,95,15,0,604,0,0,0,0,0,494,95,15,0,604,0,0,0,604
07/17/2020,DTW,MI,AGL,CE,Towers with Radar,508,93,13,0,614,0,0,0,0,0,508,93,13,0,614,0,0,0,614
07/18/2020,DTW,MI,AGL,CE,Towers with Radar,466,90,5,0,561,0,0,0,0,0,466,90,5,0,561,0,0,0,561
07/19/2020,DTW,MI,AGL,CE,Towers with Radar,489,99,4,0,592,0,1,0,0,1,489,100,4,0,593,0,0,0,593
07/20/2020,DTW,MI,AGL,CE,Towers with Radar,506,85,17,0,608,0,0,2,0,2,506,85,19,0,610,0,0,0,610
07/21/2020,DTW,MI,AGL,CE,Towers with Radar,479,89,21,0,589,0,0,5,0,5,479,89,26,0,594,0,0,0,594
07/22/2020,DTW,MI,AGL,CE,Towers with Radar,477,96,8,0,581,0,0,2,0,2,477,96,10,0,583,0,0,0,583
07/23/2020,DTW,MI,AGL,CE,Towers with Radar,504,94,16,0,614,0,0,4,0,4,504,94,20,0,618,0,0,0,618
07/24/2020,DTW,MI,AGL,CE,Towers with Radar,511,88,2,0,601,0,0,4,0,4,511,88,6,0,605,0,0,0,605
07/25/2020,DTW,MI,AGL,CE,Towers with Radar,478,77,12,1,568,0,0,4,0,4,478,77,16,1,572,0,0,0,572
07/26/2020,DTW,MI,AGL,CE,Towers with Radar,488,94,10,0,592,0,0,3,0,3,488,94,13,0,595,0,0,0,595
07/27/2020,DTW,MI,AGL,CE,Towers with Radar,496,91,8,0,595,0,0,3,0,3,496,91,11,0,598,0,0,0,598
07/28/2020,DTW,MI,AGL,CE,Towers with Radar,473,90,14,0,577,0,1,10,0,11,473,91,24,0,588,0,0,0,588
07/29/2020,DTW,MI,AGL,CE,Towers with Radar,485,95,14,0,594,0,0,6,0,6,485,95,20,0,600,0,0,0,600
07/30/2020,DTW,MI,AGL,CE,Towers with Radar,494,94,6,0,594,0,0,9,0,9,494,94,15,0,603,0,0,0,603
07/31/2020,DTW,MI,AGL,CE,Towers with Radar,514,92,12,0,618,0,0,2,0,2,514,92,14,0,620,0,0,0,620
08/01/2020,DTW,MI,AGL,CE,Towers with Radar,565,93,14,0,672,0,0,0,0,0,565,93,14,0,672,0,0,0,672
08/02/2020,DTW,MI,AGL,CE,Towers with Radar,581,88,5,0,674,1,0,0,0,1,582,88,5,0,675,0,0,0,675
08/03/2020,DTW,MI,AGL,CE,Towers with Radar,589,87,15,0,691,0,0,0,0,0,589,87,15,0,691,0,0,0,691
08/04/2020,DTW,MI,AGL,CE,Towers with Radar,546,84,10,0,640,0,11,0,0,11,546,95,10,0,651,0,0,0,651
08/05/2020,DTW,MI,AGL,CE,Towers with Radar,525,98,19,0,642,0,0,4,0,4,525,98,23,0,646,0,0,0,646
08/06/2020,DTW,MI,AGL,CE,Towers with Radar,569,101,9,2,681,0,0,0,0,0,569,101,9,2,681,0,0,0,681
08/07/2020,DTW,MI,AGL,CE,Towers with Radar,574,103,6,0,683,0,2,4,0,6,574,105,10,0,689,0,0,0,689
08/08/2020,DTW,MI,AGL,CE,Towers with Radar,532,87,6,0,625,0,0,5,0,5,532,87,11,0,630,0,0,0,630
08/09/2020,DTW,MI,AGL,CE,Towers with Radar,553,94,8,0,655,0,0,2,0,2,553,94,10,0,657,0,0,0,657
08/10/2020,DTW,MI,AGL,CE,Towers with Radar,562,91,9,0,662,0,0,2,0,2,562,91,11,0,664,0,0,0,664
08/11/2020,DTW,MI,AGL,CE,Towers with Radar,530,89,10,0,629,0,0,4,0,4,530,89,14,0,633,0,0,0,633
08/12/2020,DTW,MI,AGL,CE,Towers with Radar,530,92,5,2,629,0,0,0,0,0,530,92,5,2,629,0,0,0,629
08/13/2020,DTW,MI,AGL,CE,Towers with Radar,579,92,18,0,689,0,0,4,0,4,579,92,22,0,693,0,0,0,693
08/14/2020,DTW,MI,AGL,CE,Towers with Radar,568,102,5,0,675,0,0,2,1,3,568,102,7,1,678,0,0,0,678
08/15/2020,DTW,MI,AGL,CE,Towers with Radar,540,83,8,0,631,0,0,1,0,1,540,83,9,0,632,0,0,0,632
08/16/2020,DTW,MI,AGL,CE,Towers with Radar,561,98,11,0,670,0,0,6,1,7,561,98,17,1,677,0,0,0,677
08/17/2020,DTW,MI,AGL,CE,Towers with Radar,564,94,5,0,663,0,1,6,0,7,564,95,11,0,670,0,0,0,670
08/18/2020,DTW,MI,AGL,CE,Towers with Radar,511,92,7,2,612,0,0,8,0,8,511,92,15,2,620,0,0,0,620
08/19/2020,DTW,MI,AGL,CE,Towers with Radar,506,95,8,0,609,0,0,8,0,8,506,95,16,0,617,0,0,0,617
08/20/2020,DTW,MI,AGL,CE,Towers with Radar,563,94,15,0,672,0,0,0,0,0,563,94,15,0,672,0,0,0,672
08/21/2020,DTW,MI,AGL,CE,Towers with Radar,567,96,7,0,670,0,0,5,0,5,567,96,12,0,675,0,0,0,675
08/22/2020,DTW,MI,AGL,CE,Towers with Radar,528,86,4,0,618,0,0,6,0,6,528,86,10,0,624,0,0,0,624
08/23/2020,DTW,MI,AGL,CE,Towers with Radar,553,96,17,0,666,0,0,2,0,2,553,96,19,0,668,0,0,0,668
08/24/2020,DTW,MI,AGL,CE,Towers with Radar,559,92,1,0,652,0,0,6,1,7,559,92,7,1,659,0,0,0,659
08/25/2020,DTW,MI,AGL,CE,Towers with Radar,512,88,9,0,609,0,0,0,0,0,512,88,9,0,609,0,0,0,609
08/26/2020,DTW,MI,AGL,CE,Towers with Radar,507,94,4,0,605,0,0,5,0,5,507,94,9,0,610,0,0,0,610
08/27/2020,DTW,MI,AGL,CE,Towers with Radar,572,98,15,0,685,0,0,0,0,0,572,98,15,0,685,0,0,0,685
08/28/2020,DTW,MI,AGL,CE,Towers with Radar,568,89,6,0,663,0,0,1,0,1,568,89,7,0,664,0,0,0,664
08/29/2020,DTW,MI,AGL,CE,Towers with Radar,529,85,8,0,622,0,0,2,0,2,529,85,10,0,624,0,0,0,624
08/30/2020,DTW,MI,AGL,CE,Towers with Radar,533,88,6,6,633,0,0,8,0,8,533,88,14,6,641,0,0,0,641
08/31/2020,DTW,MI,AGL,CE,Towers with Radar,555,93,10,0,658,0,0,8,0,8,555,93,18,0,666,0,0,0,666
09/01/2020,DTW,MI,AGL,CE,Towers with Radar,513,96,11,0,620,0,0,1,0,1,513,96,12,0,621,0,0,0,621
09/02/2020,DTW,MI,AGL,CE,Towers with Radar,514,98,22,0,634,0,0,5,3,8,514,98,27,3,642,0,0,0,642
09/03/2020,DTW,MI,AGL,CE,Towers with Radar,579,110,8,0,697,0,0,5,0,5,579,110,13,0,702,0,0,0,702
09/04/2020,DTW,MI,AGL,CE,Towers with Radar,571,100,3,0,674,0,0,0,0,0,571,100,3,0,674,0,0,0,674
09/05/2020,DTW,MI,AGL,CE,Towers with Radar,512,85,0,0,597,0,0,2,0,2,512,85,2,0,599,0,0,0,599
09/06/2020,DTW,MI,AGL,CE,Towers with Radar,494,94,6,0,594,0,0,2,0,2,494,94,8,0,596,0,0,0,596
09/07/2020,DTW,MI,AGL,CE,Towers with Radar,551,93,14,0,658,0,0,0,0,0,551,93,14,0,658,0,0,0,658
09/08/2020,DTW,MI,AGL,CE,Towers with Radar,486,77,14,0,577,0,0,0,0,0,486,77,14,0,577,0,0,0,577
09/09/2020,DTW,MI,AGL,CE,Towers with Radar,505,84,8,2,599,0,0,0,0,0,505,84,8,2,599,0,0,0,599
09/10/2020,DTW,MI,AGL,CE,Towers with Radar,563,90,13,0,666,0,0,0,0,0,563,90,13,0,666,0,0,0,666
09/11/2020,DTW,MI,AGL,CE,Towers with Radar,554,80,4,0,638,0,0,2,0,2,554,80,6,0,640,0,0,0,640
09/12/2020,DTW,MI,AGL,CE,Towers with Radar,536,81,13,0,630,0,0,4,1,5,536,81,17,1,635,0,0,0,635
09/13/2020,DTW,MI,AGL,CE,Towers with Radar,545,78,12,0,635,0,0,5,0,5,545,78,17,0,640,0,0,0,640
09/14/2020,DTW,MI,AGL,CE,Towers with Radar,539,81,10,0,630,0,0,0,0,0,539,81,10,0,630,0,0,0,630
09/15/2020,DTW,MI,AGL,CE,Towers with Radar,487,85,10,0,582,0,0,13,0,13,487,85,23,0,595,0,0,0,595
09/16/2020,DTW,MI,AGL,CE,Towers with Radar,504,79,15,0,598,0,0,2,0,2,504,79,17,0,600,0,0,0,600
09/17/2020,DTW,MI,AGL,CE,Towers with Radar,556,90,2,0,648,0,0,12,0,12,556,90,14,0,660,0,0,0,660
09/18/2020,DTW,MI,AGL,CE,Towers with Radar,554,84,8,0,646,0,0,0,0,0,554,84,8,0,646,0,0,0,646
09/19/2020,DTW,MI,AGL,CE,Towers with Radar,529,72,10,2,613,0,0,9,0,9,529,72,19,2,622,0,0,0,622
09/20/2020,DTW,MI,AGL,CE,Towers with Radar,540,75,2,0,617,0,0,2,0,2,540,75,4,0,619,0,0,0,619
09/21/2020,DTW,MI,AGL,CE,Towers with Radar,540,81,10,0,631,0,0,0,0,0,540,81,10,0,631,0,0,0,631
09/22/2020,DTW,MI,AGL,CE,Towers with Radar,494,80,13,0,587,0,0,4,0,4,494,80,17,0,591,0,0,0,591
09/23/2020,DTW,MI,AGL,CE,Towers with Radar,511,87,10,0,608,0,0,11,0,11,511,87,21,0,619,0,0,0,619
09/24/2020,DTW,MI,AGL,CE,Towers with Radar,556,84,8,0,648,0,0,4,0,4,556,84,12,0,652,0,0,0,652
09/25/2020,DTW,MI,AGL,CE,Towers with Radar,561,87,9,0,657,0,0,4,0,4,561,87,13,0,661,0,0,0,661
09/26/2020,DTW,MI,AGL,CE,Towers with Radar,528,82,4,0,614,0,0,0,0,0,528,82,4,0,614,0,0,0,614
09/27/2020,DTW,MI,AGL,CE,Towers with Radar,541,78,2,0,621,0,0,4,0,4,541,78,6,0,625,0,0,0,625
09/28/2020,DTW,MI,AGL,CE,Towers with Radar,546,81,6,0,633,0,0,0,0,0,546,81,6,0,633,0,0,0,633
09/29/2020,DTW,MI,AGL,CE,Towers with Radar,489,82,9,0,580,0,0,3,0,3,489,82,12,0,583,0,0,0,583
09/30/2020,DTW,MI,AGL,CE,Towers with Radar,499,83,3,0,585,0,0,0,0,0,499,83,3,0,585,0,0,0,585
10/01/2020,DTW,MI,AGL,CE,Towers with Radar,591,101,3,0,695,0,0,0,0,0,591,101,3,0,695,0,0,0,695
10/02/2020,DTW,MI,AGL,CE,Towers with Radar,576,99,4,0,679,0,0,4,0,4,576,99,8,0,683,0,0,0,683
10/03/2020,DTW,MI,AGL,CE,Towers with Radar,545,79,7,0,631,0,0,4,0,4,545,79,11,0,635,0,0,0,635
10/04/2020,DTW,MI,AGL,CE,Towers with Radar,567,98,3,0,668,0,0,2,0,2,567,98,5,0,670,0,0,0,670
10/05/2020,DTW,MI,AGL,CE,Towers with Radar,559,91,5,0,655,0,0,0,0,0,559,91,5,0,655,0,0,0,655
10/06/2020,DTW,MI,AGL,CE,Towers with Radar,496,84,8,0,588,0,0,2,1,3,496,84,10,1,591,0,0,0,591
10/07/2020,DTW,MI,AGL,CE,Towers with Radar,514,94,7,0,615,0,0,0,0,0,514,94,7,0,615,0,0,0,615
10/08/2020,DTW,MI,AGL,CE,Towers with Radar,595,94,12,0,701,0,0,4,0,4,595,94,16,0,705,0,0,0,705
10/09/2020,DTW,MI,AGL,CE,Towers with Radar,599,96,7,0,702,0,0,2,0,2,599,96,9,0,704,0,0,0,704
10/10/2020,DTW,MI,AGL,CE,Towers with Radar,545,82,1,0,628,0,0,0,0,0,545,82,1,0,628,0,0,0,628
10/11/2020,DTW,MI,AGL,CE,Towers with Radar,582,90,5,0,677,0,0,2,0,2,582,90,7,0,679,0,0,0,679
10/12/2020,DTW,MI,AGL,CE,Towers with Radar,587,85,10,0,682,0,0,0,0,0,587,85,10,0,682,0,0,0,682
10/13/2020,DTW,MI,AGL,CE,Towers with Radar,511,94,10,0,615,0,0,4,0,4,511,94,14,0,619,0,0,0,619
10/14/2020,DTW,MI,AGL,CE,Towers with Radar,527,92,4,1,624,0,0,0,0,0,527,92,4,1,624,0,0,0,624
10/15/2020,DTW,MI,AGL,CE,Towers with Radar,605,102,3,2,712,0,1,0,0,1,605,103,3,2,713,0,0,0,713
10/16/2020,DTW,MI,AGL,CE,Towers with Radar,610,98,13,0,721,0,0,4,0,4,610,98,17,0,725,0,0,0,725
10/17/2020,DTW,MI,AGL,CE,Towers with Radar,545,89,4,0,638,0,0,0,0,0,545,89,4,0,638,0,0,0,638
10/18/2020,DTW,MI,AGL,CE,Towers with Radar,584,96,8,0,688,0,0,0,0,0,584,96,8,0,688,0,0,0,688
10/19/2020,DTW,MI,AGL,CE,Towers with Radar,585,93,9,0,687,0,0,2,0,2,585,93,11,0,689,0,0,0,689
10/20/2020,DTW,MI,AGL,CE,Towers with Radar,515,89,10,0,614,0,0,0,0,0,515,89,10,0,614,0,0,0,614
10/21/2020,DTW,MI,AGL,CE,Towers with Radar,524,89,17,0,630,0,0,4,0,4,524,89,21,0,634,0,0,0,634
10/22/2020,DTW,MI,AGL,CE,Towers with Radar,600,103,11,0,714,0,0,0,0,0,600,103,11,0,714,0,0,0,714
10/23/2020,DTW,MI,AGL,CE,Towers with Radar,596,104,6,0,706,0,0,0,0,0,596,104,6,0,706,0,0,0,706
10/24/2020,DTW,MI,AGL,CE,Towers with Radar,499,85,0,0,584,0,0,0,0,0,499,85,0,0,584,0,0,0,584
10/25/2020,DTW,MI,AGL,CE,Towers with Radar,527,86,10,0,623,0,0,0,1,1,527,86,10,1,624,0,0,0,624
10/26/2020,DTW,MI,AGL,CE,Towers with Radar,517,92,15,0,624,0,0,1,0,1,517,92,16,0,625,0,0,0,625
10/27/2020,DTW,MI,AGL,CE,Towers with Radar,494,85,6,0,585,0,0,1,0,1,494,85,7,0,586,0,0,0,586
10/28/2020,DTW,MI,AGL,CE,Towers with Radar,502,89,11,0,602,0,0,2,0,2,502,89,13,0,604,0,0,0,604
10/29/2020,DTW,MI,AGL,CE,Towers with Radar,536,94,17,0,647,0,0,3,0,3,536,94,20,0,650,0,0,0,650
10/30/2020,DTW,MI,AGL,CE,Towers with Radar,537,95,20,0,652,0,0,5,0,5,537,95,25,0,657,0,0,0,657
10/31/2020,DTW,MI,AGL,CE,Towers with Radar,436,71,6,0,513,0,0,0,0,0,436,71,6,0,513,0,0,0,513
11/01/2020,DTW,MI,AGL,CE,Towers with Radar,516,86,9,0,611,0,0,1,0,1,516,86,10,0,612,0,0,0,612
11/02/2020,DTW,MI,AGL,CE,Towers with Radar,520,93,11,0,624,0,0,0,1,1,520,93,11,1,625,0,0,0,625
11/03/2020,DTW,MI,AGL,CE,Towers with Radar,450,77,15,0,542,0,0,8,0,8,450,77,23,0,550,0,0,0,550
11/04/2020,DTW,MI,AGL,CE,Towers with Radar,481,90,6,0,577,0,0,5,0,5,481,90,11,0,582,0,0,0,582
11/05/2020,DTW,MI,AGL,CE,Towers with Radar,543,95,10,0,648,0,0,0,0,0,543,95,10,0,648,0,0,0,648
11/06/2020,DTW,MI,AGL,CE,Towers with Radar,552,93,8,0,653,0,0,4,0,4,552,93,12,0,657,0,0,0,657
11/07/2020,DTW,MI,AGL,CE,Towers with Radar,510,80,13,0,603,0,0,2,0,2,510,80,15,0,605,0,0,0,605
11/08/2020,DTW,MI,AGL,CE,Towers with Radar,591,95,7,0,693,0,0,2,0,2,591,95,9,0,695,0,0,0,695
11/09/2020,DTW,MI,AGL,CE,Towers with Radar,603,93,7,0,703,0,0,0,0,0,603,93,7,0,703,0,0,0,703
11/10/2020,DTW,MI,AGL,CE,Towers with Radar,538,85,7,1,631,0,0,0,0,0,538,85,7,1,631,0,0,0,631
11/11/2020,DTW,MI,AGL,CE,Towers with Radar,539,89,13,1,642,0,0,0,0,0,539,89,13,1,642,0,0,0,642
11/12/2020,DTW,MI,AGL,CE,Towers with Radar,615,97,13,0,725,0,0,0,1,1,615,97,13,1,726,0,0,0,726
11/13/2020,DTW,MI,AGL,CE,Towers with Radar,620,105,2,0,727,0,0,0,0,0,620,105,2,0,727,0,0,0,727
11/14/2020,DTW,MI,AGL,CE,Towers with Radar,578,87,4,0,669,0,0,6,0,6,578,87,10,0,675,0,0,0,675
11/15/2020,DTW,MI,AGL,CE,Towers with Radar,608,89,6,0,703,0,0,0,0,0,608,89,6,0,703,0,0,0,703
11/16/2020,DTW,MI,AGL,CE,Towers with Radar,598,90,5,0,693,0,0,3,0,3,598,90,8,0,696,0,0,0,696
11/17/2020,DTW,MI,AGL,CE,Towers with Radar,536,85,3,0,624,0,0,2,0,2,536,85,5,0,626,0,0,0,626
11/18/2020,DTW,MI,AGL,CE,Towers with Radar,543,97,6,0,646,0,0,0,0,0,543,97,6,0,646,0,0,0,646
11/19/2020,DTW,MI,AGL,CE,Towers with Radar,625,98,7,0,730,0,0,0,0,0,625,98,7,0,730,0,0,0,730
11/20/2020,DTW,MI,AGL,CE,Towers with Radar,657,107,10,0,774,0,0,0,0,0,657,107,10,0,774,0,0,0,774
11/21/2020,DTW,MI,AGL,CE,Towers with Radar,637,102,3,0,742,0,0,2,0,2,637,102,5,0,744,0,0,0,744
11/22/2020,DTW,MI,AGL,CE,Towers with Radar,635,107,5,0,747,0,0,0,0,0,635,107,5,0,747,0,0,0,747
11/23/2020,DTW,MI,AGL,CE,Towers with Radar,627,105,6,0,738,0,0,0,0,0,627,105,6,0,738,0,0,0,738
11/24/2020,DTW,MI,AGL,CE,Towers with Radar,659,115,5,0,779,0,0,2,0,2,659,115,7,0,781,0,0,0,781
11/25/2020,DTW,MI,AGL,CE,Towers with Radar,649,123,11,1,784,0,0,0,0,0,649,123,11,1,784,0,0,0,784
11/26/2020,DTW,MI,AGL,CE,Towers with Radar,353,68,8,0,429,0,0,0,0,0,353,68,8,0,429,0,0,0,429
11/27/2020,DTW,MI,AGL,CE,Towers with Radar,511,95,14,0,620,0,0,1,0,1,511,95,15,0,621,0,0,0,621
11/28/2020,DTW,MI,AGL,CE,Towers with Radar,637,110,11,0,758,0,0,6,0,6,637,110,17,0,764,0,0,0,764
11/29/2020,DTW,MI,AGL,CE,Towers with Radar,659,109,13,0,781,0,0,1,0,1,659,109,14,0,782,0,0,0,782
11/30/2020,DTW,MI,AGL,CE,Towers with Radar,649,113,10,0,772,0,0,0,0,0,649,113,10,0,772,0,0,0,772
12/01/2020,DTW,MI,AGL,CE,Towers with Radar,642,101,2,0,745,0,0,0,0,0,642,101,2,0,745,0,0,0,745
12/02/2020,DTW,MI,AGL,CE,Towers with Radar,558,97,10,2,667,0,0,0,0,0,558,97,10,2,667,0,0,0,667
12/03/2020,DTW,MI,AGL,CE,Towers with Radar,606,93,11,0,710,0,0,3,1,4,606,93,14,1,714,0,0,0,714
12/04/2020,DTW,MI,AGL,CE,Towers with Radar,600,91,8,0,699,0,0,0,0,0,600,91,8,0,699,0,0,0,699
12/05/2020,DTW,MI,AGL,CE,Towers with Radar,526,92,9,0,627,0,0,8,0,8,526,92,17,0,635,0,0,0,635
12/06/2020,DTW,MI,AGL,CE,Towers with Radar,586,90,2,0,678,0,0,8,0,8,586,90,10,0,686,0,0,0,686
12/07/2020,DTW,MI,AGL,CE,Towers with Radar,582,93,11,0,686,0,0,2,0,2,582,93,13,0,688,0,0,0,688
12/08/2020,DTW,MI,AGL,CE,Towers with Radar,543,83,6,0,632,0,1,2,0,3,543,84,8,0,635,0,0,0,635
12/09/2020,DTW,MI,AGL,CE,Towers with Radar,532,107,14,0,653,0,0,11,0,11,532,107,25,0,664,0,0,0,664
12/10/2020,DTW,MI,AGL,CE,Towers with Radar,593,105,16,0,714,0,0,0,0,0,593,105,16,0,714,0,0,0,714
12/11/2020,DTW,MI,AGL,CE,Towers with Radar,604,94,7,0,705,0,0,0,0,0,604,94,7,0,705,0,0,0,705
12/12/2020,DTW,MI,AGL,CE,Towers with Radar,524,83,2,0,609,0,0,0,0,0,524,83,2,0,609,0,0,0,609
12/13/2020,DTW,MI,AGL,CE,Towers with Radar,581,95,5,0,681,0,0,0,0,0,581,95,5,0,681,0,0,0,681
12/14/2020,DTW,MI,AGL,CE,Towers with Radar,593,105,6,0,704,0,0,2,0,2,593,105,8,0,706,0,0,0,706
12/15/2020,DTW,MI,AGL,CE,Towers with Radar,538,86,2,0,626,0,0,0,0,0,538,86,2,0,626,0,0,0,626
12/16/2020,DTW,MI,AGL,CE,Towers with Radar,537,96,11,0,644,0,1,0,0,1,537,97,11,0,645,0,0,0,645
12/17/2020,DTW,MI,AGL,CE,Towers with Radar,610,97,11,0,718,0,0,2,0,2,610,97,13,0,720,0,0,0,720
12/18/2020,DTW,MI,AGL,CE,Towers with Radar,652,105,4,0,761,0,0,5,2,7,652,105,9,2,768,0,0,0,768
12/19/2020,DTW,MI,AGL,CE,Towers with Radar,649,96,9,0,754,0,0,2,0,2,649,96,11,0,756,0,0,0,756
12/20/2020,DTW,MI,AGL,CE,Towers with Radar,639,99,9,0,747,0,0,0,0,0,639,99,9,0,747,0,0,0,747
12/21/2020,DTW,MI,AGL,CE,Towers with Radar,641,94,10,0,745,0,0,0,0,0,641,94,10,0,745,0,0,0,745
12/22/2020,DTW,MI,AGL,CE,Towers with Radar,653,112,8,0,773,0,0,4,0,4,653,112,12,0,777,0,0,0,777
12/23/2020,DTW,MI,AGL,CE,Towers with Radar,644,97,8,0,749,0,0,0,0,0,644,97,8,0,749,0,0,0,749
12/24/2020,DTW,MI,AGL,CE,Towers with Radar,417,67,5,0,489,0,0,0,0,0,417,67,5,0,489,0,0,0,489
12/25/2020,DTW,MI,AGL,CE,Towers with Radar,365,63,4,0,432,0,0,0,0,0,365,63,4,0,432,0,0,0,432
12/26/2020,DTW,MI,AGL,CE,Towers with Radar,607,104,9,0,720,0,0,0,0,0,607,104,9,0,720,0,0,0,720
12/27/2020,DTW,MI,AGL,CE,Towers with Radar,615,87,10,0,712,0,0,0,0,0,615,87,10,0,712,0,0,0,712
12/28/2020,DTW,MI,AGL,CE,Towers with Radar,642,92,10,1,745,0,0,0,2,2,642,92,10,3,747,0,0,0,747
12/29/2020,DTW,MI,AGL,CE,Towers with Radar,617,99,19,1,736,0,0,0,0,0,617,99,19,1,736,0,0,0,736
12/30/2020,DTW,MI,AGL,CE,Towers with Radar,652,97,21,0,770,0,0,0,0,0,652,97,21,0,770,0,0,0,770
12/31/2020,DTW,MI,AGL,CE,Towers with Radar,425,65,6,0,496,0,0,0,0,0,425,65,6,0,496,0,0,0,496
01/01/2021,DTW,MI,AGL,CE,Towers with Radar,484,67,14,0,565,0,0,0,0,0,484,67,14,0,565,0,0,0,565
01/02/2021,DTW,MI,AGL,CE,Towers with Radar,625,98,8,0,731,0,0,0,0,0,625,98,8,0,731,0,0,0,731
01/03/2021,DTW,MI,AGL,CE,Towers with Radar,636,102,16,0,754,0,0,0,0,0,636,102,16,0,754,0,0,0,754
01/04/2021,DTW,MI,AGL,CE,Towers with Radar,629,101,11,0,741,0,0,0,0,0,629,101,11,0,741,0,0,0,741
01/05/2021,DTW,MI,AGL,CE,Towers with Radar,551,88,10,0,649,0,0,0,0,0,551,88,10,0,649,0,0,0,649
01/06/2021,DTW,MI,AGL,CE,Towers with Radar,518,100,6,0,624,0,0,0,0,0,518,100,6,0,624,0,0,0,624
01/07/2021,DTW,MI,AGL,CE,Towers with Radar,583,94,2,0,679,0,0,0,0,0,583,94,2,0,679,0,0,0,679
01/08/2021,DTW,MI,AGL,CE,Towers with Radar,577,104,14,1,696,0,0,0,0,0,577,104,14,1,696,0,0,0,696
01/09/2021,DTW,MI,AGL,CE,Towers with Radar,470,78,5,0,553,0,0,8,0,8,470,78,13,0,561,0,0,0,561
01/10/2021,DTW,MI,AGL,CE,Towers with Radar,569,94,12,0,675,0,0,9,0,9,569,94,21,0,684,0,0,0,684
01/11/2021,DTW,MI,AGL,CE,Towers with Radar,554,96,10,0,660,0,0,0,0,0,554,96,10,0,660,0,0,0,660
01/12/2021,DTW,MI,AGL,CE,Towers with Radar,504,86,7,0,597,0,0,0,0,0,504,86,7,0,597,0,0,0,597
01/13/2021,DTW,MI,AGL,CE,Towers with Radar,520,91,11,0,622,0,0,0,0,0,520,91,11,0,622,0,0,0,622
01/14/2021,DTW,MI,AGL,CE,Towers with Radar,589,91,5,0,685,0,0,2,0,2,589,91,7,0,687,0,0,0,687
01/15/2021,DTW,MI,AGL,CE,Towers with Radar,579,97,9,0,685,0,0,0,0,0,579,97,9,0,685,0,0,0,685
01/16/2021,DTW,MI,AGL,CE,Towers with Radar,474,79,9,0,562,0,0,0,0,0,474,79,9,0,562,0,0,0,562
01/17/2021,DTW,MI,AGL,CE,Towers with Radar,476,80,3,0,559,0,0,0,0,0,476,80,3,0,559,0,0,0,559
01/18/2021,DTW,MI,AGL,CE,Towers with Radar,556,106,9,0,671,0,0,0,0,0,556,106,9,0,671,0,0,0,671
01/19/2021,DTW,MI,AGL,CE,Towers with Radar,509,84,11,0,604,0,0,0,0,0,509,84,11,0,604,0,0,0,604
01/20/2021,DTW,MI,AGL,CE,Towers with Radar,514,96,6,0,616,0,0,2,0,2,514,96,8,0,618,0,0,0,618
01/21/2021,DTW,MI,AGL,CE,Towers with Radar,589,101,9,0,699,0,0,0,0,0,589,101,9,0,699,0,0,0,699
01/22/2021,DTW,MI,AGL,CE,Towers with Radar,574,95,4,0,673,0,0,0,0,0,574,95,4,0,673,0,0,0,673
01/23/2021,DTW,MI,AGL,CE,Towers with Radar,476,76,4,0,556,0,0,3,0,3,476,76,7,0,559,0,0,0,559
01/24/2021,DTW,MI,AGL,CE,Towers with Radar,569,94,4,0,667,0,0,0,0,0,569,94,4,0,667,0,0,0,667
01/25/2021,DTW,MI,AGL,CE,Towers with Radar,556,94,7,0,657,0,0,0,0,0,556,94,7,0,657,0,0,0,657
01/26/2021,DTW,MI,AGL,CE,Towers with Radar,516,90,7,0,613,0,0,0,0,0,516,90,7,0,613,0,0,0,613
01/27/2021,DTW,MI,AGL,CE,Towers with Radar,510,104,8,0,622,0,0,1,0,1,510,104,9,0,623,0,0,0,623
01/28/2021,DTW,MI,AGL,CE,Towers with Radar,586,103,6,0,695,0,0,0,0,0,586,103,6,0,695,0,0,0,695
01/29/2021,DTW,MI,AGL,CE,Towers with Radar,578,94,6,0,678,0,0,7,0,7,578,94,13,0,685,0,0,0,685
01/30/2021,DTW,MI,AGL,CE,Towers with Radar,476,87,9,0,572,0,0,3,0,3,476,87,12,0,575,0,0,0,575
01/31/2021,DTW,MI,AGL,CE,Towers with Radar,569,104,5,0,678,0,0,0,0,0,569,104,5,0,678,0,0,0,678
02/01/2021,DTW,MI,AGL,CE,Towers with Radar,538,90,5,0,633,0,0,0,0,0,538,90,5,0,633,0,0,0,633
02/02/2021,DTW,MI,AGL,CE,Towers with Radar,511,89,7,0,607,0,0,2,0,2,511,89,9,0,609,0,0,0,609
02/03/2021,DTW,MI,AGL,CE,Towers with Radar,519,103,15,0,637,0,1,4,0,5,519,104,19,0,642,0,0,0,642
02/04/2021,DTW,MI,AGL,CE,Towers with Radar,575,90,6,0,671,0,0,0,0,0,575,90,6,0,671,0,0,0,671
02/05/2021,DTW,MI,AGL,CE,Towers with Radar,614,112,11,1,738,0,0,2,0,2,614,112,13,1,740,0,0,0,740
02/06/2021,DTW,MI,AGL,CE,Towers with Radar,475,76,0,0,551,0,0,6,0,6,475,76,6,0,557,0,0,0,557
02/07/2021,DTW,MI,AGL,CE,Towers with Radar,482,82,3,0,567,0,0,0,0,0,482,82,3,0,567,0,0,0,567
02/08/2021,DTW,MI,AGL,CE,Towers with Radar,562,99,3,0,664,0,0,0,0,0,562,99,3,0,664,0,0,0,664
02/09/2021,DTW,MI,AGL,CE,Towers with Radar,524,93,7,0,624,0,0,0,0,0,524,93,7,0,624,0,0,0,624
02/10/2021,DTW,MI,AGL,CE,Towers with Radar,525,100,9,0,634,0,6,0,0,6,525,106,9,0,640,0,0,0,640
02/11/2021,DTW,MI,AGL,CE,Towers with Radar,590,96,3,0,689,0,0,0,0,0,590,96,3,0,689,0,0,0,689
02/12/2021,DTW,MI,AGL,CE,Towers with Radar,602,100,3,0,705,0,0,0,0,0,602,100,3,0,705,0,0,0,705
02/13/2021,DTW,MI,AGL,CE,Towers with Radar,487,89,4,0,580,0,0,0,0,0,487,89,4,0,580,0,0,0,580
02/14/2021,DTW,MI,AGL,CE,Towers with Radar,475,82,7,0,564,0,0,0,0,0,475,82,7,0,564,0,0,0,564
02/15/2021,DTW,MI,AGL,CE,Towers with Radar,489,86,13,0,588,0,0,0,0,0,489,86,13,0,588,0,0,0,588
02/16/2021,DTW,MI,AGL,CE,Towers with Radar,475,70,5,0,550,0,0,2,0,2,475,70,7,0,552,0,0,0,552
02/17/2021,DTW,MI,AGL,CE,Towers with Radar,503,88,5,0,596,0,0,3,0,3,503,88,8,0,599,0,0,0,599
02/18/2021,DTW,MI,AGL,CE,Towers with Radar,525,97,8,0,630,0,0,0,0,0,525,97,8,0,630,0,0,0,630
02/19/2021,DTW,MI,AGL,CE,Towers with Radar,598,99,6,0,703,0,0,0,0,0,598,99,6,0,703,0,0,0,703
02/20/2021,DTW,MI,AGL,CE,Towers with Radar,491,77,6,0,574,0,0,2,0,2,491,77,8,0,576,0,0,0,576
02/21/2021,DTW,MI,AGL,CE,Towers with Radar,572,102,6,0,680,0,0,2,0,2,572,102,8,0,682,0,0,0,682
02/22/2021,DTW,MI,AGL,CE,Towers with Radar,585,96,1,0,682,0,0,0,0,0,585,96,1,0,682,0,0,0,682
02/23/2021,DTW,MI,AGL,CE,Towers with Radar,526,85,6,0,617,0,1,4,1,6,526,86,10,1,623,0,0,0,623
02/24/2021,DTW,MI,AGL,CE,Towers with Radar,540,95,9,0,644,0,0,0,0,0,540,95,9,0,644,0,0,0,644
02/25/2021,DTW,MI,AGL,CE,Towers with Radar,599,100,8,0,707,0,0,2,0,2,599,100,10,0,709,0,0,0,709
02/26/2021,DTW,MI,AGL,CE,Towers with Radar,610,98,9,0,717,0,0,4,0,4,610,98,13,0,721,0,0,0,721
02/27/2021,DTW,MI,AGL,CE,Towers with Radar,485,77,5,0,567,0,0,2,0,2,485,77,7,0,569,0,0,0,569
02/28/2021,DTW,MI,AGL,CE,Towers with Radar,573,97,4,0,674,0,0,0,0,0,573,97,4,0,674,0,0,0,674
03/01/2021,DTW,MI,AGL,CE,Towers with Radar,588,94,3,0,685,0,0,0,0,0,588,94,3,0,685,0,0,0,685
03/02/2021,DTW,MI,AGL,CE,Towers with Radar,556,90,6,0,652,0,0,1,0,1,556,90,7,0,653,0,0,0,653
03/03/2021,DTW,MI,AGL,CE,Towers with Radar,574,94,7,0,675,0,0,0,0,0,574,94,7,0,675,0,0,0,675
03/04/2021,DTW,MI,AGL,CE,Towers with Radar,637,91,13,0,741,0,0,2,0,2,637,91,15,0,743,0,0,0,743
03/05/2021,DTW,MI,AGL,CE,Towers with Radar,636,100,8,0,744,0,0,4,0,4,636,100,12,0,748,0,0,0,748
03/06/2021,DTW,MI,AGL,CE,Towers with Radar,527,79,4,0,610,0,0,0,0,0,527,79,4,0,610,0,0,0,610
03/07/2021,DTW,MI,AGL,CE,Towers with Radar,622,109,5,0,736,0,0,0,0,0,622,109,5,0,736,0,0,0,736
03/08/2021,DTW,MI,AGL,CE,Towers with Radar,621,102,9,0,732,0,0,0,0,0,621,102,9,0,732,0,0,0,732
03/09/2021,DTW,MI,AGL,CE,Towers with Radar,580,92,14,0,686,0,0,1,2,3,580,92,15,2,689,0,0,0,689
03/10/2021,DTW,MI,AGL,CE,Towers with Radar,587,90,5,0,682,0,0,0,0,0,587,90,5,0,682,0,0,0,682
03/11/2021,DTW,MI,AGL,CE,Towers with Radar,662,104,16,0,782,0,0,2,0,2,662,104,18,0,784,0,0,0,784
03/12/2021,DTW,MI,AGL,CE,Towers with Radar,647,104,11,0,762,0,0,3,0,3,647,104,14,0,765,0,0,0,765
03/13/2021,DTW,MI,AGL,CE,Towers with Radar,544,83,5,0,632,0,0,4,0,4,544,83,9,0,636,0,0,0,636
03/14/2021,DTW,MI,AGL,CE,Towers with Radar,623,99,6,0,728,0,4,9,0,13,623,103,15,0,741,0,0,0,741
03/15/2021,DTW,MI,AGL,CE,Towers with Radar,634,106,3,0,743,0,0,3,0,3,634,106,6,0,746,0,0,0,746
03/16/2021,DTW,MI,AGL,CE,Towers with Radar,595,93,9,0,697,0,0,0,2,2,595,93,9,2,699,0,0,0,699
03/17/2021,DTW,MI,AGL,CE,Towers with Radar,599,100,9,0,708,0,0,8,0,8,599,100,17,0,716,0,0,0,716
03/18/2021,DTW,MI,AGL,CE,Towers with Radar,656,103,15,0,774,0,0,0,0,0,656,103,15,0,774,0,0,0,774
03/19/2021,DTW,MI,AGL,CE,Towers with Radar,659,97,8,0,764,0,0,10,0,10,659,97,18,0,774,0,0,0,774
03/20/2021,DTW,MI,AGL,CE,Towers with Radar,550,74,1,0,625,0,0,2,0,2,550,74,3,0,627,0,0,0,627
03/21/2021,DTW,MI,AGL,CE,Towers with Radar,630,102,4,0,736,0,0,0,1,1,630,102,4,1,737,0,0,0,737
03/22/2021,DTW,MI,AGL,CE,Towers with Radar,635,101,4,0,740,0,0,0,0,0,635,101,4,0,740,0,0,0,740
03/23/2021,DTW,MI,AGL,CE,Towers with Radar,593,98,12,0,703,0,0,2,0,2,593,98,14,0,705,0,0,0,705
03/24/2021,DTW,MI,AGL,CE,Towers with Radar,601,97,7,0,705,0,0,2,1,3,601,97,9,1,708,0,0,0,708
03/25/2021,DTW,MI,AGL,CE,Towers with Radar,667,99,6,0,772,0,0,5,0,5,667,99,11,0,777,0,0,0,777
03/26/2021,DTW,MI,AGL,CE,Towers with Radar,666,102,11,0,779,0,0,2,0,2,666,102,13,0,781,0,0,0,781
03/27/2021,DTW,MI,AGL,CE,Towers with Radar,549,81,2,0,632,0,0,0,0,0,549,81,2,0,632,0,0,0,632
03/28/2021,DTW,MI,AGL,CE,Towers with Radar,637,109,5,0,751,0,0,0,0,0,637,109,5,0,751,0,0,0,751
03/29/2021,DTW,MI,AGL,CE,Towers with Radar,643,106,8,0,757,0,0,2,0,2,643,106,10,0,759,0,0,0,759
03/30/2021,DTW,MI,AGL,CE,Towers with Radar,592,96,7,0,695,0,0,0,0,0,592,96,7,0,695,0,0,0,695
03/31/2021,DTW,MI,AGL,CE,Towers with Radar,599,100,7,0,706,0,0,0,0,0,599,100,7,0,706,0,0,0,706
04/01/2021,DTW,MI,AGL,CE,Towers with Radar,668,102,8,2,780,0,0,0,0,0,668,102,8,2,780,0,0,0,780
04/02/2021,DTW,MI,AGL,CE,Towers with Radar,673,95,5,0,773,0,0,3,0,3,673,95,8,0,776,0,0,0,776
04/03/2021,DTW,MI,AGL,CE,Towers with Radar,575,86,7,0,668,0,0,2,0,2,575,86,9,0,670,0,0,0,670
04/04/2021,DTW,MI,AGL,CE,Towers with Radar,640,101,7,0,748,0,0,1,0,1,640,101,8,0,749,0,0,0,749
04/05/2021,DTW,MI,AGL,CE,Towers with Radar,646,104,7,0,757,0,0,0,0,0,646,104,7,0,757,0,0,0,757
04/06/2021,DTW,MI,AGL,CE,Towers with Radar,584,92,7,0,683,0,0,4,0,4,584,92,11,0,687,0,0,0,687
04/07/2021,DTW,MI,AGL,CE,Towers with Radar,591,94,10,0,695,0,0,4,0,4,591,94,14,0,699,0,0,0,699
04/08/2021,DTW,MI,AGL,CE,Towers with Radar,670,94,6,0,770,0,0,0,0,0,670,94,6,0,770,0,0,0,770
04/09/2021,DTW,MI,AGL,CE,Towers with Radar,673,106,9,0,788,0,0,2,0,2,673,106,11,0,790,0,0,0,790
04/10/2021,DTW,MI,AGL,CE,Towers with Radar,560,76,4,0,640,0,0,4,1,5,560,76,8,1,645,0,0,0,645
04/11/2021,DTW,MI,AGL,CE,Towers with Radar,619,102,10,0,731,0,0,2,0,2,619,102,12,0,733,0,0,0,733
04/12/2021,DTW,MI,AGL,CE,Towers with Radar,645,113,3,0,761,0,0,1,0,1,645,113,4,0,762,0,0,0,762
04/13/2021,DTW,MI,AGL,CE,Towers with Radar,610,111,6,0,727,0,0,2,0,2,610,111,8,0,729,0,0,0,729
04/14/2021,DTW,MI,AGL,CE,Towers with Radar,608,120,4,0,732,0,0,5,0,5,608,120,9,0,737,0,0,0,737
04/15/2021,DTW,MI,AGL,CE,Towers with Radar,663,122,8,0,793,0,0,2,0,2,663,122,10,0,795,0,0,0,795
04/16/2021,DTW,MI,AGL,CE,Towers with Radar,673,109,7,0,789,0,0,2,0,2,673,109,9,0,791,0,0,0,791
04/17/2021,DTW,MI,AGL,CE,Towers with Radar,564,99,5,0,668,0,0,0,0,0,564,99,5,0,668,0,0,0,668
04/18/2021,DTW,MI,AGL,CE,Towers with Radar,637,125,10,0,772,0,0,0,0,0,637,125,10,0,772,0,0,0,772
04/19/2021,DTW,MI,AGL,CE,Towers with Radar,649,112,2,0,763,0,0,1,0,1,649,112,3,0,764,0,0,0,764
04/20/2021,DTW,MI,AGL,CE,Towers with Radar,617,109,5,0,731,0,0,0,0,0,617,109,5,0,731,0,0,0,731
04/21/2021,DTW,MI,AGL,CE,Towers with Radar,617,116,10,0,743,0,0,0,0,0,617,116,10,0,743,0,0,0,743
04/22/2021,DTW,MI,AGL,CE,Towers with Radar,668,127,4,0,799,0,2,8,0,10,668,129,12,0,809,0,0,0,809
04/23/2021,DTW,MI,AGL,CE,Towers with Radar,666,117,7,2,792,0,0,1,1,2,666,117,8,3,794,0,0,0,794
04/24/2021,DTW,MI,AGL,CE,Towers with Radar,560,89,4,0,653,0,0,1,0,1,560,89,5,0,654,0,0,0,654
04/25/2021,DTW,MI,AGL,CE,Towers with Radar,641,118,13,0,772,0,0,1,0,1,641,118,14,0,773,0,0,0,773
04/26/2021,DTW,MI,AGL,CE,Towers with Radar,654,129,6,0,789,0,2,0,0,2,654,131,6,0,791,0,0,0,791
04/27/2021,DTW,MI,AGL,CE,Towers with Radar,613,111,6,0,730,0,0,2,0,2,613,111,8,0,732,0,0,0,732
04/28/2021,DTW,MI,AGL,CE,Towers with Radar,612,110,9,0,731,0,0,3,0,3,612,110,12,0,734,0,0,0,734
04/29/2021,DTW,MI,AGL,CE,Towers with Radar,671,116,7,0,794,0,0,0,0,0,671,116,7,0,794,0,0,0,794
04/30/2021,DTW,MI,AGL,CE,Towers with Radar,677,111,11,0,799,0,0,0,0,0,677,111,11,0,799,0,0,0,799
05/01/2021,DTW,MI,AGL,CE,Towers with Radar,571,91,4,0,666,0,0,0,0,0,571,91,4,0,666,0,0,0,666
05/02/2021,DTW,MI,AGL,CE,Towers with Radar,642,120,9,0,771,0,0,2,0,2,642,120,11,0,773,0,0,0,773
05/03/2021,DTW,MI,AGL,CE,Towers with Radar,638,113,8,0,759,0,0,0,0,0,638,113,8,0,759,0,0,0,759
05/04/2021,DTW,MI,AGL,CE,Towers with Radar,611,112,12,0,735,0,0,0,0,0,611,112,12,0,735,0,0,0,735
05/05/2021,DTW,MI,AGL,CE,Towers with Radar,629,129,10,0,768,0,0,4,0,4,629,129,14,0,772,0,0,0,772
05/06/2021,DTW,MI,AGL,CE,Towers with Radar,682,118,9,1,810,0,0,2,0,2,682,118,11,1,812,0,0,0,812
05/07/2021,DTW,MI,AGL,CE,Towers with Radar,673,131,18,0,822,0,0,0,0,0,673,131,18,0,822,0,0,0,822
05/08/2021,DTW,MI,AGL,CE,Towers with Radar,591,97,6,0,694,0,0,2,0,2,591,97,8,0,696,0,0,0,696
05/09/2021,DTW,MI,AGL,CE,Towers with Radar,655,122,3,0,780,0,1,1,0,2,655,123,4,0,782,0,0,0,782
05/10/2021,DTW,MI,AGL,CE,Towers with Radar,667,122,5,0,794,0,0,2,0,2,667,122,7,0,796,0,0,0,796
05/11/2021,DTW,MI,AGL,CE,Towers with Radar,643,123,7,0,773,0,1,2,0,3,643,124,9,0,776,0,0,0,776
05/12/2021,DTW,MI,AGL,CE,Towers with Radar,655,125,16,1,797,0,2,4,0,6,655,127,20,1,803,0,0,0,803
05/13/2021,DTW,MI,AGL,CE,Towers with Radar,692,121,4,0,817,0,0,4,0,4,692,121,8,0,821,0,0,0,821
05/14/2021,DTW,MI,AGL,CE,Towers with Radar,684,121,14,0,819,0,0,4,1,5,684,121,18,1,824,0,0,0,824
05/15/2021,DTW,MI,AGL,CE,Towers with Radar,591,96,4,2,693,0,0,3,0,3,591,96,7,2,696,0,0,0,696
05/16/2021,DTW,MI,AGL,CE,Towers with Radar,660,118,11,1,790,0,0,7,1,8,660,118,18,2,798,0,0,0,798
05/17/2021,DTW,MI,AGL,CE,Towers with Radar,667,114,5,2,788,0,0,0,0,0,667,114,5,2,788,0,0,0,788
05/18/2021,DTW,MI,AGL,CE,Towers with Radar,656,114,3,4,777,0,0,0,2,2,656,114,3,6,779,0,0,0,779
05/19/2021,DTW,MI,AGL,CE,Towers with Radar,655,123,6,2,786,1,0,2,1,4,656,123,8,3,790,0,0,0,790
05/20/2021,DTW,MI,AGL,CE,Towers with Radar,680,116,4,0,800,0,0,0,0,0,680,116,4,0,800,0,0,0,800
05/21/2021,DTW,MI,AGL,CE,Towers with Radar,684,118,7,0,809,0,0,1,2,3,684,118,8,2,812,0,0,0,812
05/22/2021,DTW,MI,AGL,CE,Towers with Radar,593,91,5,0,689,0,0,5,0,5,593,91,10,0,694,0,0,0,694
05/23/2021,DTW,MI,AGL,CE,Towers with Radar,657,116,8,0,781,0,0,2,0,2,657,116,10,0,783,0,0,0,783
05/24/2021,DTW,MI,AGL,CE,Towers with Radar,663,122,15,0,800,0,0,3,0,3,663,122,18,0,803,0,0,0,803
05/25/2021,DTW,MI,AGL,CE,Towers with Radar,662,120,12,0,794,0,0,5,0,5,662,120,17,0,799,0,0,0,799
05/26/2021,DTW,MI,AGL,CE,Towers with Radar,649,118,10,0,777,0,0,3,0,3,649,118,13,0,780,0,0,0,780
05/27/2021,DTW,MI,AGL,CE,Towers with Radar,683,133,15,0,831,0,0,2,0,2,683,133,17,0,833,0,0,0,833
05/28/2021,DTW,MI,AGL,CE,Towers with Radar,679,122,10,0,811,0,0,2,0,2,679,122,12,0,813,0,0,0,813
05/29/2021,DTW,MI,AGL,CE,Towers with Radar,602,98,1,0,701,0,0,0,0,0,602,98,1,0,701,0,0,0,701
05/30/2021,DTW,MI,AGL,CE,Towers with Radar,572,99,7,0,678,0,0,0,0,0,572,99,7,0,678,0,0,0,678
05/31/2021,DTW,MI,AGL,CE,Towers with Radar,650,123,4,0,777,0,0,2,0,2,650,123,6,0,779,0,0,0,779
06/01/2021,DTW,MI,AGL,CE,Towers with Radar,634,126,10,0,770,0,0,6,0,6,634,126,16,0,776,0,0,0,776
06/02/2021,DTW,MI,AGL,CE,Towers with Radar,646,132,12,0,790,0,1,0,0,1,646,133,12,0,791,0,0,0,791
06/03/2021,DTW,MI,AGL,CE,Towers with Radar,674,120,11,0,805,0,0,2,0,2,674,120,13,0,807,0,0,0,807
06/04/2021,DTW,MI,AGL,CE,Towers with Radar,686,125,1,0,812,0,0,5,0,5,686,125,6,0,817,0,0,0,817
06/05/2021,DTW,MI,AGL,CE,Towers with Radar,671,143,6,0,820,0,0,2,0,2,671,143,8,0,822,0,0,0,822
06/06/2021,DTW,MI,AGL,CE,Towers with Radar,708,147,13,0,868,0,0,2,0,2,708,147,15,0,870,0,0,0,870
06/07/2021,DTW,MI,AGL,CE,Towers with Radar,695,148,4,0,847,0,0,2,0,2,695,148,6,0,849,0,0,0,849
06/08/2021,DTW,MI,AGL,CE,Towers with Radar,690,150,14,0,854,0,0,5,0,5,690,150,19,0,859,0,0,0,859
06/09/2021,DTW,MI,AGL,CE,Towers with Radar,689,144,13,0,846,0,0,0,0,0,689,144,13,0,846,0,0,0,846
06/10/2021,DTW,MI,AGL,CE,Towers with Radar,720,146,15,0,881,0,1,0,0,1,720,147,15,0,882,0,0,0,882
06/11/2021,DTW,MI,AGL,CE,Towers with Radar,723,139,8,0,870,0,0,0,0,0,723,139,8,0,870,0,0,0,870
06/12/2021,DTW,MI,AGL,CE,Towers with Radar,665,143,1,0,809,0,0,0,0,0,665,143,1,0,809,0,0,0,809
06/13/2021,DTW,MI,AGL,CE,Towers with Radar,713,148,15,0,876,0,0,1,0,1,713,148,16,0,877,0,0,0,877
06/14/2021,DTW,MI,AGL,CE,Towers with Radar,708,149,13,0,870,0,1,3,0,4,708,150,16,0,874,0,0,0,874
06/15/2021,DTW,MI,AGL,CE,Towers with Radar,694,134,20,0,848,0,0,2,0,2,694,134,22,0,850,0,0,0,850
06/16/2021,DTW,MI,AGL,CE,Towers with Radar,716,148,11,0,875,0,1,5,0,6,716,149,16,0,881,0,0,0,881
06/17/2021,DTW,MI,AGL,CE,Towers with Radar,727,149,16,0,892,0,0,2,0,2,727,149,18,0,894,0,0,0,894
06/18/2021,DTW,MI,AGL,CE,Towers with Radar,720,137,16,0,873,0,0,0,0,0,720,137,16,0,873,0,0,0,873
06/19/2021,DTW,MI,AGL,CE,Towers with Radar,660,144,2,0,806,0,0,2,0,2,660,144,4,0,808,0,0,0,808
06/20/2021,DTW,MI,AGL,CE,Towers with Radar,695,138,2,0,835,0,0,3,0,3,695,138,5,0,838,0,0,0,838
06/21/2021,DTW,MI,AGL,CE,Towers with Radar,696,144,18,0,858,0,0,1,0,1,696,144,19,0,859,0,0,0,859
06/22/2021,DTW,MI,AGL,CE,Towers with Radar,712,151,23,0,886,0,1,19,0,20,712,152,42,0,906,0,0,0,906
06/23/2021,DTW,MI,AGL,CE,Towers with Radar,709,152,18,0,879,0,0,10,0,10,709,152,28,0,889,0,0,0,889
06/24/2021,DTW,MI,AGL,CE,Towers with Radar,723,147,18,4,892,0,0,10,0,10,723,147,28,4,902,0,0,0,902
06/25/2021,DTW,MI,AGL,CE,Towers with Radar,731,141,13,2,887,0,0,2,0,2,731,141,15,2,889,0,0,0,889
06/26/2021,DTW,MI,AGL,CE,Towers with Radar,647,149,15,0,811,0,0,0,0,0,647,149,15,0,811,0,0,0,811
06/27/2021,DTW,MI,AGL,CE,Towers with Radar,701,146,8,0,855,0,0,0,0,0,701,146,8,0,855,0,0,0,855
06/28/2021,DTW,MI,AGL,CE,Towers with Radar,702,143,10,0,855,0,1,5,0,6,702,144,15,0,861,0,0,0,861
06/29/2021,DTW,MI,AGL,CE,Towers with Radar,704,136,17,0,857,0,0,5,0,5,704,136,22,0,862,0,0,0,862
06/30/2021,DTW,MI,AGL,CE,Towers with Radar,713,139,15,0,867,0,0,11,0,11,713,139,26,0,878,0,0,0,878
07/01/2021,DTW,MI,AGL,CE,Towers with Radar,735,139,13,0,887,0,0,5,0,5,735,139,18,0,892,0,0,0,892
07/02/2021,DTW,MI,AGL,CE,Towers with Radar,704,144,11,0,859,0,0,3,0,3,704,144,14,0,862,0,0,0,862
07/03/2021,DTW,MI,AGL,CE,Towers with Radar,655,138,8,0,801,0,0,4,0,4,655,138,12,0,805,0,0,0,805
07/04/2021,DTW,MI,AGL,CE,Towers with Radar,630,150,10,0,790,0,1,6,0,7,630,151,16,0,797,0,0,0,797
07/05/2021,DTW,MI,AGL,CE,Towers with Radar,699,151,10,0,860,0,0,3,0,3,699,151,13,0,863,0,0,0,863
07/06/2021,DTW,MI,AGL,CE,Towers with Radar,687,139,6,0,832,0,0,2,0,2,687,139,8,0,834,0,0,0,834
07/07/2021,DTW,MI,AGL,CE,Towers with Radar,700,130,13,0,843,0,0,2,0,2,700,130,15,0,845,0,0,0,845
07/08/2021,DTW,MI,AGL,CE,Towers with Radar,722,149,11,0,882,0,0,0,0,0,722,149,11,0,882,0,0,0,882
07/09/2021,DTW,MI,AGL,CE,Towers with Radar,722,144,12,0,878,0,0,8,3,11,722,144,20,3,889,0,0,0,889
07/10/2021,DTW,MI,AGL,CE,Towers with Radar,651,144,8,0,803,0,0,0,0,0,651,144,8,0,803,0,0,0,803
07/11/2021,DTW,MI,AGL,CE,Towers with Radar,699,153,9,2,863,0,0,0,0,0,699,153,9,2,863,0,0,0,863
07/12/2021,DTW,MI,AGL,CE,Towers with Radar,697,149,8,4,858,0,0,0,0,0,697,149,8,4,858,0,0,0,858
07/13/2021,DTW,MI,AGL,CE,Towers with Radar,701,143,18,0,862,0,0,1,0,1,701,143,19,0,863,0,0,0,863
07/14/2021,DTW,MI,AGL,CE,Towers with Radar,688,149,5,0,842,0,2,2,0,4,688,151,7,0,846,0,0,0,846
07/15/2021,DTW,MI,AGL,CE,Towers with Radar,725,152,20,0,897,0,0,1,0,1,725,152,21,0,898,0,0,0,898
07/16/2021,DTW,MI,AGL,CE,Towers with Radar,724,142,13,0,879,0,0,0,0,0,724,142,13,0,879,0,0,0,879
07/17/2021,DTW,MI,AGL,CE,Towers with Radar,654,137,9,0,800,0,0,3,0,3,654,137,12,0,803,0,0,0,803
07/18/2021,DTW,MI,AGL,CE,Towers with Radar,726,133,14,0,873,0,0,0,0,0,726,133,14,0,873,0,0,0,873
07/19/2021,DTW,MI,AGL,CE,Towers with Radar,720,147,16,0,883,0,0,4,1,5,720,147,20,1,888,0,0,0,888
07/20/2021,DTW,MI,AGL,CE,Towers with Radar,690,154,7,0,851,0,0,2,0,2,690,154,9,0,853,0,0,0,853
07/21/2021,DTW,MI,AGL,CE,Towers with Radar,725,167,17,0,909,0,2,5,0,7,725,169,22,0,916,0,0,0,916
07/22/2021,DTW,MI,AGL,CE,Towers with Radar,726,157,13,0,896,0,0,7,0,7,726,157,20,0,903,0,0,0,903
07/23/2021,DTW,MI,AGL,CE,Towers with Radar,725,149,13,0,887,0,0,5,0,5,725,149,18,0,892,0,0,0,892
07/24/2021,DTW,MI,AGL,CE,Towers with Radar,650,137,14,0,801,0,0,0,0,0,650,137,14,0,801,0,0,0,801
07/25/2021,DTW,MI,AGL,CE,Towers with Radar,719,150,16,0,885,0,0,0,0,0,719,150,16,0,885,0,0,0,885
07/26/2021,DTW,MI,AGL,CE,Towers with Radar,711,154,4,0,869,0,0,2,0,2,711,154,6,0,871,0,0,0,871
07/27/2021,DTW,MI,AGL,CE,Towers with Radar,695,147,20,0,862,0,0,5,0,5,695,147,25,0,867,0,0,0,867
07/28/2021,DTW,MI,AGL,CE,Towers with Radar,713,164,25,1,903,0,0,9,0,9,713,164,34,1,912,0,0,0,912
07/29/2021,DTW,MI,AGL,CE,Towers with Radar,735,148,23,1,907,0,0,7,0,7,735,148,30,1,914,0,0,0,914
07/30/2021,DTW,MI,AGL,CE,Towers with Radar,725,151,11,0,887,0,0,7,0,7,725,151,18,0,894,0,0,0,894
07/31/2021,DTW,MI,AGL,CE,Towers with Radar,660,136,12,0,808,0,0,9,0,9,660,136,21,0,817,0,0,0,817
08/01/2021,DTW,MI,AGL,CE,Towers with Radar,678,163,6,0,847,0,0,5,0,5,678,163,11,0,852,0,0,0,852
08/02/2021,DTW,MI,AGL,CE,Towers with Radar,690,144,17,0,851,0,0,6,0,6,690,144,23,0,857,0,0,0,857
08/03/2021,DTW,MI,AGL,CE,Towers with Radar,629,147,19,1,796,0,0,6,0,6,629,147,25,1,802,0,0,0,802
08/04/2021,DTW,MI,AGL,CE,Towers with Radar,648,159,16,2,825,0,0,1,0,1,648,159,17,2,826,0,0,0,826
08/05/2021,DTW,MI,AGL,CE,Towers with Radar,714,152,18,0,884,0,0,7,2,9,714,152,25,2,893,0,0,0,893
08/06/2021,DTW,MI,AGL,CE,Towers with Radar,717,149,2,0,868,0,0,4,0,4,717,149,6,0,872,0,0,0,872
08/07/2021,DTW,MI,AGL,CE,Towers with Radar,652,127,5,0,784,0,0,1,0,1,652,127,6,0,785,0,0,0,785
08/08/2021,DTW,MI,AGL,CE,Towers with Radar,715,142,9,1,867,0,0,0,0,0,715,142,9,1,867,0,0,0,867
08/09/2021,DTW,MI,AGL,CE,Towers with Radar,719,142,21,1,883,0,0,3,1,4,719,142,24,2,887,0,0,0,887
08/10/2021,DTW,MI,AGL,CE,Towers with Radar,682,129,15,2,828,0,0,2,2,4,682,129,17,4,832,0,0,0,832
08/11/2021,DTW,MI,AGL,CE,Towers with Radar,661,125,9,0,795,0,0,3,0,3,661,125,12,0,798,0,0,0,798
08/12/2021,DTW,MI,AGL,CE,Towers with Radar,730,143,18,0,891,0,0,2,0,2,730,143,20,0,893,0,0,0,893
08/13/2021,DTW,MI,AGL,CE,Towers with Radar,735,141,11,0,887,0,0,10,0,10,735,141,21,0,897,0,0,0,897
08/14/2021,DTW,MI,AGL,CE,Towers with Radar,650,124,9,0,783,0,0,0,0,0,650,124,9,0,783,0,0,0,783
08/15/2021,DTW,MI,AGL,CE,Towers with Radar,707,134,13,0,854,0,0,0,0,0,707,134,13,0,854,0,0,0,854
08/16/2021,DTW,MI,AGL,CE,Towers with Radar,726,155,8,0,889,0,0,2,0,2,726,155,10,0,891,0,0,0,891
08/17/2021,DTW,MI,AGL,CE,Towers with Radar,675,115,11,0,801,0,2,6,0,8,675,117,17,0,809,0,0,0,809
08/18/2021,DTW,MI,AGL,CE,Towers with Radar,675,134,10,0,819,0,0,7,0,7,675,134,17,0,826,0,0,0,826
08/19/2021,DTW,MI,AGL,CE,Towers with Radar,732,141,16,0,889,0,0,5,0,5,732,141,21,0,894,0,0,0,894
08/20/2021,DTW,MI,AGL,CE,Towers with Radar,744,136,14,0,894,0,0,13,0,13,744,136,27,0,907,0,0,0,907
08/21/2021,DTW,MI,AGL,CE,Towers with Radar,662,126,6,0,794,0,0,0,0,0,662,126,6,0,794,0,0,0,794
08/22/2021,DTW,MI,AGL,CE,Towers with Radar,698,136,5,0,839,0,0,0,0,0,698,136,5,0,839,0,0,0,839
08/23/2021,DTW,MI,AGL,CE,Towers with Radar,730,153,8,0,891,0,0,6,0,6,730,153,14,0,897,0,0,0,897
08/24/2021,DTW,MI,AGL,CE,Towers with Radar,673,129,9,0,811,0,1,6,0,7,673,130,15,0,818,0,0,0,818
08/25/2021,DTW,MI,AGL,CE,Towers with Radar,685,134,19,0,838,0,0,4,0,4,685,134,23,0,842,0,0,0,842
08/26/2021,DTW,MI,AGL,CE,Towers with Radar,744,155,8,0,907,0,0,8,0,8,744,155,16,0,915,0,0,0,915
08/27/2021,DTW,MI,AGL,CE,Towers with Radar,739,149,28,0,916,0,0,6,0,6,739,149,34,0,922,0,0,0,922
08/28/2021,DTW,MI,AGL,CE,Towers with Radar,668,128,5,0,801,0,0,0,0,0,668,128,5,0,801,0,0,0,801
08/29/2021,DTW,MI,AGL,CE,Towers with Radar,678,144,12,0,834,0,0,0,0,0,678,144,12,0,834,0,0,0,834
08/30/2021,DTW,MI,AGL,CE,Towers with Radar,762,150,14,0,926,0,0,8,0,8,762,150,22,0,934,0,0,0,934
08/31/2021,DTW,MI,AGL,CE,Towers with Radar,679,118,20,0,817,0,0,6,0,6,679,118,26,0,823,0,0,0,823
09/01/2021,DTW,MI,AGL,CE,Towers with Radar,679,124,19,0,822,0,0,4,0,4,679,124,23,0,826,0,0,0,826
09/02/2021,DTW,MI,AGL,CE,Towers with Radar,734,141,12,0,887,0,0,12,0,12,734,141,24,0,899,0,0,0,899
09/03/2021,DTW,MI,AGL,CE,Towers with Radar,738,146,12,0,896,0,0,10,0,10,738,146,22,0,906,0,0,0,906
09/04/2021,DTW,MI,AGL,CE,Towers with Radar,644,115,12,0,771,0,0,8,0,8,644,115,20,0,779,0,0,0,779
09/05/2021,DTW,MI,AGL,CE,Towers with Radar,624,112,3,0,739,0,0,2,0,2,624,112,5,0,741,0,0,0,741
09/06/2021,DTW,MI,AGL,CE,Towers with Radar,668,133,5,0,806,0,0,1,0,1,668,133,6,0,807,0,0,0,807
09/07/2021,DTW,MI,AGL,CE,Towers with Radar,647,115,10,0,772,0,0,5,0,5,647,115,15,0,777,0,0,0,777
09/08/2021,DTW,MI,AGL,CE,Towers with Radar,646,123,17,0,786,0,0,7,0,7,646,123,24,0,793,0,0,0,793
09/09/2021,DTW,MI,AGL,CE,Towers with Radar,700,132,19,0,851,0,0,4,0,4,700,132,23,0,855,0,0,0,855
09/10/2021,DTW,MI,AGL,CE,Towers with Radar,697,131,20,0,848,0,0,10,2,12,697,131,30,2,860,0,0,0,860
09/11/2021,DTW,MI,AGL,CE,Towers with Radar,627,122,6,0,755,0,0,1,0,1,627,122,7,0,756,0,0,0,756
09/12/2021,DTW,MI,AGL,CE,Towers with Radar,721,133,9,0,863,0,0,2,0,2,721,133,11,0,865,0,0,0,865
09/13/2021,DTW,MI,AGL,CE,Towers with Radar,751,136,16,0,903,0,0,8,0,8,751,136,24,0,911,0,0,0,911
09/14/2021,DTW,MI,AGL,CE,Towers with Radar,679,120,19,0,818,0,0,0,0,0,679,120,19,0,818,0,0,0,818
09/15/2021,DTW,MI,AGL,CE,Towers with Radar,706,125,10,0,841,0,0,5,0,5,706,125,15,0,846,0,0,0,846
09/16/2021,DTW,MI,AGL,CE,Towers with Radar,760,129,8,0,897,0,0,11,1,12,760,129,19,1,909,0,0,0,909
09/17/2021,DTW,MI,AGL,CE,Towers with Radar,770,124,10,0,904,0,0,7,0,7,770,124,17,0,911,0,0,0,911
09/18/2021,DTW,MI,AGL,CE,Towers with Radar,657,103,8,0,768,0,0,1,0,1,657,103,9,0,769,0,0,0,769
09/19/2021,DTW,MI,AGL,CE,Towers with Radar,750,121,14,0,885,0,0,4,0,4,750,121,18,0,889,0,0,0,889
09/20/2021,DTW,MI,AGL,CE,Towers with Radar,757,136,16,0,909,0,0,5,0,5,757,136,21,0,914,0,0,0,914
09/21/2021,DTW,MI,AGL,CE,Towers with Radar,696,123,10,0,829,0,0,0,0,0,696,123,10,0,829,0,0,0,829
09/22/2021,DTW,MI,AGL,CE,Towers with Radar,697,140,15,0,852,0,0,0,0,0,697,140,15,0,852,0,0,0,852
09/23/2021,DTW,MI,AGL,CE,Towers with Radar,749,137,6,0,892,0,0,0,0,0,749,137,6,0,892,0,0,0,892
09/24/2021,DTW,MI,AGL,CE,Towers with Radar,783,139,11,2,935,0,0,12,0,12,783,139,23,2,947,0,0,0,947
09/25/2021,DTW,MI,AGL,CE,Towers with Radar,659,122,10,0,791,0,0,3,0,3,659,122,13,0,794,0,0,0,794
09/26/2021,DTW,MI,AGL,CE,Towers with Radar,757,128,22,0,907,0,0,4,0,4,757,128,26,0,911,0,0,0,911
09/27/2021,DTW,MI,AGL,CE,Towers with Radar,752,137,17,0,906,0,0,0,0,0,752,137,17,0,906,0,0,0,906
09/28/2021,DTW,MI,AGL,CE,Towers with Radar,688,124,10,0,822,0,0,7,0,7,688,124,17,0,829,0,0,0,829
09/29/2021,DTW,MI,AGL,CE,Towers with Radar,692,127,13,0,832,0,2,8,0,10,692,129,21,0,842,0,0,0,842
09/30/2021,DTW,MI,AGL,CE,Towers with Radar,774,132,18,0,924,0,0,3,0,3,774,132,21,0,927,0,0,0,927
10/01/2021,DTW,MI,AGL,CE,Towers with Radar,763,136,15,0,914,0,0,12,0,12,763,136,27,0,926,0,0,0,926
10/02/2021,DTW,MI,AGL,CE,Towers with Radar,663,109,3,0,775,0,0,0,0,0,663,109,3,0,775,0,0,0,775
10/03/2021,DTW,MI,AGL,CE,Towers with Radar,741,123,26,0,890,0,0,0,0,0,741,123,26,0,890,0,0,0,890
10/04/2021,DTW,MI,AGL,CE,Towers with Radar,755,123,19,2,899,0,0,2,0,2,755,123,21,2,901,0,0,0,901
10/05/2021,DTW,MI,AGL,CE,Towers with Radar,694,114,15,0,823,0,0,0,0,0,694,114,15,0,823,0,0,0,823
10/06/2021,DTW,MI,AGL,CE,Towers with Radar,679,114,16,2,811,0,0,4,0,4,679,114,20,2,815,0,0,0,815
10/07/2021,DTW,MI,AGL,CE,Towers with Radar,765,117,20,0,902,0,0,6,0,6,765,117,26,0,908,0,0,0,908
10/08/2021,DTW,MI,AGL,CE,Towers with Radar,751,117,10,0,878,0,0,9,0,9,751,117,19,0,887,0,0,0,887
10/09/2021,DTW,MI,AGL,CE,Towers with Radar,641,98,8,0,747,0,0,4,0,4,641,98,12,0,751,0,0,0,751
10/10/2021,DTW,MI,AGL,CE,Towers with Radar,739,120,10,0,869,0,0,0,0,0,739,120,10,0,869,0,0,0,869
10/11/2021,DTW,MI,AGL,CE,Towers with Radar,752,117,16,0,885,0,0,6,0,6,752,117,22,0,891,0,0,0,891
10/12/2021,DTW,MI,AGL,CE,Towers with Radar,694,108,9,0,811,0,0,6,0,6,694,108,15,0,817,0,0,0,817
10/13/2021,DTW,MI,AGL,CE,Towers with Radar,684,113,9,0,806,0,0,11,0,11,684,113,20,0,817,0,0,0,817
10/14/2021,DTW,MI,AGL,CE,Towers with Radar,767,117,21,0,905,0,0,6,0,6,767,117,27,0,911,0,0,0,911
10/15/2021,DTW,MI,AGL,CE,Towers with Radar,757,111,25,0,893,0,0,2,0,2,757,111,27,0,895,0,0,0,895
10/16/2021,DTW,MI,AGL,CE,Towers with Radar,661,89,6,0,756,0,0,2,0,2,661,89,8,0,758,0,0,0,758
10/17/2021,DTW,MI,AGL,CE,Towers with Radar,737,108,18,0,863,0,0,4,0,4,737,108,22,0,867,0,0,0,867
10/18/2021,DTW,MI,AGL,CE,Towers with Radar,757,107,12,0,876,0,0,11,0,11,757,107,23,0,887,0,0,0,887
10/19/2021,DTW,MI,AGL,CE,Towers with Radar,697,92,9,0,798,0,0,10,0,10,697,92,19,0,808,0,0,0,808
10/20/2021,DTW,MI,AGL,CE,Towers with Radar,690,106,9,0,805,0,0,6,0,6,690,106,15,0,811,0,0,0,811
10/21/2021,DTW,MI,AGL,CE,Towers with Radar,712,103,19,0,834,0,0,10,0,10,712,103,29,0,844,0,0,0,844
10/22/2021,DTW,MI,AGL,CE,Towers with Radar,719,116,11,0,846,0,0,10,0,10,719,116,21,0,856,0,0,0,856
10/23/2021,DTW,MI,AGL,CE,Towers with Radar,654,90,8,0,752,0,0,2,0,2,654,90,10,0,754,0,0,0,754
10/24/2021,DTW,MI,AGL,CE,Towers with Radar,725,124,9,2,860,0,0,0,0,0,725,124,9,2,860,0,0,0,860
10/25/2021,DTW,MI,AGL,CE,Towers with Radar,726,121,17,0,864,0,0,0,0,0,726,121,17,0,864,0,0,0,864
10/26/2021,DTW,MI,AGL,CE,Towers with Radar,699,105,17,0,821,0,0,17,0,17,699,105,34,0,838,0,0,0,838
10/27/2021,DTW,MI,AGL,CE,Towers with Radar,690,111,20,0,821,0,0,11,0,11,690,111,31,0,832,0,0,0,832
10/28/2021,DTW,MI,AGL,CE,Towers with Radar,754,114,11,0,879,0,0,16,0,16,754,114,27,0,895,0,0,0,895
10/29/2021,DTW,MI,AGL,CE,Towers with Radar,769,115,11,0,895,0,0,0,0,0,769,115,11,0,895,0,0,0,895
10/30/2021,DTW,MI,AGL,CE,Towers with Radar,647,88,4,0,739,0,0,0,0,0,647,88,4,0,739,0,0,0,739
10/31/2021,DTW,MI,AGL,CE,Towers with Radar,586,104,10,0,700,0,0,1,0,1,586,104,11,0,701,0,0,0,701
11/01/2021,DTW,MI,AGL,CE,Towers with Radar,737,122,8,0,867,0,0,12,0,12,737,122,20,0,879,0,0,0,879
11/02/2021,DTW,MI,AGL,CE,Towers with Radar,694,107,7,0,808,0,0,2,0,2,694,107,9,0,810,0,0,0,810
11/03/2021,DTW,MI,AGL,CE,Towers with Radar,717,104,14,0,835,0,0,0,1,1,717,104,14,1,836,0,0,0,836
11/04/2021,DTW,MI,AGL,CE,Towers with Radar,766,126,7,0,899,0,0,4,0,4,766,126,11,0,903,0,0,0,903
11/05/2021,DTW,MI,AGL,CE,Towers with Radar,764,117,22,0,903,0,0,16,0,16,764,117,38,0,919,0,0,0,919
11/06/2021,DTW,MI,AGL,CE,Towers with Radar,641,96,8,0,745,0,0,4,0,4,641,96,12,0,749,0,0,0,749
11/07/2021,DTW,MI,AGL,CE,Towers with Radar,736,110,4,0,850,0,0,2,0,2,736,110,6,0,852,0,0,0,852
11/08/2021,DTW,MI,AGL,CE,Towers with Radar,767,111,9,0,887,0,0,4,0,4,767,111,13,0,891,0,0,0,891
11/09/2021,DTW,MI,AGL,CE,Towers with Radar,717,94,8,0,819,0,0,0,0,0,717,94,8,0,819,0,0,0,819
11/10/2021,DTW,MI,AGL,CE,Towers with Radar,710,103,19,0,832,0,0,7,0,7,710,103,26,0,839,0,0,0,839
11/11/2021,DTW,MI,AGL,CE,Towers with Radar,781,112,4,0,897,0,0,0,0,0,781,112,4,0,897,0,0,0,897
11/12/2021,DTW,MI,AGL,CE,Towers with Radar,777,107,10,0,894,0,0,0,0,0,777,107,10,0,894,0,0,0,894
11/13/2021,DTW,MI,AGL,CE,Towers with Radar,636,82,8,0,726,0,0,0,0,0,636,82,8,0,726,0,0,0,726
11/14/2021,DTW,MI,AGL,CE,Towers with Radar,722,115,10,2,849,0,0,0,0,0,722,115,10,2,849,0,0,0,849
11/15/2021,DTW,MI,AGL,CE,Towers with Radar,778,114,14,0,906,0,0,2,2,4,778,114,16,2,910,0,0,0,910
11/16/2021,DTW,MI,AGL,CE,Towers with Radar,727,99,9,4,839,0,0,4,0,4,727,99,13,4,843,0,0,0,843
11/17/2021,DTW,MI,AGL,CE,Towers with Radar,731,107,7,5,850,0,0,0,2,2,731,107,7,7,852,0,0,0,852
11/18/2021,DTW,MI,AGL,CE,Towers with Radar,789,113,13,1,916,0,0,0,1,1,789,113,13,2,917,0,0,0,917
11/19/2021,DTW,MI,AGL,CE,Towers with Radar,789,114,13,0,916,0,0,2,0,2,789,114,15,0,918,0,0,0,918
11/20/2021,DTW,MI,AGL,CE,Towers with Radar,643,90,10,0,743,0,0,2,0,2,643,90,12,0,745,0,0,0,745
11/21/2021,DTW,MI,AGL,CE,Towers with Radar,746,109,12,0,867,0,0,0,0,0,746,109,12,0,867,0,0,0,867
11/22/2021,DTW,MI,AGL,CE,Towers with Radar,711,95,4,0,810,0,0,4,0,4,711,95,8,0,814,0,0,0,814
11/23/2021,DTW,MI,AGL,CE,Towers with Radar,756,93,3,0,852,0,0,13,0,13,756,93,16,0,865,0,0,0,865
11/24/2021,DTW,MI,AGL,CE,Towers with Radar,796,106,6,0,908,0,0,2,0,2,796,106,8,0,910,0,0,0,910
11/25/2021,DTW,MI,AGL,CE,Towers with Radar,481,74,9,0,564,0,0,0,0,0,481,74,9,0,564,0,0,0,564
11/26/2021,DTW,MI,AGL,CE,Towers with Radar,556,85,8,0,649,0,1,4,0,5,556,86,12,0,654,0,0,0,654
11/27/2021,DTW,MI,AGL,CE,Towers with Radar,683,93,11,0,787,0,0,0,0,0,683,93,11,0,787,0,0,0,787
11/28/2021,DTW,MI,AGL,CE,Towers with Radar,791,132,12,0,935,0,0,0,0,0,791,132,12,0,935,0,0,0,935
11/29/2021,DTW,MI,AGL,CE,Towers with Radar,768,110,12,0,890,0,0,1,0,1,768,110,13,0,891,0,0,0,891
11/30/2021,DTW,MI,AGL,CE,Towers with Radar,763,103,5,0,871,0,0,0,0,0,763,103,5,0,871,0,0,0,871
12/01/2021,DTW,MI,AGL,CE,Towers with Radar,719,105,10,0,834,0,0,0,0,0,719,105,10,0,834,0,0,0,834
12/02/2021,DTW,MI,AGL,CE,Towers with Radar,767,114,15,0,896,0,0,1,0,1,767,114,16,0,897,0,0,0,897
12/03/2021,DTW,MI,AGL,CE,Towers with Radar,776,115,11,0,902,0,0,0,0,0,776,115,11,0,902,0,0,0,902
12/04/2021,DTW,MI,AGL,CE,Towers with Radar,586,87,10,2,685,0,1,1,0,2,586,88,11,2,687,0,0,0,687
12/05/2021,DTW,MI,AGL,CE,Towers with Radar,694,122,15,0,831,0,0,0,0,0,694,122,15,0,831,0,0,0,831
12/06/2021,DTW,MI,AGL,CE,Towers with Radar,736,121,27,0,884,0,0,0,0,0,736,121,27,0,884,0,0,0,884
12/07/2021,DTW,MI,AGL,CE,Towers with Radar,677,119,22,0,818,0,0,2,0,2,677,119,24,0,820,0,0,0,820
12/08/2021,DTW,MI,AGL,CE,Towers with Radar,669,111,25,1,806,0,0,0,0,0,669,111,25,1,806,0,0,0,806
12/09/2021,DTW,MI,AGL,CE,Towers with Radar,746,129,10,2,887,0,0,0,0,0,746,129,10,2,887,0,0,0,887
12/10/2021,DTW,MI,AGL,CE,Towers with Radar,749,116,6,0,871,0,0,2,0,2,749,116,8,0,873,0,0,0,873
12/11/2021,DTW,MI,AGL,CE,Towers with Radar,574,82,3,0,659,0,0,0,0,0,574,82,3,0,659,0,0,0,659
12/12/2021,DTW,MI,AGL,CE,Towers with Radar,705,105,9,0,819,0,0,2,0,2,705,105,11,0,821,0,0,0,821
12/13/2021,DTW,MI,AGL,CE,Towers with Radar,740,114,13,0,867,0,0,4,0,4,740,114,17,0,871,0,0,0,871
12/14/2021,DTW,MI,AGL,CE,Towers with Radar,662,108,10,0,780,0,0,8,0,8,662,108,18,0,788,0,0,0,788
12/15/2021,DTW,MI,AGL,CE,Towers with Radar,664,103,7,0,774,0,2,0,0,2,664,105,7,0,776,0,0,0,776
12/16/2021,DTW,MI,AGL,CE,Towers with Radar,766,122,13,0,901,0,0,1,0,1,766,122,14,0,902,0,0,0,902
12/17/2021,DTW,MI,AGL,CE,Towers with Radar,751,117,7,0,875,0,0,2,0,2,751,117,9,0,877,0,0,0,877
12/18/2021,DTW,MI,AGL,CE,Towers with Radar,624,109,12,0,745,0,0,0,0,0,624,109,12,0,745,0,0,0,745
12/19/2021,DTW,MI,AGL,CE,Towers with Radar,671,128,13,0,812,0,0,1,0,1,671,128,14,0,813,0,0,0,813
12/20/2021,DTW,MI,AGL,CE,Towers with Radar,702,122,8,0,832,0,0,0,0,0,702,122,8,0,832,0,0,0,832
12/21/2021,DTW,MI,AGL,CE,Towers with Radar,722,114,3,0,839,0,0,0,0,0,722,114,3,0,839,0,0,0,839
12/22/2021,DTW,MI,AGL,CE,Towers with Radar,720,125,6,0,851,0,0,0,0,0,720,125,6,0,851,0,0,0,851
12/23/2021,DTW,MI,AGL,CE,Towers with Radar,723,129,6,0,858,0,0,0,1,1,723,129,6,1,859,0,0,0,859
12/24/2021,DTW,MI,AGL,CE,Towers with Radar,506,88,5,0,599,0,0,0,0,0,506,88,5,0,599,0,0,0,599
12/25/2021,DTW,MI,AGL,CE,Towers with Radar,472,83,2,0,557,0,0,0,0,0,472,83,2,0,557,0,0,0,557
12/26/2021,DTW,MI,AGL,CE,Towers with Radar,649,118,7,0,774,0,0,4,0,4,649,118,11,0,778,0,0,0,778
12/27/2021,DTW,MI,AGL,CE,Towers with Radar,653,116,3,0,772,0,0,0,0,0,653,116,3,0,772,0,0,0,772
12/28/2021,DTW,MI,AGL,CE,Towers with Radar,649,104,5,0,758,0,0,0,0,0,649,104,5,0,758,0,0,0,758
12/29/2021,DTW,MI,AGL,CE,Towers with Radar,700,111,6,0,817,0,0,0,0,0,700,111,6,0,817,0,0,0,817
12/30/2021,DTW,MI,AGL,CE,Towers with Radar,685,114,4,0,803,0,0,0,0,0,685,114,4,0,803,0,0,0,803
12/31/2021,DTW,MI,AGL,CE,Towers with Radar,515,78,3,0,596,0,0,0,0,0,515,78,3,0,596,0,0,0,596
01/01/2022,DTW,MI,AGL,CE,Towers with Radar,406,77,2,0,485,0,0,0,0,0,406,77,2,0,485,0,0,0,485
01/02/2022,DTW,MI,AGL,CE,Towers with Radar,590,117,6,1,714,0,0,3,0,3,590,117,9,1,717,0,0,0,717
01/03/2022,DTW,MI,AGL,CE,Towers with Radar,628,111,5,1,745,0,0,5,0,5,628,111,10,1,750,0,0,0,750
01/04/2022,DTW,MI,AGL,CE,Towers with Radar,685,114,15,0,814,0,0,3,0,3,685,114,18,0,817,0,0,0,817
01/05/2022,DTW,MI,AGL,CE,Towers with Radar,620,103,4,0,727,0,0,0,0,0,620,103,4,0,727,0,0,0,727
01/06/2022,DTW,MI,AGL,CE,Towers with Radar,630,103,2,0,735,0,0,0,0,0,630,103,2,0,735,0,0,0,735
01/07/2022,DTW,MI,AGL,CE,Towers with Radar,652,88,5,0,745,0,0,3,0,3,652,88,8,0,748,0,0,0,748
01/08/2022,DTW,MI,AGL,CE,Towers with Radar,536,72,2,0,610,0,0,3,0,3,536,72,5,0,613,0,0,0,613
01/09/2022,DTW,MI,AGL,CE,Towers with Radar,651,94,0,0,745,0,0,3,0,3,651,94,3,0,748,0,0,0,748
01/10/2022,DTW,MI,AGL,CE,Towers with Radar,698,107,0,0,805,0,0,0,0,0,698,107,0,0,805,0,0,0,805
01/11/2022,DTW,MI,AGL,CE,Towers with Radar,652,96,4,0,752,0,0,1,0,1,652,96,5,0,753,0,0,0,753
01/12/2022,DTW,MI,AGL,CE,Towers with Radar,660,95,4,0,759,0,0,2,2,4,660,95,6,2,763,0,0,0,763
01/13/2022,DTW,MI,AGL,CE,Towers with Radar,720,101,8,0,829,0,0,0,0,0,720,101,8,0,829,0,0,0,829
01/14/2022,DTW,MI,AGL,CE,Towers with Radar,717,104,3,0,824,0,0,2,0,2,717,104,5,0,826,0,0,0,826
01/15/2022,DTW,MI,AGL,CE,Towers with Radar,538,73,2,0,613,0,0,6,0,6,538,73,8,0,619,0,0,0,619
01/16/2022,DTW,MI,AGL,CE,Towers with Radar,516,81,7,0,604,0,0,12,0,12,516,81,19,0,616,0,0,0,616
01/17/2022,DTW,MI,AGL,CE,Towers with Radar,670,106,4,0,780,0,0,4,0,4,670,106,8,0,784,0,0,0,784
01/18/2022,DTW,MI,AGL,CE,Towers with Radar,649,88,11,0,748,0,0,0,0,0,649,88,11,0,748,0,0,0,748
01/19/2022,DTW,MI,AGL,CE,Towers with Radar,655,87,10,0,752,0,0,2,0,2,655,87,12,0,754,0,0,0,754
01/20/2022,DTW,MI,AGL,CE,Towers with Radar,727,111,15,0,853,0,0,0,0,0,727,111,15,0,853,0,0,0,853
01/21/2022,DTW,MI,AGL,CE,Towers with Radar,720,112,9,0,841,0,0,0,0,0,720,112,9,0,841,0,0,0,841
01/22/2022,DTW,MI,AGL,CE,Towers with Radar,555,82,6,0,643,0,0,0,0,0,555,82,6,0,643,0,0,0,643
01/23/2022,DTW,MI,AGL,CE,Towers with Radar,702,103,10,0,815,0,0,0,0,0,702,103,10,0,815,0,0,0,815
01/24/2022,DTW,MI,AGL,CE,Towers with Radar,697,112,12,0,821,0,0,0,0,0,697,112,12,0,821,0,0,0,821
01/25/2022,DTW,MI,AGL,CE,Towers with Radar,672,95,9,0,776,0,0,4,0,4,672,95,13,0,780,0,0,0,780
01/26/2022,DTW,MI,AGL,CE,Towers with Radar,663,101,17,0,781,0,0,4,0,4,663,101,21,0,785,0,0,0,785
01/27/2022,DTW,MI,AGL,CE,Towers with Radar,728,109,10,0,847,0,0,0,0,0,728,109,10,0,847,0,0,0,847
01/28/2022,DTW,MI,AGL,CE,Towers with Radar,716,114,11,0,841,0,0,0,0,0,716,114,11,0,841,0,0,0,841
01/29/2022,DTW,MI,AGL,CE,Towers with Radar,506,74,4,0,584,0,0,2,0,2,506,74,6,0,586,0,0,0,586
01/30/2022,DTW,MI,AGL,CE,Towers with Radar,663,108,9,0,780,0,0,1,0,1,663,108,10,0,781,0,0,0,781
01/31/2022,DTW,MI,AGL,CE,Towers with Radar,721,112,8,0,841,0,0,0,0,0,721,112,8,0,841,0,0,0,841
02/01/2022,DTW,MI,AGL,CE,Towers with Radar,646,84,18,0,748,0,0,0,0,0,646,84,18,0,748,0,0,0,748
02/02/2022,DTW,MI,AGL,CE,Towers with Radar,517,12,6,0,535,0,0,0,0,0,517,12,6,0,535,0,0,0,535
02/03/2022,DTW,MI,AGL,CE,Towers with Radar,514,81,10,0,605,0,0,0,0,0,514,81,10,0,605,0,0,0,605
02/04/2022,DTW,MI,AGL,CE,Towers with Radar,636,99,12,0,747,0,0,2,0,2,636,99,14,0,749,0,0,0,749
02/05/2022,DTW,MI,AGL,CE,Towers with Radar,573,72,4,1,650,0,0,0,0,0,573,72,4,1,650,0,0,0,650
02/06/2022,DTW,MI,AGL,CE,Towers with Radar,681,107,8,0,796,0,1,1,0,2,681,108,9,0,798,0,0,0,798
02/07/2022,DTW,MI,AGL,CE,Towers with Radar,703,112,7,0,822,0,0,0,0,0,703,112,7,0,822,0,0,0,822
02/08/2022,DTW,MI,AGL,CE,Towers with Radar,649,76,10,0,735,0,0,0,0,0,649,76,10,0,735,0,0,0,735
02/09/2022,DTW,MI,AGL,CE,Towers with Radar,658,86,13,0,757,0,0,3,0,3,658,86,16,0,760,0,0,0,760
02/10/2022,DTW,MI,AGL,CE,Towers with Radar,716,106,11,0,833,0,0,0,0,0,716,106,11,0,833,0,0,0,833
02/11/2022,DTW,MI,AGL,CE,Towers with Radar,721,113,5,0,839,0,0,0,0,0,721,113,5,0,839,0,0,0,839
02/12/2022,DTW,MI,AGL,CE,Towers with Radar,533,71,7,2,613,0,0,0,0,0,533,71,7,2,613,0,0,0,613
02/13/2022,DTW,MI,AGL,CE,Towers with Radar,549,74,2,3,628,0,0,0,0,0,549,74,2,3,628,0,0,0,628
02/14/2022,DTW,MI,AGL,CE,Towers with Radar,703,116,8,5,832,0,0,0,0,0,703,116,8,5,832,0,0,0,832
02/15/2022,DTW,MI,AGL,CE,Towers with Radar,661,87,15,0,763,0,1,0,0,1,661,88,15,0,764,0,0,0,764
02/16/2022,DTW,MI,AGL,CE,Towers with Radar,661,94,16,0,771,0,0,0,0,0,661,94,16,0,771,0,0,0,771
02/17/2022,DTW,MI,AGL,CE,Towers with Radar,469,65,11,0,545,0,0,0,0,0,469,65,11,0,545,0,0,0,545
02/18/2022,DTW,MI,AGL,CE,Towers with Radar,684,100,22,0,806,0,0,0,0,0,684,100,22,0,806,0,0,0,806
02/19/2022,DTW,MI,AGL,CE,Towers with Radar,562,72,6,0,640,0,0,4,0,4,562,72,10,0,644,0,0,0,644
02/20/2022,DTW,MI,AGL,CE,Towers with Radar,573,78,10,0,661,0,0,0,0,0,573,78,10,0,661,0,0,0,661
02/21/2022,DTW,MI,AGL,CE,Towers with Radar,716,102,7,0,825,0,0,0,0,0,716,102,7,0,825,0,0,0,825
02/22/2022,DTW,MI,AGL,CE,Towers with Radar,665,81,8,0,754,0,0,0,0,0,665,81,8,0,754,0,0,0,754
02/23/2022,DTW,MI,AGL,CE,Towers with Radar,670,93,9,2,774,0,0,5,0,5,670,93,14,2,779,0,0,0,779
02/24/2022,DTW,MI,AGL,CE,Towers with Radar,683,102,8,1,794,0,0,2,1,3,683,102,10,2,797,0,0,0,797
02/25/2022,DTW,MI,AGL,CE,Towers with Radar,704,97,14,0,815,0,0,4,0,4,704,97,18,0,819,0,0,0,819
02/26/2022,DTW,MI,AGL,CE,Towers with Radar,595,73,9,0,677,0,0,0,0,0,595,73,9,0,677,0,0,0,677
02/27/2022,DTW,MI,AGL,CE,Towers with Radar,692,100,3,0,795,0,0,4,0,4,692,100,7,0,799,0,0,0,799
02/28/2022,DTW,MI,AGL,CE,Towers with Radar,726,105,9,0,840,0,0,3,0,3,726,105,12,0,843,0,0,0,843
03/01/2022,DTW,MI,AGL,CE,Towers with Radar,670,88,9,0,767,0,0,0,0,0,670,88,9,0,767,0,0,0,767
03/02/2022,DTW,MI,AGL,CE,Towers with Radar,665,84,12,0,761,0,0,2,0,2,665,84,14,0,763,0,0,0,763
03/03/2022,DTW,MI,AGL,CE,Towers with Radar,710,98,11,1,820,0,0,2,0,2,710,98,13,1,822,0,0,0,822
03/04/2022,DTW,MI,AGL,CE,Towers with Radar,715,101,4,1,821,0,0,2,0,2,715,101,6,1,823,0,0,0,823
03/05/2022,DTW,MI,AGL,CE,Towers with Radar,561,72,5,0,638,0,0,0,0,0,561,72,5,0,638,0,0,0,638
03/06/2022,DTW,MI,AGL,CE,Towers with Radar,674,98,3,2,777,0,0,0,0,0,674,98,3,2,777,0,0,0,777
03/07/2022,DTW,MI,AGL,CE,Towers with Radar,718,109,13,0,840,0,0,0,0,0,718,109,13,0,840,0,0,0,840
03/08/2022,DTW,MI,AGL,CE,Towers with Radar,691,90,8,0,789,0,0,1,0,1,691,90,9,0,790,0,0,0,790
03/09/2022,DTW,MI,AGL,CE,Towers with Radar,677,103,9,0,789,0,0,0,0,0,677,103,9,0,789,0,0,0,789
03/10/2022,DTW,MI,AGL,CE,Towers with Radar,731,108,14,0,853,0,0,0,0,0,731,108,14,0,853,0,0,0,853
03/11/2022,DTW,MI,AGL,CE,Towers with Radar,718,101,9,0,828,0,0,0,0,0,718,101,9,0,828,0,0,0,828
03/12/2022,DTW,MI,AGL,CE,Towers with Radar,601,83,13,0,697,0,0,4,0,4,601,83,17,0,701,0,0,0,701
03/13/2022,DTW,MI,AGL,CE,Towers with Radar,687,112,8,0,807,0,0,4,0,4,687,112,12,0,811,0,0,0,811
03/14/2022,DTW,MI,AGL,CE,Towers with Radar,738,106,13,0,857,0,0,2,0,2,738,106,15,0,859,0,0,0,859
03/15/2022,DTW,MI,AGL,CE,Towers with Radar,698,103,8,0,809,0,0,0,0,0,698,103,8,0,809,0,0,0,809
03/16/2022,DTW,MI,AGL,CE,Towers with Radar,687,93,19,0,799,0,0,0,0,0,687,93,19,0,799,0,0,0,799
03/17/2022,DTW,MI,AGL,CE,Towers with Radar,736,117,13,0,866,0,0,0,0,0,736,117,13,0,866,0,0,0,866
03/18/2022,DTW,MI,AGL,CE,Towers with Radar,700,106,3,2,811,0,0,2,0,2,700,106,5,2,813,0,0,0,813
03/19/2022,DTW,MI,AGL,CE,Towers with Radar,620,91,17,0,728,0,0,0,0,0,620,91,17,0,728,0,0,0,728
03/20/2022,DTW,MI,AGL,CE,Towers with Radar,709,111,16,1,837,0,0,3,0,3,709,111,19,1,840,0,0,0,840
03/21/2022,DTW,MI,AGL,CE,Towers with Radar,728,107,8,0,843,0,0,0,0,0,728,107,8,0,843,0,0,0,843
03/22/2022,DTW,MI,AGL,CE,Towers with Radar,699,92,15,0,806,0,0,2,0,2,699,92,17,0,808,0,0,0,808
03/23/2022,DTW,MI,AGL,CE,Towers with Radar,699,100,11,0,810,0,0,0,0,0,699,100,11,0,810,0,0,0,810
03/24/2022,DTW,MI,AGL,CE,Towers with Radar,743,107,10,0,860,0,0,0,0,0,743,107,10,0,860,0,0,0,860
03/25/2022,DTW,MI,AGL,CE,Towers with Radar,748,114,4,0,866,0,0,0,0,0,748,114,4,0,866,0,0,0,866
03/26/2022,DTW,MI,AGL,CE,Towers with Radar,628,89,9,1,727,0,0,0,0,0,628,89,9,1,727,0,0,0,727
03/27/2022,DTW,MI,AGL,CE,Towers with Radar,723,97,1,1,822,0,0,1,0,1,723,97,2,1,823,0,0,0,823
03/28/2022,DTW,MI,AGL,CE,Towers with Radar,736,101,10,0,847,0,0,4,1,5,736,101,14,1,852,0,0,0,852
03/29/2022,DTW,MI,AGL,CE,Towers with Radar,710,88,13,1,812,0,0,4,1,5,710,88,17,2,817,0,0,0,817
03/30/2022,DTW,MI,AGL,CE,Towers with Radar,701,87,6,0,794,0,0,0,0,0,701,87,6,0,794,0,0,0,794
03/31/2022,DTW,MI,AGL,CE,Towers with Radar,722,106,13,0,841,0,0,0,0,0,722,106,13,0,841,0,0,0,841
04/01/2022,DTW,MI,AGL,CE,Towers with Radar,735,111,9,0,855,0,0,0,0,0,735,111,9,0,855,0,0,0,855
04/02/2022,DTW,MI,AGL,CE,Towers with Radar,558,87,3,0,648,0,0,0,0,0,558,87,3,0,648,0,0,0,648
04/03/2022,DTW,MI,AGL,CE,Towers with Radar,686,96,8,0,790,0,0,0,0,0,686,96,8,0,790,0,0,0,790
04/04/2022,DTW,MI,AGL,CE,Towers with Radar,718,104,14,0,836,0,0,0,0,0,718,104,14,0,836,0,0,0,836
04/05/2022,DTW,MI,AGL,CE,Towers with Radar,707,91,11,0,809,0,0,0,0,0,707,91,11,0,809,0,0,0,809
04/06/2022,DTW,MI,AGL,CE,Towers with Radar,701,102,17,0,820,0,0,0,0,0,701,102,17,0,820,0,0,0,820
04/07/2022,DTW,MI,AGL,CE,Towers with Radar,705,113,15,2,835,0,0,2,0,2,705,113,17,2,837,0,0,0,837
04/08/2022,DTW,MI,AGL,CE,Towers with Radar,724,110,22,0,856,0,0,0,0,0,724,110,22,0,856,0,0,0,856
04/09/2022,DTW,MI,AGL,CE,Towers with Radar,622,89,11,0,722,0,0,10,0,10,622,89,21,0,732,0,0,0,732
04/10/2022,DTW,MI,AGL,CE,Towers with Radar,701,102,12,0,815,0,0,10,0,10,701,102,22,0,825,0,0,0,825
04/11/2022,DTW,MI,AGL,CE,Towers with Radar,742,93,29,0,864,0,0,2,0,2,742,93,31,0,866,0,0,0,866
04/12/2022,DTW,MI,AGL,CE,Towers with Radar,719,81,14,0,814,0,0,0,0,0,719,81,14,0,814,0,0,0,814
04/13/2022,DTW,MI,AGL,CE,Towers with Radar,724,83,15,0,822,0,0,0,0,0,724,83,15,0,822,0,0,0,822
04/14/2022,DTW,MI,AGL,CE,Towers with Radar,728,93,23,0,844,0,0,0,0,0,728,93,23,0,844,0,0,0,844
04/15/2022,DTW,MI,AGL,CE,Towers with Radar,747,89,9,0,845,0,0,0,0,0,747,89,9,0,845,0,0,0,845
04/16/2022,DTW,MI,AGL,CE,Towers with Radar,649,83,3,0,735,0,0,7,0,7,649,83,10,0,742,0,0,0,742
04/17/2022,DTW,MI,AGL,CE,Towers with Radar,682,88,4,0,774,0,0,2,0,2,682,88,6,0,776,0,0,0,776
04/18/2022,DTW,MI,AGL,CE,Towers with Radar,736,84,7,0,827,0,0,0,0,0,736,84,7,0,827,0,0,0,827
04/19/2022,DTW,MI,AGL,CE,Towers with Radar,725,85,18,0,828,0,0,0,0,0,725,85,18,0,828,0,0,0,828
04/20/2022,DTW,MI,AGL,CE,Towers with Radar,707,105,9,0,821,0,0,2,0,2,707,105,11,0,823,0,0,0,823
04/21/2022,DTW,MI,AGL,CE,Towers with Radar,731,84,14,0,829,0,0,0,0,0,731,84,14,0,829,0,0,0,829
04/22/2022,DTW,MI,AGL,CE,Towers with Radar,739,81,15,0,835,0,0,0,0,0,739,81,15,0,835,0,0,0,835
04/23/2022,DTW,MI,AGL,CE,Towers with Radar,637,76,3,0,716,0,0,0,0,0,637,76,3,0,716,0,0,0,716
04/24/2022,DTW,MI,AGL,CE,Towers with Radar,683,88,9,0,780,0,0,0,0,0,683,88,9,0,780,0,0,0,780
04/25/2022,DTW,MI,AGL,CE,Towers with Radar,718,96,15,0,829,0,0,0,0,0,718,96,15,0,829,0,0,0,829
04/26/2022,DTW,MI,AGL,CE,Towers with Radar,709,86,11,0,806,0,0,0,0,0,709,86,11,0,806,0,0,0,806
04/27/2022,DTW,MI,AGL,CE,Towers with Radar,706,93,9,0,808,1,0,2,0,3,707,93,11,0,811,0,0,0,811
04/28/2022,DTW,MI,AGL,CE,Towers with Radar,738,95,10,0,843,0,0,0,4,4,738,95,10,4,847,0,0,0,847
04/29/2022,DTW,MI,AGL,CE,Towers with Radar,734,84,8,0,826,0,0,2,0,2,734,84,10,0,828,0,0,0,828
04/30/2022,DTW,MI,AGL,CE,Towers with Radar,641,80,13,0,734,0,0,0,0,0,641,80,13,0,734,0,0,0,734
05/01/2022,DTW,MI,AGL,CE,Towers with Radar,699,86,12,0,797,0,0,2,0,2,699,86,14,0,799,0,0,0,799
05/02/2022,DTW,MI,AGL,CE,Towers with Radar,714,90,9,0,813,0,0,0,0,0,714,90,9,0,813,0,0,0,813
05/03/2022,DTW,MI,AGL,CE,Towers with Radar,711,82,25,0,818,0,0,0,0,0,711,82,25,0,818,0,0,0,818
05/04/2022,DTW,MI,AGL,CE,Towers with Radar,713,99,8,0,820,0,0,0,0,0,713,99,8,0,820,0,0,0,820
05/05/2022,DTW,MI,AGL,CE,Towers with Radar,753,90,10,0,853,0,0,2,0,2,753,90,12,0,855,0,0,0,855
05/06/2022,DTW,MI,AGL,CE,Towers with Radar,762,89,8,0,859,0,0,0,2,2,762,89,8,2,861,0,0,0,861
05/07/2022,DTW,MI,AGL,CE,Towers with Radar,626,73,8,0,707,0,0,2,0,2,626,73,10,0,709,0,0,0,709
05/08/2022,DTW,MI,AGL,CE,Towers with Radar,704,91,7,0,802,0,0,0,0,0,704,91,7,0,802,0,0,0,802
05/09/2022,DTW,MI,AGL,CE,Towers with Radar,748,89,14,0,851,0,0,3,0,3,748,89,17,0,854,0,0,0,854
05/10/2022,DTW,MI,AGL,CE,Towers with Radar,697,89,14,0,800,0,0,2,0,2,697,89,16,0,802,0,0,0,802
05/11/2022,DTW,MI,AGL,CE,Towers with Radar,709,100,14,0,823,0,0,3,0,3,709,100,17,0,826,0,0,0,826
05/12/2022,DTW,MI,AGL,CE,Towers with Radar,748,92,15,0,855,0,0,2,0,2,748,92,17,0,857,0,0,0,857
05/13/2022,DTW,MI,AGL,CE,Towers with Radar,738,91,3,0,832,0,0,0,1,1,738,91,3,1,833,0,0,0,833
05/14/2022,DTW,MI,AGL,CE,Towers with Radar,617,80,4,0,701,0,0,3,0,3,617,80,7,0,704,0,0,0,704
05/15/2022,DTW,MI,AGL,CE,Towers with Radar,705,91,6,0,802,0,0,0,0,0,705,91,6,0,802,0,0,0,802
05/16/2022,DTW,MI,AGL,CE,Towers with Radar,730,101,21,0,852,0,0,1,0,1,730,101,22,0,853,0,0,0,853
05/17/2022,DTW,MI,AGL,CE,Towers with Radar,702,100,15,0,817,0,0,0,0,0,702,100,15,0,817,0,0,0,817
05/18/2022,DTW,MI,AGL,CE,Towers with Radar,714,100,19,0,833,0,0,2,0,2,714,100,21,0,835,0,0,0,835
05/19/2022,DTW,MI,AGL,CE,Towers with Radar,753,101,9,0,863,0,0,0,0,0,753,101,9,0,863,0,0,0,863
05/20/2022,DTW,MI,AGL,CE,Towers with Radar,725,97,12,0,834,0,0,0,0,0,725,97,12,0,834,0,0,0,834
05/21/2022,DTW,MI,AGL,CE,Towers with Radar,596,81,1,0,678,0,0,0,0,0,596,81,1,0,678,0,0,0,678
05/22/2022,DTW,MI,AGL,CE,Towers with Radar,687,98,6,0,791,0,0,0,0,0,687,98,6,0,791,0,0,0,791
05/23/2022,DTW,MI,AGL,CE,Towers with Radar,726,112,4,0,842,0,0,2,0,2,726,112,6,0,844,0,0,0,844
05/24/2022,DTW,MI,AGL,CE,Towers with Radar,699,91,17,0,807,1,0,0,0,1,700,91,17,0,808,0,0,0,808
05/25/2022,DTW,MI,AGL,CE,Towers with Radar,717,95,12,0,824,0,0,0,0,0,717,95,12,0,824,0,0,0,824
05/26/2022,DTW,MI,AGL,CE,Towers with Radar,737,90,10,0,837,0,0,0,0,0,737,90,10,0,837,0,0,0,837
05/27/2022,DTW,MI,AGL,CE,Towers with Radar,725,94,8,0,827,0,0,0,2,2,725,94,8,2,829,0,0,0,829
05/28/2022,DTW,MI,AGL,CE,Towers with Radar,592,66,2,0,660,0,0,3,0,3,592,66,5,0,663,0,0,0,663
05/29/2022,DTW,MI,AGL,CE,Towers with Radar,600,73,6,1,680,0,0,3,0,3,600,73,9,1,683,0,0,0,683
05/30/2022,DTW,MI,AGL,CE,Towers with Radar,700,91,9,1,801,0,0,7,0,7,700,91,16,1,808,0,0,0,808
05/31/2022,DTW,MI,AGL,CE,Towers with Radar,677,88,11,0,776,0,0,2,0,2,677,88,13,0,778,0,0,0,778
06/01/2022,DTW,MI,AGL,CE,Towers with Radar,673,105,18,0,796,0,0,2,0,2,673,105,20,0,798,0,0,0,798
06/02/2022,DTW,MI,AGL,CE,Towers with Radar,729,102,20,2,853,0,0,4,0,4,729,102,24,2,857,0,0,0,857
06/03/2022,DTW,MI,AGL,CE,Towers with Radar,729,99,18,0,846,0,0,0,0,0,729,99,18,0,846,0,0,0,846
06/04/2022,DTW,MI,AGL,CE,Towers with Radar,618,84,5,0,707,0,0,4,0,4,618,84,9,0,711,0,0,0,711
06/05/2022,DTW,MI,AGL,CE,Towers with Radar,720,98,12,0,830,0,0,2,0,2,720,98,14,0,832,0,0,0,832
06/06/2022,DTW,MI,AGL,CE,Towers with Radar,746,97,29,0,872,0,0,4,0,4,746,97,33,0,876,0,0,0,876
06/07/2022,DTW,MI,AGL,CE,Towers with Radar,731,97,37,0,865,0,0,6,0,6,731,97,43,0,871,0,0,0,871
06/08/2022,DTW,MI,AGL,CE,Towers with Radar,717,103,24,1,845,0,0,5,2,7,717,103,29,3,852,0,0,0,852
06/09/2022,DTW,MI,AGL,CE,Towers with Radar,765,103,26,0,894,0,0,6,0,6,765,103,32,0,900,0,0,0,900
06/10/2022,DTW,MI,AGL,CE,Towers with Radar,766,98,13,0,877,0,0,9,0,9,766,98,22,0,886,0,0,0,886
06/11/2022,DTW,MI,AGL,CE,Towers with Radar,634,90,8,0,732,0,0,0,0,0,634,90,8,0,732,0,0,0,732
06/12/2022,DTW,MI,AGL,CE,Towers with Radar,730,96,13,0,839,0,0,11,0,11,730,96,24,0,850,0,0,0,850
06/13/2022,DTW,MI,AGL,CE,Towers with Radar,762,104,10,0,876,0,0,0,0,0,762,104,10,0,876,0,0,0,876
06/14/2022,DTW,MI,AGL,CE,Towers with Radar,727,100,17,0,844,0,0,4,0,4,727,100,21,0,848,0,0,0,848
06/15/2022,DTW,MI,AGL,CE,Towers with Radar,733,97,19,0,849,0,0,1,0,1,733,97,20,0,850,0,0,0,850
06/16/2022,DTW,MI,AGL,CE,Towers with Radar,721,98,22,0,841,1,0,8,0,9,722,98,30,0,850,0,0,0,850
06/17/2022,DTW,MI,AGL,CE,Towers with Radar,721,104,9,3,837,0,0,0,0,0,721,104,9,3,837,0,0,0,837
06/18/2022,DTW,MI,AGL,CE,Towers with Radar,617,85,11,1,714,0,0,4,0,4,617,85,15,1,718,0,0,0,718
06/19/2022,DTW,MI,AGL,CE,Towers with Radar,697,94,6,0,797,0,0,3,0,3,697,94,9,0,800,0,0,0,800
06/20/2022,DTW,MI,AGL,CE,Towers with Radar,744,94,9,0,847,0,0,1,0,1,744,94,10,0,848,0,0,0,848
06/21/2022,DTW,MI,AGL,CE,Towers with Radar,726,93,16,0,835,0,0,2,0,2,726,93,18,0,837,0,0,0,837
06/22/2022,DTW,MI,AGL,CE,Towers with Radar,700,96,4,0,800,0,0,0,0,0,700,96,4,0,800,0,0,0,800
06/23/2022,DTW,MI,AGL,CE,Towers with Radar,748,110,20,0,878,1,0,2,0,3,749,110,22,0,881,0,0,0,881
06/24/2022,DTW,MI,AGL,CE,Towers with Radar,742,93,5,0,840,0,0,7,0,7,742,93,12,0,847,0,0,0,847
06/25/2022,DTW,MI,AGL,CE,Towers with Radar,616,94,2,0,712,0,0,3,0,3,616,94,5,0,715,0,0,0,715
06/26/2022,DTW,MI,AGL,CE,Towers with Radar,701,97,7,0,805,0,0,2,0,2,701,97,9,0,807,0,0,0,807
06/27/2022,DTW,MI,AGL,CE,Towers with Radar,723,96,11,2,832,0,0,3,0,3,723,96,14,2,835,0,0,0,835
06/28/2022,DTW,MI,AGL,CE,Towers with Radar,730,96,13,0,839,0,0,0,0,0,730,96,13,0,839,0,0,0,839
06/29/2022,DTW,MI,AGL,CE,Towers with Radar,724,88,18,0,830,0,0,1,0,1,724,88,19,0,831,0,0,0,831
06/30/2022,DTW,MI,AGL,CE,Towers with Radar,751,102,19,0,872,0,0,7,0,7,751,102,26,0,879,0,0,0,879
07/01/2022,DTW,MI,AGL,CE,Towers with Radar,755,89,5,0,849,0,0,3,0,3,755,89,8,0,852,0,0,0,852
07/02/2022,DTW,MI,AGL,CE,Towers with Radar,648,84,7,0,739,0,0,1,0,1,648,84,8,0,740,0,0,0,740
07/03/2022,DTW,MI,AGL,CE,Towers with Radar,652,82,6,0,740,0,0,1,0,1,652,82,7,0,741,0,0,0,741
07/04/2022,DTW,MI,AGL,CE,Towers with Radar,626,82,0,4,712,0,0,0,0,0,626,82,0,4,712,0,0,0,712
07/05/2022,DTW,MI,AGL,CE,Towers with Radar,700,90,10,0,800,0,0,0,0,0,700,90,10,0,800,0,0,0,800
07/06/2022,DTW,MI,AGL,CE,Towers with Radar,663,93,11,0,767,0,0,11,0,11,663,93,22,0,778,0,0,0,778
07/07/2022,DTW,MI,AGL,CE,Towers with Radar,687,97,10,0,794,0,0,5,0,5,687,97,15,0,799,0,0,0,799
07/08/2022,DTW,MI,AGL,CE,Towers with Radar,685,93,6,0,784,0,0,0,0,0,685,93,6,0,784,0,0,0,784
07/09/2022,DTW,MI,AGL,CE,Towers with Radar,646,89,12,0,747,0,0,8,0,8,646,89,20,0,755,0,0,0,755
07/10/2022,DTW,MI,AGL,CE,Towers with Radar,731,98,7,0,836,0,0,4,0,4,731,98,11,0,840,0,0,0,840
07/11/2022,DTW,MI,AGL,CE,Towers with Radar,743,80,8,0,831,0,0,0,0,0,743,80,8,0,831,0,0,0,831
07/12/2022,DTW,MI,AGL,CE,Towers with Radar,700,85,11,0,796,0,0,2,0,2,700,85,13,0,798,0,0,0,798
07/13/2022,DTW,MI,AGL,CE,Towers with Radar,711,85,7,0,803,0,2,0,1,3,711,87,7,1,806,0,0,0,806
07/14/2022,DTW,MI,AGL,CE,Towers with Radar,756,88,24,0,868,0,0,6,0,6,756,88,30,0,874,0,0,0,874
07/15/2022,DTW,MI,AGL,CE,Towers with Radar,752,96,23,0,871,0,0,2,0,2,752,96,25,0,873,0,0,0,873
07/16/2022,DTW,MI,AGL,CE,Towers with Radar,622,84,11,0,717,0,0,6,0,6,622,84,17,0,723,0,0,0,723
07/17/2022,DTW,MI,AGL,CE,Towers with Radar,707,90,16,0,813,0,0,2,0,2,707,90,18,0,815,0,0,0,815
07/18/2022,DTW,MI,AGL,CE,Towers with Radar,727,93,12,0,832,0,0,2,0,2,727,93,14,0,834,0,0,0,834
07/19/2022,DTW,MI,AGL,CE,Towers with Radar,708,88,16,0,812,0,0,6,0,6,708,88,22,0,818,0,0,0,818
07/20/2022,DTW,MI,AGL,CE,Towers with Radar,701,91,21,3,816,0,0,4,0,4,701,91,25,3,820,0,0,0,820
07/21/2022,DTW,MI,AGL,CE,Towers with Radar,741,86,23,1,851,0,0,0,0,0,741,86,23,1,851,0,0,0,851
07/22/2022,DTW,MI,AGL,CE,Towers with Radar,757,99,13,0,869,0,0,6,0,6,757,99,19,0,875,0,0,0,875
07/23/2022,DTW,MI,AGL,CE,Towers with Radar,606,80,7,0,693,0,0,1,0,1,606,80,8,0,694,0,0,0,694
07/24/2022,DTW,MI,AGL,CE,Towers with Radar,703,96,12,0,811,0,0,0,0,0,703,96,12,0,811,0,0,0,811
07/25/2022,DTW,MI,AGL,CE,Towers with Radar,733,99,15,0,847,0,0,0,5,5,733,99,15,5,852,0,0,0,852
07/26/2022,DTW,MI,AGL,CE,Towers with Radar,711,98,19,0,828,0,0,0,0,0,711,98,19,0,828,0,0,0,828
07/27/2022,DTW,MI,AGL,CE,Towers with Radar,704,103,24,0,831,0,0,5,0,5,704,103,29,0,836,0,0,0,836
07/28/2022,DTW,MI,AGL,CE,Towers with Radar,746,98,20,0,864,0,0,2,0,2,746,98,22,0,866,0,0,0,866
07/29/2022,DTW,MI,AGL,CE,Towers with Radar,754,104,19,0,877,0,0,8,0,8,754,104,27,0,885,0,0,0,885
07/30/2022,DTW,MI,AGL,CE,Towers with Radar,602,84,8,0,694,0,0,3,0,3,602,84,11,0,697,0,0,0,697
07/31/2022,DTW,MI,AGL,CE,Towers with Radar,700,108,19,0,827,0,0,3,0,3,700,108,22,0,830,0,0,0,830
08/01/2022,DTW,MI,AGL,CE,Towers with Radar,738,88,13,0,839,0,0,5,0,5,738,88,18,0,844,0,0,0,844
08/02/2022,DTW,MI,AGL,CE,Towers with Radar,711,89,13,0,813,0,1,4,0,5,711,90,17,0,818,0,0,0,818
08/03/2022,DTW,MI,AGL,CE,Towers with Radar,664,77,17,0,758,0,0,0,0,0,664,77,17,0,758,0,0,0,758
08/04/2022,DTW,MI,AGL,CE,Towers with Radar,726,91,12,0,829,0,0,0,0,0,726,91,12,0,829,0,0,0,829
08/05/2022,DTW,MI,AGL,CE,Towers with Radar,709,91,10,0,810,0,0,0,0,0,709,91,10,0,810,0,0,0,810
08/06/2022,DTW,MI,AGL,CE,Towers with Radar,603,79,7,0,689,0,0,1,1,2,603,79,8,1,691,0,0,0,691
08/07/2022,DTW,MI,AGL,CE,Towers with Radar,692,77,13,0,782,0,0,8,0,8,692,77,21,0,790,0,0,0,790
08/08/2022,DTW,MI,AGL,CE,Towers with Radar,748,81,17,0,846,0,0,0,0,0,748,81,17,0,846,0,0,0,846
08/09/2022,DTW,MI,AGL,CE,Towers with Radar,707,82,16,1,806,0,0,18,0,18,707,82,34,1,824,0,0,0,824
08/10/2022,DTW,MI,AGL,CE,Towers with Radar,690,84,16,0,790,0,2,2,0,4,690,86,18,0,794,0,0,0,794
08/11/2022,DTW,MI,AGL,CE,Towers with Radar,757,84,15,0,856,0,0,0,0,0,757,84,15,0,856,0,0,0,856
08/12/2022,DTW,MI,AGL,CE,Towers with Radar,748,84,6,1,839,0,0,0,0,0,748,84,6,1,839,0,0,0,839
08/13/2022,DTW,MI,AGL,CE,Towers with Radar,617,77,9,0,703,0,0,0,1,1,617,77,9,1,704,0,0,0,704
08/14/2022,DTW,MI,AGL,CE,Towers with Radar,710,86,16,0,812,0,0,7,0,7,710,86,23,0,819,0,0,0,819
08/15/2022,DTW,MI,AGL,CE,Towers with Radar,725,87,23,2,837,0,0,0,0,0,725,87,23,2,837,0,0,0,837
08/16/2022,DTW,MI,AGL,CE,Towers with Radar,700,91,14,0,805,0,0,0,2,2,700,91,14,2,807,0,0,0,807
08/17/2022,DTW,MI,AGL,CE,Towers with Radar,693,91,13,0,797,0,0,11,0,11,693,91,24,0,808,0,0,0,808
08/18/2022,DTW,MI,AGL,CE,Towers with Radar,750,80,13,0,843,0,0,0,2,2,750,80,13,2,845,0,0,0,845
08/19/2022,DTW,MI,AGL,CE,Towers with Radar,734,89,14,0,837,1,0,2,0,3,735,89,16,0,840,0,0,0,840
08/20/2022,DTW,MI,AGL,CE,Towers with Radar,612,82,2,0,696,0,0,4,0,4,612,82,6,0,700,0,0,0,700
08/21/2022,DTW,MI,AGL,CE,Towers with Radar,693,78,6,0,777,0,0,0,0,0,693,78,6,0,777,0,0,0,777
08/22/2022,DTW,MI,AGL,CE,Towers with Radar,711,87,6,0,804,0,0,2,0,2,711,87,8,0,806,0,0,0,806
08/23/2022,DTW,MI,AGL,CE,Towers with Radar,692,89,6,0,787,0,0,1,0,1,692,89,7,0,788,0,0,0,788
08/24/2022,DTW,MI,AGL,CE,Towers with Radar,690,92,19,0,801,0,0,2,0,2,690,92,21,0,803,0,0,0,803
08/25/2022,DTW,MI,AGL,CE,Towers with Radar,750,95,14,0,859,0,0,1,0,1,750,95,15,0,860,0,0,0,860
08/26/2022,DTW,MI,AGL,CE,Towers with Radar,743,98,9,0,850,0,0,0,1,1,743,98,9,1,851,0,0,0,851
08/27/2022,DTW,MI,AGL,CE,Towers with Radar,603,77,15,2,697,0,0,13,0,13,603,77,28,2,710,0,0,0,710
08/28/2022,DTW,MI,AGL,CE,Towers with Radar,702,92,3,0,797,0,0,8,0,8,702,92,11,0,805,0,0,0,805
08/29/2022,DTW,MI,AGL,CE,Towers with Radar,716,80,13,0,809,0,0,1,0,1,716,80,14,0,810,0,0,0,810
08/30/2022,DTW,MI,AGL,CE,Towers with Radar,687,88,8,0,783,0,0,1,0,1,687,88,9,0,784,0,0,0,784
08/31/2022,DTW,MI,AGL,CE,Towers with Radar,700,92,5,0,797,0,0,2,0,2,700,92,7,0,799,0,0,0,799
09/01/2022,DTW,MI,AGL,CE,Towers with Radar,754,91,18,0,863,0,0,2,0,2,754,91,20,0,865,0,0,0,865
09/02/2022,DTW,MI,AGL,CE,Towers with Radar,753,80,7,0,840,0,0,2,0,2,753,80,9,0,842,0,0,0,842
09/03/2022,DTW,MI,AGL,CE,Towers with Radar,578,74,2,0,654,0,0,0,0,0,578,74,2,0,654,0,0,0,654
09/04/2022,DTW,MI,AGL,CE,Towers with Radar,598,77,4,0,679,0,0,2,0,2,598,77,6,0,681,0,0,0,681
09/05/2022,DTW,MI,AGL,CE,Towers with Radar,715,89,11,0,815,0,0,0,0,0,715,89,11,0,815,0,0,0,815
09/06/2022,DTW,MI,AGL,CE,Towers with Radar,657,88,10,0,755,0,0,0,0,0,657,88,10,0,755,0,0,0,755
09/07/2022,DTW,MI,AGL,CE,Towers with Radar,650,81,19,0,750,0,1,0,0,1,650,82,19,0,751,0,0,0,751
09/08/2022,DTW,MI,AGL,CE,Towers with Radar,687,81,12,0,780,0,0,19,0,19,687,81,31,0,799,0,0,0,799
09/09/2022,DTW,MI,AGL,CE,Towers with Radar,681,82,5,0,768,0,0,4,0,4,681,82,9,0,772,0,0,0,772
09/10/2022,DTW,MI,AGL,CE,Towers with Radar,599,72,7,0,678,0,0,0,0,0,599,72,7,0,678,0,0,0,678
09/11/2022,DTW,MI,AGL,CE,Towers with Radar,701,92,14,2,809,0,0,4,0,4,701,92,18,2,813,0,0,0,813
09/12/2022,DTW,MI,AGL,CE,Towers with Radar,710,92,12,0,814,0,0,0,2,2,710,92,12,2,816,0,0,0,816
09/13/2022,DTW,MI,AGL,CE,Towers with Radar,688,78,15,2,783,0,0,1,0,1,688,78,16,2,784,0,0,0,784
09/14/2022,DTW,MI,AGL,CE,Towers with Radar,680,79,14,4,777,0,0,0,3,3,680,79,14,7,780,0,0,0,780
09/15/2022,DTW,MI,AGL,CE,Towers with Radar,725,94,13,2,834,0,0,4,0,4,725,94,17,2,838,0,0,0,838
09/16/2022,DTW,MI,AGL,CE,Towers with Radar,720,94,15,0,829,0,0,2,0,2,720,94,17,0,831,0,0,0,831
09/17/2022,DTW,MI,AGL,CE,Towers with Radar,590,83,8,0,681,0,0,4,0,4,590,83,12,0,685,0,0,0,685
09/18/2022,DTW,MI,AGL,CE,Towers with Radar,685,89,18,0,792,0,0,1,0,1,685,89,19,0,793,0,0,0,793
09/19/2022,DTW,MI,AGL,CE,Towers with Radar,708,96,20,0,824,0,0,4,0,4,708,96,24,0,828,0,0,0,828
09/20/2022,DTW,MI,AGL,CE,Towers with Radar,676,83,17,0,776,0,0,0,0,0,676,83,17,0,776,0,0,0,776
09/21/2022,DTW,MI,AGL,CE,Towers with Radar,683,80,21,0,784,0,0,1,0,1,683,80,22,0,785,0,0,0,785
09/22/2022,DTW,MI,AGL,CE,Towers with Radar,716,85,20,0,821,0,0,0,0,0,716,85,20,0,821,0,0,0,821
09/23/2022,DTW,MI,AGL,CE,Towers with Radar,723,93,17,0,833,0,0,4,0,4,723,93,21,0,837,0,0,0,837
09/24/2022,DTW,MI,AGL,CE,Towers with Radar,594,79,5,0,678,0,0,3,0,3,594,79,8,0,681,0,0,0,681
09/25/2022,DTW,MI,AGL,CE,Towers with Radar,685,93,17,0,795,0,0,0,0,0,685,93,17,0,795,0,0,0,795
09/26/2022,DTW,MI,AGL,CE,Towers with Radar,703,95,24,0,822,0,0,0,0,0,703,95,24,0,822,0,0,0,822
09/27/2022,DTW,MI,AGL,CE,Towers with Radar,679,82,9,0,770,0,0,0,0,0,679,82,9,0,770,0,0,0,770
09/28/2022,DTW,MI,AGL,CE,Towers with Radar,654,97,7,1,759,0,0,0,0,0,654,97,7,1,759,0,0,0,759
09/29/2022,DTW,MI,AGL,CE,Towers with Radar,691,92,13,0,796,0,0,3,0,3,691,92,16,0,799,0,0,0,799
09/30/2022,DTW,MI,AGL,CE,Towers with Radar,680,87,9,0,776,0,0,0,0,0,680,87,9,0,776,0,0,0,776
10/01/2022,DTW,MI,AGL,CE,Towers with Radar,574,68,13,0,655,0,0,0,0,0,574,68,13,0,655,0,0,0,655
10/02/2022,DTW,MI,AGL,CE,Towers with Radar,672,90,18,0,780,0,0,2,0,2,672,90,20,0,782,0,0,0,782
10/03/2022,DTW,MI,AGL,CE,Towers with Radar,690,90,15,0,795,0,0,5,0,5,690,90,20,0,800,0,0,0,800
10/04/2022,DTW,MI,AGL,CE,Towers with Radar,651,74,18,0,743,0,0,0,0,0,651,74,18,0,743,0,0,0,743
10/05/2022,DTW,MI,AGL,CE,Towers with Radar,655,80,8,0,743,0,1,2,0,3,655,81,10,0,746,0,0,0,746
10/06/2022,DTW,MI,AGL,CE,Towers with Radar,715,100,20,0,835,0,0,2,14,16,715,100,22,14,851,0,0,0,851
10/07/2022,DTW,MI,AGL,CE,Towers with Radar,707,89,11,0,807,0,0,4,0,4,707,89,15,0,811,0,0,0,811
10/08/2022,DTW,MI,AGL,CE,Towers with Radar,573,86,11,0,670,0,1,2,2,5,573,87,13,2,675,0,0,0,675
10/09/2022,DTW,MI,AGL,CE,Towers with Radar,665,93,18,0,776,0,0,0,0,0,665,93,18,0,776,0,0,0,776
10/10/2022,DTW,MI,AGL,CE,Towers with Radar,697,89,5,0,791,0,0,2,3,5,697,89,7,3,796,0,0,0,796
10/11/2022,DTW,MI,AGL,CE,Towers with Radar,656,86,8,0,750,0,0,1,0,1,656,86,9,0,751,0,0,0,751
10/12/2022,DTW,MI,AGL,CE,Towers with Radar,658,89,6,0,753,0,0,1,0,1,658,89,7,0,754,0,0,0,754
10/13/2022,DTW,MI,AGL,CE,Towers with Radar,700,85,12,0,797,0,0,0,0,0,700,85,12,0,797,0,0,0,797
10/14/2022,DTW,MI,AGL,CE,Towers with Radar,716,89,10,1,816,0,0,1,0,1,716,89,11,1,817,0,0,0,817
10/15/2022,DTW,MI,AGL,CE,Towers with Radar,578,79,6,3,666,0,0,1,1,2,578,79,7,4,668,0,0,0,668
10/16/2022,DTW,MI,AGL,CE,Towers with Radar,673,83,11,0,767,0,0,4,0,4,673,83,15,0,771,0,0,0,771
10/17/2022,DTW,MI,AGL,CE,Towers with Radar,690,84,9,0,783,0,0,1,0,1,690,84,10,0,784,0,0,0,784
10/18/2022,DTW,MI,AGL,CE,Towers with Radar,652,89,14,1,756,0,0,0,0,0,652,89,14,1,756,0,0,0,756
10/19/2022,DTW,MI,AGL,CE,Towers with Radar,655,102,24,0,781,0,0,0,0,0,655,102,24,0,781,0,0,0,781
10/20/2022,DTW,MI,AGL,CE,Towers with Radar,699,93,18,1,811,0,0,4,1,5,699,93,22,2,816,0,0,0,816
10/21/2022,DTW,MI,AGL,CE,Towers with Radar,712,87,12,0,811,0,0,3,0,3,712,87,15,0,814,0,0,0,814
10/22/2022,DTW,MI,AGL,CE,Towers with Radar,582,69,5,0,656,0,0,2,0,2,582,69,7,0,658,0,0,0,658
10/23/2022,DTW,MI,AGL,CE,Towers with Radar,671,90,6,0,767,0,0,0,0,0,671,90,6,0,767,0,0,0,767
10/24/2022,DTW,MI,AGL,CE,Towers with Radar,689,86,16,0,791,0,0,0,0,0,689,86,16,0,791,0,0,0,791
10/25/2022,DTW,MI,AGL,CE,Towers with Radar,652,90,13,0,755,0,0,0,0,0,652,90,13,0,755,0,0,0,755
10/26/2022,DTW,MI,AGL,CE,Towers with Radar,663,97,11,0,771,0,0,0,0,0,663,97,11,0,771,0,0,0,771
10/27/2022,DTW,MI,AGL,CE,Towers with Radar,697,100,13,0,810,0,0,2,0,2,697,100,15,0,812,0,0,0,812
10/28/2022,DTW,MI,AGL,CE,Towers with Radar,695,91,17,0,803,0,0,1,0,1,695,91,18,0,804,0,0,0,804
10/29/2022,DTW,MI,AGL,CE,Towers with Radar,577,73,3,0,653,0,0,0,0,0,577,73,3,0,653,0,0,0,653
10/30/2022,DTW,MI,AGL,CE,Towers with Radar,589,90,15,0,694,0,0,4,0,4,589,90,19,0,698,0,0,0,698
10/31/2022,DTW,MI,AGL,CE,Towers with Radar,589,83,16,0,688,0,0,1,0,1,589,83,17,0,689,0,0,0,689
11/01/2022,DTW,MI,AGL,CE,Towers with Radar,657,79,17,0,753,0,0,0,0,0,657,79,17,0,753,0,0,0,753
11/02/2022,DTW,MI,AGL,CE,Towers with Radar,669,83,11,0,763,0,0,0,0,0,669,83,11,0,763,0,0,0,763
11/03/2022,DTW,MI,AGL,CE,Towers with Radar,719,80,14,0,813,0,0,0,0,0,719,80,14,0,813,0,0,0,813
11/04/2022,DTW,MI,AGL,CE,Towers with Radar,720,81,21,0,822,0,0,2,0,2,720,81,23,0,824,0,0,0,824
11/05/2022,DTW,MI,AGL,CE,Towers with Radar,599,71,13,0,683,0,0,0,0,0,599,71,13,0,683,0,0,0,683
11/06/2022,DTW,MI,AGL,CE,Towers with Radar,625,84,10,0,719,0,0,3,0,3,625,84,13,0,722,0,0,0,722
11/07/2022,DTW,MI,AGL,CE,Towers with Radar,625,82,13,0,720,0,0,6,0,6,625,82,19,0,726,0,0,0,726
11/08/2022,DTW,MI,AGL,CE,Towers with Radar,632,76,17,0,725,0,0,3,0,3,632,76,20,0,728,0,0,0,728
11/09/2022,DTW,MI,AGL,CE,Towers with Radar,702,60,17,0,779,0,0,5,0,5,702,60,22,0,784,0,0,0,784
11/10/2022,DTW,MI,AGL,CE,Towers with Radar,728,72,7,0,807,0,0,0,0,0,728,72,7,0,807,0,0,0,807
11/11/2022,DTW,MI,AGL,CE,Towers with Radar,741,75,21,0,837,0,0,2,0,2,741,75,23,0,839,0,0,0,839
11/12/2022,DTW,MI,AGL,CE,Towers with Radar,632,57,3,0,692,0,0,2,0,2,632,57,5,0,694,0,0,0,694
11/13/2022,DTW,MI,AGL,CE,Towers with Radar,726,74,5,0,805,0,0,4,0,4,726,74,9,0,809,0,0,0,809
11/14/2022,DTW,MI,AGL,CE,Towers with Radar,740,76,10,2,828,0,0,0,0,0,740,76,10,2,828,0,0,0,828
11/15/2022,DTW,MI,AGL,CE,Towers with Radar,704,57,11,0,772,1,0,0,0,1,705,57,11,0,773,0,0,0,773
11/16/2022,DTW,MI,AGL,CE,Towers with Radar,708,68,6,0,782,0,0,0,0,0,708,68,6,0,782,0,0,0,782
11/17/2022,DTW,MI,AGL,CE,Towers with Radar,729,70,12,0,811,0,0,0,0,0,729,70,12,0,811,0,0,0,811
11/18/2022,DTW,MI,AGL,CE,Towers with Radar,735,78,8,0,821,0,0,0,0,0,735,78,8,0,821,0,0,0,821
11/19/2022,DTW,MI,AGL,CE,Towers with Radar,630,69,10,0,709,0,0,0,0,0,630,69,10,0,709,0,0,0,709
11/20/2022,DTW,MI,AGL,CE,Towers with Radar,727,72,4,0,803,0,0,2,0,2,727,72,6,0,805,0,0,0,805
11/21/2022,DTW,MI,AGL,CE,Towers with Radar,706,65,4,0,775,0,0,8,0,8,706,65,12,0,783,0,0,0,783
11/22/2022,DTW,MI,AGL,CE,Towers with Radar,702,60,8,0,770,0,0,7,0,7,702,60,15,0,777,0,0,0,777
11/23/2022,DTW,MI,AGL,CE,Towers with Radar,746,67,7,0,820,0,0,2,0,2,746,67,9,0,822,0,0,0,822
11/24/2022,DTW,MI,AGL,CE,Towers with Radar,464,55,5,0,524,0,0,0,0,0,464,55,5,0,524,0,0,0,524
11/25/2022,DTW,MI,AGL,CE,Towers with Radar,585,57,6,0,648,0,0,1,0,1,585,57,7,0,649,0,0,0,649
11/26/2022,DTW,MI,AGL,CE,Towers with Radar,705,62,11,0,778,0,0,0,0,0,705,62,11,0,778,0,0,0,778
11/27/2022,DTW,MI,AGL,CE,Towers with Radar,716,71,6,0,793,0,0,0,0,0,716,71,6,0,793,0,0,0,793
11/28/2022,DTW,MI,AGL,CE,Towers with Radar,734,68,9,0,811,0,0,0,1,1,734,68,9,1,812,0,0,0,812
11/29/2022,DTW,MI,AGL,CE,Towers with Radar,675,61,16,0,752,0,2,0,0,2,675,63,16,0,754,0,0,0,754
11/30/2022,DTW,MI,AGL,CE,Towers with Radar,684,62,8,0,754,0,0,0,0,0,684,62,8,0,754,0,0,0,754
12/01/2022,DTW,MI,AGL,CE,Towers with Radar,724,62,4,0,790,0,0,0,0,0,724,62,4,0,790,0,0,0,790
12/02/2022,DTW,MI,AGL,CE,Towers with Radar,720,60,7,0,787,0,0,0,0,0,720,60,7,0,787,0,0,0,787
12/03/2022,DTW,MI,AGL,CE,Towers with Radar,614,51,2,0,667,0,0,0,0,0,614,51,2,0,667,0,0,0,667
12/04/2022,DTW,MI,AGL,CE,Towers with Radar,710,50,3,0,763,0,0,8,0,8,710,50,11,0,771,0,0,0,771
12/05/2022,DTW,MI,AGL,CE,Towers with Radar,708,57,15,0,780,0,0,9,0,9,708,57,24,0,789,0,0,0,789
12/06/2022,DTW,MI,AGL,CE,Towers with Radar,682,56,11,0,749,0,0,0,0,0,682,56,11,0,749,0,0,0,749
12/07/2022,DTW,MI,AGL,CE,Towers with Radar,690,57,7,0,754,0,0,0,0,0,690,57,7,0,754,0,0,0,754
12/08/2022,DTW,MI,AGL,CE,Towers with Radar,723,55,21,0,799,0,0,0,0,0,723,55,21,0,799,0,0,0,799
12/09/2022,DTW,MI,AGL,CE,Towers with Radar,732,61,20,0,813,0,0,0,0,0,732,61,20,0,813,0,0,0,813
12/10/2022,DTW,MI,AGL,CE,Towers with Radar,614,54,9,0,677,0,0,0,0,0,614,54,9,0,677,0,0,0,677
12/11/2022,DTW,MI,AGL,CE,Towers with Radar,696,60,10,0,766,0,0,0,0,0,696,60,10,0,766,0,0,0,766
12/12/2022,DTW,MI,AGL,CE,Towers with Radar,710,50,23,0,783,0,0,2,0,2,710,50,25,0,785,0,0,0,785
12/13/2022,DTW,MI,AGL,CE,Towers with Radar,665,56,21,0,742,0,0,2,0,2,665,56,23,0,744,0,0,0,744
12/14/2022,DTW,MI,AGL,CE,Towers with Radar,676,55,17,1,749,0,0,0,0,0,676,55,17,1,749,0,0,0,749
12/15/2022,DTW,MI,AGL,CE,Towers with Radar,702,64,17,0,783,0,0,0,0,0,702,64,17,0,783,0,0,0,783
12/16/2022,DTW,MI,AGL,CE,Towers with Radar,712,62,9,0,783,0,0,0,0,0,712,62,9,0,783,0,0,0,783
12/17/2022,DTW,MI,AGL,CE,Towers with Radar,632,52,4,0,688,0,0,4,0,4,632,52,8,0,692,0,0,0,692
12/18/2022,DTW,MI,AGL,CE,Towers with Radar,668,58,6,0,732,0,0,2,0,2,668,58,8,0,734,0,0,0,734
12/19/2022,DTW,MI,AGL,CE,Towers with Radar,674,58,1,0,733,0,0,0,0,0,674,58,1,0,733,0,0,0,733
12/20/2022,DTW,MI,AGL,CE,Towers with Radar,685,61,7,0,753,0,0,2,0,2,685,61,9,0,755,0,0,0,755
12/21/2022,DTW,MI,AGL,CE,Towers with Radar,674,68,6,0,748,0,0,2,0,2,674,68,8,0,750,0,0,0,750
12/22/2022,DTW,MI,AGL,CE,Towers with Radar,663,58,10,0,731,0,0,2,0,2,663,58,12,0,733,0,0,0,733
12/23/2022,DTW,MI,AGL,CE,Towers with Radar,329,11,1,0,341,0,0,0,0,0,329,11,1,0,341,0,0,0,341
12/24/2022,DTW,MI,AGL,CE,Towers with Radar,406,45,10,0,461,0,0,0,0,0,406,45,10,0,461,0,0,0,461
12/25/2022,DTW,MI,AGL,CE,Towers with Radar,418,43,7,0,468,0,0,0,0,0,418,43,7,0,468,0,0,0,468
12/26/2022,DTW,MI,AGL,CE,Towers with Radar,589,52,5,0,646,0,0,0,0,0,589,52,5,0,646,0,0,0,646
12/27/2022,DTW,MI,AGL,CE,Towers with Radar,649,59,8,0,716,0,0,0,0,0,649,59,8,0,716,0,0,0,716
12/28/2022,DTW,MI,AGL,CE,Towers with Radar,663,58,7,0,728,0,0,1,0,1,663,58,8,0,729,0,0,0,729
12/29/2022,DTW,MI,AGL,CE,Towers with Radar,657,66,1,0,724,0,0,0,1,1,657,66,1,1,725,0,0,0,725
12/30/2022,DTW,MI,AGL,CE,Towers with Radar,659,59,4,0,722,0,0,0,0,0,659,59,4,0,722,0,0,0,722
12/31/2022,DTW,MI,AGL,CE,Towers with Radar,539,44,1,0,584,0,0,0,0,0,539,44,1,0,584,0,0,0,584
01/01/2023,DTW,MI,AGL,CE,Towers with Radar,526,61,8,0,595,0,1,0,0,1,526,62,8,0,596,0,0,0,596
01/02/2023,DTW,MI,AGL,CE,Towers with Radar,629,70,4,0,703,0,0,0,0,0,629,70,4,0,703,0,0,0,703
01/03/2023,DTW,MI,AGL,CE,Towers with Radar,664,69,6,1,740,0,0,0,0,0,664,69,6,1,740,0,0,0,740
01/04/2023,DTW,MI,AGL,CE,Towers with Radar,661,70,19,3,753,0,0,0,0,0,661,70,19,3,753,0,0,0,753
01/05/2023,DTW,MI,AGL,CE,Towers with Radar,664,63,17,0,744,0,0,0,0,0,664,63,17,0,744,0,0,0,744
01/06/2023,DTW,MI,AGL,CE,Towers with Radar,669,58,7,0,734,0,0,0,0,0,669,58,7,0,734,0,0,0,734
01/07/2023,DTW,MI,AGL,CE,Towers with Radar,625,56,8,0,689,0,0,0,0,0,625,56,8,0,689,0,0,0,689
01/08/2023,DTW,MI,AGL,CE,Towers with Radar,677,71,8,0,756,0,0,2,0,2,677,71,10,0,758,0,0,0,758
01/09/2023,DTW,MI,AGL,CE,Towers with Radar,718,52,12,0,782,0,0,1,0,1,718,52,13,0,783,0,0,0,783
01/10/2023,DTW,MI,AGL,CE,Towers with Radar,697,42,13,0,752,0,0,0,2,2,697,42,13,2,754,0,0,0,754
01/11/2023,DTW,MI,AGL,CE,Towers with Radar,695,35,13,0,743,0,0,2,0,2,695,35,15,0,745,0,0,0,745
01/12/2023,DTW,MI,AGL,CE,Towers with Radar,722,44,9,0,775,0,0,0,0,0,722,44,9,0,775,0,0,0,775
01/13/2023,DTW,MI,AGL,CE,Towers with Radar,727,54,6,0,787,0,0,0,0,0,727,54,6,0,787,0,0,0,787
01/14/2023,DTW,MI,AGL,CE,Towers with Radar,606,35,10,1,652,0,0,5,0,5,606,35,15,1,657,0,0,0,657
01/15/2023,DTW,MI,AGL,CE,Towers with Radar,628,32,11,1,672,0,0,9,0,9,628,32,20,1,681,0,0,0,681
01/16/2023,DTW,MI,AGL,CE,Towers with Radar,709,49,7,0,765,0,0,0,0,0,709,49,7,0,765,0,0,0,765
01/17/2023,DTW,MI,AGL,CE,Towers with Radar,713,42,5,0,760,0,0,0,0,0,713,42,5,0,760,0,0,0,760
01/18/2023,DTW,MI,AGL,CE,Towers with Radar,712,41,10,0,763,0,0,0,0,0,712,41,10,0,763,0,0,0,763
01/19/2023,DTW,MI,AGL,CE,Towers with Radar,727,44,7,0,778,0,0,0,0,0,727,44,7,0,778,0,0,0,778
01/20/2023,DTW,MI,AGL,CE,Towers with Radar,748,45,8,0,801,0,0,0,0,0,748,45,8,0,801,0,0,0,801
01/21/2023,DTW,MI,AGL,CE,Towers with Radar,621,33,0,0,654,0,0,0,0,0,621,33,0,0,654,0,0,0,654
01/22/2023,DTW,MI,AGL,CE,Towers with Radar,696,44,1,0,741,0,0,0,0,0,696,44,1,0,741,0,0,0,741
01/23/2023,DTW,MI,AGL,CE,Towers with Radar,714,50,6,0,770,0,0,0,0,0,714,50,6,0,770,0,0,0,770
01/24/2023,DTW,MI,AGL,CE,Towers with Radar,717,37,8,0,762,0,0,0,0,0,717,37,8,0,762,0,0,0,762
01/25/2023,DTW,MI,AGL,CE,Towers with Radar,637,31,15,0,683,0,0,0,0,0,637,31,15,0,683,0,0,0,683
01/26/2023,DTW,MI,AGL,CE,Towers with Radar,751,56,15,0,822,0,0,0,0,0,751,56,15,0,822,0,0,0,822
01/27/2023,DTW,MI,AGL,CE,Towers with Radar,748,53,11,1,813,0,0,0,0,0,748,53,11,1,813,0,0,0,813
01/28/2023,DTW,MI,AGL,CE,Towers with Radar,621,47,6,0,674,0,0,0,0,0,621,47,6,0,674,0,0,0,674
01/29/2023,DTW,MI,AGL,CE,Towers with Radar,705,52,8,0,765,0,0,0,0,0,705,52,8,0,765,0,0,0,765
01/30/2023,DTW,MI,AGL,CE,Towers with Radar,718,41,5,0,764,0,0,2,0,2,718,41,7,0,766,0,0,0,766
01/31/2023,DTW,MI,AGL,CE,Towers with Radar,694,51,6,0,751,0,1,2,0,3,694,52,8,0,754,0,0,0,754
02/01/2023,DTW,MI,AGL,CE,Towers with Radar,683,47,6,0,736,0,0,0,0,0,683,47,6,0,736,0,0,0,736
02/02/2023,DTW,MI,AGL,CE,Towers with Radar,723,52,8,0,783,0,0,2,2,4,723,52,10,2,787,0,0,0,787
02/03/2023,DTW,MI,AGL,CE,Towers with Radar,732,47,16,0,795,0,0,0,0,0,732,47,16,0,795,0,0,0,795
02/04/2023,DTW,MI,AGL,CE,Towers with Radar,622,40,7,0,669,0,0,0,0,0,622,40,7,0,669,0,0,0,669
02/05/2023,DTW,MI,AGL,CE,Towers with Radar,714,43,15,0,772,0,0,6,0,6,714,43,21,0,778,0,0,0,778
02/06/2023,DTW,MI,AGL,CE,Towers with Radar,718,45,13,0,776,0,0,1,0,1,718,45,14,0,777,0,0,0,777
02/07/2023,DTW,MI,AGL,CE,Towers with Radar,699,42,13,1,755,0,0,0,0,0,699,42,13,1,755,0,0,0,755
02/08/2023,DTW,MI,AGL,CE,Towers with Radar,720,45,10,1,776,0,0,5,0,5,720,45,15,1,781,0,0,0,781
02/09/2023,DTW,MI,AGL,CE,Towers with Radar,720,52,12,0,784,0,0,0,0,0,720,52,12,0,784,0,0,0,784
02/10/2023,DTW,MI,AGL,CE,Towers with Radar,740,58,10,0,808,0,0,0,0,0,740,58,10,0,808,0,0,0,808
02/11/2023,DTW,MI,AGL,CE,Towers with Radar,643,35,13,0,691,0,0,2,1,3,643,35,15,1,694,0,0,0,694
02/12/2023,DTW,MI,AGL,CE,Towers with Radar,641,41,6,0,688,0,0,0,0,0,641,41,6,0,688,0,0,0,688
02/13/2023,DTW,MI,AGL,CE,Towers with Radar,664,35,10,0,709,0,0,4,0,4,664,35,14,0,713,0,0,0,713
02/14/2023,DTW,MI,AGL,CE,Towers with Radar,671,31,10,0,712,0,1,4,0,5,671,32,14,0,717,0,0,0,717
02/15/2023,DTW,MI,AGL,CE,Towers with Radar,714,42,14,0,770,0,0,0,0,0,714,42,14,0,770,0,0,0,770
02/16/2023,DTW,MI,AGL,CE,Towers with Radar,702,37,9,0,748,0,0,0,0,0,702,37,9,0,748,0,0,0,748
02/17/2023,DTW,MI,AGL,CE,Towers with Radar,737,49,14,0,800,0,0,0,0,0,737,49,14,0,800,0,0,0,800
02/18/2023,DTW,MI,AGL,CE,Towers with Radar,651,37,5,0,693,0,0,0,0,0,651,37,5,0,693,0,0,0,693
02/19/2023,DTW,MI,AGL,CE,Towers with Radar,645,34,2,0,681,0,0,0,0,0,645,34,2,0,681,0,0,0,681
02/20/2023,DTW,MI,AGL,CE,Towers with Radar,728,39,13,0,780,0,0,2,0,2,728,39,15,0,782,0,0,0,782
02/21/2023,DTW,MI,AGL,CE,Towers with Radar,730,37,7,0,774,0,0,0,0,0,730,37,7,0,774,0,0,0,774
02/22/2023,DTW,MI,AGL,CE,Towers with Radar,496,17,8,0,521,0,0,0,0,0,496,17,8,0,521,0,0,0,521
02/23/2023,DTW,MI,AGL,CE,Towers with Radar,695,37,6,0,738,0,0,0,0,0,695,37,6,0,738,0,0,0,738
02/24/2023,DTW,MI,AGL,CE,Towers with Radar,744,42,4,0,790,0,0,0,0,0,744,42,4,0,790,0,0,0,790
02/25/2023,DTW,MI,AGL,CE,Towers with Radar,649,45,6,0,700,0,0,0,0,0,649,45,6,0,700,0,0,0,700
02/26/2023,DTW,MI,AGL,CE,Towers with Radar,731,48,8,0,787,0,0,7,0,7,731,48,15,0,794,0,0,0,794
02/27/2023,DTW,MI,AGL,CE,Towers with Radar,722,33,10,0,765,0,0,0,0,0,722,33,10,0,765,0,0,0,765
02/28/2023,DTW,MI,AGL,CE,Towers with Radar,739,41,13,0,793,0,0,0,0,0,739,41,13,0,793,0,0,0,793
03/01/2023,DTW,MI,AGL,CE,Towers with Radar,734,46,4,0,784,0,0,2,0,2,734,46,6,0,786,0,0,0,786
03/02/2023,DTW,MI,AGL,CE,Towers with Radar,749,40,12,0,801,0,0,2,0,2,749,40,14,0,803,0,0,0,803
03/03/2023,DTW,MI,AGL,CE,Towers with Radar,479,18,6,0,503,0,0,0,0,0,479,18,6,0,503,0,0,0,503
03/04/2023,DTW,MI,AGL,CE,Towers with Radar,610,36,12,0,658,0,0,2,0,2,610,36,14,0,660,0,0,0,660
03/05/2023,DTW,MI,AGL,CE,Towers with Radar,737,39,6,0,782,0,0,5,0,5,737,39,11,0,787,0,0,0,787
03/06/2023,DTW,MI,AGL,CE,Towers with Radar,740,39,9,0,788,0,0,0,0,0,740,39,9,0,788,0,0,0,788
03/07/2023,DTW,MI,AGL,CE,Towers with Radar,725,48,7,0,780,0,0,0,0,0,725,48,7,0,780,0,0,0,780
03/08/2023,DTW,MI,AGL,CE,Towers with Radar,742,56,11,0,809,0,1,0,1,2,742,57,11,1,811,0,0,0,811
03/09/2023,DTW,MI,AGL,CE,Towers with Radar,781,42,13,0,836,0,0,2,0,2,781,42,15,0,838,0,0,0,838
03/10/2023,DTW,MI,AGL,CE,Towers with Radar,771,43,9,0,823,0,0,0,0,0,771,43,9,0,823,0,0,0,823
03/11/2023,DTW,MI,AGL,CE,Towers with Radar,703,34,6,0,743,0,0,0,0,0,703,34,6,0,743,0,0,0,743
03/12/2023,DTW,MI,AGL,CE,Towers with Radar,757,36,6,0,799,0,0,0,0,0,757,36,6,0,799,0,0,0,799
03/13/2023,DTW,MI,AGL,CE,Towers with Radar,781,34,9,0,824,0,0,0,0,0,781,34,9,0,824,0,0,0,824
03/14/2023,DTW,MI,AGL,CE,Towers with Radar,762,28,7,0,797,0,0,2,0,2,762,28,9,0,799,0,0,0,799
03/15/2023,DTW,MI,AGL,CE,Towers with Radar,787,37,15,0,839,0,0,5,0,5,787,37,20,0,844,0,0,0,844
03/16/2023,DTW,MI,AGL,CE,Towers with Radar,803,27,5,1,836,0,0,0,0,0,803,27,5,1,836,0,0,0,836
03/17/2023,DTW,MI,AGL,CE,Towers with Radar,791,30,9,0,830,0,0,0,0,0,791,30,9,0,830,0,0,0,830
03/18/2023,DTW,MI,AGL,CE,Towers with Radar,697,31,9,0,737,0,0,2,0,2,697,31,11,0,739,0,0,0,739
03/19/2023,DTW,MI,AGL,CE,Towers with Radar,775,43,16,0,834,0,0,4,0,4,775,43,20,0,838,0,0,0,838
03/20/2023,DTW,MI,AGL,CE,Towers with Radar,790,30,16,0,836,0,0,0,0,0,790,30,16,0,836,0,0,0,836
03/21/2023,DTW,MI,AGL,CE,Towers with Radar,788,36,10,0,834,0,0,0,0,0,788,36,10,0,834,0,0,0,834
03/22/2023,DTW,MI,AGL,CE,Towers with Radar,798,45,11,0,854,0,0,0,0,0,798,45,11,0,854,0,0,0,854
03/23/2023,DTW,MI,AGL,CE,Towers with Radar,802,40,10,0,852,0,0,0,0,0,802,40,10,0,852,0,0,0,852
03/24/2023,DTW,MI,AGL,CE,Towers with Radar,811,29,4,0,844,0,0,0,0,0,811,29,4,0,844,0,0,0,844
03/25/2023,DTW,MI,AGL,CE,Towers with Radar,727,27,9,0,763,0,0,0,0,0,727,27,9,0,763,0,0,0,763
03/26/2023,DTW,MI,AGL,CE,Towers with Radar,748,36,3,0,787,0,0,2,0,2,748,36,5,0,789,0,0,0,789
03/27/2023,DTW,MI,AGL,CE,Towers with Radar,782,40,5,0,827,0,0,0,0,0,782,40,5,0,827,0,0,0,827
03/28/2023,DTW,MI,AGL,CE,Towers with Radar,782,33,13,0,828,0,0,3,0,3,782,33,16,0,831,0,0,0,831
03/29/2023,DTW,MI,AGL,CE,Towers with Radar,802,29,12,0,843,0,0,0,0,0,802,29,12,0,843,0,0,0,843
03/30/2023,DTW,MI,AGL,CE,Towers with Radar,803,29,13,0,845,0,0,0,0,0,803,29,13,0,845,0,0,0,845
03/31/2023,DTW,MI,AGL,CE,Towers with Radar,775,28,14,0,817,0,0,0,0,0,775,28,14,0,817,0,0,0,817
04/01/2023,DTW,MI,AGL,CE,Towers with Radar,673,23,6,0,702,0,0,0,2,2,673,23,6,2,704,0,0,0,704
04/02/2023,DTW,MI,AGL,CE,Towers with Radar,744,32,10,0,786,0,0,1,0,1,744,32,11,0,787,0,0,0,787
04/03/2023,DTW,MI,AGL,CE,Towers with Radar,790,29,9,0,828,0,0,3,0,3,790,29,12,0,831,0,0,0,831
04/04/2023,DTW,MI,AGL,CE,Towers with Radar,790,20,13,2,825,0,0,0,0,0,790,20,13,2,825,0,0,0,825
04/05/2023,DTW,MI,AGL,CE,Towers with Radar,768,30,17,2,817,0,0,3,0,3,768,30,20,2,820,0,0,0,820
04/06/2023,DTW,MI,AGL,CE,Towers with Radar,797,26,15,0,838,0,0,1,0,1,797,26,16,0,839,0,0,0,839
04/07/2023,DTW,MI,AGL,CE,Towers with Radar,784,27,6,0,817,0,0,0,0,0,784,27,6,0,817,0,0,0,817
04/08/2023,DTW,MI,AGL,CE,Towers with Radar,688,20,10,0,718,0,0,0,0,0,688,20,10,0,718,0,0,0,718
04/09/2023,DTW,MI,AGL,CE,Towers with Radar,759,23,3,0,785,0,0,1,0,1,759,23,4,0,786,0,0,0,786
04/10/2023,DTW,MI,AGL,CE,Towers with Radar,763,33,27,0,823,0,0,2,0,2,763,33,29,0,825,0,0,0,825
04/11/2023,DTW,MI,AGL,CE,Towers with Radar,753,22,14,0,789,0,0,0,0,0,753,22,14,0,789,0,0,0,789
04/12/2023,DTW,MI,AGL,CE,Towers with Radar,763,24,13,0,800,0,0,2,0,2,763,24,15,0,802,0,0,0,802
04/13/2023,DTW,MI,AGL,CE,Towers with Radar,758,29,6,0,793,0,0,0,0,0,758,29,6,0,793,0,0,0,793
04/14/2023,DTW,MI,AGL,CE,Towers with Radar,778,33,17,0,828,0,0,0,0,0,778,33,17,0,828,0,0,0,828
04/15/2023,DTW,MI,AGL,CE,Towers with Radar,672,26,8,0,706,0,0,0,0,0,672,26,8,0,706,0,0,0,706
04/16/2023,DTW,MI,AGL,CE,Towers with Radar,747,32,3,0,782,0,0,0,0,0,747,32,3,0,782,0,0,0,782
04/17/2023,DTW,MI,AGL,CE,Towers with Radar,763,31,17,0,811,0,0,0,0,0,763,31,17,0,811,0,0,0,811
04/18/2023,DTW,MI,AGL,CE,Towers with Radar,756,23,14,0,793,0,0,0,0,0,756,23,14,0,793,0,0,0,793
04/19/2023,DTW,MI,AGL,CE,Towers with Radar,761,26,9,0,796,0,0,3,0,3,761,26,12,0,799,0,0,0,799
04/20/2023,DTW,MI,AGL,CE,Towers with Radar,773,30,21,2,826,0,0,2,0,2,773,30,23,2,828,0,0,0,828
04/21/2023,DTW,MI,AGL,CE,Towers with Radar,782,21,9,0,812,0,0,0,0,0,782,21,9,0,812,0,0,0,812
04/22/2023,DTW,MI,AGL,CE,Towers with Radar,678,21,4,0,703,0,0,4,0,4,678,21,8,0,707,0,0,0,707
04/23/2023,DTW,MI,AGL,CE,Towers with Radar,748,26,7,2,783,0,0,0,0,0,748,26,7,2,783,0,0,0,783
04/24/2023,DTW,MI,AGL,CE,Towers with Radar,763,36,8,0,807,0,0,0,0,0,763,36,8,0,807,0,0,0,807
04/25/2023,DTW,MI,AGL,CE,Towers with Radar,739,29,9,0,777,0,0,0,0,0,739,29,9,0,777,0,0,0,777
04/26/2023,DTW,MI,AGL,CE,Towers with Radar,765,26,11,0,802,0,0,0,0,0,765,26,11,0,802,0,0,0,802
04/27/2023,DTW,MI,AGL,CE,Towers with Radar,770,27,12,0,809,0,0,6,1,7,770,27,18,1,816,0,0,0,816
04/28/2023,DTW,MI,AGL,CE,Towers with Radar,791,25,18,0,834,0,0,0,0,0,791,25,18,0,834,0,0,0,834
04/29/2023,DTW,MI,AGL,CE,Towers with Radar,666,20,11,0,697,0,0,0,0,0,666,20,11,0,697,0,0,0,697
04/30/2023,DTW,MI,AGL,CE,Towers with Radar,729,24,7,0,760,0,0,0,0,0,729,24,7,0,760,0,0,0,760
05/01/2023,DTW,MI,AGL,CE,Towers with Radar,773,19,6,0,798,0,0,0,0,0,773,19,6,0,798,0,0,0,798
05/02/2023,DTW,MI,AGL,CE,Towers with Radar,759,26,8,0,793,0,0,0,0,0,759,26,8,0,793,0,0,0,793
05/03/2023,DTW,MI,AGL,CE,Towers with Radar,770,30,16,0,816,0,0,0,0,0,770,30,16,0,816,0,0,0,816
05/04/2023,DTW,MI,AGL,CE,Towers with Radar,776,28,9,0,813,0,0,0,0,0,776,28,9,0,813,0,0,0,813
05/05/2023,DTW,MI,AGL,CE,Towers with Radar,793,24,6,0,823,0,0,0,0,0,793,24,6,0,823,0,0,0,823
05/06/2023,DTW,MI,AGL,CE,Towers with Radar,688,26,3,0,717,0,1,0,0,1,688,27,3,0,718,0,0,0,718
05/07/2023,DTW,MI,AGL,CE,Towers with Radar,748,19,11,1,779,0,0,3,0,3,748,19,14,1,782,0,0,0,782
05/08/2023,DTW,MI,AGL,CE,Towers with Radar,783,21,5,0,809,0,0,0,0,0,783,21,5,0,809,0,0,0,809
05/09/2023,DTW,MI,AGL,CE,Towers with Radar,759,19,15,0,793,0,2,0,0,2,759,21,15,0,795,0,0,0,795
05/10/2023,DTW,MI,AGL,CE,Towers with Radar,764,29,27,0,820,0,0,2,0,2,764,29,29,0,822,0,0,0,822
05/11/2023,DTW,MI,AGL,CE,Towers with Radar,788,22,15,0,825,0,0,0,0,0,788,22,15,0,825,0,0,0,825
05/12/2023,DTW,MI,AGL,CE,Towers with Radar,799,20,12,0,831,0,0,0,0,0,799,20,12,0,831,0,0,0,831
05/13/2023,DTW,MI,AGL,CE,Towers with Radar,678,13,10,0,701,0,0,1,0,1,678,13,11,0,702,0,0,0,702
05/14/2023,DTW,MI,AGL,CE,Towers with Radar,750,19,7,0,776,0,0,2,0,2,750,19,9,0,778,0,0,0,778
05/15/2023,DTW,MI,AGL,CE,Towers with Radar,787,28,13,0,828,0,0,1,0,1,787,28,14,0,829,0,0,0,829
05/16/2023,DTW,MI,AGL,CE,Towers with Radar,767,17,5,0,789,0,0,0,0,0,767,17,5,0,789,0,0,0,789
05/17/2023,DTW,MI,AGL,CE,Towers with Radar,770,16,17,0,803,0,0,4,0,4,770,16,21,0,807,0,0,0,807
05/18/2023,DTW,MI,AGL,CE,Towers with Radar,800,16,16,0,832,0,0,2,0,2,800,16,18,0,834,0,0,0,834
05/19/2023,DTW,MI,AGL,CE,Towers with Radar,804,21,16,0,841,0,0,0,0,0,804,21,16,0,841,0,0,0,841
05/20/2023,DTW,MI,AGL,CE,Towers with Radar,670,16,7,0,693,0,0,2,0,2,670,16,9,0,695,0,0,0,695
05/21/2023,DTW,MI,AGL,CE,Towers with Radar,757,17,11,0,785,0,0,2,0,2,757,17,13,0,787,0,0,0,787
05/22/2023,DTW,MI,AGL,CE,Towers with Radar,784,26,18,0,828,0,0,2,1,3,784,26,20,1,831,0,0,0,831
05/23/2023,DTW,MI,AGL,CE,Towers with Radar,778,20,17,0,815,0,0,8,1,9,778,20,25,1,824,0,0,0,824
05/24/2023,DTW,MI,AGL,CE,Towers with Radar,769,36,17,0,822,0,0,1,0,1,769,36,18,0,823,0,0,0,823
05/25/2023,DTW,MI,AGL,CE,Towers with Radar,793,30,8,0,831,0,0,2,0,2,793,30,10,0,833,0,0,0,833
05/26/2023,DTW,MI,AGL,CE,Towers with Radar,808,14,5,0,827,0,0,0,0,0,808,14,5,0,827,0,0,0,827
05/27/2023,DTW,MI,AGL,CE,Towers with Radar,681,17,3,0,701,0,0,3,0,3,681,17,6,0,704,0,0,0,704
05/28/2023,DTW,MI,AGL,CE,Towers with Radar,670,12,5,0,687,0,0,3,0,3,670,12,8,0,690,0,0,0,690
05/29/2023,DTW,MI,AGL,CE,Towers with Radar,776,13,5,0,794,0,0,3,0,3,776,13,8,0,797,0,0,0,797
05/30/2023,DTW,MI,AGL,CE,Towers with Radar,761,15,21,0,797,0,0,2,0,2,761,15,23,0,799,0,0,0,799
05/31/2023,DTW,MI,AGL,CE,Towers with Radar,776,24,20,0,820,0,0,4,0,4,776,24,24,0,824,0,0,0,824
06/01/2023,DTW,MI,AGL,CE,Towers with Radar,786,24,20,0,830,0,0,2,0,2,786,24,22,0,832,0,0,0,832
06/02/2023,DTW,MI,AGL,CE,Towers with Radar,814,20,9,0,843,0,0,0,0,0,814,20,9,0,843,0,0,0,843
06/03/2023,DTW,MI,AGL,CE,Towers with Radar,685,17,7,0,709,0,0,0,0,0,685,17,7,0,709,0,0,0,709
06/04/2023,DTW,MI,AGL,CE,Towers with Radar,783,13,20,0,816,0,0,1,0,1,783,13,21,0,817,0,0,0,817
06/05/2023,DTW,MI,AGL,CE,Towers with Radar,815,18,19,0,852,0,0,4,0,4,815,18,23,0,856,0,0,0,856
06/06/2023,DTW,MI,AGL,CE,Towers with Radar,772,19,10,0,801,0,0,4,0,4,772,19,14,0,805,0,0,0,805
06/07/2023,DTW,MI,AGL,CE,Towers with Radar,790,15,12,0,817,0,0,2,0,2,790,15,14,0,819,0,0,0,819
06/08/2023,DTW,MI,AGL,CE,Towers with Radar,805,20,14,0,839,0,1,0,0,1,805,21,14,0,840,0,0,0,840
06/09/2023,DTW,MI,AGL,CE,Towers with Radar,816,24,13,0,853,0,0,3,0,3,816,24,16,0,856,0,0,0,856
06/10/2023,DTW,MI,AGL,CE,Towers with Radar,696,22,13,1,732,0,0,0,0,0,696,22,13,1,732,0,0,0,732
06/11/2023,DTW,MI,AGL,CE,Towers with Radar,765,24,9,0,798,0,0,0,0,0,765,24,9,0,798,0,0,0,798
06/12/2023,DTW,MI,AGL,CE,Towers with Radar,803,20,10,0,833,0,0,4,0,4,803,20,14,0,837,0,0,0,837
06/13/2023,DTW,MI,AGL,CE,Towers with Radar,766,34,17,0,817,0,0,2,0,2,766,34,19,0,819,0,0,0,819
06/14/2023,DTW,MI,AGL,CE,Towers with Radar,782,14,10,1,807,0,0,0,0,0,782,14,10,1,807,0,0,0,807
06/15/2023,DTW,MI,AGL,CE,Towers with Radar,779,17,16,0,812,0,0,0,0,0,779,17,16,0,812,0,0,0,812
06/16/2023,DTW,MI,AGL,CE,Towers with Radar,817,14,21,0,852,0,0,2,0,2,817,14,23,0,854,0,0,0,854
06/17/2023,DTW,MI,AGL,CE,Towers with Radar,692,20,10,0,722,0,0,4,0,4,692,20,14,0,726,0,0,0,726
06/18/2023,DTW,MI,AGL,CE,Towers with Radar,759,17,14,0,790,0,0,3,0,3,759,17,17,0,793,0,0,0,793
06/19/2023,DTW,MI,AGL,CE,Towers with Radar,802,10,25,0,837,0,0,5,0,5,802,10,30,0,842,0,0,0,842
06/20/2023,DTW,MI,AGL,CE,Towers with Radar,764,22,18,0,804,0,0,4,0,4,764,22,22,0,808,0,0,0,808
06/21/2023,DTW,MI,AGL,CE,Towers with Radar,783,13,20,0,816,0,0,1,0,1,783,13,21,0,817,0,0,0,817
06/22/2023,DTW,MI,AGL,CE,Towers with Radar,791,29,20,0,840,0,0,1,0,1,791,29,21,0,841,0,0,0,841
06/23/2023,DTW,MI,AGL,CE,Towers with Radar,808,29,10,0,847,0,0,0,0,0,808,29,10,0,847,0,0,0,847
06/24/2023,DTW,MI,AGL,CE,Towers with Radar,693,22,9,0,724,0,0,4,0,4,693,22,13,0,728,0,0,0,728
06/25/2023,DTW,MI,AGL,CE,Towers with Radar,704,24,21,0,749,0,0,4,0,4,704,24,25,0,753,0,0,0,753
06/26/2023,DTW,MI,AGL,CE,Towers with Radar,725,29,14,0,768,0,0,0,0,0,725,29,14,0,768,0,0,0,768
06/27/2023,DTW,MI,AGL,CE,Towers with Radar,749,37,26,0,812,0,0,0,0,0,749,37,26,0,812,0,0,0,812
06/28/2023,DTW,MI,AGL,CE,Towers with Radar,769,14,19,0,802,0,0,0,0,0,769,14,19,0,802,0,0,0,802
06/29/2023,DTW,MI,AGL,CE,Towers with Radar,796,24,13,0,833,0,0,0,0,0,796,24,13,0,833,0,0,0,833
06/30/2023,DTW,MI,AGL,CE,Towers with Radar,820,19,13,0,852,0,0,2,0,2,820,19,15,0,854,0,0,0,854
07/01/2023,DTW,MI,AGL,CE,Towers with Radar,717,25,6,0,748,0,0,0,0,0,717,25,6,0,748,0,0,0,748
07/02/2023,DTW,MI,AGL,CE,Towers with Radar,708,33,18,0,759,0,0,0,0,0,708,33,18,0,759,0,0,0,759
07/03/2023,DTW,MI,AGL,CE,Towers with Radar,682,15,1,0,698,0,0,0,0,0,682,15,1,0,698,0,0,0,698
07/04/2023,DTW,MI,AGL,CE,Towers with Radar,635,20,4,0,659,0,0,4,0,4,635,20,8,0,663,0,0,0,663
07/05/2023,DTW,MI,AGL,CE,Towers with Radar,774,28,8,0,810,0,0,0,0,0,774,28,8,0,810,0,0,0,810
07/06/2023,DTW,MI,AGL,CE,Towers with Radar,747,23,1,0,771,0,0,0,0,0,747,23,1,0,771,0,0,0,771
07/07/2023,DTW,MI,AGL,CE,Towers with Radar,741,21,6,0,768,0,0,4,0,4,741,21,10,0,772,0,0,0,772
07/08/2023,DTW,MI,AGL,CE,Towers with Radar,714,28,8,0,750,0,1,3,0,4,714,29,11,0,754,0,0,0,754
07/09/2023,DTW,MI,AGL,CE,Towers with Radar,740,33,8,0,781,0,0,1,0,1,740,33,9,0,782,0,0,0,782
07/10/2023,DTW,MI,AGL,CE,Towers with Radar,797,36,9,0,842,0,0,3,0,3,797,36,12,0,845,0,0,0,845
07/11/2023,DTW,MI,AGL,CE,Towers with Radar,824,22,12,1,859,0,0,3,0,3,824,22,15,1,862,0,0,0,862
07/12/2023,DTW,MI,AGL,CE,Towers with Radar,805,18,22,0,845,0,0,0,0,0,805,18,22,0,845,0,0,0,845
07/13/2023,DTW,MI,AGL,CE,Towers with Radar,812,38,18,2,870,0,0,0,0,0,812,38,18,2,870,0,0,0,870
07/14/2023,DTW,MI,AGL,CE,Towers with Radar,822,24,9,3,858,0,0,2,0,2,822,24,11,3,860,0,0,0,860
07/15/2023,DTW,MI,AGL,CE,Towers with Radar,745,30,5,0,780,0,0,1,0,1,745,30,6,0,781,0,0,0,781
07/16/2023,DTW,MI,AGL,CE,Towers with Radar,770,23,23,0,816,0,0,1,0,1,770,23,24,0,817,0,0,0,817
07/17/2023,DTW,MI,AGL,CE,Towers with Radar,804,24,21,0,849,0,0,1,0,1,804,24,22,0,850,0,0,0,850
07/18/2023,DTW,MI,AGL,CE,Towers with Radar,798,31,20,0,849,0,0,5,0,5,798,31,25,0,854,0,0,0,854
07/19/2023,DTW,MI,AGL,CE,Towers with Radar,807,17,9,0,833,1,0,0,0,1,808,17,9,0,834,0,0,0,834
07/20/2023,DTW,MI,AGL,CE,Towers with Radar,800,22,22,0,844,0,0,2,0,2,800,22,24,0,846,0,0,0,846
07/21/2023,DTW,MI,AGL,CE,Towers with Radar,830,29,14,0,873,0,0,2,0,2,830,29,16,0,875,0,0,0,875
07/22/2023,DTW,MI,AGL,CE,Towers with Radar,745,25,6,0,776,1,0,2,0,3,746,25,8,0,779,0,0,0,779
07/23/2023,DTW,MI,AGL,CE,Towers with Radar,788,25,8,0,821,0,0,0,0,0,788,25,8,0,821,0,0,0,821
07/24/2023,DTW,MI,AGL,CE,Towers with Radar,818,23,11,0,852,0,0,6,0,6,818,23,17,0,858,0,0,0,858
07/25/2023,DTW,MI,AGL,CE,Towers with Radar,801,27,7,0,835,0,0,0,0,0,801,27,7,0,835,0,0,0,835
07/26/2023,DTW,MI,AGL,CE,Towers with Radar,796,22,12,0,830,0,0,0,0,0,796,22,12,0,830,0,0,0,830
07/27/2023,DTW,MI,AGL,CE,Towers with Radar,839,23,15,0,877,1,0,2,0,3,840,23,17,0,880,0,0,0,880
07/28/2023,DTW,MI,AGL,CE,Towers with Radar,823,27,14,0,864,0,0,4,0,4,823,27,18,0,868,0,0,0,868
07/29/2023,DTW,MI,AGL,CE,Towers with Radar,751,25,6,0,782,0,0,6,0,6,751,25,12,0,788,0,0,0,788
07/30/2023,DTW,MI,AGL,CE,Towers with Radar,804,22,10,0,836,0,0,4,0,4,804,22,14,0,840,0,0,0,840
07/31/2023,DTW,MI,AGL,CE,Towers with Radar,820,23,13,0,856,0,0,4,0,4,820,23,17,0,860,0,0,0,860
08/01/2023,DTW,MI,AGL,CE,Towers with Radar,792,20,7,0,819,0,0,0,0,0,792,20,7,0,819,0,0,0,819
08/02/2023,DTW,MI,AGL,CE,Towers with Radar,783,23,18,0,824,0,0,0,0,0,783,23,18,0,824,0,0,0,824
08/03/2023,DTW,MI,AGL,CE,Towers with Radar,830,27,12,0,869,0,0,0,0,0,830,27,12,0,869,0,0,0,869
08/04/2023,DTW,MI,AGL,CE,Towers with Radar,826,25,16,0,867,0,0,0,0,0,826,25,16,0,867,0,0,0,867
08/05/2023,DTW,MI,AGL,CE,Towers with Radar,712,31,3,0,746,0,0,0,0,0,712,31,3,0,746,0,0,0,746
08/06/2023,DTW,MI,AGL,CE,Towers with Radar,767,28,19,4,818,0,0,0,0,0,767,28,19,4,818,0,0,0,818
08/07/2023,DTW,MI,AGL,CE,Towers with Radar,772,20,7,0,799,0,0,0,0,0,772,20,7,0,799,0,0,0,799
08/08/2023,DTW,MI,AGL,CE,Towers with Radar,799,25,6,0,830,0,0,1,0,1,799,25,7,0,831,0,0,0,831
08/09/2023,DTW,MI,AGL,CE,Towers with Radar,793,18,10,0,821,0,0,0,0,0,793,18,10,0,821,0,0,0,821
08/10/2023,DTW,MI,AGL,CE,Towers with Radar,813,35,13,0,861,0,0,2,0,2,813,35,15,0,863,0,0,0,863
08/11/2023,DTW,MI,AGL,CE,Towers with Radar,828,24,14,0,866,0,0,3,0,3,828,24,17,0,869,0,0,0,869
08/12/2023,DTW,MI,AGL,CE,Towers with Radar,717,39,15,1,772,0,0,0,0,0,717,39,15,1,772,0,0,0,772
08/13/2023,DTW,MI,AGL,CE,Towers with Radar,800,34,24,0,858,0,0,7,0,7,800,34,31,0,865,0,0,0,865
08/14/2023,DTW,MI,AGL,CE,Towers with Radar,813,26,12,0,851,0,0,0,0,0,813,26,12,0,851,0,0,0,851
08/15/2023,DTW,MI,AGL,CE,Towers with Radar,802,30,22,2,856,0,0,0,0,0,802,30,22,2,856,0,0,0,856
08/16/2023,DTW,MI,AGL,CE,Towers with Radar,796,36,26,1,859,0,0,0,0,0,796,36,26,1,859,0,0,0,859
08/17/2023,DTW,MI,AGL,CE,Towers with Radar,819,30,15,1,865,0,0,0,0,0,819,30,15,1,865,0,0,0,865
08/18/2023,DTW,MI,AGL,CE,Towers with Radar,835,39,13,0,887,0,0,0,0,0,835,39,13,0,887,0,0,0,887
08/19/2023,DTW,MI,AGL,CE,Towers with Radar,713,35,13,0,761,0,0,4,0,4,713,35,17,0,765,0,0,0,765
08/20/2023,DTW,MI,AGL,CE,Towers with Radar,800,36,13,0,849,0,0,1,0,1,800,36,14,0,850,0,0,0,850
08/21/2023,DTW,MI,AGL,CE,Towers with Radar,822,29,11,0,862,0,0,4,0,4,822,29,15,0,866,0,0,0,866
08/22/2023,DTW,MI,AGL,CE,Towers with Radar,801,27,8,0,836,0,0,4,0,4,801,27,12,0,840,0,0,0,840
08/23/2023,DTW,MI,AGL,CE,Towers with Radar,793,28,6,0,827,0,0,0,0,0,793,28,6,0,827,0,0,0,827
08/24/2023,DTW,MI,AGL,CE,Towers with Radar,610,34,3,0,647,0,0,2,0,2,610,34,5,0,649,0,0,0,649
08/25/2023,DTW,MI,AGL,CE,Towers with Radar,866,29,13,0,908,0,0,0,0,0,866,29,13,0,908,0,0,0,908
08/26/2023,DTW,MI,AGL,CE,Towers with Radar,708,25,9,0,742,0,0,2,0,2,708,25,11,0,744,0,0,0,744
08/27/2023,DTW,MI,AGL,CE,Towers with Radar,785,37,4,0,826,0,0,4,0,4,785,37,8,0,830,0,0,0,830
08/28/2023,DTW,MI,AGL,CE,Towers with Radar,814,32,8,0,854,0,0,5,0,5,814,32,13,0,859,0,0,0,859
08/29/2023,DTW,MI,AGL,CE,Towers with Radar,785,30,7,0,822,0,0,2,0,2,785,30,9,0,824,0,0,0,824
08/30/2023,DTW,MI,AGL,CE,Towers with Radar,762,34,17,0,813,0,0,5,0,5,762,34,22,0,818,0,0,0,818
08/31/2023,DTW,MI,AGL,CE,Towers with Radar,808,31,10,0,849,0,0,3,0,3,808,31,13,0,852,0,0,0,852
