01/01/2000,DWH,TX,ASW,CE,Towers with Display (VFR),0,1,60,0,61,0,3,79,0,82,0,4,139,0,143,300,0,300,443
01/02/2000,DWH,TX,ASW,CE,Towers with Display (VFR),0,0,23,0,23,0,0,128,0,128,0,0,151,0,151,320,0,320,471
01/03/2000,DWH,TX,ASW,CE,Towers with Display (VFR),0,0,29,2,31,0,4,155,0,159,0,4,184,2,190,401,0,401,591
01/04/2000,DWH,TX,ASW,CE,Towers with Display (VFR),0,0,29,2,31,0,7,186,0,193,0,7,215,2,224,348,0,348,572
01/05/2000,DWH,TX,ASW,CE,Towers with Display (VFR),0,0,31,4,35,0,2,185,5,192,0,2,216,9,227,388,0,388,615
01/06/2000,DWH,TX,ASW,CE,Towers with Display (VFR),0,0,32,1,33,0,5,122,0,127,0,5,154,1,160,518,0,518,678
01/07/2000,DWH,TX,ASW,CE,Towers with Display (VFR),0,0,32,2,34,0,3,95,0,98,0,3,127,2,132,224,0,224,356
01/08/2000,DWH,TX,ASW,CE,Towers with Display (VFR),0,0,29,0,29,0,0,0,0,0,0,0,29,0,29,33,0,33,62
01/09/2000,DWH,TX,ASW,CE,Towers with Display (VFR),0,0,24,3,27,0,2,275,5,282,0,2,299,8,309,238,0,238,547
01/10/2000,DWH,TX,ASW,CE,Towers with Display (VFR),0,0,41,5,46,0,5,285,8,298,0,5,326,13,344,440,0,440,784
01/11/2000,DWH,TX,ASW,CE,Towers with Display (VFR),0,0,77,6,83,0,7,205,0,212,0,7,282,6,295,394,0,394,689
01/12/2000,DWH,TX,ASW,CE,Towers with Display (VFR),0,0,34,4,38,0,2,158,2,162,0,2,192,6,200,404,12,416,616
01/13/2000,DWH,TX,ASW,CE,Towers with Display (VFR),0,0,49,6,55,0,3,181,1,185,0,3,230,7,240,496,0,496,736
01/14/2000,DWH,TX,ASW,CE,Towers with Display (VFR),0,0,57,7,64,0,9,268,10,287,0,9,325,17,351,582,2,584,935
01/15/2000,DWH,TX,ASW,CE,Towers with Display (VFR),0,0,33,1,34,0,5,355,0,360,0,5,388,1,394,570,0,570,964
01/16/2000,DWH,TX,ASW,CE,Towers with Display (VFR),0,0,46,0,46,0,5,381,0,386,0,5,427,0,432,572,0,572,1004
01/17/2000,DWH,TX,ASW,CE,Towers with Display (VFR),0,0,34,0,34,0,0,241,0,241,0,0,275,0,275,528,0,528,803
01/18/2000,DWH,TX,ASW,CE,Towers with Display (VFR),0,0,41,4,45,0,3,131,6,140,0,3,172,10,185,362,14,376,561
01/19/2000,DWH,TX,ASW,CE,Towers with Display (VFR),0,0,44,4,48,0,0,133,9,142,0,0,177,13,190,504,8,512,702
01/20/2000,DWH,TX,ASW,CE,Towers with Display (VFR),0,0,36,3,39,0,3,227,10,240,0,3,263,13,279,474,34,508,787
01/21/2000,DWH,TX,ASW,CE,Towers with Display (VFR),0,0,39,4,43,0,5,182,5,192,0,5,221,9,235,440,6,446,681
01/22/2000,DWH,TX,ASW,CE,Towers with Display (VFR),0,0,34,3,37,0,1,182,6,189,0,1,216,9,226,418,8,426,652
01/23/2000,DWH,TX,ASW,CE,Towers with Display (VFR),0,0,43,1,44,0,4,199,0,203,0,4,242,1,247,368,0,368,615
01/24/2000,DWH,TX,ASW,CE,Towers with Display (VFR),0,0,20,1,21,0,7,231,0,238,0,7,251,1,259,508,0,508,767
01/25/2000,DWH,TX,ASW,CE,Towers with Display (VFR),0,0,50,4,54,0,3,243,0,246,0,3,293,4,300,534,0,534,834
01/26/2000,DWH,TX,ASW,CE,Towers with Display (VFR),0,0,49,5,54,0,4,198,8,210,0,4,247,13,264,402,20,422,686
01/27/2000,DWH,TX,ASW,CE,Towers with Display (VFR),0,0,13,0,13,0,1,9,0,10,0,1,22,0,23,58,0,58,81
01/28/2000,DWH,TX,ASW,CE,Towers with Display (VFR),0,0,88,8,96,0,3,0,0,3,0,3,88,8,99,278,0,278,377
01/29/2000,DWH,TX,ASW,CE,Towers with Display (VFR),0,0,33,2,35,0,11,145,0,156,0,11,178,2,191,432,4,436,627
01/30/2000,DWH,TX,ASW,CE,Towers with Display (VFR),0,0,27,2,29,0,2,223,2,227,0,2,250,4,256,376,0,376,632
01/31/2000,DWH,TX,ASW,CE,Towers with Display (VFR),0,0,33,3,36,0,3,210,7,220,0,3,243,10,256,630,2,632,888
02/01/2000,DWH,TX,ASW,CE,Towers with Display (VFR),0,1,28,3,32,0,2,93,3,98,0,3,121,6,130,426,0,426,556
02/02/2000,DWH,TX,ASW,CE,Towers with Display (VFR),0,1,27,3,31,0,1,171,5,177,0,2,198,8,208,584,0,584,792
02/03/2000,DWH,TX,ASW,CE,Towers with Display (VFR),0,1,32,4,37,0,1,302,9,312,0,2,334,13,349,542,4,546,895
02/04/2000,DWH,TX,ASW,CE,Towers with Display (VFR),0,1,33,4,38,0,1,278,8,287,0,2,311,12,325,418,32,450,775
02/05/2000,DWH,TX,ASW,CE,Towers with Display (VFR),0,1,43,5,49,0,5,360,6,371,0,6,403,11,420,430,14,444,864
02/06/2000,DWH,TX,ASW,CE,Towers with Display (VFR),0,0,37,5,42,0,7,289,0,296,0,7,326,5,338,478,0,478,816
02/07/2000,DWH,TX,ASW,CE,Towers with Display (VFR),0,0,43,4,47,0,4,107,0,111,0,4,150,4,158,386,0,386,544
02/08/2000,DWH,TX,ASW,CE,Towers with Display (VFR),0,0,53,8,61,0,9,270,5,284,0,9,323,13,345,402,12,414,759
02/09/2000,DWH,TX,ASW,CE,Towers with Display (VFR),0,0,22,4,26,0,3,258,0,261,0,3,280,4,287,534,0,534,821
02/10/2000,DWH,TX,ASW,CE,Towers with Display (VFR),0,0,50,7,57,0,6,151,10,167,0,6,201,17,224,226,22,248,472
02/11/2000,DWH,TX,ASW,CE,Towers with Display (VFR),0,0,64,8,72,0,5,189,0,194,0,5,253,8,266,546,0,546,812
02/12/2000,DWH,TX,ASW,CE,Towers with Display (VFR),0,0,41,0,41,0,6,323,0,329,0,6,364,0,370,712,0,712,1082
02/13/2000,DWH,TX,ASW,CE,Towers with Display (VFR),0,0,38,6,44,0,4,150,0,154,0,4,188,6,198,236,0,236,434
02/14/2000,DWH,TX,ASW,CE,Towers with Display (VFR),0,0,29,2,31,0,6,221,0,227,0,6,250,2,258,340,0,340,598
02/15/2000,DWH,TX,ASW,CE,Towers with Display (VFR),0,0,41,6,47,0,4,197,7,208,0,4,238,13,255,428,6,434,689
02/16/2000,DWH,TX,ASW,CE,Towers with Display (VFR),0,0,88,8,96,0,5,72,0,77,0,5,160,8,173,402,20,422,595
02/17/2000,DWH,TX,ASW,CE,Towers with Display (VFR),0,0,41,5,46,0,1,146,4,151,0,1,187,9,197,394,0,394,591
02/18/2000,DWH,TX,ASW,CE,Towers with Display (VFR),0,0,94,5,99,0,0,95,0,95,0,0,189,5,194,488,6,494,688
02/19/2000,DWH,TX,ASW,CE,Towers with Display (VFR),0,0,30,2,32,0,9,332,0,341,0,9,362,2,373,376,18,394,767
02/20/2000,DWH,TX,ASW,CE,Towers with Display (VFR),0,0,41,0,41,0,6,326,0,332,0,6,367,0,373,606,0,606,979
02/21/2000,DWH,TX,ASW,CE,Towers with Display (VFR),0,0,36,2,38,0,4,223,0,227,0,4,259,2,265,386,0,386,651
02/22/2000,DWH,TX,ASW,CE,Towers with Display (VFR),0,0,35,3,38,0,3,113,0,116,0,3,148,3,154,192,0,192,346
02/23/2000,DWH,TX,ASW,CE,Towers with Display (VFR),0,0,50,6,56,0,2,138,2,142,0,2,188,8,198,202,0,202,400
02/24/2000,DWH,TX,ASW,CE,Towers with Display (VFR),0,0,60,8,68,0,5,187,16,208,0,5,247,24,276,290,18,308,584
02/25/2000,DWH,TX,ASW,CE,Towers with Display (VFR),0,0,50,6,56,0,3,129,25,157,0,3,179,31,213,194,69,263,476
02/26/2000,DWH,TX,ASW,CE,Towers with Display (VFR),0,0,51,6,57,0,4,190,13,207,0,4,241,19,264,560,28,588,852
02/27/2000,DWH,TX,ASW,CE,Towers with Display (VFR),0,0,52,6,58,0,10,435,0,445,0,10,487,6,503,546,0,546,1049
02/28/2000,DWH,TX,ASW,CE,Towers with Display (VFR),0,0,28,3,31,0,0,233,4,237,0,0,261,7,268,380,0,380,648
02/29/2000,DWH,TX,ASW,CE,Towers with Display (VFR),0,0,38,5,43,0,3,218,1,222,0,3,256,6,265,392,16,408,673
03/01/2000,DWH,TX,ASW,CE,Towers with Display (VFR),0,0,43,6,49,0,4,171,3,178,0,4,214,9,227,624,0,624,851
03/02/2000,DWH,TX,ASW,CE,Towers with Display (VFR),0,1,56,7,64,0,7,187,12,206,0,8,243,19,270,282,12,294,564
03/03/2000,DWH,TX,ASW,CE,Towers with Display (VFR),0,1,40,5,46,0,11,280,7,298,0,12,320,12,344,374,8,382,726
03/04/2000,DWH,TX,ASW,CE,Towers with Display (VFR),0,1,32,4,37,0,5,356,0,361,0,6,388,4,398,376,12,388,786
03/05/2000,DWH,TX,ASW,CE,Towers with Display (VFR),0,1,35,0,36,0,1,297,0,298,0,2,332,0,334,464,0,464,798
03/06/2000,DWH,TX,ASW,CE,Towers with Display (VFR),0,1,43,3,47,0,8,147,0,155,0,9,190,3,202,290,0,290,492
03/07/2000,DWH,TX,ASW,CE,Towers with Display (VFR),0,1,50,6,57,0,3,158,2,163,0,4,208,8,220,234,0,234,454
03/08/2000,DWH,TX,ASW,CE,Towers with Display (VFR),0,1,44,6,51,0,3,192,7,202,0,4,236,13,253,692,0,692,945
03/09/2000,DWH,TX,ASW,CE,Towers with Display (VFR),0,1,39,5,45,0,1,261,5,267,0,2,300,10,312,584,4,588,900
03/10/2000,DWH,TX,ASW,CE,Towers with Display (VFR),0,0,64,9,73,0,7,171,0,178,0,7,235,9,251,332,0,332,583
03/11/2000,DWH,TX,ASW,CE,Towers with Display (VFR),0,0,39,6,45,0,0,260,5,265,0,0,299,11,310,316,38,354,664
03/12/2000,DWH,TX,ASW,CE,Towers with Display (VFR),0,0,50,7,57,0,5,444,1,450,0,5,494,8,507,754,0,754,1261
03/13/2000,DWH,TX,ASW,CE,Towers with Display (VFR),0,0,41,6,47,0,4,216,3,223,0,4,257,9,270,514,0,514,784
03/14/2000,DWH,TX,ASW,CE,Towers with Display (VFR),0,0,39,3,42,0,3,68,0,71,0,3,107,3,113,286,0,286,399
03/15/2000,DWH,TX,ASW,CE,Towers with Display (VFR),0,0,98,5,103,0,3,34,0,37,0,3,132,5,140,394,0,394,534
03/16/2000,DWH,TX,ASW,CE,Towers with Display (VFR),0,0,36,5,41,0,1,145,3,149,0,1,181,8,190,320,2,322,512
03/17/2000,DWH,TX,ASW,CE,Towers with Display (VFR),0,0,22,3,25,0,0,178,0,178,0,0,200,3,203,510,0,510,713
03/18/2000,DWH,TX,ASW,CE,Towers with Display (VFR),0,0,47,2,49,0,0,113,0,113,0,0,160,2,162,414,0,414,576
03/19/2000,DWH,TX,ASW,CE,Towers with Display (VFR),0,0,44,5,49,0,3,250,1,254,0,3,294,6,303,300,0,300,603
03/20/2000,DWH,TX,ASW,CE,Towers with Display (VFR),0,0,22,2,24,0,1,216,0,217,0,1,238,2,241,482,0,482,723
03/21/2000,DWH,TX,ASW,CE,Towers with Display (VFR),0,0,35,4,39,0,2,76,2,80,0,2,111,6,119,436,4,440,559
03/22/2000,DWH,TX,ASW,CE,Towers with Display (VFR),0,0,37,2,39,0,1,59,0,60,0,1,96,2,99,220,0,220,319
03/23/2000,DWH,TX,ASW,CE,Towers with Display (VFR),0,0,39,5,44,0,3,202,3,208,0,3,241,8,252,374,0,374,626
03/24/2000,DWH,TX,ASW,CE,Towers with Display (VFR),0,0,36,4,40,0,6,187,15,208,0,6,223,19,248,516,18,534,782
03/25/2000,DWH,TX,ASW,CE,Towers with Display (VFR),0,0,39,5,44,0,4,312,1,317,0,4,351,6,361,498,10,508,869
03/26/2000,DWH,TX,ASW,CE,Towers with Display (VFR),0,0,45,6,51,0,3,221,0,224,0,3,266,6,275,482,2,484,759
03/27/2000,DWH,TX,ASW,CE,Towers with Display (VFR),0,0,30,4,34,0,2,211,7,220,0,2,241,11,254,420,0,420,674
03/28/2000,DWH,TX,ASW,CE,Towers with Display (VFR),0,0,58,7,65,0,5,112,12,129,0,5,170,19,194,416,6,422,616
03/29/2000,DWH,TX,ASW,CE,Towers with Display (VFR),0,0,30,4,34,0,9,253,1,263,0,9,283,5,297,784,0,784,1081
03/30/2000,DWH,TX,ASW,CE,Towers with Display (VFR),0,0,46,6,52,0,2,296,17,315,0,2,342,23,367,518,10,528,895
03/31/2000,DWH,TX,ASW,CE,Towers with Display (VFR),0,0,47,6,53,0,6,204,1,211,0,6,251,7,264,568,4,572,836
04/01/2000,DWH,TX,ASW,CE,Towers with Display (VFR),0,2,74,1,77,0,2,0,0,2,0,4,74,1,79,160,0,160,239
04/02/2000,DWH,TX,ASW,CE,Towers with Display (VFR),0,0,29,0,29,0,0,10,0,10,0,0,39,0,39,64,0,64,103
04/03/2000,DWH,TX,ASW,CE,Towers with Display (VFR),0,1,49,4,54,0,0,54,0,54,0,1,103,4,108,194,0,194,302
04/04/2000,DWH,TX,ASW,CE,Towers with Display (VFR),0,1,41,4,46,0,6,304,6,316,0,7,345,10,362,578,6,584,946
04/05/2000,DWH,TX,ASW,CE,Towers with Display (VFR),0,1,33,3,37,0,6,312,7,325,0,7,345,10,362,428,0,428,790
04/06/2000,DWH,TX,ASW,CE,Towers with Display (VFR),0,1,50,5,56,0,4,268,1,273,0,5,318,6,329,464,0,464,793
04/07/2000,DWH,TX,ASW,CE,Towers with Display (VFR),0,1,38,4,43,0,5,211,12,228,0,6,249,16,271,376,4,380,651
04/08/2000,DWH,TX,ASW,CE,Towers with Display (VFR),0,1,19,2,22,0,7,208,3,218,0,8,227,5,240,280,6,286,526
04/09/2000,DWH,TX,ASW,CE,Towers with Display (VFR),0,1,28,2,31,0,4,296,0,300,0,5,324,2,331,278,0,278,609
04/10/2000,DWH,TX,ASW,CE,Towers with Display (VFR),0,1,30,3,34,0,0,171,0,171,0,1,201,3,205,324,0,324,529
04/11/2000,DWH,TX,ASW,CE,Towers with Display (VFR),0,1,34,3,38,0,0,137,1,138,0,1,171,4,176,522,0,522,698
04/12/2000,DWH,TX,ASW,CE,Towers with Display (VFR),0,0,11,0,11,0,1,57,0,58,0,1,68,0,69,442,0,442,511
04/13/2000,DWH,TX,ASW,CE,Towers with Display (VFR),0,0,85,10,95,0,3,74,4,81,0,3,159,14,176,402,16,418,594
04/14/2000,DWH,TX,ASW,CE,Towers with Display (VFR),0,0,42,6,48,0,5,279,6,290,0,5,321,12,338,578,10,588,926
04/15/2000,DWH,TX,ASW,CE,Towers with Display (VFR),0,0,40,5,45,0,5,267,4,276,0,5,307,9,321,412,4,416,737
04/16/2000,DWH,TX,ASW,CE,Towers with Display (VFR),0,0,45,2,47,0,8,217,0,225,0,8,262,2,272,338,0,338,610
04/17/2000,DWH,TX,ASW,CE,Towers with Display (VFR),0,0,39,5,44,0,5,199,5,209,0,5,238,10,253,412,0,412,665
04/18/2000,DWH,TX,ASW,CE,Towers with Display (VFR),0,0,52,6,58,0,3,203,2,208,0,3,255,8,266,510,0,510,776
04/19/2000,DWH,TX,ASW,CE,Towers with Display (VFR),0,0,17,1,18,0,6,262,1,269,0,6,279,2,287,476,0,476,763
04/20/2000,DWH,TX,ASW,CE,Towers with Display (VFR),0,0,36,4,40,0,3,230,5,238,0,3,266,9,278,414,0,414,692
04/21/2000,DWH,TX,ASW,CE,Towers with Display (VFR),0,0,35,4,39,0,5,345,10,360,0,5,380,14,399,562,0,562,961
04/22/2000,DWH,TX,ASW,CE,Towers with Display (VFR),0,0,31,3,34,0,9,327,3,339,0,9,358,6,373,400,6,406,779
04/23/2000,DWH,TX,ASW,CE,Towers with Display (VFR),0,0,26,0,26,0,6,147,0,153,0,6,173,0,179,332,0,332,511
04/24/2000,DWH,TX,ASW,CE,Towers with Display (VFR),0,0,34,3,37,0,2,241,2,245,0,2,275,5,282,448,4,452,734
04/25/2000,DWH,TX,ASW,CE,Towers with Display (VFR),0,0,36,4,40,0,3,297,8,308,0,3,333,12,348,490,0,490,838
04/26/2000,DWH,TX,ASW,CE,Towers with Display (VFR),0,0,36,4,40,0,0,262,8,270,0,0,298,12,310,594,2,596,906
04/27/2000,DWH,TX,ASW,CE,Towers with Display (VFR),0,0,33,3,36,0,2,278,7,287,0,2,311,10,323,436,6,442,765
04/28/2000,DWH,TX,ASW,CE,Towers with Display (VFR),0,0,35,3,38,0,28,237,8,273,0,28,272,11,311,560,0,560,871
04/29/2000,DWH,TX,ASW,CE,Towers with Display (VFR),0,0,25,2,27,0,6,239,5,250,0,6,264,7,277,358,14,372,649
04/30/2000,DWH,TX,ASW,CE,Towers with Display (VFR),0,0,35,4,39,0,12,186,0,198,0,12,221,4,237,365,2,367,604
05/01/2000,DWH,TX,ASW,CE,Towers with Display (VFR),0,1,18,0,19,0,3,166,0,169,0,4,184,0,188,10,0,10,198
05/02/2000,DWH,TX,ASW,CE,Towers with Display (VFR),0,1,21,1,23,0,8,35,0,43,0,9,56,1,66,162,0,162,228
05/03/2000,DWH,TX,ASW,CE,Towers with Display (VFR),0,1,63,5,69,0,0,136,0,136,0,1,199,5,205,342,0,342,547
05/04/2000,DWH,TX,ASW,CE,Towers with Display (VFR),0,1,15,1,17,0,5,62,2,69,0,6,77,3,86,276,0,276,362
05/05/2000,DWH,TX,ASW,CE,Towers with Display (VFR),0,1,57,5,63,0,4,134,2,140,0,5,191,7,203,438,0,438,641
05/06/2000,DWH,TX,ASW,CE,Towers with Display (VFR),0,1,26,2,29,0,8,243,3,254,0,9,269,5,283,488,0,488,771
05/07/2000,DWH,TX,ASW,CE,Towers with Display (VFR),0,1,37,1,39,0,2,266,0,268,0,3,303,1,307,438,0,438,745
05/08/2000,DWH,TX,ASW,CE,Towers with Display (VFR),0,1,25,2,28,0,2,193,3,198,0,3,218,5,226,340,10,350,576
05/09/2000,DWH,TX,ASW,CE,Towers with Display (VFR),0,0,30,4,34,0,5,214,2,221,0,5,244,6,255,556,12,568,823
05/10/2000,DWH,TX,ASW,CE,Towers with Display (VFR),0,0,24,3,27,0,7,215,3,225,0,7,239,6,252,526,0,526,778
05/11/2000,DWH,TX,ASW,CE,Towers with Display (VFR),0,0,44,5,49,0,2,156,12,170,0,2,200,17,219,336,6,342,561
05/12/2000,DWH,TX,ASW,CE,Towers with Display (VFR),0,0,57,6,63,0,2,225,8,235,0,2,282,14,298,484,14,498,796
05/13/2000,DWH,TX,ASW,CE,Towers with Display (VFR),0,0,29,2,31,0,3,179,0,182,0,3,208,2,213,404,0,404,617
05/14/2000,DWH,TX,ASW,CE,Towers with Display (VFR),0,0,39,4,43,0,0,293,1,294,0,0,332,5,337,390,0,390,727
05/15/2000,DWH,TX,ASW,CE,Towers with Display (VFR),0,0,33,4,37,0,3,243,0,246,0,3,276,4,283,236,0,236,519
05/16/2000,DWH,TX,ASW,CE,Towers with Display (VFR),0,0,52,5,57,0,5,243,6,254,0,5,295,11,311,482,8,490,801
05/17/2000,DWH,TX,ASW,CE,Towers with Display (VFR),0,0,30,2,32,0,7,141,6,154,0,7,171,8,186,270,4,274,460
05/18/2000,DWH,TX,ASW,CE,Towers with Display (VFR),0,0,52,5,57,0,8,232,16,256,0,8,284,21,313,384,4,388,701
05/19/2000,DWH,TX,ASW,CE,Towers with Display (VFR),0,0,30,3,33,0,8,117,0,125,0,8,147,3,158,326,2,328,486
05/20/2000,DWH,TX,ASW,CE,Towers with Display (VFR),0,0,106,5,111,0,4,46,0,50,0,4,152,5,161,336,6,342,503
05/21/2000,DWH,TX,ASW,CE,Towers with Display (VFR),0,0,41,2,43,0,4,281,0,285,0,4,322,2,328,293,4,297,625
05/22/2000,DWH,TX,ASW,CE,Towers with Display (VFR),0,0,38,3,41,0,2,235,6,243,0,2,273,9,284,438,2,440,724
05/23/2000,DWH,TX,ASW,CE,Towers with Display (VFR),0,0,57,5,62,0,5,224,5,234,0,5,281,10,296,468,0,468,764
05/24/2000,DWH,TX,ASW,CE,Towers with Display (VFR),0,0,42,4,46,0,1,210,17,228,0,1,252,21,274,584,0,584,858
05/25/2000,DWH,TX,ASW,CE,Towers with Display (VFR),0,0,35,3,38,0,4,221,4,229,0,4,256,7,267,482,0,482,749
05/26/2000,DWH,TX,ASW,CE,Towers with Display (VFR),0,0,50,5,55,0,3,238,2,243,0,3,288,7,298,377,0,377,675
05/27/2000,DWH,TX,ASW,CE,Towers with Display (VFR),0,0,34,0,34,0,2,290,0,292,0,2,324,0,326,416,0,416,742
05/28/2000,DWH,TX,ASW,CE,Towers with Display (VFR),0,0,30,0,30,0,4,203,0,207,0,4,233,0,237,340,0,340,577
05/29/2000,DWH,TX,ASW,CE,Towers with Display (VFR),0,0,42,3,45,0,2,245,0,247,0,2,287,3,292,399,0,399,691
05/30/2000,DWH,TX,ASW,CE,Towers with Display (VFR),0,0,35,3,38,0,5,200,5,210,0,5,235,8,248,474,0,474,722
05/31/2000,DWH,TX,ASW,CE,Towers with Display (VFR),0,0,33,3,36,0,6,196,3,205,0,6,229,6,241,520,0,520,761
06/01/2000,DWH,TX,ASW,CE,Towers with Display (VFR),0,1,31,4,36,0,4,239,3,246,0,5,270,7,282,0,10,10,292
06/02/2000,DWH,TX,ASW,CE,Towers with Display (VFR),0,1,41,6,48,0,2,261,3,266,0,3,302,9,314,400,4,404,718
06/03/2000,DWH,TX,ASW,CE,Towers with Display (VFR),0,1,21,2,24,0,0,308,0,308,0,1,329,2,332,404,0,404,736
06/04/2000,DWH,TX,ASW,CE,Towers with Display (VFR),0,1,31,2,34,0,4,137,0,141,0,5,168,2,175,334,0,334,509
06/05/2000,DWH,TX,ASW,CE,Towers with Display (VFR),0,1,28,4,33,0,1,159,4,164,0,2,187,8,197,526,0,526,723
06/06/2000,DWH,TX,ASW,CE,Towers with Display (VFR),0,1,36,5,42,0,2,279,13,294,0,3,315,18,336,520,0,520,856
06/07/2000,DWH,TX,ASW,CE,Towers with Display (VFR),0,1,28,4,33,0,3,280,4,287,0,4,308,8,320,678,4,682,1002
06/08/2000,DWH,TX,ASW,CE,Towers with Display (VFR),0,1,27,4,32,0,2,209,1,212,0,3,236,5,244,538,0,538,782
06/09/2000,DWH,TX,ASW,CE,Towers with Display (VFR),0,0,20,4,24,0,1,73,0,74,0,1,93,4,98,404,0,404,502
06/10/2000,DWH,TX,ASW,CE,Towers with Display (VFR),0,0,27,4,31,0,8,209,1,218,0,8,236,5,249,480,24,504,753
06/11/2000,DWH,TX,ASW,CE,Towers with Display (VFR),0,0,26,3,29,0,0,142,0,142,0,0,168,3,171,408,0,408,579
06/12/2000,DWH,TX,ASW,CE,Towers with Display (VFR),0,0,43,6,49,0,2,292,2,296,0,2,335,8,345,662,0,662,1007
06/13/2000,DWH,TX,ASW,CE,Towers with Display (VFR),0,0,51,7,58,0,5,287,10,302,0,5,338,17,360,646,0,646,1006
06/14/2000,DWH,TX,ASW,CE,Towers with Display (VFR),0,0,41,4,45,0,2,253,0,255,0,2,294,4,300,516,0,516,816
06/15/2000,DWH,TX,ASW,CE,Towers with Display (VFR),0,0,46,5,51,0,7,306,0,313,0,7,352,5,364,688,0,688,1052
06/16/2000,DWH,TX,ASW,CE,Towers with Display (VFR),0,0,37,5,42,0,1,232,3,236,0,1,269,8,278,486,6,492,770
06/17/2000,DWH,TX,ASW,CE,Towers with Display (VFR),0,0,14,2,16,0,14,157,0,171,0,14,171,2,187,364,0,364,551
06/18/2000,DWH,TX,ASW,CE,Towers with Display (VFR),0,0,20,0,20,0,2,210,0,212,0,2,230,0,232,396,0,396,628
06/19/2000,DWH,TX,ASW,CE,Towers with Display (VFR),0,0,31,4,35,0,6,123,9,138,0,6,154,13,173,478,6,484,657
06/20/2000,DWH,TX,ASW,CE,Towers with Display (VFR),0,0,30,4,34,0,3,225,4,232,0,3,255,8,266,524,4,528,794
06/21/2000,DWH,TX,ASW,CE,Towers with Display (VFR),0,0,37,5,42,0,4,251,5,260,0,4,288,10,302,430,2,432,734
06/22/2000,DWH,TX,ASW,CE,Towers with Display (VFR),0,0,42,5,47,0,7,250,0,257,0,7,292,5,304,490,0,490,794
06/23/2000,DWH,TX,ASW,CE,Towers with Display (VFR),0,0,46,6,52,0,4,278,2,284,0,4,324,8,336,580,10,590,926
06/24/2000,DWH,TX,ASW,CE,Towers with Display (VFR),0,0,41,5,46,0,0,296,10,306,0,0,337,15,352,504,0,504,856
06/25/2000,DWH,TX,ASW,CE,Towers with Display (VFR),0,0,41,5,46,0,5,296,5,306,0,5,337,10,352,388,22,410,762
06/26/2000,DWH,TX,ASW,CE,Towers with Display (VFR),0,0,29,4,33,0,1,227,10,238,0,1,256,14,271,424,2,426,697
06/27/2000,DWH,TX,ASW,CE,Towers with Display (VFR),0,0,29,4,33,0,5,238,2,245,0,5,267,6,278,586,0,586,864
06/28/2000,DWH,TX,ASW,CE,Towers with Display (VFR),0,0,30,1,31,0,6,192,0,198,0,6,222,1,229,580,12,592,821
06/29/2000,DWH,TX,ASW,CE,Towers with Display (VFR),0,0,28,3,31,0,0,300,4,304,0,0,328,7,335,526,18,544,879
06/30/2000,DWH,TX,ASW,CE,Towers with Display (VFR),0,0,44,6,50,0,3,192,5,200,0,3,236,11,250,386,6,392,642
07/01/2000,DWH,TX,ASW,CE,Towers with Display (VFR),0,1,33,0,34,0,2,265,0,267,0,3,298,0,301,0,0,0,301
07/02/2000,DWH,TX,ASW,CE,Towers with Display (VFR),0,1,25,0,26,0,1,194,0,195,0,2,219,0,221,174,0,174,395
07/03/2000,DWH,TX,ASW,CE,Towers with Display (VFR),0,1,17,2,20,0,1,226,0,227,0,2,243,2,247,378,0,378,625
07/04/2000,DWH,TX,ASW,CE,Towers with Display (VFR),0,1,13,1,15,0,2,160,0,162,0,3,173,1,177,422,0,422,599
07/05/2000,DWH,TX,ASW,CE,Towers with Display (VFR),0,1,35,5,41,0,5,229,8,242,0,6,264,13,283,380,0,380,663
07/06/2000,DWH,TX,ASW,CE,Towers with Display (VFR),0,1,36,6,43,0,1,213,8,222,0,2,249,14,265,508,16,524,789
07/07/2000,DWH,TX,ASW,CE,Towers with Display (VFR),0,1,47,8,56,0,1,241,9,251,0,2,288,17,307,482,0,482,789
07/08/2000,DWH,TX,ASW,CE,Towers with Display (VFR),0,1,27,2,30,0,1,266,0,267,0,2,293,2,297,302,10,312,609
07/09/2000,DWH,TX,ASW,CE,Towers with Display (VFR),0,0,47,8,55,0,4,262,1,267,0,4,309,9,322,278,0,278,600
07/10/2000,DWH,TX,ASW,CE,Towers with Display (VFR),0,0,25,5,30,0,2,183,5,190,0,2,208,10,220,234,2,236,456
07/11/2000,DWH,TX,ASW,CE,Towers with Display (VFR),0,0,40,7,47,0,7,176,2,185,0,7,216,9,232,326,6,332,564
07/12/2000,DWH,TX,ASW,CE,Towers with Display (VFR),0,0,20,2,22,0,3,203,0,206,0,3,223,2,228,376,0,376,604
07/13/2000,DWH,TX,ASW,CE,Towers with Display (VFR),0,0,47,9,56,0,4,226,4,234,0,4,273,13,290,468,0,468,758
07/14/2000,DWH,TX,ASW,CE,Towers with Display (VFR),0,0,29,1,30,0,4,256,0,260,0,4,285,1,290,334,0,334,624
07/15/2000,DWH,TX,ASW,CE,Towers with Display (VFR),0,0,30,6,36,0,1,260,5,266,0,1,290,11,302,288,24,312,614
07/16/2000,DWH,TX,ASW,CE,Towers with Display (VFR),0,0,38,4,42,0,0,192,0,192,0,0,230,4,234,176,0,176,410
07/17/2000,DWH,TX,ASW,CE,Towers with Display (VFR),0,0,32,5,37,0,3,199,4,206,0,3,231,9,243,552,18,570,813
07/18/2000,DWH,TX,ASW,CE,Towers with Display (VFR),0,0,46,7,53,0,5,255,5,265,0,5,301,12,318,424,6,430,748
07/19/2000,DWH,TX,ASW,CE,Towers with Display (VFR),0,0,38,6,44,0,0,222,12,234,0,0,260,18,278,438,8,446,724
07/20/2000,DWH,TX,ASW,CE,Towers with Display (VFR),0,0,32,5,37,0,1,205,1,207,0,1,237,6,244,313,4,317,561
07/21/2000,DWH,TX,ASW,CE,Towers with Display (VFR),0,0,48,8,56,0,5,296,17,318,0,5,344,25,374,408,50,458,832
07/22/2000,DWH,TX,ASW,CE,Towers with Display (VFR),0,0,23,3,26,0,5,280,11,296,0,5,303,14,322,443,4,447,769
07/23/2000,DWH,TX,ASW,CE,Towers with Display (VFR),0,0,27,4,31,0,1,148,4,153,0,1,175,8,184,194,12,206,390
07/24/2000,DWH,TX,ASW,CE,Towers with Display (VFR),0,0,32,5,37,0,0,200,3,203,0,0,232,8,240,324,6,330,570
07/25/2000,DWH,TX,ASW,CE,Towers with Display (VFR),0,0,28,4,32,0,8,232,3,243,0,8,260,7,275,516,0,516,791
07/26/2000,DWH,TX,ASW,CE,Towers with Display (VFR),0,0,18,2,20,0,5,256,8,269,0,5,274,10,289,402,4,406,695
07/27/2000,DWH,TX,ASW,CE,Towers with Display (VFR),0,0,27,4,31,0,2,257,8,267,0,2,284,12,298,328,2,330,628
07/28/2000,DWH,TX,ASW,CE,Towers with Display (VFR),0,0,23,3,26,0,4,259,1,264,0,4,282,4,290,430,2,432,722
07/29/2000,DWH,TX,ASW,CE,Towers with Display (VFR),0,0,18,0,18,0,6,331,0,337,0,6,349,0,355,384,0,384,739
07/30/2000,DWH,TX,ASW,CE,Towers with Display (VFR),0,0,25,2,27,0,2,112,0,114,0,2,137,2,141,284,0,284,425
07/31/2000,DWH,TX,ASW,CE,Towers with Display (VFR),0,0,19,2,21,0,3,121,0,124,0,3,140,2,145,264,0,264,409
08/01/2000,DWH,TX,ASW,CE,Towers with Display (VFR),0,1,15,2,18,0,2,197,2,201,0,3,212,4,219,12,6,18,237
08/02/2000,DWH,TX,ASW,CE,Towers with Display (VFR),0,1,11,2,14,0,2,168,4,174,0,3,179,6,188,394,0,394,582
08/03/2000,DWH,TX,ASW,CE,Towers with Display (VFR),0,0,39,7,46,0,4,218,7,229,0,4,257,14,275,388,14,402,677
08/04/2000,DWH,TX,ASW,CE,Towers with Display (VFR),0,0,33,6,39,0,2,206,1,209,0,2,239,7,248,342,10,352,600
08/05/2000,DWH,TX,ASW,CE,Towers with Display (VFR),0,0,17,3,20,0,3,287,5,295,0,3,304,8,315,378,0,378,693
08/06/2000,DWH,TX,ASW,CE,Towers with Display (VFR),0,0,27,2,29,0,0,269,0,269,0,0,296,2,298,378,0,378,676
08/07/2000,DWH,TX,ASW,CE,Towers with Display (VFR),0,0,35,7,42,0,6,179,1,186,0,6,214,8,228,366,0,366,594
08/08/2000,DWH,TX,ASW,CE,Towers with Display (VFR),0,0,21,4,25,0,4,166,2,172,0,4,187,6,197,414,4,418,615
08/09/2000,DWH,TX,ASW,CE,Towers with Display (VFR),0,0,29,6,35,0,1,242,2,245,0,1,271,8,280,300,1,301,581
08/10/2000,DWH,TX,ASW,CE,Towers with Display (VFR),0,0,30,6,36,0,1,211,4,216,0,1,241,10,252,360,0,360,612
08/11/2000,DWH,TX,ASW,CE,Towers with Display (VFR),0,0,31,6,37,0,5,196,1,202,0,5,227,7,239,302,0,302,541
08/12/2000,DWH,TX,ASW,CE,Towers with Display (VFR),0,0,29,5,34,0,6,315,0,321,0,6,344,5,355,262,8,270,625
08/13/2000,DWH,TX,ASW,CE,Towers with Display (VFR),0,0,27,2,29,0,5,226,0,231,0,5,253,2,260,170,0,170,430
08/14/2000,DWH,TX,ASW,CE,Towers with Display (VFR),0,0,23,5,28,0,3,190,7,200,0,3,213,12,228,280,0,280,508
08/15/2000,DWH,TX,ASW,CE,Towers with Display (VFR),0,0,21,1,22,0,2,203,0,205,0,2,224,1,227,552,0,552,779
08/16/2000,DWH,TX,ASW,CE,Towers with Display (VFR),0,0,27,4,31,0,4,206,12,222,0,4,233,16,253,524,4,528,781
08/17/2000,DWH,TX,ASW,CE,Towers with Display (VFR),0,0,44,7,51,0,5,215,9,229,0,5,259,16,280,272,0,272,552
08/18/2000,DWH,TX,ASW,CE,Towers with Display (VFR),0,0,39,6,45,0,8,218,13,239,0,8,257,19,284,278,6,284,568
08/19/2000,DWH,TX,ASW,CE,Towers with Display (VFR),0,0,33,5,38,0,3,289,3,295,0,3,322,8,333,288,10,298,631
08/20/2000,DWH,TX,ASW,CE,Towers with Display (VFR),0,0,46,2,48,0,0,239,0,239,0,0,285,2,287,246,0,246,533
08/21/2000,DWH,TX,ASW,CE,Towers with Display (VFR),0,0,33,5,38,0,2,225,3,230,0,2,258,8,268,338,0,338,606
08/22/2000,DWH,TX,ASW,CE,Towers with Display (VFR),0,0,34,2,36,0,3,168,0,171,0,3,202,2,207,314,0,314,521
08/23/2000,DWH,TX,ASW,CE,Towers with Display (VFR),0,0,22,3,25,0,5,211,3,219,0,5,233,6,244,390,0,390,634
08/24/2000,DWH,TX,ASW,CE,Towers with Display (VFR),0,0,22,3,25,0,1,163,8,172,0,1,185,11,197,284,0,284,481
08/25/2000,DWH,TX,ASW,CE,Towers with Display (VFR),0,0,44,7,51,0,1,246,12,259,0,1,290,19,310,496,0,496,806
08/26/2000,DWH,TX,ASW,CE,Towers with Display (VFR),0,0,38,6,44,0,1,248,9,258,0,1,286,15,302,358,12,370,672
08/27/2000,DWH,TX,ASW,CE,Towers with Display (VFR),0,0,26,4,30,0,5,268,1,274,0,5,294,5,304,248,0,248,552
08/28/2000,DWH,TX,ASW,CE,Towers with Display (VFR),0,0,23,3,26,0,4,191,1,196,0,4,214,4,222,242,0,242,464
08/29/2000,DWH,TX,ASW,CE,Towers with Display (VFR),0,0,29,4,33,0,8,157,10,175,0,8,186,14,208,292,0,292,500
08/30/2000,DWH,TX,ASW,CE,Towers with Display (VFR),0,0,16,2,18,0,0,229,11,240,0,0,245,13,258,252,10,262,520
08/31/2000,DWH,TX,ASW,CE,Towers with Display (VFR),0,0,30,4,34,0,5,217,8,230,0,5,247,12,264,266,0,266,530
09/01/2000,DWH,TX,ASW,CE,Towers with Display (VFR),0,1,28,5,34,0,4,164,1,169,0,5,192,6,203,0,2,2,205
09/02/2000,DWH,TX,ASW,CE,Towers with Display (VFR),0,1,16,3,20,0,1,178,1,180,0,2,194,4,200,192,6,198,398
09/03/2000,DWH,TX,ASW,CE,Towers with Display (VFR),0,1,24,1,26,0,2,210,0,212,0,3,234,1,238,176,2,178,416
09/04/2000,DWH,TX,ASW,CE,Towers with Display (VFR),0,1,20,4,25,0,4,174,10,188,0,5,194,14,213,324,2,326,539
09/05/2000,DWH,TX,ASW,CE,Towers with Display (VFR),0,1,20,3,24,0,1,149,12,162,0,2,169,15,186,270,0,270,456
09/06/2000,DWH,TX,ASW,CE,Towers with Display (VFR),0,1,31,5,37,0,4,151,14,169,0,5,182,19,206,258,2,260,466
09/07/2000,DWH,TX,ASW,CE,Towers with Display (VFR),0,1,33,6,40,0,4,175,10,189,0,5,208,16,229,206,4,210,439
09/08/2000,DWH,TX,ASW,CE,Towers with Display (VFR),0,0,47,9,56,0,0,108,12,120,0,0,155,21,176,320,2,322,498
09/09/2000,DWH,TX,ASW,CE,Towers with Display (VFR),0,1,29,1,31,0,1,155,0,156,0,2,184,1,187,160,0,160,347
09/10/2000,DWH,TX,ASW,CE,Towers with Display (VFR),0,1,20,3,24,0,4,184,1,189,0,5,204,4,213,244,2,246,459
09/11/2000,DWH,TX,ASW,CE,Towers with Display (VFR),0,1,19,3,23,0,0,167,0,167,0,1,186,3,190,282,0,282,472
09/12/2000,DWH,TX,ASW,CE,Towers with Display (VFR),0,0,29,6,35,0,10,175,0,185,0,10,204,6,220,284,0,284,504
09/13/2000,DWH,TX,ASW,CE,Towers with Display (VFR),0,0,52,2,54,0,3,8,0,11,0,3,60,2,65,135,2,137,202
09/14/2000,DWH,TX,ASW,CE,Towers with Display (VFR),0,0,30,6,36,0,3,111,3,117,0,3,141,9,153,228,0,228,381
09/15/2000,DWH,TX,ASW,CE,Towers with Display (VFR),0,0,39,8,47,0,6,216,7,229,0,6,255,15,276,386,22,408,684
09/16/2000,DWH,TX,ASW,CE,Towers with Display (VFR),0,0,23,0,23,0,7,271,0,278,0,7,294,0,301,210,0,210,511
09/17/2000,DWH,TX,ASW,CE,Towers with Display (VFR),0,0,32,6,38,0,3,286,0,289,0,3,318,6,327,296,22,318,645
09/18/2000,DWH,TX,ASW,CE,Towers with Display (VFR),0,0,27,4,31,0,3,206,1,210,0,3,233,5,241,328,0,328,569
09/19/2000,DWH,TX,ASW,CE,Towers with Display (VFR),0,0,18,3,21,0,4,193,4,201,0,4,211,7,222,226,2,228,450
09/20/2000,DWH,TX,ASW,CE,Towers with Display (VFR),0,0,39,7,46,0,2,160,6,168,0,2,199,13,214,388,6,394,608
09/21/2000,DWH,TX,ASW,CE,Towers with Display (VFR),0,0,16,3,19,0,0,96,1,97,0,0,112,4,116,358,0,358,474
09/22/2000,DWH,TX,ASW,CE,Towers with Display (VFR),0,0,31,5,36,0,12,153,4,169,0,12,184,9,205,246,12,258,463
09/23/2000,DWH,TX,ASW,CE,Towers with Display (VFR),0,0,18,3,21,0,2,205,4,211,0,2,223,7,232,250,24,274,506
09/24/2000,DWH,TX,ASW,CE,Towers with Display (VFR),0,0,26,0,26,0,3,183,0,186,0,3,209,0,212,396,0,396,608
09/25/2000,DWH,TX,ASW,CE,Towers with Display (VFR),0,0,25,4,29,0,1,149,11,161,0,1,174,15,190,168,0,168,358
09/26/2000,DWH,TX,ASW,CE,Towers with Display (VFR),0,0,39,7,46,0,4,204,14,222,0,4,243,21,268,386,2,388,656
09/27/2000,DWH,TX,ASW,CE,Towers with Display (VFR),0,0,21,3,24,0,3,290,7,300,0,3,311,10,324,412,0,412,736
09/28/2000,DWH,TX,ASW,CE,Towers with Display (VFR),0,0,45,8,53,0,10,235,13,258,0,10,280,21,311,382,8,390,701
09/29/2000,DWH,TX,ASW,CE,Towers with Display (VFR),0,0,29,5,34,0,4,261,3,268,0,4,290,8,302,404,0,404,706
09/30/2000,DWH,TX,ASW,CE,Towers with Display (VFR),0,0,14,0,14,0,4,290,0,294,0,4,304,0,308,478,0,478,786
10/01/2000,DWH,TX,ASW,CE,Towers with Display (VFR),0,1,26,0,27,0,11,297,0,308,0,12,323,0,335,0,0,0,335
10/02/2000,DWH,TX,ASW,CE,Towers with Display (VFR),0,1,40,6,47,0,3,145,2,150,0,4,185,8,197,420,8,428,625
10/03/2000,DWH,TX,ASW,CE,Towers with Display (VFR),0,0,38,5,43,0,0,139,15,154,0,0,177,20,197,394,10,404,601
10/04/2000,DWH,TX,ASW,CE,Towers with Display (VFR),0,1,27,4,32,0,3,215,6,224,0,4,242,10,256,364,0,364,620
10/05/2000,DWH,TX,ASW,CE,Towers with Display (VFR),0,1,26,4,31,0,8,111,0,119,0,9,137,4,150,284,0,284,434
10/06/2000,DWH,TX,ASW,CE,Towers with Display (VFR),0,1,30,0,31,0,0,46,0,46,0,1,76,0,77,94,0,94,171
10/07/2000,DWH,TX,ASW,CE,Towers with Display (VFR),0,0,19,1,20,0,2,31,0,33,0,2,50,1,53,26,0,26,79
10/08/2000,DWH,TX,ASW,CE,Towers with Display (VFR),0,0,23,2,25,0,2,65,0,67,0,2,88,2,92,146,0,146,238
10/09/2000,DWH,TX,ASW,CE,Towers with Display (VFR),0,0,22,2,24,0,4,148,0,152,0,4,170,2,176,358,0,358,534
10/10/2000,DWH,TX,ASW,CE,Towers with Display (VFR),0,0,28,5,33,0,9,156,1,166,0,9,184,6,199,350,0,350,549
10/11/2000,DWH,TX,ASW,CE,Towers with Display (VFR),0,0,27,5,32,0,5,272,1,278,0,5,299,6,310,446,2,448,758
10/12/2000,DWH,TX,ASW,CE,Towers with Display (VFR),0,0,32,2,34,0,4,217,0,221,0,4,249,2,255,396,12,408,663
10/13/2000,DWH,TX,ASW,CE,Towers with Display (VFR),0,0,22,4,26,0,2,225,0,227,0,2,247,4,253,266,0,266,519
10/14/2000,DWH,TX,ASW,CE,Towers with Display (VFR),0,0,45,4,49,0,6,297,0,303,0,6,342,4,352,310,28,338,690
10/15/2000,DWH,TX,ASW,CE,Towers with Display (VFR),0,0,20,2,22,0,3,221,0,224,0,3,241,2,246,201,0,201,447
10/16/2000,DWH,TX,ASW,CE,Towers with Display (VFR),0,0,34,5,39,0,4,136,1,141,0,4,170,6,180,446,10,456,636
10/17/2000,DWH,TX,ASW,CE,Towers with Display (VFR),0,0,27,4,31,0,6,181,5,192,0,6,208,9,223,418,0,418,641
10/18/2000,DWH,TX,ASW,CE,Towers with Display (VFR),0,0,32,2,34,0,2,163,0,165,0,2,195,2,199,414,0,414,613
10/19/2000,DWH,TX,ASW,CE,Towers with Display (VFR),0,0,40,6,46,0,1,171,22,194,0,1,211,28,240,328,38,366,606
10/20/2000,DWH,TX,ASW,CE,Towers with Display (VFR),0,0,48,7,55,0,6,209,4,219,0,6,257,11,274,260,8,268,542
10/21/2000,DWH,TX,ASW,CE,Towers with Display (VFR),0,0,21,3,24,0,4,78,0,82,0,4,99,3,106,162,0,162,268
10/22/2000,DWH,TX,ASW,CE,Towers with Display (VFR),0,0,28,0,28,0,3,65,0,68,0,3,93,0,96,160,0,160,256
10/23/2000,DWH,TX,ASW,CE,Towers with Display (VFR),0,0,37,5,42,0,4,82,2,88,0,4,119,7,130,210,0,210,340
10/24/2000,DWH,TX,ASW,CE,Towers with Display (VFR),0,0,51,7,58,0,3,145,9,157,0,3,196,16,215,572,0,572,787
10/25/2000,DWH,TX,ASW,CE,Towers with Display (VFR),0,0,28,4,32,0,1,210,7,218,0,1,238,11,250,398,0,398,648
10/26/2000,DWH,TX,ASW,CE,Towers with Display (VFR),0,0,40,6,46,0,3,172,0,175,0,3,212,6,221,272,12,284,505
10/27/2000,DWH,TX,ASW,CE,Towers with Display (VFR),0,0,57,8,65,0,2,183,15,200,0,2,240,23,265,482,34,516,781
10/28/2000,DWH,TX,ASW,CE,Towers with Display (VFR),0,0,32,0,32,0,4,216,0,220,0,4,248,0,252,312,0,312,564
10/29/2000,DWH,TX,ASW,CE,Towers with Display (VFR),0,0,39,2,41,0,3,88,0,91,0,3,127,2,132,252,2,254,386
10/30/2000,DWH,TX,ASW,CE,Towers with Display (VFR),0,0,36,5,41,0,2,134,4,140,0,2,170,9,181,498,0,498,679
10/31/2000,DWH,TX,ASW,CE,Towers with Display (VFR),0,0,38,5,43,0,1,129,2,132,0,1,167,7,175,320,4,324,499
11/01/2000,DWH,TX,ASW,CE,Towers with Display (VFR),0,0,17,2,19,0,8,125,6,139,0,8,142,8,158,0,0,0,158
11/02/2000,DWH,TX,ASW,CE,Towers with Display (VFR),0,1,40,5,46,0,0,78,1,79,0,1,118,6,125,334,8,342,467
11/03/2000,DWH,TX,ASW,CE,Towers with Display (VFR),0,1,35,0,36,0,0,2,0,2,0,1,37,0,38,20,0,20,58
11/04/2000,DWH,TX,ASW,CE,Towers with Display (VFR),0,1,16,0,17,0,1,27,0,28,0,2,43,0,45,80,0,80,125
11/05/2000,DWH,TX,ASW,CE,Towers with Display (VFR),0,1,27,3,31,0,1,141,0,142,0,2,168,3,173,380,0,380,553
11/06/2000,DWH,TX,ASW,CE,Towers with Display (VFR),0,1,22,2,25,0,1,143,4,148,0,2,165,6,173,222,6,228,401
11/07/2000,DWH,TX,ASW,CE,Towers with Display (VFR),0,1,30,3,34,0,6,135,2,143,0,7,165,5,177,302,0,302,479
11/08/2000,DWH,TX,ASW,CE,Towers with Display (VFR),0,0,38,0,38,0,0,7,0,7,0,0,45,0,45,106,0,106,151
11/09/2000,DWH,TX,ASW,CE,Towers with Display (VFR),0,1,28,3,32,0,2,233,5,240,0,3,261,8,272,389,14,403,675
11/10/2000,DWH,TX,ASW,CE,Towers with Display (VFR),0,1,28,0,29,0,0,363,0,363,0,1,391,0,392,556,0,556,948
11/11/2000,DWH,TX,ASW,CE,Towers with Display (VFR),0,1,76,4,81,0,3,82,0,85,0,4,158,4,166,232,0,232,398
11/12/2000,DWH,TX,ASW,CE,Towers with Display (VFR),0,0,31,0,31,0,1,119,0,120,0,1,150,0,151,290,0,290,441
11/13/2000,DWH,TX,ASW,CE,Towers with Display (VFR),0,0,28,2,30,0,1,177,0,178,0,1,205,2,208,302,0,302,510
11/14/2000,DWH,TX,ASW,CE,Towers with Display (VFR),0,0,43,5,48,0,7,207,10,224,0,7,250,15,272,306,8,314,586
11/15/2000,DWH,TX,ASW,CE,Towers with Display (VFR),0,0,41,5,46,0,7,161,7,175,0,7,202,12,221,382,0,382,603
11/16/2000,DWH,TX,ASW,CE,Towers with Display (VFR),0,0,5,0,5,0,4,119,4,127,0,4,124,4,132,274,0,274,406
11/17/2000,DWH,TX,ASW,CE,Towers with Display (VFR),0,0,37,4,41,0,4,31,0,35,0,4,68,4,76,14,0,14,90
11/18/2000,DWH,TX,ASW,CE,Towers with Display (VFR),0,0,10,1,11,0,0,0,1,1,0,0,10,2,12,0,0,0,12
11/19/2000,DWH,TX,ASW,CE,Towers with Display (VFR),0,0,37,4,41,0,3,161,7,171,0,3,198,11,212,270,14,284,496
11/20/2000,DWH,TX,ASW,CE,Towers with Display (VFR),0,0,29,3,32,0,5,244,13,262,0,5,273,16,294,230,8,238,532
11/21/2000,DWH,TX,ASW,CE,Towers with Display (VFR),0,0,29,3,32,0,3,239,10,252,0,3,268,13,284,322,0,322,606
11/22/2000,DWH,TX,ASW,CE,Towers with Display (VFR),0,0,39,4,43,0,1,231,0,232,0,1,270,4,275,430,0,430,705
11/23/2000,DWH,TX,ASW,CE,Towers with Display (VFR),0,0,12,0,12,0,1,18,0,19,0,1,30,0,31,2,0,2,33
11/24/2000,DWH,TX,ASW,CE,Towers with Display (VFR),0,0,17,0,17,0,2,61,0,63,0,2,78,0,80,116,0,116,196
11/25/2000,DWH,TX,ASW,CE,Towers with Display (VFR),0,0,22,0,22,0,2,298,0,300,0,2,320,0,322,264,0,264,586
11/26/2000,DWH,TX,ASW,CE,Towers with Display (VFR),0,0,17,2,19,0,4,298,2,304,0,4,315,4,323,274,22,296,619
11/27/2000,DWH,TX,ASW,CE,Towers with Display (VFR),0,0,27,3,30,0,3,193,10,206,0,3,220,13,236,284,0,284,520
11/28/2000,DWH,TX,ASW,CE,Towers with Display (VFR),0,0,49,6,55,0,6,126,6,138,0,6,175,12,193,264,18,282,475
11/29/2000,DWH,TX,ASW,CE,Towers with Display (VFR),0,0,57,3,60,0,3,12,0,15,0,3,69,3,75,146,0,146,221
11/30/2000,DWH,TX,ASW,CE,Towers with Display (VFR),0,0,42,5,47,0,8,245,4,257,0,8,287,9,304,414,0,414,718
12/01/2000,DWH,TX,ASW,CE,Towers with Display (VFR),0,1,29,0,30,0,2,47,0,49,0,3,76,0,79,10,0,10,89
12/02/2000,DWH,TX,ASW,CE,Towers with Display (VFR),0,1,19,3,23,0,6,239,4,249,0,7,258,7,272,240,0,240,512
12/03/2000,DWH,TX,ASW,CE,Towers with Display (VFR),0,1,26,4,31,0,4,239,3,246,0,5,265,7,277,512,8,520,797
12/04/2000,DWH,TX,ASW,CE,Towers with Display (VFR),0,1,14,2,17,0,5,168,11,184,0,6,182,13,201,382,14,396,597
12/05/2000,DWH,TX,ASW,CE,Towers with Display (VFR),0,1,34,5,40,0,5,189,9,203,0,6,223,14,243,342,0,342,585
12/06/2000,DWH,TX,ASW,CE,Towers with Display (VFR),0,1,24,4,29,0,0,30,5,35,0,1,54,9,64,46,4,50,114
12/07/2000,DWH,TX,ASW,CE,Towers with Display (VFR),0,1,33,5,39,0,6,257,10,273,0,7,290,15,312,470,2,472,784
12/08/2000,DWH,TX,ASW,CE,Towers with Display (VFR),0,1,42,6,49,0,2,241,20,263,0,3,283,26,312,302,30,332,644
12/09/2000,DWH,TX,ASW,CE,Towers with Display (VFR),0,1,24,4,29,0,2,166,0,168,0,3,190,4,197,382,0,382,579
12/10/2000,DWH,TX,ASW,CE,Towers with Display (VFR),0,1,36,2,39,0,2,227,0,229,0,3,263,2,268,400,0,400,668
12/11/2000,DWH,TX,ASW,CE,Towers with Display (VFR),0,1,30,4,35,0,2,83,9,94,0,3,113,13,129,270,8,278,407
12/12/2000,DWH,TX,ASW,CE,Towers with Display (VFR),0,1,21,0,22,0,0,77,0,77,0,1,98,0,99,122,0,122,221
12/13/2000,DWH,TX,ASW,CE,Towers with Display (VFR),0,1,11,1,13,0,0,25,0,25,0,1,36,1,38,68,0,68,106
12/14/2000,DWH,TX,ASW,CE,Towers with Display (VFR),0,2,83,5,90,0,2,103,0,105,0,4,186,5,195,312,0,312,507
12/15/2000,DWH,TX,ASW,CE,Towers with Display (VFR),0,0,4,0,4,0,0,1,0,1,0,0,5,0,5,0,0,0,5
12/16/2000,DWH,TX,ASW,CE,Towers with Display (VFR),0,0,29,4,33,0,5,123,1,129,0,5,152,5,162,90,32,122,284
12/17/2000,DWH,TX,ASW,CE,Towers with Display (VFR),0,0,32,4,36,0,2,292,0,294,0,2,324,4,330,460,0,460,790
12/18/2000,DWH,TX,ASW,CE,Towers with Display (VFR),0,0,21,3,24,0,5,116,5,126,0,5,137,8,150,200,8,208,358
12/19/2000,DWH,TX,ASW,CE,Towers with Display (VFR),0,0,40,6,46,0,3,221,7,231,0,3,261,13,277,356,0,356,633
12/20/2000,DWH,TX,ASW,CE,Towers with Display (VFR),0,0,37,6,43,0,9,153,6,168,0,9,190,12,211,328,26,354,565
12/21/2000,DWH,TX,ASW,CE,Towers with Display (VFR),0,0,25,4,29,0,3,161,4,168,0,3,186,8,197,140,0,140,337
12/22/2000,DWH,TX,ASW,CE,Towers with Display (VFR),0,0,42,3,45,0,7,249,0,256,0,7,291,3,301,364,0,364,665
12/23/2000,DWH,TX,ASW,CE,Towers with Display (VFR),0,0,37,0,37,0,2,181,0,183,0,2,218,0,220,328,0,328,548
12/24/2000,DWH,TX,ASW,CE,Towers with Display (VFR),0,0,7,0,7,0,0,2,0,2,0,0,9,0,9,0,0,0,9
12/25/2000,DWH,TX,ASW,CE,Towers with Display (VFR),0,0,11,0,11,0,3,52,0,55,0,3,63,0,66,6,0,6,72
12/26/2000,DWH,TX,ASW,CE,Towers with Display (VFR),0,0,13,0,13,0,3,51,0,54,0,3,64,0,67,0,216,216,283
12/27/2000,DWH,TX,ASW,CE,Towers with Display (VFR),0,0,21,4,25,0,0,0,0,0,0,0,21,4,25,40,0,40,65
12/28/2000,DWH,TX,ASW,CE,Towers with Display (VFR),0,0,41,6,47,0,9,217,10,236,0,9,258,16,283,324,12,336,619
12/29/2000,DWH,TX,ASW,CE,Towers with Display (VFR),0,0,34,5,39,0,2,239,3,244,0,2,273,8,283,230,0,230,513
12/30/2000,DWH,TX,ASW,CE,Towers with Display (VFR),0,0,21,2,23,0,4,270,0,274,0,4,291,2,297,414,0,414,711
12/31/2000,DWH,TX,ASW,CE,Towers with Display (VFR),0,0,9,0,9,0,4,112,0,116,0,4,121,0,125,182,0,182,307
01/01/2001,DWH,TX,ASW,CE,Towers with Display (VFR),0,1,31,0,32,0,6,7,0,13,0,7,38,0,45,26,0,26,71
01/02/2001,DWH,TX,ASW,CE,Towers with Display (VFR),0,1,12,0,13,0,2,110,0,112,0,3,122,0,125,160,0,160,285
01/03/2001,DWH,TX,ASW,CE,Towers with Display (VFR),0,1,22,2,25,0,3,179,4,186,0,4,201,6,211,486,0,486,697
01/04/2001,DWH,TX,ASW,CE,Towers with Display (VFR),0,1,27,3,31,0,2,236,7,245,0,3,263,10,276,238,12,250,526
01/05/2001,DWH,TX,ASW,CE,Towers with Display (VFR),0,1,36,4,41,0,9,239,8,256,0,10,275,12,297,340,0,340,637
01/06/2001,DWH,TX,ASW,CE,Towers with Display (VFR),0,1,31,0,32,0,6,351,0,357,0,7,382,0,389,462,0,462,851
01/07/2001,DWH,TX,ASW,CE,Towers with Display (VFR),0,1,60,0,61,0,0,24,0,24,0,1,84,0,85,242,0,242,327
01/08/2001,DWH,TX,ASW,CE,Towers with Display (VFR),0,1,27,3,31,0,1,201,4,206,0,2,228,7,237,294,8,302,539
01/09/2001,DWH,TX,ASW,CE,Towers with Display (VFR),0,1,31,3,35,0,6,234,3,243,0,7,265,6,278,286,0,286,564
01/10/2001,DWH,TX,ASW,CE,Towers with Display (VFR),0,1,20,0,21,0,0,30,0,30,0,1,50,0,51,60,0,60,111
01/11/2001,DWH,TX,ASW,CE,Towers with Display (VFR),0,1,43,5,49,0,0,18,5,23,0,1,61,10,72,62,0,62,134
01/12/2001,DWH,TX,ASW,CE,Towers with Display (VFR),0,0,60,8,68,0,4,35,2,41,0,4,95,10,109,138,0,138,247
01/13/2001,DWH,TX,ASW,CE,Towers with Display (VFR),0,0,23,0,23,0,0,0,0,0,0,0,23,0,23,18,0,18,41
01/14/2001,DWH,TX,ASW,CE,Towers with Display (VFR),0,0,32,2,34,0,4,383,0,387,0,4,415,2,421,514,0,514,935
01/15/2001,DWH,TX,ASW,CE,Towers with Display (VFR),0,0,28,0,28,0,5,254,0,259,0,5,282,0,287,396,0,396,683
01/16/2001,DWH,TX,ASW,CE,Towers with Display (VFR),0,0,23,2,25,0,0,1,0,1,0,0,24,2,26,0,0,0,26
01/17/2001,DWH,TX,ASW,CE,Towers with Display (VFR),0,0,8,0,8,0,0,1,0,1,0,0,9,0,9,0,0,0,9
01/18/2001,DWH,TX,ASW,CE,Towers with Display (VFR),0,0,19,0,19,0,2,1,0,3,0,2,20,0,22,0,0,0,22
01/19/2001,DWH,TX,ASW,CE,Towers with Display (VFR),0,0,24,2,26,0,2,164,8,174,0,2,188,10,200,324,0,324,524
01/20/2001,DWH,TX,ASW,CE,Towers with Display (VFR),0,0,34,3,37,0,2,397,0,399,0,2,431,3,436,468,12,480,916
01/21/2001,DWH,TX,ASW,CE,Towers with Display (VFR),0,0,30,3,33,0,1,235,1,237,0,1,265,4,270,422,4,426,696
01/22/2001,DWH,TX,ASW,CE,Towers with Display (VFR),0,0,27,3,30,0,2,274,1,277,0,2,301,4,307,370,0,370,677
01/23/2001,DWH,TX,ASW,CE,Towers with Display (VFR),0,0,37,4,41,0,1,207,10,218,0,1,244,14,259,476,0,476,735
01/24/2001,DWH,TX,ASW,CE,Towers with Display (VFR),0,0,39,4,43,0,6,249,13,268,0,6,288,17,311,446,4,450,761
01/25/2001,DWH,TX,ASW,CE,Towers with Display (VFR),0,0,25,3,28,0,6,238,12,256,0,6,263,15,284,282,0,282,566
01/26/2001,DWH,TX,ASW,CE,Towers with Display (VFR),0,0,45,5,50,0,5,173,8,186,0,5,218,13,236,424,10,434,670
01/27/2001,DWH,TX,ASW,CE,Towers with Display (VFR),0,0,25,0,25,0,0,173,0,173,0,0,198,0,198,318,0,318,516
01/28/2001,DWH,TX,ASW,CE,Towers with Display (VFR),0,0,37,4,41,0,4,80,1,85,0,4,117,5,126,188,0,188,314
01/29/2001,DWH,TX,ASW,CE,Towers with Display (VFR),0,0,24,2,26,0,3,144,3,150,0,3,168,5,176,234,0,234,410
01/30/2001,DWH,TX,ASW,CE,Towers with Display (VFR),0,0,26,3,29,0,1,250,6,257,0,1,276,9,286,294,0,294,580
01/31/2001,DWH,TX,ASW,CE,Towers with Display (VFR),0,0,27,3,30,0,1,206,19,226,0,1,233,22,256,378,0,378,634
02/01/2001,DWH,TX,ASW,CE,Towers with Display (VFR),0,1,32,3,36,0,4,177,5,186,0,5,209,8,222,0,0,0,222
02/02/2001,DWH,TX,ASW,CE,Towers with Display (VFR),0,1,33,3,37,0,0,207,19,226,0,1,240,22,263,302,14,316,579
02/03/2001,DWH,TX,ASW,CE,Towers with Display (VFR),0,1,33,2,36,0,5,347,0,352,0,6,380,2,388,406,0,406,794
02/04/2001,DWH,TX,ASW,CE,Towers with Display (VFR),0,1,31,3,35,0,4,358,4,366,0,5,389,7,401,540,0,540,941
02/05/2001,DWH,TX,ASW,CE,Towers with Display (VFR),0,1,27,3,31,0,1,224,11,236,0,2,251,14,267,212,0,212,479
02/06/2001,DWH,TX,ASW,CE,Towers with Display (VFR),0,1,29,3,33,0,0,185,3,188,0,1,214,6,221,190,2,192,413
02/07/2001,DWH,TX,ASW,CE,Towers with Display (VFR),0,0,38,5,43,0,1,129,2,132,0,1,167,7,175,350,10,360,535
02/08/2001,DWH,TX,ASW,CE,Towers with Display (VFR),0,0,34,2,36,0,4,46,0,50,0,4,80,2,86,94,0,94,180
02/09/2001,DWH,TX,ASW,CE,Towers with Display (VFR),0,0,34,4,38,0,3,118,5,126,0,3,152,9,164,178,0,178,342
02/10/2001,DWH,TX,ASW,CE,Towers with Display (VFR),0,0,25,3,28,0,3,337,6,346,0,3,362,9,374,442,0,442,816
02/11/2001,DWH,TX,ASW,CE,Towers with Display (VFR),0,0,42,2,44,0,2,166,0,168,0,2,208,2,212,338,0,338,550
02/12/2001,DWH,TX,ASW,CE,Towers with Display (VFR),0,0,52,2,54,0,0,0,0,0,0,0,52,2,54,74,0,74,128
02/13/2001,DWH,TX,ASW,CE,Towers with Display (VFR),0,0,21,0,21,0,5,52,0,57,0,5,73,0,78,202,0,202,280
02/14/2001,DWH,TX,ASW,CE,Towers with Display (VFR),0,0,28,4,32,0,3,104,0,107,0,3,132,4,139,258,0,258,397
02/15/2001,DWH,TX,ASW,CE,Towers with Display (VFR),0,0,24,2,26,0,3,121,0,124,0,3,145,2,150,342,0,342,492
02/16/2001,DWH,TX,ASW,CE,Towers with Display (VFR),0,0,45,6,51,0,2,68,0,70,0,2,113,6,121,122,0,122,243
02/17/2001,DWH,TX,ASW,CE,Towers with Display (VFR),0,0,24,1,25,0,0,340,0,340,0,0,364,1,365,414,0,414,779
02/18/2001,DWH,TX,ASW,CE,Towers with Display (VFR),0,0,35,1,36,0,4,395,0,399,0,4,430,1,435,406,0,406,841
02/19/2001,DWH,TX,ASW,CE,Towers with Display (VFR),0,0,28,3,31,0,3,259,1,263,0,3,287,4,294,430,54,484,778
02/20/2001,DWH,TX,ASW,CE,Towers with Display (VFR),0,0,30,3,33,0,3,174,6,183,0,3,204,9,216,410,28,438,654
02/21/2001,DWH,TX,ASW,CE,Towers with Display (VFR),0,0,37,2,39,0,6,114,0,120,0,6,151,2,159,424,0,424,583
02/22/2001,DWH,TX,ASW,CE,Towers with Display (VFR),0,0,38,4,42,0,6,176,8,190,0,6,214,12,232,378,18,396,628
02/23/2001,DWH,TX,ASW,CE,Towers with Display (VFR),0,0,36,4,40,0,1,24,4,29,0,1,60,8,69,176,0,176,245
02/24/2001,DWH,TX,ASW,CE,Towers with Display (VFR),0,0,6,0,6,0,11,48,0,59,0,11,54,0,65,118,0,118,183
02/25/2001,DWH,TX,ASW,CE,Towers with Display (VFR),0,0,39,4,43,0,3,394,1,398,0,3,433,5,441,536,0,536,977
02/26/2001,DWH,TX,ASW,CE,Towers with Display (VFR),0,0,51,5,56,0,4,42,2,48,0,4,93,7,104,258,0,258,362
02/27/2001,DWH,TX,ASW,CE,Towers with Display (VFR),0,0,22,0,22,0,6,134,0,140,0,6,156,0,162,274,0,274,436
02/28/2001,DWH,TX,ASW,CE,Towers with Display (VFR),0,0,16,1,17,0,0,3,0,3,0,0,19,1,20,0,0,0,20
03/01/2001,DWH,TX,ASW,CE,Towers with Display (VFR),0,0,15,0,15,0,0,3,0,3,0,0,18,0,18,0,0,0,18
03/02/2001,DWH,TX,ASW,CE,Towers with Display (VFR),0,0,18,0,18,0,0,3,0,3,0,0,21,0,21,0,0,0,21
03/03/2001,DWH,TX,ASW,CE,Towers with Display (VFR),0,1,24,0,25,0,1,0,0,1,0,2,24,0,26,42,0,42,68
03/04/2001,DWH,TX,ASW,CE,Towers with Display (VFR),0,1,36,1,38,0,2,447,0,449,0,3,483,1,487,494,0,494,981
03/05/2001,DWH,TX,ASW,CE,Towers with Display (VFR),0,1,28,4,33,0,3,300,3,306,0,4,328,7,339,466,0,466,805
03/06/2001,DWH,TX,ASW,CE,Towers with Display (VFR),0,1,26,3,30,0,5,297,2,304,0,6,323,5,334,390,2,392,726
03/07/2001,DWH,TX,ASW,CE,Towers with Display (VFR),0,1,35,5,41,0,4,295,8,307,0,5,330,13,348,522,0,522,870
03/08/2001,DWH,TX,ASW,CE,Towers with Display (VFR),0,1,21,0,22,0,2,86,0,88,0,3,107,0,110,150,0,150,260
03/09/2001,DWH,TX,ASW,CE,Towers with Display (VFR),0,1,54,7,62,0,2,193,3,198,0,3,247,10,260,536,0,536,796
03/10/2001,DWH,TX,ASW,CE,Towers with Display (VFR),0,1,59,8,68,0,6,359,7,372,0,7,418,15,440,546,42,588,1028
03/11/2001,DWH,TX,ASW,CE,Towers with Display (VFR),0,1,31,2,34,0,4,13,0,17,0,5,44,2,51,10,0,10,61
03/12/2001,DWH,TX,ASW,CE,Towers with Display (VFR),0,1,28,4,33,0,13,255,6,274,0,14,283,10,307,312,0,312,619
03/13/2001,DWH,TX,ASW,CE,Towers with Display (VFR),0,1,41,5,47,0,5,245,7,257,0,6,286,12,304,414,0,414,718
03/14/2001,DWH,TX,ASW,CE,Towers with Display (VFR),0,1,15,0,16,0,1,18,0,19,0,2,33,0,35,66,0,66,101
03/15/2001,DWH,TX,ASW,CE,Towers with Display (VFR),0,1,28,4,33,0,5,174,1,180,0,6,202,5,213,150,0,150,363
03/16/2001,DWH,TX,ASW,CE,Towers with Display (VFR),0,0,47,6,53,0,3,319,0,322,0,3,366,6,375,392,0,392,767
03/17/2001,DWH,TX,ASW,CE,Towers with Display (VFR),0,0,32,0,32,0,2,248,0,250,0,2,280,0,282,468,0,468,750
03/18/2001,DWH,TX,ASW,CE,Towers with Display (VFR),0,0,32,3,35,0,7,275,0,282,0,7,307,3,317,398,0,398,715
03/19/2001,DWH,TX,ASW,CE,Towers with Display (VFR),0,0,40,5,45,0,1,218,3,222,0,1,258,8,267,314,8,322,589
03/20/2001,DWH,TX,ASW,CE,Towers with Display (VFR),0,0,26,3,29,0,3,234,8,245,0,3,260,11,274,174,14,188,462
03/21/2001,DWH,TX,ASW,CE,Towers with Display (VFR),0,0,21,0,21,0,4,297,0,301,0,4,318,0,322,520,0,520,842
03/22/2001,DWH,TX,ASW,CE,Towers with Display (VFR),0,0,36,5,41,0,3,225,4,232,0,3,261,9,273,266,4,270,543
03/23/2001,DWH,TX,ASW,CE,Towers with Display (VFR),0,0,68,9,77,0,4,237,15,256,0,4,305,24,333,330,88,418,751
03/24/2001,DWH,TX,ASW,CE,Towers with Display (VFR),0,0,23,0,23,0,4,146,0,150,0,4,169,0,173,384,0,384,557
03/25/2001,DWH,TX,ASW,CE,Towers with Display (VFR),0,0,42,5,47,0,1,367,10,378,0,1,409,15,425,416,24,440,865
03/26/2001,DWH,TX,ASW,CE,Towers with Display (VFR),0,0,28,4,32,0,9,247,5,261,0,9,275,9,293,332,0,332,625
03/27/2001,DWH,TX,ASW,CE,Towers with Display (VFR),0,0,35,5,40,0,3,55,1,59,0,3,90,6,99,112,0,112,211
03/28/2001,DWH,TX,ASW,CE,Towers with Display (VFR),0,0,31,4,35,0,0,3,1,4,0,0,34,5,39,20,0,20,59
03/29/2001,DWH,TX,ASW,CE,Towers with Display (VFR),0,0,30,4,34,0,5,27,4,36,0,5,57,8,70,74,0,74,144
03/30/2001,DWH,TX,ASW,CE,Towers with Display (VFR),0,0,26,2,28,0,1,314,0,315,0,1,340,2,343,338,0,338,681
03/31/2001,DWH,TX,ASW,CE,Towers with Display (VFR),0,0,45,6,51,0,10,330,3,343,0,10,375,9,394,522,68,590,984
04/01/2001,DWH,TX,ASW,CE,Towers with Display (VFR),0,0,35,2,37,0,6,387,0,393,0,6,422,2,430,0,0,0,430
04/02/2001,DWH,TX,ASW,CE,Towers with Display (VFR),0,0,34,4,38,0,3,143,5,151,0,3,177,9,189,246,12,258,447
04/03/2001,DWH,TX,ASW,CE,Towers with Display (VFR),0,0,55,5,60,0,2,103,0,105,0,2,158,5,165,462,0,462,627
04/04/2001,DWH,TX,ASW,CE,Towers with Display (VFR),0,0,66,5,71,0,1,80,5,86,0,1,146,10,157,308,0,308,465
04/05/2001,DWH,TX,ASW,CE,Towers with Display (VFR),0,0,30,7,37,0,4,201,8,213,0,4,231,15,250,238,0,238,488
04/06/2001,DWH,TX,ASW,CE,Towers with Display (VFR),0,0,25,6,31,0,1,156,6,163,0,1,181,12,194,156,20,176,370
04/07/2001,DWH,TX,ASW,CE,Towers with Display (VFR),0,1,36,5,42,0,2,233,15,250,0,3,269,20,292,336,22,358,650
04/08/2001,DWH,TX,ASW,CE,Towers with Display (VFR),0,0,35,0,35,0,6,206,3,215,0,6,241,3,250,268,0,268,518
04/09/2001,DWH,TX,ASW,CE,Towers with Display (VFR),0,0,41,4,45,0,8,166,3,177,0,8,207,7,222,174,0,174,396
04/10/2001,DWH,TX,ASW,CE,Towers with Display (VFR),0,3,25,1,29,0,2,154,5,161,0,5,179,6,190,216,0,216,406
04/11/2001,DWH,TX,ASW,CE,Towers with Display (VFR),0,0,31,2,33,0,4,89,3,96,0,4,120,5,129,194,0,194,323
04/12/2001,DWH,TX,ASW,CE,Towers with Display (VFR),0,0,47,0,47,0,4,134,3,141,0,4,181,3,188,214,0,214,402
04/13/2001,DWH,TX,ASW,CE,Towers with Display (VFR),0,0,44,2,46,0,2,147,2,151,0,2,191,4,197,260,0,260,457
04/14/2001,DWH,TX,ASW,CE,Towers with Display (VFR),0,1,39,4,44,0,1,289,0,290,0,2,328,4,334,456,0,456,790
04/15/2001,DWH,TX,ASW,CE,Towers with Display (VFR),0,0,23,0,23,0,5,187,1,193,0,5,210,1,216,208,0,208,424
04/16/2001,DWH,TX,ASW,CE,Towers with Display (VFR),0,0,34,2,36,0,2,109,5,116,0,2,143,7,152,122,0,122,274
04/17/2001,DWH,TX,ASW,CE,Towers with Display (VFR),0,1,33,0,34,0,2,116,2,120,0,3,149,2,154,180,0,180,334
04/18/2001,DWH,TX,ASW,CE,Towers with Display (VFR),0,1,38,1,40,0,4,282,14,300,0,5,320,15,340,406,14,420,760
04/19/2001,DWH,TX,ASW,CE,Towers with Display (VFR),0,0,35,8,43,0,0,104,3,107,0,0,139,11,150,218,0,218,368
04/20/2001,DWH,TX,ASW,CE,Towers with Display (VFR),0,0,40,1,41,0,5,170,12,187,0,5,210,13,228,246,0,246,474
04/21/2001,DWH,TX,ASW,CE,Towers with Display (VFR),0,1,33,0,34,0,4,239,2,245,0,5,272,2,279,246,0,246,525
04/22/2001,DWH,TX,ASW,CE,Towers with Display (VFR),0,13,33,2,48,0,3,148,2,153,0,16,181,4,201,198,0,198,399
04/23/2001,DWH,TX,ASW,CE,Towers with Display (VFR),0,0,25,2,27,0,2,120,4,126,0,2,145,6,153,330,0,330,483
04/24/2001,DWH,TX,ASW,CE,Towers with Display (VFR),0,2,40,7,49,0,3,192,1,196,0,5,232,8,245,316,0,316,561
04/25/2001,DWH,TX,ASW,CE,Towers with Display (VFR),0,0,34,5,39,0,5,318,14,337,0,5,352,19,376,374,4,378,754
04/26/2001,DWH,TX,ASW,CE,Towers with Display (VFR),0,1,40,5,46,0,7,291,4,302,0,8,331,9,348,400,0,400,748
04/27/2001,DWH,TX,ASW,CE,Towers with Display (VFR),0,1,39,14,54,0,2,308,2,312,0,3,347,16,366,370,20,390,756
04/28/2001,DWH,TX,ASW,CE,Towers with Display (VFR),0,1,39,0,40,0,8,409,3,420,0,9,448,3,460,412,0,412,872
04/29/2001,DWH,TX,ASW,CE,Towers with Display (VFR),0,5,14,0,19,0,0,296,0,296,0,5,310,0,315,388,0,388,703
04/30/2001,DWH,TX,ASW,CE,Towers with Display (VFR),0,1,27,8,36,0,5,176,6,187,0,6,203,14,223,434,0,434,657
05/01/2001,DWH,TX,ASW,CE,Towers with Display (VFR),0,5,44,8,57,0,5,133,6,144,0,10,177,14,201,0,0,0,201
05/02/2001,DWH,TX,ASW,CE,Towers with Display (VFR),0,0,55,1,56,0,6,204,12,222,0,6,259,13,278,342,4,346,624
05/03/2001,DWH,TX,ASW,CE,Towers with Display (VFR),0,1,52,2,55,0,7,161,1,169,0,8,213,3,224,220,0,220,444
05/04/2001,DWH,TX,ASW,CE,Towers with Display (VFR),0,1,39,14,54,0,7,111,3,121,0,8,150,17,175,190,6,196,371
05/05/2001,DWH,TX,ASW,CE,Towers with Display (VFR),0,0,47,6,53,0,2,73,0,75,0,2,120,6,128,294,0,294,422
05/06/2001,DWH,TX,ASW,CE,Towers with Display (VFR),0,0,23,17,40,0,1,263,2,266,0,1,286,19,306,714,2,716,1022
05/07/2001,DWH,TX,ASW,CE,Towers with Display (VFR),0,1,21,11,33,0,5,180,9,194,0,6,201,20,227,286,18,304,531
05/08/2001,DWH,TX,ASW,CE,Towers with Display (VFR),0,0,34,7,41,0,1,136,3,140,0,1,170,10,181,348,0,348,529
05/09/2001,DWH,TX,ASW,CE,Towers with Display (VFR),0,0,65,3,68,0,7,260,9,276,0,7,325,12,344,560,8,568,912
05/10/2001,DWH,TX,ASW,CE,Towers with Display (VFR),0,0,47,4,51,0,1,192,5,198,0,1,239,9,249,258,12,270,519
05/11/2001,DWH,TX,ASW,CE,Towers with Display (VFR),0,0,34,2,36,0,4,244,0,248,0,4,278,2,284,234,8,242,526
05/12/2001,DWH,TX,ASW,CE,Towers with Display (VFR),0,1,31,5,37,0,0,314,2,316,0,1,345,7,353,542,32,574,927
05/13/2001,DWH,TX,ASW,CE,Towers with Display (VFR),0,0,29,2,31,0,5,261,0,266,0,5,290,2,297,344,2,346,643
05/14/2001,DWH,TX,ASW,CE,Towers with Display (VFR),0,0,43,3,46,0,1,212,3,216,0,1,255,6,262,404,0,404,666
05/15/2001,DWH,TX,ASW,CE,Towers with Display (VFR),0,1,39,6,46,0,5,242,0,247,0,6,281,6,293,268,8,276,569
05/16/2001,DWH,TX,ASW,CE,Towers with Display (VFR),0,1,42,2,45,0,1,218,9,228,0,2,260,11,273,308,0,308,581
05/17/2001,DWH,TX,ASW,CE,Towers with Display (VFR),0,1,38,1,40,0,2,225,13,240,0,3,263,14,280,306,2,308,588
05/18/2001,DWH,TX,ASW,CE,Towers with Display (VFR),0,0,39,3,42,0,4,287,1,292,0,4,326,4,334,292,0,292,626
05/19/2001,DWH,TX,ASW,CE,Towers with Display (VFR),0,0,55,5,60,0,9,254,8,271,0,9,309,13,331,462,12,474,805
05/20/2001,DWH,TX,ASW,CE,Towers with Display (VFR),0,4,44,3,51,0,6,265,4,275,0,10,309,7,326,364,2,366,692
05/21/2001,DWH,TX,ASW,CE,Towers with Display (VFR),0,0,17,0,17,0,5,89,2,96,0,5,106,2,113,108,0,108,221
05/22/2001,DWH,TX,ASW,CE,Towers with Display (VFR),0,0,27,6,33,0,4,225,2,231,0,4,252,8,264,412,4,416,680
05/23/2001,DWH,TX,ASW,CE,Towers with Display (VFR),0,0,34,0,34,0,4,266,3,273,0,4,300,3,307,294,0,294,601
05/24/2001,DWH,TX,ASW,CE,Towers with Display (VFR),0,0,31,14,45,0,4,241,3,248,0,4,272,17,293,326,2,328,621
05/25/2001,DWH,TX,ASW,CE,Towers with Display (VFR),0,0,47,4,51,0,7,307,2,316,0,7,354,6,367,398,2,400,767
05/26/2001,DWH,TX,ASW,CE,Towers with Display (VFR),0,2,26,0,28,0,3,113,0,116,0,5,139,0,144,510,0,510,654
05/27/2001,DWH,TX,ASW,CE,Towers with Display (VFR),0,0,31,0,31,0,9,174,0,183,0,9,205,0,214,264,0,264,478
05/28/2001,DWH,TX,ASW,CE,Towers with Display (VFR),0,0,30,0,30,0,1,253,0,254,0,1,283,0,284,266,0,266,550
05/29/2001,DWH,TX,ASW,CE,Towers with Display (VFR),0,0,51,5,56,0,1,186,4,191,0,1,237,9,247,438,10,448,695
05/30/2001,DWH,TX,ASW,CE,Towers with Display (VFR),0,0,30,0,30,0,4,220,5,229,0,4,250,5,259,378,0,378,637
05/31/2001,DWH,TX,ASW,CE,Towers with Display (VFR),0,1,31,2,34,0,0,100,1,101,0,1,131,3,135,218,0,218,353
06/01/2001,DWH,TX,ASW,CE,Towers with Display (VFR),0,0,50,7,57,0,9,220,4,233,0,9,270,11,290,0,32,32,322
06/02/2001,DWH,TX,ASW,CE,Towers with Display (VFR),0,1,27,2,30,0,1,316,2,319,0,2,343,4,349,552,0,552,901
06/03/2001,DWH,TX,ASW,CE,Towers with Display (VFR),0,2,46,0,48,0,4,279,1,284,0,6,325,1,332,354,0,354,686
06/04/2001,DWH,TX,ASW,CE,Towers with Display (VFR),0,0,26,2,28,0,3,147,10,160,0,3,173,12,188,216,0,216,404
06/05/2001,DWH,TX,ASW,CE,Towers with Display (VFR),0,1,24,6,31,0,5,66,6,77,0,6,90,12,108,194,0,194,302
06/06/2001,DWH,TX,ASW,CE,Towers with Display (VFR),0,0,29,6,35,0,0,112,0,112,0,0,141,6,147,194,2,196,343
06/07/2001,DWH,TX,ASW,CE,Towers with Display (VFR),0,0,19,0,19,0,2,26,0,28,0,2,45,0,47,80,0,80,127
06/08/2001,DWH,TX,ASW,CE,Towers with Display (VFR),0,0,17,0,17,0,2,66,0,68,0,2,83,0,85,306,0,306,391
06/09/2001,DWH,TX,ASW,CE,Towers with Display (VFR),0,0,5,0,5,0,5,22,0,27,0,5,27,0,32,16,0,16,48
06/10/2001,DWH,TX,ASW,CE,Towers with Display (VFR),0,1,21,0,22,0,6,151,0,157,0,7,172,0,179,212,0,212,391
06/11/2001,DWH,TX,ASW,CE,Towers with Display (VFR),0,0,32,1,33,0,1,287,0,288,0,1,319,1,321,328,0,328,649
06/12/2001,DWH,TX,ASW,CE,Towers with Display (VFR),0,0,32,5,37,0,3,249,3,255,0,3,281,8,292,401,6,407,699
06/13/2001,DWH,TX,ASW,CE,Towers with Display (VFR),0,0,48,12,60,0,4,233,2,239,0,4,281,14,299,470,10,480,779
06/14/2001,DWH,TX,ASW,CE,Towers with Display (VFR),0,0,41,12,53,0,1,211,8,220,0,1,252,20,273,366,16,382,655
06/15/2001,DWH,TX,ASW,CE,Towers with Display (VFR),0,0,42,3,45,0,2,178,0,180,0,2,220,3,225,364,0,364,589
06/16/2001,DWH,TX,ASW,CE,Towers with Display (VFR),0,0,26,7,33,0,4,346,0,350,0,4,372,7,383,490,6,496,879
06/17/2001,DWH,TX,ASW,CE,Towers with Display (VFR),0,0,19,3,22,0,4,283,2,289,0,4,302,5,311,452,0,452,763
06/18/2001,DWH,TX,ASW,CE,Towers with Display (VFR),0,1,34,6,41,0,3,259,14,276,0,4,293,20,317,462,4,466,783
06/19/2001,DWH,TX,ASW,CE,Towers with Display (VFR),0,0,34,4,38,0,0,246,3,249,0,0,280,7,287,394,0,394,681
06/20/2001,DWH,TX,ASW,CE,Towers with Display (VFR),0,0,39,5,44,0,0,234,1,235,0,0,273,6,279,494,2,496,775
06/21/2001,DWH,TX,ASW,CE,Towers with Display (VFR),0,0,34,8,42,0,0,226,1,227,0,0,260,9,269,394,10,404,673
06/22/2001,DWH,TX,ASW,CE,Towers with Display (VFR),0,0,32,11,43,0,0,321,5,326,0,0,353,16,369,508,10,518,887
06/23/2001,DWH,TX,ASW,CE,Towers with Display (VFR),0,0,29,8,37,0,4,271,3,278,0,4,300,11,315,388,0,388,703
06/24/2001,DWH,TX,ASW,CE,Towers with Display (VFR),0,0,27,0,27,0,4,278,2,284,0,4,305,2,311,444,0,444,755
06/25/2001,DWH,TX,ASW,CE,Towers with Display (VFR),0,1,31,10,42,0,2,260,9,271,0,3,291,19,313,486,8,494,807
06/26/2001,DWH,TX,ASW,CE,Towers with Display (VFR),0,1,34,1,36,0,10,190,0,200,0,11,224,1,236,470,0,470,706
06/27/2001,DWH,TX,ASW,CE,Towers with Display (VFR),0,0,37,2,39,0,5,199,3,207,0,5,236,5,246,338,0,338,584
06/28/2001,DWH,TX,ASW,CE,Towers with Display (VFR),0,2,15,6,23,0,5,187,2,194,0,7,202,8,217,164,0,164,381
06/29/2001,DWH,TX,ASW,CE,Towers with Display (VFR),0,0,38,6,44,0,2,152,3,157,0,2,190,9,201,262,0,262,463
06/30/2001,DWH,TX,ASW,CE,Towers with Display (VFR),0,0,40,0,40,0,4,292,0,296,0,4,332,0,336,502,0,502,838
07/01/2001,DWH,TX,ASW,CE,Towers with Display (VFR),0,1,21,2,24,0,4,95,1,100,0,5,116,3,124,18,0,18,142
07/02/2001,DWH,TX,ASW,CE,Towers with Display (VFR),0,0,33,2,35,0,10,220,5,235,0,10,253,7,270,326,0,326,596
07/03/2001,DWH,TX,ASW,CE,Towers with Display (VFR),0,0,36,3,39,0,4,186,0,190,0,4,222,3,229,378,6,384,613
07/04/2001,DWH,TX,ASW,CE,Towers with Display (VFR),0,0,13,0,13,0,3,204,0,207,0,3,217,0,220,506,0,506,726
07/05/2001,DWH,TX,ASW,CE,Towers with Display (VFR),0,0,34,8,42,0,0,238,5,243,0,0,272,13,285,322,0,322,607
07/06/2001,DWH,TX,ASW,CE,Towers with Display (VFR),0,0,62,2,64,0,3,271,1,275,0,3,333,3,339,440,0,440,779
07/07/2001,DWH,TX,ASW,CE,Towers with Display (VFR),0,0,48,0,48,0,2,326,3,331,0,2,374,3,379,568,14,582,961
07/08/2001,DWH,TX,ASW,CE,Towers with Display (VFR),0,0,43,7,50,0,6,276,1,283,0,6,319,8,333,490,8,498,831
07/09/2001,DWH,TX,ASW,CE,Towers with Display (VFR),0,1,39,7,47,0,6,224,2,232,0,7,263,9,279,380,0,380,659
07/10/2001,DWH,TX,ASW,CE,Towers with Display (VFR),0,0,52,11,63,0,7,223,5,235,0,7,275,16,298,498,0,498,796
07/11/2001,DWH,TX,ASW,CE,Towers with Display (VFR),0,0,37,8,45,0,12,199,0,211,0,12,236,8,256,220,4,224,480
07/12/2001,DWH,TX,ASW,CE,Towers with Display (VFR),0,0,40,13,53,0,12,273,12,297,0,12,313,25,350,266,4,270,620
07/13/2001,DWH,TX,ASW,CE,Towers with Display (VFR),0,2,29,6,37,0,3,299,4,306,0,5,328,10,343,476,6,482,825
07/14/2001,DWH,TX,ASW,CE,Towers with Display (VFR),0,3,30,7,40,0,6,266,1,273,0,9,296,8,313,694,14,708,1021
07/15/2001,DWH,TX,ASW,CE,Towers with Display (VFR),0,0,37,0,37,0,4,214,0,218,0,4,251,0,255,430,0,430,685
07/16/2001,DWH,TX,ASW,CE,Towers with Display (VFR),0,0,21,2,23,0,6,223,3,232,0,6,244,5,255,342,0,342,597
07/17/2001,DWH,TX,ASW,CE,Towers with Display (VFR),0,0,25,3,28,0,7,253,5,265,0,7,278,8,293,464,34,498,791
07/18/2001,DWH,TX,ASW,CE,Towers with Display (VFR),0,1,35,2,38,0,3,175,1,179,0,4,210,3,217,234,4,238,455
07/19/2001,DWH,TX,ASW,CE,Towers with Display (VFR),0,0,28,0,28,0,1,262,4,267,0,1,290,4,295,548,0,548,843
07/20/2001,DWH,TX,ASW,CE,Towers with Display (VFR),0,0,31,23,54,0,2,217,7,226,0,2,248,30,280,392,40,432,712
07/21/2001,DWH,TX,ASW,CE,Towers with Display (VFR),0,0,33,8,41,0,4,309,0,313,0,4,342,8,354,612,12,624,978
07/22/2001,DWH,TX,ASW,CE,Towers with Display (VFR),0,0,44,9,53,0,4,220,3,227,0,4,264,12,280,370,20,390,670
07/23/2001,DWH,TX,ASW,CE,Towers with Display (VFR),0,0,34,8,42,0,5,188,4,197,0,5,222,12,239,254,14,268,507
07/24/2001,DWH,TX,ASW,CE,Towers with Display (VFR),0,0,29,6,35,0,6,193,4,203,0,6,222,10,238,410,0,410,648
07/25/2001,DWH,TX,ASW,CE,Towers with Display (VFR),0,0,33,6,39,0,3,194,4,201,0,3,227,10,240,324,2,326,566
07/26/2001,DWH,TX,ASW,CE,Towers with Display (VFR),0,0,38,2,40,0,5,163,3,171,0,5,201,5,211,284,0,284,495
07/27/2001,DWH,TX,ASW,CE,Towers with Display (VFR),0,0,28,5,33,0,1,87,3,91,0,1,115,8,124,134,0,134,258
07/28/2001,DWH,TX,ASW,CE,Towers with Display (VFR),0,1,41,0,42,0,7,136,1,144,0,8,177,1,186,288,0,288,474
07/29/2001,DWH,TX,ASW,CE,Towers with Display (VFR),0,0,37,0,37,0,4,249,1,254,0,4,286,1,291,614,0,614,905
07/30/2001,DWH,TX,ASW,CE,Towers with Display (VFR),0,1,40,1,42,0,4,236,6,246,0,5,276,7,288,442,0,442,730
07/31/2001,DWH,TX,ASW,CE,Towers with Display (VFR),0,1,36,8,45,0,1,232,0,233,0,2,268,8,278,436,2,438,716
08/01/2001,DWH,TX,ASW,CE,Towers with Display (VFR),0,0,38,3,41,0,1,185,0,186,0,1,223,3,227,20,0,20,247
08/02/2001,DWH,TX,ASW,CE,Towers with Display (VFR),0,0,25,10,35,0,2,251,4,257,0,2,276,14,292,428,0,428,720
08/03/2001,DWH,TX,ASW,CE,Towers with Display (VFR),0,0,17,24,41,0,0,290,0,290,0,0,307,24,331,378,36,414,745
08/04/2001,DWH,TX,ASW,CE,Towers with Display (VFR),0,0,34,1,35,0,1,265,3,269,0,1,299,4,304,500,6,506,810
08/05/2001,DWH,TX,ASW,CE,Towers with Display (VFR),0,2,34,6,42,0,7,251,0,258,0,9,285,6,300,404,0,404,704
08/06/2001,DWH,TX,ASW,CE,Towers with Display (VFR),0,7,24,0,31,0,0,158,10,168,0,7,182,10,199,176,0,176,375
08/07/2001,DWH,TX,ASW,CE,Towers with Display (VFR),0,0,26,4,30,0,1,159,0,160,0,1,185,4,190,438,0,438,628
08/08/2001,DWH,TX,ASW,CE,Towers with Display (VFR),0,0,24,12,36,0,5,209,5,219,0,5,233,17,255,308,0,308,563
08/09/2001,DWH,TX,ASW,CE,Towers with Display (VFR),0,0,36,3,39,0,3,205,6,214,0,3,241,9,253,382,2,384,637
08/10/2001,DWH,TX,ASW,CE,Towers with Display (VFR),0,0,42,18,60,0,5,275,8,288,0,5,317,26,348,382,30,412,760
08/11/2001,DWH,TX,ASW,CE,Towers with Display (VFR),0,0,25,15,40,0,4,304,0,308,0,4,329,15,348,464,46,510,858
08/12/2001,DWH,TX,ASW,CE,Towers with Display (VFR),0,0,40,2,42,0,10,232,0,242,0,10,272,2,284,402,6,408,692
08/13/2001,DWH,TX,ASW,CE,Towers with Display (VFR),0,1,30,5,36,0,7,179,0,186,0,8,209,5,222,302,0,302,524
08/14/2001,DWH,TX,ASW,CE,Towers with Display (VFR),0,0,29,8,37,0,3,182,12,197,0,3,211,20,234,360,42,402,636
08/15/2001,DWH,TX,ASW,CE,Towers with Display (VFR),0,0,42,3,45,0,5,197,9,211,0,5,239,12,256,330,12,342,598
08/16/2001,DWH,TX,ASW,CE,Towers with Display (VFR),0,0,42,2,44,0,1,211,1,213,0,1,253,3,257,256,0,256,513
08/17/2001,DWH,TX,ASW,CE,Towers with Display (VFR),0,0,37,20,57,0,6,291,0,297,0,6,328,20,354,330,8,338,692
08/18/2001,DWH,TX,ASW,CE,Towers with Display (VFR),0,1,33,2,36,0,4,234,0,238,0,5,267,2,274,260,0,260,534
08/19/2001,DWH,TX,ASW,CE,Towers with Display (VFR),0,0,27,2,29,0,3,213,0,216,0,3,240,2,245,566,0,566,811
08/20/2001,DWH,TX,ASW,CE,Towers with Display (VFR),0,0,14,8,22,0,1,186,4,191,0,1,200,12,213,398,6,404,617
08/21/2001,DWH,TX,ASW,CE,Towers with Display (VFR),0,0,29,6,35,0,2,178,6,186,0,2,207,12,221,288,20,308,529
08/22/2001,DWH,TX,ASW,CE,Towers with Display (VFR),0,3,25,7,35,0,3,216,10,229,0,6,241,17,264,373,8,381,645
08/23/2001,DWH,TX,ASW,CE,Towers with Display (VFR),0,0,35,5,40,0,3,233,5,241,0,3,268,10,281,360,8,368,649
08/24/2001,DWH,TX,ASW,CE,Towers with Display (VFR),0,0,40,4,44,0,1,285,3,289,0,1,325,7,333,380,0,380,713
08/25/2001,DWH,TX,ASW,CE,Towers with Display (VFR),0,0,28,6,34,0,4,256,1,261,0,4,284,7,295,370,26,396,691
08/26/2001,DWH,TX,ASW,CE,Towers with Display (VFR),0,2,27,0,29,0,2,134,2,138,0,4,161,2,167,154,0,154,321
08/27/2001,DWH,TX,ASW,CE,Towers with Display (VFR),0,0,23,3,26,0,2,89,0,91,0,2,112,3,117,266,0,266,383
08/28/2001,DWH,TX,ASW,CE,Towers with Display (VFR),0,0,31,0,31,0,7,85,0,92,0,7,116,0,123,188,0,188,311
08/29/2001,DWH,TX,ASW,CE,Towers with Display (VFR),0,0,21,0,21,0,1,36,0,37,0,1,57,0,58,34,0,34,92
08/30/2001,DWH,TX,ASW,CE,Towers with Display (VFR),0,0,8,0,8,0,0,16,0,16,0,0,24,0,24,46,0,46,70
08/31/2001,DWH,TX,ASW,CE,Towers with Display (VFR),0,0,2,0,2,0,0,0,19,19,0,0,2,19,21,4,0,4,25
09/01/2001,DWH,TX,ASW,CE,Towers with Display (VFR),0,0,24,2,26,0,2,27,0,29,0,2,51,2,55,0,0,0,55
09/02/2001,DWH,TX,ASW,CE,Towers with Display (VFR),0,0,23,0,23,0,2,81,1,84,0,2,104,1,107,160,0,160,267
09/03/2001,DWH,TX,ASW,CE,Towers with Display (VFR),0,1,43,0,44,0,5,65,0,70,0,6,108,0,114,54,0,54,168
09/04/2001,DWH,TX,ASW,CE,Towers with Display (VFR),0,0,35,0,35,0,1,100,2,103,0,1,135,2,138,218,0,218,356
09/05/2001,DWH,TX,ASW,CE,Towers with Display (VFR),0,0,21,1,22,0,1,160,2,163,0,1,181,3,185,442,0,442,627
09/06/2001,DWH,TX,ASW,CE,Towers with Display (VFR),0,0,28,2,30,0,1,252,0,253,0,1,280,2,283,434,2,436,719
09/07/2001,DWH,TX,ASW,CE,Towers with Display (VFR),0,0,41,7,48,0,3,271,8,282,0,3,312,15,330,304,10,314,644
09/08/2001,DWH,TX,ASW,CE,Towers with Display (VFR),0,0,28,3,31,0,3,275,0,278,0,3,303,3,309,396,30,426,735
09/09/2001,DWH,TX,ASW,CE,Towers with Display (VFR),0,0,21,0,21,0,2,36,0,38,0,2,57,0,59,88,0,88,147
09/10/2001,DWH,TX,ASW,CE,Towers with Display (VFR),0,0,42,5,47,0,4,307,1,312,0,4,349,6,359,476,0,476,835
09/11/2001,DWH,TX,ASW,CE,Towers with Display (VFR),0,0,5,0,5,0,2,22,0,24,0,2,27,0,29,0,0,0,29
09/12/2001,DWH,TX,ASW,CE,Towers with Display (VFR),0,1,0,0,1,0,0,0,0,0,0,1,0,0,1,0,0,0,1
09/13/2001,DWH,TX,ASW,CE,Towers with Display (VFR),0,3,0,0,3,0,0,0,0,0,0,3,0,0,3,0,0,0,3
09/14/2001,DWH,TX,ASW,CE,Towers with Display (VFR),0,7,14,12,33,0,1,0,0,1,0,8,14,12,34,0,0,0,34
09/15/2001,DWH,TX,ASW,CE,Towers with Display (VFR),0,4,54,8,66,0,3,0,0,3,0,7,54,8,69,0,6,6,75
09/16/2001,DWH,TX,ASW,CE,Towers with Display (VFR),0,4,43,6,53,0,4,1,0,5,0,8,44,6,58,0,4,4,62
09/17/2001,DWH,TX,ASW,CE,Towers with Display (VFR),0,0,47,0,47,0,2,2,0,4,0,2,49,0,51,16,0,16,67
09/18/2001,DWH,TX,ASW,CE,Towers with Display (VFR),0,2,69,8,79,0,4,8,0,12,0,6,77,8,91,60,0,60,151
09/19/2001,DWH,TX,ASW,CE,Towers with Display (VFR),0,4,72,2,78,0,4,0,2,6,0,8,72,4,84,0,4,4,88
09/20/2001,DWH,TX,ASW,CE,Towers with Display (VFR),0,2,62,2,66,0,2,12,1,15,0,4,74,3,81,0,0,0,81
09/21/2001,DWH,TX,ASW,CE,Towers with Display (VFR),0,1,49,12,62,0,1,5,1,7,0,2,54,13,69,0,0,0,69
09/22/2001,DWH,TX,ASW,CE,Towers with Display (VFR),0,1,22,2,25,0,8,67,0,75,0,9,89,2,100,174,8,182,282
09/23/2001,DWH,TX,ASW,CE,Towers with Display (VFR),0,0,33,0,33,0,3,40,0,43,0,3,73,0,76,158,0,158,234
09/24/2001,DWH,TX,ASW,CE,Towers with Display (VFR),0,1,42,15,58,0,0,59,6,65,0,1,101,21,123,156,4,160,283
09/25/2001,DWH,TX,ASW,CE,Towers with Display (VFR),0,0,52,4,56,0,5,153,1,159,0,5,205,5,215,284,0,284,499
09/26/2001,DWH,TX,ASW,CE,Towers with Display (VFR),0,0,65,5,70,0,1,176,0,177,0,1,241,5,247,348,0,348,595
09/27/2001,DWH,TX,ASW,CE,Towers with Display (VFR),0,0,63,2,65,0,3,180,3,186,0,3,243,5,251,316,8,324,575
09/28/2001,DWH,TX,ASW,CE,Towers with Display (VFR),0,0,72,2,74,0,3,172,2,177,0,3,244,4,251,310,6,316,567
09/29/2001,DWH,TX,ASW,CE,Towers with Display (VFR),0,1,67,0,68,0,6,209,0,215,0,7,276,0,283,448,0,448,731
09/30/2001,DWH,TX,ASW,CE,Towers with Display (VFR),0,0,68,0,68,0,6,171,0,177,0,6,239,0,245,482,0,482,727
10/01/2001,DWH,TX,ASW,CE,Towers with Display (VFR),0,0,52,6,58,0,8,179,3,190,0,8,231,9,248,0,0,0,248
10/02/2001,DWH,TX,ASW,CE,Towers with Display (VFR),0,0,54,4,58,0,4,109,2,115,0,4,163,6,173,178,0,178,351
10/03/2001,DWH,TX,ASW,CE,Towers with Display (VFR),0,0,46,7,53,0,2,202,3,207,0,2,248,10,260,456,8,464,724
10/04/2001,DWH,TX,ASW,CE,Towers with Display (VFR),0,0,47,8,55,0,1,135,2,138,0,1,182,10,193,330,2,332,525
10/05/2001,DWH,TX,ASW,CE,Towers with Display (VFR),0,0,28,0,28,0,3,52,0,55,0,3,80,0,83,250,0,250,333
10/06/2001,DWH,TX,ASW,CE,Towers with Display (VFR),0,2,65,2,69,0,4,79,1,84,0,6,144,3,153,210,0,210,363
10/07/2001,DWH,TX,ASW,CE,Towers with Display (VFR),0,0,54,0,54,0,2,200,0,202,0,2,254,0,256,420,0,420,676
10/08/2001,DWH,TX,ASW,CE,Towers with Display (VFR),0,0,51,2,53,0,7,165,0,172,0,7,216,2,225,362,0,362,587
10/09/2001,DWH,TX,ASW,CE,Towers with Display (VFR),0,0,51,4,55,0,1,70,0,71,0,1,121,4,126,160,0,160,286
10/10/2001,DWH,TX,ASW,CE,Towers with Display (VFR),0,1,72,4,77,0,8,104,1,113,0,9,176,5,190,304,0,304,494
10/11/2001,DWH,TX,ASW,CE,Towers with Display (VFR),0,0,30,0,30,0,4,26,0,30,0,4,56,0,60,38,0,38,98
10/12/2001,DWH,TX,ASW,CE,Towers with Display (VFR),0,1,94,6,101,0,1,0,0,1,0,2,94,6,102,152,0,152,254
10/13/2001,DWH,TX,ASW,CE,Towers with Display (VFR),0,0,32,0,32,0,1,18,0,19,0,1,50,0,51,22,0,22,73
10/14/2001,DWH,TX,ASW,CE,Towers with Display (VFR),0,0,95,5,100,0,1,209,0,210,0,1,304,5,310,406,0,406,716
10/15/2001,DWH,TX,ASW,CE,Towers with Display (VFR),0,0,47,8,55,0,5,237,7,249,0,5,284,15,304,312,10,322,626
10/16/2001,DWH,TX,ASW,CE,Towers with Display (VFR),0,0,34,6,40,0,0,207,3,210,0,0,241,9,250,232,0,232,482
10/17/2001,DWH,TX,ASW,CE,Towers with Display (VFR),0,1,44,10,55,0,4,254,0,258,0,5,298,10,313,468,4,472,785
10/18/2001,DWH,TX,ASW,CE,Towers with Display (VFR),0,2,40,4,46,0,2,241,0,243,0,4,281,4,289,500,0,500,789
10/19/2001,DWH,TX,ASW,CE,Towers with Display (VFR),0,0,72,10,82,0,7,287,5,299,0,7,359,15,381,476,20,496,877
10/20/2001,DWH,TX,ASW,CE,Towers with Display (VFR),0,0,42,13,55,0,3,230,0,233,0,3,272,13,288,330,18,348,636
10/21/2001,DWH,TX,ASW,CE,Towers with Display (VFR),0,0,42,4,46,0,5,205,0,210,0,5,247,4,256,364,0,364,620
10/22/2001,DWH,TX,ASW,CE,Towers with Display (VFR),0,0,40,4,44,0,2,114,0,116,0,2,154,4,160,290,0,290,450
10/23/2001,DWH,TX,ASW,CE,Towers with Display (VFR),0,2,44,5,51,0,2,173,0,175,0,4,217,5,226,540,2,542,768
10/24/2001,DWH,TX,ASW,CE,Towers with Display (VFR),0,1,38,6,45,0,5,120,0,125,0,6,158,6,170,280,8,288,458
10/25/2001,DWH,TX,ASW,CE,Towers with Display (VFR),0,1,37,9,47,0,2,246,2,250,0,3,283,11,297,350,0,350,647
10/26/2001,DWH,TX,ASW,CE,Towers with Display (VFR),0,0,32,13,45,0,11,309,0,320,0,11,341,13,365,338,28,366,731
10/27/2001,DWH,TX,ASW,CE,Towers with Display (VFR),0,2,35,1,38,0,6,328,2,336,0,8,363,3,374,374,2,376,750
10/28/2001,DWH,TX,ASW,CE,Towers with Display (VFR),0,2,38,8,48,0,4,281,0,285,0,6,319,8,333,400,2,402,735
10/29/2001,DWH,TX,ASW,CE,Towers with Display (VFR),0,9,31,2,42,0,6,240,0,246,0,15,271,2,288,452,0,452,740
10/30/2001,DWH,TX,ASW,CE,Towers with Display (VFR),0,3,49,2,54,0,5,180,2,187,0,8,229,4,241,362,0,362,603
10/31/2001,DWH,TX,ASW,CE,Towers with Display (VFR),0,3,54,7,64,0,3,148,1,152,0,6,202,8,216,360,10,370,586
11/01/2001,DWH,TX,ASW,CE,Towers with Display (VFR),0,2,45,8,55,0,7,159,0,166,0,9,204,8,221,12,8,20,241
11/02/2001,DWH,TX,ASW,CE,Towers with Display (VFR),0,3,79,2,84,0,2,183,6,191,0,5,262,8,275,256,2,258,533
11/03/2001,DWH,TX,ASW,CE,Towers with Display (VFR),0,1,43,1,45,0,2,269,0,271,0,3,312,1,316,524,0,524,840
11/04/2001,DWH,TX,ASW,CE,Towers with Display (VFR),0,24,71,2,97,0,6,260,6,272,0,30,331,8,369,336,8,344,713
11/05/2001,DWH,TX,ASW,CE,Towers with Display (VFR),0,1,17,5,23,0,5,217,10,232,0,6,234,15,255,368,0,368,623
11/06/2001,DWH,TX,ASW,CE,Towers with Display (VFR),0,0,27,10,37,0,6,219,3,228,0,6,246,13,265,428,6,434,699
11/07/2001,DWH,TX,ASW,CE,Towers with Display (VFR),0,0,33,9,42,0,6,250,8,264,0,6,283,17,306,308,0,308,614
11/08/2001,DWH,TX,ASW,CE,Towers with Display (VFR),0,1,43,2,46,0,6,157,0,163,0,7,200,2,209,196,0,196,405
11/09/2001,DWH,TX,ASW,CE,Towers with Display (VFR),0,6,60,3,69,0,2,191,2,195,0,8,251,5,264,478,0,478,742
11/10/2001,DWH,TX,ASW,CE,Towers with Display (VFR),0,0,31,0,31,0,2,209,1,212,0,2,240,1,243,302,0,302,545
11/11/2001,DWH,TX,ASW,CE,Towers with Display (VFR),0,0,67,0,67,0,6,210,0,216,0,6,277,0,283,688,0,688,971
11/12/2001,DWH,TX,ASW,CE,Towers with Display (VFR),0,2,38,0,40,0,6,107,0,113,0,8,145,0,153,318,0,318,471
11/13/2001,DWH,TX,ASW,CE,Towers with Display (VFR),0,0,51,7,58,0,2,115,1,118,0,2,166,8,176,296,12,308,484
11/14/2001,DWH,TX,ASW,CE,Towers with Display (VFR),0,1,38,4,43,0,3,144,0,147,0,4,182,4,190,326,0,326,516
11/15/2001,DWH,TX,ASW,CE,Towers with Display (VFR),0,1,45,4,50,0,4,58,0,62,0,5,103,4,112,76,0,76,188
11/16/2001,DWH,TX,ASW,CE,Towers with Display (VFR),0,4,48,0,52,0,3,120,0,123,0,7,168,0,175,328,0,328,503
11/17/2001,DWH,TX,ASW,CE,Towers with Display (VFR),0,0,32,0,32,0,3,279,0,282,0,3,311,0,314,374,0,374,688
11/18/2001,DWH,TX,ASW,CE,Towers with Display (VFR),0,3,44,2,49,0,6,257,3,266,0,9,301,5,315,620,4,624,939
11/19/2001,DWH,TX,ASW,CE,Towers with Display (VFR),0,1,34,5,40,0,4,74,0,78,0,5,108,5,118,214,0,214,332
11/20/2001,DWH,TX,ASW,CE,Towers with Display (VFR),0,1,45,7,53,0,5,296,3,304,0,6,341,10,357,326,16,342,699
11/21/2001,DWH,TX,ASW,CE,Towers with Display (VFR),0,1,49,0,50,0,3,238,0,241,0,4,287,0,291,398,0,398,689
11/22/2001,DWH,TX,ASW,CE,Towers with Display (VFR),0,0,21,0,21,0,4,64,0,68,0,4,85,0,89,80,0,80,169
11/23/2001,DWH,TX,ASW,CE,Towers with Display (VFR),0,0,37,0,37,0,1,99,4,104,0,1,136,4,141,202,0,202,343
11/24/2001,DWH,TX,ASW,CE,Towers with Display (VFR),0,0,33,0,33,0,5,298,0,303,0,5,331,0,336,434,0,434,770
11/25/2001,DWH,TX,ASW,CE,Towers with Display (VFR),0,0,56,0,56,0,7,293,0,300,0,7,349,0,356,464,0,464,820
11/26/2001,DWH,TX,ASW,CE,Towers with Display (VFR),0,0,22,11,33,0,0,47,0,47,0,0,69,11,80,84,0,84,164
11/27/2001,DWH,TX,ASW,CE,Towers with Display (VFR),0,1,27,6,34,0,0,55,0,55,0,1,82,6,89,106,0,106,195
11/28/2001,DWH,TX,ASW,CE,Towers with Display (VFR),0,2,15,0,17,0,2,0,0,2,0,4,15,0,19,10,0,10,29
11/29/2001,DWH,TX,ASW,CE,Towers with Display (VFR),0,4,24,2,30,0,4,99,0,103,0,8,123,2,133,194,6,200,333
11/30/2001,DWH,TX,ASW,CE,Towers with Display (VFR),0,2,48,12,62,0,9,286,6,301,0,11,334,18,363,352,14,366,729
12/01/2001,DWH,TX,ASW,CE,Towers with Display (VFR),0,1,33,0,34,0,3,225,0,228,0,4,258,0,262,24,0,24,286
12/02/2001,DWH,TX,ASW,CE,Towers with Display (VFR),0,1,56,0,57,0,1,0,0,1,0,2,56,0,58,76,0,76,134
12/03/2001,DWH,TX,ASW,CE,Towers with Display (VFR),0,0,46,3,49,0,4,123,1,128,0,4,169,4,177,294,0,294,471
12/04/2001,DWH,TX,ASW,CE,Towers with Display (VFR),0,3,173,1,177,0,0,0,0,0,0,3,173,1,177,282,0,282,459
12/05/2001,DWH,TX,ASW,CE,Towers with Display (VFR),0,0,39,17,56,0,5,123,9,137,0,5,162,26,193,208,0,208,401
12/06/2001,DWH,TX,ASW,CE,Towers with Display (VFR),0,1,52,0,53,0,8,198,8,214,0,9,250,8,267,259,0,259,526
12/07/2001,DWH,TX,ASW,CE,Towers with Display (VFR),0,0,55,4,59,0,1,149,4,154,0,1,204,8,213,226,14,240,453
12/08/2001,DWH,TX,ASW,CE,Towers with Display (VFR),0,0,25,0,25,0,4,33,0,37,0,4,58,0,62,94,0,94,156
12/09/2001,DWH,TX,ASW,CE,Towers with Display (VFR),0,0,48,0,48,0,0,325,7,332,0,0,373,7,380,466,0,466,846
12/10/2001,DWH,TX,ASW,CE,Towers with Display (VFR),0,1,36,5,42,0,1,243,7,251,0,2,279,12,293,302,0,302,595
12/11/2001,DWH,TX,ASW,CE,Towers with Display (VFR),0,0,34,1,35,0,1,54,0,55,0,1,88,1,90,152,0,152,242
12/12/2001,DWH,TX,ASW,CE,Towers with Display (VFR),0,0,36,1,37,0,4,21,6,31,0,4,57,7,68,138,0,138,206
12/13/2001,DWH,TX,ASW,CE,Towers with Display (VFR),0,1,43,0,44,0,2,19,0,21,0,3,62,0,65,16,0,16,81
12/14/2001,DWH,TX,ASW,CE,Towers with Display (VFR),0,0,52,5,57,0,2,251,4,257,0,2,303,9,314,346,0,346,660
12/15/2001,DWH,TX,ASW,CE,Towers with Display (VFR),0,1,23,0,24,0,1,98,0,99,0,2,121,0,123,388,0,388,511
12/16/2001,DWH,TX,ASW,CE,Towers with Display (VFR),0,4,38,0,42,0,0,35,0,35,0,4,73,0,77,102,0,102,179
12/17/2001,DWH,TX,ASW,CE,Towers with Display (VFR),0,0,50,3,53,0,5,198,6,209,0,5,248,9,262,398,0,398,660
12/18/2001,DWH,TX,ASW,CE,Towers with Display (VFR),0,0,34,5,39,0,5,262,8,275,0,5,296,13,314,300,12,312,626
12/19/2001,DWH,TX,ASW,CE,Towers with Display (VFR),0,1,48,11,60,0,2,217,4,223,0,3,265,15,283,272,26,298,581
12/20/2001,DWH,TX,ASW,CE,Towers with Display (VFR),0,0,38,1,39,0,3,238,4,245,0,3,276,5,284,232,0,232,516
12/21/2001,DWH,TX,ASW,CE,Towers with Display (VFR),0,1,40,0,41,0,3,252,0,255,0,4,292,0,296,446,0,446,742
12/22/2001,DWH,TX,ASW,CE,Towers with Display (VFR),0,2,21,0,23,0,2,62,0,64,0,4,83,0,87,157,0,157,244
12/23/2001,DWH,TX,ASW,CE,Towers with Display (VFR),0,0,25,0,25,0,2,239,1,242,0,2,264,1,267,234,0,234,501
12/24/2001,DWH,TX,ASW,CE,Towers with Display (VFR),0,0,8,0,8,0,1,129,0,130,0,1,137,0,138,110,0,110,248
12/25/2001,DWH,TX,ASW,CE,Towers with Display (VFR),0,0,8,0,8,0,1,89,0,90,0,1,97,0,98,38,0,38,136
12/26/2001,DWH,TX,ASW,CE,Towers with Display (VFR),0,0,32,1,33,0,1,178,1,180,0,1,210,2,213,256,0,256,469
12/27/2001,DWH,TX,ASW,CE,Towers with Display (VFR),0,0,40,8,48,0,4,233,8,245,0,4,273,16,293,246,8,254,547
12/28/2001,DWH,TX,ASW,CE,Towers with Display (VFR),0,0,32,10,42,0,4,225,5,234,0,4,257,15,276,354,14,368,644
12/29/2001,DWH,TX,ASW,CE,Towers with Display (VFR),0,0,36,4,40,0,2,265,1,268,0,2,301,5,308,344,0,344,652
12/30/2001,DWH,TX,ASW,CE,Towers with Display (VFR),0,0,34,0,34,0,4,172,0,176,0,4,206,0,210,192,0,192,402
12/31/2001,DWH,TX,ASW,CE,Towers with Display (VFR),0,0,21,0,21,0,2,111,0,113,0,2,132,0,134,198,0,198,332
01/01/2002,DWH,TX,ASW,CE,Towers with Display (VFR),0,0,12,0,12,0,3,38,0,41,0,3,50,0,53,0,0,0,53
01/02/2002,DWH,TX,ASW,CE,Towers with Display (VFR),0,2,13,7,22,0,3,136,0,139,0,5,149,7,161,132,2,134,295
01/03/2002,DWH,TX,ASW,CE,Towers with Display (VFR),0,1,23,10,34,0,7,180,5,192,0,8,203,15,226,192,0,192,418
01/04/2002,DWH,TX,ASW,CE,Towers with Display (VFR),0,0,38,2,40,0,0,200,1,201,0,0,238,3,241,252,0,252,493
01/05/2002,DWH,TX,ASW,CE,Towers with Display (VFR),0,0,20,0,20,0,4,13,0,17,0,4,33,0,37,12,0,12,49
01/06/2002,DWH,TX,ASW,CE,Towers with Display (VFR),0,0,35,3,38,0,2,262,0,264,0,2,297,3,302,294,0,294,596
01/07/2002,DWH,TX,ASW,CE,Towers with Display (VFR),0,0,18,7,25,0,2,166,2,170,0,2,184,9,195,246,0,246,441
01/08/2002,DWH,TX,ASW,CE,Towers with Display (VFR),0,0,29,6,35,0,3,210,6,219,0,3,239,12,254,248,6,254,508
01/09/2002,DWH,TX,ASW,CE,Towers with Display (VFR),0,0,37,0,37,0,5,180,8,193,0,5,217,8,230,310,4,314,544
01/10/2002,DWH,TX,ASW,CE,Towers with Display (VFR),0,0,41,10,51,0,0,156,5,161,0,0,197,15,212,360,4,364,576
01/11/2002,DWH,TX,ASW,CE,Towers with Display (VFR),0,0,23,8,31,0,4,210,7,221,0,4,233,15,252,336,0,336,588
01/12/2002,DWH,TX,ASW,CE,Towers with Display (VFR),0,0,38,3,41,0,2,367,4,373,0,2,405,7,414,428,0,428,842
01/13/2002,DWH,TX,ASW,CE,Towers with Display (VFR),0,1,27,16,44,0,0,299,2,301,0,1,326,18,345,550,18,568,913
01/14/2002,DWH,TX,ASW,CE,Towers with Display (VFR),0,2,20,4,26,0,7,188,5,200,0,9,208,9,226,222,14,236,462
01/15/2002,DWH,TX,ASW,CE,Towers with Display (VFR),0,0,16,4,20,0,3,175,0,178,0,3,191,4,198,372,0,372,570
01/16/2002,DWH,TX,ASW,CE,Towers with Display (VFR),0,0,36,3,39,0,4,208,1,213,0,4,244,4,252,402,0,402,654
01/17/2002,DWH,TX,ASW,CE,Towers with Display (VFR),0,0,38,6,44,0,0,118,2,120,0,0,156,8,164,276,0,276,440
01/18/2002,DWH,TX,ASW,CE,Towers with Display (VFR),0,0,69,2,71,0,0,0,0,0,0,0,69,2,71,114,0,114,185
01/19/2002,DWH,TX,ASW,CE,Towers with Display (VFR),0,0,25,6,31,0,2,105,2,109,0,2,130,8,140,214,2,216,356
01/20/2002,DWH,TX,ASW,CE,Towers with Display (VFR),0,0,40,0,40,0,9,242,0,251,0,9,282,0,291,390,0,390,681
01/21/2002,DWH,TX,ASW,CE,Towers with Display (VFR),0,1,27,2,30,0,4,258,2,264,0,5,285,4,294,334,0,334,628
01/22/2002,DWH,TX,ASW,CE,Towers with Display (VFR),0,0,42,0,42,0,2,29,2,33,0,2,71,2,75,82,0,82,157
01/23/2002,DWH,TX,ASW,CE,Towers with Display (VFR),0,0,38,0,38,0,4,98,1,103,0,4,136,1,141,172,0,172,313
01/24/2002,DWH,TX,ASW,CE,Towers with Display (VFR),0,1,31,5,37,0,2,1,0,3,0,3,32,5,40,12,0,12,52
01/25/2002,DWH,TX,ASW,CE,Towers with Display (VFR),0,1,40,13,54,0,3,242,7,252,0,4,282,20,306,290,10,300,606
01/26/2002,DWH,TX,ASW,CE,Towers with Display (VFR),0,1,49,0,50,0,4,412,2,418,0,5,461,2,468,480,0,480,948
01/27/2002,DWH,TX,ASW,CE,Towers with Display (VFR),0,0,27,13,40,0,3,319,6,328,0,3,346,19,368,466,20,486,854
01/28/2002,DWH,TX,ASW,CE,Towers with Display (VFR),0,3,32,4,39,0,2,70,3,75,0,5,102,7,114,118,0,118,232
01/29/2002,DWH,TX,ASW,CE,Towers with Display (VFR),0,1,41,10,52,0,3,86,2,91,0,4,127,12,143,140,4,144,287
01/30/2002,DWH,TX,ASW,CE,Towers with Display (VFR),0,0,32,11,43,0,4,107,3,114,0,4,139,14,157,212,0,212,369
01/31/2002,DWH,TX,ASW,CE,Towers with Display (VFR),0,0,13,1,14,0,5,37,2,44,0,5,50,3,58,40,0,40,98
02/01/2002,DWH,TX,ASW,CE,Towers with Display (VFR),0,0,38,0,38,0,3,147,3,153,0,3,185,3,191,0,8,8,199
02/02/2002,DWH,TX,ASW,CE,Towers with Display (VFR),0,0,32,1,33,0,1,309,4,314,0,1,341,5,347,354,10,364,711
02/03/2002,DWH,TX,ASW,CE,Towers with Display (VFR),0,0,39,0,39,0,2,220,1,223,0,2,259,1,262,464,0,464,726
02/04/2002,DWH,TX,ASW,CE,Towers with Display (VFR),0,0,30,10,40,0,1,119,8,128,0,1,149,18,168,186,16,202,370
02/05/2002,DWH,TX,ASW,CE,Towers with Display (VFR),0,1,18,6,25,0,2,3,0,5,0,3,21,6,30,0,0,0,30
02/06/2002,DWH,TX,ASW,CE,Towers with Display (VFR),0,1,50,8,59,0,3,8,0,11,0,4,58,8,70,126,0,126,196
02/07/2002,DWH,TX,ASW,CE,Towers with Display (VFR),0,3,48,3,54,0,4,238,5,247,0,7,286,8,301,146,0,146,447
02/08/2002,DWH,TX,ASW,CE,Towers with Display (VFR),0,0,38,8,46,0,1,286,11,298,0,1,324,19,344,254,0,254,598
02/09/2002,DWH,TX,ASW,CE,Towers with Display (VFR),0,0,34,0,34,0,4,306,2,312,0,4,340,2,346,298,0,298,644
02/10/2002,DWH,TX,ASW,CE,Towers with Display (VFR),0,2,33,5,40,0,4,169,0,173,0,6,202,5,213,168,0,168,381
02/11/2002,DWH,TX,ASW,CE,Towers with Display (VFR),0,0,30,5,35,0,2,179,0,181,0,2,209,5,216,254,10,264,480
02/12/2002,DWH,TX,ASW,CE,Towers with Display (VFR),0,0,36,5,41,0,3,224,1,228,0,3,260,6,269,418,0,418,687
02/13/2002,DWH,TX,ASW,CE,Towers with Display (VFR),0,3,42,12,57,0,0,228,7,235,0,3,270,19,292,318,2,320,612
02/14/2002,DWH,TX,ASW,CE,Towers with Display (VFR),0,3,21,10,34,0,2,198,2,202,0,5,219,12,236,234,8,242,478
02/15/2002,DWH,TX,ASW,CE,Towers with Display (VFR),0,0,52,2,54,0,4,180,1,185,0,4,232,3,239,162,0,162,401
02/16/2002,DWH,TX,ASW,CE,Towers with Display (VFR),0,2,34,2,38,0,6,343,0,349,0,8,377,2,387,482,0,482,869
02/17/2002,DWH,TX,ASW,CE,Towers with Display (VFR),0,1,45,0,46,0,6,325,0,331,0,7,370,0,377,470,0,470,847
02/18/2002,DWH,TX,ASW,CE,Towers with Display (VFR),0,0,21,0,21,0,2,166,0,168,0,2,187,0,189,226,0,226,415
02/19/2002,DWH,TX,ASW,CE,Towers with Display (VFR),0,0,23,0,23,0,7,9,0,16,0,7,32,0,39,20,0,20,59
02/20/2002,DWH,TX,ASW,CE,Towers with Display (VFR),0,0,20,6,26,0,0,244,0,244,0,0,264,6,270,386,0,386,656
02/21/2002,DWH,TX,ASW,CE,Towers with Display (VFR),0,0,28,11,39,0,2,136,4,142,0,2,164,15,181,192,0,192,373
02/22/2002,DWH,TX,ASW,CE,Towers with Display (VFR),0,0,37,18,55,0,5,247,10,262,0,5,284,28,317,216,12,228,545
02/23/2002,DWH,TX,ASW,CE,Towers with Display (VFR),0,0,21,11,32,0,5,338,2,345,0,5,359,13,377,520,12,532,909
02/24/2002,DWH,TX,ASW,CE,Towers with Display (VFR),0,0,28,2,30,0,8,317,0,325,0,8,345,2,355,428,0,428,783
02/25/2002,DWH,TX,ASW,CE,Towers with Display (VFR),0,0,29,4,33,0,4,123,0,127,0,4,152,4,160,216,0,216,376
02/26/2002,DWH,TX,ASW,CE,Towers with Display (VFR),0,3,20,5,28,0,3,37,2,42,0,6,57,7,70,12,0,12,82
02/27/2002,DWH,TX,ASW,CE,Towers with Display (VFR),0,0,20,5,25,0,3,204,5,212,0,3,224,10,237,326,0,326,563
02/28/2002,DWH,TX,ASW,CE,Towers with Display (VFR),0,0,43,12,55,0,2,208,1,211,0,2,251,13,266,150,24,174,440
03/01/2002,DWH,TX,ASW,CE,Towers with Display (VFR),0,0,17,0,17,0,3,0,0,3,0,3,17,0,20,2,0,2,22
03/02/2002,DWH,TX,ASW,CE,Towers with Display (VFR),0,0,15,0,15,0,1,22,0,23,0,1,37,0,38,8,0,8,46
03/03/2002,DWH,TX,ASW,CE,Towers with Display (VFR),0,0,31,1,32,0,3,139,5,147,0,3,170,6,179,126,0,126,305
03/04/2002,DWH,TX,ASW,CE,Towers with Display (VFR),0,0,21,2,23,0,2,154,0,156,0,2,175,2,179,246,0,246,425
03/05/2002,DWH,TX,ASW,CE,Towers with Display (VFR),0,0,31,15,46,0,3,218,1,222,0,3,249,16,268,380,0,380,648
03/06/2002,DWH,TX,ASW,CE,Towers with Display (VFR),0,0,45,10,55,0,3,144,1,148,0,3,189,11,203,254,22,276,479
03/07/2002,DWH,TX,ASW,CE,Towers with Display (VFR),0,0,32,15,47,0,9,176,0,185,0,9,208,15,232,200,0,200,432
03/08/2002,DWH,TX,ASW,CE,Towers with Display (VFR),0,0,30,8,38,0,4,74,2,80,0,4,104,10,118,116,0,116,234
03/09/2002,DWH,TX,ASW,CE,Towers with Display (VFR),0,0,20,3,23,0,1,99,1,101,0,1,119,4,124,18,2,20,144
03/10/2002,DWH,TX,ASW,CE,Towers with Display (VFR),0,0,24,11,35,0,7,273,1,281,0,7,297,12,316,526,4,530,846
03/11/2002,DWH,TX,ASW,CE,Towers with Display (VFR),0,0,29,0,29,0,7,51,0,58,0,7,80,0,87,194,0,194,281
03/12/2002,DWH,TX,ASW,CE,Towers with Display (VFR),0,0,36,10,46,0,4,212,0,216,0,4,248,10,262,219,16,235,497
03/13/2002,DWH,TX,ASW,CE,Towers with Display (VFR),0,0,41,10,51,0,2,233,4,239,0,2,274,14,290,370,22,392,682
03/14/2002,DWH,TX,ASW,CE,Towers with Display (VFR),0,0,43,1,44,0,2,85,2,89,0,2,128,3,133,180,0,180,313
03/15/2002,DWH,TX,ASW,CE,Towers with Display (VFR),0,0,34,13,47,0,4,137,0,141,0,4,171,13,188,380,8,388,576
03/16/2002,DWH,TX,ASW,CE,Towers with Display (VFR),0,0,40,4,44,0,4,133,2,139,0,4,173,6,183,476,8,484,667
03/17/2002,DWH,TX,ASW,CE,Towers with Display (VFR),0,1,34,2,37,0,7,115,0,122,0,8,149,2,159,460,0,460,619
03/18/2002,DWH,TX,ASW,CE,Towers with Display (VFR),0,0,22,8,30,0,7,121,0,128,0,7,143,8,158,190,2,192,350
03/19/2002,DWH,TX,ASW,CE,Towers with Display (VFR),0,0,31,7,38,0,2,104,0,106,0,2,135,7,144,272,0,272,416
03/20/2002,DWH,TX,ASW,CE,Towers with Display (VFR),0,0,58,4,62,0,2,29,0,31,0,2,87,4,93,84,0,84,177
03/21/2002,DWH,TX,ASW,CE,Towers with Display (VFR),0,0,25,2,27,0,5,211,5,221,0,5,236,7,248,378,2,380,628
03/22/2002,DWH,TX,ASW,CE,Towers with Display (VFR),0,0,37,8,45,0,6,317,8,331,0,6,354,16,376,448,0,448,824
03/23/2002,DWH,TX,ASW,CE,Towers with Display (VFR),0,0,35,3,38,0,9,375,2,386,0,9,410,5,424,460,0,460,884
03/24/2002,DWH,TX,ASW,CE,Towers with Display (VFR),0,1,49,13,63,0,9,181,0,190,0,10,230,13,253,266,6,272,525
03/25/2002,DWH,TX,ASW,CE,Towers with Display (VFR),0,0,33,3,36,0,8,70,0,78,0,8,103,3,114,310,0,310,424
03/26/2002,DWH,TX,ASW,CE,Towers with Display (VFR),0,7,42,7,56,0,5,195,3,203,0,12,237,10,259,384,0,384,643
03/27/2002,DWH,TX,ASW,CE,Towers with Display (VFR),0,0,25,5,30,0,6,267,1,274,0,6,292,6,304,402,0,402,706
03/28/2002,DWH,TX,ASW,CE,Towers with Display (VFR),0,0,63,11,74,0,3,167,3,173,0,3,230,14,247,364,0,364,611
03/29/2002,DWH,TX,ASW,CE,Towers with Display (VFR),0,0,57,7,64,0,5,164,2,171,0,5,221,9,235,318,0,318,553
03/30/2002,DWH,TX,ASW,CE,Towers with Display (VFR),0,0,28,0,28,0,3,107,0,110,0,3,135,0,138,388,0,388,526
03/31/2002,DWH,TX,ASW,CE,Towers with Display (VFR),0,26,26,0,52,0,11,138,0,149,0,37,164,0,201,116,0,116,317
04/01/2002,DWH,TX,ASW,CE,Towers with Display (VFR),0,2,44,6,52,0,1,215,6,222,0,3,259,12,274,0,4,4,278
04/02/2002,DWH,TX,ASW,CE,Towers with Display (VFR),0,2,42,4,48,0,5,145,5,155,0,7,187,9,203,350,2,352,555
04/03/2002,DWH,TX,ASW,CE,Towers with Display (VFR),0,2,33,3,38,0,4,173,5,182,0,6,206,8,220,370,2,372,592
04/04/2002,DWH,TX,ASW,CE,Towers with Display (VFR),0,0,54,10,64,0,1,189,10,200,0,1,243,20,264,452,20,472,736
04/05/2002,DWH,TX,ASW,CE,Towers with Display (VFR),0,1,32,8,41,0,2,280,12,294,0,3,312,20,335,510,0,510,845
04/06/2002,DWH,TX,ASW,CE,Towers with Display (VFR),0,2,22,0,24,0,6,191,0,197,0,8,213,0,221,296,0,296,517
04/07/2002,DWH,TX,ASW,CE,Towers with Display (VFR),0,2,25,0,27,0,2,60,0,62,0,4,85,0,89,174,0,174,263
04/08/2002,DWH,TX,ASW,CE,Towers with Display (VFR),0,5,20,0,25,0,0,85,0,85,0,5,105,0,110,214,0,214,324
04/09/2002,DWH,TX,ASW,CE,Towers with Display (VFR),0,1,36,8,45,0,3,181,2,186,0,4,217,10,231,354,4,358,589
04/10/2002,DWH,TX,ASW,CE,Towers with Display (VFR),0,0,47,8,55,0,2,219,5,226,0,2,266,13,281,520,2,522,803
04/11/2002,DWH,TX,ASW,CE,Towers with Display (VFR),0,0,39,6,45,0,6,287,9,302,0,6,326,15,347,464,6,470,817
04/12/2002,DWH,TX,ASW,CE,Towers with Display (VFR),0,0,47,2,49,0,2,235,1,238,0,2,282,3,287,458,0,458,745
04/13/2002,DWH,TX,ASW,CE,Towers with Display (VFR),0,0,45,0,45,0,5,301,5,311,0,5,346,5,356,646,0,646,1002
04/14/2002,DWH,TX,ASW,CE,Towers with Display (VFR),0,0,42,0,42,0,3,235,0,238,0,3,277,0,280,478,0,478,758
04/15/2002,DWH,TX,ASW,CE,Towers with Display (VFR),0,0,30,0,30,0,7,176,5,188,0,7,206,5,218,246,0,246,464
04/16/2002,DWH,TX,ASW,CE,Towers with Display (VFR),0,0,31,4,35,0,0,70,2,72,0,0,101,6,107,188,0,188,295
04/17/2002,DWH,TX,ASW,CE,Towers with Display (VFR),0,0,31,3,34,0,6,210,4,220,0,6,241,7,254,366,0,366,620
04/18/2002,DWH,TX,ASW,CE,Towers with Display (VFR),0,0,49,4,53,0,2,196,4,202,0,2,245,8,255,540,6,546,801
04/19/2002,DWH,TX,ASW,CE,Towers with Display (VFR),0,0,54,3,57,0,5,194,4,203,0,5,248,7,260,494,2,496,756
04/20/2002,DWH,TX,ASW,CE,Towers with Display (VFR),0,0,49,5,54,0,6,296,5,307,0,6,345,10,361,484,16,500,861
04/21/2002,DWH,TX,ASW,CE,Towers with Display (VFR),0,0,35,1,36,0,4,206,3,213,0,4,241,4,249,514,0,514,763
04/22/2002,DWH,TX,ASW,CE,Towers with Display (VFR),0,1,32,1,34,0,3,146,2,151,0,4,178,3,185,350,0,350,535
04/23/2002,DWH,TX,ASW,CE,Towers with Display (VFR),0,3,37,6,46,0,2,170,4,176,0,5,207,10,222,336,0,336,558
04/24/2002,DWH,TX,ASW,CE,Towers with Display (VFR),0,0,40,10,50,0,5,211,1,217,0,5,251,11,267,544,0,544,811
04/25/2002,DWH,TX,ASW,CE,Towers with Display (VFR),0,0,47,11,58,0,4,107,4,115,0,4,154,15,173,162,0,162,335
04/26/2002,DWH,TX,ASW,CE,Towers with Display (VFR),0,0,44,4,48,0,6,242,4,252,0,6,286,8,300,312,0,312,612
04/27/2002,DWH,TX,ASW,CE,Towers with Display (VFR),0,0,33,9,42,0,4,188,1,193,0,4,221,10,235,304,12,316,551
04/28/2002,DWH,TX,ASW,CE,Towers with Display (VFR),0,0,38,5,43,0,5,245,1,251,0,5,283,6,294,502,0,502,796
04/29/2002,DWH,TX,ASW,CE,Towers with Display (VFR),0,0,33,6,39,0,4,170,4,178,0,4,203,10,217,470,0,470,687
04/30/2002,DWH,TX,ASW,CE,Towers with Display (VFR),0,1,35,9,45,0,9,192,5,206,0,10,227,14,251,232,12,244,495
05/01/2002,DWH,TX,ASW,CE,Towers with Display (VFR),0,6,19,0,25,0,3,171,4,178,0,9,190,4,203,0,0,0,203
05/02/2002,DWH,TX,ASW,CE,Towers with Display (VFR),0,3,41,4,48,0,2,160,1,163,0,5,201,5,211,248,0,248,459
05/03/2002,DWH,TX,ASW,CE,Towers with Display (VFR),0,3,37,6,46,0,4,171,1,176,0,7,208,7,222,490,2,492,714
05/04/2002,DWH,TX,ASW,CE,Towers with Display (VFR),0,4,122,1,127,0,6,47,3,56,0,10,169,4,183,228,0,228,411
05/05/2002,DWH,TX,ASW,CE,Towers with Display (VFR),0,3,42,4,49,0,6,240,0,246,0,9,282,4,295,434,0,434,729
05/06/2002,DWH,TX,ASW,CE,Towers with Display (VFR),0,1,29,3,33,0,5,203,1,209,0,6,232,4,242,304,4,308,550
05/07/2002,DWH,TX,ASW,CE,Towers with Display (VFR),0,0,42,3,45,0,13,170,3,186,0,13,212,6,231,304,0,304,535
05/08/2002,DWH,TX,ASW,CE,Towers with Display (VFR),0,0,38,5,43,0,6,181,6,193,0,6,219,11,236,338,4,342,578
05/09/2002,DWH,TX,ASW,CE,Towers with Display (VFR),0,0,36,8,44,0,7,213,7,227,0,7,249,15,271,462,32,494,765
05/10/2002,DWH,TX,ASW,CE,Towers with Display (VFR),0,0,53,5,58,0,6,219,5,230,0,6,272,10,288,358,4,362,650
05/11/2002,DWH,TX,ASW,CE,Towers with Display (VFR),0,1,44,0,45,0,4,258,0,262,0,5,302,0,307,500,0,500,807
05/12/2002,DWH,TX,ASW,CE,Towers with Display (VFR),0,4,44,1,49,0,1,170,3,174,0,5,214,4,223,238,0,238,461
05/13/2002,DWH,TX,ASW,CE,Towers with Display (VFR),0,2,22,0,24,0,8,146,0,154,0,10,168,0,178,336,0,336,514
05/14/2002,DWH,TX,ASW,CE,Towers with Display (VFR),0,2,35,0,37,0,5,224,2,231,0,7,259,2,268,498,0,498,766
05/15/2002,DWH,TX,ASW,CE,Towers with Display (VFR),0,0,33,4,37,0,8,235,1,244,0,8,268,5,281,520,0,520,801
05/16/2002,DWH,TX,ASW,CE,Towers with Display (VFR),0,1,48,6,55,0,8,178,3,189,0,9,226,9,244,468,0,468,712
05/17/2002,DWH,TX,ASW,CE,Towers with Display (VFR),0,1,34,0,35,0,0,16,0,16,0,1,50,0,51,46,0,46,97
05/18/2002,DWH,TX,ASW,CE,Towers with Display (VFR),0,0,45,2,47,0,3,278,0,281,0,3,323,2,328,376,0,376,704
05/19/2002,DWH,TX,ASW,CE,Towers with Display (VFR),0,0,40,3,43,0,4,348,0,352,0,4,388,3,395,688,0,688,1083
05/20/2002,DWH,TX,ASW,CE,Towers with Display (VFR),0,2,27,4,33,0,0,206,4,210,0,2,233,8,243,264,0,264,507
05/21/2002,DWH,TX,ASW,CE,Towers with Display (VFR),0,0,36,0,36,0,2,266,4,272,0,2,302,4,308,452,6,458,766
05/22/2002,DWH,TX,ASW,CE,Towers with Display (VFR),0,0,40,0,40,0,4,274,0,278,0,4,314,0,318,390,0,390,708
05/23/2002,DWH,TX,ASW,CE,Towers with Display (VFR),0,7,41,2,50,0,1,221,4,226,0,8,262,6,276,382,4,386,662
05/24/2002,DWH,TX,ASW,CE,Towers with Display (VFR),0,0,46,0,46,0,2,245,0,247,0,2,291,0,293,654,0,654,947
05/25/2002,DWH,TX,ASW,CE,Towers with Display (VFR),0,1,38,0,39,0,8,189,0,197,0,9,227,0,236,360,0,360,596
05/26/2002,DWH,TX,ASW,CE,Towers with Display (VFR),0,2,26,2,30,0,5,226,0,231,0,7,252,2,261,376,0,376,637
05/27/2002,DWH,TX,ASW,CE,Towers with Display (VFR),0,0,40,0,40,0,4,294,0,298,0,4,334,0,338,696,0,696,1034
05/28/2002,DWH,TX,ASW,CE,Towers with Display (VFR),0,3,42,0,45,0,2,201,0,203,0,5,243,0,248,506,0,506,754
05/29/2002,DWH,TX,ASW,CE,Towers with Display (VFR),0,0,27,0,27,0,2,110,0,112,0,2,137,0,139,418,0,418,557
05/30/2002,DWH,TX,ASW,CE,Towers with Display (VFR),0,2,30,0,32,0,7,188,0,195,0,9,218,0,227,176,0,176,403
05/31/2002,DWH,TX,ASW,CE,Towers with Display (VFR),0,2,55,2,59,0,2,183,2,187,0,4,238,4,246,350,0,350,596
06/01/2002,DWH,TX,ASW,CE,Towers with Display (VFR),0,0,35,2,37,0,1,262,0,263,0,1,297,2,300,0,2,2,302
06/02/2002,DWH,TX,ASW,CE,Towers with Display (VFR),0,0,44,4,48,0,5,272,0,277,0,5,316,4,325,506,4,510,835
06/03/2002,DWH,TX,ASW,CE,Towers with Display (VFR),0,0,34,5,39,0,3,182,2,187,0,3,216,7,226,330,10,340,566
06/04/2002,DWH,TX,ASW,CE,Towers with Display (VFR),0,0,38,6,44,0,5,193,4,202,0,5,231,10,246,600,0,600,846
06/05/2002,DWH,TX,ASW,CE,Towers with Display (VFR),0,2,36,0,38,0,1,211,0,212,0,3,247,0,250,448,0,448,698
06/06/2002,DWH,TX,ASW,CE,Towers with Display (VFR),0,1,38,3,42,0,2,178,2,182,0,3,216,5,224,320,0,320,544
06/07/2002,DWH,TX,ASW,CE,Towers with Display (VFR),0,0,45,3,48,0,3,176,2,181,0,3,221,5,229,326,0,326,555
06/08/2002,DWH,TX,ASW,CE,Towers with Display (VFR),0,0,44,0,44,0,2,284,0,286,0,2,328,0,330,550,0,550,880
06/09/2002,DWH,TX,ASW,CE,Towers with Display (VFR),0,0,28,0,28,0,1,169,0,170,0,1,197,0,198,337,0,337,535
06/10/2002,DWH,TX,ASW,CE,Towers with Display (VFR),0,0,35,2,37,0,0,185,3,188,0,0,220,5,225,552,0,552,777
06/11/2002,DWH,TX,ASW,CE,Towers with Display (VFR),0,1,32,11,44,0,6,212,4,222,0,7,244,15,266,384,30,414,680
06/12/2002,DWH,TX,ASW,CE,Towers with Display (VFR),0,1,24,10,35,0,5,213,12,230,0,6,237,22,265,408,20,428,693
06/13/2002,DWH,TX,ASW,CE,Towers with Display (VFR),0,5,24,5,34,0,6,209,2,217,0,11,233,7,251,366,0,366,617
06/14/2002,DWH,TX,ASW,CE,Towers with Display (VFR),0,0,50,3,53,0,3,235,1,239,0,3,285,4,292,424,0,424,716
06/15/2002,DWH,TX,ASW,CE,Towers with Display (VFR),0,1,39,0,40,0,5,269,2,276,0,6,308,2,316,328,0,328,644
06/16/2002,DWH,TX,ASW,CE,Towers with Display (VFR),0,2,32,0,34,0,2,243,2,247,0,4,275,2,281,454,0,454,735
06/17/2002,DWH,TX,ASW,CE,Towers with Display (VFR),0,1,33,0,34,0,4,165,2,171,0,5,198,2,205,330,0,330,535
06/18/2002,DWH,TX,ASW,CE,Towers with Display (VFR),0,0,28,0,28,0,2,198,0,200,0,2,226,0,228,372,0,372,600
06/19/2002,DWH,TX,ASW,CE,Towers with Display (VFR),0,2,28,6,36,0,3,199,4,206,0,5,227,10,242,332,0,332,574
06/20/2002,DWH,TX,ASW,CE,Towers with Display (VFR),0,0,25,2,27,0,3,225,3,231,0,3,250,5,258,478,0,478,736
06/21/2002,DWH,TX,ASW,CE,Towers with Display (VFR),0,2,36,0,38,0,3,222,4,229,0,5,258,4,267,420,0,420,687
06/22/2002,DWH,TX,ASW,CE,Towers with Display (VFR),0,0,40,0,40,0,2,269,0,271,0,2,309,0,311,482,0,482,793
06/23/2002,DWH,TX,ASW,CE,Towers with Display (VFR),0,0,38,0,38,0,2,309,0,311,0,2,347,0,349,478,0,478,827
06/24/2002,DWH,TX,ASW,CE,Towers with Display (VFR),0,0,24,0,24,0,7,129,0,136,0,7,153,0,160,276,0,276,436
06/25/2002,DWH,TX,ASW,CE,Towers with Display (VFR),0,2,37,0,39,0,1,124,0,125,0,3,161,0,164,296,0,296,460
06/26/2002,DWH,TX,ASW,CE,Towers with Display (VFR),0,2,25,6,33,0,3,150,6,159,0,5,175,12,192,288,0,288,480
06/27/2002,DWH,TX,ASW,CE,Towers with Display (VFR),0,2,30,3,35,0,0,106,1,107,0,2,136,4,142,236,0,236,378
06/28/2002,DWH,TX,ASW,CE,Towers with Display (VFR),0,3,23,0,26,0,9,88,0,97,0,12,111,0,123,280,0,280,403
06/29/2002,DWH,TX,ASW,CE,Towers with Display (VFR),0,0,22,0,22,0,3,14,0,17,0,3,36,0,39,20,0,20,59
06/30/2002,DWH,TX,ASW,CE,Towers with Display (VFR),0,0,26,0,26,0,4,98,0,102,0,4,124,0,128,404,0,404,532
07/01/2002,DWH,TX,ASW,CE,Towers with Display (VFR),0,3,34,0,37,0,4,86,3,93,0,7,120,3,130,0,0,0,130
07/02/2002,DWH,TX,ASW,CE,Towers with Display (VFR),0,3,21,0,24,0,2,87,0,89,0,5,108,0,113,222,0,222,335
07/03/2002,DWH,TX,ASW,CE,Towers with Display (VFR),0,2,38,1,41,0,0,223,7,230,0,2,261,8,271,442,0,442,713
07/04/2002,DWH,TX,ASW,CE,Towers with Display (VFR),0,2,19,0,21,0,2,185,4,191,0,4,204,4,212,256,0,256,468
07/05/2002,DWH,TX,ASW,CE,Towers with Display (VFR),0,1,38,0,39,0,3,251,1,255,0,4,289,1,294,572,0,572,866
07/06/2002,DWH,TX,ASW,CE,Towers with Display (VFR),0,0,41,0,41,0,2,273,1,276,0,2,314,1,317,376,0,376,693
07/07/2002,DWH,TX,ASW,CE,Towers with Display (VFR),0,1,46,4,51,0,6,213,0,219,0,7,259,4,270,658,10,668,938
07/08/2002,DWH,TX,ASW,CE,Towers with Display (VFR),0,0,44,0,44,0,5,195,0,200,0,5,239,0,244,530,0,530,774
07/09/2002,DWH,TX,ASW,CE,Towers with Display (VFR),0,0,22,1,23,0,3,143,3,149,0,3,165,4,172,502,2,504,676
07/10/2002,DWH,TX,ASW,CE,Towers with Display (VFR),0,1,33,0,34,0,10,174,4,188,0,11,207,4,222,382,0,382,604
07/11/2002,DWH,TX,ASW,CE,Towers with Display (VFR),0,2,32,0,34,0,5,261,2,268,0,7,293,2,302,482,2,484,786
07/12/2002,DWH,TX,ASW,CE,Towers with Display (VFR),0,0,49,5,54,0,5,254,1,260,0,5,303,6,314,404,0,404,718
07/13/2002,DWH,TX,ASW,CE,Towers with Display (VFR),0,0,20,0,20,0,5,224,0,229,0,5,244,0,249,412,0,412,661
07/14/2002,DWH,TX,ASW,CE,Towers with Display (VFR),0,5,32,0,37,0,6,162,4,172,0,11,194,4,209,588,0,588,797
07/15/2002,DWH,TX,ASW,CE,Towers with Display (VFR),0,2,24,0,26,0,1,68,2,71,0,3,92,2,97,208,0,208,305
07/16/2002,DWH,TX,ASW,CE,Towers with Display (VFR),0,3,23,0,26,0,0,19,0,19,0,3,42,0,45,58,0,58,103
07/17/2002,DWH,TX,ASW,CE,Towers with Display (VFR),0,4,26,2,32,0,3,298,0,301,0,7,324,2,333,690,0,690,1023
07/18/2002,DWH,TX,ASW,CE,Towers with Display (VFR),0,3,43,7,53,0,3,282,1,286,0,6,325,8,339,332,4,336,675
07/19/2002,DWH,TX,ASW,CE,Towers with Display (VFR),0,1,41,1,43,0,2,330,3,335,0,3,371,4,378,516,0,516,894
07/20/2002,DWH,TX,ASW,CE,Towers with Display (VFR),0,1,32,0,33,0,4,302,0,306,0,5,334,0,339,388,0,388,727
07/21/2002,DWH,TX,ASW,CE,Towers with Display (VFR),0,0,23,0,23,0,3,220,0,223,0,3,243,0,246,296,0,296,542
07/22/2002,DWH,TX,ASW,CE,Towers with Display (VFR),0,0,22,8,30,0,1,231,9,241,0,1,253,17,271,482,2,484,755
07/23/2002,DWH,TX,ASW,CE,Towers with Display (VFR),0,0,35,3,38,0,7,236,5,248,0,7,271,8,286,488,8,496,782
07/24/2002,DWH,TX,ASW,CE,Towers with Display (VFR),0,0,20,5,25,0,6,267,5,278,0,6,287,10,303,542,2,544,847
07/25/2002,DWH,TX,ASW,CE,Towers with Display (VFR),0,0,38,15,53,0,2,272,0,274,0,2,310,15,327,574,0,574,901
07/26/2002,DWH,TX,ASW,CE,Towers with Display (VFR),0,0,41,4,45,0,2,275,3,280,0,2,316,7,325,306,6,312,637
07/27/2002,DWH,TX,ASW,CE,Towers with Display (VFR),0,0,41,0,41,0,5,295,1,301,0,5,336,1,342,642,0,642,984
07/28/2002,DWH,TX,ASW,CE,Towers with Display (VFR),0,0,37,0,37,0,1,181,0,182,0,1,218,0,219,516,0,516,735
07/29/2002,DWH,TX,ASW,CE,Towers with Display (VFR),0,0,25,3,28,0,1,182,1,184,0,1,207,4,212,262,0,262,474
07/30/2002,DWH,TX,ASW,CE,Towers with Display (VFR),0,4,41,1,46,0,6,216,3,225,0,10,257,4,271,438,0,438,709
07/31/2002,DWH,TX,ASW,CE,Towers with Display (VFR),0,3,31,6,40,0,5,260,7,272,0,8,291,13,312,584,8,592,904
08/01/2002,DWH,TX,ASW,CE,Towers with Display (VFR),0,1,32,2,35,0,4,237,6,247,0,5,269,8,282,6,0,6,288
08/02/2002,DWH,TX,ASW,CE,Towers with Display (VFR),0,4,47,1,52,0,1,273,0,274,0,5,320,1,326,450,0,450,776
08/03/2002,DWH,TX,ASW,CE,Towers with Display (VFR),0,0,21,1,22,0,4,227,0,231,0,4,248,1,253,394,0,394,647
08/04/2002,DWH,TX,ASW,CE,Towers with Display (VFR),0,1,29,6,36,0,2,192,2,196,0,3,221,8,232,586,0,586,818
08/05/2002,DWH,TX,ASW,CE,Towers with Display (VFR),0,0,21,2,23,0,2,178,4,184,0,2,199,6,207,432,0,432,639
08/06/2002,DWH,TX,ASW,CE,Towers with Display (VFR),0,0,30,5,35,0,5,202,1,208,0,5,232,6,243,378,0,378,621
08/07/2002,DWH,TX,ASW,CE,Towers with Display (VFR),0,8,21,2,31,0,2,159,2,163,0,10,180,4,194,322,0,322,516
08/08/2002,DWH,TX,ASW,CE,Towers with Display (VFR),0,0,25,3,28,0,2,231,2,235,0,2,256,5,263,384,22,406,669
08/09/2002,DWH,TX,ASW,CE,Towers with Display (VFR),0,2,51,0,53,0,2,240,0,242,0,4,291,0,295,468,0,468,763
08/10/2002,DWH,TX,ASW,CE,Towers with Display (VFR),0,1,31,2,34,0,8,254,0,262,0,9,285,2,296,452,2,454,750
08/11/2002,DWH,TX,ASW,CE,Towers with Display (VFR),0,2,31,1,34,0,3,293,0,296,0,5,324,1,330,370,6,376,706
08/12/2002,DWH,TX,ASW,CE,Towers with Display (VFR),0,4,37,2,43,0,7,93,0,100,0,11,130,2,143,188,0,188,331
08/13/2002,DWH,TX,ASW,CE,Towers with Display (VFR),0,2,26,0,28,0,4,120,4,128,0,6,146,4,156,186,0,186,342
08/14/2002,DWH,TX,ASW,CE,Towers with Display (VFR),0,2,27,3,32,0,9,158,0,167,0,11,185,3,199,294,10,304,503
08/15/2002,DWH,TX,ASW,CE,Towers with Display (VFR),0,0,23,0,23,0,1,7,1,9,0,1,30,1,32,16,0,16,48
08/16/2002,DWH,TX,ASW,CE,Towers with Display (VFR),0,0,32,0,32,0,0,222,2,224,0,0,254,2,256,360,0,360,616
08/17/2002,DWH,TX,ASW,CE,Towers with Display (VFR),0,0,44,0,44,0,1,232,2,235,0,1,276,2,279,408,0,408,687
08/18/2002,DWH,TX,ASW,CE,Towers with Display (VFR),0,2,40,2,44,0,4,244,0,248,0,6,284,2,292,416,0,416,708
08/19/2002,DWH,TX,ASW,CE,Towers with Display (VFR),0,0,35,2,37,0,1,186,9,196,0,1,221,11,233,344,12,356,589
08/20/2002,DWH,TX,ASW,CE,Towers with Display (VFR),0,2,24,1,27,0,2,186,4,192,0,4,210,5,219,304,0,304,523
08/21/2002,DWH,TX,ASW,CE,Towers with Display (VFR),0,0,42,4,46,0,4,220,0,224,0,4,262,4,270,454,12,466,736
08/22/2002,DWH,TX,ASW,CE,Towers with Display (VFR),0,3,22,1,26,0,1,163,0,164,0,4,185,1,190,252,0,252,442
08/23/2002,DWH,TX,ASW,CE,Towers with Display (VFR),0,1,44,3,48,0,1,183,0,184,0,2,227,3,232,246,0,246,478
08/24/2002,DWH,TX,ASW,CE,Towers with Display (VFR),0,1,36,2,39,0,6,153,8,167,0,7,189,10,206,294,4,298,504
08/25/2002,DWH,TX,ASW,CE,Towers with Display (VFR),0,0,20,0,20,0,7,202,0,209,0,7,222,0,229,388,0,388,617
08/26/2002,DWH,TX,ASW,CE,Towers with Display (VFR),0,1,25,1,27,0,5,174,1,180,0,6,199,2,207,422,0,422,629
08/27/2002,DWH,TX,ASW,CE,Towers with Display (VFR),0,1,35,3,39,0,6,154,7,167,0,7,189,10,206,294,4,298,504
08/28/2002,DWH,TX,ASW,CE,Towers with Display (VFR),0,1,20,0,21,0,6,202,0,208,0,7,222,0,229,388,0,388,617
08/29/2002,DWH,TX,ASW,CE,Towers with Display (VFR),0,2,23,2,27,0,4,176,0,180,0,6,199,2,207,422,0,422,629
08/30/2002,DWH,TX,ASW,CE,Towers with Display (VFR),0,0,36,4,40,0,2,224,2,228,0,2,260,6,268,414,2,416,684
08/31/2002,DWH,TX,ASW,CE,Towers with Display (VFR),0,0,36,0,36,0,4,254,0,258,0,4,290,0,294,348,0,348,642
09/01/2002,DWH,TX,ASW,CE,Towers with Display (VFR),0,0,36,0,36,0,5,226,0,231,0,5,262,0,267,0,0,0,267
09/02/2002,DWH,TX,ASW,CE,Towers with Display (VFR),0,1,43,0,44,0,3,249,1,253,0,4,292,1,297,448,0,448,745
09/03/2002,DWH,TX,ASW,CE,Towers with Display (VFR),0,2,25,3,30,0,7,166,2,175,0,9,191,5,205,174,0,174,379
09/04/2002,DWH,TX,ASW,CE,Towers with Display (VFR),0,4,45,0,49,0,4,84,4,92,0,8,129,4,141,224,0,224,365
09/05/2002,DWH,TX,ASW,CE,Towers with Display (VFR),0,0,22,5,27,0,6,160,1,167,0,6,182,6,194,254,0,254,448
09/06/2002,DWH,TX,ASW,CE,Towers with Display (VFR),0,0,35,0,35,0,3,94,4,101,0,3,129,4,136,180,0,180,316
09/07/2002,DWH,TX,ASW,CE,Towers with Display (VFR),0,1,11,0,12,0,3,7,0,10,0,4,18,0,22,0,0,0,22
09/08/2002,DWH,TX,ASW,CE,Towers with Display (VFR),0,0,13,0,13,0,1,31,0,32,0,1,44,0,45,70,0,70,115
09/09/2002,DWH,TX,ASW,CE,Towers with Display (VFR),0,2,28,0,30,0,1,26,0,27,0,3,54,0,57,122,0,122,179
09/10/2002,DWH,TX,ASW,CE,Towers with Display (VFR),0,0,34,2,36,0,5,195,4,204,0,5,229,6,240,226,0,226,466
09/11/2002,DWH,TX,ASW,CE,Towers with Display (VFR),0,2,26,5,33,0,2,214,1,217,0,4,240,6,250,368,6,374,624
09/12/2002,DWH,TX,ASW,CE,Towers with Display (VFR),0,1,28,4,33,0,5,169,3,177,0,6,197,7,210,285,8,293,503
09/13/2002,DWH,TX,ASW,CE,Towers with Display (VFR),0,2,57,4,63,0,3,165,1,169,0,5,222,5,232,348,0,348,580
09/14/2002,DWH,TX,ASW,CE,Towers with Display (VFR),0,4,78,2,84,0,0,140,3,143,0,4,218,5,227,384,4,388,615
09/15/2002,DWH,TX,ASW,CE,Towers with Display (VFR),0,1,62,0,63,0,4,0,0,4,0,5,62,0,67,62,0,62,129
09/16/2002,DWH,TX,ASW,CE,Towers with Display (VFR),0,2,30,0,32,0,6,40,0,46,0,8,70,0,78,88,0,88,166
09/17/2002,DWH,TX,ASW,CE,Towers with Display (VFR),0,3,51,0,54,0,4,42,2,48,0,7,93,2,102,270,0,270,372
09/18/2002,DWH,TX,ASW,CE,Towers with Display (VFR),0,0,42,2,44,0,2,145,0,147,0,2,187,2,191,248,2,250,441
09/19/2002,DWH,TX,ASW,CE,Towers with Display (VFR),0,3,23,0,26,0,1,36,0,37,0,4,59,0,63,86,0,86,149
09/20/2002,DWH,TX,ASW,CE,Towers with Display (VFR),0,2,50,3,55,0,6,272,3,281,0,8,322,6,336,290,2,292,628
09/21/2002,DWH,TX,ASW,CE,Towers with Display (VFR),0,0,47,2,49,0,5,418,16,439,0,5,465,18,488,518,0,518,1006
09/22/2002,DWH,TX,ASW,CE,Towers with Display (VFR),0,0,41,4,45,0,6,247,0,253,0,6,288,4,298,236,0,236,534
09/23/2002,DWH,TX,ASW,CE,Towers with Display (VFR),0,1,40,2,43,0,6,191,1,198,0,7,231,3,241,122,6,128,369
09/24/2002,DWH,TX,ASW,CE,Towers with Display (VFR),0,0,35,5,40,0,3,162,7,172,0,3,197,12,212,124,28,152,364
09/25/2002,DWH,TX,ASW,CE,Towers with Display (VFR),0,0,30,2,32,0,6,158,0,164,0,6,188,2,196,218,0,218,414
09/26/2002,DWH,TX,ASW,CE,Towers with Display (VFR),0,0,30,4,34,0,3,170,0,173,0,3,200,4,207,128,0,128,335
09/27/2002,DWH,TX,ASW,CE,Towers with Display (VFR),0,0,40,2,42,0,2,255,1,258,0,2,295,3,300,316,0,316,616
09/28/2002,DWH,TX,ASW,CE,Towers with Display (VFR),0,0,31,0,31,0,4,406,1,411,0,4,437,1,442,422,0,422,864
09/29/2002,DWH,TX,ASW,CE,Towers with Display (VFR),0,2,45,0,47,0,3,223,0,226,0,5,268,0,273,380,0,380,653
09/30/2002,DWH,TX,ASW,CE,Towers with Display (VFR),0,3,33,5,41,0,6,182,1,189,0,9,215,6,230,294,0,294,524
10/01/2002,DWH,TX,ASW,CE,Towers with Display (VFR),0,6,24,0,30,0,3,141,13,157,0,9,165,13,187,0,2,2,189
10/02/2002,DWH,TX,ASW,CE,Towers with Display (VFR),0,4,54,4,62,0,3,106,8,117,0,7,160,12,179,228,0,228,407
10/03/2002,DWH,TX,ASW,CE,Towers with Display (VFR),0,0,17,0,17,0,3,126,0,129,0,3,143,0,146,160,0,160,306
10/04/2002,DWH,TX,ASW,CE,Towers with Display (VFR),0,0,43,4,47,0,1,167,0,168,0,1,210,4,215,254,0,254,469
10/05/2002,DWH,TX,ASW,CE,Towers with Display (VFR),0,0,45,1,46,0,2,182,0,184,0,2,227,1,230,250,0,250,480
10/06/2002,DWH,TX,ASW,CE,Towers with Display (VFR),0,1,31,0,32,0,4,192,1,197,0,5,223,1,229,332,0,332,561
10/07/2002,DWH,TX,ASW,CE,Towers with Display (VFR),0,0,41,0,41,0,3,61,3,67,0,3,102,3,108,218,0,218,326
10/08/2002,DWH,TX,ASW,CE,Towers with Display (VFR),0,1,70,2,73,0,0,15,0,15,0,1,85,2,88,218,0,218,306
10/09/2002,DWH,TX,ASW,CE,Towers with Display (VFR),0,1,29,0,30,0,4,12,0,16,0,5,41,0,46,28,0,28,74
10/10/2002,DWH,TX,ASW,CE,Towers with Display (VFR),0,1,44,2,47,0,3,44,0,47,0,4,88,2,94,142,0,142,236
10/11/2002,DWH,TX,ASW,CE,Towers with Display (VFR),0,1,48,3,52,0,0,220,1,221,0,1,268,4,273,302,22,324,597
10/12/2002,DWH,TX,ASW,CE,Towers with Display (VFR),0,0,45,2,47,0,8,287,0,295,0,8,332,2,342,446,4,450,792
10/13/2002,DWH,TX,ASW,CE,Towers with Display (VFR),0,2,37,0,39,0,0,55,0,55,0,2,92,0,94,176,0,176,270
10/14/2002,DWH,TX,ASW,CE,Towers with Display (VFR),0,1,27,2,30,0,3,72,0,75,0,4,99,2,105,166,0,166,271
10/15/2002,DWH,TX,ASW,CE,Towers with Display (VFR),0,1,32,3,36,0,3,203,1,207,0,4,235,4,243,254,0,254,497
10/16/2002,DWH,TX,ASW,CE,Towers with Display (VFR),0,0,43,5,48,0,3,246,5,254,0,3,289,10,302,402,0,402,704
10/17/2002,DWH,TX,ASW,CE,Towers with Display (VFR),0,1,36,4,41,0,2,261,0,263,0,3,297,4,304,352,0,352,656
10/18/2002,DWH,TX,ASW,CE,Towers with Display (VFR),0,0,47,12,59,0,2,202,1,205,0,2,249,13,264,298,26,324,588
10/19/2002,DWH,TX,ASW,CE,Towers with Display (VFR),0,1,27,0,28,0,1,11,0,12,0,2,38,0,40,42,0,42,82
10/20/2002,DWH,TX,ASW,CE,Towers with Display (VFR),0,1,154,0,155,0,3,0,0,3,0,4,154,0,158,326,0,326,484
10/21/2002,DWH,TX,ASW,CE,Towers with Display (VFR),0,0,19,0,19,0,5,4,0,9,0,5,23,0,28,8,0,8,36
10/22/2002,DWH,TX,ASW,CE,Towers with Display (VFR),0,3,26,2,31,0,0,20,0,20,0,3,46,2,51,42,0,42,93
10/23/2002,DWH,TX,ASW,CE,Towers with Display (VFR),0,0,29,2,31,0,2,53,0,55,0,2,82,2,86,132,0,132,218
10/24/2002,DWH,TX,ASW,CE,Towers with Display (VFR),0,2,11,0,13,0,0,1,0,1,0,2,12,0,14,0,0,0,14
10/25/2002,DWH,TX,ASW,CE,Towers with Display (VFR),0,2,29,2,33,0,0,0,0,0,0,2,29,2,33,0,0,0,33
10/26/2002,DWH,TX,ASW,CE,Towers with Display (VFR),0,2,9,0,11,0,0,0,0,0,0,2,9,0,11,0,0,0,11
10/27/2002,DWH,TX,ASW,CE,Towers with Display (VFR),0,0,26,1,27,0,0,0,0,0,0,0,26,1,27,0,0,0,27
10/28/2002,DWH,TX,ASW,CE,Towers with Display (VFR),0,0,48,3,51,0,0,0,1,1,0,0,48,4,52,0,0,0,52
10/29/2002,DWH,TX,ASW,CE,Towers with Display (VFR),0,0,39,8,47,0,3,208,4,215,0,3,247,12,262,448,4,452,714
10/30/2002,DWH,TX,ASW,CE,Towers with Display (VFR),0,2,34,5,41,0,2,262,8,272,0,4,296,13,313,374,2,376,689
10/31/2002,DWH,TX,ASW,CE,Towers with Display (VFR),0,1,49,7,57,0,5,207,2,214,0,6,256,9,271,312,0,312,583
11/01/2002,DWH,TX,ASW,CE,Towers with Display (VFR),0,2,52,2,56,0,4,265,2,271,0,6,317,4,327,16,0,16,343
11/02/2002,DWH,TX,ASW,CE,Towers with Display (VFR),0,1,54,1,56,0,2,265,0,267,0,3,319,1,323,300,0,300,623
11/03/2002,DWH,TX,ASW,CE,Towers with Display (VFR),0,0,23,0,23,0,3,0,0,3,0,3,23,0,26,0,0,0,26
11/04/2002,DWH,TX,ASW,CE,Towers with Display (VFR),0,2,13,2,17,0,0,2,0,2,0,2,15,2,19,0,0,0,19
11/05/2002,DWH,TX,ASW,CE,Towers with Display (VFR),0,6,31,8,45,0,1,124,5,130,0,7,155,13,175,278,0,278,453
11/06/2002,DWH,TX,ASW,CE,Towers with Display (VFR),0,2,35,0,37,0,0,265,2,267,0,2,300,2,304,492,0,492,796
11/07/2002,DWH,TX,ASW,CE,Towers with Display (VFR),0,0,48,1,49,0,4,270,4,278,0,4,318,5,327,468,0,468,795
11/08/2002,DWH,TX,ASW,CE,Towers with Display (VFR),0,2,47,11,60,0,0,297,7,304,0,2,344,18,364,364,0,364,728
11/09/2002,DWH,TX,ASW,CE,Towers with Display (VFR),0,4,44,12,60,0,5,287,0,292,0,9,331,12,352,354,16,370,722
11/10/2002,DWH,TX,ASW,CE,Towers with Display (VFR),0,0,32,5,37,0,8,220,0,228,0,8,252,5,265,310,20,330,595
11/11/2002,DWH,TX,ASW,CE,Towers with Display (VFR),0,0,27,9,36,0,3,263,1,267,0,3,290,10,303,430,0,430,733
11/12/2002,DWH,TX,ASW,CE,Towers with Display (VFR),0,1,31,6,38,0,6,200,0,206,0,7,231,6,244,346,2,348,592
11/13/2002,DWH,TX,ASW,CE,Towers with Display (VFR),0,1,30,5,36,0,3,254,6,263,0,4,284,11,299,556,0,556,855
11/14/2002,DWH,TX,ASW,CE,Towers with Display (VFR),0,1,34,7,42,0,1,166,4,171,0,2,200,11,213,254,10,264,477
11/15/2002,DWH,TX,ASW,CE,Towers with Display (VFR),0,0,42,6,48,0,2,291,2,295,0,2,333,8,343,418,4,422,765
11/16/2002,DWH,TX,ASW,CE,Towers with Display (VFR),0,0,38,0,38,0,0,271,2,273,0,0,309,2,311,496,0,496,807
11/17/2002,DWH,TX,ASW,CE,Towers with Display (VFR),0,0,38,3,41,0,3,273,0,276,0,3,311,3,317,316,0,316,633
11/18/2002,DWH,TX,ASW,CE,Towers with Display (VFR),0,0,29,4,33,0,4,164,5,173,0,4,193,9,206,252,2,254,460
11/19/2002,DWH,TX,ASW,CE,Towers with Display (VFR),0,8,32,1,41,0,1,210,4,215,0,9,242,5,256,506,4,510,766
11/20/2002,DWH,TX,ASW,CE,Towers with Display (VFR),0,1,26,0,27,0,4,240,1,245,0,5,266,1,272,426,0,426,698
11/21/2002,DWH,TX,ASW,CE,Towers with Display (VFR),0,0,37,0,37,0,3,244,5,252,0,3,281,5,289,428,12,440,729
11/22/2002,DWH,TX,ASW,CE,Towers with Display (VFR),0,1,46,10,57,0,1,305,4,310,0,2,351,14,367,406,16,422,789
11/23/2002,DWH,TX,ASW,CE,Towers with Display (VFR),0,1,31,0,32,0,3,347,0,350,0,4,378,0,382,502,0,502,884
11/24/2002,DWH,TX,ASW,CE,Towers with Display (VFR),0,0,29,6,35,0,2,324,2,328,0,2,353,8,363,468,0,468,831
11/25/2002,DWH,TX,ASW,CE,Towers with Display (VFR),0,2,59,3,64,0,4,115,3,122,0,6,174,6,186,438,0,438,624
11/26/2002,DWH,TX,ASW,CE,Towers with Display (VFR),0,4,39,0,43,0,0,0,0,0,0,4,39,0,43,42,0,42,85
11/27/2002,DWH,TX,ASW,CE,Towers with Display (VFR),0,1,37,0,38,0,7,139,7,153,0,8,176,7,191,284,0,284,475
11/28/2002,DWH,TX,ASW,CE,Towers with Display (VFR),0,0,15,0,15,0,2,83,0,85,0,2,98,0,100,134,0,134,234
11/29/2002,DWH,TX,ASW,CE,Towers with Display (VFR),0,0,29,0,29,0,3,227,0,230,0,3,256,0,259,450,0,450,709
11/30/2002,DWH,TX,ASW,CE,Towers with Display (VFR),0,3,35,0,38,0,5,246,0,251,0,8,281,0,289,462,0,462,751
12/01/2002,DWH,TX,ASW,CE,Towers with Display (VFR),0,2,45,2,49,0,3,246,0,249,0,5,291,2,298,0,0,0,298
12/02/2002,DWH,TX,ASW,CE,Towers with Display (VFR),0,2,31,5,38,0,6,133,3,142,0,8,164,8,180,260,6,266,446
12/03/2002,DWH,TX,ASW,CE,Towers with Display (VFR),0,2,1,0,3,0,0,0,0,0,0,2,1,0,3,0,0,0,3
12/04/2002,DWH,TX,ASW,CE,Towers with Display (VFR),0,1,17,4,22,0,1,1,0,2,0,2,18,4,24,0,0,0,24
12/05/2002,DWH,TX,ASW,CE,Towers with Display (VFR),0,4,55,1,60,0,1,67,0,68,0,5,122,1,128,270,0,270,398
12/06/2002,DWH,TX,ASW,CE,Towers with Display (VFR),0,1,42,8,51,0,3,296,7,306,0,4,338,15,357,368,14,382,739
12/07/2002,DWH,TX,ASW,CE,Towers with Display (VFR),0,3,40,15,58,0,5,297,3,305,0,8,337,18,363,416,0,416,779
12/08/2002,DWH,TX,ASW,CE,Towers with Display (VFR),0,1,49,7,57,0,4,154,0,158,0,5,203,7,215,184,0,184,399
12/09/2002,DWH,TX,ASW,CE,Towers with Display (VFR),0,0,14,2,16,0,3,12,0,15,0,3,26,2,31,24,0,24,55
12/10/2002,DWH,TX,ASW,CE,Towers with Display (VFR),0,0,41,3,44,0,6,148,3,157,0,6,189,6,201,246,28,274,475
12/11/2002,DWH,TX,ASW,CE,Towers with Display (VFR),0,1,55,1,57,0,3,187,1,191,0,4,242,2,248,412,0,412,660
12/12/2002,DWH,TX,ASW,CE,Towers with Display (VFR),0,0,25,0,25,0,0,1,0,1,0,0,26,0,26,2,0,2,28
12/13/2002,DWH,TX,ASW,CE,Towers with Display (VFR),0,0,41,11,52,0,4,192,9,205,0,4,233,20,257,280,6,286,543
12/14/2002,DWH,TX,ASW,CE,Towers with Display (VFR),0,0,45,7,52,0,6,349,2,357,0,6,394,9,409,606,0,606,1015
12/15/2002,DWH,TX,ASW,CE,Towers with Display (VFR),0,1,29,3,33,0,2,257,7,266,0,3,286,10,299,374,6,380,679
12/16/2002,DWH,TX,ASW,CE,Towers with Display (VFR),0,4,31,10,45,0,3,162,8,173,0,7,193,18,218,134,0,134,352
12/17/2002,DWH,TX,ASW,CE,Towers with Display (VFR),0,0,34,10,44,0,4,144,7,155,0,4,178,17,199,248,4,252,451
12/18/2002,DWH,TX,ASW,CE,Towers with Display (VFR),0,0,28,1,29,0,3,118,0,121,0,3,146,1,150,340,0,340,490
12/19/2002,DWH,TX,ASW,CE,Towers with Display (VFR),0,2,25,4,31,0,6,253,0,259,0,8,278,4,290,378,0,378,668
12/20/2002,DWH,TX,ASW,CE,Towers with Display (VFR),0,0,41,5,46,0,3,320,0,323,0,3,361,5,369,498,0,498,867
12/21/2002,DWH,TX,ASW,CE,Towers with Display (VFR),0,0,35,0,35,0,2,260,0,262,0,2,295,0,297,506,0,506,803
12/22/2002,DWH,TX,ASW,CE,Towers with Display (VFR),0,1,25,0,26,0,1,257,0,258,0,2,282,0,284,403,0,403,687
12/23/2002,DWH,TX,ASW,CE,Towers with Display (VFR),0,5,16,0,21,0,3,20,0,23,0,8,36,0,44,38,0,38,82
12/24/2002,DWH,TX,ASW,CE,Towers with Display (VFR),0,0,6,0,6,0,4,34,0,38,0,4,40,0,44,90,0,90,134
12/25/2002,DWH,TX,ASW,CE,Towers with Display (VFR),0,1,20,0,21,0,3,70,0,73,0,4,90,0,94,66,0,66,160
12/26/2002,DWH,TX,ASW,CE,Towers with Display (VFR),0,0,40,1,41,0,2,181,0,183,0,2,221,1,224,278,8,286,510
12/27/2002,DWH,TX,ASW,CE,Towers with Display (VFR),0,0,40,9,49,0,3,279,4,286,0,3,319,13,335,456,4,460,795
12/28/2002,DWH,TX,ASW,CE,Towers with Display (VFR),0,2,36,0,38,0,4,315,0,319,0,6,351,0,357,374,0,374,731
12/29/2002,DWH,TX,ASW,CE,Towers with Display (VFR),0,0,12,0,12,0,1,62,0,63,0,1,74,0,75,140,0,140,215
12/30/2002,DWH,TX,ASW,CE,Towers with Display (VFR),0,1,13,0,14,0,4,6,0,10,0,5,19,0,24,0,0,0,24
12/31/2002,DWH,TX,ASW,CE,Towers with Display (VFR),0,0,28,4,32,0,4,151,0,155,0,4,179,4,187,188,2,190,377
01/01/2003,DWH,TX,ASW,CE,Towers with Display (VFR),0,1,20,0,21,0,3,171,0,174,0,4,191,0,195,0,0,0,195
01/02/2003,DWH,TX,ASW,CE,Towers with Display (VFR),0,2,25,3,30,0,6,163,2,171,0,8,188,5,201,174,0,174,375
01/03/2003,DWH,TX,ASW,CE,Towers with Display (VFR),0,0,46,5,51,0,0,321,4,325,0,0,367,9,376,392,8,400,776
01/04/2003,DWH,TX,ASW,CE,Towers with Display (VFR),0,1,55,3,59,0,4,399,1,404,0,5,454,4,463,702,0,702,1165
01/05/2003,DWH,TX,ASW,CE,Towers with Display (VFR),0,1,36,0,37,0,2,301,0,303,0,3,337,0,340,362,0,362,702
01/06/2003,DWH,TX,ASW,CE,Towers with Display (VFR),0,2,35,10,47,0,3,155,0,158,0,5,190,10,205,172,6,178,383
01/07/2003,DWH,TX,ASW,CE,Towers with Display (VFR),0,0,29,0,29,0,5,190,0,195,0,5,219,0,224,304,0,304,528
01/08/2003,DWH,TX,ASW,CE,Towers with Display (VFR),0,0,32,1,33,0,2,247,0,249,0,2,279,1,282,446,0,446,728
01/09/2003,DWH,TX,ASW,CE,Towers with Display (VFR),0,0,22,12,34,0,3,174,0,177,0,3,196,12,211,150,0,150,361
01/10/2003,DWH,TX,ASW,CE,Towers with Display (VFR),0,0,41,8,49,0,2,245,10,257,0,2,286,18,306,292,16,308,614
01/11/2003,DWH,TX,ASW,CE,Towers with Display (VFR),0,0,37,1,38,0,2,234,0,236,0,2,271,1,274,474,6,480,754
01/12/2003,DWH,TX,ASW,CE,Towers with Display (VFR),0,3,17,1,21,0,1,0,0,1,0,4,17,1,22,0,0,0,22
01/13/2003,DWH,TX,ASW,CE,Towers with Display (VFR),0,1,47,4,52,0,9,161,5,175,0,10,208,9,227,332,6,338,565
01/14/2003,DWH,TX,ASW,CE,Towers with Display (VFR),0,2,49,6,57,0,4,83,0,87,0,6,132,6,144,286,0,286,430
01/15/2003,DWH,TX,ASW,CE,Towers with Display (VFR),0,2,49,0,51,0,6,77,2,85,0,8,126,2,136,394,0,394,530
01/16/2003,DWH,TX,ASW,CE,Towers with Display (VFR),0,2,17,1,20,0,2,88,5,95,0,4,105,6,115,126,0,126,241
01/17/2003,DWH,TX,ASW,CE,Towers with Display (VFR),0,4,37,6,47,0,3,274,4,281,0,7,311,10,328,300,8,308,636
01/18/2003,DWH,TX,ASW,CE,Towers with Display (VFR),0,2,33,2,37,0,0,332,0,332,0,2,365,2,369,514,0,514,883
01/19/2003,DWH,TX,ASW,CE,Towers with Display (VFR),0,1,29,2,32,0,4,285,0,289,0,5,314,2,321,634,0,634,955
01/20/2003,DWH,TX,ASW,CE,Towers with Display (VFR),0,1,36,7,44,0,1,117,0,118,0,2,153,7,162,434,52,486,648
01/21/2003,DWH,TX,ASW,CE,Towers with Display (VFR),0,1,42,3,46,0,4,139,3,146,0,5,181,6,192,290,0,290,482
01/22/2003,DWH,TX,ASW,CE,Towers with Display (VFR),0,1,39,7,47,0,6,108,0,114,0,7,147,7,161,372,0,372,533
01/23/2003,DWH,TX,ASW,CE,Towers with Display (VFR),0,2,29,0,31,0,3,210,7,220,0,5,239,7,251,162,0,162,413
01/24/2003,DWH,TX,ASW,CE,Towers with Display (VFR),0,2,36,2,40,0,3,289,0,292,0,5,325,2,332,418,6,424,756
01/25/2003,DWH,TX,ASW,CE,Towers with Display (VFR),0,1,32,0,33,0,2,154,5,161,0,3,186,5,194,580,0,580,774
01/26/2003,DWH,TX,ASW,CE,Towers with Display (VFR),0,0,37,0,37,0,1,0,0,1,0,1,37,0,38,78,0,78,116
01/27/2003,DWH,TX,ASW,CE,Towers with Display (VFR),0,3,25,5,33,0,2,106,3,111,0,5,131,8,144,334,14,348,492
01/28/2003,DWH,TX,ASW,CE,Towers with Display (VFR),0,1,67,3,71,0,0,0,0,0,0,1,67,3,71,164,0,164,235
01/29/2003,DWH,TX,ASW,CE,Towers with Display (VFR),0,0,27,4,31,0,3,71,2,76,0,3,98,6,107,300,0,300,407
01/30/2003,DWH,TX,ASW,CE,Towers with Display (VFR),0,0,50,8,58,0,1,45,3,49,0,1,95,11,107,136,0,136,243
01/31/2003,DWH,TX,ASW,CE,Towers with Display (VFR),0,0,49,3,52,0,1,270,1,272,0,1,319,4,324,636,0,636,960
02/01/2003,DWH,TX,ASW,CE,Towers with Display (VFR),0,1,51,2,54,0,0,375,2,377,0,1,426,4,431,0,0,0,431
02/02/2003,DWH,TX,ASW,CE,Towers with Display (VFR),0,1,36,2,39,0,2,160,0,162,0,3,196,2,201,352,0,352,553
02/03/2003,DWH,TX,ASW,CE,Towers with Display (VFR),0,0,22,4,26,0,5,78,2,85,0,5,100,6,111,442,0,442,553
02/04/2003,DWH,TX,ASW,CE,Towers with Display (VFR),0,0,38,0,38,0,6,251,0,257,0,6,289,0,295,392,0,392,687
02/05/2003,DWH,TX,ASW,CE,Towers with Display (VFR),0,2,20,6,28,0,3,148,1,152,0,5,168,7,180,552,0,552,732
02/06/2003,DWH,TX,ASW,CE,Towers with Display (VFR),0,2,18,0,20,0,0,2,0,2,0,2,20,0,22,0,0,0,22
02/07/2003,DWH,TX,ASW,CE,Towers with Display (VFR),0,0,27,3,30,0,4,67,0,71,0,4,94,3,101,236,0,236,337
02/08/2003,DWH,TX,ASW,CE,Towers with Display (VFR),0,1,18,0,19,0,4,106,1,111,0,5,124,1,130,550,0,550,680
02/09/2003,DWH,TX,ASW,CE,Towers with Display (VFR),0,0,64,2,66,0,2,0,0,2,0,2,64,2,68,192,0,192,260
02/10/2003,DWH,TX,ASW,CE,Towers with Display (VFR),0,1,40,8,49,0,2,227,2,231,0,3,267,10,280,446,10,456,736
02/11/2003,DWH,TX,ASW,CE,Towers with Display (VFR),0,3,40,2,45,0,7,257,4,268,0,10,297,6,313,400,0,400,713
02/12/2003,DWH,TX,ASW,CE,Towers with Display (VFR),0,3,67,8,78,0,3,150,0,153,0,6,217,8,231,472,0,472,703
02/13/2003,DWH,TX,ASW,CE,Towers with Display (VFR),0,4,76,0,80,0,2,24,0,26,0,6,100,0,106,362,0,362,468
02/14/2003,DWH,TX,ASW,CE,Towers with Display (VFR),0,1,26,2,29,0,1,84,0,85,0,2,110,2,114,252,0,252,366
02/15/2003,DWH,TX,ASW,CE,Towers with Display (VFR),0,0,18,0,18,0,5,81,0,86,0,5,99,0,104,146,0,146,250
02/16/2003,DWH,TX,ASW,CE,Towers with Display (VFR),0,1,31,0,32,0,5,144,0,149,0,6,175,0,181,468,0,468,649
02/17/2003,DWH,TX,ASW,CE,Towers with Display (VFR),0,0,23,1,24,0,1,311,1,313,0,1,334,2,337,440,0,440,777
02/18/2003,DWH,TX,ASW,CE,Towers with Display (VFR),0,2,27,2,31,0,4,247,2,253,0,6,274,4,284,560,2,562,846
02/19/2003,DWH,TX,ASW,CE,Towers with Display (VFR),0,1,32,8,41,0,3,178,6,187,0,4,210,14,228,482,2,484,712
02/20/2003,DWH,TX,ASW,CE,Towers with Display (VFR),0,0,14,2,16,0,1,0,0,1,0,1,14,2,17,0,0,0,17
02/21/2003,DWH,TX,ASW,CE,Towers with Display (VFR),0,1,24,0,25,0,0,0,0,0,0,1,24,0,25,0,0,0,25
02/22/2003,DWH,TX,ASW,CE,Towers with Display (VFR),0,3,54,2,59,0,1,268,0,269,0,4,322,2,328,270,0,270,598
02/23/2003,DWH,TX,ASW,CE,Towers with Display (VFR),0,0,31,0,31,0,3,239,0,242,0,3,270,0,273,188,0,188,461
02/24/2003,DWH,TX,ASW,CE,Towers with Display (VFR),0,2,29,0,31,0,2,133,4,139,0,4,162,4,170,220,0,220,390
02/25/2003,DWH,TX,ASW,CE,Towers with Display (VFR),0,0,15,0,15,0,0,0,0,0,0,0,15,0,15,0,0,0,15
02/26/2003,DWH,TX,ASW,CE,Towers with Display (VFR),0,1,14,6,21,0,0,0,0,0,0,1,14,6,21,52,0,52,73
02/27/2003,DWH,TX,ASW,CE,Towers with Display (VFR),0,0,67,4,71,0,2,0,2,4,0,2,67,6,75,148,0,148,223
02/28/2003,DWH,TX,ASW,CE,Towers with Display (VFR),0,0,79,6,85,0,1,55,0,56,0,1,134,6,141,204,0,204,345
03/01/2003,DWH,TX,ASW,CE,Towers with Display (VFR),0,2,35,0,37,0,2,169,0,171,0,4,204,0,208,0,0,0,208
03/02/2003,DWH,TX,ASW,CE,Towers with Display (VFR),0,4,36,1,41,0,0,165,1,166,0,4,201,2,207,452,0,452,659
03/03/2003,DWH,TX,ASW,CE,Towers with Display (VFR),0,2,25,0,27,0,3,19,0,22,0,5,44,0,49,38,0,38,87
03/04/2003,DWH,TX,ASW,CE,Towers with Display (VFR),0,3,54,2,59,0,0,0,0,0,0,3,54,2,59,128,0,128,187
03/05/2003,DWH,TX,ASW,CE,Towers with Display (VFR),0,0,11,0,11,0,0,0,0,0,0,0,11,0,11,0,0,0,11
03/06/2003,DWH,TX,ASW,CE,Towers with Display (VFR),0,2,39,1,42,0,1,198,6,205,0,3,237,7,247,262,8,270,517
03/07/2003,DWH,TX,ASW,CE,Towers with Display (VFR),0,1,41,7,49,0,2,317,1,320,0,3,358,8,369,430,6,436,805
03/08/2003,DWH,TX,ASW,CE,Towers with Display (VFR),0,0,64,5,69,0,2,281,2,285,0,2,345,7,354,706,0,706,1060
03/09/2003,DWH,TX,ASW,CE,Towers with Display (VFR),0,1,53,0,54,0,0,287,0,287,0,1,340,0,341,426,0,426,767
03/10/2003,DWH,TX,ASW,CE,Towers with Display (VFR),0,0,46,6,52,0,2,191,0,193,0,2,237,6,245,404,0,404,649
03/11/2003,DWH,TX,ASW,CE,Towers with Display (VFR),0,4,67,0,71,0,4,150,2,156,0,8,217,2,227,408,0,408,635
03/12/2003,DWH,TX,ASW,CE,Towers with Display (VFR),0,0,48,12,60,0,5,68,0,73,0,5,116,12,133,142,4,146,279
03/13/2003,DWH,TX,ASW,CE,Towers with Display (VFR),0,0,27,0,27,0,1,45,0,46,0,1,72,0,73,70,0,70,143
03/14/2003,DWH,TX,ASW,CE,Towers with Display (VFR),0,0,34,5,39,0,1,276,3,280,0,1,310,8,319,506,0,506,825
03/15/2003,DWH,TX,ASW,CE,Towers with Display (VFR),0,2,63,1,66,0,5,297,1,303,0,7,360,2,369,502,0,502,871
03/16/2003,DWH,TX,ASW,CE,Towers with Display (VFR),0,0,39,0,39,0,6,230,3,239,0,6,269,3,278,524,0,524,802
03/17/2003,DWH,TX,ASW,CE,Towers with Display (VFR),0,0,26,0,26,0,2,156,0,158,0,2,182,0,184,390,0,390,574
03/18/2003,DWH,TX,ASW,CE,Towers with Display (VFR),0,0,43,3,46,0,5,46,2,53,0,5,89,5,99,84,2,86,185
03/19/2003,DWH,TX,ASW,CE,Towers with Display (VFR),0,0,37,5,42,0,3,190,1,194,0,3,227,6,236,244,2,246,482
03/20/2003,DWH,TX,ASW,CE,Towers with Display (VFR),0,2,33,4,39,0,6,187,7,200,0,8,220,11,239,292,6,298,537
03/21/2003,DWH,TX,ASW,CE,Towers with Display (VFR),0,1,30,0,31,0,1,308,3,312,0,2,338,3,343,446,0,446,789
03/22/2003,DWH,TX,ASW,CE,Towers with Display (VFR),0,0,33,0,33,0,4,232,0,236,0,4,265,0,269,442,0,442,711
03/23/2003,DWH,TX,ASW,CE,Towers with Display (VFR),0,0,39,5,44,0,2,330,1,333,0,2,369,6,377,552,10,562,939
03/24/2003,DWH,TX,ASW,CE,Towers with Display (VFR),0,0,48,1,49,0,3,224,4,231,0,3,272,5,280,496,0,496,776
03/25/2003,DWH,TX,ASW,CE,Towers with Display (VFR),0,0,31,10,41,0,5,156,4,165,0,5,187,14,206,520,0,520,726
03/26/2003,DWH,TX,ASW,CE,Towers with Display (VFR),0,0,67,9,76,0,3,36,1,40,0,3,103,10,116,20,0,20,136
03/27/2003,DWH,TX,ASW,CE,Towers with Display (VFR),0,0,40,5,45,0,1,229,3,233,0,1,269,8,278,536,0,536,814
03/28/2003,DWH,TX,ASW,CE,Towers with Display (VFR),0,1,42,4,47,0,3,113,0,116,0,4,155,4,163,100,0,100,263
03/29/2003,DWH,TX,ASW,CE,Towers with Display (VFR),0,2,36,0,38,0,2,239,0,241,0,4,275,0,279,272,0,272,551
03/30/2003,DWH,TX,ASW,CE,Towers with Display (VFR),0,1,40,4,45,0,7,341,0,348,0,8,381,4,393,556,0,556,949
03/31/2003,DWH,TX,ASW,CE,Towers with Display (VFR),0,2,31,2,35,0,2,228,2,232,0,4,259,4,267,282,0,282,549
04/01/2003,DWH,TX,ASW,CE,Towers with Display (VFR),0,1,29,4,34,0,7,173,8,188,0,8,202,12,222,0,0,0,222
04/02/2003,DWH,TX,ASW,CE,Towers with Display (VFR),0,0,40,8,48,0,5,181,5,191,0,5,221,13,239,306,0,306,545
04/03/2003,DWH,TX,ASW,CE,Towers with Display (VFR),0,0,41,5,46,0,1,191,5,197,0,1,232,10,243,326,4,330,573
04/04/2003,DWH,TX,ASW,CE,Towers with Display (VFR),0,4,39,7,50,0,1,216,8,225,0,5,255,15,275,454,14,468,743
04/05/2003,DWH,TX,ASW,CE,Towers with Display (VFR),0,1,32,1,34,0,3,173,0,176,0,4,205,1,210,342,0,342,552
04/06/2003,DWH,TX,ASW,CE,Towers with Display (VFR),0,2,24,1,27,0,0,17,0,17,0,2,41,1,44,50,0,50,94
04/07/2003,DWH,TX,ASW,CE,Towers with Display (VFR),0,4,25,1,30,0,2,58,5,65,0,6,83,6,95,234,0,234,329
04/08/2003,DWH,TX,ASW,CE,Towers with Display (VFR),0,1,26,10,37,0,8,123,9,140,0,9,149,19,177,130,0,130,307
04/09/2003,DWH,TX,ASW,CE,Towers with Display (VFR),0,1,30,7,38,0,6,193,14,213,0,7,223,21,251,144,10,154,405
04/10/2003,DWH,TX,ASW,CE,Towers with Display (VFR),0,0,42,9,51,0,4,321,4,329,0,4,363,13,380,528,2,530,910
04/11/2003,DWH,TX,ASW,CE,Towers with Display (VFR),0,1,55,11,67,0,1,358,9,368,0,2,413,20,435,496,20,516,951
04/12/2003,DWH,TX,ASW,CE,Towers with Display (VFR),0,1,34,3,38,0,2,350,0,352,0,3,384,3,390,424,0,424,814
04/13/2003,DWH,TX,ASW,CE,Towers with Display (VFR),0,1,36,0,37,0,4,326,0,330,0,5,362,0,367,438,0,438,805
04/14/2003,DWH,TX,ASW,CE,Towers with Display (VFR),0,5,32,1,38,0,4,188,6,198,0,9,220,7,236,352,2,354,590
04/15/2003,DWH,TX,ASW,CE,Towers with Display (VFR),0,1,39,6,46,0,2,199,12,213,0,3,238,18,259,474,0,474,733
04/16/2003,DWH,TX,ASW,CE,Towers with Display (VFR),0,2,41,6,49,0,4,127,11,142,0,6,168,17,191,404,2,406,597
04/17/2003,DWH,TX,ASW,CE,Towers with Display (VFR),0,0,47,15,62,0,4,267,8,279,0,4,314,23,341,514,20,534,875
04/18/2003,DWH,TX,ASW,CE,Towers with Display (VFR),0,0,49,2,51,0,4,262,0,266,0,4,311,2,317,494,0,494,811
04/19/2003,DWH,TX,ASW,CE,Towers with Display (VFR),0,0,23,4,27,0,6,137,0,143,0,6,160,4,170,242,0,242,412
04/20/2003,DWH,TX,ASW,CE,Towers with Display (VFR),0,2,41,0,43,0,0,0,0,0,0,2,41,0,43,30,0,30,73
04/21/2003,DWH,TX,ASW,CE,Towers with Display (VFR),0,1,52,0,53,0,2,230,3,235,0,3,282,3,288,397,0,397,685
04/22/2003,DWH,TX,ASW,CE,Towers with Display (VFR),0,2,36,2,40,0,5,139,0,144,0,7,175,2,184,520,0,520,704
04/23/2003,DWH,TX,ASW,CE,Towers with Display (VFR),0,5,28,0,33,0,3,72,3,78,0,8,100,3,111,256,0,256,367
04/24/2003,DWH,TX,ASW,CE,Towers with Display (VFR),0,0,33,0,33,0,2,100,4,106,0,2,133,4,139,208,0,208,347
04/25/2003,DWH,TX,ASW,CE,Towers with Display (VFR),0,1,34,0,35,0,2,281,5,288,0,3,315,5,323,598,0,598,921
04/26/2003,DWH,TX,ASW,CE,Towers with Display (VFR),0,0,40,2,42,0,5,372,2,379,0,5,412,4,421,504,0,504,925
04/27/2003,DWH,TX,ASW,CE,Towers with Display (VFR),0,3,46,1,50,0,6,307,0,313,0,9,353,1,363,486,0,486,849
04/28/2003,DWH,TX,ASW,CE,Towers with Display (VFR),0,3,37,4,44,0,4,161,5,170,0,7,198,9,214,342,0,342,556
04/29/2003,DWH,TX,ASW,CE,Towers with Display (VFR),0,6,34,13,53,0,2,204,3,209,0,8,238,16,262,756,0,756,1018
04/30/2003,DWH,TX,ASW,CE,Towers with Display (VFR),0,0,45,11,56,0,10,185,1,196,0,10,230,12,252,290,0,290,542
05/01/2003,DWH,TX,ASW,CE,Towers with Display (VFR),0,1,35,7,43,0,7,179,2,188,0,8,214,9,231,2,2,4,235
05/02/2003,DWH,TX,ASW,CE,Towers with Display (VFR),0,2,45,0,47,0,6,141,1,148,0,8,186,1,195,322,0,322,517
05/03/2003,DWH,TX,ASW,CE,Towers with Display (VFR),0,1,58,0,59,0,4,202,4,210,0,5,260,4,269,636,0,636,905
05/04/2003,DWH,TX,ASW,CE,Towers with Display (VFR),0,1,43,2,46,0,2,92,1,95,0,3,135,3,141,512,0,512,653
05/05/2003,DWH,TX,ASW,CE,Towers with Display (VFR),0,3,30,9,42,0,5,141,14,160,0,8,171,23,202,562,0,562,764
05/06/2003,DWH,TX,ASW,CE,Towers with Display (VFR),0,4,33,4,41,0,5,123,0,128,0,9,156,4,169,560,2,562,731
05/07/2003,DWH,TX,ASW,CE,Towers with Display (VFR),0,4,40,3,47,0,2,228,3,233,0,6,268,6,280,676,0,676,956
05/08/2003,DWH,TX,ASW,CE,Towers with Display (VFR),0,4,40,2,46,0,1,163,3,167,0,5,203,5,213,192,0,192,405
05/09/2003,DWH,TX,ASW,CE,Towers with Display (VFR),0,1,35,1,37,0,3,163,0,166,0,4,198,1,203,222,0,222,425
05/10/2003,DWH,TX,ASW,CE,Towers with Display (VFR),0,1,50,0,51,0,8,176,0,184,0,9,226,0,235,340,0,340,575
05/11/2003,DWH,TX,ASW,CE,Towers with Display (VFR),0,1,44,0,45,0,2,65,0,67,0,3,109,0,112,380,0,380,492
05/12/2003,DWH,TX,ASW,CE,Towers with Display (VFR),0,2,44,0,46,0,3,163,0,166,0,5,207,0,212,270,0,270,482
05/13/2003,DWH,TX,ASW,CE,Towers with Display (VFR),0,6,46,3,55,0,2,206,10,218,0,8,252,13,273,578,0,578,851
05/14/2003,DWH,TX,ASW,CE,Towers with Display (VFR),0,3,70,6,79,0,2,177,15,194,0,5,247,21,273,506,0,506,779
05/15/2003,DWH,TX,ASW,CE,Towers with Display (VFR),0,4,40,7,51,0,0,176,12,188,0,4,216,19,239,406,0,406,645
05/16/2003,DWH,TX,ASW,CE,Towers with Display (VFR),0,1,39,2,42,0,2,222,0,224,0,3,261,2,266,130,0,130,396
05/17/2003,DWH,TX,ASW,CE,Towers with Display (VFR),0,2,46,0,48,0,4,300,9,313,0,6,346,9,361,480,0,480,841
05/18/2003,DWH,TX,ASW,CE,Towers with Display (VFR),0,0,31,0,31,0,1,301,1,303,0,1,332,1,334,464,0,464,798
05/19/2003,DWH,TX,ASW,CE,Towers with Display (VFR),0,0,37,0,37,0,9,195,13,217,0,9,232,13,254,528,16,544,798
05/20/2003,DWH,TX,ASW,CE,Towers with Display (VFR),0,2,3,10,15,0,7,212,7,226,0,9,215,17,241,588,12,600,841
05/21/2003,DWH,TX,ASW,CE,Towers with Display (VFR),0,1,52,6,59,0,5,139,4,148,0,6,191,10,207,378,0,378,585
05/22/2003,DWH,TX,ASW,CE,Towers with Display (VFR),0,3,33,5,41,0,0,244,1,245,0,3,277,6,286,448,30,478,764
05/23/2003,DWH,TX,ASW,CE,Towers with Display (VFR),0,3,42,3,48,0,4,281,2,287,0,7,323,5,335,456,14,470,805
05/24/2003,DWH,TX,ASW,CE,Towers with Display (VFR),0,0,34,0,34,0,3,279,0,282,0,3,313,0,316,446,0,446,762
05/25/2003,DWH,TX,ASW,CE,Towers with Display (VFR),0,0,26,0,26,0,7,251,0,258,0,7,277,0,284,424,0,424,708
05/26/2003,DWH,TX,ASW,CE,Towers with Display (VFR),0,3,29,1,33,0,5,190,1,196,0,8,219,2,229,336,0,336,565
05/27/2003,DWH,TX,ASW,CE,Towers with Display (VFR),0,0,31,10,41,0,4,203,0,207,0,4,234,10,248,474,12,486,734
05/28/2003,DWH,TX,ASW,CE,Towers with Display (VFR),0,0,25,7,32,0,10,244,13,267,0,10,269,20,299,374,32,406,705
05/29/2003,DWH,TX,ASW,CE,Towers with Display (VFR),0,0,22,13,35,0,4,275,6,285,0,4,297,19,320,432,14,446,766
05/30/2003,DWH,TX,ASW,CE,Towers with Display (VFR),0,2,38,3,43,0,7,258,0,265,0,9,296,3,308,396,2,398,706
05/31/2003,DWH,TX,ASW,CE,Towers with Display (VFR),0,0,35,0,35,0,3,297,0,300,0,3,332,0,335,442,0,442,777
06/01/2003,DWH,TX,ASW,CE,Towers with Display (VFR),0,4,35,0,39,0,6,201,0,207,0,10,236,0,246,0,0,0,246
06/02/2003,DWH,TX,ASW,CE,Towers with Display (VFR),0,0,20,3,23,0,6,133,4,143,0,6,153,7,166,256,0,256,422
06/03/2003,DWH,TX,ASW,CE,Towers with Display (VFR),0,2,44,8,54,0,5,178,2,185,0,7,222,10,239,528,2,530,769
06/04/2003,DWH,TX,ASW,CE,Towers with Display (VFR),0,2,23,5,30,0,4,113,0,117,0,6,136,5,147,258,2,260,407
06/05/2003,DWH,TX,ASW,CE,Towers with Display (VFR),0,5,21,0,26,0,2,99,1,102,0,7,120,1,128,328,0,328,456
06/06/2003,DWH,TX,ASW,CE,Towers with Display (VFR),0,1,44,1,46,0,2,168,1,171,0,3,212,2,217,282,10,292,509
06/07/2003,DWH,TX,ASW,CE,Towers with Display (VFR),0,0,31,0,31,0,2,298,0,300,0,2,329,0,331,430,0,430,761
06/08/2003,DWH,TX,ASW,CE,Towers with Display (VFR),0,3,28,0,31,0,4,224,0,228,0,7,252,0,259,450,0,450,709
06/09/2003,DWH,TX,ASW,CE,Towers with Display (VFR),0,2,33,6,41,0,6,266,5,277,0,8,299,11,318,502,0,502,820
06/10/2003,DWH,TX,ASW,CE,Towers with Display (VFR),0,6,22,0,28,0,2,178,7,187,0,8,200,7,215,556,4,560,775
06/11/2003,DWH,TX,ASW,CE,Towers with Display (VFR),0,1,33,6,40,0,7,174,6,187,0,8,207,12,227,356,0,356,583
06/12/2003,DWH,TX,ASW,CE,Towers with Display (VFR),0,1,43,4,48,0,5,190,2,197,0,6,233,6,245,494,0,494,739
06/13/2003,DWH,TX,ASW,CE,Towers with Display (VFR),0,1,26,9,36,0,2,166,6,174,0,3,192,15,210,328,12,340,550
06/14/2003,DWH,TX,ASW,CE,Towers with Display (VFR),0,0,23,0,23,0,1,270,4,275,0,1,293,4,298,480,0,480,778
06/15/2003,DWH,TX,ASW,CE,Towers with Display (VFR),0,4,15,4,23,0,0,77,0,77,0,4,92,4,100,88,0,88,188
06/16/2003,DWH,TX,ASW,CE,Towers with Display (VFR),0,3,24,0,27,0,4,106,18,128,0,7,130,18,155,402,2,404,559
06/17/2003,DWH,TX,ASW,CE,Towers with Display (VFR),0,0,32,0,32,0,4,189,2,195,0,4,221,2,227,542,0,542,769
06/18/2003,DWH,TX,ASW,CE,Towers with Display (VFR),0,1,42,9,52,0,5,257,15,277,0,6,299,24,329,520,2,522,851
06/19/2003,DWH,TX,ASW,CE,Towers with Display (VFR),0,0,35,8,43,0,3,241,9,253,0,3,276,17,296,422,4,426,722
06/20/2003,DWH,TX,ASW,CE,Towers with Display (VFR),0,3,28,8,39,0,0,245,4,249,0,3,273,12,288,512,16,528,816
06/21/2003,DWH,TX,ASW,CE,Towers with Display (VFR),0,1,51,6,58,0,3,305,1,309,0,4,356,7,367,454,12,466,833
06/22/2003,DWH,TX,ASW,CE,Towers with Display (VFR),0,3,23,1,27,0,3,276,0,279,0,6,299,1,306,550,0,550,856
06/23/2003,DWH,TX,ASW,CE,Towers with Display (VFR),0,3,25,0,28,0,1,131,3,135,0,4,156,3,163,382,0,382,545
06/24/2003,DWH,TX,ASW,CE,Towers with Display (VFR),0,4,26,4,34,0,3,181,3,187,0,7,207,7,221,370,0,370,591
06/25/2003,DWH,TX,ASW,CE,Towers with Display (VFR),0,1,35,5,41,0,3,208,3,214,0,4,243,8,255,326,10,336,591
06/26/2003,DWH,TX,ASW,CE,Towers with Display (VFR),0,2,47,3,52,0,5,149,3,157,0,7,196,6,209,328,0,328,537
06/27/2003,DWH,TX,ASW,CE,Towers with Display (VFR),0,5,56,2,63,0,1,171,0,172,0,6,227,2,235,324,0,324,559
06/28/2003,DWH,TX,ASW,CE,Towers with Display (VFR),0,1,32,7,40,0,1,373,1,375,0,2,405,8,415,388,22,410,825
06/29/2003,DWH,TX,ASW,CE,Towers with Display (VFR),0,3,46,1,50,0,7,254,1,262,0,10,300,2,312,578,0,578,890
06/30/2003,DWH,TX,ASW,CE,Towers with Display (VFR),0,3,72,2,77,0,3,54,8,65,0,6,126,10,142,354,0,354,496
07/01/2003,DWH,TX,ASW,CE,Towers with Display (VFR),0,2,31,5,38,0,9,195,8,212,0,11,226,13,250,0,6,6,256
07/02/2003,DWH,TX,ASW,CE,Towers with Display (VFR),0,3,28,5,36,0,2,216,3,221,0,5,244,8,257,284,0,284,541
07/03/2003,DWH,TX,ASW,CE,Towers with Display (VFR),0,0,28,2,30,0,15,190,0,205,0,15,218,2,235,334,0,334,569
07/04/2003,DWH,TX,ASW,CE,Towers with Display (VFR),0,0,12,0,12,0,3,81,0,84,0,3,93,0,96,246,0,246,342
07/05/2003,DWH,TX,ASW,CE,Towers with Display (VFR),0,1,26,0,27,0,3,119,0,122,0,4,145,0,149,292,0,292,441
07/06/2003,DWH,TX,ASW,CE,Towers with Display (VFR),0,2,28,0,30,0,3,216,0,219,0,5,244,0,249,354,0,354,603
07/07/2003,DWH,TX,ASW,CE,Towers with Display (VFR),0,0,22,0,22,0,7,94,0,101,0,7,116,0,123,198,0,198,321
07/08/2003,DWH,TX,ASW,CE,Towers with Display (VFR),0,0,29,1,30,0,8,178,4,190,0,8,207,5,220,516,0,516,736
07/09/2003,DWH,TX,ASW,CE,Towers with Display (VFR),0,2,21,5,28,0,3,124,6,133,0,5,145,11,161,366,0,366,527
07/10/2003,DWH,TX,ASW,CE,Towers with Display (VFR),0,1,36,7,44,0,8,219,3,230,0,9,255,10,274,594,6,600,874
07/11/2003,DWH,TX,ASW,CE,Towers with Display (VFR),0,1,27,3,31,0,4,206,0,210,0,5,233,3,241,470,0,470,711
07/12/2003,DWH,TX,ASW,CE,Towers with Display (VFR),0,2,21,3,26,0,3,347,3,353,0,5,368,6,379,508,0,508,887
07/13/2003,DWH,TX,ASW,CE,Towers with Display (VFR),0,0,3,0,3,0,5,306,0,311,0,5,309,0,314,370,0,370,684
07/14/2003,DWH,TX,ASW,CE,Towers with Display (VFR),0,1,19,0,20,0,10,212,7,229,0,11,231,7,249,234,0,234,483
07/15/2003,DWH,TX,ASW,CE,Towers with Display (VFR),0,0,8,0,8,0,4,5,0,9,0,4,13,0,17,0,0,0,17
07/16/2003,DWH,TX,ASW,CE,Towers with Display (VFR),0,0,14,2,16,0,3,86,1,90,0,3,100,3,106,262,2,264,370
07/17/2003,DWH,TX,ASW,CE,Towers with Display (VFR),0,4,37,4,45,0,0,251,2,253,0,4,288,6,298,494,0,494,792
07/18/2003,DWH,TX,ASW,CE,Towers with Display (VFR),0,1,22,7,30,0,6,220,10,236,0,7,242,17,266,440,0,440,706
07/19/2003,DWH,TX,ASW,CE,Towers with Display (VFR),0,2,31,0,33,0,2,230,2,234,0,4,261,2,267,216,0,216,483
07/20/2003,DWH,TX,ASW,CE,Towers with Display (VFR),0,4,34,8,46,0,1,273,0,274,0,5,307,8,320,464,6,470,790
07/21/2003,DWH,TX,ASW,CE,Towers with Display (VFR),0,0,36,9,45,0,7,209,5,221,0,7,245,14,266,290,18,308,574
07/22/2003,DWH,TX,ASW,CE,Towers with Display (VFR),0,3,37,21,61,0,6,235,0,241,0,9,272,21,302,353,24,377,679
07/23/2003,DWH,TX,ASW,CE,Towers with Display (VFR),0,1,30,2,33,0,0,99,0,99,0,1,129,2,132,282,0,282,414
07/24/2003,DWH,TX,ASW,CE,Towers with Display (VFR),0,2,44,1,47,0,2,133,1,136,0,4,177,2,183,238,0,238,421
07/25/2003,DWH,TX,ASW,CE,Towers with Display (VFR),0,1,27,1,29,0,3,265,5,273,0,4,292,6,302,620,0,620,922
07/26/2003,DWH,TX,ASW,CE,Towers with Display (VFR),0,2,30,0,32,0,0,306,0,306,0,2,336,0,338,528,0,528,866
07/27/2003,DWH,TX,ASW,CE,Towers with Display (VFR),0,0,27,6,33,0,2,278,1,281,0,2,305,7,314,490,0,490,804
07/28/2003,DWH,TX,ASW,CE,Towers with Display (VFR),0,0,21,0,21,0,1,164,1,166,0,1,185,1,187,448,0,448,635
07/29/2003,DWH,TX,ASW,CE,Towers with Display (VFR),0,1,22,6,29,0,1,233,2,236,0,2,255,8,265,540,0,540,805
07/30/2003,DWH,TX,ASW,CE,Towers with Display (VFR),0,2,28,2,32,0,10,244,11,265,0,12,272,13,297,516,0,516,813
07/31/2003,DWH,TX,ASW,CE,Towers with Display (VFR),0,0,44,14,58,0,4,214,2,220,0,4,258,16,278,368,2,370,648
08/01/2003,DWH,TX,ASW,CE,Towers with Display (VFR),0,1,26,11,38,0,2,256,0,258,0,3,282,11,296,0,4,4,300
08/02/2003,DWH,TX,ASW,CE,Towers with Display (VFR),0,0,29,1,30,0,4,216,5,225,0,4,245,6,255,380,0,380,635
08/03/2003,DWH,TX,ASW,CE,Towers with Display (VFR),0,0,35,4,39,0,6,191,3,200,0,6,226,7,239,486,0,486,725
08/04/2003,DWH,TX,ASW,CE,Towers with Display (VFR),0,0,34,9,43,0,2,171,7,180,0,2,205,16,223,254,4,258,481
08/05/2003,DWH,TX,ASW,CE,Towers with Display (VFR),0,0,30,6,36,0,3,229,2,234,0,3,259,8,270,386,0,386,656
08/06/2003,DWH,TX,ASW,CE,Towers with Display (VFR),0,1,19,7,27,0,5,221,5,231,0,6,240,12,258,426,0,426,684
08/07/2003,DWH,TX,ASW,CE,Towers with Display (VFR),0,1,33,13,47,0,3,229,5,237,0,4,262,18,284,164,20,184,468
08/08/2003,DWH,TX,ASW,CE,Towers with Display (VFR),0,1,39,9,49,0,4,219,3,226,0,5,258,12,275,242,28,270,545
08/09/2003,DWH,TX,ASW,CE,Towers with Display (VFR),0,4,12,0,16,0,6,193,0,199,0,10,205,0,215,304,0,304,519
08/10/2003,DWH,TX,ASW,CE,Towers with Display (VFR),0,2,35,6,43,0,4,229,1,234,0,6,264,7,277,200,0,200,477
08/11/2003,DWH,TX,ASW,CE,Towers with Display (VFR),0,1,29,5,35,0,4,147,0,151,0,5,176,5,186,402,0,402,588
08/12/2003,DWH,TX,ASW,CE,Towers with Display (VFR),0,4,170,3,177,0,0,8,5,13,0,4,178,8,190,432,2,434,624
08/13/2003,DWH,TX,ASW,CE,Towers with Display (VFR),0,0,30,6,36,0,1,180,0,181,0,1,210,6,217,622,14,636,853
08/14/2003,DWH,TX,ASW,CE,Towers with Display (VFR),0,2,38,2,42,0,1,153,0,154,0,3,191,2,196,448,0,448,644
08/15/2003,DWH,TX,ASW,CE,Towers with Display (VFR),0,3,19,2,24,0,1,227,0,228,0,4,246,2,252,478,0,478,730
08/16/2003,DWH,TX,ASW,CE,Towers with Display (VFR),0,0,23,6,29,0,2,269,0,271,0,2,292,6,300,326,12,338,638
08/17/2003,DWH,TX,ASW,CE,Towers with Display (VFR),0,1,29,4,34,0,2,231,1,234,0,3,260,5,268,490,0,490,758
08/18/2003,DWH,TX,ASW,CE,Towers with Display (VFR),0,0,17,2,19,0,0,190,0,190,0,0,207,2,209,398,0,398,607
08/19/2003,DWH,TX,ASW,CE,Towers with Display (VFR),0,0,34,0,34,0,7,192,8,207,0,7,226,8,241,438,4,442,683
08/20/2003,DWH,TX,ASW,CE,Towers with Display (VFR),0,1,28,6,35,0,6,191,0,197,0,7,219,6,232,446,0,446,678
08/21/2003,DWH,TX,ASW,CE,Towers with Display (VFR),0,2,35,2,39,0,5,165,0,170,0,7,200,2,209,467,0,467,676
08/22/2003,DWH,TX,ASW,CE,Towers with Display (VFR),0,0,30,10,40,0,4,183,3,190,0,4,213,13,230,342,8,350,580
08/23/2003,DWH,TX,ASW,CE,Towers with Display (VFR),0,0,23,2,25,0,2,293,4,299,0,2,316,6,324,594,8,602,926
08/24/2003,DWH,TX,ASW,CE,Towers with Display (VFR),0,0,19,4,23,0,2,219,2,223,0,2,238,6,246,378,0,378,624
08/25/2003,DWH,TX,ASW,CE,Towers with Display (VFR),0,0,34,3,37,0,4,181,2,187,0,4,215,5,224,552,0,552,776
08/26/2003,DWH,TX,ASW,CE,Towers with Display (VFR),0,1,39,11,51,0,6,113,0,119,0,7,152,11,170,142,0,142,312
08/27/2003,DWH,TX,ASW,CE,Towers with Display (VFR),0,2,30,14,46,0,1,165,1,167,0,3,195,15,213,202,0,202,415
08/28/2003,DWH,TX,ASW,CE,Towers with Display (VFR),0,1,21,9,31,0,0,165,5,170,0,1,186,14,201,406,8,414,615
08/29/2003,DWH,TX,ASW,CE,Towers with Display (VFR),0,0,35,0,35,0,1,221,0,222,0,1,256,0,257,622,0,622,879
08/30/2003,DWH,TX,ASW,CE,Towers with Display (VFR),0,0,26,0,26,0,1,145,0,146,0,1,171,0,172,286,0,286,458
08/31/2003,DWH,TX,ASW,CE,Towers with Display (VFR),0,0,5,0,5,0,3,5,0,8,0,3,10,0,13,2,0,2,15
09/01/2003,DWH,TX,ASW,CE,Towers with Display (VFR),0,2,16,0,18,0,0,17,0,17,0,2,33,0,35,0,0,0,35
09/02/2003,DWH,TX,ASW,CE,Towers with Display (VFR),0,4,57,0,61,0,1,0,3,4,0,5,57,3,65,100,0,100,165
09/03/2003,DWH,TX,ASW,CE,Towers with Display (VFR),0,0,37,9,46,0,5,146,2,153,0,5,183,11,199,486,4,490,689
09/04/2003,DWH,TX,ASW,CE,Towers with Display (VFR),0,0,18,0,18,0,3,151,1,155,0,3,169,1,173,310,0,310,483
09/05/2003,DWH,TX,ASW,CE,Towers with Display (VFR),0,1,25,4,30,0,7,288,7,302,0,8,313,11,332,310,0,310,642
09/06/2003,DWH,TX,ASW,CE,Towers with Display (VFR),0,0,34,0,34,0,3,424,0,427,0,3,458,0,461,490,0,490,951
09/07/2003,DWH,TX,ASW,CE,Towers with Display (VFR),0,2,39,0,41,0,1,285,3,289,0,3,324,3,330,470,0,470,800
09/08/2003,DWH,TX,ASW,CE,Towers with Display (VFR),0,0,27,2,29,0,6,181,1,188,0,6,208,3,217,548,0,548,765
09/09/2003,DWH,TX,ASW,CE,Towers with Display (VFR),0,0,26,5,31,0,3,203,0,206,0,3,229,5,237,404,0,404,641
09/10/2003,DWH,TX,ASW,CE,Towers with Display (VFR),0,4,49,9,62,0,0,129,3,132,0,4,178,12,194,542,8,550,744
09/11/2003,DWH,TX,ASW,CE,Towers with Display (VFR),0,5,37,0,42,0,0,108,0,108,0,5,145,0,150,232,0,232,382
09/12/2003,DWH,TX,ASW,CE,Towers with Display (VFR),0,2,50,0,52,0,2,23,0,25,0,4,73,0,77,36,0,36,113
09/13/2003,DWH,TX,ASW,CE,Towers with Display (VFR),0,0,24,4,28,0,2,404,2,408,0,2,428,6,436,928,6,934,1370
09/14/2003,DWH,TX,ASW,CE,Towers with Display (VFR),0,1,29,0,30,0,2,228,0,230,0,3,257,0,260,598,0,598,858
09/15/2003,DWH,TX,ASW,CE,Towers with Display (VFR),0,3,16,1,20,0,2,165,9,176,0,5,181,10,196,424,10,434,630
09/16/2003,DWH,TX,ASW,CE,Towers with Display (VFR),0,3,33,8,44,0,3,215,3,221,0,6,248,11,265,498,0,498,763
09/17/2003,DWH,TX,ASW,CE,Towers with Display (VFR),0,3,29,3,35,0,6,244,1,251,0,9,273,4,286,260,0,260,546
09/18/2003,DWH,TX,ASW,CE,Towers with Display (VFR),0,0,31,0,31,0,0,187,0,187,0,0,218,0,218,552,0,552,770
09/19/2003,DWH,TX,ASW,CE,Towers with Display (VFR),0,1,32,0,33,0,3,283,5,291,0,4,315,5,324,608,0,608,932
09/20/2003,DWH,TX,ASW,CE,Towers with Display (VFR),0,2,19,0,21,0,5,262,1,268,0,7,281,1,289,748,16,764,1053
09/21/2003,DWH,TX,ASW,CE,Towers with Display (VFR),0,0,23,0,23,0,1,8,0,9,0,1,31,0,32,2,0,2,34
09/22/2003,DWH,TX,ASW,CE,Towers with Display (VFR),0,1,84,3,88,0,3,91,0,94,0,4,175,3,182,384,0,384,566
09/23/2003,DWH,TX,ASW,CE,Towers with Display (VFR),0,0,45,3,48,0,2,259,9,270,0,2,304,12,318,418,16,434,752
09/24/2003,DWH,TX,ASW,CE,Towers with Display (VFR),0,0,34,10,44,0,3,266,5,274,0,3,300,15,318,518,4,522,840
09/25/2003,DWH,TX,ASW,CE,Towers with Display (VFR),0,2,36,12,50,0,1,239,8,248,0,3,275,20,298,422,2,424,722
09/26/2003,DWH,TX,ASW,CE,Towers with Display (VFR),0,5,49,1,55,0,7,197,3,207,0,12,246,4,262,264,0,264,526
09/27/2003,DWH,TX,ASW,CE,Towers with Display (VFR),0,0,42,0,42,0,1,293,1,295,0,1,335,1,337,480,0,480,817
09/28/2003,DWH,TX,ASW,CE,Towers with Display (VFR),0,0,39,0,39,0,2,282,0,284,0,2,321,0,323,402,9,411,734
09/29/2003,DWH,TX,ASW,CE,Towers with Display (VFR),0,3,19,4,26,0,5,217,2,224,0,8,236,6,250,356,0,356,606
09/30/2003,DWH,TX,ASW,CE,Towers with Display (VFR),0,2,20,0,22,0,2,245,2,249,0,4,265,2,271,198,0,198,469
10/01/2003,DWH,TX,ASW,CE,Towers with Display (VFR),0,1,22,0,23,0,4,271,11,286,0,5,293,11,309,0,0,0,309
10/02/2003,DWH,TX,ASW,CE,Towers with Display (VFR),0,0,25,7,32,0,2,216,8,226,0,2,241,15,258,302,6,308,566
10/03/2003,DWH,TX,ASW,CE,Towers with Display (VFR),0,0,40,7,47,0,0,270,2,272,0,0,310,9,319,450,6,456,775
10/04/2003,DWH,TX,ASW,CE,Towers with Display (VFR),0,2,21,0,23,0,6,294,4,304,0,8,315,4,327,578,0,578,905
10/05/2003,DWH,TX,ASW,CE,Towers with Display (VFR),0,0,30,0,30,0,1,209,0,210,0,1,239,0,240,500,0,500,740
10/06/2003,DWH,TX,ASW,CE,Towers with Display (VFR),0,2,40,2,44,0,1,111,2,114,0,3,151,4,158,360,0,360,518
10/07/2003,DWH,TX,ASW,CE,Towers with Display (VFR),0,2,28,10,40,0,4,152,1,157,0,6,180,11,197,434,0,434,631
10/08/2003,DWH,TX,ASW,CE,Towers with Display (VFR),0,1,83,2,86,0,5,121,1,127,0,6,204,3,213,506,0,506,719
10/09/2003,DWH,TX,ASW,CE,Towers with Display (VFR),0,0,30,4,34,0,0,2,2,4,0,0,32,6,38,44,0,44,82
10/10/2003,DWH,TX,ASW,CE,Towers with Display (VFR),0,2,152,6,160,0,2,0,0,2,0,4,152,6,162,412,0,412,574
10/11/2003,DWH,TX,ASW,CE,Towers with Display (VFR),0,1,32,0,33,0,5,310,0,315,0,6,342,0,348,554,0,554,902
10/12/2003,DWH,TX,ASW,CE,Towers with Display (VFR),0,3,35,0,38,0,4,215,0,219,0,7,250,0,257,256,0,256,513
10/13/2003,DWH,TX,ASW,CE,Towers with Display (VFR),0,2,19,2,23,0,3,164,0,167,0,5,183,2,190,634,2,636,826
10/14/2003,DWH,TX,ASW,CE,Towers with Display (VFR),0,2,42,3,47,0,4,111,4,119,0,6,153,7,166,216,0,216,382
10/15/2003,DWH,TX,ASW,CE,Towers with Display (VFR),0,0,37,5,42,0,2,281,3,286,0,2,318,8,328,720,0,720,1048
10/16/2003,DWH,TX,ASW,CE,Towers with Display (VFR),0,5,25,7,37,0,2,322,1,325,0,7,347,8,362,396,0,396,758
10/17/2003,DWH,TX,ASW,CE,Towers with Display (VFR),0,2,27,11,40,0,0,188,4,192,0,2,215,15,232,390,0,390,622
10/18/2003,DWH,TX,ASW,CE,Towers with Display (VFR),0,0,44,3,47,0,3,356,2,361,0,3,400,5,408,664,80,744,1152
10/19/2003,DWH,TX,ASW,CE,Towers with Display (VFR),0,0,36,1,37,0,6,241,1,248,0,6,277,2,285,576,50,626,911
10/20/2003,DWH,TX,ASW,CE,Towers with Display (VFR),0,0,21,0,21,0,2,242,0,244,0,2,263,0,265,708,0,708,973
10/21/2003,DWH,TX,ASW,CE,Towers with Display (VFR),0,0,38,0,38,0,6,218,4,228,0,6,256,4,266,462,0,462,728
10/22/2003,DWH,TX,ASW,CE,Towers with Display (VFR),0,0,19,4,23,0,4,252,3,259,0,4,271,7,282,516,0,516,798
10/23/2003,DWH,TX,ASW,CE,Towers with Display (VFR),0,2,22,3,27,0,9,215,7,231,0,11,237,10,258,560,0,560,818
10/24/2003,DWH,TX,ASW,CE,Towers with Display (VFR),0,0,0,0,0,0,7,303,5,315,0,7,303,5,315,414,0,414,729
10/25/2003,DWH,TX,ASW,CE,Towers with Display (VFR),0,0,16,0,16,0,4,60,0,64,0,4,76,0,80,110,0,110,190
10/26/2003,DWH,TX,ASW,CE,Towers with Display (VFR),0,2,50,0,52,0,1,54,1,56,0,3,104,1,108,60,1,61,169
10/27/2003,DWH,TX,ASW,CE,Towers with Display (VFR),0,0,28,6,34,0,1,230,5,236,0,1,258,11,270,450,8,458,728
10/28/2003,DWH,TX,ASW,CE,Towers with Display (VFR),0,0,30,7,37,0,1,231,0,232,0,1,261,7,269,524,12,536,805
10/29/2003,DWH,TX,ASW,CE,Towers with Display (VFR),0,1,32,5,38,0,5,207,10,222,0,6,239,15,260,514,8,522,782
10/30/2003,DWH,TX,ASW,CE,Towers with Display (VFR),0,6,28,9,43,0,1,210,7,218,0,7,238,16,261,346,6,352,613
10/31/2003,DWH,TX,ASW,CE,Towers with Display (VFR),0,1,52,0,53,0,1,78,0,79,0,2,130,0,132,130,0,130,262
11/01/2003,DWH,TX,ASW,CE,Towers with Display (VFR),0,0,40,1,41,0,3,165,1,169,0,3,205,2,210,0,0,0,210
11/02/2003,DWH,TX,ASW,CE,Towers with Display (VFR),0,4,63,3,70,0,9,224,3,236,0,13,287,6,306,394,0,394,700
11/03/2003,DWH,TX,ASW,CE,Towers with Display (VFR),0,6,30,2,38,0,3,153,5,161,0,9,183,7,199,472,22,494,693
11/04/2003,DWH,TX,ASW,CE,Towers with Display (VFR),0,0,40,8,48,0,3,168,1,172,0,3,208,9,220,424,20,444,664
11/05/2003,DWH,TX,ASW,CE,Towers with Display (VFR),0,4,38,4,46,0,2,219,4,225,0,6,257,8,271,634,0,634,905
11/06/2003,DWH,TX,ASW,CE,Towers with Display (VFR),0,6,54,6,66,0,4,123,0,127,0,10,177,6,193,360,0,360,553
11/07/2003,DWH,TX,ASW,CE,Towers with Display (VFR),0,6,67,2,75,0,0,20,0,20,0,6,87,2,95,31,0,31,126
11/08/2003,DWH,TX,ASW,CE,Towers with Display (VFR),0,2,109,1,112,0,3,57,0,60,0,5,166,1,172,534,0,534,706
11/09/2003,DWH,TX,ASW,CE,Towers with Display (VFR),0,7,56,6,69,0,10,264,0,274,0,17,320,6,343,472,0,472,815
11/10/2003,DWH,TX,ASW,CE,Towers with Display (VFR),0,4,18,9,31,0,4,201,1,206,0,8,219,10,237,368,8,376,613
11/11/2003,DWH,TX,ASW,CE,Towers with Display (VFR),0,5,26,0,31,0,4,178,4,186,0,9,204,4,217,496,0,496,713
11/12/2003,DWH,TX,ASW,CE,Towers with Display (VFR),0,1,39,6,46,0,7,179,6,192,0,8,218,12,238,414,2,416,654
11/13/2003,DWH,TX,ASW,CE,Towers with Display (VFR),0,0,19,3,22,0,4,148,6,158,0,4,167,9,180,198,0,198,378
11/14/2003,DWH,TX,ASW,CE,Towers with Display (VFR),0,2,42,6,50,0,1,230,0,231,0,3,272,6,281,332,6,338,619
11/15/2003,DWH,TX,ASW,CE,Towers with Display (VFR),0,1,23,0,24,0,2,232,0,234,0,3,255,0,258,396,0,396,654
11/16/2003,DWH,TX,ASW,CE,Towers with Display (VFR),0,0,37,0,37,0,4,10,0,14,0,4,47,0,51,30,0,30,81
11/17/2003,DWH,TX,ASW,CE,Towers with Display (VFR),0,2,9,0,11,0,0,1,0,1,0,2,10,0,12,0,0,0,12
11/18/2003,DWH,TX,ASW,CE,Towers with Display (VFR),0,0,25,2,27,0,6,107,0,113,0,6,132,2,140,178,0,178,318
11/19/2003,DWH,TX,ASW,CE,Towers with Display (VFR),0,1,27,11,39,0,11,314,8,333,0,12,341,19,372,478,0,478,850
11/20/2003,DWH,TX,ASW,CE,Towers with Display (VFR),0,0,27,2,29,0,2,288,1,291,0,2,315,3,320,384,2,386,706
11/21/2003,DWH,TX,ASW,CE,Towers with Display (VFR),0,2,39,9,50,0,3,259,2,264,0,5,298,11,314,370,0,370,684
11/22/2003,DWH,TX,ASW,CE,Towers with Display (VFR),0,1,32,1,34,0,7,268,0,275,0,8,300,1,309,318,6,324,633
11/23/2003,DWH,TX,ASW,CE,Towers with Display (VFR),0,0,18,0,18,0,3,72,0,75,0,3,90,0,93,108,0,108,201
11/24/2003,DWH,TX,ASW,CE,Towers with Display (VFR),0,2,12,8,22,0,6,195,6,207,0,8,207,14,229,258,0,258,487
11/25/2003,DWH,TX,ASW,CE,Towers with Display (VFR),0,1,34,2,37,0,6,257,3,266,0,7,291,5,303,486,0,486,789
11/26/2003,DWH,TX,ASW,CE,Towers with Display (VFR),0,3,43,7,53,0,4,157,2,163,0,7,200,9,216,370,0,370,586
11/27/2003,DWH,TX,ASW,CE,Towers with Display (VFR),0,0,35,0,35,0,4,17,0,21,0,4,52,0,56,70,0,70,126
11/28/2003,DWH,TX,ASW,CE,Towers with Display (VFR),0,2,21,0,23,0,2,239,0,241,0,4,260,0,264,352,0,352,616
11/29/2003,DWH,TX,ASW,CE,Towers with Display (VFR),0,2,24,0,26,0,7,304,0,311,0,9,328,0,337,0,0,0,337
11/30/2003,DWH,TX,ASW,CE,Towers with Display (VFR),0,3,44,0,47,0,6,265,0,271,0,9,309,0,318,498,0,498,816
12/01/2003,DWH,TX,ASW,CE,Towers with Display (VFR),0,2,28,5,35,0,3,212,4,219,0,5,240,9,254,2,4,6,260
12/02/2003,DWH,TX,ASW,CE,Towers with Display (VFR),0,1,28,4,33,0,3,211,4,218,0,4,239,8,251,444,0,444,695
12/03/2003,DWH,TX,ASW,CE,Towers with Display (VFR),0,2,51,2,55,0,3,179,5,187,0,5,230,7,242,400,4,404,646
12/04/2003,DWH,TX,ASW,CE,Towers with Display (VFR),0,0,37,6,43,0,4,236,3,243,0,4,273,9,286,562,12,574,860
12/05/2003,DWH,TX,ASW,CE,Towers with Display (VFR),0,1,28,8,37,0,4,173,4,181,0,5,201,12,218,314,0,314,532
12/06/2003,DWH,TX,ASW,CE,Towers with Display (VFR),0,0,27,3,30,0,1,286,2,289,0,1,313,5,319,368,0,368,687
12/07/2003,DWH,TX,ASW,CE,Towers with Display (VFR),0,0,34,0,34,0,5,295,0,300,0,5,329,0,334,518,0,518,852
12/08/2003,DWH,TX,ASW,CE,Towers with Display (VFR),0,0,27,1,28,0,1,136,2,139,0,1,163,3,167,306,0,306,473
12/09/2003,DWH,TX,ASW,CE,Towers with Display (VFR),0,3,19,0,22,0,5,28,4,37,0,8,47,4,59,74,0,74,133
12/10/2003,DWH,TX,ASW,CE,Towers with Display (VFR),0,2,26,11,39,0,4,136,23,163,0,6,162,34,202,392,6,398,600
12/11/2003,DWH,TX,ASW,CE,Towers with Display (VFR),0,1,27,4,32,0,1,237,6,244,0,2,264,10,276,390,0,390,666
12/12/2003,DWH,TX,ASW,CE,Towers with Display (VFR),0,1,23,6,30,0,2,71,1,74,0,3,94,7,104,242,0,242,346
12/13/2003,DWH,TX,ASW,CE,Towers with Display (VFR),0,1,29,0,30,0,0,48,0,48,0,1,77,0,78,128,0,128,206
12/14/2003,DWH,TX,ASW,CE,Towers with Display (VFR),0,1,30,1,32,0,9,375,2,386,0,10,405,3,418,570,0,570,988
12/15/2003,DWH,TX,ASW,CE,Towers with Display (VFR),0,0,30,0,30,0,2,134,3,139,0,2,164,3,169,216,0,216,385
12/16/2003,DWH,TX,ASW,CE,Towers with Display (VFR),0,0,24,4,28,0,2,88,1,91,0,2,112,5,119,60,0,60,179
12/17/2003,DWH,TX,ASW,CE,Towers with Display (VFR),0,0,24,4,28,0,3,311,8,322,0,3,335,12,350,330,28,358,708
12/18/2003,DWH,TX,ASW,CE,Towers with Display (VFR),0,0,34,26,60,0,4,212,0,216,0,4,246,26,276,308,8,316,592
12/19/2003,DWH,TX,ASW,CE,Towers with Display (VFR),0,3,35,5,43,0,1,237,2,240,0,4,272,7,283,254,0,254,537
12/20/2003,DWH,TX,ASW,CE,Towers with Display (VFR),0,1,26,0,27,0,8,322,0,330,0,9,348,0,357,546,0,546,903
12/21/2003,DWH,TX,ASW,CE,Towers with Display (VFR),0,2,24,0,26,0,3,221,0,224,0,5,245,0,250,600,0,600,850
12/22/2003,DWH,TX,ASW,CE,Towers with Display (VFR),2,4,34,2,42,0,8,139,0,147,2,12,173,2,189,256,0,256,445
12/23/2003,DWH,TX,ASW,CE,Towers with Display (VFR),0,4,27,5,36,0,5,130,2,137,0,9,157,7,173,98,0,98,271
12/24/2003,DWH,TX,ASW,CE,Towers with Display (VFR),0,1,14,0,15,0,3,224,0,227,0,4,238,0,242,262,0,262,504
12/25/2003,DWH,TX,ASW,CE,Towers with Display (VFR),0,1,11,0,12,0,1,83,0,84,0,2,94,0,96,58,0,58,154
12/26/2003,DWH,TX,ASW,CE,Towers with Display (VFR),0,0,36,0,36,0,1,121,0,122,0,1,157,0,158,184,0,184,342
12/27/2003,DWH,TX,ASW,CE,Towers with Display (VFR),0,1,40,0,41,0,3,140,0,143,0,4,180,0,184,202,0,202,386
12/28/2003,DWH,TX,ASW,CE,Towers with Display (VFR),0,7,19,0,26,0,1,48,0,49,0,8,67,0,75,142,0,142,217
12/29/2003,DWH,TX,ASW,CE,Towers with Display (VFR),0,2,28,6,36,0,4,182,0,186,0,6,210,6,222,302,0,302,524
12/30/2003,DWH,TX,ASW,CE,Towers with Display (VFR),0,0,17,2,19,0,0,298,4,302,0,0,315,6,321,466,0,466,787
12/31/2003,DWH,TX,ASW,CE,Towers with Display (VFR),0,0,24,0,24,0,5,206,0,211,0,5,230,0,235,430,0,430,665
01/01/2004,DWH,TX,ASW,CE,Towers with Display (VFR),0,2,16,0,18,0,0,11,0,11,0,2,27,0,29,0,0,0,29
01/02/2004,DWH,TX,ASW,CE,Towers with Display (VFR),0,3,37,0,40,0,3,50,0,53,0,6,87,0,93,212,0,212,305
01/03/2004,DWH,TX,ASW,CE,Towers with Display (VFR),0,0,27,0,27,0,2,137,0,139,0,2,164,0,166,322,0,322,488
01/04/2004,DWH,TX,ASW,CE,Towers with Display (VFR),0,1,41,2,44,0,0,58,0,58,0,1,99,2,102,284,0,284,386
01/05/2004,DWH,TX,ASW,CE,Towers with Display (VFR),0,3,24,2,29,0,9,115,0,124,0,12,139,2,153,210,0,210,363
01/06/2004,DWH,TX,ASW,CE,Towers with Display (VFR),0,0,26,8,34,0,4,150,2,156,0,4,176,10,190,226,0,226,416
01/07/2004,DWH,TX,ASW,CE,Towers with Display (VFR),0,2,28,2,32,0,5,175,2,182,0,7,203,4,214,308,0,308,522
01/08/2004,DWH,TX,ASW,CE,Towers with Display (VFR),0,1,17,0,18,0,0,0,0,0,0,1,17,0,18,0,0,0,18
01/09/2004,DWH,TX,ASW,CE,Towers with Display (VFR),0,1,28,10,39,0,1,310,2,313,0,2,338,12,352,330,0,330,682
01/10/2004,DWH,TX,ASW,CE,Towers with Display (VFR),0,2,33,4,39,0,1,392,2,395,0,3,425,6,434,538,8,546,980
01/11/2004,DWH,TX,ASW,CE,Towers with Display (VFR),0,0,17,2,19,0,5,290,1,296,0,5,307,3,315,522,12,534,849
01/12/2004,DWH,TX,ASW,CE,Towers with Display (VFR),0,2,35,7,44,0,1,100,0,101,0,3,135,7,145,174,4,178,323
01/13/2004,DWH,TX,ASW,CE,Towers with Display (VFR),0,2,27,3,32,0,2,119,1,122,0,4,146,4,154,168,10,178,332
01/14/2004,DWH,TX,ASW,CE,Towers with Display (VFR),0,4,33,4,41,0,5,154,3,162,0,9,187,7,203,312,0,312,515
01/15/2004,DWH,TX,ASW,CE,Towers with Display (VFR),0,2,49,6,57,0,0,4,0,4,0,2,53,6,61,24,0,24,85
01/16/2004,DWH,TX,ASW,CE,Towers with Display (VFR),0,0,42,0,42,0,0,0,0,0,0,0,42,0,42,30,0,30,72
01/17/2004,DWH,TX,ASW,CE,Towers with Display (VFR),0,1,17,0,18,0,2,38,0,40,0,3,55,0,58,124,0,124,182
01/18/2004,DWH,TX,ASW,CE,Towers with Display (VFR),0,0,28,0,28,0,1,83,0,84,0,1,111,0,112,286,0,286,398
01/19/2004,DWH,TX,ASW,CE,Towers with Display (VFR),0,1,33,4,38,0,9,286,3,298,0,10,319,7,336,544,6,550,886
01/20/2004,DWH,TX,ASW,CE,Towers with Display (VFR),0,1,24,0,25,0,0,230,6,236,0,1,254,6,261,314,0,314,575
01/21/2004,DWH,TX,ASW,CE,Towers with Display (VFR),0,0,31,2,33,0,3,247,5,255,0,3,278,7,288,460,0,460,748
01/22/2004,DWH,TX,ASW,CE,Towers with Display (VFR),0,1,37,3,41,0,3,251,0,254,0,4,288,3,295,372,0,372,667
01/23/2004,DWH,TX,ASW,CE,Towers with Display (VFR),0,1,47,6,54,0,4,217,0,221,0,5,264,6,275,450,0,450,725
01/24/2004,DWH,TX,ASW,CE,Towers with Display (VFR),0,3,12,0,15,0,4,6,0,10,0,7,18,0,25,6,0,6,31
01/25/2004,DWH,TX,ASW,CE,Towers with Display (VFR),0,3,30,11,44,0,0,309,5,314,0,3,339,16,358,434,0,434,792
01/26/2004,DWH,TX,ASW,CE,Towers with Display (VFR),0,6,20,5,31,0,6,154,5,165,0,12,174,10,196,104,0,104,300
01/27/2004,DWH,TX,ASW,CE,Towers with Display (VFR),0,5,27,4,36,0,10,220,4,234,0,15,247,8,270,232,0,232,502
01/28/2004,DWH,TX,ASW,CE,Towers with Display (VFR),0,4,25,4,33,0,4,255,5,264,0,8,280,9,297,596,0,596,893
01/29/2004,DWH,TX,ASW,CE,Towers with Display (VFR),0,4,34,1,39,0,2,55,0,57,0,6,89,1,96,144,0,144,240
01/30/2004,DWH,TX,ASW,CE,Towers with Display (VFR),0,3,40,5,48,0,3,33,3,39,0,6,73,8,87,130,0,130,217
01/31/2004,DWH,TX,ASW,CE,Towers with Display (VFR),0,5,52,0,57,0,3,0,0,3,0,8,52,0,60,230,0,230,290
02/01/2004,DWH,TX,ASW,CE,Towers with Display (VFR),0,4,17,0,21,0,3,140,0,143,0,7,157,0,164,0,0,0,164
02/02/2004,DWH,TX,ASW,CE,Towers with Display (VFR),0,5,31,4,40,0,4,183,2,189,0,9,214,6,229,354,8,362,591
02/03/2004,DWH,TX,ASW,CE,Towers with Display (VFR),0,0,28,2,30,0,4,234,6,244,0,4,262,8,274,324,0,324,598
02/04/2004,DWH,TX,ASW,CE,Towers with Display (VFR),0,0,13,5,18,0,2,27,0,29,0,2,40,5,47,110,0,110,157
02/05/2004,DWH,TX,ASW,CE,Towers with Display (VFR),0,1,91,1,93,0,1,76,0,77,0,2,167,1,170,175,0,175,345
02/06/2004,DWH,TX,ASW,CE,Towers with Display (VFR),0,1,37,14,52,0,0,201,9,210,0,1,238,23,262,310,0,310,572
02/07/2004,DWH,TX,ASW,CE,Towers with Display (VFR),0,2,27,10,39,0,4,436,10,450,0,6,463,20,489,548,18,566,1055
02/08/2004,DWH,TX,ASW,CE,Towers with Display (VFR),0,1,30,1,32,0,4,191,2,197,0,5,221,3,229,220,0,220,449
02/09/2004,DWH,TX,ASW,CE,Towers with Display (VFR),0,1,35,0,36,0,5,65,0,70,0,6,100,0,106,344,0,344,450
02/10/2004,DWH,TX,ASW,CE,Towers with Display (VFR),0,1,27,0,28,0,0,0,0,0,0,1,27,0,28,0,0,0,28
02/11/2004,DWH,TX,ASW,CE,Towers with Display (VFR),0,1,15,0,16,0,0,0,0,0,0,1,15,0,16,0,0,0,16
02/12/2004,DWH,TX,ASW,CE,Towers with Display (VFR),0,4,30,0,34,0,8,77,14,99,0,12,107,14,133,168,0,168,301
02/13/2004,DWH,TX,ASW,CE,Towers with Display (VFR),0,2,25,2,29,0,1,7,0,8,0,3,32,2,37,0,0,0,37
02/14/2004,DWH,TX,ASW,CE,Towers with Display (VFR),0,1,21,0,22,0,1,35,0,36,0,2,56,0,58,102,0,102,160
02/15/2004,DWH,TX,ASW,CE,Towers with Display (VFR),0,4,38,2,44,0,5,341,2,348,0,9,379,4,392,430,0,430,822
02/16/2004,DWH,TX,ASW,CE,Towers with Display (VFR),0,2,29,0,31,0,6,309,0,315,0,8,338,0,346,566,0,566,912
02/17/2004,DWH,TX,ASW,CE,Towers with Display (VFR),0,1,21,9,31,0,10,255,8,273,0,11,276,17,304,432,2,434,738
02/18/2004,DWH,TX,ASW,CE,Towers with Display (VFR),0,1,62,1,64,0,7,274,7,288,0,8,336,8,352,378,2,380,732
02/19/2004,DWH,TX,ASW,CE,Towers with Display (VFR),0,1,22,4,27,0,6,174,4,184,0,7,196,8,211,170,18,188,399
02/20/2004,DWH,TX,ASW,CE,Towers with Display (VFR),0,2,40,9,51,0,5,279,4,288,0,7,319,13,339,466,0,466,805
02/21/2004,DWH,TX,ASW,CE,Towers with Display (VFR),0,1,39,8,48,0,6,376,4,386,0,7,415,12,434,422,0,422,856
02/22/2004,DWH,TX,ASW,CE,Towers with Display (VFR),0,1,24,6,31,0,8,211,6,225,0,9,235,12,256,504,0,504,760
02/23/2004,DWH,TX,ASW,CE,Towers with Display (VFR),0,6,69,2,77,0,0,0,0,0,0,6,69,2,77,0,0,0,77
02/24/2004,DWH,TX,ASW,CE,Towers with Display (VFR),0,3,6,0,9,0,0,13,1,14,0,3,19,1,23,36,0,36,59
02/25/2004,DWH,TX,ASW,CE,Towers with Display (VFR),0,1,35,2,38,0,4,21,0,25,0,5,56,2,63,30,0,30,93
02/26/2004,DWH,TX,ASW,CE,Towers with Display (VFR),0,1,32,0,33,0,3,321,6,330,0,4,353,6,363,390,0,390,753
02/27/2004,DWH,TX,ASW,CE,Towers with Display (VFR),0,0,35,8,43,0,2,333,11,346,0,2,368,19,389,448,16,464,853
02/28/2004,DWH,TX,ASW,CE,Towers with Display (VFR),0,0,53,5,58,0,3,262,1,266,0,3,315,6,324,324,0,324,648
02/29/2004,DWH,TX,ASW,CE,Towers with Display (VFR),0,2,23,0,25,0,4,26,0,30,0,6,49,0,55,36,0,36,91
03/01/2004,DWH,TX,ASW,CE,Towers with Display (VFR),0,1,30,2,33,0,5,98,2,105,0,6,128,4,138,0,0,0,138
03/02/2004,DWH,TX,ASW,CE,Towers with Display (VFR),0,2,35,8,45,0,0,89,5,94,0,2,124,13,139,310,0,310,449
03/03/2004,DWH,TX,ASW,CE,Towers with Display (VFR),0,1,28,3,32,0,2,130,4,136,0,3,158,7,168,510,0,510,678
03/04/2004,DWH,TX,ASW,CE,Towers with Display (VFR),0,4,22,2,28,0,3,23,0,26,0,7,45,2,54,11,0,11,65
03/05/2004,DWH,TX,ASW,CE,Towers with Display (VFR),0,0,44,1,45,0,2,286,1,289,0,2,330,2,334,526,0,526,860
03/06/2004,DWH,TX,ASW,CE,Towers with Display (VFR),0,1,47,15,63,0,6,390,13,409,0,7,437,28,472,574,22,596,1068
03/07/2004,DWH,TX,ASW,CE,Towers with Display (VFR),0,3,19,6,28,0,4,351,5,360,0,7,370,11,388,456,10,466,854
03/08/2004,DWH,TX,ASW,CE,Towers with Display (VFR),0,7,44,3,54,0,5,121,0,126,0,12,165,3,180,76,0,76,256
03/09/2004,DWH,TX,ASW,CE,Towers with Display (VFR),0,1,46,5,52,0,1,255,15,271,0,2,301,20,323,290,6,296,619
03/10/2004,DWH,TX,ASW,CE,Towers with Display (VFR),0,2,36,8,46,0,8,274,4,286,0,10,310,12,332,592,0,592,924
03/11/2004,DWH,TX,ASW,CE,Towers with Display (VFR),0,0,27,11,38,0,1,258,0,259,0,1,285,11,297,576,4,580,877
03/12/2004,DWH,TX,ASW,CE,Towers with Display (VFR),0,0,16,13,29,0,5,205,0,210,0,5,221,13,239,486,0,486,725
03/13/2004,DWH,TX,ASW,CE,Towers with Display (VFR),0,1,34,0,35,0,4,121,0,125,0,5,155,0,160,322,0,322,482
03/14/2004,DWH,TX,ASW,CE,Towers with Display (VFR),0,3,56,0,59,0,3,2,0,5,0,6,58,0,64,26,0,26,90
03/15/2004,DWH,TX,ASW,CE,Towers with Display (VFR),0,2,42,4,48,0,2,83,0,85,0,4,125,4,133,352,0,352,485
03/16/2004,DWH,TX,ASW,CE,Towers with Display (VFR),0,0,38,5,43,0,2,277,3,282,0,2,315,8,325,360,8,368,693
03/17/2004,DWH,TX,ASW,CE,Towers with Display (VFR),0,0,44,2,46,0,2,218,1,221,0,2,262,3,267,570,0,570,837
03/18/2004,DWH,TX,ASW,CE,Towers with Display (VFR),0,3,53,18,74,0,4,282,4,290,0,7,335,22,364,654,6,660,1024
03/19/2004,DWH,TX,ASW,CE,Towers with Display (VFR),0,1,33,7,41,0,5,271,4,280,0,6,304,11,321,799,0,799,1120
03/20/2004,DWH,TX,ASW,CE,Towers with Display (VFR),0,5,30,1,36,0,7,333,1,341,0,12,363,2,377,388,0,388,765
03/21/2004,DWH,TX,ASW,CE,Towers with Display (VFR),0,0,37,0,37,0,1,146,0,147,0,1,183,0,184,636,0,636,820
03/22/2004,DWH,TX,ASW,CE,Towers with Display (VFR),0,2,29,3,34,0,11,199,2,212,0,13,228,5,246,638,0,638,884
03/23/2004,DWH,TX,ASW,CE,Towers with Display (VFR),0,0,31,8,39,0,0,199,3,202,0,0,230,11,241,457,0,457,698
03/24/2004,DWH,TX,ASW,CE,Towers with Display (VFR),0,0,33,4,37,0,2,99,5,106,0,2,132,9,143,352,0,352,495
03/25/2004,DWH,TX,ASW,CE,Towers with Display (VFR),0,6,50,16,72,0,1,130,3,134,0,7,180,19,206,433,0,433,639
03/26/2004,DWH,TX,ASW,CE,Towers with Display (VFR),0,1,50,6,57,0,2,195,10,207,0,3,245,16,264,526,0,526,790
03/27/2004,DWH,TX,ASW,CE,Towers with Display (VFR),0,0,33,2,35,0,5,159,0,164,0,5,192,2,199,328,2,330,529
03/28/2004,DWH,TX,ASW,CE,Towers with Display (VFR),0,1,35,1,37,0,5,169,1,175,0,6,204,2,212,713,0,713,925
03/29/2004,DWH,TX,ASW,CE,Towers with Display (VFR),0,2,36,3,41,0,3,105,4,112,0,5,141,7,153,452,0,452,605
03/30/2004,DWH,TX,ASW,CE,Towers with Display (VFR),0,1,37,2,40,0,4,334,5,343,0,5,371,7,383,536,20,556,939
03/31/2004,DWH,TX,ASW,CE,Towers with Display (VFR),0,2,33,6,41,0,7,329,0,336,0,9,362,6,377,558,26,584,961
04/01/2004,DWH,TX,ASW,CE,Towers with Display (VFR),0,2,40,7,49,0,3,298,5,306,0,5,338,12,355,0,8,8,363
04/02/2004,DWH,TX,ASW,CE,Towers with Display (VFR),0,3,25,6,34,0,3,175,1,179,0,6,200,7,213,460,0,460,673
04/03/2004,DWH,TX,ASW,CE,Towers with Display (VFR),0,2,22,1,25,0,5,200,1,206,0,7,222,2,231,346,0,346,577
04/04/2004,DWH,TX,ASW,CE,Towers with Display (VFR),0,3,30,5,38,0,2,228,6,236,0,5,258,11,274,418,0,418,692
04/05/2004,DWH,TX,ASW,CE,Towers with Display (VFR),0,0,24,3,27,0,7,178,0,185,0,7,202,3,212,284,0,284,496
04/06/2004,DWH,TX,ASW,CE,Towers with Display (VFR),0,3,11,0,14,0,1,38,1,40,0,4,49,1,54,164,0,164,218
04/07/2004,DWH,TX,ASW,CE,Towers with Display (VFR),0,4,114,12,130,0,3,133,2,138,0,7,247,14,268,226,0,226,494
04/08/2004,DWH,TX,ASW,CE,Towers with Display (VFR),0,0,33,3,36,0,6,318,1,325,0,6,351,4,361,572,0,572,933
04/09/2004,DWH,TX,ASW,CE,Towers with Display (VFR),0,0,31,3,34,0,3,372,1,376,0,3,403,4,410,614,0,614,1024
04/10/2004,DWH,TX,ASW,CE,Towers with Display (VFR),0,2,34,0,36,0,1,97,0,98,0,3,131,0,134,394,0,394,528
04/11/2004,DWH,TX,ASW,CE,Towers with Display (VFR),0,0,75,0,75,0,2,6,0,8,0,2,81,0,83,50,0,50,133
04/12/2004,DWH,TX,ASW,CE,Towers with Display (VFR),0,2,50,6,58,0,1,44,0,45,0,3,94,6,103,226,0,226,329
04/13/2004,DWH,TX,ASW,CE,Towers with Display (VFR),0,6,42,5,53,0,5,248,5,258,0,11,290,10,311,668,0,668,979
04/14/2004,DWH,TX,ASW,CE,Towers with Display (VFR),0,4,34,10,48,0,4,273,4,281,0,8,307,14,329,694,10,704,1033
04/15/2004,DWH,TX,ASW,CE,Towers with Display (VFR),0,5,48,0,53,0,1,290,1,292,0,6,338,1,345,611,0,611,956
04/16/2004,DWH,TX,ASW,CE,Towers with Display (VFR),0,4,24,11,39,0,1,291,1,293,0,5,315,12,332,602,0,602,934
04/17/2004,DWH,TX,ASW,CE,Towers with Display (VFR),0,3,22,3,28,0,2,236,0,238,0,5,258,3,266,346,0,346,612
04/18/2004,DWH,TX,ASW,CE,Towers with Display (VFR),0,0,38,5,43,0,1,153,2,156,0,1,191,7,199,378,0,378,577
04/19/2004,DWH,TX,ASW,CE,Towers with Display (VFR),0,3,31,11,45,0,5,158,1,164,0,8,189,12,209,608,6,614,823
04/20/2004,DWH,TX,ASW,CE,Towers with Display (VFR),0,2,29,2,33,0,2,104,1,107,0,4,133,3,140,410,0,410,550
04/21/2004,DWH,TX,ASW,CE,Towers with Display (VFR),0,4,32,8,44,0,4,168,3,175,0,8,200,11,219,414,0,414,633
04/22/2004,DWH,TX,ASW,CE,Towers with Display (VFR),0,3,37,13,53,0,4,169,0,173,0,7,206,13,226,438,0,438,664
04/23/2004,DWH,TX,ASW,CE,Towers with Display (VFR),0,0,43,4,47,0,1,218,1,220,0,1,261,5,267,402,2,404,671
04/24/2004,DWH,TX,ASW,CE,Towers with Display (VFR),0,0,9,0,9,0,4,72,0,76,0,4,81,0,85,138,0,138,223
04/25/2004,DWH,TX,ASW,CE,Towers with Display (VFR),0,2,19,0,21,0,1,4,0,5,0,3,23,0,26,0,0,0,26
04/26/2004,DWH,TX,ASW,CE,Towers with Display (VFR),0,3,46,18,67,0,10,208,1,219,0,13,254,19,286,430,8,438,724
04/27/2004,DWH,TX,ASW,CE,Towers with Display (VFR),0,0,28,13,41,0,3,311,0,314,0,3,339,13,355,814,4,818,1173
04/28/2004,DWH,TX,ASW,CE,Towers with Display (VFR),0,2,44,4,50,0,3,226,1,230,0,5,270,5,280,626,8,634,914
04/29/2004,DWH,TX,ASW,CE,Towers with Display (VFR),0,1,36,11,48,0,4,216,0,220,0,5,252,11,268,646,0,646,914
04/30/2004,DWH,TX,ASW,CE,Towers with Display (VFR),0,1,35,5,41,0,3,161,1,165,0,4,196,6,206,382,2,384,590
05/01/2004,DWH,TX,ASW,CE,Towers with Display (VFR),0,3,7,0,10,0,2,10,0,12,0,5,17,0,22,0,0,0,22
05/02/2004,DWH,TX,ASW,CE,Towers with Display (VFR),0,0,25,3,28,0,4,320,0,324,0,4,345,3,352,466,0,466,818
05/03/2004,DWH,TX,ASW,CE,Towers with Display (VFR),0,9,28,1,38,0,7,238,0,245,0,16,266,1,283,396,0,396,679
05/04/2004,DWH,TX,ASW,CE,Towers with Display (VFR),0,3,23,5,31,0,3,249,0,252,0,6,272,5,283,464,0,464,747
05/05/2004,DWH,TX,ASW,CE,Towers with Display (VFR),0,0,25,3,28,0,5,235,1,241,0,5,260,4,269,594,0,594,863
05/06/2004,DWH,TX,ASW,CE,Towers with Display (VFR),0,1,25,6,32,0,2,264,2,268,0,3,289,8,300,438,0,438,738
05/07/2004,DWH,TX,ASW,CE,Towers with Display (VFR),0,1,34,4,39,0,2,237,8,247,0,3,271,12,286,674,0,674,960
05/08/2004,DWH,TX,ASW,CE,Towers with Display (VFR),0,1,30,0,31,0,7,183,0,190,0,8,213,0,221,566,0,566,787
05/09/2004,DWH,TX,ASW,CE,Towers with Display (VFR),0,4,26,0,30,0,2,214,0,216,0,6,240,0,246,478,0,478,724
05/10/2004,DWH,TX,ASW,CE,Towers with Display (VFR),0,3,35,0,38,0,4,80,0,84,0,7,115,0,122,206,0,206,328
05/11/2004,DWH,TX,ASW,CE,Towers with Display (VFR),0,3,83,3,89,0,2,37,0,39,0,5,120,3,128,72,0,72,200
05/12/2004,DWH,TX,ASW,CE,Towers with Display (VFR),0,0,44,5,49,0,6,149,1,156,0,6,193,6,205,620,0,620,825
05/13/2004,DWH,TX,ASW,CE,Towers with Display (VFR),0,1,19,0,20,0,5,25,0,30,0,6,44,0,50,42,0,42,92
05/14/2004,DWH,TX,ASW,CE,Towers with Display (VFR),0,1,24,1,26,0,3,135,0,138,0,4,159,1,164,272,0,272,436
05/15/2004,DWH,TX,ASW,CE,Towers with Display (VFR),0,0,23,0,23,0,8,297,2,307,0,8,320,2,330,502,0,502,832
05/16/2004,DWH,TX,ASW,CE,Towers with Display (VFR),0,4,26,0,30,0,0,210,3,213,0,4,236,3,243,430,2,432,675
05/17/2004,DWH,TX,ASW,CE,Towers with Display (VFR),0,1,36,3,40,0,2,75,0,77,0,3,111,3,117,234,0,234,351
05/18/2004,DWH,TX,ASW,CE,Towers with Display (VFR),0,4,43,6,53,0,3,191,8,202,0,7,234,14,255,640,0,640,895
05/19/2004,DWH,TX,ASW,CE,Towers with Display (VFR),0,3,25,12,40,0,5,233,4,242,0,8,258,16,282,530,0,530,812
05/20/2004,DWH,TX,ASW,CE,Towers with Display (VFR),0,0,27,7,34,0,0,237,6,243,0,0,264,13,277,550,0,550,827
05/21/2004,DWH,TX,ASW,CE,Towers with Display (VFR),0,1,28,2,31,0,1,299,0,300,0,2,327,2,331,575,0,575,906
05/22/2004,DWH,TX,ASW,CE,Towers with Display (VFR),0,1,24,4,29,0,4,221,2,227,0,5,245,6,256,334,0,334,590
05/23/2004,DWH,TX,ASW,CE,Towers with Display (VFR),0,0,36,9,45,0,3,229,2,234,0,3,265,11,279,528,0,528,807
05/24/2004,DWH,TX,ASW,CE,Towers with Display (VFR),0,0,30,2,32,0,5,183,0,188,0,5,213,2,220,406,0,406,626
05/25/2004,DWH,TX,ASW,CE,Towers with Display (VFR),0,2,33,5,40,0,4,207,1,212,0,6,240,6,252,602,0,602,854
05/26/2004,DWH,TX,ASW,CE,Towers with Display (VFR),0,0,30,7,37,0,6,193,6,205,0,6,223,13,242,582,18,600,842
05/27/2004,DWH,TX,ASW,CE,Towers with Display (VFR),0,2,39,7,48,0,5,180,1,186,0,7,219,8,234,280,0,280,514
05/28/2004,DWH,TX,ASW,CE,Towers with Display (VFR),0,5,50,1,56,0,6,211,0,217,0,11,261,1,273,404,0,404,677
05/29/2004,DWH,TX,ASW,CE,Towers with Display (VFR),0,0,37,0,37,0,3,196,0,199,0,3,233,0,236,278,0,278,514
05/30/2004,DWH,TX,ASW,CE,Towers with Display (VFR),0,0,38,0,38,0,5,130,0,135,0,5,168,0,173,352,0,352,525
05/31/2004,DWH,TX,ASW,CE,Towers with Display (VFR),0,3,24,0,27,0,4,219,0,223,0,7,243,0,250,578,0,578,828
06/01/2004,DWH,TX,ASW,CE,Towers with Display (VFR),0,2,36,2,40,0,3,189,0,192,0,5,225,2,232,234,0,234,466
06/02/2004,DWH,TX,ASW,CE,Towers with Display (VFR),0,2,33,3,38,0,4,208,7,219,0,6,241,10,257,586,6,592,849
06/03/2004,DWH,TX,ASW,CE,Towers with Display (VFR),0,2,33,3,38,0,3,214,10,227,0,5,247,13,265,406,0,406,671
06/04/2004,DWH,TX,ASW,CE,Towers with Display (VFR),0,3,46,3,52,0,3,210,14,227,0,6,256,17,279,320,0,320,599
06/05/2004,DWH,TX,ASW,CE,Towers with Display (VFR),0,2,27,2,31,0,2,234,1,237,0,4,261,3,268,268,0,268,536
06/06/2004,DWH,TX,ASW,CE,Towers with Display (VFR),0,3,48,1,52,0,2,280,0,282,0,5,328,1,334,450,0,450,784
06/07/2004,DWH,TX,ASW,CE,Towers with Display (VFR),0,2,28,2,32,0,3,148,1,152,0,5,176,3,184,316,0,316,500
06/08/2004,DWH,TX,ASW,CE,Towers with Display (VFR),0,1,14,0,15,0,3,16,0,19,0,4,30,0,34,68,0,68,102
06/09/2004,DWH,TX,ASW,CE,Towers with Display (VFR),0,1,18,2,21,0,3,106,0,109,0,4,124,2,130,426,0,426,556
06/10/2004,DWH,TX,ASW,CE,Towers with Display (VFR),0,1,17,2,20,0,5,169,1,175,0,6,186,3,195,298,0,298,493
06/11/2004,DWH,TX,ASW,CE,Towers with Display (VFR),0,2,35,0,37,0,2,217,0,219,0,4,252,0,256,482,0,482,738
06/12/2004,DWH,TX,ASW,CE,Towers with Display (VFR),0,2,30,1,33,0,1,198,0,199,0,3,228,1,232,390,0,390,622
06/13/2004,DWH,TX,ASW,CE,Towers with Display (VFR),0,0,25,1,26,0,0,128,1,129,0,0,153,2,155,124,0,124,279
06/14/2004,DWH,TX,ASW,CE,Towers with Display (VFR),0,2,32,2,36,0,9,184,2,195,0,11,216,4,231,482,0,482,713
06/15/2004,DWH,TX,ASW,CE,Towers with Display (VFR),0,1,16,1,18,0,4,35,0,39,0,5,51,1,57,140,0,140,197
06/16/2004,DWH,TX,ASW,CE,Towers with Display (VFR),0,1,23,2,26,0,12,124,0,136,0,13,147,2,162,564,0,564,726
06/17/2004,DWH,TX,ASW,CE,Towers with Display (VFR),0,1,31,2,34,0,4,111,0,115,0,5,142,2,149,236,0,236,385
06/18/2004,DWH,TX,ASW,CE,Towers with Display (VFR),0,1,46,3,50,0,0,298,12,310,0,1,344,15,360,702,0,702,1062
06/19/2004,DWH,TX,ASW,CE,Towers with Display (VFR),0,0,17,1,18,0,4,279,1,284,0,4,296,2,302,485,0,485,787
06/20/2004,DWH,TX,ASW,CE,Towers with Display (VFR),0,0,21,2,23,0,3,224,0,227,0,3,245,2,250,278,0,278,528
06/21/2004,DWH,TX,ASW,CE,Towers with Display (VFR),0,1,42,2,45,0,2,214,0,216,0,3,256,2,261,498,0,498,759
06/22/2004,DWH,TX,ASW,CE,Towers with Display (VFR),0,1,26,0,27,0,2,108,0,110,0,3,134,0,137,308,0,308,445
06/23/2004,DWH,TX,ASW,CE,Towers with Display (VFR),0,1,36,3,40,0,1,55,1,57,0,2,91,4,97,226,0,226,323
06/24/2004,DWH,TX,ASW,CE,Towers with Display (VFR),0,1,31,0,32,0,1,5,0,6,0,2,36,0,38,4,0,4,42
06/25/2004,DWH,TX,ASW,CE,Towers with Display (VFR),0,1,25,1,27,0,1,28,3,32,0,2,53,4,59,36,0,36,95
06/26/2004,DWH,TX,ASW,CE,Towers with Display (VFR),0,4,162,2,168,0,0,49,0,49,0,4,211,2,217,62,0,62,279
06/27/2004,DWH,TX,ASW,CE,Towers with Display (VFR),0,3,102,0,105,0,0,52,0,52,0,3,154,0,157,102,0,102,259
06/28/2004,DWH,TX,ASW,CE,Towers with Display (VFR),0,0,17,1,18,0,3,129,0,132,0,3,146,1,150,304,0,304,454
06/29/2004,DWH,TX,ASW,CE,Towers with Display (VFR),0,1,33,2,36,0,6,74,0,80,0,7,107,2,116,292,0,292,408
06/30/2004,DWH,TX,ASW,CE,Towers with Display (VFR),0,1,28,2,31,0,8,93,0,101,0,9,121,2,132,400,0,400,532
07/01/2004,DWH,TX,ASW,CE,Towers with Display (VFR),0,4,38,2,44,0,4,215,0,219,0,8,253,2,263,464,0,464,727
07/02/2004,DWH,TX,ASW,CE,Towers with Display (VFR),0,4,49,6,59,0,0,334,1,335,0,4,383,7,394,524,0,524,918
07/03/2004,DWH,TX,ASW,CE,Towers with Display (VFR),0,2,19,0,21,0,4,327,0,331,0,6,346,0,352,434,0,434,786
07/04/2004,DWH,TX,ASW,CE,Towers with Display (VFR),0,3,25,0,28,0,7,228,0,235,0,10,253,0,263,288,0,288,551
07/05/2004,DWH,TX,ASW,CE,Towers with Display (VFR),0,2,20,0,22,0,5,296,0,301,0,7,316,0,323,402,0,402,725
07/06/2004,DWH,TX,ASW,CE,Towers with Display (VFR),0,4,38,4,46,0,4,197,7,208,0,8,235,11,254,412,0,412,666
07/07/2004,DWH,TX,ASW,CE,Towers with Display (VFR),0,3,29,3,35,0,4,212,5,221,0,7,241,8,256,494,0,494,750
07/08/2004,DWH,TX,ASW,CE,Towers with Display (VFR),0,3,44,5,52,0,0,276,3,279,0,3,320,8,331,230,0,230,561
07/09/2004,DWH,TX,ASW,CE,Towers with Display (VFR),0,0,36,4,40,0,0,292,0,292,0,0,328,4,332,500,0,500,832
07/10/2004,DWH,TX,ASW,CE,Towers with Display (VFR),0,2,24,2,28,0,3,255,0,258,0,5,279,2,286,548,0,548,834
07/11/2004,DWH,TX,ASW,CE,Towers with Display (VFR),0,3,29,3,35,0,0,218,3,221,0,3,247,6,256,364,0,364,620
07/12/2004,DWH,TX,ASW,CE,Towers with Display (VFR),0,2,24,0,26,0,2,263,0,265,0,4,287,0,291,438,0,438,729
07/13/2004,DWH,TX,ASW,CE,Towers with Display (VFR),0,2,15,0,17,0,4,251,0,255,0,6,266,0,272,430,0,430,702
07/14/2004,DWH,TX,ASW,CE,Towers with Display (VFR),0,3,33,4,40,0,4,249,9,262,0,7,282,13,302,402,0,402,704
07/15/2004,DWH,TX,ASW,CE,Towers with Display (VFR),0,3,34,4,41,0,0,280,2,282,0,3,314,6,323,518,0,518,841
07/16/2004,DWH,TX,ASW,CE,Towers with Display (VFR),0,2,36,4,42,0,0,317,0,317,0,2,353,4,359,582,2,584,943
07/17/2004,DWH,TX,ASW,CE,Towers with Display (VFR),0,2,19,2,23,0,2,344,0,346,0,4,363,2,369,502,0,502,871
07/18/2004,DWH,TX,ASW,CE,Towers with Display (VFR),0,1,24,2,27,0,5,204,0,209,0,6,228,2,236,486,2,488,724
07/19/2004,DWH,TX,ASW,CE,Towers with Display (VFR),0,2,31,2,35,0,6,229,0,235,0,8,260,2,270,390,0,390,660
07/20/2004,DWH,TX,ASW,CE,Towers with Display (VFR),0,1,23,3,27,0,5,263,4,272,0,6,286,7,299,540,0,540,839
07/21/2004,DWH,TX,ASW,CE,Towers with Display (VFR),0,2,27,3,32,0,19,164,1,184,0,21,191,4,216,306,0,306,522
07/22/2004,DWH,TX,ASW,CE,Towers with Display (VFR),0,1,16,2,19,0,2,209,9,220,0,3,225,11,239,474,0,474,713
07/23/2004,DWH,TX,ASW,CE,Towers with Display (VFR),0,2,34,4,40,0,3,315,8,326,0,5,349,12,366,435,2,437,803
07/24/2004,DWH,TX,ASW,CE,Towers with Display (VFR),0,2,28,1,31,0,7,337,0,344,0,9,365,1,375,468,0,468,843
07/25/2004,DWH,TX,ASW,CE,Towers with Display (VFR),0,1,25,1,27,0,4,158,0,162,0,5,183,1,189,266,4,270,459
07/26/2004,DWH,TX,ASW,CE,Towers with Display (VFR),0,3,40,4,47,0,9,167,10,186,0,12,207,14,233,440,2,442,675
07/27/2004,DWH,TX,ASW,CE,Towers with Display (VFR),0,1,21,2,24,0,4,227,2,233,0,5,248,4,257,550,0,550,807
07/28/2004,DWH,TX,ASW,CE,Towers with Display (VFR),0,3,44,3,50,0,2,197,0,199,0,5,241,3,249,434,0,434,683
07/29/2004,DWH,TX,ASW,CE,Towers with Display (VFR),0,2,31,3,36,0,1,236,7,244,0,3,267,10,280,686,8,694,974
07/30/2004,DWH,TX,ASW,CE,Towers with Display (VFR),0,2,34,4,40,0,1,245,1,247,0,3,279,5,287,278,0,278,565
07/31/2004,DWH,TX,ASW,CE,Towers with Display (VFR),0,1,18,0,19,0,11,274,0,285,0,12,292,0,304,722,0,722,1026
08/01/2004,DWH,TX,ASW,CE,Towers with Display (VFR),0,3,28,0,31,0,2,167,0,169,0,5,195,0,200,300,0,300,500
08/02/2004,DWH,TX,ASW,CE,Towers with Display (VFR),0,3,22,2,27,0,13,185,1,199,0,16,207,3,226,322,0,322,548
08/03/2004,DWH,TX,ASW,CE,Towers with Display (VFR),0,3,45,5,53,0,0,247,3,250,0,3,292,8,303,412,0,412,715
08/04/2004,DWH,TX,ASW,CE,Towers with Display (VFR),0,4,39,5,48,0,1,219,8,228,0,5,258,13,276,232,0,232,508
08/05/2004,DWH,TX,ASW,CE,Towers with Display (VFR),0,4,37,4,45,0,3,291,1,295,0,7,328,5,340,446,0,446,786
08/06/2004,DWH,TX,ASW,CE,Towers with Display (VFR),0,4,49,6,59,0,0,203,1,204,0,4,252,7,263,376,0,376,639
08/07/2004,DWH,TX,ASW,CE,Towers with Display (VFR),0,2,17,2,21,0,1,381,2,384,0,3,398,4,405,496,0,496,901
08/08/2004,DWH,TX,ASW,CE,Towers with Display (VFR),0,4,32,1,37,0,1,299,0,300,0,5,331,1,337,520,0,520,857
08/09/2004,DWH,TX,ASW,CE,Towers with Display (VFR),0,3,24,3,30,0,0,152,2,154,0,3,176,5,184,290,0,290,474
08/10/2004,DWH,TX,ASW,CE,Towers with Display (VFR),0,3,24,0,27,0,28,131,0,159,0,31,155,0,186,258,0,258,444
08/11/2004,DWH,TX,ASW,CE,Towers with Display (VFR),0,2,18,3,23,0,10,188,3,201,0,12,206,6,224,300,0,300,524
08/12/2004,DWH,TX,ASW,CE,Towers with Display (VFR),0,4,36,4,44,0,1,276,4,281,0,5,312,8,325,368,0,368,693
08/13/2004,DWH,TX,ASW,CE,Towers with Display (VFR),0,4,33,4,41,0,1,295,2,298,0,5,328,6,339,592,0,592,931
08/14/2004,DWH,TX,ASW,CE,Towers with Display (VFR),0,3,30,3,36,0,4,351,0,355,0,7,381,3,391,776,0,776,1167
08/15/2004,DWH,TX,ASW,CE,Towers with Display (VFR),0,3,31,4,38,0,3,262,1,266,0,6,293,5,304,438,0,438,742
08/16/2004,DWH,TX,ASW,CE,Towers with Display (VFR),0,2,27,3,32,0,0,207,2,209,0,2,234,5,241,464,0,464,705
08/17/2004,DWH,TX,ASW,CE,Towers with Display (VFR),0,2,22,3,27,0,1,208,1,210,0,3,230,4,237,344,0,344,581
08/18/2004,DWH,TX,ASW,CE,Towers with Display (VFR),0,3,39,5,47,0,6,151,13,170,0,9,190,18,217,222,6,228,445
08/19/2004,DWH,TX,ASW,CE,Towers with Display (VFR),0,2,27,2,31,0,2,152,0,154,0,4,179,2,185,264,0,264,449
08/20/2004,DWH,TX,ASW,CE,Towers with Display (VFR),0,3,37,4,44,0,0,219,11,230,0,3,256,15,274,384,2,386,660
08/21/2004,DWH,TX,ASW,CE,Towers with Display (VFR),0,1,17,2,20,0,6,176,1,183,0,7,193,3,203,280,0,280,483
08/22/2004,DWH,TX,ASW,CE,Towers with Display (VFR),0,3,33,0,36,0,5,172,0,177,0,8,205,0,213,262,0,262,475
08/23/2004,DWH,TX,ASW,CE,Towers with Display (VFR),0,2,25,3,30,0,9,172,0,181,0,11,197,3,211,356,0,356,567
08/24/2004,DWH,TX,ASW,CE,Towers with Display (VFR),0,2,26,1,29,0,4,227,0,231,0,6,253,1,260,282,0,282,542
08/25/2004,DWH,TX,ASW,CE,Towers with Display (VFR),0,3,40,5,48,0,9,181,3,193,0,12,221,8,241,354,0,354,595
08/26/2004,DWH,TX,ASW,CE,Towers with Display (VFR),0,2,31,4,37,0,8,226,1,235,0,10,257,5,272,234,0,234,506
08/27/2004,DWH,TX,ASW,CE,Towers with Display (VFR),0,3,41,5,49,0,6,298,3,307,0,9,339,8,356,514,0,514,870
08/28/2004,DWH,TX,ASW,CE,Towers with Display (VFR),0,1,15,0,16,0,7,225,0,232,0,8,240,0,248,382,0,382,630
08/29/2004,DWH,TX,ASW,CE,Towers with Display (VFR),0,2,24,3,29,0,3,221,2,226,0,5,245,5,255,580,0,580,835
08/30/2004,DWH,TX,ASW,CE,Towers with Display (VFR),0,2,25,1,28,0,12,174,0,186,0,14,199,1,214,436,0,436,650
08/31/2004,DWH,TX,ASW,CE,Towers with Display (VFR),0,3,36,3,42,0,13,236,0,249,0,16,272,3,291,410,0,410,701
09/01/2004,DWH,TX,ASW,CE,Towers with Display (VFR),0,2,25,3,30,0,3,225,8,236,0,5,250,11,266,492,4,496,762
09/02/2004,DWH,TX,ASW,CE,Towers with Display (VFR),0,3,34,0,37,0,8,203,0,211,0,11,237,0,248,524,0,524,772
09/03/2004,DWH,TX,ASW,CE,Towers with Display (VFR),0,0,30,0,30,0,0,127,0,127,0,0,157,0,157,378,0,378,535
09/04/2004,DWH,TX,ASW,CE,Towers with Display (VFR),0,3,34,0,37,0,4,214,0,218,0,7,248,0,255,576,0,576,831
09/05/2004,DWH,TX,ASW,CE,Towers with Display (VFR),0,2,19,2,23,0,4,158,1,163,0,6,177,3,186,256,0,256,442
09/06/2004,DWH,TX,ASW,CE,Towers with Display (VFR),0,2,24,0,26,0,3,214,0,217,0,5,238,0,243,507,0,507,750
09/07/2004,DWH,TX,ASW,CE,Towers with Display (VFR),0,3,33,3,39,0,0,164,3,167,0,3,197,6,206,438,0,438,644
09/08/2004,DWH,TX,ASW,CE,Towers with Display (VFR),0,3,27,2,32,0,3,232,3,238,0,6,259,5,270,372,0,372,642
09/09/2004,DWH,TX,ASW,CE,Towers with Display (VFR),0,3,39,4,46,0,5,252,17,274,0,8,291,21,320,390,38,428,748
09/10/2004,DWH,TX,ASW,CE,Towers with Display (VFR),0,3,39,4,46,0,5,260,10,275,0,8,299,14,321,398,34,432,753
09/11/2004,DWH,TX,ASW,CE,Towers with Display (VFR),0,3,33,3,39,0,12,344,0,356,0,15,377,3,395,446,0,446,841
09/12/2004,DWH,TX,ASW,CE,Towers with Display (VFR),0,1,31,3,35,0,0,234,1,235,0,1,265,4,270,324,10,334,604
09/13/2004,DWH,TX,ASW,CE,Towers with Display (VFR),0,3,37,1,41,0,0,138,0,138,0,3,175,1,179,168,0,168,347
09/14/2004,DWH,TX,ASW,CE,Towers with Display (VFR),0,2,48,5,55,0,0,114,3,117,0,2,162,8,172,172,0,172,344
09/15/2004,DWH,TX,ASW,CE,Towers with Display (VFR),0,2,21,0,23,0,1,216,0,217,0,3,237,0,240,406,0,406,646
09/16/2004,DWH,TX,ASW,CE,Towers with Display (VFR),0,2,24,2,28,0,0,222,4,226,0,2,246,6,254,352,0,352,606
09/17/2004,DWH,TX,ASW,CE,Towers with Display (VFR),0,2,20,1,23,0,4,254,8,266,0,6,274,9,289,332,0,332,621
09/18/2004,DWH,TX,ASW,CE,Towers with Display (VFR),0,2,33,3,38,0,2,270,6,278,0,4,303,9,316,618,0,618,934
09/19/2004,DWH,TX,ASW,CE,Towers with Display (VFR),0,1,20,2,23,0,15,248,4,267,0,16,268,6,290,390,0,390,680
09/20/2004,DWH,TX,ASW,CE,Towers with Display (VFR),0,1,24,3,28,0,13,174,3,190,0,14,198,6,218,196,12,208,426
09/21/2004,DWH,TX,ASW,CE,Towers with Display (VFR),0,2,32,3,37,0,16,194,3,213,0,18,226,6,250,258,0,258,508
09/22/2004,DWH,TX,ASW,CE,Towers with Display (VFR),0,1,24,0,25,0,3,199,0,202,0,4,223,0,227,156,0,156,383
09/23/2004,DWH,TX,ASW,CE,Towers with Display (VFR),0,1,23,1,25,0,5,185,0,190,0,6,208,1,215,178,0,178,393
09/24/2004,DWH,TX,ASW,CE,Towers with Display (VFR),0,2,29,3,34,0,2,114,0,116,0,4,143,3,150,292,0,292,442
09/25/2004,DWH,TX,ASW,CE,Towers with Display (VFR),0,2,27,0,29,0,6,82,0,88,0,8,109,0,117,196,0,196,313
09/26/2004,DWH,TX,ASW,CE,Towers with Display (VFR),0,2,27,0,29,0,8,271,0,279,0,10,298,0,308,466,0,466,774
09/27/2004,DWH,TX,ASW,CE,Towers with Display (VFR),0,1,23,2,26,0,5,209,6,220,0,6,232,8,246,410,0,410,656
09/28/2004,DWH,TX,ASW,CE,Towers with Display (VFR),0,2,31,3,36,0,9,241,4,254,0,11,272,7,290,374,0,374,664
09/29/2004,DWH,TX,ASW,CE,Towers with Display (VFR),0,2,36,3,41,0,12,284,0,296,0,14,320,3,337,390,2,392,729
09/30/2004,DWH,TX,ASW,CE,Towers with Display (VFR),0,1,33,0,34,0,0,249,0,249,0,1,282,0,283,348,0,348,631
10/01/2004,DWH,TX,ASW,CE,Towers with Radar,0,1,23,0,24,0,9,210,1,220,0,10,233,1,244,278,0,278,522
10/02/2004,DWH,TX,ASW,CE,Towers with Radar,0,0,17,0,17,0,5,98,0,103,0,5,115,0,120,380,0,380,500
10/03/2004,DWH,TX,ASW,CE,Towers with Radar,0,0,34,0,34,0,8,267,0,275,0,8,301,0,309,494,0,494,803
10/04/2004,DWH,TX,ASW,CE,Towers with Radar,0,3,22,7,32,0,2,176,0,178,0,5,198,7,210,356,0,356,566
10/05/2004,DWH,TX,ASW,CE,Towers with Radar,0,11,93,5,109,0,5,115,0,120,0,16,208,5,229,160,0,160,389
10/06/2004,DWH,TX,ASW,CE,Towers with Radar,0,5,30,5,40,0,4,59,5,68,0,9,89,10,108,212,16,228,336
10/07/2004,DWH,TX,ASW,CE,Towers with Radar,0,3,27,0,30,0,3,57,0,60,0,6,84,0,90,32,0,32,122
10/08/2004,DWH,TX,ASW,CE,Towers with Radar,0,5,123,6,134,0,7,102,0,109,0,12,225,6,243,172,0,172,415
10/09/2004,DWH,TX,ASW,CE,Towers with Radar,0,2,35,0,37,0,8,143,0,151,0,10,178,0,188,474,0,474,662
10/10/2004,DWH,TX,ASW,CE,Towers with Radar,0,24,51,0,75,0,9,117,0,126,0,33,168,0,201,180,0,180,381
10/11/2004,DWH,TX,ASW,CE,Towers with Radar,0,5,45,0,50,0,2,245,0,247,0,7,290,0,297,328,0,328,625
10/12/2004,DWH,TX,ASW,CE,Towers with Radar,0,3,37,3,43,0,14,282,0,296,0,17,319,3,339,203,0,203,542
10/13/2004,DWH,TX,ASW,CE,Towers with Radar,0,7,49,2,58,0,3,162,5,170,0,10,211,7,228,282,10,292,520
10/14/2004,DWH,TX,ASW,CE,Towers with Radar,0,4,34,4,42,0,2,227,4,233,0,6,261,8,275,178,0,178,453
10/15/2004,DWH,TX,ASW,CE,Towers with Radar,0,5,37,5,47,0,3,357,2,362,0,8,394,7,409,320,0,320,729
10/16/2004,DWH,TX,ASW,CE,Towers with Radar,0,0,17,5,22,0,3,273,3,279,0,3,290,8,301,338,0,338,639
10/17/2004,DWH,TX,ASW,CE,Towers with Radar,0,2,33,0,35,0,1,197,1,199,0,3,230,1,234,324,0,324,558
10/18/2004,DWH,TX,ASW,CE,Towers with Radar,0,2,38,4,44,0,8,142,1,151,0,10,180,5,195,110,0,110,305
10/19/2004,DWH,TX,ASW,CE,Towers with Radar,0,2,47,4,53,0,7,129,1,137,0,9,176,5,190,246,0,246,436
10/20/2004,DWH,TX,ASW,CE,Towers with Radar,0,3,42,4,49,0,6,193,3,202,0,9,235,7,251,374,10,384,635
10/21/2004,DWH,TX,ASW,CE,Towers with Radar,0,4,33,5,42,0,3,175,1,179,0,7,208,6,221,180,4,184,405
10/22/2004,DWH,TX,ASW,CE,Towers with Radar,0,1,39,6,46,0,2,200,2,204,0,3,239,8,250,344,14,358,608
10/23/2004,DWH,TX,ASW,CE,Towers with Radar,0,2,16,0,18,0,2,108,0,110,0,4,124,0,128,408,0,408,536
10/24/2004,DWH,TX,ASW,CE,Towers with Radar,0,0,38,17,55,0,3,155,1,159,0,3,193,18,214,352,6,358,572
10/25/2004,DWH,TX,ASW,CE,Towers with Radar,0,4,27,0,31,0,5,173,0,178,0,9,200,0,209,424,0,424,633
10/26/2004,DWH,TX,ASW,CE,Towers with Radar,0,3,32,1,36,0,18,162,2,182,0,21,194,3,218,430,0,430,648
10/27/2004,DWH,TX,ASW,CE,Towers with Radar,0,1,43,4,48,0,7,186,5,198,0,8,229,9,246,244,14,258,504
10/28/2004,DWH,TX,ASW,CE,Towers with Radar,0,2,25,9,36,0,4,178,4,186,0,6,203,13,222,468,0,468,690
10/29/2004,DWH,TX,ASW,CE,Towers with Radar,0,2,26,0,28,0,7,195,2,204,0,9,221,2,232,298,0,298,530
10/30/2004,DWH,TX,ASW,CE,Towers with Radar,0,2,38,5,45,0,5,379,3,387,0,7,417,8,432,544,10,554,986
10/31/2004,DWH,TX,ASW,CE,Towers with Radar,0,5,25,1,31,0,6,204,2,212,0,11,229,3,243,352,6,358,601
11/01/2004,DWH,TX,ASW,CE,Towers with Radar,0,2,15,0,17,0,2,4,0,6,0,4,19,0,23,16,0,16,39
11/02/2004,DWH,TX,ASW,CE,Towers with Radar,0,2,27,4,33,0,5,39,0,44,0,7,66,4,77,204,0,204,281
11/03/2004,DWH,TX,ASW,CE,Towers with Radar,0,1,45,9,55,0,7,152,4,163,0,8,197,13,218,318,0,318,536
11/04/2004,DWH,TX,ASW,CE,Towers with Radar,0,0,20,4,24,0,3,277,3,283,0,3,297,7,307,504,6,510,817
11/05/2004,DWH,TX,ASW,CE,Towers with Radar,0,3,32,2,37,0,4,347,6,357,0,7,379,8,394,412,0,412,806
11/06/2004,DWH,TX,ASW,CE,Towers with Radar,0,1,28,2,31,0,11,398,3,412,0,12,426,5,443,614,0,614,1057
11/07/2004,DWH,TX,ASW,CE,Towers with Radar,0,1,30,2,33,0,6,346,1,353,0,7,376,3,386,394,0,394,780
11/08/2004,DWH,TX,ASW,CE,Towers with Radar,0,1,24,4,29,0,3,239,2,244,0,4,263,6,273,436,22,458,731
11/09/2004,DWH,TX,ASW,CE,Towers with Radar,0,3,39,4,46,0,11,256,8,275,0,14,295,12,321,344,6,350,671
11/10/2004,DWH,TX,ASW,CE,Towers with Radar,0,3,34,7,44,0,10,166,3,179,0,13,200,10,223,416,18,434,657
11/11/2004,DWH,TX,ASW,CE,Towers with Radar,0,0,30,4,34,0,5,190,1,196,0,5,220,5,230,486,0,486,716
11/12/2004,DWH,TX,ASW,CE,Towers with Radar,0,0,59,5,64,0,6,153,4,163,0,6,212,9,227,312,0,312,539
11/13/2004,DWH,TX,ASW,CE,Towers with Radar,0,0,48,0,48,0,4,108,0,112,0,4,156,0,160,550,0,550,710
11/14/2004,DWH,TX,ASW,CE,Towers with Radar,0,3,47,1,51,0,3,120,0,123,0,6,167,1,174,350,0,350,524
11/15/2004,DWH,TX,ASW,CE,Towers with Radar,0,8,34,1,43,0,2,14,0,16,0,10,48,1,59,132,0,132,191
11/16/2004,DWH,TX,ASW,CE,Towers with Radar,0,4,54,0,58,0,5,31,0,36,0,9,85,0,94,132,0,132,226
11/17/2004,DWH,TX,ASW,CE,Towers with Radar,0,17,21,0,38,0,5,1,0,6,0,22,22,0,44,0,0,0,44
11/18/2004,DWH,TX,ASW,CE,Towers with Radar,0,6,45,0,51,0,4,185,0,189,0,10,230,0,240,234,0,234,474
11/19/2004,DWH,TX,ASW,CE,Towers with Radar,0,4,40,6,50,0,5,267,3,275,0,9,307,9,325,378,0,378,703
11/20/2004,DWH,TX,ASW,CE,Towers with Radar,0,1,12,0,13,0,0,10,0,10,0,1,22,0,23,58,0,58,81
11/21/2004,DWH,TX,ASW,CE,Towers with Radar,0,0,38,0,38,0,2,4,0,6,0,2,42,0,44,6,0,6,50
11/22/2004,DWH,TX,ASW,CE,Towers with Radar,0,0,12,0,12,0,2,14,0,16,0,2,26,0,28,20,0,20,48
11/23/2004,DWH,TX,ASW,CE,Towers with Radar,0,1,17,2,20,0,12,45,0,57,0,13,62,2,77,160,0,160,237
11/24/2004,DWH,TX,ASW,CE,Towers with Radar,0,3,60,6,69,0,4,150,3,157,0,7,210,9,226,70,2,72,298
11/25/2004,DWH,TX,ASW,CE,Towers with Radar,0,0,18,0,18,0,6,173,0,179,0,6,191,0,197,200,0,200,397
11/26/2004,DWH,TX,ASW,CE,Towers with Radar,0,0,59,1,60,0,2,252,0,254,0,2,311,1,314,430,0,430,744
11/27/2004,DWH,TX,ASW,CE,Towers with Radar,0,1,28,1,30,0,5,205,0,210,0,6,233,1,240,258,0,258,498
11/28/2004,DWH,TX,ASW,CE,Towers with Radar,0,3,51,0,54,0,4,259,0,263,0,7,310,0,317,312,0,312,629
11/29/2004,DWH,TX,ASW,CE,Towers with Radar,0,1,36,1,38,0,3,115,1,119,0,4,151,2,157,248,0,248,405
11/30/2004,DWH,TX,ASW,CE,Towers with Radar,0,2,30,0,32,0,1,23,0,24,0,3,53,0,56,34,0,34,90
12/01/2004,DWH,TX,ASW,CE,Towers with Radar,0,4,26,0,30,0,4,266,0,270,0,8,292,0,300,332,0,332,632
12/02/2004,DWH,TX,ASW,CE,Towers with Radar,0,9,39,7,55,0,9,260,2,271,0,18,299,9,326,342,4,346,672
12/03/2004,DWH,TX,ASW,CE,Towers with Radar,0,2,40,3,45,0,0,184,2,186,0,2,224,5,231,380,0,380,611
12/04/2004,DWH,TX,ASW,CE,Towers with Radar,0,1,22,0,23,0,7,271,2,280,0,8,293,2,303,780,0,780,1083
12/05/2004,DWH,TX,ASW,CE,Towers with Radar,0,1,45,4,50,0,8,86,2,96,0,9,131,6,146,168,0,168,314
12/06/2004,DWH,TX,ASW,CE,Towers with Radar,0,3,47,1,51,0,3,18,0,21,0,6,65,1,72,84,0,84,156
12/07/2004,DWH,TX,ASW,CE,Towers with Radar,0,1,28,0,29,0,9,282,0,291,0,10,310,0,320,706,0,706,1026
12/08/2004,DWH,TX,ASW,CE,Towers with Radar,0,4,65,9,78,0,6,131,3,140,0,10,196,12,218,580,0,580,798
12/09/2004,DWH,TX,ASW,CE,Towers with Radar,0,6,49,8,63,0,2,224,1,227,0,8,273,9,290,286,0,286,576
12/10/2004,DWH,TX,ASW,CE,Towers with Radar,0,0,16,4,20,0,1,190,4,195,0,1,206,8,215,348,0,348,563
12/11/2004,DWH,TX,ASW,CE,Towers with Radar,0,1,21,2,24,0,8,422,2,432,0,9,443,4,456,614,0,614,1070
12/12/2004,DWH,TX,ASW,CE,Towers with Radar,0,2,43,7,52,0,5,238,0,243,0,7,281,7,295,440,4,444,739
12/13/2004,DWH,TX,ASW,CE,Towers with Radar,0,3,27,0,30,0,7,134,2,143,0,10,161,2,173,204,0,204,377
12/14/2004,DWH,TX,ASW,CE,Towers with Radar,0,1,35,10,46,0,8,208,0,216,0,9,243,10,262,350,0,350,612
12/15/2004,DWH,TX,ASW,CE,Towers with Radar,0,2,27,8,37,0,11,196,1,208,0,13,223,9,245,314,0,314,559
12/16/2004,DWH,TX,ASW,CE,Towers with Radar,0,19,31,0,50,0,0,0,0,0,0,19,31,0,50,31,0,31,81
12/17/2004,DWH,TX,ASW,CE,Towers with Radar,0,2,36,6,44,0,0,224,1,225,0,2,260,7,269,516,0,516,785
12/18/2004,DWH,TX,ASW,CE,Towers with Radar,0,6,36,2,44,0,4,312,0,316,0,10,348,2,360,424,0,424,784
12/19/2004,DWH,TX,ASW,CE,Towers with Radar,0,0,18,0,18,0,5,226,0,231,0,5,244,0,249,446,0,446,695
12/20/2004,DWH,TX,ASW,CE,Towers with Radar,0,1,22,1,24,0,10,153,1,164,0,11,175,2,188,94,2,96,284
12/21/2004,DWH,TX,ASW,CE,Towers with Radar,0,7,55,0,62,0,10,126,1,137,0,17,181,1,199,310,0,310,509
12/22/2004,DWH,TX,ASW,CE,Towers with Radar,0,6,19,0,25,0,1,1,0,2,0,7,20,0,27,0,0,0,27
12/23/2004,DWH,TX,ASW,CE,Towers with Radar,0,4,28,0,32,0,5,169,0,174,0,9,197,0,206,378,0,378,584
12/24/2004,DWH,TX,ASW,CE,Towers with Radar,0,1,10,0,11,0,1,37,0,38,0,2,47,0,49,42,0,42,91
12/25/2004,DWH,TX,ASW,CE,Towers with Radar,0,1,8,0,9,0,4,57,0,61,0,5,65,0,70,16,0,16,86
12/26/2004,DWH,TX,ASW,CE,Towers with Radar,0,0,32,0,32,0,4,205,0,209,0,4,237,0,241,316,0,316,557
12/27/2004,DWH,TX,ASW,CE,Towers with Radar,0,3,19,4,26,0,3,219,2,224,0,6,238,6,250,380,6,386,636
12/28/2004,DWH,TX,ASW,CE,Towers with Radar,0,1,34,4,39,0,3,243,10,256,0,4,277,14,295,304,0,304,599
12/29/2004,DWH,TX,ASW,CE,Towers with Radar,0,1,24,1,26,0,4,101,3,108,0,5,125,4,134,358,0,358,492
12/30/2004,DWH,TX,ASW,CE,Towers with Radar,0,5,32,2,39,0,0,99,0,99,0,5,131,2,138,294,0,294,432
12/31/2004,DWH,TX,ASW,CE,Towers with Radar,0,1,44,0,45,0,1,94,0,95,0,2,138,0,140,190,0,190,330
01/01/2005,DWH,TX,ASW,CE,Towers with Radar,0,5,139,0,144,0,0,74,0,74,0,5,213,0,218,82,0,82,300
01/02/2005,DWH,TX,ASW,CE,Towers with Radar,0,6,51,0,57,0,5,58,0,63,0,11,109,0,120,106,0,106,226
01/03/2005,DWH,TX,ASW,CE,Towers with Radar,0,2,31,4,37,0,4,91,0,95,0,6,122,4,132,250,0,250,382
01/04/2005,DWH,TX,ASW,CE,Towers with Radar,0,0,19,0,19,0,4,53,0,57,0,4,72,0,76,226,0,226,302
01/05/2005,DWH,TX,ASW,CE,Towers with Radar,0,4,21,3,28,0,3,94,1,98,0,7,115,4,126,94,0,94,220
01/06/2005,DWH,TX,ASW,CE,Towers with Radar,0,3,21,2,26,0,3,95,0,98,0,6,116,2,124,140,0,140,264
01/07/2005,DWH,TX,ASW,CE,Towers with Radar,0,0,16,0,16,0,1,6,0,7,0,1,22,0,23,0,0,0,23
01/08/2005,DWH,TX,ASW,CE,Towers with Radar,0,1,24,2,27,0,5,374,3,382,0,6,398,5,409,586,0,586,995
01/09/2005,DWH,TX,ASW,CE,Towers with Radar,0,0,23,0,23,0,5,241,0,246,0,5,264,0,269,426,0,426,695
01/10/2005,DWH,TX,ASW,CE,Towers with Radar,0,0,26,2,28,0,2,87,0,89,0,2,113,2,117,404,0,404,521
01/11/2005,DWH,TX,ASW,CE,Towers with Radar,0,0,42,7,49,0,4,234,0,238,0,4,276,7,287,336,0,336,623
01/12/2005,DWH,TX,ASW,CE,Towers with Radar,0,0,27,4,31,0,2,102,0,104,0,2,129,4,135,154,0,154,289
01/13/2005,DWH,TX,ASW,CE,Towers with Radar,0,0,27,3,30,0,1,159,3,163,0,1,186,6,193,172,0,172,365
01/14/2005,DWH,TX,ASW,CE,Towers with Radar,0,2,43,12,57,0,5,303,3,311,0,7,346,15,368,482,0,482,850
01/15/2005,DWH,TX,ASW,CE,Towers with Radar,0,0,37,0,37,0,6,378,0,384,0,6,415,0,421,608,0,608,1029
01/16/2005,DWH,TX,ASW,CE,Towers with Radar,0,4,26,0,30,0,5,347,0,352,0,9,373,0,382,396,0,396,778
01/17/2005,DWH,TX,ASW,CE,Towers with Radar,0,1,34,4,39,0,1,238,7,246,0,2,272,11,285,428,4,432,717
01/18/2005,DWH,TX,ASW,CE,Towers with Radar,0,2,24,4,30,0,3,210,2,215,0,5,234,6,245,336,0,336,581
01/19/2005,DWH,TX,ASW,CE,Towers with Radar,0,4,27,3,34,0,7,209,5,221,0,11,236,8,255,316,4,320,575
01/20/2005,DWH,TX,ASW,CE,Towers with Radar,0,2,29,1,32,0,3,167,3,173,0,5,196,4,205,246,0,246,451
01/21/2005,DWH,TX,ASW,CE,Towers with Radar,0,3,46,11,60,0,9,204,1,214,0,12,250,12,274,268,0,268,542
01/22/2005,DWH,TX,ASW,CE,Towers with Radar,0,0,46,0,46,0,8,214,2,224,0,8,260,2,270,636,0,636,906
01/23/2005,DWH,TX,ASW,CE,Towers with Radar,0,1,27,3,31,0,3,298,4,305,0,4,325,7,336,232,6,238,574
01/24/2005,DWH,TX,ASW,CE,Towers with Radar,0,0,19,12,31,0,1,255,8,264,0,1,274,20,295,338,36,374,669
01/25/2005,DWH,TX,ASW,CE,Towers with Radar,0,3,23,3,29,0,6,244,6,256,0,9,267,9,285,404,2,406,691
01/26/2005,DWH,TX,ASW,CE,Towers with Radar,0,2,39,2,43,0,3,230,0,233,0,5,269,2,276,310,0,310,586
01/27/2005,DWH,TX,ASW,CE,Towers with Radar,0,2,39,0,41,0,3,58,0,61,0,5,97,0,102,44,0,44,146
01/28/2005,DWH,TX,ASW,CE,Towers with Radar,0,4,34,11,49,0,18,0,0,18,0,22,34,11,67,118,0,118,185
01/29/2005,DWH,TX,ASW,CE,Towers with Radar,0,0,219,0,219,0,3,60,0,63,0,3,279,0,282,150,0,150,432
01/30/2005,DWH,TX,ASW,CE,Towers with Radar,0,2,47,2,51,0,8,97,0,105,0,10,144,2,156,194,0,194,350
01/31/2005,DWH,TX,ASW,CE,Towers with Radar,0,2,17,0,19,0,1,0,0,1,0,3,17,0,20,0,0,0,20
02/01/2005,DWH,TX,ASW,CE,Towers with Radar,0,1,25,0,26,0,0,2,0,2,0,1,27,0,28,10,0,10,38
02/02/2005,DWH,TX,ASW,CE,Towers with Radar,0,3,56,5,64,0,6,61,0,67,0,9,117,5,131,220,4,224,355
02/03/2005,DWH,TX,ASW,CE,Towers with Radar,0,3,49,11,63,0,4,213,4,221,0,7,262,15,284,538,20,558,842
02/04/2005,DWH,TX,ASW,CE,Towers with Radar,0,6,38,9,53,0,7,253,2,262,0,13,291,11,315,408,0,408,723
02/05/2005,DWH,TX,ASW,CE,Towers with Radar,0,1,38,0,39,0,4,345,0,349,0,5,383,0,388,522,0,522,910
02/06/2005,DWH,TX,ASW,CE,Towers with Radar,0,2,38,3,43,0,7,71,2,80,0,9,109,5,123,76,4,80,203
02/07/2005,DWH,TX,ASW,CE,Towers with Radar,0,0,18,4,22,0,5,16,0,21,0,5,34,4,43,56,0,56,99
02/08/2005,DWH,TX,ASW,CE,Towers with Radar,0,12,41,0,53,0,2,28,3,33,0,14,69,3,86,66,0,66,152
02/09/2005,DWH,TX,ASW,CE,Towers with Radar,0,5,33,13,51,0,8,88,0,96,0,13,121,13,147,264,0,264,411
02/10/2005,DWH,TX,ASW,CE,Towers with Radar,0,3,30,7,40,0,4,283,1,288,0,7,313,8,328,440,0,440,768
02/11/2005,DWH,TX,ASW,CE,Towers with Radar,0,3,39,5,47,0,3,209,1,213,0,6,248,6,260,232,0,232,492
02/12/2005,DWH,TX,ASW,CE,Towers with Radar,0,1,12,0,13,0,11,338,0,349,0,12,350,0,362,480,0,480,842
02/13/2005,DWH,TX,ASW,CE,Towers with Radar,0,1,36,6,43,0,2,62,0,64,0,3,98,6,107,122,0,122,229
02/14/2005,DWH,TX,ASW,CE,Towers with Radar,0,1,17,5,23,0,14,276,0,290,0,15,293,5,313,380,0,380,693
02/15/2005,DWH,TX,ASW,CE,Towers with Radar,0,1,33,0,34,0,7,255,0,262,0,8,288,0,296,298,0,298,594
02/16/2005,DWH,TX,ASW,CE,Towers with Radar,0,0,45,0,45,0,6,235,0,241,0,6,280,0,286,560,0,560,846
02/17/2005,DWH,TX,ASW,CE,Towers with Radar,0,2,41,3,46,0,7,232,1,240,0,9,273,4,286,350,0,350,636
02/18/2005,DWH,TX,ASW,CE,Towers with Radar,0,0,32,5,37,0,2,222,5,229,0,2,254,10,266,418,0,418,684
02/19/2005,DWH,TX,ASW,CE,Towers with Radar,0,5,34,0,39,0,4,309,0,313,0,9,343,0,352,482,0,482,834
02/20/2005,DWH,TX,ASW,CE,Towers with Radar,0,0,36,0,36,0,7,124,0,131,0,7,160,0,167,202,0,202,369
02/21/2005,DWH,TX,ASW,CE,Towers with Radar,0,4,42,2,48,0,10,191,0,201,0,14,233,2,249,402,0,402,651
02/22/2005,DWH,TX,ASW,CE,Towers with Radar,0,1,32,9,42,0,4,155,1,160,0,5,187,10,202,338,20,358,560
02/23/2005,DWH,TX,ASW,CE,Towers with Radar,0,3,22,2,27,0,7,115,2,124,0,10,137,4,151,212,0,212,363
02/24/2005,DWH,TX,ASW,CE,Towers with Radar,0,0,36,0,36,0,9,12,0,21,0,9,48,0,57,6,0,6,63
02/25/2005,DWH,TX,ASW,CE,Towers with Radar,0,4,35,21,60,0,2,338,1,341,0,6,373,22,401,404,20,424,825
02/26/2005,DWH,TX,ASW,CE,Towers with Radar,0,2,30,0,32,0,2,94,0,96,0,4,124,0,128,232,0,232,360
02/27/2005,DWH,TX,ASW,CE,Towers with Radar,0,2,42,1,45,0,3,260,1,264,0,5,302,2,309,552,0,552,861
02/28/2005,DWH,TX,ASW,CE,Towers with Radar,0,0,12,6,18,0,13,338,1,352,0,13,350,7,370,536,0,536,906
03/01/2005,DWH,TX,ASW,CE,Towers with Radar,0,9,37,8,54,0,7,321,4,332,0,16,358,12,386,320,4,324,710
03/02/2005,DWH,TX,ASW,CE,Towers with Radar,0,2,30,2,34,0,5,19,0,24,0,7,49,2,58,28,0,28,86
03/03/2005,DWH,TX,ASW,CE,Towers with Radar,0,3,26,8,37,0,1,174,0,175,0,4,200,8,212,366,0,366,578
03/04/2005,DWH,TX,ASW,CE,Towers with Radar,0,5,38,6,49,0,12,244,2,258,0,17,282,8,307,404,0,404,711
03/05/2005,DWH,TX,ASW,CE,Towers with Radar,0,5,29,11,45,0,8,310,5,323,0,13,339,16,368,784,6,790,1158
03/06/2005,DWH,TX,ASW,CE,Towers with Radar,0,3,41,7,51,0,2,60,0,62,0,5,101,7,113,116,0,116,229
03/07/2005,DWH,TX,ASW,CE,Towers with Radar,0,2,15,0,17,0,11,1,0,12,0,13,16,0,29,46,0,46,75
03/08/2005,DWH,TX,ASW,CE,Towers with Radar,0,1,26,5,32,0,1,359,0,360,0,2,385,5,392,568,4,572,964
03/09/2005,DWH,TX,ASW,CE,Towers with Radar,0,1,21,6,28,0,9,134,3,146,0,10,155,9,174,196,4,200,374
03/10/2005,DWH,TX,ASW,CE,Towers with Radar,0,5,38,2,45,0,9,349,1,359,0,14,387,3,404,296,0,296,700
03/11/2005,DWH,TX,ASW,CE,Towers with Radar,0,2,21,16,39,0,6,336,0,342,0,8,357,16,381,382,3,385,766
03/12/2005,DWH,TX,ASW,CE,Towers with Radar,0,0,23,2,25,0,10,404,0,414,0,10,427,2,439,504,0,504,943
03/13/2005,DWH,TX,ASW,CE,Towers with Radar,0,3,35,3,41,0,7,219,1,227,0,10,254,4,268,104,0,104,372
03/14/2005,DWH,TX,ASW,CE,Towers with Radar,0,8,19,1,28,0,7,237,2,246,0,15,256,3,274,270,6,276,550
03/15/2005,DWH,TX,ASW,CE,Towers with Radar,0,0,29,0,29,0,3,95,0,98,0,3,124,0,127,312,0,312,439
03/16/2005,DWH,TX,ASW,CE,Towers with Radar,0,0,36,2,38,0,15,65,0,80,0,15,101,2,118,200,0,200,318
03/17/2005,DWH,TX,ASW,CE,Towers with Radar,0,1,43,6,50,0,2,322,1,325,0,3,365,7,375,243,5,248,623
03/18/2005,DWH,TX,ASW,CE,Towers with Radar,0,1,46,1,48,0,10,307,3,320,0,11,353,4,368,322,0,322,690
03/19/2005,DWH,TX,ASW,CE,Towers with Radar,0,0,20,1,21,0,3,268,1,272,0,3,288,2,293,486,0,486,779
03/20/2005,DWH,TX,ASW,CE,Towers with Radar,0,9,35,6,50,0,2,285,0,287,0,11,320,6,337,478,8,486,823
03/21/2005,DWH,TX,ASW,CE,Towers with Radar,0,5,8,0,13,0,4,105,0,109,0,9,113,0,122,246,0,246,368
03/22/2005,DWH,TX,ASW,CE,Towers with Radar,0,6,33,3,42,0,8,247,3,258,0,14,280,6,300,294,10,304,604
03/23/2005,DWH,TX,ASW,CE,Towers with Radar,0,2,43,3,48,0,9,269,1,279,0,11,312,4,327,406,0,406,733
03/24/2005,DWH,TX,ASW,CE,Towers with Radar,0,1,25,2,28,0,4,285,2,291,0,5,310,4,319,580,0,580,899
03/25/2005,DWH,TX,ASW,CE,Towers with Radar,0,6,43,9,58,0,6,347,5,358,0,12,390,14,416,404,32,436,852
03/26/2005,DWH,TX,ASW,CE,Towers with Radar,0,1,31,0,32,0,8,164,0,172,0,9,195,0,204,514,0,514,718
03/27/2005,DWH,TX,ASW,CE,Towers with Radar,0,0,23,2,25,0,3,74,0,77,0,3,97,2,102,48,0,48,150
03/28/2005,DWH,TX,ASW,CE,Towers with Radar,0,4,25,12,41,0,3,243,5,251,0,7,268,17,292,406,10,416,708
03/29/2005,DWH,TX,ASW,CE,Towers with Radar,0,2,39,2,43,0,8,151,2,161,0,10,190,4,204,268,2,270,474
03/30/2005,DWH,TX,ASW,CE,Towers with Radar,0,3,35,7,45,0,3,212,4,219,0,6,247,11,264,589,26,615,879
03/31/2005,DWH,TX,ASW,CE,Towers with Radar,0,4,65,7,76,0,8,148,1,157,0,12,213,8,233,355,4,359,592
04/01/2005,DWH,TX,ASW,CE,Towers with Radar,0,5,21,3,29,0,3,106,2,111,0,8,127,5,140,12,0,12,152
04/02/2005,DWH,TX,ASW,CE,Towers with Radar,0,2,24,2,28,0,8,445,3,456,0,10,469,5,484,588,0,588,1072
04/03/2005,DWH,TX,ASW,CE,Towers with Radar,0,6,27,0,33,0,6,359,0,365,0,12,386,0,398,662,0,662,1060
04/04/2005,DWH,TX,ASW,CE,Towers with Radar,0,3,23,7,33,0,4,129,1,134,0,7,152,8,167,264,0,264,431
04/05/2005,DWH,TX,ASW,CE,Towers with Radar,0,5,40,6,51,0,2,63,1,66,0,7,103,7,117,356,0,356,473
04/06/2005,DWH,TX,ASW,CE,Towers with Radar,0,2,27,7,36,0,5,161,3,169,0,7,188,10,205,180,6,186,391
04/07/2005,DWH,TX,ASW,CE,Towers with Radar,0,0,24,16,40,0,6,263,2,271,0,6,287,18,311,218,28,246,557
04/08/2005,DWH,TX,ASW,CE,Towers with Radar,0,0,30,3,33,0,4,331,2,337,0,4,361,5,370,462,0,462,832
04/09/2005,DWH,TX,ASW,CE,Towers with Radar,0,1,32,0,33,0,6,350,0,356,0,7,382,0,389,556,0,556,945
04/10/2005,DWH,TX,ASW,CE,Towers with Radar,0,2,47,5,54,0,1,118,0,119,0,3,165,5,173,102,8,110,283
04/11/2005,DWH,TX,ASW,CE,Towers with Radar,0,2,19,1,22,0,11,137,0,148,0,13,156,1,170,246,0,246,416
04/12/2005,DWH,TX,ASW,CE,Towers with Radar,0,3,26,18,47,0,5,253,2,260,0,8,279,20,307,410,12,422,729
04/13/2005,DWH,TX,ASW,CE,Towers with Radar,0,3,28,12,43,0,16,216,2,234,0,19,244,14,277,418,8,426,703
04/14/2005,DWH,TX,ASW,CE,Towers with Radar,0,3,43,7,53,0,2,269,3,274,0,5,312,10,327,328,10,338,665
04/15/2005,DWH,TX,ASW,CE,Towers with Radar,0,2,29,4,35,0,6,290,3,299,0,8,319,7,334,274,2,276,610
04/16/2005,DWH,TX,ASW,CE,Towers with Radar,0,2,27,0,29,0,5,350,1,356,0,7,377,1,385,564,0,564,949
04/17/2005,DWH,TX,ASW,CE,Towers with Radar,0,1,33,1,35,0,5,276,0,281,0,6,309,1,316,390,0,390,706
04/18/2005,DWH,TX,ASW,CE,Towers with Radar,0,0,52,2,54,0,2,157,0,159,0,2,209,2,213,150,0,150,363
04/19/2005,DWH,TX,ASW,CE,Towers with Radar,0,4,38,0,42,0,1,160,1,162,0,5,198,1,204,314,0,314,518
04/20/2005,DWH,TX,ASW,CE,Towers with Radar,0,0,47,4,51,0,11,176,0,187,0,11,223,4,238,364,0,364,602
04/21/2005,DWH,TX,ASW,CE,Towers with Radar,0,3,27,3,33,0,5,208,1,214,0,8,235,4,247,486,0,486,733
04/22/2005,DWH,TX,ASW,CE,Towers with Radar,0,1,37,4,42,0,9,184,2,195,0,10,221,6,237,514,0,514,751
04/23/2005,DWH,TX,ASW,CE,Towers with Radar,0,0,8,4,12,0,12,353,3,368,0,12,361,7,380,574,0,574,954
04/24/2005,DWH,TX,ASW,CE,Towers with Radar,0,0,31,2,33,0,2,285,3,290,0,2,316,5,323,444,0,444,767
04/25/2005,DWH,TX,ASW,CE,Towers with Radar,0,7,43,2,52,0,7,34,0,41,0,14,77,2,93,40,0,40,133
04/26/2005,DWH,TX,ASW,CE,Towers with Radar,0,2,26,10,38,0,16,257,6,279,0,18,283,16,317,504,16,520,837
04/27/2005,DWH,TX,ASW,CE,Towers with Radar,0,1,33,3,37,0,12,298,14,324,0,13,331,17,361,386,0,386,747
04/28/2005,DWH,TX,ASW,CE,Towers with Radar,0,4,34,5,43,0,9,218,5,232,0,13,252,10,275,244,0,244,519
04/29/2005,DWH,TX,ASW,CE,Towers with Radar,0,2,47,4,53,0,7,235,0,242,0,9,282,4,295,374,0,374,669
04/30/2005,DWH,TX,ASW,CE,Towers with Radar,0,0,17,0,17,0,2,107,0,109,0,2,124,0,126,46,0,46,172
05/01/2005,DWH,TX,ASW,CE,Towers with Radar,0,0,34,2,36,0,4,398,0,402,0,4,432,2,438,568,0,568,1006
05/02/2005,DWH,TX,ASW,CE,Towers with Radar,0,2,24,2,28,0,4,221,3,228,0,6,245,5,256,254,0,254,510
05/03/2005,DWH,TX,ASW,CE,Towers with Radar,0,0,35,4,39,0,3,233,2,238,0,3,268,6,277,356,0,356,633
05/04/2005,DWH,TX,ASW,CE,Towers with Radar,0,0,25,2,27,0,5,146,2,153,0,5,171,4,180,330,0,330,510
05/05/2005,DWH,TX,ASW,CE,Towers with Radar,0,1,28,3,32,0,2,279,10,291,0,3,307,13,323,342,2,344,667
05/06/2005,DWH,TX,ASW,CE,Towers with Radar,0,6,32,6,44,0,3,245,0,248,0,9,277,6,292,328,2,330,622
05/07/2005,DWH,TX,ASW,CE,Towers with Radar,0,0,27,2,29,0,1,252,0,253,0,1,279,2,282,558,0,558,840
05/08/2005,DWH,TX,ASW,CE,Towers with Radar,0,1,15,0,16,0,0,17,0,17,0,1,32,0,33,10,0,10,43
05/09/2005,DWH,TX,ASW,CE,Towers with Radar,0,3,42,6,51,0,7,105,1,113,0,10,147,7,164,278,10,288,452
05/10/2005,DWH,TX,ASW,CE,Towers with Radar,0,8,40,10,58,0,6,184,3,193,0,14,224,13,251,468,10,478,729
05/11/2005,DWH,TX,ASW,CE,Towers with Radar,0,3,35,4,42,0,6,206,2,214,0,9,241,6,256,558,0,558,814
05/12/2005,DWH,TX,ASW,CE,Towers with Radar,0,0,95,9,104,0,2,224,4,230,0,2,319,13,334,310,12,322,656
05/13/2005,DWH,TX,ASW,CE,Towers with Radar,0,0,44,5,49,0,6,299,0,305,0,6,343,5,354,372,0,372,726
05/14/2005,DWH,TX,ASW,CE,Towers with Radar,0,0,25,0,25,0,11,288,0,299,0,11,313,0,324,426,0,426,750
05/15/2005,DWH,TX,ASW,CE,Towers with Radar,0,0,18,4,22,0,8,255,0,263,0,8,273,4,285,248,0,248,533
05/16/2005,DWH,TX,ASW,CE,Towers with Radar,0,2,30,6,38,0,3,138,9,150,0,5,168,15,188,360,8,368,556
05/17/2005,DWH,TX,ASW,CE,Towers with Radar,0,6,39,4,49,0,10,243,3,256,0,16,282,7,305,448,6,454,759
05/18/2005,DWH,TX,ASW,CE,Towers with Radar,0,1,37,7,45,0,15,193,2,210,0,16,230,9,255,416,4,420,675
05/19/2005,DWH,TX,ASW,CE,Towers with Radar,0,0,38,5,43,0,3,317,1,321,0,3,355,6,364,384,0,384,748
05/20/2005,DWH,TX,ASW,CE,Towers with Radar,0,4,34,4,42,0,10,330,4,344,0,14,364,8,386,492,0,492,878
05/21/2005,DWH,TX,ASW,CE,Towers with Radar,0,4,25,0,29,0,4,415,0,419,0,8,440,0,448,454,0,454,902
05/22/2005,DWH,TX,ASW,CE,Towers with Radar,0,2,24,6,32,0,4,310,3,317,0,6,334,9,349,216,0,216,565
05/23/2005,DWH,TX,ASW,CE,Towers with Radar,0,5,23,1,29,0,12,240,3,255,0,17,263,4,284,410,0,410,694
05/24/2005,DWH,TX,ASW,CE,Towers with Radar,0,0,39,1,40,0,11,246,1,258,0,11,285,2,298,404,0,404,702
05/25/2005,DWH,TX,ASW,CE,Towers with Radar,0,8,34,14,56,0,13,276,1,290,0,21,310,15,346,438,4,442,788
05/26/2005,DWH,TX,ASW,CE,Towers with Radar,0,1,37,5,43,0,7,164,2,173,0,8,201,7,216,372,0,372,588
05/27/2005,DWH,TX,ASW,CE,Towers with Radar,0,1,47,1,49,0,7,274,2,283,0,8,321,3,332,416,0,416,748
05/28/2005,DWH,TX,ASW,CE,Towers with Radar,0,2,18,0,20,0,3,242,2,247,0,5,260,2,267,532,0,532,799
05/29/2005,DWH,TX,ASW,CE,Towers with Radar,0,0,18,2,20,0,3,168,0,171,0,3,186,2,191,180,0,180,371
05/30/2005,DWH,TX,ASW,CE,Towers with Radar,0,3,34,1,38,0,3,104,1,108,0,6,138,2,146,152,0,152,298
05/31/2005,DWH,TX,ASW,CE,Towers with Radar,0,2,24,12,38,0,7,217,2,226,0,9,241,14,264,422,2,424,688
06/01/2005,DWH,TX,ASW,CE,Towers with Radar,0,2,43,6,51,0,8,169,4,181,0,10,212,10,232,324,20,344,576
06/02/2005,DWH,TX,ASW,CE,Towers with Radar,0,0,25,0,25,0,7,306,5,318,0,7,331,5,343,336,0,336,679
06/03/2005,DWH,TX,ASW,CE,Towers with Radar,0,2,33,4,39,0,1,209,0,210,0,3,242,4,249,304,0,304,553
06/04/2005,DWH,TX,ASW,CE,Towers with Radar,0,0,26,4,30,0,3,316,1,320,0,3,342,5,350,526,0,526,876
06/05/2005,DWH,TX,ASW,CE,Towers with Radar,0,0,34,9,43,0,6,248,1,255,0,6,282,10,298,246,0,246,544
06/06/2005,DWH,TX,ASW,CE,Towers with Radar,0,3,28,4,35,0,0,142,2,144,0,3,170,6,179,350,4,354,533
06/07/2005,DWH,TX,ASW,CE,Towers with Radar,0,4,28,4,36,0,1,216,3,220,0,5,244,7,256,310,6,316,572
06/08/2005,DWH,TX,ASW,CE,Towers with Radar,0,2,44,0,46,0,3,204,0,207,0,5,248,0,253,394,0,394,647
06/09/2005,DWH,TX,ASW,CE,Towers with Radar,0,3,29,5,37,0,0,254,2,256,0,3,283,7,293,342,0,342,635
06/10/2005,DWH,TX,ASW,CE,Towers with Radar,0,2,28,1,31,0,3,172,1,176,0,5,200,2,207,330,0,330,537
06/11/2005,DWH,TX,ASW,CE,Towers with Radar,0,5,22,1,28,0,8,352,3,363,0,13,374,4,391,498,2,500,891
06/12/2005,DWH,TX,ASW,CE,Towers with Radar,0,0,25,8,33,0,2,242,0,244,0,2,267,8,277,300,18,318,595
06/13/2005,DWH,TX,ASW,CE,Towers with Radar,0,0,17,10,27,0,5,252,2,259,0,5,269,12,286,440,4,444,730
06/14/2005,DWH,TX,ASW,CE,Towers with Radar,0,0,34,9,43,0,0,236,7,243,0,0,270,16,286,620,10,630,916
06/15/2005,DWH,TX,ASW,CE,Towers with Radar,0,1,36,5,42,0,26,214,2,242,0,27,250,7,284,424,0,424,708
06/16/2005,DWH,TX,ASW,CE,Towers with Radar,0,4,33,2,39,0,12,314,1,327,0,16,347,3,366,444,0,444,810
06/17/2005,DWH,TX,ASW,CE,Towers with Radar,0,0,35,8,43,0,1,332,2,335,0,1,367,10,378,424,0,424,802
06/18/2005,DWH,TX,ASW,CE,Towers with Radar,0,2,28,2,32,0,8,337,1,346,0,10,365,3,378,516,6,522,900
06/19/2005,DWH,TX,ASW,CE,Towers with Radar,0,0,38,0,38,0,3,262,0,265,0,3,300,0,303,296,0,296,599
06/20/2005,DWH,TX,ASW,CE,Towers with Radar,0,2,30,0,32,0,9,275,2,286,0,11,305,2,318,300,0,300,618
06/21/2005,DWH,TX,ASW,CE,Towers with Radar,0,1,35,4,40,0,5,213,4,222,0,6,248,8,262,404,0,404,666
06/22/2005,DWH,TX,ASW,CE,Towers with Radar,0,1,35,1,37,0,5,207,0,212,0,6,242,1,249,426,0,426,675
06/23/2005,DWH,TX,ASW,CE,Towers with Radar,0,1,31,9,41,0,11,277,5,293,0,12,308,14,334,318,2,320,654
06/24/2005,DWH,TX,ASW,CE,Towers with Radar,0,0,35,2,37,0,7,398,3,408,0,7,433,5,445,380,0,380,825
06/25/2005,DWH,TX,ASW,CE,Towers with Radar,0,0,38,2,40,0,9,326,0,335,0,9,364,2,375,368,0,368,743
06/26/2005,DWH,TX,ASW,CE,Towers with Radar,0,0,22,3,25,0,2,255,3,260,0,2,277,6,285,348,0,348,633
06/27/2005,DWH,TX,ASW,CE,Towers with Radar,0,0,32,7,39,0,7,182,4,193,0,7,214,11,232,300,4,304,536
06/28/2005,DWH,TX,ASW,CE,Towers with Radar,0,3,31,8,42,0,2,221,1,224,0,5,252,9,266,306,2,308,574
06/29/2005,DWH,TX,ASW,CE,Towers with Radar,0,4,25,1,30,0,10,266,6,282,0,14,291,7,312,370,0,370,682
06/30/2005,DWH,TX,ASW,CE,Towers with Radar,0,0,31,12,43,0,1,221,4,226,0,1,252,16,269,386,0,386,655
07/01/2005,DWH,TX,ASW,CE,Towers with Radar,0,3,28,9,40,0,10,268,4,282,0,13,296,13,322,484,0,484,806
07/02/2005,DWH,TX,ASW,CE,Towers with Radar,0,0,33,0,33,0,14,239,0,253,0,14,272,0,286,424,0,424,710
07/03/2005,DWH,TX,ASW,CE,Towers with Radar,0,1,20,0,21,0,3,185,0,188,0,4,205,0,209,326,0,326,535
07/04/2005,DWH,TX,ASW,CE,Towers with Radar,0,1,19,0,20,0,4,138,0,142,0,5,157,0,162,70,0,70,232
07/05/2005,DWH,TX,ASW,CE,Towers with Radar,0,2,25,8,35,0,15,156,0,171,0,17,181,8,206,244,0,244,450
07/06/2005,DWH,TX,ASW,CE,Towers with Radar,0,3,25,4,32,0,10,149,2,161,0,13,174,6,193,174,2,176,369
07/07/2005,DWH,TX,ASW,CE,Towers with Radar,0,3,23,0,26,0,6,139,0,145,0,9,162,0,171,324,0,324,495
07/08/2005,DWH,TX,ASW,CE,Towers with Radar,0,2,56,8,66,0,12,224,3,239,0,14,280,11,305,326,0,326,631
07/09/2005,DWH,TX,ASW,CE,Towers with Radar,0,0,31,1,32,0,1,260,0,261,0,1,291,1,293,274,0,274,567
07/10/2005,DWH,TX,ASW,CE,Towers with Radar,0,0,30,0,30,0,2,237,4,243,0,2,267,4,273,384,0,384,657
07/11/2005,DWH,TX,ASW,CE,Towers with Radar,0,1,19,3,23,0,4,191,1,196,0,5,210,4,219,386,0,386,605
07/12/2005,DWH,TX,ASW,CE,Towers with Radar,0,3,31,0,34,0,5,138,5,148,0,8,169,5,182,310,0,310,492
07/13/2005,DWH,TX,ASW,CE,Towers with Radar,0,1,20,6,27,0,9,124,1,134,0,10,144,7,161,270,0,270,431
07/14/2005,DWH,TX,ASW,CE,Towers with Radar,0,6,37,4,47,0,9,113,2,124,0,15,150,6,171,246,0,246,417
07/15/2005,DWH,TX,ASW,CE,Towers with Radar,0,1,31,0,32,0,2,83,0,85,0,3,114,0,117,28,0,28,145
07/16/2005,DWH,TX,ASW,CE,Towers with Radar,0,0,24,0,24,0,4,187,0,191,0,4,211,0,215,430,0,430,645
07/17/2005,DWH,TX,ASW,CE,Towers with Radar,0,2,27,0,29,0,11,93,0,104,0,13,120,0,133,218,0,218,351
07/18/2005,DWH,TX,ASW,CE,Towers with Radar,0,3,26,8,37,0,7,128,2,137,0,10,154,10,174,324,0,324,498
07/19/2005,DWH,TX,ASW,CE,Towers with Radar,0,1,24,0,25,0,7,179,0,186,0,8,203,0,211,242,0,242,453
07/20/2005,DWH,TX,ASW,CE,Towers with Radar,0,3,18,3,24,0,10,91,2,103,0,13,109,5,127,168,2,170,297
07/21/2005,DWH,TX,ASW,CE,Towers with Radar,0,4,19,5,28,0,9,196,1,206,0,13,215,6,234,160,0,160,394
07/22/2005,DWH,TX,ASW,CE,Towers with Radar,0,5,44,4,53,0,7,217,10,234,0,12,261,14,287,208,0,208,495
07/23/2005,DWH,TX,ASW,CE,Towers with Radar,0,2,34,0,36,0,11,326,0,337,0,13,360,0,373,416,0,416,789
07/24/2005,DWH,TX,ASW,CE,Towers with Radar,0,1,25,3,29,0,1,247,0,248,0,2,272,3,277,304,12,316,593
07/25/2005,DWH,TX,ASW,CE,Towers with Radar,0,1,24,1,26,0,3,185,3,191,0,4,209,4,217,262,0,262,479
07/26/2005,DWH,TX,ASW,CE,Towers with Radar,0,2,28,0,30,0,6,188,0,194,0,8,216,0,224,516,0,516,740
07/27/2005,DWH,TX,ASW,CE,Towers with Radar,0,6,35,7,48,0,7,214,1,222,0,13,249,8,270,328,0,328,598
07/28/2005,DWH,TX,ASW,CE,Towers with Radar,0,3,28,0,31,0,2,252,0,254,0,5,280,0,285,434,0,434,719
07/29/2005,DWH,TX,ASW,CE,Towers with Radar,0,4,27,8,39,0,1,247,2,250,0,5,274,10,289,386,0,386,675
07/30/2005,DWH,TX,ASW,CE,Towers with Radar,0,2,25,0,27,0,3,326,0,329,0,5,351,0,356,384,0,384,740
07/31/2005,DWH,TX,ASW,CE,Towers with Radar,0,3,30,3,36,0,6,287,1,294,0,9,317,4,330,310,14,324,654
08/01/2005,DWH,TX,ASW,CE,Towers with Radar,0,0,27,1,28,0,0,211,1,212,0,0,238,2,240,266,0,266,506
08/02/2005,DWH,TX,ASW,CE,Towers with Radar,0,2,32,2,36,0,7,204,0,211,0,9,236,2,247,340,0,340,587
08/03/2005,DWH,TX,ASW,CE,Towers with Radar,0,3,39,2,44,0,7,203,1,211,0,10,242,3,255,340,0,340,595
08/04/2005,DWH,TX,ASW,CE,Towers with Radar,0,2,26,4,32,0,3,303,0,306,0,5,329,4,338,502,0,502,840
08/05/2005,DWH,TX,ASW,CE,Towers with Radar,0,1,25,2,28,0,10,333,0,343,0,11,358,2,371,452,0,452,823
08/06/2005,DWH,TX,ASW,CE,Towers with Radar,0,3,11,5,19,0,1,280,0,281,0,4,291,5,300,206,0,206,506
08/07/2005,DWH,TX,ASW,CE,Towers with Radar,0,4,27,0,31,0,4,253,0,257,0,8,280,0,288,294,0,294,582
08/08/2005,DWH,TX,ASW,CE,Towers with Radar,0,1,27,4,32,0,3,147,2,152,0,4,174,6,184,146,0,146,330
08/09/2005,DWH,TX,ASW,CE,Towers with Radar,0,2,33,3,38,0,5,90,1,96,0,7,123,4,134,260,0,260,394
08/10/2005,DWH,TX,ASW,CE,Towers with Radar,0,1,21,3,25,0,8,180,0,188,0,9,201,3,213,482,0,482,695
08/11/2005,DWH,TX,ASW,CE,Towers with Radar,0,3,25,7,35,0,9,235,1,245,0,12,260,8,280,336,4,340,620
08/12/2005,DWH,TX,ASW,CE,Towers with Radar,0,0,34,15,49,0,11,303,4,318,0,11,337,19,367,356,0,356,723
08/13/2005,DWH,TX,ASW,CE,Towers with Radar,0,0,38,0,38,0,2,374,0,376,0,2,412,0,414,494,0,494,908
08/14/2005,DWH,TX,ASW,CE,Towers with Radar,0,0,23,0,23,0,2,150,0,152,0,2,173,0,175,266,0,266,441
08/15/2005,DWH,TX,ASW,CE,Towers with Radar,0,3,32,6,41,0,5,168,0,173,0,8,200,6,214,220,0,220,434
08/16/2005,DWH,TX,ASW,CE,Towers with Radar,0,3,27,2,32,0,9,183,1,193,0,12,210,3,225,452,0,452,677
08/17/2005,DWH,TX,ASW,CE,Towers with Radar,0,5,29,0,34,0,5,188,1,194,0,10,217,1,228,248,0,248,476
08/18/2005,DWH,TX,ASW,CE,Towers with Radar,0,2,33,11,46,0,5,251,3,259,0,7,284,14,305,430,0,430,735
08/19/2005,DWH,TX,ASW,CE,Towers with Radar,0,2,30,7,39,0,14,299,1,314,0,16,329,8,353,402,4,406,759
08/20/2005,DWH,TX,ASW,CE,Towers with Radar,0,0,34,2,36,0,1,391,0,392,0,1,425,2,428,474,0,474,902
08/21/2005,DWH,TX,ASW,CE,Towers with Radar,0,1,17,9,27,0,5,265,0,270,0,6,282,9,297,254,0,254,551
08/22/2005,DWH,TX,ASW,CE,Towers with Radar,0,1,29,7,37,0,16,206,3,225,0,17,235,10,262,194,0,194,456
08/23/2005,DWH,TX,ASW,CE,Towers with Radar,0,1,23,9,33,0,6,221,1,228,0,7,244,10,261,460,8,468,729
08/24/2005,DWH,TX,ASW,CE,Towers with Radar,0,4,27,10,41,0,15,211,0,226,0,19,238,10,267,432,0,432,699
08/25/2005,DWH,TX,ASW,CE,Towers with Radar,0,2,28,3,33,0,7,240,0,247,0,9,268,3,280,410,0,410,690
08/26/2005,DWH,TX,ASW,CE,Towers with Radar,0,0,43,6,49,0,1,314,6,321,0,1,357,12,370,364,6,370,740
08/27/2005,DWH,TX,ASW,CE,Towers with Radar,0,2,38,0,40,0,0,334,0,334,0,2,372,0,374,424,0,424,798
08/28/2005,DWH,TX,ASW,CE,Towers with Radar,0,0,26,1,27,0,2,247,0,249,0,2,273,1,276,298,0,298,574
08/29/2005,DWH,TX,ASW,CE,Towers with Radar,0,1,28,2,31,0,7,180,0,187,0,8,208,2,218,160,0,160,378
08/30/2005,DWH,TX,ASW,CE,Towers with Radar,0,5,28,11,44,0,8,194,2,204,0,13,222,13,248,276,0,276,524
08/31/2005,DWH,TX,ASW,CE,Towers with Radar,0,1,45,17,63,0,0,221,6,227,0,1,266,23,290,236,0,236,526
09/01/2005,DWH,TX,ASW,CE,Towers with Radar,0,7,47,0,54,0,4,200,0,204,0,11,247,0,258,242,0,242,500
09/02/2005,DWH,TX,ASW,CE,Towers with Radar,0,2,43,2,47,0,7,209,0,216,0,9,252,2,263,192,0,192,455
09/03/2005,DWH,TX,ASW,CE,Towers with Radar,0,0,16,0,16,0,5,193,0,198,0,5,209,0,214,440,0,440,654
09/04/2005,DWH,TX,ASW,CE,Towers with Radar,0,0,29,3,32,0,9,260,3,272,0,9,289,6,304,352,0,352,656
09/05/2005,DWH,TX,ASW,CE,Towers with Radar,0,8,34,1,43,0,6,264,2,272,0,14,298,3,315,210,0,210,525
09/06/2005,DWH,TX,ASW,CE,Towers with Radar,0,4,35,0,39,0,10,174,4,188,0,14,209,4,227,212,8,220,447
09/07/2005,DWH,TX,ASW,CE,Towers with Radar,0,5,33,3,41,0,12,218,2,232,0,17,251,5,273,214,0,214,487
09/08/2005,DWH,TX,ASW,CE,Towers with Radar,0,5,41,5,51,0,8,195,2,205,0,13,236,7,256,286,32,318,574
09/09/2005,DWH,TX,ASW,CE,Towers with Radar,0,13,49,2,64,0,6,263,2,271,0,19,312,4,335,398,0,398,733
09/10/2005,DWH,TX,ASW,CE,Towers with Radar,0,0,30,1,31,0,6,177,2,185,0,6,207,3,216,248,0,248,464
09/11/2005,DWH,TX,ASW,CE,Towers with Radar,0,0,28,1,29,0,3,254,0,257,0,3,282,1,286,262,0,262,548
09/12/2005,DWH,TX,ASW,CE,Towers with Radar,0,3,15,9,27,0,8,138,5,151,0,11,153,14,178,242,0,242,420
09/13/2005,DWH,TX,ASW,CE,Towers with Radar,0,5,30,3,38,0,8,154,2,164,0,13,184,5,202,352,0,352,554
09/14/2005,DWH,TX,ASW,CE,Towers with Radar,0,2,19,3,24,0,4,198,3,205,0,6,217,6,229,380,0,380,609
09/15/2005,DWH,TX,ASW,CE,Towers with Radar,0,3,43,8,54,0,18,204,2,224,0,21,247,10,278,358,0,358,636
09/16/2005,DWH,TX,ASW,CE,Towers with Radar,0,2,54,0,56,0,8,206,0,214,0,10,260,0,270,498,0,498,768
09/17/2005,DWH,TX,ASW,CE,Towers with Radar,0,0,40,0,40,0,2,284,0,286,0,2,324,0,326,380,0,380,706
09/18/2005,DWH,TX,ASW,CE,Towers with Radar,0,1,20,1,22,0,4,261,0,265,0,5,281,1,287,436,0,436,723
09/19/2005,DWH,TX,ASW,CE,Towers with Radar,0,3,27,6,36,0,8,145,5,158,0,11,172,11,194,110,16,126,320
09/20/2005,DWH,TX,ASW,CE,Towers with Radar,0,5,36,7,48,0,8,157,4,169,0,13,193,11,217,190,0,190,407
09/21/2005,DWH,TX,ASW,CE,Towers with Radar,0,1,46,22,69,0,15,230,7,252,0,16,276,29,321,72,34,106,427
09/22/2005,DWH,TX,ASW,CE,Towers with Radar,0,34,152,1,187,0,18,476,0,494,0,52,628,1,681,4,0,4,685
09/23/2005,DWH,TX,ASW,CE,Towers with Radar,0,4,33,0,37,0,0,52,0,52,0,4,85,0,89,0,0,0,89
09/24/2005,DWH,TX,ASW,CE,Towers with Radar,0,0,0,0,0,0,0,0,0,0,0,0,0,0,0,0,0,0,0
09/25/2005,DWH,TX,ASW,CE,Towers with Radar,0,7,59,0,66,0,4,245,0,249,0,11,304,0,315,18,0,18,333
09/26/2005,DWH,TX,ASW,CE,Towers with Radar,0,10,38,0,48,0,10,188,0,198,0,20,226,0,246,92,0,92,338
09/27/2005,DWH,TX,ASW,CE,Towers with Radar,0,4,40,6,50,0,20,175,0,195,0,24,215,6,245,128,2,130,375
09/28/2005,DWH,TX,ASW,CE,Towers with Radar,0,1,40,2,43,0,21,167,2,190,0,22,207,4,233,238,0,238,471
09/29/2005,DWH,TX,ASW,CE,Towers with Radar,0,0,34,0,34,0,9,143,0,152,0,9,177,0,186,262,0,262,448
09/30/2005,DWH,TX,ASW,CE,Towers with Radar,0,0,30,0,30,0,11,309,0,320,0,11,339,0,350,526,0,526,876
10/01/2005,DWH,TX,ASW,CE,Towers with Radar,0,0,23,0,23,0,3,260,0,263,0,3,283,0,286,380,0,380,666
10/02/2005,DWH,TX,ASW,CE,Towers with Radar,0,2,31,0,33,0,2,171,0,173,0,4,202,0,206,328,0,328,534
10/03/2005,DWH,TX,ASW,CE,Towers with Radar,0,5,17,3,25,0,8,150,2,160,0,13,167,5,185,214,0,214,399
10/04/2005,DWH,TX,ASW,CE,Towers with Radar,0,1,25,7,33,0,12,155,0,167,0,13,180,7,200,194,0,194,394
10/05/2005,DWH,TX,ASW,CE,Towers with Radar,0,5,36,6,47,0,21,158,2,181,0,26,194,8,228,426,0,426,654
10/06/2005,DWH,TX,ASW,CE,Towers with Radar,0,3,29,6,38,0,10,243,0,253,0,13,272,6,291,374,0,374,665
10/07/2005,DWH,TX,ASW,CE,Towers with Radar,0,2,61,21,84,0,8,297,2,307,0,10,358,23,391,404,2,406,797
10/08/2005,DWH,TX,ASW,CE,Towers with Radar,0,0,28,0,28,0,5,313,1,319,0,5,341,1,347,469,0,469,816
10/09/2005,DWH,TX,ASW,CE,Towers with Radar,0,2,47,2,51,0,7,333,0,340,0,9,380,2,391,400,0,400,791
10/10/2005,DWH,TX,ASW,CE,Towers with Radar,0,4,23,3,30,0,6,23,2,31,0,10,46,5,61,132,0,132,193
10/11/2005,DWH,TX,ASW,CE,Towers with Radar,0,3,39,2,44,0,11,151,6,168,0,14,190,8,212,298,2,300,512
10/12/2005,DWH,TX,ASW,CE,Towers with Radar,0,9,44,2,55,0,14,221,0,235,0,23,265,2,290,432,0,432,722
10/13/2005,DWH,TX,ASW,CE,Towers with Radar,0,6,34,2,42,0,6,241,2,249,0,12,275,4,291,306,0,306,597
10/14/2005,DWH,TX,ASW,CE,Towers with Radar,0,1,38,4,43,0,3,307,0,310,0,4,345,4,353,400,0,400,753
10/15/2005,DWH,TX,ASW,CE,Towers with Radar,0,0,35,0,35,0,3,305,1,309,0,3,340,1,344,364,0,364,708
10/16/2005,DWH,TX,ASW,CE,Towers with Radar,0,3,45,3,51,0,2,326,0,328,0,5,371,3,379,498,0,498,877
10/17/2005,DWH,TX,ASW,CE,Towers with Radar,0,1,27,3,31,0,5,199,3,207,0,6,226,6,238,274,0,274,512
10/18/2005,DWH,TX,ASW,CE,Towers with Radar,0,2,36,0,38,0,5,217,0,222,0,7,253,0,260,340,0,340,600
10/19/2005,DWH,TX,ASW,CE,Towers with Radar,0,7,25,13,45,0,6,225,4,235,0,13,250,17,280,558,18,576,856
10/20/2005,DWH,TX,ASW,CE,Towers with Radar,0,4,39,11,54,0,5,290,2,297,0,9,329,13,351,482,2,484,835
10/21/2005,DWH,TX,ASW,CE,Towers with Radar,0,2,21,5,28,0,13,279,14,306,0,15,300,19,334,514,0,514,848
10/22/2005,DWH,TX,ASW,CE,Towers with Radar,0,1,33,3,37,0,3,382,0,385,0,4,415,3,422,526,0,526,948
10/23/2005,DWH,TX,ASW,CE,Towers with Radar,0,2,30,6,38,0,4,223,0,227,0,6,253,6,265,262,0,262,527
10/24/2005,DWH,TX,ASW,CE,Towers with Radar,0,0,12,13,25,0,3,177,1,181,0,3,189,14,206,160,18,178,384
10/25/2005,DWH,TX,ASW,CE,Towers with Radar,0,2,36,7,45,0,1,239,0,240,0,3,275,7,285,530,0,530,815
10/26/2005,DWH,TX,ASW,CE,Towers with Radar,0,3,41,5,49,0,4,170,2,176,0,7,211,7,225,324,20,344,569
10/27/2005,DWH,TX,ASW,CE,Towers with Radar,0,6,23,0,29,0,6,208,3,217,0,12,231,3,246,314,0,314,560
10/28/2005,DWH,TX,ASW,CE,Towers with Radar,0,6,28,3,37,0,0,255,1,256,0,6,283,4,293,306,0,306,599
10/29/2005,DWH,TX,ASW,CE,Towers with Radar,0,0,12,9,21,0,0,287,0,287,0,0,299,9,308,294,0,294,602
10/30/2005,DWH,TX,ASW,CE,Towers with Radar,0,4,47,5,56,0,2,195,0,197,0,6,242,5,253,292,0,292,545
10/31/2005,DWH,TX,ASW,CE,Towers with Radar,0,0,13,5,18,0,7,55,0,62,0,7,68,5,80,70,0,70,150
11/01/2005,DWH,TX,ASW,CE,Towers with Radar,0,0,18,4,22,0,2,107,0,109,0,2,125,4,131,144,16,160,291
11/02/2005,DWH,TX,ASW,CE,Towers with Radar,0,0,35,17,52,0,5,177,2,184,0,5,212,19,236,470,16,486,722
11/03/2005,DWH,TX,ASW,CE,Towers with Radar,0,0,34,13,47,0,3,198,5,206,0,3,232,18,253,332,8,340,593
11/04/2005,DWH,TX,ASW,CE,Towers with Radar,0,4,30,14,48,0,7,236,2,245,0,11,266,16,293,368,16,384,677
11/05/2005,DWH,TX,ASW,CE,Towers with Radar,0,0,46,0,46,0,5,346,0,351,0,5,392,0,397,440,0,440,837
11/06/2005,DWH,TX,ASW,CE,Towers with Radar,0,2,40,0,42,0,0,179,0,179,0,2,219,0,221,334,0,334,555
11/07/2005,DWH,TX,ASW,CE,Towers with Radar,0,5,45,11,61,0,4,106,3,113,0,9,151,14,174,142,46,188,362
11/08/2005,DWH,TX,ASW,CE,Towers with Radar,0,3,48,7,58,0,3,121,0,124,0,6,169,7,182,454,0,454,636
11/09/2005,DWH,TX,ASW,CE,Towers with Radar,0,1,28,13,42,0,7,191,1,199,0,8,219,14,241,508,0,508,749
11/10/2005,DWH,TX,ASW,CE,Towers with Radar,0,3,42,9,54,0,6,168,0,174,0,9,210,9,228,384,2,386,614
11/11/2005,DWH,TX,ASW,CE,Towers with Radar,0,2,39,6,47,0,2,193,0,195,0,4,232,6,242,346,4,350,592
11/12/2005,DWH,TX,ASW,CE,Towers with Radar,0,0,39,0,39,0,3,227,0,230,0,3,266,0,269,498,0,498,767
11/13/2005,DWH,TX,ASW,CE,Towers with Radar,0,4,42,2,48,0,2,237,2,241,0,6,279,4,289,364,0,364,653
11/14/2005,DWH,TX,ASW,CE,Towers with Radar,0,1,24,0,25,0,2,130,0,132,0,3,154,0,157,226,0,226,383
11/15/2005,DWH,TX,ASW,CE,Towers with Radar,0,3,25,5,33,0,2,36,1,39,0,5,61,6,72,146,0,146,218
11/16/2005,DWH,TX,ASW,CE,Towers with Radar,0,5,12,10,27,0,2,188,2,192,0,7,200,12,219,334,4,338,557
11/17/2005,DWH,TX,ASW,CE,Towers with Radar,0,4,25,1,30,0,4,287,0,291,0,8,312,1,321,428,4,432,753
11/18/2005,DWH,TX,ASW,CE,Towers with Radar,0,1,41,4,46,0,3,252,1,256,0,4,293,5,302,440,12,452,754
11/19/2005,DWH,TX,ASW,CE,Towers with Radar,0,0,26,0,26,0,4,257,0,261,0,4,283,0,287,438,0,438,725
11/20/2005,DWH,TX,ASW,CE,Towers with Radar,0,2,22,0,24,0,0,236,0,236,0,2,258,0,260,322,0,322,582
11/21/2005,DWH,TX,ASW,CE,Towers with Radar,0,9,17,11,37,0,8,195,0,203,0,17,212,11,240,196,0,196,436
11/22/2005,DWH,TX,ASW,CE,Towers with Radar,0,2,24,6,32,0,2,242,1,245,0,4,266,7,277,468,0,468,745
11/23/2005,DWH,TX,ASW,CE,Towers with Radar,0,2,40,7,49,0,0,211,1,212,0,2,251,8,261,250,0,250,511
11/24/2005,DWH,TX,ASW,CE,Towers with Radar,0,0,13,0,13,0,7,141,0,148,0,7,154,0,161,260,0,260,421
11/25/2005,DWH,TX,ASW,CE,Towers with Radar,0,1,41,0,42,0,2,54,0,56,0,3,95,0,98,120,0,120,218
11/26/2005,DWH,TX,ASW,CE,Towers with Radar,0,0,34,0,34,0,2,26,0,28,0,2,60,0,62,50,0,50,112
11/27/2005,DWH,TX,ASW,CE,Towers with Radar,0,0,35,0,35,0,2,73,0,75,0,2,108,0,110,22,0,22,132
11/28/2005,DWH,TX,ASW,CE,Towers with Radar,0,3,16,8,27,0,2,195,0,197,0,5,211,8,224,294,12,306,530
11/29/2005,DWH,TX,ASW,CE,Towers with Radar,0,3,30,2,35,0,11,201,0,212,0,14,231,2,247,530,0,530,777
11/30/2005,DWH,TX,ASW,CE,Towers with Radar,0,5,40,5,50,0,6,200,1,207,0,11,240,6,257,436,0,436,693
12/01/2005,DWH,TX,ASW,CE,Towers with Radar,0,6,26,2,34,0,6,180,0,186,0,12,206,2,220,310,6,316,536
12/02/2005,DWH,TX,ASW,CE,Towers with Radar,0,2,70,11,83,0,7,241,7,255,0,9,311,18,338,302,42,344,682
12/03/2005,DWH,TX,ASW,CE,Towers with Radar,0,3,36,0,39,0,6,163,0,169,0,9,199,0,208,254,0,254,462
12/04/2005,DWH,TX,ASW,CE,Towers with Radar,0,1,37,9,47,0,4,174,0,178,0,5,211,9,225,566,0,566,791
12/05/2005,DWH,TX,ASW,CE,Towers with Radar,0,2,32,2,36,0,5,167,2,174,0,7,199,4,210,154,0,154,364
12/06/2005,DWH,TX,ASW,CE,Towers with Radar,0,5,24,5,34,0,5,151,0,156,0,10,175,5,190,234,0,234,424
12/07/2005,DWH,TX,ASW,CE,Towers with Radar,0,6,39,0,45,0,1,46,0,47,0,7,85,0,92,214,0,214,306
12/08/2005,DWH,TX,ASW,CE,Towers with Radar,0,8,30,4,42,0,6,64,0,70,0,14,94,4,112,122,0,122,234
12/09/2005,DWH,TX,ASW,CE,Towers with Radar,0,5,42,13,60,0,3,290,2,295,0,8,332,15,355,336,6,342,697
12/10/2005,DWH,TX,ASW,CE,Towers with Radar,0,2,79,0,81,0,1,142,0,143,0,3,221,0,224,216,0,216,440
12/11/2005,DWH,TX,ASW,CE,Towers with Radar,0,7,47,8,62,0,4,318,0,322,0,11,365,8,384,436,2,438,822
12/12/2005,DWH,TX,ASW,CE,Towers with Radar,0,4,20,8,32,0,7,217,3,227,0,11,237,11,259,248,0,248,507
12/13/2005,DWH,TX,ASW,CE,Towers with Radar,0,7,28,9,44,0,0,165,1,166,0,7,193,10,210,256,12,268,478
12/14/2005,DWH,TX,ASW,CE,Towers with Radar,0,7,34,0,41,0,8,11,0,19,0,15,45,0,60,12,0,12,72
12/15/2005,DWH,TX,ASW,CE,Towers with Radar,0,0,44,4,48,0,4,250,0,254,0,4,294,4,302,236,0,236,538
12/16/2005,DWH,TX,ASW,CE,Towers with Radar,0,4,47,10,61,0,7,263,3,273,0,11,310,13,334,344,0,344,678
12/17/2005,DWH,TX,ASW,CE,Towers with Radar,0,0,31,0,31,0,8,30,0,38,0,8,61,0,69,8,0,8,77
12/18/2005,DWH,TX,ASW,CE,Towers with Radar,0,5,33,1,39,0,8,295,0,303,0,13,328,1,342,300,0,300,642
12/19/2005,DWH,TX,ASW,CE,Towers with Radar,0,0,17,9,26,0,2,202,11,215,0,2,219,20,241,96,0,96,337
12/20/2005,DWH,TX,ASW,CE,Towers with Radar,0,4,32,4,40,0,13,146,0,159,0,17,178,4,199,172,0,172,371
12/21/2005,DWH,TX,ASW,CE,Towers with Radar,0,1,23,13,37,0,8,166,7,181,0,9,189,20,218,214,0,214,432
12/22/2005,DWH,TX,ASW,CE,Towers with Radar,0,6,47,3,56,0,4,247,1,252,0,10,294,4,308,406,0,406,714
12/23/2005,DWH,TX,ASW,CE,Towers with Radar,0,2,47,0,49,0,6,266,0,272,0,8,313,0,321,192,0,192,513
12/24/2005,DWH,TX,ASW,CE,Towers with Radar,0,1,20,0,21,0,6,138,0,144,0,7,158,0,165,162,0,162,327
12/25/2005,DWH,TX,ASW,CE,Towers with Radar,0,3,4,0,7,0,5,41,0,46,0,8,45,0,53,2,0,2,55
12/26/2005,DWH,TX,ASW,CE,Towers with Radar,0,0,29,0,29,0,3,238,0,241,0,3,267,0,270,268,0,268,538
12/27/2005,DWH,TX,ASW,CE,Towers with Radar,0,3,20,0,23,0,3,68,0,71,0,6,88,0,94,84,0,84,178
12/28/2005,DWH,TX,ASW,CE,Towers with Radar,0,0,38,0,38,0,4,289,1,294,0,4,327,1,332,362,0,362,694
12/29/2005,DWH,TX,ASW,CE,Towers with Radar,0,0,29,6,35,0,3,329,0,332,0,3,358,6,367,412,0,412,779
12/30/2005,DWH,TX,ASW,CE,Towers with Radar,0,3,31,2,36,0,3,197,0,200,0,6,228,2,236,250,0,250,486
12/31/2005,DWH,TX,ASW,CE,Towers with Radar,0,1,11,0,12,0,4,268,0,272,0,5,279,0,284,238,0,238,522
01/01/2006,DWH,TX,ASW,CE,Towers with Radar,0,1,21,0,22,0,10,72,0,82,0,11,93,0,104,98,0,98,202
01/02/2006,DWH,TX,ASW,CE,Towers with Radar,0,3,17,0,20,0,11,255,0,266,0,14,272,0,286,238,0,238,524
01/03/2006,DWH,TX,ASW,CE,Towers with Radar,0,3,20,2,25,0,2,135,0,137,0,5,155,2,162,166,0,166,328
01/04/2006,DWH,TX,ASW,CE,Towers with Radar,0,2,24,7,33,0,2,153,0,155,0,4,177,7,188,334,20,354,542
01/05/2006,DWH,TX,ASW,CE,Towers with Radar,0,5,25,12,42,0,8,205,2,215,0,13,230,14,257,140,4,144,401
01/06/2006,DWH,TX,ASW,CE,Towers with Radar,0,4,29,14,47,0,8,274,6,288,0,12,303,20,335,316,0,316,651
01/07/2006,DWH,TX,ASW,CE,Towers with Radar,0,2,20,11,33,0,5,328,0,333,0,7,348,11,366,286,0,286,652
01/08/2006,DWH,TX,ASW,CE,Towers with Radar,0,1,29,2,32,0,2,282,0,284,0,3,311,2,316,272,0,272,588
01/09/2006,DWH,TX,ASW,CE,Towers with Radar,0,0,27,10,37,0,1,217,0,218,0,1,244,10,255,162,10,172,427
01/10/2006,DWH,TX,ASW,CE,Towers with Radar,0,6,37,14,57,0,5,248,5,258,0,11,285,19,315,292,12,304,619
01/11/2006,DWH,TX,ASW,CE,Towers with Radar,0,7,32,6,45,0,5,294,0,299,0,12,326,6,344,200,2,202,546
01/12/2006,DWH,TX,ASW,CE,Towers with Radar,0,0,38,6,44,0,4,147,1,152,0,4,185,7,196,262,0,262,458
01/13/2006,DWH,TX,ASW,CE,Towers with Radar,0,1,18,18,37,0,2,199,2,203,0,3,217,20,240,148,14,162,402
01/14/2006,DWH,TX,ASW,CE,Towers with Radar,0,0,20,0,20,0,3,318,0,321,0,3,338,0,341,512,0,512,853
01/15/2006,DWH,TX,ASW,CE,Towers with Radar,0,1,32,5,38,0,3,236,0,239,0,4,268,5,277,274,0,274,551
01/16/2006,DWH,TX,ASW,CE,Towers with Radar,0,1,30,3,34,0,4,54,2,60,0,5,84,5,94,110,0,110,204
01/17/2006,DWH,TX,ASW,CE,Towers with Radar,0,3,19,4,26,0,14,94,1,109,0,17,113,5,135,6,2,8,143
01/18/2006,DWH,TX,ASW,CE,Towers with Radar,0,0,24,4,28,0,5,208,1,214,0,5,232,5,242,162,6,168,410
01/19/2006,DWH,TX,ASW,CE,Towers with Radar,0,4,22,12,38,0,4,175,1,180,0,8,197,13,218,154,0,154,372
01/20/2006,DWH,TX,ASW,CE,Towers with Radar,0,0,45,14,59,0,2,160,1,163,0,2,205,15,222,228,0,228,450
01/21/2006,DWH,TX,ASW,CE,Towers with Radar,0,0,35,0,35,0,2,272,0,274,0,2,307,0,309,374,0,374,683
01/22/2006,DWH,TX,ASW,CE,Towers with Radar,0,0,23,0,23,0,0,4,0,4,0,0,27,0,27,0,0,0,27
01/23/2006,DWH,TX,ASW,CE,Towers with Radar,0,4,47,4,55,0,4,58,0,62,0,8,105,4,117,192,0,192,309
01/24/2006,DWH,TX,ASW,CE,Towers with Radar,0,3,38,5,46,0,8,255,0,263,0,11,293,5,309,326,6,332,641
01/25/2006,DWH,TX,ASW,CE,Towers with Radar,0,1,31,2,34,0,5,253,0,258,0,6,284,2,292,228,0,228,520
01/26/2006,DWH,TX,ASW,CE,Towers with Radar,0,1,47,11,59,0,1,248,1,250,0,2,295,12,309,254,0,254,563
01/27/2006,DWH,TX,ASW,CE,Towers with Radar,0,0,34,5,39,0,5,223,2,230,0,5,257,7,269,298,0,298,567
01/28/2006,DWH,TX,ASW,CE,Towers with Radar,0,1,17,2,20,0,4,38,0,42,0,5,55,2,62,88,0,88,150
01/29/2006,DWH,TX,ASW,CE,Towers with Radar,0,0,49,3,52,0,2,387,1,390,0,2,436,4,442,472,0,472,914
01/30/2006,DWH,TX,ASW,CE,Towers with Radar,0,9,33,0,42,0,12,190,3,205,0,21,223,3,247,172,6,178,425
01/31/2006,DWH,TX,ASW,CE,Towers with Radar,0,1,19,8,28,0,7,272,8,287,0,8,291,16,315,280,8,288,603
02/01/2006,DWH,TX,ASW,CE,Towers with Radar,0,1,31,2,34,0,5,85,0,90,0,6,116,2,124,316,0,316,440
02/02/2006,DWH,TX,ASW,CE,Towers with Radar,0,2,50,7,59,0,5,200,5,210,0,7,250,12,269,208,0,208,477
02/03/2006,DWH,TX,ASW,CE,Towers with Radar,0,4,28,21,53,0,3,206,9,218,0,7,234,30,271,234,0,234,505
02/04/2006,DWH,TX,ASW,CE,Towers with Radar,0,1,25,4,30,0,0,302,2,304,0,1,327,6,334,394,0,394,728
02/05/2006,DWH,TX,ASW,CE,Towers with Radar,0,4,26,2,32,0,3,224,0,227,0,7,250,2,259,314,0,314,573
02/06/2006,DWH,TX,ASW,CE,Towers with Radar,0,2,24,9,35,0,5,143,0,148,0,7,167,9,183,196,0,196,379
02/07/2006,DWH,TX,ASW,CE,Towers with Radar,0,2,27,13,42,0,4,223,1,228,0,6,250,14,270,266,6,272,542
02/08/2006,DWH,TX,ASW,CE,Towers with Radar,0,3,42,18,63,0,0,289,0,289,0,3,331,18,352,306,0,306,658
02/09/2006,DWH,TX,ASW,CE,Towers with Radar,0,2,29,14,45,0,3,236,1,240,0,5,265,15,285,262,0,262,547
02/10/2006,DWH,TX,ASW,CE,Towers with Radar,0,0,31,0,31,0,4,0,0,4,0,4,31,0,35,0,0,0,35
02/11/2006,DWH,TX,ASW,CE,Towers with Radar,0,0,39,0,39,0,2,178,2,182,0,2,217,2,221,188,0,188,409
02/12/2006,DWH,TX,ASW,CE,Towers with Radar,0,1,32,0,33,0,2,332,2,336,0,3,364,2,369,534,0,534,903
02/13/2006,DWH,TX,ASW,CE,Towers with Radar,0,3,34,3,40,0,5,246,3,254,0,8,280,6,294,390,0,390,684
02/14/2006,DWH,TX,ASW,CE,Towers with Radar,0,0,28,0,28,0,6,229,0,235,0,6,257,0,263,336,0,336,599
02/15/2006,DWH,TX,ASW,CE,Towers with Radar,0,0,48,9,57,0,20,211,1,232,0,20,259,10,289,282,0,282,571
02/16/2006,DWH,TX,ASW,CE,Towers with Radar,0,2,33,10,45,0,4,168,2,174,0,6,201,12,219,154,0,154,373
02/17/2006,DWH,TX,ASW,CE,Towers with Radar,0,3,63,10,76,0,1,11,0,12,0,4,74,10,88,106,0,106,194
02/18/2006,DWH,TX,ASW,CE,Towers with Radar,0,0,25,7,32,0,0,7,0,7,0,0,32,7,39,72,4,76,115
02/19/2006,DWH,TX,ASW,CE,Towers with Radar,0,2,28,0,30,0,0,4,0,4,0,2,32,0,34,6,0,6,40
02/20/2006,DWH,TX,ASW,CE,Towers with Radar,0,2,37,2,41,0,5,42,0,47,0,7,79,2,88,208,0,208,296
02/21/2006,DWH,TX,ASW,CE,Towers with Radar,0,0,36,0,36,0,0,1,0,1,0,0,37,0,37,6,0,6,43
02/22/2006,DWH,TX,ASW,CE,Towers with Radar,0,0,26,2,28,0,1,47,0,48,0,1,73,2,76,80,0,80,156
02/23/2006,DWH,TX,ASW,CE,Towers with Radar,0,5,30,4,39,0,2,246,1,249,0,7,276,5,288,372,0,372,660
02/24/2006,DWH,TX,ASW,CE,Towers with Radar,0,7,56,19,82,0,3,112,14,129,0,10,168,33,211,304,16,320,531
02/25/2006,DWH,TX,ASW,CE,Towers with Radar,0,1,15,0,16,0,2,13,0,15,0,3,28,0,31,4,0,4,35
02/26/2006,DWH,TX,ASW,CE,Towers with Radar,0,3,34,2,39,0,5,397,2,404,0,8,431,4,443,486,0,486,929
02/27/2006,DWH,TX,ASW,CE,Towers with Radar,0,5,36,1,42,0,36,275,6,317,0,41,311,7,359,286,18,304,663
02/28/2006,DWH,TX,ASW,CE,Towers with Radar,0,6,40,5,51,0,4,259,1,264,0,10,299,6,315,534,2,536,851
03/01/2006,DWH,TX,ASW,CE,Towers with Radar,0,2,41,2,45,0,7,287,0,294,0,9,328,2,339,500,0,500,839
03/02/2006,DWH,TX,ASW,CE,Towers with Radar,0,2,33,3,38,0,7,242,0,249,0,9,275,3,287,628,0,628,915
03/03/2006,DWH,TX,ASW,CE,Towers with Radar,0,0,40,3,43,0,5,189,2,196,0,5,229,5,239,374,0,374,613
03/04/2006,DWH,TX,ASW,CE,Towers with Radar,0,4,35,2,41,0,5,423,0,428,0,9,458,2,469,528,6,534,1003
03/05/2006,DWH,TX,ASW,CE,Towers with Radar,0,3,45,0,48,0,3,190,0,193,0,6,235,0,241,352,0,352,593
03/06/2006,DWH,TX,ASW,CE,Towers with Radar,0,5,31,4,40,0,0,208,1,209,0,5,239,5,249,416,0,416,665
03/07/2006,DWH,TX,ASW,CE,Towers with Radar,0,4,33,7,44,0,2,148,1,151,0,6,181,8,195,356,0,356,551
03/08/2006,DWH,TX,ASW,CE,Towers with Radar,0,4,40,9,53,0,13,132,3,148,0,17,172,12,201,166,0,166,367
03/09/2006,DWH,TX,ASW,CE,Towers with Radar,0,4,32,0,36,0,7,92,0,99,0,11,124,0,135,274,0,274,409
03/10/2006,DWH,TX,ASW,CE,Towers with Radar,0,3,28,3,34,0,2,113,0,115,0,5,141,3,149,544,6,550,699
03/11/2006,DWH,TX,ASW,CE,Towers with Radar,0,0,27,0,27,0,7,175,0,182,0,7,202,0,209,384,0,384,593
03/12/2006,DWH,TX,ASW,CE,Towers with Radar,0,7,40,4,51,0,5,147,0,152,0,12,187,4,203,298,6,304,507
03/13/2006,DWH,TX,ASW,CE,Towers with Radar,0,3,35,1,39,0,4,177,0,181,0,7,212,1,220,104,0,104,324
03/14/2006,DWH,TX,ASW,CE,Towers with Radar,0,1,29,2,32,0,3,291,0,294,0,4,320,2,326,490,0,490,816
03/15/2006,DWH,TX,ASW,CE,Towers with Radar,0,0,24,1,25,0,1,170,0,171,0,1,194,1,196,366,0,366,562
03/16/2006,DWH,TX,ASW,CE,Towers with Radar,0,4,62,0,66,0,1,10,0,11,0,5,72,0,77,272,0,272,349
03/17/2006,DWH,TX,ASW,CE,Towers with Radar,0,7,37,9,53,0,4,235,2,241,0,11,272,11,294,360,2,362,656
03/18/2006,DWH,TX,ASW,CE,Towers with Radar,0,3,39,0,42,0,4,180,0,184,0,7,219,0,226,292,0,292,518
03/19/2006,DWH,TX,ASW,CE,Towers with Radar,0,13,22,0,35,0,2,97,0,99,0,15,119,0,134,248,0,248,382
03/20/2006,DWH,TX,ASW,CE,Towers with Radar,0,5,14,2,21,0,2,144,1,147,0,7,158,3,168,292,6,298,466
03/21/2006,DWH,TX,ASW,CE,Towers with Radar,0,1,24,4,29,0,7,291,0,298,0,8,315,4,327,558,2,560,887
03/22/2006,DWH,TX,ASW,CE,Towers with Radar,0,0,47,4,51,0,9,222,0,231,0,9,269,4,282,518,0,518,800
03/23/2006,DWH,TX,ASW,CE,Towers with Radar,0,1,23,0,24,0,0,107,0,107,0,1,130,0,131,212,6,218,349
03/24/2006,DWH,TX,ASW,CE,Towers with Radar,0,1,23,0,24,0,3,272,0,275,0,4,295,0,299,586,0,586,885
03/25/2006,DWH,TX,ASW,CE,Towers with Radar,0,8,35,0,43,0,3,467,0,470,0,11,502,0,513,697,0,697,1210
03/26/2006,DWH,TX,ASW,CE,Towers with Radar,0,1,23,0,24,0,9,311,0,320,0,10,334,0,344,366,1,367,711
03/27/2006,DWH,TX,ASW,CE,Towers with Radar,0,2,35,2,39,0,6,180,0,186,0,8,215,2,225,474,0,474,699
03/28/2006,DWH,TX,ASW,CE,Towers with Radar,0,0,19,0,19,0,7,22,0,29,0,7,41,0,48,122,0,122,170
03/29/2006,DWH,TX,ASW,CE,Towers with Radar,0,1,27,0,28,0,2,31,0,33,0,3,58,0,61,262,0,262,323
03/30/2006,DWH,TX,ASW,CE,Towers with Radar,0,1,48,3,52,0,5,140,2,147,0,6,188,5,199,280,12,292,491
03/31/2006,DWH,TX,ASW,CE,Towers with Radar,0,1,40,0,41,0,4,181,0,185,0,5,221,0,226,684,10,694,920
04/01/2006,DWH,TX,ASW,CE,Towers with Radar,0,0,39,0,39,0,9,263,0,272,0,9,302,0,311,638,0,638,949
04/02/2006,DWH,TX,ASW,CE,Towers with Radar,0,1,40,0,41,0,2,316,0,318,0,3,356,0,359,464,0,464,823
04/03/2006,DWH,TX,ASW,CE,Towers with Radar,0,2,34,0,36,0,0,218,0,218,0,2,252,0,254,506,0,506,760
04/04/2006,DWH,TX,ASW,CE,Towers with Radar,0,0,49,0,49,0,4,221,0,225,0,4,270,0,274,626,0,626,900
04/05/2006,DWH,TX,ASW,CE,Towers with Radar,0,6,36,1,43,0,1,194,0,195,0,7,230,1,238,445,10,455,693
04/06/2006,DWH,TX,ASW,CE,Towers with Radar,0,2,50,2,54,0,1,72,0,73,0,3,122,2,127,272,0,272,399
04/07/2006,DWH,TX,ASW,CE,Towers with Radar,0,0,42,1,43,0,0,146,0,146,0,0,188,1,189,326,0,326,515
04/08/2006,DWH,TX,ASW,CE,Towers with Radar,0,0,26,1,27,0,7,277,0,284,0,7,303,1,311,372,8,380,691
04/09/2006,DWH,TX,ASW,CE,Towers with Radar,0,0,26,0,26,0,0,311,0,311,0,0,337,0,337,394,0,394,731
04/10/2006,DWH,TX,ASW,CE,Towers with Radar,0,0,43,2,45,0,5,271,0,276,0,5,314,2,321,468,0,468,789
04/11/2006,DWH,TX,ASW,CE,Towers with Radar,0,5,47,0,52,0,3,266,0,269,0,8,313,0,321,662,0,662,983
04/12/2006,DWH,TX,ASW,CE,Towers with Radar,0,1,39,1,41,0,2,178,0,180,0,3,217,1,221,568,0,568,789
04/13/2006,DWH,TX,ASW,CE,Towers with Radar,0,2,29,0,31,0,1,210,0,211,0,3,239,0,242,600,0,600,842
04/14/2006,DWH,TX,ASW,CE,Towers with Radar,0,0,40,0,40,0,1,331,0,332,0,1,371,0,372,768,0,768,1140
04/15/2006,DWH,TX,ASW,CE,Towers with Radar,0,0,47,0,47,0,6,290,0,296,0,6,337,0,343,448,0,448,791
04/16/2006,DWH,TX,ASW,CE,Towers with Radar,0,8,26,0,34,0,4,215,0,219,0,12,241,0,253,266,0,266,519
04/17/2006,DWH,TX,ASW,CE,Towers with Radar,0,0,42,5,47,0,3,259,3,265,0,3,301,8,312,690,12,702,1014
04/18/2006,DWH,TX,ASW,CE,Towers with Radar,0,1,41,12,54,0,13,293,0,306,0,14,334,12,360,694,0,694,1054
04/19/2006,DWH,TX,ASW,CE,Towers with Radar,0,1,52,2,55,0,12,290,1,303,0,13,342,3,358,612,0,612,970
04/20/2006,DWH,TX,ASW,CE,Towers with Radar,0,4,49,5,58,0,6,293,1,300,0,10,342,6,358,776,0,776,1134
04/21/2006,DWH,TX,ASW,CE,Towers with Radar,0,2,30,5,37,0,8,179,0,187,0,10,209,5,224,566,0,566,790
04/22/2006,DWH,TX,ASW,CE,Towers with Radar,0,0,29,2,31,0,7,387,0,394,0,7,416,2,425,614,0,614,1039
04/23/2006,DWH,TX,ASW,CE,Towers with Radar,0,9,87,1,97,0,6,242,1,249,0,15,329,2,346,572,0,572,918
04/24/2006,DWH,TX,ASW,CE,Towers with Radar,0,3,26,1,30,0,1,221,2,224,0,4,247,3,254,540,0,540,794
04/25/2006,DWH,TX,ASW,CE,Towers with Radar,0,8,30,4,42,0,3,153,0,156,0,11,183,4,198,514,0,514,712
04/26/2006,DWH,TX,ASW,CE,Towers with Radar,0,4,78,7,89,0,1,166,2,169,0,5,244,9,258,618,0,618,876
04/27/2006,DWH,TX,ASW,CE,Towers with Radar,0,3,48,4,55,0,6,327,4,337,0,9,375,8,392,690,0,690,1082
04/28/2006,DWH,TX,ASW,CE,Towers with Radar,0,0,31,4,35,0,9,175,4,188,0,9,206,8,223,284,14,298,521
04/29/2006,DWH,TX,ASW,CE,Towers with Radar,0,1,23,1,25,0,6,130,0,136,0,7,153,1,161,294,0,294,455
04/30/2006,DWH,TX,ASW,CE,Towers with Radar,0,1,15,2,18,0,3,377,2,382,0,4,392,4,400,670,0,670,1070
05/01/2006,DWH,TX,ASW,CE,Towers with Radar,0,0,31,7,38,0,7,272,1,280,0,7,303,8,318,606,0,606,924
05/02/2006,DWH,TX,ASW,CE,Towers with Radar,0,4,37,4,45,0,9,262,0,271,0,13,299,4,316,882,0,882,1198
05/03/2006,DWH,TX,ASW,CE,Towers with Radar,0,4,41,10,55,0,9,260,3,272,0,13,301,13,327,808,6,814,1141
05/04/2006,DWH,TX,ASW,CE,Towers with Radar,0,4,28,2,34,0,6,153,0,159,0,10,181,2,193,384,0,384,577
05/05/2006,DWH,TX,ASW,CE,Towers with Radar,0,7,34,3,44,0,2,297,4,303,0,9,331,7,347,700,2,702,1049
05/06/2006,DWH,TX,ASW,CE,Towers with Radar,0,0,32,0,32,0,3,238,1,242,0,3,270,1,274,426,0,426,700
05/07/2006,DWH,TX,ASW,CE,Towers with Radar,0,0,66,0,66,0,1,135,0,136,0,1,201,0,202,330,0,330,532
05/08/2006,DWH,TX,ASW,CE,Towers with Radar,0,0,28,8,36,0,8,140,4,152,0,8,168,12,188,328,0,328,516
05/09/2006,DWH,TX,ASW,CE,Towers with Radar,0,0,46,10,56,0,4,184,1,189,0,4,230,11,245,484,0,484,729
05/10/2006,DWH,TX,ASW,CE,Towers with Radar,0,4,45,5,54,0,7,170,3,180,0,11,215,8,234,610,0,610,844
05/11/2006,DWH,TX,ASW,CE,Towers with Radar,0,2,31,6,39,0,3,316,0,319,0,5,347,6,358,456,0,456,814
05/12/2006,DWH,TX,ASW,CE,Towers with Radar,0,0,45,12,57,0,8,384,5,397,0,8,429,17,454,630,6,636,1090
05/13/2006,DWH,TX,ASW,CE,Towers with Radar,0,0,39,4,43,0,3,357,0,360,0,3,396,4,403,654,12,666,1069
05/14/2006,DWH,TX,ASW,CE,Towers with Radar,0,0,29,0,29,0,0,150,0,150,0,0,179,0,179,286,0,286,465
05/15/2006,DWH,TX,ASW,CE,Towers with Radar,0,1,29,5,35,0,2,274,0,276,0,3,303,5,311,340,0,340,651
05/16/2006,DWH,TX,ASW,CE,Towers with Radar,0,8,43,5,56,0,5,321,0,326,0,13,364,5,382,750,0,750,1132
05/17/2006,DWH,TX,ASW,CE,Towers with Radar,0,0,35,8,43,0,2,385,1,388,0,2,420,9,431,764,0,764,1195
05/18/2006,DWH,TX,ASW,CE,Towers with Radar,0,0,21,5,26,0,4,303,2,309,0,4,324,7,335,608,0,608,943
05/19/2006,DWH,TX,ASW,CE,Towers with Radar,0,2,29,2,33,0,3,368,6,377,0,5,397,8,410,934,0,934,1344
05/20/2006,DWH,TX,ASW,CE,Towers with Radar,0,0,28,7,35,0,8,324,5,337,0,8,352,12,372,828,0,828,1200
05/21/2006,DWH,TX,ASW,CE,Towers with Radar,0,5,23,0,28,0,5,273,1,279,0,10,296,1,307,692,0,692,999
05/22/2006,DWH,TX,ASW,CE,Towers with Radar,0,0,24,24,48,0,2,195,4,201,0,2,219,28,249,380,0,380,629
05/23/2006,DWH,TX,ASW,CE,Towers with Radar,0,2,39,0,41,0,10,239,1,250,0,12,278,1,291,700,0,700,991
05/24/2006,DWH,TX,ASW,CE,Towers with Radar,0,1,38,3,42,0,4,273,0,277,0,5,311,3,319,916,0,916,1235
05/25/2006,DWH,TX,ASW,CE,Towers with Radar,0,4,43,7,54,0,8,280,7,295,0,12,323,14,349,748,0,748,1097
05/26/2006,DWH,TX,ASW,CE,Towers with Radar,0,3,43,5,51,0,4,297,3,304,0,7,340,8,355,606,0,606,961
05/27/2006,DWH,TX,ASW,CE,Towers with Radar,0,2,28,2,32,0,6,212,1,219,0,8,240,3,251,418,0,418,669
05/28/2006,DWH,TX,ASW,CE,Towers with Radar,0,3,39,1,43,0,0,168,0,168,0,3,207,1,211,386,6,392,603
05/29/2006,DWH,TX,ASW,CE,Towers with Radar,0,1,20,1,22,0,4,68,0,72,0,5,88,1,94,62,0,62,156
05/30/2006,DWH,TX,ASW,CE,Towers with Radar,0,2,26,0,28,0,6,213,1,220,0,8,239,1,248,620,0,620,868
05/31/2006,DWH,TX,ASW,CE,Towers with Radar,0,5,46,0,51,0,0,37,0,37,0,5,83,0,88,124,0,124,212
06/01/2006,DWH,TX,ASW,CE,Towers with Radar,0,7,17,1,25,0,5,117,1,123,0,12,134,2,148,484,0,484,632
06/02/2006,DWH,TX,ASW,CE,Towers with Radar,0,0,53,4,57,0,7,344,1,352,0,7,397,5,409,718,10,728,1137
06/03/2006,DWH,TX,ASW,CE,Towers with Radar,0,2,49,2,53,0,1,415,0,416,0,3,464,2,469,980,0,980,1449
06/04/2006,DWH,TX,ASW,CE,Towers with Radar,0,2,41,1,44,0,1,363,0,364,0,3,404,1,408,616,0,616,1024
06/05/2006,DWH,TX,ASW,CE,Towers with Radar,0,3,42,5,50,0,7,199,1,207,0,10,241,6,257,572,6,578,835
06/06/2006,DWH,TX,ASW,CE,Towers with Radar,0,8,37,10,55,0,6,334,2,342,0,14,371,12,397,835,0,835,1232
06/07/2006,DWH,TX,ASW,CE,Towers with Radar,0,0,40,3,43,0,3,272,3,278,0,3,312,6,321,554,0,554,875
06/08/2006,DWH,TX,ASW,CE,Towers with Radar,0,3,25,7,35,0,3,248,0,251,0,6,273,7,286,596,22,618,904
06/09/2006,DWH,TX,ASW,CE,Towers with Radar,0,2,37,15,54,0,8,287,1,296,0,10,324,16,350,512,0,512,862
06/10/2006,DWH,TX,ASW,CE,Towers with Radar,0,5,32,0,37,0,7,348,0,355,0,12,380,0,392,554,0,554,946
06/11/2006,DWH,TX,ASW,CE,Towers with Radar,0,5,34,6,45,0,1,362,2,365,0,6,396,8,410,868,10,878,1288
06/12/2006,DWH,TX,ASW,CE,Towers with Radar,0,3,31,3,37,0,5,306,0,311,0,8,337,3,348,636,0,636,984
06/13/2006,DWH,TX,ASW,CE,Towers with Radar,0,6,46,6,58,0,8,267,4,279,0,14,313,10,337,550,4,554,891
06/14/2006,DWH,TX,ASW,CE,Towers with Radar,0,6,38,4,48,0,2,304,1,307,0,8,342,5,355,738,0,738,1093
06/15/2006,DWH,TX,ASW,CE,Towers with Radar,0,7,51,3,61,0,5,246,2,253,0,12,297,5,314,532,6,538,852
06/16/2006,DWH,TX,ASW,CE,Towers with Radar,0,6,20,11,37,0,3,115,0,118,0,9,135,11,155,240,0,240,395
06/17/2006,DWH,TX,ASW,CE,Towers with Radar,0,4,17,3,24,0,12,62,0,74,0,16,79,3,98,220,0,220,318
06/18/2006,DWH,TX,ASW,CE,Towers with Radar,0,5,15,0,20,0,3,124,0,127,0,8,139,0,147,322,0,322,469
06/19/2006,DWH,TX,ASW,CE,Towers with Radar,0,4,35,2,41,0,4,20,0,24,0,8,55,2,65,58,0,58,123
06/20/2006,DWH,TX,ASW,CE,Towers with Radar,0,5,25,0,30,0,3,126,0,129,0,8,151,0,159,564,0,564,723
06/21/2006,DWH,TX,ASW,CE,Towers with Radar,0,11,42,9,62,0,6,288,2,296,0,17,330,11,358,692,0,692,1050
06/22/2006,DWH,TX,ASW,CE,Towers with Radar,0,0,39,0,39,0,3,140,1,144,0,3,179,1,183,446,0,446,629
06/23/2006,DWH,TX,ASW,CE,Towers with Radar,0,5,104,5,114,0,4,339,8,351,0,9,443,13,465,890,4,894,1359
06/24/2006,DWH,TX,ASW,CE,Towers with Radar,0,4,11,2,17,0,1,262,0,263,0,5,273,2,280,556,0,556,836
06/25/2006,DWH,TX,ASW,CE,Towers with Radar,0,2,34,0,36,0,1,293,0,294,0,3,327,0,330,712,0,712,1042
06/26/2006,DWH,TX,ASW,CE,Towers with Radar,0,7,30,0,37,0,5,248,2,255,0,12,278,2,292,822,6,828,1120
06/27/2006,DWH,TX,ASW,CE,Towers with Radar,0,4,34,2,40,0,7,300,2,309,0,11,334,4,349,856,0,856,1205
06/28/2006,DWH,TX,ASW,CE,Towers with Radar,0,1,31,5,37,0,2,327,2,331,0,3,358,7,368,1036,0,1036,1404
06/29/2006,DWH,TX,ASW,CE,Towers with Radar,0,4,53,6,63,0,4,338,0,342,0,8,391,6,405,692,0,692,1097
06/30/2006,DWH,TX,ASW,CE,Towers with Radar,0,4,38,3,45,0,14,281,1,296,0,18,319,4,341,592,0,592,933
07/01/2006,DWH,TX,ASW,CE,Towers with Radar,0,2,58,0,60,0,0,199,2,201,0,2,257,2,261,552,0,552,813
07/02/2006,DWH,TX,ASW,CE,Towers with Radar,0,3,24,0,27,0,6,120,0,126,0,9,144,0,153,464,0,464,617
07/03/2006,DWH,TX,ASW,CE,Towers with Radar,0,5,15,1,21,0,2,38,0,40,0,7,53,1,61,70,0,70,131
07/04/2006,DWH,TX,ASW,CE,Towers with Radar,0,5,14,2,21,0,5,57,2,64,0,10,71,4,85,108,0,108,193
07/05/2006,DWH,TX,ASW,CE,Towers with Radar,0,2,29,0,31,0,4,117,0,121,0,6,146,0,152,482,0,482,634
07/06/2006,DWH,TX,ASW,CE,Towers with Radar,0,2,38,0,40,0,3,159,1,163,0,5,197,1,203,366,0,366,569
07/07/2006,DWH,TX,ASW,CE,Towers with Radar,0,4,43,3,50,0,4,271,1,276,0,8,314,4,326,758,0,758,1084
07/08/2006,DWH,TX,ASW,CE,Towers with Radar,0,0,26,0,26,0,1,279,0,280,0,1,305,0,306,602,0,602,908
07/09/2006,DWH,TX,ASW,CE,Towers with Radar,0,3,61,0,64,0,5,362,0,367,0,8,423,0,431,810,0,810,1241
07/10/2006,DWH,TX,ASW,CE,Towers with Radar,0,6,25,4,35,0,9,215,1,225,0,15,240,5,260,644,0,644,904
07/11/2006,DWH,TX,ASW,CE,Towers with Radar,0,4,49,4,57,0,7,300,1,308,0,11,349,5,365,660,0,660,1025
07/12/2006,DWH,TX,ASW,CE,Towers with Radar,0,1,35,1,37,0,1,283,1,285,0,2,318,2,322,830,0,830,1152
07/13/2006,DWH,TX,ASW,CE,Towers with Radar,0,2,33,4,39,0,3,262,0,265,0,5,295,4,304,486,10,496,800
07/14/2006,DWH,TX,ASW,CE,Towers with Radar,0,4,44,13,61,0,3,327,5,335,0,7,371,18,396,974,0,974,1370
07/15/2006,DWH,TX,ASW,CE,Towers with Radar,0,0,32,1,33,0,8,405,0,413,0,8,437,1,446,706,0,706,1152
07/16/2006,DWH,TX,ASW,CE,Towers with Radar,0,2,23,7,32,0,3,383,2,388,0,5,406,9,420,692,0,692,1112
07/17/2006,DWH,TX,ASW,CE,Towers with Radar,0,3,21,0,24,0,9,209,1,219,0,12,230,1,243,596,0,596,839
07/18/2006,DWH,TX,ASW,CE,Towers with Radar,0,3,22,2,27,0,5,237,0,242,0,8,259,2,269,678,0,678,947
07/19/2006,DWH,TX,ASW,CE,Towers with Radar,0,0,24,2,26,0,1,270,3,274,0,1,294,5,300,648,0,648,948
07/20/2006,DWH,TX,ASW,CE,Towers with Radar,0,4,31,8,43,0,12,321,3,336,0,16,352,11,379,706,2,708,1087
07/21/2006,DWH,TX,ASW,CE,Towers with Radar,0,5,41,18,64,0,2,337,1,340,0,7,378,19,404,678,0,678,1082
07/22/2006,DWH,TX,ASW,CE,Towers with Radar,0,3,36,0,39,0,9,274,0,283,0,12,310,0,322,750,0,750,1072
07/23/2006,DWH,TX,ASW,CE,Towers with Radar,0,3,22,0,25,0,4,204,1,209,0,7,226,1,234,692,0,692,926
07/24/2006,DWH,TX,ASW,CE,Towers with Radar,0,2,31,2,35,0,4,187,0,191,0,6,218,2,226,730,0,730,956
07/25/2006,DWH,TX,ASW,CE,Towers with Radar,0,2,26,2,30,0,6,102,1,109,0,8,128,3,139,208,0,208,347
07/26/2006,DWH,TX,ASW,CE,Towers with Radar,0,3,20,0,23,0,0,2,0,2,0,3,22,0,25,0,0,0,25
07/27/2006,DWH,TX,ASW,CE,Towers with Radar,0,5,29,0,34,0,5,198,0,203,0,10,227,0,237,686,0,686,923
07/28/2006,DWH,TX,ASW,CE,Towers with Radar,0,7,38,0,45,0,8,305,4,317,0,15,343,4,362,698,0,698,1060
07/29/2006,DWH,TX,ASW,CE,Towers with Radar,0,4,19,3,26,0,0,305,1,306,0,4,324,4,332,620,0,620,952
07/30/2006,DWH,TX,ASW,CE,Towers with Radar,0,2,41,0,43,0,3,300,0,303,0,5,341,0,346,562,0,562,908
07/31/2006,DWH,TX,ASW,CE,Towers with Radar,0,4,29,4,37,0,6,226,3,235,0,10,255,7,272,497,0,497,769
08/01/2006,DWH,TX,ASW,CE,Towers with Radar,0,5,29,9,43,0,14,279,0,293,0,19,308,9,336,716,0,716,1052
08/02/2006,DWH,TX,ASW,CE,Towers with Radar,0,0,25,6,31,0,2,284,2,288,0,2,309,8,319,674,0,674,993
08/03/2006,DWH,TX,ASW,CE,Towers with Radar,0,0,35,0,35,0,2,323,0,325,0,2,358,0,360,696,0,696,1056
08/04/2006,DWH,TX,ASW,CE,Towers with Radar,0,6,22,5,33,0,6,407,4,417,0,12,429,9,450,820,0,820,1270
08/05/2006,DWH,TX,ASW,CE,Towers with Radar,0,5,44,0,49,0,2,426,0,428,0,7,470,0,477,942,0,942,1419
08/06/2006,DWH,TX,ASW,CE,Towers with Radar,0,4,43,2,49,0,5,256,0,261,0,9,299,2,310,500,0,500,810
08/07/2006,DWH,TX,ASW,CE,Towers with Radar,0,4,38,2,44,0,1,275,1,277,0,5,313,3,321,706,0,706,1027
08/08/2006,DWH,TX,ASW,CE,Towers with Radar,0,4,48,0,52,0,10,350,0,360,0,14,398,0,412,676,0,676,1088
08/09/2006,DWH,TX,ASW,CE,Towers with Radar,0,3,39,7,49,0,8,364,1,373,0,11,403,8,422,858,0,858,1280
08/10/2006,DWH,TX,ASW,CE,Towers with Radar,0,10,37,2,49,0,5,287,5,297,0,15,324,7,346,570,0,570,916
08/11/2006,DWH,TX,ASW,CE,Towers with Radar,0,1,33,8,42,0,6,327,3,336,0,7,360,11,378,882,0,882,1260
08/12/2006,DWH,TX,ASW,CE,Towers with Radar,0,1,25,1,27,0,2,272,1,275,0,3,297,2,302,588,0,588,890
08/13/2006,DWH,TX,ASW,CE,Towers with Radar,0,1,36,1,38,0,3,340,0,343,0,4,376,1,381,544,0,544,925
08/14/2006,DWH,TX,ASW,CE,Towers with Radar,0,3,29,2,34,0,7,266,0,273,0,10,295,2,307,630,0,630,937
08/15/2006,DWH,TX,ASW,CE,Towers with Radar,0,2,36,6,44,0,7,345,2,354,0,9,381,8,398,896,0,896,1294
08/16/2006,DWH,TX,ASW,CE,Towers with Radar,0,0,44,12,56,0,5,304,1,310,0,5,348,13,366,372,4,376,742
08/17/2006,DWH,TX,ASW,CE,Towers with Radar,0,3,34,7,44,0,5,264,1,270,0,8,298,8,314,550,0,550,864
08/18/2006,DWH,TX,ASW,CE,Towers with Radar,0,4,43,1,48,0,9,333,1,343,0,13,376,2,391,880,0,880,1271
08/19/2006,DWH,TX,ASW,CE,Towers with Radar,0,0,22,2,24,0,3,204,0,207,0,3,226,2,231,714,0,714,945
08/20/2006,DWH,TX,ASW,CE,Towers with Radar,0,3,35,1,39,0,3,298,3,304,0,6,333,4,343,534,0,534,877
08/21/2006,DWH,TX,ASW,CE,Towers with Radar,0,3,37,8,48,0,0,237,7,244,0,3,274,15,292,518,0,518,810
08/22/2006,DWH,TX,ASW,CE,Towers with Radar,0,5,38,2,45,0,5,208,2,215,0,10,246,4,260,658,0,658,918
08/23/2006,DWH,TX,ASW,CE,Towers with Radar,0,1,58,12,71,0,7,236,1,244,0,8,294,13,315,614,2,616,931
08/24/2006,DWH,TX,ASW,CE,Towers with Radar,0,2,21,1,24,0,3,0,1,4,0,5,21,2,28,608,0,608,636
08/25/2006,DWH,TX,ASW,CE,Towers with Radar,0,0,45,11,56,0,5,362,17,384,0,5,407,28,440,632,0,632,1072
08/26/2006,DWH,TX,ASW,CE,Towers with Radar,0,0,11,12,23,0,1,253,0,254,0,1,264,12,277,904,4,908,1185
08/27/2006,DWH,TX,ASW,CE,Towers with Radar,0,1,42,0,43,0,2,258,1,261,0,3,300,1,304,476,0,476,780
08/28/2006,DWH,TX,ASW,CE,Towers with Radar,0,4,45,1,50,0,0,225,0,225,0,4,270,1,275,548,0,548,823
08/29/2006,DWH,TX,ASW,CE,Towers with Radar,0,1,42,11,54,0,4,292,1,297,0,5,334,12,351,652,0,652,1003
08/30/2006,DWH,TX,ASW,CE,Towers with Radar,0,7,35,7,49,0,2,399,0,401,0,9,434,7,450,914,0,914,1364
08/31/2006,DWH,TX,ASW,CE,Towers with Radar,0,2,36,10,48,0,5,351,2,358,0,7,387,12,406,688,0,688,1094
09/01/2006,DWH,TX,ASW,CE,Towers with Radar,0,3,45,13,61,0,3,340,5,348,0,6,385,18,409,768,20,788,1197
09/02/2006,DWH,TX,ASW,CE,Towers with Radar,0,4,31,0,35,0,1,359,2,362,0,5,390,2,397,792,0,792,1189
09/03/2006,DWH,TX,ASW,CE,Towers with Radar,0,2,28,2,32,0,7,287,0,294,0,9,315,2,326,738,0,738,1064
09/04/2006,DWH,TX,ASW,CE,Towers with Radar,0,2,50,0,52,0,3,273,0,276,0,5,323,0,328,510,0,510,838
09/05/2006,DWH,TX,ASW,CE,Towers with Radar,0,8,55,4,67,0,2,240,0,242,0,10,295,4,309,532,0,532,841
09/06/2006,DWH,TX,ASW,CE,Towers with Radar,0,0,33,9,42,0,4,400,2,406,0,4,433,11,448,866,0,866,1314
09/07/2006,DWH,TX,ASW,CE,Towers with Radar,0,3,37,8,48,0,7,345,4,356,0,10,382,12,404,794,2,796,1200
09/08/2006,DWH,TX,ASW,CE,Towers with Radar,0,1,38,4,43,0,9,319,2,330,0,10,357,6,373,680,0,680,1053
09/09/2006,DWH,TX,ASW,CE,Towers with Radar,0,4,49,3,56,0,4,102,1,107,0,8,151,4,163,256,4,260,423
09/10/2006,DWH,TX,ASW,CE,Towers with Radar,0,1,38,0,39,0,2,266,0,268,0,3,304,0,307,548,0,548,855
09/11/2006,DWH,TX,ASW,CE,Towers with Radar,0,1,47,0,48,0,7,197,1,205,0,8,244,1,253,632,0,632,885
09/12/2006,DWH,TX,ASW,CE,Towers with Radar,0,2,47,3,52,0,5,271,1,277,0,7,318,4,329,950,0,950,1279
09/13/2006,DWH,TX,ASW,CE,Towers with Radar,0,2,29,9,40,0,5,382,2,389,0,7,411,11,429,1036,2,1038,1467
09/14/2006,DWH,TX,ASW,CE,Towers with Radar,0,4,48,2,54,0,7,304,5,316,0,11,352,7,370,652,0,652,1022
09/15/2006,DWH,TX,ASW,CE,Towers with Radar,0,1,48,23,72,0,0,237,4,241,0,1,285,27,313,494,16,510,823
09/16/2006,DWH,TX,ASW,CE,Towers with Radar,0,5,35,12,52,0,3,291,0,294,0,8,326,12,346,782,20,802,1148
09/17/2006,DWH,TX,ASW,CE,Towers with Radar,0,1,39,1,41,0,5,184,0,189,0,6,223,1,230,350,0,350,580
09/18/2006,DWH,TX,ASW,CE,Towers with Radar,0,2,21,2,25,0,5,72,2,79,0,7,93,4,104,296,0,296,400
09/19/2006,DWH,TX,ASW,CE,Towers with Radar,0,8,33,1,42,0,7,382,1,390,0,15,415,2,432,630,0,630,1062
09/20/2006,DWH,TX,ASW,CE,Towers with Radar,0,3,36,7,46,0,7,410,10,427,0,10,446,17,473,772,0,772,1245
09/21/2006,DWH,TX,ASW,CE,Towers with Radar,0,5,41,3,49,0,5,245,1,251,0,10,286,4,300,496,12,508,808
09/22/2006,DWH,TX,ASW,CE,Towers with Radar,0,0,44,6,50,0,6,173,1,180,0,6,217,7,230,268,0,268,498
09/23/2006,DWH,TX,ASW,CE,Towers with Radar,0,0,33,0,33,0,5,163,0,168,0,5,196,0,201,262,0,262,463
09/24/2006,DWH,TX,ASW,CE,Towers with Radar,0,0,37,0,37,0,3,229,0,232,0,3,266,0,269,636,0,636,905
09/25/2006,DWH,TX,ASW,CE,Towers with Radar,0,0,50,10,60,0,2,297,0,299,0,2,347,10,359,762,0,762,1121
09/26/2006,DWH,TX,ASW,CE,Towers with Radar,0,0,32,2,34,0,2,353,0,355,0,2,385,2,389,786,0,786,1175
09/27/2006,DWH,TX,ASW,CE,Towers with Radar,0,6,41,3,50,0,5,322,5,332,0,11,363,8,382,751,0,751,1133
09/28/2006,DWH,TX,ASW,CE,Towers with Radar,0,6,51,8,65,0,1,280,3,284,0,7,331,11,349,806,0,806,1155
09/29/2006,DWH,TX,ASW,CE,Towers with Radar,0,3,40,2,45,0,4,366,0,370,0,7,406,2,415,912,0,912,1327
09/30/2006,DWH,TX,ASW,CE,Towers with Radar,0,0,33,0,33,0,1,363,0,364,0,1,396,0,397,776,0,776,1173
10/01/2006,DWH,TX,ASW,CE,Towers with Radar,0,1,47,0,48,0,2,355,0,357,0,3,402,0,405,792,0,792,1197
10/02/2006,DWH,TX,ASW,CE,Towers with Radar,0,2,38,8,48,0,4,211,3,218,0,6,249,11,266,460,2,462,728
10/03/2006,DWH,TX,ASW,CE,Towers with Radar,0,3,25,12,40,0,4,257,4,265,0,7,282,16,305,742,0,742,1047
10/04/2006,DWH,TX,ASW,CE,Towers with Radar,0,5,38,0,43,0,3,234,2,239,0,8,272,2,282,482,0,482,764
10/05/2006,DWH,TX,ASW,CE,Towers with Radar,0,5,54,5,64,0,6,290,6,302,0,11,344,11,366,584,0,584,950
10/06/2006,DWH,TX,ASW,CE,Towers with Radar,0,7,40,14,61,0,2,266,4,272,0,9,306,18,333,692,22,714,1047
10/07/2006,DWH,TX,ASW,CE,Towers with Radar,0,7,31,0,38,0,5,351,0,356,0,12,382,0,394,634,0,634,1028
10/08/2006,DWH,TX,ASW,CE,Towers with Radar,0,8,32,8,48,0,3,275,0,278,0,11,307,8,326,518,2,520,846
10/09/2006,DWH,TX,ASW,CE,Towers with Radar,0,5,36,0,41,0,9,208,0,217,0,14,244,0,258,508,0,508,766
10/10/2006,DWH,TX,ASW,CE,Towers with Radar,0,1,38,0,39,0,0,99,0,99,0,1,137,0,138,322,0,322,460
10/11/2006,DWH,TX,ASW,CE,Towers with Radar,0,2,52,0,54,0,3,280,1,284,0,5,332,1,338,554,0,554,892
10/12/2006,DWH,TX,ASW,CE,Towers with Radar,0,7,48,9,64,0,0,207,0,207,0,7,255,9,271,600,0,600,871
10/13/2006,DWH,TX,ASW,CE,Towers with Radar,0,7,38,9,54,0,3,405,2,410,0,10,443,11,464,538,0,538,1002
10/14/2006,DWH,TX,ASW,CE,Towers with Radar,0,2,41,2,45,0,5,369,0,374,0,7,410,2,419,786,0,786,1205
10/15/2006,DWH,TX,ASW,CE,Towers with Radar,0,10,33,0,43,0,0,2,0,2,0,10,35,0,45,0,0,0,45
10/16/2006,DWH,TX,ASW,CE,Towers with Radar,0,7,23,0,30,0,0,4,0,4,0,7,27,0,34,10,0,10,44
10/17/2006,DWH,TX,ASW,CE,Towers with Radar,0,1,50,2,53,0,12,387,0,399,0,13,437,2,452,512,0,512,964
10/18/2006,DWH,TX,ASW,CE,Towers with Radar,0,7,45,2,54,0,0,47,0,47,0,7,92,2,101,150,0,150,251
10/19/2006,DWH,TX,ASW,CE,Towers with Radar,0,0,52,10,62,0,10,199,2,211,0,10,251,12,273,665,14,679,952
10/20/2006,DWH,TX,ASW,CE,Towers with Radar,0,3,49,9,61,0,5,454,5,464,0,8,503,14,525,816,0,816,1341
10/21/2006,DWH,TX,ASW,CE,Towers with Radar,0,3,42,0,45,0,3,249,0,252,0,6,291,0,297,594,0,594,891
10/22/2006,DWH,TX,ASW,CE,Towers with Radar,0,3,19,2,24,0,6,230,1,237,0,9,249,3,261,264,4,268,529
10/23/2006,DWH,TX,ASW,CE,Towers with Radar,0,1,30,9,40,0,2,321,4,327,0,3,351,13,367,338,22,360,727
10/24/2006,DWH,TX,ASW,CE,Towers with Radar,0,3,33,3,39,0,4,332,0,336,0,7,365,3,375,378,22,400,775
10/25/2006,DWH,TX,ASW,CE,Towers with Radar,0,3,39,4,46,0,8,95,0,103,0,11,134,4,149,97,0,97,246
10/26/2006,DWH,TX,ASW,CE,Towers with Radar,0,4,26,4,34,0,2,81,0,83,0,6,107,4,117,76,0,76,193
10/27/2006,DWH,TX,ASW,CE,Towers with Radar,0,4,32,2,38,0,0,231,2,233,0,4,263,4,271,132,0,132,403
10/28/2006,DWH,TX,ASW,CE,Towers with Radar,0,1,24,2,27,0,2,471,0,473,0,3,495,2,500,548,0,548,1048
10/29/2006,DWH,TX,ASW,CE,Towers with Radar,0,8,35,10,53,0,3,332,0,335,0,11,367,10,388,386,0,386,774
10/30/2006,DWH,TX,ASW,CE,Towers with Radar,0,3,39,0,42,0,4,235,1,240,0,7,274,1,282,338,0,338,620
10/31/2006,DWH,TX,ASW,CE,Towers with Radar,0,2,28,10,40,0,6,293,2,301,0,8,321,12,341,318,4,322,663
11/01/2006,DWH,TX,ASW,CE,Towers with Radar,0,3,38,5,46,0,4,312,0,316,0,7,350,5,362,462,0,462,824
11/02/2006,DWH,TX,ASW,CE,Towers with Radar,0,7,34,13,54,0,6,310,2,318,0,13,344,15,372,138,0,138,510
11/03/2006,DWH,TX,ASW,CE,Towers with Radar,0,5,40,10,55,0,2,392,11,405,0,7,432,21,460,338,14,352,812
11/04/2006,DWH,TX,ASW,CE,Towers with Radar,0,0,36,0,36,0,3,418,1,422,0,3,454,1,458,502,0,502,960
11/05/2006,DWH,TX,ASW,CE,Towers with Radar,0,1,85,0,86,0,0,95,0,95,0,1,180,0,181,164,0,164,345
11/06/2006,DWH,TX,ASW,CE,Towers with Radar,0,3,23,0,26,0,2,17,1,20,0,5,40,1,46,16,0,16,62
11/07/2006,DWH,TX,ASW,CE,Towers with Radar,0,7,29,6,42,0,1,354,1,356,0,8,383,7,398,622,0,622,1020
11/08/2006,DWH,TX,ASW,CE,Towers with Radar,0,4,17,18,39,0,1,328,13,342,0,5,345,31,381,326,4,330,711
11/09/2006,DWH,TX,ASW,CE,Towers with Radar,0,6,51,9,66,0,1,277,1,279,0,7,328,10,345,332,0,332,677
11/10/2006,DWH,TX,ASW,CE,Towers with Radar,0,3,49,1,53,0,3,276,0,279,0,6,325,1,332,348,0,348,680
11/11/2006,DWH,TX,ASW,CE,Towers with Radar,0,1,36,0,37,0,1,365,4,370,0,2,401,4,407,304,0,304,711
11/12/2006,DWH,TX,ASW,CE,Towers with Radar,0,0,51,2,53,0,1,402,0,403,0,1,453,2,456,522,0,522,978
11/13/2006,DWH,TX,ASW,CE,Towers with Radar,0,7,50,4,61,0,1,277,1,279,0,8,327,5,340,389,0,389,729
11/14/2006,DWH,TX,ASW,CE,Towers with Radar,0,7,46,4,57,0,2,163,0,165,0,9,209,4,222,184,0,184,406
11/15/2006,DWH,TX,ASW,CE,Towers with Radar,0,14,28,2,44,0,1,32,0,33,0,15,60,2,77,0,0,0,77
11/16/2006,DWH,TX,ASW,CE,Towers with Radar,0,9,40,6,55,0,1,325,1,327,0,10,365,7,382,382,0,382,764
11/17/2006,DWH,TX,ASW,CE,Towers with Radar,0,5,51,1,57,0,3,431,2,436,0,8,482,3,493,608,0,608,1101
11/18/2006,DWH,TX,ASW,CE,Towers with Radar,0,1,56,2,59,0,1,475,0,476,0,2,531,2,535,610,0,610,1145
11/19/2006,DWH,TX,ASW,CE,Towers with Radar,0,2,32,9,43,0,0,322,1,323,0,2,354,10,366,388,0,388,754
11/20/2006,DWH,TX,ASW,CE,Towers with Radar,0,4,42,6,52,0,2,304,3,309,0,6,346,9,361,366,0,366,727
11/21/2006,DWH,TX,ASW,CE,Towers with Radar,0,2,41,3,46,0,6,347,1,354,0,8,388,4,400,528,0,528,928
11/22/2006,DWH,TX,ASW,CE,Towers with Radar,0,3,28,0,31,0,2,353,0,355,0,5,381,0,386,255,0,255,641
11/23/2006,DWH,TX,ASW,CE,Towers with Radar,0,0,17,0,17,0,4,114,0,118,0,4,131,0,135,62,0,62,197
11/24/2006,DWH,TX,ASW,CE,Towers with Radar,0,2,35,0,37,0,1,315,0,316,0,3,350,0,353,380,0,380,733
11/25/2006,DWH,TX,ASW,CE,Towers with Radar,0,1,42,0,43,0,1,305,0,306,0,2,347,0,349,372,0,372,721
11/26/2006,DWH,TX,ASW,CE,Towers with Radar,0,5,39,1,45,0,3,268,0,271,0,8,307,1,316,330,0,330,646
11/27/2006,DWH,TX,ASW,CE,Towers with Radar,0,2,33,2,37,0,0,6,0,6,0,2,39,2,43,0,0,0,43
11/28/2006,DWH,TX,ASW,CE,Towers with Radar,0,2,67,3,72,0,6,246,0,252,0,8,313,3,324,330,0,330,654
11/29/2006,DWH,TX,ASW,CE,Towers with Radar,0,5,49,6,60,0,4,175,0,179,0,9,224,6,239,348,0,348,587
11/30/2006,DWH,TX,ASW,CE,Towers with Radar,0,5,16,0,21,0,1,7,0,8,0,6,23,0,29,28,0,28,57
12/01/2006,DWH,TX,ASW,CE,Towers with Radar,0,5,36,15,56,0,0,334,11,345,0,5,370,26,401,366,0,366,767
12/02/2006,DWH,TX,ASW,CE,Towers with Radar,0,3,50,2,55,0,0,430,0,430,0,3,480,2,485,532,0,532,1017
12/03/2006,DWH,TX,ASW,CE,Towers with Radar,0,3,31,3,37,0,3,243,0,246,0,6,274,3,283,306,0,306,589
12/04/2006,DWH,TX,ASW,CE,Towers with Radar,0,5,46,13,64,0,3,316,1,320,0,8,362,14,384,404,0,404,788
12/05/2006,DWH,TX,ASW,CE,Towers with Radar,0,8,27,10,45,0,1,226,11,238,0,9,253,21,283,284,10,294,577
12/06/2006,DWH,TX,ASW,CE,Towers with Radar,0,3,31,15,49,0,1,272,0,273,0,4,303,15,322,436,0,436,758
12/07/2006,DWH,TX,ASW,CE,Towers with Radar,0,6,25,10,41,0,3,247,1,251,0,9,272,11,292,292,0,292,584
12/08/2006,DWH,TX,ASW,CE,Towers with Radar,0,6,44,11,61,0,0,295,11,306,0,6,339,22,367,372,10,382,749
12/09/2006,DWH,TX,ASW,CE,Towers with Radar,0,4,36,0,40,0,0,333,0,333,0,4,369,0,373,458,0,458,831
12/10/2006,DWH,TX,ASW,CE,Towers with Radar,0,4,90,0,94,0,0,19,0,19,0,4,109,0,113,58,0,58,171
12/11/2006,DWH,TX,ASW,CE,Towers with Radar,0,7,74,5,86,0,0,7,0,7,0,7,81,5,93,56,0,56,149
12/12/2006,DWH,TX,ASW,CE,Towers with Radar,0,5,35,8,48,0,2,300,0,302,0,7,335,8,350,454,8,462,812
12/13/2006,DWH,TX,ASW,CE,Towers with Radar,0,5,36,11,52,0,2,353,1,356,0,7,389,12,408,326,2,328,736
12/14/2006,DWH,TX,ASW,CE,Towers with Radar,0,5,45,9,59,0,2,209,2,213,0,7,254,11,272,254,0,254,526
12/15/2006,DWH,TX,ASW,CE,Towers with Radar,0,4,64,12,80,0,2,146,4,152,0,6,210,16,232,250,0,250,482
12/16/2006,DWH,TX,ASW,CE,Towers with Radar,0,15,29,0,44,0,1,276,0,277,0,16,305,0,321,388,0,388,709
12/17/2006,DWH,TX,ASW,CE,Towers with Radar,0,6,46,5,57,0,2,191,0,193,0,8,237,5,250,230,0,230,480
12/18/2006,DWH,TX,ASW,CE,Towers with Radar,0,4,33,1,38,0,0,0,0,0,0,4,33,1,38,0,0,0,38
12/19/2006,DWH,TX,ASW,CE,Towers with Radar,0,6,52,3,61,0,0,12,0,12,0,6,64,3,73,8,0,8,81
12/20/2006,DWH,TX,ASW,CE,Towers with Radar,0,8,45,4,57,0,4,57,2,63,0,12,102,6,120,114,0,114,234
12/21/2006,DWH,TX,ASW,CE,Towers with Radar,0,13,40,5,58,0,3,190,0,193,0,16,230,5,251,356,0,356,607
12/22/2006,DWH,TX,ASW,CE,Towers with Radar,0,4,32,0,36,0,2,423,0,425,0,6,455,0,461,382,0,382,843
12/23/2006,DWH,TX,ASW,CE,Towers with Radar,0,2,25,0,27,0,4,261,0,265,0,6,286,0,292,260,0,260,552
12/24/2006,DWH,TX,ASW,CE,Towers with Radar,0,0,17,0,17,0,2,13,0,15,0,2,30,0,32,0,0,0,32
12/25/2006,DWH,TX,ASW,CE,Towers with Radar,0,4,4,0,8,0,1,24,0,25,0,5,28,0,33,22,0,22,55
12/26/2006,DWH,TX,ASW,CE,Towers with Radar,0,3,39,4,46,0,2,323,0,325,0,5,362,4,371,426,0,426,797
12/27/2006,DWH,TX,ASW,CE,Towers with Radar,0,2,38,10,50,0,4,292,7,303,0,6,330,17,353,370,0,370,723
12/28/2006,DWH,TX,ASW,CE,Towers with Radar,0,6,39,7,52,0,3,201,2,206,0,9,240,9,258,162,6,168,426
12/29/2006,DWH,TX,ASW,CE,Towers with Radar,0,5,39,2,46,0,1,14,0,15,0,6,53,2,61,2,0,2,63
12/30/2006,DWH,TX,ASW,CE,Towers with Radar,0,2,31,0,33,0,1,195,0,196,0,3,226,0,229,274,0,274,503
12/31/2006,DWH,TX,ASW,CE,Towers with Radar,0,2,22,0,24,0,0,251,0,251,0,2,273,0,275,216,0,216,491
01/01/2007,DWH,TX,ASW,CE,Towers with Radar,0,1,16,0,17,0,3,211,0,214,0,4,227,0,231,266,0,266,497
01/02/2007,DWH,TX,ASW,CE,Towers with Radar,0,8,38,0,46,0,2,324,0,326,0,10,362,0,372,356,0,356,728
01/03/2007,DWH,TX,ASW,CE,Towers with Radar,0,13,30,0,43,0,1,169,0,170,0,14,199,0,213,266,0,266,479
01/04/2007,DWH,TX,ASW,CE,Towers with Radar,0,5,35,2,42,0,5,22,0,27,0,10,57,2,69,92,0,92,161
01/05/2007,DWH,TX,ASW,CE,Towers with Radar,0,3,58,15,76,0,0,306,18,324,0,3,364,33,400,542,0,542,942
01/06/2007,DWH,TX,ASW,CE,Towers with Radar,0,1,181,0,182,0,0,34,0,34,0,1,215,0,216,80,0,80,296
01/07/2007,DWH,TX,ASW,CE,Towers with Radar,0,1,32,5,38,0,1,306,2,309,0,2,338,7,347,328,0,328,675
01/08/2007,DWH,TX,ASW,CE,Towers with Radar,0,6,37,11,54,0,0,276,2,278,0,6,313,13,332,358,0,358,690
01/09/2007,DWH,TX,ASW,CE,Towers with Radar,0,7,33,12,52,0,0,266,0,266,0,7,299,12,318,348,0,348,666
01/10/2007,DWH,TX,ASW,CE,Towers with Radar,0,14,1,14,29,0,9,280,3,292,0,23,281,17,321,486,0,486,807
01/11/2007,DWH,TX,ASW,CE,Towers with Radar,0,5,50,4,59,0,2,294,7,303,0,7,344,11,362,314,10,324,686
01/12/2007,DWH,TX,ASW,CE,Towers with Radar,0,7,53,8,68,0,2,231,0,233,0,9,284,8,301,338,0,338,639
01/13/2007,DWH,TX,ASW,CE,Towers with Radar,0,1,25,1,27,0,5,95,0,100,0,6,120,1,127,172,0,172,299
01/14/2007,DWH,TX,ASW,CE,Towers with Radar,0,8,13,0,21,0,0,1,0,1,0,8,14,0,22,0,0,0,22
01/15/2007,DWH,TX,ASW,CE,Towers with Radar,0,0,11,0,11,0,0,7,0,7,0,0,18,0,18,12,0,12,30
01/16/2007,DWH,TX,ASW,CE,Towers with Radar,0,7,4,2,13,0,1,35,0,36,0,8,39,2,49,76,0,76,125
01/17/2007,DWH,TX,ASW,CE,Towers with Radar,0,1,4,0,5,0,5,14,0,19,0,6,18,0,24,4,0,4,28
01/18/2007,DWH,TX,ASW,CE,Towers with Radar,0,2,22,6,30,0,0,0,0,0,0,2,22,6,30,0,0,0,30
01/19/2007,DWH,TX,ASW,CE,Towers with Radar,0,2,33,13,48,0,6,148,3,157,0,8,181,16,205,332,0,332,537
01/20/2007,DWH,TX,ASW,CE,Towers with Radar,0,1,27,0,28,0,1,84,0,85,0,2,111,0,113,182,0,182,295
01/21/2007,DWH,TX,ASW,CE,Towers with Radar,0,5,32,4,41,0,2,352,0,354,0,7,384,4,395,454,0,454,849
01/22/2007,DWH,TX,ASW,CE,Towers with Radar,0,4,43,6,53,0,0,317,3,320,0,4,360,9,373,486,0,486,859
01/23/2007,DWH,TX,ASW,CE,Towers with Radar,0,9,52,4,65,0,2,237,1,240,0,11,289,5,305,512,0,512,817
01/24/2007,DWH,TX,ASW,CE,Towers with Radar,0,2,44,0,46,0,4,94,0,98,0,6,138,0,144,172,0,172,316
01/25/2007,DWH,TX,ASW,CE,Towers with Radar,0,6,53,2,61,0,2,418,5,425,0,8,471,7,486,482,0,482,968
01/26/2007,DWH,TX,ASW,CE,Towers with Radar,0,10,55,11,76,0,2,403,14,419,0,12,458,25,495,336,0,336,831
01/27/2007,DWH,TX,ASW,CE,Towers with Radar,0,5,37,18,60,0,3,170,0,173,0,8,207,18,233,360,16,376,609
01/28/2007,DWH,TX,ASW,CE,Towers with Radar,0,4,35,10,49,0,1,377,6,384,0,5,412,16,433,498,0,498,931
01/29/2007,DWH,TX,ASW,CE,Towers with Radar,0,6,41,5,52,0,0,210,4,214,0,6,251,9,266,288,0,288,554
01/30/2007,DWH,TX,ASW,CE,Towers with Radar,0,5,81,0,86,0,2,49,2,53,0,7,130,2,139,74,0,74,213
01/31/2007,DWH,TX,ASW,CE,Towers with Radar,0,1,43,7,51,0,4,109,0,113,0,5,152,7,164,200,0,200,364
02/01/2007,DWH,TX,ASW,CE,Towers with Radar,0,3,39,7,49,0,3,112,4,119,0,6,151,11,168,262,0,262,430
02/02/2007,DWH,TX,ASW,CE,Towers with Radar,0,4,55,5,64,0,5,362,3,370,0,9,417,8,434,588,0,588,1022
02/03/2007,DWH,TX,ASW,CE,Towers with Radar,0,1,37,0,38,0,3,485,0,488,0,4,522,0,526,708,0,708,1234
02/04/2007,DWH,TX,ASW,CE,Towers with Radar,0,2,23,0,25,0,0,353,0,353,0,2,376,0,378,558,0,558,936
02/05/2007,DWH,TX,ASW,CE,Towers with Radar,0,6,55,12,73,0,3,288,4,295,0,9,343,16,368,288,0,288,656
02/06/2007,DWH,TX,ASW,CE,Towers with Radar,0,8,42,6,56,0,3,351,3,357,0,11,393,9,413,534,0,534,947
02/07/2007,DWH,TX,ASW,CE,Towers with Radar,0,8,40,12,60,0,11,224,5,240,0,19,264,17,300,410,0,410,710
02/08/2007,DWH,TX,ASW,CE,Towers with Radar,0,5,48,3,56,0,3,167,1,171,0,8,215,4,227,378,0,378,605
02/09/2007,DWH,TX,ASW,CE,Towers with Radar,0,6,41,0,47,0,1,71,0,72,0,7,112,0,119,90,0,90,209
02/10/2007,DWH,TX,ASW,CE,Towers with Radar,0,0,41,3,44,0,2,251,0,253,0,2,292,3,297,566,0,566,863
02/11/2007,DWH,TX,ASW,CE,Towers with Radar,0,2,35,4,41,0,2,239,1,242,0,4,274,5,283,432,0,432,715
02/12/2007,DWH,TX,ASW,CE,Towers with Radar,0,5,40,4,49,0,1,34,0,35,0,6,74,4,84,66,0,66,150
02/13/2007,DWH,TX,ASW,CE,Towers with Radar,0,1,49,8,58,0,2,258,0,260,0,3,307,8,318,266,0,266,584
02/14/2007,DWH,TX,ASW,CE,Towers with Radar,0,0,33,5,38,0,1,231,0,232,0,1,264,5,270,312,0,312,582
02/15/2007,DWH,TX,ASW,CE,Towers with Radar,0,6,35,5,46,0,2,304,1,307,0,8,339,6,353,288,0,288,641
02/16/2007,DWH,TX,ASW,CE,Towers with Radar,0,5,27,4,36,0,2,435,0,437,0,7,462,4,473,524,0,524,997
02/17/2007,DWH,TX,ASW,CE,Towers with Radar,0,3,25,0,28,0,2,349,2,353,0,5,374,2,381,246,16,262,643
02/18/2007,DWH,TX,ASW,CE,Towers with Radar,0,2,28,0,30,0,0,501,0,501,0,2,529,0,531,567,0,567,1098
02/19/2007,DWH,TX,ASW,CE,Towers with Radar,0,3,38,0,41,0,2,246,0,248,0,5,284,0,289,276,0,276,565
02/20/2007,DWH,TX,ASW,CE,Towers with Radar,0,6,43,12,61,0,4,237,3,244,0,10,280,15,305,434,0,434,739
02/21/2007,DWH,TX,ASW,CE,Towers with Radar,0,9,43,13,65,0,1,354,0,355,0,10,397,13,420,308,6,314,734
02/22/2007,DWH,TX,ASW,CE,Towers with Radar,0,6,24,13,43,0,5,348,4,357,0,11,372,17,400,620,0,620,1020
02/23/2007,DWH,TX,ASW,CE,Towers with Radar,0,13,66,10,89,0,3,135,0,138,0,16,201,10,227,272,0,272,499
02/24/2007,DWH,TX,ASW,CE,Towers with Radar,0,2,14,2,18,0,16,100,2,118,0,18,114,4,136,74,0,74,210
02/25/2007,DWH,TX,ASW,CE,Towers with Radar,0,2,23,1,26,0,0,354,0,354,0,2,377,1,380,408,0,408,788
02/26/2007,DWH,TX,ASW,CE,Towers with Radar,0,10,33,12,55,0,1,257,2,260,0,11,290,14,315,324,4,328,643
02/27/2007,DWH,TX,ASW,CE,Towers with Radar,0,5,20,10,35,0,2,214,6,222,0,7,234,16,257,320,0,320,577
02/28/2007,DWH,TX,ASW,CE,Towers with Radar,0,2,45,9,56,0,10,131,3,144,0,12,176,12,200,392,0,392,592
03/01/2007,DWH,TX,ASW,CE,Towers with Radar,0,9,39,8,56,0,2,179,5,186,0,11,218,13,242,182,0,182,424
03/02/2007,DWH,TX,ASW,CE,Towers with Radar,0,4,49,12,65,0,6,422,17,445,0,10,471,29,510,510,10,520,1030
03/03/2007,DWH,TX,ASW,CE,Towers with Radar,0,3,32,8,43,0,1,441,3,445,0,4,473,11,488,472,14,486,974
03/04/2007,DWH,TX,ASW,CE,Towers with Radar,0,6,33,6,45,0,1,356,0,357,0,7,389,6,402,436,0,436,838
03/05/2007,DWH,TX,ASW,CE,Towers with Radar,0,9,40,10,59,0,0,336,0,336,0,9,376,10,395,408,0,408,803
03/06/2007,DWH,TX,ASW,CE,Towers with Radar,0,3,39,6,48,0,0,284,3,287,0,3,323,9,335,506,0,506,841
03/07/2007,DWH,TX,ASW,CE,Towers with Radar,0,7,37,7,51,0,3,250,0,253,0,10,287,7,304,430,0,430,734
03/08/2007,DWH,TX,ASW,CE,Towers with Radar,0,6,34,11,51,0,6,282,1,289,0,12,316,12,340,318,0,318,658
03/09/2007,DWH,TX,ASW,CE,Towers with Radar,0,7,45,3,55,0,2,324,6,332,0,9,369,9,387,506,0,506,893
03/10/2007,DWH,TX,ASW,CE,Towers with Radar,0,5,54,3,62,0,0,291,0,291,0,5,345,3,353,384,0,384,737
03/11/2007,DWH,TX,ASW,CE,Towers with Radar,0,2,49,5,56,0,3,232,0,235,0,5,281,5,291,244,0,244,535
03/12/2007,DWH,TX,ASW,CE,Towers with Radar,0,5,36,1,42,0,13,51,0,64,0,18,87,1,106,188,0,188,294
03/13/2007,DWH,TX,ASW,CE,Towers with Radar,0,3,32,2,37,0,0,51,0,51,0,3,83,2,88,216,0,216,304
03/14/2007,DWH,TX,ASW,CE,Towers with Radar,0,5,33,0,38,0,0,34,0,34,0,5,67,0,72,172,0,172,244
03/15/2007,DWH,TX,ASW,CE,Towers with Radar,0,4,45,4,53,0,2,300,2,304,0,6,345,6,357,326,0,326,683
03/16/2007,DWH,TX,ASW,CE,Towers with Radar,0,3,54,10,67,0,6,236,1,243,0,9,290,11,310,386,0,386,696
03/17/2007,DWH,TX,ASW,CE,Towers with Radar,0,4,38,2,44,0,1,419,0,420,0,5,457,2,464,396,10,406,870
03/18/2007,DWH,TX,ASW,CE,Towers with Radar,0,3,52,1,56,0,1,244,1,246,0,4,296,2,302,404,8,412,714
03/19/2007,DWH,TX,ASW,CE,Towers with Radar,0,4,44,2,50,0,0,217,0,217,0,4,261,2,267,286,0,286,553
03/20/2007,DWH,TX,ASW,CE,Towers with Radar,0,4,45,6,55,0,8,196,2,206,0,12,241,8,261,328,0,328,589
03/21/2007,DWH,TX,ASW,CE,Towers with Radar,0,3,45,2,50,0,4,218,0,222,0,7,263,2,272,406,0,406,678
03/22/2007,DWH,TX,ASW,CE,Towers with Radar,0,4,37,17,58,0,2,186,0,188,0,6,223,17,246,364,0,364,610
03/23/2007,DWH,TX,ASW,CE,Towers with Radar,0,2,52,6,60,0,3,209,3,215,0,5,261,9,275,304,2,306,581
03/24/2007,DWH,TX,ASW,CE,Towers with Radar,0,0,31,0,31,0,4,210,0,214,0,4,241,0,245,378,0,378,623
03/25/2007,DWH,TX,ASW,CE,Towers with Radar,0,1,45,0,46,0,2,149,0,151,0,3,194,0,197,234,0,234,431
03/26/2007,DWH,TX,ASW,CE,Towers with Radar,0,3,34,1,38,0,3,151,0,154,0,6,185,1,192,326,0,326,518
03/27/2007,DWH,TX,ASW,CE,Towers with Radar,0,6,36,0,42,0,7,164,0,171,0,13,200,0,213,464,0,464,677
03/28/2007,DWH,TX,ASW,CE,Towers with Radar,0,2,62,10,74,0,3,180,0,183,0,5,242,10,257,502,0,502,759
03/29/2007,DWH,TX,ASW,CE,Towers with Radar,0,2,47,9,58,0,0,195,0,195,0,2,242,9,253,412,0,412,665
03/30/2007,DWH,TX,ASW,CE,Towers with Radar,0,2,35,9,46,0,3,122,2,127,0,5,157,11,173,234,28,262,435
03/31/2007,DWH,TX,ASW,CE,Towers with Radar,0,1,46,0,47,0,0,28,0,28,0,1,74,0,75,76,0,76,151
04/01/2007,DWH,TX,ASW,CE,Towers with Radar,0,0,40,4,44,0,1,364,2,367,0,1,404,6,411,482,0,482,893
04/02/2007,DWH,TX,ASW,CE,Towers with Radar,0,1,54,8,63,0,1,105,1,107,0,2,159,9,170,346,0,346,516
04/03/2007,DWH,TX,ASW,CE,Towers with Radar,0,2,52,7,61,0,5,129,5,139,0,7,181,12,200,854,0,854,1054
04/04/2007,DWH,TX,ASW,CE,Towers with Radar,0,4,52,8,64,0,5,84,1,90,0,9,136,9,154,304,0,304,458
04/05/2007,DWH,TX,ASW,CE,Towers with Radar,0,8,43,4,55,0,7,301,0,308,0,15,344,4,363,378,4,382,745
04/06/2007,DWH,TX,ASW,CE,Towers with Radar,0,5,28,11,44,0,8,326,2,336,0,13,354,13,380,400,0,400,780
04/07/2007,DWH,TX,ASW,CE,Towers with Radar,0,3,13,1,17,0,0,38,0,38,0,3,51,1,55,58,0,58,113
04/08/2007,DWH,TX,ASW,CE,Towers with Radar,0,4,18,3,25,0,1,150,2,153,0,5,168,5,178,378,0,378,556
04/09/2007,DWH,TX,ASW,CE,Towers with Radar,0,3,50,4,57,0,2,182,0,184,0,5,232,4,241,218,0,218,459
04/10/2007,DWH,TX,ASW,CE,Towers with Radar,0,5,42,4,51,0,1,129,2,132,0,6,171,6,183,164,0,164,347
04/11/2007,DWH,TX,ASW,CE,Towers with Radar,0,8,45,4,57,0,1,265,6,272,0,9,310,10,329,562,0,562,891
04/12/2007,DWH,TX,ASW,CE,Towers with Radar,0,12,49,5,66,0,11,246,11,268,0,23,295,16,334,218,0,218,552
04/13/2007,DWH,TX,ASW,CE,Towers with Radar,0,7,41,7,55,0,1,22,1,24,0,8,63,8,79,62,0,62,141
04/14/2007,DWH,TX,ASW,CE,Towers with Radar,0,3,35,0,38,0,2,87,2,91,0,5,122,2,129,126,0,126,255
04/15/2007,DWH,TX,ASW,CE,Towers with Radar,0,2,41,3,46,0,4,376,0,380,0,6,417,3,426,280,0,280,706
04/16/2007,DWH,TX,ASW,CE,Towers with Radar,0,9,32,8,49,0,4,291,5,300,0,13,323,13,349,314,0,314,663
04/17/2007,DWH,TX,ASW,CE,Towers with Radar,0,4,57,1,62,0,2,95,2,99,0,6,152,3,161,318,16,334,495
04/18/2007,DWH,TX,ASW,CE,Towers with Radar,0,6,31,2,39,0,3,173,4,180,0,9,204,6,219,264,0,264,483
04/19/2007,DWH,TX,ASW,CE,Towers with Radar,0,4,49,4,57,0,7,238,0,245,0,11,287,4,302,540,0,540,842
04/20/2007,DWH,TX,ASW,CE,Towers with Radar,0,4,42,3,49,0,4,210,0,214,0,8,252,3,263,440,0,440,703
04/21/2007,DWH,TX,ASW,CE,Towers with Radar,0,0,36,0,36,0,3,169,1,173,0,3,205,1,209,332,0,332,541
04/22/2007,DWH,TX,ASW,CE,Towers with Radar,0,2,44,0,46,0,2,192,0,194,0,4,236,0,240,318,0,318,558
04/23/2007,DWH,TX,ASW,CE,Towers with Radar,0,2,63,7,72,0,1,78,2,81,0,3,141,9,153,296,0,296,449
04/24/2007,DWH,TX,ASW,CE,Towers with Radar,0,6,33,1,40,0,5,47,0,52,0,11,80,1,92,226,0,226,318
04/25/2007,DWH,TX,ASW,CE,Towers with Radar,0,3,20,4,27,0,1,76,0,77,0,4,96,4,104,266,0,266,370
04/26/2007,DWH,TX,ASW,CE,Towers with Radar,0,8,45,1,54,0,2,352,6,360,0,10,397,7,414,406,0,406,820
04/27/2007,DWH,TX,ASW,CE,Towers with Radar,0,5,43,13,61,0,3,318,4,325,0,8,361,17,386,436,20,456,842
04/28/2007,DWH,TX,ASW,CE,Towers with Radar,0,4,22,0,26,0,4,304,0,308,0,8,326,0,334,504,0,504,838
04/29/2007,DWH,TX,ASW,CE,Towers with Radar,0,2,37,4,43,0,3,333,2,338,0,5,370,6,381,572,0,572,953
04/30/2007,DWH,TX,ASW,CE,Towers with Radar,0,3,37,2,42,0,0,124,0,124,0,3,161,2,166,272,0,272,438
05/01/2007,DWH,TX,ASW,CE,Towers with Radar,0,5,44,2,51,0,1,141,0,142,0,6,185,2,193,564,0,564,757
05/02/2007,DWH,TX,ASW,CE,Towers with Radar,0,4,51,8,63,0,4,149,6,159,0,8,200,14,222,458,2,460,682
05/03/2007,DWH,TX,ASW,CE,Towers with Radar,0,13,51,2,66,0,1,145,1,147,0,14,196,3,213,352,0,352,565
05/04/2007,DWH,TX,ASW,CE,Towers with Radar,0,8,69,6,83,0,0,131,0,131,0,8,200,6,214,484,0,484,698
05/05/2007,DWH,TX,ASW,CE,Towers with Radar,0,4,51,2,57,0,5,184,1,190,0,9,235,3,247,344,0,344,591
05/06/2007,DWH,TX,ASW,CE,Towers with Radar,0,1,43,1,45,0,0,133,0,133,0,1,176,1,178,252,0,252,430
05/07/2007,DWH,TX,ASW,CE,Towers with Radar,0,9,46,2,57,0,4,250,0,254,0,13,296,2,311,274,10,284,595
05/08/2007,DWH,TX,ASW,CE,Towers with Radar,0,9,70,2,81,0,7,270,0,277,0,16,340,2,358,500,0,500,858
05/09/2007,DWH,TX,ASW,CE,Towers with Radar,0,12,44,10,66,0,4,227,1,232,0,16,271,11,298,518,8,526,824
05/10/2007,DWH,TX,ASW,CE,Towers with Radar,0,2,51,2,55,0,4,237,2,243,0,6,288,4,298,484,0,484,782
05/11/2007,DWH,TX,ASW,CE,Towers with Radar,0,3,57,15,75,0,2,196,0,198,0,5,253,15,273,324,12,336,609
05/12/2007,DWH,TX,ASW,CE,Towers with Radar,0,0,24,3,27,0,1,332,0,333,0,1,356,3,360,534,0,534,894
05/13/2007,DWH,TX,ASW,CE,Towers with Radar,0,5,34,1,40,0,2,271,0,273,0,7,305,1,313,440,0,440,753
05/14/2007,DWH,TX,ASW,CE,Towers with Radar,0,7,52,3,62,0,1,243,0,244,0,8,295,3,306,250,10,260,566
05/15/2007,DWH,TX,ASW,CE,Towers with Radar,0,5,65,4,74,0,1,262,1,264,0,6,327,5,338,582,0,582,920
05/16/2007,DWH,TX,ASW,CE,Towers with Radar,0,6,51,14,71,0,3,198,6,207,0,9,249,20,278,340,0,340,618
05/17/2007,DWH,TX,ASW,CE,Towers with Radar,0,9,44,21,74,0,1,273,2,276,0,10,317,23,350,520,0,520,870
05/18/2007,DWH,TX,ASW,CE,Towers with Radar,0,8,27,15,50,0,9,273,5,287,0,17,300,20,337,428,10,438,775
05/19/2007,DWH,TX,ASW,CE,Towers with Radar,0,0,19,0,19,0,5,315,0,320,0,5,334,0,339,458,0,458,797
05/20/2007,DWH,TX,ASW,CE,Towers with Radar,0,1,40,1,42,0,2,285,0,287,0,3,325,1,329,262,0,262,591
05/21/2007,DWH,TX,ASW,CE,Towers with Radar,0,5,49,6,60,0,0,160,1,161,0,5,209,7,221,264,0,264,485
05/22/2007,DWH,TX,ASW,CE,Towers with Radar,0,5,53,10,68,0,1,84,0,85,0,6,137,10,153,146,0,146,299
05/23/2007,DWH,TX,ASW,CE,Towers with Radar,0,4,57,14,75,0,4,139,1,144,0,8,196,15,219,348,4,352,571
05/24/2007,DWH,TX,ASW,CE,Towers with Radar,0,5,37,2,44,0,6,167,2,175,0,11,204,4,219,474,0,474,693
05/25/2007,DWH,TX,ASW,CE,Towers with Radar,0,6,59,3,68,0,0,106,0,106,0,6,165,3,174,190,0,190,364
05/26/2007,DWH,TX,ASW,CE,Towers with Radar,0,3,26,0,29,0,0,72,0,72,0,3,98,0,101,284,0,284,385
05/27/2007,DWH,TX,ASW,CE,Towers with Radar,0,4,17,0,21,0,3,123,0,126,0,7,140,0,147,240,0,240,387
05/28/2007,DWH,TX,ASW,CE,Towers with Radar,0,5,39,2,46,0,3,52,0,55,0,8,91,2,101,116,0,116,217
05/29/2007,DWH,TX,ASW,CE,Towers with Radar,0,4,43,2,49,0,5,135,1,141,0,9,178,3,190,576,0,576,766
05/30/2007,DWH,TX,ASW,CE,Towers with Radar,0,6,37,2,45,0,2,157,0,159,0,8,194,2,204,332,0,332,536
05/31/2007,DWH,TX,ASW,CE,Towers with Radar,0,0,44,5,49,0,1,214,1,216,0,1,258,6,265,390,0,390,655
06/01/2007,DWH,TX,ASW,CE,Towers with Radar,0,2,45,7,54,0,4,212,2,218,0,6,257,9,272,518,0,518,790
06/02/2007,DWH,TX,ASW,CE,Towers with Radar,0,0,46,2,48,0,2,263,0,265,0,2,309,2,313,520,0,520,833
06/03/2007,DWH,TX,ASW,CE,Towers with Radar,0,6,44,4,54,0,3,256,1,260,0,9,300,5,314,310,0,310,624
06/04/2007,DWH,TX,ASW,CE,Towers with Radar,0,5,30,5,40,0,3,199,0,202,0,8,229,5,242,290,0,290,532
06/05/2007,DWH,TX,ASW,CE,Towers with Radar,0,4,27,6,37,0,3,276,1,280,0,7,303,7,317,574,0,574,891
06/06/2007,DWH,TX,ASW,CE,Towers with Radar,0,10,58,10,78,0,7,192,0,199,0,17,250,10,277,342,0,342,619
06/07/2007,DWH,TX,ASW,CE,Towers with Radar,0,8,46,10,64,0,2,144,1,147,0,10,190,11,211,442,0,442,653
06/08/2007,DWH,TX,ASW,CE,Towers with Radar,0,4,68,11,83,0,0,203,2,205,0,4,271,13,288,430,24,454,742
06/09/2007,DWH,TX,ASW,CE,Towers with Radar,0,2,55,0,57,0,3,278,1,282,0,5,333,1,339,586,0,586,925
06/10/2007,DWH,TX,ASW,CE,Towers with Radar,0,3,36,0,39,0,2,256,0,258,0,5,292,0,297,412,0,412,709
06/11/2007,DWH,TX,ASW,CE,Towers with Radar,0,3,56,3,62,0,1,250,0,251,0,4,306,3,313,316,0,316,629
06/12/2007,DWH,TX,ASW,CE,Towers with Radar,0,5,47,5,57,0,3,247,0,250,0,8,294,5,307,500,0,500,807
06/13/2007,DWH,TX,ASW,CE,Towers with Radar,0,5,33,10,48,0,2,205,0,207,0,7,238,10,255,244,0,244,499
06/14/2007,DWH,TX,ASW,CE,Towers with Radar,0,2,53,0,55,0,5,155,0,160,0,7,208,0,215,286,0,286,501
06/15/2007,DWH,TX,ASW,CE,Towers with Radar,0,4,65,3,72,0,1,177,0,178,0,5,242,3,250,446,0,446,696
06/16/2007,DWH,TX,ASW,CE,Towers with Radar,0,1,35,0,36,0,0,58,0,58,0,1,93,0,94,248,0,248,342
06/17/2007,DWH,TX,ASW,CE,Towers with Radar,0,3,24,0,27,0,0,55,0,55,0,3,79,0,82,170,0,170,252
06/18/2007,DWH,TX,ASW,CE,Towers with Radar,0,5,40,0,45,0,1,145,0,146,0,6,185,0,191,292,0,292,483
06/19/2007,DWH,TX,ASW,CE,Towers with Radar,0,5,54,6,65,0,2,208,9,219,0,7,262,15,284,462,22,484,768
06/20/2007,DWH,TX,ASW,CE,Towers with Radar,0,2,39,2,43,0,1,170,1,172,0,3,209,3,215,646,0,646,861
06/21/2007,DWH,TX,ASW,CE,Towers with Radar,0,5,50,0,55,0,1,114,0,115,0,6,164,0,170,402,0,402,572
06/22/2007,DWH,TX,ASW,CE,Towers with Radar,0,1,43,3,47,0,4,116,2,122,0,5,159,5,169,468,0,468,637
06/23/2007,DWH,TX,ASW,CE,Towers with Radar,0,3,30,0,33,0,1,92,0,93,0,4,122,0,126,528,0,528,654
06/24/2007,DWH,TX,ASW,CE,Towers with Radar,0,9,49,0,58,0,1,214,0,215,0,10,263,0,273,546,0,546,819
06/25/2007,DWH,TX,ASW,CE,Towers with Radar,0,5,40,0,45,0,3,102,0,105,0,8,142,0,150,232,0,232,382
06/26/2007,DWH,TX,ASW,CE,Towers with Radar,0,11,35,4,50,0,2,120,0,122,0,13,155,4,172,310,0,310,482
06/27/2007,DWH,TX,ASW,CE,Towers with Radar,0,2,37,3,42,0,5,190,1,196,0,7,227,4,238,680,2,682,920
06/28/2007,DWH,TX,ASW,CE,Towers with Radar,0,5,32,6,43,0,1,213,0,214,0,6,245,6,257,449,0,449,706
06/29/2007,DWH,TX,ASW,CE,Towers with Radar,0,1,39,1,41,0,1,171,1,173,0,2,210,2,214,254,0,254,468
06/30/2007,DWH,TX,ASW,CE,Towers with Radar,0,1,37,0,38,0,2,257,0,259,0,3,294,0,297,578,0,578,875
07/01/2007,DWH,TX,ASW,CE,Towers with Radar,0,7,25,0,32,0,0,84,2,86,0,7,109,2,118,436,0,436,554
07/02/2007,DWH,TX,ASW,CE,Towers with Radar,0,5,26,1,32,0,2,131,0,133,0,7,157,1,165,264,0,264,429
07/03/2007,DWH,TX,ASW,CE,Towers with Radar,0,10,41,0,51,0,0,226,0,226,0,10,267,0,277,532,0,532,809
07/04/2007,DWH,TX,ASW,CE,Towers with Radar,0,1,34,0,35,0,6,21,0,27,0,7,55,0,62,148,0,148,210
07/05/2007,DWH,TX,ASW,CE,Towers with Radar,0,6,36,0,42,0,2,64,0,66,0,8,100,0,108,280,0,280,388
07/06/2007,DWH,TX,ASW,CE,Towers with Radar,0,5,40,0,45,0,4,85,0,89,0,9,125,0,134,184,0,184,318
07/07/2007,DWH,TX,ASW,CE,Towers with Radar,0,5,43,0,48,0,1,314,5,320,0,6,357,5,368,516,0,516,884
07/08/2007,DWH,TX,ASW,CE,Towers with Radar,0,1,55,1,57,0,1,287,1,289,0,2,342,2,346,556,0,556,902
07/09/2007,DWH,TX,ASW,CE,Towers with Radar,0,6,57,0,63,0,2,231,0,233,0,8,288,0,296,440,0,440,736
07/10/2007,DWH,TX,ASW,CE,Towers with Radar,0,7,46,0,53,0,1,220,0,221,0,8,266,0,274,502,0,502,776
07/11/2007,DWH,TX,ASW,CE,Towers with Radar,0,5,45,2,52,0,3,268,0,271,0,8,313,2,323,460,0,460,783
07/12/2007,DWH,TX,ASW,CE,Towers with Radar,0,7,51,0,58,0,3,262,3,268,0,10,313,3,326,424,0,424,750
07/13/2007,DWH,TX,ASW,CE,Towers with Radar,0,2,38,16,56,0,10,316,0,326,0,12,354,16,382,516,0,516,898
07/14/2007,DWH,TX,ASW,CE,Towers with Radar,0,9,30,0,39,0,0,151,0,151,0,9,181,0,190,384,0,384,574
07/15/2007,DWH,TX,ASW,CE,Towers with Radar,0,5,36,0,41,0,1,117,0,118,0,6,153,0,159,372,0,372,531
07/16/2007,DWH,TX,ASW,CE,Towers with Radar,0,4,26,3,33,0,3,152,3,158,0,7,178,6,191,395,0,395,586
07/17/2007,DWH,TX,ASW,CE,Towers with Radar,0,6,34,0,40,0,2,179,0,181,0,8,213,0,221,394,0,394,615
07/18/2007,DWH,TX,ASW,CE,Towers with Radar,0,2,33,4,39,0,2,183,3,188,0,4,216,7,227,324,0,324,551
07/19/2007,DWH,TX,ASW,CE,Towers with Radar,0,6,38,0,44,0,5,97,0,102,0,11,135,0,146,416,0,416,562
07/20/2007,DWH,TX,ASW,CE,Towers with Radar,0,1,45,0,46,0,0,117,0,117,0,1,162,0,163,476,0,476,639
07/21/2007,DWH,TX,ASW,CE,Towers with Radar,0,3,38,0,41,0,2,205,0,207,0,5,243,0,248,548,0,548,796
07/22/2007,DWH,TX,ASW,CE,Towers with Radar,0,7,39,0,46,0,1,191,0,192,0,8,230,0,238,338,0,338,576
07/23/2007,DWH,TX,ASW,CE,Towers with Radar,0,2,57,4,63,0,3,309,0,312,0,5,366,4,375,414,0,414,789
07/24/2007,DWH,TX,ASW,CE,Towers with Radar,0,5,67,0,72,0,1,302,1,304,0,6,369,1,376,436,0,436,812
07/25/2007,DWH,TX,ASW,CE,Towers with Radar,0,7,44,2,53,0,1,201,3,205,0,8,245,5,258,496,0,496,754
07/26/2007,DWH,TX,ASW,CE,Towers with Radar,0,5,34,0,39,0,2,94,0,96,0,7,128,0,135,332,0,332,467
07/27/2007,DWH,TX,ASW,CE,Towers with Radar,0,7,56,2,65,0,2,137,0,139,0,9,193,2,204,276,0,276,480
07/28/2007,DWH,TX,ASW,CE,Towers with Radar,0,4,52,0,56,0,1,179,0,180,0,5,231,0,236,486,0,486,722
07/29/2007,DWH,TX,ASW,CE,Towers with Radar,0,3,61,0,64,0,0,193,0,193,0,3,254,0,257,568,0,568,825
07/30/2007,DWH,TX,ASW,CE,Towers with Radar,0,4,53,3,60,0,0,227,4,231,0,4,280,7,291,486,0,486,777
07/31/2007,DWH,TX,ASW,CE,Towers with Radar,0,9,45,5,59,0,3,230,1,234,0,12,275,6,293,398,0,398,691
08/01/2007,DWH,TX,ASW,CE,Towers with Radar,0,4,38,0,42,0,8,234,5,247,0,12,272,5,289,422,0,422,711
08/02/2007,DWH,TX,ASW,CE,Towers with Radar,0,6,53,3,62,0,2,154,0,156,0,8,207,3,218,512,0,512,730
08/03/2007,DWH,TX,ASW,CE,Towers with Radar,0,6,45,3,54,0,4,239,0,243,0,10,284,3,297,454,0,454,751
08/04/2007,DWH,TX,ASW,CE,Towers with Radar,0,0,41,0,41,0,0,215,0,215,0,0,256,0,256,664,0,664,920
08/05/2007,DWH,TX,ASW,CE,Towers with Radar,0,5,44,7,56,0,0,296,0,296,0,5,340,7,352,532,0,532,884
08/06/2007,DWH,TX,ASW,CE,Towers with Radar,0,9,46,0,55,0,7,233,0,240,0,16,279,0,295,552,0,552,847
08/07/2007,DWH,TX,ASW,CE,Towers with Radar,0,8,41,9,58,0,5,262,4,271,0,13,303,13,329,436,0,436,765
08/08/2007,DWH,TX,ASW,CE,Towers with Radar,0,6,59,7,72,0,1,263,1,265,0,7,322,8,337,392,0,392,729
08/09/2007,DWH,TX,ASW,CE,Towers with Radar,0,5,39,0,44,0,2,228,1,231,0,7,267,1,275,414,0,414,689
08/10/2007,DWH,TX,ASW,CE,Towers with Radar,0,1,64,5,70,0,4,338,0,342,0,5,402,5,412,522,0,522,934
08/11/2007,DWH,TX,ASW,CE,Towers with Radar,0,1,41,4,46,0,2,341,0,343,0,3,382,4,389,598,0,598,987
08/12/2007,DWH,TX,ASW,CE,Towers with Radar,0,3,40,1,44,0,4,306,0,310,0,7,346,1,354,374,0,374,728
08/13/2007,DWH,TX,ASW,CE,Towers with Radar,0,5,48,6,59,0,2,277,0,279,0,7,325,6,338,428,0,428,766
08/14/2007,DWH,TX,ASW,CE,Towers with Radar,0,4,55,0,59,0,3,236,0,239,0,7,291,0,298,538,0,538,836
08/15/2007,DWH,TX,ASW,CE,Towers with Radar,0,2,56,0,58,0,4,171,3,178,0,6,227,3,236,474,0,474,710
08/16/2007,DWH,TX,ASW,CE,Towers with Radar,0,3,27,0,30,0,0,4,0,4,0,3,31,0,34,2,0,2,36
08/17/2007,DWH,TX,ASW,CE,Towers with Radar,0,4,35,11,50,0,3,74,3,80,0,7,109,14,130,306,0,306,436
08/18/2007,DWH,TX,ASW,CE,Towers with Radar,0,3,38,1,42,0,1,205,0,206,0,4,243,1,248,434,0,434,682
08/19/2007,DWH,TX,ASW,CE,Towers with Radar,0,7,45,4,56,0,2,343,0,345,0,9,388,4,401,552,0,552,953
08/20/2007,DWH,TX,ASW,CE,Towers with Radar,0,8,47,8,63,0,1,242,1,244,0,9,289,9,307,374,0,374,681
08/21/2007,DWH,TX,ASW,CE,Towers with Radar,0,9,50,0,59,0,4,270,0,274,0,13,320,0,333,532,0,532,865
08/22/2007,DWH,TX,ASW,CE,Towers with Radar,0,2,39,5,46,0,3,190,2,195,0,5,229,7,241,408,0,408,649
08/23/2007,DWH,TX,ASW,CE,Towers with Radar,0,6,45,5,56,0,2,212,3,217,0,8,257,8,273,354,0,354,627
08/24/2007,DWH,TX,ASW,CE,Towers with Radar,0,3,73,18,94,0,2,356,1,359,0,5,429,19,453,512,0,512,965
08/25/2007,DWH,TX,ASW,CE,Towers with Radar,0,0,42,0,42,0,0,362,0,362,0,0,404,0,404,582,0,582,986
08/26/2007,DWH,TX,ASW,CE,Towers with Radar,0,1,41,2,44,0,3,285,0,288,0,4,326,2,332,478,0,478,810
08/27/2007,DWH,TX,ASW,CE,Towers with Radar,0,4,44,4,52,0,2,220,0,222,0,6,264,4,274,336,0,336,610
08/28/2007,DWH,TX,ASW,CE,Towers with Radar,0,2,51,3,56,0,6,163,0,169,0,8,214,3,225,262,0,262,487
08/29/2007,DWH,TX,ASW,CE,Towers with Radar,0,2,62,5,69,0,0,137,0,137,0,2,199,5,206,250,6,256,462
08/30/2007,DWH,TX,ASW,CE,Towers with Radar,0,1,61,4,66,0,4,190,0,194,0,5,251,4,260,422,0,422,682
08/31/2007,DWH,TX,ASW,CE,Towers with Radar,0,5,48,5,58,0,2,216,2,220,0,7,264,7,278,462,0,462,740
09/01/2007,DWH,TX,ASW,CE,Towers with Radar,0,0,41,0,41,0,1,282,0,283,0,1,323,0,324,432,0,432,756
09/02/2007,DWH,TX,ASW,CE,Towers with Radar,0,2,59,0,61,0,1,91,0,92,0,3,150,0,153,240,0,240,393
09/03/2007,DWH,TX,ASW,CE,Towers with Radar,0,6,47,1,54,0,5,152,1,158,0,11,199,2,212,210,0,210,422
09/04/2007,DWH,TX,ASW,CE,Towers with Radar,0,5,52,3,60,0,3,191,0,194,0,8,243,3,254,436,0,436,690
09/05/2007,DWH,TX,ASW,CE,Towers with Radar,0,0,34,5,39,0,6,166,1,173,0,6,200,6,212,464,0,464,676
09/06/2007,DWH,TX,ASW,CE,Towers with Radar,0,5,44,9,58,0,13,200,1,214,0,18,244,10,272,456,0,456,728
09/07/2007,DWH,TX,ASW,CE,Towers with Radar,0,5,40,19,64,0,3,176,5,184,0,8,216,24,248,338,16,354,602
09/08/2007,DWH,TX,ASW,CE,Towers with Radar,0,2,65,2,69,0,0,273,2,275,0,2,338,4,344,438,0,438,782
09/09/2007,DWH,TX,ASW,CE,Towers with Radar,0,2,54,1,57,0,1,289,1,291,0,3,343,2,348,420,0,420,768
09/10/2007,DWH,TX,ASW,CE,Towers with Radar,0,2,49,5,56,0,6,263,1,270,0,8,312,6,326,340,0,340,666
09/11/2007,DWH,TX,ASW,CE,Towers with Radar,0,7,40,7,54,0,1,193,0,194,0,8,233,7,248,466,0,466,714
09/12/2007,DWH,TX,ASW,CE,Towers with Radar,0,5,46,0,51,0,3,32,0,35,0,8,78,0,86,138,0,138,224
09/13/2007,DWH,TX,ASW,CE,Towers with Radar,0,4,54,5,63,0,2,156,1,159,0,6,210,6,222,370,0,370,592
09/14/2007,DWH,TX,ASW,CE,Towers with Radar,0,6,49,5,60,0,2,360,4,366,0,8,409,9,426,440,0,440,866
09/15/2007,DWH,TX,ASW,CE,Towers with Radar,0,1,48,0,49,0,6,372,0,378,0,7,420,0,427,436,0,436,863
09/16/2007,DWH,TX,ASW,CE,Towers with Radar,0,4,46,8,58,0,1,338,0,339,0,5,384,8,397,420,0,420,817
09/17/2007,DWH,TX,ASW,CE,Towers with Radar,0,4,50,6,60,0,1,284,1,286,0,5,334,7,346,408,0,408,754
09/18/2007,DWH,TX,ASW,CE,Towers with Radar,0,6,64,9,79,0,1,315,1,317,0,7,379,10,396,592,0,592,988
09/19/2007,DWH,TX,ASW,CE,Towers with Radar,0,7,56,12,75,0,2,230,2,234,0,9,286,14,309,390,4,394,703
09/20/2007,DWH,TX,ASW,CE,Towers with Radar,0,8,51,16,75,0,3,313,9,325,0,11,364,25,400,446,0,446,846
09/21/2007,DWH,TX,ASW,CE,Towers with Radar,0,10,56,14,80,0,2,346,13,361,0,12,402,27,441,570,2,572,1013
09/22/2007,DWH,TX,ASW,CE,Towers with Radar,0,3,45,9,57,0,1,326,0,327,0,4,371,9,384,514,0,514,898
09/23/2007,DWH,TX,ASW,CE,Towers with Radar,0,0,45,2,47,0,2,253,2,257,0,2,298,4,304,322,0,322,626
09/24/2007,DWH,TX,ASW,CE,Towers with Radar,0,3,48,4,55,0,2,206,0,208,0,5,254,4,263,276,0,276,539
09/25/2007,DWH,TX,ASW,CE,Towers with Radar,0,6,45,4,55,0,3,124,2,129,0,9,169,6,184,322,6,328,512
09/26/2007,DWH,TX,ASW,CE,Towers with Radar,0,5,70,6,81,0,3,143,3,149,0,8,213,9,230,456,0,456,686
09/27/2007,DWH,TX,ASW,CE,Towers with Radar,0,3,53,6,62,0,6,233,2,241,0,9,286,8,303,440,0,440,743
09/28/2007,DWH,TX,ASW,CE,Towers with Radar,0,2,57,5,64,0,2,326,1,329,0,4,383,6,393,382,4,386,779
09/29/2007,DWH,TX,ASW,CE,Towers with Radar,0,1,40,0,41,0,3,314,0,317,0,4,354,0,358,472,0,472,830
09/30/2007,DWH,TX,ASW,CE,Towers with Radar,0,5,76,0,81,0,1,265,0,266,0,6,341,0,347,596,0,596,943
10/01/2007,DWH,TX,ASW,CE,Towers with Radar,0,3,60,0,63,0,4,194,0,198,0,7,254,0,261,360,0,360,621
10/02/2007,DWH,TX,ASW,CE,Towers with Radar,0,8,41,11,60,0,2,238,3,243,0,10,279,14,303,406,4,410,713
10/03/2007,DWH,TX,ASW,CE,Towers with Radar,0,6,60,7,73,0,2,282,5,289,0,8,342,12,362,506,0,506,868
10/04/2007,DWH,TX,ASW,CE,Towers with Radar,0,4,45,5,54,0,4,240,6,250,0,8,285,11,304,336,0,336,640
10/05/2007,DWH,TX,ASW,CE,Towers with Radar,0,2,67,5,74,0,11,152,7,170,0,13,219,12,244,444,0,444,688
10/06/2007,DWH,TX,ASW,CE,Towers with Radar,0,3,43,2,48,0,3,150,0,153,0,6,193,2,201,454,0,454,655
10/07/2007,DWH,TX,ASW,CE,Towers with Radar,0,11,46,0,57,0,2,68,0,70,0,13,114,0,127,212,0,212,339
10/08/2007,DWH,TX,ASW,CE,Towers with Radar,0,3,49,0,52,0,7,98,0,105,0,10,147,0,157,188,0,188,345
10/09/2007,DWH,TX,ASW,CE,Towers with Radar,0,10,49,10,69,0,8,222,0,230,0,18,271,10,299,432,0,432,731
10/10/2007,DWH,TX,ASW,CE,Towers with Radar,0,8,49,16,73,0,3,238,2,243,0,11,287,18,316,336,0,336,652
10/11/2007,DWH,TX,ASW,CE,Towers with Radar,0,4,58,8,70,0,3,309,3,315,0,7,367,11,385,594,2,596,981
10/12/2007,DWH,TX,ASW,CE,Towers with Radar,0,0,43,5,48,0,5,324,5,334,0,5,367,10,382,500,14,514,896
10/13/2007,DWH,TX,ASW,CE,Towers with Radar,0,1,54,0,55,0,2,382,0,384,0,3,436,0,439,520,0,520,959
10/14/2007,DWH,TX,ASW,CE,Towers with Radar,0,3,65,4,72,0,1,284,0,285,0,4,349,4,357,292,0,292,649
10/15/2007,DWH,TX,ASW,CE,Towers with Radar,0,8,29,0,37,0,1,93,0,94,0,9,122,0,131,144,0,144,275
10/16/2007,DWH,TX,ASW,CE,Towers with Radar,0,5,87,2,94,0,2,81,0,83,0,7,168,2,177,388,0,388,565
10/17/2007,DWH,TX,ASW,CE,Towers with Radar,0,7,61,7,75,0,4,197,2,203,0,11,258,9,278,410,0,410,688
10/18/2007,DWH,TX,ASW,CE,Towers with Radar,0,7,67,4,78,0,2,242,1,245,0,9,309,5,323,298,0,298,621
10/19/2007,DWH,TX,ASW,CE,Towers with Radar,0,8,50,13,71,0,2,347,11,360,0,10,397,24,431,434,26,460,891
10/20/2007,DWH,TX,ASW,CE,Towers with Radar,0,0,24,7,31,0,2,403,5,410,0,2,427,12,441,384,0,384,825
10/21/2007,DWH,TX,ASW,CE,Towers with Radar,0,6,43,0,49,0,0,317,0,317,0,6,360,0,366,314,0,314,680
10/22/2007,DWH,TX,ASW,CE,Towers with Radar,0,1,35,0,36,0,3,40,0,43,0,4,75,0,79,14,0,14,93
10/23/2007,DWH,TX,ASW,CE,Towers with Radar,0,4,36,9,49,0,2,189,0,191,0,6,225,9,240,102,0,102,342
10/24/2007,DWH,TX,ASW,CE,Towers with Radar,0,6,40,7,53,0,4,242,3,249,0,10,282,10,302,402,6,408,710
10/25/2007,DWH,TX,ASW,CE,Towers with Radar,0,3,41,4,48,0,1,335,2,338,0,4,376,6,386,540,2,542,928
10/26/2007,DWH,TX,ASW,CE,Towers with Radar,0,4,60,8,72,0,0,444,0,444,0,4,504,8,516,500,0,500,1016
10/27/2007,DWH,TX,ASW,CE,Towers with Radar,0,2,40,1,43,0,2,366,0,368,0,4,406,1,411,342,0,342,753
10/28/2007,DWH,TX,ASW,CE,Towers with Radar,0,2,50,4,56,0,1,323,0,324,0,3,373,4,380,406,0,406,786
10/29/2007,DWH,TX,ASW,CE,Towers with Radar,0,6,38,3,47,0,1,247,2,250,0,7,285,5,297,584,0,584,881
10/30/2007,DWH,TX,ASW,CE,Towers with Radar,0,0,57,8,65,0,2,342,3,347,0,2,399,11,412,564,0,564,976
10/31/2007,DWH,TX,ASW,CE,Towers with Radar,0,5,44,6,55,0,2,230,3,235,0,7,274,9,290,478,6,484,774
11/01/2007,DWH,TX,ASW,CE,Towers with Radar,0,4,74,9,87,0,6,276,3,285,0,10,350,12,372,406,0,406,778
11/02/2007,DWH,TX,ASW,CE,Towers with Radar,0,4,66,2,72,0,0,304,2,306,0,4,370,4,378,552,0,552,930
11/03/2007,DWH,TX,ASW,CE,Towers with Radar,0,1,59,3,63,0,1,346,1,348,0,2,405,4,411,526,2,528,939
11/04/2007,DWH,TX,ASW,CE,Towers with Radar,0,4,51,2,57,0,1,324,0,325,0,5,375,2,382,372,0,372,754
11/05/2007,DWH,TX,ASW,CE,Towers with Radar,0,7,56,7,70,0,3,244,2,249,0,10,300,9,319,336,0,336,655
11/06/2007,DWH,TX,ASW,CE,Towers with Radar,0,9,52,5,66,0,3,214,2,219,0,12,266,7,285,474,0,474,759
11/07/2007,DWH,TX,ASW,CE,Towers with Radar,0,6,61,2,69,0,0,222,4,226,0,6,283,6,295,552,0,552,847
11/08/2007,DWH,TX,ASW,CE,Towers with Radar,0,4,56,2,62,0,5,148,2,155,0,9,204,4,217,484,0,484,701
11/09/2007,DWH,TX,ASW,CE,Towers with Radar,0,4,66,6,76,0,1,223,0,224,0,5,289,6,300,668,0,668,968
11/10/2007,DWH,TX,ASW,CE,Towers with Radar,0,1,48,0,49,0,1,305,1,307,0,2,353,1,356,626,6,632,988
11/11/2007,DWH,TX,ASW,CE,Towers with Radar,0,2,56,0,58,0,0,313,0,313,0,2,369,0,371,516,0,516,887
11/12/2007,DWH,TX,ASW,CE,Towers with Radar,0,2,50,2,54,0,3,153,1,157,0,5,203,3,211,206,0,206,417
11/13/2007,DWH,TX,ASW,CE,Towers with Radar,0,3,78,0,81,0,4,254,0,258,0,7,332,0,339,482,0,482,821
11/14/2007,DWH,TX,ASW,CE,Towers with Radar,0,15,49,13,77,0,3,185,4,192,0,18,234,17,269,558,0,558,827
11/15/2007,DWH,TX,ASW,CE,Towers with Radar,0,8,37,6,51,0,4,248,2,254,0,12,285,8,305,438,2,440,745
11/16/2007,DWH,TX,ASW,CE,Towers with Radar,0,1,41,8,50,0,1,345,7,353,0,2,386,15,403,434,2,436,839
11/17/2007,DWH,TX,ASW,CE,Towers with Radar,0,0,66,2,68,0,0,292,0,292,0,0,358,2,360,544,0,544,904
11/18/2007,DWH,TX,ASW,CE,Towers with Radar,0,2,62,0,64,0,3,179,0,182,0,5,241,0,246,458,0,458,704
11/19/2007,DWH,TX,ASW,CE,Towers with Radar,0,3,57,0,60,0,0,163,0,163,0,3,220,0,223,282,0,282,505
11/20/2007,DWH,TX,ASW,CE,Towers with Radar,0,3,77,3,83,0,5,288,1,294,0,8,365,4,377,616,0,616,993
11/21/2007,DWH,TX,ASW,CE,Towers with Radar,0,7,63,9,79,0,5,176,0,181,0,12,239,9,260,308,0,308,568
11/22/2007,DWH,TX,ASW,CE,Towers with Radar,0,3,19,0,22,0,6,56,0,62,0,9,75,0,84,120,0,120,204
11/23/2007,DWH,TX,ASW,CE,Towers with Radar,0,4,47,3,54,0,0,216,0,216,0,4,263,3,270,372,0,372,642
11/24/2007,DWH,TX,ASW,CE,Towers with Radar,0,4,16,0,20,0,0,0,0,0,0,4,16,0,20,0,0,0,20
11/25/2007,DWH,TX,ASW,CE,Towers with Radar,0,3,43,0,46,0,0,2,0,2,0,3,45,0,48,10,0,10,58
11/26/2007,DWH,TX,ASW,CE,Towers with Radar,0,6,50,3,59,0,1,331,0,332,0,7,381,3,391,430,0,430,821
11/27/2007,DWH,TX,ASW,CE,Towers with Radar,0,7,38,4,49,0,8,323,1,332,0,15,361,5,381,446,0,446,827
11/28/2007,DWH,TX,ASW,CE,Towers with Radar,0,5,45,6,56,0,2,311,0,313,0,7,356,6,369,502,0,502,871
11/29/2007,DWH,TX,ASW,CE,Towers with Radar,0,7,36,2,45,0,3,283,1,287,0,10,319,3,332,624,0,624,956
11/30/2007,DWH,TX,ASW,CE,Towers with Radar,0,1,77,7,85,0,0,174,2,176,0,1,251,9,261,280,0,280,541
12/01/2007,DWH,TX,ASW,CE,Towers with Radar,0,0,47,2,49,0,3,176,2,181,0,3,223,4,230,368,8,376,606
12/02/2007,DWH,TX,ASW,CE,Towers with Radar,0,0,54,2,56,0,2,119,1,122,0,2,173,3,178,244,0,244,422
12/03/2007,DWH,TX,ASW,CE,Towers with Radar,0,6,39,5,50,0,5,267,1,273,0,11,306,6,323,306,0,306,629
12/04/2007,DWH,TX,ASW,CE,Towers with Radar,0,11,37,10,58,0,4,267,3,274,0,15,304,13,332,484,0,484,816
12/05/2007,DWH,TX,ASW,CE,Towers with Radar,0,2,59,8,69,0,6,277,2,285,0,8,336,10,354,400,0,400,754
12/06/2007,DWH,TX,ASW,CE,Towers with Radar,0,4,55,4,63,0,1,204,2,207,0,5,259,6,270,276,0,276,546
12/07/2007,DWH,TX,ASW,CE,Towers with Radar,0,13,64,0,77,0,1,205,4,210,0,14,269,4,287,616,0,616,903
12/08/2007,DWH,TX,ASW,CE,Towers with Radar,0,0,51,5,56,0,4,238,1,243,0,4,289,6,299,586,2,588,887
12/09/2007,DWH,TX,ASW,CE,Towers with Radar,0,2,68,0,70,0,0,189,0,189,0,2,257,0,259,470,0,470,729
12/10/2007,DWH,TX,ASW,CE,Towers with Radar,0,3,21,0,24,0,0,11,0,11,0,3,32,0,35,72,0,72,107
12/11/2007,DWH,TX,ASW,CE,Towers with Radar,0,2,69,2,73,0,1,203,3,207,0,3,272,5,280,536,0,536,816
12/12/2007,DWH,TX,ASW,CE,Towers with Radar,0,4,68,3,75,0,0,0,0,0,0,4,68,3,75,0,0,0,75
12/13/2007,DWH,TX,ASW,CE,Towers with Radar,0,6,80,6,92,0,2,120,0,122,0,8,200,6,214,400,0,400,614
12/14/2007,DWH,TX,ASW,CE,Towers with Radar,0,3,46,1,50,0,0,0,0,0,0,3,46,1,50,0,0,0,50
12/15/2007,DWH,TX,ASW,CE,Towers with Radar,0,3,25,0,28,0,3,50,0,53,0,6,75,0,81,44,0,44,125
12/16/2007,DWH,TX,ASW,CE,Towers with Radar,0,6,45,1,52,0,5,317,0,322,0,11,362,1,374,588,0,588,962
12/17/2007,DWH,TX,ASW,CE,Towers with Radar,0,4,49,4,57,0,3,305,5,313,0,7,354,9,370,474,0,474,844
12/18/2007,DWH,TX,ASW,CE,Towers with Radar,0,4,42,5,51,0,1,258,0,259,0,5,300,5,310,478,0,478,788
12/19/2007,DWH,TX,ASW,CE,Towers with Radar,0,2,68,0,70,0,2,116,2,120,0,4,184,2,190,368,0,368,558
12/20/2007,DWH,TX,ASW,CE,Towers with Radar,0,6,56,2,64,0,4,311,0,315,0,10,367,2,379,244,0,244,623
12/21/2007,DWH,TX,ASW,CE,Towers with Radar,0,9,51,2,62,0,3,368,0,371,0,12,419,2,433,490,0,490,923
12/22/2007,DWH,TX,ASW,CE,Towers with Radar,0,0,40,0,40,0,2,135,0,137,0,2,175,0,177,192,0,192,369
12/23/2007,DWH,TX,ASW,CE,Towers with Radar,0,2,49,0,51,0,1,335,0,336,0,3,384,0,387,464,0,464,851
12/24/2007,DWH,TX,ASW,CE,Towers with Radar,0,2,13,0,15,0,5,192,0,197,0,7,205,0,212,334,0,334,546
12/25/2007,DWH,TX,ASW,CE,Towers with Radar,0,0,4,0,4,0,1,96,0,97,0,1,100,0,101,48,0,48,149
12/26/2007,DWH,TX,ASW,CE,Towers with Radar,0,6,28,0,34,0,9,51,0,60,0,15,79,0,94,96,0,96,190
12/27/2007,DWH,TX,ASW,CE,Towers with Radar,0,6,36,2,44,0,9,237,0,246,0,15,273,2,290,512,0,512,802
12/28/2007,DWH,TX,ASW,CE,Towers with Radar,0,3,23,1,27,0,5,280,0,285,0,8,303,1,312,290,0,290,602
12/29/2007,DWH,TX,ASW,CE,Towers with Radar,0,3,27,0,30,0,3,291,0,294,0,6,318,0,324,380,0,380,704
12/30/2007,DWH,TX,ASW,CE,Towers with Radar,0,0,26,0,26,0,1,219,0,220,0,1,245,0,246,370,0,370,616
12/31/2007,DWH,TX,ASW,CE,Towers with Radar,0,1,39,0,40,0,4,264,0,268,0,5,303,0,308,358,0,358,666
01/01/2008,DWH,TX,ASW,CE,Towers with Radar,0,0,13,0,13,0,0,76,0,76,0,0,89,0,89,128,0,128,217
01/02/2008,DWH,TX,ASW,CE,Towers with Radar,0,4,33,4,41,0,8,195,0,203,0,12,228,4,244,730,0,730,974
01/03/2008,DWH,TX,ASW,CE,Towers with Radar,0,1,38,4,43,0,4,235,1,240,0,5,273,5,283,490,0,490,773
01/04/2008,DWH,TX,ASW,CE,Towers with Radar,0,2,50,3,55,0,0,139,1,140,0,2,189,4,195,406,0,406,601
01/05/2008,DWH,TX,ASW,CE,Towers with Radar,0,0,48,0,48,0,4,200,0,204,0,4,248,0,252,588,0,588,840
01/06/2008,DWH,TX,ASW,CE,Towers with Radar,0,4,81,2,87,0,2,186,1,189,0,6,267,3,276,264,0,264,540
01/07/2008,DWH,TX,ASW,CE,Towers with Radar,0,4,66,8,78,0,1,136,1,138,0,5,202,9,216,370,0,370,586
01/08/2008,DWH,TX,ASW,CE,Towers with Radar,0,7,48,4,59,0,4,118,0,122,0,11,166,4,181,458,0,458,639
01/09/2008,DWH,TX,ASW,CE,Towers with Radar,0,2,37,6,45,0,0,311,1,312,0,2,348,7,357,568,0,568,925
01/10/2008,DWH,TX,ASW,CE,Towers with Radar,0,9,52,8,69,0,2,164,2,168,0,11,216,10,237,282,0,282,519
01/11/2008,DWH,TX,ASW,CE,Towers with Radar,0,4,49,4,57,0,0,351,3,354,0,4,400,7,411,688,4,692,1103
01/12/2008,DWH,TX,ASW,CE,Towers with Radar,0,0,32,2,34,0,6,294,0,300,0,6,326,2,334,568,0,568,902
01/13/2008,DWH,TX,ASW,CE,Towers with Radar,0,3,44,12,59,0,1,344,2,347,0,4,388,14,406,520,8,528,934
01/14/2008,DWH,TX,ASW,CE,Towers with Radar,0,2,41,5,48,0,4,232,1,237,0,6,273,6,285,560,0,560,845
01/15/2008,DWH,TX,ASW,CE,Towers with Radar,0,1,57,0,58,0,6,226,0,232,0,7,283,0,290,742,0,742,1032
01/16/2008,DWH,TX,ASW,CE,Towers with Radar,0,11,67,3,81,0,1,5,0,6,0,12,72,3,87,26,0,26,113
01/17/2008,DWH,TX,ASW,CE,Towers with Radar,0,2,52,8,62,0,3,271,2,276,0,5,323,10,338,662,0,662,1000
01/18/2008,DWH,TX,ASW,CE,Towers with Radar,0,2,65,10,77,0,2,76,5,83,0,4,141,15,160,372,0,372,532
01/19/2008,DWH,TX,ASW,CE,Towers with Radar,0,2,34,2,38,0,0,303,2,305,0,2,337,4,343,378,0,378,721
01/20/2008,DWH,TX,ASW,CE,Towers with Radar,0,0,36,0,36,0,1,262,0,263,0,1,298,0,299,370,0,370,669
01/21/2008,DWH,TX,ASW,CE,Towers with Radar,0,6,41,0,47,0,0,65,0,65,0,6,106,0,112,250,0,250,362
01/22/2008,DWH,TX,ASW,CE,Towers with Radar,0,0,53,0,53,0,0,0,0,0,0,0,53,0,53,0,0,0,53
01/23/2008,DWH,TX,ASW,CE,Towers with Radar,0,0,35,2,37,0,0,0,0,0,0,0,35,2,37,2,0,2,39
01/24/2008,DWH,TX,ASW,CE,Towers with Radar,0,4,48,6,58,0,2,146,3,151,0,6,194,9,209,708,0,708,917
01/25/2008,DWH,TX,ASW,CE,Towers with Radar,0,1,78,2,81,0,0,4,0,4,0,1,82,2,85,50,0,50,135
01/26/2008,DWH,TX,ASW,CE,Towers with Radar,0,3,113,1,117,0,1,255,0,256,0,4,368,1,373,520,0,520,893
01/27/2008,DWH,TX,ASW,CE,Towers with Radar,0,3,52,0,55,0,3,243,0,246,0,6,295,0,301,370,0,370,671
01/28/2008,DWH,TX,ASW,CE,Towers with Radar,0,2,60,2,64,0,0,191,0,191,0,2,251,2,255,596,0,596,851
01/29/2008,DWH,TX,ASW,CE,Towers with Radar,0,5,35,8,48,0,1,103,1,105,0,6,138,9,153,342,0,342,495
01/30/2008,DWH,TX,ASW,CE,Towers with Radar,0,2,41,5,48,0,3,281,4,288,0,5,322,9,336,408,0,408,744
01/31/2008,DWH,TX,ASW,CE,Towers with Radar,0,6,27,4,37,0,2,64,0,66,0,8,91,4,103,184,0,184,287
02/01/2008,DWH,TX,ASW,CE,Towers with Radar,0,6,65,9,80,0,1,387,1,389,0,7,452,10,469,776,2,778,1247
02/02/2008,DWH,TX,ASW,CE,Towers with Radar,0,2,50,0,52,0,5,474,2,481,0,7,524,2,533,694,0,694,1227
02/03/2008,DWH,TX,ASW,CE,Towers with Radar,0,6,104,5,115,0,1,39,0,40,0,7,143,5,155,146,0,146,301
02/04/2008,DWH,TX,ASW,CE,Towers with Radar,0,3,53,18,74,0,0,120,0,120,0,3,173,18,194,178,0,178,372
02/05/2008,DWH,TX,ASW,CE,Towers with Radar,0,5,58,3,66,0,4,71,6,81,0,9,129,9,147,188,2,190,337
02/06/2008,DWH,TX,ASW,CE,Towers with Radar,0,9,48,7,64,0,4,309,1,314,0,13,357,8,378,340,0,340,718
02/07/2008,DWH,TX,ASW,CE,Towers with Radar,0,9,51,0,60,0,5,240,2,247,0,14,291,2,307,258,0,258,565
02/08/2008,DWH,TX,ASW,CE,Towers with Radar,0,5,53,4,62,0,1,271,3,275,0,6,324,7,337,236,2,238,575
02/09/2008,DWH,TX,ASW,CE,Towers with Radar,0,7,35,2,44,0,0,330,1,331,0,7,365,3,375,642,14,656,1031
02/10/2008,DWH,TX,ASW,CE,Towers with Radar,0,5,51,1,57,0,3,331,0,334,0,8,382,1,391,438,0,438,829
02/11/2008,DWH,TX,ASW,CE,Towers with Radar,0,2,37,1,40,0,1,66,2,69,0,3,103,3,109,184,0,184,293
02/12/2008,DWH,TX,ASW,CE,Towers with Radar,0,3,87,0,90,0,7,78,6,91,0,10,165,6,181,74,2,76,257
02/13/2008,DWH,TX,ASW,CE,Towers with Radar,0,3,53,8,64,0,4,279,2,285,0,7,332,10,349,474,0,474,823
02/14/2008,DWH,TX,ASW,CE,Towers with Radar,0,9,40,8,57,0,3,241,1,245,0,12,281,9,302,294,0,294,596
02/15/2008,DWH,TX,ASW,CE,Towers with Radar,0,7,55,5,67,0,3,48,0,51,0,10,103,5,118,82,0,82,200
02/16/2008,DWH,TX,ASW,CE,Towers with Radar,0,4,31,1,36,0,0,6,0,6,0,4,37,1,42,92,0,92,134
02/17/2008,DWH,TX,ASW,CE,Towers with Radar,0,2,32,5,39,0,2,288,0,290,0,4,320,5,329,224,0,224,553
02/18/2008,DWH,TX,ASW,CE,Towers with Radar,0,2,47,2,51,0,2,285,0,287,0,4,332,2,338,308,0,308,646
02/19/2008,DWH,TX,ASW,CE,Towers with Radar,0,7,62,7,76,0,7,304,4,315,0,14,366,11,391,506,0,506,897
02/20/2008,DWH,TX,ASW,CE,Towers with Radar,0,4,67,2,73,0,2,63,0,65,0,6,130,2,138,270,0,270,408
02/21/2008,DWH,TX,ASW,CE,Towers with Radar,0,4,35,0,39,0,2,37,0,39,0,6,72,0,78,168,0,168,246
02/22/2008,DWH,TX,ASW,CE,Towers with Radar,0,2,82,4,88,0,4,112,3,119,0,6,194,7,207,180,0,180,387
02/23/2008,DWH,TX,ASW,CE,Towers with Radar,0,2,41,1,44,0,3,262,1,266,0,5,303,2,310,281,0,281,591
02/24/2008,DWH,TX,ASW,CE,Towers with Radar,0,1,36,6,43,0,3,290,0,293,0,4,326,6,336,192,0,192,528
02/25/2008,DWH,TX,ASW,CE,Towers with Radar,0,8,65,10,83,0,2,134,0,136,0,10,199,10,219,88,0,88,307
02/26/2008,DWH,TX,ASW,CE,Towers with Radar,0,7,37,10,54,0,3,186,0,189,0,10,223,10,243,170,0,170,413
02/27/2008,DWH,TX,ASW,CE,Towers with Radar,0,7,51,8,66,0,2,343,2,347,0,9,394,10,413,434,0,434,847
02/28/2008,DWH,TX,ASW,CE,Towers with Radar,0,6,28,5,39,0,2,182,1,185,0,8,210,6,224,260,0,260,484
02/29/2008,DWH,TX,ASW,CE,Towers with Radar,0,7,41,8,56,0,0,308,3,311,0,7,349,11,367,436,0,436,803
03/01/2008,DWH,TX,ASW,CE,Towers with Radar,0,0,37,7,44,0,2,280,4,286,0,2,317,11,330,492,4,496,826
03/02/2008,DWH,TX,ASW,CE,Towers with Radar,0,0,52,6,58,0,2,112,1,115,0,2,164,7,173,248,0,248,421
03/03/2008,DWH,TX,ASW,CE,Towers with Radar,0,5,15,3,23,0,4,4,3,11,0,9,19,6,34,30,0,30,64
03/04/2008,DWH,TX,ASW,CE,Towers with Radar,0,0,55,1,56,0,8,270,0,278,0,8,325,1,334,540,0,540,874
03/05/2008,DWH,TX,ASW,CE,Towers with Radar,0,3,47,6,56,0,10,304,0,314,0,13,351,6,370,444,0,444,814
03/06/2008,DWH,TX,ASW,CE,Towers with Radar,0,1,42,0,43,0,3,29,0,32,0,4,71,0,75,174,0,174,249
03/07/2008,DWH,TX,ASW,CE,Towers with Radar,0,1,34,6,41,0,1,52,2,55,0,2,86,8,96,28,0,28,124
03/08/2008,DWH,TX,ASW,CE,Towers with Radar,0,4,27,0,31,0,3,312,0,315,0,7,339,0,346,436,0,436,782
03/09/2008,DWH,TX,ASW,CE,Towers with Radar,0,3,37,0,40,0,3,275,2,280,0,6,312,2,320,279,0,279,599
03/10/2008,DWH,TX,ASW,CE,Towers with Radar,0,8,28,0,36,0,1,36,0,37,0,9,64,0,73,76,0,76,149
03/11/2008,DWH,TX,ASW,CE,Towers with Radar,0,3,59,6,68,0,5,234,2,241,0,8,293,8,309,428,0,428,737
03/12/2008,DWH,TX,ASW,CE,Towers with Radar,0,4,38,10,52,0,4,269,3,276,0,8,307,13,328,443,0,443,771
03/13/2008,DWH,TX,ASW,CE,Towers with Radar,0,1,64,2,67,0,6,143,2,151,0,7,207,4,218,381,0,381,599
03/14/2008,DWH,TX,ASW,CE,Towers with Radar,0,8,59,14,81,0,8,177,3,188,0,16,236,17,269,303,2,305,574
03/15/2008,DWH,TX,ASW,CE,Towers with Radar,0,7,33,0,40,0,1,297,0,298,0,8,330,0,338,352,0,352,690
03/16/2008,DWH,TX,ASW,CE,Towers with Radar,0,4,44,1,49,0,3,135,3,141,0,7,179,4,190,98,4,102,292
03/17/2008,DWH,TX,ASW,CE,Towers with Radar,0,4,40,1,45,0,5,46,2,53,0,9,86,3,98,86,0,86,184
03/18/2008,DWH,TX,ASW,CE,Towers with Radar,0,3,9,0,12,0,1,1,0,2,0,4,10,0,14,0,0,0,14
03/19/2008,DWH,TX,ASW,CE,Towers with Radar,0,4,51,3,58,0,4,158,3,165,0,8,209,6,223,108,0,108,331
03/20/2008,DWH,TX,ASW,CE,Towers with Radar,0,7,52,5,64,0,2,271,1,274,0,9,323,6,338,422,0,422,760
03/21/2008,DWH,TX,ASW,CE,Towers with Radar,0,8,42,14,64,0,8,257,3,268,0,16,299,17,332,440,6,446,778
03/22/2008,DWH,TX,ASW,CE,Towers with Radar,0,6,23,0,29,0,7,270,0,277,0,13,293,0,306,504,0,504,810
03/23/2008,DWH,TX,ASW,CE,Towers with Radar,0,1,36,0,37,0,4,136,0,140,0,5,172,0,177,199,0,199,376
03/24/2008,DWH,TX,ASW,CE,Towers with Radar,0,5,48,5,58,0,1,245,4,250,0,6,293,9,308,434,0,434,742
03/25/2008,DWH,TX,ASW,CE,Towers with Radar,0,3,64,9,76,0,5,279,2,286,0,8,343,11,362,424,2,426,788
03/26/2008,DWH,TX,ASW,CE,Towers with Radar,0,3,47,13,63,0,5,196,5,206,0,8,243,18,269,470,0,470,739
03/27/2008,DWH,TX,ASW,CE,Towers with Radar,0,3,52,5,60,0,5,222,4,231,0,8,274,9,291,194,0,194,485
03/28/2008,DWH,TX,ASW,CE,Towers with Radar,0,1,79,17,97,0,2,229,1,232,0,3,308,18,329,454,0,454,783
03/29/2008,DWH,TX,ASW,CE,Towers with Radar,0,2,68,0,70,0,4,180,0,184,0,6,248,0,254,364,0,364,618
03/30/2008,DWH,TX,ASW,CE,Towers with Radar,0,3,55,0,58,0,1,190,1,192,0,4,245,1,250,138,0,138,388
03/31/2008,DWH,TX,ASW,CE,Towers with Radar,0,3,37,2,42,0,5,97,5,107,0,8,134,7,149,96,0,96,245
04/01/2008,DWH,TX,ASW,CE,Towers with Radar,0,6,51,1,58,0,4,153,0,157,0,10,204,1,215,396,0,396,611
04/02/2008,DWH,TX,ASW,CE,Towers with Radar,0,8,55,2,65,0,3,52,0,55,0,11,107,2,120,256,0,256,376
04/03/2008,DWH,TX,ASW,CE,Towers with Radar,0,2,65,2,69,0,1,152,0,153,0,3,217,2,222,256,0,256,478
04/04/2008,DWH,TX,ASW,CE,Towers with Radar,0,2,73,6,81,0,2,42,0,44,0,4,115,6,125,150,0,150,275
04/05/2008,DWH,TX,ASW,CE,Towers with Radar,0,2,73,2,77,0,2,274,0,276,0,4,347,2,353,334,8,342,695
04/06/2008,DWH,TX,ASW,CE,Towers with Radar,0,1,61,2,64,0,3,288,0,291,0,4,349,2,355,506,0,506,861
04/07/2008,DWH,TX,ASW,CE,Towers with Radar,0,2,57,5,64,0,5,153,0,158,0,7,210,5,222,328,0,328,550
04/08/2008,DWH,TX,ASW,CE,Towers with Radar,0,11,59,2,72,0,3,197,0,200,0,14,256,2,272,364,0,364,636
04/09/2008,DWH,TX,ASW,CE,Towers with Radar,0,6,44,8,58,0,5,80,2,87,0,11,124,10,145,206,12,218,363
04/10/2008,DWH,TX,ASW,CE,Towers with Radar,0,11,54,0,65,0,5,64,0,69,0,16,118,0,134,182,0,182,316
04/11/2008,DWH,TX,ASW,CE,Towers with Radar,0,5,59,17,81,0,9,203,7,219,0,14,262,24,300,282,2,284,584
04/12/2008,DWH,TX,ASW,CE,Towers with Radar,0,5,40,1,46,0,3,287,0,290,0,8,327,1,336,232,0,232,568
04/13/2008,DWH,TX,ASW,CE,Towers with Radar,0,2,40,0,42,0,2,265,1,268,0,4,305,1,310,246,0,246,556
04/14/2008,DWH,TX,ASW,CE,Towers with Radar,0,1,38,18,57,0,1,246,5,252,0,2,284,23,309,124,4,128,437
04/15/2008,DWH,TX,ASW,CE,Towers with Radar,0,2,33,1,36,0,4,205,4,213,0,6,238,5,249,276,0,276,525
04/16/2008,DWH,TX,ASW,CE,Towers with Radar,0,3,60,6,69,0,4,205,0,209,0,7,265,6,278,244,0,244,522
04/17/2008,DWH,TX,ASW,CE,Towers with Radar,0,10,54,2,66,0,8,121,3,132,0,18,175,5,198,104,8,112,310
04/18/2008,DWH,TX,ASW,CE,Towers with Radar,0,2,55,5,62,0,1,254,4,259,0,3,309,9,321,384,0,384,705
04/19/2008,DWH,TX,ASW,CE,Towers with Radar,0,4,36,3,43,0,4,323,0,327,0,8,359,3,370,270,0,270,640
04/20/2008,DWH,TX,ASW,CE,Towers with Radar,0,2,34,0,36,0,2,208,0,210,0,4,242,0,246,344,0,344,590
04/21/2008,DWH,TX,ASW,CE,Towers with Radar,0,5,65,6,76,0,5,143,0,148,0,10,208,6,224,366,0,366,590
04/22/2008,DWH,TX,ASW,CE,Towers with Radar,0,8,67,4,79,0,3,135,2,140,0,11,202,6,219,362,0,362,581
04/23/2008,DWH,TX,ASW,CE,Towers with Radar,0,6,54,9,69,0,3,190,0,193,0,9,244,9,262,308,0,308,570
04/24/2008,DWH,TX,ASW,CE,Towers with Radar,0,3,66,2,71,0,3,188,5,196,0,6,254,7,267,261,0,261,528
04/25/2008,DWH,TX,ASW,CE,Towers with Radar,0,5,64,9,78,0,2,210,2,214,0,7,274,11,292,266,0,266,558
04/26/2008,DWH,TX,ASW,CE,Towers with Radar,0,1,29,2,32,0,4,195,0,199,0,5,224,2,231,340,0,340,571
04/27/2008,DWH,TX,ASW,CE,Towers with Radar,0,4,41,2,47,0,0,49,0,49,0,4,90,2,96,94,0,94,190
04/28/2008,DWH,TX,ASW,CE,Towers with Radar,0,1,45,6,52,0,3,251,6,260,0,4,296,12,312,208,0,208,520
04/29/2008,DWH,TX,ASW,CE,Towers with Radar,0,6,52,13,71,0,6,320,3,329,0,12,372,16,400,386,0,386,786
04/30/2008,DWH,TX,ASW,CE,Towers with Radar,0,11,36,8,55,0,3,204,0,207,0,14,240,8,262,332,0,332,594
05/01/2008,DWH,TX,ASW,CE,Towers with Radar,0,8,59,7,74,0,0,164,1,165,0,8,223,8,239,210,0,210,449
05/02/2008,DWH,TX,ASW,CE,Towers with Radar,0,6,60,0,66,0,3,247,2,252,0,9,307,2,318,298,0,298,616
05/03/2008,DWH,TX,ASW,CE,Towers with Radar,0,2,41,0,43,0,4,238,0,242,0,6,279,0,285,264,0,264,549
05/04/2008,DWH,TX,ASW,CE,Towers with Radar,0,8,38,2,48,0,4,321,0,325,0,12,359,2,373,286,0,286,659
05/05/2008,DWH,TX,ASW,CE,Towers with Radar,0,11,39,0,50,0,0,1,0,1,0,11,40,0,51,0,0,0,51
05/06/2008,DWH,TX,ASW,CE,Towers with Radar,0,6,43,0,49,0,1,62,0,63,0,7,105,0,112,258,0,258,370
05/07/2008,DWH,TX,ASW,CE,Towers with Radar,0,4,59,2,65,0,2,146,2,150,0,6,205,4,215,334,0,334,549
05/08/2008,DWH,TX,ASW,CE,Towers with Radar,0,7,45,8,60,0,7,306,2,315,0,14,351,10,375,258,0,258,633
05/09/2008,DWH,TX,ASW,CE,Towers with Radar,0,2,44,5,51,0,10,207,9,226,0,12,251,14,277,294,20,314,591
05/10/2008,DWH,TX,ASW,CE,Towers with Radar,0,3,68,3,74,0,4,167,0,171,0,7,235,3,245,314,0,314,559
05/11/2008,DWH,TX,ASW,CE,Towers with Radar,0,6,44,0,50,0,2,222,0,224,0,8,266,0,274,176,0,176,450
05/12/2008,DWH,TX,ASW,CE,Towers with Radar,0,2,37,4,43,0,4,214,4,222,0,6,251,8,265,236,0,236,501
05/13/2008,DWH,TX,ASW,CE,Towers with Radar,0,7,54,4,65,0,2,101,0,103,0,9,155,4,168,186,0,186,354
05/14/2008,DWH,TX,ASW,CE,Towers with Radar,0,5,40,2,47,0,3,63,2,68,0,8,103,4,115,254,0,254,369
05/15/2008,DWH,TX,ASW,CE,Towers with Radar,0,10,50,3,63,0,3,141,0,144,0,13,191,3,207,228,0,228,435
05/16/2008,DWH,TX,ASW,CE,Towers with Radar,0,2,57,5,64,0,1,290,0,291,0,3,347,5,355,422,2,424,779
05/17/2008,DWH,TX,ASW,CE,Towers with Radar,0,4,40,0,44,0,3,313,1,317,0,7,353,1,361,476,0,476,837
05/18/2008,DWH,TX,ASW,CE,Towers with Radar,0,8,51,0,59,0,2,300,0,302,0,10,351,0,361,354,0,354,715
05/19/2008,DWH,TX,ASW,CE,Towers with Radar,0,3,34,0,37,0,3,229,1,233,0,6,263,1,270,272,0,272,542
05/20/2008,DWH,TX,ASW,CE,Towers with Radar,0,11,36,2,49,0,4,266,2,272,0,15,302,4,321,286,0,286,607
05/21/2008,DWH,TX,ASW,CE,Towers with Radar,0,5,61,2,68,0,2,235,4,241,0,7,296,6,309,324,0,324,633
05/22/2008,DWH,TX,ASW,CE,Towers with Radar,0,6,47,2,55,0,4,165,0,169,0,10,212,2,224,274,0,274,498
05/23/2008,DWH,TX,ASW,CE,Towers with Radar,0,4,59,0,63,0,4,286,0,290,0,8,345,0,353,360,0,360,713
05/24/2008,DWH,TX,ASW,CE,Towers with Radar,0,2,32,0,34,0,5,196,1,202,0,7,228,1,236,288,0,288,524
05/25/2008,DWH,TX,ASW,CE,Towers with Radar,0,0,29,0,29,0,11,131,0,142,0,11,160,0,171,328,0,328,499
05/26/2008,DWH,TX,ASW,CE,Towers with Radar,0,2,52,0,54,0,5,203,0,208,0,7,255,0,262,344,0,344,606
05/27/2008,DWH,TX,ASW,CE,Towers with Radar,0,2,45,2,49,0,1,191,2,194,0,3,236,4,243,390,0,390,633
05/28/2008,DWH,TX,ASW,CE,Towers with Radar,0,11,49,5,65,0,2,222,0,224,0,13,271,5,289,328,0,328,617
05/29/2008,DWH,TX,ASW,CE,Towers with Radar,0,8,47,6,61,0,1,188,2,191,0,9,235,8,252,402,0,402,654
05/30/2008,DWH,TX,ASW,CE,Towers with Radar,0,4,41,5,50,0,6,263,4,273,0,10,304,9,323,232,0,232,555
05/31/2008,DWH,TX,ASW,CE,Towers with Radar,0,2,47,0,49,0,2,282,1,285,0,4,329,1,334,428,0,428,762
06/01/2008,DWH,TX,ASW,CE,Towers with Radar,0,6,62,1,69,0,7,256,1,264,0,13,318,2,333,294,0,294,627
06/02/2008,DWH,TX,ASW,CE,Towers with Radar,0,2,47,10,59,0,5,201,0,206,0,7,248,10,265,350,2,352,617
06/03/2008,DWH,TX,ASW,CE,Towers with Radar,0,2,34,4,40,0,5,198,2,205,0,7,232,6,245,308,0,308,553
06/04/2008,DWH,TX,ASW,CE,Towers with Radar,0,9,48,15,72,0,7,143,1,151,0,16,191,16,223,186,0,186,409
06/05/2008,DWH,TX,ASW,CE,Towers with Radar,0,10,65,4,79,0,3,123,3,129,0,13,188,7,208,112,2,114,322
06/06/2008,DWH,TX,ASW,CE,Towers with Radar,0,3,49,4,56,0,7,177,1,185,0,10,226,5,241,248,0,248,489
06/07/2008,DWH,TX,ASW,CE,Towers with Radar,0,5,54,0,59,0,5,209,0,214,0,10,263,0,273,262,0,262,535
06/08/2008,DWH,TX,ASW,CE,Towers with Radar,0,3,80,1,84,0,2,274,1,277,0,5,354,2,361,360,16,376,737
06/09/2008,DWH,TX,ASW,CE,Towers with Radar,0,11,54,4,69,0,4,231,3,238,0,15,285,7,307,468,2,470,777
06/10/2008,DWH,TX,ASW,CE,Towers with Radar,0,3,40,0,43,0,3,173,0,176,0,6,213,0,219,358,0,358,577
06/11/2008,DWH,TX,ASW,CE,Towers with Radar,0,6,41,5,52,0,4,174,1,179,0,10,215,6,231,292,0,292,523
06/12/2008,DWH,TX,ASW,CE,Towers with Radar,0,4,56,0,60,0,4,201,1,206,0,8,257,1,266,296,0,296,562
06/13/2008,DWH,TX,ASW,CE,Towers with Radar,0,6,49,2,57,0,2,234,1,237,0,8,283,3,294,360,0,360,654
06/14/2008,DWH,TX,ASW,CE,Towers with Radar,0,3,48,2,53,0,1,275,0,276,0,4,323,2,329,370,0,370,699
06/15/2008,DWH,TX,ASW,CE,Towers with Radar,0,0,30,1,31,0,7,209,0,216,0,7,239,1,247,358,0,358,605
06/16/2008,DWH,TX,ASW,CE,Towers with Radar,0,5,33,5,43,0,4,233,3,240,0,9,266,8,283,384,0,384,667
06/17/2008,DWH,TX,ASW,CE,Towers with Radar,0,2,44,2,48,0,6,233,1,240,0,8,277,3,288,314,0,314,602
06/18/2008,DWH,TX,ASW,CE,Towers with Radar,0,6,53,9,68,0,2,234,0,236,0,8,287,9,304,446,0,446,750
06/19/2008,DWH,TX,ASW,CE,Towers with Radar,0,5,47,0,52,0,3,151,0,154,0,8,198,0,206,422,0,422,628
06/20/2008,DWH,TX,ASW,CE,Towers with Radar,0,9,31,6,46,0,7,192,1,200,0,16,223,7,246,402,0,402,648
06/21/2008,DWH,TX,ASW,CE,Towers with Radar,0,2,48,0,50,0,1,258,0,259,0,3,306,0,309,442,0,442,751
06/22/2008,DWH,TX,ASW,CE,Towers with Radar,0,3,38,0,41,0,4,270,0,274,0,7,308,0,315,428,0,428,743
06/23/2008,DWH,TX,ASW,CE,Towers with Radar,0,1,41,5,47,0,6,186,4,196,0,7,227,9,243,298,0,298,541
06/24/2008,DWH,TX,ASW,CE,Towers with Radar,0,3,55,1,59,0,4,181,2,187,0,7,236,3,246,264,0,264,510
06/25/2008,DWH,TX,ASW,CE,Towers with Radar,0,8,40,6,54,0,10,176,4,190,0,18,216,10,244,334,0,334,578
06/26/2008,DWH,TX,ASW,CE,Towers with Radar,0,11,41,8,60,0,2,155,3,160,0,13,196,11,220,217,0,217,437
06/27/2008,DWH,TX,ASW,CE,Towers with Radar,0,5,64,7,76,0,4,255,0,259,0,9,319,7,335,306,2,308,643
06/28/2008,DWH,TX,ASW,CE,Towers with Radar,0,6,43,2,51,0,8,230,0,238,0,14,273,2,289,388,0,388,677
06/29/2008,DWH,TX,ASW,CE,Towers with Radar,0,3,29,0,32,0,3,112,0,115,0,6,141,0,147,372,0,372,521
06/30/2008,DWH,TX,ASW,CE,Towers with Radar,0,1,52,4,57,0,1,198,0,199,0,3,250,4,257,286,0,286,549
07/01/2008,DWH,TX,ASW,CE,Towers with Radar,0,8,40,6,54,0,8,241,1,250,0,16,281,7,304,367,0,367,671
07/02/2008,DWH,TX,ASW,CE,Towers with Radar,0,8,37,5,50,0,1,154,2,157,0,9,191,7,207,240,14,254,461
07/03/2008,DWH,TX,ASW,CE,Towers with Radar,0,9,54,2,65,0,9,238,9,256,0,18,292,11,321,304,0,304,625
07/04/2008,DWH,TX,ASW,CE,Towers with Radar,0,0,19,0,19,0,3,157,0,160,0,3,176,0,179,382,0,382,561
07/05/2008,DWH,TX,ASW,CE,Towers with Radar,0,5,30,0,35,0,14,168,0,182,0,19,198,0,217,308,0,308,525
07/06/2008,DWH,TX,ASW,CE,Towers with Radar,0,4,34,0,38,0,1,227,0,228,0,5,261,0,266,274,0,274,540
07/07/2008,DWH,TX,ASW,CE,Towers with Radar,0,5,33,3,41,0,4,216,0,220,0,9,249,3,261,246,0,246,507
07/08/2008,DWH,TX,ASW,CE,Towers with Radar,0,9,42,0,51,0,2,154,0,156,0,11,196,0,207,312,0,312,519
07/09/2008,DWH,TX,ASW,CE,Towers with Radar,0,9,48,0,57,0,4,232,0,236,0,13,280,0,293,316,0,316,609
07/10/2008,DWH,TX,ASW,CE,Towers with Radar,0,11,44,3,58,0,4,233,2,239,0,15,277,5,297,332,0,332,629
07/11/2008,DWH,TX,ASW,CE,Towers with Radar,0,2,52,2,56,0,4,245,0,249,0,6,297,2,305,442,0,442,747
07/12/2008,DWH,TX,ASW,CE,Towers with Radar,0,8,39,5,52,0,3,328,0,331,0,11,367,5,383,334,0,334,717
07/13/2008,DWH,TX,ASW,CE,Towers with Radar,0,7,35,0,42,0,1,255,0,256,0,8,290,0,298,358,0,358,656
07/14/2008,DWH,TX,ASW,CE,Towers with Radar,0,4,29,2,35,0,5,168,1,174,0,9,197,3,209,332,0,332,541
07/15/2008,DWH,TX,ASW,CE,Towers with Radar,0,1,75,3,79,0,9,199,0,208,0,10,274,3,287,310,2,312,599
07/16/2008,DWH,TX,ASW,CE,Towers with Radar,0,4,56,6,66,0,3,238,5,246,0,7,294,11,312,266,0,266,578
07/17/2008,DWH,TX,ASW,CE,Towers with Radar,0,6,49,5,60,0,4,224,1,229,0,10,273,6,289,390,0,390,679
07/18/2008,DWH,TX,ASW,CE,Towers with Radar,0,5,62,3,70,0,3,206,4,213,0,8,268,7,283,246,0,246,529
07/19/2008,DWH,TX,ASW,CE,Towers with Radar,0,5,26,0,31,0,5,260,0,265,0,10,286,0,296,530,0,530,826
07/20/2008,DWH,TX,ASW,CE,Towers with Radar,0,1,65,4,70,0,1,281,4,286,0,2,346,8,356,386,0,386,742
07/21/2008,DWH,TX,ASW,CE,Towers with Radar,0,1,60,4,65,0,3,281,4,288,0,4,341,8,353,286,0,286,639
07/22/2008,DWH,TX,ASW,CE,Towers with Radar,0,2,58,1,61,0,1,280,3,284,0,3,338,4,345,248,0,248,593
07/23/2008,DWH,TX,ASW,CE,Towers with Radar,0,4,26,2,32,0,2,66,2,70,0,6,92,4,102,216,0,216,318
07/24/2008,DWH,TX,ASW,CE,Towers with Radar,0,4,38,0,42,0,2,21,0,23,0,6,59,0,65,110,0,110,175
07/25/2008,DWH,TX,ASW,CE,Towers with Radar,0,4,79,0,83,0,3,305,1,309,0,7,384,1,392,442,0,442,834
07/26/2008,DWH,TX,ASW,CE,Towers with Radar,0,2,64,0,66,0,5,235,0,240,0,7,299,0,306,324,0,324,630
07/27/2008,DWH,TX,ASW,CE,Towers with Radar,0,3,67,0,70,0,2,203,0,205,0,5,270,0,275,420,0,420,695
07/28/2008,DWH,TX,ASW,CE,Towers with Radar,0,3,64,6,73,0,8,217,1,226,0,11,281,7,299,324,0,324,623
07/29/2008,DWH,TX,ASW,CE,Towers with Radar,0,3,64,7,74,0,4,267,1,272,0,7,331,8,346,440,0,440,786
07/30/2008,DWH,TX,ASW,CE,Towers with Radar,0,0,38,2,40,0,2,231,1,234,0,2,269,3,274,396,0,396,670
07/31/2008,DWH,TX,ASW,CE,Towers with Radar,0,7,53,12,72,0,5,201,2,208,0,12,254,14,280,214,4,218,498
08/01/2008,DWH,TX,ASW,CE,Towers with Radar,0,2,68,8,78,0,2,202,8,212,0,4,270,16,290,350,6,356,646
08/02/2008,DWH,TX,ASW,CE,Towers with Radar,0,4,78,1,83,0,2,277,0,279,0,6,355,1,362,398,0,398,760
08/03/2008,DWH,TX,ASW,CE,Towers with Radar,0,6,36,3,45,0,5,140,0,145,0,11,176,3,190,228,6,234,424
08/04/2008,DWH,TX,ASW,CE,Towers with Radar,0,6,61,4,71,0,3,242,7,252,0,9,303,11,323,312,0,312,635
08/05/2008,DWH,TX,ASW,CE,Towers with Radar,0,4,11,0,15,0,5,0,0,5,0,9,11,0,20,4,0,4,24
08/06/2008,DWH,TX,ASW,CE,Towers with Radar,0,8,56,5,69,0,10,117,0,127,0,18,173,5,196,300,0,300,496
08/07/2008,DWH,TX,ASW,CE,Towers with Radar,0,4,59,2,65,0,5,199,2,206,0,9,258,4,271,450,0,450,721
08/08/2008,DWH,TX,ASW,CE,Towers with Radar,0,5,70,9,84,0,8,222,1,231,0,13,292,10,315,296,0,296,611
08/09/2008,DWH,TX,ASW,CE,Towers with Radar,0,2,47,2,51,0,4,269,1,274,0,6,316,3,325,516,0,516,841
08/10/2008,DWH,TX,ASW,CE,Towers with Radar,0,4,41,2,47,0,3,197,1,201,0,7,238,3,248,384,0,384,632
08/11/2008,DWH,TX,ASW,CE,Towers with Radar,0,6,45,5,56,0,6,160,8,174,0,12,205,13,230,370,0,370,600
08/12/2008,DWH,TX,ASW,CE,Towers with Radar,0,3,49,5,57,0,3,74,2,79,0,6,123,7,136,192,0,192,328
08/13/2008,DWH,TX,ASW,CE,Towers with Radar,0,4,56,3,63,0,2,195,4,201,0,6,251,7,264,580,8,588,852
08/14/2008,DWH,TX,ASW,CE,Towers with Radar,0,10,76,10,96,0,1,165,0,166,0,11,241,10,262,354,0,354,616
08/15/2008,DWH,TX,ASW,CE,Towers with Radar,0,5,54,8,67,0,0,151,4,155,0,5,205,12,222,306,0,306,528
08/16/2008,DWH,TX,ASW,CE,Towers with Radar,0,2,51,0,53,0,4,121,0,125,0,6,172,0,178,202,0,202,380
08/17/2008,DWH,TX,ASW,CE,Towers with Radar,0,4,51,3,58,0,5,153,1,159,0,9,204,4,217,476,0,476,693
08/18/2008,DWH,TX,ASW,CE,Towers with Radar,0,7,35,3,45,0,6,83,0,89,0,13,118,3,134,248,0,248,382
08/19/2008,DWH,TX,ASW,CE,Towers with Radar,0,7,45,0,52,0,2,28,0,30,0,9,73,0,82,92,0,92,174
08/20/2008,DWH,TX,ASW,CE,Towers with Radar,0,3,43,0,46,0,4,44,0,48,0,7,87,0,94,168,0,168,262
08/21/2008,DWH,TX,ASW,CE,Towers with Radar,0,2,47,5,54,0,5,99,1,105,0,7,146,6,159,290,0,290,449
08/22/2008,DWH,TX,ASW,CE,Towers with Radar,0,2,68,5,75,0,9,172,13,194,0,11,240,18,269,306,6,312,581
08/23/2008,DWH,TX,ASW,CE,Towers with Radar,0,0,57,2,59,0,0,236,0,236,0,0,293,2,295,456,2,458,753
08/24/2008,DWH,TX,ASW,CE,Towers with Radar,0,0,44,1,45,0,2,332,1,335,0,2,376,2,380,462,4,466,846
08/25/2008,DWH,TX,ASW,CE,Towers with Radar,0,2,35,3,40,0,2,187,9,198,0,4,222,12,238,346,0,346,584
08/26/2008,DWH,TX,ASW,CE,Towers with Radar,0,4,39,14,57,0,2,236,2,240,0,6,275,16,297,348,0,348,645
08/27/2008,DWH,TX,ASW,CE,Towers with Radar,0,4,42,13,59,0,3,170,2,175,0,7,212,15,234,272,2,274,508
08/28/2008,DWH,TX,ASW,CE,Towers with Radar,0,2,57,6,65,0,8,172,6,186,0,10,229,12,251,350,0,350,601
08/29/2008,DWH,TX,ASW,CE,Towers with Radar,0,1,62,11,74,0,3,280,5,288,0,4,342,16,362,426,0,426,788
08/30/2008,DWH,TX,ASW,CE,Towers with Radar,0,1,37,0,38,0,2,291,0,293,0,3,328,0,331,278,0,278,609
08/31/2008,DWH,TX,ASW,CE,Towers with Radar,0,5,46,0,51,0,0,241,1,242,0,5,287,1,293,286,0,286,579
09/01/2008,DWH,TX,ASW,CE,Towers with Radar,0,1,45,0,46,0,4,131,1,136,0,5,176,1,182,158,0,158,340
09/02/2008,DWH,TX,ASW,CE,Towers with Radar,0,3,35,3,41,0,7,123,2,132,0,10,158,5,173,156,0,156,329
09/03/2008,DWH,TX,ASW,CE,Towers with Radar,0,3,45,4,52,0,9,111,3,123,0,12,156,7,175,180,0,180,355
09/04/2008,DWH,TX,ASW,CE,Towers with Radar,0,3,42,4,49,0,9,197,2,208,0,12,239,6,257,238,0,238,495
09/05/2008,DWH,TX,ASW,CE,Towers with Radar,0,3,34,9,46,0,15,214,4,233,0,18,248,13,279,364,0,364,643
09/06/2008,DWH,TX,ASW,CE,Towers with Radar,0,8,31,4,43,0,6,307,2,315,0,14,338,6,358,442,2,444,802
09/07/2008,DWH,TX,ASW,CE,Towers with Radar,0,5,29,4,38,0,1,258,0,259,0,6,287,4,297,328,0,328,625
09/08/2008,DWH,TX,ASW,CE,Towers with Radar,0,4,41,0,45,0,10,165,2,177,0,14,206,2,222,318,0,318,540
09/09/2008,DWH,TX,ASW,CE,Towers with Radar,0,3,47,3,53,0,5,169,0,174,0,8,216,3,227,430,0,430,657
09/10/2008,DWH,TX,ASW,CE,Towers with Radar,0,8,67,6,81,0,3,154,0,157,0,11,221,6,238,246,0,246,484
09/11/2008,DWH,TX,ASW,CE,Towers with Radar,0,10,95,2,107,0,8,188,0,196,0,18,283,2,303,120,0,120,423
09/12/2008,DWH,TX,ASW,CE,Towers with Radar,0,4,35,1,40,0,4,29,2,35,0,8,64,3,75,10,0,10,85
09/13/2008,DWH,TX,ASW,CE,Towers with Radar,0,0,0,0,0,0,0,0,0,0,0,0,0,0,0,0,0,0,0
09/14/2008,DWH,TX,ASW,CE,Towers with Radar,0,0,6,1,7,0,10,22,0,32,0,10,28,1,39,0,0,0,39
09/15/2008,DWH,TX,ASW,CE,Towers with Radar,0,1,7,0,8,0,1,28,0,29,0,2,35,0,37,0,0,0,37
09/16/2008,DWH,TX,ASW,CE,Towers with Radar,0,0,19,0,19,0,7,90,0,97,0,7,109,0,116,0,0,0,116
09/17/2008,DWH,TX,ASW,CE,Towers with Radar,0,2,22,0,24,0,4,101,1,106,0,6,123,1,130,18,0,18,148
09/18/2008,DWH,TX,ASW,CE,Towers with Radar,0,4,36,0,40,0,10,122,1,133,0,14,158,1,173,58,0,58,231
09/19/2008,DWH,TX,ASW,CE,Towers with Radar,0,1,36,1,38,0,4,173,0,177,0,5,209,1,215,224,26,250,465
09/20/2008,DWH,TX,ASW,CE,Towers with Radar,0,3,22,1,26,0,3,131,4,138,0,6,153,5,164,158,0,158,322
09/21/2008,DWH,TX,ASW,CE,Towers with Radar,0,1,31,0,32,0,4,182,6,192,0,5,213,6,224,212,0,212,436
09/22/2008,DWH,TX,ASW,CE,Towers with Radar,0,5,20,4,29,0,8,171,2,181,0,13,191,6,210,210,0,210,420
09/23/2008,DWH,TX,ASW,CE,Towers with Radar,0,6,44,0,50,0,8,207,2,217,0,14,251,2,267,248,0,248,515
09/24/2008,DWH,TX,ASW,CE,Towers with Radar,0,4,29,10,43,0,6,169,1,176,0,10,198,11,219,202,4,206,425
09/25/2008,DWH,TX,ASW,CE,Towers with Radar,0,0,50,0,50,0,11,207,2,220,0,11,257,2,270,302,0,302,572
09/26/2008,DWH,TX,ASW,CE,Towers with Radar,0,16,42,2,60,0,6,208,4,218,0,22,250,6,278,260,0,260,538
09/27/2008,DWH,TX,ASW,CE,Towers with Radar,0,3,26,0,29,0,6,302,0,308,0,9,328,0,337,522,0,522,859
09/28/2008,DWH,TX,ASW,CE,Towers with Radar,0,7,47,1,55,0,5,347,1,353,0,12,394,2,408,416,0,416,824
09/29/2008,DWH,TX,ASW,CE,Towers with Radar,0,5,31,6,42,0,6,196,3,205,0,11,227,9,247,262,0,262,509
09/30/2008,DWH,TX,ASW,CE,Towers with Radar,0,2,47,4,53,0,8,221,3,232,0,10,268,7,285,332,0,332,617
10/01/2008,DWH,TX,ASW,CE,Towers with Radar,0,10,32,0,42,0,8,279,0,287,0,18,311,0,329,390,0,390,719
10/02/2008,DWH,TX,ASW,CE,Towers with Radar,0,5,42,5,52,0,4,235,4,243,0,9,277,9,295,284,0,284,579
10/03/2008,DWH,TX,ASW,CE,Towers with Radar,0,10,47,1,58,0,3,244,4,251,0,13,291,5,309,262,0,262,571
10/04/2008,DWH,TX,ASW,CE,Towers with Radar,0,5,27,3,35,0,9,282,1,292,0,14,309,4,327,324,0,324,651
10/05/2008,DWH,TX,ASW,CE,Towers with Radar,0,6,50,9,65,0,3,170,2,175,0,9,220,11,240,232,28,260,500
10/06/2008,DWH,TX,ASW,CE,Towers with Radar,0,4,37,4,45,0,8,150,5,163,0,12,187,9,208,258,0,258,466
10/07/2008,DWH,TX,ASW,CE,Towers with Radar,0,4,40,6,50,0,5,157,2,164,0,9,197,8,214,202,0,202,416
10/08/2008,DWH,TX,ASW,CE,Towers with Radar,0,6,53,9,68,0,13,173,5,191,0,19,226,14,259,342,0,342,601
10/09/2008,DWH,TX,ASW,CE,Towers with Radar,0,6,55,3,64,0,9,252,4,265,0,15,307,7,329,284,0,284,613
10/10/2008,DWH,TX,ASW,CE,Towers with Radar,0,0,52,2,54,0,3,162,1,166,0,3,214,3,220,191,0,191,411
10/11/2008,DWH,TX,ASW,CE,Towers with Radar,0,2,50,0,52,0,4,191,2,197,0,6,241,2,249,352,0,352,601
10/12/2008,DWH,TX,ASW,CE,Towers with Radar,0,5,60,0,65,0,6,134,0,140,0,11,194,0,205,278,0,278,483
10/13/2008,DWH,TX,ASW,CE,Towers with Radar,0,4,48,4,56,0,8,90,0,98,0,12,138,4,154,306,0,306,460
10/14/2008,DWH,TX,ASW,CE,Towers with Radar,0,3,45,1,49,0,8,71,1,80,0,11,116,2,129,358,0,358,487
10/15/2008,DWH,TX,ASW,CE,Towers with Radar,0,10,50,0,60,0,3,14,0,17,0,13,64,0,77,106,0,106,183
10/16/2008,DWH,TX,ASW,CE,Towers with Radar,0,15,59,6,80,0,6,53,0,59,0,21,112,6,139,136,0,136,275
10/17/2008,DWH,TX,ASW,CE,Towers with Radar,0,13,74,4,91,0,8,104,0,112,0,21,178,4,203,166,0,166,369
10/18/2008,DWH,TX,ASW,CE,Towers with Radar,0,3,29,0,32,0,2,295,0,297,0,5,324,0,329,302,0,302,631
10/19/2008,DWH,TX,ASW,CE,Towers with Radar,0,10,34,0,44,0,5,256,1,262,0,15,290,1,306,390,0,390,696
10/20/2008,DWH,TX,ASW,CE,Towers with Radar,0,3,57,1,61,0,6,182,3,191,0,9,239,4,252,442,6,448,700
10/21/2008,DWH,TX,ASW,CE,Towers with Radar,0,4,43,4,51,0,5,164,3,172,0,9,207,7,223,244,0,244,467
10/22/2008,DWH,TX,ASW,CE,Towers with Radar,0,4,52,9,65,0,9,146,0,155,0,13,198,9,220,294,8,302,522
10/23/2008,DWH,TX,ASW,CE,Towers with Radar,0,6,46,5,57,0,11,176,4,191,0,17,222,9,248,232,0,232,480
10/24/2008,DWH,TX,ASW,CE,Towers with Radar,0,4,54,9,67,0,5,280,4,289,0,9,334,13,356,300,24,324,680
10/25/2008,DWH,TX,ASW,CE,Towers with Radar,0,5,23,2,30,0,4,249,1,254,0,9,272,3,284,256,0,256,540
10/26/2008,DWH,TX,ASW,CE,Towers with Radar,0,15,31,8,54,0,7,228,3,238,0,22,259,11,292,262,0,262,554
10/27/2008,DWH,TX,ASW,CE,Towers with Radar,0,7,31,4,42,0,6,109,3,118,0,13,140,7,160,238,0,238,398
10/28/2008,DWH,TX,ASW,CE,Towers with Radar,0,11,38,8,57,0,3,168,7,178,0,14,206,15,235,280,8,288,523
10/29/2008,DWH,TX,ASW,CE,Towers with Radar,0,14,40,10,64,0,11,200,6,217,0,25,240,16,281,280,0,280,561
10/30/2008,DWH,TX,ASW,CE,Towers with Radar,0,10,55,8,73,0,7,191,6,204,0,17,246,14,277,166,0,166,443
10/31/2008,DWH,TX,ASW,CE,Towers with Radar,0,6,54,6,66,0,11,252,4,267,0,17,306,10,333,366,0,366,699
11/01/2008,DWH,TX,ASW,CE,Towers with Radar,0,2,37,0,39,0,8,188,0,196,0,10,225,0,235,186,0,186,421
11/02/2008,DWH,TX,ASW,CE,Towers with Radar,0,7,30,1,38,0,9,297,0,306,0,16,327,1,344,362,0,362,706
11/03/2008,DWH,TX,ASW,CE,Towers with Radar,0,7,36,2,45,0,10,132,4,146,0,17,168,6,191,160,10,170,361
11/04/2008,DWH,TX,ASW,CE,Towers with Radar,0,7,35,4,46,0,5,163,1,169,0,12,198,5,215,104,0,104,319
11/05/2008,DWH,TX,ASW,CE,Towers with Radar,0,7,53,1,61,0,10,157,5,172,0,17,210,6,233,220,0,220,453
11/06/2008,DWH,TX,ASW,CE,Towers with Radar,0,10,51,2,63,0,8,77,1,86,0,18,128,3,149,200,0,200,349
11/07/2008,DWH,TX,ASW,CE,Towers with Radar,0,4,40,11,55,0,9,257,5,271,0,13,297,16,326,324,22,346,672
11/08/2008,DWH,TX,ASW,CE,Towers with Radar,0,5,33,6,44,0,5,273,1,279,0,10,306,7,323,270,0,270,593
11/09/2008,DWH,TX,ASW,CE,Towers with Radar,0,4,36,3,43,0,7,216,2,225,0,11,252,5,268,254,0,254,522
11/10/2008,DWH,TX,ASW,CE,Towers with Radar,0,4,22,2,28,0,4,29,0,33,0,8,51,2,61,40,0,40,101
11/11/2008,DWH,TX,ASW,CE,Towers with Radar,0,6,27,1,34,0,6,17,4,27,0,12,44,5,61,4,0,4,65
11/12/2008,DWH,TX,ASW,CE,Towers with Radar,0,6,56,1,63,0,8,61,0,69,0,14,117,1,132,164,0,164,296
11/13/2008,DWH,TX,ASW,CE,Towers with Radar,0,5,65,11,81,0,5,117,0,122,0,10,182,11,203,240,0,240,443
11/14/2008,DWH,TX,ASW,CE,Towers with Radar,0,12,40,3,55,0,1,160,1,162,0,13,200,4,217,200,0,200,417
11/15/2008,DWH,TX,ASW,CE,Towers with Radar,0,0,23,6,29,0,8,185,3,196,0,8,208,9,225,164,10,174,399
11/16/2008,DWH,TX,ASW,CE,Towers with Radar,0,8,43,7,58,0,3,310,1,314,0,11,353,8,372,332,0,332,704
11/17/2008,DWH,TX,ASW,CE,Towers with Radar,0,6,39,3,48,0,3,187,0,190,0,9,226,3,238,360,0,360,598
11/18/2008,DWH,TX,ASW,CE,Towers with Radar,0,9,51,5,65,0,3,192,2,197,0,12,243,7,262,330,0,330,592
11/19/2008,DWH,TX,ASW,CE,Towers with Radar,0,14,34,10,58,0,5,237,2,244,0,19,271,12,302,352,0,352,654
11/20/2008,DWH,TX,ASW,CE,Towers with Radar,0,7,48,5,60,0,8,184,1,193,0,15,232,6,253,182,12,194,447
11/21/2008,DWH,TX,ASW,CE,Towers with Radar,0,8,51,0,59,0,7,209,0,216,0,15,260,0,275,234,0,234,509
11/22/2008,DWH,TX,ASW,CE,Towers with Radar,0,4,48,0,52,0,9,291,0,300,0,13,339,0,352,282,0,282,634
11/23/2008,DWH,TX,ASW,CE,Towers with Radar,0,3,43,0,46,0,1,152,0,153,0,4,195,0,199,282,0,282,481
11/24/2008,DWH,TX,ASW,CE,Towers with Radar,0,9,57,4,70,0,6,141,2,149,0,15,198,6,219,258,0,258,477
11/25/2008,DWH,TX,ASW,CE,Towers with Radar,0,11,55,0,66,0,15,257,0,272,0,26,312,0,338,340,0,340,678
11/26/2008,DWH,TX,ASW,CE,Towers with Radar,0,7,47,1,55,0,6,253,1,260,0,13,300,2,315,298,0,298,613
11/27/2008,DWH,TX,ASW,CE,Towers with Radar,0,5,13,0,18,0,5,16,0,21,0,10,29,0,39,58,0,58,97
11/28/2008,DWH,TX,ASW,CE,Towers with Radar,0,6,19,0,25,0,2,23,0,25,0,8,42,0,50,48,0,48,98
11/29/2008,DWH,TX,ASW,CE,Towers with Radar,0,13,48,0,61,0,4,2,0,6,0,17,50,0,67,0,0,0,67
11/30/2008,DWH,TX,ASW,CE,Towers with Radar,0,7,33,0,40,0,3,108,0,111,0,10,141,0,151,36,0,36,187
12/01/2008,DWH,TX,ASW,CE,Towers with Radar,0,5,30,4,39,0,6,106,1,113,0,11,136,5,152,141,0,141,293
12/02/2008,DWH,TX,ASW,CE,Towers with Radar,0,4,34,3,41,0,7,161,3,171,0,11,195,6,212,296,0,296,508
12/03/2008,DWH,TX,ASW,CE,Towers with Radar,0,6,37,8,51,0,4,56,1,61,0,10,93,9,112,132,6,138,250
12/04/2008,DWH,TX,ASW,CE,Towers with Radar,0,3,44,6,53,0,5,156,4,165,0,8,200,10,218,338,4,342,560
12/05/2008,DWH,TX,ASW,CE,Towers with Radar,0,5,52,6,63,0,10,230,5,245,0,15,282,11,308,320,18,338,646
12/06/2008,DWH,TX,ASW,CE,Towers with Radar,0,0,40,0,40,0,4,323,2,329,0,4,363,2,369,478,0,478,847
12/07/2008,DWH,TX,ASW,CE,Towers with Radar,0,9,42,2,53,0,3,239,0,242,0,12,281,2,295,326,0,326,621
12/08/2008,DWH,TX,ASW,CE,Towers with Radar,0,5,36,11,52,0,11,122,3,136,0,16,158,14,188,136,0,136,324
12/09/2008,DWH,TX,ASW,CE,Towers with Radar,0,9,38,0,47,0,6,34,6,46,0,15,72,6,93,124,0,124,217
12/10/2008,DWH,TX,ASW,CE,Towers with Radar,0,5,17,4,26,0,6,2,0,8,0,11,19,4,34,26,0,26,60
12/11/2008,DWH,TX,ASW,CE,Towers with Radar,0,5,37,9,51,0,10,166,3,179,0,15,203,12,230,268,0,268,498
12/12/2008,DWH,TX,ASW,CE,Towers with Radar,0,7,58,3,68,0,17,307,6,330,0,24,365,9,398,466,0,466,864
12/13/2008,DWH,TX,ASW,CE,Towers with Radar,0,6,37,1,44,0,6,193,2,201,0,12,230,3,245,224,0,224,469
12/14/2008,DWH,TX,ASW,CE,Towers with Radar,0,8,34,0,42,0,3,122,0,125,0,11,156,0,167,278,0,278,445
12/15/2008,DWH,TX,ASW,CE,Towers with Radar,0,7,43,4,54,0,3,15,1,19,0,10,58,5,73,0,0,0,73
12/16/2008,DWH,TX,ASW,CE,Towers with Radar,0,11,10,3,24,0,0,0,0,0,0,11,10,3,24,0,0,0,24
12/17/2008,DWH,TX,ASW,CE,Towers with Radar,0,6,34,2,42,0,0,12,0,12,0,6,46,2,54,30,0,30,84
12/18/2008,DWH,TX,ASW,CE,Towers with Radar,0,6,30,0,36,0,3,50,0,53,0,9,80,0,89,100,0,100,189
12/19/2008,DWH,TX,ASW,CE,Towers with Radar,0,7,62,4,73,0,7,89,0,96,0,14,151,4,169,384,0,384,553
12/20/2008,DWH,TX,ASW,CE,Towers with Radar,0,2,64,0,66,0,3,120,0,123,0,5,184,0,189,446,0,446,635
12/21/2008,DWH,TX,ASW,CE,Towers with Radar,0,7,18,1,26,0,6,77,1,84,0,13,95,2,110,114,10,124,234
12/22/2008,DWH,TX,ASW,CE,Towers with Radar,0,8,33,2,43,0,3,111,3,117,0,11,144,5,160,286,0,286,446
12/23/2008,DWH,TX,ASW,CE,Towers with Radar,0,5,27,0,32,0,3,50,0,53,0,8,77,0,85,170,0,170,255
12/24/2008,DWH,TX,ASW,CE,Towers with Radar,0,4,11,2,17,0,7,38,1,46,0,11,49,3,63,114,0,114,177
12/25/2008,DWH,TX,ASW,CE,Towers with Radar,0,4,10,0,14,0,4,8,0,12,0,8,18,0,26,26,0,26,52
12/26/2008,DWH,TX,ASW,CE,Towers with Radar,0,6,38,2,46,0,9,63,2,74,0,15,101,4,120,216,0,216,336
12/27/2008,DWH,TX,ASW,CE,Towers with Radar,0,3,17,0,20,0,5,13,0,18,0,8,30,0,38,134,0,134,172
12/28/2008,DWH,TX,ASW,CE,Towers with Radar,0,5,23,0,28,0,2,84,1,87,0,7,107,1,115,98,0,98,213
12/29/2008,DWH,TX,ASW,CE,Towers with Radar,0,7,21,5,33,0,0,312,2,314,0,7,333,7,347,512,0,512,859
12/30/2008,DWH,TX,ASW,CE,Towers with Radar,0,8,36,7,51,0,3,297,1,301,0,11,333,8,352,516,0,516,868
12/31/2008,DWH,TX,ASW,CE,Towers with Radar,0,3,35,2,40,0,9,254,1,264,0,12,289,3,304,364,0,364,668
01/01/2009,DWH,TX,ASW,CE,Towers with Radar,0,0,21,0,21,0,6,127,1,134,0,6,148,1,155,172,0,172,327
01/02/2009,DWH,TX,ASW,CE,Towers with Radar,0,4,56,2,62,0,6,85,0,91,0,10,141,2,153,238,0,238,391
01/03/2009,DWH,TX,ASW,CE,Towers with Radar,0,5,33,0,38,0,2,144,0,146,0,7,177,0,184,266,0,266,450
01/04/2009,DWH,TX,ASW,CE,Towers with Radar,0,3,51,0,54,0,6,68,0,74,0,9,119,0,128,156,0,156,284
01/05/2009,DWH,TX,ASW,CE,Towers with Radar,0,8,11,0,19,0,4,16,0,20,0,12,27,0,39,130,0,130,169
01/06/2009,DWH,TX,ASW,CE,Towers with Radar,0,4,13,8,25,0,1,36,1,38,0,5,49,9,63,118,2,120,183
01/07/2009,DWH,TX,ASW,CE,Towers with Radar,0,6,32,2,40,0,6,261,4,271,0,12,293,6,311,542,0,542,853
01/08/2009,DWH,TX,ASW,CE,Towers with Radar,0,11,37,4,52,0,5,238,0,243,0,16,275,4,295,528,0,528,823
01/09/2009,DWH,TX,ASW,CE,Towers with Radar,0,3,44,5,52,0,13,173,2,188,0,16,217,7,240,350,0,350,590
01/10/2009,DWH,TX,ASW,CE,Towers with Radar,0,0,29,12,41,0,6,141,0,147,0,6,170,12,188,274,4,278,466
01/11/2009,DWH,TX,ASW,CE,Towers with Radar,0,2,33,0,35,0,4,325,2,331,0,6,358,2,366,440,0,440,806
01/12/2009,DWH,TX,ASW,CE,Towers with Radar,0,4,33,10,47,0,10,207,0,217,0,14,240,10,264,414,6,420,684
01/13/2009,DWH,TX,ASW,CE,Towers with Radar,0,3,37,4,44,0,4,180,4,188,0,7,217,8,232,398,0,398,630
01/14/2009,DWH,TX,ASW,CE,Towers with Radar,0,5,50,15,70,0,5,232,5,242,0,10,282,20,312,348,0,348,660
01/15/2009,DWH,TX,ASW,CE,Towers with Radar,0,3,38,6,47,0,15,211,6,232,0,18,249,12,279,516,0,516,795
01/16/2009,DWH,TX,ASW,CE,Towers with Radar,0,9,44,11,64,0,12,207,3,222,0,21,251,14,286,446,58,504,790
01/17/2009,DWH,TX,ASW,CE,Towers with Radar,0,2,48,0,50,0,7,210,0,217,0,9,258,0,267,342,0,342,609
01/18/2009,DWH,TX,ASW,CE,Towers with Radar,0,1,28,0,29,0,7,307,0,314,0,8,335,0,343,428,0,428,771
01/19/2009,DWH,TX,ASW,CE,Towers with Radar,0,4,31,7,42,0,4,189,0,193,0,8,220,7,235,198,0,198,433
01/20/2009,DWH,TX,ASW,CE,Towers with Radar,0,9,27,6,42,0,10,154,1,165,0,19,181,7,207,216,0,216,423
01/21/2009,DWH,TX,ASW,CE,Towers with Radar,0,9,36,2,47,0,7,256,0,263,0,16,292,2,310,396,0,396,706
01/22/2009,DWH,TX,ASW,CE,Towers with Radar,0,9,44,4,57,0,8,211,0,219,0,17,255,4,276,466,0,466,742
01/23/2009,DWH,TX,ASW,CE,Towers with Radar,0,2,34,0,36,0,11,240,0,251,0,13,274,0,287,312,0,312,599
01/24/2009,DWH,TX,ASW,CE,Towers with Radar,0,0,47,2,49,0,2,140,0,142,0,2,187,2,191,552,0,552,743
01/25/2009,DWH,TX,ASW,CE,Towers with Radar,0,1,52,2,55,0,5,126,0,131,0,6,178,2,186,491,0,491,677
01/26/2009,DWH,TX,ASW,CE,Towers with Radar,0,3,38,4,45,0,8,53,0,61,0,11,91,4,106,96,0,96,202
01/27/2009,DWH,TX,ASW,CE,Towers with Radar,0,5,32,4,41,0,7,105,2,114,0,12,137,6,155,304,0,304,459
01/28/2009,DWH,TX,ASW,CE,Towers with Radar,0,6,25,14,45,0,7,189,0,196,0,13,214,14,241,550,2,552,793
01/29/2009,DWH,TX,ASW,CE,Towers with Radar,0,7,39,1,47,0,4,300,3,307,0,11,339,4,354,718,0,718,1072
01/30/2009,DWH,TX,ASW,CE,Towers with Radar,0,4,30,11,45,0,14,387,5,406,0,18,417,16,451,582,0,582,1033
01/31/2009,DWH,TX,ASW,CE,Towers with Radar,0,5,31,0,36,0,6,418,0,424,0,11,449,0,460,582,0,582,1042
02/01/2009,DWH,TX,ASW,CE,Towers with Radar,0,5,21,0,26,0,1,157,0,158,0,6,178,0,184,290,0,290,474
02/02/2009,DWH,TX,ASW,CE,Towers with Radar,0,5,20,3,28,0,5,195,1,201,0,10,215,4,229,280,14,294,523
02/03/2009,DWH,TX,ASW,CE,Towers with Radar,0,5,28,6,39,0,6,245,4,255,0,11,273,10,294,500,0,500,794
02/04/2009,DWH,TX,ASW,CE,Towers with Radar,0,5,29,11,45,0,3,223,9,235,0,8,252,20,280,494,10,504,784
02/05/2009,DWH,TX,ASW,CE,Towers with Radar,0,4,31,8,43,0,5,271,11,287,0,9,302,19,330,534,0,534,864
02/06/2009,DWH,TX,ASW,CE,Towers with Radar,0,4,39,12,55,0,9,225,3,237,0,13,264,15,292,248,6,254,546
02/07/2009,DWH,TX,ASW,CE,Towers with Radar,0,2,33,2,37,0,5,224,0,229,0,7,257,2,266,350,0,350,616
02/08/2009,DWH,TX,ASW,CE,Towers with Radar,0,3,23,3,29,0,5,184,1,190,0,8,207,4,219,272,0,272,491
02/09/2009,DWH,TX,ASW,CE,Towers with Radar,0,6,33,4,43,0,5,90,3,98,0,11,123,7,141,154,0,154,295
02/10/2009,DWH,TX,ASW,CE,Towers with Radar,0,5,32,6,43,0,0,25,1,26,0,5,57,7,69,122,0,122,191
02/11/2009,DWH,TX,ASW,CE,Towers with Radar,0,14,31,14,59,0,8,209,9,226,0,22,240,23,285,368,0,368,653
02/12/2009,DWH,TX,ASW,CE,Towers with Radar,0,9,37,9,55,0,6,290,6,302,0,15,327,15,357,484,0,484,841
02/13/2009,DWH,TX,ASW,CE,Towers with Radar,0,4,30,2,36,0,3,12,0,15,0,7,42,2,51,46,0,46,97
02/14/2009,DWH,TX,ASW,CE,Towers with Radar,0,6,33,4,43,0,1,157,0,158,0,7,190,4,201,358,0,358,559
02/15/2009,DWH,TX,ASW,CE,Towers with Radar,0,7,31,3,41,0,2,243,0,245,0,9,274,3,286,310,0,310,596
02/16/2009,DWH,TX,ASW,CE,Towers with Radar,0,0,51,2,53,0,8,233,3,244,0,8,284,5,297,238,0,238,535
02/17/2009,DWH,TX,ASW,CE,Towers with Radar,0,5,62,7,74,0,3,13,0,16,0,8,75,7,90,72,0,72,162
02/18/2009,DWH,TX,ASW,CE,Towers with Radar,0,3,39,3,45,0,2,144,0,146,0,5,183,3,191,474,0,474,665
02/19/2009,DWH,TX,ASW,CE,Towers with Radar,0,3,42,5,50,0,8,398,4,410,0,11,440,9,460,574,0,574,1034
02/20/2009,DWH,TX,ASW,CE,Towers with Radar,0,3,28,5,36,0,8,361,9,378,0,11,389,14,414,438,0,438,852
02/21/2009,DWH,TX,ASW,CE,Towers with Radar,0,4,29,0,33,0,7,155,2,164,0,11,184,2,197,268,0,268,465
02/22/2009,DWH,TX,ASW,CE,Towers with Radar,0,3,20,2,25,0,2,399,2,403,0,5,419,4,428,438,0,438,866
02/23/2009,DWH,TX,ASW,CE,Towers with Radar,0,7,25,5,37,0,7,213,1,221,0,14,238,6,258,378,0,378,636
02/24/2009,DWH,TX,ASW,CE,Towers with Radar,0,4,26,6,36,0,7,225,6,238,0,11,251,12,274,378,0,378,652
02/25/2009,DWH,TX,ASW,CE,Towers with Radar,0,3,45,7,55,0,5,173,4,182,0,8,218,11,237,420,0,420,657
02/26/2009,DWH,TX,ASW,CE,Towers with Radar,0,8,28,5,41,0,3,175,3,181,0,11,203,8,222,346,2,348,570
02/27/2009,DWH,TX,ASW,CE,Towers with Radar,0,13,24,23,60,0,11,230,7,248,0,24,254,30,308,478,0,478,786
02/28/2009,DWH,TX,ASW,CE,Towers with Radar,0,6,12,6,24,0,3,156,0,159,0,9,168,6,183,508,0,508,691
03/01/2009,DWH,TX,ASW,CE,Towers with Radar,0,10,12,10,32,0,6,344,1,351,0,16,356,11,383,764,10,774,1157
03/02/2009,DWH,TX,ASW,CE,Towers with Radar,0,6,31,1,38,0,4,245,8,257,0,10,276,9,295,460,0,460,755
03/03/2009,DWH,TX,ASW,CE,Towers with Radar,0,3,31,6,40,0,9,285,10,304,0,12,316,16,344,518,0,518,862
03/04/2009,DWH,TX,ASW,CE,Towers with Radar,0,1,44,4,49,0,10,251,1,262,0,11,295,5,311,496,0,496,807
03/05/2009,DWH,TX,ASW,CE,Towers with Radar,0,6,28,4,38,0,11,249,3,263,0,17,277,7,301,534,0,534,835
03/06/2009,DWH,TX,ASW,CE,Towers with Radar,0,2,42,4,48,0,6,246,0,252,0,8,288,4,300,544,0,544,844
03/07/2009,DWH,TX,ASW,CE,Towers with Radar,0,5,23,2,30,0,5,228,0,233,0,10,251,2,263,510,2,512,775
03/08/2009,DWH,TX,ASW,CE,Towers with Radar,0,7,33,4,44,0,1,237,0,238,0,8,270,4,282,856,0,856,1138
03/09/2009,DWH,TX,ASW,CE,Towers with Radar,0,7,40,11,58,0,8,175,5,188,0,15,215,16,246,394,0,394,640
03/10/2009,DWH,TX,ASW,CE,Towers with Radar,0,8,35,11,54,0,3,193,1,197,0,11,228,12,251,390,0,390,641
03/11/2009,DWH,TX,ASW,CE,Towers with Radar,0,10,41,2,53,0,5,89,0,94,0,15,130,2,147,260,0,260,407
03/12/2009,DWH,TX,ASW,CE,Towers with Radar,0,14,29,2,45,0,1,7,0,8,0,15,36,2,53,0,0,0,53
03/13/2009,DWH,TX,ASW,CE,Towers with Radar,0,17,19,0,36,0,0,6,0,6,0,17,25,0,42,0,0,0,42
03/14/2009,DWH,TX,ASW,CE,Towers with Radar,0,6,34,0,40,0,0,14,0,14,0,6,48,0,54,66,0,66,120
03/15/2009,DWH,TX,ASW,CE,Towers with Radar,0,12,29,0,41,0,0,23,0,23,0,12,52,0,64,56,0,56,120
03/16/2009,DWH,TX,ASW,CE,Towers with Radar,0,8,27,10,45,0,5,241,1,247,0,13,268,11,292,394,0,394,686
03/17/2009,DWH,TX,ASW,CE,Towers with Radar,0,4,50,18,72,0,2,162,1,165,0,6,212,19,237,424,4,428,665
03/18/2009,DWH,TX,ASW,CE,Towers with Radar,0,9,34,2,45,0,5,335,3,343,0,14,369,5,388,790,0,790,1178
03/19/2009,DWH,TX,ASW,CE,Towers with Radar,0,10,22,4,36,0,6,236,0,242,0,16,258,4,278,544,0,544,822
03/20/2009,DWH,TX,ASW,CE,Towers with Radar,0,8,26,0,34,0,9,341,5,355,0,17,367,5,389,708,0,708,1097
03/21/2009,DWH,TX,ASW,CE,Towers with Radar,0,1,29,4,34,0,3,307,0,310,0,4,336,4,344,488,0,488,832
03/22/2009,DWH,TX,ASW,CE,Towers with Radar,0,11,39,1,51,0,1,194,0,195,0,12,233,1,246,136,0,136,382
03/23/2009,DWH,TX,ASW,CE,Towers with Radar,0,10,58,9,77,0,6,118,1,125,0,16,176,10,202,182,0,182,384
03/24/2009,DWH,TX,ASW,CE,Towers with Radar,0,13,39,8,60,0,3,232,0,235,0,16,271,8,295,368,0,368,663
03/25/2009,DWH,TX,ASW,CE,Towers with Radar,0,10,50,10,70,0,9,96,4,109,0,19,146,14,179,332,24,356,535
03/26/2009,DWH,TX,ASW,CE,Towers with Radar,0,7,43,2,52,0,10,33,0,43,0,17,76,2,95,72,0,72,167
03/27/2009,DWH,TX,ASW,CE,Towers with Radar,0,3,54,3,60,0,5,91,1,97,0,8,145,4,157,206,2,208,365
03/28/2009,DWH,TX,ASW,CE,Towers with Radar,0,1,12,0,13,0,2,216,2,220,0,3,228,2,233,274,2,276,509
03/29/2009,DWH,TX,ASW,CE,Towers with Radar,0,4,22,3,29,0,3,586,3,592,0,7,608,6,621,574,0,574,1195
03/30/2009,DWH,TX,ASW,CE,Towers with Radar,0,4,35,5,44,1,8,237,1,247,1,12,272,6,291,244,0,244,535
03/31/2009,DWH,TX,ASW,CE,Towers with Radar,0,4,32,3,39,0,8,273,3,284,0,12,305,6,323,298,0,298,621
04/01/2009,DWH,TX,ASW,CE,Towers with Radar,0,8,32,12,52,0,5,272,3,280,0,13,304,15,332,602,0,602,934
04/02/2009,DWH,TX,ASW,CE,Towers with Radar,0,5,27,8,40,0,2,153,2,157,0,7,180,10,197,242,0,242,439
04/03/2009,DWH,TX,ASW,CE,Towers with Radar,0,6,31,6,43,0,4,429,11,444,0,10,460,17,487,702,6,708,1195
04/04/2009,DWH,TX,ASW,CE,Towers with Radar,0,8,27,2,37,0,1,273,2,276,0,9,300,4,313,624,0,624,937
04/05/2009,DWH,TX,ASW,CE,Towers with Radar,0,3,41,3,47,0,2,248,1,251,0,5,289,4,298,344,0,344,642
04/06/2009,DWH,TX,ASW,CE,Towers with Radar,0,4,23,15,42,0,9,155,3,167,0,13,178,18,209,180,0,180,389
04/07/2009,DWH,TX,ASW,CE,Towers with Radar,0,4,48,11,63,0,0,391,4,395,0,4,439,15,458,620,8,628,1086
04/08/2009,DWH,TX,ASW,CE,Towers with Radar,0,4,42,4,50,0,5,305,2,312,0,9,347,6,362,458,0,458,820
04/09/2009,DWH,TX,ASW,CE,Towers with Radar,0,7,42,10,59,0,6,157,2,165,0,13,199,12,224,386,2,388,612
04/10/2009,DWH,TX,ASW,CE,Towers with Radar,0,6,28,4,38,0,10,319,1,330,0,16,347,5,368,610,0,610,978
04/11/2009,DWH,TX,ASW,CE,Towers with Radar,0,0,35,0,35,0,5,240,1,246,0,5,275,1,281,678,0,678,959
04/12/2009,DWH,TX,ASW,CE,Towers with Radar,0,5,14,0,19,0,2,62,0,64,0,7,76,0,83,24,0,24,107
04/13/2009,DWH,TX,ASW,CE,Towers with Radar,0,8,27,2,37,0,1,240,2,243,0,9,267,4,280,280,0,280,560
04/14/2009,DWH,TX,ASW,CE,Towers with Radar,0,11,27,8,46,0,3,356,4,363,0,14,383,12,409,486,4,490,899
04/15/2009,DWH,TX,ASW,CE,Towers with Radar,0,3,36,2,41,0,13,258,4,275,0,16,294,6,316,596,0,596,912
04/16/2009,DWH,TX,ASW,CE,Towers with Radar,0,7,34,2,43,0,8,181,0,189,0,15,215,2,232,408,0,408,640
04/17/2009,DWH,TX,ASW,CE,Towers with Radar,0,4,11,2,17,0,0,34,3,37,0,4,45,5,54,146,0,146,200
04/18/2009,DWH,TX,ASW,CE,Towers with Radar,0,4,9,0,13,0,3,21,0,24,0,7,30,0,37,90,0,90,127
04/19/2009,DWH,TX,ASW,CE,Towers with Radar,0,3,38,2,43,0,6,259,0,265,0,9,297,2,308,332,0,332,640
04/20/2009,DWH,TX,ASW,CE,Towers with Radar,0,9,23,9,41,0,4,303,1,308,0,13,326,10,349,422,0,422,771
04/21/2009,DWH,TX,ASW,CE,Towers with Radar,0,10,45,10,65,0,5,286,6,297,0,15,331,16,362,356,16,372,734
04/22/2009,DWH,TX,ASW,CE,Towers with Radar,0,10,38,5,53,0,10,233,2,245,0,20,271,7,298,372,16,388,686
04/23/2009,DWH,TX,ASW,CE,Towers with Radar,0,11,52,1,64,0,5,253,4,262,0,16,305,5,326,384,0,384,710
04/24/2009,DWH,TX,ASW,CE,Towers with Radar,1,9,38,13,61,0,10,215,2,227,1,19,253,15,288,570,0,570,858
04/25/2009,DWH,TX,ASW,CE,Towers with Radar,0,1,41,3,45,0,5,163,1,169,0,6,204,4,214,350,0,350,564
04/26/2009,DWH,TX,ASW,CE,Towers with Radar,1,11,39,4,55,0,4,145,0,149,1,15,184,4,204,238,0,238,442
04/27/2009,DWH,TX,ASW,CE,Towers with Radar,0,6,29,2,37,0,2,83,0,85,0,8,112,2,122,190,0,190,312
04/28/2009,DWH,TX,ASW,CE,Towers with Radar,0,6,60,0,66,0,10,47,2,59,0,16,107,2,125,34,0,34,159
04/29/2009,DWH,TX,ASW,CE,Towers with Radar,0,2,41,2,45,0,7,183,0,190,0,9,224,2,235,436,0,436,671
04/30/2009,DWH,TX,ASW,CE,Towers with Radar,0,7,57,5,69,0,3,210,1,214,0,10,267,6,283,542,0,542,825
05/01/2009,DWH,TX,ASW,CE,Towers with Radar,0,7,60,13,80,0,4,310,1,315,0,11,370,14,395,674,0,674,1069
05/02/2009,DWH,TX,ASW,CE,Towers with Radar,0,2,48,2,52,0,2,263,0,265,0,4,311,2,317,596,0,596,913
05/03/2009,DWH,TX,ASW,CE,Towers with Radar,0,7,24,0,31,0,3,111,2,116,0,10,135,2,147,362,0,362,509
05/04/2009,DWH,TX,ASW,CE,Towers with Radar,0,9,33,15,57,0,8,266,1,275,0,17,299,16,332,406,12,418,750
05/05/2009,DWH,TX,ASW,CE,Towers with Radar,0,13,37,7,57,0,5,250,6,261,0,18,287,13,318,410,4,414,732
05/06/2009,DWH,TX,ASW,CE,Towers with Radar,0,9,64,2,75,0,5,183,0,188,0,14,247,2,263,492,0,492,755
05/07/2009,DWH,TX,ASW,CE,Towers with Radar,0,13,55,11,79,0,7,248,3,258,0,20,303,14,337,574,0,574,911
05/08/2009,DWH,TX,ASW,CE,Towers with Radar,0,11,56,9,76,0,6,274,7,287,0,17,330,16,363,554,0,554,917
05/09/2009,DWH,TX,ASW,CE,Towers with Radar,0,6,47,2,55,0,2,333,0,335,0,8,380,2,390,634,0,634,1024
05/10/2009,DWH,TX,ASW,CE,Towers with Radar,0,12,29,2,43,0,1,230,0,231,0,13,259,2,274,482,0,482,756
05/11/2009,DWH,TX,ASW,CE,Towers with Radar,0,3,41,3,47,0,10,157,5,172,0,13,198,8,219,304,0,304,523
05/12/2009,DWH,TX,ASW,CE,Towers with Radar,0,8,61,19,88,0,8,178,1,187,0,16,239,20,275,326,0,326,601
05/13/2009,DWH,TX,ASW,CE,Towers with Radar,0,5,43,4,52,0,5,169,0,174,0,10,212,4,226,392,0,392,618
05/14/2009,DWH,TX,ASW,CE,Towers with Radar,0,3,41,5,49,0,5,291,4,300,0,8,332,9,349,484,10,494,843
05/15/2009,DWH,TX,ASW,CE,Towers with Radar,0,1,51,3,55,0,6,274,5,285,0,7,325,8,340,344,0,344,684
05/16/2009,DWH,TX,ASW,CE,Towers with Radar,0,3,20,0,23,0,2,203,0,205,0,5,223,0,228,498,0,498,726
05/17/2009,DWH,TX,ASW,CE,Towers with Radar,0,2,103,3,108,0,3,122,1,126,0,5,225,4,234,250,0,250,484
05/18/2009,DWH,TX,ASW,CE,Towers with Radar,0,4,24,1,29,0,6,275,3,284,0,10,299,4,313,538,0,538,851
05/19/2009,DWH,TX,ASW,CE,Towers with Radar,0,5,29,3,37,0,8,357,0,365,0,13,386,3,402,598,0,598,1000
05/20/2009,DWH,TX,ASW,CE,Towers with Radar,0,5,44,2,51,0,4,351,3,358,0,9,395,5,409,568,0,568,977
05/21/2009,DWH,TX,ASW,CE,Towers with Radar,0,5,31,7,43,0,3,352,8,363,0,8,383,15,406,522,0,522,928
05/22/2009,DWH,TX,ASW,CE,Towers with Radar,0,3,43,8,54,0,5,212,5,222,0,8,255,13,276,516,16,532,808
05/23/2009,DWH,TX,ASW,CE,Towers with Radar,0,2,16,4,22,0,4,161,0,165,0,6,177,4,187,456,0,456,643
05/24/2009,DWH,TX,ASW,CE,Towers with Radar,0,4,9,2,15,0,8,48,0,56,0,12,57,2,71,132,0,132,203
05/25/2009,DWH,TX,ASW,CE,Towers with Radar,0,8,26,0,34,0,2,352,1,355,0,10,378,1,389,682,0,682,1071
05/26/2009,DWH,TX,ASW,CE,Towers with Radar,0,2,50,2,54,0,5,131,2,138,0,7,181,4,192,244,0,244,436
05/27/2009,DWH,TX,ASW,CE,Towers with Radar,0,6,36,2,44,0,5,173,0,178,0,11,209,2,222,379,0,379,601
05/28/2009,DWH,TX,ASW,CE,Towers with Radar,0,13,20,3,36,0,9,284,1,294,0,22,304,4,330,360,0,360,690
05/29/2009,DWH,TX,ASW,CE,Towers with Radar,0,2,32,12,46,0,9,365,0,374,0,11,397,12,420,524,0,524,944
05/30/2009,DWH,TX,ASW,CE,Towers with Radar,0,0,42,0,42,0,4,439,0,443,0,4,481,0,485,546,0,546,1031
05/31/2009,DWH,TX,ASW,CE,Towers with Radar,0,9,28,0,37,0,1,317,0,318,0,10,345,0,355,550,0,550,905
06/01/2009,DWH,TX,ASW,CE,Towers with Radar,0,6,20,6,32,0,4,191,4,199,0,10,211,10,231,362,0,362,593
06/02/2009,DWH,TX,ASW,CE,Towers with Radar,0,7,43,8,58,0,7,200,0,207,0,14,243,8,265,590,0,590,855
06/03/2009,DWH,TX,ASW,CE,Towers with Radar,0,3,43,4,50,0,10,138,1,149,0,13,181,5,199,358,10,368,567
06/04/2009,DWH,TX,ASW,CE,Towers with Radar,0,8,54,13,75,0,6,260,2,268,0,14,314,15,343,390,0,390,733
06/05/2009,DWH,TX,ASW,CE,Towers with Radar,0,7,45,5,57,0,9,361,5,375,0,16,406,10,432,562,0,562,994
06/06/2009,DWH,TX,ASW,CE,Towers with Radar,0,6,24,0,30,0,4,363,0,367,0,10,387,0,397,604,0,604,1001
06/07/2009,DWH,TX,ASW,CE,Towers with Radar,0,9,28,7,44,0,4,232,0,236,0,13,260,7,280,276,0,276,556
06/08/2009,DWH,TX,ASW,CE,Towers with Radar,0,2,38,4,44,0,8,275,1,284,0,10,313,5,328,634,0,634,962
06/09/2009,DWH,TX,ASW,CE,Towers with Radar,0,4,39,3,46,0,9,269,1,279,0,13,308,4,325,598,0,598,923
06/10/2009,DWH,TX,ASW,CE,Towers with Radar,0,6,44,17,67,0,12,207,3,222,0,18,251,20,289,448,0,448,737
06/11/2009,DWH,TX,ASW,CE,Towers with Radar,0,7,52,10,69,0,8,204,3,215,0,15,256,13,284,394,8,402,686
06/12/2009,DWH,TX,ASW,CE,Towers with Radar,0,7,42,1,50,0,5,251,0,256,0,12,293,1,306,382,0,382,688
06/13/2009,DWH,TX,ASW,CE,Towers with Radar,0,0,33,2,35,0,3,346,1,350,0,3,379,3,385,552,0,552,937
06/14/2009,DWH,TX,ASW,CE,Towers with Radar,0,7,37,2,46,0,4,263,3,270,0,11,300,5,316,470,4,474,790
06/15/2009,DWH,TX,ASW,CE,Towers with Radar,0,4,23,5,32,0,4,251,0,255,0,8,274,5,287,516,0,516,803
06/16/2009,DWH,TX,ASW,CE,Towers with Radar,0,5,41,7,53,0,5,228,4,237,0,10,269,11,290,350,0,350,640
06/17/2009,DWH,TX,ASW,CE,Towers with Radar,0,5,33,8,46,0,5,234,6,245,0,10,267,14,291,444,0,444,735
06/18/2009,DWH,TX,ASW,CE,Towers with Radar,0,4,46,4,54,0,7,231,11,249,0,11,277,15,303,320,0,320,623
06/19/2009,DWH,TX,ASW,CE,Towers with Radar,0,5,52,4,61,0,4,251,5,260,0,9,303,9,321,458,0,458,779
06/20/2009,DWH,TX,ASW,CE,Towers with Radar,0,5,21,9,35,0,5,322,2,329,0,10,343,11,364,394,0,394,758
06/21/2009,DWH,TX,ASW,CE,Towers with Radar,0,2,40,2,44,0,3,217,1,221,0,5,257,3,265,304,0,304,569
06/22/2009,DWH,TX,ASW,CE,Towers with Radar,0,5,50,4,59,0,3,225,1,229,0,8,275,5,288,452,0,452,740
06/23/2009,DWH,TX,ASW,CE,Towers with Radar,0,6,77,14,97,0,7,198,3,208,0,13,275,17,305,386,0,386,691
06/24/2009,DWH,TX,ASW,CE,Towers with Radar,0,6,34,13,53,0,5,213,1,219,0,11,247,14,272,316,0,316,588
06/25/2009,DWH,TX,ASW,CE,Towers with Radar,0,10,56,9,75,0,5,246,1,252,0,15,302,10,327,428,0,428,755
06/26/2009,DWH,TX,ASW,CE,Towers with Radar,0,8,38,8,54,0,8,322,1,331,0,16,360,9,385,568,0,568,953
06/27/2009,DWH,TX,ASW,CE,Towers with Radar,0,7,34,2,43,0,3,265,1,269,0,10,299,3,312,564,8,572,884
06/28/2009,DWH,TX,ASW,CE,Towers with Radar,0,4,43,1,48,0,6,268,0,274,0,10,311,1,322,286,0,286,608
06/29/2009,DWH,TX,ASW,CE,Towers with Radar,0,6,34,7,47,0,7,194,1,202,0,13,228,8,249,344,0,344,593
06/30/2009,DWH,TX,ASW,CE,Towers with Radar,0,5,40,8,53,0,6,268,2,276,0,11,308,10,329,584,0,584,913
07/01/2009,DWH,TX,ASW,CE,Towers with Radar,0,9,49,7,65,0,14,219,7,240,0,23,268,14,305,284,0,284,589
07/02/2009,DWH,TX,ASW,CE,Towers with Radar,0,7,57,5,69,0,8,270,4,282,0,15,327,9,351,372,0,372,723
07/03/2009,DWH,TX,ASW,CE,Towers with Radar,0,5,34,0,39,0,4,353,0,357,0,9,387,0,396,524,0,524,920
07/04/2009,DWH,TX,ASW,CE,Towers with Radar,0,3,19,0,22,0,10,168,0,178,0,13,187,0,200,140,0,140,340
07/05/2009,DWH,TX,ASW,CE,Towers with Radar,0,6,37,13,56,0,4,181,1,186,0,10,218,14,242,372,0,372,614
07/06/2009,DWH,TX,ASW,CE,Towers with Radar,0,6,26,7,39,0,6,156,4,166,0,12,182,11,205,410,0,410,615
07/07/2009,DWH,TX,ASW,CE,Towers with Radar,0,5,32,8,45,0,7,146,0,153,0,12,178,8,198,342,0,342,540
07/08/2009,DWH,TX,ASW,CE,Towers with Radar,0,5,36,12,53,0,8,247,1,256,0,13,283,13,309,588,6,594,903
07/09/2009,DWH,TX,ASW,CE,Towers with Radar,0,4,40,9,53,0,5,272,6,283,0,9,312,15,336,505,0,505,841
07/10/2009,DWH,TX,ASW,CE,Towers with Radar,0,3,45,6,54,0,4,251,2,257,0,7,296,8,311,458,4,462,773
07/11/2009,DWH,TX,ASW,CE,Towers with Radar,0,3,43,0,46,0,2,229,0,231,0,5,272,0,277,358,0,358,635
07/12/2009,DWH,TX,ASW,CE,Towers with Radar,0,7,39,5,51,0,5,261,1,267,0,12,300,6,318,382,0,382,700
07/13/2009,DWH,TX,ASW,CE,Towers with Radar,0,8,21,11,40,0,3,206,2,211,0,11,227,13,251,386,10,396,647
07/14/2009,DWH,TX,ASW,CE,Towers with Radar,0,6,27,1,34,0,4,302,7,313,0,10,329,8,347,532,0,532,879
07/15/2009,DWH,TX,ASW,CE,Towers with Radar,0,7,28,7,42,0,8,282,9,299,0,15,310,16,341,496,0,496,837
07/16/2009,DWH,TX,ASW,CE,Towers with Radar,0,5,21,12,38,0,6,271,3,280,0,11,292,15,318,400,0,400,718
07/17/2009,DWH,TX,ASW,CE,Towers with Radar,0,10,44,4,58,0,4,217,3,224,0,14,261,7,282,394,0,394,676
07/18/2009,DWH,TX,ASW,CE,Towers with Radar,0,5,39,4,48,0,0,266,3,269,0,5,305,7,317,414,2,416,733
07/19/2009,DWH,TX,ASW,CE,Towers with Radar,0,9,34,1,44,0,2,242,1,245,0,11,276,2,289,370,0,370,659
07/20/2009,DWH,TX,ASW,CE,Towers with Radar,0,5,38,4,47,0,5,187,3,195,0,10,225,7,242,322,8,330,572
07/21/2009,DWH,TX,ASW,CE,Towers with Radar,0,8,44,3,55,0,5,192,4,201,0,13,236,7,256,350,0,350,606
07/22/2009,DWH,TX,ASW,CE,Towers with Radar,0,8,28,10,46,0,6,163,4,173,0,14,191,14,219,204,0,204,423
07/23/2009,DWH,TX,ASW,CE,Towers with Radar,0,8,54,7,69,0,10,245,4,259,0,18,299,11,328,476,0,476,804
07/24/2009,DWH,TX,ASW,CE,Towers with Radar,0,7,37,5,49,0,9,275,4,288,0,16,312,9,337,652,12,664,1001
07/25/2009,DWH,TX,ASW,CE,Towers with Radar,0,6,29,0,35,0,3,342,0,345,0,9,371,0,380,576,0,576,956
07/26/2009,DWH,TX,ASW,CE,Towers with Radar,0,4,26,0,30,0,6,291,0,297,0,10,317,0,327,474,0,474,801
07/27/2009,DWH,TX,ASW,CE,Towers with Radar,0,8,45,5,58,0,10,179,4,193,0,18,224,9,251,286,0,286,537
07/28/2009,DWH,TX,ASW,CE,Towers with Radar,0,5,43,15,63,0,6,204,2,212,0,11,247,17,275,206,0,206,481
07/29/2009,DWH,TX,ASW,CE,Towers with Radar,0,3,57,9,69,0,6,189,2,197,0,9,246,11,266,282,0,282,548
07/30/2009,DWH,TX,ASW,CE,Towers with Radar,0,12,35,11,58,0,6,179,1,186,0,18,214,12,244,366,0,366,610
07/31/2009,DWH,TX,ASW,CE,Towers with Radar,0,5,31,0,36,0,4,87,0,91,0,9,118,0,127,208,0,208,335
08/01/2009,DWH,TX,ASW,CE,Towers with Radar,0,6,26,0,32,0,5,266,0,271,0,11,292,0,303,408,0,408,711
08/02/2009,DWH,TX,ASW,CE,Towers with Radar,0,7,40,13,60,0,1,237,1,239,0,8,277,14,299,426,0,426,725
08/03/2009,DWH,TX,ASW,CE,Towers with Radar,0,13,35,4,52,0,4,253,4,261,0,17,288,8,313,306,0,306,619
08/04/2009,DWH,TX,ASW,CE,Towers with Radar,0,3,44,10,57,0,4,266,12,282,0,7,310,22,339,418,2,420,759
08/05/2009,DWH,TX,ASW,CE,Towers with Radar,0,8,36,2,46,0,2,224,7,233,0,10,260,9,279,398,0,398,677
08/06/2009,DWH,TX,ASW,CE,Towers with Radar,0,8,51,8,67,0,5,284,4,293,0,13,335,12,360,454,0,454,814
08/07/2009,DWH,TX,ASW,CE,Towers with Radar,0,6,37,2,45,0,6,347,3,356,0,12,384,5,401,458,0,458,859
08/08/2009,DWH,TX,ASW,CE,Towers with Radar,0,4,22,0,26,0,3,251,0,254,0,7,273,0,280,434,0,434,714
08/09/2009,DWH,TX,ASW,CE,Towers with Radar,0,5,29,0,34,0,0,159,0,159,0,5,188,0,193,200,0,200,393
08/10/2009,DWH,TX,ASW,CE,Towers with Radar,0,3,34,5,42,0,6,167,1,174,0,9,201,6,216,276,12,288,504
08/11/2009,DWH,TX,ASW,CE,Towers with Radar,0,10,45,1,56,0,4,270,3,277,0,14,315,4,333,522,0,522,855
08/12/2009,DWH,TX,ASW,CE,Towers with Radar,0,10,31,6,47,0,7,182,3,192,0,17,213,9,239,172,0,172,411
08/13/2009,DWH,TX,ASW,CE,Towers with Radar,0,8,32,1,41,0,6,233,3,242,0,14,265,4,283,218,0,218,501
08/14/2009,DWH,TX,ASW,CE,Towers with Radar,0,5,44,2,51,1,1,292,3,297,1,6,336,5,348,370,0,370,718
08/15/2009,DWH,TX,ASW,CE,Towers with Radar,0,5,57,0,62,0,4,291,2,297,0,9,348,2,359,586,0,586,945
08/16/2009,DWH,TX,ASW,CE,Towers with Radar,0,6,24,2,32,0,6,258,2,266,0,12,282,4,298,446,0,446,744
08/17/2009,DWH,TX,ASW,CE,Towers with Radar,0,6,31,0,37,0,6,185,4,195,0,12,216,4,232,300,0,300,532
08/18/2009,DWH,TX,ASW,CE,Towers with Radar,0,5,40,0,45,0,5,157,0,162,0,10,197,0,207,396,0,396,603
08/19/2009,DWH,TX,ASW,CE,Towers with Radar,0,5,40,6,51,0,7,213,0,220,0,12,253,6,271,281,2,283,554
08/20/2009,DWH,TX,ASW,CE,Towers with Radar,0,7,29,5,41,0,10,243,3,256,0,17,272,8,297,424,0,424,721
08/21/2009,DWH,TX,ASW,CE,Towers with Radar,0,8,44,4,56,0,2,244,0,246,0,10,288,4,302,450,0,450,752
08/22/2009,DWH,TX,ASW,CE,Towers with Radar,0,6,29,4,39,0,3,315,0,318,0,9,344,4,357,368,0,368,725
08/23/2009,DWH,TX,ASW,CE,Towers with Radar,0,4,45,2,51,0,2,230,0,232,0,6,275,2,283,270,0,270,553
08/24/2009,DWH,TX,ASW,CE,Towers with Radar,0,4,31,4,39,0,7,144,3,154,0,11,175,7,193,238,2,240,433
08/25/2009,DWH,TX,ASW,CE,Towers with Radar,0,14,53,5,72,0,5,257,5,267,0,19,310,10,339,190,0,190,529
08/26/2009,DWH,TX,ASW,CE,Towers with Radar,0,10,39,6,55,0,3,142,0,145,0,13,181,6,200,416,0,416,616
08/27/2009,DWH,TX,ASW,CE,Towers with Radar,0,4,69,1,74,0,7,195,5,207,0,11,264,6,281,360,0,360,641
08/28/2009,DWH,TX,ASW,CE,Towers with Radar,0,5,42,10,57,0,8,265,0,273,0,13,307,10,330,400,2,402,732
08/29/2009,DWH,TX,ASW,CE,Towers with Radar,0,0,29,0,29,0,4,328,0,332,0,4,357,0,361,396,0,396,757
08/30/2009,DWH,TX,ASW,CE,Towers with Radar,0,5,28,6,39,0,6,244,1,251,0,11,272,7,290,296,0,296,586
08/31/2009,DWH,TX,ASW,CE,Towers with Radar,0,6,28,6,40,0,3,207,4,214,0,9,235,10,254,292,8,300,554
09/01/2009,DWH,TX,ASW,CE,Towers with Radar,0,6,43,8,57,0,4,258,3,265,0,10,301,11,322,320,0,320,642
09/02/2009,DWH,TX,ASW,CE,Towers with Radar,0,4,45,9,58,0,11,268,6,285,0,15,313,15,343,272,0,272,615
09/03/2009,DWH,TX,ASW,CE,Towers with Radar,0,8,34,4,46,0,12,182,3,197,0,20,216,7,243,194,0,194,437
09/04/2009,DWH,TX,ASW,CE,Towers with Radar,0,7,44,9,60,0,8,210,6,224,0,15,254,15,284,502,0,502,786
09/05/2009,DWH,TX,ASW,CE,Towers with Radar,0,4,22,0,26,0,5,256,0,261,0,9,278,0,287,438,0,438,725
09/06/2009,DWH,TX,ASW,CE,Towers with Radar,0,2,18,0,20,0,2,175,0,177,0,4,193,0,197,258,0,258,455
09/07/2009,DWH,TX,ASW,CE,Towers with Radar,0,9,45,8,62,0,2,234,5,241,0,11,279,13,303,354,10,364,667
09/08/2009,DWH,TX,ASW,CE,Towers with Radar,0,3,40,4,47,0,5,163,0,168,0,8,203,4,215,250,0,250,465
09/09/2009,DWH,TX,ASW,CE,Towers with Radar,0,7,33,0,40,0,3,66,0,69,0,10,99,0,109,182,0,182,291
09/10/2009,DWH,TX,ASW,CE,Towers with Radar,0,7,51,0,58,0,2,159,1,162,0,9,210,1,220,386,0,386,606
09/11/2009,DWH,TX,ASW,CE,Towers with Radar,0,6,43,2,51,0,3,161,0,164,0,9,204,2,215,284,0,284,499
09/12/2009,DWH,TX,ASW,CE,Towers with Radar,0,4,33,0,37,0,1,13,0,14,0,5,46,0,51,22,0,22,73
09/13/2009,DWH,TX,ASW,CE,Towers with Radar,0,8,41,1,50,0,4,84,0,88,0,12,125,1,138,214,0,214,352
09/14/2009,DWH,TX,ASW,CE,Towers with Radar,0,8,49,2,59,0,4,118,2,124,0,12,167,4,183,202,0,202,385
09/15/2009,DWH,TX,ASW,CE,Towers with Radar,0,3,61,9,73,0,7,138,3,148,0,10,199,12,221,348,0,348,569
09/16/2009,DWH,TX,ASW,CE,Towers with Radar,0,5,40,16,61,0,5,247,16,268,0,10,287,32,329,358,0,358,687
09/17/2009,DWH,TX,ASW,CE,Towers with Radar,0,11,56,9,76,0,8,194,9,211,0,19,250,18,287,336,2,338,625
09/18/2009,DWH,TX,ASW,CE,Towers with Radar,0,14,67,9,90,0,8,170,3,181,0,22,237,12,271,384,0,384,655
09/19/2009,DWH,TX,ASW,CE,Towers with Radar,0,4,63,4,71,0,6,176,0,182,0,10,239,4,253,454,0,454,707
09/20/2009,DWH,TX,ASW,CE,Towers with Radar,0,6,32,2,40,0,3,318,0,321,0,9,350,2,361,414,0,414,775
09/21/2009,DWH,TX,ASW,CE,Towers with Radar,0,3,27,4,34,0,5,203,6,214,0,8,230,10,248,336,0,336,584
09/22/2009,DWH,TX,ASW,CE,Towers with Radar,0,2,32,2,36,0,5,24,0,29,0,7,56,2,65,34,0,34,99
09/23/2009,DWH,TX,ASW,CE,Towers with Radar,0,5,39,1,45,0,3,165,6,174,0,8,204,7,219,232,0,232,451
09/24/2009,DWH,TX,ASW,CE,Towers with Radar,0,9,64,2,75,0,5,39,0,44,0,14,103,2,119,0,0,0,119
09/25/2009,DWH,TX,ASW,CE,Towers with Radar,0,11,87,2,100,0,7,229,0,236,0,18,316,2,336,524,0,524,860
09/26/2009,DWH,TX,ASW,CE,Towers with Radar,0,4,60,0,64,0,3,316,0,319,0,7,376,0,383,584,0,584,967
09/27/2009,DWH,TX,ASW,CE,Towers with Radar,0,3,28,0,31,0,5,294,0,299,0,8,322,0,330,426,0,426,756
09/28/2009,DWH,TX,ASW,CE,Towers with Radar,0,9,48,11,68,0,7,171,3,181,0,16,219,14,249,270,0,270,519
09/29/2009,DWH,TX,ASW,CE,Towers with Radar,0,7,38,0,45,0,8,213,2,223,0,15,251,2,268,374,0,374,642
09/30/2009,DWH,TX,ASW,CE,Towers with Radar,0,4,45,2,51,0,4,282,4,290,0,8,327,6,341,390,0,390,731
10/01/2009,DWH,TX,ASW,CE,Towers with Radar,0,3,52,2,57,0,8,157,3,168,0,11,209,5,225,332,0,332,557
10/02/2009,DWH,TX,ASW,CE,Towers with Radar,0,9,29,2,40,0,5,276,0,281,0,14,305,2,321,418,0,418,739
10/03/2009,DWH,TX,ASW,CE,Towers with Radar,0,2,25,2,29,0,0,130,3,133,0,2,155,5,162,370,0,370,532
10/04/2009,DWH,TX,ASW,CE,Towers with Radar,0,6,34,0,40,0,0,46,0,46,0,6,80,0,86,52,0,52,138
10/05/2009,DWH,TX,ASW,CE,Towers with Radar,0,9,39,8,56,0,0,43,0,43,0,9,82,8,99,210,0,210,309
10/06/2009,DWH,TX,ASW,CE,Towers with Radar,0,5,58,10,73,0,9,252,4,265,0,14,310,14,338,318,12,330,668
10/07/2009,DWH,TX,ASW,CE,Towers with Radar,0,7,41,0,48,0,3,134,0,137,0,10,175,0,185,334,0,334,519
10/08/2009,DWH,TX,ASW,CE,Towers with Radar,0,5,50,13,68,0,4,140,4,148,0,9,190,17,216,182,0,182,398
10/09/2009,DWH,TX,ASW,CE,Towers with Radar,0,10,43,0,53,0,1,8,0,9,0,11,51,0,62,6,0,6,68
10/10/2009,DWH,TX,ASW,CE,Towers with Radar,0,5,77,0,82,0,0,66,0,66,0,5,143,0,148,94,0,94,242
10/11/2009,DWH,TX,ASW,CE,Towers with Radar,0,7,70,0,77,0,0,4,0,4,0,7,74,0,81,0,0,0,81
10/12/2009,DWH,TX,ASW,CE,Towers with Radar,0,11,28,2,41,0,2,55,0,57,0,13,83,2,98,186,0,186,284
10/13/2009,DWH,TX,ASW,CE,Towers with Radar,0,7,34,0,41,0,6,68,0,74,0,13,102,0,115,200,0,200,315
10/14/2009,DWH,TX,ASW,CE,Towers with Radar,0,6,71,3,80,0,6,149,1,156,0,12,220,4,236,150,0,150,386
10/15/2009,DWH,TX,ASW,CE,Towers with Radar,0,2,54,2,58,0,7,223,0,230,0,9,277,2,288,262,0,262,550
10/16/2009,DWH,TX,ASW,CE,Towers with Radar,0,15,54,0,69,0,6,261,1,268,0,21,315,1,337,390,0,390,727
10/17/2009,DWH,TX,ASW,CE,Towers with Radar,0,4,43,0,47,0,2,444,0,446,0,6,487,0,493,628,0,628,1121
10/18/2009,DWH,TX,ASW,CE,Towers with Radar,0,22,39,0,61,0,5,394,0,399,0,27,433,0,460,764,0,764,1224
10/19/2009,DWH,TX,ASW,CE,Towers with Radar,0,9,34,11,54,0,5,274,6,285,0,14,308,17,339,310,0,310,649
10/20/2009,DWH,TX,ASW,CE,Towers with Radar,0,16,26,6,48,0,8,293,2,303,0,24,319,8,351,278,0,278,629
10/21/2009,DWH,TX,ASW,CE,Towers with Radar,0,9,58,4,71,0,6,53,0,59,0,15,111,4,130,190,0,190,320
10/22/2009,DWH,TX,ASW,CE,Towers with Radar,0,8,40,0,48,0,6,78,0,84,0,14,118,0,132,204,0,204,336
10/23/2009,DWH,TX,ASW,CE,Towers with Radar,0,7,43,3,53,0,10,309,3,322,0,17,352,6,375,420,0,420,795
10/24/2009,DWH,TX,ASW,CE,Towers with Radar,0,2,39,0,41,0,3,319,0,322,0,5,358,0,363,488,0,488,851
10/25/2009,DWH,TX,ASW,CE,Towers with Radar,0,11,48,1,60,0,3,205,1,209,0,14,253,2,269,174,0,174,443
10/26/2009,DWH,TX,ASW,CE,Towers with Radar,0,5,22,2,29,0,0,5,0,5,0,5,27,2,34,18,0,18,52
10/27/2009,DWH,TX,ASW,CE,Towers with Radar,0,10,56,7,73,0,5,172,6,183,0,15,228,13,256,264,0,264,520
10/28/2009,DWH,TX,ASW,CE,Towers with Radar,0,15,66,12,93,0,4,182,1,187,0,19,248,13,280,230,0,230,510
10/29/2009,DWH,TX,ASW,CE,Towers with Radar,0,5,16,0,21,0,2,30,0,32,0,7,46,0,53,22,0,22,75
10/30/2009,DWH,TX,ASW,CE,Towers with Radar,0,11,57,2,70,0,11,229,4,244,0,22,286,6,314,320,0,320,634
10/31/2009,DWH,TX,ASW,CE,Towers with Radar,0,2,39,10,51,0,3,452,2,457,0,5,491,12,508,570,12,582,1090
11/01/2009,DWH,TX,ASW,CE,Towers with Radar,0,6,33,3,42,0,3,314,1,318,0,9,347,4,360,394,10,404,764
11/02/2009,DWH,TX,ASW,CE,Towers with Radar,0,4,41,17,62,0,3,320,1,324,0,7,361,18,386,418,18,436,822
11/03/2009,DWH,TX,ASW,CE,Towers with Radar,0,7,39,8,54,0,6,279,4,289,0,13,318,12,343,282,6,288,631
11/04/2009,DWH,TX,ASW,CE,Towers with Radar,0,7,55,7,69,0,7,307,4,318,0,14,362,11,387,386,0,386,773
11/05/2009,DWH,TX,ASW,CE,Towers with Radar,0,13,54,6,73,0,3,331,3,337,0,16,385,9,410,452,0,452,862
11/06/2009,DWH,TX,ASW,CE,Towers with Radar,0,6,40,1,47,0,8,309,2,319,0,14,349,3,366,518,0,518,884
11/07/2009,DWH,TX,ASW,CE,Towers with Radar,0,2,31,2,35,0,4,358,0,362,0,6,389,2,397,488,0,488,885
11/08/2009,DWH,TX,ASW,CE,Towers with Radar,0,10,63,0,73,0,2,109,1,112,0,12,172,1,185,216,0,216,401
11/09/2009,DWH,TX,ASW,CE,Towers with Radar,0,3,37,1,41,0,2,189,4,195,0,5,226,5,236,304,0,304,540
11/10/2009,DWH,TX,ASW,CE,Towers with Radar,0,5,40,2,47,0,3,264,3,270,0,8,304,5,317,340,0,340,657
11/11/2009,DWH,TX,ASW,CE,Towers with Radar,0,2,44,1,47,0,7,271,1,279,0,9,315,2,326,248,10,258,584
11/12/2009,DWH,TX,ASW,CE,Towers with Radar,0,7,48,7,62,0,5,274,2,281,0,12,322,9,343,386,2,388,731
11/13/2009,DWH,TX,ASW,CE,Towers with Radar,0,9,44,2,55,0,5,335,2,342,0,14,379,4,397,466,0,466,863
11/14/2009,DWH,TX,ASW,CE,Towers with Radar,0,1,37,6,44,0,2,382,4,388,0,3,419,10,432,592,0,592,1024
11/15/2009,DWH,TX,ASW,CE,Towers with Radar,0,7,53,0,60,0,6,147,0,153,0,13,200,0,213,198,0,198,411
11/16/2009,DWH,TX,ASW,CE,Towers with Radar,0,6,30,4,40,0,2,114,6,122,0,8,144,10,162,170,0,170,332
11/17/2009,DWH,TX,ASW,CE,Towers with Radar,0,12,49,8,69,0,3,258,4,265,0,15,307,12,334,306,4,310,644
11/18/2009,DWH,TX,ASW,CE,Towers with Radar,0,6,36,2,44,0,4,305,2,311,0,10,341,4,355,256,0,256,611
11/19/2009,DWH,TX,ASW,CE,Towers with Radar,0,6,42,5,53,0,14,231,2,247,0,20,273,7,300,236,0,236,536
11/20/2009,DWH,TX,ASW,CE,Towers with Radar,0,10,38,0,48,0,1,23,0,24,0,11,61,0,72,82,0,82,154
11/21/2009,DWH,TX,ASW,CE,Towers with Radar,0,2,46,0,48,0,7,37,0,44,0,9,83,0,92,40,0,40,132
11/22/2009,DWH,TX,ASW,CE,Towers with Radar,0,3,54,4,61,0,4,367,0,371,0,7,421,4,432,364,0,364,796
11/23/2009,DWH,TX,ASW,CE,Towers with Radar,0,4,45,3,52,0,2,209,3,214,0,6,254,6,266,352,0,352,618
11/24/2009,DWH,TX,ASW,CE,Towers with Radar,0,14,38,0,52,0,3,136,7,146,0,17,174,7,198,146,0,146,344
11/25/2009,DWH,TX,ASW,CE,Towers with Radar,0,8,37,0,45,0,3,267,0,270,0,11,304,0,315,276,0,276,591
11/26/2009,DWH,TX,ASW,CE,Towers with Radar,0,2,13,0,15,0,3,112,0,115,0,5,125,0,130,88,0,88,218
11/27/2009,DWH,TX,ASW,CE,Towers with Radar,0,4,26,0,30,0,3,271,0,274,0,7,297,0,304,298,0,298,602
11/28/2009,DWH,TX,ASW,CE,Towers with Radar,0,6,45,0,51,0,2,199,0,201,0,8,244,0,252,246,0,246,498
11/29/2009,DWH,TX,ASW,CE,Towers with Radar,0,9,41,0,50,0,7,116,0,123,0,16,157,0,173,238,0,238,411
11/30/2009,DWH,TX,ASW,CE,Towers with Radar,0,8,49,2,59,0,5,39,0,44,0,13,88,2,103,40,0,40,143
12/01/2009,DWH,TX,ASW,CE,Towers with Radar,0,2,37,0,39,0,3,26,0,29,0,5,63,0,68,102,0,102,170
12/02/2009,DWH,TX,ASW,CE,Towers with Radar,0,7,27,8,42,0,0,89,2,91,0,7,116,10,133,108,10,118,251
12/03/2009,DWH,TX,ASW,CE,Towers with Radar,0,9,55,13,77,0,8,285,2,295,0,17,340,15,372,396,0,396,768
12/04/2009,DWH,TX,ASW,CE,Towers with Radar,0,4,18,0,22,0,4,13,2,19,0,8,31,2,41,24,0,24,65
12/05/2009,DWH,TX,ASW,CE,Towers with Radar,0,7,28,4,39,0,2,269,0,271,0,9,297,4,310,338,0,338,648
12/06/2009,DWH,TX,ASW,CE,Towers with Radar,0,8,23,4,35,0,0,16,0,16,0,8,39,4,51,84,0,84,135
12/07/2009,DWH,TX,ASW,CE,Towers with Radar,0,0,11,0,11,0,0,0,0,0,0,0,11,0,11,0,0,0,11
12/08/2009,DWH,TX,ASW,CE,Towers with Radar,0,8,32,2,42,0,0,2,0,2,0,8,34,2,44,6,0,6,50
12/09/2009,DWH,TX,ASW,CE,Towers with Radar,0,14,45,13,72,0,3,336,4,343,0,17,381,17,415,436,6,442,857
12/10/2009,DWH,TX,ASW,CE,Towers with Radar,0,8,50,12,70,0,1,243,7,251,0,9,293,19,321,402,2,404,725
12/11/2009,DWH,TX,ASW,CE,Towers with Radar,0,5,51,0,56,0,3,78,3,84,0,8,129,3,140,198,0,198,338
12/12/2009,DWH,TX,ASW,CE,Towers with Radar,0,0,7,0,7,0,0,0,0,0,0,0,7,0,7,0,0,0,7
12/13/2009,DWH,TX,ASW,CE,Towers with Radar,0,9,32,2,43,0,0,1,0,1,0,9,33,2,44,0,0,0,44
12/14/2009,DWH,TX,ASW,CE,Towers with Radar,0,0,7,0,7,0,0,0,0,0,0,0,7,0,7,0,0,0,7
12/15/2009,DWH,TX,ASW,CE,Towers with Radar,0,4,63,0,67,0,6,61,0,67,0,10,124,0,134,90,0,90,224
12/16/2009,DWH,TX,ASW,CE,Towers with Radar,0,16,45,2,63,0,4,223,0,227,0,20,268,2,290,344,2,346,636
12/17/2009,DWH,TX,ASW,CE,Towers with Radar,0,3,71,0,74,0,1,5,0,6,0,4,76,0,80,2,0,2,82
12/18/2009,DWH,TX,ASW,CE,Towers with Radar,0,3,61,8,72,0,4,349,1,354,0,7,410,9,426,416,0,416,842
12/19/2009,DWH,TX,ASW,CE,Towers with Radar,0,4,28,4,36,0,14,454,3,471,0,18,482,7,507,450,0,450,957
12/20/2009,DWH,TX,ASW,CE,Towers with Radar,0,5,44,0,49,0,1,408,2,411,0,6,452,2,460,620,0,620,1080
12/21/2009,DWH,TX,ASW,CE,Towers with Radar,0,4,33,3,40,0,2,253,9,264,0,6,286,12,304,308,22,330,634
12/22/2009,DWH,TX,ASW,CE,Towers with Radar,0,4,41,2,47,0,3,124,2,129,0,7,165,4,176,240,0,240,416
12/23/2009,DWH,TX,ASW,CE,Towers with Radar,0,5,23,0,28,0,0,59,0,59,0,5,82,0,87,152,0,152,239
12/24/2009,DWH,TX,ASW,CE,Towers with Radar,0,2,20,0,22,0,4,39,0,43,0,6,59,0,65,8,0,8,73
12/25/2009,DWH,TX,ASW,CE,Towers with Radar,0,1,7,0,8,0,0,76,3,79,0,1,83,3,87,52,0,52,139
12/26/2009,DWH,TX,ASW,CE,Towers with Radar,0,4,48,0,52,0,1,163,0,164,0,5,211,0,216,266,0,266,482
12/27/2009,DWH,TX,ASW,CE,Towers with Radar,0,6,29,0,35,0,0,171,0,171,0,6,200,0,206,218,0,218,424
12/28/2009,DWH,TX,ASW,CE,Towers with Radar,0,3,26,2,31,0,6,278,7,291,0,9,304,9,322,304,0,304,626
12/29/2009,DWH,TX,ASW,CE,Towers with Radar,0,2,28,2,32,0,2,89,1,92,0,4,117,3,124,122,0,122,246
12/30/2009,DWH,TX,ASW,CE,Towers with Radar,0,9,42,0,51,0,0,0,0,0,0,9,42,0,51,0,0,0,51
12/31/2009,DWH,TX,ASW,CE,Towers with Radar,0,4,32,0,36,0,6,161,0,167,0,10,193,0,203,332,0,332,535
01/01/2010,DWH,TX,ASW,CE,Towers with Radar,0,2,17,0,19,0,3,153,0,156,0,5,170,0,175,388,0,388,563
01/02/2010,DWH,TX,ASW,CE,Towers with Radar,0,6,20,0,26,0,3,274,2,279,0,9,294,2,305,316,0,316,621
01/03/2010,DWH,TX,ASW,CE,Towers with Radar,0,9,41,0,50,0,7,130,0,137,0,16,171,0,187,208,0,208,395
01/04/2010,DWH,TX,ASW,CE,Towers with Radar,0,11,21,1,33,0,2,113,2,117,0,13,134,3,150,212,0,212,362
01/05/2010,DWH,TX,ASW,CE,Towers with Radar,0,6,37,2,45,0,2,324,1,327,0,8,361,3,372,474,0,474,846
01/06/2010,DWH,TX,ASW,CE,Towers with Radar,0,10,43,6,59,0,3,192,8,203,0,13,235,14,262,294,20,314,576
01/07/2010,DWH,TX,ASW,CE,Towers with Radar,0,9,26,0,35,0,5,32,2,39,0,14,58,2,74,44,0,44,118
01/08/2010,DWH,TX,ASW,CE,Towers with Radar,0,9,22,10,41,0,6,129,2,137,0,15,151,12,178,160,0,160,338
01/09/2010,DWH,TX,ASW,CE,Towers with Radar,0,5,29,2,36,0,0,358,0,358,0,5,387,2,394,396,0,396,790
01/10/2010,DWH,TX,ASW,CE,Towers with Radar,0,5,32,3,40,0,1,211,1,213,0,6,243,4,253,182,0,182,435
01/11/2010,DWH,TX,ASW,CE,Towers with Radar,0,4,30,4,38,0,3,193,3,199,0,7,223,7,237,242,0,242,479
01/12/2010,DWH,TX,ASW,CE,Towers with Radar,0,3,47,0,50,0,5,265,5,275,0,8,312,5,325,314,0,314,639
01/13/2010,DWH,TX,ASW,CE,Towers with Radar,0,9,43,4,56,0,4,287,0,291,0,13,330,4,347,402,0,402,749
01/14/2010,DWH,TX,ASW,CE,Towers with Radar,0,7,40,0,47,0,0,3,0,3,0,7,43,0,50,12,0,12,62
01/15/2010,DWH,TX,ASW,CE,Towers with Radar,0,4,36,0,40,0,2,17,0,19,0,6,53,0,59,24,0,24,83
01/16/2010,DWH,TX,ASW,CE,Towers with Radar,0,3,28,2,33,0,1,7,0,8,0,4,35,2,41,0,0,0,41
01/17/2010,DWH,TX,ASW,CE,Towers with Radar,0,3,27,0,30,0,7,324,0,331,0,10,351,0,361,296,0,296,657
01/18/2010,DWH,TX,ASW,CE,Towers with Radar,0,2,43,2,47,0,5,216,4,225,0,7,259,6,272,436,0,436,708
01/19/2010,DWH,TX,ASW,CE,Towers with Radar,0,3,36,3,42,0,0,127,1,128,0,3,163,4,170,176,0,176,346
01/20/2010,DWH,TX,ASW,CE,Towers with Radar,0,3,48,0,51,0,3,17,0,20,0,6,65,0,71,34,0,34,105
01/21/2010,DWH,TX,ASW,CE,Towers with Radar,0,8,31,3,42,0,2,254,1,257,0,10,285,4,299,260,0,260,559
01/22/2010,DWH,TX,ASW,CE,Towers with Radar,0,2,40,3,45,0,2,280,9,291,0,4,320,12,336,256,12,268,604
01/23/2010,DWH,TX,ASW,CE,Towers with Radar,0,0,46,9,55,0,2,118,0,120,0,2,164,9,175,314,0,314,489
01/24/2010,DWH,TX,ASW,CE,Towers with Radar,0,1,36,2,39,0,5,190,0,195,0,6,226,2,234,112,0,112,346
01/25/2010,DWH,TX,ASW,CE,Towers with Radar,0,8,39,2,49,0,5,278,0,283,0,13,317,2,332,266,6,272,604
01/26/2010,DWH,TX,ASW,CE,Towers with Radar,0,4,30,5,39,0,7,320,3,330,0,11,350,8,369,348,4,352,721
01/27/2010,DWH,TX,ASW,CE,Towers with Radar,0,6,46,7,59,0,4,200,2,206,0,10,246,9,265,316,8,324,589
01/28/2010,DWH,TX,ASW,CE,Towers with Radar,0,4,58,4,66,0,3,44,0,47,0,7,102,4,113,72,0,72,185
01/29/2010,DWH,TX,ASW,CE,Towers with Radar,0,5,48,3,56,0,2,13,0,15,0,7,61,3,71,6,0,6,77
01/30/2010,DWH,TX,ASW,CE,Towers with Radar,0,3,22,6,31,0,4,187,0,191,0,7,209,6,222,446,0,446,668
01/31/2010,DWH,TX,ASW,CE,Towers with Radar,0,3,36,5,44,0,1,156,0,157,0,4,192,5,201,372,0,372,573
02/01/2010,DWH,TX,ASW,CE,Towers with Radar,0,4,29,6,39,0,0,101,0,101,0,4,130,6,140,206,0,206,346
02/02/2010,DWH,TX,ASW,CE,Towers with Radar,0,8,51,2,61,0,3,111,0,114,0,11,162,2,175,254,0,254,429
02/03/2010,DWH,TX,ASW,CE,Towers with Radar,0,7,37,2,46,0,2,70,0,72,0,9,107,2,118,6,0,6,124
02/04/2010,DWH,TX,ASW,CE,Towers with Radar,0,7,19,0,26,0,3,21,0,24,0,10,40,0,50,4,0,4,54
02/05/2010,DWH,TX,ASW,CE,Towers with Radar,0,5,47,9,61,0,3,140,3,146,0,8,187,12,207,272,10,282,489
02/06/2010,DWH,TX,ASW,CE,Towers with Radar,0,1,33,0,34,0,3,564,0,567,0,4,597,0,601,526,0,526,1127
02/07/2010,DWH,TX,ASW,CE,Towers with Radar,0,5,37,0,42,0,6,194,0,200,0,11,231,0,242,270,0,270,512
02/08/2010,DWH,TX,ASW,CE,Towers with Radar,0,6,26,3,35,0,1,105,0,106,0,7,131,3,141,158,0,158,299
02/09/2010,DWH,TX,ASW,CE,Towers with Radar,0,2,42,10,54,0,4,176,1,181,0,6,218,11,235,122,10,132,367
02/10/2010,DWH,TX,ASW,CE,Towers with Radar,0,5,34,0,39,0,3,190,1,194,0,8,224,1,233,272,0,272,505
02/11/2010,DWH,TX,ASW,CE,Towers with Radar,0,11,33,0,44,0,2,7,0,9,0,13,40,0,53,18,0,18,71
02/12/2010,DWH,TX,ASW,CE,Towers with Radar,0,7,32,4,43,0,0,109,0,109,0,7,141,4,152,176,0,176,328
02/13/2010,DWH,TX,ASW,CE,Towers with Radar,0,4,56,2,62,0,0,190,1,191,0,4,246,3,253,278,0,278,531
02/14/2010,DWH,TX,ASW,CE,Towers with Radar,0,5,33,0,38,0,2,179,0,181,0,7,212,0,219,156,0,156,375
02/15/2010,DWH,TX,ASW,CE,Towers with Radar,0,8,22,14,44,0,3,239,3,245,0,11,261,17,289,232,0,232,521
02/16/2010,DWH,TX,ASW,CE,Towers with Radar,0,7,42,9,58,0,5,300,5,310,0,12,342,14,368,246,0,246,614
02/17/2010,DWH,TX,ASW,CE,Towers with Radar,0,4,44,5,53,0,9,311,4,324,0,13,355,9,377,224,0,224,601
02/18/2010,DWH,TX,ASW,CE,Towers with Radar,0,5,39,10,54,0,7,313,6,326,0,12,352,16,380,302,30,332,712
02/19/2010,DWH,TX,ASW,CE,Towers with Radar,0,8,65,3,76,0,10,246,1,257,0,18,311,4,333,490,0,490,823
02/20/2010,DWH,TX,ASW,CE,Towers with Radar,0,7,42,2,51,0,3,227,0,230,0,10,269,2,281,426,0,426,707
02/21/2010,DWH,TX,ASW,CE,Towers with Radar,0,10,41,3,54,0,2,104,0,106,0,12,145,3,160,110,0,110,270
02/22/2010,DWH,TX,ASW,CE,Towers with Radar,0,3,47,8,58,0,11,117,0,128,0,14,164,8,186,366,0,366,552
02/23/2010,DWH,TX,ASW,CE,Towers with Radar,0,6,34,2,42,0,0,8,0,8,0,6,42,2,50,54,0,54,104
02/24/2010,DWH,TX,ASW,CE,Towers with Radar,0,1,43,0,44,0,4,306,0,310,0,5,349,0,354,386,0,386,740
02/25/2010,DWH,TX,ASW,CE,Towers with Radar,0,5,42,0,47,0,7,337,1,345,0,12,379,1,392,306,0,306,698
02/26/2010,DWH,TX,ASW,CE,Towers with Radar,0,4,39,6,49,0,3,98,3,104,0,7,137,9,153,175,0,175,328
02/27/2010,DWH,TX,ASW,CE,Towers with Radar,0,2,41,2,45,0,6,422,1,429,0,8,463,3,474,332,0,332,806
02/28/2010,DWH,TX,ASW,CE,Towers with Radar,0,1,36,0,37,0,2,296,2,300,0,3,332,2,337,180,0,180,517
03/01/2010,DWH,TX,ASW,CE,Towers with Radar,0,5,25,4,34,0,1,35,0,36,0,6,60,4,70,66,0,66,136
03/02/2010,DWH,TX,ASW,CE,Towers with Radar,0,5,39,6,50,0,1,217,3,221,0,6,256,9,271,250,8,258,529
03/03/2010,DWH,TX,ASW,CE,Towers with Radar,0,4,36,6,46,0,3,270,1,274,0,7,306,7,320,334,0,334,654
03/04/2010,DWH,TX,ASW,CE,Towers with Radar,0,5,39,0,44,0,4,241,2,247,0,9,280,2,291,260,0,260,551
03/05/2010,DWH,TX,ASW,CE,Towers with Radar,0,10,39,6,55,0,6,278,3,287,0,16,317,9,342,366,10,376,718
03/06/2010,DWH,TX,ASW,CE,Towers with Radar,0,1,26,7,34,0,1,315,0,316,0,2,341,7,350,370,0,370,720
03/07/2010,DWH,TX,ASW,CE,Towers with Radar,0,5,46,0,51,0,3,191,0,194,0,8,237,0,245,362,0,362,607
03/08/2010,DWH,TX,ASW,CE,Towers with Radar,0,4,29,0,33,0,1,11,0,12,0,5,40,0,45,0,0,0,45
03/09/2010,DWH,TX,ASW,CE,Towers with Radar,0,6,50,0,56,0,4,126,1,131,0,10,176,1,187,210,26,236,423
03/10/2010,DWH,TX,ASW,CE,Towers with Radar,0,5,51,2,58,0,5,203,0,208,0,10,254,2,266,516,0,516,782
03/11/2010,DWH,TX,ASW,CE,Towers with Radar,0,7,58,0,65,0,6,251,2,259,0,13,309,2,324,378,0,378,702
03/12/2010,DWH,TX,ASW,CE,Towers with Radar,0,11,50,7,68,0,3,292,7,302,0,14,342,14,370,264,12,276,646
03/13/2010,DWH,TX,ASW,CE,Towers with Radar,0,10,37,2,49,0,4,377,0,381,0,14,414,2,430,350,0,350,780
03/14/2010,DWH,TX,ASW,CE,Towers with Radar,0,4,41,4,49,0,3,329,2,334,0,7,370,6,383,418,0,418,801
03/15/2010,DWH,TX,ASW,CE,Towers with Radar,0,8,22,0,30,0,2,213,1,216,0,10,235,1,246,304,0,304,550
03/16/2010,DWH,TX,ASW,CE,Towers with Radar,0,7,38,2,47,0,5,110,0,115,0,12,148,2,162,244,0,244,406
03/17/2010,DWH,TX,ASW,CE,Towers with Radar,0,9,34,2,45,0,2,294,1,297,0,11,328,3,342,380,0,380,722
03/18/2010,DWH,TX,ASW,CE,Towers with Radar,0,11,33,3,47,0,4,354,5,363,0,15,387,8,410,320,0,320,730
03/19/2010,DWH,TX,ASW,CE,Towers with Radar,0,12,55,6,73,0,8,300,2,310,0,20,355,8,383,320,0,320,703
03/20/2010,DWH,TX,ASW,CE,Towers with Radar,0,12,8,0,20,0,3,20,0,23,0,15,28,0,43,66,0,66,109
03/21/2010,DWH,TX,ASW,CE,Towers with Radar,0,16,34,1,51,0,2,69,0,71,0,18,103,1,122,46,0,46,168
03/22/2010,DWH,TX,ASW,CE,Towers with Radar,0,6,40,0,46,0,5,248,0,253,0,11,288,0,299,300,0,300,599
03/23/2010,DWH,TX,ASW,CE,Towers with Radar,0,5,39,2,46,0,7,283,2,292,0,12,322,4,338,474,0,474,812
03/24/2010,DWH,TX,ASW,CE,Towers with Radar,0,3,67,2,72,0,4,90,0,94,0,7,157,2,166,300,0,300,466
03/25/2010,DWH,TX,ASW,CE,Towers with Radar,0,6,25,7,38,0,2,170,3,175,0,8,195,10,213,110,0,110,323
03/26/2010,DWH,TX,ASW,CE,Towers with Radar,0,1,42,0,43,0,6,423,1,430,0,7,465,1,473,508,0,508,981
03/27/2010,DWH,TX,ASW,CE,Towers with Radar,0,2,54,6,62,0,2,314,2,318,0,4,368,8,380,708,0,708,1088
03/28/2010,DWH,TX,ASW,CE,Towers with Radar,0,6,28,0,34,0,3,230,1,234,0,9,258,1,268,154,0,154,422
03/29/2010,DWH,TX,ASW,CE,Towers with Radar,0,5,34,0,39,0,4,235,1,240,0,9,269,1,279,336,0,336,615
03/30/2010,DWH,TX,ASW,CE,Towers with Radar,0,4,38,10,52,0,1,302,2,305,0,5,340,12,357,408,0,408,765
03/31/2010,DWH,TX,ASW,CE,Towers with Radar,0,5,34,8,47,0,1,283,1,285,0,6,317,9,332,388,0,388,720
04/01/2010,DWH,TX,ASW,CE,Towers with Radar,0,12,41,7,60,0,3,205,5,213,0,15,246,12,273,304,26,330,603
04/02/2010,DWH,TX,ASW,CE,Towers with Radar,0,9,41,0,50,0,4,187,2,193,0,13,228,2,243,330,2,332,575
04/03/2010,DWH,TX,ASW,CE,Towers with Radar,0,1,20,0,21,0,2,313,0,315,0,3,333,0,336,330,0,330,666
04/04/2010,DWH,TX,ASW,CE,Towers with Radar,0,6,37,0,43,0,1,84,0,85,0,7,121,0,128,88,0,88,216
04/05/2010,DWH,TX,ASW,CE,Towers with Radar,0,5,60,5,70,0,4,178,0,182,0,9,238,5,252,302,0,302,554
04/06/2010,DWH,TX,ASW,CE,Towers with Radar,0,4,41,0,45,0,14,128,2,144,0,18,169,2,189,322,0,322,511
04/07/2010,DWH,TX,ASW,CE,Towers with Radar,0,14,32,4,50,0,6,109,1,116,0,20,141,5,166,334,0,334,500
04/08/2010,DWH,TX,ASW,CE,Towers with Radar,0,11,30,6,47,0,13,300,14,327,0,24,330,20,374,296,0,296,670
04/09/2010,DWH,TX,ASW,CE,Towers with Radar,0,8,48,3,59,0,12,315,8,335,0,20,363,11,394,470,20,490,884
04/10/2010,DWH,TX,ASW,CE,Towers with Radar,0,3,42,4,49,0,1,273,0,274,0,4,315,4,323,538,0,538,861
04/11/2010,DWH,TX,ASW,CE,Towers with Radar,0,9,50,0,59,0,1,268,1,270,0,10,318,1,329,256,0,256,585
04/12/2010,DWH,TX,ASW,CE,Towers with Radar,0,7,49,2,58,0,6,300,0,306,0,13,349,2,364,305,0,305,669
04/13/2010,DWH,TX,ASW,CE,Towers with Radar,0,6,32,4,42,0,10,274,2,286,0,16,306,6,328,412,0,412,740
04/14/2010,DWH,TX,ASW,CE,Towers with Radar,0,1,52,4,57,0,4,153,1,158,0,5,205,5,215,226,0,226,441
04/15/2010,DWH,TX,ASW,CE,Towers with Radar,0,8,48,3,59,0,3,114,1,118,0,11,162,4,177,192,0,192,369
04/16/2010,DWH,TX,ASW,CE,Towers with Radar,0,3,50,0,53,0,8,287,1,296,0,11,337,1,349,440,0,440,789
04/17/2010,DWH,TX,ASW,CE,Towers with Radar,0,7,25,4,36,0,6,129,0,135,0,13,154,4,171,310,0,310,481
04/18/2010,DWH,TX,ASW,CE,Towers with Radar,0,6,50,0,56,0,0,52,0,52,0,6,102,0,108,126,0,126,234
04/19/2010,DWH,TX,ASW,CE,Towers with Radar,0,9,64,4,77,0,4,121,0,125,0,13,185,4,202,364,0,364,566
04/20/2010,DWH,TX,ASW,CE,Towers with Radar,0,7,40,8,55,0,4,266,3,273,0,11,306,11,328,428,0,428,756
04/21/2010,DWH,TX,ASW,CE,Towers with Radar,0,5,56,9,70,0,8,377,2,387,0,13,433,11,457,454,0,454,911
04/22/2010,DWH,TX,ASW,CE,Towers with Radar,0,8,79,14,101,0,4,186,5,195,0,12,265,19,296,384,0,384,680
04/23/2010,DWH,TX,ASW,CE,Towers with Radar,0,7,42,11,60,0,9,128,0,137,0,16,170,11,197,140,0,140,337
04/24/2010,DWH,TX,ASW,CE,Towers with Radar,0,2,33,2,37,0,5,284,2,291,0,7,317,4,328,358,0,358,686
04/25/2010,DWH,TX,ASW,CE,Towers with Radar,0,5,36,2,43,0,2,331,0,333,0,7,367,2,376,312,0,312,688
04/26/2010,DWH,TX,ASW,CE,Towers with Radar,0,4,39,7,50,0,7,306,9,322,0,11,345,16,372,328,0,328,700
04/27/2010,DWH,TX,ASW,CE,Towers with Radar,0,9,35,12,56,0,0,259,0,259,0,9,294,12,315,412,20,432,747
04/28/2010,DWH,TX,ASW,CE,Towers with Radar,0,4,29,4,37,0,22,339,5,366,0,26,368,9,403,486,0,486,889
04/29/2010,DWH,TX,ASW,CE,Towers with Radar,0,18,56,8,82,0,8,189,5,202,0,26,245,13,284,224,14,238,522
04/30/2010,DWH,TX,ASW,CE,Towers with Radar,0,10,33,2,45,0,0,23,0,23,0,10,56,2,68,50,0,50,118
05/01/2010,DWH,TX,ASW,CE,Towers with Radar,0,5,35,0,40,0,10,145,3,158,0,15,180,3,198,288,0,288,486
05/02/2010,DWH,TX,ASW,CE,Towers with Radar,0,7,35,5,47,0,1,301,1,303,0,8,336,6,350,270,0,270,620
05/03/2010,DWH,TX,ASW,CE,Towers with Radar,0,7,41,4,52,0,5,261,1,267,0,12,302,5,319,256,0,256,575
05/04/2010,DWH,TX,ASW,CE,Towers with Radar,0,8,42,4,54,0,14,298,5,317,0,22,340,9,371,390,20,410,781
05/05/2010,DWH,TX,ASW,CE,Towers with Radar,0,8,57,9,74,0,6,355,6,367,0,14,412,15,441,450,0,450,891
05/06/2010,DWH,TX,ASW,CE,Towers with Radar,0,8,46,2,56,0,16,270,1,287,0,24,316,3,343,252,6,258,601
05/07/2010,DWH,TX,ASW,CE,Towers with Radar,0,7,49,9,65,0,9,240,6,255,0,16,289,15,320,420,0,420,740
05/08/2010,DWH,TX,ASW,CE,Towers with Radar,0,3,45,0,48,0,4,294,1,299,0,7,339,1,347,436,0,436,783
05/09/2010,DWH,TX,ASW,CE,Towers with Radar,0,5,44,8,57,0,2,116,0,118,0,7,160,8,175,176,0,176,351
05/10/2010,DWH,TX,ASW,CE,Towers with Radar,0,10,40,0,50,0,5,152,4,161,0,15,192,4,211,182,0,182,393
05/11/2010,DWH,TX,ASW,CE,Towers with Radar,0,5,59,2,66,0,5,219,0,224,0,10,278,2,290,276,0,276,566
05/12/2010,DWH,TX,ASW,CE,Towers with Radar,0,11,41,0,52,0,6,145,6,157,0,17,186,6,209,210,0,210,419
05/13/2010,DWH,TX,ASW,CE,Towers with Radar,0,11,64,3,78,0,4,202,8,214,0,15,266,11,292,490,10,500,792
05/14/2010,DWH,TX,ASW,CE,Towers with Radar,0,2,34,3,39,0,6,117,11,134,0,8,151,14,173,222,0,222,395
05/15/2010,DWH,TX,ASW,CE,Towers with Radar,0,7,35,2,44,0,5,64,4,73,0,12,99,6,117,216,0,216,333
05/16/2010,DWH,TX,ASW,CE,Towers with Radar,0,7,42,11,60,0,3,141,3,147,0,10,183,14,207,240,0,240,447
05/17/2010,DWH,TX,ASW,CE,Towers with Radar,0,6,21,8,35,0,0,199,6,205,0,6,220,14,240,458,0,458,698
05/18/2010,DWH,TX,ASW,CE,Towers with Radar,0,8,41,2,51,0,1,217,21,239,0,9,258,23,290,314,0,314,604
05/19/2010,DWH,TX,ASW,CE,Towers with Radar,0,8,40,0,48,0,2,205,37,244,0,10,245,37,292,418,0,418,710
05/20/2010,DWH,TX,ASW,CE,Towers with Radar,0,13,46,4,63,0,7,229,32,268,0,20,275,36,331,434,0,434,765
05/21/2010,DWH,TX,ASW,CE,Towers with Radar,0,4,42,8,54,0,3,291,4,298,0,7,333,12,352,436,6,442,794
05/22/2010,DWH,TX,ASW,CE,Towers with Radar,0,0,32,3,35,0,7,216,2,225,0,7,248,5,260,234,0,234,494
05/23/2010,DWH,TX,ASW,CE,Towers with Radar,0,3,47,1,51,0,0,251,1,252,0,3,298,2,303,340,0,340,643
05/24/2010,DWH,TX,ASW,CE,Towers with Radar,0,8,38,0,46,0,2,192,0,194,0,10,230,0,240,256,0,256,496
05/25/2010,DWH,TX,ASW,CE,Towers with Radar,0,10,41,3,54,0,12,213,4,229,0,22,254,7,283,366,0,366,649
05/26/2010,DWH,TX,ASW,CE,Towers with Radar,0,10,45,1,56,0,7,269,2,278,0,17,314,3,334,372,0,372,706
05/27/2010,DWH,TX,ASW,CE,Towers with Radar,0,6,37,3,46,0,5,286,5,296,0,11,323,8,342,358,2,360,702
05/28/2010,DWH,TX,ASW,CE,Towers with Radar,0,10,36,5,51,0,2,262,2,266,0,12,298,7,317,462,0,462,779
05/29/2010,DWH,TX,ASW,CE,Towers with Radar,0,0,15,4,19,0,5,310,0,315,0,5,325,4,334,444,0,444,778
05/30/2010,DWH,TX,ASW,CE,Towers with Radar,0,7,15,2,24,0,1,251,1,253,0,8,266,3,277,254,10,264,541
05/31/2010,DWH,TX,ASW,CE,Towers with Radar,0,5,30,2,37,0,7,222,1,230,0,12,252,3,267,236,0,236,503
06/01/2010,DWH,TX,ASW,CE,Towers with Radar,0,3,31,0,34,0,8,235,2,245,0,11,266,2,279,328,0,328,607
06/02/2010,DWH,TX,ASW,CE,Towers with Radar,0,5,29,0,34,0,6,164,0,170,0,11,193,0,204,306,0,306,510
06/03/2010,DWH,TX,ASW,CE,Towers with Radar,0,10,65,10,85,0,3,87,2,92,0,13,152,12,177,166,0,166,343
06/04/2010,DWH,TX,ASW,CE,Towers with Radar,0,6,41,1,48,0,23,194,3,220,0,29,235,4,268,390,30,420,688
06/05/2010,DWH,TX,ASW,CE,Towers with Radar,0,6,33,8,47,0,4,369,3,376,0,10,402,11,423,490,4,494,917
06/06/2010,DWH,TX,ASW,CE,Towers with Radar,0,9,39,0,48,0,6,188,1,195,0,15,227,1,243,322,0,322,565
06/07/2010,DWH,TX,ASW,CE,Towers with Radar,0,12,51,4,67,0,1,130,0,131,0,13,181,4,198,382,0,382,580
06/08/2010,DWH,TX,ASW,CE,Towers with Radar,0,6,32,1,39,0,6,114,4,124,0,12,146,5,163,210,0,210,373
06/09/2010,DWH,TX,ASW,CE,Towers with Radar,0,9,49,0,58,0,15,130,2,147,0,24,179,2,205,372,0,372,577
06/10/2010,DWH,TX,ASW,CE,Towers with Radar,0,9,49,3,61,0,4,249,2,255,0,13,298,5,316,428,0,428,744
06/11/2010,DWH,TX,ASW,CE,Towers with Radar,0,6,55,10,71,0,5,256,3,264,0,11,311,13,335,536,14,550,885
06/12/2010,DWH,TX,ASW,CE,Towers with Radar,0,11,27,2,40,0,4,303,0,307,0,15,330,2,347,328,0,328,675
06/13/2010,DWH,TX,ASW,CE,Towers with Radar,0,10,51,3,64,0,5,265,1,271,0,15,316,4,335,312,0,312,647
06/14/2010,DWH,TX,ASW,CE,Towers with Radar,0,9,33,8,50,0,5,217,3,225,0,14,250,11,275,282,4,286,561
06/15/2010,DWH,TX,ASW,CE,Towers with Radar,0,7,22,5,34,0,3,216,3,222,0,10,238,8,256,366,0,366,622
06/16/2010,DWH,TX,ASW,CE,Towers with Radar,0,7,37,10,54,0,9,223,3,235,0,16,260,13,289,422,0,422,711
06/17/2010,DWH,TX,ASW,CE,Towers with Radar,0,7,47,7,61,0,9,298,2,309,0,16,345,9,370,506,0,506,876
06/18/2010,DWH,TX,ASW,CE,Towers with Radar,0,9,47,3,59,0,9,283,5,297,0,18,330,8,356,480,0,480,836
06/19/2010,DWH,TX,ASW,CE,Towers with Radar,0,7,22,5,34,0,3,323,0,326,0,10,345,5,360,576,4,580,940
06/20/2010,DWH,TX,ASW,CE,Towers with Radar,0,7,22,0,29,0,3,274,0,277,0,10,296,0,306,378,0,378,684
06/21/2010,DWH,TX,ASW,CE,Towers with Radar,0,8,50,2,60,0,5,249,1,255,0,13,299,3,315,310,0,310,625
06/22/2010,DWH,TX,ASW,CE,Towers with Radar,0,5,30,12,47,0,8,237,4,249,0,13,267,16,296,406,0,406,702
06/23/2010,DWH,TX,ASW,CE,Towers with Radar,0,9,32,4,45,0,12,205,5,222,0,21,237,9,267,524,0,524,791
06/24/2010,DWH,TX,ASW,CE,Towers with Radar,0,11,37,0,48,0,2,154,0,156,0,13,191,0,204,348,0,348,552
06/25/2010,DWH,TX,ASW,CE,Towers with Radar,0,10,37,6,53,0,4,283,7,294,0,14,320,13,347,382,0,382,729
06/26/2010,DWH,TX,ASW,CE,Towers with Radar,0,4,34,2,40,0,7,303,0,310,0,11,337,2,350,370,0,370,720
06/27/2010,DWH,TX,ASW,CE,Towers with Radar,0,6,33,5,44,0,0,235,0,235,0,6,268,5,279,250,0,250,529
06/28/2010,DWH,TX,ASW,CE,Towers with Radar,0,11,34,1,46,0,7,110,3,120,0,18,144,4,166,234,0,234,400
06/29/2010,DWH,TX,ASW,CE,Towers with Radar,0,8,51,0,59,0,6,174,1,181,0,14,225,1,240,264,0,264,504
06/30/2010,DWH,TX,ASW,CE,Towers with Radar,0,8,46,2,56,0,3,47,0,50,0,11,93,2,106,88,0,88,194
07/01/2010,DWH,TX,ASW,CE,Towers with Radar,0,7,50,0,57,0,0,5,0,5,0,7,55,0,62,2,0,2,64
07/02/2010,DWH,TX,ASW,CE,Towers with Radar,0,8,22,0,30,0,0,1,0,1,0,8,23,0,31,0,0,0,31
07/03/2010,DWH,TX,ASW,CE,Towers with Radar,0,4,21,0,25,0,2,57,0,59,0,6,78,0,84,216,0,216,300
07/04/2010,DWH,TX,ASW,CE,Towers with Radar,0,2,24,0,26,0,2,157,0,159,0,4,181,0,185,220,0,220,405
07/05/2010,DWH,TX,ASW,CE,Towers with Radar,0,1,45,5,51,0,4,250,1,255,0,5,295,6,306,368,2,370,676
07/06/2010,DWH,TX,ASW,CE,Towers with Radar,0,9,25,2,36,0,10,211,3,224,0,19,236,5,260,280,0,280,540
07/07/2010,DWH,TX,ASW,CE,Towers with Radar,0,9,18,2,29,0,3,4,0,7,0,12,22,2,36,12,0,12,48
07/08/2010,DWH,TX,ASW,CE,Towers with Radar,0,3,37,0,40,0,0,43,0,43,0,3,80,0,83,100,0,100,183
07/09/2010,DWH,TX,ASW,CE,Towers with Radar,0,7,52,6,65,0,2,245,1,248,0,9,297,7,313,384,2,386,699
07/10/2010,DWH,TX,ASW,CE,Towers with Radar,0,0,45,0,45,0,3,322,1,326,0,3,367,1,371,382,0,382,753
07/11/2010,DWH,TX,ASW,CE,Towers with Radar,0,4,26,7,37,0,1,222,1,224,0,5,248,8,261,242,0,242,503
07/12/2010,DWH,TX,ASW,CE,Towers with Radar,0,6,28,10,44,0,3,178,1,182,0,9,206,11,226,152,0,152,378
07/13/2010,DWH,TX,ASW,CE,Towers with Radar,0,7,29,4,40,0,2,216,6,224,0,9,245,10,264,264,2,266,530
07/14/2010,DWH,TX,ASW,CE,Towers with Radar,0,12,60,2,74,0,11,271,6,288,0,23,331,8,362,422,0,422,784
07/15/2010,DWH,TX,ASW,CE,Towers with Radar,0,4,61,4,69,0,5,273,1,279,0,9,334,5,348,382,0,382,730
07/16/2010,DWH,TX,ASW,CE,Towers with Radar,0,8,48,8,64,0,6,371,5,382,0,14,419,13,446,478,18,496,942
07/17/2010,DWH,TX,ASW,CE,Towers with Radar,0,5,33,4,42,0,1,327,3,331,0,6,360,7,373,392,0,392,765
07/18/2010,DWH,TX,ASW,CE,Towers with Radar,0,5,36,0,41,0,1,122,0,123,0,6,158,0,164,244,0,244,408
07/19/2010,DWH,TX,ASW,CE,Towers with Radar,0,3,36,2,41,0,0,84,0,84,0,3,120,2,125,136,0,136,261
07/20/2010,DWH,TX,ASW,CE,Towers with Radar,0,7,48,5,60,0,11,229,4,244,0,18,277,9,304,386,0,386,690
07/21/2010,DWH,TX,ASW,CE,Towers with Radar,0,9,33,2,44,0,4,202,0,206,0,13,235,2,250,350,0,350,600
07/22/2010,DWH,TX,ASW,CE,Towers with Radar,0,5,45,4,54,0,2,167,3,172,0,7,212,7,226,352,0,352,578
07/23/2010,DWH,TX,ASW,CE,Towers with Radar,0,6,47,5,58,0,3,268,3,274,0,9,315,8,332,422,0,422,754
07/24/2010,DWH,TX,ASW,CE,Towers with Radar,0,3,26,0,29,0,4,253,0,257,0,7,279,0,286,354,0,354,640
07/25/2010,DWH,TX,ASW,CE,Towers with Radar,0,2,31,1,34,0,2,239,1,242,0,4,270,2,276,342,0,342,618
07/26/2010,DWH,TX,ASW,CE,Towers with Radar,0,3,36,0,39,0,3,105,2,110,0,6,141,2,149,206,0,206,355
07/27/2010,DWH,TX,ASW,CE,Towers with Radar,0,10,35,0,45,0,4,123,0,127,0,14,158,0,172,304,0,304,476
07/28/2010,DWH,TX,ASW,CE,Towers with Radar,0,12,32,4,48,0,3,146,2,151,0,15,178,6,199,250,0,250,449
07/29/2010,DWH,TX,ASW,CE,Towers with Radar,0,8,52,13,73,0,3,225,7,235,0,11,277,20,308,272,0,272,580
07/30/2010,DWH,TX,ASW,CE,Towers with Radar,0,4,38,1,43,0,4,304,2,310,0,8,342,3,353,508,0,508,861
07/31/2010,DWH,TX,ASW,CE,Towers with Radar,0,2,29,3,34,0,7,275,1,283,0,9,304,4,317,312,0,312,629
08/01/2010,DWH,TX,ASW,CE,Towers with Radar,0,9,27,4,40,0,6,232,2,240,0,15,259,6,280,248,0,248,528
08/02/2010,DWH,TX,ASW,CE,Towers with Radar,0,5,33,1,39,0,3,150,4,157,0,8,183,5,196,276,6,282,478
08/03/2010,DWH,TX,ASW,CE,Towers with Radar,0,5,15,10,30,0,0,192,9,201,0,5,207,19,231,298,0,298,529
08/04/2010,DWH,TX,ASW,CE,Towers with Radar,0,5,39,3,47,0,2,247,5,254,0,7,286,8,301,254,0,254,555
08/05/2010,DWH,TX,ASW,CE,Towers with Radar,0,7,40,10,57,0,4,215,5,224,0,11,255,15,281,286,0,286,567
08/06/2010,DWH,TX,ASW,CE,Towers with Radar,0,18,23,10,51,0,6,237,5,248,0,24,260,15,299,376,0,376,675
08/07/2010,DWH,TX,ASW,CE,Towers with Radar,0,1,46,2,49,0,9,312,1,322,0,10,358,3,371,530,0,530,901
08/08/2010,DWH,TX,ASW,CE,Towers with Radar,0,9,49,4,62,0,5,249,2,256,0,14,298,6,318,292,0,292,610
08/09/2010,DWH,TX,ASW,CE,Towers with Radar,0,8,18,3,29,0,7,208,4,219,0,15,226,7,248,210,0,210,458
08/10/2010,DWH,TX,ASW,CE,Towers with Radar,0,5,47,8,60,0,7,226,2,235,0,12,273,10,295,294,0,294,589
08/11/2010,DWH,TX,ASW,CE,Towers with Radar,0,8,50,8,66,0,5,256,2,263,0,13,306,10,329,310,0,310,639
08/12/2010,DWH,TX,ASW,CE,Towers with Radar,0,8,49,0,57,0,0,206,2,208,0,8,255,2,265,412,8,420,685
08/13/2010,DWH,TX,ASW,CE,Towers with Radar,0,3,53,3,59,0,3,299,3,305,0,6,352,6,364,362,0,362,726
08/14/2010,DWH,TX,ASW,CE,Towers with Radar,0,9,26,3,38,0,2,244,12,258,0,11,270,15,296,396,0,396,692
08/15/2010,DWH,TX,ASW,CE,Towers with Radar,0,5,50,5,60,0,0,251,1,252,0,5,301,6,312,310,0,310,622
08/16/2010,DWH,TX,ASW,CE,Towers with Radar,0,8,50,0,58,0,5,149,3,157,0,13,199,3,215,262,0,262,477
08/17/2010,DWH,TX,ASW,CE,Towers with Radar,0,9,43,7,59,0,4,216,3,223,0,13,259,10,282,304,4,308,590
08/18/2010,DWH,TX,ASW,CE,Towers with Radar,0,2,40,5,47,0,4,237,1,242,0,6,277,6,289,264,4,268,557
08/19/2010,DWH,TX,ASW,CE,Towers with Radar,0,7,39,8,54,0,4,199,4,207,0,11,238,12,261,326,0,326,587
08/20/2010,DWH,TX,ASW,CE,Towers with Radar,0,8,65,5,78,0,2,259,3,264,0,10,324,8,342,344,0,344,686
08/21/2010,DWH,TX,ASW,CE,Towers with Radar,0,3,26,0,29,0,4,326,2,332,0,7,352,2,361,518,0,518,879
08/22/2010,DWH,TX,ASW,CE,Towers with Radar,0,6,36,4,46,0,0,273,0,273,0,6,309,4,319,280,0,280,599
08/23/2010,DWH,TX,ASW,CE,Towers with Radar,0,5,35,1,41,0,1,224,4,229,0,6,259,5,270,390,0,390,660
08/24/2010,DWH,TX,ASW,CE,Towers with Radar,0,12,40,6,58,0,8,189,4,201,0,20,229,10,259,250,0,250,509
08/25/2010,DWH,TX,ASW,CE,Towers with Radar,0,10,60,4,74,0,5,227,3,235,0,15,287,7,309,396,0,396,705
08/26/2010,DWH,TX,ASW,CE,Towers with Radar,0,7,43,2,52,0,3,257,4,264,0,10,300,6,316,382,4,386,702
08/27/2010,DWH,TX,ASW,CE,Towers with Radar,0,5,50,7,62,0,8,304,5,317,0,13,354,12,379,544,16,560,939
08/28/2010,DWH,TX,ASW,CE,Towers with Radar,0,6,31,0,37,0,3,364,3,370,0,9,395,3,407,568,0,568,975
08/29/2010,DWH,TX,ASW,CE,Towers with Radar,0,6,43,9,58,0,2,177,1,180,0,8,220,10,238,184,0,184,422
08/30/2010,DWH,TX,ASW,CE,Towers with Radar,0,5,23,6,34,0,2,119,0,121,0,7,142,6,155,162,0,162,317
08/31/2010,DWH,TX,ASW,CE,Towers with Radar,0,8,43,8,59,0,2,116,2,120,0,10,159,10,179,82,6,88,267
09/01/2010,DWH,TX,ASW,CE,Towers with Radar,0,9,60,6,75,0,3,136,7,146,0,12,196,13,221,274,0,274,495
09/02/2010,DWH,TX,ASW,CE,Towers with Radar,0,9,36,13,58,0,0,140,1,141,0,9,176,14,199,316,0,316,515
09/03/2010,DWH,TX,ASW,CE,Towers with Radar,0,5,63,3,71,0,2,132,0,134,0,7,195,3,205,216,0,216,421
09/04/2010,DWH,TX,ASW,CE,Towers with Radar,0,1,49,0,50,0,5,270,0,275,0,6,319,0,325,360,0,360,685
09/05/2010,DWH,TX,ASW,CE,Towers with Radar,0,0,20,0,20,0,4,239,0,243,0,4,259,0,263,282,0,282,545
09/06/2010,DWH,TX,ASW,CE,Towers with Radar,0,5,44,0,49,0,3,69,0,72,0,8,113,0,121,72,0,72,193
09/07/2010,DWH,TX,ASW,CE,Towers with Radar,0,8,17,0,25,0,1,26,0,27,0,9,43,0,52,74,0,74,126
09/08/2010,DWH,TX,ASW,CE,Towers with Radar,0,6,47,2,55,0,3,86,1,90,0,9,133,3,145,242,0,242,387
09/09/2010,DWH,TX,ASW,CE,Towers with Radar,0,5,50,0,55,0,2,212,5,219,0,7,262,5,274,454,0,454,728
09/10/2010,DWH,TX,ASW,CE,Towers with Radar,0,12,55,6,73,0,2,215,8,225,0,14,270,14,298,338,0,338,636
09/11/2010,DWH,TX,ASW,CE,Towers with Radar,0,3,44,0,47,0,5,317,4,326,0,8,361,4,373,458,0,458,831
09/12/2010,DWH,TX,ASW,CE,Towers with Radar,0,7,46,2,55,0,8,225,0,233,0,15,271,2,288,270,0,270,558
09/13/2010,DWH,TX,ASW,CE,Towers with Radar,0,5,34,0,39,0,0,228,5,233,0,5,262,5,272,302,0,302,574
09/14/2010,DWH,TX,ASW,CE,Towers with Radar,0,9,72,3,84,0,6,207,11,224,0,15,279,14,308,324,0,324,632
09/15/2010,DWH,TX,ASW,CE,Towers with Radar,0,11,44,2,57,0,8,258,3,269,0,19,302,5,326,354,0,354,680
09/16/2010,DWH,TX,ASW,CE,Towers with Radar,0,13,50,15,78,0,3,227,4,234,0,16,277,19,312,444,24,468,780
09/17/2010,DWH,TX,ASW,CE,Towers with Radar,0,10,51,6,67,0,2,259,6,267,0,12,310,12,334,474,0,474,808
09/18/2010,DWH,TX,ASW,CE,Towers with Radar,0,5,36,0,41,0,1,337,2,340,0,6,373,2,381,434,0,434,815
09/19/2010,DWH,TX,ASW,CE,Towers with Radar,0,5,49,0,54,0,4,264,4,272,0,9,313,4,326,244,0,244,570
09/20/2010,DWH,TX,ASW,CE,Towers with Radar,0,9,48,2,59,0,3,189,3,195,0,12,237,5,254,216,0,216,470
09/21/2010,DWH,TX,ASW,CE,Towers with Radar,0,7,51,0,58,0,2,88,2,92,0,9,139,2,150,148,0,148,298
09/22/2010,DWH,TX,ASW,CE,Towers with Radar,0,5,58,7,70,0,5,173,2,180,0,10,231,9,250,206,0,206,456
09/23/2010,DWH,TX,ASW,CE,Towers with Radar,0,12,53,8,73,0,5,200,1,206,0,17,253,9,279,362,0,362,641
09/24/2010,DWH,TX,ASW,CE,Towers with Radar,0,7,52,4,63,0,5,199,4,208,0,12,251,8,271,358,0,358,629
09/25/2010,DWH,TX,ASW,CE,Towers with Radar,0,4,37,2,43,0,3,283,0,286,0,7,320,2,329,566,0,566,895
09/26/2010,DWH,TX,ASW,CE,Towers with Radar,0,5,49,0,54,0,1,236,0,237,0,6,285,0,291,258,0,258,549
09/27/2010,DWH,TX,ASW,CE,Towers with Radar,0,12,51,4,67,0,4,249,3,256,0,16,300,7,323,308,0,308,631
09/28/2010,DWH,TX,ASW,CE,Towers with Radar,0,8,48,1,57,0,5,234,4,243,0,13,282,5,300,194,0,194,494
09/29/2010,DWH,TX,ASW,CE,Towers with Radar,0,8,43,8,59,0,8,278,5,291,0,16,321,13,350,226,10,236,586
09/30/2010,DWH,TX,ASW,CE,Towers with Radar,0,12,57,6,75,0,4,333,11,348,0,16,390,17,423,290,10,300,723
10/01/2010,DWH,TX,ASW,CE,Towers with Radar,0,7,57,10,74,0,3,267,4,274,0,10,324,14,348,348,0,348,696
10/02/2010,DWH,TX,ASW,CE,Towers with Radar,0,4,27,7,38,0,5,332,5,342,0,9,359,12,380,376,2,378,758
10/03/2010,DWH,TX,ASW,CE,Towers with Radar,0,9,58,4,71,0,1,276,0,277,0,10,334,4,348,228,0,228,576
10/04/2010,DWH,TX,ASW,CE,Towers with Radar,0,5,38,2,45,0,2,230,2,234,0,7,268,4,279,256,0,256,535
10/05/2010,DWH,TX,ASW,CE,Towers with Radar,0,5,34,4,43,0,3,243,5,251,0,8,277,9,294,204,0,204,498
10/06/2010,DWH,TX,ASW,CE,Towers with Radar,0,5,49,0,54,0,2,262,3,267,0,7,311,3,321,148,0,148,469
10/07/2010,DWH,TX,ASW,CE,Towers with Radar,0,9,51,2,62,0,1,223,7,231,0,10,274,9,293,296,0,296,589
10/08/2010,DWH,TX,ASW,CE,Towers with Radar,0,9,40,6,55,0,6,287,6,299,0,15,327,12,354,378,0,378,732
10/09/2010,DWH,TX,ASW,CE,Towers with Radar,0,2,41,0,43,0,4,383,0,387,0,6,424,0,430,394,0,394,824
10/10/2010,DWH,TX,ASW,CE,Towers with Radar,0,4,53,0,57,0,1,243,0,244,0,5,296,0,301,344,0,344,645
10/11/2010,DWH,TX,ASW,CE,Towers with Radar,0,7,33,17,57,0,2,254,1,257,0,9,287,18,314,278,0,278,592
10/12/2010,DWH,TX,ASW,CE,Towers with Radar,0,7,48,7,62,0,4,141,0,145,0,11,189,7,207,146,0,146,353
10/13/2010,DWH,TX,ASW,CE,Towers with Radar,0,9,33,1,43,0,14,253,3,270,0,23,286,4,313,178,0,178,491
10/14/2010,DWH,TX,ASW,CE,Towers with Radar,0,6,52,4,62,0,7,231,4,242,0,13,283,8,304,332,10,342,646
10/15/2010,DWH,TX,ASW,CE,Towers with Radar,0,11,55,11,77,0,9,352,8,369,0,20,407,19,446,494,0,494,940
10/16/2010,DWH,TX,ASW,CE,Towers with Radar,0,3,41,0,44,0,6,291,0,297,0,9,332,0,341,324,0,324,665
10/17/2010,DWH,TX,ASW,CE,Towers with Radar,0,12,62,12,86,0,6,322,0,328,0,18,384,12,414,386,0,386,800
10/18/2010,DWH,TX,ASW,CE,Towers with Radar,0,4,39,6,49,0,7,228,3,238,0,11,267,9,287,336,0,336,623
10/19/2010,DWH,TX,ASW,CE,Towers with Radar,0,11,36,2,49,0,1,207,2,210,0,12,243,4,259,246,0,246,505
10/20/2010,DWH,TX,ASW,CE,Towers with Radar,0,11,43,1,55,0,10,291,0,301,0,21,334,1,356,324,0,324,680
10/21/2010,DWH,TX,ASW,CE,Towers with Radar,0,14,56,2,72,0,5,257,1,263,0,19,313,3,335,410,0,410,745
10/22/2010,DWH,TX,ASW,CE,Towers with Radar,0,8,58,0,66,0,4,185,1,190,0,12,243,1,256,132,0,132,388
10/23/2010,DWH,TX,ASW,CE,Towers with Radar,0,3,46,11,60,0,4,245,3,252,0,7,291,14,312,286,12,298,610
10/24/2010,DWH,TX,ASW,CE,Towers with Radar,0,19,48,4,71,0,1,270,1,272,0,20,318,5,343,326,0,326,669
10/25/2010,DWH,TX,ASW,CE,Towers with Radar,0,9,63,4,76,0,7,121,2,130,0,16,184,6,206,206,8,214,420
10/26/2010,DWH,TX,ASW,CE,Towers with Radar,0,11,50,1,62,0,7,129,1,137,0,18,179,2,199,76,0,76,275
10/27/2010,DWH,TX,ASW,CE,Towers with Radar,0,13,53,7,73,0,7,163,6,176,0,20,216,13,249,192,0,192,441
10/28/2010,DWH,TX,ASW,CE,Towers with Radar,0,12,43,0,55,0,6,234,2,242,0,18,277,2,297,154,6,160,457
10/29/2010,DWH,TX,ASW,CE,Towers with Radar,0,20,49,2,71,0,9,274,3,286,0,29,323,5,357,358,6,364,721
10/30/2010,DWH,TX,ASW,CE,Towers with Radar,0,7,31,0,38,0,7,225,0,232,0,14,256,0,270,264,0,264,534
10/31/2010,DWH,TX,ASW,CE,Towers with Radar,0,4,48,1,53,0,3,221,4,228,0,7,269,5,281,226,0,226,507
11/01/2010,DWH,TX,ASW,CE,Towers with Radar,0,6,41,0,47,0,0,102,0,102,0,6,143,0,149,106,0,106,255
11/02/2010,DWH,TX,ASW,CE,Towers with Radar,0,4,53,2,59,0,1,46,6,53,0,5,99,8,112,54,0,54,166
11/03/2010,DWH,TX,ASW,CE,Towers with Radar,0,11,57,0,68,0,0,7,0,7,0,11,64,0,75,26,0,26,101
11/04/2010,DWH,TX,ASW,CE,Towers with Radar,0,8,60,3,71,0,9,192,1,202,0,17,252,4,273,122,0,122,395
11/05/2010,DWH,TX,ASW,CE,Towers with Radar,0,13,65,6,84,0,8,342,2,352,0,21,407,8,436,336,0,336,772
11/06/2010,DWH,TX,ASW,CE,Towers with Radar,0,4,32,0,36,0,3,285,2,290,0,7,317,2,326,332,0,332,658
11/07/2010,DWH,TX,ASW,CE,Towers with Radar,0,6,53,2,61,0,3,278,0,281,0,9,331,2,342,260,0,260,602
11/08/2010,DWH,TX,ASW,CE,Towers with Radar,0,8,40,2,50,0,8,218,4,230,0,16,258,6,280,210,0,210,490
11/09/2010,DWH,TX,ASW,CE,Towers with Radar,0,16,45,5,66,0,3,156,3,162,0,19,201,8,228,184,0,184,412
11/10/2010,DWH,TX,ASW,CE,Towers with Radar,0,6,58,9,73,0,8,166,9,183,0,14,224,18,256,188,14,202,458
11/11/2010,DWH,TX,ASW,CE,Towers with Radar,0,3,42,2,47,0,9,125,0,134,0,12,167,2,181,160,0,160,341
11/12/2010,DWH,TX,ASW,CE,Towers with Radar,0,5,49,8,62,0,3,212,1,216,0,8,261,9,278,222,0,222,500
11/13/2010,DWH,TX,ASW,CE,Towers with Radar,0,0,32,2,34,0,6,206,0,212,0,6,238,2,246,230,0,230,476
11/14/2010,DWH,TX,ASW,CE,Towers with Radar,0,7,54,2,63,0,4,186,0,190,0,11,240,2,253,192,0,192,445
11/15/2010,DWH,TX,ASW,CE,Towers with Radar,0,8,59,13,80,0,0,12,4,16,0,8,71,17,96,4,0,4,100
11/16/2010,DWH,TX,ASW,CE,Towers with Radar,0,5,51,1,57,0,8,211,2,221,0,13,262,3,278,192,0,192,470
11/17/2010,DWH,TX,ASW,CE,Towers with Radar,0,13,52,4,69,0,15,241,6,262,0,28,293,10,331,258,0,258,589
11/18/2010,DWH,TX,ASW,CE,Towers with Radar,1,14,58,3,76,0,6,253,2,261,1,20,311,5,337,306,0,306,643
11/19/2010,DWH,TX,ASW,CE,Towers with Radar,0,10,46,21,77,0,2,394,15,411,0,12,440,36,488,556,34,590,1078
11/20/2010,DWH,TX,ASW,CE,Towers with Radar,0,10,48,2,60,0,8,380,1,389,0,18,428,3,449,394,0,394,843
11/21/2010,DWH,TX,ASW,CE,Towers with Radar,0,6,37,5,48,0,3,239,6,248,0,9,276,11,296,132,0,132,428
11/22/2010,DWH,TX,ASW,CE,Towers with Radar,0,6,56,2,64,0,0,155,0,155,0,6,211,2,219,146,0,146,365
11/23/2010,DWH,TX,ASW,CE,Towers with Radar,0,13,68,0,81,0,3,110,1,114,0,16,178,1,195,166,0,166,361
11/24/2010,DWH,TX,ASW,CE,Towers with Radar,0,7,69,6,82,0,5,135,2,142,0,12,204,8,224,82,14,96,320
11/25/2010,DWH,TX,ASW,CE,Towers with Radar,0,1,8,0,9,0,1,16,0,17,0,2,24,0,26,12,0,12,38
11/26/2010,DWH,TX,ASW,CE,Towers with Radar,0,4,43,2,49,0,4,141,4,149,0,8,184,6,198,124,2,126,324
11/27/2010,DWH,TX,ASW,CE,Towers with Radar,0,4,28,0,32,0,1,269,1,271,0,5,297,1,303,312,0,312,615
11/28/2010,DWH,TX,ASW,CE,Towers with Radar,0,7,64,0,71,0,5,240,0,245,0,12,304,0,316,214,0,214,530
11/29/2010,DWH,TX,ASW,CE,Towers with Radar,0,8,45,4,57,0,5,62,0,67,0,13,107,4,124,110,0,110,234
11/30/2010,DWH,TX,ASW,CE,Towers with Radar,0,7,42,1,50,0,4,109,4,117,0,11,151,5,167,146,0,146,313
12/01/2010,DWH,TX,ASW,CE,Towers with Radar,0,5,57,1,63,0,3,227,7,237,0,8,284,8,300,348,0,348,648
12/02/2010,DWH,TX,ASW,CE,Towers with Radar,0,15,55,3,73,0,9,219,8,236,0,24,274,11,309,342,0,342,651
12/03/2010,DWH,TX,ASW,CE,Towers with Radar,0,16,61,2,79,0,2,271,7,280,0,18,332,9,359,318,0,318,677
12/04/2010,DWH,TX,ASW,CE,Towers with Radar,0,3,51,14,68,0,1,250,1,252,0,4,301,15,320,262,12,274,594
12/05/2010,DWH,TX,ASW,CE,Towers with Radar,0,6,52,6,64,0,2,249,0,251,0,8,301,6,315,308,0,308,623
12/06/2010,DWH,TX,ASW,CE,Towers with Radar,0,4,34,5,43,0,5,191,6,202,0,9,225,11,245,320,0,320,565
12/07/2010,DWH,TX,ASW,CE,Towers with Radar,0,10,71,2,83,0,3,169,1,173,0,13,240,3,256,226,0,226,482
12/08/2010,DWH,TX,ASW,CE,Towers with Radar,0,11,47,5,63,0,10,175,2,187,0,21,222,7,250,192,0,192,442
12/09/2010,DWH,TX,ASW,CE,Towers with Radar,0,10,46,2,58,0,5,201,3,209,0,15,247,5,267,304,0,304,571
12/10/2010,DWH,TX,ASW,CE,Towers with Radar,0,9,65,10,84,0,7,222,19,248,0,16,287,29,332,374,0,374,706
12/11/2010,DWH,TX,ASW,CE,Towers with Radar,0,1,45,0,46,0,8,196,2,206,0,9,241,2,252,256,0,256,508
12/12/2010,DWH,TX,ASW,CE,Towers with Radar,0,4,55,5,64,0,4,164,3,171,0,8,219,8,235,266,0,266,501
12/13/2010,DWH,TX,ASW,CE,Towers with Radar,0,5,40,10,55,0,12,212,4,228,0,17,252,14,283,330,2,332,615
12/14/2010,DWH,TX,ASW,CE,Towers with Radar,0,7,42,8,57,0,6,149,2,157,0,13,191,10,214,152,0,152,366
12/15/2010,DWH,TX,ASW,CE,Towers with Radar,0,14,30,6,50,0,11,182,7,200,0,25,212,13,250,90,0,90,340
12/16/2010,DWH,TX,ASW,CE,Towers with Radar,0,11,73,2,86,0,14,179,6,199,0,25,252,8,285,226,0,226,511
12/17/2010,DWH,TX,ASW,CE,Towers with Radar,0,11,72,9,92,0,8,235,3,246,0,19,307,12,338,462,0,462,800
12/18/2010,DWH,TX,ASW,CE,Towers with Radar,0,9,55,1,65,0,1,243,0,244,0,10,298,1,309,324,0,324,633
12/19/2010,DWH,TX,ASW,CE,Towers with Radar,0,6,35,3,44,0,1,231,0,232,0,7,266,3,276,292,0,292,568
12/20/2010,DWH,TX,ASW,CE,Towers with Radar,0,10,43,9,62,0,10,164,1,175,0,20,207,10,237,172,8,180,417
12/21/2010,DWH,TX,ASW,CE,Towers with Radar,0,5,64,4,73,0,4,220,0,224,0,9,284,4,297,238,0,238,535
12/22/2010,DWH,TX,ASW,CE,Towers with Radar,0,16,49,0,65,0,5,87,0,92,0,21,136,0,157,88,0,88,245
12/23/2010,DWH,TX,ASW,CE,Towers with Radar,0,7,64,0,71,0,2,185,3,190,0,9,249,3,261,290,0,290,551
12/24/2010,DWH,TX,ASW,CE,Towers with Radar,0,1,24,0,25,0,5,144,0,149,0,6,168,0,174,172,0,172,346
12/25/2010,DWH,TX,ASW,CE,Towers with Radar,0,5,14,0,19,0,3,8,0,11,0,8,22,0,30,0,0,0,30
12/26/2010,DWH,TX,ASW,CE,Towers with Radar,0,6,47,0,53,0,2,234,0,236,0,8,281,0,289,332,0,332,621
12/27/2010,DWH,TX,ASW,CE,Towers with Radar,0,12,44,1,57,0,6,191,1,198,0,18,235,2,255,190,0,190,445
12/28/2010,DWH,TX,ASW,CE,Towers with Radar,0,8,40,0,48,0,2,157,2,161,0,10,197,2,209,140,0,140,349
12/29/2010,DWH,TX,ASW,CE,Towers with Radar,0,6,22,0,28,0,1,6,0,7,0,7,28,0,35,10,0,10,45
12/30/2010,DWH,TX,ASW,CE,Towers with Radar,0,9,59,2,70,0,6,66,0,72,0,15,125,2,142,66,0,66,208
12/31/2010,DWH,TX,ASW,CE,Towers with Radar,0,7,51,0,58,0,0,95,0,95,0,7,146,0,153,224,0,224,377
01/01/2011,DWH,TX,ASW,CE,Towers with Radar,0,1,12,0,13,0,3,107,0,110,0,4,119,0,123,148,0,148,271
01/02/2011,DWH,TX,ASW,CE,Towers with Radar,0,7,28,0,35,0,3,252,0,255,0,10,280,0,290,312,0,312,602
01/03/2011,DWH,TX,ASW,CE,Towers with Radar,0,8,36,4,48,0,3,186,3,192,0,11,222,7,240,196,0,196,436
01/04/2011,DWH,TX,ASW,CE,Towers with Radar,0,8,39,0,47,0,0,19,0,19,0,8,58,0,66,54,0,54,120
01/05/2011,DWH,TX,ASW,CE,Towers with Radar,0,8,57,2,67,0,12,130,5,147,0,20,187,7,214,136,0,136,350
01/06/2011,DWH,TX,ASW,CE,Towers with Radar,0,2,38,12,52,0,8,244,8,260,0,10,282,20,312,164,0,164,476
01/07/2011,DWH,TX,ASW,CE,Towers with Radar,0,4,57,6,67,0,8,310,6,324,0,12,367,12,391,296,6,302,693
01/08/2011,DWH,TX,ASW,CE,Towers with Radar,0,3,29,3,35,0,4,299,2,305,0,7,328,5,340,324,10,334,674
01/09/2011,DWH,TX,ASW,CE,Towers with Radar,0,6,31,0,37,0,2,4,0,6,0,8,35,0,43,0,0,0,43
01/10/2011,DWH,TX,ASW,CE,Towers with Radar,0,8,24,2,34,0,3,0,0,3,0,11,24,2,37,0,0,0,37
01/11/2011,DWH,TX,ASW,CE,Towers with Radar,0,9,30,0,39,0,2,132,3,137,0,11,162,3,176,144,0,144,320
01/12/2011,DWH,TX,ASW,CE,Towers with Radar,0,13,44,2,59,0,2,213,3,218,0,15,257,5,277,246,0,246,523
01/13/2011,DWH,TX,ASW,CE,Towers with Radar,0,14,42,3,59,0,9,193,3,205,0,23,235,6,264,270,0,270,534
01/14/2011,DWH,TX,ASW,CE,Towers with Radar,0,6,57,0,63,0,4,212,0,216,0,10,269,0,279,246,0,246,525
01/15/2011,DWH,TX,ASW,CE,Towers with Radar,0,2,52,5,59,0,4,211,0,215,0,6,263,5,274,304,0,304,578
01/16/2011,DWH,TX,ASW,CE,Towers with Radar,0,1,36,0,37,0,1,3,0,4,0,2,39,0,41,4,0,4,45
01/17/2011,DWH,TX,ASW,CE,Towers with Radar,0,8,44,1,53,0,0,62,0,62,0,8,106,1,115,170,0,170,285
01/18/2011,DWH,TX,ASW,CE,Towers with Radar,0,6,45,6,57,0,5,58,3,66,0,11,103,9,123,96,0,96,219
01/19/2011,DWH,TX,ASW,CE,Towers with Radar,0,11,50,12,73,0,10,239,3,252,0,21,289,15,325,206,0,206,531
01/20/2011,DWH,TX,ASW,CE,Towers with Radar,0,12,38,3,53,0,6,44,1,51,0,18,82,4,104,6,0,6,110
01/21/2011,DWH,TX,ASW,CE,Towers with Radar,0,6,32,11,49,0,5,227,6,238,0,11,259,17,287,380,0,380,667
01/22/2011,DWH,TX,ASW,CE,Towers with Radar,0,2,25,2,29,0,4,389,4,397,0,6,414,6,426,210,0,210,636
01/23/2011,DWH,TX,ASW,CE,Towers with Radar,0,7,51,4,62,0,2,268,0,270,0,9,319,4,332,404,0,404,736
01/24/2011,DWH,TX,ASW,CE,Towers with Radar,0,7,34,0,41,0,0,1,0,1,0,7,35,0,42,0,0,0,42
01/25/2011,DWH,TX,ASW,CE,Towers with Radar,0,6,53,5,64,0,4,179,12,195,0,10,232,17,259,236,0,236,495
01/26/2011,DWH,TX,ASW,CE,Towers with Radar,0,8,45,7,60,0,10,270,7,287,0,18,315,14,347,194,0,194,541
01/27/2011,DWH,TX,ASW,CE,Towers with Radar,0,6,53,4,63,0,7,276,1,284,0,13,329,5,347,168,0,168,515
01/28/2011,DWH,TX,ASW,CE,Towers with Radar,0,7,52,6,65,0,4,337,5,346,0,11,389,11,411,374,0,374,785
01/29/2011,DWH,TX,ASW,CE,Towers with Radar,0,2,46,3,51,0,7,302,2,311,0,9,348,5,362,306,0,306,668
01/30/2011,DWH,TX,ASW,CE,Towers with Radar,0,4,42,3,49,0,4,54,0,58,0,8,96,3,107,104,0,104,211
01/31/2011,DWH,TX,ASW,CE,Towers with Radar,0,6,63,4,73,0,0,149,1,150,0,6,212,5,223,240,0,240,463
02/01/2011,DWH,TX,ASW,CE,Towers with Radar,0,5,15,3,23,0,0,12,0,12,0,5,27,3,35,72,0,72,107
02/02/2011,DWH,TX,ASW,CE,Towers with Radar,0,4,38,1,43,0,10,104,5,119,0,14,142,6,162,56,0,56,218
02/03/2011,DWH,TX,ASW,CE,Towers with Radar,0,1,36,0,37,0,2,75,0,77,0,3,111,0,114,84,0,84,198
02/04/2011,DWH,TX,ASW,CE,Towers with Radar,0,0,22,0,22,0,6,11,0,17,0,6,33,0,39,4,0,4,43
02/05/2011,DWH,TX,ASW,CE,Towers with Radar,0,0,40,4,44,0,5,288,4,297,0,5,328,8,341,234,0,234,575
02/06/2011,DWH,TX,ASW,CE,Towers with Radar,0,0,33,0,33,0,1,169,0,170,0,1,202,0,203,188,0,188,391
02/07/2011,DWH,TX,ASW,CE,Towers with Radar,0,4,52,9,65,0,6,138,11,155,0,10,190,20,220,124,0,124,344
02/08/2011,DWH,TX,ASW,CE,Towers with Radar,0,9,36,13,58,0,3,174,6,183,0,12,210,19,241,198,0,198,439
02/09/2011,DWH,TX,ASW,CE,Towers with Radar,0,6,28,0,34,0,0,8,0,8,0,6,36,0,42,0,0,0,42
02/10/2011,DWH,TX,ASW,CE,Towers with Radar,0,11,48,7,66,0,9,143,7,159,0,20,191,14,225,196,0,196,421
02/11/2011,DWH,TX,ASW,CE,Towers with Radar,0,7,54,3,64,0,6,238,0,244,0,13,292,3,308,232,0,232,540
02/12/2011,DWH,TX,ASW,CE,Towers with Radar,0,0,36,2,38,0,9,294,7,310,0,9,330,9,348,320,0,320,668
02/13/2011,DWH,TX,ASW,CE,Towers with Radar,0,3,60,2,65,0,7,277,3,287,0,10,337,5,352,298,0,298,650
02/14/2011,DWH,TX,ASW,CE,Towers with Radar,0,4,39,2,45,0,6,214,0,220,0,10,253,2,265,208,0,208,473
02/15/2011,DWH,TX,ASW,CE,Towers with Radar,0,8,49,2,59,0,4,164,2,170,0,12,213,4,229,288,0,288,517
02/16/2011,DWH,TX,ASW,CE,Towers with Radar,0,15,54,3,72,0,8,112,7,127,0,23,166,10,199,294,0,294,493
02/17/2011,DWH,TX,ASW,CE,Towers with Radar,0,10,57,4,71,0,10,174,4,188,0,20,231,8,259,156,0,156,415
02/18/2011,DWH,TX,ASW,CE,Towers with Radar,0,7,78,4,89,0,4,252,1,257,0,11,330,5,346,442,0,442,788
02/19/2011,DWH,TX,ASW,CE,Towers with Radar,0,4,53,0,57,0,1,249,0,250,0,5,302,0,307,204,0,204,511
02/20/2011,DWH,TX,ASW,CE,Towers with Radar,0,10,56,0,66,0,4,172,0,176,0,14,228,0,242,240,0,240,482
02/21/2011,DWH,TX,ASW,CE,Towers with Radar,0,0,64,2,66,0,2,193,0,195,0,2,257,2,261,298,0,298,559
02/22/2011,DWH,TX,ASW,CE,Towers with Radar,0,6,65,10,81,0,1,81,1,83,0,7,146,11,164,160,0,160,324
02/23/2011,DWH,TX,ASW,CE,Towers with Radar,0,21,40,2,63,0,3,102,0,105,0,24,142,2,168,120,0,120,288
02/24/2011,DWH,TX,ASW,CE,Towers with Radar,0,13,46,6,65,0,13,70,2,85,0,26,116,8,150,38,0,38,188
02/25/2011,DWH,TX,ASW,CE,Towers with Radar,0,6,49,11,66,0,2,363,5,370,0,8,412,16,436,582,0,582,1018
02/26/2011,DWH,TX,ASW,CE,Towers with Radar,0,1,64,0,65,0,2,121,0,123,0,3,185,0,188,416,0,416,604
02/27/2011,DWH,TX,ASW,CE,Towers with Radar,0,7,48,3,58,0,8,121,2,131,0,15,169,5,189,94,0,94,283
02/28/2011,DWH,TX,ASW,CE,Towers with Radar,0,11,56,0,67,0,1,196,1,198,0,12,252,1,265,154,0,154,419
03/01/2011,DWH,TX,ASW,CE,Towers with Radar,0,10,35,4,49,0,18,247,2,267,0,28,282,6,316,146,0,146,462
03/02/2011,DWH,TX,ASW,CE,Towers with Radar,0,10,61,8,79,0,5,263,3,271,0,15,324,11,350,346,0,346,696
03/03/2011,DWH,TX,ASW,CE,Towers with Radar,0,13,53,4,70,0,10,182,0,192,0,23,235,4,262,258,0,258,520
03/04/2011,DWH,TX,ASW,CE,Towers with Radar,0,6,57,10,73,0,8,158,2,168,0,14,215,12,241,354,0,354,595
03/05/2011,DWH,TX,ASW,CE,Towers with Radar,0,7,28,4,39,0,2,141,0,143,0,9,169,4,182,148,0,148,330
03/06/2011,DWH,TX,ASW,CE,Towers with Radar,0,9,51,12,72,0,3,396,3,402,0,12,447,15,474,436,6,442,916
03/07/2011,DWH,TX,ASW,CE,Towers with Radar,0,7,53,2,62,0,3,162,2,167,0,10,215,4,229,166,0,166,395
03/08/2011,DWH,TX,ASW,CE,Towers with Radar,0,5,42,6,53,0,4,30,0,34,0,9,72,6,87,78,0,78,165
03/09/2011,DWH,TX,ASW,CE,Towers with Radar,0,8,68,4,80,0,8,182,0,190,0,16,250,4,270,108,0,108,378
03/10/2011,DWH,TX,ASW,CE,Towers with Radar,0,9,43,14,66,0,16,278,6,300,0,25,321,20,366,294,2,296,662
03/11/2011,DWH,TX,ASW,CE,Towers with Radar,0,9,55,22,86,0,6,358,6,370,0,15,413,28,456,530,0,530,986
03/12/2011,DWH,TX,ASW,CE,Towers with Radar,0,5,44,5,54,0,3,271,1,275,0,8,315,6,329,270,0,270,599
03/13/2011,DWH,TX,ASW,CE,Towers with Radar,0,5,48,1,54,0,4,184,0,188,0,9,232,1,242,196,0,196,438
03/14/2011,DWH,TX,ASW,CE,Towers with Radar,0,9,42,6,57,0,6,84,4,94,0,15,126,10,151,142,0,142,293
03/15/2011,DWH,TX,ASW,CE,Towers with Radar,0,6,35,8,49,0,2,242,2,246,0,8,277,10,295,364,2,366,661
03/16/2011,DWH,TX,ASW,CE,Towers with Radar,0,9,75,16,100,0,8,165,0,173,0,17,240,16,273,346,0,346,619
03/17/2011,DWH,TX,ASW,CE,Towers with Radar,0,8,55,2,65,0,9,224,2,235,0,17,279,4,300,288,0,288,588
03/18/2011,DWH,TX,ASW,CE,Towers with Radar,0,8,53,20,81,0,12,291,4,307,0,20,344,24,388,340,0,340,728
03/19/2011,DWH,TX,ASW,CE,Towers with Radar,0,11,54,9,74,0,7,267,0,274,0,18,321,9,348,252,0,252,600
03/20/2011,DWH,TX,ASW,CE,Towers with Radar,1,6,59,2,68,0,6,230,0,236,1,12,289,2,304,314,0,314,618
03/21/2011,DWH,TX,ASW,CE,Towers with Radar,0,11,54,8,73,0,9,137,3,149,0,20,191,11,222,166,0,166,388
03/22/2011,DWH,TX,ASW,CE,Towers with Radar,0,5,51,8,64,0,9,122,0,131,0,14,173,8,195,118,0,118,313
03/23/2011,DWH,TX,ASW,CE,Towers with Radar,0,10,64,10,84,0,2,180,1,183,0,12,244,11,267,286,2,288,555
03/24/2011,DWH,TX,ASW,CE,Towers with Radar,1,7,61,9,78,0,8,180,1,189,1,15,241,10,267,152,0,152,419
03/25/2011,DWH,TX,ASW,CE,Towers with Radar,0,7,77,8,92,0,9,245,12,266,0,16,322,20,358,314,0,314,672
03/26/2011,DWH,TX,ASW,CE,Towers with Radar,0,1,53,2,56,0,4,230,3,237,0,5,283,5,293,244,0,244,537
03/27/2011,DWH,TX,ASW,CE,Towers with Radar,0,5,58,2,65,0,7,134,2,143,0,12,192,4,208,226,0,226,434
03/28/2011,DWH,TX,ASW,CE,Towers with Radar,0,8,79,2,89,0,12,121,0,133,0,20,200,2,222,248,0,248,470
03/29/2011,DWH,TX,ASW,CE,Towers with Radar,0,13,48,3,64,0,4,56,6,66,0,17,104,9,130,140,4,144,274
03/30/2011,DWH,TX,ASW,CE,Towers with Radar,0,6,83,1,90,0,3,134,2,139,0,9,217,3,229,122,0,122,351
03/31/2011,DWH,TX,ASW,CE,Towers with Radar,0,13,80,2,95,0,9,300,1,310,0,22,380,3,405,408,0,408,813
04/01/2011,DWH,TX,ASW,CE,Towers with Radar,0,5,62,16,83,0,8,290,13,311,0,13,352,29,394,362,20,382,776
04/02/2011,DWH,TX,ASW,CE,Towers with Radar,0,5,60,9,74,0,12,172,6,190,0,17,232,15,264,174,0,174,438
04/03/2011,DWH,TX,ASW,CE,Towers with Radar,0,9,69,4,82,0,3,219,1,223,0,12,288,5,305,334,0,334,639
04/04/2011,DWH,TX,ASW,CE,Towers with Radar,0,6,31,9,46,0,8,103,3,114,0,14,134,12,160,158,0,158,318
04/05/2011,DWH,TX,ASW,CE,Towers with Radar,0,7,33,2,42,0,9,260,5,274,0,16,293,7,316,234,0,234,550
04/06/2011,DWH,TX,ASW,CE,Towers with Radar,0,10,63,4,77,0,4,222,8,234,0,14,285,12,311,144,0,144,455
04/07/2011,DWH,TX,ASW,CE,Towers with Radar,0,12,67,9,88,0,5,164,0,169,0,17,231,9,257,172,0,172,429
04/08/2011,DWH,TX,ASW,CE,Towers with Radar,0,11,78,11,100,0,4,236,2,242,0,15,314,13,342,332,6,338,680
04/09/2011,DWH,TX,ASW,CE,Towers with Radar,0,4,47,4,55,0,3,289,2,294,0,7,336,6,349,278,0,278,627
04/10/2011,DWH,TX,ASW,CE,Towers with Radar,0,11,58,2,71,0,2,245,0,247,0,13,303,2,318,354,0,354,672
04/11/2011,DWH,TX,ASW,CE,Towers with Radar,0,7,45,4,56,0,2,224,0,226,0,9,269,4,282,228,0,228,510
04/12/2011,DWH,TX,ASW,CE,Towers with Radar,0,7,40,12,59,0,0,279,0,279,0,7,319,12,338,266,2,268,606
04/13/2011,DWH,TX,ASW,CE,Towers with Radar,0,9,45,10,64,0,6,234,0,240,0,15,279,10,304,262,4,266,570
04/14/2011,DWH,TX,ASW,CE,Towers with Radar,0,10,70,4,84,0,10,172,5,187,0,20,242,9,271,286,0,286,557
04/15/2011,DWH,TX,ASW,CE,Towers with Radar,0,12,41,3,56,0,6,173,2,181,0,18,214,5,237,132,18,150,387
04/16/2011,DWH,TX,ASW,CE,Towers with Radar,1,4,39,5,49,0,5,346,1,352,1,9,385,6,401,392,0,392,793
04/17/2011,DWH,TX,ASW,CE,Towers with Radar,0,9,48,2,59,0,7,247,0,254,0,16,295,2,313,446,0,446,759
04/18/2011,DWH,TX,ASW,CE,Towers with Radar,0,9,68,12,89,0,5,186,1,192,0,14,254,13,281,338,0,338,619
04/19/2011,DWH,TX,ASW,CE,Towers with Radar,0,18,37,4,59,0,1,182,2,185,0,19,219,6,244,130,0,130,374
04/20/2011,DWH,TX,ASW,CE,Towers with Radar,0,9,65,1,75,0,7,196,3,206,0,16,261,4,281,372,0,372,653
04/21/2011,DWH,TX,ASW,CE,Towers with Radar,0,9,74,8,91,0,7,206,2,215,0,16,280,10,306,190,44,234,540
04/22/2011,DWH,TX,ASW,CE,Towers with Radar,0,8,74,9,91,0,7,233,1,241,0,15,307,10,332,258,0,258,590
04/23/2011,DWH,TX,ASW,CE,Towers with Radar,0,3,23,7,33,0,11,210,8,229,0,14,233,15,262,158,6,164,426
04/24/2011,DWH,TX,ASW,CE,Towers with Radar,0,8,31,5,44,0,5,149,2,156,0,13,180,7,200,198,6,204,404
04/25/2011,DWH,TX,ASW,CE,Towers with Radar,0,8,45,18,71,0,1,210,0,211,0,9,255,18,282,152,2,154,436
04/26/2011,DWH,TX,ASW,CE,Towers with Radar,0,10,50,7,67,0,7,160,3,170,0,17,210,10,237,194,0,194,431
04/27/2011,DWH,TX,ASW,CE,Towers with Radar,0,10,21,7,38,0,6,181,2,189,0,16,202,9,227,126,0,126,353
04/28/2011,DWH,TX,ASW,CE,Towers with Radar,0,6,45,1,52,0,12,353,9,374,0,18,398,10,426,440,0,440,866
04/29/2011,DWH,TX,ASW,CE,Towers with Radar,0,11,59,5,75,0,6,314,5,325,0,17,373,10,400,274,28,302,702
04/30/2011,DWH,TX,ASW,CE,Towers with Radar,0,5,42,16,63,0,3,193,1,197,0,8,235,17,260,332,10,342,602
05/01/2011,DWH,TX,ASW,CE,Towers with Radar,0,19,41,15,75,0,3,158,2,163,0,22,199,17,238,266,0,266,504
05/02/2011,DWH,TX,ASW,CE,Towers with Radar,0,9,46,18,73,0,10,92,2,104,0,19,138,20,177,178,0,178,355
05/03/2011,DWH,TX,ASW,CE,Towers with Radar,0,9,47,8,64,0,7,141,3,151,0,16,188,11,215,128,0,128,343
05/04/2011,DWH,TX,ASW,CE,Towers with Radar,0,10,49,10,69,0,5,344,12,361,0,15,393,22,430,264,0,264,694
05/05/2011,DWH,TX,ASW,CE,Towers with Radar,0,13,59,11,83,0,17,275,6,298,0,30,334,17,381,276,0,276,657
05/06/2011,DWH,TX,ASW,CE,Towers with Radar,0,9,46,18,73,0,6,305,9,320,0,15,351,27,393,348,0,348,741
05/07/2011,DWH,TX,ASW,CE,Towers with Radar,0,3,38,2,43,0,4,315,0,319,0,7,353,2,362,394,0,394,756
05/08/2011,DWH,TX,ASW,CE,Towers with Radar,0,5,54,4,63,0,3,228,4,235,0,8,282,8,298,314,0,314,612
05/09/2011,DWH,TX,ASW,CE,Towers with Radar,0,11,52,4,67,0,3,236,7,246,0,14,288,11,313,206,0,206,519
05/10/2011,DWH,TX,ASW,CE,Towers with Radar,0,7,45,4,56,0,6,210,3,219,0,13,255,7,275,200,26,226,501
05/11/2011,DWH,TX,ASW,CE,Towers with Radar,0,11,63,0,74,0,4,129,3,136,0,15,192,3,210,144,2,146,356
05/12/2011,DWH,TX,ASW,CE,Towers with Radar,0,8,49,2,59,0,3,89,2,94,0,11,138,4,153,170,0,170,323
05/13/2011,DWH,TX,ASW,CE,Towers with Radar,0,9,40,8,57,0,0,319,11,330,0,9,359,19,387,317,6,323,710
05/14/2011,DWH,TX,ASW,CE,Towers with Radar,0,4,30,2,36,0,2,281,1,284,0,6,311,3,320,150,0,150,470
05/15/2011,DWH,TX,ASW,CE,Towers with Radar,0,10,37,1,48,0,2,346,4,352,0,12,383,5,400,382,0,382,782
05/16/2011,DWH,TX,ASW,CE,Towers with Radar,0,5,48,14,67,0,3,299,6,308,0,8,347,20,375,338,0,338,713
05/17/2011,DWH,TX,ASW,CE,Towers with Radar,0,4,45,15,64,0,2,267,0,269,0,6,312,15,333,322,6,328,661
05/18/2011,DWH,TX,ASW,CE,Towers with Radar,0,10,55,8,73,0,2,205,4,211,0,12,260,12,284,226,0,226,510
05/19/2011,DWH,TX,ASW,CE,Towers with Radar,0,8,65,12,85,0,2,207,0,209,0,10,272,12,294,244,0,244,538
05/20/2011,DWH,TX,ASW,CE,Towers with Radar,0,8,46,15,69,0,2,98,0,100,0,10,144,15,169,130,0,130,299
05/21/2011,DWH,TX,ASW,CE,Towers with Radar,0,2,53,0,55,0,1,214,0,215,0,3,267,0,270,290,0,290,560
05/22/2011,DWH,TX,ASW,CE,Towers with Radar,0,12,43,5,60,0,1,220,0,221,0,13,263,5,281,212,10,222,503
05/23/2011,DWH,TX,ASW,CE,Towers with Radar,0,7,50,9,66,0,9,174,5,188,0,16,224,14,254,186,0,186,440
05/24/2011,DWH,TX,ASW,CE,Towers with Radar,0,17,68,5,90,0,5,173,8,186,0,22,241,13,276,216,0,216,492
05/25/2011,DWH,TX,ASW,CE,Towers with Radar,0,11,76,3,90,0,1,200,3,204,0,12,276,6,294,118,12,130,424
05/26/2011,DWH,TX,ASW,CE,Towers with Radar,0,18,67,0,85,0,10,303,1,314,0,28,370,1,399,398,0,398,797
05/27/2011,DWH,TX,ASW,CE,Towers with Radar,0,7,63,6,76,0,7,330,3,340,0,14,393,9,416,252,2,254,670
05/28/2011,DWH,TX,ASW,CE,Towers with Radar,0,0,36,0,36,0,8,222,1,231,0,8,258,1,267,200,0,200,467
05/29/2011,DWH,TX,ASW,CE,Towers with Radar,0,4,27,2,33,0,3,183,1,187,0,7,210,3,220,258,0,258,478
05/30/2011,DWH,TX,ASW,CE,Towers with Radar,0,3,51,0,54,0,3,150,0,153,0,6,201,0,207,158,0,158,365
05/31/2011,DWH,TX,ASW,CE,Towers with Radar,0,5,35,11,51,0,6,146,2,154,0,11,181,13,205,258,0,258,463
06/01/2011,DWH,TX,ASW,CE,Towers with Radar,0,9,41,11,61,0,8,207,2,217,0,17,248,13,278,286,0,286,564
06/02/2011,DWH,TX,ASW,CE,Towers with Radar,0,9,30,6,45,0,9,257,2,268,0,18,287,8,313,264,0,264,577
06/03/2011,DWH,TX,ASW,CE,Towers with Radar,0,13,61,12,86,0,4,313,5,322,0,17,374,17,408,286,2,288,696
06/04/2011,DWH,TX,ASW,CE,Towers with Radar,0,6,41,9,56,0,4,317,6,327,0,10,358,15,383,286,0,286,669
06/05/2011,DWH,TX,ASW,CE,Towers with Radar,0,6,40,2,48,0,3,177,3,183,0,9,217,5,231,112,0,112,343
06/06/2011,DWH,TX,ASW,CE,Towers with Radar,0,4,35,6,45,0,2,169,1,172,0,6,204,7,217,220,4,224,441
06/07/2011,DWH,TX,ASW,CE,Towers with Radar,0,5,51,2,58,0,8,174,2,184,0,13,225,4,242,254,0,254,496
06/08/2011,DWH,TX,ASW,CE,Towers with Radar,0,10,48,4,62,0,3,231,1,235,0,13,279,5,297,192,0,192,489
06/09/2011,DWH,TX,ASW,CE,Towers with Radar,0,14,52,2,68,0,9,261,2,272,0,23,313,4,340,222,0,222,562
06/10/2011,DWH,TX,ASW,CE,Towers with Radar,0,9,51,7,67,0,3,277,5,285,0,12,328,12,352,182,0,182,534
06/11/2011,DWH,TX,ASW,CE,Towers with Radar,0,7,44,0,51,0,0,294,0,294,0,7,338,0,345,170,0,170,515
06/12/2011,DWH,TX,ASW,CE,Towers with Radar,0,5,41,9,55,0,5,221,4,230,0,10,262,13,285,288,0,288,573
06/13/2011,DWH,TX,ASW,CE,Towers with Radar,0,9,51,5,65,0,0,215,1,216,0,9,266,6,281,380,0,380,661
06/14/2011,DWH,TX,ASW,CE,Towers with Radar,0,9,57,2,68,0,4,228,6,238,0,13,285,8,306,250,0,250,556
06/15/2011,DWH,TX,ASW,CE,Towers with Radar,0,3,69,9,81,0,5,305,8,318,0,8,374,17,399,266,0,266,665
06/16/2011,DWH,TX,ASW,CE,Towers with Radar,0,4,46,4,54,0,11,362,8,381,0,15,408,12,435,386,0,386,821
06/17/2011,DWH,TX,ASW,CE,Towers with Radar,0,3,61,9,73,0,12,245,5,262,0,15,306,14,335,166,0,166,501
06/18/2011,DWH,TX,ASW,CE,Towers with Radar,0,3,33,4,40,0,5,281,4,290,0,8,314,8,330,280,0,280,610
06/19/2011,DWH,TX,ASW,CE,Towers with Radar,0,13,39,4,56,0,2,240,0,242,0,15,279,4,298,226,0,226,524
06/20/2011,DWH,TX,ASW,CE,Towers with Radar,0,9,47,2,58,0,9,283,2,294,0,18,330,4,352,330,0,330,682
06/21/2011,DWH,TX,ASW,CE,Towers with Radar,0,10,61,10,81,0,5,161,1,167,0,15,222,11,248,306,0,306,554
06/22/2011,DWH,TX,ASW,CE,Towers with Radar,0,12,35,4,51,0,4,65,0,69,0,16,100,4,120,156,0,156,276
06/23/2011,DWH,TX,ASW,CE,Towers with Radar,0,6,58,0,64,0,9,225,3,237,0,15,283,3,301,240,0,240,541
06/24/2011,DWH,TX,ASW,CE,Towers with Radar,0,8,52,8,68,0,6,253,2,261,0,14,305,10,329,374,0,374,703
06/25/2011,DWH,TX,ASW,CE,Towers with Radar,0,6,39,0,45,0,4,235,0,239,0,10,274,0,284,268,0,268,552
06/26/2011,DWH,TX,ASW,CE,Towers with Radar,0,11,44,1,56,0,2,236,0,238,0,13,280,1,294,206,0,206,500
06/27/2011,DWH,TX,ASW,CE,Towers with Radar,0,6,49,11,66,0,3,198,5,206,0,9,247,16,272,302,8,310,582
06/28/2011,DWH,TX,ASW,CE,Towers with Radar,0,11,39,8,58,0,5,229,6,240,0,16,268,14,298,208,0,208,506
06/29/2011,DWH,TX,ASW,CE,Towers with Radar,0,14,49,15,78,0,8,314,4,326,0,22,363,19,404,380,0,380,784
06/30/2011,DWH,TX,ASW,CE,Towers with Radar,0,10,50,3,63,0,6,242,0,248,0,16,292,3,311,284,0,284,595
07/01/2011,DWH,TX,ASW,CE,Towers with Radar,0,7,58,0,65,0,7,250,1,258,0,14,308,1,323,306,0,306,629
07/02/2011,DWH,TX,ASW,CE,Towers with Radar,0,4,40,4,48,0,4,218,0,222,0,8,258,4,270,192,0,192,462
07/03/2011,DWH,TX,ASW,CE,Towers with Radar,0,2,30,1,33,0,3,221,0,224,0,5,251,1,257,180,0,180,437
07/04/2011,DWH,TX,ASW,CE,Towers with Radar,0,5,35,0,40,0,3,168,0,171,0,8,203,0,211,238,0,238,449
07/05/2011,DWH,TX,ASW,CE,Towers with Radar,0,3,35,3,41,0,5,169,6,180,0,8,204,9,221,276,0,276,497
07/06/2011,DWH,TX,ASW,CE,Towers with Radar,0,6,44,4,54,0,6,222,1,229,0,12,266,5,283,338,0,338,621
07/07/2011,DWH,TX,ASW,CE,Towers with Radar,0,2,50,11,63,0,6,300,2,308,0,8,350,13,371,386,0,386,757
07/08/2011,DWH,TX,ASW,CE,Towers with Radar,0,7,46,6,59,0,3,314,4,321,0,10,360,10,380,430,28,458,838
07/09/2011,DWH,TX,ASW,CE,Towers with Radar,0,4,47,0,51,0,2,256,0,258,0,6,303,0,309,358,0,358,667
07/10/2011,DWH,TX,ASW,CE,Towers with Radar,0,5,32,2,39,0,0,239,0,239,0,5,271,2,278,250,0,250,528
07/11/2011,DWH,TX,ASW,CE,Towers with Radar,0,2,41,1,44,0,4,152,4,160,0,6,193,5,204,190,0,190,394
07/12/2011,DWH,TX,ASW,CE,Towers with Radar,0,4,53,7,64,0,4,211,5,220,0,8,264,12,284,344,10,354,638
07/13/2011,DWH,TX,ASW,CE,Towers with Radar,0,12,44,2,58,0,4,222,2,228,0,16,266,4,286,292,0,292,578
07/14/2011,DWH,TX,ASW,CE,Towers with Radar,0,5,56,4,65,0,4,183,1,188,0,9,239,5,253,218,0,218,471
07/15/2011,DWH,TX,ASW,CE,Towers with Radar,0,13,47,5,65,0,5,197,1,203,0,18,244,6,268,214,0,214,482
07/16/2011,DWH,TX,ASW,CE,Towers with Radar,0,9,31,0,40,0,11,144,2,157,0,20,175,2,197,338,0,338,535
07/17/2011,DWH,TX,ASW,CE,Towers with Radar,0,5,51,2,58,0,1,219,3,223,0,6,270,5,281,160,0,160,441
07/18/2011,DWH,TX,ASW,CE,Towers with Radar,0,10,40,8,58,0,4,134,3,141,0,14,174,11,199,336,0,336,535
07/19/2011,DWH,TX,ASW,CE,Towers with Radar,0,6,55,0,61,0,2,95,0,97,0,8,150,0,158,190,0,190,348
07/20/2011,DWH,TX,ASW,CE,Towers with Radar,0,4,35,9,48,0,5,214,1,220,0,9,249,10,268,374,0,374,642
07/21/2011,DWH,TX,ASW,CE,Towers with Radar,0,12,37,3,52,0,5,246,1,252,0,17,283,4,304,342,0,342,646
07/22/2011,DWH,TX,ASW,CE,Towers with Radar,0,10,45,5,60,0,2,288,3,293,0,12,333,8,353,260,0,260,613
07/23/2011,DWH,TX,ASW,CE,Towers with Radar,0,5,30,5,40,0,2,222,2,226,0,7,252,7,266,378,0,378,644
07/24/2011,DWH,TX,ASW,CE,Towers with Radar,0,3,35,2,40,0,2,239,2,243,0,5,274,4,283,388,0,388,671
07/25/2011,DWH,TX,ASW,CE,Towers with Radar,0,8,47,0,55,0,3,154,0,157,0,11,201,0,212,116,0,116,328
07/26/2011,DWH,TX,ASW,CE,Towers with Radar,0,10,60,6,76,0,3,185,2,190,0,13,245,8,266,332,0,332,598
07/27/2011,DWH,TX,ASW,CE,Towers with Radar,0,9,49,5,63,0,1,206,1,208,0,10,255,6,271,344,0,344,615
07/28/2011,DWH,TX,ASW,CE,Towers with Radar,0,7,42,4,53,0,11,245,3,259,0,18,287,7,312,254,0,254,566
07/29/2011,DWH,TX,ASW,CE,Towers with Radar,0,10,23,9,42,0,3,192,7,202,0,13,215,16,244,270,20,290,534
07/30/2011,DWH,TX,ASW,CE,Towers with Radar,0,14,31,15,60,0,4,244,3,251,0,18,275,18,311,442,40,482,793
07/31/2011,DWH,TX,ASW,CE,Towers with Radar,0,5,42,25,72,0,3,266,4,273,0,8,308,29,345,236,0,236,581
08/01/2011,DWH,TX,ASW,CE,Towers with Radar,0,11,46,8,65,0,8,220,2,230,0,19,266,10,295,244,0,244,539
08/02/2011,DWH,TX,ASW,CE,Towers with Radar,0,12,39,1,52,0,3,255,1,259,0,15,294,2,311,356,0,356,667
08/03/2011,DWH,TX,ASW,CE,Towers with Radar,0,9,32,8,49,0,10,213,0,223,0,19,245,8,272,194,0,194,466
08/04/2011,DWH,TX,ASW,CE,Towers with Radar,0,10,44,2,56,0,6,261,0,267,0,16,305,2,323,288,0,288,611
08/05/2011,DWH,TX,ASW,CE,Towers with Radar,0,5,33,8,46,0,7,241,2,250,0,12,274,10,296,236,0,236,532
08/06/2011,DWH,TX,ASW,CE,Towers with Radar,0,4,40,1,45,0,4,318,1,323,0,8,358,2,368,322,0,322,690
08/07/2011,DWH,TX,ASW,CE,Towers with Radar,0,5,44,0,49,0,5,239,0,244,0,10,283,0,293,226,0,226,519
08/08/2011,DWH,TX,ASW,CE,Towers with Radar,0,8,34,0,42,0,8,211,3,222,0,16,245,3,264,280,0,280,544
08/09/2011,DWH,TX,ASW,CE,Towers with Radar,0,7,46,10,63,0,9,240,3,252,0,16,286,13,315,324,0,324,639
08/10/2011,DWH,TX,ASW,CE,Towers with Radar,0,7,51,2,60,0,5,207,0,212,0,12,258,2,272,406,0,406,678
08/11/2011,DWH,TX,ASW,CE,Towers with Radar,0,12,47,6,65,0,6,259,1,266,0,18,306,7,331,504,0,504,835
08/12/2011,DWH,TX,ASW,CE,Towers with Radar,0,4,55,3,62,0,2,266,5,273,0,6,321,8,335,334,0,334,669
08/13/2011,DWH,TX,ASW,CE,Towers with Radar,0,6,24,0,30,0,4,211,0,215,0,10,235,0,245,214,0,214,459
08/14/2011,DWH,TX,ASW,CE,Towers with Radar,0,5,60,0,65,0,5,230,0,235,0,10,290,0,300,166,0,166,466
08/15/2011,DWH,TX,ASW,CE,Towers with Radar,0,3,50,6,59,0,10,204,2,216,0,13,254,8,275,286,0,286,561
08/16/2011,DWH,TX,ASW,CE,Towers with Radar,0,8,44,5,57,0,4,218,5,227,0,12,262,10,284,312,0,312,596
08/17/2011,DWH,TX,ASW,CE,Towers with Radar,0,5,42,1,48,0,5,220,3,228,0,10,262,4,276,274,0,274,550
08/18/2011,DWH,TX,ASW,CE,Towers with Radar,0,4,23,4,31,0,6,214,4,224,0,10,237,8,255,374,0,374,629
08/19/2011,DWH,TX,ASW,CE,Towers with Radar,0,6,46,2,54,0,5,287,4,296,0,11,333,6,350,478,0,478,828
08/20/2011,DWH,TX,ASW,CE,Towers with Radar,0,6,39,0,45,0,4,307,5,316,0,10,346,5,361,428,0,428,789
08/21/2011,DWH,TX,ASW,CE,Towers with Radar,0,5,37,2,44,0,5,234,2,241,0,10,271,4,285,219,0,219,504
08/22/2011,DWH,TX,ASW,CE,Towers with Radar,0,3,33,14,50,0,8,204,3,215,0,11,237,17,265,192,0,192,457
08/23/2011,DWH,TX,ASW,CE,Towers with Radar,0,6,33,2,41,0,6,149,7,162,0,12,182,9,203,172,0,172,375
08/24/2011,DWH,TX,ASW,CE,Towers with Radar,0,6,35,4,45,0,4,145,2,151,0,10,180,6,196,156,0,156,352
08/25/2011,DWH,TX,ASW,CE,Towers with Radar,0,3,59,5,67,0,6,150,4,160,0,9,209,9,227,250,2,252,479
08/26/2011,DWH,TX,ASW,CE,Towers with Radar,0,4,37,13,54,0,2,217,0,219,0,6,254,13,273,276,0,276,549
08/27/2011,DWH,TX,ASW,CE,Towers with Radar,0,0,43,0,43,0,8,288,0,296,0,8,331,0,339,302,0,302,641
08/28/2011,DWH,TX,ASW,CE,Towers with Radar,0,4,40,6,50,0,3,235,7,245,0,7,275,13,295,276,12,288,583
08/29/2011,DWH,TX,ASW,CE,Towers with Radar,0,8,37,4,49,0,3,189,1,193,0,11,226,5,242,369,0,369,611
08/30/2011,DWH,TX,ASW,CE,Towers with Radar,0,10,38,0,48,0,4,201,4,209,0,14,239,4,257,284,0,284,541
08/31/2011,DWH,TX,ASW,CE,Towers with Radar,0,7,44,2,53,0,7,190,3,200,0,14,234,5,253,180,0,180,433
09/01/2011,DWH,TX,ASW,CE,Towers with Radar,0,10,44,5,59,0,8,175,7,190,0,18,219,12,249,244,0,244,493
09/02/2011,DWH,TX,ASW,CE,Towers with Radar,0,13,43,6,62,0,2,191,6,199,0,15,234,12,261,212,0,212,473
09/03/2011,DWH,TX,ASW,CE,Towers with Radar,0,1,21,0,22,0,5,160,0,165,0,6,181,0,187,128,0,128,315
09/04/2011,DWH,TX,ASW,CE,Towers with Radar,0,1,17,2,20,0,3,51,3,57,0,4,68,5,77,4,0,4,81
09/05/2011,DWH,TX,ASW,CE,Towers with Radar,0,1,26,1,28,0,7,102,1,110,0,8,128,2,138,50,0,50,188
09/06/2011,DWH,TX,ASW,CE,Towers with Radar,0,9,38,4,51,0,7,184,0,191,0,16,222,4,242,258,0,258,500
09/07/2011,DWH,TX,ASW,CE,Towers with Radar,0,7,33,4,44,0,8,282,3,293,0,15,315,7,337,430,0,430,767
09/08/2011,DWH,TX,ASW,CE,Towers with Radar,0,8,48,10,66,0,12,218,18,248,0,20,266,28,314,252,0,252,566
09/09/2011,DWH,TX,ASW,CE,Towers with Radar,0,6,32,3,41,0,14,231,11,256,0,20,263,14,297,280,0,280,577
09/10/2011,DWH,TX,ASW,CE,Towers with Radar,0,6,38,1,45,0,8,222,9,239,0,14,260,10,284,220,0,220,504
09/11/2011,DWH,TX,ASW,CE,Towers with Radar,0,4,34,0,38,0,8,167,1,176,0,12,201,1,214,166,0,166,380
09/12/2011,DWH,TX,ASW,CE,Towers with Radar,0,5,45,1,51,0,3,189,4,196,0,8,234,5,247,264,0,264,511
09/13/2011,DWH,TX,ASW,CE,Towers with Radar,0,11,51,6,68,0,6,193,4,203,0,17,244,10,271,300,2,302,573
09/14/2011,DWH,TX,ASW,CE,Towers with Radar,0,6,47,8,61,0,7,219,3,229,0,13,266,11,290,322,0,322,612
09/15/2011,DWH,TX,ASW,CE,Towers with Radar,0,4,49,3,56,0,6,226,2,234,0,10,275,5,290,366,0,366,656
09/16/2011,DWH,TX,ASW,CE,Towers with Radar,0,5,48,12,65,0,5,275,2,282,0,10,323,14,347,356,0,356,703
09/17/2011,DWH,TX,ASW,CE,Towers with Radar,0,6,45,2,53,0,4,201,0,205,0,10,246,2,258,402,0,402,660
09/18/2011,DWH,TX,ASW,CE,Towers with Radar,0,8,40,0,48,0,4,127,0,131,0,12,167,0,179,196,0,196,375
09/19/2011,DWH,TX,ASW,CE,Towers with Radar,0,9,33,6,48,0,5,157,1,163,0,14,190,7,211,310,0,310,521
09/20/2011,DWH,TX,ASW,CE,Towers with Radar,0,8,27,0,35,0,3,194,3,200,0,11,221,3,235,240,0,240,475
09/21/2011,DWH,TX,ASW,CE,Towers with Radar,0,10,39,10,59,0,9,269,3,281,0,19,308,13,340,262,20,282,622
09/22/2011,DWH,TX,ASW,CE,Towers with Radar,0,7,43,7,57,0,8,212,6,226,0,15,255,13,283,200,4,204,487
09/23/2011,DWH,TX,ASW,CE,Towers with Radar,0,8,33,6,47,0,11,242,9,262,0,19,275,15,309,352,0,352,661
09/24/2011,DWH,TX,ASW,CE,Towers with Radar,0,10,22,0,32,0,15,302,0,317,0,25,324,0,349,280,0,280,629
09/25/2011,DWH,TX,ASW,CE,Towers with Radar,0,12,37,16,65,0,2,269,7,278,0,14,306,23,343,186,12,198,541
09/26/2011,DWH,TX,ASW,CE,Towers with Radar,0,7,36,12,55,0,4,191,2,197,0,11,227,14,252,202,0,202,454
09/27/2011,DWH,TX,ASW,CE,Towers with Radar,0,13,37,7,57,0,2,162,4,168,0,15,199,11,225,178,0,178,403
09/28/2011,DWH,TX,ASW,CE,Towers with Radar,0,5,57,3,65,0,5,187,0,192,0,10,244,3,257,198,0,198,455
09/29/2011,DWH,TX,ASW,CE,Towers with Radar,0,12,51,9,72,0,8,132,3,143,0,20,183,12,215,138,0,138,353
09/30/2011,DWH,TX,ASW,CE,Towers with Radar,0,6,39,4,49,0,6,218,1,225,0,12,257,5,274,304,0,304,578
10/01/2011,DWH,TX,ASW,CE,Towers with Radar,0,8,32,0,40,0,5,255,2,262,0,13,287,2,302,232,0,232,534
10/02/2011,DWH,TX,ASW,CE,Towers with Radar,0,11,49,0,60,0,3,258,0,261,0,14,307,0,321,200,0,200,521
10/03/2011,DWH,TX,ASW,CE,Towers with Radar,0,10,45,10,65,0,2,200,0,202,0,12,245,10,267,228,0,228,495
10/04/2011,DWH,TX,ASW,CE,Towers with Radar,0,16,40,4,60,0,7,172,1,180,0,23,212,5,240,276,0,276,516
10/05/2011,DWH,TX,ASW,CE,Towers with Radar,0,17,33,6,56,0,4,199,3,206,0,21,232,9,262,132,18,150,412
10/06/2011,DWH,TX,ASW,CE,Towers with Radar,0,21,26,5,52,0,6,181,4,191,0,27,207,9,243,190,0,190,433
10/07/2011,DWH,TX,ASW,CE,Towers with Radar,0,17,61,2,80,0,10,173,6,189,0,27,234,8,269,232,0,232,501
10/08/2011,DWH,TX,ASW,CE,Towers with Radar,0,10,36,1,47,0,6,93,0,99,0,16,129,1,146,34,0,34,180
10/09/2011,DWH,TX,ASW,CE,Towers with Radar,0,5,43,0,48,0,2,9,0,11,0,7,52,0,59,0,0,0,59
10/10/2011,DWH,TX,ASW,CE,Towers with Radar,0,10,49,0,59,0,1,113,0,114,0,11,162,0,173,158,0,158,331
10/11/2011,DWH,TX,ASW,CE,Towers with Radar,0,6,36,3,45,0,1,190,4,195,0,7,226,7,240,316,0,316,556
10/12/2011,DWH,TX,ASW,CE,Towers with Radar,0,10,57,2,69,0,4,227,0,231,0,14,284,2,300,304,0,304,604
10/13/2011,DWH,TX,ASW,CE,Towers with Radar,0,9,47,2,58,0,10,218,3,231,0,19,265,5,289,158,0,158,447
10/14/2011,DWH,TX,ASW,CE,Towers with Radar,0,4,57,5,66,0,15,228,7,250,0,19,285,12,316,236,0,236,552
10/15/2011,DWH,TX,ASW,CE,Towers with Radar,0,1,22,4,27,0,5,210,0,215,0,6,232,4,242,192,0,192,434
10/16/2011,DWH,TX,ASW,CE,Towers with Radar,0,13,37,0,50,0,1,268,0,269,0,14,305,0,319,340,0,340,659
10/17/2011,DWH,TX,ASW,CE,Towers with Radar,0,8,48,16,72,0,3,217,0,220,0,11,265,16,292,278,0,278,570
10/18/2011,DWH,TX,ASW,CE,Towers with Radar,0,8,15,3,26,0,10,86,3,99,0,18,101,6,125,14,0,14,139
10/19/2011,DWH,TX,ASW,CE,Towers with Radar,0,9,33,0,42,0,6,211,2,219,0,15,244,2,261,150,0,150,411
10/20/2011,DWH,TX,ASW,CE,Towers with Radar,0,14,51,3,68,0,7,270,4,281,0,21,321,7,349,410,0,410,759
10/21/2011,DWH,TX,ASW,CE,Towers with Radar,0,6,43,14,63,0,9,294,7,310,0,15,337,21,373,290,0,290,663
10/22/2011,DWH,TX,ASW,CE,Towers with Radar,0,0,40,6,46,0,4,250,3,257,0,4,290,9,303,236,4,240,543
10/23/2011,DWH,TX,ASW,CE,Towers with Radar,0,11,44,0,55,0,5,263,0,268,0,16,307,0,323,344,0,344,667
10/24/2011,DWH,TX,ASW,CE,Towers with Radar,0,8,42,7,57,0,2,169,1,172,0,10,211,8,229,78,0,78,307
10/25/2011,DWH,TX,ASW,CE,Towers with Radar,0,4,51,2,57,0,4,160,3,167,0,8,211,5,224,212,0,212,436
10/26/2011,DWH,TX,ASW,CE,Towers with Radar,0,7,59,10,76,0,6,152,3,161,0,13,211,13,237,126,0,126,363
10/27/2011,DWH,TX,ASW,CE,Towers with Radar,0,11,22,3,36,0,4,90,0,94,0,15,112,3,130,154,0,154,284
10/28/2011,DWH,TX,ASW,CE,Towers with Radar,0,14,47,9,70,0,4,107,1,112,0,18,154,10,182,170,6,176,358
10/29/2011,DWH,TX,ASW,CE,Towers with Radar,0,5,27,0,32,0,5,266,2,273,0,10,293,2,305,280,0,280,585
10/30/2011,DWH,TX,ASW,CE,Towers with Radar,0,7,26,0,33,0,5,215,3,223,0,12,241,3,256,192,0,192,448
10/31/2011,DWH,TX,ASW,CE,Towers with Radar,0,6,29,5,40,0,4,159,2,165,0,10,188,7,205,192,0,192,397
11/01/2011,DWH,TX,ASW,CE,Towers with Radar,0,7,55,4,66,0,3,245,6,254,0,10,300,10,320,312,0,312,632
11/02/2011,DWH,TX,ASW,CE,Towers with Radar,0,8,56,7,71,0,5,169,1,175,0,13,225,8,246,136,24,160,406
11/03/2011,DWH,TX,ASW,CE,Towers with Radar,0,6,72,0,78,0,21,142,2,165,0,27,214,2,243,88,0,88,331
11/04/2011,DWH,TX,ASW,CE,Towers with Radar,0,12,47,6,65,0,11,243,3,257,0,23,290,9,322,280,0,280,602
11/05/2011,DWH,TX,ASW,CE,Towers with Radar,0,3,34,7,44,0,9,211,2,222,0,12,245,9,266,218,12,230,496
11/06/2011,DWH,TX,ASW,CE,Towers with Radar,0,14,48,3,65,0,3,188,1,192,0,17,236,4,257,272,0,272,529
11/07/2011,DWH,TX,ASW,CE,Towers with Radar,0,11,41,11,63,0,4,68,1,73,0,15,109,12,136,116,0,116,252
11/08/2011,DWH,TX,ASW,CE,Towers with Radar,0,12,40,2,54,0,3,59,0,62,0,15,99,2,116,198,0,198,314
11/09/2011,DWH,TX,ASW,CE,Towers with Radar,0,8,47,6,61,0,7,195,0,202,0,15,242,6,263,192,0,192,455
11/10/2011,DWH,TX,ASW,CE,Towers with Radar,0,16,34,3,53,0,3,244,3,250,0,19,278,6,303,194,0,194,497
11/11/2011,DWH,TX,ASW,CE,Towers with Radar,0,10,34,5,49,0,4,244,7,255,0,14,278,12,304,254,6,260,564
11/12/2011,DWH,TX,ASW,CE,Towers with Radar,0,7,41,8,56,0,3,265,0,268,0,10,306,8,324,176,0,176,500
11/13/2011,DWH,TX,ASW,CE,Towers with Radar,0,12,27,1,40,0,5,152,1,158,0,17,179,2,198,244,0,244,442
11/14/2011,DWH,TX,ASW,CE,Towers with Radar,0,5,41,5,51,0,10,99,5,114,0,15,140,10,165,156,0,156,321
11/15/2011,DWH,TX,ASW,CE,Towers with Radar,0,13,22,0,35,0,1,41,0,42,0,14,63,0,77,16,0,16,93
11/16/2011,DWH,TX,ASW,CE,Towers with Radar,0,6,43,11,60,0,6,192,1,199,0,12,235,12,259,306,10,316,575
11/17/2011,DWH,TX,ASW,CE,Towers with Radar,0,6,53,7,66,0,5,207,6,218,0,11,260,13,284,186,0,186,470
11/18/2011,DWH,TX,ASW,CE,Towers with Radar,0,16,74,12,102,0,13,211,9,233,0,29,285,21,335,314,0,314,649
11/19/2011,DWH,TX,ASW,CE,Towers with Radar,0,7,44,4,55,0,2,156,0,158,0,9,200,4,213,216,0,216,429
11/20/2011,DWH,TX,ASW,CE,Towers with Radar,0,11,41,2,54,0,5,151,1,157,0,16,192,3,211,128,0,128,339
11/21/2011,DWH,TX,ASW,CE,Towers with Radar,0,7,53,5,65,0,4,114,2,120,0,11,167,7,185,224,0,224,409
11/22/2011,DWH,TX,ASW,CE,Towers with Radar,0,15,39,0,54,0,7,49,1,57,0,22,88,1,111,120,0,120,231
11/23/2011,DWH,TX,ASW,CE,Towers with Radar,0,8,45,0,53,0,4,256,0,260,0,12,301,0,313,222,0,222,535
11/24/2011,DWH,TX,ASW,CE,Towers with Radar,0,0,27,0,27,0,0,38,0,38,0,0,65,0,65,38,0,38,103
11/25/2011,DWH,TX,ASW,CE,Towers with Radar,0,1,44,0,45,0,3,189,2,194,0,4,233,2,239,182,0,182,421
11/26/2011,DWH,TX,ASW,CE,Towers with Radar,0,3,23,0,26,0,0,9,0,9,0,3,32,0,35,0,0,0,35
11/27/2011,DWH,TX,ASW,CE,Towers with Radar,0,11,62,0,73,0,3,161,0,164,0,14,223,0,237,94,0,94,331
11/28/2011,DWH,TX,ASW,CE,Towers with Radar,0,10,35,3,48,0,1,177,6,184,0,11,212,9,232,200,4,204,436
11/29/2011,DWH,TX,ASW,CE,Towers with Radar,0,6,40,3,49,0,6,144,5,155,0,12,184,8,204,256,0,256,460
11/30/2011,DWH,TX,ASW,CE,Towers with Radar,0,8,56,0,64,0,8,224,4,236,0,16,280,4,300,272,0,272,572
12/01/2011,DWH,TX,ASW,CE,Towers with Radar,0,5,63,4,72,0,3,188,0,191,0,8,251,4,263,204,0,204,467
12/02/2011,DWH,TX,ASW,CE,Towers with Radar,0,9,53,12,74,0,3,164,5,172,0,12,217,17,246,208,0,208,454
12/03/2011,DWH,TX,ASW,CE,Towers with Radar,0,5,35,2,42,0,3,141,3,147,0,8,176,5,189,224,0,224,413
12/04/2011,DWH,TX,ASW,CE,Towers with Radar,0,11,30,0,41,0,0,5,0,5,0,11,35,0,46,2,0,2,48
12/05/2011,DWH,TX,ASW,CE,Towers with Radar,0,4,27,0,31,0,4,8,0,12,0,8,35,0,43,6,0,6,49
12/06/2011,DWH,TX,ASW,CE,Towers with Radar,0,11,54,3,68,0,2,59,0,61,0,13,113,3,129,38,0,38,167
12/07/2011,DWH,TX,ASW,CE,Towers with Radar,0,5,58,4,67,0,6,227,5,238,0,11,285,9,305,232,0,232,537
12/08/2011,DWH,TX,ASW,CE,Towers with Radar,0,13,54,8,75,0,6,169,5,180,0,19,223,13,255,226,0,226,481
12/09/2011,DWH,TX,ASW,CE,Towers with Radar,0,17,57,9,83,0,5,189,2,196,0,22,246,11,279,350,0,350,629
12/10/2011,DWH,TX,ASW,CE,Towers with Radar,0,2,36,3,41,0,4,224,12,240,0,6,260,15,281,216,0,216,497
12/11/2011,DWH,TX,ASW,CE,Towers with Radar,0,17,43,1,61,0,2,172,8,182,0,19,215,9,243,208,0,208,451
12/12/2011,DWH,TX,ASW,CE,Towers with Radar,0,9,47,4,60,0,6,117,0,123,0,15,164,4,183,144,0,144,327
12/13/2011,DWH,TX,ASW,CE,Towers with Radar,0,15,49,4,68,0,0,0,0,0,0,15,49,4,68,0,0,0,68
12/14/2011,DWH,TX,ASW,CE,Towers with Radar,0,16,56,12,84,0,1,82,2,85,0,17,138,14,169,146,0,146,315
12/15/2011,DWH,TX,ASW,CE,Towers with Radar,0,18,53,3,74,0,11,76,1,88,0,29,129,4,162,84,0,84,246
12/16/2011,DWH,TX,ASW,CE,Towers with Radar,0,23,54,17,94,0,5,27,1,33,0,28,81,18,127,0,0,0,127
12/17/2011,DWH,TX,ASW,CE,Towers with Radar,0,6,38,11,55,0,0,281,6,287,0,6,319,17,342,214,12,226,568
12/18/2011,DWH,TX,ASW,CE,Towers with Radar,0,9,45,6,60,0,3,179,1,183,0,12,224,7,243,166,0,166,409
12/19/2011,DWH,TX,ASW,CE,Towers with Radar,0,9,34,4,47,0,12,68,0,80,0,21,102,4,127,44,0,44,171
12/20/2011,DWH,TX,ASW,CE,Towers with Radar,0,8,41,4,53,0,12,186,10,208,0,20,227,14,261,268,0,268,529
12/21/2011,DWH,TX,ASW,CE,Towers with Radar,0,10,44,9,63,0,2,210,2,214,0,12,254,11,277,258,0,258,535
12/22/2011,DWH,TX,ASW,CE,Towers with Radar,0,12,59,2,73,0,3,24,0,27,0,15,83,2,100,16,0,16,116
12/23/2011,DWH,TX,ASW,CE,Towers with Radar,0,11,35,1,47,0,4,54,3,61,0,15,89,4,108,162,0,162,270
12/24/2011,DWH,TX,ASW,CE,Towers with Radar,0,6,13,0,19,0,1,15,0,16,0,7,28,0,35,50,0,50,85
12/25/2011,DWH,TX,ASW,CE,Towers with Radar,0,4,8,0,12,0,0,0,0,0,0,4,8,0,12,0,0,0,12
12/26/2011,DWH,TX,ASW,CE,Towers with Radar,0,8,17,0,25,0,2,20,0,22,0,10,37,0,47,100,0,100,147
12/27/2011,DWH,TX,ASW,CE,Towers with Radar,0,6,25,2,33,0,3,235,3,241,0,9,260,5,274,232,0,232,506
12/28/2011,DWH,TX,ASW,CE,Towers with Radar,0,10,36,2,48,0,5,264,0,269,0,15,300,2,317,298,0,298,615
12/29/2011,DWH,TX,ASW,CE,Towers with Radar,0,4,41,0,45,0,9,116,0,125,0,13,157,0,170,142,0,142,312
12/30/2011,DWH,TX,ASW,CE,Towers with Radar,0,12,29,0,41,0,12,240,0,252,0,24,269,0,293,238,0,238,531
12/31/2011,DWH,TX,ASW,CE,Towers with Radar,0,2,23,0,25,0,2,58,4,64,0,4,81,4,89,108,0,108,197
01/01/2012,DWH,TX,ASW,CE,Towers with Radar,0,4,27,0,31,0,1,68,0,69,0,5,95,0,100,70,0,70,170
01/02/2012,DWH,TX,ASW,CE,Towers with Radar,0,3,39,0,42,0,1,99,0,100,0,4,138,0,142,0,0,0,142
01/03/2012,DWH,TX,ASW,CE,Towers with Radar,0,3,19,0,22,0,5,79,1,85,0,8,98,1,107,0,0,0,107
01/04/2012,DWH,TX,ASW,CE,Towers with Radar,0,5,29,2,36,0,1,84,8,93,0,6,113,10,129,0,0,0,129
01/05/2012,DWH,TX,ASW,CE,Towers with Radar,0,8,37,4,49,0,10,201,12,223,0,18,238,16,272,274,0,274,546
01/06/2012,DWH,TX,ASW,CE,Towers with Radar,0,16,51,5,72,0,11,203,3,217,0,27,254,8,289,72,4,76,365
01/07/2012,DWH,TX,ASW,CE,Towers with Radar,0,5,34,4,43,0,4,108,0,112,0,9,142,4,155,0,0,0,155
01/08/2012,DWH,TX,ASW,CE,Towers with Radar,0,9,60,2,71,0,0,27,0,27,0,9,87,2,98,0,0,0,98
01/09/2012,DWH,TX,ASW,CE,Towers with Radar,0,12,17,2,31,0,0,0,0,0,0,12,17,2,31,0,0,0,31
01/10/2012,DWH,TX,ASW,CE,Towers with Radar,0,13,63,5,81,0,6,105,5,116,0,19,168,10,197,216,0,216,413
01/11/2012,DWH,TX,ASW,CE,Towers with Radar,0,11,60,4,75,0,7,250,6,263,0,18,310,10,338,316,0,316,654
01/12/2012,DWH,TX,ASW,CE,Towers with Radar,0,8,35,11,54,0,6,141,2,149,0,14,176,13,203,98,0,98,301
01/13/2012,DWH,TX,ASW,CE,Towers with Radar,0,7,59,1,67,0,7,248,8,263,0,14,307,9,330,344,0,344,674
01/14/2012,DWH,TX,ASW,CE,Towers with Radar,0,7,26,0,33,0,4,278,5,287,0,11,304,5,320,252,0,252,572
01/15/2012,DWH,TX,ASW,CE,Towers with Radar,0,1,31,0,32,0,6,206,0,212,0,7,237,0,244,274,0,274,518
01/16/2012,DWH,TX,ASW,CE,Towers with Radar,0,7,37,0,44,0,2,80,0,82,0,9,117,0,126,66,0,66,192
01/17/2012,DWH,TX,ASW,CE,Towers with Radar,0,5,38,3,46,0,1,61,2,64,0,6,99,5,110,112,0,112,222
01/18/2012,DWH,TX,ASW,CE,Towers with Radar,0,7,53,0,60,0,6,199,4,209,0,13,252,4,269,216,0,216,485
01/19/2012,DWH,TX,ASW,CE,Towers with Radar,0,4,49,0,53,0,6,101,0,107,0,10,150,0,160,112,0,112,272
01/20/2012,DWH,TX,ASW,CE,Towers with Radar,0,7,45,8,60,0,7,86,1,94,0,14,131,9,154,134,0,134,288
01/21/2012,DWH,TX,ASW,CE,Towers with Radar,0,4,56,2,62,0,7,147,0,154,0,11,203,2,216,306,0,306,522
01/22/2012,DWH,TX,ASW,CE,Towers with Radar,0,9,43,4,56,0,2,80,0,82,0,11,123,4,138,90,0,90,228
01/23/2012,DWH,TX,ASW,CE,Towers with Radar,0,5,48,5,58,0,5,212,0,217,0,10,260,5,275,294,0,294,569
01/24/2012,DWH,TX,ASW,CE,Towers with Radar,0,8,35,5,48,0,0,68,2,70,0,8,103,7,118,64,0,64,182
01/25/2012,DWH,TX,ASW,CE,Towers with Radar,0,7,21,0,28,0,0,2,0,2,0,7,23,0,30,0,0,0,30
01/26/2012,DWH,TX,ASW,CE,Towers with Radar,0,7,57,0,64,0,10,205,1,216,0,17,262,1,280,184,0,184,464
01/27/2012,DWH,TX,ASW,CE,Towers with Radar,0,6,60,11,77,0,2,298,6,306,0,8,358,17,383,234,0,234,617
01/28/2012,DWH,TX,ASW,CE,Towers with Radar,0,2,35,1,38,0,1,294,2,297,0,3,329,3,335,358,0,358,693
01/29/2012,DWH,TX,ASW,CE,Towers with Radar,0,3,50,3,56,0,2,364,2,368,0,5,414,5,424,312,0,312,736
01/30/2012,DWH,TX,ASW,CE,Towers with Radar,0,6,59,4,69,0,10,160,2,172,0,16,219,6,241,252,2,254,495
01/31/2012,DWH,TX,ASW,CE,Towers with Radar,0,7,61,8,76,0,3,15,0,18,0,10,76,8,94,22,0,22,116
02/01/2012,DWH,TX,ASW,CE,Towers with Radar,0,8,51,4,63,0,6,80,1,87,0,14,131,5,150,236,0,236,386
02/02/2012,DWH,TX,ASW,CE,Towers with Radar,0,13,50,0,63,0,1,30,1,32,0,14,80,1,95,82,0,82,177
02/03/2012,DWH,TX,ASW,CE,Towers with Radar,0,4,42,3,49,0,5,53,2,60,0,9,95,5,109,56,0,56,165
02/04/2012,DWH,TX,ASW,CE,Towers with Radar,0,3,29,0,32,0,4,52,0,56,0,7,81,0,88,84,0,84,172
02/05/2012,DWH,TX,ASW,CE,Towers with Radar,0,4,35,2,41,0,3,120,2,125,0,7,155,4,166,146,0,146,312
02/06/2012,DWH,TX,ASW,CE,Towers with Radar,0,4,44,3,51,0,2,202,7,211,0,6,246,10,262,274,8,282,544
02/07/2012,DWH,TX,ASW,CE,Towers with Radar,0,4,35,6,45,0,9,157,3,169,0,13,192,9,214,268,0,268,482
02/08/2012,DWH,TX,ASW,CE,Towers with Radar,0,8,62,0,70,0,8,213,3,224,0,16,275,3,294,224,0,224,518
02/09/2012,DWH,TX,ASW,CE,Towers with Radar,0,12,61,2,75,0,13,183,15,211,0,25,244,17,286,248,0,248,534
02/10/2012,DWH,TX,ASW,CE,Towers with Radar,0,7,45,6,58,0,5,61,0,66,0,12,106,6,124,100,0,100,224
02/11/2012,DWH,TX,ASW,CE,Towers with Radar,0,2,35,6,43,0,5,342,7,354,0,7,377,13,397,328,42,370,767
02/12/2012,DWH,TX,ASW,CE,Towers with Radar,0,7,38,0,45,0,2,267,2,271,0,9,305,2,316,248,0,248,564
02/13/2012,DWH,TX,ASW,CE,Towers with Radar,0,5,32,0,37,0,2,4,0,6,0,7,36,0,43,0,0,0,43
02/14/2012,DWH,TX,ASW,CE,Towers with Radar,0,11,43,3,57,0,3,150,3,156,0,14,193,6,213,148,0,148,361
02/15/2012,DWH,TX,ASW,CE,Towers with Radar,0,10,28,4,42,0,0,3,0,3,0,10,31,4,45,0,0,0,45
02/16/2012,DWH,TX,ASW,CE,Towers with Radar,0,7,56,9,72,0,10,288,7,305,0,17,344,16,377,320,0,320,697
02/17/2012,DWH,TX,ASW,CE,Towers with Radar,0,11,55,1,67,0,2,34,0,36,0,13,89,1,103,56,0,56,159
02/18/2012,DWH,TX,ASW,CE,Towers with Radar,0,8,28,6,42,0,0,2,0,2,0,8,30,6,44,10,0,10,54
02/19/2012,DWH,TX,ASW,CE,Towers with Radar,0,7,51,0,58,0,7,326,7,340,0,14,377,7,398,302,0,302,700
02/20/2012,DWH,TX,ASW,CE,Towers with Radar,0,4,52,0,56,0,12,168,1,181,0,16,220,1,237,194,0,194,431
02/21/2012,DWH,TX,ASW,CE,Towers with Radar,0,16,50,0,66,0,2,205,1,208,0,18,255,1,274,228,0,228,502
02/22/2012,DWH,TX,ASW,CE,Towers with Radar,0,10,49,5,64,0,4,163,0,167,0,14,212,5,231,136,0,136,367
02/23/2012,DWH,TX,ASW,CE,Towers with Radar,0,13,55,3,71,0,6,103,1,110,0,19,158,4,181,76,10,86,267
02/24/2012,DWH,TX,ASW,CE,Towers with Radar,0,6,32,2,40,0,5,123,0,128,0,11,155,2,168,62,4,66,234
02/25/2012,DWH,TX,ASW,CE,Towers with Radar,0,4,25,0,29,0,6,303,10,319,0,10,328,10,348,294,0,294,642
02/26/2012,DWH,TX,ASW,CE,Towers with Radar,0,8,56,1,65,0,4,351,0,355,0,12,407,1,420,398,0,398,818
02/27/2012,DWH,TX,ASW,CE,Towers with Radar,0,9,53,2,64,0,6,92,0,98,0,15,145,2,162,274,0,274,436
02/28/2012,DWH,TX,ASW,CE,Towers with Radar,0,4,41,2,47,0,2,35,2,39,0,6,76,4,86,68,0,68,154
02/29/2012,DWH,TX,ASW,CE,Towers with Radar,0,13,68,3,84,0,5,204,0,209,0,18,272,3,293,262,0,262,555
03/01/2012,DWH,TX,ASW,CE,Towers with Radar,0,10,49,12,71,0,10,150,7,167,0,20,199,19,238,182,0,182,420
03/02/2012,DWH,TX,ASW,CE,Towers with Radar,0,9,62,8,79,0,3,112,0,115,0,12,174,8,194,250,0,250,444
03/03/2012,DWH,TX,ASW,CE,Towers with Radar,0,0,25,1,26,0,4,211,3,218,0,4,236,4,244,142,24,166,410
03/04/2012,DWH,TX,ASW,CE,Towers with Radar,0,7,41,2,50,0,3,374,2,379,0,10,415,4,429,484,0,484,913
03/05/2012,DWH,TX,ASW,CE,Towers with Radar,0,2,32,0,34,0,9,215,1,225,0,11,247,1,259,396,0,396,655
03/06/2012,DWH,TX,ASW,CE,Towers with Radar,0,6,52,4,62,0,10,163,0,173,0,16,215,4,235,234,0,234,469
03/07/2012,DWH,TX,ASW,CE,Towers with Radar,0,10,46,3,59,0,2,95,0,97,0,12,141,3,156,120,0,120,276
03/08/2012,DWH,TX,ASW,CE,Towers with Radar,0,7,45,4,56,0,10,62,0,72,0,17,107,4,128,86,0,86,214
03/09/2012,DWH,TX,ASW,CE,Towers with Radar,0,17,42,2,61,0,2,0,0,2,0,19,42,2,63,0,0,0,63
03/10/2012,DWH,TX,ASW,CE,Towers with Radar,0,6,24,0,30,0,4,23,0,27,0,10,47,0,57,138,0,138,195
03/11/2012,DWH,TX,ASW,CE,Towers with Radar,0,9,39,0,48,0,0,7,0,7,0,9,46,0,55,56,0,56,111
03/12/2012,DWH,TX,ASW,CE,Towers with Radar,0,9,51,1,61,0,3,95,2,100,0,12,146,3,161,174,0,174,335
03/13/2012,DWH,TX,ASW,CE,Towers with Radar,0,7,78,2,87,0,3,127,0,130,0,10,205,2,217,292,0,292,509
03/14/2012,DWH,TX,ASW,CE,Towers with Radar,0,3,63,2,68,0,4,169,0,173,0,7,232,2,241,262,0,262,503
03/15/2012,DWH,TX,ASW,CE,Towers with Radar,0,8,70,8,86,0,4,191,6,201,0,12,261,14,287,334,0,334,621
03/16/2012,DWH,TX,ASW,CE,Towers with Radar,0,5,62,4,71,0,7,207,4,218,0,12,269,8,289,460,0,460,749
03/17/2012,DWH,TX,ASW,CE,Towers with Radar,0,11,45,0,56,0,2,240,0,242,0,13,285,0,298,338,0,338,636
03/18/2012,DWH,TX,ASW,CE,Towers with Radar,0,13,74,0,87,0,3,197,0,200,0,16,271,0,287,296,0,296,583
03/19/2012,DWH,TX,ASW,CE,Towers with Radar,0,4,21,15,40,0,4,42,2,48,0,8,63,17,88,76,0,76,164
03/20/2012,DWH,TX,ASW,CE,Towers with Radar,0,7,26,2,35,0,3,11,2,16,0,10,37,4,51,10,0,10,61
03/21/2012,DWH,TX,ASW,CE,Towers with Radar,0,10,43,3,56,0,7,215,1,223,0,17,258,4,279,386,0,386,665
03/22/2012,DWH,TX,ASW,CE,Towers with Radar,0,14,38,3,55,0,3,269,9,281,0,17,307,12,336,232,0,232,568
03/23/2012,DWH,TX,ASW,CE,Towers with Radar,0,9,45,1,55,0,6,327,9,342,0,15,372,10,397,424,0,424,821
03/24/2012,DWH,TX,ASW,CE,Towers with Radar,0,2,45,2,49,0,5,365,2,372,0,7,410,4,421,506,0,506,927
03/25/2012,DWH,TX,ASW,CE,Towers with Radar,0,10,53,4,67,0,5,355,2,362,0,15,408,6,429,260,0,260,689
03/26/2012,DWH,TX,ASW,CE,Towers with Radar,0,8,39,0,47,0,10,227,3,240,0,18,266,3,287,286,0,286,573
03/27/2012,DWH,TX,ASW,CE,Towers with Radar,0,4,47,8,59,0,8,230,4,242,0,12,277,12,301,280,0,280,581
03/28/2012,DWH,TX,ASW,CE,Towers with Radar,0,5,56,7,68,0,3,195,14,212,0,8,251,21,280,370,0,370,650
03/29/2012,DWH,TX,ASW,CE,Towers with Radar,0,12,48,0,60,0,0,73,4,77,0,12,121,4,137,172,0,172,309
03/30/2012,DWH,TX,ASW,CE,Towers with Radar,0,7,59,3,69,0,5,154,4,163,0,12,213,7,232,232,0,232,464
03/31/2012,DWH,TX,ASW,CE,Towers with Radar,0,9,39,4,52,0,1,243,8,252,0,10,282,12,304,476,0,476,780
04/01/2012,DWH,TX,ASW,CE,Towers with Radar,0,7,53,0,60,0,4,249,0,253,0,11,302,0,313,252,0,252,565
04/02/2012,DWH,TX,ASW,CE,Towers with Radar,0,8,59,9,76,0,3,131,2,136,0,11,190,11,212,94,0,94,306
04/03/2012,DWH,TX,ASW,CE,Towers with Radar,0,4,49,4,57,0,7,132,5,144,0,11,181,9,201,170,0,170,371
04/04/2012,DWH,TX,ASW,CE,Towers with Radar,0,6,70,2,78,0,3,192,0,195,0,9,262,2,273,254,0,254,527
04/05/2012,DWH,TX,ASW,CE,Towers with Radar,0,17,59,3,79,0,6,240,2,248,0,23,299,5,327,370,0,370,697
04/06/2012,DWH,TX,ASW,CE,Towers with Radar,0,13,47,3,63,0,9,393,3,405,0,22,440,6,468,400,0,400,868
04/07/2012,DWH,TX,ASW,CE,Towers with Radar,0,5,28,2,35,0,6,312,0,318,0,11,340,2,353,180,0,180,533
04/08/2012,DWH,TX,ASW,CE,Towers with Radar,0,10,28,4,42,0,0,169,1,170,0,10,197,5,212,174,0,174,386
04/09/2012,DWH,TX,ASW,CE,Towers with Radar,0,21,69,5,95,0,4,244,2,250,0,25,313,7,345,258,0,258,603
04/10/2012,DWH,TX,ASW,CE,Towers with Radar,0,8,53,0,61,0,3,222,3,228,0,11,275,3,289,358,0,358,647
04/11/2012,DWH,TX,ASW,CE,Towers with Radar,0,10,51,3,64,0,3,231,8,242,0,13,282,11,306,298,2,300,606
04/12/2012,DWH,TX,ASW,CE,Towers with Radar,0,7,86,8,101,0,12,199,5,216,0,19,285,13,317,118,0,118,435
04/13/2012,DWH,TX,ASW,CE,Towers with Radar,0,3,40,2,45,0,6,180,5,191,0,9,220,7,236,288,0,288,524
04/14/2012,DWH,TX,ASW,CE,Towers with Radar,0,7,28,0,35,0,2,140,1,143,0,9,168,1,178,184,0,184,362
04/15/2012,DWH,TX,ASW,CE,Towers with Radar,0,6,31,0,37,0,4,72,0,76,0,10,103,0,113,34,0,34,147
04/16/2012,DWH,TX,ASW,CE,Towers with Radar,0,5,41,1,47,0,9,46,1,56,0,14,87,2,103,38,0,38,141
04/17/2012,DWH,TX,ASW,CE,Towers with Radar,0,11,54,2,67,0,4,202,4,210,0,15,256,6,277,226,0,226,503
04/18/2012,DWH,TX,ASW,CE,Towers with Radar,0,7,56,13,76,0,10,328,3,341,0,17,384,16,417,398,12,410,827
04/19/2012,DWH,TX,ASW,CE,Towers with Radar,0,12,53,1,66,0,9,278,11,298,0,21,331,12,364,306,0,306,670
04/20/2012,DWH,TX,ASW,CE,Towers with Radar,0,12,66,0,78,0,12,107,1,120,0,24,173,1,198,64,0,64,262
04/21/2012,DWH,TX,ASW,CE,Towers with Radar,0,4,33,0,37,0,8,223,0,231,0,12,256,0,268,192,0,192,460
04/22/2012,DWH,TX,ASW,CE,Towers with Radar,1,5,68,7,81,0,2,379,2,383,1,7,447,9,464,494,22,516,980
04/23/2012,DWH,TX,ASW,CE,Towers with Radar,1,16,49,3,69,0,10,200,2,212,1,26,249,5,281,304,2,306,587
04/24/2012,DWH,TX,ASW,CE,Towers with Radar,0,11,64,4,79,0,5,249,9,263,0,16,313,13,342,290,0,290,632
04/25/2012,DWH,TX,ASW,CE,Towers with Radar,0,6,50,3,59,0,7,205,14,226,0,13,255,17,285,230,0,230,515
04/26/2012,DWH,TX,ASW,CE,Towers with Radar,0,6,69,0,75,0,7,182,1,190,0,13,251,1,265,294,0,294,559
04/27/2012,DWH,TX,ASW,CE,Towers with Radar,0,9,61,7,77,0,3,174,0,177,0,12,235,7,254,178,2,180,434
04/28/2012,DWH,TX,ASW,CE,Towers with Radar,0,4,40,2,46,0,1,287,0,288,0,5,327,2,334,312,0,312,646
04/29/2012,DWH,TX,ASW,CE,Towers with Radar,0,6,49,1,56,0,15,191,0,206,0,21,240,1,262,154,0,154,416
04/30/2012,DWH,TX,ASW,CE,Towers with Radar,0,8,55,4,67,0,5,149,0,154,0,13,204,4,221,270,0,270,491
05/01/2012,DWH,TX,ASW,CE,Towers with Radar,0,6,49,0,55,0,3,163,2,168,0,9,212,2,223,262,0,262,485
05/02/2012,DWH,TX,ASW,CE,Towers with Radar,0,17,60,5,82,0,12,247,5,264,0,29,307,10,346,278,0,278,624
05/03/2012,DWH,TX,ASW,CE,Towers with Radar,0,17,64,12,93,0,13,197,2,212,0,30,261,14,305,212,0,212,517
05/04/2012,DWH,TX,ASW,CE,Towers with Radar,0,9,46,6,61,0,8,332,2,342,0,17,378,8,403,530,0,530,933
05/05/2012,DWH,TX,ASW,CE,Towers with Radar,0,3,50,0,53,0,3,247,4,254,0,6,297,4,307,326,0,326,633
05/06/2012,DWH,TX,ASW,CE,Towers with Radar,0,8,65,0,73,0,6,249,4,259,0,14,314,4,332,274,0,274,606
05/07/2012,DWH,TX,ASW,CE,Towers with Radar,0,10,45,1,56,0,0,219,8,227,0,10,264,9,283,386,0,386,669
05/08/2012,DWH,TX,ASW,CE,Towers with Radar,0,7,41,3,51,0,10,116,3,129,0,17,157,6,180,162,0,162,342
05/09/2012,DWH,TX,ASW,CE,Towers with Radar,0,8,49,4,61,0,6,175,7,188,0,14,224,11,249,258,0,258,507
05/10/2012,DWH,TX,ASW,CE,Towers with Radar,0,4,36,17,57,0,2,172,3,177,0,6,208,20,234,178,0,178,412
05/11/2012,DWH,TX,ASW,CE,Towers with Radar,0,15,26,13,54,0,2,111,5,118,0,17,137,18,172,200,0,200,372
05/12/2012,DWH,TX,ASW,CE,Towers with Radar,0,7,42,2,51,0,2,123,1,126,0,9,165,3,177,228,0,228,405
05/13/2012,DWH,TX,ASW,CE,Towers with Radar,0,9,44,0,53,0,2,194,0,196,0,11,238,0,249,202,0,202,451
05/14/2012,DWH,TX,ASW,CE,Towers with Radar,0,9,59,1,69,0,4,204,2,210,0,13,263,3,279,264,0,264,543
05/15/2012,DWH,TX,ASW,CE,Towers with Radar,0,7,60,2,69,0,0,62,0,62,0,7,122,2,131,34,0,34,165
05/16/2012,DWH,TX,ASW,CE,Towers with Radar,0,16,64,12,92,0,4,276,3,283,0,20,340,15,375,362,0,362,737
05/17/2012,DWH,TX,ASW,CE,Towers with Radar,0,15,59,19,93,0,3,231,9,243,0,18,290,28,336,304,0,304,640
05/18/2012,DWH,TX,ASW,CE,Towers with Radar,0,15,28,6,49,0,4,255,4,263,0,19,283,10,312,280,0,280,592
05/19/2012,DWH,TX,ASW,CE,Towers with Radar,0,6,36,2,44,0,10,319,0,329,0,16,355,2,373,174,0,174,547
05/20/2012,DWH,TX,ASW,CE,Towers with Radar,0,11,39,5,55,0,12,203,3,218,0,23,242,8,273,234,8,242,515
05/21/2012,DWH,TX,ASW,CE,Towers with Radar,0,12,58,2,72,0,6,179,3,188,0,18,237,5,260,174,0,174,434
05/22/2012,DWH,TX,ASW,CE,Towers with Radar,0,8,59,6,73,0,5,204,3,212,0,13,263,9,285,274,0,274,559
05/23/2012,DWH,TX,ASW,CE,Towers with Radar,0,6,54,1,61,0,3,185,2,190,0,9,239,3,251,160,0,160,411
05/24/2012,DWH,TX,ASW,CE,Towers with Radar,0,11,43,3,57,0,3,177,4,184,0,14,220,7,241,106,0,106,347
05/25/2012,DWH,TX,ASW,CE,Towers with Radar,0,11,51,9,71,0,6,161,3,170,0,17,212,12,241,139,0,139,380
05/26/2012,DWH,TX,ASW,CE,Towers with Radar,0,11,42,0,53,0,6,184,1,191,0,17,226,1,244,222,0,222,466
05/27/2012,DWH,TX,ASW,CE,Towers with Radar,0,9,36,0,45,0,3,185,0,188,0,12,221,0,233,202,0,202,435
05/28/2012,DWH,TX,ASW,CE,Towers with Radar,0,4,45,1,50,0,5,240,0,245,0,9,285,1,295,338,0,338,633
05/29/2012,DWH,TX,ASW,CE,Towers with Radar,0,10,47,9,66,0,3,208,8,219,0,13,255,17,285,304,0,304,589
05/30/2012,DWH,TX,ASW,CE,Towers with Radar,0,11,79,13,103,0,3,209,7,219,0,14,288,20,322,327,0,327,649
05/31/2012,DWH,TX,ASW,CE,Towers with Radar,0,9,40,6,55,0,13,157,13,183,0,22,197,19,238,168,0,168,406
06/01/2012,DWH,TX,ASW,CE,Towers with Radar,0,8,61,11,80,0,5,247,3,255,0,13,308,14,335,214,0,214,549
06/02/2012,DWH,TX,ASW,CE,Towers with Radar,0,5,26,0,31,0,2,239,0,241,0,7,265,0,272,306,0,306,578
06/03/2012,DWH,TX,ASW,CE,Towers with Radar,0,7,56,5,68,0,1,249,0,250,0,8,305,5,318,368,0,368,686
06/04/2012,DWH,TX,ASW,CE,Towers with Radar,0,12,60,2,74,0,5,205,0,210,0,17,265,2,284,334,0,334,618
06/05/2012,DWH,TX,ASW,CE,Towers with Radar,0,9,40,7,56,0,7,173,2,182,0,16,213,9,238,210,0,210,448
06/06/2012,DWH,TX,ASW,CE,Towers with Radar,0,14,53,4,71,0,5,203,4,212,0,19,256,8,283,310,0,310,593
06/07/2012,DWH,TX,ASW,CE,Towers with Radar,0,10,38,1,49,0,9,115,5,129,0,19,153,6,178,146,0,146,324
06/08/2012,DWH,TX,ASW,CE,Towers with Radar,0,9,44,3,56,0,4,107,0,111,0,13,151,3,167,200,0,200,367
06/09/2012,DWH,TX,ASW,CE,Towers with Radar,0,5,37,0,42,0,4,231,1,236,0,9,268,1,278,398,0,398,676
06/10/2012,DWH,TX,ASW,CE,Towers with Radar,0,5,52,0,57,0,4,273,0,277,0,9,325,0,334,382,0,382,716
06/11/2012,DWH,TX,ASW,CE,Towers with Radar,0,10,49,5,64,0,5,183,1,189,0,15,232,6,253,214,0,214,467
06/12/2012,DWH,TX,ASW,CE,Towers with Radar,0,9,51,0,60,0,0,163,7,170,0,9,214,7,230,210,0,210,440
06/13/2012,DWH,TX,ASW,CE,Towers with Radar,0,8,51,4,63,0,21,160,8,189,0,29,211,12,252,404,0,404,656
06/14/2012,DWH,TX,ASW,CE,Towers with Radar,0,17,58,14,89,0,2,188,14,204,0,19,246,28,293,170,6,176,469
06/15/2012,DWH,TX,ASW,CE,Towers with Radar,0,6,64,9,79,0,4,205,0,209,0,10,269,9,288,272,0,272,560
06/16/2012,DWH,TX,ASW,CE,Towers with Radar,0,11,46,0,57,0,0,146,2,148,0,11,192,2,205,248,0,248,453
06/17/2012,DWH,TX,ASW,CE,Towers with Radar,0,6,38,16,60,0,4,293,2,299,0,10,331,18,359,284,2,286,645
06/18/2012,DWH,TX,ASW,CE,Towers with Radar,0,10,48,3,61,0,5,171,0,176,0,15,219,3,237,172,0,172,409
06/19/2012,DWH,TX,ASW,CE,Towers with Radar,0,10,45,0,55,0,3,74,4,81,0,13,119,4,136,130,0,130,266
06/20/2012,DWH,TX,ASW,CE,Towers with Radar,0,5,48,0,53,0,7,169,1,177,0,12,217,1,230,242,0,242,472
06/21/2012,DWH,TX,ASW,CE,Towers with Radar,0,12,49,0,61,0,5,238,1,244,0,17,287,1,305,136,0,136,441
06/22/2012,DWH,TX,ASW,CE,Towers with Radar,0,8,35,7,50,0,7,283,5,295,0,15,318,12,345,158,0,158,503
06/23/2012,DWH,TX,ASW,CE,Towers with Radar,0,10,42,0,52,0,3,300,0,303,0,13,342,0,355,258,0,258,613
06/24/2012,DWH,TX,ASW,CE,Towers with Radar,0,6,34,0,40,0,2,231,0,233,0,8,265,0,273,146,0,146,419
06/25/2012,DWH,TX,ASW,CE,Towers with Radar,0,6,40,12,58,0,4,193,3,200,0,10,233,15,258,212,0,212,470
06/26/2012,DWH,TX,ASW,CE,Towers with Radar,0,4,36,5,45,0,3,155,4,162,0,7,191,9,207,208,0,208,415
06/27/2012,DWH,TX,ASW,CE,Towers with Radar,0,11,44,0,55,0,0,220,0,220,0,11,264,0,275,254,0,254,529
06/28/2012,DWH,TX,ASW,CE,Towers with Radar,0,16,65,7,88,0,1,164,4,169,0,17,229,11,257,104,0,104,361
06/29/2012,DWH,TX,ASW,CE,Towers with Radar,0,3,62,0,65,0,3,188,1,192,0,6,250,1,257,234,0,234,491
06/30/2012,DWH,TX,ASW,CE,Towers with Radar,0,7,42,0,49,0,4,116,0,120,0,11,158,0,169,148,0,148,317
07/01/2012,DWH,TX,ASW,CE,Towers with Radar,0,5,47,1,53,0,0,148,1,149,0,5,195,2,202,210,0,210,412
07/02/2012,DWH,TX,ASW,CE,Towers with Radar,0,11,53,6,70,0,4,224,0,228,0,15,277,6,298,375,10,385,683
07/03/2012,DWH,TX,ASW,CE,Towers with Radar,0,5,51,3,59,0,2,167,2,171,0,7,218,5,230,248,0,248,478
07/04/2012,DWH,TX,ASW,CE,Towers with Radar,0,4,31,0,35,0,20,204,4,228,0,24,235,4,263,244,0,244,507
07/05/2012,DWH,TX,ASW,CE,Towers with Radar,0,6,50,3,59,0,8,224,7,239,0,14,274,10,298,260,0,260,558
07/06/2012,DWH,TX,ASW,CE,Towers with Radar,0,6,42,5,53,0,5,247,6,258,0,11,289,11,311,382,0,382,693
07/07/2012,DWH,TX,ASW,CE,Towers with Radar,0,6,32,10,48,0,4,247,3,254,0,10,279,13,302,402,0,402,704
07/08/2012,DWH,TX,ASW,CE,Towers with Radar,0,11,50,0,61,0,8,83,0,91,0,19,133,0,152,100,0,100,252
07/09/2012,DWH,TX,ASW,CE,Towers with Radar,0,6,42,0,48,0,0,76,0,76,0,6,118,0,124,190,0,190,314
07/10/2012,DWH,TX,ASW,CE,Towers with Radar,0,4,66,0,70,0,0,30,0,30,0,4,96,0,100,86,0,86,186
07/11/2012,DWH,TX,ASW,CE,Towers with Radar,0,6,38,0,44,0,0,34,0,34,0,6,72,0,78,94,0,94,172
07/12/2012,DWH,TX,ASW,CE,Towers with Radar,0,9,36,1,46,0,12,40,0,52,0,21,76,1,98,26,0,26,124
07/13/2012,DWH,TX,ASW,CE,Towers with Radar,0,5,42,0,47,0,2,87,0,89,0,7,129,0,136,166,0,166,302
07/14/2012,DWH,TX,ASW,CE,Towers with Radar,0,10,37,0,47,0,2,183,0,185,0,12,220,0,232,442,0,442,674
07/15/2012,DWH,TX,ASW,CE,Towers with Radar,0,7,27,4,38,0,4,165,3,172,0,11,192,7,210,288,0,288,498
07/16/2012,DWH,TX,ASW,CE,Towers with Radar,0,3,62,2,67,0,4,148,1,153,0,7,210,3,220,164,0,164,384
07/17/2012,DWH,TX,ASW,CE,Towers with Radar,0,3,63,5,71,0,5,157,0,162,0,8,220,5,233,258,0,258,491
07/18/2012,DWH,TX,ASW,CE,Towers with Radar,0,10,55,0,65,0,11,203,4,218,0,21,258,4,283,248,0,248,531
07/19/2012,DWH,TX,ASW,CE,Towers with Radar,0,5,60,2,67,0,5,185,6,196,0,10,245,8,263,178,0,178,441
07/20/2012,DWH,TX,ASW,CE,Towers with Radar,0,5,60,17,82,0,1,242,7,250,0,6,302,24,332,110,0,110,442
07/21/2012,DWH,TX,ASW,CE,Towers with Radar,0,11,30,2,43,0,3,238,0,241,0,14,268,2,284,244,0,244,528
07/22/2012,DWH,TX,ASW,CE,Towers with Radar,0,11,34,3,48,0,8,195,5,208,0,19,229,8,256,276,0,276,532
07/23/2012,DWH,TX,ASW,CE,Towers with Radar,0,3,35,0,38,0,0,125,1,126,0,3,160,1,164,204,0,204,368
07/24/2012,DWH,TX,ASW,CE,Towers with Radar,0,7,49,3,59,0,4,147,13,164,0,11,196,16,223,212,8,220,443
07/25/2012,DWH,TX,ASW,CE,Towers with Radar,0,8,40,1,49,0,3,259,2,264,0,11,299,3,313,198,0,198,511
07/26/2012,DWH,TX,ASW,CE,Towers with Radar,0,12,57,1,70,0,6,193,8,207,0,18,250,9,277,248,0,248,525
07/27/2012,DWH,TX,ASW,CE,Towers with Radar,0,8,39,0,47,0,6,234,0,240,0,14,273,0,287,302,0,302,589
07/28/2012,DWH,TX,ASW,CE,Towers with Radar,0,5,35,7,47,0,7,257,0,264,0,12,292,7,311,346,0,346,657
07/29/2012,DWH,TX,ASW,CE,Towers with Radar,0,8,33,3,44,0,5,250,1,256,0,13,283,4,300,190,0,190,490
07/30/2012,DWH,TX,ASW,CE,Towers with Radar,0,2,30,8,40,0,3,166,6,175,0,5,196,14,215,170,14,184,399
07/31/2012,DWH,TX,ASW,CE,Towers with Radar,0,5,69,4,78,0,7,189,4,200,0,12,258,8,278,180,0,180,458
08/01/2012,DWH,TX,ASW,CE,Towers with Radar,0,5,36,2,43,0,8,196,2,206,0,13,232,4,249,264,0,264,513
08/02/2012,DWH,TX,ASW,CE,Towers with Radar,0,0,38,3,41,0,1,213,10,224,0,1,251,13,265,244,0,244,509
08/03/2012,DWH,TX,ASW,CE,Towers with Radar,0,12,36,3,51,0,5,248,5,258,0,17,284,8,309,308,0,308,617
08/04/2012,DWH,TX,ASW,CE,Towers with Radar,0,4,31,1,36,0,2,319,0,321,0,6,350,1,357,332,0,332,689
08/05/2012,DWH,TX,ASW,CE,Towers with Radar,0,10,39,1,50,0,8,215,2,225,0,18,254,3,275,268,0,268,543
08/06/2012,DWH,TX,ASW,CE,Towers with Radar,0,8,51,9,68,0,0,190,8,198,0,8,241,17,266,272,8,280,546
08/07/2012,DWH,TX,ASW,CE,Towers with Radar,0,6,45,5,56,0,2,182,3,187,0,8,227,8,243,224,0,224,467
08/08/2012,DWH,TX,ASW,CE,Towers with Radar,0,8,46,3,57,0,3,230,8,241,0,11,276,11,298,256,0,256,554
08/09/2012,DWH,TX,ASW,CE,Towers with Radar,0,10,66,0,76,0,6,189,1,196,0,16,255,1,272,186,0,186,458
08/10/2012,DWH,TX,ASW,CE,Towers with Radar,0,6,28,4,38,0,4,158,3,165,0,10,186,7,203,172,0,172,375
08/11/2012,DWH,TX,ASW,CE,Towers with Radar,0,1,35,0,36,0,3,278,6,287,0,4,313,6,323,282,0,282,605
08/12/2012,DWH,TX,ASW,CE,Towers with Radar,0,12,45,0,57,0,2,224,0,226,0,14,269,0,283,200,0,200,483
08/13/2012,DWH,TX,ASW,CE,Towers with Radar,0,4,51,0,55,0,2,190,2,194,0,6,241,2,249,170,0,170,419
08/14/2012,DWH,TX,ASW,CE,Towers with Radar,0,9,52,4,65,0,8,206,7,221,0,17,258,11,286,298,16,314,600
08/15/2012,DWH,TX,ASW,CE,Towers with Radar,0,16,63,4,83,0,5,215,2,222,0,21,278,6,305,224,0,224,529
08/16/2012,DWH,TX,ASW,CE,Towers with Radar,0,8,50,4,62,0,6,209,2,217,0,14,259,6,279,122,0,122,401
08/17/2012,DWH,TX,ASW,CE,Towers with Radar,0,6,40,11,57,0,9,167,8,184,0,15,207,19,241,322,0,322,563
08/18/2012,DWH,TX,ASW,CE,Towers with Radar,1,4,32,0,37,0,5,104,0,109,1,9,136,0,146,202,0,202,348
08/19/2012,DWH,TX,ASW,CE,Towers with Radar,0,4,41,0,45,0,3,120,0,123,0,7,161,0,168,154,0,154,322
08/20/2012,DWH,TX,ASW,CE,Towers with Radar,0,2,33,1,36,0,4,167,0,171,0,6,200,1,207,288,0,288,495
08/21/2012,DWH,TX,ASW,CE,Towers with Radar,0,3,45,11,59,0,1,218,6,225,0,4,263,17,284,224,0,224,508
08/22/2012,DWH,TX,ASW,CE,Towers with Radar,0,11,47,3,61,0,4,252,7,263,0,15,299,10,324,356,0,356,680
08/23/2012,DWH,TX,ASW,CE,Towers with Radar,0,6,57,4,67,0,5,226,0,231,0,11,283,4,298,276,0,276,574
08/24/2012,DWH,TX,ASW,CE,Towers with Radar,0,7,52,7,66,0,5,123,1,129,0,12,175,8,195,206,0,206,401
08/25/2012,DWH,TX,ASW,CE,Towers with Radar,0,5,45,7,57,0,2,193,0,195,0,7,238,7,252,406,0,406,658
08/26/2012,DWH,TX,ASW,CE,Towers with Radar,0,6,45,3,54,0,2,233,1,236,0,8,278,4,290,358,0,358,648
08/27/2012,DWH,TX,ASW,CE,Towers with Radar,0,2,23,2,27,0,0,165,4,169,0,2,188,6,196,212,0,212,408
08/28/2012,DWH,TX,ASW,CE,Towers with Radar,0,17,53,3,73,0,3,149,1,153,0,20,202,4,226,142,0,142,368
08/29/2012,DWH,TX,ASW,CE,Towers with Radar,0,10,37,6,53,0,5,141,4,150,0,15,178,10,203,196,0,196,399
08/30/2012,DWH,TX,ASW,CE,Towers with Radar,0,15,26,2,43,0,1,147,3,151,0,16,173,5,194,128,0,128,322
08/31/2012,DWH,TX,ASW,CE,Towers with Radar,0,12,61,4,77,0,2,193,2,197,0,14,254,6,274,222,0,222,496
09/01/2012,DWH,TX,ASW,CE,Towers with Radar,0,5,31,1,37,0,3,165,2,170,0,8,196,3,207,236,0,236,443
09/02/2012,DWH,TX,ASW,CE,Towers with Radar,0,2,26,0,28,0,4,196,0,200,0,6,222,0,228,260,0,260,488
09/03/2012,DWH,TX,ASW,CE,Towers with Radar,0,12,48,3,63,0,3,242,2,247,0,15,290,5,310,278,0,278,588
09/04/2012,DWH,TX,ASW,CE,Towers with Radar,0,11,41,4,56,0,2,170,3,175,0,13,211,7,231,200,0,200,431
09/05/2012,DWH,TX,ASW,CE,Towers with Radar,0,16,57,11,84,0,3,249,2,254,0,19,306,13,338,200,0,200,538
09/06/2012,DWH,TX,ASW,CE,Towers with Radar,0,15,69,5,89,0,8,172,1,181,0,23,241,6,270,168,20,188,458
09/07/2012,DWH,TX,ASW,CE,Towers with Radar,0,5,53,8,66,0,4,187,6,197,0,9,240,14,263,132,0,132,395
09/08/2012,DWH,TX,ASW,CE,Towers with Radar,0,7,35,4,46,0,4,271,5,280,0,11,306,9,326,310,16,326,652
09/09/2012,DWH,TX,ASW,CE,Towers with Radar,0,10,22,9,41,0,2,283,1,286,0,12,305,10,327,252,6,258,585
09/10/2012,DWH,TX,ASW,CE,Towers with Radar,0,4,22,1,27,0,1,159,6,166,0,5,181,7,193,180,4,184,377
09/11/2012,DWH,TX,ASW,CE,Towers with Radar,0,7,27,17,51,0,1,178,10,189,0,8,205,27,240,194,18,212,452
09/12/2012,DWH,TX,ASW,CE,Towers with Radar,0,7,43,0,50,0,5,171,4,180,0,12,214,4,230,368,10,378,608
09/13/2012,DWH,TX,ASW,CE,Towers with Radar,0,8,38,0,46,0,0,70,0,70,0,8,108,0,116,88,0,88,204
09/14/2012,DWH,TX,ASW,CE,Towers with Radar,0,5,49,0,54,0,2,80,6,88,0,7,129,6,142,98,0,98,240
09/15/2012,DWH,TX,ASW,CE,Towers with Radar,0,6,68,1,75,0,0,93,0,93,0,6,161,1,168,146,0,146,314
09/16/2012,DWH,TX,ASW,CE,Towers with Radar,0,11,41,1,53,0,3,111,0,114,0,14,152,1,167,256,0,256,423
09/17/2012,DWH,TX,ASW,CE,Towers with Radar,0,10,56,2,68,0,2,110,1,113,0,12,166,3,181,184,0,184,365
09/18/2012,DWH,TX,ASW,CE,Towers with Radar,0,5,56,14,75,0,4,184,4,192,0,9,240,18,267,232,0,232,499
09/19/2012,DWH,TX,ASW,CE,Towers with Radar,0,4,32,5,41,0,6,286,8,300,0,10,318,13,341,182,14,196,537
09/20/2012,DWH,TX,ASW,CE,Towers with Radar,0,14,63,9,86,0,1,229,2,232,0,15,292,11,318,188,0,188,506
09/21/2012,DWH,TX,ASW,CE,Towers with Radar,0,12,50,10,72,0,5,209,8,222,0,17,259,18,294,122,0,122,416
09/22/2012,DWH,TX,ASW,CE,Towers with Radar,0,3,34,4,41,0,2,316,0,318,0,5,350,4,359,240,18,258,617
09/23/2012,DWH,TX,ASW,CE,Towers with Radar,0,12,61,0,73,0,6,273,2,281,0,18,334,2,354,352,0,352,706
09/24/2012,DWH,TX,ASW,CE,Towers with Radar,0,6,38,3,47,0,6,193,2,201,0,12,231,5,248,182,8,190,438
09/25/2012,DWH,TX,ASW,CE,Towers with Radar,0,10,46,7,63,0,1,202,0,203,0,11,248,7,266,276,0,276,542
09/26/2012,DWH,TX,ASW,CE,Towers with Radar,0,9,56,8,73,0,7,223,8,238,0,16,279,16,311,298,0,298,609
09/27/2012,DWH,TX,ASW,CE,Towers with Radar,0,9,33,6,48,0,6,218,4,228,0,15,251,10,276,204,0,204,480
09/28/2012,DWH,TX,ASW,CE,Towers with Radar,0,6,50,2,58,0,7,89,0,96,0,13,139,2,154,148,0,148,302
09/29/2012,DWH,TX,ASW,CE,Towers with Radar,0,2,12,5,19,0,0,1,0,1,0,2,13,5,20,6,0,6,26
09/30/2012,DWH,TX,ASW,CE,Towers with Radar,0,4,49,2,55,0,1,34,0,35,0,5,83,2,90,10,0,10,100
10/01/2012,DWH,TX,ASW,CE,Towers with Radar,0,3,38,3,44,0,4,144,3,151,0,7,182,6,195,212,0,212,407
10/02/2012,DWH,TX,ASW,CE,Towers with Radar,0,4,57,0,61,0,6,174,1,181,0,10,231,1,242,262,0,262,504
10/03/2012,DWH,TX,ASW,CE,Towers with Radar,0,16,38,10,64,0,17,281,7,305,0,33,319,17,369,258,0,258,627
10/04/2012,DWH,TX,ASW,CE,Towers with Radar,0,16,50,5,71,0,12,240,0,252,0,28,290,5,323,238,0,238,561
10/05/2012,DWH,TX,ASW,CE,Towers with Radar,0,13,36,3,52,0,10,246,3,259,0,23,282,6,311,296,0,296,607
10/06/2012,DWH,TX,ASW,CE,Towers with Radar,0,5,34,1,40,0,4,201,2,207,0,9,235,3,247,348,0,348,595
10/07/2012,DWH,TX,ASW,CE,Towers with Radar,0,13,53,8,74,0,3,163,1,167,0,16,216,9,241,298,0,298,539
10/08/2012,DWH,TX,ASW,CE,Towers with Radar,0,11,47,0,58,0,4,185,0,189,0,15,232,0,247,302,0,302,549
10/09/2012,DWH,TX,ASW,CE,Towers with Radar,0,8,62,3,73,0,9,156,4,169,0,17,218,7,242,244,0,244,486
10/10/2012,DWH,TX,ASW,CE,Towers with Radar,0,4,62,0,66,0,7,210,2,219,0,11,272,2,285,342,0,342,627
10/11/2012,DWH,TX,ASW,CE,Towers with Radar,0,10,44,2,56,0,11,193,7,211,0,21,237,9,267,284,0,284,551
10/12/2012,DWH,TX,ASW,CE,Towers with Radar,0,6,54,9,69,0,1,232,4,237,0,7,286,13,306,236,0,236,542
10/13/2012,DWH,TX,ASW,CE,Towers with Radar,0,14,38,4,56,1,2,158,3,164,1,16,196,7,220,236,0,236,456
10/14/2012,DWH,TX,ASW,CE,Towers with Radar,0,15,35,2,52,0,4,79,1,84,0,19,114,3,136,70,0,70,206
10/15/2012,DWH,TX,ASW,CE,Towers with Radar,0,9,51,2,62,0,7,201,4,212,0,16,252,6,274,194,2,196,470
10/16/2012,DWH,TX,ASW,CE,Towers with Radar,0,7,41,2,50,0,9,106,0,115,0,16,147,2,165,232,0,232,397
10/17/2012,DWH,TX,ASW,CE,Towers with Radar,0,6,48,5,59,0,5,218,2,225,0,11,266,7,284,276,0,276,560
10/18/2012,DWH,TX,ASW,CE,Towers with Radar,0,5,61,13,79,0,6,239,1,246,0,11,300,14,325,306,0,306,631
10/19/2012,DWH,TX,ASW,CE,Towers with Radar,0,19,53,5,77,0,14,319,3,336,0,33,372,8,413,382,0,382,795
10/20/2012,DWH,TX,ASW,CE,Towers with Radar,0,2,29,0,31,0,12,331,5,348,0,14,360,5,379,278,0,278,657
10/21/2012,DWH,TX,ASW,CE,Towers with Radar,0,11,67,0,78,0,6,228,0,234,0,17,295,0,312,264,0,264,576
10/22/2012,DWH,TX,ASW,CE,Towers with Radar,0,5,44,9,58,0,3,149,4,156,0,8,193,13,214,162,0,162,376
10/23/2012,DWH,TX,ASW,CE,Towers with Radar,0,5,53,3,61,0,5,203,8,216,0,10,256,11,277,268,0,268,545
10/24/2012,DWH,TX,ASW,CE,Towers with Radar,0,12,85,14,111,0,16,253,6,275,0,28,338,20,386,268,0,268,654
10/25/2012,DWH,TX,ASW,CE,Towers with Radar,0,16,48,5,69,0,2,192,2,196,0,18,240,7,265,306,0,306,571
10/26/2012,DWH,TX,ASW,CE,Towers with Radar,0,9,50,13,72,0,3,41,2,46,0,12,91,15,118,10,0,10,128
10/27/2012,DWH,TX,ASW,CE,Towers with Radar,0,4,31,7,42,0,5,263,1,269,0,9,294,8,311,236,0,236,547
10/28/2012,DWH,TX,ASW,CE,Towers with Radar,0,7,54,0,61,0,5,323,1,329,0,12,377,1,390,384,0,384,774
10/29/2012,DWH,TX,ASW,CE,Towers with Radar,0,14,46,5,65,0,3,233,0,236,0,17,279,5,301,314,0,314,615
10/30/2012,DWH,TX,ASW,CE,Towers with Radar,0,11,54,7,72,0,3,247,3,253,0,14,301,10,325,354,0,354,679
10/31/2012,DWH,TX,ASW,CE,Towers with Radar,0,8,54,5,67,0,4,193,0,197,0,12,247,5,264,206,0,206,470
11/01/2012,DWH,TX,ASW,CE,Towers with Radar,0,7,56,4,67,0,14,190,4,208,0,21,246,8,275,200,2,202,477
11/02/2012,DWH,TX,ASW,CE,Towers with Radar,0,15,51,6,72,0,5,211,5,221,0,20,262,11,293,220,0,220,513
11/03/2012,DWH,TX,ASW,CE,Towers with Radar,0,2,49,0,51,0,0,182,1,183,0,2,231,1,234,180,0,180,414
11/04/2012,DWH,TX,ASW,CE,Towers with Radar,0,8,52,6,66,0,2,231,1,234,0,10,283,7,300,364,0,364,664
11/05/2012,DWH,TX,ASW,CE,Towers with Radar,0,6,37,2,45,0,5,114,1,120,0,11,151,3,165,168,0,168,333
11/06/2012,DWH,TX,ASW,CE,Towers with Radar,0,7,50,0,57,0,4,211,2,217,0,11,261,2,274,287,0,287,561
11/07/2012,DWH,TX,ASW,CE,Towers with Radar,0,9,56,2,67,0,2,206,4,212,0,11,262,6,279,276,2,278,557
11/08/2012,DWH,TX,ASW,CE,Towers with Radar,0,8,51,9,68,0,0,229,8,237,0,8,280,17,305,236,0,236,541
11/09/2012,DWH,TX,ASW,CE,Towers with Radar,0,15,70,0,85,0,3,204,1,208,0,18,274,1,293,160,0,160,453
11/10/2012,DWH,TX,ASW,CE,Towers with Radar,0,13,60,0,73,0,1,257,2,260,0,14,317,2,333,304,0,304,637
11/11/2012,DWH,TX,ASW,CE,Towers with Radar,0,17,42,0,59,0,8,137,0,145,0,25,179,0,204,120,0,120,324
11/12/2012,DWH,TX,ASW,CE,Towers with Radar,0,4,37,6,47,0,8,128,0,136,0,12,165,6,183,202,0,202,385
11/13/2012,DWH,TX,ASW,CE,Towers with Radar,0,8,60,4,72,0,4,185,4,193,0,12,245,8,265,314,0,314,579
11/14/2012,DWH,TX,ASW,CE,Towers with Radar,0,9,49,0,58,0,8,220,0,228,0,17,269,0,286,342,0,342,628
11/15/2012,DWH,TX,ASW,CE,Towers with Radar,0,8,69,11,88,0,4,208,2,214,0,12,277,13,302,376,0,376,678
11/16/2012,DWH,TX,ASW,CE,Towers with Radar,0,6,58,2,66,0,10,244,4,258,0,16,302,6,324,442,0,442,766
11/17/2012,DWH,TX,ASW,CE,Towers with Radar,0,7,41,1,49,0,1,285,9,295,0,8,326,10,344,294,0,294,638
11/18/2012,DWH,TX,ASW,CE,Towers with Radar,0,6,55,4,65,0,5,277,0,282,0,11,332,4,347,490,0,490,837
11/19/2012,DWH,TX,ASW,CE,Towers with Radar,0,6,61,13,80,0,5,211,4,220,0,11,272,17,300,322,0,322,622
11/20/2012,DWH,TX,ASW,CE,Towers with Radar,0,7,73,15,95,0,8,186,5,199,0,15,259,20,294,308,2,310,604
11/21/2012,DWH,TX,ASW,CE,Towers with Radar,0,11,53,3,67,0,10,299,0,309,0,21,352,3,376,284,0,284,660
11/22/2012,DWH,TX,ASW,CE,Towers with Radar,0,1,25,0,26,0,3,65,0,68,0,4,90,0,94,60,0,60,154
11/23/2012,DWH,TX,ASW,CE,Towers with Radar,0,3,49,0,52,0,4,136,0,140,0,7,185,0,192,140,0,140,332
11/24/2012,DWH,TX,ASW,CE,Towers with Radar,0,13,34,0,47,0,3,236,0,239,0,16,270,0,286,216,0,216,502
11/25/2012,DWH,TX,ASW,CE,Towers with Radar,0,12,48,0,60,0,2,246,0,248,0,14,294,0,308,346,0,346,654
11/26/2012,DWH,TX,ASW,CE,Towers with Radar,0,20,47,15,82,0,2,82,4,88,0,22,129,19,170,144,0,144,314
11/27/2012,DWH,TX,ASW,CE,Towers with Radar,0,4,57,3,64,0,4,91,3,98,0,8,148,6,162,216,0,216,378
11/28/2012,DWH,TX,ASW,CE,Towers with Radar,0,4,48,9,61,0,4,232,3,239,0,8,280,12,300,248,0,248,548
11/29/2012,DWH,TX,ASW,CE,Towers with Radar,0,9,47,8,64,0,9,246,5,260,0,18,293,13,324,268,0,268,592
11/30/2012,DWH,TX,ASW,CE,Towers with Radar,0,18,70,7,95,0,6,151,6,163,0,24,221,13,258,290,4,294,552
12/01/2012,DWH,TX,ASW,CE,Towers with Radar,0,1,37,8,46,0,6,231,0,237,0,7,268,8,283,294,8,302,585
12/02/2012,DWH,TX,ASW,CE,Towers with Radar,0,9,55,0,64,0,5,189,0,194,0,14,244,0,258,258,0,258,516
12/03/2012,DWH,TX,ASW,CE,Towers with Radar,0,6,40,6,52,0,4,108,5,117,0,10,148,11,169,246,0,246,415
12/04/2012,DWH,TX,ASW,CE,Towers with Radar,0,5,41,4,50,0,2,36,1,39,0,7,77,5,89,80,0,80,169
12/05/2012,DWH,TX,ASW,CE,Towers with Radar,0,9,91,7,107,0,3,78,4,85,0,12,169,11,192,156,0,156,348
12/06/2012,DWH,TX,ASW,CE,Towers with Radar,0,6,80,8,94,0,6,176,0,182,0,12,256,8,276,280,0,280,556
12/07/2012,DWH,TX,ASW,CE,Towers with Radar,0,9,63,10,82,0,6,198,6,210,0,15,261,16,292,314,0,314,606
12/08/2012,DWH,TX,ASW,CE,Towers with Radar,0,0,48,0,48,0,7,196,8,211,0,7,244,8,259,356,0,356,615
12/09/2012,DWH,TX,ASW,CE,Towers with Radar,0,4,55,3,62,0,5,100,0,105,0,9,155,3,167,230,0,230,397
12/10/2012,DWH,TX,ASW,CE,Towers with Radar,0,5,42,4,51,0,3,129,1,133,0,8,171,5,184,94,0,94,278
12/11/2012,DWH,TX,ASW,CE,Towers with Radar,0,5,58,4,67,0,7,204,0,211,0,12,262,4,278,354,0,354,632
12/12/2012,DWH,TX,ASW,CE,Towers with Radar,0,6,74,9,89,0,11,279,4,294,0,17,353,13,383,302,10,312,695
12/13/2012,DWH,TX,ASW,CE,Towers with Radar,0,5,59,2,66,0,1,256,2,259,0,6,315,4,325,264,0,264,589
12/14/2012,DWH,TX,ASW,CE,Towers with Radar,0,5,50,19,74,0,4,116,2,122,0,9,166,21,196,264,0,264,460
12/15/2012,DWH,TX,ASW,CE,Towers with Radar,0,4,42,2,48,0,3,101,6,110,0,7,143,8,158,270,8,278,436
12/16/2012,DWH,TX,ASW,CE,Towers with Radar,0,5,49,1,55,0,3,27,0,30,0,8,76,1,85,2,0,2,87
12/17/2012,DWH,TX,ASW,CE,Towers with Radar,0,6,59,3,68,0,10,197,1,208,0,16,256,4,276,236,0,236,512
12/18/2012,DWH,TX,ASW,CE,Towers with Radar,0,5,45,0,50,0,6,255,0,261,0,11,300,0,311,306,0,306,617
12/19/2012,DWH,TX,ASW,CE,Towers with Radar,0,12,73,11,96,0,13,106,2,121,0,25,179,13,217,160,0,160,377
12/20/2012,DWH,TX,ASW,CE,Towers with Radar,0,8,33,5,46,0,4,112,2,118,0,12,145,7,164,30,0,30,194
12/21/2012,DWH,TX,ASW,CE,Towers with Radar,0,10,50,0,60,0,2,339,1,342,0,12,389,1,402,437,0,437,839
12/22/2012,DWH,TX,ASW,CE,Towers with Radar,0,4,38,0,42,0,4,304,1,309,0,8,342,1,351,220,0,220,571
12/23/2012,DWH,TX,ASW,CE,Towers with Radar,0,7,40,0,47,0,2,102,0,104,0,9,142,0,151,68,0,68,219
12/24/2012,DWH,TX,ASW,CE,Towers with Radar,0,6,23,0,29,0,6,85,0,91,0,12,108,0,120,114,0,114,234
12/25/2012,DWH,TX,ASW,CE,Towers with Radar,0,2,6,0,8,0,4,1,0,5,0,6,7,0,13,0,0,0,13
12/26/2012,DWH,TX,ASW,CE,Towers with Radar,0,7,26,2,35,0,1,101,1,103,0,8,127,3,138,58,0,58,196
12/27/2012,DWH,TX,ASW,CE,Towers with Radar,0,9,63,3,75,0,1,101,0,102,0,10,164,3,177,240,0,240,417
12/28/2012,DWH,TX,ASW,CE,Towers with Radar,0,14,30,5,49,0,1,48,3,52,0,15,78,8,101,48,20,68,169
12/29/2012,DWH,TX,ASW,CE,Towers with Radar,0,4,36,0,40,0,2,182,0,184,0,6,218,0,224,216,0,216,440
12/30/2012,DWH,TX,ASW,CE,Towers with Radar,0,7,30,0,37,0,3,191,0,194,0,10,221,0,231,172,0,172,403
12/31/2012,DWH,TX,ASW,CE,Towers with Radar,0,1,19,0,20,0,0,0,0,0,0,1,19,0,20,0,0,0,20
01/01/2013,DWH,TX,ASW,CE,Towers with Radar,0,0,15,0,15,0,3,4,0,7,0,3,19,0,22,0,0,0,22
01/02/2013,DWH,TX,ASW,CE,Towers with Radar,0,5,17,2,24,0,3,95,0,98,0,8,112,2,122,202,0,202,324
01/03/2013,DWH,TX,ASW,CE,Towers with Radar,0,8,51,3,62,0,6,186,1,193,0,14,237,4,255,200,0,200,455
01/04/2013,DWH,TX,ASW,CE,Towers with Radar,0,7,25,0,32,0,6,96,1,103,0,13,121,1,135,212,2,214,349
01/05/2013,DWH,TX,ASW,CE,Towers with Radar,0,9,56,2,67,0,0,1,0,1,0,9,57,2,68,0,0,0,68
01/06/2013,DWH,TX,ASW,CE,Towers with Radar,0,11,50,0,61,0,1,278,2,281,0,12,328,2,342,306,0,306,648
01/07/2013,DWH,TX,ASW,CE,Towers with Radar,0,3,58,4,65,0,3,232,3,238,0,6,290,7,303,302,0,302,605
01/08/2013,DWH,TX,ASW,CE,Towers with Radar,0,6,29,0,35,0,0,0,0,0,0,6,29,0,35,0,0,0,35
01/09/2013,DWH,TX,ASW,CE,Towers with Radar,0,6,26,0,32,0,0,3,0,3,0,6,29,0,35,0,0,0,35
01/10/2013,DWH,TX,ASW,CE,Towers with Radar,0,13,58,5,76,0,6,210,6,222,0,19,268,11,298,220,0,220,518
01/11/2013,DWH,TX,ASW,CE,Towers with Radar,0,17,63,10,90,0,2,243,0,245,0,19,306,10,335,314,0,314,649
01/12/2013,DWH,TX,ASW,CE,Towers with Radar,0,1,35,0,36,0,4,12,0,16,0,5,47,0,52,68,0,68,120
01/13/2013,DWH,TX,ASW,CE,Towers with Radar,0,15,38,0,53,0,5,77,0,82,0,20,115,0,135,106,0,106,241
01/14/2013,DWH,TX,ASW,CE,Towers with Radar,0,13,45,5,63,0,2,42,0,44,0,15,87,5,107,2,0,2,109
01/15/2013,DWH,TX,ASW,CE,Towers with Radar,0,10,50,0,60,0,1,0,0,1,0,11,50,0,61,0,0,0,61
01/16/2013,DWH,TX,ASW,CE,Towers with Radar,0,8,59,0,67,0,3,193,0,196,0,11,252,0,263,260,0,260,523
01/17/2013,DWH,TX,ASW,CE,Towers with Radar,0,14,45,2,61,0,10,260,2,272,0,24,305,4,333,368,0,368,701
01/18/2013,DWH,TX,ASW,CE,Towers with Radar,0,6,63,6,75,0,2,283,3,288,0,8,346,9,363,412,16,428,791
01/19/2013,DWH,TX,ASW,CE,Towers with Radar,0,4,36,0,40,0,7,320,0,327,0,11,356,0,367,272,0,272,639
01/20/2013,DWH,TX,ASW,CE,Towers with Radar,0,2,50,0,52,0,2,247,0,249,0,4,297,0,301,258,0,258,559
01/21/2013,DWH,TX,ASW,CE,Towers with Radar,0,3,56,3,62,0,7,202,2,211,0,10,258,5,273,248,0,248,521
01/22/2013,DWH,TX,ASW,CE,Towers with Radar,0,9,52,1,62,0,11,203,5,219,0,20,255,6,281,280,0,280,561
01/23/2013,DWH,TX,ASW,CE,Towers with Radar,0,10,71,0,81,0,11,131,5,147,0,21,202,5,228,130,0,130,358
01/24/2013,DWH,TX,ASW,CE,Towers with Radar,0,10,78,6,94,0,1,171,1,173,0,11,249,7,267,58,2,60,327
01/25/2013,DWH,TX,ASW,CE,Towers with Radar,0,17,42,3,62,0,7,144,2,153,0,24,186,5,215,190,0,190,405
01/26/2013,DWH,TX,ASW,CE,Towers with Radar,0,8,49,0,57,0,6,218,1,225,0,14,267,1,282,444,0,444,726
01/27/2013,DWH,TX,ASW,CE,Towers with Radar,0,7,52,0,59,0,5,131,3,139,0,12,183,3,198,218,0,218,416
01/28/2013,DWH,TX,ASW,CE,Towers with Radar,0,3,57,5,65,0,7,134,3,144,0,10,191,8,209,170,0,170,379
01/29/2013,DWH,TX,ASW,CE,Towers with Radar,0,14,60,7,81,0,3,59,0,62,0,17,119,7,143,64,0,64,207
01/30/2013,DWH,TX,ASW,CE,Towers with Radar,0,6,44,3,53,0,1,99,3,103,0,7,143,6,156,2,8,10,166
01/31/2013,DWH,TX,ASW,CE,Towers with Radar,0,7,71,6,84,0,7,246,11,264,0,14,317,17,348,260,6,266,614
02/01/2013,DWH,TX,ASW,CE,Towers with Radar,0,8,42,5,55,0,6,279,1,286,0,14,321,6,341,446,0,446,787
02/02/2013,DWH,TX,ASW,CE,Towers with Radar,0,3,29,4,36,0,4,297,2,303,0,7,326,6,339,258,0,258,597
02/03/2013,DWH,TX,ASW,CE,Towers with Radar,0,5,43,0,48,0,4,270,0,274,0,9,313,0,322,160,0,160,482
02/04/2013,DWH,TX,ASW,CE,Towers with Radar,0,12,61,0,73,0,1,121,0,122,0,13,182,0,195,152,0,152,347
02/05/2013,DWH,TX,ASW,CE,Towers with Radar,0,24,63,4,91,0,9,110,5,124,0,33,173,9,215,192,0,192,407
02/06/2013,DWH,TX,ASW,CE,Towers with Radar,0,17,73,1,91,0,0,2,0,2,0,17,75,1,93,0,0,0,93
02/07/2013,DWH,TX,ASW,CE,Towers with Radar,0,8,59,0,67,0,3,156,1,160,0,11,215,1,227,206,0,206,433
02/08/2013,DWH,TX,ASW,CE,Towers with Radar,0,13,43,12,68,0,3,255,0,258,0,16,298,12,326,172,2,174,500
02/09/2013,DWH,TX,ASW,CE,Towers with Radar,0,1,54,3,58,0,3,100,0,103,0,4,154,3,161,194,0,194,355
02/10/2013,DWH,TX,ASW,CE,Towers with Radar,0,5,25,0,30,0,10,78,0,88,0,15,103,0,118,108,0,108,226
02/11/2013,DWH,TX,ASW,CE,Towers with Radar,0,11,70,0,81,0,4,24,0,28,0,15,94,0,109,26,0,26,135
02/12/2013,DWH,TX,ASW,CE,Towers with Radar,0,0,38,0,38,0,2,19,0,21,0,2,57,0,59,18,0,18,77
02/13/2013,DWH,TX,ASW,CE,Towers with Radar,0,8,55,2,65,0,4,301,3,308,0,12,356,5,373,264,0,264,637
02/14/2013,DWH,TX,ASW,CE,Towers with Radar,0,5,58,3,66,0,9,272,4,285,0,14,330,7,351,430,0,430,781
02/15/2013,DWH,TX,ASW,CE,Towers with Radar,0,7,46,0,53,0,6,255,1,262,0,13,301,1,315,408,0,408,723
02/16/2013,DWH,TX,ASW,CE,Towers with Radar,0,1,22,0,23,0,4,370,0,374,0,5,392,0,397,394,0,394,791
02/17/2013,DWH,TX,ASW,CE,Towers with Radar,0,12,31,0,43,0,3,288,0,291,0,15,319,0,334,300,0,300,634
02/18/2013,DWH,TX,ASW,CE,Towers with Radar,0,8,44,0,52,0,11,52,0,63,0,19,96,0,115,62,0,62,177
02/19/2013,DWH,TX,ASW,CE,Towers with Radar,0,16,85,3,104,0,6,252,1,259,0,22,337,4,363,344,0,344,707
02/20/2013,DWH,TX,ASW,CE,Towers with Radar,0,11,58,1,70,0,0,77,0,77,0,11,135,1,147,50,0,50,197
02/21/2013,DWH,TX,ASW,CE,Towers with Radar,0,5,47,6,58,0,2,72,0,74,0,7,119,6,132,138,0,138,270
02/22/2013,DWH,TX,ASW,CE,Towers with Radar,0,8,65,4,77,0,5,274,8,287,0,13,339,12,364,254,0,254,618
02/23/2013,DWH,TX,ASW,CE,Towers with Radar,0,4,37,0,41,0,16,252,0,268,0,20,289,0,309,334,0,334,643
02/24/2013,DWH,TX,ASW,CE,Towers with Radar,0,6,50,1,57,0,4,278,0,282,0,10,328,1,339,262,0,262,601
02/25/2013,DWH,TX,ASW,CE,Towers with Radar,0,6,27,0,33,0,2,35,0,37,0,8,62,0,70,16,0,16,86
02/26/2013,DWH,TX,ASW,CE,Towers with Radar,0,8,52,1,61,0,13,215,2,230,0,21,267,3,291,154,0,154,445
02/27/2013,DWH,TX,ASW,CE,Towers with Radar,0,9,57,4,70,0,8,157,3,168,0,17,214,7,238,108,0,108,346
02/28/2013,DWH,TX,ASW,CE,Towers with Radar,0,12,63,2,77,0,7,258,2,267,0,19,321,4,344,256,0,256,600
03/01/2013,DWH,TX,ASW,CE,Towers with Radar,0,12,57,2,71,0,5,260,5,270,0,17,317,7,341,382,0,382,723
03/02/2013,DWH,TX,ASW,CE,Towers with Radar,0,0,54,0,54,0,3,210,0,213,0,3,264,0,267,186,0,186,453
03/03/2013,DWH,TX,ASW,CE,Towers with Radar,0,6,57,0,63,0,2,265,1,268,0,8,322,1,331,252,0,252,583
03/04/2013,DWH,TX,ASW,CE,Towers with Radar,0,5,35,2,42,0,7,110,0,117,0,12,145,2,159,80,0,80,239
03/05/2013,DWH,TX,ASW,CE,Towers with Radar,0,6,67,14,87,0,10,159,0,169,0,16,226,14,256,60,0,60,316
03/06/2013,DWH,TX,ASW,CE,Towers with Radar,0,4,58,9,71,0,4,268,2,274,0,8,326,11,345,386,2,388,733
03/07/2013,DWH,TX,ASW,CE,Towers with Radar,0,10,58,4,72,0,10,314,9,333,0,20,372,13,405,462,0,462,867
03/08/2013,DWH,TX,ASW,CE,Towers with Radar,0,17,87,6,110,0,11,205,3,219,0,28,292,9,329,288,0,288,617
03/09/2013,DWH,TX,ASW,CE,Towers with Radar,0,13,49,0,62,0,0,97,0,97,0,13,146,0,159,150,0,150,309
03/10/2013,DWH,TX,ASW,CE,Towers with Radar,0,15,36,2,53,0,1,91,0,92,0,16,127,2,145,72,0,72,217
03/11/2013,DWH,TX,ASW,CE,Towers with Radar,0,9,60,7,76,0,9,215,3,227,0,18,275,10,303,244,0,244,547
03/12/2013,DWH,TX,ASW,CE,Towers with Radar,0,12,48,0,60,0,9,312,1,322,0,21,360,1,382,488,0,488,870
03/13/2013,DWH,TX,ASW,CE,Towers with Radar,0,3,67,3,73,0,11,286,2,299,0,14,353,5,372,240,0,240,612
03/14/2013,DWH,TX,ASW,CE,Towers with Radar,0,18,63,10,91,0,7,283,0,290,0,25,346,10,381,414,0,414,795
03/15/2013,DWH,TX,ASW,CE,Towers with Radar,0,8,51,1,60,0,8,273,12,293,0,16,324,13,353,430,0,430,783
03/16/2013,DWH,TX,ASW,CE,Towers with Radar,0,9,39,2,50,0,3,203,4,210,0,12,242,6,260,232,0,232,492
03/17/2013,DWH,TX,ASW,CE,Towers with Radar,0,8,76,0,84,0,9,164,0,173,0,17,240,0,257,148,0,148,405
03/18/2013,DWH,TX,ASW,CE,Towers with Radar,0,5,47,1,53,0,10,209,7,226,0,15,256,8,279,300,0,300,579
03/19/2013,DWH,TX,ASW,CE,Towers with Radar,0,13,57,13,83,0,1,264,2,267,0,14,321,15,350,478,0,478,828
03/20/2013,DWH,TX,ASW,CE,Towers with Radar,0,10,42,0,52,0,11,166,7,184,0,21,208,7,236,147,0,147,383
03/21/2013,DWH,TX,ASW,CE,Towers with Radar,0,6,63,2,71,0,3,199,4,206,0,9,262,6,277,238,0,238,515
03/22/2013,DWH,TX,ASW,CE,Towers with Radar,0,0,56,0,56,0,2,119,2,123,0,2,175,2,179,346,0,346,525
03/23/2013,DWH,TX,ASW,CE,Towers with Radar,0,2,94,5,101,0,1,36,1,38,0,3,130,6,139,126,0,126,265
03/24/2013,DWH,TX,ASW,CE,Towers with Radar,0,11,43,0,54,0,2,89,0,91,0,13,132,0,145,34,0,34,179
03/25/2013,DWH,TX,ASW,CE,Towers with Radar,0,14,36,3,53,0,5,232,2,239,0,19,268,5,292,332,0,332,624
03/26/2013,DWH,TX,ASW,CE,Towers with Radar,0,10,42,1,53,0,2,280,3,285,0,12,322,4,338,534,0,534,872
03/27/2013,DWH,TX,ASW,CE,Towers with Radar,0,13,61,0,74,0,1,273,1,275,0,14,334,1,349,266,0,266,615
03/28/2013,DWH,TX,ASW,CE,Towers with Radar,0,7,69,5,81,0,8,221,9,238,0,15,290,14,319,342,0,342,661
03/29/2013,DWH,TX,ASW,CE,Towers with Radar,0,3,53,0,56,0,10,217,1,228,0,13,270,1,284,334,0,334,618
03/30/2013,DWH,TX,ASW,CE,Towers with Radar,0,5,22,0,27,0,3,257,0,260,0,8,279,0,287,462,0,462,749
03/31/2013,DWH,TX,ASW,CE,Towers with Radar,0,9,52,0,61,0,0,121,0,121,0,9,173,0,182,88,0,88,270
04/01/2013,DWH,TX,ASW,CE,Towers with Radar,0,10,61,2,73,0,4,186,2,192,0,14,247,4,265,328,0,328,593
04/02/2013,DWH,TX,ASW,CE,Towers with Radar,0,9,57,2,68,0,13,54,2,69,0,22,111,4,137,54,0,54,191
04/03/2013,DWH,TX,ASW,CE,Towers with Radar,0,9,70,0,79,0,1,46,0,47,0,10,116,0,126,72,0,72,198
04/04/2013,DWH,TX,ASW,CE,Towers with Radar,0,13,77,5,95,0,9,113,1,123,0,22,190,6,218,190,0,190,408
04/05/2013,DWH,TX,ASW,CE,Towers with Radar,0,4,40,0,44,0,8,389,5,402,0,12,429,5,446,388,0,388,834
04/06/2013,DWH,TX,ASW,CE,Towers with Radar,0,13,26,4,43,0,2,242,0,244,0,15,268,4,287,266,0,266,553
04/07/2013,DWH,TX,ASW,CE,Towers with Radar,0,9,61,1,71,0,7,256,2,265,0,16,317,3,336,414,0,414,750
04/08/2013,DWH,TX,ASW,CE,Towers with Radar,0,9,56,12,77,0,3,174,0,177,0,12,230,12,254,164,0,164,418
04/09/2013,DWH,TX,ASW,CE,Towers with Radar,0,8,61,0,69,0,6,102,2,110,0,14,163,2,179,148,0,148,327
04/10/2013,DWH,TX,ASW,CE,Towers with Radar,0,15,56,0,71,0,6,65,0,71,0,21,121,0,142,46,0,46,188
04/11/2013,DWH,TX,ASW,CE,Towers with Radar,0,15,41,2,58,0,7,243,4,254,0,22,284,6,312,302,0,302,614
04/12/2013,DWH,TX,ASW,CE,Towers with Radar,0,10,39,7,56,0,4,285,2,291,0,14,324,9,347,374,4,378,725
04/13/2013,DWH,TX,ASW,CE,Towers with Radar,0,8,41,2,51,0,4,292,2,298,0,12,333,4,349,226,20,246,595
04/14/2013,DWH,TX,ASW,CE,Towers with Radar,0,11,53,0,64,0,7,180,0,187,0,18,233,0,251,374,0,374,625
04/15/2013,DWH,TX,ASW,CE,Towers with Radar,0,15,49,4,68,0,3,174,2,179,0,18,223,6,247,280,0,280,527
04/16/2013,DWH,TX,ASW,CE,Towers with Radar,0,1,57,8,66,0,3,107,0,110,0,4,164,8,176,90,0,90,266
04/17/2013,DWH,TX,ASW,CE,Towers with Radar,0,8,91,0,99,0,1,67,0,68,0,9,158,0,167,108,0,108,275
04/18/2013,DWH,TX,ASW,CE,Towers with Radar,0,16,46,0,62,0,3,26,4,33,0,19,72,4,95,8,0,8,103
04/19/2013,DWH,TX,ASW,CE,Towers with Radar,0,8,42,2,52,0,3,224,1,228,0,11,266,3,280,190,0,190,470
04/20/2013,DWH,TX,ASW,CE,Towers with Radar,0,8,35,0,43,0,10,358,0,368,0,18,393,0,411,450,0,450,861
04/21/2013,DWH,TX,ASW,CE,Towers with Radar,0,10,62,0,72,0,7,317,0,324,0,17,379,0,396,508,0,508,904
04/22/2013,DWH,TX,ASW,CE,Towers with Radar,0,4,54,11,69,0,2,240,3,245,0,6,294,14,314,416,0,416,730
04/23/2013,DWH,TX,ASW,CE,Towers with Radar,0,11,67,0,78,0,4,205,5,214,0,15,272,5,292,382,6,388,680
04/24/2013,DWH,TX,ASW,CE,Towers with Radar,0,14,45,3,62,0,2,214,5,221,0,16,259,8,283,294,0,294,577
04/25/2013,DWH,TX,ASW,CE,Towers with Radar,0,10,52,0,62,0,8,226,1,235,0,18,278,1,297,208,0,208,505
04/26/2013,DWH,TX,ASW,CE,Towers with Radar,0,9,78,10,97,0,8,166,2,176,0,17,244,12,273,220,0,220,493
04/27/2013,DWH,TX,ASW,CE,Towers with Radar,0,4,40,3,47,0,1,86,0,87,0,5,126,3,134,250,0,250,384
04/28/2013,DWH,TX,ASW,CE,Towers with Radar,0,9,46,2,57,0,5,235,0,240,0,14,281,2,297,286,0,286,583
04/29/2013,DWH,TX,ASW,CE,Towers with Radar,0,4,73,1,78,0,9,164,2,175,0,13,237,3,253,288,0,288,541
04/30/2013,DWH,TX,ASW,CE,Towers with Radar,0,11,46,5,62,0,15,225,2,242,0,26,271,7,304,272,0,272,576
05/01/2013,DWH,TX,ASW,CE,Towers with Radar,0,11,72,2,85,0,7,230,4,241,0,18,302,6,326,310,0,310,636
05/02/2013,DWH,TX,ASW,CE,Towers with Radar,0,13,55,0,68,0,3,76,6,85,0,16,131,6,153,110,0,110,263
05/03/2013,DWH,TX,ASW,CE,Towers with Radar,0,13,29,7,49,0,6,108,3,117,0,19,137,10,166,39,0,39,205
05/04/2013,DWH,TX,ASW,CE,Towers with Radar,0,1,33,1,35,0,5,231,1,237,0,6,264,2,272,96,2,98,370
05/05/2013,DWH,TX,ASW,CE,Towers with Radar,0,11,60,4,75,0,5,300,2,307,0,16,360,6,382,358,0,358,740
05/06/2013,DWH,TX,ASW,CE,Towers with Radar,0,5,57,4,66,0,5,264,1,270,0,10,321,5,336,408,0,408,744
05/07/2013,DWH,TX,ASW,CE,Towers with Radar,0,12,49,8,69,0,5,210,6,221,0,17,259,14,290,335,0,335,625
05/08/2013,DWH,TX,ASW,CE,Towers with Radar,0,7,65,1,73,0,3,222,3,228,0,10,287,4,301,302,10,312,613
05/09/2013,DWH,TX,ASW,CE,Towers with Radar,0,14,69,7,90,0,7,138,0,145,0,21,207,7,235,146,0,146,381
05/10/2013,DWH,TX,ASW,CE,Towers with Radar,0,4,42,0,46,0,8,56,0,64,0,12,98,0,110,174,0,174,284
05/11/2013,DWH,TX,ASW,CE,Towers with Radar,0,12,32,10,54,0,5,196,4,205,0,17,228,14,259,246,0,246,505
05/12/2013,DWH,TX,ASW,CE,Towers with Radar,0,5,37,0,42,0,6,220,0,226,0,11,257,0,268,326,0,326,594
05/13/2013,DWH,TX,ASW,CE,Towers with Radar,0,2,53,5,60,0,5,241,2,248,0,7,294,7,308,348,0,348,656
05/14/2013,DWH,TX,ASW,CE,Towers with Radar,0,5,63,10,78,0,6,194,7,207,0,11,257,17,285,292,34,326,611
05/15/2013,DWH,TX,ASW,CE,Towers with Radar,0,14,95,0,109,0,8,123,2,133,0,22,218,2,242,94,0,94,336
05/16/2013,DWH,TX,ASW,CE,Towers with Radar,0,16,89,5,110,0,4,191,0,195,0,20,280,5,305,348,0,348,653
05/17/2013,DWH,TX,ASW,CE,Towers with Radar,0,15,53,2,70,0,6,173,3,182,0,21,226,5,252,328,0,328,580
05/18/2013,DWH,TX,ASW,CE,Towers with Radar,0,12,42,4,58,0,6,219,0,225,0,18,261,4,283,290,0,290,573
05/19/2013,DWH,TX,ASW,CE,Towers with Radar,0,14,55,0,69,0,5,191,0,196,0,19,246,0,265,246,0,246,511
05/20/2013,DWH,TX,ASW,CE,Towers with Radar,0,6,40,0,46,0,11,125,2,138,0,17,165,2,184,134,0,134,318
05/21/2013,DWH,TX,ASW,CE,Towers with Radar,0,7,65,2,74,0,5,173,3,181,0,12,238,5,255,230,0,230,485
05/22/2013,DWH,TX,ASW,CE,Towers with Radar,0,7,63,5,75,0,8,92,0,100,0,15,155,5,175,282,0,282,457
05/23/2013,DWH,TX,ASW,CE,Towers with Radar,0,14,68,4,86,0,3,163,2,168,0,17,231,6,254,228,2,230,484
05/24/2013,DWH,TX,ASW,CE,Towers with Radar,0,16,69,5,90,0,3,158,2,163,0,19,227,7,253,382,0,382,635
05/25/2013,DWH,TX,ASW,CE,Towers with Radar,0,8,49,1,58,0,11,197,2,210,0,19,246,3,268,390,0,390,658
05/26/2013,DWH,TX,ASW,CE,Towers with Radar,0,3,56,0,59,0,3,171,0,174,0,6,227,0,233,294,0,294,527
05/27/2013,DWH,TX,ASW,CE,Towers with Radar,0,6,71,7,84,0,2,249,4,255,0,8,320,11,339,364,0,364,703
05/28/2013,DWH,TX,ASW,CE,Towers with Radar,0,7,47,5,59,0,3,152,0,155,0,10,199,5,214,310,0,310,524
05/29/2013,DWH,TX,ASW,CE,Towers with Radar,0,17,51,3,71,0,9,113,5,127,0,26,164,8,198,146,0,146,344
05/30/2013,DWH,TX,ASW,CE,Towers with Radar,0,10,62,1,73,0,5,175,2,182,0,15,237,3,255,342,6,348,603
05/31/2013,DWH,TX,ASW,CE,Towers with Radar,1,14,65,2,82,0,3,169,3,175,1,17,234,5,257,168,0,168,425
06/01/2013,DWH,TX,ASW,CE,Towers with Radar,0,8,45,0,53,0,1,209,0,210,0,9,254,0,263,250,0,250,513
06/02/2013,DWH,TX,ASW,CE,Towers with Radar,0,9,49,0,58,0,0,201,0,201,0,9,250,0,259,402,0,402,661
06/03/2013,DWH,TX,ASW,CE,Towers with Radar,0,4,35,2,41,0,2,253,0,255,0,6,288,2,296,352,0,352,648
06/04/2013,DWH,TX,ASW,CE,Towers with Radar,0,7,55,0,62,0,6,257,2,265,0,13,312,2,327,372,0,372,699
06/05/2013,DWH,TX,ASW,CE,Towers with Radar,0,10,65,6,81,0,10,227,3,240,0,20,292,9,321,386,0,386,707
06/06/2013,DWH,TX,ASW,CE,Towers with Radar,0,12,47,3,62,0,4,168,1,173,0,16,215,4,235,302,0,302,537
06/07/2013,DWH,TX,ASW,CE,Towers with Radar,0,9,71,20,100,0,6,212,10,228,0,15,283,30,328,324,2,326,654
06/08/2013,DWH,TX,ASW,CE,Towers with Radar,0,9,26,0,35,0,2,317,0,319,0,11,343,0,354,522,0,522,876
06/09/2013,DWH,TX,ASW,CE,Towers with Radar,0,16,46,0,62,0,1,110,0,111,0,17,156,0,173,304,0,304,477
06/10/2013,DWH,TX,ASW,CE,Towers with Radar,0,9,37,4,50,0,3,164,1,168,0,12,201,5,218,230,2,232,450
06/11/2013,DWH,TX,ASW,CE,Towers with Radar,0,3,72,4,79,0,10,211,0,221,0,13,283,4,300,430,0,430,730
06/12/2013,DWH,TX,ASW,CE,Towers with Radar,0,12,70,3,85,0,7,205,0,212,0,19,275,3,297,288,0,288,585
06/13/2013,DWH,TX,ASW,CE,Towers with Radar,0,9,58,0,67,0,3,187,2,192,0,12,245,2,259,408,0,408,667
06/14/2013,DWH,TX,ASW,CE,Towers with Radar,0,3,38,0,41,0,4,193,1,198,0,7,231,1,239,270,0,270,509
06/15/2013,DWH,TX,ASW,CE,Towers with Radar,0,6,48,0,54,0,1,262,0,263,0,7,310,0,317,432,0,432,749
06/16/2013,DWH,TX,ASW,CE,Towers with Radar,0,8,34,0,42,0,0,198,0,198,0,8,232,0,240,364,0,364,604
06/17/2013,DWH,TX,ASW,CE,Towers with Radar,0,3,41,3,47,0,6,183,5,194,0,9,224,8,241,332,2,334,575
06/18/2013,DWH,TX,ASW,CE,Towers with Radar,0,3,47,2,52,0,2,161,0,163,0,5,208,2,215,286,0,286,501
06/19/2013,DWH,TX,ASW,CE,Towers with Radar,0,8,78,2,88,0,5,232,3,240,0,13,310,5,328,332,0,332,660
06/20/2013,DWH,TX,ASW,CE,Towers with Radar,0,13,54,0,67,0,8,194,3,205,0,21,248,3,272,290,0,290,562
06/21/2013,DWH,TX,ASW,CE,Towers with Radar,0,7,28,1,36,0,5,217,3,225,0,12,245,4,261,440,0,440,701
06/22/2013,DWH,TX,ASW,CE,Towers with Radar,0,3,29,0,32,0,4,272,2,278,0,7,301,2,310,482,0,482,792
06/23/2013,DWH,TX,ASW,CE,Towers with Radar,0,6,43,0,49,0,0,177,0,177,0,6,220,0,226,246,0,246,472
06/24/2013,DWH,TX,ASW,CE,Towers with Radar,0,4,39,4,47,0,0,154,2,156,0,4,193,6,203,148,0,148,351
06/25/2013,DWH,TX,ASW,CE,Towers with Radar,0,7,66,3,76,0,8,229,6,243,0,15,295,9,319,276,0,276,595
06/26/2013,DWH,TX,ASW,CE,Towers with Radar,0,6,41,6,53,0,2,161,14,177,0,8,202,20,230,290,8,298,528
06/27/2013,DWH,TX,ASW,CE,Towers with Radar,0,4,54,6,64,0,2,200,3,205,0,6,254,9,269,358,0,358,627
06/28/2013,DWH,TX,ASW,CE,Towers with Radar,0,11,47,8,66,0,5,233,4,242,0,16,280,12,308,256,2,258,566
06/29/2013,DWH,TX,ASW,CE,Towers with Radar,0,7,37,2,46,0,4,261,0,265,0,11,298,2,311,328,0,328,639
06/30/2013,DWH,TX,ASW,CE,Towers with Radar,0,20,38,0,58,0,1,235,0,236,0,21,273,0,294,334,0,334,628
07/01/2013,DWH,TX,ASW,CE,Towers with Radar,0,9,34,0,43,0,4,174,6,184,0,13,208,6,227,244,2,246,473
07/02/2013,DWH,TX,ASW,CE,Towers with Radar,0,11,43,3,57,0,4,177,3,184,0,15,220,6,241,302,0,302,543
07/03/2013,DWH,TX,ASW,CE,Towers with Radar,0,13,55,1,69,0,2,219,5,226,0,15,274,6,295,363,2,365,660
07/04/2013,DWH,TX,ASW,CE,Towers with Radar,0,6,23,0,29,0,7,179,0,186,0,13,202,0,215,258,0,258,473
07/05/2013,DWH,TX,ASW,CE,Towers with Radar,0,6,18,0,24,0,2,156,0,158,0,8,174,0,182,218,0,218,400
07/06/2013,DWH,TX,ASW,CE,Towers with Radar,0,2,24,0,26,0,1,222,0,223,0,3,246,0,249,362,0,362,611
07/07/2013,DWH,TX,ASW,CE,Towers with Radar,0,13,34,0,47,0,2,116,0,118,0,15,150,0,165,136,0,136,301
07/08/2013,DWH,TX,ASW,CE,Towers with Radar,0,7,47,3,57,0,1,112,1,114,0,8,159,4,171,154,0,154,325
07/09/2013,DWH,TX,ASW,CE,Towers with Radar,0,8,52,6,66,0,5,199,1,205,0,13,251,7,271,368,0,368,639
07/10/2013,DWH,TX,ASW,CE,Towers with Radar,0,9,70,1,80,0,1,283,3,287,0,10,353,4,367,376,0,376,743
07/11/2013,DWH,TX,ASW,CE,Towers with Radar,0,9,47,8,64,0,1,238,7,246,0,10,285,15,310,288,88,376,686
07/12/2013,DWH,TX,ASW,CE,Towers with Radar,0,12,40,1,53,0,2,182,0,184,0,14,222,1,237,250,0,250,487
07/13/2013,DWH,TX,ASW,CE,Towers with Radar,0,8,34,3,45,0,2,256,0,258,0,10,290,3,303,330,0,330,633
07/14/2013,DWH,TX,ASW,CE,Towers with Radar,0,15,37,4,56,0,3,181,2,186,0,18,218,6,242,332,0,332,574
07/15/2013,DWH,TX,ASW,CE,Towers with Radar,0,10,46,6,62,0,3,82,0,85,0,13,128,6,147,194,0,194,341
07/16/2013,DWH,TX,ASW,CE,Towers with Radar,0,9,32,4,45,0,1,130,1,132,0,10,162,5,177,144,0,144,321
07/17/2013,DWH,TX,ASW,CE,Towers with Radar,0,17,46,2,65,0,5,85,1,91,0,22,131,3,156,56,0,56,212
07/18/2013,DWH,TX,ASW,CE,Towers with Radar,0,8,43,5,56,0,3,228,4,235,0,11,271,9,291,278,0,278,569
07/19/2013,DWH,TX,ASW,CE,Towers with Radar,0,10,51,3,64,0,7,178,3,188,0,17,229,6,252,262,0,262,514
07/20/2013,DWH,TX,ASW,CE,Towers with Radar,0,7,31,0,38,0,0,190,0,190,0,7,221,0,228,414,0,414,642
07/21/2013,DWH,TX,ASW,CE,Towers with Radar,0,14,52,1,67,0,10,160,1,171,0,24,212,2,238,278,0,278,516
07/22/2013,DWH,TX,ASW,CE,Towers with Radar,0,8,48,1,57,0,5,168,0,173,0,13,216,1,230,330,0,330,560
07/23/2013,DWH,TX,ASW,CE,Towers with Radar,0,6,69,2,77,0,2,231,6,239,0,8,300,8,316,298,0,298,614
07/24/2013,DWH,TX,ASW,CE,Towers with Radar,0,10,60,7,77,0,8,245,5,258,0,18,305,12,335,250,8,258,593
07/25/2013,DWH,TX,ASW,CE,Towers with Radar,0,12,72,0,84,0,5,280,5,290,0,17,352,5,374,304,0,304,678
07/26/2013,DWH,TX,ASW,CE,Towers with Radar,0,4,53,3,60,0,2,173,5,180,0,6,226,8,240,172,10,182,422
07/27/2013,DWH,TX,ASW,CE,Towers with Radar,0,2,30,0,32,0,2,154,0,156,0,4,184,0,188,224,0,224,412
07/28/2013,DWH,TX,ASW,CE,Towers with Radar,0,9,57,0,66,0,6,171,0,177,0,15,228,0,243,242,0,242,485
07/29/2013,DWH,TX,ASW,CE,Towers with Radar,0,9,50,7,66,0,9,234,1,244,0,18,284,8,310,366,0,366,676
07/30/2013,DWH,TX,ASW,CE,Towers with Radar,0,17,57,6,80,0,5,229,4,238,0,22,286,10,318,412,0,412,730
07/31/2013,DWH,TX,ASW,CE,Towers with Radar,0,5,65,5,75,0,6,240,7,253,0,11,305,12,328,280,0,280,608
08/01/2013,DWH,TX,ASW,CE,Towers with Radar,0,6,77,0,83,0,15,216,5,236,0,21,293,5,319,254,4,258,577
08/02/2013,DWH,TX,ASW,CE,Towers with Radar,0,10,68,6,84,0,5,272,7,284,0,15,340,13,368,246,0,246,614
08/03/2013,DWH,TX,ASW,CE,Towers with Radar,0,5,43,6,54,0,2,276,1,279,0,7,319,7,333,274,0,274,607
08/04/2013,DWH,TX,ASW,CE,Towers with Radar,0,10,62,1,73,0,4,181,0,185,0,14,243,1,258,274,0,274,532
08/05/2013,DWH,TX,ASW,CE,Towers with Radar,0,4,44,4,52,0,2,173,4,179,0,6,217,8,231,228,0,228,459
08/06/2013,DWH,TX,ASW,CE,Towers with Radar,0,4,43,2,49,0,7,195,1,203,0,11,238,3,252,298,0,298,550
08/07/2013,DWH,TX,ASW,CE,Towers with Radar,0,10,59,8,77,0,2,259,2,263,0,12,318,10,340,286,0,286,626
08/08/2013,DWH,TX,ASW,CE,Towers with Radar,0,6,61,17,84,0,5,202,8,215,0,11,263,25,299,268,0,268,567
08/09/2013,DWH,TX,ASW,CE,Towers with Radar,0,10,49,6,65,0,4,254,8,266,0,14,303,14,331,447,10,457,788
08/10/2013,DWH,TX,ASW,CE,Towers with Radar,0,6,43,0,49,0,1,144,0,145,0,7,187,0,194,302,0,302,496
08/11/2013,DWH,TX,ASW,CE,Towers with Radar,0,11,55,2,68,0,1,122,1,124,0,12,177,3,192,100,16,116,308
08/12/2013,DWH,TX,ASW,CE,Towers with Radar,0,7,59,10,76,0,4,203,0,207,0,11,262,10,283,338,0,338,621
08/13/2013,DWH,TX,ASW,CE,Towers with Radar,0,15,52,0,67,0,5,249,4,258,0,20,301,4,325,307,0,307,632
08/14/2013,DWH,TX,ASW,CE,Towers with Radar,0,7,98,2,107,0,4,134,1,139,0,11,232,3,246,192,0,192,438
08/15/2013,DWH,TX,ASW,CE,Towers with Radar,0,19,65,3,87,0,4,103,4,111,0,23,168,7,198,108,0,108,306
08/16/2013,DWH,TX,ASW,CE,Towers with Radar,0,12,42,4,58,0,6,200,2,208,0,18,242,6,266,316,4,320,586
08/17/2013,DWH,TX,ASW,CE,Towers with Radar,0,2,30,8,40,0,3,263,1,267,0,5,293,9,307,300,0,300,607
08/18/2013,DWH,TX,ASW,CE,Towers with Radar,0,10,56,1,67,0,1,212,0,213,0,11,268,1,280,278,0,278,558
08/19/2013,DWH,TX,ASW,CE,Towers with Radar,0,5,62,2,69,0,5,181,1,187,0,10,243,3,256,258,0,258,514
08/20/2013,DWH,TX,ASW,CE,Towers with Radar,0,6,57,4,67,0,6,166,2,174,0,12,223,6,241,206,0,206,447
08/21/2013,DWH,TX,ASW,CE,Towers with Radar,0,8,56,3,67,0,10,242,14,266,0,18,298,17,333,280,0,280,613
08/22/2013,DWH,TX,ASW,CE,Towers with Radar,0,4,62,4,70,0,9,200,4,213,0,13,262,8,283,292,0,292,575
08/23/2013,DWH,TX,ASW,CE,Towers with Radar,0,7,41,11,59,0,9,231,4,244,0,16,272,15,303,264,10,274,577
08/24/2013,DWH,TX,ASW,CE,Towers with Radar,0,6,28,0,34,0,10,304,1,315,0,16,332,1,349,270,0,270,619
08/25/2013,DWH,TX,ASW,CE,Towers with Radar,0,5,51,3,59,0,0,106,0,106,0,5,157,3,165,102,0,102,267
08/26/2013,DWH,TX,ASW,CE,Towers with Radar,0,7,50,10,67,0,0,19,3,22,0,7,69,13,89,16,0,16,105
08/27/2013,DWH,TX,ASW,CE,Towers with Radar,1,8,49,6,64,0,8,195,5,208,1,16,244,11,272,350,0,350,622
08/28/2013,DWH,TX,ASW,CE,Towers with Radar,0,16,54,1,71,0,4,215,3,222,0,20,269,4,293,288,0,288,581
08/29/2013,DWH,TX,ASW,CE,Towers with Radar,0,10,48,7,65,0,3,247,1,251,0,13,295,8,316,172,0,172,488
08/30/2013,DWH,TX,ASW,CE,Towers with Radar,0,10,51,3,64,0,8,244,2,254,0,18,295,5,318,300,0,300,618
08/31/2013,DWH,TX,ASW,CE,Towers with Radar,0,2,39,0,41,0,10,254,0,264,0,12,293,0,305,232,0,232,537
09/01/2013,DWH,TX,ASW,CE,Towers with Radar,0,2,12,0,14,0,3,158,0,161,0,5,170,0,175,204,0,204,379
09/02/2013,DWH,TX,ASW,CE,Towers with Radar,0,6,62,0,68,0,0,238,0,238,0,6,300,0,306,348,0,348,654
09/03/2013,DWH,TX,ASW,CE,Towers with Radar,0,13,44,0,57,0,3,185,10,198,0,16,229,10,255,166,2,168,423
09/04/2013,DWH,TX,ASW,CE,Towers with Radar,0,11,51,0,62,0,15,191,8,214,0,26,242,8,276,184,0,184,460
09/05/2013,DWH,TX,ASW,CE,Towers with Radar,0,7,62,7,76,0,2,218,7,227,0,9,280,14,303,178,0,178,481
09/06/2013,DWH,TX,ASW,CE,Towers with Radar,0,5,42,3,50,0,1,210,10,221,0,6,252,13,271,274,2,276,547
09/07/2013,DWH,TX,ASW,CE,Towers with Radar,0,2,19,0,21,0,4,217,4,225,0,6,236,4,246,220,0,220,466
09/08/2013,DWH,TX,ASW,CE,Towers with Radar,0,11,49,0,60,0,0,181,0,181,0,11,230,0,241,274,0,274,515
09/09/2013,DWH,TX,ASW,CE,Towers with Radar,0,15,49,8,72,0,10,214,7,231,0,25,263,15,303,252,0,252,555
09/10/2013,DWH,TX,ASW,CE,Towers with Radar,0,7,55,0,62,0,10,183,13,206,0,17,238,13,268,270,0,270,538
09/11/2013,DWH,TX,ASW,CE,Towers with Radar,0,12,55,4,71,0,14,199,11,224,0,26,254,15,295,240,12,252,547
09/12/2013,DWH,TX,ASW,CE,Towers with Radar,0,10,55,2,67,0,14,229,10,253,0,24,284,12,320,200,4,204,524
09/13/2013,DWH,TX,ASW,CE,Towers with Radar,0,9,58,22,89,0,9,258,13,280,0,18,316,35,369,428,6,434,803
09/14/2013,DWH,TX,ASW,CE,Towers with Radar,0,1,22,0,23,0,7,218,4,229,0,8,240,4,252,180,0,180,432
09/15/2013,DWH,TX,ASW,CE,Towers with Radar,0,1,32,0,33,0,6,162,2,170,0,7,194,2,203,152,0,152,355
09/16/2013,DWH,TX,ASW,CE,Towers with Radar,0,7,45,10,62,0,5,119,4,128,0,12,164,14,190,86,8,94,284
09/17/2013,DWH,TX,ASW,CE,Towers with Radar,0,7,43,2,52,0,7,216,3,226,0,14,259,5,278,186,0,186,464
09/18/2013,DWH,TX,ASW,CE,Towers with Radar,0,9,69,8,86,0,1,222,10,233,0,10,291,18,319,150,10,160,479
09/19/2013,DWH,TX,ASW,CE,Towers with Radar,0,11,68,11,90,0,8,148,5,161,0,19,216,16,251,143,16,159,410
09/20/2013,DWH,TX,ASW,CE,Towers with Radar,0,4,40,0,44,0,2,16,0,18,0,6,56,0,62,22,0,22,84
09/21/2013,DWH,TX,ASW,CE,Towers with Radar,0,1,32,0,33,0,3,52,2,57,0,4,84,2,90,40,0,40,130
09/22/2013,DWH,TX,ASW,CE,Towers with Radar,0,7,47,2,56,0,5,261,4,270,0,12,308,6,326,180,0,180,506
09/23/2013,DWH,TX,ASW,CE,Towers with Radar,0,5,56,2,63,0,8,198,3,209,0,13,254,5,272,140,0,140,412
09/24/2013,DWH,TX,ASW,CE,Towers with Radar,0,8,45,3,56,0,7,198,4,209,0,15,243,7,265,202,0,202,467
09/25/2013,DWH,TX,ASW,CE,Towers with Radar,0,7,54,4,65,0,0,229,4,233,0,7,283,8,298,233,0,233,531
09/26/2013,DWH,TX,ASW,CE,Towers with Radar,0,9,68,0,77,0,11,196,6,213,0,20,264,6,290,160,0,160,450
09/27/2013,DWH,TX,ASW,CE,Towers with Radar,0,6,56,5,67,0,6,179,11,196,0,12,235,16,263,176,8,184,447
09/28/2013,DWH,TX,ASW,CE,Towers with Radar,0,12,42,0,54,0,5,205,0,210,0,17,247,0,264,264,0,264,528
09/29/2013,DWH,TX,ASW,CE,Towers with Radar,0,1,29,2,32,0,4,64,0,68,0,5,93,2,100,90,0,90,190
09/30/2013,DWH,TX,ASW,CE,Towers with Radar,0,6,56,0,62,0,3,104,0,107,0,9,160,0,169,188,0,188,357
10/01/2013,DWH,TX,ASW,CE,Towers with Radar,0,9,52,1,62,0,5,205,5,215,0,14,257,6,277,176,0,176,453
10/02/2013,DWH,TX,ASW,CE,Towers with Radar,0,5,68,0,73,0,4,158,0,162,0,9,226,0,235,106,0,106,341
10/03/2013,DWH,TX,ASW,CE,Towers with Radar,0,6,74,0,80,0,3,241,0,244,0,9,315,0,324,296,0,296,620
10/04/2013,DWH,TX,ASW,CE,Towers with Radar,0,2,49,0,51,0,5,254,0,259,0,7,303,0,310,336,0,336,646
10/05/2013,DWH,TX,ASW,CE,Towers with Radar,0,2,32,0,34,0,5,139,0,144,0,7,171,0,178,204,0,204,382
10/06/2013,DWH,TX,ASW,CE,Towers with Radar,0,6,55,0,61,0,2,215,0,217,0,8,270,0,278,236,0,236,514
10/07/2013,DWH,TX,ASW,CE,Towers with Radar,0,5,45,8,58,0,16,249,3,268,0,21,294,11,326,238,8,246,572
10/08/2013,DWH,TX,ASW,CE,Towers with Radar,0,5,47,2,54,0,10,269,2,281,0,15,316,4,335,200,10,210,545
10/09/2013,DWH,TX,ASW,CE,Towers with Radar,0,9,55,4,68,0,15,263,10,288,0,24,318,14,356,254,18,272,628
10/10/2013,DWH,TX,ASW,CE,Towers with Radar,0,9,56,0,65,0,8,241,4,253,0,17,297,4,318,274,0,274,592
10/11/2013,DWH,TX,ASW,CE,Towers with Radar,0,9,46,1,56,0,14,193,6,213,0,23,239,7,269,244,0,244,513
10/12/2013,DWH,TX,ASW,CE,Towers with Radar,0,7,28,0,35,0,7,92,0,99,0,14,120,0,134,144,0,144,278
10/13/2013,DWH,TX,ASW,CE,Towers with Radar,0,6,57,0,63,0,0,20,0,20,0,6,77,0,83,18,0,18,101
10/14/2013,DWH,TX,ASW,CE,Towers with Radar,0,7,72,0,79,0,2,132,2,136,0,9,204,2,215,200,0,200,415
10/15/2013,DWH,TX,ASW,CE,Towers with Radar,0,3,66,0,69,0,8,194,4,206,0,11,260,4,275,202,0,202,477
10/16/2013,DWH,TX,ASW,CE,Towers with Radar,0,12,55,0,67,0,6,32,0,38,0,18,87,0,105,44,0,44,149
10/17/2013,DWH,TX,ASW,CE,Towers with Radar,0,8,70,2,80,0,6,229,3,238,0,14,299,5,318,188,0,188,506
10/18/2013,DWH,TX,ASW,CE,Towers with Radar,0,3,53,2,58,0,3,191,3,197,0,6,244,5,255,116,0,116,371
10/19/2013,DWH,TX,ASW,CE,Towers with Radar,0,8,39,0,47,0,6,224,0,230,0,14,263,0,277,206,0,206,483
10/20/2013,DWH,TX,ASW,CE,Towers with Radar,0,13,57,2,72,0,6,325,2,333,0,19,382,4,405,284,0,284,689
10/21/2013,DWH,TX,ASW,CE,Towers with Radar,0,7,49,2,58,0,3,234,0,237,0,10,283,2,295,262,0,262,557
10/22/2013,DWH,TX,ASW,CE,Towers with Radar,0,9,71,5,85,0,3,167,1,171,0,12,238,6,256,272,8,280,536
10/23/2013,DWH,TX,ASW,CE,Towers with Radar,0,9,41,2,52,0,4,281,0,285,0,13,322,2,337,336,0,336,673
10/24/2013,DWH,TX,ASW,CE,Towers with Radar,0,14,65,2,81,0,9,270,4,283,0,23,335,6,364,282,0,282,646
10/25/2013,DWH,TX,ASW,CE,Towers with Radar,0,8,49,2,59,0,3,265,3,271,0,11,314,5,330,166,4,170,500
10/26/2013,DWH,TX,ASW,CE,Towers with Radar,0,6,53,2,61,0,5,240,5,250,0,11,293,7,311,210,0,210,521
10/27/2013,DWH,TX,ASW,CE,Towers with Radar,0,9,40,4,53,0,3,76,0,79,0,12,116,4,132,52,0,52,184
10/28/2013,DWH,TX,ASW,CE,Towers with Radar,0,4,65,12,81,0,4,176,0,180,0,8,241,12,261,278,4,282,543
10/29/2013,DWH,TX,ASW,CE,Towers with Radar,0,10,57,12,79,0,3,193,6,202,0,13,250,18,281,276,0,276,557
10/30/2013,DWH,TX,ASW,CE,Towers with Radar,0,8,36,0,44,0,1,10,0,11,0,9,46,0,55,12,0,12,67
10/31/2013,DWH,TX,ASW,CE,Towers with Radar,0,10,31,0,41,0,3,50,3,56,0,13,81,3,97,46,0,46,143
11/01/2013,DWH,TX,ASW,CE,Towers with Radar,0,8,63,7,78,0,1,233,7,241,0,9,296,14,319,258,0,258,577
11/02/2013,DWH,TX,ASW,CE,Towers with Radar,0,8,29,2,39,0,2,231,0,233,0,10,260,2,272,136,0,136,408
11/03/2013,DWH,TX,ASW,CE,Towers with Radar,1,9,49,5,64,0,3,239,3,245,1,12,288,8,309,158,0,158,467
11/04/2013,DWH,TX,ASW,CE,Towers with Radar,0,13,54,2,69,0,5,85,0,90,0,18,139,2,159,68,0,68,227
11/05/2013,DWH,TX,ASW,CE,Towers with Radar,0,9,62,4,75,0,7,108,1,116,0,16,170,5,191,302,0,302,493
11/06/2013,DWH,TX,ASW,CE,Towers with Radar,0,14,38,6,58,0,3,59,4,66,0,17,97,10,124,106,0,106,230
11/07/2013,DWH,TX,ASW,CE,Towers with Radar,0,7,52,2,61,0,5,181,3,189,0,12,233,5,250,168,0,168,418
11/08/2013,DWH,TX,ASW,CE,Towers with Radar,0,8,49,1,58,0,7,281,3,291,0,15,330,4,349,288,0,288,637
11/09/2013,DWH,TX,ASW,CE,Towers with Radar,0,0,23,0,23,0,5,221,7,233,0,5,244,7,256,370,0,370,626
11/10/2013,DWH,TX,ASW,CE,Towers with Radar,0,0,18,0,18,0,2,190,2,194,0,2,208,2,212,128,0,128,340
11/11/2013,DWH,TX,ASW,CE,Towers with Radar,0,3,53,5,61,0,10,215,2,227,0,13,268,7,288,296,0,296,584
11/12/2013,DWH,TX,ASW,CE,Towers with Radar,0,6,41,3,50,0,11,108,6,125,0,17,149,9,175,136,0,136,311
11/13/2013,DWH,TX,ASW,CE,Towers with Radar,0,4,42,2,48,0,4,237,4,245,0,8,279,6,293,274,6,280,573
11/14/2013,DWH,TX,ASW,CE,Towers with Radar,0,10,61,11,82,0,3,246,7,256,0,13,307,18,338,324,10,334,672
11/15/2013,DWH,TX,ASW,CE,Towers with Radar,0,3,49,1,53,0,1,186,4,191,0,4,235,5,244,300,0,300,544
11/16/2013,DWH,TX,ASW,CE,Towers with Radar,0,2,68,0,70,0,0,75,2,77,0,2,143,2,147,54,0,54,201
11/17/2013,DWH,TX,ASW,CE,Towers with Radar,0,7,66,1,74,0,5,115,1,121,0,12,181,2,195,104,0,104,299
11/18/2013,DWH,TX,ASW,CE,Towers with Radar,0,7,46,4,57,0,5,142,0,147,0,12,188,4,204,152,0,152,356
11/19/2013,DWH,TX,ASW,CE,Towers with Radar,0,17,63,8,88,0,7,251,3,261,0,24,314,11,349,146,6,152,501
11/20/2013,DWH,TX,ASW,CE,Towers with Radar,0,2,57,8,67,0,3,161,2,166,0,5,218,10,233,144,4,148,381
11/21/2013,DWH,TX,ASW,CE,Towers with Radar,0,0,46,0,46,0,8,42,1,51,0,8,88,1,97,24,0,24,121
11/22/2013,DWH,TX,ASW,CE,Towers with Radar,0,9,41,0,50,0,0,2,0,2,0,9,43,0,52,0,0,0,52
11/23/2013,DWH,TX,ASW,CE,Towers with Radar,0,2,37,0,39,0,0,0,0,0,0,2,37,0,39,0,0,0,39
11/24/2013,DWH,TX,ASW,CE,Towers with Radar,0,9,36,0,45,0,5,87,2,94,0,14,123,2,139,176,0,176,315
11/25/2013,DWH,TX,ASW,CE,Towers with Radar,0,6,18,2,26,0,0,7,0,7,0,6,25,2,33,0,0,0,33
11/26/2013,DWH,TX,ASW,CE,Towers with Radar,0,13,31,0,44,0,4,13,1,18,0,17,44,1,62,4,0,4,66
11/27/2013,DWH,TX,ASW,CE,Towers with Radar,0,11,49,0,60,0,6,326,10,342,0,17,375,10,402,152,0,152,554
11/28/2013,DWH,TX,ASW,CE,Towers with Radar,0,5,8,0,13,0,1,66,0,67,0,6,74,0,80,0,0,0,80
11/29/2013,DWH,TX,ASW,CE,Towers with Radar,0,6,20,0,26,0,3,190,2,195,0,9,210,2,221,136,0,136,357
11/30/2013,DWH,TX,ASW,CE,Towers with Radar,0,10,33,0,43,0,4,179,0,183,0,14,212,0,226,116,0,116,342
12/01/2013,DWH,TX,ASW,CE,Towers with Radar,0,14,59,1,74,0,11,181,1,193,0,25,240,2,267,124,0,124,391
12/02/2013,DWH,TX,ASW,CE,Towers with Radar,0,4,46,7,57,0,5,152,7,164,0,9,198,14,221,174,0,174,395
12/03/2013,DWH,TX,ASW,CE,Towers with Radar,0,8,63,0,71,0,10,162,5,177,0,18,225,5,248,108,0,108,356
12/04/2013,DWH,TX,ASW,CE,Towers with Radar,0,9,57,0,66,0,11,159,2,172,0,20,216,2,238,234,0,234,472
12/05/2013,DWH,TX,ASW,CE,Towers with Radar,0,7,50,2,59,0,2,17,0,19,0,9,67,2,78,8,0,8,86
12/06/2013,DWH,TX,ASW,CE,Towers with Radar,0,7,26,6,39,0,2,9,1,12,0,9,35,7,51,2,0,2,53
12/07/2013,DWH,TX,ASW,CE,Towers with Radar,0,4,10,0,14,0,5,0,0,5,0,9,10,0,19,26,0,26,45
12/08/2013,DWH,TX,ASW,CE,Towers with Radar,0,11,41,9,61,0,0,16,0,16,0,11,57,9,77,16,0,16,93
12/09/2013,DWH,TX,ASW,CE,Towers with Radar,0,3,32,0,35,0,0,0,0,0,0,3,32,0,35,0,0,0,35
12/10/2013,DWH,TX,ASW,CE,Towers with Radar,0,6,72,4,82,0,8,255,5,268,0,14,327,9,350,206,0,206,556
12/11/2013,DWH,TX,ASW,CE,Towers with Radar,0,5,68,11,84,0,4,179,4,187,0,9,247,15,271,306,0,306,577
12/12/2013,DWH,TX,ASW,CE,Towers with Radar,0,5,57,3,65,0,6,201,7,214,0,11,258,10,279,332,0,332,611
12/13/2013,DWH,TX,ASW,CE,Towers with Radar,0,6,61,10,77,0,8,71,6,85,0,14,132,16,162,82,0,82,244
12/14/2013,DWH,TX,ASW,CE,Towers with Radar,0,7,48,3,58,0,2,65,1,68,0,9,113,4,126,110,0,110,236
12/15/2013,DWH,TX,ASW,CE,Towers with Radar,0,3,57,7,67,0,7,309,11,327,0,10,366,18,394,334,52,386,780
12/16/2013,DWH,TX,ASW,CE,Towers with Radar,0,8,62,2,72,0,8,212,5,225,0,16,274,7,297,304,0,304,601
12/17/2013,DWH,TX,ASW,CE,Towers with Radar,0,10,59,2,71,0,8,307,6,321,0,18,366,8,392,358,0,358,750
12/18/2013,DWH,TX,ASW,CE,Towers with Radar,0,11,61,8,80,0,2,324,5,331,0,13,385,13,411,470,0,470,881
12/19/2013,DWH,TX,ASW,CE,Towers with Radar,0,9,67,2,78,0,13,160,2,175,0,22,227,4,253,154,0,154,407
12/20/2013,DWH,TX,ASW,CE,Towers with Radar,0,13,67,5,85,0,8,68,7,83,0,21,135,12,168,76,4,80,248
12/21/2013,DWH,TX,ASW,CE,Towers with Radar,0,6,28,0,34,0,0,12,0,12,0,6,40,0,46,32,0,32,78
12/22/2013,DWH,TX,ASW,CE,Towers with Radar,0,10,53,0,63,0,1,177,0,178,0,11,230,0,241,266,0,266,507
12/23/2013,DWH,TX,ASW,CE,Towers with Radar,0,3,50,7,60,0,9,214,6,229,0,12,264,13,289,250,0,250,539
12/24/2013,DWH,TX,ASW,CE,Towers with Radar,0,0,36,0,36,0,2,164,0,166,0,2,200,0,202,196,0,196,398
12/25/2013,DWH,TX,ASW,CE,Towers with Radar,0,1,8,0,9,0,1,52,0,53,0,2,60,0,62,14,0,14,76
12/26/2013,DWH,TX,ASW,CE,Towers with Radar,0,9,42,0,51,0,3,170,0,173,0,12,212,0,224,152,0,152,376
12/27/2013,DWH,TX,ASW,CE,Towers with Radar,0,3,48,2,53,0,0,185,3,188,0,3,233,5,241,212,0,212,453
12/28/2013,DWH,TX,ASW,CE,Towers with Radar,0,0,51,2,53,0,2,208,3,213,0,2,259,5,266,320,0,320,586
12/29/2013,DWH,TX,ASW,CE,Towers with Radar,0,3,41,0,44,0,8,214,2,224,0,11,255,2,268,328,0,328,596
12/30/2013,DWH,TX,ASW,CE,Towers with Radar,0,6,44,0,50,0,2,134,0,136,0,8,178,0,186,186,0,186,372
12/31/2013,DWH,TX,ASW,CE,Towers with Radar,0,3,21,0,24,0,10,151,4,165,0,13,172,4,189,250,0,250,439
01/01/2014,DWH,TX,ASW,CE,Towers with Radar,0,9,35,0,44,0,1,44,0,45,0,10,79,0,89,39,0,39,128
01/02/2014,DWH,TX,ASW,CE,Towers with Radar,0,3,29,0,32,0,8,90,4,102,0,11,119,4,134,64,0,64,198
01/03/2014,DWH,TX,ASW,CE,Towers with Radar,0,9,33,0,42,0,12,241,1,254,0,21,274,1,296,240,0,240,536
01/04/2014,DWH,TX,ASW,CE,Towers with Radar,0,1,39,2,42,0,3,240,1,244,0,4,279,3,286,168,0,168,454
01/05/2014,DWH,TX,ASW,CE,Towers with Radar,0,8,38,2,48,0,3,59,0,62,0,11,97,2,110,48,0,48,158
01/06/2014,DWH,TX,ASW,CE,Towers with Radar,1,0,44,7,52,0,11,136,0,147,1,11,180,7,199,54,0,54,253
01/07/2014,DWH,TX,ASW,CE,Towers with Radar,0,3,58,0,61,0,11,177,4,192,0,14,235,4,253,130,0,130,383
01/08/2014,DWH,TX,ASW,CE,Towers with Radar,0,4,54,9,67,0,3,49,1,53,0,7,103,10,120,40,4,44,164
01/09/2014,DWH,TX,ASW,CE,Towers with Radar,0,7,32,2,41,0,3,7,0,10,0,10,39,2,51,0,0,0,51
01/10/2014,DWH,TX,ASW,CE,Towers with Radar,0,3,53,2,58,0,2,91,7,100,0,5,144,9,158,178,0,178,336
01/11/2014,DWH,TX,ASW,CE,Towers with Radar,0,6,18,1,25,0,4,333,1,338,0,10,351,2,363,330,0,330,693
01/12/2014,DWH,TX,ASW,CE,Towers with Radar,0,1,40,8,49,0,0,218,2,220,0,1,258,10,269,214,10,224,493
01/13/2014,DWH,TX,ASW,CE,Towers with Radar,0,5,46,7,58,0,0,153,7,160,0,5,199,14,218,96,0,96,314
01/14/2014,DWH,TX,ASW,CE,Towers with Radar,0,7,56,5,68,0,8,230,3,241,0,15,286,8,309,394,16,410,719
01/15/2014,DWH,TX,ASW,CE,Towers with Radar,0,12,50,3,65,0,6,233,7,246,0,18,283,10,311,262,0,262,573
01/16/2014,DWH,TX,ASW,CE,Towers with Radar,0,5,48,3,56,0,9,198,5,212,0,14,246,8,268,264,0,264,532
01/17/2014,DWH,TX,ASW,CE,Towers with Radar,0,7,46,9,62,0,8,257,6,271,0,15,303,15,333,196,0,196,529
01/18/2014,DWH,TX,ASW,CE,Towers with Radar,0,4,24,1,29,0,8,289,3,300,0,12,313,4,329,262,0,262,591
01/19/2014,DWH,TX,ASW,CE,Towers with Radar,0,3,33,0,36,0,8,271,0,279,0,11,304,0,315,270,0,270,585
01/20/2014,DWH,TX,ASW,CE,Towers with Radar,0,9,36,1,46,0,3,176,3,182,0,12,212,4,228,170,0,170,398
01/21/2014,DWH,TX,ASW,CE,Towers with Radar,0,9,28,0,37,0,11,157,6,174,0,20,185,6,211,108,0,108,319
01/22/2014,DWH,TX,ASW,CE,Towers with Radar,0,3,44,5,52,0,7,195,7,209,0,10,239,12,261,212,0,212,473
01/23/2014,DWH,TX,ASW,CE,Towers with Radar,0,7,46,0,53,0,1,32,0,33,0,8,78,0,86,36,0,36,122
01/24/2014,DWH,TX,ASW,CE,Towers with Radar,0,1,21,2,24,0,1,29,2,32,0,2,50,4,56,4,0,4,60
01/25/2014,DWH,TX,ASW,CE,Towers with Radar,0,10,37,25,72,0,0,231,1,232,0,10,268,26,304,244,12,256,560
01/26/2014,DWH,TX,ASW,CE,Towers with Radar,0,8,38,7,53,0,3,239,2,244,0,11,277,9,297,198,0,198,495
01/27/2014,DWH,TX,ASW,CE,Towers with Radar,0,15,55,4,74,0,5,113,8,126,0,20,168,12,200,80,0,80,280
01/28/2014,DWH,TX,ASW,CE,Towers with Radar,0,2,7,0,9,0,0,10,0,10,0,2,17,0,19,0,0,0,19
01/29/2014,DWH,TX,ASW,CE,Towers with Radar,0,5,41,3,49,0,14,225,8,247,0,19,266,11,296,210,10,220,516
01/30/2014,DWH,TX,ASW,CE,Towers with Radar,0,11,66,2,79,0,6,197,5,208,0,17,263,7,287,196,0,196,483
01/31/2014,DWH,TX,ASW,CE,Towers with Radar,0,7,51,2,60,0,3,128,4,135,0,10,179,6,195,184,0,184,379
02/01/2014,DWH,TX,ASW,CE,Towers with Radar,0,3,30,12,45,0,5,97,0,102,0,8,127,12,147,168,0,168,315
02/02/2014,DWH,TX,ASW,CE,Towers with Radar,0,3,21,3,27,0,0,2,0,2,0,3,23,3,29,0,0,0,29
02/03/2014,DWH,TX,ASW,CE,Towers with Radar,0,6,41,4,51,0,5,32,0,37,0,11,73,4,88,108,0,108,196
02/04/2014,DWH,TX,ASW,CE,Towers with Radar,0,9,58,2,69,0,3,17,5,25,0,12,75,7,94,4,0,4,98
02/05/2014,DWH,TX,ASW,CE,Towers with Radar,0,6,45,5,56,0,11,201,6,218,0,17,246,11,274,204,6,210,484
02/06/2014,DWH,TX,ASW,CE,Towers with Radar,0,11,43,8,62,0,6,77,9,92,0,17,120,17,154,136,26,162,316
02/07/2014,DWH,TX,ASW,CE,Towers with Radar,0,8,45,2,55,0,5,52,3,60,0,13,97,5,115,78,0,78,193
02/08/2014,DWH,TX,ASW,CE,Towers with Radar,0,3,53,9,65,0,5,74,3,82,0,8,127,12,147,184,2,186,333
02/09/2014,DWH,TX,ASW,CE,Towers with Radar,0,11,64,3,78,0,3,115,0,118,0,14,179,3,196,168,0,168,364
02/10/2014,DWH,TX,ASW,CE,Towers with Radar,0,6,40,0,46,0,0,0,0,0,0,6,40,0,46,0,0,0,46
02/11/2014,DWH,TX,ASW,CE,Towers with Radar,1,4,25,0,30,0,2,23,0,25,1,6,48,0,55,4,0,4,59
02/12/2014,DWH,TX,ASW,CE,Towers with Radar,0,5,93,2,100,0,12,204,7,223,0,17,297,9,323,224,4,228,551
02/13/2014,DWH,TX,ASW,CE,Towers with Radar,0,12,54,10,76,0,6,261,4,271,0,18,315,14,347,282,8,290,637
02/14/2014,DWH,TX,ASW,CE,Towers with Radar,0,14,37,6,57,0,16,197,3,216,0,30,234,9,273,120,4,124,397
02/15/2014,DWH,TX,ASW,CE,Towers with Radar,0,0,22,0,22,0,5,324,0,329,0,5,346,0,351,160,0,160,511
02/16/2014,DWH,TX,ASW,CE,Towers with Radar,0,0,33,0,33,0,4,196,0,200,0,4,229,0,233,202,0,202,435
02/17/2014,DWH,TX,ASW,CE,Towers with Radar,0,3,53,0,56,0,5,143,0,148,0,8,196,0,204,302,0,302,506
02/18/2014,DWH,TX,ASW,CE,Towers with Radar,0,5,57,4,66,0,0,131,0,131,0,5,188,4,197,160,0,160,357
02/19/2014,DWH,TX,ASW,CE,Towers with Radar,0,12,65,5,82,0,19,211,2,232,0,31,276,7,314,316,6,322,636
02/20/2014,DWH,TX,ASW,CE,Towers with Radar,0,9,58,0,67,0,8,95,2,105,0,17,153,2,172,190,0,190,362
02/21/2014,DWH,TX,ASW,CE,Towers with Radar,0,7,64,6,77,0,13,376,7,396,0,20,440,13,473,328,0,328,801
02/22/2014,DWH,TX,ASW,CE,Towers with Radar,0,0,37,6,43,0,6,247,2,255,0,6,284,8,298,244,0,244,542
02/23/2014,DWH,TX,ASW,CE,Towers with Radar,0,4,48,0,52,0,0,125,0,125,0,4,173,0,177,280,0,280,457
02/24/2014,DWH,TX,ASW,CE,Towers with Radar,0,5,78,5,88,0,0,6,0,6,0,5,84,5,94,16,0,16,110
02/25/2014,DWH,TX,ASW,CE,Towers with Radar,0,10,43,0,53,0,5,52,3,60,0,15,95,3,113,88,0,88,201
02/26/2014,DWH,TX,ASW,CE,Towers with Radar,0,8,52,2,62,0,2,40,0,42,0,10,92,2,104,44,0,44,148
02/27/2014,DWH,TX,ASW,CE,Towers with Radar,0,10,62,7,79,0,8,376,6,390,0,18,438,13,469,390,2,392,861
02/28/2014,DWH,TX,ASW,CE,Towers with Radar,0,15,72,18,105,0,3,56,1,60,0,18,128,19,165,126,20,146,311
03/01/2014,DWH,TX,ASW,CE,Towers with Radar,0,10,36,0,46,0,2,137,0,139,0,12,173,0,185,252,0,252,437
03/02/2014,DWH,TX,ASW,CE,Towers with Radar,0,5,37,0,42,0,3,31,0,34,0,8,68,0,76,54,0,54,130
03/03/2014,DWH,TX,ASW,CE,Towers with Radar,0,10,50,6,66,0,13,158,6,177,0,23,208,12,243,350,0,350,593
03/04/2014,DWH,TX,ASW,CE,Towers with Radar,0,9,27,0,36,0,1,2,0,3,0,10,29,0,39,0,0,0,39
03/05/2014,DWH,TX,ASW,CE,Towers with Radar,0,5,86,2,93,0,3,66,0,69,0,8,152,2,162,118,0,118,280
03/06/2014,DWH,TX,ASW,CE,Towers with Radar,0,9,60,4,73,0,3,223,1,227,0,12,283,5,300,362,0,362,662
03/07/2014,DWH,TX,ASW,CE,Towers with Radar,0,7,77,6,90,0,1,293,1,295,0,8,370,7,385,312,0,312,697
03/08/2014,DWH,TX,ASW,CE,Towers with Radar,0,5,40,2,47,0,1,164,0,165,0,6,204,2,212,232,0,232,444
03/09/2014,DWH,TX,ASW,CE,Towers with Radar,0,5,41,0,46,0,7,22,0,29,0,12,63,0,75,52,0,52,127
03/10/2014,DWH,TX,ASW,CE,Towers with Radar,0,9,32,0,41,0,1,225,1,227,0,10,257,1,268,356,0,356,624
03/11/2014,DWH,TX,ASW,CE,Towers with Radar,0,10,63,2,75,0,10,175,5,190,0,20,238,7,265,316,0,316,581
03/12/2014,DWH,TX,ASW,CE,Towers with Radar,0,8,35,5,48,0,4,139,10,153,0,12,174,15,201,78,0,78,279
03/13/2014,DWH,TX,ASW,CE,Towers with Radar,0,4,31,13,48,0,6,247,7,260,0,10,278,20,308,366,0,366,674
03/14/2014,DWH,TX,ASW,CE,Towers with Radar,0,8,44,11,63,0,2,259,1,262,0,10,303,12,325,360,2,362,687
03/15/2014,DWH,TX,ASW,CE,Towers with Radar,0,14,48,4,66,0,0,4,0,4,0,14,52,4,70,0,0,0,70
03/16/2014,DWH,TX,ASW,CE,Towers with Radar,0,11,31,1,43,0,5,69,4,78,0,16,100,5,121,90,0,90,211
03/17/2014,DWH,TX,ASW,CE,Towers with Radar,0,9,32,3,44,0,9,195,2,206,0,18,227,5,250,250,0,250,500
03/18/2014,DWH,TX,ASW,CE,Towers with Radar,0,7,56,0,63,0,8,224,3,235,0,15,280,3,298,250,0,250,548
03/19/2014,DWH,TX,ASW,CE,Towers with Radar,0,11,59,9,79,0,4,135,3,142,0,15,194,12,221,328,0,328,549
03/20/2014,DWH,TX,ASW,CE,Towers with Radar,0,13,65,0,78,0,7,331,8,346,0,20,396,8,424,324,0,324,748
03/21/2014,DWH,TX,ASW,CE,Towers with Radar,0,11,63,5,79,0,7,219,5,231,0,18,282,10,310,288,0,288,598
03/22/2014,DWH,TX,ASW,CE,Towers with Radar,0,13,56,0,69,0,5,110,0,115,0,18,166,0,184,180,0,180,364
03/23/2014,DWH,TX,ASW,CE,Towers with Radar,0,8,58,1,67,0,3,48,0,51,0,11,106,1,118,62,0,62,180
03/24/2014,DWH,TX,ASW,CE,Towers with Radar,0,3,27,3,33,0,3,113,6,122,0,6,140,9,155,310,0,310,465
03/25/2014,DWH,TX,ASW,CE,Towers with Radar,0,9,42,1,52,0,3,241,5,249,0,12,283,6,301,124,0,124,425
03/26/2014,DWH,TX,ASW,CE,Towers with Radar,0,4,54,4,62,0,6,126,5,137,0,10,180,9,199,204,0,204,403
03/27/2014,DWH,TX,ASW,CE,Towers with Radar,0,22,65,3,90,0,2,17,2,21,0,24,82,5,111,0,0,0,111
03/28/2014,DWH,TX,ASW,CE,Towers with Radar,0,10,45,2,57,0,8,111,0,119,0,18,156,2,176,308,0,308,484
03/29/2014,DWH,TX,ASW,CE,Towers with Radar,0,1,50,2,53,0,2,233,1,236,0,3,283,3,289,238,0,238,527
03/30/2014,DWH,TX,ASW,CE,Towers with Radar,0,9,34,4,47,0,14,285,1,300,0,23,319,5,347,228,0,228,575
03/31/2014,DWH,TX,ASW,CE,Towers with Radar,0,6,45,0,51,0,10,206,3,219,0,16,251,3,270,264,0,264,534
04/01/2014,DWH,TX,ASW,CE,Towers with Radar,0,16,85,0,101,0,6,97,6,109,0,22,182,6,210,164,0,164,374
04/02/2014,DWH,TX,ASW,CE,Towers with Radar,0,3,61,9,73,0,0,173,2,175,0,3,234,11,248,162,10,172,420
04/03/2014,DWH,TX,ASW,CE,Towers with Radar,0,6,49,1,56,0,1,58,2,61,0,7,107,3,117,94,0,94,211
04/04/2014,DWH,TX,ASW,CE,Towers with Radar,0,8,49,6,63,0,2,195,7,204,0,10,244,13,267,146,0,146,413
04/05/2014,DWH,TX,ASW,CE,Towers with Radar,0,4,17,1,22,0,6,151,7,164,0,10,168,8,186,214,0,214,400
04/06/2014,DWH,TX,ASW,CE,Towers with Radar,0,8,30,0,38,0,0,0,0,0,0,8,30,0,38,0,0,0,38
04/07/2014,DWH,TX,ASW,CE,Towers with Radar,0,9,56,9,74,0,5,226,8,239,0,14,282,17,313,222,0,222,535
04/08/2014,DWH,TX,ASW,CE,Towers with Radar,0,14,50,2,66,0,4,149,5,158,0,18,199,7,224,70,6,76,300
04/09/2014,DWH,TX,ASW,CE,Towers with Radar,0,7,69,2,78,0,5,206,3,214,0,12,275,5,292,176,0,176,468
04/10/2014,DWH,TX,ASW,CE,Towers with Radar,0,12,69,4,85,0,8,243,2,253,0,20,312,6,338,96,0,96,434
04/11/2014,DWH,TX,ASW,CE,Towers with Radar,0,12,60,14,86,0,1,226,2,229,0,13,286,16,315,292,0,292,607
04/12/2014,DWH,TX,ASW,CE,Towers with Radar,0,7,38,3,48,0,10,196,1,207,0,17,234,4,255,248,0,248,503
04/13/2014,DWH,TX,ASW,CE,Towers with Radar,0,5,52,19,76,0,0,63,0,63,0,5,115,19,139,128,0,128,267
04/14/2014,DWH,TX,ASW,CE,Towers with Radar,0,8,35,1,44,0,0,8,1,9,0,8,43,2,53,22,0,22,75
04/15/2014,DWH,TX,ASW,CE,Towers with Radar,0,8,61,5,74,0,8,278,11,297,0,16,339,16,371,324,0,324,695
04/16/2014,DWH,TX,ASW,CE,Towers with Radar,0,15,55,0,70,0,15,320,5,340,0,30,375,5,410,328,0,328,738
04/17/2014,DWH,TX,ASW,CE,Towers with Radar,0,9,63,0,72,0,4,180,3,187,0,13,243,3,259,152,2,154,413
04/18/2014,DWH,TX,ASW,CE,Towers with Radar,0,9,43,4,56,0,9,310,1,320,0,18,353,5,376,348,0,348,724
04/19/2014,DWH,TX,ASW,CE,Towers with Radar,0,9,32,10,51,0,3,324,5,332,0,12,356,15,383,284,0,284,667
04/20/2014,DWH,TX,ASW,CE,Towers with Radar,0,7,42,0,49,0,4,157,0,161,0,11,199,0,210,130,0,130,340
04/21/2014,DWH,TX,ASW,CE,Towers with Radar,0,13,45,4,62,0,12,167,9,188,0,25,212,13,250,366,4,370,620
04/22/2014,DWH,TX,ASW,CE,Towers with Radar,0,6,80,4,90,0,14,211,7,232,0,20,291,11,322,268,0,268,590
04/23/2014,DWH,TX,ASW,CE,Towers with Radar,0,8,64,0,72,0,9,277,5,291,0,17,341,5,363,334,0,334,697
04/24/2014,DWH,TX,ASW,CE,Towers with Radar,0,15,66,7,88,0,7,276,6,289,0,22,342,13,377,314,0,314,691
04/25/2014,DWH,TX,ASW,CE,Towers with Radar,0,9,71,12,92,0,7,288,3,298,0,16,359,15,390,254,0,254,644
04/26/2014,DWH,TX,ASW,CE,Towers with Radar,0,4,75,2,81,0,6,153,0,159,0,10,228,2,240,118,2,120,360
04/27/2014,DWH,TX,ASW,CE,Towers with Radar,0,1,53,9,63,0,1,118,16,135,0,2,171,25,198,182,2,184,382
04/28/2014,DWH,TX,ASW,CE,Towers with Radar,0,6,57,1,64,0,3,182,11,196,0,9,239,12,260,350,0,350,610
04/29/2014,DWH,TX,ASW,CE,Towers with Radar,0,13,58,5,76,0,3,199,2,204,0,16,257,7,280,274,0,274,554
04/30/2014,DWH,TX,ASW,CE,Towers with Radar,0,6,47,2,55,0,12,254,5,271,0,18,301,7,326,182,0,182,508
05/01/2014,DWH,TX,ASW,CE,Towers with Radar,0,12,65,12,89,0,6,253,11,270,0,18,318,23,359,358,2,360,719
05/02/2014,DWH,TX,ASW,CE,Towers with Radar,0,12,46,7,65,0,7,250,5,262,0,19,296,12,327,288,2,290,617
05/03/2014,DWH,TX,ASW,CE,Towers with Radar,0,1,38,0,39,0,3,222,1,226,0,4,260,1,265,196,0,196,461
05/04/2014,DWH,TX,ASW,CE,Towers with Radar,0,15,63,1,79,0,1,269,1,271,0,16,332,2,350,206,0,206,556
05/05/2014,DWH,TX,ASW,CE,Towers with Radar,0,15,67,8,90,0,9,180,12,201,0,24,247,20,291,226,0,226,517
05/06/2014,DWH,TX,ASW,CE,Towers with Radar,0,3,59,2,64,0,2,169,3,174,0,5,228,5,238,212,0,212,450
05/07/2014,DWH,TX,ASW,CE,Towers with Radar,0,17,67,2,86,0,4,164,9,177,0,21,231,11,263,180,0,180,443
05/08/2014,DWH,TX,ASW,CE,Towers with Radar,0,14,72,0,86,0,2,33,3,38,0,16,105,3,124,50,0,50,174
05/09/2014,DWH,TX,ASW,CE,Towers with Radar,0,12,49,8,69,0,4,45,5,54,0,16,94,13,123,162,0,162,285
05/10/2014,DWH,TX,ASW,CE,Towers with Radar,0,9,55,2,66,0,10,198,1,209,0,19,253,3,275,194,0,194,469
05/11/2014,DWH,TX,ASW,CE,Towers with Radar,0,3,51,3,57,0,0,102,1,103,0,3,153,4,160,122,0,122,282
05/12/2014,DWH,TX,ASW,CE,Towers with Radar,0,14,57,3,74,0,4,120,7,131,0,18,177,10,205,118,0,118,323
05/13/2014,DWH,TX,ASW,CE,Towers with Radar,0,11,41,0,52,0,5,26,0,31,0,16,67,0,83,54,0,54,137
05/14/2014,DWH,TX,ASW,CE,Towers with Radar,0,10,65,5,80,0,4,126,1,131,0,14,191,6,211,140,0,140,351
05/15/2014,DWH,TX,ASW,CE,Towers with Radar,0,8,73,17,98,0,4,315,6,325,0,12,388,23,423,354,0,354,777
05/16/2014,DWH,TX,ASW,CE,Towers with Radar,0,9,53,2,64,0,2,183,1,186,0,11,236,3,250,124,0,124,374
05/17/2014,DWH,TX,ASW,CE,Towers with Radar,0,0,21,0,21,0,5,211,0,216,0,5,232,0,237,100,0,100,337
05/18/2014,DWH,TX,ASW,CE,Towers with Radar,0,1,35,0,36,0,0,228,0,228,0,1,263,0,264,252,0,252,516
05/19/2014,DWH,TX,ASW,CE,Towers with Radar,0,7,47,4,58,0,6,171,1,178,0,13,218,5,236,240,0,240,476
05/20/2014,DWH,TX,ASW,CE,Towers with Radar,0,13,50,3,66,0,12,193,3,208,0,25,243,6,274,168,0,168,442
05/21/2014,DWH,TX,ASW,CE,Towers with Radar,0,6,64,4,74,0,5,223,3,231,0,11,287,7,305,284,0,284,589
05/22/2014,DWH,TX,ASW,CE,Towers with Radar,0,14,66,7,87,0,11,242,8,261,0,25,308,15,348,342,12,354,702
05/23/2014,DWH,TX,ASW,CE,Towers with Radar,0,11,49,13,73,0,8,186,3,197,0,19,235,16,270,236,0,236,506
05/24/2014,DWH,TX,ASW,CE,Towers with Radar,0,4,32,0,36,0,7,252,0,259,0,11,284,0,295,400,0,400,695
05/25/2014,DWH,TX,ASW,CE,Towers with Radar,0,6,28,1,35,0,8,173,2,183,0,14,201,3,218,198,0,198,416
05/26/2014,DWH,TX,ASW,CE,Towers with Radar,0,3,46,1,50,0,1,41,0,42,0,4,87,1,92,90,0,90,182
05/27/2014,DWH,TX,ASW,CE,Towers with Radar,0,5,44,0,49,0,4,7,0,11,0,9,51,0,60,10,0,10,70
05/28/2014,DWH,TX,ASW,CE,Towers with Radar,0,7,63,1,71,0,7,145,2,154,0,14,208,3,225,312,0,312,537
05/29/2014,DWH,TX,ASW,CE,Towers with Radar,0,10,60,11,81,0,5,230,5,240,0,15,290,16,321,358,0,358,679
05/30/2014,DWH,TX,ASW,CE,Towers with Radar,0,7,35,5,47,0,7,137,8,152,0,14,172,13,199,260,0,260,459
05/31/2014,DWH,TX,ASW,CE,Towers with Radar,0,2,57,0,59,0,2,84,0,86,0,4,141,0,145,258,0,258,403
06/01/2014,DWH,TX,ASW,CE,Towers with Radar,0,3,64,2,69,0,4,238,1,243,0,7,302,3,312,326,0,326,638
06/02/2014,DWH,TX,ASW,CE,Towers with Radar,0,10,53,7,70,0,7,177,4,188,0,17,230,11,258,272,0,272,530
06/03/2014,DWH,TX,ASW,CE,Towers with Radar,0,12,71,2,85,0,2,221,2,225,0,14,292,4,310,326,0,326,636
06/04/2014,DWH,TX,ASW,CE,Towers with Radar,0,5,52,4,61,0,15,235,7,257,0,20,287,11,318,362,0,362,680
06/05/2014,DWH,TX,ASW,CE,Towers with Radar,0,9,73,0,82,0,13,197,6,216,0,22,270,6,298,332,0,332,630
06/06/2014,DWH,TX,ASW,CE,Towers with Radar,0,12,69,13,94,0,9,241,1,251,0,21,310,14,345,348,0,348,693
06/07/2014,DWH,TX,ASW,CE,Towers with Radar,0,0,37,1,38,0,5,242,6,253,0,5,279,7,291,264,0,264,555
06/08/2014,DWH,TX,ASW,CE,Towers with Radar,0,0,19,0,19,0,7,146,0,153,0,7,165,0,172,194,0,194,366
06/09/2014,DWH,TX,ASW,CE,Towers with Radar,0,6,47,1,54,0,0,116,5,121,0,6,163,6,175,194,0,194,369
06/10/2014,DWH,TX,ASW,CE,Towers with Radar,0,6,43,0,49,0,2,237,2,241,0,8,280,2,290,256,0,256,546
06/11/2014,DWH,TX,ASW,CE,Towers with Radar,0,13,71,3,87,0,4,269,3,276,0,17,340,6,363,310,12,322,685
06/12/2014,DWH,TX,ASW,CE,Towers with Radar,0,16,54,8,78,0,1,191,3,195,0,17,245,11,273,292,0,292,565
06/13/2014,DWH,TX,ASW,CE,Towers with Radar,0,10,59,0,69,0,6,221,7,234,0,16,280,7,303,326,4,330,633
06/14/2014,DWH,TX,ASW,CE,Towers with Radar,0,6,39,0,45,0,5,230,2,237,0,11,269,2,282,284,0,284,566
06/15/2014,DWH,TX,ASW,CE,Towers with Radar,0,8,59,1,68,0,1,284,0,285,0,9,343,1,353,326,0,326,679
06/16/2014,DWH,TX,ASW,CE,Towers with Radar,0,5,59,13,77,0,7,208,7,222,0,12,267,20,299,164,6,170,469
06/17/2014,DWH,TX,ASW,CE,Towers with Radar,0,8,61,5,74,0,15,243,3,261,0,23,304,8,335,386,0,386,721
06/18/2014,DWH,TX,ASW,CE,Towers with Radar,0,12,57,2,71,0,12,176,0,188,0,24,233,2,259,218,0,218,477
06/19/2014,DWH,TX,ASW,CE,Towers with Radar,0,9,48,4,61,0,7,225,2,234,0,16,273,6,295,418,4,422,717
06/20/2014,DWH,TX,ASW,CE,Towers with Radar,0,12,51,4,67,0,0,180,3,183,0,12,231,7,250,384,0,384,634
06/21/2014,DWH,TX,ASW,CE,Towers with Radar,0,10,45,0,55,0,2,235,0,237,0,12,280,0,292,234,0,234,526
06/22/2014,DWH,TX,ASW,CE,Towers with Radar,0,5,63,2,70,0,3,212,2,217,0,8,275,4,287,330,0,330,617
06/23/2014,DWH,TX,ASW,CE,Towers with Radar,0,6,37,0,43,0,11,178,4,193,0,17,215,4,236,286,0,286,522
06/24/2014,DWH,TX,ASW,CE,Towers with Radar,0,5,48,3,56,0,9,128,3,140,0,14,176,6,196,190,0,190,386
06/25/2014,DWH,TX,ASW,CE,Towers with Radar,0,12,64,1,77,0,8,119,0,127,0,20,183,1,204,188,0,188,392
06/26/2014,DWH,TX,ASW,CE,Towers with Radar,0,10,69,0,79,0,5,132,3,140,0,15,201,3,219,276,0,276,495
06/27/2014,DWH,TX,ASW,CE,Towers with Radar,0,8,47,2,57,0,5,187,3,195,0,13,234,5,252,234,0,234,486
06/28/2014,DWH,TX,ASW,CE,Towers with Radar,0,2,46,0,48,0,1,193,0,194,0,3,239,0,242,246,0,246,488
06/29/2014,DWH,TX,ASW,CE,Towers with Radar,0,11,65,4,80,0,3,279,3,285,0,14,344,7,365,424,0,424,789
06/30/2014,DWH,TX,ASW,CE,Towers with Radar,0,8,47,7,62,0,3,269,6,278,0,11,316,13,340,324,0,324,664
07/01/2014,DWH,TX,ASW,CE,Towers with Radar,0,4,63,3,70,0,5,269,5,279,0,9,332,8,349,472,0,472,821
07/02/2014,DWH,TX,ASW,CE,Towers with Radar,0,9,61,10,80,0,9,266,1,276,0,18,327,11,356,382,0,382,738
07/03/2014,DWH,TX,ASW,CE,Towers with Radar,0,2,42,0,44,0,7,191,6,204,0,9,233,6,248,322,0,322,570
07/04/2014,DWH,TX,ASW,CE,Towers with Radar,0,4,15,0,19,0,4,150,2,156,0,8,165,2,175,186,0,186,361
07/05/2014,DWH,TX,ASW,CE,Towers with Radar,0,2,34,0,36,0,0,170,0,170,0,2,204,0,206,196,0,196,402
07/06/2014,DWH,TX,ASW,CE,Towers with Radar,0,11,52,1,64,0,12,254,0,266,0,23,306,1,330,204,0,204,534
07/07/2014,DWH,TX,ASW,CE,Towers with Radar,0,6,59,0,65,0,9,230,4,243,0,15,289,4,308,220,0,220,528
07/08/2014,DWH,TX,ASW,CE,Towers with Radar,0,12,39,2,53,0,9,234,3,246,0,21,273,5,299,326,0,326,625
07/09/2014,DWH,TX,ASW,CE,Towers with Radar,0,10,54,3,67,0,13,257,7,277,0,23,311,10,344,350,0,350,694
07/10/2014,DWH,TX,ASW,CE,Towers with Radar,0,11,60,3,74,0,3,282,5,290,0,14,342,8,364,386,0,386,750
07/11/2014,DWH,TX,ASW,CE,Towers with Radar,0,3,50,6,59,1,6,191,5,203,1,9,241,11,262,340,0,340,602
07/12/2014,DWH,TX,ASW,CE,Towers with Radar,0,7,58,0,65,0,4,324,6,334,0,11,382,6,399,258,0,258,657
07/13/2014,DWH,TX,ASW,CE,Towers with Radar,0,4,36,2,42,0,7,233,2,242,0,11,269,4,284,216,0,216,500
07/14/2014,DWH,TX,ASW,CE,Towers with Radar,0,3,52,4,59,0,7,178,2,187,0,10,230,6,246,310,0,310,556
07/15/2014,DWH,TX,ASW,CE,Towers with Radar,0,8,62,0,70,0,4,161,0,165,0,12,223,0,235,152,0,152,387
07/16/2014,DWH,TX,ASW,CE,Towers with Radar,0,4,75,6,85,0,5,226,4,235,0,9,301,10,320,426,0,426,746
07/17/2014,DWH,TX,ASW,CE,Towers with Radar,0,9,67,0,76,0,3,74,4,81,0,12,141,4,157,70,0,70,227
07/18/2014,DWH,TX,ASW,CE,Towers with Radar,1,14,58,2,75,0,3,91,0,94,1,17,149,2,169,210,0,210,379
07/19/2014,DWH,TX,ASW,CE,Towers with Radar,0,13,50,0,63,0,2,148,0,150,0,15,198,0,213,176,0,176,389
07/20/2014,DWH,TX,ASW,CE,Towers with Radar,0,9,52,3,64,0,1,206,2,209,0,10,258,5,273,456,0,456,729
07/21/2014,DWH,TX,ASW,CE,Towers with Radar,0,8,50,8,66,0,6,242,6,254,0,14,292,14,320,316,0,316,636
07/22/2014,DWH,TX,ASW,CE,Towers with Radar,0,2,78,2,82,0,6,197,3,206,0,8,275,5,288,336,0,336,624
07/23/2014,DWH,TX,ASW,CE,Towers with Radar,0,14,77,4,95,0,1,266,0,267,0,15,343,4,362,264,0,264,626
07/24/2014,DWH,TX,ASW,CE,Towers with Radar,0,10,47,0,57,0,1,213,0,214,0,11,260,0,271,292,0,292,563
07/25/2014,DWH,TX,ASW,CE,Towers with Radar,0,5,53,4,62,0,2,208,6,216,0,7,261,10,278,290,0,290,568
07/26/2014,DWH,TX,ASW,CE,Towers with Radar,0,8,49,6,63,0,1,306,0,307,0,9,355,6,370,378,0,378,748
07/27/2014,DWH,TX,ASW,CE,Towers with Radar,0,8,46,0,54,0,0,271,2,273,0,8,317,2,327,330,0,330,657
07/28/2014,DWH,TX,ASW,CE,Towers with Radar,0,4,51,8,63,0,3,182,4,189,0,7,233,12,252,254,2,256,508
07/29/2014,DWH,TX,ASW,CE,Towers with Radar,0,13,50,2,65,0,3,174,4,181,0,16,224,6,246,242,0,242,488
07/30/2014,DWH,TX,ASW,CE,Towers with Radar,0,9,70,1,80,0,7,219,6,232,0,16,289,7,312,268,0,268,580
07/31/2014,DWH,TX,ASW,CE,Towers with Radar,0,16,51,7,74,0,5,215,3,223,0,21,266,10,297,362,0,362,659
08/01/2014,DWH,TX,ASW,CE,Towers with Radar,0,18,62,2,82,0,0,161,2,163,0,18,223,4,245,238,0,238,483
08/02/2014,DWH,TX,ASW,CE,Towers with Radar,0,5,66,4,75,0,3,301,2,306,0,8,367,6,381,374,8,382,763
08/03/2014,DWH,TX,ASW,CE,Towers with Radar,0,15,62,0,77,0,3,228,1,232,0,18,290,1,309,138,0,138,447
08/04/2014,DWH,TX,ASW,CE,Towers with Radar,0,8,56,1,65,0,4,199,5,208,0,12,255,6,273,322,0,322,595
08/05/2014,DWH,TX,ASW,CE,Towers with Radar,0,9,69,7,85,0,4,190,1,195,0,13,259,8,280,316,0,316,596
08/06/2014,DWH,TX,ASW,CE,Towers with Radar,0,13,55,1,69,0,1,256,1,258,0,14,311,2,327,450,0,450,777
08/07/2014,DWH,TX,ASW,CE,Towers with Radar,0,11,61,0,72,0,2,227,5,234,0,13,288,5,306,274,0,274,580
08/08/2014,DWH,TX,ASW,CE,Towers with Radar,0,7,63,1,71,0,0,204,3,207,0,7,267,4,278,218,0,218,496
08/09/2014,DWH,TX,ASW,CE,Towers with Radar,0,9,45,14,68,0,0,217,1,218,0,9,262,15,286,332,0,332,618
08/10/2014,DWH,TX,ASW,CE,Towers with Radar,0,10,61,0,71,0,0,161,0,161,0,10,222,0,232,196,0,196,428
08/11/2014,DWH,TX,ASW,CE,Towers with Radar,0,13,53,4,70,0,0,158,1,159,0,13,211,5,229,340,0,340,569
08/12/2014,DWH,TX,ASW,CE,Towers with Radar,0,11,40,3,54,0,0,209,2,211,0,11,249,5,265,420,0,420,685
08/13/2014,DWH,TX,ASW,CE,Towers with Radar,0,9,54,2,65,0,0,284,0,284,0,9,338,2,349,326,0,326,675
08/14/2014,DWH,TX,ASW,CE,Towers with Radar,0,14,55,5,74,0,2,273,3,278,0,16,328,8,352,358,0,358,710
08/15/2014,DWH,TX,ASW,CE,Towers with Radar,0,13,48,3,64,0,1,259,1,261,0,14,307,4,325,244,0,244,569
08/16/2014,DWH,TX,ASW,CE,Towers with Radar,0,4,32,0,36,0,0,284,0,284,0,4,316,0,320,352,0,352,672
08/17/2014,DWH,TX,ASW,CE,Towers with Radar,0,10,39,3,52,0,0,180,1,181,0,10,219,4,233,210,0,210,443
08/18/2014,DWH,TX,ASW,CE,Towers with Radar,0,10,56,4,70,0,0,225,1,226,0,10,281,5,296,320,0,320,616
08/19/2014,DWH,TX,ASW,CE,Towers with Radar,0,14,79,2,95,0,0,203,2,205,0,14,282,4,300,312,0,312,612
08/20/2014,DWH,TX,ASW,CE,Towers with Radar,0,16,68,2,86,0,0,234,1,235,0,16,302,3,321,306,0,306,627
08/21/2014,DWH,TX,ASW,CE,Towers with Radar,0,8,56,5,69,0,0,236,3,239,0,8,292,8,308,223,0,223,531
08/22/2014,DWH,TX,ASW,CE,Towers with Radar,0,19,53,0,72,0,0,319,4,323,0,19,372,4,395,184,0,184,579
08/23/2014,DWH,TX,ASW,CE,Towers with Radar,0,9,37,5,51,0,2,269,10,281,0,11,306,15,332,334,6,340,672
08/24/2014,DWH,TX,ASW,CE,Towers with Radar,0,10,67,3,80,0,1,367,3,371,0,11,434,6,451,396,0,396,847
08/25/2014,DWH,TX,ASW,CE,Towers with Radar,0,7,57,9,73,0,3,224,6,233,0,10,281,15,306,350,0,350,656
08/26/2014,DWH,TX,ASW,CE,Towers with Radar,0,3,62,3,68,0,8,255,5,268,0,11,317,8,336,296,4,300,636
08/27/2014,DWH,TX,ASW,CE,Towers with Radar,0,8,53,2,63,0,7,185,9,201,0,15,238,11,264,242,0,242,506
08/28/2014,DWH,TX,ASW,CE,Towers with Radar,0,13,53,2,68,0,5,153,3,161,0,18,206,5,229,206,0,206,435
08/29/2014,DWH,TX,ASW,CE,Towers with Radar,0,3,51,1,55,0,3,176,9,188,0,6,227,10,243,198,0,198,441
08/30/2014,DWH,TX,ASW,CE,Towers with Radar,0,8,53,0,61,0,4,182,2,188,0,12,235,2,249,216,0,216,465
08/31/2014,DWH,TX,ASW,CE,Towers with Radar,0,0,37,0,37,0,3,163,0,166,0,3,200,0,203,270,0,270,473
09/01/2014,DWH,TX,ASW,CE,Towers with Radar,0,7,51,4,62,0,1,155,3,159,0,8,206,7,221,156,0,156,377
09/02/2014,DWH,TX,ASW,CE,Towers with Radar,0,6,43,5,54,0,3,132,8,143,0,9,175,13,197,106,12,118,315
09/03/2014,DWH,TX,ASW,CE,Towers with Radar,0,6,82,0,88,0,5,218,6,229,0,11,300,6,317,192,0,192,509
09/04/2014,DWH,TX,ASW,CE,Towers with Radar,0,14,70,8,92,0,0,211,0,211,0,14,281,8,303,265,6,271,574
09/05/2014,DWH,TX,ASW,CE,Towers with Radar,0,9,57,12,78,0,1,217,8,226,0,10,274,20,304,194,0,194,498
09/06/2014,DWH,TX,ASW,CE,Towers with Radar,0,5,40,5,50,0,2,197,5,204,0,7,237,10,254,214,0,214,468
09/07/2014,DWH,TX,ASW,CE,Towers with Radar,0,4,57,0,61,0,0,127,0,127,0,4,184,0,188,252,0,252,440
09/08/2014,DWH,TX,ASW,CE,Towers with Radar,0,9,50,5,64,0,5,165,3,173,0,14,215,8,237,250,0,250,487
09/09/2014,DWH,TX,ASW,CE,Towers with Radar,0,2,60,4,66,0,10,199,1,210,0,12,259,5,276,196,10,206,482
09/10/2014,DWH,TX,ASW,CE,Towers with Radar,0,9,58,2,69,0,8,250,12,270,0,17,308,14,339,306,2,308,647
09/11/2014,DWH,TX,ASW,CE,Towers with Radar,0,11,54,5,70,0,5,209,15,229,0,16,263,20,299,370,0,370,669
09/12/2014,DWH,TX,ASW,CE,Towers with Radar,0,15,50,4,69,0,7,127,2,136,0,22,177,6,205,202,0,202,407
09/13/2014,DWH,TX,ASW,CE,Towers with Radar,0,7,63,0,70,0,0,38,0,38,0,7,101,0,108,48,0,48,156
09/14/2014,DWH,TX,ASW,CE,Towers with Radar,0,6,61,10,77,0,0,117,0,117,0,6,178,10,194,349,0,349,543
09/15/2014,DWH,TX,ASW,CE,Towers with Radar,0,10,71,3,84,0,7,265,5,277,0,17,336,8,361,258,0,258,619
09/16/2014,DWH,TX,ASW,CE,Towers with Radar,0,11,56,7,74,0,6,132,0,138,0,17,188,7,212,152,0,152,364
09/17/2014,DWH,TX,ASW,CE,Towers with Radar,0,6,58,4,68,0,4,119,0,123,0,10,177,4,191,116,0,116,307
09/18/2014,DWH,TX,ASW,CE,Towers with Radar,0,14,63,3,80,0,4,15,0,19,0,18,78,3,99,16,0,16,115
09/19/2014,DWH,TX,ASW,CE,Towers with Radar,0,7,91,3,101,0,2,92,0,94,0,9,183,3,195,124,0,124,319
09/20/2014,DWH,TX,ASW,CE,Towers with Radar,0,3,52,0,55,0,3,268,0,271,0,6,320,0,326,316,0,316,642
09/21/2014,DWH,TX,ASW,CE,Towers with Radar,0,11,59,1,71,0,3,348,0,351,0,14,407,1,422,322,0,322,744
09/22/2014,DWH,TX,ASW,CE,Towers with Radar,0,10,48,3,61,0,6,212,7,225,0,16,260,10,286,352,0,352,638
09/23/2014,DWH,TX,ASW,CE,Towers with Radar,0,8,71,0,79,0,9,267,9,285,0,17,338,9,364,304,0,304,668
09/24/2014,DWH,TX,ASW,CE,Towers with Radar,0,11,66,3,80,0,7,244,5,256,0,18,310,8,336,446,12,458,794
09/25/2014,DWH,TX,ASW,CE,Towers with Radar,0,6,68,2,76,0,6,204,5,215,0,12,272,7,291,160,0,160,451
09/26/2014,DWH,TX,ASW,CE,Towers with Radar,0,2,53,5,60,0,3,252,3,258,0,5,305,8,318,480,0,480,798
09/27/2014,DWH,TX,ASW,CE,Towers with Radar,0,4,34,0,38,0,5,268,0,273,0,9,302,0,311,316,0,316,627
09/28/2014,DWH,TX,ASW,CE,Towers with Radar,0,5,63,0,68,0,3,228,0,231,0,8,291,0,299,204,0,204,503
09/29/2014,DWH,TX,ASW,CE,Towers with Radar,0,7,54,3,64,0,7,261,11,279,0,14,315,14,343,310,0,310,653
09/30/2014,DWH,TX,ASW,CE,Towers with Radar,0,5,71,1,77,0,9,192,8,209,0,14,263,9,286,340,0,340,626
10/01/2014,DWH,TX,ASW,CE,Towers with Radar,0,9,81,3,93,0,4,192,2,198,0,13,273,5,291,132,0,132,423
10/02/2014,DWH,TX,ASW,CE,Towers with Radar,0,6,67,3,76,0,1,152,1,154,0,7,219,4,230,192,0,192,422
10/03/2014,DWH,TX,ASW,CE,Towers with Radar,0,6,70,4,80,0,14,298,0,312,0,20,368,4,392,346,4,350,742
10/04/2014,DWH,TX,ASW,CE,Towers with Radar,0,16,34,0,50,0,8,294,1,303,0,24,328,1,353,393,0,393,746
10/05/2014,DWH,TX,ASW,CE,Towers with Radar,0,10,59,4,73,0,2,274,0,276,0,12,333,4,349,210,0,210,559
10/06/2014,DWH,TX,ASW,CE,Towers with Radar,0,15,44,4,63,0,2,121,1,124,0,17,165,5,187,222,0,222,409
10/07/2014,DWH,TX,ASW,CE,Towers with Radar,0,12,60,5,77,0,5,222,4,231,0,17,282,9,308,280,0,280,588
10/08/2014,DWH,TX,ASW,CE,Towers with Radar,0,12,55,7,74,0,9,207,4,220,0,21,262,11,294,162,0,162,456
10/09/2014,DWH,TX,ASW,CE,Towers with Radar,0,9,57,0,66,0,5,217,6,228,0,14,274,6,294,188,0,188,482
10/10/2014,DWH,TX,ASW,CE,Towers with Radar,0,14,62,9,85,0,4,184,3,191,0,18,246,12,276,218,4,222,498
10/11/2014,DWH,TX,ASW,CE,Towers with Radar,0,12,35,0,47,0,2,148,0,150,0,14,183,0,197,210,0,210,407
10/12/2014,DWH,TX,ASW,CE,Towers with Radar,0,11,65,1,77,0,1,135,1,137,0,12,200,2,214,198,0,198,412
10/13/2014,DWH,TX,ASW,CE,Towers with Radar,0,16,47,0,63,0,5,64,0,69,0,21,111,0,132,86,0,86,218
10/14/2014,DWH,TX,ASW,CE,Towers with Radar,0,9,57,13,79,0,9,214,3,226,0,18,271,16,305,280,2,282,587
10/15/2014,DWH,TX,ASW,CE,Towers with Radar,0,6,77,3,86,0,5,335,13,353,0,11,412,16,439,312,0,312,751
10/16/2014,DWH,TX,ASW,CE,Towers with Radar,0,4,48,6,58,0,2,270,5,277,0,6,318,11,335,272,0,272,607
10/17/2014,DWH,TX,ASW,CE,Towers with Radar,0,8,70,0,78,0,3,325,5,333,0,11,395,5,411,302,2,304,715
10/18/2014,DWH,TX,ASW,CE,Towers with Radar,0,5,34,0,39,0,5,316,4,325,0,10,350,4,364,290,0,290,654
10/19/2014,DWH,TX,ASW,CE,Towers with Radar,0,7,62,5,74,0,1,353,4,358,0,8,415,9,432,338,0,338,770
10/20/2014,DWH,TX,ASW,CE,Towers with Radar,0,7,50,0,57,0,10,295,9,314,0,17,345,9,371,302,0,302,673
10/21/2014,DWH,TX,ASW,CE,Towers with Radar,0,14,61,4,79,0,5,220,5,230,0,19,281,9,309,354,0,354,663
10/22/2014,DWH,TX,ASW,CE,Towers with Radar,0,12,56,7,75,0,7,234,9,250,0,19,290,16,325,228,16,244,569
10/23/2014,DWH,TX,ASW,CE,Towers with Radar,0,12,52,2,66,0,10,292,3,305,0,22,344,5,371,362,0,362,733
10/24/2014,DWH,TX,ASW,CE,Towers with Radar,0,14,47,0,61,0,6,283,3,292,0,20,330,3,353,192,0,192,545
10/25/2014,DWH,TX,ASW,CE,Towers with Radar,0,6,39,3,48,0,2,253,0,255,0,8,292,3,303,234,0,234,537
10/26/2014,DWH,TX,ASW,CE,Towers with Radar,0,4,53,0,57,0,1,229,1,231,0,5,282,1,288,284,0,284,572
10/27/2014,DWH,TX,ASW,CE,Towers with Radar,0,5,40,4,49,0,1,168,2,171,0,6,208,6,220,112,0,112,332
10/28/2014,DWH,TX,ASW,CE,Towers with Radar,0,19,62,2,83,0,2,221,4,227,0,21,283,6,310,288,0,288,598
10/29/2014,DWH,TX,ASW,CE,Towers with Radar,0,10,64,7,81,0,7,138,3,148,0,17,202,10,229,334,0,334,563
10/30/2014,DWH,TX,ASW,CE,Towers with Radar,0,12,55,4,71,0,6,279,4,289,0,18,334,8,360,207,0,207,567
10/31/2014,DWH,TX,ASW,CE,Towers with Radar,0,9,50,0,59,0,2,219,1,222,0,11,269,1,281,286,0,286,567
11/01/2014,DWH,TX,ASW,CE,Towers with Radar,0,4,48,7,59,0,2,176,4,182,0,6,224,11,241,148,0,148,389
11/02/2014,DWH,TX,ASW,CE,Towers with Radar,0,3,68,0,71,0,4,184,0,188,0,7,252,0,259,174,0,174,433
11/03/2014,DWH,TX,ASW,CE,Towers with Radar,0,10,54,7,71,0,8,179,4,191,0,18,233,11,262,308,0,308,570
11/04/2014,DWH,TX,ASW,CE,Towers with Radar,0,15,53,2,70,0,7,114,1,122,0,22,167,3,192,108,0,108,300
11/05/2014,DWH,TX,ASW,CE,Towers with Radar,0,7,37,2,46,0,0,1,0,1,0,7,38,2,47,0,0,0,47
11/06/2014,DWH,TX,ASW,CE,Towers with Radar,0,16,60,0,76,0,9,80,3,92,0,25,140,3,168,168,0,168,336
11/07/2014,DWH,TX,ASW,CE,Towers with Radar,0,3,62,1,66,0,7,279,4,290,0,10,341,5,356,306,0,306,662
11/08/2014,DWH,TX,ASW,CE,Towers with Radar,0,12,39,0,51,0,3,244,3,250,0,15,283,3,301,314,0,314,615
11/09/2014,DWH,TX,ASW,CE,Towers with Radar,0,8,60,1,69,0,9,267,8,284,0,17,327,9,353,201,0,201,554
11/10/2014,DWH,TX,ASW,CE,Towers with Radar,0,3,33,2,38,0,10,155,2,167,0,13,188,4,205,128,0,128,333
11/11/2014,DWH,TX,ASW,CE,Towers with Radar,0,8,63,0,71,0,3,59,2,64,0,11,122,2,135,116,0,116,251
11/12/2014,DWH,TX,ASW,CE,Towers with Radar,0,3,56,2,61,0,3,165,2,170,0,6,221,4,231,278,0,278,509
11/13/2014,DWH,TX,ASW,CE,Towers with Radar,0,3,39,4,46,0,4,61,4,69,0,7,100,8,115,0,0,0,115
11/14/2014,DWH,TX,ASW,CE,Towers with Radar,0,8,54,3,65,0,9,196,12,217,0,17,250,15,282,234,28,262,544
11/15/2014,DWH,TX,ASW,CE,Towers with Radar,0,2,38,7,47,0,2,93,0,95,0,4,131,7,142,232,0,232,374
11/16/2014,DWH,TX,ASW,CE,Towers with Radar,0,9,51,1,61,0,0,0,0,0,0,9,51,1,61,0,0,0,61
11/17/2014,DWH,TX,ASW,CE,Towers with Radar,0,8,36,2,46,0,5,168,5,178,0,13,204,7,224,174,0,174,398
11/18/2014,DWH,TX,ASW,CE,Towers with Radar,0,6,29,6,41,0,5,204,5,214,0,11,233,11,255,218,0,218,473
11/19/2014,DWH,TX,ASW,CE,Towers with Radar,0,2,61,0,63,0,5,241,1,247,0,7,302,1,310,330,0,330,640
11/20/2014,DWH,TX,ASW,CE,Towers with Radar,0,7,65,6,78,0,13,118,3,134,0,20,183,9,212,218,0,218,430
11/21/2014,DWH,TX,ASW,CE,Towers with Radar,0,5,77,0,82,0,4,0,0,4,0,9,77,0,86,10,0,10,96
11/22/2014,DWH,TX,ASW,CE,Towers with Radar,0,5,20,0,25,0,3,16,0,19,0,8,36,0,44,58,0,58,102
11/23/2014,DWH,TX,ASW,CE,Towers with Radar,0,7,44,3,54,0,2,133,3,138,0,9,177,6,192,114,0,114,306
11/24/2014,DWH,TX,ASW,CE,Towers with Radar,0,9,29,2,40,0,4,201,3,208,0,13,230,5,248,272,0,272,520
11/25/2014,DWH,TX,ASW,CE,Towers with Radar,0,7,43,3,53,0,6,231,5,242,0,13,274,8,295,298,0,298,593
11/26/2014,DWH,TX,ASW,CE,Towers with Radar,0,6,41,0,47,0,8,200,5,213,0,14,241,5,260,86,6,92,352
11/27/2014,DWH,TX,ASW,CE,Towers with Radar,0,5,11,0,16,0,2,92,0,94,0,7,103,0,110,80,0,80,190
11/28/2014,DWH,TX,ASW,CE,Towers with Radar,0,4,26,0,30,0,0,172,1,173,0,4,198,1,203,126,0,126,329
11/29/2014,DWH,TX,ASW,CE,Towers with Radar,0,9,37,0,46,0,2,123,1,126,0,11,160,1,172,148,0,148,320
11/30/2014,DWH,TX,ASW,CE,Towers with Radar,0,6,57,0,63,0,4,140,0,144,0,10,197,0,207,229,0,229,436
12/01/2014,DWH,TX,ASW,CE,Towers with Radar,0,9,32,0,41,0,4,3,0,7,0,13,35,0,48,0,0,0,48
12/02/2014,DWH,TX,ASW,CE,Towers with Radar,0,11,76,3,90,0,4,61,3,68,0,15,137,6,158,382,0,382,540
12/03/2014,DWH,TX,ASW,CE,Towers with Radar,0,11,70,3,84,0,5,74,8,87,0,16,144,11,171,176,0,176,347
12/04/2014,DWH,TX,ASW,CE,Towers with Radar,0,5,79,0,84,0,2,55,4,61,0,7,134,4,145,118,0,118,263
12/05/2014,DWH,TX,ASW,CE,Towers with Radar,0,4,45,8,57,0,1,83,4,88,0,5,128,12,145,112,0,112,257
12/06/2014,DWH,TX,ASW,CE,Towers with Radar,0,7,44,2,53,0,0,9,0,9,0,7,53,2,62,6,0,6,68
12/07/2014,DWH,TX,ASW,CE,Towers with Radar,0,11,65,4,80,0,0,43,0,43,0,11,108,4,123,56,0,56,179
12/08/2014,DWH,TX,ASW,CE,Towers with Radar,0,5,39,6,50,0,7,207,9,223,0,12,246,15,273,240,0,240,513
12/09/2014,DWH,TX,ASW,CE,Towers with Radar,0,6,53,9,68,0,2,193,5,200,0,8,246,14,268,264,0,264,532
12/10/2014,DWH,TX,ASW,CE,Towers with Radar,0,8,51,0,59,0,9,188,2,199,0,17,239,2,258,298,0,298,556
12/11/2014,DWH,TX,ASW,CE,Towers with Radar,0,7,48,4,59,0,3,229,18,250,0,10,277,22,309,202,0,202,511
12/12/2014,DWH,TX,ASW,CE,Towers with Radar,0,10,71,5,86,0,3,149,2,154,0,13,220,7,240,116,0,116,356
12/13/2014,DWH,TX,ASW,CE,Towers with Radar,0,6,45,1,52,0,4,138,2,144,0,10,183,3,196,374,0,374,570
12/14/2014,DWH,TX,ASW,CE,Towers with Radar,0,7,59,6,72,0,3,70,0,73,0,10,129,6,145,122,0,122,267
12/15/2014,DWH,TX,ASW,CE,Towers with Radar,0,9,45,10,64,0,4,99,6,109,0,13,144,16,173,170,0,170,343
12/16/2014,DWH,TX,ASW,CE,Towers with Radar,0,8,60,3,71,0,4,211,8,223,0,12,271,11,294,234,0,234,528
12/17/2014,DWH,TX,ASW,CE,Towers with Radar,0,7,53,5,65,0,4,154,6,164,0,11,207,11,229,238,0,238,467
12/18/2014,DWH,TX,ASW,CE,Towers with Radar,0,17,67,2,86,0,3,33,0,36,0,20,100,2,122,50,0,50,172
12/19/2014,DWH,TX,ASW,CE,Towers with Radar,0,9,45,0,54,0,0,5,0,5,0,9,50,0,59,0,0,0,59
12/20/2014,DWH,TX,ASW,CE,Towers with Radar,0,11,74,2,87,0,1,44,0,45,0,12,118,2,132,44,0,44,176
12/21/2014,DWH,TX,ASW,CE,Towers with Radar,0,4,56,0,60,0,6,123,3,132,0,10,179,3,192,206,0,206,398
12/22/2014,DWH,TX,ASW,CE,Towers with Radar,0,4,41,0,45,0,2,73,2,77,0,6,114,2,122,75,0,75,197
12/23/2014,DWH,TX,ASW,CE,Towers with Radar,0,2,21,0,23,0,12,55,2,69,0,14,76,2,92,38,0,38,130
12/24/2014,DWH,TX,ASW,CE,Towers with Radar,0,3,23,0,26,0,4,98,2,104,0,7,121,2,130,50,0,50,180
12/25/2014,DWH,TX,ASW,CE,Towers with Radar,0,2,7,0,9,0,4,24,0,28,0,6,31,0,37,12,0,12,49
12/26/2014,DWH,TX,ASW,CE,Towers with Radar,0,7,43,0,50,0,6,45,0,51,0,13,88,0,101,116,0,116,217
12/27/2014,DWH,TX,ASW,CE,Towers with Radar,0,2,30,0,32,0,0,3,0,3,0,2,33,0,35,4,0,4,39
12/28/2014,DWH,TX,ASW,CE,Towers with Radar,0,7,32,0,39,0,0,10,0,10,0,7,42,0,49,0,0,0,49
12/29/2014,DWH,TX,ASW,CE,Towers with Radar,0,3,22,4,29,0,0,1,0,1,0,3,23,4,30,0,0,0,30
12/30/2014,DWH,TX,ASW,CE,Towers with Radar,0,10,50,4,64,0,8,98,2,108,0,18,148,6,172,190,0,190,362
12/31/2014,DWH,TX,ASW,CE,Towers with Radar,0,0,25,4,29,0,7,95,2,104,0,7,120,6,133,84,0,84,217
01/01/2015,DWH,TX,ASW,CE,Towers with Radar,0,9,11,0,20,0,0,0,0,0,0,9,11,0,20,0,0,0,20
01/02/2015,DWH,TX,ASW,CE,Towers with Radar,0,3,22,0,25,0,0,0,0,0,0,3,22,0,25,0,0,0,25
01/03/2015,DWH,TX,ASW,CE,Towers with Radar,0,6,43,0,49,0,0,33,0,33,0,6,76,0,82,36,0,36,118
01/04/2015,DWH,TX,ASW,CE,Towers with Radar,0,6,37,0,43,0,6,181,0,187,0,12,218,0,230,118,0,118,348
01/05/2015,DWH,TX,ASW,CE,Towers with Radar,0,5,45,2,52,0,4,146,8,158,0,9,191,10,210,212,0,212,422
01/06/2015,DWH,TX,ASW,CE,Towers with Radar,0,6,35,2,43,0,6,182,3,191,0,12,217,5,234,270,0,270,504
01/07/2015,DWH,TX,ASW,CE,Towers with Radar,0,4,42,2,48,0,3,130,6,139,0,7,172,8,187,117,0,117,304
01/08/2015,DWH,TX,ASW,CE,Towers with Radar,0,6,50,8,64,0,0,145,6,151,0,6,195,14,215,112,0,112,327
01/09/2015,DWH,TX,ASW,CE,Towers with Radar,0,1,43,2,46,0,2,20,2,24,0,3,63,4,70,36,0,36,106
01/10/2015,DWH,TX,ASW,CE,Towers with Radar,0,3,12,2,17,0,0,42,2,44,0,3,54,4,61,94,0,94,155
01/11/2015,DWH,TX,ASW,CE,Towers with Radar,0,4,29,2,35,0,0,0,0,0,0,4,29,2,35,0,0,0,35
01/12/2015,DWH,TX,ASW,CE,Towers with Radar,0,4,41,3,48,0,2,11,2,15,0,6,52,5,63,44,2,46,109
01/13/2015,DWH,TX,ASW,CE,Towers with Radar,0,8,57,6,71,0,1,14,3,18,0,9,71,9,89,10,0,10,99
01/14/2015,DWH,TX,ASW,CE,Towers with Radar,0,6,52,1,59,0,0,88,6,94,0,6,140,7,153,138,8,146,299
01/15/2015,DWH,TX,ASW,CE,Towers with Radar,0,11,77,5,93,0,3,174,2,179,0,14,251,7,272,118,0,118,390
01/16/2015,DWH,TX,ASW,CE,Towers with Radar,0,10,53,1,64,0,3,186,8,197,0,13,239,9,261,160,0,160,421
01/17/2015,DWH,TX,ASW,CE,Towers with Radar,0,0,29,0,29,0,2,203,1,206,0,2,232,1,235,222,0,222,457
01/18/2015,DWH,TX,ASW,CE,Towers with Radar,0,4,40,0,44,0,5,227,1,233,0,9,267,1,277,156,0,156,433
01/19/2015,DWH,TX,ASW,CE,Towers with Radar,0,15,41,0,56,0,3,200,4,207,0,18,241,4,263,148,0,148,411
01/20/2015,DWH,TX,ASW,CE,Towers with Radar,0,4,65,2,71,0,2,54,1,57,0,6,119,3,128,144,0,144,272
01/21/2015,DWH,TX,ASW,CE,Towers with Radar,0,6,44,4,54,0,4,25,3,32,0,10,69,7,86,54,0,54,140
01/22/2015,DWH,TX,ASW,CE,Towers with Radar,0,4,32,0,36,0,1,0,0,1,0,5,32,0,37,0,0,0,37
01/23/2015,DWH,TX,ASW,CE,Towers with Radar,0,3,33,0,36,0,6,25,2,33,0,9,58,2,69,19,0,19,88
01/24/2015,DWH,TX,ASW,CE,Towers with Radar,0,2,35,8,45,0,0,233,4,237,0,2,268,12,282,312,0,312,594
01/25/2015,DWH,TX,ASW,CE,Towers with Radar,0,6,41,4,51,0,4,216,2,222,0,10,257,6,273,134,2,136,409
01/26/2015,DWH,TX,ASW,CE,Towers with Radar,0,3,46,5,54,0,1,169,8,178,0,4,215,13,232,174,0,174,406
01/27/2015,DWH,TX,ASW,CE,Towers with Radar,0,13,53,5,71,0,2,168,8,178,0,15,221,13,249,162,0,162,411
01/28/2015,DWH,TX,ASW,CE,Towers with Radar,0,7,50,2,59,0,5,215,9,229,0,12,265,11,288,161,0,161,449
01/29/2015,DWH,TX,ASW,CE,Towers with Radar,0,11,76,2,89,0,2,153,11,166,0,13,229,13,255,158,0,158,413
01/30/2015,DWH,TX,ASW,CE,Towers with Radar,0,10,51,3,64,0,6,180,11,197,0,16,231,14,261,194,0,194,455
01/31/2015,DWH,TX,ASW,CE,Towers with Radar,0,8,25,2,35,0,2,91,0,93,0,10,116,2,128,70,0,70,198
02/01/2015,DWH,TX,ASW,CE,Towers with Radar,0,3,33,0,36,0,0,43,2,45,0,3,76,2,81,69,0,69,150
02/02/2015,DWH,TX,ASW,CE,Towers with Radar,0,9,39,1,49,0,2,113,5,120,0,11,152,6,169,195,4,199,368
02/03/2015,DWH,TX,ASW,CE,Towers with Radar,0,9,37,0,46,0,2,48,0,50,0,11,85,0,96,132,0,132,228
02/04/2015,DWH,TX,ASW,CE,Towers with Radar,0,5,49,2,56,0,3,43,0,46,0,8,92,2,102,121,0,121,223
02/05/2015,DWH,TX,ASW,CE,Towers with Radar,0,10,80,1,91,0,1,7,0,8,0,11,87,1,99,10,0,10,109
02/06/2015,DWH,TX,ASW,CE,Towers with Radar,0,5,67,18,90,0,5,177,3,185,0,10,244,21,275,152,0,152,427
02/07/2015,DWH,TX,ASW,CE,Towers with Radar,0,1,38,0,39,0,3,224,3,230,0,4,262,3,269,216,0,216,485
02/08/2015,DWH,TX,ASW,CE,Towers with Radar,0,7,67,4,78,0,5,111,1,117,0,12,178,5,195,134,0,134,329
02/09/2015,DWH,TX,ASW,CE,Towers with Radar,0,3,40,2,45,0,3,165,5,173,0,6,205,7,218,178,0,178,396
02/10/2015,DWH,TX,ASW,CE,Towers with Radar,0,9,35,0,44,0,2,186,3,191,0,11,221,3,235,257,2,259,494
02/11/2015,DWH,TX,ASW,CE,Towers with Radar,0,7,55,8,70,0,2,111,5,118,0,9,166,13,188,154,0,154,342
02/12/2015,DWH,TX,ASW,CE,Towers with Radar,0,7,65,2,74,0,9,159,8,176,0,16,224,10,250,244,0,244,494
02/13/2015,DWH,TX,ASW,CE,Towers with Radar,0,12,41,3,56,0,6,202,3,211,0,18,243,6,267,214,0,214,481
02/14/2015,DWH,TX,ASW,CE,Towers with Radar,0,4,33,0,37,0,2,197,1,200,0,6,230,1,237,74,0,74,311
02/15/2015,DWH,TX,ASW,CE,Towers with Radar,0,4,49,0,53,0,1,49,1,51,0,5,98,1,104,99,0,99,203
02/16/2015,DWH,TX,ASW,CE,Towers with Radar,0,10,27,0,37,0,1,1,0,2,0,11,28,0,39,10,0,10,49
02/17/2015,DWH,TX,ASW,CE,Towers with Radar,0,4,34,9,47,0,3,104,3,110,0,7,138,12,157,144,0,144,301
02/18/2015,DWH,TX,ASW,CE,Towers with Radar,0,2,36,6,44,0,8,188,3,199,0,10,224,9,243,62,0,62,305
02/19/2015,DWH,TX,ASW,CE,Towers with Radar,0,6,48,11,65,0,6,216,12,234,0,12,264,23,299,130,0,130,429
02/20/2015,DWH,TX,ASW,CE,Towers with Radar,0,9,43,4,56,0,12,58,6,76,0,21,101,10,132,68,0,68,200
02/21/2015,DWH,TX,ASW,CE,Towers with Radar,0,5,32,0,37,0,3,32,1,36,0,8,64,1,73,42,0,42,115
02/22/2015,DWH,TX,ASW,CE,Towers with Radar,0,4,48,6,58,0,1,8,0,9,0,5,56,6,67,72,0,72,139
02/23/2015,DWH,TX,ASW,CE,Towers with Radar,0,6,27,0,33,0,1,0,0,1,0,7,27,0,34,6,0,6,40
02/24/2015,DWH,TX,ASW,CE,Towers with Radar,0,9,25,5,39,0,4,22,2,28,0,13,47,7,67,4,0,4,71
02/25/2015,DWH,TX,ASW,CE,Towers with Radar,0,7,31,6,44,0,1,55,5,61,0,8,86,11,105,82,0,82,187
02/26/2015,DWH,TX,ASW,CE,Towers with Radar,0,4,73,0,77,0,4,139,6,149,0,8,212,6,226,112,0,112,338
02/27/2015,DWH,TX,ASW,CE,Towers with Radar,0,5,29,13,47,0,5,96,6,107,0,10,125,19,154,114,0,114,268
02/28/2015,DWH,TX,ASW,CE,Towers with Radar,0,5,37,2,44,0,2,78,2,82,0,7,115,4,126,136,2,138,264
03/01/2015,DWH,TX,ASW,CE,Towers with Radar,0,4,25,0,29,0,0,0,0,0,0,4,25,0,29,0,0,0,29
03/02/2015,DWH,TX,ASW,CE,Towers with Radar,0,6,37,0,43,0,3,0,0,3,0,9,37,0,46,2,0,2,48
03/03/2015,DWH,TX,ASW,CE,Towers with Radar,0,2,41,2,45,0,5,26,1,32,0,7,67,3,77,44,0,44,121
03/04/2015,DWH,TX,ASW,CE,Towers with Radar,0,6,40,1,47,0,6,54,1,61,0,12,94,2,108,104,0,104,212
03/05/2015,DWH,TX,ASW,CE,Towers with Radar,0,5,33,0,38,0,8,35,0,43,0,13,68,0,81,38,0,38,119
03/06/2015,DWH,TX,ASW,CE,Towers with Radar,0,4,55,0,59,0,4,228,2,234,0,8,283,2,293,188,0,188,481
03/07/2015,DWH,TX,ASW,CE,Towers with Radar,0,2,37,4,43,0,5,179,4,188,0,7,216,8,231,129,0,129,360
03/08/2015,DWH,TX,ASW,CE,Towers with Radar,0,8,31,0,39,0,0,7,0,7,0,8,38,0,46,2,0,2,48
03/09/2015,DWH,TX,ASW,CE,Towers with Radar,0,9,19,0,28,0,0,0,0,0,0,9,19,0,28,0,0,0,28
03/10/2015,DWH,TX,ASW,CE,Towers with Radar,0,4,57,0,61,0,2,5,0,7,0,6,62,0,68,0,0,0,68
03/11/2015,DWH,TX,ASW,CE,Towers with Radar,0,2,44,4,50,0,2,32,3,37,0,4,76,7,87,50,0,50,137
03/12/2015,DWH,TX,ASW,CE,Towers with Radar,0,12,39,0,51,0,2,0,0,2,0,14,39,0,53,0,0,0,53
03/13/2015,DWH,TX,ASW,CE,Towers with Radar,0,6,65,0,71,0,2,27,0,29,0,8,92,0,100,88,0,88,188
03/14/2015,DWH,TX,ASW,CE,Towers with Radar,0,2,46,0,48,0,5,195,6,206,0,7,241,6,254,211,0,211,465
03/15/2015,DWH,TX,ASW,CE,Towers with Radar,0,8,65,0,73,0,3,117,6,126,0,11,182,6,199,238,0,238,437
03/16/2015,DWH,TX,ASW,CE,Towers with Radar,0,12,31,7,50,0,4,169,8,181,0,16,200,15,231,262,0,262,493
03/17/2015,DWH,TX,ASW,CE,Towers with Radar,0,5,45,4,54,0,2,115,4,121,0,7,160,8,175,166,0,166,341
03/18/2015,DWH,TX,ASW,CE,Towers with Radar,0,6,54,0,60,0,5,95,0,100,0,11,149,0,160,98,0,98,258
03/19/2015,DWH,TX,ASW,CE,Towers with Radar,0,13,72,2,87,0,3,29,4,36,0,16,101,6,123,52,0,52,175
03/20/2015,DWH,TX,ASW,CE,Towers with Radar,0,12,48,0,60,0,0,27,0,27,0,12,75,0,87,136,0,136,223
03/21/2015,DWH,TX,ASW,CE,Towers with Radar,0,7,37,0,44,0,0,0,0,0,0,7,37,0,44,0,0,0,44
03/22/2015,DWH,TX,ASW,CE,Towers with Radar,0,8,49,0,57,0,1,82,2,85,0,9,131,2,142,140,0,140,282
03/23/2015,DWH,TX,ASW,CE,Towers with Radar,0,1,54,8,63,0,6,213,1,220,0,7,267,9,283,230,0,230,513
03/24/2015,DWH,TX,ASW,CE,Towers with Radar,0,10,78,1,89,0,5,178,3,186,0,15,256,4,275,172,0,172,447
03/25/2015,DWH,TX,ASW,CE,Towers with Radar,0,5,60,0,65,0,1,127,8,136,0,6,187,8,201,132,0,132,333
03/26/2015,DWH,TX,ASW,CE,Towers with Radar,0,6,48,2,56,0,1,59,0,60,0,7,107,2,116,74,0,74,190
03/27/2015,DWH,TX,ASW,CE,Towers with Radar,0,9,46,15,70,0,2,225,4,231,0,11,271,19,301,239,0,239,540
03/28/2015,DWH,TX,ASW,CE,Towers with Radar,0,6,41,3,50,0,4,241,4,249,0,10,282,7,299,164,0,164,463
03/29/2015,DWH,TX,ASW,CE,Towers with Radar,0,11,52,2,65,0,2,115,0,117,0,13,167,2,182,133,0,133,315
03/30/2015,DWH,TX,ASW,CE,Towers with Radar,0,9,39,7,55,0,3,134,4,141,0,12,173,11,196,147,0,147,343
03/31/2015,DWH,TX,ASW,CE,Towers with Radar,0,9,63,0,72,0,2,111,2,115,0,11,174,2,187,130,0,130,317
04/01/2015,DWH,TX,ASW,CE,Towers with Radar,0,10,61,4,75,0,0,60,1,61,0,10,121,5,136,165,0,165,301
04/02/2015,DWH,TX,ASW,CE,Towers with Radar,0,9,80,9,98,0,4,86,2,92,0,13,166,11,190,100,0,100,290
04/03/2015,DWH,TX,ASW,CE,Towers with Radar,0,7,68,0,75,0,2,45,0,47,0,9,113,0,122,178,0,178,300
04/04/2015,DWH,TX,ASW,CE,Towers with Radar,0,1,32,0,33,0,3,163,0,166,0,4,195,0,199,69,0,69,268
04/05/2015,DWH,TX,ASW,CE,Towers with Radar,0,2,68,0,70,0,0,3,0,3,0,2,71,0,73,2,0,2,75
04/06/2015,DWH,TX,ASW,CE,Towers with Radar,0,7,38,8,53,0,1,77,2,80,0,8,115,10,133,114,0,114,247
04/07/2015,DWH,TX,ASW,CE,Towers with Radar,0,6,67,0,73,0,3,120,3,126,0,9,187,3,199,194,0,194,393
04/08/2015,DWH,TX,ASW,CE,Towers with Radar,0,8,58,2,68,0,3,121,6,130,0,11,179,8,198,142,0,142,340
04/09/2015,DWH,TX,ASW,CE,Towers with Radar,0,5,54,0,59,0,5,102,1,108,0,10,156,1,167,78,0,78,245
04/10/2015,DWH,TX,ASW,CE,Towers with Radar,0,5,38,0,43,0,5,28,7,40,0,10,66,7,83,12,0,12,95
04/11/2015,DWH,TX,ASW,CE,Towers with Radar,0,7,29,0,36,0,2,48,0,50,0,9,77,0,86,145,0,145,231
04/12/2015,DWH,TX,ASW,CE,Towers with Radar,0,6,48,0,54,0,3,10,0,13,0,9,58,0,67,80,0,80,147
04/13/2015,DWH,TX,ASW,CE,Towers with Radar,0,14,29,0,43,0,2,61,6,69,0,16,90,6,112,76,0,76,188
04/14/2015,DWH,TX,ASW,CE,Towers with Radar,0,7,50,0,57,0,2,13,0,15,0,9,63,0,72,80,0,80,152
04/15/2015,DWH,TX,ASW,CE,Towers with Radar,0,7,52,4,63,0,8,187,2,197,0,15,239,6,260,90,0,90,350
04/16/2015,DWH,TX,ASW,CE,Towers with Radar,0,7,35,0,42,0,2,41,4,47,0,9,76,4,89,96,0,96,185
04/17/2015,DWH,TX,ASW,CE,Towers with Radar,0,5,37,0,42,0,6,79,8,93,0,11,116,8,135,75,0,75,210
04/18/2015,DWH,TX,ASW,CE,Towers with Radar,0,8,31,5,44,0,2,46,2,50,0,10,77,7,94,127,0,127,221
04/19/2015,DWH,TX,ASW,CE,Towers with Radar,0,4,43,1,48,0,1,149,3,153,0,5,192,4,201,65,0,65,266
04/20/2015,DWH,TX,ASW,CE,Towers with Radar,0,6,48,1,55,0,0,156,9,165,0,6,204,10,220,190,0,190,410
04/21/2015,DWH,TX,ASW,CE,Towers with Radar,0,4,63,7,74,0,4,136,5,145,0,8,199,12,219,129,0,129,348
04/22/2015,DWH,TX,ASW,CE,Towers with Radar,0,8,38,3,49,0,1,71,3,75,0,9,109,6,124,189,2,191,315
04/23/2015,DWH,TX,ASW,CE,Towers with Radar,0,9,55,2,66,0,3,76,8,87,0,12,131,10,153,165,0,165,318
04/24/2015,DWH,TX,ASW,CE,Towers with Radar,0,10,57,4,71,0,0,20,1,21,0,10,77,5,92,57,0,57,149
04/25/2015,DWH,TX,ASW,CE,Towers with Radar,0,5,25,0,30,0,1,126,1,128,0,6,151,1,158,56,0,56,214
04/26/2015,DWH,TX,ASW,CE,Towers with Radar,0,8,38,0,46,0,0,94,0,94,0,8,132,0,140,230,0,230,370
04/27/2015,DWH,TX,ASW,CE,Towers with Radar,0,7,30,0,37,0,0,90,5,95,0,7,120,5,132,80,0,80,212
04/28/2015,DWH,TX,ASW,CE,Towers with Radar,0,10,64,4,78,0,4,45,4,53,0,14,109,8,131,84,0,84,215
04/29/2015,DWH,TX,ASW,CE,Towers with Radar,0,12,41,4,57,0,1,184,4,189,0,13,225,8,246,171,0,171,417
04/30/2015,DWH,TX,ASW,CE,Towers with Radar,0,8,49,2,59,0,1,224,8,233,0,9,273,10,292,232,0,232,524
05/01/2015,DWH,TX,ASW,CE,Towers with Radar,0,4,44,4,52,0,0,200,8,208,0,4,244,12,260,234,0,234,494
05/02/2015,DWH,TX,ASW,CE,Towers with Radar,0,7,45,2,54,0,1,210,5,216,0,8,255,7,270,255,1,256,526
05/03/2015,DWH,TX,ASW,CE,Towers with Radar,0,11,51,2,64,0,0,145,2,147,0,11,196,4,211,158,0,158,369
05/04/2015,DWH,TX,ASW,CE,Towers with Radar,0,11,40,3,54,0,3,106,7,116,0,14,146,10,170,87,8,95,265
05/05/2015,DWH,TX,ASW,CE,Towers with Radar,0,6,42,1,49,0,0,28,5,33,0,6,70,6,82,10,2,12,94
05/06/2015,DWH,TX,ASW,CE,Towers with Radar,0,9,44,1,54,0,5,79,2,86,0,14,123,3,140,204,0,204,344
05/07/2015,DWH,TX,ASW,CE,Towers with Radar,0,10,56,6,72,0,0,101,6,107,0,10,157,12,179,156,0,156,335
05/08/2015,DWH,TX,ASW,CE,Towers with Radar,0,9,52,3,64,0,1,65,2,68,0,10,117,5,132,167,0,167,299
05/09/2015,DWH,TX,ASW,CE,Towers with Radar,0,4,31,0,35,0,2,86,2,90,0,6,117,2,125,109,0,109,234
05/10/2015,DWH,TX,ASW,CE,Towers with Radar,0,10,47,1,58,0,8,38,1,47,0,18,85,2,105,32,0,32,137
05/11/2015,DWH,TX,ASW,CE,Towers with Radar,0,5,28,0,33,0,0,16,0,16,0,5,44,0,49,68,0,68,117
05/12/2015,DWH,TX,ASW,CE,Towers with Radar,0,6,41,0,47,0,0,15,0,15,0,6,56,0,62,73,0,73,135
05/13/2015,DWH,TX,ASW,CE,Towers with Radar,0,8,36,0,44,0,0,19,0,19,0,8,55,0,63,103,0,103,166
05/14/2015,DWH,TX,ASW,CE,Towers with Radar,0,16,50,2,68,0,0,74,8,82,0,16,124,10,150,121,0,121,271
05/15/2015,DWH,TX,ASW,CE,Towers with Radar,0,7,41,2,50,0,1,29,3,33,0,8,70,5,83,78,0,78,161
05/16/2015,DWH,TX,ASW,CE,Towers with Radar,0,6,41,2,49,0,0,96,2,98,0,6,137,4,147,107,0,107,254
05/17/2015,DWH,TX,ASW,CE,Towers with Radar,0,6,43,1,50,0,0,37,0,37,0,6,80,1,87,97,0,97,184
05/18/2015,DWH,TX,ASW,CE,Towers with Radar,0,4,47,0,51,0,5,55,0,60,0,9,102,0,111,141,0,141,252
05/19/2015,DWH,TX,ASW,CE,Towers with Radar,0,6,36,7,49,0,0,56,3,59,0,6,92,10,108,138,0,138,246
05/20/2015,DWH,TX,ASW,CE,Towers with Radar,0,12,40,21,73,0,0,82,2,84,0,12,122,23,157,146,0,146,303
05/21/2015,DWH,TX,ASW,CE,Towers with Radar,0,13,46,0,59,0,4,19,5,28,0,17,65,5,87,56,0,56,143
05/22/2015,DWH,TX,ASW,CE,Towers with Radar,0,4,65,0,69,0,6,54,6,66,0,10,119,6,135,128,0,128,263
05/23/2015,DWH,TX,ASW,CE,Towers with Radar,0,6,19,0,25,0,1,76,0,77,0,7,95,0,102,128,0,128,230
05/24/2015,DWH,TX,ASW,CE,Towers with Radar,0,5,21,0,26,0,0,42,2,44,0,5,63,2,70,79,0,79,149
05/25/2015,DWH,TX,ASW,CE,Towers with Radar,0,6,33,0,39,0,0,54,0,54,0,6,87,0,93,91,0,91,184
05/26/2015,DWH,TX,ASW,CE,Towers with Radar,0,6,26,0,32,0,0,103,10,113,0,6,129,10,145,31,0,31,176
05/27/2015,DWH,TX,ASW,CE,Towers with Radar,0,2,25,1,28,0,0,98,3,101,0,2,123,4,129,60,0,60,189
05/28/2015,DWH,TX,ASW,CE,Towers with Radar,0,5,48,1,54,0,2,143,3,148,0,7,191,4,202,220,0,220,422
05/29/2015,DWH,TX,ASW,CE,Towers with Radar,0,1,54,1,56,0,0,127,0,127,0,1,181,1,183,273,0,273,456
05/30/2015,DWH,TX,ASW,CE,Towers with Radar,0,1,24,0,25,0,0,80,3,83,0,1,104,3,108,153,0,153,261
05/31/2015,DWH,TX,ASW,CE,Towers with Radar,0,7,27,0,34,0,0,149,0,149,0,7,176,0,183,195,0,195,378
06/01/2015,DWH,TX,ASW,CE,Towers with Radar,0,10,40,4,54,0,0,155,5,160,0,10,195,9,214,123,0,123,337
06/02/2015,DWH,TX,ASW,CE,Towers with Radar,0,8,37,4,49,0,5,180,2,187,0,13,217,6,236,140,0,140,376
06/03/2015,DWH,TX,ASW,CE,Towers with Radar,0,6,57,2,65,0,0,202,7,209,0,6,259,9,274,289,22,311,585
06/04/2015,DWH,TX,ASW,CE,Towers with Radar,0,7,35,4,46,0,4,184,7,195,0,11,219,11,241,190,0,190,431
06/05/2015,DWH,TX,ASW,CE,Towers with Radar,0,11,51,7,69,0,4,169,5,178,0,15,220,12,247,175,8,183,430
06/06/2015,DWH,TX,ASW,CE,Towers with Radar,0,0,25,5,30,0,6,142,0,148,0,6,167,5,178,84,0,84,262
06/07/2015,DWH,TX,ASW,CE,Towers with Radar,0,7,33,2,42,0,7,152,0,159,0,14,185,2,201,102,0,102,303
06/08/2015,DWH,TX,ASW,CE,Towers with Radar,0,5,49,2,56,0,6,123,6,135,0,11,172,8,191,101,0,101,292
06/09/2015,DWH,TX,ASW,CE,Towers with Radar,0,5,53,0,58,0,3,137,7,147,0,8,190,7,205,92,0,92,297
06/10/2015,DWH,TX,ASW,CE,Towers with Radar,0,6,53,1,60,0,2,156,3,161,0,8,209,4,221,135,0,135,356
06/11/2015,DWH,TX,ASW,CE,Towers with Radar,0,7,52,5,64,0,4,134,7,145,0,11,186,12,209,136,2,138,347
06/12/2015,DWH,TX,ASW,CE,Towers with Radar,0,5,56,1,62,0,3,109,7,119,0,8,165,8,181,130,0,130,311
06/13/2015,DWH,TX,ASW,CE,Towers with Radar,0,7,25,0,32,0,3,29,0,32,0,10,54,0,64,49,0,49,113
06/14/2015,DWH,TX,ASW,CE,Towers with Radar,0,15,32,0,47,0,0,45,0,45,0,15,77,0,92,114,0,114,206
06/15/2015,DWH,TX,ASW,CE,Towers with Radar,0,5,30,2,37,0,3,21,1,25,0,8,51,3,62,31,0,31,93
06/16/2015,DWH,TX,ASW,CE,Towers with Radar,0,1,13,0,14,0,0,3,0,3,0,1,16,0,17,2,0,2,19
06/17/2015,DWH,TX,ASW,CE,Towers with Radar,0,4,18,0,22,0,5,13,0,18,0,9,31,0,40,23,0,23,63
06/18/2015,DWH,TX,ASW,CE,Towers with Radar,0,0,57,0,57,0,4,68,1,73,0,4,125,1,130,122,0,122,252
06/19/2015,DWH,TX,ASW,CE,Towers with Radar,0,5,37,1,43,0,1,97,3,101,0,6,134,4,144,220,0,220,364
06/20/2015,DWH,TX,ASW,CE,Towers with Radar,0,2,48,0,50,0,2,125,2,129,0,4,173,2,179,100,2,102,281
06/21/2015,DWH,TX,ASW,CE,Towers with Radar,0,7,39,4,50,0,1,118,2,121,0,8,157,6,171,99,4,103,274
06/22/2015,DWH,TX,ASW,CE,Towers with Radar,0,2,45,16,63,0,2,147,2,151,0,4,192,18,214,182,0,182,396
06/23/2015,DWH,TX,ASW,CE,Towers with Radar,0,1,60,1,62,0,2,132,10,144,0,3,192,11,206,119,0,119,325
06/24/2015,DWH,TX,ASW,CE,Towers with Radar,0,3,64,6,73,0,6,135,7,148,0,9,199,13,221,170,0,170,391
06/25/2015,DWH,TX,ASW,CE,Towers with Radar,0,3,67,3,73,0,0,123,9,132,0,3,190,12,205,159,0,159,364
06/26/2015,DWH,TX,ASW,CE,Towers with Radar,0,7,61,6,74,0,0,117,10,127,0,7,178,16,201,148,0,148,349
06/27/2015,DWH,TX,ASW,CE,Towers with Radar,0,5,36,0,41,0,0,136,2,138,0,5,172,2,179,145,0,145,324
06/28/2015,DWH,TX,ASW,CE,Towers with Radar,0,3,24,0,27,0,0,74,3,77,0,3,98,3,104,141,0,141,245
06/29/2015,DWH,TX,ASW,CE,Towers with Radar,0,4,25,3,32,0,2,80,7,89,0,6,105,10,121,237,0,237,358
06/30/2015,DWH,TX,ASW,CE,Towers with Radar,0,4,36,1,41,0,0,70,2,72,0,4,106,3,113,118,0,118,231
07/01/2015,DWH,TX,ASW,CE,Towers with Radar,0,2,31,8,41,0,5,123,4,132,0,7,154,12,173,77,0,77,250
07/02/2015,DWH,TX,ASW,CE,Towers with Radar,0,7,46,4,57,0,1,144,5,150,0,8,190,9,207,111,0,111,318
07/03/2015,DWH,TX,ASW,CE,Towers with Radar,0,1,26,0,27,0,0,144,4,148,0,1,170,4,175,206,0,206,381
07/04/2015,DWH,TX,ASW,CE,Towers with Radar,0,2,17,0,19,0,0,64,10,74,0,2,81,10,93,81,0,81,174
07/05/2015,DWH,TX,ASW,CE,Towers with Radar,0,8,33,0,41,0,1,95,6,102,0,9,128,6,143,55,0,55,198
07/06/2015,DWH,TX,ASW,CE,Towers with Radar,0,5,40,2,47,0,0,108,4,112,0,5,148,6,159,144,0,144,303
07/07/2015,DWH,TX,ASW,CE,Towers with Radar,0,7,47,1,55,0,1,79,2,82,0,8,126,3,137,120,0,120,257
07/08/2015,DWH,TX,ASW,CE,Towers with Radar,0,7,54,2,63,0,4,109,13,126,0,11,163,15,189,106,0,106,295
07/09/2015,DWH,TX,ASW,CE,Towers with Radar,0,12,37,2,51,0,0,160,15,175,0,12,197,17,226,229,0,229,455
07/10/2015,DWH,TX,ASW,CE,Towers with Radar,0,8,48,1,57,0,1,124,15,140,0,9,172,16,197,269,0,269,466
07/11/2015,DWH,TX,ASW,CE,Towers with Radar,0,7,38,0,45,0,0,172,4,176,0,7,210,4,221,119,0,119,340
07/12/2015,DWH,TX,ASW,CE,Towers with Radar,0,6,37,1,44,0,0,126,3,129,0,6,163,4,173,181,0,181,354
07/13/2015,DWH,TX,ASW,CE,Towers with Radar,0,3,44,7,54,0,0,93,8,101,0,3,137,15,155,122,14,136,291
07/14/2015,DWH,TX,ASW,CE,Towers with Radar,0,9,28,10,47,0,2,101,8,111,0,11,129,18,158,106,0,106,264
07/15/2015,DWH,TX,ASW,CE,Towers with Radar,0,6,61,4,71,0,0,142,4,146,0,6,203,8,217,131,0,131,348
07/16/2015,DWH,TX,ASW,CE,Towers with Radar,0,8,52,4,64,0,1,162,6,169,0,9,214,10,233,162,0,162,395
07/17/2015,DWH,TX,ASW,CE,Towers with Radar,0,10,61,7,78,0,0,118,2,120,0,10,179,9,198,195,0,195,393
07/18/2015,DWH,TX,ASW,CE,Towers with Radar,0,4,37,4,45,0,0,158,0,158,0,4,195,4,203,219,0,219,422
07/19/2015,DWH,TX,ASW,CE,Towers with Radar,0,10,36,11,57,0,0,157,4,161,0,10,193,15,218,152,0,152,370
07/20/2015,DWH,TX,ASW,CE,Towers with Radar,0,9,38,6,53,0,1,117,2,120,0,10,155,8,173,229,0,229,402
07/21/2015,DWH,TX,ASW,CE,Towers with Radar,0,11,49,5,65,0,0,115,2,117,0,11,164,7,182,163,0,163,345
07/22/2015,DWH,TX,ASW,CE,Towers with Radar,1,3,43,1,48,0,0,109,6,115,1,3,152,7,163,201,0,201,364
07/23/2015,DWH,TX,ASW,CE,Towers with Radar,0,9,49,5,63,0,1,162,6,169,0,10,211,11,232,166,0,166,398
07/24/2015,DWH,TX,ASW,CE,Towers with Radar,0,4,60,13,77,0,0,142,13,155,0,4,202,26,232,148,8,156,388
07/25/2015,DWH,TX,ASW,CE,Towers with Radar,0,4,39,2,45,0,0,135,0,135,0,4,174,2,180,204,0,204,384
07/26/2015,DWH,TX,ASW,CE,Towers with Radar,0,11,38,6,55,0,2,144,13,159,0,13,182,19,214,117,30,147,361
07/27/2015,DWH,TX,ASW,CE,Towers with Radar,0,1,52,1,54,0,0,101,4,105,0,1,153,5,159,92,0,92,251
07/28/2015,DWH,TX,ASW,CE,Towers with Radar,0,6,50,1,57,0,0,104,10,114,0,6,154,11,171,46,0,46,217
07/29/2015,DWH,TX,ASW,CE,Towers with Radar,0,5,38,0,43,0,1,83,6,90,0,6,121,6,133,190,0,190,323
07/30/2015,DWH,TX,ASW,CE,Towers with Radar,0,11,42,1,54,0,3,109,10,122,0,14,151,11,176,143,0,143,319
07/31/2015,DWH,TX,ASW,CE,Towers with Radar,0,11,43,1,55,0,0,152,4,156,0,11,195,5,211,145,0,145,356
08/01/2015,DWH,TX,ASW,CE,Towers with Radar,0,4,41,6,51,0,1,168,2,171,0,5,209,8,222,104,0,104,326
08/02/2015,DWH,TX,ASW,CE,Towers with Radar,0,3,37,3,43,0,0,145,7,152,0,3,182,10,195,112,0,112,307
08/03/2015,DWH,TX,ASW,CE,Towers with Radar,0,5,35,2,42,0,0,105,12,117,0,5,140,14,159,89,1,90,249
08/04/2015,DWH,TX,ASW,CE,Towers with Radar,0,5,51,10,66,0,0,96,12,108,0,5,147,22,174,185,0,185,359
08/05/2015,DWH,TX,ASW,CE,Towers with Radar,0,6,48,0,54,0,2,123,7,132,0,8,171,7,186,216,0,216,402
08/06/2015,DWH,TX,ASW,CE,Towers with Radar,0,6,45,5,56,0,0,111,7,118,0,6,156,12,174,203,0,203,377
08/07/2015,DWH,TX,ASW,CE,Towers with Radar,0,11,35,8,54,0,0,129,8,137,0,11,164,16,191,70,2,72,263
08/08/2015,DWH,TX,ASW,CE,Towers with Radar,0,2,34,2,38,0,2,166,5,173,0,4,200,7,211,141,0,141,352
08/09/2015,DWH,TX,ASW,CE,Towers with Radar,0,4,27,7,38,0,0,138,4,142,0,4,165,11,180,50,0,50,230
08/10/2015,DWH,TX,ASW,CE,Towers with Radar,0,3,50,0,53,0,0,79,0,79,0,3,129,0,132,54,0,54,186
08/11/2015,DWH,TX,ASW,CE,Towers with Radar,0,8,31,0,39,0,2,89,5,96,0,10,120,5,135,43,0,43,178
08/12/2015,DWH,TX,ASW,CE,Towers with Radar,0,7,31,0,38,0,2,95,12,109,0,9,126,12,147,130,0,130,277
08/13/2015,DWH,TX,ASW,CE,Towers with Radar,0,12,24,0,36,0,0,113,10,123,0,12,137,10,159,149,0,149,308
08/14/2015,DWH,TX,ASW,CE,Towers with Radar,0,5,41,2,48,0,1,135,6,142,0,6,176,8,190,154,0,154,344
08/15/2015,DWH,TX,ASW,CE,Towers with Radar,0,2,24,0,26,0,2,134,8,144,0,4,158,8,170,48,0,48,218
08/16/2015,DWH,TX,ASW,CE,Towers with Radar,0,7,36,2,45,0,0,88,4,92,0,7,124,6,137,113,0,113,250
08/17/2015,DWH,TX,ASW,CE,Towers with Radar,0,3,27,0,30,0,0,95,2,97,0,3,122,2,127,157,0,157,284
08/18/2015,DWH,TX,ASW,CE,Towers with Radar,0,0,28,2,30,0,0,103,11,114,0,0,131,13,144,139,0,139,283
08/19/2015,DWH,TX,ASW,CE,Towers with Radar,0,2,38,0,40,0,0,54,9,63,0,2,92,9,103,115,0,115,218
08/20/2015,DWH,TX,ASW,CE,Towers with Radar,0,4,27,0,31,0,0,8,1,9,0,4,35,1,40,14,0,14,54
08/21/2015,DWH,TX,ASW,CE,Towers with Radar,0,3,53,5,61,0,0,61,2,63,0,3,114,7,124,152,0,152,276
08/22/2015,DWH,TX,ASW,CE,Towers with Radar,0,9,33,2,44,0,0,88,2,90,0,9,121,4,134,225,3,228,362
08/23/2015,DWH,TX,ASW,CE,Towers with Radar,0,10,35,2,47,0,0,81,3,84,0,10,116,5,131,0,0,0,131
08/24/2015,DWH,TX,ASW,CE,Towers with Radar,0,4,36,0,40,0,1,86,7,94,0,5,122,7,134,56,0,56,190
08/25/2015,DWH,TX,ASW,CE,Towers with Radar,0,7,30,2,39,0,1,73,8,82,0,8,103,10,121,73,12,85,206
08/26/2015,DWH,TX,ASW,CE,Towers with Radar,0,11,49,4,64,0,0,130,7,137,0,11,179,11,201,219,0,219,420
08/27/2015,DWH,TX,ASW,CE,Towers with Radar,0,5,45,0,50,0,0,153,9,162,0,5,198,9,212,149,0,149,361
08/28/2015,DWH,TX,ASW,CE,Towers with Radar,0,5,41,5,51,0,0,172,6,178,0,5,213,11,229,122,0,122,351
08/29/2015,DWH,TX,ASW,CE,Towers with Radar,0,3,31,0,34,0,0,156,2,158,0,3,187,2,192,120,0,120,312
08/30/2015,DWH,TX,ASW,CE,Towers with Radar,0,7,42,0,49,0,2,143,6,151,0,9,185,6,200,140,0,140,340
08/31/2015,DWH,TX,ASW,CE,Towers with Radar,0,5,41,0,46,0,1,95,12,108,0,6,136,12,154,75,0,75,229
09/01/2015,DWH,TX,ASW,CE,Towers with Radar,0,9,20,0,29,0,0,54,4,58,0,9,74,4,87,48,0,48,135
09/02/2015,DWH,TX,ASW,CE,Towers with Radar,0,6,57,0,63,0,3,101,7,111,0,9,158,7,174,63,0,63,237
09/03/2015,DWH,TX,ASW,CE,Towers with Radar,0,5,49,1,55,0,4,79,5,88,0,9,128,6,143,96,0,96,239
09/04/2015,DWH,TX,ASW,CE,Towers with Radar,0,9,62,0,71,0,3,98,12,113,0,12,160,12,184,97,0,97,281
09/05/2015,DWH,TX,ASW,CE,Towers with Radar,0,3,32,0,35,0,0,65,5,70,0,3,97,5,105,219,0,219,324
09/06/2015,DWH,TX,ASW,CE,Towers with Radar,0,4,34,0,38,0,0,91,2,93,0,4,125,2,131,84,0,84,215
09/07/2015,DWH,TX,ASW,CE,Towers with Radar,0,8,40,0,48,0,0,114,2,116,0,8,154,2,164,89,0,89,253
09/08/2015,DWH,TX,ASW,CE,Towers with Radar,0,11,59,0,70,0,0,108,9,117,0,11,167,9,187,88,0,88,275
09/09/2015,DWH,TX,ASW,CE,Towers with Radar,0,10,51,0,61,0,0,62,6,68,0,10,113,6,129,56,0,56,185
09/10/2015,DWH,TX,ASW,CE,Towers with Radar,0,7,32,2,41,0,3,53,1,57,0,10,85,3,98,59,0,59,157
09/11/2015,DWH,TX,ASW,CE,Towers with Radar,0,9,34,1,44,0,0,20,4,24,0,9,54,5,68,75,0,75,143
09/12/2015,DWH,TX,ASW,CE,Towers with Radar,0,1,35,5,41,0,0,176,7,183,0,1,211,12,224,93,0,93,317
09/13/2015,DWH,TX,ASW,CE,Towers with Radar,0,6,36,0,42,0,0,179,0,179,0,6,215,0,221,104,0,104,325
09/14/2015,DWH,TX,ASW,CE,Towers with Radar,0,11,43,2,56,0,0,143,6,149,0,11,186,8,205,71,0,71,276
09/15/2015,DWH,TX,ASW,CE,Towers with Radar,0,8,46,3,57,0,1,61,13,75,0,9,107,16,132,65,0,65,197
09/16/2015,DWH,TX,ASW,CE,Towers with Radar,0,7,79,6,92,0,1,118,10,129,0,8,197,16,221,108,0,108,329
09/17/2015,DWH,TX,ASW,CE,Towers with Radar,0,14,53,3,70,0,1,97,9,107,0,15,150,12,177,96,0,96,273
09/18/2015,DWH,TX,ASW,CE,Towers with Radar,0,11,70,2,83,0,1,129,5,135,0,12,199,7,218,83,0,83,301
09/19/2015,DWH,TX,ASW,CE,Towers with Radar,0,10,43,3,56,0,1,144,2,147,0,11,187,5,203,96,0,96,299
09/20/2015,DWH,TX,ASW,CE,Towers with Radar,0,10,48,5,63,0,1,159,2,162,0,11,207,7,225,121,0,121,346
09/21/2015,DWH,TX,ASW,CE,Towers with Radar,0,14,27,6,47,0,0,99,9,108,0,14,126,15,155,48,0,48,203
09/22/2015,DWH,TX,ASW,CE,Towers with Radar,0,7,48,1,56,0,0,120,4,124,0,7,168,5,180,111,0,111,291
09/23/2015,DWH,TX,ASW,CE,Towers with Radar,0,8,55,4,67,0,1,133,14,148,0,9,188,18,215,48,0,48,263
09/24/2015,DWH,TX,ASW,CE,Towers with Radar,0,6,46,3,55,0,4,114,8,126,0,10,160,11,181,32,0,32,213
09/25/2015,DWH,TX,ASW,CE,Towers with Radar,0,13,63,5,81,0,1,143,8,152,0,14,206,13,233,180,0,180,413
09/26/2015,DWH,TX,ASW,CE,Towers with Radar,0,0,19,0,19,0,0,142,4,146,0,0,161,4,165,72,0,72,237
09/27/2015,DWH,TX,ASW,CE,Towers with Radar,0,0,24,1,25,0,1,79,2,82,0,1,103,3,107,100,0,100,207
09/28/2015,DWH,TX,ASW,CE,Towers with Radar,0,5,28,0,33,0,0,7,2,9,0,5,35,2,42,38,0,38,80
09/29/2015,DWH,TX,ASW,CE,Towers with Radar,0,3,60,0,63,0,2,107,7,116,0,5,167,7,179,80,0,80,259
09/30/2015,DWH,TX,ASW,CE,Towers with Radar,0,2,55,2,59,0,1,137,12,150,0,3,192,14,209,136,0,136,345
10/01/2015,DWH,TX,ASW,CE,Towers with Radar,0,6,51,2,59,0,0,144,15,159,0,6,195,17,218,106,0,106,324
10/02/2015,DWH,TX,ASW,CE,Towers with Radar,0,2,48,1,51,0,3,160,12,175,0,5,208,13,226,90,0,90,316
10/03/2015,DWH,TX,ASW,CE,Towers with Radar,0,4,23,6,33,0,1,166,1,168,0,5,189,7,201,106,0,106,307
10/04/2015,DWH,TX,ASW,CE,Towers with Radar,0,2,46,0,48,0,0,176,5,181,0,2,222,5,229,137,0,137,366
10/05/2015,DWH,TX,ASW,CE,Towers with Radar,0,4,37,2,43,0,3,118,11,132,0,7,155,13,175,83,0,83,258
10/06/2015,DWH,TX,ASW,CE,Towers with Radar,0,5,37,1,43,0,1,105,8,114,0,6,142,9,157,140,0,140,297
10/07/2015,DWH,TX,ASW,CE,Towers with Radar,0,8,36,4,48,0,1,115,11,127,0,9,151,15,175,142,0,142,317
10/08/2015,DWH,TX,ASW,CE,Towers with Radar,0,7,51,2,60,0,2,105,10,117,0,9,156,12,177,75,0,75,252
10/09/2015,DWH,TX,ASW,CE,Towers with Radar,0,4,47,0,51,0,2,107,11,120,0,6,154,11,171,162,0,162,333
10/10/2015,DWH,TX,ASW,CE,Towers with Radar,0,7,30,0,37,0,0,166,2,168,0,7,196,2,205,102,0,102,307
10/11/2015,DWH,TX,ASW,CE,Towers with Radar,0,5,37,0,42,0,0,168,5,173,0,5,205,5,215,180,0,180,395
10/12/2015,DWH,TX,ASW,CE,Towers with Radar,0,4,51,0,55,0,0,112,12,124,0,4,163,12,179,110,0,110,289
10/13/2015,DWH,TX,ASW,CE,Towers with Radar,0,17,34,5,56,0,4,112,15,131,0,21,146,20,187,118,4,122,309
10/14/2015,DWH,TX,ASW,CE,Towers with Radar,0,8,47,8,63,0,2,135,9,146,0,10,182,17,209,101,0,101,310
10/15/2015,DWH,TX,ASW,CE,Towers with Radar,0,10,65,3,78,0,0,134,14,148,0,10,199,17,226,68,0,68,294
10/16/2015,DWH,TX,ASW,CE,Towers with Radar,0,4,43,13,60,0,0,155,10,165,0,4,198,23,225,101,0,101,326
10/17/2015,DWH,TX,ASW,CE,Towers with Radar,0,5,15,2,22,0,0,99,5,104,0,5,114,7,126,10,0,10,136
10/18/2015,DWH,TX,ASW,CE,Towers with Radar,0,6,41,6,53,0,0,91,5,96,0,6,132,11,149,0,0,0,149
10/19/2015,DWH,TX,ASW,CE,Towers with Radar,0,3,43,0,46,0,0,129,8,137,0,3,172,8,183,99,0,99,282
10/20/2015,DWH,TX,ASW,CE,Towers with Radar,0,10,63,4,77,0,0,39,10,49,0,10,102,14,126,78,0,78,204
10/21/2015,DWH,TX,ASW,CE,Towers with Radar,0,13,64,6,83,0,0,41,2,43,0,13,105,8,126,75,0,75,201
10/22/2015,DWH,TX,ASW,CE,Towers with Radar,0,3,54,4,61,0,0,27,5,32,0,3,81,9,93,26,0,26,119
10/23/2015,DWH,TX,ASW,CE,Towers with Radar,0,15,28,0,43,0,0,51,7,58,0,15,79,7,101,72,0,72,173
10/24/2015,DWH,TX,ASW,CE,Towers with Radar,0,7,23,0,30,0,0,0,0,0,0,7,23,0,30,0,0,0,30
10/25/2015,DWH,TX,ASW,CE,Towers with Radar,0,15,26,0,41,0,0,2,0,2,0,15,28,0,43,0,0,0,43
10/26/2015,DWH,TX,ASW,CE,Towers with Radar,0,7,35,6,48,0,1,57,9,67,0,8,92,15,115,51,0,51,166
10/27/2015,DWH,TX,ASW,CE,Towers with Radar,0,3,44,2,49,0,9,104,7,120,0,12,148,9,169,202,0,202,371
10/28/2015,DWH,TX,ASW,CE,Towers with Radar,0,8,41,2,51,0,0,134,9,143,0,8,175,11,194,132,0,132,326
10/29/2015,DWH,TX,ASW,CE,Towers with Radar,0,8,54,9,71,0,1,173,9,183,0,9,227,18,254,137,12,149,403
10/30/2015,DWH,TX,ASW,CE,Towers with Radar,0,6,22,0,28,0,0,7,6,13,0,6,29,6,41,38,0,38,79
10/31/2015,DWH,TX,ASW,CE,Towers with Radar,0,3,20,0,23,0,0,2,3,5,0,3,22,3,28,1,0,1,29
11/01/2015,DWH,TX,ASW,CE,Towers with Radar,0,8,60,0,68,0,0,2,0,2,0,8,62,0,70,0,0,0,70
11/02/2015,DWH,TX,ASW,CE,Towers with Radar,0,9,38,3,50,0,2,109,9,120,0,11,147,12,170,195,0,195,365
11/03/2015,DWH,TX,ASW,CE,Towers with Radar,0,5,52,2,59,0,0,94,6,100,0,5,146,8,159,188,0,188,347
11/04/2015,DWH,TX,ASW,CE,Towers with Radar,0,8,62,4,74,0,0,67,10,77,0,8,129,14,151,134,0,134,285
11/05/2015,DWH,TX,ASW,CE,Towers with Radar,0,3,53,3,59,0,0,59,8,67,0,3,112,11,126,154,0,154,280
11/06/2015,DWH,TX,ASW,CE,Towers with Radar,0,2,59,5,66,0,0,85,8,93,0,2,144,13,159,195,0,195,354
11/07/2015,DWH,TX,ASW,CE,Towers with Radar,0,6,31,0,37,0,0,0,0,0,0,6,31,0,37,0,0,0,37
11/08/2015,DWH,TX,ASW,CE,Towers with Radar,0,11,29,4,44,0,0,190,3,193,0,11,219,7,237,154,0,154,391
11/09/2015,DWH,TX,ASW,CE,Towers with Radar,0,2,42,4,48,0,0,144,2,146,0,2,186,6,194,138,0,138,332
11/10/2015,DWH,TX,ASW,CE,Towers with Radar,0,7,41,4,52,0,0,106,8,114,0,7,147,12,166,117,0,117,283
11/11/2015,DWH,TX,ASW,CE,Towers with Radar,0,3,51,2,56,0,1,30,7,38,0,4,81,9,94,86,0,86,180
11/12/2015,DWH,TX,ASW,CE,Towers with Radar,0,2,57,1,60,0,4,131,4,139,0,6,188,5,199,116,0,116,315
11/13/2015,DWH,TX,ASW,CE,Towers with Radar,0,9,39,5,53,0,1,123,8,132,0,10,162,13,185,95,0,95,280
11/14/2015,DWH,TX,ASW,CE,Towers with Radar,0,9,32,0,41,0,1,164,4,169,0,10,196,4,210,137,0,137,347
11/15/2015,DWH,TX,ASW,CE,Towers with Radar,0,4,42,0,46,0,0,163,7,170,0,4,205,7,216,141,0,141,357
11/16/2015,DWH,TX,ASW,CE,Towers with Radar,0,9,33,1,43,0,0,11,3,14,0,9,44,4,57,21,0,21,78
11/17/2015,DWH,TX,ASW,CE,Towers with Radar,0,1,15,0,16,0,0,20,3,23,0,1,35,3,39,18,0,18,57
11/18/2015,DWH,TX,ASW,CE,Towers with Radar,0,8,32,6,46,0,0,163,10,173,0,8,195,16,219,229,0,229,448
11/19/2015,DWH,TX,ASW,CE,Towers with Radar,0,7,47,1,55,0,0,170,8,178,0,7,217,9,233,192,0,192,425
11/20/2015,DWH,TX,ASW,CE,Towers with Radar,0,7,58,4,69,0,0,188,4,192,0,7,246,8,261,232,0,232,493
11/21/2015,DWH,TX,ASW,CE,Towers with Radar,0,1,32,4,37,0,0,26,3,29,0,1,58,7,66,14,0,14,80
11/22/2015,DWH,TX,ASW,CE,Towers with Radar,0,6,37,0,43,0,0,130,1,131,0,6,167,1,174,106,0,106,280
11/23/2015,DWH,TX,ASW,CE,Towers with Radar,0,4,34,2,40,0,1,148,7,156,0,5,182,9,196,183,0,183,379
11/24/2015,DWH,TX,ASW,CE,Towers with Radar,0,12,41,5,58,0,1,117,23,141,0,13,158,28,199,124,0,124,323
11/25/2015,DWH,TX,ASW,CE,Towers with Radar,0,6,54,0,60,0,2,42,5,49,0,8,96,5,109,57,0,57,166
11/26/2015,DWH,TX,ASW,CE,Towers with Radar,0,5,11,0,16,0,0,6,1,7,0,5,17,1,23,0,0,0,23
11/27/2015,DWH,TX,ASW,CE,Towers with Radar,0,4,30,1,35,0,0,25,1,26,0,4,55,2,61,85,0,85,146
11/28/2015,DWH,TX,ASW,CE,Towers with Radar,0,5,29,0,34,0,0,0,0,0,0,5,29,0,34,0,0,0,34
11/29/2015,DWH,TX,ASW,CE,Towers with Radar,0,7,45,0,52,0,0,1,0,1,0,7,46,0,53,0,0,0,53
11/30/2015,DWH,TX,ASW,CE,Towers with Radar,0,8,35,2,45,0,1,3,8,12,0,9,38,10,57,21,0,21,78
12/01/2015,DWH,TX,ASW,CE,Towers with Radar,0,5,57,2,64,0,1,4,5,10,0,6,61,7,74,19,0,19,93
12/02/2015,DWH,TX,ASW,CE,Towers with Radar,0,9,31,1,41,0,1,126,9,136,0,10,157,10,177,222,0,222,399
12/03/2015,DWH,TX,ASW,CE,Towers with Radar,0,4,36,4,44,0,1,171,7,179,0,5,207,11,223,120,0,120,343
12/04/2015,DWH,TX,ASW,CE,Towers with Radar,0,11,35,4,50,0,0,188,6,194,0,11,223,10,244,192,0,192,436
12/05/2015,DWH,TX,ASW,CE,Towers with Radar,0,3,27,2,32,0,2,221,0,223,0,5,248,2,255,145,0,145,400
12/06/2015,DWH,TX,ASW,CE,Towers with Radar,0,5,30,1,36,0,0,204,5,209,0,5,234,6,245,226,0,226,471
12/07/2015,DWH,TX,ASW,CE,Towers with Radar,0,4,41,6,51,0,0,121,7,128,0,4,162,13,179,207,0,207,386
12/08/2015,DWH,TX,ASW,CE,Towers with Radar,0,9,47,0,56,0,0,116,8,124,0,9,163,8,180,188,0,188,368
12/09/2015,DWH,TX,ASW,CE,Towers with Radar,0,6,46,2,54,0,6,143,6,155,0,12,189,8,209,223,0,223,432
12/10/2015,DWH,TX,ASW,CE,Towers with Radar,0,9,49,10,68,0,1,91,7,99,0,10,140,17,167,158,0,158,325
12/11/2015,DWH,TX,ASW,CE,Towers with Radar,0,5,49,1,55,0,1,78,4,83,0,6,127,5,138,203,0,203,341
12/12/2015,DWH,TX,ASW,CE,Towers with Radar,0,7,19,0,26,0,0,6,0,6,0,7,25,0,32,91,0,91,123
12/13/2015,DWH,TX,ASW,CE,Towers with Radar,0,4,41,0,45,0,1,7,0,8,0,5,48,0,53,7,0,7,60
12/14/2015,DWH,TX,ASW,CE,Towers with Radar,0,6,38,0,44,0,0,148,7,155,0,6,186,7,199,223,0,223,422
12/15/2015,DWH,TX,ASW,CE,Towers with Radar,0,4,67,1,72,0,0,109,3,112,0,4,176,4,184,201,0,201,385
12/16/2015,DWH,TX,ASW,CE,Towers with Radar,0,7,43,12,62,0,3,107,7,117,0,10,150,19,179,158,0,158,337
12/17/2015,DWH,TX,ASW,CE,Towers with Radar,0,7,56,0,63,0,6,172,5,183,0,13,228,5,246,158,0,158,404
12/18/2015,DWH,TX,ASW,CE,Towers with Radar,0,13,39,0,52,0,1,163,7,171,0,14,202,7,223,145,0,145,368
12/19/2015,DWH,TX,ASW,CE,Towers with Radar,0,1,25,2,28,0,0,166,2,168,0,1,191,4,196,147,2,149,345
12/20/2015,DWH,TX,ASW,CE,Towers with Radar,0,8,44,0,52,0,0,38,5,43,0,8,82,5,95,76,0,76,171
12/21/2015,DWH,TX,ASW,CE,Towers with Radar,0,10,48,3,61,0,0,16,5,21,0,10,64,8,82,59,0,59,141
12/22/2015,DWH,TX,ASW,CE,Towers with Radar,0,4,41,4,49,0,0,39,4,43,0,4,80,8,92,46,0,46,138
12/23/2015,DWH,TX,ASW,CE,Towers with Radar,0,9,21,4,34,0,0,98,5,103,0,9,119,9,137,49,0,49,186
12/24/2015,DWH,TX,ASW,CE,Towers with Radar,0,2,33,0,35,0,1,33,3,37,0,3,66,3,72,87,0,87,159
12/25/2015,DWH,TX,ASW,CE,Towers with Radar,0,8,10,0,18,0,0,16,5,21,0,8,26,5,39,0,0,0,39
12/26/2015,DWH,TX,ASW,CE,Towers with Radar,0,12,19,0,31,0,0,9,1,10,0,12,28,1,41,8,0,8,49
12/27/2015,DWH,TX,ASW,CE,Towers with Radar,0,11,8,0,19,0,0,1,0,1,0,11,9,0,20,0,0,0,20
12/28/2015,DWH,TX,ASW,CE,Towers with Radar,0,9,22,0,31,0,0,83,3,86,0,9,105,3,117,20,16,36,153
12/29/2015,DWH,TX,ASW,CE,Towers with Radar,0,6,35,0,41,0,0,116,4,120,0,6,151,4,161,167,0,167,328
12/30/2015,DWH,TX,ASW,CE,Towers with Radar,0,2,48,0,50,0,0,78,3,81,0,2,126,3,131,139,0,139,270
12/31/2015,DWH,TX,ASW,CE,Towers with Radar,0,2,25,0,27,0,0,100,9,109,0,2,125,9,136,141,0,141,277
01/01/2016,DWH,TX,ASW,CE,Towers with Radar,0,5,19,0,24,0,0,26,5,31,0,5,45,5,55,25,0,25,80
01/02/2016,DWH,TX,ASW,CE,Towers with Radar,0,7,27,0,34,0,1,86,3,90,0,8,113,3,124,72,0,72,196
01/03/2016,DWH,TX,ASW,CE,Towers with Radar,0,9,32,0,41,0,0,113,4,117,0,9,145,4,158,121,0,121,279
01/04/2016,DWH,TX,ASW,CE,Towers with Radar,0,7,33,0,40,0,0,116,8,124,0,7,149,8,164,195,0,195,359
01/05/2016,DWH,TX,ASW,CE,Towers with Radar,0,6,32,3,41,0,1,132,14,147,0,7,164,17,188,156,0,156,344
01/06/2016,DWH,TX,ASW,CE,Towers with Radar,0,6,39,3,48,0,0,5,0,5,0,6,44,3,53,6,0,6,59
01/07/2016,DWH,TX,ASW,CE,Towers with Radar,0,14,38,6,58,0,3,63,5,71,0,17,101,11,129,109,0,109,238
01/08/2016,DWH,TX,ASW,CE,Towers with Radar,0,1,50,2,53,0,0,10,1,11,0,1,60,3,64,68,0,68,132
01/09/2016,DWH,TX,ASW,CE,Towers with Radar,0,6,26,6,38,0,0,48,7,55,0,6,74,13,93,84,0,84,177
01/10/2016,DWH,TX,ASW,CE,Towers with Radar,0,6,37,2,45,0,0,190,5,195,0,6,227,7,240,193,0,193,433
01/11/2016,DWH,TX,ASW,CE,Towers with Radar,0,1,34,1,36,0,0,100,9,109,0,1,134,10,145,200,0,200,345
01/12/2016,DWH,TX,ASW,CE,Towers with Radar,0,6,39,7,52,0,0,150,12,162,0,6,189,19,214,158,0,158,372
01/13/2016,DWH,TX,ASW,CE,Towers with Radar,0,2,46,2,50,0,3,115,9,127,0,5,161,11,177,193,0,193,370
01/14/2016,DWH,TX,ASW,CE,Towers with Radar,0,6,48,1,55,0,3,34,7,44,0,9,82,8,99,74,0,74,173
01/15/2016,DWH,TX,ASW,CE,Towers with Radar,0,11,43,1,55,0,0,182,7,189,0,11,225,8,244,140,0,140,384
01/16/2016,DWH,TX,ASW,CE,Towers with Radar,0,3,27,7,37,0,0,64,3,67,0,3,91,10,104,106,0,106,210
01/17/2016,DWH,TX,ASW,CE,Towers with Radar,0,2,43,0,45,0,0,193,0,193,0,2,236,0,238,138,0,138,376
01/18/2016,DWH,TX,ASW,CE,Towers with Radar,0,5,41,0,46,0,1,130,0,131,0,6,171,0,177,120,0,120,297
01/19/2016,DWH,TX,ASW,CE,Towers with Radar,0,3,49,9,61,0,0,116,10,126,0,3,165,19,187,130,0,130,317
01/20/2016,DWH,TX,ASW,CE,Towers with Radar,0,3,43,4,50,0,0,49,6,55,0,3,92,10,105,122,0,122,227
01/21/2016,DWH,TX,ASW,CE,Towers with Radar,0,2,26,4,32,0,6,8,3,17,0,8,34,7,49,8,0,8,57
01/22/2016,DWH,TX,ASW,CE,Towers with Radar,0,4,37,12,53,0,1,82,9,92,0,5,119,21,145,64,0,64,209
01/23/2016,DWH,TX,ASW,CE,Towers with Radar,0,0,23,5,28,0,0,207,6,213,0,0,230,11,241,237,0,237,478
01/24/2016,DWH,TX,ASW,CE,Towers with Radar,0,2,36,1,39,0,0,134,8,142,0,2,170,9,181,165,0,165,346
01/25/2016,DWH,TX,ASW,CE,Towers with Radar,0,7,44,8,59,0,1,79,6,86,0,8,123,14,145,158,0,158,303
01/26/2016,DWH,TX,ASW,CE,Towers with Radar,0,11,26,4,41,0,2,47,1,50,0,13,73,5,91,30,0,30,121
01/27/2016,DWH,TX,ASW,CE,Towers with Radar,0,8,40,0,48,0,0,126,2,128,0,8,166,2,176,211,0,211,387
01/28/2016,DWH,TX,ASW,CE,Towers with Radar,0,11,62,2,75,0,2,169,13,184,0,13,231,15,259,177,0,177,436
01/29/2016,DWH,TX,ASW,CE,Towers with Radar,0,6,40,4,50,0,3,153,5,161,0,9,193,9,211,172,0,172,383
01/30/2016,DWH,TX,ASW,CE,Towers with Radar,0,6,36,0,42,0,4,152,0,156,0,10,188,0,198,158,0,158,356
01/31/2016,DWH,TX,ASW,CE,Towers with Radar,0,7,36,2,45,0,1,71,0,72,0,8,107,2,117,103,0,103,220
02/01/2016,DWH,TX,ASW,CE,Towers with Radar,0,3,39,5,47,0,9,45,1,55,0,12,84,6,102,25,0,25,127
02/02/2016,DWH,TX,ASW,CE,Towers with Radar,0,5,32,3,40,0,7,111,2,120,0,12,143,5,160,160,0,160,320
02/03/2016,DWH,TX,ASW,CE,Towers with Radar,0,7,37,1,45,0,6,137,2,145,0,13,174,3,190,143,0,143,333
02/04/2016,DWH,TX,ASW,CE,Towers with Radar,0,2,41,2,45,0,1,143,4,148,0,3,184,6,193,171,0,171,364
02/05/2016,DWH,TX,ASW,CE,Towers with Radar,0,3,41,2,46,0,1,143,1,145,0,4,184,3,191,83,0,83,274
02/06/2016,DWH,TX,ASW,CE,Towers with Radar,0,5,16,0,21,0,4,120,1,125,0,9,136,1,146,106,0,106,252
02/07/2016,DWH,TX,ASW,CE,Towers with Radar,0,3,31,2,36,0,0,150,0,150,0,3,181,2,186,196,0,196,382
02/08/2016,DWH,TX,ASW,CE,Towers with Radar,0,4,27,5,36,0,11,48,1,60,0,15,75,6,96,13,0,13,109
02/09/2016,DWH,TX,ASW,CE,Towers with Radar,0,4,46,3,53,0,3,115,3,121,0,7,161,6,174,91,0,91,265
02/10/2016,DWH,TX,ASW,CE,Towers with Radar,0,4,46,4,54,0,4,135,1,140,0,8,181,5,194,150,0,150,344
02/11/2016,DWH,TX,ASW,CE,Towers with Radar,0,8,43,2,53,0,2,92,0,94,0,10,135,2,147,41,0,41,188
02/12/2016,DWH,TX,ASW,CE,Towers with Radar,0,4,41,3,48,0,0,110,1,111,0,4,151,4,159,152,0,152,311
02/13/2016,DWH,TX,ASW,CE,Towers with Radar,0,6,34,2,42,0,5,207,0,212,0,11,241,2,254,228,0,228,482
02/14/2016,DWH,TX,ASW,CE,Towers with Radar,0,1,39,0,40,0,10,85,1,96,0,11,124,1,136,75,0,75,211
02/15/2016,DWH,TX,ASW,CE,Towers with Radar,0,4,46,2,52,0,1,59,0,60,0,5,105,2,112,112,0,112,224
02/16/2016,DWH,TX,ASW,CE,Towers with Radar,0,4,34,9,47,0,0,125,2,127,0,4,159,11,174,164,0,164,338
02/17/2016,DWH,TX,ASW,CE,Towers with Radar,0,9,63,4,76,0,4,132,1,137,0,13,195,5,213,219,8,227,440
02/18/2016,DWH,TX,ASW,CE,Towers with Radar,0,12,45,3,60,0,1,103,2,106,0,13,148,5,166,76,0,76,242
02/19/2016,DWH,TX,ASW,CE,Towers with Radar,0,9,43,0,52,0,2,146,2,150,0,11,189,2,202,59,0,59,261
02/20/2016,DWH,TX,ASW,CE,Towers with Radar,0,5,38,2,45,0,4,101,1,106,0,9,139,3,151,198,0,198,349
02/21/2016,DWH,TX,ASW,CE,Towers with Radar,0,6,42,9,57,0,5,34,0,39,0,11,76,9,96,243,0,243,339
02/22/2016,DWH,TX,ASW,CE,Towers with Radar,0,4,38,2,44,0,5,9,0,14,0,9,47,2,58,65,0,65,123
02/23/2016,DWH,TX,ASW,CE,Towers with Radar,0,3,18,1,22,0,1,7,0,8,0,4,25,1,30,0,0,0,30
02/24/2016,DWH,TX,ASW,CE,Towers with Radar,0,5,37,0,42,0,5,92,2,99,0,10,129,2,141,46,0,46,187
02/25/2016,DWH,TX,ASW,CE,Towers with Radar,0,4,54,2,60,0,7,179,2,188,0,11,233,4,248,144,0,144,392
02/26/2016,DWH,TX,ASW,CE,Towers with Radar,0,7,58,2,67,0,2,173,0,175,0,9,231,2,242,228,0,228,470
02/27/2016,DWH,TX,ASW,CE,Towers with Radar,0,0,30,0,30,0,0,213,0,213,0,0,243,0,243,250,0,250,493
02/28/2016,DWH,TX,ASW,CE,Towers with Radar,0,1,54,2,57,0,2,160,0,162,0,3,214,2,219,148,0,148,367
02/29/2016,DWH,TX,ASW,CE,Towers with Radar,0,6,33,2,41,0,2,58,0,60,0,8,91,2,101,83,0,83,184
03/01/2016,DWH,TX,ASW,CE,Towers with Radar,0,3,37,4,44,0,2,27,2,31,0,5,64,6,75,115,0,115,190
03/02/2016,DWH,TX,ASW,CE,Towers with Radar,0,4,46,6,56,0,5,123,0,128,0,9,169,6,184,91,0,91,275
03/03/2016,DWH,TX,ASW,CE,Towers with Radar,0,3,46,5,54,0,3,84,2,89,0,6,130,7,143,78,0,78,221
03/04/2016,DWH,TX,ASW,CE,Towers with Radar,0,6,40,8,54,0,5,169,4,178,0,11,209,12,232,265,0,265,497
03/05/2016,DWH,TX,ASW,CE,Towers with Radar,0,5,40,1,46,0,6,192,1,199,0,11,232,2,245,176,0,176,421
03/06/2016,DWH,TX,ASW,CE,Towers with Radar,0,9,41,1,51,0,3,103,1,107,0,12,144,2,158,82,0,82,240
03/07/2016,DWH,TX,ASW,CE,Towers with Radar,0,2,31,0,33,0,1,30,0,31,0,3,61,0,64,44,0,44,108
03/08/2016,DWH,TX,ASW,CE,Towers with Radar,0,7,26,0,33,0,2,4,0,6,0,9,30,0,39,0,0,0,39
03/09/2016,DWH,TX,ASW,CE,Towers with Radar,0,3,25,0,28,0,0,2,0,2,0,3,27,0,30,0,0,0,30
03/10/2016,DWH,TX,ASW,CE,Towers with Radar,0,0,14,0,14,0,0,25,0,25,0,0,39,0,39,22,0,22,61
03/11/2016,DWH,TX,ASW,CE,Towers with Radar,0,9,46,0,55,0,4,98,2,104,0,13,144,2,159,134,0,134,293
03/12/2016,DWH,TX,ASW,CE,Towers with Radar,0,9,35,0,44,0,3,143,0,146,0,12,178,0,190,65,0,65,255
03/13/2016,DWH,TX,ASW,CE,Towers with Radar,0,4,43,0,47,0,5,122,1,128,0,9,165,1,175,49,0,49,224
03/14/2016,DWH,TX,ASW,CE,Towers with Radar,0,5,40,8,53,0,3,157,2,162,0,8,197,10,215,104,0,104,319
03/15/2016,DWH,TX,ASW,CE,Towers with Radar,0,1,44,4,49,0,2,107,0,109,0,3,151,4,158,145,0,145,303
03/16/2016,DWH,TX,ASW,CE,Towers with Radar,0,4,40,0,44,0,2,108,5,115,0,6,148,5,159,212,0,212,371
03/17/2016,DWH,TX,ASW,CE,Towers with Radar,2,6,60,1,69,0,1,46,0,47,2,7,106,1,116,162,0,162,278
03/18/2016,DWH,TX,ASW,CE,Towers with Radar,0,7,52,4,63,0,3,54,0,57,0,10,106,4,120,82,0,82,202
03/19/2016,DWH,TX,ASW,CE,Towers with Radar,0,9,26,10,45,0,2,80,3,85,0,11,106,13,130,166,0,166,296
03/20/2016,DWH,TX,ASW,CE,Towers with Radar,0,11,40,5,56,0,3,173,4,180,0,14,213,9,236,91,0,91,327
03/21/2016,DWH,TX,ASW,CE,Towers with Radar,0,3,42,8,53,0,3,194,4,201,0,6,236,12,254,230,0,230,484
03/22/2016,DWH,TX,ASW,CE,Towers with Radar,0,7,36,2,45,0,2,111,2,115,0,9,147,4,160,92,0,92,252
03/23/2016,DWH,TX,ASW,CE,Towers with Radar,0,7,50,6,63,0,1,77,0,78,0,8,127,6,141,65,0,65,206
03/24/2016,DWH,TX,ASW,CE,Towers with Radar,0,6,50,2,58,0,0,97,1,98,0,6,147,3,156,63,0,63,219
03/25/2016,DWH,TX,ASW,CE,Towers with Radar,0,12,38,2,52,0,5,280,3,288,0,17,318,5,340,234,0,234,574
03/26/2016,DWH,TX,ASW,CE,Towers with Radar,0,5,27,0,32,0,2,205,0,207,0,7,232,0,239,225,0,225,464
03/27/2016,DWH,TX,ASW,CE,Towers with Radar,0,9,57,0,66,0,0,51,1,52,0,9,108,1,118,109,0,109,227
03/28/2016,DWH,TX,ASW,CE,Towers with Radar,0,6,38,9,53,0,4,156,2,162,0,10,194,11,215,238,0,238,453
03/29/2016,DWH,TX,ASW,CE,Towers with Radar,0,10,55,3,68,0,1,14,0,15,0,11,69,3,83,74,0,74,157
03/30/2016,DWH,TX,ASW,CE,Towers with Radar,0,10,30,2,42,0,1,20,0,21,0,11,50,2,63,30,0,30,93
03/31/2016,DWH,TX,ASW,CE,Towers with Radar,0,10,62,12,84,0,3,59,5,67,0,13,121,17,151,78,12,90,241
04/01/2016,DWH,TX,ASW,CE,Towers with Radar,0,4,42,6,52,0,5,79,3,87,0,9,121,9,139,50,0,50,189
04/02/2016,DWH,TX,ASW,CE,Towers with Radar,0,2,40,3,45,0,1,161,1,163,0,3,201,4,208,114,1,115,323
04/03/2016,DWH,TX,ASW,CE,Towers with Radar,0,7,31,3,41,0,4,185,0,189,0,11,216,3,230,164,0,164,394
04/04/2016,DWH,TX,ASW,CE,Towers with Radar,0,4,47,4,55,0,2,155,2,159,0,6,202,6,214,202,0,202,416
04/05/2016,DWH,TX,ASW,CE,Towers with Radar,0,2,44,2,48,0,6,138,1,145,0,8,182,3,193,141,0,141,334
04/06/2016,DWH,TX,ASW,CE,Towers with Radar,0,8,49,0,57,0,6,94,1,101,0,14,143,1,158,56,132,188,346
04/07/2016,DWH,TX,ASW,CE,Towers with Radar,0,6,51,2,59,0,6,205,0,211,0,12,256,2,270,143,0,143,413
04/08/2016,DWH,TX,ASW,CE,Towers with Radar,0,7,26,0,33,0,2,131,3,136,0,9,157,3,169,84,0,84,253
04/09/2016,DWH,TX,ASW,CE,Towers with Radar,0,2,25,4,31,0,5,134,1,140,0,7,159,5,171,133,0,133,304
04/10/2016,DWH,TX,ASW,CE,Towers with Radar,0,4,45,1,50,0,1,103,1,105,0,5,148,2,155,147,0,147,302
04/11/2016,DWH,TX,ASW,CE,Towers with Radar,0,4,15,5,24,0,6,27,0,33,0,10,42,5,57,56,0,56,113
04/12/2016,DWH,TX,ASW,CE,Towers with Radar,0,4,46,2,52,0,2,26,0,28,0,6,72,2,80,53,0,53,133
04/13/2016,DWH,TX,ASW,CE,Towers with Radar,0,3,28,0,31,0,2,3,0,5,0,5,31,0,36,34,0,34,70
04/14/2016,DWH,TX,ASW,CE,Towers with Radar,0,12,64,5,81,0,3,101,0,104,0,15,165,5,185,231,0,231,416
04/15/2016,DWH,TX,ASW,CE,Towers with Radar,0,5,59,8,72,0,4,143,3,150,0,9,202,11,222,215,6,221,443
04/16/2016,DWH,TX,ASW,CE,Towers with Radar,0,1,31,5,37,0,7,51,0,58,0,8,82,5,95,48,0,48,143
04/17/2016,DWH,TX,ASW,CE,Towers with Radar,0,2,16,2,20,0,0,12,0,12,0,2,28,2,32,8,0,8,40
04/18/2016,DWH,TX,ASW,CE,Towers with Radar,0,1,0,0,1,0,0,2,0,2,0,1,2,0,3,0,0,0,3
04/19/2016,DWH,TX,ASW,CE,Towers with Radar,0,1,11,0,12,0,4,33,0,37,0,5,44,0,49,38,0,38,87
04/20/2016,DWH,TX,ASW,CE,Towers with Radar,0,1,20,0,21,0,3,47,2,52,0,4,67,2,73,41,0,41,114
04/21/2016,DWH,TX,ASW,CE,Towers with Radar,0,4,27,1,32,0,1,44,0,45,0,5,71,1,77,50,0,50,127
04/22/2016,DWH,TX,ASW,CE,Towers with Radar,0,12,42,8,62,0,7,198,3,208,0,19,240,11,270,133,2,135,405
04/23/2016,DWH,TX,ASW,CE,Towers with Radar,0,2,20,0,22,0,1,204,1,206,0,3,224,1,228,141,0,141,369
04/24/2016,DWH,TX,ASW,CE,Towers with Radar,0,6,44,1,51,0,0,103,0,103,0,6,147,1,154,66,0,66,220
04/25/2016,DWH,TX,ASW,CE,Towers with Radar,0,6,53,3,62,0,3,94,1,98,0,9,147,4,160,75,0,75,235
04/26/2016,DWH,TX,ASW,CE,Towers with Radar,0,5,49,2,56,0,1,80,2,83,0,6,129,4,139,93,0,93,232
04/27/2016,DWH,TX,ASW,CE,Towers with Radar,0,5,54,2,61,0,3,108,0,111,0,8,162,2,172,132,0,132,304
04/28/2016,DWH,TX,ASW,CE,Towers with Radar,0,7,72,10,89,0,4,105,0,109,0,11,177,10,198,89,0,89,287
04/29/2016,DWH,TX,ASW,CE,Towers with Radar,0,1,34,4,39,0,1,59,0,60,0,2,93,4,99,86,0,86,185
04/30/2016,DWH,TX,ASW,CE,Towers with Radar,0,5,24,0,29,0,0,91,0,91,0,5,115,0,120,138,0,138,258
05/01/2016,DWH,TX,ASW,CE,Towers with Radar,0,7,30,0,37,0,4,82,0,86,0,11,112,0,123,76,0,76,199
05/02/2016,DWH,TX,ASW,CE,Towers with Radar,0,2,31,2,35,0,3,58,2,63,0,5,89,4,98,75,0,75,173
05/03/2016,DWH,TX,ASW,CE,Towers with Radar,0,3,38,2,43,0,3,150,2,155,0,6,188,4,198,155,0,155,353
05/04/2016,DWH,TX,ASW,CE,Towers with Radar,0,13,56,1,70,0,2,168,0,170,0,15,224,1,240,126,0,126,366
05/05/2016,DWH,TX,ASW,CE,Towers with Radar,0,3,53,4,60,0,5,180,4,189,0,8,233,8,249,190,0,190,439
05/06/2016,DWH,TX,ASW,CE,Towers with Radar,0,2,43,3,48,0,1,163,3,167,0,3,206,6,215,141,0,141,356
05/07/2016,DWH,TX,ASW,CE,Towers with Radar,0,4,20,3,27,0,5,188,1,194,0,9,208,4,221,109,0,109,330
05/08/2016,DWH,TX,ASW,CE,Towers with Radar,1,4,36,0,41,0,0,91,1,92,1,4,127,1,133,56,0,56,189
05/09/2016,DWH,TX,ASW,CE,Towers with Radar,0,2,30,3,35,0,0,51,1,52,0,2,81,4,87,73,0,73,160
05/10/2016,DWH,TX,ASW,CE,Towers with Radar,0,3,55,2,60,0,1,75,0,76,0,4,130,2,136,119,0,119,255
05/11/2016,DWH,TX,ASW,CE,Towers with Radar,0,4,46,2,52,0,1,119,0,120,0,5,165,2,172,145,0,145,317
05/12/2016,DWH,TX,ASW,CE,Towers with Radar,0,0,47,1,48,0,2,119,2,123,0,2,166,3,171,246,8,254,425
05/13/2016,DWH,TX,ASW,CE,Towers with Radar,0,3,40,3,46,0,4,111,0,115,0,7,151,3,161,74,0,74,235
05/14/2016,DWH,TX,ASW,CE,Towers with Radar,0,3,22,0,25,0,3,61,0,64,0,6,83,0,89,41,0,41,130
05/15/2016,DWH,TX,ASW,CE,Towers with Radar,0,5,32,1,38,0,1,32,0,33,0,6,64,1,71,126,0,126,197
05/16/2016,DWH,TX,ASW,CE,Towers with Radar,0,1,41,0,42,0,1,16,0,17,0,2,57,0,59,8,0,8,67
05/17/2016,DWH,TX,ASW,CE,Towers with Radar,0,5,28,4,37,0,1,53,0,54,0,6,81,4,91,75,0,75,166
05/18/2016,DWH,TX,ASW,CE,Towers with Radar,0,10,49,6,65,0,2,82,0,84,0,12,131,6,149,273,0,273,422
05/19/2016,DWH,TX,ASW,CE,Towers with Radar,0,10,29,0,39,0,1,1,0,2,0,11,30,0,41,18,0,18,59
05/20/2016,DWH,TX,ASW,CE,Towers with Radar,0,2,33,9,44,0,3,162,0,165,0,5,195,9,209,206,0,206,415
05/21/2016,DWH,TX,ASW,CE,Towers with Radar,0,3,35,0,38,0,6,126,0,132,0,9,161,0,170,204,0,204,374
05/22/2016,DWH,TX,ASW,CE,Towers with Radar,0,14,38,4,56,0,2,88,1,91,0,16,126,5,147,28,10,38,185
05/23/2016,DWH,TX,ASW,CE,Towers with Radar,0,3,43,5,51,0,3,76,4,83,0,6,119,9,134,156,0,156,290
05/24/2016,DWH,TX,ASW,CE,Towers with Radar,0,10,53,3,66,0,5,81,0,86,0,15,134,3,152,218,0,218,370
05/25/2016,DWH,TX,ASW,CE,Towers with Radar,0,5,65,5,75,0,1,121,3,125,0,6,186,8,200,132,2,134,334
05/26/2016,DWH,TX,ASW,CE,Towers with Radar,0,3,43,2,48,0,2,28,0,30,0,5,71,2,78,19,0,19,97
05/27/2016,DWH,TX,ASW,CE,Towers with Radar,0,3,10,0,13,0,0,9,0,9,0,3,19,0,22,24,0,24,46
05/28/2016,DWH,TX,ASW,CE,Towers with Radar,0,0,21,0,21,0,2,108,0,110,0,2,129,0,131,67,3,70,201
05/29/2016,DWH,TX,ASW,CE,Towers with Radar,0,3,27,0,30,0,2,148,0,150,0,5,175,0,180,107,0,107,287
05/30/2016,DWH,TX,ASW,CE,Towers with Radar,0,3,50,0,53,0,1,147,0,148,0,4,197,0,201,189,0,189,390
05/31/2016,DWH,TX,ASW,CE,Towers with Radar,0,2,39,2,43,0,4,77,0,81,0,6,116,2,124,62,0,62,186
06/01/2016,DWH,TX,ASW,CE,Towers with Radar,0,8,32,2,42,0,2,33,0,35,0,10,65,2,77,59,0,59,136
06/02/2016,DWH,TX,ASW,CE,Towers with Radar,0,0,5,0,5,0,1,14,0,15,0,1,19,0,20,9,0,9,29
06/03/2016,DWH,TX,ASW,CE,Towers with Radar,0,2,18,0,20,0,0,10,0,10,0,2,28,0,30,18,0,18,48
06/04/2016,DWH,TX,ASW,CE,Towers with Radar,0,5,16,0,21,0,4,12,0,16,0,9,28,0,37,14,0,14,51
06/05/2016,DWH,TX,ASW,CE,Towers with Radar,0,5,51,2,58,0,16,86,0,102,0,21,137,2,160,188,0,188,348
06/06/2016,DWH,TX,ASW,CE,Towers with Radar,0,4,56,3,63,0,2,66,0,68,0,6,122,3,131,123,0,123,254
06/07/2016,DWH,TX,ASW,CE,Towers with Radar,0,2,41,0,43,0,5,187,7,199,0,7,228,7,242,152,8,160,402
06/08/2016,DWH,TX,ASW,CE,Towers with Radar,0,0,46,2,48,0,3,150,3,156,0,3,196,5,204,169,0,169,373
06/09/2016,DWH,TX,ASW,CE,Towers with Radar,0,9,45,1,55,0,4,156,1,161,0,13,201,2,216,90,0,90,306
06/10/2016,DWH,TX,ASW,CE,Towers with Radar,0,0,46,1,47,0,4,95,0,99,0,4,141,1,146,97,0,97,243
06/11/2016,DWH,TX,ASW,CE,Towers with Radar,0,3,35,0,38,0,5,118,0,123,0,8,153,0,161,105,0,105,266
06/12/2016,DWH,TX,ASW,CE,Towers with Radar,0,6,24,0,30,0,4,32,0,36,0,10,56,0,66,40,0,40,106
06/13/2016,DWH,TX,ASW,CE,Towers with Radar,0,9,48,3,60,0,5,61,3,69,0,14,109,6,129,90,0,90,219
06/14/2016,DWH,TX,ASW,CE,Towers with Radar,0,14,47,3,64,0,9,98,2,109,0,23,145,5,173,127,0,127,300
06/15/2016,DWH,TX,ASW,CE,Towers with Radar,0,6,45,0,51,0,6,147,0,153,0,12,192,0,204,132,0,132,336
06/16/2016,DWH,TX,ASW,CE,Towers with Radar,0,8,63,0,71,0,7,127,0,134,0,15,190,0,205,152,0,152,357
06/17/2016,DWH,TX,ASW,CE,Towers with Radar,0,7,55,2,64,0,2,155,3,160,0,9,210,5,224,145,0,145,369
06/18/2016,DWH,TX,ASW,CE,Towers with Radar,0,6,31,0,37,0,2,155,4,161,0,8,186,4,198,97,0,97,295
06/19/2016,DWH,TX,ASW,CE,Towers with Radar,0,2,39,0,41,0,1,121,1,123,0,3,160,1,164,106,0,106,270
06/20/2016,DWH,TX,ASW,CE,Towers with Radar,0,7,30,3,40,0,1,97,1,99,0,8,127,4,139,118,0,118,257
06/21/2016,DWH,TX,ASW,CE,Towers with Radar,0,6,42,0,48,0,2,88,1,91,0,8,130,1,139,136,0,136,275
06/22/2016,DWH,TX,ASW,CE,Towers with Radar,0,14,61,6,81,0,2,144,7,153,0,16,205,13,234,253,0,253,487
06/23/2016,DWH,TX,ASW,CE,Towers with Radar,0,2,49,4,55,0,2,144,0,146,0,4,193,4,201,206,0,206,407
06/24/2016,DWH,TX,ASW,CE,Towers with Radar,0,2,49,6,57,0,5,156,0,161,0,7,205,6,218,171,0,171,389
06/25/2016,DWH,TX,ASW,CE,Towers with Radar,0,6,55,1,62,0,3,117,0,120,0,9,172,1,182,101,0,101,283
06/26/2016,DWH,TX,ASW,CE,Towers with Radar,0,3,38,1,42,0,2,116,0,118,0,5,154,1,160,147,0,147,307
06/27/2016,DWH,TX,ASW,CE,Towers with Radar,0,3,44,1,48,0,2,110,1,113,0,5,154,2,161,69,0,69,230
06/28/2016,DWH,TX,ASW,CE,Towers with Radar,0,5,29,0,34,0,4,62,0,66,0,9,91,0,100,68,0,68,168
06/29/2016,DWH,TX,ASW,CE,Towers with Radar,0,6,41,5,52,0,2,106,0,108,0,8,147,5,160,116,0,116,276
06/30/2016,DWH,TX,ASW,CE,Towers with Radar,0,4,53,2,59,0,4,142,1,147,0,8,195,3,206,124,0,124,330
07/01/2016,DWH,TX,ASW,CE,Towers with Radar,0,7,49,0,56,0,2,159,0,161,0,9,208,0,217,100,0,100,317
07/02/2016,DWH,TX,ASW,CE,Towers with Radar,0,1,22,0,23,0,3,143,2,148,0,4,165,2,171,103,0,103,274
07/03/2016,DWH,TX,ASW,CE,Towers with Radar,0,9,29,0,38,0,3,93,0,96,0,12,122,0,134,110,0,110,244
07/04/2016,DWH,TX,ASW,CE,Towers with Radar,0,0,22,0,22,0,2,98,0,100,0,2,120,0,122,72,0,72,194
07/05/2016,DWH,TX,ASW,CE,Towers with Radar,0,5,37,0,42,0,2,179,3,184,0,7,216,3,226,74,0,74,300
07/06/2016,DWH,TX,ASW,CE,Towers with Radar,0,2,47,4,53,0,2,140,1,143,0,4,187,5,196,75,0,75,271
07/07/2016,DWH,TX,ASW,CE,Towers with Radar,0,10,61,9,80,0,1,131,0,132,0,11,192,9,212,190,0,190,402
07/08/2016,DWH,TX,ASW,CE,Towers with Radar,0,5,42,0,47,0,2,146,0,148,0,7,188,0,195,205,0,205,400
07/09/2016,DWH,TX,ASW,CE,Towers with Radar,0,7,36,0,43,0,4,132,1,137,0,11,168,1,180,62,0,62,242
07/10/2016,DWH,TX,ASW,CE,Towers with Radar,0,3,39,2,44,0,4,108,1,113,0,7,147,3,157,73,0,73,230
07/11/2016,DWH,TX,ASW,CE,Towers with Radar,0,8,32,4,44,0,3,117,1,121,0,11,149,5,165,123,2,125,290
07/12/2016,DWH,TX,ASW,CE,Towers with Radar,0,11,49,3,63,0,3,135,2,140,0,14,184,5,203,140,0,140,343
07/13/2016,DWH,TX,ASW,CE,Towers with Radar,0,12,64,8,84,0,0,99,0,99,0,12,163,8,183,139,0,139,322
07/14/2016,DWH,TX,ASW,CE,Towers with Radar,0,6,56,0,62,0,0,122,0,122,0,6,178,0,184,164,0,164,348
07/15/2016,DWH,TX,ASW,CE,Towers with Radar,0,5,57,1,63,0,2,143,0,145,0,7,200,1,208,174,0,174,382
07/16/2016,DWH,TX,ASW,CE,Towers with Radar,0,12,25,0,37,0,3,157,0,160,0,15,182,0,197,167,0,167,364
07/17/2016,DWH,TX,ASW,CE,Towers with Radar,0,9,21,0,30,0,4,121,0,125,0,13,142,0,155,147,0,147,302
07/18/2016,DWH,TX,ASW,CE,Towers with Radar,0,2,35,1,38,0,4,87,1,92,0,6,122,2,130,142,0,142,272
07/19/2016,DWH,TX,ASW,CE,Towers with Radar,0,5,34,0,39,0,6,96,2,104,0,11,130,2,143,115,0,115,258
07/20/2016,DWH,TX,ASW,CE,Towers with Radar,0,10,47,6,63,0,1,121,0,122,0,11,168,6,185,225,0,225,410
07/21/2016,DWH,TX,ASW,CE,Towers with Radar,0,5,50,6,61,0,6,163,0,169,0,11,213,6,230,210,0,210,440
07/22/2016,DWH,TX,ASW,CE,Towers with Radar,0,7,49,5,61,0,2,154,0,156,0,9,203,5,217,197,2,199,416
07/23/2016,DWH,TX,ASW,CE,Towers with Radar,0,1,20,0,21,0,9,127,0,136,0,10,147,0,157,200,0,200,357
07/24/2016,DWH,TX,ASW,CE,Towers with Radar,0,5,38,1,44,0,2,136,1,139,0,7,174,2,183,134,0,134,317
07/25/2016,DWH,TX,ASW,CE,Towers with Radar,0,4,31,0,35,0,4,53,1,58,0,8,84,1,93,117,0,117,210
07/26/2016,DWH,TX,ASW,CE,Towers with Radar,0,7,55,0,62,0,2,41,0,43,0,9,96,0,105,83,0,83,188
07/27/2016,DWH,TX,ASW,CE,Towers with Radar,0,8,42,0,50,0,2,51,2,55,0,10,93,2,105,231,0,231,336
07/28/2016,DWH,TX,ASW,CE,Towers with Radar,1,6,39,1,47,0,3,52,1,56,1,9,91,2,103,167,2,169,272
07/29/2016,DWH,TX,ASW,CE,Towers with Radar,0,6,50,0,56,0,4,114,1,119,0,10,164,1,175,126,0,126,301
07/30/2016,DWH,TX,ASW,CE,Towers with Radar,0,6,35,1,42,0,2,128,3,133,0,8,163,4,175,170,0,170,345
07/31/2016,DWH,TX,ASW,CE,Towers with Radar,0,5,26,6,37,0,2,107,2,111,0,7,133,8,148,148,0,148,296
08/01/2016,DWH,TX,ASW,CE,Towers with Radar,0,8,44,0,52,0,2,114,4,120,0,10,158,4,172,205,0,205,377
08/02/2016,DWH,TX,ASW,CE,Towers with Radar,0,7,39,2,48,0,2,137,1,140,0,9,176,3,188,99,0,99,287
08/03/2016,DWH,TX,ASW,CE,Towers with Radar,0,5,47,6,58,0,4,105,3,112,0,9,152,9,170,114,0,114,284
08/04/2016,DWH,TX,ASW,CE,Towers with Radar,0,5,33,3,41,0,4,169,2,175,0,9,202,5,216,149,0,149,365
08/05/2016,DWH,TX,ASW,CE,Towers with Radar,0,3,48,0,51,0,5,125,1,131,0,8,173,1,182,154,0,154,336
08/06/2016,DWH,TX,ASW,CE,Towers with Radar,0,8,33,4,45,0,0,173,0,173,0,8,206,4,218,159,0,159,377
08/07/2016,DWH,TX,ASW,CE,Towers with Radar,0,0,27,4,31,0,4,186,0,190,0,4,213,4,221,165,0,165,386
08/08/2016,DWH,TX,ASW,CE,Towers with Radar,0,4,40,7,51,0,5,114,2,121,0,9,154,9,172,140,0,140,312
08/09/2016,DWH,TX,ASW,CE,Towers with Radar,0,6,38,1,45,0,4,105,1,110,0,10,143,2,155,126,0,126,281
08/10/2016,DWH,TX,ASW,CE,Towers with Radar,0,5,58,3,66,0,6,127,1,134,0,11,185,4,200,118,0,118,318
08/11/2016,DWH,TX,ASW,CE,Towers with Radar,0,7,38,5,50,0,1,136,2,139,0,8,174,7,189,125,0,125,314
08/12/2016,DWH,TX,ASW,CE,Towers with Radar,0,6,57,2,65,0,2,102,0,104,0,8,159,2,169,85,0,85,254
08/13/2016,DWH,TX,ASW,CE,Towers with Radar,0,7,19,0,26,0,2,70,0,72,0,9,89,0,98,116,0,116,214
08/14/2016,DWH,TX,ASW,CE,Towers with Radar,0,10,24,0,34,0,3,15,0,18,0,13,39,0,52,65,0,65,117
08/15/2016,DWH,TX,ASW,CE,Towers with Radar,0,5,32,0,37,0,1,14,0,15,0,6,46,0,52,44,0,44,96
08/16/2016,DWH,TX,ASW,CE,Towers with Radar,0,5,10,0,15,0,6,9,0,15,0,11,19,0,30,62,0,62,92
08/17/2016,DWH,TX,ASW,CE,Towers with Radar,0,3,35,0,38,0,3,4,0,7,0,6,39,0,45,38,0,38,83
08/18/2016,DWH,TX,ASW,CE,Towers with Radar,0,9,40,0,49,0,4,24,0,28,0,13,64,0,77,80,0,80,157
08/19/2016,DWH,TX,ASW,CE,Towers with Radar,0,6,47,1,54,0,2,85,0,87,0,8,132,1,141,143,0,143,284
08/20/2016,DWH,TX,ASW,CE,Towers with Radar,0,1,24,0,25,0,1,97,1,99,0,2,121,1,124,146,0,146,270
08/21/2016,DWH,TX,ASW,CE,Towers with Radar,0,4,33,0,37,0,3,42,0,45,0,7,75,0,82,97,0,97,179
08/22/2016,DWH,TX,ASW,CE,Towers with Radar,0,6,24,2,32,0,2,27,0,29,0,8,51,2,61,32,0,32,93
08/23/2016,DWH,TX,ASW,CE,Towers with Radar,0,6,40,1,47,0,5,96,1,102,0,11,136,2,149,120,0,120,269
08/24/2016,DWH,TX,ASW,CE,Towers with Radar,0,8,60,0,68,0,7,109,2,118,0,15,169,2,186,168,0,168,354
08/25/2016,DWH,TX,ASW,CE,Towers with Radar,0,14,45,7,66,0,3,97,5,105,0,17,142,12,171,161,24,185,356
08/26/2016,DWH,TX,ASW,CE,Towers with Radar,0,8,35,4,47,0,3,93,2,98,0,11,128,6,145,114,0,114,259
08/27/2016,DWH,TX,ASW,CE,Towers with Radar,0,4,25,0,29,0,3,108,0,111,0,7,133,0,140,124,0,124,264
08/28/2016,DWH,TX,ASW,CE,Towers with Radar,0,1,28,0,29,0,5,90,0,95,0,6,118,0,124,158,0,158,282
08/29/2016,DWH,TX,ASW,CE,Towers with Radar,0,11,37,2,50,0,6,32,0,38,0,17,69,2,88,171,0,171,259
08/30/2016,DWH,TX,ASW,CE,Towers with Radar,0,3,35,0,38,0,0,141,2,143,0,3,176,2,181,125,0,125,306
08/31/2016,DWH,TX,ASW,CE,Towers with Radar,0,8,47,2,57,0,4,138,0,142,0,12,185,2,199,178,0,178,377
09/01/2016,DWH,TX,ASW,CE,Towers with Radar,0,13,44,1,58,0,6,146,3,155,0,19,190,4,213,102,2,104,317
09/02/2016,DWH,TX,ASW,CE,Towers with Radar,0,3,51,1,55,0,3,120,1,124,0,6,171,2,179,100,0,100,279
09/03/2016,DWH,TX,ASW,CE,Towers with Radar,0,0,16,1,17,0,6,116,0,122,0,6,132,1,139,77,0,77,216
09/04/2016,DWH,TX,ASW,CE,Towers with Radar,0,2,23,0,25,0,1,87,0,88,0,3,110,0,113,155,0,155,268
09/05/2016,DWH,TX,ASW,CE,Towers with Radar,0,5,40,0,45,0,3,75,0,78,0,8,115,0,123,167,0,167,290
09/06/2016,DWH,TX,ASW,CE,Towers with Radar,0,11,26,1,38,0,6,128,2,136,0,17,154,3,174,119,0,119,293
09/07/2016,DWH,TX,ASW,CE,Towers with Radar,0,3,33,3,39,0,5,76,1,82,0,8,109,4,121,80,0,80,201
09/08/2016,DWH,TX,ASW,CE,Towers with Radar,0,9,46,0,55,0,6,63,2,71,0,15,109,2,126,0,0,0,126
09/09/2016,DWH,TX,ASW,CE,Towers with Radar,0,11,39,2,52,0,4,87,2,93,0,15,126,4,145,91,0,91,236
09/10/2016,DWH,TX,ASW,CE,Towers with Radar,0,10,23,1,34,0,2,83,0,85,0,12,106,1,119,126,0,126,245
09/11/2016,DWH,TX,ASW,CE,Towers with Radar,0,9,43,5,57,0,8,138,0,146,0,17,181,5,203,83,0,83,286
09/12/2016,DWH,TX,ASW,CE,Towers with Radar,0,8,32,2,42,0,2,124,0,126,0,10,156,2,168,103,0,103,271
09/13/2016,DWH,TX,ASW,CE,Towers with Radar,0,7,39,2,48,0,2,95,0,97,0,9,134,2,145,73,0,73,218
09/14/2016,DWH,TX,ASW,CE,Towers with Radar,0,2,30,2,34,0,2,153,2,157,0,4,183,4,191,107,0,107,298
09/15/2016,DWH,TX,ASW,CE,Towers with Radar,0,13,49,0,62,0,1,142,0,143,0,14,191,0,205,144,0,144,349
09/16/2016,DWH,TX,ASW,CE,Towers with Radar,0,11,53,1,65,0,5,86,0,91,0,16,139,1,156,36,0,36,192
09/17/2016,DWH,TX,ASW,CE,Towers with Radar,0,5,20,3,28,0,2,119,0,121,0,7,139,3,149,219,0,219,368
09/18/2016,DWH,TX,ASW,CE,Towers with Radar,0,14,34,4,52,0,6,109,0,115,0,20,143,4,167,98,0,98,265
09/19/2016,DWH,TX,ASW,CE,Towers with Radar,0,7,39,6,52,0,3,96,2,101,0,10,135,8,153,126,0,126,279
09/20/2016,DWH,TX,ASW,CE,Towers with Radar,0,4,40,6,50,0,0,82,1,83,0,4,122,7,133,49,0,49,182
09/21/2016,DWH,TX,ASW,CE,Towers with Radar,0,8,51,2,61,0,4,128,1,133,0,12,179,3,194,67,0,67,261
09/22/2016,DWH,TX,ASW,CE,Towers with Radar,0,5,46,0,51,0,5,108,0,113,0,10,154,0,164,53,0,53,217
09/23/2016,DWH,TX,ASW,CE,Towers with Radar,0,15,34,2,51,0,6,95,2,103,0,21,129,4,154,176,0,176,330
09/24/2016,DWH,TX,ASW,CE,Towers with Radar,0,11,27,0,38,0,3,94,0,97,0,14,121,0,135,75,0,75,210
09/25/2016,DWH,TX,ASW,CE,Towers with Radar,0,5,29,0,34,0,0,54,0,54,0,5,83,0,88,109,0,109,197
09/26/2016,DWH,TX,ASW,CE,Towers with Radar,0,2,41,0,43,0,5,36,2,43,0,7,77,2,86,153,0,153,239
09/27/2016,DWH,TX,ASW,CE,Towers with Radar,0,12,53,2,67,0,2,100,5,107,0,14,153,7,174,191,0,191,365
09/28/2016,DWH,TX,ASW,CE,Towers with Radar,0,13,60,1,74,0,3,123,2,128,0,16,183,3,202,119,0,119,321
09/29/2016,DWH,TX,ASW,CE,Towers with Radar,0,10,48,0,58,0,3,162,0,165,0,13,210,0,223,84,0,84,307
09/30/2016,DWH,TX,ASW,CE,Towers with Radar,0,5,51,1,57,0,8,211,1,220,0,13,262,2,277,176,0,176,453
10/01/2016,DWH,TX,ASW,CE,Towers with Radar,0,5,24,4,33,0,6,182,0,188,0,11,206,4,221,226,0,226,447
10/02/2016,DWH,TX,ASW,CE,Towers with Radar,0,6,34,0,40,0,3,144,0,147,0,9,178,0,187,123,0,123,310
10/03/2016,DWH,TX,ASW,CE,Towers with Radar,0,4,41,2,47,0,5,105,0,110,0,9,146,2,157,83,0,83,240
10/04/2016,DWH,TX,ASW,CE,Towers with Radar,0,5,49,2,56,0,4,117,0,121,0,9,166,2,177,97,0,97,274
10/05/2016,DWH,TX,ASW,CE,Towers with Radar,0,5,65,5,75,0,6,86,3,95,0,11,151,8,170,103,0,103,273
10/06/2016,DWH,TX,ASW,CE,Towers with Radar,0,5,59,2,66,0,3,77,0,80,0,8,136,2,146,128,0,128,274
10/07/2016,DWH,TX,ASW,CE,Towers with Radar,0,10,41,4,55,0,2,110,3,115,0,12,151,7,170,176,0,176,346
10/08/2016,DWH,TX,ASW,CE,Towers with Radar,1,8,18,0,27,0,6,165,0,171,1,14,183,0,198,182,0,182,380
10/09/2016,DWH,TX,ASW,CE,Towers with Radar,0,12,35,1,48,0,1,146,0,147,0,13,181,1,195,113,2,115,310
10/10/2016,DWH,TX,ASW,CE,Towers with Radar,0,3,30,0,33,0,2,93,0,95,0,5,123,0,128,0,0,0,128
10/11/2016,DWH,TX,ASW,CE,Towers with Radar,0,2,61,5,68,0,5,25,2,32,0,7,86,7,100,100,0,100,200
10/12/2016,DWH,TX,ASW,CE,Towers with Radar,0,6,45,12,63,0,3,115,0,118,0,9,160,12,181,186,0,186,367
10/13/2016,DWH,TX,ASW,CE,Towers with Radar,0,13,52,2,67,0,2,101,5,108,0,15,153,7,175,254,0,254,429
10/14/2016,DWH,TX,ASW,CE,Towers with Radar,0,9,56,8,73,0,5,84,3,92,0,14,140,11,165,218,17,235,400
10/15/2016,DWH,TX,ASW,CE,Towers with Radar,0,3,33,8,44,0,5,158,0,163,0,8,191,8,207,223,0,223,430
10/16/2016,DWH,TX,ASW,CE,Towers with Radar,0,12,55,10,77,0,2,142,3,147,0,14,197,13,224,114,0,114,338
10/17/2016,DWH,TX,ASW,CE,Towers with Radar,0,12,27,1,40,0,1,106,1,108,0,13,133,2,148,154,0,154,302
10/18/2016,DWH,TX,ASW,CE,Towers with Radar,0,14,53,2,69,0,4,99,1,104,0,18,152,3,173,111,0,111,284
10/19/2016,DWH,TX,ASW,CE,Towers with Radar,0,9,55,5,69,0,2,58,6,66,0,11,113,11,135,64,4,68,203
10/20/2016,DWH,TX,ASW,CE,Towers with Radar,0,8,74,6,88,0,1,73,0,74,0,9,147,6,162,164,0,164,326
10/21/2016,DWH,TX,ASW,CE,Towers with Radar,0,12,55,3,70,0,4,169,0,173,0,16,224,3,243,139,0,139,382
10/22/2016,DWH,TX,ASW,CE,Towers with Radar,0,9,30,4,43,0,7,184,0,191,0,16,214,4,234,141,0,141,375
10/23/2016,DWH,TX,ASW,CE,Towers with Radar,0,6,41,2,49,0,4,177,0,181,0,10,218,2,230,86,0,86,316
10/24/2016,DWH,TX,ASW,CE,Towers with Radar,0,6,39,3,48,0,5,128,6,139,0,11,167,9,187,100,11,111,298
10/25/2016,DWH,TX,ASW,CE,Towers with Radar,0,13,46,3,62,0,8,109,2,119,0,21,155,5,181,176,2,178,359
10/26/2016,DWH,TX,ASW,CE,Towers with Radar,0,7,52,6,65,0,3,147,8,158,0,10,199,14,223,122,0,122,345
10/27/2016,DWH,TX,ASW,CE,Towers with Radar,0,4,50,1,55,0,3,113,2,118,0,7,163,3,173,126,0,126,299
10/28/2016,DWH,TX,ASW,CE,Towers with Radar,0,5,47,10,62,0,4,143,3,150,0,9,190,13,212,149,2,151,363
10/29/2016,DWH,TX,ASW,CE,Towers with Radar,0,7,41,2,50,0,1,124,0,125,0,8,165,2,175,59,0,59,234
10/30/2016,DWH,TX,ASW,CE,Towers with Radar,0,7,40,0,47,0,2,65,0,67,0,9,105,0,114,0,0,0,114
10/31/2016,DWH,TX,ASW,CE,Towers with Radar,0,2,37,0,39,0,0,76,0,76,0,2,113,0,115,107,0,107,222
11/01/2016,DWH,TX,ASW,CE,Towers with Radar,0,9,48,8,65,0,0,44,0,44,0,9,92,8,109,66,0,66,175
11/02/2016,DWH,TX,ASW,CE,Towers with Radar,0,3,66,4,73,0,4,68,0,72,0,7,134,4,145,123,0,123,268
11/03/2016,DWH,TX,ASW,CE,Towers with Radar,0,9,71,4,84,0,4,87,1,92,0,13,158,5,176,112,0,112,288
11/04/2016,DWH,TX,ASW,CE,Towers with Radar,0,8,58,4,70,0,2,128,8,138,0,10,186,12,208,70,0,70,278
11/05/2016,DWH,TX,ASW,CE,Towers with Radar,0,9,34,0,43,0,7,145,0,152,0,16,179,0,195,100,0,100,295
11/06/2016,DWH,TX,ASW,CE,Towers with Radar,0,8,35,1,44,0,4,82,1,87,0,12,117,2,131,103,0,103,234
11/07/2016,DWH,TX,ASW,CE,Towers with Radar,0,6,38,5,49,0,4,39,0,43,0,10,77,5,92,44,0,44,136
11/08/2016,DWH,TX,ASW,CE,Towers with Radar,0,5,37,2,44,0,2,16,0,18,0,7,53,2,62,45,0,45,107
11/09/2016,DWH,TX,ASW,CE,Towers with Radar,0,10,37,4,51,0,4,73,0,77,0,14,110,4,128,112,2,114,242
11/10/2016,DWH,TX,ASW,CE,Towers with Radar,0,5,58,6,69,0,6,164,0,170,0,11,222,6,239,192,0,192,431
11/11/2016,DWH,TX,ASW,CE,Towers with Radar,0,7,47,0,54,0,8,181,0,189,0,15,228,0,243,168,0,168,411
11/12/2016,DWH,TX,ASW,CE,Towers with Radar,0,4,28,0,32,0,6,210,0,216,0,10,238,0,248,124,0,124,372
11/13/2016,DWH,TX,ASW,CE,Towers with Radar,0,9,60,8,77,0,3,164,0,167,0,12,224,8,244,143,0,143,387
11/14/2016,DWH,TX,ASW,CE,Towers with Radar,0,3,35,8,46,0,8,113,2,123,0,11,148,10,169,170,4,174,343
11/15/2016,DWH,TX,ASW,CE,Towers with Radar,0,4,37,2,43,0,10,145,2,157,0,14,182,4,200,185,0,185,385
11/16/2016,DWH,TX,ASW,CE,Towers with Radar,0,7,43,4,54,0,5,176,2,183,0,12,219,6,237,157,0,157,394
11/17/2016,DWH,TX,ASW,CE,Towers with Radar,0,6,59,0,65,0,7,170,2,179,0,13,229,2,244,136,0,136,380
11/18/2016,DWH,TX,ASW,CE,Towers with Radar,0,5,51,2,58,0,4,62,0,66,0,9,113,2,124,95,0,95,219
11/19/2016,DWH,TX,ASW,CE,Towers with Radar,0,6,13,0,19,0,6,125,0,131,0,12,138,0,150,190,0,190,340
11/20/2016,DWH,TX,ASW,CE,Towers with Radar,0,0,30,0,30,0,1,158,1,160,0,1,188,1,190,96,0,96,286
11/21/2016,DWH,TX,ASW,CE,Towers with Radar,0,7,41,9,57,0,5,105,2,112,0,12,146,11,169,206,0,206,375
11/22/2016,DWH,TX,ASW,CE,Towers with Radar,0,8,40,4,52,0,1,106,2,109,0,9,146,6,161,107,0,107,268
11/23/2016,DWH,TX,ASW,CE,Towers with Radar,0,16,48,2,66,0,5,128,2,135,0,21,176,4,201,142,0,142,343
11/24/2016,DWH,TX,ASW,CE,Towers with Radar,0,3,9,0,12,0,6,39,0,45,0,9,48,0,57,65,0,65,122
11/25/2016,DWH,TX,ASW,CE,Towers with Radar,0,9,26,1,36,0,0,89,0,89,0,9,115,1,125,119,0,119,244
11/26/2016,DWH,TX,ASW,CE,Towers with Radar,0,13,32,0,45,0,15,115,2,132,0,28,147,2,177,106,0,106,283
11/27/2016,DWH,TX,ASW,CE,Towers with Radar,0,10,58,0,68,0,1,83,0,84,0,11,141,0,152,78,0,78,230
11/28/2016,DWH,TX,ASW,CE,Towers with Radar,0,5,20,5,30,0,2,25,1,28,0,7,45,6,58,29,0,29,87
11/29/2016,DWH,TX,ASW,CE,Towers with Radar,0,6,50,0,56,0,2,59,2,63,0,8,109,2,119,75,0,75,194
11/30/2016,DWH,TX,ASW,CE,Towers with Radar,0,6,35,7,48,0,2,109,3,114,0,8,144,10,162,126,0,126,288
12/01/2016,DWH,TX,ASW,CE,Towers with Radar,0,5,47,2,54,0,2,157,2,161,0,7,204,4,215,203,0,203,418
12/02/2016,DWH,TX,ASW,CE,Towers with Radar,0,10,57,3,70,0,3,105,0,108,0,13,162,3,178,136,0,136,314
12/03/2016,DWH,TX,ASW,CE,Towers with Radar,0,3,12,0,15,0,0,0,0,0,0,3,12,0,15,0,0,0,15
12/04/2016,DWH,TX,ASW,CE,Towers with Radar,0,4,29,0,33,0,0,1,0,1,0,4,30,0,34,2,0,2,36
12/05/2016,DWH,TX,ASW,CE,Towers with Radar,0,11,19,0,30,0,0,0,0,0,0,11,19,0,30,0,0,0,30
12/06/2016,DWH,TX,ASW,CE,Towers with Radar,0,3,50,2,55,0,3,163,0,166,0,6,213,2,221,191,0,191,412
12/07/2016,DWH,TX,ASW,CE,Towers with Radar,0,10,67,6,83,0,1,36,0,37,0,11,103,6,120,152,0,152,272
12/08/2016,DWH,TX,ASW,CE,Towers with Radar,0,4,42,0,46,0,5,39,3,47,0,9,81,3,93,42,0,42,135
12/09/2016,DWH,TX,ASW,CE,Towers with Radar,0,2,41,0,43,0,3,197,0,200,0,5,238,0,243,148,0,148,391
12/10/2016,DWH,TX,ASW,CE,Towers with Radar,0,7,28,0,35,0,5,161,4,170,0,12,189,4,205,180,0,180,385
12/11/2016,DWH,TX,ASW,CE,Towers with Radar,0,6,34,0,40,0,6,32,0,38,0,12,66,0,78,73,0,73,151
12/12/2016,DWH,TX,ASW,CE,Towers with Radar,0,7,45,0,52,0,1,5,0,6,0,8,50,0,58,15,0,15,73
12/13/2016,DWH,TX,ASW,CE,Towers with Radar,0,8,52,2,62,0,2,20,0,22,0,10,72,2,84,152,2,154,238
12/14/2016,DWH,TX,ASW,CE,Towers with Radar,0,6,68,2,76,0,2,8,0,10,0,8,76,2,86,0,0,0,86
12/15/2016,DWH,TX,ASW,CE,Towers with Radar,0,15,55,7,77,0,3,149,4,156,0,18,204,11,233,131,2,133,366
12/16/2016,DWH,TX,ASW,CE,Towers with Radar,0,9,61,0,70,0,0,1,0,1,0,9,62,0,71,0,0,0,71
12/17/2016,DWH,TX,ASW,CE,Towers with Radar,0,15,31,0,46,0,5,25,0,30,0,20,56,0,76,45,0,45,121
12/18/2016,DWH,TX,ASW,CE,Towers with Radar,0,12,29,0,41,0,6,58,2,66,0,18,87,2,107,38,0,38,145
12/19/2016,DWH,TX,ASW,CE,Towers with Radar,0,5,42,2,49,0,2,133,7,142,0,7,175,9,191,135,4,139,330
12/20/2016,DWH,TX,ASW,CE,Towers with Radar,0,3,55,2,60,0,11,148,0,159,0,14,203,2,219,255,0,255,474
12/21/2016,DWH,TX,ASW,CE,Towers with Radar,0,5,31,2,38,0,5,154,3,162,0,10,185,5,200,121,0,121,321
12/22/2016,DWH,TX,ASW,CE,Towers with Radar,0,7,55,5,67,0,0,137,3,140,0,7,192,8,207,193,6,199,406
12/23/2016,DWH,TX,ASW,CE,Towers with Radar,0,11,22,0,33,0,1,6,0,7,0,12,28,0,40,40,0,40,80
12/24/2016,DWH,TX,ASW,CE,Towers with Radar,0,2,18,0,20,0,3,23,1,27,0,5,41,1,47,10,0,10,57
12/25/2016,DWH,TX,ASW,CE,Towers with Radar,0,3,4,0,7,0,2,13,0,15,0,5,17,0,22,7,0,7,29
12/26/2016,DWH,TX,ASW,CE,Towers with Radar,0,5,38,0,43,0,3,60,0,63,0,8,98,0,106,129,0,129,235
12/27/2016,DWH,TX,ASW,CE,Towers with Radar,0,5,30,3,38,0,2,63,1,66,0,7,93,4,104,136,2,138,242
12/28/2016,DWH,TX,ASW,CE,Towers with Radar,0,6,41,2,49,0,2,69,0,71,0,8,110,2,120,130,0,130,250
12/29/2016,DWH,TX,ASW,CE,Towers with Radar,0,4,24,0,28,0,5,77,0,82,0,9,101,0,110,58,0,58,168
12/30/2016,DWH,TX,ASW,CE,Towers with Radar,0,5,28,0,33,0,2,163,0,165,0,7,191,0,198,143,0,143,341
12/31/2016,DWH,TX,ASW,CE,Towers with Radar,0,0,11,0,11,0,0,0,0,0,0,0,11,0,11,0,0,0,11
01/01/2017,DWH,TX,ASW,CE,Towers with Radar,0,4,15,0,19,0,0,42,0,42,0,4,57,0,61,116,0,116,177
01/02/2017,DWH,TX,ASW,CE,Towers with Radar,0,10,26,0,36,0,6,131,0,137,0,16,157,0,173,158,0,158,331
01/03/2017,DWH,TX,ASW,CE,Towers with Radar,0,5,39,0,44,0,7,135,0,142,0,12,174,0,186,119,0,119,305
01/04/2017,DWH,TX,ASW,CE,Towers with Radar,0,7,44,8,59,0,3,106,8,117,0,10,150,16,176,163,0,163,339
01/05/2017,DWH,TX,ASW,CE,Towers with Radar,0,8,67,4,79,0,2,12,0,14,0,10,79,4,93,30,0,30,123
01/06/2017,DWH,TX,ASW,CE,Towers with Radar,0,4,13,1,18,0,5,4,0,9,0,9,17,1,27,2,0,2,29
01/07/2017,DWH,TX,ASW,CE,Towers with Radar,0,2,29,1,32,0,5,144,3,152,0,7,173,4,184,194,0,194,378
01/08/2017,DWH,TX,ASW,CE,Towers with Radar,0,2,20,3,25,0,9,150,3,162,0,11,170,6,187,122,0,122,309
01/09/2017,DWH,TX,ASW,CE,Towers with Radar,0,7,35,2,44,0,1,107,0,108,0,8,142,2,152,83,0,83,235
01/10/2017,DWH,TX,ASW,CE,Towers with Radar,0,5,25,6,36,0,4,51,4,59,0,9,76,10,95,42,2,44,139
01/11/2017,DWH,TX,ASW,CE,Towers with Radar,0,5,38,4,47,0,4,73,4,81,0,9,111,8,128,48,2,50,178
01/12/2017,DWH,TX,ASW,CE,Towers with Radar,0,8,47,4,59,0,5,162,4,171,0,13,209,8,230,246,0,246,476
01/13/2017,DWH,TX,ASW,CE,Towers with Radar,0,6,36,5,47,0,2,79,1,82,0,8,115,6,129,143,0,143,272
01/14/2017,DWH,TX,ASW,CE,Towers with Radar,0,2,35,0,37,0,1,73,1,75,0,3,108,1,112,136,0,136,248
01/15/2017,DWH,TX,ASW,CE,Towers with Radar,0,5,38,1,44,0,3,26,0,29,0,8,64,1,73,29,0,29,102
01/16/2017,DWH,TX,ASW,CE,Towers with Radar,0,10,27,0,37,0,2,74,0,76,0,12,101,0,113,123,0,123,236
01/17/2017,DWH,TX,ASW,CE,Towers with Radar,0,13,35,0,48,0,0,0,0,0,0,13,35,0,48,0,0,0,48
01/18/2017,DWH,TX,ASW,CE,Towers with Radar,0,5,20,0,25,0,0,1,0,1,0,5,21,0,26,0,0,0,26
01/19/2017,DWH,TX,ASW,CE,Towers with Radar,1,5,52,2,60,0,0,9,0,9,1,5,61,2,69,4,0,4,73
01/20/2017,DWH,TX,ASW,CE,Towers with Radar,0,6,23,2,31,0,3,110,0,113,0,9,133,2,144,178,0,178,322
01/21/2017,DWH,TX,ASW,CE,Towers with Radar,0,3,40,0,43,0,0,100,0,100,0,3,140,0,143,101,0,101,244
01/22/2017,DWH,TX,ASW,CE,Towers with Radar,0,5,19,3,27,0,1,18,0,19,0,6,37,3,46,6,0,6,52
01/23/2017,DWH,TX,ASW,CE,Towers with Radar,0,6,48,2,56,0,2,193,1,196,0,8,241,3,252,215,0,215,467
01/24/2017,DWH,TX,ASW,CE,Towers with Radar,0,6,43,4,53,0,2,174,0,176,0,8,217,4,229,168,0,168,397
01/25/2017,DWH,TX,ASW,CE,Towers with Radar,0,9,51,0,60,0,2,130,1,133,0,11,181,1,193,108,0,108,301
01/26/2017,DWH,TX,ASW,CE,Towers with Radar,0,6,48,5,59,0,2,171,4,177,0,8,219,9,236,166,0,166,402
01/27/2017,DWH,TX,ASW,CE,Towers with Radar,0,4,57,2,63,0,4,181,2,187,0,8,238,4,250,237,0,237,487
01/28/2017,DWH,TX,ASW,CE,Towers with Radar,0,4,20,1,25,0,4,192,0,196,0,8,212,1,221,319,0,319,540
01/29/2017,DWH,TX,ASW,CE,Towers with Radar,0,6,37,4,47,0,0,151,0,151,0,6,188,4,198,178,0,178,376
01/30/2017,DWH,TX,ASW,CE,Towers with Radar,0,6,36,6,48,0,1,164,4,169,0,7,200,10,217,215,2,217,434
01/31/2017,DWH,TX,ASW,CE,Towers with Radar,0,1,41,0,42,0,2,151,0,153,0,3,192,0,195,232,0,232,427
02/01/2017,DWH,TX,ASW,CE,Towers with Radar,0,4,51,1,56,0,2,101,1,104,0,6,152,2,160,114,0,114,274
02/02/2017,DWH,TX,ASW,CE,Towers with Radar,0,6,50,2,58,0,1,33,0,34,0,7,83,2,92,79,0,79,171
02/03/2017,DWH,TX,ASW,CE,Towers with Radar,0,21,37,2,60,0,6,94,1,101,0,27,131,3,161,115,0,115,276
02/04/2017,DWH,TX,ASW,CE,Towers with Radar,0,16,31,0,47,0,1,59,0,60,0,17,90,0,107,155,0,155,262
02/05/2017,DWH,TX,ASW,CE,Towers with Radar,0,14,30,0,44,0,6,24,0,30,0,20,54,0,74,10,0,10,84
02/06/2017,DWH,TX,ASW,CE,Towers with Radar,0,36,52,2,90,0,5,48,0,53,0,41,100,2,143,49,0,49,192
02/07/2017,DWH,TX,ASW,CE,Towers with Radar,0,3,50,4,57,0,3,114,2,119,0,6,164,6,176,111,0,111,287
02/08/2017,DWH,TX,ASW,CE,Towers with Radar,0,7,46,2,55,0,4,88,3,95,0,11,134,5,150,108,0,108,258
02/09/2017,DWH,TX,ASW,CE,Towers with Radar,0,5,47,3,55,0,6,209,2,217,0,11,256,5,272,206,2,208,480
02/10/2017,DWH,TX,ASW,CE,Towers with Radar,0,5,36,12,53,0,3,96,2,101,0,8,132,14,154,230,0,230,384
02/11/2017,DWH,TX,ASW,CE,Towers with Radar,0,6,44,1,51,0,2,85,1,88,0,8,129,2,139,125,0,125,264
02/12/2017,DWH,TX,ASW,CE,Towers with Radar,0,0,26,8,34,0,2,134,0,136,0,2,160,8,170,169,0,169,339
02/13/2017,DWH,TX,ASW,CE,Towers with Radar,0,6,44,0,50,0,4,62,2,68,0,10,106,2,118,107,0,107,225
02/14/2017,DWH,TX,ASW,CE,Towers with Radar,0,9,32,0,41,0,5,6,0,11,0,14,38,0,52,36,0,36,88
02/15/2017,DWH,TX,ASW,CE,Towers with Radar,0,4,64,0,68,0,1,127,3,131,0,5,191,3,199,150,0,150,349
02/16/2017,DWH,TX,ASW,CE,Towers with Radar,0,8,55,6,69,0,4,202,5,211,0,12,257,11,280,272,2,274,554
02/17/2017,DWH,TX,ASW,CE,Towers with Radar,0,10,52,0,62,0,2,64,0,66,0,12,116,0,128,52,0,52,180
02/18/2017,DWH,TX,ASW,CE,Towers with Radar,0,5,34,0,39,0,2,123,0,125,0,7,157,0,164,132,0,132,296
02/19/2017,DWH,TX,ASW,CE,Towers with Radar,0,5,33,0,38,0,9,19,0,28,0,14,52,0,66,65,0,65,131
02/20/2017,DWH,TX,ASW,CE,Towers with Radar,0,9,30,0,39,0,1,4,0,5,0,10,34,0,44,16,0,16,60
02/21/2017,DWH,TX,ASW,CE,Towers with Radar,0,7,60,6,73,0,5,134,4,143,0,12,194,10,216,171,0,171,387
02/22/2017,DWH,TX,ASW,CE,Towers with Radar,0,2,41,2,45,0,4,208,0,212,0,6,249,2,257,203,0,203,460
02/23/2017,DWH,TX,ASW,CE,Towers with Radar,0,6,56,2,64,0,6,194,5,205,0,12,250,7,269,167,0,167,436
02/24/2017,DWH,TX,ASW,CE,Towers with Radar,0,7,49,3,59,0,3,160,2,165,0,10,209,5,224,151,0,151,375
02/25/2017,DWH,TX,ASW,CE,Towers with Radar,0,2,37,2,41,0,1,231,2,234,0,3,268,4,275,181,4,185,460
02/26/2017,DWH,TX,ASW,CE,Towers with Radar,0,4,34,4,42,0,2,94,0,96,0,6,128,4,138,140,0,140,278
02/27/2017,DWH,TX,ASW,CE,Towers with Radar,0,11,49,6,66,0,3,76,4,83,0,14,125,10,149,54,0,54,203
02/28/2017,DWH,TX,ASW,CE,Towers with Radar,0,11,31,2,44,0,4,91,0,95,0,15,122,2,139,89,0,89,228
03/01/2017,DWH,TX,ASW,CE,Towers with Radar,0,8,52,0,60,0,3,123,13,139,0,11,175,13,199,134,4,138,337
03/02/2017,DWH,TX,ASW,CE,Towers with Radar,0,4,51,0,55,0,5,153,5,163,0,9,204,5,218,113,0,113,331
03/03/2017,DWH,TX,ASW,CE,Towers with Radar,0,4,51,5,60,0,2,166,3,171,0,6,217,8,231,87,0,87,318
03/04/2017,DWH,TX,ASW,CE,Towers with Radar,0,5,26,0,31,0,4,60,0,64,0,9,86,0,95,113,0,113,208
03/05/2017,DWH,TX,ASW,CE,Towers with Radar,0,8,35,0,43,0,0,4,0,4,0,8,39,0,47,0,0,0,47
03/06/2017,DWH,TX,ASW,CE,Towers with Radar,0,6,41,2,49,0,0,14,0,14,0,6,55,2,63,40,0,40,103
03/07/2017,DWH,TX,ASW,CE,Towers with Radar,0,5,30,0,35,0,2,29,0,31,0,7,59,0,66,126,0,126,192
03/08/2017,DWH,TX,ASW,CE,Towers with Radar,0,19,60,1,80,0,2,155,1,158,0,21,215,2,238,181,0,181,419
03/09/2017,DWH,TX,ASW,CE,Towers with Radar,0,9,55,2,66,0,1,51,1,53,0,10,106,3,119,117,0,117,236
03/10/2017,DWH,TX,ASW,CE,Towers with Radar,0,6,53,2,61,0,4,24,0,28,0,10,77,2,89,143,0,143,232
03/11/2017,DWH,TX,ASW,CE,Towers with Radar,0,8,38,0,46,0,0,3,0,3,0,8,41,0,49,14,0,14,63
03/12/2017,DWH,TX,ASW,CE,Towers with Radar,0,9,34,0,43,0,4,35,0,39,0,13,69,0,82,93,0,93,175
03/13/2017,DWH,TX,ASW,CE,Towers with Radar,0,7,44,3,54,0,2,132,2,136,0,9,176,5,190,197,0,197,387
03/14/2017,DWH,TX,ASW,CE,Towers with Radar,0,6,30,3,39,0,1,247,1,249,0,7,277,4,288,226,0,226,514
03/15/2017,DWH,TX,ASW,CE,Towers with Radar,0,6,43,2,51,0,5,152,0,157,0,11,195,2,208,128,0,128,336
03/16/2017,DWH,TX,ASW,CE,Towers with Radar,0,5,53,0,58,0,4,100,4,108,0,9,153,4,166,150,0,150,316
03/17/2017,DWH,TX,ASW,CE,Towers with Radar,0,11,49,0,60,0,1,102,0,103,0,12,151,0,163,138,0,138,301
03/18/2017,DWH,TX,ASW,CE,Towers with Radar,0,8,32,1,41,0,3,102,0,105,0,11,134,1,146,144,0,144,290
03/19/2017,DWH,TX,ASW,CE,Towers with Radar,0,13,46,5,64,0,1,146,3,150,0,14,192,8,214,107,0,107,321
03/20/2017,DWH,TX,ASW,CE,Towers with Radar,0,4,44,0,48,0,4,126,2,132,0,8,170,2,180,130,0,130,310
03/21/2017,DWH,TX,ASW,CE,Towers with Radar,0,1,52,3,56,0,4,152,5,161,0,5,204,8,217,167,0,167,384
03/22/2017,DWH,TX,ASW,CE,Towers with Radar,0,9,62,2,73,0,6,170,3,179,0,15,232,5,252,163,0,163,415
03/23/2017,DWH,TX,ASW,CE,Towers with Radar,0,11,68,3,82,0,5,129,0,134,0,16,197,3,216,91,0,91,307
03/24/2017,DWH,TX,ASW,CE,Towers with Radar,0,2,36,5,43,0,6,60,0,66,0,8,96,5,109,55,0,55,164
03/25/2017,DWH,TX,ASW,CE,Towers with Radar,0,2,30,11,43,0,5,202,7,214,0,7,232,18,257,180,14,194,451
03/26/2017,DWH,TX,ASW,CE,Towers with Radar,0,4,30,3,37,0,3,126,1,130,0,7,156,4,167,120,0,120,287
03/27/2017,DWH,TX,ASW,CE,Towers with Radar,0,4,54,8,66,0,2,115,3,120,0,6,169,11,186,52,0,52,238
03/28/2017,DWH,TX,ASW,CE,Towers with Radar,0,5,63,1,69,0,7,100,2,109,0,12,163,3,178,57,0,57,235
03/29/2017,DWH,TX,ASW,CE,Towers with Radar,0,6,45,1,52,0,3,54,1,58,0,9,99,2,110,0,0,0,110
03/30/2017,DWH,TX,ASW,CE,Towers with Radar,0,11,57,4,72,0,4,203,0,207,0,15,260,4,279,136,0,136,415
03/31/2017,DWH,TX,ASW,CE,Towers with Radar,0,8,41,2,51,0,3,166,0,169,0,11,207,2,220,103,0,103,323
04/01/2017,DWH,TX,ASW,CE,Towers with Radar,0,6,31,0,37,0,5,99,0,104,0,11,130,0,141,156,0,156,297
04/02/2017,DWH,TX,ASW,CE,Towers with Radar,0,10,6,0,16,0,4,6,0,10,0,14,12,0,26,0,0,0,26
04/03/2017,DWH,TX,ASW,CE,Towers with Radar,0,0,28,4,32,0,0,145,0,145,0,0,173,4,177,161,0,161,338
04/04/2017,DWH,TX,ASW,CE,Towers with Radar,0,6,53,0,59,0,2,165,0,167,0,8,218,0,226,176,0,176,402
04/05/2017,DWH,TX,ASW,CE,Towers with Radar,0,9,44,0,53,0,3,144,2,149,0,12,188,2,202,109,0,109,311
04/06/2017,DWH,TX,ASW,CE,Towers with Radar,0,11,53,2,66,0,1,196,1,198,0,12,249,3,264,237,0,237,501
04/07/2017,DWH,TX,ASW,CE,Towers with Radar,0,5,62,16,83,0,6,224,4,234,0,11,286,20,317,164,0,164,481
04/08/2017,DWH,TX,ASW,CE,Towers with Radar,0,4,26,1,31,0,2,155,3,160,0,6,181,4,191,91,4,95,286
04/09/2017,DWH,TX,ASW,CE,Towers with Radar,0,3,25,8,36,0,4,148,0,152,0,7,173,8,188,62,0,62,250
04/10/2017,DWH,TX,ASW,CE,Towers with Radar,0,1,53,4,58,0,3,40,0,43,0,4,93,4,101,62,12,74,175
04/11/2017,DWH,TX,ASW,CE,Towers with Radar,0,6,37,0,43,0,1,3,0,4,0,7,40,0,47,11,0,11,58
04/12/2017,DWH,TX,ASW,CE,Towers with Radar,0,7,66,0,73,0,1,69,0,70,0,8,135,0,143,191,0,191,334
04/13/2017,DWH,TX,ASW,CE,Towers with Radar,0,15,84,1,100,0,3,153,1,157,0,18,237,2,257,112,0,112,369
04/14/2017,DWH,TX,ASW,CE,Towers with Radar,0,4,47,0,51,0,3,119,1,123,0,7,166,1,174,148,0,148,322
04/15/2017,DWH,TX,ASW,CE,Towers with Radar,0,3,36,0,39,0,8,108,0,116,0,11,144,0,155,145,0,145,300
04/16/2017,DWH,TX,ASW,CE,Towers with Radar,0,12,39,0,51,0,3,29,0,32,0,15,68,0,83,63,0,63,146
04/17/2017,DWH,TX,ASW,CE,Towers with Radar,0,8,32,2,42,0,2,49,0,51,0,10,81,2,93,79,0,79,172
04/18/2017,DWH,TX,ASW,CE,Towers with Radar,0,6,46,0,52,0,2,23,2,27,0,8,69,2,79,65,14,79,158
04/19/2017,DWH,TX,ASW,CE,Towers with Radar,0,3,49,0,52,0,2,86,1,89,0,5,135,1,141,130,0,130,271
04/20/2017,DWH,TX,ASW,CE,Towers with Radar,0,3,71,13,87,0,1,137,1,139,0,4,208,14,226,145,0,145,371
04/21/2017,DWH,TX,ASW,CE,Towers with Radar,0,6,51,4,61,0,2,116,2,120,0,8,167,6,181,80,0,80,261
04/22/2017,DWH,TX,ASW,CE,Towers with Radar,0,4,39,1,44,0,2,69,0,71,0,6,108,1,115,113,0,113,228
04/23/2017,DWH,TX,ASW,CE,Towers with Radar,0,11,42,0,53,0,4,232,0,236,0,15,274,0,289,97,0,97,386
04/24/2017,DWH,TX,ASW,CE,Towers with Radar,0,8,49,4,61,0,4,232,3,239,0,12,281,7,300,182,0,182,482
04/25/2017,DWH,TX,ASW,CE,Towers with Radar,0,3,62,1,66,0,2,85,3,90,0,5,147,4,156,75,2,77,233
04/26/2017,DWH,TX,ASW,CE,Towers with Radar,0,9,51,4,64,0,2,65,1,68,0,11,116,5,132,58,0,58,190
04/27/2017,DWH,TX,ASW,CE,Towers with Radar,0,14,62,4,80,0,1,184,2,187,0,15,246,6,267,86,2,88,355
04/28/2017,DWH,TX,ASW,CE,Towers with Radar,0,4,32,5,41,0,4,107,3,114,0,8,139,8,155,77,0,77,232
04/29/2017,DWH,TX,ASW,CE,Towers with Radar,0,4,24,0,28,0,2,11,0,13,0,6,35,0,41,29,0,29,70
04/30/2017,DWH,TX,ASW,CE,Towers with Radar,0,4,18,0,22,0,5,158,0,163,0,9,176,0,185,153,0,153,338
05/01/2017,DWH,TX,ASW,CE,Towers with Radar,0,5,41,0,46,0,3,168,0,171,0,8,209,0,217,91,0,91,308
05/02/2017,DWH,TX,ASW,CE,Towers with Radar,0,6,44,3,53,0,0,176,4,180,0,6,220,7,233,223,0,223,456
05/03/2017,DWH,TX,ASW,CE,Towers with Radar,0,11,31,0,42,0,1,18,2,21,0,12,49,2,63,45,0,45,108
05/04/2017,DWH,TX,ASW,CE,Towers with Radar,0,16,44,4,64,0,3,126,2,131,0,19,170,6,195,114,6,120,315
05/05/2017,DWH,TX,ASW,CE,Towers with Radar,0,7,37,1,45,0,4,187,3,194,0,11,224,4,239,103,0,103,342
05/06/2017,DWH,TX,ASW,CE,Towers with Radar,0,3,29,0,32,0,5,222,1,228,0,8,251,1,260,160,0,160,420
05/07/2017,DWH,TX,ASW,CE,Towers with Radar,0,6,31,1,38,0,1,148,1,150,0,7,179,2,188,103,0,103,291
05/08/2017,DWH,TX,ASW,CE,Towers with Radar,0,5,41,5,51,0,4,105,2,111,0,9,146,7,162,115,0,115,277
05/09/2017,DWH,TX,ASW,CE,Towers with Radar,0,1,42,3,46,0,3,75,3,81,0,4,117,6,127,116,0,116,243
05/10/2017,DWH,TX,ASW,CE,Towers with Radar,0,9,49,2,60,0,5,94,2,101,0,14,143,4,161,57,0,57,218
05/11/2017,DWH,TX,ASW,CE,Towers with Radar,0,7,36,0,43,0,1,49,0,50,0,8,85,0,93,96,0,96,189
05/12/2017,DWH,TX,ASW,CE,Towers with Radar,0,3,36,0,39,0,0,127,2,129,0,3,163,2,168,32,0,32,200
05/13/2017,DWH,TX,ASW,CE,Towers with Radar,0,3,31,0,34,0,2,188,0,190,0,5,219,0,224,141,0,141,365
05/14/2017,DWH,TX,ASW,CE,Towers with Radar,0,5,34,0,39,0,2,116,0,118,0,7,150,0,157,71,0,71,228
05/15/2017,DWH,TX,ASW,CE,Towers with Radar,0,6,45,3,54,0,3,143,1,147,0,9,188,4,201,165,0,165,366
05/16/2017,DWH,TX,ASW,CE,Towers with Radar,0,6,64,2,72,0,2,111,0,113,0,8,175,2,185,76,0,76,261
05/17/2017,DWH,TX,ASW,CE,Towers with Radar,1,9,63,1,74,0,4,63,2,69,1,13,126,3,143,72,0,72,215
05/18/2017,DWH,TX,ASW,CE,Towers with Radar,0,5,58,0,63,0,6,80,0,86,0,11,138,0,149,69,0,69,218
05/19/2017,DWH,TX,ASW,CE,Towers with Radar,0,14,54,2,70,0,3,67,0,70,0,17,121,2,140,72,0,72,212
05/20/2017,DWH,TX,ASW,CE,Towers with Radar,0,0,22,0,22,0,4,57,0,61,0,4,79,0,83,142,0,142,225
05/21/2017,DWH,TX,ASW,CE,Towers with Radar,0,7,19,0,26,0,2,39,0,41,0,9,58,0,67,24,0,24,91
05/22/2017,DWH,TX,ASW,CE,Towers with Radar,0,5,38,1,44,0,1,2,1,4,0,6,40,2,48,0,0,0,48
05/23/2017,DWH,TX,ASW,CE,Towers with Radar,0,8,50,0,58,0,0,117,2,119,0,8,167,2,177,164,0,164,341
05/24/2017,DWH,TX,ASW,CE,Towers with Radar,0,4,52,3,59,0,1,168,1,170,0,5,220,4,229,94,0,94,323
05/25/2017,DWH,TX,ASW,CE,Towers with Radar,0,7,54,3,64,0,6,203,3,212,0,13,257,6,276,77,0,77,353
05/26/2017,DWH,TX,ASW,CE,Towers with Radar,0,6,70,0,76,0,4,135,0,139,0,10,205,0,215,84,0,84,299
05/27/2017,DWH,TX,ASW,CE,Towers with Radar,0,5,41,0,46,0,3,72,0,75,0,8,113,0,121,70,0,70,191
05/28/2017,DWH,TX,ASW,CE,Towers with Radar,0,8,26,0,34,0,5,58,0,63,0,13,84,0,97,94,0,94,191
05/29/2017,DWH,TX,ASW,CE,Towers with Radar,0,4,33,2,39,0,3,41,0,44,0,7,74,2,83,93,0,93,176
05/30/2017,DWH,TX,ASW,CE,Towers with Radar,0,4,42,3,49,0,1,148,0,149,0,5,190,3,198,145,0,145,343
05/31/2017,DWH,TX,ASW,CE,Towers with Radar,0,4,57,2,63,0,0,98,1,99,0,4,155,3,162,133,0,133,295
06/01/2017,DWH,TX,ASW,CE,Towers with Radar,0,7,59,0,66,0,1,70,0,71,0,8,129,0,137,123,0,123,260
06/02/2017,DWH,TX,ASW,CE,Towers with Radar,0,7,41,1,49,0,5,21,0,26,0,12,62,1,75,46,0,46,121
06/03/2017,DWH,TX,ASW,CE,Towers with Radar,0,4,31,3,38,0,4,76,1,81,0,8,107,4,119,92,0,92,211
06/04/2017,DWH,TX,ASW,CE,Towers with Radar,0,9,25,0,34,0,2,58,0,60,0,11,83,0,94,127,0,127,221
06/05/2017,DWH,TX,ASW,CE,Towers with Radar,0,2,20,0,22,0,4,19,0,23,0,6,39,0,45,54,0,54,99
06/06/2017,DWH,TX,ASW,CE,Towers with Radar,0,8,48,2,58,0,7,101,0,108,0,15,149,2,166,85,0,85,251
06/07/2017,DWH,TX,ASW,CE,Towers with Radar,0,7,50,0,57,0,5,194,3,202,0,12,244,3,259,205,2,207,466
06/08/2017,DWH,TX,ASW,CE,Towers with Radar,0,5,45,6,56,0,4,188,5,197,0,9,233,11,253,165,14,179,432
06/09/2017,DWH,TX,ASW,CE,Towers with Radar,0,7,50,0,57,0,4,199,0,203,0,11,249,0,260,149,0,149,409
06/10/2017,DWH,TX,ASW,CE,Towers with Radar,0,1,23,2,26,0,1,180,7,188,0,2,203,9,214,104,2,106,320
06/11/2017,DWH,TX,ASW,CE,Towers with Radar,0,7,32,1,40,0,4,124,1,129,0,11,156,2,169,128,0,128,297
06/12/2017,DWH,TX,ASW,CE,Towers with Radar,0,6,39,0,45,0,6,90,2,98,0,12,129,2,143,116,0,116,259
06/13/2017,DWH,TX,ASW,CE,Towers with Radar,0,7,35,0,42,0,5,88,0,93,0,12,123,0,135,115,0,115,250
06/14/2017,DWH,TX,ASW,CE,Towers with Radar,0,13,63,2,78,0,2,139,1,142,0,15,202,3,220,281,0,281,501
06/15/2017,DWH,TX,ASW,CE,Towers with Radar,0,5,49,2,56,0,5,145,3,153,0,10,194,5,209,174,0,174,383
06/16/2017,DWH,TX,ASW,CE,Towers with Radar,0,4,40,2,46,0,2,182,0,184,0,6,222,2,230,188,0,188,418
06/17/2017,DWH,TX,ASW,CE,Towers with Radar,0,7,30,0,37,0,4,158,0,162,0,11,188,0,199,177,0,177,376
06/18/2017,DWH,TX,ASW,CE,Towers with Radar,0,3,31,0,34,0,8,106,0,114,0,11,137,0,148,133,0,133,281
06/19/2017,DWH,TX,ASW,CE,Towers with Radar,0,9,35,0,44,0,0,136,0,136,0,9,171,0,180,242,0,242,422
06/20/2017,DWH,TX,ASW,CE,Towers with Radar,0,8,43,0,51,0,6,130,0,136,0,14,173,0,187,131,0,131,318
06/21/2017,DWH,TX,ASW,CE,Towers with Radar,0,17,31,2,50,0,6,78,0,84,0,23,109,2,134,160,0,160,294
06/22/2017,DWH,TX,ASW,CE,Towers with Radar,0,6,42,0,48,0,0,25,4,29,0,6,67,4,77,58,2,60,137
06/23/2017,DWH,TX,ASW,CE,Towers with Radar,0,9,45,1,55,0,0,120,1,121,0,9,165,2,176,110,0,110,286
06/24/2017,DWH,TX,ASW,CE,Towers with Radar,0,4,12,0,16,0,4,24,0,28,0,8,36,0,44,30,0,30,74
06/25/2017,DWH,TX,ASW,CE,Towers with Radar,0,3,23,0,26,0,4,66,0,70,0,7,89,0,96,120,0,120,216
06/26/2017,DWH,TX,ASW,CE,Towers with Radar,0,4,33,0,37,0,2,98,2,102,0,6,131,2,139,205,0,205,344
06/27/2017,DWH,TX,ASW,CE,Towers with Radar,0,3,49,1,53,0,5,81,2,88,0,8,130,3,141,158,0,158,299
06/28/2017,DWH,TX,ASW,CE,Towers with Radar,0,4,57,6,67,0,0,113,0,113,0,4,170,6,180,89,0,89,269
06/29/2017,DWH,TX,ASW,CE,Towers with Radar,0,5,45,6,56,0,1,114,5,120,0,6,159,11,176,201,4,205,381
06/30/2017,DWH,TX,ASW,CE,Towers with Radar,0,5,53,1,59,0,2,130,4,136,0,7,183,5,195,96,0,96,291
07/01/2017,DWH,TX,ASW,CE,Towers with Radar,0,6,46,1,53,0,3,111,0,114,0,9,157,1,167,166,0,166,333
07/02/2017,DWH,TX,ASW,CE,Towers with Radar,0,4,25,0,29,0,4,110,0,114,0,8,135,0,143,232,0,232,375
07/03/2017,DWH,TX,ASW,CE,Towers with Radar,0,3,22,4,29,0,2,126,0,128,0,5,148,4,157,180,0,180,337
07/04/2017,DWH,TX,ASW,CE,Towers with Radar,0,2,18,0,20,0,9,84,0,93,0,11,102,0,113,134,0,134,247
07/05/2017,DWH,TX,ASW,CE,Towers with Radar,0,2,48,1,51,0,3,105,4,112,0,5,153,5,163,182,0,182,345
07/06/2017,DWH,TX,ASW,CE,Towers with Radar,0,5,33,3,41,0,2,128,2,132,0,7,161,5,173,181,0,181,354
07/07/2017,DWH,TX,ASW,CE,Towers with Radar,0,6,32,5,43,0,2,127,0,129,0,8,159,5,172,150,0,150,322
07/08/2017,DWH,TX,ASW,CE,Towers with Radar,0,8,37,0,45,0,1,130,0,131,0,9,167,0,176,155,0,155,331
07/09/2017,DWH,TX,ASW,CE,Towers with Radar,0,6,22,1,29,0,1,126,1,128,0,7,148,2,157,143,0,143,300
07/10/2017,DWH,TX,ASW,CE,Towers with Radar,0,5,27,4,36,0,1,57,0,58,0,6,84,4,94,123,0,123,217
07/11/2017,DWH,TX,ASW,CE,Towers with Radar,0,5,50,3,58,0,5,108,1,114,0,10,158,4,172,56,0,56,228
07/12/2017,DWH,TX,ASW,CE,Towers with Radar,0,5,39,1,45,0,2,120,1,123,0,7,159,2,168,146,0,146,314
07/13/2017,DWH,TX,ASW,CE,Towers with Radar,0,10,42,0,52,0,1,129,2,132,0,11,171,2,184,158,2,160,344
07/14/2017,DWH,TX,ASW,CE,Towers with Radar,0,10,40,5,55,0,2,140,0,142,0,12,180,5,197,174,0,174,371
07/15/2017,DWH,TX,ASW,CE,Towers with Radar,0,5,19,4,28,0,2,102,0,104,0,7,121,4,132,45,0,45,177
07/16/2017,DWH,TX,ASW,CE,Towers with Radar,0,7,30,1,38,0,3,101,2,106,0,10,131,3,144,115,0,115,259
07/17/2017,DWH,TX,ASW,CE,Towers with Radar,0,5,33,1,39,0,3,98,7,108,0,8,131,8,147,103,0,103,250
07/18/2017,DWH,TX,ASW,CE,Towers with Radar,0,7,29,1,37,0,3,118,2,123,0,10,147,3,160,130,0,130,290
07/19/2017,DWH,TX,ASW,CE,Towers with Radar,0,4,47,0,51,0,5,156,5,166,0,9,203,5,217,161,0,161,378
07/20/2017,DWH,TX,ASW,CE,Towers with Radar,0,6,53,2,61,0,2,186,5,193,0,8,239,7,254,192,0,192,446
07/21/2017,DWH,TX,ASW,CE,Towers with Radar,0,8,30,0,38,0,1,158,2,161,0,9,188,2,199,105,0,105,304
07/22/2017,DWH,TX,ASW,CE,Towers with Radar,0,4,28,0,32,0,0,122,3,125,0,4,150,3,157,108,0,108,265
07/23/2017,DWH,TX,ASW,CE,Towers with Radar,0,4,31,0,35,0,2,67,0,69,0,6,98,0,104,91,0,91,195
07/24/2017,DWH,TX,ASW,CE,Towers with Radar,0,1,32,1,34,0,0,87,1,88,0,1,119,2,122,282,0,282,404
07/25/2017,DWH,TX,ASW,CE,Towers with Radar,0,5,39,2,46,0,4,138,1,143,0,9,177,3,189,191,0,191,380
07/26/2017,DWH,TX,ASW,CE,Towers with Radar,0,2,46,4,52,0,0,127,3,130,0,2,173,7,182,129,4,133,315
07/27/2017,DWH,TX,ASW,CE,Towers with Radar,0,8,48,2,58,0,5,118,2,125,0,13,166,4,183,150,0,150,333
07/28/2017,DWH,TX,ASW,CE,Towers with Radar,0,6,30,1,37,0,4,185,0,189,0,10,215,1,226,158,0,158,384
07/29/2017,DWH,TX,ASW,CE,Towers with Radar,1,4,30,0,35,0,2,126,0,128,1,6,156,0,163,125,0,125,288
07/30/2017,DWH,TX,ASW,CE,Towers with Radar,0,3,28,2,33,0,2,112,0,114,0,5,140,2,147,134,0,134,281
07/31/2017,DWH,TX,ASW,CE,Towers with Radar,0,0,30,0,30,0,0,152,0,152,0,0,182,0,182,121,0,121,303
08/01/2017,DWH,TX,ASW,CE,Towers with Radar,0,2,42,1,45,0,0,147,2,149,0,2,189,3,194,133,0,133,327
08/02/2017,DWH,TX,ASW,CE,Towers with Radar,0,6,36,1,43,0,3,60,4,67,0,9,96,5,110,110,0,110,220
08/03/2017,DWH,TX,ASW,CE,Towers with Radar,0,3,48,1,52,0,4,124,2,130,0,7,172,3,182,245,5,250,432
08/04/2017,DWH,TX,ASW,CE,Towers with Radar,0,2,26,6,34,0,5,120,0,125,0,7,146,6,159,345,8,353,512
08/05/2017,DWH,TX,ASW,CE,Towers with Radar,0,4,33,2,39,0,6,138,0,144,0,10,171,2,183,294,0,294,477
08/06/2017,DWH,TX,ASW,CE,Towers with Radar,0,3,30,0,33,0,2,86,0,88,0,5,116,0,121,143,0,143,264
08/07/2017,DWH,TX,ASW,CE,Towers with Radar,0,4,36,0,40,0,1,8,0,9,0,5,44,0,49,28,0,28,77
08/08/2017,DWH,TX,ASW,CE,Towers with Radar,0,3,46,0,49,0,2,31,0,33,0,5,77,0,82,110,0,110,192
08/09/2017,DWH,TX,ASW,CE,Towers with Radar,0,10,44,2,56,0,2,115,0,117,0,12,159,2,173,273,0,273,446
08/10/2017,DWH,TX,ASW,CE,Towers with Radar,0,1,54,3,58,0,0,161,1,162,0,1,215,4,220,313,0,313,533
08/11/2017,DWH,TX,ASW,CE,Towers with Radar,0,5,61,3,69,0,4,141,1,146,0,9,202,4,215,169,0,169,384
08/12/2017,DWH,TX,ASW,CE,Towers with Radar,0,3,24,0,27,0,2,183,2,187,0,5,207,2,214,270,2,272,486
08/13/2017,DWH,TX,ASW,CE,Towers with Radar,0,5,28,2,35,0,1,134,0,135,0,6,162,2,170,112,0,112,282
08/14/2017,DWH,TX,ASW,CE,Towers with Radar,0,9,34,7,50,0,3,136,1,140,0,12,170,8,190,227,2,229,419
08/15/2017,DWH,TX,ASW,CE,Towers with Radar,0,3,46,6,55,0,4,156,2,162,0,7,202,8,217,230,0,230,447
08/16/2017,DWH,TX,ASW,CE,Towers with Radar,0,10,61,4,75,0,3,124,2,129,0,13,185,6,204,222,0,222,426
08/17/2017,DWH,TX,ASW,CE,Towers with Radar,0,11,67,7,85,0,1,167,6,174,0,12,234,13,259,220,0,220,479
08/18/2017,DWH,TX,ASW,CE,Towers with Radar,0,10,44,0,54,0,2,152,0,154,0,12,196,0,208,299,0,299,507
08/19/2017,DWH,TX,ASW,CE,Towers with Radar,0,4,21,0,25,0,2,126,0,128,0,6,147,0,153,213,0,213,366
08/20/2017,DWH,TX,ASW,CE,Towers with Radar,0,8,27,0,35,0,2,125,0,127,0,10,152,0,162,200,0,200,362
08/21/2017,DWH,TX,ASW,CE,Towers with Radar,0,5,44,4,53,0,2,128,3,133,0,7,172,7,186,147,0,147,333
08/22/2017,DWH,TX,ASW,CE,Towers with Radar,0,8,40,4,52,0,2,158,0,160,0,10,198,4,212,278,0,278,490
08/23/2017,DWH,TX,ASW,CE,Towers with Radar,0,7,40,4,51,0,6,166,0,172,0,13,206,4,223,221,0,221,444
08/24/2017,DWH,TX,ASW,CE,Towers with Radar,0,4,31,0,35,0,3,134,2,139,0,7,165,2,174,180,0,180,354
08/25/2017,DWH,TX,ASW,CE,Towers with Radar,0,0,7,0,7,0,0,8,0,8,0,0,15,0,15,0,0,0,15
08/26/2017,DWH,TX,ASW,CE,Towers with Radar,0,1,2,0,3,0,0,0,0,0,0,1,2,0,3,6,0,6,9
08/27/2017,DWH,TX,ASW,CE,Towers with Radar,0,0,1,0,1,0,0,0,0,0,0,0,1,0,1,0,0,0,1
08/28/2017,DWH,TX,ASW,CE,Towers with Radar,0,1,0,0,1,0,0,2,3,5,0,1,2,3,6,0,0,0,6
08/29/2017,DWH,TX,ASW,CE,Towers with Radar,0,0,1,4,5,0,2,27,12,41,0,2,28,16,46,0,0,0,46
08/30/2017,DWH,TX,ASW,CE,Towers with Radar,0,7,20,12,39,0,0,51,2,53,0,7,71,14,92,2,0,2,94
08/31/2017,DWH,TX,ASW,CE,Towers with Radar,0,4,47,6,57,0,7,42,5,54,0,11,89,11,111,10,0,10,121
09/01/2017,DWH,TX,ASW,CE,Towers with Radar,0,4,34,3,41,0,6,49,4,59,0,10,83,7,100,36,0,36,136
09/02/2017,DWH,TX,ASW,CE,Towers with Radar,0,2,41,2,45,0,7,58,4,69,0,9,99,6,114,24,0,24,138
09/03/2017,DWH,TX,ASW,CE,Towers with Radar,0,2,20,0,22,0,6,131,1,138,0,8,151,1,160,96,0,96,256
09/04/2017,DWH,TX,ASW,CE,Towers with Radar,0,3,32,0,35,0,7,145,1,153,0,10,177,1,188,198,2,200,388
09/05/2017,DWH,TX,ASW,CE,Towers with Radar,0,9,39,1,49,0,5,122,0,127,0,14,161,1,176,222,0,222,398
09/06/2017,DWH,TX,ASW,CE,Towers with Radar,0,4,30,2,36,0,2,137,2,141,0,6,167,4,177,150,0,150,327
09/07/2017,DWH,TX,ASW,CE,Towers with Radar,0,7,39,3,49,0,2,195,1,198,0,9,234,4,247,218,0,218,465
09/08/2017,DWH,TX,ASW,CE,Towers with Radar,0,5,46,4,55,0,5,210,0,215,0,10,256,4,270,153,0,153,423
09/09/2017,DWH,TX,ASW,CE,Towers with Radar,0,10,20,4,34,0,4,160,0,164,0,14,180,4,198,126,0,126,324
09/10/2017,DWH,TX,ASW,CE,Towers with Radar,0,9,18,0,27,0,6,143,0,149,0,15,161,0,176,139,0,139,315
09/11/2017,DWH,TX,ASW,CE,Towers with Radar,0,5,26,0,31,0,4,152,1,157,0,9,178,1,188,208,0,208,396
09/12/2017,DWH,TX,ASW,CE,Towers with Radar,0,2,35,5,42,0,4,175,0,179,0,6,210,5,221,256,0,256,477
09/13/2017,DWH,TX,ASW,CE,Towers with Radar,0,4,36,4,44,0,4,121,1,126,0,8,157,5,170,213,0,213,383
09/14/2017,DWH,TX,ASW,CE,Towers with Radar,0,4,48,3,55,0,3,162,2,167,0,7,210,5,222,231,0,231,453
09/15/2017,DWH,TX,ASW,CE,Towers with Radar,0,10,40,1,51,0,4,162,2,168,0,14,202,3,219,234,0,234,453
09/16/2017,DWH,TX,ASW,CE,Towers with Radar,0,2,36,0,38,0,2,120,8,130,0,4,156,8,168,173,0,173,341
09/17/2017,DWH,TX,ASW,CE,Towers with Radar,0,5,33,0,38,0,1,142,4,147,0,6,175,4,185,98,0,98,283
09/18/2017,DWH,TX,ASW,CE,Towers with Radar,0,4,45,4,53,0,0,38,0,38,0,4,83,4,91,66,0,66,157
09/19/2017,DWH,TX,ASW,CE,Towers with Radar,0,6,54,5,65,0,4,127,0,131,0,10,181,5,196,99,0,99,295
09/20/2017,DWH,TX,ASW,CE,Towers with Radar,0,3,51,2,56,0,1,118,1,120,0,4,169,3,176,141,0,141,317
09/21/2017,DWH,TX,ASW,CE,Towers with Radar,0,7,55,0,62,0,2,70,0,72,0,9,125,0,134,104,0,104,238
09/22/2017,DWH,TX,ASW,CE,Towers with Radar,0,9,44,2,55,0,4,158,2,164,0,13,202,4,219,185,2,187,406
09/23/2017,DWH,TX,ASW,CE,Towers with Radar,0,4,32,4,40,0,3,112,2,117,0,7,144,6,157,143,0,143,300
09/24/2017,DWH,TX,ASW,CE,Towers with Radar,0,5,30,0,35,0,4,121,2,127,0,9,151,2,162,174,0,174,336
09/25/2017,DWH,TX,ASW,CE,Towers with Radar,0,8,25,0,33,0,4,131,0,135,0,12,156,0,168,111,0,111,279
09/26/2017,DWH,TX,ASW,CE,Towers with Radar,0,8,50,4,62,0,1,110,1,112,0,9,160,5,174,167,0,167,341
09/27/2017,DWH,TX,ASW,CE,Towers with Radar,0,11,53,3,67,0,5,120,2,127,0,16,173,5,194,223,0,223,417
09/28/2017,DWH,TX,ASW,CE,Towers with Radar,0,7,56,4,67,0,2,97,2,101,0,9,153,6,168,145,0,145,313
09/29/2017,DWH,TX,ASW,CE,Towers with Radar,0,8,42,0,50,0,2,173,1,176,0,10,215,1,226,194,0,194,420
09/30/2017,DWH,TX,ASW,CE,Towers with Radar,0,6,17,2,25,0,4,174,0,178,0,10,191,2,203,158,0,158,361
10/01/2017,DWH,TX,ASW,CE,Towers with Radar,0,6,30,1,37,0,5,148,0,153,0,11,178,1,190,162,0,162,352
10/02/2017,DWH,TX,ASW,CE,Towers with Radar,0,13,44,2,59,0,2,91,2,95,0,15,135,4,154,268,0,268,422
10/03/2017,DWH,TX,ASW,CE,Towers with Radar,0,14,31,0,45,0,1,8,0,9,0,15,39,0,54,16,0,16,70
10/04/2017,DWH,TX,ASW,CE,Towers with Radar,0,5,49,2,56,0,2,152,2,156,0,7,201,4,212,313,0,313,525
10/05/2017,DWH,TX,ASW,CE,Towers with Radar,0,8,52,0,60,0,0,141,2,143,0,8,193,2,203,174,0,174,377
10/06/2017,DWH,TX,ASW,CE,Towers with Radar,0,9,51,0,60,0,2,121,0,123,0,11,172,0,183,240,0,240,423
10/07/2017,DWH,TX,ASW,CE,Towers with Radar,0,5,34,3,42,0,1,107,0,108,0,6,141,3,150,166,0,166,316
10/08/2017,DWH,TX,ASW,CE,Towers with Radar,0,6,19,1,26,0,2,156,0,158,0,8,175,1,184,149,0,149,333
10/09/2017,DWH,TX,ASW,CE,Towers with Radar,0,5,48,0,53,0,6,147,1,154,0,11,195,1,207,218,0,218,425
10/10/2017,DWH,TX,ASW,CE,Towers with Radar,0,3,53,0,56,0,5,105,2,112,0,8,158,2,168,216,0,216,384
10/11/2017,DWH,TX,ASW,CE,Towers with Radar,0,8,56,6,70,0,1,170,0,171,0,9,226,6,241,237,0,237,478
10/12/2017,DWH,TX,ASW,CE,Towers with Radar,0,5,74,4,83,0,4,180,2,186,0,9,254,6,269,283,5,288,557
10/13/2017,DWH,TX,ASW,CE,Towers with Radar,0,16,47,2,65,0,2,114,0,116,0,18,161,2,181,198,0,198,379
10/14/2017,DWH,TX,ASW,CE,Towers with Radar,0,6,37,2,45,0,0,94,0,94,0,6,131,2,139,123,0,123,262
10/15/2017,DWH,TX,ASW,CE,Towers with Radar,0,11,43,0,54,0,2,116,0,118,0,13,159,0,172,86,0,86,258
10/16/2017,DWH,TX,ASW,CE,Towers with Radar,0,7,34,4,45,0,2,139,0,141,0,9,173,4,186,126,0,126,312
10/17/2017,DWH,TX,ASW,CE,Towers with Radar,0,6,43,7,56,0,4,149,4,157,0,10,192,11,213,288,0,288,501
10/18/2017,DWH,TX,ASW,CE,Towers with Radar,0,11,34,7,52,0,3,158,3,164,0,14,192,10,216,229,0,229,445
10/19/2017,DWH,TX,ASW,CE,Towers with Radar,0,15,50,6,71,0,0,141,0,141,0,15,191,6,212,167,0,167,379
10/20/2017,DWH,TX,ASW,CE,Towers with Radar,0,7,47,0,54,0,1,41,0,42,0,8,88,0,96,92,0,92,188
10/21/2017,DWH,TX,ASW,CE,Towers with Radar,0,6,24,3,33,0,1,58,0,59,0,7,82,3,92,143,0,143,235
10/22/2017,DWH,TX,ASW,CE,Towers with Radar,0,9,28,1,38,0,2,47,0,49,0,11,75,1,87,115,0,115,202
10/23/2017,DWH,TX,ASW,CE,Towers with Radar,0,13,39,8,60,0,0,135,0,135,0,13,174,8,195,272,0,272,467
10/24/2017,DWH,TX,ASW,CE,Towers with Radar,0,12,27,0,39,0,5,135,0,140,0,17,162,0,179,244,0,244,423
10/25/2017,DWH,TX,ASW,CE,Towers with Radar,0,10,47,9,66,0,3,137,1,141,0,13,184,10,207,188,0,188,395
10/26/2017,DWH,TX,ASW,CE,Towers with Radar,0,17,47,0,64,0,4,149,0,153,0,21,196,0,217,170,0,170,387
10/27/2017,DWH,TX,ASW,CE,Towers with Radar,0,16,37,0,53,0,3,89,2,94,0,19,126,2,147,103,0,103,250
10/28/2017,DWH,TX,ASW,CE,Towers with Radar,0,9,22,0,31,0,7,162,0,169,0,16,184,0,200,66,0,66,266
10/29/2017,DWH,TX,ASW,CE,Towers with Radar,0,12,22,0,34,0,2,134,0,136,0,14,156,0,170,101,0,101,271
10/30/2017,DWH,TX,ASW,CE,Towers with Radar,1,8,53,9,71,0,2,165,1,168,1,10,218,10,239,120,0,120,359
10/31/2017,DWH,TX,ASW,CE,Towers with Radar,0,19,38,2,59,0,1,41,0,42,0,20,79,2,101,199,0,199,300
11/01/2017,DWH,TX,ASW,CE,Towers with Radar,0,23,55,4,82,0,6,47,1,54,0,29,102,5,136,50,0,50,186
11/02/2017,DWH,TX,ASW,CE,Towers with Radar,0,15,70,4,89,0,3,90,2,95,0,18,160,6,184,63,0,63,247
11/03/2017,DWH,TX,ASW,CE,Towers with Radar,0,12,73,5,90,0,3,73,1,77,0,15,146,6,167,232,0,232,399
11/04/2017,DWH,TX,ASW,CE,Towers with Radar,0,9,34,0,43,0,2,90,2,94,0,11,124,2,137,113,0,113,250
11/05/2017,DWH,TX,ASW,CE,Towers with Radar,0,12,50,0,62,0,4,99,0,103,0,16,149,0,165,117,0,117,282
11/06/2017,DWH,TX,ASW,CE,Towers with Radar,0,7,47,6,60,0,5,113,2,120,0,12,160,8,180,137,0,137,317
11/07/2017,DWH,TX,ASW,CE,Towers with Radar,0,22,47,0,69,0,3,116,0,119,0,25,163,0,188,182,0,182,370
11/08/2017,DWH,TX,ASW,CE,Towers with Radar,0,17,60,2,79,0,1,28,0,29,0,18,88,2,108,103,0,103,211
11/09/2017,DWH,TX,ASW,CE,Towers with Radar,0,10,55,2,67,0,1,91,0,92,0,11,146,2,159,172,2,174,333
11/10/2017,DWH,TX,ASW,CE,Towers with Radar,0,10,52,4,66,0,3,154,0,157,0,13,206,4,223,135,0,135,358
11/11/2017,DWH,TX,ASW,CE,Towers with Radar,0,4,32,0,36,0,3,179,0,182,0,7,211,0,218,166,0,166,384
11/12/2017,DWH,TX,ASW,CE,Towers with Radar,0,15,30,0,45,0,3,115,0,118,0,18,145,0,163,102,0,102,265
11/13/2017,DWH,TX,ASW,CE,Towers with Radar,0,9,45,0,54,0,3,140,0,143,0,12,185,0,197,141,0,141,338
11/14/2017,DWH,TX,ASW,CE,Towers with Radar,0,10,37,2,49,0,5,169,2,176,0,15,206,4,225,217,0,217,442
11/15/2017,DWH,TX,ASW,CE,Towers with Radar,0,9,64,8,81,0,8,135,2,145,0,17,199,10,226,280,0,280,506
11/16/2017,DWH,TX,ASW,CE,Towers with Radar,0,13,80,3,96,0,6,112,1,119,0,19,192,4,215,189,0,189,404
11/17/2017,DWH,TX,ASW,CE,Towers with Radar,0,16,62,0,78,0,5,130,0,135,0,21,192,0,213,95,0,95,308
11/18/2017,DWH,TX,ASW,CE,Towers with Radar,0,6,32,0,38,0,1,47,0,48,0,7,79,0,86,45,0,45,131
11/19/2017,DWH,TX,ASW,CE,Towers with Radar,0,10,35,0,45,0,4,159,0,163,0,14,194,0,208,115,0,115,323
11/20/2017,DWH,TX,ASW,CE,Towers with Radar,0,14,48,1,63,0,2,162,0,164,0,16,210,1,227,161,0,161,388
11/21/2017,DWH,TX,ASW,CE,Towers with Radar,0,13,51,8,72,0,0,132,7,139,0,13,183,15,211,267,0,267,478
11/22/2017,DWH,TX,ASW,CE,Towers with Radar,0,8,44,1,53,0,3,158,1,162,0,11,202,2,215,136,0,136,351
11/23/2017,DWH,TX,ASW,CE,Towers with Radar,0,4,8,0,12,0,3,67,0,70,0,7,75,0,82,31,0,31,113
11/24/2017,DWH,TX,ASW,CE,Towers with Radar,0,11,31,0,42,0,5,137,0,142,0,16,168,0,184,171,0,171,355
11/25/2017,DWH,TX,ASW,CE,Towers with Radar,0,6,25,0,31,0,5,85,0,90,0,11,110,0,121,107,0,107,228
11/26/2017,DWH,TX,ASW,CE,Towers with Radar,0,10,25,0,35,0,2,137,0,139,0,12,162,0,174,118,0,118,292
11/27/2017,DWH,TX,ASW,CE,Towers with Radar,0,5,31,0,36,0,2,141,1,144,0,7,172,1,180,228,0,228,408
11/28/2017,DWH,TX,ASW,CE,Towers with Radar,0,4,39,6,49,0,8,153,5,166,0,12,192,11,215,340,0,340,555
11/29/2017,DWH,TX,ASW,CE,Towers with Radar,0,13,46,2,61,0,2,73,0,75,0,15,119,2,136,142,0,142,278
11/30/2017,DWH,TX,ASW,CE,Towers with Radar,0,15,36,3,54,0,4,183,2,189,0,19,219,5,243,204,0,204,447
12/01/2017,DWH,TX,ASW,CE,Towers with Radar,0,14,54,4,72,0,7,159,4,170,0,21,213,8,242,274,2,276,518
12/02/2017,DWH,TX,ASW,CE,Towers with Radar,0,7,44,0,51,0,1,185,0,186,0,8,229,0,237,157,0,157,394
12/03/2017,DWH,TX,ASW,CE,Towers with Radar,0,19,54,0,73,0,1,4,0,5,0,20,58,0,78,14,0,14,92
12/04/2017,DWH,TX,ASW,CE,Towers with Radar,0,14,56,4,74,0,5,48,0,53,0,19,104,4,127,121,0,121,248
12/05/2017,DWH,TX,ASW,CE,Towers with Radar,0,12,37,0,49,0,3,23,0,26,0,15,60,0,75,20,0,20,95
12/06/2017,DWH,TX,ASW,CE,Towers with Radar,0,13,49,0,62,0,1,14,2,17,0,14,63,2,79,4,0,4,83
12/07/2017,DWH,TX,ASW,CE,Towers with Radar,0,12,26,7,45,0,7,26,1,34,0,19,52,8,79,94,0,94,173
12/08/2017,DWH,TX,ASW,CE,Towers with Radar,0,7,41,3,51,0,3,161,2,166,0,10,202,5,217,208,8,216,433
12/09/2017,DWH,TX,ASW,CE,Towers with Radar,0,3,40,0,43,0,3,146,1,150,0,6,186,1,193,155,0,155,348
12/10/2017,DWH,TX,ASW,CE,Towers with Radar,0,7,39,1,47,0,5,181,0,186,0,12,220,1,233,183,0,183,416
12/11/2017,DWH,TX,ASW,CE,Towers with Radar,0,11,53,6,70,0,3,168,2,173,0,14,221,8,243,220,0,220,463
12/12/2017,DWH,TX,ASW,CE,Towers with Radar,0,17,46,1,64,0,4,161,2,167,0,21,207,3,231,197,0,197,428
12/13/2017,DWH,TX,ASW,CE,Towers with Radar,0,18,47,0,65,0,5,187,0,192,0,23,234,0,257,217,0,217,474
12/14/2017,DWH,TX,ASW,CE,Towers with Radar,0,12,36,1,49,0,6,150,1,157,0,18,186,2,206,216,0,216,422
12/15/2017,DWH,TX,ASW,CE,Towers with Radar,0,11,49,0,60,0,5,139,0,144,0,16,188,0,204,271,0,271,475
12/16/2017,DWH,TX,ASW,CE,Towers with Radar,0,4,24,0,28,0,2,87,0,89,0,6,111,0,117,273,0,273,390
12/17/2017,DWH,TX,ASW,CE,Towers with Radar,0,4,49,0,53,0,0,42,0,42,0,4,91,0,95,171,0,171,266
12/18/2017,DWH,TX,ASW,CE,Towers with Radar,0,9,67,0,76,0,2,14,2,18,0,11,81,2,94,84,0,84,178
12/19/2017,DWH,TX,ASW,CE,Towers with Radar,0,9,43,0,52,0,2,20,0,22,0,11,63,0,74,138,0,138,212
12/20/2017,DWH,TX,ASW,CE,Towers with Radar,0,16,45,0,61,0,8,235,9,252,0,24,280,9,313,334,2,336,649
12/21/2017,DWH,TX,ASW,CE,Towers with Radar,0,9,64,0,73,0,4,66,2,72,0,13,130,2,145,195,0,195,340
12/22/2017,DWH,TX,ASW,CE,Towers with Radar,0,5,29,0,34,0,0,29,0,29,0,5,58,0,63,92,0,92,155
12/23/2017,DWH,TX,ASW,CE,Towers with Radar,0,2,31,1,34,0,1,128,1,130,0,3,159,2,164,167,0,167,331
12/24/2017,DWH,TX,ASW,CE,Towers with Radar,0,5,10,0,15,0,2,87,0,89,0,7,97,0,104,55,0,55,159
12/25/2017,DWH,TX,ASW,CE,Towers with Radar,0,6,10,0,16,0,3,26,0,29,0,9,36,0,45,16,0,16,61
12/26/2017,DWH,TX,ASW,CE,Towers with Radar,0,21,34,0,55,0,0,2,0,2,0,21,36,0,57,10,0,10,67
12/27/2017,DWH,TX,ASW,CE,Towers with Radar,0,14,24,4,42,0,0,2,0,2,0,14,26,4,44,0,0,0,44
12/28/2017,DWH,TX,ASW,CE,Towers with Radar,0,9,50,2,61,0,4,33,0,37,0,13,83,2,98,29,0,29,127
12/29/2017,DWH,TX,ASW,CE,Towers with Radar,0,5,29,0,34,0,5,99,0,104,0,10,128,0,138,255,0,255,393
12/30/2017,DWH,TX,ASW,CE,Towers with Radar,0,11,13,0,24,0,0,1,0,1,0,11,14,0,25,0,0,0,25
12/31/2017,DWH,TX,ASW,CE,Towers with Radar,0,5,7,0,12,0,1,8,0,9,0,6,15,0,21,34,0,34,55
01/01/2018,DWH,TX,ASW,CE,Towers with Radar,0,5,9,0,14,0,4,48,0,52,0,9,57,0,66,31,0,31,97
01/02/2018,DWH,TX,ASW,CE,Towers with Radar,0,11,32,4,47,0,5,116,0,121,0,16,148,4,168,185,0,185,353
01/03/2018,DWH,TX,ASW,CE,Towers with Radar,0,11,30,1,42,0,4,151,1,156,0,15,181,2,198,193,0,193,391
01/04/2018,DWH,TX,ASW,CE,Towers with Radar,0,11,29,2,42,0,5,171,0,176,0,16,200,2,218,303,0,303,521
01/05/2018,DWH,TX,ASW,CE,Towers with Radar,0,4,43,15,62,0,3,156,1,160,0,7,199,16,222,241,2,243,465
01/06/2018,DWH,TX,ASW,CE,Towers with Radar,0,4,27,3,34,0,0,143,5,148,0,4,170,8,182,131,0,131,313
01/07/2018,DWH,TX,ASW,CE,Towers with Radar,0,4,41,0,45,0,2,41,0,43,0,6,82,0,88,73,0,73,161
01/08/2018,DWH,TX,ASW,CE,Towers with Radar,0,2,38,3,43,0,3,107,2,112,0,5,145,5,155,230,10,240,395
01/09/2018,DWH,TX,ASW,CE,Towers with Radar,0,16,58,6,80,0,1,0,0,1,0,17,58,6,81,0,0,0,81
01/10/2018,DWH,TX,ASW,CE,Towers with Radar,0,12,49,0,61,0,4,33,0,37,0,16,82,0,98,88,0,88,186
01/11/2018,DWH,TX,ASW,CE,Towers with Radar,0,13,19,2,34,0,5,36,0,41,0,18,55,2,75,172,0,172,247
01/12/2018,DWH,TX,ASW,CE,Towers with Radar,0,9,33,2,44,0,2,178,3,183,0,11,211,5,227,146,0,146,373
01/13/2018,DWH,TX,ASW,CE,Towers with Radar,0,5,25,0,30,0,2,220,1,223,0,7,245,1,253,253,0,253,506
01/14/2018,DWH,TX,ASW,CE,Towers with Radar,0,3,20,0,23,0,6,188,0,194,0,9,208,0,217,139,0,139,356
01/15/2018,DWH,TX,ASW,CE,Towers with Radar,0,9,36,0,45,0,2,196,2,200,0,11,232,2,245,310,0,310,555
01/16/2018,DWH,TX,ASW,CE,Towers with Radar,0,0,1,0,1,0,0,0,0,0,0,0,1,0,1,0,0,0,1
01/17/2018,DWH,TX,ASW,CE,Towers with Radar,0,5,27,0,32,0,3,77,3,83,0,8,104,3,115,141,0,141,256
01/18/2018,DWH,TX,ASW,CE,Towers with Radar,0,10,41,1,52,0,6,138,0,144,0,16,179,1,196,169,0,169,365
01/19/2018,DWH,TX,ASW,CE,Towers with Radar,0,6,50,9,65,0,0,103,0,103,0,6,153,9,168,239,0,239,407
01/20/2018,DWH,TX,ASW,CE,Towers with Radar,0,3,21,0,24,0,3,16,0,19,0,6,37,0,43,105,0,105,148
01/21/2018,DWH,TX,ASW,CE,Towers with Radar,0,8,30,0,38,0,4,13,0,17,0,12,43,0,55,10,0,10,65
01/22/2018,DWH,TX,ASW,CE,Towers with Radar,0,10,41,0,51,0,2,177,0,179,0,12,218,0,230,116,0,116,346
01/23/2018,DWH,TX,ASW,CE,Towers with Radar,0,14,38,4,56,0,2,201,0,203,0,16,239,4,259,239,0,239,498
01/24/2018,DWH,TX,ASW,CE,Towers with Radar,0,10,50,2,62,0,3,182,7,192,0,13,232,9,254,263,2,265,519
01/25/2018,DWH,TX,ASW,CE,Towers with Radar,0,17,44,3,64,0,1,206,4,211,0,18,250,7,275,363,0,363,638
01/26/2018,DWH,TX,ASW,CE,Towers with Radar,0,8,76,8,92,0,2,50,0,52,0,10,126,8,144,321,0,321,465
01/27/2018,DWH,TX,ASW,CE,Towers with Radar,0,9,19,0,28,0,0,1,0,1,0,9,20,0,29,0,0,0,29
01/28/2018,DWH,TX,ASW,CE,Towers with Radar,0,9,47,2,58,0,2,114,2,118,0,11,161,4,176,133,0,133,309
01/29/2018,DWH,TX,ASW,CE,Towers with Radar,0,8,37,7,52,0,1,146,1,148,0,9,183,8,200,224,0,224,424
01/30/2018,DWH,TX,ASW,CE,Towers with Radar,0,9,34,4,47,0,4,200,4,208,0,13,234,8,255,347,8,355,610
01/31/2018,DWH,TX,ASW,CE,Towers with Radar,0,18,52,2,72,0,1,150,2,153,0,19,202,4,225,168,0,168,393
02/01/2018,DWH,TX,ASW,CE,Towers with Radar,0,7,52,0,59,0,9,108,2,119,0,16,160,2,178,298,0,298,476
02/02/2018,DWH,TX,ASW,CE,Towers with Radar,0,4,45,4,53,0,5,87,3,95,0,9,132,7,148,196,0,196,344
02/03/2018,DWH,TX,ASW,CE,Towers with Radar,0,8,23,0,31,0,0,9,0,9,0,8,32,0,40,28,0,28,68
02/04/2018,DWH,TX,ASW,CE,Towers with Radar,0,6,33,0,39,0,0,3,0,3,0,6,36,0,42,0,0,0,42
02/05/2018,DWH,TX,ASW,CE,Towers with Radar,0,9,59,8,76,0,1,65,1,67,0,10,124,9,143,226,0,226,369
02/06/2018,DWH,TX,ASW,CE,Towers with Radar,0,5,15,0,20,0,4,9,1,14,0,9,24,1,34,80,2,82,116
02/07/2018,DWH,TX,ASW,CE,Towers with Radar,0,11,40,0,51,0,0,1,0,1,0,11,41,0,52,0,0,0,52
02/08/2018,DWH,TX,ASW,CE,Towers with Radar,0,12,61,1,74,0,4,199,2,205,0,16,260,3,279,336,0,336,615
02/09/2018,DWH,TX,ASW,CE,Towers with Radar,0,10,72,2,84,0,1,18,0,19,0,11,90,2,103,95,0,95,198
02/10/2018,DWH,TX,ASW,CE,Towers with Radar,0,4,23,0,27,0,0,2,0,2,0,4,25,0,29,0,0,0,29
02/11/2018,DWH,TX,ASW,CE,Towers with Radar,0,8,43,0,51,0,3,10,0,13,0,11,53,0,64,10,0,10,74
02/12/2018,DWH,TX,ASW,CE,Towers with Radar,0,11,62,2,75,0,3,32,0,35,0,14,94,2,110,196,0,196,306
02/13/2018,DWH,TX,ASW,CE,Towers with Radar,0,7,27,0,34,0,0,0,0,0,0,7,27,0,34,0,0,0,34
02/14/2018,DWH,TX,ASW,CE,Towers with Radar,0,12,31,5,48,0,3,25,2,30,0,15,56,7,78,142,0,142,220
02/15/2018,DWH,TX,ASW,CE,Towers with Radar,0,12,63,5,80,0,7,88,1,96,0,19,151,6,176,307,0,307,483
02/16/2018,DWH,TX,ASW,CE,Towers with Radar,0,8,63,2,73,0,2,80,0,82,0,10,143,2,155,167,0,167,322
02/17/2018,DWH,TX,ASW,CE,Towers with Radar,0,7,34,2,43,0,1,30,1,32,0,8,64,3,75,78,0,78,153
02/18/2018,DWH,TX,ASW,CE,Towers with Radar,0,5,39,0,44,0,0,104,0,104,0,5,143,0,148,197,0,197,345
02/19/2018,DWH,TX,ASW,CE,Towers with Radar,0,15,44,0,59,0,3,122,0,125,0,18,166,0,184,153,0,153,337
02/20/2018,DWH,TX,ASW,CE,Towers with Radar,0,8,29,4,41,0,3,20,0,23,0,11,49,4,64,0,0,0,64
02/21/2018,DWH,TX,ASW,CE,Towers with Radar,0,4,23,0,27,0,0,0,0,0,0,4,23,0,27,0,0,0,27
02/22/2018,DWH,TX,ASW,CE,Towers with Radar,0,13,28,0,41,0,0,1,0,1,0,13,29,0,42,0,0,0,42
02/23/2018,DWH,TX,ASW,CE,Towers with Radar,0,4,36,0,40,0,2,82,2,86,0,6,118,2,126,154,0,154,280
02/24/2018,DWH,TX,ASW,CE,Towers with Radar,0,2,17,0,19,0,2,34,0,36,0,4,51,0,55,82,0,82,137
02/25/2018,DWH,TX,ASW,CE,Towers with Radar,0,1,20,0,21,0,0,2,0,2,0,1,22,0,23,0,0,0,23
02/26/2018,DWH,TX,ASW,CE,Towers with Radar,0,2,56,2,60,0,3,160,6,169,0,5,216,8,229,230,0,230,459
02/27/2018,DWH,TX,ASW,CE,Towers with Radar,0,15,43,2,60,0,2,56,0,58,0,17,99,2,118,112,0,112,230
02/28/2018,DWH,TX,ASW,CE,Towers with Radar,0,18,60,2,80,0,5,82,0,87,0,23,142,2,167,0,0,0,167
03/01/2018,DWH,TX,ASW,CE,Towers with Radar,0,14,52,3,69,0,2,193,3,198,0,16,245,6,267,206,0,206,473
03/02/2018,DWH,TX,ASW,CE,Towers with Radar,0,4,51,3,58,0,3,232,4,239,0,7,283,7,297,250,0,250,547
03/03/2018,DWH,TX,ASW,CE,Towers with Radar,0,5,37,0,42,0,3,180,0,183,0,8,217,0,225,255,0,255,480
03/04/2018,DWH,TX,ASW,CE,Towers with Radar,0,6,38,0,44,0,0,51,0,51,0,6,89,0,95,110,0,110,205
03/05/2018,DWH,TX,ASW,CE,Towers with Radar,0,7,37,3,47,0,1,54,0,55,0,8,91,3,102,281,0,281,383
03/06/2018,DWH,TX,ASW,CE,Towers with Radar,1,6,32,3,42,0,5,175,3,183,1,11,207,6,225,330,0,330,555
03/07/2018,DWH,TX,ASW,CE,Towers with Radar,0,10,67,0,77,0,13,195,0,208,0,23,262,0,285,411,0,411,696
03/08/2018,DWH,TX,ASW,CE,Towers with Radar,0,14,73,0,87,0,7,173,2,182,0,21,246,2,269,314,0,314,583
03/09/2018,DWH,TX,ASW,CE,Towers with Radar,0,12,47,7,66,0,11,151,2,164,0,23,198,9,230,370,0,370,600
03/10/2018,DWH,TX,ASW,CE,Towers with Radar,0,6,30,1,37,0,0,75,0,75,0,6,105,1,112,97,0,97,209
03/11/2018,DWH,TX,ASW,CE,Towers with Radar,0,11,28,0,39,0,5,54,2,61,0,16,82,2,100,163,0,163,263
03/12/2018,DWH,TX,ASW,CE,Towers with Radar,0,9,29,5,43,0,3,193,0,196,0,12,222,5,239,234,2,236,475
03/13/2018,DWH,TX,ASW,CE,Towers with Radar,0,5,35,1,41,0,4,222,6,232,0,9,257,7,273,285,0,285,558
03/14/2018,DWH,TX,ASW,CE,Towers with Radar,0,9,38,3,50,0,8,220,5,233,0,17,258,8,283,349,8,357,640
03/15/2018,DWH,TX,ASW,CE,Towers with Radar,0,5,36,4,45,0,7,172,0,179,0,12,208,4,224,246,2,248,472
03/16/2018,DWH,TX,ASW,CE,Towers with Radar,0,7,32,0,39,0,4,56,0,60,0,11,88,0,99,132,0,132,231
03/17/2018,DWH,TX,ASW,CE,Towers with Radar,0,8,38,2,48,0,1,73,2,76,0,9,111,4,124,122,2,124,248
03/18/2018,DWH,TX,ASW,CE,Towers with Radar,0,8,28,0,36,0,1,72,0,73,0,9,100,0,109,100,38,138,247
03/19/2018,DWH,TX,ASW,CE,Towers with Radar,0,9,20,1,30,0,1,149,2,152,0,10,169,3,182,170,4,174,356
03/20/2018,DWH,TX,ASW,CE,Towers with Radar,0,7,37,0,44,0,4,189,2,195,0,11,226,2,239,299,0,299,538
03/21/2018,DWH,TX,ASW,CE,Towers with Radar,0,5,57,2,64,0,6,234,8,248,0,11,291,10,312,437,0,437,749
03/22/2018,DWH,TX,ASW,CE,Towers with Radar,0,7,51,2,60,0,2,165,6,173,0,9,216,8,233,275,0,275,508
03/23/2018,DWH,TX,ASW,CE,Towers with Radar,0,6,59,5,70,0,2,169,0,171,0,8,228,5,241,217,0,217,458
03/24/2018,DWH,TX,ASW,CE,Towers with Radar,0,7,52,0,59,0,4,82,0,86,0,11,134,0,145,192,0,192,337
03/25/2018,DWH,TX,ASW,CE,Towers with Radar,0,8,40,0,48,0,2,86,0,88,0,10,126,0,136,224,0,224,360
03/26/2018,DWH,TX,ASW,CE,Towers with Radar,0,7,60,0,67,0,1,90,2,93,0,8,150,2,160,294,0,294,454
03/27/2018,DWH,TX,ASW,CE,Towers with Radar,0,3,35,0,38,0,1,65,0,66,0,4,100,0,104,329,0,329,433
03/28/2018,DWH,TX,ASW,CE,Towers with Radar,0,7,15,0,22,0,0,1,0,1,0,7,16,0,23,60,0,60,83
03/29/2018,DWH,TX,ASW,CE,Towers with Radar,0,2,25,0,27,0,0,127,1,128,0,2,152,1,155,25,0,25,180
03/30/2018,DWH,TX,ASW,CE,Towers with Radar,0,8,30,1,39,0,2,301,2,305,0,10,331,3,344,312,0,312,656
03/31/2018,DWH,TX,ASW,CE,Towers with Radar,0,7,22,0,29,0,4,219,0,223,0,11,241,0,252,207,0,207,459
04/01/2018,DWH,TX,ASW,CE,Towers with Radar,0,8,16,0,24,0,2,94,0,96,0,10,110,0,120,58,0,58,178
04/02/2018,DWH,TX,ASW,CE,Towers with Radar,0,5,78,0,83,0,6,127,1,134,0,11,205,1,217,210,0,210,427
04/03/2018,DWH,TX,ASW,CE,Towers with Radar,0,8,46,2,56,0,3,75,4,82,0,11,121,6,138,287,0,287,425
04/04/2018,DWH,TX,ASW,CE,Towers with Radar,0,13,37,2,52,0,8,145,4,157,0,21,182,6,209,232,0,232,441
04/05/2018,DWH,TX,ASW,CE,Towers with Radar,0,13,65,5,83,0,0,151,1,152,0,13,216,6,235,328,0,328,563
04/06/2018,DWH,TX,ASW,CE,Towers with Radar,0,1,116,4,121,0,2,27,0,29,0,3,143,4,150,121,0,121,271
04/07/2018,DWH,TX,ASW,CE,Towers with Radar,0,1,46,0,47,0,0,1,0,1,0,1,47,0,48,0,0,0,48
04/08/2018,DWH,TX,ASW,CE,Towers with Radar,0,5,49,4,58,0,1,25,0,26,0,6,74,4,84,261,0,261,345
04/09/2018,DWH,TX,ASW,CE,Towers with Radar,0,8,60,0,68,0,2,13,0,15,0,10,73,0,83,133,0,133,216
04/10/2018,DWH,TX,ASW,CE,Towers with Radar,0,12,44,2,58,0,3,201,1,205,0,15,245,3,263,287,0,287,550
04/11/2018,DWH,TX,ASW,CE,Towers with Radar,0,6,45,5,56,0,5,198,0,203,0,11,243,5,259,268,0,268,527
04/12/2018,DWH,TX,ASW,CE,Towers with Radar,0,8,38,11,57,0,9,141,0,150,0,17,179,11,207,222,0,222,429
04/13/2018,DWH,TX,ASW,CE,Towers with Radar,0,11,18,5,34,0,1,7,0,8,0,12,25,5,42,92,0,92,134
04/14/2018,DWH,TX,ASW,CE,Towers with Radar,0,2,11,0,13,0,1,60,1,62,0,3,71,1,75,68,0,68,143
04/15/2018,DWH,TX,ASW,CE,Towers with Radar,0,5,22,6,33,0,3,178,5,186,0,8,200,11,219,174,0,174,393
04/16/2018,DWH,TX,ASW,CE,Towers with Radar,0,5,30,4,39,0,1,223,3,227,0,6,253,7,266,318,2,320,586
04/17/2018,DWH,TX,ASW,CE,Towers with Radar,0,10,35,0,45,0,4,165,0,169,0,14,200,0,214,244,0,244,458
04/18/2018,DWH,TX,ASW,CE,Towers with Radar,0,10,45,0,55,0,3,124,0,127,0,13,169,0,182,257,0,257,439
04/19/2018,DWH,TX,ASW,CE,Towers with Radar,0,12,38,2,52,0,5,159,1,165,0,17,197,3,217,134,0,134,351
04/20/2018,DWH,TX,ASW,CE,Towers with Radar,0,3,34,0,37,0,5,133,1,139,0,8,167,1,176,345,0,345,521
04/21/2018,DWH,TX,ASW,CE,Towers with Radar,0,3,13,8,24,0,0,29,0,29,0,3,42,8,53,75,0,75,128
04/22/2018,DWH,TX,ASW,CE,Towers with Radar,0,7,56,0,63,0,3,118,2,123,0,10,174,2,186,189,0,189,375
04/23/2018,DWH,TX,ASW,CE,Towers with Radar,0,5,37,0,42,0,0,151,0,151,0,5,188,0,193,352,0,352,545
04/24/2018,DWH,TX,ASW,CE,Towers with Radar,0,6,58,3,67,0,7,192,3,202,0,13,250,6,269,442,0,442,711
04/25/2018,DWH,TX,ASW,CE,Towers with Radar,0,5,46,2,53,0,2,183,2,187,0,7,229,4,240,361,0,361,601
04/26/2018,DWH,TX,ASW,CE,Towers with Radar,0,11,62,3,76,0,5,193,1,199,0,16,255,4,275,338,0,338,613
04/27/2018,DWH,TX,ASW,CE,Towers with Radar,0,12,43,0,55,0,2,185,0,187,0,14,228,0,242,276,0,276,518
04/28/2018,DWH,TX,ASW,CE,Towers with Radar,0,7,27,0,34,0,3,190,0,193,0,10,217,0,227,189,0,189,416
04/29/2018,DWH,TX,ASW,CE,Towers with Radar,0,12,40,0,52,0,3,155,0,158,0,15,195,0,210,213,0,213,423
04/30/2018,DWH,TX,ASW,CE,Towers with Radar,0,11,57,1,69,0,9,120,0,129,0,20,177,1,198,346,0,346,544
05/01/2018,DWH,TX,ASW,CE,Towers with Radar,0,9,69,2,80,0,1,59,0,60,0,10,128,2,140,282,0,282,422
05/02/2018,DWH,TX,ASW,CE,Towers with Radar,0,17,40,2,59,0,5,90,0,95,0,22,130,2,154,254,0,254,408
05/03/2018,DWH,TX,ASW,CE,Towers with Radar,0,20,60,4,84,0,5,83,3,91,0,25,143,7,175,324,0,324,499
05/04/2018,DWH,TX,ASW,CE,Towers with Radar,0,10,27,2,39,0,2,35,0,37,0,12,62,2,76,177,0,177,253
05/05/2018,DWH,TX,ASW,CE,Towers with Radar,0,3,29,1,33,0,5,124,1,130,0,8,153,2,163,140,0,140,303
05/06/2018,DWH,TX,ASW,CE,Towers with Radar,0,13,36,11,60,0,3,188,0,191,0,16,224,11,251,162,4,166,417
05/07/2018,DWH,TX,ASW,CE,Towers with Radar,0,8,41,5,54,0,1,177,3,181,0,9,218,8,235,251,2,253,488
05/08/2018,DWH,TX,ASW,CE,Towers with Radar,0,8,38,6,52,0,3,176,2,181,0,11,214,8,233,296,0,296,529
05/09/2018,DWH,TX,ASW,CE,Towers with Radar,0,11,46,0,57,0,3,177,2,182,0,14,223,2,239,234,0,234,473
05/10/2018,DWH,TX,ASW,CE,Towers with Radar,0,6,53,5,64,0,6,174,1,181,0,12,227,6,245,156,2,158,403
05/11/2018,DWH,TX,ASW,CE,Towers with Radar,0,16,52,0,68,0,2,179,0,181,0,18,231,0,249,210,0,210,459
05/12/2018,DWH,TX,ASW,CE,Towers with Radar,0,12,39,0,51,0,2,161,0,163,0,14,200,0,214,83,0,83,297
05/13/2018,DWH,TX,ASW,CE,Towers with Radar,0,8,19,3,30,0,1,97,1,99,0,9,116,4,129,80,6,86,215
05/14/2018,DWH,TX,ASW,CE,Towers with Radar,0,8,55,2,65,0,3,133,1,137,0,11,188,3,202,207,0,207,409
05/15/2018,DWH,TX,ASW,CE,Towers with Radar,0,7,49,9,65,0,2,174,0,176,0,9,223,9,241,257,0,257,498
05/16/2018,DWH,TX,ASW,CE,Towers with Radar,0,11,36,0,47,0,4,173,0,177,0,15,209,0,224,160,0,160,384
05/17/2018,DWH,TX,ASW,CE,Towers with Radar,0,7,73,0,80,0,2,158,0,160,0,9,231,0,240,164,0,164,404
05/18/2018,DWH,TX,ASW,CE,Towers with Radar,0,8,38,0,46,0,1,164,0,165,0,9,202,0,211,169,0,169,380
05/19/2018,DWH,TX,ASW,CE,Towers with Radar,0,0,29,16,45,0,1,150,4,155,0,1,179,20,200,212,0,212,412
05/20/2018,DWH,TX,ASW,CE,Towers with Radar,0,0,29,0,29,0,1,41,0,42,0,1,70,0,71,97,0,97,168
05/21/2018,DWH,TX,ASW,CE,Towers with Radar,0,10,42,5,57,0,1,46,0,47,0,11,88,5,104,143,0,143,247
05/22/2018,DWH,TX,ASW,CE,Towers with Radar,0,8,47,0,55,0,3,91,0,94,0,11,138,0,149,323,0,323,472
05/23/2018,DWH,TX,ASW,CE,Towers with Radar,0,13,52,0,65,0,2,106,0,108,0,15,158,0,173,176,0,176,349
05/24/2018,DWH,TX,ASW,CE,Towers with Radar,0,10,38,0,48,0,2,128,0,130,0,12,166,0,178,364,0,364,542
05/25/2018,DWH,TX,ASW,CE,Towers with Radar,0,9,48,0,57,0,3,168,0,171,0,12,216,0,228,379,0,379,607
05/26/2018,DWH,TX,ASW,CE,Towers with Radar,0,3,39,1,43,0,4,124,1,129,0,7,163,2,172,185,0,185,357
05/27/2018,DWH,TX,ASW,CE,Towers with Radar,0,8,19,0,27,0,1,98,0,99,0,9,117,0,126,166,0,166,292
05/28/2018,DWH,TX,ASW,CE,Towers with Radar,0,6,29,0,35,0,2,191,0,193,0,8,220,0,228,330,0,330,558
05/29/2018,DWH,TX,ASW,CE,Towers with Radar,0,9,39,3,51,0,3,170,1,174,0,12,209,4,225,286,0,286,511
05/30/2018,DWH,TX,ASW,CE,Towers with Radar,0,9,46,6,61,0,8,163,0,171,0,17,209,6,232,292,0,292,524
05/31/2018,DWH,TX,ASW,CE,Towers with Radar,0,5,43,0,48,0,7,105,0,112,0,12,148,0,160,99,0,99,259
06/01/2018,DWH,TX,ASW,CE,Towers with Radar,0,8,58,1,67,0,5,187,1,193,0,13,245,2,260,308,0,308,568
06/02/2018,DWH,TX,ASW,CE,Towers with Radar,0,5,83,2,90,0,2,127,2,131,0,7,210,4,221,234,0,234,455
06/03/2018,DWH,TX,ASW,CE,Towers with Radar,0,10,44,1,55,0,2,78,2,82,0,12,122,3,137,279,8,287,424
06/04/2018,DWH,TX,ASW,CE,Towers with Radar,0,7,40,4,51,0,3,152,0,155,0,10,192,4,206,208,0,208,414
06/05/2018,DWH,TX,ASW,CE,Towers with Radar,0,9,49,2,60,0,6,150,0,156,0,15,199,2,216,203,0,203,419
06/06/2018,DWH,TX,ASW,CE,Towers with Radar,0,11,42,8,61,0,4,154,5,163,0,15,196,13,224,203,2,205,429
06/07/2018,DWH,TX,ASW,CE,Towers with Radar,0,8,57,2,67,0,7,211,0,218,0,15,268,2,285,186,0,186,471
06/08/2018,DWH,TX,ASW,CE,Towers with Radar,0,2,50,4,56,0,4,180,4,188,0,6,230,8,244,288,0,288,532
06/09/2018,DWH,TX,ASW,CE,Towers with Radar,0,4,13,1,18,0,2,138,0,140,0,6,151,1,158,195,0,195,353
06/10/2018,DWH,TX,ASW,CE,Towers with Radar,0,2,39,2,43,0,2,87,2,91,0,4,126,4,134,144,0,144,278
06/11/2018,DWH,TX,ASW,CE,Towers with Radar,0,6,39,0,45,0,4,156,0,160,0,10,195,0,205,153,0,153,358
06/12/2018,DWH,TX,ASW,CE,Towers with Radar,0,6,38,3,47,0,4,173,3,180,0,10,211,6,227,303,0,303,530
06/13/2018,DWH,TX,ASW,CE,Towers with Radar,0,7,45,2,54,0,4,157,2,163,0,11,202,4,217,233,0,233,450
06/14/2018,DWH,TX,ASW,CE,Towers with Radar,0,9,53,2,64,0,6,104,5,115,0,15,157,7,179,253,0,253,432
06/15/2018,DWH,TX,ASW,CE,Towers with Radar,0,9,34,0,43,0,4,133,0,137,0,13,167,0,180,208,0,208,388
06/16/2018,DWH,TX,ASW,CE,Towers with Radar,0,7,26,0,33,0,1,126,0,127,0,8,152,0,160,119,0,119,279
06/17/2018,DWH,TX,ASW,CE,Towers with Radar,0,4,21,0,25,0,0,10,0,10,0,4,31,0,35,40,0,40,75
06/18/2018,DWH,TX,ASW,CE,Towers with Radar,0,5,26,0,31,0,3,7,0,10,0,8,33,0,41,8,0,8,49
06/19/2018,DWH,TX,ASW,CE,Towers with Radar,0,7,35,0,42,0,1,7,0,8,0,8,42,0,50,28,0,28,78
06/20/2018,DWH,TX,ASW,CE,Towers with Radar,0,10,32,0,42,0,3,8,0,11,0,13,40,0,53,19,0,19,72
06/21/2018,DWH,TX,ASW,CE,Towers with Radar,0,6,39,0,45,0,1,78,2,81,0,7,117,2,126,285,0,285,411
06/22/2018,DWH,TX,ASW,CE,Towers with Radar,0,10,46,3,59,0,0,132,3,135,0,10,178,6,194,204,0,204,398
06/23/2018,DWH,TX,ASW,CE,Towers with Radar,0,10,27,4,41,0,5,135,2,142,0,15,162,6,183,302,0,302,485
06/24/2018,DWH,TX,ASW,CE,Towers with Radar,0,3,36,0,39,0,0,118,0,118,0,3,154,0,157,180,0,180,337
06/25/2018,DWH,TX,ASW,CE,Towers with Radar,0,8,28,3,39,0,2,108,1,111,0,10,136,4,150,194,0,194,344
06/26/2018,DWH,TX,ASW,CE,Towers with Radar,0,9,35,2,46,0,2,176,0,178,0,11,211,2,224,337,0,337,561
06/27/2018,DWH,TX,ASW,CE,Towers with Radar,0,9,53,0,62,0,3,176,0,179,0,12,229,0,241,253,0,253,494
06/28/2018,DWH,TX,ASW,CE,Towers with Radar,0,9,44,2,55,0,6,147,0,153,0,15,191,2,208,294,0,294,502
06/29/2018,DWH,TX,ASW,CE,Towers with Radar,0,8,47,0,55,0,1,139,0,140,0,9,186,0,195,231,0,231,426
06/30/2018,DWH,TX,ASW,CE,Towers with Radar,0,8,34,4,46,0,2,130,0,132,0,10,164,4,178,263,0,263,441
07/01/2018,DWH,TX,ASW,CE,Towers with Radar,0,7,30,1,38,0,0,125,1,126,0,7,155,2,164,228,0,228,392
07/02/2018,DWH,TX,ASW,CE,Towers with Radar,0,14,49,0,63,0,2,142,0,144,0,16,191,0,207,258,0,258,465
07/03/2018,DWH,TX,ASW,CE,Towers with Radar,0,8,61,1,70,0,7,135,0,142,0,15,196,1,212,325,0,325,537
07/04/2018,DWH,TX,ASW,CE,Towers with Radar,0,0,7,0,7,0,1,11,0,12,0,1,18,0,19,96,0,96,115
07/05/2018,DWH,TX,ASW,CE,Towers with Radar,0,2,38,0,40,0,1,148,0,149,0,3,186,0,189,218,0,218,407
07/06/2018,DWH,TX,ASW,CE,Towers with Radar,0,7,18,4,29,0,1,156,1,158,0,8,174,5,187,338,0,338,525
07/07/2018,DWH,TX,ASW,CE,Towers with Radar,0,3,16,0,19,0,0,95,0,95,0,3,111,0,114,148,0,148,262
07/08/2018,DWH,TX,ASW,CE,Towers with Radar,0,10,28,0,38,0,0,49,0,49,0,10,77,0,87,120,0,120,207
07/09/2018,DWH,TX,ASW,CE,Towers with Radar,0,5,36,0,41,0,4,67,0,71,0,9,103,0,112,257,0,257,369
07/10/2018,DWH,TX,ASW,CE,Towers with Radar,0,7,51,0,58,0,4,140,1,145,0,11,191,1,203,244,0,244,447
07/11/2018,DWH,TX,ASW,CE,Towers with Radar,0,10,34,0,44,0,2,153,4,159,0,12,187,4,203,292,0,292,495
07/12/2018,DWH,TX,ASW,CE,Towers with Radar,0,7,37,0,44,0,8,170,2,180,0,15,207,2,224,313,0,313,537
07/13/2018,DWH,TX,ASW,CE,Towers with Radar,0,7,27,1,35,0,6,147,0,153,0,13,174,1,188,307,0,307,495
07/14/2018,DWH,TX,ASW,CE,Towers with Radar,0,10,21,0,31,0,4,164,1,169,0,14,185,1,200,156,0,156,356
07/15/2018,DWH,TX,ASW,CE,Towers with Radar,1,8,43,0,52,0,3,130,1,134,1,11,173,1,186,220,0,220,406
07/16/2018,DWH,TX,ASW,CE,Towers with Radar,0,7,39,0,46,0,2,117,0,119,0,9,156,0,165,234,0,234,399
07/17/2018,DWH,TX,ASW,CE,Towers with Radar,0,7,66,4,77,0,5,126,0,131,0,12,192,4,208,201,0,201,409
07/18/2018,DWH,TX,ASW,CE,Towers with Radar,0,5,66,1,72,0,1,150,5,156,0,6,216,6,228,249,0,249,477
07/19/2018,DWH,TX,ASW,CE,Towers with Radar,0,10,58,0,68,0,4,158,0,162,0,14,216,0,230,236,0,236,466
07/20/2018,DWH,TX,ASW,CE,Towers with Radar,0,10,46,4,60,0,5,196,0,201,0,15,242,4,261,153,0,153,414
07/21/2018,DWH,TX,ASW,CE,Towers with Radar,0,3,38,0,41,0,2,137,0,139,0,5,175,0,180,161,0,161,341
07/22/2018,DWH,TX,ASW,CE,Towers with Radar,0,14,40,0,54,0,2,118,0,120,0,16,158,0,174,138,0,138,312
07/23/2018,DWH,TX,ASW,CE,Towers with Radar,0,9,44,0,53,0,1,177,0,178,0,10,221,0,231,124,0,124,355
07/24/2018,DWH,TX,ASW,CE,Towers with Radar,0,13,41,0,54,0,4,151,0,155,0,17,192,0,209,298,0,298,507
07/25/2018,DWH,TX,ASW,CE,Towers with Radar,0,10,50,1,61,0,4,174,1,179,0,14,224,2,240,275,0,275,515
07/26/2018,DWH,TX,ASW,CE,Towers with Radar,0,5,57,4,66,0,5,172,0,177,0,10,229,4,243,226,2,228,471
07/27/2018,DWH,TX,ASW,CE,Towers with Radar,0,7,40,0,47,0,3,191,3,197,0,10,231,3,244,216,0,216,460
07/28/2018,DWH,TX,ASW,CE,Towers with Radar,0,14,15,0,29,0,4,166,0,170,0,18,181,0,199,153,0,153,352
07/29/2018,DWH,TX,ASW,CE,Towers with Radar,0,5,35,0,40,0,2,122,2,126,0,7,157,2,166,66,0,66,232
07/30/2018,DWH,TX,ASW,CE,Towers with Radar,0,7,47,6,60,0,2,117,0,119,0,9,164,6,179,178,0,178,357
07/31/2018,DWH,TX,ASW,CE,Towers with Radar,0,7,33,0,40,0,2,38,0,40,0,9,71,0,80,152,0,152,232
08/01/2018,DWH,TX,ASW,CE,Towers with Radar,0,5,32,0,37,0,13,149,1,163,0,18,181,1,200,157,0,157,357
08/02/2018,DWH,TX,ASW,CE,Towers with Radar,0,4,41,0,45,0,7,173,1,181,0,11,214,1,226,162,0,162,388
08/03/2018,DWH,TX,ASW,CE,Towers with Radar,0,10,42,2,54,0,8,196,2,206,0,18,238,4,260,142,0,142,402
08/04/2018,DWH,TX,ASW,CE,Towers with Radar,0,8,28,0,36,0,2,94,0,96,0,10,122,0,132,147,0,147,279
08/05/2018,DWH,TX,ASW,CE,Towers with Radar,0,8,27,1,36,0,3,154,0,157,0,11,181,1,193,182,0,182,375
08/06/2018,DWH,TX,ASW,CE,Towers with Radar,0,7,27,0,34,0,1,72,0,73,0,8,99,0,107,274,0,274,381
08/07/2018,DWH,TX,ASW,CE,Towers with Radar,0,12,28,2,42,0,4,116,0,120,0,16,144,2,162,245,0,245,407
08/08/2018,DWH,TX,ASW,CE,Towers with Radar,0,10,31,0,41,0,5,124,1,130,0,15,155,1,171,232,0,232,403
08/09/2018,DWH,TX,ASW,CE,Towers with Radar,0,17,29,1,47,0,4,99,2,105,0,21,128,3,152,179,0,179,331
08/10/2018,DWH,TX,ASW,CE,Towers with Radar,0,13,35,2,50,0,0,104,1,105,0,13,139,3,155,237,0,237,392
08/11/2018,DWH,TX,ASW,CE,Towers with Radar,0,10,23,0,33,0,4,48,0,52,0,14,71,0,85,128,0,128,213
08/12/2018,DWH,TX,ASW,CE,Towers with Radar,0,7,31,1,39,0,1,74,1,76,0,8,105,2,115,161,0,161,276
08/13/2018,DWH,TX,ASW,CE,Towers with Radar,0,9,40,6,55,0,3,140,1,144,0,12,180,7,199,248,0,248,447
08/14/2018,DWH,TX,ASW,CE,Towers with Radar,0,5,52,0,57,0,6,146,0,152,0,11,198,0,209,150,0,150,359
08/15/2018,DWH,TX,ASW,CE,Towers with Radar,0,7,40,3,50,0,6,135,1,142,0,13,175,4,192,175,0,175,367
08/16/2018,DWH,TX,ASW,CE,Towers with Radar,0,2,50,4,56,0,6,122,0,128,0,8,172,4,184,184,0,184,368
08/17/2018,DWH,TX,ASW,CE,Towers with Radar,0,6,36,2,44,0,7,168,0,175,0,13,204,2,219,220,0,220,439
08/18/2018,DWH,TX,ASW,CE,Towers with Radar,0,6,30,2,38,0,5,141,0,146,0,11,171,2,184,117,0,117,301
08/19/2018,DWH,TX,ASW,CE,Towers with Radar,0,2,38,3,43,0,5,135,2,142,0,7,173,5,185,157,0,157,342
08/20/2018,DWH,TX,ASW,CE,Towers with Radar,0,8,54,2,64,0,5,125,0,130,0,13,179,2,194,154,0,154,348
08/21/2018,DWH,TX,ASW,CE,Towers with Radar,0,10,47,0,57,0,4,88,0,92,0,14,135,0,149,155,0,155,304
08/22/2018,DWH,TX,ASW,CE,Towers with Radar,0,8,49,0,57,0,1,159,1,161,0,9,208,1,218,262,0,262,480
08/23/2018,DWH,TX,ASW,CE,Towers with Radar,0,10,41,0,51,0,3,150,0,153,0,13,191,0,204,372,0,372,576
08/24/2018,DWH,TX,ASW,CE,Towers with Radar,0,8,21,5,34,0,4,152,2,158,0,12,173,7,192,299,0,299,491
08/25/2018,DWH,TX,ASW,CE,Towers with Radar,0,4,18,0,22,0,5,169,0,174,0,9,187,0,196,205,0,205,401
08/26/2018,DWH,TX,ASW,CE,Towers with Radar,0,6,27,2,35,0,4,131,2,137,0,10,158,4,172,198,0,198,370
08/27/2018,DWH,TX,ASW,CE,Towers with Radar,0,4,22,0,26,0,3,129,0,132,0,7,151,0,158,221,0,221,379
08/28/2018,DWH,TX,ASW,CE,Towers with Radar,0,15,40,0,55,0,4,111,0,115,0,19,151,0,170,124,0,124,294
08/29/2018,DWH,TX,ASW,CE,Towers with Radar,0,10,43,3,56,0,0,99,0,99,0,10,142,3,155,115,0,115,270
08/30/2018,DWH,TX,ASW,CE,Towers with Radar,0,4,49,1,54,0,3,141,0,144,0,7,190,1,198,227,0,227,425
08/31/2018,DWH,TX,ASW,CE,Towers with Radar,0,10,42,0,52,0,2,175,0,177,0,12,217,0,229,226,0,226,455
09/01/2018,DWH,TX,ASW,CE,Towers with Radar,0,1,28,0,29,0,1,62,0,63,0,2,90,0,92,104,0,104,196
09/02/2018,DWH,TX,ASW,CE,Towers with Radar,0,6,31,0,37,0,3,13,0,16,0,9,44,0,53,95,0,95,148
09/03/2018,DWH,TX,ASW,CE,Towers with Radar,0,11,30,2,43,0,0,8,0,8,0,11,38,2,51,2,0,2,53
09/04/2018,DWH,TX,ASW,CE,Towers with Radar,0,1,51,0,52,0,4,26,0,30,0,5,77,0,82,126,0,126,208
09/05/2018,DWH,TX,ASW,CE,Towers with Radar,0,12,44,0,56,0,9,123,3,135,0,21,167,3,191,174,0,174,365
09/06/2018,DWH,TX,ASW,CE,Towers with Radar,0,7,35,4,46,0,5,120,0,125,0,12,155,4,171,319,0,319,490
09/07/2018,DWH,TX,ASW,CE,Towers with Radar,0,6,30,3,39,0,6,109,1,116,0,12,139,4,155,299,0,299,454
09/08/2018,DWH,TX,ASW,CE,Towers with Radar,0,5,35,7,47,0,3,108,4,115,0,8,143,11,162,248,0,248,410
09/09/2018,DWH,TX,ASW,CE,Towers with Radar,0,6,25,0,31,0,0,63,0,63,0,6,88,0,94,79,0,79,173
09/10/2018,DWH,TX,ASW,CE,Towers with Radar,0,11,30,0,41,0,2,5,0,7,0,13,35,0,48,48,0,48,96
09/11/2018,DWH,TX,ASW,CE,Towers with Radar,0,7,31,1,39,0,0,7,0,7,0,7,38,1,46,37,0,37,83
09/12/2018,DWH,TX,ASW,CE,Towers with Radar,0,11,46,2,59,0,4,45,0,49,0,15,91,2,108,207,0,207,315
09/13/2018,DWH,TX,ASW,CE,Towers with Radar,0,12,44,1,57,0,4,86,0,90,0,16,130,1,147,173,0,173,320
09/14/2018,DWH,TX,ASW,CE,Towers with Radar,0,4,36,0,40,0,1,20,1,22,0,5,56,1,62,88,0,88,150
09/15/2018,DWH,TX,ASW,CE,Towers with Radar,0,4,39,0,43,0,0,119,0,119,0,4,158,0,162,177,0,177,339
09/16/2018,DWH,TX,ASW,CE,Towers with Radar,0,12,34,0,46,0,0,126,1,127,0,12,160,1,173,276,0,276,449
09/17/2018,DWH,TX,ASW,CE,Towers with Radar,0,4,40,1,45,0,0,169,1,170,0,4,209,2,215,232,0,232,447
09/18/2018,DWH,TX,ASW,CE,Towers with Radar,0,11,49,1,61,0,5,173,4,182,0,16,222,5,243,193,0,193,436
09/19/2018,DWH,TX,ASW,CE,Towers with Radar,0,10,43,3,56,0,3,178,2,183,0,13,221,5,239,266,0,266,505
09/20/2018,DWH,TX,ASW,CE,Towers with Radar,0,9,43,1,53,0,7,64,0,71,0,16,107,1,124,258,0,258,382
09/21/2018,DWH,TX,ASW,CE,Towers with Radar,0,9,46,4,59,0,1,66,2,69,0,10,112,6,128,79,0,79,207
09/22/2018,DWH,TX,ASW,CE,Towers with Radar,0,1,22,0,23,0,1,15,0,16,0,2,37,0,39,61,0,61,100
09/23/2018,DWH,TX,ASW,CE,Towers with Radar,0,11,61,3,75,0,3,70,0,73,0,14,131,3,148,233,0,233,381
09/24/2018,DWH,TX,ASW,CE,Towers with Radar,0,4,44,0,48,0,2,121,0,123,0,6,165,0,171,198,0,198,369
09/25/2018,DWH,TX,ASW,CE,Towers with Radar,0,10,47,0,57,0,4,90,0,94,0,14,137,0,151,220,0,220,371
09/26/2018,DWH,TX,ASW,CE,Towers with Radar,0,11,38,0,49,0,5,53,0,58,0,16,91,0,107,124,0,124,231
09/27/2018,DWH,TX,ASW,CE,Towers with Radar,0,13,82,1,96,0,2,54,0,56,0,15,136,1,152,205,0,205,357
09/28/2018,DWH,TX,ASW,CE,Towers with Radar,0,3,52,1,56,0,4,83,2,89,0,7,135,3,145,255,0,255,400
09/29/2018,DWH,TX,ASW,CE,Towers with Radar,0,3,18,0,21,0,1,17,0,18,0,4,35,0,39,68,0,68,107
09/30/2018,DWH,TX,ASW,CE,Towers with Radar,0,7,44,0,51,0,1,38,0,39,0,8,82,0,90,167,0,167,257
10/01/2018,DWH,TX,ASW,CE,Towers with Radar,0,8,40,0,48,0,4,67,0,71,0,12,107,0,119,134,0,134,253
10/02/2018,DWH,TX,ASW,CE,Towers with Radar,0,6,43,2,51,0,2,59,0,61,0,8,102,2,112,80,0,80,192
10/03/2018,DWH,TX,ASW,CE,Towers with Radar,0,11,48,3,62,0,3,93,2,98,0,14,141,5,160,155,2,157,317
10/04/2018,DWH,TX,ASW,CE,Towers with Radar,0,5,41,0,46,0,4,139,3,146,0,9,180,3,192,222,0,222,414
10/05/2018,DWH,TX,ASW,CE,Towers with Radar,0,6,44,0,50,0,3,95,0,98,0,9,139,0,148,121,0,121,269
10/06/2018,DWH,TX,ASW,CE,Towers with Radar,0,12,37,0,49,0,7,157,0,164,0,19,194,0,213,134,0,134,347
10/07/2018,DWH,TX,ASW,CE,Towers with Radar,0,8,34,0,42,0,3,96,2,101,0,11,130,2,143,166,0,166,309
10/08/2018,DWH,TX,ASW,CE,Towers with Radar,0,9,44,0,53,0,2,85,0,87,0,11,129,0,140,178,0,178,318
10/09/2018,DWH,TX,ASW,CE,Towers with Radar,0,10,45,0,55,0,4,32,0,36,0,14,77,0,91,206,0,206,297
10/10/2018,DWH,TX,ASW,CE,Towers with Radar,0,7,39,0,46,0,7,156,0,163,0,14,195,0,209,274,0,274,483
10/11/2018,DWH,TX,ASW,CE,Towers with Radar,0,2,39,0,41,0,8,221,0,229,0,10,260,0,270,244,0,244,514
10/12/2018,DWH,TX,ASW,CE,Towers with Radar,0,7,41,0,48,0,5,233,0,238,0,12,274,0,286,250,0,250,536
10/13/2018,DWH,TX,ASW,CE,Towers with Radar,0,5,20,2,27,0,2,143,0,145,0,7,163,2,172,96,0,96,268
10/14/2018,DWH,TX,ASW,CE,Towers with Radar,0,11,36,9,56,0,3,131,2,136,0,14,167,11,192,158,0,158,350
10/15/2018,DWH,TX,ASW,CE,Towers with Radar,0,7,46,0,53,0,0,1,0,1,0,7,47,0,54,0,0,0,54
10/16/2018,DWH,TX,ASW,CE,Towers with Radar,0,6,34,0,40,0,2,3,0,5,0,8,37,0,45,0,0,0,45
10/17/2018,DWH,TX,ASW,CE,Towers with Radar,0,13,69,0,82,0,0,1,0,1,0,13,70,0,83,0,0,0,83
10/18/2018,DWH,TX,ASW,CE,Towers with Radar,0,17,76,6,99,0,1,83,0,84,0,18,159,6,183,162,0,162,345
10/19/2018,DWH,TX,ASW,CE,Towers with Radar,0,15,47,0,62,0,3,79,1,83,0,18,126,1,145,165,0,165,310
10/20/2018,DWH,TX,ASW,CE,Towers with Radar,0,5,66,0,71,0,1,3,0,4,0,6,69,0,75,0,0,0,75
10/21/2018,DWH,TX,ASW,CE,Towers with Radar,0,9,26,2,37,0,3,192,0,195,0,12,218,2,232,214,0,214,446
10/22/2018,DWH,TX,ASW,CE,Towers with Radar,0,10,38,1,49,0,4,125,1,130,0,14,163,2,179,220,0,220,399
10/23/2018,DWH,TX,ASW,CE,Towers with Radar,0,7,42,0,49,0,4,82,4,90,0,11,124,4,139,141,0,141,280
10/24/2018,DWH,TX,ASW,CE,Towers with Radar,0,10,50,0,60,0,1,3,0,4,0,11,53,0,64,11,0,11,75
10/25/2018,DWH,TX,ASW,CE,Towers with Radar,0,7,72,4,83,0,0,72,0,72,0,7,144,4,155,153,0,153,308
10/26/2018,DWH,TX,ASW,CE,Towers with Radar,0,9,52,0,61,0,0,212,1,213,0,9,264,1,274,228,0,228,502
10/27/2018,DWH,TX,ASW,CE,Towers with Radar,0,12,41,2,55,0,3,241,0,244,0,15,282,2,299,146,0,146,445
10/28/2018,DWH,TX,ASW,CE,Towers with Radar,0,13,49,0,62,0,0,153,0,153,0,13,202,0,215,172,0,172,387
10/29/2018,DWH,TX,ASW,CE,Towers with Radar,0,5,42,0,47,0,0,159,0,159,0,5,201,0,206,289,0,289,495
10/30/2018,DWH,TX,ASW,CE,Towers with Radar,0,10,47,2,59,0,0,175,2,177,0,10,222,4,236,176,0,176,412
10/31/2018,DWH,TX,ASW,CE,Towers with Radar,0,2,27,0,29,0,1,25,2,28,0,3,52,2,57,81,0,81,138
11/01/2018,DWH,TX,ASW,CE,Towers with Radar,0,3,30,1,34,0,5,135,1,141,0,8,165,2,175,173,0,173,348
11/02/2018,DWH,TX,ASW,CE,Towers with Radar,0,8,32,0,40,0,6,206,0,212,0,14,238,0,252,277,0,277,529
11/03/2018,DWH,TX,ASW,CE,Towers with Radar,0,5,40,1,46,0,6,201,2,209,0,11,241,3,255,249,0,249,504
11/04/2018,DWH,TX,ASW,CE,Towers with Radar,0,7,41,0,48,0,2,108,0,110,0,9,149,0,158,232,0,232,390
11/05/2018,DWH,TX,ASW,CE,Towers with Radar,0,15,49,2,66,0,1,106,3,110,0,16,155,5,176,109,0,109,285
11/06/2018,DWH,TX,ASW,CE,Towers with Radar,0,9,51,2,62,0,2,100,4,106,0,11,151,6,168,169,0,169,337
11/07/2018,DWH,TX,ASW,CE,Towers with Radar,0,14,60,5,79,0,5,62,0,67,0,19,122,5,146,203,0,203,349
11/08/2018,DWH,TX,ASW,CE,Towers with Radar,0,4,45,2,51,0,0,1,0,1,0,4,46,2,52,1,0,1,53
11/09/2018,DWH,TX,ASW,CE,Towers with Radar,0,11,61,0,72,0,3,18,0,21,0,14,79,0,93,48,0,48,141
11/10/2018,DWH,TX,ASW,CE,Towers with Radar,0,4,26,0,30,0,2,184,0,186,0,6,210,0,216,257,0,257,473
11/11/2018,DWH,TX,ASW,CE,Towers with Radar,0,5,29,0,34,0,0,31,0,31,0,5,60,0,65,142,0,142,207
11/12/2018,DWH,TX,ASW,CE,Towers with Radar,0,2,18,0,20,0,2,0,0,2,0,4,18,0,22,2,0,2,24
11/13/2018,DWH,TX,ASW,CE,Towers with Radar,0,3,31,2,36,0,1,75,0,76,0,4,106,2,112,194,0,194,306
11/14/2018,DWH,TX,ASW,CE,Towers with Radar,0,7,46,0,53,0,7,178,0,185,0,14,224,0,238,190,0,190,428
11/15/2018,DWH,TX,ASW,CE,Towers with Radar,0,4,49,1,54,0,8,218,0,226,0,12,267,1,280,140,0,140,420
11/16/2018,DWH,TX,ASW,CE,Towers with Radar,0,10,53,1,64,0,7,222,3,232,0,17,275,4,296,106,0,106,402
11/17/2018,DWH,TX,ASW,CE,Towers with Radar,0,9,36,0,45,0,0,224,0,224,0,9,260,0,269,264,0,264,533
11/18/2018,DWH,TX,ASW,CE,Towers with Radar,0,4,32,0,36,0,0,7,0,7,0,4,39,0,43,45,0,45,88
11/19/2018,DWH,TX,ASW,CE,Towers with Radar,0,12,51,4,67,0,3,5,0,8,0,15,56,4,75,0,0,0,75
11/20/2018,DWH,TX,ASW,CE,Towers with Radar,0,5,41,5,51,0,3,188,3,194,0,8,229,8,245,230,0,230,475
11/21/2018,DWH,TX,ASW,CE,Towers with Radar,0,6,26,0,32,0,4,158,0,162,0,10,184,0,194,232,0,232,426
11/22/2018,DWH,TX,ASW,CE,Towers with Radar,0,1,31,0,32,0,0,68,0,68,0,1,99,0,100,78,0,78,178
11/23/2018,DWH,TX,ASW,CE,Towers with Radar,0,2,34,0,36,0,0,88,0,88,0,2,122,0,124,247,0,247,371
11/24/2018,DWH,TX,ASW,CE,Towers with Radar,0,1,46,0,47,0,0,160,0,160,0,1,206,0,207,118,0,118,325
11/25/2018,DWH,TX,ASW,CE,Towers with Radar,0,4,41,0,45,0,1,67,0,68,0,5,108,0,113,113,0,113,226
11/26/2018,DWH,TX,ASW,CE,Towers with Radar,1,4,26,2,33,0,1,119,4,124,1,5,145,6,157,242,4,246,403
11/27/2018,DWH,TX,ASW,CE,Towers with Radar,0,3,38,6,47,0,1,167,1,169,0,4,205,7,216,186,0,186,402
11/28/2018,DWH,TX,ASW,CE,Towers with Radar,0,6,32,4,42,0,3,144,0,147,0,9,176,4,189,334,0,334,523
11/29/2018,DWH,TX,ASW,CE,Towers with Radar,0,12,72,0,84,0,4,23,0,27,0,16,95,0,111,59,0,59,170
11/30/2018,DWH,TX,ASW,CE,Towers with Radar,0,8,52,6,66,0,2,71,2,75,0,10,123,8,141,206,0,206,347
12/01/2018,DWH,TX,ASW,CE,Towers with Radar,0,7,19,2,28,0,5,152,1,158,0,12,171,3,186,148,0,148,334
12/02/2018,DWH,TX,ASW,CE,Towers with Radar,0,11,44,1,56,0,4,190,3,197,0,15,234,4,253,215,0,215,468
12/03/2018,DWH,TX,ASW,CE,Towers with Radar,0,5,27,0,32,0,2,128,3,133,0,7,155,3,165,229,0,229,394
12/04/2018,DWH,TX,ASW,CE,Towers with Radar,0,5,31,0,36,0,4,176,0,180,0,9,207,0,216,134,0,134,350
12/05/2018,DWH,TX,ASW,CE,Towers with Radar,0,16,39,0,55,0,5,164,0,169,0,21,203,0,224,218,0,218,442
12/06/2018,DWH,TX,ASW,CE,Towers with Radar,0,8,54,0,62,0,4,108,0,112,0,12,162,0,174,232,0,232,406
12/07/2018,DWH,TX,ASW,CE,Towers with Radar,0,11,23,0,34,0,2,3,0,5,0,13,26,0,39,104,0,104,143
12/08/2018,DWH,TX,ASW,CE,Towers with Radar,0,3,30,0,33,0,3,1,0,4,0,6,31,0,37,2,0,2,39
12/09/2018,DWH,TX,ASW,CE,Towers with Radar,0,3,33,0,36,0,8,17,0,25,0,11,50,0,61,274,0,274,335
12/10/2018,DWH,TX,ASW,CE,Towers with Radar,1,4,53,2,60,0,5,197,4,206,1,9,250,6,266,177,0,177,443
12/11/2018,DWH,TX,ASW,CE,Towers with Radar,0,12,58,1,71,0,2,198,0,200,0,14,256,1,271,215,0,215,486
12/12/2018,DWH,TX,ASW,CE,Towers with Radar,0,9,42,1,52,0,3,108,1,112,0,12,150,2,164,216,0,216,380
12/13/2018,DWH,TX,ASW,CE,Towers with Radar,0,6,32,4,42,0,0,80,0,80,0,6,112,4,122,252,0,252,374
12/14/2018,DWH,TX,ASW,CE,Towers with Radar,0,4,30,2,36,0,3,7,0,10,0,7,37,2,46,12,0,12,58
12/15/2018,DWH,TX,ASW,CE,Towers with Radar,0,2,27,2,31,0,7,167,0,174,0,9,194,2,205,210,0,210,415
12/16/2018,DWH,TX,ASW,CE,Towers with Radar,0,1,26,4,31,0,6,211,0,217,0,7,237,4,248,285,0,285,533
12/17/2018,DWH,TX,ASW,CE,Towers with Radar,0,4,45,1,50,0,5,181,1,187,0,9,226,2,237,164,0,164,401
12/18/2018,DWH,TX,ASW,CE,Towers with Radar,0,6,30,5,41,0,0,44,0,44,0,6,74,5,85,161,0,161,246
12/19/2018,DWH,TX,ASW,CE,Towers with Radar,0,5,43,1,49,0,2,42,1,45,0,7,85,2,94,206,0,206,300
12/20/2018,DWH,TX,ASW,CE,Towers with Radar,0,4,28,2,34,0,3,90,0,93,0,7,118,2,127,60,0,60,187
12/21/2018,DWH,TX,ASW,CE,Towers with Radar,0,12,40,2,54,0,1,222,2,225,0,13,262,4,279,206,0,206,485
12/22/2018,DWH,TX,ASW,CE,Towers with Radar,0,6,37,0,43,0,0,149,0,149,0,6,186,0,192,177,0,177,369
12/23/2018,DWH,TX,ASW,CE,Towers with Radar,0,5,16,0,21,0,1,155,1,157,0,6,171,1,178,200,0,200,378
12/24/2018,DWH,TX,ASW,CE,Towers with Radar,0,2,10,0,12,0,2,81,0,83,0,4,91,0,95,131,0,131,226
12/25/2018,DWH,TX,ASW,CE,Towers with Radar,0,8,7,0,15,0,1,11,0,12,0,9,18,0,27,8,0,8,35
12/26/2018,DWH,TX,ASW,CE,Towers with Radar,0,10,25,0,35,0,0,1,0,1,0,10,26,0,36,0,0,0,36
12/27/2018,DWH,TX,ASW,CE,Towers with Radar,0,8,27,3,38,0,0,78,1,79,0,8,105,4,117,0,0,0,117
12/28/2018,DWH,TX,ASW,CE,Towers with Radar,0,12,15,2,29,0,0,191,0,191,0,12,206,2,220,231,0,231,451
12/29/2018,DWH,TX,ASW,CE,Towers with Radar,0,6,26,2,34,0,2,57,0,59,0,8,83,2,93,164,0,164,257
12/30/2018,DWH,TX,ASW,CE,Towers with Radar,0,4,6,0,10,0,0,0,0,0,0,4,6,0,10,0,0,0,10
12/31/2018,DWH,TX,ASW,CE,Towers with Radar,0,1,14,0,15,0,4,86,0,90,0,5,100,0,105,166,0,166,271
01/01/2019,DWH,TX,ASW,CE,Towers with Radar,0,3,16,0,19,0,5,109,0,114,0,8,125,0,133,119,0,119,252
01/02/2019,DWH,TX,ASW,CE,Towers with Radar,0,6,21,0,27,0,0,0,0,0,0,6,21,0,27,0,0,0,27
01/03/2019,DWH,TX,ASW,CE,Towers with Radar,0,7,26,0,33,0,7,13,0,20,0,14,39,0,53,4,0,4,57
01/04/2019,DWH,TX,ASW,CE,Towers with Radar,0,2,29,0,31,0,6,222,1,229,0,8,251,1,260,176,0,176,436
01/05/2019,DWH,TX,ASW,CE,Towers with Radar,0,1,21,4,26,0,2,237,0,239,0,3,258,4,265,170,0,170,435
01/06/2019,DWH,TX,ASW,CE,Towers with Radar,0,9,31,0,40,0,3,157,0,160,0,12,188,0,200,183,0,183,383
01/07/2019,DWH,TX,ASW,CE,Towers with Radar,0,4,31,0,35,0,2,102,0,104,0,6,133,0,139,193,0,193,332
01/08/2019,DWH,TX,ASW,CE,Towers with Radar,0,9,45,1,55,0,5,97,0,102,0,14,142,1,157,325,0,325,482
01/09/2019,DWH,TX,ASW,CE,Towers with Radar,0,5,31,2,38,0,9,173,0,182,0,14,204,2,220,89,0,89,309
01/10/2019,DWH,TX,ASW,CE,Towers with Radar,0,4,40,6,50,0,6,182,0,188,0,10,222,6,238,266,0,266,504
01/11/2019,DWH,TX,ASW,CE,Towers with Radar,0,4,37,1,42,0,2,172,3,177,0,6,209,4,219,144,0,144,363
01/12/2019,DWH,TX,ASW,CE,Towers with Radar,0,4,23,0,27,0,2,140,3,145,0,6,163,3,172,96,0,96,268
01/13/2019,DWH,TX,ASW,CE,Towers with Radar,0,5,34,4,43,0,4,199,0,203,0,9,233,4,246,265,0,265,511
01/14/2019,DWH,TX,ASW,CE,Towers with Radar,0,5,36,6,47,0,3,144,0,147,0,8,180,6,194,228,0,228,422
01/15/2019,DWH,TX,ASW,CE,Towers with Radar,0,5,38,2,45,0,3,172,0,175,0,8,210,2,220,192,0,192,412
01/16/2019,DWH,TX,ASW,CE,Towers with Radar,0,7,43,0,50,0,6,19,0,25,0,13,62,0,75,115,0,115,190
01/17/2019,DWH,TX,ASW,CE,Towers with Radar,0,7,74,0,81,0,6,87,0,93,0,13,161,0,174,103,0,103,277
01/18/2019,DWH,TX,ASW,CE,Towers with Radar,0,9,42,0,51,0,4,3,0,7,0,13,45,0,58,21,0,21,79
01/19/2019,DWH,TX,ASW,CE,Towers with Radar,0,2,16,1,19,0,2,23,1,26,0,4,39,2,45,0,0,0,45
01/20/2019,DWH,TX,ASW,CE,Towers with Radar,0,1,35,0,36,0,1,205,0,206,0,2,240,0,242,239,0,239,481
01/21/2019,DWH,TX,ASW,CE,Towers with Radar,0,3,54,0,57,0,0,159,0,159,0,3,213,0,216,117,0,117,333
01/22/2019,DWH,TX,ASW,CE,Towers with Radar,0,3,24,0,27,0,4,65,2,71,0,7,89,2,98,68,0,68,166
01/23/2019,DWH,TX,ASW,CE,Towers with Radar,0,3,28,4,35,0,2,77,0,79,0,5,105,4,114,82,0,82,196
01/24/2019,DWH,TX,ASW,CE,Towers with Radar,0,6,56,0,62,0,4,238,1,243,0,10,294,1,305,220,2,222,527
01/25/2019,DWH,TX,ASW,CE,Towers with Radar,0,6,43,4,53,0,5,192,0,197,0,11,235,4,250,187,0,187,437
01/26/2019,DWH,TX,ASW,CE,Towers with Radar,0,3,25,0,28,0,6,150,0,156,0,9,175,0,184,219,0,219,403
01/27/2019,DWH,TX,ASW,CE,Towers with Radar,0,4,43,0,47,0,2,196,0,198,0,6,239,0,245,255,0,255,500
01/28/2019,DWH,TX,ASW,CE,Towers with Radar,0,6,44,0,50,0,0,137,1,138,0,6,181,1,188,167,0,167,355
01/29/2019,DWH,TX,ASW,CE,Towers with Radar,0,0,39,1,40,0,2,127,4,133,0,2,166,5,173,176,3,179,352
01/30/2019,DWH,TX,ASW,CE,Towers with Radar,0,5,42,4,51,0,3,186,3,192,0,8,228,7,243,182,0,182,425
01/31/2019,DWH,TX,ASW,CE,Towers with Radar,0,11,55,4,70,0,1,37,0,38,0,12,92,4,108,165,0,165,273
02/01/2019,DWH,TX,ASW,CE,Towers with Radar,0,7,36,0,43,0,4,15,1,20,0,11,51,1,63,56,0,56,119
02/02/2019,DWH,TX,ASW,CE,Towers with Radar,0,6,47,0,53,0,2,9,0,11,0,8,56,0,64,34,0,34,98
02/03/2019,DWH,TX,ASW,CE,Towers with Radar,1,10,35,0,46,0,1,7,0,8,1,11,42,0,54,14,0,14,68
02/04/2019,DWH,TX,ASW,CE,Towers with Radar,0,9,51,0,60,0,0,35,0,35,0,9,86,0,95,87,0,87,182
02/05/2019,DWH,TX,ASW,CE,Towers with Radar,0,8,60,0,68,0,2,36,0,38,0,10,96,0,106,250,0,250,356
02/06/2019,DWH,TX,ASW,CE,Towers with Radar,0,8,66,2,76,0,7,71,3,81,0,15,137,5,157,169,2,171,328
02/07/2019,DWH,TX,ASW,CE,Towers with Radar,0,7,54,0,61,0,4,56,0,60,0,11,110,0,121,104,0,104,225
02/08/2019,DWH,TX,ASW,CE,Towers with Radar,0,4,49,1,54,0,2,114,2,118,0,6,163,3,172,110,0,110,282
02/09/2019,DWH,TX,ASW,CE,Towers with Radar,0,5,22,0,27,0,0,115,2,117,0,5,137,2,144,259,0,259,403
02/10/2019,DWH,TX,ASW,CE,Towers with Radar,0,9,39,0,48,0,4,22,1,27,0,13,61,1,75,40,0,40,115
02/11/2019,DWH,TX,ASW,CE,Towers with Radar,0,9,47,1,57,0,2,27,0,29,0,11,74,1,86,68,0,68,154
02/12/2019,DWH,TX,ASW,CE,Towers with Radar,0,9,45,0,54,0,3,220,0,223,0,12,265,0,277,102,0,102,379
02/13/2019,DWH,TX,ASW,CE,Towers with Radar,0,8,60,2,70,0,2,250,0,252,0,10,310,2,322,170,0,170,492
02/14/2019,DWH,TX,ASW,CE,Towers with Radar,0,7,47,2,56,0,2,114,0,116,0,9,161,2,172,98,0,98,270
02/15/2019,DWH,TX,ASW,CE,Towers with Radar,0,2,39,0,41,0,4,135,0,139,0,6,174,0,180,165,0,165,345
02/16/2019,DWH,TX,ASW,CE,Towers with Radar,0,3,52,0,55,0,8,24,0,32,0,11,76,0,87,142,0,142,229
02/17/2019,DWH,TX,ASW,CE,Towers with Radar,0,5,35,0,40,0,6,103,0,109,0,11,138,0,149,121,0,121,270
02/18/2019,DWH,TX,ASW,CE,Towers with Radar,0,7,39,0,46,0,2,175,2,179,0,9,214,2,225,231,0,231,456
02/19/2019,DWH,TX,ASW,CE,Towers with Radar,0,5,20,0,25,0,0,1,0,1,0,5,21,0,26,5,0,5,31
02/20/2019,DWH,TX,ASW,CE,Towers with Radar,0,5,101,5,111,0,0,196,3,199,0,5,297,8,310,321,0,321,631
02/21/2019,DWH,TX,ASW,CE,Towers with Radar,0,6,41,0,47,0,0,0,0,0,0,6,41,0,47,0,0,0,47
02/22/2019,DWH,TX,ASW,CE,Towers with Radar,0,7,11,0,18,0,0,0,0,0,0,7,11,0,18,0,0,0,18
02/23/2019,DWH,TX,ASW,CE,Towers with Radar,0,4,27,0,31,0,2,74,0,76,0,6,101,0,107,119,0,119,226
02/24/2019,DWH,TX,ASW,CE,Towers with Radar,0,6,42,2,50,0,3,277,2,282,0,9,319,4,332,229,0,229,561
02/25/2019,DWH,TX,ASW,CE,Towers with Radar,0,6,39,0,45,0,2,130,4,136,0,8,169,4,181,178,0,178,359
02/26/2019,DWH,TX,ASW,CE,Towers with Radar,1,6,26,1,34,0,0,0,0,0,1,6,26,1,34,0,0,0,34
02/27/2019,DWH,TX,ASW,CE,Towers with Radar,0,5,53,2,60,0,0,2,0,2,0,5,55,2,62,4,0,4,66
02/28/2019,DWH,TX,ASW,CE,Towers with Radar,0,5,22,0,27,0,0,0,0,0,0,5,22,0,27,0,0,0,27
03/01/2019,DWH,TX,ASW,CE,Towers with Radar,0,4,112,0,116,0,5,19,0,24,0,9,131,0,140,175,0,175,315
03/02/2019,DWH,TX,ASW,CE,Towers with Radar,0,5,33,1,39,0,3,14,0,17,0,8,47,1,56,79,0,79,135
03/03/2019,DWH,TX,ASW,CE,Towers with Radar,0,7,30,0,37,0,7,11,0,18,0,14,41,0,55,90,0,90,145
03/04/2019,DWH,TX,ASW,CE,Towers with Radar,0,0,28,0,28,0,4,80,0,84,0,4,108,0,112,182,0,182,294
03/05/2019,DWH,TX,ASW,CE,Towers with Radar,0,2,41,2,45,0,3,206,0,209,0,5,247,2,254,194,0,194,448
03/06/2019,DWH,TX,ASW,CE,Towers with Radar,0,7,35,1,43,0,4,222,2,228,0,11,257,3,271,104,0,104,375
03/07/2019,DWH,TX,ASW,CE,Towers with Radar,0,9,69,0,78,0,3,17,0,20,0,12,86,0,98,45,0,45,143
03/08/2019,DWH,TX,ASW,CE,Towers with Radar,0,11,37,0,48,0,6,54,0,60,0,17,91,0,108,63,0,63,171
03/09/2019,DWH,TX,ASW,CE,Towers with Radar,0,7,29,0,36,0,13,72,1,86,0,20,101,1,122,268,0,268,390
03/10/2019,DWH,TX,ASW,CE,Towers with Radar,0,5,32,0,37,0,6,63,0,69,0,11,95,0,106,157,0,157,263
03/11/2019,DWH,TX,ASW,CE,Towers with Radar,0,3,31,0,34,0,3,57,0,60,0,6,88,0,94,156,0,156,250
03/12/2019,DWH,TX,ASW,CE,Towers with Radar,0,4,23,0,27,0,1,4,0,5,0,5,27,0,32,26,0,26,58
03/13/2019,DWH,TX,ASW,CE,Towers with Radar,0,5,27,0,32,0,3,14,0,17,0,8,41,0,49,85,0,85,134
03/14/2019,DWH,TX,ASW,CE,Towers with Radar,0,6,32,1,39,0,3,189,1,193,0,9,221,2,232,166,0,166,398
03/15/2019,DWH,TX,ASW,CE,Towers with Radar,0,6,32,4,42,0,2,209,3,214,0,8,241,7,256,173,0,173,429
03/16/2019,DWH,TX,ASW,CE,Towers with Radar,0,8,40,0,48,0,3,225,1,229,0,11,265,1,277,215,0,215,492
03/17/2019,DWH,TX,ASW,CE,Towers with Radar,0,12,31,1,44,0,4,224,0,228,0,16,255,1,272,170,0,170,442
03/18/2019,DWH,TX,ASW,CE,Towers with Radar,0,5,34,0,39,0,0,152,2,154,0,5,186,2,193,166,0,166,359
03/19/2019,DWH,TX,ASW,CE,Towers with Radar,0,4,37,6,47,0,2,179,1,182,0,6,216,7,229,163,0,163,392
03/20/2019,DWH,TX,ASW,CE,Towers with Radar,0,10,46,0,56,0,3,242,0,245,0,13,288,0,301,177,0,177,478
03/21/2019,DWH,TX,ASW,CE,Towers with Radar,0,4,52,2,58,0,3,235,2,240,0,7,287,4,298,184,0,184,482
03/22/2019,DWH,TX,ASW,CE,Towers with Radar,0,6,54,0,60,0,2,232,0,234,0,8,286,0,294,217,0,217,511
03/23/2019,DWH,TX,ASW,CE,Towers with Radar,0,4,26,8,38,0,3,164,3,170,0,7,190,11,208,194,2,196,404
03/24/2019,DWH,TX,ASW,CE,Towers with Radar,0,2,66,9,77,0,0,80,0,80,0,2,146,9,157,248,0,248,405
03/25/2019,DWH,TX,ASW,CE,Towers with Radar,0,15,67,0,82,0,2,73,0,75,0,17,140,0,157,154,0,154,311
03/26/2019,DWH,TX,ASW,CE,Towers with Radar,0,3,39,3,45,0,3,192,7,202,0,6,231,10,247,245,0,245,492
03/27/2019,DWH,TX,ASW,CE,Towers with Radar,0,10,49,0,59,0,4,196,0,200,0,14,245,0,259,199,0,199,458
03/28/2019,DWH,TX,ASW,CE,Towers with Radar,0,8,57,2,67,0,3,155,1,159,0,11,212,3,226,105,0,105,331
03/29/2019,DWH,TX,ASW,CE,Towers with Radar,0,3,40,4,47,0,2,124,3,129,0,5,164,7,176,219,0,219,395
03/30/2019,DWH,TX,ASW,CE,Towers with Radar,0,5,82,2,89,0,0,33,0,33,0,5,115,2,122,114,0,114,236
03/31/2019,DWH,TX,ASW,CE,Towers with Radar,0,4,28,4,36,0,0,136,5,141,0,4,164,9,177,213,0,213,390
04/01/2019,DWH,TX,ASW,CE,Towers with Radar,0,4,39,4,47,0,4,165,2,171,0,8,204,6,218,161,6,167,385
04/02/2019,DWH,TX,ASW,CE,Towers with Radar,0,6,39,3,48,0,4,194,0,198,0,10,233,3,246,335,0,335,581
04/03/2019,DWH,TX,ASW,CE,Towers with Radar,0,6,50,1,57,0,3,116,0,119,0,9,166,1,176,98,0,98,274
04/04/2019,DWH,TX,ASW,CE,Towers with Radar,0,10,54,2,66,0,3,47,0,50,0,13,101,2,116,34,0,34,150
04/05/2019,DWH,TX,ASW,CE,Towers with Radar,0,6,45,1,52,0,3,53,0,56,0,9,98,1,108,185,0,185,293
04/06/2019,DWH,TX,ASW,CE,Towers with Radar,0,0,49,0,49,0,0,25,0,25,0,0,74,0,74,80,0,80,154
04/07/2019,DWH,TX,ASW,CE,Towers with Radar,0,8,21,2,31,0,4,38,0,42,0,12,59,2,73,132,0,132,205
04/08/2019,DWH,TX,ASW,CE,Towers with Radar,0,7,36,11,54,0,4,147,1,152,0,11,183,12,206,175,0,175,381
04/09/2019,DWH,TX,ASW,CE,Towers with Radar,0,2,54,4,60,0,3,221,1,225,0,5,275,5,285,286,0,286,571
04/10/2019,DWH,TX,ASW,CE,Towers with Radar,0,9,48,5,62,0,4,124,1,129,0,13,172,6,191,162,0,162,353
04/11/2019,DWH,TX,ASW,CE,Towers with Radar,0,6,54,4,64,0,3,119,2,124,0,9,173,6,188,261,0,261,449
04/12/2019,DWH,TX,ASW,CE,Towers with Radar,0,4,50,1,55,0,3,123,1,127,0,7,173,2,182,177,0,177,359
04/13/2019,DWH,TX,ASW,CE,Towers with Radar,0,0,36,0,36,0,3,24,1,28,0,3,60,1,64,18,0,18,82
04/14/2019,DWH,TX,ASW,CE,Towers with Radar,0,4,27,2,33,0,2,210,2,214,0,6,237,4,247,127,0,127,374
04/15/2019,DWH,TX,ASW,CE,Towers with Radar,0,7,54,1,62,0,4,190,1,195,0,11,244,2,257,195,2,197,454
04/16/2019,DWH,TX,ASW,CE,Towers with Radar,0,8,69,1,78,0,0,149,1,150,0,8,218,2,228,202,0,202,430
04/17/2019,DWH,TX,ASW,CE,Towers with Radar,0,8,42,0,50,0,0,12,0,12,0,8,54,0,62,66,0,66,128
04/18/2019,DWH,TX,ASW,CE,Towers with Radar,0,15,47,0,62,0,3,79,0,82,0,18,126,0,144,38,0,38,182
04/19/2019,DWH,TX,ASW,CE,Towers with Radar,0,8,52,0,60,0,0,154,0,154,0,8,206,0,214,129,0,129,343
04/20/2019,DWH,TX,ASW,CE,Towers with Radar,0,3,27,1,31,0,0,267,0,267,0,3,294,1,298,257,0,257,555
04/21/2019,DWH,TX,ASW,CE,Towers with Radar,0,7,29,1,37,0,3,147,0,150,0,10,176,1,187,145,0,145,332
04/22/2019,DWH,TX,ASW,CE,Towers with Radar,0,6,65,1,72,0,2,149,1,152,0,8,214,2,224,219,0,219,443
04/23/2019,DWH,TX,ASW,CE,Towers with Radar,0,3,45,1,49,0,2,50,5,57,0,5,95,6,106,251,0,251,357
04/24/2019,DWH,TX,ASW,CE,Towers with Radar,0,9,27,0,36,0,0,24,0,24,0,9,51,0,60,39,0,39,99
04/25/2019,DWH,TX,ASW,CE,Towers with Radar,0,7,55,2,64,0,2,146,3,151,0,9,201,5,215,176,2,178,393
04/26/2019,DWH,TX,ASW,CE,Towers with Radar,0,6,37,3,46,0,0,233,0,233,0,6,270,3,279,191,0,191,470
04/27/2019,DWH,TX,ASW,CE,Towers with Radar,0,3,31,0,34,0,2,217,2,221,0,5,248,2,255,260,0,260,515
04/28/2019,DWH,TX,ASW,CE,Towers with Radar,0,2,41,3,46,0,2,177,1,180,0,4,218,4,226,242,0,242,468
04/29/2019,DWH,TX,ASW,CE,Towers with Radar,0,4,35,1,40,0,0,121,0,121,0,4,156,1,161,294,6,300,461
04/30/2019,DWH,TX,ASW,CE,Towers with Radar,0,7,60,1,68,0,0,64,0,64,0,7,124,1,132,156,0,156,288
05/01/2019,DWH,TX,ASW,CE,Towers with Radar,0,8,57,2,67,0,4,80,1,85,0,12,137,3,152,183,4,187,339
05/02/2019,DWH,TX,ASW,CE,Towers with Radar,0,6,41,0,47,0,5,92,2,99,0,11,133,2,146,100,0,100,246
05/03/2019,DWH,TX,ASW,CE,Towers with Radar,0,4,20,1,25,0,0,11,0,11,0,4,31,1,36,36,6,42,78
05/04/2019,DWH,TX,ASW,CE,Towers with Radar,0,4,38,2,44,0,6,204,0,210,0,10,242,2,254,227,10,237,491
05/05/2019,DWH,TX,ASW,CE,Towers with Radar,0,6,43,1,50,0,0,221,0,221,0,6,264,1,271,285,0,285,556
05/06/2019,DWH,TX,ASW,CE,Towers with Radar,0,8,36,0,44,0,8,142,2,152,0,16,178,2,196,278,0,278,474
05/07/2019,DWH,TX,ASW,CE,Towers with Radar,0,6,35,0,41,0,2,13,0,15,0,8,48,0,56,76,0,76,132
05/08/2019,DWH,TX,ASW,CE,Towers with Radar,0,2,35,1,38,0,4,36,0,40,0,6,71,1,78,110,0,110,188
05/09/2019,DWH,TX,ASW,CE,Towers with Radar,0,5,53,1,59,0,4,26,0,30,0,9,79,1,89,90,0,90,179
05/10/2019,DWH,TX,ASW,CE,Towers with Radar,0,5,42,0,47,0,4,20,0,24,0,9,62,0,71,60,0,60,131
05/11/2019,DWH,TX,ASW,CE,Towers with Radar,0,4,27,0,31,0,0,0,0,0,0,4,27,0,31,18,0,18,49
05/12/2019,DWH,TX,ASW,CE,Towers with Radar,0,6,44,8,58,0,4,136,2,142,0,10,180,10,200,296,0,296,496
05/13/2019,DWH,TX,ASW,CE,Towers with Radar,0,4,27,0,31,0,5,205,2,212,0,9,232,2,243,200,0,200,443
05/14/2019,DWH,TX,ASW,CE,Towers with Radar,0,5,31,4,40,0,5,182,3,190,0,10,213,7,230,132,0,132,362
05/15/2019,DWH,TX,ASW,CE,Towers with Radar,1,4,54,7,66,0,9,181,2,192,1,13,235,9,258,238,0,238,496
05/16/2019,DWH,TX,ASW,CE,Towers with Radar,0,6,62,0,68,0,2,191,0,193,0,8,253,0,261,243,0,243,504
05/17/2019,DWH,TX,ASW,CE,Towers with Radar,0,9,55,4,68,0,3,100,0,103,0,12,155,4,171,185,0,185,356
05/18/2019,DWH,TX,ASW,CE,Towers with Radar,0,0,34,1,35,0,1,38,0,39,0,1,72,1,74,238,0,238,312
05/19/2019,DWH,TX,ASW,CE,Towers with Radar,0,7,52,1,60,0,0,100,0,100,0,7,152,1,160,257,0,257,417
05/20/2019,DWH,TX,ASW,CE,Towers with Radar,0,11,48,0,59,0,0,70,3,73,0,11,118,3,132,117,0,117,249
05/21/2019,DWH,TX,ASW,CE,Towers with Radar,0,17,40,0,57,0,4,58,0,62,0,21,98,0,119,85,0,85,204
05/22/2019,DWH,TX,ASW,CE,Towers with Radar,0,15,65,2,82,0,0,115,6,121,0,15,180,8,203,180,0,180,383
05/23/2019,DWH,TX,ASW,CE,Towers with Radar,0,14,51,3,68,0,7,110,5,122,0,21,161,8,190,209,0,209,399
05/24/2019,DWH,TX,ASW,CE,Towers with Radar,0,6,60,2,68,0,0,149,1,150,0,6,209,3,218,280,0,280,498
05/25/2019,DWH,TX,ASW,CE,Towers with Radar,0,3,45,0,48,0,0,189,0,189,0,3,234,0,237,198,0,198,435
05/26/2019,DWH,TX,ASW,CE,Towers with Radar,0,6,33,0,39,0,0,153,2,155,0,6,186,2,194,174,0,174,368
05/27/2019,DWH,TX,ASW,CE,Towers with Radar,0,3,35,4,42,0,0,170,0,170,0,3,205,4,212,146,0,146,358
05/28/2019,DWH,TX,ASW,CE,Towers with Radar,0,2,29,4,35,0,2,129,1,132,0,4,158,5,167,148,0,148,315
05/29/2019,DWH,TX,ASW,CE,Towers with Radar,0,3,67,0,70,0,2,123,3,128,0,5,190,3,198,204,0,204,402
05/30/2019,DWH,TX,ASW,CE,Towers with Radar,0,1,45,0,46,0,2,77,0,79,0,3,122,0,125,161,0,161,286
05/31/2019,DWH,TX,ASW,CE,Towers with Radar,0,3,51,1,55,0,2,130,1,133,0,5,181,2,188,228,0,228,416
06/01/2019,DWH,TX,ASW,CE,Towers with Radar,0,6,31,2,39,0,3,182,2,187,0,9,213,4,226,224,0,224,450
06/02/2019,DWH,TX,ASW,CE,Towers with Radar,0,4,41,4,49,0,5,146,2,153,0,9,187,6,202,177,0,177,379
06/03/2019,DWH,TX,ASW,CE,Towers with Radar,0,3,43,0,46,0,4,117,0,121,0,7,160,0,167,273,0,273,440
06/04/2019,DWH,TX,ASW,CE,Towers with Radar,0,9,45,0,54,0,1,135,3,139,0,10,180,3,193,152,0,152,345
06/05/2019,DWH,TX,ASW,CE,Towers with Radar,0,19,12,0,31,0,0,3,0,3,0,19,15,0,34,0,0,0,34
06/06/2019,DWH,TX,ASW,CE,Towers with Radar,0,6,32,0,38,0,4,136,1,141,0,10,168,1,179,84,0,84,263
06/07/2019,DWH,TX,ASW,CE,Towers with Radar,0,2,48,2,52,0,3,170,0,173,0,5,218,2,225,338,4,342,567
06/08/2019,DWH,TX,ASW,CE,Towers with Radar,0,1,24,0,25,0,3,267,0,270,0,4,291,0,295,198,0,198,493
06/09/2019,DWH,TX,ASW,CE,Towers with Radar,0,2,30,2,34,0,4,169,0,173,0,6,199,2,207,177,0,177,384
06/10/2019,DWH,TX,ASW,CE,Towers with Radar,0,7,32,0,39,0,4,152,6,162,0,11,184,6,201,261,5,266,467
06/11/2019,DWH,TX,ASW,CE,Towers with Radar,0,2,22,1,25,0,2,145,0,147,0,4,167,1,172,213,0,213,385
06/12/2019,DWH,TX,ASW,CE,Towers with Radar,0,7,52,4,63,0,2,167,0,169,0,9,219,4,232,220,0,220,452
06/13/2019,DWH,TX,ASW,CE,Towers with Radar,0,5,27,0,32,0,2,209,0,211,0,7,236,0,243,198,0,198,441
06/14/2019,DWH,TX,ASW,CE,Towers with Radar,0,8,27,0,35,0,3,156,1,160,0,11,183,1,195,213,0,213,408
06/15/2019,DWH,TX,ASW,CE,Towers with Radar,0,7,39,0,46,0,5,116,0,121,0,12,155,0,167,233,0,233,400
06/16/2019,DWH,TX,ASW,CE,Towers with Radar,0,5,14,0,19,0,0,43,0,43,0,5,57,0,62,57,0,57,119
06/17/2019,DWH,TX,ASW,CE,Towers with Radar,0,14,28,0,42,0,0,127,2,129,0,14,155,2,171,264,0,264,435
06/18/2019,DWH,TX,ASW,CE,Towers with Radar,0,8,46,1,55,0,3,138,0,141,0,11,184,1,196,346,0,346,542
06/19/2019,DWH,TX,ASW,CE,Towers with Radar,0,5,75,1,81,0,2,140,1,143,0,7,215,2,224,281,0,281,505
06/20/2019,DWH,TX,ASW,CE,Towers with Radar,0,13,59,1,73,0,0,143,0,143,0,13,202,1,216,291,0,291,507
06/21/2019,DWH,TX,ASW,CE,Towers with Radar,0,8,42,3,53,0,2,146,2,150,0,10,188,5,203,318,0,318,521
06/22/2019,DWH,TX,ASW,CE,Towers with Radar,0,10,27,2,39,0,0,137,0,137,0,10,164,2,176,252,8,260,436
06/23/2019,DWH,TX,ASW,CE,Towers with Radar,0,10,14,1,25,0,0,74,0,74,0,10,88,1,99,299,0,299,398
06/24/2019,DWH,TX,ASW,CE,Towers with Radar,0,2,29,1,32,0,1,82,4,87,0,3,111,5,119,215,0,215,334
06/25/2019,DWH,TX,ASW,CE,Towers with Radar,0,12,44,0,56,0,1,60,4,65,0,13,104,4,121,79,0,79,200
06/26/2019,DWH,TX,ASW,CE,Towers with Radar,0,3,52,4,59,0,2,110,2,114,0,5,162,6,173,218,0,218,391
06/27/2019,DWH,TX,ASW,CE,Towers with Radar,1,2,45,0,48,0,2,63,1,66,1,4,108,1,114,97,0,97,211
06/28/2019,DWH,TX,ASW,CE,Towers with Radar,0,8,59,1,68,0,0,136,2,138,0,8,195,3,206,216,0,216,422
06/29/2019,DWH,TX,ASW,CE,Towers with Radar,0,6,34,0,40,0,0,91,0,91,0,6,125,0,131,236,0,236,367
06/30/2019,DWH,TX,ASW,CE,Towers with Radar,0,5,29,0,34,0,0,111,0,111,0,5,140,0,145,369,0,369,514
07/01/2019,DWH,TX,ASW,CE,Towers with Radar,0,1,38,1,40,0,4,166,1,171,0,5,204,2,211,187,2,189,400
07/02/2019,DWH,TX,ASW,CE,Towers with Radar,0,6,46,0,52,0,2,68,0,70,0,8,114,0,122,160,0,160,282
07/03/2019,DWH,TX,ASW,CE,Towers with Radar,0,6,46,0,52,0,3,85,0,88,0,9,131,0,140,322,0,322,462
07/04/2019,DWH,TX,ASW,CE,Towers with Radar,0,3,24,0,27,0,4,133,0,137,0,7,157,0,164,250,6,256,420
07/05/2019,DWH,TX,ASW,CE,Towers with Radar,0,2,37,0,39,0,3,129,0,132,0,5,166,0,171,271,0,271,442
07/06/2019,DWH,TX,ASW,CE,Towers with Radar,0,1,26,0,27,0,4,187,0,191,0,5,213,0,218,221,0,221,439
07/07/2019,DWH,TX,ASW,CE,Towers with Radar,0,6,34,2,42,0,7,145,1,153,0,13,179,3,195,194,0,194,389
07/08/2019,DWH,TX,ASW,CE,Towers with Radar,0,3,42,0,45,0,7,129,2,138,0,10,171,2,183,155,0,155,338
07/09/2019,DWH,TX,ASW,CE,Towers with Radar,0,3,35,2,40,0,3,153,3,159,0,6,188,5,199,184,0,184,383
07/10/2019,DWH,TX,ASW,CE,Towers with Radar,0,5,42,1,48,0,4,176,2,182,0,9,218,3,230,257,0,257,487
07/11/2019,DWH,TX,ASW,CE,Towers with Radar,0,4,33,4,41,0,3,196,0,199,0,7,229,4,240,270,0,270,510
07/12/2019,DWH,TX,ASW,CE,Towers with Radar,1,10,40,1,52,0,6,173,1,180,1,16,213,2,232,181,0,181,413
07/13/2019,DWH,TX,ASW,CE,Towers with Radar,0,3,28,1,32,0,0,168,3,171,0,3,196,4,203,186,0,186,389
07/14/2019,DWH,TX,ASW,CE,Towers with Radar,0,5,27,2,34,0,1,81,0,82,0,6,108,2,116,242,0,242,358
07/15/2019,DWH,TX,ASW,CE,Towers with Radar,0,9,29,0,38,0,2,50,0,52,0,11,79,0,90,83,0,83,173
07/16/2019,DWH,TX,ASW,CE,Towers with Radar,0,7,38,5,50,0,0,135,0,135,0,7,173,5,185,142,0,142,327
07/17/2019,DWH,TX,ASW,CE,Towers with Radar,0,2,65,0,67,0,0,110,0,110,0,2,175,0,177,84,0,84,261
07/18/2019,DWH,TX,ASW,CE,Towers with Radar,0,9,59,4,72,0,0,159,1,160,0,9,218,5,232,171,0,171,403
07/19/2019,DWH,TX,ASW,CE,Towers with Radar,0,3,38,1,42,0,0,147,3,150,0,3,185,4,192,221,0,221,413
07/20/2019,DWH,TX,ASW,CE,Towers with Radar,0,2,28,0,30,0,0,185,0,185,0,2,213,0,215,267,0,267,482
07/21/2019,DWH,TX,ASW,CE,Towers with Radar,0,3,31,0,34,0,0,105,0,105,0,3,136,0,139,122,0,122,261
07/22/2019,DWH,TX,ASW,CE,Towers with Radar,0,5,39,0,44,0,2,121,2,125,0,7,160,2,169,186,2,188,357
07/23/2019,DWH,TX,ASW,CE,Towers with Radar,0,4,34,0,38,0,2,85,1,88,0,6,119,1,126,299,0,299,425
07/24/2019,DWH,TX,ASW,CE,Towers with Radar,0,7,36,0,43,0,0,198,0,198,0,7,234,0,241,201,0,201,442
07/25/2019,DWH,TX,ASW,CE,Towers with Radar,0,4,45,0,49,0,0,187,3,190,0,4,232,3,239,103,0,103,342
07/26/2019,DWH,TX,ASW,CE,Towers with Radar,0,5,30,2,37,0,3,156,0,159,0,8,186,2,196,241,0,241,437
07/27/2019,DWH,TX,ASW,CE,Towers with Radar,0,3,33,0,36,0,1,142,0,143,0,4,175,0,179,264,0,264,443
07/28/2019,DWH,TX,ASW,CE,Towers with Radar,0,2,35,0,37,0,0,67,0,67,0,2,102,0,104,118,0,118,222
07/29/2019,DWH,TX,ASW,CE,Towers with Radar,0,1,31,0,32,0,3,99,0,102,0,4,130,0,134,100,0,100,234
07/30/2019,DWH,TX,ASW,CE,Towers with Radar,0,9,39,0,48,0,3,106,0,109,0,12,145,0,157,199,0,199,356
07/31/2019,DWH,TX,ASW,CE,Towers with Radar,0,6,33,1,40,0,0,127,2,129,0,6,160,3,169,177,0,177,346
08/01/2019,DWH,TX,ASW,CE,Towers with Radar,0,4,29,1,34,0,5,163,1,169,0,9,192,2,203,198,0,198,401
08/02/2019,DWH,TX,ASW,CE,Towers with Radar,0,4,29,0,33,0,5,152,3,160,0,9,181,3,193,199,24,223,416
08/03/2019,DWH,TX,ASW,CE,Towers with Radar,0,2,22,2,26,0,10,106,0,116,0,12,128,2,142,299,0,299,441
08/04/2019,DWH,TX,ASW,CE,Towers with Radar,0,5,29,0,34,0,6,85,0,91,0,11,114,0,125,218,0,218,343
08/05/2019,DWH,TX,ASW,CE,Towers with Radar,0,6,42,2,50,0,4,128,2,134,0,10,170,4,184,251,0,251,435
08/06/2019,DWH,TX,ASW,CE,Towers with Radar,0,6,32,1,39,0,0,143,1,144,0,6,175,2,183,135,0,135,318
08/07/2019,DWH,TX,ASW,CE,Towers with Radar,0,6,46,2,54,0,8,136,0,144,0,14,182,2,198,222,0,222,420
08/08/2019,DWH,TX,ASW,CE,Towers with Radar,0,5,47,2,54,0,2,133,2,137,0,7,180,4,191,234,0,234,425
08/09/2019,DWH,TX,ASW,CE,Towers with Radar,0,1,33,4,38,0,3,168,0,171,0,4,201,4,209,180,0,180,389
08/10/2019,DWH,TX,ASW,CE,Towers with Radar,0,7,27,0,34,0,4,150,2,156,0,11,177,2,190,274,0,274,464
08/11/2019,DWH,TX,ASW,CE,Towers with Radar,0,8,34,3,45,0,7,187,0,194,0,15,221,3,239,150,0,150,389
08/12/2019,DWH,TX,ASW,CE,Towers with Radar,0,1,41,6,48,0,3,149,5,157,0,4,190,11,205,192,0,192,397
08/13/2019,DWH,TX,ASW,CE,Towers with Radar,0,8,29,5,42,0,1,131,4,136,0,9,160,9,178,149,0,149,327
08/14/2019,DWH,TX,ASW,CE,Towers with Radar,0,3,51,0,54,0,3,80,0,83,0,6,131,0,137,113,0,113,250
08/15/2019,DWH,TX,ASW,CE,Towers with Radar,0,6,43,3,52,0,0,170,4,174,0,6,213,7,226,196,0,196,422
08/16/2019,DWH,TX,ASW,CE,Towers with Radar,0,0,43,0,43,0,0,143,0,143,0,0,186,0,186,174,0,174,360
08/17/2019,DWH,TX,ASW,CE,Towers with Radar,0,3,27,0,30,0,0,154,0,154,0,3,181,0,184,180,0,180,364
08/18/2019,DWH,TX,ASW,CE,Towers with Radar,0,3,39,0,42,0,0,146,0,146,0,3,185,0,188,228,0,228,416
08/19/2019,DWH,TX,ASW,CE,Towers with Radar,0,1,43,1,45,0,0,103,3,106,0,1,146,4,151,240,0,240,391
08/20/2019,DWH,TX,ASW,CE,Towers with Radar,0,5,51,4,60,0,0,120,0,120,0,5,171,4,180,193,0,193,373
08/21/2019,DWH,TX,ASW,CE,Towers with Radar,0,6,44,1,51,0,0,168,0,168,0,6,212,1,219,302,0,302,521
08/22/2019,DWH,TX,ASW,CE,Towers with Radar,0,5,55,1,61,0,0,161,4,165,0,5,216,5,226,244,0,244,470
08/23/2019,DWH,TX,ASW,CE,Towers with Radar,0,3,31,1,35,0,0,123,0,123,0,3,154,1,158,218,0,218,376
08/24/2019,DWH,TX,ASW,CE,Towers with Radar,0,0,36,0,36,0,0,162,2,164,0,0,198,2,200,150,0,150,350
08/25/2019,DWH,TX,ASW,CE,Towers with Radar,0,7,30,0,37,0,0,95,0,95,0,7,125,0,132,196,0,196,328
08/26/2019,DWH,TX,ASW,CE,Towers with Radar,0,8,42,4,54,0,1,119,2,122,0,9,161,6,176,247,0,247,423
08/27/2019,DWH,TX,ASW,CE,Towers with Radar,0,7,38,0,45,0,3,146,0,149,0,10,184,0,194,186,0,186,380
08/28/2019,DWH,TX,ASW,CE,Towers with Radar,0,5,41,4,50,0,2,103,3,108,0,7,144,7,158,163,0,163,321
08/29/2019,DWH,TX,ASW,CE,Towers with Radar,0,9,38,2,49,0,0,184,0,184,0,9,222,2,233,214,0,214,447
08/30/2019,DWH,TX,ASW,CE,Towers with Radar,0,4,48,1,53,0,0,179,0,179,0,4,227,1,232,239,0,239,471
08/31/2019,DWH,TX,ASW,CE,Towers with Radar,0,4,13,0,17,0,0,193,0,193,0,4,206,0,210,250,0,250,460
09/01/2019,DWH,TX,ASW,CE,Towers with Radar,0,4,24,1,29,0,3,146,2,151,0,7,170,3,180,287,0,287,467
09/02/2019,DWH,TX,ASW,CE,Towers with Radar,0,4,31,1,36,0,4,179,1,184,0,8,210,2,220,241,0,241,461
09/03/2019,DWH,TX,ASW,CE,Towers with Radar,0,4,32,10,46,0,5,157,1,163,0,9,189,11,209,184,0,184,393
09/04/2019,DWH,TX,ASW,CE,Towers with Radar,0,5,45,2,52,0,2,168,0,170,0,7,213,2,222,151,2,153,375
09/05/2019,DWH,TX,ASW,CE,Towers with Radar,0,2,70,2,74,0,7,180,5,192,0,9,250,7,266,234,0,234,500
09/06/2019,DWH,TX,ASW,CE,Towers with Radar,0,15,46,5,66,0,8,191,2,201,0,23,237,7,267,261,0,261,528
09/07/2019,DWH,TX,ASW,CE,Towers with Radar,0,7,32,2,41,0,3,184,0,187,0,10,216,2,228,222,0,222,450
09/08/2019,DWH,TX,ASW,CE,Towers with Radar,0,8,43,2,53,0,3,161,0,164,0,11,204,2,217,280,0,280,497
09/09/2019,DWH,TX,ASW,CE,Towers with Radar,0,7,32,4,43,0,6,113,0,119,0,13,145,4,162,268,0,268,430
09/10/2019,DWH,TX,ASW,CE,Towers with Radar,0,8,52,1,61,0,1,98,0,99,0,9,150,1,160,182,0,182,342
09/11/2019,DWH,TX,ASW,CE,Towers with Radar,0,8,46,0,54,0,0,95,3,98,0,8,141,3,152,184,0,184,336
09/12/2019,DWH,TX,ASW,CE,Towers with Radar,0,6,45,2,53,0,4,149,1,154,0,10,194,3,207,168,0,168,375
09/13/2019,DWH,TX,ASW,CE,Towers with Radar,0,4,37,2,43,0,3,215,2,220,0,7,252,4,263,274,0,274,537
09/14/2019,DWH,TX,ASW,CE,Towers with Radar,0,1,20,0,21,0,5,184,0,189,0,6,204,0,210,264,0,264,474
09/15/2019,DWH,TX,ASW,CE,Towers with Radar,0,5,25,3,33,0,2,175,7,184,0,7,200,10,217,223,0,223,440
09/16/2019,DWH,TX,ASW,CE,Towers with Radar,0,9,38,0,47,0,0,121,0,121,0,9,159,0,168,166,0,166,334
09/17/2019,DWH,TX,ASW,CE,Towers with Radar,0,5,32,2,39,0,0,7,0,7,0,5,39,2,46,10,0,10,56
09/18/2019,DWH,TX,ASW,CE,Towers with Radar,0,7,25,0,32,0,1,15,0,16,0,8,40,0,48,6,0,6,54
09/19/2019,DWH,TX,ASW,CE,Towers with Radar,0,16,34,2,52,0,0,11,5,16,0,16,45,7,68,12,0,12,80
09/20/2019,DWH,TX,ASW,CE,Towers with Radar,0,12,34,1,47,0,0,55,3,58,0,12,89,4,105,56,0,56,161
09/21/2019,DWH,TX,ASW,CE,Towers with Radar,0,2,32,2,36,0,2,175,1,178,0,4,207,3,214,235,0,235,449
09/22/2019,DWH,TX,ASW,CE,Towers with Radar,0,4,48,0,52,0,0,63,0,63,0,4,111,0,115,37,0,37,152
09/23/2019,DWH,TX,ASW,CE,Towers with Radar,0,6,59,0,65,0,1,95,1,97,0,7,154,1,162,231,0,231,393
09/24/2019,DWH,TX,ASW,CE,Towers with Radar,0,10,50,2,62,0,0,160,0,160,0,10,210,2,222,310,0,310,532
09/25/2019,DWH,TX,ASW,CE,Towers with Radar,0,12,53,2,67,0,1,199,1,201,0,13,252,3,268,240,0,240,508
09/26/2019,DWH,TX,ASW,CE,Towers with Radar,0,6,36,4,46,0,1,160,4,165,0,7,196,8,211,311,4,315,526
09/27/2019,DWH,TX,ASW,CE,Towers with Radar,0,3,45,1,49,0,0,124,2,126,0,3,169,3,175,254,0,254,429
09/28/2019,DWH,TX,ASW,CE,Towers with Radar,0,9,39,0,48,0,0,166,0,166,0,9,205,0,214,259,0,259,473
09/29/2019,DWH,TX,ASW,CE,Towers with Radar,0,6,44,0,50,0,0,142,0,142,0,6,186,0,192,276,0,276,468
09/30/2019,DWH,TX,ASW,CE,Towers with Radar,0,4,35,2,41,0,2,118,0,120,0,6,153,2,161,224,0,224,385
10/01/2019,DWH,TX,ASW,CE,Towers with Radar,0,13,36,0,49,0,4,173,0,177,0,17,209,0,226,174,0,174,400
10/02/2019,DWH,TX,ASW,CE,Towers with Radar,0,8,49,0,57,0,4,199,2,205,0,12,248,2,262,176,0,176,438
10/03/2019,DWH,TX,ASW,CE,Towers with Radar,0,7,35,5,47,0,5,175,2,182,0,12,210,7,229,142,0,142,371
10/04/2019,DWH,TX,ASW,CE,Towers with Radar,0,6,40,2,48,0,4,197,0,201,0,10,237,2,249,252,0,252,501
10/05/2019,DWH,TX,ASW,CE,Towers with Radar,0,8,26,8,42,0,9,193,0,202,0,17,219,8,244,266,0,266,510
10/06/2019,DWH,TX,ASW,CE,Towers with Radar,0,11,37,13,61,0,4,172,0,176,0,15,209,13,237,234,0,234,471
10/07/2019,DWH,TX,ASW,CE,Towers with Radar,0,5,111,0,116,0,1,94,0,95,0,6,205,0,211,227,0,227,438
10/08/2019,DWH,TX,ASW,CE,Towers with Radar,0,5,58,2,65,0,2,192,2,196,0,7,250,4,261,202,0,202,463
10/09/2019,DWH,TX,ASW,CE,Towers with Radar,0,5,52,0,57,0,3,175,3,181,0,8,227,3,238,250,0,250,488
10/10/2019,DWH,TX,ASW,CE,Towers with Radar,0,10,50,2,62,0,5,186,2,193,0,15,236,4,255,220,0,220,475
10/11/2019,DWH,TX,ASW,CE,Towers with Radar,0,4,29,0,33,0,4,14,0,18,0,8,43,0,51,26,0,26,77
10/12/2019,DWH,TX,ASW,CE,Towers with Radar,0,9,30,2,41,0,4,191,0,195,0,13,221,2,236,226,0,226,462
10/13/2019,DWH,TX,ASW,CE,Towers with Radar,0,7,45,0,52,0,6,179,2,187,0,13,224,2,239,276,0,276,515
10/14/2019,DWH,TX,ASW,CE,Towers with Radar,0,6,49,3,58,0,2,64,4,70,0,8,113,7,128,189,0,189,317
10/15/2019,DWH,TX,ASW,CE,Towers with Radar,0,7,37,6,50,0,4,79,2,85,0,11,116,8,135,110,4,114,249
10/16/2019,DWH,TX,ASW,CE,Towers with Radar,0,8,49,0,57,0,7,28,1,36,0,15,77,1,93,95,0,95,188
10/17/2019,DWH,TX,ASW,CE,Towers with Radar,0,7,46,0,53,0,2,202,0,204,0,9,248,0,257,314,0,314,571
10/18/2019,DWH,TX,ASW,CE,Towers with Radar,0,7,42,1,50,0,0,246,1,247,0,7,288,2,297,247,0,247,544
10/19/2019,DWH,TX,ASW,CE,Towers with Radar,0,6,38,9,53,0,0,196,0,196,0,6,234,9,249,316,0,316,565
10/20/2019,DWH,TX,ASW,CE,Towers with Radar,0,9,49,1,59,0,0,148,0,148,0,9,197,1,207,258,0,258,465
10/21/2019,DWH,TX,ASW,CE,Towers with Radar,0,2,28,2,32,0,0,98,1,99,0,2,126,3,131,155,0,155,286
10/22/2019,DWH,TX,ASW,CE,Towers with Radar,0,5,43,0,48,0,0,189,0,189,0,5,232,0,237,261,0,261,498
10/23/2019,DWH,TX,ASW,CE,Towers with Radar,0,9,42,0,51,0,0,199,1,200,0,9,241,1,251,185,0,185,436
10/24/2019,DWH,TX,ASW,CE,Towers with Radar,0,9,44,0,53,0,0,129,0,129,0,9,173,0,182,198,0,198,380
10/25/2019,DWH,TX,ASW,CE,Towers with Radar,0,7,53,0,60,0,0,8,0,8,0,7,61,0,68,4,0,4,72
10/26/2019,DWH,TX,ASW,CE,Towers with Radar,0,3,40,2,45,0,0,152,0,152,0,3,192,2,197,349,0,349,546
10/27/2019,DWH,TX,ASW,CE,Towers with Radar,0,8,25,2,35,0,1,233,0,234,0,9,258,2,269,273,0,273,542
10/28/2019,DWH,TX,ASW,CE,Towers with Radar,0,7,63,6,76,0,0,105,2,107,0,7,168,8,183,234,0,234,417
10/29/2019,DWH,TX,ASW,CE,Towers with Radar,0,7,35,0,42,0,0,1,0,1,0,7,36,0,43,2,0,2,45
10/30/2019,DWH,TX,ASW,CE,Towers with Radar,0,9,23,0,32,0,0,0,0,0,0,9,23,0,32,0,0,0,32
10/31/2019,DWH,TX,ASW,CE,Towers with Radar,0,8,35,1,44,0,0,147,2,149,0,8,182,3,193,138,0,138,331
11/01/2019,DWH,TX,ASW,CE,Towers with Radar,0,9,43,0,52,0,5,256,0,261,0,14,299,0,313,175,0,175,488
11/02/2019,DWH,TX,ASW,CE,Towers with Radar,0,7,25,2,34,0,1,236,0,237,0,8,261,2,271,335,0,335,606
11/03/2019,DWH,TX,ASW,CE,Towers with Radar,0,7,29,2,38,0,4,200,2,206,0,11,229,4,244,302,0,302,546
11/04/2019,DWH,TX,ASW,CE,Towers with Radar,0,4,53,4,61,0,3,137,2,142,0,7,190,6,203,202,0,202,405
11/05/2019,DWH,TX,ASW,CE,Towers with Radar,0,7,36,0,43,0,3,115,3,121,0,10,151,3,164,270,0,270,434
11/06/2019,DWH,TX,ASW,CE,Towers with Radar,0,3,36,1,40,0,6,166,1,173,0,9,202,2,213,297,10,307,520
11/07/2019,DWH,TX,ASW,CE,Towers with Radar,0,6,41,0,47,0,1,8,0,9,0,7,49,0,56,42,0,42,98
11/08/2019,DWH,TX,ASW,CE,Towers with Radar,0,5,69,1,75,0,4,25,0,29,0,9,94,1,104,46,0,46,150
11/09/2019,DWH,TX,ASW,CE,Towers with Radar,0,3,31,0,34,0,2,273,0,275,0,5,304,0,309,320,0,320,629
11/10/2019,DWH,TX,ASW,CE,Towers with Radar,0,6,33,0,39,0,4,239,0,243,0,10,272,0,282,240,0,240,522
11/11/2019,DWH,TX,ASW,CE,Towers with Radar,0,2,29,2,33,0,1,98,0,99,0,3,127,2,132,269,0,269,401
11/12/2019,DWH,TX,ASW,CE,Towers with Radar,0,3,30,0,33,0,8,110,0,118,0,11,140,0,151,245,0,245,396
11/13/2019,DWH,TX,ASW,CE,Towers with Radar,0,13,40,2,55,0,3,148,0,151,0,16,188,2,206,268,0,268,474
11/14/2019,DWH,TX,ASW,CE,Towers with Radar,0,11,34,0,45,0,0,0,0,0,0,11,34,0,45,0,0,0,45
11/15/2019,DWH,TX,ASW,CE,Towers with Radar,0,4,46,3,53,0,4,225,0,229,0,8,271,3,282,268,0,268,550
11/16/2019,DWH,TX,ASW,CE,Towers with Radar,0,4,27,0,31,0,7,235,0,242,0,11,262,0,273,332,0,332,605
11/17/2019,DWH,TX,ASW,CE,Towers with Radar,0,8,26,4,38,0,3,226,0,229,0,11,252,4,267,390,0,390,657
11/18/2019,DWH,TX,ASW,CE,Towers with Radar,0,6,42,3,51,0,0,184,1,185,0,6,226,4,236,232,4,236,472
11/19/2019,DWH,TX,ASW,CE,Towers with Radar,0,7,50,0,57,0,0,219,0,219,0,7,269,0,276,248,0,248,524
11/20/2019,DWH,TX,ASW,CE,Towers with Radar,0,9,66,0,75,0,0,98,0,98,0,9,164,0,173,178,0,178,351
11/21/2019,DWH,TX,ASW,CE,Towers with Radar,0,3,54,0,57,0,0,124,0,124,0,3,178,0,181,285,0,285,466
11/22/2019,DWH,TX,ASW,CE,Towers with Radar,0,14,29,11,54,0,0,7,0,7,0,14,36,11,61,116,2,118,179
11/23/2019,DWH,TX,ASW,CE,Towers with Radar,0,1,29,2,32,0,0,231,2,233,0,1,260,4,265,456,0,456,721
11/24/2019,DWH,TX,ASW,CE,Towers with Radar,0,9,37,0,46,0,0,200,0,200,0,9,237,0,246,292,0,292,538
11/25/2019,DWH,TX,ASW,CE,Towers with Radar,0,1,46,5,52,0,4,151,1,156,0,5,197,6,208,213,0,213,421
11/26/2019,DWH,TX,ASW,CE,Towers with Radar,0,4,58,2,64,0,0,20,0,20,0,4,78,2,84,113,0,113,197
11/27/2019,DWH,TX,ASW,CE,Towers with Radar,0,1,41,0,42,0,0,168,0,168,0,1,209,0,210,247,0,247,457
11/28/2019,DWH,TX,ASW,CE,Towers with Radar,0,0,15,0,15,0,0,11,0,11,0,0,26,0,26,42,0,42,68
11/29/2019,DWH,TX,ASW,CE,Towers with Radar,0,9,36,0,45,0,0,3,0,3,0,9,39,0,48,2,0,2,50
11/30/2019,DWH,TX,ASW,CE,Towers with Radar,0,5,85,2,92,0,0,22,0,22,0,5,107,2,114,144,0,144,258
12/01/2019,DWH,TX,ASW,CE,Towers with Radar,0,6,52,0,58,0,4,258,0,262,0,10,310,0,320,322,0,322,642
12/02/2019,DWH,TX,ASW,CE,Towers with Radar,0,4,43,0,47,0,4,173,3,180,0,8,216,3,227,185,0,185,412
12/03/2019,DWH,TX,ASW,CE,Towers with Radar,0,7,35,1,43,0,2,222,1,225,0,9,257,2,268,339,0,339,607
12/04/2019,DWH,TX,ASW,CE,Towers with Radar,0,4,42,2,48,0,4,198,0,202,0,8,240,2,250,405,0,405,655
12/05/2019,DWH,TX,ASW,CE,Towers with Radar,0,5,47,3,55,0,2,168,1,171,0,7,215,4,226,400,0,400,626
12/06/2019,DWH,TX,ASW,CE,Towers with Radar,0,8,40,6,54,0,3,183,0,186,0,11,223,6,240,344,0,344,584
12/07/2019,DWH,TX,ASW,CE,Towers with Radar,0,0,30,0,30,0,2,244,0,246,0,2,274,0,276,384,0,384,660
12/08/2019,DWH,TX,ASW,CE,Towers with Radar,0,17,41,0,58,0,4,158,0,162,0,21,199,0,220,297,0,297,517
12/09/2019,DWH,TX,ASW,CE,Towers with Radar,0,2,51,2,55,0,2,79,0,81,0,4,130,2,136,173,0,173,309
12/10/2019,DWH,TX,ASW,CE,Towers with Radar,0,8,32,0,40,0,1,0,0,1,0,9,32,0,41,0,0,0,41
12/11/2019,DWH,TX,ASW,CE,Towers with Radar,0,10,41,2,53,0,1,208,0,209,0,11,249,2,262,318,0,318,580
12/12/2019,DWH,TX,ASW,CE,Towers with Radar,0,6,52,0,58,0,1,199,0,200,0,7,251,0,258,381,0,381,639
12/13/2019,DWH,TX,ASW,CE,Towers with Radar,0,4,61,0,65,0,2,172,2,176,0,6,233,2,241,342,0,342,583
12/14/2019,DWH,TX,ASW,CE,Towers with Radar,0,4,36,2,42,0,1,253,0,254,0,5,289,2,296,305,0,305,601
12/15/2019,DWH,TX,ASW,CE,Towers with Radar,0,8,42,0,50,0,9,96,0,105,0,17,138,0,155,136,0,136,291
12/16/2019,DWH,TX,ASW,CE,Towers with Radar,0,3,40,2,45,0,4,5,0,9,0,7,45,2,54,21,0,21,75
12/17/2019,DWH,TX,ASW,CE,Towers with Radar,0,2,36,1,39,0,0,159,3,162,0,2,195,4,201,236,2,238,439
12/18/2019,DWH,TX,ASW,CE,Towers with Radar,0,5,51,6,62,0,0,228,1,229,0,5,279,7,291,299,0,299,590
12/19/2019,DWH,TX,ASW,CE,Towers with Radar,0,2,41,1,44,0,1,223,3,227,0,3,264,4,271,310,0,310,581
12/20/2019,DWH,TX,ASW,CE,Towers with Radar,0,10,44,3,57,0,0,108,3,111,0,10,152,6,168,261,0,261,429
12/21/2019,DWH,TX,ASW,CE,Towers with Radar,0,5,37,0,42,0,2,124,0,126,0,7,161,0,168,237,0,237,405
12/22/2019,DWH,TX,ASW,CE,Towers with Radar,0,5,34,0,39,0,2,202,0,204,0,7,236,0,243,349,0,349,592
12/23/2019,DWH,TX,ASW,CE,Towers with Radar,0,10,49,0,59,0,0,211,0,211,0,10,260,0,270,266,0,266,536
12/24/2019,DWH,TX,ASW,CE,Towers with Radar,0,0,19,0,19,0,1,150,0,151,0,1,169,0,170,201,0,201,371
12/25/2019,DWH,TX,ASW,CE,Towers with Radar,0,5,12,0,17,0,0,37,0,37,0,5,49,0,54,60,0,60,114
12/26/2019,DWH,TX,ASW,CE,Towers with Radar,0,9,42,0,51,0,2,155,0,157,0,11,197,0,208,210,0,210,418
12/27/2019,DWH,TX,ASW,CE,Towers with Radar,0,6,54,0,60,0,0,2,0,2,0,6,56,0,62,34,0,34,96
12/28/2019,DWH,TX,ASW,CE,Towers with Radar,0,9,27,0,36,0,0,17,0,17,0,9,44,0,53,106,0,106,159
12/29/2019,DWH,TX,ASW,CE,Towers with Radar,0,5,26,0,31,0,1,91,0,92,0,6,117,0,123,113,0,113,236
12/30/2019,DWH,TX,ASW,CE,Towers with Radar,0,2,39,1,42,0,0,217,1,218,0,2,256,2,260,242,0,242,502
12/31/2019,DWH,TX,ASW,CE,Towers with Radar,0,3,23,0,26,0,3,189,0,192,0,6,212,0,218,244,0,244,462
01/01/2020,DWH,TX,ASW,CE,Towers with Radar,0,4,19,0,23,0,3,35,0,38,0,7,54,0,61,70,0,70,131
01/02/2020,DWH,TX,ASW,CE,Towers with Radar,0,4,23,0,27,0,2,1,0,3,0,6,24,0,30,2,0,2,32
01/03/2020,DWH,TX,ASW,CE,Towers with Radar,0,7,36,13,56,0,4,151,1,156,0,11,187,14,212,180,0,180,392
01/04/2020,DWH,TX,ASW,CE,Towers with Radar,0,2,28,2,32,0,4,236,0,240,0,6,264,2,272,327,4,331,603
01/05/2020,DWH,TX,ASW,CE,Towers with Radar,0,2,28,0,30,0,4,205,0,209,0,6,233,0,239,264,0,264,503
01/06/2020,DWH,TX,ASW,CE,Towers with Radar,0,6,45,2,53,0,4,179,2,185,0,10,224,4,238,172,0,172,410
01/07/2020,DWH,TX,ASW,CE,Towers with Radar,0,5,31,5,41,0,3,184,2,189,0,8,215,7,230,242,2,244,474
01/08/2020,DWH,TX,ASW,CE,Towers with Radar,0,5,43,2,50,0,4,174,0,178,0,9,217,2,228,293,0,293,521
01/09/2020,DWH,TX,ASW,CE,Towers with Radar,0,3,64,4,71,0,3,75,0,78,0,6,139,4,149,86,0,86,235
01/10/2020,DWH,TX,ASW,CE,Towers with Radar,0,0,24,0,24,0,2,8,0,10,0,2,32,0,34,8,0,8,42
01/11/2020,DWH,TX,ASW,CE,Towers with Radar,0,5,27,0,32,0,2,112,2,116,0,7,139,2,148,160,0,160,308
01/12/2020,DWH,TX,ASW,CE,Towers with Radar,0,4,61,3,68,0,0,177,0,177,0,4,238,3,245,366,0,366,611
01/13/2020,DWH,TX,ASW,CE,Towers with Radar,0,3,34,4,41,0,0,1,0,1,0,3,35,4,42,0,0,0,42
01/14/2020,DWH,TX,ASW,CE,Towers with Radar,0,3,45,0,48,0,1,2,0,3,0,4,47,0,51,26,0,26,77
01/15/2020,DWH,TX,ASW,CE,Towers with Radar,0,6,43,4,53,0,1,46,0,47,0,7,89,4,100,203,0,203,303
01/16/2020,DWH,TX,ASW,CE,Towers with Radar,0,8,43,1,52,0,2,45,0,47,0,10,88,1,99,158,0,158,257
01/17/2020,DWH,TX,ASW,CE,Towers with Radar,0,6,43,2,51,0,0,10,1,11,0,6,53,3,62,18,0,18,80
01/18/2020,DWH,TX,ASW,CE,Towers with Radar,0,1,35,10,46,0,2,41,2,45,0,3,76,12,91,44,0,44,135
01/19/2020,DWH,TX,ASW,CE,Towers with Radar,0,4,40,4,48,0,2,227,1,230,0,6,267,5,278,124,0,124,402
01/20/2020,DWH,TX,ASW,CE,Towers with Radar,0,9,38,5,52,0,0,311,0,311,0,9,349,5,363,286,0,286,649
01/21/2020,DWH,TX,ASW,CE,Towers with Radar,0,5,47,7,59,0,0,212,5,217,0,5,259,12,276,233,0,233,509
01/22/2020,DWH,TX,ASW,CE,Towers with Radar,0,4,37,0,41,0,0,2,0,2,0,4,39,0,43,0,0,0,43
01/23/2020,DWH,TX,ASW,CE,Towers with Radar,0,4,47,3,54,0,2,77,3,82,0,6,124,6,136,282,0,282,418
01/24/2020,DWH,TX,ASW,CE,Towers with Radar,0,1,33,0,34,0,2,291,1,294,0,3,324,1,328,258,0,258,586
01/25/2020,DWH,TX,ASW,CE,Towers with Radar,0,2,37,0,39,0,0,234,0,234,0,2,271,0,273,246,0,246,519
01/26/2020,DWH,TX,ASW,CE,Towers with Radar,0,5,36,0,41,0,0,108,2,110,0,5,144,2,151,222,0,222,373
01/27/2020,DWH,TX,ASW,CE,Towers with Radar,0,2,60,1,63,0,2,71,2,75,0,4,131,3,138,192,2,194,332
01/28/2020,DWH,TX,ASW,CE,Towers with Radar,0,6,44,2,52,0,0,15,0,15,0,6,59,2,67,28,0,28,95
01/29/2020,DWH,TX,ASW,CE,Towers with Radar,0,8,56,0,64,0,1,128,3,132,0,9,184,3,196,421,0,421,617
01/30/2020,DWH,TX,ASW,CE,Towers with Radar,0,15,70,2,87,0,0,25,0,25,0,15,95,2,112,106,0,106,218
01/31/2020,DWH,TX,ASW,CE,Towers with Radar,0,11,57,2,70,0,0,110,2,112,0,11,167,4,182,203,0,203,385
02/01/2020,DWH,TX,ASW,CE,Towers with Radar,0,2,36,0,38,0,5,306,0,311,0,7,342,0,349,268,0,268,617
02/02/2020,DWH,TX,ASW,CE,Towers with Radar,0,10,33,0,43,0,3,181,0,184,0,13,214,0,227,368,0,368,595
02/03/2020,DWH,TX,ASW,CE,Towers with Radar,0,7,42,2,51,0,0,82,0,82,0,7,124,2,133,156,0,156,289
02/04/2020,DWH,TX,ASW,CE,Towers with Radar,0,4,53,4,61,0,3,57,0,60,0,7,110,4,121,177,0,177,298
02/05/2020,DWH,TX,ASW,CE,Towers with Radar,0,6,24,2,32,0,2,4,0,6,0,8,28,2,38,0,0,0,38
02/06/2020,DWH,TX,ASW,CE,Towers with Radar,0,11,35,4,50,0,6,166,0,172,0,17,201,4,222,149,0,149,371
02/07/2020,DWH,TX,ASW,CE,Towers with Radar,0,2,50,4,56,0,3,205,3,211,0,5,255,7,267,286,0,286,553
02/08/2020,DWH,TX,ASW,CE,Towers with Radar,0,5,35,0,40,0,4,214,0,218,0,9,249,0,258,347,0,347,605
02/09/2020,DWH,TX,ASW,CE,Towers with Radar,0,5,36,3,44,0,3,14,0,17,0,8,50,3,61,82,0,82,143
02/10/2020,DWH,TX,ASW,CE,Towers with Radar,0,6,25,0,31,0,0,7,0,7,0,6,32,0,38,15,0,15,53
02/11/2020,DWH,TX,ASW,CE,Towers with Radar,0,7,15,0,22,0,0,0,0,0,0,7,15,0,22,0,0,0,22
02/12/2020,DWH,TX,ASW,CE,Towers with Radar,0,3,39,0,42,0,0,0,0,0,0,3,39,0,42,0,0,0,42
02/13/2020,DWH,TX,ASW,CE,Towers with Radar,0,10,57,3,70,0,5,215,3,223,0,15,272,6,293,405,0,405,698
02/14/2020,DWH,TX,ASW,CE,Towers with Radar,0,6,32,1,39,0,3,278,1,282,0,9,310,2,321,198,0,198,519
02/15/2020,DWH,TX,ASW,CE,Towers with Radar,0,3,34,0,37,0,3,223,0,226,0,6,257,0,263,328,0,328,591
02/16/2020,DWH,TX,ASW,CE,Towers with Radar,0,3,36,0,39,0,2,101,0,103,0,5,137,0,142,246,0,246,388
02/17/2020,DWH,TX,ASW,CE,Towers with Radar,0,5,36,0,41,0,1,25,0,26,0,6,61,0,67,125,0,125,192
02/18/2020,DWH,TX,ASW,CE,Towers with Radar,0,2,46,2,50,0,0,33,0,33,0,2,79,2,83,109,0,109,192
02/19/2020,DWH,TX,ASW,CE,Towers with Radar,0,5,32,0,37,0,0,1,0,1,0,5,33,0,38,2,0,2,40
02/20/2020,DWH,TX,ASW,CE,Towers with Radar,0,3,24,0,27,0,0,9,0,9,0,3,33,0,36,14,0,14,50
02/21/2020,DWH,TX,ASW,CE,Towers with Radar,0,4,39,0,43,0,1,314,1,316,0,5,353,1,359,254,4,258,617
02/22/2020,DWH,TX,ASW,CE,Towers with Radar,0,0,30,0,30,0,0,279,1,280,0,0,309,1,310,342,0,342,652
02/23/2020,DWH,TX,ASW,CE,Towers with Radar,0,3,29,1,33,0,0,90,1,91,0,3,119,2,124,379,0,379,503
02/24/2020,DWH,TX,ASW,CE,Towers with Radar,0,5,24,2,31,0,0,145,2,147,0,5,169,4,178,170,0,170,348
02/25/2020,DWH,TX,ASW,CE,Towers with Radar,0,4,43,0,47,0,0,225,2,227,0,4,268,2,274,243,0,243,517
02/26/2020,DWH,TX,ASW,CE,Towers with Radar,0,8,24,0,32,0,2,76,2,80,0,10,100,2,112,64,0,64,176
02/27/2020,DWH,TX,ASW,CE,Towers with Radar,0,7,43,5,55,0,0,282,1,283,0,7,325,6,338,250,0,250,588
02/28/2020,DWH,TX,ASW,CE,Towers with Radar,0,4,33,0,37,0,0,220,1,221,0,4,253,1,258,280,0,280,538
02/29/2020,DWH,TX,ASW,CE,Towers with Radar,0,2,27,0,29,0,0,244,0,244,0,2,271,0,273,299,0,299,572
03/01/2020,DWH,TX,ASW,CE,Towers with Radar,0,7,38,0,45,0,2,91,0,93,0,9,129,0,138,186,0,186,324
03/02/2020,DWH,TX,ASW,CE,Towers with Radar,0,9,48,0,57,0,4,93,0,97,0,13,141,0,154,112,0,112,266
03/03/2020,DWH,TX,ASW,CE,Towers with Radar,0,5,48,0,53,0,2,95,0,97,0,7,143,0,150,168,0,168,318
03/04/2020,DWH,TX,ASW,CE,Towers with Radar,0,1,21,0,22,0,2,1,0,3,0,3,22,0,25,10,0,10,35
03/05/2020,DWH,TX,ASW,CE,Towers with Radar,0,0,57,1,58,0,4,272,1,277,0,4,329,2,335,328,0,328,663
03/06/2020,DWH,TX,ASW,CE,Towers with Radar,0,8,33,1,42,0,6,285,1,292,0,14,318,2,334,278,0,278,612
03/07/2020,DWH,TX,ASW,CE,Towers with Radar,0,6,34,0,40,0,3,229,0,232,0,9,263,0,272,445,0,445,717
03/08/2020,DWH,TX,ASW,CE,Towers with Radar,0,9,24,0,33,0,4,171,0,175,0,13,195,0,208,269,0,269,477
03/09/2020,DWH,TX,ASW,CE,Towers with Radar,0,5,47,0,52,0,4,47,0,51,0,9,94,0,103,196,0,196,299
03/10/2020,DWH,TX,ASW,CE,Towers with Radar,0,2,46,0,48,0,6,68,2,76,0,8,114,2,124,194,0,194,318
03/11/2020,DWH,TX,ASW,CE,Towers with Radar,0,3,68,1,72,0,2,140,1,143,0,5,208,2,215,272,0,272,487
03/12/2020,DWH,TX,ASW,CE,Towers with Radar,0,4,63,0,67,0,4,177,0,181,0,8,240,0,248,299,0,299,547
03/13/2020,DWH,TX,ASW,CE,Towers with Radar,0,5,42,0,47,0,6,121,2,129,0,11,163,2,176,332,0,332,508
03/14/2020,DWH,TX,ASW,CE,Towers with Radar,0,4,34,2,40,0,3,111,0,114,0,7,145,2,154,382,0,382,536
03/15/2020,DWH,TX,ASW,CE,Towers with Radar,0,17,35,0,52,0,1,70,0,71,0,18,105,0,123,244,0,244,367
03/16/2020,DWH,TX,ASW,CE,Towers with Radar,0,8,30,0,38,0,1,70,0,71,0,9,100,0,109,198,0,198,307
03/17/2020,DWH,TX,ASW,CE,Towers with Radar,0,5,26,4,35,0,1,74,0,75,0,6,100,4,110,216,0,216,326
03/18/2020,DWH,TX,ASW,CE,Towers with Radar,0,3,38,2,43,0,4,119,5,128,0,7,157,7,171,296,0,296,467
03/19/2020,DWH,TX,ASW,CE,Towers with Radar,0,3,32,4,39,0,4,117,2,123,0,7,149,6,162,247,0,247,409
03/20/2020,DWH,TX,ASW,CE,Towers with Radar,0,4,9,0,13,0,2,0,0,2,0,6,9,0,15,0,0,0,15
03/21/2020,DWH,TX,ASW,CE,Towers with Radar,0,3,19,2,24,0,0,0,0,0,0,3,19,2,24,0,0,0,24
03/22/2020,DWH,TX,ASW,CE,Towers with Radar,0,1,21,2,24,0,0,3,0,3,0,1,24,2,27,12,0,12,39
03/23/2020,DWH,TX,ASW,CE,Towers with Radar,0,4,23,0,27,0,2,70,0,72,0,6,93,0,99,176,0,176,275
03/24/2020,DWH,TX,ASW,CE,Towers with Radar,0,2,30,0,32,0,4,95,0,99,0,6,125,0,131,236,0,236,367
03/25/2020,DWH,TX,ASW,CE,Towers with Radar,0,2,21,0,23,0,2,214,0,216,0,4,235,0,239,287,0,287,526
03/26/2020,DWH,TX,ASW,CE,Towers with Radar,0,0,33,0,33,0,0,137,0,137,0,0,170,0,170,198,0,198,368
03/27/2020,DWH,TX,ASW,CE,Towers with Radar,0,0,29,0,29,0,2,153,0,155,0,2,182,0,184,224,0,224,408
03/28/2020,DWH,TX,ASW,CE,Towers with Radar,0,0,13,0,13,0,1,18,0,19,0,1,31,0,32,140,0,140,172
03/29/2020,DWH,TX,ASW,CE,Towers with Radar,1,0,13,0,14,0,2,242,2,246,1,2,255,2,260,254,0,254,514
03/30/2020,DWH,TX,ASW,CE,Towers with Radar,0,0,19,0,19,0,2,44,0,46,0,2,63,0,65,114,0,114,179
03/31/2020,DWH,TX,ASW,CE,Towers with Radar,0,2,16,4,22,0,2,146,0,148,0,4,162,4,170,192,0,192,362
04/01/2020,DWH,TX,ASW,CE,Towers with Radar,0,1,16,1,18,0,5,208,2,215,0,6,224,3,233,216,0,216,449
04/02/2020,DWH,TX,ASW,CE,Towers with Radar,0,2,18,0,20,0,5,103,0,108,0,7,121,0,128,206,0,206,334
04/03/2020,DWH,TX,ASW,CE,Towers with Radar,0,5,21,2,28,0,2,63,0,65,0,7,84,2,93,266,0,266,359
04/04/2020,DWH,TX,ASW,CE,Towers with Radar,0,2,10,0,12,0,0,0,0,0,0,2,10,0,12,0,0,0,12
04/05/2020,DWH,TX,ASW,CE,Towers with Radar,0,1,16,0,17,0,3,34,0,37,0,4,50,0,54,150,0,150,204
04/06/2020,DWH,TX,ASW,CE,Towers with Radar,0,1,27,0,28,0,2,57,0,59,0,3,84,0,87,289,0,289,376
04/07/2020,DWH,TX,ASW,CE,Towers with Radar,0,0,14,0,14,0,2,97,0,99,0,2,111,0,113,138,0,138,251
04/08/2020,DWH,TX,ASW,CE,Towers with Radar,0,1,35,0,36,0,2,91,0,93,0,3,126,0,129,229,0,229,358
04/09/2020,DWH,TX,ASW,CE,Towers with Radar,0,0,16,0,16,0,2,84,1,87,0,2,100,1,103,155,0,155,258
04/10/2020,DWH,TX,ASW,CE,Towers with Radar,0,0,22,0,22,0,3,131,0,134,0,3,153,0,156,170,0,170,326
04/11/2020,DWH,TX,ASW,CE,Towers with Radar,0,0,8,0,8,0,2,88,0,90,0,2,96,0,98,194,0,194,292
04/12/2020,DWH,TX,ASW,CE,Towers with Radar,0,2,6,0,8,0,5,24,0,29,0,7,30,0,37,6,0,6,43
04/13/2020,DWH,TX,ASW,CE,Towers with Radar,0,2,26,0,28,0,5,208,0,213,0,7,234,0,241,250,0,250,491
04/14/2020,DWH,TX,ASW,CE,Towers with Radar,0,0,33,0,33,0,2,193,0,195,0,2,226,0,228,256,0,256,484
04/15/2020,DWH,TX,ASW,CE,Towers with Radar,0,0,36,0,36,0,0,240,0,240,0,0,276,0,276,347,0,347,623
04/16/2020,DWH,TX,ASW,CE,Towers with Radar,0,1,26,3,30,0,0,230,1,231,0,1,256,4,261,288,0,288,549
04/17/2020,DWH,TX,ASW,CE,Towers with Radar,0,2,25,4,31,0,3,73,0,76,0,5,98,4,107,192,0,192,299
04/18/2020,DWH,TX,ASW,CE,Towers with Radar,0,1,18,0,19,0,0,0,0,0,0,1,18,0,19,28,0,28,47
04/19/2020,DWH,TX,ASW,CE,Towers with Radar,0,1,5,0,6,0,3,19,0,22,0,4,24,0,28,68,0,68,96
04/20/2020,DWH,TX,ASW,CE,Towers with Radar,0,3,30,0,33,0,1,146,0,147,0,4,176,0,180,308,0,308,488
04/21/2020,DWH,TX,ASW,CE,Towers with Radar,0,0,36,3,39,0,2,212,0,214,0,2,248,3,253,356,0,356,609
04/22/2020,DWH,TX,ASW,CE,Towers with Radar,0,2,16,0,18,0,2,7,2,11,0,4,23,2,29,150,0,150,179
04/23/2020,DWH,TX,ASW,CE,Towers with Radar,0,2,31,2,35,0,3,238,0,241,0,5,269,2,276,229,0,229,505
04/24/2020,DWH,TX,ASW,CE,Towers with Radar,0,0,41,0,41,0,3,243,0,246,0,3,284,0,287,292,0,292,579
04/25/2020,DWH,TX,ASW,CE,Towers with Radar,0,0,17,0,17,0,3,179,0,182,0,3,196,0,199,170,0,170,369
04/26/2020,DWH,TX,ASW,CE,Towers with Radar,0,0,23,0,23,0,0,256,0,256,0,0,279,0,279,399,0,399,678
04/27/2020,DWH,TX,ASW,CE,Towers with Radar,0,0,37,4,41,0,2,185,0,187,0,2,222,4,228,256,0,256,484
04/28/2020,DWH,TX,ASW,CE,Towers with Radar,0,0,17,0,17,0,2,29,0,31,0,2,46,0,48,51,0,51,99
04/29/2020,DWH,TX,ASW,CE,Towers with Radar,0,0,24,0,24,0,5,106,0,111,0,5,130,0,135,188,0,188,323
04/30/2020,DWH,TX,ASW,CE,Towers with Radar,0,3,25,0,28,0,4,306,1,311,0,7,331,1,339,432,0,432,771
05/01/2020,DWH,TX,ASW,CE,Towers with Radar,0,1,33,2,36,0,6,236,0,242,0,7,269,2,278,334,0,334,612
05/02/2020,DWH,TX,ASW,CE,Towers with Radar,0,2,37,0,39,0,1,204,0,205,0,3,241,0,244,288,0,288,532
05/03/2020,DWH,TX,ASW,CE,Towers with Radar,0,2,28,0,30,0,2,143,0,145,0,4,171,0,175,274,0,274,449
05/04/2020,DWH,TX,ASW,CE,Towers with Radar,0,2,28,2,32,0,1,127,1,129,0,3,155,3,161,218,0,218,379
05/05/2020,DWH,TX,ASW,CE,Towers with Radar,0,2,30,0,32,0,1,88,0,89,0,3,118,0,121,232,0,232,353
05/06/2020,DWH,TX,ASW,CE,Towers with Radar,0,3,29,0,32,0,4,160,0,164,0,7,189,0,196,198,0,198,394
05/07/2020,DWH,TX,ASW,CE,Towers with Radar,0,2,39,1,42,0,2,226,2,230,0,4,265,3,272,217,2,219,491
05/08/2020,DWH,TX,ASW,CE,Towers with Radar,0,3,22,0,25,0,2,35,0,37,0,5,57,0,62,61,0,61,123
05/09/2020,DWH,TX,ASW,CE,Towers with Radar,0,1,27,1,29,0,1,130,0,131,0,2,157,1,160,152,0,152,312
05/10/2020,DWH,TX,ASW,CE,Towers with Radar,0,3,23,0,26,0,2,176,0,178,0,5,199,0,204,217,0,217,421
05/11/2020,DWH,TX,ASW,CE,Towers with Radar,0,1,24,2,27,0,2,183,0,185,0,3,207,2,212,188,0,188,400
05/12/2020,DWH,TX,ASW,CE,Towers with Radar,0,3,39,0,42,0,2,100,0,102,0,5,139,0,144,191,0,191,335
05/13/2020,DWH,TX,ASW,CE,Towers with Radar,0,3,30,0,33,0,1,137,0,138,0,4,167,0,171,294,0,294,465
05/14/2020,DWH,TX,ASW,CE,Towers with Radar,0,3,24,2,29,0,2,71,0,73,0,5,95,2,102,120,0,120,222
05/15/2020,DWH,TX,ASW,CE,Towers with Radar,0,1,24,0,25,0,2,30,0,32,0,3,54,0,57,70,0,70,127
05/16/2020,DWH,TX,ASW,CE,Towers with Radar,0,1,19,0,20,0,2,22,0,24,0,3,41,0,44,98,0,98,142
05/17/2020,DWH,TX,ASW,CE,Towers with Radar,0,4,26,0,30,0,2,150,0,152,0,6,176,0,182,136,0,136,318
05/18/2020,DWH,TX,ASW,CE,Towers with Radar,0,0,32,5,37,0,0,178,0,178,0,0,210,5,215,287,0,287,502
05/19/2020,DWH,TX,ASW,CE,Towers with Radar,0,0,44,0,44,0,2,208,1,211,0,2,252,1,255,284,0,284,539
05/20/2020,DWH,TX,ASW,CE,Towers with Radar,0,0,54,1,55,0,0,151,0,151,0,0,205,1,206,330,0,330,536
05/21/2020,DWH,TX,ASW,CE,Towers with Radar,0,7,36,0,43,0,2,127,0,129,0,9,163,0,172,321,0,321,493
05/22/2020,DWH,TX,ASW,CE,Towers with Radar,0,2,51,2,55,0,1,130,1,132,0,3,181,3,187,309,0,309,496
05/23/2020,DWH,TX,ASW,CE,Towers with Radar,0,1,37,0,38,0,2,135,0,137,0,3,172,0,175,276,0,276,451
05/24/2020,DWH,TX,ASW,CE,Towers with Radar,0,3,9,0,12,0,0,9,0,9,0,3,18,0,21,82,0,82,103
05/25/2020,DWH,TX,ASW,CE,Towers with Radar,0,1,29,0,30,0,0,53,0,53,0,1,82,0,83,157,0,157,240
05/26/2020,DWH,TX,ASW,CE,Towers with Radar,0,6,18,1,25,0,0,157,0,157,0,6,175,1,182,281,0,281,463
05/27/2020,DWH,TX,ASW,CE,Towers with Radar,0,2,12,0,14,0,2,166,2,170,0,4,178,2,184,214,0,214,398
05/28/2020,DWH,TX,ASW,CE,Towers with Radar,0,2,28,1,31,0,1,105,3,109,0,3,133,4,140,328,0,328,468
05/29/2020,DWH,TX,ASW,CE,Towers with Radar,0,0,26,1,27,0,0,180,3,183,0,0,206,4,210,212,0,212,422
05/30/2020,DWH,TX,ASW,CE,Towers with Radar,0,2,26,0,28,0,2,198,0,200,0,4,224,0,228,372,0,372,600
05/31/2020,DWH,TX,ASW,CE,Towers with Radar,0,5,16,0,21,0,1,93,0,94,0,6,109,0,115,274,0,274,389
06/01/2020,DWH,TX,ASW,CE,Towers with Radar,0,2,21,0,23,0,3,123,1,127,0,5,144,1,150,203,0,203,353
06/02/2020,DWH,TX,ASW,CE,Towers with Radar,0,1,31,2,34,0,0,159,0,159,0,1,190,2,193,332,0,332,525
06/03/2020,DWH,TX,ASW,CE,Towers with Radar,0,5,47,0,52,0,2,98,3,103,0,7,145,3,155,130,0,130,285
06/04/2020,DWH,TX,ASW,CE,Towers with Radar,0,1,56,5,62,0,3,137,1,141,0,4,193,6,203,195,0,195,398
06/05/2020,DWH,TX,ASW,CE,Towers with Radar,0,0,40,0,40,0,4,194,1,199,0,4,234,1,239,329,0,329,568
06/06/2020,DWH,TX,ASW,CE,Towers with Radar,0,1,27,0,28,0,3,203,0,206,0,4,230,0,234,190,0,190,424
06/07/2020,DWH,TX,ASW,CE,Towers with Radar,0,1,25,2,28,0,1,148,0,149,0,2,173,2,177,259,0,259,436
06/08/2020,DWH,TX,ASW,CE,Towers with Radar,0,3,22,0,25,0,1,162,0,163,0,4,184,0,188,224,0,224,412
06/09/2020,DWH,TX,ASW,CE,Towers with Radar,0,0,31,2,33,0,1,151,0,152,0,1,182,2,185,254,0,254,439
06/10/2020,DWH,TX,ASW,CE,Towers with Radar,0,1,27,1,29,0,4,159,1,164,0,5,186,2,193,151,0,151,344
06/11/2020,DWH,TX,ASW,CE,Towers with Radar,0,3,41,0,44,0,5,222,1,228,0,8,263,1,272,212,0,212,484
06/12/2020,DWH,TX,ASW,CE,Towers with Radar,0,5,29,1,35,0,1,188,9,198,0,6,217,10,233,214,0,214,447
06/13/2020,DWH,TX,ASW,CE,Towers with Radar,0,3,21,0,24,0,3,166,0,169,0,6,187,0,193,174,0,174,367
06/14/2020,DWH,TX,ASW,CE,Towers with Radar,0,9,17,0,26,0,4,136,0,140,0,13,153,0,166,240,0,240,406
06/15/2020,DWH,TX,ASW,CE,Towers with Radar,0,5,25,0,30,0,0,140,1,141,0,5,165,1,171,198,0,198,369
06/16/2020,DWH,TX,ASW,CE,Towers with Radar,0,4,25,0,29,0,0,167,1,168,0,4,192,1,197,386,0,386,583
06/17/2020,DWH,TX,ASW,CE,Towers with Radar,0,3,26,0,29,0,3,177,1,181,0,6,203,1,210,261,0,261,471
06/18/2020,DWH,TX,ASW,CE,Towers with Radar,0,4,39,2,45,0,3,170,0,173,0,7,209,2,218,208,0,208,426
06/19/2020,DWH,TX,ASW,CE,Towers with Radar,0,9,39,5,53,0,2,104,2,108,0,11,143,7,161,187,1,188,349
06/20/2020,DWH,TX,ASW,CE,Towers with Radar,0,0,20,2,22,0,0,101,0,101,0,0,121,2,123,327,0,327,450
06/21/2020,DWH,TX,ASW,CE,Towers with Radar,0,5,11,0,16,0,1,73,0,74,0,6,84,0,90,171,0,171,261
06/22/2020,DWH,TX,ASW,CE,Towers with Radar,0,6,19,0,25,0,0,19,0,19,0,6,38,0,44,55,0,55,99
06/23/2020,DWH,TX,ASW,CE,Towers with Radar,0,2,24,0,26,0,7,87,1,95,0,9,111,1,121,332,0,332,453
06/24/2020,DWH,TX,ASW,CE,Towers with Radar,0,7,32,0,39,0,2,19,1,22,0,9,51,1,61,56,0,56,117
06/25/2020,DWH,TX,ASW,CE,Towers with Radar,0,0,17,0,17,0,0,63,0,63,0,0,80,0,80,128,0,128,208
06/26/2020,DWH,TX,ASW,CE,Towers with Radar,0,2,57,0,59,0,1,33,2,36,0,3,90,2,95,226,0,226,321
06/27/2020,DWH,TX,ASW,CE,Towers with Radar,0,7,39,0,46,0,1,85,0,86,0,8,124,0,132,146,0,146,278
06/28/2020,DWH,TX,ASW,CE,Towers with Radar,0,2,21,0,23,0,2,80,0,82,0,4,101,0,105,126,0,126,231
06/29/2020,DWH,TX,ASW,CE,Towers with Radar,0,6,30,0,36,0,1,116,0,117,0,7,146,0,153,252,0,252,405
06/30/2020,DWH,TX,ASW,CE,Towers with Radar,0,6,24,0,30,0,4,119,0,123,0,10,143,0,153,212,0,212,365
07/01/2020,DWH,TX,ASW,CE,Towers with Radar,0,5,40,0,45,0,0,129,2,131,0,5,169,2,176,322,0,322,498
07/02/2020,DWH,TX,ASW,CE,Towers with Radar,0,9,40,0,49,0,0,160,0,160,0,9,200,0,209,307,0,307,516
07/03/2020,DWH,TX,ASW,CE,Towers with Radar,0,6,71,0,77,0,1,144,1,146,0,7,215,1,223,285,0,285,508
07/04/2020,DWH,TX,ASW,CE,Towers with Radar,0,3,22,0,25,0,0,126,0,126,0,3,148,0,151,203,0,203,354
07/05/2020,DWH,TX,ASW,CE,Towers with Radar,0,4,32,0,36,0,0,132,0,132,0,4,164,0,168,136,0,136,304
07/06/2020,DWH,TX,ASW,CE,Towers with Radar,0,5,19,0,24,0,0,92,0,92,0,5,111,0,116,141,0,141,257
07/07/2020,DWH,TX,ASW,CE,Towers with Radar,0,3,39,0,42,0,2,82,0,84,0,5,121,0,126,232,0,232,358
07/08/2020,DWH,TX,ASW,CE,Towers with Radar,0,1,49,0,50,0,2,153,0,155,0,3,202,0,205,118,0,118,323
07/09/2020,DWH,TX,ASW,CE,Towers with Radar,0,6,42,2,50,0,2,136,0,138,0,8,178,2,188,138,0,138,326
07/10/2020,DWH,TX,ASW,CE,Towers with Radar,0,4,34,2,40,0,2,130,1,133,0,6,164,3,173,350,0,350,523
07/11/2020,DWH,TX,ASW,CE,Towers with Radar,0,5,45,0,50,0,4,175,0,179,0,9,220,0,229,230,0,230,459
07/12/2020,DWH,TX,ASW,CE,Towers with Radar,0,11,23,3,37,0,1,119,2,122,0,12,142,5,159,230,0,230,389
07/13/2020,DWH,TX,ASW,CE,Towers with Radar,0,3,43,4,50,0,3,133,3,139,0,6,176,7,189,307,0,307,496
07/14/2020,DWH,TX,ASW,CE,Towers with Radar,0,3,36,1,40,0,3,156,0,159,0,6,192,1,199,217,0,217,416
07/15/2020,DWH,TX,ASW,CE,Towers with Radar,0,3,34,1,38,0,1,156,1,158,0,4,190,2,196,221,0,221,417
07/16/2020,DWH,TX,ASW,CE,Towers with Radar,0,6,47,0,53,0,2,140,0,142,0,8,187,0,195,198,0,198,393
07/17/2020,DWH,TX,ASW,CE,Towers with Radar,0,6,33,0,39,0,0,101,0,101,0,6,134,0,140,155,0,155,295
07/18/2020,DWH,TX,ASW,CE,Towers with Radar,0,2,24,2,28,0,2,129,1,132,0,4,153,3,160,132,0,132,292
07/19/2020,DWH,TX,ASW,CE,Towers with Radar,0,0,28,0,28,0,2,97,1,100,0,2,125,1,128,144,0,144,272
07/20/2020,DWH,TX,ASW,CE,Towers with Radar,0,5,19,0,24,0,2,108,3,113,0,7,127,3,137,212,0,212,349
07/21/2020,DWH,TX,ASW,CE,Towers with Radar,0,3,26,0,29,0,1,58,2,61,0,4,84,2,90,112,0,112,202
07/22/2020,DWH,TX,ASW,CE,Towers with Radar,0,3,25,0,28,0,3,60,1,64,0,6,85,1,92,176,0,176,268
07/23/2020,DWH,TX,ASW,CE,Towers with Radar,0,9,40,2,51,0,5,190,2,197,0,14,230,4,248,246,0,246,494
07/24/2020,DWH,TX,ASW,CE,Towers with Radar,0,2,27,0,29,0,1,89,2,92,0,3,116,2,121,123,0,123,244
07/25/2020,DWH,TX,ASW,CE,Towers with Radar,0,4,8,0,12,0,0,3,0,3,0,4,11,0,15,15,0,15,30
07/26/2020,DWH,TX,ASW,CE,Towers with Radar,0,7,23,0,30,0,1,21,3,25,0,8,44,3,55,26,0,26,81
07/27/2020,DWH,TX,ASW,CE,Towers with Radar,0,7,36,0,43,0,3,60,0,63,0,10,96,0,106,198,0,198,304
07/28/2020,DWH,TX,ASW,CE,Towers with Radar,0,4,46,0,50,0,1,42,2,45,0,5,88,2,95,123,0,123,218
07/29/2020,DWH,TX,ASW,CE,Towers with Radar,0,3,32,2,37,0,0,101,3,104,0,3,133,5,141,116,0,116,257
07/30/2020,DWH,TX,ASW,CE,Towers with Radar,0,3,57,0,60,0,2,199,0,201,0,5,256,0,261,154,0,154,415
07/31/2020,DWH,TX,ASW,CE,Towers with Radar,0,4,44,2,50,0,4,148,1,153,0,8,192,3,203,184,0,184,387
08/01/2020,DWH,TX,ASW,CE,Towers with Radar,0,9,25,0,34,0,0,106,0,106,0,9,131,0,140,166,0,166,306
08/02/2020,DWH,TX,ASW,CE,Towers with Radar,0,4,26,0,30,0,3,166,0,169,0,7,192,0,199,290,0,290,489
08/03/2020,DWH,TX,ASW,CE,Towers with Radar,0,6,29,3,38,0,4,170,4,178,0,10,199,7,216,279,0,279,495
08/04/2020,DWH,TX,ASW,CE,Towers with Radar,0,3,35,2,40,0,4,199,1,204,0,7,234,3,244,170,0,170,414
08/05/2020,DWH,TX,ASW,CE,Towers with Radar,0,4,31,0,35,0,1,168,5,174,0,5,199,5,209,237,0,237,446
08/06/2020,DWH,TX,ASW,CE,Towers with Radar,0,7,43,0,50,0,1,173,1,175,0,8,216,1,225,284,0,284,509
08/07/2020,DWH,TX,ASW,CE,Towers with Radar,0,5,43,0,48,0,2,163,1,166,0,7,206,1,214,225,0,225,439
08/08/2020,DWH,TX,ASW,CE,Towers with Radar,0,3,22,9,34,0,0,194,1,195,0,3,216,10,229,244,0,244,473
08/09/2020,DWH,TX,ASW,CE,Towers with Radar,0,5,34,0,39,0,6,95,0,101,0,11,129,0,140,183,0,183,323
08/10/2020,DWH,TX,ASW,CE,Towers with Radar,0,6,32,0,38,0,0,126,0,126,0,6,158,0,164,120,0,120,284
08/11/2020,DWH,TX,ASW,CE,Towers with Radar,0,11,25,0,36,0,2,147,2,151,0,13,172,2,187,261,0,261,448
08/12/2020,DWH,TX,ASW,CE,Towers with Radar,0,5,23,0,28,0,4,135,2,141,0,9,158,2,169,166,0,166,335
08/13/2020,DWH,TX,ASW,CE,Towers with Radar,0,2,41,0,43,0,0,159,3,162,0,2,200,3,205,258,0,258,463
08/14/2020,DWH,TX,ASW,CE,Towers with Radar,0,4,38,0,42,0,0,164,1,165,0,4,202,1,207,172,0,172,379
08/15/2020,DWH,TX,ASW,CE,Towers with Radar,0,3,38,0,41,0,0,159,0,159,0,3,197,0,200,222,0,222,422
08/16/2020,DWH,TX,ASW,CE,Towers with Radar,0,13,20,0,33,0,4,153,0,157,0,17,173,0,190,203,0,203,393
08/17/2020,DWH,TX,ASW,CE,Towers with Radar,0,10,30,0,40,0,4,139,4,147,0,14,169,4,187,219,0,219,406
08/18/2020,DWH,TX,ASW,CE,Towers with Radar,0,7,24,3,34,0,0,146,2,148,0,7,170,5,182,239,0,239,421
08/19/2020,DWH,TX,ASW,CE,Towers with Radar,0,4,24,3,31,0,3,138,0,141,0,7,162,3,172,230,0,230,402
08/20/2020,DWH,TX,ASW,CE,Towers with Radar,0,3,41,2,46,0,0,169,0,169,0,3,210,2,215,299,0,299,514
08/21/2020,DWH,TX,ASW,CE,Towers with Radar,0,10,34,1,45,0,3,149,2,154,0,13,183,3,199,257,0,257,456
08/22/2020,DWH,TX,ASW,CE,Towers with Radar,0,5,19,0,24,0,4,113,0,117,0,9,132,0,141,302,0,302,443
08/23/2020,DWH,TX,ASW,CE,Towers with Radar,0,5,27,2,34,0,4,150,0,154,0,9,177,2,188,203,0,203,391
08/24/2020,DWH,TX,ASW,CE,Towers with Radar,0,1,18,0,19,0,0,134,1,135,0,1,152,1,154,208,0,208,362
08/25/2020,DWH,TX,ASW,CE,Towers with Radar,0,1,23,2,26,0,1,145,0,146,0,2,168,2,172,190,0,190,362
08/26/2020,DWH,TX,ASW,CE,Towers with Radar,0,7,12,0,19,0,0,4,0,4,0,7,16,0,23,38,0,38,61
08/27/2020,DWH,TX,ASW,CE,Towers with Radar,0,3,15,3,21,0,3,87,0,90,0,6,102,3,111,68,0,68,179
08/28/2020,DWH,TX,ASW,CE,Towers with Radar,0,4,29,1,34,0,3,85,1,89,0,7,114,2,123,142,0,142,265
08/29/2020,DWH,TX,ASW,CE,Towers with Radar,0,1,25,6,32,0,3,164,0,167,0,4,189,6,199,256,0,256,455
08/30/2020,DWH,TX,ASW,CE,Towers with Radar,0,8,17,2,27,0,2,142,0,144,0,10,159,2,171,228,0,228,399
08/31/2020,DWH,TX,ASW,CE,Towers with Radar,0,5,48,0,53,0,3,95,1,99,0,8,143,1,152,176,0,176,328
09/01/2020,DWH,TX,ASW,CE,Towers with Radar,0,4,27,4,35,0,2,100,1,103,0,6,127,5,138,239,0,239,377
09/02/2020,DWH,TX,ASW,CE,Towers with Radar,0,6,31,2,39,0,2,72,0,74,0,8,103,2,113,149,0,149,262
09/03/2020,DWH,TX,ASW,CE,Towers with Radar,0,3,25,0,28,0,6,138,0,144,0,9,163,0,172,266,0,266,438
09/04/2020,DWH,TX,ASW,CE,Towers with Radar,0,6,30,1,37,0,2,53,1,56,0,8,83,2,93,190,0,190,283
09/05/2020,DWH,TX,ASW,CE,Towers with Radar,0,3,19,0,22,0,6,141,0,147,0,9,160,0,169,210,0,210,379
09/06/2020,DWH,TX,ASW,CE,Towers with Radar,0,3,17,0,20,0,2,133,2,137,0,5,150,2,157,292,0,292,449
09/07/2020,DWH,TX,ASW,CE,Towers with Radar,0,11,31,0,42,0,3,130,0,133,0,14,161,0,175,206,0,206,381
09/08/2020,DWH,TX,ASW,CE,Towers with Radar,0,5,20,1,26,0,0,41,2,43,0,5,61,3,69,178,0,178,247
09/09/2020,DWH,TX,ASW,CE,Towers with Radar,0,9,27,0,36,0,3,89,3,95,0,12,116,3,131,175,0,175,306
09/10/2020,DWH,TX,ASW,CE,Towers with Radar,0,6,47,2,55,0,0,53,2,55,0,6,100,4,110,92,0,92,202
09/11/2020,DWH,TX,ASW,CE,Towers with Radar,0,4,46,2,52,0,0,147,1,148,0,4,193,3,200,161,0,161,361
09/12/2020,DWH,TX,ASW,CE,Towers with Radar,0,5,32,2,39,0,2,223,0,225,0,7,255,2,264,240,0,240,504
09/13/2020,DWH,TX,ASW,CE,Towers with Radar,0,3,29,1,33,0,0,95,0,95,0,3,124,1,128,194,0,194,322
09/14/2020,DWH,TX,ASW,CE,Towers with Radar,0,5,41,1,47,0,3,74,0,77,0,8,115,1,124,144,0,144,268
09/15/2020,DWH,TX,ASW,CE,Towers with Radar,0,3,50,1,54,0,0,167,1,168,0,3,217,2,222,216,0,216,438
09/16/2020,DWH,TX,ASW,CE,Towers with Radar,0,6,41,0,47,0,3,166,0,169,0,9,207,0,216,218,0,218,434
09/17/2020,DWH,TX,ASW,CE,Towers with Radar,0,1,24,0,25,0,0,156,0,156,0,1,180,0,181,142,0,142,323
09/18/2020,DWH,TX,ASW,CE,Towers with Radar,0,6,27,0,33,0,1,195,1,197,0,7,222,1,230,158,0,158,388
09/19/2020,DWH,TX,ASW,CE,Towers with Radar,0,5,30,0,35,0,2,170,0,172,0,7,200,0,207,168,0,168,375
09/20/2020,DWH,TX,ASW,CE,Towers with Radar,0,5,26,1,32,0,1,44,0,45,0,6,70,1,77,80,0,80,157
09/21/2020,DWH,TX,ASW,CE,Towers with Radar,0,4,19,0,23,0,0,2,0,2,0,4,21,0,25,0,0,0,25
09/22/2020,DWH,TX,ASW,CE,Towers with Radar,0,6,2,0,8,0,0,0,0,0,0,6,2,0,8,0,0,0,8
09/23/2020,DWH,TX,ASW,CE,Towers with Radar,0,9,26,0,35,0,0,2,0,2,0,9,28,0,37,36,0,36,73
09/24/2020,DWH,TX,ASW,CE,Towers with Radar,0,0,68,0,68,0,2,67,0,69,0,2,135,0,137,207,0,207,344
09/25/2020,DWH,TX,ASW,CE,Towers with Radar,0,7,40,0,47,0,2,233,1,236,0,9,273,1,283,190,0,190,473
09/26/2020,DWH,TX,ASW,CE,Towers with Radar,0,4,44,0,48,0,4,189,0,193,0,8,233,0,241,270,0,270,511
09/27/2020,DWH,TX,ASW,CE,Towers with Radar,0,6,41,0,47,0,0,150,0,150,0,6,191,0,197,212,0,212,409
09/28/2020,DWH,TX,ASW,CE,Towers with Radar,0,5,32,0,37,0,2,54,0,56,0,7,86,0,93,78,0,78,171
09/29/2020,DWH,TX,ASW,CE,Towers with Radar,0,7,18,0,25,0,0,145,1,146,0,7,163,1,171,118,0,118,289
09/30/2020,DWH,TX,ASW,CE,Towers with Radar,0,7,36,0,43,0,2,199,1,202,0,9,235,1,245,197,0,197,442
10/01/2020,DWH,TX,ASW,CE,Towers with Radar,0,5,25,0,30,0,1,171,1,173,0,6,196,1,203,203,0,203,406
10/02/2020,DWH,TX,ASW,CE,Towers with Radar,0,2,31,0,33,0,2,201,2,205,0,4,232,2,238,192,0,192,430
10/03/2020,DWH,TX,ASW,CE,Towers with Radar,0,5,28,0,33,0,3,207,3,213,0,8,235,3,246,283,0,283,529
10/04/2020,DWH,TX,ASW,CE,Towers with Radar,0,4,26,1,31,0,3,175,0,178,0,7,201,1,209,242,0,242,451
10/05/2020,DWH,TX,ASW,CE,Towers with Radar,0,8,18,4,30,0,3,154,0,157,0,11,172,4,187,152,0,152,339
10/06/2020,DWH,TX,ASW,CE,Towers with Radar,0,7,54,5,66,0,2,186,1,189,0,9,240,6,255,231,0,231,486
10/07/2020,DWH,TX,ASW,CE,Towers with Radar,0,5,34,0,39,0,1,151,0,152,0,6,185,0,191,200,0,200,391
10/08/2020,DWH,TX,ASW,CE,Towers with Radar,0,7,26,0,33,0,2,118,0,120,0,9,144,0,153,128,0,128,281
10/09/2020,DWH,TX,ASW,CE,Towers with Radar,0,3,25,0,28,0,1,14,0,15,0,4,39,0,43,32,0,32,75
10/10/2020,DWH,TX,ASW,CE,Towers with Radar,0,6,25,0,31,0,0,168,0,168,0,6,193,0,199,154,0,154,353
10/11/2020,DWH,TX,ASW,CE,Towers with Radar,0,3,40,0,43,0,2,147,0,149,0,5,187,0,192,290,0,290,482
10/12/2020,DWH,TX,ASW,CE,Towers with Radar,0,6,41,2,49,0,3,120,0,123,0,9,161,2,172,160,0,160,332
10/13/2020,DWH,TX,ASW,CE,Towers with Radar,0,3,40,0,43,0,2,169,0,171,0,5,209,0,214,350,0,350,564
10/14/2020,DWH,TX,ASW,CE,Towers with Radar,0,9,49,3,61,0,4,177,1,182,0,13,226,4,243,325,0,325,568
10/15/2020,DWH,TX,ASW,CE,Towers with Radar,0,1,57,0,58,0,2,128,0,130,0,3,185,0,188,176,0,176,364
10/16/2020,DWH,TX,ASW,CE,Towers with Radar,0,2,35,0,37,0,1,80,1,82,0,3,115,1,119,79,0,79,198
10/17/2020,DWH,TX,ASW,CE,Towers with Radar,0,3,37,0,40,0,1,168,0,169,0,4,205,0,209,335,0,335,544
10/18/2020,DWH,TX,ASW,CE,Towers with Radar,0,1,43,0,44,0,2,154,0,156,0,3,197,0,200,219,0,219,419
10/19/2020,DWH,TX,ASW,CE,Towers with Radar,0,6,79,4,89,0,0,63,0,63,0,6,142,4,152,116,0,116,268
10/20/2020,DWH,TX,ASW,CE,Towers with Radar,0,4,42,0,46,0,1,126,1,128,0,5,168,1,174,117,0,117,291
10/21/2020,DWH,TX,ASW,CE,Towers with Radar,0,8,52,2,62,0,1,106,0,107,0,9,158,2,169,136,0,136,305
10/22/2020,DWH,TX,ASW,CE,Towers with Radar,0,7,54,0,61,0,1,127,0,128,0,8,181,0,189,230,0,230,419
10/23/2020,DWH,TX,ASW,CE,Towers with Radar,0,8,63,0,71,0,2,43,0,45,0,10,106,0,116,40,0,40,156
10/24/2020,DWH,TX,ASW,CE,Towers with Radar,0,4,26,0,30,0,2,164,0,166,0,6,190,0,196,334,0,334,530
10/25/2020,DWH,TX,ASW,CE,Towers with Radar,0,10,49,0,59,0,2,12,0,14,0,12,61,0,73,114,0,114,187
10/26/2020,DWH,TX,ASW,CE,Towers with Radar,0,7,41,0,48,0,1,86,0,87,0,8,127,0,135,208,0,208,343
10/27/2020,DWH,TX,ASW,CE,Towers with Radar,0,0,33,0,33,0,1,8,0,9,0,1,41,0,42,52,0,52,94
10/28/2020,DWH,TX,ASW,CE,Towers with Radar,0,5,34,0,39,0,0,2,0,2,0,5,36,0,41,12,0,12,53
10/29/2020,DWH,TX,ASW,CE,Towers with Radar,0,4,27,2,33,0,0,144,3,147,0,4,171,5,180,156,0,156,336
10/30/2020,DWH,TX,ASW,CE,Towers with Radar,0,4,35,0,39,0,0,239,1,240,0,4,274,1,279,228,0,228,507
10/31/2020,DWH,TX,ASW,CE,Towers with Radar,0,10,30,2,42,0,3,229,0,232,0,13,259,2,274,311,0,311,585
11/01/2020,DWH,TX,ASW,CE,Towers with Radar,0,6,25,0,31,0,5,163,0,168,0,11,188,0,199,186,0,186,385
11/02/2020,DWH,TX,ASW,CE,Towers with Radar,0,11,17,0,28,0,3,162,2,167,0,14,179,2,195,267,0,267,462
11/03/2020,DWH,TX,ASW,CE,Towers with Radar,0,4,42,1,47,0,1,185,1,187,0,5,227,2,234,267,0,267,501
11/04/2020,DWH,TX,ASW,CE,Towers with Radar,0,17,58,0,75,0,2,205,2,209,0,19,263,2,284,219,0,219,503
11/05/2020,DWH,TX,ASW,CE,Towers with Radar,0,2,50,1,53,0,2,169,5,176,0,4,219,6,229,289,0,289,518
11/06/2020,DWH,TX,ASW,CE,Towers with Radar,0,5,45,0,50,0,3,178,1,182,0,8,223,1,232,260,0,260,492
11/07/2020,DWH,TX,ASW,CE,Towers with Radar,0,9,22,0,31,0,0,197,1,198,0,9,219,1,229,246,0,246,475
11/08/2020,DWH,TX,ASW,CE,Towers with Radar,0,17,34,0,51,0,0,72,0,72,0,17,106,0,123,148,0,148,271
11/09/2020,DWH,TX,ASW,CE,Towers with Radar,0,2,36,2,40,0,1,69,0,70,0,3,105,2,110,238,0,238,348
11/10/2020,DWH,TX,ASW,CE,Towers with Radar,0,1,44,0,45,0,1,103,4,108,0,2,147,4,153,152,0,152,305
11/11/2020,DWH,TX,ASW,CE,Towers with Radar,0,8,30,6,44,0,4,191,1,196,0,12,221,7,240,319,0,319,559
11/12/2020,DWH,TX,ASW,CE,Towers with Radar,0,0,51,0,51,0,1,167,1,169,0,1,218,1,220,138,0,138,358
11/13/2020,DWH,TX,ASW,CE,Towers with Radar,0,6,38,1,45,0,2,43,0,45,0,8,81,1,90,152,0,152,242
11/14/2020,DWH,TX,ASW,CE,Towers with Radar,0,0,37,5,42,0,1,109,3,113,0,1,146,8,155,274,0,274,429
11/15/2020,DWH,TX,ASW,CE,Towers with Radar,0,4,27,8,39,0,5,158,3,166,0,9,185,11,205,267,0,267,472
11/16/2020,DWH,TX,ASW,CE,Towers with Radar,0,5,28,2,35,0,2,176,4,182,0,7,204,6,217,225,0,225,442
11/17/2020,DWH,TX,ASW,CE,Towers with Radar,0,4,31,2,37,0,2,170,2,174,0,6,201,4,211,280,0,280,491
11/18/2020,DWH,TX,ASW,CE,Towers with Radar,0,10,32,0,42,0,2,182,2,186,0,12,214,2,228,345,0,345,573
11/19/2020,DWH,TX,ASW,CE,Towers with Radar,0,1,52,3,56,0,1,146,1,148,0,2,198,4,204,273,0,273,477
11/20/2020,DWH,TX,ASW,CE,Towers with Radar,0,4,53,1,58,0,2,96,1,99,0,6,149,2,157,286,0,286,443
11/21/2020,DWH,TX,ASW,CE,Towers with Radar,0,5,29,0,34,0,0,133,0,133,0,5,162,0,167,222,0,222,389
11/22/2020,DWH,TX,ASW,CE,Towers with Radar,0,5,30,0,35,0,2,146,0,148,0,7,176,0,183,278,0,278,461
11/23/2020,DWH,TX,ASW,CE,Towers with Radar,0,4,54,0,58,0,2,31,2,35,0,6,85,2,93,174,0,174,267
11/24/2020,DWH,TX,ASW,CE,Towers with Radar,0,6,45,4,55,0,1,49,3,53,0,7,94,7,108,124,0,124,232
11/25/2020,DWH,TX,ASW,CE,Towers with Radar,0,1,36,0,37,0,5,196,0,201,0,6,232,0,238,275,0,275,513
11/26/2020,DWH,TX,ASW,CE,Towers with Radar,0,2,15,0,17,0,4,41,0,45,0,6,56,0,62,48,0,48,110
11/27/2020,DWH,TX,ASW,CE,Towers with Radar,0,7,21,0,28,0,0,1,0,1,0,7,22,0,29,24,0,24,53
11/28/2020,DWH,TX,ASW,CE,Towers with Radar,0,6,14,0,20,0,0,0,0,0,0,6,14,0,20,0,0,0,20
11/29/2020,DWH,TX,ASW,CE,Towers with Radar,0,1,64,2,67,0,0,37,0,37,0,1,101,2,104,89,0,89,193
11/30/2020,DWH,TX,ASW,CE,Towers with Radar,0,11,34,1,46,0,5,160,3,168,0,16,194,4,214,155,2,157,371
12/01/2020,DWH,TX,ASW,CE,Towers with Radar,0,3,39,0,42,0,2,159,3,164,0,5,198,3,206,194,0,194,400
12/02/2020,DWH,TX,ASW,CE,Towers with Radar,0,6,67,0,73,0,0,1,0,1,0,6,68,0,74,0,0,0,74
12/03/2020,DWH,TX,ASW,CE,Towers with Radar,0,4,52,0,56,0,3,176,5,184,0,7,228,5,240,191,0,191,431
12/04/2020,DWH,TX,ASW,CE,Towers with Radar,0,8,42,2,52,0,2,183,4,189,0,10,225,6,241,257,0,257,498
12/05/2020,DWH,TX,ASW,CE,Towers with Radar,0,2,26,0,28,0,4,203,0,207,0,6,229,0,235,223,0,223,458
12/06/2020,DWH,TX,ASW,CE,Towers with Radar,0,6,31,2,39,0,6,186,0,192,0,12,217,2,231,238,0,238,469
12/07/2020,DWH,TX,ASW,CE,Towers with Radar,0,1,37,1,39,0,2,165,5,172,0,3,202,6,211,198,0,198,409
12/08/2020,DWH,TX,ASW,CE,Towers with Radar,0,0,23,0,23,0,0,149,3,152,0,0,172,3,175,76,0,76,251
12/09/2020,DWH,TX,ASW,CE,Towers with Radar,0,0,34,0,34,0,2,196,1,199,0,2,230,1,233,88,0,88,321
12/10/2020,DWH,TX,ASW,CE,Towers with Radar,0,5,30,3,38,0,2,180,2,184,0,7,210,5,222,122,0,122,344
12/11/2020,DWH,TX,ASW,CE,Towers with Radar,0,3,28,0,31,0,1,22,0,23,0,4,50,0,54,88,0,88,142
12/12/2020,DWH,TX,ASW,CE,Towers with Radar,0,0,45,2,47,0,3,84,2,89,0,3,129,4,136,186,0,186,322
12/13/2020,DWH,TX,ASW,CE,Towers with Radar,0,5,19,0,24,0,0,0,0,0,0,5,19,0,24,0,0,0,24
12/14/2020,DWH,TX,ASW,CE,Towers with Radar,0,4,27,2,33,0,6,67,0,73,0,10,94,2,106,239,0,239,345
12/15/2020,DWH,TX,ASW,CE,Towers with Radar,0,5,25,0,30,0,0,1,0,1,0,5,26,0,31,0,0,0,31
12/16/2020,DWH,TX,ASW,CE,Towers with Radar,0,5,46,0,51,0,3,144,0,147,0,8,190,0,198,159,0,159,357
12/17/2020,DWH,TX,ASW,CE,Towers with Radar,0,0,29,0,29,0,2,230,0,232,0,2,259,0,261,167,0,167,428
12/18/2020,DWH,TX,ASW,CE,Towers with Radar,0,5,46,0,51,0,3,123,0,126,0,8,169,0,177,111,0,111,288
12/19/2020,DWH,TX,ASW,CE,Towers with Radar,0,3,18,0,21,0,2,13,0,15,0,5,31,0,36,0,0,0,36
12/20/2020,DWH,TX,ASW,CE,Towers with Radar,0,4,54,2,60,0,3,203,0,206,0,7,257,2,266,170,0,170,436
12/21/2020,DWH,TX,ASW,CE,Towers with Radar,0,7,44,0,51,0,3,252,0,255,0,10,296,0,306,310,0,310,616
12/22/2020,DWH,TX,ASW,CE,Towers with Radar,0,5,40,0,45,0,1,178,0,179,0,6,218,0,224,273,0,273,497
12/23/2020,DWH,TX,ASW,CE,Towers with Radar,0,6,25,0,31,0,1,41,0,42,0,7,66,0,73,76,0,76,149
12/24/2020,DWH,TX,ASW,CE,Towers with Radar,0,2,9,0,11,0,4,66,0,70,0,6,75,0,81,21,0,21,102
12/25/2020,DWH,TX,ASW,CE,Towers with Radar,0,4,12,0,16,0,2,68,0,70,0,6,80,0,86,22,0,22,108
12/26/2020,DWH,TX,ASW,CE,Towers with Radar,0,11,19,0,30,0,2,197,0,199,0,13,216,0,229,186,0,186,415
12/27/2020,DWH,TX,ASW,CE,Towers with Radar,0,6,29,0,35,0,0,137,0,137,0,6,166,0,172,223,0,223,395
12/28/2020,DWH,TX,ASW,CE,Towers with Radar,0,4,31,0,35,0,0,130,0,130,0,4,161,0,165,232,0,232,397
12/29/2020,DWH,TX,ASW,CE,Towers with Radar,0,7,34,0,41,0,3,118,2,123,0,10,152,2,164,136,0,136,300
12/30/2020,DWH,TX,ASW,CE,Towers with Radar,0,4,34,4,42,0,4,10,2,16,0,8,44,6,58,20,0,20,78
12/31/2020,DWH,TX,ASW,CE,Towers with Radar,0,5,2,0,7,0,0,0,0,0,0,5,2,0,7,0,0,0,7
01/01/2021,DWH,TX,ASW,CE,Towers with Radar,0,9,14,0,23,0,0,132,0,132,0,9,146,0,155,278,0,278,433
01/02/2021,DWH,TX,ASW,CE,Towers with Radar,0,6,44,0,50,0,0,193,0,193,0,6,237,0,243,190,0,190,433
01/03/2021,DWH,TX,ASW,CE,Towers with Radar,0,3,26,0,29,0,0,150,0,150,0,3,176,0,179,220,0,220,399
01/04/2021,DWH,TX,ASW,CE,Towers with Radar,0,5,34,0,39,0,3,127,0,130,0,8,161,0,169,270,0,270,439
01/05/2021,DWH,TX,ASW,CE,Towers with Radar,0,2,35,4,41,0,2,165,3,170,0,4,200,7,211,318,0,318,529
01/06/2021,DWH,TX,ASW,CE,Towers with Radar,0,3,32,0,35,0,0,29,0,29,0,3,61,0,64,51,0,51,115
01/07/2021,DWH,TX,ASW,CE,Towers with Radar,0,3,40,0,43,0,1,118,1,120,0,4,158,1,163,190,0,190,353
01/08/2021,DWH,TX,ASW,CE,Towers with Radar,0,3,48,4,55,0,2,104,0,106,0,5,152,4,161,320,0,320,481
01/09/2021,DWH,TX,ASW,CE,Towers with Radar,0,2,27,0,29,0,1,227,0,228,0,3,254,0,257,347,0,347,604
01/10/2021,DWH,TX,ASW,CE,Towers with Radar,0,7,9,0,16,0,1,0,0,1,0,8,9,0,17,0,0,0,17
01/11/2021,DWH,TX,ASW,CE,Towers with Radar,0,3,18,0,21,0,2,36,0,38,0,5,54,0,59,174,0,174,233
01/12/2021,DWH,TX,ASW,CE,Towers with Radar,0,7,34,0,41,0,2,142,0,144,0,9,176,0,185,286,0,286,471
01/13/2021,DWH,TX,ASW,CE,Towers with Radar,0,8,30,0,38,0,2,213,0,215,0,10,243,0,253,274,0,274,527
01/14/2021,DWH,TX,ASW,CE,Towers with Radar,0,8,30,4,42,0,5,122,2,129,0,13,152,6,171,110,0,110,281
01/15/2021,DWH,TX,ASW,CE,Towers with Radar,0,7,23,0,30,0,1,80,0,81,0,8,103,0,111,67,0,67,178
01/16/2021,DWH,TX,ASW,CE,Towers with Radar,0,4,33,4,41,0,1,247,0,248,0,5,280,4,289,209,0,209,498
01/17/2021,DWH,TX,ASW,CE,Towers with Radar,0,4,26,0,30,0,1,202,0,203,0,5,228,0,233,294,0,294,527
01/18/2021,DWH,TX,ASW,CE,Towers with Radar,0,7,45,0,52,0,0,201,0,201,0,7,246,0,253,258,0,258,511
01/19/2021,DWH,TX,ASW,CE,Towers with Radar,0,0,36,1,37,0,3,115,0,118,0,3,151,1,155,235,0,235,390
01/20/2021,DWH,TX,ASW,CE,Towers with Radar,0,3,68,6,77,0,0,7,0,7,0,3,75,6,84,4,0,4,88
01/21/2021,DWH,TX,ASW,CE,Towers with Radar,0,2,21,0,23,0,0,0,0,0,0,2,21,0,23,0,0,0,23
01/22/2021,DWH,TX,ASW,CE,Towers with Radar,0,1,44,0,45,0,2,4,0,6,0,3,48,0,51,0,0,0,51
01/23/2021,DWH,TX,ASW,CE,Towers with Radar,0,1,28,0,29,0,0,4,0,4,0,1,32,0,33,2,0,2,35
01/24/2021,DWH,TX,ASW,CE,Towers with Radar,0,8,23,0,31,0,4,6,0,10,0,12,29,0,41,42,0,42,83
01/25/2021,DWH,TX,ASW,CE,Towers with Radar,0,1,29,2,32,0,2,93,1,96,0,3,122,3,128,271,0,271,399
01/26/2021,DWH,TX,ASW,CE,Towers with Radar,0,1,26,0,27,0,1,223,0,224,0,2,249,0,251,311,0,311,562
01/27/2021,DWH,TX,ASW,CE,Towers with Radar,0,3,32,1,36,0,2,148,2,152,0,5,180,3,188,90,0,90,278
01/28/2021,DWH,TX,ASW,CE,Towers with Radar,0,7,31,0,38,0,5,212,0,217,0,12,243,0,255,333,0,333,588
01/29/2021,DWH,TX,ASW,CE,Towers with Radar,0,1,45,2,48,0,1,186,2,189,0,2,231,4,237,178,0,178,415
01/30/2021,DWH,TX,ASW,CE,Towers with Radar,0,2,48,0,50,0,1,22,0,23,0,3,70,0,73,242,0,242,315
01/31/2021,DWH,TX,ASW,CE,Towers with Radar,0,0,28,0,28,0,0,171,0,171,0,0,199,0,199,161,0,161,360
02/01/2021,DWH,TX,ASW,CE,Towers with Radar,0,2,28,0,30,0,2,154,0,156,0,4,182,0,186,175,0,175,361
02/02/2021,DWH,TX,ASW,CE,Towers with Radar,0,3,40,0,43,0,2,183,1,186,0,5,223,1,229,281,0,281,510
02/03/2021,DWH,TX,ASW,CE,Towers with Radar,0,4,30,0,34,0,1,195,0,196,0,5,225,0,230,214,0,214,444
02/04/2021,DWH,TX,ASW,CE,Towers with Radar,0,6,54,0,60,0,2,81,0,83,0,8,135,0,143,60,0,60,203
02/05/2021,DWH,TX,ASW,CE,Towers with Radar,0,1,40,0,41,0,4,57,2,63,0,5,97,2,104,140,0,140,244
02/06/2021,DWH,TX,ASW,CE,Towers with Radar,0,2,50,0,52,0,0,59,0,59,0,2,109,0,111,137,0,137,248
02/07/2021,DWH,TX,ASW,CE,Towers with Radar,0,6,39,0,45,0,3,214,0,217,0,9,253,0,262,212,0,212,474
02/08/2021,DWH,TX,ASW,CE,Towers with Radar,0,0,27,0,27,0,3,94,1,98,0,3,121,1,125,269,0,269,394
02/09/2021,DWH,TX,ASW,CE,Towers with Radar,0,1,34,0,35,0,1,35,0,36,0,2,69,0,71,146,0,146,217
02/10/2021,DWH,TX,ASW,CE,Towers with Radar,0,2,10,0,12,0,0,0,0,0,0,2,10,0,12,0,0,0,12
02/11/2021,DWH,TX,ASW,CE,Towers with Radar,0,4,10,0,14,0,0,0,0,0,0,4,10,0,14,0,0,0,14
02/12/2021,DWH,TX,ASW,CE,Towers with Radar,0,3,20,0,23,0,2,0,0,2,0,5,20,0,25,0,0,0,25
02/13/2021,DWH,TX,ASW,CE,Towers with Radar,0,3,4,0,7,0,0,11,0,11,0,3,15,0,18,58,0,58,76
02/14/2021,DWH,TX,ASW,CE,Towers with Radar,0,3,8,1,12,0,0,0,0,0,0,3,8,1,12,0,0,0,12
02/15/2021,DWH,TX,ASW,CE,Towers with Radar,0,0,0,0,0,0,0,0,0,0,0,0,0,0,0,0,0,0,0
02/16/2021,DWH,TX,ASW,CE,Towers with Radar,0,0,0,0,0,0,0,0,0,0,0,0,0,0,0,0,0,0,0
02/17/2021,DWH,TX,ASW,CE,Towers with Radar,0,0,1,0,1,0,0,0,0,0,0,0,1,0,1,0,0,0,1
02/18/2021,DWH,TX,ASW,CE,Towers with Radar,0,0,4,0,4,0,1,5,0,6,0,1,9,0,10,0,0,0,10
02/19/2021,DWH,TX,ASW,CE,Towers with Radar,0,11,30,0,41,0,1,154,0,155,0,12,184,0,196,223,0,223,419
02/20/2021,DWH,TX,ASW,CE,Towers with Radar,0,6,28,1,35,0,2,209,0,211,0,8,237,1,246,256,0,256,502
02/21/2021,DWH,TX,ASW,CE,Towers with Radar,0,5,34,1,40,0,0,122,0,122,0,5,156,1,162,180,0,180,342
02/22/2021,DWH,TX,ASW,CE,Towers with Radar,0,5,28,1,34,0,5,181,2,188,0,10,209,3,222,237,0,237,459
02/23/2021,DWH,TX,ASW,CE,Towers with Radar,0,8,35,0,43,0,2,221,2,225,0,10,256,2,268,238,0,238,506
02/24/2021,DWH,TX,ASW,CE,Towers with Radar,0,2,53,2,57,0,1,77,2,80,0,3,130,4,137,267,0,267,404
02/25/2021,DWH,TX,ASW,CE,Towers with Radar,0,4,52,3,59,0,0,10,1,11,0,4,62,4,70,28,0,28,98
02/26/2021,DWH,TX,ASW,CE,Towers with Radar,0,11,37,0,48,0,1,11,0,12,0,12,48,0,60,0,0,0,60
02/27/2021,DWH,TX,ASW,CE,Towers with Radar,0,1,32,2,35,0,3,49,2,54,0,4,81,4,89,310,0,310,399
02/28/2021,DWH,TX,ASW,CE,Towers with Radar,0,9,38,0,47,0,1,43,0,44,0,10,81,0,91,226,0,226,317
03/01/2021,DWH,TX,ASW,CE,Towers with Radar,0,4,39,0,43,0,2,3,0,5,0,6,42,0,48,14,0,14,62
03/02/2021,DWH,TX,ASW,CE,Towers with Radar,0,2,41,0,43,0,3,158,3,164,0,5,199,3,207,116,0,116,323
03/03/2021,DWH,TX,ASW,CE,Towers with Radar,0,3,46,1,50,0,3,166,2,171,0,6,212,3,221,222,0,222,443
03/04/2021,DWH,TX,ASW,CE,Towers with Radar,0,2,40,4,46,0,5,229,2,236,0,7,269,6,282,289,2,291,573
03/05/2021,DWH,TX,ASW,CE,Towers with Radar,0,5,60,0,65,0,4,82,0,86,0,9,142,0,151,173,0,173,324
03/06/2021,DWH,TX,ASW,CE,Towers with Radar,0,8,26,5,39,0,2,208,3,213,0,10,234,8,252,169,0,169,421
03/07/2021,DWH,TX,ASW,CE,Towers with Radar,0,4,27,0,31,0,3,243,2,248,0,7,270,2,279,230,0,230,509
03/08/2021,DWH,TX,ASW,CE,Towers with Radar,0,1,27,0,28,0,0,171,0,171,0,1,198,0,199,346,0,346,545
03/09/2021,DWH,TX,ASW,CE,Towers with Radar,0,2,50,1,53,0,0,116,1,117,0,2,166,2,170,192,0,192,362
03/10/2021,DWH,TX,ASW,CE,Towers with Radar,0,3,58,1,62,0,3,60,0,63,0,6,118,1,125,148,0,148,273
03/11/2021,DWH,TX,ASW,CE,Towers with Radar,0,10,70,4,84,0,3,106,0,109,0,13,176,4,193,254,0,254,447
03/12/2021,DWH,TX,ASW,CE,Towers with Radar,0,9,73,1,83,0,3,110,1,114,0,12,183,2,197,170,0,170,367
03/13/2021,DWH,TX,ASW,CE,Towers with Radar,0,12,53,0,65,0,6,91,0,97,0,18,144,0,162,158,0,158,320
03/14/2021,DWH,TX,ASW,CE,Towers with Radar,0,1,33,0,34,0,0,0,0,0,0,1,33,0,34,30,0,30,64
03/15/2021,DWH,TX,ASW,CE,Towers with Radar,0,4,46,0,50,0,1,36,3,40,0,5,82,3,90,132,0,132,222
03/16/2021,DWH,TX,ASW,CE,Towers with Radar,0,9,52,0,61,0,3,15,0,18,0,12,67,0,79,62,0,62,141
03/17/2021,DWH,TX,ASW,CE,Towers with Radar,0,8,21,2,31,0,4,70,2,76,0,12,91,4,107,52,0,52,159
03/18/2021,DWH,TX,ASW,CE,Towers with Radar,0,3,31,0,34,0,1,87,0,88,0,4,118,0,122,60,0,60,182
03/19/2021,DWH,TX,ASW,CE,Towers with Radar,0,3,49,0,52,0,2,195,0,197,0,5,244,0,249,224,0,224,473
03/20/2021,DWH,TX,ASW,CE,Towers with Radar,0,6,41,1,48,0,0,255,0,255,0,6,296,1,303,290,0,290,593
03/21/2021,DWH,TX,ASW,CE,Towers with Radar,0,5,43,1,49,0,1,215,0,216,0,6,258,1,265,340,0,340,605
03/22/2021,DWH,TX,ASW,CE,Towers with Radar,0,1,33,0,34,0,0,99,0,99,0,1,132,0,133,198,0,198,331
03/23/2021,DWH,TX,ASW,CE,Towers with Radar,0,1,51,3,55,0,2,105,0,107,0,3,156,3,162,358,0,358,520
03/24/2021,DWH,TX,ASW,CE,Towers with Radar,0,5,39,0,44,0,1,2,0,3,0,6,41,0,47,2,0,2,49
03/25/2021,DWH,TX,ASW,CE,Towers with Radar,0,4,29,2,35,0,2,148,2,152,0,6,177,4,187,133,0,133,320
03/26/2021,DWH,TX,ASW,CE,Towers with Radar,0,3,30,0,33,0,1,267,0,268,0,4,297,0,301,230,0,230,531
03/27/2021,DWH,TX,ASW,CE,Towers with Radar,0,4,44,4,52,0,2,27,1,30,0,6,71,5,82,205,0,205,287
03/28/2021,DWH,TX,ASW,CE,Towers with Radar,0,0,25,0,25,0,0,95,0,95,0,0,120,0,120,94,0,94,214
03/29/2021,DWH,TX,ASW,CE,Towers with Radar,0,5,50,0,55,0,3,240,0,243,0,8,290,0,298,448,0,448,746
03/30/2021,DWH,TX,ASW,CE,Towers with Radar,0,3,35,2,40,0,0,61,0,61,0,3,96,2,101,176,0,176,277
03/31/2021,DWH,TX,ASW,CE,Towers with Radar,0,7,51,0,58,0,1,16,2,19,0,8,67,2,77,6,0,6,83
04/01/2021,DWH,TX,ASW,CE,Towers with Radar,0,10,37,1,48,0,5,257,1,263,0,15,294,2,311,282,0,282,593
04/02/2021,DWH,TX,ASW,CE,Towers with Radar,0,9,45,3,57,0,4,255,2,261,0,13,300,5,318,406,0,406,724
04/03/2021,DWH,TX,ASW,CE,Towers with Radar,0,2,29,0,31,0,3,142,1,146,0,5,171,1,177,538,0,538,715
04/04/2021,DWH,TX,ASW,CE,Towers with Radar,0,7,29,1,37,0,2,135,1,138,0,9,164,2,175,239,0,239,414
04/05/2021,DWH,TX,ASW,CE,Towers with Radar,0,1,71,2,74,0,1,174,2,177,0,2,245,4,251,381,0,381,632
04/06/2021,DWH,TX,ASW,CE,Towers with Radar,0,12,52,0,64,0,1,111,4,116,0,13,163,4,180,316,0,316,496
04/07/2021,DWH,TX,ASW,CE,Towers with Radar,0,7,57,6,70,0,3,70,1,74,0,10,127,7,144,380,0,380,524
04/08/2021,DWH,TX,ASW,CE,Towers with Radar,0,6,57,1,64,0,1,210,1,212,0,7,267,2,276,356,0,356,632
04/09/2021,DWH,TX,ASW,CE,Towers with Radar,0,10,55,2,67,0,4,81,0,85,0,14,136,2,152,302,0,302,454
04/10/2021,DWH,TX,ASW,CE,Towers with Radar,0,0,34,2,36,0,2,211,2,215,0,2,245,4,251,211,0,211,462
04/11/2021,DWH,TX,ASW,CE,Towers with Radar,0,6,41,2,49,0,2,237,0,239,0,8,278,2,288,301,0,301,589
04/12/2021,DWH,TX,ASW,CE,Towers with Radar,0,6,44,0,50,0,3,204,2,209,0,9,248,2,259,382,0,382,641
04/13/2021,DWH,TX,ASW,CE,Towers with Radar,0,6,44,1,51,0,3,24,0,27,0,9,68,1,78,100,0,100,178
04/14/2021,DWH,TX,ASW,CE,Towers with Radar,0,5,29,0,34,0,1,2,0,3,0,6,31,0,37,4,0,4,41
04/15/2021,DWH,TX,ASW,CE,Towers with Radar,0,6,47,2,55,0,2,22,2,26,0,8,69,4,81,132,0,132,213
04/16/2021,DWH,TX,ASW,CE,Towers with Radar,0,6,13,0,19,0,0,0,0,0,0,6,13,0,19,0,0,0,19
04/17/2021,DWH,TX,ASW,CE,Towers with Radar,0,5,28,0,33,0,2,56,0,58,0,7,84,0,91,79,0,79,170
04/18/2021,DWH,TX,ASW,CE,Towers with Radar,0,2,55,0,57,0,0,260,0,260,0,2,315,0,317,315,0,315,632
04/19/2021,DWH,TX,ASW,CE,Towers with Radar,0,6,39,2,47,0,4,246,2,252,0,10,285,4,299,355,0,355,654
04/20/2021,DWH,TX,ASW,CE,Towers with Radar,0,4,49,0,53,0,7,271,0,278,0,11,320,0,331,355,0,355,686
04/21/2021,DWH,TX,ASW,CE,Towers with Radar,0,2,50,0,52,0,5,228,3,236,0,7,278,3,288,245,2,247,535
04/22/2021,DWH,TX,ASW,CE,Towers with Radar,0,5,56,1,62,0,1,179,2,182,0,6,235,3,244,230,0,230,474
04/23/2021,DWH,TX,ASW,CE,Towers with Radar,0,6,31,4,41,0,0,1,0,1,0,6,32,4,42,8,0,8,50
04/24/2021,DWH,TX,ASW,CE,Towers with Radar,0,2,26,0,28,0,4,217,0,221,0,6,243,0,249,164,0,164,413
04/25/2021,DWH,TX,ASW,CE,Towers with Radar,0,5,44,1,50,0,2,267,0,269,0,7,311,1,319,318,0,318,637
04/26/2021,DWH,TX,ASW,CE,Towers with Radar,0,2,50,0,52,0,3,174,0,177,0,5,224,0,229,322,0,322,551
04/27/2021,DWH,TX,ASW,CE,Towers with Radar,0,5,55,0,60,0,2,46,8,56,0,7,101,8,116,234,0,234,350
04/28/2021,DWH,TX,ASW,CE,Towers with Radar,0,3,28,2,33,0,7,93,3,103,0,10,121,5,136,112,0,112,248
04/29/2021,DWH,TX,ASW,CE,Towers with Radar,0,9,59,0,68,0,5,84,0,89,0,14,143,0,157,292,0,292,449
04/30/2021,DWH,TX,ASW,CE,Towers with Radar,0,1,19,0,20,0,4,10,0,14,0,5,29,0,34,14,0,14,48
05/01/2021,DWH,TX,ASW,CE,Towers with Radar,0,4,2,1,7,0,1,1,0,2,0,5,3,1,9,0,0,0,9
05/02/2021,DWH,TX,ASW,CE,Towers with Radar,0,5,50,0,55,0,1,173,1,175,0,6,223,1,230,273,0,273,503
05/03/2021,DWH,TX,ASW,CE,Towers with Radar,0,10,62,0,72,0,1,141,3,145,0,11,203,3,217,184,0,184,401
05/04/2021,DWH,TX,ASW,CE,Towers with Radar,0,6,46,0,52,0,7,88,0,95,0,13,134,0,147,193,0,193,340
05/05/2021,DWH,TX,ASW,CE,Towers with Radar,0,15,65,3,83,0,1,255,0,256,0,16,320,3,339,272,0,272,611
05/06/2021,DWH,TX,ASW,CE,Towers with Radar,0,10,47,5,62,0,5,233,1,239,0,15,280,6,301,356,0,356,657
05/07/2021,DWH,TX,ASW,CE,Towers with Radar,0,7,55,2,64,0,1,253,3,257,0,8,308,5,321,448,0,448,769
05/08/2021,DWH,TX,ASW,CE,Towers with Radar,0,5,42,0,47,0,0,155,4,159,0,5,197,4,206,414,0,414,620
05/09/2021,DWH,TX,ASW,CE,Towers with Radar,0,8,49,0,57,0,1,68,0,69,0,9,117,0,126,182,0,182,308
05/10/2021,DWH,TX,ASW,CE,Towers with Radar,0,7,38,2,47,0,4,147,0,151,0,11,185,2,198,310,0,310,508
05/11/2021,DWH,TX,ASW,CE,Towers with Radar,0,4,36,0,40,0,3,68,0,71,0,7,104,0,111,240,0,240,351
05/12/2021,DWH,TX,ASW,CE,Towers with Radar,0,6,55,2,63,0,1,34,2,37,0,7,89,4,100,52,2,54,154
05/13/2021,DWH,TX,ASW,CE,Towers with Radar,0,10,98,0,108,0,2,181,0,183,0,12,279,0,291,298,0,298,589
05/14/2021,DWH,TX,ASW,CE,Towers with Radar,0,6,66,1,73,0,5,252,1,258,0,11,318,2,331,336,0,336,667
05/15/2021,DWH,TX,ASW,CE,Towers with Radar,0,4,52,0,56,0,7,193,0,200,0,11,245,0,256,256,0,256,512
05/16/2021,DWH,TX,ASW,CE,Towers with Radar,0,4,45,0,49,0,3,26,0,29,0,7,71,0,78,54,0,54,132
05/17/2021,DWH,TX,ASW,CE,Towers with Radar,0,2,26,0,28,0,2,11,0,13,0,4,37,0,41,0,0,0,41
05/18/2021,DWH,TX,ASW,CE,Towers with Radar,0,8,44,0,52,0,4,75,2,81,0,12,119,2,133,257,0,257,390
05/19/2021,DWH,TX,ASW,CE,Towers with Radar,0,2,22,0,24,0,2,7,0,9,0,4,29,0,33,34,0,34,67
05/20/2021,DWH,TX,ASW,CE,Towers with Radar,0,6,77,6,89,0,5,106,0,111,0,11,183,6,200,316,0,316,516
05/21/2021,DWH,TX,ASW,CE,Towers with Radar,0,7,49,0,56,0,3,35,1,39,0,10,84,1,95,138,0,138,233
05/22/2021,DWH,TX,ASW,CE,Towers with Radar,0,6,33,0,39,0,2,11,0,13,0,8,44,0,52,170,0,170,222
05/23/2021,DWH,TX,ASW,CE,Towers with Radar,0,9,70,0,79,0,5,11,0,16,0,14,81,0,95,84,0,84,179
05/24/2021,DWH,TX,ASW,CE,Towers with Radar,0,8,26,0,34,0,3,22,2,27,0,11,48,2,61,77,0,77,138
05/25/2021,DWH,TX,ASW,CE,Towers with Radar,0,3,50,3,56,0,1,42,0,43,0,4,92,3,99,130,0,130,229
05/26/2021,DWH,TX,ASW,CE,Towers with Radar,0,8,61,1,70,0,2,179,2,183,0,10,240,3,253,334,0,334,587
05/27/2021,DWH,TX,ASW,CE,Towers with Radar,0,9,82,1,92,0,3,242,0,245,0,12,324,1,337,226,0,226,563
05/28/2021,DWH,TX,ASW,CE,Towers with Radar,0,3,59,2,64,0,1,138,0,139,0,4,197,2,203,218,0,218,421
05/29/2021,DWH,TX,ASW,CE,Towers with Radar,0,3,32,0,35,0,2,187,0,189,0,5,219,0,224,372,0,372,596
05/30/2021,DWH,TX,ASW,CE,Towers with Radar,0,2,38,0,40,0,3,179,0,182,0,5,217,0,222,241,0,241,463
05/31/2021,DWH,TX,ASW,CE,Towers with Radar,1,4,45,0,50,0,3,164,0,167,1,7,209,0,217,295,0,295,512
06/01/2021,DWH,TX,ASW,CE,Towers with Radar,0,4,39,0,43,0,2,111,0,113,0,6,150,0,156,258,0,258,414
06/02/2021,DWH,TX,ASW,CE,Towers with Radar,0,6,46,0,52,0,3,154,0,157,0,9,200,0,209,377,0,377,586
06/03/2021,DWH,TX,ASW,CE,Towers with Radar,0,10,49,2,61,0,0,105,0,105,0,10,154,2,166,208,0,208,374
06/04/2021,DWH,TX,ASW,CE,Towers with Radar,0,6,51,0,57,0,1,39,0,40,0,7,90,0,97,142,0,142,239
06/05/2021,DWH,TX,ASW,CE,Towers with Radar,0,3,37,0,40,0,1,56,0,57,0,4,93,0,97,152,0,152,249
06/06/2021,DWH,TX,ASW,CE,Towers with Radar,0,9,50,0,59,0,2,136,2,140,0,11,186,2,199,278,0,278,477
06/07/2021,DWH,TX,ASW,CE,Towers with Radar,0,6,56,0,62,0,3,119,0,122,0,9,175,0,184,352,0,352,536
06/08/2021,DWH,TX,ASW,CE,Towers with Radar,0,2,42,0,44,0,2,216,0,218,0,4,258,0,262,351,0,351,613
06/09/2021,DWH,TX,ASW,CE,Towers with Radar,0,6,67,0,73,0,1,191,4,196,0,7,258,4,269,422,0,422,691
06/10/2021,DWH,TX,ASW,CE,Towers with Radar,0,10,63,0,73,0,5,205,2,212,0,15,268,2,285,330,0,330,615
06/11/2021,DWH,TX,ASW,CE,Towers with Radar,0,11,59,1,71,0,6,230,1,237,0,17,289,2,308,232,0,232,540
06/12/2021,DWH,TX,ASW,CE,Towers with Radar,1,3,55,6,65,0,5,218,0,223,1,8,273,6,288,276,0,276,564
06/13/2021,DWH,TX,ASW,CE,Towers with Radar,0,6,51,3,60,0,4,208,0,212,0,10,259,3,272,203,0,203,475
06/14/2021,DWH,TX,ASW,CE,Towers with Radar,0,8,27,1,36,0,9,200,1,210,0,17,227,2,246,270,0,270,516
06/15/2021,DWH,TX,ASW,CE,Towers with Radar,0,8,40,0,48,0,4,191,4,199,0,12,231,4,247,203,0,203,450
06/16/2021,DWH,TX,ASW,CE,Towers with Radar,0,8,36,0,44,0,4,208,2,214,0,12,244,2,258,372,0,372,630
06/17/2021,DWH,TX,ASW,CE,Towers with Radar,0,1,68,1,70,0,5,215,2,222,0,6,283,3,292,318,0,318,610
06/18/2021,DWH,TX,ASW,CE,Towers with Radar,0,6,55,3,64,0,4,229,2,235,0,10,284,5,299,322,0,322,621
06/19/2021,DWH,TX,ASW,CE,Towers with Radar,0,1,31,0,32,0,0,236,0,236,0,1,267,0,268,358,0,358,626
06/20/2021,DWH,TX,ASW,CE,Towers with Radar,0,8,46,0,54,0,4,97,0,101,0,12,143,0,155,236,0,236,391
06/21/2021,DWH,TX,ASW,CE,Towers with Radar,0,10,34,0,44,0,4,84,0,88,0,14,118,0,132,254,0,254,386
06/22/2021,DWH,TX,ASW,CE,Towers with Radar,0,6,50,0,56,0,7,80,1,88,0,13,130,1,144,261,0,261,405
06/23/2021,DWH,TX,ASW,CE,Towers with Radar,0,8,52,0,60,0,6,144,0,150,0,14,196,0,210,371,0,371,581
06/24/2021,DWH,TX,ASW,CE,Towers with Radar,0,6,53,3,62,0,2,137,4,143,0,8,190,7,205,246,0,246,451
06/25/2021,DWH,TX,ASW,CE,Towers with Radar,0,5,59,0,64,0,0,193,0,193,0,5,252,0,257,258,0,258,515
06/26/2021,DWH,TX,ASW,CE,Towers with Radar,0,5,48,4,57,0,2,153,0,155,0,7,201,4,212,396,0,396,608
06/27/2021,DWH,TX,ASW,CE,Towers with Radar,0,10,31,0,41,0,3,80,0,83,0,13,111,0,124,265,0,265,389
06/28/2021,DWH,TX,ASW,CE,Towers with Radar,0,4,31,0,35,0,4,5,0,9,0,8,36,0,44,6,0,6,50
06/29/2021,DWH,TX,ASW,CE,Towers with Radar,0,3,39,0,42,0,2,64,2,68,0,5,103,2,110,269,0,269,379
06/30/2021,DWH,TX,ASW,CE,Towers with Radar,0,5,48,1,54,0,5,115,2,122,0,10,163,3,176,254,0,254,430
07/01/2021,DWH,TX,ASW,CE,Towers with Radar,0,11,69,0,80,0,4,248,2,254,0,15,317,2,334,352,0,352,686
07/02/2021,DWH,TX,ASW,CE,Towers with Radar,0,6,39,2,47,0,4,192,1,197,0,10,231,3,244,328,0,328,572
07/03/2021,DWH,TX,ASW,CE,Towers with Radar,0,1,13,0,14,0,2,25,0,27,0,3,38,0,41,131,0,131,172
07/04/2021,DWH,TX,ASW,CE,Towers with Radar,0,2,21,1,24,0,5,55,0,60,0,7,76,1,84,103,0,103,187
07/05/2021,DWH,TX,ASW,CE,Towers with Radar,0,6,52,1,59,0,1,45,0,46,0,7,97,1,105,169,0,169,274
07/06/2021,DWH,TX,ASW,CE,Towers with Radar,0,5,35,0,40,0,0,70,1,71,0,5,105,1,111,279,0,279,390
07/07/2021,DWH,TX,ASW,CE,Towers with Radar,0,10,46,0,56,0,3,123,0,126,0,13,169,0,182,396,0,396,578
07/08/2021,DWH,TX,ASW,CE,Towers with Radar,0,7,40,0,47,0,5,84,0,89,0,12,124,0,136,139,0,139,275
07/09/2021,DWH,TX,ASW,CE,Towers with Radar,0,9,38,0,47,0,2,31,0,33,0,11,69,0,80,61,0,61,141
07/10/2021,DWH,TX,ASW,CE,Towers with Radar,0,7,40,0,47,0,2,117,0,119,0,9,157,0,166,370,0,370,536
07/11/2021,DWH,TX,ASW,CE,Towers with Radar,0,6,46,0,52,0,2,139,0,141,0,8,185,0,193,252,0,252,445
07/12/2021,DWH,TX,ASW,CE,Towers with Radar,0,9,43,0,52,0,4,70,0,74,0,13,113,0,126,145,0,145,271
07/13/2021,DWH,TX,ASW,CE,Towers with Radar,0,7,39,0,46,0,4,139,0,143,0,11,178,0,189,208,0,208,397
07/14/2021,DWH,TX,ASW,CE,Towers with Radar,0,6,42,0,48,0,3,120,0,123,0,9,162,0,171,245,0,245,416
07/15/2021,DWH,TX,ASW,CE,Towers with Radar,0,4,52,0,56,0,1,136,0,137,0,5,188,0,193,242,0,242,435
07/16/2021,DWH,TX,ASW,CE,Towers with Radar,0,1,66,0,67,0,5,143,0,148,0,6,209,0,215,360,0,360,575
07/17/2021,DWH,TX,ASW,CE,Towers with Radar,0,8,32,0,40,0,1,273,0,274,0,9,305,0,314,436,0,436,750
07/18/2021,DWH,TX,ASW,CE,Towers with Radar,0,5,41,1,47,0,4,199,0,203,0,9,240,1,250,264,2,266,516
07/19/2021,DWH,TX,ASW,CE,Towers with Radar,0,6,45,4,55,0,1,143,0,144,0,7,188,4,199,304,0,304,503
07/20/2021,DWH,TX,ASW,CE,Towers with Radar,0,3,41,1,45,0,3,152,2,157,0,6,193,3,202,250,0,250,452
07/21/2021,DWH,TX,ASW,CE,Towers with Radar,0,8,44,5,57,0,2,170,3,175,0,10,214,8,232,240,0,240,472
07/22/2021,DWH,TX,ASW,CE,Towers with Radar,0,8,51,3,62,0,3,184,2,189,0,11,235,5,251,229,0,229,480
07/23/2021,DWH,TX,ASW,CE,Towers with Radar,0,9,52,2,63,0,3,263,0,266,0,12,315,2,329,398,0,398,727
07/24/2021,DWH,TX,ASW,CE,Towers with Radar,0,2,30,2,34,0,3,227,0,230,0,5,257,2,264,442,0,442,706
07/25/2021,DWH,TX,ASW,CE,Towers with Radar,0,9,39,1,49,0,4,178,1,183,0,13,217,2,232,334,0,334,566
07/26/2021,DWH,TX,ASW,CE,Towers with Radar,0,11,50,0,61,0,1,171,0,172,0,12,221,0,233,270,0,270,503
07/27/2021,DWH,TX,ASW,CE,Towers with Radar,0,9,36,0,45,0,5,144,0,149,0,14,180,0,194,161,0,161,355
07/28/2021,DWH,TX,ASW,CE,Towers with Radar,0,13,44,2,59,0,5,206,0,211,0,18,250,2,270,343,0,343,613
07/29/2021,DWH,TX,ASW,CE,Towers with Radar,0,13,55,0,68,0,3,186,0,189,0,16,241,0,257,230,0,230,487
07/30/2021,DWH,TX,ASW,CE,Towers with Radar,0,13,52,1,66,0,3,213,1,217,0,16,265,2,283,270,0,270,553
07/31/2021,DWH,TX,ASW,CE,Towers with Radar,0,7,27,0,34,0,3,168,0,171,0,10,195,0,205,250,0,250,455
08/01/2021,DWH,TX,ASW,CE,Towers with Radar,0,7,42,0,49,0,5,217,0,222,0,12,259,0,271,280,0,280,551
08/02/2021,DWH,TX,ASW,CE,Towers with Radar,0,7,29,0,36,0,1,63,0,64,0,8,92,0,100,270,0,270,370
08/03/2021,DWH,TX,ASW,CE,Towers with Radar,0,1,60,1,62,0,5,102,0,107,0,6,162,1,169,232,0,232,401
08/04/2021,DWH,TX,ASW,CE,Towers with Radar,0,5,44,0,49,0,2,180,0,182,0,7,224,0,231,324,0,324,555
08/05/2021,DWH,TX,ASW,CE,Towers with Radar,0,12,45,0,57,0,4,149,1,154,0,16,194,1,211,282,0,282,493
08/06/2021,DWH,TX,ASW,CE,Towers with Radar,0,2,20,5,27,0,7,163,1,171,0,9,183,6,198,268,0,268,466
08/07/2021,DWH,TX,ASW,CE,Towers with Radar,0,2,42,2,46,0,2,214,2,218,0,4,256,4,264,288,0,288,552
08/08/2021,DWH,TX,ASW,CE,Towers with Radar,0,6,38,0,44,0,2,187,1,190,0,8,225,1,234,260,0,260,494
08/09/2021,DWH,TX,ASW,CE,Towers with Radar,0,11,51,0,62,0,3,130,0,133,0,14,181,0,195,279,0,279,474
08/10/2021,DWH,TX,ASW,CE,Towers with Radar,0,6,42,2,50,0,2,148,0,150,0,8,190,2,200,333,0,333,533
08/11/2021,DWH,TX,ASW,CE,Towers with Radar,0,2,32,0,34,0,7,168,0,175,0,9,200,0,209,370,0,370,579
08/12/2021,DWH,TX,ASW,CE,Towers with Radar,0,3,43,0,46,0,5,151,3,159,0,8,194,3,205,233,0,233,438
08/13/2021,DWH,TX,ASW,CE,Towers with Radar,0,5,31,0,36,0,4,120,0,124,0,9,151,0,160,348,0,348,508
08/14/2021,DWH,TX,ASW,CE,Towers with Radar,1,4,23,0,28,0,0,237,0,237,1,4,260,0,265,484,0,484,749
08/15/2021,DWH,TX,ASW,CE,Towers with Radar,0,6,41,0,47,0,3,149,1,153,0,9,190,1,200,187,0,187,387
08/16/2021,DWH,TX,ASW,CE,Towers with Radar,0,10,48,2,60,0,1,137,2,140,0,11,185,4,200,136,0,136,336
08/17/2021,DWH,TX,ASW,CE,Towers with Radar,0,14,55,2,71,0,3,172,0,175,0,17,227,2,246,245,0,245,491
08/18/2021,DWH,TX,ASW,CE,Towers with Radar,0,4,42,0,46,0,2,72,0,74,0,6,114,0,120,136,0,136,256
08/19/2021,DWH,TX,ASW,CE,Towers with Radar,0,8,71,1,80,0,5,183,3,191,0,13,254,4,271,320,0,320,591
08/20/2021,DWH,TX,ASW,CE,Towers with Radar,0,12,72,3,87,0,7,248,3,258,0,19,320,6,345,280,0,280,625
08/21/2021,DWH,TX,ASW,CE,Towers with Radar,0,5,39,0,44,0,4,212,2,218,0,9,251,2,262,285,0,285,547
08/22/2021,DWH,TX,ASW,CE,Towers with Radar,0,9,51,0,60,0,3,192,0,195,0,12,243,0,255,230,0,230,485
08/23/2021,DWH,TX,ASW,CE,Towers with Radar,0,5,60,0,65,0,3,156,0,159,0,8,216,0,224,184,0,184,408
08/24/2021,DWH,TX,ASW,CE,Towers with Radar,0,3,49,2,54,0,4,199,2,205,0,7,248,4,259,324,0,324,583
08/25/2021,DWH,TX,ASW,CE,Towers with Radar,0,9,43,3,55,0,7,188,0,195,0,16,231,3,250,243,0,243,493
08/26/2021,DWH,TX,ASW,CE,Towers with Radar,0,2,40,0,42,0,6,163,0,169,0,8,203,0,211,170,0,170,381
08/27/2021,DWH,TX,ASW,CE,Towers with Radar,0,6,51,1,58,0,6,128,8,142,0,12,179,9,200,238,0,238,438
08/28/2021,DWH,TX,ASW,CE,Towers with Radar,0,4,38,0,42,0,5,109,2,116,0,9,147,2,158,210,0,210,368
08/29/2021,DWH,TX,ASW,CE,Towers with Radar,0,6,27,0,33,0,2,175,3,180,0,8,202,3,213,204,0,204,417
08/30/2021,DWH,TX,ASW,CE,Towers with Radar,0,7,40,2,49,0,5,219,0,224,0,12,259,2,273,238,0,238,511
08/31/2021,DWH,TX,ASW,CE,Towers with Radar,0,4,59,1,64,0,8,211,3,222,0,12,270,4,286,316,0,316,602
09/01/2021,DWH,TX,ASW,CE,Towers with Radar,0,10,38,0,48,0,5,115,2,122,0,15,153,2,170,218,0,218,388
09/02/2021,DWH,TX,ASW,CE,Towers with Radar,0,7,49,0,56,0,5,143,1,149,0,12,192,1,205,174,0,174,379
09/03/2021,DWH,TX,ASW,CE,Towers with Radar,0,9,56,0,65,0,6,154,0,160,0,15,210,0,225,208,0,208,433
09/04/2021,DWH,TX,ASW,CE,Towers with Radar,0,3,38,0,41,0,6,221,0,227,0,9,259,0,268,330,0,330,598
09/05/2021,DWH,TX,ASW,CE,Towers with Radar,0,6,40,0,46,0,4,203,0,207,0,10,243,0,253,284,0,284,537
09/06/2021,DWH,TX,ASW,CE,Towers with Radar,0,12,67,0,79,0,2,162,0,164,0,14,229,0,243,245,0,245,488
09/07/2021,DWH,TX,ASW,CE,Towers with Radar,0,8,39,6,53,0,5,192,4,201,0,13,231,10,254,259,0,259,513
09/08/2021,DWH,TX,ASW,CE,Towers with Radar,0,3,40,0,43,0,3,220,1,224,0,6,260,1,267,274,0,274,541
09/09/2021,DWH,TX,ASW,CE,Towers with Radar,0,15,47,0,62,0,3,207,0,210,0,18,254,0,272,223,0,223,495
09/10/2021,DWH,TX,ASW,CE,Towers with Radar,0,5,55,2,62,0,2,220,1,223,0,7,275,3,285,253,0,253,538
09/11/2021,DWH,TX,ASW,CE,Towers with Radar,0,8,42,7,57,0,3,261,1,265,0,11,303,8,322,356,0,356,678
09/12/2021,DWH,TX,ASW,CE,Towers with Radar,0,10,37,0,47,0,4,144,0,148,0,14,181,0,195,222,0,222,417
09/13/2021,DWH,TX,ASW,CE,Towers with Radar,0,6,15,0,21,0,1,7,0,8,0,7,22,0,29,0,0,0,29
09/14/2021,DWH,TX,ASW,CE,Towers with Radar,0,1,6,0,7,0,2,5,0,7,0,3,11,0,14,4,0,4,18
09/15/2021,DWH,TX,ASW,CE,Towers with Radar,0,8,47,2,57,0,2,27,1,30,0,10,74,3,87,124,0,124,211
09/16/2021,DWH,TX,ASW,CE,Towers with Radar,0,9,83,6,98,0,3,77,0,80,0,12,160,6,178,208,0,208,386
09/17/2021,DWH,TX,ASW,CE,Towers with Radar,0,10,62,4,76,0,4,207,0,211,0,14,269,4,287,302,2,304,591
09/18/2021,DWH,TX,ASW,CE,Towers with Radar,0,6,34,0,40,0,2,143,0,145,0,8,177,0,185,160,0,160,345
09/19/2021,DWH,TX,ASW,CE,Towers with Radar,0,13,55,0,68,0,3,174,3,180,0,16,229,3,248,339,0,339,587
09/20/2021,DWH,TX,ASW,CE,Towers with Radar,0,4,58,0,62,0,5,152,0,157,0,9,210,0,219,230,0,230,449
09/21/2021,DWH,TX,ASW,CE,Towers with Radar,0,9,85,0,94,0,5,104,2,111,0,14,189,2,205,308,0,308,513
09/22/2021,DWH,TX,ASW,CE,Towers with Radar,0,8,40,0,48,0,3,221,0,224,0,11,261,0,272,326,0,326,598
09/23/2021,DWH,TX,ASW,CE,Towers with Radar,0,9,46,4,59,0,4,263,2,269,0,13,309,6,328,233,0,233,561
09/24/2021,DWH,TX,ASW,CE,Towers with Radar,0,5,64,2,71,0,6,247,2,255,0,11,311,4,326,366,0,366,692
09/25/2021,DWH,TX,ASW,CE,Towers with Radar,0,8,33,1,42,0,1,254,1,256,0,9,287,2,298,326,0,326,624
09/26/2021,DWH,TX,ASW,CE,Towers with Radar,0,8,52,1,61,0,4,257,2,263,0,12,309,3,324,326,2,328,652
09/27/2021,DWH,TX,ASW,CE,Towers with Radar,0,3,63,2,68,0,4,151,0,155,0,7,214,2,223,332,0,332,555
09/28/2021,DWH,TX,ASW,CE,Towers with Radar,0,4,59,1,64,0,2,44,0,46,0,6,103,1,110,130,0,130,240
09/29/2021,DWH,TX,ASW,CE,Towers with Radar,1,4,60,1,66,0,0,105,0,105,1,4,165,1,171,175,0,175,346
09/30/2021,DWH,TX,ASW,CE,Towers with Radar,0,6,72,0,78,0,10,45,0,55,0,16,117,0,133,136,0,136,269
10/01/2021,DWH,TX,ASW,CE,Towers with Radar,0,7,29,0,36,0,2,17,0,19,0,9,46,0,55,62,0,62,117
10/02/2021,DWH,TX,ASW,CE,Towers with Radar,0,14,26,0,40,0,3,49,0,52,0,17,75,0,92,96,0,96,188
10/03/2021,DWH,TX,ASW,CE,Towers with Radar,0,11,56,0,67,0,0,140,0,140,0,11,196,0,207,249,0,249,456
10/04/2021,DWH,TX,ASW,CE,Towers with Radar,0,8,40,0,48,0,4,200,0,204,0,12,240,0,252,215,0,215,467
10/05/2021,DWH,TX,ASW,CE,Towers with Radar,0,6,63,0,69,0,1,245,1,247,0,7,308,1,316,278,0,278,594
10/06/2021,DWH,TX,ASW,CE,Towers with Radar,0,8,46,0,54,0,2,238,0,240,0,10,284,0,294,239,0,239,533
10/07/2021,DWH,TX,ASW,CE,Towers with Radar,0,10,78,1,89,0,1,251,2,254,0,11,329,3,343,190,0,190,533
10/08/2021,DWH,TX,ASW,CE,Towers with Radar,0,14,57,0,71,0,2,224,0,226,0,16,281,0,297,160,0,160,457
10/09/2021,DWH,TX,ASW,CE,Towers with Radar,0,6,36,0,42,0,2,234,0,236,0,8,270,0,278,253,0,253,531
10/10/2021,DWH,TX,ASW,CE,Towers with Radar,0,2,68,0,70,0,4,104,0,108,0,6,172,0,178,181,0,181,359
10/11/2021,DWH,TX,ASW,CE,Towers with Radar,0,12,45,0,57,0,3,193,0,196,0,15,238,0,253,233,0,233,486
10/12/2021,DWH,TX,ASW,CE,Towers with Radar,0,6,71,0,77,0,3,98,0,101,0,9,169,0,178,193,0,193,371
10/13/2021,DWH,TX,ASW,CE,Towers with Radar,1,11,74,0,86,0,6,162,1,169,1,17,236,1,255,140,0,140,395
10/14/2021,DWH,TX,ASW,CE,Towers with Radar,0,5,32,0,37,0,0,27,2,29,0,5,59,2,66,68,0,68,134
10/15/2021,DWH,TX,ASW,CE,Towers with Radar,0,3,56,4,63,0,8,111,0,119,0,11,167,4,182,124,0,124,306
10/16/2021,DWH,TX,ASW,CE,Towers with Radar,0,6,36,0,42,0,5,179,2,186,0,11,215,2,228,178,0,178,406
10/17/2021,DWH,TX,ASW,CE,Towers with Radar,1,6,40,0,47,0,4,274,1,279,1,10,314,1,326,252,0,252,578
10/18/2021,DWH,TX,ASW,CE,Towers with Radar,0,14,51,0,65,0,3,233,0,236,0,17,284,0,301,224,0,224,525
10/19/2021,DWH,TX,ASW,CE,Towers with Radar,0,11,62,4,77,0,4,216,2,222,0,15,278,6,299,289,1,290,589
10/20/2021,DWH,TX,ASW,CE,Towers with Radar,0,8,69,1,78,0,3,176,0,179,0,11,245,1,257,325,0,325,582
10/21/2021,DWH,TX,ASW,CE,Towers with Radar,0,8,65,4,77,0,4,156,2,162,0,12,221,6,239,190,0,190,429
10/22/2021,DWH,TX,ASW,CE,Towers with Radar,0,5,47,4,56,0,0,169,0,169,0,5,216,4,225,272,0,272,497
10/23/2021,DWH,TX,ASW,CE,Towers with Radar,0,3,50,2,55,0,5,92,0,97,0,8,142,2,152,216,0,216,368
10/24/2021,DWH,TX,ASW,CE,Towers with Radar,0,8,50,1,59,0,3,163,0,166,0,11,213,1,225,455,0,455,680
10/25/2021,DWH,TX,ASW,CE,Towers with Radar,0,6,77,2,85,0,3,107,2,112,0,9,184,4,197,342,0,342,539
10/26/2021,DWH,TX,ASW,CE,Towers with Radar,0,6,78,0,84,0,5,83,0,88,0,11,161,0,172,231,0,231,403
10/27/2021,DWH,TX,ASW,CE,Towers with Radar,0,5,24,2,31,0,3,57,0,60,0,8,81,2,91,56,0,56,147
10/28/2021,DWH,TX,ASW,CE,Towers with Radar,0,9,15,1,25,0,3,30,1,34,0,12,45,2,59,14,0,14,73
10/29/2021,DWH,TX,ASW,CE,Towers with Radar,0,1,27,3,31,0,1,85,2,88,0,2,112,5,119,58,0,58,177
10/30/2021,DWH,TX,ASW,CE,Towers with Radar,0,3,35,2,40,0,5,258,0,263,0,8,293,2,303,380,0,380,683
10/31/2021,DWH,TX,ASW,CE,Towers with Radar,0,5,43,4,52,0,4,187,0,191,0,9,230,4,243,241,0,241,484
11/01/2021,DWH,TX,ASW,CE,Towers with Radar,0,8,68,0,76,0,5,224,2,231,0,13,292,2,307,198,0,198,505
11/02/2021,DWH,TX,ASW,CE,Towers with Radar,0,3,76,0,79,0,1,160,0,161,0,4,236,0,240,462,0,462,702
11/03/2021,DWH,TX,ASW,CE,Towers with Radar,0,4,39,1,44,0,1,26,0,27,0,5,65,1,71,121,0,121,192
11/04/2021,DWH,TX,ASW,CE,Towers with Radar,0,8,86,0,94,0,0,28,0,28,0,8,114,0,122,140,0,140,262
11/05/2021,DWH,TX,ASW,CE,Towers with Radar,0,5,53,0,58,0,0,285,0,285,0,5,338,0,343,285,0,285,628
11/06/2021,DWH,TX,ASW,CE,Towers with Radar,0,5,34,3,42,0,2,268,3,273,0,7,302,6,315,222,0,222,537
11/07/2021,DWH,TX,ASW,CE,Towers with Radar,0,5,56,0,61,0,1,182,0,183,0,6,238,0,244,163,0,163,407
11/08/2021,DWH,TX,ASW,CE,Towers with Radar,1,16,83,1,101,0,4,219,1,224,1,20,302,2,325,216,0,216,541
11/09/2021,DWH,TX,ASW,CE,Towers with Radar,0,6,77,4,87,0,4,187,0,191,0,10,264,4,278,319,0,319,597
11/10/2021,DWH,TX,ASW,CE,Towers with Radar,0,9,52,0,61,0,1,116,2,119,0,10,168,2,180,218,0,218,398
11/11/2021,DWH,TX,ASW,CE,Towers with Radar,0,8,77,0,85,0,0,139,2,141,0,8,216,2,226,160,0,160,386
11/12/2021,DWH,TX,ASW,CE,Towers with Radar,0,8,41,0,49,0,7,220,3,230,0,15,261,3,279,246,0,246,525
11/13/2021,DWH,TX,ASW,CE,Towers with Radar,0,7,36,2,45,0,4,265,0,269,0,11,301,2,314,257,0,257,571
11/14/2021,DWH,TX,ASW,CE,Towers with Radar,0,8,41,0,49,0,1,215,3,219,0,9,256,3,268,170,0,170,438
11/15/2021,DWH,TX,ASW,CE,Towers with Radar,0,7,49,0,56,0,5,205,0,210,0,12,254,0,266,194,0,194,460
11/16/2021,DWH,TX,ASW,CE,Towers with Radar,0,4,57,0,61,0,2,159,1,162,0,6,216,1,223,210,0,210,433
11/17/2021,DWH,TX,ASW,CE,Towers with Radar,0,7,68,0,75,0,5,171,1,177,0,12,239,1,252,228,0,228,480
11/18/2021,DWH,TX,ASW,CE,Towers with Radar,0,12,48,0,60,0,1,138,0,139,0,13,186,0,199,135,0,135,334
11/19/2021,DWH,TX,ASW,CE,Towers with Radar,0,13,44,0,57,0,1,230,2,233,0,14,274,2,290,268,0,268,558
11/20/2021,DWH,TX,ASW,CE,Towers with Radar,0,6,52,4,62,0,1,187,1,189,0,7,239,5,251,298,0,298,549
11/21/2021,DWH,TX,ASW,CE,Towers with Radar,0,11,57,0,68,0,2,60,0,62,0,13,117,0,130,231,0,231,361
11/22/2021,DWH,TX,ASW,CE,Towers with Radar,0,8,52,8,68,0,6,194,0,200,0,14,246,8,268,170,0,170,438
11/23/2021,DWH,TX,ASW,CE,Towers with Radar,0,12,57,1,70,0,1,221,1,223,0,13,278,2,293,236,0,236,529
11/24/2021,DWH,TX,ASW,CE,Towers with Radar,0,4,65,0,69,0,5,131,0,136,0,9,196,0,205,186,0,186,391
11/25/2021,DWH,TX,ASW,CE,Towers with Radar,0,1,14,0,15,0,0,3,0,3,0,1,17,0,18,4,0,4,22
11/26/2021,DWH,TX,ASW,CE,Towers with Radar,0,12,37,0,49,0,2,193,0,195,0,14,230,0,244,208,0,208,452
11/27/2021,DWH,TX,ASW,CE,Towers with Radar,0,7,21,0,28,0,3,56,0,59,0,10,77,0,87,176,0,176,263
11/28/2021,DWH,TX,ASW,CE,Towers with Radar,0,13,112,0,125,0,0,35,0,35,0,13,147,0,160,16,0,16,176
11/29/2021,DWH,TX,ASW,CE,Towers with Radar,0,8,49,1,58,0,6,205,1,212,0,14,254,2,270,248,0,248,518
11/30/2021,DWH,TX,ASW,CE,Towers with Radar,0,10,49,0,59,0,2,140,0,142,0,12,189,0,201,235,0,235,436
12/01/2021,DWH,TX,ASW,CE,Towers with Radar,0,6,50,0,56,0,1,165,0,166,0,7,215,0,222,162,0,162,384
12/02/2021,DWH,TX,ASW,CE,Towers with Radar,0,12,70,0,82,0,2,105,0,107,0,14,175,0,189,202,0,202,391
12/03/2021,DWH,TX,ASW,CE,Towers with Radar,0,4,75,1,80,0,2,104,2,108,0,6,179,3,188,228,0,228,416
12/04/2021,DWH,TX,ASW,CE,Towers with Radar,0,9,47,0,56,0,0,90,1,91,0,9,137,1,147,108,0,108,255
12/05/2021,DWH,TX,ASW,CE,Towers with Radar,0,7,70,1,78,0,4,77,4,85,0,11,147,5,163,216,0,216,379
12/06/2021,DWH,TX,ASW,CE,Towers with Radar,1,4,32,1,38,0,4,42,3,49,1,8,74,4,87,48,0,48,135
12/07/2021,DWH,TX,ASW,CE,Towers with Radar,0,6,71,1,78,0,9,114,3,126,0,15,185,4,204,286,0,286,490
12/08/2021,DWH,TX,ASW,CE,Towers with Radar,0,16,104,0,120,0,1,25,0,26,0,17,129,0,146,14,0,14,160
12/09/2021,DWH,TX,ASW,CE,Towers with Radar,0,6,61,0,67,0,5,59,0,64,0,11,120,0,131,38,0,38,169
12/10/2021,DWH,TX,ASW,CE,Towers with Radar,0,13,41,2,56,0,4,42,2,48,0,17,83,4,104,40,0,40,144
12/11/2021,DWH,TX,ASW,CE,Towers with Radar,0,1,26,0,27,0,2,70,0,72,0,3,96,0,99,100,0,100,199
12/12/2021,DWH,TX,ASW,CE,Towers with Radar,0,7,31,1,39,0,4,270,2,276,0,11,301,3,315,199,0,199,514
12/13/2021,DWH,TX,ASW,CE,Towers with Radar,0,7,70,2,79,0,1,45,0,46,0,8,115,2,125,69,0,69,194
12/14/2021,DWH,TX,ASW,CE,Towers with Radar,0,11,69,0,80,0,0,69,0,69,0,11,138,0,149,214,0,214,363
12/15/2021,DWH,TX,ASW,CE,Towers with Radar,0,4,57,0,61,0,1,99,0,100,0,5,156,0,161,232,0,232,393
12/16/2021,DWH,TX,ASW,CE,Towers with Radar,0,9,80,0,89,0,7,122,1,130,0,16,202,1,219,260,0,260,479
12/17/2021,DWH,TX,ASW,CE,Towers with Radar,0,5,83,2,90,0,2,104,0,106,0,7,187,2,196,152,0,152,348
12/18/2021,DWH,TX,ASW,CE,Towers with Radar,0,3,17,0,20,0,2,1,0,3,0,5,18,0,23,0,0,0,23
12/19/2021,DWH,TX,ASW,CE,Towers with Radar,0,7,51,2,60,0,2,173,0,175,0,9,224,2,235,163,0,163,398
12/20/2021,DWH,TX,ASW,CE,Towers with Radar,0,3,33,0,36,0,1,153,0,154,0,4,186,0,190,245,0,245,435
12/21/2021,DWH,TX,ASW,CE,Towers with Radar,0,1,51,2,54,0,3,236,0,239,0,4,287,2,293,208,0,208,501
12/22/2021,DWH,TX,ASW,CE,Towers with Radar,0,15,50,6,71,0,3,217,0,220,0,18,267,6,291,215,0,215,506
12/23/2021,DWH,TX,ASW,CE,Towers with Radar,0,10,56,0,66,0,6,131,1,138,0,16,187,1,204,106,0,106,310
12/24/2021,DWH,TX,ASW,CE,Towers with Radar,0,2,34,1,37,0,4,53,0,57,0,6,87,1,94,98,0,98,192
12/25/2021,DWH,TX,ASW,CE,Towers with Radar,0,7,12,0,19,0,3,17,0,20,0,10,29,0,39,6,0,6,45
12/26/2021,DWH,TX,ASW,CE,Towers with Radar,0,5,42,0,47,0,4,49,2,55,0,9,91,2,102,37,0,37,139
12/27/2021,DWH,TX,ASW,CE,Towers with Radar,0,7,46,2,55,0,5,105,0,110,0,12,151,2,165,162,0,162,327
12/28/2021,DWH,TX,ASW,CE,Towers with Radar,0,6,44,4,54,0,3,73,0,76,0,9,117,4,130,54,0,54,184
12/29/2021,DWH,TX,ASW,CE,Towers with Radar,0,13,41,2,56,0,1,105,0,106,0,14,146,2,162,282,0,282,444
12/30/2021,DWH,TX,ASW,CE,Towers with Radar,0,16,57,0,73,0,4,119,0,123,0,20,176,0,196,148,0,148,344
12/31/2021,DWH,TX,ASW,CE,Towers with Radar,0,3,39,0,42,0,5,46,0,51,0,8,85,0,93,98,0,98,191
01/01/2022,DWH,TX,ASW,CE,Towers with Radar,0,3,21,0,24,0,7,46,0,53,0,10,67,0,77,44,0,44,121
01/02/2022,DWH,TX,ASW,CE,Towers with Radar,0,5,18,0,23,0,3,31,0,34,0,8,49,0,57,18,0,18,75
01/03/2022,DWH,TX,ASW,CE,Towers with Radar,0,7,23,0,30,0,2,195,0,197,0,9,218,0,227,146,0,146,373
01/04/2022,DWH,TX,ASW,CE,Towers with Radar,0,4,37,0,41,0,3,174,0,177,0,7,211,0,218,202,0,202,420
01/05/2022,DWH,TX,ASW,CE,Towers with Radar,0,8,46,3,57,0,1,201,0,202,0,9,247,3,259,200,0,200,459
01/06/2022,DWH,TX,ASW,CE,Towers with Radar,0,5,49,2,56,0,2,132,0,134,0,7,181,2,190,133,0,133,323
01/07/2022,DWH,TX,ASW,CE,Towers with Radar,0,2,43,0,45,0,4,98,0,102,0,6,141,0,147,274,0,274,421
01/08/2022,DWH,TX,ASW,CE,Towers with Radar,0,1,10,0,11,0,0,0,0,0,0,1,10,0,11,4,0,4,15
01/09/2022,DWH,TX,ASW,CE,Towers with Radar,0,4,50,0,54,0,2,35,0,37,0,6,85,0,91,26,0,26,117
01/10/2022,DWH,TX,ASW,CE,Towers with Radar,0,4,32,0,36,0,3,174,0,177,0,7,206,0,213,187,0,187,400
01/11/2022,DWH,TX,ASW,CE,Towers with Radar,0,4,36,0,40,0,0,190,1,191,0,4,226,1,231,339,0,339,570
01/12/2022,DWH,TX,ASW,CE,Towers with Radar,0,9,44,0,53,0,6,182,0,188,0,15,226,0,241,288,0,288,529
01/13/2022,DWH,TX,ASW,CE,Towers with Radar,0,3,44,0,47,0,6,235,3,244,0,9,279,3,291,265,0,265,556
01/14/2022,DWH,TX,ASW,CE,Towers with Radar,0,7,44,1,52,0,8,237,2,247,0,15,281,3,299,244,0,244,543
01/15/2022,DWH,TX,ASW,CE,Towers with Radar,0,5,10,0,15,0,3,10,0,13,0,8,20,0,28,6,0,6,34
01/16/2022,DWH,TX,ASW,CE,Towers with Radar,0,10,45,0,55,0,4,226,0,230,0,14,271,0,285,181,0,181,466
01/17/2022,DWH,TX,ASW,CE,Towers with Radar,0,10,48,2,60,0,5,231,0,236,0,15,279,2,296,313,0,313,609
01/18/2022,DWH,TX,ASW,CE,Towers with Radar,0,4,44,0,48,0,2,178,0,180,0,6,222,0,228,201,0,201,429
01/19/2022,DWH,TX,ASW,CE,Towers with Radar,0,7,44,0,51,0,2,35,0,37,0,9,79,0,88,122,0,122,210
01/20/2022,DWH,TX,ASW,CE,Towers with Radar,0,6,17,2,25,0,4,29,1,34,0,10,46,3,59,71,4,75,134
01/21/2022,DWH,TX,ASW,CE,Towers with Radar,0,11,34,5,50,0,1,182,0,183,0,12,216,5,233,302,0,302,535
01/22/2022,DWH,TX,ASW,CE,Towers with Radar,0,6,27,7,40,0,1,261,2,264,0,7,288,9,304,364,0,364,668
01/23/2022,DWH,TX,ASW,CE,Towers with Radar,0,5,45,2,52,0,1,214,2,217,0,6,259,4,269,239,0,239,508
01/24/2022,DWH,TX,ASW,CE,Towers with Radar,0,3,27,0,30,0,1,1,0,2,0,4,28,0,32,0,0,0,32
01/25/2022,DWH,TX,ASW,CE,Towers with Radar,0,6,57,2,65,0,1,56,0,57,0,7,113,2,122,266,0,266,388
01/26/2022,DWH,TX,ASW,CE,Towers with Radar,0,1,54,0,55,0,4,226,2,232,0,5,280,2,287,232,0,232,519
01/27/2022,DWH,TX,ASW,CE,Towers with Radar,0,5,55,0,60,0,5,246,1,252,0,10,301,1,312,366,0,366,678
01/28/2022,DWH,TX,ASW,CE,Towers with Radar,0,5,53,2,60,0,1,200,0,201,0,6,253,2,261,154,0,154,415
01/29/2022,DWH,TX,ASW,CE,Towers with Radar,0,3,20,0,23,0,2,232,0,234,0,5,252,0,257,226,0,226,483
01/30/2022,DWH,TX,ASW,CE,Towers with Radar,0,5,60,2,67,0,3,241,0,244,0,8,301,2,311,280,0,280,591
01/31/2022,DWH,TX,ASW,CE,Towers with Radar,0,2,26,1,29,0,0,10,0,10,0,2,36,1,39,40,0,40,79
02/01/2022,DWH,TX,ASW,CE,Towers with Radar,0,1,71,2,74,0,0,51,1,52,0,1,122,3,126,144,0,144,270
02/02/2022,DWH,TX,ASW,CE,Towers with Radar,0,5,28,0,33,0,0,17,0,17,0,5,45,0,50,106,0,106,156
02/03/2022,DWH,TX,ASW,CE,Towers with Radar,0,6,14,0,20,0,0,7,0,7,0,6,21,0,27,0,0,0,27
02/04/2022,DWH,TX,ASW,CE,Towers with Radar,0,7,26,2,35,0,2,27,1,30,0,9,53,3,65,16,0,16,81
02/05/2022,DWH,TX,ASW,CE,Towers with Radar,0,2,27,0,29,0,5,252,1,258,0,7,279,1,287,230,0,230,517
02/06/2022,DWH,TX,ASW,CE,Towers with Radar,0,2,37,2,41,0,5,236,3,244,0,7,273,5,285,258,0,258,543
02/07/2022,DWH,TX,ASW,CE,Towers with Radar,0,1,42,1,44,0,2,245,1,248,0,3,287,2,292,230,0,230,522
02/08/2022,DWH,TX,ASW,CE,Towers with Radar,0,2,48,1,51,0,2,213,5,220,0,4,261,6,271,273,0,273,544
02/09/2022,DWH,TX,ASW,CE,Towers with Radar,0,13,58,0,71,0,4,220,6,230,0,17,278,6,301,282,0,282,583
02/10/2022,DWH,TX,ASW,CE,Towers with Radar,0,9,69,3,81,0,4,224,1,229,0,13,293,4,310,328,0,328,638
02/11/2022,DWH,TX,ASW,CE,Towers with Radar,0,5,44,3,52,0,3,249,2,254,0,8,293,5,306,254,0,254,560
02/12/2022,DWH,TX,ASW,CE,Towers with Radar,0,1,34,0,35,0,0,5,0,5,0,1,39,0,40,6,0,6,46
02/13/2022,DWH,TX,ASW,CE,Towers with Radar,0,3,45,1,49,0,0,204,0,204,0,3,249,1,253,305,0,305,558
02/14/2022,DWH,TX,ASW,CE,Towers with Radar,0,1,45,0,46,0,3,193,2,198,0,4,238,2,244,199,0,199,443
02/15/2022,DWH,TX,ASW,CE,Towers with Radar,0,1,30,0,31,0,5,174,0,179,0,6,204,0,210,182,0,182,392
02/16/2022,DWH,TX,ASW,CE,Towers with Radar,0,6,36,2,44,0,1,47,0,48,0,7,83,2,92,73,0,73,165
02/17/2022,DWH,TX,ASW,CE,Towers with Radar,1,6,32,2,41,0,0,37,0,37,1,6,69,2,78,52,0,52,130
02/18/2022,DWH,TX,ASW,CE,Towers with Radar,0,3,58,0,61,0,2,224,0,226,0,5,282,0,287,234,0,234,521
02/19/2022,DWH,TX,ASW,CE,Towers with Radar,0,4,38,0,42,0,5,273,0,278,0,9,311,0,320,256,0,256,576
02/20/2022,DWH,TX,ASW,CE,Towers with Radar,0,5,46,0,51,0,2,161,3,166,0,7,207,3,217,287,0,287,504
02/21/2022,DWH,TX,ASW,CE,Towers with Radar,0,4,39,0,43,0,3,24,0,27,0,7,63,0,70,23,0,23,93
02/22/2022,DWH,TX,ASW,CE,Towers with Radar,0,2,77,3,82,0,4,80,0,84,0,6,157,3,166,251,0,251,417
02/23/2022,DWH,TX,ASW,CE,Towers with Radar,0,5,25,2,32,0,0,14,0,14,0,5,39,2,46,40,0,40,86
02/24/2022,DWH,TX,ASW,CE,Towers with Radar,0,5,25,3,33,0,0,0,0,0,0,5,25,3,33,0,0,0,33
02/25/2022,DWH,TX,ASW,CE,Towers with Radar,0,5,25,4,34,0,5,64,0,69,0,10,89,4,103,169,0,169,272
02/26/2022,DWH,TX,ASW,CE,Towers with Radar,0,1,20,2,23,0,0,0,0,0,0,1,20,2,23,0,0,0,23
02/27/2022,DWH,TX,ASW,CE,Towers with Radar,0,3,52,2,57,0,2,144,0,146,0,5,196,2,203,162,0,162,365
02/28/2022,DWH,TX,ASW,CE,Towers with Radar,0,12,54,0,66,0,4,283,1,288,0,16,337,1,354,244,0,244,598
03/01/2022,DWH,TX,ASW,CE,Towers with Radar,0,6,34,2,42,0,2,245,5,252,0,8,279,7,294,248,0,248,542
03/02/2022,DWH,TX,ASW,CE,Towers with Radar,0,0,53,0,53,0,2,269,1,272,0,2,322,1,325,193,0,193,518
03/03/2022,DWH,TX,ASW,CE,Towers with Radar,0,6,55,3,64,0,2,287,0,289,0,8,342,3,353,240,0,240,593
03/04/2022,DWH,TX,ASW,CE,Towers with Radar,0,3,56,0,59,0,4,110,0,114,0,7,166,0,173,254,0,254,427
03/05/2022,DWH,TX,ASW,CE,Towers with Radar,0,1,43,0,44,0,6,64,2,72,0,7,107,2,116,158,0,158,274
03/06/2022,DWH,TX,ASW,CE,Towers with Radar,0,6,58,0,64,0,2,61,0,63,0,8,119,0,127,103,0,103,230
03/07/2022,DWH,TX,ASW,CE,Towers with Radar,1,6,44,2,53,0,2,62,1,65,1,8,106,3,118,66,2,68,186
03/08/2022,DWH,TX,ASW,CE,Towers with Radar,0,6,25,0,31,0,0,2,0,2,0,6,27,0,33,0,0,0,33
03/09/2022,DWH,TX,ASW,CE,Towers with Radar,0,10,49,0,59,0,5,215,0,220,0,15,264,0,279,262,0,262,541
03/10/2022,DWH,TX,ASW,CE,Towers with Radar,0,5,48,1,54,0,5,277,2,284,0,10,325,3,338,289,0,289,627
03/11/2022,DWH,TX,ASW,CE,Towers with Radar,0,6,27,0,33,0,6,22,0,28,0,12,49,0,61,70,0,70,131
03/12/2022,DWH,TX,ASW,CE,Towers with Radar,0,13,44,0,57,0,1,220,3,224,0,14,264,3,281,254,0,254,535
03/13/2022,DWH,TX,ASW,CE,Towers with Radar,1,2,25,1,29,0,4,228,1,233,1,6,253,2,262,244,0,244,506
03/14/2022,DWH,TX,ASW,CE,Towers with Radar,0,3,49,3,55,0,2,112,0,114,0,5,161,3,169,128,0,128,297
03/15/2022,DWH,TX,ASW,CE,Towers with Radar,0,5,50,3,58,0,3,202,2,207,0,8,252,5,265,196,0,196,461
03/16/2022,DWH,TX,ASW,CE,Towers with Radar,0,7,41,2,50,0,1,305,2,308,0,8,346,4,358,367,0,367,725
03/17/2022,DWH,TX,ASW,CE,Towers with Radar,0,8,38,2,48,0,2,86,0,88,0,10,124,2,136,86,0,86,222
03/18/2022,DWH,TX,ASW,CE,Towers with Radar,0,5,35,2,42,0,4,133,1,138,0,9,168,3,180,169,0,169,349
03/19/2022,DWH,TX,ASW,CE,Towers with Radar,0,8,33,0,41,0,4,262,1,267,0,12,295,1,308,218,0,218,526
03/20/2022,DWH,TX,ASW,CE,Towers with Radar,0,9,30,0,39,0,4,181,0,185,0,13,211,0,224,156,0,156,380
03/21/2022,DWH,TX,ASW,CE,Towers with Radar,0,9,10,0,19,0,3,0,0,3,0,12,10,0,22,2,0,2,24
03/22/2022,DWH,TX,ASW,CE,Towers with Radar,0,6,25,0,31,0,3,95,0,98,0,9,120,0,129,113,0,113,242
03/23/2022,DWH,TX,ASW,CE,Towers with Radar,0,9,60,3,72,0,1,195,1,197,0,10,255,4,269,144,0,144,413
03/24/2022,DWH,TX,ASW,CE,Towers with Radar,0,11,36,10,57,0,3,175,2,180,0,14,211,12,237,217,0,217,454
03/25/2022,DWH,TX,ASW,CE,Towers with Radar,0,6,44,0,50,0,3,247,2,252,0,9,291,2,302,438,0,438,740
03/26/2022,DWH,TX,ASW,CE,Towers with Radar,0,3,38,1,42,0,4,291,3,298,0,7,329,4,340,262,0,262,602
03/27/2022,DWH,TX,ASW,CE,Towers with Radar,0,6,52,1,59,0,4,198,0,202,0,10,250,1,261,204,0,204,465
03/28/2022,DWH,TX,ASW,CE,Towers with Radar,0,13,53,0,66,0,2,173,2,177,0,15,226,2,243,184,0,184,427
03/29/2022,DWH,TX,ASW,CE,Towers with Radar,0,4,53,0,57,0,3,50,2,55,0,7,103,2,112,56,0,56,168
03/30/2022,DWH,TX,ASW,CE,Towers with Radar,0,8,33,1,42,0,0,72,3,75,0,8,105,4,117,70,0,70,187
03/31/2022,DWH,TX,ASW,CE,Towers with Radar,0,8,50,1,59,0,2,263,3,268,0,10,313,4,327,382,0,382,709
04/01/2022,DWH,TX,ASW,CE,Towers with Radar,0,8,40,2,50,0,3,221,4,228,0,11,261,6,278,250,0,250,528
04/02/2022,DWH,TX,ASW,CE,Towers with Radar,0,7,43,0,50,0,5,195,0,200,0,12,238,0,250,463,0,463,713
04/03/2022,DWH,TX,ASW,CE,Towers with Radar,0,6,44,1,51,0,0,166,2,168,0,6,210,3,219,202,0,202,421
04/04/2022,DWH,TX,ASW,CE,Towers with Radar,0,7,46,2,55,0,2,21,0,23,0,9,67,2,78,76,0,76,154
04/05/2022,DWH,TX,ASW,CE,Towers with Radar,0,6,53,1,60,0,2,139,0,141,0,8,192,1,201,204,0,204,405
04/06/2022,DWH,TX,ASW,CE,Towers with Radar,0,6,50,0,56,0,2,119,1,122,0,8,169,1,178,148,0,148,326
04/07/2022,DWH,TX,ASW,CE,Towers with Radar,0,9,42,2,53,0,3,167,0,170,0,12,209,2,223,162,0,162,385
04/08/2022,DWH,TX,ASW,CE,Towers with Radar,0,4,36,0,40,0,2,127,0,129,0,6,163,0,169,156,0,156,325
04/09/2022,DWH,TX,ASW,CE,Towers with Radar,0,3,33,2,38,0,0,180,0,180,0,3,213,2,218,184,0,184,402
04/10/2022,DWH,TX,ASW,CE,Towers with Radar,0,10,24,0,34,0,6,49,0,55,0,16,73,0,89,78,0,78,167
04/11/2022,DWH,TX,ASW,CE,Towers with Radar,0,5,52,0,57,0,1,81,0,82,0,6,133,0,139,107,0,107,246
04/12/2022,DWH,TX,ASW,CE,Towers with Radar,0,6,74,0,80,0,2,28,1,31,0,8,102,1,111,157,0,157,268
04/13/2022,DWH,TX,ASW,CE,Towers with Radar,0,7,54,0,61,0,1,47,2,50,0,8,101,2,111,168,0,168,279
04/14/2022,DWH,TX,ASW,CE,Towers with Radar,0,7,48,4,59,0,5,312,2,319,0,12,360,6,378,304,0,304,682
04/15/2022,DWH,TX,ASW,CE,Towers with Radar,0,4,41,0,45,0,3,17,0,20,0,7,58,0,65,98,0,98,163
04/16/2022,DWH,TX,ASW,CE,Towers with Radar,0,2,63,0,65,0,5,80,0,85,0,7,143,0,150,256,0,256,406
04/17/2022,DWH,TX,ASW,CE,Towers with Radar,0,6,41,1,48,0,0,71,0,71,0,6,112,1,119,193,0,193,312
04/18/2022,DWH,TX,ASW,CE,Towers with Radar,0,2,61,5,68,0,3,204,0,207,0,5,265,5,275,158,0,158,433
04/19/2022,DWH,TX,ASW,CE,Towers with Radar,0,3,32,1,36,0,4,159,2,165,0,7,191,3,201,92,0,92,293
04/20/2022,DWH,TX,ASW,CE,Towers with Radar,0,4,48,1,53,0,5,57,0,62,0,9,105,1,115,180,0,180,295
04/21/2022,DWH,TX,ASW,CE,Towers with Radar,0,7,75,1,83,0,1,113,0,114,0,8,188,1,197,247,0,247,444
04/22/2022,DWH,TX,ASW,CE,Towers with Radar,0,9,55,0,64,0,6,153,0,159,0,15,208,0,223,232,0,232,455
04/23/2022,DWH,TX,ASW,CE,Towers with Radar,0,8,42,0,50,0,4,131,0,135,0,12,173,0,185,156,0,156,341
04/24/2022,DWH,TX,ASW,CE,Towers with Radar,0,8,67,0,75,0,3,118,1,122,0,11,185,1,197,236,0,236,433
04/25/2022,DWH,TX,ASW,CE,Towers with Radar,0,5,12,0,17,0,1,13,0,14,0,6,25,0,31,122,0,122,153
04/26/2022,DWH,TX,ASW,CE,Towers with Radar,0,6,54,0,60,0,5,177,0,182,0,11,231,0,242,200,0,200,442
04/27/2022,DWH,TX,ASW,CE,Towers with Radar,0,11,50,0,61,0,3,271,2,276,0,14,321,2,337,277,0,277,614
04/28/2022,DWH,TX,ASW,CE,Towers with Radar,0,6,70,0,76,0,5,208,0,213,0,11,278,0,289,423,0,423,712
04/29/2022,DWH,TX,ASW,CE,Towers with Radar,0,8,52,0,60,0,3,185,0,188,0,11,237,0,248,338,0,338,586
04/30/2022,DWH,TX,ASW,CE,Towers with Radar,0,2,55,0,57,0,1,172,4,177,0,3,227,4,234,476,0,476,710
05/01/2022,DWH,TX,ASW,CE,Towers with Radar,0,8,38,1,47,0,7,90,1,98,0,15,128,2,145,205,0,205,350
05/02/2022,DWH,TX,ASW,CE,Towers with Radar,0,7,61,0,68,0,2,121,3,126,0,9,182,3,194,134,0,134,328
05/03/2022,DWH,TX,ASW,CE,Towers with Radar,0,11,50,2,63,0,3,156,0,159,0,14,206,2,222,270,0,270,492
05/04/2022,DWH,TX,ASW,CE,Towers with Radar,0,10,57,1,68,0,3,130,0,133,0,13,187,1,201,118,0,118,319
05/05/2022,DWH,TX,ASW,CE,Towers with Radar,0,6,40,1,47,0,4,34,0,38,0,10,74,1,85,72,0,72,157
05/06/2022,DWH,TX,ASW,CE,Towers with Radar,0,2,51,1,54,0,1,303,0,304,0,3,354,1,358,359,0,359,717
05/07/2022,DWH,TX,ASW,CE,Towers with Radar,0,6,62,1,69,0,6,150,0,156,0,12,212,1,225,402,0,402,627
05/08/2022,DWH,TX,ASW,CE,Towers with Radar,0,5,39,2,46,0,3,167,2,172,0,8,206,4,218,243,0,243,461
05/09/2022,DWH,TX,ASW,CE,Towers with Radar,0,10,58,2,70,0,6,150,0,156,0,16,208,2,226,163,0,163,389
05/10/2022,DWH,TX,ASW,CE,Towers with Radar,0,5,48,2,55,0,3,255,1,259,0,8,303,3,314,203,0,203,517
05/11/2022,DWH,TX,ASW,CE,Towers with Radar,0,4,60,3,67,0,2,201,0,203,0,6,261,3,270,212,0,212,482
05/12/2022,DWH,TX,ASW,CE,Towers with Radar,0,9,55,0,64,0,2,199,2,203,0,11,254,2,267,273,0,273,540
05/13/2022,DWH,TX,ASW,CE,Towers with Radar,0,11,40,0,51,0,3,200,0,203,0,14,240,0,254,296,0,296,550
05/14/2022,DWH,TX,ASW,CE,Towers with Radar,0,4,41,0,45,0,3,223,1,227,0,7,264,1,272,275,0,275,547
05/15/2022,DWH,TX,ASW,CE,Towers with Radar,0,10,43,5,58,0,3,183,3,189,0,13,226,8,247,214,0,214,461
05/16/2022,DWH,TX,ASW,CE,Towers with Radar,0,6,32,1,39,0,2,161,1,164,0,8,193,2,203,222,0,222,425
05/17/2022,DWH,TX,ASW,CE,Towers with Radar,1,7,52,0,60,0,2,175,1,178,1,9,227,1,238,228,0,228,466
05/18/2022,DWH,TX,ASW,CE,Towers with Radar,0,4,40,2,46,0,2,187,1,190,0,6,227,3,236,208,0,208,444
05/19/2022,DWH,TX,ASW,CE,Towers with Radar,0,11,55,2,68,0,2,247,1,250,0,13,302,3,318,180,0,180,498
05/20/2022,DWH,TX,ASW,CE,Towers with Radar,0,6,63,4,73,0,5,109,0,114,0,11,172,4,187,166,0,166,353
05/21/2022,DWH,TX,ASW,CE,Towers with Radar,0,2,47,1,50,0,5,148,2,155,0,7,195,3,205,224,0,224,429
05/22/2022,DWH,TX,ASW,CE,Towers with Radar,0,7,15,0,22,0,1,8,0,9,0,8,23,0,31,8,0,8,39
05/23/2022,DWH,TX,ASW,CE,Towers with Radar,1,8,69,0,78,0,0,91,0,91,1,8,160,0,169,249,0,249,418
05/24/2022,DWH,TX,ASW,CE,Towers with Radar,0,1,17,0,18,0,7,27,0,34,0,8,44,0,52,62,0,62,114
05/25/2022,DWH,TX,ASW,CE,Towers with Radar,0,5,50,4,59,0,4,125,1,130,0,9,175,5,189,188,0,188,377
05/26/2022,DWH,TX,ASW,CE,Towers with Radar,0,5,45,0,50,0,4,266,2,272,0,9,311,2,322,223,0,223,545
05/27/2022,DWH,TX,ASW,CE,Towers with Radar,0,5,42,0,47,0,4,220,0,224,0,9,262,0,271,244,0,244,515
05/28/2022,DWH,TX,ASW,CE,Towers with Radar,0,2,27,0,29,0,3,222,0,225,0,5,249,0,254,358,0,358,612
05/29/2022,DWH,TX,ASW,CE,Towers with Radar,0,1,45,0,46,0,5,162,0,167,0,6,207,0,213,173,0,173,386
05/30/2022,DWH,TX,ASW,CE,Towers with Radar,1,3,38,0,42,0,5,123,0,128,1,8,161,0,170,66,0,66,236
05/31/2022,DWH,TX,ASW,CE,Towers with Radar,0,3,45,0,48,0,5,165,0,170,0,8,210,0,218,184,0,184,402
06/01/2022,DWH,TX,ASW,CE,Towers with Radar,0,7,46,2,55,0,5,147,0,152,0,12,193,2,207,352,0,352,559
06/02/2022,DWH,TX,ASW,CE,Towers with Radar,0,7,55,5,67,0,1,176,2,179,0,8,231,7,246,370,0,370,616
06/03/2022,DWH,TX,ASW,CE,Towers with Radar,0,8,28,1,37,0,2,214,0,216,0,10,242,1,253,255,0,255,508
06/04/2022,DWH,TX,ASW,CE,Towers with Radar,0,4,29,0,33,0,0,178,0,178,0,4,207,0,211,330,0,330,541
06/05/2022,DWH,TX,ASW,CE,Towers with Radar,0,17,41,0,58,0,4,187,0,191,0,21,228,0,249,272,0,272,521
06/06/2022,DWH,TX,ASW,CE,Towers with Radar,0,5,54,0,59,0,4,179,0,183,0,9,233,0,242,255,0,255,497
06/07/2022,DWH,TX,ASW,CE,Towers with Radar,0,4,33,0,37,0,1,197,1,199,0,5,230,1,236,382,0,382,618
06/08/2022,DWH,TX,ASW,CE,Towers with Radar,0,5,60,0,65,0,2,192,1,195,0,7,252,1,260,253,0,253,513
06/09/2022,DWH,TX,ASW,CE,Towers with Radar,0,9,50,0,59,0,2,212,2,216,0,11,262,2,275,226,0,226,501
06/10/2022,DWH,TX,ASW,CE,Towers with Radar,0,3,34,0,37,0,1,161,0,162,0,4,195,0,199,169,0,169,368
06/11/2022,DWH,TX,ASW,CE,Towers with Radar,0,4,29,0,33,0,1,176,1,178,0,5,205,1,211,194,0,194,405
06/12/2022,DWH,TX,ASW,CE,Towers with Radar,0,10,44,0,54,0,4,139,0,143,0,14,183,0,197,263,0,263,460
06/13/2022,DWH,TX,ASW,CE,Towers with Radar,0,6,47,0,53,0,5,156,0,161,0,11,203,0,214,210,0,210,424
06/14/2022,DWH,TX,ASW,CE,Towers with Radar,0,7,44,4,55,0,3,154,4,161,0,10,198,8,216,182,0,182,398
06/15/2022,DWH,TX,ASW,CE,Towers with Radar,0,7,64,4,75,0,2,206,0,208,0,9,270,4,283,229,0,229,512
06/16/2022,DWH,TX,ASW,CE,Towers with Radar,0,6,46,0,52,0,4,181,0,185,0,10,227,0,237,230,0,230,467
06/17/2022,DWH,TX,ASW,CE,Towers with Radar,0,5,48,0,53,0,3,177,0,180,0,8,225,0,233,278,0,278,511
06/18/2022,DWH,TX,ASW,CE,Towers with Radar,0,3,42,0,45,0,5,233,0,238,0,8,275,0,283,366,0,366,649
06/19/2022,DWH,TX,ASW,CE,Towers with Radar,0,9,32,1,42,0,2,174,1,177,0,11,206,2,219,208,0,208,427
06/20/2022,DWH,TX,ASW,CE,Towers with Radar,0,4,35,0,39,0,5,215,2,222,0,9,250,2,261,276,0,276,537
06/21/2022,DWH,TX,ASW,CE,Towers with Radar,0,9,41,6,56,0,4,183,0,187,0,13,224,6,243,235,0,235,478
06/22/2022,DWH,TX,ASW,CE,Towers with Radar,0,6,42,0,48,0,1,216,4,221,0,7,258,4,269,260,0,260,529
06/23/2022,DWH,TX,ASW,CE,Towers with Radar,0,13,40,0,53,0,6,239,0,245,0,19,279,0,298,274,0,274,572
06/24/2022,DWH,TX,ASW,CE,Towers with Radar,0,13,37,0,50,0,0,188,1,189,0,13,225,1,239,286,0,286,525
06/25/2022,DWH,TX,ASW,CE,Towers with Radar,0,5,34,0,39,0,1,210,0,211,0,6,244,0,250,180,0,180,430
06/26/2022,DWH,TX,ASW,CE,Towers with Radar,0,7,55,2,64,0,5,186,0,191,0,12,241,2,255,254,0,254,509
06/27/2022,DWH,TX,ASW,CE,Towers with Radar,0,10,26,0,36,0,3,107,0,110,0,13,133,0,146,222,0,222,368
06/28/2022,DWH,TX,ASW,CE,Towers with Radar,0,7,28,0,35,0,2,201,2,205,0,9,229,2,240,302,0,302,542
06/29/2022,DWH,TX,ASW,CE,Towers with Radar,0,13,43,0,56,0,8,179,0,187,0,21,222,0,243,290,0,290,533
06/30/2022,DWH,TX,ASW,CE,Towers with Radar,0,8,46,0,54,0,2,89,0,91,0,10,135,0,145,184,0,184,329
07/01/2022,DWH,TX,ASW,CE,Towers with Radar,0,4,44,0,48,0,4,25,0,29,0,8,69,0,77,70,0,70,147
07/02/2022,DWH,TX,ASW,CE,Towers with Radar,0,2,32,0,34,0,5,138,1,144,0,7,170,1,178,260,0,260,438
07/03/2022,DWH,TX,ASW,CE,Towers with Radar,0,2,16,0,18,0,0,189,2,191,0,2,205,2,209,157,0,157,366
07/04/2022,DWH,TX,ASW,CE,Towers with Radar,0,1,32,0,33,0,4,178,0,182,0,5,210,0,215,169,0,169,384
07/05/2022,DWH,TX,ASW,CE,Towers with Radar,0,0,49,2,51,0,3,188,0,191,0,3,237,2,242,248,0,248,490
07/06/2022,DWH,TX,ASW,CE,Towers with Radar,0,13,29,0,42,0,7,167,1,175,0,20,196,1,217,167,0,167,384
07/07/2022,DWH,TX,ASW,CE,Towers with Radar,0,4,34,0,38,0,2,213,0,215,0,6,247,0,253,298,0,298,551
07/08/2022,DWH,TX,ASW,CE,Towers with Radar,0,7,45,1,53,0,5,187,3,195,0,12,232,4,248,140,0,140,388
07/09/2022,DWH,TX,ASW,CE,Towers with Radar,0,9,37,2,48,0,5,151,0,156,0,14,188,2,204,153,0,153,357
07/10/2022,DWH,TX,ASW,CE,Towers with Radar,0,6,49,0,55,0,6,162,0,168,0,12,211,0,223,218,0,218,441
07/11/2022,DWH,TX,ASW,CE,Towers with Radar,0,7,35,0,42,0,4,196,0,200,0,11,231,0,242,206,0,206,448
07/12/2022,DWH,TX,ASW,CE,Towers with Radar,0,11,36,0,47,0,0,158,0,158,0,11,194,0,205,192,0,192,397
07/13/2022,DWH,TX,ASW,CE,Towers with Radar,0,9,61,1,71,0,3,203,1,207,0,12,264,2,278,322,0,322,600
07/14/2022,DWH,TX,ASW,CE,Towers with Radar,0,12,42,0,54,0,5,108,0,113,0,17,150,0,167,139,0,139,306
07/15/2022,DWH,TX,ASW,CE,Towers with Radar,0,7,48,0,55,0,1,189,0,190,0,8,237,0,245,348,0,348,593
07/16/2022,DWH,TX,ASW,CE,Towers with Radar,0,3,24,0,27,0,2,204,0,206,0,5,228,0,233,312,0,312,545
07/17/2022,DWH,TX,ASW,CE,Towers with Radar,0,5,44,0,49,0,6,184,1,191,0,11,228,1,240,330,0,330,570
07/18/2022,DWH,TX,ASW,CE,Towers with Radar,0,4,55,2,61,0,0,159,0,159,0,4,214,2,220,322,0,322,542
07/19/2022,DWH,TX,ASW,CE,Towers with Radar,0,7,48,2,57,0,4,197,3,204,0,11,245,5,261,208,0,208,469
07/20/2022,DWH,TX,ASW,CE,Towers with Radar,0,4,45,1,50,0,2,178,0,180,0,6,223,1,230,178,0,178,408
07/21/2022,DWH,TX,ASW,CE,Towers with Radar,0,7,62,0,69,0,5,181,0,186,0,12,243,0,255,317,0,317,572
07/22/2022,DWH,TX,ASW,CE,Towers with Radar,1,7,49,1,58,0,4,125,3,132,1,11,174,4,190,307,0,307,497
07/23/2022,DWH,TX,ASW,CE,Towers with Radar,0,6,34,1,41,0,3,203,0,206,0,9,237,1,247,269,0,269,516
07/24/2022,DWH,TX,ASW,CE,Towers with Radar,0,11,35,0,46,0,3,155,0,158,0,14,190,0,204,283,0,283,487
07/25/2022,DWH,TX,ASW,CE,Towers with Radar,0,7,34,2,43,0,2,148,1,151,0,9,182,3,194,249,0,249,443
07/26/2022,DWH,TX,ASW,CE,Towers with Radar,0,1,27,2,30,0,2,153,0,155,0,3,180,2,185,184,0,184,369
07/27/2022,DWH,TX,ASW,CE,Towers with Radar,0,5,30,1,36,0,1,131,0,132,0,6,161,1,168,173,0,173,341
07/28/2022,DWH,TX,ASW,CE,Towers with Radar,0,8,41,0,49,0,3,148,0,151,0,11,189,0,200,262,0,262,462
07/29/2022,DWH,TX,ASW,CE,Towers with Radar,0,8,29,2,39,0,2,175,2,179,0,10,204,4,218,224,0,224,442
07/30/2022,DWH,TX,ASW,CE,Towers with Radar,0,10,44,0,54,0,2,213,0,215,0,12,257,0,269,237,0,237,506
07/31/2022,DWH,TX,ASW,CE,Towers with Radar,0,8,36,0,44,0,2,209,2,213,0,10,245,2,257,314,0,314,571
08/01/2022,DWH,TX,ASW,CE,Towers with Radar,0,5,34,0,39,0,4,144,0,148,0,9,178,0,187,288,0,288,475
08/02/2022,DWH,TX,ASW,CE,Towers with Radar,0,9,46,0,55,0,4,184,3,191,0,13,230,3,246,281,0,281,527
08/03/2022,DWH,TX,ASW,CE,Towers with Radar,0,6,44,2,52,0,2,183,0,185,0,8,227,2,237,240,0,240,477
08/04/2022,DWH,TX,ASW,CE,Towers with Radar,0,6,52,5,63,0,4,181,3,188,0,10,233,8,251,158,0,158,409
08/05/2022,DWH,TX,ASW,CE,Towers with Radar,0,8,34,2,44,0,4,135,0,139,0,12,169,2,183,246,0,246,429
08/06/2022,DWH,TX,ASW,CE,Towers with Radar,0,7,30,0,37,0,2,164,0,166,0,9,194,0,203,300,0,300,503
08/07/2022,DWH,TX,ASW,CE,Towers with Radar,0,3,43,1,47,0,3,191,1,195,0,6,234,2,242,327,0,327,569
08/08/2022,DWH,TX,ASW,CE,Towers with Radar,0,5,49,2,56,0,2,191,0,193,0,7,240,2,249,264,0,264,513
08/09/2022,DWH,TX,ASW,CE,Towers with Radar,1,3,46,0,50,0,4,207,0,211,1,7,253,0,261,235,0,235,496
08/10/2022,DWH,TX,ASW,CE,Towers with Radar,0,8,31,0,39,0,0,176,0,176,0,8,207,0,215,236,0,236,451
08/11/2022,DWH,TX,ASW,CE,Towers with Radar,0,8,38,0,46,0,2,205,0,207,0,10,243,0,253,258,0,258,511
08/12/2022,DWH,TX,ASW,CE,Towers with Radar,0,5,36,0,41,0,0,137,0,137,0,5,173,0,178,314,0,314,492
08/13/2022,DWH,TX,ASW,CE,Towers with Radar,0,3,22,4,29,0,1,186,2,189,0,4,208,6,218,168,0,168,386
08/14/2022,DWH,TX,ASW,CE,Towers with Radar,0,5,48,0,53,0,3,107,2,112,0,8,155,2,165,192,0,192,357
08/15/2022,DWH,TX,ASW,CE,Towers with Radar,0,7,27,2,36,0,2,128,0,130,0,9,155,2,166,70,0,70,236
08/16/2022,DWH,TX,ASW,CE,Towers with Radar,0,4,36,3,43,0,5,229,0,234,0,9,265,3,277,412,0,412,689
08/17/2022,DWH,TX,ASW,CE,Towers with Radar,0,4,41,3,48,0,2,216,0,218,0,6,257,3,266,301,0,301,567
08/18/2022,DWH,TX,ASW,CE,Towers with Radar,0,5,38,0,43,0,2,139,0,141,0,7,177,0,184,150,0,150,334
08/19/2022,DWH,TX,ASW,CE,Towers with Radar,0,8,44,0,52,0,2,7,0,9,0,10,51,0,61,36,0,36,97
08/20/2022,DWH,TX,ASW,CE,Towers with Radar,0,1,31,0,32,0,6,112,2,120,0,7,143,2,152,307,0,307,459
08/21/2022,DWH,TX,ASW,CE,Towers with Radar,0,10,27,0,37,0,2,134,0,136,0,12,161,0,173,222,0,222,395
08/22/2022,DWH,TX,ASW,CE,Towers with Radar,0,2,33,0,35,0,2,100,0,102,0,4,133,0,137,350,0,350,487
08/23/2022,DWH,TX,ASW,CE,Towers with Radar,0,3,52,0,55,0,0,124,0,124,0,3,176,0,179,316,0,316,495
08/24/2022,DWH,TX,ASW,CE,Towers with Radar,0,6,44,2,52,0,1,68,0,69,0,7,112,2,121,145,0,145,266
08/25/2022,DWH,TX,ASW,CE,Towers with Radar,0,11,40,2,53,0,4,213,0,217,0,15,253,2,270,300,0,300,570
08/26/2022,DWH,TX,ASW,CE,Towers with Radar,0,12,62,0,74,0,1,126,0,127,0,13,188,0,201,238,0,238,439
08/27/2022,DWH,TX,ASW,CE,Towers with Radar,0,10,37,0,47,0,3,132,0,135,0,13,169,0,182,209,0,209,391
08/28/2022,DWH,TX,ASW,CE,Towers with Radar,0,11,51,0,62,0,2,192,0,194,0,13,243,0,256,295,0,295,551
08/29/2022,DWH,TX,ASW,CE,Towers with Radar,0,8,38,0,46,0,5,25,0,30,0,13,63,0,76,84,0,84,160
08/30/2022,DWH,TX,ASW,CE,Towers with Radar,0,8,38,2,48,0,4,36,0,40,0,12,74,2,88,84,0,84,172
08/31/2022,DWH,TX,ASW,CE,Towers with Radar,0,6,46,0,52,0,1,158,1,160,0,7,204,1,212,304,0,304,516
09/01/2022,DWH,TX,ASW,CE,Towers with Radar,0,8,43,0,51,0,4,168,5,177,0,12,211,5,228,260,0,260,488
09/02/2022,DWH,TX,ASW,CE,Towers with Radar,0,8,23,0,31,0,2,152,0,154,0,10,175,0,185,238,0,238,423
09/03/2022,DWH,TX,ASW,CE,Towers with Radar,0,5,23,0,28,0,2,63,2,67,0,7,86,2,95,244,0,244,339
09/04/2022,DWH,TX,ASW,CE,Towers with Radar,0,4,27,0,31,0,4,152,0,156,0,8,179,0,187,277,0,277,464
09/05/2022,DWH,TX,ASW,CE,Towers with Radar,0,9,43,0,52,0,4,198,0,202,0,13,241,0,254,318,0,318,572
09/06/2022,DWH,TX,ASW,CE,Towers with Radar,0,8,37,3,48,0,0,180,0,180,0,8,217,3,228,142,0,142,370
09/07/2022,DWH,TX,ASW,CE,Towers with Radar,0,2,33,1,36,0,0,148,0,148,0,2,181,1,184,220,0,220,404
09/08/2022,DWH,TX,ASW,CE,Towers with Radar,0,1,42,0,43,0,0,231,2,233,0,1,273,2,276,236,0,236,512
09/09/2022,DWH,TX,ASW,CE,Towers with Radar,1,4,39,0,44,0,3,233,0,236,1,7,272,0,280,338,0,338,618
09/10/2022,DWH,TX,ASW,CE,Towers with Radar,0,6,29,2,37,0,4,259,0,263,0,10,288,2,300,224,0,224,524
09/11/2022,DWH,TX,ASW,CE,Towers with Radar,0,4,43,2,49,0,0,202,0,202,0,4,245,2,251,284,0,284,535
09/12/2022,DWH,TX,ASW,CE,Towers with Radar,0,0,33,0,33,0,4,220,0,224,0,4,253,0,257,204,0,204,461
09/13/2022,DWH,TX,ASW,CE,Towers with Radar,0,0,37,2,39,0,6,219,1,226,0,6,256,3,265,134,0,134,399
09/14/2022,DWH,TX,ASW,CE,Towers with Radar,0,7,36,3,46,0,4,216,0,220,0,11,252,3,266,109,0,109,375
09/15/2022,DWH,TX,ASW,CE,Towers with Radar,0,5,50,0,55,0,3,217,0,220,0,8,267,0,275,220,0,220,495
09/16/2022,DWH,TX,ASW,CE,Towers with Radar,0,2,45,3,50,0,3,135,0,138,0,5,180,3,188,179,0,179,367
09/17/2022,DWH,TX,ASW,CE,Towers with Radar,0,4,28,3,35,0,5,165,3,173,0,9,193,6,208,244,8,252,460
09/18/2022,DWH,TX,ASW,CE,Towers with Radar,0,15,42,0,57,0,0,145,1,146,0,15,187,1,203,209,0,209,412
09/19/2022,DWH,TX,ASW,CE,Towers with Radar,0,3,50,2,55,0,4,152,0,156,0,7,202,2,211,199,0,199,410
09/20/2022,DWH,TX,ASW,CE,Towers with Radar,0,4,46,0,50,0,1,232,0,233,0,5,278,0,283,292,0,292,575
09/21/2022,DWH,TX,ASW,CE,Towers with Radar,0,4,40,1,45,0,7,236,0,243,0,11,276,1,288,265,0,265,553
09/22/2022,DWH,TX,ASW,CE,Towers with Radar,0,6,53,1,60,0,1,219,0,220,0,7,272,1,280,299,0,299,579
09/23/2022,DWH,TX,ASW,CE,Towers with Radar,0,10,29,0,39,0,0,225,2,227,0,10,254,2,266,263,0,263,529
09/24/2022,DWH,TX,ASW,CE,Towers with Radar,0,8,41,1,50,0,3,191,0,194,0,11,232,1,244,215,0,215,459
09/25/2022,DWH,TX,ASW,CE,Towers with Radar,0,8,46,0,54,0,3,197,0,200,0,11,243,0,254,269,0,269,523
09/26/2022,DWH,TX,ASW,CE,Towers with Radar,0,15,35,1,51,0,6,192,0,198,0,21,227,1,249,137,0,137,386
09/27/2022,DWH,TX,ASW,CE,Towers with Radar,0,10,43,0,53,0,5,197,0,202,0,15,240,0,255,288,0,288,543
09/28/2022,DWH,TX,ASW,CE,Towers with Radar,0,3,49,2,54,0,4,222,1,227,0,7,271,3,281,338,0,338,619
09/29/2022,DWH,TX,ASW,CE,Towers with Radar,0,16,50,2,68,0,3,235,0,238,0,19,285,2,306,297,0,297,603
09/30/2022,DWH,TX,ASW,CE,Towers with Radar,0,9,28,0,37,0,7,185,0,192,0,16,213,0,229,212,0,212,441
10/01/2022,DWH,TX,ASW,CE,Towers with Radar,0,9,37,0,46,0,3,211,1,215,0,12,248,1,261,212,0,212,473
10/02/2022,DWH,TX,ASW,CE,Towers with Radar,0,16,28,1,45,0,7,195,2,204,0,23,223,3,249,307,0,307,556
10/03/2022,DWH,TX,ASW,CE,Towers with Radar,0,3,36,0,39,0,0,165,0,165,0,3,201,0,204,234,0,234,438
10/04/2022,DWH,TX,ASW,CE,Towers with Radar,0,16,24,1,41,0,2,197,1,200,0,18,221,2,241,362,0,362,603
10/05/2022,DWH,TX,ASW,CE,Towers with Radar,0,10,32,2,44,0,3,213,3,219,0,13,245,5,263,381,0,381,644
10/06/2022,DWH,TX,ASW,CE,Towers with Radar,0,9,45,0,54,0,11,211,1,223,0,20,256,1,277,395,0,395,672
10/07/2022,DWH,TX,ASW,CE,Towers with Radar,1,20,35,0,56,0,3,203,0,206,1,23,238,0,262,262,0,262,524
10/08/2022,DWH,TX,ASW,CE,Towers with Radar,0,9,16,0,25,0,4,158,0,162,0,13,174,0,187,152,0,152,339
10/09/2022,DWH,TX,ASW,CE,Towers with Radar,0,21,42,0,63,0,3,201,0,204,0,24,243,0,267,206,0,206,473
10/10/2022,DWH,TX,ASW,CE,Towers with Radar,1,6,29,1,37,0,2,160,0,162,1,8,189,1,199,150,0,150,349
10/11/2022,DWH,TX,ASW,CE,Towers with Radar,0,13,42,2,57,0,7,187,4,198,0,20,229,6,255,435,0,435,690
10/12/2022,DWH,TX,ASW,CE,Towers with Radar,0,11,55,2,68,0,9,119,2,130,0,20,174,4,198,358,0,358,556
10/13/2022,DWH,TX,ASW,CE,Towers with Radar,0,3,59,0,62,0,5,197,2,204,0,8,256,2,266,438,0,438,704
10/14/2022,DWH,TX,ASW,CE,Towers with Radar,0,9,43,0,52,0,4,199,2,205,0,13,242,2,257,284,0,284,541
10/15/2022,DWH,TX,ASW,CE,Towers with Radar,0,8,41,2,51,0,3,244,1,248,0,11,285,3,299,239,0,239,538
10/16/2022,DWH,TX,ASW,CE,Towers with Radar,0,7,36,3,46,0,6,155,3,164,0,13,191,6,210,344,0,344,554
10/17/2022,DWH,TX,ASW,CE,Towers with Radar,0,8,36,0,44,0,4,62,0,66,0,12,98,0,110,103,0,103,213
10/18/2022,DWH,TX,ASW,CE,Towers with Radar,0,6,44,0,50,0,2,198,5,205,0,8,242,5,255,306,0,306,561
10/19/2022,DWH,TX,ASW,CE,Towers with Radar,0,4,43,0,47,0,4,218,3,225,0,8,261,3,272,327,0,327,599
10/20/2022,DWH,TX,ASW,CE,Towers with Radar,0,7,58,0,65,0,0,234,0,234,0,7,292,0,299,287,0,287,586
10/21/2022,DWH,TX,ASW,CE,Towers with Radar,0,8,55,0,63,0,3,170,2,175,0,11,225,2,238,258,0,258,496
10/22/2022,DWH,TX,ASW,CE,Towers with Radar,0,5,31,0,36,0,2,144,0,146,0,7,175,0,182,158,0,158,340
10/23/2022,DWH,TX,ASW,CE,Towers with Radar,0,16,38,3,57,0,4,151,0,155,0,20,189,3,212,216,0,216,428
10/24/2022,DWH,TX,ASW,CE,Towers with Radar,0,8,36,0,44,0,5,58,0,63,0,13,94,0,107,82,0,82,189
10/25/2022,DWH,TX,ASW,CE,Towers with Radar,0,7,40,0,47,0,4,136,5,145,0,11,176,5,192,177,0,177,369
10/26/2022,DWH,TX,ASW,CE,Towers with Radar,0,12,33,0,45,0,3,250,3,256,0,15,283,3,301,288,0,288,589
10/27/2022,DWH,TX,ASW,CE,Towers with Radar,0,19,60,1,80,0,4,237,4,245,0,23,297,5,325,208,0,208,533
10/28/2022,DWH,TX,ASW,CE,Towers with Radar,0,8,43,1,52,0,0,3,0,3,0,8,46,1,55,4,0,4,59
10/29/2022,DWH,TX,ASW,CE,Towers with Radar,0,10,48,1,59,0,5,37,2,44,0,15,85,3,103,189,0,189,292
10/30/2022,DWH,TX,ASW,CE,Towers with Radar,0,8,28,0,36,0,2,216,0,218,0,10,244,0,254,389,0,389,643
10/31/2022,DWH,TX,ASW,CE,Towers with Radar,1,4,26,0,31,0,0,178,6,184,1,4,204,6,215,378,0,378,593
11/01/2022,DWH,TX,ASW,CE,Towers with Radar,1,8,65,1,75,0,0,6,0,6,1,8,71,1,81,26,0,26,107
11/02/2022,DWH,TX,ASW,CE,Towers with Radar,0,2,40,2,44,0,3,263,6,272,0,5,303,8,316,255,0,255,571
11/03/2022,DWH,TX,ASW,CE,Towers with Radar,1,8,80,3,92,0,0,82,1,83,1,8,162,4,175,228,0,228,403
11/04/2022,DWH,TX,ASW,CE,Towers with Radar,0,9,63,2,74,0,7,35,0,42,0,16,98,2,116,44,0,44,160
11/05/2022,DWH,TX,ASW,CE,Towers with Radar,0,1,27,0,28,0,4,224,0,228,0,5,251,0,256,352,0,352,608
11/06/2022,DWH,TX,ASW,CE,Towers with Radar,0,10,35,0,45,0,2,54,0,56,0,12,89,0,101,225,0,225,326
11/07/2022,DWH,TX,ASW,CE,Towers with Radar,0,9,42,0,51,0,3,100,2,105,0,12,142,2,156,248,22,270,426
11/08/2022,DWH,TX,ASW,CE,Towers with Radar,0,5,38,0,43,0,4,159,3,166,0,9,197,3,209,216,0,216,425
11/09/2022,DWH,TX,ASW,CE,Towers with Radar,0,4,52,0,56,0,4,241,0,245,0,8,293,0,301,479,0,479,780
11/10/2022,DWH,TX,ASW,CE,Towers with Radar,0,2,67,2,71,0,5,195,2,202,0,7,262,4,273,410,0,410,683
11/11/2022,DWH,TX,ASW,CE,Towers with Radar,0,8,47,0,55,0,2,98,0,100,0,10,145,0,155,272,0,272,427
11/12/2022,DWH,TX,ASW,CE,Towers with Radar,0,6,39,0,45,0,5,185,1,191,0,11,224,1,236,246,0,246,482
11/13/2022,DWH,TX,ASW,CE,Towers with Radar,0,8,31,0,39,0,5,252,0,257,0,13,283,0,296,317,0,317,613
11/14/2022,DWH,TX,ASW,CE,Towers with Radar,0,8,22,0,30,0,1,31,0,32,0,9,53,0,62,80,0,80,142
11/15/2022,DWH,TX,ASW,CE,Towers with Radar,0,4,59,2,65,0,7,161,2,170,0,11,220,4,235,286,0,286,521
11/16/2022,DWH,TX,ASW,CE,Towers with Radar,0,9,52,0,61,0,5,191,5,201,0,14,243,5,262,200,16,216,478
11/17/2022,DWH,TX,ASW,CE,Towers with Radar,0,9,43,3,55,0,6,290,7,303,0,15,333,10,358,364,0,364,722
11/18/2022,DWH,TX,ASW,CE,Towers with Radar,0,9,58,0,67,0,4,200,0,204,0,13,258,0,271,282,0,282,553
11/19/2022,DWH,TX,ASW,CE,Towers with Radar,0,8,19,0,27,0,2,1,0,3,0,10,20,0,30,9,0,9,39
11/20/2022,DWH,TX,ASW,CE,Towers with Radar,0,9,32,1,42,0,5,243,1,249,0,14,275,2,291,340,0,340,631
11/21/2022,DWH,TX,ASW,CE,Towers with Radar,0,16,40,0,56,0,7,30,0,37,0,23,70,0,93,10,0,10,103
11/22/2022,DWH,TX,ASW,CE,Towers with Radar,1,9,62,0,72,0,5,213,2,220,1,14,275,2,292,326,0,326,618
11/23/2022,DWH,TX,ASW,CE,Towers with Radar,0,5,46,0,51,0,2,216,0,218,0,7,262,0,269,314,0,314,583
11/24/2022,DWH,TX,ASW,CE,Towers with Radar,0,4,3,0,7,0,0,1,0,1,0,4,4,0,8,1,0,1,9
11/25/2022,DWH,TX,ASW,CE,Towers with Radar,0,8,28,0,36,0,4,7,0,11,0,12,35,0,47,2,0,2,49
11/26/2022,DWH,TX,ASW,CE,Towers with Radar,0,11,30,0,41,0,0,92,0,92,0,11,122,0,133,134,0,134,267
11/27/2022,DWH,TX,ASW,CE,Towers with Radar,0,19,41,1,61,0,4,238,1,243,0,23,279,2,304,234,0,234,538
11/28/2022,DWH,TX,ASW,CE,Towers with Radar,0,9,53,1,63,0,3,211,5,219,0,12,264,6,282,307,0,307,589
11/29/2022,DWH,TX,ASW,CE,Towers with Radar,0,12,62,5,79,0,2,29,7,38,0,14,91,12,117,78,0,78,195
11/30/2022,DWH,TX,ASW,CE,Towers with Radar,0,7,58,0,65,0,5,205,14,224,0,12,263,14,289,143,0,143,432
12/01/2022,DWH,TX,ASW,CE,Towers with Radar,0,12,42,0,54,0,6,208,6,220,0,18,250,6,274,372,0,372,646
12/02/2022,DWH,TX,ASW,CE,Towers with Radar,0,9,66,0,75,0,2,19,0,21,0,11,85,0,96,52,0,52,148
12/03/2022,DWH,TX,ASW,CE,Towers with Radar,0,4,59,0,63,0,2,57,0,59,0,6,116,0,122,134,0,134,256
12/04/2022,DWH,TX,ASW,CE,Towers with Radar,0,4,88,1,93,0,7,27,0,34,0,11,115,1,127,123,0,123,250
12/05/2022,DWH,TX,ASW,CE,Towers with Radar,0,5,63,0,68,0,8,82,10,100,0,13,145,10,168,121,0,121,289
12/06/2022,DWH,TX,ASW,CE,Towers with Radar,0,9,74,3,86,0,2,117,6,125,0,11,191,9,211,213,0,213,424
12/07/2022,DWH,TX,ASW,CE,Towers with Radar,0,11,64,0,75,0,1,152,7,160,0,12,216,7,235,255,0,255,490
12/08/2022,DWH,TX,ASW,CE,Towers with Radar,0,14,53,0,67,0,2,190,6,198,0,16,243,6,265,304,0,304,569
12/09/2022,DWH,TX,ASW,CE,Towers with Radar,0,6,43,0,49,0,2,143,4,149,0,8,186,4,198,245,0,245,443
12/10/2022,DWH,TX,ASW,CE,Towers with Radar,0,6,33,0,39,0,0,67,2,69,0,6,100,2,108,186,0,186,294
12/11/2022,DWH,TX,ASW,CE,Towers with Radar,0,11,45,0,56,0,0,11,0,11,0,11,56,0,67,114,0,114,181
12/12/2022,DWH,TX,ASW,CE,Towers with Radar,0,7,60,5,72,0,1,2,0,3,0,8,62,5,75,38,0,38,113
12/13/2022,DWH,TX,ASW,CE,Towers with Radar,0,10,49,3,62,0,5,38,4,47,0,15,87,7,109,138,32,170,279
12/14/2022,DWH,TX,ASW,CE,Towers with Radar,0,8,53,1,62,0,7,215,15,237,0,15,268,16,299,166,0,166,465
12/15/2022,DWH,TX,ASW,CE,Towers with Radar,0,12,41,4,57,0,6,330,5,341,0,18,371,9,398,304,0,304,702
12/16/2022,DWH,TX,ASW,CE,Towers with Radar,0,8,61,0,69,0,4,178,1,183,0,12,239,1,252,268,0,268,520
12/17/2022,DWH,TX,ASW,CE,Towers with Radar,0,6,31,0,37,0,2,194,0,196,0,8,225,0,233,222,0,222,455
12/18/2022,DWH,TX,ASW,CE,Towers with Radar,0,12,33,1,46,0,2,186,1,189,0,14,219,2,235,213,0,213,448
12/19/2022,DWH,TX,ASW,CE,Towers with Radar,0,12,29,0,41,0,0,0,0,0,0,12,29,0,41,20,0,20,61
12/20/2022,DWH,TX,ASW,CE,Towers with Radar,0,6,46,1,53,0,3,37,15,55,0,9,83,16,108,57,0,57,165
12/21/2022,DWH,TX,ASW,CE,Towers with Radar,0,5,67,2,74,0,7,157,7,171,0,12,224,9,245,236,0,236,481
12/22/2022,DWH,TX,ASW,CE,Towers with Radar,0,0,45,1,46,0,5,15,5,25,0,5,60,6,71,24,0,24,95
12/23/2022,DWH,TX,ASW,CE,Towers with Radar,0,5,17,0,22,0,0,64,0,64,0,5,81,0,86,72,0,72,158
12/24/2022,DWH,TX,ASW,CE,Towers with Radar,0,3,11,0,14,0,0,84,0,84,0,3,95,0,98,104,0,104,202
12/25/2022,DWH,TX,ASW,CE,Towers with Radar,0,7,3,0,10,0,2,48,0,50,0,9,51,0,60,108,0,108,168
12/26/2022,DWH,TX,ASW,CE,Towers with Radar,0,4,30,0,34,0,2,204,0,206,0,6,234,0,240,122,0,122,362
12/27/2022,DWH,TX,ASW,CE,Towers with Radar,0,7,34,0,41,0,2,252,1,255,0,9,286,1,296,174,0,174,470
12/28/2022,DWH,TX,ASW,CE,Towers with Radar,0,5,51,0,56,0,4,225,0,229,0,9,276,0,285,232,0,232,517
12/29/2022,DWH,TX,ASW,CE,Towers with Radar,0,7,54,1,62,0,6,33,3,42,0,13,87,4,104,119,3,122,226
12/30/2022,DWH,TX,ASW,CE,Towers with Radar,0,3,50,0,53,0,3,58,0,61,0,6,108,0,114,150,0,150,264
12/31/2022,DWH,TX,ASW,CE,Towers with Radar,0,3,9,0,12,0,0,173,0,173,0,3,182,0,185,328,0,328,513
01/01/2023,DWH,TX,ASW,CE,Towers with Radar,0,3,36,0,39,0,3,46,1,50,0,6,82,1,89,131,0,131,220
01/02/2023,DWH,TX,ASW,CE,Towers with Radar,0,5,21,0,26,0,3,1,0,4,0,8,22,0,30,0,0,0,30
01/03/2023,DWH,TX,ASW,CE,Towers with Radar,0,3,25,1,29,0,3,182,6,191,0,6,207,7,220,249,0,249,469
01/04/2023,DWH,TX,ASW,CE,Towers with Radar,0,0,22,3,25,0,3,227,7,237,0,3,249,10,262,147,0,147,409
01/05/2023,DWH,TX,ASW,CE,Towers with Radar,0,2,52,5,59,0,3,275,2,280,0,5,327,7,339,297,0,297,636
01/06/2023,DWH,TX,ASW,CE,Towers with Radar,0,6,42,1,49,0,2,240,5,247,0,8,282,6,296,218,0,218,514
01/07/2023,DWH,TX,ASW,CE,Towers with Radar,0,6,58,0,64,0,4,91,0,95,0,10,149,0,159,311,0,311,470
01/08/2023,DWH,TX,ASW,CE,Towers with Radar,0,12,27,0,39,0,6,187,2,195,0,18,214,2,234,262,0,262,496
01/09/2023,DWH,TX,ASW,CE,Towers with Radar,0,4,40,0,44,0,4,193,4,201,0,8,233,4,245,219,0,219,464
01/10/2023,DWH,TX,ASW,CE,Towers with Radar,0,2,44,3,49,0,3,157,9,169,0,5,201,12,218,162,0,162,380
01/11/2023,DWH,TX,ASW,CE,Towers with Radar,0,6,59,3,68,0,4,133,6,143,0,10,192,9,211,294,0,294,505
01/12/2023,DWH,TX,ASW,CE,Towers with Radar,0,17,39,0,56,0,4,172,7,183,0,21,211,7,239,137,0,137,376
01/13/2023,DWH,TX,ASW,CE,Towers with Radar,0,6,44,0,50,0,3,276,2,281,0,9,320,2,331,236,0,236,567
01/14/2023,DWH,TX,ASW,CE,Towers with Radar,0,3,47,0,50,0,5,295,1,301,0,8,342,1,351,302,0,302,653
01/15/2023,DWH,TX,ASW,CE,Towers with Radar,0,1,36,0,37,0,0,160,0,160,0,1,196,0,197,138,0,138,335
01/16/2023,DWH,TX,ASW,CE,Towers with Radar,0,11,64,0,75,0,0,116,0,116,0,11,180,0,191,180,0,180,371
01/17/2023,DWH,TX,ASW,CE,Towers with Radar,0,8,67,2,77,0,0,137,6,143,0,8,204,8,220,251,0,251,471
01/18/2023,DWH,TX,ASW,CE,Towers with Radar,0,10,39,0,49,0,3,87,10,100,0,13,126,10,149,171,0,171,320
01/19/2023,DWH,TX,ASW,CE,Towers with Radar,0,7,57,1,65,0,4,294,16,314,0,11,351,17,379,295,0,295,674
01/20/2023,DWH,TX,ASW,CE,Towers with Radar,0,4,50,1,55,0,4,170,8,182,0,8,220,9,237,319,8,327,564
01/21/2023,DWH,TX,ASW,CE,Towers with Radar,0,6,24,0,30,0,1,18,0,19,0,7,42,0,49,179,0,179,228
01/22/2023,DWH,TX,ASW,CE,Towers with Radar,0,2,21,0,23,0,4,231,2,237,0,6,252,2,260,210,0,210,470
01/23/2023,DWH,TX,ASW,CE,Towers with Radar,0,2,31,2,35,0,1,209,7,217,0,3,240,9,252,276,0,276,528
01/24/2023,DWH,TX,ASW,CE,Towers with Radar,0,4,21,0,25,0,0,4,0,4,0,4,25,0,29,2,0,2,31
01/25/2023,DWH,TX,ASW,CE,Towers with Radar,0,3,59,7,69,0,6,180,9,195,0,9,239,16,264,314,0,314,578
01/26/2023,DWH,TX,ASW,CE,Towers with Radar,0,6,32,2,40,0,4,257,19,280,0,10,289,21,320,210,0,210,530
01/27/2023,DWH,TX,ASW,CE,Towers with Radar,1,4,37,0,42,0,4,243,3,250,1,8,280,3,292,215,4,219,511
01/28/2023,DWH,TX,ASW,CE,Towers with Radar,0,4,23,0,27,0,2,3,0,5,0,6,26,0,32,12,0,12,44
01/29/2023,DWH,TX,ASW,CE,Towers with Radar,0,0,1,0,1,0,0,0,0,0,0,0,1,0,1,0,0,0,1
01/30/2023,DWH,TX,ASW,CE,Towers with Radar,0,2,19,0,21,0,0,0,0,0,0,2,19,0,21,0,0,0,21
01/31/2023,DWH,TX,ASW,CE,Towers with Radar,0,2,18,0,20,0,0,0,0,0,0,2,18,0,20,0,0,0,20
02/01/2023,DWH,TX,ASW,CE,Towers with Radar,0,4,18,10,32,0,0,3,0,3,0,4,21,10,35,0,0,0,35
02/02/2023,DWH,TX,ASW,CE,Towers with Radar,0,7,28,0,35,0,0,3,0,3,0,7,31,0,38,0,0,0,38
02/03/2023,DWH,TX,ASW,CE,Towers with Radar,0,2,65,2,69,0,0,227,9,236,0,2,292,11,305,246,10,256,561
02/04/2023,DWH,TX,ASW,CE,Towers with Radar,0,0,42,0,42,0,2,289,2,293,0,2,331,2,335,396,0,396,731
02/05/2023,DWH,TX,ASW,CE,Towers with Radar,0,5,46,0,51,0,2,266,0,268,0,7,312,0,319,288,0,288,607
02/06/2023,DWH,TX,ASW,CE,Towers with Radar,0,8,62,1,71,0,3,226,12,241,0,11,288,13,312,285,1,286,598
02/07/2023,DWH,TX,ASW,CE,Towers with Radar,0,5,63,1,69,0,3,88,13,104,0,8,151,14,173,536,26,562,735
02/08/2023,DWH,TX,ASW,CE,Towers with Radar,0,7,33,0,40,0,3,9,6,18,0,10,42,6,58,22,0,22,80
02/09/2023,DWH,TX,ASW,CE,Towers with Radar,0,14,59,0,73,0,3,276,12,291,0,17,335,12,364,259,2,261,625
02/10/2023,DWH,TX,ASW,CE,Towers with Radar,0,9,40,2,51,0,4,269,13,286,0,13,309,15,337,217,8,225,562
02/11/2023,DWH,TX,ASW,CE,Towers with Radar,0,3,31,3,37,0,2,236,18,256,0,5,267,21,293,290,50,340,633
02/12/2023,DWH,TX,ASW,CE,Towers with Radar,0,8,36,2,46,0,7,306,2,315,0,15,342,4,361,330,6,336,697
02/13/2023,DWH,TX,ASW,CE,Towers with Radar,0,4,56,0,60,0,1,232,7,240,0,5,288,7,300,279,0,279,579
02/14/2023,DWH,TX,ASW,CE,Towers with Radar,0,8,33,1,42,0,3,52,8,63,0,11,85,9,105,24,25,49,154
02/15/2023,DWH,TX,ASW,CE,Towers with Radar,0,13,49,1,63,0,4,25,4,33,0,17,74,5,96,152,29,181,277
02/16/2023,DWH,TX,ASW,CE,Towers with Radar,0,4,54,0,58,0,2,126,10,138,0,6,180,10,196,233,0,233,429
02/17/2023,DWH,TX,ASW,CE,Towers with Radar,0,3,53,1,57,0,2,270,6,278,0,5,323,7,335,271,3,274,609
02/18/2023,DWH,TX,ASW,CE,Towers with Radar,0,0,39,0,39,0,0,316,0,316,0,0,355,0,355,287,0,287,642
02/19/2023,DWH,TX,ASW,CE,Towers with Radar,0,0,49,0,49,0,6,237,2,245,0,6,286,2,294,265,0,265,559
02/20/2023,DWH,TX,ASW,CE,Towers with Radar,0,7,62,0,69,0,3,71,0,74,0,10,133,0,143,62,0,62,205
02/21/2023,DWH,TX,ASW,CE,Towers with Radar,0,8,55,3,66,0,6,154,9,169,0,14,209,12,235,320,6,326,561
02/22/2023,DWH,TX,ASW,CE,Towers with Radar,0,4,52,0,56,0,4,118,15,137,0,8,170,15,193,296,13,309,502
02/23/2023,DWH,TX,ASW,CE,Towers with Radar,0,5,60,0,65,0,3,122,18,143,0,8,182,18,208,300,33,333,541
02/24/2023,DWH,TX,ASW,CE,Towers with Radar,0,4,47,0,51,0,5,79,3,87,0,9,126,3,138,238,0,238,376
02/25/2023,DWH,TX,ASW,CE,Towers with Radar,0,4,44,0,48,0,1,145,0,146,0,5,189,0,194,212,0,212,406
02/26/2023,DWH,TX,ASW,CE,Towers with Radar,1,0,47,0,48,0,5,144,1,150,1,5,191,1,198,241,0,241,439
02/27/2023,DWH,TX,ASW,CE,Towers with Radar,0,1,49,1,51,0,4,204,5,213,0,5,253,6,264,219,0,219,483
02/28/2023,DWH,TX,ASW,CE,Towers with Radar,0,2,47,0,49,0,4,232,3,239,0,6,279,3,288,343,0,343,631
03/01/2023,DWH,TX,ASW,CE,Towers with Radar,0,4,72,3,79,0,3,108,4,115,0,7,180,7,194,313,0,313,507
03/02/2023,DWH,TX,ASW,CE,Towers with Radar,0,12,66,4,82,0,2,28,0,30,0,14,94,4,112,88,0,88,200
03/03/2023,DWH,TX,ASW,CE,Towers with Radar,0,1,34,0,35,0,5,151,6,162,0,6,185,6,197,198,0,198,395
03/04/2023,DWH,TX,ASW,CE,Towers with Radar,0,2,42,2,46,0,6,302,3,311,0,8,344,5,357,302,0,302,659
03/05/2023,DWH,TX,ASW,CE,Towers with Radar,0,4,60,0,64,0,1,303,0,304,0,5,363,0,368,366,0,366,734
03/06/2023,DWH,TX,ASW,CE,Towers with Radar,0,3,80,2,85,0,2,119,11,132,0,5,199,13,217,161,2,163,380
03/07/2023,DWH,TX,ASW,CE,Towers with Radar,0,9,63,4,76,0,3,82,11,96,0,12,145,15,172,290,0,290,462
03/08/2023,DWH,TX,ASW,CE,Towers with Radar,0,7,61,0,68,0,2,218,15,235,0,9,279,15,303,363,5,368,671
03/09/2023,DWH,TX,ASW,CE,Towers with Radar,0,4,51,18,73,0,6,200,9,215,0,10,251,27,288,271,0,271,559
03/10/2023,DWH,TX,ASW,CE,Towers with Radar,0,11,86,0,97,0,9,87,1,97,0,20,173,1,194,100,0,100,294
03/11/2023,DWH,TX,ASW,CE,Towers with Radar,0,15,45,0,60,0,4,149,2,155,0,19,194,2,215,174,0,174,389
03/12/2023,DWH,TX,ASW,CE,Towers with Radar,0,8,64,0,72,0,1,79,0,80,0,9,143,0,152,237,0,237,389
03/13/2023,DWH,TX,ASW,CE,Towers with Radar,0,1,39,1,41,0,6,192,11,209,0,7,231,12,250,211,2,213,463
03/14/2023,DWH,TX,ASW,CE,Towers with Radar,0,3,23,7,33,0,6,229,10,245,0,9,252,17,278,310,0,310,588
03/15/2023,DWH,TX,ASW,CE,Towers with Radar,0,12,35,0,47,0,5,239,2,246,0,17,274,2,293,247,0,247,540
03/16/2023,DWH,TX,ASW,CE,Towers with Radar,0,3,31,3,37,0,0,21,3,24,0,3,52,6,61,110,2,112,173
03/17/2023,DWH,TX,ASW,CE,Towers with Radar,0,12,25,0,37,0,5,66,0,71,0,17,91,0,108,204,0,204,312
03/18/2023,DWH,TX,ASW,CE,Towers with Radar,0,13,28,0,41,0,4,185,0,189,0,17,213,0,230,330,0,330,560
03/19/2023,DWH,TX,ASW,CE,Towers with Radar,0,9,46,0,55,0,8,227,2,237,0,17,273,2,292,253,0,253,545
03/20/2023,DWH,TX,ASW,CE,Towers with Radar,0,7,40,1,48,0,3,182,6,191,0,10,222,7,239,283,2,285,524
03/21/2023,DWH,TX,ASW,CE,Towers with Radar,0,9,56,0,65,0,7,59,13,79,0,16,115,13,144,148,12,160,304
03/22/2023,DWH,TX,ASW,CE,Towers with Radar,0,2,22,0,24,0,6,86,12,104,0,8,108,12,128,82,2,84,212
03/23/2023,DWH,TX,ASW,CE,Towers with Radar,0,8,65,2,75,0,4,129,14,147,0,12,194,16,222,242,0,242,464
03/24/2023,DWH,TX,ASW,CE,Towers with Radar,0,5,42,0,47,0,2,53,5,60,0,7,95,5,107,128,19,147,254
03/25/2023,DWH,TX,ASW,CE,Towers with Radar,0,7,36,0,43,0,2,351,4,357,0,9,387,4,400,400,0,400,800
03/26/2023,DWH,TX,ASW,CE,Towers with Radar,0,7,46,0,53,0,0,8,0,8,0,7,54,0,61,2,0,2,63
03/27/2023,DWH,TX,ASW,CE,Towers with Radar,0,6,63,2,71,0,2,36,11,49,0,8,99,13,120,109,4,113,233
03/28/2023,DWH,TX,ASW,CE,Towers with Radar,0,2,36,4,42,0,2,176,6,184,0,4,212,10,226,138,0,138,364
03/29/2023,DWH,TX,ASW,CE,Towers with Radar,0,7,64,2,73,0,5,258,14,277,0,12,322,16,350,379,4,383,733
03/30/2023,DWH,TX,ASW,CE,Towers with Radar,0,4,55,2,61,0,4,25,7,36,0,8,80,9,97,136,2,138,235
03/31/2023,DWH,TX,ASW,CE,Towers with Radar,0,4,50,2,56,0,2,102,6,110,0,6,152,8,166,218,0,218,384
04/01/2023,DWH,TX,ASW,CE,Towers with Radar,0,2,43,0,45,0,5,274,1,280,0,7,317,1,325,263,0,263,588
04/02/2023,DWH,TX,ASW,CE,Towers with Radar,0,3,61,0,64,0,4,86,4,94,0,7,147,4,158,316,0,316,474
04/03/2023,DWH,TX,ASW,CE,Towers with Radar,0,4,46,2,52,0,9,143,9,161,0,13,189,11,213,427,2,429,642
04/04/2023,DWH,TX,ASW,CE,Towers with Radar,0,7,58,3,68,0,2,96,13,111,0,9,154,16,179,230,16,246,425
04/05/2023,DWH,TX,ASW,CE,Towers with Radar,0,9,39,0,48,0,0,9,3,12,0,9,48,3,60,76,24,100,160
04/06/2023,DWH,TX,ASW,CE,Towers with Radar,0,12,29,0,41,0,0,0,0,0,0,12,29,0,41,6,4,10,51
04/07/2023,DWH,TX,ASW,CE,Towers with Radar,0,0,16,0,16,0,0,0,0,0,0,0,16,0,16,0,0,0,16
04/08/2023,DWH,TX,ASW,CE,Towers with Radar,0,6,31,0,37,0,7,47,0,54,0,13,78,0,91,232,0,232,323
04/09/2023,DWH,TX,ASW,CE,Towers with Radar,0,6,38,0,44,0,3,145,0,148,0,9,183,0,192,391,0,391,583
04/10/2023,DWH,TX,ASW,CE,Towers with Radar,0,8,78,0,86,0,5,163,3,171,0,13,241,3,257,421,0,421,678
04/11/2023,DWH,TX,ASW,CE,Towers with Radar,0,15,29,2,46,0,3,257,7,267,0,18,286,9,313,329,0,329,642
04/12/2023,DWH,TX,ASW,CE,Towers with Radar,0,1,29,3,33,0,5,204,12,221,0,6,233,15,254,264,0,264,518
04/13/2023,DWH,TX,ASW,CE,Towers with Radar,0,6,57,0,63,0,6,304,10,320,0,12,361,10,383,416,0,416,799
04/14/2023,DWH,TX,ASW,CE,Towers with Radar,0,8,44,4,56,0,5,211,3,219,0,13,255,7,275,322,0,322,597
04/15/2023,DWH,TX,ASW,CE,Towers with Radar,0,1,11,0,12,0,0,21,1,22,0,1,32,1,34,42,0,42,76
04/16/2023,DWH,TX,ASW,CE,Towers with Radar,0,5,38,2,45,0,4,245,6,255,0,9,283,8,300,253,0,253,553
04/17/2023,DWH,TX,ASW,CE,Towers with Radar,0,7,44,1,52,0,5,245,8,258,0,12,289,9,310,272,0,272,582
04/18/2023,DWH,TX,ASW,CE,Towers with Radar,0,4,47,0,51,0,4,106,8,118,0,8,153,8,169,244,0,244,413
04/19/2023,DWH,TX,ASW,CE,Towers with Radar,0,3,61,1,65,0,1,237,11,249,0,4,298,12,314,340,2,342,656
04/20/2023,DWH,TX,ASW,CE,Towers with Radar,0,5,80,0,85,0,2,66,4,72,0,7,146,4,157,261,0,261,418
04/21/2023,DWH,TX,ASW,CE,Towers with Radar,0,9,62,0,71,0,5,185,1,191,0,14,247,1,262,386,0,386,648
04/22/2023,DWH,TX,ASW,CE,Towers with Radar,0,3,36,0,39,0,2,151,0,153,0,5,187,0,192,103,0,103,295
04/23/2023,DWH,TX,ASW,CE,Towers with Radar,0,12,35,2,49,0,2,79,0,81,0,14,114,2,130,115,0,115,245
04/24/2023,DWH,TX,ASW,CE,Towers with Radar,0,14,40,1,55,0,3,291,4,298,0,17,331,5,353,336,0,336,689
04/25/2023,DWH,TX,ASW,CE,Towers with Radar,0,3,47,2,52,0,4,155,3,162,0,7,202,5,214,395,0,395,609
04/26/2023,DWH,TX,ASW,CE,Towers with Radar,0,12,82,0,94,0,7,87,8,102,0,19,169,8,196,302,0,302,498
04/27/2023,DWH,TX,ASW,CE,Towers with Radar,0,8,51,1,60,0,4,119,3,126,0,12,170,4,186,369,0,369,555
04/28/2023,DWH,TX,ASW,CE,Towers with Radar,0,3,53,2,58,0,2,288,1,291,0,5,341,3,349,402,0,402,751
04/29/2023,DWH,TX,ASW,CE,Towers with Radar,0,7,26,0,33,0,0,75,0,75,0,7,101,0,108,55,0,55,163
04/30/2023,DWH,TX,ASW,CE,Towers with Radar,0,8,37,0,45,0,4,292,1,297,0,12,329,1,342,360,0,360,702
05/01/2023,DWH,TX,ASW,CE,Towers with Radar,0,3,37,0,40,0,2,239,1,242,0,5,276,1,282,416,0,416,698
05/02/2023,DWH,TX,ASW,CE,Towers with Radar,0,5,62,0,67,0,3,141,0,144,0,8,203,0,211,384,0,384,595
05/03/2023,DWH,TX,ASW,CE,Towers with Radar,0,13,43,2,58,0,0,281,3,284,0,13,324,5,342,460,0,460,802
05/04/2023,DWH,TX,ASW,CE,Towers with Radar,0,5,68,4,77,0,5,113,8,126,0,10,181,12,203,672,0,672,875
05/05/2023,DWH,TX,ASW,CE,Towers with Radar,0,9,53,1,63,0,5,144,3,152,0,14,197,4,215,338,0,338,553
05/06/2023,DWH,TX,ASW,CE,Towers with Radar,0,1,64,0,65,0,0,164,0,164,0,1,228,0,229,436,0,436,665
05/07/2023,DWH,TX,ASW,CE,Towers with Radar,0,6,35,0,41,0,5,41,0,46,0,11,76,0,87,82,0,82,169
05/08/2023,DWH,TX,ASW,CE,Towers with Radar,0,6,58,6,70,0,1,21,3,25,0,7,79,9,95,18,0,18,113
05/09/2023,DWH,TX,ASW,CE,Towers with Radar,0,11,31,0,42,0,1,27,18,46,0,12,58,18,88,51,22,73,161
05/10/2023,DWH,TX,ASW,CE,Towers with Radar,0,19,30,0,49,0,2,5,5,12,0,21,35,5,61,22,0,22,83
05/11/2023,DWH,TX,ASW,CE,Towers with Radar,0,5,53,2,60,0,8,138,6,152,0,13,191,8,212,395,0,395,607
05/12/2023,DWH,TX,ASW,CE,Towers with Radar,1,5,70,1,77,0,3,155,9,167,1,8,225,10,244,271,0,271,515
05/13/2023,DWH,TX,ASW,CE,Towers with Radar,0,5,6,0,11,0,0,14,0,14,0,5,20,0,25,68,0,68,93
05/14/2023,DWH,TX,ASW,CE,Towers with Radar,0,7,28,0,35,0,1,25,0,26,0,8,53,0,61,88,0,88,149
05/15/2023,DWH,TX,ASW,CE,Towers with Radar,0,9,35,3,47,0,0,24,6,30,0,9,59,9,77,30,0,30,107
05/16/2023,DWH,TX,ASW,CE,Towers with Radar,0,5,35,4,44,0,3,159,10,172,0,8,194,14,216,403,8,411,627
05/17/2023,DWH,TX,ASW,CE,Towers with Radar,0,9,56,2,67,0,4,273,8,285,0,13,329,10,352,288,44,332,684
05/18/2023,DWH,TX,ASW,CE,Towers with Radar,0,13,55,0,68,0,0,276,7,283,0,13,331,7,351,277,2,279,630
05/19/2023,DWH,TX,ASW,CE,Towers with Radar,0,8,49,0,57,0,4,246,4,254,0,12,295,4,311,282,0,282,593
05/20/2023,DWH,TX,ASW,CE,Towers with Radar,0,5,34,0,39,0,6,232,7,245,0,11,266,7,284,388,0,388,672
05/21/2023,DWH,TX,ASW,CE,Towers with Radar,0,10,55,1,66,0,2,97,5,104,0,12,152,6,170,490,0,490,660
05/22/2023,DWH,TX,ASW,CE,Towers with Radar,0,3,35,1,39,0,3,239,9,251,0,6,274,10,290,372,2,374,664
05/23/2023,DWH,TX,ASW,CE,Towers with Radar,0,9,35,3,47,0,2,154,9,165,0,11,189,12,212,226,24,250,462
05/24/2023,DWH,TX,ASW,CE,Towers with Radar,0,3,68,1,72,0,5,201,9,215,0,8,269,10,287,366,4,370,657
05/25/2023,DWH,TX,ASW,CE,Towers with Radar,0,3,57,1,61,0,1,225,11,237,0,4,282,12,298,395,0,395,693
05/26/2023,DWH,TX,ASW,CE,Towers with Radar,0,10,46,0,56,0,2,230,1,233,0,12,276,1,289,304,0,304,593
05/27/2023,DWH,TX,ASW,CE,Towers with Radar,0,11,34,0,45,0,3,242,0,245,0,14,276,0,290,196,0,196,486
05/28/2023,DWH,TX,ASW,CE,Towers with Radar,0,2,29,0,31,0,4,145,2,151,0,6,174,2,182,166,0,166,348
05/29/2023,DWH,TX,ASW,CE,Towers with Radar,0,1,26,0,27,0,4,160,0,164,0,5,186,0,191,438,0,438,629
05/30/2023,DWH,TX,ASW,CE,Towers with Radar,0,6,38,4,48,0,9,180,9,198,0,15,218,13,246,327,0,327,573
05/31/2023,DWH,TX,ASW,CE,Towers with Radar,0,7,45,3,55,0,3,192,13,208,0,10,237,16,263,421,2,423,686
06/01/2023,DWH,TX,ASW,CE,Towers with Radar,0,4,50,0,54,0,6,203,16,225,0,10,253,16,279,360,8,368,647
06/02/2023,DWH,TX,ASW,CE,Towers with Radar,0,1,47,0,48,0,3,215,3,221,0,4,262,3,269,393,0,393,662
06/03/2023,DWH,TX,ASW,CE,Towers with Radar,0,6,44,0,50,0,3,208,1,212,0,9,252,1,262,368,0,368,630
06/04/2023,DWH,TX,ASW,CE,Towers with Radar,0,6,47,1,54,0,5,128,1,134,0,11,175,2,188,352,0,352,540
06/05/2023,DWH,TX,ASW,CE,Towers with Radar,0,7,26,0,33,0,1,115,11,127,0,8,141,11,160,230,0,230,390
06/06/2023,DWH,TX,ASW,CE,Towers with Radar,0,2,60,3,65,0,2,85,9,96,0,4,145,12,161,205,24,229,390
06/07/2023,DWH,TX,ASW,CE,Towers with Radar,0,1,34,1,36,0,5,177,8,190,0,6,211,9,226,257,5,262,488
06/08/2023,DWH,TX,ASW,CE,Towers with Radar,0,8,46,1,55,0,10,190,7,207,0,18,236,8,262,296,0,296,558
06/09/2023,DWH,TX,ASW,CE,Towers with Radar,0,10,40,0,50,0,5,304,6,315,0,15,344,6,365,320,0,320,685
06/10/2023,DWH,TX,ASW,CE,Towers with Radar,0,4,34,0,38,0,7,189,0,196,0,11,223,0,234,306,0,306,540
06/11/2023,DWH,TX,ASW,CE,Towers with Radar,0,11,38,0,49,0,5,186,0,191,0,16,224,0,240,243,0,243,483
06/12/2023,DWH,TX,ASW,CE,Towers with Radar,0,2,36,2,40,0,2,150,3,155,0,4,186,5,195,343,0,343,538
06/13/2023,DWH,TX,ASW,CE,Towers with Radar,0,4,47,4,55,0,3,169,9,181,0,7,216,13,236,332,0,332,568
06/14/2023,DWH,TX,ASW,CE,Towers with Radar,0,13,49,3,65,0,5,159,11,175,0,18,208,14,240,416,0,416,656
06/15/2023,DWH,TX,ASW,CE,Towers with Radar,0,12,57,4,73,0,3,181,6,190,0,15,238,10,263,271,0,271,534
06/16/2023,DWH,TX,ASW,CE,Towers with Radar,0,6,41,4,51,0,7,172,2,181,0,13,213,6,232,186,0,186,418
06/17/2023,DWH,TX,ASW,CE,Towers with Radar,0,3,48,0,51,0,5,163,2,170,0,8,211,2,221,254,0,254,475
06/18/2023,DWH,TX,ASW,CE,Towers with Radar,0,8,27,0,35,0,11,139,0,150,0,19,166,0,185,184,0,184,369
06/19/2023,DWH,TX,ASW,CE,Towers with Radar,0,5,45,0,50,0,0,149,0,149,0,5,194,0,199,246,0,246,445
06/20/2023,DWH,TX,ASW,CE,Towers with Radar,0,3,42,3,48,0,1,177,9,187,0,4,219,12,235,354,0,354,589
06/21/2023,DWH,TX,ASW,CE,Towers with Radar,0,6,46,4,56,0,2,189,19,210,0,8,235,23,266,414,0,414,680
06/22/2023,DWH,TX,ASW,CE,Towers with Radar,0,12,32,5,49,0,2,153,14,169,0,14,185,19,218,220,1,221,439
06/23/2023,DWH,TX,ASW,CE,Towers with Radar,0,6,44,0,50,0,2,143,2,147,0,8,187,2,197,323,0,323,520
06/24/2023,DWH,TX,ASW,CE,Towers with Radar,0,7,52,1,60,0,1,161,2,164,0,8,213,3,224,397,0,397,621
06/25/2023,DWH,TX,ASW,CE,Towers with Radar,0,8,40,0,48,0,8,134,5,147,0,16,174,5,195,306,0,306,501
06/26/2023,DWH,TX,ASW,CE,Towers with Radar,0,3,40,4,47,0,6,156,8,170,0,9,196,12,217,394,0,394,611
06/27/2023,DWH,TX,ASW,CE,Towers with Radar,0,5,50,1,56,0,4,160,14,178,0,9,210,15,234,312,2,314,548
06/28/2023,DWH,TX,ASW,CE,Towers with Radar,0,7,47,4,58,0,5,156,8,169,0,12,203,12,227,318,4,322,549
06/29/2023,DWH,TX,ASW,CE,Towers with Radar,0,8,46,3,57,0,0,209,4,213,0,8,255,7,270,443,0,443,713
06/30/2023,DWH,TX,ASW,CE,Towers with Radar,0,9,53,1,63,0,3,216,2,221,0,12,269,3,284,354,0,354,638
07/01/2023,DWH,TX,ASW,CE,Towers with Radar,0,3,35,2,40,0,2,170,0,172,0,5,205,2,212,232,0,232,444
07/02/2023,DWH,TX,ASW,CE,Towers with Radar,0,8,26,0,34,0,2,123,0,125,0,10,149,0,159,224,6,230,389
07/03/2023,DWH,TX,ASW,CE,Towers with Radar,0,0,16,0,16,0,1,141,4,146,0,1,157,4,162,272,0,272,434
07/04/2023,DWH,TX,ASW,CE,Towers with Radar,0,2,16,0,18,0,7,71,0,78,0,9,87,0,96,197,0,197,293
07/05/2023,DWH,TX,ASW,CE,Towers with Radar,0,8,29,1,38,0,4,81,8,93,0,12,110,9,131,194,4,198,329
07/06/2023,DWH,TX,ASW,CE,Towers with Radar,0,2,36,1,39,0,3,63,6,72,0,5,99,7,111,138,2,140,251
07/07/2023,DWH,TX,ASW,CE,Towers with Radar,0,6,33,0,39,0,4,137,2,143,0,10,170,2,182,260,0,260,442
07/08/2023,DWH,TX,ASW,CE,Towers with Radar,0,11,33,0,44,0,2,172,0,174,0,13,205,0,218,326,0,326,544
07/09/2023,DWH,TX,ASW,CE,Towers with Radar,0,5,28,0,33,0,3,99,0,102,0,8,127,0,135,198,0,198,333
07/10/2023,DWH,TX,ASW,CE,Towers with Radar,0,11,49,0,60,0,4,135,0,139,0,15,184,0,199,124,0,124,323
07/11/2023,DWH,TX,ASW,CE,Towers with Radar,0,6,36,2,44,0,0,156,9,165,0,6,192,11,209,361,0,361,570
07/12/2023,DWH,TX,ASW,CE,Towers with Radar,0,0,40,1,41,0,4,126,12,142,0,4,166,13,183,241,0,241,424
07/13/2023,DWH,TX,ASW,CE,Towers with Radar,0,12,39,2,53,0,6,186,8,200,0,18,225,10,253,262,4,266,519
07/14/2023,DWH,TX,ASW,CE,Towers with Radar,0,2,43,1,46,0,2,145,9,156,0,4,188,10,202,294,2,296,498
07/15/2023,DWH,TX,ASW,CE,Towers with Radar,0,1,33,1,35,0,3,143,2,148,0,4,176,3,183,228,2,230,413
07/16/2023,DWH,TX,ASW,CE,Towers with Radar,0,5,47,0,52,0,6,154,2,162,0,11,201,2,214,310,0,310,524
07/17/2023,DWH,TX,ASW,CE,Towers with Radar,0,3,36,0,39,0,8,164,11,183,0,11,200,11,222,308,0,308,530
07/18/2023,DWH,TX,ASW,CE,Towers with Radar,0,4,43,3,50,0,7,178,9,194,0,11,221,12,244,434,4,438,682
07/19/2023,DWH,TX,ASW,CE,Towers with Radar,0,6,58,3,67,0,1,164,8,173,0,7,222,11,240,367,0,367,607
07/20/2023,DWH,TX,ASW,CE,Towers with Radar,0,0,34,0,34,0,4,206,13,223,0,4,240,13,257,514,0,514,771
07/21/2023,DWH,TX,ASW,CE,Towers with Radar,0,8,55,0,63,0,2,166,3,171,0,10,221,3,234,402,0,402,636
07/22/2023,DWH,TX,ASW,CE,Towers with Radar,0,2,39,0,41,0,4,197,1,202,0,6,236,1,243,386,0,386,629
07/23/2023,DWH,TX,ASW,CE,Towers with Radar,0,4,29,0,33,0,5,157,3,165,0,9,186,3,198,238,2,240,438
07/24/2023,DWH,TX,ASW,CE,Towers with Radar,0,8,31,0,39,0,11,130,5,146,0,19,161,5,185,284,0,284,469
07/25/2023,DWH,TX,ASW,CE,Towers with Radar,0,7,46,6,59,0,2,138,10,150,0,9,184,16,209,261,6,267,476
07/26/2023,DWH,TX,ASW,CE,Towers with Radar,0,3,45,0,48,0,3,150,11,164,0,6,195,11,212,210,2,212,424
07/27/2023,DWH,TX,ASW,CE,Towers with Radar,0,10,46,4,60,0,6,188,13,207,0,16,234,17,267,262,0,262,529
07/28/2023,DWH,TX,ASW,CE,Towers with Radar,0,8,34,0,42,0,5,164,4,173,0,13,198,4,215,340,0,340,555
07/29/2023,DWH,TX,ASW,CE,Towers with Radar,0,6,29,0,35,0,4,189,1,194,0,10,218,1,229,284,0,284,513
07/30/2023,DWH,TX,ASW,CE,Towers with Radar,0,8,49,0,57,0,2,186,2,190,0,10,235,2,247,348,0,348,595
07/31/2023,DWH,TX,ASW,CE,Towers with Radar,0,5,42,1,48,0,5,192,2,199,0,10,234,3,247,320,0,320,567
08/01/2023,DWH,TX,ASW,CE,Towers with Radar,0,3,31,3,37,0,0,164,5,169,0,3,195,8,206,301,0,301,507
08/02/2023,DWH,TX,ASW,CE,Towers with Radar,0,6,40,2,48,0,1,172,3,176,0,7,212,5,224,288,4,292,516
08/03/2023,DWH,TX,ASW,CE,Towers with Radar,0,11,42,1,54,0,3,199,6,208,0,14,241,7,262,256,22,278,540
08/04/2023,DWH,TX,ASW,CE,Towers with Radar,0,2,44,0,46,0,8,139,0,147,0,10,183,0,193,335,0,335,528
08/05/2023,DWH,TX,ASW,CE,Towers with Radar,0,4,41,0,45,0,2,178,1,181,0,6,219,1,226,292,0,292,518
08/06/2023,DWH,TX,ASW,CE,Towers with Radar,0,2,43,0,45,0,2,145,2,149,0,4,188,2,194,299,0,299,493
08/07/2023,DWH,TX,ASW,CE,Towers with Radar,0,5,48,2,55,0,4,137,3,144,0,9,185,5,199,206,0,206,405
08/08/2023,DWH,TX,ASW,CE,Towers with Radar,0,6,41,0,47,0,3,151,4,158,0,9,192,4,205,315,0,315,520
08/09/2023,DWH,TX,ASW,CE,Towers with Radar,0,10,57,0,67,0,4,120,2,126,0,14,177,2,193,162,0,162,355
08/10/2023,DWH,TX,ASW,CE,Towers with Radar,0,6,45,3,54,0,2,184,6,192,0,8,229,9,246,291,2,293,539
08/11/2023,DWH,TX,ASW,CE,Towers with Radar,0,8,28,1,37,0,2,142,3,147,0,10,170,4,184,207,0,207,391
08/12/2023,DWH,TX,ASW,CE,Towers with Radar,0,1,34,0,35,0,4,157,0,161,0,5,191,0,196,326,0,326,522
08/13/2023,DWH,TX,ASW,CE,Towers with Radar,0,6,36,0,42,0,2,142,0,144,0,8,178,0,186,313,0,313,499
08/14/2023,DWH,TX,ASW,CE,Towers with Radar,0,7,50,1,58,0,4,190,2,196,0,11,240,3,254,293,2,295,549
08/15/2023,DWH,TX,ASW,CE,Towers with Radar,0,5,37,0,42,0,3,191,6,200,0,8,228,6,242,232,0,232,474
08/16/2023,DWH,TX,ASW,CE,Towers with Radar,0,7,39,6,52,0,5,243,1,249,0,12,282,7,301,278,0,278,579
08/17/2023,DWH,TX,ASW,CE,Towers with Radar,0,3,45,0,48,0,1,200,0,201,0,4,245,0,249,300,0,300,549
08/18/2023,DWH,TX,ASW,CE,Towers with Radar,0,1,32,0,33,0,7,173,0,180,0,8,205,0,213,260,0,260,473
08/19/2023,DWH,TX,ASW,CE,Towers with Radar,0,3,32,2,37,0,2,153,0,155,0,5,185,2,192,139,0,139,331
08/20/2023,DWH,TX,ASW,CE,Towers with Radar,0,3,37,2,42,0,2,188,0,190,0,5,225,2,232,280,0,280,512
08/21/2023,DWH,TX,ASW,CE,Towers with Radar,0,4,32,1,37,0,3,162,6,171,0,7,194,7,208,179,2,181,389
08/22/2023,DWH,TX,ASW,CE,Towers with Radar,0,6,32,1,39,0,3,120,7,130,0,9,152,8,169,164,12,176,345
08/23/2023,DWH,TX,ASW,CE,Towers with Radar,0,4,39,3,46,0,4,180,3,187,0,8,219,6,233,299,0,299,532
08/24/2023,DWH,TX,ASW,CE,Towers with Radar,0,5,61,1,67,0,9,187,12,208,0,14,248,13,275,136,0,136,411
08/25/2023,DWH,TX,ASW,CE,Towers with Radar,0,7,46,1,54,0,0,194,3,197,0,7,240,4,251,312,0,312,563
08/26/2023,DWH,TX,ASW,CE,Towers with Radar,0,5,19,0,24,0,2,208,0,210,0,7,227,0,234,342,0,342,576
08/27/2023,DWH,TX,ASW,CE,Towers with Radar,0,3,20,0,23,0,1,163,0,164,0,4,183,0,187,219,0,219,406
08/28/2023,DWH,TX,ASW,CE,Towers with Radar,0,5,30,2,37,0,8,131,6,145,0,13,161,8,182,282,0,282,464
08/29/2023,DWH,TX,ASW,CE,Towers with Radar,0,0,29,0,29,0,4,172,11,187,0,4,201,11,216,249,0,249,465
08/30/2023,DWH,TX,ASW,CE,Towers with Radar,0,14,28,0,42,0,3,177,4,184,0,17,205,4,226,248,14,262,488
08/31/2023,DWH,TX,ASW,CE,Towers with Radar,0,4,33,2,39,0,3,183,11,197,0,7,216,13,236,278,14,292,528
