11/01/2006,EAU,WI,AGL,CE,Federal Contract Tower,0,4,19,0,23,4,12,44,0,60,4,16,63,0,83,36,0,36,119
11/02/2006,EAU,WI,AGL,CE,Federal Contract Tower,0,7,17,0,24,0,6,47,0,53,0,13,64,0,77,23,0,23,100
11/03/2006,EAU,WI,AGL,CE,Federal Contract Tower,0,9,48,0,57,0,3,71,0,74,0,12,119,0,131,65,0,65,196
11/04/2006,EAU,WI,AGL,CE,Federal Contract Tower,0,2,3,0,5,2,5,77,0,84,2,7,80,0,89,40,0,40,129
11/05/2006,EAU,WI,AGL,CE,Federal Contract Tower,0,10,15,0,25,0,6,94,2,102,0,16,109,2,127,27,0,27,154
11/06/2006,EAU,WI,AGL,CE,Federal Contract Tower,0,8,14,0,22,0,0,9,0,9,0,8,23,0,31,0,0,0,31
11/07/2006,EAU,WI,AGL,CE,Federal Contract Tower,0,6,39,0,45,0,4,34,0,38,0,10,73,0,83,8,0,8,91
11/08/2006,EAU,WI,AGL,CE,Federal Contract Tower,2,12,41,0,55,0,0,30,0,30,2,12,71,0,85,21,0,21,106
11/09/2006,EAU,WI,AGL,CE,Federal Contract Tower,0,9,38,0,47,0,1,60,0,61,0,10,98,0,108,28,0,28,136
11/10/2006,EAU,WI,AGL,CE,Federal Contract Tower,0,8,29,0,37,0,2,3,0,5,0,10,32,0,42,2,0,2,44
11/11/2006,EAU,WI,AGL,CE,Federal Contract Tower,2,8,22,0,32,0,0,64,1,65,2,8,86,1,97,54,0,54,151
11/12/2006,EAU,WI,AGL,CE,Federal Contract Tower,0,8,10,0,18,0,0,35,0,35,0,8,45,0,53,19,0,19,72
11/13/2006,EAU,WI,AGL,CE,Federal Contract Tower,0,8,15,0,23,0,0,1,0,1,0,8,16,0,24,0,0,0,24
11/14/2006,EAU,WI,AGL,CE,Federal Contract Tower,2,8,43,0,53,0,0,14,0,14,2,8,57,0,67,5,0,5,72
11/15/2006,EAU,WI,AGL,CE,Federal Contract Tower,0,8,43,0,51,0,2,13,0,15,0,10,56,0,66,16,0,16,82
11/16/2006,EAU,WI,AGL,CE,Federal Contract Tower,0,9,47,0,56,0,1,6,0,7,0,10,53,0,63,8,0,8,71
11/17/2006,EAU,WI,AGL,CE,Federal Contract Tower,0,9,43,0,52,0,0,27,0,27,0,9,70,0,79,38,0,38,117
11/18/2006,EAU,WI,AGL,CE,Federal Contract Tower,0,7,8,0,15,0,3,37,3,43,0,10,45,3,58,31,4,35,93
11/19/2006,EAU,WI,AGL,CE,Federal Contract Tower,0,8,4,0,12,0,2,108,3,113,0,10,112,3,125,6,0,6,131
11/20/2006,EAU,WI,AGL,CE,Federal Contract Tower,0,8,26,0,34,0,0,32,0,32,0,8,58,0,66,30,0,30,96
11/21/2006,EAU,WI,AGL,CE,Federal Contract Tower,0,8,40,0,48,0,3,89,0,92,0,11,129,0,140,36,0,36,176
11/22/2006,EAU,WI,AGL,CE,Federal Contract Tower,0,8,40,0,48,0,0,40,0,40,0,8,80,0,88,22,0,22,110
11/23/2006,EAU,WI,AGL,CE,Federal Contract Tower,0,6,6,0,12,0,3,25,0,28,0,9,31,0,40,6,0,6,46
11/24/2006,EAU,WI,AGL,CE,Federal Contract Tower,0,8,11,0,19,0,2,74,1,77,0,10,85,1,96,28,0,28,124
11/25/2006,EAU,WI,AGL,CE,Federal Contract Tower,0,9,12,0,21,0,0,55,7,62,0,9,67,7,83,0,7,7,90
11/26/2006,EAU,WI,AGL,CE,Federal Contract Tower,0,8,10,0,18,0,2,9,2,13,0,10,19,2,31,0,0,0,31
11/27/2006,EAU,WI,AGL,CE,Federal Contract Tower,0,6,11,0,17,0,3,0,0,3,0,9,11,0,20,0,0,0,20
11/28/2006,EAU,WI,AGL,CE,Federal Contract Tower,0,11,39,0,50,0,0,0,0,0,0,11,39,0,50,0,0,0,50
11/29/2006,EAU,WI,AGL,CE,Federal Contract Tower,0,9,34,0,43,0,4,44,0,48,0,13,78,0,91,13,0,13,104
11/30/2006,EAU,WI,AGL,CE,Federal Contract Tower,0,8,36,0,44,0,2,23,5,30,0,10,59,5,74,8,6,14,88
12/01/2006,EAU,WI,AGL,CE,Federal Contract Tower,0,8,32,0,40,0,3,28,0,31,0,11,60,0,71,24,0,24,95
12/02/2006,EAU,WI,AGL,CE,Federal Contract Tower,0,7,13,2,22,0,4,11,2,17,0,11,24,4,39,2,4,6,45
12/03/2006,EAU,WI,AGL,CE,Federal Contract Tower,0,8,18,2,28,0,0,12,2,14,0,8,30,4,42,4,0,4,46
12/04/2006,EAU,WI,AGL,CE,Federal Contract Tower,0,9,36,0,45,0,3,1,0,4,0,12,37,0,49,0,0,0,49
12/05/2006,EAU,WI,AGL,CE,Federal Contract Tower,0,7,46,0,53,0,1,9,0,10,0,8,55,0,63,8,0,8,71
12/06/2006,EAU,WI,AGL,CE,Federal Contract Tower,0,9,53,0,62,0,5,8,0,13,0,14,61,0,75,0,0,0,75
12/07/2006,EAU,WI,AGL,CE,Federal Contract Tower,0,9,33,0,42,0,3,18,0,21,0,12,51,0,63,22,0,22,85
12/08/2006,EAU,WI,AGL,CE,Federal Contract Tower,0,8,20,0,28,0,1,18,0,19,0,9,38,0,47,2,0,2,49
12/09/2006,EAU,WI,AGL,CE,Federal Contract Tower,0,11,9,4,24,0,2,78,0,80,0,13,87,4,104,14,2,16,120
12/10/2006,EAU,WI,AGL,CE,Federal Contract Tower,0,8,11,1,20,0,5,130,6,141,0,13,141,7,161,28,0,28,189
12/11/2006,EAU,WI,AGL,CE,Federal Contract Tower,0,9,25,2,36,0,3,18,0,21,0,12,43,2,57,34,0,34,91
12/12/2006,EAU,WI,AGL,CE,Federal Contract Tower,0,11,35,0,46,0,0,0,0,0,0,11,35,0,46,2,0,2,48
12/13/2006,EAU,WI,AGL,CE,Federal Contract Tower,0,9,50,2,61,0,2,24,2,28,0,11,74,4,89,14,10,24,113
12/14/2006,EAU,WI,AGL,CE,Federal Contract Tower,0,9,40,0,49,0,4,20,0,24,0,13,60,0,73,12,0,12,85
12/15/2006,EAU,WI,AGL,CE,Federal Contract Tower,0,9,37,0,46,0,4,36,0,40,0,13,73,0,86,22,0,22,108
12/16/2006,EAU,WI,AGL,CE,Federal Contract Tower,0,8,10,0,18,0,0,57,2,59,0,8,67,2,77,50,0,50,127
12/17/2006,EAU,WI,AGL,CE,Federal Contract Tower,0,8,9,0,17,0,5,42,0,47,0,13,51,0,64,32,0,32,96
12/18/2006,EAU,WI,AGL,CE,Federal Contract Tower,0,8,17,1,26,0,0,52,2,54,0,8,69,3,80,34,0,34,114
12/19/2006,EAU,WI,AGL,CE,Federal Contract Tower,0,10,44,1,55,0,5,60,0,65,0,15,104,1,120,26,0,26,146
12/20/2006,EAU,WI,AGL,CE,Federal Contract Tower,0,8,51,0,59,0,4,4,0,8,0,12,55,0,67,6,0,6,73
12/21/2006,EAU,WI,AGL,CE,Federal Contract Tower,0,5,38,0,43,0,0,2,0,2,0,5,40,0,45,2,0,2,47
12/22/2006,EAU,WI,AGL,CE,Federal Contract Tower,0,7,37,0,44,0,1,0,0,1,0,8,37,0,45,0,0,0,45
12/23/2006,EAU,WI,AGL,CE,Federal Contract Tower,0,9,3,0,12,0,0,15,0,15,0,9,18,0,27,2,0,2,29
12/24/2006,EAU,WI,AGL,CE,Federal Contract Tower,0,7,2,0,9,0,0,45,2,47,0,7,47,2,56,2,0,2,58
12/25/2006,EAU,WI,AGL,CE,Federal Contract Tower,0,7,1,0,8,0,5,3,0,8,0,12,4,0,16,0,0,0,16
12/26/2006,EAU,WI,AGL,CE,Federal Contract Tower,0,9,32,0,41,0,0,41,0,41,0,9,73,0,82,16,0,16,98
12/27/2006,EAU,WI,AGL,CE,Federal Contract Tower,0,9,37,0,46,0,0,49,0,49,0,9,86,0,95,18,0,18,113
12/28/2006,EAU,WI,AGL,CE,Federal Contract Tower,0,10,32,1,43,0,5,5,2,12,0,15,37,3,55,4,0,4,59
12/29/2006,EAU,WI,AGL,CE,Federal Contract Tower,0,8,27,0,35,0,0,0,0,0,0,8,27,0,35,2,0,2,37
12/30/2006,EAU,WI,AGL,CE,Federal Contract Tower,0,7,9,0,16,0,0,4,0,4,0,7,13,0,20,0,0,0,20
12/31/2006,EAU,WI,AGL,CE,Federal Contract Tower,0,6,5,0,11,0,0,0,0,0,0,6,5,0,11,0,0,0,11
01/01/2007,EAU,WI,AGL,CE,Federal Contract Tower,0,11,9,0,20,0,0,36,0,36,0,11,45,0,56,40,0,40,96
01/02/2007,EAU,WI,AGL,CE,Federal Contract Tower,0,6,38,4,48,0,1,52,8,61,0,7,90,12,109,0,2,2,111
01/03/2007,EAU,WI,AGL,CE,Federal Contract Tower,0,15,31,0,46,0,5,49,4,58,0,20,80,4,104,56,0,56,160
01/04/2007,EAU,WI,AGL,CE,Federal Contract Tower,0,14,44,0,58,0,2,14,0,16,0,16,58,0,74,44,0,44,118
01/05/2007,EAU,WI,AGL,CE,Federal Contract Tower,0,11,31,0,42,0,1,5,0,6,0,12,36,0,48,0,0,0,48
01/06/2007,EAU,WI,AGL,CE,Federal Contract Tower,0,12,9,0,21,0,2,36,4,42,0,14,45,4,63,28,2,30,93
01/07/2007,EAU,WI,AGL,CE,Federal Contract Tower,0,7,11,0,18,0,3,10,0,13,0,10,21,0,31,10,0,10,41
01/08/2007,EAU,WI,AGL,CE,Federal Contract Tower,0,12,12,0,24,0,5,17,0,22,0,17,29,0,46,10,0,10,56
01/09/2007,EAU,WI,AGL,CE,Federal Contract Tower,0,11,42,0,53,0,1,13,0,14,0,12,55,0,67,0,0,0,67
01/10/2007,EAU,WI,AGL,CE,Federal Contract Tower,0,14,38,0,52,0,7,15,0,22,0,21,53,0,74,8,4,12,86
01/11/2007,EAU,WI,AGL,CE,Federal Contract Tower,0,10,39,0,49,0,6,29,0,35,0,16,68,0,84,10,0,10,94
01/12/2007,EAU,WI,AGL,CE,Federal Contract Tower,0,13,32,0,45,0,2,25,2,29,0,15,57,2,74,44,0,44,118
01/13/2007,EAU,WI,AGL,CE,Federal Contract Tower,0,11,6,0,17,0,3,61,2,66,0,14,67,2,83,40,2,42,125
01/14/2007,EAU,WI,AGL,CE,Federal Contract Tower,0,9,5,0,14,0,0,54,2,56,0,9,59,2,70,18,0,18,88
01/15/2007,EAU,WI,AGL,CE,Federal Contract Tower,0,12,19,0,31,0,1,17,0,18,0,13,36,0,49,21,0,21,70
01/16/2007,EAU,WI,AGL,CE,Federal Contract Tower,0,14,46,0,60,0,2,24,2,28,0,16,70,2,88,12,0,12,100
01/17/2007,EAU,WI,AGL,CE,Federal Contract Tower,0,12,44,0,56,0,1,28,0,29,0,13,72,0,85,20,0,20,105
01/18/2007,EAU,WI,AGL,CE,Federal Contract Tower,0,12,37,0,49,0,0,1,0,1,0,12,38,0,50,0,0,0,50
01/19/2007,EAU,WI,AGL,CE,Federal Contract Tower,0,12,30,2,44,0,0,20,1,21,0,12,50,3,65,30,0,30,95
01/20/2007,EAU,WI,AGL,CE,Federal Contract Tower,0,11,19,2,32,0,0,45,1,46,0,11,64,3,78,30,0,30,108
01/21/2007,EAU,WI,AGL,CE,Federal Contract Tower,0,11,8,0,19,0,0,1,0,1,0,11,9,0,20,0,0,0,20
01/22/2007,EAU,WI,AGL,CE,Federal Contract Tower,0,11,22,0,33,0,0,0,0,0,0,11,22,0,33,0,0,0,33
01/23/2007,EAU,WI,AGL,CE,Federal Contract Tower,0,13,35,0,48,0,0,16,0,16,0,13,51,0,64,30,0,30,94
01/24/2007,EAU,WI,AGL,CE,Federal Contract Tower,0,12,44,0,56,0,5,39,0,44,0,17,83,0,100,24,0,24,124
01/25/2007,EAU,WI,AGL,CE,Federal Contract Tower,0,13,41,0,54,0,6,48,0,54,0,19,89,0,108,60,0,60,168
01/26/2007,EAU,WI,AGL,CE,Federal Contract Tower,0,11,35,0,46,0,0,14,7,21,0,11,49,7,67,18,8,26,93
01/27/2007,EAU,WI,AGL,CE,Federal Contract Tower,0,12,10,0,22,0,4,3,0,7,0,16,13,0,29,2,0,2,31
01/28/2007,EAU,WI,AGL,CE,Federal Contract Tower,0,11,12,0,23,0,3,22,0,25,0,14,34,0,48,4,0,4,52
01/29/2007,EAU,WI,AGL,CE,Federal Contract Tower,0,12,23,0,35,0,2,4,0,6,0,14,27,0,41,6,0,6,47
01/30/2007,EAU,WI,AGL,CE,Federal Contract Tower,0,12,36,0,48,0,2,24,0,26,0,14,60,0,74,38,0,38,112
01/31/2007,EAU,WI,AGL,CE,Federal Contract Tower,0,10,49,0,59,0,0,10,0,10,0,10,59,0,69,10,0,10,79
02/01/2007,EAU,WI,AGL,CE,Federal Contract Tower,0,14,45,0,59,0,1,21,2,24,0,15,66,2,83,20,0,20,103
02/02/2007,EAU,WI,AGL,CE,Federal Contract Tower,0,12,34,0,46,0,0,15,0,15,0,12,49,0,61,4,0,4,65
02/03/2007,EAU,WI,AGL,CE,Federal Contract Tower,0,13,5,0,18,0,2,5,0,7,0,15,10,0,25,4,0,4,29
02/04/2007,EAU,WI,AGL,CE,Federal Contract Tower,2,10,7,0,19,0,3,4,0,7,2,13,11,0,26,6,0,6,32
02/05/2007,EAU,WI,AGL,CE,Federal Contract Tower,0,9,19,0,28,0,7,8,0,15,0,16,27,0,43,0,0,0,43
02/06/2007,EAU,WI,AGL,CE,Federal Contract Tower,0,11,35,0,46,0,0,7,0,7,0,11,42,0,53,2,0,2,55
02/07/2007,EAU,WI,AGL,CE,Federal Contract Tower,0,12,36,0,48,0,1,18,8,27,0,13,54,8,75,18,6,24,99
02/08/2007,EAU,WI,AGL,CE,Federal Contract Tower,2,9,40,0,51,0,1,22,0,23,2,10,62,0,74,16,0,16,90
02/09/2007,EAU,WI,AGL,CE,Federal Contract Tower,0,14,38,1,53,0,0,42,6,48,0,14,80,7,101,40,6,46,147
02/10/2007,EAU,WI,AGL,CE,Federal Contract Tower,0,11,9,0,20,0,3,35,1,39,0,14,44,1,59,20,0,20,79
02/11/2007,EAU,WI,AGL,CE,Federal Contract Tower,0,10,13,4,27,0,11,29,5,45,0,21,42,9,72,52,24,76,148
02/12/2007,EAU,WI,AGL,CE,Federal Contract Tower,0,10,16,0,26,0,0,22,0,22,0,10,38,0,48,12,0,12,60
02/13/2007,EAU,WI,AGL,CE,Federal Contract Tower,0,15,19,1,35,0,2,18,1,21,0,17,37,2,56,52,0,52,108
02/14/2007,EAU,WI,AGL,CE,Federal Contract Tower,0,12,45,0,57,0,8,25,0,33,0,20,70,0,90,32,0,32,122
02/15/2007,EAU,WI,AGL,CE,Federal Contract Tower,0,14,40,0,54,0,0,23,2,25,0,14,63,2,79,55,8,63,142
02/16/2007,EAU,WI,AGL,CE,Federal Contract Tower,0,12,32,0,44,0,6,25,1,32,0,18,57,1,76,56,0,56,132
02/17/2007,EAU,WI,AGL,CE,Federal Contract Tower,0,11,13,1,25,0,0,52,2,54,0,11,65,3,79,12,0,12,91
02/18/2007,EAU,WI,AGL,CE,Federal Contract Tower,0,10,8,0,18,0,2,49,2,53,0,12,57,2,71,66,0,66,137
02/19/2007,EAU,WI,AGL,CE,Federal Contract Tower,1,10,20,0,31,0,3,12,1,16,1,13,32,1,47,32,0,32,79
02/20/2007,EAU,WI,AGL,CE,Federal Contract Tower,0,12,21,1,34,0,2,63,3,68,0,14,84,4,102,37,0,37,139
02/21/2007,EAU,WI,AGL,CE,Federal Contract Tower,0,14,33,0,47,0,1,58,1,60,0,15,91,1,107,44,2,46,153
02/22/2007,EAU,WI,AGL,CE,Federal Contract Tower,0,12,38,0,50,0,3,33,0,36,0,15,71,0,86,45,0,45,131
02/23/2007,EAU,WI,AGL,CE,Federal Contract Tower,0,10,23,0,33,0,0,18,0,18,0,10,41,0,51,14,0,14,65
02/24/2007,EAU,WI,AGL,CE,Federal Contract Tower,0,2,5,0,7,0,8,0,0,8,0,10,5,0,15,0,0,0,15
02/25/2007,EAU,WI,AGL,CE,Federal Contract Tower,0,6,9,0,15,0,1,5,0,6,0,7,14,0,21,0,0,0,21
02/26/2007,EAU,WI,AGL,CE,Federal Contract Tower,0,14,17,0,31,0,0,2,0,2,0,14,19,0,33,0,0,0,33
02/27/2007,EAU,WI,AGL,CE,Federal Contract Tower,0,11,35,0,46,0,3,14,3,20,0,14,49,3,66,25,0,25,91
02/28/2007,EAU,WI,AGL,CE,Federal Contract Tower,0,11,39,0,50,0,2,12,0,14,0,13,51,0,64,12,0,12,76
03/01/2007,EAU,WI,AGL,CE,Federal Contract Tower,0,4,18,0,22,0,0,0,0,0,0,4,18,0,22,2,0,2,24
03/02/2007,EAU,WI,AGL,CE,Federal Contract Tower,0,6,16,0,22,0,1,1,0,2,0,7,17,0,24,0,0,0,24
03/03/2007,EAU,WI,AGL,CE,Federal Contract Tower,0,10,16,0,26,0,2,27,0,29,0,12,43,0,55,34,0,34,89
03/04/2007,EAU,WI,AGL,CE,Federal Contract Tower,0,6,15,0,21,0,0,69,2,71,0,6,84,2,92,31,0,31,123
03/05/2007,EAU,WI,AGL,CE,Federal Contract Tower,0,12,26,0,38,0,4,33,4,41,0,16,59,4,79,34,0,34,113
03/06/2007,EAU,WI,AGL,CE,Federal Contract Tower,0,11,37,0,48,0,0,1,0,1,0,11,38,0,49,0,0,0,49
03/07/2007,EAU,WI,AGL,CE,Federal Contract Tower,0,11,37,0,48,0,9,46,9,64,0,20,83,9,112,16,14,30,142
03/08/2007,EAU,WI,AGL,CE,Federal Contract Tower,0,9,44,0,53,0,5,0,0,5,0,14,44,0,58,0,0,0,58
03/09/2007,EAU,WI,AGL,CE,Federal Contract Tower,0,13,32,5,50,0,6,32,2,40,0,19,64,7,90,28,0,28,118
03/10/2007,EAU,WI,AGL,CE,Federal Contract Tower,0,13,10,0,23,0,0,100,5,105,0,13,110,5,128,52,0,52,180
03/11/2007,EAU,WI,AGL,CE,Federal Contract Tower,0,9,6,0,15,0,2,93,4,99,0,11,99,4,114,26,4,30,144
03/12/2007,EAU,WI,AGL,CE,Federal Contract Tower,0,14,13,0,27,0,3,32,3,38,0,17,45,3,65,14,0,14,79
03/13/2007,EAU,WI,AGL,CE,Federal Contract Tower,0,14,49,0,63,0,4,31,1,36,0,18,80,1,99,16,0,16,115
03/14/2007,EAU,WI,AGL,CE,Federal Contract Tower,0,12,37,0,49,0,0,24,0,24,0,12,61,0,73,9,0,9,82
03/15/2007,EAU,WI,AGL,CE,Federal Contract Tower,2,12,31,0,45,0,0,21,0,21,2,12,52,0,66,38,0,38,104
03/16/2007,EAU,WI,AGL,CE,Federal Contract Tower,0,11,29,0,40,0,3,24,0,27,0,14,53,0,67,8,0,8,75
03/17/2007,EAU,WI,AGL,CE,Federal Contract Tower,0,14,23,0,37,0,1,97,2,100,0,15,120,2,137,88,0,88,225
03/18/2007,EAU,WI,AGL,CE,Federal Contract Tower,2,12,6,0,20,0,0,33,6,39,2,12,39,6,59,22,4,26,85
03/19/2007,EAU,WI,AGL,CE,Federal Contract Tower,0,12,14,0,26,0,2,6,0,8,0,14,20,0,34,12,0,12,46
03/20/2007,EAU,WI,AGL,CE,Federal Contract Tower,0,13,43,0,56,0,1,36,5,42,0,14,79,5,98,20,8,28,126
03/21/2007,EAU,WI,AGL,CE,Federal Contract Tower,0,12,47,0,59,0,0,7,0,7,0,12,54,0,66,0,0,0,66
03/22/2007,EAU,WI,AGL,CE,Federal Contract Tower,0,13,40,0,53,0,3,34,2,39,0,16,74,2,92,22,0,22,114
03/23/2007,EAU,WI,AGL,CE,Federal Contract Tower,0,15,21,2,38,0,0,67,0,67,0,15,88,2,105,46,0,46,151
03/24/2007,EAU,WI,AGL,CE,Federal Contract Tower,0,7,12,0,19,0,0,18,0,18,0,7,30,0,37,0,0,0,37
03/25/2007,EAU,WI,AGL,CE,Federal Contract Tower,0,10,8,0,18,0,0,1,0,1,0,10,9,0,19,0,0,0,19
03/26/2007,EAU,WI,AGL,CE,Federal Contract Tower,0,17,18,0,35,0,0,43,0,43,0,17,61,0,78,34,0,34,112
03/27/2007,EAU,WI,AGL,CE,Federal Contract Tower,0,19,17,0,36,0,5,19,0,24,0,24,36,0,60,6,0,6,66
03/28/2007,EAU,WI,AGL,CE,Federal Contract Tower,0,15,22,0,37,0,6,0,0,6,0,21,22,0,43,0,0,0,43
03/29/2007,EAU,WI,AGL,CE,Federal Contract Tower,0,11,29,2,42,0,0,29,0,29,0,11,58,2,71,30,0,30,101
03/30/2007,EAU,WI,AGL,CE,Federal Contract Tower,0,16,27,0,43,0,0,2,0,2,0,16,29,0,45,0,0,0,45
03/31/2007,EAU,WI,AGL,CE,Federal Contract Tower,0,12,19,0,31,0,0,1,0,1,0,12,20,0,32,0,0,0,32
04/01/2007,EAU,WI,AGL,CE,Federal Contract Tower,0,12,10,0,22,0,0,6,0,6,0,12,16,0,28,0,0,0,28
04/02/2007,EAU,WI,AGL,CE,Federal Contract Tower,0,15,20,0,35,0,0,24,0,24,0,15,44,0,59,12,0,12,71
04/03/2007,EAU,WI,AGL,CE,Federal Contract Tower,0,9,31,0,40,0,0,0,0,0,0,9,31,0,40,0,0,0,40
04/04/2007,EAU,WI,AGL,CE,Federal Contract Tower,0,15,41,0,56,0,1,0,0,1,0,16,41,0,57,0,0,0,57
04/05/2007,EAU,WI,AGL,CE,Federal Contract Tower,0,15,38,0,53,0,2,28,0,30,0,17,66,0,83,0,0,0,83
04/06/2007,EAU,WI,AGL,CE,Federal Contract Tower,2,15,23,0,40,0,2,34,1,37,2,17,57,1,77,6,0,6,83
04/07/2007,EAU,WI,AGL,CE,Federal Contract Tower,0,12,12,0,24,0,13,34,0,47,0,25,46,0,71,10,0,10,81
04/08/2007,EAU,WI,AGL,CE,Federal Contract Tower,0,12,6,0,18,0,0,71,2,73,0,12,77,2,91,20,0,20,111
04/09/2007,EAU,WI,AGL,CE,Federal Contract Tower,2,13,18,0,33,0,4,70,3,77,2,17,88,3,110,45,4,49,159
04/10/2007,EAU,WI,AGL,CE,Federal Contract Tower,0,13,19,0,32,0,0,17,0,17,0,13,36,0,49,4,0,4,53
04/11/2007,EAU,WI,AGL,CE,Federal Contract Tower,0,13,23,0,36,0,0,0,0,0,0,13,23,0,36,0,0,0,36
04/12/2007,EAU,WI,AGL,CE,Federal Contract Tower,0,14,22,0,36,0,0,23,0,23,0,14,45,0,59,16,0,16,75
04/13/2007,EAU,WI,AGL,CE,Federal Contract Tower,0,15,7,0,22,0,4,63,0,67,0,19,70,0,89,40,0,40,129
04/14/2007,EAU,WI,AGL,CE,Federal Contract Tower,0,11,17,0,28,0,1,64,0,65,0,12,81,0,93,14,0,14,107
04/15/2007,EAU,WI,AGL,CE,Federal Contract Tower,0,12,9,0,21,0,2,96,2,100,0,14,105,2,121,20,6,26,147
04/16/2007,EAU,WI,AGL,CE,Federal Contract Tower,0,12,26,0,38,0,1,25,2,28,0,13,51,2,66,18,8,26,92
04/17/2007,EAU,WI,AGL,CE,Federal Contract Tower,0,14,28,0,42,0,4,31,0,35,0,18,59,0,77,24,0,24,101
04/18/2007,EAU,WI,AGL,CE,Federal Contract Tower,0,12,33,0,45,0,3,36,0,39,0,15,69,0,84,50,0,50,134
04/19/2007,EAU,WI,AGL,CE,Federal Contract Tower,0,12,33,0,45,0,4,42,0,46,0,16,75,0,91,10,0,10,101
04/20/2007,EAU,WI,AGL,CE,Federal Contract Tower,0,12,18,0,30,0,3,38,9,50,0,15,56,9,80,42,0,42,122
04/21/2007,EAU,WI,AGL,CE,Federal Contract Tower,0,13,16,0,29,0,2,45,0,47,0,15,61,0,76,36,0,36,112
04/22/2007,EAU,WI,AGL,CE,Federal Contract Tower,0,14,16,0,30,0,4,21,3,28,0,18,37,3,58,6,0,6,64
04/23/2007,EAU,WI,AGL,CE,Federal Contract Tower,0,15,22,0,37,0,1,31,0,32,0,16,53,0,69,28,0,28,97
04/24/2007,EAU,WI,AGL,CE,Federal Contract Tower,0,12,24,0,36,0,1,52,0,53,0,13,76,0,89,38,0,38,127
04/25/2007,EAU,WI,AGL,CE,Federal Contract Tower,0,11,26,0,37,0,8,28,0,36,0,19,54,0,73,26,0,26,99
04/26/2007,EAU,WI,AGL,CE,Federal Contract Tower,0,11,27,0,38,0,5,21,1,27,0,16,48,1,65,12,8,20,85
04/27/2007,EAU,WI,AGL,CE,Federal Contract Tower,2,12,17,0,31,0,2,47,1,50,2,14,64,1,81,40,0,40,121
04/28/2007,EAU,WI,AGL,CE,Federal Contract Tower,0,13,14,0,27,0,2,85,0,87,0,15,99,0,114,34,0,34,148
04/29/2007,EAU,WI,AGL,CE,Federal Contract Tower,0,12,16,0,28,0,3,48,1,52,0,15,64,1,80,2,0,2,82
04/30/2007,EAU,WI,AGL,CE,Federal Contract Tower,4,10,24,0,38,0,6,24,0,30,4,16,48,0,68,4,0,4,72
05/01/2007,EAU,WI,AGL,CE,Federal Contract Tower,0,13,25,0,38,0,1,23,0,24,0,14,48,0,62,10,0,10,72
05/02/2007,EAU,WI,AGL,CE,Federal Contract Tower,0,13,25,0,38,0,13,61,1,75,0,26,86,1,113,26,0,26,139
05/03/2007,EAU,WI,AGL,CE,Federal Contract Tower,0,12,31,0,43,0,8,33,0,41,0,20,64,0,84,4,4,8,92
05/04/2007,EAU,WI,AGL,CE,Federal Contract Tower,0,12,24,0,36,0,5,38,0,43,0,17,62,0,79,2,0,2,81
05/05/2007,EAU,WI,AGL,CE,Federal Contract Tower,0,11,8,0,19,0,12,2,0,14,0,23,10,0,33,16,0,16,49
05/06/2007,EAU,WI,AGL,CE,Federal Contract Tower,0,12,11,0,23,0,3,9,0,12,0,15,20,0,35,0,0,0,35
05/07/2007,EAU,WI,AGL,CE,Federal Contract Tower,0,14,15,0,29,0,2,3,0,5,0,16,18,0,34,0,0,0,34
05/08/2007,EAU,WI,AGL,CE,Federal Contract Tower,0,17,34,0,51,0,2,46,5,53,0,19,80,5,104,27,12,39,143
05/09/2007,EAU,WI,AGL,CE,Federal Contract Tower,0,10,30,0,40,0,3,66,1,70,0,13,96,1,110,42,0,42,152
05/10/2007,EAU,WI,AGL,CE,Federal Contract Tower,0,10,27,0,37,0,5,51,1,57,0,15,78,1,94,23,0,23,117
05/11/2007,EAU,WI,AGL,CE,Federal Contract Tower,0,10,37,0,47,0,4,33,3,40,0,14,70,3,87,24,0,24,111
05/12/2007,EAU,WI,AGL,CE,Federal Contract Tower,0,11,11,0,22,0,4,128,18,150,0,15,139,18,172,44,2,46,218
05/13/2007,EAU,WI,AGL,CE,Federal Contract Tower,0,10,10,0,20,0,3,15,0,18,0,13,25,0,38,0,0,0,38
05/14/2007,EAU,WI,AGL,CE,Federal Contract Tower,0,13,24,0,37,0,2,14,0,16,0,15,38,0,53,0,0,0,53
05/15/2007,EAU,WI,AGL,CE,Federal Contract Tower,0,14,26,0,40,0,4,15,0,19,0,18,41,0,59,8,0,8,67
05/16/2007,EAU,WI,AGL,CE,Federal Contract Tower,0,12,28,0,40,0,4,24,0,28,0,16,52,0,68,28,0,28,96
05/17/2007,EAU,WI,AGL,CE,Federal Contract Tower,0,11,31,0,42,0,11,88,2,101,0,22,119,2,143,24,0,24,167
05/18/2007,EAU,WI,AGL,CE,Federal Contract Tower,0,13,14,0,27,0,5,26,0,31,0,18,40,0,58,18,0,18,76
05/19/2007,EAU,WI,AGL,CE,Federal Contract Tower,0,14,6,0,20,0,7,27,0,34,0,21,33,0,54,10,0,10,64
05/20/2007,EAU,WI,AGL,CE,Federal Contract Tower,0,9,19,0,28,0,2,17,0,19,0,11,36,0,47,31,0,31,78
05/21/2007,EAU,WI,AGL,CE,Federal Contract Tower,0,13,35,0,48,0,2,29,0,31,0,15,64,0,79,22,0,22,101
05/22/2007,EAU,WI,AGL,CE,Federal Contract Tower,0,11,26,0,37,0,12,17,0,29,0,23,43,0,66,6,0,6,72
05/23/2007,EAU,WI,AGL,CE,Federal Contract Tower,2,12,29,0,43,0,3,9,0,12,2,15,38,0,55,0,0,0,55
05/24/2007,EAU,WI,AGL,CE,Federal Contract Tower,0,9,26,0,35,0,1,3,0,4,0,10,29,0,39,2,0,2,41
05/25/2007,EAU,WI,AGL,CE,Federal Contract Tower,0,10,17,2,29,0,3,58,4,65,0,13,75,6,94,52,4,56,150
05/26/2007,EAU,WI,AGL,CE,Federal Contract Tower,0,11,13,2,26,0,1,12,0,13,0,12,25,2,39,0,0,0,39
05/27/2007,EAU,WI,AGL,CE,Federal Contract Tower,0,12,7,0,19,0,6,64,4,74,0,18,71,4,93,8,0,8,101
05/28/2007,EAU,WI,AGL,CE,Federal Contract Tower,0,11,13,0,24,0,3,53,0,56,0,14,66,0,80,42,0,42,122
05/29/2007,EAU,WI,AGL,CE,Federal Contract Tower,0,11,32,0,43,0,4,6,1,11,0,15,38,1,54,6,0,6,60
05/30/2007,EAU,WI,AGL,CE,Federal Contract Tower,0,12,31,0,43,0,0,13,0,13,0,12,44,0,56,0,0,0,56
05/31/2007,EAU,WI,AGL,CE,Federal Contract Tower,0,12,32,0,44,0,4,29,0,33,0,16,61,0,77,36,0,36,113
06/01/2007,EAU,WI,AGL,CE,Federal Contract Tower,0,13,23,0,36,0,3,47,0,50,0,16,70,0,86,22,0,22,108
06/02/2007,EAU,WI,AGL,CE,Federal Contract Tower,0,10,12,0,22,0,5,20,0,25,0,15,32,0,47,32,0,32,79
06/03/2007,EAU,WI,AGL,CE,Federal Contract Tower,0,11,8,0,19,0,0,9,0,9,0,11,17,0,28,2,0,2,30
06/04/2007,EAU,WI,AGL,CE,Federal Contract Tower,2,9,26,0,37,0,3,11,0,14,2,12,37,0,51,42,0,42,93
06/05/2007,EAU,WI,AGL,CE,Federal Contract Tower,0,12,26,0,38,0,7,75,6,88,0,19,101,6,126,78,0,78,204
06/06/2007,EAU,WI,AGL,CE,Federal Contract Tower,0,9,25,0,34,0,1,20,0,21,0,10,45,0,55,2,0,2,57
06/07/2007,EAU,WI,AGL,CE,Federal Contract Tower,2,8,23,0,33,0,8,3,0,11,2,16,26,0,44,0,0,0,44
06/08/2007,EAU,WI,AGL,CE,Federal Contract Tower,0,17,20,0,37,0,9,36,0,45,0,26,56,0,82,4,0,4,86
06/09/2007,EAU,WI,AGL,CE,Federal Contract Tower,0,11,11,0,22,0,13,78,2,93,0,24,89,2,115,38,0,38,153
06/10/2007,EAU,WI,AGL,CE,Federal Contract Tower,2,11,9,1,23,0,7,28,1,36,2,18,37,2,59,6,2,8,67
06/11/2007,EAU,WI,AGL,CE,Federal Contract Tower,0,10,25,0,35,0,8,40,1,49,0,18,65,1,84,28,4,32,116
06/12/2007,EAU,WI,AGL,CE,Federal Contract Tower,0,9,24,0,33,0,1,56,1,58,0,10,80,1,91,49,5,54,145
06/13/2007,EAU,WI,AGL,CE,Federal Contract Tower,0,11,32,0,43,0,8,38,0,46,0,19,70,0,89,60,0,60,149
06/14/2007,EAU,WI,AGL,CE,Federal Contract Tower,2,11,21,0,34,0,10,48,11,69,2,21,69,11,103,30,2,32,135
06/15/2007,EAU,WI,AGL,CE,Federal Contract Tower,0,10,25,0,35,0,8,41,0,49,0,18,66,0,84,48,0,48,132
06/16/2007,EAU,WI,AGL,CE,Federal Contract Tower,0,9,7,0,16,0,3,46,0,49,0,12,53,0,65,50,0,50,115
06/17/2007,EAU,WI,AGL,CE,Federal Contract Tower,0,9,9,0,18,0,5,33,2,40,0,14,42,2,58,4,0,4,62
06/18/2007,EAU,WI,AGL,CE,Federal Contract Tower,0,11,27,0,38,0,0,16,0,16,0,11,43,0,54,2,0,2,56
06/19/2007,EAU,WI,AGL,CE,Federal Contract Tower,0,13,24,2,39,0,0,20,0,20,0,13,44,2,59,2,0,2,61
06/20/2007,EAU,WI,AGL,CE,Federal Contract Tower,0,7,31,2,40,0,6,29,0,35,0,13,60,2,75,12,0,12,87
06/21/2007,EAU,WI,AGL,CE,Federal Contract Tower,0,14,25,0,39,0,7,42,0,49,0,21,67,0,88,20,0,20,108
06/22/2007,EAU,WI,AGL,CE,Federal Contract Tower,0,10,19,0,29,0,7,52,0,59,0,17,71,0,88,22,0,22,110
06/23/2007,EAU,WI,AGL,CE,Federal Contract Tower,0,10,16,1,27,0,2,61,0,63,0,12,77,1,90,69,0,69,159
06/24/2007,EAU,WI,AGL,CE,Federal Contract Tower,0,12,9,0,21,0,12,101,0,113,0,24,110,0,134,28,0,28,162
06/25/2007,EAU,WI,AGL,CE,Federal Contract Tower,0,9,20,0,29,0,11,27,0,38,0,20,47,0,67,34,0,34,101
06/26/2007,EAU,WI,AGL,CE,Federal Contract Tower,0,9,25,0,34,0,3,26,0,29,0,12,51,0,63,69,0,69,132
06/27/2007,EAU,WI,AGL,CE,Federal Contract Tower,0,10,18,2,30,0,0,37,2,39,0,10,55,4,69,22,10,32,101
06/28/2007,EAU,WI,AGL,CE,Federal Contract Tower,0,11,35,0,46,0,16,73,0,89,0,27,108,0,135,42,0,42,177
06/29/2007,EAU,WI,AGL,CE,Federal Contract Tower,0,11,18,0,29,0,1,55,6,62,0,12,73,6,91,60,2,62,153
06/30/2007,EAU,WI,AGL,CE,Federal Contract Tower,0,10,15,0,25,0,1,81,0,82,0,11,96,0,107,12,0,12,119
07/01/2007,EAU,WI,AGL,CE,Federal Contract Tower,0,10,9,0,19,0,10,82,3,95,0,20,91,3,114,26,0,26,140
07/02/2007,EAU,WI,AGL,CE,Federal Contract Tower,0,10,26,0,36,0,2,32,2,36,0,12,58,2,72,8,4,12,84
07/03/2007,EAU,WI,AGL,CE,Federal Contract Tower,0,13,25,0,38,0,2,15,0,17,0,15,40,0,55,8,0,8,63
07/04/2007,EAU,WI,AGL,CE,Federal Contract Tower,0,5,6,0,11,0,5,8,0,13,0,10,14,0,24,0,0,0,24
07/05/2007,EAU,WI,AGL,CE,Federal Contract Tower,0,8,15,0,23,0,8,49,0,57,0,16,64,0,80,20,0,20,100
07/06/2007,EAU,WI,AGL,CE,Federal Contract Tower,0,10,16,2,28,0,6,49,2,57,0,16,65,4,85,16,0,16,101
07/07/2007,EAU,WI,AGL,CE,Federal Contract Tower,0,10,10,0,20,0,1,91,0,92,0,11,101,0,112,78,0,78,190
07/08/2007,EAU,WI,AGL,CE,Federal Contract Tower,0,6,8,0,14,0,0,19,2,21,0,6,27,2,35,6,0,6,41
07/09/2007,EAU,WI,AGL,CE,Federal Contract Tower,0,10,44,0,54,0,17,33,0,50,0,27,77,0,104,16,14,30,134
07/10/2007,EAU,WI,AGL,CE,Federal Contract Tower,0,9,29,0,38,0,0,4,0,4,0,9,33,0,42,18,0,18,60
07/11/2007,EAU,WI,AGL,CE,Federal Contract Tower,0,12,31,0,43,0,25,33,3,61,0,37,64,3,104,48,14,62,166
07/12/2007,EAU,WI,AGL,CE,Federal Contract Tower,0,9,31,0,40,0,2,34,2,38,0,11,65,2,78,27,0,27,105
07/13/2007,EAU,WI,AGL,CE,Federal Contract Tower,0,12,11,1,24,0,6,47,1,54,0,18,58,2,78,32,0,32,110
07/14/2007,EAU,WI,AGL,CE,Federal Contract Tower,0,9,6,0,15,0,6,40,0,46,0,15,46,0,61,4,0,4,65
07/15/2007,EAU,WI,AGL,CE,Federal Contract Tower,0,7,7,0,14,0,4,74,3,81,0,11,81,3,95,86,0,86,181
07/16/2007,EAU,WI,AGL,CE,Federal Contract Tower,0,13,26,0,39,0,13,37,4,54,0,26,63,4,93,64,0,64,157
07/17/2007,EAU,WI,AGL,CE,Federal Contract Tower,0,9,24,0,33,0,11,27,0,38,0,20,51,0,71,30,0,30,101
07/18/2007,EAU,WI,AGL,CE,Federal Contract Tower,0,9,26,0,35,0,0,15,6,21,0,9,41,6,56,28,0,28,84
07/19/2007,EAU,WI,AGL,CE,Federal Contract Tower,0,10,34,0,44,0,4,48,0,52,0,14,82,0,96,38,0,38,134
07/20/2007,EAU,WI,AGL,CE,Federal Contract Tower,1,9,20,1,31,0,4,91,9,104,1,13,111,10,135,46,10,56,191
07/21/2007,EAU,WI,AGL,CE,Federal Contract Tower,1,10,15,0,26,0,7,84,2,93,1,17,99,2,119,70,0,70,189
07/22/2007,EAU,WI,AGL,CE,Federal Contract Tower,0,8,12,0,20,0,9,68,0,77,0,17,80,0,97,22,2,24,121
07/23/2007,EAU,WI,AGL,CE,Federal Contract Tower,0,13,31,0,44,0,2,34,0,36,0,15,65,0,80,28,0,28,108
07/24/2007,EAU,WI,AGL,CE,Federal Contract Tower,0,9,29,0,38,0,12,36,2,50,0,21,65,2,88,40,0,40,128
07/25/2007,EAU,WI,AGL,CE,Federal Contract Tower,0,9,37,0,46,0,10,57,0,67,0,19,94,0,113,58,0,58,171
07/26/2007,EAU,WI,AGL,CE,Federal Contract Tower,0,10,38,0,48,0,9,39,0,48,0,19,77,0,96,26,0,26,122
07/27/2007,EAU,WI,AGL,CE,Federal Contract Tower,0,9,27,0,36,0,8,43,0,51,0,17,70,0,87,52,0,52,139
07/28/2007,EAU,WI,AGL,CE,Federal Contract Tower,0,9,14,0,23,0,13,78,1,92,0,22,92,1,115,96,2,98,213
07/29/2007,EAU,WI,AGL,CE,Federal Contract Tower,0,9,12,0,21,0,4,115,2,121,0,13,127,2,142,14,0,14,156
07/30/2007,EAU,WI,AGL,CE,Federal Contract Tower,0,10,26,0,36,0,9,47,0,56,0,19,73,0,92,60,0,60,152
07/31/2007,EAU,WI,AGL,CE,Federal Contract Tower,0,9,19,0,28,0,13,74,0,87,0,22,93,0,115,38,0,38,153
08/01/2007,EAU,WI,AGL,CE,Federal Contract Tower,0,9,20,0,29,0,6,25,2,33,0,15,45,2,62,16,0,16,78
08/02/2007,EAU,WI,AGL,CE,Federal Contract Tower,0,11,26,0,37,0,21,56,2,79,0,32,82,2,116,28,6,34,150
08/03/2007,EAU,WI,AGL,CE,Federal Contract Tower,0,9,9,2,20,0,8,44,0,52,0,17,53,2,72,28,0,28,100
08/04/2007,EAU,WI,AGL,CE,Federal Contract Tower,0,11,17,0,28,0,3,17,0,20,0,14,34,0,48,14,0,14,62
08/05/2007,EAU,WI,AGL,CE,Federal Contract Tower,0,13,13,0,26,0,1,6,0,7,0,14,19,0,33,10,0,10,43
08/06/2007,EAU,WI,AGL,CE,Federal Contract Tower,0,10,34,0,44,0,2,20,0,22,0,12,54,0,66,30,0,30,96
08/07/2007,EAU,WI,AGL,CE,Federal Contract Tower,0,12,21,0,33,0,11,22,0,33,0,23,43,0,66,38,0,38,104
08/08/2007,EAU,WI,AGL,CE,Federal Contract Tower,0,11,33,3,47,0,3,57,9,69,0,14,90,12,116,32,12,44,160
08/09/2007,EAU,WI,AGL,CE,Federal Contract Tower,0,9,37,0,46,0,3,17,2,22,0,12,54,2,68,16,0,16,84
08/10/2007,EAU,WI,AGL,CE,Federal Contract Tower,0,11,22,0,33,0,4,47,0,51,0,15,69,0,84,28,0,28,112
08/11/2007,EAU,WI,AGL,CE,Federal Contract Tower,0,10,18,5,33,0,7,35,12,54,0,17,53,17,87,16,0,16,103
08/12/2007,EAU,WI,AGL,CE,Federal Contract Tower,0,10,11,0,21,0,5,67,0,72,0,15,78,0,93,12,0,12,105
08/13/2007,EAU,WI,AGL,CE,Federal Contract Tower,0,11,22,0,33,0,4,66,0,70,0,15,88,0,103,55,0,55,158
08/14/2007,EAU,WI,AGL,CE,Federal Contract Tower,0,8,19,0,27,0,5,42,0,47,0,13,61,0,74,36,0,36,110
08/15/2007,EAU,WI,AGL,CE,Federal Contract Tower,0,13,20,0,33,0,0,16,0,16,0,13,36,0,49,38,0,38,87
08/16/2007,EAU,WI,AGL,CE,Federal Contract Tower,0,9,32,0,41,0,7,47,0,54,0,16,79,0,95,50,0,50,145
08/17/2007,EAU,WI,AGL,CE,Federal Contract Tower,0,7,18,0,25,0,7,39,0,46,0,14,57,0,71,40,0,40,111
08/18/2007,EAU,WI,AGL,CE,Federal Contract Tower,0,6,21,0,27,0,4,8,0,12,0,10,29,0,39,2,0,2,41
08/19/2007,EAU,WI,AGL,CE,Federal Contract Tower,0,8,16,0,24,0,2,0,0,2,0,10,16,0,26,0,0,0,26
08/20/2007,EAU,WI,AGL,CE,Federal Contract Tower,0,5,29,0,34,0,6,0,0,6,0,11,29,0,40,0,0,0,40
08/21/2007,EAU,WI,AGL,CE,Federal Contract Tower,1,7,32,0,40,0,2,0,0,2,1,9,32,0,42,0,0,0,42
08/22/2007,EAU,WI,AGL,CE,Federal Contract Tower,0,8,25,0,33,0,2,2,0,4,0,10,27,0,37,2,0,2,39
08/23/2007,EAU,WI,AGL,CE,Federal Contract Tower,0,2,24,0,26,0,0,0,0,0,0,2,24,0,26,0,0,0,26
08/24/2007,EAU,WI,AGL,CE,Federal Contract Tower,0,14,28,0,42,0,0,39,0,39,0,14,67,0,81,48,0,48,129
08/25/2007,EAU,WI,AGL,CE,Federal Contract Tower,0,10,11,0,21,0,11,86,1,98,0,21,97,1,119,54,0,54,173
08/26/2007,EAU,WI,AGL,CE,Federal Contract Tower,0,8,14,0,22,0,9,35,2,46,0,17,49,2,68,2,0,2,70
08/27/2007,EAU,WI,AGL,CE,Federal Contract Tower,0,10,25,0,35,0,5,25,0,30,0,15,50,0,65,24,0,24,89
08/28/2007,EAU,WI,AGL,CE,Federal Contract Tower,0,8,28,0,36,0,2,19,0,21,0,10,47,0,57,4,0,4,61
08/29/2007,EAU,WI,AGL,CE,Federal Contract Tower,0,13,26,0,39,0,3,55,3,61,0,16,81,3,100,59,4,63,163
08/30/2007,EAU,WI,AGL,CE,Federal Contract Tower,2,12,24,2,40,0,9,76,0,85,2,21,100,2,125,41,0,41,166
08/31/2007,EAU,WI,AGL,CE,Federal Contract Tower,2,11,13,2,28,0,2,78,0,80,2,13,91,2,108,48,6,54,162
09/01/2007,EAU,WI,AGL,CE,Federal Contract Tower,0,9,15,0,24,0,17,55,0,72,0,26,70,0,96,30,0,30,126
09/02/2007,EAU,WI,AGL,CE,Federal Contract Tower,2,10,9,0,21,0,11,79,2,92,2,21,88,2,113,56,0,56,169
09/03/2007,EAU,WI,AGL,CE,Federal Contract Tower,2,9,7,0,18,0,5,62,0,67,2,14,69,0,85,46,0,46,131
09/04/2007,EAU,WI,AGL,CE,Federal Contract Tower,0,9,21,0,30,0,13,21,0,34,0,22,42,0,64,26,0,26,90
09/05/2007,EAU,WI,AGL,CE,Federal Contract Tower,0,12,42,0,54,0,3,18,0,21,0,15,60,0,75,11,0,11,86
09/06/2007,EAU,WI,AGL,CE,Federal Contract Tower,0,15,31,0,46,0,1,11,0,12,0,16,42,0,58,16,0,16,74
09/07/2007,EAU,WI,AGL,CE,Federal Contract Tower,0,13,19,2,34,0,7,18,0,25,0,20,37,2,59,8,0,8,67
09/08/2007,EAU,WI,AGL,CE,Federal Contract Tower,0,10,10,0,20,0,2,59,2,63,0,12,69,2,83,56,0,56,139
09/09/2007,EAU,WI,AGL,CE,Federal Contract Tower,0,8,12,0,20,0,8,45,3,56,0,16,57,3,76,34,2,36,112
09/10/2007,EAU,WI,AGL,CE,Federal Contract Tower,0,13,28,0,41,0,5,20,0,25,0,18,48,0,66,20,0,20,86
09/11/2007,EAU,WI,AGL,CE,Federal Contract Tower,0,9,27,0,36,0,5,8,0,13,0,14,35,0,49,2,0,2,51
09/12/2007,EAU,WI,AGL,CE,Federal Contract Tower,0,9,30,0,39,0,19,39,0,58,0,28,69,0,97,20,0,20,117
09/13/2007,EAU,WI,AGL,CE,Federal Contract Tower,0,10,36,0,46,0,0,20,0,20,0,10,56,0,66,4,0,4,70
09/14/2007,EAU,WI,AGL,CE,Federal Contract Tower,0,10,27,0,37,0,9,31,0,40,0,19,58,0,77,32,0,32,109
09/15/2007,EAU,WI,AGL,CE,Federal Contract Tower,0,9,12,0,21,0,4,53,2,59,0,13,65,2,80,20,12,32,112
09/16/2007,EAU,WI,AGL,CE,Federal Contract Tower,0,8,20,0,28,0,6,65,4,75,0,14,85,4,103,36,0,36,139
09/17/2007,EAU,WI,AGL,CE,Federal Contract Tower,0,12,32,0,44,0,2,22,0,24,0,14,54,0,68,0,0,0,68
09/18/2007,EAU,WI,AGL,CE,Federal Contract Tower,0,5,22,0,27,0,0,6,2,8,0,5,28,2,35,10,0,10,45
09/20/2007,EAU,WI,AGL,CE,Federal Contract Tower,0,7,38,2,47,0,4,7,0,11,0,11,45,2,58,0,0,0,58
09/21/2007,EAU,WI,AGL,CE,Federal Contract Tower,0,5,25,0,30,0,8,15,0,23,0,13,40,0,53,4,0,4,57
09/22/2007,EAU,WI,AGL,CE,Federal Contract Tower,0,8,15,0,23,0,12,77,10,99,0,20,92,10,122,59,4,63,185
09/23/2007,EAU,WI,AGL,CE,Federal Contract Tower,0,7,22,0,29,0,13,44,2,59,0,20,66,2,88,16,0,16,104
09/24/2007,EAU,WI,AGL,CE,Federal Contract Tower,0,9,25,0,34,0,2,14,0,16,0,11,39,0,50,22,0,22,72
09/25/2007,EAU,WI,AGL,CE,Federal Contract Tower,0,9,25,0,34,0,6,8,0,14,0,15,33,0,48,0,0,0,48
09/26/2007,EAU,WI,AGL,CE,Federal Contract Tower,2,11,37,0,50,0,15,57,0,72,2,26,94,0,122,50,0,50,172
09/27/2007,EAU,WI,AGL,CE,Federal Contract Tower,0,12,34,0,46,0,3,19,5,27,0,15,53,5,73,48,10,58,131
09/28/2007,EAU,WI,AGL,CE,Federal Contract Tower,0,9,17,0,26,0,4,71,0,75,0,13,88,0,101,45,0,45,146
09/29/2007,EAU,WI,AGL,CE,Federal Contract Tower,0,6,10,0,16,0,2,10,0,12,0,8,20,0,28,4,0,4,32
09/30/2007,EAU,WI,AGL,CE,Federal Contract Tower,0,6,8,0,14,0,0,11,2,13,0,6,19,2,27,2,0,2,29
10/01/2007,EAU,WI,AGL,CE,Federal Contract Tower,0,10,24,0,34,0,2,2,0,4,0,12,26,0,38,1,0,1,39
10/02/2007,EAU,WI,AGL,CE,Federal Contract Tower,0,6,25,0,31,0,0,3,0,3,0,6,28,0,34,6,0,6,40
10/03/2007,EAU,WI,AGL,CE,Federal Contract Tower,0,9,35,0,44,0,4,46,0,50,0,13,81,0,94,38,0,38,132
10/04/2007,EAU,WI,AGL,CE,Federal Contract Tower,0,8,22,5,35,0,6,59,0,65,0,14,81,5,100,11,11,22,122
10/05/2007,EAU,WI,AGL,CE,Federal Contract Tower,0,3,15,0,18,0,2,19,0,21,0,5,34,0,39,16,0,16,55
10/06/2007,EAU,WI,AGL,CE,Federal Contract Tower,0,7,10,0,17,0,6,49,1,56,0,13,59,1,73,20,0,20,93
10/07/2007,EAU,WI,AGL,CE,Federal Contract Tower,0,5,6,0,11,0,4,39,1,44,0,9,45,1,55,20,0,20,75
10/08/2007,EAU,WI,AGL,CE,Federal Contract Tower,0,7,23,0,30,0,2,4,0,6,0,9,27,0,36,2,0,2,38
10/09/2007,EAU,WI,AGL,CE,Federal Contract Tower,0,10,28,0,38,0,9,11,0,20,0,19,39,0,58,2,0,2,60
10/10/2007,EAU,WI,AGL,CE,Federal Contract Tower,0,9,26,1,36,0,5,4,0,9,0,14,30,1,45,1,0,1,46
10/11/2007,EAU,WI,AGL,CE,Federal Contract Tower,0,8,33,0,41,0,0,27,0,27,0,8,60,0,68,30,0,30,98
10/12/2007,EAU,WI,AGL,CE,Federal Contract Tower,2,9,24,0,35,0,2,52,0,54,2,11,76,0,89,58,0,58,147
10/13/2007,EAU,WI,AGL,CE,Federal Contract Tower,0,10,9,4,23,0,4,86,4,94,0,14,95,8,117,26,0,26,143
10/14/2007,EAU,WI,AGL,CE,Federal Contract Tower,0,7,8,0,15,0,2,11,0,13,0,9,19,0,28,2,0,2,30
10/15/2007,EAU,WI,AGL,CE,Federal Contract Tower,2,9,23,0,34,0,0,0,0,0,2,9,23,0,34,2,0,2,36
10/16/2007,EAU,WI,AGL,CE,Federal Contract Tower,0,9,40,0,49,0,0,2,0,2,0,9,42,0,51,0,0,0,51
10/17/2007,EAU,WI,AGL,CE,Federal Contract Tower,0,6,39,0,45,0,5,30,4,39,0,11,69,4,84,16,8,24,108
10/18/2007,EAU,WI,AGL,CE,Federal Contract Tower,0,5,34,0,39,0,8,2,0,10,0,13,36,0,49,2,0,2,51
10/19/2007,EAU,WI,AGL,CE,Federal Contract Tower,0,9,17,0,26,0,4,2,0,6,0,13,19,0,32,0,0,0,32
10/20/2007,EAU,WI,AGL,CE,Federal Contract Tower,0,12,17,0,29,0,2,66,0,68,0,14,83,0,97,10,0,10,107
10/21/2007,EAU,WI,AGL,CE,Federal Contract Tower,0,9,21,0,30,0,8,33,2,43,0,17,54,2,73,6,2,8,81
10/22/2007,EAU,WI,AGL,CE,Federal Contract Tower,0,10,32,0,42,0,8,28,1,37,0,18,60,1,79,24,0,24,103
10/23/2007,EAU,WI,AGL,CE,Federal Contract Tower,0,9,38,0,47,0,5,26,2,33,0,14,64,2,80,12,2,14,94
10/24/2007,EAU,WI,AGL,CE,Federal Contract Tower,0,9,32,0,41,0,23,79,0,102,0,32,111,0,143,66,0,66,209
10/25/2007,EAU,WI,AGL,CE,Federal Contract Tower,0,11,34,0,45,0,13,54,0,67,0,24,88,0,112,28,0,28,140
10/26/2007,EAU,WI,AGL,CE,Federal Contract Tower,0,10,23,0,33,0,9,34,0,43,0,19,57,0,76,20,0,20,96
10/27/2007,EAU,WI,AGL,CE,Federal Contract Tower,0,9,8,0,17,0,9,89,0,98,0,18,97,0,115,26,0,26,141
10/28/2007,EAU,WI,AGL,CE,Federal Contract Tower,0,7,11,0,18,0,1,83,2,86,0,8,94,2,104,41,0,41,145
10/29/2007,EAU,WI,AGL,CE,Federal Contract Tower,0,9,35,2,46,0,12,56,0,68,0,21,91,2,114,28,0,28,142
10/30/2007,EAU,WI,AGL,CE,Federal Contract Tower,0,9,33,2,44,0,11,66,1,78,0,20,99,3,122,37,4,41,163
10/31/2007,EAU,WI,AGL,CE,Federal Contract Tower,0,11,37,0,48,0,0,4,0,4,0,11,41,0,52,0,0,0,52
11/01/2007,EAU,WI,AGL,CE,Federal Contract Tower,0,12,34,0,46,0,10,31,0,41,0,22,65,0,87,26,0,26,113
11/02/2007,EAU,WI,AGL,CE,Federal Contract Tower,0,10,15,0,25,0,13,23,0,36,0,23,38,0,61,0,0,0,61
11/03/2007,EAU,WI,AGL,CE,Federal Contract Tower,0,9,12,2,23,0,0,61,2,63,0,9,73,4,86,8,4,12,98
11/04/2007,EAU,WI,AGL,CE,Federal Contract Tower,0,10,10,0,20,0,14,67,0,81,0,24,77,0,101,16,0,16,117
11/05/2007,EAU,WI,AGL,CE,Federal Contract Tower,0,10,38,0,48,0,0,2,0,2,0,10,40,0,50,0,0,0,50
11/06/2007,EAU,WI,AGL,CE,Federal Contract Tower,0,9,36,0,45,0,11,23,0,34,0,20,59,0,79,4,0,4,83
11/07/2007,EAU,WI,AGL,CE,Federal Contract Tower,0,11,36,2,49,0,27,30,0,57,0,38,66,2,106,38,16,54,160
11/08/2007,EAU,WI,AGL,CE,Federal Contract Tower,0,11,34,0,45,0,25,37,0,62,0,36,71,0,107,22,0,22,129
11/09/2007,EAU,WI,AGL,CE,Federal Contract Tower,0,10,20,0,30,0,5,12,0,17,0,15,32,0,47,6,0,6,53
11/10/2007,EAU,WI,AGL,CE,Federal Contract Tower,2,9,14,0,25,0,5,6,0,11,2,14,20,0,36,0,0,0,36
11/11/2007,EAU,WI,AGL,CE,Federal Contract Tower,0,8,13,0,21,0,7,50,0,57,0,15,63,0,78,28,0,28,106
11/12/2007,EAU,WI,AGL,CE,Federal Contract Tower,0,8,41,0,49,0,7,40,2,49,0,15,81,2,98,24,0,24,122
11/13/2007,EAU,WI,AGL,CE,Federal Contract Tower,0,9,35,0,44,0,5,31,0,36,0,14,66,0,80,22,0,22,102
11/14/2007,EAU,WI,AGL,CE,Federal Contract Tower,2,11,41,0,54,0,2,18,0,20,2,13,59,0,74,8,0,8,82
11/15/2007,EAU,WI,AGL,CE,Federal Contract Tower,0,10,43,1,54,0,10,35,1,46,0,20,78,2,100,34,4,38,138
11/16/2007,EAU,WI,AGL,CE,Federal Contract Tower,0,12,18,0,30,0,0,59,0,59,0,12,77,0,89,42,0,42,131
11/17/2007,EAU,WI,AGL,CE,Federal Contract Tower,0,8,16,0,24,0,6,47,0,53,0,14,63,0,77,10,0,10,87
11/18/2007,EAU,WI,AGL,CE,Federal Contract Tower,0,8,5,0,13,0,10,10,3,23,0,18,15,3,36,0,0,0,36
11/19/2007,EAU,WI,AGL,CE,Federal Contract Tower,0,12,34,0,46,0,0,0,0,0,0,12,34,0,46,2,0,2,48
11/20/2007,EAU,WI,AGL,CE,Federal Contract Tower,0,8,34,0,42,0,1,11,0,12,0,9,45,0,54,12,0,12,66
11/21/2007,EAU,WI,AGL,CE,Federal Contract Tower,0,9,27,0,36,0,7,14,0,21,0,16,41,0,57,6,0,6,63
11/22/2007,EAU,WI,AGL,CE,Federal Contract Tower,0,6,7,0,13,0,8,19,0,27,0,14,26,0,40,18,0,18,58
11/23/2007,EAU,WI,AGL,CE,Federal Contract Tower,0,7,17,0,24,0,2,38,0,40,0,9,55,0,64,24,2,26,90
11/24/2007,EAU,WI,AGL,CE,Federal Contract Tower,0,10,5,0,15,0,9,23,1,33,0,19,28,1,48,16,0,16,64
11/25/2007,EAU,WI,AGL,CE,Federal Contract Tower,0,8,11,0,19,0,2,38,2,42,0,10,49,2,61,22,0,22,83
11/26/2007,EAU,WI,AGL,CE,Federal Contract Tower,0,9,32,0,41,0,9,46,2,57,0,18,78,2,98,34,0,34,132
11/27/2007,EAU,WI,AGL,CE,Federal Contract Tower,0,9,45,1,55,0,5,44,0,49,0,14,89,1,104,40,2,42,146
11/28/2007,EAU,WI,AGL,CE,Federal Contract Tower,0,8,43,1,52,0,9,4,0,13,0,17,47,1,65,9,0,9,74
11/29/2007,EAU,WI,AGL,CE,Federal Contract Tower,0,10,33,0,43,0,11,24,2,37,0,21,57,2,80,114,0,114,194
11/30/2007,EAU,WI,AGL,CE,Federal Contract Tower,0,9,18,7,34,0,6,16,2,24,0,15,34,9,58,56,0,56,114
12/01/2007,EAU,WI,AGL,CE,Federal Contract Tower,0,3,3,2,8,0,0,1,0,1,0,3,4,2,9,0,0,0,9
12/02/2007,EAU,WI,AGL,CE,Federal Contract Tower,0,9,7,0,16,0,5,0,0,5,0,14,7,0,21,0,0,0,21
12/03/2007,EAU,WI,AGL,CE,Federal Contract Tower,0,15,35,0,50,0,2,19,0,21,0,17,54,0,71,24,0,24,95
12/04/2007,EAU,WI,AGL,CE,Federal Contract Tower,0,7,7,0,14,0,0,30,0,30,0,7,37,0,44,2,0,2,46
12/05/2007,EAU,WI,AGL,CE,Federal Contract Tower,0,10,41,1,52,0,2,12,0,14,0,12,53,1,66,2,2,4,70
12/06/2007,EAU,WI,AGL,CE,Federal Contract Tower,0,9,42,1,52,0,0,1,1,2,0,9,43,2,54,2,0,2,56
12/07/2007,EAU,WI,AGL,CE,Federal Contract Tower,0,10,15,1,26,0,3,32,0,35,0,13,47,1,61,69,0,69,130
12/08/2007,EAU,WI,AGL,CE,Federal Contract Tower,0,10,11,0,21,0,0,4,0,4,0,10,15,0,25,14,0,14,39
12/09/2007,EAU,WI,AGL,CE,Federal Contract Tower,0,8,4,0,12,0,1,14,0,15,0,9,18,0,27,32,0,32,59
12/10/2007,EAU,WI,AGL,CE,Federal Contract Tower,0,10,35,2,47,0,8,27,0,35,0,18,62,2,82,20,0,20,102
12/11/2007,EAU,WI,AGL,CE,Federal Contract Tower,0,11,33,0,44,0,9,19,1,29,0,20,52,1,73,28,6,34,107
12/12/2007,EAU,WI,AGL,CE,Federal Contract Tower,0,12,38,0,50,0,0,42,2,44,0,12,80,2,94,10,0,10,104
12/13/2007,EAU,WI,AGL,CE,Federal Contract Tower,0,9,41,0,50,0,4,11,0,15,0,13,52,0,65,20,0,20,85
12/14/2007,EAU,WI,AGL,CE,Federal Contract Tower,0,9,22,0,31,0,16,26,0,42,0,25,48,0,73,14,0,14,87
12/15/2007,EAU,WI,AGL,CE,Federal Contract Tower,0,9,3,0,12,0,3,17,0,20,0,12,20,0,32,32,0,32,64
12/16/2007,EAU,WI,AGL,CE,Federal Contract Tower,0,8,7,0,15,0,5,5,0,10,0,13,12,0,25,6,0,6,31
12/17/2007,EAU,WI,AGL,CE,Federal Contract Tower,0,10,46,0,56,0,0,39,0,39,0,10,85,0,95,8,0,8,103
12/18/2007,EAU,WI,AGL,CE,Federal Contract Tower,0,12,44,0,56,0,5,9,0,14,0,17,53,0,70,16,0,16,86
12/19/2007,EAU,WI,AGL,CE,Federal Contract Tower,0,18,51,0,69,0,8,6,0,14,0,26,57,0,83,0,0,0,83
12/20/2007,EAU,WI,AGL,CE,Federal Contract Tower,0,14,47,0,61,0,5,15,0,20,0,19,62,0,81,50,0,50,131
12/21/2007,EAU,WI,AGL,CE,Federal Contract Tower,0,13,15,0,28,0,0,0,0,0,0,13,15,0,28,0,0,0,28
12/22/2007,EAU,WI,AGL,CE,Federal Contract Tower,0,7,0,0,7,0,0,0,0,0,0,7,0,0,7,0,0,0,7
12/23/2007,EAU,WI,AGL,CE,Federal Contract Tower,0,2,0,0,2,0,0,0,0,0,0,2,0,0,2,0,0,0,2
12/24/2007,EAU,WI,AGL,CE,Federal Contract Tower,0,12,3,0,15,0,18,16,0,34,0,30,19,0,49,16,0,16,65
12/25/2007,EAU,WI,AGL,CE,Federal Contract Tower,0,4,0,0,4,0,0,1,0,1,0,4,1,0,5,0,0,0,5
12/26/2007,EAU,WI,AGL,CE,Federal Contract Tower,0,6,19,0,25,0,0,0,0,0,0,6,19,0,25,0,0,0,25
12/27/2007,EAU,WI,AGL,CE,Federal Contract Tower,0,8,23,0,31,0,1,7,0,8,0,9,30,0,39,10,0,10,49
12/28/2007,EAU,WI,AGL,CE,Federal Contract Tower,2,9,11,0,22,0,0,0,0,0,2,9,11,0,22,0,0,0,22
12/29/2007,EAU,WI,AGL,CE,Federal Contract Tower,0,10,4,0,14,0,0,0,0,0,0,10,4,0,14,0,0,0,14
12/30/2007,EAU,WI,AGL,CE,Federal Contract Tower,0,9,8,0,17,0,5,0,0,5,0,14,8,0,22,0,0,0,22
12/31/2007,EAU,WI,AGL,CE,Federal Contract Tower,0,10,3,0,13,0,4,0,0,4,0,14,3,0,17,0,0,0,17
01/01/2008,EAU,WI,AGL,CE,Federal Contract Tower,2,9,3,0,14,0,16,5,0,21,2,25,8,0,35,22,0,22,57
01/02/2008,EAU,WI,AGL,CE,Federal Contract Tower,0,9,33,0,42,0,4,26,0,30,0,13,59,0,72,46,0,46,118
01/03/2008,EAU,WI,AGL,CE,Federal Contract Tower,0,10,37,0,47,0,12,15,0,27,0,22,52,0,74,12,0,12,86
01/04/2008,EAU,WI,AGL,CE,Federal Contract Tower,0,10,28,0,38,0,4,48,0,52,0,14,76,0,90,74,0,74,164
01/05/2008,EAU,WI,AGL,CE,Federal Contract Tower,0,10,7,0,17,0,3,0,0,3,0,13,7,0,20,0,0,0,20
01/06/2008,EAU,WI,AGL,CE,Federal Contract Tower,0,4,9,0,13,0,0,0,0,0,0,4,9,0,13,0,0,0,13
01/07/2008,EAU,WI,AGL,CE,Federal Contract Tower,0,10,42,0,52,0,0,0,0,0,0,10,42,0,52,0,0,0,52
01/08/2008,EAU,WI,AGL,CE,Federal Contract Tower,0,7,28,0,35,0,0,0,0,0,0,7,28,0,35,0,0,0,35
01/09/2008,EAU,WI,AGL,CE,Federal Contract Tower,0,9,45,0,54,0,5,28,1,34,0,14,73,1,88,36,8,44,132
01/10/2008,EAU,WI,AGL,CE,Federal Contract Tower,0,10,36,0,46,0,6,9,0,15,0,16,45,0,61,18,0,18,79
01/11/2008,EAU,WI,AGL,CE,Federal Contract Tower,0,7,39,0,46,0,6,6,0,12,0,13,45,0,58,6,0,6,64
01/12/2008,EAU,WI,AGL,CE,Federal Contract Tower,0,8,9,0,17,0,0,7,0,7,0,8,16,0,24,12,0,12,36
01/13/2008,EAU,WI,AGL,CE,Federal Contract Tower,0,8,7,0,15,0,4,14,0,18,0,12,21,0,33,2,0,2,35
01/14/2008,EAU,WI,AGL,CE,Federal Contract Tower,0,10,31,0,41,0,0,16,0,16,0,10,47,0,57,8,0,8,65
01/15/2008,EAU,WI,AGL,CE,Federal Contract Tower,0,17,45,0,62,0,7,40,0,47,0,24,85,0,109,28,0,28,137
01/16/2008,EAU,WI,AGL,CE,Federal Contract Tower,0,9,42,2,53,0,6,0,0,6,0,15,42,2,59,4,2,6,65
01/17/2008,EAU,WI,AGL,CE,Federal Contract Tower,0,9,27,0,36,0,2,2,0,4,0,11,29,0,40,0,0,0,40
01/18/2008,EAU,WI,AGL,CE,Federal Contract Tower,0,12,10,0,22,0,4,11,3,18,0,16,21,3,40,8,0,8,48
01/19/2008,EAU,WI,AGL,CE,Federal Contract Tower,0,9,7,0,16,0,7,4,0,11,0,16,11,0,27,8,0,8,35
01/20/2008,EAU,WI,AGL,CE,Federal Contract Tower,0,3,3,0,6,0,3,10,0,13,0,6,13,0,19,0,0,0,19
01/21/2008,EAU,WI,AGL,CE,Federal Contract Tower,0,7,36,0,43,0,0,0,0,0,0,7,36,0,43,0,0,0,43
01/22/2008,EAU,WI,AGL,CE,Federal Contract Tower,0,5,46,0,51,0,3,2,0,5,0,8,48,0,56,6,0,6,62
01/23/2008,EAU,WI,AGL,CE,Federal Contract Tower,0,11,32,0,43,0,16,15,0,31,0,27,47,0,74,20,0,20,94
01/24/2008,EAU,WI,AGL,CE,Federal Contract Tower,0,8,36,0,44,0,14,7,0,21,0,22,43,0,65,0,0,0,65
01/25/2008,EAU,WI,AGL,CE,Federal Contract Tower,2,10,18,1,31,0,9,3,3,15,2,19,21,4,46,0,8,8,54
01/26/2008,EAU,WI,AGL,CE,Federal Contract Tower,0,8,11,0,19,0,14,2,0,16,0,22,13,0,35,0,0,0,35
01/27/2008,EAU,WI,AGL,CE,Federal Contract Tower,0,10,11,0,21,0,3,87,0,90,0,13,98,0,111,22,0,22,133
01/28/2008,EAU,WI,AGL,CE,Federal Contract Tower,0,9,35,0,44,0,4,0,0,4,0,13,35,0,48,0,0,0,48
01/29/2008,EAU,WI,AGL,CE,Federal Contract Tower,0,5,8,0,13,0,0,0,0,0,0,5,8,0,13,0,0,0,13
01/30/2008,EAU,WI,AGL,CE,Federal Contract Tower,0,6,35,0,41,0,13,6,0,19,0,19,41,0,60,0,0,0,60
01/31/2008,EAU,WI,AGL,CE,Federal Contract Tower,2,10,29,0,41,0,5,13,0,18,2,15,42,0,59,6,0,6,65
02/01/2008,EAU,WI,AGL,CE,Federal Contract Tower,0,12,17,0,29,0,6,21,0,27,0,18,38,0,56,44,0,44,100
02/02/2008,EAU,WI,AGL,CE,Federal Contract Tower,0,8,10,0,18,0,0,1,0,1,0,8,11,0,19,12,0,12,31
02/03/2008,EAU,WI,AGL,CE,Federal Contract Tower,0,8,6,0,14,0,0,12,0,12,0,8,18,0,26,16,0,16,42
02/04/2008,EAU,WI,AGL,CE,Federal Contract Tower,0,5,4,0,9,0,0,0,0,0,0,5,4,0,9,0,0,0,9
02/05/2008,EAU,WI,AGL,CE,Federal Contract Tower,0,7,27,0,34,0,16,3,0,19,0,23,30,0,53,0,0,0,53
02/06/2008,EAU,WI,AGL,CE,Federal Contract Tower,0,7,33,3,43,0,5,27,1,33,0,12,60,4,76,26,6,32,108
02/07/2008,EAU,WI,AGL,CE,Federal Contract Tower,0,8,39,0,47,0,0,12,0,12,0,8,51,0,59,10,0,10,69
02/08/2008,EAU,WI,AGL,CE,Federal Contract Tower,0,15,31,0,46,0,2,0,0,2,0,17,31,0,48,0,0,0,48
02/09/2008,EAU,WI,AGL,CE,Federal Contract Tower,0,8,10,0,18,0,0,0,0,0,0,8,10,0,18,0,0,0,18
02/10/2008,EAU,WI,AGL,CE,Federal Contract Tower,0,5,6,0,11,0,3,10,0,13,0,8,16,0,24,0,0,0,24
02/11/2008,EAU,WI,AGL,CE,Federal Contract Tower,0,8,15,0,23,0,5,6,2,13,0,13,21,2,36,0,6,6,42
02/12/2008,EAU,WI,AGL,CE,Federal Contract Tower,0,9,46,0,55,0,14,9,0,23,0,23,55,0,78,10,0,10,88
02/13/2008,EAU,WI,AGL,CE,Federal Contract Tower,0,15,52,3,70,0,7,9,2,18,0,22,61,5,88,16,6,22,110
02/14/2008,EAU,WI,AGL,CE,Federal Contract Tower,0,18,38,0,56,0,4,11,0,15,0,22,49,0,71,0,0,0,71
02/15/2008,EAU,WI,AGL,CE,Federal Contract Tower,0,9,20,2,31,0,0,19,2,21,0,9,39,4,52,6,0,6,58
02/16/2008,EAU,WI,AGL,CE,Federal Contract Tower,2,11,12,0,25,0,6,55,4,65,2,17,67,4,90,22,0,22,112
02/17/2008,EAU,WI,AGL,CE,Federal Contract Tower,0,12,5,0,17,0,4,0,0,4,0,16,5,0,21,0,0,0,21
02/18/2008,EAU,WI,AGL,CE,Federal Contract Tower,0,12,26,0,38,0,0,2,0,2,0,12,28,0,40,0,0,0,40
02/19/2008,EAU,WI,AGL,CE,Federal Contract Tower,0,8,14,0,22,0,3,13,0,16,0,11,27,0,38,2,0,2,40
02/20/2008,EAU,WI,AGL,CE,Federal Contract Tower,0,12,13,0,25,0,9,15,0,24,0,21,28,0,49,16,0,16,65
02/21/2008,EAU,WI,AGL,CE,Federal Contract Tower,0,12,20,0,32,0,7,17,4,28,0,19,37,4,60,30,2,32,92
02/22/2008,EAU,WI,AGL,CE,Federal Contract Tower,0,14,16,0,30,0,7,36,1,44,0,21,52,1,74,28,0,28,102
02/23/2008,EAU,WI,AGL,CE,Federal Contract Tower,0,10,13,0,23,0,15,67,11,93,0,25,80,11,116,27,8,35,151
02/24/2008,EAU,WI,AGL,CE,Federal Contract Tower,0,13,14,0,27,0,0,43,6,49,0,13,57,6,76,32,4,36,112
02/25/2008,EAU,WI,AGL,CE,Federal Contract Tower,0,14,34,0,48,0,0,5,0,5,0,14,39,0,53,4,0,4,57
02/26/2008,EAU,WI,AGL,CE,Federal Contract Tower,0,12,31,0,43,0,5,20,0,25,0,17,51,0,68,6,0,6,74
02/27/2008,EAU,WI,AGL,CE,Federal Contract Tower,0,13,46,0,59,0,4,46,0,50,0,17,92,0,109,36,0,36,145
02/28/2008,EAU,WI,AGL,CE,Federal Contract Tower,0,8,31,0,39,0,2,6,0,8,0,10,37,0,47,8,0,8,55
02/29/2008,EAU,WI,AGL,CE,Federal Contract Tower,0,12,26,0,38,0,6,22,0,28,0,18,48,0,66,22,0,22,88
03/01/2008,EAU,WI,AGL,CE,Federal Contract Tower,0,10,18,0,28,0,4,45,2,51,0,14,63,2,79,22,0,22,101
03/02/2008,EAU,WI,AGL,CE,Federal Contract Tower,0,9,6,0,15,0,4,3,2,9,0,13,9,2,24,10,0,10,34
03/03/2008,EAU,WI,AGL,CE,Federal Contract Tower,2,14,24,0,40,0,1,11,4,16,2,15,35,4,56,8,0,8,64
03/04/2008,EAU,WI,AGL,CE,Federal Contract Tower,0,13,33,0,46,0,10,42,1,53,0,23,75,1,99,58,8,66,165
03/05/2008,EAU,WI,AGL,CE,Federal Contract Tower,0,13,30,0,43,0,7,0,0,7,0,20,30,0,50,0,0,0,50
03/06/2008,EAU,WI,AGL,CE,Federal Contract Tower,2,14,34,0,50,0,0,37,2,39,2,14,71,2,89,22,4,26,115
03/07/2008,EAU,WI,AGL,CE,Federal Contract Tower,0,16,13,0,29,0,3,30,0,33,0,19,43,0,62,34,0,34,96
03/08/2008,EAU,WI,AGL,CE,Federal Contract Tower,0,11,11,0,22,0,5,11,4,20,0,16,22,4,42,4,0,4,46
03/09/2008,EAU,WI,AGL,CE,Federal Contract Tower,0,14,10,0,24,0,6,31,4,41,0,20,41,4,65,12,0,12,77
03/10/2008,EAU,WI,AGL,CE,Federal Contract Tower,0,12,32,0,44,0,5,20,2,27,0,17,52,2,71,12,0,12,83
03/11/2008,EAU,WI,AGL,CE,Federal Contract Tower,0,10,42,2,54,0,6,44,0,50,0,16,86,2,104,28,0,28,132
03/12/2008,EAU,WI,AGL,CE,Federal Contract Tower,0,12,37,0,49,0,2,16,0,18,0,14,53,0,67,6,0,6,73
03/13/2008,EAU,WI,AGL,CE,Federal Contract Tower,0,13,44,0,57,0,1,35,3,39,0,14,79,3,96,8,6,14,110
03/14/2008,EAU,WI,AGL,CE,Federal Contract Tower,0,14,14,0,28,0,3,34,1,38,0,17,48,1,66,2,0,2,68
03/15/2008,EAU,WI,AGL,CE,Federal Contract Tower,0,10,9,0,19,0,5,82,3,90,0,15,91,3,109,40,6,46,155
03/16/2008,EAU,WI,AGL,CE,Federal Contract Tower,0,12,15,0,27,0,0,55,0,55,0,12,70,0,82,30,0,30,112
03/17/2008,EAU,WI,AGL,CE,Federal Contract Tower,0,13,18,0,31,0,0,0,0,0,0,13,18,0,31,0,0,0,31
03/18/2008,EAU,WI,AGL,CE,Federal Contract Tower,0,15,31,4,50,0,1,0,0,1,0,16,31,4,51,0,6,6,57
03/19/2008,EAU,WI,AGL,CE,Federal Contract Tower,0,14,42,2,58,0,10,39,5,54,0,24,81,7,112,32,14,46,158
03/20/2008,EAU,WI,AGL,CE,Federal Contract Tower,0,13,37,0,50,0,13,33,3,49,0,26,70,3,99,12,0,12,111
03/21/2008,EAU,WI,AGL,CE,Federal Contract Tower,0,8,15,0,23,0,0,0,0,0,0,8,15,0,23,0,0,0,23
03/22/2008,EAU,WI,AGL,CE,Federal Contract Tower,0,9,9,1,19,0,2,12,5,19,0,11,21,6,38,14,12,26,64
03/23/2008,EAU,WI,AGL,CE,Federal Contract Tower,0,12,2,0,14,0,4,10,0,14,0,16,12,0,28,0,0,0,28
03/24/2008,EAU,WI,AGL,CE,Federal Contract Tower,0,12,22,0,34,0,2,17,0,19,0,14,39,0,53,14,0,14,67
03/25/2008,EAU,WI,AGL,CE,Federal Contract Tower,0,12,17,0,29,0,0,5,0,5,0,12,22,0,34,4,0,4,38
03/26/2008,EAU,WI,AGL,CE,Federal Contract Tower,0,13,24,0,37,0,0,40,4,44,0,13,64,4,81,28,0,28,109
03/27/2008,EAU,WI,AGL,CE,Federal Contract Tower,0,12,30,0,42,0,5,6,0,11,0,17,36,0,53,4,0,4,57
03/28/2008,EAU,WI,AGL,CE,Federal Contract Tower,0,10,21,0,31,0,6,74,3,83,0,16,95,3,114,76,0,76,190
03/29/2008,EAU,WI,AGL,CE,Federal Contract Tower,0,9,9,0,18,0,9,48,7,64,0,18,57,7,82,6,0,6,88
03/30/2008,EAU,WI,AGL,CE,Federal Contract Tower,0,12,21,0,33,0,8,25,2,35,0,20,46,2,68,72,0,72,140
03/31/2008,EAU,WI,AGL,CE,Federal Contract Tower,2,7,15,0,24,0,1,0,0,1,2,8,15,0,25,0,0,0,25
04/01/2008,EAU,WI,AGL,CE,Federal Contract Tower,0,14,43,0,57,0,10,7,0,17,0,24,50,0,74,0,0,0,74
04/02/2008,EAU,WI,AGL,CE,Federal Contract Tower,0,15,37,0,52,0,6,27,5,38,0,21,64,5,90,10,0,10,100
04/03/2008,EAU,WI,AGL,CE,Federal Contract Tower,0,12,33,2,47,0,4,28,2,34,0,16,61,4,81,6,0,6,87
04/04/2008,EAU,WI,AGL,CE,Federal Contract Tower,2,12,19,0,33,0,4,52,0,56,2,16,71,0,89,40,2,42,131
04/05/2008,EAU,WI,AGL,CE,Federal Contract Tower,0,10,17,0,27,0,11,70,2,83,0,21,87,2,110,18,0,18,128
04/06/2008,EAU,WI,AGL,CE,Federal Contract Tower,0,14,14,0,28,0,0,10,0,10,0,14,24,0,38,6,0,6,44
04/07/2008,EAU,WI,AGL,CE,Federal Contract Tower,0,11,19,0,30,0,0,1,0,1,0,11,20,0,31,0,0,0,31
04/08/2008,EAU,WI,AGL,CE,Federal Contract Tower,0,9,39,0,48,0,10,5,0,15,0,19,44,0,63,2,0,2,65
04/09/2008,EAU,WI,AGL,CE,Federal Contract Tower,0,11,30,0,41,0,6,17,0,23,0,17,47,0,64,22,0,22,86
04/10/2008,EAU,WI,AGL,CE,Federal Contract Tower,0,9,24,0,33,0,4,6,0,10,0,13,30,0,43,0,0,0,43
04/11/2008,EAU,WI,AGL,CE,Federal Contract Tower,0,12,18,0,30,0,0,0,0,0,0,12,18,0,30,0,0,0,30
04/12/2008,EAU,WI,AGL,CE,Federal Contract Tower,0,10,16,0,26,0,7,3,0,10,0,17,19,0,36,0,0,0,36
04/13/2008,EAU,WI,AGL,CE,Federal Contract Tower,0,9,8,0,17,0,4,50,0,54,0,13,58,0,71,26,0,26,97
04/14/2008,EAU,WI,AGL,CE,Federal Contract Tower,0,12,21,0,33,0,17,54,0,71,0,29,75,0,104,98,0,98,202
04/15/2008,EAU,WI,AGL,CE,Federal Contract Tower,0,14,20,2,36,0,15,16,2,33,0,29,36,4,69,2,0,2,71
04/16/2008,EAU,WI,AGL,CE,Federal Contract Tower,0,10,19,0,29,0,9,7,0,16,0,19,26,0,45,2,0,2,47
04/17/2008,EAU,WI,AGL,CE,Federal Contract Tower,0,10,32,0,42,0,14,20,2,36,0,24,52,2,78,2,0,2,80
04/18/2008,EAU,WI,AGL,CE,Federal Contract Tower,0,10,28,0,38,0,3,2,0,5,0,13,30,0,43,0,0,0,43
04/19/2008,EAU,WI,AGL,CE,Federal Contract Tower,0,9,24,0,33,0,6,8,0,14,0,15,32,0,47,8,0,8,55
04/20/2008,EAU,WI,AGL,CE,Federal Contract Tower,0,12,15,0,27,0,4,66,0,70,0,16,81,0,97,48,0,48,145
04/21/2008,EAU,WI,AGL,CE,Federal Contract Tower,0,11,18,0,29,0,7,14,2,23,0,18,32,2,52,14,6,20,72
04/22/2008,EAU,WI,AGL,CE,Federal Contract Tower,0,13,27,0,40,0,4,18,0,22,0,17,45,0,62,26,0,26,88
04/23/2008,EAU,WI,AGL,CE,Federal Contract Tower,0,11,21,0,32,0,6,24,3,33,0,17,45,3,65,30,0,30,95
04/24/2008,EAU,WI,AGL,CE,Federal Contract Tower,0,9,30,0,39,0,2,1,0,3,0,11,31,0,42,0,0,0,42
04/25/2008,EAU,WI,AGL,CE,Federal Contract Tower,0,9,22,0,31,0,1,4,0,5,0,10,26,0,36,0,0,0,36
04/26/2008,EAU,WI,AGL,CE,Federal Contract Tower,0,11,9,0,20,0,4,2,0,6,0,15,11,0,26,0,0,0,26
04/27/2008,EAU,WI,AGL,CE,Federal Contract Tower,0,9,14,0,23,0,8,65,0,73,0,17,79,0,96,64,0,64,160
04/28/2008,EAU,WI,AGL,CE,Federal Contract Tower,0,11,23,0,34,0,1,5,0,6,0,12,28,0,40,4,0,4,44
04/29/2008,EAU,WI,AGL,CE,Federal Contract Tower,0,11,29,4,44,0,9,56,0,65,0,20,85,4,109,40,0,40,149
04/30/2008,EAU,WI,AGL,CE,Federal Contract Tower,0,11,31,0,42,0,17,28,0,45,0,28,59,0,87,20,0,20,107
05/01/2008,EAU,WI,AGL,CE,Federal Contract Tower,0,14,31,0,45,0,2,10,0,12,0,16,41,0,57,20,0,20,77
05/02/2008,EAU,WI,AGL,CE,Federal Contract Tower,4,11,21,0,36,0,0,0,0,0,4,11,21,0,36,0,0,0,36
05/03/2008,EAU,WI,AGL,CE,Federal Contract Tower,0,11,12,2,25,0,4,15,0,19,0,15,27,2,44,14,0,14,58
05/04/2008,EAU,WI,AGL,CE,Federal Contract Tower,0,12,15,0,27,0,9,74,5,88,0,21,89,5,115,38,0,38,153
05/05/2008,EAU,WI,AGL,CE,Federal Contract Tower,2,11,24,0,37,0,12,37,0,49,2,23,61,0,86,24,0,24,110
05/06/2008,EAU,WI,AGL,CE,Federal Contract Tower,0,10,29,1,40,0,5,26,2,33,0,15,55,3,73,30,0,30,103
05/07/2008,EAU,WI,AGL,CE,Federal Contract Tower,0,13,28,0,41,0,2,22,0,24,0,15,50,0,65,40,0,40,105
05/08/2008,EAU,WI,AGL,CE,Federal Contract Tower,0,13,23,0,36,0,7,41,0,48,0,20,64,0,84,28,0,28,112
05/09/2008,EAU,WI,AGL,CE,Federal Contract Tower,0,11,24,0,35,0,4,46,0,50,0,15,70,0,85,34,0,34,119
05/10/2008,EAU,WI,AGL,CE,Federal Contract Tower,0,11,11,2,24,0,3,32,2,37,0,14,43,4,61,12,0,12,73
05/11/2008,EAU,WI,AGL,CE,Federal Contract Tower,0,10,11,0,21,0,2,4,0,6,0,12,15,0,27,0,0,0,27
05/12/2008,EAU,WI,AGL,CE,Federal Contract Tower,0,11,23,0,34,0,6,40,0,46,0,17,63,0,80,26,0,26,106
05/13/2008,EAU,WI,AGL,CE,Federal Contract Tower,0,10,25,0,35,0,6,16,2,24,0,16,41,2,59,45,0,45,104
05/14/2008,EAU,WI,AGL,CE,Federal Contract Tower,0,15,29,0,44,0,12,47,0,59,0,27,76,0,103,8,0,8,111
05/15/2008,EAU,WI,AGL,CE,Federal Contract Tower,0,13,20,0,33,0,3,30,0,33,0,16,50,0,66,18,0,18,84
05/16/2008,EAU,WI,AGL,CE,Federal Contract Tower,0,11,19,1,31,0,4,26,1,31,0,15,45,2,62,12,2,14,76
05/17/2008,EAU,WI,AGL,CE,Federal Contract Tower,0,12,10,0,22,0,9,27,0,36,0,21,37,0,58,0,0,0,58
05/18/2008,EAU,WI,AGL,CE,Federal Contract Tower,0,10,12,1,23,0,6,59,4,69,0,16,71,5,92,16,0,16,108
05/19/2008,EAU,WI,AGL,CE,Federal Contract Tower,0,12,22,1,35,0,9,33,2,44,0,21,55,3,79,8,0,8,87
05/20/2008,EAU,WI,AGL,CE,Federal Contract Tower,0,16,23,0,39,0,11,25,0,36,0,27,48,0,75,34,0,34,109
05/21/2008,EAU,WI,AGL,CE,Federal Contract Tower,0,12,24,0,36,0,6,55,3,64,0,18,79,3,100,14,0,14,114
05/22/2008,EAU,WI,AGL,CE,Federal Contract Tower,0,13,25,0,38,0,5,56,4,65,0,18,81,4,103,36,6,42,145
05/23/2008,EAU,WI,AGL,CE,Federal Contract Tower,0,13,23,0,36,0,1,32,5,38,0,14,55,5,74,8,10,18,92
05/24/2008,EAU,WI,AGL,CE,Federal Contract Tower,0,9,9,0,18,0,12,97,0,109,0,21,106,0,127,30,0,30,157
05/25/2008,EAU,WI,AGL,CE,Federal Contract Tower,0,9,8,0,17,0,4,25,4,33,0,13,33,4,50,8,0,8,58
05/26/2008,EAU,WI,AGL,CE,Federal Contract Tower,0,12,12,0,24,0,6,32,0,38,0,18,44,0,62,22,0,22,84
05/27/2008,EAU,WI,AGL,CE,Federal Contract Tower,0,13,21,0,34,0,7,20,2,29,0,20,41,2,63,4,2,6,69
05/28/2008,EAU,WI,AGL,CE,Federal Contract Tower,0,12,32,0,44,0,9,48,5,62,0,21,80,5,106,26,0,26,132
05/29/2008,EAU,WI,AGL,CE,Federal Contract Tower,0,13,26,0,39,0,6,17,4,27,0,19,43,4,66,16,18,34,100
05/30/2008,EAU,WI,AGL,CE,Federal Contract Tower,0,10,31,0,41,0,5,4,0,9,0,15,35,0,50,4,0,4,54
05/31/2008,EAU,WI,AGL,CE,Federal Contract Tower,0,11,11,1,23,0,6,28,4,38,0,17,39,5,61,8,4,12,73
06/01/2008,EAU,WI,AGL,CE,Federal Contract Tower,0,12,13,0,25,0,0,65,4,69,0,12,78,4,94,22,0,22,116
06/02/2008,EAU,WI,AGL,CE,Federal Contract Tower,0,12,29,0,41,0,4,30,0,34,0,16,59,0,75,22,0,22,97
06/03/2008,EAU,WI,AGL,CE,Federal Contract Tower,0,13,25,0,38,0,12,29,0,41,0,25,54,0,79,0,0,0,79
06/04/2008,EAU,WI,AGL,CE,Federal Contract Tower,0,12,32,0,44,0,3,12,0,15,0,15,44,0,59,26,0,26,85
06/05/2008,EAU,WI,AGL,CE,Federal Contract Tower,0,13,25,0,38,0,5,2,0,7,0,18,27,0,45,0,0,0,45
06/06/2008,EAU,WI,AGL,CE,Federal Contract Tower,2,9,28,0,39,0,4,8,0,12,2,13,36,0,51,0,0,0,51
06/07/2008,EAU,WI,AGL,CE,Federal Contract Tower,0,11,11,1,23,0,5,22,3,30,0,16,33,4,53,10,0,10,63
06/08/2008,EAU,WI,AGL,CE,Federal Contract Tower,0,12,2,0,14,0,4,3,0,7,0,16,5,0,21,0,0,0,21
06/09/2008,EAU,WI,AGL,CE,Federal Contract Tower,2,9,24,0,35,0,1,59,5,65,2,10,83,5,100,34,6,40,140
06/10/2008,EAU,WI,AGL,CE,Federal Contract Tower,0,11,24,0,35,0,2,43,2,47,0,13,67,2,82,20,0,20,102
06/11/2008,EAU,WI,AGL,CE,Federal Contract Tower,0,8,27,0,35,0,0,11,0,11,0,8,38,0,46,16,0,16,62
06/12/2008,EAU,WI,AGL,CE,Federal Contract Tower,0,9,26,0,35,0,5,13,0,18,0,14,39,0,53,44,0,44,97
06/13/2008,EAU,WI,AGL,CE,Federal Contract Tower,1,10,24,0,35,0,2,28,3,33,1,12,52,3,68,12,0,12,80
06/14/2008,EAU,WI,AGL,CE,Federal Contract Tower,2,9,9,0,20,0,11,80,0,91,2,20,89,0,111,14,0,14,125
06/15/2008,EAU,WI,AGL,CE,Federal Contract Tower,0,8,13,0,21,0,6,44,0,50,0,14,57,0,71,34,0,34,105
06/16/2008,EAU,WI,AGL,CE,Federal Contract Tower,0,9,25,0,34,0,1,48,1,50,0,10,73,1,84,24,0,24,108
06/17/2008,EAU,WI,AGL,CE,Federal Contract Tower,0,10,21,0,31,0,0,66,2,68,0,10,87,2,99,14,0,14,113
06/18/2008,EAU,WI,AGL,CE,Federal Contract Tower,2,14,26,0,42,0,1,45,2,48,2,15,71,2,90,60,0,60,150
06/19/2008,EAU,WI,AGL,CE,Federal Contract Tower,0,9,32,0,41,0,3,60,2,65,0,12,92,2,106,44,0,44,150
06/20/2008,EAU,WI,AGL,CE,Federal Contract Tower,0,9,25,0,34,0,6,67,0,73,0,15,92,0,107,58,0,58,165
06/21/2008,EAU,WI,AGL,CE,Federal Contract Tower,0,9,11,0,20,0,6,63,4,73,0,15,74,4,93,26,0,26,119
06/22/2008,EAU,WI,AGL,CE,Federal Contract Tower,0,11,3,0,14,0,1,24,2,27,0,12,27,2,41,24,0,24,65
06/23/2008,EAU,WI,AGL,CE,Federal Contract Tower,0,9,17,0,26,0,5,44,0,49,0,14,61,0,75,4,0,4,79
06/24/2008,EAU,WI,AGL,CE,Federal Contract Tower,0,9,33,0,42,0,6,55,2,63,0,15,88,2,105,73,0,73,178
06/25/2008,EAU,WI,AGL,CE,Federal Contract Tower,0,11,19,0,30,0,12,66,0,78,0,23,85,0,108,114,0,114,222
06/26/2008,EAU,WI,AGL,CE,Federal Contract Tower,0,9,17,0,26,0,6,56,2,64,0,15,73,2,90,114,10,124,214
06/27/2008,EAU,WI,AGL,CE,Federal Contract Tower,0,9,25,0,34,0,4,10,0,14,0,13,35,0,48,2,0,2,50
06/28/2008,EAU,WI,AGL,CE,Federal Contract Tower,0,11,12,0,23,0,2,43,0,45,0,13,55,0,68,8,0,8,76
06/29/2008,EAU,WI,AGL,CE,Federal Contract Tower,0,9,9,0,18,0,11,17,4,32,0,20,26,4,50,4,0,4,54
06/30/2008,EAU,WI,AGL,CE,Federal Contract Tower,0,6,30,0,36,0,1,49,5,55,0,7,79,5,91,26,0,26,117
07/01/2008,EAU,WI,AGL,CE,Federal Contract Tower,0,11,25,2,38,0,3,45,9,57,0,14,70,11,95,48,2,50,145
07/02/2008,EAU,WI,AGL,CE,Federal Contract Tower,0,11,31,0,42,0,0,37,0,37,0,11,68,0,79,8,0,8,87
07/03/2008,EAU,WI,AGL,CE,Federal Contract Tower,0,10,18,0,28,0,16,109,2,127,0,26,127,2,155,76,0,76,231
07/04/2008,EAU,WI,AGL,CE,Federal Contract Tower,0,8,4,0,12,0,3,39,0,42,0,11,43,0,54,20,0,20,74
07/05/2008,EAU,WI,AGL,CE,Federal Contract Tower,0,9,10,1,20,0,2,58,0,60,0,11,68,1,80,16,2,18,98
07/06/2008,EAU,WI,AGL,CE,Federal Contract Tower,0,8,8,0,16,0,13,33,2,48,0,21,41,2,64,6,0,6,70
07/07/2008,EAU,WI,AGL,CE,Federal Contract Tower,0,9,20,0,29,0,9,24,0,33,0,18,44,0,62,8,0,8,70
07/08/2008,EAU,WI,AGL,CE,Federal Contract Tower,0,9,19,3,31,0,4,25,4,33,0,13,44,7,64,10,0,10,74
07/09/2008,EAU,WI,AGL,CE,Federal Contract Tower,0,12,27,0,39,0,3,42,0,45,0,15,69,0,84,18,0,18,102
07/10/2008,EAU,WI,AGL,CE,Federal Contract Tower,0,9,23,0,32,0,5,16,3,24,0,14,39,3,56,2,0,2,58
07/11/2008,EAU,WI,AGL,CE,Federal Contract Tower,2,9,22,0,33,0,0,16,0,16,2,9,38,0,49,10,0,10,59
07/12/2008,EAU,WI,AGL,CE,Federal Contract Tower,0,9,8,0,17,0,10,49,2,61,0,19,57,2,78,32,0,32,110
07/13/2008,EAU,WI,AGL,CE,Federal Contract Tower,0,8,6,0,14,0,14,43,4,61,0,22,49,4,75,28,0,28,103
07/14/2008,EAU,WI,AGL,CE,Federal Contract Tower,0,10,25,1,36,0,12,124,3,139,0,22,149,4,175,60,0,60,235
07/15/2008,EAU,WI,AGL,CE,Federal Contract Tower,0,11,16,0,27,0,6,35,1,42,0,17,51,1,69,26,0,26,95
07/16/2008,EAU,WI,AGL,CE,Federal Contract Tower,0,11,23,0,34,0,2,15,0,17,0,13,38,0,51,6,0,6,57
07/17/2008,EAU,WI,AGL,CE,Federal Contract Tower,0,10,22,0,32,0,2,10,2,14,0,12,32,2,46,10,0,10,56
07/18/2008,EAU,WI,AGL,CE,Federal Contract Tower,0,11,30,1,42,0,11,60,1,72,0,22,90,2,114,48,0,48,162
07/19/2008,EAU,WI,AGL,CE,Federal Contract Tower,0,9,10,0,19,0,4,30,2,36,0,13,40,2,55,16,0,16,71
07/20/2008,EAU,WI,AGL,CE,Federal Contract Tower,0,9,9,1,19,0,2,13,2,17,0,11,22,3,36,10,4,14,50
07/21/2008,EAU,WI,AGL,CE,Federal Contract Tower,0,10,29,0,39,0,4,31,5,40,0,14,60,5,79,0,8,8,87
07/22/2008,EAU,WI,AGL,CE,Federal Contract Tower,2,6,16,11,35,0,0,18,2,20,2,6,34,13,55,46,14,60,115
07/23/2008,EAU,WI,AGL,CE,Federal Contract Tower,0,9,40,0,49,0,7,88,0,95,0,16,128,0,144,90,0,90,234
07/24/2008,EAU,WI,AGL,CE,Federal Contract Tower,0,8,30,0,38,0,3,40,5,48,0,11,70,5,86,20,0,20,106
07/25/2008,EAU,WI,AGL,CE,Federal Contract Tower,0,9,25,0,34,0,0,43,0,43,0,9,68,0,77,16,0,16,93
07/26/2008,EAU,WI,AGL,CE,Federal Contract Tower,0,9,15,0,24,0,7,62,0,69,0,16,77,0,93,14,0,14,107
07/27/2008,EAU,WI,AGL,CE,Federal Contract Tower,0,8,11,0,19,0,1,60,0,61,0,9,71,0,80,16,0,16,96
07/28/2008,EAU,WI,AGL,CE,Federal Contract Tower,0,14,21,0,35,0,4,35,0,39,0,18,56,0,74,24,0,24,98
07/29/2008,EAU,WI,AGL,CE,Federal Contract Tower,0,9,19,0,28,0,0,23,1,24,0,9,42,1,52,16,0,16,68
07/30/2008,EAU,WI,AGL,CE,Federal Contract Tower,0,11,18,0,29,0,3,49,3,55,0,14,67,3,84,116,0,116,200
07/31/2008,EAU,WI,AGL,CE,Federal Contract Tower,0,10,30,1,41,0,0,57,2,59,0,10,87,3,100,30,0,30,130
08/01/2008,EAU,WI,AGL,CE,Federal Contract Tower,0,9,14,0,23,0,6,20,2,28,0,15,34,2,51,6,4,10,61
08/02/2008,EAU,WI,AGL,CE,Federal Contract Tower,0,9,16,1,26,0,2,61,0,63,0,11,77,1,89,32,4,36,125
08/03/2008,EAU,WI,AGL,CE,Federal Contract Tower,0,9,14,0,23,0,6,20,2,28,0,15,34,2,51,6,4,10,61
08/04/2008,EAU,WI,AGL,CE,Federal Contract Tower,0,9,27,0,36,0,14,32,3,49,0,23,59,3,85,16,0,16,101
08/05/2008,EAU,WI,AGL,CE,Federal Contract Tower,0,11,28,1,40,0,5,37,0,42,0,16,65,1,82,42,0,42,124
08/06/2008,EAU,WI,AGL,CE,Federal Contract Tower,0,7,23,0,30,0,3,54,0,57,0,10,77,0,87,38,0,38,125
08/07/2008,EAU,WI,AGL,CE,Federal Contract Tower,0,10,33,0,43,0,9,45,0,54,0,19,78,0,97,34,0,34,131
08/08/2008,EAU,WI,AGL,CE,Federal Contract Tower,0,10,26,0,36,0,5,43,2,50,0,15,69,2,86,24,0,24,110
08/09/2008,EAU,WI,AGL,CE,Federal Contract Tower,0,10,13,0,23,0,7,37,0,44,0,17,50,0,67,10,0,10,77
08/10/2008,EAU,WI,AGL,CE,Federal Contract Tower,0,8,8,0,16,0,15,79,2,96,0,23,87,2,112,44,0,44,156
08/11/2008,EAU,WI,AGL,CE,Federal Contract Tower,0,11,24,0,35,0,22,65,1,88,0,33,89,1,123,40,0,40,163
08/12/2008,EAU,WI,AGL,CE,Federal Contract Tower,0,8,33,0,41,0,2,7,0,9,0,10,40,0,50,6,0,6,56
08/13/2008,EAU,WI,AGL,CE,Federal Contract Tower,0,17,38,0,55,0,0,15,1,16,0,17,53,1,71,4,0,4,75
08/14/2008,EAU,WI,AGL,CE,Federal Contract Tower,0,10,36,0,46,0,6,10,5,21,0,16,46,5,67,24,0,24,91
08/15/2008,EAU,WI,AGL,CE,Federal Contract Tower,0,7,23,3,33,0,0,81,1,82,0,7,104,4,115,40,0,40,155
08/16/2008,EAU,WI,AGL,CE,Federal Contract Tower,0,14,12,1,27,0,7,57,2,66,0,21,69,3,93,22,0,22,115
08/17/2008,EAU,WI,AGL,CE,Federal Contract Tower,0,8,12,0,20,0,12,29,2,43,0,20,41,2,63,16,0,16,79
08/18/2008,EAU,WI,AGL,CE,Federal Contract Tower,0,9,41,1,51,0,5,27,0,32,0,14,68,1,83,16,0,16,99
08/19/2008,EAU,WI,AGL,CE,Federal Contract Tower,0,10,33,2,45,0,11,44,4,59,0,21,77,6,104,18,0,18,122
08/20/2008,EAU,WI,AGL,CE,Federal Contract Tower,0,9,27,2,38,0,2,16,0,18,0,11,43,2,56,20,0,20,76
08/21/2008,EAU,WI,AGL,CE,Federal Contract Tower,0,10,30,0,40,0,7,35,3,45,0,17,65,3,85,28,0,28,113
08/22/2008,EAU,WI,AGL,CE,Federal Contract Tower,0,8,19,1,28,0,5,15,2,22,0,13,34,3,50,12,2,14,64
08/23/2008,EAU,WI,AGL,CE,Federal Contract Tower,0,8,14,0,22,0,8,49,0,57,0,16,63,0,79,32,0,32,111
08/24/2008,EAU,WI,AGL,CE,Federal Contract Tower,2,8,15,2,27,0,7,62,4,73,2,15,77,6,100,52,0,52,152
08/25/2008,EAU,WI,AGL,CE,Federal Contract Tower,0,14,20,0,34,0,2,43,3,48,0,16,63,3,82,24,0,24,106
08/26/2008,EAU,WI,AGL,CE,Federal Contract Tower,0,8,25,0,33,6,26,0,0,32,6,34,25,0,65,18,0,18,83
08/27/2008,EAU,WI,AGL,CE,Federal Contract Tower,0,15,24,0,39,0,2,29,4,35,0,17,53,4,74,0,0,0,74
08/28/2008,EAU,WI,AGL,CE,Federal Contract Tower,0,8,27,0,35,0,2,34,2,38,0,10,61,2,73,36,0,36,109
08/29/2008,EAU,WI,AGL,CE,Federal Contract Tower,0,9,24,0,33,0,17,69,12,98,0,26,93,12,131,84,18,102,233
08/30/2008,EAU,WI,AGL,CE,Federal Contract Tower,0,7,6,0,13,0,5,54,2,61,0,12,60,2,74,18,0,18,92
08/31/2008,EAU,WI,AGL,CE,Federal Contract Tower,0,8,4,0,12,0,12,53,2,67,0,20,57,2,79,41,0,41,120
09/01/2008,EAU,WI,AGL,CE,Federal Contract Tower,0,11,7,0,18,0,2,30,0,32,0,13,37,0,50,30,0,30,80
09/02/2008,EAU,WI,AGL,CE,Federal Contract Tower,0,9,26,0,35,0,7,22,3,32,0,16,48,3,67,0,0,0,67
09/03/2008,EAU,WI,AGL,CE,Federal Contract Tower,2,9,22,3,36,0,2,39,1,42,2,11,61,4,78,40,0,40,118
09/04/2008,EAU,WI,AGL,CE,Federal Contract Tower,0,11,31,0,42,0,3,7,7,17,0,14,38,7,59,16,2,18,77
09/05/2008,EAU,WI,AGL,CE,Federal Contract Tower,1,12,30,1,44,0,8,26,2,36,1,20,56,3,80,2,0,2,82
09/06/2008,EAU,WI,AGL,CE,Federal Contract Tower,0,9,17,0,26,0,5,30,2,37,0,14,47,2,63,18,0,18,81
09/07/2008,EAU,WI,AGL,CE,Federal Contract Tower,0,10,16,0,26,0,5,7,0,12,0,15,23,0,38,6,0,6,44
09/08/2008,EAU,WI,AGL,CE,Federal Contract Tower,0,9,21,0,30,0,7,28,0,35,0,16,49,0,65,10,0,10,75
09/09/2008,EAU,WI,AGL,CE,Federal Contract Tower,2,8,38,2,50,0,8,43,1,52,2,16,81,3,102,12,0,12,114
09/10/2008,EAU,WI,AGL,CE,Federal Contract Tower,0,11,43,8,62,0,5,28,21,54,0,16,71,29,116,12,6,18,134
09/11/2008,EAU,WI,AGL,CE,Federal Contract Tower,0,10,49,10,69,0,0,14,14,28,0,10,63,24,97,8,64,72,169
09/12/2008,EAU,WI,AGL,CE,Federal Contract Tower,1,14,16,3,34,0,3,45,27,75,1,17,61,30,109,34,58,92,201
09/13/2008,EAU,WI,AGL,CE,Federal Contract Tower,0,9,1,0,10,0,0,0,2,2,0,9,1,2,12,0,2,2,14
09/14/2008,EAU,WI,AGL,CE,Federal Contract Tower,1,9,13,10,33,0,11,95,41,147,1,20,108,51,180,101,46,147,327
09/15/2008,EAU,WI,AGL,CE,Federal Contract Tower,0,9,28,1,38,0,4,42,9,55,0,13,70,10,93,30,10,40,133
09/16/2008,EAU,WI,AGL,CE,Federal Contract Tower,0,9,25,1,35,0,1,36,0,37,0,10,61,1,72,28,0,28,100
09/17/2008,EAU,WI,AGL,CE,Federal Contract Tower,0,8,19,0,27,0,7,51,0,58,0,15,70,0,85,42,0,42,127
09/18/2008,EAU,WI,AGL,CE,Federal Contract Tower,0,11,21,0,32,0,9,39,3,51,0,20,60,3,83,30,0,30,113
09/19/2008,EAU,WI,AGL,CE,Federal Contract Tower,0,12,24,0,36,0,5,45,2,52,0,17,69,2,88,24,0,24,112
09/20/2008,EAU,WI,AGL,CE,Federal Contract Tower,0,9,14,0,23,0,7,65,3,75,0,16,79,3,98,38,4,42,140
09/21/2008,EAU,WI,AGL,CE,Federal Contract Tower,0,9,7,0,16,0,6,68,0,74,0,15,75,0,90,36,0,36,126
09/22/2008,EAU,WI,AGL,CE,Federal Contract Tower,0,11,25,0,36,0,7,19,0,26,0,18,44,0,62,38,0,38,100
09/23/2008,EAU,WI,AGL,CE,Federal Contract Tower,0,10,19,0,29,0,10,6,0,16,0,20,25,0,45,30,0,30,75
09/24/2008,EAU,WI,AGL,CE,Federal Contract Tower,0,9,24,0,33,0,4,30,0,34,0,13,54,0,67,56,0,56,123
09/25/2008,EAU,WI,AGL,CE,Federal Contract Tower,0,11,37,2,50,0,2,23,0,25,0,13,60,2,75,4,0,4,79
09/26/2008,EAU,WI,AGL,CE,Federal Contract Tower,0,12,26,0,38,0,0,43,0,43,0,12,69,0,81,58,0,58,139
09/27/2008,EAU,WI,AGL,CE,Federal Contract Tower,0,11,14,0,25,0,3,11,0,14,0,14,25,0,39,26,0,26,65
09/28/2008,EAU,WI,AGL,CE,Federal Contract Tower,0,10,23,0,33,0,5,13,0,18,0,15,36,0,51,20,0,20,71
09/29/2008,EAU,WI,AGL,CE,Federal Contract Tower,0,14,31,0,45,0,2,18,0,20,0,16,49,0,65,30,0,30,95
09/30/2008,EAU,WI,AGL,CE,Federal Contract Tower,0,9,40,0,49,0,16,42,0,58,0,25,82,0,107,54,0,54,161
10/01/2008,EAU,WI,AGL,CE,Federal Contract Tower,0,9,29,0,38,0,6,35,0,41,0,15,64,0,79,22,0,22,101
10/02/2008,EAU,WI,AGL,CE,Federal Contract Tower,0,9,23,0,32,0,6,37,0,43,0,15,60,0,75,24,0,24,99
10/03/2008,EAU,WI,AGL,CE,Federal Contract Tower,0,8,14,2,24,0,6,47,0,53,0,14,61,2,77,16,0,16,93
10/04/2008,EAU,WI,AGL,CE,Federal Contract Tower,0,11,13,0,24,0,6,176,0,182,0,17,189,0,206,50,0,50,256
10/05/2008,EAU,WI,AGL,CE,Federal Contract Tower,0,9,14,2,25,0,3,3,0,6,0,12,17,2,31,0,0,0,31
10/06/2008,EAU,WI,AGL,CE,Federal Contract Tower,0,11,23,0,34,0,5,9,0,14,0,16,32,0,48,0,0,0,48
10/07/2008,EAU,WI,AGL,CE,Federal Contract Tower,0,10,26,0,36,0,2,0,2,4,0,12,26,2,40,4,0,4,44
10/08/2008,EAU,WI,AGL,CE,Federal Contract Tower,0,10,24,0,34,0,6,27,0,33,0,16,51,0,67,8,0,8,75
10/09/2008,EAU,WI,AGL,CE,Federal Contract Tower,0,12,15,0,27,0,6,31,0,37,0,18,46,0,64,34,0,34,98
10/10/2008,EAU,WI,AGL,CE,Federal Contract Tower,0,8,17,2,27,0,2,28,0,30,0,10,45,2,57,4,2,6,63
10/11/2008,EAU,WI,AGL,CE,Federal Contract Tower,0,10,5,1,16,0,8,67,4,79,0,18,72,5,95,32,0,32,127
10/12/2008,EAU,WI,AGL,CE,Federal Contract Tower,0,8,6,0,14,0,9,19,0,28,0,17,25,0,42,10,0,10,52
10/13/2008,EAU,WI,AGL,CE,Federal Contract Tower,0,15,20,0,35,0,6,5,0,11,0,21,25,0,46,0,0,0,46
10/14/2008,EAU,WI,AGL,CE,Federal Contract Tower,0,9,19,1,29,0,7,43,2,52,0,16,62,3,81,48,0,48,129
10/15/2008,EAU,WI,AGL,CE,Federal Contract Tower,0,11,25,0,36,0,5,14,1,20,0,16,39,1,56,4,2,6,62
10/16/2008,EAU,WI,AGL,CE,Federal Contract Tower,0,11,22,1,34,0,2,69,13,84,0,13,91,14,118,34,10,44,162
10/17/2008,EAU,WI,AGL,CE,Federal Contract Tower,0,9,22,2,33,0,2,30,2,34,0,11,52,4,67,22,0,22,89
10/18/2008,EAU,WI,AGL,CE,Federal Contract Tower,2,7,11,0,20,0,3,38,0,41,2,10,49,0,61,12,0,12,73
10/19/2008,EAU,WI,AGL,CE,Federal Contract Tower,0,8,15,0,23,0,1,57,7,65,0,9,72,7,88,10,8,18,106
10/20/2008,EAU,WI,AGL,CE,Federal Contract Tower,0,9,15,0,24,0,15,27,0,42,0,24,42,0,66,10,0,10,76
10/21/2008,EAU,WI,AGL,CE,Federal Contract Tower,0,11,17,0,28,0,6,59,2,67,0,17,76,2,95,86,0,86,181
10/22/2008,EAU,WI,AGL,CE,Federal Contract Tower,2,10,26,0,38,0,12,6,4,22,2,22,32,4,60,0,0,0,60
10/23/2008,EAU,WI,AGL,CE,Federal Contract Tower,0,9,25,0,34,0,0,18,0,18,0,9,43,0,52,34,0,34,86
10/24/2008,EAU,WI,AGL,CE,Federal Contract Tower,0,7,20,0,27,0,0,0,0,0,0,7,20,0,27,0,0,0,27
10/25/2008,EAU,WI,AGL,CE,Federal Contract Tower,0,9,11,0,20,0,1,11,0,12,0,10,22,0,32,0,0,0,32
10/26/2008,EAU,WI,AGL,CE,Federal Contract Tower,0,8,12,0,20,0,0,2,0,2,0,8,14,0,22,0,0,0,22
10/27/2008,EAU,WI,AGL,CE,Federal Contract Tower,0,10,36,0,46,0,24,5,0,29,0,34,41,0,75,26,0,26,101
10/28/2008,EAU,WI,AGL,CE,Federal Contract Tower,0,11,34,0,45,0,8,42,0,50,0,19,76,0,95,52,0,52,147
10/29/2008,EAU,WI,AGL,CE,Federal Contract Tower,0,9,39,0,48,0,6,46,0,52,0,15,85,0,100,38,0,38,138
10/30/2008,EAU,WI,AGL,CE,Federal Contract Tower,0,12,40,0,52,0,2,42,0,44,0,14,82,0,96,4,0,4,100
10/31/2008,EAU,WI,AGL,CE,Federal Contract Tower,0,10,9,0,19,0,16,33,1,50,0,26,42,1,69,30,2,32,101
11/01/2008,EAU,WI,AGL,CE,Federal Contract Tower,0,9,7,0,16,0,5,89,1,95,0,14,96,1,111,38,0,38,149
11/02/2008,EAU,WI,AGL,CE,Federal Contract Tower,1,10,12,0,23,0,4,35,2,41,1,14,47,2,64,6,0,6,70
11/03/2008,EAU,WI,AGL,CE,Federal Contract Tower,0,13,34,2,49,0,5,49,6,60,0,18,83,8,109,40,0,40,149
11/04/2008,EAU,WI,AGL,CE,Federal Contract Tower,0,13,34,0,47,0,6,29,2,37,0,19,63,2,84,52,0,52,136
11/05/2008,EAU,WI,AGL,CE,Federal Contract Tower,0,9,36,0,45,0,3,16,0,19,0,12,52,0,64,10,0,10,74
11/06/2008,EAU,WI,AGL,CE,Federal Contract Tower,0,9,35,0,44,0,4,10,0,14,0,13,45,0,58,8,0,8,66
11/07/2008,EAU,WI,AGL,CE,Federal Contract Tower,0,9,12,0,21,0,4,0,0,4,0,13,12,0,25,0,0,0,25
11/08/2008,EAU,WI,AGL,CE,Federal Contract Tower,0,10,7,0,17,0,1,8,0,9,0,11,15,0,26,40,0,40,66
11/09/2008,EAU,WI,AGL,CE,Federal Contract Tower,2,9,6,0,17,0,10,24,0,34,2,19,30,0,51,66,0,66,117
11/10/2008,EAU,WI,AGL,CE,Federal Contract Tower,2,9,30,2,43,0,4,23,7,34,2,13,53,9,77,26,6,32,109
11/11/2008,EAU,WI,AGL,CE,Federal Contract Tower,0,9,37,0,46,0,7,4,0,11,0,16,41,0,57,10,0,10,67
11/12/2008,EAU,WI,AGL,CE,Federal Contract Tower,0,12,34,0,46,0,0,0,0,0,0,12,34,0,46,0,0,0,46
11/13/2008,EAU,WI,AGL,CE,Federal Contract Tower,0,8,29,0,37,0,0,0,0,0,0,8,29,0,37,0,0,0,37
11/14/2008,EAU,WI,AGL,CE,Federal Contract Tower,0,7,24,0,31,0,0,10,0,10,0,7,34,0,41,8,0,8,49
11/15/2008,EAU,WI,AGL,CE,Federal Contract Tower,0,9,3,0,12,0,16,29,0,45,0,25,32,0,57,4,0,4,61
11/16/2008,EAU,WI,AGL,CE,Federal Contract Tower,0,8,8,0,16,0,5,35,0,40,0,13,43,0,56,80,0,80,136
11/17/2008,EAU,WI,AGL,CE,Federal Contract Tower,2,7,34,0,43,0,4,7,4,15,2,11,41,4,58,20,0,20,78
11/18/2008,EAU,WI,AGL,CE,Federal Contract Tower,0,12,40,2,54,0,17,32,0,49,0,29,72,2,103,32,0,32,135
11/19/2008,EAU,WI,AGL,CE,Federal Contract Tower,0,13,33,0,46,0,6,27,0,33,0,19,60,0,79,46,0,46,125
11/20/2008,EAU,WI,AGL,CE,Federal Contract Tower,0,10,41,0,51,0,6,37,0,43,0,16,78,0,94,38,0,38,132
11/21/2008,EAU,WI,AGL,CE,Federal Contract Tower,0,8,17,0,25,0,6,31,0,37,0,14,48,0,62,46,0,46,108
11/22/2008,EAU,WI,AGL,CE,Federal Contract Tower,0,9,7,0,16,0,7,47,3,57,0,16,54,3,73,12,16,28,101
11/23/2008,EAU,WI,AGL,CE,Federal Contract Tower,0,8,5,0,13,0,5,22,2,29,0,13,27,2,42,22,0,22,64
11/24/2008,EAU,WI,AGL,CE,Federal Contract Tower,0,11,33,0,44,0,6,16,0,22,0,17,49,0,66,26,0,26,92
11/25/2008,EAU,WI,AGL,CE,Federal Contract Tower,0,18,43,0,61,0,11,62,4,77,0,29,105,4,138,64,0,64,202
11/26/2008,EAU,WI,AGL,CE,Federal Contract Tower,0,10,29,3,42,0,8,83,6,97,0,18,112,9,139,78,4,82,221
11/27/2008,EAU,WI,AGL,CE,Federal Contract Tower,0,7,6,0,13,0,4,9,0,13,0,11,15,0,26,2,0,2,28
11/28/2008,EAU,WI,AGL,CE,Federal Contract Tower,0,6,16,0,22,0,4,22,0,26,0,10,38,0,48,24,0,24,72
11/29/2008,EAU,WI,AGL,CE,Federal Contract Tower,0,10,9,0,19,0,6,49,0,55,0,16,58,0,74,0,0,0,74
11/30/2008,EAU,WI,AGL,CE,Federal Contract Tower,0,7,6,0,13,0,12,4,0,16,0,19,10,0,29,22,0,22,51
12/01/2008,EAU,WI,AGL,CE,Federal Contract Tower,0,10,37,0,47,0,7,20,0,27,0,17,57,0,74,42,0,42,116
12/02/2008,EAU,WI,AGL,CE,Federal Contract Tower,2,10,31,0,43,0,2,10,2,14,2,12,41,2,57,6,4,10,67
12/03/2008,EAU,WI,AGL,CE,Federal Contract Tower,0,9,34,2,45,0,2,18,4,24,0,11,52,6,69,6,0,6,75
12/04/2008,EAU,WI,AGL,CE,Federal Contract Tower,2,10,32,6,50,0,2,20,1,23,2,12,52,7,73,18,0,18,91
12/05/2008,EAU,WI,AGL,CE,Federal Contract Tower,0,7,17,1,25,0,10,25,5,40,0,17,42,6,65,54,20,74,139
12/06/2008,EAU,WI,AGL,CE,Federal Contract Tower,0,12,7,2,21,0,7,6,0,13,0,19,13,2,34,0,0,0,34
12/07/2008,EAU,WI,AGL,CE,Federal Contract Tower,0,5,16,0,21,0,1,15,2,18,0,6,31,2,39,0,0,0,39
12/08/2008,EAU,WI,AGL,CE,Federal Contract Tower,2,10,34,0,46,0,0,10,0,10,2,10,44,0,56,46,0,46,102
12/09/2008,EAU,WI,AGL,CE,Federal Contract Tower,0,9,25,0,34,0,0,2,0,2,0,9,27,0,36,6,0,6,42
12/10/2008,EAU,WI,AGL,CE,Federal Contract Tower,1,11,39,0,51,0,5,14,2,21,1,16,53,2,72,26,0,26,98
12/11/2008,EAU,WI,AGL,CE,Federal Contract Tower,1,9,43,4,57,0,1,28,6,35,1,10,71,10,92,22,8,30,122
12/12/2008,EAU,WI,AGL,CE,Federal Contract Tower,0,10,40,6,56,0,0,18,4,22,0,10,58,10,78,64,0,64,142
12/13/2008,EAU,WI,AGL,CE,Federal Contract Tower,0,7,9,0,16,0,4,23,10,37,0,11,32,10,53,36,0,36,89
12/14/2008,EAU,WI,AGL,CE,Federal Contract Tower,1,6,4,0,11,0,0,0,0,0,1,6,4,0,11,0,0,0,11
12/15/2008,EAU,WI,AGL,CE,Federal Contract Tower,2,3,34,0,39,0,4,6,0,10,2,7,40,0,49,0,0,0,49
12/16/2008,EAU,WI,AGL,CE,Federal Contract Tower,0,11,36,2,49,0,0,5,0,5,0,11,41,2,54,0,2,2,56
12/17/2008,EAU,WI,AGL,CE,Federal Contract Tower,0,9,38,0,47,0,3,34,3,40,0,12,72,3,87,6,0,6,93
12/18/2008,EAU,WI,AGL,CE,Federal Contract Tower,0,13,38,0,51,0,2,20,0,22,0,15,58,0,73,14,0,14,87
12/19/2008,EAU,WI,AGL,CE,Federal Contract Tower,0,11,22,0,33,0,3,4,0,7,0,14,26,0,40,6,0,6,46
12/20/2008,EAU,WI,AGL,CE,Federal Contract Tower,0,6,3,0,9,0,0,0,0,0,0,6,3,0,9,0,0,0,9
12/21/2008,EAU,WI,AGL,CE,Federal Contract Tower,0,0,11,0,11,0,1,0,0,1,0,1,11,0,12,0,0,0,12
12/22/2008,EAU,WI,AGL,CE,Federal Contract Tower,0,9,36,0,45,0,11,10,0,21,0,20,46,0,66,2,0,2,68
12/23/2008,EAU,WI,AGL,CE,Federal Contract Tower,0,10,28,0,38,0,4,8,0,12,0,14,36,0,50,18,0,18,68
12/24/2008,EAU,WI,AGL,CE,Federal Contract Tower,0,12,4,0,16,0,2,2,0,4,0,14,6,0,20,0,0,0,20
12/25/2008,EAU,WI,AGL,CE,Federal Contract Tower,0,8,2,0,10,0,2,5,0,7,0,10,7,0,17,0,0,0,17
12/26/2008,EAU,WI,AGL,CE,Federal Contract Tower,0,8,6,0,14,0,0,0,0,0,0,8,6,0,14,0,0,0,14
12/27/2008,EAU,WI,AGL,CE,Federal Contract Tower,0,11,8,0,19,0,3,0,0,3,0,14,8,0,22,0,0,0,22
12/28/2008,EAU,WI,AGL,CE,Federal Contract Tower,0,6,5,1,12,0,4,63,4,71,0,10,68,5,83,28,0,28,111
12/29/2008,EAU,WI,AGL,CE,Federal Contract Tower,0,7,37,0,44,0,2,12,0,14,0,9,49,0,58,4,0,4,62
12/30/2008,EAU,WI,AGL,CE,Federal Contract Tower,0,7,28,0,35,0,1,1,0,2,0,8,29,0,37,0,0,0,37
12/31/2008,EAU,WI,AGL,CE,Federal Contract Tower,0,9,17,0,26,0,9,14,0,23,0,18,31,0,49,16,0,16,65
01/01/2009,EAU,WI,AGL,CE,Federal Contract Tower,0,9,1,0,10,0,0,2,0,2,0,9,3,0,12,0,0,0,12
01/02/2009,EAU,WI,AGL,CE,Federal Contract Tower,0,12,12,0,24,0,2,31,0,33,0,14,43,0,57,12,0,12,69
01/03/2009,EAU,WI,AGL,CE,Federal Contract Tower,0,7,6,0,13,0,0,13,0,13,0,7,19,0,26,0,0,0,26
01/04/2009,EAU,WI,AGL,CE,Federal Contract Tower,0,9,11,0,20,0,1,11,0,12,0,10,22,0,32,0,0,0,32
01/05/2009,EAU,WI,AGL,CE,Federal Contract Tower,2,9,28,0,39,0,9,23,1,33,2,18,51,1,72,4,4,8,80
01/06/2009,EAU,WI,AGL,CE,Federal Contract Tower,0,9,38,0,47,0,8,17,2,27,0,17,55,2,74,8,2,10,84
01/07/2009,EAU,WI,AGL,CE,Federal Contract Tower,0,10,39,0,49,0,28,6,0,34,0,38,45,0,83,10,0,10,93
01/08/2009,EAU,WI,AGL,CE,Federal Contract Tower,0,8,36,0,44,0,8,43,2,53,0,16,79,2,97,70,0,70,167
01/09/2009,EAU,WI,AGL,CE,Federal Contract Tower,0,9,28,0,37,0,4,22,0,26,0,13,50,0,63,62,0,62,125
01/10/2009,EAU,WI,AGL,CE,Federal Contract Tower,0,11,4,0,15,0,3,29,0,32,0,14,33,0,47,12,0,12,59
01/11/2009,EAU,WI,AGL,CE,Federal Contract Tower,0,11,6,0,17,0,4,6,0,10,0,15,12,0,27,0,0,0,27
01/12/2009,EAU,WI,AGL,CE,Federal Contract Tower,1,10,35,0,46,0,2,0,0,2,1,12,35,0,48,0,0,0,48
01/13/2009,EAU,WI,AGL,CE,Federal Contract Tower,1,9,35,0,45,0,5,9,0,14,1,14,44,0,59,0,0,0,59
01/14/2009,EAU,WI,AGL,CE,Federal Contract Tower,0,10,31,0,41,0,0,9,0,9,0,10,40,0,50,10,0,10,60
01/15/2009,EAU,WI,AGL,CE,Federal Contract Tower,0,9,31,0,40,0,0,4,0,4,0,9,35,0,44,0,0,0,44
01/16/2009,EAU,WI,AGL,CE,Federal Contract Tower,0,10,15,0,25,0,0,2,0,2,0,10,17,0,27,14,0,14,41
01/17/2009,EAU,WI,AGL,CE,Federal Contract Tower,0,10,7,0,17,0,4,2,0,6,0,14,9,0,23,12,0,12,35
01/18/2009,EAU,WI,AGL,CE,Federal Contract Tower,0,8,6,0,14,0,3,13,0,16,0,11,19,0,30,0,0,0,30
01/19/2009,EAU,WI,AGL,CE,Federal Contract Tower,2,7,33,0,42,0,10,12,0,22,2,17,45,0,64,0,0,0,64
01/20/2009,EAU,WI,AGL,CE,Federal Contract Tower,0,8,35,0,43,0,6,42,4,52,0,14,77,4,95,40,0,40,135
01/21/2009,EAU,WI,AGL,CE,Federal Contract Tower,0,9,37,0,46,0,0,4,0,4,0,9,41,0,50,0,0,0,50
01/22/2009,EAU,WI,AGL,CE,Federal Contract Tower,0,9,32,0,41,0,2,1,0,3,0,11,33,0,44,0,0,0,44
01/23/2009,EAU,WI,AGL,CE,Federal Contract Tower,0,9,14,0,23,0,8,7,0,15,0,17,21,0,38,0,0,0,38
01/24/2009,EAU,WI,AGL,CE,Federal Contract Tower,0,9,9,2,20,0,5,11,1,17,0,14,20,3,37,0,0,0,37
01/25/2009,EAU,WI,AGL,CE,Federal Contract Tower,0,8,8,0,16,0,1,21,0,22,0,9,29,0,38,24,0,24,62
01/26/2009,EAU,WI,AGL,CE,Federal Contract Tower,0,12,31,2,45,0,5,21,4,30,0,17,52,6,75,6,4,10,85
01/27/2009,EAU,WI,AGL,CE,Federal Contract Tower,2,9,35,0,46,0,5,10,0,15,2,14,45,0,61,12,0,12,73
01/28/2009,EAU,WI,AGL,CE,Federal Contract Tower,0,7,35,0,42,0,4,18,3,25,0,11,53,3,67,2,4,6,73
01/29/2009,EAU,WI,AGL,CE,Federal Contract Tower,0,11,28,0,39,0,1,7,9,17,0,12,35,9,56,0,20,20,76
01/30/2009,EAU,WI,AGL,CE,Federal Contract Tower,0,9,16,2,27,0,0,23,3,26,0,9,39,5,53,22,4,26,79
01/31/2009,EAU,WI,AGL,CE,Federal Contract Tower,0,9,10,0,19,0,4,68,0,72,0,13,78,0,91,54,0,54,145
02/01/2009,EAU,WI,AGL,CE,Federal Contract Tower,0,8,7,0,15,0,2,21,2,25,0,10,28,2,40,0,0,0,40
02/02/2009,EAU,WI,AGL,CE,Federal Contract Tower,1,12,32,0,45,0,8,13,0,21,1,20,45,0,66,0,0,0,66
02/03/2009,EAU,WI,AGL,CE,Federal Contract Tower,0,10,35,0,45,0,3,6,0,9,0,13,41,0,54,2,0,2,56
02/04/2009,EAU,WI,AGL,CE,Federal Contract Tower,0,9,29,0,38,0,3,32,0,35,0,12,61,0,73,28,0,28,101
02/05/2009,EAU,WI,AGL,CE,Federal Contract Tower,0,11,29,0,40,0,2,25,4,31,0,13,54,4,71,24,12,36,107
02/06/2009,EAU,WI,AGL,CE,Federal Contract Tower,0,9,12,4,25,0,0,25,2,27,0,9,37,6,52,40,0,40,92
02/07/2009,EAU,WI,AGL,CE,Federal Contract Tower,0,10,11,0,21,0,4,4,0,8,0,14,15,0,29,0,0,0,29
02/08/2009,EAU,WI,AGL,CE,Federal Contract Tower,0,8,10,0,18,0,0,62,7,69,0,8,72,7,87,28,0,28,115
02/09/2009,EAU,WI,AGL,CE,Federal Contract Tower,0,9,30,0,39,0,4,0,0,4,0,13,30,0,43,0,0,0,43
02/10/2009,EAU,WI,AGL,CE,Federal Contract Tower,0,12,35,0,47,0,24,6,0,30,0,36,41,0,77,20,0,20,97
02/11/2009,EAU,WI,AGL,CE,Federal Contract Tower,0,11,31,2,44,0,2,0,0,2,0,13,31,2,46,0,0,0,46
02/12/2009,EAU,WI,AGL,CE,Federal Contract Tower,0,15,21,0,36,0,28,13,0,41,0,43,34,0,77,6,0,6,83
02/13/2009,EAU,WI,AGL,CE,Federal Contract Tower,0,13,17,2,32,0,11,26,0,37,0,24,43,2,69,24,0,24,93
02/14/2009,EAU,WI,AGL,CE,Federal Contract Tower,0,11,10,1,22,0,7,30,3,40,0,18,40,4,62,0,12,12,74
02/15/2009,EAU,WI,AGL,CE,Federal Contract Tower,0,10,6,2,18,0,4,51,1,56,0,14,57,3,74,8,0,8,82
02/16/2009,EAU,WI,AGL,CE,Federal Contract Tower,0,11,23,0,34,0,6,25,2,33,0,17,48,2,67,10,0,10,77
02/17/2009,EAU,WI,AGL,CE,Federal Contract Tower,0,11,19,2,32,0,3,27,0,30,0,14,46,2,62,18,0,18,80
02/18/2009,EAU,WI,AGL,CE,Federal Contract Tower,0,10,17,0,27,0,2,1,2,5,0,12,18,2,32,0,6,6,38
02/19/2009,EAU,WI,AGL,CE,Federal Contract Tower,0,10,14,2,26,0,1,30,0,31,0,11,44,2,57,10,0,10,67
02/20/2009,EAU,WI,AGL,CE,Federal Contract Tower,0,12,21,1,34,0,8,14,0,22,0,20,35,1,56,0,2,2,58
02/21/2009,EAU,WI,AGL,CE,Federal Contract Tower,0,9,6,0,15,0,7,5,0,12,0,16,11,0,27,6,0,6,33
02/22/2009,EAU,WI,AGL,CE,Federal Contract Tower,0,12,8,0,20,0,14,21,0,35,0,26,29,0,55,4,0,4,59
02/23/2009,EAU,WI,AGL,CE,Federal Contract Tower,0,11,27,0,38,0,8,38,0,46,0,19,65,0,84,26,0,26,110
02/24/2009,EAU,WI,AGL,CE,Federal Contract Tower,0,9,38,0,47,0,4,29,2,35,0,13,67,2,82,0,0,0,82
02/25/2009,EAU,WI,AGL,CE,Federal Contract Tower,0,11,27,0,38,0,4,11,0,15,0,15,38,0,53,2,0,2,55
02/26/2009,EAU,WI,AGL,CE,Federal Contract Tower,0,4,20,0,24,0,0,1,0,1,0,4,21,0,25,0,0,0,25
02/27/2009,EAU,WI,AGL,CE,Federal Contract Tower,0,14,21,0,35,0,13,37,7,57,0,27,58,7,92,16,2,18,110
02/28/2009,EAU,WI,AGL,CE,Federal Contract Tower,0,11,14,0,25,0,4,41,4,49,0,15,55,4,74,40,28,68,142
03/01/2009,EAU,WI,AGL,CE,Federal Contract Tower,0,10,7,0,17,0,11,40,0,51,0,21,47,0,68,16,0,16,84
03/02/2009,EAU,WI,AGL,CE,Federal Contract Tower,0,11,32,2,45,0,4,11,0,15,0,15,43,2,60,0,0,0,60
03/03/2009,EAU,WI,AGL,CE,Federal Contract Tower,0,14,40,2,56,0,6,26,0,32,0,20,66,2,88,32,0,32,120
03/04/2009,EAU,WI,AGL,CE,Federal Contract Tower,0,12,36,0,48,0,2,14,2,18,0,14,50,2,66,2,0,2,68
03/05/2009,EAU,WI,AGL,CE,Federal Contract Tower,2,10,40,1,53,0,0,5,0,5,2,10,45,1,58,6,0,6,64
03/06/2009,EAU,WI,AGL,CE,Federal Contract Tower,0,9,19,0,28,0,0,19,8,27,0,9,38,8,55,40,8,48,103
03/07/2009,EAU,WI,AGL,CE,Federal Contract Tower,0,10,4,1,15,0,0,25,2,27,0,10,29,3,42,4,0,4,46
03/08/2009,EAU,WI,AGL,CE,Federal Contract Tower,0,11,8,0,19,0,4,6,0,10,0,15,14,0,29,0,0,0,29
03/09/2009,EAU,WI,AGL,CE,Federal Contract Tower,0,14,40,2,56,0,2,11,8,21,0,16,51,10,77,0,4,4,81
03/10/2009,EAU,WI,AGL,CE,Federal Contract Tower,0,15,33,0,48,0,0,0,0,0,0,15,33,0,48,0,0,0,48
03/11/2009,EAU,WI,AGL,CE,Federal Contract Tower,0,12,33,2,47,0,0,4,0,4,0,12,37,2,51,0,0,0,51
03/12/2009,EAU,WI,AGL,CE,Federal Contract Tower,0,10,21,0,31,0,10,25,0,35,0,20,46,0,66,32,0,32,98
03/13/2009,EAU,WI,AGL,CE,Federal Contract Tower,0,12,20,1,33,0,8,35,9,52,0,20,55,10,85,22,6,28,113
03/14/2009,EAU,WI,AGL,CE,Federal Contract Tower,0,12,10,0,22,0,0,62,1,63,0,12,72,1,85,8,0,8,93
03/15/2009,EAU,WI,AGL,CE,Federal Contract Tower,0,11,10,0,21,0,3,73,0,76,0,14,83,0,97,28,0,28,125
03/16/2009,EAU,WI,AGL,CE,Federal Contract Tower,0,11,19,0,30,0,4,43,0,47,0,15,62,0,77,50,0,50,127
03/17/2009,EAU,WI,AGL,CE,Federal Contract Tower,0,11,24,2,37,0,3,32,0,35,0,14,56,2,72,20,0,20,92
03/18/2009,EAU,WI,AGL,CE,Federal Contract Tower,0,11,28,0,39,0,1,38,0,39,0,12,66,0,78,24,0,24,102
03/19/2009,EAU,WI,AGL,CE,Federal Contract Tower,0,11,22,4,37,0,11,19,8,38,0,22,41,12,75,60,0,60,135
03/20/2009,EAU,WI,AGL,CE,Federal Contract Tower,0,13,20,1,34,0,4,16,2,22,0,17,36,3,56,24,20,44,100
03/21/2009,EAU,WI,AGL,CE,Federal Contract Tower,0,11,20,2,33,0,3,73,10,86,0,14,93,12,119,76,6,82,201
03/22/2009,EAU,WI,AGL,CE,Federal Contract Tower,0,11,14,0,25,0,0,15,4,19,0,11,29,4,44,14,0,14,58
03/23/2009,EAU,WI,AGL,CE,Federal Contract Tower,0,7,18,0,25,0,1,0,1,2,0,8,18,1,27,0,0,0,27
03/24/2009,EAU,WI,AGL,CE,Federal Contract Tower,0,12,24,0,36,0,0,0,1,1,0,12,24,1,37,0,0,0,37
03/25/2009,EAU,WI,AGL,CE,Federal Contract Tower,0,9,33,0,42,0,6,1,0,7,0,15,34,0,49,0,0,0,49
03/26/2009,EAU,WI,AGL,CE,Federal Contract Tower,0,11,38,0,49,0,10,15,6,31,0,21,53,6,80,6,0,6,86
03/27/2009,EAU,WI,AGL,CE,Federal Contract Tower,4,11,17,0,32,0,5,32,3,40,4,16,49,3,72,70,0,70,142
03/28/2009,EAU,WI,AGL,CE,Federal Contract Tower,0,12,11,0,23,0,0,90,8,98,0,12,101,8,121,44,0,44,165
03/29/2009,EAU,WI,AGL,CE,Federal Contract Tower,0,10,7,0,17,0,12,36,3,51,0,22,43,3,68,14,2,16,84
03/30/2009,EAU,WI,AGL,CE,Federal Contract Tower,2,11,18,2,33,0,2,19,0,21,2,13,37,2,54,32,0,32,86
03/31/2009,EAU,WI,AGL,CE,Federal Contract Tower,0,12,19,0,31,0,0,0,0,0,0,12,19,0,31,0,0,0,31
04/01/2009,EAU,WI,AGL,CE,Federal Contract Tower,0,12,19,0,31,0,0,2,0,2,0,12,21,0,33,0,0,0,33
04/02/2009,EAU,WI,AGL,CE,Federal Contract Tower,0,13,22,0,35,0,0,30,2,32,0,13,52,2,67,60,0,60,127
04/03/2009,EAU,WI,AGL,CE,Federal Contract Tower,0,12,13,2,27,0,7,77,14,98,0,19,90,16,125,114,4,118,243
04/04/2009,EAU,WI,AGL,CE,Federal Contract Tower,0,13,17,0,30,0,10,28,2,40,0,23,45,2,70,50,0,50,120
04/05/2009,EAU,WI,AGL,CE,Federal Contract Tower,0,11,6,0,17,0,4,0,0,4,0,15,6,0,21,0,0,0,21
04/06/2009,EAU,WI,AGL,CE,Federal Contract Tower,0,10,19,0,29,0,2,10,0,12,0,12,29,0,41,10,12,22,63
04/07/2009,EAU,WI,AGL,CE,Federal Contract Tower,0,13,11,12,36,0,12,34,0,46,0,25,45,12,82,32,0,32,114
04/08/2009,EAU,WI,AGL,CE,Federal Contract Tower,0,11,21,0,32,0,11,45,4,60,0,22,66,4,92,50,2,52,144
04/09/2009,EAU,WI,AGL,CE,Federal Contract Tower,0,13,30,0,43,0,8,42,5,55,0,21,72,5,98,48,0,48,146
04/10/2009,EAU,WI,AGL,CE,Federal Contract Tower,0,16,17,0,33,0,4,45,0,49,0,20,62,0,82,66,0,66,148
04/11/2009,EAU,WI,AGL,CE,Federal Contract Tower,0,11,11,0,22,0,2,82,0,84,0,13,93,0,106,12,0,12,118
04/12/2009,EAU,WI,AGL,CE,Federal Contract Tower,0,8,12,0,20,0,2,26,0,28,0,10,38,0,48,2,0,2,50
04/13/2009,EAU,WI,AGL,CE,Federal Contract Tower,0,8,29,0,37,0,9,36,5,50,0,17,65,5,87,12,2,14,101
04/14/2009,EAU,WI,AGL,CE,Federal Contract Tower,0,13,23,0,36,0,5,36,0,41,0,18,59,0,77,44,0,44,121
04/15/2009,EAU,WI,AGL,CE,Federal Contract Tower,0,9,23,2,34,0,7,57,1,65,0,16,80,3,99,34,0,34,133
04/16/2009,EAU,WI,AGL,CE,Federal Contract Tower,0,10,30,0,40,0,6,25,1,32,0,16,55,1,72,18,0,18,90
04/17/2009,EAU,WI,AGL,CE,Federal Contract Tower,0,12,16,0,28,0,4,57,0,61,0,16,73,0,89,26,0,26,115
04/18/2009,EAU,WI,AGL,CE,Federal Contract Tower,0,9,9,0,18,0,4,49,2,55,0,13,58,2,73,38,4,42,115
04/19/2009,EAU,WI,AGL,CE,Federal Contract Tower,0,8,10,0,18,0,0,1,0,1,0,8,11,0,19,0,0,0,19
04/20/2009,EAU,WI,AGL,CE,Federal Contract Tower,0,9,27,0,36,0,6,6,0,12,0,15,33,0,48,8,0,8,56
04/21/2009,EAU,WI,AGL,CE,Federal Contract Tower,0,10,20,0,30,0,12,8,0,20,0,22,28,0,50,12,0,12,62
04/22/2009,EAU,WI,AGL,CE,Federal Contract Tower,0,11,23,1,35,0,19,40,2,61,0,30,63,3,96,68,0,68,164
04/23/2009,EAU,WI,AGL,CE,Federal Contract Tower,0,12,25,2,39,0,16,19,1,36,0,28,44,3,75,4,0,4,79
04/24/2009,EAU,WI,AGL,CE,Federal Contract Tower,0,10,16,0,26,0,10,22,0,32,0,20,38,0,58,12,2,14,72
04/25/2009,EAU,WI,AGL,CE,Federal Contract Tower,0,11,10,0,21,0,4,6,0,10,0,15,16,0,31,6,0,6,37
04/26/2009,EAU,WI,AGL,CE,Federal Contract Tower,0,6,10,0,16,0,0,0,0,0,0,6,10,0,16,0,0,0,16
04/27/2009,EAU,WI,AGL,CE,Federal Contract Tower,0,10,20,1,31,0,4,6,0,10,0,14,26,1,41,2,0,2,43
04/28/2009,EAU,WI,AGL,CE,Federal Contract Tower,0,9,20,2,31,0,7,59,0,66,0,16,79,2,97,66,0,66,163
04/29/2009,EAU,WI,AGL,CE,Federal Contract Tower,2,9,27,0,38,0,0,18,0,18,2,9,45,0,56,8,0,8,64
04/30/2009,EAU,WI,AGL,CE,Federal Contract Tower,0,12,20,0,32,0,9,11,0,20,0,21,31,0,52,0,0,0,52
05/01/2009,EAU,WI,AGL,CE,Federal Contract Tower,0,11,20,0,31,0,8,33,0,41,0,19,53,0,72,48,0,48,120
05/02/2009,EAU,WI,AGL,CE,Federal Contract Tower,2,11,16,0,29,0,6,65,4,75,2,17,81,4,104,58,0,58,162
05/03/2009,EAU,WI,AGL,CE,Federal Contract Tower,0,11,7,0,18,0,4,58,0,62,0,15,65,0,80,28,0,28,108
05/04/2009,EAU,WI,AGL,CE,Federal Contract Tower,0,12,26,0,38,0,9,35,0,44,0,21,61,0,82,0,0,0,82
05/05/2009,EAU,WI,AGL,CE,Federal Contract Tower,0,11,23,2,36,0,6,7,7,20,0,17,30,9,56,16,0,16,72
05/06/2009,EAU,WI,AGL,CE,Federal Contract Tower,0,10,25,0,35,0,9,20,0,29,0,19,45,0,64,0,0,0,64
05/07/2009,EAU,WI,AGL,CE,Federal Contract Tower,0,11,15,0,26,0,16,40,4,60,0,27,55,4,86,70,2,72,158
05/08/2009,EAU,WI,AGL,CE,Federal Contract Tower,0,10,14,0,24,0,0,42,0,42,0,10,56,0,66,98,0,98,164
05/09/2009,EAU,WI,AGL,CE,Federal Contract Tower,0,11,14,0,25,0,4,19,2,25,0,15,33,2,50,4,0,4,54
05/10/2009,EAU,WI,AGL,CE,Federal Contract Tower,0,10,14,0,24,0,8,39,0,47,0,18,53,0,71,20,0,20,91
05/11/2009,EAU,WI,AGL,CE,Federal Contract Tower,0,10,26,0,36,0,5,28,3,36,0,15,54,3,72,76,0,76,148
05/12/2009,EAU,WI,AGL,CE,Federal Contract Tower,0,10,27,0,37,0,1,15,2,18,0,11,42,2,55,24,2,26,81
05/13/2009,EAU,WI,AGL,CE,Federal Contract Tower,0,10,16,0,26,0,4,6,0,10,0,14,22,0,36,0,0,0,36
05/14/2009,EAU,WI,AGL,CE,Federal Contract Tower,0,11,17,1,29,0,1,32,5,38,0,12,49,6,67,12,0,12,79
05/15/2009,EAU,WI,AGL,CE,Federal Contract Tower,0,10,15,0,25,0,3,26,0,29,0,13,41,0,54,28,0,28,82
05/16/2009,EAU,WI,AGL,CE,Federal Contract Tower,0,12,14,1,27,0,10,12,2,24,0,22,26,3,51,4,0,4,55
05/17/2009,EAU,WI,AGL,CE,Federal Contract Tower,0,10,11,0,21,0,7,82,7,96,0,17,93,7,117,22,8,30,147
05/18/2009,EAU,WI,AGL,CE,Federal Contract Tower,0,13,26,1,40,0,8,26,3,37,0,21,52,4,77,33,0,33,110
05/19/2009,EAU,WI,AGL,CE,Federal Contract Tower,0,11,22,0,33,0,18,39,4,61,0,29,61,4,94,62,0,62,156
05/20/2009,EAU,WI,AGL,CE,Federal Contract Tower,0,11,22,0,33,0,2,5,0,7,0,13,27,0,40,0,0,0,40
05/21/2009,EAU,WI,AGL,CE,Federal Contract Tower,0,12,20,1,33,0,2,29,4,35,0,14,49,5,68,74,16,90,158
05/22/2009,EAU,WI,AGL,CE,Federal Contract Tower,0,9,25,4,38,0,3,72,12,87,0,12,97,16,125,84,22,106,231
05/23/2009,EAU,WI,AGL,CE,Federal Contract Tower,0,11,8,1,20,0,2,56,0,58,0,13,64,1,78,12,0,12,90
05/24/2009,EAU,WI,AGL,CE,Federal Contract Tower,0,11,9,0,20,0,1,64,2,67,0,12,73,2,87,7,0,7,94
05/25/2009,EAU,WI,AGL,CE,Federal Contract Tower,0,12,7,0,19,0,3,25,0,28,0,15,32,0,47,0,0,0,47
05/26/2009,EAU,WI,AGL,CE,Federal Contract Tower,0,12,23,0,35,0,7,3,0,10,0,19,26,0,45,0,0,0,45
05/27/2009,EAU,WI,AGL,CE,Federal Contract Tower,0,15,27,0,42,0,0,2,0,2,0,15,29,0,44,0,0,0,44
05/28/2009,EAU,WI,AGL,CE,Federal Contract Tower,0,11,24,0,35,0,5,63,7,75,0,16,87,7,110,62,2,64,174
05/29/2009,EAU,WI,AGL,CE,Federal Contract Tower,0,9,17,3,29,0,0,87,2,89,0,9,104,5,118,56,2,58,176
05/30/2009,EAU,WI,AGL,CE,Federal Contract Tower,2,11,16,0,29,0,10,57,0,67,2,21,73,0,96,4,0,4,100
05/31/2009,EAU,WI,AGL,CE,Federal Contract Tower,0,10,9,0,19,0,7,74,0,81,0,17,83,0,100,68,0,68,168
06/01/2009,EAU,WI,AGL,CE,Federal Contract Tower,0,10,22,0,32,0,7,36,4,47,0,17,58,4,79,14,0,14,93
06/02/2009,EAU,WI,AGL,CE,Federal Contract Tower,0,13,19,0,32,0,8,51,0,59,0,21,70,0,91,20,0,20,111
06/03/2009,EAU,WI,AGL,CE,Federal Contract Tower,0,12,17,0,29,0,4,40,5,49,0,16,57,5,78,56,0,56,134
06/04/2009,EAU,WI,AGL,CE,Federal Contract Tower,0,9,25,0,34,0,3,50,4,57,0,12,75,4,91,2,2,4,95
06/05/2009,EAU,WI,AGL,CE,Federal Contract Tower,0,7,19,0,26,0,2,29,4,35,0,9,48,4,61,0,4,4,65
06/06/2009,EAU,WI,AGL,CE,Federal Contract Tower,0,8,10,0,18,0,2,21,0,23,0,10,31,0,41,14,0,14,55
06/07/2009,EAU,WI,AGL,CE,Federal Contract Tower,0,12,16,0,28,0,4,3,0,7,0,16,19,0,35,4,0,4,39
06/08/2009,EAU,WI,AGL,CE,Federal Contract Tower,0,8,32,0,40,0,2,0,0,2,0,10,32,0,42,0,0,0,42
06/09/2009,EAU,WI,AGL,CE,Federal Contract Tower,0,11,21,1,33,0,12,23,1,36,0,23,44,2,69,10,0,10,79
06/10/2009,EAU,WI,AGL,CE,Federal Contract Tower,0,8,26,0,34,0,4,19,0,23,0,12,45,0,57,58,0,58,115
06/11/2009,EAU,WI,AGL,CE,Federal Contract Tower,0,8,24,0,32,0,2,31,4,37,0,10,55,4,69,8,0,8,77
06/12/2009,EAU,WI,AGL,CE,Federal Contract Tower,0,12,20,2,34,0,0,35,3,38,0,12,55,5,72,14,0,14,86
06/13/2009,EAU,WI,AGL,CE,Federal Contract Tower,0,8,13,0,21,0,2,52,0,54,0,10,65,0,75,22,0,22,97
06/14/2009,EAU,WI,AGL,CE,Federal Contract Tower,0,11,18,0,29,0,4,91,4,99,0,15,109,4,128,8,0,8,136
06/15/2009,EAU,WI,AGL,CE,Federal Contract Tower,0,9,23,0,32,0,5,24,0,29,0,14,47,0,61,22,0,22,83
06/16/2009,EAU,WI,AGL,CE,Federal Contract Tower,0,8,15,0,23,0,4,13,0,17,0,12,28,0,40,46,0,46,86
06/17/2009,EAU,WI,AGL,CE,Federal Contract Tower,0,9,21,0,30,0,0,10,0,10,0,9,31,0,40,8,0,8,48
06/18/2009,EAU,WI,AGL,CE,Federal Contract Tower,0,8,19,0,27,0,9,4,1,14,0,17,23,1,41,2,0,2,43
06/19/2009,EAU,WI,AGL,CE,Federal Contract Tower,0,9,18,0,27,0,3,17,12,32,0,12,35,12,59,44,0,44,103
06/20/2009,EAU,WI,AGL,CE,Federal Contract Tower,0,10,7,0,17,0,2,69,0,71,0,12,76,0,88,20,0,20,108
06/21/2009,EAU,WI,AGL,CE,Federal Contract Tower,0,13,3,0,16,0,11,22,6,39,0,24,25,6,55,0,0,0,55
06/22/2009,EAU,WI,AGL,CE,Federal Contract Tower,0,11,27,1,39,0,6,16,2,24,0,17,43,3,63,2,0,2,65
06/23/2009,EAU,WI,AGL,CE,Federal Contract Tower,0,9,19,4,32,0,8,19,2,29,0,17,38,6,61,10,0,10,71
06/24/2009,EAU,WI,AGL,CE,Federal Contract Tower,0,9,22,2,33,0,9,27,4,40,0,18,49,6,73,20,0,20,93
06/25/2009,EAU,WI,AGL,CE,Federal Contract Tower,0,8,30,3,41,0,8,35,6,49,0,16,65,9,90,18,2,20,110
06/26/2009,EAU,WI,AGL,CE,Federal Contract Tower,0,11,12,6,29,0,0,66,2,68,0,11,78,8,97,40,0,40,137
06/27/2009,EAU,WI,AGL,CE,Federal Contract Tower,0,7,9,0,16,0,3,1,0,4,0,10,10,0,20,0,0,0,20
06/28/2009,EAU,WI,AGL,CE,Federal Contract Tower,0,8,6,0,14,0,3,24,6,33,0,11,30,6,47,0,8,8,55
06/29/2009,EAU,WI,AGL,CE,Federal Contract Tower,0,9,21,0,30,0,6,14,1,21,0,15,35,1,51,8,0,8,59
06/30/2009,EAU,WI,AGL,CE,Federal Contract Tower,0,8,24,0,32,0,6,10,0,16,0,14,34,0,48,6,0,6,54
07/01/2009,EAU,WI,AGL,CE,Federal Contract Tower,0,11,30,0,41,0,10,26,3,39,0,21,56,3,80,14,0,14,94
07/02/2009,EAU,WI,AGL,CE,Federal Contract Tower,0,8,27,1,36,0,6,55,5,66,0,14,82,6,102,14,2,16,118
07/03/2009,EAU,WI,AGL,CE,Federal Contract Tower,0,8,9,0,17,0,14,54,2,70,0,22,63,2,87,26,0,26,113
07/04/2009,EAU,WI,AGL,CE,Federal Contract Tower,0,6,5,0,11,0,7,12,0,19,0,13,17,0,30,0,0,0,30
07/05/2009,EAU,WI,AGL,CE,Federal Contract Tower,0,8,9,0,17,0,6,41,1,48,0,14,50,1,65,0,0,0,65
07/06/2009,EAU,WI,AGL,CE,Federal Contract Tower,0,8,14,0,22,0,21,42,6,69,0,29,56,6,91,20,0,20,111
07/07/2009,EAU,WI,AGL,CE,Federal Contract Tower,0,8,22,0,30,0,6,57,0,63,0,14,79,0,93,24,0,24,117
07/08/2009,EAU,WI,AGL,CE,Federal Contract Tower,0,8,24,0,32,0,3,95,1,99,0,11,119,1,131,40,0,40,171
07/09/2009,EAU,WI,AGL,CE,Federal Contract Tower,0,7,23,0,30,0,4,58,0,62,0,11,81,0,92,2,0,2,94
07/10/2009,EAU,WI,AGL,CE,Federal Contract Tower,0,10,21,0,31,0,11,39,2,52,0,21,60,2,83,18,0,18,101
07/11/2009,EAU,WI,AGL,CE,Federal Contract Tower,0,8,14,0,22,0,17,35,2,54,0,25,49,2,76,10,0,10,86
07/12/2009,EAU,WI,AGL,CE,Federal Contract Tower,0,10,12,0,22,0,10,64,6,80,0,20,76,6,102,8,0,8,110
07/13/2009,EAU,WI,AGL,CE,Federal Contract Tower,2,8,30,0,40,0,4,39,5,48,2,12,69,5,88,10,0,10,98
07/14/2009,EAU,WI,AGL,CE,Federal Contract Tower,0,9,36,0,45,0,5,20,0,25,0,14,56,0,70,34,0,34,104
07/15/2009,EAU,WI,AGL,CE,Federal Contract Tower,0,12,24,0,36,0,6,9,1,16,0,18,33,1,52,2,0,2,54
07/16/2009,EAU,WI,AGL,CE,Federal Contract Tower,4,10,19,0,33,0,3,23,6,32,4,13,42,6,65,12,0,12,77
07/17/2009,EAU,WI,AGL,CE,Federal Contract Tower,0,9,22,0,31,0,6,19,0,25,0,15,41,0,56,42,0,42,98
07/18/2009,EAU,WI,AGL,CE,Federal Contract Tower,0,8,19,0,27,0,19,64,0,83,0,27,83,0,110,24,0,24,134
07/19/2009,EAU,WI,AGL,CE,Federal Contract Tower,2,8,11,0,21,0,24,55,2,81,2,32,66,2,102,30,0,30,132
07/20/2009,EAU,WI,AGL,CE,Federal Contract Tower,0,8,18,2,28,0,30,27,9,66,0,38,45,11,94,41,2,43,137
07/21/2009,EAU,WI,AGL,CE,Federal Contract Tower,0,7,19,0,26,0,12,9,2,23,0,19,28,2,49,49,0,49,98
07/22/2009,EAU,WI,AGL,CE,Federal Contract Tower,0,8,23,1,32,0,3,6,5,14,0,11,29,6,46,4,0,4,50
07/23/2009,EAU,WI,AGL,CE,Federal Contract Tower,0,9,22,1,32,0,16,37,7,60,0,25,59,8,92,62,0,62,154
07/24/2009,EAU,WI,AGL,CE,Federal Contract Tower,0,8,15,2,25,0,8,26,5,39,0,16,41,7,64,54,0,54,118
07/25/2009,EAU,WI,AGL,CE,Federal Contract Tower,0,8,18,0,26,0,6,48,2,56,0,14,66,2,82,2,0,2,84
07/26/2009,EAU,WI,AGL,CE,Federal Contract Tower,0,9,8,0,17,0,2,39,3,44,0,11,47,3,61,0,0,0,61
07/27/2009,EAU,WI,AGL,CE,Federal Contract Tower,0,8,17,0,25,0,0,19,0,19,0,8,36,0,44,52,0,52,96
07/28/2009,EAU,WI,AGL,CE,Federal Contract Tower,0,9,23,0,32,0,16,38,6,60,0,25,61,6,92,104,12,116,208
07/29/2009,EAU,WI,AGL,CE,Federal Contract Tower,0,13,30,5,48,0,7,80,2,89,0,20,110,7,137,54,0,54,191
07/30/2009,EAU,WI,AGL,CE,Federal Contract Tower,0,9,21,0,30,0,7,17,0,24,0,16,38,0,54,2,0,2,56
07/31/2009,EAU,WI,AGL,CE,Federal Contract Tower,0,8,14,0,22,0,4,47,0,51,0,12,61,0,73,22,0,22,95
08/01/2009,EAU,WI,AGL,CE,Federal Contract Tower,0,9,11,0,20,0,3,30,0,33,0,12,41,0,53,10,0,10,63
08/02/2009,EAU,WI,AGL,CE,Federal Contract Tower,0,8,12,0,20,0,6,59,0,65,0,14,71,0,85,2,0,2,87
08/03/2009,EAU,WI,AGL,CE,Federal Contract Tower,0,8,25,2,35,0,0,35,2,37,0,8,60,4,72,32,0,32,104
08/04/2009,EAU,WI,AGL,CE,Federal Contract Tower,0,8,43,3,54,0,1,39,0,40,0,9,82,3,94,40,0,40,134
08/05/2009,EAU,WI,AGL,CE,Federal Contract Tower,0,8,41,0,49,0,11,37,3,51,0,19,78,3,100,34,0,34,134
08/06/2009,EAU,WI,AGL,CE,Federal Contract Tower,0,8,36,0,44,0,21,36,0,57,0,29,72,0,101,8,0,8,109
08/07/2009,EAU,WI,AGL,CE,Federal Contract Tower,0,10,10,0,20,0,3,6,0,9,0,13,16,0,29,8,0,8,37
08/08/2009,EAU,WI,AGL,CE,Federal Contract Tower,0,8,3,0,11,0,4,17,0,21,0,12,20,0,32,44,0,44,76
08/09/2009,EAU,WI,AGL,CE,Federal Contract Tower,0,8,13,1,22,0,0,23,1,24,0,8,36,2,46,4,0,4,50
08/10/2009,EAU,WI,AGL,CE,Federal Contract Tower,0,11,28,2,41,0,2,26,5,33,0,13,54,7,74,14,0,14,88
08/11/2009,EAU,WI,AGL,CE,Federal Contract Tower,0,12,21,0,33,0,0,49,0,49,0,12,70,0,82,0,0,0,82
08/12/2009,EAU,WI,AGL,CE,Federal Contract Tower,0,8,23,1,32,0,1,58,3,62,0,9,81,4,94,6,2,8,102
08/13/2009,EAU,WI,AGL,CE,Federal Contract Tower,0,9,21,0,30,0,0,21,1,22,0,9,42,1,52,0,2,2,54
08/14/2009,EAU,WI,AGL,CE,Federal Contract Tower,0,10,15,0,25,0,4,33,3,40,0,14,48,3,65,8,0,8,73
08/15/2009,EAU,WI,AGL,CE,Federal Contract Tower,0,11,16,2,29,0,7,43,2,52,0,18,59,4,81,10,0,10,91
08/16/2009,EAU,WI,AGL,CE,Federal Contract Tower,0,9,15,0,24,0,6,8,0,14,0,15,23,0,38,0,0,0,38
08/17/2009,EAU,WI,AGL,CE,Federal Contract Tower,0,8,24,0,32,0,3,34,0,37,0,11,58,0,69,26,0,26,95
08/18/2009,EAU,WI,AGL,CE,Federal Contract Tower,0,9,22,0,31,0,4,35,0,39,0,13,57,0,70,38,2,40,110
08/19/2009,EAU,WI,AGL,CE,Federal Contract Tower,0,3,17,2,22,0,0,9,0,9,0,3,26,2,31,10,0,10,41
08/20/2009,EAU,WI,AGL,CE,Federal Contract Tower,0,5,30,1,36,0,0,2,4,6,0,5,32,5,42,0,0,0,42
08/21/2009,EAU,WI,AGL,CE,Federal Contract Tower,0,9,19,0,28,0,6,4,0,10,0,15,23,0,38,2,0,2,40
08/22/2009,EAU,WI,AGL,CE,Federal Contract Tower,0,5,13,1,19,0,8,63,12,83,0,13,76,13,102,32,4,36,138
08/23/2009,EAU,WI,AGL,CE,Federal Contract Tower,0,12,15,0,27,0,6,61,3,70,0,18,76,3,97,4,0,4,101
08/24/2009,EAU,WI,AGL,CE,Federal Contract Tower,0,8,20,0,28,0,2,23,2,27,0,10,43,2,55,0,0,0,55
08/25/2009,EAU,WI,AGL,CE,Federal Contract Tower,0,15,31,0,46,0,0,13,0,13,0,15,44,0,59,8,0,8,67
08/26/2009,EAU,WI,AGL,CE,Federal Contract Tower,0,10,34,2,46,0,7,46,6,59,0,17,80,8,105,18,0,18,123
08/27/2009,EAU,WI,AGL,CE,Federal Contract Tower,0,9,17,0,26,0,1,49,2,52,0,10,66,2,78,22,0,22,100
08/28/2009,EAU,WI,AGL,CE,Federal Contract Tower,2,9,16,2,29,0,1,12,2,15,2,10,28,4,44,8,0,8,52
08/29/2009,EAU,WI,AGL,CE,Federal Contract Tower,0,5,20,0,25,0,3,15,0,18,0,8,35,0,43,4,0,4,47
08/30/2009,EAU,WI,AGL,CE,Federal Contract Tower,0,7,9,0,16,0,2,51,2,55,0,9,60,2,71,10,0,10,81
08/31/2009,EAU,WI,AGL,CE,Federal Contract Tower,2,6,23,1,32,0,3,59,5,67,2,9,82,6,99,26,0,26,125
09/01/2009,EAU,WI,AGL,CE,Federal Contract Tower,0,7,28,0,35,0,2,41,0,43,0,9,69,0,78,24,0,24,102
09/02/2009,EAU,WI,AGL,CE,Federal Contract Tower,0,8,18,2,28,0,1,56,2,59,0,9,74,4,87,74,0,74,161
09/03/2009,EAU,WI,AGL,CE,Federal Contract Tower,0,8,18,1,27,0,0,28,1,29,0,8,46,2,56,6,0,6,62
09/04/2009,EAU,WI,AGL,CE,Federal Contract Tower,0,7,11,0,18,0,2,42,1,45,0,9,53,1,63,16,0,16,79
09/05/2009,EAU,WI,AGL,CE,Federal Contract Tower,0,6,6,0,12,0,1,47,3,51,0,7,53,3,63,16,0,16,79
09/06/2009,EAU,WI,AGL,CE,Federal Contract Tower,0,9,3,0,12,0,11,67,3,81,0,20,70,3,93,4,0,4,97
09/07/2009,EAU,WI,AGL,CE,Federal Contract Tower,0,8,9,2,19,0,9,31,2,42,0,17,40,4,61,10,0,10,71
09/08/2009,EAU,WI,AGL,CE,Federal Contract Tower,0,9,24,1,34,0,0,27,2,29,0,9,51,3,63,48,0,48,111
09/09/2009,EAU,WI,AGL,CE,Federal Contract Tower,0,9,22,0,31,0,4,21,3,28,0,13,43,3,59,30,8,38,97
09/10/2009,EAU,WI,AGL,CE,Federal Contract Tower,0,8,20,0,28,0,2,16,6,24,0,10,36,6,52,0,2,2,54
09/11/2009,EAU,WI,AGL,CE,Federal Contract Tower,0,10,15,0,25,0,0,25,3,28,0,10,40,3,53,8,0,8,61
09/12/2009,EAU,WI,AGL,CE,Federal Contract Tower,0,10,13,0,23,0,6,54,2,62,0,16,67,2,85,14,0,14,99
09/13/2009,EAU,WI,AGL,CE,Federal Contract Tower,0,6,11,0,17,0,8,36,6,50,0,14,47,6,67,10,0,10,77
09/14/2009,EAU,WI,AGL,CE,Federal Contract Tower,0,8,24,0,32,0,14,44,5,63,0,22,68,5,95,26,2,28,123
09/15/2009,EAU,WI,AGL,CE,Federal Contract Tower,0,7,39,0,46,0,4,27,0,31,0,11,66,0,77,8,0,8,85
09/16/2009,EAU,WI,AGL,CE,Federal Contract Tower,0,11,33,2,46,0,10,25,10,45,0,21,58,12,91,2,6,8,99
09/17/2009,EAU,WI,AGL,CE,Federal Contract Tower,0,10,27,0,37,0,17,60,1,78,0,27,87,1,115,18,2,20,135
09/18/2009,EAU,WI,AGL,CE,Federal Contract Tower,0,12,23,1,36,0,5,43,7,55,0,17,66,8,91,28,10,38,129
09/19/2009,EAU,WI,AGL,CE,Federal Contract Tower,0,9,12,0,21,0,7,58,3,68,0,16,70,3,89,26,4,30,119
09/20/2009,EAU,WI,AGL,CE,Federal Contract Tower,0,9,8,0,17,0,7,125,5,137,0,16,133,5,154,62,0,62,216
09/21/2009,EAU,WI,AGL,CE,Federal Contract Tower,0,10,19,0,29,0,4,9,4,17,0,14,28,4,46,2,0,2,48
09/22/2009,EAU,WI,AGL,CE,Federal Contract Tower,0,13,27,0,40,0,0,4,0,4,0,13,31,0,44,0,0,0,44
09/23/2009,EAU,WI,AGL,CE,Federal Contract Tower,0,8,22,0,30,0,14,19,3,36,0,22,41,3,66,18,0,18,84
09/24/2009,EAU,WI,AGL,CE,Federal Contract Tower,0,10,37,0,47,0,0,48,0,48,0,10,85,0,95,10,0,10,105
09/25/2009,EAU,WI,AGL,CE,Federal Contract Tower,0,5,24,3,32,0,2,2,0,4,0,7,26,3,36,0,0,0,36
09/26/2009,EAU,WI,AGL,CE,Federal Contract Tower,0,9,12,0,21,0,4,26,0,30,0,13,38,0,51,10,0,10,61
09/27/2009,EAU,WI,AGL,CE,Federal Contract Tower,2,7,11,0,20,0,3,18,2,23,2,10,29,2,43,2,0,2,45
09/28/2009,EAU,WI,AGL,CE,Federal Contract Tower,0,7,15,0,22,0,4,2,0,6,0,11,17,0,28,0,0,0,28
09/29/2009,EAU,WI,AGL,CE,Federal Contract Tower,0,8,19,0,27,0,8,18,3,29,0,16,37,3,56,22,0,22,78
09/30/2009,EAU,WI,AGL,CE,Federal Contract Tower,0,7,28,0,35,0,10,73,1,84,0,17,101,1,119,18,0,18,137
10/01/2009,EAU,WI,AGL,CE,Federal Contract Tower,2,5,23,0,30,0,0,5,0,5,2,5,28,0,35,0,0,0,35
10/02/2009,EAU,WI,AGL,CE,Federal Contract Tower,0,10,17,0,27,0,4,0,0,4,0,14,17,0,31,0,0,0,31
10/03/2009,EAU,WI,AGL,CE,Federal Contract Tower,0,8,10,0,18,0,2,1,0,3,0,10,11,0,21,0,0,0,21
10/04/2009,EAU,WI,AGL,CE,Federal Contract Tower,0,7,29,2,38,0,0,27,1,28,0,7,56,3,66,0,0,0,66
10/05/2009,EAU,WI,AGL,CE,Federal Contract Tower,0,8,28,0,36,0,4,14,4,22,0,12,42,4,58,0,0,0,58
10/06/2009,EAU,WI,AGL,CE,Federal Contract Tower,0,11,15,0,26,0,2,0,0,2,0,13,15,0,28,0,0,0,28
10/07/2009,EAU,WI,AGL,CE,Federal Contract Tower,0,11,21,0,32,0,16,28,0,44,0,27,49,0,76,10,0,10,86
10/08/2009,EAU,WI,AGL,CE,Federal Contract Tower,1,8,28,0,37,0,5,28,3,36,1,13,56,3,73,26,0,26,99
10/09/2009,EAU,WI,AGL,CE,Federal Contract Tower,0,12,18,0,30,0,10,72,0,82,0,22,90,0,112,84,0,84,196
10/10/2009,EAU,WI,AGL,CE,Federal Contract Tower,0,9,7,0,16,0,2,11,0,13,0,11,18,0,29,2,0,2,31
10/11/2009,EAU,WI,AGL,CE,Federal Contract Tower,0,7,8,1,16,0,8,42,6,56,0,15,50,7,72,4,0,4,76
10/12/2009,EAU,WI,AGL,CE,Federal Contract Tower,0,4,23,0,27,0,1,0,0,1,0,5,23,0,28,0,0,0,28
10/13/2009,EAU,WI,AGL,CE,Federal Contract Tower,0,6,18,0,24,0,5,17,2,24,0,11,35,2,48,6,6,12,60
10/14/2009,EAU,WI,AGL,CE,Federal Contract Tower,0,8,25,0,33,0,4,16,0,20,0,12,41,0,53,6,0,6,59
10/15/2009,EAU,WI,AGL,CE,Federal Contract Tower,0,3,16,0,19,0,0,0,0,0,0,3,16,0,19,2,0,2,21
10/16/2009,EAU,WI,AGL,CE,Federal Contract Tower,0,6,20,0,26,0,10,19,4,33,0,16,39,4,59,4,2,6,65
10/17/2009,EAU,WI,AGL,CE,Federal Contract Tower,0,8,11,0,19,0,2,36,0,38,0,10,47,0,57,20,0,20,77
10/18/2009,EAU,WI,AGL,CE,Federal Contract Tower,0,7,15,3,25,0,13,35,0,48,0,20,50,3,73,16,0,16,89
10/19/2009,EAU,WI,AGL,CE,Federal Contract Tower,0,8,34,2,44,0,2,29,7,38,0,10,63,9,82,4,4,8,90
10/20/2009,EAU,WI,AGL,CE,Federal Contract Tower,0,9,30,0,39,0,6,12,0,18,0,15,42,0,57,12,0,12,69
10/21/2009,EAU,WI,AGL,CE,Federal Contract Tower,0,6,31,0,37,0,0,0,0,0,0,6,31,0,37,0,0,0,37
10/22/2009,EAU,WI,AGL,CE,Federal Contract Tower,0,11,36,2,49,0,6,7,0,13,0,17,43,2,62,0,0,0,62
10/23/2009,EAU,WI,AGL,CE,Federal Contract Tower,0,5,14,0,19,0,0,0,0,0,0,5,14,0,19,0,0,0,19
10/24/2009,EAU,WI,AGL,CE,Federal Contract Tower,0,8,10,3,21,0,2,31,1,34,0,10,41,4,55,4,0,4,59
10/25/2009,EAU,WI,AGL,CE,Federal Contract Tower,0,4,17,0,21,0,0,2,0,2,0,4,19,0,23,0,0,0,23
10/26/2009,EAU,WI,AGL,CE,Federal Contract Tower,0,11,33,0,44,0,0,9,0,9,0,11,42,0,53,0,0,0,53
10/27/2009,EAU,WI,AGL,CE,Federal Contract Tower,0,9,41,2,52,0,2,43,9,54,0,11,84,11,106,44,0,44,150
10/28/2009,EAU,WI,AGL,CE,Federal Contract Tower,0,10,33,0,43,0,3,7,0,10,0,13,40,0,53,8,0,8,61
10/29/2009,EAU,WI,AGL,CE,Federal Contract Tower,0,5,44,0,49,0,3,5,0,8,0,8,49,0,57,2,0,2,59
10/30/2009,EAU,WI,AGL,CE,Federal Contract Tower,0,9,24,0,33,0,3,4,0,7,0,12,28,0,40,0,0,0,40
10/31/2009,EAU,WI,AGL,CE,Federal Contract Tower,0,5,8,0,13,0,0,4,0,4,0,5,12,0,17,2,0,2,19
11/01/2009,EAU,WI,AGL,CE,Federal Contract Tower,0,7,11,0,18,0,32,81,0,113,0,39,92,0,131,46,0,46,177
11/02/2009,EAU,WI,AGL,CE,Federal Contract Tower,0,10,31,0,41,0,4,29,0,33,0,14,60,0,74,40,0,40,114
11/03/2009,EAU,WI,AGL,CE,Federal Contract Tower,0,8,32,0,40,0,4,23,1,28,0,12,55,1,68,28,0,28,96
11/04/2009,EAU,WI,AGL,CE,Federal Contract Tower,0,8,37,0,45,0,2,11,0,13,0,10,48,0,58,0,0,0,58
11/05/2009,EAU,WI,AGL,CE,Federal Contract Tower,0,9,36,0,45,0,6,40,3,49,0,15,76,3,94,16,0,16,110
11/06/2009,EAU,WI,AGL,CE,Federal Contract Tower,0,8,28,0,36,0,12,34,3,49,0,20,62,3,85,54,0,54,139
11/07/2009,EAU,WI,AGL,CE,Federal Contract Tower,0,8,4,4,16,0,4,51,1,56,0,12,55,5,72,20,0,20,92
11/08/2009,EAU,WI,AGL,CE,Federal Contract Tower,0,8,7,0,15,0,28,59,0,87,0,36,66,0,102,14,0,14,116
11/09/2009,EAU,WI,AGL,CE,Federal Contract Tower,2,9,35,0,46,0,0,28,7,35,2,9,63,7,81,22,0,22,103
11/10/2009,EAU,WI,AGL,CE,Federal Contract Tower,0,8,33,0,41,0,0,45,3,48,0,8,78,3,89,40,0,40,129
11/11/2009,EAU,WI,AGL,CE,Federal Contract Tower,0,8,38,0,46,0,6,35,0,41,0,14,73,0,87,20,0,20,107
11/12/2009,EAU,WI,AGL,CE,Federal Contract Tower,0,8,36,0,44,0,14,23,3,40,0,22,59,3,84,0,2,2,86
11/13/2009,EAU,WI,AGL,CE,Federal Contract Tower,2,8,34,0,44,0,8,4,0,12,2,16,38,0,56,26,0,26,82
11/14/2009,EAU,WI,AGL,CE,Federal Contract Tower,0,8,18,0,26,0,0,1,0,1,0,8,19,0,27,0,0,0,27
11/15/2009,EAU,WI,AGL,CE,Federal Contract Tower,0,9,12,0,21,0,4,49,5,58,0,13,61,5,79,10,0,10,89
11/16/2009,EAU,WI,AGL,CE,Federal Contract Tower,0,8,35,0,43,0,4,24,0,28,0,12,59,0,71,4,0,4,75
11/17/2009,EAU,WI,AGL,CE,Federal Contract Tower,0,10,37,0,47,0,0,41,2,43,0,10,78,2,90,46,0,46,136
11/18/2009,EAU,WI,AGL,CE,Federal Contract Tower,0,10,35,0,45,0,9,39,0,48,0,19,74,0,93,24,0,24,117
11/19/2009,EAU,WI,AGL,CE,Federal Contract Tower,0,10,37,0,47,0,1,2,0,3,0,11,39,0,50,0,0,0,50
11/20/2009,EAU,WI,AGL,CE,Federal Contract Tower,0,8,28,2,38,0,7,18,0,25,0,15,46,2,63,16,0,16,79
11/21/2009,EAU,WI,AGL,CE,Federal Contract Tower,0,6,11,0,17,0,0,2,0,2,0,6,13,0,19,0,0,0,19
11/22/2009,EAU,WI,AGL,CE,Federal Contract Tower,0,8,12,1,21,0,0,7,0,7,0,8,19,1,28,0,0,0,28
11/23/2009,EAU,WI,AGL,CE,Federal Contract Tower,0,8,21,0,29,0,9,4,0,13,0,17,25,0,42,10,0,10,52
11/24/2009,EAU,WI,AGL,CE,Federal Contract Tower,0,8,16,2,26,0,0,6,2,8,0,8,22,4,34,0,4,4,38
11/25/2009,EAU,WI,AGL,CE,Federal Contract Tower,0,8,13,0,21,0,2,0,0,2,0,10,13,0,23,0,0,0,23
11/26/2009,EAU,WI,AGL,CE,Federal Contract Tower,0,8,2,0,10,0,6,2,0,8,0,14,4,0,18,2,0,2,20
11/27/2009,EAU,WI,AGL,CE,Federal Contract Tower,0,8,11,3,22,0,2,42,2,46,0,10,53,5,68,14,0,14,82
11/28/2009,EAU,WI,AGL,CE,Federal Contract Tower,0,8,5,0,13,0,5,37,1,43,0,13,42,1,56,46,0,46,102
11/29/2009,EAU,WI,AGL,CE,Federal Contract Tower,0,9,7,1,17,0,0,9,0,9,0,9,16,1,26,22,0,22,48
11/30/2009,EAU,WI,AGL,CE,Federal Contract Tower,0,8,31,2,41,0,12,6,0,18,0,20,37,2,59,22,4,26,85
12/01/2009,EAU,WI,AGL,CE,Federal Contract Tower,0,9,43,1,53,0,5,44,0,49,0,14,87,1,102,32,0,32,134
12/02/2009,EAU,WI,AGL,CE,Federal Contract Tower,0,9,39,0,48,0,4,13,0,17,0,13,52,0,65,44,0,44,109
12/03/2009,EAU,WI,AGL,CE,Federal Contract Tower,0,13,37,0,50,0,7,7,0,14,0,20,44,0,64,12,0,12,76
12/04/2009,EAU,WI,AGL,CE,Federal Contract Tower,2,9,31,0,42,0,3,2,0,5,2,12,33,0,47,0,0,0,47
12/05/2009,EAU,WI,AGL,CE,Federal Contract Tower,0,8,11,2,21,0,6,67,4,77,0,14,78,6,98,36,0,36,134
12/06/2009,EAU,WI,AGL,CE,Federal Contract Tower,0,7,5,0,12,0,7,51,0,58,0,14,56,0,70,46,0,46,116
12/07/2009,EAU,WI,AGL,CE,Federal Contract Tower,2,8,33,0,43,0,3,11,2,16,2,11,44,2,59,0,6,6,65
12/08/2009,EAU,WI,AGL,CE,Federal Contract Tower,0,7,32,2,41,0,0,4,0,4,0,7,36,2,45,0,0,0,45
12/09/2009,EAU,WI,AGL,CE,Federal Contract Tower,0,8,15,0,23,0,4,0,0,4,0,12,15,0,27,0,0,0,27
12/10/2009,EAU,WI,AGL,CE,Federal Contract Tower,0,10,35,0,45,0,4,16,2,22,0,14,51,2,67,0,0,0,67
12/11/2009,EAU,WI,AGL,CE,Federal Contract Tower,0,4,30,0,34,0,14,26,0,40,0,18,56,0,74,34,0,34,108
12/12/2009,EAU,WI,AGL,CE,Federal Contract Tower,0,10,18,0,28,0,0,26,0,26,0,10,44,0,54,20,0,20,74
12/13/2009,EAU,WI,AGL,CE,Federal Contract Tower,0,5,11,0,16,0,4,23,0,27,0,9,34,0,43,34,0,34,77
12/14/2009,EAU,WI,AGL,CE,Federal Contract Tower,0,7,33,0,40,0,0,6,0,6,0,7,39,0,46,8,0,8,54
12/15/2009,EAU,WI,AGL,CE,Federal Contract Tower,0,8,31,1,40,0,8,19,1,28,0,16,50,2,68,46,2,48,116
12/16/2009,EAU,WI,AGL,CE,Federal Contract Tower,0,9,38,0,47,0,15,17,3,35,0,24,55,3,82,10,0,10,92
12/17/2009,EAU,WI,AGL,CE,Federal Contract Tower,0,11,50,0,61,0,9,24,1,34,0,20,74,1,95,32,2,34,129
12/18/2009,EAU,WI,AGL,CE,Federal Contract Tower,0,9,30,0,39,0,0,0,0,0,0,9,30,0,39,0,0,0,39
12/19/2009,EAU,WI,AGL,CE,Federal Contract Tower,0,9,5,4,18,0,6,10,0,16,0,15,15,4,34,2,0,2,36
12/20/2009,EAU,WI,AGL,CE,Federal Contract Tower,0,6,6,0,12,0,0,0,0,0,0,6,6,0,12,0,0,0,12
12/21/2009,EAU,WI,AGL,CE,Federal Contract Tower,0,11,18,0,29,0,1,2,0,3,0,12,20,0,32,0,0,0,32
12/22/2009,EAU,WI,AGL,CE,Federal Contract Tower,0,8,21,0,29,0,2,6,0,8,0,10,27,0,37,10,0,10,47
12/23/2009,EAU,WI,AGL,CE,Federal Contract Tower,0,8,11,0,19,0,0,4,0,4,0,8,15,0,23,4,0,4,27
12/24/2009,EAU,WI,AGL,CE,Federal Contract Tower,0,4,0,0,4,0,0,0,0,0,0,4,0,0,4,0,0,0,4
12/25/2009,EAU,WI,AGL,CE,Federal Contract Tower,0,6,0,0,6,0,2,0,0,2,0,8,0,0,8,0,0,0,8
12/26/2009,EAU,WI,AGL,CE,Federal Contract Tower,0,8,9,0,17,0,5,7,0,12,0,13,16,0,29,8,0,8,37
12/27/2009,EAU,WI,AGL,CE,Federal Contract Tower,0,9,9,0,18,0,6,14,0,20,0,15,23,0,38,8,0,8,46
12/28/2009,EAU,WI,AGL,CE,Federal Contract Tower,2,10,20,2,34,0,6,14,5,25,2,16,34,7,59,8,6,14,73
12/29/2009,EAU,WI,AGL,CE,Federal Contract Tower,0,10,20,1,31,0,0,35,1,36,0,10,55,2,67,12,0,12,79
12/30/2009,EAU,WI,AGL,CE,Federal Contract Tower,0,6,10,0,16,0,0,4,0,4,0,6,14,0,20,19,0,19,39
12/31/2009,EAU,WI,AGL,CE,Federal Contract Tower,0,8,0,0,8,0,1,1,0,2,0,9,1,0,10,0,0,0,10
01/01/2010,EAU,WI,AGL,CE,Federal Contract Tower,0,8,2,0,10,0,8,10,3,21,0,16,12,3,31,10,0,10,41
01/02/2010,EAU,WI,AGL,CE,Federal Contract Tower,0,8,9,2,19,0,5,8,0,13,0,13,17,2,32,5,0,5,37
01/03/2010,EAU,WI,AGL,CE,Federal Contract Tower,0,10,4,0,14,0,6,9,0,15,0,16,13,0,29,0,0,0,29
01/04/2010,EAU,WI,AGL,CE,Federal Contract Tower,0,7,28,0,35,0,2,11,0,13,0,9,39,0,48,14,0,14,62
01/05/2010,EAU,WI,AGL,CE,Federal Contract Tower,0,8,29,0,37,0,0,24,0,24,0,8,53,0,61,18,0,18,79
01/06/2010,EAU,WI,AGL,CE,Federal Contract Tower,0,8,32,0,40,0,2,11,0,13,0,10,43,0,53,0,0,0,53
01/07/2010,EAU,WI,AGL,CE,Federal Contract Tower,0,10,36,0,46,0,4,3,0,7,0,14,39,0,53,0,0,0,53
01/08/2010,EAU,WI,AGL,CE,Federal Contract Tower,0,9,30,0,39,0,15,28,0,43,0,24,58,0,82,6,2,8,90
01/09/2010,EAU,WI,AGL,CE,Federal Contract Tower,0,8,5,0,13,0,1,34,0,35,0,9,39,0,48,27,0,27,75
01/10/2010,EAU,WI,AGL,CE,Federal Contract Tower,0,7,7,0,14,0,4,21,0,25,0,11,28,0,39,11,0,11,50
01/11/2010,EAU,WI,AGL,CE,Federal Contract Tower,0,6,30,0,36,0,0,13,0,13,0,6,43,0,49,18,0,18,67
01/12/2010,EAU,WI,AGL,CE,Federal Contract Tower,0,7,56,4,67,0,2,24,3,29,0,9,80,7,96,40,0,40,136
01/13/2010,EAU,WI,AGL,CE,Federal Contract Tower,0,8,43,1,52,0,0,9,1,10,0,8,52,2,62,22,0,22,84
01/14/2010,EAU,WI,AGL,CE,Federal Contract Tower,0,8,42,0,50,0,0,0,0,0,0,8,42,0,50,0,0,0,50
01/15/2010,EAU,WI,AGL,CE,Federal Contract Tower,0,10,30,0,40,0,0,0,0,0,0,10,30,0,40,0,0,0,40
01/16/2010,EAU,WI,AGL,CE,Federal Contract Tower,0,8,14,2,24,0,4,55,0,59,0,12,69,2,83,40,0,40,123
01/17/2010,EAU,WI,AGL,CE,Federal Contract Tower,0,8,6,0,14,0,6,0,0,6,0,14,6,0,20,10,0,10,30
01/18/2010,EAU,WI,AGL,CE,Federal Contract Tower,0,8,38,0,46,0,1,19,0,20,0,9,57,0,66,30,0,30,96
01/19/2010,EAU,WI,AGL,CE,Federal Contract Tower,0,7,35,0,42,0,0,0,0,0,0,7,35,0,42,0,0,0,42
01/20/2010,EAU,WI,AGL,CE,Federal Contract Tower,0,8,39,0,47,0,21,13,0,34,0,29,52,0,81,32,0,32,113
01/21/2010,EAU,WI,AGL,CE,Federal Contract Tower,0,5,41,0,46,0,55,17,0,72,0,60,58,0,118,10,0,10,128
01/22/2010,EAU,WI,AGL,CE,Federal Contract Tower,0,8,33,0,41,0,9,13,0,22,0,17,46,0,63,12,0,12,75
01/23/2010,EAU,WI,AGL,CE,Federal Contract Tower,0,6,11,0,17,0,0,0,0,0,0,6,11,0,17,0,0,0,17
01/24/2010,EAU,WI,AGL,CE,Federal Contract Tower,0,7,5,0,12,0,0,0,0,0,0,7,5,0,12,0,0,0,12
01/25/2010,EAU,WI,AGL,CE,Federal Contract Tower,0,9,42,0,51,0,2,1,0,3,0,11,43,0,54,0,0,0,54
01/26/2010,EAU,WI,AGL,CE,Federal Contract Tower,0,13,41,0,54,0,5,8,0,13,0,18,49,0,67,13,0,13,80
01/27/2010,EAU,WI,AGL,CE,Federal Contract Tower,0,6,43,1,50,0,26,43,1,70,0,32,86,2,120,14,0,14,134
01/28/2010,EAU,WI,AGL,CE,Federal Contract Tower,0,9,33,0,42,0,9,26,0,35,0,18,59,0,77,14,0,14,91
01/29/2010,EAU,WI,AGL,CE,Federal Contract Tower,2,10,35,0,47,0,4,35,4,43,2,14,70,4,90,8,6,14,104
01/30/2010,EAU,WI,AGL,CE,Federal Contract Tower,0,8,15,2,25,0,1,53,0,54,0,9,68,2,79,10,0,10,89
01/31/2010,EAU,WI,AGL,CE,Federal Contract Tower,0,7,9,0,16,0,7,32,0,39,0,14,41,0,55,16,0,16,71
02/01/2010,EAU,WI,AGL,CE,Federal Contract Tower,0,8,43,0,51,0,0,18,0,18,0,8,61,0,69,0,0,0,69
02/02/2010,EAU,WI,AGL,CE,Federal Contract Tower,0,7,36,0,43,0,3,6,0,9,0,10,42,0,52,0,0,0,52
02/03/2010,EAU,WI,AGL,CE,Federal Contract Tower,0,8,45,2,55,0,3,30,3,36,0,11,75,5,91,34,0,34,125
02/04/2010,EAU,WI,AGL,CE,Federal Contract Tower,0,9,40,0,49,0,0,9,0,9,0,9,49,0,58,0,0,0,58
02/05/2010,EAU,WI,AGL,CE,Federal Contract Tower,0,9,11,0,20,0,0,1,0,1,0,9,12,0,21,0,0,0,21
02/06/2010,EAU,WI,AGL,CE,Federal Contract Tower,0,11,14,0,25,0,6,44,0,50,0,17,58,0,75,24,0,24,99
02/07/2010,EAU,WI,AGL,CE,Federal Contract Tower,0,7,7,0,14,0,0,16,0,16,0,7,23,0,30,0,0,0,30
02/08/2010,EAU,WI,AGL,CE,Federal Contract Tower,0,7,21,0,28,0,0,4,0,4,0,7,25,0,32,16,0,16,48
02/09/2010,EAU,WI,AGL,CE,Federal Contract Tower,0,8,30,0,38,0,0,3,0,3,0,8,33,0,41,0,2,2,43
02/10/2010,EAU,WI,AGL,CE,Federal Contract Tower,0,8,37,4,49,0,18,37,2,57,0,26,74,6,106,18,2,20,126
02/11/2010,EAU,WI,AGL,CE,Federal Contract Tower,0,8,43,0,51,0,12,46,2,60,0,20,89,2,111,24,0,24,135
02/12/2010,EAU,WI,AGL,CE,Federal Contract Tower,0,7,16,0,23,0,10,29,2,41,0,17,45,2,64,22,0,22,86
02/13/2010,EAU,WI,AGL,CE,Federal Contract Tower,0,8,10,0,18,0,4,27,0,31,0,12,37,0,49,54,0,54,103
02/14/2010,EAU,WI,AGL,CE,Federal Contract Tower,0,7,11,0,18,0,8,22,0,30,0,15,33,0,48,16,0,16,64
02/15/2010,EAU,WI,AGL,CE,Federal Contract Tower,0,9,14,0,23,0,2,6,0,8,0,11,20,0,31,8,0,8,39
02/16/2010,EAU,WI,AGL,CE,Federal Contract Tower,0,8,25,0,33,0,5,24,6,35,0,13,49,6,68,0,0,0,68
02/17/2010,EAU,WI,AGL,CE,Federal Contract Tower,0,7,16,0,23,0,1,15,2,18,0,8,31,2,41,12,2,14,55
02/18/2010,EAU,WI,AGL,CE,Federal Contract Tower,0,10,17,0,27,0,4,36,0,40,0,14,53,0,67,30,0,30,97
02/19/2010,EAU,WI,AGL,CE,Federal Contract Tower,0,9,23,1,33,0,5,42,1,48,0,14,65,2,81,64,0,64,145
02/20/2010,EAU,WI,AGL,CE,Federal Contract Tower,0,9,8,2,19,0,2,21,0,23,0,11,29,2,42,0,0,0,42
02/21/2010,EAU,WI,AGL,CE,Federal Contract Tower,0,8,6,0,14,0,2,41,0,43,0,10,47,0,57,22,0,22,79
02/22/2010,EAU,WI,AGL,CE,Federal Contract Tower,0,8,23,0,31,0,5,4,1,10,0,13,27,1,41,0,0,0,41
02/23/2010,EAU,WI,AGL,CE,Federal Contract Tower,0,8,20,0,28,0,0,0,0,0,0,8,20,0,28,0,0,0,28
02/24/2010,EAU,WI,AGL,CE,Federal Contract Tower,0,8,14,1,23,0,6,21,1,28,0,14,35,2,51,102,0,102,153
02/25/2010,EAU,WI,AGL,CE,Federal Contract Tower,0,7,24,0,31,0,2,42,5,49,0,9,66,5,80,42,5,47,127
02/26/2010,EAU,WI,AGL,CE,Federal Contract Tower,0,8,19,0,27,0,5,41,6,52,0,13,60,6,79,43,8,51,130
02/27/2010,EAU,WI,AGL,CE,Federal Contract Tower,0,8,9,2,19,0,2,51,0,53,0,10,60,2,72,16,2,18,90
02/28/2010,EAU,WI,AGL,CE,Federal Contract Tower,2,6,9,0,17,0,2,39,0,41,2,8,48,0,58,46,0,46,104
03/01/2010,EAU,WI,AGL,CE,Federal Contract Tower,0,5,21,0,26,0,11,32,0,43,0,16,53,0,69,34,0,34,103
03/02/2010,EAU,WI,AGL,CE,Federal Contract Tower,0,7,21,0,28,0,23,23,2,48,0,30,44,2,76,42,0,42,118
03/03/2010,EAU,WI,AGL,CE,Federal Contract Tower,0,5,23,2,30,0,13,38,0,51,0,18,61,2,81,12,0,12,93
03/04/2010,EAU,WI,AGL,CE,Federal Contract Tower,0,5,37,0,42,0,4,45,2,51,0,9,82,2,93,36,0,36,129
03/05/2010,EAU,WI,AGL,CE,Federal Contract Tower,0,5,17,3,25,0,3,56,2,61,0,8,73,5,86,4,0,4,90
03/06/2010,EAU,WI,AGL,CE,Federal Contract Tower,0,5,14,0,19,0,7,92,0,99,0,12,106,0,118,6,0,6,124
03/07/2010,EAU,WI,AGL,CE,Federal Contract Tower,0,4,9,0,13,0,9,50,0,59,0,13,59,0,72,13,0,13,85
03/08/2010,EAU,WI,AGL,CE,Federal Contract Tower,0,5,28,0,33,0,2,1,0,3,0,7,29,0,36,0,0,0,36
03/09/2010,EAU,WI,AGL,CE,Federal Contract Tower,0,5,26,0,31,0,0,0,0,0,0,5,26,0,31,0,0,0,31
03/10/2010,EAU,WI,AGL,CE,Federal Contract Tower,0,5,21,0,26,0,0,0,0,0,0,5,21,0,26,0,0,0,26
03/11/2010,EAU,WI,AGL,CE,Federal Contract Tower,0,5,20,0,25,0,0,0,0,0,0,5,20,0,25,0,0,0,25
03/12/2010,EAU,WI,AGL,CE,Federal Contract Tower,0,4,25,0,29,0,0,0,0,0,0,4,25,0,29,0,0,0,29
03/13/2010,EAU,WI,AGL,CE,Federal Contract Tower,0,6,5,2,13,0,0,0,0,0,0,6,5,2,13,0,0,0,13
03/14/2010,EAU,WI,AGL,CE,Federal Contract Tower,0,6,18,0,24,0,1,38,0,39,0,7,56,0,63,22,0,22,85
03/15/2010,EAU,WI,AGL,CE,Federal Contract Tower,0,5,31,2,38,0,5,23,1,29,0,10,54,3,67,22,0,22,89
03/16/2010,EAU,WI,AGL,CE,Federal Contract Tower,0,5,26,0,31,0,2,19,0,21,0,7,45,0,52,0,0,0,52
03/17/2010,EAU,WI,AGL,CE,Federal Contract Tower,0,5,26,0,31,0,8,57,0,65,0,13,83,0,96,8,0,8,104
03/18/2010,EAU,WI,AGL,CE,Federal Contract Tower,0,7,28,0,35,0,2,53,0,55,0,9,81,0,90,14,0,14,104
03/19/2010,EAU,WI,AGL,CE,Federal Contract Tower,0,5,16,0,21,0,0,16,0,16,0,5,32,0,37,24,0,24,61
03/20/2010,EAU,WI,AGL,CE,Federal Contract Tower,0,5,12,0,17,0,4,53,0,57,0,9,65,0,74,34,0,34,108
03/21/2010,EAU,WI,AGL,CE,Federal Contract Tower,0,4,21,0,25,0,5,109,0,114,0,9,130,0,139,42,0,42,181
03/22/2010,EAU,WI,AGL,CE,Federal Contract Tower,0,4,26,0,30,0,2,26,0,28,0,6,52,0,58,8,0,8,66
03/23/2010,EAU,WI,AGL,CE,Federal Contract Tower,0,5,29,0,34,0,12,38,1,51,0,17,67,1,85,11,0,11,96
03/24/2010,EAU,WI,AGL,CE,Federal Contract Tower,0,5,40,0,45,0,6,37,2,45,0,11,77,2,90,6,0,6,96
03/25/2010,EAU,WI,AGL,CE,Federal Contract Tower,0,6,40,0,46,0,0,24,0,24,0,6,64,0,70,36,0,36,106
03/26/2010,EAU,WI,AGL,CE,Federal Contract Tower,0,6,18,2,26,0,2,20,0,22,0,8,38,2,48,14,0,14,62
03/27/2010,EAU,WI,AGL,CE,Federal Contract Tower,0,4,20,0,24,0,8,20,4,32,0,12,40,4,56,2,0,2,58
03/28/2010,EAU,WI,AGL,CE,Federal Contract Tower,0,4,9,0,13,0,10,16,1,27,0,14,25,1,40,4,0,4,44
03/29/2010,EAU,WI,AGL,CE,Federal Contract Tower,0,5,21,0,26,0,14,26,0,40,0,19,47,0,66,24,0,24,90
03/30/2010,EAU,WI,AGL,CE,Federal Contract Tower,0,4,21,3,28,0,7,10,0,17,0,11,31,3,45,2,2,4,49
03/31/2010,EAU,WI,AGL,CE,Federal Contract Tower,0,7,26,0,33,0,2,34,0,36,0,9,60,0,69,6,0,6,75
04/01/2010,EAU,WI,AGL,CE,Federal Contract Tower,0,5,28,0,33,0,1,32,0,33,0,6,60,0,66,8,0,8,74
04/02/2010,EAU,WI,AGL,CE,Federal Contract Tower,0,5,14,0,19,0,4,12,0,16,0,9,26,0,35,4,0,4,39
04/03/2010,EAU,WI,AGL,CE,Federal Contract Tower,0,6,9,0,15,0,14,22,0,36,0,20,31,0,51,0,0,0,51
04/04/2010,EAU,WI,AGL,CE,Federal Contract Tower,0,5,6,0,11,0,8,20,0,28,0,13,26,0,39,6,0,6,45
04/05/2010,EAU,WI,AGL,CE,Federal Contract Tower,0,9,17,0,26,0,0,25,0,25,0,9,42,0,51,26,0,26,77
04/06/2010,EAU,WI,AGL,CE,Federal Contract Tower,0,5,16,0,21,0,1,5,0,6,0,6,21,0,27,0,0,0,27
04/07/2010,EAU,WI,AGL,CE,Federal Contract Tower,0,3,23,0,26,0,3,13,0,16,0,6,36,0,42,2,0,2,44
04/08/2010,EAU,WI,AGL,CE,Federal Contract Tower,0,5,20,0,25,0,3,14,2,19,0,8,34,2,44,38,0,38,82
04/09/2010,EAU,WI,AGL,CE,Federal Contract Tower,0,5,12,0,17,0,4,56,2,62,0,9,68,2,79,26,0,26,105
04/10/2010,EAU,WI,AGL,CE,Federal Contract Tower,0,8,7,0,15,0,2,35,2,39,0,10,42,2,54,14,0,14,68
04/11/2010,EAU,WI,AGL,CE,Federal Contract Tower,0,4,10,0,14,0,4,67,2,73,0,8,77,2,87,22,0,22,109
04/12/2010,EAU,WI,AGL,CE,Federal Contract Tower,0,5,35,0,40,0,0,21,1,22,0,5,56,1,62,2,0,2,64
04/13/2010,EAU,WI,AGL,CE,Federal Contract Tower,0,6,23,0,29,0,2,8,0,10,0,8,31,0,39,0,0,0,39
04/14/2010,EAU,WI,AGL,CE,Federal Contract Tower,0,6,19,0,25,0,12,14,0,26,0,18,33,0,51,22,0,22,73
04/15/2010,EAU,WI,AGL,CE,Federal Contract Tower,0,6,29,0,35,0,5,15,2,22,0,11,44,2,57,0,6,6,63
04/16/2010,EAU,WI,AGL,CE,Federal Contract Tower,0,5,15,0,20,0,6,29,0,35,0,11,44,0,55,0,0,0,55
04/17/2010,EAU,WI,AGL,CE,Federal Contract Tower,0,5,10,5,20,0,6,75,2,83,0,11,85,7,103,8,0,8,111
04/18/2010,EAU,WI,AGL,CE,Federal Contract Tower,0,7,9,0,16,0,15,107,2,124,0,22,116,2,140,50,0,50,190
04/19/2010,EAU,WI,AGL,CE,Federal Contract Tower,0,5,28,0,33,0,8,24,3,35,0,13,52,3,68,10,0,10,78
04/20/2010,EAU,WI,AGL,CE,Federal Contract Tower,0,5,27,0,32,0,2,31,0,33,0,7,58,0,65,12,0,12,77
04/21/2010,EAU,WI,AGL,CE,Federal Contract Tower,0,6,25,2,33,0,0,33,2,35,0,6,58,4,68,8,0,8,76
04/22/2010,EAU,WI,AGL,CE,Federal Contract Tower,0,6,28,0,34,0,15,41,6,62,0,21,69,6,96,36,0,36,132
04/23/2010,EAU,WI,AGL,CE,Federal Contract Tower,0,7,17,0,24,0,8,34,4,46,0,15,51,4,70,2,0,2,72
04/24/2010,EAU,WI,AGL,CE,Federal Contract Tower,2,5,7,0,14,0,2,3,0,5,2,7,10,0,19,0,0,0,19
04/25/2010,EAU,WI,AGL,CE,Federal Contract Tower,0,4,7,0,11,0,2,22,0,24,0,6,29,0,35,18,0,18,53
04/26/2010,EAU,WI,AGL,CE,Federal Contract Tower,0,5,27,0,32,0,3,37,2,42,0,8,64,2,74,22,0,22,96
04/27/2010,EAU,WI,AGL,CE,Federal Contract Tower,2,6,19,2,29,0,5,39,0,44,2,11,58,2,73,28,0,28,101
04/28/2010,EAU,WI,AGL,CE,Federal Contract Tower,0,6,23,2,31,0,5,38,0,43,0,11,61,2,74,12,0,12,86
04/29/2010,EAU,WI,AGL,CE,Federal Contract Tower,0,9,22,0,31,0,8,16,2,26,0,17,38,2,57,46,0,46,103
04/30/2010,EAU,WI,AGL,CE,Federal Contract Tower,0,7,19,0,26,0,5,7,0,12,0,12,26,0,38,0,0,0,38
05/01/2010,EAU,WI,AGL,CE,Federal Contract Tower,0,5,11,0,16,0,10,15,0,25,0,15,26,0,41,0,0,0,41
05/02/2010,EAU,WI,AGL,CE,Federal Contract Tower,0,4,13,0,17,0,9,32,0,41,0,13,45,0,58,10,0,10,68
05/03/2010,EAU,WI,AGL,CE,Federal Contract Tower,0,4,22,0,26,0,9,17,0,26,0,13,39,0,52,36,0,36,88
05/04/2010,EAU,WI,AGL,CE,Federal Contract Tower,0,5,19,0,24,0,0,14,0,14,0,5,33,0,38,0,0,0,38
05/05/2010,EAU,WI,AGL,CE,Federal Contract Tower,0,5,25,2,32,0,5,17,0,22,0,10,42,2,54,0,0,0,54
05/06/2010,EAU,WI,AGL,CE,Federal Contract Tower,0,4,30,0,34,0,4,35,3,42,0,8,65,3,76,52,2,54,130
05/07/2010,EAU,WI,AGL,CE,Federal Contract Tower,0,5,18,2,25,0,1,1,0,2,0,6,19,2,27,0,0,0,27
05/08/2010,EAU,WI,AGL,CE,Federal Contract Tower,0,6,11,0,17,0,4,11,0,15,0,10,22,0,32,0,0,0,32
05/09/2010,EAU,WI,AGL,CE,Federal Contract Tower,0,4,9,1,14,0,10,57,4,71,0,14,66,5,85,22,0,22,107
05/10/2010,EAU,WI,AGL,CE,Federal Contract Tower,1,7,26,0,34,0,6,21,3,30,1,13,47,3,64,4,0,4,68
05/11/2010,EAU,WI,AGL,CE,Federal Contract Tower,0,3,16,0,19,0,2,7,0,9,0,5,23,0,28,0,0,0,28
05/12/2010,EAU,WI,AGL,CE,Federal Contract Tower,0,4,24,2,30,0,2,6,2,10,0,6,30,4,40,0,0,0,40
05/13/2010,EAU,WI,AGL,CE,Federal Contract Tower,0,6,35,0,41,0,0,2,0,2,0,6,37,0,43,2,0,2,45
05/14/2010,EAU,WI,AGL,CE,Federal Contract Tower,2,7,24,0,33,0,2,21,5,28,2,9,45,5,61,0,0,0,61
05/15/2010,EAU,WI,AGL,CE,Federal Contract Tower,0,5,11,2,18,0,2,77,13,92,0,7,88,15,110,8,2,10,120
05/16/2010,EAU,WI,AGL,CE,Federal Contract Tower,0,4,9,0,13,0,4,74,0,78,0,8,83,0,91,10,0,10,101
05/17/2010,EAU,WI,AGL,CE,Federal Contract Tower,0,4,32,0,36,0,3,24,0,27,0,7,56,0,63,12,0,12,75
05/18/2010,EAU,WI,AGL,CE,Federal Contract Tower,0,6,18,0,24,0,6,34,2,42,0,12,52,2,66,10,0,10,76
05/19/2010,EAU,WI,AGL,CE,Federal Contract Tower,0,7,28,1,36,0,6,64,3,73,0,13,92,4,109,20,8,28,137
05/20/2010,EAU,WI,AGL,CE,Federal Contract Tower,0,4,25,0,29,0,15,77,2,94,0,19,102,2,123,30,0,30,153
05/21/2010,EAU,WI,AGL,CE,Federal Contract Tower,0,5,19,0,24,0,10,8,0,18,0,15,27,0,42,20,0,20,62
05/22/2010,EAU,WI,AGL,CE,Federal Contract Tower,0,7,20,1,28,0,2,18,0,20,0,9,38,1,48,2,0,2,50
05/23/2010,EAU,WI,AGL,CE,Federal Contract Tower,0,4,14,1,19,0,0,34,0,34,0,4,48,1,53,12,0,12,65
05/24/2010,EAU,WI,AGL,CE,Federal Contract Tower,0,5,37,0,42,0,9,15,0,24,0,14,52,0,66,2,0,2,68
05/25/2010,EAU,WI,AGL,CE,Federal Contract Tower,0,6,19,1,26,0,3,11,0,14,0,9,30,1,40,14,0,14,54
05/26/2010,EAU,WI,AGL,CE,Federal Contract Tower,0,6,20,0,26,0,4,38,0,42,0,10,58,0,68,12,0,12,80
05/27/2010,EAU,WI,AGL,CE,Federal Contract Tower,0,6,23,0,29,0,2,37,1,40,0,8,60,1,69,0,4,4,73
05/28/2010,EAU,WI,AGL,CE,Federal Contract Tower,0,6,12,1,19,0,11,34,1,46,0,17,46,2,65,14,0,14,79
05/29/2010,EAU,WI,AGL,CE,Federal Contract Tower,0,3,11,0,14,0,9,45,0,54,0,12,56,0,68,4,0,4,72
05/30/2010,EAU,WI,AGL,CE,Federal Contract Tower,0,5,7,0,12,0,5,21,0,26,0,10,28,0,38,0,0,0,38
05/31/2010,EAU,WI,AGL,CE,Federal Contract Tower,0,5,14,0,19,0,7,48,1,56,0,12,62,1,75,14,0,14,89
06/01/2010,EAU,WI,AGL,CE,Federal Contract Tower,0,5,23,1,29,0,3,26,4,33,0,8,49,5,62,8,28,36,98
06/02/2010,EAU,WI,AGL,CE,Federal Contract Tower,0,7,24,9,40,0,0,12,0,12,0,7,36,9,52,0,0,0,52
06/03/2010,EAU,WI,AGL,CE,Federal Contract Tower,0,12,26,7,45,0,0,59,26,85,0,12,85,33,130,4,0,4,134
06/04/2010,EAU,WI,AGL,CE,Federal Contract Tower,0,6,12,5,23,0,7,19,15,41,0,13,31,20,64,2,4,6,70
06/05/2010,EAU,WI,AGL,CE,Federal Contract Tower,0,8,18,2,28,0,4,94,4,102,0,12,112,6,130,89,0,89,219
06/06/2010,EAU,WI,AGL,CE,Federal Contract Tower,0,4,12,5,21,0,4,108,0,112,0,8,120,5,133,126,10,136,269
06/07/2010,EAU,WI,AGL,CE,Federal Contract Tower,0,9,34,5,48,0,3,31,2,36,0,12,65,7,84,12,0,12,96
06/08/2010,EAU,WI,AGL,CE,Federal Contract Tower,0,7,22,0,29,0,0,0,0,0,0,7,22,0,29,0,0,0,29
06/09/2010,EAU,WI,AGL,CE,Federal Contract Tower,0,6,31,0,37,0,0,35,0,35,0,6,66,0,72,14,0,14,86
06/10/2010,EAU,WI,AGL,CE,Federal Contract Tower,0,5,29,0,34,0,6,37,0,43,0,11,66,0,77,34,0,34,111
06/11/2010,EAU,WI,AGL,CE,Federal Contract Tower,0,6,18,6,30,0,0,1,0,1,0,6,19,6,31,0,0,0,31
06/12/2010,EAU,WI,AGL,CE,Federal Contract Tower,0,6,23,0,29,0,3,0,0,3,0,9,23,0,32,0,0,0,32
06/13/2010,EAU,WI,AGL,CE,Federal Contract Tower,0,4,7,0,11,0,0,8,0,8,0,4,15,0,19,0,0,0,19
06/14/2010,EAU,WI,AGL,CE,Federal Contract Tower,0,7,22,0,29,0,4,3,0,7,0,11,25,0,36,0,0,0,36
06/15/2010,EAU,WI,AGL,CE,Federal Contract Tower,0,4,23,0,27,0,0,0,0,0,0,4,23,0,27,0,0,0,27
06/16/2010,EAU,WI,AGL,CE,Federal Contract Tower,0,5,26,0,31,0,7,51,0,58,0,12,77,0,89,12,0,12,101
06/17/2010,EAU,WI,AGL,CE,Federal Contract Tower,0,5,28,0,33,0,7,19,0,26,0,12,47,0,59,0,0,0,59
06/18/2010,EAU,WI,AGL,CE,Federal Contract Tower,0,7,19,0,26,0,2,27,0,29,0,9,46,0,55,42,0,42,97
06/19/2010,EAU,WI,AGL,CE,Federal Contract Tower,0,5,12,0,17,0,3,37,0,40,0,8,49,0,57,42,0,42,99
06/20/2010,EAU,WI,AGL,CE,Federal Contract Tower,0,4,14,0,18,0,0,47,0,47,0,4,61,0,65,56,0,56,121
06/21/2010,EAU,WI,AGL,CE,Federal Contract Tower,0,4,26,0,30,0,3,14,0,17,0,7,40,0,47,4,0,4,51
06/22/2010,EAU,WI,AGL,CE,Federal Contract Tower,0,6,39,0,45,0,2,22,2,26,0,8,61,2,71,12,0,12,83
06/23/2010,EAU,WI,AGL,CE,Federal Contract Tower,0,8,19,2,29,0,17,48,3,68,0,25,67,5,97,28,16,44,141
06/24/2010,EAU,WI,AGL,CE,Federal Contract Tower,0,10,33,0,43,0,5,110,9,124,0,15,143,9,167,35,2,37,204
06/25/2010,EAU,WI,AGL,CE,Federal Contract Tower,0,7,14,0,21,0,13,49,0,62,0,20,63,0,83,38,0,38,121
06/26/2010,EAU,WI,AGL,CE,Federal Contract Tower,0,6,17,0,23,0,8,29,0,37,0,14,46,0,60,42,0,42,102
06/27/2010,EAU,WI,AGL,CE,Federal Contract Tower,0,3,16,0,19,0,2,38,0,40,0,5,54,0,59,24,0,24,83
06/28/2010,EAU,WI,AGL,CE,Federal Contract Tower,0,5,29,0,34,0,6,17,0,23,0,11,46,0,57,2,0,2,59
06/29/2010,EAU,WI,AGL,CE,Federal Contract Tower,0,5,25,8,38,0,7,59,2,68,0,12,84,10,106,26,2,28,134
06/30/2010,EAU,WI,AGL,CE,Federal Contract Tower,0,7,38,0,45,0,12,60,3,75,0,19,98,3,120,40,0,40,160
07/01/2010,EAU,WI,AGL,CE,Federal Contract Tower,2,5,23,0,30,0,5,51,0,56,2,10,74,0,86,30,0,30,116
07/02/2010,EAU,WI,AGL,CE,Federal Contract Tower,0,4,12,0,16,0,8,33,1,42,0,12,45,1,58,12,0,12,70
07/03/2010,EAU,WI,AGL,CE,Federal Contract Tower,0,5,6,0,11,0,3,35,3,41,0,8,41,3,52,6,0,6,58
07/04/2010,EAU,WI,AGL,CE,Federal Contract Tower,2,4,8,0,14,0,5,2,0,7,2,9,10,0,21,0,0,0,21
07/05/2010,EAU,WI,AGL,CE,Federal Contract Tower,0,5,20,2,27,0,2,6,0,8,0,7,26,2,35,0,0,0,35
07/06/2010,EAU,WI,AGL,CE,Federal Contract Tower,0,5,23,0,28,0,7,14,0,21,0,12,37,0,49,0,0,0,49
07/07/2010,EAU,WI,AGL,CE,Federal Contract Tower,0,5,33,0,38,0,8,22,0,30,0,13,55,0,68,14,0,14,82
07/08/2010,EAU,WI,AGL,CE,Federal Contract Tower,0,5,25,0,30,0,1,47,0,48,0,6,72,0,78,24,0,24,102
07/09/2010,EAU,WI,AGL,CE,Federal Contract Tower,0,5,15,4,24,0,3,60,7,70,0,8,75,11,94,28,4,32,126
07/10/2010,EAU,WI,AGL,CE,Federal Contract Tower,0,6,9,0,15,0,10,40,0,50,0,16,49,0,65,0,0,0,65
07/11/2010,EAU,WI,AGL,CE,Federal Contract Tower,0,4,8,0,12,0,6,33,0,39,0,10,41,0,51,34,0,34,85
07/12/2010,EAU,WI,AGL,CE,Federal Contract Tower,0,7,30,0,37,0,2,37,3,42,0,9,67,3,79,14,0,14,93
07/13/2010,EAU,WI,AGL,CE,Federal Contract Tower,0,7,29,0,36,0,5,44,0,49,0,12,73,0,85,20,0,20,105
07/14/2010,EAU,WI,AGL,CE,Federal Contract Tower,0,5,26,0,31,0,0,15,0,15,0,5,41,0,46,0,0,0,46
07/15/2010,EAU,WI,AGL,CE,Federal Contract Tower,0,7,36,0,43,0,7,49,4,60,0,14,85,4,103,28,0,28,131
07/16/2010,EAU,WI,AGL,CE,Federal Contract Tower,0,5,21,3,29,0,13,51,2,66,0,18,72,5,95,32,0,32,127
07/17/2010,EAU,WI,AGL,CE,Federal Contract Tower,0,6,17,0,23,0,6,46,8,60,0,12,63,8,83,12,0,12,95
07/18/2010,EAU,WI,AGL,CE,Federal Contract Tower,0,5,17,0,22,0,4,23,0,27,0,9,40,0,49,6,0,6,55
07/19/2010,EAU,WI,AGL,CE,Federal Contract Tower,0,5,33,0,38,0,4,21,2,27,0,9,54,2,65,26,0,26,91
07/20/2010,EAU,WI,AGL,CE,Federal Contract Tower,0,5,29,0,34,0,5,30,0,35,0,10,59,0,69,12,0,12,81
07/21/2010,EAU,WI,AGL,CE,Federal Contract Tower,0,5,22,0,27,0,6,65,0,71,0,11,87,0,98,14,0,14,112
07/22/2010,EAU,WI,AGL,CE,Federal Contract Tower,0,5,31,0,36,0,2,0,0,2,0,7,31,0,38,0,0,0,38
07/23/2010,EAU,WI,AGL,CE,Federal Contract Tower,0,6,16,0,22,0,0,45,2,47,0,6,61,2,69,20,0,20,89
07/24/2010,EAU,WI,AGL,CE,Federal Contract Tower,0,5,7,0,12,0,7,42,0,49,0,12,49,0,61,26,0,26,87
07/25/2010,EAU,WI,AGL,CE,Federal Contract Tower,0,2,9,0,11,0,7,83,3,93,0,9,92,3,104,18,0,18,122
07/26/2010,EAU,WI,AGL,CE,Federal Contract Tower,0,7,25,0,32,0,2,39,0,41,0,9,64,0,73,34,0,34,107
07/27/2010,EAU,WI,AGL,CE,Federal Contract Tower,0,6,17,0,23,0,8,15,0,23,0,14,32,0,46,22,0,22,68
07/28/2010,EAU,WI,AGL,CE,Federal Contract Tower,0,5,28,0,33,0,6,62,0,68,0,11,90,0,101,34,0,34,135
07/29/2010,EAU,WI,AGL,CE,Federal Contract Tower,0,8,30,0,38,0,63,2,0,65,0,71,32,0,103,6,0,6,109
07/30/2010,EAU,WI,AGL,CE,Federal Contract Tower,0,5,15,2,22,0,4,33,0,37,0,9,48,2,59,34,0,34,93
07/31/2010,EAU,WI,AGL,CE,Federal Contract Tower,0,5,15,0,20,0,2,20,0,22,0,7,35,0,42,2,0,2,44
08/01/2010,EAU,WI,AGL,CE,Federal Contract Tower,0,5,6,0,11,0,10,38,0,48,0,15,44,0,59,14,0,14,73
08/02/2010,EAU,WI,AGL,CE,Federal Contract Tower,0,7,29,0,36,0,1,23,3,27,0,8,52,3,63,6,0,6,69
08/03/2010,EAU,WI,AGL,CE,Federal Contract Tower,0,7,25,0,32,0,7,9,2,18,0,14,34,2,50,26,0,26,76
08/04/2010,EAU,WI,AGL,CE,Federal Contract Tower,0,4,19,4,27,0,2,35,0,37,0,6,54,4,64,44,0,44,108
08/05/2010,EAU,WI,AGL,CE,Federal Contract Tower,0,8,27,1,36,0,0,48,0,48,0,8,75,1,84,36,0,36,120
08/06/2010,EAU,WI,AGL,CE,Federal Contract Tower,0,5,19,2,26,0,5,43,0,48,0,10,62,2,74,32,0,32,106
08/07/2010,EAU,WI,AGL,CE,Federal Contract Tower,2,6,11,0,19,0,0,0,0,0,2,6,11,0,19,26,0,26,45
08/08/2010,EAU,WI,AGL,CE,Federal Contract Tower,0,5,8,1,14,0,13,23,1,37,0,18,31,2,51,0,0,0,51
08/09/2010,EAU,WI,AGL,CE,Federal Contract Tower,0,5,27,0,32,0,4,24,0,28,0,9,51,0,60,14,0,14,74
08/10/2010,EAU,WI,AGL,CE,Federal Contract Tower,0,6,36,0,42,0,4,20,9,33,0,10,56,9,75,2,5,7,82
08/11/2010,EAU,WI,AGL,CE,Federal Contract Tower,0,8,53,1,62,0,8,25,0,33,0,16,78,1,95,36,0,36,131
08/12/2010,EAU,WI,AGL,CE,Federal Contract Tower,0,5,43,0,48,0,4,39,4,47,0,9,82,4,95,10,0,10,105
08/13/2010,EAU,WI,AGL,CE,Federal Contract Tower,0,5,8,4,17,0,0,7,5,12,0,5,15,9,29,4,0,4,33
08/14/2010,EAU,WI,AGL,CE,Federal Contract Tower,0,7,6,2,15,0,7,20,1,28,0,14,26,3,43,10,0,10,53
08/15/2010,EAU,WI,AGL,CE,Federal Contract Tower,0,4,9,0,13,0,7,29,1,37,0,11,38,1,50,18,0,18,68
08/16/2010,EAU,WI,AGL,CE,Federal Contract Tower,0,7,28,0,35,0,9,34,0,43,0,16,62,0,78,14,0,14,92
08/17/2010,EAU,WI,AGL,CE,Federal Contract Tower,0,5,23,0,28,0,2,50,0,52,0,7,73,0,80,24,0,24,104
08/18/2010,EAU,WI,AGL,CE,Federal Contract Tower,0,6,26,0,32,0,5,13,4,22,0,11,39,4,54,36,8,44,98
08/19/2010,EAU,WI,AGL,CE,Federal Contract Tower,0,9,28,0,37,0,5,13,2,20,0,14,41,2,57,0,2,2,59
08/20/2010,EAU,WI,AGL,CE,Federal Contract Tower,2,5,20,0,27,0,2,18,0,20,2,7,38,0,47,18,0,18,65
08/21/2010,EAU,WI,AGL,CE,Federal Contract Tower,0,6,18,0,24,0,2,12,0,14,0,8,30,0,38,12,0,12,50
08/22/2010,EAU,WI,AGL,CE,Federal Contract Tower,0,5,5,0,10,0,7,37,1,45,0,12,42,1,55,4,0,4,59
08/23/2010,EAU,WI,AGL,CE,Federal Contract Tower,0,5,32,0,37,0,5,27,0,32,0,10,59,0,69,58,0,58,127
08/24/2010,EAU,WI,AGL,CE,Federal Contract Tower,0,6,28,0,34,0,4,26,2,32,0,10,54,2,66,42,0,42,108
08/25/2010,EAU,WI,AGL,CE,Federal Contract Tower,0,7,24,0,31,0,6,43,0,49,0,13,67,0,80,46,0,46,126
08/26/2010,EAU,WI,AGL,CE,Federal Contract Tower,0,5,25,0,30,0,7,49,0,56,0,12,74,0,86,48,0,48,134
08/27/2010,EAU,WI,AGL,CE,Federal Contract Tower,0,6,20,0,26,0,6,46,0,52,0,12,66,0,78,48,0,48,126
08/28/2010,EAU,WI,AGL,CE,Federal Contract Tower,0,5,8,0,13,0,5,25,3,33,0,10,33,3,46,4,0,4,50
08/29/2010,EAU,WI,AGL,CE,Federal Contract Tower,0,5,5,0,10,0,5,26,1,32,0,10,31,1,42,4,0,4,46
08/30/2010,EAU,WI,AGL,CE,Federal Contract Tower,0,6,18,0,24,0,1,28,0,29,0,7,46,0,53,16,0,16,69
08/31/2010,EAU,WI,AGL,CE,Federal Contract Tower,0,10,24,0,34,0,2,12,0,14,0,12,36,0,48,6,0,6,54
09/01/2010,EAU,WI,AGL,CE,Federal Contract Tower,0,5,19,2,26,0,4,47,5,56,0,9,66,7,82,30,0,30,112
09/02/2010,EAU,WI,AGL,CE,Federal Contract Tower,0,6,16,0,22,0,2,4,0,6,0,8,20,0,28,0,0,0,28
09/03/2010,EAU,WI,AGL,CE,Federal Contract Tower,0,7,26,2,35,0,3,9,4,16,0,10,35,6,51,16,0,16,67
09/04/2010,EAU,WI,AGL,CE,Federal Contract Tower,0,4,9,0,13,0,14,39,0,53,0,18,48,0,66,8,0,8,74
09/05/2010,EAU,WI,AGL,CE,Federal Contract Tower,0,5,5,0,10,0,13,66,0,79,0,18,71,0,89,28,0,28,117
09/06/2010,EAU,WI,AGL,CE,Federal Contract Tower,0,8,10,0,18,0,4,13,0,17,0,12,23,0,35,22,0,22,57
09/07/2010,EAU,WI,AGL,CE,Federal Contract Tower,0,5,26,0,31,0,0,5,0,5,0,5,31,0,36,0,0,0,36
09/08/2010,EAU,WI,AGL,CE,Federal Contract Tower,0,6,27,6,39,0,2,30,6,38,0,8,57,12,77,18,8,26,103
09/09/2010,EAU,WI,AGL,CE,Federal Contract Tower,0,7,24,0,31,0,0,43,6,49,0,7,67,6,80,82,0,82,162
09/10/2010,EAU,WI,AGL,CE,Federal Contract Tower,0,6,11,0,17,0,2,25,3,30,0,8,36,3,47,20,0,20,67
09/11/2010,EAU,WI,AGL,CE,Federal Contract Tower,0,5,10,0,15,0,4,23,0,27,0,9,33,0,42,22,0,22,64
09/12/2010,EAU,WI,AGL,CE,Federal Contract Tower,0,5,8,1,14,0,13,64,1,78,0,18,72,2,92,24,0,24,116
09/13/2010,EAU,WI,AGL,CE,Federal Contract Tower,0,6,15,4,25,0,0,42,4,46,0,6,57,8,71,12,2,14,85
09/14/2010,EAU,WI,AGL,CE,Federal Contract Tower,0,5,16,3,24,0,1,39,2,42,0,6,55,5,66,2,0,2,68
09/15/2010,EAU,WI,AGL,CE,Federal Contract Tower,0,9,32,1,42,0,4,15,1,20,0,13,47,2,62,6,0,6,68
09/16/2010,EAU,WI,AGL,CE,Federal Contract Tower,0,6,32,1,39,0,8,24,0,32,0,14,56,1,71,22,0,22,93
09/17/2010,EAU,WI,AGL,CE,Federal Contract Tower,0,6,15,2,23,0,4,7,0,11,0,10,22,2,34,18,0,18,52
09/18/2010,EAU,WI,AGL,CE,Federal Contract Tower,0,5,9,1,15,0,7,53,1,61,0,12,62,2,76,36,0,36,112
09/19/2010,EAU,WI,AGL,CE,Federal Contract Tower,0,4,9,0,13,0,3,60,0,63,0,7,69,0,76,24,0,24,100
09/20/2010,EAU,WI,AGL,CE,Federal Contract Tower,0,5,22,0,27,0,6,8,0,14,0,11,30,0,41,8,0,8,49
09/21/2010,EAU,WI,AGL,CE,Federal Contract Tower,0,5,21,0,26,0,6,21,0,27,0,11,42,0,53,34,0,34,87
09/22/2010,EAU,WI,AGL,CE,Federal Contract Tower,0,6,36,0,42,0,8,53,5,66,0,14,89,5,108,72,0,72,180
09/23/2010,EAU,WI,AGL,CE,Federal Contract Tower,2,7,32,0,41,0,0,1,0,1,2,7,33,0,42,0,0,0,42
09/24/2010,EAU,WI,AGL,CE,Federal Contract Tower,2,9,22,0,33,0,3,6,0,9,2,12,28,0,42,0,0,0,42
09/25/2010,EAU,WI,AGL,CE,Federal Contract Tower,0,6,15,0,21,0,0,28,1,29,0,6,43,1,50,22,0,22,72
09/26/2010,EAU,WI,AGL,CE,Federal Contract Tower,2,4,13,0,19,0,2,112,0,114,2,6,125,0,133,22,0,22,155
09/27/2010,EAU,WI,AGL,CE,Federal Contract Tower,0,5,26,0,31,0,4,27,3,34,0,9,53,3,65,8,4,12,77
09/28/2010,EAU,WI,AGL,CE,Federal Contract Tower,0,5,16,0,21,0,7,30,1,38,0,12,46,1,59,62,0,62,121
09/29/2010,EAU,WI,AGL,CE,Federal Contract Tower,0,5,22,2,29,0,8,21,0,29,0,13,43,2,58,22,0,22,80
09/30/2010,EAU,WI,AGL,CE,Federal Contract Tower,0,5,26,0,31,0,4,49,2,55,0,9,75,2,86,38,0,38,124
10/01/2010,EAU,WI,AGL,CE,Federal Contract Tower,0,7,20,0,27,0,0,17,0,17,0,7,37,0,44,2,0,2,46
10/02/2010,EAU,WI,AGL,CE,Federal Contract Tower,0,5,8,0,13,0,8,29,0,37,0,13,37,0,50,8,0,8,58
10/03/2010,EAU,WI,AGL,CE,Federal Contract Tower,0,4,7,0,11,0,15,46,0,61,0,19,53,0,72,0,0,0,72
10/04/2010,EAU,WI,AGL,CE,Federal Contract Tower,0,5,23,0,28,0,2,29,0,31,0,7,52,0,59,14,0,14,73
10/05/2010,EAU,WI,AGL,CE,Federal Contract Tower,0,7,30,0,37,0,34,2,0,36,0,41,32,0,73,46,0,46,119
10/06/2010,EAU,WI,AGL,CE,Federal Contract Tower,0,5,29,0,34,0,3,17,0,20,0,8,46,0,54,18,0,18,72
10/07/2010,EAU,WI,AGL,CE,Federal Contract Tower,0,7,30,0,37,0,4,46,0,50,0,11,76,0,87,48,0,48,135
10/08/2010,EAU,WI,AGL,CE,Federal Contract Tower,0,7,19,0,26,0,6,46,3,55,0,13,65,3,81,20,0,20,101
10/09/2010,EAU,WI,AGL,CE,Federal Contract Tower,0,5,14,0,19,0,3,95,3,101,0,8,109,3,120,8,0,8,128
10/10/2010,EAU,WI,AGL,CE,Federal Contract Tower,0,5,15,0,20,0,6,53,0,59,0,11,68,0,79,12,0,12,91
10/11/2010,EAU,WI,AGL,CE,Federal Contract Tower,0,7,21,0,28,0,6,21,0,27,0,13,42,0,55,30,0,30,85
10/12/2010,EAU,WI,AGL,CE,Federal Contract Tower,0,5,35,0,40,0,2,29,6,37,0,7,64,6,77,4,0,4,81
10/13/2010,EAU,WI,AGL,CE,Federal Contract Tower,0,7,28,0,35,0,10,42,2,54,0,17,70,2,89,10,0,10,99
10/14/2010,EAU,WI,AGL,CE,Federal Contract Tower,0,5,24,0,29,0,5,40,7,52,0,10,64,7,81,2,16,18,99
10/15/2010,EAU,WI,AGL,CE,Federal Contract Tower,0,7,17,0,24,0,3,54,6,63,0,10,71,6,87,4,0,4,91
10/16/2010,EAU,WI,AGL,CE,Federal Contract Tower,0,5,8,0,13,0,6,49,0,55,0,11,57,0,68,0,0,0,68
10/17/2010,EAU,WI,AGL,CE,Federal Contract Tower,2,4,12,0,18,0,3,47,0,50,2,7,59,0,68,0,0,0,68
10/18/2010,EAU,WI,AGL,CE,Federal Contract Tower,0,6,37,0,43,0,4,26,0,30,0,10,63,0,73,6,0,6,79
10/19/2010,EAU,WI,AGL,CE,Federal Contract Tower,0,8,43,0,51,0,4,30,0,34,0,12,73,0,85,20,0,20,105
10/20/2010,EAU,WI,AGL,CE,Federal Contract Tower,0,6,56,0,62,0,8,17,0,25,0,14,73,0,87,24,0,24,111
10/21/2010,EAU,WI,AGL,CE,Federal Contract Tower,2,5,37,0,44,0,19,26,6,51,2,24,63,6,95,6,18,24,119
10/22/2010,EAU,WI,AGL,CE,Federal Contract Tower,0,5,28,0,33,0,8,58,0,66,0,13,86,0,99,28,0,28,127
10/23/2010,EAU,WI,AGL,CE,Federal Contract Tower,0,5,16,0,21,0,1,12,0,13,0,6,28,0,34,0,0,0,34
10/24/2010,EAU,WI,AGL,CE,Federal Contract Tower,0,4,6,0,10,0,0,0,0,0,0,4,6,0,10,0,0,0,10
10/25/2010,EAU,WI,AGL,CE,Federal Contract Tower,0,5,43,0,48,0,1,11,0,12,0,6,54,0,60,20,0,20,80
10/26/2010,EAU,WI,AGL,CE,Federal Contract Tower,0,4,34,0,38,0,0,6,0,6,0,4,40,0,44,0,0,0,44
10/27/2010,EAU,WI,AGL,CE,Federal Contract Tower,0,3,26,0,29,0,0,6,0,6,0,3,32,0,35,0,0,0,35
10/28/2010,EAU,WI,AGL,CE,Federal Contract Tower,0,5,34,0,39,0,2,16,0,18,0,7,50,0,57,0,0,0,57
10/29/2010,EAU,WI,AGL,CE,Federal Contract Tower,0,5,28,0,33,0,7,53,3,63,0,12,81,3,96,16,18,34,130
10/30/2010,EAU,WI,AGL,CE,Federal Contract Tower,0,5,15,0,20,0,6,55,0,61,0,11,70,0,81,4,0,4,85
10/31/2010,EAU,WI,AGL,CE,Federal Contract Tower,0,6,5,1,12,0,2,53,4,59,0,8,58,5,71,12,0,12,83
11/01/2010,EAU,WI,AGL,CE,Federal Contract Tower,0,5,34,0,39,0,2,33,0,35,0,7,67,0,74,20,0,20,94
11/02/2010,EAU,WI,AGL,CE,Federal Contract Tower,0,5,45,0,50,0,11,33,0,44,0,16,78,0,94,24,0,24,118
11/03/2010,EAU,WI,AGL,CE,Federal Contract Tower,0,5,40,2,47,0,2,11,2,15,0,7,51,4,62,0,0,0,62
11/04/2010,EAU,WI,AGL,CE,Federal Contract Tower,0,7,41,1,49,0,4,13,3,20,0,11,54,4,69,16,0,16,85
11/05/2010,EAU,WI,AGL,CE,Federal Contract Tower,0,5,33,3,41,0,5,51,1,57,0,10,84,4,98,2,0,2,100
11/06/2010,EAU,WI,AGL,CE,Federal Contract Tower,2,5,8,0,15,0,0,44,4,48,2,5,52,4,63,0,0,0,63
11/07/2010,EAU,WI,AGL,CE,Federal Contract Tower,0,4,7,0,11,0,19,87,4,110,0,23,94,4,121,18,0,18,139
11/08/2010,EAU,WI,AGL,CE,Federal Contract Tower,0,5,30,0,35,0,6,28,0,34,0,11,58,0,69,32,0,32,101
11/09/2010,EAU,WI,AGL,CE,Federal Contract Tower,2,6,29,0,37,0,2,43,0,45,2,8,72,0,82,8,0,8,90
11/10/2010,EAU,WI,AGL,CE,Federal Contract Tower,0,6,35,0,41,0,8,19,0,27,0,14,54,0,68,10,0,10,78
11/11/2010,EAU,WI,AGL,CE,Federal Contract Tower,0,10,37,0,47,0,11,43,0,54,0,21,80,0,101,38,0,38,139
11/12/2010,EAU,WI,AGL,CE,Federal Contract Tower,0,5,33,0,38,0,0,8,0,8,0,5,41,0,46,0,0,0,46
11/13/2010,EAU,WI,AGL,CE,Federal Contract Tower,0,5,9,0,14,0,0,0,0,0,0,5,9,0,14,0,0,0,14
11/14/2010,EAU,WI,AGL,CE,Federal Contract Tower,0,7,5,0,12,0,0,0,0,0,0,7,5,0,12,0,0,0,12
11/15/2010,EAU,WI,AGL,CE,Federal Contract Tower,0,6,38,0,44,0,7,22,0,29,0,13,60,0,73,0,0,0,73
11/16/2010,EAU,WI,AGL,CE,Federal Contract Tower,0,6,37,0,43,0,0,3,0,3,0,6,40,0,46,0,0,0,46
11/17/2010,EAU,WI,AGL,CE,Federal Contract Tower,0,5,41,0,46,0,4,28,0,32,0,9,69,0,78,22,0,22,100
11/18/2010,EAU,WI,AGL,CE,Federal Contract Tower,0,6,26,1,33,0,4,39,5,48,0,10,65,6,81,24,7,31,112
11/19/2010,EAU,WI,AGL,CE,Federal Contract Tower,0,6,29,1,36,0,2,9,0,11,0,8,38,1,47,6,0,6,53
11/20/2010,EAU,WI,AGL,CE,Federal Contract Tower,0,5,6,1,12,0,19,56,1,76,0,24,62,2,88,32,0,32,120
11/21/2010,EAU,WI,AGL,CE,Federal Contract Tower,0,6,7,0,13,0,0,0,0,0,0,6,7,0,13,0,0,0,13
11/22/2010,EAU,WI,AGL,CE,Federal Contract Tower,0,5,18,0,23,0,0,0,0,0,0,5,18,0,23,0,0,0,23
11/23/2010,EAU,WI,AGL,CE,Federal Contract Tower,0,9,13,1,23,0,7,13,1,21,0,16,26,2,44,24,8,32,76
11/24/2010,EAU,WI,AGL,CE,Federal Contract Tower,0,5,13,0,18,0,3,2,0,5,0,8,15,0,23,2,0,2,25
11/25/2010,EAU,WI,AGL,CE,Federal Contract Tower,0,4,5,0,9,0,3,4,0,7,0,7,9,0,16,0,0,0,16
11/26/2010,EAU,WI,AGL,CE,Federal Contract Tower,0,6,12,0,18,0,4,17,2,23,0,10,29,2,41,0,0,0,41
11/27/2010,EAU,WI,AGL,CE,Federal Contract Tower,2,8,6,0,16,0,5,55,0,60,2,13,61,0,76,16,0,16,92
11/28/2010,EAU,WI,AGL,CE,Federal Contract Tower,0,4,7,0,11,0,7,34,8,49,0,11,41,8,60,20,0,20,80
11/29/2010,EAU,WI,AGL,CE,Federal Contract Tower,0,7,28,0,35,0,6,11,0,17,0,13,39,0,52,2,0,2,54
11/30/2010,EAU,WI,AGL,CE,Federal Contract Tower,2,11,30,0,43,0,4,7,0,11,2,15,37,0,54,0,0,0,54
12/01/2010,EAU,WI,AGL,CE,Federal Contract Tower,0,5,37,0,42,0,8,12,0,20,0,13,49,0,62,8,0,8,70
12/02/2010,EAU,WI,AGL,CE,Federal Contract Tower,0,5,32,2,39,0,2,37,0,39,0,7,69,2,78,10,0,10,88
12/03/2010,EAU,WI,AGL,CE,Federal Contract Tower,0,5,30,0,35,0,9,9,0,18,0,14,39,0,53,16,0,16,69
12/04/2010,EAU,WI,AGL,CE,Federal Contract Tower,0,3,9,2,14,0,2,4,0,6,0,5,13,2,20,0,2,2,22
12/05/2010,EAU,WI,AGL,CE,Federal Contract Tower,0,6,9,0,15,0,1,5,0,6,0,7,14,0,21,6,0,6,27
12/06/2010,EAU,WI,AGL,CE,Federal Contract Tower,0,5,31,0,36,0,0,20,0,20,0,5,51,0,56,22,0,22,78
12/07/2010,EAU,WI,AGL,CE,Federal Contract Tower,0,7,32,4,43,0,0,23,0,23,0,7,55,4,66,18,4,22,88
12/08/2010,EAU,WI,AGL,CE,Federal Contract Tower,0,7,35,0,42,0,9,19,0,28,0,16,54,0,70,6,2,8,78
12/09/2010,EAU,WI,AGL,CE,Federal Contract Tower,0,6,36,0,42,0,7,2,2,11,0,13,38,2,53,0,2,2,55
12/10/2010,EAU,WI,AGL,CE,Federal Contract Tower,0,6,36,3,45,0,6,40,7,53,0,12,76,10,98,10,4,14,112
12/11/2010,EAU,WI,AGL,CE,Federal Contract Tower,0,0,1,0,1,0,0,0,0,0,0,0,1,0,1,0,0,0,1
12/12/2010,EAU,WI,AGL,CE,Federal Contract Tower,0,3,2,0,5,0,7,0,0,7,0,10,2,0,12,0,0,0,12
12/13/2010,EAU,WI,AGL,CE,Federal Contract Tower,0,9,26,0,35,0,3,11,0,14,0,12,37,0,49,0,0,0,49
12/14/2010,EAU,WI,AGL,CE,Federal Contract Tower,0,6,38,0,44,0,4,12,0,16,0,10,50,0,60,2,0,2,62
12/15/2010,EAU,WI,AGL,CE,Federal Contract Tower,0,7,41,1,49,0,0,12,7,19,0,7,53,8,68,10,5,15,83
12/16/2010,EAU,WI,AGL,CE,Federal Contract Tower,0,6,40,4,50,0,0,16,0,16,0,6,56,4,66,2,0,2,68
12/17/2010,EAU,WI,AGL,CE,Federal Contract Tower,0,6,31,0,37,0,4,12,0,16,0,10,43,0,53,6,0,6,59
12/18/2010,EAU,WI,AGL,CE,Federal Contract Tower,0,7,9,0,16,0,8,4,0,12,0,15,13,0,28,2,0,2,30
12/19/2010,EAU,WI,AGL,CE,Federal Contract Tower,0,5,9,0,14,0,0,17,0,17,0,5,26,0,31,2,0,2,33
12/20/2010,EAU,WI,AGL,CE,Federal Contract Tower,0,6,17,0,23,0,1,2,0,3,0,7,19,0,26,0,0,0,26
12/21/2010,EAU,WI,AGL,CE,Federal Contract Tower,0,5,19,0,24,0,0,0,0,0,0,5,19,0,24,0,0,0,24
12/22/2010,EAU,WI,AGL,CE,Federal Contract Tower,0,6,21,0,27,0,11,11,3,25,0,17,32,3,52,0,0,0,52
12/23/2010,EAU,WI,AGL,CE,Federal Contract Tower,0,5,24,0,29,0,0,6,0,6,0,5,30,0,35,16,0,16,51
12/24/2010,EAU,WI,AGL,CE,Federal Contract Tower,0,5,0,0,5,0,0,2,0,2,0,5,2,0,7,4,0,4,11
12/25/2010,EAU,WI,AGL,CE,Federal Contract Tower,0,6,1,0,7,0,4,2,0,6,0,10,3,0,13,4,0,4,17
12/26/2010,EAU,WI,AGL,CE,Federal Contract Tower,0,4,6,0,10,0,6,7,0,13,0,10,13,0,23,0,0,0,23
12/27/2010,EAU,WI,AGL,CE,Federal Contract Tower,0,8,29,0,37,0,9,15,2,26,0,17,44,2,63,14,0,14,77
12/28/2010,EAU,WI,AGL,CE,Federal Contract Tower,0,5,16,0,21,0,1,27,0,28,0,6,43,0,49,0,0,0,49
12/29/2010,EAU,WI,AGL,CE,Federal Contract Tower,0,6,14,0,20,0,1,12,4,17,0,7,26,4,37,16,6,22,59
12/30/2010,EAU,WI,AGL,CE,Federal Contract Tower,0,5,18,0,23,0,0,0,0,0,0,5,18,0,23,0,0,0,23
12/31/2010,EAU,WI,AGL,CE,Federal Contract Tower,0,8,1,0,9,0,0,0,0,0,0,8,1,0,9,0,0,0,9
01/01/2011,EAU,WI,AGL,CE,Federal Contract Tower,0,6,5,0,11,0,0,1,0,1,0,6,6,0,12,0,0,0,12
01/02/2011,EAU,WI,AGL,CE,Federal Contract Tower,0,5,12,0,17,0,0,18,4,22,0,5,30,4,39,16,0,16,55
01/03/2011,EAU,WI,AGL,CE,Federal Contract Tower,0,6,25,0,31,0,0,10,0,10,0,6,35,0,41,14,0,14,55
01/04/2011,EAU,WI,AGL,CE,Federal Contract Tower,0,6,30,0,36,0,0,21,0,21,0,6,51,0,57,4,0,4,61
01/05/2011,EAU,WI,AGL,CE,Federal Contract Tower,0,5,33,0,38,0,1,0,0,1,0,6,33,0,39,0,0,0,39
01/06/2011,EAU,WI,AGL,CE,Federal Contract Tower,2,5,36,0,43,0,10,25,2,37,2,15,61,2,80,22,0,22,102
01/07/2011,EAU,WI,AGL,CE,Federal Contract Tower,0,5,29,0,34,0,2,5,0,7,0,7,34,0,41,0,0,0,41
01/08/2011,EAU,WI,AGL,CE,Federal Contract Tower,0,7,11,0,18,0,3,19,0,22,0,10,30,0,40,6,4,10,50
01/09/2011,EAU,WI,AGL,CE,Federal Contract Tower,2,6,11,0,19,0,4,16,1,21,2,10,27,1,40,4,0,4,44
01/10/2011,EAU,WI,AGL,CE,Federal Contract Tower,0,4,31,0,35,0,0,10,1,11,0,4,41,1,46,8,4,12,58
01/11/2011,EAU,WI,AGL,CE,Federal Contract Tower,0,3,35,0,38,0,2,6,0,8,0,5,41,0,46,0,0,0,46
01/12/2011,EAU,WI,AGL,CE,Federal Contract Tower,0,8,37,0,45,0,0,19,0,19,0,8,56,0,64,4,0,4,68
01/13/2011,EAU,WI,AGL,CE,Federal Contract Tower,0,5,36,0,41,0,5,5,0,10,0,10,41,0,51,22,0,22,73
01/14/2011,EAU,WI,AGL,CE,Federal Contract Tower,0,8,33,1,42,0,6,0,0,6,0,14,33,1,48,0,0,0,48
01/15/2011,EAU,WI,AGL,CE,Federal Contract Tower,0,5,12,1,18,0,4,12,0,16,0,9,24,1,34,0,0,0,34
01/16/2011,EAU,WI,AGL,CE,Federal Contract Tower,0,4,5,0,9,0,0,12,0,12,0,4,17,0,21,22,0,22,43
01/17/2011,EAU,WI,AGL,CE,Federal Contract Tower,0,5,31,0,36,0,0,0,0,0,0,5,31,0,36,0,0,0,36
01/18/2011,EAU,WI,AGL,CE,Federal Contract Tower,0,7,37,0,44,0,6,10,0,16,0,13,47,0,60,0,0,0,60
01/19/2011,EAU,WI,AGL,CE,Federal Contract Tower,0,5,35,0,40,0,1,19,0,20,0,6,54,0,60,30,0,30,90
01/20/2011,EAU,WI,AGL,CE,Federal Contract Tower,0,7,36,0,43,0,5,9,0,14,0,12,45,0,57,22,0,22,79
01/21/2011,EAU,WI,AGL,CE,Federal Contract Tower,0,4,27,2,33,0,0,10,0,10,0,4,37,2,43,0,0,0,43
01/22/2011,EAU,WI,AGL,CE,Federal Contract Tower,0,6,7,0,13,0,4,13,0,17,0,10,20,0,30,8,0,8,38
01/23/2011,EAU,WI,AGL,CE,Federal Contract Tower,0,5,5,0,10,0,0,9,0,9,0,5,14,0,19,0,0,0,19
01/24/2011,EAU,WI,AGL,CE,Federal Contract Tower,0,7,33,0,40,0,0,4,0,4,0,7,37,0,44,0,0,0,44
01/25/2011,EAU,WI,AGL,CE,Federal Contract Tower,0,5,37,0,42,0,6,13,0,19,0,11,50,0,61,0,0,0,61
01/26/2011,EAU,WI,AGL,CE,Federal Contract Tower,0,5,34,0,39,0,0,5,0,5,0,5,39,0,44,0,0,0,44
01/27/2011,EAU,WI,AGL,CE,Federal Contract Tower,0,5,36,0,41,0,0,0,0,0,0,5,36,0,41,0,0,0,41
01/28/2011,EAU,WI,AGL,CE,Federal Contract Tower,0,5,14,0,19,0,2,3,0,5,0,7,17,0,24,0,0,0,24
01/29/2011,EAU,WI,AGL,CE,Federal Contract Tower,0,5,12,0,17,0,0,4,0,4,0,5,16,0,21,0,0,0,21
01/30/2011,EAU,WI,AGL,CE,Federal Contract Tower,0,4,8,0,12,0,2,21,7,30,0,6,29,7,42,18,2,20,62
01/31/2011,EAU,WI,AGL,CE,Federal Contract Tower,0,6,15,0,21,0,0,0,0,0,0,6,15,0,21,0,0,0,21
02/01/2011,EAU,WI,AGL,CE,Federal Contract Tower,0,3,6,0,9,0,0,8,0,8,0,3,14,0,17,10,0,10,27
02/02/2011,EAU,WI,AGL,CE,Federal Contract Tower,0,0,17,0,17,0,4,17,2,23,0,4,34,2,40,0,0,0,40
02/03/2011,EAU,WI,AGL,CE,Federal Contract Tower,0,2,25,0,27,0,6,11,0,17,0,8,36,0,44,16,0,16,60
02/04/2011,EAU,WI,AGL,CE,Federal Contract Tower,0,5,23,0,28,0,4,14,1,19,0,9,37,1,47,14,0,14,61
02/05/2011,EAU,WI,AGL,CE,Federal Contract Tower,0,5,4,0,9,0,1,0,0,1,0,6,4,0,10,0,0,0,10
02/06/2011,EAU,WI,AGL,CE,Federal Contract Tower,0,3,7,0,10,0,0,12,0,12,0,3,19,0,22,10,0,10,32
02/07/2011,EAU,WI,AGL,CE,Federal Contract Tower,0,6,25,0,31,0,9,5,0,14,0,15,30,0,45,0,0,0,45
02/08/2011,EAU,WI,AGL,CE,Federal Contract Tower,0,5,26,0,31,0,8,10,0,18,0,13,36,0,49,10,0,10,59
02/09/2011,EAU,WI,AGL,CE,Federal Contract Tower,2,5,34,0,41,0,7,15,0,22,2,12,49,0,63,4,0,4,67
02/10/2011,EAU,WI,AGL,CE,Federal Contract Tower,0,5,43,0,48,0,3,14,0,17,0,8,57,0,65,0,0,0,65
02/11/2011,EAU,WI,AGL,CE,Federal Contract Tower,0,7,31,0,38,0,2,9,0,11,0,9,40,0,49,4,0,4,53
02/12/2011,EAU,WI,AGL,CE,Federal Contract Tower,0,5,4,0,9,0,7,4,0,11,0,12,8,0,20,0,0,0,20
02/13/2011,EAU,WI,AGL,CE,Federal Contract Tower,0,4,16,0,20,0,8,41,3,52,0,12,57,3,72,12,0,12,84
02/14/2011,EAU,WI,AGL,CE,Federal Contract Tower,0,6,23,0,29,0,4,11,0,15,0,10,34,0,44,0,0,0,44
02/15/2011,EAU,WI,AGL,CE,Federal Contract Tower,0,5,17,0,22,0,7,1,2,10,0,12,18,2,32,0,0,0,32
02/16/2011,EAU,WI,AGL,CE,Federal Contract Tower,0,3,19,0,22,0,11,23,0,34,0,14,42,0,56,70,2,72,128
02/17/2011,EAU,WI,AGL,CE,Federal Contract Tower,0,6,17,0,23,0,0,1,0,1,0,6,18,0,24,14,0,14,38
02/18/2011,EAU,WI,AGL,CE,Federal Contract Tower,0,6,20,0,26,0,4,15,0,19,0,10,35,0,45,6,0,6,51
02/19/2011,EAU,WI,AGL,CE,Federal Contract Tower,0,6,8,2,16,0,8,71,0,79,0,14,79,2,95,40,0,40,135
02/20/2011,EAU,WI,AGL,CE,Federal Contract Tower,0,0,2,0,2,0,2,0,0,2,0,2,2,0,4,0,0,0,4
02/21/2011,EAU,WI,AGL,CE,Federal Contract Tower,0,0,12,0,12,0,0,1,0,1,0,0,13,0,13,0,0,0,13
02/22/2011,EAU,WI,AGL,CE,Federal Contract Tower,2,6,25,0,33,0,3,19,2,24,2,9,44,2,57,44,2,46,103
02/23/2011,EAU,WI,AGL,CE,Federal Contract Tower,0,6,39,0,45,0,0,7,0,7,0,6,46,0,52,8,0,8,60
02/24/2011,EAU,WI,AGL,CE,Federal Contract Tower,2,7,26,2,37,0,9,23,1,33,2,16,49,3,70,40,0,40,110
02/25/2011,EAU,WI,AGL,CE,Federal Contract Tower,0,5,19,0,24,0,3,10,0,13,0,8,29,0,37,10,0,10,47
02/26/2011,EAU,WI,AGL,CE,Federal Contract Tower,0,11,8,0,19,0,6,1,0,7,0,17,9,0,26,0,0,0,26
02/27/2011,EAU,WI,AGL,CE,Federal Contract Tower,0,3,9,0,12,0,0,7,0,7,0,3,16,0,19,22,0,22,41
02/28/2011,EAU,WI,AGL,CE,Federal Contract Tower,0,5,26,0,31,0,2,17,0,19,0,7,43,0,50,18,0,18,68
03/01/2011,EAU,WI,AGL,CE,Federal Contract Tower,0,5,25,0,30,0,2,30,0,32,0,7,55,0,62,38,0,38,100
03/02/2011,EAU,WI,AGL,CE,Federal Contract Tower,0,5,20,0,25,0,4,24,0,28,0,9,44,0,53,26,0,26,79
03/03/2011,EAU,WI,AGL,CE,Federal Contract Tower,0,5,18,0,23,0,1,4,2,7,0,6,22,2,30,0,0,0,30
03/04/2011,EAU,WI,AGL,CE,Federal Contract Tower,0,6,12,0,18,0,9,4,0,13,0,15,16,0,31,28,0,28,59
03/05/2011,EAU,WI,AGL,CE,Federal Contract Tower,0,5,7,0,12,0,0,28,0,28,0,5,35,0,40,20,0,20,60
03/06/2011,EAU,WI,AGL,CE,Federal Contract Tower,0,7,10,0,17,0,0,40,0,40,0,7,50,0,57,18,0,18,75
03/07/2011,EAU,WI,AGL,CE,Federal Contract Tower,2,5,19,0,26,0,0,5,0,5,2,5,24,0,31,18,0,18,49
03/08/2011,EAU,WI,AGL,CE,Federal Contract Tower,0,6,20,0,26,0,0,7,0,7,0,6,27,0,33,0,0,0,33
03/09/2011,EAU,WI,AGL,CE,Federal Contract Tower,0,5,19,0,24,0,0,0,0,0,0,5,19,0,24,0,0,0,24
03/10/2011,EAU,WI,AGL,CE,Federal Contract Tower,0,5,24,0,29,0,5,32,0,37,0,10,56,0,66,20,0,20,86
03/11/2011,EAU,WI,AGL,CE,Federal Contract Tower,0,6,9,0,15,0,2,17,0,19,0,8,26,0,34,0,0,0,34
03/12/2011,EAU,WI,AGL,CE,Federal Contract Tower,0,5,7,0,12,0,2,9,0,11,0,7,16,0,23,6,0,6,29
03/13/2011,EAU,WI,AGL,CE,Federal Contract Tower,0,4,8,0,12,0,5,43,0,48,0,9,51,0,60,12,0,12,72
03/14/2011,EAU,WI,AGL,CE,Federal Contract Tower,0,5,25,0,30,0,2,28,0,30,0,7,53,0,60,20,0,20,80
03/15/2011,EAU,WI,AGL,CE,Federal Contract Tower,0,6,21,1,28,0,0,23,3,26,0,6,44,4,54,32,0,32,86
03/16/2011,EAU,WI,AGL,CE,Federal Contract Tower,0,7,18,0,25,0,5,32,0,37,0,12,50,0,62,30,0,30,92
03/17/2011,EAU,WI,AGL,CE,Federal Contract Tower,0,5,15,0,20,0,0,10,0,10,0,5,25,0,30,18,0,18,48
03/18/2011,EAU,WI,AGL,CE,Federal Contract Tower,0,6,14,0,20,0,6,29,0,35,0,12,43,0,55,8,0,8,63
03/19/2011,EAU,WI,AGL,CE,Federal Contract Tower,0,7,20,0,27,0,1,58,2,61,0,8,78,2,88,26,0,26,114
03/20/2011,EAU,WI,AGL,CE,Federal Contract Tower,0,6,12,0,18,0,0,0,0,0,0,6,12,0,18,0,0,0,18
03/21/2011,EAU,WI,AGL,CE,Federal Contract Tower,0,5,23,0,28,0,2,9,0,11,0,7,32,0,39,24,0,24,63
03/22/2011,EAU,WI,AGL,CE,Federal Contract Tower,0,3,28,0,31,0,3,0,0,3,0,6,28,0,34,0,0,0,34
03/23/2011,EAU,WI,AGL,CE,Federal Contract Tower,0,6,18,0,24,0,5,1,0,6,0,11,19,0,30,0,0,0,30
03/24/2011,EAU,WI,AGL,CE,Federal Contract Tower,0,10,35,0,45,0,4,38,0,42,0,14,73,0,87,44,0,44,131
03/25/2011,EAU,WI,AGL,CE,Federal Contract Tower,0,7,23,0,30,0,3,35,2,40,0,10,58,2,70,18,0,18,88
03/26/2011,EAU,WI,AGL,CE,Federal Contract Tower,0,6,5,0,11,0,2,34,0,36,0,8,39,0,47,46,0,46,93
03/27/2011,EAU,WI,AGL,CE,Federal Contract Tower,0,4,12,0,16,0,2,44,0,46,0,6,56,0,62,42,0,42,104
03/28/2011,EAU,WI,AGL,CE,Federal Contract Tower,0,6,21,0,27,0,3,31,0,34,0,9,52,0,61,18,0,18,79
03/29/2011,EAU,WI,AGL,CE,Federal Contract Tower,0,5,20,0,25,0,11,21,2,34,0,16,41,2,59,52,0,52,111
03/30/2011,EAU,WI,AGL,CE,Federal Contract Tower,0,5,26,0,31,0,9,30,4,43,0,14,56,4,74,36,0,36,110
03/31/2011,EAU,WI,AGL,CE,Federal Contract Tower,0,6,26,0,32,0,6,37,0,43,0,12,63,0,75,64,0,64,139
04/01/2011,EAU,WI,AGL,CE,Federal Contract Tower,0,5,18,0,23,0,4,9,0,13,0,9,27,0,36,0,0,0,36
04/02/2011,EAU,WI,AGL,CE,Federal Contract Tower,0,6,16,1,23,0,2,63,2,67,0,8,79,3,90,40,0,40,130
04/03/2011,EAU,WI,AGL,CE,Federal Contract Tower,0,3,8,0,11,0,5,3,0,8,0,8,11,0,19,0,0,0,19
04/04/2011,EAU,WI,AGL,CE,Federal Contract Tower,0,4,20,0,24,0,11,11,0,22,0,15,31,0,46,0,0,0,46
04/05/2011,EAU,WI,AGL,CE,Federal Contract Tower,0,3,17,0,20,0,5,33,0,38,0,8,50,0,58,22,0,22,80
04/06/2011,EAU,WI,AGL,CE,Federal Contract Tower,0,3,14,0,17,0,2,29,0,31,0,5,43,0,48,32,0,32,80
04/07/2011,EAU,WI,AGL,CE,Federal Contract Tower,0,3,21,1,25,0,0,38,2,40,0,3,59,3,65,2,4,6,71
04/08/2011,EAU,WI,AGL,CE,Federal Contract Tower,0,2,18,0,20,0,6,50,0,56,0,8,68,0,76,38,0,38,114
04/09/2011,EAU,WI,AGL,CE,Federal Contract Tower,0,1,14,0,15,0,2,17,0,19,0,3,31,0,34,34,0,34,68
04/10/2011,EAU,WI,AGL,CE,Federal Contract Tower,0,5,15,0,20,0,0,9,0,9,0,5,24,0,29,6,0,6,35
04/11/2011,EAU,WI,AGL,CE,Federal Contract Tower,2,2,24,0,28,0,0,14,0,14,2,2,38,0,42,4,0,4,46
04/12/2011,EAU,WI,AGL,CE,Federal Contract Tower,0,3,23,0,26,0,8,50,4,62,0,11,73,4,88,58,2,60,148
04/13/2011,EAU,WI,AGL,CE,Federal Contract Tower,0,3,22,0,25,0,9,20,0,29,0,12,42,0,54,62,0,62,116
04/14/2011,EAU,WI,AGL,CE,Federal Contract Tower,0,3,17,0,20,0,13,14,0,27,0,16,31,0,47,38,0,38,85
04/15/2011,EAU,WI,AGL,CE,Federal Contract Tower,0,3,14,0,17,0,0,5,0,5,0,3,19,0,22,0,0,0,22
04/16/2011,EAU,WI,AGL,CE,Federal Contract Tower,0,3,13,0,16,0,6,3,0,9,0,9,16,0,25,0,0,0,25
04/17/2011,EAU,WI,AGL,CE,Federal Contract Tower,0,5,20,0,25,0,0,63,0,63,0,5,83,0,88,40,0,40,128
04/18/2011,EAU,WI,AGL,CE,Federal Contract Tower,0,4,28,0,32,0,4,44,2,50,0,8,72,2,82,72,16,88,170
04/19/2011,EAU,WI,AGL,CE,Federal Contract Tower,0,4,19,2,25,0,0,0,0,0,0,4,19,2,25,0,0,0,25
04/20/2011,EAU,WI,AGL,CE,Federal Contract Tower,0,3,18,0,21,0,0,9,0,9,0,3,27,0,30,18,0,18,48
04/21/2011,EAU,WI,AGL,CE,Federal Contract Tower,0,4,26,2,32,0,1,21,4,26,0,5,47,6,58,20,0,20,78
04/22/2011,EAU,WI,AGL,CE,Federal Contract Tower,0,3,17,0,20,0,2,3,0,5,0,5,20,0,25,12,0,12,37
04/23/2011,EAU,WI,AGL,CE,Federal Contract Tower,0,5,10,0,15,0,1,4,0,5,0,6,14,0,20,0,0,0,20
04/24/2011,EAU,WI,AGL,CE,Federal Contract Tower,0,3,4,0,7,0,0,13,0,13,0,3,17,0,20,12,0,12,32
04/25/2011,EAU,WI,AGL,CE,Federal Contract Tower,0,3,26,2,31,0,8,41,1,50,0,11,67,3,81,36,0,36,117
04/26/2011,EAU,WI,AGL,CE,Federal Contract Tower,0,3,23,0,26,0,4,2,0,6,0,7,25,0,32,0,0,0,32
04/27/2011,EAU,WI,AGL,CE,Federal Contract Tower,0,5,24,0,29,0,10,5,0,15,0,15,29,0,44,0,0,0,44
04/28/2011,EAU,WI,AGL,CE,Federal Contract Tower,0,4,23,0,27,0,5,3,0,8,0,9,26,0,35,0,0,0,35
04/29/2011,EAU,WI,AGL,CE,Federal Contract Tower,0,4,20,0,24,0,1,50,2,53,0,5,70,2,77,32,0,32,109
04/30/2011,EAU,WI,AGL,CE,Federal Contract Tower,0,4,11,0,15,0,3,2,0,5,0,7,13,0,20,6,0,6,26
05/01/2011,EAU,WI,AGL,CE,Federal Contract Tower,0,5,13,0,18,0,7,7,0,14,0,12,20,0,32,2,0,2,34
05/02/2011,EAU,WI,AGL,CE,Federal Contract Tower,0,3,19,1,23,0,4,19,2,25,0,7,38,3,48,54,0,54,102
05/03/2011,EAU,WI,AGL,CE,Federal Contract Tower,0,3,29,0,32,0,6,32,2,40,0,9,61,2,72,50,2,52,124
05/04/2011,EAU,WI,AGL,CE,Federal Contract Tower,0,4,14,0,18,0,8,45,5,58,0,12,59,5,76,30,0,30,106
05/05/2011,EAU,WI,AGL,CE,Federal Contract Tower,0,5,29,0,34,0,7,11,0,18,0,12,40,0,52,0,0,0,52
05/06/2011,EAU,WI,AGL,CE,Federal Contract Tower,0,3,18,0,21,0,9,56,0,65,0,12,74,0,86,70,0,70,156
05/07/2011,EAU,WI,AGL,CE,Federal Contract Tower,0,4,9,0,13,0,2,47,0,49,0,6,56,0,62,32,0,32,94
05/08/2011,EAU,WI,AGL,CE,Federal Contract Tower,0,3,13,0,16,0,11,47,0,58,0,14,60,0,74,18,0,18,92
05/09/2011,EAU,WI,AGL,CE,Federal Contract Tower,0,3,19,0,22,0,0,1,0,1,0,3,20,0,23,0,0,0,23
05/10/2011,EAU,WI,AGL,CE,Federal Contract Tower,0,8,20,0,28,0,12,27,0,39,0,20,47,0,67,16,0,16,83
05/11/2011,EAU,WI,AGL,CE,Federal Contract Tower,0,3,19,0,22,0,2,27,0,29,0,5,46,0,51,36,0,36,87
05/12/2011,EAU,WI,AGL,CE,Federal Contract Tower,0,3,19,0,22,0,2,4,0,6,0,5,23,0,28,0,0,0,28
05/13/2011,EAU,WI,AGL,CE,Federal Contract Tower,0,4,22,0,26,0,2,6,0,8,0,6,28,0,34,6,0,6,40
05/14/2011,EAU,WI,AGL,CE,Federal Contract Tower,0,5,10,0,15,0,0,9,0,9,0,5,19,0,24,0,0,0,24
05/15/2011,EAU,WI,AGL,CE,Federal Contract Tower,0,4,8,0,12,0,13,38,0,51,0,17,46,0,63,10,0,10,73
05/16/2011,EAU,WI,AGL,CE,Federal Contract Tower,0,3,15,0,18,0,0,56,5,61,0,3,71,5,79,48,0,48,127
05/17/2011,EAU,WI,AGL,CE,Federal Contract Tower,0,5,31,0,36,0,1,76,6,83,0,6,107,6,119,58,14,72,191
05/18/2011,EAU,WI,AGL,CE,Federal Contract Tower,0,4,21,5,30,0,7,22,1,30,0,11,43,6,60,6,0,6,66
05/19/2011,EAU,WI,AGL,CE,Federal Contract Tower,0,4,18,2,24,0,0,25,0,25,0,4,43,2,49,22,0,22,71
05/20/2011,EAU,WI,AGL,CE,Federal Contract Tower,0,3,19,0,22,0,1,19,0,20,0,4,38,0,42,12,0,12,54
05/21/2011,EAU,WI,AGL,CE,Federal Contract Tower,0,4,11,0,15,0,5,66,0,71,0,9,77,0,86,0,0,0,86
05/22/2011,EAU,WI,AGL,CE,Federal Contract Tower,0,3,15,0,18,0,2,21,0,23,0,5,36,0,41,6,0,6,47
05/23/2011,EAU,WI,AGL,CE,Federal Contract Tower,0,5,24,0,29,0,1,11,0,12,0,6,35,0,41,6,0,6,47
05/24/2011,EAU,WI,AGL,CE,Federal Contract Tower,0,3,26,0,29,0,4,26,0,30,0,7,52,0,59,0,0,0,59
05/25/2011,EAU,WI,AGL,CE,Federal Contract Tower,0,3,19,0,22,0,2,1,0,3,0,5,20,0,25,0,0,0,25
05/26/2011,EAU,WI,AGL,CE,Federal Contract Tower,0,6,23,0,29,0,2,48,0,50,0,8,71,0,79,38,0,38,117
05/27/2011,EAU,WI,AGL,CE,Federal Contract Tower,0,3,21,0,24,0,0,55,0,55,0,3,76,0,79,20,0,20,99
05/28/2011,EAU,WI,AGL,CE,Federal Contract Tower,0,12,14,0,26,0,6,30,0,36,0,18,44,0,62,6,0,6,68
05/29/2011,EAU,WI,AGL,CE,Federal Contract Tower,0,3,3,0,6,0,7,29,0,36,0,10,32,0,42,10,0,10,52
05/30/2011,EAU,WI,AGL,CE,Federal Contract Tower,0,6,9,0,15,0,6,12,0,18,0,12,21,0,33,2,0,2,35
05/31/2011,EAU,WI,AGL,CE,Federal Contract Tower,0,4,32,0,36,0,7,12,1,20,0,11,44,1,56,0,0,0,56
06/01/2011,EAU,WI,AGL,CE,Federal Contract Tower,0,3,30,0,33,0,2,16,0,18,0,5,46,0,51,0,0,0,51
06/02/2011,EAU,WI,AGL,CE,Federal Contract Tower,0,6,25,0,31,0,2,24,2,28,0,8,49,2,59,28,6,34,93
06/03/2011,EAU,WI,AGL,CE,Federal Contract Tower,0,5,15,0,20,0,2,20,0,22,0,7,35,0,42,0,0,0,42
06/04/2011,EAU,WI,AGL,CE,Federal Contract Tower,0,5,11,0,16,0,4,48,0,52,0,9,59,0,68,8,0,8,76
06/05/2011,EAU,WI,AGL,CE,Federal Contract Tower,0,3,6,0,9,0,14,78,0,92,0,17,84,0,101,14,0,14,115
06/06/2011,EAU,WI,AGL,CE,Federal Contract Tower,0,5,26,0,31,0,4,35,0,39,0,9,61,0,70,20,0,20,90
06/07/2011,EAU,WI,AGL,CE,Federal Contract Tower,0,4,12,0,16,0,5,17,0,22,0,9,29,0,38,0,0,0,38
06/08/2011,EAU,WI,AGL,CE,Federal Contract Tower,0,3,20,0,23,0,4,26,0,30,0,7,46,0,53,16,0,16,69
06/09/2011,EAU,WI,AGL,CE,Federal Contract Tower,0,3,21,0,24,0,4,28,0,32,0,7,49,0,56,14,0,14,70
06/10/2011,EAU,WI,AGL,CE,Federal Contract Tower,0,2,20,0,22,0,0,5,0,5,0,2,25,0,27,8,0,8,35
06/11/2011,EAU,WI,AGL,CE,Federal Contract Tower,0,8,10,3,21,0,2,20,14,36,0,10,30,17,57,8,16,24,81
06/12/2011,EAU,WI,AGL,CE,Federal Contract Tower,0,3,12,0,15,0,3,99,0,102,0,6,111,0,117,44,0,44,161
06/13/2011,EAU,WI,AGL,CE,Federal Contract Tower,0,7,27,0,34,0,1,37,0,38,0,8,64,0,72,18,0,18,90
06/14/2011,EAU,WI,AGL,CE,Federal Contract Tower,2,7,25,0,34,0,8,31,0,39,2,15,56,0,73,10,0,10,83
06/15/2011,EAU,WI,AGL,CE,Federal Contract Tower,0,5,26,0,31,0,0,5,0,5,0,5,31,0,36,16,0,16,52
06/16/2011,EAU,WI,AGL,CE,Federal Contract Tower,0,3,28,0,31,0,2,8,1,11,0,5,36,1,42,0,10,10,52
06/17/2011,EAU,WI,AGL,CE,Federal Contract Tower,0,5,20,0,25,0,1,22,0,23,0,6,42,0,48,26,0,26,74
06/18/2011,EAU,WI,AGL,CE,Federal Contract Tower,0,8,5,0,13,0,5,14,0,19,0,13,19,0,32,42,0,42,74
06/19/2011,EAU,WI,AGL,CE,Federal Contract Tower,0,3,11,0,14,0,5,14,0,19,0,8,25,0,33,0,0,0,33
06/20/2011,EAU,WI,AGL,CE,Federal Contract Tower,0,6,21,0,27,0,2,8,0,10,0,8,29,0,37,0,0,0,37
06/21/2011,EAU,WI,AGL,CE,Federal Contract Tower,0,4,19,0,23,0,5,14,0,19,0,9,33,0,42,34,0,34,76
06/22/2011,EAU,WI,AGL,CE,Federal Contract Tower,0,6,34,0,40,0,2,6,0,8,0,8,40,0,48,12,0,12,60
06/23/2011,EAU,WI,AGL,CE,Federal Contract Tower,0,7,26,0,33,0,1,14,0,15,0,8,40,0,48,18,0,18,66
06/24/2011,EAU,WI,AGL,CE,Federal Contract Tower,0,5,16,0,21,0,2,37,3,42,0,7,53,3,63,44,6,50,113
06/25/2011,EAU,WI,AGL,CE,Federal Contract Tower,0,6,11,0,17,0,4,39,0,43,0,10,50,0,60,34,0,34,94
06/26/2011,EAU,WI,AGL,CE,Federal Contract Tower,0,3,14,0,17,0,8,27,0,35,0,11,41,0,52,0,0,0,52
06/27/2011,EAU,WI,AGL,CE,Federal Contract Tower,0,5,18,0,23,0,2,7,0,9,0,7,25,0,32,8,0,8,40
06/28/2011,EAU,WI,AGL,CE,Federal Contract Tower,0,11,18,0,29,0,7,68,0,75,0,18,86,0,104,28,2,30,134
06/29/2011,EAU,WI,AGL,CE,Federal Contract Tower,0,6,28,2,36,0,7,44,4,55,0,13,72,6,91,32,4,36,127
06/30/2011,EAU,WI,AGL,CE,Federal Contract Tower,0,3,22,0,25,0,0,22,0,22,0,3,44,0,47,20,0,20,67
07/01/2011,EAU,WI,AGL,CE,Federal Contract Tower,0,3,10,0,13,0,4,21,3,28,0,7,31,3,41,32,0,32,73
07/02/2011,EAU,WI,AGL,CE,Federal Contract Tower,0,6,10,0,16,0,3,67,0,70,0,9,77,0,86,6,0,6,92
07/03/2011,EAU,WI,AGL,CE,Federal Contract Tower,0,3,3,0,6,0,9,28,0,37,0,12,31,0,43,10,0,10,53
07/04/2011,EAU,WI,AGL,CE,Federal Contract Tower,0,6,2,0,8,0,8,46,0,54,0,14,48,0,62,0,0,0,62
07/05/2011,EAU,WI,AGL,CE,Federal Contract Tower,0,3,22,0,25,0,1,25,10,36,0,4,47,10,61,46,8,54,115
07/06/2011,EAU,WI,AGL,CE,Federal Contract Tower,0,3,19,0,22,0,0,38,5,43,0,3,57,5,65,60,6,66,131
07/07/2011,EAU,WI,AGL,CE,Federal Contract Tower,0,3,24,0,27,0,0,26,1,27,0,3,50,1,54,12,0,12,66
07/08/2011,EAU,WI,AGL,CE,Federal Contract Tower,0,3,19,0,22,0,46,10,0,56,0,49,29,0,78,20,0,20,98
07/09/2011,EAU,WI,AGL,CE,Federal Contract Tower,0,4,10,0,14,0,11,26,1,38,0,15,36,1,52,2,0,2,54
07/10/2011,EAU,WI,AGL,CE,Federal Contract Tower,0,3,7,0,10,0,12,44,0,56,0,15,51,0,66,28,0,28,94
07/11/2011,EAU,WI,AGL,CE,Federal Contract Tower,0,3,29,0,32,0,1,64,0,65,0,4,93,0,97,70,0,70,167
07/12/2011,EAU,WI,AGL,CE,Federal Contract Tower,0,4,27,5,36,0,2,57,6,65,0,6,84,11,101,42,0,42,143
07/13/2011,EAU,WI,AGL,CE,Federal Contract Tower,0,3,24,0,27,0,10,36,0,46,0,13,60,0,73,24,0,24,97
07/14/2011,EAU,WI,AGL,CE,Federal Contract Tower,0,8,25,0,33,0,1,8,0,9,0,9,33,0,42,4,4,8,50
07/15/2011,EAU,WI,AGL,CE,Federal Contract Tower,0,4,11,0,15,0,2,10,0,12,0,6,21,0,27,0,0,0,27
07/16/2011,EAU,WI,AGL,CE,Federal Contract Tower,0,3,6,0,9,0,2,12,0,14,0,5,18,0,23,0,0,0,23
07/17/2011,EAU,WI,AGL,CE,Federal Contract Tower,0,6,17,5,28,0,8,20,3,31,0,14,37,8,59,20,0,20,79
07/18/2011,EAU,WI,AGL,CE,Federal Contract Tower,0,3,14,0,17,0,0,18,0,18,0,3,32,0,35,2,0,2,37
07/19/2011,EAU,WI,AGL,CE,Federal Contract Tower,0,9,24,0,33,0,6,17,4,27,0,15,41,4,60,26,0,26,86
07/20/2011,EAU,WI,AGL,CE,Federal Contract Tower,0,4,15,0,19,0,5,29,0,34,0,9,44,0,53,28,0,28,81
07/21/2011,EAU,WI,AGL,CE,Federal Contract Tower,0,5,24,0,29,0,1,53,0,54,0,6,77,0,83,30,0,30,113
07/22/2011,EAU,WI,AGL,CE,Federal Contract Tower,0,4,20,0,24,0,3,50,0,53,0,7,70,0,77,20,0,20,97
07/23/2011,EAU,WI,AGL,CE,Federal Contract Tower,0,3,10,0,13,0,5,35,1,41,0,8,45,1,54,10,0,10,64
07/24/2011,EAU,WI,AGL,CE,Federal Contract Tower,2,2,10,0,14,0,2,37,2,41,2,4,47,2,55,0,0,0,55
07/25/2011,EAU,WI,AGL,CE,Federal Contract Tower,0,4,24,0,28,0,2,47,0,49,0,6,71,0,77,76,0,76,153
07/26/2011,EAU,WI,AGL,CE,Federal Contract Tower,0,6,22,0,28,0,5,53,2,60,0,11,75,2,88,58,0,58,146
07/27/2011,EAU,WI,AGL,CE,Federal Contract Tower,0,10,19,0,29,0,4,15,0,19,0,14,34,0,48,10,0,10,58
07/28/2011,EAU,WI,AGL,CE,Federal Contract Tower,2,5,24,0,31,0,2,20,0,22,2,7,44,0,53,0,0,0,53
07/29/2011,EAU,WI,AGL,CE,Federal Contract Tower,0,4,22,0,26,0,0,51,0,51,0,4,73,0,77,52,0,52,129
07/30/2011,EAU,WI,AGL,CE,Federal Contract Tower,0,3,8,0,11,0,0,65,2,67,0,3,73,2,78,12,0,12,90
07/31/2011,EAU,WI,AGL,CE,Federal Contract Tower,0,9,10,0,19,0,6,71,0,77,0,15,81,0,96,26,0,26,122
08/01/2011,EAU,WI,AGL,CE,Federal Contract Tower,0,4,27,0,31,0,1,14,0,15,0,5,41,0,46,0,0,0,46
08/02/2011,EAU,WI,AGL,CE,Federal Contract Tower,0,7,17,0,24,0,1,5,0,6,0,8,22,0,30,4,0,4,34
08/03/2011,EAU,WI,AGL,CE,Federal Contract Tower,0,3,18,1,22,0,4,58,2,64,0,7,76,3,86,44,0,44,130
08/04/2011,EAU,WI,AGL,CE,Federal Contract Tower,0,3,27,0,30,0,0,25,0,25,0,3,52,0,55,2,0,2,57
08/05/2011,EAU,WI,AGL,CE,Federal Contract Tower,0,6,13,1,20,0,8,26,1,35,0,14,39,2,55,24,0,24,79
08/06/2011,EAU,WI,AGL,CE,Federal Contract Tower,0,3,7,1,11,0,5,45,9,59,0,8,52,10,70,46,6,52,122
08/07/2011,EAU,WI,AGL,CE,Federal Contract Tower,0,2,11,0,13,0,3,23,0,26,0,5,34,0,39,16,4,20,59
08/08/2011,EAU,WI,AGL,CE,Federal Contract Tower,0,5,23,0,28,0,6,30,0,36,0,11,53,0,64,34,0,34,98
08/09/2011,EAU,WI,AGL,CE,Federal Contract Tower,0,5,23,0,28,0,2,22,4,28,0,7,45,4,56,16,0,16,72
08/10/2011,EAU,WI,AGL,CE,Federal Contract Tower,0,5,20,2,27,0,6,39,6,51,0,11,59,8,78,8,0,8,86
08/11/2011,EAU,WI,AGL,CE,Federal Contract Tower,0,3,31,0,34,0,5,49,8,62,0,8,80,8,96,16,0,16,112
08/12/2011,EAU,WI,AGL,CE,Federal Contract Tower,0,3,15,0,18,0,4,11,2,17,0,7,26,2,35,0,0,0,35
08/13/2011,EAU,WI,AGL,CE,Federal Contract Tower,0,3,7,2,12,0,12,7,0,19,0,15,14,2,31,0,0,0,31
08/14/2011,EAU,WI,AGL,CE,Federal Contract Tower,0,4,4,0,8,0,3,52,4,59,0,7,56,4,67,0,0,0,67
08/15/2011,EAU,WI,AGL,CE,Federal Contract Tower,0,3,21,0,24,0,0,34,2,36,0,3,55,2,60,44,0,44,104
08/16/2011,EAU,WI,AGL,CE,Federal Contract Tower,0,4,48,0,52,0,10,26,4,40,0,14,74,4,92,2,0,2,94
08/17/2011,EAU,WI,AGL,CE,Federal Contract Tower,0,3,42,0,45,0,3,32,0,35,0,6,74,0,80,30,0,30,110
08/18/2011,EAU,WI,AGL,CE,Federal Contract Tower,0,5,25,1,31,0,7,41,5,53,0,12,66,6,84,28,0,28,112
08/19/2011,EAU,WI,AGL,CE,Federal Contract Tower,2,3,24,0,29,0,1,31,1,33,2,4,55,1,62,20,2,22,84
08/20/2011,EAU,WI,AGL,CE,Federal Contract Tower,0,1,10,0,11,0,6,59,0,65,0,7,69,0,76,54,0,54,130
08/21/2011,EAU,WI,AGL,CE,Federal Contract Tower,0,5,9,0,14,0,3,50,1,54,0,8,59,1,68,0,0,0,68
08/22/2011,EAU,WI,AGL,CE,Federal Contract Tower,0,4,25,0,29,0,3,28,0,31,0,7,53,0,60,12,0,12,72
08/23/2011,EAU,WI,AGL,CE,Federal Contract Tower,0,3,21,0,24,0,11,6,0,17,0,14,27,0,41,22,0,22,63
08/24/2011,EAU,WI,AGL,CE,Federal Contract Tower,0,2,27,0,29,0,2,9,2,13,0,4,36,2,42,11,0,11,53
08/25/2011,EAU,WI,AGL,CE,Federal Contract Tower,0,3,22,0,25,0,2,44,8,54,0,5,66,8,79,8,8,16,95
08/26/2011,EAU,WI,AGL,CE,Federal Contract Tower,0,4,23,1,28,0,0,36,2,38,0,4,59,3,66,33,0,33,99
08/27/2011,EAU,WI,AGL,CE,Federal Contract Tower,0,4,11,0,15,0,7,52,2,61,0,11,63,2,76,6,0,6,82
08/28/2011,EAU,WI,AGL,CE,Federal Contract Tower,0,4,4,2,10,0,4,66,3,73,0,8,70,5,83,2,0,2,85
08/29/2011,EAU,WI,AGL,CE,Federal Contract Tower,0,3,18,0,21,0,0,21,0,21,0,3,39,0,42,4,0,4,46
08/30/2011,EAU,WI,AGL,CE,Federal Contract Tower,0,8,17,0,25,0,3,16,0,19,0,11,33,0,44,12,0,12,56
08/31/2011,EAU,WI,AGL,CE,Federal Contract Tower,0,3,30,3,36,0,4,7,6,17,0,7,37,9,53,2,10,12,65
09/01/2011,EAU,WI,AGL,CE,Federal Contract Tower,0,3,22,0,25,0,6,19,0,25,0,9,41,0,50,22,0,22,72
09/02/2011,EAU,WI,AGL,CE,Federal Contract Tower,0,3,24,0,27,0,1,8,0,9,0,4,32,0,36,0,0,0,36
09/03/2011,EAU,WI,AGL,CE,Federal Contract Tower,0,6,7,0,13,0,11,19,0,30,0,17,26,0,43,0,0,0,43
09/04/2011,EAU,WI,AGL,CE,Federal Contract Tower,0,1,9,0,10,0,6,36,0,42,0,7,45,0,52,6,0,6,58
09/05/2011,EAU,WI,AGL,CE,Federal Contract Tower,0,3,9,0,12,0,3,47,0,50,0,6,56,0,62,26,0,26,88
09/06/2011,EAU,WI,AGL,CE,Federal Contract Tower,0,3,27,4,34,0,5,28,9,42,0,8,55,13,76,14,0,14,90
09/07/2011,EAU,WI,AGL,CE,Federal Contract Tower,0,2,18,0,20,0,2,31,8,41,0,4,49,8,61,0,0,0,61
09/08/2011,EAU,WI,AGL,CE,Federal Contract Tower,2,3,21,2,28,0,3,25,4,32,2,6,46,6,60,0,0,0,60
09/09/2011,EAU,WI,AGL,CE,Federal Contract Tower,0,3,16,0,19,0,3,38,4,45,0,6,54,4,64,18,0,18,82
09/10/2011,EAU,WI,AGL,CE,Federal Contract Tower,2,3,9,1,15,0,3,60,0,63,2,6,69,1,78,6,0,6,84
09/11/2011,EAU,WI,AGL,CE,Federal Contract Tower,2,4,8,0,14,0,6,37,4,47,2,10,45,4,61,22,0,22,83
09/12/2011,EAU,WI,AGL,CE,Federal Contract Tower,0,4,15,12,31,0,8,10,11,29,0,12,25,23,60,10,16,26,86
09/13/2011,EAU,WI,AGL,CE,Federal Contract Tower,0,3,28,6,37,0,1,30,2,33,0,4,58,8,70,8,18,26,96
09/14/2011,EAU,WI,AGL,CE,Federal Contract Tower,2,7,19,0,28,0,4,20,4,28,2,11,39,4,56,2,2,4,60
09/15/2011,EAU,WI,AGL,CE,Federal Contract Tower,0,8,21,0,29,0,6,53,2,61,0,14,74,2,90,14,0,14,104
09/16/2011,EAU,WI,AGL,CE,Federal Contract Tower,0,3,25,4,32,0,4,34,12,50,0,7,59,16,82,30,18,48,130
09/17/2011,EAU,WI,AGL,CE,Federal Contract Tower,0,4,6,0,10,0,8,55,2,65,0,12,61,2,75,16,6,22,97
09/18/2011,EAU,WI,AGL,CE,Federal Contract Tower,0,5,18,0,23,0,0,5,0,5,0,5,23,0,28,0,0,0,28
09/19/2011,EAU,WI,AGL,CE,Federal Contract Tower,0,9,21,0,30,0,5,30,0,35,0,14,51,0,65,4,0,4,69
09/20/2011,EAU,WI,AGL,CE,Federal Contract Tower,0,4,16,0,20,0,24,3,0,27,0,28,19,0,47,0,0,0,47
09/21/2011,EAU,WI,AGL,CE,Federal Contract Tower,0,11,28,0,39,0,0,3,0,3,0,11,31,0,42,0,0,0,42
09/22/2011,EAU,WI,AGL,CE,Federal Contract Tower,0,3,29,1,33,0,2,14,0,16,0,5,43,1,49,22,0,22,71
09/23/2011,EAU,WI,AGL,CE,Federal Contract Tower,0,4,24,0,28,0,12,27,0,39,0,16,51,0,67,6,0,6,73
09/24/2011,EAU,WI,AGL,CE,Federal Contract Tower,0,3,10,0,13,0,0,181,1,182,0,3,191,1,195,32,6,38,233
09/25/2011,EAU,WI,AGL,CE,Federal Contract Tower,0,4,9,0,13,0,2,11,0,13,0,6,20,0,26,0,0,0,26
09/26/2011,EAU,WI,AGL,CE,Federal Contract Tower,0,5,26,0,31,0,1,3,0,4,0,6,29,0,35,0,0,0,35
09/27/2011,EAU,WI,AGL,CE,Federal Contract Tower,0,5,29,0,34,0,0,1,0,1,0,5,30,0,35,0,0,0,35
09/28/2011,EAU,WI,AGL,CE,Federal Contract Tower,0,6,29,0,35,0,4,7,0,11,0,10,36,0,46,16,0,16,62
09/29/2011,EAU,WI,AGL,CE,Federal Contract Tower,0,3,24,0,27,0,2,4,0,6,0,5,28,0,33,0,0,0,33
09/30/2011,EAU,WI,AGL,CE,Federal Contract Tower,0,4,16,0,20,0,7,37,1,45,0,11,53,1,65,30,0,30,95
10/01/2011,EAU,WI,AGL,CE,Federal Contract Tower,0,3,5,0,8,0,2,46,0,48,0,5,51,0,56,48,0,48,104
10/02/2011,EAU,WI,AGL,CE,Federal Contract Tower,0,5,4,0,9,0,13,25,2,40,0,18,29,2,49,8,0,8,57
10/03/2011,EAU,WI,AGL,CE,Federal Contract Tower,0,3,22,0,25,0,6,30,0,36,0,9,52,0,61,14,0,14,75
10/04/2011,EAU,WI,AGL,CE,Federal Contract Tower,0,3,21,0,24,0,0,23,0,23,0,3,44,0,47,15,0,15,62
10/05/2011,EAU,WI,AGL,CE,Federal Contract Tower,0,4,24,0,28,0,6,21,0,27,0,10,45,0,55,0,0,0,55
10/06/2011,EAU,WI,AGL,CE,Federal Contract Tower,0,8,26,0,34,0,5,37,1,43,0,13,63,1,77,26,2,28,105
10/07/2011,EAU,WI,AGL,CE,Federal Contract Tower,0,3,12,0,15,0,4,16,0,20,0,7,28,0,35,0,0,0,35
10/08/2011,EAU,WI,AGL,CE,Federal Contract Tower,0,3,6,0,9,0,5,10,0,15,0,8,16,0,24,0,0,0,24
10/09/2011,EAU,WI,AGL,CE,Federal Contract Tower,0,6,10,0,16,0,3,62,5,70,0,9,72,5,86,26,0,26,112
10/10/2011,EAU,WI,AGL,CE,Federal Contract Tower,0,3,16,0,19,0,3,14,0,17,0,6,30,0,36,6,0,6,42
10/11/2011,EAU,WI,AGL,CE,Federal Contract Tower,0,4,14,0,18,0,2,13,0,15,0,6,27,0,33,2,0,2,35
10/12/2011,EAU,WI,AGL,CE,Federal Contract Tower,0,5,17,0,22,0,6,7,0,13,0,11,24,0,35,10,0,10,45
10/13/2011,EAU,WI,AGL,CE,Federal Contract Tower,0,3,22,0,25,0,3,3,0,6,0,6,25,0,31,0,0,0,31
10/14/2011,EAU,WI,AGL,CE,Federal Contract Tower,0,3,26,0,29,0,2,18,0,20,0,5,44,0,49,10,0,10,59
10/15/2011,EAU,WI,AGL,CE,Federal Contract Tower,0,3,9,0,12,0,8,12,0,20,0,11,21,0,32,4,0,4,36
10/16/2011,EAU,WI,AGL,CE,Federal Contract Tower,0,4,22,0,26,0,7,15,0,22,0,11,37,0,48,4,0,4,52
10/17/2011,EAU,WI,AGL,CE,Federal Contract Tower,0,3,34,0,37,0,0,9,0,9,0,3,43,0,46,0,0,0,46
10/18/2011,EAU,WI,AGL,CE,Federal Contract Tower,0,3,38,0,41,0,2,13,0,15,0,5,51,0,56,0,0,0,56
10/19/2011,EAU,WI,AGL,CE,Federal Contract Tower,0,3,33,0,36,0,2,24,0,26,0,5,57,0,62,0,0,0,62
10/20/2011,EAU,WI,AGL,CE,Federal Contract Tower,0,6,37,2,45,0,0,14,0,14,0,6,51,2,59,3,4,7,66
10/21/2011,EAU,WI,AGL,CE,Federal Contract Tower,0,5,29,0,34,0,6,41,6,53,0,11,70,6,87,20,0,20,107
10/22/2011,EAU,WI,AGL,CE,Federal Contract Tower,0,4,12,0,16,0,7,95,0,102,0,11,107,0,118,12,0,12,130
10/23/2011,EAU,WI,AGL,CE,Federal Contract Tower,0,4,9,0,13,0,6,22,0,28,0,10,31,0,41,30,0,30,71
10/24/2011,EAU,WI,AGL,CE,Federal Contract Tower,0,3,41,0,44,0,2,25,0,27,0,5,66,0,71,22,0,22,93
10/25/2011,EAU,WI,AGL,CE,Federal Contract Tower,0,4,46,0,50,0,3,11,0,14,0,7,57,0,64,0,0,0,64
10/26/2011,EAU,WI,AGL,CE,Federal Contract Tower,0,3,40,0,43,0,7,25,0,32,0,10,65,0,75,20,0,20,95
10/27/2011,EAU,WI,AGL,CE,Federal Contract Tower,0,3,38,0,41,0,3,23,2,28,0,6,61,2,69,0,4,4,73
10/28/2011,EAU,WI,AGL,CE,Federal Contract Tower,0,3,29,0,32,0,3,17,0,20,0,6,46,0,52,2,0,2,54
10/29/2011,EAU,WI,AGL,CE,Federal Contract Tower,0,3,5,0,8,0,4,54,0,58,0,7,59,0,66,30,0,30,96
10/30/2011,EAU,WI,AGL,CE,Federal Contract Tower,2,3,10,0,15,0,0,0,0,0,2,3,10,0,15,0,0,0,15
10/31/2011,EAU,WI,AGL,CE,Federal Contract Tower,0,5,29,0,34,0,4,12,0,16,0,9,41,0,50,2,0,2,52
11/01/2011,EAU,WI,AGL,CE,Federal Contract Tower,0,3,46,0,49,0,2,17,0,19,0,5,63,0,68,8,0,8,76
11/02/2011,EAU,WI,AGL,CE,Federal Contract Tower,0,3,37,0,40,0,3,13,0,16,0,6,50,0,56,30,0,30,86
11/03/2011,EAU,WI,AGL,CE,Federal Contract Tower,2,3,37,12,54,0,2,31,0,33,2,5,68,12,87,4,0,4,91
11/04/2011,EAU,WI,AGL,CE,Federal Contract Tower,0,3,26,4,33,0,1,26,0,27,0,4,52,4,60,8,0,8,68
11/05/2011,EAU,WI,AGL,CE,Federal Contract Tower,0,3,6,4,13,0,6,13,0,19,0,9,19,4,32,0,0,0,32
11/06/2011,EAU,WI,AGL,CE,Federal Contract Tower,0,3,10,0,13,0,1,12,2,15,0,4,22,2,28,0,0,0,28
11/07/2011,EAU,WI,AGL,CE,Federal Contract Tower,0,3,28,0,31,0,5,15,0,20,0,8,43,0,51,7,2,9,60
11/08/2011,EAU,WI,AGL,CE,Federal Contract Tower,0,3,34,0,37,0,4,9,0,13,0,7,43,0,50,4,0,4,54
11/09/2011,EAU,WI,AGL,CE,Federal Contract Tower,0,3,37,0,40,0,0,11,2,13,0,3,48,2,53,14,2,16,69
11/10/2011,EAU,WI,AGL,CE,Federal Contract Tower,0,3,33,0,36,0,1,11,0,12,0,4,44,0,48,6,0,6,54
11/11/2011,EAU,WI,AGL,CE,Federal Contract Tower,0,5,29,0,34,0,12,28,0,40,0,17,57,0,74,10,0,10,84
11/12/2011,EAU,WI,AGL,CE,Federal Contract Tower,0,7,10,0,17,0,6,56,0,62,0,13,66,0,79,14,0,14,93
11/13/2011,EAU,WI,AGL,CE,Federal Contract Tower,0,5,14,0,19,0,2,13,2,17,0,7,27,2,36,4,0,4,40
11/14/2011,EAU,WI,AGL,CE,Federal Contract Tower,0,3,37,0,40,0,0,16,0,16,0,3,53,0,56,14,0,14,70
11/15/2011,EAU,WI,AGL,CE,Federal Contract Tower,0,4,51,1,56,0,4,20,1,25,0,8,71,2,81,44,0,44,125
11/16/2011,EAU,WI,AGL,CE,Federal Contract Tower,0,4,44,0,48,0,6,18,0,24,0,10,62,0,72,16,0,16,88
11/17/2011,EAU,WI,AGL,CE,Federal Contract Tower,0,3,38,0,41,0,13,19,0,32,0,16,57,0,73,6,0,6,79
11/18/2011,EAU,WI,AGL,CE,Federal Contract Tower,0,3,33,0,36,0,4,39,0,43,0,7,72,0,79,6,0,6,85
11/19/2011,EAU,WI,AGL,CE,Federal Contract Tower,0,5,4,0,9,0,0,6,0,6,0,5,10,0,15,6,0,6,21
11/20/2011,EAU,WI,AGL,CE,Federal Contract Tower,0,3,9,0,12,0,2,6,0,8,0,5,15,0,20,0,0,0,20
11/21/2011,EAU,WI,AGL,CE,Federal Contract Tower,0,3,16,0,19,0,0,29,0,29,0,3,45,0,48,32,0,32,80
11/22/2011,EAU,WI,AGL,CE,Federal Contract Tower,0,3,23,0,26,0,2,3,0,5,0,5,26,0,31,18,0,18,49
11/23/2011,EAU,WI,AGL,CE,Federal Contract Tower,0,5,20,0,25,0,0,4,0,4,0,5,24,0,29,0,0,0,29
11/24/2011,EAU,WI,AGL,CE,Federal Contract Tower,0,2,4,0,6,0,0,6,0,6,0,2,10,0,12,10,0,10,22
11/25/2011,EAU,WI,AGL,CE,Federal Contract Tower,0,5,13,0,18,0,3,21,0,24,0,8,34,0,42,52,0,52,94
11/26/2011,EAU,WI,AGL,CE,Federal Contract Tower,0,5,4,0,9,0,0,0,0,0,0,5,4,0,9,0,0,0,9
11/27/2011,EAU,WI,AGL,CE,Federal Contract Tower,0,4,12,0,16,0,5,9,0,14,0,9,21,0,30,10,0,10,40
11/28/2011,EAU,WI,AGL,CE,Federal Contract Tower,0,3,40,0,43,0,0,16,0,16,0,3,56,0,59,0,0,0,59
11/29/2011,EAU,WI,AGL,CE,Federal Contract Tower,0,1,44,0,45,0,0,16,0,16,0,1,60,0,61,20,0,20,81
11/30/2011,EAU,WI,AGL,CE,Federal Contract Tower,0,5,33,0,38,0,6,35,4,45,0,11,68,4,83,22,2,24,107
12/01/2011,EAU,WI,AGL,CE,Federal Contract Tower,0,3,38,0,41,0,3,7,0,10,0,6,45,0,51,24,0,24,75
12/02/2011,EAU,WI,AGL,CE,Federal Contract Tower,0,3,28,0,31,0,3,33,3,39,0,6,61,3,70,40,0,40,110
12/03/2011,EAU,WI,AGL,CE,Federal Contract Tower,0,4,7,0,11,0,5,6,0,11,0,9,13,0,22,0,0,0,22
12/04/2011,EAU,WI,AGL,CE,Federal Contract Tower,2,3,7,0,12,0,1,0,0,1,2,4,7,0,13,2,0,2,15
12/05/2011,EAU,WI,AGL,CE,Federal Contract Tower,0,3,37,0,40,0,2,5,0,7,0,5,42,0,47,6,0,6,53
12/06/2011,EAU,WI,AGL,CE,Federal Contract Tower,0,5,37,0,42,0,4,8,0,12,0,9,45,0,54,0,0,0,54
12/07/2011,EAU,WI,AGL,CE,Federal Contract Tower,0,3,33,0,36,0,1,26,0,27,0,4,59,0,63,4,0,4,67
12/08/2011,EAU,WI,AGL,CE,Federal Contract Tower,2,7,44,0,53,0,5,12,0,17,2,12,56,0,70,26,0,26,96
12/09/2011,EAU,WI,AGL,CE,Federal Contract Tower,0,4,24,0,28,0,4,29,2,35,0,8,53,2,63,32,0,32,95
12/10/2011,EAU,WI,AGL,CE,Federal Contract Tower,0,4,10,4,18,0,1,32,6,39,0,5,42,10,57,52,6,58,115
12/11/2011,EAU,WI,AGL,CE,Federal Contract Tower,0,5,11,0,16,0,0,0,0,0,0,5,11,0,16,20,0,20,36
12/12/2011,EAU,WI,AGL,CE,Federal Contract Tower,0,3,41,0,44,0,0,5,0,5,0,3,46,0,49,10,0,10,59
12/13/2011,EAU,WI,AGL,CE,Federal Contract Tower,0,3,47,0,50,0,9,0,0,9,0,12,47,0,59,2,0,2,61
12/14/2011,EAU,WI,AGL,CE,Federal Contract Tower,0,3,32,0,35,0,0,0,0,0,0,3,32,0,35,0,0,0,35
12/15/2011,EAU,WI,AGL,CE,Federal Contract Tower,0,6,43,0,49,0,8,11,0,19,0,14,54,0,68,0,0,0,68
12/16/2011,EAU,WI,AGL,CE,Federal Contract Tower,0,5,37,2,44,0,0,13,3,16,0,5,50,5,60,0,0,0,60
12/17/2011,EAU,WI,AGL,CE,Federal Contract Tower,0,3,12,0,15,0,2,10,0,12,0,5,22,0,27,2,0,2,29
12/18/2011,EAU,WI,AGL,CE,Federal Contract Tower,0,5,10,3,18,0,0,63,4,67,0,5,73,7,85,22,0,22,107
12/19/2011,EAU,WI,AGL,CE,Federal Contract Tower,0,7,20,0,27,0,2,9,0,11,0,9,29,0,38,0,0,0,38
12/20/2011,EAU,WI,AGL,CE,Federal Contract Tower,0,4,17,0,21,0,6,23,1,30,0,10,40,1,51,26,0,26,77
12/21/2011,EAU,WI,AGL,CE,Federal Contract Tower,0,4,20,0,24,0,2,7,0,9,0,6,27,0,33,14,0,14,47
12/22/2011,EAU,WI,AGL,CE,Federal Contract Tower,0,3,20,2,25,0,4,11,3,18,0,7,31,5,43,26,0,26,69
12/23/2011,EAU,WI,AGL,CE,Federal Contract Tower,0,7,8,0,15,0,4,4,0,8,0,11,12,0,23,14,0,14,37
12/24/2011,EAU,WI,AGL,CE,Federal Contract Tower,2,3,1,0,6,0,3,28,0,31,2,6,29,0,37,24,0,24,61
12/25/2011,EAU,WI,AGL,CE,Federal Contract Tower,0,3,1,0,4,0,2,11,0,13,0,5,12,0,17,6,0,6,23
12/26/2011,EAU,WI,AGL,CE,Federal Contract Tower,0,6,20,0,26,0,5,9,0,14,0,11,29,0,40,0,0,0,40
12/27/2011,EAU,WI,AGL,CE,Federal Contract Tower,2,3,18,0,23,0,0,7,0,7,2,3,25,0,30,16,0,16,46
12/28/2011,EAU,WI,AGL,CE,Federal Contract Tower,0,3,23,0,26,0,0,30,3,33,0,3,53,3,59,36,0,36,95
12/29/2011,EAU,WI,AGL,CE,Federal Contract Tower,0,3,15,0,18,0,18,13,0,31,0,21,28,0,49,24,0,24,73
12/30/2011,EAU,WI,AGL,CE,Federal Contract Tower,0,4,9,0,13,0,4,7,0,11,0,8,16,0,24,4,0,4,28
12/31/2011,EAU,WI,AGL,CE,Federal Contract Tower,0,3,0,0,3,0,0,6,0,6,0,3,6,0,9,6,0,6,15
01/01/2012,EAU,WI,AGL,CE,Federal Contract Tower,0,3,2,0,5,0,8,0,0,8,0,11,2,0,13,0,0,0,13
01/02/2012,EAU,WI,AGL,CE,Federal Contract Tower,0,3,26,0,29,0,2,10,0,12,0,5,36,0,41,0,0,0,41
01/03/2012,EAU,WI,AGL,CE,Federal Contract Tower,0,5,40,0,45,0,3,19,0,22,0,8,59,0,67,28,0,28,95
01/04/2012,EAU,WI,AGL,CE,Federal Contract Tower,0,6,39,0,45,0,4,18,2,24,0,10,57,2,69,4,0,4,73
01/05/2012,EAU,WI,AGL,CE,Federal Contract Tower,0,4,33,0,37,0,2,26,3,31,0,6,59,3,68,18,0,18,86
01/06/2012,EAU,WI,AGL,CE,Federal Contract Tower,0,3,32,0,35,0,3,44,0,47,0,6,76,0,82,45,0,45,127
01/07/2012,EAU,WI,AGL,CE,Federal Contract Tower,2,3,6,1,12,0,3,35,1,39,2,6,41,2,51,22,0,22,73
01/08/2012,EAU,WI,AGL,CE,Federal Contract Tower,0,3,7,1,11,0,2,62,3,67,0,5,69,4,78,32,0,32,110
01/09/2012,EAU,WI,AGL,CE,Federal Contract Tower,0,3,33,0,36,0,0,31,0,31,0,3,64,0,67,14,0,14,81
01/10/2012,EAU,WI,AGL,CE,Federal Contract Tower,0,6,49,2,57,0,4,38,1,43,0,10,87,3,100,18,3,21,121
01/11/2012,EAU,WI,AGL,CE,Federal Contract Tower,0,9,41,0,50,0,4,10,0,14,0,13,51,0,64,8,0,8,72
01/12/2012,EAU,WI,AGL,CE,Federal Contract Tower,0,3,30,0,33,0,0,0,0,0,0,3,30,0,33,0,0,0,33
01/13/2012,EAU,WI,AGL,CE,Federal Contract Tower,0,4,37,0,41,0,0,8,0,8,0,4,45,0,49,0,0,0,49
01/14/2012,EAU,WI,AGL,CE,Federal Contract Tower,0,3,6,0,9,0,1,11,0,12,0,4,17,0,21,0,0,0,21
01/15/2012,EAU,WI,AGL,CE,Federal Contract Tower,0,3,15,0,18,0,0,8,0,8,0,3,23,0,26,6,0,6,32
01/16/2012,EAU,WI,AGL,CE,Federal Contract Tower,0,3,39,1,43,0,0,10,0,10,0,3,49,1,53,8,0,8,61
01/17/2012,EAU,WI,AGL,CE,Federal Contract Tower,0,3,35,2,40,0,0,3,0,3,0,3,38,2,43,0,10,10,53
01/18/2012,EAU,WI,AGL,CE,Federal Contract Tower,0,6,31,0,37,0,2,21,0,23,0,8,52,0,60,4,0,4,64
01/19/2012,EAU,WI,AGL,CE,Federal Contract Tower,0,3,36,0,39,0,3,18,6,27,0,6,54,6,66,6,4,10,76
01/20/2012,EAU,WI,AGL,CE,Federal Contract Tower,0,4,32,0,36,0,3,4,0,7,0,7,36,0,43,2,0,2,45
01/21/2012,EAU,WI,AGL,CE,Federal Contract Tower,0,3,11,0,14,0,2,24,2,28,0,5,35,2,42,4,0,4,46
01/22/2012,EAU,WI,AGL,CE,Federal Contract Tower,0,3,6,0,9,0,0,2,0,2,0,3,8,0,11,2,0,2,13
01/23/2012,EAU,WI,AGL,CE,Federal Contract Tower,0,3,25,0,28,0,0,0,0,0,0,3,25,0,28,0,0,0,28
01/24/2012,EAU,WI,AGL,CE,Federal Contract Tower,0,4,44,0,48,0,4,2,0,6,0,8,46,0,54,50,0,50,104
01/25/2012,EAU,WI,AGL,CE,Federal Contract Tower,0,4,31,0,35,0,0,20,2,22,0,4,51,2,57,38,0,38,95
01/26/2012,EAU,WI,AGL,CE,Federal Contract Tower,0,7,38,6,51,0,2,27,0,29,0,9,65,6,80,70,0,70,150
01/27/2012,EAU,WI,AGL,CE,Federal Contract Tower,0,4,28,0,32,0,3,19,3,25,0,7,47,3,57,44,0,44,101
01/28/2012,EAU,WI,AGL,CE,Federal Contract Tower,0,3,9,0,12,0,3,20,3,26,0,6,29,3,38,22,0,22,60
01/29/2012,EAU,WI,AGL,CE,Federal Contract Tower,0,3,7,0,10,0,2,36,2,40,0,5,43,2,50,32,0,32,82
01/30/2012,EAU,WI,AGL,CE,Federal Contract Tower,0,6,21,0,27,0,9,25,0,34,0,15,46,0,61,31,0,31,92
01/31/2012,EAU,WI,AGL,CE,Federal Contract Tower,0,4,34,0,38,0,4,18,0,22,0,8,52,0,60,28,0,28,88
02/01/2012,EAU,WI,AGL,CE,Federal Contract Tower,0,3,45,0,48,0,1,0,0,1,0,4,45,0,49,0,0,0,49
02/02/2012,EAU,WI,AGL,CE,Federal Contract Tower,0,4,36,0,40,0,2,0,0,2,0,6,36,0,42,0,0,0,42
02/03/2012,EAU,WI,AGL,CE,Federal Contract Tower,0,4,18,0,22,0,5,13,0,18,0,9,31,0,40,18,0,18,58
02/04/2012,EAU,WI,AGL,CE,Federal Contract Tower,0,4,10,0,14,0,7,40,2,49,0,11,50,2,63,50,0,50,113
02/05/2012,EAU,WI,AGL,CE,Federal Contract Tower,0,4,11,0,15,0,3,15,0,18,0,7,26,0,33,10,0,10,43
02/06/2012,EAU,WI,AGL,CE,Federal Contract Tower,0,4,20,0,24,0,0,15,0,15,0,4,35,0,39,18,0,18,57
02/07/2012,EAU,WI,AGL,CE,Federal Contract Tower,0,4,21,0,25,0,2,17,0,19,0,6,38,0,44,32,0,32,76
02/08/2012,EAU,WI,AGL,CE,Federal Contract Tower,0,3,22,0,25,0,9,44,3,56,0,12,66,3,81,66,0,66,147
02/09/2012,EAU,WI,AGL,CE,Federal Contract Tower,0,3,21,0,24,0,0,32,0,32,0,3,53,0,56,30,0,30,86
02/10/2012,EAU,WI,AGL,CE,Federal Contract Tower,2,7,16,0,25,0,11,7,0,18,2,18,23,0,43,12,0,12,55
02/11/2012,EAU,WI,AGL,CE,Federal Contract Tower,0,3,5,5,13,0,4,14,8,26,0,7,19,13,39,0,4,4,43
02/12/2012,EAU,WI,AGL,CE,Federal Contract Tower,0,3,8,0,11,0,1,58,0,59,0,4,66,0,70,50,0,50,120
02/13/2012,EAU,WI,AGL,CE,Federal Contract Tower,0,5,26,0,31,0,0,5,0,5,0,5,31,0,36,9,0,9,45
02/14/2012,EAU,WI,AGL,CE,Federal Contract Tower,0,4,19,0,23,0,0,1,0,1,0,4,20,0,24,0,0,0,24
02/15/2012,EAU,WI,AGL,CE,Federal Contract Tower,0,3,22,0,25,0,1,29,0,30,0,4,51,0,55,40,0,40,95
02/16/2012,EAU,WI,AGL,CE,Federal Contract Tower,0,3,28,0,31,0,2,21,2,25,0,5,49,2,56,6,0,6,62
02/17/2012,EAU,WI,AGL,CE,Federal Contract Tower,0,3,19,0,22,0,6,24,1,31,0,9,43,1,53,18,0,18,71
02/18/2012,EAU,WI,AGL,CE,Federal Contract Tower,0,3,16,0,19,0,0,55,0,55,0,3,71,0,74,4,0,4,78
02/19/2012,EAU,WI,AGL,CE,Federal Contract Tower,0,3,8,0,11,0,5,56,1,62,0,8,64,1,73,12,2,14,87
02/20/2012,EAU,WI,AGL,CE,Federal Contract Tower,0,3,20,0,23,0,5,16,0,21,0,8,36,0,44,8,0,8,52
02/21/2012,EAU,WI,AGL,CE,Federal Contract Tower,2,5,20,0,27,0,0,4,0,4,2,5,24,0,31,0,0,0,31
02/22/2012,EAU,WI,AGL,CE,Federal Contract Tower,0,5,23,0,28,0,2,25,0,27,0,7,48,0,55,46,0,46,101
02/23/2012,EAU,WI,AGL,CE,Federal Contract Tower,0,6,27,2,35,0,6,23,1,30,0,12,50,3,65,54,2,56,121
02/24/2012,EAU,WI,AGL,CE,Federal Contract Tower,2,6,19,0,27,0,2,8,0,10,2,8,27,0,37,20,0,20,57
02/25/2012,EAU,WI,AGL,CE,Federal Contract Tower,0,5,19,0,24,0,9,37,3,49,0,14,56,3,73,6,2,8,81
02/26/2012,EAU,WI,AGL,CE,Federal Contract Tower,0,3,11,0,14,0,3,1,0,4,0,6,12,0,18,0,0,0,18
02/27/2012,EAU,WI,AGL,CE,Federal Contract Tower,0,5,14,0,19,0,0,12,0,12,0,5,26,0,31,20,0,20,51
02/28/2012,EAU,WI,AGL,CE,Federal Contract Tower,0,3,18,0,21,0,0,2,0,2,0,3,20,0,23,0,0,0,23
02/29/2012,EAU,WI,AGL,CE,Federal Contract Tower,0,2,1,0,3,0,0,0,0,0,0,2,1,0,3,0,0,0,3
03/01/2012,EAU,WI,AGL,CE,Federal Contract Tower,0,4,25,0,29,0,0,12,0,12,0,4,37,0,41,0,0,0,41
03/02/2012,EAU,WI,AGL,CE,Federal Contract Tower,0,4,20,0,24,0,0,7,0,7,0,4,27,0,31,0,0,0,31
03/03/2012,EAU,WI,AGL,CE,Federal Contract Tower,0,5,10,0,15,0,4,1,0,5,0,9,11,0,20,0,0,0,20
03/04/2012,EAU,WI,AGL,CE,Federal Contract Tower,0,3,12,0,15,0,1,21,0,22,0,4,33,0,37,10,0,10,47
03/05/2012,EAU,WI,AGL,CE,Federal Contract Tower,0,3,17,0,20,0,3,27,3,33,0,6,44,3,53,18,0,18,71
03/06/2012,EAU,WI,AGL,CE,Federal Contract Tower,0,3,21,0,24,0,0,30,0,30,0,3,51,0,54,36,0,36,90
03/07/2012,EAU,WI,AGL,CE,Federal Contract Tower,0,4,24,0,28,0,0,8,0,8,0,4,32,0,36,24,0,24,60
03/08/2012,EAU,WI,AGL,CE,Federal Contract Tower,0,5,30,0,35,0,0,8,0,8,0,5,38,0,43,0,0,0,43
03/09/2012,EAU,WI,AGL,CE,Federal Contract Tower,0,8,14,0,22,0,6,34,0,40,0,14,48,0,62,62,0,62,124
03/10/2012,EAU,WI,AGL,CE,Federal Contract Tower,0,3,7,0,10,0,6,17,0,23,0,9,24,0,33,0,0,0,33
03/11/2012,EAU,WI,AGL,CE,Federal Contract Tower,0,4,9,0,13,0,9,45,0,54,0,13,54,0,67,32,0,32,99
03/12/2012,EAU,WI,AGL,CE,Federal Contract Tower,0,3,19,0,22,0,0,5,0,5,0,3,24,0,27,0,0,0,27
03/13/2012,EAU,WI,AGL,CE,Federal Contract Tower,0,5,20,0,25,0,4,39,0,43,0,9,59,0,68,68,0,68,136
03/14/2012,EAU,WI,AGL,CE,Federal Contract Tower,0,3,24,2,29,0,2,42,2,46,0,5,66,4,75,28,0,28,103
03/15/2012,EAU,WI,AGL,CE,Federal Contract Tower,0,3,34,0,37,0,5,35,3,43,0,8,69,3,80,24,0,24,104
03/16/2012,EAU,WI,AGL,CE,Federal Contract Tower,0,6,25,0,31,0,5,46,0,51,0,11,71,0,82,0,0,0,82
03/17/2012,EAU,WI,AGL,CE,Federal Contract Tower,0,4,4,0,8,0,2,23,0,25,0,6,27,0,33,20,0,20,53
03/18/2012,EAU,WI,AGL,CE,Federal Contract Tower,0,3,7,0,10,0,3,38,0,41,0,6,45,0,51,2,0,2,53
03/19/2012,EAU,WI,AGL,CE,Federal Contract Tower,0,4,25,0,29,0,1,20,1,22,0,5,45,1,51,6,0,6,57
03/20/2012,EAU,WI,AGL,CE,Federal Contract Tower,0,3,19,2,24,0,7,12,0,19,0,10,31,2,43,8,0,8,51
03/21/2012,EAU,WI,AGL,CE,Federal Contract Tower,2,5,26,2,35,0,6,8,0,14,2,11,34,2,49,28,0,28,77
03/22/2012,EAU,WI,AGL,CE,Federal Contract Tower,0,5,26,2,33,0,4,13,0,17,0,9,39,2,50,22,0,22,72
03/23/2012,EAU,WI,AGL,CE,Federal Contract Tower,0,3,24,0,27,0,0,6,0,6,0,3,30,0,33,0,0,0,33
03/24/2012,EAU,WI,AGL,CE,Federal Contract Tower,0,3,12,0,15,0,5,22,0,27,0,8,34,0,42,18,0,18,60
03/25/2012,EAU,WI,AGL,CE,Federal Contract Tower,0,3,15,0,18,0,4,36,0,40,0,7,51,0,58,18,0,18,76
03/26/2012,EAU,WI,AGL,CE,Federal Contract Tower,0,3,20,0,23,0,0,10,0,10,0,3,30,0,33,0,0,0,33
03/27/2012,EAU,WI,AGL,CE,Federal Contract Tower,0,3,31,5,39,0,0,16,1,17,0,3,47,6,56,0,2,2,58
03/28/2012,EAU,WI,AGL,CE,Federal Contract Tower,0,7,37,0,44,0,2,28,0,30,0,9,65,0,74,18,0,18,92
03/29/2012,EAU,WI,AGL,CE,Federal Contract Tower,0,5,29,0,34,0,2,45,0,47,0,7,74,0,81,40,0,40,121
03/30/2012,EAU,WI,AGL,CE,Federal Contract Tower,0,4,18,0,22,0,1,6,0,7,0,5,24,0,29,0,0,0,29
03/31/2012,EAU,WI,AGL,CE,Federal Contract Tower,0,7,11,1,19,0,1,2,0,3,0,8,13,1,22,0,0,0,22
04/01/2012,EAU,WI,AGL,CE,Federal Contract Tower,0,3,9,0,12,0,4,35,0,39,0,7,44,0,51,8,0,8,59
04/02/2012,EAU,WI,AGL,CE,Federal Contract Tower,0,4,24,0,28,0,0,18,0,18,0,4,42,0,46,14,0,14,60
04/03/2012,EAU,WI,AGL,CE,Federal Contract Tower,0,3,25,0,28,0,2,21,0,23,0,5,46,0,51,24,0,24,75
04/04/2012,EAU,WI,AGL,CE,Federal Contract Tower,0,4,23,0,27,0,4,56,0,60,0,8,79,0,87,62,0,62,149
04/05/2012,EAU,WI,AGL,CE,Federal Contract Tower,0,6,25,0,31,0,4,37,0,41,0,10,62,0,72,10,0,10,82
04/06/2012,EAU,WI,AGL,CE,Federal Contract Tower,0,3,16,0,19,0,2,56,2,60,0,5,72,2,79,16,0,16,95
04/07/2012,EAU,WI,AGL,CE,Federal Contract Tower,0,3,8,0,11,0,3,37,1,41,0,6,45,1,52,66,0,66,118
04/08/2012,EAU,WI,AGL,CE,Federal Contract Tower,0,4,5,0,9,0,2,23,0,25,0,6,28,0,34,0,0,0,34
04/09/2012,EAU,WI,AGL,CE,Federal Contract Tower,0,5,22,0,27,0,5,30,3,38,0,10,52,3,65,6,0,6,71
04/10/2012,EAU,WI,AGL,CE,Federal Contract Tower,0,7,30,0,37,0,5,24,0,29,0,12,54,0,66,4,0,4,70
04/11/2012,EAU,WI,AGL,CE,Federal Contract Tower,0,3,26,0,29,0,1,39,0,40,0,4,65,0,69,26,0,26,95
04/12/2012,EAU,WI,AGL,CE,Federal Contract Tower,0,3,23,2,28,0,2,40,2,44,0,5,63,4,72,24,2,26,98
04/13/2012,EAU,WI,AGL,CE,Federal Contract Tower,2,5,25,0,32,0,4,11,0,15,2,9,36,0,47,6,0,6,53
04/14/2012,EAU,WI,AGL,CE,Federal Contract Tower,0,5,10,0,15,0,5,44,0,49,0,10,54,0,64,30,0,30,94
04/15/2012,EAU,WI,AGL,CE,Federal Contract Tower,0,3,7,0,10,0,0,1,0,1,0,3,8,0,11,0,0,0,11
04/16/2012,EAU,WI,AGL,CE,Federal Contract Tower,2,3,24,0,29,0,8,1,0,9,2,11,25,0,38,0,0,0,38
04/17/2012,EAU,WI,AGL,CE,Federal Contract Tower,0,3,30,0,33,0,1,42,0,43,0,4,72,0,76,28,0,28,104
04/18/2012,EAU,WI,AGL,CE,Federal Contract Tower,0,3,18,0,21,0,6,6,0,12,0,9,24,0,33,0,0,0,33
04/19/2012,EAU,WI,AGL,CE,Federal Contract Tower,0,3,18,0,21,0,0,18,0,18,0,3,36,0,39,10,0,10,49
04/20/2012,EAU,WI,AGL,CE,Federal Contract Tower,0,4,27,0,31,0,5,23,2,30,0,9,50,2,61,32,0,32,93
04/21/2012,EAU,WI,AGL,CE,Federal Contract Tower,0,3,10,0,13,0,6,34,2,42,0,9,44,2,55,20,0,20,75
04/22/2012,EAU,WI,AGL,CE,Federal Contract Tower,0,3,10,0,13,0,6,46,0,52,0,9,56,0,65,12,0,12,77
04/23/2012,EAU,WI,AGL,CE,Federal Contract Tower,0,4,23,0,27,0,6,27,0,33,0,10,50,0,60,6,0,6,66
04/24/2012,EAU,WI,AGL,CE,Federal Contract Tower,0,4,25,0,29,0,4,33,0,37,0,8,58,0,66,16,0,16,82
04/25/2012,EAU,WI,AGL,CE,Federal Contract Tower,0,4,18,0,22,0,2,18,0,20,0,6,36,0,42,40,0,40,82
04/26/2012,EAU,WI,AGL,CE,Federal Contract Tower,0,6,22,0,28,0,7,19,0,26,0,13,41,0,54,26,0,26,80
04/27/2012,EAU,WI,AGL,CE,Federal Contract Tower,0,5,20,0,25,0,2,37,0,39,0,7,57,0,64,36,0,36,100
04/28/2012,EAU,WI,AGL,CE,Federal Contract Tower,0,3,6,0,9,0,4,8,0,12,0,7,14,0,21,2,0,2,23
04/29/2012,EAU,WI,AGL,CE,Federal Contract Tower,0,3,11,0,14,0,4,38,0,42,0,7,49,0,56,20,0,20,76
04/30/2012,EAU,WI,AGL,CE,Federal Contract Tower,0,3,27,0,30,0,1,25,0,26,0,4,52,0,56,26,0,26,82
05/01/2012,EAU,WI,AGL,CE,Federal Contract Tower,0,5,24,0,29,0,0,39,0,39,0,5,63,0,68,72,0,72,140
05/02/2012,EAU,WI,AGL,CE,Federal Contract Tower,0,3,16,0,19,0,1,12,0,13,0,4,28,0,32,14,0,14,46
05/03/2012,EAU,WI,AGL,CE,Federal Contract Tower,0,3,24,0,27,0,5,20,0,25,0,8,44,0,52,8,0,8,60
05/04/2012,EAU,WI,AGL,CE,Federal Contract Tower,0,4,23,0,27,0,16,39,0,55,0,20,62,0,82,46,0,46,128
05/05/2012,EAU,WI,AGL,CE,Federal Contract Tower,0,4,12,1,17,0,2,10,0,12,0,6,22,1,29,4,0,4,33
05/06/2012,EAU,WI,AGL,CE,Federal Contract Tower,0,5,19,0,24,0,0,0,0,0,0,5,19,0,24,0,0,0,24
05/07/2012,EAU,WI,AGL,CE,Federal Contract Tower,0,4,28,0,32,0,3,42,0,45,0,7,70,0,77,0,0,0,77
05/08/2012,EAU,WI,AGL,CE,Federal Contract Tower,0,3,42,0,45,0,9,45,2,56,0,12,87,2,101,4,6,10,111
05/09/2012,EAU,WI,AGL,CE,Federal Contract Tower,0,3,25,0,28,0,3,51,0,54,0,6,76,0,82,28,0,28,110
05/10/2012,EAU,WI,AGL,CE,Federal Contract Tower,0,5,21,0,26,0,0,78,0,78,0,5,99,0,104,24,0,24,128
05/11/2012,EAU,WI,AGL,CE,Federal Contract Tower,0,4,19,0,23,0,10,19,0,29,0,14,38,0,52,12,0,12,64
05/12/2012,EAU,WI,AGL,CE,Federal Contract Tower,0,3,9,0,12,0,6,55,3,64,0,9,64,3,76,16,0,16,92
05/13/2012,EAU,WI,AGL,CE,Federal Contract Tower,0,3,4,0,7,0,4,43,0,47,0,7,47,0,54,2,0,2,56
05/14/2012,EAU,WI,AGL,CE,Federal Contract Tower,0,3,18,0,21,0,0,42,2,44,0,3,60,2,65,6,0,6,71
05/15/2012,EAU,WI,AGL,CE,Federal Contract Tower,0,5,29,2,36,0,8,42,2,52,0,13,71,4,88,38,0,38,126
05/16/2012,EAU,WI,AGL,CE,Federal Contract Tower,0,5,20,0,25,0,5,77,0,82,0,10,97,0,107,38,0,38,145
05/17/2012,EAU,WI,AGL,CE,Federal Contract Tower,0,4,24,0,28,0,9,26,1,36,0,13,50,1,64,0,0,0,64
05/18/2012,EAU,WI,AGL,CE,Federal Contract Tower,0,5,19,0,24,0,3,24,0,27,0,8,43,0,51,10,0,10,61
05/19/2012,EAU,WI,AGL,CE,Federal Contract Tower,0,4,11,0,15,0,4,50,6,60,0,8,61,6,75,2,0,2,77
05/20/2012,EAU,WI,AGL,CE,Federal Contract Tower,2,6,20,0,28,0,4,7,0,11,2,10,27,0,39,2,0,2,41
05/21/2012,EAU,WI,AGL,CE,Federal Contract Tower,0,4,17,0,21,0,16,41,0,57,0,20,58,0,78,14,0,14,92
05/22/2012,EAU,WI,AGL,CE,Federal Contract Tower,2,3,21,0,26,0,3,19,7,29,2,6,40,7,55,68,0,68,123
05/23/2012,EAU,WI,AGL,CE,Federal Contract Tower,0,4,30,0,34,0,4,4,0,8,0,8,34,0,42,30,0,30,72
05/24/2012,EAU,WI,AGL,CE,Federal Contract Tower,0,4,19,0,23,0,3,12,0,15,0,7,31,0,38,26,0,26,64
05/25/2012,EAU,WI,AGL,CE,Federal Contract Tower,0,8,24,0,32,0,2,38,0,40,0,10,62,0,72,8,0,8,80
05/26/2012,EAU,WI,AGL,CE,Federal Contract Tower,0,4,8,0,12,0,1,24,0,25,0,5,32,0,37,0,0,0,37
05/27/2012,EAU,WI,AGL,CE,Federal Contract Tower,0,5,9,0,14,0,5,6,0,11,0,10,15,0,25,26,0,26,51
05/28/2012,EAU,WI,AGL,CE,Federal Contract Tower,0,6,8,0,14,0,4,24,0,28,0,10,32,0,42,16,0,16,58
05/29/2012,EAU,WI,AGL,CE,Federal Contract Tower,0,4,27,0,31,0,1,16,4,21,0,5,43,4,52,8,0,8,60
05/30/2012,EAU,WI,AGL,CE,Federal Contract Tower,0,3,23,0,26,0,5,27,3,35,0,8,50,3,61,44,0,44,105
05/31/2012,EAU,WI,AGL,CE,Federal Contract Tower,0,4,22,4,30,0,9,39,6,54,0,13,61,10,84,42,0,42,126
06/01/2012,EAU,WI,AGL,CE,Federal Contract Tower,0,9,17,0,26,0,4,38,2,44,0,13,55,2,70,42,6,48,118
06/02/2012,EAU,WI,AGL,CE,Federal Contract Tower,0,3,11,2,16,0,5,55,0,60,0,8,66,2,76,0,0,0,76
06/03/2012,EAU,WI,AGL,CE,Federal Contract Tower,0,3,8,0,11,0,0,33,0,33,0,3,41,0,44,46,0,46,90
06/04/2012,EAU,WI,AGL,CE,Federal Contract Tower,0,6,22,0,28,0,11,24,0,35,0,17,46,0,63,26,0,26,89
06/05/2012,EAU,WI,AGL,CE,Federal Contract Tower,0,4,23,0,27,0,2,22,0,24,0,6,45,0,51,10,0,10,61
06/06/2012,EAU,WI,AGL,CE,Federal Contract Tower,0,4,28,0,32,0,8,23,0,31,0,12,51,0,63,0,0,0,63
06/07/2012,EAU,WI,AGL,CE,Federal Contract Tower,0,4,24,0,28,0,7,24,0,31,0,11,48,0,59,46,0,46,105
06/08/2012,EAU,WI,AGL,CE,Federal Contract Tower,0,5,22,0,27,0,4,16,1,21,0,9,38,1,48,0,0,0,48
06/09/2012,EAU,WI,AGL,CE,Federal Contract Tower,0,3,10,0,13,0,2,27,2,31,0,5,37,2,44,0,0,0,44
06/10/2012,EAU,WI,AGL,CE,Federal Contract Tower,0,3,14,0,17,0,3,113,1,117,0,6,127,1,134,0,0,0,134
06/11/2012,EAU,WI,AGL,CE,Federal Contract Tower,0,4,16,0,20,0,13,19,2,34,0,17,35,2,54,8,0,8,62
06/12/2012,EAU,WI,AGL,CE,Federal Contract Tower,0,6,29,0,35,0,4,32,0,36,0,10,61,0,71,0,0,0,71
06/13/2012,EAU,WI,AGL,CE,Federal Contract Tower,0,4,16,1,21,0,3,31,2,36,0,7,47,3,57,14,0,14,71
06/14/2012,EAU,WI,AGL,CE,Federal Contract Tower,0,6,22,0,28,0,0,22,0,22,0,6,44,0,50,0,0,0,50
06/15/2012,EAU,WI,AGL,CE,Federal Contract Tower,0,6,23,0,29,0,7,45,2,54,0,13,68,2,83,6,0,6,89
06/16/2012,EAU,WI,AGL,CE,Federal Contract Tower,0,4,16,0,20,0,0,13,0,13,0,4,29,0,33,2,0,2,35
06/17/2012,EAU,WI,AGL,CE,Federal Contract Tower,0,3,11,1,15,0,4,30,2,36,0,7,41,3,51,6,0,6,57
06/18/2012,EAU,WI,AGL,CE,Federal Contract Tower,0,3,19,0,22,0,12,90,2,104,0,15,109,2,126,38,0,38,164
06/19/2012,EAU,WI,AGL,CE,Federal Contract Tower,0,3,23,0,26,0,1,23,1,25,0,4,46,1,51,8,0,8,59
06/20/2012,EAU,WI,AGL,CE,Federal Contract Tower,0,5,16,0,21,0,2,3,0,5,0,7,19,0,26,2,0,2,28
06/21/2012,EAU,WI,AGL,CE,Federal Contract Tower,0,3,36,0,39,0,10,28,0,38,0,13,64,0,77,14,0,14,91
06/22/2012,EAU,WI,AGL,CE,Federal Contract Tower,0,3,18,0,21,0,0,56,0,56,0,3,74,0,77,12,0,12,89
06/23/2012,EAU,WI,AGL,CE,Federal Contract Tower,0,3,12,0,15,0,0,43,0,43,0,3,55,0,58,18,0,18,76
06/24/2012,EAU,WI,AGL,CE,Federal Contract Tower,0,4,13,0,17,0,11,46,4,61,0,15,59,4,78,0,2,2,80
06/25/2012,EAU,WI,AGL,CE,Federal Contract Tower,0,6,23,1,30,0,3,24,20,47,0,9,47,21,77,38,36,74,151
06/26/2012,EAU,WI,AGL,CE,Federal Contract Tower,0,6,22,1,29,0,0,22,2,24,0,6,44,3,53,14,0,14,67
06/27/2012,EAU,WI,AGL,CE,Federal Contract Tower,2,3,26,1,32,0,6,22,6,34,2,9,48,7,66,12,0,12,78
06/28/2012,EAU,WI,AGL,CE,Federal Contract Tower,0,3,28,0,31,0,5,30,7,42,0,8,58,7,73,14,0,14,87
06/29/2012,EAU,WI,AGL,CE,Federal Contract Tower,0,5,22,0,27,0,4,28,0,32,0,9,50,0,59,14,0,14,73
06/30/2012,EAU,WI,AGL,CE,Federal Contract Tower,0,3,21,0,24,0,4,32,0,36,0,7,53,0,60,6,0,6,66
07/01/2012,EAU,WI,AGL,CE,Federal Contract Tower,0,4,6,0,10,0,6,37,4,47,0,10,43,4,57,14,0,14,71
07/02/2012,EAU,WI,AGL,CE,Federal Contract Tower,0,2,23,0,25,0,4,16,0,20,0,6,39,0,45,0,0,0,45
07/03/2012,EAU,WI,AGL,CE,Federal Contract Tower,0,4,24,1,29,0,6,26,1,33,0,10,50,2,62,0,0,0,62
07/04/2012,EAU,WI,AGL,CE,Federal Contract Tower,0,3,6,0,9,0,4,8,0,12,0,7,14,0,21,2,0,2,23
07/05/2012,EAU,WI,AGL,CE,Federal Contract Tower,0,3,21,3,27,0,7,28,1,36,0,10,49,4,63,14,0,14,77
07/06/2012,EAU,WI,AGL,CE,Federal Contract Tower,0,3,11,1,15,0,9,15,4,28,0,12,26,5,43,24,0,24,67
07/07/2012,EAU,WI,AGL,CE,Federal Contract Tower,0,3,6,0,9,0,3,39,0,42,0,6,45,0,51,4,0,4,55
07/08/2012,EAU,WI,AGL,CE,Federal Contract Tower,0,3,9,0,12,0,8,38,0,46,0,11,47,0,58,2,0,2,60
07/09/2012,EAU,WI,AGL,CE,Federal Contract Tower,0,3,39,0,42,0,0,33,0,33,0,3,72,0,75,36,0,36,111
07/10/2012,EAU,WI,AGL,CE,Federal Contract Tower,0,4,45,3,52,0,3,47,0,50,0,7,92,3,102,32,0,32,134
07/11/2012,EAU,WI,AGL,CE,Federal Contract Tower,0,3,39,2,44,0,8,23,2,33,0,11,62,4,77,18,0,18,95
07/12/2012,EAU,WI,AGL,CE,Federal Contract Tower,0,3,27,0,30,0,8,30,0,38,0,11,57,0,68,26,0,26,94
07/13/2012,EAU,WI,AGL,CE,Federal Contract Tower,0,3,24,2,29,0,0,15,1,16,0,3,39,3,45,6,0,6,51
07/14/2012,EAU,WI,AGL,CE,Federal Contract Tower,2,4,8,1,15,0,7,26,2,35,2,11,34,3,50,22,0,22,72
07/15/2012,EAU,WI,AGL,CE,Federal Contract Tower,0,3,13,0,16,0,11,33,3,47,0,14,46,3,63,2,0,2,65
07/16/2012,EAU,WI,AGL,CE,Federal Contract Tower,0,6,28,0,34,0,7,28,0,35,0,13,56,0,69,34,0,34,103
07/17/2012,EAU,WI,AGL,CE,Federal Contract Tower,2,4,23,0,29,0,2,14,0,16,2,6,37,0,45,8,0,8,53
07/18/2012,EAU,WI,AGL,CE,Federal Contract Tower,0,4,30,2,36,0,0,7,0,7,0,4,37,2,43,0,0,0,43
07/19/2012,EAU,WI,AGL,CE,Federal Contract Tower,0,5,23,2,30,0,2,28,2,32,0,7,51,4,62,32,0,32,94
07/20/2012,EAU,WI,AGL,CE,Federal Contract Tower,0,3,18,0,21,0,2,36,0,38,0,5,54,0,59,10,0,10,69
07/21/2012,EAU,WI,AGL,CE,Federal Contract Tower,0,4,9,0,13,0,2,49,0,51,0,6,58,0,64,4,0,4,68
07/22/2012,EAU,WI,AGL,CE,Federal Contract Tower,0,3,10,0,13,0,9,71,0,80,0,12,81,0,93,36,0,36,129
07/23/2012,EAU,WI,AGL,CE,Federal Contract Tower,0,10,24,1,35,0,8,26,2,36,0,18,50,3,71,8,0,8,79
07/24/2012,EAU,WI,AGL,CE,Federal Contract Tower,0,7,29,1,37,0,2,14,0,16,0,9,43,1,53,0,0,0,53
07/25/2012,EAU,WI,AGL,CE,Federal Contract Tower,0,7,17,2,26,0,1,40,0,41,0,8,57,2,67,48,0,48,115
07/26/2012,EAU,WI,AGL,CE,Federal Contract Tower,0,4,23,0,27,0,2,28,0,30,0,6,51,0,57,26,0,26,83
07/27/2012,EAU,WI,AGL,CE,Federal Contract Tower,0,3,20,0,23,0,6,33,1,40,0,9,53,1,63,0,0,0,63
07/28/2012,EAU,WI,AGL,CE,Federal Contract Tower,0,3,12,0,15,0,0,54,0,54,0,3,66,0,69,20,0,20,89
07/29/2012,EAU,WI,AGL,CE,Federal Contract Tower,0,4,23,0,27,0,4,25,0,29,0,8,48,0,56,6,0,6,62
07/30/2012,EAU,WI,AGL,CE,Federal Contract Tower,0,5,20,0,25,0,0,20,0,20,0,5,40,0,45,40,0,40,85
07/31/2012,EAU,WI,AGL,CE,Federal Contract Tower,0,3,22,0,25,0,1,51,0,52,0,4,73,0,77,16,0,16,93
08/01/2012,EAU,WI,AGL,CE,Federal Contract Tower,0,3,23,0,26,0,0,24,0,24,0,3,47,0,50,22,2,24,74
08/02/2012,EAU,WI,AGL,CE,Federal Contract Tower,0,3,29,0,32,0,2,24,0,26,0,5,53,0,58,14,0,14,72
08/03/2012,EAU,WI,AGL,CE,Federal Contract Tower,0,3,19,0,22,0,2,38,0,40,0,5,57,0,62,28,0,28,90
08/04/2012,EAU,WI,AGL,CE,Federal Contract Tower,2,3,8,0,13,0,0,9,0,9,2,3,17,0,22,14,0,14,36
08/05/2012,EAU,WI,AGL,CE,Federal Contract Tower,0,3,9,0,12,0,6,55,2,63,0,9,64,2,75,2,0,2,77
08/06/2012,EAU,WI,AGL,CE,Federal Contract Tower,0,4,22,0,26,0,5,27,4,36,0,9,49,4,62,8,0,8,70
08/07/2012,EAU,WI,AGL,CE,Federal Contract Tower,0,6,25,0,31,0,3,49,2,54,0,9,74,2,85,30,0,30,115
08/08/2012,EAU,WI,AGL,CE,Federal Contract Tower,0,5,26,0,31,0,3,21,2,26,0,8,47,2,57,34,0,34,91
08/09/2012,EAU,WI,AGL,CE,Federal Contract Tower,0,6,23,0,29,0,2,5,0,7,0,8,28,0,36,0,0,0,36
08/10/2012,EAU,WI,AGL,CE,Federal Contract Tower,0,3,22,0,25,0,0,38,0,38,0,3,60,0,63,38,0,38,101
08/11/2012,EAU,WI,AGL,CE,Federal Contract Tower,0,3,5,0,8,0,4,60,0,64,0,7,65,0,72,24,0,24,96
08/12/2012,EAU,WI,AGL,CE,Federal Contract Tower,0,3,9,0,12,0,4,35,0,39,0,7,44,0,51,38,0,38,89
08/13/2012,EAU,WI,AGL,CE,Federal Contract Tower,0,4,39,0,43,0,5,37,6,48,0,9,76,6,91,54,0,54,145
08/14/2012,EAU,WI,AGL,CE,Federal Contract Tower,0,5,52,0,57,0,1,27,2,30,0,6,79,2,87,22,0,22,109
08/15/2012,EAU,WI,AGL,CE,Federal Contract Tower,0,4,40,0,44,0,2,37,0,39,0,6,77,0,83,14,0,14,97
08/16/2012,EAU,WI,AGL,CE,Federal Contract Tower,0,6,48,0,54,0,14,107,0,121,0,20,155,0,175,9,0,9,184
08/17/2012,EAU,WI,AGL,CE,Federal Contract Tower,0,4,39,2,45,0,5,225,5,235,0,9,264,7,280,36,2,38,318
08/18/2012,EAU,WI,AGL,CE,Federal Contract Tower,0,3,7,2,12,0,0,355,1,356,0,3,362,3,368,28,0,28,396
08/19/2012,EAU,WI,AGL,CE,Federal Contract Tower,0,3,13,0,16,0,4,58,0,62,0,7,71,0,78,6,0,6,84
08/20/2012,EAU,WI,AGL,CE,Federal Contract Tower,0,3,18,2,23,0,1,33,0,34,0,4,51,2,57,38,0,38,95
08/21/2012,EAU,WI,AGL,CE,Federal Contract Tower,0,3,23,0,26,0,4,34,0,38,0,7,57,0,64,38,0,38,102
08/22/2012,EAU,WI,AGL,CE,Federal Contract Tower,0,5,25,0,30,0,2,21,0,23,0,7,46,0,53,6,0,6,59
08/23/2012,EAU,WI,AGL,CE,Federal Contract Tower,0,4,32,0,36,0,0,10,2,12,0,4,42,2,48,2,0,2,50
08/24/2012,EAU,WI,AGL,CE,Federal Contract Tower,0,5,19,0,24,0,2,35,0,37,0,7,54,0,61,20,0,20,81
08/25/2012,EAU,WI,AGL,CE,Federal Contract Tower,0,4,11,0,15,0,1,52,0,53,0,5,63,0,68,16,0,16,84
08/26/2012,EAU,WI,AGL,CE,Federal Contract Tower,0,6,11,0,17,0,0,23,0,23,0,6,34,0,40,20,0,20,60
08/27/2012,EAU,WI,AGL,CE,Federal Contract Tower,0,3,21,0,24,0,4,32,3,39,0,7,53,3,63,30,0,30,93
08/28/2012,EAU,WI,AGL,CE,Federal Contract Tower,0,3,34,0,37,0,2,34,2,38,0,5,68,2,75,14,0,14,89
08/29/2012,EAU,WI,AGL,CE,Federal Contract Tower,0,2,32,0,34,0,4,38,5,47,0,6,70,5,81,26,0,26,107
08/30/2012,EAU,WI,AGL,CE,Federal Contract Tower,0,3,29,0,32,0,3,23,0,26,0,6,52,0,58,28,0,28,86
08/31/2012,EAU,WI,AGL,CE,Federal Contract Tower,0,3,19,0,22,0,0,23,0,23,0,3,42,0,45,2,0,2,47
09/01/2012,EAU,WI,AGL,CE,Federal Contract Tower,0,3,13,0,16,0,3,28,0,31,0,6,41,0,47,0,0,0,47
09/02/2012,EAU,WI,AGL,CE,Federal Contract Tower,2,3,7,0,12,0,2,32,0,34,2,5,39,0,46,0,0,0,46
09/03/2012,EAU,WI,AGL,CE,Federal Contract Tower,0,3,3,0,6,0,1,19,0,20,0,4,22,0,26,0,0,0,26
09/04/2012,EAU,WI,AGL,CE,Federal Contract Tower,0,3,33,0,36,0,0,7,0,7,0,3,40,0,43,8,0,8,51
09/05/2012,EAU,WI,AGL,CE,Federal Contract Tower,2,9,24,0,35,0,0,37,0,37,2,9,61,0,72,28,0,28,100
09/06/2012,EAU,WI,AGL,CE,Federal Contract Tower,0,4,14,2,20,0,1,33,10,44,0,5,47,12,64,50,2,52,116
09/07/2012,EAU,WI,AGL,CE,Federal Contract Tower,0,3,23,1,27,0,2,20,0,22,0,5,43,1,49,0,0,0,49
09/08/2012,EAU,WI,AGL,CE,Federal Contract Tower,0,3,9,0,12,0,0,45,0,45,0,3,54,0,57,24,0,24,81
09/09/2012,EAU,WI,AGL,CE,Federal Contract Tower,0,3,18,1,22,0,3,22,0,25,0,6,40,1,47,22,0,22,69
09/10/2012,EAU,WI,AGL,CE,Federal Contract Tower,0,5,16,0,21,0,2,20,0,22,0,7,36,0,43,26,0,26,69
09/11/2012,EAU,WI,AGL,CE,Federal Contract Tower,0,2,28,0,30,0,1,10,0,11,0,3,38,0,41,12,0,12,53
09/12/2012,EAU,WI,AGL,CE,Federal Contract Tower,0,2,29,0,31,0,1,11,1,13,0,3,40,1,44,90,0,90,134
09/13/2012,EAU,WI,AGL,CE,Federal Contract Tower,2,3,22,2,29,0,3,25,2,30,2,6,47,4,59,36,0,36,95
09/14/2012,EAU,WI,AGL,CE,Federal Contract Tower,0,3,18,4,25,0,4,28,2,34,0,7,46,6,59,34,0,34,93
09/15/2012,EAU,WI,AGL,CE,Federal Contract Tower,0,4,7,0,11,0,9,43,0,52,0,13,50,0,63,12,0,12,75
09/16/2012,EAU,WI,AGL,CE,Federal Contract Tower,0,3,7,0,10,0,3,40,2,45,0,6,47,2,55,40,0,40,95
09/17/2012,EAU,WI,AGL,CE,Federal Contract Tower,0,6,16,0,22,0,3,3,0,6,0,9,19,0,28,0,0,0,28
09/18/2012,EAU,WI,AGL,CE,Federal Contract Tower,0,4,23,0,27,0,1,47,0,48,0,5,70,0,75,38,0,38,113
09/19/2012,EAU,WI,AGL,CE,Federal Contract Tower,0,5,20,0,25,0,3,6,0,9,0,8,26,0,34,2,0,2,36
09/20/2012,EAU,WI,AGL,CE,Federal Contract Tower,0,3,34,0,37,0,2,24,0,26,0,5,58,0,63,14,0,14,77
09/21/2012,EAU,WI,AGL,CE,Federal Contract Tower,2,3,16,0,21,0,4,50,0,54,2,7,66,0,75,20,0,20,95
09/22/2012,EAU,WI,AGL,CE,Federal Contract Tower,0,3,7,0,10,0,1,4,0,5,0,4,11,0,15,0,0,0,15
09/23/2012,EAU,WI,AGL,CE,Federal Contract Tower,0,5,12,0,17,0,2,55,0,57,0,7,67,0,74,22,0,22,96
09/24/2012,EAU,WI,AGL,CE,Federal Contract Tower,0,3,22,0,25,0,5,22,0,27,0,8,44,0,52,12,0,12,64
09/25/2012,EAU,WI,AGL,CE,Federal Contract Tower,0,4,31,0,35,0,7,52,0,59,0,11,83,0,94,32,0,32,126
09/26/2012,EAU,WI,AGL,CE,Federal Contract Tower,0,4,29,1,34,0,6,36,1,43,0,10,65,2,77,22,0,22,99
09/27/2012,EAU,WI,AGL,CE,Federal Contract Tower,0,3,20,0,23,0,1,22,0,23,0,4,42,0,46,24,0,24,70
09/28/2012,EAU,WI,AGL,CE,Federal Contract Tower,0,4,16,0,20,0,4,44,0,48,0,8,60,0,68,24,0,24,92
09/29/2012,EAU,WI,AGL,CE,Federal Contract Tower,0,4,9,0,13,0,4,60,0,64,0,8,69,0,77,10,0,10,87
09/30/2012,EAU,WI,AGL,CE,Federal Contract Tower,0,3,20,0,23,0,4,67,0,71,0,7,87,0,94,48,0,48,142
10/01/2012,EAU,WI,AGL,CE,Federal Contract Tower,0,10,17,0,27,0,6,37,4,47,0,16,54,4,74,20,0,20,94
10/02/2012,EAU,WI,AGL,CE,Federal Contract Tower,0,6,35,0,41,0,4,44,0,48,0,10,79,0,89,24,0,24,113
10/03/2012,EAU,WI,AGL,CE,Federal Contract Tower,0,6,20,1,27,0,4,60,9,73,0,10,80,10,100,4,0,4,104
10/04/2012,EAU,WI,AGL,CE,Federal Contract Tower,0,3,17,0,20,0,10,7,0,17,0,13,24,0,37,0,0,0,37
10/05/2012,EAU,WI,AGL,CE,Federal Contract Tower,0,4,16,0,20,0,6,12,0,18,0,10,28,0,38,20,2,22,60
10/06/2012,EAU,WI,AGL,CE,Federal Contract Tower,0,3,12,3,18,0,4,22,2,28,0,7,34,5,46,10,0,10,56
10/07/2012,EAU,WI,AGL,CE,Federal Contract Tower,0,3,10,0,13,0,5,40,0,45,0,8,50,0,58,20,0,20,78
10/08/2012,EAU,WI,AGL,CE,Federal Contract Tower,0,4,18,0,22,0,5,15,0,20,0,9,33,0,42,26,0,26,68
10/09/2012,EAU,WI,AGL,CE,Federal Contract Tower,0,3,21,0,24,0,7,2,0,9,0,10,23,0,33,18,0,18,51
10/10/2012,EAU,WI,AGL,CE,Federal Contract Tower,0,3,24,0,27,0,0,22,2,24,0,3,46,2,51,0,0,0,51
10/11/2012,EAU,WI,AGL,CE,Federal Contract Tower,0,3,23,1,27,0,2,10,0,12,0,5,33,1,39,2,0,2,41
10/12/2012,EAU,WI,AGL,CE,Federal Contract Tower,0,5,20,0,25,0,1,39,0,40,0,6,59,0,65,10,0,10,75
10/13/2012,EAU,WI,AGL,CE,Federal Contract Tower,0,3,8,0,11,0,0,0,0,0,0,3,8,0,11,0,0,0,11
10/14/2012,EAU,WI,AGL,CE,Federal Contract Tower,0,3,9,0,12,0,2,2,0,4,0,5,11,0,16,0,0,0,16
10/15/2012,EAU,WI,AGL,CE,Federal Contract Tower,0,3,15,0,18,0,5,34,0,39,0,8,49,0,57,22,0,22,79
10/16/2012,EAU,WI,AGL,CE,Federal Contract Tower,0,5,24,0,29,0,2,22,0,24,0,7,46,0,53,20,0,20,73
10/17/2012,EAU,WI,AGL,CE,Federal Contract Tower,0,4,20,2,26,0,13,12,0,25,0,17,32,2,51,18,0,18,69
10/18/2012,EAU,WI,AGL,CE,Federal Contract Tower,0,4,19,0,23,0,0,0,0,0,0,4,19,0,23,0,0,0,23
10/19/2012,EAU,WI,AGL,CE,Federal Contract Tower,0,3,26,0,29,0,1,14,0,15,0,4,40,0,44,0,0,0,44
10/20/2012,EAU,WI,AGL,CE,Federal Contract Tower,0,3,14,0,17,0,2,12,0,14,0,5,26,0,31,0,0,0,31
10/21/2012,EAU,WI,AGL,CE,Federal Contract Tower,0,3,10,0,13,0,3,69,3,75,0,6,79,3,88,24,0,24,112
10/22/2012,EAU,WI,AGL,CE,Federal Contract Tower,0,3,19,0,22,0,1,2,0,3,0,4,21,0,25,0,0,0,25
10/23/2012,EAU,WI,AGL,CE,Federal Contract Tower,0,3,22,0,25,0,0,0,0,0,0,3,22,0,25,0,0,0,25
10/24/2012,EAU,WI,AGL,CE,Federal Contract Tower,0,3,28,0,31,0,1,0,0,1,0,4,28,0,32,0,0,0,32
10/25/2012,EAU,WI,AGL,CE,Federal Contract Tower,0,3,19,0,22,0,1,3,0,4,0,4,22,0,26,0,0,0,26
10/26/2012,EAU,WI,AGL,CE,Federal Contract Tower,0,3,29,0,32,0,0,21,2,23,0,3,50,2,55,8,0,8,63
10/27/2012,EAU,WI,AGL,CE,Federal Contract Tower,0,3,6,0,9,0,1,60,0,61,0,4,66,0,70,46,0,46,116
10/28/2012,EAU,WI,AGL,CE,Federal Contract Tower,0,3,11,0,14,0,4,42,1,47,0,7,53,1,61,20,0,20,81
10/29/2012,EAU,WI,AGL,CE,Federal Contract Tower,0,3,25,0,28,0,0,12,0,12,0,3,37,0,40,12,0,12,52
10/30/2012,EAU,WI,AGL,CE,Federal Contract Tower,0,1,38,0,39,0,0,22,0,22,0,1,60,0,61,20,0,20,81
10/31/2012,EAU,WI,AGL,CE,Federal Contract Tower,0,5,34,1,40,0,2,25,1,28,0,7,59,2,68,14,0,14,82
11/01/2012,EAU,WI,AGL,CE,Federal Contract Tower,0,4,37,0,41,0,1,12,0,13,0,5,49,0,54,6,0,6,60
11/02/2012,EAU,WI,AGL,CE,Federal Contract Tower,0,3,22,3,28,0,3,30,0,33,0,6,52,3,61,10,0,10,71
11/03/2012,EAU,WI,AGL,CE,Federal Contract Tower,0,3,9,2,14,0,3,23,0,26,0,6,32,2,40,24,0,24,64
11/04/2012,EAU,WI,AGL,CE,Federal Contract Tower,0,3,20,0,23,0,10,30,0,40,0,13,50,0,63,20,0,20,83
11/05/2012,EAU,WI,AGL,CE,Federal Contract Tower,0,3,29,0,32,0,0,5,0,5,0,3,34,0,37,6,0,6,43
11/06/2012,EAU,WI,AGL,CE,Federal Contract Tower,0,2,40,0,42,0,0,0,0,0,0,2,40,0,42,0,0,0,42
11/07/2012,EAU,WI,AGL,CE,Federal Contract Tower,0,3,40,0,43,0,0,29,0,29,0,3,69,0,72,20,0,20,92
11/08/2012,EAU,WI,AGL,CE,Federal Contract Tower,0,3,26,2,31,0,3,34,1,38,0,6,60,3,69,16,0,16,85
11/09/2012,EAU,WI,AGL,CE,Federal Contract Tower,2,3,29,0,34,0,0,27,0,27,2,3,56,0,61,38,0,38,99
11/10/2012,EAU,WI,AGL,CE,Federal Contract Tower,0,3,11,0,14,0,0,3,0,3,0,3,14,0,17,4,0,4,21
11/11/2012,EAU,WI,AGL,CE,Federal Contract Tower,0,3,7,0,10,0,0,0,0,0,0,3,7,0,10,0,0,0,10
11/12/2012,EAU,WI,AGL,CE,Federal Contract Tower,0,3,35,0,38,0,0,5,0,5,0,3,40,0,43,0,0,0,43
11/13/2012,EAU,WI,AGL,CE,Federal Contract Tower,0,5,41,0,46,0,5,52,4,61,0,10,93,4,107,16,4,20,127
11/14/2012,EAU,WI,AGL,CE,Federal Contract Tower,0,4,42,0,46,0,6,51,4,61,0,10,93,4,107,6,0,6,113
11/15/2012,EAU,WI,AGL,CE,Federal Contract Tower,0,4,41,1,46,0,1,29,2,32,0,5,70,3,78,14,0,14,92
11/16/2012,EAU,WI,AGL,CE,Federal Contract Tower,0,3,21,1,25,0,2,46,0,48,0,5,67,1,73,14,0,14,87
11/17/2012,EAU,WI,AGL,CE,Federal Contract Tower,0,4,11,0,15,0,5,28,0,33,0,9,39,0,48,58,0,58,106
11/18/2012,EAU,WI,AGL,CE,Federal Contract Tower,0,3,12,0,15,0,2,21,0,23,0,5,33,0,38,0,0,0,38
11/19/2012,EAU,WI,AGL,CE,Federal Contract Tower,0,2,22,0,24,0,2,14,0,16,0,4,36,0,40,0,0,0,40
11/20/2012,EAU,WI,AGL,CE,Federal Contract Tower,0,2,26,0,28,0,2,18,5,25,0,4,44,5,53,0,0,0,53
11/21/2012,EAU,WI,AGL,CE,Federal Contract Tower,0,3,22,0,25,0,6,26,2,34,0,9,48,2,59,18,0,18,77
11/22/2012,EAU,WI,AGL,CE,Federal Contract Tower,0,4,5,0,9,0,4,4,0,8,0,8,9,0,17,6,0,6,23
11/23/2012,EAU,WI,AGL,CE,Federal Contract Tower,0,5,10,0,15,0,1,1,0,2,0,6,11,0,17,0,0,0,17
11/24/2012,EAU,WI,AGL,CE,Federal Contract Tower,0,3,5,0,8,0,4,32,0,36,0,7,37,0,44,18,0,18,62
11/25/2012,EAU,WI,AGL,CE,Federal Contract Tower,0,5,13,0,18,0,3,9,0,12,0,8,22,0,30,10,0,10,40
11/26/2012,EAU,WI,AGL,CE,Federal Contract Tower,0,3,31,0,34,0,1,13,0,14,0,4,44,0,48,0,0,0,48
11/27/2012,EAU,WI,AGL,CE,Federal Contract Tower,0,3,41,0,44,0,1,23,5,29,0,4,64,5,73,2,0,2,75
11/28/2012,EAU,WI,AGL,CE,Federal Contract Tower,0,5,41,0,46,0,12,18,0,30,0,17,59,0,76,10,0,10,86
11/29/2012,EAU,WI,AGL,CE,Federal Contract Tower,0,3,32,0,35,0,3,31,0,34,0,6,63,0,69,68,0,68,137
11/30/2012,EAU,WI,AGL,CE,Federal Contract Tower,0,3,25,0,28,0,1,0,0,1,0,4,25,0,29,0,0,0,29
12/01/2012,EAU,WI,AGL,CE,Federal Contract Tower,0,5,5,0,10,0,0,0,0,0,0,5,5,0,10,0,0,0,10
12/02/2012,EAU,WI,AGL,CE,Federal Contract Tower,0,7,9,0,16,0,0,0,0,0,0,7,9,0,16,0,0,0,16
12/03/2012,EAU,WI,AGL,CE,Federal Contract Tower,0,3,26,0,29,0,3,3,0,6,0,6,29,0,35,0,0,0,35
12/04/2012,EAU,WI,AGL,CE,Federal Contract Tower,0,3,37,0,40,0,0,34,0,34,0,3,71,0,74,44,0,44,118
12/05/2012,EAU,WI,AGL,CE,Federal Contract Tower,0,3,40,3,46,0,3,46,4,53,0,6,86,7,99,30,4,34,133
12/06/2012,EAU,WI,AGL,CE,Federal Contract Tower,0,8,29,0,37,0,2,8,2,12,0,10,37,2,49,0,0,0,49
12/07/2012,EAU,WI,AGL,CE,Federal Contract Tower,0,7,28,0,35,0,1,36,0,37,0,8,64,0,72,30,0,30,102
12/08/2012,EAU,WI,AGL,CE,Federal Contract Tower,0,3,7,0,10,0,4,45,0,49,0,7,52,0,59,2,0,2,61
12/09/2012,EAU,WI,AGL,CE,Federal Contract Tower,0,1,4,0,5,0,0,0,0,0,0,1,4,0,5,0,0,0,5
12/10/2012,EAU,WI,AGL,CE,Federal Contract Tower,0,6,34,0,40,0,3,8,0,11,0,9,42,0,51,0,0,0,51
12/11/2012,EAU,WI,AGL,CE,Federal Contract Tower,0,3,40,0,43,0,4,6,0,10,0,7,46,0,53,0,0,0,53
12/12/2012,EAU,WI,AGL,CE,Federal Contract Tower,0,3,47,0,50,0,6,50,0,56,0,9,97,0,106,4,0,4,110
12/13/2012,EAU,WI,AGL,CE,Federal Contract Tower,0,5,33,0,38,0,4,15,0,19,0,9,48,0,57,0,4,4,61
12/14/2012,EAU,WI,AGL,CE,Federal Contract Tower,0,3,34,0,37,0,4,24,2,30,0,7,58,2,67,14,0,14,81
12/15/2012,EAU,WI,AGL,CE,Federal Contract Tower,0,3,4,0,7,0,0,0,0,0,0,3,4,0,7,0,0,0,7
12/16/2012,EAU,WI,AGL,CE,Federal Contract Tower,0,4,8,0,12,0,0,0,0,0,0,4,8,0,12,0,0,0,12
12/17/2012,EAU,WI,AGL,CE,Federal Contract Tower,0,5,32,0,37,0,4,3,0,7,0,9,35,0,44,12,0,12,56
12/18/2012,EAU,WI,AGL,CE,Federal Contract Tower,0,3,48,4,55,0,1,11,0,12,0,4,59,4,67,40,0,40,107
12/19/2012,EAU,WI,AGL,CE,Federal Contract Tower,0,3,49,2,54,0,3,19,0,22,0,6,68,2,76,20,0,20,96
12/20/2012,EAU,WI,AGL,CE,Federal Contract Tower,0,0,16,2,18,0,0,1,0,1,0,0,17,2,19,0,0,0,19
12/21/2012,EAU,WI,AGL,CE,Federal Contract Tower,0,3,28,0,31,0,3,25,0,28,0,6,53,0,59,30,0,30,89
12/22/2012,EAU,WI,AGL,CE,Federal Contract Tower,0,4,5,2,11,0,6,36,0,42,0,10,41,2,53,20,0,20,73
12/23/2012,EAU,WI,AGL,CE,Federal Contract Tower,0,3,9,0,12,0,3,17,0,20,0,6,26,0,32,38,0,38,70
12/24/2012,EAU,WI,AGL,CE,Federal Contract Tower,0,3,2,0,5,0,1,2,0,3,0,4,4,0,8,0,0,0,8
12/25/2012,EAU,WI,AGL,CE,Federal Contract Tower,0,4,1,0,5,0,1,3,0,4,0,5,4,0,9,0,0,0,9
12/26/2012,EAU,WI,AGL,CE,Federal Contract Tower,0,4,12,0,16,0,1,28,0,29,0,5,40,0,45,36,0,36,81
12/27/2012,EAU,WI,AGL,CE,Federal Contract Tower,2,4,14,0,20,0,2,23,2,27,2,6,37,2,47,16,0,16,63
12/28/2012,EAU,WI,AGL,CE,Federal Contract Tower,0,3,14,0,17,0,0,3,0,3,0,3,17,0,20,0,0,0,20
12/29/2012,EAU,WI,AGL,CE,Federal Contract Tower,0,4,8,0,12,0,6,21,0,27,0,10,29,0,39,46,0,46,85
12/30/2012,EAU,WI,AGL,CE,Federal Contract Tower,0,3,5,0,8,0,0,25,0,25,0,3,30,0,33,0,0,0,33
12/31/2012,EAU,WI,AGL,CE,Federal Contract Tower,0,4,6,0,10,0,2,12,0,14,0,6,18,0,24,14,0,14,38
01/01/2013,EAU,WI,AGL,CE,Federal Contract Tower,0,3,3,0,6,0,4,8,0,12,0,7,11,0,18,26,0,26,44
01/02/2013,EAU,WI,AGL,CE,Federal Contract Tower,0,3,17,0,20,0,0,5,0,5,0,3,22,0,25,26,0,26,51
01/03/2013,EAU,WI,AGL,CE,Federal Contract Tower,0,3,20,2,25,0,3,1,2,6,0,6,21,4,31,0,0,0,31
01/04/2013,EAU,WI,AGL,CE,Federal Contract Tower,0,3,21,0,24,0,4,37,0,41,0,7,58,0,65,32,0,32,97
01/05/2013,EAU,WI,AGL,CE,Federal Contract Tower,0,3,7,0,10,0,4,19,1,24,0,7,26,1,34,0,0,0,34
01/06/2013,EAU,WI,AGL,CE,Federal Contract Tower,0,3,5,0,8,0,5,23,0,28,0,8,28,0,36,68,0,68,104
01/07/2013,EAU,WI,AGL,CE,Federal Contract Tower,2,5,29,0,36,0,3,18,0,21,2,8,47,0,57,62,0,62,119
01/08/2013,EAU,WI,AGL,CE,Federal Contract Tower,0,3,37,0,40,0,2,14,0,16,0,5,51,0,56,22,0,22,78
01/09/2013,EAU,WI,AGL,CE,Federal Contract Tower,0,4,38,0,42,0,2,32,0,34,0,6,70,0,76,42,0,42,118
01/10/2013,EAU,WI,AGL,CE,Federal Contract Tower,2,4,38,0,44,0,0,19,0,19,2,4,57,0,63,20,0,20,83
01/11/2013,EAU,WI,AGL,CE,Federal Contract Tower,0,3,23,0,26,0,0,0,0,0,0,3,23,0,26,0,0,0,26
01/12/2013,EAU,WI,AGL,CE,Federal Contract Tower,0,3,6,0,9,0,4,0,0,4,0,7,6,0,13,0,0,0,13
01/13/2013,EAU,WI,AGL,CE,Federal Contract Tower,0,3,9,0,12,0,1,4,0,5,0,4,13,0,17,26,0,26,43
01/14/2013,EAU,WI,AGL,CE,Federal Contract Tower,0,4,40,1,45,0,4,11,4,19,0,8,51,5,64,14,0,14,78
01/15/2013,EAU,WI,AGL,CE,Federal Contract Tower,0,5,47,0,52,0,8,22,0,30,0,13,69,0,82,16,0,16,98
01/16/2013,EAU,WI,AGL,CE,Federal Contract Tower,0,3,36,0,39,0,0,10,2,12,0,3,46,2,51,0,0,0,51
01/17/2013,EAU,WI,AGL,CE,Federal Contract Tower,0,4,54,0,58,0,3,16,0,19,0,7,70,0,77,6,0,6,83
01/18/2013,EAU,WI,AGL,CE,Federal Contract Tower,0,3,33,0,36,0,4,23,0,27,0,7,56,0,63,24,0,24,87
01/19/2013,EAU,WI,AGL,CE,Federal Contract Tower,0,3,7,0,10,0,0,12,0,12,0,3,19,0,22,8,0,8,30
01/20/2013,EAU,WI,AGL,CE,Federal Contract Tower,0,3,3,0,6,0,3,7,0,10,0,6,10,0,16,0,0,0,16
01/21/2013,EAU,WI,AGL,CE,Federal Contract Tower,0,3,33,0,36,0,0,3,0,3,0,3,36,0,39,0,0,0,39
01/22/2013,EAU,WI,AGL,CE,Federal Contract Tower,0,3,40,0,43,0,0,12,0,12,0,3,52,0,55,8,0,8,63
01/23/2013,EAU,WI,AGL,CE,Federal Contract Tower,0,7,32,4,43,0,1,15,0,16,0,8,47,4,59,4,0,4,63
01/24/2013,EAU,WI,AGL,CE,Federal Contract Tower,0,3,32,0,35,0,3,20,0,23,0,6,52,0,58,20,0,20,78
01/25/2013,EAU,WI,AGL,CE,Federal Contract Tower,2,3,22,0,27,0,1,8,0,9,2,4,30,0,36,8,0,8,44
01/26/2013,EAU,WI,AGL,CE,Federal Contract Tower,0,5,11,2,18,0,10,40,1,51,0,15,51,3,69,20,0,20,89
01/27/2013,EAU,WI,AGL,CE,Federal Contract Tower,0,3,2,0,5,0,0,0,0,0,0,3,2,0,5,0,0,0,5
01/28/2013,EAU,WI,AGL,CE,Federal Contract Tower,0,2,29,0,31,0,0,0,0,0,0,2,29,0,31,0,0,0,31
01/29/2013,EAU,WI,AGL,CE,Federal Contract Tower,0,3,33,0,36,0,2,1,0,3,0,5,34,0,39,0,0,0,39
01/30/2013,EAU,WI,AGL,CE,Federal Contract Tower,0,1,36,0,37,0,1,0,0,1,0,2,36,0,38,0,0,0,38
01/31/2013,EAU,WI,AGL,CE,Federal Contract Tower,0,3,35,0,38,0,6,14,0,20,0,9,49,0,58,32,0,32,90
02/01/2013,EAU,WI,AGL,CE,Federal Contract Tower,0,3,27,0,30,0,1,19,0,20,0,4,46,0,50,4,0,4,54
02/02/2013,EAU,WI,AGL,CE,Federal Contract Tower,0,3,7,0,10,0,2,15,0,17,0,5,22,0,27,28,0,28,55
02/03/2013,EAU,WI,AGL,CE,Federal Contract Tower,0,3,10,0,13,0,2,13,6,21,0,5,23,6,34,6,0,6,40
02/04/2013,EAU,WI,AGL,CE,Federal Contract Tower,0,3,41,0,44,0,5,10,4,19,0,8,51,4,63,4,0,4,67
02/05/2013,EAU,WI,AGL,CE,Federal Contract Tower,0,3,36,0,39,0,2,5,2,9,0,5,41,2,48,8,0,8,56
02/06/2013,EAU,WI,AGL,CE,Federal Contract Tower,0,4,44,0,48,0,0,2,0,2,0,4,46,0,50,0,0,0,50
02/07/2013,EAU,WI,AGL,CE,Federal Contract Tower,0,1,31,0,32,0,0,0,0,0,0,1,31,0,32,0,0,0,32
02/08/2013,EAU,WI,AGL,CE,Federal Contract Tower,0,3,26,1,30,0,3,29,5,37,0,6,55,6,67,32,0,32,99
02/09/2013,EAU,WI,AGL,CE,Federal Contract Tower,0,5,6,0,11,0,2,4,0,6,0,7,10,0,17,0,0,0,17
02/10/2013,EAU,WI,AGL,CE,Federal Contract Tower,0,3,11,0,14,0,0,0,0,0,0,3,11,0,14,0,0,0,14
02/11/2013,EAU,WI,AGL,CE,Federal Contract Tower,0,3,23,0,26,0,2,6,0,8,0,5,29,0,34,0,0,0,34
02/12/2013,EAU,WI,AGL,CE,Federal Contract Tower,0,3,31,2,36,0,7,27,0,34,0,10,58,2,70,14,0,14,84
02/13/2013,EAU,WI,AGL,CE,Federal Contract Tower,0,3,44,0,47,0,1,37,0,38,0,4,81,0,85,40,0,40,125
02/14/2013,EAU,WI,AGL,CE,Federal Contract Tower,0,3,35,0,38,0,0,3,0,3,0,3,38,0,41,24,0,24,65
02/15/2013,EAU,WI,AGL,CE,Federal Contract Tower,0,4,29,0,33,0,8,14,0,22,0,12,43,0,55,20,0,20,75
02/16/2013,EAU,WI,AGL,CE,Federal Contract Tower,0,4,8,0,12,0,1,34,4,39,0,5,42,4,51,20,0,20,71
02/17/2013,EAU,WI,AGL,CE,Federal Contract Tower,0,5,8,0,13,0,2,21,4,27,0,7,29,4,40,32,0,32,72
02/18/2013,EAU,WI,AGL,CE,Federal Contract Tower,0,3,15,0,18,0,4,5,0,9,0,7,20,0,27,22,0,22,49
02/19/2013,EAU,WI,AGL,CE,Federal Contract Tower,0,3,22,0,25,0,0,5,0,5,0,3,27,0,30,4,0,4,34
02/20/2013,EAU,WI,AGL,CE,Federal Contract Tower,0,3,17,0,20,0,0,20,2,22,0,3,37,2,42,4,0,4,46
02/21/2013,EAU,WI,AGL,CE,Federal Contract Tower,0,4,19,0,23,0,3,13,0,16,0,7,32,0,39,30,2,32,71
02/22/2013,EAU,WI,AGL,CE,Federal Contract Tower,0,3,17,0,20,0,0,0,0,0,0,3,17,0,20,0,0,0,20
02/23/2013,EAU,WI,AGL,CE,Federal Contract Tower,2,6,5,0,13,0,4,0,0,4,2,10,5,0,17,0,0,0,17
02/24/2013,EAU,WI,AGL,CE,Federal Contract Tower,0,3,7,0,10,0,4,31,0,35,0,7,38,0,45,50,0,50,95
02/25/2013,EAU,WI,AGL,CE,Federal Contract Tower,0,3,18,0,21,0,10,3,0,13,0,13,21,0,34,42,0,42,76
02/26/2013,EAU,WI,AGL,CE,Federal Contract Tower,0,1,24,0,25,0,9,16,0,25,0,10,40,0,50,0,0,0,50
02/27/2013,EAU,WI,AGL,CE,Federal Contract Tower,0,3,24,0,27,0,7,15,0,22,0,10,39,0,49,30,0,30,79
02/28/2013,EAU,WI,AGL,CE,Federal Contract Tower,0,3,17,0,20,0,0,2,0,2,0,3,19,0,22,0,6,6,28
03/01/2013,EAU,WI,AGL,CE,Federal Contract Tower,0,3,22,0,25,0,0,18,0,18,0,3,40,0,43,6,0,6,49
03/02/2013,EAU,WI,AGL,CE,Federal Contract Tower,0,4,9,0,13,0,5,52,2,59,0,9,61,2,72,18,0,18,90
03/03/2013,EAU,WI,AGL,CE,Federal Contract Tower,0,3,13,0,16,0,3,27,0,30,0,6,40,0,46,38,0,38,84
03/04/2013,EAU,WI,AGL,CE,Federal Contract Tower,0,3,23,0,26,0,2,2,0,4,0,5,25,0,30,0,0,0,30
03/05/2013,EAU,WI,AGL,CE,Federal Contract Tower,0,1,4,0,5,0,0,1,0,1,0,1,5,0,6,0,0,0,6
03/06/2013,EAU,WI,AGL,CE,Federal Contract Tower,0,7,23,0,30,0,1,12,0,13,0,8,35,0,43,16,0,16,59
03/07/2013,EAU,WI,AGL,CE,Federal Contract Tower,0,5,30,0,35,0,6,25,0,31,0,11,55,0,66,40,0,40,106
03/08/2013,EAU,WI,AGL,CE,Federal Contract Tower,0,3,28,0,31,0,0,33,0,33,0,3,61,0,64,36,2,38,102
03/09/2013,EAU,WI,AGL,CE,Federal Contract Tower,0,3,6,0,9,0,0,0,0,0,0,3,6,0,9,0,0,0,9
03/10/2013,EAU,WI,AGL,CE,Federal Contract Tower,0,6,8,0,14,0,0,1,0,1,0,6,9,0,15,0,0,0,15
03/11/2013,EAU,WI,AGL,CE,Federal Contract Tower,0,3,26,0,29,0,3,2,0,5,0,6,28,0,34,10,0,10,44
03/12/2013,EAU,WI,AGL,CE,Federal Contract Tower,0,5,23,1,29,0,6,7,0,13,0,11,30,1,42,10,0,10,52
03/13/2013,EAU,WI,AGL,CE,Federal Contract Tower,0,7,23,0,30,0,3,30,0,33,0,10,53,0,63,30,0,30,93
03/14/2013,EAU,WI,AGL,CE,Federal Contract Tower,0,5,23,0,28,0,1,12,0,13,0,6,35,0,41,0,0,0,41
03/15/2013,EAU,WI,AGL,CE,Federal Contract Tower,0,3,24,0,27,0,0,0,0,0,0,3,24,0,27,0,0,0,27
03/16/2013,EAU,WI,AGL,CE,Federal Contract Tower,0,3,8,0,11,0,0,12,0,12,0,3,20,0,23,0,0,0,23
03/17/2013,EAU,WI,AGL,CE,Federal Contract Tower,0,4,14,3,21,0,3,24,0,27,0,7,38,3,48,60,0,60,108
03/18/2013,EAU,WI,AGL,CE,Federal Contract Tower,0,3,21,0,24,0,0,0,0,0,0,3,21,0,24,0,0,0,24
03/19/2013,EAU,WI,AGL,CE,Federal Contract Tower,0,3,25,0,28,0,0,1,0,1,0,3,26,0,29,2,0,2,31
03/20/2013,EAU,WI,AGL,CE,Federal Contract Tower,0,4,18,0,22,0,1,24,0,25,0,5,42,0,47,44,0,44,91
03/21/2013,EAU,WI,AGL,CE,Federal Contract Tower,0,3,25,0,28,0,4,24,2,30,0,7,49,2,58,20,8,28,86
03/22/2013,EAU,WI,AGL,CE,Federal Contract Tower,3,3,25,0,31,0,1,19,2,22,3,4,44,2,53,38,4,42,95
03/23/2013,EAU,WI,AGL,CE,Federal Contract Tower,0,5,10,0,15,0,3,36,0,39,0,8,46,0,54,40,0,40,94
03/24/2013,EAU,WI,AGL,CE,Federal Contract Tower,0,3,7,0,10,0,15,1,0,16,0,18,8,0,26,54,0,54,80
03/25/2013,EAU,WI,AGL,CE,Federal Contract Tower,0,3,22,0,25,0,6,11,0,17,0,9,33,0,42,4,0,4,46
03/26/2013,EAU,WI,AGL,CE,Federal Contract Tower,0,3,33,0,36,0,5,26,0,31,0,8,59,0,67,18,0,18,85
03/27/2013,EAU,WI,AGL,CE,Federal Contract Tower,0,3,35,0,38,0,2,40,0,42,0,5,75,0,80,36,0,36,116
03/28/2013,EAU,WI,AGL,CE,Federal Contract Tower,0,3,35,0,38,0,5,54,0,59,0,8,89,0,97,52,0,52,149
03/29/2013,EAU,WI,AGL,CE,Federal Contract Tower,0,3,19,0,22,0,0,55,0,55,0,3,74,0,77,40,0,40,117
03/30/2013,EAU,WI,AGL,CE,Federal Contract Tower,0,4,8,0,12,0,0,1,0,1,0,4,9,0,13,0,0,0,13
03/31/2013,EAU,WI,AGL,CE,Federal Contract Tower,0,3,5,0,8,0,4,1,0,5,0,7,6,0,13,0,0,0,13
04/01/2013,EAU,WI,AGL,CE,Federal Contract Tower,0,3,18,0,21,0,1,18,2,21,0,4,36,2,42,20,0,20,62
04/02/2013,EAU,WI,AGL,CE,Federal Contract Tower,0,3,30,0,33,0,1,25,0,26,0,4,55,0,59,16,0,16,75
04/03/2013,EAU,WI,AGL,CE,Federal Contract Tower,0,3,20,0,23,0,3,32,0,35,0,6,52,0,58,18,0,18,76
04/04/2013,EAU,WI,AGL,CE,Federal Contract Tower,0,3,26,0,29,0,4,21,0,25,0,7,47,0,54,20,0,20,74
04/05/2013,EAU,WI,AGL,CE,Federal Contract Tower,0,3,20,0,23,0,3,35,2,40,0,6,55,2,63,40,0,40,103
04/06/2013,EAU,WI,AGL,CE,Federal Contract Tower,2,4,9,0,15,0,3,6,0,9,2,7,15,0,24,2,0,2,26
04/07/2013,EAU,WI,AGL,CE,Federal Contract Tower,0,3,17,0,20,0,6,16,3,25,0,9,33,3,45,32,0,32,77
04/08/2013,EAU,WI,AGL,CE,Federal Contract Tower,0,3,16,0,19,0,0,3,0,3,0,3,19,0,22,0,0,0,22
04/09/2013,EAU,WI,AGL,CE,Federal Contract Tower,0,3,27,0,30,0,2,3,0,5,0,5,30,0,35,0,0,0,35
04/10/2013,EAU,WI,AGL,CE,Federal Contract Tower,0,1,15,0,16,0,2,12,0,14,0,3,27,0,30,22,0,22,52
04/11/2013,EAU,WI,AGL,CE,Federal Contract Tower,0,0,16,0,16,0,0,0,0,0,0,0,16,0,16,0,0,0,16
04/12/2013,EAU,WI,AGL,CE,Federal Contract Tower,0,5,20,0,25,0,0,4,0,4,0,5,24,0,29,2,0,2,31
04/13/2013,EAU,WI,AGL,CE,Federal Contract Tower,0,3,6,0,9,0,4,14,0,18,0,7,20,0,27,44,0,44,71
04/14/2013,EAU,WI,AGL,CE,Federal Contract Tower,0,3,10,0,13,0,0,0,0,0,0,3,10,0,13,0,0,0,13
04/15/2013,EAU,WI,AGL,CE,Federal Contract Tower,0,3,27,2,32,0,5,19,0,24,0,8,46,2,56,38,0,38,94
04/16/2013,EAU,WI,AGL,CE,Federal Contract Tower,0,3,26,0,29,0,1,12,0,13,0,4,38,0,42,2,0,2,44
04/17/2013,EAU,WI,AGL,CE,Federal Contract Tower,0,1,18,2,21,0,2,3,4,9,0,3,21,6,30,0,6,6,36
04/18/2013,EAU,WI,AGL,CE,Federal Contract Tower,0,0,17,0,17,0,0,0,0,0,0,0,17,0,17,0,0,0,17
04/19/2013,EAU,WI,AGL,CE,Federal Contract Tower,0,3,24,0,27,0,9,1,0,10,0,12,25,0,37,0,0,0,37
04/20/2013,EAU,WI,AGL,CE,Federal Contract Tower,0,3,14,0,17,0,17,91,0,108,0,20,105,0,125,74,0,74,199
04/21/2013,EAU,WI,AGL,CE,Federal Contract Tower,0,3,9,0,12,0,0,0,0,0,0,3,9,0,12,0,0,0,12
04/22/2013,EAU,WI,AGL,CE,Federal Contract Tower,0,5,24,0,29,0,0,0,0,0,0,5,24,0,29,0,0,0,29
04/23/2013,EAU,WI,AGL,CE,Federal Contract Tower,0,1,22,0,23,0,1,11,0,12,0,2,33,0,35,18,0,18,53
04/24/2013,EAU,WI,AGL,CE,Federal Contract Tower,0,1,30,1,32,0,8,25,6,39,0,9,55,7,71,14,8,22,93
04/25/2013,EAU,WI,AGL,CE,Federal Contract Tower,0,3,29,0,32,0,2,20,0,22,0,5,49,0,54,24,4,28,82
04/26/2013,EAU,WI,AGL,CE,Federal Contract Tower,0,6,24,0,30,0,13,35,0,48,0,19,59,0,78,40,0,40,118
04/27/2013,EAU,WI,AGL,CE,Federal Contract Tower,0,3,8,0,11,0,4,94,0,98,0,7,102,0,109,24,0,24,133
04/28/2013,EAU,WI,AGL,CE,Federal Contract Tower,0,3,15,0,18,0,0,63,0,63,0,3,78,0,81,40,0,40,121
04/29/2013,EAU,WI,AGL,CE,Federal Contract Tower,0,3,21,0,24,0,0,16,0,16,0,3,37,0,40,16,0,16,56
04/30/2013,EAU,WI,AGL,CE,Federal Contract Tower,0,3,21,0,24,0,4,14,0,18,0,7,35,0,42,2,0,2,44
05/01/2013,EAU,WI,AGL,CE,Federal Contract Tower,0,3,23,0,26,0,6,7,0,13,0,9,30,0,39,0,0,0,39
05/02/2013,EAU,WI,AGL,CE,Federal Contract Tower,0,1,14,0,15,0,0,0,0,0,0,1,14,0,15,0,0,0,15
05/03/2013,EAU,WI,AGL,CE,Federal Contract Tower,0,1,14,0,15,0,0,1,0,1,0,1,15,0,16,0,0,0,16
05/04/2013,EAU,WI,AGL,CE,Federal Contract Tower,0,3,7,0,10,0,4,3,0,7,0,7,10,0,17,0,0,0,17
05/05/2013,EAU,WI,AGL,CE,Federal Contract Tower,0,2,7,0,9,0,4,34,0,38,0,6,41,0,47,42,0,42,89
05/06/2013,EAU,WI,AGL,CE,Federal Contract Tower,0,3,19,0,22,0,2,45,0,47,0,5,64,0,69,34,0,34,103
05/07/2013,EAU,WI,AGL,CE,Federal Contract Tower,0,3,24,2,29,0,0,46,4,50,0,3,70,6,79,50,6,56,135
05/08/2013,EAU,WI,AGL,CE,Federal Contract Tower,0,3,28,0,31,0,3,43,2,48,0,6,71,2,79,36,0,36,115
05/09/2013,EAU,WI,AGL,CE,Federal Contract Tower,2,3,20,0,25,0,2,2,0,4,2,5,22,0,29,18,0,18,47
05/10/2013,EAU,WI,AGL,CE,Federal Contract Tower,0,1,31,0,32,0,6,58,0,64,0,7,89,0,96,8,0,8,104
05/11/2013,EAU,WI,AGL,CE,Federal Contract Tower,0,5,10,0,15,0,11,0,0,11,0,16,10,0,26,0,0,0,26
05/12/2013,EAU,WI,AGL,CE,Federal Contract Tower,0,4,7,0,11,0,5,46,0,51,0,9,53,0,62,0,0,0,62
05/13/2013,EAU,WI,AGL,CE,Federal Contract Tower,0,2,20,0,22,0,2,30,0,32,0,4,50,0,54,18,0,18,72
05/14/2013,EAU,WI,AGL,CE,Federal Contract Tower,4,6,20,0,30,0,4,20,0,24,4,10,40,0,54,22,0,22,76
05/15/2013,EAU,WI,AGL,CE,Federal Contract Tower,1,4,31,2,38,0,5,50,0,55,1,9,81,2,93,46,0,46,139
05/16/2013,EAU,WI,AGL,CE,Federal Contract Tower,0,4,29,0,33,0,3,32,0,35,0,7,61,0,68,2,0,2,70
05/17/2013,EAU,WI,AGL,CE,Federal Contract Tower,2,4,25,0,31,0,8,6,0,14,2,12,31,0,45,0,0,0,45
05/18/2013,EAU,WI,AGL,CE,Federal Contract Tower,0,3,10,0,13,0,4,12,0,16,0,7,22,0,29,6,0,6,35
05/19/2013,EAU,WI,AGL,CE,Federal Contract Tower,0,4,11,0,15,0,4,4,0,8,0,8,15,0,23,16,0,16,39
05/20/2013,EAU,WI,AGL,CE,Federal Contract Tower,0,3,27,0,30,0,4,9,0,13,0,7,36,0,43,12,0,12,55
05/21/2013,EAU,WI,AGL,CE,Federal Contract Tower,0,3,24,0,27,0,1,11,0,12,0,4,35,0,39,4,0,4,43
05/22/2013,EAU,WI,AGL,CE,Federal Contract Tower,0,4,34,2,40,0,4,4,0,8,0,8,38,2,48,2,0,2,50
05/23/2013,EAU,WI,AGL,CE,Federal Contract Tower,0,6,22,0,28,0,8,36,0,44,0,14,58,0,72,18,0,18,90
05/24/2013,EAU,WI,AGL,CE,Federal Contract Tower,0,5,28,0,33,0,9,57,0,66,0,14,85,0,99,4,0,4,103
05/25/2013,EAU,WI,AGL,CE,Federal Contract Tower,0,3,8,0,11,0,2,9,0,11,0,5,17,0,22,4,0,4,26
05/26/2013,EAU,WI,AGL,CE,Federal Contract Tower,0,4,11,0,15,0,8,14,0,22,0,12,25,0,37,10,0,10,47
05/27/2013,EAU,WI,AGL,CE,Federal Contract Tower,0,3,13,0,16,0,6,2,0,8,0,9,15,0,24,0,0,0,24
05/28/2013,EAU,WI,AGL,CE,Federal Contract Tower,0,3,24,0,27,0,0,0,0,0,0,3,24,0,27,0,0,0,27
05/29/2013,EAU,WI,AGL,CE,Federal Contract Tower,0,3,32,0,35,0,4,6,2,12,0,7,38,2,47,0,8,8,55
05/30/2013,EAU,WI,AGL,CE,Federal Contract Tower,0,3,16,0,19,0,2,17,0,19,0,5,33,0,38,0,0,0,38
05/31/2013,EAU,WI,AGL,CE,Federal Contract Tower,0,3,20,0,23,0,0,35,0,35,0,3,55,0,58,22,0,22,80
06/01/2013,EAU,WI,AGL,CE,Federal Contract Tower,0,4,13,0,17,0,6,43,2,51,0,10,56,2,68,20,4,24,92
06/02/2013,EAU,WI,AGL,CE,Federal Contract Tower,0,4,12,0,16,0,4,47,0,51,0,8,59,0,67,52,0,52,119
06/03/2013,EAU,WI,AGL,CE,Federal Contract Tower,0,2,19,0,21,0,4,56,0,60,0,6,75,0,81,42,0,42,123
06/04/2013,EAU,WI,AGL,CE,Federal Contract Tower,0,5,28,0,33,0,4,12,0,16,0,9,40,0,49,8,0,8,57
06/05/2013,EAU,WI,AGL,CE,Federal Contract Tower,0,5,26,2,33,0,0,0,0,0,0,5,26,2,33,0,0,0,33
06/06/2013,EAU,WI,AGL,CE,Federal Contract Tower,0,3,23,0,26,0,0,10,2,12,0,3,33,2,38,0,14,14,52
06/07/2013,EAU,WI,AGL,CE,Federal Contract Tower,0,3,21,2,26,0,4,55,0,59,0,7,76,2,85,14,0,14,99
06/08/2013,EAU,WI,AGL,CE,Federal Contract Tower,0,3,13,1,17,0,6,57,1,64,0,9,70,2,81,34,2,36,117
06/09/2013,EAU,WI,AGL,CE,Federal Contract Tower,0,3,4,0,7,0,3,1,4,8,0,6,5,4,15,0,6,6,21
06/10/2013,EAU,WI,AGL,CE,Federal Contract Tower,0,4,17,3,24,0,4,11,1,16,0,8,28,4,40,2,0,2,42
06/11/2013,EAU,WI,AGL,CE,Federal Contract Tower,0,3,31,4,38,0,0,34,7,41,0,3,65,11,79,20,6,26,105
06/12/2013,EAU,WI,AGL,CE,Federal Contract Tower,0,4,15,0,19,0,1,12,0,13,0,5,27,0,32,26,0,26,58
06/13/2013,EAU,WI,AGL,CE,Federal Contract Tower,0,3,25,0,28,0,7,34,5,46,0,10,59,5,74,20,22,42,116
06/14/2013,EAU,WI,AGL,CE,Federal Contract Tower,0,3,14,0,17,0,6,48,3,57,0,9,62,3,74,6,0,6,80
06/15/2013,EAU,WI,AGL,CE,Federal Contract Tower,0,4,7,3,14,0,3,22,0,25,0,7,29,3,39,38,0,38,77
06/16/2013,EAU,WI,AGL,CE,Federal Contract Tower,0,3,9,0,12,0,7,35,2,44,0,10,44,2,56,22,0,22,78
06/17/2013,EAU,WI,AGL,CE,Federal Contract Tower,0,4,27,0,31,0,8,35,0,43,0,12,62,0,74,0,0,0,74
06/18/2013,EAU,WI,AGL,CE,Federal Contract Tower,0,3,32,0,35,0,5,52,0,57,0,8,84,0,92,36,0,36,128
06/19/2013,EAU,WI,AGL,CE,Federal Contract Tower,0,5,19,0,24,0,4,48,2,54,0,9,67,2,78,98,0,98,176
06/20/2013,EAU,WI,AGL,CE,Federal Contract Tower,0,3,28,0,31,0,15,0,0,15,0,18,28,0,46,34,0,34,80
06/21/2013,EAU,WI,AGL,CE,Federal Contract Tower,0,3,17,4,24,0,6,4,0,10,0,9,21,4,34,22,0,22,56
06/22/2013,EAU,WI,AGL,CE,Federal Contract Tower,0,3,16,0,19,0,4,4,0,8,0,7,20,0,27,48,0,48,75
06/23/2013,EAU,WI,AGL,CE,Federal Contract Tower,0,3,10,0,13,0,2,6,2,10,0,5,16,2,23,0,4,4,27
06/24/2013,EAU,WI,AGL,CE,Federal Contract Tower,0,2,13,0,15,0,3,17,2,22,0,5,30,2,37,56,4,60,97
06/25/2013,EAU,WI,AGL,CE,Federal Contract Tower,0,4,28,0,32,0,2,17,0,19,0,6,45,0,51,4,0,4,55
06/26/2013,EAU,WI,AGL,CE,Federal Contract Tower,0,3,30,5,38,0,2,7,0,9,0,5,37,5,47,0,0,0,47
06/27/2013,EAU,WI,AGL,CE,Federal Contract Tower,0,3,25,1,29,0,3,18,3,24,0,6,43,4,53,46,2,48,101
06/28/2013,EAU,WI,AGL,CE,Federal Contract Tower,0,4,19,0,23,0,2,22,0,24,0,6,41,0,47,0,0,0,47
06/29/2013,EAU,WI,AGL,CE,Federal Contract Tower,0,3,10,0,13,0,9,9,0,18,0,12,19,0,31,16,0,16,47
06/30/2013,EAU,WI,AGL,CE,Federal Contract Tower,0,3,10,0,13,0,3,54,0,57,0,6,64,0,70,24,0,24,94
07/01/2013,EAU,WI,AGL,CE,Federal Contract Tower,0,2,19,1,22,0,5,37,2,44,0,7,56,3,66,20,0,20,86
07/02/2013,EAU,WI,AGL,CE,Federal Contract Tower,0,3,25,0,28,0,6,35,0,41,0,9,60,0,69,70,0,70,139
07/03/2013,EAU,WI,AGL,CE,Federal Contract Tower,0,3,25,2,30,0,5,31,3,39,0,8,56,5,69,12,2,14,83
07/04/2013,EAU,WI,AGL,CE,Federal Contract Tower,0,4,5,0,9,0,8,26,3,37,0,12,31,3,46,6,0,6,52
07/05/2013,EAU,WI,AGL,CE,Federal Contract Tower,0,3,13,0,16,0,4,22,0,26,0,7,35,0,42,26,0,26,68
07/06/2013,EAU,WI,AGL,CE,Federal Contract Tower,0,3,9,0,12,0,2,36,0,38,0,5,45,0,50,4,0,4,54
07/07/2013,EAU,WI,AGL,CE,Federal Contract Tower,0,4,12,0,16,0,4,21,0,25,0,8,33,0,41,18,0,18,59
07/08/2013,EAU,WI,AGL,CE,Federal Contract Tower,4,4,22,0,30,0,3,15,3,21,4,7,37,3,51,16,0,16,67
07/09/2013,EAU,WI,AGL,CE,Federal Contract Tower,0,7,20,0,27,0,3,9,0,12,0,10,29,0,39,18,0,18,57
07/10/2013,EAU,WI,AGL,CE,Federal Contract Tower,0,3,24,0,27,0,6,27,0,33,0,9,51,0,60,22,0,22,82
07/11/2013,EAU,WI,AGL,CE,Federal Contract Tower,0,4,22,1,27,0,14,129,4,147,0,18,151,5,174,12,0,12,186
07/12/2013,EAU,WI,AGL,CE,Federal Contract Tower,2,3,21,0,26,0,3,80,3,86,2,6,101,3,112,20,0,20,132
07/13/2013,EAU,WI,AGL,CE,Federal Contract Tower,0,3,9,0,12,0,4,17,0,21,0,7,26,0,33,0,0,0,33
07/14/2013,EAU,WI,AGL,CE,Federal Contract Tower,0,3,10,0,13,0,0,44,0,44,0,3,54,0,57,14,2,16,73
07/15/2013,EAU,WI,AGL,CE,Federal Contract Tower,0,5,26,2,33,0,5,16,2,23,0,10,42,4,56,14,0,14,70
07/16/2013,EAU,WI,AGL,CE,Federal Contract Tower,0,3,32,0,35,0,2,17,2,21,0,5,49,2,56,6,0,6,62
07/17/2013,EAU,WI,AGL,CE,Federal Contract Tower,0,3,24,4,31,0,2,37,5,44,0,5,61,9,75,18,10,28,103
07/18/2013,EAU,WI,AGL,CE,Federal Contract Tower,0,3,26,0,29,0,2,15,0,17,0,5,41,0,46,18,0,18,64
07/19/2013,EAU,WI,AGL,CE,Federal Contract Tower,0,3,20,1,24,0,11,16,0,27,0,14,36,1,51,8,0,8,59
07/20/2013,EAU,WI,AGL,CE,Federal Contract Tower,0,4,11,0,15,0,1,51,0,52,0,5,62,0,67,18,2,20,87
07/21/2013,EAU,WI,AGL,CE,Federal Contract Tower,0,4,5,0,9,0,2,12,7,21,0,6,17,7,30,14,8,22,52
07/22/2013,EAU,WI,AGL,CE,Federal Contract Tower,0,3,22,0,25,0,3,9,3,15,0,6,31,3,40,0,0,0,40
07/23/2013,EAU,WI,AGL,CE,Federal Contract Tower,0,3,29,0,32,0,3,51,0,54,0,6,80,0,86,50,0,50,136
07/24/2013,EAU,WI,AGL,CE,Federal Contract Tower,0,3,32,1,36,0,0,68,17,85,0,3,100,18,121,28,2,30,151
07/25/2013,EAU,WI,AGL,CE,Federal Contract Tower,0,3,35,2,40,0,1,18,2,21,0,4,53,4,61,52,0,52,113
07/26/2013,EAU,WI,AGL,CE,Federal Contract Tower,0,3,18,0,21,0,14,19,1,34,0,17,37,1,55,0,0,0,55
07/27/2013,EAU,WI,AGL,CE,Federal Contract Tower,0,3,9,0,12,0,6,30,0,36,0,9,39,0,48,10,0,10,58
07/28/2013,EAU,WI,AGL,CE,Federal Contract Tower,0,9,16,0,25,0,2,15,0,17,0,11,31,0,42,2,0,2,44
07/29/2013,EAU,WI,AGL,CE,Federal Contract Tower,0,3,16,0,19,0,3,45,0,48,0,6,61,0,67,56,0,56,123
07/30/2013,EAU,WI,AGL,CE,Federal Contract Tower,0,3,28,1,32,0,29,1,5,35,0,32,29,6,67,24,0,24,91
07/31/2013,EAU,WI,AGL,CE,Federal Contract Tower,0,3,27,0,30,0,5,12,0,17,0,8,39,0,47,0,0,0,47
08/01/2013,EAU,WI,AGL,CE,Federal Contract Tower,0,3,29,0,32,0,5,50,2,57,0,8,79,2,89,8,0,8,97
08/02/2013,EAU,WI,AGL,CE,Federal Contract Tower,0,2,18,0,20,0,4,40,6,50,0,6,58,6,70,10,2,12,82
08/03/2013,EAU,WI,AGL,CE,Federal Contract Tower,0,5,12,0,17,0,2,37,0,39,0,7,49,0,56,0,0,0,56
08/04/2013,EAU,WI,AGL,CE,Federal Contract Tower,0,5,15,0,20,0,1,41,2,44,0,6,56,2,64,0,0,0,64
08/05/2013,EAU,WI,AGL,CE,Federal Contract Tower,0,3,18,0,21,0,0,2,0,2,0,3,20,0,23,0,0,0,23
08/06/2013,EAU,WI,AGL,CE,Federal Contract Tower,0,3,16,0,19,0,7,24,1,32,0,10,40,1,51,4,2,6,57
08/07/2013,EAU,WI,AGL,CE,Federal Contract Tower,0,2,35,0,37,0,0,13,4,17,0,2,48,4,54,26,6,32,86
08/08/2013,EAU,WI,AGL,CE,Federal Contract Tower,0,3,19,0,22,0,2,37,4,43,0,5,56,4,65,22,0,22,87
08/09/2013,EAU,WI,AGL,CE,Federal Contract Tower,0,4,21,0,25,0,5,47,3,55,0,9,68,3,80,30,0,30,110
08/10/2013,EAU,WI,AGL,CE,Federal Contract Tower,0,3,9,0,12,0,7,60,4,71,0,10,69,4,83,16,0,16,99
08/11/2013,EAU,WI,AGL,CE,Federal Contract Tower,0,3,12,2,17,0,1,15,1,17,0,4,27,3,34,28,0,28,62
08/12/2013,EAU,WI,AGL,CE,Federal Contract Tower,0,3,36,0,39,0,5,16,5,26,0,8,52,5,65,2,0,2,67
08/13/2013,EAU,WI,AGL,CE,Federal Contract Tower,0,3,37,0,40,0,2,30,0,32,0,5,67,0,72,6,0,6,78
08/14/2013,EAU,WI,AGL,CE,Federal Contract Tower,0,3,43,2,48,0,4,41,0,45,0,7,84,2,93,40,0,40,133
08/15/2013,EAU,WI,AGL,CE,Federal Contract Tower,0,4,43,2,49,0,5,37,3,45,0,9,80,5,94,16,0,16,110
08/16/2013,EAU,WI,AGL,CE,Federal Contract Tower,0,3,29,0,32,0,7,50,0,57,0,10,79,0,89,6,0,6,95
08/17/2013,EAU,WI,AGL,CE,Federal Contract Tower,0,4,5,0,9,0,2,47,2,51,0,6,52,2,60,14,0,14,74
08/18/2013,EAU,WI,AGL,CE,Federal Contract Tower,0,7,15,0,22,0,5,25,0,30,0,12,40,0,52,18,0,18,70
08/19/2013,EAU,WI,AGL,CE,Federal Contract Tower,0,3,22,0,25,0,1,14,0,15,0,4,36,0,40,18,0,18,58
08/20/2013,EAU,WI,AGL,CE,Federal Contract Tower,0,3,18,0,21,0,3,16,2,21,0,6,34,2,42,6,0,6,48
08/21/2013,EAU,WI,AGL,CE,Federal Contract Tower,0,3,28,0,31,0,0,25,0,25,0,3,53,0,56,28,0,28,84
08/22/2013,EAU,WI,AGL,CE,Federal Contract Tower,2,3,18,0,23,0,0,38,4,42,2,3,56,4,65,40,0,40,105
08/23/2013,EAU,WI,AGL,CE,Federal Contract Tower,0,7,30,2,39,0,2,50,0,52,0,9,80,2,91,6,2,8,99
08/24/2013,EAU,WI,AGL,CE,Federal Contract Tower,0,4,10,0,14,0,2,13,5,20,0,6,23,5,34,2,0,2,36
08/25/2013,EAU,WI,AGL,CE,Federal Contract Tower,0,3,16,2,21,0,4,31,0,35,0,7,47,2,56,16,0,16,72
08/26/2013,EAU,WI,AGL,CE,Federal Contract Tower,0,5,27,0,32,0,2,18,0,20,0,7,45,0,52,18,0,18,70
08/27/2013,EAU,WI,AGL,CE,Federal Contract Tower,0,3,22,0,25,0,4,18,1,23,0,7,40,1,48,16,2,18,66
08/28/2013,EAU,WI,AGL,CE,Federal Contract Tower,0,3,22,0,25,0,0,18,3,21,0,3,40,3,46,14,4,18,64
08/29/2013,EAU,WI,AGL,CE,Federal Contract Tower,0,1,28,0,29,0,4,24,0,28,0,5,52,0,57,46,0,46,103
08/30/2013,EAU,WI,AGL,CE,Federal Contract Tower,0,3,28,0,31,0,6,19,2,27,0,9,47,2,58,4,0,4,62
08/31/2013,EAU,WI,AGL,CE,Federal Contract Tower,0,5,8,0,13,0,3,14,0,17,0,8,22,0,30,22,0,22,52
09/01/2013,EAU,WI,AGL,CE,Federal Contract Tower,0,4,9,0,13,0,3,32,2,37,0,7,41,2,50,28,0,28,78
09/02/2013,EAU,WI,AGL,CE,Federal Contract Tower,0,3,17,0,20,0,2,27,0,29,0,5,44,0,49,4,0,4,53
09/03/2013,EAU,WI,AGL,CE,Federal Contract Tower,0,3,20,0,23,0,1,27,0,28,0,4,47,0,51,10,0,10,61
09/04/2013,EAU,WI,AGL,CE,Federal Contract Tower,0,2,20,0,22,0,5,26,4,35,0,7,46,4,57,8,0,8,65
09/05/2013,EAU,WI,AGL,CE,Federal Contract Tower,0,3,28,0,31,0,2,10,0,12,0,5,38,0,43,10,2,12,55
09/06/2013,EAU,WI,AGL,CE,Federal Contract Tower,0,3,18,0,21,0,4,21,1,26,0,7,39,1,47,2,0,2,49
09/07/2013,EAU,WI,AGL,CE,Federal Contract Tower,0,4,10,0,14,0,4,20,2,26,0,8,30,2,40,20,0,20,60
09/08/2013,EAU,WI,AGL,CE,Federal Contract Tower,0,3,9,0,12,0,4,25,1,30,0,7,34,1,42,32,0,32,74
09/09/2013,EAU,WI,AGL,CE,Federal Contract Tower,0,6,15,0,21,0,2,6,0,8,0,8,21,0,29,0,0,0,29
09/10/2013,EAU,WI,AGL,CE,Federal Contract Tower,0,5,18,0,23,0,4,23,0,27,0,9,41,0,50,10,0,10,60
09/11/2013,EAU,WI,AGL,CE,Federal Contract Tower,0,2,22,0,24,0,3,27,2,32,0,5,49,2,56,0,0,0,56
09/12/2013,EAU,WI,AGL,CE,Federal Contract Tower,0,7,23,0,30,0,1,12,2,15,0,8,35,2,45,4,0,4,49
09/13/2013,EAU,WI,AGL,CE,Federal Contract Tower,0,4,18,2,24,0,0,37,2,39,0,4,55,4,63,6,2,8,71
09/14/2013,EAU,WI,AGL,CE,Federal Contract Tower,0,4,7,0,11,0,2,43,0,45,0,6,50,0,56,16,0,16,72
09/15/2013,EAU,WI,AGL,CE,Federal Contract Tower,0,3,9,0,12,0,1,7,0,8,0,4,16,0,20,0,0,0,20
09/16/2013,EAU,WI,AGL,CE,Federal Contract Tower,0,3,23,0,26,0,9,36,0,45,0,12,59,0,71,20,0,20,91
09/17/2013,EAU,WI,AGL,CE,Federal Contract Tower,0,7,31,2,40,0,1,36,0,37,0,8,67,2,77,42,0,42,119
09/18/2013,EAU,WI,AGL,CE,Federal Contract Tower,0,3,27,0,30,0,1,2,0,3,0,4,29,0,33,0,0,0,33
09/19/2013,EAU,WI,AGL,CE,Federal Contract Tower,0,3,25,0,28,0,0,4,0,4,0,3,29,0,32,0,0,0,32
09/20/2013,EAU,WI,AGL,CE,Federal Contract Tower,0,3,32,3,38,0,2,23,0,25,0,5,55,3,63,0,0,0,63
09/21/2013,EAU,WI,AGL,CE,Federal Contract Tower,0,5,18,0,23,0,2,59,1,62,0,7,77,1,85,18,0,18,103
09/22/2013,EAU,WI,AGL,CE,Federal Contract Tower,0,4,14,0,18,0,6,33,0,39,0,10,47,0,57,20,0,20,77
09/23/2013,EAU,WI,AGL,CE,Federal Contract Tower,0,5,24,0,29,0,4,12,2,18,0,9,36,2,47,10,0,10,57
09/24/2013,EAU,WI,AGL,CE,Federal Contract Tower,0,3,25,0,28,0,1,29,0,30,0,4,54,0,58,30,0,30,88
09/25/2013,EAU,WI,AGL,CE,Federal Contract Tower,0,1,37,0,38,0,4,33,0,37,0,5,70,0,75,6,0,6,81
09/26/2013,EAU,WI,AGL,CE,Federal Contract Tower,0,7,31,2,40,0,3,30,0,33,0,10,61,2,73,8,4,12,85
09/27/2013,EAU,WI,AGL,CE,Federal Contract Tower,2,7,17,0,26,0,2,44,2,48,2,9,61,2,74,14,0,14,88
09/28/2013,EAU,WI,AGL,CE,Federal Contract Tower,0,3,4,0,7,0,2,3,0,5,0,5,7,0,12,4,0,4,16
09/29/2013,EAU,WI,AGL,CE,Federal Contract Tower,0,3,11,0,14,0,1,50,2,53,0,4,61,2,67,46,12,58,125
09/30/2013,EAU,WI,AGL,CE,Federal Contract Tower,0,3,20,0,23,0,0,8,0,8,0,3,28,0,31,10,0,10,41
10/01/2013,EAU,WI,AGL,CE,Federal Contract Tower,0,3,36,0,39,0,2,19,0,21,0,5,55,0,60,6,0,6,66
10/02/2013,EAU,WI,AGL,CE,Federal Contract Tower,0,3,23,0,26,0,4,31,0,35,0,7,54,0,61,18,0,18,79
10/03/2013,EAU,WI,AGL,CE,Federal Contract Tower,0,3,17,0,20,0,2,13,0,15,0,5,30,0,35,0,0,0,35
10/04/2013,EAU,WI,AGL,CE,Federal Contract Tower,0,6,13,0,19,0,0,0,0,0,0,6,13,0,19,0,0,0,19
10/05/2013,EAU,WI,AGL,CE,Federal Contract Tower,0,3,6,0,9,0,0,0,0,0,0,3,6,0,9,0,0,0,9
10/06/2013,EAU,WI,AGL,CE,Federal Contract Tower,0,3,12,0,15,0,0,19,0,19,0,3,31,0,34,12,0,12,46
10/07/2013,EAU,WI,AGL,CE,Federal Contract Tower,0,3,25,0,28,0,1,17,0,18,0,4,42,0,46,12,0,12,58
10/08/2013,EAU,WI,AGL,CE,Federal Contract Tower,0,2,26,0,28,0,3,10,0,13,0,5,36,0,41,17,0,17,58
10/09/2013,EAU,WI,AGL,CE,Federal Contract Tower,0,2,25,0,27,0,4,53,0,57,0,6,78,0,84,2,0,2,86
10/10/2013,EAU,WI,AGL,CE,Federal Contract Tower,0,2,17,0,19,0,3,22,0,25,0,5,39,0,44,22,0,22,66
10/11/2013,EAU,WI,AGL,CE,Federal Contract Tower,0,2,26,0,28,0,13,21,0,34,0,15,47,0,62,26,0,26,88
10/12/2013,EAU,WI,AGL,CE,Federal Contract Tower,0,3,16,0,19,0,4,13,0,17,0,7,29,0,36,0,0,0,36
10/13/2013,EAU,WI,AGL,CE,Federal Contract Tower,0,3,13,0,16,0,6,37,0,43,0,9,50,0,59,20,0,20,79
10/14/2013,EAU,WI,AGL,CE,Federal Contract Tower,0,3,27,0,30,0,4,20,0,24,0,7,47,0,54,42,0,42,96
10/15/2013,EAU,WI,AGL,CE,Federal Contract Tower,0,3,27,0,30,0,0,2,0,2,0,3,29,0,32,2,0,2,34
10/16/2013,EAU,WI,AGL,CE,Federal Contract Tower,0,1,22,0,23,0,3,18,0,21,0,4,40,0,44,6,0,6,50
10/17/2013,EAU,WI,AGL,CE,Federal Contract Tower,0,2,31,0,33,0,1,24,0,25,0,3,55,0,58,4,2,6,64
10/18/2013,EAU,WI,AGL,CE,Federal Contract Tower,0,5,12,0,17,0,3,14,0,17,0,8,26,0,34,4,0,4,38
10/19/2013,EAU,WI,AGL,CE,Federal Contract Tower,0,3,12,0,15,0,3,23,0,26,0,6,35,0,41,34,0,34,75
10/20/2013,EAU,WI,AGL,CE,Federal Contract Tower,0,3,10,0,13,0,0,1,0,1,0,3,11,0,14,0,0,0,14
10/21/2013,EAU,WI,AGL,CE,Federal Contract Tower,0,3,18,2,23,0,8,12,2,22,0,11,30,4,45,10,12,22,67
10/22/2013,EAU,WI,AGL,CE,Federal Contract Tower,0,2,22,1,25,0,4,20,5,29,0,6,42,6,54,16,0,16,70
10/23/2013,EAU,WI,AGL,CE,Federal Contract Tower,0,3,24,2,29,0,0,11,0,11,0,3,35,2,40,12,0,12,52
10/24/2013,EAU,WI,AGL,CE,Federal Contract Tower,0,1,18,0,19,0,1,27,0,28,0,2,45,0,47,16,0,16,63
10/25/2013,EAU,WI,AGL,CE,Federal Contract Tower,0,3,18,0,21,0,2,26,0,28,0,5,44,0,49,20,0,20,69
10/26/2013,EAU,WI,AGL,CE,Federal Contract Tower,0,4,8,0,12,0,1,13,0,14,0,5,21,0,26,14,2,16,42
10/27/2013,EAU,WI,AGL,CE,Federal Contract Tower,0,3,8,0,11,0,5,61,4,70,0,8,69,4,81,30,0,30,111
10/28/2013,EAU,WI,AGL,CE,Federal Contract Tower,0,3,31,1,35,0,1,47,2,50,0,4,78,3,85,36,6,42,127
10/29/2013,EAU,WI,AGL,CE,Federal Contract Tower,0,5,47,0,52,0,4,14,0,18,0,9,61,0,70,0,0,0,70
10/30/2013,EAU,WI,AGL,CE,Federal Contract Tower,0,2,43,0,45,0,0,0,0,0,0,2,43,0,45,0,0,0,45
10/31/2013,EAU,WI,AGL,CE,Federal Contract Tower,0,6,34,0,40,0,0,0,0,0,0,6,34,0,40,0,0,0,40
11/01/2013,EAU,WI,AGL,CE,Federal Contract Tower,0,7,18,0,25,0,1,28,0,29,0,8,46,0,54,4,0,4,58
11/02/2013,EAU,WI,AGL,CE,Federal Contract Tower,0,3,17,0,20,0,0,36,0,36,0,3,53,0,56,22,0,22,78
11/03/2013,EAU,WI,AGL,CE,Federal Contract Tower,0,3,9,0,12,0,3,20,3,26,0,6,29,3,38,38,0,38,76
11/04/2013,EAU,WI,AGL,CE,Federal Contract Tower,0,7,46,0,53,0,0,8,0,8,0,7,54,0,61,0,0,0,61
11/05/2013,EAU,WI,AGL,CE,Federal Contract Tower,0,1,37,0,38,0,2,7,0,9,0,3,44,0,47,0,0,0,47
11/06/2013,EAU,WI,AGL,CE,Federal Contract Tower,0,1,44,2,47,0,2,20,2,24,0,3,64,4,71,16,0,16,87
11/07/2013,EAU,WI,AGL,CE,Federal Contract Tower,0,1,37,1,39,0,9,4,0,13,0,10,41,1,52,0,0,0,52
11/08/2013,EAU,WI,AGL,CE,Federal Contract Tower,0,6,23,0,29,0,0,29,0,29,0,6,52,0,58,0,0,0,58
11/09/2013,EAU,WI,AGL,CE,Federal Contract Tower,0,3,11,0,14,0,2,7,0,9,0,5,18,0,23,8,0,8,31
11/10/2013,EAU,WI,AGL,CE,Federal Contract Tower,0,3,13,0,16,0,0,53,0,53,0,3,66,0,69,40,0,40,109
11/11/2013,EAU,WI,AGL,CE,Federal Contract Tower,0,4,32,0,36,0,4,5,1,10,0,8,37,1,46,0,0,0,46
11/12/2013,EAU,WI,AGL,CE,Federal Contract Tower,0,3,33,0,36,0,4,31,3,38,0,7,64,3,74,10,0,10,84
11/13/2013,EAU,WI,AGL,CE,Federal Contract Tower,0,2,39,1,42,0,2,20,1,23,0,4,59,2,65,43,4,47,112
11/14/2013,EAU,WI,AGL,CE,Federal Contract Tower,0,1,33,0,34,0,3,22,0,25,0,4,55,0,59,32,0,32,91
11/15/2013,EAU,WI,AGL,CE,Federal Contract Tower,0,3,22,0,25,0,2,38,2,42,0,5,60,2,67,18,2,20,87
11/16/2013,EAU,WI,AGL,CE,Federal Contract Tower,2,3,4,0,9,0,0,2,0,2,2,3,6,0,11,0,0,0,11
11/17/2013,EAU,WI,AGL,CE,Federal Contract Tower,0,1,5,0,6,0,2,0,0,2,0,3,5,0,8,0,0,0,8
11/18/2013,EAU,WI,AGL,CE,Federal Contract Tower,0,3,38,0,41,0,5,13,0,18,0,8,51,0,59,10,0,10,69
11/19/2013,EAU,WI,AGL,CE,Federal Contract Tower,0,4,39,0,43,0,2,15,0,17,0,6,54,0,60,2,0,2,62
11/20/2013,EAU,WI,AGL,CE,Federal Contract Tower,0,5,38,0,43,0,8,19,0,27,0,13,57,0,70,22,0,22,92
11/21/2013,EAU,WI,AGL,CE,Federal Contract Tower,0,2,26,0,28,0,0,4,0,4,0,2,30,0,32,0,0,0,32
11/22/2013,EAU,WI,AGL,CE,Federal Contract Tower,0,3,23,0,26,0,0,29,0,29,0,3,52,0,55,8,0,8,63
11/23/2013,EAU,WI,AGL,CE,Federal Contract Tower,0,3,9,0,12,0,4,18,0,22,0,7,27,0,34,0,0,0,34
11/24/2013,EAU,WI,AGL,CE,Federal Contract Tower,0,4,8,0,12,0,2,18,0,20,0,6,26,0,32,0,0,0,32
11/25/2013,EAU,WI,AGL,CE,Federal Contract Tower,0,2,21,1,24,0,13,19,4,36,0,15,40,5,60,0,34,34,94
11/26/2013,EAU,WI,AGL,CE,Federal Contract Tower,0,3,21,0,24,0,5,4,10,19,0,8,25,10,43,0,6,6,49
11/27/2013,EAU,WI,AGL,CE,Federal Contract Tower,0,2,30,0,32,0,8,34,0,42,0,10,64,0,74,24,2,26,100
11/28/2013,EAU,WI,AGL,CE,Federal Contract Tower,0,3,3,0,6,0,2,0,0,2,0,5,3,0,8,0,0,0,8
11/29/2013,EAU,WI,AGL,CE,Federal Contract Tower,0,7,9,0,16,0,3,31,0,34,0,10,40,0,50,18,0,18,68
11/30/2013,EAU,WI,AGL,CE,Federal Contract Tower,0,3,15,1,19,0,0,25,0,25,0,3,40,1,44,2,0,2,46
12/01/2013,EAU,WI,AGL,CE,Federal Contract Tower,0,3,7,0,10,0,0,22,0,22,0,3,29,0,32,8,0,8,40
12/02/2013,EAU,WI,AGL,CE,Federal Contract Tower,0,4,30,0,34,0,0,0,0,0,0,4,30,0,34,0,0,0,34
12/03/2013,EAU,WI,AGL,CE,Federal Contract Tower,0,3,33,0,36,0,0,0,0,0,0,3,33,0,36,0,0,0,36
12/04/2013,EAU,WI,AGL,CE,Federal Contract Tower,0,3,35,0,38,0,0,1,0,1,0,3,36,0,39,0,0,0,39
12/05/2013,EAU,WI,AGL,CE,Federal Contract Tower,0,3,31,0,34,0,3,7,0,10,0,6,38,0,44,0,0,0,44
12/06/2013,EAU,WI,AGL,CE,Federal Contract Tower,0,9,23,0,32,0,0,15,0,15,0,9,38,0,47,0,0,0,47
12/07/2013,EAU,WI,AGL,CE,Federal Contract Tower,0,5,7,0,12,0,2,10,0,12,0,7,17,0,24,12,0,12,36
12/08/2013,EAU,WI,AGL,CE,Federal Contract Tower,0,3,12,0,15,0,0,0,0,0,0,3,12,0,15,0,0,0,15
12/09/2013,EAU,WI,AGL,CE,Federal Contract Tower,0,3,29,0,32,0,1,7,0,8,0,4,36,0,40,0,0,0,40
12/10/2013,EAU,WI,AGL,CE,Federal Contract Tower,0,5,37,0,42,0,3,17,0,20,0,8,54,0,62,2,0,2,64
12/11/2013,EAU,WI,AGL,CE,Federal Contract Tower,0,5,35,0,40,0,0,9,0,9,0,5,44,0,49,0,0,0,49
12/12/2013,EAU,WI,AGL,CE,Federal Contract Tower,0,3,33,0,36,0,4,16,0,20,0,7,49,0,56,8,0,8,64
12/13/2013,EAU,WI,AGL,CE,Federal Contract Tower,0,3,27,0,30,0,3,21,0,24,0,6,48,0,54,0,0,0,54
12/14/2013,EAU,WI,AGL,CE,Federal Contract Tower,0,4,6,0,10,0,1,2,0,3,0,5,8,0,13,0,0,0,13
12/15/2013,EAU,WI,AGL,CE,Federal Contract Tower,0,3,3,0,6,0,5,22,0,27,0,8,25,0,33,2,0,2,35
12/16/2013,EAU,WI,AGL,CE,Federal Contract Tower,0,3,32,0,35,0,0,3,0,3,0,3,35,0,38,0,0,0,38
12/17/2013,EAU,WI,AGL,CE,Federal Contract Tower,0,4,37,0,41,0,0,6,0,6,0,4,43,0,47,6,0,6,53
12/18/2013,EAU,WI,AGL,CE,Federal Contract Tower,0,3,45,2,50,0,7,52,10,69,0,10,97,12,119,32,2,34,153
12/19/2013,EAU,WI,AGL,CE,Federal Contract Tower,0,3,39,0,42,0,2,13,0,15,0,5,52,0,57,0,0,0,57
12/20/2013,EAU,WI,AGL,CE,Federal Contract Tower,0,3,24,0,27,0,0,14,0,14,0,3,38,0,41,0,0,0,41
12/21/2013,EAU,WI,AGL,CE,Federal Contract Tower,0,3,8,0,11,0,5,7,0,12,0,8,15,0,23,12,0,12,35
12/22/2013,EAU,WI,AGL,CE,Federal Contract Tower,0,2,1,0,3,0,2,0,0,2,0,4,1,0,5,0,0,0,5
12/23/2013,EAU,WI,AGL,CE,Federal Contract Tower,0,4,16,0,20,0,2,4,0,6,0,6,20,0,26,0,0,0,26
12/24/2013,EAU,WI,AGL,CE,Federal Contract Tower,0,3,4,0,7,0,1,17,0,18,0,4,21,0,25,0,0,0,25
12/25/2013,EAU,WI,AGL,CE,Federal Contract Tower,2,3,1,0,6,0,0,2,0,2,2,3,3,0,8,0,0,0,8
12/26/2013,EAU,WI,AGL,CE,Federal Contract Tower,0,3,18,0,21,0,0,4,0,4,0,3,22,0,25,0,0,0,25
12/27/2013,EAU,WI,AGL,CE,Federal Contract Tower,0,30,12,0,42,0,0,18,0,18,0,30,30,0,60,0,0,0,60
12/28/2013,EAU,WI,AGL,CE,Federal Contract Tower,0,3,12,0,15,0,2,33,2,37,0,5,45,2,52,4,0,4,56
12/29/2013,EAU,WI,AGL,CE,Federal Contract Tower,0,3,6,0,9,0,0,8,0,8,0,3,14,0,17,0,0,0,17
12/30/2013,EAU,WI,AGL,CE,Federal Contract Tower,0,3,10,0,13,0,1,0,0,1,0,4,10,0,14,0,0,0,14
12/31/2013,EAU,WI,AGL,CE,Federal Contract Tower,0,3,7,0,10,0,0,17,0,17,0,3,24,0,27,4,4,8,35
01/01/2014,EAU,WI,AGL,CE,Federal Contract Tower,0,1,7,0,8,0,1,4,0,5,0,2,11,0,13,2,0,2,15
01/02/2014,EAU,WI,AGL,CE,Federal Contract Tower,2,2,21,0,25,0,2,4,0,6,2,4,25,0,31,0,0,0,31
01/03/2014,EAU,WI,AGL,CE,Federal Contract Tower,0,3,11,0,14,0,3,12,2,17,0,6,23,2,31,6,4,10,41
01/04/2014,EAU,WI,AGL,CE,Federal Contract Tower,0,3,6,0,9,0,0,0,0,0,0,3,6,0,9,0,0,0,9
01/05/2014,EAU,WI,AGL,CE,Federal Contract Tower,1,0,5,0,6,0,0,1,0,1,1,0,6,0,7,0,0,0,7
01/06/2014,EAU,WI,AGL,CE,Federal Contract Tower,1,0,17,0,18,0,0,1,0,1,1,0,18,0,19,0,0,0,19
01/07/2014,EAU,WI,AGL,CE,Federal Contract Tower,0,38,0,0,38,0,1,5,0,6,0,39,5,0,44,0,0,0,44
01/08/2014,EAU,WI,AGL,CE,Federal Contract Tower,0,3,44,0,47,0,5,6,0,11,0,8,50,0,58,0,0,0,58
01/09/2014,EAU,WI,AGL,CE,Federal Contract Tower,0,5,36,0,41,0,0,19,0,19,0,5,55,0,60,0,0,0,60
01/10/2014,EAU,WI,AGL,CE,Federal Contract Tower,0,3,24,0,27,0,0,0,0,0,0,3,24,0,27,0,0,0,27
01/11/2014,EAU,WI,AGL,CE,Federal Contract Tower,0,2,6,0,8,0,0,0,0,0,0,2,6,0,8,0,0,0,8
01/12/2014,EAU,WI,AGL,CE,Federal Contract Tower,0,3,10,0,13,0,2,42,0,44,0,5,52,0,57,18,0,18,75
01/13/2014,EAU,WI,AGL,CE,Federal Contract Tower,0,3,34,0,37,0,0,15,0,15,0,3,49,0,52,2,0,2,54
01/14/2014,EAU,WI,AGL,CE,Federal Contract Tower,0,1,33,0,34,0,0,0,0,0,0,1,33,0,34,0,0,0,34
01/15/2014,EAU,WI,AGL,CE,Federal Contract Tower,0,5,46,0,51,0,3,16,0,19,0,8,62,0,70,22,0,22,92
01/16/2014,EAU,WI,AGL,CE,Federal Contract Tower,0,1,35,0,36,0,2,4,0,6,0,3,39,0,42,0,0,0,42
01/17/2014,EAU,WI,AGL,CE,Federal Contract Tower,2,3,27,0,32,0,2,20,0,22,2,5,47,0,54,10,0,10,64
01/18/2014,EAU,WI,AGL,CE,Federal Contract Tower,0,4,7,0,11,0,2,9,0,11,0,6,16,0,22,2,0,2,24
01/19/2014,EAU,WI,AGL,CE,Federal Contract Tower,0,2,9,0,11,0,3,34,0,37,0,5,43,0,48,8,0,8,56
01/20/2014,EAU,WI,AGL,CE,Federal Contract Tower,0,3,29,0,32,0,2,9,0,11,0,5,38,0,43,0,0,0,43
01/21/2014,EAU,WI,AGL,CE,Federal Contract Tower,0,4,32,2,38,0,2,8,0,10,0,6,40,2,48,0,0,0,48
01/22/2014,EAU,WI,AGL,CE,Federal Contract Tower,0,6,45,0,51,0,1,3,0,4,0,7,48,0,55,0,0,0,55
01/23/2014,EAU,WI,AGL,CE,Federal Contract Tower,0,3,38,0,41,0,4,13,3,20,0,7,51,3,61,4,0,4,65
01/24/2014,EAU,WI,AGL,CE,Federal Contract Tower,0,3,25,0,28,0,0,2,0,2,0,3,27,0,30,0,0,0,30
01/25/2014,EAU,WI,AGL,CE,Federal Contract Tower,0,3,8,0,11,0,2,3,0,5,0,5,11,0,16,0,0,0,16
01/26/2014,EAU,WI,AGL,CE,Federal Contract Tower,0,5,10,0,15,0,0,0,0,0,0,5,10,0,15,2,0,2,17
01/27/2014,EAU,WI,AGL,CE,Federal Contract Tower,0,34,0,0,34,0,2,9,0,11,0,36,9,0,45,2,0,2,47
01/28/2014,EAU,WI,AGL,CE,Federal Contract Tower,0,3,30,0,33,0,2,6,0,8,0,5,36,0,41,0,0,0,41
01/29/2014,EAU,WI,AGL,CE,Federal Contract Tower,0,3,41,0,44,0,2,19,2,23,0,5,60,2,67,2,0,2,69
01/30/2014,EAU,WI,AGL,CE,Federal Contract Tower,0,6,29,0,35,0,2,6,0,8,0,8,35,0,43,8,0,8,51
01/31/2014,EAU,WI,AGL,CE,Federal Contract Tower,0,5,20,0,25,0,0,5,5,10,0,5,25,5,35,0,0,0,35
02/01/2014,EAU,WI,AGL,CE,Federal Contract Tower,0,1,4,0,5,0,2,13,0,15,0,3,17,0,20,18,0,18,38
02/02/2014,EAU,WI,AGL,CE,Federal Contract Tower,0,3,3,0,6,0,0,11,0,11,0,3,14,0,17,20,0,20,37
02/03/2014,EAU,WI,AGL,CE,Federal Contract Tower,0,5,23,0,28,0,0,7,0,7,0,5,30,0,35,4,0,4,39
02/04/2014,EAU,WI,AGL,CE,Federal Contract Tower,0,3,31,0,34,0,0,13,0,13,0,3,44,0,47,0,0,0,47
02/05/2014,EAU,WI,AGL,CE,Federal Contract Tower,0,3,43,0,46,0,1,15,0,16,0,4,58,0,62,24,0,24,86
02/06/2014,EAU,WI,AGL,CE,Federal Contract Tower,0,3,28,0,31,0,0,5,4,9,0,3,33,4,40,0,0,0,40
02/07/2014,EAU,WI,AGL,CE,Federal Contract Tower,0,3,23,0,26,0,2,9,0,11,0,5,32,0,37,8,0,8,45
02/08/2014,EAU,WI,AGL,CE,Federal Contract Tower,0,2,8,0,10,0,5,2,0,7,0,7,10,0,17,4,0,4,21
02/09/2014,EAU,WI,AGL,CE,Federal Contract Tower,0,3,5,0,8,0,1,32,0,33,0,4,37,0,41,8,0,8,49
02/10/2014,EAU,WI,AGL,CE,Federal Contract Tower,0,3,31,0,34,0,2,8,0,10,0,5,39,0,44,0,0,0,44
02/11/2014,EAU,WI,AGL,CE,Federal Contract Tower,0,3,33,0,36,0,0,5,0,5,0,3,38,0,41,10,0,10,51
02/12/2014,EAU,WI,AGL,CE,Federal Contract Tower,0,3,34,0,37,0,0,4,0,4,0,3,38,0,41,2,0,2,43
02/13/2014,EAU,WI,AGL,CE,Federal Contract Tower,0,3,32,0,35,0,0,3,0,3,0,3,35,0,38,0,0,0,38
02/14/2014,EAU,WI,AGL,CE,Federal Contract Tower,2,2,25,0,29,0,0,21,0,21,2,2,46,0,50,6,0,6,56
02/15/2014,EAU,WI,AGL,CE,Federal Contract Tower,0,3,6,0,9,0,0,3,0,3,0,3,9,0,12,0,0,0,12
02/16/2014,EAU,WI,AGL,CE,Federal Contract Tower,0,3,16,0,19,0,3,30,0,33,0,6,46,0,52,20,0,20,72
02/17/2014,EAU,WI,AGL,CE,Federal Contract Tower,0,3,16,0,19,0,0,0,0,0,0,3,16,0,19,0,0,0,19
02/18/2014,EAU,WI,AGL,CE,Federal Contract Tower,0,3,26,2,31,0,0,18,6,24,0,3,44,8,55,4,6,10,65
02/19/2014,EAU,WI,AGL,CE,Federal Contract Tower,0,5,26,0,31,0,12,1,0,13,0,17,27,0,44,4,4,8,52
02/20/2014,EAU,WI,AGL,CE,Federal Contract Tower,0,1,3,0,4,0,0,0,0,0,0,1,3,0,4,0,0,0,4
02/21/2014,EAU,WI,AGL,CE,Federal Contract Tower,0,0,10,2,12,0,0,2,0,2,0,0,12,2,14,0,0,0,14
02/22/2014,EAU,WI,AGL,CE,Federal Contract Tower,0,2,9,0,11,0,1,4,0,5,0,3,13,0,16,0,0,0,16
02/23/2014,EAU,WI,AGL,CE,Federal Contract Tower,0,3,7,0,10,0,2,10,0,12,0,5,17,0,22,2,0,2,24
02/24/2014,EAU,WI,AGL,CE,Federal Contract Tower,0,3,29,0,32,0,5,7,0,12,0,8,36,0,44,0,0,0,44
02/25/2014,EAU,WI,AGL,CE,Federal Contract Tower,0,3,20,0,23,0,3,5,0,8,0,6,25,0,31,0,0,0,31
02/26/2014,EAU,WI,AGL,CE,Federal Contract Tower,0,4,27,0,31,0,2,6,0,8,0,6,33,0,39,2,0,2,41
02/27/2014,EAU,WI,AGL,CE,Federal Contract Tower,0,4,25,0,29,0,8,17,0,25,0,12,42,0,54,0,0,0,54
02/28/2014,EAU,WI,AGL,CE,Federal Contract Tower,0,4,12,0,16,0,3,0,2,5,0,7,12,2,21,0,2,2,23
03/01/2014,EAU,WI,AGL,CE,Federal Contract Tower,0,3,5,0,8,0,4,4,0,8,0,7,9,0,16,0,0,0,16
03/02/2014,EAU,WI,AGL,CE,Federal Contract Tower,0,2,5,0,7,0,2,6,0,8,0,4,11,0,15,4,0,4,19
03/03/2014,EAU,WI,AGL,CE,Federal Contract Tower,0,3,19,0,22,0,2,6,0,8,0,5,25,0,30,0,0,0,30
03/04/2014,EAU,WI,AGL,CE,Federal Contract Tower,0,3,20,0,23,0,5,7,0,12,0,8,27,0,35,0,0,0,35
03/05/2014,EAU,WI,AGL,CE,Federal Contract Tower,0,1,22,0,23,0,4,18,0,22,0,5,40,0,45,2,0,2,47
03/06/2014,EAU,WI,AGL,CE,Federal Contract Tower,0,4,26,0,30,0,4,14,1,19,0,8,40,1,49,8,12,20,69
03/07/2014,EAU,WI,AGL,CE,Federal Contract Tower,0,3,26,0,29,0,1,0,0,1,0,4,26,0,30,0,0,0,30
03/08/2014,EAU,WI,AGL,CE,Federal Contract Tower,2,3,23,0,28,0,4,51,25,80,2,7,74,25,108,6,12,18,126
03/09/2014,EAU,WI,AGL,CE,Federal Contract Tower,0,2,13,0,15,0,0,31,13,44,0,2,44,13,59,20,0,20,79
03/10/2014,EAU,WI,AGL,CE,Federal Contract Tower,0,3,18,0,21,0,1,37,0,38,0,4,55,0,59,0,28,28,87
03/11/2014,EAU,WI,AGL,CE,Federal Contract Tower,2,3,15,0,20,0,0,16,0,16,2,3,31,0,36,10,0,10,46
03/12/2014,EAU,WI,AGL,CE,Federal Contract Tower,0,3,24,0,27,0,5,24,4,33,0,8,48,4,60,6,4,10,70
03/13/2014,EAU,WI,AGL,CE,Federal Contract Tower,0,3,28,0,31,0,4,26,0,30,0,7,54,0,61,10,2,12,73
03/14/2014,EAU,WI,AGL,CE,Federal Contract Tower,0,4,17,0,21,0,0,10,0,10,0,4,27,0,31,10,0,10,41
03/15/2014,EAU,WI,AGL,CE,Federal Contract Tower,0,3,9,0,12,0,6,34,9,49,0,9,43,9,61,12,0,12,73
03/16/2014,EAU,WI,AGL,CE,Federal Contract Tower,0,3,4,0,7,0,0,0,0,0,0,3,4,0,7,16,0,16,23
03/17/2014,EAU,WI,AGL,CE,Federal Contract Tower,0,3,16,0,19,0,2,1,0,3,0,5,17,0,22,0,0,0,22
03/18/2014,EAU,WI,AGL,CE,Federal Contract Tower,0,3,16,0,19,0,3,6,0,9,0,6,22,0,28,0,0,0,28
03/19/2014,EAU,WI,AGL,CE,Federal Contract Tower,0,4,20,0,24,0,2,1,0,3,0,6,21,0,27,0,0,0,27
03/20/2014,EAU,WI,AGL,CE,Federal Contract Tower,0,5,23,2,30,0,2,20,0,22,0,7,43,2,52,8,0,8,60
03/21/2014,EAU,WI,AGL,CE,Federal Contract Tower,2,4,16,0,22,0,3,5,0,8,2,7,21,0,30,14,0,14,44
03/22/2014,EAU,WI,AGL,CE,Federal Contract Tower,0,3,6,0,9,0,0,20,4,24,0,3,26,4,33,0,2,2,35
03/23/2014,EAU,WI,AGL,CE,Federal Contract Tower,0,4,8,1,13,0,2,12,2,16,0,6,20,3,29,26,0,26,55
03/24/2014,EAU,WI,AGL,CE,Federal Contract Tower,0,3,21,0,24,0,2,7,0,9,0,5,28,0,33,0,0,0,33
03/25/2014,EAU,WI,AGL,CE,Federal Contract Tower,0,5,21,0,26,0,4,16,3,23,0,9,37,3,49,4,0,4,53
03/26/2014,EAU,WI,AGL,CE,Federal Contract Tower,0,3,21,0,24,0,6,32,0,38,0,9,53,0,62,12,0,12,74
03/27/2014,EAU,WI,AGL,CE,Federal Contract Tower,0,3,20,0,23,0,0,0,0,0,0,3,20,0,23,0,0,0,23
03/28/2014,EAU,WI,AGL,CE,Federal Contract Tower,0,3,18,0,21,0,4,17,4,25,0,7,35,4,46,8,0,8,54
03/29/2014,EAU,WI,AGL,CE,Federal Contract Tower,0,3,14,0,17,0,3,48,2,53,0,6,62,2,70,58,0,58,128
03/30/2014,EAU,WI,AGL,CE,Federal Contract Tower,0,3,15,0,18,0,4,47,0,51,0,7,62,0,69,68,0,68,137
03/31/2014,EAU,WI,AGL,CE,Federal Contract Tower,0,3,17,1,21,0,7,8,2,17,0,10,25,3,38,0,0,0,38
04/01/2014,EAU,WI,AGL,CE,Federal Contract Tower,0,5,17,0,22,0,4,7,0,11,0,9,24,0,33,6,0,6,39
04/02/2014,EAU,WI,AGL,CE,Federal Contract Tower,0,4,21,0,25,0,1,24,8,33,0,5,45,8,58,6,2,8,66
04/03/2014,EAU,WI,AGL,CE,Federal Contract Tower,0,3,4,0,7,0,0,9,0,9,0,3,13,0,16,0,0,0,16
04/04/2014,EAU,WI,AGL,CE,Federal Contract Tower,0,2,16,0,18,0,3,2,0,5,0,5,18,0,23,0,0,0,23
04/05/2014,EAU,WI,AGL,CE,Federal Contract Tower,0,3,6,0,9,0,2,36,8,46,0,5,42,8,55,22,6,28,83
04/06/2014,EAU,WI,AGL,CE,Federal Contract Tower,0,3,5,0,8,0,7,16,1,24,0,10,21,1,32,4,0,4,36
04/07/2014,EAU,WI,AGL,CE,Federal Contract Tower,0,3,33,0,36,0,3,13,0,16,0,6,46,0,52,0,0,0,52
04/08/2014,EAU,WI,AGL,CE,Federal Contract Tower,0,3,29,2,34,0,7,52,6,65,0,10,81,8,99,42,0,42,141
04/09/2014,EAU,WI,AGL,CE,Federal Contract Tower,0,3,19,0,22,0,0,25,0,25,0,3,44,0,47,2,0,2,49
04/10/2014,EAU,WI,AGL,CE,Federal Contract Tower,0,4,16,0,20,0,1,15,0,16,0,5,31,0,36,26,0,26,62
04/11/2014,EAU,WI,AGL,CE,Federal Contract Tower,0,3,21,1,25,0,0,20,2,22,0,3,41,3,47,54,0,54,101
04/12/2014,EAU,WI,AGL,CE,Federal Contract Tower,0,3,7,3,13,0,2,1,0,3,0,5,8,3,16,0,0,0,16
04/13/2014,EAU,WI,AGL,CE,Federal Contract Tower,0,3,9,0,12,0,0,2,0,2,0,3,11,0,14,0,0,0,14
04/14/2014,EAU,WI,AGL,CE,Federal Contract Tower,0,2,18,0,20,0,0,6,0,6,0,2,24,0,26,0,0,0,26
04/15/2014,EAU,WI,AGL,CE,Federal Contract Tower,0,3,28,0,31,0,0,41,2,43,0,3,69,2,74,20,0,20,94
04/16/2014,EAU,WI,AGL,CE,Federal Contract Tower,0,3,19,0,22,0,3,1,0,4,0,6,20,0,26,0,0,0,26
04/17/2014,EAU,WI,AGL,CE,Federal Contract Tower,0,3,26,0,29,0,3,5,0,8,0,6,31,0,37,0,0,0,37
04/18/2014,EAU,WI,AGL,CE,Federal Contract Tower,0,5,21,2,28,0,7,51,8,66,0,12,72,10,94,40,14,54,148
04/19/2014,EAU,WI,AGL,CE,Federal Contract Tower,0,3,12,0,15,0,0,32,0,32,0,3,44,0,47,10,0,10,57
04/20/2014,EAU,WI,AGL,CE,Federal Contract Tower,0,3,8,0,11,0,2,12,0,14,0,5,20,0,25,22,0,22,47
04/21/2014,EAU,WI,AGL,CE,Federal Contract Tower,0,5,22,0,27,0,0,49,0,49,0,5,71,0,76,0,0,0,76
04/22/2014,EAU,WI,AGL,CE,Federal Contract Tower,0,3,32,2,37,0,1,65,0,66,0,4,97,2,103,36,4,40,143
04/23/2014,EAU,WI,AGL,CE,Federal Contract Tower,0,2,19,0,21,0,6,44,0,50,0,8,63,0,71,28,0,28,99
04/24/2014,EAU,WI,AGL,CE,Federal Contract Tower,0,7,20,4,31,0,2,0,0,2,0,9,20,4,33,0,0,0,33
04/25/2014,EAU,WI,AGL,CE,Federal Contract Tower,0,4,26,2,32,0,2,12,0,14,0,6,38,2,46,42,0,42,88
04/26/2014,EAU,WI,AGL,CE,Federal Contract Tower,0,3,18,0,21,0,2,33,0,35,0,5,51,0,56,26,0,26,82
04/27/2014,EAU,WI,AGL,CE,Federal Contract Tower,0,3,3,0,6,0,0,0,0,0,0,3,3,0,6,0,0,0,6
04/28/2014,EAU,WI,AGL,CE,Federal Contract Tower,2,3,20,0,25,0,0,0,0,0,2,3,20,0,25,0,0,0,25
04/29/2014,EAU,WI,AGL,CE,Federal Contract Tower,0,3,23,0,26,0,0,0,0,0,0,3,23,0,26,0,0,0,26
04/30/2014,EAU,WI,AGL,CE,Federal Contract Tower,0,4,26,0,30,0,0,0,0,0,0,4,26,0,30,0,0,0,30
05/01/2014,EAU,WI,AGL,CE,Federal Contract Tower,0,3,27,0,30,0,1,1,0,2,0,4,28,0,32,0,0,0,32
05/02/2014,EAU,WI,AGL,CE,Federal Contract Tower,0,3,11,0,14,0,2,15,0,17,0,5,26,0,31,4,0,4,35
05/03/2014,EAU,WI,AGL,CE,Federal Contract Tower,0,3,7,1,11,0,0,36,3,39,0,3,43,4,50,6,0,6,56
05/04/2014,EAU,WI,AGL,CE,Federal Contract Tower,0,3,10,0,13,0,2,72,2,76,0,5,82,2,89,52,0,52,141
05/05/2014,EAU,WI,AGL,CE,Federal Contract Tower,0,3,26,4,33,0,2,39,0,41,0,5,65,4,74,40,0,40,114
05/06/2014,EAU,WI,AGL,CE,Federal Contract Tower,0,3,31,0,34,0,1,24,1,26,0,4,55,1,60,0,0,0,60
05/07/2014,EAU,WI,AGL,CE,Federal Contract Tower,0,3,27,0,30,0,0,7,0,7,0,3,34,0,37,4,0,4,41
05/08/2014,EAU,WI,AGL,CE,Federal Contract Tower,0,5,24,0,29,0,2,6,0,8,0,7,30,0,37,22,0,22,59
05/09/2014,EAU,WI,AGL,CE,Federal Contract Tower,0,3,24,2,29,0,2,8,1,11,0,5,32,3,40,6,0,6,46
05/10/2014,EAU,WI,AGL,CE,Federal Contract Tower,2,3,8,0,13,0,4,60,0,64,2,7,68,0,77,32,0,32,109
05/11/2014,EAU,WI,AGL,CE,Federal Contract Tower,0,4,10,0,14,0,3,22,0,25,0,7,32,0,39,8,0,8,47
05/12/2014,EAU,WI,AGL,CE,Federal Contract Tower,0,3,20,0,23,0,0,5,0,5,0,3,25,0,28,0,0,0,28
05/13/2014,EAU,WI,AGL,CE,Federal Contract Tower,0,3,20,0,23,0,5,8,0,13,0,8,28,0,36,16,0,16,52
05/14/2014,EAU,WI,AGL,CE,Federal Contract Tower,0,3,26,0,29,0,7,33,0,40,0,10,59,0,69,72,0,72,141
05/15/2014,EAU,WI,AGL,CE,Federal Contract Tower,0,3,18,0,21,0,4,24,0,28,0,7,42,0,49,44,0,44,93
05/16/2014,EAU,WI,AGL,CE,Federal Contract Tower,0,3,24,4,31,0,6,31,0,37,0,9,55,4,68,38,0,38,106
05/17/2014,EAU,WI,AGL,CE,Federal Contract Tower,0,3,15,0,18,0,2,35,0,37,0,5,50,0,55,16,0,16,71
05/18/2014,EAU,WI,AGL,CE,Federal Contract Tower,0,3,9,0,12,0,5,34,1,40,0,8,43,1,52,38,0,38,90
05/19/2014,EAU,WI,AGL,CE,Federal Contract Tower,0,3,16,0,19,0,0,2,0,2,0,3,18,0,21,0,0,0,21
05/20/2014,EAU,WI,AGL,CE,Federal Contract Tower,0,3,25,0,28,0,4,28,2,34,0,7,53,2,62,94,0,94,156
05/21/2014,EAU,WI,AGL,CE,Federal Contract Tower,0,5,24,0,29,0,2,27,0,29,0,7,51,0,58,24,0,24,82
05/22/2014,EAU,WI,AGL,CE,Federal Contract Tower,0,5,24,0,29,0,6,30,5,41,0,11,54,5,70,32,0,32,102
05/23/2014,EAU,WI,AGL,CE,Federal Contract Tower,0,4,28,0,32,0,3,43,2,48,0,7,71,2,80,42,0,42,122
05/24/2014,EAU,WI,AGL,CE,Federal Contract Tower,0,3,10,0,13,0,6,49,0,55,0,9,59,0,68,8,0,8,76
05/25/2014,EAU,WI,AGL,CE,Federal Contract Tower,0,3,2,0,5,0,2,10,0,12,0,5,12,0,17,0,0,0,17
05/26/2014,EAU,WI,AGL,CE,Federal Contract Tower,0,3,8,0,11,0,0,14,3,17,0,3,22,3,28,28,6,34,62
05/27/2014,EAU,WI,AGL,CE,Federal Contract Tower,2,4,23,0,29,0,0,4,0,4,2,4,27,0,33,0,0,0,33
05/28/2014,EAU,WI,AGL,CE,Federal Contract Tower,0,5,29,0,34,0,3,44,1,48,0,8,73,1,82,28,0,28,110
05/29/2014,EAU,WI,AGL,CE,Federal Contract Tower,0,5,32,0,37,0,2,53,2,57,0,7,85,2,94,52,0,52,146
05/30/2014,EAU,WI,AGL,CE,Federal Contract Tower,0,3,19,0,22,0,4,47,0,51,0,7,66,0,73,14,0,14,87
05/31/2014,EAU,WI,AGL,CE,Federal Contract Tower,0,2,12,0,14,0,3,28,3,34,0,5,40,3,48,18,2,20,68
06/01/2014,EAU,WI,AGL,CE,Federal Contract Tower,0,1,6,0,7,0,0,2,0,2,0,1,8,0,9,0,0,0,9
06/02/2014,EAU,WI,AGL,CE,Federal Contract Tower,0,3,19,0,22,0,2,3,0,5,0,5,22,0,27,0,0,0,27
06/03/2014,EAU,WI,AGL,CE,Federal Contract Tower,0,5,22,2,29,0,3,49,0,52,0,8,71,2,81,26,0,26,107
06/04/2014,EAU,WI,AGL,CE,Federal Contract Tower,0,5,22,0,27,0,4,31,4,39,0,9,53,4,66,30,0,30,96
06/05/2014,EAU,WI,AGL,CE,Federal Contract Tower,0,3,18,0,21,0,0,27,0,27,0,3,45,0,48,18,0,18,66
06/06/2014,EAU,WI,AGL,CE,Federal Contract Tower,0,3,19,0,22,0,0,25,0,25,0,3,44,0,47,44,0,44,91
06/07/2014,EAU,WI,AGL,CE,Federal Contract Tower,3,11,0,0,14,0,2,3,1,6,3,13,3,1,20,0,0,0,20
06/08/2014,EAU,WI,AGL,CE,Federal Contract Tower,0,3,4,0,7,0,7,34,4,45,0,10,38,4,52,20,0,20,72
06/09/2014,EAU,WI,AGL,CE,Federal Contract Tower,0,3,18,0,21,0,0,31,4,35,0,3,49,4,56,2,4,6,62
06/10/2014,EAU,WI,AGL,CE,Federal Contract Tower,0,3,24,0,27,0,0,46,13,59,0,3,70,13,86,34,8,42,128
06/11/2014,EAU,WI,AGL,CE,Federal Contract Tower,0,6,20,0,26,0,4,37,0,41,0,10,57,0,67,40,0,40,107
06/12/2014,EAU,WI,AGL,CE,Federal Contract Tower,0,3,22,0,25,0,4,9,0,13,0,7,31,0,38,0,0,0,38
06/13/2014,EAU,WI,AGL,CE,Federal Contract Tower,0,5,22,0,27,0,2,35,7,44,0,7,57,7,71,32,2,34,105
06/14/2014,EAU,WI,AGL,CE,Federal Contract Tower,0,8,9,0,17,0,2,111,1,114,0,10,120,1,131,4,0,4,135
06/15/2014,EAU,WI,AGL,CE,Federal Contract Tower,0,2,7,0,9,0,3,8,2,13,0,5,15,2,22,4,0,4,26
06/16/2014,EAU,WI,AGL,CE,Federal Contract Tower,0,3,12,0,15,0,2,24,0,26,0,5,36,0,41,2,0,2,43
06/17/2014,EAU,WI,AGL,CE,Federal Contract Tower,0,4,27,0,31,0,6,21,0,27,0,10,48,0,58,30,0,30,88
06/18/2014,EAU,WI,AGL,CE,Federal Contract Tower,0,4,21,0,25,0,2,13,0,15,0,6,34,0,40,44,0,44,84
06/19/2014,EAU,WI,AGL,CE,Federal Contract Tower,0,1,21,0,22,0,0,8,0,8,0,1,29,0,30,12,0,12,42
06/20/2014,EAU,WI,AGL,CE,Federal Contract Tower,0,4,18,0,22,0,5,28,0,33,0,9,46,0,55,22,0,22,77
06/21/2014,EAU,WI,AGL,CE,Federal Contract Tower,0,3,12,0,15,0,2,47,0,49,0,5,59,0,64,20,0,20,84
06/22/2014,EAU,WI,AGL,CE,Federal Contract Tower,0,3,9,0,12,0,4,24,2,30,0,7,33,2,42,10,0,10,52
06/23/2014,EAU,WI,AGL,CE,Federal Contract Tower,0,3,22,0,25,0,1,23,4,28,0,4,45,4,53,50,0,50,103
06/24/2014,EAU,WI,AGL,CE,Federal Contract Tower,0,3,30,0,33,0,3,24,0,27,0,6,54,0,60,20,0,20,80
06/25/2014,EAU,WI,AGL,CE,Federal Contract Tower,0,3,27,0,30,0,0,8,0,8,0,3,35,0,38,0,0,0,38
06/26/2014,EAU,WI,AGL,CE,Federal Contract Tower,0,4,24,0,28,0,1,13,0,14,0,5,37,0,42,16,0,16,58
06/27/2014,EAU,WI,AGL,CE,Federal Contract Tower,0,3,28,0,31,0,0,6,0,6,0,3,34,0,37,0,0,0,37
06/28/2014,EAU,WI,AGL,CE,Federal Contract Tower,0,3,13,2,18,0,0,13,1,14,0,3,26,3,32,0,0,0,32
06/29/2014,EAU,WI,AGL,CE,Federal Contract Tower,0,3,9,0,12,0,2,21,5,28,0,5,30,5,40,0,4,4,44
06/30/2014,EAU,WI,AGL,CE,Federal Contract Tower,0,3,25,1,29,0,0,8,0,8,0,3,33,1,37,0,0,0,37
07/01/2014,EAU,WI,AGL,CE,Federal Contract Tower,2,7,39,0,48,0,2,26,0,28,2,9,65,0,76,22,0,22,98
07/02/2014,EAU,WI,AGL,CE,Federal Contract Tower,0,3,23,0,26,0,4,34,2,40,0,7,57,2,66,44,0,44,110
07/03/2014,EAU,WI,AGL,CE,Federal Contract Tower,0,3,16,1,20,0,2,39,0,41,0,5,55,1,61,20,0,20,81
07/04/2014,EAU,WI,AGL,CE,Federal Contract Tower,2,3,8,0,13,0,7,31,0,38,2,10,39,0,51,13,0,13,64
07/05/2014,EAU,WI,AGL,CE,Federal Contract Tower,2,3,8,0,13,0,2,22,2,26,2,5,30,2,39,0,0,0,39
07/06/2014,EAU,WI,AGL,CE,Federal Contract Tower,0,3,9,0,12,0,2,4,0,6,0,5,13,0,18,0,0,0,18
07/07/2014,EAU,WI,AGL,CE,Federal Contract Tower,0,3,21,2,26,0,0,0,0,0,0,3,21,2,26,24,0,24,50
07/08/2014,EAU,WI,AGL,CE,Federal Contract Tower,0,3,22,0,25,0,1,14,0,15,0,4,36,0,40,36,0,36,76
07/09/2014,EAU,WI,AGL,CE,Federal Contract Tower,0,3,29,1,33,0,5,53,4,62,0,8,82,5,95,34,0,34,129
07/10/2014,EAU,WI,AGL,CE,Federal Contract Tower,0,3,24,0,27,0,3,56,0,59,0,6,80,0,86,52,0,52,138
07/11/2014,EAU,WI,AGL,CE,Federal Contract Tower,0,4,20,1,25,0,3,37,1,41,0,7,57,2,66,42,0,42,108
07/12/2014,EAU,WI,AGL,CE,Federal Contract Tower,0,3,10,0,13,0,0,21,0,21,0,3,31,0,34,0,0,0,34
07/13/2014,EAU,WI,AGL,CE,Federal Contract Tower,0,4,7,0,11,0,4,41,0,45,0,8,48,0,56,20,0,20,76
07/14/2014,EAU,WI,AGL,CE,Federal Contract Tower,0,3,24,0,27,0,0,55,3,58,0,3,79,3,85,6,0,6,91
07/15/2014,EAU,WI,AGL,CE,Federal Contract Tower,0,4,26,0,30,0,2,44,0,46,0,6,70,0,76,72,0,72,148
07/16/2014,EAU,WI,AGL,CE,Federal Contract Tower,0,2,25,1,28,0,2,55,4,61,0,4,80,5,89,16,0,16,105
07/17/2014,EAU,WI,AGL,CE,Federal Contract Tower,0,4,29,0,33,0,3,26,0,29,0,7,55,0,62,0,0,0,62
07/18/2014,EAU,WI,AGL,CE,Federal Contract Tower,0,3,26,0,29,0,0,43,0,43,0,3,69,0,72,22,0,22,94
07/19/2014,EAU,WI,AGL,CE,Federal Contract Tower,0,3,10,0,13,0,6,37,0,43,0,9,47,0,56,2,0,2,58
07/20/2014,EAU,WI,AGL,CE,Federal Contract Tower,0,5,20,0,25,0,1,38,0,39,0,6,58,0,64,11,0,11,75
07/21/2014,EAU,WI,AGL,CE,Federal Contract Tower,0,7,25,1,33,0,7,23,0,30,0,14,48,1,63,12,0,12,75
07/22/2014,EAU,WI,AGL,CE,Federal Contract Tower,0,10,30,0,40,0,2,33,0,35,0,12,63,0,75,12,0,12,87
07/23/2014,EAU,WI,AGL,CE,Federal Contract Tower,0,7,25,0,32,0,2,36,4,42,0,9,61,4,74,26,0,26,100
07/24/2014,EAU,WI,AGL,CE,Federal Contract Tower,0,3,21,0,24,0,1,37,0,38,0,4,58,0,62,12,0,12,74
07/25/2014,EAU,WI,AGL,CE,Federal Contract Tower,0,8,26,2,36,0,0,11,0,11,0,8,37,2,47,12,0,12,59
07/26/2014,EAU,WI,AGL,CE,Federal Contract Tower,0,3,14,0,17,0,4,22,4,30,0,7,36,4,47,14,0,14,61
07/27/2014,EAU,WI,AGL,CE,Federal Contract Tower,0,3,15,0,18,0,2,24,0,26,0,5,39,0,44,16,0,16,60
07/28/2014,EAU,WI,AGL,CE,Federal Contract Tower,0,3,23,0,26,0,0,28,0,28,0,3,51,0,54,26,0,26,80
07/29/2014,EAU,WI,AGL,CE,Federal Contract Tower,0,3,24,0,27,0,5,25,2,32,0,8,49,2,59,24,0,24,83
07/30/2014,EAU,WI,AGL,CE,Federal Contract Tower,0,5,26,0,31,0,0,18,2,20,0,5,44,2,51,0,0,0,51
07/31/2014,EAU,WI,AGL,CE,Federal Contract Tower,0,3,23,0,26,0,2,46,5,53,0,5,69,5,79,6,4,10,89
08/01/2014,EAU,WI,AGL,CE,Federal Contract Tower,0,3,23,0,26,0,1,21,0,22,0,4,44,0,48,0,0,0,48
08/02/2014,EAU,WI,AGL,CE,Federal Contract Tower,0,4,10,0,14,0,4,64,0,68,0,8,74,0,82,2,0,2,84
08/03/2014,EAU,WI,AGL,CE,Federal Contract Tower,0,3,14,0,17,0,2,45,0,47,0,5,59,0,64,18,0,18,82
08/04/2014,EAU,WI,AGL,CE,Federal Contract Tower,0,3,24,3,30,0,2,26,0,28,0,5,50,3,58,2,0,2,60
08/05/2014,EAU,WI,AGL,CE,Federal Contract Tower,0,3,20,2,25,0,5,30,0,35,0,8,50,2,60,4,0,4,64
08/06/2014,EAU,WI,AGL,CE,Federal Contract Tower,0,3,27,0,30,0,1,46,0,47,0,4,73,0,77,8,0,8,85
08/07/2014,EAU,WI,AGL,CE,Federal Contract Tower,0,3,22,0,25,0,8,44,0,52,0,11,66,0,77,12,0,12,89
08/08/2014,EAU,WI,AGL,CE,Federal Contract Tower,0,3,15,0,18,0,7,28,0,35,0,10,43,0,53,48,0,48,101
08/09/2014,EAU,WI,AGL,CE,Federal Contract Tower,0,2,11,0,13,0,2,63,0,65,0,4,74,0,78,14,0,14,92
08/10/2014,EAU,WI,AGL,CE,Federal Contract Tower,0,3,6,0,9,0,4,41,0,45,0,7,47,0,54,24,0,24,78
08/11/2014,EAU,WI,AGL,CE,Federal Contract Tower,2,3,15,0,20,0,0,10,0,10,2,3,25,0,30,0,0,0,30
08/12/2014,EAU,WI,AGL,CE,Federal Contract Tower,0,3,29,0,32,0,6,37,0,43,0,9,66,0,75,50,0,50,125
08/13/2014,EAU,WI,AGL,CE,Federal Contract Tower,0,4,28,0,32,0,2,39,4,45,0,6,67,4,77,20,6,26,103
08/14/2014,EAU,WI,AGL,CE,Federal Contract Tower,0,3,22,0,25,0,5,30,2,37,0,8,52,2,62,6,0,6,68
08/15/2014,EAU,WI,AGL,CE,Federal Contract Tower,0,3,24,0,27,0,2,28,2,32,0,5,52,2,59,18,0,18,77
08/16/2014,EAU,WI,AGL,CE,Federal Contract Tower,0,7,13,4,24,0,1,6,0,7,0,8,19,4,31,0,6,6,37
08/17/2014,EAU,WI,AGL,CE,Federal Contract Tower,0,3,11,0,14,0,2,11,0,13,0,5,22,0,27,12,0,12,39
08/18/2014,EAU,WI,AGL,CE,Federal Contract Tower,0,3,29,0,32,0,0,2,0,2,0,3,31,0,34,0,0,0,34
08/19/2014,EAU,WI,AGL,CE,Federal Contract Tower,0,3,31,0,34,0,0,15,0,15,0,3,46,0,49,4,0,4,53
08/20/2014,EAU,WI,AGL,CE,Federal Contract Tower,0,4,29,0,33,0,2,24,2,28,0,6,53,2,61,32,0,32,93
08/21/2014,EAU,WI,AGL,CE,Federal Contract Tower,0,6,20,0,26,0,0,6,0,6,0,6,26,0,32,0,0,0,32
08/22/2014,EAU,WI,AGL,CE,Federal Contract Tower,0,6,24,0,30,0,7,12,0,19,0,13,36,0,49,2,0,2,51
08/23/2014,EAU,WI,AGL,CE,Federal Contract Tower,0,4,9,0,13,0,2,0,0,2,0,6,9,0,15,0,0,0,15
08/24/2014,EAU,WI,AGL,CE,Federal Contract Tower,0,5,11,0,16,0,2,11,3,16,0,7,22,3,32,6,0,6,38
08/25/2014,EAU,WI,AGL,CE,Federal Contract Tower,0,1,19,0,20,0,2,26,0,28,0,3,45,0,48,8,0,8,56
08/26/2014,EAU,WI,AGL,CE,Federal Contract Tower,0,8,31,0,39,0,4,33,0,37,0,12,64,0,76,10,0,10,86
08/27/2014,EAU,WI,AGL,CE,Federal Contract Tower,0,5,28,5,38,0,4,34,3,41,0,9,62,8,79,16,0,16,95
08/28/2014,EAU,WI,AGL,CE,Federal Contract Tower,0,4,27,1,32,0,0,21,1,22,0,4,48,2,54,1,0,1,55
08/29/2014,EAU,WI,AGL,CE,Federal Contract Tower,0,3,20,0,23,0,0,9,0,9,0,3,29,0,32,8,0,8,40
08/30/2014,EAU,WI,AGL,CE,Federal Contract Tower,0,4,8,0,12,0,1,20,0,21,0,5,28,0,33,4,0,4,37
08/31/2014,EAU,WI,AGL,CE,Federal Contract Tower,0,4,7,0,11,0,2,30,0,32,0,6,37,0,43,0,0,0,43
09/01/2014,EAU,WI,AGL,CE,Federal Contract Tower,0,3,14,0,17,0,0,34,0,34,0,3,48,0,51,22,0,22,73
09/02/2014,EAU,WI,AGL,CE,Federal Contract Tower,0,3,18,0,21,0,2,37,2,41,0,5,55,2,62,38,0,38,100
09/03/2014,EAU,WI,AGL,CE,Federal Contract Tower,0,2,19,0,21,0,4,14,0,18,0,6,33,0,39,16,0,16,55
09/04/2014,EAU,WI,AGL,CE,Federal Contract Tower,0,4,17,0,21,0,3,2,0,5,0,7,19,0,26,0,0,0,26
09/05/2014,EAU,WI,AGL,CE,Federal Contract Tower,2,2,26,0,30,0,2,10,2,14,2,4,36,2,44,18,0,18,62
09/06/2014,EAU,WI,AGL,CE,Federal Contract Tower,0,3,8,0,11,0,4,51,1,56,0,7,59,1,67,30,0,30,97
09/07/2014,EAU,WI,AGL,CE,Federal Contract Tower,0,2,11,2,15,0,6,58,3,67,0,8,69,5,82,53,0,53,135
09/08/2014,EAU,WI,AGL,CE,Federal Contract Tower,0,3,20,0,23,0,4,20,2,26,0,7,40,2,49,16,0,16,65
09/09/2014,EAU,WI,AGL,CE,Federal Contract Tower,0,3,26,0,29,0,2,23,2,27,0,5,49,2,56,20,0,20,76
09/10/2014,EAU,WI,AGL,CE,Federal Contract Tower,0,1,29,0,30,0,1,4,0,5,0,2,33,0,35,2,0,2,37
09/11/2014,EAU,WI,AGL,CE,Federal Contract Tower,0,1,33,2,36,0,2,37,2,41,0,3,70,4,77,46,0,46,123
09/12/2014,EAU,WI,AGL,CE,Federal Contract Tower,0,3,14,0,17,0,4,7,0,11,0,7,21,0,28,8,0,8,36
09/13/2014,EAU,WI,AGL,CE,Federal Contract Tower,0,3,8,0,11,0,4,38,1,43,0,7,46,1,54,10,0,10,64
09/14/2014,EAU,WI,AGL,CE,Federal Contract Tower,0,3,11,0,14,0,6,24,0,30,0,9,35,0,44,4,0,4,48
09/15/2014,EAU,WI,AGL,CE,Federal Contract Tower,0,3,30,0,33,0,2,28,0,30,0,5,58,0,63,16,0,16,79
09/16/2014,EAU,WI,AGL,CE,Federal Contract Tower,0,10,42,0,52,0,7,49,2,58,0,17,91,2,110,10,0,10,120
09/17/2014,EAU,WI,AGL,CE,Federal Contract Tower,0,3,27,2,32,0,2,42,0,44,0,5,69,2,76,50,0,50,126
09/18/2014,EAU,WI,AGL,CE,Federal Contract Tower,0,3,22,0,25,0,2,8,2,12,0,5,30,2,37,0,0,0,37
09/19/2014,EAU,WI,AGL,CE,Federal Contract Tower,0,3,21,0,24,0,3,9,0,12,0,6,30,0,36,14,0,14,50
09/20/2014,EAU,WI,AGL,CE,Federal Contract Tower,0,6,9,0,15,0,2,19,0,21,0,8,28,0,36,28,0,28,64
09/21/2014,EAU,WI,AGL,CE,Federal Contract Tower,0,4,10,0,14,0,0,16,0,16,0,4,26,0,30,0,0,0,30
09/22/2014,EAU,WI,AGL,CE,Federal Contract Tower,0,6,20,0,26,0,2,39,0,41,0,8,59,0,67,60,0,60,127
09/23/2014,EAU,WI,AGL,CE,Federal Contract Tower,0,5,24,0,29,0,6,36,0,42,0,11,60,0,71,36,0,36,107
09/24/2014,EAU,WI,AGL,CE,Federal Contract Tower,0,3,24,0,27,0,0,26,0,26,0,3,50,0,53,20,0,20,73
09/25/2014,EAU,WI,AGL,CE,Federal Contract Tower,0,3,29,0,32,0,0,31,2,33,0,3,60,2,65,0,0,0,65
09/26/2014,EAU,WI,AGL,CE,Federal Contract Tower,0,3,26,0,29,0,3,35,0,38,0,6,61,0,67,16,0,16,83
09/27/2014,EAU,WI,AGL,CE,Federal Contract Tower,0,1,7,0,8,0,1,40,0,41,0,2,47,0,49,14,0,14,63
09/28/2014,EAU,WI,AGL,CE,Federal Contract Tower,0,3,5,0,8,0,0,42,0,42,0,3,47,0,50,0,0,0,50
09/29/2014,EAU,WI,AGL,CE,Federal Contract Tower,0,3,16,0,19,0,1,14,0,15,0,4,30,0,34,30,0,30,64
09/30/2014,EAU,WI,AGL,CE,Federal Contract Tower,0,2,20,0,22,0,2,35,0,37,0,4,55,0,59,6,0,6,65
10/01/2014,EAU,WI,AGL,CE,Federal Contract Tower,0,3,23,4,30,0,0,2,0,2,0,3,25,4,32,0,0,0,32
10/02/2014,EAU,WI,AGL,CE,Federal Contract Tower,0,0,25,0,25,0,0,4,0,4,0,0,29,0,29,8,0,8,37
10/03/2014,EAU,WI,AGL,CE,Federal Contract Tower,0,5,20,0,25,0,2,2,0,4,0,7,22,0,29,0,0,0,29
10/04/2014,EAU,WI,AGL,CE,Federal Contract Tower,0,4,6,0,10,0,2,6,0,8,0,6,12,0,18,8,0,8,26
10/05/2014,EAU,WI,AGL,CE,Federal Contract Tower,0,1,8,1,10,0,3,25,2,30,0,4,33,3,40,0,0,0,40
10/06/2014,EAU,WI,AGL,CE,Federal Contract Tower,0,3,17,0,20,0,5,21,0,26,0,8,38,0,46,22,0,22,68
10/07/2014,EAU,WI,AGL,CE,Federal Contract Tower,0,3,22,0,25,0,2,25,0,27,0,5,47,0,52,0,0,0,52
10/08/2014,EAU,WI,AGL,CE,Federal Contract Tower,0,8,25,1,34,0,5,23,4,32,0,13,48,5,66,0,2,2,68
10/09/2014,EAU,WI,AGL,CE,Federal Contract Tower,0,4,26,0,30,0,1,38,0,39,0,5,64,0,69,4,0,4,73
10/10/2014,EAU,WI,AGL,CE,Federal Contract Tower,0,3,17,2,22,0,1,31,2,34,0,4,48,4,56,2,2,4,60
10/11/2014,EAU,WI,AGL,CE,Federal Contract Tower,2,4,7,0,13,0,1,50,0,51,2,5,57,0,64,2,0,2,66
10/12/2014,EAU,WI,AGL,CE,Federal Contract Tower,0,3,9,0,12,0,5,27,0,32,0,8,36,0,44,32,0,32,76
10/13/2014,EAU,WI,AGL,CE,Federal Contract Tower,0,3,20,0,23,0,0,0,0,0,0,3,20,0,23,0,0,0,23
10/14/2014,EAU,WI,AGL,CE,Federal Contract Tower,0,3,25,0,28,0,2,5,0,7,0,5,30,0,35,0,0,0,35
10/15/2014,EAU,WI,AGL,CE,Federal Contract Tower,0,3,25,2,30,0,0,40,1,41,0,3,65,3,71,2,0,2,73
10/16/2014,EAU,WI,AGL,CE,Federal Contract Tower,0,3,22,2,27,0,2,51,0,53,0,5,73,2,80,42,0,42,122
10/17/2014,EAU,WI,AGL,CE,Federal Contract Tower,0,3,21,0,24,0,2,8,0,10,0,5,29,0,34,18,0,18,52
10/18/2014,EAU,WI,AGL,CE,Federal Contract Tower,0,4,15,0,19,0,5,30,0,35,0,9,45,0,54,46,0,46,100
10/19/2014,EAU,WI,AGL,CE,Federal Contract Tower,0,3,9,0,12,0,2,22,0,24,0,5,31,0,36,0,0,0,36
10/20/2014,EAU,WI,AGL,CE,Federal Contract Tower,0,3,16,0,19,0,2,26,0,28,0,5,42,0,47,18,0,18,65
10/21/2014,EAU,WI,AGL,CE,Federal Contract Tower,0,3,28,0,31,0,2,47,0,49,0,5,75,0,80,24,0,24,104
10/22/2014,EAU,WI,AGL,CE,Federal Contract Tower,0,3,21,0,24,0,6,33,0,39,0,9,54,0,63,4,0,4,67
10/23/2014,EAU,WI,AGL,CE,Federal Contract Tower,0,4,28,0,32,0,0,4,0,4,0,4,32,0,36,8,0,8,44
10/24/2014,EAU,WI,AGL,CE,Federal Contract Tower,0,5,21,1,27,0,2,11,0,13,0,7,32,1,40,6,0,6,46
10/25/2014,EAU,WI,AGL,CE,Federal Contract Tower,0,6,11,0,17,0,1,26,2,29,0,7,37,2,46,10,0,10,56
10/26/2014,EAU,WI,AGL,CE,Federal Contract Tower,0,3,10,0,13,0,6,49,2,57,0,9,59,2,70,28,0,28,98
10/27/2014,EAU,WI,AGL,CE,Federal Contract Tower,0,3,21,1,25,0,5,28,1,34,0,8,49,2,59,6,0,6,65
10/28/2014,EAU,WI,AGL,CE,Federal Contract Tower,0,6,32,0,38,0,2,11,0,13,0,8,43,0,51,8,0,8,59
10/29/2014,EAU,WI,AGL,CE,Federal Contract Tower,0,3,30,1,34,0,0,25,2,27,0,3,55,3,61,24,0,24,85
10/30/2014,EAU,WI,AGL,CE,Federal Contract Tower,0,2,26,0,28,0,4,31,0,35,0,6,57,0,63,46,0,46,109
10/31/2014,EAU,WI,AGL,CE,Federal Contract Tower,0,1,14,1,16,0,0,17,3,20,0,1,31,4,36,0,0,0,36
11/01/2014,EAU,WI,AGL,CE,Federal Contract Tower,0,4,7,0,11,0,3,29,0,32,0,7,36,0,43,2,0,2,45
11/02/2014,EAU,WI,AGL,CE,Federal Contract Tower,0,3,6,0,9,0,4,19,0,23,0,7,25,0,32,8,0,8,40
11/03/2014,EAU,WI,AGL,CE,Federal Contract Tower,0,3,38,0,41,0,6,11,0,17,0,9,49,0,58,26,0,26,84
11/04/2014,EAU,WI,AGL,CE,Federal Contract Tower,0,8,39,0,47,0,3,12,0,15,0,11,51,0,62,20,0,20,82
11/05/2014,EAU,WI,AGL,CE,Federal Contract Tower,0,2,34,0,36,0,4,7,0,11,0,6,41,0,47,16,0,16,63
11/06/2014,EAU,WI,AGL,CE,Federal Contract Tower,0,3,29,0,32,0,0,10,0,10,0,3,39,0,42,2,0,2,44
11/07/2014,EAU,WI,AGL,CE,Federal Contract Tower,0,3,25,0,28,0,2,13,0,15,0,5,38,0,43,26,0,26,69
11/08/2014,EAU,WI,AGL,CE,Federal Contract Tower,0,4,8,0,12,0,3,5,2,10,0,7,13,2,22,0,0,0,22
11/09/2014,EAU,WI,AGL,CE,Federal Contract Tower,0,3,13,0,16,0,4,18,0,22,0,7,31,0,38,24,0,24,62
11/10/2014,EAU,WI,AGL,CE,Federal Contract Tower,0,3,12,0,15,0,0,0,0,0,0,3,12,0,15,0,0,0,15
11/11/2014,EAU,WI,AGL,CE,Federal Contract Tower,0,3,34,0,37,0,0,9,0,9,0,3,43,0,46,0,0,0,46
11/12/2014,EAU,WI,AGL,CE,Federal Contract Tower,0,3,30,0,33,0,1,6,0,7,0,4,36,0,40,0,0,0,40
11/13/2014,EAU,WI,AGL,CE,Federal Contract Tower,2,3,28,0,33,0,1,12,0,13,2,4,40,0,46,6,0,6,52
11/14/2014,EAU,WI,AGL,CE,Federal Contract Tower,0,3,20,0,23,0,2,30,2,34,0,5,50,2,57,20,0,20,77
11/15/2014,EAU,WI,AGL,CE,Federal Contract Tower,0,13,8,0,21,0,5,12,0,17,0,18,20,0,38,10,0,10,48
11/16/2014,EAU,WI,AGL,CE,Federal Contract Tower,2,3,11,0,16,0,7,13,0,20,2,10,24,0,36,18,0,18,54
11/17/2014,EAU,WI,AGL,CE,Federal Contract Tower,2,3,36,0,41,0,3,10,2,15,2,6,46,2,56,0,0,0,56
11/18/2014,EAU,WI,AGL,CE,Federal Contract Tower,0,6,41,1,48,0,1,14,0,15,0,7,55,1,63,2,0,2,65
11/19/2014,EAU,WI,AGL,CE,Federal Contract Tower,2,2,32,1,37,0,2,6,0,8,2,4,38,1,45,2,0,2,47
11/20/2014,EAU,WI,AGL,CE,Federal Contract Tower,0,2,37,0,39,0,3,11,0,14,0,5,48,0,53,8,0,8,61
11/21/2014,EAU,WI,AGL,CE,Federal Contract Tower,0,3,21,0,24,0,6,23,2,31,0,9,44,2,55,10,0,10,65
11/22/2014,EAU,WI,AGL,CE,Federal Contract Tower,0,4,7,0,11,0,0,0,0,0,0,4,7,0,11,0,0,0,11
11/23/2014,EAU,WI,AGL,CE,Federal Contract Tower,0,5,9,0,14,0,0,0,0,0,0,5,9,0,14,0,0,0,14
11/24/2014,EAU,WI,AGL,CE,Federal Contract Tower,0,3,21,0,24,0,0,0,0,0,0,3,21,0,24,0,0,0,24
11/25/2014,EAU,WI,AGL,CE,Federal Contract Tower,0,3,18,0,21,0,2,32,2,36,0,5,50,2,57,16,0,16,73
11/26/2014,EAU,WI,AGL,CE,Federal Contract Tower,0,7,17,0,24,0,6,5,0,11,0,13,22,0,35,0,0,0,35
11/27/2014,EAU,WI,AGL,CE,Federal Contract Tower,0,4,0,0,4,0,2,10,0,12,0,6,10,0,16,0,0,0,16
11/28/2014,EAU,WI,AGL,CE,Federal Contract Tower,0,4,6,0,10,0,0,4,0,4,0,4,10,0,14,0,0,0,14
11/29/2014,EAU,WI,AGL,CE,Federal Contract Tower,0,5,11,0,16,0,2,4,0,6,0,7,15,0,22,0,0,0,22
11/30/2014,EAU,WI,AGL,CE,Federal Contract Tower,0,3,8,0,11,0,3,14,0,17,0,6,22,0,28,14,0,14,42
12/01/2014,EAU,WI,AGL,CE,Federal Contract Tower,0,3,24,0,27,0,2,14,0,16,0,5,38,0,43,18,0,18,61
12/02/2014,EAU,WI,AGL,CE,Federal Contract Tower,0,3,31,0,34,0,0,5,1,6,0,3,36,1,40,4,0,4,44
12/03/2014,EAU,WI,AGL,CE,Federal Contract Tower,0,7,38,0,45,0,5,19,1,25,0,12,57,1,70,10,0,10,80
12/04/2014,EAU,WI,AGL,CE,Federal Contract Tower,0,2,34,0,36,0,2,18,0,20,0,4,52,0,56,14,0,14,70
12/05/2014,EAU,WI,AGL,CE,Federal Contract Tower,0,3,32,0,35,0,0,6,0,6,0,3,38,0,41,0,0,0,41
12/06/2014,EAU,WI,AGL,CE,Federal Contract Tower,0,3,7,0,10,0,0,59,4,63,0,3,66,4,73,58,4,62,135
12/07/2014,EAU,WI,AGL,CE,Federal Contract Tower,0,6,5,0,11,0,2,4,4,10,0,8,9,4,21,0,2,2,23
12/08/2014,EAU,WI,AGL,CE,Federal Contract Tower,0,3,27,0,30,0,0,2,0,2,0,3,29,0,32,0,0,0,32
12/09/2014,EAU,WI,AGL,CE,Federal Contract Tower,0,3,35,0,38,0,0,4,0,4,0,3,39,0,42,8,0,8,50
12/10/2014,EAU,WI,AGL,CE,Federal Contract Tower,0,6,29,0,35,0,0,0,0,0,0,6,29,0,35,0,0,0,35
12/11/2014,EAU,WI,AGL,CE,Federal Contract Tower,0,5,36,3,44,0,0,0,0,0,0,5,36,3,44,0,0,0,44
12/12/2014,EAU,WI,AGL,CE,Federal Contract Tower,0,3,32,0,35,0,0,0,0,0,0,3,32,0,35,0,0,0,35
12/13/2014,EAU,WI,AGL,CE,Federal Contract Tower,0,6,5,0,11,0,0,0,0,0,0,6,5,0,11,0,0,0,11
12/14/2014,EAU,WI,AGL,CE,Federal Contract Tower,0,3,5,0,8,0,0,0,0,0,0,3,5,0,8,0,0,0,8
12/15/2014,EAU,WI,AGL,CE,Federal Contract Tower,0,3,24,0,27,0,0,0,0,0,0,3,24,0,27,0,0,0,27
12/16/2014,EAU,WI,AGL,CE,Federal Contract Tower,0,3,32,0,35,0,0,4,0,4,0,3,36,0,39,0,0,0,39
12/17/2014,EAU,WI,AGL,CE,Federal Contract Tower,0,4,31,0,35,0,5,11,0,16,0,9,42,0,51,6,0,6,57
12/18/2014,EAU,WI,AGL,CE,Federal Contract Tower,0,4,38,0,42,0,0,9,0,9,0,4,47,0,51,6,0,6,57
12/19/2014,EAU,WI,AGL,CE,Federal Contract Tower,0,5,28,0,33,0,2,14,0,16,0,7,42,0,49,16,0,16,65
12/20/2014,EAU,WI,AGL,CE,Federal Contract Tower,0,3,8,0,11,0,0,3,0,3,0,3,11,0,14,8,0,8,22
12/21/2014,EAU,WI,AGL,CE,Federal Contract Tower,0,5,9,0,14,0,0,0,0,0,0,5,9,0,14,0,0,0,14
12/22/2014,EAU,WI,AGL,CE,Federal Contract Tower,0,3,16,0,19,0,0,1,0,1,0,3,17,0,20,0,0,0,20
12/23/2014,EAU,WI,AGL,CE,Federal Contract Tower,0,3,18,0,21,0,0,2,0,2,0,3,20,0,23,26,0,26,49
12/24/2014,EAU,WI,AGL,CE,Federal Contract Tower,0,4,2,0,6,0,4,0,0,4,0,8,2,0,10,8,0,8,18
12/25/2014,EAU,WI,AGL,CE,Federal Contract Tower,0,4,1,0,5,0,4,4,0,8,0,8,5,0,13,30,0,30,43
12/26/2014,EAU,WI,AGL,CE,Federal Contract Tower,0,3,19,0,22,0,2,4,0,6,0,5,23,0,28,0,0,0,28
12/27/2014,EAU,WI,AGL,CE,Federal Contract Tower,0,2,8,0,10,0,0,5,0,5,0,2,13,0,15,0,0,0,15
12/28/2014,EAU,WI,AGL,CE,Federal Contract Tower,0,3,5,0,8,0,2,23,0,25,0,5,28,0,33,42,0,42,75
12/29/2014,EAU,WI,AGL,CE,Federal Contract Tower,0,4,19,0,23,0,4,19,0,23,0,8,38,0,46,10,0,10,56
12/30/2014,EAU,WI,AGL,CE,Federal Contract Tower,0,3,19,0,22,0,3,11,2,16,0,6,30,2,38,0,4,4,42
12/31/2014,EAU,WI,AGL,CE,Federal Contract Tower,0,2,4,2,8,0,2,6,0,8,0,4,10,2,16,0,0,0,16
01/01/2015,EAU,WI,AGL,CE,Federal Contract Tower,2,3,4,0,9,0,3,14,0,17,2,6,18,0,26,4,0,4,30
01/02/2015,EAU,WI,AGL,CE,Federal Contract Tower,0,3,15,0,18,0,3,14,2,19,0,6,29,2,37,10,0,10,47
01/03/2015,EAU,WI,AGL,CE,Federal Contract Tower,0,5,8,0,13,0,2,11,0,13,0,7,19,0,26,2,0,2,28
01/04/2015,EAU,WI,AGL,CE,Federal Contract Tower,0,3,6,0,9,0,4,6,0,10,0,7,12,0,19,10,0,10,29
01/05/2015,EAU,WI,AGL,CE,Federal Contract Tower,0,3,26,0,29,0,1,2,0,3,0,4,28,0,32,0,0,0,32
01/06/2015,EAU,WI,AGL,CE,Federal Contract Tower,0,4,29,0,33,0,2,8,0,10,0,6,37,0,43,0,0,0,43
01/07/2015,EAU,WI,AGL,CE,Federal Contract Tower,2,3,30,0,35,0,1,7,0,8,2,4,37,0,43,0,0,0,43
01/08/2015,EAU,WI,AGL,CE,Federal Contract Tower,0,5,35,0,40,0,1,0,0,1,0,6,35,0,41,0,0,0,41
01/09/2015,EAU,WI,AGL,CE,Federal Contract Tower,0,3,27,0,30,0,0,4,0,4,0,3,31,0,34,0,0,0,34
01/10/2015,EAU,WI,AGL,CE,Federal Contract Tower,2,4,9,0,15,0,4,11,0,15,2,8,20,0,30,0,0,0,30
01/11/2015,EAU,WI,AGL,CE,Federal Contract Tower,0,4,9,1,14,0,0,20,1,21,0,4,29,2,35,40,0,40,75
01/12/2015,EAU,WI,AGL,CE,Federal Contract Tower,0,3,21,0,24,0,5,20,2,27,0,8,41,2,51,24,0,24,75
01/13/2015,EAU,WI,AGL,CE,Federal Contract Tower,0,4,36,0,40,0,0,16,0,16,0,4,52,0,56,8,0,8,64
01/14/2015,EAU,WI,AGL,CE,Federal Contract Tower,0,5,29,0,34,0,1,7,0,8,0,6,36,0,42,14,0,14,56
01/15/2015,EAU,WI,AGL,CE,Federal Contract Tower,0,4,28,0,32,0,2,9,2,13,0,6,37,2,45,22,0,22,67
01/16/2015,EAU,WI,AGL,CE,Federal Contract Tower,0,4,26,0,30,0,0,6,0,6,0,4,32,0,36,8,0,8,44
01/17/2015,EAU,WI,AGL,CE,Federal Contract Tower,0,4,12,0,16,0,4,8,0,12,0,8,20,0,28,22,0,22,50
01/18/2015,EAU,WI,AGL,CE,Federal Contract Tower,0,3,4,0,7,0,3,26,0,29,0,6,30,0,36,30,0,30,66
01/19/2015,EAU,WI,AGL,CE,Federal Contract Tower,0,2,24,0,26,0,2,4,0,6,0,4,28,0,32,12,0,12,44
01/20/2015,EAU,WI,AGL,CE,Federal Contract Tower,0,7,24,0,31,0,0,2,0,2,0,7,26,0,33,0,0,0,33
01/21/2015,EAU,WI,AGL,CE,Federal Contract Tower,0,3,39,0,42,0,0,8,0,8,0,3,47,0,50,2,0,2,52
01/22/2015,EAU,WI,AGL,CE,Federal Contract Tower,0,3,34,0,37,0,5,11,0,16,0,8,45,0,53,14,0,14,67
01/23/2015,EAU,WI,AGL,CE,Federal Contract Tower,0,4,14,0,18,0,0,16,0,16,0,4,30,0,34,0,0,0,34
01/24/2015,EAU,WI,AGL,CE,Federal Contract Tower,0,4,11,0,15,0,4,17,2,23,0,8,28,2,38,8,2,10,48
01/25/2015,EAU,WI,AGL,CE,Federal Contract Tower,0,3,10,0,13,0,0,25,0,25,0,3,35,0,38,32,0,32,70
01/26/2015,EAU,WI,AGL,CE,Federal Contract Tower,0,3,21,0,24,0,0,0,0,0,0,3,21,0,24,0,0,0,24
01/27/2015,EAU,WI,AGL,CE,Federal Contract Tower,0,3,29,0,32,0,2,11,0,13,0,5,40,0,45,10,0,10,55
01/28/2015,EAU,WI,AGL,CE,Federal Contract Tower,0,5,32,0,37,0,2,9,0,11,0,7,41,0,48,38,0,38,86
01/29/2015,EAU,WI,AGL,CE,Federal Contract Tower,0,3,32,0,35,0,5,15,0,20,0,8,47,0,55,4,0,4,59
01/30/2015,EAU,WI,AGL,CE,Federal Contract Tower,0,3,33,0,36,0,1,25,3,29,0,4,58,3,65,8,0,8,73
02/01/2015,EAU,WI,AGL,CE,Federal Contract Tower,0,3,6,0,9,0,1,6,0,7,0,4,12,0,16,0,0,0,16
02/02/2015,EAU,WI,AGL,CE,Federal Contract Tower,0,2,27,0,29,0,3,18,0,21,0,5,45,0,50,4,0,4,54
02/03/2015,EAU,WI,AGL,CE,Federal Contract Tower,0,8,30,0,38,0,4,11,0,15,0,12,41,0,53,18,0,18,71
02/04/2015,EAU,WI,AGL,CE,Federal Contract Tower,0,3,37,0,40,0,0,19,0,19,0,3,56,0,59,24,0,24,83
02/05/2015,EAU,WI,AGL,CE,Federal Contract Tower,0,3,36,0,39,0,2,17,0,19,0,5,53,0,58,30,0,30,88
02/06/2015,EAU,WI,AGL,CE,Federal Contract Tower,0,3,27,3,33,0,3,15,0,18,0,6,42,3,51,0,0,0,51
02/07/2015,EAU,WI,AGL,CE,Federal Contract Tower,0,4,10,0,14,0,4,26,2,32,0,8,36,2,46,20,0,20,66
02/08/2015,EAU,WI,AGL,CE,Federal Contract Tower,2,3,6,0,11,0,4,8,0,12,2,7,14,0,23,8,0,8,31
02/09/2015,EAU,WI,AGL,CE,Federal Contract Tower,0,3,35,2,40,0,19,22,0,41,0,22,57,2,81,34,0,34,115
02/10/2015,EAU,WI,AGL,CE,Federal Contract Tower,0,4,33,0,37,0,0,8,0,8,0,4,41,0,45,8,0,8,53
02/11/2015,EAU,WI,AGL,CE,Federal Contract Tower,0,3,35,0,38,0,1,4,0,5,0,4,39,0,43,8,0,8,51
02/12/2015,EAU,WI,AGL,CE,Federal Contract Tower,0,3,41,0,44,0,0,11,0,11,0,3,52,0,55,8,0,8,63
02/13/2015,EAU,WI,AGL,CE,Federal Contract Tower,0,3,36,0,39,0,3,9,0,12,0,6,45,0,51,4,0,4,55
02/14/2015,EAU,WI,AGL,CE,Federal Contract Tower,0,5,9,0,14,0,0,3,0,3,0,5,12,0,17,14,0,14,31
02/15/2015,EAU,WI,AGL,CE,Federal Contract Tower,0,3,6,0,9,0,6,11,2,19,0,9,17,2,28,28,0,28,56
02/16/2015,EAU,WI,AGL,CE,Federal Contract Tower,0,3,26,0,29,0,2,8,0,10,0,5,34,0,39,26,0,26,65
02/17/2015,EAU,WI,AGL,CE,Federal Contract Tower,0,3,28,0,31,0,5,4,0,9,0,8,32,0,40,0,0,0,40
02/18/2015,EAU,WI,AGL,CE,Federal Contract Tower,0,3,30,0,33,0,3,9,0,12,0,6,39,0,45,8,0,8,53
02/19/2015,EAU,WI,AGL,CE,Federal Contract Tower,0,4,16,0,20,0,0,11,0,11,0,4,27,0,31,16,0,16,47
02/20/2015,EAU,WI,AGL,CE,Federal Contract Tower,0,3,17,0,20,0,2,2,0,4,0,5,19,0,24,0,0,0,24
02/21/2015,EAU,WI,AGL,CE,Federal Contract Tower,0,4,8,0,12,0,2,15,0,17,0,6,23,0,29,34,0,34,63
02/22/2015,EAU,WI,AGL,CE,Federal Contract Tower,0,3,6,0,9,0,0,6,0,6,0,3,12,0,15,2,0,2,17
02/23/2015,EAU,WI,AGL,CE,Federal Contract Tower,0,3,26,0,29,0,2,9,0,11,0,5,35,0,40,6,0,6,46
02/24/2015,EAU,WI,AGL,CE,Federal Contract Tower,0,3,28,0,31,0,4,10,0,14,0,7,38,0,45,0,0,0,45
02/25/2015,EAU,WI,AGL,CE,Federal Contract Tower,0,4,23,0,27,0,0,6,0,6,0,4,29,0,33,8,0,8,41
02/26/2015,EAU,WI,AGL,CE,Federal Contract Tower,0,4,21,0,25,0,1,19,0,20,0,5,40,0,45,8,0,8,53
02/27/2015,EAU,WI,AGL,CE,Federal Contract Tower,0,2,19,0,21,0,0,11,4,15,0,2,30,4,36,2,0,2,38
02/28/2015,EAU,WI,AGL,CE,Federal Contract Tower,0,4,7,0,11,0,8,21,2,31,0,12,28,2,42,32,0,32,74
03/01/2015,EAU,WI,AGL,CE,Federal Contract Tower,0,3,10,0,13,0,0,7,0,7,0,3,17,0,20,4,0,4,24
03/02/2015,EAU,WI,AGL,CE,Federal Contract Tower,0,3,23,0,26,0,0,30,0,30,0,3,53,0,56,12,0,12,68
03/03/2015,EAU,WI,AGL,CE,Federal Contract Tower,0,3,15,0,18,0,0,0,0,0,0,3,15,0,18,0,0,0,18
03/04/2015,EAU,WI,AGL,CE,Federal Contract Tower,0,3,27,0,30,0,2,20,0,22,0,5,47,0,52,8,0,8,60
03/05/2015,EAU,WI,AGL,CE,Federal Contract Tower,0,5,25,0,30,0,7,21,0,28,0,12,46,0,58,8,0,8,66
03/06/2015,EAU,WI,AGL,CE,Federal Contract Tower,0,4,22,0,26,0,0,23,0,23,0,4,45,0,49,58,0,58,107
03/07/2015,EAU,WI,AGL,CE,Federal Contract Tower,0,4,8,0,12,0,3,27,1,31,0,7,35,1,43,32,4,36,79
03/08/2015,EAU,WI,AGL,CE,Federal Contract Tower,0,4,8,0,12,0,6,27,0,33,0,10,35,0,45,30,0,30,75
03/09/2015,EAU,WI,AGL,CE,Federal Contract Tower,0,4,23,0,27,0,0,10,2,12,0,4,33,2,39,4,0,4,43
03/10/2015,EAU,WI,AGL,CE,Federal Contract Tower,0,4,24,0,28,0,3,36,0,39,0,7,60,0,67,8,0,8,75
03/11/2015,EAU,WI,AGL,CE,Federal Contract Tower,0,2,35,0,37,0,6,39,0,45,0,8,74,0,82,86,0,86,168
03/12/2015,EAU,WI,AGL,CE,Federal Contract Tower,0,4,20,2,26,0,3,26,0,29,0,7,46,2,55,12,0,12,67
03/13/2015,EAU,WI,AGL,CE,Federal Contract Tower,0,6,19,0,25,0,2,23,2,27,0,8,42,2,52,8,0,8,60
03/14/2015,EAU,WI,AGL,CE,Federal Contract Tower,0,4,11,0,15,0,0,37,2,39,0,4,48,2,54,4,0,4,58
03/15/2015,EAU,WI,AGL,CE,Federal Contract Tower,0,4,13,0,17,0,6,17,1,24,0,10,30,1,41,16,0,16,57
03/16/2015,EAU,WI,AGL,CE,Federal Contract Tower,0,6,17,0,23,0,4,10,0,14,0,10,27,0,37,12,0,12,49
03/17/2015,EAU,WI,AGL,CE,Federal Contract Tower,0,4,27,0,31,0,0,20,2,22,0,4,47,2,53,14,0,14,67
03/18/2015,EAU,WI,AGL,CE,Federal Contract Tower,0,6,27,1,34,0,2,13,9,24,0,8,40,10,58,20,0,20,78
03/19/2015,EAU,WI,AGL,CE,Federal Contract Tower,0,4,18,0,22,0,2,13,0,15,0,6,31,0,37,10,0,10,47
03/20/2015,EAU,WI,AGL,CE,Federal Contract Tower,0,4,25,0,29,0,4,19,1,24,0,8,44,1,53,50,0,50,103
03/21/2015,EAU,WI,AGL,CE,Federal Contract Tower,0,4,10,0,14,0,1,46,0,47,0,5,56,0,61,24,0,24,85
03/22/2015,EAU,WI,AGL,CE,Federal Contract Tower,0,4,6,0,10,0,0,9,0,9,0,4,15,0,19,2,0,2,21
03/23/2015,EAU,WI,AGL,CE,Federal Contract Tower,0,0,22,0,22,0,1,5,0,6,0,1,27,0,28,24,0,24,52
03/24/2015,EAU,WI,AGL,CE,Federal Contract Tower,0,6,19,0,25,0,3,24,0,27,0,9,43,0,52,14,0,14,66
03/25/2015,EAU,WI,AGL,CE,Federal Contract Tower,0,11,13,0,24,0,0,4,0,4,0,11,17,0,28,0,0,0,28
03/26/2015,EAU,WI,AGL,CE,Federal Contract Tower,0,6,25,0,31,0,19,21,0,40,0,25,46,0,71,28,0,28,99
03/27/2015,EAU,WI,AGL,CE,Federal Contract Tower,0,4,13,0,17,0,3,13,0,16,0,7,26,0,33,14,0,14,47
03/28/2015,EAU,WI,AGL,CE,Federal Contract Tower,0,4,14,0,18,0,6,48,0,54,0,10,62,0,72,8,0,8,80
03/29/2015,EAU,WI,AGL,CE,Federal Contract Tower,0,4,8,0,12,0,4,1,0,5,0,8,9,0,17,0,0,0,17
03/30/2015,EAU,WI,AGL,CE,Federal Contract Tower,0,4,14,0,18,0,4,13,0,17,0,8,27,0,35,0,0,0,35
03/31/2015,EAU,WI,AGL,CE,Federal Contract Tower,0,2,25,0,27,0,0,34,0,34,0,2,59,0,61,16,0,16,77
04/01/2015,EAU,WI,AGL,CE,Federal Contract Tower,0,4,23,0,27,0,2,19,0,21,0,6,42,0,48,10,0,10,58
04/02/2015,EAU,WI,AGL,CE,Federal Contract Tower,0,4,18,1,23,0,3,30,0,33,0,7,48,1,56,18,0,18,74
04/03/2015,EAU,WI,AGL,CE,Federal Contract Tower,0,3,17,0,20,0,6,17,0,23,0,9,34,0,43,8,0,8,51
04/04/2015,EAU,WI,AGL,CE,Federal Contract Tower,0,4,10,0,14,0,2,44,0,46,0,6,54,0,60,46,0,46,106
04/05/2015,EAU,WI,AGL,CE,Federal Contract Tower,0,4,3,0,7,0,2,15,0,17,0,6,18,0,24,20,0,20,44
04/06/2015,EAU,WI,AGL,CE,Federal Contract Tower,2,4,17,0,23,0,0,3,0,3,2,4,20,0,26,0,0,0,26
04/07/2015,EAU,WI,AGL,CE,Federal Contract Tower,0,6,25,4,35,0,4,7,0,11,0,10,32,4,46,0,0,0,46
04/08/2015,EAU,WI,AGL,CE,Federal Contract Tower,0,4,21,0,25,0,0,9,0,9,0,4,30,0,34,16,0,16,50
04/09/2015,EAU,WI,AGL,CE,Federal Contract Tower,2,0,14,0,16,0,0,0,0,0,2,0,14,0,16,0,0,0,16
04/10/2015,EAU,WI,AGL,CE,Federal Contract Tower,0,5,17,0,22,0,1,21,0,22,0,6,38,0,44,26,0,26,70
04/11/2015,EAU,WI,AGL,CE,Federal Contract Tower,0,4,13,0,17,0,0,58,0,58,0,4,71,0,75,34,0,34,109
04/12/2015,EAU,WI,AGL,CE,Federal Contract Tower,0,6,11,1,18,0,10,19,3,32,0,16,30,4,50,0,0,0,50
04/13/2015,EAU,WI,AGL,CE,Federal Contract Tower,2,4,26,0,32,0,3,8,0,11,2,7,34,0,43,0,2,2,45
04/14/2015,EAU,WI,AGL,CE,Federal Contract Tower,0,4,24,2,30,0,2,34,0,36,0,6,58,2,66,14,0,14,80
04/15/2015,EAU,WI,AGL,CE,Federal Contract Tower,0,4,28,0,32,0,2,39,0,41,0,6,67,0,73,0,0,0,73
04/16/2015,EAU,WI,AGL,CE,Federal Contract Tower,0,4,28,0,32,0,0,30,0,30,0,4,58,0,62,28,0,28,90
04/17/2015,EAU,WI,AGL,CE,Federal Contract Tower,0,4,12,0,16,0,2,36,3,41,0,6,48,3,57,2,0,2,59
04/18/2015,EAU,WI,AGL,CE,Federal Contract Tower,0,5,10,0,15,0,2,39,8,49,0,7,49,8,64,0,0,0,64
04/19/2015,EAU,WI,AGL,CE,Federal Contract Tower,0,4,11,0,15,0,4,2,3,9,0,8,13,3,24,0,0,0,24
04/20/2015,EAU,WI,AGL,CE,Federal Contract Tower,0,6,17,0,23,0,0,9,10,19,0,6,26,10,42,2,14,16,58
04/21/2015,EAU,WI,AGL,CE,Federal Contract Tower,0,4,20,0,24,0,0,1,3,4,0,4,21,3,28,10,0,10,38
04/24/2015,EAU,WI,AGL,CE,Federal Contract Tower,0,6,16,0,22,0,4,10,0,14,0,10,26,0,36,8,0,8,44
04/25/2015,EAU,WI,AGL,CE,Federal Contract Tower,0,4,11,0,15,0,0,16,0,16,0,4,27,0,31,2,0,2,33
04/26/2015,EAU,WI,AGL,CE,Federal Contract Tower,0,4,14,0,18,0,4,44,0,48,0,8,58,0,66,18,0,18,84
04/27/2015,EAU,WI,AGL,CE,Federal Contract Tower,0,4,20,0,24,0,1,25,0,26,0,5,45,0,50,16,0,16,66
04/28/2015,EAU,WI,AGL,CE,Federal Contract Tower,0,4,28,0,32,0,1,23,0,24,0,5,51,0,56,10,0,10,66
04/29/2015,EAU,WI,AGL,CE,Federal Contract Tower,0,5,26,0,31,0,0,27,0,27,0,5,53,0,58,0,0,0,58
04/30/2015,EAU,WI,AGL,CE,Federal Contract Tower,0,4,33,0,37,0,12,48,0,60,0,16,81,0,97,10,0,10,107
05/01/2015,EAU,WI,AGL,CE,Federal Contract Tower,0,6,15,1,22,0,6,22,3,31,0,12,37,4,53,0,10,10,63
05/02/2015,EAU,WI,AGL,CE,Federal Contract Tower,0,4,7,0,11,0,7,39,2,48,0,11,46,2,59,32,0,32,91
05/03/2015,EAU,WI,AGL,CE,Federal Contract Tower,0,2,19,1,22,0,9,21,0,30,0,11,40,1,52,8,0,8,60
05/04/2015,EAU,WI,AGL,CE,Federal Contract Tower,0,4,23,2,29,0,0,19,2,21,0,4,42,4,50,8,0,8,58
05/05/2015,EAU,WI,AGL,CE,Federal Contract Tower,0,4,26,0,30,0,13,32,0,45,0,17,58,0,75,12,0,12,87
05/06/2015,EAU,WI,AGL,CE,Federal Contract Tower,0,10,24,2,36,0,0,8,0,8,0,10,32,2,44,0,0,0,44
05/07/2015,EAU,WI,AGL,CE,Federal Contract Tower,2,4,24,0,30,0,11,20,0,31,2,15,44,0,61,0,0,0,61
05/08/2015,EAU,WI,AGL,CE,Federal Contract Tower,0,3,20,2,25,0,36,10,2,48,0,39,30,4,73,0,0,0,73
05/09/2015,EAU,WI,AGL,CE,Federal Contract Tower,0,4,14,0,18,0,5,42,3,50,0,9,56,3,68,22,0,22,90
05/10/2015,EAU,WI,AGL,CE,Federal Contract Tower,0,4,10,0,14,0,0,0,0,0,0,4,10,0,14,0,0,0,14
05/11/2015,EAU,WI,AGL,CE,Federal Contract Tower,0,3,29,0,32,0,1,6,0,7,0,4,35,0,39,0,0,0,39
05/12/2015,EAU,WI,AGL,CE,Federal Contract Tower,0,5,22,2,29,0,3,14,3,20,0,8,36,5,49,0,0,0,49
05/13/2015,EAU,WI,AGL,CE,Federal Contract Tower,0,4,26,3,33,0,8,41,0,49,0,12,67,3,82,0,0,0,82
05/14/2015,EAU,WI,AGL,CE,Federal Contract Tower,0,4,13,0,17,0,0,7,0,7,0,4,20,0,24,18,0,18,42
05/15/2015,EAU,WI,AGL,CE,Federal Contract Tower,0,4,15,0,19,0,11,4,0,15,0,15,19,0,34,0,0,0,34
05/16/2015,EAU,WI,AGL,CE,Federal Contract Tower,0,4,6,0,10,0,6,23,0,29,0,10,29,0,39,10,0,10,49
05/17/2015,EAU,WI,AGL,CE,Federal Contract Tower,0,6,7,2,15,0,0,0,0,0,0,6,7,2,15,0,0,0,15
05/18/2015,EAU,WI,AGL,CE,Federal Contract Tower,0,4,19,0,23,0,0,0,0,0,0,4,19,0,23,0,0,0,23
05/19/2015,EAU,WI,AGL,CE,Federal Contract Tower,0,6,21,0,27,0,2,25,0,27,0,8,46,0,54,4,0,4,58
05/20/2015,EAU,WI,AGL,CE,Federal Contract Tower,0,8,29,0,37,0,1,22,0,23,0,9,51,0,60,16,0,16,76
05/21/2015,EAU,WI,AGL,CE,Federal Contract Tower,0,3,19,3,25,0,0,36,3,39,0,3,55,6,64,24,0,24,88
05/22/2015,EAU,WI,AGL,CE,Federal Contract Tower,0,4,23,0,27,0,3,38,0,41,0,7,61,0,68,0,0,0,68
05/23/2015,EAU,WI,AGL,CE,Federal Contract Tower,0,4,6,0,10,0,7,25,2,34,0,11,31,2,44,16,0,16,60
05/24/2015,EAU,WI,AGL,CE,Federal Contract Tower,2,4,10,3,19,0,0,1,0,1,2,4,11,3,20,0,0,0,20
05/25/2015,EAU,WI,AGL,CE,Federal Contract Tower,0,4,15,0,19,0,0,8,0,8,0,4,23,0,27,0,0,0,27
05/26/2015,EAU,WI,AGL,CE,Federal Contract Tower,0,4,22,0,26,0,8,3,0,11,0,12,25,0,37,12,0,12,49
05/27/2015,EAU,WI,AGL,CE,Federal Contract Tower,0,4,33,0,37,0,3,51,1,55,0,7,84,1,92,7,0,7,99
05/28/2015,EAU,WI,AGL,CE,Federal Contract Tower,0,4,16,0,20,0,2,36,0,38,0,6,52,0,58,14,0,14,72
05/29/2015,EAU,WI,AGL,CE,Federal Contract Tower,0,4,17,0,21,0,4,5,0,9,0,8,22,0,30,0,0,0,30
05/31/2015,EAU,WI,AGL,CE,Federal Contract Tower,0,4,15,0,19,0,6,41,2,49,0,10,56,2,68,6,0,6,74
06/01/2015,EAU,WI,AGL,CE,Federal Contract Tower,0,4,20,0,24,0,3,14,0,17,0,7,34,0,41,12,0,12,53
06/02/2015,EAU,WI,AGL,CE,Federal Contract Tower,0,4,23,0,27,0,4,30,0,34,0,8,53,0,61,0,0,0,61
06/03/2015,EAU,WI,AGL,CE,Federal Contract Tower,0,5,20,0,25,0,2,15,0,17,0,7,35,0,42,8,0,8,50
06/04/2015,EAU,WI,AGL,CE,Federal Contract Tower,0,4,27,0,31,0,0,14,0,14,0,4,41,0,45,8,0,8,53
06/05/2015,EAU,WI,AGL,CE,Federal Contract Tower,0,4,11,2,17,0,6,24,0,30,0,10,35,2,47,34,0,34,81
06/06/2015,EAU,WI,AGL,CE,Federal Contract Tower,2,4,9,1,16,0,9,29,6,44,2,13,38,7,60,20,10,30,90
06/07/2015,EAU,WI,AGL,CE,Federal Contract Tower,0,3,10,0,13,0,2,10,0,12,0,5,20,0,25,8,0,8,33
06/08/2015,EAU,WI,AGL,CE,Federal Contract Tower,0,2,20,0,22,0,5,28,0,33,0,7,48,0,55,30,0,30,85
06/09/2015,EAU,WI,AGL,CE,Federal Contract Tower,0,4,31,2,37,0,6,31,4,41,0,10,62,6,78,10,0,10,88
06/10/2015,EAU,WI,AGL,CE,Federal Contract Tower,0,3,21,0,24,0,0,27,0,27,0,3,48,0,51,10,0,10,61
06/11/2015,EAU,WI,AGL,CE,Federal Contract Tower,0,2,20,0,22,0,3,5,0,8,0,5,25,0,30,0,0,0,30
06/12/2015,EAU,WI,AGL,CE,Federal Contract Tower,0,4,14,0,18,0,1,27,2,30,0,5,41,2,48,22,6,28,76
06/13/2015,EAU,WI,AGL,CE,Federal Contract Tower,0,3,12,1,16,0,2,0,0,2,0,5,12,1,18,0,0,0,18
06/14/2015,EAU,WI,AGL,CE,Federal Contract Tower,0,2,15,0,17,0,2,22,2,26,0,4,37,2,43,10,0,10,53
06/15/2015,EAU,WI,AGL,CE,Federal Contract Tower,0,3,21,0,24,0,2,12,0,14,0,5,33,0,38,0,0,0,38
06/16/2015,EAU,WI,AGL,CE,Federal Contract Tower,0,4,23,0,27,0,2,38,0,40,0,6,61,0,67,2,0,2,69
06/17/2015,EAU,WI,AGL,CE,Federal Contract Tower,0,4,19,0,23,0,5,3,0,8,0,9,22,0,31,0,0,0,31
06/18/2015,EAU,WI,AGL,CE,Federal Contract Tower,0,2,23,1,26,0,2,40,0,42,0,4,63,1,68,16,0,16,84
06/19/2015,EAU,WI,AGL,CE,Federal Contract Tower,0,4,17,0,21,0,8,35,2,45,0,12,52,2,66,14,2,16,82
06/20/2015,EAU,WI,AGL,CE,Federal Contract Tower,0,4,9,3,16,0,4,9,2,15,0,8,18,5,31,0,0,0,31
06/21/2015,EAU,WI,AGL,CE,Federal Contract Tower,0,4,15,2,21,0,8,31,1,40,0,12,46,3,61,4,0,4,65
06/22/2015,EAU,WI,AGL,CE,Federal Contract Tower,0,4,18,0,22,0,2,2,0,4,0,6,20,0,26,0,0,0,26
06/23/2015,EAU,WI,AGL,CE,Federal Contract Tower,0,4,29,0,33,0,2,38,0,40,0,6,67,0,73,48,0,48,121
06/24/2015,EAU,WI,AGL,CE,Federal Contract Tower,0,4,25,0,29,0,13,33,3,49,0,17,58,3,78,0,0,0,78
06/25/2015,EAU,WI,AGL,CE,Federal Contract Tower,0,2,17,0,19,0,5,27,0,32,0,7,44,0,51,6,0,6,57
06/26/2015,EAU,WI,AGL,CE,Federal Contract Tower,0,6,19,2,27,0,1,32,1,34,0,7,51,3,61,10,0,10,71
06/27/2015,EAU,WI,AGL,CE,Federal Contract Tower,0,4,10,0,14,0,0,39,0,39,0,4,49,0,53,2,0,2,55
06/28/2015,EAU,WI,AGL,CE,Federal Contract Tower,0,4,8,3,15,0,5,18,2,25,0,9,26,5,40,8,0,8,48
06/29/2015,EAU,WI,AGL,CE,Federal Contract Tower,0,4,16,0,20,0,1,8,0,9,0,5,24,0,29,8,0,8,37
07/01/2015,EAU,WI,AGL,CE,Federal Contract Tower,0,4,20,7,31,0,3,39,0,42,0,7,59,7,73,2,2,4,77
07/02/2015,EAU,WI,AGL,CE,Federal Contract Tower,0,4,13,4,21,0,1,38,18,57,0,5,51,22,78,3,10,13,91
07/03/2015,EAU,WI,AGL,CE,Federal Contract Tower,0,4,12,4,20,0,12,49,3,64,0,16,61,7,84,4,2,6,90
07/04/2015,EAU,WI,AGL,CE,Federal Contract Tower,0,4,9,0,13,0,2,43,2,47,0,6,52,2,60,4,2,6,66
07/05/2015,EAU,WI,AGL,CE,Federal Contract Tower,0,4,9,8,21,0,3,57,2,62,0,7,66,10,83,10,0,10,93
07/06/2015,EAU,WI,AGL,CE,Federal Contract Tower,0,4,12,2,18,0,0,0,0,0,0,4,12,2,18,0,0,0,18
07/07/2015,EAU,WI,AGL,CE,Federal Contract Tower,0,5,19,0,24,0,2,37,0,39,0,7,56,0,63,18,0,18,81
07/08/2015,EAU,WI,AGL,CE,Federal Contract Tower,0,4,24,0,28,0,2,31,0,33,0,6,55,0,61,24,0,24,85
07/09/2015,EAU,WI,AGL,CE,Federal Contract Tower,0,4,15,0,19,0,6,99,1,106,0,10,114,1,125,8,0,8,133
07/10/2015,EAU,WI,AGL,CE,Federal Contract Tower,0,4,24,0,28,0,3,54,2,59,0,7,78,2,87,10,0,10,97
07/11/2015,EAU,WI,AGL,CE,Federal Contract Tower,0,4,7,0,11,0,4,31,0,35,0,8,38,0,46,12,0,12,58
07/12/2015,EAU,WI,AGL,CE,Federal Contract Tower,0,5,12,0,17,0,4,10,0,14,0,9,22,0,31,2,0,2,33
07/13/2015,EAU,WI,AGL,CE,Federal Contract Tower,0,3,18,0,21,0,2,15,0,17,0,5,33,0,38,38,0,38,76
07/14/2015,EAU,WI,AGL,CE,Federal Contract Tower,0,4,27,5,36,0,3,27,3,33,0,7,54,8,69,4,0,4,73
07/15/2015,EAU,WI,AGL,CE,Federal Contract Tower,0,4,19,0,23,0,0,29,0,29,0,4,48,0,52,8,0,8,60
07/16/2015,EAU,WI,AGL,CE,Federal Contract Tower,0,6,25,0,31,0,0,9,0,9,0,6,34,0,40,10,0,10,50
07/17/2015,EAU,WI,AGL,CE,Federal Contract Tower,0,5,19,0,24,0,3,16,0,19,0,8,35,0,43,4,0,4,47
07/18/2015,EAU,WI,AGL,CE,Federal Contract Tower,0,8,8,0,16,0,3,27,0,30,0,11,35,0,46,10,0,10,56
07/19/2015,EAU,WI,AGL,CE,Federal Contract Tower,0,4,16,1,21,0,2,18,2,22,0,6,34,3,43,0,0,0,43
07/20/2015,EAU,WI,AGL,CE,Federal Contract Tower,0,4,22,0,26,0,1,18,0,19,0,5,40,0,45,20,0,20,65
07/21/2015,EAU,WI,AGL,CE,Federal Contract Tower,0,4,19,0,23,0,1,33,0,34,0,5,52,0,57,18,0,18,75
07/22/2015,EAU,WI,AGL,CE,Federal Contract Tower,0,6,23,0,29,0,8,41,0,49,0,14,64,0,78,14,0,14,92
07/23/2015,EAU,WI,AGL,CE,Federal Contract Tower,0,4,19,0,23,0,4,62,0,66,0,8,81,0,89,22,0,22,111
07/24/2015,EAU,WI,AGL,CE,Federal Contract Tower,0,4,21,0,25,0,2,33,0,35,0,6,54,0,60,8,0,8,68
07/25/2015,EAU,WI,AGL,CE,Federal Contract Tower,0,4,10,0,14,0,7,60,0,67,0,11,70,0,81,26,0,26,107
07/26/2015,EAU,WI,AGL,CE,Federal Contract Tower,0,7,9,0,16,0,5,38,0,43,0,12,47,0,59,0,0,0,59
07/27/2015,EAU,WI,AGL,CE,Federal Contract Tower,0,6,22,3,31,0,4,30,0,34,0,10,52,3,65,38,0,38,103
07/28/2015,EAU,WI,AGL,CE,Federal Contract Tower,0,4,17,0,21,0,5,18,0,23,0,9,35,0,44,0,0,0,44
07/29/2015,EAU,WI,AGL,CE,Federal Contract Tower,0,5,22,0,27,0,3,32,0,35,0,8,54,0,62,22,0,22,84
07/30/2015,EAU,WI,AGL,CE,Federal Contract Tower,0,6,27,2,35,0,3,32,0,35,0,9,59,2,70,14,0,14,84
07/31/2015,EAU,WI,AGL,CE,Federal Contract Tower,0,3,13,2,18,0,0,32,0,32,0,3,45,2,50,26,0,26,76
08/01/2015,EAU,WI,AGL,CE,Federal Contract Tower,0,5,22,1,28,0,5,50,0,55,0,10,72,1,83,8,0,8,91
08/02/2015,EAU,WI,AGL,CE,Federal Contract Tower,0,4,11,0,15,0,3,8,0,11,0,7,19,0,26,12,0,12,38
08/03/2015,EAU,WI,AGL,CE,Federal Contract Tower,0,5,24,0,29,0,6,24,0,30,0,11,48,0,59,18,0,18,77
08/04/2015,EAU,WI,AGL,CE,Federal Contract Tower,0,4,29,2,35,0,3,40,0,43,0,7,69,2,78,74,0,74,152
08/05/2015,EAU,WI,AGL,CE,Federal Contract Tower,0,6,28,0,34,0,2,58,2,62,0,8,86,2,96,32,0,32,128
08/06/2015,EAU,WI,AGL,CE,Federal Contract Tower,0,6,19,2,27,0,3,18,0,21,0,9,37,2,48,4,0,4,52
08/07/2015,EAU,WI,AGL,CE,Federal Contract Tower,0,4,19,0,23,0,4,11,0,15,0,8,30,0,38,18,0,18,56
08/08/2015,EAU,WI,AGL,CE,Federal Contract Tower,0,4,14,0,18,0,6,4,0,10,0,10,18,0,28,0,0,0,28
08/09/2015,EAU,WI,AGL,CE,Federal Contract Tower,2,3,16,0,21,0,2,17,0,19,2,5,33,0,40,18,0,18,58
08/10/2015,EAU,WI,AGL,CE,Federal Contract Tower,0,4,22,2,28,0,2,32,0,34,0,6,54,2,62,40,0,40,102
08/11/2015,EAU,WI,AGL,CE,Federal Contract Tower,0,4,22,0,26,0,2,35,0,37,0,6,57,0,63,42,0,42,105
08/12/2015,EAU,WI,AGL,CE,Federal Contract Tower,0,4,28,0,32,0,4,47,2,53,0,8,75,2,85,24,0,24,109
08/13/2015,EAU,WI,AGL,CE,Federal Contract Tower,0,2,38,0,40,0,5,27,0,32,0,7,65,0,72,0,0,0,72
08/14/2015,EAU,WI,AGL,CE,Federal Contract Tower,0,3,27,0,30,0,3,31,0,34,0,6,58,0,64,4,0,4,68
08/16/2015,EAU,WI,AGL,CE,Federal Contract Tower,0,6,17,0,23,0,4,13,0,17,0,10,30,0,40,2,0,2,42
08/17/2015,EAU,WI,AGL,CE,Federal Contract Tower,0,2,18,0,20,0,2,8,0,10,0,4,26,0,30,10,0,10,40
08/18/2015,EAU,WI,AGL,CE,Federal Contract Tower,0,3,16,0,19,0,0,0,0,0,0,3,16,0,19,0,0,0,19
08/19/2015,EAU,WI,AGL,CE,Federal Contract Tower,0,5,28,0,33,0,0,8,0,8,0,5,36,0,41,2,0,2,43
08/20/2015,EAU,WI,AGL,CE,Federal Contract Tower,0,3,25,1,29,0,2,28,0,30,0,5,53,1,59,46,0,46,105
08/21/2015,EAU,WI,AGL,CE,Federal Contract Tower,0,5,22,0,27,0,4,25,0,29,0,9,47,0,56,42,0,42,98
08/22/2015,EAU,WI,AGL,CE,Federal Contract Tower,0,5,11,0,16,0,4,20,6,30,0,9,31,6,46,52,0,52,98
08/23/2015,EAU,WI,AGL,CE,Federal Contract Tower,0,6,16,0,22,0,6,11,0,17,0,12,27,0,39,0,0,0,39
08/24/2015,EAU,WI,AGL,CE,Federal Contract Tower,0,4,23,0,27,0,0,6,0,6,0,4,29,0,33,0,0,0,33
08/25/2015,EAU,WI,AGL,CE,Federal Contract Tower,0,5,27,2,34,0,5,49,0,54,0,10,76,2,88,26,0,26,114
08/26/2015,EAU,WI,AGL,CE,Federal Contract Tower,0,4,28,0,32,0,7,34,2,43,0,11,62,2,75,60,0,60,135
08/27/2015,EAU,WI,AGL,CE,Federal Contract Tower,0,8,17,3,28,0,9,36,0,45,0,17,53,3,73,60,0,60,133
08/28/2015,EAU,WI,AGL,CE,Federal Contract Tower,0,3,18,0,21,0,0,14,0,14,0,3,32,0,35,14,0,14,49
08/29/2015,EAU,WI,AGL,CE,Federal Contract Tower,0,4,10,0,14,0,7,10,0,17,0,11,20,0,31,0,0,0,31
08/30/2015,EAU,WI,AGL,CE,Federal Contract Tower,0,4,17,4,25,0,4,20,3,27,0,8,37,7,52,0,0,0,52
08/31/2015,EAU,WI,AGL,CE,Federal Contract Tower,0,4,17,0,21,0,3,14,0,17,0,7,31,0,38,26,0,26,64
09/01/2015,EAU,WI,AGL,CE,Federal Contract Tower,0,4,28,0,32,0,2,37,0,39,0,6,65,0,71,24,0,24,95
09/02/2015,EAU,WI,AGL,CE,Federal Contract Tower,0,4,23,0,27,0,2,13,0,15,0,6,36,0,42,8,0,8,50
09/03/2015,EAU,WI,AGL,CE,Federal Contract Tower,0,4,19,2,25,0,8,22,2,32,0,12,41,4,57,24,0,24,81
09/04/2015,EAU,WI,AGL,CE,Federal Contract Tower,0,4,14,2,20,0,2,25,0,27,0,6,39,2,47,36,0,36,83
09/05/2015,EAU,WI,AGL,CE,Federal Contract Tower,0,4,9,0,13,0,3,28,0,31,0,7,37,0,44,28,0,28,72
09/06/2015,EAU,WI,AGL,CE,Federal Contract Tower,0,3,6,0,9,0,3,10,0,13,0,6,16,0,22,0,0,0,22
09/07/2015,EAU,WI,AGL,CE,Federal Contract Tower,0,4,10,3,17,0,2,25,1,28,0,6,35,4,45,10,0,10,55
09/08/2015,EAU,WI,AGL,CE,Federal Contract Tower,0,5,24,0,29,0,2,15,0,17,0,7,39,0,46,48,0,48,94
09/09/2015,EAU,WI,AGL,CE,Federal Contract Tower,0,4,35,0,39,0,0,0,0,0,0,4,35,0,39,38,0,38,77
09/10/2015,EAU,WI,AGL,CE,Federal Contract Tower,0,4,23,0,27,0,0,0,0,0,0,4,23,0,27,26,4,30,57
09/11/2015,EAU,WI,AGL,CE,Federal Contract Tower,0,4,24,0,28,0,3,34,0,37,0,7,58,0,65,18,0,18,83
09/12/2015,EAU,WI,AGL,CE,Federal Contract Tower,0,3,8,0,11,0,4,42,0,46,0,7,50,0,57,24,0,24,81
09/13/2015,EAU,WI,AGL,CE,Federal Contract Tower,0,4,8,0,12,0,3,28,0,31,0,7,36,0,43,14,0,14,57
09/14/2015,EAU,WI,AGL,CE,Federal Contract Tower,0,4,19,0,23,0,0,18,0,18,0,4,37,0,41,8,0,8,49
09/15/2015,EAU,WI,AGL,CE,Federal Contract Tower,0,4,32,0,36,0,8,25,3,36,0,12,57,3,72,12,0,12,84
09/16/2015,EAU,WI,AGL,CE,Federal Contract Tower,0,4,29,0,33,0,7,18,0,25,0,11,47,0,58,8,0,8,66
09/17/2015,EAU,WI,AGL,CE,Federal Contract Tower,0,2,21,0,23,0,0,2,0,2,0,2,23,0,25,0,0,0,25
09/18/2015,EAU,WI,AGL,CE,Federal Contract Tower,0,5,21,0,26,0,4,16,8,28,0,9,37,8,54,16,0,16,70
09/19/2015,EAU,WI,AGL,CE,Federal Contract Tower,0,5,8,0,13,0,6,45,3,54,0,11,53,3,67,24,0,24,91
09/20/2015,EAU,WI,AGL,CE,Federal Contract Tower,0,4,11,0,15,0,12,46,0,58,0,16,57,0,73,20,0,20,93
09/21/2015,EAU,WI,AGL,CE,Federal Contract Tower,0,5,19,0,24,0,1,16,0,17,0,6,35,0,41,6,0,6,47
09/22/2015,EAU,WI,AGL,CE,Federal Contract Tower,0,5,36,0,41,0,6,14,2,22,0,11,50,2,63,10,0,10,73
09/23/2015,EAU,WI,AGL,CE,Federal Contract Tower,0,4,31,0,35,0,4,27,0,31,0,8,58,0,66,16,0,16,82
09/24/2015,EAU,WI,AGL,CE,Federal Contract Tower,0,4,18,0,22,0,6,15,0,21,0,10,33,0,43,20,0,20,63
09/25/2015,EAU,WI,AGL,CE,Federal Contract Tower,0,3,21,0,24,0,15,26,3,44,0,18,47,3,68,22,0,22,90
09/26/2015,EAU,WI,AGL,CE,Federal Contract Tower,0,4,14,1,19,0,0,27,5,32,0,4,41,6,51,6,0,6,57
09/27/2015,EAU,WI,AGL,CE,Federal Contract Tower,2,3,11,0,16,0,1,20,0,21,2,4,31,0,37,12,0,12,49
09/28/2015,EAU,WI,AGL,CE,Federal Contract Tower,0,3,24,0,27,0,2,15,0,17,0,5,39,0,44,16,0,16,60
09/29/2015,EAU,WI,AGL,CE,Federal Contract Tower,0,4,23,0,27,0,3,30,0,33,0,7,53,0,60,24,0,24,84
09/30/2015,EAU,WI,AGL,CE,Federal Contract Tower,0,3,21,0,24,0,4,28,2,34,0,7,49,2,58,20,0,20,78
10/01/2015,EAU,WI,AGL,CE,Federal Contract Tower,0,3,23,0,26,0,3,31,2,36,0,6,54,2,62,26,0,26,88
10/02/2015,EAU,WI,AGL,CE,Federal Contract Tower,0,3,24,0,27,0,15,46,2,63,0,18,70,2,90,28,0,28,118
10/03/2015,EAU,WI,AGL,CE,Federal Contract Tower,0,7,8,0,15,0,4,140,0,144,0,11,148,0,159,32,0,32,191
10/04/2015,EAU,WI,AGL,CE,Federal Contract Tower,0,3,13,0,16,0,0,0,0,0,0,3,13,0,16,22,0,22,38
10/05/2015,EAU,WI,AGL,CE,Federal Contract Tower,0,3,24,1,28,0,3,16,4,23,0,6,40,5,51,22,0,22,73
10/06/2015,EAU,WI,AGL,CE,Federal Contract Tower,0,5,30,0,35,0,2,25,0,27,0,7,55,0,62,16,0,16,78
10/07/2015,EAU,WI,AGL,CE,Federal Contract Tower,0,3,25,0,28,0,0,0,0,0,0,3,25,0,28,34,0,34,62
10/08/2015,EAU,WI,AGL,CE,Federal Contract Tower,0,5,19,0,24,0,0,0,0,0,0,5,19,0,24,0,0,0,24
10/09/2015,EAU,WI,AGL,CE,Federal Contract Tower,0,3,22,0,25,0,3,36,0,39,0,6,58,0,64,42,0,42,106
10/10/2015,EAU,WI,AGL,CE,Federal Contract Tower,0,4,10,0,14,0,10,33,2,45,0,14,43,2,59,12,0,12,71
10/11/2015,EAU,WI,AGL,CE,Federal Contract Tower,0,3,9,2,14,0,9,44,2,55,0,12,53,4,69,24,6,30,99
10/12/2015,EAU,WI,AGL,CE,Federal Contract Tower,0,4,15,0,19,0,8,3,0,11,0,12,18,0,30,0,0,0,30
10/13/2015,EAU,WI,AGL,CE,Federal Contract Tower,0,4,22,0,26,0,0,25,0,25,0,4,47,0,51,20,0,20,71
10/14/2015,EAU,WI,AGL,CE,Federal Contract Tower,0,5,27,0,32,0,3,10,0,13,0,8,37,0,45,2,0,2,47
10/15/2015,EAU,WI,AGL,CE,Federal Contract Tower,0,3,23,0,26,0,0,0,0,0,0,3,23,0,26,2,0,2,28
10/16/2015,EAU,WI,AGL,CE,Federal Contract Tower,0,3,21,0,24,0,0,26,0,26,0,3,47,0,50,20,0,20,70
10/17/2015,EAU,WI,AGL,CE,Federal Contract Tower,0,3,13,0,16,0,5,32,0,37,0,8,45,0,53,22,0,22,75
10/18/2015,EAU,WI,AGL,CE,Federal Contract Tower,0,3,15,0,18,0,11,32,0,43,0,14,47,0,61,32,0,32,93
10/19/2015,EAU,WI,AGL,CE,Federal Contract Tower,0,3,28,0,31,0,4,21,0,25,0,7,49,0,56,68,0,68,124
10/20/2015,EAU,WI,AGL,CE,Federal Contract Tower,0,3,25,0,28,0,2,24,0,26,0,5,49,0,54,26,0,26,80
10/21/2015,EAU,WI,AGL,CE,Federal Contract Tower,0,4,27,0,31,0,4,29,0,33,0,8,56,0,64,46,0,46,110
10/22/2015,EAU,WI,AGL,CE,Federal Contract Tower,2,3,28,0,33,0,6,31,1,38,2,9,59,1,71,72,0,72,143
10/23/2015,EAU,WI,AGL,CE,Federal Contract Tower,0,3,21,0,24,0,5,0,0,5,0,8,21,0,29,0,0,0,29
10/24/2015,EAU,WI,AGL,CE,Federal Contract Tower,0,3,14,0,17,0,5,7,0,12,0,8,21,0,29,12,0,12,41
10/25/2015,EAU,WI,AGL,CE,Federal Contract Tower,0,3,18,0,21,0,2,31,0,33,0,5,49,0,54,14,0,14,68
10/26/2015,EAU,WI,AGL,CE,Federal Contract Tower,0,5,23,0,28,0,2,9,0,11,0,7,32,0,39,10,0,10,49
10/27/2015,EAU,WI,AGL,CE,Federal Contract Tower,0,3,18,0,21,0,2,11,0,13,0,5,29,0,34,4,0,4,38
10/28/2015,EAU,WI,AGL,CE,Federal Contract Tower,0,2,24,0,26,0,0,0,0,0,0,2,24,0,26,0,0,0,26
10/29/2015,EAU,WI,AGL,CE,Federal Contract Tower,0,4,29,0,33,0,5,10,0,15,0,9,39,0,48,8,0,8,56
10/30/2015,EAU,WI,AGL,CE,Federal Contract Tower,0,4,19,0,23,0,7,6,0,13,0,11,25,0,36,6,0,6,42
10/31/2015,EAU,WI,AGL,CE,Federal Contract Tower,0,3,7,0,10,0,0,0,0,0,0,3,7,0,10,0,0,0,10
11/01/2015,EAU,WI,AGL,CE,Federal Contract Tower,0,3,11,0,14,0,3,22,0,25,0,6,33,0,39,56,0,56,95
11/02/2015,EAU,WI,AGL,CE,Federal Contract Tower,0,9,31,0,40,0,5,44,0,49,0,14,75,0,89,38,0,38,127
11/03/2015,EAU,WI,AGL,CE,Federal Contract Tower,0,3,32,0,35,0,4,39,0,43,0,7,71,0,78,32,0,32,110
11/04/2015,EAU,WI,AGL,CE,Federal Contract Tower,0,4,33,1,38,0,1,12,0,13,0,5,45,1,51,6,0,6,57
11/05/2015,EAU,WI,AGL,CE,Federal Contract Tower,0,3,30,0,33,0,3,8,0,11,0,6,38,0,44,18,0,18,62
11/06/2015,EAU,WI,AGL,CE,Federal Contract Tower,0,3,26,0,29,0,3,29,0,32,0,6,55,0,61,32,0,32,93
11/07/2015,EAU,WI,AGL,CE,Federal Contract Tower,0,3,9,0,12,0,6,19,0,25,0,9,28,0,37,28,0,28,65
11/08/2015,EAU,WI,AGL,CE,Federal Contract Tower,0,3,12,0,15,0,1,23,0,24,0,4,35,0,39,18,0,18,57
11/09/2015,EAU,WI,AGL,CE,Federal Contract Tower,0,4,26,0,30,0,7,24,0,31,0,11,50,0,61,24,0,24,85
11/10/2015,EAU,WI,AGL,CE,Federal Contract Tower,0,3,42,3,48,0,2,25,1,28,0,5,67,4,76,36,0,36,112
11/11/2015,EAU,WI,AGL,CE,Federal Contract Tower,0,4,28,0,32,0,13,10,0,23,0,17,38,0,55,10,0,10,65
11/12/2015,EAU,WI,AGL,CE,Federal Contract Tower,0,2,22,0,24,0,0,2,0,2,0,2,24,0,26,0,0,0,26
11/13/2015,EAU,WI,AGL,CE,Federal Contract Tower,0,3,27,0,30,0,4,20,0,24,0,7,47,0,54,14,0,14,68
11/14/2015,EAU,WI,AGL,CE,Federal Contract Tower,0,3,7,0,10,0,6,45,0,51,0,9,52,0,61,30,0,30,91
11/15/2015,EAU,WI,AGL,CE,Federal Contract Tower,2,3,15,0,20,0,1,31,0,32,2,4,46,0,52,34,0,34,86
11/16/2015,EAU,WI,AGL,CE,Federal Contract Tower,0,3,31,0,34,0,3,9,0,12,0,6,40,0,46,34,0,34,80
11/17/2015,EAU,WI,AGL,CE,Federal Contract Tower,0,3,38,0,41,0,0,0,0,0,0,3,38,0,41,0,0,0,41
11/18/2015,EAU,WI,AGL,CE,Federal Contract Tower,0,4,29,0,33,0,4,10,0,14,0,8,39,0,47,28,0,28,75
11/19/2015,EAU,WI,AGL,CE,Federal Contract Tower,0,3,31,0,34,0,0,10,0,10,0,3,41,0,44,2,0,2,46
11/20/2015,EAU,WI,AGL,CE,Federal Contract Tower,0,3,12,0,15,0,5,33,3,41,0,8,45,3,56,32,0,32,88
11/21/2015,EAU,WI,AGL,CE,Federal Contract Tower,0,3,8,0,11,0,4,17,0,21,0,7,25,0,32,16,0,16,48
11/22/2015,EAU,WI,AGL,CE,Federal Contract Tower,0,3,6,0,9,0,5,22,0,27,0,8,28,0,36,12,0,12,48
11/23/2015,EAU,WI,AGL,CE,Federal Contract Tower,0,3,20,0,23,0,3,21,0,24,0,6,41,0,47,44,0,44,91
11/24/2015,EAU,WI,AGL,CE,Federal Contract Tower,0,3,23,0,26,0,3,20,3,26,0,6,43,3,52,22,0,22,74
11/25/2015,EAU,WI,AGL,CE,Federal Contract Tower,0,3,13,0,16,0,2,8,0,10,0,5,21,0,26,0,0,0,26
11/26/2015,EAU,WI,AGL,CE,Federal Contract Tower,0,4,1,0,5,0,0,0,0,0,0,4,1,0,5,0,0,0,5
11/27/2015,EAU,WI,AGL,CE,Federal Contract Tower,0,4,12,0,16,0,6,7,0,13,0,10,19,0,29,6,0,6,35
11/28/2015,EAU,WI,AGL,CE,Federal Contract Tower,0,5,7,0,12,0,4,25,0,29,0,9,32,0,41,16,0,16,57
11/29/2015,EAU,WI,AGL,CE,Federal Contract Tower,2,3,13,1,19,0,4,17,0,21,2,7,30,1,40,18,0,18,58
11/30/2015,EAU,WI,AGL,CE,Federal Contract Tower,0,3,24,0,27,0,2,13,0,15,0,5,37,0,42,30,0,30,72
12/01/2015,EAU,WI,AGL,CE,Federal Contract Tower,0,4,32,0,36,0,6,9,0,15,0,10,41,0,51,14,0,14,65
12/02/2015,EAU,WI,AGL,CE,Federal Contract Tower,2,5,34,0,41,0,0,14,0,14,2,5,48,0,55,6,0,6,61
12/03/2015,EAU,WI,AGL,CE,Federal Contract Tower,0,4,25,0,29,0,0,0,0,0,0,4,25,0,29,50,2,52,81
12/04/2015,EAU,WI,AGL,CE,Federal Contract Tower,0,3,16,0,19,0,2,40,0,42,0,5,56,0,61,16,0,16,77
12/05/2015,EAU,WI,AGL,CE,Federal Contract Tower,0,4,5,0,9,0,6,20,3,29,0,10,25,3,38,22,0,22,60
12/06/2015,EAU,WI,AGL,CE,Federal Contract Tower,0,3,8,0,11,0,0,5,0,5,0,3,13,0,16,0,0,0,16
12/07/2015,EAU,WI,AGL,CE,Federal Contract Tower,0,3,28,0,31,0,0,4,0,4,0,3,32,0,35,16,0,16,51
12/08/2015,EAU,WI,AGL,CE,Federal Contract Tower,0,3,35,0,38,0,0,11,0,11,0,3,46,0,49,38,0,38,87
12/09/2015,EAU,WI,AGL,CE,Federal Contract Tower,0,3,34,0,37,0,0,17,0,17,0,3,51,0,54,10,0,10,64
12/10/2015,EAU,WI,AGL,CE,Federal Contract Tower,0,3,33,3,39,0,2,14,0,16,0,5,47,3,55,24,0,24,79
12/11/2015,EAU,WI,AGL,CE,Federal Contract Tower,0,3,20,0,23,0,5,21,2,28,0,8,41,2,51,42,2,44,95
12/12/2015,EAU,WI,AGL,CE,Federal Contract Tower,0,3,6,0,9,0,0,0,0,0,0,3,6,0,9,0,0,0,9
12/13/2015,EAU,WI,AGL,CE,Federal Contract Tower,0,3,9,0,12,0,0,0,0,0,0,3,9,0,12,0,0,0,12
12/14/2015,EAU,WI,AGL,CE,Federal Contract Tower,0,5,27,0,32,0,2,1,0,3,0,7,28,0,35,0,0,0,35
12/15/2015,EAU,WI,AGL,CE,Federal Contract Tower,0,3,29,0,32,0,2,9,0,11,0,5,38,0,43,46,0,46,89
12/16/2015,EAU,WI,AGL,CE,Federal Contract Tower,0,3,26,0,29,0,2,0,0,2,0,5,26,0,31,0,0,0,31
12/17/2015,EAU,WI,AGL,CE,Federal Contract Tower,0,3,32,2,37,0,2,8,1,11,0,5,40,3,48,20,0,20,68
12/18/2015,EAU,WI,AGL,CE,Federal Contract Tower,0,3,35,0,38,0,7,3,0,10,0,10,38,0,48,0,0,0,48
12/19/2015,EAU,WI,AGL,CE,Federal Contract Tower,0,3,12,0,15,0,4,45,3,52,0,7,57,3,67,30,0,30,97
12/20/2015,EAU,WI,AGL,CE,Federal Contract Tower,0,4,6,0,10,0,6,15,0,21,0,10,21,0,31,28,0,28,59
12/21/2015,EAU,WI,AGL,CE,Federal Contract Tower,0,3,15,0,18,0,0,6,0,6,0,3,21,0,24,0,0,0,24
12/22/2015,EAU,WI,AGL,CE,Federal Contract Tower,0,4,25,0,29,0,0,2,0,2,0,4,27,0,31,0,0,0,31
12/23/2015,EAU,WI,AGL,CE,Federal Contract Tower,0,3,13,0,16,0,0,0,0,0,0,3,13,0,16,0,0,0,16
12/24/2015,EAU,WI,AGL,CE,Federal Contract Tower,0,4,3,0,7,0,2,0,0,2,0,6,3,0,9,0,0,0,9
12/25/2015,EAU,WI,AGL,CE,Federal Contract Tower,0,3,0,0,3,0,0,2,0,2,0,3,2,0,5,12,0,12,17
12/26/2015,EAU,WI,AGL,CE,Federal Contract Tower,0,3,7,0,10,0,2,2,0,4,0,5,9,0,14,12,0,12,26
12/27/2015,EAU,WI,AGL,CE,Federal Contract Tower,0,1,13,0,14,0,2,23,0,25,0,3,36,0,39,18,0,18,57
12/28/2015,EAU,WI,AGL,CE,Federal Contract Tower,2,1,6,0,9,0,0,5,0,5,2,1,11,0,14,8,0,8,22
12/29/2015,EAU,WI,AGL,CE,Federal Contract Tower,0,4,16,0,20,0,0,3,0,3,0,4,19,0,23,10,0,10,33
12/30/2015,EAU,WI,AGL,CE,Federal Contract Tower,0,3,15,2,20,0,0,0,0,0,0,3,15,2,20,0,0,0,20
12/31/2015,EAU,WI,AGL,CE,Federal Contract Tower,0,5,1,0,6,0,2,9,0,11,0,7,10,0,17,2,0,2,19
01/01/2016,EAU,WI,AGL,CE,Federal Contract Tower,0,3,2,0,5,0,2,9,0,11,0,5,11,0,16,16,0,16,32
01/02/2016,EAU,WI,AGL,CE,Federal Contract Tower,0,3,21,0,24,0,4,17,0,21,0,7,38,0,45,6,0,6,51
01/03/2016,EAU,WI,AGL,CE,Federal Contract Tower,0,3,15,0,18,0,2,13,0,15,0,5,28,0,33,30,0,30,63
01/04/2016,EAU,WI,AGL,CE,Federal Contract Tower,0,4,29,0,33,0,0,11,5,16,0,4,40,5,49,50,0,50,99
01/05/2016,EAU,WI,AGL,CE,Federal Contract Tower,0,3,36,0,39,0,4,20,0,24,0,7,56,0,63,20,0,20,83
01/06/2016,EAU,WI,AGL,CE,Federal Contract Tower,0,4,28,0,32,0,0,7,0,7,0,4,35,0,39,16,0,16,55
01/07/2016,EAU,WI,AGL,CE,Federal Contract Tower,0,4,22,0,26,0,0,0,0,0,0,4,22,0,26,0,0,0,26
01/08/2016,EAU,WI,AGL,CE,Federal Contract Tower,0,3,16,0,19,0,0,1,0,1,0,3,17,0,20,0,0,0,20
01/09/2016,EAU,WI,AGL,CE,Federal Contract Tower,0,3,6,0,9,0,4,8,0,12,0,7,14,0,21,28,0,28,49
01/10/2016,EAU,WI,AGL,CE,Federal Contract Tower,0,3,6,0,9,0,0,11,0,11,0,3,17,0,20,16,0,16,36
01/11/2016,EAU,WI,AGL,CE,Federal Contract Tower,2,3,22,0,27,0,3,8,0,11,2,6,30,0,38,4,0,4,42
01/12/2016,EAU,WI,AGL,CE,Federal Contract Tower,2,5,29,0,36,0,2,12,2,16,2,7,41,2,52,4,0,4,56
01/13/2016,EAU,WI,AGL,CE,Federal Contract Tower,0,3,32,0,35,0,1,11,0,12,0,4,43,0,47,22,0,22,69
01/14/2016,EAU,WI,AGL,CE,Federal Contract Tower,0,4,32,0,36,0,2,3,0,5,0,6,35,0,41,2,0,2,43
01/15/2016,EAU,WI,AGL,CE,Federal Contract Tower,0,4,24,0,28,0,2,7,0,9,0,6,31,0,37,0,0,0,37
01/16/2016,EAU,WI,AGL,CE,Federal Contract Tower,0,4,7,0,11,0,2,5,0,7,0,6,12,0,18,2,0,2,20
01/17/2016,EAU,WI,AGL,CE,Federal Contract Tower,0,3,6,0,9,0,1,3,0,4,0,4,9,0,13,0,0,0,13
01/18/2016,EAU,WI,AGL,CE,Federal Contract Tower,0,3,32,0,35,0,0,9,0,9,0,3,41,0,44,2,0,2,46
01/19/2016,EAU,WI,AGL,CE,Federal Contract Tower,0,3,32,0,35,0,10,17,5,32,0,13,49,5,67,24,4,28,95
01/20/2016,EAU,WI,AGL,CE,Federal Contract Tower,0,3,30,0,33,0,4,2,0,6,0,7,32,0,39,0,0,0,39
01/21/2016,EAU,WI,AGL,CE,Federal Contract Tower,0,3,27,0,30,0,0,2,0,2,0,3,29,0,32,0,0,0,32
01/22/2016,EAU,WI,AGL,CE,Federal Contract Tower,0,3,22,0,25,0,2,17,3,22,0,5,39,3,47,24,0,24,71
01/23/2016,EAU,WI,AGL,CE,Federal Contract Tower,0,3,11,0,14,0,3,10,0,13,0,6,21,0,27,0,0,0,27
01/24/2016,EAU,WI,AGL,CE,Federal Contract Tower,0,3,10,0,13,0,0,0,0,0,0,3,10,0,13,0,0,0,13
01/25/2016,EAU,WI,AGL,CE,Federal Contract Tower,0,3,26,0,29,0,0,0,0,0,0,3,26,0,29,0,0,0,29
01/26/2016,EAU,WI,AGL,CE,Federal Contract Tower,0,3,31,0,34,0,2,12,0,14,0,5,43,0,48,4,0,4,52
01/27/2016,EAU,WI,AGL,CE,Federal Contract Tower,0,4,31,0,35,0,0,7,0,7,0,4,38,0,42,22,0,22,64
01/28/2016,EAU,WI,AGL,CE,Federal Contract Tower,0,1,35,0,36,0,0,11,0,11,0,1,46,0,47,0,0,0,47
01/29/2016,EAU,WI,AGL,CE,Federal Contract Tower,0,4,28,2,34,0,0,11,0,11,0,4,39,2,45,8,0,8,53
01/30/2016,EAU,WI,AGL,CE,Federal Contract Tower,0,3,6,0,9,0,2,64,0,66,0,5,70,0,75,22,0,22,97
01/31/2016,EAU,WI,AGL,CE,Federal Contract Tower,0,3,7,0,10,0,3,17,0,20,0,6,24,0,30,34,0,34,64
02/01/2016,EAU,WI,AGL,CE,Federal Contract Tower,0,2,26,0,28,0,0,5,0,5,0,2,31,0,33,12,0,12,45
02/02/2016,EAU,WI,AGL,CE,Federal Contract Tower,0,1,20,0,21,0,2,4,0,6,0,3,24,0,27,12,0,12,39
02/03/2016,EAU,WI,AGL,CE,Federal Contract Tower,0,2,37,0,39,0,0,4,0,4,0,2,41,0,43,3,0,3,46
02/04/2016,EAU,WI,AGL,CE,Federal Contract Tower,0,3,31,0,34,0,18,9,0,27,0,21,40,0,61,50,0,50,111
02/05/2016,EAU,WI,AGL,CE,Federal Contract Tower,0,3,34,0,37,0,2,12,0,14,0,5,46,0,51,0,0,0,51
02/06/2016,EAU,WI,AGL,CE,Federal Contract Tower,0,4,9,0,13,0,1,6,0,7,0,5,15,0,20,0,0,0,20
02/07/2016,EAU,WI,AGL,CE,Federal Contract Tower,0,3,7,0,10,0,3,3,0,6,0,6,10,0,16,0,0,0,16
02/08/2016,EAU,WI,AGL,CE,Federal Contract Tower,0,3,34,0,37,0,0,5,0,5,0,3,39,0,42,0,0,0,42
02/10/2016,EAU,WI,AGL,CE,Federal Contract Tower,0,2,37,0,39,0,8,21,0,29,0,10,58,0,68,30,0,30,98
02/11/2016,EAU,WI,AGL,CE,Federal Contract Tower,0,3,46,0,49,0,16,28,0,44,0,19,74,0,93,20,0,20,113
02/12/2016,EAU,WI,AGL,CE,Federal Contract Tower,0,4,33,0,37,0,2,10,0,12,0,6,43,0,49,4,0,4,53
02/13/2016,EAU,WI,AGL,CE,Federal Contract Tower,0,2,8,4,14,0,5,8,1,14,0,7,16,5,28,2,0,2,30
02/14/2016,EAU,WI,AGL,CE,Federal Contract Tower,0,3,9,0,12,0,0,4,0,4,0,3,13,0,16,0,0,0,16
02/15/2016,EAU,WI,AGL,CE,Federal Contract Tower,0,4,19,0,23,0,0,8,0,8,0,4,27,0,31,12,0,12,43
02/17/2016,EAU,WI,AGL,CE,Federal Contract Tower,0,4,16,3,23,0,7,50,0,57,0,11,66,3,80,24,0,24,104
02/18/2016,EAU,WI,AGL,CE,Federal Contract Tower,2,5,23,0,30,0,0,7,0,7,2,5,30,0,37,2,0,2,39
02/19/2016,EAU,WI,AGL,CE,Federal Contract Tower,0,3,17,0,20,0,2,10,0,12,0,5,27,0,32,12,0,12,44
02/20/2016,EAU,WI,AGL,CE,Federal Contract Tower,0,1,10,0,11,0,8,26,9,43,0,9,36,9,54,46,0,46,100
02/21/2016,EAU,WI,AGL,CE,Federal Contract Tower,0,3,10,0,13,0,3,16,0,19,0,6,26,0,32,6,0,6,38
02/22/2016,EAU,WI,AGL,CE,Federal Contract Tower,0,3,22,0,25,0,0,10,2,12,0,3,32,2,37,18,0,18,55
02/23/2016,EAU,WI,AGL,CE,Federal Contract Tower,0,3,17,0,20,0,2,3,0,5,0,5,20,0,25,22,0,22,47
02/24/2016,EAU,WI,AGL,CE,Federal Contract Tower,0,1,14,0,15,0,3,8,0,11,0,4,22,0,26,32,0,32,58
02/25/2016,EAU,WI,AGL,CE,Federal Contract Tower,0,2,21,0,23,0,2,12,0,14,0,4,33,0,37,6,0,6,43
02/26/2016,EAU,WI,AGL,CE,Federal Contract Tower,0,3,11,0,14,0,1,22,2,25,0,4,33,2,39,6,0,6,45
02/27/2016,EAU,WI,AGL,CE,Federal Contract Tower,0,1,10,0,11,0,5,52,0,57,0,6,62,0,68,62,0,62,130
02/28/2016,EAU,WI,AGL,CE,Federal Contract Tower,0,4,8,0,12,0,4,3,0,7,0,8,11,0,19,0,0,0,19
02/29/2016,EAU,WI,AGL,CE,Federal Contract Tower,0,3,18,0,21,0,0,12,0,12,0,3,30,0,33,0,0,0,33
03/01/2016,EAU,WI,AGL,CE,Federal Contract Tower,0,1,24,0,25,0,0,11,0,11,0,1,35,0,36,16,0,16,52
03/02/2016,EAU,WI,AGL,CE,Federal Contract Tower,0,3,19,0,22,0,0,34,0,34,0,3,53,0,56,6,0,6,62
03/03/2016,EAU,WI,AGL,CE,Federal Contract Tower,0,3,23,0,26,0,11,33,0,44,0,14,56,0,70,42,0,42,112
03/04/2016,EAU,WI,AGL,CE,Federal Contract Tower,0,13,13,4,30,0,7,15,0,22,0,20,28,4,52,40,0,40,92
03/05/2016,EAU,WI,AGL,CE,Federal Contract Tower,0,3,8,0,11,0,5,4,0,9,0,8,12,0,20,4,0,4,24
03/06/2016,EAU,WI,AGL,CE,Federal Contract Tower,0,4,7,0,11,0,8,16,0,24,0,12,23,0,35,10,0,10,45
03/07/2016,EAU,WI,AGL,CE,Federal Contract Tower,0,4,24,0,28,0,1,20,0,21,0,5,44,0,49,30,0,30,79
03/08/2016,EAU,WI,AGL,CE,Federal Contract Tower,0,4,20,0,24,0,8,23,0,31,0,12,43,0,55,12,0,12,67
03/09/2016,EAU,WI,AGL,CE,Federal Contract Tower,0,3,24,1,28,0,8,0,0,8,0,11,24,1,36,0,0,0,36
03/10/2016,EAU,WI,AGL,CE,Federal Contract Tower,0,4,25,2,31,0,11,24,0,35,0,15,49,2,66,14,0,14,80
03/11/2016,EAU,WI,AGL,CE,Federal Contract Tower,0,3,28,0,31,0,8,32,0,40,0,11,60,0,71,20,0,20,91
03/12/2016,EAU,WI,AGL,CE,Federal Contract Tower,0,2,9,0,11,0,0,58,0,58,0,2,67,0,69,16,0,16,85
03/13/2016,EAU,WI,AGL,CE,Federal Contract Tower,0,3,10,0,13,0,5,13,0,18,0,8,23,0,31,14,0,14,45
03/14/2016,EAU,WI,AGL,CE,Federal Contract Tower,0,6,16,0,22,0,0,1,0,1,0,6,17,0,23,0,0,0,23
03/15/2016,EAU,WI,AGL,CE,Federal Contract Tower,0,4,26,0,30,0,0,0,0,0,0,4,26,0,30,0,0,0,30
03/16/2016,EAU,WI,AGL,CE,Federal Contract Tower,0,4,19,0,23,0,1,3,0,4,0,5,22,0,27,0,0,0,27
03/17/2016,EAU,WI,AGL,CE,Federal Contract Tower,0,3,20,0,23,0,1,8,0,9,0,4,28,0,32,22,0,22,54
03/18/2016,EAU,WI,AGL,CE,Federal Contract Tower,4,12,2,0,18,0,0,8,0,8,4,12,10,0,26,26,0,26,52
03/19/2016,EAU,WI,AGL,CE,Federal Contract Tower,0,1,11,0,12,0,0,36,0,36,0,1,47,0,48,44,0,44,92
03/20/2016,EAU,WI,AGL,CE,Federal Contract Tower,0,4,12,0,16,0,3,19,0,22,0,7,31,0,38,2,0,2,40
03/21/2016,EAU,WI,AGL,CE,Federal Contract Tower,0,4,17,0,21,0,6,25,0,31,0,10,42,0,52,32,0,32,84
03/22/2016,EAU,WI,AGL,CE,Federal Contract Tower,0,8,28,0,36,0,2,24,0,26,0,10,52,0,62,32,0,32,94
03/23/2016,EAU,WI,AGL,CE,Federal Contract Tower,2,3,12,0,17,0,0,1,0,1,2,3,13,0,18,0,0,0,18
03/24/2016,EAU,WI,AGL,CE,Federal Contract Tower,0,2,10,0,12,0,7,4,0,11,0,9,14,0,23,2,0,2,25
03/25/2016,EAU,WI,AGL,CE,Federal Contract Tower,0,4,10,3,17,0,4,42,1,47,0,8,52,4,64,50,0,50,114
03/26/2016,EAU,WI,AGL,CE,Federal Contract Tower,0,2,8,0,10,0,0,4,0,4,0,2,12,0,14,0,0,0,14
03/27/2016,EAU,WI,AGL,CE,Federal Contract Tower,0,3,6,0,9,0,2,1,0,3,0,5,7,0,12,8,0,8,20
03/28/2016,EAU,WI,AGL,CE,Federal Contract Tower,0,5,29,2,36,0,5,46,0,51,0,10,75,2,87,34,0,34,121
03/29/2016,EAU,WI,AGL,CE,Federal Contract Tower,0,4,34,0,38,0,4,39,0,43,0,8,73,0,81,24,0,24,105
03/30/2016,EAU,WI,AGL,CE,Federal Contract Tower,0,3,16,0,19,0,0,0,0,0,0,3,16,0,19,0,0,0,19
03/31/2016,EAU,WI,AGL,CE,Federal Contract Tower,0,3,25,0,28,0,3,7,0,10,0,6,32,0,38,0,0,0,38
04/01/2016,EAU,WI,AGL,CE,Federal Contract Tower,0,4,14,0,18,0,4,9,0,13,0,8,23,0,31,34,0,34,65
04/02/2016,EAU,WI,AGL,CE,Federal Contract Tower,3,7,11,0,21,0,3,3,0,6,3,10,14,0,27,0,0,0,27
04/03/2016,EAU,WI,AGL,CE,Federal Contract Tower,0,5,12,3,20,0,5,14,0,19,0,10,26,3,39,10,0,10,49
04/04/2016,EAU,WI,AGL,CE,Federal Contract Tower,0,4,18,0,22,0,7,26,0,33,0,11,44,0,55,36,0,36,91
04/05/2016,EAU,WI,AGL,CE,Federal Contract Tower,0,4,21,0,25,0,1,9,0,10,0,5,30,0,35,20,0,20,55
04/06/2016,EAU,WI,AGL,CE,Federal Contract Tower,0,3,28,0,31,0,2,6,0,8,0,5,34,0,39,18,0,18,57
04/07/2016,EAU,WI,AGL,CE,Federal Contract Tower,0,2,27,0,29,0,2,28,0,30,0,4,55,0,59,16,0,16,75
04/08/2016,EAU,WI,AGL,CE,Federal Contract Tower,0,3,11,0,14,0,4,8,0,12,0,7,19,0,26,16,0,16,42
04/09/2016,EAU,WI,AGL,CE,Federal Contract Tower,0,1,11,0,12,0,0,41,0,41,0,1,52,0,53,10,0,10,63
04/10/2016,EAU,WI,AGL,CE,Federal Contract Tower,0,3,9,0,12,0,2,9,0,11,0,5,18,0,23,4,0,4,27
04/11/2016,EAU,WI,AGL,CE,Federal Contract Tower,2,4,18,0,24,0,4,12,0,16,2,8,30,0,40,4,0,4,44
04/12/2016,EAU,WI,AGL,CE,Federal Contract Tower,0,6,25,0,31,0,11,21,0,32,0,17,46,0,63,24,0,24,87
04/13/2016,EAU,WI,AGL,CE,Federal Contract Tower,0,3,19,0,22,0,2,39,0,41,0,5,58,0,63,32,0,32,95
04/14/2016,EAU,WI,AGL,CE,Federal Contract Tower,0,7,26,0,33,0,2,32,0,34,0,9,58,0,67,8,0,8,75
04/15/2016,EAU,WI,AGL,CE,Federal Contract Tower,0,3,18,2,23,0,2,32,0,34,0,5,50,2,57,16,0,16,73
04/16/2016,EAU,WI,AGL,CE,Federal Contract Tower,0,2,8,0,10,0,2,47,0,49,0,4,55,0,59,22,0,22,81
04/17/2016,EAU,WI,AGL,CE,Federal Contract Tower,0,4,10,0,14,0,4,35,0,39,0,8,45,0,53,24,0,24,77
04/18/2016,EAU,WI,AGL,CE,Federal Contract Tower,0,4,22,0,26,0,0,29,0,29,0,4,51,0,55,36,0,36,91
04/19/2016,EAU,WI,AGL,CE,Federal Contract Tower,0,5,33,0,38,0,2,15,0,17,0,7,48,0,55,8,0,8,63
04/20/2016,EAU,WI,AGL,CE,Federal Contract Tower,2,3,22,0,27,0,3,13,0,16,2,6,35,0,43,4,0,4,47
04/21/2016,EAU,WI,AGL,CE,Federal Contract Tower,0,3,32,0,35,0,0,7,0,7,0,3,39,0,42,0,0,0,42
04/22/2016,EAU,WI,AGL,CE,Federal Contract Tower,0,3,16,0,19,0,2,33,0,35,0,5,49,0,54,60,0,60,114
04/23/2016,EAU,WI,AGL,CE,Federal Contract Tower,0,2,15,0,17,0,4,42,0,46,0,6,57,0,63,14,0,14,77
04/24/2016,EAU,WI,AGL,CE,Federal Contract Tower,0,3,14,0,17,0,0,0,0,0,0,3,14,0,17,0,0,0,17
04/25/2016,EAU,WI,AGL,CE,Federal Contract Tower,0,3,19,0,22,0,2,0,0,2,0,5,19,0,24,0,0,0,24
04/26/2016,EAU,WI,AGL,CE,Federal Contract Tower,0,3,20,0,23,0,0,9,0,9,0,3,29,0,32,26,0,26,58
04/27/2016,EAU,WI,AGL,CE,Federal Contract Tower,0,5,26,1,32,0,0,28,4,32,0,5,54,5,64,16,0,16,80
04/28/2016,EAU,WI,AGL,CE,Federal Contract Tower,0,3,23,0,26,0,8,4,0,12,0,11,27,0,38,4,0,4,42
04/29/2016,EAU,WI,AGL,CE,Federal Contract Tower,0,4,13,0,17,0,4,27,0,31,0,8,40,0,48,60,0,60,108
04/30/2016,EAU,WI,AGL,CE,Federal Contract Tower,0,2,14,0,16,0,4,12,0,16,0,6,26,0,32,12,0,12,44
05/01/2016,EAU,WI,AGL,CE,Federal Contract Tower,0,3,15,0,18,0,5,19,0,24,0,8,34,0,42,0,0,0,42
05/02/2016,EAU,WI,AGL,CE,Federal Contract Tower,0,3,11,0,14,0,2,21,3,26,0,5,32,3,40,0,0,0,40
05/03/2016,EAU,WI,AGL,CE,Federal Contract Tower,0,3,17,0,20,0,3,27,0,30,0,6,44,0,50,22,0,22,72
05/04/2016,EAU,WI,AGL,CE,Federal Contract Tower,0,4,31,0,35,0,14,32,0,46,0,18,63,0,81,14,0,14,95
05/05/2016,EAU,WI,AGL,CE,Federal Contract Tower,0,3,27,0,30,0,7,48,0,55,0,10,75,0,85,36,0,36,121
05/06/2016,EAU,WI,AGL,CE,Federal Contract Tower,0,4,16,0,20,0,2,46,2,50,0,6,62,2,70,40,4,44,114
05/07/2016,EAU,WI,AGL,CE,Federal Contract Tower,0,1,13,0,14,0,6,34,2,42,0,7,47,2,56,14,4,18,74
05/08/2016,EAU,WI,AGL,CE,Federal Contract Tower,0,3,9,0,12,0,1,25,0,26,0,4,34,0,38,0,0,0,38
05/09/2016,EAU,WI,AGL,CE,Federal Contract Tower,0,3,15,0,18,0,0,15,0,15,0,3,30,0,33,0,0,0,33
05/10/2016,EAU,WI,AGL,CE,Federal Contract Tower,0,7,26,0,33,0,2,2,0,4,0,9,28,0,37,0,0,0,37
05/11/2016,EAU,WI,AGL,CE,Federal Contract Tower,0,3,17,0,20,0,1,0,0,1,0,4,17,0,21,0,0,0,21
05/12/2016,EAU,WI,AGL,CE,Federal Contract Tower,0,3,31,0,34,0,5,28,1,34,0,8,59,1,68,44,0,44,112
05/13/2016,EAU,WI,AGL,CE,Federal Contract Tower,0,3,16,0,19,0,2,14,2,18,0,5,30,2,37,16,0,16,53
05/14/2016,EAU,WI,AGL,CE,Federal Contract Tower,0,1,11,0,12,0,0,13,6,19,0,1,24,6,31,12,0,12,43
05/15/2016,EAU,WI,AGL,CE,Federal Contract Tower,0,3,8,0,11,0,1,39,15,55,0,4,47,15,66,0,2,2,68
05/16/2016,EAU,WI,AGL,CE,Federal Contract Tower,0,4,20,0,24,0,1,25,0,26,0,5,45,0,50,34,0,34,84
05/17/2016,EAU,WI,AGL,CE,Federal Contract Tower,0,3,31,0,34,0,3,24,0,27,0,6,55,0,61,16,0,16,77
05/18/2016,EAU,WI,AGL,CE,Federal Contract Tower,0,6,24,0,30,0,0,39,2,41,0,6,63,2,71,38,0,38,109
05/19/2016,EAU,WI,AGL,CE,Federal Contract Tower,0,3,18,0,21,0,4,34,3,41,0,7,52,3,62,36,0,36,98
05/20/2016,EAU,WI,AGL,CE,Federal Contract Tower,0,4,19,0,23,0,3,45,2,50,0,7,64,2,73,68,0,68,141
05/21/2016,EAU,WI,AGL,CE,Federal Contract Tower,0,1,14,0,15,0,2,46,0,48,0,3,60,0,63,18,0,18,81
05/22/2016,EAU,WI,AGL,CE,Federal Contract Tower,0,6,11,0,17,0,9,30,0,39,0,15,41,0,56,4,0,4,60
05/24/2016,EAU,WI,AGL,CE,Federal Contract Tower,0,3,30,0,33,0,4,18,4,26,0,7,48,4,59,56,0,56,115
05/25/2016,EAU,WI,AGL,CE,Federal Contract Tower,0,3,25,0,28,0,2,8,0,10,0,5,33,0,38,20,0,20,58
05/26/2016,EAU,WI,AGL,CE,Federal Contract Tower,0,2,25,0,27,0,0,19,0,19,0,2,44,0,46,24,0,24,70
05/27/2016,EAU,WI,AGL,CE,Federal Contract Tower,0,3,20,0,23,0,5,3,2,10,0,8,23,2,33,20,0,20,53
05/28/2016,EAU,WI,AGL,CE,Federal Contract Tower,0,1,10,0,11,0,0,1,0,1,0,1,11,0,12,0,0,0,12
05/29/2016,EAU,WI,AGL,CE,Federal Contract Tower,0,4,13,0,17,0,3,10,0,13,0,7,23,0,30,2,0,2,32
05/30/2016,EAU,WI,AGL,CE,Federal Contract Tower,0,3,18,0,21,0,3,39,2,44,0,6,57,2,65,38,0,38,103
05/31/2016,EAU,WI,AGL,CE,Federal Contract Tower,0,3,17,0,20,0,0,9,0,9,0,3,26,0,29,32,0,32,61
06/01/2016,EAU,WI,AGL,CE,Federal Contract Tower,0,4,25,0,29,0,0,23,0,23,0,4,48,0,52,8,0,8,60
06/02/2016,EAU,WI,AGL,CE,Federal Contract Tower,0,4,30,1,35,0,10,71,0,81,0,14,101,1,116,22,0,22,138
06/03/2016,EAU,WI,AGL,CE,Federal Contract Tower,0,3,19,0,22,0,9,19,0,28,0,12,38,0,50,50,0,50,100
06/04/2016,EAU,WI,AGL,CE,Federal Contract Tower,0,3,5,0,8,0,8,61,1,70,0,11,66,1,78,6,0,6,84
06/05/2016,EAU,WI,AGL,CE,Federal Contract Tower,0,3,12,0,15,0,6,24,3,33,0,9,36,3,48,0,0,0,48
06/06/2016,EAU,WI,AGL,CE,Federal Contract Tower,2,7,23,0,32,0,5,13,5,23,2,12,36,5,55,50,0,50,105
06/07/2016,EAU,WI,AGL,CE,Federal Contract Tower,0,3,31,4,38,0,0,42,2,44,0,3,73,6,82,32,0,32,114
06/08/2016,EAU,WI,AGL,CE,Federal Contract Tower,0,8,27,2,37,0,8,55,1,64,0,16,82,3,101,58,0,58,159
06/09/2016,EAU,WI,AGL,CE,Federal Contract Tower,0,4,16,0,20,0,4,19,2,25,0,8,35,2,45,32,0,32,77
06/10/2016,EAU,WI,AGL,CE,Federal Contract Tower,0,3,21,0,24,0,7,23,0,30,0,10,44,0,54,18,0,18,72
06/11/2016,EAU,WI,AGL,CE,Federal Contract Tower,2,3,15,0,20,0,2,33,0,35,2,5,48,0,55,4,0,4,59
06/12/2016,EAU,WI,AGL,CE,Federal Contract Tower,0,7,7,0,14,0,2,14,0,16,0,9,21,0,30,6,0,6,36
06/13/2016,EAU,WI,AGL,CE,Federal Contract Tower,0,4,15,0,19,0,2,8,0,10,0,6,23,0,29,6,0,6,35
06/14/2016,EAU,WI,AGL,CE,Federal Contract Tower,0,10,23,0,33,0,1,13,6,20,0,11,36,6,53,42,0,42,95
06/15/2016,EAU,WI,AGL,CE,Federal Contract Tower,0,4,28,0,32,0,4,17,1,22,0,8,45,1,54,0,0,0,54
06/16/2016,EAU,WI,AGL,CE,Federal Contract Tower,0,4,32,0,36,0,0,54,2,56,0,4,86,2,92,48,2,50,142
06/17/2016,EAU,WI,AGL,CE,Federal Contract Tower,0,4,22,0,26,0,7,51,0,58,0,11,73,0,84,22,0,22,106
06/18/2016,EAU,WI,AGL,CE,Federal Contract Tower,0,3,11,0,14,0,9,35,6,50,0,12,46,6,64,14,6,20,84
06/19/2016,EAU,WI,AGL,CE,Federal Contract Tower,0,3,11,0,14,0,6,29,0,35,0,9,40,0,49,6,0,6,55
06/20/2016,EAU,WI,AGL,CE,Federal Contract Tower,0,3,13,0,16,0,4,14,0,18,0,7,27,0,34,10,0,10,44
06/21/2016,EAU,WI,AGL,CE,Federal Contract Tower,0,4,27,0,31,0,5,22,0,27,0,9,49,0,58,20,0,20,78
06/22/2016,EAU,WI,AGL,CE,Federal Contract Tower,0,3,21,0,24,0,6,19,0,25,0,9,40,0,49,11,0,11,60
06/23/2016,EAU,WI,AGL,CE,Federal Contract Tower,0,6,23,0,29,0,6,42,0,48,0,12,65,0,77,18,0,18,95
06/24/2016,EAU,WI,AGL,CE,Federal Contract Tower,0,3,11,0,14,0,5,44,1,50,0,8,55,1,64,32,0,32,96
06/25/2016,EAU,WI,AGL,CE,Federal Contract Tower,0,2,7,0,9,0,0,13,0,13,0,2,20,0,22,0,0,0,22
06/27/2016,EAU,WI,AGL,CE,Federal Contract Tower,0,5,18,0,23,0,8,17,0,25,0,13,35,0,48,0,0,0,48
06/28/2016,EAU,WI,AGL,CE,Federal Contract Tower,0,4,27,2,33,0,2,27,0,29,0,6,54,2,62,42,0,42,104
06/29/2016,EAU,WI,AGL,CE,Federal Contract Tower,0,4,26,4,34,0,2,44,4,50,0,6,70,8,84,14,0,14,98
06/30/2016,EAU,WI,AGL,CE,Federal Contract Tower,0,3,17,2,22,0,0,18,1,19,0,3,35,3,41,14,0,14,55
07/01/2016,EAU,WI,AGL,CE,Federal Contract Tower,0,4,15,0,19,0,5,43,2,50,0,9,58,2,69,36,0,36,105
07/02/2016,EAU,WI,AGL,CE,Federal Contract Tower,0,2,12,1,15,0,5,40,2,47,0,7,52,3,62,2,0,2,64
07/03/2016,EAU,WI,AGL,CE,Federal Contract Tower,0,4,7,0,11,0,2,36,0,38,0,6,43,0,49,0,0,0,49
07/04/2016,EAU,WI,AGL,CE,Federal Contract Tower,0,6,4,0,10,0,4,16,0,20,0,10,20,0,30,6,0,6,36
07/05/2016,EAU,WI,AGL,CE,Federal Contract Tower,0,8,16,1,25,0,2,16,1,19,0,10,32,2,44,8,0,8,52
07/06/2016,EAU,WI,AGL,CE,Federal Contract Tower,0,3,23,3,29,0,12,35,0,47,0,15,58,3,76,38,0,38,114
07/07/2016,EAU,WI,AGL,CE,Federal Contract Tower,0,3,22,0,25,0,0,28,0,28,0,3,50,0,53,24,0,24,77
07/08/2016,EAU,WI,AGL,CE,Federal Contract Tower,0,4,10,2,16,0,4,51,7,62,0,8,61,9,78,50,0,50,128
07/09/2016,EAU,WI,AGL,CE,Federal Contract Tower,0,2,12,0,14,0,2,57,1,60,0,4,69,1,74,2,0,2,76
07/10/2016,EAU,WI,AGL,CE,Federal Contract Tower,0,6,13,0,19,0,2,9,0,11,0,8,22,0,30,0,0,0,30
07/11/2016,EAU,WI,AGL,CE,Federal Contract Tower,0,5,24,0,29,0,4,43,0,47,0,9,67,0,76,2,0,2,78
07/12/2016,EAU,WI,AGL,CE,Federal Contract Tower,0,4,25,0,29,0,2,56,3,61,0,6,81,3,90,18,0,18,108
07/13/2016,EAU,WI,AGL,CE,Federal Contract Tower,0,5,25,0,30,0,1,33,0,34,0,6,58,0,64,12,0,12,76
07/14/2016,EAU,WI,AGL,CE,Federal Contract Tower,0,4,24,0,28,0,4,15,0,19,0,8,39,0,47,0,0,0,47
07/15/2016,EAU,WI,AGL,CE,Federal Contract Tower,0,5,18,1,24,0,3,32,3,38,0,8,50,4,62,54,0,54,116
07/16/2016,EAU,WI,AGL,CE,Federal Contract Tower,0,2,12,0,14,0,4,44,0,48,0,6,56,0,62,38,0,38,100
07/17/2016,EAU,WI,AGL,CE,Federal Contract Tower,0,4,13,1,18,0,3,12,0,15,0,7,25,1,33,0,0,0,33
07/18/2016,EAU,WI,AGL,CE,Federal Contract Tower,0,7,18,0,25,0,4,39,0,43,0,11,57,0,68,32,0,32,100
07/19/2016,EAU,WI,AGL,CE,Federal Contract Tower,0,7,29,0,36,0,5,35,0,40,0,12,64,0,76,48,0,48,124
07/20/2016,EAU,WI,AGL,CE,Federal Contract Tower,0,4,27,0,31,0,5,26,2,33,0,9,53,2,64,2,0,2,66
07/21/2016,EAU,WI,AGL,CE,Federal Contract Tower,0,5,29,0,34,0,2,23,0,25,0,7,52,0,59,26,0,26,85
07/22/2016,EAU,WI,AGL,CE,Federal Contract Tower,0,4,25,0,29,0,7,24,3,34,0,11,49,3,63,36,0,36,99
07/23/2016,EAU,WI,AGL,CE,Federal Contract Tower,0,2,12,0,14,0,1,17,0,18,0,3,29,0,32,6,0,6,38
07/24/2016,EAU,WI,AGL,CE,Federal Contract Tower,0,4,14,0,18,0,0,18,0,18,0,4,32,0,36,0,0,0,36
07/25/2016,EAU,WI,AGL,CE,Federal Contract Tower,0,6,20,0,26,0,5,32,2,39,0,11,52,2,65,28,0,28,93
07/26/2016,EAU,WI,AGL,CE,Federal Contract Tower,0,7,28,1,36,0,10,29,2,41,0,17,57,3,77,30,0,30,107
07/27/2016,EAU,WI,AGL,CE,Federal Contract Tower,0,3,28,2,33,0,0,17,0,17,0,3,45,2,50,2,0,2,52
07/28/2016,EAU,WI,AGL,CE,Federal Contract Tower,2,1,20,0,23,0,1,6,0,7,2,2,26,0,30,0,0,0,30
07/29/2016,EAU,WI,AGL,CE,Federal Contract Tower,0,0,15,0,15,0,2,40,0,42,0,2,55,0,57,34,0,34,91
07/30/2016,EAU,WI,AGL,CE,Federal Contract Tower,0,2,10,0,12,0,9,62,0,71,0,11,72,0,83,36,0,36,119
07/31/2016,EAU,WI,AGL,CE,Federal Contract Tower,0,5,10,0,15,0,4,54,0,58,0,9,64,0,73,4,0,4,77
08/01/2016,EAU,WI,AGL,CE,Federal Contract Tower,0,6,22,0,28,0,6,24,0,30,0,12,46,0,58,2,0,2,60
08/02/2016,EAU,WI,AGL,CE,Federal Contract Tower,0,3,29,0,32,0,5,32,0,37,0,8,61,0,69,34,0,34,103
08/03/2016,EAU,WI,AGL,CE,Federal Contract Tower,0,5,21,0,26,0,9,37,0,46,0,14,58,0,72,46,0,46,118
08/04/2016,EAU,WI,AGL,CE,Federal Contract Tower,0,3,27,0,30,0,0,17,0,17,0,3,44,0,47,4,0,4,51
08/05/2016,EAU,WI,AGL,CE,Federal Contract Tower,0,5,25,0,30,0,9,41,0,50,0,14,66,0,80,16,0,16,96
08/06/2016,EAU,WI,AGL,CE,Federal Contract Tower,0,3,8,0,11,0,2,44,3,49,0,5,52,3,60,14,0,14,74
08/07/2016,EAU,WI,AGL,CE,Federal Contract Tower,0,4,14,0,18,0,4,34,0,38,0,8,48,0,56,6,0,6,62
08/08/2016,EAU,WI,AGL,CE,Federal Contract Tower,0,4,20,0,24,0,0,34,0,34,0,4,54,0,58,0,0,0,58
08/09/2016,EAU,WI,AGL,CE,Federal Contract Tower,0,4,25,0,29,0,2,32,2,36,0,6,57,2,65,16,0,16,81
08/10/2016,EAU,WI,AGL,CE,Federal Contract Tower,0,4,24,0,28,0,2,29,0,31,0,6,53,0,59,6,0,6,65
08/11/2016,EAU,WI,AGL,CE,Federal Contract Tower,0,3,29,0,32,0,5,17,0,22,0,8,46,0,54,0,0,0,54
08/12/2016,EAU,WI,AGL,CE,Federal Contract Tower,0,6,16,0,22,0,3,12,0,15,0,9,28,0,37,2,0,2,39
08/13/2016,EAU,WI,AGL,CE,Federal Contract Tower,0,3,12,2,17,0,9,18,1,28,0,12,30,3,45,2,0,2,47
08/14/2016,EAU,WI,AGL,CE,Federal Contract Tower,0,4,12,0,16,0,3,43,0,46,0,7,55,0,62,46,0,46,108
08/15/2016,EAU,WI,AGL,CE,Federal Contract Tower,0,5,18,0,23,0,3,24,0,27,0,8,42,0,50,4,0,4,54
08/16/2016,EAU,WI,AGL,CE,Federal Contract Tower,0,3,24,0,27,0,0,23,0,23,0,3,47,0,50,24,0,24,74
08/17/2016,EAU,WI,AGL,CE,Federal Contract Tower,0,6,24,0,30,0,0,28,0,28,0,6,52,0,58,34,0,34,92
08/18/2016,EAU,WI,AGL,CE,Federal Contract Tower,0,4,28,3,35,0,1,31,0,32,0,5,59,3,67,14,0,14,81
08/19/2016,EAU,WI,AGL,CE,Federal Contract Tower,0,5,16,0,21,0,5,18,0,23,0,10,34,0,44,24,0,24,68
08/20/2016,EAU,WI,AGL,CE,Federal Contract Tower,0,7,10,0,17,0,3,5,0,8,0,10,15,0,25,0,0,0,25
08/21/2016,EAU,WI,AGL,CE,Federal Contract Tower,0,5,10,0,15,0,9,48,0,57,0,14,58,0,72,8,0,8,80
08/22/2016,EAU,WI,AGL,CE,Federal Contract Tower,0,4,27,1,32,0,4,20,1,25,0,8,47,2,57,26,2,28,85
08/23/2016,EAU,WI,AGL,CE,Federal Contract Tower,0,4,26,3,33,0,1,21,0,22,0,5,47,3,55,4,0,4,59
08/24/2016,EAU,WI,AGL,CE,Federal Contract Tower,0,5,28,0,33,0,0,21,0,21,0,5,49,0,54,16,0,16,70
08/25/2016,EAU,WI,AGL,CE,Federal Contract Tower,0,3,26,0,29,0,4,50,0,54,0,7,76,0,83,38,0,38,121
08/26/2016,EAU,WI,AGL,CE,Federal Contract Tower,0,4,25,0,29,0,0,55,0,55,0,4,80,0,84,24,0,24,108
08/27/2016,EAU,WI,AGL,CE,Federal Contract Tower,0,4,8,0,12,0,2,23,0,25,0,6,31,0,37,0,0,0,37
08/28/2016,EAU,WI,AGL,CE,Federal Contract Tower,0,3,18,0,21,0,0,19,0,19,0,3,37,0,40,6,0,6,46
08/29/2016,EAU,WI,AGL,CE,Federal Contract Tower,0,5,26,0,31,0,3,6,2,11,0,8,32,2,42,6,2,8,50
08/30/2016,EAU,WI,AGL,CE,Federal Contract Tower,0,4,23,0,27,0,2,28,0,30,0,6,51,0,57,16,0,16,73
08/31/2016,EAU,WI,AGL,CE,Federal Contract Tower,0,6,27,0,33,0,9,45,3,57,0,15,72,3,90,0,0,0,90
09/01/2016,EAU,WI,AGL,CE,Federal Contract Tower,0,5,29,2,36,0,3,40,0,43,0,8,69,2,79,48,0,48,127
09/02/2016,EAU,WI,AGL,CE,Federal Contract Tower,0,4,26,0,30,0,0,36,0,36,0,4,62,0,66,0,0,0,66
09/03/2016,EAU,WI,AGL,CE,Federal Contract Tower,0,4,10,3,17,0,0,0,0,0,0,4,10,3,17,6,0,6,23
09/04/2016,EAU,WI,AGL,CE,Federal Contract Tower,0,4,12,0,16,0,2,28,0,30,0,6,40,0,46,2,0,2,48
09/05/2016,EAU,WI,AGL,CE,Federal Contract Tower,2,7,12,0,21,0,2,16,0,18,2,9,28,0,39,0,0,0,39
09/06/2016,EAU,WI,AGL,CE,Federal Contract Tower,0,3,15,0,18,0,2,0,0,2,0,5,15,0,20,0,0,0,20
09/07/2016,EAU,WI,AGL,CE,Federal Contract Tower,0,8,22,0,30,0,1,4,0,5,0,9,26,0,35,0,0,0,35
09/08/2016,EAU,WI,AGL,CE,Federal Contract Tower,0,4,32,0,36,0,3,43,0,46,0,7,75,0,82,6,0,6,88
09/09/2016,EAU,WI,AGL,CE,Federal Contract Tower,0,6,26,0,32,0,4,26,0,30,0,10,52,0,62,58,0,58,120
09/10/2016,EAU,WI,AGL,CE,Federal Contract Tower,0,2,13,0,15,0,6,28,0,34,0,8,41,0,49,0,0,0,49
09/11/2016,EAU,WI,AGL,CE,Federal Contract Tower,0,3,15,0,18,0,0,29,0,29,0,3,44,0,47,26,0,26,73
09/12/2016,EAU,WI,AGL,CE,Federal Contract Tower,0,4,20,0,24,0,2,24,0,26,0,6,44,0,50,0,0,0,50
09/13/2016,EAU,WI,AGL,CE,Federal Contract Tower,0,7,36,2,45,0,2,13,2,17,0,9,49,4,62,0,0,0,62
09/14/2016,EAU,WI,AGL,CE,Federal Contract Tower,0,3,22,0,25,0,0,55,2,57,0,3,77,2,82,12,0,12,94
09/15/2016,EAU,WI,AGL,CE,Federal Contract Tower,0,4,46,0,50,0,6,44,0,50,0,10,90,0,100,6,0,6,106
09/16/2016,EAU,WI,AGL,CE,Federal Contract Tower,0,4,32,0,36,0,0,19,1,20,0,4,51,1,56,0,0,0,56
09/17/2016,EAU,WI,AGL,CE,Federal Contract Tower,0,3,15,0,18,0,1,13,0,14,0,4,28,0,32,10,0,10,42
09/18/2016,EAU,WI,AGL,CE,Federal Contract Tower,0,3,19,0,22,0,5,38,0,43,0,8,57,0,65,2,0,2,67
09/19/2016,EAU,WI,AGL,CE,Federal Contract Tower,0,4,26,0,30,0,21,0,0,21,0,25,26,0,51,14,0,14,65
09/20/2016,EAU,WI,AGL,CE,Federal Contract Tower,0,4,26,0,30,0,2,27,0,29,0,6,53,0,59,0,0,0,59
09/21/2016,EAU,WI,AGL,CE,Federal Contract Tower,0,1,24,0,25,0,1,9,0,10,0,2,33,0,35,0,0,0,35
09/22/2016,EAU,WI,AGL,CE,Federal Contract Tower,0,4,25,0,29,0,6,24,0,30,0,10,49,0,59,0,0,0,59
09/23/2016,EAU,WI,AGL,CE,Federal Contract Tower,0,6,21,0,27,0,7,27,0,34,0,13,48,0,61,68,0,68,129
09/24/2016,EAU,WI,AGL,CE,Federal Contract Tower,2,2,17,2,23,0,2,1,0,3,2,4,18,2,26,0,0,0,26
09/25/2016,EAU,WI,AGL,CE,Federal Contract Tower,0,3,11,0,14,0,0,3,0,3,0,3,14,0,17,0,0,0,17
09/26/2016,EAU,WI,AGL,CE,Federal Contract Tower,0,3,19,0,22,0,0,16,0,16,0,3,35,0,38,12,0,12,50
09/27/2016,EAU,WI,AGL,CE,Federal Contract Tower,0,4,30,0,34,0,2,10,0,12,0,6,40,0,46,28,0,28,74
09/28/2016,EAU,WI,AGL,CE,Federal Contract Tower,0,5,46,0,51,0,8,6,0,14,0,13,52,0,65,16,0,16,81
09/29/2016,EAU,WI,AGL,CE,Federal Contract Tower,0,3,29,0,32,0,2,48,0,50,0,5,77,0,82,20,0,20,102
09/30/2016,EAU,WI,AGL,CE,Federal Contract Tower,0,5,27,0,32,0,5,37,0,42,0,10,64,0,74,8,0,8,82
10/01/2016,EAU,WI,AGL,CE,Federal Contract Tower,0,3,16,0,19,0,3,102,0,105,0,6,118,0,124,0,0,0,124
10/02/2016,EAU,WI,AGL,CE,Federal Contract Tower,0,4,13,0,17,0,3,52,0,55,0,7,65,0,72,6,0,6,78
10/03/2016,EAU,WI,AGL,CE,Federal Contract Tower,0,5,23,0,28,0,2,24,0,26,0,7,47,0,54,10,0,10,64
10/04/2016,EAU,WI,AGL,CE,Federal Contract Tower,0,6,24,0,30,0,8,15,2,25,0,14,39,2,55,2,8,10,65
10/05/2016,EAU,WI,AGL,CE,Federal Contract Tower,0,4,29,0,33,0,8,17,2,27,0,12,46,2,60,6,0,6,66
10/06/2016,EAU,WI,AGL,CE,Federal Contract Tower,0,7,24,0,31,0,2,31,0,33,0,9,55,0,64,18,0,18,82
10/07/2016,EAU,WI,AGL,CE,Federal Contract Tower,0,4,20,0,24,0,0,7,0,7,0,4,27,0,31,2,0,2,33
10/08/2016,EAU,WI,AGL,CE,Federal Contract Tower,1,12,0,0,13,0,3,42,3,48,1,15,42,3,61,2,0,2,63
10/09/2016,EAU,WI,AGL,CE,Federal Contract Tower,0,4,18,0,22,0,3,56,0,59,0,7,74,0,81,18,0,18,99
10/10/2016,EAU,WI,AGL,CE,Federal Contract Tower,0,7,20,0,27,0,0,17,0,17,0,7,37,0,44,34,0,34,78
10/11/2016,EAU,WI,AGL,CE,Federal Contract Tower,0,6,29,0,35,0,0,15,0,15,0,6,44,0,50,20,0,20,70
10/12/2016,EAU,WI,AGL,CE,Federal Contract Tower,0,3,25,0,28,0,0,13,0,13,0,3,38,0,41,0,0,0,41
10/13/2016,EAU,WI,AGL,CE,Federal Contract Tower,0,7,28,0,35,0,1,75,0,76,0,8,103,0,111,16,0,16,127
10/14/2016,EAU,WI,AGL,CE,Federal Contract Tower,0,4,22,0,26,0,0,19,0,19,0,4,41,0,45,18,0,18,63
10/15/2016,EAU,WI,AGL,CE,Federal Contract Tower,0,4,7,0,11,0,11,2,0,13,0,15,9,0,24,6,0,6,30
10/16/2016,EAU,WI,AGL,CE,Federal Contract Tower,0,4,13,0,17,0,7,46,0,53,0,11,59,0,70,14,0,14,84
10/17/2016,EAU,WI,AGL,CE,Federal Contract Tower,0,3,18,4,25,0,1,12,14,27,0,4,30,18,52,16,0,16,68
10/18/2016,EAU,WI,AGL,CE,Federal Contract Tower,0,6,19,0,25,0,0,35,0,35,0,6,54,0,60,10,0,10,70
10/19/2016,EAU,WI,AGL,CE,Federal Contract Tower,0,4,18,0,22,0,2,39,0,41,0,6,57,0,63,0,0,0,63
10/20/2016,EAU,WI,AGL,CE,Federal Contract Tower,0,6,40,0,46,0,1,34,0,35,0,7,74,0,81,6,0,6,87
10/21/2016,EAU,WI,AGL,CE,Federal Contract Tower,0,4,27,0,31,0,2,41,0,43,0,6,68,0,74,20,0,20,94
10/22/2016,EAU,WI,AGL,CE,Federal Contract Tower,0,4,12,1,17,0,4,24,0,28,0,8,36,1,45,8,0,8,53
10/23/2016,EAU,WI,AGL,CE,Federal Contract Tower,2,4,15,0,21,0,6,33,0,39,2,10,48,0,60,12,0,12,72
10/24/2016,EAU,WI,AGL,CE,Federal Contract Tower,0,3,25,0,28,0,6,19,2,27,0,9,44,2,55,24,0,24,79
10/25/2016,EAU,WI,AGL,CE,Federal Contract Tower,0,6,28,0,34,0,2,8,0,10,0,8,36,0,44,0,0,0,44
10/27/2016,EAU,WI,AGL,CE,Federal Contract Tower,0,4,32,2,38,0,2,22,4,28,0,6,54,6,66,6,0,6,72
10/28/2016,EAU,WI,AGL,CE,Federal Contract Tower,0,5,19,0,24,0,2,9,0,11,0,7,28,0,35,0,0,0,35
10/29/2016,EAU,WI,AGL,CE,Federal Contract Tower,0,2,8,0,10,0,2,8,0,10,0,4,16,0,20,0,0,0,20
10/30/2016,EAU,WI,AGL,CE,Federal Contract Tower,0,3,25,0,28,0,2,27,0,29,0,5,52,0,57,6,0,6,63
10/31/2016,EAU,WI,AGL,CE,Federal Contract Tower,0,4,20,1,25,0,2,2,0,4,0,6,22,1,29,0,0,0,29
11/01/2016,EAU,WI,AGL,CE,Federal Contract Tower,0,8,19,0,27,0,6,33,2,41,0,14,52,2,68,56,0,56,124
11/02/2016,EAU,WI,AGL,CE,Federal Contract Tower,0,2,29,0,31,0,1,23,1,25,0,3,52,1,56,16,0,16,72
11/03/2016,EAU,WI,AGL,CE,Federal Contract Tower,0,5,20,0,25,0,2,48,0,50,0,7,68,0,75,26,0,26,101
11/04/2016,EAU,WI,AGL,CE,Federal Contract Tower,0,3,13,0,16,0,2,20,0,22,0,5,33,0,38,18,0,18,56
11/05/2016,EAU,WI,AGL,CE,Federal Contract Tower,0,2,12,0,14,0,6,65,14,85,0,8,77,14,99,2,0,2,101
11/06/2016,EAU,WI,AGL,CE,Federal Contract Tower,0,4,14,0,18,0,0,45,10,55,0,4,59,10,73,38,0,38,111
11/07/2016,EAU,WI,AGL,CE,Federal Contract Tower,0,4,16,0,20,0,5,14,3,22,0,9,30,3,42,18,0,18,60
11/08/2016,EAU,WI,AGL,CE,Federal Contract Tower,0,4,23,1,28,0,6,19,1,26,0,10,42,2,54,0,8,8,62
11/09/2016,EAU,WI,AGL,CE,Federal Contract Tower,0,5,23,1,29,0,8,27,0,35,0,13,50,1,64,18,0,18,82
11/10/2016,EAU,WI,AGL,CE,Federal Contract Tower,0,3,22,0,25,0,6,40,0,46,0,9,62,0,71,8,0,8,79
11/11/2016,EAU,WI,AGL,CE,Federal Contract Tower,0,4,19,0,23,0,2,19,0,21,0,6,38,0,44,0,0,0,44
11/12/2016,EAU,WI,AGL,CE,Federal Contract Tower,0,2,9,0,11,0,0,42,2,44,0,2,51,2,55,6,0,6,61
11/13/2016,EAU,WI,AGL,CE,Federal Contract Tower,0,3,9,0,12,0,0,20,0,20,0,3,29,0,32,5,0,5,37
11/14/2016,EAU,WI,AGL,CE,Federal Contract Tower,0,3,24,2,29,0,5,7,1,13,0,8,31,3,42,0,0,0,42
11/15/2016,EAU,WI,AGL,CE,Federal Contract Tower,0,6,28,0,34,0,8,21,4,33,0,14,49,4,67,0,0,0,67
11/16/2016,EAU,WI,AGL,CE,Federal Contract Tower,0,3,26,0,29,0,2,44,2,48,0,5,70,2,77,16,0,16,93
11/17/2016,EAU,WI,AGL,CE,Federal Contract Tower,0,6,25,0,31,0,7,27,0,34,0,13,52,0,65,0,0,0,65
11/18/2016,EAU,WI,AGL,CE,Federal Contract Tower,2,3,13,0,18,0,2,2,0,4,2,5,15,0,22,0,0,0,22
11/19/2016,EAU,WI,AGL,CE,Federal Contract Tower,0,2,6,0,8,0,5,6,0,11,0,7,12,0,19,2,0,2,21
11/20/2016,EAU,WI,AGL,CE,Federal Contract Tower,0,3,14,0,17,0,3,25,4,32,0,6,39,4,49,0,0,0,49
11/21/2016,EAU,WI,AGL,CE,Federal Contract Tower,0,4,13,0,17,0,4,24,0,28,0,8,37,0,45,22,0,22,67
11/22/2016,EAU,WI,AGL,CE,Federal Contract Tower,0,5,14,0,19,0,0,4,0,4,0,5,18,0,23,0,0,0,23
11/23/2016,EAU,WI,AGL,CE,Federal Contract Tower,0,3,18,0,21,0,0,0,0,0,0,3,18,0,21,0,0,0,21
11/24/2016,EAU,WI,AGL,CE,Federal Contract Tower,0,2,2,0,4,0,3,2,0,5,0,5,4,0,9,0,0,0,9
11/25/2016,EAU,WI,AGL,CE,Federal Contract Tower,0,4,4,0,8,0,2,2,0,4,0,6,6,0,12,0,0,0,12
11/26/2016,EAU,WI,AGL,CE,Federal Contract Tower,0,2,8,0,10,0,0,27,0,27,0,2,35,0,37,6,0,6,43
11/27/2016,EAU,WI,AGL,CE,Federal Contract Tower,0,4,11,0,15,0,1,2,0,3,0,5,13,0,18,0,0,0,18
11/28/2016,EAU,WI,AGL,CE,Federal Contract Tower,0,3,14,0,17,0,0,0,0,0,0,3,14,0,17,0,0,0,17
11/29/2016,EAU,WI,AGL,CE,Federal Contract Tower,0,4,19,0,23,0,4,6,0,10,0,8,25,0,33,0,0,0,33
11/30/2016,EAU,WI,AGL,CE,Federal Contract Tower,0,6,27,0,33,0,0,1,0,1,0,6,28,0,34,0,0,0,34
12/01/2016,EAU,WI,AGL,CE,Federal Contract Tower,2,2,37,0,41,0,2,10,0,12,2,4,47,0,53,8,0,8,61
12/02/2016,EAU,WI,AGL,CE,Federal Contract Tower,0,4,26,0,30,0,7,12,6,25,0,11,38,6,55,0,0,0,55
12/03/2016,EAU,WI,AGL,CE,Federal Contract Tower,0,2,6,0,8,0,2,8,0,10,0,4,14,0,18,2,0,2,20
12/04/2016,EAU,WI,AGL,CE,Federal Contract Tower,2,4,7,0,13,0,0,0,0,0,2,4,7,0,13,0,0,0,13
12/05/2016,EAU,WI,AGL,CE,Federal Contract Tower,0,3,36,0,39,0,0,6,0,6,0,3,42,0,45,0,0,0,45
12/06/2016,EAU,WI,AGL,CE,Federal Contract Tower,0,3,39,0,42,0,0,4,0,4,0,3,43,0,46,0,0,0,46
12/07/2016,EAU,WI,AGL,CE,Federal Contract Tower,0,7,35,0,42,0,3,11,0,14,0,10,46,0,56,0,0,0,56
12/08/2016,EAU,WI,AGL,CE,Federal Contract Tower,0,4,23,0,27,0,1,6,0,7,0,5,29,0,34,6,0,6,40
12/09/2016,EAU,WI,AGL,CE,Federal Contract Tower,0,3,25,0,28,0,2,6,0,8,0,5,31,0,36,0,2,2,38
12/10/2016,EAU,WI,AGL,CE,Federal Contract Tower,0,1,7,0,8,0,6,4,3,13,0,7,11,3,21,4,0,4,25
12/11/2016,EAU,WI,AGL,CE,Federal Contract Tower,0,0,6,0,6,0,0,0,0,0,0,0,6,0,6,0,0,0,6
12/12/2016,EAU,WI,AGL,CE,Federal Contract Tower,0,2,31,0,33,0,2,4,0,6,0,4,35,0,39,0,0,0,39
12/13/2016,EAU,WI,AGL,CE,Federal Contract Tower,0,5,33,0,38,0,0,18,0,18,0,5,51,0,56,0,0,0,56
12/14/2016,EAU,WI,AGL,CE,Federal Contract Tower,0,3,27,0,30,0,2,19,2,23,0,5,46,2,53,0,2,2,55
12/15/2016,EAU,WI,AGL,CE,Federal Contract Tower,0,4,18,0,22,0,3,12,0,15,0,7,30,0,37,4,2,6,43
12/16/2016,EAU,WI,AGL,CE,Federal Contract Tower,0,1,12,0,13,0,0,0,0,0,0,1,12,0,13,0,0,0,13
12/17/2016,EAU,WI,AGL,CE,Federal Contract Tower,0,0,0,0,0,0,2,2,0,4,0,2,2,0,4,6,0,6,10
12/18/2016,EAU,WI,AGL,CE,Federal Contract Tower,0,2,5,0,7,0,0,2,0,2,0,2,7,0,9,0,0,0,9
12/19/2016,EAU,WI,AGL,CE,Federal Contract Tower,0,3,16,1,20,0,2,12,2,16,0,5,28,3,36,20,0,20,56
12/20/2016,EAU,WI,AGL,CE,Federal Contract Tower,0,3,27,0,30,0,0,15,0,15,0,3,42,0,45,0,0,0,45
12/21/2016,EAU,WI,AGL,CE,Federal Contract Tower,0,3,34,0,37,0,0,20,4,24,0,3,54,4,61,10,0,10,71
12/22/2016,EAU,WI,AGL,CE,Federal Contract Tower,0,3,18,0,21,0,2,36,4,42,0,5,54,4,63,14,0,14,77
12/23/2016,EAU,WI,AGL,CE,Federal Contract Tower,0,3,10,0,13,0,1,1,0,2,0,4,11,0,15,0,0,0,15
12/24/2016,EAU,WI,AGL,CE,Federal Contract Tower,0,3,2,0,5,0,0,0,0,0,0,3,2,0,5,0,0,0,5
12/25/2016,EAU,WI,AGL,CE,Federal Contract Tower,0,2,0,0,2,0,0,0,0,0,0,2,0,0,2,0,0,0,2
12/26/2016,EAU,WI,AGL,CE,Federal Contract Tower,0,6,11,0,17,0,0,0,0,0,0,6,11,0,17,0,0,0,17
12/27/2016,EAU,WI,AGL,CE,Federal Contract Tower,0,3,19,0,22,0,4,6,0,10,0,7,25,0,32,0,0,0,32
12/28/2016,EAU,WI,AGL,CE,Federal Contract Tower,0,3,23,0,26,0,4,31,0,35,0,7,54,0,61,4,0,4,65
12/29/2016,EAU,WI,AGL,CE,Federal Contract Tower,0,5,19,0,24,0,0,11,0,11,0,5,30,0,35,0,0,0,35
12/30/2016,EAU,WI,AGL,CE,Federal Contract Tower,0,3,14,0,17,0,0,11,0,11,0,3,25,0,28,6,0,6,34
12/31/2016,EAU,WI,AGL,CE,Federal Contract Tower,0,2,5,0,7,0,0,26,0,26,0,2,31,0,33,0,0,0,33
01/01/2017,EAU,WI,AGL,CE,Federal Contract Tower,0,5,0,0,5,0,9,18,0,27,0,14,18,0,32,14,0,14,46
01/02/2017,EAU,WI,AGL,CE,Federal Contract Tower,0,3,19,0,22,0,2,0,0,2,0,5,19,0,24,0,0,0,24
01/03/2017,EAU,WI,AGL,CE,Federal Contract Tower,0,4,13,0,17,0,2,1,0,3,0,6,14,0,20,0,0,0,20
01/04/2017,EAU,WI,AGL,CE,Federal Contract Tower,2,2,17,0,21,0,3,2,0,5,2,5,19,0,26,0,0,0,26
01/05/2017,EAU,WI,AGL,CE,Federal Contract Tower,0,6,26,0,32,0,0,8,0,8,0,6,34,0,40,0,0,0,40
01/06/2017,EAU,WI,AGL,CE,Federal Contract Tower,0,2,15,0,17,0,3,6,0,9,0,5,21,0,26,0,0,0,26
01/07/2017,EAU,WI,AGL,CE,Federal Contract Tower,2,3,17,0,22,0,6,17,5,28,2,9,34,5,50,8,0,8,58
01/08/2017,EAU,WI,AGL,CE,Federal Contract Tower,0,4,20,0,24,0,2,12,0,14,0,6,32,0,38,4,0,4,42
01/09/2017,EAU,WI,AGL,CE,Federal Contract Tower,0,4,18,0,22,0,2,3,0,5,0,6,21,0,27,0,0,0,27
01/10/2017,EAU,WI,AGL,CE,Federal Contract Tower,0,2,13,0,15,0,0,3,0,3,0,2,16,0,18,0,0,0,18
01/11/2017,EAU,WI,AGL,CE,Federal Contract Tower,0,3,22,0,25,0,0,8,0,8,0,3,30,0,33,26,0,26,59
01/12/2017,EAU,WI,AGL,CE,Federal Contract Tower,0,4,15,0,19,0,2,10,2,14,0,6,25,2,33,0,0,0,33
01/13/2017,EAU,WI,AGL,CE,Federal Contract Tower,2,5,13,0,20,0,3,7,0,10,2,8,20,0,30,4,0,4,34
01/14/2017,EAU,WI,AGL,CE,Federal Contract Tower,0,2,12,0,14,0,0,41,1,42,0,2,53,1,56,0,0,0,56
01/15/2017,EAU,WI,AGL,CE,Federal Contract Tower,2,0,5,0,7,0,2,38,0,40,2,2,43,0,47,22,0,22,69
01/16/2017,EAU,WI,AGL,CE,Federal Contract Tower,0,3,13,0,16,0,3,2,0,5,0,6,15,0,21,10,0,10,31
01/17/2017,EAU,WI,AGL,CE,Federal Contract Tower,0,0,6,0,6,0,0,0,0,0,0,0,6,0,6,0,0,0,6
01/18/2017,EAU,WI,AGL,CE,Federal Contract Tower,0,4,21,0,25,0,11,22,6,39,0,15,43,6,64,6,0,6,70
01/19/2017,EAU,WI,AGL,CE,Federal Contract Tower,0,11,23,0,34,0,2,15,0,17,0,13,38,0,51,12,0,12,63
01/20/2017,EAU,WI,AGL,CE,Federal Contract Tower,0,3,14,0,17,0,0,0,1,1,0,3,14,1,18,0,0,0,18
01/21/2017,EAU,WI,AGL,CE,Federal Contract Tower,0,1,5,0,6,0,0,0,0,0,0,1,5,0,6,0,0,0,6
01/22/2017,EAU,WI,AGL,CE,Federal Contract Tower,0,2,24,0,26,0,0,0,0,0,0,2,24,0,26,0,0,0,26
01/23/2017,EAU,WI,AGL,CE,Federal Contract Tower,0,4,22,0,26,0,0,1,0,1,0,4,23,0,27,0,0,0,27
01/24/2017,EAU,WI,AGL,CE,Federal Contract Tower,0,6,21,0,27,0,0,2,0,2,0,6,23,0,29,4,0,4,33
01/25/2017,EAU,WI,AGL,CE,Federal Contract Tower,0,4,20,0,24,0,0,0,0,0,0,4,20,0,24,0,0,0,24
01/26/2017,EAU,WI,AGL,CE,Federal Contract Tower,0,3,21,0,24,0,2,7,0,9,0,5,28,0,33,6,0,6,39
01/27/2017,EAU,WI,AGL,CE,Federal Contract Tower,0,3,21,0,24,0,2,21,0,23,0,5,42,0,47,30,0,30,77
01/28/2017,EAU,WI,AGL,CE,Federal Contract Tower,0,2,9,0,11,0,0,9,0,9,0,2,18,0,20,0,0,0,20
01/29/2017,EAU,WI,AGL,CE,Federal Contract Tower,0,3,9,0,12,0,0,10,3,13,0,3,19,3,25,22,0,22,47
01/30/2017,EAU,WI,AGL,CE,Federal Contract Tower,0,3,16,0,19,0,0,0,0,0,0,3,16,0,19,0,0,0,19
01/31/2017,EAU,WI,AGL,CE,Federal Contract Tower,0,3,18,0,21,0,0,0,0,0,0,3,18,0,21,0,0,0,21
02/01/2017,EAU,WI,AGL,CE,Federal Contract Tower,0,2,20,0,22,0,2,11,0,13,0,4,31,0,35,2,0,2,37
02/02/2017,EAU,WI,AGL,CE,Federal Contract Tower,0,4,39,0,43,0,0,14,0,14,0,4,53,0,57,4,0,4,61
02/03/2017,EAU,WI,AGL,CE,Federal Contract Tower,0,4,20,0,24,0,6,18,0,24,0,10,38,0,48,2,0,2,50
02/04/2017,EAU,WI,AGL,CE,Federal Contract Tower,0,2,12,0,14,0,3,10,0,13,0,5,22,0,27,2,0,2,29
02/05/2017,EAU,WI,AGL,CE,Federal Contract Tower,0,4,12,0,16,0,0,14,0,14,0,4,26,0,30,0,0,0,30
02/06/2017,EAU,WI,AGL,CE,Federal Contract Tower,0,3,24,0,27,0,8,19,0,27,0,11,43,0,54,6,0,6,60
02/07/2017,EAU,WI,AGL,CE,Federal Contract Tower,0,3,16,0,19,0,0,3,0,3,0,3,19,0,22,0,0,0,22
02/08/2017,EAU,WI,AGL,CE,Federal Contract Tower,0,10,20,0,30,0,6,24,0,30,0,16,44,0,60,8,0,8,68
02/09/2017,EAU,WI,AGL,CE,Federal Contract Tower,0,5,16,0,21,0,1,18,2,21,0,6,34,2,42,20,0,20,62
02/10/2017,EAU,WI,AGL,CE,Federal Contract Tower,0,4,20,0,24,0,10,19,0,29,0,14,39,0,53,10,0,10,63
02/11/2017,EAU,WI,AGL,CE,Federal Contract Tower,0,2,16,0,18,0,5,27,0,32,0,7,43,0,50,10,0,10,60
02/12/2017,EAU,WI,AGL,CE,Federal Contract Tower,0,4,10,0,14,0,0,0,0,0,0,4,10,0,14,10,0,10,24
02/13/2017,EAU,WI,AGL,CE,Federal Contract Tower,0,4,16,0,20,0,6,30,0,36,0,10,46,0,56,14,0,14,70
02/14/2017,EAU,WI,AGL,CE,Federal Contract Tower,0,4,23,0,27,0,2,4,0,6,0,6,27,0,33,4,0,4,37
02/15/2017,EAU,WI,AGL,CE,Federal Contract Tower,0,4,23,1,28,0,3,40,1,44,0,7,63,2,72,12,0,12,84
02/16/2017,EAU,WI,AGL,CE,Federal Contract Tower,0,4,26,0,30,0,6,34,0,40,0,10,60,0,70,48,0,48,118
02/17/2017,EAU,WI,AGL,CE,Federal Contract Tower,0,3,12,0,15,0,15,44,2,61,0,18,56,2,76,16,0,16,92
02/18/2017,EAU,WI,AGL,CE,Federal Contract Tower,0,4,12,0,16,0,7,68,2,77,0,11,80,2,93,26,0,26,119
02/19/2017,EAU,WI,AGL,CE,Federal Contract Tower,0,6,12,0,18,0,3,55,0,58,0,9,67,0,76,22,0,22,98
02/20/2017,EAU,WI,AGL,CE,Federal Contract Tower,0,4,22,0,26,0,0,2,0,2,0,4,24,0,28,0,0,0,28
02/21/2017,EAU,WI,AGL,CE,Federal Contract Tower,6,8,19,0,33,0,0,16,0,16,6,8,35,0,49,30,0,30,79
02/22/2017,EAU,WI,AGL,CE,Federal Contract Tower,0,5,29,0,34,0,5,34,0,39,0,10,63,0,73,30,0,30,103
02/23/2017,EAU,WI,AGL,CE,Federal Contract Tower,0,5,29,0,34,0,3,5,0,8,0,8,34,0,42,0,0,0,42
02/24/2017,EAU,WI,AGL,CE,Federal Contract Tower,0,3,2,0,5,0,0,0,0,0,0,3,2,0,5,0,0,0,5
02/25/2017,EAU,WI,AGL,CE,Federal Contract Tower,0,2,6,0,8,0,8,7,2,17,0,10,13,2,25,0,0,0,25
02/26/2017,EAU,WI,AGL,CE,Federal Contract Tower,0,3,11,0,14,0,2,13,0,15,0,5,24,0,29,0,0,0,29
02/27/2017,EAU,WI,AGL,CE,Federal Contract Tower,0,4,25,0,29,0,2,15,3,20,0,6,40,3,49,8,0,8,57
02/28/2017,EAU,WI,AGL,CE,Federal Contract Tower,0,4,24,0,28,0,0,0,0,0,0,4,24,0,28,0,0,0,28
03/01/2017,EAU,WI,AGL,CE,Federal Contract Tower,0,5,17,0,22,0,2,2,0,4,0,7,19,0,26,0,0,0,26
03/02/2017,EAU,WI,AGL,CE,Federal Contract Tower,0,3,26,0,29,0,0,21,0,21,0,3,47,0,50,30,0,30,80
03/03/2017,EAU,WI,AGL,CE,Federal Contract Tower,0,2,22,0,24,0,0,11,1,12,0,2,33,1,36,8,0,8,44
03/04/2017,EAU,WI,AGL,CE,Federal Contract Tower,0,5,13,0,18,0,8,23,0,31,0,13,36,0,49,10,2,12,61
03/05/2017,EAU,WI,AGL,CE,Federal Contract Tower,0,3,12,0,15,0,1,10,2,13,0,4,22,2,28,0,0,0,28
03/06/2017,EAU,WI,AGL,CE,Federal Contract Tower,0,4,15,0,19,0,1,0,0,1,0,5,15,0,20,0,0,0,20
03/07/2017,EAU,WI,AGL,CE,Federal Contract Tower,0,6,9,0,15,0,10,0,0,10,0,16,9,0,25,0,0,0,25
03/08/2017,EAU,WI,AGL,CE,Federal Contract Tower,0,2,15,0,17,0,6,4,0,10,0,8,19,0,27,0,0,0,27
03/09/2017,EAU,WI,AGL,CE,Federal Contract Tower,0,3,21,0,24,0,7,10,0,17,0,10,31,0,41,0,0,0,41
03/10/2017,EAU,WI,AGL,CE,Federal Contract Tower,0,4,14,0,18,0,5,13,2,20,0,9,27,2,38,2,4,6,44
03/11/2017,EAU,WI,AGL,CE,Federal Contract Tower,0,1,12,0,13,0,0,29,0,29,0,1,41,0,42,10,0,10,52
03/12/2017,EAU,WI,AGL,CE,Federal Contract Tower,0,4,11,0,15,0,4,13,4,21,0,8,24,4,36,0,0,0,36
03/13/2017,EAU,WI,AGL,CE,Federal Contract Tower,0,4,16,0,20,0,5,8,0,13,0,9,24,0,33,6,0,6,39
03/14/2017,EAU,WI,AGL,CE,Federal Contract Tower,0,1,21,0,22,0,6,12,0,18,0,7,33,0,40,20,0,20,60
03/15/2017,EAU,WI,AGL,CE,Federal Contract Tower,0,4,15,0,19,0,2,41,4,47,0,6,56,4,66,16,0,16,82
03/16/2017,EAU,WI,AGL,CE,Federal Contract Tower,0,3,24,0,27,0,3,12,0,15,0,6,36,0,42,30,0,30,72
03/17/2017,EAU,WI,AGL,CE,Federal Contract Tower,0,3,19,0,22,0,0,5,0,5,0,3,24,0,27,16,0,16,43
03/18/2017,EAU,WI,AGL,CE,Federal Contract Tower,0,1,13,0,14,0,0,20,0,20,0,1,33,0,34,12,0,12,46
03/19/2017,EAU,WI,AGL,CE,Federal Contract Tower,0,3,11,0,14,0,0,8,0,8,0,3,19,0,22,8,0,8,30
03/20/2017,EAU,WI,AGL,CE,Federal Contract Tower,0,4,27,0,31,0,2,23,0,25,0,6,50,0,56,4,0,4,60
03/21/2017,EAU,WI,AGL,CE,Federal Contract Tower,0,5,20,0,25,0,2,10,3,15,0,7,30,3,40,2,0,2,42
03/22/2017,EAU,WI,AGL,CE,Federal Contract Tower,0,4,24,0,28,0,4,21,3,28,0,8,45,3,56,22,0,22,78
03/23/2017,EAU,WI,AGL,CE,Federal Contract Tower,0,3,12,0,15,0,4,4,0,8,0,7,16,0,23,0,0,0,23
03/24/2017,EAU,WI,AGL,CE,Federal Contract Tower,0,3,15,0,18,0,0,1,0,1,0,3,16,0,19,0,0,0,19
03/25/2017,EAU,WI,AGL,CE,Federal Contract Tower,0,2,6,0,8,0,6,4,0,10,0,8,10,0,18,0,0,0,18
03/26/2017,EAU,WI,AGL,CE,Federal Contract Tower,0,3,12,0,15,0,0,0,0,0,0,3,12,0,15,0,0,0,15
03/27/2017,EAU,WI,AGL,CE,Federal Contract Tower,0,2,26,1,29,0,0,13,0,13,0,2,39,1,42,2,0,2,44
03/28/2017,EAU,WI,AGL,CE,Federal Contract Tower,0,4,24,0,28,0,5,29,2,36,0,9,53,2,64,26,2,28,92
03/29/2017,EAU,WI,AGL,CE,Federal Contract Tower,0,6,22,0,28,0,0,14,0,14,0,6,36,0,42,0,0,0,42
03/30/2017,EAU,WI,AGL,CE,Federal Contract Tower,0,3,14,0,17,0,2,5,0,7,0,5,19,0,24,0,0,0,24
03/31/2017,EAU,WI,AGL,CE,Federal Contract Tower,0,4,18,0,22,0,0,11,0,11,0,4,29,0,33,14,0,14,47
04/01/2017,EAU,WI,AGL,CE,Federal Contract Tower,0,2,8,0,10,0,0,52,6,58,0,2,60,6,68,12,0,12,80
04/02/2017,EAU,WI,AGL,CE,Federal Contract Tower,0,3,9,0,12,0,2,16,0,18,0,5,25,0,30,0,0,0,30
04/03/2017,EAU,WI,AGL,CE,Federal Contract Tower,0,3,25,0,28,0,0,5,0,5,0,3,30,0,33,0,0,0,33
04/04/2017,EAU,WI,AGL,CE,Federal Contract Tower,0,3,15,0,18,0,1,6,2,9,0,4,21,2,27,2,0,2,29
04/05/2017,EAU,WI,AGL,CE,Federal Contract Tower,2,3,26,0,31,0,5,39,2,46,2,8,65,2,77,18,0,18,95
04/06/2017,EAU,WI,AGL,CE,Federal Contract Tower,0,2,18,0,20,0,7,27,0,34,0,9,45,0,54,2,8,10,64
04/07/2017,EAU,WI,AGL,CE,Federal Contract Tower,0,1,18,0,19,0,4,44,2,50,0,5,62,2,69,8,0,8,77
04/08/2017,EAU,WI,AGL,CE,Federal Contract Tower,2,1,12,0,15,0,6,34,0,40,2,7,46,0,55,18,0,18,73
04/09/2017,EAU,WI,AGL,CE,Federal Contract Tower,0,3,14,0,17,0,3,16,0,19,0,6,30,0,36,0,0,0,36
04/10/2017,EAU,WI,AGL,CE,Federal Contract Tower,0,5,22,0,27,0,2,0,0,2,0,7,22,0,29,0,0,0,29
04/11/2017,EAU,WI,AGL,CE,Federal Contract Tower,0,3,14,0,17,0,2,15,0,17,0,5,29,0,34,26,0,26,60
04/12/2017,EAU,WI,AGL,CE,Federal Contract Tower,0,3,22,1,26,0,0,30,0,30,0,3,52,1,56,16,0,16,72
04/13/2017,EAU,WI,AGL,CE,Federal Contract Tower,0,9,20,0,29,0,2,2,0,4,0,11,22,0,33,0,0,0,33
04/14/2017,EAU,WI,AGL,CE,Federal Contract Tower,0,3,13,2,18,0,0,13,0,13,0,3,26,2,31,4,0,4,35
04/15/2017,EAU,WI,AGL,CE,Federal Contract Tower,0,2,6,0,8,0,2,1,0,3,0,4,7,0,11,0,0,0,11
04/16/2017,EAU,WI,AGL,CE,Federal Contract Tower,0,3,3,0,6,0,0,0,0,0,0,3,3,0,6,0,0,0,6
04/17/2017,EAU,WI,AGL,CE,Federal Contract Tower,0,3,20,0,23,0,5,45,0,50,0,8,65,0,73,26,4,30,103
04/18/2017,EAU,WI,AGL,CE,Federal Contract Tower,0,5,22,0,27,0,0,4,0,4,0,5,26,0,31,0,0,0,31
04/19/2017,EAU,WI,AGL,CE,Federal Contract Tower,0,3,28,0,31,0,2,3,0,5,0,5,31,0,36,0,0,0,36
04/20/2017,EAU,WI,AGL,CE,Federal Contract Tower,0,3,20,0,23,0,2,4,0,6,0,5,24,0,29,0,0,0,29
04/21/2017,EAU,WI,AGL,CE,Federal Contract Tower,0,3,28,1,32,0,2,31,2,35,0,5,59,3,67,10,0,10,77
04/22/2017,EAU,WI,AGL,CE,Federal Contract Tower,0,2,15,0,17,0,5,43,2,50,0,7,58,2,67,0,0,0,67
04/23/2017,EAU,WI,AGL,CE,Federal Contract Tower,0,3,16,1,20,0,0,43,2,45,0,3,59,3,65,8,0,8,73
04/24/2017,EAU,WI,AGL,CE,Federal Contract Tower,2,3,19,0,24,0,5,26,2,33,2,8,45,2,57,4,0,4,61
04/25/2017,EAU,WI,AGL,CE,Federal Contract Tower,0,5,33,0,38,0,4,20,0,24,0,9,53,0,62,0,0,0,62
04/26/2017,EAU,WI,AGL,CE,Federal Contract Tower,0,6,26,0,32,0,0,1,0,1,0,6,27,0,33,0,0,0,33
04/27/2017,EAU,WI,AGL,CE,Federal Contract Tower,0,5,12,0,17,0,5,2,0,7,0,10,14,0,24,0,0,0,24
04/28/2017,EAU,WI,AGL,CE,Federal Contract Tower,0,3,17,0,20,0,9,26,0,35,0,12,43,0,55,14,0,14,69
04/29/2017,EAU,WI,AGL,CE,Federal Contract Tower,0,1,12,2,15,0,4,42,1,47,0,5,54,3,62,18,0,18,80
04/30/2017,EAU,WI,AGL,CE,Federal Contract Tower,0,3,13,0,16,0,4,5,0,9,0,7,18,0,25,0,0,0,25
05/01/2017,EAU,WI,AGL,CE,Federal Contract Tower,0,5,14,0,19,0,0,1,0,1,0,5,15,0,20,0,0,0,20
05/02/2017,EAU,WI,AGL,CE,Federal Contract Tower,0,3,22,0,25,0,0,11,0,11,0,3,33,0,36,10,2,12,48
05/03/2017,EAU,WI,AGL,CE,Federal Contract Tower,0,4,26,0,30,0,0,28,0,28,0,4,54,0,58,40,0,40,98
05/04/2017,EAU,WI,AGL,CE,Federal Contract Tower,0,2,17,1,20,0,3,55,0,58,0,5,72,1,78,38,0,38,116
05/05/2017,EAU,WI,AGL,CE,Federal Contract Tower,0,3,21,2,26,0,1,21,1,23,0,4,42,3,49,0,10,10,59
05/06/2017,EAU,WI,AGL,CE,Federal Contract Tower,2,1,5,0,8,0,2,26,0,28,2,3,31,0,36,24,0,24,60
05/07/2017,EAU,WI,AGL,CE,Federal Contract Tower,0,4,11,0,15,0,3,17,0,20,0,7,28,0,35,32,0,32,67
05/08/2017,EAU,WI,AGL,CE,Federal Contract Tower,0,3,25,0,28,0,6,30,0,36,0,9,55,0,64,14,0,14,78
05/09/2017,EAU,WI,AGL,CE,Federal Contract Tower,0,6,22,0,28,0,5,10,0,15,0,11,32,0,43,0,0,0,43
05/10/2017,EAU,WI,AGL,CE,Federal Contract Tower,0,2,29,1,32,0,3,34,13,50,0,5,63,14,82,20,0,20,102
05/11/2017,EAU,WI,AGL,CE,Federal Contract Tower,0,4,30,0,34,0,0,48,0,48,0,4,78,0,82,26,0,26,108
05/12/2017,EAU,WI,AGL,CE,Federal Contract Tower,0,4,21,0,25,0,6,43,3,52,0,10,64,3,77,10,0,10,87
05/13/2017,EAU,WI,AGL,CE,Federal Contract Tower,0,2,13,0,15,0,11,41,1,53,0,13,54,1,68,4,0,4,72
05/14/2017,EAU,WI,AGL,CE,Federal Contract Tower,0,4,11,0,15,0,0,29,0,29,0,4,40,0,44,6,0,6,50
05/15/2017,EAU,WI,AGL,CE,Federal Contract Tower,0,5,21,0,26,0,2,19,0,21,0,7,40,0,47,0,0,0,47
05/16/2017,EAU,WI,AGL,CE,Federal Contract Tower,0,3,18,0,21,0,0,9,0,9,0,3,27,0,30,4,0,4,34
05/17/2017,EAU,WI,AGL,CE,Federal Contract Tower,0,3,28,0,31,0,3,10,0,13,0,6,38,0,44,0,0,0,44
05/18/2017,EAU,WI,AGL,CE,Federal Contract Tower,0,4,21,0,25,0,4,20,0,24,0,8,41,0,49,0,0,0,49
05/19/2017,EAU,WI,AGL,CE,Federal Contract Tower,0,5,23,0,28,0,2,42,0,44,0,7,65,0,72,0,0,0,72
05/20/2017,EAU,WI,AGL,CE,Federal Contract Tower,0,5,7,0,12,0,2,0,0,2,0,7,7,0,14,0,0,0,14
05/21/2017,EAU,WI,AGL,CE,Federal Contract Tower,0,3,21,0,24,0,2,4,0,6,0,5,25,0,30,0,0,0,30
05/22/2017,EAU,WI,AGL,CE,Federal Contract Tower,0,2,21,0,23,0,7,21,0,28,0,9,42,0,51,14,0,14,65
05/23/2017,EAU,WI,AGL,CE,Federal Contract Tower,0,3,22,0,25,0,1,9,0,10,0,4,31,0,35,18,0,18,53
05/24/2017,EAU,WI,AGL,CE,Federal Contract Tower,0,3,25,0,28,0,9,23,4,36,0,12,48,4,64,0,0,0,64
05/25/2017,EAU,WI,AGL,CE,Federal Contract Tower,0,4,20,3,27,0,7,69,0,76,0,11,89,3,103,26,0,26,129
05/26/2017,EAU,WI,AGL,CE,Federal Contract Tower,0,3,21,0,24,0,4,30,0,34,0,7,51,0,58,16,0,16,74
05/27/2017,EAU,WI,AGL,CE,Federal Contract Tower,0,1,3,0,4,0,4,18,0,22,0,5,21,0,26,2,0,2,28
05/28/2017,EAU,WI,AGL,CE,Federal Contract Tower,0,4,9,0,13,0,3,11,0,14,0,7,20,0,27,0,0,0,27
05/29/2017,EAU,WI,AGL,CE,Federal Contract Tower,0,3,15,0,18,0,2,12,0,14,0,5,27,0,32,0,0,0,32
05/30/2017,EAU,WI,AGL,CE,Federal Contract Tower,0,4,19,0,23,0,4,9,0,13,0,8,28,0,36,12,0,12,48
05/31/2017,EAU,WI,AGL,CE,Federal Contract Tower,0,3,24,0,27,0,4,13,3,20,0,7,37,3,47,0,0,0,47
06/01/2017,EAU,WI,AGL,CE,Federal Contract Tower,0,3,19,0,22,0,5,28,0,33,0,8,47,0,55,24,0,24,79
06/02/2017,EAU,WI,AGL,CE,Federal Contract Tower,0,3,16,3,22,0,10,32,0,42,0,13,48,3,64,0,0,0,64
06/03/2017,EAU,WI,AGL,CE,Federal Contract Tower,0,1,7,0,8,0,0,21,0,21,0,1,28,0,29,4,0,4,33
06/04/2017,EAU,WI,AGL,CE,Federal Contract Tower,0,3,12,0,15,0,4,25,1,30,0,7,37,1,45,0,0,0,45
06/05/2017,EAU,WI,AGL,CE,Federal Contract Tower,0,4,17,0,21,0,2,19,0,21,0,6,36,0,42,8,0,8,50
06/06/2017,EAU,WI,AGL,CE,Federal Contract Tower,0,4,31,0,35,0,13,72,0,85,0,17,103,0,120,38,0,38,158
06/07/2017,EAU,WI,AGL,CE,Federal Contract Tower,0,4,37,0,41,0,3,41,1,45,0,7,78,1,86,4,0,4,90
06/08/2017,EAU,WI,AGL,CE,Federal Contract Tower,0,4,17,2,23,0,4,26,2,32,0,8,43,4,55,38,0,38,93
06/09/2017,EAU,WI,AGL,CE,Federal Contract Tower,0,4,25,0,29,0,1,58,1,60,0,5,83,1,89,20,0,20,109
06/10/2017,EAU,WI,AGL,CE,Federal Contract Tower,0,1,4,0,5,0,8,11,0,19,0,9,15,0,24,0,0,0,24
06/11/2017,EAU,WI,AGL,CE,Federal Contract Tower,0,6,12,0,18,0,1,7,0,8,0,7,19,0,26,2,0,2,28
06/12/2017,EAU,WI,AGL,CE,Federal Contract Tower,0,4,17,0,21,0,5,14,0,19,0,9,31,0,40,14,0,14,54
06/13/2017,EAU,WI,AGL,CE,Federal Contract Tower,0,2,16,2,20,0,6,13,0,19,0,8,29,2,39,0,12,12,51
06/14/2017,EAU,WI,AGL,CE,Federal Contract Tower,0,4,22,0,26,0,4,23,0,27,0,8,45,0,53,22,0,22,75
06/15/2017,EAU,WI,AGL,CE,Federal Contract Tower,0,5,21,0,26,0,1,35,0,36,0,6,56,0,62,44,0,44,106
06/16/2017,EAU,WI,AGL,CE,Federal Contract Tower,0,3,18,0,21,0,2,37,0,39,0,5,55,0,60,46,0,46,106
06/17/2017,EAU,WI,AGL,CE,Federal Contract Tower,0,1,7,0,8,0,6,14,0,20,0,7,21,0,28,0,0,0,28
06/18/2017,EAU,WI,AGL,CE,Federal Contract Tower,4,5,12,0,21,0,5,10,0,15,4,10,22,0,36,0,0,0,36
06/19/2017,EAU,WI,AGL,CE,Federal Contract Tower,0,2,17,0,19,0,2,10,0,12,0,4,27,0,31,14,0,14,45
06/20/2017,EAU,WI,AGL,CE,Federal Contract Tower,0,4,21,0,25,0,6,25,0,31,0,10,46,0,56,22,0,22,78
06/21/2017,EAU,WI,AGL,CE,Federal Contract Tower,0,5,22,0,27,0,5,42,1,48,0,10,64,1,75,14,0,14,89
06/22/2017,EAU,WI,AGL,CE,Federal Contract Tower,0,5,15,0,20,0,1,12,0,13,0,6,27,0,33,0,0,0,33
06/23/2017,EAU,WI,AGL,CE,Federal Contract Tower,0,1,15,0,16,0,2,24,0,26,0,3,39,0,42,20,0,20,62
06/24/2017,EAU,WI,AGL,CE,Federal Contract Tower,0,3,10,0,13,0,0,20,1,21,0,3,30,1,34,8,0,8,42
06/25/2017,EAU,WI,AGL,CE,Federal Contract Tower,0,5,12,0,17,0,3,15,0,18,0,8,27,0,35,6,0,6,41
06/26/2017,EAU,WI,AGL,CE,Federal Contract Tower,0,5,28,0,33,0,1,22,0,23,0,6,50,0,56,2,0,2,58
06/27/2017,EAU,WI,AGL,CE,Federal Contract Tower,0,3,25,0,28,0,2,41,8,51,0,5,66,8,79,45,14,59,138
06/28/2017,EAU,WI,AGL,CE,Federal Contract Tower,0,4,22,0,26,0,0,2,0,2,0,4,24,0,28,0,0,0,28
06/29/2017,EAU,WI,AGL,CE,Federal Contract Tower,0,3,24,0,27,0,0,35,0,35,0,3,59,0,62,20,0,20,82
06/30/2017,EAU,WI,AGL,CE,Federal Contract Tower,0,2,18,0,20,0,2,20,0,22,0,4,38,0,42,0,0,0,42
07/01/2017,EAU,WI,AGL,CE,Federal Contract Tower,0,3,15,3,21,0,4,28,2,34,0,7,43,5,55,14,0,14,69
07/02/2017,EAU,WI,AGL,CE,Federal Contract Tower,0,3,3,0,6,0,2,27,0,29,0,5,30,0,35,0,0,0,35
07/03/2017,EAU,WI,AGL,CE,Federal Contract Tower,0,5,2,0,7,0,4,14,0,18,0,9,16,0,25,0,0,0,25
07/04/2017,EAU,WI,AGL,CE,Federal Contract Tower,0,5,3,0,8,0,1,21,0,22,0,6,24,0,30,4,0,4,34
07/05/2017,EAU,WI,AGL,CE,Federal Contract Tower,0,2,21,0,23,0,0,9,0,9,0,2,30,0,32,2,0,2,34
07/06/2017,EAU,WI,AGL,CE,Federal Contract Tower,0,3,16,0,19,0,0,0,0,0,0,3,16,0,19,0,0,0,19
07/07/2017,EAU,WI,AGL,CE,Federal Contract Tower,0,2,11,0,13,0,5,28,0,33,0,7,39,0,46,24,0,24,70
07/08/2017,EAU,WI,AGL,CE,Federal Contract Tower,0,2,10,2,14,0,1,53,0,54,0,3,63,2,68,20,0,20,88
07/09/2017,EAU,WI,AGL,CE,Federal Contract Tower,0,3,6,0,9,0,1,22,0,23,0,4,28,0,32,12,0,12,44
07/10/2017,EAU,WI,AGL,CE,Federal Contract Tower,0,1,21,1,23,0,5,58,1,64,0,6,79,2,87,6,0,6,93
07/11/2017,EAU,WI,AGL,CE,Federal Contract Tower,0,7,28,0,35,0,4,60,0,64,0,11,88,0,99,18,0,18,117
07/12/2017,EAU,WI,AGL,CE,Federal Contract Tower,0,2,19,0,21,0,3,49,2,54,0,5,68,2,75,0,0,0,75
07/13/2017,EAU,WI,AGL,CE,Federal Contract Tower,0,4,31,0,35,0,5,18,0,23,0,9,49,0,58,0,0,0,58
07/14/2017,EAU,WI,AGL,CE,Federal Contract Tower,0,5,15,0,20,0,6,51,0,57,0,11,66,0,77,0,0,0,77
07/15/2017,EAU,WI,AGL,CE,Federal Contract Tower,0,3,8,0,11,0,4,24,0,28,0,7,32,0,39,0,0,0,39
07/16/2017,EAU,WI,AGL,CE,Federal Contract Tower,0,5,16,1,22,0,9,37,0,46,0,14,53,1,68,16,0,16,84
07/17/2017,EAU,WI,AGL,CE,Federal Contract Tower,0,4,28,0,32,0,3,29,0,32,0,7,57,0,64,28,0,28,92
07/18/2017,EAU,WI,AGL,CE,Federal Contract Tower,0,6,14,0,20,0,3,17,0,20,0,9,31,0,40,16,0,16,56
07/19/2017,EAU,WI,AGL,CE,Federal Contract Tower,0,2,33,0,35,0,3,33,0,36,0,5,66,0,71,30,0,30,101
07/20/2017,EAU,WI,AGL,CE,Federal Contract Tower,0,5,19,0,24,0,2,37,2,41,0,7,56,2,65,28,0,28,93
07/21/2017,EAU,WI,AGL,CE,Federal Contract Tower,2,2,14,0,18,0,2,15,0,17,2,4,29,0,35,16,0,16,51
07/22/2017,EAU,WI,AGL,CE,Federal Contract Tower,0,1,6,0,7,0,6,59,0,65,0,7,65,0,72,0,0,0,72
07/23/2017,EAU,WI,AGL,CE,Federal Contract Tower,0,2,16,0,18,0,2,32,0,34,0,4,48,0,52,2,0,2,54
07/24/2017,EAU,WI,AGL,CE,Federal Contract Tower,0,5,23,0,28,0,2,18,0,20,0,7,41,0,48,8,0,8,56
07/25/2017,EAU,WI,AGL,CE,Federal Contract Tower,0,7,19,0,26,0,0,16,0,16,0,7,35,0,42,12,0,12,54
07/26/2017,EAU,WI,AGL,CE,Federal Contract Tower,0,3,33,0,36,0,4,14,0,18,0,7,47,0,54,14,0,14,68
07/27/2017,EAU,WI,AGL,CE,Federal Contract Tower,0,3,19,0,22,0,6,35,0,41,0,9,54,0,63,34,0,34,97
07/28/2017,EAU,WI,AGL,CE,Federal Contract Tower,0,4,15,0,19,0,5,34,1,40,0,9,49,1,59,38,0,38,97
07/29/2017,EAU,WI,AGL,CE,Federal Contract Tower,0,0,12,0,12,0,2,48,0,50,0,2,60,0,62,18,0,18,80
07/30/2017,EAU,WI,AGL,CE,Federal Contract Tower,0,5,12,2,19,0,12,42,6,60,0,17,54,8,79,24,0,24,103
07/31/2017,EAU,WI,AGL,CE,Federal Contract Tower,2,3,17,0,22,0,3,29,0,32,2,6,46,0,54,26,0,26,80
08/01/2017,EAU,WI,AGL,CE,Federal Contract Tower,0,2,22,4,28,0,4,26,1,31,0,6,48,5,59,12,0,12,71
08/02/2017,EAU,WI,AGL,CE,Federal Contract Tower,0,4,43,0,47,0,4,37,0,41,0,8,80,0,88,14,0,14,102
08/03/2017,EAU,WI,AGL,CE,Federal Contract Tower,0,2,51,0,53,0,0,0,0,0,0,2,51,0,53,0,0,0,53
08/04/2017,EAU,WI,AGL,CE,Federal Contract Tower,0,3,25,0,28,0,1,38,0,39,0,4,63,0,67,20,0,20,87
08/05/2017,EAU,WI,AGL,CE,Federal Contract Tower,0,2,10,2,14,0,5,35,5,45,0,7,45,7,59,8,0,8,67
08/06/2017,EAU,WI,AGL,CE,Federal Contract Tower,0,3,14,0,17,0,0,16,0,16,0,3,30,0,33,8,0,8,41
08/07/2017,EAU,WI,AGL,CE,Federal Contract Tower,0,4,25,0,29,0,7,39,0,46,0,11,64,0,75,32,0,32,107
08/08/2017,EAU,WI,AGL,CE,Federal Contract Tower,0,2,37,0,39,0,2,52,4,58,0,4,89,4,97,44,8,52,149
08/09/2017,EAU,WI,AGL,CE,Federal Contract Tower,0,8,35,0,43,0,2,23,0,25,0,10,58,0,68,8,0,8,76
08/10/2017,EAU,WI,AGL,CE,Federal Contract Tower,0,5,29,0,34,0,2,3,0,5,0,7,32,0,39,0,0,0,39
08/11/2017,EAU,WI,AGL,CE,Federal Contract Tower,0,6,20,0,26,0,5,25,0,30,0,11,45,0,56,0,0,0,56
08/12/2017,EAU,WI,AGL,CE,Federal Contract Tower,0,0,3,0,3,0,9,36,0,45,0,9,39,0,48,18,0,18,66
08/13/2017,EAU,WI,AGL,CE,Federal Contract Tower,0,3,10,0,13,0,0,27,0,27,0,3,37,0,40,2,0,2,42
08/14/2017,EAU,WI,AGL,CE,Federal Contract Tower,0,4,38,0,42,0,0,9,0,9,0,4,47,0,51,2,0,2,53
08/15/2017,EAU,WI,AGL,CE,Federal Contract Tower,0,3,38,1,42,0,3,40,8,51,0,6,78,9,93,24,0,24,117
08/16/2017,EAU,WI,AGL,CE,Federal Contract Tower,0,7,43,0,50,0,2,25,0,27,0,9,68,0,77,16,0,16,93
08/17/2017,EAU,WI,AGL,CE,Federal Contract Tower,0,3,27,0,30,0,2,5,0,7,0,5,32,0,37,0,0,0,37
08/18/2017,EAU,WI,AGL,CE,Federal Contract Tower,0,5,27,0,32,0,4,26,0,30,0,9,53,0,62,8,0,8,70
08/19/2017,EAU,WI,AGL,CE,Federal Contract Tower,0,1,12,0,13,0,2,46,4,52,0,3,58,4,65,10,0,10,75
08/20/2017,EAU,WI,AGL,CE,Federal Contract Tower,0,4,5,0,9,0,6,33,1,40,0,10,38,1,49,30,0,30,79
08/21/2017,EAU,WI,AGL,CE,Federal Contract Tower,0,4,17,0,21,0,0,13,0,13,0,4,30,0,34,26,0,26,60
08/22/2017,EAU,WI,AGL,CE,Federal Contract Tower,0,2,20,2,24,0,2,33,0,35,0,4,53,2,59,16,0,16,75
08/23/2017,EAU,WI,AGL,CE,Federal Contract Tower,0,3,28,0,31,0,3,49,6,58,0,6,77,6,89,34,22,56,145
08/24/2017,EAU,WI,AGL,CE,Federal Contract Tower,0,5,24,0,29,0,0,44,5,49,0,5,68,5,78,32,0,32,110
08/25/2017,EAU,WI,AGL,CE,Federal Contract Tower,0,3,17,0,20,0,0,6,0,6,0,3,23,0,26,0,0,0,26
08/26/2017,EAU,WI,AGL,CE,Federal Contract Tower,0,2,9,0,11,0,0,1,0,1,0,2,10,0,12,0,0,0,12
08/27/2017,EAU,WI,AGL,CE,Federal Contract Tower,0,3,8,0,11,0,6,11,0,17,0,9,19,0,28,4,0,4,32
08/28/2017,EAU,WI,AGL,CE,Federal Contract Tower,0,3,29,0,32,0,1,10,2,13,0,4,39,2,45,24,0,24,69
08/29/2017,EAU,WI,AGL,CE,Federal Contract Tower,0,3,24,0,27,0,4,11,0,15,0,7,35,0,42,0,0,0,42
08/30/2017,EAU,WI,AGL,CE,Federal Contract Tower,0,3,20,0,23,0,5,29,0,34,0,8,49,0,57,22,0,22,79
08/31/2017,EAU,WI,AGL,CE,Federal Contract Tower,0,4,25,4,33,0,5,27,7,39,0,9,52,11,72,12,0,12,84
09/01/2017,EAU,WI,AGL,CE,Federal Contract Tower,0,3,27,0,30,0,2,24,0,26,0,5,51,0,56,8,0,8,64
09/02/2017,EAU,WI,AGL,CE,Federal Contract Tower,0,1,9,0,10,0,2,11,0,13,0,3,20,0,23,0,0,0,23
09/03/2017,EAU,WI,AGL,CE,Federal Contract Tower,0,4,11,0,15,0,6,27,0,33,0,10,38,0,48,2,0,2,50
09/04/2017,EAU,WI,AGL,CE,Federal Contract Tower,0,2,11,0,13,0,3,9,0,12,0,5,20,0,25,2,0,2,27
09/05/2017,EAU,WI,AGL,CE,Federal Contract Tower,0,4,21,0,25,0,4,12,0,16,0,8,33,0,41,22,0,22,63
09/06/2017,EAU,WI,AGL,CE,Federal Contract Tower,0,2,19,0,21,0,3,32,3,38,0,5,51,3,59,20,0,20,79
09/07/2017,EAU,WI,AGL,CE,Federal Contract Tower,0,3,18,0,21,0,3,23,1,27,0,6,41,1,48,50,0,50,98
09/08/2017,EAU,WI,AGL,CE,Federal Contract Tower,0,3,23,0,26,0,1,39,1,41,0,4,62,1,67,12,0,12,79
09/09/2017,EAU,WI,AGL,CE,Federal Contract Tower,0,1,10,0,11,0,3,35,1,39,0,4,45,1,50,28,0,28,78
09/10/2017,EAU,WI,AGL,CE,Federal Contract Tower,0,5,14,0,19,0,0,22,0,22,0,5,36,0,41,4,0,4,45
09/11/2017,EAU,WI,AGL,CE,Federal Contract Tower,0,4,20,0,24,0,4,13,0,17,0,8,33,0,41,26,0,26,67
09/12/2017,EAU,WI,AGL,CE,Federal Contract Tower,0,4,26,0,30,0,3,30,0,33,0,7,56,0,63,16,0,16,79
09/13/2017,EAU,WI,AGL,CE,Federal Contract Tower,0,2,33,0,35,0,4,50,0,54,0,6,83,0,89,16,0,16,105
09/14/2017,EAU,WI,AGL,CE,Federal Contract Tower,0,5,33,0,38,0,4,39,3,46,0,9,72,3,84,44,0,44,128
09/15/2017,EAU,WI,AGL,CE,Federal Contract Tower,2,4,25,0,31,0,5,32,0,37,2,9,57,0,68,4,0,4,72
09/16/2017,EAU,WI,AGL,CE,Federal Contract Tower,0,2,5,0,7,0,0,9,0,9,0,2,14,0,16,0,0,0,16
09/17/2017,EAU,WI,AGL,CE,Federal Contract Tower,0,3,22,0,25,0,0,20,2,22,0,3,42,2,47,0,0,0,47
09/18/2017,EAU,WI,AGL,CE,Federal Contract Tower,0,6,21,2,29,0,7,7,8,22,0,13,28,10,51,28,0,28,79
09/19/2017,EAU,WI,AGL,CE,Federal Contract Tower,0,4,18,0,22,0,2,40,3,45,0,6,58,3,67,4,0,4,71
09/20/2017,EAU,WI,AGL,CE,Federal Contract Tower,0,4,21,0,25,0,0,20,0,20,0,4,41,0,45,14,0,14,59
09/21/2017,EAU,WI,AGL,CE,Federal Contract Tower,0,3,26,0,29,0,4,41,0,45,0,7,67,0,74,14,0,14,88
09/22/2017,EAU,WI,AGL,CE,Federal Contract Tower,0,3,28,0,31,0,1,18,0,19,0,4,46,0,50,4,0,4,54
09/23/2017,EAU,WI,AGL,CE,Federal Contract Tower,0,3,8,0,11,0,5,25,2,32,0,8,33,2,43,6,0,6,49
09/24/2017,EAU,WI,AGL,CE,Federal Contract Tower,0,6,15,0,21,0,6,25,1,32,0,12,40,1,53,2,0,2,55
09/25/2017,EAU,WI,AGL,CE,Federal Contract Tower,0,6,20,0,26,0,0,6,0,6,0,6,26,0,32,0,0,0,32
09/26/2017,EAU,WI,AGL,CE,Federal Contract Tower,0,4,24,0,28,0,0,4,0,4,0,4,28,0,32,0,0,0,32
09/27/2017,EAU,WI,AGL,CE,Federal Contract Tower,0,4,28,0,32,0,3,36,2,41,0,7,64,2,73,22,8,30,103
09/28/2017,EAU,WI,AGL,CE,Federal Contract Tower,0,3,32,0,35,0,2,37,0,39,0,5,69,0,74,28,0,28,102
09/29/2017,EAU,WI,AGL,CE,Federal Contract Tower,0,4,13,0,17,0,3,21,0,24,0,7,34,0,41,16,0,16,57
09/30/2017,EAU,WI,AGL,CE,Federal Contract Tower,0,1,9,0,10,0,1,36,0,37,0,2,45,0,47,8,0,8,55
10/01/2017,EAU,WI,AGL,CE,Federal Contract Tower,0,4,10,0,14,0,4,12,2,18,0,8,22,2,32,0,2,2,34
10/02/2017,EAU,WI,AGL,CE,Federal Contract Tower,0,5,14,0,19,0,1,3,0,4,0,6,17,0,23,0,0,0,23
10/03/2017,EAU,WI,AGL,CE,Federal Contract Tower,0,5,29,0,34,0,5,7,0,12,0,10,36,0,46,8,0,8,54
10/04/2017,EAU,WI,AGL,CE,Federal Contract Tower,0,4,22,0,26,0,3,25,3,31,0,7,47,3,57,30,0,30,87
10/05/2017,EAU,WI,AGL,CE,Federal Contract Tower,0,3,18,0,21,0,4,16,0,20,0,7,34,0,41,24,0,24,65
10/06/2017,EAU,WI,AGL,CE,Federal Contract Tower,4,5,20,0,29,0,2,11,0,13,4,7,31,0,42,0,0,0,42
10/07/2017,EAU,WI,AGL,CE,Federal Contract Tower,0,1,9,0,10,0,0,2,0,2,0,1,11,0,12,0,0,0,12
10/08/2017,EAU,WI,AGL,CE,Federal Contract Tower,0,4,12,0,16,0,3,25,1,29,0,7,37,1,45,4,0,4,49
10/09/2017,EAU,WI,AGL,CE,Federal Contract Tower,2,2,15,2,21,0,4,19,0,23,2,6,34,2,44,6,0,6,50
10/10/2017,EAU,WI,AGL,CE,Federal Contract Tower,0,3,20,0,23,0,5,20,0,25,0,8,40,0,48,22,0,22,70
10/11/2017,EAU,WI,AGL,CE,Federal Contract Tower,0,7,27,0,34,0,4,41,0,45,0,11,68,0,79,50,0,50,129
10/12/2017,EAU,WI,AGL,CE,Federal Contract Tower,0,4,14,0,18,0,4,7,0,11,0,8,21,0,29,14,0,14,43
10/13/2017,EAU,WI,AGL,CE,Federal Contract Tower,0,5,23,0,28,0,8,23,0,31,0,13,46,0,59,4,0,4,63
10/14/2017,EAU,WI,AGL,CE,Federal Contract Tower,0,1,7,0,8,0,3,11,0,14,0,4,18,0,22,0,0,0,22
10/15/2017,EAU,WI,AGL,CE,Federal Contract Tower,0,5,15,0,20,0,6,18,0,24,0,11,33,0,44,0,0,0,44
10/16/2017,EAU,WI,AGL,CE,Federal Contract Tower,0,5,16,2,23,0,2,22,0,24,0,7,38,2,47,22,0,22,69
10/17/2017,EAU,WI,AGL,CE,Federal Contract Tower,0,6,23,0,29,0,1,43,1,45,0,7,66,1,74,32,0,32,106
10/18/2017,EAU,WI,AGL,CE,Federal Contract Tower,0,4,18,0,22,0,6,32,0,38,0,10,50,0,60,18,0,18,78
10/19/2017,EAU,WI,AGL,CE,Federal Contract Tower,0,8,24,0,32,0,3,45,2,50,0,11,69,2,82,18,0,18,100
10/20/2017,EAU,WI,AGL,CE,Federal Contract Tower,0,3,17,0,20,0,2,27,0,29,0,5,44,0,49,24,0,24,73
10/21/2017,EAU,WI,AGL,CE,Federal Contract Tower,0,2,10,2,14,0,2,0,0,2,0,4,10,2,16,0,0,0,16
10/22/2017,EAU,WI,AGL,CE,Federal Contract Tower,0,3,14,0,17,0,3,16,0,19,0,6,30,0,36,12,0,12,48
10/23/2017,EAU,WI,AGL,CE,Federal Contract Tower,0,4,16,2,22,0,5,14,0,19,0,9,30,2,41,14,0,14,55
10/24/2017,EAU,WI,AGL,CE,Federal Contract Tower,0,4,14,0,18,0,1,4,0,5,0,5,18,0,23,8,0,8,31
10/25/2017,EAU,WI,AGL,CE,Federal Contract Tower,0,8,22,0,30,0,1,36,2,39,0,9,58,2,69,46,0,46,115
10/26/2017,EAU,WI,AGL,CE,Federal Contract Tower,2,4,17,0,23,0,3,13,2,18,2,7,30,2,41,2,0,2,43
10/27/2017,EAU,WI,AGL,CE,Federal Contract Tower,0,3,15,0,18,0,0,0,0,0,0,3,15,0,18,0,0,0,18
10/28/2017,EAU,WI,AGL,CE,Federal Contract Tower,0,1,6,0,7,0,5,2,3,10,0,6,8,3,17,0,0,0,17
10/29/2017,EAU,WI,AGL,CE,Federal Contract Tower,0,4,6,0,10,0,6,0,0,6,0,10,6,0,16,0,0,0,16
10/30/2017,EAU,WI,AGL,CE,Federal Contract Tower,0,4,16,0,20,0,1,6,3,10,0,5,22,3,30,10,0,10,40
10/31/2017,EAU,WI,AGL,CE,Federal Contract Tower,0,2,12,0,14,0,3,14,3,20,0,5,26,3,34,34,0,34,68
11/01/2017,EAU,WI,AGL,CE,Federal Contract Tower,0,5,13,0,18,0,2,5,0,7,0,7,18,0,25,24,0,24,49
11/02/2017,EAU,WI,AGL,CE,Federal Contract Tower,0,4,14,0,18,0,2,6,0,8,0,6,20,0,26,18,0,18,44
11/03/2017,EAU,WI,AGL,CE,Federal Contract Tower,0,5,17,0,22,0,2,23,0,25,0,7,40,0,47,10,0,10,57
11/04/2017,EAU,WI,AGL,CE,Federal Contract Tower,0,2,7,0,9,0,0,0,0,0,0,2,7,0,9,0,0,0,9
11/05/2017,EAU,WI,AGL,CE,Federal Contract Tower,0,3,4,0,7,0,0,9,0,9,0,3,13,0,16,0,0,0,16
11/06/2017,EAU,WI,AGL,CE,Federal Contract Tower,0,4,21,0,25,0,5,22,0,27,0,9,43,0,52,2,2,4,56
11/07/2017,EAU,WI,AGL,CE,Federal Contract Tower,10,5,24,0,39,0,1,40,0,41,10,6,64,0,80,46,0,46,126
11/08/2017,EAU,WI,AGL,CE,Federal Contract Tower,0,4,29,0,33,0,1,26,0,27,0,5,55,0,60,8,0,8,68
11/09/2017,EAU,WI,AGL,CE,Federal Contract Tower,0,4,18,0,22,0,2,13,0,15,0,6,31,0,37,4,0,4,41
11/10/2017,EAU,WI,AGL,CE,Federal Contract Tower,0,3,22,0,25,0,2,10,0,12,0,5,32,0,37,0,0,0,37
11/11/2017,EAU,WI,AGL,CE,Federal Contract Tower,0,2,10,0,12,0,4,20,0,24,0,6,30,0,36,0,0,0,36
11/12/2017,EAU,WI,AGL,CE,Federal Contract Tower,0,4,8,0,12,0,0,19,0,19,0,4,27,0,31,16,0,16,47
11/13/2017,EAU,WI,AGL,CE,Federal Contract Tower,0,4,15,0,19,0,2,21,0,23,0,6,36,0,42,4,0,4,46
11/14/2017,EAU,WI,AGL,CE,Federal Contract Tower,0,4,15,0,19,0,0,0,0,0,0,4,15,0,19,0,0,0,19
11/15/2017,EAU,WI,AGL,CE,Federal Contract Tower,0,4,17,0,21,0,2,1,0,3,0,6,18,0,24,0,0,0,24
11/16/2017,EAU,WI,AGL,CE,Federal Contract Tower,0,6,25,0,31,0,11,18,0,29,0,17,43,0,60,18,0,18,78
11/17/2017,EAU,WI,AGL,CE,Federal Contract Tower,0,4,13,0,17,0,0,0,0,0,0,4,13,0,17,0,0,0,17
11/18/2017,EAU,WI,AGL,CE,Federal Contract Tower,0,3,8,0,11,0,4,80,0,84,0,7,88,0,95,0,0,0,95
11/19/2017,EAU,WI,AGL,CE,Federal Contract Tower,0,5,15,0,20,0,2,18,4,24,0,7,33,4,44,20,0,20,64
11/20/2017,EAU,WI,AGL,CE,Federal Contract Tower,0,4,19,0,23,0,3,22,0,25,0,7,41,0,48,18,0,18,66
11/21/2017,EAU,WI,AGL,CE,Federal Contract Tower,0,2,11,0,13,0,3,9,4,16,0,5,20,4,29,0,0,0,29
11/22/2017,EAU,WI,AGL,CE,Federal Contract Tower,0,5,18,0,23,0,3,8,0,11,0,8,26,0,34,0,0,0,34
11/23/2017,EAU,WI,AGL,CE,Federal Contract Tower,0,2,1,0,3,0,10,11,0,21,0,12,12,0,24,0,0,0,24
11/24/2017,EAU,WI,AGL,CE,Federal Contract Tower,0,3,2,0,5,0,2,14,0,16,0,5,16,0,21,12,0,12,33
11/25/2017,EAU,WI,AGL,CE,Federal Contract Tower,0,2,8,2,12,0,2,20,0,22,0,4,28,2,34,0,0,0,34
11/26/2017,EAU,WI,AGL,CE,Federal Contract Tower,0,5,23,0,28,0,2,15,0,17,0,7,38,0,45,6,0,6,51
11/27/2017,EAU,WI,AGL,CE,Federal Contract Tower,0,4,12,2,18,0,2,9,0,11,0,6,21,2,29,6,0,6,35
11/28/2017,EAU,WI,AGL,CE,Federal Contract Tower,0,3,20,0,23,0,4,16,2,22,0,7,36,2,45,10,0,10,55
11/29/2017,EAU,WI,AGL,CE,Federal Contract Tower,0,6,17,0,23,0,3,23,3,29,0,9,40,3,52,28,0,28,80
11/30/2017,EAU,WI,AGL,CE,Federal Contract Tower,0,4,17,1,22,0,2,18,0,20,0,6,35,1,42,32,0,32,74
12/01/2017,EAU,WI,AGL,CE,Federal Contract Tower,0,4,20,1,25,0,4,21,3,28,0,8,41,4,53,8,0,8,61
12/02/2017,EAU,WI,AGL,CE,Federal Contract Tower,0,3,18,11,32,0,3,74,23,100,0,6,92,34,132,24,6,30,162
12/03/2017,EAU,WI,AGL,CE,Federal Contract Tower,0,3,17,0,20,0,4,19,0,23,0,7,36,0,43,8,0,8,51
12/04/2017,EAU,WI,AGL,CE,Federal Contract Tower,0,1,25,0,26,0,0,1,0,1,0,1,26,0,27,0,0,0,27
12/05/2017,EAU,WI,AGL,CE,Federal Contract Tower,0,3,26,0,29,0,8,1,0,9,0,11,27,0,38,0,0,0,38
12/06/2017,EAU,WI,AGL,CE,Federal Contract Tower,0,3,27,0,30,0,6,10,0,16,0,9,37,0,46,0,0,0,46
12/07/2017,EAU,WI,AGL,CE,Federal Contract Tower,0,3,28,1,32,0,8,19,3,30,0,11,47,4,62,12,2,14,76
12/08/2017,EAU,WI,AGL,CE,Federal Contract Tower,0,6,22,0,28,0,0,4,0,4,0,6,26,0,32,26,0,26,58
12/09/2017,EAU,WI,AGL,CE,Federal Contract Tower,2,5,9,0,16,0,5,8,0,13,2,10,17,0,29,0,0,0,29
12/10/2017,EAU,WI,AGL,CE,Federal Contract Tower,0,4,10,0,14,0,1,9,0,10,0,5,19,0,24,10,0,10,34
12/11/2017,EAU,WI,AGL,CE,Federal Contract Tower,0,3,22,0,25,0,0,2,0,2,0,3,24,0,27,0,0,0,27
12/12/2017,EAU,WI,AGL,CE,Federal Contract Tower,10,4,31,0,45,0,5,17,0,22,10,9,48,0,67,8,0,8,75
12/13/2017,EAU,WI,AGL,CE,Federal Contract Tower,0,4,25,0,29,0,4,1,0,5,0,8,26,0,34,0,2,2,36
12/14/2017,EAU,WI,AGL,CE,Federal Contract Tower,0,4,25,0,29,0,2,5,0,7,0,6,30,0,36,0,0,0,36
12/15/2017,EAU,WI,AGL,CE,Federal Contract Tower,0,4,20,0,24,0,0,4,0,4,0,4,24,0,28,28,0,28,56
12/16/2017,EAU,WI,AGL,CE,Federal Contract Tower,0,2,8,0,10,0,3,3,0,6,0,5,11,0,16,12,0,12,28
12/17/2017,EAU,WI,AGL,CE,Federal Contract Tower,0,8,7,0,15,0,0,0,0,0,0,8,7,0,15,0,0,0,15
12/18/2017,EAU,WI,AGL,CE,Federal Contract Tower,0,4,35,0,39,0,0,13,0,13,0,4,48,0,52,2,0,2,54
12/19/2017,EAU,WI,AGL,CE,Federal Contract Tower,0,7,44,0,51,0,0,21,0,21,0,7,65,0,72,20,0,20,92
12/20/2017,EAU,WI,AGL,CE,Federal Contract Tower,0,3,29,0,32,0,0,22,0,22,0,3,51,0,54,18,0,18,72
12/21/2017,EAU,WI,AGL,CE,Federal Contract Tower,0,3,21,0,24,0,0,2,0,2,0,3,23,0,26,0,0,0,26
12/22/2017,EAU,WI,AGL,CE,Federal Contract Tower,0,5,20,0,25,0,3,9,0,12,0,8,29,0,37,22,0,22,59
12/23/2017,EAU,WI,AGL,CE,Federal Contract Tower,0,1,13,0,14,0,0,15,0,15,0,1,28,0,29,8,0,8,37
12/24/2017,EAU,WI,AGL,CE,Federal Contract Tower,0,6,2,0,8,0,0,6,0,6,0,6,8,0,14,4,0,4,18
12/25/2017,EAU,WI,AGL,CE,Federal Contract Tower,0,1,0,0,1,0,0,2,0,2,0,1,2,0,3,0,0,0,3
12/26/2017,EAU,WI,AGL,CE,Federal Contract Tower,0,4,8,0,12,0,3,2,0,5,0,7,10,0,17,4,0,4,21
12/27/2017,EAU,WI,AGL,CE,Federal Contract Tower,0,3,13,0,16,0,5,3,0,8,0,8,16,0,24,4,0,4,28
12/28/2017,EAU,WI,AGL,CE,Federal Contract Tower,0,3,10,0,13,0,0,0,0,0,0,3,10,0,13,0,0,0,13
12/29/2017,EAU,WI,AGL,CE,Federal Contract Tower,0,4,11,0,15,0,1,2,0,3,0,5,13,0,18,16,0,16,34
12/30/2017,EAU,WI,AGL,CE,Federal Contract Tower,0,1,6,0,7,0,0,3,0,3,0,1,9,0,10,0,0,0,10
12/31/2017,EAU,WI,AGL,CE,Federal Contract Tower,0,2,3,0,5,0,0,2,1,3,0,2,5,1,8,0,0,0,8
01/01/2018,EAU,WI,AGL,CE,Federal Contract Tower,2,3,2,3,10,0,0,5,0,5,2,3,7,3,15,0,0,0,15
01/02/2018,EAU,WI,AGL,CE,Federal Contract Tower,0,4,12,0,16,0,0,5,0,5,0,4,17,0,21,0,0,0,21
01/03/2018,EAU,WI,AGL,CE,Federal Contract Tower,0,4,16,2,22,0,2,9,0,11,0,6,25,2,33,0,0,0,33
01/04/2018,EAU,WI,AGL,CE,Federal Contract Tower,0,4,10,0,14,0,6,19,0,25,0,10,29,0,39,16,0,16,55
01/05/2018,EAU,WI,AGL,CE,Federal Contract Tower,0,4,23,0,27,0,6,3,0,9,0,10,26,0,36,0,0,0,36
01/06/2018,EAU,WI,AGL,CE,Federal Contract Tower,0,1,6,0,7,0,2,8,0,10,0,3,14,0,17,0,0,0,17
01/07/2018,EAU,WI,AGL,CE,Federal Contract Tower,2,4,10,0,16,0,2,17,0,19,2,6,27,0,35,0,0,0,35
01/08/2018,EAU,WI,AGL,CE,Federal Contract Tower,0,3,26,0,29,0,4,22,1,27,0,7,48,1,56,0,0,0,56
01/09/2018,EAU,WI,AGL,CE,Federal Contract Tower,0,5,33,4,42,0,6,34,1,41,0,11,67,5,83,26,0,26,109
01/10/2018,EAU,WI,AGL,CE,Federal Contract Tower,0,3,33,0,36,0,0,0,0,0,0,3,33,0,36,0,0,0,36
01/11/2018,EAU,WI,AGL,CE,Federal Contract Tower,0,1,20,0,21,0,0,2,0,2,0,1,22,0,23,0,0,0,23
01/12/2018,EAU,WI,AGL,CE,Federal Contract Tower,0,3,21,0,24,0,3,14,0,17,0,6,35,0,41,10,0,10,51
01/13/2018,EAU,WI,AGL,CE,Federal Contract Tower,0,2,6,0,8,0,5,9,0,14,0,7,15,0,22,10,0,10,32
01/14/2018,EAU,WI,AGL,CE,Federal Contract Tower,0,3,6,0,9,0,0,2,0,2,0,3,8,0,11,0,0,0,11
01/15/2018,EAU,WI,AGL,CE,Federal Contract Tower,0,6,31,0,37,0,0,4,0,4,0,6,35,0,41,0,0,0,41
01/16/2018,EAU,WI,AGL,CE,Federal Contract Tower,0,7,30,0,37,0,4,18,0,22,0,11,48,0,59,10,0,10,69
01/17/2018,EAU,WI,AGL,CE,Federal Contract Tower,0,4,29,0,33,0,2,16,0,18,0,6,45,0,51,30,0,30,81
01/18/2018,EAU,WI,AGL,CE,Federal Contract Tower,0,4,31,0,35,0,4,39,2,45,0,8,70,2,80,22,0,22,102
01/19/2018,EAU,WI,AGL,CE,Federal Contract Tower,0,4,26,0,30,0,2,28,3,33,0,6,54,3,63,16,0,16,79
01/20/2018,EAU,WI,AGL,CE,Federal Contract Tower,0,3,9,0,12,0,1,32,1,34,0,4,41,1,46,30,0,30,76
01/21/2018,EAU,WI,AGL,CE,Federal Contract Tower,0,9,5,0,14,0,2,13,0,15,0,11,18,0,29,8,0,8,37
01/22/2018,EAU,WI,AGL,CE,Federal Contract Tower,0,1,0,0,1,0,0,0,0,0,0,1,0,0,1,0,0,0,1
01/23/2018,EAU,WI,AGL,CE,Federal Contract Tower,0,3,15,0,18,0,3,2,0,5,0,6,17,0,23,0,0,0,23
01/24/2018,EAU,WI,AGL,CE,Federal Contract Tower,0,7,14,1,22,0,0,3,0,3,0,7,17,1,25,0,0,0,25
01/25/2018,EAU,WI,AGL,CE,Federal Contract Tower,0,4,12,0,16,0,0,0,0,0,0,4,12,0,16,0,0,0,16
01/26/2018,EAU,WI,AGL,CE,Federal Contract Tower,0,4,23,0,27,0,4,15,0,19,0,8,38,0,46,20,0,20,66
01/27/2018,EAU,WI,AGL,CE,Federal Contract Tower,0,3,8,0,11,0,4,38,2,44,0,7,46,2,55,14,0,14,69
01/28/2018,EAU,WI,AGL,CE,Federal Contract Tower,0,3,11,0,14,0,4,10,0,14,0,7,21,0,28,32,0,32,60
01/29/2018,EAU,WI,AGL,CE,Federal Contract Tower,0,8,14,3,25,0,2,14,0,16,0,10,28,3,41,22,0,22,63
01/30/2018,EAU,WI,AGL,CE,Federal Contract Tower,0,6,16,2,24,0,2,5,0,7,0,8,21,2,31,18,0,18,49
01/31/2018,EAU,WI,AGL,CE,Federal Contract Tower,0,4,20,0,24,0,3,13,2,18,0,7,33,2,42,4,0,4,46
02/01/2018,EAU,WI,AGL,CE,Federal Contract Tower,0,6,15,0,21,0,5,19,3,27,0,11,34,3,48,0,0,0,48
02/02/2018,EAU,WI,AGL,CE,Federal Contract Tower,2,5,19,0,26,0,2,9,0,11,2,7,28,0,37,2,0,2,39
02/03/2018,EAU,WI,AGL,CE,Federal Contract Tower,0,2,5,0,7,0,0,0,0,0,0,2,5,0,7,0,0,0,7
02/04/2018,EAU,WI,AGL,CE,Federal Contract Tower,0,3,10,0,13,0,1,10,0,11,0,4,20,0,24,6,0,6,30
02/05/2018,EAU,WI,AGL,CE,Federal Contract Tower,0,7,20,0,27,0,5,11,0,16,0,12,31,0,43,14,0,14,57
02/06/2018,EAU,WI,AGL,CE,Federal Contract Tower,0,6,22,1,29,0,2,16,6,24,0,8,38,7,53,22,0,22,75
02/07/2018,EAU,WI,AGL,CE,Federal Contract Tower,0,3,15,0,18,0,4,7,0,11,0,7,22,0,29,6,0,6,35
02/08/2018,EAU,WI,AGL,CE,Federal Contract Tower,0,3,18,0,21,0,0,14,0,14,0,3,32,0,35,0,0,0,35
02/09/2018,EAU,WI,AGL,CE,Federal Contract Tower,0,1,15,0,16,0,1,8,0,9,0,2,23,0,25,0,0,0,25
02/10/2018,EAU,WI,AGL,CE,Federal Contract Tower,0,1,4,0,5,0,3,32,0,35,0,4,36,0,40,10,0,10,50
02/11/2018,EAU,WI,AGL,CE,Federal Contract Tower,0,4,7,0,11,0,1,14,0,15,0,5,21,0,26,12,0,12,38
02/12/2018,EAU,WI,AGL,CE,Federal Contract Tower,0,5,8,0,13,0,2,5,0,7,0,7,13,0,20,22,0,22,42
02/13/2018,EAU,WI,AGL,CE,Federal Contract Tower,0,5,15,0,20,0,5,23,0,28,0,10,38,0,48,14,0,14,62
02/14/2018,EAU,WI,AGL,CE,Federal Contract Tower,0,3,20,0,23,0,5,32,0,37,0,8,52,0,60,34,0,34,94
02/15/2018,EAU,WI,AGL,CE,Federal Contract Tower,0,3,23,0,26,0,1,15,0,16,0,4,38,0,42,0,0,0,42
02/16/2018,EAU,WI,AGL,CE,Federal Contract Tower,0,5,19,0,24,0,5,21,0,26,0,10,40,0,50,12,0,12,62
02/17/2018,EAU,WI,AGL,CE,Federal Contract Tower,2,3,8,0,13,0,4,0,0,4,2,7,8,0,17,0,0,0,17
02/18/2018,EAU,WI,AGL,CE,Federal Contract Tower,0,3,8,0,11,0,2,9,0,11,0,5,17,0,22,0,0,0,22
02/19/2018,EAU,WI,AGL,CE,Federal Contract Tower,0,3,12,0,15,0,0,2,0,2,0,3,14,0,17,16,0,16,33
02/20/2018,EAU,WI,AGL,CE,Federal Contract Tower,0,3,12,0,15,0,0,0,0,0,0,3,12,0,15,0,0,0,15
02/21/2018,EAU,WI,AGL,CE,Federal Contract Tower,0,3,13,0,16,0,6,25,2,33,0,9,38,2,49,8,0,8,57
02/22/2018,EAU,WI,AGL,CE,Federal Contract Tower,0,4,11,0,15,0,2,6,0,8,0,6,17,0,23,8,0,8,31
02/23/2018,EAU,WI,AGL,CE,Federal Contract Tower,0,3,14,0,17,0,1,7,0,8,0,4,21,0,25,0,0,0,25
02/24/2018,EAU,WI,AGL,CE,Federal Contract Tower,0,4,2,0,6,0,0,1,0,1,0,4,3,0,7,4,0,4,11
02/25/2018,EAU,WI,AGL,CE,Federal Contract Tower,0,4,4,0,8,0,6,8,0,14,0,10,12,0,22,0,0,0,22
02/26/2018,EAU,WI,AGL,CE,Federal Contract Tower,0,3,21,0,24,0,0,26,0,26,0,3,47,0,50,14,0,14,64
02/27/2018,EAU,WI,AGL,CE,Federal Contract Tower,0,4,16,0,20,0,3,43,0,46,0,7,59,0,66,32,2,34,100
02/28/2018,EAU,WI,AGL,CE,Federal Contract Tower,0,3,19,2,24,0,0,20,0,20,0,3,39,2,44,14,0,14,58
03/01/2018,EAU,WI,AGL,CE,Federal Contract Tower,0,3,19,0,22,0,2,28,0,30,0,5,47,0,52,18,0,18,70
03/02/2018,EAU,WI,AGL,CE,Federal Contract Tower,0,4,19,0,23,0,2,36,0,38,0,6,55,0,61,22,0,22,83
03/03/2018,EAU,WI,AGL,CE,Federal Contract Tower,0,4,10,0,14,0,6,21,0,27,0,10,31,0,41,22,0,22,63
03/04/2018,EAU,WI,AGL,CE,Federal Contract Tower,0,4,5,1,10,0,2,2,2,6,0,6,7,3,16,4,0,4,20
03/05/2018,EAU,WI,AGL,CE,Federal Contract Tower,0,3,11,0,14,0,0,0,0,0,0,3,11,0,14,0,0,0,14
03/06/2018,EAU,WI,AGL,CE,Federal Contract Tower,0,4,15,2,21,0,2,8,0,10,0,6,23,2,31,0,0,0,31
03/07/2018,EAU,WI,AGL,CE,Federal Contract Tower,0,4,30,0,34,0,4,29,2,35,0,8,59,2,69,64,0,64,133
03/08/2018,EAU,WI,AGL,CE,Federal Contract Tower,0,3,19,1,23,0,7,26,0,33,0,10,45,1,56,12,0,12,68
03/09/2018,EAU,WI,AGL,CE,Federal Contract Tower,0,5,23,0,28,0,3,31,2,36,0,8,54,2,64,34,0,34,98
03/10/2018,EAU,WI,AGL,CE,Federal Contract Tower,0,4,6,0,10,0,3,26,3,32,0,7,32,3,42,10,0,10,52
03/11/2018,EAU,WI,AGL,CE,Federal Contract Tower,0,4,12,0,16,0,0,18,0,18,0,4,30,0,34,50,0,50,84
03/12/2018,EAU,WI,AGL,CE,Federal Contract Tower,0,7,16,0,23,0,2,19,8,29,0,9,35,8,52,46,0,46,98
03/13/2018,EAU,WI,AGL,CE,Federal Contract Tower,0,4,19,0,23,0,0,31,0,31,0,4,50,0,54,10,2,12,66
03/14/2018,EAU,WI,AGL,CE,Federal Contract Tower,0,3,20,0,23,0,1,31,2,34,0,4,51,2,57,20,0,20,77
03/15/2018,EAU,WI,AGL,CE,Federal Contract Tower,0,4,30,0,34,0,9,19,4,32,0,13,49,4,66,18,0,18,84
03/16/2018,EAU,WI,AGL,CE,Federal Contract Tower,0,4,19,0,23,0,6,36,0,42,0,10,55,0,65,22,0,22,87
03/17/2018,EAU,WI,AGL,CE,Federal Contract Tower,0,3,11,0,14,0,1,61,23,85,0,4,72,23,99,26,0,26,125
03/18/2018,EAU,WI,AGL,CE,Federal Contract Tower,0,6,8,0,14,0,2,22,0,24,0,8,30,0,38,14,0,14,52
03/19/2018,EAU,WI,AGL,CE,Federal Contract Tower,0,5,11,0,16,0,3,12,0,15,0,8,23,0,31,14,0,14,45
03/20/2018,EAU,WI,AGL,CE,Federal Contract Tower,0,3,13,2,18,0,3,21,0,24,0,6,34,2,42,24,4,28,70
03/21/2018,EAU,WI,AGL,CE,Federal Contract Tower,0,5,27,0,32,0,7,36,0,43,0,12,63,0,75,28,0,28,103
03/22/2018,EAU,WI,AGL,CE,Federal Contract Tower,0,3,20,0,23,0,6,32,2,40,0,9,52,2,63,34,0,34,97
03/23/2018,EAU,WI,AGL,CE,Federal Contract Tower,0,3,12,0,15,0,2,17,0,19,0,5,29,0,34,12,0,12,46
03/24/2018,EAU,WI,AGL,CE,Federal Contract Tower,0,3,8,0,11,0,2,19,0,21,0,5,27,0,32,2,0,2,34
03/25/2018,EAU,WI,AGL,CE,Federal Contract Tower,0,8,9,0,17,0,3,24,3,30,0,11,33,3,47,18,0,18,65
03/26/2018,EAU,WI,AGL,CE,Federal Contract Tower,0,4,11,0,15,0,2,6,0,8,0,6,17,0,23,10,0,10,33
03/27/2018,EAU,WI,AGL,CE,Federal Contract Tower,0,5,20,0,25,0,1,3,0,4,0,6,23,0,29,0,0,0,29
03/28/2018,EAU,WI,AGL,CE,Federal Contract Tower,0,2,22,0,24,0,0,32,1,33,0,2,54,1,57,30,0,30,87
03/29/2018,EAU,WI,AGL,CE,Federal Contract Tower,2,3,21,0,26,0,6,26,3,35,2,9,47,3,61,16,0,16,77
03/30/2018,EAU,WI,AGL,CE,Federal Contract Tower,0,3,11,0,14,0,4,20,0,24,0,7,31,0,38,22,0,22,60
03/31/2018,EAU,WI,AGL,CE,Federal Contract Tower,0,3,3,0,6,0,3,0,0,3,0,6,3,0,9,0,0,0,9
04/01/2018,EAU,WI,AGL,CE,Federal Contract Tower,2,6,0,0,8,0,2,14,0,16,2,8,14,0,24,0,0,0,24
04/02/2018,EAU,WI,AGL,CE,Federal Contract Tower,0,3,20,0,23,0,0,8,0,8,0,3,28,0,31,6,0,6,37
04/03/2018,EAU,WI,AGL,CE,Federal Contract Tower,0,1,9,0,10,0,0,0,0,0,0,1,9,0,10,0,0,0,10
04/04/2018,EAU,WI,AGL,CE,Federal Contract Tower,2,4,18,1,25,0,3,17,5,25,2,7,35,6,50,20,0,20,70
04/05/2018,EAU,WI,AGL,CE,Federal Contract Tower,0,6,23,0,29,0,4,36,0,40,0,10,59,0,69,38,0,38,107
04/06/2018,EAU,WI,AGL,CE,Federal Contract Tower,0,6,17,0,23,0,1,6,0,7,0,7,23,0,30,0,0,0,30
04/07/2018,EAU,WI,AGL,CE,Federal Contract Tower,0,4,14,0,18,0,0,28,7,35,0,4,42,7,53,14,0,14,67
04/08/2018,EAU,WI,AGL,CE,Federal Contract Tower,0,3,9,0,12,0,4,18,1,23,0,7,27,1,35,30,0,30,65
04/09/2018,EAU,WI,AGL,CE,Federal Contract Tower,0,5,11,0,16,0,6,20,0,26,0,11,31,0,42,38,0,38,80
04/10/2018,EAU,WI,AGL,CE,Federal Contract Tower,0,4,21,0,25,0,6,19,2,27,0,10,40,2,52,28,0,28,80
04/11/2018,EAU,WI,AGL,CE,Federal Contract Tower,0,4,28,0,32,0,7,42,0,49,0,11,70,0,81,18,0,18,99
04/12/2018,EAU,WI,AGL,CE,Federal Contract Tower,0,4,21,0,25,0,3,10,0,13,0,7,31,0,38,14,0,14,52
04/13/2018,EAU,WI,AGL,CE,Federal Contract Tower,0,3,8,0,11,0,0,1,0,1,0,3,9,0,12,0,0,0,12
04/14/2018,EAU,WI,AGL,CE,Federal Contract Tower,0,3,0,0,3,0,0,0,0,0,0,3,0,0,3,0,0,0,3
04/15/2018,EAU,WI,AGL,CE,Federal Contract Tower,0,0,1,0,1,0,0,0,0,0,0,0,1,0,1,0,0,0,1
04/16/2018,EAU,WI,AGL,CE,Federal Contract Tower,0,3,7,0,10,0,4,3,0,7,0,7,10,0,17,0,0,0,17
04/17/2018,EAU,WI,AGL,CE,Federal Contract Tower,2,10,22,0,34,0,4,17,3,24,2,14,39,3,58,6,0,6,64
04/18/2018,EAU,WI,AGL,CE,Federal Contract Tower,0,2,17,0,19,0,0,11,0,11,0,2,28,0,30,24,0,24,54
04/19/2018,EAU,WI,AGL,CE,Federal Contract Tower,0,3,20,0,23,0,4,29,0,33,0,7,49,0,56,30,2,32,88
04/20/2018,EAU,WI,AGL,CE,Federal Contract Tower,0,3,32,0,35,0,0,44,5,49,0,3,76,5,84,26,0,26,110
04/21/2018,EAU,WI,AGL,CE,Federal Contract Tower,0,3,7,0,10,0,2,65,0,67,0,5,72,0,77,44,0,44,121
04/22/2018,EAU,WI,AGL,CE,Federal Contract Tower,0,4,14,0,18,0,6,32,0,38,0,10,46,0,56,4,0,4,60
04/23/2018,EAU,WI,AGL,CE,Federal Contract Tower,0,3,14,0,17,0,4,22,0,26,0,7,36,0,43,10,2,12,55
04/24/2018,EAU,WI,AGL,CE,Federal Contract Tower,0,8,22,0,30,0,0,21,0,21,0,8,43,0,51,16,2,18,69
04/25/2018,EAU,WI,AGL,CE,Federal Contract Tower,0,10,20,2,32,0,11,34,0,45,0,21,54,2,77,10,0,10,87
04/26/2018,EAU,WI,AGL,CE,Federal Contract Tower,0,3,22,0,25,0,7,26,0,33,0,10,48,0,58,16,0,16,74
04/27/2018,EAU,WI,AGL,CE,Federal Contract Tower,0,3,13,0,16,0,3,14,0,17,0,6,27,0,33,18,0,18,51
04/28/2018,EAU,WI,AGL,CE,Federal Contract Tower,0,3,5,0,8,0,2,44,2,48,0,5,49,2,56,28,0,28,84
04/29/2018,EAU,WI,AGL,CE,Federal Contract Tower,0,3,8,0,11,0,5,42,0,47,0,8,50,0,58,8,0,8,66
04/30/2018,EAU,WI,AGL,CE,Federal Contract Tower,0,4,23,0,27,0,2,16,0,18,0,6,39,0,45,6,0,6,51
05/01/2018,EAU,WI,AGL,CE,Federal Contract Tower,0,3,19,0,22,0,4,8,0,12,0,7,27,0,34,0,0,0,34
05/02/2018,EAU,WI,AGL,CE,Federal Contract Tower,0,3,21,0,24,0,0,13,3,16,0,3,34,3,40,10,0,10,50
05/03/2018,EAU,WI,AGL,CE,Federal Contract Tower,0,7,15,0,22,0,0,0,0,0,0,7,15,0,22,58,0,58,80
05/04/2018,EAU,WI,AGL,CE,Federal Contract Tower,0,3,16,0,19,0,4,39,0,43,0,7,55,0,62,18,0,18,80
05/05/2018,EAU,WI,AGL,CE,Federal Contract Tower,0,4,5,0,9,0,2,41,0,43,0,6,46,0,52,44,0,44,96
05/06/2018,EAU,WI,AGL,CE,Federal Contract Tower,0,3,14,0,17,0,5,24,0,29,0,8,38,0,46,4,0,4,50
05/07/2018,EAU,WI,AGL,CE,Federal Contract Tower,2,7,13,2,24,0,6,20,0,26,2,13,33,2,50,10,0,10,60
05/08/2018,EAU,WI,AGL,CE,Federal Contract Tower,0,6,14,0,20,0,4,28,0,32,0,10,42,0,52,14,0,14,66
05/09/2018,EAU,WI,AGL,CE,Federal Contract Tower,0,5,32,0,37,0,1,0,0,1,0,6,32,0,38,0,0,0,38
05/10/2018,EAU,WI,AGL,CE,Federal Contract Tower,0,6,14,0,20,0,3,34,0,37,0,9,48,0,57,38,0,38,95
05/11/2018,EAU,WI,AGL,CE,Federal Contract Tower,0,5,13,0,18,0,4,2,0,6,0,9,15,0,24,0,0,0,24
05/12/2018,EAU,WI,AGL,CE,Federal Contract Tower,0,3,11,0,14,0,2,22,0,24,0,5,33,0,38,0,0,0,38
05/13/2018,EAU,WI,AGL,CE,Federal Contract Tower,0,3,6,0,9,0,4,19,0,23,0,7,25,0,32,10,0,10,42
05/14/2018,EAU,WI,AGL,CE,Federal Contract Tower,0,3,20,0,23,0,5,22,4,31,0,8,42,4,54,30,0,30,84
05/15/2018,EAU,WI,AGL,CE,Federal Contract Tower,0,4,23,0,27,0,2,28,0,30,0,6,51,0,57,6,0,6,63
05/16/2018,EAU,WI,AGL,CE,Federal Contract Tower,0,4,19,0,23,0,2,29,4,35,0,6,48,4,58,6,0,6,64
05/17/2018,EAU,WI,AGL,CE,Federal Contract Tower,0,4,18,0,22,0,3,32,2,37,0,7,50,2,59,34,0,34,93
05/18/2018,EAU,WI,AGL,CE,Federal Contract Tower,0,3,16,0,19,0,1,32,0,33,0,4,48,0,52,8,2,10,62
05/19/2018,EAU,WI,AGL,CE,Federal Contract Tower,0,3,14,0,17,0,1,38,0,39,0,4,52,0,56,32,0,32,88
05/20/2018,EAU,WI,AGL,CE,Federal Contract Tower,0,3,13,0,16,0,4,14,0,18,0,7,27,0,34,8,0,8,42
05/21/2018,EAU,WI,AGL,CE,Federal Contract Tower,0,3,17,0,20,0,2,12,0,14,0,5,29,0,34,2,0,2,36
05/22/2018,EAU,WI,AGL,CE,Federal Contract Tower,0,5,23,0,28,0,0,32,0,32,0,5,55,0,60,30,0,30,90
05/23/2018,EAU,WI,AGL,CE,Federal Contract Tower,0,4,29,0,33,0,0,0,0,0,0,4,29,0,33,18,0,18,51
05/24/2018,EAU,WI,AGL,CE,Federal Contract Tower,0,5,20,0,25,0,5,43,0,48,0,10,63,0,73,14,0,14,87
05/25/2018,EAU,WI,AGL,CE,Federal Contract Tower,0,3,15,0,18,0,0,17,0,17,0,3,32,0,35,8,0,8,43
05/26/2018,EAU,WI,AGL,CE,Federal Contract Tower,2,5,5,0,12,0,2,23,0,25,2,7,28,0,37,6,0,6,43
05/27/2018,EAU,WI,AGL,CE,Federal Contract Tower,0,2,10,0,12,0,3,26,1,30,0,5,36,1,42,0,0,0,42
05/28/2018,EAU,WI,AGL,CE,Federal Contract Tower,0,2,10,0,12,0,5,21,0,26,0,7,31,0,38,4,0,4,42
05/29/2018,EAU,WI,AGL,CE,Federal Contract Tower,2,3,18,2,25,0,0,14,1,15,2,3,32,3,40,0,0,0,40
05/30/2018,EAU,WI,AGL,CE,Federal Contract Tower,0,3,11,0,14,0,0,4,0,4,0,3,15,0,18,14,0,14,32
05/31/2018,EAU,WI,AGL,CE,Federal Contract Tower,0,4,17,0,21,0,2,17,0,19,0,6,34,0,40,0,0,0,40
06/01/2018,EAU,WI,AGL,CE,Federal Contract Tower,0,4,23,0,27,0,1,10,0,11,0,5,33,0,38,0,0,0,38
06/02/2018,EAU,WI,AGL,CE,Federal Contract Tower,0,4,3,0,7,0,2,0,0,2,0,6,3,0,9,0,0,0,9
06/03/2018,EAU,WI,AGL,CE,Federal Contract Tower,0,2,13,0,15,0,3,4,0,7,0,5,17,0,22,0,0,0,22
06/04/2018,EAU,WI,AGL,CE,Federal Contract Tower,0,4,21,0,25,0,4,18,0,22,0,8,39,0,47,48,0,48,95
06/05/2018,EAU,WI,AGL,CE,Federal Contract Tower,0,4,22,0,26,0,3,38,3,44,0,7,60,3,70,22,0,22,92
06/06/2018,EAU,WI,AGL,CE,Federal Contract Tower,0,5,21,3,29,0,5,24,0,29,0,10,45,3,58,42,0,42,100
06/07/2018,EAU,WI,AGL,CE,Federal Contract Tower,0,3,17,0,20,0,4,34,0,38,0,7,51,0,58,12,0,12,70
06/08/2018,EAU,WI,AGL,CE,Federal Contract Tower,0,3,16,1,20,0,3,9,0,12,0,6,25,1,32,28,0,28,60
06/09/2018,EAU,WI,AGL,CE,Federal Contract Tower,0,4,8,0,12,0,0,24,4,28,0,4,32,4,40,10,8,18,58
06/10/2018,EAU,WI,AGL,CE,Federal Contract Tower,0,5,3,0,8,0,7,17,0,24,0,12,20,0,32,0,0,0,32
06/11/2018,EAU,WI,AGL,CE,Federal Contract Tower,0,6,11,0,17,0,8,30,0,38,0,14,41,0,55,34,0,34,89
06/12/2018,EAU,WI,AGL,CE,Federal Contract Tower,0,4,15,5,24,0,2,37,2,41,0,6,52,7,65,42,0,42,107
06/13/2018,EAU,WI,AGL,CE,Federal Contract Tower,0,5,15,9,29,0,3,39,0,42,0,8,54,9,71,6,2,8,79
06/14/2018,EAU,WI,AGL,CE,Federal Contract Tower,0,2,24,3,29,0,0,50,1,51,0,2,74,4,80,12,0,12,92
06/15/2018,EAU,WI,AGL,CE,Federal Contract Tower,0,3,19,1,23,0,1,11,3,15,0,4,30,4,38,12,0,12,50
06/16/2018,EAU,WI,AGL,CE,Federal Contract Tower,0,4,6,0,10,0,1,13,0,14,0,5,19,0,24,0,0,0,24
06/17/2018,EAU,WI,AGL,CE,Federal Contract Tower,0,4,8,2,14,0,0,16,2,18,0,4,24,4,32,6,0,6,38
06/18/2018,EAU,WI,AGL,CE,Federal Contract Tower,0,6,21,7,34,0,2,7,0,9,0,8,28,7,43,0,0,0,43
06/19/2018,EAU,WI,AGL,CE,Federal Contract Tower,0,3,20,0,23,0,5,23,0,28,0,8,43,0,51,26,0,26,77
06/20/2018,EAU,WI,AGL,CE,Federal Contract Tower,0,5,23,0,28,0,4,35,2,41,0,9,58,2,69,58,0,58,127
06/21/2018,EAU,WI,AGL,CE,Federal Contract Tower,0,3,16,0,19,0,1,26,0,27,0,4,42,0,46,48,0,48,94
06/22/2018,EAU,WI,AGL,CE,Federal Contract Tower,0,5,10,0,15,0,3,48,0,51,0,8,58,0,66,26,0,26,92
06/23/2018,EAU,WI,AGL,CE,Federal Contract Tower,0,3,12,2,17,0,1,37,0,38,0,4,49,2,55,6,0,6,61
06/24/2018,EAU,WI,AGL,CE,Federal Contract Tower,0,3,10,0,13,0,3,31,1,35,0,6,41,1,48,18,0,18,66
06/25/2018,EAU,WI,AGL,CE,Federal Contract Tower,0,8,22,1,31,0,6,19,0,25,0,14,41,1,56,4,0,4,60
06/26/2018,EAU,WI,AGL,CE,Federal Contract Tower,0,3,21,0,24,0,0,6,0,6,0,3,27,0,30,0,0,0,30
06/27/2018,EAU,WI,AGL,CE,Federal Contract Tower,0,3,19,0,22,0,2,20,2,24,0,5,39,2,46,46,0,46,92
06/28/2018,EAU,WI,AGL,CE,Federal Contract Tower,0,3,21,4,28,0,2,55,10,67,0,5,76,14,95,58,0,58,153
06/29/2018,EAU,WI,AGL,CE,Federal Contract Tower,0,3,22,0,25,0,2,17,0,19,0,5,39,0,44,2,0,2,46
06/30/2018,EAU,WI,AGL,CE,Federal Contract Tower,0,3,10,11,24,0,0,24,0,24,0,3,34,11,48,0,0,0,48
07/01/2018,EAU,WI,AGL,CE,Federal Contract Tower,0,3,5,0,8,0,1,4,0,5,0,4,9,0,13,6,0,6,19
07/02/2018,EAU,WI,AGL,CE,Federal Contract Tower,0,3,20,6,29,0,2,21,0,23,0,5,41,6,52,2,4,6,58
07/03/2018,EAU,WI,AGL,CE,Federal Contract Tower,0,9,12,0,21,0,2,37,2,41,0,11,49,2,62,50,1,51,113
07/04/2018,EAU,WI,AGL,CE,Federal Contract Tower,0,4,13,0,17,0,0,0,0,0,0,4,13,0,17,12,0,12,29
07/05/2018,EAU,WI,AGL,CE,Federal Contract Tower,0,2,12,0,14,0,0,0,0,0,0,2,12,0,14,10,0,10,24
07/06/2018,EAU,WI,AGL,CE,Federal Contract Tower,0,4,12,0,16,0,4,62,0,66,0,8,74,0,82,64,0,64,146
07/07/2018,EAU,WI,AGL,CE,Federal Contract Tower,0,3,6,0,9,0,3,47,0,50,0,6,53,0,59,42,0,42,101
07/08/2018,EAU,WI,AGL,CE,Federal Contract Tower,0,4,9,0,13,0,4,56,0,60,0,8,65,0,73,12,0,12,85
07/09/2018,EAU,WI,AGL,CE,Federal Contract Tower,0,4,16,0,20,0,7,28,1,36,0,11,44,1,56,24,0,24,80
07/10/2018,EAU,WI,AGL,CE,Federal Contract Tower,1,2,15,0,18,0,0,54,1,55,1,2,69,1,73,20,0,20,93
07/11/2018,EAU,WI,AGL,CE,Federal Contract Tower,0,5,17,1,23,0,0,67,5,72,0,5,84,6,95,14,0,14,109
07/12/2018,EAU,WI,AGL,CE,Federal Contract Tower,0,7,14,0,21,0,0,12,0,12,0,7,26,0,33,4,0,4,37
07/13/2018,EAU,WI,AGL,CE,Federal Contract Tower,0,5,11,0,16,0,1,22,0,23,0,6,33,0,39,6,0,6,45
07/14/2018,EAU,WI,AGL,CE,Federal Contract Tower,0,4,20,0,24,0,4,44,0,48,0,8,64,0,72,2,0,2,74
07/15/2018,EAU,WI,AGL,CE,Federal Contract Tower,0,6,5,0,11,0,1,14,2,17,0,7,19,2,28,4,0,4,32
07/16/2018,EAU,WI,AGL,CE,Federal Contract Tower,0,3,25,0,28,0,3,36,0,39,0,6,61,0,67,10,4,14,81
07/17/2018,EAU,WI,AGL,CE,Federal Contract Tower,0,5,16,0,21,0,2,45,3,50,0,7,61,3,71,58,0,58,129
07/18/2018,EAU,WI,AGL,CE,Federal Contract Tower,0,4,22,0,26,0,3,49,2,54,0,7,71,2,80,34,0,34,114
07/19/2018,EAU,WI,AGL,CE,Federal Contract Tower,0,7,13,0,20,0,2,87,4,93,0,9,100,4,113,0,0,0,113
07/20/2018,EAU,WI,AGL,CE,Federal Contract Tower,0,5,18,0,23,0,6,51,0,57,0,11,69,0,80,22,0,22,102
07/21/2018,EAU,WI,AGL,CE,Federal Contract Tower,0,5,9,0,14,0,2,214,0,216,0,7,223,0,230,10,0,10,240
07/22/2018,EAU,WI,AGL,CE,Federal Contract Tower,0,3,13,0,16,0,6,35,0,41,0,9,48,0,57,16,0,16,73
07/23/2018,EAU,WI,AGL,CE,Federal Contract Tower,0,3,25,0,28,0,4,24,0,28,0,7,49,0,56,2,0,2,58
07/24/2018,EAU,WI,AGL,CE,Federal Contract Tower,0,3,26,0,29,0,2,30,0,32,0,5,56,0,61,16,0,16,77
07/25/2018,EAU,WI,AGL,CE,Federal Contract Tower,0,5,28,0,33,0,3,19,0,22,0,8,47,0,55,0,0,0,55
07/26/2018,EAU,WI,AGL,CE,Federal Contract Tower,0,4,26,2,32,0,2,20,4,26,0,6,46,6,58,0,0,0,58
07/27/2018,EAU,WI,AGL,CE,Federal Contract Tower,2,6,15,0,23,0,5,52,0,57,2,11,67,0,80,10,0,10,90
07/28/2018,EAU,WI,AGL,CE,Federal Contract Tower,0,5,10,0,15,0,2,46,0,48,0,7,56,0,63,32,0,32,95
07/29/2018,EAU,WI,AGL,CE,Federal Contract Tower,2,4,5,0,11,0,4,32,0,36,2,8,37,0,47,6,0,6,53
07/30/2018,EAU,WI,AGL,CE,Federal Contract Tower,0,4,27,0,31,0,4,39,0,43,0,8,66,0,74,32,0,32,106
07/31/2018,EAU,WI,AGL,CE,Federal Contract Tower,0,7,29,0,36,0,0,32,0,32,0,7,61,0,68,36,0,36,104
08/01/2018,EAU,WI,AGL,CE,Federal Contract Tower,2,4,27,0,33,0,2,31,0,33,2,6,58,0,66,24,0,24,90
08/02/2018,EAU,WI,AGL,CE,Federal Contract Tower,0,5,33,0,38,0,2,25,4,31,0,7,58,4,69,14,0,14,83
08/03/2018,EAU,WI,AGL,CE,Federal Contract Tower,0,3,19,2,24,0,5,7,0,12,0,8,26,2,36,6,0,6,42
08/04/2018,EAU,WI,AGL,CE,Federal Contract Tower,0,3,15,0,18,0,2,20,0,22,0,5,35,0,40,12,0,12,52
08/05/2018,EAU,WI,AGL,CE,Federal Contract Tower,0,3,16,0,19,0,4,22,0,26,0,7,38,0,45,48,0,48,93
08/06/2018,EAU,WI,AGL,CE,Federal Contract Tower,0,5,27,0,32,0,4,25,0,29,0,9,52,0,61,8,0,8,69
08/07/2018,EAU,WI,AGL,CE,Federal Contract Tower,2,7,38,0,47,0,5,15,2,22,2,12,53,2,69,16,0,16,85
08/08/2018,EAU,WI,AGL,CE,Federal Contract Tower,0,4,34,0,38,0,2,36,4,42,0,6,70,4,80,6,0,6,86
08/09/2018,EAU,WI,AGL,CE,Federal Contract Tower,0,3,29,0,32,0,4,27,4,35,0,7,56,4,67,0,0,0,67
08/10/2018,EAU,WI,AGL,CE,Federal Contract Tower,2,6,23,0,31,0,2,33,0,35,2,8,56,0,66,4,0,4,70
08/11/2018,EAU,WI,AGL,CE,Federal Contract Tower,0,4,10,0,14,0,3,30,0,33,0,7,40,0,47,0,0,0,47
08/12/2018,EAU,WI,AGL,CE,Federal Contract Tower,2,4,13,0,19,0,3,90,5,98,2,7,103,5,117,2,0,2,119
08/13/2018,EAU,WI,AGL,CE,Federal Contract Tower,0,8,34,0,42,0,2,32,6,40,0,10,66,6,82,12,0,12,94
08/14/2018,EAU,WI,AGL,CE,Federal Contract Tower,2,5,33,0,40,0,2,34,3,39,2,7,67,3,79,12,1,13,92
08/15/2018,EAU,WI,AGL,CE,Federal Contract Tower,0,4,34,0,38,0,2,51,0,53,0,6,85,0,91,14,0,14,105
08/16/2018,EAU,WI,AGL,CE,Federal Contract Tower,0,2,23,0,25,0,0,7,0,7,0,2,30,0,32,10,0,10,42
08/17/2018,EAU,WI,AGL,CE,Federal Contract Tower,0,5,18,0,23,0,9,34,0,43,0,14,52,0,66,26,0,26,92
08/18/2018,EAU,WI,AGL,CE,Federal Contract Tower,0,5,10,5,20,0,0,28,4,32,0,5,38,9,52,20,0,20,72
08/19/2018,EAU,WI,AGL,CE,Federal Contract Tower,0,3,6,2,11,0,8,45,1,54,0,11,51,3,65,36,0,36,101
08/20/2018,EAU,WI,AGL,CE,Federal Contract Tower,0,11,18,16,45,0,0,5,0,5,0,11,23,16,50,0,16,16,66
08/21/2018,EAU,WI,AGL,CE,Federal Contract Tower,0,2,20,8,30,0,9,20,0,29,0,11,40,8,59,38,0,38,97
08/22/2018,EAU,WI,AGL,CE,Federal Contract Tower,0,3,26,0,29,0,4,23,2,29,0,7,49,2,58,34,0,34,92
08/23/2018,EAU,WI,AGL,CE,Federal Contract Tower,0,5,20,0,25,0,0,16,8,24,0,5,36,8,49,8,0,8,57
08/24/2018,EAU,WI,AGL,CE,Federal Contract Tower,0,3,10,0,13,0,0,0,0,0,0,3,10,0,13,0,0,0,13
08/25/2018,EAU,WI,AGL,CE,Federal Contract Tower,0,4,18,3,25,0,3,12,3,18,0,7,30,6,43,0,0,0,43
08/26/2018,EAU,WI,AGL,CE,Federal Contract Tower,0,5,5,0,10,0,2,12,2,16,0,7,17,2,26,0,0,0,26
08/27/2018,EAU,WI,AGL,CE,Federal Contract Tower,0,3,26,6,35,0,7,6,0,13,0,10,32,6,48,4,0,4,52
08/28/2018,EAU,WI,AGL,CE,Federal Contract Tower,0,3,16,8,27,0,0,2,0,2,0,3,18,8,29,0,2,2,31
08/29/2018,EAU,WI,AGL,CE,Federal Contract Tower,0,4,26,0,30,0,4,40,2,46,0,8,66,2,76,38,0,38,114
08/30/2018,EAU,WI,AGL,CE,Federal Contract Tower,0,4,27,0,31,0,4,53,4,61,0,8,80,4,92,32,0,32,124
08/31/2018,EAU,WI,AGL,CE,Federal Contract Tower,0,4,15,0,19,0,3,9,2,14,0,7,24,2,33,12,0,12,45
09/01/2018,EAU,WI,AGL,CE,Federal Contract Tower,0,3,0,0,3,0,0,7,0,7,0,3,7,0,10,0,0,0,10
09/02/2018,EAU,WI,AGL,CE,Federal Contract Tower,0,4,3,0,7,0,4,10,0,14,0,8,13,0,21,4,0,4,25
09/03/2018,EAU,WI,AGL,CE,Federal Contract Tower,0,3,5,0,8,0,2,6,0,8,0,5,11,0,16,0,0,0,16
09/04/2018,EAU,WI,AGL,CE,Federal Contract Tower,0,3,11,0,14,0,0,0,0,0,0,3,11,0,14,0,0,0,14
09/05/2018,EAU,WI,AGL,CE,Federal Contract Tower,0,4,23,2,29,0,3,12,0,15,0,7,35,2,44,6,0,6,50
09/06/2018,EAU,WI,AGL,CE,Federal Contract Tower,0,3,27,0,30,0,4,61,0,65,0,7,88,0,95,18,0,18,113
09/07/2018,EAU,WI,AGL,CE,Federal Contract Tower,0,3,14,0,17,0,2,46,0,48,0,5,60,0,65,56,0,56,121
09/08/2018,EAU,WI,AGL,CE,Federal Contract Tower,0,4,15,0,19,0,14,70,0,84,0,18,85,0,103,50,0,50,153
09/09/2018,EAU,WI,AGL,CE,Federal Contract Tower,0,3,13,0,16,0,5,47,0,52,0,8,60,0,68,6,0,6,74
09/10/2018,EAU,WI,AGL,CE,Federal Contract Tower,0,3,15,0,18,0,0,48,0,48,0,3,63,0,66,12,0,12,78
09/11/2018,EAU,WI,AGL,CE,Federal Contract Tower,0,5,22,0,27,0,1,31,0,32,0,6,53,0,59,24,0,24,83
09/12/2018,EAU,WI,AGL,CE,Federal Contract Tower,0,3,36,0,39,0,5,31,1,37,0,8,67,1,76,38,0,38,114
09/13/2018,EAU,WI,AGL,CE,Federal Contract Tower,2,5,28,0,35,0,4,21,0,25,2,9,49,0,60,8,0,8,68
09/14/2018,EAU,WI,AGL,CE,Federal Contract Tower,0,4,24,0,28,0,1,41,0,42,0,5,65,0,70,56,0,56,126
09/15/2018,EAU,WI,AGL,CE,Federal Contract Tower,0,3,10,0,13,0,2,25,1,28,0,5,35,1,41,12,0,12,53
09/16/2018,EAU,WI,AGL,CE,Federal Contract Tower,0,4,9,0,13,0,1,35,0,36,0,5,44,0,49,8,0,8,57
09/17/2018,EAU,WI,AGL,CE,Federal Contract Tower,0,4,23,0,27,0,4,16,0,20,0,8,39,0,47,20,0,20,67
09/18/2018,EAU,WI,AGL,CE,Federal Contract Tower,0,4,30,0,34,0,0,8,0,8,0,4,38,0,42,18,0,18,60
09/19/2018,EAU,WI,AGL,CE,Federal Contract Tower,0,5,15,0,20,0,0,0,0,0,0,5,15,0,20,0,0,0,20
09/20/2018,EAU,WI,AGL,CE,Federal Contract Tower,0,3,13,0,16,0,0,0,0,0,0,3,13,0,16,0,0,0,16
09/21/2018,EAU,WI,AGL,CE,Federal Contract Tower,0,3,19,0,22,0,0,7,0,7,0,3,26,0,29,0,0,0,29
09/22/2018,EAU,WI,AGL,CE,Federal Contract Tower,0,3,7,0,10,0,7,21,0,28,0,10,28,0,38,6,0,6,44
09/23/2018,EAU,WI,AGL,CE,Federal Contract Tower,0,3,6,0,9,0,3,36,0,39,0,6,42,0,48,24,0,24,72
09/24/2018,EAU,WI,AGL,CE,Federal Contract Tower,0,4,11,0,15,0,3,20,0,23,0,7,31,0,38,36,0,36,74
09/25/2018,EAU,WI,AGL,CE,Federal Contract Tower,0,4,11,0,15,0,0,3,0,3,0,4,14,0,18,0,0,0,18
09/26/2018,EAU,WI,AGL,CE,Federal Contract Tower,0,4,30,0,34,0,7,39,0,46,0,11,69,0,80,34,0,34,114
09/27/2018,EAU,WI,AGL,CE,Federal Contract Tower,0,7,20,0,27,0,3,11,0,14,0,10,31,0,41,0,0,0,41
09/28/2018,EAU,WI,AGL,CE,Federal Contract Tower,2,4,23,0,29,0,4,31,0,35,2,8,54,0,64,22,0,22,86
09/29/2018,EAU,WI,AGL,CE,Federal Contract Tower,0,3,15,0,18,0,5,34,2,41,0,8,49,2,59,8,0,8,67
09/30/2018,EAU,WI,AGL,CE,Federal Contract Tower,0,4,12,0,16,0,1,2,0,3,0,5,14,0,19,0,0,0,19
10/01/2018,EAU,WI,AGL,CE,Federal Contract Tower,0,13,27,0,40,0,0,7,0,7,0,13,34,0,47,0,0,0,47
10/02/2018,EAU,WI,AGL,CE,Federal Contract Tower,0,3,25,0,28,0,4,1,0,5,0,7,26,0,33,0,0,0,33
10/03/2018,EAU,WI,AGL,CE,Federal Contract Tower,0,3,20,0,23,0,2,2,0,4,0,5,22,0,27,0,0,0,27
10/04/2018,EAU,WI,AGL,CE,Federal Contract Tower,0,5,21,3,29,0,4,41,1,46,0,9,62,4,75,18,0,18,93
10/05/2018,EAU,WI,AGL,CE,Federal Contract Tower,0,5,15,0,20,0,0,0,0,0,0,5,15,0,20,0,0,0,20
10/06/2018,EAU,WI,AGL,CE,Federal Contract Tower,0,3,16,0,19,0,1,10,0,11,0,4,26,0,30,0,0,0,30
10/07/2018,EAU,WI,AGL,CE,Federal Contract Tower,0,5,12,0,17,0,5,2,0,7,0,10,14,0,24,2,0,2,26
10/08/2018,EAU,WI,AGL,CE,Federal Contract Tower,0,4,15,0,19,0,0,0,0,0,0,4,15,0,19,0,0,0,19
10/09/2018,EAU,WI,AGL,CE,Federal Contract Tower,0,10,22,1,33,0,0,0,0,0,0,10,22,1,33,0,0,0,33
10/10/2018,EAU,WI,AGL,CE,Federal Contract Tower,2,7,35,0,44,0,0,0,0,0,2,7,35,0,44,0,0,0,44
10/11/2018,EAU,WI,AGL,CE,Federal Contract Tower,0,3,18,0,21,0,2,2,0,4,0,5,20,0,25,4,0,4,29
10/12/2018,EAU,WI,AGL,CE,Federal Contract Tower,0,3,15,0,18,0,0,23,0,23,0,3,38,0,41,44,0,44,85
10/13/2018,EAU,WI,AGL,CE,Federal Contract Tower,0,3,6,0,9,0,2,36,0,38,0,5,42,0,47,16,0,16,63
10/14/2018,EAU,WI,AGL,CE,Federal Contract Tower,0,3,9,0,12,0,2,0,0,2,0,5,9,0,14,0,0,0,14
10/15/2018,EAU,WI,AGL,CE,Federal Contract Tower,0,3,21,0,24,0,0,31,1,32,0,3,52,1,56,12,0,12,68
10/16/2018,EAU,WI,AGL,CE,Federal Contract Tower,0,6,18,0,24,0,16,30,0,46,0,22,48,0,70,54,0,54,124
10/17/2018,EAU,WI,AGL,CE,Federal Contract Tower,0,5,23,2,30,0,0,51,5,56,0,5,74,7,86,38,0,38,124
10/18/2018,EAU,WI,AGL,CE,Federal Contract Tower,0,6,19,0,25,0,16,46,0,62,0,22,65,0,87,20,0,20,107
10/19/2018,EAU,WI,AGL,CE,Federal Contract Tower,0,3,18,0,21,0,9,5,0,14,0,12,23,0,35,0,0,0,35
10/20/2018,EAU,WI,AGL,CE,Federal Contract Tower,0,5,3,0,8,0,2,8,4,14,0,7,11,4,22,0,0,0,22
10/21/2018,EAU,WI,AGL,CE,Federal Contract Tower,0,3,14,0,17,0,3,39,3,45,0,6,53,3,62,50,0,50,112
10/22/2018,EAU,WI,AGL,CE,Federal Contract Tower,0,4,25,2,31,0,9,27,0,36,0,13,52,2,67,68,0,68,135
10/23/2018,EAU,WI,AGL,CE,Federal Contract Tower,0,2,14,0,16,0,2,50,0,52,0,4,64,0,68,58,0,58,126
10/24/2018,EAU,WI,AGL,CE,Federal Contract Tower,0,3,18,3,24,0,6,60,2,68,0,9,78,5,92,44,0,44,136
10/25/2018,EAU,WI,AGL,CE,Federal Contract Tower,0,3,15,0,18,0,5,20,0,25,0,8,35,0,43,24,0,24,67
10/26/2018,EAU,WI,AGL,CE,Federal Contract Tower,0,4,18,0,22,0,5,24,0,29,0,9,42,0,51,18,0,18,69
10/27/2018,EAU,WI,AGL,CE,Federal Contract Tower,0,3,8,0,11,0,0,0,0,0,0,3,8,0,11,0,0,0,11
10/28/2018,EAU,WI,AGL,CE,Federal Contract Tower,0,3,6,0,9,0,2,11,0,13,0,5,17,0,22,16,0,16,38
10/29/2018,EAU,WI,AGL,CE,Federal Contract Tower,0,4,12,0,16,0,2,28,0,30,0,6,40,0,46,16,0,16,62
10/30/2018,EAU,WI,AGL,CE,Federal Contract Tower,0,4,20,0,24,0,6,49,0,55,0,10,69,0,79,44,0,44,123
10/31/2018,EAU,WI,AGL,CE,Federal Contract Tower,0,5,23,0,28,0,3,25,0,28,0,8,48,0,56,4,0,4,60
11/01/2018,EAU,WI,AGL,CE,Federal Contract Tower,0,3,21,0,24,0,8,31,2,41,0,11,52,2,65,24,0,24,89
11/02/2018,EAU,WI,AGL,CE,Federal Contract Tower,0,4,12,0,16,0,0,40,0,40,0,4,52,0,56,18,0,18,74
11/03/2018,EAU,WI,AGL,CE,Federal Contract Tower,0,4,6,0,10,0,6,21,0,27,0,10,27,0,37,18,0,18,55
11/04/2018,EAU,WI,AGL,CE,Federal Contract Tower,0,3,9,0,12,0,0,0,0,0,0,3,9,0,12,0,0,0,12
11/05/2018,EAU,WI,AGL,CE,Federal Contract Tower,0,6,12,0,18,0,0,9,0,9,0,6,21,0,27,8,0,8,35
11/06/2018,EAU,WI,AGL,CE,Federal Contract Tower,0,4,15,2,21,0,0,0,0,0,0,4,15,2,21,0,0,0,21
11/07/2018,EAU,WI,AGL,CE,Federal Contract Tower,0,7,21,0,28,0,2,13,0,15,0,9,34,0,43,8,0,8,51
11/08/2018,EAU,WI,AGL,CE,Federal Contract Tower,0,7,21,0,28,0,1,16,1,18,0,8,37,1,46,16,0,16,62
11/09/2018,EAU,WI,AGL,CE,Federal Contract Tower,0,4,13,2,19,0,0,6,0,6,0,4,19,2,25,4,0,4,29
11/10/2018,EAU,WI,AGL,CE,Federal Contract Tower,0,5,11,0,16,0,0,34,0,34,0,5,45,0,50,50,0,50,100
11/11/2018,EAU,WI,AGL,CE,Federal Contract Tower,0,3,13,0,16,0,1,5,0,6,0,4,18,0,22,0,0,0,22
11/12/2018,EAU,WI,AGL,CE,Federal Contract Tower,0,4,18,0,22,0,0,26,0,26,0,4,44,0,48,0,0,0,48
11/13/2018,EAU,WI,AGL,CE,Federal Contract Tower,0,4,14,0,18,0,1,26,0,27,0,5,40,0,45,16,0,16,61
11/14/2018,EAU,WI,AGL,CE,Federal Contract Tower,0,3,24,0,27,0,3,20,2,25,0,6,44,2,52,32,0,32,84
11/15/2018,EAU,WI,AGL,CE,Federal Contract Tower,0,5,16,0,21,0,2,13,0,15,0,7,29,0,36,10,0,10,46
11/16/2018,EAU,WI,AGL,CE,Federal Contract Tower,0,5,22,0,27,0,2,3,0,5,0,7,25,0,32,0,0,0,32
11/17/2018,EAU,WI,AGL,CE,Federal Contract Tower,0,6,8,0,14,0,4,15,0,19,0,10,23,0,33,20,0,20,53
11/18/2018,EAU,WI,AGL,CE,Federal Contract Tower,0,4,6,0,10,0,4,26,0,30,0,8,32,0,40,20,0,20,60
11/19/2018,EAU,WI,AGL,CE,Federal Contract Tower,2,5,10,0,17,0,4,9,0,13,2,9,19,0,30,2,0,2,32
11/20/2018,EAU,WI,AGL,CE,Federal Contract Tower,0,5,12,0,17,0,4,14,0,18,0,9,26,0,35,10,0,10,45
11/21/2018,EAU,WI,AGL,CE,Federal Contract Tower,0,3,20,0,23,0,2,26,0,28,0,5,46,0,51,22,0,22,73
11/22/2018,EAU,WI,AGL,CE,Federal Contract Tower,0,3,2,0,5,0,5,0,0,5,0,8,2,0,10,0,0,0,10
11/23/2018,EAU,WI,AGL,CE,Federal Contract Tower,2,2,4,0,8,0,2,4,0,6,2,4,8,0,14,2,0,2,16
11/24/2018,EAU,WI,AGL,CE,Federal Contract Tower,0,3,1,0,4,0,0,0,0,0,0,3,1,0,4,0,0,0,4
11/25/2018,EAU,WI,AGL,CE,Federal Contract Tower,2,3,5,0,10,0,1,5,0,6,2,4,10,0,16,6,0,6,22
11/26/2018,EAU,WI,AGL,CE,Federal Contract Tower,0,5,10,0,15,0,4,5,0,9,0,9,15,0,24,10,0,10,34
11/27/2018,EAU,WI,AGL,CE,Federal Contract Tower,0,11,17,2,30,0,2,0,0,2,0,13,17,2,32,0,0,0,32
11/28/2018,EAU,WI,AGL,CE,Federal Contract Tower,4,5,25,0,34,0,2,37,0,39,4,7,62,0,73,52,0,52,125
11/29/2018,EAU,WI,AGL,CE,Federal Contract Tower,0,5,13,0,18,0,0,4,0,4,0,5,17,0,22,0,0,0,22
11/30/2018,EAU,WI,AGL,CE,Federal Contract Tower,0,5,13,0,18,0,0,0,0,0,0,5,13,0,18,0,0,0,18
12/01/2018,EAU,WI,AGL,CE,Federal Contract Tower,0,5,5,0,10,0,0,0,0,0,0,5,5,0,10,0,0,0,10
12/02/2018,EAU,WI,AGL,CE,Federal Contract Tower,0,4,9,0,13,0,2,0,0,2,0,6,9,0,15,14,0,14,29
12/03/2018,EAU,WI,AGL,CE,Federal Contract Tower,0,5,29,2,36,0,7,17,0,24,0,12,46,2,60,12,0,12,72
12/04/2018,EAU,WI,AGL,CE,Federal Contract Tower,0,5,23,0,28,0,8,2,0,10,0,13,25,0,38,8,0,8,46
12/05/2018,EAU,WI,AGL,CE,Federal Contract Tower,0,3,28,2,33,0,0,0,0,0,0,3,28,2,33,0,0,0,33
12/06/2018,EAU,WI,AGL,CE,Federal Contract Tower,0,6,33,0,39,0,5,25,0,30,0,11,58,0,69,18,0,18,87
12/07/2018,EAU,WI,AGL,CE,Federal Contract Tower,0,3,19,0,22,0,3,13,0,16,0,6,32,0,38,8,0,8,46
12/08/2018,EAU,WI,AGL,CE,Federal Contract Tower,0,3,9,0,12,0,0,3,0,3,0,3,12,0,15,10,0,10,25
12/09/2018,EAU,WI,AGL,CE,Federal Contract Tower,0,3,13,0,16,0,1,25,0,26,0,4,38,0,42,46,0,46,88
12/10/2018,EAU,WI,AGL,CE,Federal Contract Tower,0,4,29,0,33,0,0,2,0,2,0,4,31,0,35,0,0,0,35
12/11/2018,EAU,WI,AGL,CE,Federal Contract Tower,0,3,35,0,38,0,0,0,0,0,0,3,35,0,38,0,0,0,38
12/12/2018,EAU,WI,AGL,CE,Federal Contract Tower,0,4,28,0,32,0,0,0,0,0,0,4,28,0,32,0,0,0,32
12/13/2018,EAU,WI,AGL,CE,Federal Contract Tower,0,4,31,0,35,0,0,0,0,0,0,4,31,0,35,0,0,0,35
12/14/2018,EAU,WI,AGL,CE,Federal Contract Tower,0,6,32,2,40,0,2,20,0,22,0,8,52,2,62,8,0,8,70
12/15/2018,EAU,WI,AGL,CE,Federal Contract Tower,0,4,6,0,10,0,2,63,2,67,0,6,69,2,77,10,0,10,87
12/16/2018,EAU,WI,AGL,CE,Federal Contract Tower,0,3,13,0,16,0,1,44,0,45,0,4,57,0,61,10,0,10,71
12/17/2018,EAU,WI,AGL,CE,Federal Contract Tower,0,7,29,1,37,0,5,24,0,29,0,12,53,1,66,12,0,12,78
12/18/2018,EAU,WI,AGL,CE,Federal Contract Tower,0,4,31,0,35,0,2,39,0,41,0,6,70,0,76,4,0,4,80
12/19/2018,EAU,WI,AGL,CE,Federal Contract Tower,0,3,24,2,29,0,5,23,2,30,0,8,47,4,59,22,0,22,81
12/20/2018,EAU,WI,AGL,CE,Federal Contract Tower,0,3,28,0,31,0,2,0,0,2,0,5,28,0,33,0,0,0,33
12/21/2018,EAU,WI,AGL,CE,Federal Contract Tower,0,5,18,0,23,0,13,27,0,40,0,18,45,0,63,14,0,14,77
12/22/2018,EAU,WI,AGL,CE,Federal Contract Tower,0,5,5,0,10,0,4,8,0,12,0,9,13,0,22,4,0,4,26
12/23/2018,EAU,WI,AGL,CE,Federal Contract Tower,0,4,8,0,12,0,4,2,0,6,0,8,10,0,18,0,0,0,18
12/24/2018,EAU,WI,AGL,CE,Federal Contract Tower,0,4,2,0,6,0,0,17,0,17,0,4,19,0,23,6,0,6,29
12/25/2018,EAU,WI,AGL,CE,Federal Contract Tower,0,1,1,0,2,0,1,0,0,1,0,2,1,0,3,0,0,0,3
12/26/2018,EAU,WI,AGL,CE,Federal Contract Tower,0,4,13,0,17,0,0,12,0,12,0,4,25,0,29,12,0,12,41
12/27/2018,EAU,WI,AGL,CE,Federal Contract Tower,0,6,9,0,15,0,0,0,0,0,0,6,9,0,15,0,0,0,15
12/28/2018,EAU,WI,AGL,CE,Federal Contract Tower,0,3,9,0,12,0,3,8,0,11,0,6,17,0,23,0,0,0,23
12/29/2018,EAU,WI,AGL,CE,Federal Contract Tower,0,3,6,0,9,0,3,5,5,13,0,6,11,5,22,0,0,0,22
12/30/2018,EAU,WI,AGL,CE,Federal Contract Tower,0,3,4,0,7,0,0,37,0,37,0,3,41,0,44,16,0,16,60
12/31/2018,EAU,WI,AGL,CE,Federal Contract Tower,0,3,3,0,6,0,6,9,0,15,0,9,12,0,21,24,0,24,45
01/01/2019,EAU,WI,AGL,CE,Federal Contract Tower,0,3,2,0,5,0,0,14,0,14,0,3,16,0,19,22,0,22,41
01/02/2019,EAU,WI,AGL,CE,Federal Contract Tower,0,3,16,0,19,0,1,19,0,20,0,4,35,0,39,10,0,10,49
01/03/2019,EAU,WI,AGL,CE,Federal Contract Tower,0,3,15,0,18,0,6,32,0,38,0,9,47,0,56,2,0,2,58
01/04/2019,EAU,WI,AGL,CE,Federal Contract Tower,0,4,15,0,19,0,0,48,2,50,0,4,63,2,69,28,0,28,97
01/05/2019,EAU,WI,AGL,CE,Federal Contract Tower,0,5,12,0,17,0,1,73,0,74,0,6,85,0,91,46,0,46,137
01/06/2019,EAU,WI,AGL,CE,Federal Contract Tower,0,4,10,1,15,0,0,8,2,10,0,4,18,3,25,0,0,0,25
01/08/2019,EAU,WI,AGL,CE,Federal Contract Tower,0,3,26,0,29,0,2,3,0,5,0,5,29,0,34,0,0,0,34
01/09/2019,EAU,WI,AGL,CE,Federal Contract Tower,0,6,28,0,34,0,5,32,0,37,0,11,60,0,71,6,0,6,77
01/10/2019,EAU,WI,AGL,CE,Federal Contract Tower,0,5,27,0,32,0,3,48,0,51,0,8,75,0,83,20,0,20,103
01/11/2019,EAU,WI,AGL,CE,Federal Contract Tower,0,3,24,0,27,0,3,22,0,25,0,6,46,0,52,20,0,20,72
01/12/2019,EAU,WI,AGL,CE,Federal Contract Tower,0,4,5,0,9,0,8,30,0,38,0,12,35,0,47,12,0,12,59
01/13/2019,EAU,WI,AGL,CE,Federal Contract Tower,2,4,6,2,14,0,1,33,0,34,2,5,39,2,48,24,2,26,74
01/14/2019,EAU,WI,AGL,CE,Federal Contract Tower,0,10,23,0,33,0,0,0,0,0,0,10,23,0,33,0,0,0,33
01/15/2019,EAU,WI,AGL,CE,Federal Contract Tower,0,3,23,0,26,0,0,0,0,0,0,3,23,0,26,0,0,0,26
01/16/2019,EAU,WI,AGL,CE,Federal Contract Tower,0,5,31,0,36,0,2,37,0,39,0,7,68,0,75,0,0,0,75
01/17/2019,EAU,WI,AGL,CE,Federal Contract Tower,0,3,26,0,29,0,0,18,0,18,0,3,44,0,47,2,0,2,49
01/18/2019,EAU,WI,AGL,CE,Federal Contract Tower,0,3,15,0,18,0,4,11,0,15,0,7,26,0,33,0,0,0,33
01/19/2019,EAU,WI,AGL,CE,Federal Contract Tower,0,4,11,0,15,0,9,22,0,31,0,13,33,0,46,18,0,18,64
01/20/2019,EAU,WI,AGL,CE,Federal Contract Tower,0,3,8,0,11,0,5,15,0,20,0,8,23,0,31,0,0,0,31
01/21/2019,EAU,WI,AGL,CE,Federal Contract Tower,0,3,23,0,26,0,3,16,0,19,0,6,39,0,45,8,0,8,53
01/22/2019,EAU,WI,AGL,CE,Federal Contract Tower,0,4,15,0,19,0,0,0,0,0,0,4,15,0,19,0,0,0,19
01/23/2019,EAU,WI,AGL,CE,Federal Contract Tower,0,4,35,0,39,0,2,12,0,14,0,6,47,0,53,12,0,12,65
01/24/2019,EAU,WI,AGL,CE,Federal Contract Tower,0,3,31,0,34,0,0,4,0,4,0,3,35,0,38,0,0,0,38
01/25/2019,EAU,WI,AGL,CE,Federal Contract Tower,0,6,24,0,30,0,2,9,0,11,0,8,33,0,41,30,0,30,71
01/26/2019,EAU,WI,AGL,CE,Federal Contract Tower,0,7,11,0,18,0,2,2,0,4,0,9,13,0,22,0,0,0,22
01/27/2019,EAU,WI,AGL,CE,Federal Contract Tower,0,3,8,0,11,0,3,1,0,4,0,6,9,0,15,0,0,0,15
01/28/2019,EAU,WI,AGL,CE,Federal Contract Tower,2,2,6,0,10,0,0,2,0,2,2,2,8,0,12,0,0,0,12
01/29/2019,EAU,WI,AGL,CE,Federal Contract Tower,0,3,15,0,18,0,0,0,0,0,0,3,15,0,18,0,0,0,18
01/30/2019,EAU,WI,AGL,CE,Federal Contract Tower,0,0,17,0,17,0,0,1,0,1,0,0,18,0,18,0,0,0,18
01/31/2019,EAU,WI,AGL,CE,Federal Contract Tower,0,4,23,0,27,0,0,2,0,2,0,4,25,0,29,0,0,0,29
02/01/2019,EAU,WI,AGL,CE,Federal Contract Tower,0,2,19,2,23,0,9,4,2,15,0,11,23,4,38,14,0,14,52
02/02/2019,EAU,WI,AGL,CE,Federal Contract Tower,0,3,2,0,5,0,0,2,0,2,0,3,4,0,7,0,0,0,7
02/03/2019,EAU,WI,AGL,CE,Federal Contract Tower,0,1,3,0,4,0,0,0,0,0,0,1,3,0,4,0,0,0,4
02/04/2019,EAU,WI,AGL,CE,Federal Contract Tower,0,8,10,0,18,0,0,0,0,0,0,8,10,0,18,0,0,0,18
02/05/2019,EAU,WI,AGL,CE,Federal Contract Tower,0,2,16,0,18,0,5,2,0,7,0,7,18,0,25,0,0,0,25
02/06/2019,EAU,WI,AGL,CE,Federal Contract Tower,0,3,11,0,14,0,2,1,0,3,0,5,12,0,17,0,0,0,17
02/07/2019,EAU,WI,AGL,CE,Federal Contract Tower,0,1,0,0,1,0,0,0,0,0,0,1,0,0,1,0,0,0,1
02/08/2019,EAU,WI,AGL,CE,Federal Contract Tower,0,3,21,0,24,0,9,0,0,9,0,12,21,0,33,0,0,0,33
02/09/2019,EAU,WI,AGL,CE,Federal Contract Tower,0,4,10,0,14,0,10,9,2,21,0,14,19,2,35,4,0,4,39
02/10/2019,EAU,WI,AGL,CE,Federal Contract Tower,0,2,7,0,9,0,0,0,0,0,0,2,7,0,9,0,0,0,9
02/11/2019,EAU,WI,AGL,CE,Federal Contract Tower,0,5,15,0,20,0,2,0,0,2,0,7,15,0,22,0,0,0,22
02/12/2019,EAU,WI,AGL,CE,Federal Contract Tower,0,1,14,0,15,0,0,0,0,0,0,1,14,0,15,0,0,0,15
02/13/2019,EAU,WI,AGL,CE,Federal Contract Tower,0,3,24,0,27,0,2,16,0,18,0,5,40,0,45,34,0,34,79
02/14/2019,EAU,WI,AGL,CE,Federal Contract Tower,0,5,29,0,34,0,4,0,0,4,0,9,29,0,38,0,0,0,38
02/15/2019,EAU,WI,AGL,CE,Federal Contract Tower,0,3,18,0,21,0,5,14,0,19,0,8,32,0,40,2,0,2,42
02/16/2019,EAU,WI,AGL,CE,Federal Contract Tower,0,4,10,0,14,0,4,32,4,40,0,8,42,4,54,4,0,4,58
02/17/2019,EAU,WI,AGL,CE,Federal Contract Tower,0,1,6,0,7,0,2,11,0,13,0,3,17,0,20,18,0,18,38
02/18/2019,EAU,WI,AGL,CE,Federal Contract Tower,0,4,14,0,18,0,1,24,0,25,0,5,38,0,43,8,0,8,51
02/19/2019,EAU,WI,AGL,CE,Federal Contract Tower,0,3,22,2,27,0,2,25,0,27,0,5,47,2,54,12,4,16,70
02/20/2019,EAU,WI,AGL,CE,Federal Contract Tower,0,3,6,0,9,0,0,0,0,0,0,3,6,0,9,0,0,0,9
02/21/2019,EAU,WI,AGL,CE,Federal Contract Tower,0,3,25,0,28,0,0,8,0,8,0,3,33,0,36,20,0,20,56
02/22/2019,EAU,WI,AGL,CE,Federal Contract Tower,0,3,14,2,19,0,0,19,0,19,0,3,33,2,38,56,0,56,94
02/23/2019,EAU,WI,AGL,CE,Federal Contract Tower,0,3,4,0,7,0,0,0,0,0,0,3,4,0,7,0,0,0,7
02/24/2019,EAU,WI,AGL,CE,Federal Contract Tower,0,4,0,0,4,0,0,0,0,0,0,4,0,0,4,0,0,0,4
02/25/2019,EAU,WI,AGL,CE,Federal Contract Tower,0,6,23,0,29,0,6,12,0,18,0,12,35,0,47,12,6,18,65
02/26/2019,EAU,WI,AGL,CE,Federal Contract Tower,0,3,25,0,28,0,10,1,0,11,0,13,26,0,39,0,0,0,39
02/27/2019,EAU,WI,AGL,CE,Federal Contract Tower,0,3,18,0,21,0,6,8,0,14,0,9,26,0,35,4,0,4,39
02/28/2019,EAU,WI,AGL,CE,Federal Contract Tower,0,3,22,0,25,0,5,8,3,16,0,8,30,3,41,0,0,0,41
03/01/2019,EAU,WI,AGL,CE,Federal Contract Tower,1,3,23,0,27,0,0,0,0,0,1,3,23,0,27,0,0,0,27
03/02/2019,EAU,WI,AGL,CE,Federal Contract Tower,0,3,8,0,11,0,5,14,0,19,0,8,22,0,30,18,0,18,48
03/03/2019,EAU,WI,AGL,CE,Federal Contract Tower,0,4,8,0,12,0,1,11,0,12,0,5,19,0,24,6,0,6,30
03/04/2019,EAU,WI,AGL,CE,Federal Contract Tower,0,3,15,0,18,0,0,5,0,5,0,3,20,0,23,6,0,6,29
03/05/2019,EAU,WI,AGL,CE,Federal Contract Tower,0,5,15,0,20,0,7,7,0,14,0,12,22,0,34,2,0,2,36
03/06/2019,EAU,WI,AGL,CE,Federal Contract Tower,0,3,19,0,22,0,5,7,0,12,0,8,26,0,34,14,0,14,48
03/07/2019,EAU,WI,AGL,CE,Federal Contract Tower,0,4,18,0,22,0,3,20,0,23,0,7,38,0,45,54,0,54,99
03/08/2019,EAU,WI,AGL,CE,Federal Contract Tower,0,3,15,0,18,0,4,22,0,26,0,7,37,0,44,40,0,40,84
03/09/2019,EAU,WI,AGL,CE,Federal Contract Tower,0,3,1,0,4,0,0,5,0,5,0,3,6,0,9,6,0,6,15
03/10/2019,EAU,WI,AGL,CE,Federal Contract Tower,0,2,3,0,5,0,4,3,0,7,0,6,6,0,12,2,0,2,14
03/11/2019,EAU,WI,AGL,CE,Federal Contract Tower,0,5,17,0,22,0,4,34,4,42,0,9,51,4,64,24,0,24,88
03/12/2019,EAU,WI,AGL,CE,Federal Contract Tower,0,5,19,2,26,0,0,12,0,12,0,5,31,2,38,12,0,12,50
03/13/2019,EAU,WI,AGL,CE,Federal Contract Tower,0,6,20,0,26,0,0,0,0,0,0,6,20,0,26,0,0,0,26
03/14/2019,EAU,WI,AGL,CE,Federal Contract Tower,0,5,14,0,19,0,0,0,0,0,0,5,14,0,19,0,0,0,19
03/15/2019,EAU,WI,AGL,CE,Federal Contract Tower,0,3,16,0,19,0,0,5,0,5,0,3,21,0,24,2,0,2,26
03/16/2019,EAU,WI,AGL,CE,Federal Contract Tower,0,4,19,3,26,0,4,55,0,59,0,8,74,3,85,48,0,48,133
03/17/2019,EAU,WI,AGL,CE,Federal Contract Tower,0,4,13,0,17,0,3,8,0,11,0,7,21,0,28,0,0,0,28
03/18/2019,EAU,WI,AGL,CE,Federal Contract Tower,0,3,20,0,23,0,7,7,0,14,0,10,27,0,37,0,0,0,37
03/19/2019,EAU,WI,AGL,CE,Federal Contract Tower,0,3,15,0,18,0,6,25,0,31,0,9,40,0,49,30,0,30,79
03/20/2019,EAU,WI,AGL,CE,Federal Contract Tower,0,6,16,0,22,0,2,18,2,22,0,8,34,2,44,28,0,28,72
03/21/2019,EAU,WI,AGL,CE,Federal Contract Tower,0,7,18,0,25,0,5,42,2,49,0,12,60,2,74,8,4,12,86
03/22/2019,EAU,WI,AGL,CE,Federal Contract Tower,0,3,18,0,21,0,8,27,0,35,0,11,45,0,56,36,0,36,92
03/23/2019,EAU,WI,AGL,CE,Federal Contract Tower,0,3,9,2,14,0,8,56,3,67,0,11,65,5,81,28,0,28,109
03/24/2019,EAU,WI,AGL,CE,Federal Contract Tower,0,3,11,0,14,0,2,6,0,8,0,5,17,0,22,4,0,4,26
03/25/2019,EAU,WI,AGL,CE,Federal Contract Tower,0,3,21,0,24,0,4,33,3,40,0,7,54,3,64,20,0,20,84
03/26/2019,EAU,WI,AGL,CE,Federal Contract Tower,0,6,18,0,24,0,5,21,2,28,0,11,39,2,52,6,0,6,58
03/27/2019,EAU,WI,AGL,CE,Federal Contract Tower,0,4,20,0,24,0,2,10,0,12,0,6,30,0,36,0,0,0,36
03/28/2019,EAU,WI,AGL,CE,Federal Contract Tower,0,3,9,0,12,0,0,15,0,15,0,3,24,0,27,6,0,6,33
03/29/2019,EAU,WI,AGL,CE,Federal Contract Tower,0,3,24,6,33,0,2,35,4,41,0,5,59,10,74,0,0,0,74
03/30/2019,EAU,WI,AGL,CE,Federal Contract Tower,0,3,8,0,11,0,0,8,0,8,0,3,16,0,19,0,0,0,19
03/31/2019,EAU,WI,AGL,CE,Federal Contract Tower,0,3,16,0,19,0,6,15,0,21,0,9,31,0,40,0,0,0,40
04/01/2019,EAU,WI,AGL,CE,Federal Contract Tower,0,3,13,0,16,0,10,16,2,28,0,13,29,2,44,18,0,18,62
04/02/2019,EAU,WI,AGL,CE,Federal Contract Tower,0,8,25,0,33,0,7,7,0,14,0,15,32,0,47,14,0,14,61
04/03/2019,EAU,WI,AGL,CE,Federal Contract Tower,0,3,19,0,22,0,2,30,2,34,0,5,49,2,56,38,0,38,94
04/04/2019,EAU,WI,AGL,CE,Federal Contract Tower,0,5,21,0,26,0,13,6,0,19,0,18,27,0,45,6,0,6,51
04/05/2019,EAU,WI,AGL,CE,Federal Contract Tower,2,3,17,0,22,0,0,5,0,5,2,3,22,0,27,4,0,4,31
04/06/2019,EAU,WI,AGL,CE,Federal Contract Tower,0,3,8,0,11,0,4,0,0,4,0,7,8,0,15,0,0,0,15
04/07/2019,EAU,WI,AGL,CE,Federal Contract Tower,0,3,14,0,17,0,4,6,0,10,0,7,20,0,27,4,0,4,31
04/08/2019,EAU,WI,AGL,CE,Federal Contract Tower,2,3,19,0,24,0,3,10,0,13,2,6,29,0,37,8,0,8,45
04/09/2019,EAU,WI,AGL,CE,Federal Contract Tower,0,3,19,0,22,0,4,23,2,29,0,7,42,2,51,6,0,6,57
04/10/2019,EAU,WI,AGL,CE,Federal Contract Tower,0,5,24,0,29,0,1,2,0,3,0,6,26,0,32,0,0,0,32
04/11/2019,EAU,WI,AGL,CE,Federal Contract Tower,0,4,3,0,7,0,0,0,0,0,0,4,3,0,7,0,0,0,7
04/12/2019,EAU,WI,AGL,CE,Federal Contract Tower,0,6,18,0,24,0,2,0,0,2,0,8,18,0,26,0,0,0,26
04/13/2019,EAU,WI,AGL,CE,Federal Contract Tower,0,3,12,0,15,0,1,6,0,7,0,4,18,0,22,2,0,2,24
04/14/2019,EAU,WI,AGL,CE,Federal Contract Tower,0,1,9,0,10,0,2,20,0,22,0,3,29,0,32,10,0,10,42
04/15/2019,EAU,WI,AGL,CE,Federal Contract Tower,0,2,14,0,16,0,5,42,0,47,0,7,56,0,63,6,0,6,69
04/16/2019,EAU,WI,AGL,CE,Federal Contract Tower,0,3,22,0,25,0,9,32,0,41,0,12,54,0,66,2,0,2,68
04/17/2019,EAU,WI,AGL,CE,Federal Contract Tower,0,6,18,0,24,0,2,0,0,2,0,8,18,0,26,0,0,0,26
04/18/2019,EAU,WI,AGL,CE,Federal Contract Tower,0,3,24,0,27,0,2,7,0,9,0,5,31,0,36,0,0,0,36
04/19/2019,EAU,WI,AGL,CE,Federal Contract Tower,0,3,20,2,25,0,4,32,0,36,0,7,52,2,61,16,0,16,77
04/20/2019,EAU,WI,AGL,CE,Federal Contract Tower,0,3,15,0,18,0,5,57,0,62,0,8,72,0,80,10,0,10,90
04/21/2019,EAU,WI,AGL,CE,Federal Contract Tower,0,2,3,0,5,0,3,13,0,16,0,5,16,0,21,16,0,16,37
04/22/2019,EAU,WI,AGL,CE,Federal Contract Tower,0,2,13,0,15,0,0,2,0,2,0,2,15,0,17,0,0,0,17
04/23/2019,EAU,WI,AGL,CE,Federal Contract Tower,0,3,16,0,19,0,2,38,4,44,0,5,54,4,63,36,0,36,99
04/24/2019,EAU,WI,AGL,CE,Federal Contract Tower,0,5,41,0,46,0,4,46,2,52,0,9,87,2,98,10,0,10,108
04/25/2019,EAU,WI,AGL,CE,Federal Contract Tower,0,4,23,0,27,0,4,11,0,15,0,8,34,0,42,0,0,0,42
04/26/2019,EAU,WI,AGL,CE,Federal Contract Tower,0,4,17,2,23,0,2,23,1,26,0,6,40,3,49,14,2,16,65
04/27/2019,EAU,WI,AGL,CE,Federal Contract Tower,0,1,7,0,8,0,2,19,0,21,0,3,26,0,29,8,0,8,37
04/28/2019,EAU,WI,AGL,CE,Federal Contract Tower,0,2,14,0,16,0,1,30,0,31,0,3,44,0,47,12,0,12,59
04/29/2019,EAU,WI,AGL,CE,Federal Contract Tower,0,6,24,0,30,0,7,3,0,10,0,13,27,0,40,0,0,0,40
04/30/2019,EAU,WI,AGL,CE,Federal Contract Tower,0,3,21,0,24,0,2,4,0,6,0,5,25,0,30,0,0,0,30
05/01/2019,EAU,WI,AGL,CE,Federal Contract Tower,0,3,23,0,26,0,2,0,0,2,0,5,23,0,28,0,0,0,28
05/02/2019,EAU,WI,AGL,CE,Federal Contract Tower,0,2,23,0,25,0,5,22,0,27,0,7,45,0,52,0,0,0,52
05/03/2019,EAU,WI,AGL,CE,Federal Contract Tower,0,6,24,0,30,0,0,38,0,38,0,6,62,0,68,0,0,0,68
05/04/2019,EAU,WI,AGL,CE,Federal Contract Tower,0,3,7,0,10,0,4,52,0,56,0,7,59,0,66,0,0,0,66
05/05/2019,EAU,WI,AGL,CE,Federal Contract Tower,0,2,8,0,10,0,5,16,0,21,0,7,24,0,31,8,0,8,39
05/06/2019,EAU,WI,AGL,CE,Federal Contract Tower,0,3,23,0,26,0,4,28,0,32,0,7,51,0,58,16,0,16,74
05/07/2019,EAU,WI,AGL,CE,Federal Contract Tower,0,3,16,0,19,0,0,0,0,0,0,3,16,0,19,8,0,8,27
05/08/2019,EAU,WI,AGL,CE,Federal Contract Tower,0,3,21,0,24,0,0,0,0,0,0,3,21,0,24,0,0,0,24
05/09/2019,EAU,WI,AGL,CE,Federal Contract Tower,0,3,14,0,17,0,0,3,0,3,0,3,17,0,20,0,0,0,20
05/10/2019,EAU,WI,AGL,CE,Federal Contract Tower,0,2,25,1,28,0,2,27,2,31,0,4,52,3,59,4,0,4,63
05/11/2019,EAU,WI,AGL,CE,Federal Contract Tower,0,3,9,0,12,0,10,39,2,51,0,13,48,2,63,0,0,0,63
05/12/2019,EAU,WI,AGL,CE,Federal Contract Tower,0,3,7,0,10,0,2,21,0,23,0,5,28,0,33,18,0,18,51
05/13/2019,EAU,WI,AGL,CE,Federal Contract Tower,0,3,15,0,18,0,7,32,0,39,0,10,47,0,57,12,0,12,69
05/14/2019,EAU,WI,AGL,CE,Federal Contract Tower,0,10,15,1,26,0,4,24,1,29,0,14,39,2,55,0,6,6,61
05/15/2019,EAU,WI,AGL,CE,Federal Contract Tower,0,3,22,1,26,0,4,42,5,51,0,7,64,6,77,0,0,0,77
05/16/2019,EAU,WI,AGL,CE,Federal Contract Tower,0,9,13,4,26,0,2,15,6,23,0,11,28,10,49,10,0,10,59
05/17/2019,EAU,WI,AGL,CE,Federal Contract Tower,0,4,21,0,25,0,6,36,0,42,0,10,57,0,67,40,0,40,107
05/18/2019,EAU,WI,AGL,CE,Federal Contract Tower,0,3,4,0,7,0,2,2,0,4,0,5,6,0,11,0,0,0,11
05/19/2019,EAU,WI,AGL,CE,Federal Contract Tower,0,2,10,0,12,0,0,0,0,0,0,2,10,0,12,0,0,0,12
05/20/2019,EAU,WI,AGL,CE,Federal Contract Tower,0,7,29,0,36,0,5,74,0,79,0,12,103,0,115,28,0,28,143
05/21/2019,EAU,WI,AGL,CE,Federal Contract Tower,0,6,16,0,22,0,3,5,0,8,0,9,21,0,30,18,0,18,48
05/22/2019,EAU,WI,AGL,CE,Federal Contract Tower,0,3,23,0,26,0,2,8,0,10,0,5,31,0,36,6,0,6,42
05/23/2019,EAU,WI,AGL,CE,Federal Contract Tower,0,5,21,0,26,0,4,11,0,15,0,9,32,0,41,0,0,0,41
05/24/2019,EAU,WI,AGL,CE,Federal Contract Tower,0,5,17,2,24,0,1,0,2,3,0,6,17,4,27,0,0,0,27
05/25/2019,EAU,WI,AGL,CE,Federal Contract Tower,0,3,12,0,15,0,5,29,0,34,0,8,41,0,49,0,0,0,49
05/26/2019,EAU,WI,AGL,CE,Federal Contract Tower,0,4,10,0,14,0,1,28,1,30,0,5,38,1,44,2,0,2,46
05/27/2019,EAU,WI,AGL,CE,Federal Contract Tower,0,4,7,0,11,0,0,0,0,0,0,4,7,0,11,0,0,0,11
05/28/2019,EAU,WI,AGL,CE,Federal Contract Tower,0,5,16,0,21,0,1,33,0,34,0,6,49,0,55,4,0,4,59
05/29/2019,EAU,WI,AGL,CE,Federal Contract Tower,0,4,26,3,33,0,1,30,1,32,0,5,56,4,65,16,18,34,99
05/30/2019,EAU,WI,AGL,CE,Federal Contract Tower,2,4,16,0,22,0,2,30,0,32,2,6,46,0,54,23,0,23,77
05/31/2019,EAU,WI,AGL,CE,Federal Contract Tower,0,4,19,0,23,0,6,31,0,37,0,10,50,0,60,4,0,4,64
06/01/2019,EAU,WI,AGL,CE,Federal Contract Tower,0,3,5,0,8,0,4,17,0,21,0,7,22,0,29,4,0,4,33
06/02/2019,EAU,WI,AGL,CE,Federal Contract Tower,4,3,10,0,17,0,6,33,0,39,4,9,43,0,56,10,0,10,66
06/03/2019,EAU,WI,AGL,CE,Federal Contract Tower,0,6,16,0,22,0,7,60,0,67,0,13,76,0,89,22,0,22,111
06/04/2019,EAU,WI,AGL,CE,Federal Contract Tower,0,3,26,0,29,0,2,14,0,16,0,5,40,0,45,4,0,4,49
06/05/2019,EAU,WI,AGL,CE,Federal Contract Tower,2,3,28,0,33,0,6,24,0,30,2,9,52,0,63,22,0,22,85
06/06/2019,EAU,WI,AGL,CE,Federal Contract Tower,0,4,18,0,22,0,10,45,4,59,0,14,63,4,81,8,2,10,91
06/07/2019,EAU,WI,AGL,CE,Federal Contract Tower,0,3,21,0,24,0,2,26,0,28,0,5,47,0,52,0,0,0,52
06/08/2019,EAU,WI,AGL,CE,Federal Contract Tower,0,4,5,0,9,0,2,78,3,83,0,6,83,3,92,0,0,0,92
06/09/2019,EAU,WI,AGL,CE,Federal Contract Tower,0,3,5,0,8,0,2,16,0,18,0,5,21,0,26,2,0,2,28
06/10/2019,EAU,WI,AGL,CE,Federal Contract Tower,0,3,22,0,25,0,7,27,2,36,0,10,49,2,61,34,0,34,95
06/11/2019,EAU,WI,AGL,CE,Federal Contract Tower,0,6,18,0,24,0,0,9,0,9,0,6,27,0,33,24,0,24,57
06/12/2019,EAU,WI,AGL,CE,Federal Contract Tower,0,5,27,2,34,0,2,18,3,23,0,7,45,5,57,26,0,26,83
06/13/2019,EAU,WI,AGL,CE,Federal Contract Tower,0,7,17,0,24,0,6,61,0,67,0,13,78,0,91,76,0,76,167
06/14/2019,EAU,WI,AGL,CE,Federal Contract Tower,0,6,7,0,13,0,4,4,0,8,0,10,11,0,21,0,0,0,21
06/15/2019,EAU,WI,AGL,CE,Federal Contract Tower,0,3,14,0,17,0,0,0,0,0,0,3,14,0,17,0,0,0,17
06/16/2019,EAU,WI,AGL,CE,Federal Contract Tower,0,3,8,2,13,0,5,4,2,11,0,8,12,4,24,6,0,6,30
06/17/2019,EAU,WI,AGL,CE,Federal Contract Tower,0,3,26,0,29,0,2,12,0,14,0,5,38,0,43,10,0,10,53
06/18/2019,EAU,WI,AGL,CE,Federal Contract Tower,0,5,27,0,32,0,0,38,0,38,0,5,65,0,70,38,0,38,108
06/19/2019,EAU,WI,AGL,CE,Federal Contract Tower,0,4,32,0,36,0,0,49,3,52,0,4,81,3,88,12,0,12,100
06/20/2019,EAU,WI,AGL,CE,Federal Contract Tower,0,3,20,0,23,0,2,18,0,20,0,5,38,0,43,28,0,28,71
06/21/2019,EAU,WI,AGL,CE,Federal Contract Tower,0,7,15,0,22,0,7,19,1,27,0,14,34,1,49,20,0,20,69
06/22/2019,EAU,WI,AGL,CE,Federal Contract Tower,0,3,15,0,18,0,0,20,0,20,0,3,35,0,38,8,0,8,46
06/23/2019,EAU,WI,AGL,CE,Federal Contract Tower,0,5,7,0,12,0,0,1,0,1,0,5,8,0,13,0,0,0,13
06/24/2019,EAU,WI,AGL,CE,Federal Contract Tower,0,9,23,0,32,0,1,0,0,1,0,10,23,0,33,2,0,2,35
06/25/2019,EAU,WI,AGL,CE,Federal Contract Tower,0,3,17,0,20,0,1,28,1,30,0,4,45,1,50,8,0,8,58
06/26/2019,EAU,WI,AGL,CE,Federal Contract Tower,0,7,36,0,43,0,5,40,0,45,0,12,76,0,88,8,0,8,96
06/27/2019,EAU,WI,AGL,CE,Federal Contract Tower,0,5,18,0,23,0,4,21,0,25,0,9,39,0,48,16,0,16,64
06/28/2019,EAU,WI,AGL,CE,Federal Contract Tower,0,7,22,0,29,0,2,37,0,39,0,9,59,0,68,2,0,2,70
06/29/2019,EAU,WI,AGL,CE,Federal Contract Tower,0,7,12,0,19,0,2,29,2,33,0,9,41,2,52,2,0,2,54
06/30/2019,EAU,WI,AGL,CE,Federal Contract Tower,0,4,9,0,13,0,1,2,0,3,0,5,11,0,16,0,0,0,16
07/01/2019,EAU,WI,AGL,CE,Federal Contract Tower,0,3,13,0,16,0,1,7,0,8,0,4,20,0,24,8,0,8,32
07/02/2019,EAU,WI,AGL,CE,Federal Contract Tower,0,6,29,0,35,0,2,21,0,23,0,8,50,0,58,20,0,20,78
07/03/2019,EAU,WI,AGL,CE,Federal Contract Tower,0,4,18,1,23,0,4,34,5,43,0,8,52,6,66,16,0,16,82
07/04/2019,EAU,WI,AGL,CE,Federal Contract Tower,2,5,5,0,12,0,3,6,0,9,2,8,11,0,21,0,0,0,21
07/05/2019,EAU,WI,AGL,CE,Federal Contract Tower,0,4,8,0,12,0,2,8,3,13,0,6,16,3,25,2,0,2,27
07/06/2019,EAU,WI,AGL,CE,Federal Contract Tower,0,5,3,0,8,0,3,27,4,34,0,8,30,4,42,8,0,8,50
07/07/2019,EAU,WI,AGL,CE,Federal Contract Tower,0,5,6,0,11,0,3,27,6,36,0,8,33,6,47,16,0,16,63
07/08/2019,EAU,WI,AGL,CE,Federal Contract Tower,0,5,15,0,20,0,5,48,7,60,0,10,63,7,80,36,0,36,116
07/09/2019,EAU,WI,AGL,CE,Federal Contract Tower,0,5,17,0,22,0,6,12,0,18,0,11,29,0,40,38,0,38,78
07/10/2019,EAU,WI,AGL,CE,Federal Contract Tower,0,4,28,0,32,0,2,20,2,24,0,6,48,2,56,0,0,0,56
07/11/2019,EAU,WI,AGL,CE,Federal Contract Tower,0,4,20,0,24,0,8,72,0,80,0,12,92,0,104,72,0,72,176
07/12/2019,EAU,WI,AGL,CE,Federal Contract Tower,0,3,16,0,19,0,2,35,1,38,0,5,51,1,57,26,0,26,83
07/13/2019,EAU,WI,AGL,CE,Federal Contract Tower,0,4,7,0,11,0,2,40,0,42,0,6,47,0,53,10,0,10,63
07/14/2019,EAU,WI,AGL,CE,Federal Contract Tower,0,3,8,0,11,0,1,29,2,32,0,4,37,2,43,8,0,8,51
07/15/2019,EAU,WI,AGL,CE,Federal Contract Tower,2,4,28,1,35,0,0,26,3,29,2,4,54,4,64,4,0,4,68
07/16/2019,EAU,WI,AGL,CE,Federal Contract Tower,0,11,31,0,42,0,3,20,0,23,0,14,51,0,65,20,0,20,85
07/17/2019,EAU,WI,AGL,CE,Federal Contract Tower,3,4,27,0,34,0,3,28,18,49,3,7,55,18,83,20,0,20,103
07/18/2019,EAU,WI,AGL,CE,Federal Contract Tower,3,6,31,0,40,0,5,25,0,30,3,11,56,0,70,34,0,34,104
07/19/2019,EAU,WI,AGL,CE,Federal Contract Tower,0,4,13,3,20,0,2,28,1,31,0,6,41,4,51,34,0,34,85
07/20/2019,EAU,WI,AGL,CE,Federal Contract Tower,0,2,13,0,15,0,0,21,0,21,0,2,34,0,36,0,0,0,36
07/21/2019,EAU,WI,AGL,CE,Federal Contract Tower,0,5,6,0,11,0,5,45,0,50,0,10,51,0,61,14,0,14,75
07/22/2019,EAU,WI,AGL,CE,Federal Contract Tower,0,5,25,0,30,0,2,45,4,51,0,7,70,4,81,20,0,20,101
07/23/2019,EAU,WI,AGL,CE,Federal Contract Tower,0,4,33,0,37,0,6,29,3,38,0,10,62,3,75,12,0,12,87
07/24/2019,EAU,WI,AGL,CE,Federal Contract Tower,0,6,31,1,38,0,0,61,1,62,0,6,92,2,100,40,0,40,140
07/25/2019,EAU,WI,AGL,CE,Federal Contract Tower,0,4,32,0,36,0,4,52,0,56,0,8,84,0,92,24,0,24,116
07/26/2019,EAU,WI,AGL,CE,Federal Contract Tower,0,4,22,0,26,0,1,27,3,31,0,5,49,3,57,12,0,12,69
07/27/2019,EAU,WI,AGL,CE,Federal Contract Tower,0,4,6,0,10,0,10,29,0,39,0,14,35,0,49,14,0,14,63
07/28/2019,EAU,WI,AGL,CE,Federal Contract Tower,0,4,10,1,15,0,0,16,4,20,0,4,26,5,35,8,0,8,43
07/29/2019,EAU,WI,AGL,CE,Federal Contract Tower,0,4,26,0,30,0,2,24,0,26,0,6,50,0,56,10,0,10,66
07/30/2019,EAU,WI,AGL,CE,Federal Contract Tower,2,8,19,0,29,0,3,53,4,60,2,11,72,4,89,38,0,38,127
07/31/2019,EAU,WI,AGL,CE,Federal Contract Tower,0,3,26,0,29,0,3,53,0,56,0,6,79,0,85,8,0,8,93
08/01/2019,EAU,WI,AGL,CE,Federal Contract Tower,0,5,16,0,21,0,6,54,0,60,0,11,70,0,81,12,0,12,93
08/02/2019,EAU,WI,AGL,CE,Federal Contract Tower,2,5,17,0,24,0,0,36,5,41,2,5,53,5,65,36,2,38,103
08/03/2019,EAU,WI,AGL,CE,Federal Contract Tower,0,3,8,0,11,0,7,36,3,46,0,10,44,3,57,2,0,2,59
08/04/2019,EAU,WI,AGL,CE,Federal Contract Tower,0,6,9,0,15,0,7,35,2,44,0,13,44,2,59,8,0,8,67
08/05/2019,EAU,WI,AGL,CE,Federal Contract Tower,0,4,29,0,33,0,2,3,0,5,0,6,32,0,38,6,0,6,44
08/06/2019,EAU,WI,AGL,CE,Federal Contract Tower,0,3,35,0,38,0,0,38,0,38,0,3,73,0,76,20,0,20,96
08/07/2019,EAU,WI,AGL,CE,Federal Contract Tower,0,3,30,0,33,0,0,27,0,27,0,3,57,0,60,6,0,6,66
08/08/2019,EAU,WI,AGL,CE,Federal Contract Tower,0,3,29,0,32,0,0,21,1,22,0,3,50,1,54,2,0,2,56
08/09/2019,EAU,WI,AGL,CE,Federal Contract Tower,0,3,26,0,29,0,0,46,3,49,0,3,72,3,78,28,0,28,106
08/10/2019,EAU,WI,AGL,CE,Federal Contract Tower,0,3,5,0,8,0,3,20,8,31,0,6,25,8,39,0,0,0,39
08/11/2019,EAU,WI,AGL,CE,Federal Contract Tower,0,5,18,0,23,0,1,12,0,13,0,6,30,0,36,4,0,4,40
08/12/2019,EAU,WI,AGL,CE,Federal Contract Tower,0,3,17,0,20,0,0,6,0,6,0,3,23,0,26,0,0,0,26
08/13/2019,EAU,WI,AGL,CE,Federal Contract Tower,0,4,19,0,23,0,0,4,0,4,0,4,23,0,27,0,0,0,27
08/14/2019,EAU,WI,AGL,CE,Federal Contract Tower,0,7,33,0,40,0,2,53,2,57,0,9,86,2,97,16,0,16,113
08/15/2019,EAU,WI,AGL,CE,Federal Contract Tower,0,4,37,0,41,0,6,40,4,50,0,10,77,4,91,10,0,10,101
08/16/2019,EAU,WI,AGL,CE,Federal Contract Tower,0,3,26,0,29,0,4,13,0,17,0,7,39,0,46,14,0,14,60
08/17/2019,EAU,WI,AGL,CE,Federal Contract Tower,0,3,12,0,15,0,0,39,0,39,0,3,51,0,54,4,0,4,58
08/18/2019,EAU,WI,AGL,CE,Federal Contract Tower,0,1,10,0,11,0,0,2,0,2,0,1,12,0,13,6,0,6,19
08/19/2019,EAU,WI,AGL,CE,Federal Contract Tower,0,4,23,0,27,0,0,43,0,43,0,4,66,0,70,20,0,20,90
08/20/2019,EAU,WI,AGL,CE,Federal Contract Tower,0,3,14,0,17,0,0,20,0,20,0,3,34,0,37,2,0,2,39
08/21/2019,EAU,WI,AGL,CE,Federal Contract Tower,0,3,19,1,23,0,12,39,11,62,0,15,58,12,85,16,12,28,113
08/22/2019,EAU,WI,AGL,CE,Federal Contract Tower,0,3,17,0,20,0,3,35,0,38,0,6,52,0,58,0,0,0,58
08/23/2019,EAU,WI,AGL,CE,Federal Contract Tower,0,3,25,0,28,0,4,39,0,43,0,7,64,0,71,44,0,44,115
08/24/2019,EAU,WI,AGL,CE,Federal Contract Tower,2,4,12,0,18,0,8,28,0,36,2,12,40,0,54,0,0,0,54
08/25/2019,EAU,WI,AGL,CE,Federal Contract Tower,0,5,7,0,12,0,3,46,1,50,0,8,53,1,62,4,0,4,66
08/26/2019,EAU,WI,AGL,CE,Federal Contract Tower,0,4,13,0,17,0,2,2,0,4,0,6,15,0,21,2,0,2,23
08/27/2019,EAU,WI,AGL,CE,Federal Contract Tower,0,3,20,0,23,0,0,10,1,11,0,3,30,1,34,6,0,6,40
08/28/2019,EAU,WI,AGL,CE,Federal Contract Tower,2,3,26,0,31,0,2,14,0,16,2,5,40,0,47,8,0,8,55
08/29/2019,EAU,WI,AGL,CE,Federal Contract Tower,2,4,16,0,22,0,3,20,0,23,2,7,36,0,45,2,0,2,47
08/30/2019,EAU,WI,AGL,CE,Federal Contract Tower,0,3,16,0,19,0,4,38,0,42,0,7,54,0,61,34,0,34,95
08/31/2019,EAU,WI,AGL,CE,Federal Contract Tower,0,3,8,0,11,0,5,33,0,38,0,8,41,0,49,10,0,10,59
09/01/2019,EAU,WI,AGL,CE,Federal Contract Tower,0,3,4,0,7,0,4,17,0,21,0,7,21,0,28,14,0,14,42
09/02/2019,EAU,WI,AGL,CE,Federal Contract Tower,0,4,7,0,11,0,1,9,0,10,0,5,16,0,21,6,0,6,27
09/03/2019,EAU,WI,AGL,CE,Federal Contract Tower,0,11,15,0,26,0,3,5,0,8,0,14,20,0,34,4,0,4,38
09/04/2019,EAU,WI,AGL,CE,Federal Contract Tower,0,4,18,2,24,0,3,37,0,40,0,7,55,2,64,10,0,10,74
09/05/2019,EAU,WI,AGL,CE,Federal Contract Tower,0,4,15,0,19,0,6,24,5,35,0,10,39,5,54,8,0,8,62
09/06/2019,EAU,WI,AGL,CE,Federal Contract Tower,0,3,28,0,31,0,4,16,0,20,0,7,44,0,51,14,0,14,65
09/07/2019,EAU,WI,AGL,CE,Federal Contract Tower,0,3,6,0,9,0,4,21,2,27,0,7,27,2,36,2,0,2,38
09/08/2019,EAU,WI,AGL,CE,Federal Contract Tower,0,4,12,0,16,0,7,4,0,11,0,11,16,0,27,0,0,0,27
09/09/2019,EAU,WI,AGL,CE,Federal Contract Tower,0,5,25,0,30,0,0,0,0,0,0,5,25,0,30,0,0,0,30
09/10/2019,EAU,WI,AGL,CE,Federal Contract Tower,0,3,30,0,33,0,0,20,0,20,0,3,50,0,53,12,0,12,65
09/11/2019,EAU,WI,AGL,CE,Federal Contract Tower,0,5,21,0,26,0,1,0,0,1,0,6,21,0,27,0,0,0,27
09/12/2019,EAU,WI,AGL,CE,Federal Contract Tower,0,5,11,0,16,0,0,0,0,0,0,5,11,0,16,0,0,0,16
09/13/2019,EAU,WI,AGL,CE,Federal Contract Tower,0,3,19,0,22,0,1,11,0,12,0,4,30,0,34,2,0,2,36
09/14/2019,EAU,WI,AGL,CE,Federal Contract Tower,0,3,9,0,12,0,6,32,3,41,0,9,41,3,53,6,0,6,59
09/15/2019,EAU,WI,AGL,CE,Federal Contract Tower,0,3,10,0,13,0,3,20,2,25,0,6,30,2,38,12,0,12,50
09/16/2019,EAU,WI,AGL,CE,Federal Contract Tower,0,3,32,0,35,0,1,31,0,32,0,4,63,0,67,40,0,40,107
09/17/2019,EAU,WI,AGL,CE,Federal Contract Tower,0,6,13,0,19,0,6,24,0,30,0,12,37,0,49,48,0,48,97
09/18/2019,EAU,WI,AGL,CE,Federal Contract Tower,0,3,18,0,21,0,5,2,0,7,0,8,20,0,28,0,0,0,28
09/19/2019,EAU,WI,AGL,CE,Federal Contract Tower,0,4,23,0,27,0,3,49,0,52,0,7,72,0,79,20,0,20,99
09/20/2019,EAU,WI,AGL,CE,Federal Contract Tower,0,4,24,0,28,0,2,7,2,11,0,6,31,2,39,14,0,14,53
09/21/2019,EAU,WI,AGL,CE,Federal Contract Tower,0,3,13,0,16,0,6,4,0,10,0,9,17,0,26,0,0,0,26
09/22/2019,EAU,WI,AGL,CE,Federal Contract Tower,0,7,15,0,22,0,5,24,0,29,0,12,39,0,51,0,0,0,51
09/23/2019,EAU,WI,AGL,CE,Federal Contract Tower,0,4,26,0,30,0,7,34,0,41,0,11,60,0,71,26,0,26,97
09/24/2019,EAU,WI,AGL,CE,Federal Contract Tower,0,3,17,0,20,0,12,16,0,28,0,15,33,0,48,30,0,30,78
09/25/2019,EAU,WI,AGL,CE,Federal Contract Tower,0,4,25,1,30,0,4,29,3,36,0,8,54,4,66,2,0,2,68
09/26/2019,EAU,WI,AGL,CE,Federal Contract Tower,0,5,24,0,29,0,2,36,3,41,0,7,60,3,70,20,0,20,90
09/27/2019,EAU,WI,AGL,CE,Federal Contract Tower,0,1,14,0,15,0,4,12,0,16,0,5,26,0,31,48,0,48,79
09/28/2019,EAU,WI,AGL,CE,Federal Contract Tower,0,2,23,0,25,0,4,41,0,45,0,6,64,0,70,8,0,8,78
09/29/2019,EAU,WI,AGL,CE,Federal Contract Tower,0,3,10,0,13,0,0,0,0,0,0,3,10,0,13,0,0,0,13
09/30/2019,EAU,WI,AGL,CE,Federal Contract Tower,0,7,17,0,24,0,2,7,0,9,0,9,24,0,33,6,0,6,39
10/01/2019,EAU,WI,AGL,CE,Federal Contract Tower,0,3,23,0,26,0,0,1,0,1,0,3,24,0,27,0,0,0,27
10/02/2019,EAU,WI,AGL,CE,Federal Contract Tower,0,4,29,0,33,0,2,0,0,2,0,6,29,0,35,0,0,0,35
10/03/2019,EAU,WI,AGL,CE,Federal Contract Tower,0,3,18,0,21,0,3,10,0,13,0,6,28,0,34,6,0,6,40
10/04/2019,EAU,WI,AGL,CE,Federal Contract Tower,0,5,32,0,37,0,8,33,0,41,0,13,65,0,78,38,0,38,116
10/05/2019,EAU,WI,AGL,CE,Federal Contract Tower,2,6,8,0,16,0,0,0,0,0,2,6,8,0,16,0,0,0,16
10/06/2019,EAU,WI,AGL,CE,Federal Contract Tower,0,4,17,0,21,0,3,16,0,19,0,7,33,0,40,0,0,0,40
10/07/2019,EAU,WI,AGL,CE,Federal Contract Tower,0,5,11,0,16,0,0,45,0,45,0,5,56,0,61,6,0,6,67
10/08/2019,EAU,WI,AGL,CE,Federal Contract Tower,0,5,23,2,30,0,2,18,0,20,0,7,41,2,50,38,0,38,88
10/09/2019,EAU,WI,AGL,CE,Federal Contract Tower,0,4,20,0,24,0,4,11,2,17,0,8,31,2,41,14,0,14,55
10/10/2019,EAU,WI,AGL,CE,Federal Contract Tower,0,8,21,0,29,0,2,29,0,31,0,10,50,0,60,16,0,16,76
10/11/2019,EAU,WI,AGL,CE,Federal Contract Tower,0,3,17,0,20,0,2,4,0,6,0,5,21,0,26,0,0,0,26
10/12/2019,EAU,WI,AGL,CE,Federal Contract Tower,0,3,11,0,14,0,2,0,0,2,0,5,11,0,16,0,0,0,16
10/13/2019,EAU,WI,AGL,CE,Federal Contract Tower,0,5,10,0,15,0,0,4,0,4,0,5,14,0,19,0,0,0,19
10/14/2019,EAU,WI,AGL,CE,Federal Contract Tower,0,5,28,0,33,0,3,41,2,46,0,8,69,2,79,26,0,26,105
10/15/2019,EAU,WI,AGL,CE,Federal Contract Tower,0,7,17,0,24,0,0,6,0,6,0,7,23,0,30,8,0,8,38
10/16/2019,EAU,WI,AGL,CE,Federal Contract Tower,0,4,21,1,26,0,2,28,1,31,0,6,49,2,57,38,0,38,95
10/17/2019,EAU,WI,AGL,CE,Federal Contract Tower,0,5,21,0,26,0,8,54,4,66,0,13,75,4,92,16,0,16,108
10/18/2019,EAU,WI,AGL,CE,Federal Contract Tower,0,3,20,0,23,0,8,11,0,19,0,11,31,0,42,34,0,34,76
10/19/2019,EAU,WI,AGL,CE,Federal Contract Tower,0,4,13,0,17,0,0,17,6,23,0,4,30,6,40,2,0,2,42
10/20/2019,EAU,WI,AGL,CE,Federal Contract Tower,0,3,15,0,18,0,0,25,0,25,0,3,40,0,43,0,0,0,43
10/21/2019,EAU,WI,AGL,CE,Federal Contract Tower,0,4,16,0,20,0,5,6,0,11,0,9,22,0,31,10,0,10,41
10/22/2019,EAU,WI,AGL,CE,Federal Contract Tower,0,3,13,0,16,0,2,0,2,4,0,5,13,2,20,0,0,0,20
10/23/2019,EAU,WI,AGL,CE,Federal Contract Tower,0,3,32,0,35,0,0,9,0,9,0,3,41,0,44,0,0,0,44
10/24/2019,EAU,WI,AGL,CE,Federal Contract Tower,0,3,23,0,26,0,1,26,0,27,0,4,49,0,53,0,0,0,53
10/25/2019,EAU,WI,AGL,CE,Federal Contract Tower,0,5,11,0,16,0,10,45,1,56,0,15,56,1,72,14,0,14,86
10/26/2019,EAU,WI,AGL,CE,Federal Contract Tower,0,3,8,0,11,0,0,29,2,31,0,3,37,2,42,0,2,2,44
10/27/2019,EAU,WI,AGL,CE,Federal Contract Tower,0,3,10,0,13,0,4,15,0,19,0,7,25,0,32,0,0,0,32
10/28/2019,EAU,WI,AGL,CE,Federal Contract Tower,0,3,15,0,18,0,1,27,0,28,0,4,42,0,46,32,0,32,78
10/29/2019,EAU,WI,AGL,CE,Federal Contract Tower,0,3,19,0,22,0,3,46,1,50,0,6,65,1,72,16,0,16,88
10/30/2019,EAU,WI,AGL,CE,Federal Contract Tower,0,4,20,0,24,0,0,27,0,27,0,4,47,0,51,0,0,0,51
10/31/2019,EAU,WI,AGL,CE,Federal Contract Tower,0,4,13,0,17,0,2,24,0,26,0,6,37,0,43,14,0,14,57
11/01/2019,EAU,WI,AGL,CE,Federal Contract Tower,0,3,28,0,31,0,14,6,0,20,0,17,34,0,51,2,0,2,53
11/02/2019,EAU,WI,AGL,CE,Federal Contract Tower,0,12,17,0,29,0,5,10,0,15,0,17,27,0,44,14,0,14,58
11/03/2019,EAU,WI,AGL,CE,Federal Contract Tower,0,2,10,0,12,0,1,22,0,23,0,3,32,0,35,16,0,16,51
11/04/2019,EAU,WI,AGL,CE,Federal Contract Tower,0,5,12,0,17,0,4,1,0,5,0,9,13,0,22,0,0,0,22
11/05/2019,EAU,WI,AGL,CE,Federal Contract Tower,0,3,14,0,17,0,6,18,0,24,0,9,32,0,41,0,0,0,41
11/06/2019,EAU,WI,AGL,CE,Federal Contract Tower,0,3,18,0,21,0,2,5,0,7,0,5,23,0,28,0,0,0,28
11/07/2019,EAU,WI,AGL,CE,Federal Contract Tower,0,5,18,0,23,0,2,26,0,28,0,7,44,0,51,2,0,2,53
11/08/2019,EAU,WI,AGL,CE,Federal Contract Tower,0,6,18,0,24,0,6,7,0,13,0,12,25,0,37,18,0,18,55
11/09/2019,EAU,WI,AGL,CE,Federal Contract Tower,0,3,7,0,10,0,4,19,0,23,0,7,26,0,33,0,0,0,33
11/10/2019,EAU,WI,AGL,CE,Federal Contract Tower,0,4,7,0,11,0,3,3,0,6,0,7,10,0,17,0,0,0,17
11/11/2019,EAU,WI,AGL,CE,Federal Contract Tower,0,1,15,0,16,0,1,3,0,4,0,2,18,0,20,4,0,4,24
11/12/2019,EAU,WI,AGL,CE,Federal Contract Tower,0,3,24,1,28,0,3,22,0,25,0,6,46,1,53,26,0,26,79
11/13/2019,EAU,WI,AGL,CE,Federal Contract Tower,0,3,18,1,22,0,0,2,0,2,0,3,20,1,24,18,0,18,42
11/14/2019,EAU,WI,AGL,CE,Federal Contract Tower,0,4,18,0,22,0,5,25,0,30,0,9,43,0,52,48,0,48,100
11/15/2019,EAU,WI,AGL,CE,Federal Contract Tower,0,4,20,0,24,0,2,43,0,45,0,6,63,0,69,16,0,16,85
11/16/2019,EAU,WI,AGL,CE,Federal Contract Tower,0,4,9,0,13,0,2,19,0,21,0,6,28,0,34,28,0,28,62
11/17/2019,EAU,WI,AGL,CE,Federal Contract Tower,0,5,7,0,12,0,0,0,0,0,0,5,7,0,12,0,0,0,12
11/18/2019,EAU,WI,AGL,CE,Federal Contract Tower,0,3,19,0,22,0,0,0,0,0,0,3,19,0,22,0,0,0,22
11/19/2019,EAU,WI,AGL,CE,Federal Contract Tower,0,5,9,0,14,0,0,0,0,0,0,5,9,0,14,0,0,0,14
11/20/2019,EAU,WI,AGL,CE,Federal Contract Tower,0,2,20,0,22,0,0,0,0,0,0,2,20,0,22,0,0,0,22
11/21/2019,EAU,WI,AGL,CE,Federal Contract Tower,0,7,24,0,31,0,0,1,0,1,0,7,25,0,32,0,0,0,32
11/22/2019,EAU,WI,AGL,CE,Federal Contract Tower,0,6,33,0,39,0,2,33,0,35,0,8,66,0,74,18,0,18,92
11/23/2019,EAU,WI,AGL,CE,Federal Contract Tower,0,3,7,0,10,0,7,28,0,35,0,10,35,0,45,14,0,14,59
11/24/2019,EAU,WI,AGL,CE,Federal Contract Tower,0,3,8,0,11,0,4,23,0,27,0,7,31,0,38,4,0,4,42
11/25/2019,EAU,WI,AGL,CE,Federal Contract Tower,0,6,20,0,26,0,0,22,0,22,0,6,42,0,48,16,0,16,64
11/26/2019,EAU,WI,AGL,CE,Federal Contract Tower,0,6,16,0,22,0,6,19,0,25,0,12,35,0,47,26,0,26,73
11/27/2019,EAU,WI,AGL,CE,Federal Contract Tower,0,4,3,0,7,0,0,0,0,0,0,4,3,0,7,0,0,0,7
11/28/2019,EAU,WI,AGL,CE,Federal Contract Tower,2,2,0,0,4,0,4,0,0,4,2,6,0,0,8,0,0,0,8
11/29/2019,EAU,WI,AGL,CE,Federal Contract Tower,0,9,2,0,11,0,0,0,0,0,0,9,2,0,11,0,0,0,11
11/30/2019,EAU,WI,AGL,CE,Federal Contract Tower,0,2,2,0,4,0,0,0,0,0,0,2,2,0,4,0,0,0,4
12/01/2019,EAU,WI,AGL,CE,Federal Contract Tower,2,1,10,0,13,0,0,0,0,0,2,1,10,0,13,0,0,0,13
12/02/2019,EAU,WI,AGL,CE,Federal Contract Tower,2,3,28,0,33,0,3,32,2,37,2,6,60,2,70,16,0,16,86
12/03/2019,EAU,WI,AGL,CE,Federal Contract Tower,0,4,20,0,24,0,2,15,0,17,0,6,35,0,41,4,0,4,45
12/04/2019,EAU,WI,AGL,CE,Federal Contract Tower,0,3,28,2,33,0,1,24,0,25,0,4,52,2,58,8,0,8,66
12/05/2019,EAU,WI,AGL,CE,Federal Contract Tower,2,5,27,0,34,0,1,22,0,23,2,6,49,0,57,16,0,16,73
12/06/2019,EAU,WI,AGL,CE,Federal Contract Tower,0,3,14,0,17,0,2,30,6,38,0,5,44,6,55,42,0,42,97
12/07/2019,EAU,WI,AGL,CE,Federal Contract Tower,0,3,10,0,13,0,2,31,0,33,0,5,41,0,46,22,0,22,68
12/08/2019,EAU,WI,AGL,CE,Federal Contract Tower,0,6,9,0,15,0,0,5,0,5,0,6,14,0,20,20,0,20,40
12/09/2019,EAU,WI,AGL,CE,Federal Contract Tower,0,1,27,0,28,0,0,0,0,0,0,1,27,0,28,0,0,0,28
12/10/2019,EAU,WI,AGL,CE,Federal Contract Tower,0,3,38,0,41,0,1,9,0,10,0,4,47,0,51,4,0,4,55
12/11/2019,EAU,WI,AGL,CE,Federal Contract Tower,0,3,31,0,34,0,2,17,0,19,0,5,48,0,53,12,0,12,65
12/12/2019,EAU,WI,AGL,CE,Federal Contract Tower,0,3,29,0,32,0,0,1,0,1,0,3,30,0,33,0,0,0,33
12/13/2019,EAU,WI,AGL,CE,Federal Contract Tower,0,2,34,0,36,0,0,6,0,6,0,2,40,0,42,8,0,8,50
12/14/2019,EAU,WI,AGL,CE,Federal Contract Tower,0,3,9,0,12,0,4,3,0,7,0,7,12,0,19,0,0,0,19
12/15/2019,EAU,WI,AGL,CE,Federal Contract Tower,0,2,13,0,15,0,4,31,0,35,0,6,44,0,50,10,0,10,60
12/16/2019,EAU,WI,AGL,CE,Federal Contract Tower,0,3,24,0,27,0,11,0,0,11,0,14,24,0,38,0,0,0,38
12/17/2019,EAU,WI,AGL,CE,Federal Contract Tower,0,5,36,0,41,0,0,0,0,0,0,5,36,0,41,2,0,2,43
12/18/2019,EAU,WI,AGL,CE,Federal Contract Tower,0,4,41,0,45,0,1,31,0,32,0,5,72,0,77,6,0,6,83
12/19/2019,EAU,WI,AGL,CE,Federal Contract Tower,0,4,26,2,32,0,0,31,1,32,0,4,57,3,64,40,0,40,104
12/20/2019,EAU,WI,AGL,CE,Federal Contract Tower,0,3,25,0,28,0,4,13,0,17,0,7,38,0,45,4,0,4,49
12/21/2019,EAU,WI,AGL,CE,Federal Contract Tower,0,3,9,0,12,0,1,23,0,24,0,4,32,0,36,16,0,16,52
12/22/2019,EAU,WI,AGL,CE,Federal Contract Tower,0,3,9,0,12,0,0,16,0,16,0,3,25,0,28,0,18,18,46
12/23/2019,EAU,WI,AGL,CE,Federal Contract Tower,0,3,12,0,15,0,0,21,0,21,0,3,33,0,36,2,0,2,38
12/24/2019,EAU,WI,AGL,CE,Federal Contract Tower,0,5,4,0,9,0,0,0,0,0,0,5,4,0,9,0,0,0,9
12/25/2019,EAU,WI,AGL,CE,Federal Contract Tower,0,0,1,0,1,0,0,0,0,0,0,0,1,0,1,0,0,0,1
12/26/2019,EAU,WI,AGL,CE,Federal Contract Tower,0,3,12,0,15,0,2,0,0,2,0,5,12,0,17,0,0,0,17
12/27/2019,EAU,WI,AGL,CE,Federal Contract Tower,0,7,12,0,19,0,1,11,0,12,0,8,23,0,31,4,0,4,35
12/28/2019,EAU,WI,AGL,CE,Federal Contract Tower,0,3,10,0,13,0,0,0,0,0,0,3,10,0,13,0,0,0,13
12/29/2019,EAU,WI,AGL,CE,Federal Contract Tower,0,3,8,0,11,0,0,0,0,0,0,3,8,0,11,0,0,0,11
12/30/2019,EAU,WI,AGL,CE,Federal Contract Tower,0,3,8,0,11,0,0,0,0,0,0,3,8,0,11,0,0,0,11
12/31/2019,EAU,WI,AGL,CE,Federal Contract Tower,0,2,5,0,7,0,4,16,0,20,0,6,21,0,27,10,0,10,37
01/01/2020,EAU,WI,AGL,CE,Federal Contract Tower,0,1,2,0,3,0,3,16,3,22,0,4,18,3,25,0,0,0,25
01/02/2020,EAU,WI,AGL,CE,Federal Contract Tower,2,5,11,0,18,0,0,9,0,9,2,5,20,0,27,0,0,0,27
01/03/2020,EAU,WI,AGL,CE,Federal Contract Tower,0,3,14,0,17,0,4,7,0,11,0,7,21,0,28,14,0,14,42
01/04/2020,EAU,WI,AGL,CE,Federal Contract Tower,0,3,6,0,9,0,2,7,0,9,0,5,13,0,18,8,0,8,26
01/05/2020,EAU,WI,AGL,CE,Federal Contract Tower,0,3,9,0,12,0,2,1,0,3,0,5,10,0,15,2,0,2,17
01/06/2020,EAU,WI,AGL,CE,Federal Contract Tower,0,6,24,0,30,0,5,39,11,55,0,11,63,11,85,22,0,22,107
01/07/2020,EAU,WI,AGL,CE,Federal Contract Tower,0,4,26,0,30,0,4,6,2,12,0,8,32,2,42,2,0,2,44
01/08/2020,EAU,WI,AGL,CE,Federal Contract Tower,0,6,35,1,42,0,6,48,8,62,0,12,83,9,104,24,0,24,128
01/09/2020,EAU,WI,AGL,CE,Federal Contract Tower,0,5,28,0,33,0,0,2,0,2,0,5,30,0,35,0,0,0,35
01/10/2020,EAU,WI,AGL,CE,Federal Contract Tower,0,3,24,1,28,0,2,10,4,16,0,5,34,5,44,0,0,0,44
01/11/2020,EAU,WI,AGL,CE,Federal Contract Tower,0,1,6,0,7,0,3,23,0,26,0,4,29,0,33,8,0,8,41
01/12/2020,EAU,WI,AGL,CE,Federal Contract Tower,0,2,14,2,18,0,6,0,0,6,0,8,14,2,24,0,0,0,24
01/13/2020,EAU,WI,AGL,CE,Federal Contract Tower,0,4,11,0,15,0,3,4,0,7,0,7,15,0,22,0,0,0,22
01/14/2020,EAU,WI,AGL,CE,Federal Contract Tower,0,3,21,0,24,0,2,0,0,2,0,5,21,0,26,0,0,0,26
01/15/2020,EAU,WI,AGL,CE,Federal Contract Tower,0,3,10,0,13,0,4,5,0,9,0,7,15,0,22,18,0,18,40
01/16/2020,EAU,WI,AGL,CE,Federal Contract Tower,0,3,14,3,20,0,2,29,2,33,0,5,43,5,53,50,0,50,103
01/17/2020,EAU,WI,AGL,CE,Federal Contract Tower,0,3,13,0,16,0,4,0,0,4,0,7,13,0,20,0,0,0,20
01/18/2020,EAU,WI,AGL,CE,Federal Contract Tower,0,0,1,0,1,0,0,0,0,0,0,0,1,0,1,0,0,0,1
01/19/2020,EAU,WI,AGL,CE,Federal Contract Tower,0,3,5,0,8,0,5,2,0,7,0,8,7,0,15,0,0,0,15
01/20/2020,EAU,WI,AGL,CE,Federal Contract Tower,0,4,22,2,28,0,3,44,0,47,0,7,66,2,75,16,0,16,91
01/21/2020,EAU,WI,AGL,CE,Federal Contract Tower,0,4,33,2,39,0,2,18,5,25,0,6,51,7,64,24,0,24,88
01/22/2020,EAU,WI,AGL,CE,Federal Contract Tower,0,3,33,0,36,0,0,0,0,0,0,3,33,0,36,0,0,0,36
01/23/2020,EAU,WI,AGL,CE,Federal Contract Tower,0,3,24,0,27,0,0,1,0,1,0,3,25,0,28,0,0,0,28
01/24/2020,EAU,WI,AGL,CE,Federal Contract Tower,0,5,16,0,21,0,0,0,0,0,0,5,16,0,21,0,0,0,21
01/25/2020,EAU,WI,AGL,CE,Federal Contract Tower,0,5,6,0,11,0,2,2,0,4,0,7,8,0,15,4,0,4,19
01/26/2020,EAU,WI,AGL,CE,Federal Contract Tower,0,2,10,0,12,0,0,0,0,0,0,2,10,0,12,0,0,0,12
01/27/2020,EAU,WI,AGL,CE,Federal Contract Tower,0,5,12,0,17,0,0,0,0,0,0,5,12,0,17,0,0,0,17
01/28/2020,EAU,WI,AGL,CE,Federal Contract Tower,0,3,15,0,18,0,0,2,0,2,0,3,17,0,20,0,0,0,20
01/29/2020,EAU,WI,AGL,CE,Federal Contract Tower,0,3,14,2,19,0,2,18,0,20,0,5,32,2,39,24,0,24,63
01/30/2020,EAU,WI,AGL,CE,Federal Contract Tower,0,5,16,0,21,0,0,0,0,0,0,5,16,0,21,0,0,0,21
01/31/2020,EAU,WI,AGL,CE,Federal Contract Tower,0,3,18,0,21,0,0,0,0,0,0,3,18,0,21,0,0,0,21
02/01/2020,EAU,WI,AGL,CE,Federal Contract Tower,2,3,8,0,13,0,5,26,2,33,2,8,34,2,46,8,0,8,54
02/02/2020,EAU,WI,AGL,CE,Federal Contract Tower,0,3,9,0,12,0,2,25,2,29,0,5,34,2,41,0,0,0,41
02/03/2020,EAU,WI,AGL,CE,Federal Contract Tower,0,3,22,3,28,0,4,33,0,37,0,7,55,3,65,20,0,20,85
02/04/2020,EAU,WI,AGL,CE,Federal Contract Tower,2,3,16,0,21,0,1,25,0,26,2,4,41,0,47,42,0,42,89
02/05/2020,EAU,WI,AGL,CE,Federal Contract Tower,2,5,16,0,23,0,1,28,3,32,2,6,44,3,55,12,0,12,67
02/06/2020,EAU,WI,AGL,CE,Federal Contract Tower,0,10,21,2,33,0,2,39,3,44,0,12,60,5,77,10,2,12,89
02/07/2020,EAU,WI,AGL,CE,Federal Contract Tower,0,3,16,0,19,0,4,9,0,13,0,7,25,0,32,6,0,6,38
02/08/2020,EAU,WI,AGL,CE,Federal Contract Tower,2,3,10,0,15,0,4,16,0,20,2,7,26,0,35,6,0,6,41
02/09/2020,EAU,WI,AGL,CE,Federal Contract Tower,0,3,10,0,13,0,0,1,0,1,0,3,11,0,14,0,0,0,14
02/10/2020,EAU,WI,AGL,CE,Federal Contract Tower,0,3,24,0,27,0,2,35,0,37,0,5,59,0,64,14,0,14,78
02/11/2020,EAU,WI,AGL,CE,Federal Contract Tower,0,3,13,1,17,0,2,1,0,3,0,5,14,1,20,6,0,6,26
02/12/2020,EAU,WI,AGL,CE,Federal Contract Tower,0,3,17,0,20,0,2,5,3,10,0,5,22,3,30,26,0,26,56
02/13/2020,EAU,WI,AGL,CE,Federal Contract Tower,0,3,21,2,26,0,0,5,0,5,0,3,26,2,31,6,0,6,37
02/14/2020,EAU,WI,AGL,CE,Federal Contract Tower,0,4,28,0,32,0,3,7,0,10,0,7,35,0,42,24,0,24,66
02/15/2020,EAU,WI,AGL,CE,Federal Contract Tower,0,3,4,0,7,0,0,12,0,12,0,3,16,0,19,32,0,32,51
02/16/2020,EAU,WI,AGL,CE,Federal Contract Tower,0,3,13,0,16,0,3,40,6,49,0,6,53,6,65,28,0,28,93
02/17/2020,EAU,WI,AGL,CE,Federal Contract Tower,0,3,14,0,17,0,1,11,0,12,0,4,25,0,29,6,0,6,35
02/18/2020,EAU,WI,AGL,CE,Federal Contract Tower,0,4,16,0,20,0,3,9,2,14,0,7,25,2,34,4,0,4,38
02/19/2020,EAU,WI,AGL,CE,Federal Contract Tower,0,3,24,0,27,0,6,21,0,27,0,9,45,0,54,22,2,24,78
02/20/2020,EAU,WI,AGL,CE,Federal Contract Tower,0,3,16,0,19,0,4,22,0,26,0,7,38,0,45,0,0,0,45
02/21/2020,EAU,WI,AGL,CE,Federal Contract Tower,0,3,21,0,24,0,2,17,4,23,0,5,38,4,47,10,0,10,57
02/22/2020,EAU,WI,AGL,CE,Federal Contract Tower,0,3,4,0,7,0,4,44,0,48,0,7,48,0,55,8,0,8,63
02/23/2020,EAU,WI,AGL,CE,Federal Contract Tower,0,4,8,0,12,0,9,32,0,41,0,13,40,0,53,26,0,26,79
02/24/2020,EAU,WI,AGL,CE,Federal Contract Tower,0,6,21,0,27,0,5,26,0,31,0,11,47,0,58,38,0,38,96
02/25/2020,EAU,WI,AGL,CE,Federal Contract Tower,0,3,21,0,24,0,2,13,0,15,0,5,34,0,39,4,0,4,43
02/26/2020,EAU,WI,AGL,CE,Federal Contract Tower,0,3,20,0,23,0,0,3,0,3,0,3,23,0,26,12,0,12,38
02/27/2020,EAU,WI,AGL,CE,Federal Contract Tower,0,3,21,0,24,0,4,24,0,28,0,7,45,0,52,18,0,18,70
02/28/2020,EAU,WI,AGL,CE,Federal Contract Tower,0,3,23,0,26,0,1,30,0,31,0,4,53,0,57,18,0,18,75
02/29/2020,EAU,WI,AGL,CE,Federal Contract Tower,0,3,5,0,8,0,3,12,0,15,0,6,17,0,23,10,0,10,33
03/01/2020,EAU,WI,AGL,CE,Federal Contract Tower,0,4,6,0,10,0,3,48,2,53,0,7,54,2,63,20,0,20,83
03/02/2020,EAU,WI,AGL,CE,Federal Contract Tower,0,3,19,0,22,0,6,15,0,21,0,9,34,0,43,18,0,18,61
03/03/2020,EAU,WI,AGL,CE,Federal Contract Tower,0,1,16,0,17,0,1,9,2,12,0,2,25,2,29,2,0,2,31
03/04/2020,EAU,WI,AGL,CE,Federal Contract Tower,0,7,20,0,27,0,3,39,2,44,0,10,59,2,71,48,0,48,119
03/05/2020,EAU,WI,AGL,CE,Federal Contract Tower,0,6,21,0,27,0,2,2,0,4,0,8,23,0,31,0,0,0,31
03/06/2020,EAU,WI,AGL,CE,Federal Contract Tower,0,3,25,0,28,0,0,0,0,0,0,3,25,0,28,2,0,2,30
03/07/2020,EAU,WI,AGL,CE,Federal Contract Tower,2,3,12,0,17,0,2,29,0,31,2,5,41,0,48,0,0,0,48
03/08/2020,EAU,WI,AGL,CE,Federal Contract Tower,0,3,11,0,14,0,3,26,1,30,0,6,37,1,44,8,0,8,52
03/09/2020,EAU,WI,AGL,CE,Federal Contract Tower,0,3,16,0,19,0,2,2,0,4,0,5,18,0,23,0,0,0,23
03/10/2020,EAU,WI,AGL,CE,Federal Contract Tower,0,3,13,0,16,0,4,15,2,21,0,7,28,2,37,8,0,8,45
03/11/2020,EAU,WI,AGL,CE,Federal Contract Tower,2,3,18,0,23,0,0,4,0,4,2,3,22,0,27,2,0,2,29
03/12/2020,EAU,WI,AGL,CE,Federal Contract Tower,0,3,14,0,17,0,0,1,0,1,0,3,15,0,18,0,0,0,18
03/13/2020,EAU,WI,AGL,CE,Federal Contract Tower,0,3,20,0,23,0,2,8,0,10,0,5,28,0,33,0,0,0,33
03/14/2020,EAU,WI,AGL,CE,Federal Contract Tower,0,3,6,0,9,0,1,32,2,35,0,4,38,2,44,24,0,24,68
03/15/2020,EAU,WI,AGL,CE,Federal Contract Tower,0,3,8,0,11,0,2,21,0,23,0,5,29,0,34,12,0,12,46
03/16/2020,EAU,WI,AGL,CE,Federal Contract Tower,0,3,6,0,9,0,0,0,0,0,0,3,6,0,9,0,0,0,9
03/17/2020,EAU,WI,AGL,CE,Federal Contract Tower,0,3,12,0,15,0,2,21,0,23,0,5,33,0,38,12,0,12,50
03/18/2020,EAU,WI,AGL,CE,Federal Contract Tower,0,3,10,0,13,0,0,2,0,2,0,3,12,0,15,0,0,0,15
03/19/2020,EAU,WI,AGL,CE,Federal Contract Tower,0,3,11,0,14,0,0,0,0,0,0,3,11,0,14,0,0,0,14
03/20/2020,EAU,WI,AGL,CE,Federal Contract Tower,0,3,10,0,13,0,4,2,1,7,0,7,12,1,20,0,0,0,20
03/21/2020,EAU,WI,AGL,CE,Federal Contract Tower,0,1,12,0,13,0,0,25,0,25,0,1,37,0,38,6,0,6,44
03/22/2020,EAU,WI,AGL,CE,Federal Contract Tower,0,1,4,0,5,0,3,6,0,9,0,4,10,0,14,0,0,0,14
03/23/2020,EAU,WI,AGL,CE,Federal Contract Tower,0,1,3,0,4,0,0,0,0,0,0,1,3,0,4,0,0,0,4
03/24/2020,EAU,WI,AGL,CE,Federal Contract Tower,0,4,4,2,10,0,2,2,0,4,0,6,6,2,14,0,0,0,14
03/25/2020,EAU,WI,AGL,CE,Federal Contract Tower,0,3,2,0,5,0,0,0,0,0,0,3,2,0,5,0,0,0,5
03/26/2020,EAU,WI,AGL,CE,Federal Contract Tower,0,4,4,0,8,0,6,17,0,23,0,10,21,0,31,10,0,10,41
03/27/2020,EAU,WI,AGL,CE,Federal Contract Tower,0,3,4,0,7,0,4,41,0,45,0,7,45,0,52,22,0,22,74
03/28/2020,EAU,WI,AGL,CE,Federal Contract Tower,0,4,0,0,4,0,2,2,0,4,0,6,2,0,8,0,0,0,8
03/29/2020,EAU,WI,AGL,CE,Federal Contract Tower,0,5,5,0,10,0,0,0,0,0,0,5,5,0,10,0,0,0,10
03/30/2020,EAU,WI,AGL,CE,Federal Contract Tower,0,4,9,0,13,0,0,26,0,26,0,4,35,0,39,6,0,6,45
03/31/2020,EAU,WI,AGL,CE,Federal Contract Tower,0,3,7,0,10,0,5,23,0,28,0,8,30,0,38,22,0,22,60
04/01/2020,EAU,WI,AGL,CE,Federal Contract Tower,0,5,5,0,10,0,0,11,0,11,0,5,16,0,21,24,0,24,45
04/02/2020,EAU,WI,AGL,CE,Federal Contract Tower,0,3,2,0,5,0,3,4,0,7,0,6,6,0,12,10,0,10,22
04/03/2020,EAU,WI,AGL,CE,Federal Contract Tower,0,3,2,0,5,0,0,0,0,0,0,3,2,0,5,0,0,0,5
04/04/2020,EAU,WI,AGL,CE,Federal Contract Tower,0,5,4,0,9,0,2,14,4,20,0,7,18,4,29,0,0,0,29
04/05/2020,EAU,WI,AGL,CE,Federal Contract Tower,0,4,2,0,6,0,2,34,3,39,0,6,36,3,45,12,0,12,57
04/06/2020,EAU,WI,AGL,CE,Federal Contract Tower,0,3,2,0,5,0,0,10,0,10,0,3,12,0,15,2,0,2,17
04/07/2020,EAU,WI,AGL,CE,Federal Contract Tower,0,4,4,0,8,0,0,0,0,0,0,4,4,0,8,0,0,0,8
04/08/2020,EAU,WI,AGL,CE,Federal Contract Tower,0,3,3,0,6,0,8,12,2,22,0,11,15,2,28,4,0,4,32
04/09/2020,EAU,WI,AGL,CE,Federal Contract Tower,0,4,3,0,7,0,2,3,0,5,0,6,6,0,12,0,0,0,12
04/10/2020,EAU,WI,AGL,CE,Federal Contract Tower,0,3,3,0,6,0,7,28,0,35,0,10,31,0,41,4,0,4,45
04/11/2020,EAU,WI,AGL,CE,Federal Contract Tower,0,3,1,0,4,0,5,37,0,42,0,8,38,0,46,10,0,10,56
04/12/2020,EAU,WI,AGL,CE,Federal Contract Tower,0,1,0,0,1,0,0,0,0,0,0,1,0,0,1,0,0,0,1
04/13/2020,EAU,WI,AGL,CE,Federal Contract Tower,0,2,2,0,4,0,5,2,0,7,0,7,4,0,11,2,0,2,13
04/14/2020,EAU,WI,AGL,CE,Federal Contract Tower,0,3,2,0,5,0,0,3,0,3,0,3,5,0,8,0,0,0,8
04/15/2020,EAU,WI,AGL,CE,Federal Contract Tower,0,5,7,2,14,0,1,15,0,16,0,6,22,2,30,28,0,28,58
04/16/2020,EAU,WI,AGL,CE,Federal Contract Tower,0,4,6,0,10,0,4,13,1,18,0,8,19,1,28,12,0,12,40
04/17/2020,EAU,WI,AGL,CE,Federal Contract Tower,0,3,7,0,10,0,1,29,0,30,0,4,36,0,40,10,0,10,50
04/18/2020,EAU,WI,AGL,CE,Federal Contract Tower,0,4,4,0,8,0,4,21,0,25,0,8,25,0,33,2,0,2,35
04/19/2020,EAU,WI,AGL,CE,Federal Contract Tower,0,3,1,0,4,0,0,32,0,32,0,3,33,0,36,4,0,4,40
04/20/2020,EAU,WI,AGL,CE,Federal Contract Tower,0,3,0,0,3,0,0,9,0,9,0,3,9,0,12,0,0,0,12
04/21/2020,EAU,WI,AGL,CE,Federal Contract Tower,0,5,3,0,8,0,0,16,1,17,0,5,19,1,25,10,2,12,37
04/22/2020,EAU,WI,AGL,CE,Federal Contract Tower,0,4,1,0,5,0,1,21,0,22,0,5,22,0,27,32,0,32,59
04/23/2020,EAU,WI,AGL,CE,Federal Contract Tower,0,6,3,0,9,0,6,14,0,20,0,12,17,0,29,2,0,2,31
04/24/2020,EAU,WI,AGL,CE,Federal Contract Tower,0,3,5,0,8,0,1,27,0,28,0,4,32,0,36,10,0,10,46
04/25/2020,EAU,WI,AGL,CE,Federal Contract Tower,0,3,5,0,8,0,1,38,0,39,0,4,43,0,47,8,0,8,55
04/26/2020,EAU,WI,AGL,CE,Federal Contract Tower,0,3,1,0,4,0,5,26,4,35,0,8,27,4,39,0,0,0,39
04/27/2020,EAU,WI,AGL,CE,Federal Contract Tower,0,4,0,0,4,0,3,4,0,7,0,7,4,0,11,2,0,2,13
04/28/2020,EAU,WI,AGL,CE,Federal Contract Tower,0,3,4,0,7,0,0,1,0,1,0,3,5,0,8,0,0,0,8
04/29/2020,EAU,WI,AGL,CE,Federal Contract Tower,0,5,0,0,5,0,4,4,0,8,0,9,4,0,13,0,0,0,13
04/30/2020,EAU,WI,AGL,CE,Federal Contract Tower,0,3,4,0,7,0,8,26,0,34,0,11,30,0,41,0,0,0,41
05/01/2020,EAU,WI,AGL,CE,Federal Contract Tower,0,1,4,0,5,0,3,18,2,23,0,4,22,2,28,0,0,0,28
05/02/2020,EAU,WI,AGL,CE,Federal Contract Tower,0,1,2,0,3,0,4,16,0,20,0,5,18,0,23,12,0,12,35
05/03/2020,EAU,WI,AGL,CE,Federal Contract Tower,0,3,0,0,3,0,1,15,0,16,0,4,15,0,19,0,0,0,19
05/04/2020,EAU,WI,AGL,CE,Federal Contract Tower,0,8,9,0,17,0,3,23,0,26,0,11,32,0,43,4,0,4,47
05/05/2020,EAU,WI,AGL,CE,Federal Contract Tower,0,4,0,1,5,0,2,14,0,16,0,6,14,1,21,0,0,0,21
05/06/2020,EAU,WI,AGL,CE,Federal Contract Tower,0,4,10,0,14,0,4,10,0,14,0,8,20,0,28,2,0,2,30
05/07/2020,EAU,WI,AGL,CE,Federal Contract Tower,0,5,8,0,13,0,1,20,0,21,0,6,28,0,34,0,0,0,34
05/08/2020,EAU,WI,AGL,CE,Federal Contract Tower,0,4,7,0,11,0,0,13,0,13,0,4,20,0,24,6,0,6,30
05/09/2020,EAU,WI,AGL,CE,Federal Contract Tower,0,4,2,0,6,0,2,17,0,19,0,6,19,0,25,16,0,16,41
05/10/2020,EAU,WI,AGL,CE,Federal Contract Tower,0,3,0,0,3,0,2,3,0,5,0,5,3,0,8,2,0,2,10
05/11/2020,EAU,WI,AGL,CE,Federal Contract Tower,0,4,8,0,12,0,3,18,2,23,0,7,26,2,35,14,0,14,49
05/12/2020,EAU,WI,AGL,CE,Federal Contract Tower,0,6,2,0,8,0,1,31,3,35,0,7,33,3,43,12,0,12,55
05/13/2020,EAU,WI,AGL,CE,Federal Contract Tower,0,5,5,0,10,0,2,13,0,15,0,7,18,0,25,2,0,2,27
05/14/2020,EAU,WI,AGL,CE,Federal Contract Tower,0,7,22,0,29,0,6,7,0,13,0,13,29,0,42,6,0,6,48
05/15/2020,EAU,WI,AGL,CE,Federal Contract Tower,0,4,1,0,5,0,4,12,0,16,0,8,13,0,21,0,0,0,21
05/16/2020,EAU,WI,AGL,CE,Federal Contract Tower,0,7,2,0,9,0,13,26,0,39,0,20,28,0,48,16,0,16,64
05/17/2020,EAU,WI,AGL,CE,Federal Contract Tower,0,7,0,0,7,0,0,0,0,0,0,7,0,0,7,0,0,0,7
05/18/2020,EAU,WI,AGL,CE,Federal Contract Tower,0,4,7,0,11,0,1,1,0,2,0,5,8,0,13,0,0,0,13
05/19/2020,EAU,WI,AGL,CE,Federal Contract Tower,0,5,3,0,8,0,6,4,0,10,0,11,7,0,18,30,0,30,48
05/20/2020,EAU,WI,AGL,CE,Federal Contract Tower,0,5,10,0,15,0,3,10,0,13,0,8,20,0,28,28,0,28,56
05/21/2020,EAU,WI,AGL,CE,Federal Contract Tower,0,6,5,0,11,0,4,15,2,21,0,10,20,2,32,0,0,0,32
05/22/2020,EAU,WI,AGL,CE,Federal Contract Tower,0,4,9,0,13,0,3,12,0,15,0,7,21,0,28,0,0,0,28
05/23/2020,EAU,WI,AGL,CE,Federal Contract Tower,0,5,1,0,6,0,4,8,0,12,0,9,9,0,18,12,0,12,30
05/24/2020,EAU,WI,AGL,CE,Federal Contract Tower,0,7,8,0,15,0,7,20,0,27,0,14,28,0,42,20,0,20,62
05/25/2020,EAU,WI,AGL,CE,Federal Contract Tower,0,4,1,0,5,0,2,3,0,5,0,6,4,0,10,2,0,2,12
05/26/2020,EAU,WI,AGL,CE,Federal Contract Tower,0,5,6,0,11,0,0,11,0,11,0,5,17,0,22,6,0,6,28
05/27/2020,EAU,WI,AGL,CE,Federal Contract Tower,0,4,14,0,18,0,3,4,0,7,0,7,18,0,25,8,0,8,33
05/28/2020,EAU,WI,AGL,CE,Federal Contract Tower,0,4,6,0,10,0,1,13,0,14,0,5,19,0,24,10,0,10,34
05/29/2020,EAU,WI,AGL,CE,Federal Contract Tower,0,5,6,0,11,0,2,24,0,26,0,7,30,0,37,0,0,0,37
05/30/2020,EAU,WI,AGL,CE,Federal Contract Tower,0,7,4,0,11,0,3,35,0,38,0,10,39,0,49,14,0,14,63
05/31/2020,EAU,WI,AGL,CE,Federal Contract Tower,0,4,8,0,12,0,6,31,2,39,0,10,39,2,51,6,0,6,57
06/01/2020,EAU,WI,AGL,CE,Federal Contract Tower,0,7,0,0,7,0,7,16,0,23,0,14,16,0,30,8,0,8,38
06/02/2020,EAU,WI,AGL,CE,Federal Contract Tower,0,2,6,0,8,0,0,17,0,17,0,2,23,0,25,32,0,32,57
06/03/2020,EAU,WI,AGL,CE,Federal Contract Tower,0,3,7,0,10,0,3,22,0,25,0,6,29,0,35,62,0,62,97
06/04/2020,EAU,WI,AGL,CE,Federal Contract Tower,0,2,2,0,4,0,2,21,0,23,0,4,23,0,27,2,0,2,29
06/05/2020,EAU,WI,AGL,CE,Federal Contract Tower,0,2,4,0,6,0,6,16,0,22,0,8,20,0,28,0,0,0,28
06/06/2020,EAU,WI,AGL,CE,Federal Contract Tower,0,2,5,0,7,0,6,28,0,34,0,8,33,0,41,10,0,10,51
06/07/2020,EAU,WI,AGL,CE,Federal Contract Tower,0,3,6,0,9,0,5,6,0,11,0,8,12,0,20,6,0,6,26
06/08/2020,EAU,WI,AGL,CE,Federal Contract Tower,0,2,0,0,2,0,3,7,2,12,0,5,7,2,14,2,0,2,16
06/09/2020,EAU,WI,AGL,CE,Federal Contract Tower,0,2,4,0,6,0,5,10,0,15,0,7,14,0,21,12,0,12,33
06/10/2020,EAU,WI,AGL,CE,Federal Contract Tower,0,2,2,0,4,0,4,5,0,9,0,6,7,0,13,0,0,0,13
06/11/2020,EAU,WI,AGL,CE,Federal Contract Tower,0,2,8,0,10,0,1,31,1,33,0,3,39,1,43,8,0,8,51
06/12/2020,EAU,WI,AGL,CE,Federal Contract Tower,0,2,9,0,11,0,4,37,0,41,0,6,46,0,52,2,0,2,54
06/13/2020,EAU,WI,AGL,CE,Federal Contract Tower,0,2,14,0,16,0,5,46,0,51,0,7,60,0,67,26,0,26,93
06/14/2020,EAU,WI,AGL,CE,Federal Contract Tower,0,3,6,2,11,0,7,15,1,23,0,10,21,3,34,0,0,0,34
06/15/2020,EAU,WI,AGL,CE,Federal Contract Tower,0,3,3,1,7,0,2,13,3,18,0,5,16,4,25,2,0,2,27
06/16/2020,EAU,WI,AGL,CE,Federal Contract Tower,0,3,7,0,10,0,4,21,2,27,0,7,28,2,37,12,0,12,49
06/17/2020,EAU,WI,AGL,CE,Federal Contract Tower,0,2,1,0,3,0,0,18,0,18,0,2,19,0,21,0,0,0,21
06/18/2020,EAU,WI,AGL,CE,Federal Contract Tower,0,2,9,4,15,0,2,19,0,21,0,4,28,4,36,28,0,28,64
06/19/2020,EAU,WI,AGL,CE,Federal Contract Tower,0,2,8,1,11,0,3,19,0,22,0,5,27,1,33,26,0,26,59
06/20/2020,EAU,WI,AGL,CE,Federal Contract Tower,0,2,5,0,7,0,2,1,0,3,0,4,6,0,10,6,0,6,16
06/21/2020,EAU,WI,AGL,CE,Federal Contract Tower,0,2,4,0,6,0,0,17,4,21,0,2,21,4,27,12,0,12,39
06/22/2020,EAU,WI,AGL,CE,Federal Contract Tower,0,2,4,0,6,0,0,13,0,13,0,2,17,0,19,6,0,6,25
06/23/2020,EAU,WI,AGL,CE,Federal Contract Tower,0,6,9,0,15,0,3,19,0,22,0,9,28,0,37,8,0,8,45
06/24/2020,EAU,WI,AGL,CE,Federal Contract Tower,0,2,7,0,9,0,2,27,0,29,0,4,34,0,38,14,0,14,52
06/25/2020,EAU,WI,AGL,CE,Federal Contract Tower,0,5,18,0,23,0,0,35,2,37,0,5,53,2,60,52,0,52,112
06/26/2020,EAU,WI,AGL,CE,Federal Contract Tower,0,7,5,0,12,0,0,8,0,8,0,7,13,0,20,0,0,0,20
06/27/2020,EAU,WI,AGL,CE,Federal Contract Tower,0,3,4,0,7,0,15,45,0,60,0,18,49,0,67,16,0,16,83
06/28/2020,EAU,WI,AGL,CE,Federal Contract Tower,0,4,2,0,6,0,2,29,2,33,0,6,31,2,39,4,2,6,45
06/29/2020,EAU,WI,AGL,CE,Federal Contract Tower,0,4,1,0,5,0,0,3,0,3,0,4,4,0,8,0,0,0,8
06/30/2020,EAU,WI,AGL,CE,Federal Contract Tower,0,2,9,1,12,0,5,30,1,36,0,7,39,2,48,28,0,28,76
07/01/2020,EAU,WI,AGL,CE,Federal Contract Tower,0,3,8,0,11,0,5,24,0,29,0,8,32,0,40,2,0,2,42
07/02/2020,EAU,WI,AGL,CE,Federal Contract Tower,0,4,13,0,17,0,5,18,1,24,0,9,31,1,41,22,0,22,63
07/03/2020,EAU,WI,AGL,CE,Federal Contract Tower,0,2,6,0,8,0,3,24,2,29,0,5,30,2,37,44,0,44,81
07/04/2020,EAU,WI,AGL,CE,Federal Contract Tower,0,3,2,0,5,0,1,24,0,25,0,4,26,0,30,10,0,10,40
07/05/2020,EAU,WI,AGL,CE,Federal Contract Tower,0,5,4,0,9,0,4,14,0,18,0,9,18,0,27,2,0,2,29
07/06/2020,EAU,WI,AGL,CE,Federal Contract Tower,0,9,2,0,11,0,6,18,0,24,0,15,20,0,35,20,0,20,55
07/07/2020,EAU,WI,AGL,CE,Federal Contract Tower,0,5,4,0,9,0,3,30,0,33,0,8,34,0,42,16,0,16,58
07/08/2020,EAU,WI,AGL,CE,Federal Contract Tower,0,4,9,0,13,0,0,55,0,55,0,4,64,0,68,34,0,34,102
07/09/2020,EAU,WI,AGL,CE,Federal Contract Tower,2,4,5,0,11,0,0,9,0,9,2,4,14,0,20,2,0,2,22
07/10/2020,EAU,WI,AGL,CE,Federal Contract Tower,0,5,18,0,23,0,0,61,0,61,0,5,79,0,84,12,0,12,96
07/11/2020,EAU,WI,AGL,CE,Federal Contract Tower,0,4,4,0,8,0,2,24,2,28,0,6,28,2,36,30,0,30,66
07/12/2020,EAU,WI,AGL,CE,Federal Contract Tower,0,4,6,0,10,0,4,36,2,42,0,8,42,2,52,20,0,20,72
07/13/2020,EAU,WI,AGL,CE,Federal Contract Tower,0,4,5,4,13,0,4,21,0,25,0,8,26,4,38,8,0,8,46
07/14/2020,EAU,WI,AGL,CE,Federal Contract Tower,0,4,6,0,10,0,0,4,0,4,0,4,10,0,14,0,0,0,14
07/15/2020,EAU,WI,AGL,CE,Federal Contract Tower,0,8,14,0,22,0,5,37,2,44,0,13,51,2,66,14,0,14,80
07/16/2020,EAU,WI,AGL,CE,Federal Contract Tower,0,4,24,0,28,0,2,41,0,43,0,6,65,0,71,68,0,68,139
07/18/2020,EAU,WI,AGL,CE,Federal Contract Tower,0,4,6,0,10,0,1,23,0,24,0,5,29,0,34,0,0,0,34
07/19/2020,EAU,WI,AGL,CE,Federal Contract Tower,0,4,5,0,9,0,2,13,2,17,0,6,18,2,26,2,0,2,28
07/20/2020,EAU,WI,AGL,CE,Federal Contract Tower,0,4,22,0,26,0,5,39,0,44,0,9,61,0,70,12,0,12,82
07/21/2020,EAU,WI,AGL,CE,Federal Contract Tower,0,6,11,0,17,0,1,11,0,12,0,7,22,0,29,4,0,4,33
07/22/2020,EAU,WI,AGL,CE,Federal Contract Tower,0,5,25,1,31,0,6,19,3,28,0,11,44,4,59,4,0,4,63
07/23/2020,EAU,WI,AGL,CE,Federal Contract Tower,0,3,19,0,22,0,2,28,0,30,0,5,47,0,52,32,0,32,84
07/24/2020,EAU,WI,AGL,CE,Federal Contract Tower,0,8,13,0,21,0,1,49,0,50,0,9,62,0,71,24,0,24,95
07/25/2020,EAU,WI,AGL,CE,Federal Contract Tower,0,4,10,0,14,0,2,25,0,27,0,6,35,0,41,16,0,16,57
07/26/2020,EAU,WI,AGL,CE,Federal Contract Tower,0,4,7,0,11,0,4,5,0,9,0,8,12,0,20,16,0,16,36
07/27/2020,EAU,WI,AGL,CE,Federal Contract Tower,0,4,13,0,17,0,5,31,0,36,0,9,44,0,53,16,0,16,69
07/28/2020,EAU,WI,AGL,CE,Federal Contract Tower,0,4,16,0,20,0,3,20,1,24,0,7,36,1,44,38,4,42,86
07/29/2020,EAU,WI,AGL,CE,Federal Contract Tower,0,4,9,1,14,0,0,48,4,52,0,4,57,5,66,38,0,38,104
07/30/2020,EAU,WI,AGL,CE,Federal Contract Tower,0,7,17,0,24,0,4,38,0,42,0,11,55,0,66,36,0,36,102
07/31/2020,EAU,WI,AGL,CE,Federal Contract Tower,0,5,10,0,15,0,6,31,0,37,0,11,41,0,52,12,0,12,64
08/01/2020,EAU,WI,AGL,CE,Federal Contract Tower,0,4,6,0,10,0,5,35,0,40,0,9,41,0,50,18,0,18,68
08/02/2020,EAU,WI,AGL,CE,Federal Contract Tower,0,5,10,1,16,0,3,10,1,14,0,8,20,2,30,4,0,4,34
08/03/2020,EAU,WI,AGL,CE,Federal Contract Tower,0,3,9,0,12,0,4,14,0,18,0,7,23,0,30,30,0,30,60
08/04/2020,EAU,WI,AGL,CE,Federal Contract Tower,0,4,21,0,25,0,0,35,0,35,0,4,56,0,60,34,0,34,94
08/05/2020,EAU,WI,AGL,CE,Federal Contract Tower,0,3,8,0,11,0,7,30,2,39,0,10,38,2,50,33,0,33,83
08/06/2020,EAU,WI,AGL,CE,Federal Contract Tower,0,3,15,6,24,0,4,33,3,40,0,7,48,9,64,58,0,58,122
08/07/2020,EAU,WI,AGL,CE,Federal Contract Tower,0,3,3,0,6,0,2,8,0,10,0,5,11,0,16,2,0,2,18
08/08/2020,EAU,WI,AGL,CE,Federal Contract Tower,0,5,4,0,9,0,0,15,0,15,0,5,19,0,24,6,0,6,30
08/09/2020,EAU,WI,AGL,CE,Federal Contract Tower,0,3,5,0,8,0,2,11,0,13,0,5,16,0,21,8,0,8,29
08/10/2020,EAU,WI,AGL,CE,Federal Contract Tower,0,5,10,0,15,0,0,10,0,10,0,5,20,0,25,18,0,18,43
08/11/2020,EAU,WI,AGL,CE,Federal Contract Tower,0,3,9,0,12,0,2,37,3,42,0,5,46,3,54,22,0,22,76
08/12/2020,EAU,WI,AGL,CE,Federal Contract Tower,0,3,11,0,14,0,3,13,0,16,0,6,24,0,30,20,0,20,50
08/13/2020,EAU,WI,AGL,CE,Federal Contract Tower,0,5,24,3,32,0,3,12,0,15,0,8,36,3,47,18,0,18,65
08/14/2020,EAU,WI,AGL,CE,Federal Contract Tower,2,5,4,1,12,0,4,8,6,18,2,9,12,7,30,10,0,10,40
08/15/2020,EAU,WI,AGL,CE,Federal Contract Tower,0,3,5,0,8,0,3,27,4,34,0,6,32,4,42,0,0,0,42
08/16/2020,EAU,WI,AGL,CE,Federal Contract Tower,0,7,7,0,14,0,0,40,0,40,0,7,47,0,54,16,0,16,70
08/17/2020,EAU,WI,AGL,CE,Federal Contract Tower,0,5,8,0,13,0,2,23,0,25,0,7,31,0,38,6,0,6,44
08/18/2020,EAU,WI,AGL,CE,Federal Contract Tower,0,3,8,2,13,0,0,36,1,37,0,3,44,3,50,20,0,20,70
08/19/2020,EAU,WI,AGL,CE,Federal Contract Tower,0,3,12,0,15,0,2,26,2,30,0,5,38,2,45,52,0,52,97
08/20/2020,EAU,WI,AGL,CE,Federal Contract Tower,0,4,16,0,20,0,2,37,0,39,0,6,53,0,59,26,0,26,85
08/21/2020,EAU,WI,AGL,CE,Federal Contract Tower,0,3,7,1,11,0,0,0,0,0,0,3,7,1,11,18,0,18,29
08/22/2020,EAU,WI,AGL,CE,Federal Contract Tower,0,3,2,0,5,0,0,0,0,0,0,3,2,0,5,6,0,6,11
08/23/2020,EAU,WI,AGL,CE,Federal Contract Tower,0,3,6,0,9,0,5,28,0,33,0,8,34,0,42,22,0,22,64
08/24/2020,EAU,WI,AGL,CE,Federal Contract Tower,0,6,8,0,14,0,3,21,0,24,0,9,29,0,38,2,0,2,40
08/25/2020,EAU,WI,AGL,CE,Federal Contract Tower,0,4,9,1,14,0,1,36,1,38,0,5,45,2,52,16,0,16,68
08/26/2020,EAU,WI,AGL,CE,Federal Contract Tower,0,5,21,0,26,0,2,19,2,23,0,7,40,2,49,30,0,30,79
08/27/2020,EAU,WI,AGL,CE,Federal Contract Tower,0,4,17,0,21,0,1,23,0,24,0,5,40,0,45,2,0,2,47
08/28/2020,EAU,WI,AGL,CE,Federal Contract Tower,0,3,11,0,14,0,2,8,0,10,0,5,19,0,24,0,0,0,24
08/29/2020,EAU,WI,AGL,CE,Federal Contract Tower,0,3,8,0,11,0,6,34,0,40,0,9,42,0,51,0,0,0,51
08/30/2020,EAU,WI,AGL,CE,Federal Contract Tower,0,3,5,0,8,0,2,58,2,62,0,5,63,2,70,6,0,6,76
08/31/2020,EAU,WI,AGL,CE,Federal Contract Tower,0,7,8,0,15,0,2,23,0,25,0,9,31,0,40,2,0,2,42
09/01/2020,EAU,WI,AGL,CE,Federal Contract Tower,0,4,17,0,21,0,2,39,3,44,0,6,56,3,65,36,0,36,101
09/02/2020,EAU,WI,AGL,CE,Federal Contract Tower,0,4,15,0,19,0,3,36,0,39,0,7,51,0,58,54,0,54,112
09/03/2020,EAU,WI,AGL,CE,Federal Contract Tower,0,3,21,0,24,0,0,5,0,5,0,3,26,0,29,12,0,12,41
09/04/2020,EAU,WI,AGL,CE,Federal Contract Tower,0,3,16,0,19,0,2,41,3,46,0,5,57,3,65,2,0,2,67
09/05/2020,EAU,WI,AGL,CE,Federal Contract Tower,0,7,4,1,12,0,6,39,3,48,0,13,43,4,60,16,0,16,76
09/06/2020,EAU,WI,AGL,CE,Federal Contract Tower,0,2,1,0,3,0,7,14,0,21,0,9,15,0,24,2,0,2,26
09/07/2020,EAU,WI,AGL,CE,Federal Contract Tower,0,3,8,0,11,0,0,20,0,20,0,3,28,0,31,12,0,12,43
09/08/2020,EAU,WI,AGL,CE,Federal Contract Tower,0,3,8,0,11,0,2,10,0,12,0,5,18,0,23,12,0,12,35
09/09/2020,EAU,WI,AGL,CE,Federal Contract Tower,0,4,15,0,19,0,2,5,0,7,0,6,20,0,26,6,0,6,32
09/10/2020,EAU,WI,AGL,CE,Federal Contract Tower,0,5,20,0,25,0,3,20,0,23,0,8,40,0,48,14,0,14,62
09/11/2020,EAU,WI,AGL,CE,Federal Contract Tower,0,3,15,2,20,0,2,23,0,25,0,5,38,2,45,0,0,0,45
09/12/2020,EAU,WI,AGL,CE,Federal Contract Tower,0,1,14,0,15,0,0,0,0,0,0,1,14,0,15,0,0,0,15
09/13/2020,EAU,WI,AGL,CE,Federal Contract Tower,0,5,13,0,18,0,8,17,0,25,0,13,30,0,43,4,0,4,47
09/14/2020,EAU,WI,AGL,CE,Federal Contract Tower,0,4,19,2,25,0,0,18,2,20,0,4,37,4,45,0,0,0,45
09/15/2020,EAU,WI,AGL,CE,Federal Contract Tower,0,4,12,0,16,0,6,18,0,24,0,10,30,0,40,8,8,16,56
09/16/2020,EAU,WI,AGL,CE,Federal Contract Tower,0,4,16,0,20,0,6,26,6,38,0,10,42,6,58,36,0,36,94
09/17/2020,EAU,WI,AGL,CE,Federal Contract Tower,0,3,16,2,21,0,2,43,1,46,0,5,59,3,67,22,0,22,89
09/18/2020,EAU,WI,AGL,CE,Federal Contract Tower,0,4,8,0,12,0,0,43,2,45,0,4,51,2,57,4,0,4,61
09/19/2020,EAU,WI,AGL,CE,Federal Contract Tower,0,6,6,2,14,0,6,35,2,43,0,12,41,4,57,18,0,18,75
09/20/2020,EAU,WI,AGL,CE,Federal Contract Tower,0,4,4,12,20,0,4,22,0,26,0,8,26,12,46,0,0,0,46
09/21/2020,EAU,WI,AGL,CE,Federal Contract Tower,0,3,13,0,16,0,1,18,0,19,0,4,31,0,35,2,0,2,37
09/22/2020,EAU,WI,AGL,CE,Federal Contract Tower,0,6,19,3,28,0,7,41,4,52,0,13,60,7,80,94,0,94,174
09/23/2020,EAU,WI,AGL,CE,Federal Contract Tower,0,4,16,0,20,0,3,12,1,16,0,7,28,1,36,38,8,46,82
09/24/2020,EAU,WI,AGL,CE,Federal Contract Tower,0,4,16,4,24,0,5,2,6,13,0,9,18,10,37,0,0,0,37
09/25/2020,EAU,WI,AGL,CE,Federal Contract Tower,0,4,10,0,14,0,5,28,6,39,0,9,38,6,53,18,4,22,75
09/26/2020,EAU,WI,AGL,CE,Federal Contract Tower,0,3,14,0,17,0,2,28,1,31,0,5,42,1,48,0,6,6,54
09/27/2020,EAU,WI,AGL,CE,Federal Contract Tower,0,4,13,0,17,0,1,15,0,16,0,5,28,0,33,10,0,10,43
09/28/2020,EAU,WI,AGL,CE,Federal Contract Tower,0,4,11,3,18,0,0,12,0,12,0,4,23,3,30,0,0,0,30
09/29/2020,EAU,WI,AGL,CE,Federal Contract Tower,0,3,16,0,19,0,0,24,0,24,0,3,40,0,43,26,0,26,69
09/30/2020,EAU,WI,AGL,CE,Federal Contract Tower,0,4,23,0,27,0,2,4,0,6,0,6,27,0,33,38,0,38,71
10/01/2020,EAU,WI,AGL,CE,Federal Contract Tower,0,4,19,0,23,0,2,7,0,9,0,6,26,0,32,34,0,34,66
10/02/2020,EAU,WI,AGL,CE,Federal Contract Tower,0,3,21,0,24,0,4,51,0,55,0,7,72,0,79,18,0,18,97
10/03/2020,EAU,WI,AGL,CE,Federal Contract Tower,0,3,9,0,12,0,5,25,0,30,0,8,34,0,42,8,0,8,50
10/04/2020,EAU,WI,AGL,CE,Federal Contract Tower,0,3,9,0,12,0,2,41,0,43,0,5,50,0,55,16,0,16,71
10/05/2020,EAU,WI,AGL,CE,Federal Contract Tower,0,4,27,0,31,0,3,23,0,26,0,7,50,0,57,14,0,14,71
10/06/2020,EAU,WI,AGL,CE,Federal Contract Tower,0,3,11,0,14,0,5,14,1,20,0,8,25,1,34,4,0,4,38
10/07/2020,EAU,WI,AGL,CE,Federal Contract Tower,0,4,18,1,23,0,5,30,0,35,0,9,48,1,58,22,0,22,80
10/08/2020,EAU,WI,AGL,CE,Federal Contract Tower,0,4,9,0,13,0,0,42,0,42,0,4,51,0,55,36,0,36,91
10/09/2020,EAU,WI,AGL,CE,Federal Contract Tower,0,3,8,0,11,0,6,11,0,17,0,9,19,0,28,4,0,4,32
10/10/2020,EAU,WI,AGL,CE,Federal Contract Tower,0,3,3,3,9,0,0,0,0,0,0,3,3,3,9,20,6,26,35
10/11/2020,EAU,WI,AGL,CE,Federal Contract Tower,0,3,5,0,8,0,1,7,0,8,0,4,12,0,16,0,0,0,16
10/12/2020,EAU,WI,AGL,CE,Federal Contract Tower,0,6,13,0,19,0,2,11,0,13,0,8,24,0,32,0,0,0,32
10/13/2020,EAU,WI,AGL,CE,Federal Contract Tower,0,3,19,0,22,0,0,22,0,22,0,3,41,0,44,14,0,14,58
10/14/2020,EAU,WI,AGL,CE,Federal Contract Tower,0,3,24,0,27,0,0,9,0,9,0,3,33,0,36,16,0,16,52
10/15/2020,EAU,WI,AGL,CE,Federal Contract Tower,0,3,8,1,12,0,1,18,1,20,0,4,26,2,32,42,2,44,76
10/16/2020,EAU,WI,AGL,CE,Federal Contract Tower,0,3,15,2,20,0,1,6,1,8,0,4,21,3,28,24,0,24,52
10/17/2020,EAU,WI,AGL,CE,Federal Contract Tower,0,3,6,0,9,0,0,21,0,21,0,3,27,0,30,10,0,10,40
10/18/2020,EAU,WI,AGL,CE,Federal Contract Tower,0,6,7,0,13,0,5,36,4,45,0,11,43,4,58,22,0,22,80
10/19/2020,EAU,WI,AGL,CE,Federal Contract Tower,0,5,13,0,18,0,6,15,0,21,0,11,28,0,39,30,0,30,69
10/20/2020,EAU,WI,AGL,CE,Federal Contract Tower,0,1,6,0,7,0,0,0,0,0,0,1,6,0,7,0,0,0,7
10/21/2020,EAU,WI,AGL,CE,Federal Contract Tower,0,5,9,1,15,0,6,28,6,40,0,11,37,7,55,28,6,34,89
10/22/2020,EAU,WI,AGL,CE,Federal Contract Tower,0,3,14,0,17,0,0,3,0,3,0,3,17,0,20,4,0,4,24
10/23/2020,EAU,WI,AGL,CE,Federal Contract Tower,0,3,8,0,11,0,2,0,0,2,0,5,8,0,13,0,0,0,13
10/24/2020,EAU,WI,AGL,CE,Federal Contract Tower,0,8,13,0,21,0,6,37,2,45,0,14,50,2,66,18,0,18,84
10/25/2020,EAU,WI,AGL,CE,Federal Contract Tower,0,4,5,0,9,0,0,2,0,2,0,4,7,0,11,0,0,0,11
10/26/2020,EAU,WI,AGL,CE,Federal Contract Tower,2,3,12,0,17,0,3,12,0,15,2,6,24,0,32,8,0,8,40
10/27/2020,EAU,WI,AGL,CE,Federal Contract Tower,0,5,22,0,27,0,3,17,0,20,0,8,39,0,47,32,0,32,79
10/28/2020,EAU,WI,AGL,CE,Federal Contract Tower,0,5,16,0,21,0,3,16,3,22,0,8,32,3,43,8,0,8,51
10/29/2020,EAU,WI,AGL,CE,Federal Contract Tower,0,3,14,0,17,0,1,10,0,11,0,4,24,0,28,20,0,20,48
10/30/2020,EAU,WI,AGL,CE,Federal Contract Tower,2,3,15,1,21,0,6,36,3,45,2,9,51,4,66,14,4,18,84
10/31/2020,EAU,WI,AGL,CE,Federal Contract Tower,0,5,1,0,6,0,6,7,0,13,0,11,8,0,19,0,0,0,19
11/01/2020,EAU,WI,AGL,CE,Federal Contract Tower,0,6,3,0,9,0,4,8,0,12,0,10,11,0,21,0,0,0,21
11/02/2020,EAU,WI,AGL,CE,Federal Contract Tower,0,4,14,0,18,0,13,23,0,36,0,17,37,0,54,16,0,16,70
11/03/2020,EAU,WI,AGL,CE,Federal Contract Tower,0,3,9,2,14,0,4,26,2,32,0,7,35,4,46,30,0,30,76
11/04/2020,EAU,WI,AGL,CE,Federal Contract Tower,0,3,16,0,19,0,4,37,1,42,0,7,53,1,61,18,0,18,79
11/05/2020,EAU,WI,AGL,CE,Federal Contract Tower,2,3,17,2,24,0,1,47,0,48,2,4,64,2,72,20,0,20,92
11/06/2020,EAU,WI,AGL,CE,Federal Contract Tower,0,3,8,0,11,0,2,31,0,33,0,5,39,0,44,28,0,28,72
11/07/2020,EAU,WI,AGL,CE,Federal Contract Tower,0,3,2,0,5,0,5,25,0,30,0,8,27,0,35,2,0,2,37
11/08/2020,EAU,WI,AGL,CE,Federal Contract Tower,0,3,5,0,8,0,2,1,0,3,0,5,6,0,11,0,0,0,11
11/09/2020,EAU,WI,AGL,CE,Federal Contract Tower,0,6,13,0,19,0,0,0,0,0,0,6,13,0,19,0,0,0,19
11/10/2020,EAU,WI,AGL,CE,Federal Contract Tower,0,3,6,0,9,0,0,0,0,0,0,3,6,0,9,0,0,0,9
11/11/2020,EAU,WI,AGL,CE,Federal Contract Tower,0,3,8,0,11,0,2,19,0,21,0,5,27,0,32,12,0,12,44
11/12/2020,EAU,WI,AGL,CE,Federal Contract Tower,0,3,4,0,7,0,0,5,0,5,0,3,9,0,12,26,0,26,38
11/13/2020,EAU,WI,AGL,CE,Federal Contract Tower,0,3,14,0,17,0,2,25,3,30,0,5,39,3,47,22,0,22,69
11/14/2020,EAU,WI,AGL,CE,Federal Contract Tower,0,3,0,0,3,0,0,13,0,13,0,3,13,0,16,10,0,10,26
11/15/2020,EAU,WI,AGL,CE,Federal Contract Tower,0,3,4,0,7,0,2,0,0,2,0,5,4,0,9,0,0,0,9
11/16/2020,EAU,WI,AGL,CE,Federal Contract Tower,0,5,16,1,22,0,1,26,1,28,0,6,42,2,50,4,0,4,54
11/17/2020,EAU,WI,AGL,CE,Federal Contract Tower,0,4,15,0,19,0,4,12,0,16,0,8,27,0,35,20,0,20,55
11/18/2020,EAU,WI,AGL,CE,Federal Contract Tower,0,3,13,0,16,0,2,14,0,16,0,5,27,0,32,26,0,26,58
11/19/2020,EAU,WI,AGL,CE,Federal Contract Tower,0,3,16,0,19,0,2,30,0,32,0,5,46,0,51,22,0,22,73
11/20/2020,EAU,WI,AGL,CE,Federal Contract Tower,0,6,8,0,14,0,0,10,0,10,0,6,18,0,24,2,0,2,26
11/21/2020,EAU,WI,AGL,CE,Federal Contract Tower,0,5,3,0,8,0,2,46,0,48,0,7,49,0,56,16,0,16,72
11/22/2020,EAU,WI,AGL,CE,Federal Contract Tower,0,3,5,0,8,0,0,6,0,6,0,3,11,0,14,8,0,8,22
11/23/2020,EAU,WI,AGL,CE,Federal Contract Tower,0,7,17,3,27,0,4,28,1,33,0,11,45,4,60,42,0,42,102
11/24/2020,EAU,WI,AGL,CE,Federal Contract Tower,0,3,9,0,12,0,0,0,1,1,0,3,9,1,13,0,0,0,13
11/25/2020,EAU,WI,AGL,CE,Federal Contract Tower,0,3,10,0,13,0,0,0,0,0,0,3,10,0,13,0,0,0,13
11/26/2020,EAU,WI,AGL,CE,Federal Contract Tower,0,2,0,0,2,0,0,2,0,2,0,2,2,0,4,16,0,16,20
11/27/2020,EAU,WI,AGL,CE,Federal Contract Tower,0,3,1,0,4,0,6,33,0,39,0,9,34,0,43,30,0,30,73
11/28/2020,EAU,WI,AGL,CE,Federal Contract Tower,0,5,11,0,16,0,3,69,0,72,0,8,80,0,88,34,0,34,122
11/29/2020,EAU,WI,AGL,CE,Federal Contract Tower,0,3,12,0,15,0,2,4,3,9,0,5,16,3,24,0,0,0,24
11/30/2020,EAU,WI,AGL,CE,Federal Contract Tower,0,3,14,0,17,0,2,19,0,21,0,5,33,0,38,6,0,6,44
12/01/2020,EAU,WI,AGL,CE,Federal Contract Tower,0,3,15,0,18,0,0,27,0,27,0,3,42,0,45,26,0,26,71
12/02/2020,EAU,WI,AGL,CE,Federal Contract Tower,2,3,17,0,22,0,7,19,0,26,2,10,36,0,48,30,0,30,78
12/03/2020,EAU,WI,AGL,CE,Federal Contract Tower,0,4,20,0,24,0,4,37,0,41,0,8,57,0,65,16,0,16,81
12/04/2020,EAU,WI,AGL,CE,Federal Contract Tower,0,4,6,0,10,0,6,20,0,26,0,10,26,0,36,24,0,24,60
12/05/2020,EAU,WI,AGL,CE,Federal Contract Tower,2,3,1,0,6,0,3,21,3,27,2,6,22,3,33,24,0,24,57
12/06/2020,EAU,WI,AGL,CE,Federal Contract Tower,0,3,4,0,7,0,2,18,0,20,0,5,22,0,27,14,0,14,41
12/07/2020,EAU,WI,AGL,CE,Federal Contract Tower,0,3,8,4,15,0,0,8,0,8,0,3,16,4,23,2,0,2,25
12/08/2020,EAU,WI,AGL,CE,Federal Contract Tower,0,3,10,0,13,0,0,10,0,10,0,3,20,0,23,14,0,14,37
12/09/2020,EAU,WI,AGL,CE,Federal Contract Tower,0,2,18,0,20,0,2,43,2,47,0,4,61,2,67,42,0,42,109
12/10/2020,EAU,WI,AGL,CE,Federal Contract Tower,0,3,26,1,30,0,4,30,6,40,0,7,56,7,70,0,0,0,70
12/11/2020,EAU,WI,AGL,CE,Federal Contract Tower,0,4,7,0,11,0,6,15,0,21,0,10,22,0,32,6,0,6,38
12/12/2020,EAU,WI,AGL,CE,Federal Contract Tower,0,3,5,0,8,0,3,23,0,26,0,6,28,0,34,12,0,12,46
12/13/2020,EAU,WI,AGL,CE,Federal Contract Tower,0,3,7,0,10,0,2,0,0,2,0,5,7,0,12,0,0,0,12
12/14/2020,EAU,WI,AGL,CE,Federal Contract Tower,0,3,7,5,15,0,4,16,2,22,0,7,23,7,37,24,0,24,61
12/15/2020,EAU,WI,AGL,CE,Federal Contract Tower,0,3,12,1,16,0,4,12,3,19,0,7,24,4,35,20,0,20,55
12/16/2020,EAU,WI,AGL,CE,Federal Contract Tower,0,3,14,0,17,0,3,31,2,36,0,6,45,2,53,14,0,14,67
12/17/2020,EAU,WI,AGL,CE,Federal Contract Tower,0,3,11,0,14,0,0,10,0,10,0,3,21,0,24,20,0,20,44
12/18/2020,EAU,WI,AGL,CE,Federal Contract Tower,0,3,7,0,10,0,1,4,0,5,0,4,11,0,15,0,0,0,15
12/19/2020,EAU,WI,AGL,CE,Federal Contract Tower,0,3,8,0,11,0,0,0,0,0,0,3,8,0,11,0,0,0,11
12/20/2020,EAU,WI,AGL,CE,Federal Contract Tower,0,3,4,0,7,0,3,29,2,34,0,6,33,2,41,38,2,40,81
12/21/2020,EAU,WI,AGL,CE,Federal Contract Tower,0,3,9,1,13,0,0,0,1,1,0,3,9,2,14,0,2,2,16
12/22/2020,EAU,WI,AGL,CE,Federal Contract Tower,0,4,11,1,16,0,0,15,1,16,0,4,26,2,32,22,0,22,54
12/23/2020,EAU,WI,AGL,CE,Federal Contract Tower,0,3,7,0,10,0,0,1,0,1,0,3,8,0,11,0,0,0,11
12/24/2020,EAU,WI,AGL,CE,Federal Contract Tower,0,3,2,0,5,0,7,1,0,8,0,10,3,0,13,0,0,0,13
12/25/2020,EAU,WI,AGL,CE,Federal Contract Tower,0,4,1,0,5,0,9,2,0,11,0,13,3,0,16,0,0,0,16
12/26/2020,EAU,WI,AGL,CE,Federal Contract Tower,0,3,6,0,9,0,2,14,0,16,0,5,20,0,25,32,0,32,57
12/27/2020,EAU,WI,AGL,CE,Federal Contract Tower,0,4,5,0,9,0,0,4,0,4,0,4,9,0,13,20,0,20,33
12/28/2020,EAU,WI,AGL,CE,Federal Contract Tower,0,6,15,1,22,0,1,9,0,10,0,7,24,1,32,10,0,10,42
12/29/2020,EAU,WI,AGL,CE,Federal Contract Tower,0,6,9,0,15,0,2,4,2,8,0,8,13,2,23,2,0,2,25
12/30/2020,EAU,WI,AGL,CE,Federal Contract Tower,0,2,6,0,8,0,1,2,0,3,0,3,8,0,11,0,0,0,11
12/31/2020,EAU,WI,AGL,CE,Federal Contract Tower,0,3,4,0,7,0,0,1,0,1,0,3,5,0,8,0,0,0,8
01/01/2021,EAU,WI,AGL,CE,Federal Contract Tower,0,2,12,0,14,0,0,0,0,0,0,2,12,0,14,2,0,2,16
01/02/2021,EAU,WI,AGL,CE,Federal Contract Tower,0,4,4,0,8,0,0,9,0,9,0,4,13,0,17,22,0,22,39
01/03/2021,EAU,WI,AGL,CE,Federal Contract Tower,0,3,7,0,10,0,0,2,0,2,0,3,9,0,12,0,0,0,12
01/04/2021,EAU,WI,AGL,CE,Federal Contract Tower,0,3,10,0,13,0,0,0,0,0,0,3,10,0,13,0,0,0,13
01/05/2021,EAU,WI,AGL,CE,Federal Contract Tower,0,4,6,0,10,0,0,0,0,0,0,4,6,0,10,0,0,0,10
01/06/2021,EAU,WI,AGL,CE,Federal Contract Tower,0,5,10,2,17,0,0,0,0,0,0,5,10,2,17,0,0,0,17
01/07/2021,EAU,WI,AGL,CE,Federal Contract Tower,0,8,11,0,19,0,0,0,0,0,0,8,11,0,19,0,0,0,19
01/08/2021,EAU,WI,AGL,CE,Federal Contract Tower,0,4,5,0,9,0,2,3,0,5,0,6,8,0,14,0,0,0,14
01/09/2021,EAU,WI,AGL,CE,Federal Contract Tower,0,4,2,0,6,0,0,0,0,0,0,4,2,0,6,0,0,0,6
01/10/2021,EAU,WI,AGL,CE,Federal Contract Tower,0,4,8,0,12,0,0,0,0,0,0,4,8,0,12,0,0,0,12
01/11/2021,EAU,WI,AGL,CE,Federal Contract Tower,0,5,20,0,25,0,2,15,2,19,0,7,35,2,44,18,8,26,70
01/12/2021,EAU,WI,AGL,CE,Federal Contract Tower,0,5,6,0,11,0,0,8,0,8,0,5,14,0,19,0,0,0,19
01/13/2021,EAU,WI,AGL,CE,Federal Contract Tower,0,8,11,2,21,0,1,41,5,47,0,9,52,7,68,8,0,8,76
01/14/2021,EAU,WI,AGL,CE,Federal Contract Tower,0,4,9,0,13,0,0,0,0,0,0,4,9,0,13,0,0,0,13
01/15/2021,EAU,WI,AGL,CE,Federal Contract Tower,0,3,5,0,8,0,0,0,0,0,0,3,5,0,8,0,0,0,8
01/16/2021,EAU,WI,AGL,CE,Federal Contract Tower,0,6,3,0,9,0,5,2,0,7,0,11,5,0,16,0,0,0,16
01/17/2021,EAU,WI,AGL,CE,Federal Contract Tower,0,4,1,0,5,0,2,3,0,5,0,6,4,0,10,6,0,6,16
01/18/2021,EAU,WI,AGL,CE,Federal Contract Tower,0,3,7,0,10,0,2,8,0,10,0,5,15,0,20,0,0,0,20
01/19/2021,EAU,WI,AGL,CE,Federal Contract Tower,0,4,14,0,18,0,0,5,0,5,0,4,19,0,23,0,0,0,23
01/20/2021,EAU,WI,AGL,CE,Federal Contract Tower,0,4,12,0,16,0,3,20,0,23,0,7,32,0,39,10,0,10,49
01/21/2021,EAU,WI,AGL,CE,Federal Contract Tower,0,4,12,1,17,0,8,12,0,20,0,12,24,1,37,10,0,10,47
01/22/2021,EAU,WI,AGL,CE,Federal Contract Tower,0,4,12,1,17,0,0,37,3,40,0,4,49,4,57,18,0,18,75
01/23/2021,EAU,WI,AGL,CE,Federal Contract Tower,0,6,1,0,7,0,2,14,0,16,0,8,15,0,23,0,0,0,23
01/24/2021,EAU,WI,AGL,CE,Federal Contract Tower,0,6,9,0,15,0,5,6,0,11,0,11,15,0,26,0,0,0,26
01/25/2021,EAU,WI,AGL,CE,Federal Contract Tower,0,6,10,0,16,0,5,27,3,35,0,11,37,3,51,10,0,10,61
01/26/2021,EAU,WI,AGL,CE,Federal Contract Tower,0,5,19,0,24,0,5,7,0,12,0,10,26,0,36,2,0,2,38
01/27/2021,EAU,WI,AGL,CE,Federal Contract Tower,0,3,17,2,22,0,4,32,1,37,0,7,49,3,59,20,0,20,79
01/28/2021,EAU,WI,AGL,CE,Federal Contract Tower,0,4,13,0,17,0,3,21,0,24,0,7,34,0,41,16,0,16,57
01/29/2021,EAU,WI,AGL,CE,Federal Contract Tower,0,5,12,0,17,0,1,1,0,2,0,6,13,0,19,0,0,0,19
01/30/2021,EAU,WI,AGL,CE,Federal Contract Tower,0,9,8,0,17,0,4,2,0,6,0,13,10,0,23,0,0,0,23
01/31/2021,EAU,WI,AGL,CE,Federal Contract Tower,0,2,2,0,4,0,0,0,0,0,0,2,2,0,4,0,0,0,4
02/01/2021,EAU,WI,AGL,CE,Federal Contract Tower,0,4,12,0,16,0,0,3,0,3,0,4,15,0,19,0,0,0,19
02/02/2021,EAU,WI,AGL,CE,Federal Contract Tower,0,11,11,1,23,0,2,13,4,19,0,13,24,5,42,0,0,0,42
02/03/2021,EAU,WI,AGL,CE,Federal Contract Tower,0,4,11,1,16,0,8,29,5,42,0,12,40,6,58,24,0,24,82
02/04/2021,EAU,WI,AGL,CE,Federal Contract Tower,0,3,0,0,3,0,0,0,0,0,0,3,0,0,3,0,0,0,3
02/05/2021,EAU,WI,AGL,CE,Federal Contract Tower,0,4,16,0,20,0,3,2,0,5,0,7,18,0,25,0,0,0,25
02/06/2021,EAU,WI,AGL,CE,Federal Contract Tower,0,3,7,0,10,0,2,2,0,4,0,5,9,0,14,0,0,0,14
02/07/2021,EAU,WI,AGL,CE,Federal Contract Tower,0,3,3,0,6,0,3,2,0,5,0,6,5,0,11,2,0,2,13
02/08/2021,EAU,WI,AGL,CE,Federal Contract Tower,0,5,13,0,18,0,2,17,0,19,0,7,30,0,37,0,0,0,37
02/09/2021,EAU,WI,AGL,CE,Federal Contract Tower,0,3,17,0,20,0,7,1,0,8,0,10,18,0,28,28,0,28,56
02/10/2021,EAU,WI,AGL,CE,Federal Contract Tower,0,4,12,0,16,0,4,7,0,11,0,8,19,0,27,0,0,0,27
02/11/2021,EAU,WI,AGL,CE,Federal Contract Tower,0,3,12,0,15,0,4,0,0,4,0,7,12,0,19,0,0,0,19
02/12/2021,EAU,WI,AGL,CE,Federal Contract Tower,0,5,8,0,13,0,3,8,0,11,0,8,16,0,24,2,0,2,26
02/13/2021,EAU,WI,AGL,CE,Federal Contract Tower,0,4,1,0,5,0,2,0,0,2,0,6,1,0,7,0,0,0,7
02/14/2021,EAU,WI,AGL,CE,Federal Contract Tower,0,3,4,0,7,0,4,0,0,4,0,7,4,0,11,0,0,0,11
02/15/2021,EAU,WI,AGL,CE,Federal Contract Tower,0,3,15,0,18,0,5,7,0,12,0,8,22,0,30,0,0,0,30
02/16/2021,EAU,WI,AGL,CE,Federal Contract Tower,0,6,20,0,26,0,2,3,3,8,0,8,23,3,34,0,0,0,34
02/17/2021,EAU,WI,AGL,CE,Federal Contract Tower,0,4,6,4,14,0,1,2,0,3,0,5,8,4,17,0,0,0,17
02/18/2021,EAU,WI,AGL,CE,Federal Contract Tower,0,6,11,0,17,0,0,1,0,1,0,6,12,0,18,0,0,0,18
02/19/2021,EAU,WI,AGL,CE,Federal Contract Tower,0,3,4,0,7,0,2,14,0,16,0,5,18,0,23,0,0,0,23
02/20/2021,EAU,WI,AGL,CE,Federal Contract Tower,0,4,10,0,14,0,0,21,0,21,0,4,31,0,35,8,0,8,43
02/21/2021,EAU,WI,AGL,CE,Federal Contract Tower,0,3,0,0,3,0,0,0,0,0,0,3,0,0,3,0,0,0,3
02/22/2021,EAU,WI,AGL,CE,Federal Contract Tower,0,3,12,0,15,0,0,3,0,3,0,3,15,0,18,18,0,18,36
02/23/2021,EAU,WI,AGL,CE,Federal Contract Tower,0,6,16,0,22,0,5,12,1,18,0,11,28,1,40,18,0,18,58
02/24/2021,EAU,WI,AGL,CE,Federal Contract Tower,0,8,13,0,21,0,1,28,0,29,0,9,41,0,50,16,0,16,66
02/25/2021,EAU,WI,AGL,CE,Federal Contract Tower,0,5,17,1,23,0,4,47,5,56,0,9,64,6,79,8,0,8,87
02/26/2021,EAU,WI,AGL,CE,Federal Contract Tower,0,3,9,0,12,0,0,4,0,4,0,3,13,0,16,0,0,0,16
02/27/2021,EAU,WI,AGL,CE,Federal Contract Tower,0,4,16,0,20,0,0,75,3,78,0,4,91,3,98,10,0,10,108
02/28/2021,EAU,WI,AGL,CE,Federal Contract Tower,0,3,6,0,9,0,0,0,0,0,0,3,6,0,9,2,0,2,11
03/01/2021,EAU,WI,AGL,CE,Federal Contract Tower,0,3,13,0,16,0,3,16,0,19,0,6,29,0,35,0,0,0,35
03/02/2021,EAU,WI,AGL,CE,Federal Contract Tower,0,4,12,0,16,0,0,14,0,14,0,4,26,0,30,6,2,8,38
03/03/2021,EAU,WI,AGL,CE,Federal Contract Tower,0,11,20,0,31,0,3,50,0,53,0,14,70,0,84,20,0,20,104
03/04/2021,EAU,WI,AGL,CE,Federal Contract Tower,0,5,19,1,25,0,4,38,8,50,0,9,57,9,75,10,0,10,85
03/05/2021,EAU,WI,AGL,CE,Federal Contract Tower,2,3,10,2,17,0,2,33,0,35,2,5,43,2,52,16,0,16,68
03/06/2021,EAU,WI,AGL,CE,Federal Contract Tower,0,3,7,0,10,0,3,68,9,80,0,6,75,9,90,46,6,52,142
03/07/2021,EAU,WI,AGL,CE,Federal Contract Tower,0,5,10,0,15,0,2,11,0,13,0,7,21,0,28,0,0,0,28
03/08/2021,EAU,WI,AGL,CE,Federal Contract Tower,0,3,13,0,16,0,4,45,0,49,0,7,58,0,65,16,0,16,81
03/09/2021,EAU,WI,AGL,CE,Federal Contract Tower,2,4,11,0,17,0,5,11,1,17,2,9,22,1,34,26,2,28,62
03/10/2021,EAU,WI,AGL,CE,Federal Contract Tower,0,4,13,0,17,0,0,0,0,0,0,4,13,0,17,0,0,0,17
03/11/2021,EAU,WI,AGL,CE,Federal Contract Tower,0,2,18,0,20,0,4,8,7,19,0,6,26,7,39,0,0,0,39
03/12/2021,EAU,WI,AGL,CE,Federal Contract Tower,0,4,17,1,22,0,5,45,1,51,0,9,62,2,73,8,0,8,81
03/13/2021,EAU,WI,AGL,CE,Federal Contract Tower,0,3,11,1,15,0,7,69,1,77,0,10,80,2,92,26,0,26,118
03/14/2021,EAU,WI,AGL,CE,Federal Contract Tower,0,3,7,0,10,0,2,24,0,26,0,5,31,0,36,12,0,12,48
03/15/2021,EAU,WI,AGL,CE,Federal Contract Tower,0,2,8,0,10,0,5,1,0,6,0,7,9,0,16,0,0,0,16
03/16/2021,EAU,WI,AGL,CE,Federal Contract Tower,0,3,13,1,17,0,1,8,1,10,0,4,21,2,27,22,0,22,49
03/17/2021,EAU,WI,AGL,CE,Federal Contract Tower,0,5,11,0,16,0,0,13,0,13,0,5,24,0,29,0,0,0,29
03/18/2021,EAU,WI,AGL,CE,Federal Contract Tower,0,1,20,0,21,0,5,42,0,47,0,6,62,0,68,10,0,10,78
03/19/2021,EAU,WI,AGL,CE,Federal Contract Tower,0,3,14,0,17,0,2,41,2,45,0,5,55,2,62,18,0,18,80
03/20/2021,EAU,WI,AGL,CE,Federal Contract Tower,0,3,13,0,16,0,1,17,1,19,0,4,30,1,35,12,0,12,47
03/21/2021,EAU,WI,AGL,CE,Federal Contract Tower,0,5,7,0,12,0,5,4,0,9,0,10,11,0,21,0,0,0,21
03/22/2021,EAU,WI,AGL,CE,Federal Contract Tower,0,4,22,0,26,0,6,32,0,38,0,10,54,0,64,36,0,36,100
03/23/2021,EAU,WI,AGL,CE,Federal Contract Tower,0,6,15,0,21,0,2,6,1,9,0,8,21,1,30,8,0,8,38
03/24/2021,EAU,WI,AGL,CE,Federal Contract Tower,0,4,13,0,17,0,0,1,0,1,0,4,14,0,18,0,0,0,18
03/25/2021,EAU,WI,AGL,CE,Federal Contract Tower,0,3,13,0,16,0,6,27,2,35,0,9,40,2,51,22,0,22,73
03/26/2021,EAU,WI,AGL,CE,Federal Contract Tower,0,3,8,0,11,0,3,27,2,32,0,6,35,2,43,18,0,18,61
03/27/2021,EAU,WI,AGL,CE,Federal Contract Tower,0,3,7,0,10,0,2,9,0,11,0,5,16,0,21,6,0,6,27
03/28/2021,EAU,WI,AGL,CE,Federal Contract Tower,0,3,7,2,12,0,0,13,6,19,0,3,20,8,31,4,4,8,39
03/29/2021,EAU,WI,AGL,CE,Federal Contract Tower,0,4,8,0,12,0,2,11,0,13,0,6,19,0,25,0,0,0,25
03/30/2021,EAU,WI,AGL,CE,Federal Contract Tower,0,3,12,2,17,0,2,16,2,20,0,5,28,4,37,0,0,0,37
03/31/2021,EAU,WI,AGL,CE,Federal Contract Tower,0,8,18,0,26,0,1,22,0,23,0,9,40,0,49,24,2,26,75
04/01/2021,EAU,WI,AGL,CE,Federal Contract Tower,0,3,12,0,15,0,2,55,3,60,0,5,67,3,75,24,0,24,99
04/02/2021,EAU,WI,AGL,CE,Federal Contract Tower,0,4,7,0,11,0,3,20,0,23,0,7,27,0,34,2,0,2,36
04/03/2021,EAU,WI,AGL,CE,Federal Contract Tower,0,3,4,0,7,0,8,78,2,88,0,11,82,2,95,32,0,32,127
04/04/2021,EAU,WI,AGL,CE,Federal Contract Tower,0,3,5,0,8,0,6,25,0,31,0,9,30,0,39,14,0,14,53
04/05/2021,EAU,WI,AGL,CE,Federal Contract Tower,0,6,19,0,25,0,4,27,0,31,0,10,46,0,56,6,0,6,62
04/06/2021,EAU,WI,AGL,CE,Federal Contract Tower,0,4,20,0,24,0,3,22,0,25,0,7,42,0,49,32,0,32,81
04/07/2021,EAU,WI,AGL,CE,Federal Contract Tower,0,7,9,0,16,0,2,11,0,13,0,9,20,0,29,6,0,6,35
04/08/2021,EAU,WI,AGL,CE,Federal Contract Tower,0,3,22,0,25,0,6,5,0,11,0,9,27,0,36,4,0,4,40
04/09/2021,EAU,WI,AGL,CE,Federal Contract Tower,0,3,15,0,18,0,2,2,0,4,0,5,17,0,22,0,0,0,22
04/10/2021,EAU,WI,AGL,CE,Federal Contract Tower,0,3,9,0,12,0,0,17,0,17,0,3,26,0,29,22,0,22,51
04/11/2021,EAU,WI,AGL,CE,Federal Contract Tower,0,4,6,0,10,0,2,0,0,2,0,6,6,0,12,0,0,0,12
04/12/2021,EAU,WI,AGL,CE,Federal Contract Tower,0,4,11,0,15,0,4,0,0,4,0,8,11,0,19,0,0,0,19
04/13/2021,EAU,WI,AGL,CE,Federal Contract Tower,0,7,12,0,19,0,0,0,0,0,0,7,12,0,19,2,0,2,21
04/14/2021,EAU,WI,AGL,CE,Federal Contract Tower,0,5,12,0,17,0,0,18,0,18,0,5,30,0,35,8,0,8,43
04/15/2021,EAU,WI,AGL,CE,Federal Contract Tower,0,4,25,0,29,0,2,27,0,29,0,6,52,0,58,6,0,6,64
04/16/2021,EAU,WI,AGL,CE,Federal Contract Tower,0,4,15,0,19,0,5,43,2,50,0,9,58,2,69,36,0,36,105
04/17/2021,EAU,WI,AGL,CE,Federal Contract Tower,0,4,2,0,6,0,2,67,0,69,0,6,69,0,75,6,0,6,81
04/18/2021,EAU,WI,AGL,CE,Federal Contract Tower,0,3,8,0,11,0,0,43,2,45,0,3,51,2,56,22,0,22,78
04/19/2021,EAU,WI,AGL,CE,Federal Contract Tower,0,5,6,0,11,0,4,10,0,14,0,9,16,0,25,0,0,0,25
04/20/2021,EAU,WI,AGL,CE,Federal Contract Tower,0,9,14,0,23,0,1,28,0,29,0,10,42,0,52,50,0,50,102
04/21/2021,EAU,WI,AGL,CE,Federal Contract Tower,0,4,10,0,14,0,2,52,4,58,0,6,62,4,72,0,0,0,72
04/22/2021,EAU,WI,AGL,CE,Federal Contract Tower,0,2,29,8,39,0,6,58,0,64,0,8,87,8,103,10,0,10,113
04/23/2021,EAU,WI,AGL,CE,Federal Contract Tower,0,5,9,0,14,0,8,14,0,22,0,13,23,0,36,6,0,6,42
04/24/2021,EAU,WI,AGL,CE,Federal Contract Tower,0,3,2,0,5,0,0,0,0,0,0,3,2,0,5,0,0,0,5
04/25/2021,EAU,WI,AGL,CE,Federal Contract Tower,0,4,7,0,11,0,5,16,4,25,0,9,23,4,36,0,0,0,36
04/26/2021,EAU,WI,AGL,CE,Federal Contract Tower,0,3,14,0,17,0,3,22,2,27,0,6,36,2,44,16,2,18,62
04/27/2021,EAU,WI,AGL,CE,Federal Contract Tower,0,4,7,0,11,0,0,6,0,6,0,4,13,0,17,6,0,6,23
04/28/2021,EAU,WI,AGL,CE,Federal Contract Tower,0,4,21,1,26,0,2,40,0,42,0,6,61,1,68,16,0,16,84
04/29/2021,EAU,WI,AGL,CE,Federal Contract Tower,0,3,14,0,17,0,1,39,0,40,0,4,53,0,57,30,0,30,87
04/30/2021,EAU,WI,AGL,CE,Federal Contract Tower,0,3,14,0,17,0,0,68,9,77,0,3,82,9,94,32,0,32,126
05/01/2021,EAU,WI,AGL,CE,Federal Contract Tower,0,3,3,0,6,0,2,35,0,37,0,5,38,0,43,8,0,8,51
05/02/2021,EAU,WI,AGL,CE,Federal Contract Tower,0,4,4,0,8,0,5,28,0,33,0,9,32,0,41,0,0,0,41
05/03/2021,EAU,WI,AGL,CE,Federal Contract Tower,0,3,14,0,17,0,1,4,0,5,0,4,18,0,22,0,0,0,22
05/04/2021,EAU,WI,AGL,CE,Federal Contract Tower,0,6,11,1,18,0,2,15,1,18,0,8,26,2,36,12,0,12,48
05/05/2021,EAU,WI,AGL,CE,Federal Contract Tower,0,7,16,1,24,0,2,54,1,57,0,9,70,2,81,16,2,18,99
05/06/2021,EAU,WI,AGL,CE,Federal Contract Tower,2,8,19,3,32,0,3,34,2,39,2,11,53,5,71,6,0,6,77
05/07/2021,EAU,WI,AGL,CE,Federal Contract Tower,0,3,24,0,27,0,4,42,4,50,0,7,66,4,77,20,0,20,97
05/08/2021,EAU,WI,AGL,CE,Federal Contract Tower,0,3,4,0,7,0,2,58,2,62,0,5,62,2,69,2,0,2,71
05/09/2021,EAU,WI,AGL,CE,Federal Contract Tower,0,3,2,0,5,0,5,25,0,30,0,8,27,0,35,18,0,18,53
05/10/2021,EAU,WI,AGL,CE,Federal Contract Tower,2,3,9,0,14,0,3,18,4,25,2,6,27,4,39,4,6,10,49
05/11/2021,EAU,WI,AGL,CE,Federal Contract Tower,0,4,16,1,21,0,5,59,1,65,0,9,75,2,86,24,0,24,110
05/12/2021,EAU,WI,AGL,CE,Federal Contract Tower,0,4,14,0,18,0,4,31,0,35,0,8,45,0,53,16,0,16,69
05/13/2021,EAU,WI,AGL,CE,Federal Contract Tower,0,3,16,0,19,0,4,57,2,63,0,7,73,2,82,60,6,66,148
05/14/2021,EAU,WI,AGL,CE,Federal Contract Tower,0,3,13,0,16,0,6,28,0,34,0,9,41,0,50,8,0,8,58
05/15/2021,EAU,WI,AGL,CE,Federal Contract Tower,0,4,9,0,13,0,2,25,0,27,0,6,34,0,40,0,0,0,40
05/16/2021,EAU,WI,AGL,CE,Federal Contract Tower,0,3,21,0,24,0,0,15,0,15,0,3,36,0,39,6,0,6,45
05/17/2021,EAU,WI,AGL,CE,Federal Contract Tower,0,3,11,0,14,0,0,24,0,24,0,3,35,0,38,2,0,2,40
05/18/2021,EAU,WI,AGL,CE,Federal Contract Tower,0,3,14,1,18,0,2,19,1,22,0,5,33,2,40,32,2,34,74
05/19/2021,EAU,WI,AGL,CE,Federal Contract Tower,0,8,10,0,18,0,0,2,0,2,0,8,12,0,20,14,0,14,34
05/20/2021,EAU,WI,AGL,CE,Federal Contract Tower,0,4,24,2,30,0,1,2,0,3,0,5,26,2,33,0,0,0,33
05/21/2021,EAU,WI,AGL,CE,Federal Contract Tower,0,5,11,0,16,0,4,2,0,6,0,9,13,0,22,0,0,0,22
05/22/2021,EAU,WI,AGL,CE,Federal Contract Tower,0,7,11,0,18,0,0,0,0,0,0,7,11,0,18,0,0,0,18
05/23/2021,EAU,WI,AGL,CE,Federal Contract Tower,0,6,8,0,14,0,1,5,0,6,0,7,13,0,20,0,0,0,20
05/24/2021,EAU,WI,AGL,CE,Federal Contract Tower,0,4,13,2,19,0,2,9,0,11,0,6,22,2,30,28,0,28,58
05/25/2021,EAU,WI,AGL,CE,Federal Contract Tower,0,3,11,0,14,0,3,19,0,22,0,6,30,0,36,0,0,0,36
05/26/2021,EAU,WI,AGL,CE,Federal Contract Tower,0,5,17,2,24,0,0,0,0,0,0,5,17,2,24,8,0,8,32
05/27/2021,EAU,WI,AGL,CE,Federal Contract Tower,0,5,15,0,20,0,0,1,0,1,0,5,16,0,21,0,0,0,21
05/28/2021,EAU,WI,AGL,CE,Federal Contract Tower,0,7,9,0,16,0,3,35,0,38,0,10,44,0,54,26,0,26,80
05/29/2021,EAU,WI,AGL,CE,Federal Contract Tower,0,3,6,0,9,0,4,54,4,62,0,7,60,4,71,22,0,22,93
05/30/2021,EAU,WI,AGL,CE,Federal Contract Tower,0,6,6,0,12,0,3,8,0,11,0,9,14,0,23,4,0,4,27
05/31/2021,EAU,WI,AGL,CE,Federal Contract Tower,0,4,4,0,8,0,2,30,1,33,0,6,34,1,41,0,0,0,41
06/01/2021,EAU,WI,AGL,CE,Federal Contract Tower,0,3,18,0,21,0,2,33,3,38,0,5,51,3,59,8,0,8,67
06/02/2021,EAU,WI,AGL,CE,Federal Contract Tower,0,3,12,0,15,0,2,30,2,34,0,5,42,2,49,22,0,22,71
06/03/2021,EAU,WI,AGL,CE,Federal Contract Tower,0,3,13,0,16,0,2,24,4,30,0,5,37,4,46,36,0,36,82
06/04/2021,EAU,WI,AGL,CE,Federal Contract Tower,0,3,10,0,13,0,4,17,1,22,0,7,27,1,35,18,0,18,53
06/05/2021,EAU,WI,AGL,CE,Federal Contract Tower,0,3,10,0,13,0,4,29,0,33,0,7,39,0,46,0,0,0,46
06/06/2021,EAU,WI,AGL,CE,Federal Contract Tower,0,3,5,0,8,0,3,9,1,13,0,6,14,1,21,4,0,4,25
06/07/2021,EAU,WI,AGL,CE,Federal Contract Tower,0,4,11,3,18,0,2,24,2,28,0,6,35,5,46,24,0,24,70
06/08/2021,EAU,WI,AGL,CE,Federal Contract Tower,0,4,14,0,18,0,2,36,0,38,0,6,50,0,56,24,0,24,80
06/09/2021,EAU,WI,AGL,CE,Federal Contract Tower,0,4,25,1,30,0,0,43,3,46,0,4,68,4,76,4,0,4,80
06/10/2021,EAU,WI,AGL,CE,Federal Contract Tower,0,4,13,5,22,0,8,35,2,45,0,12,48,7,67,22,6,28,95
06/11/2021,EAU,WI,AGL,CE,Federal Contract Tower,0,3,9,0,12,0,3,14,0,17,0,6,23,0,29,0,0,0,29
06/12/2021,EAU,WI,AGL,CE,Federal Contract Tower,0,3,14,4,21,0,0,34,3,37,0,3,48,7,58,8,0,8,66
06/13/2021,EAU,WI,AGL,CE,Federal Contract Tower,0,3,5,0,8,0,6,28,0,34,0,9,33,0,42,8,0,8,50
06/14/2021,EAU,WI,AGL,CE,Federal Contract Tower,0,3,11,0,14,0,0,16,0,16,0,3,27,0,30,4,0,4,34
06/15/2021,EAU,WI,AGL,CE,Federal Contract Tower,0,5,16,0,21,0,3,54,0,57,0,8,70,0,78,18,0,18,96
06/16/2021,EAU,WI,AGL,CE,Federal Contract Tower,0,3,11,0,14,0,4,42,0,46,0,7,53,0,60,14,0,14,74
06/17/2021,EAU,WI,AGL,CE,Federal Contract Tower,0,6,19,0,25,0,4,19,0,23,0,10,38,0,48,4,0,4,52
06/18/2021,EAU,WI,AGL,CE,Federal Contract Tower,0,5,15,0,20,0,6,41,0,47,0,11,56,0,67,2,0,2,69
06/19/2021,EAU,WI,AGL,CE,Federal Contract Tower,0,4,11,0,15,0,3,30,2,35,0,7,41,2,50,18,0,18,68
06/20/2021,EAU,WI,AGL,CE,Federal Contract Tower,0,3,2,0,5,0,1,4,0,5,0,4,6,0,10,0,0,0,10
06/21/2021,EAU,WI,AGL,CE,Federal Contract Tower,0,2,12,0,14,0,4,29,0,33,0,6,41,0,47,2,0,2,49
06/22/2021,EAU,WI,AGL,CE,Federal Contract Tower,0,4,15,0,19,0,4,41,1,46,0,8,56,1,65,18,0,18,83
06/23/2021,EAU,WI,AGL,CE,Federal Contract Tower,2,8,19,1,30,0,5,31,3,39,2,13,50,4,69,46,0,46,115
06/24/2021,EAU,WI,AGL,CE,Federal Contract Tower,0,3,17,0,20,0,0,14,0,14,0,3,31,0,34,2,0,2,36
06/25/2021,EAU,WI,AGL,CE,Federal Contract Tower,0,5,11,0,16,0,2,23,7,32,0,7,34,7,48,4,0,4,52
06/26/2021,EAU,WI,AGL,CE,Federal Contract Tower,0,5,9,0,14,0,3,2,0,5,0,8,11,0,19,0,0,0,19
06/27/2021,EAU,WI,AGL,CE,Federal Contract Tower,0,6,3,0,9,0,3,21,0,24,0,9,24,0,33,10,0,10,43
06/28/2021,EAU,WI,AGL,CE,Federal Contract Tower,0,6,7,0,13,0,1,16,3,20,0,7,23,3,33,12,0,12,45
06/29/2021,EAU,WI,AGL,CE,Federal Contract Tower,0,4,17,0,21,0,3,20,0,23,0,7,37,0,44,4,0,4,48
06/30/2021,EAU,WI,AGL,CE,Federal Contract Tower,0,6,22,1,29,0,0,52,6,58,0,6,74,7,87,26,8,34,121
07/01/2021,EAU,WI,AGL,CE,Federal Contract Tower,0,4,24,2,30,0,6,42,2,50,0,10,66,4,80,20,6,26,106
07/02/2021,EAU,WI,AGL,CE,Federal Contract Tower,0,5,16,0,21,0,5,25,0,30,0,10,41,0,51,16,0,16,67
07/03/2021,EAU,WI,AGL,CE,Federal Contract Tower,0,4,2,0,6,0,4,27,2,33,0,8,29,2,39,2,0,2,41
07/04/2021,EAU,WI,AGL,CE,Federal Contract Tower,0,4,4,0,8,0,6,9,0,15,0,10,13,0,23,0,0,0,23
07/05/2021,EAU,WI,AGL,CE,Federal Contract Tower,1,3,2,0,6,0,0,22,3,25,1,3,24,3,31,18,0,18,49
07/06/2021,EAU,WI,AGL,CE,Federal Contract Tower,0,4,12,0,16,0,2,15,0,17,0,6,27,0,33,12,0,12,45
07/07/2021,EAU,WI,AGL,CE,Federal Contract Tower,0,3,21,2,26,0,1,2,0,3,0,4,23,2,29,0,0,0,29
07/08/2021,EAU,WI,AGL,CE,Federal Contract Tower,0,4,26,2,32,0,2,35,4,41,0,6,61,6,73,34,0,34,107
07/09/2021,EAU,WI,AGL,CE,Federal Contract Tower,2,5,13,7,27,0,2,26,0,28,2,7,39,7,55,20,8,28,83
07/10/2021,EAU,WI,AGL,CE,Federal Contract Tower,0,5,7,3,15,0,3,49,0,52,0,8,56,3,67,16,0,16,83
07/11/2021,EAU,WI,AGL,CE,Federal Contract Tower,0,4,6,0,10,0,7,39,0,46,0,11,45,0,56,10,0,10,66
07/12/2021,EAU,WI,AGL,CE,Federal Contract Tower,0,6,9,0,15,0,0,57,0,57,0,6,66,0,72,38,14,52,124
07/13/2021,EAU,WI,AGL,CE,Federal Contract Tower,2,4,12,1,19,0,2,40,4,46,2,6,52,5,65,18,6,24,89
07/14/2021,EAU,WI,AGL,CE,Federal Contract Tower,0,3,17,2,22,0,0,13,3,16,0,3,30,5,38,24,10,34,72
07/15/2021,EAU,WI,AGL,CE,Federal Contract Tower,0,6,11,0,17,0,3,31,5,39,0,9,42,5,56,16,6,22,78
07/16/2021,EAU,WI,AGL,CE,Federal Contract Tower,0,6,18,5,29,0,5,47,12,64,0,11,65,17,93,14,8,22,115
07/17/2021,EAU,WI,AGL,CE,Federal Contract Tower,0,7,4,5,16,0,6,42,1,49,0,13,46,6,65,30,2,32,97
07/18/2021,EAU,WI,AGL,CE,Federal Contract Tower,0,5,3,0,8,0,7,27,0,34,0,12,30,0,42,0,0,0,42
07/19/2021,EAU,WI,AGL,CE,Federal Contract Tower,0,4,11,0,15,0,3,42,0,45,0,7,53,0,60,27,0,27,87
07/20/2021,EAU,WI,AGL,CE,Federal Contract Tower,0,4,15,0,19,0,3,42,1,46,0,7,57,1,65,34,0,34,99
07/21/2021,EAU,WI,AGL,CE,Federal Contract Tower,0,3,37,0,40,0,2,21,0,23,0,5,58,0,63,10,0,10,73
07/22/2021,EAU,WI,AGL,CE,Federal Contract Tower,0,4,20,0,24,0,3,19,0,22,0,7,39,0,46,16,0,16,62
07/23/2021,EAU,WI,AGL,CE,Federal Contract Tower,0,3,14,0,17,0,4,32,1,37,0,7,46,1,54,22,0,22,76
07/24/2021,EAU,WI,AGL,CE,Federal Contract Tower,0,3,9,0,12,0,2,34,0,36,0,5,43,0,48,2,0,2,50
07/25/2021,EAU,WI,AGL,CE,Federal Contract Tower,0,4,3,0,7,0,5,29,0,34,0,9,32,0,41,14,0,14,55
07/26/2021,EAU,WI,AGL,CE,Federal Contract Tower,0,7,21,0,28,0,3,24,2,29,0,10,45,2,57,10,0,10,67
07/27/2021,EAU,WI,AGL,CE,Federal Contract Tower,0,7,11,0,18,0,4,33,1,38,0,11,44,1,56,44,0,44,100
07/28/2021,EAU,WI,AGL,CE,Federal Contract Tower,0,6,8,0,14,0,3,18,0,21,0,9,26,0,35,18,0,18,53
07/29/2021,EAU,WI,AGL,CE,Federal Contract Tower,0,4,28,1,33,0,5,36,1,42,0,9,64,2,75,24,0,24,99
07/30/2021,EAU,WI,AGL,CE,Federal Contract Tower,0,3,25,0,28,0,2,16,0,18,0,5,41,0,46,16,0,16,62
07/31/2021,EAU,WI,AGL,CE,Federal Contract Tower,0,5,13,0,18,0,2,15,1,18,0,7,28,1,36,16,0,16,52
08/01/2021,EAU,WI,AGL,CE,Federal Contract Tower,0,5,7,0,12,0,4,28,1,33,0,9,35,1,45,10,0,10,55
08/02/2021,EAU,WI,AGL,CE,Federal Contract Tower,0,10,17,0,27,0,3,17,0,20,0,13,34,0,47,0,0,0,47
08/03/2021,EAU,WI,AGL,CE,Federal Contract Tower,0,6,25,0,31,0,4,20,0,24,0,10,45,0,55,10,0,10,65
08/04/2021,EAU,WI,AGL,CE,Federal Contract Tower,0,6,28,0,34,0,6,35,0,41,0,12,63,0,75,24,0,24,99
08/05/2021,EAU,WI,AGL,CE,Federal Contract Tower,0,5,14,0,19,0,1,10,0,11,0,6,24,0,30,14,0,14,44
08/06/2021,EAU,WI,AGL,CE,Federal Contract Tower,0,4,24,2,30,0,1,32,0,33,0,5,56,2,63,8,0,8,71
08/07/2021,EAU,WI,AGL,CE,Federal Contract Tower,0,3,5,0,8,0,1,0,0,1,0,4,5,0,9,0,0,0,9
08/08/2021,EAU,WI,AGL,CE,Federal Contract Tower,0,3,4,0,7,0,2,13,0,15,0,5,17,0,22,4,0,4,26
08/09/2021,EAU,WI,AGL,CE,Federal Contract Tower,0,6,16,2,24,0,2,21,0,23,0,8,37,2,47,18,0,18,65
08/10/2021,EAU,WI,AGL,CE,Federal Contract Tower,0,3,16,6,25,0,3,8,0,11,0,6,24,6,36,4,0,4,40
08/11/2021,EAU,WI,AGL,CE,Federal Contract Tower,0,4,23,0,27,0,3,32,2,37,0,7,55,2,64,10,0,10,74
08/12/2021,EAU,WI,AGL,CE,Federal Contract Tower,0,3,18,1,22,0,0,32,0,32,0,3,50,1,54,42,0,42,96
08/13/2021,EAU,WI,AGL,CE,Federal Contract Tower,0,4,17,0,21,0,7,23,2,32,0,11,40,2,53,2,0,2,55
08/14/2021,EAU,WI,AGL,CE,Federal Contract Tower,0,8,10,0,18,0,2,73,0,75,0,10,83,0,93,16,0,16,109
08/15/2021,EAU,WI,AGL,CE,Federal Contract Tower,0,4,10,0,14,0,5,31,4,40,0,9,41,4,54,6,0,6,60
08/16/2021,EAU,WI,AGL,CE,Federal Contract Tower,2,12,16,2,32,0,2,20,16,38,2,14,36,18,70,4,6,10,80
08/17/2021,EAU,WI,AGL,CE,Federal Contract Tower,0,4,17,2,23,0,5,29,2,36,0,9,46,4,59,14,0,14,73
08/18/2021,EAU,WI,AGL,CE,Federal Contract Tower,0,4,19,1,24,0,1,27,2,30,0,5,46,3,54,10,0,10,64
08/19/2021,EAU,WI,AGL,CE,Federal Contract Tower,0,2,15,0,17,0,6,51,0,57,0,8,66,0,74,26,0,26,100
08/20/2021,EAU,WI,AGL,CE,Federal Contract Tower,2,3,15,2,22,0,6,23,4,33,2,9,38,6,55,6,0,6,61
08/21/2021,EAU,WI,AGL,CE,Federal Contract Tower,0,3,5,0,8,0,7,17,3,27,0,10,22,3,35,4,0,4,39
08/22/2021,EAU,WI,AGL,CE,Federal Contract Tower,0,5,9,2,16,0,9,58,4,71,0,14,67,6,87,26,16,42,129
08/23/2021,EAU,WI,AGL,CE,Federal Contract Tower,0,5,26,0,31,0,21,16,0,37,0,26,42,0,68,8,0,8,76
08/24/2021,EAU,WI,AGL,CE,Federal Contract Tower,0,3,13,0,16,0,2,10,0,12,0,5,23,0,28,6,0,6,34
08/25/2021,EAU,WI,AGL,CE,Federal Contract Tower,0,5,20,2,27,0,4,44,4,52,0,9,64,6,79,36,0,36,115
08/26/2021,EAU,WI,AGL,CE,Federal Contract Tower,0,8,24,0,32,0,4,6,0,10,0,12,30,0,42,0,0,0,42
08/27/2021,EAU,WI,AGL,CE,Federal Contract Tower,0,4,14,0,18,0,2,2,0,4,0,6,16,0,22,2,0,2,24
08/28/2021,EAU,WI,AGL,CE,Federal Contract Tower,0,3,2,0,5,0,2,17,0,19,0,5,19,0,24,4,0,4,28
08/29/2021,EAU,WI,AGL,CE,Federal Contract Tower,0,3,8,3,14,0,3,30,0,33,0,6,38,3,47,10,0,10,57
08/30/2021,EAU,WI,AGL,CE,Federal Contract Tower,0,6,11,0,17,0,4,48,0,52,0,10,59,0,69,42,0,42,111
08/31/2021,EAU,WI,AGL,CE,Federal Contract Tower,0,4,28,0,32,0,4,41,0,45,0,8,69,0,77,24,0,24,101
09/01/2021,EAU,WI,AGL,CE,Federal Contract Tower,0,8,21,1,30,0,2,47,3,52,0,10,68,4,82,22,0,22,104
09/02/2021,EAU,WI,AGL,CE,Federal Contract Tower,0,3,15,2,20,0,2,43,1,46,0,5,58,3,66,22,0,22,88
09/03/2021,EAU,WI,AGL,CE,Federal Contract Tower,0,3,17,0,20,0,0,0,0,0,0,3,17,0,20,0,0,0,20
09/04/2021,EAU,WI,AGL,CE,Federal Contract Tower,0,4,13,0,17,0,3,19,0,22,0,7,32,0,39,8,0,8,47
09/05/2021,EAU,WI,AGL,CE,Federal Contract Tower,0,3,5,0,8,0,3,36,0,39,0,6,41,0,47,10,0,10,57
09/06/2021,EAU,WI,AGL,CE,Federal Contract Tower,0,3,9,0,12,0,6,43,0,49,0,9,52,0,61,14,0,14,75
09/07/2021,EAU,WI,AGL,CE,Federal Contract Tower,0,4,13,0,17,0,3,21,0,24,0,7,34,0,41,18,0,18,59
09/08/2021,EAU,WI,AGL,CE,Federal Contract Tower,0,7,18,0,25,0,1,18,0,19,0,8,36,0,44,24,0,24,68
09/09/2021,EAU,WI,AGL,CE,Federal Contract Tower,0,5,25,4,34,0,1,33,2,36,0,6,58,6,70,10,0,10,80
09/10/2021,EAU,WI,AGL,CE,Federal Contract Tower,0,5,13,0,18,0,3,28,0,31,0,8,41,0,49,12,0,12,61
09/11/2021,EAU,WI,AGL,CE,Federal Contract Tower,0,3,13,0,16,0,5,36,0,41,0,8,49,0,57,0,0,0,57
09/12/2021,EAU,WI,AGL,CE,Federal Contract Tower,0,15,10,0,25,0,3,37,0,40,0,18,47,0,65,34,0,34,99
09/13/2021,EAU,WI,AGL,CE,Federal Contract Tower,0,6,16,0,22,0,4,22,0,26,0,10,38,0,48,12,0,12,60
09/14/2021,EAU,WI,AGL,CE,Federal Contract Tower,0,4,15,0,19,0,7,20,0,27,0,11,35,0,46,8,0,8,54
09/15/2021,EAU,WI,AGL,CE,Federal Contract Tower,0,6,18,0,24,0,4,41,1,46,0,10,59,1,70,32,0,32,102
09/16/2021,EAU,WI,AGL,CE,Federal Contract Tower,0,3,12,0,15,0,3,20,0,23,0,6,32,0,38,0,0,0,38
09/17/2021,EAU,WI,AGL,CE,Federal Contract Tower,0,3,12,0,15,0,3,39,0,42,0,6,51,0,57,8,0,8,65
09/18/2021,EAU,WI,AGL,CE,Federal Contract Tower,0,3,10,0,13,0,4,52,4,60,0,7,62,4,73,10,0,10,83
09/19/2021,EAU,WI,AGL,CE,Federal Contract Tower,0,3,7,0,10,0,2,15,1,18,0,5,22,1,28,14,2,16,44
09/20/2021,EAU,WI,AGL,CE,Federal Contract Tower,2,11,9,0,22,0,1,4,0,5,2,12,13,0,27,2,0,2,29
09/21/2021,EAU,WI,AGL,CE,Federal Contract Tower,0,3,9,2,14,0,5,18,10,33,0,8,27,12,47,10,2,12,59
09/22/2021,EAU,WI,AGL,CE,Federal Contract Tower,0,4,17,2,23,0,2,52,4,58,0,6,69,6,81,12,0,12,93
09/23/2021,EAU,WI,AGL,CE,Federal Contract Tower,0,4,20,1,25,0,3,14,6,23,0,7,34,7,48,12,0,12,60
09/24/2021,EAU,WI,AGL,CE,Federal Contract Tower,2,5,12,0,19,0,2,5,0,7,2,7,17,0,26,0,0,0,26
09/25/2021,EAU,WI,AGL,CE,Federal Contract Tower,0,4,11,0,15,0,1,42,8,51,0,5,53,8,66,6,0,6,72
09/26/2021,EAU,WI,AGL,CE,Federal Contract Tower,0,3,9,0,12,0,3,31,2,36,0,6,40,2,48,14,0,14,62
09/27/2021,EAU,WI,AGL,CE,Federal Contract Tower,0,4,18,0,22,0,12,24,0,36,0,16,42,0,58,24,0,24,82
09/28/2021,EAU,WI,AGL,CE,Federal Contract Tower,0,5,18,0,23,0,1,57,2,60,0,6,75,2,83,4,0,4,87
09/29/2021,EAU,WI,AGL,CE,Federal Contract Tower,0,3,16,0,19,0,0,54,4,58,0,3,70,4,77,26,0,26,103
09/30/2021,EAU,WI,AGL,CE,Federal Contract Tower,0,3,17,0,20,0,3,46,0,49,0,6,63,0,69,44,0,44,113
10/01/2021,EAU,WI,AGL,CE,Federal Contract Tower,0,3,7,0,10,0,4,23,0,27,0,7,30,0,37,8,0,8,45
10/02/2021,EAU,WI,AGL,CE,Federal Contract Tower,0,4,12,0,16,0,4,6,0,10,0,8,18,0,26,0,0,0,26
10/03/2021,EAU,WI,AGL,CE,Federal Contract Tower,0,7,21,0,28,0,5,1,0,6,0,12,22,0,34,0,0,0,34
10/04/2021,EAU,WI,AGL,CE,Federal Contract Tower,2,8,28,0,38,0,3,23,0,26,2,11,51,0,64,4,0,4,68
10/05/2021,EAU,WI,AGL,CE,Federal Contract Tower,0,8,13,0,21,0,8,38,0,46,0,16,51,0,67,2,0,2,69
10/06/2021,EAU,WI,AGL,CE,Federal Contract Tower,0,5,15,2,22,0,6,36,3,45,0,11,51,5,67,34,8,42,109
10/07/2021,EAU,WI,AGL,CE,Federal Contract Tower,0,9,26,0,35,0,3,9,0,12,0,12,35,0,47,4,0,4,51
10/08/2021,EAU,WI,AGL,CE,Federal Contract Tower,0,4,19,0,23,0,3,5,0,8,0,7,24,0,31,8,0,8,39
10/09/2021,EAU,WI,AGL,CE,Federal Contract Tower,2,2,12,0,16,0,2,15,2,19,2,4,27,2,35,4,0,4,39
10/10/2021,EAU,WI,AGL,CE,Federal Contract Tower,0,3,13,0,16,0,5,14,5,24,0,8,27,5,40,12,0,12,52
10/11/2021,EAU,WI,AGL,CE,Federal Contract Tower,0,3,33,0,36,0,3,19,0,22,0,6,52,0,58,6,0,6,64
10/12/2021,EAU,WI,AGL,CE,Federal Contract Tower,0,6,20,1,27,0,0,22,0,22,0,6,42,1,49,10,0,10,59
10/13/2021,EAU,WI,AGL,CE,Federal Contract Tower,0,3,10,0,13,0,0,2,0,2,0,3,12,0,15,10,0,10,25
10/14/2021,EAU,WI,AGL,CE,Federal Contract Tower,0,11,26,2,39,0,1,31,1,33,0,12,57,3,72,8,0,8,80
10/15/2021,EAU,WI,AGL,CE,Federal Contract Tower,0,8,10,0,18,0,2,18,0,20,0,10,28,0,38,12,0,12,50
10/16/2021,EAU,WI,AGL,CE,Federal Contract Tower,0,3,9,0,12,0,7,38,2,47,0,10,47,2,59,2,0,2,61
10/17/2021,EAU,WI,AGL,CE,Federal Contract Tower,0,8,11,0,19,0,4,50,0,54,0,12,61,0,73,24,0,24,97
10/18/2021,EAU,WI,AGL,CE,Federal Contract Tower,0,5,10,0,15,0,4,34,2,40,0,9,44,2,55,18,0,18,73
10/19/2021,EAU,WI,AGL,CE,Federal Contract Tower,0,4,12,0,16,0,4,68,0,72,0,8,80,0,88,5,0,5,93
10/20/2021,EAU,WI,AGL,CE,Federal Contract Tower,0,6,15,0,21,0,1,12,0,13,0,7,27,0,34,2,0,2,36
10/21/2021,EAU,WI,AGL,CE,Federal Contract Tower,0,6,20,1,27,0,11,18,1,30,0,17,38,2,57,0,0,0,57
10/22/2021,EAU,WI,AGL,CE,Federal Contract Tower,0,3,25,0,28,0,2,42,4,48,0,5,67,4,76,16,0,16,92
10/23/2021,EAU,WI,AGL,CE,Federal Contract Tower,0,2,9,0,11,0,7,53,5,65,0,9,62,5,76,0,4,4,80
10/24/2021,EAU,WI,AGL,CE,Federal Contract Tower,0,6,19,0,25,0,6,37,0,43,0,12,56,0,68,6,0,6,74
10/25/2021,EAU,WI,AGL,CE,Federal Contract Tower,0,2,17,0,19,0,2,16,0,18,0,4,33,0,37,10,0,10,47
10/26/2021,EAU,WI,AGL,CE,Federal Contract Tower,0,3,17,3,23,0,1,10,3,14,0,4,27,6,37,4,0,4,41
10/27/2021,EAU,WI,AGL,CE,Federal Contract Tower,0,4,11,0,15,0,0,7,0,7,0,4,18,0,22,2,0,2,24
10/28/2021,EAU,WI,AGL,CE,Federal Contract Tower,0,5,16,0,21,0,1,0,0,1,0,6,16,0,22,4,0,4,26
10/29/2021,EAU,WI,AGL,CE,Federal Contract Tower,0,10,23,0,33,0,5,11,0,16,0,15,34,0,49,0,0,0,49
10/30/2021,EAU,WI,AGL,CE,Federal Contract Tower,0,4,16,0,20,0,4,33,0,37,0,8,49,0,57,38,0,38,95
10/31/2021,EAU,WI,AGL,CE,Federal Contract Tower,0,4,8,0,12,0,3,6,0,9,0,7,14,0,21,0,0,0,21
11/01/2021,EAU,WI,AGL,CE,Federal Contract Tower,0,3,11,0,14,0,3,19,0,22,0,6,30,0,36,4,0,4,40
11/02/2021,EAU,WI,AGL,CE,Federal Contract Tower,0,3,12,0,15,0,7,20,2,29,0,10,32,2,44,0,0,0,44
11/03/2021,EAU,WI,AGL,CE,Federal Contract Tower,0,7,11,0,18,0,4,15,2,21,0,11,26,2,39,4,0,4,43
11/04/2021,EAU,WI,AGL,CE,Federal Contract Tower,0,6,21,2,29,0,4,25,0,29,0,10,46,2,58,2,0,2,60
11/05/2021,EAU,WI,AGL,CE,Federal Contract Tower,2,3,10,0,15,0,5,14,0,19,2,8,24,0,34,10,0,10,44
11/06/2021,EAU,WI,AGL,CE,Federal Contract Tower,0,3,5,0,8,0,2,44,0,46,0,5,49,0,54,0,0,0,54
11/07/2021,EAU,WI,AGL,CE,Federal Contract Tower,0,3,14,0,17,0,1,23,0,24,0,4,37,0,41,16,0,16,57
11/08/2021,EAU,WI,AGL,CE,Federal Contract Tower,2,7,13,0,22,0,6,36,2,44,2,13,49,2,66,38,2,40,106
11/09/2021,EAU,WI,AGL,CE,Federal Contract Tower,0,5,20,2,27,0,4,40,3,47,0,9,60,5,74,18,0,18,92
11/10/2021,EAU,WI,AGL,CE,Federal Contract Tower,0,4,23,0,27,0,3,14,0,17,0,7,37,0,44,4,0,4,48
11/11/2021,EAU,WI,AGL,CE,Federal Contract Tower,0,5,11,0,16,0,0,0,0,0,0,5,11,0,16,0,0,0,16
11/12/2021,EAU,WI,AGL,CE,Federal Contract Tower,0,3,12,0,15,0,5,5,0,10,0,8,17,0,25,12,0,12,37
11/13/2021,EAU,WI,AGL,CE,Federal Contract Tower,0,3,3,0,6,0,1,6,0,7,0,4,9,0,13,0,0,0,13
11/14/2021,EAU,WI,AGL,CE,Federal Contract Tower,2,8,5,0,15,0,6,3,0,9,2,14,8,0,24,0,0,0,24
11/15/2021,EAU,WI,AGL,CE,Federal Contract Tower,0,3,7,2,12,0,7,14,0,21,0,10,21,2,33,20,0,20,53
11/16/2021,EAU,WI,AGL,CE,Federal Contract Tower,0,3,9,0,12,0,7,29,0,36,0,10,38,0,48,2,0,2,50
11/17/2021,EAU,WI,AGL,CE,Federal Contract Tower,0,4,14,0,18,0,6,12,0,18,0,10,26,0,36,18,0,18,54
11/18/2021,EAU,WI,AGL,CE,Federal Contract Tower,2,3,11,3,19,0,8,3,0,11,2,11,14,3,30,0,0,0,30
11/19/2021,EAU,WI,AGL,CE,Federal Contract Tower,0,5,16,1,22,0,3,33,0,36,0,8,49,1,58,4,0,4,62
11/20/2021,EAU,WI,AGL,CE,Federal Contract Tower,0,4,9,0,13,0,4,55,4,63,0,8,64,4,76,46,0,46,122
11/21/2021,EAU,WI,AGL,CE,Federal Contract Tower,0,3,7,0,10,0,2,4,0,6,0,5,11,0,16,0,0,0,16
11/22/2021,EAU,WI,AGL,CE,Federal Contract Tower,0,7,14,0,21,0,9,50,0,59,0,16,64,0,80,38,0,38,118
11/23/2021,EAU,WI,AGL,CE,Federal Contract Tower,0,3,14,4,21,0,0,24,1,25,0,3,38,5,46,12,0,12,58
11/24/2021,EAU,WI,AGL,CE,Federal Contract Tower,0,3,12,0,15,0,2,43,0,45,0,5,55,0,60,4,0,4,64
11/25/2021,EAU,WI,AGL,CE,Federal Contract Tower,0,2,0,0,2,0,5,2,0,7,0,7,2,0,9,0,0,0,9
11/26/2021,EAU,WI,AGL,CE,Federal Contract Tower,0,3,11,0,14,0,1,26,0,27,0,4,37,0,41,2,0,2,43
11/27/2021,EAU,WI,AGL,CE,Federal Contract Tower,0,3,3,0,6,0,0,0,0,0,0,3,3,0,6,2,0,2,8
11/28/2021,EAU,WI,AGL,CE,Federal Contract Tower,0,8,13,0,21,0,0,17,0,17,0,8,30,0,38,0,0,0,38
11/29/2021,EAU,WI,AGL,CE,Federal Contract Tower,0,3,8,0,11,0,4,26,0,30,0,7,34,0,41,8,0,8,49
11/30/2021,EAU,WI,AGL,CE,Federal Contract Tower,0,5,10,0,15,0,4,33,2,39,0,9,43,2,54,14,0,14,68
12/01/2021,EAU,WI,AGL,CE,Federal Contract Tower,0,7,18,0,25,0,6,14,0,20,0,13,32,0,45,12,0,12,57
12/02/2021,EAU,WI,AGL,CE,Federal Contract Tower,0,3,21,3,27,0,3,34,0,37,0,6,55,3,64,8,0,8,72
12/03/2021,EAU,WI,AGL,CE,Federal Contract Tower,0,2,7,0,9,0,2,5,0,7,0,4,12,0,16,0,0,0,16
12/04/2021,EAU,WI,AGL,CE,Federal Contract Tower,0,3,11,0,14,0,8,51,4,63,0,11,62,4,77,24,0,24,101
12/05/2021,EAU,WI,AGL,CE,Federal Contract Tower,0,3,8,0,11,0,0,0,0,0,0,3,8,0,11,0,0,0,11
12/06/2021,EAU,WI,AGL,CE,Federal Contract Tower,0,3,16,0,19,0,3,8,0,11,0,6,24,0,30,6,0,6,36
12/07/2021,EAU,WI,AGL,CE,Federal Contract Tower,0,3,12,0,15,0,0,4,0,4,0,3,16,0,19,4,0,4,23
12/08/2021,EAU,WI,AGL,CE,Federal Contract Tower,0,4,16,0,20,0,5,40,3,48,0,9,56,3,68,4,0,4,72
12/09/2021,EAU,WI,AGL,CE,Federal Contract Tower,0,12,15,0,27,0,2,9,0,11,0,14,24,0,38,0,0,0,38
12/10/2021,EAU,WI,AGL,CE,Federal Contract Tower,0,1,9,0,10,0,0,1,0,1,0,1,10,0,11,0,0,0,11
12/11/2021,EAU,WI,AGL,CE,Federal Contract Tower,0,2,3,0,5,0,4,9,0,13,0,6,12,0,18,8,0,8,26
12/12/2021,EAU,WI,AGL,CE,Federal Contract Tower,2,3,8,0,13,0,3,14,1,18,2,6,22,1,31,2,4,6,37
12/13/2021,EAU,WI,AGL,CE,Federal Contract Tower,0,3,21,0,24,0,2,21,6,29,0,5,42,6,53,46,0,46,99
12/14/2021,EAU,WI,AGL,CE,Federal Contract Tower,0,9,20,0,29,0,5,9,4,18,0,14,29,4,47,2,0,2,49
12/15/2021,EAU,WI,AGL,CE,Federal Contract Tower,0,3,11,0,14,0,2,8,0,10,0,5,19,0,24,4,0,4,28
12/16/2021,EAU,WI,AGL,CE,Federal Contract Tower,2,3,15,0,20,0,4,0,0,4,2,7,15,0,24,0,0,0,24
12/17/2021,EAU,WI,AGL,CE,Federal Contract Tower,0,6,23,0,29,0,6,27,0,33,0,12,50,0,62,2,0,2,64
12/18/2021,EAU,WI,AGL,CE,Federal Contract Tower,0,3,11,0,14,0,6,22,0,28,0,9,33,0,42,4,0,4,46
12/19/2021,EAU,WI,AGL,CE,Federal Contract Tower,0,3,2,0,5,0,1,4,0,5,0,4,6,0,10,0,0,0,10
12/20/2021,EAU,WI,AGL,CE,Federal Contract Tower,0,4,12,0,16,0,2,16,0,18,0,6,28,0,34,8,0,8,42
12/21/2021,EAU,WI,AGL,CE,Federal Contract Tower,0,3,22,0,25,0,4,5,0,9,0,7,27,0,34,0,0,0,34
12/22/2021,EAU,WI,AGL,CE,Federal Contract Tower,0,6,14,0,20,0,3,23,3,29,0,9,37,3,49,0,2,2,51
12/23/2021,EAU,WI,AGL,CE,Federal Contract Tower,0,3,14,0,17,0,3,16,0,19,0,6,30,0,36,4,0,4,40
12/24/2021,EAU,WI,AGL,CE,Federal Contract Tower,0,5,0,0,5,0,0,0,0,0,0,5,0,0,5,0,0,0,5
12/25/2021,EAU,WI,AGL,CE,Federal Contract Tower,0,0,1,0,1,0,6,4,0,10,0,6,5,0,11,0,0,0,11
12/26/2021,EAU,WI,AGL,CE,Federal Contract Tower,0,3,16,0,19,0,3,9,0,12,0,6,25,0,31,0,0,0,31
12/27/2021,EAU,WI,AGL,CE,Federal Contract Tower,0,3,5,0,8,0,4,0,0,4,0,7,5,0,12,0,0,0,12
12/28/2021,EAU,WI,AGL,CE,Federal Contract Tower,0,3,6,0,9,0,2,0,0,2,0,5,6,0,11,0,0,0,11
12/29/2021,EAU,WI,AGL,CE,Federal Contract Tower,0,3,7,0,10,0,10,11,0,21,0,13,18,0,31,26,2,28,59
12/30/2021,EAU,WI,AGL,CE,Federal Contract Tower,0,4,9,0,13,0,0,2,0,2,0,4,11,0,15,2,0,2,17
12/31/2021,EAU,WI,AGL,CE,Federal Contract Tower,0,4,3,0,7,0,0,4,0,4,0,4,7,0,11,4,0,4,15
01/01/2022,EAU,WI,AGL,CE,Federal Contract Tower,0,2,1,0,3,0,0,1,0,1,0,2,2,0,4,0,0,0,4
01/02/2022,EAU,WI,AGL,CE,Federal Contract Tower,0,2,16,0,18,0,0,8,0,8,0,2,24,0,26,2,0,2,28
01/03/2022,EAU,WI,AGL,CE,Federal Contract Tower,0,2,12,0,14,0,2,25,3,30,0,4,37,3,44,54,0,54,98
01/04/2022,EAU,WI,AGL,CE,Federal Contract Tower,0,3,17,0,20,0,2,29,0,31,0,5,46,0,51,28,0,28,79
01/05/2022,EAU,WI,AGL,CE,Federal Contract Tower,0,3,9,0,12,0,0,0,0,0,0,3,9,0,12,0,0,0,12
01/06/2022,EAU,WI,AGL,CE,Federal Contract Tower,0,5,14,0,19,0,5,5,0,10,0,10,19,0,29,0,0,0,29
01/07/2022,EAU,WI,AGL,CE,Federal Contract Tower,0,5,9,0,14,0,2,12,0,14,0,7,21,0,28,28,0,28,56
01/08/2022,EAU,WI,AGL,CE,Federal Contract Tower,0,3,6,0,9,0,4,9,0,13,0,7,15,0,22,4,0,4,26
01/09/2022,EAU,WI,AGL,CE,Federal Contract Tower,0,3,5,0,8,0,0,17,0,17,0,3,22,0,25,2,0,2,27
01/10/2022,EAU,WI,AGL,CE,Federal Contract Tower,0,3,11,0,14,0,1,12,0,13,0,4,23,0,27,12,0,12,39
01/11/2022,EAU,WI,AGL,CE,Federal Contract Tower,0,3,15,0,18,0,6,11,0,17,0,9,26,0,35,10,0,10,45
01/12/2022,EAU,WI,AGL,CE,Federal Contract Tower,0,3,14,0,17,0,2,15,0,17,0,5,29,0,34,10,0,10,44
01/13/2022,EAU,WI,AGL,CE,Federal Contract Tower,0,5,11,2,18,0,5,9,0,14,0,10,20,2,32,28,0,28,60
01/14/2022,EAU,WI,AGL,CE,Federal Contract Tower,0,3,11,0,14,0,0,4,0,4,0,3,15,0,18,0,0,0,18
01/15/2022,EAU,WI,AGL,CE,Federal Contract Tower,0,3,7,0,10,0,4,41,0,45,0,7,48,0,55,10,0,10,65
01/16/2022,EAU,WI,AGL,CE,Federal Contract Tower,0,2,2,0,4,0,7,4,0,11,0,9,6,0,15,0,0,0,15
01/17/2022,EAU,WI,AGL,CE,Federal Contract Tower,0,3,9,2,14,0,0,17,3,20,0,3,26,5,34,38,0,38,72
01/18/2022,EAU,WI,AGL,CE,Federal Contract Tower,0,3,13,0,16,0,3,11,2,16,0,6,24,2,32,18,0,18,50
01/19/2022,EAU,WI,AGL,CE,Federal Contract Tower,0,3,15,0,18,0,5,12,0,17,0,8,27,0,35,8,0,8,43
01/20/2022,EAU,WI,AGL,CE,Federal Contract Tower,0,3,8,0,11,0,5,12,0,17,0,8,20,0,28,10,0,10,38
01/21/2022,EAU,WI,AGL,CE,Federal Contract Tower,0,3,5,4,12,0,4,2,1,7,0,7,7,5,19,0,0,0,19
01/22/2022,EAU,WI,AGL,CE,Federal Contract Tower,0,5,4,0,9,0,6,8,5,19,0,11,12,5,28,0,0,0,28
01/23/2022,EAU,WI,AGL,CE,Federal Contract Tower,0,3,9,0,12,0,3,9,0,12,0,6,18,0,24,0,0,0,24
01/24/2022,EAU,WI,AGL,CE,Federal Contract Tower,0,3,11,0,14,0,12,14,0,26,0,15,25,0,40,2,0,2,42
01/25/2022,EAU,WI,AGL,CE,Federal Contract Tower,0,4,8,0,12,0,5,2,0,7,0,9,10,0,19,0,0,0,19
01/26/2022,EAU,WI,AGL,CE,Federal Contract Tower,0,3,13,0,16,0,2,5,0,7,0,5,18,0,23,8,0,8,31
01/27/2022,EAU,WI,AGL,CE,Federal Contract Tower,0,4,18,0,22,0,2,6,0,8,0,6,24,0,30,12,0,12,42
01/28/2022,EAU,WI,AGL,CE,Federal Contract Tower,0,3,13,2,18,0,2,22,1,25,0,5,35,3,43,4,0,4,47
01/29/2022,EAU,WI,AGL,CE,Federal Contract Tower,0,3,7,0,10,0,4,69,0,73,0,7,76,0,83,4,0,4,87
01/30/2022,EAU,WI,AGL,CE,Federal Contract Tower,0,3,10,0,13,0,0,13,0,13,0,3,23,0,26,2,0,2,28
01/31/2022,EAU,WI,AGL,CE,Federal Contract Tower,2,8,17,2,29,0,8,24,2,34,2,16,41,4,63,16,0,16,79
02/01/2022,EAU,WI,AGL,CE,Federal Contract Tower,0,3,12,0,15,0,5,3,0,8,0,8,15,0,23,0,0,0,23
02/02/2022,EAU,WI,AGL,CE,Federal Contract Tower,0,1,17,0,18,0,3,25,0,28,0,4,42,0,46,24,0,24,70
02/03/2022,EAU,WI,AGL,CE,Federal Contract Tower,0,3,8,3,14,0,3,6,1,10,0,6,14,4,24,6,0,6,30
02/04/2022,EAU,WI,AGL,CE,Federal Contract Tower,2,3,10,0,15,0,2,22,2,26,2,5,32,2,41,12,0,12,53
02/05/2022,EAU,WI,AGL,CE,Federal Contract Tower,0,5,4,0,9,0,2,15,0,17,0,7,19,0,26,14,0,14,40
02/06/2022,EAU,WI,AGL,CE,Federal Contract Tower,0,3,6,0,9,0,0,0,0,0,0,3,6,0,9,0,0,0,9
02/07/2022,EAU,WI,AGL,CE,Federal Contract Tower,0,3,15,1,19,0,0,19,3,22,0,3,34,4,41,8,0,8,49
02/08/2022,EAU,WI,AGL,CE,Federal Contract Tower,0,3,17,0,20,0,6,29,2,37,0,9,46,2,57,2,0,2,59
02/09/2022,EAU,WI,AGL,CE,Federal Contract Tower,0,3,8,0,11,0,12,7,0,19,0,15,15,0,30,0,0,0,30
02/10/2022,EAU,WI,AGL,CE,Federal Contract Tower,0,3,13,2,18,0,2,9,0,11,0,5,22,2,29,26,0,26,55
02/11/2022,EAU,WI,AGL,CE,Federal Contract Tower,0,5,9,0,14,0,2,0,0,2,0,7,9,0,16,0,0,0,16
02/12/2022,EAU,WI,AGL,CE,Federal Contract Tower,0,6,10,0,16,0,0,20,0,20,0,6,30,0,36,8,0,8,44
02/13/2022,EAU,WI,AGL,CE,Federal Contract Tower,0,4,9,0,13,0,0,14,2,16,0,4,23,2,29,0,0,0,29
02/14/2022,EAU,WI,AGL,CE,Federal Contract Tower,0,3,22,0,25,0,4,22,2,28,0,7,44,2,53,2,0,2,55
02/15/2022,EAU,WI,AGL,CE,Federal Contract Tower,4,3,8,0,15,0,2,13,2,17,4,5,21,2,32,0,2,2,34
02/16/2022,EAU,WI,AGL,CE,Federal Contract Tower,0,3,11,0,14,0,4,9,0,13,0,7,20,0,27,0,0,0,27
02/17/2022,EAU,WI,AGL,CE,Federal Contract Tower,0,2,14,2,18,0,6,18,2,26,0,8,32,4,44,6,0,6,50
02/18/2022,EAU,WI,AGL,CE,Federal Contract Tower,0,3,10,0,13,0,4,1,0,5,0,7,11,0,18,0,0,0,18
02/19/2022,EAU,WI,AGL,CE,Federal Contract Tower,2,6,7,0,15,0,3,20,4,27,2,9,27,4,42,4,0,4,46
02/20/2022,EAU,WI,AGL,CE,Federal Contract Tower,0,5,5,2,12,0,4,27,1,32,0,9,32,3,44,8,0,8,52
02/21/2022,EAU,WI,AGL,CE,Federal Contract Tower,0,3,11,0,14,0,0,0,0,0,0,3,11,0,14,0,0,0,14
02/22/2022,EAU,WI,AGL,CE,Federal Contract Tower,0,1,8,0,9,0,0,0,0,0,0,1,8,0,9,0,0,0,9
02/23/2022,EAU,WI,AGL,CE,Federal Contract Tower,0,7,13,0,20,0,1,24,5,30,0,8,37,5,50,16,0,16,66
02/24/2022,EAU,WI,AGL,CE,Federal Contract Tower,0,3,12,0,15,0,0,5,0,5,0,3,17,0,20,2,0,2,22
02/25/2022,EAU,WI,AGL,CE,Federal Contract Tower,0,3,12,0,15,0,2,23,0,25,0,5,35,0,40,2,0,2,42
02/26/2022,EAU,WI,AGL,CE,Federal Contract Tower,0,4,11,0,15,0,0,20,5,25,0,4,31,5,40,6,0,6,46
02/27/2022,EAU,WI,AGL,CE,Federal Contract Tower,0,5,8,0,13,0,5,33,2,40,0,10,41,2,53,22,0,22,75
02/28/2022,EAU,WI,AGL,CE,Federal Contract Tower,0,3,17,0,20,0,0,31,0,31,0,3,48,0,51,28,0,28,79
03/01/2022,EAU,WI,AGL,CE,Federal Contract Tower,0,3,18,0,21,0,2,37,0,39,0,5,55,0,60,20,0,20,80
03/02/2022,EAU,WI,AGL,CE,Federal Contract Tower,0,6,11,0,17,0,3,8,0,11,0,9,19,0,28,34,0,34,62
03/03/2022,EAU,WI,AGL,CE,Federal Contract Tower,0,6,23,0,29,0,2,37,0,39,0,8,60,0,68,14,0,14,82
03/04/2022,EAU,WI,AGL,CE,Federal Contract Tower,0,4,19,0,23,0,2,23,0,25,0,6,42,0,48,2,0,2,50
03/05/2022,EAU,WI,AGL,CE,Federal Contract Tower,0,3,2,0,5,0,0,0,0,0,0,3,2,0,5,0,0,0,5
03/06/2022,EAU,WI,AGL,CE,Federal Contract Tower,0,3,8,0,11,0,0,1,0,1,0,3,9,0,12,0,0,0,12
03/07/2022,EAU,WI,AGL,CE,Federal Contract Tower,0,2,19,0,21,0,2,17,0,19,0,4,36,0,40,2,2,4,44
03/08/2022,EAU,WI,AGL,CE,Federal Contract Tower,0,2,11,0,13,0,3,13,5,21,0,5,24,5,34,10,2,12,46
03/09/2022,EAU,WI,AGL,CE,Federal Contract Tower,0,3,17,2,22,0,1,3,0,4,0,4,20,2,26,0,0,0,26
03/10/2022,EAU,WI,AGL,CE,Federal Contract Tower,0,3,28,0,31,0,4,9,0,13,0,7,37,0,44,6,0,6,50
03/11/2022,EAU,WI,AGL,CE,Federal Contract Tower,0,3,12,0,15,0,3,2,0,5,0,6,14,0,20,0,0,0,20
03/12/2022,EAU,WI,AGL,CE,Federal Contract Tower,0,3,17,0,20,0,3,21,0,24,0,6,38,0,44,6,0,6,50
03/13/2022,EAU,WI,AGL,CE,Federal Contract Tower,0,7,3,0,10,0,0,36,0,36,0,7,39,0,46,16,0,16,62
03/14/2022,EAU,WI,AGL,CE,Federal Contract Tower,0,5,5,0,10,0,0,0,0,0,0,5,5,0,10,0,0,0,10
03/15/2022,EAU,WI,AGL,CE,Federal Contract Tower,0,1,15,0,16,0,5,26,2,33,0,6,41,2,49,0,0,0,49
03/16/2022,EAU,WI,AGL,CE,Federal Contract Tower,0,3,19,0,22,0,3,41,0,44,0,6,60,0,66,12,0,12,78
03/17/2022,EAU,WI,AGL,CE,Federal Contract Tower,2,5,15,0,22,0,0,16,0,16,2,5,31,0,38,8,0,8,46
03/18/2022,EAU,WI,AGL,CE,Federal Contract Tower,0,3,22,0,25,0,0,25,0,25,0,3,47,0,50,8,0,8,58
03/19/2022,EAU,WI,AGL,CE,Federal Contract Tower,0,1,9,0,10,0,0,0,0,0,0,1,9,0,10,28,0,28,38
03/20/2022,EAU,WI,AGL,CE,Federal Contract Tower,2,3,8,0,13,0,0,65,3,68,2,3,73,3,81,12,0,12,93
03/21/2022,EAU,WI,AGL,CE,Federal Contract Tower,0,3,10,0,13,0,4,14,0,18,0,7,24,0,31,10,0,10,41
03/22/2022,EAU,WI,AGL,CE,Federal Contract Tower,0,1,10,0,11,0,0,0,0,0,0,1,10,0,11,0,0,0,11
03/23/2022,EAU,WI,AGL,CE,Federal Contract Tower,0,3,7,0,10,0,0,0,0,0,0,3,7,0,10,0,0,0,10
03/24/2022,EAU,WI,AGL,CE,Federal Contract Tower,0,3,10,0,13,0,4,1,0,5,0,7,11,0,18,0,0,0,18
03/25/2022,EAU,WI,AGL,CE,Federal Contract Tower,0,3,10,0,13,0,0,0,0,0,0,3,10,0,13,0,0,0,13
03/26/2022,EAU,WI,AGL,CE,Federal Contract Tower,0,1,11,0,12,0,0,5,0,5,0,1,16,0,17,4,0,4,21
03/27/2022,EAU,WI,AGL,CE,Federal Contract Tower,0,2,9,0,11,0,2,42,0,44,0,4,51,0,55,16,0,16,71
03/28/2022,EAU,WI,AGL,CE,Federal Contract Tower,0,2,14,1,17,0,2,37,2,41,0,4,51,3,58,34,0,34,92
03/29/2022,EAU,WI,AGL,CE,Federal Contract Tower,0,0,13,0,13,0,0,8,2,10,0,0,21,2,23,0,0,0,23
03/30/2022,EAU,WI,AGL,CE,Federal Contract Tower,0,4,12,0,16,0,0,0,0,0,0,4,12,0,16,0,0,0,16
03/31/2022,EAU,WI,AGL,CE,Federal Contract Tower,0,3,7,0,10,0,4,1,0,5,0,7,8,0,15,0,0,0,15
04/01/2022,EAU,WI,AGL,CE,Federal Contract Tower,0,2,20,0,22,0,0,42,3,45,0,2,62,3,67,6,2,8,75
04/02/2022,EAU,WI,AGL,CE,Federal Contract Tower,0,2,5,0,7,0,2,17,0,19,0,4,22,0,26,0,0,0,26
04/03/2022,EAU,WI,AGL,CE,Federal Contract Tower,0,1,15,0,16,0,2,33,0,35,0,3,48,0,51,38,0,38,89
04/04/2022,EAU,WI,AGL,CE,Federal Contract Tower,0,2,12,0,14,0,0,4,0,4,0,2,16,0,18,4,0,4,22
04/05/2022,EAU,WI,AGL,CE,Federal Contract Tower,0,0,13,2,15,0,6,3,0,9,0,6,16,2,24,0,0,0,24
04/06/2022,EAU,WI,AGL,CE,Federal Contract Tower,0,4,12,0,16,0,1,1,0,2,0,5,13,0,18,0,0,0,18
04/07/2022,EAU,WI,AGL,CE,Federal Contract Tower,0,2,10,0,12,0,0,4,0,4,0,2,14,0,16,4,0,4,20
04/08/2022,EAU,WI,AGL,CE,Federal Contract Tower,0,2,12,0,14,0,0,14,0,14,0,2,26,0,28,4,0,4,32
04/09/2022,EAU,WI,AGL,CE,Federal Contract Tower,0,2,11,0,13,0,4,78,0,82,0,6,89,0,95,14,0,14,109
04/10/2022,EAU,WI,AGL,CE,Federal Contract Tower,0,2,5,0,7,0,2,15,0,17,0,4,20,0,24,4,0,4,28
04/11/2022,EAU,WI,AGL,CE,Federal Contract Tower,0,2,17,1,20,0,0,12,5,17,0,2,29,6,37,10,4,14,51
04/12/2022,EAU,WI,AGL,CE,Federal Contract Tower,0,0,19,0,19,0,2,9,0,11,0,2,28,0,30,8,0,8,38
04/13/2022,EAU,WI,AGL,CE,Federal Contract Tower,0,8,25,0,33,0,1,1,0,2,0,9,26,0,35,0,0,0,35
04/14/2022,EAU,WI,AGL,CE,Federal Contract Tower,0,2,16,0,18,0,0,0,0,0,0,2,16,0,18,0,0,0,18
04/15/2022,EAU,WI,AGL,CE,Federal Contract Tower,0,2,7,0,9,0,0,3,0,3,0,2,10,0,12,0,0,0,12
04/16/2022,EAU,WI,AGL,CE,Federal Contract Tower,0,1,14,0,15,0,3,13,0,16,0,4,27,0,31,18,0,18,49
04/17/2022,EAU,WI,AGL,CE,Federal Contract Tower,0,3,9,0,12,0,4,17,0,21,0,7,26,0,33,0,0,0,33
04/18/2022,EAU,WI,AGL,CE,Federal Contract Tower,0,4,8,0,12,0,0,0,0,0,0,4,8,0,12,0,0,0,12
04/19/2022,EAU,WI,AGL,CE,Federal Contract Tower,0,1,22,2,25,0,0,0,0,0,0,1,22,2,25,0,0,0,25
04/20/2022,EAU,WI,AGL,CE,Federal Contract Tower,0,3,15,0,18,0,0,4,0,4,0,3,19,0,22,8,0,8,30
04/21/2022,EAU,WI,AGL,CE,Federal Contract Tower,0,2,31,0,33,0,3,34,2,39,0,5,65,2,72,0,0,0,72
04/22/2022,EAU,WI,AGL,CE,Federal Contract Tower,2,2,15,0,19,0,2,0,0,2,2,4,15,0,21,0,0,0,21
04/23/2022,EAU,WI,AGL,CE,Federal Contract Tower,0,2,7,0,9,0,4,6,0,10,0,6,13,0,19,0,0,0,19
04/24/2022,EAU,WI,AGL,CE,Federal Contract Tower,0,5,11,0,16,0,2,3,0,5,0,7,14,0,21,0,0,0,21
04/25/2022,EAU,WI,AGL,CE,Federal Contract Tower,2,2,14,0,18,0,3,8,0,11,2,5,22,0,29,10,0,10,39
04/26/2022,EAU,WI,AGL,CE,Federal Contract Tower,0,0,14,0,14,0,4,28,0,32,0,4,42,0,46,0,0,0,46
04/27/2022,EAU,WI,AGL,CE,Federal Contract Tower,0,2,13,0,15,0,2,36,6,44,0,4,49,6,59,2,0,2,61
04/28/2022,EAU,WI,AGL,CE,Federal Contract Tower,0,3,17,0,20,0,2,23,0,25,0,5,40,0,45,0,0,0,45
04/29/2022,EAU,WI,AGL,CE,Federal Contract Tower,0,2,23,2,27,0,2,24,0,26,0,4,47,2,53,2,0,2,55
04/30/2022,EAU,WI,AGL,CE,Federal Contract Tower,0,1,5,0,6,0,1,0,0,1,0,2,5,0,7,0,0,0,7
05/01/2022,EAU,WI,AGL,CE,Federal Contract Tower,0,3,14,0,17,0,0,0,0,0,0,3,14,0,17,0,0,0,17
05/02/2022,EAU,WI,AGL,CE,Federal Contract Tower,0,3,13,0,16,0,4,9,0,13,0,7,22,0,29,2,0,2,31
05/03/2022,EAU,WI,AGL,CE,Federal Contract Tower,0,1,19,0,20,0,1,19,0,20,0,2,38,0,40,24,0,24,64
05/04/2022,EAU,WI,AGL,CE,Federal Contract Tower,0,8,21,4,33,0,5,74,0,79,0,13,95,4,112,28,0,28,140
05/05/2022,EAU,WI,AGL,CE,Federal Contract Tower,0,7,12,3,22,0,5,49,3,57,0,12,61,6,79,14,0,14,93
05/06/2022,EAU,WI,AGL,CE,Federal Contract Tower,0,8,20,0,28,0,3,43,0,46,0,11,63,0,74,28,0,28,102
05/07/2022,EAU,WI,AGL,CE,Federal Contract Tower,0,1,14,0,15,0,2,115,0,117,0,3,129,0,132,8,0,8,140
05/08/2022,EAU,WI,AGL,CE,Federal Contract Tower,0,4,6,0,10,0,4,6,0,10,0,8,12,0,20,0,0,0,20
05/09/2022,EAU,WI,AGL,CE,Federal Contract Tower,0,6,12,0,18,0,9,9,0,18,0,15,21,0,36,0,0,0,36
05/10/2022,EAU,WI,AGL,CE,Federal Contract Tower,0,3,24,0,27,0,3,41,0,44,0,6,65,0,71,16,0,16,87
05/11/2022,EAU,WI,AGL,CE,Federal Contract Tower,0,4,20,0,24,0,3,6,3,12,0,7,26,3,36,18,6,24,60
05/12/2022,EAU,WI,AGL,CE,Federal Contract Tower,0,3,26,0,29,0,5,19,2,26,0,8,45,2,55,6,0,6,61
05/13/2022,EAU,WI,AGL,CE,Federal Contract Tower,0,3,22,2,27,0,3,45,0,48,0,6,67,2,75,8,2,10,85
05/14/2022,EAU,WI,AGL,CE,Federal Contract Tower,0,1,7,0,8,0,5,48,0,53,0,6,55,0,61,26,0,26,87
05/15/2022,EAU,WI,AGL,CE,Federal Contract Tower,0,3,14,1,18,0,5,55,0,60,0,8,69,1,78,8,0,8,86
05/16/2022,EAU,WI,AGL,CE,Federal Contract Tower,0,3,25,0,28,0,0,40,0,40,0,3,65,0,68,16,0,16,84
05/17/2022,EAU,WI,AGL,CE,Federal Contract Tower,0,12,21,0,33,0,2,49,2,53,0,14,70,2,86,34,0,34,120
05/18/2022,EAU,WI,AGL,CE,Federal Contract Tower,0,10,20,3,33,0,3,25,0,28,0,13,45,3,61,26,0,26,87
05/19/2022,EAU,WI,AGL,CE,Federal Contract Tower,0,4,20,0,24,0,2,19,0,21,0,6,39,0,45,14,0,14,59
05/20/2022,EAU,WI,AGL,CE,Federal Contract Tower,0,3,20,0,23,0,0,28,1,29,0,3,48,1,52,14,0,14,66
05/21/2022,EAU,WI,AGL,CE,Federal Contract Tower,0,2,6,0,8,0,4,28,1,33,0,6,34,1,41,34,0,34,75
05/22/2022,EAU,WI,AGL,CE,Federal Contract Tower,0,3,13,0,16,0,6,23,0,29,0,9,36,0,45,8,0,8,53
05/23/2022,EAU,WI,AGL,CE,Federal Contract Tower,0,5,15,0,20,0,2,51,2,55,0,7,66,2,75,24,0,24,99
05/24/2022,EAU,WI,AGL,CE,Federal Contract Tower,0,1,8,2,11,0,6,40,0,46,0,7,48,2,57,14,0,14,71
05/25/2022,EAU,WI,AGL,CE,Federal Contract Tower,0,10,14,0,24,0,0,1,0,1,0,10,15,0,25,0,0,0,25
05/26/2022,EAU,WI,AGL,CE,Federal Contract Tower,0,6,21,0,27,0,2,1,0,3,0,8,22,0,30,0,0,0,30
05/27/2022,EAU,WI,AGL,CE,Federal Contract Tower,0,3,13,0,16,0,0,56,2,58,0,3,69,2,74,26,0,26,100
05/28/2022,EAU,WI,AGL,CE,Federal Contract Tower,0,1,2,0,3,0,3,12,0,15,0,4,14,0,18,10,0,10,28
05/29/2022,EAU,WI,AGL,CE,Federal Contract Tower,0,3,4,0,7,0,1,2,0,3,0,4,6,0,10,0,0,0,10
05/30/2022,EAU,WI,AGL,CE,Federal Contract Tower,2,5,5,0,12,0,2,15,0,17,2,7,20,0,29,12,0,12,41
05/31/2022,EAU,WI,AGL,CE,Federal Contract Tower,0,1,12,0,13,0,5,7,1,13,0,6,19,1,26,0,2,2,28
06/01/2022,EAU,WI,AGL,CE,Federal Contract Tower,0,5,26,9,40,0,6,47,4,57,0,11,73,13,97,34,0,34,131
06/02/2022,EAU,WI,AGL,CE,Federal Contract Tower,0,4,10,3,17,0,5,31,2,38,0,9,41,5,55,14,2,16,71
06/03/2022,EAU,WI,AGL,CE,Federal Contract Tower,0,9,7,0,16,0,2,24,0,26,0,11,31,0,42,6,0,6,48
06/04/2022,EAU,WI,AGL,CE,Federal Contract Tower,0,2,11,0,13,0,1,57,0,58,0,3,68,0,71,4,0,4,75
06/05/2022,EAU,WI,AGL,CE,Federal Contract Tower,0,3,4,1,8,0,1,24,0,25,0,4,28,1,33,24,0,24,57
06/06/2022,EAU,WI,AGL,CE,Federal Contract Tower,0,4,13,9,26,0,0,26,0,26,0,4,39,9,52,38,0,38,90
06/07/2022,EAU,WI,AGL,CE,Federal Contract Tower,0,1,12,0,13,0,1,35,0,36,0,2,47,0,49,36,0,36,85
06/08/2022,EAU,WI,AGL,CE,Federal Contract Tower,0,7,21,3,31,0,0,25,2,27,0,7,46,5,58,16,0,16,74
06/09/2022,EAU,WI,AGL,CE,Federal Contract Tower,0,3,10,1,14,0,2,44,3,49,0,5,54,4,63,8,0,8,71
06/10/2022,EAU,WI,AGL,CE,Federal Contract Tower,0,3,17,0,20,0,0,26,2,28,0,3,43,2,48,2,0,2,50
06/11/2022,EAU,WI,AGL,CE,Federal Contract Tower,0,1,11,1,13,0,0,5,0,5,0,1,16,1,18,0,0,0,18
06/12/2022,EAU,WI,AGL,CE,Federal Contract Tower,0,4,6,0,10,0,0,19,0,19,0,4,25,0,29,2,0,2,31
06/13/2022,EAU,WI,AGL,CE,Federal Contract Tower,0,6,6,0,12,0,1,9,0,10,0,7,15,0,22,0,0,0,22
06/14/2022,EAU,WI,AGL,CE,Federal Contract Tower,0,0,11,0,11,0,0,14,0,14,0,0,25,0,25,2,0,2,27
06/15/2022,EAU,WI,AGL,CE,Federal Contract Tower,0,5,12,0,17,0,2,2,0,4,0,7,14,0,21,6,0,6,27
06/16/2022,EAU,WI,AGL,CE,Federal Contract Tower,0,5,16,0,21,0,0,9,0,9,0,5,25,0,30,0,0,0,30
06/17/2022,EAU,WI,AGL,CE,Federal Contract Tower,0,3,16,0,19,0,2,38,0,40,0,5,54,0,59,16,0,16,75
06/18/2022,EAU,WI,AGL,CE,Federal Contract Tower,0,1,5,0,6,0,3,46,0,49,0,4,51,0,55,20,0,20,75
06/19/2022,EAU,WI,AGL,CE,Federal Contract Tower,0,3,4,0,7,0,2,18,2,22,0,5,22,2,29,4,0,4,33
06/20/2022,EAU,WI,AGL,CE,Federal Contract Tower,0,4,16,0,20,0,4,27,2,33,0,8,43,2,53,4,0,4,57
06/21/2022,EAU,WI,AGL,CE,Federal Contract Tower,0,4,13,0,17,0,4,10,0,14,0,8,23,0,31,2,0,2,33
06/22/2022,EAU,WI,AGL,CE,Federal Contract Tower,0,14,18,0,32,0,4,40,3,47,0,18,58,3,79,6,0,6,85
06/23/2022,EAU,WI,AGL,CE,Federal Contract Tower,0,3,11,0,14,0,1,33,0,34,0,4,44,0,48,44,0,44,92
06/24/2022,EAU,WI,AGL,CE,Federal Contract Tower,0,5,14,0,19,0,0,34,3,37,0,5,48,3,56,16,0,16,72
06/25/2022,EAU,WI,AGL,CE,Federal Contract Tower,0,3,6,0,9,0,2,6,0,8,0,5,12,0,17,0,0,0,17
06/26/2022,EAU,WI,AGL,CE,Federal Contract Tower,0,5,4,0,9,0,2,17,1,20,0,7,21,1,29,14,0,14,43
06/27/2022,EAU,WI,AGL,CE,Federal Contract Tower,0,5,12,0,17,0,4,63,0,67,0,9,75,0,84,58,0,58,142
06/28/2022,EAU,WI,AGL,CE,Federal Contract Tower,0,1,8,0,9,0,0,17,0,17,0,1,25,0,26,6,0,6,32
06/29/2022,EAU,WI,AGL,CE,Federal Contract Tower,0,3,19,0,22,0,0,53,3,56,0,3,72,3,78,34,0,34,112
06/30/2022,EAU,WI,AGL,CE,Federal Contract Tower,0,4,15,0,19,0,0,29,4,33,0,4,44,4,52,18,0,18,70
07/01/2022,EAU,WI,AGL,CE,Federal Contract Tower,0,4,11,0,15,0,6,37,0,43,0,10,48,0,58,22,0,22,80
07/02/2022,EAU,WI,AGL,CE,Federal Contract Tower,0,3,12,0,15,0,0,43,2,45,0,3,55,2,60,14,0,14,74
07/03/2022,EAU,WI,AGL,CE,Federal Contract Tower,0,3,3,0,6,0,0,22,2,24,0,3,25,2,30,0,0,0,30
07/04/2022,EAU,WI,AGL,CE,Federal Contract Tower,0,6,4,0,10,0,0,1,0,1,0,6,5,0,11,0,0,0,11
07/05/2022,EAU,WI,AGL,CE,Federal Contract Tower,0,1,12,0,13,0,0,37,3,40,0,1,49,3,53,32,0,32,85
07/06/2022,EAU,WI,AGL,CE,Federal Contract Tower,0,4,24,2,30,0,1,29,2,32,0,5,53,4,62,4,0,4,66
07/07/2022,EAU,WI,AGL,CE,Federal Contract Tower,0,5,22,0,27,0,6,27,0,33,0,11,49,0,60,24,0,24,84
07/08/2022,EAU,WI,AGL,CE,Federal Contract Tower,0,5,17,0,22,0,2,23,1,26,0,7,40,1,48,12,0,12,60
07/09/2022,EAU,WI,AGL,CE,Federal Contract Tower,0,1,7,0,8,0,4,48,7,59,0,5,55,7,67,30,10,40,107
07/10/2022,EAU,WI,AGL,CE,Federal Contract Tower,0,3,12,1,16,0,5,20,3,28,0,8,32,4,44,2,0,2,46
07/11/2022,EAU,WI,AGL,CE,Federal Contract Tower,0,3,19,0,22,0,1,35,4,40,0,4,54,4,62,0,0,0,62
07/12/2022,EAU,WI,AGL,CE,Federal Contract Tower,0,1,18,0,19,0,0,37,0,37,0,1,55,0,56,2,0,2,58
07/13/2022,EAU,WI,AGL,CE,Federal Contract Tower,0,3,24,1,28,0,3,22,1,26,0,6,46,2,54,8,0,8,62
07/14/2022,EAU,WI,AGL,CE,Federal Contract Tower,0,2,13,0,15,0,2,33,6,41,0,4,46,6,56,26,0,26,82
07/15/2022,EAU,WI,AGL,CE,Federal Contract Tower,0,1,22,0,23,0,4,19,0,23,0,5,41,0,46,2,0,2,48
07/16/2022,EAU,WI,AGL,CE,Federal Contract Tower,0,1,9,0,10,0,3,16,0,19,0,4,25,0,29,0,0,0,29
07/17/2022,EAU,WI,AGL,CE,Federal Contract Tower,0,2,4,0,6,0,4,22,0,26,0,6,26,0,32,48,0,48,80
07/18/2022,EAU,WI,AGL,CE,Federal Contract Tower,0,3,28,0,31,0,6,34,1,41,0,9,62,1,72,4,0,4,76
07/19/2022,EAU,WI,AGL,CE,Federal Contract Tower,0,5,17,0,22,0,4,19,0,23,0,9,36,0,45,8,0,8,53
07/20/2022,EAU,WI,AGL,CE,Federal Contract Tower,0,5,20,0,25,0,6,14,0,20,0,11,34,0,45,10,0,10,55
07/21/2022,EAU,WI,AGL,CE,Federal Contract Tower,0,1,22,3,26,0,4,38,0,42,0,5,60,3,68,34,0,34,102
07/22/2022,EAU,WI,AGL,CE,Federal Contract Tower,0,5,18,0,23,0,3,38,2,43,0,8,56,2,66,28,0,28,94
07/23/2022,EAU,WI,AGL,CE,Federal Contract Tower,0,3,10,0,13,0,2,8,0,10,0,5,18,0,23,8,0,8,31
07/24/2022,EAU,WI,AGL,CE,Federal Contract Tower,0,1,12,0,13,0,4,33,2,39,0,5,45,2,52,4,0,4,56
07/25/2022,EAU,WI,AGL,CE,Federal Contract Tower,0,5,14,0,19,0,5,46,2,53,0,10,60,2,72,18,0,18,90
07/26/2022,EAU,WI,AGL,CE,Federal Contract Tower,0,3,16,4,23,0,2,26,0,28,0,5,42,4,51,48,0,48,99
07/27/2022,EAU,WI,AGL,CE,Federal Contract Tower,0,2,19,8,29,0,0,36,0,36,0,2,55,8,65,8,0,8,73
07/28/2022,EAU,WI,AGL,CE,Federal Contract Tower,0,5,26,1,32,0,3,23,2,28,0,8,49,3,60,4,0,4,64
07/29/2022,EAU,WI,AGL,CE,Federal Contract Tower,0,2,21,0,23,0,6,65,0,71,0,8,86,0,94,36,0,36,130
07/30/2022,EAU,WI,AGL,CE,Federal Contract Tower,0,1,11,0,12,0,10,50,0,60,0,11,61,0,72,22,0,22,94
07/31/2022,EAU,WI,AGL,CE,Federal Contract Tower,0,1,6,0,7,0,4,33,0,37,0,5,39,0,44,46,0,46,90
08/01/2022,EAU,WI,AGL,CE,Federal Contract Tower,0,1,16,1,18,0,3,32,3,38,0,4,48,4,56,26,0,26,82
08/02/2022,EAU,WI,AGL,CE,Federal Contract Tower,0,2,18,0,20,0,1,22,2,25,0,3,40,2,45,2,0,2,47
08/03/2022,EAU,WI,AGL,CE,Federal Contract Tower,0,1,16,0,17,0,2,24,1,27,0,3,40,1,44,28,0,28,72
08/04/2022,EAU,WI,AGL,CE,Federal Contract Tower,0,1,21,0,22,0,2,50,0,52,0,3,71,0,74,22,0,22,96
08/05/2022,EAU,WI,AGL,CE,Federal Contract Tower,0,4,8,0,12,0,4,32,0,36,0,8,40,0,48,20,0,20,68
08/06/2022,EAU,WI,AGL,CE,Federal Contract Tower,0,1,7,0,8,0,2,7,0,9,0,3,14,0,17,0,0,0,17
08/07/2022,EAU,WI,AGL,CE,Federal Contract Tower,0,6,5,0,11,0,1,3,0,4,0,7,8,0,15,0,0,0,15
08/08/2022,EAU,WI,AGL,CE,Federal Contract Tower,0,5,16,0,21,0,4,24,0,28,0,9,40,0,49,18,0,18,67
08/09/2022,EAU,WI,AGL,CE,Federal Contract Tower,0,4,17,0,21,0,3,43,0,46,0,7,60,0,67,50,0,50,117
08/10/2022,EAU,WI,AGL,CE,Federal Contract Tower,0,1,14,0,15,0,0,59,4,63,0,1,73,4,78,68,14,82,160
08/11/2022,EAU,WI,AGL,CE,Federal Contract Tower,0,1,8,9,18,0,2,66,2,70,0,3,74,11,88,38,0,38,126
08/12/2022,EAU,WI,AGL,CE,Federal Contract Tower,0,2,12,0,14,0,2,10,0,12,0,4,22,0,26,4,0,4,30
08/13/2022,EAU,WI,AGL,CE,Federal Contract Tower,0,2,14,0,16,0,1,4,0,5,0,3,18,0,21,0,0,0,21
08/14/2022,EAU,WI,AGL,CE,Federal Contract Tower,0,3,7,0,10,0,0,15,0,15,0,3,22,0,25,6,0,6,31
08/15/2022,EAU,WI,AGL,CE,Federal Contract Tower,0,1,13,0,14,0,0,27,0,27,0,1,40,0,41,52,2,54,95
08/16/2022,EAU,WI,AGL,CE,Federal Contract Tower,0,3,23,1,27,0,2,49,6,57,0,5,72,7,84,54,0,54,138
08/17/2022,EAU,WI,AGL,CE,Federal Contract Tower,0,5,19,0,24,0,3,39,5,47,0,8,58,5,71,42,6,48,119
08/18/2022,EAU,WI,AGL,CE,Federal Contract Tower,0,1,13,0,14,0,0,3,0,3,0,1,16,0,17,0,0,0,17
08/19/2022,EAU,WI,AGL,CE,Federal Contract Tower,0,3,18,0,21,0,2,33,0,35,0,5,51,0,56,16,0,16,72
08/20/2022,EAU,WI,AGL,CE,Federal Contract Tower,0,1,10,0,11,0,5,7,0,12,0,6,17,0,23,12,0,12,35
08/21/2022,EAU,WI,AGL,CE,Federal Contract Tower,0,4,10,0,14,0,2,64,0,66,0,6,74,0,80,28,0,28,108
08/22/2022,EAU,WI,AGL,CE,Federal Contract Tower,0,2,14,0,16,0,2,40,0,42,0,4,54,0,58,42,0,42,100
08/23/2022,EAU,WI,AGL,CE,Federal Contract Tower,0,4,17,0,21,0,6,35,0,41,0,10,52,0,62,24,0,24,86
08/24/2022,EAU,WI,AGL,CE,Federal Contract Tower,0,1,12,0,13,0,0,22,2,24,0,1,34,2,37,18,0,18,55
08/25/2022,EAU,WI,AGL,CE,Federal Contract Tower,0,6,14,0,20,0,1,15,0,16,0,7,29,0,36,40,0,40,76
08/26/2022,EAU,WI,AGL,CE,Federal Contract Tower,0,1,18,2,21,0,2,61,4,67,0,3,79,6,88,14,0,14,102
08/27/2022,EAU,WI,AGL,CE,Federal Contract Tower,0,2,9,0,11,0,3,1,0,4,0,5,10,0,15,0,0,0,15
08/28/2022,EAU,WI,AGL,CE,Federal Contract Tower,0,1,12,0,13,0,0,7,0,7,0,1,19,0,20,0,0,0,20
08/29/2022,EAU,WI,AGL,CE,Federal Contract Tower,0,2,24,0,26,0,7,41,0,48,0,9,65,0,74,42,0,42,116
08/30/2022,EAU,WI,AGL,CE,Federal Contract Tower,0,1,13,0,14,0,2,47,0,49,0,3,60,0,63,24,0,24,87
08/31/2022,EAU,WI,AGL,CE,Federal Contract Tower,0,3,25,0,28,0,3,61,0,64,0,6,86,0,92,46,0,46,138
09/01/2022,EAU,WI,AGL,CE,Federal Contract Tower,0,3,17,2,22,0,35,2,0,37,0,38,19,2,59,24,8,32,91
09/02/2022,EAU,WI,AGL,CE,Federal Contract Tower,0,1,12,0,13,0,3,29,1,33,0,4,41,1,46,16,0,16,62
09/03/2022,EAU,WI,AGL,CE,Federal Contract Tower,0,1,10,0,11,0,5,35,1,41,0,6,45,1,52,0,0,0,52
09/04/2022,EAU,WI,AGL,CE,Federal Contract Tower,0,1,10,0,11,0,2,48,0,50,0,3,58,0,61,0,0,0,61
09/05/2022,EAU,WI,AGL,CE,Federal Contract Tower,1,1,9,0,11,0,0,37,0,37,1,1,46,0,48,0,0,0,48
09/06/2022,EAU,WI,AGL,CE,Federal Contract Tower,1,2,23,2,28,0,2,12,0,14,1,4,35,2,42,0,0,0,42
09/07/2022,EAU,WI,AGL,CE,Federal Contract Tower,0,5,11,0,16,0,2,40,1,43,0,7,51,1,59,36,0,36,95
09/08/2022,EAU,WI,AGL,CE,Federal Contract Tower,0,1,9,0,10,0,6,37,2,45,0,7,46,2,55,14,0,14,69
09/09/2022,EAU,WI,AGL,CE,Federal Contract Tower,0,1,14,0,15,0,0,20,0,20,0,1,34,0,35,30,0,30,65
09/10/2022,EAU,WI,AGL,CE,Federal Contract Tower,0,1,9,0,10,0,3,13,0,16,0,4,22,0,26,6,0,6,32
09/11/2022,EAU,WI,AGL,CE,Federal Contract Tower,0,2,11,0,13,0,0,34,0,34,0,2,45,0,47,6,0,6,53
09/12/2022,EAU,WI,AGL,CE,Federal Contract Tower,0,1,8,0,9,0,0,29,2,31,0,1,37,2,40,22,0,22,62
09/13/2022,EAU,WI,AGL,CE,Federal Contract Tower,0,5,12,0,17,0,10,40,0,50,0,15,52,0,67,24,0,24,91
09/14/2022,EAU,WI,AGL,CE,Federal Contract Tower,0,3,17,0,20,0,4,32,4,40,0,7,49,4,60,2,12,14,74
09/15/2022,EAU,WI,AGL,CE,Federal Contract Tower,0,2,17,0,19,0,2,28,2,32,0,4,45,2,51,34,2,36,87
09/16/2022,EAU,WI,AGL,CE,Federal Contract Tower,0,6,21,0,27,0,4,19,3,26,0,10,40,3,53,14,0,14,67
09/17/2022,EAU,WI,AGL,CE,Federal Contract Tower,0,3,11,0,14,0,3,21,0,24,0,6,32,0,38,14,0,14,52
09/18/2022,EAU,WI,AGL,CE,Federal Contract Tower,0,1,15,0,16,0,4,6,0,10,0,5,21,0,26,6,0,6,32
09/19/2022,EAU,WI,AGL,CE,Federal Contract Tower,0,1,20,2,23,0,2,34,0,36,0,3,54,2,59,10,0,10,69
09/20/2022,EAU,WI,AGL,CE,Federal Contract Tower,0,4,19,2,25,0,0,29,0,29,0,4,48,2,54,18,0,18,72
09/21/2022,EAU,WI,AGL,CE,Federal Contract Tower,0,1,18,0,19,0,3,24,0,27,0,4,42,0,46,8,0,8,54
09/22/2022,EAU,WI,AGL,CE,Federal Contract Tower,0,3,15,0,18,0,2,29,1,32,0,5,44,1,50,8,0,8,58
09/23/2022,EAU,WI,AGL,CE,Federal Contract Tower,0,3,17,0,20,0,4,22,0,26,0,7,39,0,46,20,0,20,66
09/24/2022,EAU,WI,AGL,CE,Federal Contract Tower,0,1,13,0,14,0,0,0,0,0,0,1,13,0,14,0,0,0,14
09/25/2022,EAU,WI,AGL,CE,Federal Contract Tower,0,1,7,0,8,0,2,5,0,7,0,3,12,0,15,0,0,0,15
09/26/2022,EAU,WI,AGL,CE,Federal Contract Tower,0,2,11,0,13,0,6,10,3,19,0,8,21,3,32,2,0,2,34
09/27/2022,EAU,WI,AGL,CE,Federal Contract Tower,0,3,22,0,25,0,3,29,4,36,0,6,51,4,61,26,0,26,87
09/28/2022,EAU,WI,AGL,CE,Federal Contract Tower,0,1,12,0,13,0,1,41,0,42,0,2,53,0,55,4,0,4,59
09/29/2022,EAU,WI,AGL,CE,Federal Contract Tower,0,1,21,0,22,0,6,25,2,33,0,7,46,2,55,0,0,0,55
09/30/2022,EAU,WI,AGL,CE,Federal Contract Tower,0,1,14,2,17,0,2,41,2,45,0,3,55,4,62,56,2,58,120
10/01/2022,EAU,WI,AGL,CE,Federal Contract Tower,0,1,16,0,17,0,2,27,0,29,0,3,43,0,46,20,0,20,66
10/02/2022,EAU,WI,AGL,CE,Federal Contract Tower,0,2,8,0,10,0,1,40,0,41,0,3,48,0,51,34,0,34,85
10/03/2022,EAU,WI,AGL,CE,Federal Contract Tower,0,3,20,0,23,0,4,29,0,33,0,7,49,0,56,28,0,28,84
10/04/2022,EAU,WI,AGL,CE,Federal Contract Tower,0,1,27,2,30,0,6,48,2,56,0,7,75,4,86,24,0,24,110
10/05/2022,EAU,WI,AGL,CE,Federal Contract Tower,0,1,13,3,17,0,7,55,3,65,0,8,68,6,82,34,0,34,116
10/06/2022,EAU,WI,AGL,CE,Federal Contract Tower,0,3,15,2,20,0,4,15,6,25,0,7,30,8,45,4,0,4,49
10/07/2022,EAU,WI,AGL,CE,Federal Contract Tower,0,1,8,2,11,0,3,35,12,50,0,4,43,14,61,42,0,42,103
10/08/2022,EAU,WI,AGL,CE,Federal Contract Tower,0,1,18,0,19,0,6,45,0,51,0,7,63,0,70,4,0,4,74
10/09/2022,EAU,WI,AGL,CE,Federal Contract Tower,0,1,16,0,17,0,6,68,0,74,0,7,84,0,91,8,0,8,99
10/10/2022,EAU,WI,AGL,CE,Federal Contract Tower,0,1,29,0,30,0,3,41,1,45,0,4,70,1,75,20,0,20,95
10/11/2022,EAU,WI,AGL,CE,Federal Contract Tower,0,1,9,0,10,0,3,32,0,35,0,4,41,0,45,8,0,8,53
10/12/2022,EAU,WI,AGL,CE,Federal Contract Tower,0,2,23,0,25,0,2,7,0,9,0,4,30,0,34,0,0,0,34
10/13/2022,EAU,WI,AGL,CE,Federal Contract Tower,0,3,8,2,13,0,3,21,1,25,0,6,29,3,38,30,10,40,78
10/14/2022,EAU,WI,AGL,CE,Federal Contract Tower,0,3,13,0,16,0,0,1,0,1,0,3,14,0,17,0,0,0,17
10/15/2022,EAU,WI,AGL,CE,Federal Contract Tower,0,0,12,0,12,0,0,39,3,42,0,0,51,3,54,4,4,8,62
10/16/2022,EAU,WI,AGL,CE,Federal Contract Tower,0,1,13,0,14,0,2,2,0,4,0,3,15,0,18,0,0,0,18
10/17/2022,EAU,WI,AGL,CE,Federal Contract Tower,0,2,12,0,14,0,3,6,2,11,0,5,18,2,25,6,2,8,33
10/18/2022,EAU,WI,AGL,CE,Federal Contract Tower,0,1,13,0,14,0,2,36,4,42,0,3,49,4,56,10,0,10,66
10/19/2022,EAU,WI,AGL,CE,Federal Contract Tower,0,1,23,0,24,0,4,50,5,59,0,5,73,5,83,38,6,44,127
10/20/2022,EAU,WI,AGL,CE,Federal Contract Tower,0,1,27,0,28,0,3,54,4,61,0,4,81,4,89,22,0,22,111
10/21/2022,EAU,WI,AGL,CE,Federal Contract Tower,0,1,24,0,25,0,5,42,0,47,0,6,66,0,72,12,0,12,84
10/22/2022,EAU,WI,AGL,CE,Federal Contract Tower,0,1,7,0,8,0,2,54,2,58,0,3,61,2,66,38,0,38,104
10/23/2022,EAU,WI,AGL,CE,Federal Contract Tower,0,1,10,0,11,0,6,22,0,28,0,7,32,0,39,10,0,10,49
10/24/2022,EAU,WI,AGL,CE,Federal Contract Tower,0,4,19,0,23,0,1,5,0,6,0,5,24,0,29,2,0,2,31
10/25/2022,EAU,WI,AGL,CE,Federal Contract Tower,0,1,12,0,13,0,8,36,2,46,0,9,48,2,59,20,0,20,79
10/26/2022,EAU,WI,AGL,CE,Federal Contract Tower,0,2,16,0,18,0,5,45,0,50,0,7,61,0,68,22,0,22,90
10/27/2022,EAU,WI,AGL,CE,Federal Contract Tower,0,1,18,0,19,0,2,48,0,50,0,3,66,0,69,22,0,22,91
10/28/2022,EAU,WI,AGL,CE,Federal Contract Tower,0,3,17,2,22,0,1,35,2,38,0,4,52,4,60,6,0,6,66
10/29/2022,EAU,WI,AGL,CE,Federal Contract Tower,0,1,10,0,11,0,3,56,0,59,0,4,66,0,70,0,0,0,70
10/30/2022,EAU,WI,AGL,CE,Federal Contract Tower,0,1,8,0,9,0,2,37,3,42,0,3,45,3,51,4,0,4,55
10/31/2022,EAU,WI,AGL,CE,Federal Contract Tower,0,3,9,6,18,0,4,22,3,29,0,7,31,9,47,4,0,4,51
11/01/2022,EAU,WI,AGL,CE,Federal Contract Tower,0,3,22,0,25,0,4,42,1,47,0,7,64,1,72,16,0,16,88
11/02/2022,EAU,WI,AGL,CE,Federal Contract Tower,0,1,17,4,22,0,5,18,0,23,0,6,35,4,45,2,0,2,47
11/03/2022,EAU,WI,AGL,CE,Federal Contract Tower,0,3,13,0,16,0,1,14,0,15,0,4,27,0,31,6,0,6,37
11/04/2022,EAU,WI,AGL,CE,Federal Contract Tower,0,3,19,0,22,0,2,0,0,2,0,5,19,0,24,0,0,0,24
11/05/2022,EAU,WI,AGL,CE,Federal Contract Tower,0,1,10,0,11,0,0,0,0,0,0,1,10,0,11,0,0,0,11
11/06/2022,EAU,WI,AGL,CE,Federal Contract Tower,0,3,5,0,8,0,4,2,0,6,0,7,7,0,14,4,0,4,18
11/07/2022,EAU,WI,AGL,CE,Federal Contract Tower,2,3,20,0,25,0,6,47,0,53,2,9,67,0,78,38,0,38,116
11/08/2022,EAU,WI,AGL,CE,Federal Contract Tower,0,1,12,2,15,0,2,18,8,28,0,3,30,10,43,2,0,2,45
11/09/2022,EAU,WI,AGL,CE,Federal Contract Tower,0,3,17,0,20,0,4,4,0,8,0,7,21,0,28,8,0,8,36
11/10/2022,EAU,WI,AGL,CE,Federal Contract Tower,0,1,11,0,12,0,1,1,0,2,0,2,12,0,14,0,0,0,14
11/11/2022,EAU,WI,AGL,CE,Federal Contract Tower,0,1,15,0,16,0,2,2,0,4,0,3,17,0,20,0,0,0,20
11/12/2022,EAU,WI,AGL,CE,Federal Contract Tower,1,3,4,0,8,0,4,5,0,9,1,7,9,0,17,4,0,4,21
11/13/2022,EAU,WI,AGL,CE,Federal Contract Tower,0,2,18,0,20,0,0,39,0,39,0,2,57,0,59,26,2,28,87
11/14/2022,EAU,WI,AGL,CE,Federal Contract Tower,0,3,13,0,16,0,0,0,0,0,0,3,13,0,16,0,0,0,16
11/15/2022,EAU,WI,AGL,CE,Federal Contract Tower,0,1,7,0,8,0,0,0,0,0,0,1,7,0,8,0,0,0,8
11/16/2022,EAU,WI,AGL,CE,Federal Contract Tower,0,5,12,0,17,0,0,0,0,0,0,5,12,0,17,0,0,0,17
11/17/2022,EAU,WI,AGL,CE,Federal Contract Tower,0,4,14,0,18,0,0,0,0,0,0,4,14,0,18,0,0,0,18
11/18/2022,EAU,WI,AGL,CE,Federal Contract Tower,0,1,15,0,16,0,5,0,0,5,0,6,15,0,21,0,0,0,21
11/19/2022,EAU,WI,AGL,CE,Federal Contract Tower,0,4,7,0,11,0,5,2,0,7,0,9,9,0,18,2,0,2,20
11/20/2022,EAU,WI,AGL,CE,Federal Contract Tower,0,1,10,0,11,0,0,27,4,31,0,1,37,4,42,20,0,20,62
11/21/2022,EAU,WI,AGL,CE,Federal Contract Tower,0,1,18,0,19,0,4,40,4,48,0,5,58,4,67,36,2,38,105
11/22/2022,EAU,WI,AGL,CE,Federal Contract Tower,0,1,17,0,18,0,2,50,0,52,0,3,67,0,70,22,0,22,92
11/23/2022,EAU,WI,AGL,CE,Federal Contract Tower,0,1,8,0,9,0,0,45,0,45,0,1,53,0,54,6,0,6,60
11/24/2022,EAU,WI,AGL,CE,Federal Contract Tower,0,7,1,0,8,0,8,0,0,8,0,15,1,0,16,0,0,0,16
11/25/2022,EAU,WI,AGL,CE,Federal Contract Tower,0,1,14,0,15,0,3,44,0,47,0,4,58,0,62,16,0,16,78
11/26/2022,EAU,WI,AGL,CE,Federal Contract Tower,0,3,3,0,6,0,2,48,0,50,0,5,51,0,56,12,0,12,68
11/27/2022,EAU,WI,AGL,CE,Federal Contract Tower,0,1,4,0,5,0,8,41,0,49,0,9,45,0,54,30,0,30,84
11/28/2022,EAU,WI,AGL,CE,Federal Contract Tower,0,1,8,0,9,0,5,26,0,31,0,6,34,0,40,16,0,16,56
11/29/2022,EAU,WI,AGL,CE,Federal Contract Tower,0,1,11,0,12,0,0,0,0,0,0,1,11,0,12,0,0,0,12
11/30/2022,EAU,WI,AGL,CE,Federal Contract Tower,0,9,10,0,19,0,3,0,0,3,0,12,10,0,22,2,0,2,24
12/01/2022,EAU,WI,AGL,CE,Federal Contract Tower,2,0,11,2,15,0,3,24,0,27,2,3,35,2,42,4,6,10,52
12/02/2022,EAU,WI,AGL,CE,Federal Contract Tower,0,0,14,0,14,0,2,16,2,20,0,2,30,2,34,8,0,8,42
12/04/2022,EAU,WI,AGL,CE,Federal Contract Tower,1,0,13,1,15,0,5,27,1,33,1,5,40,2,48,14,0,14,62
12/05/2022,EAU,WI,AGL,CE,Federal Contract Tower,1,0,16,2,19,0,10,34,0,44,1,10,50,2,63,36,0,36,99
12/06/2022,EAU,WI,AGL,CE,Federal Contract Tower,2,2,26,2,32,0,0,30,0,30,2,2,56,2,62,10,0,10,72
12/07/2022,EAU,WI,AGL,CE,Federal Contract Tower,1,1,15,2,19,0,0,9,0,9,1,1,24,2,28,0,0,0,28
12/08/2022,EAU,WI,AGL,CE,Federal Contract Tower,2,3,18,0,23,0,7,32,0,39,2,10,50,0,62,20,0,20,82
12/09/2022,EAU,WI,AGL,CE,Federal Contract Tower,1,0,10,0,11,0,0,2,0,2,1,0,12,0,13,0,0,0,13
12/10/2022,EAU,WI,AGL,CE,Federal Contract Tower,2,0,0,0,2,0,0,0,0,0,2,0,0,0,2,0,0,0,2
12/11/2022,EAU,WI,AGL,CE,Federal Contract Tower,1,0,6,0,7,0,2,3,0,5,1,2,9,0,12,0,0,0,12
12/12/2022,EAU,WI,AGL,CE,Federal Contract Tower,3,1,12,0,16,0,2,2,0,4,3,3,14,0,20,2,0,2,22
12/13/2022,EAU,WI,AGL,CE,Federal Contract Tower,0,0,7,0,7,0,2,0,0,2,0,2,7,0,9,0,0,0,9
12/14/2022,EAU,WI,AGL,CE,Federal Contract Tower,2,0,5,0,7,0,0,0,0,0,2,0,5,0,7,0,0,0,7
12/15/2022,EAU,WI,AGL,CE,Federal Contract Tower,0,0,2,0,2,0,0,0,0,0,0,0,2,0,2,0,0,0,2
12/16/2022,EAU,WI,AGL,CE,Federal Contract Tower,0,0,7,0,7,0,0,0,0,0,0,0,7,0,7,0,0,0,7
12/17/2022,EAU,WI,AGL,CE,Federal Contract Tower,0,0,4,0,4,0,2,0,0,2,0,2,4,0,6,0,0,0,6
12/18/2022,EAU,WI,AGL,CE,Federal Contract Tower,0,0,7,0,7,0,5,11,0,16,0,5,18,0,23,6,0,6,29
12/19/2022,EAU,WI,AGL,CE,Federal Contract Tower,5,2,10,0,17,0,2,1,0,3,5,4,11,0,20,0,0,0,20
12/20/2022,EAU,WI,AGL,CE,Federal Contract Tower,0,0,10,0,10,0,0,0,0,0,0,0,10,0,10,0,0,0,10
12/21/2022,EAU,WI,AGL,CE,Federal Contract Tower,0,2,16,0,18,0,2,0,0,2,0,4,16,0,20,0,0,0,20
12/22/2022,EAU,WI,AGL,CE,Federal Contract Tower,2,0,1,0,3,0,0,0,0,0,2,0,1,0,3,0,0,0,3
12/23/2022,EAU,WI,AGL,CE,Federal Contract Tower,2,0,0,0,2,0,0,0,0,0,2,0,0,0,2,0,0,0,2
12/24/2022,EAU,WI,AGL,CE,Federal Contract Tower,0,0,3,0,3,0,4,1,0,5,0,4,4,0,8,0,0,0,8
12/25/2022,EAU,WI,AGL,CE,Federal Contract Tower,0,0,2,0,2,0,3,6,0,9,0,3,8,0,11,0,0,0,11
12/26/2022,EAU,WI,AGL,CE,Federal Contract Tower,4,1,10,0,15,0,2,5,0,7,4,3,15,0,22,2,0,2,24
12/27/2022,EAU,WI,AGL,CE,Federal Contract Tower,0,0,18,1,19,0,4,12,2,18,0,4,30,3,37,12,0,12,49
12/28/2022,EAU,WI,AGL,CE,Federal Contract Tower,1,2,18,0,21,0,5,30,0,35,1,7,48,0,56,4,0,4,60
12/29/2022,EAU,WI,AGL,CE,Federal Contract Tower,1,0,7,0,8,0,2,4,0,6,1,2,11,0,14,2,0,2,16
12/30/2022,EAU,WI,AGL,CE,Federal Contract Tower,4,0,7,0,11,0,2,3,0,5,4,2,10,0,16,12,0,12,28
01/01/2023,EAU,WI,AGL,CE,Federal Contract Tower,0,0,4,0,4,0,0,0,0,0,0,0,4,0,4,0,0,0,4
01/02/2023,EAU,WI,AGL,CE,Federal Contract Tower,4,0,12,0,16,0,0,0,0,0,4,0,12,0,16,0,0,0,16
01/03/2023,EAU,WI,AGL,CE,Federal Contract Tower,2,0,6,0,8,0,0,0,0,0,2,0,6,0,8,0,0,0,8
01/04/2023,EAU,WI,AGL,CE,Federal Contract Tower,1,0,8,0,9,0,0,0,0,0,1,0,8,0,9,0,0,0,9
01/05/2023,EAU,WI,AGL,CE,Federal Contract Tower,1,0,9,0,10,0,0,0,0,0,1,0,9,0,10,0,0,0,10
01/06/2023,EAU,WI,AGL,CE,Federal Contract Tower,4,0,12,0,16,0,3,15,0,18,4,3,27,0,34,0,0,0,34
01/07/2023,EAU,WI,AGL,CE,Federal Contract Tower,0,0,17,0,17,0,6,32,0,38,0,6,49,0,55,6,0,6,61
01/08/2023,EAU,WI,AGL,CE,Federal Contract Tower,1,0,21,0,22,0,2,23,0,25,1,2,44,0,47,24,0,24,71
01/09/2023,EAU,WI,AGL,CE,Federal Contract Tower,4,0,4,0,8,0,2,0,0,2,4,2,4,0,10,0,0,0,10
01/10/2023,EAU,WI,AGL,CE,Federal Contract Tower,0,0,7,0,7,0,0,0,0,0,0,0,7,0,7,0,0,0,7
01/11/2023,EAU,WI,AGL,CE,Federal Contract Tower,1,0,2,0,3,0,0,0,0,0,1,0,2,0,3,0,0,0,3
01/12/2023,EAU,WI,AGL,CE,Federal Contract Tower,1,2,7,0,10,0,5,0,0,5,1,7,7,0,15,0,0,0,15
01/13/2023,EAU,WI,AGL,CE,Federal Contract Tower,4,2,10,0,16,0,3,19,0,22,4,5,29,0,38,18,0,18,56
01/14/2023,EAU,WI,AGL,CE,Federal Contract Tower,0,0,19,0,19,0,4,16,0,20,0,4,35,0,39,2,0,2,41
01/15/2023,EAU,WI,AGL,CE,Federal Contract Tower,1,0,11,0,12,0,0,26,0,26,1,0,37,0,38,8,2,10,48
01/16/2023,EAU,WI,AGL,CE,Federal Contract Tower,4,0,12,0,16,0,0,0,0,0,4,0,12,0,16,0,0,0,16
01/17/2023,EAU,WI,AGL,CE,Federal Contract Tower,0,0,4,2,6,0,4,2,0,6,0,4,6,2,12,0,0,0,12
01/18/2023,EAU,WI,AGL,CE,Federal Contract Tower,1,0,18,1,20,0,0,9,1,10,1,0,27,2,30,4,0,4,34
01/19/2023,EAU,WI,AGL,CE,Federal Contract Tower,3,0,12,0,15,0,0,0,0,0,3,0,12,0,15,0,0,0,15
01/20/2023,EAU,WI,AGL,CE,Federal Contract Tower,4,2,8,0,14,0,2,0,0,2,4,4,8,0,16,4,0,4,20
01/21/2023,EAU,WI,AGL,CE,Federal Contract Tower,0,0,3,0,3,0,0,0,0,0,0,0,3,0,3,0,0,0,3
01/22/2023,EAU,WI,AGL,CE,Federal Contract Tower,0,0,7,0,7,0,0,0,0,0,0,0,7,0,7,0,0,0,7
01/23/2023,EAU,WI,AGL,CE,Federal Contract Tower,6,1,4,0,11,0,2,0,0,2,6,3,4,0,13,0,0,0,13
01/24/2023,EAU,WI,AGL,CE,Federal Contract Tower,0,0,15,0,15,0,0,3,0,3,0,0,18,0,18,0,0,0,18
01/25/2023,EAU,WI,AGL,CE,Federal Contract Tower,1,0,11,0,12,0,0,0,0,0,1,0,11,0,12,0,0,0,12
01/26/2023,EAU,WI,AGL,CE,Federal Contract Tower,1,0,14,0,15,0,2,21,2,25,1,2,35,2,40,6,2,8,48
01/27/2023,EAU,WI,AGL,CE,Federal Contract Tower,4,0,14,0,18,0,4,3,0,7,4,4,17,0,25,2,0,2,27
01/28/2023,EAU,WI,AGL,CE,Federal Contract Tower,0,2,15,0,17,0,2,31,2,35,0,4,46,2,52,24,0,24,76
01/29/2023,EAU,WI,AGL,CE,Federal Contract Tower,1,1,12,0,14,0,5,30,2,37,1,6,42,2,51,44,0,44,95
01/30/2023,EAU,WI,AGL,CE,Federal Contract Tower,4,1,10,2,17,0,2,9,5,16,4,3,19,7,33,14,2,16,49
01/31/2023,EAU,WI,AGL,CE,Federal Contract Tower,0,0,15,0,15,0,0,14,0,14,0,0,29,0,29,4,0,4,33
02/01/2023,EAU,WI,AGL,CE,Federal Contract Tower,1,3,13,3,20,0,4,24,19,47,1,7,37,22,67,26,4,30,97
02/02/2023,EAU,WI,AGL,CE,Federal Contract Tower,0,5,17,0,22,0,0,29,2,31,0,5,46,2,53,18,0,18,71
02/03/2023,EAU,WI,AGL,CE,Federal Contract Tower,2,1,10,0,13,0,1,13,0,14,2,2,23,0,27,18,0,18,45
02/04/2023,EAU,WI,AGL,CE,Federal Contract Tower,0,0,15,0,15,0,0,56,3,59,0,0,71,3,74,16,0,16,90
02/05/2023,EAU,WI,AGL,CE,Federal Contract Tower,0,0,7,1,8,0,2,31,3,36,0,2,38,4,44,14,6,20,64
02/06/2023,EAU,WI,AGL,CE,Federal Contract Tower,4,0,11,0,15,0,2,17,0,19,4,2,28,0,34,14,0,14,48
02/07/2023,EAU,WI,AGL,CE,Federal Contract Tower,0,3,17,0,20,0,0,42,0,42,0,3,59,0,62,20,0,20,82
02/08/2023,EAU,WI,AGL,CE,Federal Contract Tower,1,3,17,0,21,0,5,46,2,53,1,8,63,2,74,36,2,38,112
02/09/2023,EAU,WI,AGL,CE,Federal Contract Tower,0,4,8,0,12,0,3,13,0,16,0,7,21,0,28,18,0,18,46
02/10/2023,EAU,WI,AGL,CE,Federal Contract Tower,4,2,12,4,22,0,1,38,0,39,4,3,50,4,61,18,0,18,79
02/11/2023,EAU,WI,AGL,CE,Federal Contract Tower,0,0,12,0,12,0,2,54,2,58,0,2,66,2,70,36,0,36,106
02/12/2023,EAU,WI,AGL,CE,Federal Contract Tower,1,1,4,0,6,0,2,87,2,91,1,3,91,2,97,44,0,44,141
02/13/2023,EAU,WI,AGL,CE,Federal Contract Tower,5,3,21,0,29,0,5,84,0,89,5,8,105,0,118,54,0,54,172
02/14/2023,EAU,WI,AGL,CE,Federal Contract Tower,0,0,10,2,12,0,2,2,1,5,0,2,12,3,17,4,0,4,21
02/15/2023,EAU,WI,AGL,CE,Federal Contract Tower,1,0,8,0,9,0,6,1,0,7,1,6,9,0,16,0,0,0,16
02/16/2023,EAU,WI,AGL,CE,Federal Contract Tower,1,2,17,0,20,0,5,18,0,23,1,7,35,0,43,18,0,18,61
02/17/2023,EAU,WI,AGL,CE,Federal Contract Tower,4,0,22,0,26,0,8,36,2,46,4,8,58,2,72,14,0,14,86
02/18/2023,EAU,WI,AGL,CE,Federal Contract Tower,0,0,8,0,8,0,8,45,2,55,0,8,53,2,63,6,0,6,69
02/19/2023,EAU,WI,AGL,CE,Federal Contract Tower,0,0,4,0,4,0,0,7,0,7,0,0,11,0,11,10,0,10,21
02/20/2023,EAU,WI,AGL,CE,Federal Contract Tower,4,0,17,0,21,0,2,3,0,5,4,2,20,0,26,18,0,18,44
02/21/2023,EAU,WI,AGL,CE,Federal Contract Tower,0,0,6,0,6,0,3,4,0,7,0,3,10,0,13,6,0,6,19
02/22/2023,EAU,WI,AGL,CE,Federal Contract Tower,0,0,1,0,1,0,0,0,0,0,0,0,1,0,1,0,0,0,1
02/23/2023,EAU,WI,AGL,CE,Federal Contract Tower,0,0,3,0,3,0,0,0,0,0,0,0,3,0,3,0,0,0,3
02/24/2023,EAU,WI,AGL,CE,Federal Contract Tower,4,0,19,0,23,0,1,23,0,24,4,1,42,0,47,34,0,34,81
02/25/2023,EAU,WI,AGL,CE,Federal Contract Tower,0,0,5,0,5,0,2,33,0,35,0,2,38,0,40,36,0,36,76
02/26/2023,EAU,WI,AGL,CE,Federal Contract Tower,0,0,15,0,15,0,3,60,3,66,0,3,75,3,81,38,2,40,121
02/27/2023,EAU,WI,AGL,CE,Federal Contract Tower,4,0,2,0,6,0,0,0,0,0,4,0,2,0,6,0,0,0,6
02/28/2023,EAU,WI,AGL,CE,Federal Contract Tower,0,6,10,0,16,0,2,0,36,38,0,8,10,36,54,30,0,30,84
03/01/2023,EAU,WI,AGL,CE,Federal Contract Tower,1,0,16,0,17,0,0,0,0,0,1,0,16,0,17,0,0,0,17
03/02/2023,EAU,WI,AGL,CE,Federal Contract Tower,0,0,9,0,9,0,0,37,0,37,0,0,46,0,46,24,0,24,70
03/03/2023,EAU,WI,AGL,CE,Federal Contract Tower,4,0,9,0,13,0,3,15,0,18,4,3,24,0,31,24,0,24,55
03/04/2023,EAU,WI,AGL,CE,Federal Contract Tower,0,2,7,0,9,0,7,23,3,33,0,9,30,3,42,6,0,6,48
03/05/2023,EAU,WI,AGL,CE,Federal Contract Tower,0,0,5,0,5,0,0,35,4,39,0,0,40,4,44,60,0,60,104
03/06/2023,EAU,WI,AGL,CE,Federal Contract Tower,7,2,7,0,16,0,2,0,0,2,7,4,7,0,18,0,0,0,18
03/07/2023,EAU,WI,AGL,CE,Federal Contract Tower,0,3,21,0,24,0,2,54,2,58,0,5,75,2,82,6,0,6,88
03/08/2023,EAU,WI,AGL,CE,Federal Contract Tower,1,2,14,0,17,0,3,27,0,30,1,5,41,0,47,20,0,20,67
03/09/2023,EAU,WI,AGL,CE,Federal Contract Tower,0,2,8,0,10,0,1,5,0,6,0,3,13,0,16,16,0,16,32
03/10/2023,EAU,WI,AGL,CE,Federal Contract Tower,4,0,8,0,12,0,2,2,0,4,4,2,10,0,16,0,0,0,16
03/11/2023,EAU,WI,AGL,CE,Federal Contract Tower,0,0,3,0,3,0,2,0,0,2,0,2,3,0,5,0,0,0,5
03/12/2023,EAU,WI,AGL,CE,Federal Contract Tower,0,0,6,0,6,0,0,0,0,0,0,0,6,0,6,0,0,0,6
03/13/2023,EAU,WI,AGL,CE,Federal Contract Tower,4,2,8,0,14,0,4,14,0,18,4,6,22,0,32,12,0,12,44
03/14/2023,EAU,WI,AGL,CE,Federal Contract Tower,0,7,7,2,16,0,3,60,5,68,0,10,67,7,84,26,0,26,110
03/15/2023,EAU,WI,AGL,CE,Federal Contract Tower,1,4,21,0,26,0,6,27,0,33,1,10,48,0,59,26,0,26,85
03/16/2023,EAU,WI,AGL,CE,Federal Contract Tower,1,0,9,0,10,0,0,4,0,4,1,0,13,0,14,2,0,2,16
03/17/2023,EAU,WI,AGL,CE,Federal Contract Tower,4,0,15,0,19,0,4,1,0,5,4,4,16,0,24,0,0,0,24
03/18/2023,EAU,WI,AGL,CE,Federal Contract Tower,0,0,6,0,6,0,6,7,0,13,0,6,13,0,19,4,0,4,23
03/19/2023,EAU,WI,AGL,CE,Federal Contract Tower,1,2,11,0,14,0,0,38,0,38,1,2,49,0,52,20,0,20,72
03/20/2023,EAU,WI,AGL,CE,Federal Contract Tower,4,4,10,0,18,0,3,37,0,40,4,7,47,0,58,16,0,16,74
03/21/2023,EAU,WI,AGL,CE,Federal Contract Tower,0,0,10,2,12,0,2,10,0,12,0,2,20,2,24,12,0,12,36
03/22/2023,EAU,WI,AGL,CE,Federal Contract Tower,1,0,14,0,15,0,4,7,0,11,1,4,21,0,26,10,0,10,36
03/23/2023,EAU,WI,AGL,CE,Federal Contract Tower,0,4,23,0,27,0,2,34,0,36,0,6,57,0,63,16,0,16,79
03/24/2023,EAU,WI,AGL,CE,Federal Contract Tower,6,1,11,0,18,0,6,51,3,60,6,7,62,3,78,34,0,34,112
03/25/2023,EAU,WI,AGL,CE,Federal Contract Tower,0,0,12,0,12,0,1,44,0,45,0,1,56,0,57,34,0,34,91
03/26/2023,EAU,WI,AGL,CE,Federal Contract Tower,1,4,15,0,20,0,5,44,2,51,1,9,59,2,71,14,0,14,85
03/27/2023,EAU,WI,AGL,CE,Federal Contract Tower,4,1,19,0,24,0,4,46,2,52,4,5,65,2,76,38,6,44,120
03/28/2023,EAU,WI,AGL,CE,Federal Contract Tower,2,0,14,1,17,0,4,30,1,35,2,4,44,2,52,18,0,18,70
03/29/2023,EAU,WI,AGL,CE,Federal Contract Tower,1,0,18,0,19,0,3,47,3,53,1,3,65,3,72,18,4,22,94
03/30/2023,EAU,WI,AGL,CE,Federal Contract Tower,0,2,9,0,11,0,5,27,0,32,0,7,36,0,43,38,0,38,81
03/31/2023,EAU,WI,AGL,CE,Federal Contract Tower,4,0,9,0,13,0,0,0,0,0,4,0,9,0,13,0,0,0,13
04/01/2023,EAU,WI,AGL,CE,Federal Contract Tower,0,0,6,0,6,0,1,16,0,17,0,1,22,0,23,6,0,6,29
04/02/2023,EAU,WI,AGL,CE,Federal Contract Tower,0,4,6,0,10,0,3,19,0,22,0,7,25,0,32,16,0,16,48
04/03/2023,EAU,WI,AGL,CE,Federal Contract Tower,4,1,9,0,14,0,4,19,0,23,4,5,28,0,37,20,0,20,57
04/04/2023,EAU,WI,AGL,CE,Federal Contract Tower,0,4,12,0,16,0,0,0,0,0,0,4,12,0,16,0,0,0,16
04/05/2023,EAU,WI,AGL,CE,Federal Contract Tower,1,0,8,1,10,0,5,0,2,7,1,5,8,3,17,0,2,2,19
04/06/2023,EAU,WI,AGL,CE,Federal Contract Tower,0,4,9,0,13,0,2,29,0,31,0,6,38,0,44,24,0,24,68
04/07/2023,EAU,WI,AGL,CE,Federal Contract Tower,4,0,19,0,23,0,3,59,0,62,4,3,78,0,85,26,0,26,111
04/08/2023,EAU,WI,AGL,CE,Federal Contract Tower,0,1,11,0,12,0,3,49,6,58,0,4,60,6,70,46,0,46,116
04/09/2023,EAU,WI,AGL,CE,Federal Contract Tower,1,2,3,0,6,0,2,29,0,31,1,4,32,0,37,12,0,12,49
04/10/2023,EAU,WI,AGL,CE,Federal Contract Tower,4,2,22,0,28,0,2,28,0,30,4,4,50,0,58,30,0,30,88
04/11/2023,EAU,WI,AGL,CE,Federal Contract Tower,0,0,14,0,14,0,3,47,0,50,0,3,61,0,64,30,0,30,94
04/12/2023,EAU,WI,AGL,CE,Federal Contract Tower,1,2,19,0,22,0,5,42,0,47,1,7,61,0,69,20,0,20,89
04/13/2023,EAU,WI,AGL,CE,Federal Contract Tower,0,6,14,1,21,0,2,44,2,48,0,8,58,3,69,22,0,22,91
04/14/2023,EAU,WI,AGL,CE,Federal Contract Tower,4,3,16,0,23,0,5,22,0,27,4,8,38,0,50,2,0,2,52
04/15/2023,EAU,WI,AGL,CE,Federal Contract Tower,0,0,6,0,6,0,5,5,0,10,0,5,11,0,16,0,0,0,16
04/16/2023,EAU,WI,AGL,CE,Federal Contract Tower,0,0,4,0,4,0,0,0,0,0,0,0,4,0,4,0,0,0,4
04/17/2023,EAU,WI,AGL,CE,Federal Contract Tower,5,7,0,0,12,0,2,1,0,3,5,9,1,0,15,0,2,2,17
04/18/2023,EAU,WI,AGL,CE,Federal Contract Tower,0,2,11,2,15,0,5,46,1,52,0,7,57,3,67,20,0,20,87
04/19/2023,EAU,WI,AGL,CE,Federal Contract Tower,1,0,12,0,13,0,4,2,0,6,1,4,14,0,19,0,0,0,19
04/20/2023,EAU,WI,AGL,CE,Federal Contract Tower,0,4,19,0,23,0,0,0,0,0,0,4,19,0,23,0,0,0,23
04/21/2023,EAU,WI,AGL,CE,Federal Contract Tower,6,0,5,0,11,0,2,3,0,5,6,2,8,0,16,0,0,0,16
04/22/2023,EAU,WI,AGL,CE,Federal Contract Tower,0,0,6,0,6,0,0,2,0,2,0,0,8,0,8,0,0,0,8
04/23/2023,EAU,WI,AGL,CE,Federal Contract Tower,1,2,7,0,10,0,0,42,7,49,1,2,49,7,59,20,0,20,79
04/24/2023,EAU,WI,AGL,CE,Federal Contract Tower,6,2,9,0,17,0,5,42,0,47,6,7,51,0,64,16,0,16,80
04/25/2023,EAU,WI,AGL,CE,Federal Contract Tower,0,0,18,0,18,0,0,50,1,51,0,0,68,1,69,20,0,20,89
04/26/2023,EAU,WI,AGL,CE,Federal Contract Tower,1,8,9,0,18,0,0,0,0,0,1,8,9,0,18,46,0,46,64
04/27/2023,EAU,WI,AGL,CE,Federal Contract Tower,0,10,16,0,26,0,4,37,0,41,0,14,53,0,67,30,0,30,97
04/28/2023,EAU,WI,AGL,CE,Federal Contract Tower,4,4,11,0,19,0,4,26,0,30,4,8,37,0,49,8,0,8,57
04/29/2023,EAU,WI,AGL,CE,Federal Contract Tower,0,0,5,0,5,0,4,0,0,4,0,4,5,0,9,0,0,0,9
04/30/2023,EAU,WI,AGL,CE,Federal Contract Tower,0,0,3,0,3,0,2,1,0,3,0,2,4,0,6,0,0,0,6
05/01/2023,EAU,WI,AGL,CE,Federal Contract Tower,4,0,14,0,18,0,0,3,0,3,4,0,17,0,21,2,0,2,23
05/02/2023,EAU,WI,AGL,CE,Federal Contract Tower,0,3,15,2,20,0,2,23,0,25,0,5,38,2,45,22,0,22,67
05/03/2023,EAU,WI,AGL,CE,Federal Contract Tower,1,3,12,0,16,0,2,56,4,62,1,5,68,4,78,40,0,40,118
05/04/2023,EAU,WI,AGL,CE,Federal Contract Tower,0,2,28,0,30,0,6,64,2,72,0,8,92,2,102,38,0,38,140
05/05/2023,EAU,WI,AGL,CE,Federal Contract Tower,4,1,24,0,29,0,0,23,0,23,4,1,47,0,52,14,0,14,66
05/06/2023,EAU,WI,AGL,CE,Federal Contract Tower,0,3,8,2,13,0,2,4,0,6,0,5,12,2,19,8,0,8,27
05/07/2023,EAU,WI,AGL,CE,Federal Contract Tower,0,2,9,0,11,0,0,29,0,29,0,2,38,0,40,18,0,18,58
05/08/2023,EAU,WI,AGL,CE,Federal Contract Tower,4,0,20,0,24,0,0,15,0,15,4,0,35,0,39,10,0,10,49
05/09/2023,EAU,WI,AGL,CE,Federal Contract Tower,0,2,21,0,23,0,2,18,3,23,0,4,39,3,46,12,0,12,58
05/10/2023,EAU,WI,AGL,CE,Federal Contract Tower,1,0,28,5,34,0,4,60,4,68,1,4,88,9,102,22,0,22,124
05/11/2023,EAU,WI,AGL,CE,Federal Contract Tower,0,0,21,0,21,0,3,50,0,53,0,3,71,0,74,50,0,50,124
05/12/2023,EAU,WI,AGL,CE,Federal Contract Tower,4,9,10,0,23,0,0,37,0,37,4,9,47,0,60,26,0,26,86
05/13/2023,EAU,WI,AGL,CE,Federal Contract Tower,0,2,6,0,8,0,6,33,0,39,0,8,39,0,47,2,0,2,49
05/14/2023,EAU,WI,AGL,CE,Federal Contract Tower,0,2,10,0,12,0,3,27,0,30,0,5,37,0,42,34,0,34,76
05/15/2023,EAU,WI,AGL,CE,Federal Contract Tower,4,5,17,0,26,0,10,67,0,77,4,15,84,0,103,26,0,26,129
05/16/2023,EAU,WI,AGL,CE,Federal Contract Tower,0,1,14,0,15,0,2,48,2,52,0,3,62,2,67,18,0,18,85
05/17/2023,EAU,WI,AGL,CE,Federal Contract Tower,1,0,24,0,25,0,5,62,0,67,1,5,86,0,92,14,0,14,106
05/18/2023,EAU,WI,AGL,CE,Federal Contract Tower,1,0,16,0,17,0,1,18,0,19,1,1,34,0,36,24,0,24,60
05/19/2023,EAU,WI,AGL,CE,Federal Contract Tower,4,5,13,2,24,0,4,18,2,24,4,9,31,4,48,8,0,8,56
05/20/2023,EAU,WI,AGL,CE,Federal Contract Tower,0,5,8,0,13,0,4,48,0,52,0,9,56,0,65,28,0,28,93
05/21/2023,EAU,WI,AGL,CE,Federal Contract Tower,0,0,5,0,5,0,5,48,0,53,0,5,53,0,58,44,0,44,102
05/22/2023,EAU,WI,AGL,CE,Federal Contract Tower,4,0,17,2,23,0,4,23,1,28,4,4,40,3,51,0,0,0,51
05/23/2023,EAU,WI,AGL,CE,Federal Contract Tower,0,2,23,0,25,0,5,48,0,53,0,7,71,0,78,10,0,10,88
05/24/2023,EAU,WI,AGL,CE,Federal Contract Tower,1,0,16,0,17,0,2,23,0,25,1,2,39,0,42,16,0,16,58
05/25/2023,EAU,WI,AGL,CE,Federal Contract Tower,0,2,28,0,30,0,1,32,0,33,0,3,60,0,63,18,0,18,81
05/26/2023,EAU,WI,AGL,CE,Federal Contract Tower,6,4,8,0,18,0,2,63,5,70,6,6,71,5,88,22,0,22,110
05/27/2023,EAU,WI,AGL,CE,Federal Contract Tower,0,2,4,0,6,0,3,47,2,52,0,5,51,2,58,48,0,48,106
05/28/2023,EAU,WI,AGL,CE,Federal Contract Tower,0,3,11,0,14,0,12,34,4,50,0,15,45,4,64,12,0,12,76
05/29/2023,EAU,WI,AGL,CE,Federal Contract Tower,4,0,8,0,12,0,4,38,4,46,4,4,46,4,58,10,0,10,68
05/30/2023,EAU,WI,AGL,CE,Federal Contract Tower,1,0,22,0,23,0,6,23,0,29,1,6,45,0,52,2,0,2,54
05/31/2023,EAU,WI,AGL,CE,Federal Contract Tower,1,0,19,0,20,0,4,47,0,51,1,4,66,0,71,22,0,22,93
06/01/2023,EAU,WI,AGL,CE,Federal Contract Tower,0,2,19,0,21,0,3,31,1,35,0,5,50,1,56,18,0,18,74
06/02/2023,EAU,WI,AGL,CE,Federal Contract Tower,4,0,12,0,16,0,0,36,0,36,4,0,48,0,52,34,0,34,86
06/03/2023,EAU,WI,AGL,CE,Federal Contract Tower,0,0,8,0,8,0,2,36,0,38,0,2,44,0,46,8,0,8,54
06/04/2023,EAU,WI,AGL,CE,Federal Contract Tower,0,6,5,0,11,0,8,44,3,55,0,14,49,3,66,24,0,24,90
06/05/2023,EAU,WI,AGL,CE,Federal Contract Tower,4,2,14,0,20,0,5,53,0,58,4,7,67,0,78,26,0,26,104
06/06/2023,EAU,WI,AGL,CE,Federal Contract Tower,0,1,6,0,7,0,2,40,2,44,0,3,46,2,51,18,0,18,69
06/07/2023,EAU,WI,AGL,CE,Federal Contract Tower,1,8,18,0,27,0,4,40,0,44,1,12,58,0,71,14,0,14,85
06/08/2023,EAU,WI,AGL,CE,Federal Contract Tower,0,4,27,0,31,0,4,44,0,48,0,8,71,0,79,14,0,14,93
06/09/2023,EAU,WI,AGL,CE,Federal Contract Tower,4,6,8,0,18,0,3,54,3,60,4,9,62,3,78,28,0,28,106
06/10/2023,EAU,WI,AGL,CE,Federal Contract Tower,0,0,11,0,11,0,0,27,0,27,0,0,38,0,38,10,0,10,48
06/11/2023,EAU,WI,AGL,CE,Federal Contract Tower,0,0,11,0,11,0,4,40,0,44,0,4,51,0,55,20,0,20,75
06/12/2023,EAU,WI,AGL,CE,Federal Contract Tower,4,0,12,0,16,0,4,26,0,30,4,4,38,0,46,22,0,22,68
06/13/2023,EAU,WI,AGL,CE,Federal Contract Tower,0,3,20,0,23,0,2,36,0,38,0,5,56,0,61,8,0,8,69
06/14/2023,EAU,WI,AGL,CE,Federal Contract Tower,3,2,24,0,29,0,2,25,0,27,3,4,49,0,56,16,0,16,72
06/15/2023,EAU,WI,AGL,CE,Federal Contract Tower,0,4,18,0,22,0,0,34,0,34,0,4,52,0,56,28,0,28,84
06/16/2023,EAU,WI,AGL,CE,Federal Contract Tower,4,5,14,0,23,0,0,40,0,40,4,5,54,0,63,36,0,36,99
06/17/2023,EAU,WI,AGL,CE,Federal Contract Tower,0,0,12,0,12,0,5,53,0,58,0,5,65,0,70,66,0,66,136
06/18/2023,EAU,WI,AGL,CE,Federal Contract Tower,2,0,10,0,12,0,1,15,3,19,2,1,25,3,31,8,2,10,41
06/19/2023,EAU,WI,AGL,CE,Federal Contract Tower,2,7,13,0,22,0,2,34,0,36,2,9,47,0,58,12,0,12,70
06/20/2023,EAU,WI,AGL,CE,Federal Contract Tower,0,5,15,0,20,0,1,28,3,32,0,6,43,3,52,8,0,8,60
06/21/2023,EAU,WI,AGL,CE,Federal Contract Tower,1,2,23,0,26,0,2,52,0,54,1,4,75,0,80,30,0,30,110
06/22/2023,EAU,WI,AGL,CE,Federal Contract Tower,0,3,25,0,28,0,4,31,2,37,0,7,56,2,65,12,0,12,77
06/23/2023,EAU,WI,AGL,CE,Federal Contract Tower,4,1,13,0,18,0,3,36,0,39,4,4,49,0,57,34,0,34,91
06/24/2023,EAU,WI,AGL,CE,Federal Contract Tower,0,2,12,0,14,0,5,43,1,49,0,7,55,1,63,16,0,16,79
06/25/2023,EAU,WI,AGL,CE,Federal Contract Tower,0,2,8,0,10,0,0,0,0,0,0,2,8,0,10,0,0,0,10
06/26/2023,EAU,WI,AGL,CE,Federal Contract Tower,4,14,15,0,33,0,6,23,2,31,4,20,38,2,64,16,0,16,80
06/27/2023,EAU,WI,AGL,CE,Federal Contract Tower,0,0,12,0,12,0,0,0,0,0,0,0,12,0,12,24,0,24,36
06/28/2023,EAU,WI,AGL,CE,Federal Contract Tower,1,0,16,1,18,0,0,11,0,11,1,0,27,1,29,0,0,0,29
06/29/2023,EAU,WI,AGL,CE,Federal Contract Tower,0,2,8,1,11,0,4,29,5,38,0,6,37,6,49,36,0,36,85
06/30/2023,EAU,WI,AGL,CE,Federal Contract Tower,4,0,14,1,19,0,2,35,1,38,4,2,49,2,57,6,0,6,63
07/01/2023,EAU,WI,AGL,CE,Federal Contract Tower,0,1,13,0,14,0,2,25,0,27,0,3,38,0,41,6,0,6,47
07/02/2023,EAU,WI,AGL,CE,Federal Contract Tower,0,0,0,0,0,0,6,39,2,47,0,6,39,2,47,60,0,60,107
07/03/2023,EAU,WI,AGL,CE,Federal Contract Tower,4,2,6,0,12,0,2,30,0,32,4,4,36,0,44,42,0,42,86
07/04/2023,EAU,WI,AGL,CE,Federal Contract Tower,0,0,5,0,5,0,8,27,0,35,0,8,32,0,40,18,0,18,58
07/05/2023,EAU,WI,AGL,CE,Federal Contract Tower,1,6,23,0,30,0,2,14,0,16,1,8,37,0,46,0,0,0,46
07/06/2023,EAU,WI,AGL,CE,Federal Contract Tower,0,1,21,0,22,0,4,26,0,30,0,5,47,0,52,16,0,16,68
07/07/2023,EAU,WI,AGL,CE,Federal Contract Tower,4,7,22,2,35,0,2,24,1,27,4,9,46,3,62,4,0,4,66
07/08/2023,EAU,WI,AGL,CE,Federal Contract Tower,0,2,15,0,17,0,7,47,4,58,0,9,62,4,75,28,0,28,103
07/09/2023,EAU,WI,AGL,CE,Federal Contract Tower,0,2,4,0,6,0,0,24,0,24,0,2,28,0,30,32,0,32,62
07/10/2023,EAU,WI,AGL,CE,Federal Contract Tower,2,6,12,0,20,0,4,36,0,40,2,10,48,0,60,16,0,16,76
07/11/2023,EAU,WI,AGL,CE,Federal Contract Tower,0,7,26,0,33,0,2,43,0,45,0,9,69,0,78,24,0,24,102
07/12/2023,EAU,WI,AGL,CE,Federal Contract Tower,1,0,28,0,29,0,4,16,2,22,1,4,44,2,51,8,0,8,59
07/13/2023,EAU,WI,AGL,CE,Federal Contract Tower,1,1,21,2,25,0,2,23,2,27,1,3,44,4,52,14,0,14,66
07/14/2023,EAU,WI,AGL,CE,Federal Contract Tower,4,1,9,0,14,0,3,22,0,25,4,4,31,0,39,22,0,22,61
07/15/2023,EAU,WI,AGL,CE,Federal Contract Tower,0,3,19,1,23,0,8,21,2,31,0,11,40,3,54,32,0,32,86
07/16/2023,EAU,WI,AGL,CE,Federal Contract Tower,0,2,19,0,21,0,2,34,0,36,0,4,53,0,57,36,0,36,93
07/17/2023,EAU,WI,AGL,CE,Federal Contract Tower,2,0,14,0,16,0,7,21,3,31,2,7,35,3,47,16,0,16,63
07/18/2023,EAU,WI,AGL,CE,Federal Contract Tower,0,2,21,6,29,0,1,52,5,58,0,3,73,11,87,4,4,8,95
07/19/2023,EAU,WI,AGL,CE,Federal Contract Tower,0,7,17,0,24,0,3,12,6,21,0,10,29,6,45,16,0,16,61
07/20/2023,EAU,WI,AGL,CE,Federal Contract Tower,0,4,17,0,21,0,0,24,0,24,0,4,41,0,45,18,0,18,63
07/21/2023,EAU,WI,AGL,CE,Federal Contract Tower,4,0,10,1,15,0,3,36,1,40,4,3,46,2,55,8,0,8,63
07/22/2023,EAU,WI,AGL,CE,Federal Contract Tower,1,4,5,0,10,0,5,21,1,27,1,9,26,1,37,34,0,34,71
07/23/2023,EAU,WI,AGL,CE,Federal Contract Tower,0,4,17,0,21,0,3,26,0,29,0,7,43,0,50,0,0,0,50
07/24/2023,EAU,WI,AGL,CE,Federal Contract Tower,2,0,11,0,13,0,0,21,6,27,2,0,32,6,40,12,0,12,52
07/25/2023,EAU,WI,AGL,CE,Federal Contract Tower,0,2,14,0,16,0,5,21,0,26,0,7,35,0,42,12,0,12,54
07/26/2023,EAU,WI,AGL,CE,Federal Contract Tower,3,0,26,0,29,0,1,38,4,43,3,1,64,4,72,12,0,12,84
07/27/2023,EAU,WI,AGL,CE,Federal Contract Tower,0,3,12,0,15,0,3,19,0,22,0,6,31,0,37,14,2,16,53
07/28/2023,EAU,WI,AGL,CE,Federal Contract Tower,4,2,13,0,19,0,5,30,0,35,4,7,43,0,54,12,0,12,66
07/29/2023,EAU,WI,AGL,CE,Federal Contract Tower,0,0,9,0,9,0,2,36,0,38,0,2,45,0,47,26,0,26,73
07/30/2023,EAU,WI,AGL,CE,Federal Contract Tower,0,5,6,0,11,0,2,39,0,41,0,7,45,0,52,42,0,42,94
07/31/2023,EAU,WI,AGL,CE,Federal Contract Tower,4,5,13,0,22,0,3,36,0,39,4,8,49,0,61,8,0,8,69
08/01/2023,EAU,WI,AGL,CE,Federal Contract Tower,0,3,17,0,20,0,2,30,1,33,0,5,47,1,53,8,0,8,61
08/02/2023,EAU,WI,AGL,CE,Federal Contract Tower,1,0,20,0,21,0,2,36,1,39,1,2,56,1,60,6,0,6,66
08/03/2023,EAU,WI,AGL,CE,Federal Contract Tower,0,2,15,0,17,0,2,36,0,38,0,4,51,0,55,26,0,26,81
08/04/2023,EAU,WI,AGL,CE,Federal Contract Tower,4,3,20,0,27,0,11,40,2,53,4,14,60,2,80,14,0,14,94
08/05/2023,EAU,WI,AGL,CE,Federal Contract Tower,0,6,5,1,12,0,4,26,13,43,0,10,31,14,55,22,0,22,77
08/06/2023,EAU,WI,AGL,CE,Federal Contract Tower,0,0,4,0,4,0,4,17,0,21,0,4,21,0,25,20,0,20,45
08/07/2023,EAU,WI,AGL,CE,Federal Contract Tower,4,1,13,1,19,0,2,18,3,23,4,3,31,4,42,6,0,6,48
08/08/2023,EAU,WI,AGL,CE,Federal Contract Tower,0,2,22,0,24,0,5,44,1,50,0,7,66,1,74,12,0,12,86
08/09/2023,EAU,WI,AGL,CE,Federal Contract Tower,1,4,12,2,19,0,4,27,0,31,1,8,39,2,50,18,0,18,68
08/10/2023,EAU,WI,AGL,CE,Federal Contract Tower,0,0,11,9,20,0,2,42,3,47,0,2,53,12,67,24,30,54,121
08/11/2023,EAU,WI,AGL,CE,Federal Contract Tower,4,2,9,2,17,0,4,7,0,11,4,6,16,2,28,2,0,2,30
08/12/2023,EAU,WI,AGL,CE,Federal Contract Tower,0,0,9,4,13,0,4,48,4,56,0,4,57,8,69,8,0,8,77
08/13/2023,EAU,WI,AGL,CE,Federal Contract Tower,0,6,11,2,19,0,5,13,0,18,0,11,24,2,37,10,0,10,47
08/14/2023,EAU,WI,AGL,CE,Federal Contract Tower,4,3,21,0,28,0,0,11,0,11,4,3,32,0,39,6,0,6,45
08/15/2023,EAU,WI,AGL,CE,Federal Contract Tower,0,3,16,10,29,0,4,41,3,48,0,7,57,13,77,16,16,32,109
08/16/2023,EAU,WI,AGL,CE,Federal Contract Tower,1,0,16,0,17,0,4,15,0,19,1,4,31,0,36,12,0,12,48
08/17/2023,EAU,WI,AGL,CE,Federal Contract Tower,0,2,19,0,21,0,3,12,2,17,0,5,31,2,38,0,0,0,38
08/18/2023,EAU,WI,AGL,CE,Federal Contract Tower,4,4,19,0,27,0,0,41,0,41,4,4,60,0,68,18,0,18,86
08/19/2023,EAU,WI,AGL,CE,Federal Contract Tower,0,0,9,0,9,0,4,21,0,25,0,4,30,0,34,10,0,10,44
08/20/2023,EAU,WI,AGL,CE,Federal Contract Tower,0,0,6,0,6,0,2,37,0,39,0,2,43,0,45,42,0,42,87
08/21/2023,EAU,WI,AGL,CE,Federal Contract Tower,4,1,11,0,16,0,6,20,0,26,4,7,31,0,42,44,0,44,86
08/22/2023,EAU,WI,AGL,CE,Federal Contract Tower,0,1,37,0,38,0,2,15,0,17,0,3,52,0,55,20,0,20,75
08/23/2023,EAU,WI,AGL,CE,Federal Contract Tower,1,9,23,1,34,0,5,21,1,27,1,14,44,2,61,20,0,20,81
08/24/2023,EAU,WI,AGL,CE,Federal Contract Tower,0,0,29,0,29,0,3,33,0,36,0,3,62,0,65,6,0,6,71
08/25/2023,EAU,WI,AGL,CE,Federal Contract Tower,4,0,21,0,25,0,0,21,0,21,4,0,42,0,46,24,0,24,70
08/26/2023,EAU,WI,AGL,CE,Federal Contract Tower,0,1,18,0,19,0,3,17,0,20,0,4,35,0,39,4,0,4,43
08/27/2023,EAU,WI,AGL,CE,Federal Contract Tower,0,0,2,0,2,0,7,61,0,68,0,7,63,0,70,40,0,40,110
08/28/2023,EAU,WI,AGL,CE,Federal Contract Tower,4,4,9,0,17,0,4,30,1,35,4,8,39,1,52,10,2,12,64
08/29/2023,EAU,WI,AGL,CE,Federal Contract Tower,0,3,17,0,20,0,5,29,0,34,0,8,46,0,54,10,0,10,64
08/30/2023,EAU,WI,AGL,CE,Federal Contract Tower,1,4,16,0,21,0,0,41,0,41,1,4,57,0,62,34,0,34,96
08/31/2023,EAU,WI,AGL,CE,Federal Contract Tower,2,0,13,6,21,0,4,27,4,35,2,4,40,10,56,0,0,0,56
