06/01/2010,ECP,FL,ASO,ES,Federal Contract Tower,20,21,2,2,45,0,0,2,6,8,20,21,4,8,53,2,8,10,63
06/02/2010,ECP,FL,ASO,ES,Federal Contract Tower,22,19,6,6,53,0,0,0,0,0,22,19,6,6,53,6,16,22,75
06/03/2010,ECP,FL,ASO,ES,Federal Contract Tower,20,19,0,8,47,0,0,2,0,2,20,19,2,8,49,0,10,10,59
06/04/2010,ECP,FL,ASO,ES,Federal Contract Tower,20,22,8,17,67,0,0,4,1,5,20,22,12,18,72,36,30,66,138
06/05/2010,ECP,FL,ASO,ES,Federal Contract Tower,21,22,8,0,51,0,0,4,0,4,21,22,12,0,55,20,0,20,75
06/06/2010,ECP,FL,ASO,ES,Federal Contract Tower,20,18,6,1,45,0,0,0,1,1,20,18,6,2,46,2,0,2,48
06/07/2010,ECP,FL,ASO,ES,Federal Contract Tower,21,18,12,11,62,0,0,2,2,4,21,18,14,13,66,4,22,26,92
06/08/2010,ECP,FL,ASO,ES,Federal Contract Tower,19,20,5,15,59,0,0,7,3,10,19,20,12,18,69,20,18,38,107
06/09/2010,ECP,FL,ASO,ES,Federal Contract Tower,25,16,26,10,77,0,0,0,0,0,25,16,26,10,77,12,10,22,99
06/10/2010,ECP,FL,ASO,ES,Federal Contract Tower,21,18,22,4,65,2,0,10,0,12,23,18,32,4,77,10,32,42,119
06/11/2010,ECP,FL,ASO,ES,Federal Contract Tower,29,14,11,34,88,0,0,4,0,4,29,14,15,34,92,20,4,24,116
06/12/2010,ECP,FL,ASO,ES,Federal Contract Tower,20,17,3,0,40,0,0,0,0,0,20,17,3,0,40,56,0,56,96
06/13/2010,ECP,FL,ASO,ES,Federal Contract Tower,20,14,0,0,34,0,0,0,0,0,20,14,0,0,34,12,0,12,46
06/14/2010,ECP,FL,ASO,ES,Federal Contract Tower,22,18,2,12,54,0,0,4,2,6,22,18,6,14,60,0,4,4,64
06/15/2010,ECP,FL,ASO,ES,Federal Contract Tower,20,15,9,2,46,0,0,2,0,2,20,15,11,2,48,2,6,8,56
06/16/2010,ECP,FL,ASO,ES,Federal Contract Tower,19,18,6,8,51,0,0,6,0,6,19,18,12,8,57,16,39,55,112
06/17/2010,ECP,FL,ASO,ES,Federal Contract Tower,22,20,14,17,73,0,0,18,14,32,22,20,32,31,105,14,14,28,133
06/18/2010,ECP,FL,ASO,ES,Federal Contract Tower,21,19,13,0,53,0,0,12,0,12,21,19,25,0,65,12,0,12,77
06/19/2010,ECP,FL,ASO,ES,Federal Contract Tower,21,21,4,0,46,0,0,0,0,0,21,21,4,0,46,8,0,8,54
06/20/2010,ECP,FL,ASO,ES,Federal Contract Tower,21,16,0,0,37,0,0,0,0,0,21,16,0,0,37,6,0,6,43
06/21/2010,ECP,FL,ASO,ES,Federal Contract Tower,21,19,2,12,54,0,0,0,0,0,21,19,2,12,54,4,0,4,58
06/22/2010,ECP,FL,ASO,ES,Federal Contract Tower,19,18,6,6,49,0,0,0,0,0,19,18,6,6,49,6,0,6,55
06/23/2010,ECP,FL,ASO,ES,Federal Contract Tower,20,17,0,2,39,0,0,10,6,16,20,17,10,8,55,14,2,16,71
06/24/2010,ECP,FL,ASO,ES,Federal Contract Tower,18,22,4,4,48,0,0,2,8,10,18,22,6,12,58,0,6,6,64
06/25/2010,ECP,FL,ASO,ES,Federal Contract Tower,20,17,0,2,39,0,0,2,24,26,20,17,2,26,65,4,0,4,69
06/26/2010,ECP,FL,ASO,ES,Federal Contract Tower,21,16,1,0,38,0,0,3,0,3,21,16,4,0,41,30,0,30,71
06/27/2010,ECP,FL,ASO,ES,Federal Contract Tower,21,14,7,0,42,0,4,0,0,4,21,18,7,0,46,12,0,12,58
06/28/2010,ECP,FL,ASO,ES,Federal Contract Tower,20,18,6,13,57,0,0,0,0,0,20,18,6,13,57,0,15,15,72
06/29/2010,ECP,FL,ASO,ES,Federal Contract Tower,18,27,21,6,72,0,0,7,0,7,18,27,28,6,79,6,6,12,91
06/30/2010,ECP,FL,ASO,ES,Federal Contract Tower,18,25,16,8,67,0,0,11,2,13,18,25,27,10,80,0,4,4,84
07/01/2010,ECP,FL,ASO,ES,Federal Contract Tower,17,31,28,8,84,0,0,8,0,8,17,31,36,8,92,0,0,0,92
07/02/2010,ECP,FL,ASO,ES,Federal Contract Tower,20,27,49,0,96,0,0,38,4,42,20,27,87,4,138,2,0,2,140
07/03/2010,ECP,FL,ASO,ES,Federal Contract Tower,22,16,27,0,65,0,0,29,0,29,22,16,56,0,94,2,0,2,96
07/04/2010,ECP,FL,ASO,ES,Federal Contract Tower,21,11,8,0,40,0,0,16,2,18,21,11,24,2,58,0,2,2,60
07/05/2010,ECP,FL,ASO,ES,Federal Contract Tower,19,21,59,0,99,0,0,11,1,12,19,21,70,1,111,18,0,18,129
07/06/2010,ECP,FL,ASO,ES,Federal Contract Tower,21,26,15,4,66,0,0,24,0,24,21,26,39,4,90,16,8,24,114
07/07/2010,ECP,FL,ASO,ES,Federal Contract Tower,19,33,41,10,103,0,0,33,2,35,19,33,74,12,138,49,18,67,205
07/08/2010,ECP,FL,ASO,ES,Federal Contract Tower,21,28,18,7,74,0,0,19,4,23,21,28,37,11,97,14,18,32,129
07/09/2010,ECP,FL,ASO,ES,Federal Contract Tower,17,29,31,23,100,0,2,33,8,43,17,31,64,31,143,4,26,30,173
07/10/2010,ECP,FL,ASO,ES,Federal Contract Tower,21,16,22,0,59,0,1,17,8,26,21,17,39,8,85,24,0,24,109
07/11/2010,ECP,FL,ASO,ES,Federal Contract Tower,20,22,47,1,90,0,1,9,6,16,20,23,56,7,106,24,8,32,138
07/12/2010,ECP,FL,ASO,ES,Federal Contract Tower,20,29,19,6,74,0,1,20,0,21,20,30,39,6,95,0,0,0,95
07/13/2010,ECP,FL,ASO,ES,Federal Contract Tower,15,29,21,4,69,30,0,0,2,32,45,29,21,6,101,0,0,0,101
07/14/2010,ECP,FL,ASO,ES,Federal Contract Tower,18,32,38,5,93,0,0,22,1,23,18,32,60,6,116,12,0,12,128
07/15/2010,ECP,FL,ASO,ES,Federal Contract Tower,19,33,34,8,94,0,0,32,1,33,19,33,66,9,127,4,27,31,158
07/16/2010,ECP,FL,ASO,ES,Federal Contract Tower,18,33,31,4,86,0,0,26,3,29,18,33,57,7,115,14,0,14,129
07/17/2010,ECP,FL,ASO,ES,Federal Contract Tower,20,25,31,0,76,0,0,15,2,17,20,25,46,2,93,4,0,4,97
07/18/2010,ECP,FL,ASO,ES,Federal Contract Tower,18,22,29,1,70,0,0,34,0,34,18,22,63,1,104,0,0,0,104
07/19/2010,ECP,FL,ASO,ES,Federal Contract Tower,19,29,23,3,74,0,0,13,4,17,19,29,36,7,91,6,14,20,111
07/20/2010,ECP,FL,ASO,ES,Federal Contract Tower,20,30,20,4,74,0,1,21,0,22,20,31,41,4,96,0,8,8,104
07/21/2010,ECP,FL,ASO,ES,Federal Contract Tower,20,26,28,7,81,0,0,20,1,21,20,26,48,8,102,26,6,32,134
07/22/2010,ECP,FL,ASO,ES,Federal Contract Tower,19,28,33,14,94,0,0,47,0,47,19,28,80,14,141,20,2,22,163
07/23/2010,ECP,FL,ASO,ES,Federal Contract Tower,18,30,39,6,93,0,1,27,0,28,18,31,66,6,121,18,24,42,163
07/24/2010,ECP,FL,ASO,ES,Federal Contract Tower,23,22,19,0,64,0,2,48,2,52,23,24,67,2,116,14,0,14,130
07/25/2010,ECP,FL,ASO,ES,Federal Contract Tower,18,15,36,0,69,0,0,37,0,37,18,15,73,0,106,6,0,6,112
07/26/2010,ECP,FL,ASO,ES,Federal Contract Tower,21,26,17,5,69,0,3,18,6,27,21,29,35,11,96,22,8,30,126
07/27/2010,ECP,FL,ASO,ES,Federal Contract Tower,20,25,26,20,91,0,0,17,5,22,20,25,43,25,113,10,46,56,169
07/28/2010,ECP,FL,ASO,ES,Federal Contract Tower,20,25,27,5,77,0,0,34,2,36,20,25,61,7,113,34,24,58,171
07/29/2010,ECP,FL,ASO,ES,Federal Contract Tower,17,35,32,8,92,0,0,20,0,20,17,35,52,8,112,10,26,36,148
07/30/2010,ECP,FL,ASO,ES,Federal Contract Tower,19,33,46,10,108,0,0,28,2,30,19,33,74,12,138,6,5,11,149
07/31/2010,ECP,FL,ASO,ES,Federal Contract Tower,21,17,18,2,58,0,0,25,0,25,21,17,43,2,83,21,0,21,104
08/01/2010,ECP,FL,ASO,ES,Federal Contract Tower,18,28,31,0,77,0,0,34,0,34,18,28,65,0,111,10,0,10,121
08/02/2010,ECP,FL,ASO,ES,Federal Contract Tower,17,28,13,2,60,0,2,13,0,15,17,30,26,2,75,0,0,0,75
08/03/2010,ECP,FL,ASO,ES,Federal Contract Tower,21,31,24,2,78,0,0,13,3,16,21,31,37,5,94,18,10,28,122
08/04/2010,ECP,FL,ASO,ES,Federal Contract Tower,23,33,24,3,83,0,0,10,0,10,23,33,34,3,93,22,0,22,115
08/05/2010,ECP,FL,ASO,ES,Federal Contract Tower,20,33,20,5,78,0,2,25,1,28,20,35,45,6,106,34,0,34,140
08/06/2010,ECP,FL,ASO,ES,Federal Contract Tower,19,25,28,2,74,0,0,23,0,23,19,25,51,2,97,20,6,26,123
08/07/2010,ECP,FL,ASO,ES,Federal Contract Tower,24,17,17,0,58,0,0,22,0,22,24,17,39,0,80,18,0,18,98
08/08/2010,ECP,FL,ASO,ES,Federal Contract Tower,20,25,28,0,73,0,0,21,0,21,20,25,49,0,94,6,0,6,100
08/09/2010,ECP,FL,ASO,ES,Federal Contract Tower,19,25,36,4,84,0,0,0,16,16,19,25,36,20,100,2,24,26,126
08/10/2010,ECP,FL,ASO,ES,Federal Contract Tower,21,24,30,4,79,0,2,11,10,23,21,26,41,14,102,4,10,14,116
08/11/2010,ECP,FL,ASO,ES,Federal Contract Tower,23,36,20,2,81,0,0,17,3,20,23,36,37,5,101,6,16,22,123
08/12/2010,ECP,FL,ASO,ES,Federal Contract Tower,19,25,15,16,75,0,0,4,0,4,19,25,19,16,79,0,22,22,101
08/13/2010,ECP,FL,ASO,ES,Federal Contract Tower,25,26,21,4,76,0,0,7,2,9,25,26,28,6,85,0,16,16,101
08/14/2010,ECP,FL,ASO,ES,Federal Contract Tower,22,20,17,2,61,0,0,0,1,1,22,20,17,3,62,0,0,0,62
08/15/2010,ECP,FL,ASO,ES,Federal Contract Tower,20,25,21,3,69,0,0,0,5,5,20,25,21,8,74,0,0,0,74
08/16/2010,ECP,FL,ASO,ES,Federal Contract Tower,20,28,17,2,67,0,0,20,4,24,20,28,37,6,91,4,30,34,125
08/17/2010,ECP,FL,ASO,ES,Federal Contract Tower,21,29,20,4,74,0,0,23,4,27,21,29,43,8,101,8,2,10,111
08/18/2010,ECP,FL,ASO,ES,Federal Contract Tower,19,27,11,5,62,0,0,9,0,9,19,27,20,5,71,4,6,10,81
08/19/2010,ECP,FL,ASO,ES,Federal Contract Tower,20,28,23,5,76,0,0,12,0,12,20,28,35,5,88,0,18,18,106
08/20/2010,ECP,FL,ASO,ES,Federal Contract Tower,22,27,21,0,70,0,2,9,0,11,22,29,30,0,81,0,0,0,81
08/21/2010,ECP,FL,ASO,ES,Federal Contract Tower,21,19,26,0,66,0,3,14,0,17,21,22,40,0,83,8,0,8,91
08/22/2010,ECP,FL,ASO,ES,Federal Contract Tower,23,19,21,0,63,0,0,31,0,31,23,19,52,0,94,6,0,6,100
08/23/2010,ECP,FL,ASO,ES,Federal Contract Tower,21,21,18,4,64,0,1,13,8,22,21,22,31,12,86,0,14,14,100
08/24/2010,ECP,FL,ASO,ES,Federal Contract Tower,22,31,24,12,89,0,1,14,3,18,22,32,38,15,107,6,20,26,133
08/25/2010,ECP,FL,ASO,ES,Federal Contract Tower,22,25,33,4,84,0,0,34,2,36,22,25,67,6,120,6,8,14,134
08/26/2010,ECP,FL,ASO,ES,Federal Contract Tower,21,25,19,1,66,0,2,10,3,15,21,27,29,4,81,4,12,16,97
08/27/2010,ECP,FL,ASO,ES,Federal Contract Tower,22,29,37,6,94,0,0,9,0,9,22,29,46,6,103,12,0,12,115
08/28/2010,ECP,FL,ASO,ES,Federal Contract Tower,24,15,15,0,54,0,0,9,2,11,24,15,24,2,65,12,0,12,77
08/29/2010,ECP,FL,ASO,ES,Federal Contract Tower,22,17,26,0,65,0,0,13,0,13,22,17,39,0,78,4,0,4,82
08/30/2010,ECP,FL,ASO,ES,Federal Contract Tower,21,25,9,2,57,0,1,9,0,10,21,26,18,2,67,14,0,14,81
08/31/2010,ECP,FL,ASO,ES,Federal Contract Tower,21,29,14,8,72,0,0,12,0,12,21,29,26,8,84,6,0,6,90
09/01/2010,ECP,FL,ASO,ES,Federal Contract Tower,18,31,26,29,104,0,1,22,4,27,18,32,48,33,131,50,112,162,293
09/02/2010,ECP,FL,ASO,ES,Federal Contract Tower,19,28,38,8,93,0,1,45,0,46,19,29,83,8,139,50,16,66,205
09/03/2010,ECP,FL,ASO,ES,Federal Contract Tower,21,25,67,4,117,0,0,36,5,41,21,25,103,9,158,15,16,31,189
09/04/2010,ECP,FL,ASO,ES,Federal Contract Tower,24,20,26,0,70,0,11,18,2,31,24,31,44,2,101,12,0,12,113
09/05/2010,ECP,FL,ASO,ES,Federal Contract Tower,22,13,14,0,49,0,2,48,2,52,22,15,62,2,101,50,0,50,151
09/06/2010,ECP,FL,ASO,ES,Federal Contract Tower,23,17,69,0,109,0,0,66,0,66,23,17,135,0,175,6,6,12,187
09/07/2010,ECP,FL,ASO,ES,Federal Contract Tower,24,24,38,2,88,0,0,26,0,26,24,24,64,2,114,42,0,42,156
09/08/2010,ECP,FL,ASO,ES,Federal Contract Tower,17,32,25,1,75,0,0,28,3,31,17,32,53,4,106,20,24,44,150
09/09/2010,ECP,FL,ASO,ES,Federal Contract Tower,20,29,19,9,77,0,0,33,1,34,20,29,52,10,111,34,0,34,145
09/10/2010,ECP,FL,ASO,ES,Federal Contract Tower,20,31,21,4,76,0,0,33,3,36,20,31,54,7,112,26,4,30,142
09/11/2010,ECP,FL,ASO,ES,Federal Contract Tower,21,21,21,0,63,0,4,22,0,26,21,25,43,0,89,12,0,12,101
09/12/2010,ECP,FL,ASO,ES,Federal Contract Tower,20,18,34,0,72,0,0,40,0,40,20,18,74,0,112,14,0,14,126
09/13/2010,ECP,FL,ASO,ES,Federal Contract Tower,20,26,25,8,79,0,0,20,0,20,20,26,45,8,99,24,12,36,135
09/14/2010,ECP,FL,ASO,ES,Federal Contract Tower,20,29,28,9,86,0,0,22,1,23,20,29,50,10,109,18,8,26,135
09/15/2010,ECP,FL,ASO,ES,Federal Contract Tower,20,39,34,8,101,0,1,25,0,26,20,40,59,8,127,37,0,37,164
09/16/2010,ECP,FL,ASO,ES,Federal Contract Tower,19,28,42,4,93,0,3,26,2,31,19,31,68,6,124,24,0,24,148
09/17/2010,ECP,FL,ASO,ES,Federal Contract Tower,19,31,36,6,92,0,3,27,0,30,19,34,63,6,122,12,14,26,148
09/18/2010,ECP,FL,ASO,ES,Federal Contract Tower,22,15,15,0,52,0,1,36,0,37,22,16,51,0,89,40,0,40,129
09/19/2010,ECP,FL,ASO,ES,Federal Contract Tower,21,28,25,0,74,0,0,34,0,34,21,28,59,0,108,18,12,30,138
09/20/2010,ECP,FL,ASO,ES,Federal Contract Tower,19,28,13,6,66,0,0,18,2,20,19,28,31,8,86,18,12,30,116
09/21/2010,ECP,FL,ASO,ES,Federal Contract Tower,20,27,18,4,69,0,1,23,0,24,20,28,41,4,93,24,0,24,117
09/22/2010,ECP,FL,ASO,ES,Federal Contract Tower,20,33,27,21,101,0,2,22,0,24,20,35,49,21,125,39,36,75,200
09/23/2010,ECP,FL,ASO,ES,Federal Contract Tower,20,29,12,5,66,0,0,23,8,31,20,29,35,13,97,8,8,16,113
09/24/2010,ECP,FL,ASO,ES,Federal Contract Tower,19,31,49,19,118,0,0,30,3,33,19,31,79,22,151,10,22,32,183
09/25/2010,ECP,FL,ASO,ES,Federal Contract Tower,20,19,7,0,46,0,2,26,0,28,20,21,33,0,74,14,0,14,88
09/26/2010,ECP,FL,ASO,ES,Federal Contract Tower,20,17,22,1,60,0,0,13,0,13,20,17,35,1,73,2,0,2,75
09/27/2010,ECP,FL,ASO,ES,Federal Contract Tower,19,26,24,4,73,0,0,15,0,15,19,26,39,4,88,0,0,0,88
09/28/2010,ECP,FL,ASO,ES,Federal Contract Tower,25,26,24,0,75,0,0,29,0,29,25,26,53,0,104,14,0,14,118
09/29/2010,ECP,FL,ASO,ES,Federal Contract Tower,20,32,24,10,86,0,0,41,2,43,20,32,65,12,129,32,44,76,205
09/30/2010,ECP,FL,ASO,ES,Federal Contract Tower,19,27,33,0,79,0,4,48,0,52,19,31,81,0,131,53,0,53,184
10/01/2010,ECP,FL,ASO,ES,Federal Contract Tower,22,33,42,0,97,0,4,68,0,72,22,37,110,0,169,50,6,56,225
10/02/2010,ECP,FL,ASO,ES,Federal Contract Tower,21,18,17,0,56,0,2,45,0,47,21,20,62,0,103,17,0,17,120
10/03/2010,ECP,FL,ASO,ES,Federal Contract Tower,18,22,35,0,75,0,0,44,4,48,18,22,79,4,123,28,12,40,163
10/04/2010,ECP,FL,ASO,ES,Federal Contract Tower,22,24,22,10,78,0,0,33,8,41,22,24,55,18,119,58,8,66,185
10/05/2010,ECP,FL,ASO,ES,Federal Contract Tower,18,31,25,9,83,0,0,17,1,18,18,31,42,10,101,52,12,64,165
10/06/2010,ECP,FL,ASO,ES,Federal Contract Tower,21,32,15,5,73,0,0,25,3,28,21,32,40,8,101,38,16,54,155
10/07/2010,ECP,FL,ASO,ES,Federal Contract Tower,21,31,34,5,91,0,0,42,0,42,21,31,76,5,133,72,21,93,226
10/08/2010,ECP,FL,ASO,ES,Federal Contract Tower,20,33,47,6,106,0,4,49,4,57,20,37,96,10,163,37,24,61,224
10/09/2010,ECP,FL,ASO,ES,Federal Contract Tower,20,19,24,0,63,0,2,41,2,45,20,21,65,2,108,38,0,38,146
10/10/2010,ECP,FL,ASO,ES,Federal Contract Tower,21,22,51,0,94,0,2,58,0,60,21,24,109,0,154,14,0,14,168
10/11/2010,ECP,FL,ASO,ES,Federal Contract Tower,20,28,36,0,84,0,0,37,0,37,20,28,73,0,121,6,0,6,127
10/12/2010,ECP,FL,ASO,ES,Federal Contract Tower,20,28,14,8,70,0,0,12,0,12,20,28,26,8,82,8,4,12,94
10/13/2010,ECP,FL,ASO,ES,Federal Contract Tower,21,29,23,17,90,0,0,19,2,21,21,29,42,19,111,14,18,32,143
10/14/2010,ECP,FL,ASO,ES,Federal Contract Tower,20,34,41,16,111,0,1,25,3,29,20,35,66,19,140,11,60,71,211
10/15/2010,ECP,FL,ASO,ES,Federal Contract Tower,22,28,31,6,87,0,0,33,0,33,22,28,64,6,120,38,14,52,172
10/16/2010,ECP,FL,ASO,ES,Federal Contract Tower,22,15,12,0,49,0,3,50,0,53,22,18,62,0,102,62,0,62,164
10/17/2010,ECP,FL,ASO,ES,Federal Contract Tower,21,21,26,0,68,0,0,35,0,35,21,21,61,0,103,37,8,45,148
10/18/2010,ECP,FL,ASO,ES,Federal Contract Tower,21,30,19,8,78,0,0,29,2,31,21,30,48,10,109,0,50,50,159
10/19/2010,ECP,FL,ASO,ES,Federal Contract Tower,19,31,27,12,89,0,0,27,2,29,19,31,54,14,118,10,32,42,160
10/20/2010,ECP,FL,ASO,ES,Federal Contract Tower,19,28,19,16,82,0,1,35,0,36,19,29,54,16,118,36,49,85,203
10/21/2010,ECP,FL,ASO,ES,Federal Contract Tower,19,29,37,7,92,0,0,27,0,27,19,29,64,7,119,52,18,70,189
10/22/2010,ECP,FL,ASO,ES,Federal Contract Tower,20,28,45,9,102,0,2,38,0,40,20,30,83,9,142,52,30,82,224
10/23/2010,ECP,FL,ASO,ES,Federal Contract Tower,21,18,19,3,61,0,0,44,0,44,21,18,63,3,105,36,4,40,145
10/24/2010,ECP,FL,ASO,ES,Federal Contract Tower,21,21,33,3,78,0,0,32,0,32,21,21,65,3,110,12,0,12,122
10/25/2010,ECP,FL,ASO,ES,Federal Contract Tower,23,27,16,19,85,0,0,13,0,13,23,27,29,19,98,26,36,62,160
10/26/2010,ECP,FL,ASO,ES,Federal Contract Tower,22,32,19,2,75,0,0,9,0,9,22,32,28,2,84,34,0,34,118
10/27/2010,ECP,FL,ASO,ES,Federal Contract Tower,19,26,26,18,89,0,0,3,0,3,19,26,29,18,92,10,0,10,102
10/28/2010,ECP,FL,ASO,ES,Federal Contract Tower,20,29,25,12,86,0,0,7,12,19,20,29,32,24,105,0,0,0,105
10/29/2010,ECP,FL,ASO,ES,Federal Contract Tower,22,36,33,7,98,0,0,44,0,44,22,36,77,7,142,23,3,26,168
10/30/2010,ECP,FL,ASO,ES,Federal Contract Tower,21,16,23,0,60,0,0,45,0,45,21,16,68,0,105,34,0,34,139
10/31/2010,ECP,FL,ASO,ES,Federal Contract Tower,23,18,46,0,87,0,0,42,0,42,23,18,88,0,129,42,20,62,191
11/01/2010,ECP,FL,ASO,ES,Federal Contract Tower,21,31,33,6,91,0,0,35,0,35,21,31,68,6,126,64,0,64,190
11/02/2010,ECP,FL,ASO,ES,Federal Contract Tower,20,30,27,56,133,0,0,23,0,23,20,30,50,56,156,24,64,88,244
11/03/2010,ECP,FL,ASO,ES,Federal Contract Tower,20,32,26,6,84,0,0,0,0,0,20,32,26,6,84,0,0,0,84
11/04/2010,ECP,FL,ASO,ES,Federal Contract Tower,21,34,36,5,96,0,0,6,2,8,21,34,42,7,104,8,4,12,116
11/05/2010,ECP,FL,ASO,ES,Federal Contract Tower,19,32,53,8,112,0,0,57,1,58,19,32,110,9,170,0,10,10,180
11/06/2010,ECP,FL,ASO,ES,Federal Contract Tower,19,24,18,0,61,0,0,27,0,27,19,24,45,0,88,76,14,90,178
11/07/2010,ECP,FL,ASO,ES,Federal Contract Tower,22,20,45,2,89,0,0,64,3,67,22,20,109,5,156,36,16,52,208
11/08/2010,ECP,FL,ASO,ES,Federal Contract Tower,20,36,19,10,85,0,0,27,2,29,20,36,46,12,114,34,16,50,164
11/09/2010,ECP,FL,ASO,ES,Federal Contract Tower,20,34,22,13,89,0,0,23,2,25,20,34,45,15,114,10,48,58,172
11/10/2010,ECP,FL,ASO,ES,Federal Contract Tower,20,29,28,21,98,0,0,43,13,56,20,29,71,34,154,16,8,24,178
11/11/2010,ECP,FL,ASO,ES,Federal Contract Tower,19,23,35,0,77,0,0,27,0,27,19,23,62,0,104,22,0,22,126
11/12/2010,ECP,FL,ASO,ES,Federal Contract Tower,20,28,23,0,71,0,0,29,0,29,20,28,52,0,100,22,0,22,122
11/13/2010,ECP,FL,ASO,ES,Federal Contract Tower,20,18,26,0,64,0,1,34,0,35,20,19,60,0,99,30,0,30,129
11/14/2010,ECP,FL,ASO,ES,Federal Contract Tower,19,26,33,0,78,0,0,39,4,43,19,26,72,4,121,18,4,22,143
11/15/2010,ECP,FL,ASO,ES,Federal Contract Tower,20,31,22,21,94,0,0,13,60,73,20,31,35,81,167,2,0,2,169
11/16/2010,ECP,FL,ASO,ES,Federal Contract Tower,18,31,19,0,68,0,3,3,1,7,18,34,22,1,75,0,0,0,75
11/17/2010,ECP,FL,ASO,ES,Federal Contract Tower,21,28,28,32,109,0,0,33,0,33,21,28,61,32,142,26,32,58,200
11/18/2010,ECP,FL,ASO,ES,Federal Contract Tower,21,34,34,9,98,0,0,24,2,26,21,34,58,11,124,49,32,81,205
11/19/2010,ECP,FL,ASO,ES,Federal Contract Tower,21,35,37,0,93,0,4,21,1,26,21,39,58,1,119,2,0,2,121
11/20/2010,ECP,FL,ASO,ES,Federal Contract Tower,21,17,30,4,72,0,0,41,0,41,21,17,71,4,113,25,12,37,150
11/21/2010,ECP,FL,ASO,ES,Federal Contract Tower,22,25,23,2,72,0,2,18,2,22,22,27,41,4,94,30,2,32,126
11/22/2010,ECP,FL,ASO,ES,Federal Contract Tower,19,29,34,23,105,0,1,19,2,22,19,30,53,25,127,24,22,46,173
11/23/2010,ECP,FL,ASO,ES,Federal Contract Tower,20,43,39,22,124,0,2,21,2,25,20,45,60,24,149,20,4,24,173
11/24/2010,ECP,FL,ASO,ES,Federal Contract Tower,22,28,55,10,115,0,0,13,0,13,22,28,68,10,128,0,14,14,142
11/25/2010,ECP,FL,ASO,ES,Federal Contract Tower,19,11,12,0,42,0,0,4,0,4,19,11,16,0,46,6,0,6,52
11/26/2010,ECP,FL,ASO,ES,Federal Contract Tower,21,27,17,0,65,0,0,5,0,5,21,27,22,0,70,0,0,0,70
11/27/2010,ECP,FL,ASO,ES,Federal Contract Tower,22,20,21,0,63,0,1,28,0,29,22,21,49,0,92,33,0,33,125
11/28/2010,ECP,FL,ASO,ES,Federal Contract Tower,19,26,41,0,86,0,0,43,0,43,19,26,84,0,129,15,0,15,144
11/29/2010,ECP,FL,ASO,ES,Federal Contract Tower,20,28,27,29,104,0,0,1,6,7,20,28,28,35,111,0,30,30,141
11/30/2010,ECP,FL,ASO,ES,Federal Contract Tower,21,28,9,6,64,0,0,0,0,0,21,28,9,6,64,0,0,0,64
12/01/2010,ECP,FL,ASO,ES,Federal Contract Tower,20,24,18,2,64,0,7,12,0,19,20,31,30,2,83,4,0,4,87
12/02/2010,ECP,FL,ASO,ES,Federal Contract Tower,21,29,21,0,71,0,3,24,2,29,21,32,45,2,100,43,0,43,143
12/03/2010,ECP,FL,ASO,ES,Federal Contract Tower,20,28,27,4,79,0,3,22,0,25,20,31,49,4,104,15,18,33,137
12/04/2010,ECP,FL,ASO,ES,Federal Contract Tower,21,16,14,0,51,0,0,29,0,29,21,16,43,0,80,14,0,14,94
12/05/2010,ECP,FL,ASO,ES,Federal Contract Tower,19,24,8,0,51,0,0,17,0,17,19,24,25,0,68,8,0,8,76
12/06/2010,ECP,FL,ASO,ES,Federal Contract Tower,19,29,16,4,68,0,3,22,0,25,19,32,38,4,93,18,0,18,111
12/07/2010,ECP,FL,ASO,ES,Federal Contract Tower,20,23,14,13,70,0,5,13,3,21,20,28,27,16,91,6,30,36,127
12/08/2010,ECP,FL,ASO,ES,Federal Contract Tower,20,28,18,7,73,0,4,7,0,11,20,32,25,7,84,2,30,32,116
12/09/2010,ECP,FL,ASO,ES,Federal Contract Tower,20,27,17,16,80,0,3,29,0,32,20,30,46,16,112,22,12,34,146
12/10/2010,ECP,FL,ASO,ES,Federal Contract Tower,20,28,12,5,65,0,2,25,0,27,20,30,37,5,92,12,10,22,114
12/11/2010,ECP,FL,ASO,ES,Federal Contract Tower,20,18,14,0,52,0,0,24,0,24,20,18,38,0,76,8,0,8,84
12/12/2010,ECP,FL,ASO,ES,Federal Contract Tower,15,19,13,0,47,0,0,4,0,4,15,19,17,0,51,0,0,0,51
12/13/2010,ECP,FL,ASO,ES,Federal Contract Tower,19,24,11,2,56,0,0,7,0,7,19,24,18,2,63,0,14,14,77
12/14/2010,ECP,FL,ASO,ES,Federal Contract Tower,18,29,18,10,75,0,2,16,2,20,18,31,34,12,95,10,8,18,113
12/15/2010,ECP,FL,ASO,ES,Federal Contract Tower,20,28,20,14,82,0,2,14,4,20,20,30,34,18,102,0,76,76,178
12/16/2010,ECP,FL,ASO,ES,Federal Contract Tower,19,32,22,11,84,0,0,18,0,18,19,32,40,11,102,0,26,26,128
12/17/2010,ECP,FL,ASO,ES,Federal Contract Tower,21,31,17,2,71,0,0,0,1,1,21,31,17,3,72,0,0,0,72
12/18/2010,ECP,FL,ASO,ES,Federal Contract Tower,18,20,10,0,48,0,0,0,0,0,18,20,10,0,48,0,0,0,48
12/19/2010,ECP,FL,ASO,ES,Federal Contract Tower,18,23,17,2,60,0,0,31,0,31,18,23,48,2,91,40,0,40,131
12/20/2010,ECP,FL,ASO,ES,Federal Contract Tower,24,39,31,0,94,0,0,16,0,16,24,39,47,0,110,24,0,24,134
12/21/2010,ECP,FL,ASO,ES,Federal Contract Tower,18,31,5,8,62,0,2,21,2,25,18,33,26,10,87,20,14,34,121
12/22/2010,ECP,FL,ASO,ES,Federal Contract Tower,19,31,25,0,75,0,2,15,3,20,19,33,40,3,95,4,44,48,143
12/23/2010,ECP,FL,ASO,ES,Federal Contract Tower,16,32,11,0,59,0,2,24,0,26,16,34,35,0,85,0,0,0,85
12/24/2010,ECP,FL,ASO,ES,Federal Contract Tower,17,26,7,0,50,0,2,19,0,21,17,28,26,0,71,10,0,10,81
12/25/2010,ECP,FL,ASO,ES,Federal Contract Tower,18,8,3,0,29,0,0,0,0,0,18,8,3,0,29,0,0,0,29
12/26/2010,ECP,FL,ASO,ES,Federal Contract Tower,16,17,20,0,53,0,0,6,0,6,16,17,26,0,59,0,0,0,59
12/27/2010,ECP,FL,ASO,ES,Federal Contract Tower,17,31,25,0,73,0,1,14,0,15,17,32,39,0,88,0,20,20,108
12/28/2010,ECP,FL,ASO,ES,Federal Contract Tower,16,33,24,0,73,0,1,32,0,33,16,34,56,0,106,28,0,28,134
12/29/2010,ECP,FL,ASO,ES,Federal Contract Tower,17,32,15,4,68,0,4,24,0,28,17,36,39,4,96,36,0,36,132
12/30/2010,ECP,FL,ASO,ES,Federal Contract Tower,17,38,33,0,88,0,0,13,0,13,17,38,46,0,101,18,0,18,119
12/31/2010,ECP,FL,ASO,ES,Federal Contract Tower,18,26,35,0,79,0,0,32,0,32,18,26,67,0,111,2,0,2,113
01/01/2011,ECP,FL,ASO,ES,Federal Contract Tower,18,19,9,0,46,0,0,1,0,1,18,19,10,0,47,0,0,0,47
01/02/2011,ECP,FL,ASO,ES,Federal Contract Tower,14,30,29,4,77,0,0,16,0,16,14,30,45,4,93,18,0,18,111
01/03/2011,ECP,FL,ASO,ES,Federal Contract Tower,18,29,9,0,56,0,5,18,0,23,18,34,27,0,79,10,0,10,89
01/04/2011,ECP,FL,ASO,ES,Federal Contract Tower,19,35,17,13,84,0,2,28,1,31,19,37,45,14,115,0,24,24,139
01/05/2011,ECP,FL,ASO,ES,Federal Contract Tower,19,28,7,9,63,0,0,1,2,3,19,28,8,11,66,0,12,12,78
01/06/2011,ECP,FL,ASO,ES,Federal Contract Tower,20,28,16,0,64,0,4,16,0,20,20,32,32,0,84,35,0,35,119
01/07/2011,ECP,FL,ASO,ES,Federal Contract Tower,20,24,9,16,69,0,4,17,2,23,20,28,26,18,92,0,0,0,92
01/08/2011,ECP,FL,ASO,ES,Federal Contract Tower,20,15,23,0,58,0,0,49,0,49,20,15,72,0,107,8,4,12,119
01/09/2011,ECP,FL,ASO,ES,Federal Contract Tower,19,17,15,0,51,0,4,14,0,18,19,21,29,0,69,6,0,6,75
01/10/2011,ECP,FL,ASO,ES,Federal Contract Tower,18,15,5,4,42,0,0,0,0,0,18,15,5,4,42,0,0,0,42
01/11/2011,ECP,FL,ASO,ES,Federal Contract Tower,16,19,15,0,50,0,0,0,2,2,16,19,15,2,52,0,20,20,72
01/12/2011,ECP,FL,ASO,ES,Federal Contract Tower,18,21,17,1,57,0,4,11,0,15,18,25,28,1,72,6,0,6,78
01/13/2011,ECP,FL,ASO,ES,Federal Contract Tower,22,27,24,6,79,0,3,20,2,25,22,30,44,8,104,4,26,30,134
01/14/2011,ECP,FL,ASO,ES,Federal Contract Tower,20,26,27,0,73,0,6,27,6,39,20,32,54,6,112,20,8,28,140
01/15/2011,ECP,FL,ASO,ES,Federal Contract Tower,17,16,19,4,56,0,0,17,0,17,17,16,36,4,73,42,0,42,115
01/16/2011,ECP,FL,ASO,ES,Federal Contract Tower,18,16,20,5,59,0,0,26,8,34,18,16,46,13,93,26,0,26,119
01/17/2011,ECP,FL,ASO,ES,Federal Contract Tower,17,21,20,1,59,0,0,0,0,0,17,21,20,1,59,0,0,0,59
01/18/2011,ECP,FL,ASO,ES,Federal Contract Tower,13,26,20,5,64,0,0,0,0,0,13,26,20,5,64,0,0,0,64
01/19/2011,ECP,FL,ASO,ES,Federal Contract Tower,17,30,27,15,89,0,2,14,0,16,17,32,41,15,105,50,48,98,203
01/20/2011,ECP,FL,ASO,ES,Federal Contract Tower,20,29,29,11,89,0,0,14,3,17,20,29,43,14,106,40,56,96,202
01/21/2011,ECP,FL,ASO,ES,Federal Contract Tower,18,28,20,3,69,0,2,9,6,17,18,30,29,9,86,0,0,0,86
01/22/2011,ECP,FL,ASO,ES,Federal Contract Tower,20,14,9,0,43,0,0,19,0,19,20,14,28,0,62,18,0,18,80
01/23/2011,ECP,FL,ASO,ES,Federal Contract Tower,19,18,18,0,55,0,0,35,4,39,19,18,53,4,94,20,2,22,116
01/24/2011,ECP,FL,ASO,ES,Federal Contract Tower,20,29,16,14,79,0,3,19,2,24,20,32,35,16,103,44,0,44,147
01/25/2011,ECP,FL,ASO,ES,Federal Contract Tower,20,29,7,0,56,0,0,0,0,0,20,29,7,0,56,0,0,0,56
01/26/2011,ECP,FL,ASO,ES,Federal Contract Tower,19,30,26,3,78,0,3,8,5,16,19,33,34,8,94,28,26,54,148
01/27/2011,ECP,FL,ASO,ES,Federal Contract Tower,20,29,32,7,88,0,3,23,0,26,20,32,55,7,114,20,0,20,134
01/28/2011,ECP,FL,ASO,ES,Federal Contract Tower,20,30,25,4,79,0,4,30,0,34,20,34,55,4,113,42,0,42,155
01/29/2011,ECP,FL,ASO,ES,Federal Contract Tower,20,14,28,4,66,0,0,56,0,56,20,14,84,4,122,12,0,12,134
01/30/2011,ECP,FL,ASO,ES,Federal Contract Tower,20,15,26,3,64,0,0,10,9,19,20,15,36,12,83,44,0,44,127
01/31/2011,ECP,FL,ASO,ES,Federal Contract Tower,18,31,22,19,90,0,0,1,2,3,18,31,23,21,93,0,6,6,99
02/01/2011,ECP,FL,ASO,ES,Federal Contract Tower,23,31,15,48,117,0,0,10,0,10,23,31,25,48,127,4,140,144,271
02/02/2011,ECP,FL,ASO,ES,Federal Contract Tower,20,30,29,3,82,0,1,10,0,11,20,31,39,3,93,34,34,68,161
02/03/2011,ECP,FL,ASO,ES,Federal Contract Tower,20,38,17,17,92,0,0,13,0,13,20,38,30,17,105,8,4,12,117
02/04/2011,ECP,FL,ASO,ES,Federal Contract Tower,17,12,26,3,58,0,0,0,0,0,17,12,26,3,58,0,0,0,58
02/05/2011,ECP,FL,ASO,ES,Federal Contract Tower,22,16,15,2,55,0,0,0,0,0,22,16,15,2,55,0,0,0,55
02/06/2011,ECP,FL,ASO,ES,Federal Contract Tower,21,20,17,2,60,0,0,35,0,35,21,20,52,2,95,6,0,6,101
02/07/2011,ECP,FL,ASO,ES,Federal Contract Tower,20,28,8,16,72,0,0,7,0,7,20,28,15,16,79,28,0,28,107
02/08/2011,ECP,FL,ASO,ES,Federal Contract Tower,19,28,31,19,97,0,1,24,3,28,19,29,55,22,125,4,0,4,129
02/09/2011,ECP,FL,ASO,ES,Federal Contract Tower,20,25,21,16,82,0,1,22,14,37,20,26,43,30,119,24,35,59,178
02/10/2011,ECP,FL,ASO,ES,Federal Contract Tower,20,24,24,6,74,0,0,2,0,2,20,24,26,6,76,26,0,26,102
02/11/2011,ECP,FL,ASO,ES,Federal Contract Tower,20,30,22,6,78,0,6,40,5,51,20,36,62,11,129,76,4,80,209
02/12/2011,ECP,FL,ASO,ES,Federal Contract Tower,20,17,25,0,62,0,1,55,2,58,20,18,80,2,120,64,0,64,184
02/13/2011,ECP,FL,ASO,ES,Federal Contract Tower,19,18,20,0,57,0,0,57,0,57,19,18,77,0,114,64,0,64,178
02/14/2011,ECP,FL,ASO,ES,Federal Contract Tower,18,26,19,10,73,0,1,32,5,38,18,27,51,15,111,26,14,40,151
02/15/2011,ECP,FL,ASO,ES,Federal Contract Tower,20,24,30,11,85,0,2,28,1,31,20,26,58,12,116,44,42,86,202
02/16/2011,ECP,FL,ASO,ES,Federal Contract Tower,19,21,34,4,78,0,0,0,0,0,19,21,34,4,78,8,0,8,86
02/17/2011,ECP,FL,ASO,ES,Federal Contract Tower,20,34,37,20,111,0,2,28,2,32,20,36,65,22,143,42,24,66,209
02/18/2011,ECP,FL,ASO,ES,Federal Contract Tower,19,30,41,12,102,0,1,36,0,37,19,31,77,12,139,24,38,62,201
02/19/2011,ECP,FL,ASO,ES,Federal Contract Tower,21,15,27,6,69,0,1,36,2,39,21,16,63,8,108,87,6,93,201
02/20/2011,ECP,FL,ASO,ES,Federal Contract Tower,20,15,33,0,68,0,0,37,0,37,20,15,70,0,105,18,4,22,127
02/21/2011,ECP,FL,ASO,ES,Federal Contract Tower,20,23,29,2,74,0,0,11,0,11,20,23,40,2,85,20,0,20,105
02/22/2011,ECP,FL,ASO,ES,Federal Contract Tower,18,20,19,12,69,0,1,14,1,16,18,21,33,13,85,18,10,28,113
02/23/2011,ECP,FL,ASO,ES,Federal Contract Tower,21,24,30,6,81,0,2,19,2,23,21,26,49,8,104,30,0,30,134
02/24/2011,ECP,FL,ASO,ES,Federal Contract Tower,20,27,28,8,83,0,0,8,2,10,20,27,36,10,93,6,12,18,111
02/25/2011,ECP,FL,ASO,ES,Federal Contract Tower,19,28,27,2,76,0,0,14,0,14,19,28,41,2,90,53,8,61,151
02/26/2011,ECP,FL,ASO,ES,Federal Contract Tower,20,17,27,0,64,0,5,35,0,40,20,22,62,0,104,65,0,65,169
02/27/2011,ECP,FL,ASO,ES,Federal Contract Tower,14,23,41,4,82,0,0,20,0,20,14,23,61,4,102,14,0,14,116
02/28/2011,ECP,FL,ASO,ES,Federal Contract Tower,18,23,17,11,69,0,1,21,0,22,18,24,38,11,91,0,2,2,93
03/01/2011,ECP,FL,ASO,ES,Federal Contract Tower,20,29,22,10,81,0,1,24,6,31,20,30,46,16,112,2,30,32,144
03/02/2011,ECP,FL,ASO,ES,Federal Contract Tower,22,24,30,6,82,0,1,40,2,43,22,25,70,8,125,30,0,30,155
03/03/2011,ECP,FL,ASO,ES,Federal Contract Tower,36,29,42,6,113,0,1,30,0,31,36,30,72,6,144,22,32,54,198
03/04/2011,ECP,FL,ASO,ES,Federal Contract Tower,20,25,26,27,98,0,1,32,5,38,20,26,58,32,136,18,2,20,156
03/05/2011,ECP,FL,ASO,ES,Federal Contract Tower,27,17,6,0,50,0,0,10,0,10,27,17,16,0,60,27,0,27,87
03/06/2011,ECP,FL,ASO,ES,Federal Contract Tower,16,28,48,3,95,0,0,11,0,11,16,28,59,3,106,22,0,22,128
03/07/2011,ECP,FL,ASO,ES,Federal Contract Tower,20,30,38,4,92,0,1,39,6,46,20,31,77,10,138,114,2,116,254
03/08/2011,ECP,FL,ASO,ES,Federal Contract Tower,20,28,18,24,90,0,0,43,4,47,20,28,61,28,137,58,40,98,235
03/09/2011,ECP,FL,ASO,ES,Federal Contract Tower,19,26,12,2,59,0,0,2,0,2,19,26,14,2,61,0,0,0,61
03/10/2011,ECP,FL,ASO,ES,Federal Contract Tower,20,32,29,2,83,0,0,44,0,44,20,32,73,2,127,68,12,80,207
03/11/2011,ECP,FL,ASO,ES,Federal Contract Tower,20,33,48,1,102,0,0,70,6,76,20,33,118,7,178,102,10,112,290
03/12/2011,ECP,FL,ASO,ES,Federal Contract Tower,22,31,41,5,99,0,1,68,0,69,22,32,109,5,168,144,0,144,312
03/13/2011,ECP,FL,ASO,ES,Federal Contract Tower,17,22,56,3,98,0,1,53,0,54,17,23,109,3,152,92,0,92,244
03/14/2011,ECP,FL,ASO,ES,Federal Contract Tower,21,35,49,12,117,0,1,41,6,48,21,36,90,18,165,52,2,54,219
03/15/2011,ECP,FL,ASO,ES,Federal Contract Tower,19,29,26,18,92,0,1,23,0,24,19,30,49,18,116,50,0,50,166
03/16/2011,ECP,FL,ASO,ES,Federal Contract Tower,19,30,38,5,92,0,2,53,0,55,19,32,91,5,147,106,0,106,253
03/17/2011,ECP,FL,ASO,ES,Federal Contract Tower,19,29,64,9,121,0,1,65,0,66,19,30,129,9,187,89,0,89,276
03/18/2011,ECP,FL,ASO,ES,Federal Contract Tower,19,28,43,4,94,0,1,48,0,49,19,29,91,4,143,90,12,102,245
03/19/2011,ECP,FL,ASO,ES,Federal Contract Tower,25,25,44,0,94,0,2,47,0,49,25,27,91,0,143,130,0,130,273
03/20/2011,ECP,FL,ASO,ES,Federal Contract Tower,19,21,61,2,103,0,0,42,2,44,19,21,103,4,147,58,0,58,205
03/21/2011,ECP,FL,ASO,ES,Federal Contract Tower,20,26,25,4,75,0,0,32,2,34,20,26,57,6,109,62,0,62,171
03/22/2011,ECP,FL,ASO,ES,Federal Contract Tower,19,28,31,21,99,0,1,43,6,50,19,29,74,27,149,64,10,74,223
03/23/2011,ECP,FL,ASO,ES,Federal Contract Tower,19,28,21,11,79,0,1,35,0,36,19,29,56,11,115,74,20,94,209
03/24/2011,ECP,FL,ASO,ES,Federal Contract Tower,19,36,35,11,101,0,0,83,11,94,19,36,118,22,195,104,26,130,325
03/25/2011,ECP,FL,ASO,ES,Federal Contract Tower,18,29,32,13,92,0,0,39,0,39,18,29,71,13,131,70,18,88,219
03/26/2011,ECP,FL,ASO,ES,Federal Contract Tower,25,19,15,5,64,0,0,8,1,9,25,19,23,6,73,76,0,76,149
03/27/2011,ECP,FL,ASO,ES,Federal Contract Tower,18,25,35,2,80,0,0,20,0,20,18,25,55,2,100,53,0,53,153
03/28/2011,ECP,FL,ASO,ES,Federal Contract Tower,19,25,39,2,85,0,0,25,0,25,19,25,64,2,110,52,2,54,164
03/29/2011,ECP,FL,ASO,ES,Federal Contract Tower,20,32,21,0,73,0,0,13,0,13,20,32,34,0,86,18,0,18,104
03/30/2011,ECP,FL,ASO,ES,Federal Contract Tower,20,20,15,8,63,0,1,0,0,1,20,21,15,8,64,0,2,2,66
03/31/2011,ECP,FL,ASO,ES,Federal Contract Tower,20,27,41,4,92,0,1,20,0,21,20,28,61,4,113,24,0,24,137
04/01/2011,ECP,FL,ASO,ES,Federal Contract Tower,21,30,40,8,99,0,1,43,4,48,21,31,83,12,147,42,4,46,193
04/02/2011,ECP,FL,ASO,ES,Federal Contract Tower,22,22,35,0,79,0,0,24,0,24,22,22,59,0,103,74,0,74,177
04/03/2011,ECP,FL,ASO,ES,Federal Contract Tower,18,13,40,0,71,0,0,53,4,57,18,13,93,4,128,26,0,26,154
04/04/2011,ECP,FL,ASO,ES,Federal Contract Tower,17,27,23,0,67,0,0,26,0,26,17,27,49,0,93,8,6,14,107
04/05/2011,ECP,FL,ASO,ES,Federal Contract Tower,24,25,24,14,87,0,3,7,12,22,24,28,31,26,109,12,0,12,121
04/06/2011,ECP,FL,ASO,ES,Federal Contract Tower,19,30,26,5,80,0,1,36,4,41,19,31,62,9,121,52,16,68,189
04/07/2011,ECP,FL,ASO,ES,Federal Contract Tower,19,30,46,19,114,0,1,43,3,47,19,31,89,22,161,44,28,72,233
04/08/2011,ECP,FL,ASO,ES,Federal Contract Tower,18,37,42,20,117,0,0,11,0,11,18,37,53,20,128,0,8,8,136
04/09/2011,ECP,FL,ASO,ES,Federal Contract Tower,21,18,38,2,79,0,0,28,0,28,21,18,66,2,107,38,0,38,145
04/10/2011,ECP,FL,ASO,ES,Federal Contract Tower,21,26,38,6,91,0,0,43,0,43,21,26,81,6,134,30,1,31,165
04/11/2011,ECP,FL,ASO,ES,Federal Contract Tower,20,22,20,8,70,0,0,26,2,28,20,22,46,10,98,18,12,30,128
04/12/2011,ECP,FL,ASO,ES,Federal Contract Tower,19,30,20,21,90,0,1,33,8,42,19,31,53,29,132,18,76,94,226
04/13/2011,ECP,FL,ASO,ES,Federal Contract Tower,20,28,39,13,100,0,1,33,2,36,20,29,72,15,136,32,52,84,220
04/14/2011,ECP,FL,ASO,ES,Federal Contract Tower,19,29,34,0,82,0,1,19,0,20,19,30,53,0,102,36,22,58,160
04/15/2011,ECP,FL,ASO,ES,Federal Contract Tower,19,27,33,17,96,0,0,13,19,32,19,27,46,36,128,24,28,52,180
04/16/2011,ECP,FL,ASO,ES,Federal Contract Tower,20,16,23,0,59,0,12,0,0,12,20,28,23,0,71,34,0,34,105
04/17/2011,ECP,FL,ASO,ES,Federal Contract Tower,21,25,38,0,84,0,0,65,8,73,21,25,103,8,157,58,2,60,217
04/18/2011,ECP,FL,ASO,ES,Federal Contract Tower,22,26,40,1,89,0,0,40,1,41,22,26,80,2,130,24,0,24,154
04/19/2011,ECP,FL,ASO,ES,Federal Contract Tower,16,33,31,8,88,0,1,25,0,26,16,34,56,8,114,6,0,6,120
04/20/2011,ECP,FL,ASO,ES,Federal Contract Tower,21,28,31,10,90,0,0,21,0,21,21,28,52,10,111,60,20,80,191
04/21/2011,ECP,FL,ASO,ES,Federal Contract Tower,21,35,48,4,108,0,1,18,2,21,21,36,66,6,129,27,6,33,162
04/22/2011,ECP,FL,ASO,ES,Federal Contract Tower,20,32,29,9,90,0,2,27,9,38,20,34,56,18,128,32,30,62,190
04/23/2011,ECP,FL,ASO,ES,Federal Contract Tower,22,18,35,0,75,0,0,27,0,27,22,18,62,0,102,71,0,71,173
04/24/2011,ECP,FL,ASO,ES,Federal Contract Tower,20,27,43,1,91,0,0,42,0,42,20,27,85,1,133,42,0,42,175
04/25/2011,ECP,FL,ASO,ES,Federal Contract Tower,18,40,46,8,112,0,0,19,1,20,18,40,65,9,132,18,46,64,196
04/26/2011,ECP,FL,ASO,ES,Federal Contract Tower,21,29,23,16,89,0,0,6,2,8,21,29,29,18,97,8,80,88,185
04/27/2011,ECP,FL,ASO,ES,Federal Contract Tower,21,26,25,40,112,0,1,10,0,11,21,27,35,40,123,2,64,66,189
04/28/2011,ECP,FL,ASO,ES,Federal Contract Tower,20,27,52,6,105,0,1,30,4,35,20,28,82,10,140,56,10,66,206
04/29/2011,ECP,FL,ASO,ES,Federal Contract Tower,20,33,48,5,106,0,1,42,3,46,20,34,90,8,152,30,18,48,200
04/30/2011,ECP,FL,ASO,ES,Federal Contract Tower,20,24,35,0,79,0,1,40,0,41,20,25,75,0,120,54,0,54,174
05/01/2011,ECP,FL,ASO,ES,Federal Contract Tower,21,18,29,2,70,0,0,23,0,23,21,18,52,2,93,0,0,0,93
05/02/2011,ECP,FL,ASO,ES,Federal Contract Tower,22,26,31,3,82,0,0,16,11,27,22,26,47,14,109,24,0,24,133
05/03/2011,ECP,FL,ASO,ES,Federal Contract Tower,25,27,30,33,115,0,2,22,14,38,25,29,52,47,153,8,142,150,303
05/04/2011,ECP,FL,ASO,ES,Federal Contract Tower,20,26,17,2,65,0,2,19,6,27,20,28,36,8,92,0,42,42,134
05/05/2011,ECP,FL,ASO,ES,Federal Contract Tower,17,22,33,10,82,0,2,34,6,42,17,24,67,16,124,12,8,20,144
05/06/2011,ECP,FL,ASO,ES,Federal Contract Tower,19,26,35,22,102,0,2,32,3,37,19,28,67,25,139,35,18,53,192
05/07/2011,ECP,FL,ASO,ES,Federal Contract Tower,22,18,8,0,48,0,0,26,0,26,22,18,34,0,74,50,0,50,124
05/08/2011,ECP,FL,ASO,ES,Federal Contract Tower,20,17,39,1,77,0,0,32,0,32,20,17,71,1,109,64,0,64,173
05/09/2011,ECP,FL,ASO,ES,Federal Contract Tower,21,25,14,25,85,0,0,32,0,32,21,25,46,25,117,0,0,0,117
05/10/2011,ECP,FL,ASO,ES,Federal Contract Tower,19,24,27,5,75,0,1,20,4,25,19,25,47,9,100,14,12,26,126
05/11/2011,ECP,FL,ASO,ES,Federal Contract Tower,19,26,36,8,89,0,0,11,1,12,19,26,47,9,101,16,0,16,117
05/12/2011,ECP,FL,ASO,ES,Federal Contract Tower,18,26,29,4,77,0,0,22,4,26,18,26,51,8,103,42,24,66,169
05/13/2011,ECP,FL,ASO,ES,Federal Contract Tower,17,26,29,9,81,0,0,10,5,15,17,26,39,14,96,22,50,72,168
05/14/2011,ECP,FL,ASO,ES,Federal Contract Tower,26,21,26,1,74,0,0,12,0,12,26,21,38,1,86,16,0,16,102
05/15/2011,ECP,FL,ASO,ES,Federal Contract Tower,24,17,43,0,84,0,0,37,0,37,24,17,80,0,121,34,0,34,155
05/16/2011,ECP,FL,ASO,ES,Federal Contract Tower,22,28,32,6,88,0,3,24,6,33,22,31,56,12,121,22,6,28,149
05/17/2011,ECP,FL,ASO,ES,Federal Contract Tower,21,26,34,7,88,0,1,26,5,32,21,27,60,12,120,22,30,52,172
05/18/2011,ECP,FL,ASO,ES,Federal Contract Tower,20,29,28,10,87,0,1,23,4,28,20,30,51,14,115,0,10,10,125
05/19/2011,ECP,FL,ASO,ES,Federal Contract Tower,18,28,28,2,76,0,1,27,6,34,18,29,55,8,110,28,28,56,166
05/20/2011,ECP,FL,ASO,ES,Federal Contract Tower,19,35,54,2,110,0,0,40,2,42,19,35,94,4,152,34,20,54,206
05/21/2011,ECP,FL,ASO,ES,Federal Contract Tower,20,24,49,1,94,0,0,31,1,32,20,24,80,2,126,60,0,60,186
05/22/2011,ECP,FL,ASO,ES,Federal Contract Tower,20,22,45,0,87,0,0,39,2,41,20,22,84,2,128,43,34,77,205
05/23/2011,ECP,FL,ASO,ES,Federal Contract Tower,22,29,25,5,81,0,0,27,4,31,22,29,52,9,112,18,12,30,142
05/24/2011,ECP,FL,ASO,ES,Federal Contract Tower,20,28,17,2,67,0,1,26,0,27,20,29,43,2,94,14,42,56,150
05/25/2011,ECP,FL,ASO,ES,Federal Contract Tower,19,33,43,34,129,0,1,28,7,36,19,34,71,41,165,37,24,61,226
05/26/2011,ECP,FL,ASO,ES,Federal Contract Tower,21,26,44,0,91,0,0,19,0,19,21,26,63,0,110,40,0,40,150
05/27/2011,ECP,FL,ASO,ES,Federal Contract Tower,20,27,55,0,102,0,0,40,4,44,20,27,95,4,146,24,0,24,170
05/28/2011,ECP,FL,ASO,ES,Federal Contract Tower,20,26,44,0,90,0,0,47,0,47,20,26,91,0,137,67,0,67,204
05/29/2011,ECP,FL,ASO,ES,Federal Contract Tower,19,21,36,0,76,0,0,44,0,44,19,21,80,0,120,46,0,46,166
05/30/2011,ECP,FL,ASO,ES,Federal Contract Tower,20,23,46,0,89,0,0,53,0,53,20,23,99,0,142,48,0,48,190
05/31/2011,ECP,FL,ASO,ES,Federal Contract Tower,20,31,45,13,109,0,0,29,5,34,20,31,74,18,143,40,0,40,183
06/01/2011,ECP,FL,ASO,ES,Federal Contract Tower,23,26,43,10,102,0,3,24,2,29,23,29,67,12,131,28,0,28,159
06/02/2011,ECP,FL,ASO,ES,Federal Contract Tower,21,28,40,14,103,0,0,28,6,34,21,28,68,20,137,26,0,26,163
06/03/2011,ECP,FL,ASO,ES,Federal Contract Tower,20,29,48,9,106,0,0,30,0,30,20,29,78,9,136,34,16,50,186
06/04/2011,ECP,FL,ASO,ES,Federal Contract Tower,22,25,45,2,94,0,0,21,0,21,22,25,66,2,115,110,0,110,225
06/05/2011,ECP,FL,ASO,ES,Federal Contract Tower,20,29,53,0,102,0,0,43,1,44,20,29,96,1,146,82,4,86,232
06/06/2011,ECP,FL,ASO,ES,Federal Contract Tower,20,33,24,9,86,0,1,35,2,38,20,34,59,11,124,46,29,75,199
06/07/2011,ECP,FL,ASO,ES,Federal Contract Tower,22,27,27,0,76,0,0,29,0,29,22,27,56,0,105,107,8,115,220
06/08/2011,ECP,FL,ASO,ES,Federal Contract Tower,20,28,32,5,85,0,0,33,0,33,20,28,65,5,118,70,16,86,204
06/09/2011,ECP,FL,ASO,ES,Federal Contract Tower,20,20,26,10,76,0,1,40,4,45,20,21,66,14,121,78,16,94,215
06/10/2011,ECP,FL,ASO,ES,Federal Contract Tower,20,23,33,7,83,0,2,37,2,41,20,25,70,9,124,136,2,138,262
06/11/2011,ECP,FL,ASO,ES,Federal Contract Tower,23,16,39,2,80,0,1,28,0,29,23,17,67,2,109,52,0,52,161
06/12/2011,ECP,FL,ASO,ES,Federal Contract Tower,21,19,50,4,94,0,0,54,4,58,21,19,104,8,152,60,0,60,212
06/13/2011,ECP,FL,ASO,ES,Federal Contract Tower,21,27,23,8,79,0,1,33,0,34,21,28,56,8,113,36,0,36,149
06/14/2011,ECP,FL,ASO,ES,Federal Contract Tower,18,31,26,3,78,0,1,33,3,37,18,32,59,6,115,84,8,92,207
06/15/2011,ECP,FL,ASO,ES,Federal Contract Tower,19,29,33,12,93,0,1,25,6,32,19,30,58,18,125,85,4,89,214
06/16/2011,ECP,FL,ASO,ES,Federal Contract Tower,20,23,47,4,94,0,1,23,0,24,20,24,70,4,118,50,0,50,168
06/17/2011,ECP,FL,ASO,ES,Federal Contract Tower,20,21,43,24,108,0,0,37,1,38,20,21,80,25,146,138,0,138,284
06/18/2011,ECP,FL,ASO,ES,Federal Contract Tower,19,23,43,0,85,0,0,26,0,26,19,23,69,0,111,86,0,86,197
06/19/2011,ECP,FL,ASO,ES,Federal Contract Tower,20,20,41,4,85,0,0,42,0,42,20,20,83,4,127,64,0,64,191
06/20/2011,ECP,FL,ASO,ES,Federal Contract Tower,20,23,33,0,76,0,1,38,6,45,20,24,71,6,121,89,4,93,214
06/21/2011,ECP,FL,ASO,ES,Federal Contract Tower,18,22,33,14,87,0,0,26,7,33,18,22,59,21,120,26,24,50,170
06/22/2011,ECP,FL,ASO,ES,Federal Contract Tower,19,21,19,8,67,0,0,39,0,39,19,21,58,8,106,72,24,96,202
06/23/2011,ECP,FL,ASO,ES,Federal Contract Tower,20,23,31,2,76,0,2,32,5,39,20,25,63,7,115,72,8,80,195
06/24/2011,ECP,FL,ASO,ES,Federal Contract Tower,22,26,28,6,82,0,2,11,0,13,22,28,39,6,95,45,6,51,146
06/25/2011,ECP,FL,ASO,ES,Federal Contract Tower,20,22,31,0,73,0,1,27,0,28,20,23,58,0,101,20,0,20,121
06/26/2011,ECP,FL,ASO,ES,Federal Contract Tower,21,13,33,2,69,0,0,51,0,51,21,13,84,2,120,42,0,42,162
06/27/2011,ECP,FL,ASO,ES,Federal Contract Tower,20,19,24,13,76,0,0,34,1,35,20,19,58,14,111,52,8,60,171
06/28/2011,ECP,FL,ASO,ES,Federal Contract Tower,19,25,22,12,78,0,0,24,4,28,19,25,46,16,106,56,4,60,166
06/29/2011,ECP,FL,ASO,ES,Federal Contract Tower,20,25,36,12,93,0,1,23,3,27,20,26,59,15,120,78,22,100,220
06/30/2011,ECP,FL,ASO,ES,Federal Contract Tower,21,22,45,4,92,0,2,32,8,42,21,24,77,12,134,42,2,44,178
07/01/2011,ECP,FL,ASO,ES,Federal Contract Tower,20,20,79,1,120,0,1,40,0,41,20,21,119,1,161,62,0,62,223
07/02/2011,ECP,FL,ASO,ES,Federal Contract Tower,21,23,31,0,75,0,0,30,0,30,21,23,61,0,105,78,0,78,183
07/03/2011,ECP,FL,ASO,ES,Federal Contract Tower,17,16,19,0,52,0,0,40,0,40,17,16,59,0,92,93,0,93,185
07/04/2011,ECP,FL,ASO,ES,Federal Contract Tower,20,19,25,1,65,0,0,36,0,36,20,19,61,1,101,82,0,82,183
07/05/2011,ECP,FL,ASO,ES,Federal Contract Tower,20,29,43,10,102,0,0,36,0,36,20,29,79,10,138,32,18,50,188
07/06/2011,ECP,FL,ASO,ES,Federal Contract Tower,20,24,39,14,97,0,2,33,0,35,20,26,72,14,132,47,2,49,181
07/07/2011,ECP,FL,ASO,ES,Federal Contract Tower,19,24,35,13,91,0,0,42,7,49,19,24,77,20,140,48,26,74,214
07/08/2011,ECP,FL,ASO,ES,Federal Contract Tower,20,23,40,2,85,0,1,22,0,23,20,24,62,2,108,55,2,57,165
07/09/2011,ECP,FL,ASO,ES,Federal Contract Tower,19,21,33,0,73,0,2,22,0,24,19,23,55,0,97,86,0,86,183
07/10/2011,ECP,FL,ASO,ES,Federal Contract Tower,20,16,47,0,83,0,0,31,0,31,20,16,78,0,114,42,0,42,156
07/11/2011,ECP,FL,ASO,ES,Federal Contract Tower,23,18,33,10,84,0,0,18,0,18,23,18,51,10,102,42,0,42,144
07/12/2011,ECP,FL,ASO,ES,Federal Contract Tower,19,25,25,14,83,0,0,20,4,24,19,25,45,18,107,30,36,66,173
07/13/2011,ECP,FL,ASO,ES,Federal Contract Tower,20,24,31,1,76,0,1,15,0,16,20,25,46,1,92,46,0,46,138
07/14/2011,ECP,FL,ASO,ES,Federal Contract Tower,21,23,37,23,104,0,0,32,0,32,21,23,69,23,136,42,2,44,180
07/15/2011,ECP,FL,ASO,ES,Federal Contract Tower,18,26,43,9,96,0,0,12,0,12,18,26,55,9,108,48,0,48,156
07/16/2011,ECP,FL,ASO,ES,Federal Contract Tower,20,24,34,1,79,0,0,3,0,3,20,24,37,1,82,14,0,14,96
07/17/2011,ECP,FL,ASO,ES,Federal Contract Tower,20,17,38,1,76,0,2,24,0,26,20,19,62,1,102,40,0,40,142
07/18/2011,ECP,FL,ASO,ES,Federal Contract Tower,19,29,25,18,91,0,0,37,2,39,19,29,62,20,130,82,28,110,240
07/19/2011,ECP,FL,ASO,ES,Federal Contract Tower,20,21,26,21,88,0,0,40,10,50,20,21,66,31,138,96,10,106,244
07/20/2011,ECP,FL,ASO,ES,Federal Contract Tower,23,20,24,8,75,0,0,38,5,43,23,20,62,13,118,60,42,102,220
07/21/2011,ECP,FL,ASO,ES,Federal Contract Tower,19,23,30,16,88,0,0,20,0,20,19,23,50,16,108,72,26,98,206
07/22/2011,ECP,FL,ASO,ES,Federal Contract Tower,20,22,43,49,134,0,0,26,0,26,20,22,69,49,160,56,22,78,238
07/23/2011,ECP,FL,ASO,ES,Federal Contract Tower,20,19,39,0,78,0,0,43,0,43,20,19,82,0,121,69,0,69,190
07/24/2011,ECP,FL,ASO,ES,Federal Contract Tower,21,14,40,2,77,0,0,60,0,60,21,14,100,2,137,61,0,61,198
07/25/2011,ECP,FL,ASO,ES,Federal Contract Tower,16,26,17,9,68,0,0,32,3,35,16,26,49,12,103,32,56,88,191
07/26/2011,ECP,FL,ASO,ES,Federal Contract Tower,18,23,23,0,64,0,0,23,0,23,18,23,46,0,87,32,0,32,119
07/27/2011,ECP,FL,ASO,ES,Federal Contract Tower,22,23,19,2,66,0,0,28,0,28,22,23,47,2,94,54,0,54,148
07/28/2011,ECP,FL,ASO,ES,Federal Contract Tower,20,23,33,12,88,0,0,24,0,24,20,23,57,12,112,83,44,127,239
07/29/2011,ECP,FL,ASO,ES,Federal Contract Tower,20,27,52,22,121,0,0,17,10,27,20,27,69,32,148,62,18,80,228
07/30/2011,ECP,FL,ASO,ES,Federal Contract Tower,20,23,29,0,72,0,3,38,0,41,20,26,67,0,113,54,68,122,235
07/31/2011,ECP,FL,ASO,ES,Federal Contract Tower,20,17,51,0,88,0,0,41,0,41,20,17,92,0,129,64,0,64,193
08/01/2011,ECP,FL,ASO,ES,Federal Contract Tower,20,25,33,8,86,0,0,26,0,26,20,25,59,8,112,60,0,60,172
08/02/2011,ECP,FL,ASO,ES,Federal Contract Tower,20,26,33,15,94,0,0,26,5,31,20,26,59,20,125,74,14,88,213
08/03/2011,ECP,FL,ASO,ES,Federal Contract Tower,20,25,27,0,72,0,0,30,0,30,20,25,57,0,102,64,0,64,166
08/04/2011,ECP,FL,ASO,ES,Federal Contract Tower,23,24,42,5,94,0,0,32,6,38,23,24,74,11,132,58,20,78,210
08/05/2011,ECP,FL,ASO,ES,Federal Contract Tower,22,22,30,4,78,0,0,23,0,23,22,22,53,4,101,60,12,72,173
08/06/2011,ECP,FL,ASO,ES,Federal Contract Tower,21,19,35,2,77,0,3,24,0,27,21,22,59,2,104,71,0,71,175
08/07/2011,ECP,FL,ASO,ES,Federal Contract Tower,20,18,40,0,78,0,0,19,0,19,20,18,59,0,97,42,0,42,139
08/08/2011,ECP,FL,ASO,ES,Federal Contract Tower,21,23,15,0,59,0,0,24,0,24,21,23,39,0,83,28,14,42,125
08/09/2011,ECP,FL,ASO,ES,Federal Contract Tower,20,23,30,5,78,0,0,20,6,26,20,23,50,11,104,44,36,80,184
08/10/2011,ECP,FL,ASO,ES,Federal Contract Tower,19,31,36,12,98,0,4,36,11,51,19,35,72,23,149,52,6,58,207
08/11/2011,ECP,FL,ASO,ES,Federal Contract Tower,20,29,20,0,69,0,0,25,0,25,20,29,45,0,94,54,4,58,152
08/12/2011,ECP,FL,ASO,ES,Federal Contract Tower,20,28,44,5,97,0,0,35,6,41,20,28,79,11,138,50,12,62,200
08/13/2011,ECP,FL,ASO,ES,Federal Contract Tower,20,22,23,0,65,0,1,27,0,28,20,23,50,0,93,64,6,70,163
08/14/2011,ECP,FL,ASO,ES,Federal Contract Tower,22,26,29,2,79,0,0,41,2,43,22,26,70,4,122,72,24,96,218
08/15/2011,ECP,FL,ASO,ES,Federal Contract Tower,20,19,15,10,64,0,0,44,18,62,20,19,59,28,126,14,8,22,148
08/16/2011,ECP,FL,ASO,ES,Federal Contract Tower,21,23,21,18,83,0,0,31,2,33,21,23,52,20,116,58,32,90,206
08/17/2011,ECP,FL,ASO,ES,Federal Contract Tower,22,19,29,5,75,0,14,13,3,30,22,33,42,8,105,35,0,35,140
08/18/2011,ECP,FL,ASO,ES,Federal Contract Tower,17,21,36,26,100,0,0,32,0,32,17,21,68,26,132,62,10,72,204
08/19/2011,ECP,FL,ASO,ES,Federal Contract Tower,20,23,19,10,72,0,1,18,0,19,20,24,37,10,91,26,0,26,117
08/20/2011,ECP,FL,ASO,ES,Federal Contract Tower,20,16,17,0,53,0,1,20,0,21,20,17,37,0,74,36,8,44,118
08/21/2011,ECP,FL,ASO,ES,Federal Contract Tower,18,18,29,0,65,0,0,37,0,37,18,18,66,0,102,58,0,58,160
08/22/2011,ECP,FL,ASO,ES,Federal Contract Tower,20,21,10,34,85,0,0,14,0,14,20,21,24,34,99,12,16,28,127
08/23/2011,ECP,FL,ASO,ES,Federal Contract Tower,19,23,25,20,87,0,2,38,0,40,19,25,63,20,127,29,32,61,188
08/24/2011,ECP,FL,ASO,ES,Federal Contract Tower,22,21,27,18,88,0,0,29,7,36,22,21,56,25,124,34,6,40,164
08/25/2011,ECP,FL,ASO,ES,Federal Contract Tower,20,22,24,14,80,0,0,16,7,23,20,22,40,21,103,20,24,44,147
08/26/2011,ECP,FL,ASO,ES,Federal Contract Tower,22,25,27,4,78,0,0,35,8,43,22,25,62,12,121,33,37,70,191
08/27/2011,ECP,FL,ASO,ES,Federal Contract Tower,18,14,20,1,53,0,1,28,1,30,18,15,48,2,83,52,6,58,141
08/28/2011,ECP,FL,ASO,ES,Federal Contract Tower,17,17,36,0,70,0,0,28,1,29,17,17,64,1,99,43,0,43,142
08/29/2011,ECP,FL,ASO,ES,Federal Contract Tower,20,23,10,20,73,0,2,28,2,32,20,25,38,22,105,18,66,84,189
08/30/2011,ECP,FL,ASO,ES,Federal Contract Tower,20,22,22,32,96,0,0,16,1,17,20,22,38,33,113,30,24,54,167
08/31/2011,ECP,FL,ASO,ES,Federal Contract Tower,21,28,29,10,88,0,0,23,0,23,21,28,52,10,111,32,22,54,165
09/01/2011,ECP,FL,ASO,ES,Federal Contract Tower,21,19,29,24,93,0,0,28,0,28,21,19,57,24,121,22,30,52,173
09/02/2011,ECP,FL,ASO,ES,Federal Contract Tower,22,27,30,0,79,0,1,27,0,28,22,28,57,0,107,26,0,26,133
09/03/2011,ECP,FL,ASO,ES,Federal Contract Tower,20,19,5,0,44,0,0,8,0,8,20,19,13,0,52,4,0,4,56
09/04/2011,ECP,FL,ASO,ES,Federal Contract Tower,20,10,6,0,36,0,0,0,0,0,20,10,6,0,36,0,0,0,36
09/05/2011,ECP,FL,ASO,ES,Federal Contract Tower,22,20,22,0,64,0,0,0,0,0,22,20,22,0,64,0,0,0,64
09/06/2011,ECP,FL,ASO,ES,Federal Contract Tower,20,20,34,7,81,0,4,28,3,35,20,24,62,10,116,34,6,40,156
09/07/2011,ECP,FL,ASO,ES,Federal Contract Tower,21,24,28,5,78,0,0,30,2,32,21,24,58,7,110,21,28,49,159
09/08/2011,ECP,FL,ASO,ES,Federal Contract Tower,22,19,34,35,110,0,1,17,4,22,22,20,51,39,132,26,94,120,252
09/09/2011,ECP,FL,ASO,ES,Federal Contract Tower,21,19,25,23,88,0,0,39,7,46,21,19,64,30,134,24,62,86,220
09/10/2011,ECP,FL,ASO,ES,Federal Contract Tower,22,11,13,0,46,0,1,36,0,37,22,12,49,0,83,32,14,46,129
09/11/2011,ECP,FL,ASO,ES,Federal Contract Tower,23,12,31,1,67,0,0,23,1,24,23,12,54,2,91,43,0,43,134
09/12/2011,ECP,FL,ASO,ES,Federal Contract Tower,19,21,19,29,88,0,1,27,4,32,19,22,46,33,120,20,26,46,166
09/13/2011,ECP,FL,ASO,ES,Federal Contract Tower,20,18,17,11,66,0,2,11,8,21,20,20,28,19,87,2,34,36,123
09/14/2011,ECP,FL,ASO,ES,Federal Contract Tower,21,18,18,18,75,0,0,25,0,25,21,18,43,18,100,2,2,4,104
09/15/2011,ECP,FL,ASO,ES,Federal Contract Tower,22,19,31,14,86,0,0,21,0,21,22,19,52,14,107,6,14,20,127
09/16/2011,ECP,FL,ASO,ES,Federal Contract Tower,22,21,52,6,101,0,1,30,3,34,22,22,82,9,135,17,0,17,152
09/17/2011,ECP,FL,ASO,ES,Federal Contract Tower,21,12,21,2,56,0,0,14,0,14,21,12,35,2,70,22,0,22,92
09/18/2011,ECP,FL,ASO,ES,Federal Contract Tower,20,15,42,1,78,0,0,31,0,31,20,15,73,1,109,22,0,22,131
09/19/2011,ECP,FL,ASO,ES,Federal Contract Tower,24,17,31,12,84,0,2,30,5,37,24,19,61,17,121,6,66,72,193
09/20/2011,ECP,FL,ASO,ES,Federal Contract Tower,20,14,20,25,79,0,2,14,6,22,20,16,34,31,101,16,70,86,187
09/21/2011,ECP,FL,ASO,ES,Federal Contract Tower,20,17,24,7,68,0,1,13,0,14,20,18,37,7,82,22,38,60,142
09/22/2011,ECP,FL,ASO,ES,Federal Contract Tower,21,21,21,6,69,0,0,7,0,7,21,21,28,6,76,0,0,0,76
09/23/2011,ECP,FL,ASO,ES,Federal Contract Tower,21,16,35,47,119,0,2,23,6,31,21,18,58,53,150,39,70,109,259
09/24/2011,ECP,FL,ASO,ES,Federal Contract Tower,23,13,19,0,55,0,1,37,0,38,23,14,56,0,93,81,0,81,174
09/25/2011,ECP,FL,ASO,ES,Federal Contract Tower,22,13,31,7,73,0,0,27,1,28,22,13,58,8,101,46,0,46,147
09/26/2011,ECP,FL,ASO,ES,Federal Contract Tower,20,17,22,27,86,0,2,27,4,33,20,19,49,31,119,0,8,8,127
09/27/2011,ECP,FL,ASO,ES,Federal Contract Tower,20,18,19,18,75,0,2,21,0,23,20,20,40,18,98,6,2,8,106
09/28/2011,ECP,FL,ASO,ES,Federal Contract Tower,20,20,19,6,65,0,2,3,0,5,20,22,22,6,70,0,0,0,70
09/29/2011,ECP,FL,ASO,ES,Federal Contract Tower,20,24,38,15,97,0,5,29,2,36,20,29,67,17,133,12,51,63,196
09/30/2011,ECP,FL,ASO,ES,Federal Contract Tower,22,21,38,22,103,0,11,51,6,68,22,32,89,28,171,26,24,50,221
10/01/2011,ECP,FL,ASO,ES,Federal Contract Tower,21,16,21,0,58,0,0,37,0,37,21,16,58,0,95,0,0,0,95
10/02/2011,ECP,FL,ASO,ES,Federal Contract Tower,20,23,45,0,88,0,0,35,0,35,20,23,80,0,123,12,0,12,135
10/03/2011,ECP,FL,ASO,ES,Federal Contract Tower,20,19,19,12,70,0,2,23,2,27,20,21,42,14,97,34,14,48,145
10/04/2011,ECP,FL,ASO,ES,Federal Contract Tower,20,20,15,12,67,0,2,32,0,34,20,22,47,12,101,20,0,20,121
10/05/2011,ECP,FL,ASO,ES,Federal Contract Tower,19,22,18,27,86,0,3,20,2,25,19,25,38,29,111,34,24,58,169
10/06/2011,ECP,FL,ASO,ES,Federal Contract Tower,20,19,41,38,118,0,2,48,2,52,20,21,89,40,170,26,40,66,236
10/07/2011,ECP,FL,ASO,ES,Federal Contract Tower,21,25,45,12,103,0,2,47,6,55,21,27,92,18,158,22,24,46,204
10/08/2011,ECP,FL,ASO,ES,Federal Contract Tower,20,14,10,2,46,0,2,19,0,21,20,16,29,2,67,23,2,25,92
10/09/2011,ECP,FL,ASO,ES,Federal Contract Tower,20,17,35,1,73,0,0,21,0,21,20,17,56,1,94,12,0,12,106
10/10/2011,ECP,FL,ASO,ES,Federal Contract Tower,22,25,24,0,71,0,0,0,0,0,22,25,24,0,71,0,0,0,71
10/11/2011,ECP,FL,ASO,ES,Federal Contract Tower,18,21,35,23,97,0,0,3,0,3,18,21,38,23,100,0,0,0,100
10/12/2011,ECP,FL,ASO,ES,Federal Contract Tower,20,21,22,22,85,0,1,9,3,13,20,22,31,25,98,24,36,60,158
10/13/2011,ECP,FL,ASO,ES,Federal Contract Tower,20,22,48,20,110,0,2,25,0,27,20,24,73,20,137,40,38,78,215
10/14/2011,ECP,FL,ASO,ES,Federal Contract Tower,18,23,28,2,71,0,2,42,16,60,18,25,70,18,131,40,4,44,175
10/15/2011,ECP,FL,ASO,ES,Federal Contract Tower,22,16,16,0,54,0,0,42,0,42,22,16,58,0,96,12,0,12,108
10/16/2011,ECP,FL,ASO,ES,Federal Contract Tower,22,20,38,3,83,0,0,39,3,42,22,20,77,6,125,16,2,18,143
10/17/2011,ECP,FL,ASO,ES,Federal Contract Tower,21,20,27,18,86,0,2,40,6,48,21,22,67,24,134,12,30,42,176
10/18/2011,ECP,FL,ASO,ES,Federal Contract Tower,21,20,12,6,59,0,5,4,1,10,21,25,16,7,69,0,8,8,77
10/19/2011,ECP,FL,ASO,ES,Federal Contract Tower,20,19,28,6,73,0,4,18,2,24,20,23,46,8,97,10,8,18,115
10/20/2011,ECP,FL,ASO,ES,Federal Contract Tower,20,18,23,16,77,0,3,45,0,48,20,21,68,16,125,24,10,34,159
10/21/2011,ECP,FL,ASO,ES,Federal Contract Tower,20,19,33,9,81,0,2,58,7,67,20,21,91,16,148,48,6,54,202
10/22/2011,ECP,FL,ASO,ES,Federal Contract Tower,19,13,31,0,63,0,1,58,0,59,19,14,89,0,122,41,0,41,163
10/23/2011,ECP,FL,ASO,ES,Federal Contract Tower,20,15,59,4,98,0,0,43,5,48,20,15,102,9,146,32,0,32,178
10/24/2011,ECP,FL,ASO,ES,Federal Contract Tower,17,21,16,26,80,0,2,33,4,39,17,23,49,30,119,22,16,38,157
10/25/2011,ECP,FL,ASO,ES,Federal Contract Tower,22,19,34,12,87,0,3,27,22,52,22,22,61,34,139,8,18,26,165
10/26/2011,ECP,FL,ASO,ES,Federal Contract Tower,24,20,32,11,87,0,1,25,6,32,24,21,57,17,119,37,24,61,180
10/27/2011,ECP,FL,ASO,ES,Federal Contract Tower,19,25,48,16,108,0,2,36,0,38,19,27,84,16,146,6,20,26,172
10/28/2011,ECP,FL,ASO,ES,Federal Contract Tower,20,19,24,23,86,0,1,42,6,49,20,20,66,29,135,20,50,70,205
10/29/2011,ECP,FL,ASO,ES,Federal Contract Tower,20,17,11,0,48,0,1,18,0,19,20,18,29,0,67,5,0,5,72
10/30/2011,ECP,FL,ASO,ES,Federal Contract Tower,21,15,30,4,70,0,0,48,0,48,21,15,78,4,118,56,12,68,186
10/31/2011,ECP,FL,ASO,ES,Federal Contract Tower,20,18,3,3,44,0,2,17,9,28,20,20,20,12,72,0,46,46,118
11/01/2011,ECP,FL,ASO,ES,Federal Contract Tower,21,17,7,19,64,0,2,33,5,40,21,19,40,24,104,0,12,12,116
11/02/2011,ECP,FL,ASO,ES,Federal Contract Tower,22,15,12,16,65,0,2,26,0,28,22,17,38,16,93,2,20,22,115
11/03/2011,ECP,FL,ASO,ES,Federal Contract Tower,20,20,34,28,102,0,1,22,3,26,20,21,56,31,128,2,2,4,132
11/04/2011,ECP,FL,ASO,ES,Federal Contract Tower,17,19,28,39,103,0,2,23,7,32,17,21,51,46,135,8,4,12,147
11/05/2011,ECP,FL,ASO,ES,Federal Contract Tower,22,15,9,4,50,0,0,51,0,51,22,15,60,4,101,14,0,14,115
11/06/2011,ECP,FL,ASO,ES,Federal Contract Tower,18,16,29,6,69,0,2,25,0,27,18,18,54,6,96,14,0,14,110
11/07/2011,ECP,FL,ASO,ES,Federal Contract Tower,20,16,12,8,56,0,0,0,0,0,20,16,12,8,56,34,32,66,122
11/08/2011,ECP,FL,ASO,ES,Federal Contract Tower,19,17,29,20,85,0,2,38,12,52,19,19,67,32,137,30,12,42,179
11/09/2011,ECP,FL,ASO,ES,Federal Contract Tower,20,17,27,32,96,0,3,21,2,26,20,20,48,34,122,0,30,30,152
11/10/2011,ECP,FL,ASO,ES,Federal Contract Tower,20,18,21,1,60,0,1,24,0,25,20,19,45,1,85,0,14,14,99
11/11/2011,ECP,FL,ASO,ES,Federal Contract Tower,20,23,32,0,75,0,0,30,0,30,20,23,62,0,105,20,0,20,125
11/12/2011,ECP,FL,ASO,ES,Federal Contract Tower,20,12,27,0,59,0,1,32,0,33,20,13,59,0,92,28,0,28,120
11/13/2011,ECP,FL,ASO,ES,Federal Contract Tower,20,17,40,1,78,0,0,21,0,21,20,17,61,1,99,12,0,12,111
11/14/2011,ECP,FL,ASO,ES,Federal Contract Tower,21,18,26,15,80,0,2,20,6,28,21,20,46,21,108,25,2,27,135
11/15/2011,ECP,FL,ASO,ES,Federal Contract Tower,19,23,24,24,90,0,2,10,1,13,19,25,34,25,103,0,0,0,103
11/16/2011,ECP,FL,ASO,ES,Federal Contract Tower,20,20,31,6,77,0,1,3,0,4,20,21,34,6,81,8,0,8,89
11/17/2011,ECP,FL,ASO,ES,Federal Contract Tower,20,18,38,19,95,0,2,19,4,25,20,20,57,23,120,4,10,14,134
11/18/2011,ECP,FL,ASO,ES,Federal Contract Tower,21,24,35,4,84,0,2,40,1,43,21,26,75,5,127,50,0,50,177
11/19/2011,ECP,FL,ASO,ES,Federal Contract Tower,20,12,27,2,61,0,0,9,0,9,20,12,36,2,70,6,2,8,78
11/20/2011,ECP,FL,ASO,ES,Federal Contract Tower,19,14,30,0,63,0,0,22,0,22,19,14,52,0,85,20,0,20,105
11/21/2011,ECP,FL,ASO,ES,Federal Contract Tower,19,16,20,18,73,0,2,39,8,49,19,18,59,26,122,22,4,26,148
11/22/2011,ECP,FL,ASO,ES,Federal Contract Tower,19,22,32,29,102,0,2,10,1,13,19,24,42,30,115,0,0,0,115
11/23/2011,ECP,FL,ASO,ES,Federal Contract Tower,20,18,49,7,94,0,2,38,2,42,20,20,87,9,136,8,16,24,160
11/24/2011,ECP,FL,ASO,ES,Federal Contract Tower,13,8,7,0,28,0,0,11,0,11,13,8,18,0,39,16,0,16,55
11/25/2011,ECP,FL,ASO,ES,Federal Contract Tower,20,21,28,13,82,0,2,36,6,44,20,23,64,19,126,32,14,46,172
11/26/2011,ECP,FL,ASO,ES,Federal Contract Tower,19,18,34,0,71,0,0,24,0,24,19,18,58,0,95,22,0,22,117
11/27/2011,ECP,FL,ASO,ES,Federal Contract Tower,25,19,41,0,85,0,0,8,0,8,25,19,49,0,93,0,0,0,93
11/28/2011,ECP,FL,ASO,ES,Federal Contract Tower,20,17,19,4,60,0,2,7,0,9,20,19,26,4,69,0,0,0,69
11/29/2011,ECP,FL,ASO,ES,Federal Contract Tower,21,17,14,1,53,0,2,14,12,28,21,19,28,13,81,0,28,28,109
11/30/2011,ECP,FL,ASO,ES,Federal Contract Tower,19,17,18,10,64,0,2,19,2,23,19,19,37,12,87,24,19,43,130
12/01/2011,ECP,FL,ASO,ES,Federal Contract Tower,20,18,19,1,58,0,1,16,8,25,20,19,35,9,83,19,18,37,120
12/02/2011,ECP,FL,ASO,ES,Federal Contract Tower,20,18,26,19,83,0,2,30,2,34,20,20,56,21,117,18,26,44,161
12/03/2011,ECP,FL,ASO,ES,Federal Contract Tower,20,9,11,0,40,0,0,34,0,34,20,9,45,0,74,4,4,8,82
12/04/2011,ECP,FL,ASO,ES,Federal Contract Tower,18,12,10,5,45,0,0,17,0,17,18,12,27,5,62,16,24,40,102
12/05/2011,ECP,FL,ASO,ES,Federal Contract Tower,19,13,14,18,64,0,2,7,6,15,19,15,21,24,79,0,14,14,93
12/06/2011,ECP,FL,ASO,ES,Federal Contract Tower,18,19,19,18,74,0,2,10,2,14,18,21,29,20,88,0,30,30,118
12/07/2011,ECP,FL,ASO,ES,Federal Contract Tower,22,19,6,10,57,0,0,2,3,5,22,19,8,13,62,0,0,0,62
12/08/2011,ECP,FL,ASO,ES,Federal Contract Tower,20,17,19,16,72,0,2,19,9,30,20,19,38,25,102,18,16,34,136
12/09/2011,ECP,FL,ASO,ES,Federal Contract Tower,20,19,20,10,69,0,1,23,10,34,20,20,43,20,103,51,20,71,174
12/10/2011,ECP,FL,ASO,ES,Federal Contract Tower,20,8,16,0,44,0,0,31,0,31,20,8,47,0,75,24,0,24,99
12/11/2011,ECP,FL,ASO,ES,Federal Contract Tower,19,11,24,0,54,0,0,10,1,11,19,11,34,1,65,26,0,26,91
12/12/2011,ECP,FL,ASO,ES,Federal Contract Tower,21,18,14,16,69,0,0,2,0,2,21,18,16,16,71,0,0,0,71
12/13/2011,ECP,FL,ASO,ES,Federal Contract Tower,18,20,11,35,84,0,2,15,16,33,18,22,26,51,117,24,18,42,159
12/14/2011,ECP,FL,ASO,ES,Federal Contract Tower,20,20,16,17,73,0,2,24,13,39,20,22,40,30,112,10,24,34,146
12/15/2011,ECP,FL,ASO,ES,Federal Contract Tower,20,20,21,6,67,0,2,27,4,33,20,22,48,10,100,20,6,26,126
12/16/2011,ECP,FL,ASO,ES,Federal Contract Tower,20,16,21,4,61,0,3,18,2,23,20,19,39,6,84,2,10,12,96
12/17/2011,ECP,FL,ASO,ES,Federal Contract Tower,19,18,25,4,66,0,0,25,3,28,19,18,50,7,94,45,12,57,151
12/18/2011,ECP,FL,ASO,ES,Federal Contract Tower,18,15,11,0,44,0,0,32,0,32,18,15,43,0,76,66,0,66,142
12/19/2011,ECP,FL,ASO,ES,Federal Contract Tower,21,20,19,18,78,0,2,23,2,27,21,22,42,20,105,0,48,48,153
12/20/2011,ECP,FL,ASO,ES,Federal Contract Tower,19,22,23,18,82,0,0,14,0,14,19,22,37,18,96,0,72,72,168
12/21/2011,ECP,FL,ASO,ES,Federal Contract Tower,18,20,13,14,65,0,0,0,0,0,18,20,13,14,65,0,0,0,65
12/22/2011,ECP,FL,ASO,ES,Federal Contract Tower,18,20,20,2,60,0,2,1,0,3,18,22,21,2,63,0,28,28,91
12/23/2011,ECP,FL,ASO,ES,Federal Contract Tower,19,16,13,0,48,0,2,7,0,9,19,18,20,0,57,48,0,48,105
12/24/2011,ECP,FL,ASO,ES,Federal Contract Tower,15,11,8,0,34,0,0,17,0,17,15,11,25,0,51,12,0,12,63
12/25/2011,ECP,FL,ASO,ES,Federal Contract Tower,13,10,8,0,31,0,0,2,0,2,13,10,10,0,33,6,0,6,39
12/26/2011,ECP,FL,ASO,ES,Federal Contract Tower,18,17,17,0,52,0,0,15,0,15,18,17,32,0,67,16,0,16,83
12/27/2011,ECP,FL,ASO,ES,Federal Contract Tower,19,22,39,2,82,0,1,11,4,16,19,23,50,6,98,0,16,16,114
12/28/2011,ECP,FL,ASO,ES,Federal Contract Tower,18,27,36,1,82,0,3,41,5,49,18,30,77,6,131,24,0,24,155
12/29/2011,ECP,FL,ASO,ES,Federal Contract Tower,21,24,34,0,79,0,2,35,2,39,21,26,69,2,118,6,0,6,124
12/30/2011,ECP,FL,ASO,ES,Federal Contract Tower,19,23,28,0,70,0,3,23,0,26,19,26,51,0,96,11,0,11,107
12/31/2011,ECP,FL,ASO,ES,Federal Contract Tower,17,11,28,0,56,0,0,23,0,23,17,11,51,0,79,14,0,14,93
01/01/2012,ECP,FL,ASO,ES,Federal Contract Tower,16,19,40,0,75,0,0,37,0,37,16,19,77,0,112,6,0,6,118
01/02/2012,ECP,FL,ASO,ES,Federal Contract Tower,18,15,40,0,73,0,0,28,0,28,18,15,68,0,101,18,0,18,119
01/03/2012,ECP,FL,ASO,ES,Federal Contract Tower,17,18,12,0,47,0,1,20,0,21,17,19,32,0,68,0,0,0,68
01/04/2012,ECP,FL,ASO,ES,Federal Contract Tower,21,18,18,23,80,0,2,26,3,31,21,20,44,26,111,8,20,28,139
01/05/2012,ECP,FL,ASO,ES,Federal Contract Tower,22,17,28,12,79,0,2,14,15,31,22,19,42,27,110,40,30,70,180
01/06/2012,ECP,FL,ASO,ES,Federal Contract Tower,17,19,18,12,66,0,0,16,0,16,17,19,34,12,82,38,0,38,120
01/07/2012,ECP,FL,ASO,ES,Federal Contract Tower,26,11,16,4,57,0,0,31,4,35,26,11,47,8,92,32,2,34,126
01/08/2012,ECP,FL,ASO,ES,Federal Contract Tower,22,13,17,7,59,0,0,23,1,24,22,13,40,8,83,18,6,24,107
01/09/2012,ECP,FL,ASO,ES,Federal Contract Tower,22,15,10,8,55,0,2,33,3,38,22,17,43,11,93,8,12,20,113
01/10/2012,ECP,FL,ASO,ES,Federal Contract Tower,20,16,5,38,79,0,1,7,1,9,20,17,12,39,88,0,10,10,98
01/11/2012,ECP,FL,ASO,ES,Federal Contract Tower,22,17,13,16,68,0,3,4,4,11,22,20,17,20,79,0,12,12,91
01/12/2012,ECP,FL,ASO,ES,Federal Contract Tower,23,13,20,21,77,0,2,8,0,10,23,15,28,21,87,22,20,42,129
01/13/2012,ECP,FL,ASO,ES,Federal Contract Tower,23,21,38,13,95,0,2,22,11,35,23,23,60,24,130,4,44,48,178
01/14/2012,ECP,FL,ASO,ES,Federal Contract Tower,20,9,11,2,42,0,0,32,0,32,20,9,43,2,74,23,60,83,157
01/15/2012,ECP,FL,ASO,ES,Federal Contract Tower,20,5,28,1,54,0,0,29,0,29,20,5,57,1,83,30,55,85,168
01/16/2012,ECP,FL,ASO,ES,Federal Contract Tower,20,17,26,3,66,0,0,32,0,32,20,17,58,3,98,18,0,18,116
01/17/2012,ECP,FL,ASO,ES,Federal Contract Tower,23,11,26,47,107,0,5,2,3,10,23,16,28,50,117,0,58,58,175
01/18/2012,ECP,FL,ASO,ES,Federal Contract Tower,22,15,10,12,59,0,2,11,13,26,22,17,21,25,85,0,38,38,123
01/19/2012,ECP,FL,ASO,ES,Federal Contract Tower,24,14,19,31,88,0,0,22,13,35,24,14,41,44,123,0,10,10,133
01/20/2012,ECP,FL,ASO,ES,Federal Contract Tower,22,21,23,40,106,0,2,24,11,37,22,23,47,51,143,0,0,0,143
01/21/2012,ECP,FL,ASO,ES,Federal Contract Tower,18,10,6,4,38,0,0,14,0,14,18,10,20,4,52,10,16,26,78
01/22/2012,ECP,FL,ASO,ES,Federal Contract Tower,24,13,29,3,69,0,0,9,0,9,24,13,38,3,78,0,0,0,78
01/23/2012,ECP,FL,ASO,ES,Federal Contract Tower,22,14,17,7,60,0,2,0,0,2,22,16,17,7,62,0,0,0,62
01/24/2012,ECP,FL,ASO,ES,Federal Contract Tower,22,14,22,7,65,0,0,3,0,3,22,14,25,7,68,22,16,38,106
01/25/2012,ECP,FL,ASO,ES,Federal Contract Tower,25,12,26,19,82,0,0,0,0,0,25,12,26,19,82,24,22,46,128
01/26/2012,ECP,FL,ASO,ES,Federal Contract Tower,22,19,16,5,62,0,1,0,0,1,22,20,16,5,63,0,0,0,63
01/27/2012,ECP,FL,ASO,ES,Federal Contract Tower,22,21,24,12,79,0,2,25,12,39,22,23,49,24,118,0,54,54,172
01/28/2012,ECP,FL,ASO,ES,Federal Contract Tower,19,15,18,0,52,0,2,56,0,58,19,17,74,0,110,42,0,42,152
01/29/2012,ECP,FL,ASO,ES,Federal Contract Tower,23,17,31,5,76,0,0,33,5,38,23,17,64,10,114,18,0,18,132
01/30/2012,ECP,FL,ASO,ES,Federal Contract Tower,22,18,20,31,91,0,2,30,4,36,22,20,50,35,127,16,66,82,209
01/31/2012,ECP,FL,ASO,ES,Federal Contract Tower,21,16,21,22,80,0,2,21,13,36,21,18,42,35,116,48,174,222,338
02/01/2012,ECP,FL,ASO,ES,Federal Contract Tower,20,16,15,37,88,0,0,10,3,13,20,16,25,40,101,0,0,0,101
02/02/2012,ECP,FL,ASO,ES,Federal Contract Tower,20,20,33,19,92,0,2,10,4,16,20,22,43,23,108,24,18,42,150
02/03/2012,ECP,FL,ASO,ES,Federal Contract Tower,23,23,19,31,96,0,2,17,3,22,23,25,36,34,118,16,4,20,138
02/04/2012,ECP,FL,ASO,ES,Federal Contract Tower,18,13,13,4,48,0,1,35,0,36,18,14,48,4,84,78,0,78,162
02/05/2012,ECP,FL,ASO,ES,Federal Contract Tower,23,12,11,1,47,0,0,5,5,10,23,12,16,6,57,0,0,0,57
02/06/2012,ECP,FL,ASO,ES,Federal Contract Tower,20,18,13,22,73,0,0,15,20,35,20,18,28,42,108,0,30,30,138
02/07/2012,ECP,FL,ASO,ES,Federal Contract Tower,20,18,15,8,61,0,2,9,5,16,20,20,24,13,77,0,14,14,91
02/08/2012,ECP,FL,ASO,ES,Federal Contract Tower,22,17,24,18,81,0,0,35,23,58,22,17,59,41,139,6,42,48,187
02/09/2012,ECP,FL,ASO,ES,Federal Contract Tower,22,15,20,10,67,0,0,24,6,30,22,15,44,16,97,12,0,12,109
02/10/2012,ECP,FL,ASO,ES,Federal Contract Tower,24,21,26,23,94,0,0,24,1,25,24,21,50,24,119,36,0,36,155
02/11/2012,ECP,FL,ASO,ES,Federal Contract Tower,18,12,13,1,44,0,3,18,0,21,18,15,31,1,65,10,0,10,75
02/12/2012,ECP,FL,ASO,ES,Federal Contract Tower,21,10,29,9,69,0,0,55,10,65,21,10,84,19,134,66,52,118,252
02/13/2012,ECP,FL,ASO,ES,Federal Contract Tower,19,15,31,24,89,0,2,36,0,38,19,17,67,24,127,0,10,10,137
02/14/2012,ECP,FL,ASO,ES,Federal Contract Tower,18,20,14,10,62,0,0,2,0,2,18,20,16,10,64,0,0,0,64
02/15/2012,ECP,FL,ASO,ES,Federal Contract Tower,20,23,23,23,89,0,1,15,6,22,20,24,38,29,111,22,0,22,133
02/16/2012,ECP,FL,ASO,ES,Federal Contract Tower,17,19,22,3,61,0,0,0,0,0,17,19,22,3,61,0,0,0,61
02/17/2012,ECP,FL,ASO,ES,Federal Contract Tower,22,22,33,18,95,0,0,20,1,21,22,22,53,19,116,36,2,38,154
02/18/2012,ECP,FL,ASO,ES,Federal Contract Tower,20,9,13,0,42,0,0,4,0,4,20,9,17,0,46,18,0,18,64
02/19/2012,ECP,FL,ASO,ES,Federal Contract Tower,18,18,21,3,60,0,0,24,4,28,18,18,45,7,88,0,0,0,88
02/20/2012,ECP,FL,ASO,ES,Federal Contract Tower,22,22,39,0,83,0,0,48,0,48,22,22,87,0,131,62,0,62,193
02/21/2012,ECP,FL,ASO,ES,Federal Contract Tower,22,17,28,16,83,0,0,25,9,34,22,17,53,25,117,20,12,32,149
02/22/2012,ECP,FL,ASO,ES,Federal Contract Tower,18,18,19,32,87,0,0,14,2,16,18,18,33,34,103,2,0,2,105
02/23/2012,ECP,FL,ASO,ES,Federal Contract Tower,19,19,34,4,76,0,0,0,0,0,19,19,34,4,76,0,0,0,76
02/24/2012,ECP,FL,ASO,ES,Federal Contract Tower,22,22,22,7,73,0,0,10,0,10,22,22,32,7,83,0,0,0,83
02/25/2012,ECP,FL,ASO,ES,Federal Contract Tower,21,8,19,2,50,0,0,42,0,42,21,8,61,2,92,12,0,12,104
02/26/2012,ECP,FL,ASO,ES,Federal Contract Tower,20,16,26,0,62,0,0,12,0,12,20,16,38,0,74,32,0,32,106
02/27/2012,ECP,FL,ASO,ES,Federal Contract Tower,23,13,10,22,68,0,0,0,0,0,23,13,10,22,68,0,0,0,68
02/28/2012,ECP,FL,ASO,ES,Federal Contract Tower,22,19,26,8,75,0,4,4,0,8,22,23,30,8,83,6,0,6,89
02/29/2012,ECP,FL,ASO,ES,Federal Contract Tower,21,18,25,63,127,0,0,23,2,25,21,18,48,65,152,24,44,68,220
03/01/2012,ECP,FL,ASO,ES,Federal Contract Tower,23,22,33,4,82,0,0,8,0,8,23,22,41,4,90,0,0,0,90
03/02/2012,ECP,FL,ASO,ES,Federal Contract Tower,26,24,44,12,106,0,0,7,0,7,26,24,51,12,113,2,0,2,115
03/03/2012,ECP,FL,ASO,ES,Federal Contract Tower,26,11,11,0,48,0,0,0,0,0,26,11,11,0,48,0,0,0,48
03/04/2012,ECP,FL,ASO,ES,Federal Contract Tower,23,13,31,4,71,0,0,39,0,39,23,13,70,4,110,38,8,46,156
03/05/2012,ECP,FL,ASO,ES,Federal Contract Tower,26,12,24,12,74,0,3,43,22,68,26,15,67,34,142,76,32,108,250
03/06/2012,ECP,FL,ASO,ES,Federal Contract Tower,20,24,29,19,92,0,1,30,19,50,20,25,59,38,142,59,76,135,277
03/07/2012,ECP,FL,ASO,ES,Federal Contract Tower,20,18,18,37,93,0,2,43,11,56,20,20,61,48,149,36,16,52,201
03/08/2012,ECP,FL,ASO,ES,Federal Contract Tower,22,18,33,29,102,0,2,16,4,22,22,20,49,33,124,36,80,116,240
03/09/2012,ECP,FL,ASO,ES,Federal Contract Tower,18,26,28,11,83,0,2,24,0,26,18,28,52,11,109,36,10,46,155
03/10/2012,ECP,FL,ASO,ES,Federal Contract Tower,25,16,30,0,71,0,0,64,0,64,25,16,94,0,135,82,0,82,217
03/11/2012,ECP,FL,ASO,ES,Federal Contract Tower,25,17,36,8,86,0,0,39,0,39,25,17,75,8,125,84,12,96,221
03/12/2012,ECP,FL,ASO,ES,Federal Contract Tower,25,17,17,6,65,0,1,18,0,19,25,18,35,6,84,58,10,68,152
03/13/2012,ECP,FL,ASO,ES,Federal Contract Tower,21,19,29,44,113,0,2,32,6,40,21,21,61,50,153,62,40,102,255
03/14/2012,ECP,FL,ASO,ES,Federal Contract Tower,20,18,25,18,81,0,4,50,9,63,20,22,75,27,144,46,22,68,212
03/15/2012,ECP,FL,ASO,ES,Federal Contract Tower,21,22,46,26,115,0,2,45,8,55,21,24,91,34,170,24,24,48,218
03/16/2012,ECP,FL,ASO,ES,Federal Contract Tower,22,22,57,15,116,0,4,52,8,64,22,26,109,23,180,44,24,68,248
03/17/2012,ECP,FL,ASO,ES,Federal Contract Tower,25,24,60,1,110,0,0,41,1,42,25,24,101,2,152,52,0,52,204
03/18/2012,ECP,FL,ASO,ES,Federal Contract Tower,27,24,58,3,112,0,0,51,0,51,27,24,109,3,163,116,12,128,291
03/19/2012,ECP,FL,ASO,ES,Federal Contract Tower,24,14,22,16,76,0,2,52,4,58,24,16,74,20,134,94,16,110,244
03/20/2012,ECP,FL,ASO,ES,Federal Contract Tower,27,14,12,24,77,0,3,29,4,36,27,17,41,28,113,16,20,36,149
03/21/2012,ECP,FL,ASO,ES,Federal Contract Tower,22,22,27,25,96,0,0,32,10,42,22,22,59,35,138,78,82,160,298
03/22/2012,ECP,FL,ASO,ES,Federal Contract Tower,21,23,37,27,108,0,1,22,4,27,21,24,59,31,135,27,70,97,232
03/23/2012,ECP,FL,ASO,ES,Federal Contract Tower,25,22,32,13,92,0,2,23,0,25,25,24,55,13,117,22,10,32,149
03/24/2012,ECP,FL,ASO,ES,Federal Contract Tower,27,19,31,3,80,0,0,30,5,35,27,19,61,8,115,62,0,62,177
03/25/2012,ECP,FL,ASO,ES,Federal Contract Tower,25,17,33,3,78,0,0,61,0,61,25,17,94,3,139,78,4,82,221
03/26/2012,ECP,FL,ASO,ES,Federal Contract Tower,24,12,19,12,67,0,1,39,12,52,24,13,58,24,119,42,28,70,189
03/27/2012,ECP,FL,ASO,ES,Federal Contract Tower,25,17,17,12,71,0,1,36,2,39,25,18,53,14,110,32,0,32,142
03/28/2012,ECP,FL,ASO,ES,Federal Contract Tower,24,19,38,34,115,0,2,39,6,47,24,21,77,40,162,92,48,140,302
03/29/2012,ECP,FL,ASO,ES,Federal Contract Tower,20,29,38,23,110,0,2,22,11,35,20,31,60,34,145,18,8,26,171
03/30/2012,ECP,FL,ASO,ES,Federal Contract Tower,20,28,40,8,96,0,1,22,3,26,20,29,62,11,122,38,2,40,162
03/31/2012,ECP,FL,ASO,ES,Federal Contract Tower,26,16,30,0,72,0,0,26,0,26,26,16,56,0,98,66,0,66,164
04/01/2012,ECP,FL,ASO,ES,Federal Contract Tower,23,18,44,0,85,0,0,33,3,36,23,18,77,3,121,56,0,56,177
04/02/2012,ECP,FL,ASO,ES,Federal Contract Tower,22,18,28,18,86,0,2,35,3,40,22,20,63,21,126,46,38,84,210
04/03/2012,ECP,FL,ASO,ES,Federal Contract Tower,21,19,43,16,99,0,0,18,2,20,21,19,61,18,119,10,38,48,167
04/04/2012,ECP,FL,ASO,ES,Federal Contract Tower,18,21,42,8,89,0,2,13,7,22,18,23,55,15,111,4,70,74,185
04/05/2012,ECP,FL,ASO,ES,Federal Contract Tower,21,26,43,7,97,0,2,13,0,15,21,28,56,7,112,18,10,28,140
04/06/2012,ECP,FL,ASO,ES,Federal Contract Tower,19,26,60,4,109,0,2,50,10,62,19,28,110,14,171,36,16,52,223
04/07/2012,ECP,FL,ASO,ES,Federal Contract Tower,22,16,35,4,77,0,0,36,0,36,22,16,71,4,113,64,0,64,177
04/08/2012,ECP,FL,ASO,ES,Federal Contract Tower,22,22,24,0,68,0,0,30,0,30,22,22,54,0,98,52,0,52,150
04/09/2012,ECP,FL,ASO,ES,Federal Contract Tower,20,21,49,10,100,0,0,38,8,46,20,21,87,18,146,36,26,62,208
04/10/2012,ECP,FL,ASO,ES,Federal Contract Tower,22,22,27,11,82,0,2,55,15,72,22,24,82,26,154,54,22,76,230
04/11/2012,ECP,FL,ASO,ES,Federal Contract Tower,21,22,33,25,101,0,2,28,8,38,21,24,61,33,139,44,130,174,313
04/12/2012,ECP,FL,ASO,ES,Federal Contract Tower,19,20,35,26,100,0,2,28,8,38,19,22,63,34,138,57,22,79,217
04/13/2012,ECP,FL,ASO,ES,Federal Contract Tower,19,22,42,13,96,0,0,4,47,51,19,22,46,60,147,84,6,90,237
04/14/2012,ECP,FL,ASO,ES,Federal Contract Tower,23,10,36,3,72,0,5,46,1,52,23,15,82,4,124,40,0,40,164
04/15/2012,ECP,FL,ASO,ES,Federal Contract Tower,21,13,31,1,66,0,0,18,2,20,21,13,49,3,86,22,0,22,108
04/16/2012,ECP,FL,ASO,ES,Federal Contract Tower,22,15,18,61,116,0,0,24,17,41,22,15,42,78,157,14,36,50,207
04/17/2012,ECP,FL,ASO,ES,Federal Contract Tower,22,18,19,43,102,0,2,6,8,16,22,20,25,51,118,7,126,133,251
04/18/2012,ECP,FL,ASO,ES,Federal Contract Tower,22,16,11,2,51,0,2,7,2,11,22,18,18,4,62,6,30,36,98
04/19/2012,ECP,FL,ASO,ES,Federal Contract Tower,21,18,32,15,86,0,2,20,4,26,21,20,52,19,112,20,8,28,140
04/20/2012,ECP,FL,ASO,ES,Federal Contract Tower,22,19,38,19,98,0,2,56,3,61,22,21,94,22,159,62,2,64,223
04/21/2012,ECP,FL,ASO,ES,Federal Contract Tower,22,13,11,0,46,0,0,4,0,4,22,13,15,0,50,0,0,0,50
04/22/2012,ECP,FL,ASO,ES,Federal Contract Tower,20,16,29,2,67,0,0,29,4,33,20,16,58,6,100,0,0,0,100
04/23/2012,ECP,FL,ASO,ES,Federal Contract Tower,23,15,23,10,71,0,1,18,12,31,23,16,41,22,102,0,22,22,124
04/24/2012,ECP,FL,ASO,ES,Federal Contract Tower,22,15,29,9,75,0,2,32,3,37,22,17,61,12,112,42,8,50,162
04/25/2012,ECP,FL,ASO,ES,Federal Contract Tower,19,18,24,10,71,0,0,27,0,27,19,18,51,10,98,14,0,14,112
04/26/2012,ECP,FL,ASO,ES,Federal Contract Tower,21,28,46,16,111,0,2,20,13,35,21,30,66,29,146,9,22,31,177
04/27/2012,ECP,FL,ASO,ES,Federal Contract Tower,21,22,54,20,117,0,2,56,5,63,21,24,110,25,180,63,38,101,281
04/28/2012,ECP,FL,ASO,ES,Federal Contract Tower,23,14,22,0,59,0,4,45,0,49,23,18,67,0,108,54,0,54,162
04/29/2012,ECP,FL,ASO,ES,Federal Contract Tower,21,14,40,3,78,0,1,70,0,71,21,15,110,3,149,94,0,94,243
04/30/2012,ECP,FL,ASO,ES,Federal Contract Tower,24,16,16,23,79,0,2,38,12,52,24,18,54,35,131,24,16,40,171
05/01/2012,ECP,FL,ASO,ES,Federal Contract Tower,23,13,17,21,74,0,2,16,7,25,23,15,33,28,99,4,46,50,149
05/02/2012,ECP,FL,ASO,ES,Federal Contract Tower,19,16,14,8,57,0,2,38,15,55,19,18,52,23,112,22,6,28,140
05/03/2012,ECP,FL,ASO,ES,Federal Contract Tower,23,19,37,2,81,0,2,18,2,22,23,21,55,4,103,0,0,0,103
05/04/2012,ECP,FL,ASO,ES,Federal Contract Tower,22,14,26,7,69,0,2,34,3,39,22,16,60,10,108,26,0,26,134
05/05/2012,ECP,FL,ASO,ES,Federal Contract Tower,26,12,31,0,69,0,0,45,6,51,26,12,76,6,120,32,0,32,152
05/06/2012,ECP,FL,ASO,ES,Federal Contract Tower,23,14,35,0,72,0,0,38,7,45,23,14,73,7,117,20,0,20,137
05/07/2012,ECP,FL,ASO,ES,Federal Contract Tower,25,16,26,8,75,0,2,34,3,39,25,18,60,11,114,12,36,48,162
05/08/2012,ECP,FL,ASO,ES,Federal Contract Tower,25,17,28,18,88,0,2,19,0,21,25,19,47,18,109,12,32,44,153
05/09/2012,ECP,FL,ASO,ES,Federal Contract Tower,19,20,22,19,80,0,2,17,5,24,19,22,39,24,104,12,48,60,164
05/10/2012,ECP,FL,ASO,ES,Federal Contract Tower,23,20,34,20,97,0,2,42,17,61,23,22,76,37,158,20,28,48,206
05/11/2012,ECP,FL,ASO,ES,Federal Contract Tower,23,17,31,18,89,0,1,45,1,47,23,18,76,19,136,54,14,68,204
05/12/2012,ECP,FL,ASO,ES,Federal Contract Tower,27,11,21,4,63,0,0,15,0,15,27,11,36,4,78,40,0,40,118
05/13/2012,ECP,FL,ASO,ES,Federal Contract Tower,20,18,28,0,66,0,0,17,3,20,20,18,45,3,86,16,4,20,106
05/14/2012,ECP,FL,ASO,ES,Federal Contract Tower,21,17,37,24,99,0,3,38,5,46,21,20,75,29,145,10,96,106,251
05/15/2012,ECP,FL,ASO,ES,Federal Contract Tower,23,21,32,18,94,0,2,41,7,50,23,23,73,25,144,30,38,68,212
05/16/2012,ECP,FL,ASO,ES,Federal Contract Tower,19,22,31,15,87,0,2,16,1,19,19,24,47,16,106,0,10,10,116
05/17/2012,ECP,FL,ASO,ES,Federal Contract Tower,24,15,38,12,89,0,3,29,6,38,24,18,67,18,127,16,10,26,153
05/18/2012,ECP,FL,ASO,ES,Federal Contract Tower,25,21,41,6,93,0,2,72,2,76,25,23,113,8,169,52,18,70,239
05/19/2012,ECP,FL,ASO,ES,Federal Contract Tower,29,14,14,2,59,0,0,52,0,52,29,14,66,2,111,36,0,36,147
05/20/2012,ECP,FL,ASO,ES,Federal Contract Tower,21,16,29,3,69,0,2,58,0,60,21,18,87,3,129,80,6,86,215
05/21/2012,ECP,FL,ASO,ES,Federal Contract Tower,23,12,24,12,71,0,2,20,1,23,23,14,44,13,94,26,22,48,142
05/22/2012,ECP,FL,ASO,ES,Federal Contract Tower,22,15,28,14,79,0,2,22,4,28,22,17,50,18,107,28,60,88,195
05/23/2012,ECP,FL,ASO,ES,Federal Contract Tower,18,19,35,20,92,0,2,28,2,32,18,21,63,22,124,16,78,94,218
05/24/2012,ECP,FL,ASO,ES,Federal Contract Tower,23,23,51,14,111,0,2,44,12,58,23,25,95,26,169,50,54,104,273
05/25/2012,ECP,FL,ASO,ES,Federal Contract Tower,24,22,68,0,114,0,2,96,0,98,24,24,164,0,212,54,0,54,266
05/26/2012,ECP,FL,ASO,ES,Federal Contract Tower,28,14,34,0,76,0,0,55,0,55,28,14,89,0,131,94,0,94,225
05/27/2012,ECP,FL,ASO,ES,Federal Contract Tower,22,14,24,0,60,0,0,46,0,46,22,14,70,0,106,56,0,56,162
05/28/2012,ECP,FL,ASO,ES,Federal Contract Tower,25,16,45,0,86,0,0,35,0,35,25,16,80,0,121,50,0,50,171
05/29/2012,ECP,FL,ASO,ES,Federal Contract Tower,23,18,41,12,94,0,2,17,17,36,23,20,58,29,130,28,20,48,178
05/30/2012,ECP,FL,ASO,ES,Federal Contract Tower,22,19,31,8,80,0,2,33,6,41,22,21,64,14,121,31,15,46,167
05/31/2012,ECP,FL,ASO,ES,Federal Contract Tower,23,27,34,16,100,0,4,30,19,53,23,31,64,35,153,8,66,74,227
06/01/2012,ECP,FL,ASO,ES,Federal Contract Tower,22,26,47,2,97,0,2,26,0,28,22,28,73,2,125,28,20,48,173
06/02/2012,ECP,FL,ASO,ES,Federal Contract Tower,25,13,35,0,73,0,1,62,0,63,25,14,97,0,136,95,0,95,231
06/03/2012,ECP,FL,ASO,ES,Federal Contract Tower,24,18,49,4,95,0,3,53,2,58,24,21,102,6,153,84,2,86,239
06/04/2012,ECP,FL,ASO,ES,Federal Contract Tower,29,15,28,4,76,0,3,29,1,33,29,18,57,5,109,18,38,56,165
06/05/2012,ECP,FL,ASO,ES,Federal Contract Tower,27,23,35,18,103,0,2,7,5,14,27,25,42,23,117,24,62,86,203
06/06/2012,ECP,FL,ASO,ES,Federal Contract Tower,27,19,35,11,92,0,2,24,9,35,27,21,59,20,127,35,36,71,198
06/07/2012,ECP,FL,ASO,ES,Federal Contract Tower,25,21,40,7,93,0,2,30,2,34,25,23,70,9,127,44,14,58,185
06/08/2012,ECP,FL,ASO,ES,Federal Contract Tower,31,22,36,2,91,0,2,27,0,29,31,24,63,2,120,34,0,34,154
06/09/2012,ECP,FL,ASO,ES,Federal Contract Tower,26,22,27,0,75,0,0,11,0,11,26,22,38,0,86,14,0,14,100
06/10/2012,ECP,FL,ASO,ES,Federal Contract Tower,33,18,48,0,99,0,0,8,10,18,33,18,56,10,117,18,0,18,135
06/11/2012,ECP,FL,ASO,ES,Federal Contract Tower,31,12,25,21,89,0,2,15,2,19,31,14,40,23,108,38,0,38,146
06/12/2012,ECP,FL,ASO,ES,Federal Contract Tower,29,22,26,18,95,0,2,26,0,28,29,24,52,18,123,48,2,50,173
06/13/2012,ECP,FL,ASO,ES,Federal Contract Tower,30,18,41,29,118,0,2,19,14,35,30,20,60,43,153,32,52,84,237
06/14/2012,ECP,FL,ASO,ES,Federal Contract Tower,27,22,42,6,97,0,0,31,7,38,27,22,73,13,135,65,34,99,234
06/15/2012,ECP,FL,ASO,ES,Federal Contract Tower,29,17,42,7,95,0,2,30,0,32,29,19,72,7,127,52,26,78,205
06/16/2012,ECP,FL,ASO,ES,Federal Contract Tower,26,16,55,0,97,0,0,57,0,57,26,16,112,0,154,108,0,108,262
06/17/2012,ECP,FL,ASO,ES,Federal Contract Tower,30,21,37,0,88,0,0,51,13,64,30,21,88,13,152,66,28,94,246
06/18/2012,ECP,FL,ASO,ES,Federal Contract Tower,31,13,38,36,118,0,3,23,10,36,31,16,61,46,154,42,54,96,250
06/19/2012,ECP,FL,ASO,ES,Federal Contract Tower,29,14,19,29,91,0,2,19,10,31,29,16,38,39,122,90,46,136,258
06/20/2012,ECP,FL,ASO,ES,Federal Contract Tower,29,17,28,21,95,0,5,38,5,48,29,22,66,26,143,40,84,124,267
06/21/2012,ECP,FL,ASO,ES,Federal Contract Tower,29,17,34,17,97,0,2,32,4,38,29,19,66,21,135,40,18,58,193
06/22/2012,ECP,FL,ASO,ES,Federal Contract Tower,27,24,53,1,105,0,4,37,9,50,27,28,90,10,155,94,28,122,277
06/23/2012,ECP,FL,ASO,ES,Federal Contract Tower,26,22,44,0,92,0,0,47,0,47,26,22,91,0,139,108,0,108,247
06/24/2012,ECP,FL,ASO,ES,Federal Contract Tower,29,22,20,0,71,0,0,2,0,2,29,22,22,0,73,0,0,0,73
06/25/2012,ECP,FL,ASO,ES,Federal Contract Tower,30,16,12,0,58,0,1,2,0,3,30,17,14,0,61,0,0,0,61
06/26/2012,ECP,FL,ASO,ES,Federal Contract Tower,31,16,16,4,67,0,2,4,2,8,31,18,20,6,75,22,16,38,113
06/27/2012,ECP,FL,ASO,ES,Federal Contract Tower,29,22,21,18,90,0,2,35,31,68,29,24,56,49,158,54,38,92,250
06/28/2012,ECP,FL,ASO,ES,Federal Contract Tower,31,19,37,39,126,0,2,42,14,58,31,21,79,53,184,54,44,98,282
06/29/2012,ECP,FL,ASO,ES,Federal Contract Tower,28,16,44,11,99,0,2,65,9,76,28,18,109,20,175,42,6,48,223
06/30/2012,ECP,FL,ASO,ES,Federal Contract Tower,26,25,51,0,102,0,2,47,0,49,26,27,98,0,151,84,0,84,235
07/01/2012,ECP,FL,ASO,ES,Federal Contract Tower,25,14,47,1,87,0,0,0,0,0,25,14,47,1,87,70,18,88,175
07/02/2012,ECP,FL,ASO,ES,Federal Contract Tower,33,12,36,36,117,0,2,20,2,24,33,14,56,38,141,54,14,68,209
07/03/2012,ECP,FL,ASO,ES,Federal Contract Tower,32,22,32,1,87,0,4,23,0,27,32,26,55,1,114,60,2,62,176
07/04/2012,ECP,FL,ASO,ES,Federal Contract Tower,29,3,19,2,53,0,0,18,0,18,29,3,37,2,71,36,4,40,111
07/05/2012,ECP,FL,ASO,ES,Federal Contract Tower,27,13,47,15,102,0,2,39,7,48,27,15,86,22,150,60,54,114,264
07/06/2012,ECP,FL,ASO,ES,Federal Contract Tower,28,20,39,4,91,0,2,28,0,30,28,22,67,4,121,50,6,56,177
07/07/2012,ECP,FL,ASO,ES,Federal Contract Tower,26,22,51,2,101,0,2,46,0,48,26,24,97,2,149,96,0,96,245
07/08/2012,ECP,FL,ASO,ES,Federal Contract Tower,27,14,56,2,99,0,0,51,0,51,27,14,107,2,150,92,0,92,242
07/09/2012,ECP,FL,ASO,ES,Federal Contract Tower,27,13,25,23,88,0,2,24,3,29,27,15,49,26,117,74,60,134,251
07/10/2012,ECP,FL,ASO,ES,Federal Contract Tower,28,18,15,22,83,0,2,27,3,32,28,20,42,25,115,47,6,53,168
07/11/2012,ECP,FL,ASO,ES,Federal Contract Tower,23,18,25,4,70,0,2,25,0,27,23,20,50,4,97,48,6,54,151
07/12/2012,ECP,FL,ASO,ES,Federal Contract Tower,24,21,55,19,119,0,3,31,0,34,24,24,86,19,153,38,36,74,227
07/13/2012,ECP,FL,ASO,ES,Federal Contract Tower,23,19,40,15,97,0,2,19,1,22,23,21,59,16,119,56,36,92,211
07/14/2012,ECP,FL,ASO,ES,Federal Contract Tower,25,27,43,0,95,0,0,16,0,16,25,27,59,0,111,84,0,84,195
07/15/2012,ECP,FL,ASO,ES,Federal Contract Tower,23,22,53,0,98,0,0,29,4,33,23,22,82,4,131,88,10,98,229
07/16/2012,ECP,FL,ASO,ES,Federal Contract Tower,23,19,34,26,102,0,2,36,11,49,23,21,70,37,151,38,12,50,201
07/17/2012,ECP,FL,ASO,ES,Federal Contract Tower,23,23,26,0,72,0,2,8,0,10,23,25,34,0,82,30,2,32,114
07/18/2012,ECP,FL,ASO,ES,Federal Contract Tower,21,30,30,2,83,0,2,25,1,28,21,32,55,3,111,46,4,50,161
07/19/2012,ECP,FL,ASO,ES,Federal Contract Tower,23,19,42,12,96,0,2,21,4,27,23,21,63,16,123,86,0,86,209
07/20/2012,ECP,FL,ASO,ES,Federal Contract Tower,23,26,53,12,114,0,2,11,0,13,23,28,64,12,127,25,0,25,152
07/21/2012,ECP,FL,ASO,ES,Federal Contract Tower,25,20,33,0,78,0,0,25,0,25,25,20,58,0,103,96,0,96,199
07/22/2012,ECP,FL,ASO,ES,Federal Contract Tower,23,12,42,2,79,0,0,30,0,30,23,12,72,2,109,80,0,80,189
07/23/2012,ECP,FL,ASO,ES,Federal Contract Tower,23,16,44,18,101,0,2,43,5,50,23,18,87,23,151,42,22,64,215
07/24/2012,ECP,FL,ASO,ES,Federal Contract Tower,22,21,23,13,79,0,1,11,15,27,22,22,34,28,106,50,0,50,156
07/25/2012,ECP,FL,ASO,ES,Federal Contract Tower,23,21,38,4,86,0,1,30,2,33,23,22,68,6,119,46,0,46,165
07/26/2012,ECP,FL,ASO,ES,Federal Contract Tower,23,21,35,3,82,0,3,33,5,41,23,24,68,8,123,48,18,66,189
07/27/2012,ECP,FL,ASO,ES,Federal Contract Tower,23,26,46,4,99,0,2,21,0,23,23,28,67,4,122,62,0,62,184
07/28/2012,ECP,FL,ASO,ES,Federal Contract Tower,25,22,34,0,81,0,0,25,0,25,25,22,59,0,106,92,0,92,198
07/29/2012,ECP,FL,ASO,ES,Federal Contract Tower,23,22,53,0,98,0,0,44,2,46,23,22,97,2,144,82,6,88,232
07/30/2012,ECP,FL,ASO,ES,Federal Contract Tower,21,16,31,4,72,0,2,14,2,18,21,18,45,6,90,54,14,68,158
07/31/2012,ECP,FL,ASO,ES,Federal Contract Tower,23,27,31,10,91,0,2,14,4,20,23,29,45,14,111,16,22,38,149
08/01/2012,ECP,FL,ASO,ES,Federal Contract Tower,23,19,29,31,102,0,2,34,0,36,23,21,63,31,138,58,40,98,236
08/02/2012,ECP,FL,ASO,ES,Federal Contract Tower,24,21,36,13,94,0,2,19,3,24,24,23,55,16,118,36,18,54,172
08/03/2012,ECP,FL,ASO,ES,Federal Contract Tower,24,27,62,2,115,0,2,35,2,39,24,29,97,4,154,112,0,112,266
08/04/2012,ECP,FL,ASO,ES,Federal Contract Tower,27,18,22,0,67,0,0,38,0,38,27,18,60,0,105,110,0,110,215
08/05/2012,ECP,FL,ASO,ES,Federal Contract Tower,24,17,36,2,79,0,0,31,0,31,24,17,67,2,110,66,0,66,176
08/06/2012,ECP,FL,ASO,ES,Federal Contract Tower,27,18,22,6,73,0,2,2,0,4,27,20,24,6,77,0,0,0,77
08/07/2012,ECP,FL,ASO,ES,Federal Contract Tower,24,22,31,8,85,0,0,11,4,15,24,22,42,12,100,32,4,36,136
08/08/2012,ECP,FL,ASO,ES,Federal Contract Tower,25,25,29,3,82,0,2,28,4,34,25,27,57,7,116,46,46,92,208
08/09/2012,ECP,FL,ASO,ES,Federal Contract Tower,22,19,25,12,78,0,2,7,2,11,22,21,32,14,89,6,14,20,109
08/10/2012,ECP,FL,ASO,ES,Federal Contract Tower,21,21,31,0,73,0,2,27,0,29,21,23,58,0,102,50,0,50,152
08/11/2012,ECP,FL,ASO,ES,Federal Contract Tower,25,13,24,0,62,0,0,14,0,14,25,13,38,0,76,73,0,73,149
08/12/2012,ECP,FL,ASO,ES,Federal Contract Tower,23,21,36,2,82,0,0,53,3,56,23,21,89,5,138,80,12,92,230
08/13/2012,ECP,FL,ASO,ES,Federal Contract Tower,23,20,31,9,83,0,2,33,6,41,23,22,64,15,124,78,42,120,244
08/14/2012,ECP,FL,ASO,ES,Federal Contract Tower,23,22,24,4,73,0,2,18,0,20,23,24,42,4,93,24,24,48,141
08/15/2012,ECP,FL,ASO,ES,Federal Contract Tower,21,29,21,18,89,0,2,26,4,32,21,31,47,22,121,50,32,82,203
08/16/2012,ECP,FL,ASO,ES,Federal Contract Tower,20,18,45,7,90,0,6,30,1,37,20,24,75,8,127,56,12,68,195
08/17/2012,ECP,FL,ASO,ES,Federal Contract Tower,23,23,33,2,81,0,2,22,2,26,23,25,55,4,107,42,0,42,149
08/18/2012,ECP,FL,ASO,ES,Federal Contract Tower,21,17,21,0,59,0,0,56,0,56,21,17,77,0,115,120,0,120,235
08/19/2012,ECP,FL,ASO,ES,Federal Contract Tower,20,16,15,2,53,0,0,13,5,18,20,16,28,7,71,18,36,54,125
08/20/2012,ECP,FL,ASO,ES,Federal Contract Tower,24,14,21,0,59,0,2,3,0,5,24,16,24,0,64,0,0,0,64
08/21/2012,ECP,FL,ASO,ES,Federal Contract Tower,21,17,18,6,62,0,2,18,9,29,21,19,36,15,91,10,18,28,119
08/22/2012,ECP,FL,ASO,ES,Federal Contract Tower,21,17,28,15,81,2,2,25,1,30,23,19,53,16,111,28,26,54,165
08/23/2012,ECP,FL,ASO,ES,Federal Contract Tower,23,20,29,10,82,0,2,23,16,41,23,22,52,26,123,46,64,110,233
08/24/2012,ECP,FL,ASO,ES,Federal Contract Tower,22,23,24,3,72,0,2,51,1,54,22,25,75,4,126,80,12,92,218
08/25/2012,ECP,FL,ASO,ES,Federal Contract Tower,25,13,24,2,64,0,0,62,0,62,25,13,86,2,126,116,0,116,242
08/26/2012,ECP,FL,ASO,ES,Federal Contract Tower,21,18,22,1,62,0,0,53,0,53,21,18,75,1,115,34,0,34,149
08/27/2012,ECP,FL,ASO,ES,Federal Contract Tower,21,19,7,0,47,0,1,4,0,5,21,20,11,0,52,0,0,0,52
08/28/2012,ECP,FL,ASO,ES,Federal Contract Tower,19,17,0,0,36,0,2,0,0,2,19,19,0,0,38,0,0,0,38
08/29/2012,ECP,FL,ASO,ES,Federal Contract Tower,23,20,1,0,44,0,0,0,0,0,23,20,1,0,44,0,0,0,44
08/30/2012,ECP,FL,ASO,ES,Federal Contract Tower,22,20,13,1,56,0,2,6,3,11,22,22,19,4,67,19,0,19,86
08/31/2012,ECP,FL,ASO,ES,Federal Contract Tower,21,28,61,2,112,0,2,26,0,28,21,30,87,2,140,102,2,104,244
09/01/2012,ECP,FL,ASO,ES,Federal Contract Tower,20,13,20,0,53,0,0,19,0,19,20,13,39,0,72,78,0,78,150
09/02/2012,ECP,FL,ASO,ES,Federal Contract Tower,17,11,18,0,46,0,0,32,0,32,17,11,50,0,78,102,2,104,182
09/03/2012,ECP,FL,ASO,ES,Federal Contract Tower,21,17,55,4,97,0,0,22,0,22,21,17,77,4,119,24,0,24,143
09/04/2012,ECP,FL,ASO,ES,Federal Contract Tower,24,16,11,0,51,0,1,1,0,2,24,17,12,0,53,0,0,0,53
09/05/2012,ECP,FL,ASO,ES,Federal Contract Tower,28,11,32,11,82,0,2,1,1,4,28,13,33,12,86,4,12,16,102
09/06/2012,ECP,FL,ASO,ES,Federal Contract Tower,28,11,31,21,91,0,3,26,14,43,28,14,57,35,134,53,65,118,252
09/07/2012,ECP,FL,ASO,ES,Federal Contract Tower,30,9,39,34,112,0,2,32,3,37,30,11,71,37,149,28,14,42,191
09/08/2012,ECP,FL,ASO,ES,Federal Contract Tower,29,1,11,6,47,0,0,10,4,14,29,1,21,10,61,20,0,20,81
09/09/2012,ECP,FL,ASO,ES,Federal Contract Tower,28,4,43,4,79,0,0,47,1,48,28,4,90,5,127,22,22,44,171
09/10/2012,ECP,FL,ASO,ES,Federal Contract Tower,29,5,20,14,68,0,2,22,4,28,29,7,42,18,96,32,10,42,138
09/11/2012,ECP,FL,ASO,ES,Federal Contract Tower,27,7,25,13,72,0,2,23,5,30,27,9,48,18,102,6,20,26,128
09/12/2012,ECP,FL,ASO,ES,Federal Contract Tower,28,3,18,21,70,0,2,17,6,25,28,5,35,27,95,22,6,28,123
09/13/2012,ECP,FL,ASO,ES,Federal Contract Tower,27,4,21,6,58,2,2,16,2,22,29,6,37,8,80,6,16,22,102
09/14/2012,ECP,FL,ASO,ES,Federal Contract Tower,30,7,40,27,104,0,2,41,2,45,30,9,81,29,149,42,20,62,211
09/15/2012,ECP,FL,ASO,ES,Federal Contract Tower,28,2,7,4,41,0,2,27,0,29,28,4,34,4,70,47,0,47,117
09/16/2012,ECP,FL,ASO,ES,Federal Contract Tower,28,9,27,4,68,0,0,28,2,30,28,9,55,6,98,12,0,12,110
09/17/2012,ECP,FL,ASO,ES,Federal Contract Tower,28,7,23,12,70,0,2,10,6,18,28,9,33,18,88,14,34,48,136
09/18/2012,ECP,FL,ASO,ES,Federal Contract Tower,23,6,13,10,52,0,2,7,2,11,23,8,20,12,63,16,32,48,111
09/19/2012,ECP,FL,ASO,ES,Federal Contract Tower,28,5,22,20,75,0,2,37,19,58,28,7,59,39,133,68,42,110,243
09/20/2012,ECP,FL,ASO,ES,Federal Contract Tower,28,9,29,6,72,0,2,24,7,33,28,11,53,13,105,66,0,66,171
09/21/2012,ECP,FL,ASO,ES,Federal Contract Tower,28,5,44,9,86,0,4,23,1,28,28,9,67,10,114,28,0,28,142
09/22/2012,ECP,FL,ASO,ES,Federal Contract Tower,28,1,11,0,40,0,0,49,0,49,28,1,60,0,89,30,0,30,119
09/23/2012,ECP,FL,ASO,ES,Federal Contract Tower,25,6,51,1,83,0,0,67,0,67,25,6,118,1,150,38,14,52,202
09/24/2012,ECP,FL,ASO,ES,Federal Contract Tower,27,11,18,10,66,0,2,43,7,52,27,13,61,17,118,36,4,40,158
09/25/2012,ECP,FL,ASO,ES,Federal Contract Tower,29,10,18,36,93,0,2,14,11,27,29,12,32,47,120,34,48,82,202
09/26/2012,ECP,FL,ASO,ES,Federal Contract Tower,30,9,20,11,70,0,2,17,4,23,30,11,37,15,93,12,8,20,113
09/27/2012,ECP,FL,ASO,ES,Federal Contract Tower,28,5,30,20,83,0,2,15,13,30,28,7,45,33,113,8,145,153,266
09/28/2012,ECP,FL,ASO,ES,Federal Contract Tower,27,6,34,13,80,0,2,38,2,42,27,8,72,15,122,76,42,118,240
09/29/2012,ECP,FL,ASO,ES,Federal Contract Tower,27,4,23,4,58,0,0,21,2,23,27,4,44,6,81,42,12,54,135
09/30/2012,ECP,FL,ASO,ES,Federal Contract Tower,27,0,31,3,61,0,0,3,0,3,27,0,34,3,64,2,0,2,66
10/01/2012,ECP,FL,ASO,ES,Federal Contract Tower,28,2,5,2,37,0,2,2,0,4,28,4,7,2,41,4,0,4,45
10/02/2012,ECP,FL,ASO,ES,Federal Contract Tower,28,7,28,9,72,0,2,12,7,21,28,9,40,16,93,12,60,72,165
10/03/2012,ECP,FL,ASO,ES,Federal Contract Tower,26,14,30,4,74,0,2,39,4,45,26,16,69,8,119,42,2,44,163
10/04/2012,ECP,FL,ASO,ES,Federal Contract Tower,28,16,32,10,86,0,2,19,1,22,28,18,51,11,108,66,0,66,174
10/05/2012,ECP,FL,ASO,ES,Federal Contract Tower,25,8,35,12,80,0,2,24,0,26,25,10,59,12,106,46,0,46,152
10/06/2012,ECP,FL,ASO,ES,Federal Contract Tower,29,7,32,0,68,0,0,31,0,31,29,7,63,0,99,20,0,20,119
10/07/2012,ECP,FL,ASO,ES,Federal Contract Tower,27,6,36,0,69,0,0,49,0,49,27,6,85,0,118,16,0,16,134
10/08/2012,ECP,FL,ASO,ES,Federal Contract Tower,26,7,33,0,66,0,2,30,0,32,26,9,63,0,98,32,0,32,130
10/09/2012,ECP,FL,ASO,ES,Federal Contract Tower,28,6,26,13,73,0,2,21,14,37,28,8,47,27,110,24,38,62,172
10/10/2012,ECP,FL,ASO,ES,Federal Contract Tower,30,7,30,10,77,0,2,29,4,35,30,9,59,14,112,28,0,28,140
10/11/2012,ECP,FL,ASO,ES,Federal Contract Tower,28,7,32,12,79,0,2,25,0,27,28,9,57,12,106,16,0,16,122
10/12/2012,ECP,FL,ASO,ES,Federal Contract Tower,28,14,31,10,83,0,2,40,2,44,28,16,71,12,127,36,8,44,171
10/13/2012,ECP,FL,ASO,ES,Federal Contract Tower,30,3,22,1,56,0,0,34,2,36,30,3,56,3,92,32,14,46,138
10/14/2012,ECP,FL,ASO,ES,Federal Contract Tower,30,9,37,0,76,0,0,25,0,25,30,9,62,0,101,50,0,50,151
10/15/2012,ECP,FL,ASO,ES,Federal Contract Tower,29,10,27,12,78,0,2,35,3,40,29,12,62,15,118,32,10,42,160
10/16/2012,ECP,FL,ASO,ES,Federal Contract Tower,28,10,40,10,88,0,2,25,1,28,28,12,65,11,116,34,4,38,154
10/17/2012,ECP,FL,ASO,ES,Federal Contract Tower,29,9,26,12,76,0,2,30,8,40,29,11,56,20,116,72,48,120,236
10/18/2012,ECP,FL,ASO,ES,Federal Contract Tower,29,11,33,0,73,0,1,6,0,7,29,12,39,0,80,0,5,5,85
10/19/2012,ECP,FL,ASO,ES,Federal Contract Tower,26,14,43,14,97,0,5,47,9,61,26,19,90,23,158,20,12,32,190
10/20/2012,ECP,FL,ASO,ES,Federal Contract Tower,30,2,26,1,59,0,0,24,0,24,30,2,50,1,83,0,0,0,83
10/21/2012,ECP,FL,ASO,ES,Federal Contract Tower,28,2,50,2,82,0,0,25,6,31,28,2,75,8,113,34,0,34,147
10/22/2012,ECP,FL,ASO,ES,Federal Contract Tower,31,8,26,9,74,0,2,18,6,26,31,10,44,15,100,4,20,24,124
10/23/2012,ECP,FL,ASO,ES,Federal Contract Tower,29,10,16,6,61,0,2,11,12,25,29,12,27,18,86,2,20,22,108
10/24/2012,ECP,FL,ASO,ES,Federal Contract Tower,29,7,28,8,72,0,3,26,9,38,29,10,54,17,110,42,54,96,206
10/25/2012,ECP,FL,ASO,ES,Federal Contract Tower,28,9,22,4,63,0,2,24,4,30,28,11,46,8,93,30,24,54,147
10/26/2012,ECP,FL,ASO,ES,Federal Contract Tower,29,7,35,3,74,0,2,31,2,35,29,9,66,5,109,18,26,44,153
10/27/2012,ECP,FL,ASO,ES,Federal Contract Tower,28,4,15,5,52,0,0,7,1,8,28,4,22,6,60,20,0,20,80
10/28/2012,ECP,FL,ASO,ES,Federal Contract Tower,27,8,33,1,69,0,0,9,4,13,27,8,42,5,82,10,16,26,108
10/29/2012,ECP,FL,ASO,ES,Federal Contract Tower,22,7,14,1,44,0,2,29,3,34,22,9,43,4,78,0,8,8,86
10/30/2012,ECP,FL,ASO,ES,Federal Contract Tower,23,4,25,7,59,0,2,12,0,14,23,6,37,7,73,12,12,24,97
10/31/2012,ECP,FL,ASO,ES,Federal Contract Tower,25,6,18,5,54,0,2,28,2,32,25,8,46,7,86,46,12,58,144
11/01/2012,ECP,FL,ASO,ES,Federal Contract Tower,29,11,29,5,74,0,2,28,6,36,29,13,57,11,110,8,36,44,154
11/02/2012,ECP,FL,ASO,ES,Federal Contract Tower,28,4,55,4,91,0,0,65,2,67,28,4,120,6,158,24,2,26,184
11/03/2012,ECP,FL,ASO,ES,Federal Contract Tower,28,3,23,0,54,0,0,31,0,31,28,3,54,0,85,30,0,30,115
11/04/2012,ECP,FL,ASO,ES,Federal Contract Tower,26,4,44,1,75,0,0,21,3,24,26,4,65,4,99,24,0,24,123
11/05/2012,ECP,FL,ASO,ES,Federal Contract Tower,23,1,26,13,63,0,2,24,6,32,23,3,50,19,95,34,16,50,145
11/06/2012,ECP,FL,ASO,ES,Federal Contract Tower,24,5,14,11,54,0,2,9,21,32,24,7,23,32,86,36,78,114,200
11/07/2012,ECP,FL,ASO,ES,Federal Contract Tower,25,7,13,13,58,0,2,15,5,22,25,9,28,18,80,4,54,58,138
11/08/2012,ECP,FL,ASO,ES,Federal Contract Tower,25,3,19,34,81,0,2,28,10,40,25,5,47,44,121,6,22,28,149
11/09/2012,ECP,FL,ASO,ES,Federal Contract Tower,25,6,16,9,56,0,2,52,1,55,25,8,68,10,111,62,24,86,197
11/10/2012,ECP,FL,ASO,ES,Federal Contract Tower,25,2,11,0,38,0,0,37,0,37,25,2,48,0,75,22,0,22,97
11/11/2012,ECP,FL,ASO,ES,Federal Contract Tower,25,2,28,0,55,0,0,40,2,42,25,2,68,2,97,32,18,50,147
11/12/2012,ECP,FL,ASO,ES,Federal Contract Tower,25,3,14,3,45,0,0,21,0,21,25,3,35,3,66,20,0,20,86
11/13/2012,ECP,FL,ASO,ES,Federal Contract Tower,25,8,25,13,71,0,2,22,0,24,25,10,47,13,95,18,26,44,139
11/14/2012,ECP,FL,ASO,ES,Federal Contract Tower,24,13,23,12,72,0,0,2,0,2,24,13,25,12,74,0,0,0,74
11/15/2012,ECP,FL,ASO,ES,Federal Contract Tower,23,3,40,3,69,0,2,4,4,10,23,5,44,7,79,8,2,10,89
11/16/2012,ECP,FL,ASO,ES,Federal Contract Tower,25,10,25,10,70,0,0,11,0,11,25,10,36,10,81,8,4,12,93
11/17/2012,ECP,FL,ASO,ES,Federal Contract Tower,25,4,18,0,47,0,0,26,0,26,25,4,44,0,73,6,16,22,95
11/18/2012,ECP,FL,ASO,ES,Federal Contract Tower,25,3,24,0,52,0,0,30,0,30,25,3,54,0,82,24,0,24,106
11/19/2012,ECP,FL,ASO,ES,Federal Contract Tower,25,7,17,8,57,0,4,28,9,41,25,11,45,17,98,16,42,58,156
11/20/2012,ECP,FL,ASO,ES,Federal Contract Tower,24,7,47,2,80,0,2,29,4,35,24,9,76,6,115,44,4,48,163
11/21/2012,ECP,FL,ASO,ES,Federal Contract Tower,27,7,35,10,79,0,2,21,10,33,27,9,56,20,112,38,26,64,176
11/22/2012,ECP,FL,ASO,ES,Federal Contract Tower,17,4,2,0,23,0,0,18,0,18,17,4,20,0,41,4,0,4,45
11/23/2012,ECP,FL,ASO,ES,Federal Contract Tower,19,7,27,0,53,0,3,21,0,24,19,10,48,0,77,8,0,8,85
11/24/2012,ECP,FL,ASO,ES,Federal Contract Tower,24,4,19,0,47,0,2,19,0,21,24,6,38,0,68,22,0,22,90
11/25/2012,ECP,FL,ASO,ES,Federal Contract Tower,28,6,71,0,105,0,0,35,0,35,28,6,106,0,140,20,0,20,160
11/26/2012,ECP,FL,ASO,ES,Federal Contract Tower,26,8,9,35,78,0,4,10,13,27,26,12,19,48,105,46,97,143,248
11/27/2012,ECP,FL,ASO,ES,Federal Contract Tower,21,10,13,6,50,0,1,0,0,1,21,11,13,6,51,0,9,9,60
11/28/2012,ECP,FL,ASO,ES,Federal Contract Tower,20,7,18,6,51,0,1,16,4,21,20,8,34,10,72,81,48,129,201
11/29/2012,ECP,FL,ASO,ES,Federal Contract Tower,18,5,25,12,60,0,2,28,3,33,18,7,53,15,93,26,16,42,135
11/30/2012,ECP,FL,ASO,ES,Federal Contract Tower,21,5,20,17,63,0,2,17,9,28,21,7,37,26,91,24,4,28,119
12/01/2012,ECP,FL,ASO,ES,Federal Contract Tower,22,2,11,1,36,0,0,28,0,28,22,2,39,1,64,23,12,35,99
12/02/2012,ECP,FL,ASO,ES,Federal Contract Tower,21,1,25,3,50,0,0,35,3,38,21,1,60,6,88,46,20,66,154
12/03/2012,ECP,FL,ASO,ES,Federal Contract Tower,22,3,13,20,58,0,4,23,12,39,22,7,36,32,97,38,24,62,159
12/04/2012,ECP,FL,ASO,ES,Federal Contract Tower,21,4,9,9,43,0,4,9,6,19,21,8,18,15,62,4,52,56,118
12/05/2012,ECP,FL,ASO,ES,Federal Contract Tower,21,6,15,35,77,0,2,17,1,20,21,8,32,36,97,40,80,120,217
12/06/2012,ECP,FL,ASO,ES,Federal Contract Tower,20,3,16,21,60,0,2,25,14,41,20,5,41,35,101,2,32,34,135
12/07/2012,ECP,FL,ASO,ES,Federal Contract Tower,21,4,17,24,66,0,4,7,0,11,21,8,24,24,77,0,10,10,87
12/08/2012,ECP,FL,ASO,ES,Federal Contract Tower,19,1,10,0,30,0,0,5,0,5,19,1,15,0,35,32,0,32,67
12/09/2012,ECP,FL,ASO,ES,Federal Contract Tower,21,0,20,6,47,0,0,9,0,9,21,0,29,6,56,10,24,34,90
12/10/2012,ECP,FL,ASO,ES,Federal Contract Tower,21,3,15,37,76,0,2,4,6,12,21,5,19,43,88,22,22,44,132
12/11/2012,ECP,FL,ASO,ES,Federal Contract Tower,21,4,18,2,45,0,0,0,0,0,21,4,18,2,45,14,0,14,59
12/12/2012,ECP,FL,ASO,ES,Federal Contract Tower,21,6,18,5,50,0,2,0,0,2,21,8,18,5,52,0,0,0,52
12/13/2012,ECP,FL,ASO,ES,Federal Contract Tower,21,5,25,4,55,0,2,13,4,19,21,7,38,8,74,40,0,40,114
12/14/2012,ECP,FL,ASO,ES,Federal Contract Tower,20,9,22,6,57,0,0,1,0,1,20,9,23,6,58,0,0,0,58
12/15/2012,ECP,FL,ASO,ES,Federal Contract Tower,15,5,10,0,30,0,0,24,0,24,15,5,34,0,54,18,0,18,72
12/16/2012,ECP,FL,ASO,ES,Federal Contract Tower,18,4,17,6,45,0,0,1,2,3,18,4,18,8,48,0,0,0,48
12/17/2012,ECP,FL,ASO,ES,Federal Contract Tower,20,7,8,5,40,0,0,0,0,0,20,7,8,5,40,0,4,4,44
12/18/2012,ECP,FL,ASO,ES,Federal Contract Tower,23,7,22,11,63,0,2,37,5,44,23,9,59,16,107,56,52,108,215
12/19/2012,ECP,FL,ASO,ES,Federal Contract Tower,19,9,17,25,70,0,2,35,7,44,19,11,52,32,114,58,48,106,220
12/20/2012,ECP,FL,ASO,ES,Federal Contract Tower,22,9,5,4,40,0,2,1,0,3,22,11,6,4,43,0,14,14,57
12/21/2012,ECP,FL,ASO,ES,Federal Contract Tower,20,12,22,5,59,0,2,21,0,23,20,14,43,5,82,0,14,14,96
12/22/2012,ECP,FL,ASO,ES,Federal Contract Tower,20,10,16,0,46,0,0,25,0,25,20,10,41,0,71,0,0,0,71
12/23/2012,ECP,FL,ASO,ES,Federal Contract Tower,19,5,20,0,44,0,0,19,0,19,19,5,39,0,63,7,0,7,70
12/24/2012,ECP,FL,ASO,ES,Federal Contract Tower,16,7,15,0,38,0,2,0,0,2,16,9,15,0,40,0,0,0,40
12/25/2012,ECP,FL,ASO,ES,Federal Contract Tower,14,2,1,0,17,0,0,1,0,1,14,2,2,0,18,0,0,0,18
12/26/2012,ECP,FL,ASO,ES,Federal Contract Tower,23,12,14,0,49,0,2,11,0,13,23,14,25,0,62,4,0,4,66
12/27/2012,ECP,FL,ASO,ES,Federal Contract Tower,24,20,23,4,71,0,2,14,0,16,24,22,37,4,87,56,0,56,143
12/28/2012,ECP,FL,ASO,ES,Federal Contract Tower,20,17,22,1,60,0,2,17,1,20,20,19,39,2,80,18,10,28,108
12/29/2012,ECP,FL,ASO,ES,Federal Contract Tower,18,15,27,0,60,0,0,7,1,8,18,15,34,1,68,10,0,10,78
12/30/2012,ECP,FL,ASO,ES,Federal Contract Tower,20,7,19,0,46,0,0,22,1,23,20,7,41,1,69,21,0,21,90
12/31/2012,ECP,FL,ASO,ES,Federal Contract Tower,17,10,12,0,39,0,2,16,0,18,17,12,28,0,57,26,0,26,83
01/01/2013,ECP,FL,ASO,ES,Federal Contract Tower,17,2,17,0,36,0,0,6,0,6,17,2,23,0,42,38,0,38,80
01/02/2013,ECP,FL,ASO,ES,Federal Contract Tower,20,19,27,5,71,0,2,10,1,13,20,21,37,6,84,30,0,30,114
01/03/2013,ECP,FL,ASO,ES,Federal Contract Tower,23,13,15,0,51,0,2,0,0,2,23,15,15,0,53,0,0,0,53
01/04/2013,ECP,FL,ASO,ES,Federal Contract Tower,14,16,32,6,68,0,12,31,6,49,14,28,63,12,117,42,16,58,175
01/05/2013,ECP,FL,ASO,ES,Federal Contract Tower,21,5,13,0,39,0,1,25,0,26,21,6,38,0,65,12,0,12,77
01/06/2013,ECP,FL,ASO,ES,Federal Contract Tower,17,3,28,3,51,0,0,6,0,6,17,3,34,3,57,2,14,16,73
01/07/2013,ECP,FL,ASO,ES,Federal Contract Tower,20,5,9,22,56,0,2,26,2,30,20,7,35,24,86,19,60,79,165
01/08/2013,ECP,FL,ASO,ES,Federal Contract Tower,20,7,23,39,89,0,3,17,4,24,20,10,40,43,113,0,38,38,151
01/09/2013,ECP,FL,ASO,ES,Federal Contract Tower,20,16,30,16,82,0,1,0,0,1,20,17,30,16,83,0,0,0,83
01/10/2013,ECP,FL,ASO,ES,Federal Contract Tower,23,8,34,14,79,0,2,7,4,13,23,10,41,18,92,22,40,62,154
01/11/2013,ECP,FL,ASO,ES,Federal Contract Tower,20,9,13,6,48,0,1,10,3,14,20,10,23,9,62,23,40,63,125
01/12/2013,ECP,FL,ASO,ES,Federal Contract Tower,16,3,14,1,34,0,0,40,0,40,16,3,54,1,74,34,16,50,124
01/13/2013,ECP,FL,ASO,ES,Federal Contract Tower,16,6,16,16,54,0,0,5,9,14,16,6,21,25,68,0,0,0,68
01/14/2013,ECP,FL,ASO,ES,Federal Contract Tower,17,9,16,43,85,0,1,6,1,8,17,10,22,44,93,38,56,94,187
01/15/2013,ECP,FL,ASO,ES,Federal Contract Tower,21,11,18,53,103,0,0,10,0,10,21,11,28,53,113,36,8,44,157
01/16/2013,ECP,FL,ASO,ES,Federal Contract Tower,19,15,15,14,63,0,1,2,3,6,19,16,17,17,69,0,0,0,69
01/17/2013,ECP,FL,ASO,ES,Federal Contract Tower,18,10,16,6,50,0,1,2,0,3,18,11,18,6,53,0,38,38,91
01/18/2013,ECP,FL,ASO,ES,Federal Contract Tower,20,10,52,10,92,0,2,21,7,30,20,12,73,17,122,2,0,2,124
01/19/2013,ECP,FL,ASO,ES,Federal Contract Tower,17,4,13,3,37,0,0,36,0,36,17,4,49,3,73,24,0,24,97
01/20/2013,ECP,FL,ASO,ES,Federal Contract Tower,17,7,21,11,56,0,0,54,14,68,17,7,75,25,124,27,4,31,155
01/21/2013,ECP,FL,ASO,ES,Federal Contract Tower,21,8,42,1,72,0,1,48,0,49,21,9,90,1,121,36,0,36,157
01/22/2013,ECP,FL,ASO,ES,Federal Contract Tower,19,14,24,12,69,0,2,45,8,55,19,16,69,20,124,50,16,66,190
01/23/2013,ECP,FL,ASO,ES,Federal Contract Tower,20,10,18,34,82,0,2,29,14,45,20,12,47,48,127,26,12,38,165
01/24/2013,ECP,FL,ASO,ES,Federal Contract Tower,20,11,23,20,74,0,2,26,4,32,20,13,49,24,106,49,88,137,243
01/25/2013,ECP,FL,ASO,ES,Federal Contract Tower,18,8,20,13,59,0,6,26,15,47,18,14,46,28,106,22,30,52,158
01/26/2013,ECP,FL,ASO,ES,Federal Contract Tower,16,4,15,0,35,0,0,31,0,31,16,4,46,0,66,45,0,45,111
01/27/2013,ECP,FL,ASO,ES,Federal Contract Tower,17,8,20,9,54,0,0,22,20,42,17,8,42,29,96,40,18,58,154
01/28/2013,ECP,FL,ASO,ES,Federal Contract Tower,19,12,19,37,87,0,2,15,3,20,19,14,34,40,107,12,26,38,145
01/29/2013,ECP,FL,ASO,ES,Federal Contract Tower,21,9,13,37,80,0,2,10,0,12,21,11,23,37,92,38,44,82,174
01/30/2013,ECP,FL,ASO,ES,Federal Contract Tower,18,9,4,0,31,0,2,0,0,2,18,11,4,0,33,0,0,0,33
01/31/2013,ECP,FL,ASO,ES,Federal Contract Tower,18,14,24,6,62,0,2,48,16,66,18,16,72,22,128,16,6,22,150
02/01/2013,ECP,FL,ASO,ES,Federal Contract Tower,19,11,36,26,92,0,2,51,7,60,19,13,87,33,152,44,18,62,214
02/02/2013,ECP,FL,ASO,ES,Federal Contract Tower,16,5,26,0,47,0,2,42,2,46,16,7,68,2,93,20,30,50,143
02/03/2013,ECP,FL,ASO,ES,Federal Contract Tower,18,6,28,0,52,0,0,26,0,26,18,6,54,0,78,10,0,10,88
02/04/2013,ECP,FL,ASO,ES,Federal Contract Tower,20,11,26,22,79,0,3,44,5,52,20,14,70,27,131,20,68,88,219
02/05/2013,ECP,FL,ASO,ES,Federal Contract Tower,20,12,17,20,69,0,0,3,0,3,20,12,20,20,72,0,12,12,84
02/06/2013,ECP,FL,ASO,ES,Federal Contract Tower,22,11,35,13,81,0,2,19,8,29,22,13,54,21,110,12,56,68,178
02/07/2013,ECP,FL,ASO,ES,Federal Contract Tower,19,14,24,10,67,0,2,5,0,7,19,16,29,10,74,0,0,0,74
02/08/2013,ECP,FL,ASO,ES,Federal Contract Tower,18,18,52,14,102,0,2,23,2,27,18,20,75,16,129,14,40,54,183
02/09/2013,ECP,FL,ASO,ES,Federal Contract Tower,16,7,31,0,54,0,0,44,0,44,16,7,75,0,98,50,0,50,148
02/10/2013,ECP,FL,ASO,ES,Federal Contract Tower,21,10,40,0,71,0,0,9,0,9,21,10,49,0,80,6,0,6,86
02/11/2013,ECP,FL,ASO,ES,Federal Contract Tower,20,11,13,16,60,0,2,4,0,6,20,13,17,16,66,0,0,0,66
02/12/2013,ECP,FL,ASO,ES,Federal Contract Tower,21,9,18,16,64,0,0,0,0,0,21,9,18,16,64,0,0,0,64
02/13/2013,ECP,FL,ASO,ES,Federal Contract Tower,20,9,33,12,74,0,2,18,2,22,20,11,51,14,96,10,10,20,116
02/14/2013,ECP,FL,ASO,ES,Federal Contract Tower,17,14,63,7,101,0,2,33,1,36,17,16,96,8,137,24,2,26,163
02/15/2013,ECP,FL,ASO,ES,Federal Contract Tower,18,18,37,16,89,0,2,54,6,62,18,20,91,22,151,21,20,41,192
02/16/2013,ECP,FL,ASO,ES,Federal Contract Tower,14,6,6,0,26,0,0,7,0,7,14,6,13,0,33,6,18,24,57
02/17/2013,ECP,FL,ASO,ES,Federal Contract Tower,18,6,24,2,50,0,0,34,1,35,18,6,58,3,85,24,46,70,155
02/18/2013,ECP,FL,ASO,ES,Federal Contract Tower,20,9,32,2,63,0,2,16,0,18,20,11,48,2,81,26,0,26,107
02/19/2013,ECP,FL,ASO,ES,Federal Contract Tower,21,7,14,2,44,0,2,2,0,4,21,9,16,2,48,32,18,50,98
02/20/2013,ECP,FL,ASO,ES,Federal Contract Tower,22,12,29,17,80,0,2,26,10,38,22,14,55,27,118,32,16,48,166
02/21/2013,ECP,FL,ASO,ES,Federal Contract Tower,21,5,14,15,55,0,2,27,4,33,21,7,41,19,88,11,110,121,209
02/22/2013,ECP,FL,ASO,ES,Federal Contract Tower,19,17,18,4,58,0,0,0,0,0,19,17,18,4,58,0,0,0,58
02/23/2013,ECP,FL,ASO,ES,Federal Contract Tower,15,8,5,0,28,0,0,1,0,1,15,8,6,0,29,0,0,0,29
02/24/2013,ECP,FL,ASO,ES,Federal Contract Tower,21,8,29,2,60,0,0,14,0,14,21,8,43,2,74,54,0,54,128
02/25/2013,ECP,FL,ASO,ES,Federal Contract Tower,18,6,12,2,38,0,0,0,0,0,18,6,12,2,38,0,0,0,38
02/26/2013,ECP,FL,ASO,ES,Federal Contract Tower,21,9,18,34,82,0,0,1,3,4,21,9,19,37,86,0,50,50,136
02/27/2013,ECP,FL,ASO,ES,Federal Contract Tower,19,11,23,33,86,0,2,34,6,42,19,13,57,39,128,68,34,102,230
02/28/2013,ECP,FL,ASO,ES,Federal Contract Tower,19,7,18,22,66,0,0,11,23,34,19,7,29,45,100,6,28,34,134
03/01/2013,ECP,FL,ASO,ES,Federal Contract Tower,18,15,35,10,78,0,2,29,2,33,18,17,64,12,111,36,20,56,167
03/02/2013,ECP,FL,ASO,ES,Federal Contract Tower,15,12,15,2,44,0,0,33,0,33,15,12,48,2,77,56,0,56,133
03/03/2013,ECP,FL,ASO,ES,Federal Contract Tower,18,18,29,5,70,0,0,36,4,40,18,18,65,9,110,56,32,88,198
03/04/2013,ECP,FL,ASO,ES,Federal Contract Tower,21,14,26,25,86,0,4,25,5,34,21,18,51,30,120,64,74,138,258
03/05/2013,ECP,FL,ASO,ES,Federal Contract Tower,22,17,15,21,75,0,5,10,0,15,22,22,25,21,90,14,20,34,124
03/06/2013,ECP,FL,ASO,ES,Federal Contract Tower,16,22,11,23,72,0,4,22,5,31,16,26,33,28,103,20,32,52,155
03/07/2013,ECP,FL,ASO,ES,Federal Contract Tower,28,14,28,8,78,0,2,31,4,37,28,16,59,12,115,80,30,110,225
03/08/2013,ECP,FL,ASO,ES,Federal Contract Tower,26,12,34,16,88,0,2,48,5,55,26,14,82,21,143,81,40,121,264
03/09/2013,ECP,FL,ASO,ES,Federal Contract Tower,26,16,29,1,72,0,0,40,0,40,26,16,69,1,112,116,0,116,228
03/10/2013,ECP,FL,ASO,ES,Federal Contract Tower,28,10,38,3,79,0,0,37,0,37,28,10,75,3,116,76,0,76,192
03/11/2013,ECP,FL,ASO,ES,Federal Contract Tower,26,15,12,16,69,0,0,6,6,12,26,15,18,22,81,31,10,41,122
03/12/2013,ECP,FL,ASO,ES,Federal Contract Tower,31,6,29,8,74,0,1,39,6,46,31,7,68,14,120,72,50,122,242
03/13/2013,ECP,FL,ASO,ES,Federal Contract Tower,29,15,37,22,103,0,2,61,7,70,29,17,98,29,173,118,28,146,319
03/14/2013,ECP,FL,ASO,ES,Federal Contract Tower,29,16,29,15,89,0,2,52,11,65,29,18,81,26,154,80,18,98,252
03/15/2013,ECP,FL,ASO,ES,Federal Contract Tower,27,18,37,24,106,0,2,37,1,40,27,20,74,25,146,89,4,93,239
03/16/2013,ECP,FL,ASO,ES,Federal Contract Tower,28,25,63,1,117,0,3,69,0,72,28,28,132,1,189,50,0,50,239
03/17/2013,ECP,FL,ASO,ES,Federal Contract Tower,28,12,50,2,92,0,0,33,1,34,28,12,83,3,126,68,0,68,194
03/18/2013,ECP,FL,ASO,ES,Federal Contract Tower,24,10,8,7,49,0,0,10,0,10,24,10,18,7,59,48,0,48,107
03/19/2013,ECP,FL,ASO,ES,Federal Contract Tower,30,11,33,11,85,0,0,40,12,52,30,11,73,23,137,76,10,86,223
03/20/2013,ECP,FL,ASO,ES,Federal Contract Tower,26,16,26,19,87,0,1,34,1,36,26,17,60,20,123,106,14,120,243
03/21/2013,ECP,FL,ASO,ES,Federal Contract Tower,30,10,31,16,87,2,0,53,0,55,32,10,84,16,142,57,50,107,249
03/22/2013,ECP,FL,ASO,ES,Federal Contract Tower,29,17,53,42,141,0,0,32,8,40,29,17,85,50,181,73,12,85,266
03/23/2013,ECP,FL,ASO,ES,Federal Contract Tower,29,20,36,0,85,0,0,0,0,0,29,20,36,0,85,0,0,0,85
03/24/2013,ECP,FL,ASO,ES,Federal Contract Tower,29,7,42,2,80,0,0,18,7,25,29,7,60,9,105,35,0,35,140
03/25/2013,ECP,FL,ASO,ES,Federal Contract Tower,29,7,12,15,63,0,2,30,2,34,29,9,42,17,97,32,50,82,179
03/26/2013,ECP,FL,ASO,ES,Federal Contract Tower,29,11,28,30,98,0,0,46,2,48,29,11,74,32,146,66,36,102,248
03/27/2013,ECP,FL,ASO,ES,Federal Contract Tower,28,17,38,11,94,0,2,65,10,77,28,19,103,21,171,108,34,142,313
03/28/2013,ECP,FL,ASO,ES,Federal Contract Tower,29,21,54,21,125,0,2,59,7,68,29,23,113,28,193,90,131,221,414
03/29/2013,ECP,FL,ASO,ES,Federal Contract Tower,29,13,36,8,86,0,2,48,11,61,29,15,84,19,147,55,28,83,230
03/30/2013,ECP,FL,ASO,ES,Federal Contract Tower,27,10,57,0,94,0,0,53,0,53,27,10,110,0,147,65,0,65,212
03/31/2013,ECP,FL,ASO,ES,Federal Contract Tower,30,9,39,1,79,0,0,23,5,28,30,9,62,6,107,32,0,32,139
04/01/2013,ECP,FL,ASO,ES,Federal Contract Tower,28,20,41,23,112,0,1,20,2,23,28,21,61,25,135,32,12,44,179
04/02/2013,ECP,FL,ASO,ES,Federal Contract Tower,26,13,31,13,83,0,1,63,5,69,26,14,94,18,152,90,25,115,267
04/03/2013,ECP,FL,ASO,ES,Federal Contract Tower,29,19,20,4,72,0,0,11,1,12,29,19,31,5,84,10,10,20,104
04/04/2013,ECP,FL,ASO,ES,Federal Contract Tower,31,13,18,9,71,0,0,13,0,13,31,13,31,9,84,66,24,90,174
04/05/2013,ECP,FL,ASO,ES,Federal Contract Tower,29,21,54,6,110,0,0,10,2,12,29,21,64,8,122,32,8,40,162
04/06/2013,ECP,FL,ASO,ES,Federal Contract Tower,30,12,37,12,91,0,0,45,0,45,30,12,82,12,136,66,6,72,208
04/07/2013,ECP,FL,ASO,ES,Federal Contract Tower,29,14,40,2,85,0,0,37,0,37,29,14,77,2,122,77,6,83,205
04/08/2013,ECP,FL,ASO,ES,Federal Contract Tower,29,6,30,18,83,0,1,39,4,44,29,7,69,22,127,48,12,60,187
04/09/2013,ECP,FL,ASO,ES,Federal Contract Tower,29,11,28,18,86,0,2,34,2,38,29,13,62,20,124,26,82,108,232
04/10/2013,ECP,FL,ASO,ES,Federal Contract Tower,27,11,30,54,122,0,4,32,16,52,27,15,62,70,174,38,96,134,308
04/11/2013,ECP,FL,ASO,ES,Federal Contract Tower,29,8,12,48,97,0,0,2,0,2,29,8,14,48,99,0,26,26,125
04/12/2013,ECP,FL,ASO,ES,Federal Contract Tower,28,11,47,4,90,0,0,18,0,18,28,11,65,4,108,29,0,29,137
04/13/2013,ECP,FL,ASO,ES,Federal Contract Tower,31,10,36,0,77,0,0,47,0,47,31,10,83,0,124,57,0,57,181
04/14/2013,ECP,FL,ASO,ES,Federal Contract Tower,26,4,27,0,57,0,0,1,0,1,26,4,28,0,58,0,0,0,58
04/15/2013,ECP,FL,ASO,ES,Federal Contract Tower,29,8,22,31,90,0,0,27,2,29,29,8,49,33,119,16,26,42,161
04/16/2013,ECP,FL,ASO,ES,Federal Contract Tower,30,10,26,43,109,0,2,45,2,49,30,12,71,45,158,32,76,108,266
04/17/2013,ECP,FL,ASO,ES,Federal Contract Tower,30,13,8,26,77,0,1,22,0,23,30,14,30,26,100,4,26,30,130
04/18/2013,ECP,FL,ASO,ES,Federal Contract Tower,31,5,35,20,91,0,2,20,2,24,31,7,55,22,115,48,28,76,191
04/19/2013,ECP,FL,ASO,ES,Federal Contract Tower,26,18,39,2,85,0,0,3,0,3,26,18,42,2,88,9,10,19,107
04/20/2013,ECP,FL,ASO,ES,Federal Contract Tower,30,6,18,0,54,0,0,32,0,32,30,6,50,0,86,16,0,16,102
04/21/2013,ECP,FL,ASO,ES,Federal Contract Tower,27,17,40,2,86,0,0,50,0,50,27,17,90,2,136,22,8,30,166
04/22/2013,ECP,FL,ASO,ES,Federal Contract Tower,28,5,24,4,61,0,1,19,1,21,28,6,43,5,82,14,26,40,122
04/23/2013,ECP,FL,ASO,ES,Federal Contract Tower,28,12,23,38,101,0,2,19,8,29,28,14,42,46,130,56,92,148,278
04/24/2013,ECP,FL,ASO,ES,Federal Contract Tower,31,9,23,54,117,0,2,16,0,18,31,11,39,54,135,46,34,80,215
04/25/2013,ECP,FL,ASO,ES,Federal Contract Tower,31,10,42,9,92,0,1,32,1,34,31,11,74,10,126,14,110,124,250
04/26/2013,ECP,FL,ASO,ES,Federal Contract Tower,26,18,38,17,99,0,1,46,9,56,26,19,84,26,155,36,26,62,217
04/27/2013,ECP,FL,ASO,ES,Federal Contract Tower,30,13,28,0,71,0,0,44,0,44,30,13,72,0,115,58,0,58,173
04/28/2013,ECP,FL,ASO,ES,Federal Contract Tower,25,5,47,1,78,0,0,15,0,15,25,5,62,1,93,48,2,50,143
04/29/2013,ECP,FL,ASO,ES,Federal Contract Tower,30,8,23,5,66,0,1,6,0,7,30,9,29,5,73,0,4,4,77
04/30/2013,ECP,FL,ASO,ES,Federal Contract Tower,30,13,26,26,95,0,3,21,4,28,30,16,47,30,123,2,104,106,229
05/01/2013,ECP,FL,ASO,ES,Federal Contract Tower,30,12,12,20,74,0,1,3,2,6,30,13,15,22,80,0,10,10,90
05/02/2013,ECP,FL,ASO,ES,Federal Contract Tower,30,11,28,8,77,0,3,16,6,25,30,14,44,14,102,4,30,34,136
05/03/2013,ECP,FL,ASO,ES,Federal Contract Tower,28,18,27,8,81,0,0,6,0,6,28,18,33,8,87,8,0,8,95
05/04/2013,ECP,FL,ASO,ES,Federal Contract Tower,31,6,18,0,55,0,0,16,0,16,31,6,34,0,71,6,0,6,77
05/05/2013,ECP,FL,ASO,ES,Federal Contract Tower,27,3,35,0,65,0,0,33,0,33,27,3,68,0,98,10,6,16,114
05/06/2013,ECP,FL,ASO,ES,Federal Contract Tower,30,14,20,2,66,0,1,9,7,17,30,15,29,9,83,12,10,22,105
05/07/2013,ECP,FL,ASO,ES,Federal Contract Tower,28,10,25,23,86,0,2,21,3,26,28,12,46,26,112,26,116,142,254
05/08/2013,ECP,FL,ASO,ES,Federal Contract Tower,28,15,34,14,91,0,2,22,13,37,28,17,56,27,128,34,34,68,196
05/09/2013,ECP,FL,ASO,ES,Federal Contract Tower,28,9,36,2,75,0,6,25,4,35,28,15,61,6,110,44,44,88,198
05/10/2013,ECP,FL,ASO,ES,Federal Contract Tower,29,14,23,8,74,0,7,36,0,43,29,21,59,8,117,82,12,94,211
05/11/2013,ECP,FL,ASO,ES,Federal Contract Tower,27,11,20,0,58,0,0,16,0,16,27,11,36,0,74,26,0,26,100
05/12/2013,ECP,FL,ASO,ES,Federal Contract Tower,30,0,22,5,57,0,0,35,0,35,30,0,57,5,92,44,0,44,136
05/13/2013,ECP,FL,ASO,ES,Federal Contract Tower,29,10,23,0,62,0,0,20,0,20,29,10,43,0,82,15,30,45,127
05/14/2013,ECP,FL,ASO,ES,Federal Contract Tower,31,6,30,0,67,0,4,34,0,38,31,10,64,0,105,28,2,30,135
05/15/2013,ECP,FL,ASO,ES,Federal Contract Tower,28,10,30,20,88,0,1,46,0,47,28,11,76,20,135,70,8,78,213
05/16/2013,ECP,FL,ASO,ES,Federal Contract Tower,30,11,38,5,84,0,4,36,5,45,30,15,74,10,129,34,8,42,171
05/17/2013,ECP,FL,ASO,ES,Federal Contract Tower,29,12,42,14,97,0,0,27,2,29,29,12,69,16,126,20,8,28,154
05/18/2013,ECP,FL,ASO,ES,Federal Contract Tower,26,17,27,0,70,0,0,29,0,29,26,17,56,0,99,56,20,76,175
05/19/2013,ECP,FL,ASO,ES,Federal Contract Tower,25,11,36,10,82,0,0,31,0,31,25,11,67,10,113,10,16,26,139
05/20/2013,ECP,FL,ASO,ES,Federal Contract Tower,30,10,22,24,86,0,1,29,0,30,30,11,51,24,116,58,12,70,186
05/21/2013,ECP,FL,ASO,ES,Federal Contract Tower,29,13,22,36,100,0,1,21,6,28,29,14,43,42,128,10,17,27,155
05/22/2013,ECP,FL,ASO,ES,Federal Contract Tower,30,6,38,30,104,0,2,17,2,21,30,8,55,32,125,24,85,109,234
05/23/2013,ECP,FL,ASO,ES,Federal Contract Tower,30,10,29,16,85,0,1,37,2,40,30,11,66,18,125,40,36,76,201
05/24/2013,ECP,FL,ASO,ES,Federal Contract Tower,29,14,72,0,115,0,3,55,0,58,29,17,127,0,173,84,0,84,257
05/25/2013,ECP,FL,ASO,ES,Federal Contract Tower,30,7,32,0,69,0,2,65,0,67,30,9,97,0,136,88,0,88,224
05/26/2013,ECP,FL,ASO,ES,Federal Contract Tower,27,7,35,0,69,0,0,48,0,48,27,7,83,0,117,72,0,72,189
05/27/2013,ECP,FL,ASO,ES,Federal Contract Tower,27,14,66,0,107,0,0,60,0,60,27,14,126,0,167,54,0,54,221
05/28/2013,ECP,FL,ASO,ES,Federal Contract Tower,27,15,45,0,87,0,0,31,6,37,27,15,76,6,124,12,0,12,136
05/29/2013,ECP,FL,ASO,ES,Federal Contract Tower,27,15,30,48,120,0,2,48,2,52,27,17,78,50,172,48,94,142,314
05/30/2013,ECP,FL,ASO,ES,Federal Contract Tower,30,10,38,11,89,0,2,43,4,49,30,12,81,15,138,31,16,47,185
05/31/2013,ECP,FL,ASO,ES,Federal Contract Tower,28,18,50,17,113,0,0,34,0,34,28,18,84,17,147,80,26,106,253
06/01/2013,ECP,FL,ASO,ES,Federal Contract Tower,29,12,31,0,72,0,0,36,0,36,29,12,67,0,108,99,0,99,207
06/02/2013,ECP,FL,ASO,ES,Federal Contract Tower,28,4,50,4,86,0,0,24,2,26,28,4,74,6,112,92,0,92,204
06/03/2013,ECP,FL,ASO,ES,Federal Contract Tower,28,15,30,0,73,0,0,20,0,20,28,15,50,0,93,32,0,32,125
06/04/2013,ECP,FL,ASO,ES,Federal Contract Tower,30,13,24,14,81,0,1,20,0,21,30,14,44,14,102,26,28,54,156
06/05/2013,ECP,FL,ASO,ES,Federal Contract Tower,25,11,29,25,90,0,3,12,0,15,25,14,41,25,105,78,60,138,243
06/06/2013,ECP,FL,ASO,ES,Federal Contract Tower,30,8,22,0,60,0,1,5,0,6,30,9,27,0,66,51,8,59,125
06/07/2013,ECP,FL,ASO,ES,Federal Contract Tower,27,16,44,20,107,0,0,24,1,25,27,16,68,21,132,40,32,72,204
06/08/2013,ECP,FL,ASO,ES,Federal Contract Tower,30,16,44,2,92,0,1,48,0,49,30,17,92,2,141,73,0,73,214
06/09/2013,ECP,FL,ASO,ES,Federal Contract Tower,27,19,25,0,71,0,0,4,0,4,27,19,29,0,75,0,0,0,75
06/10/2013,ECP,FL,ASO,ES,Federal Contract Tower,30,9,45,16,100,0,2,19,3,24,30,11,64,19,124,42,34,76,200
06/11/2013,ECP,FL,ASO,ES,Federal Contract Tower,27,14,38,5,84,0,2,20,5,27,27,16,58,10,111,46,6,52,163
06/12/2013,ECP,FL,ASO,ES,Federal Contract Tower,31,11,51,8,101,0,6,61,2,69,31,17,112,10,170,30,4,34,204
06/13/2013,ECP,FL,ASO,ES,Federal Contract Tower,27,16,28,2,73,0,1,26,19,46,27,17,54,21,119,60,74,134,253
06/14/2013,ECP,FL,ASO,ES,Federal Contract Tower,30,14,55,6,105,0,1,55,9,65,30,15,110,15,170,88,62,150,320
06/15/2013,ECP,FL,ASO,ES,Federal Contract Tower,32,11,57,0,100,0,0,46,0,46,32,11,103,0,146,65,0,65,211
06/16/2013,ECP,FL,ASO,ES,Federal Contract Tower,32,6,54,0,92,0,0,42,0,42,32,6,96,0,134,55,16,71,205
06/17/2013,ECP,FL,ASO,ES,Federal Contract Tower,29,6,41,18,94,0,2,24,0,26,29,8,65,18,120,58,40,98,218
06/18/2013,ECP,FL,ASO,ES,Federal Contract Tower,26,11,33,34,104,0,2,22,0,24,26,13,55,34,128,86,44,130,258
06/19/2013,ECP,FL,ASO,ES,Federal Contract Tower,32,8,36,24,100,0,2,19,1,22,32,10,55,25,122,69,50,119,241
06/20/2013,ECP,FL,ASO,ES,Federal Contract Tower,32,6,36,23,97,0,2,13,4,19,32,8,49,27,116,83,18,101,217
06/21/2013,ECP,FL,ASO,ES,Federal Contract Tower,30,20,41,14,105,0,0,27,0,27,30,20,68,14,132,102,4,106,238
06/22/2013,ECP,FL,ASO,ES,Federal Contract Tower,33,16,48,0,97,0,2,62,0,64,33,18,110,0,161,152,0,152,313
06/23/2013,ECP,FL,ASO,ES,Federal Contract Tower,29,8,56,0,93,0,0,31,0,31,29,8,87,0,124,63,22,85,209
06/24/2013,ECP,FL,ASO,ES,Federal Contract Tower,28,6,30,16,80,0,2,15,0,17,28,8,45,16,97,62,0,62,159
06/25/2013,ECP,FL,ASO,ES,Federal Contract Tower,25,14,39,10,88,0,2,39,8,49,25,16,78,18,137,92,90,182,319
06/26/2013,ECP,FL,ASO,ES,Federal Contract Tower,30,11,24,16,81,0,2,25,2,29,30,13,49,18,110,12,24,36,146
06/27/2013,ECP,FL,ASO,ES,Federal Contract Tower,29,11,42,6,88,0,2,37,2,41,29,13,79,8,129,62,40,102,231
06/28/2013,ECP,FL,ASO,ES,Federal Contract Tower,29,19,36,2,86,0,2,15,0,17,29,21,51,2,103,65,0,65,168
06/29/2013,ECP,FL,ASO,ES,Federal Contract Tower,34,21,44,0,99,0,0,22,0,22,34,21,66,0,121,91,0,91,212
06/30/2013,ECP,FL,ASO,ES,Federal Contract Tower,31,8,57,0,96,0,0,19,0,19,31,8,76,0,115,30,0,30,145
07/01/2013,ECP,FL,ASO,ES,Federal Contract Tower,28,10,49,20,107,0,1,26,0,27,28,11,75,20,134,69,6,75,209
07/02/2013,ECP,FL,ASO,ES,Federal Contract Tower,25,10,45,14,94,0,3,46,2,51,25,13,91,16,145,78,22,100,245
07/03/2013,ECP,FL,ASO,ES,Federal Contract Tower,33,20,24,0,77,0,0,0,0,0,33,20,24,0,77,0,0,0,77
07/04/2013,ECP,FL,ASO,ES,Federal Contract Tower,27,6,8,0,41,0,0,0,0,0,27,6,8,0,41,0,0,0,41
07/05/2013,ECP,FL,ASO,ES,Federal Contract Tower,26,13,36,1,76,0,0,14,0,14,26,13,50,1,90,38,0,38,128
07/06/2013,ECP,FL,ASO,ES,Federal Contract Tower,37,22,43,0,102,0,0,3,0,3,37,22,46,0,105,0,0,0,105
07/07/2013,ECP,FL,ASO,ES,Federal Contract Tower,30,24,55,0,109,0,0,22,0,22,30,24,77,0,131,50,0,50,181
07/08/2013,ECP,FL,ASO,ES,Federal Contract Tower,26,14,42,36,118,0,2,32,0,34,26,16,74,36,152,68,16,84,236
07/09/2013,ECP,FL,ASO,ES,Federal Contract Tower,24,10,22,29,85,0,2,38,0,40,24,12,60,29,125,74,116,190,315
07/10/2013,ECP,FL,ASO,ES,Federal Contract Tower,20,18,22,12,72,0,4,35,0,39,20,22,57,12,111,70,0,70,181
07/11/2013,ECP,FL,ASO,ES,Federal Contract Tower,26,11,38,12,87,0,2,21,6,29,26,13,59,18,116,64,26,90,206
07/12/2013,ECP,FL,ASO,ES,Federal Contract Tower,28,17,40,10,95,0,2,37,5,44,28,19,77,15,139,116,54,170,309
07/13/2013,ECP,FL,ASO,ES,Federal Contract Tower,38,8,36,1,83,0,0,54,0,54,38,8,90,1,137,116,6,122,259
07/14/2013,ECP,FL,ASO,ES,Federal Contract Tower,32,6,55,0,93,0,0,24,0,24,32,6,79,0,117,56,6,62,179
07/15/2013,ECP,FL,ASO,ES,Federal Contract Tower,23,18,16,28,85,0,2,25,0,27,23,20,41,28,112,34,5,39,151
07/16/2013,ECP,FL,ASO,ES,Federal Contract Tower,26,18,30,27,101,0,2,20,2,24,26,20,50,29,125,46,24,70,195
07/17/2013,ECP,FL,ASO,ES,Federal Contract Tower,25,11,42,21,99,0,4,37,0,41,25,15,79,21,140,104,20,124,264
07/18/2013,ECP,FL,ASO,ES,Federal Contract Tower,32,12,40,8,92,0,3,42,4,49,32,15,82,12,141,70,16,86,227
07/19/2013,ECP,FL,ASO,ES,Federal Contract Tower,28,12,36,10,86,0,0,25,3,28,28,12,61,13,114,94,12,106,220
07/20/2013,ECP,FL,ASO,ES,Federal Contract Tower,31,11,47,2,91,0,0,26,0,26,31,11,73,2,117,54,0,54,171
07/21/2013,ECP,FL,ASO,ES,Federal Contract Tower,29,5,60,0,94,0,0,34,0,34,29,5,94,0,128,72,8,80,208
07/22/2013,ECP,FL,ASO,ES,Federal Contract Tower,28,6,20,0,54,0,0,4,0,4,28,6,24,0,58,14,0,14,72
07/23/2013,ECP,FL,ASO,ES,Federal Contract Tower,30,12,29,3,74,0,0,16,4,20,30,12,45,7,94,65,72,137,231
07/24/2013,ECP,FL,ASO,ES,Federal Contract Tower,35,17,32,8,92,0,0,41,0,41,35,17,73,8,133,84,2,86,219
07/25/2013,ECP,FL,ASO,ES,Federal Contract Tower,30,7,62,1,100,0,1,32,3,36,30,8,94,4,136,91,4,95,231
07/26/2013,ECP,FL,ASO,ES,Federal Contract Tower,30,16,75,16,137,0,3,43,7,53,30,19,118,23,190,80,12,92,282
07/27/2013,ECP,FL,ASO,ES,Federal Contract Tower,36,11,52,0,99,0,0,44,0,44,36,11,96,0,143,90,0,90,233
07/28/2013,ECP,FL,ASO,ES,Federal Contract Tower,30,4,49,1,84,0,0,31,2,33,30,4,80,3,117,98,2,100,217
07/29/2013,ECP,FL,ASO,ES,Federal Contract Tower,29,14,29,5,77,0,1,13,6,20,29,15,42,11,97,88,13,101,198
07/30/2013,ECP,FL,ASO,ES,Federal Contract Tower,30,15,29,2,76,0,0,28,7,35,30,15,57,9,111,79,58,137,248
07/31/2013,ECP,FL,ASO,ES,Federal Contract Tower,31,14,39,0,84,0,0,20,4,24,31,14,59,4,108,60,36,96,204
08/01/2013,ECP,FL,ASO,ES,Federal Contract Tower,29,15,57,14,115,0,0,14,3,17,29,15,71,17,132,41,50,91,223
08/02/2013,ECP,FL,ASO,ES,Federal Contract Tower,31,10,46,2,89,0,0,19,2,21,31,10,65,4,110,72,0,72,182
08/03/2013,ECP,FL,ASO,ES,Federal Contract Tower,37,16,32,0,85,0,2,39,0,41,37,18,71,0,126,80,0,80,206
08/04/2013,ECP,FL,ASO,ES,Federal Contract Tower,31,5,37,0,73,0,29,0,0,29,31,34,37,0,102,62,0,62,164
08/05/2013,ECP,FL,ASO,ES,Federal Contract Tower,31,8,33,4,76,0,0,32,2,34,31,8,65,6,110,82,60,142,252
08/06/2013,ECP,FL,ASO,ES,Federal Contract Tower,25,11,35,3,74,0,0,16,1,17,25,11,51,4,91,114,22,136,227
08/07/2013,ECP,FL,ASO,ES,Federal Contract Tower,29,7,34,12,82,0,0,22,1,23,29,7,56,13,105,70,40,110,215
08/08/2013,ECP,FL,ASO,ES,Federal Contract Tower,31,14,29,2,76,0,0,21,1,22,31,14,50,3,98,56,88,144,242
08/09/2013,ECP,FL,ASO,ES,Federal Contract Tower,31,13,37,4,85,0,3,32,0,35,31,16,69,4,120,82,18,100,220
08/10/2013,ECP,FL,ASO,ES,Federal Contract Tower,35,8,29,0,72,0,0,27,0,27,35,8,56,0,99,66,18,84,183
08/11/2013,ECP,FL,ASO,ES,Federal Contract Tower,24,10,38,0,72,0,0,38,0,38,24,10,76,0,110,62,0,62,172
08/12/2013,ECP,FL,ASO,ES,Federal Contract Tower,28,16,20,43,107,0,2,19,0,21,28,18,39,43,128,40,38,78,206
08/13/2013,ECP,FL,ASO,ES,Federal Contract Tower,26,14,15,6,61,0,0,6,2,8,26,14,21,8,69,60,50,110,179
08/14/2013,ECP,FL,ASO,ES,Federal Contract Tower,29,10,32,24,95,0,0,36,0,36,29,10,68,24,131,66,68,134,265
08/15/2013,ECP,FL,ASO,ES,Federal Contract Tower,26,17,30,17,90,0,1,16,4,21,26,18,46,21,111,88,2,90,201
08/16/2013,ECP,FL,ASO,ES,Federal Contract Tower,28,11,22,2,63,0,0,18,0,18,28,11,40,2,81,50,0,50,131
08/17/2013,ECP,FL,ASO,ES,Federal Contract Tower,34,3,3,0,40,0,0,0,0,0,34,3,3,0,40,0,0,0,40
08/18/2013,ECP,FL,ASO,ES,Federal Contract Tower,35,10,20,0,65,0,0,2,0,2,35,10,22,0,67,20,0,20,87
08/19/2013,ECP,FL,ASO,ES,Federal Contract Tower,22,19,22,12,75,2,0,11,2,15,24,19,33,14,90,171,12,183,273
08/20/2013,ECP,FL,ASO,ES,Federal Contract Tower,23,26,5,9,63,0,0,21,1,22,23,26,26,10,85,4,11,15,100
08/21/2013,ECP,FL,ASO,ES,Federal Contract Tower,26,18,18,15,77,0,3,24,0,27,26,21,42,15,104,102,67,169,273
08/22/2013,ECP,FL,ASO,ES,Federal Contract Tower,26,8,32,7,73,0,1,10,2,13,26,9,42,9,86,56,78,134,220
08/23/2013,ECP,FL,ASO,ES,Federal Contract Tower,25,16,35,4,80,0,0,18,0,18,25,16,53,4,98,36,0,36,134
08/24/2013,ECP,FL,ASO,ES,Federal Contract Tower,27,4,20,0,51,0,0,14,0,14,27,4,34,0,65,62,0,62,127
08/25/2013,ECP,FL,ASO,ES,Federal Contract Tower,28,17,31,0,76,0,0,19,0,19,28,17,50,0,95,54,0,54,149
08/26/2013,ECP,FL,ASO,ES,Federal Contract Tower,24,14,25,24,87,0,1,29,0,30,24,15,54,24,117,48,70,118,235
08/27/2013,ECP,FL,ASO,ES,Federal Contract Tower,25,9,16,22,72,0,0,22,2,24,25,9,38,24,96,38,6,44,140
08/28/2013,ECP,FL,ASO,ES,Federal Contract Tower,26,20,23,12,81,0,2,31,0,33,26,22,54,12,114,64,24,88,202
08/29/2013,ECP,FL,ASO,ES,Federal Contract Tower,27,13,39,14,93,0,1,25,0,26,27,14,64,14,119,62,40,102,221
08/30/2013,ECP,FL,ASO,ES,Federal Contract Tower,25,14,70,0,109,0,0,63,0,63,25,14,133,0,172,60,0,60,232
08/31/2013,ECP,FL,ASO,ES,Federal Contract Tower,23,6,33,0,62,0,0,39,0,39,23,6,72,0,101,78,0,78,179
09/01/2013,ECP,FL,ASO,ES,Federal Contract Tower,21,6,42,0,69,0,0,22,0,22,21,6,64,0,91,54,0,54,145
09/02/2013,ECP,FL,ASO,ES,Federal Contract Tower,22,53,25,0,100,0,0,17,1,18,22,53,42,1,118,20,16,36,154
09/03/2013,ECP,FL,ASO,ES,Federal Contract Tower,22,13,26,19,80,0,0,23,4,27,22,13,49,23,107,18,66,84,191
09/04/2013,ECP,FL,ASO,ES,Federal Contract Tower,23,16,18,11,68,0,0,20,4,24,23,16,38,15,92,34,26,60,152
09/05/2013,ECP,FL,ASO,ES,Federal Contract Tower,24,11,16,14,65,0,0,25,6,31,24,11,41,20,96,2,16,18,114
09/06/2013,ECP,FL,ASO,ES,Federal Contract Tower,24,15,33,4,76,0,0,38,6,44,24,15,71,10,120,48,27,75,195
09/07/2013,ECP,FL,ASO,ES,Federal Contract Tower,24,6,13,0,43,0,1,60,2,63,24,7,73,2,106,24,0,24,130
09/08/2013,ECP,FL,ASO,ES,Federal Contract Tower,24,9,18,0,51,0,0,26,4,30,24,9,44,4,81,20,5,25,106
09/09/2013,ECP,FL,ASO,ES,Federal Contract Tower,22,19,22,4,67,0,0,9,0,9,22,19,31,4,76,2,44,46,122
09/10/2013,ECP,FL,ASO,ES,Federal Contract Tower,19,17,26,18,80,0,0,35,0,35,19,17,61,18,115,4,26,30,145
09/11/2013,ECP,FL,ASO,ES,Federal Contract Tower,22,14,31,15,82,0,0,22,0,22,22,14,53,15,104,22,42,64,168
09/12/2013,ECP,FL,ASO,ES,Federal Contract Tower,23,20,27,0,70,0,0,37,2,39,23,20,64,2,109,0,30,30,139
09/13/2013,ECP,FL,ASO,ES,Federal Contract Tower,21,18,44,7,90,0,2,25,8,35,21,20,69,15,125,47,60,107,232
09/14/2013,ECP,FL,ASO,ES,Federal Contract Tower,24,8,15,0,47,0,0,47,0,47,24,8,62,0,94,30,0,30,124
09/15/2013,ECP,FL,ASO,ES,Federal Contract Tower,22,25,20,1,68,0,0,50,0,50,22,25,70,1,118,56,12,68,186
09/16/2013,ECP,FL,ASO,ES,Federal Contract Tower,26,15,23,4,68,0,0,23,0,23,26,15,46,4,91,28,0,28,119
09/17/2013,ECP,FL,ASO,ES,Federal Contract Tower,32,19,28,12,91,0,0,23,2,25,32,19,51,14,116,42,48,90,206
09/18/2013,ECP,FL,ASO,ES,Federal Contract Tower,24,7,22,5,58,0,0,28,0,28,24,7,50,5,86,38,2,40,126
09/19/2013,ECP,FL,ASO,ES,Federal Contract Tower,24,14,37,20,95,0,0,29,0,29,24,14,66,20,124,66,112,178,302
09/20/2013,ECP,FL,ASO,ES,Federal Contract Tower,23,11,36,5,75,0,0,32,0,32,23,11,68,5,107,92,10,102,209
09/21/2013,ECP,FL,ASO,ES,Federal Contract Tower,24,4,17,0,45,0,0,8,0,8,24,4,25,0,53,2,0,2,55
09/22/2013,ECP,FL,ASO,ES,Federal Contract Tower,24,21,18,0,63,0,0,4,0,4,24,21,22,0,67,0,0,0,67
09/23/2013,ECP,FL,ASO,ES,Federal Contract Tower,21,22,12,8,63,0,0,2,0,2,21,22,14,8,65,0,0,0,65
09/24/2013,ECP,FL,ASO,ES,Federal Contract Tower,20,13,7,10,50,0,0,0,0,0,20,13,7,10,50,4,0,4,54
09/25/2013,ECP,FL,ASO,ES,Federal Contract Tower,29,17,24,5,75,0,0,16,0,16,29,17,40,5,91,4,10,14,105
09/26/2013,ECP,FL,ASO,ES,Federal Contract Tower,23,13,33,24,93,0,0,14,0,14,23,13,47,24,107,20,52,72,179
09/27/2013,ECP,FL,ASO,ES,Federal Contract Tower,23,13,23,6,65,0,0,43,0,43,23,13,66,6,108,14,24,38,146
09/28/2013,ECP,FL,ASO,ES,Federal Contract Tower,23,5,21,0,49,0,0,38,0,38,23,5,59,0,87,14,32,46,133
09/29/2013,ECP,FL,ASO,ES,Federal Contract Tower,27,18,23,1,69,0,0,30,0,30,27,18,53,1,99,47,22,69,168
09/30/2013,ECP,FL,ASO,ES,Federal Contract Tower,20,22,14,10,66,0,0,22,0,22,20,22,36,10,88,12,16,28,116
10/01/2013,ECP,FL,ASO,ES,Federal Contract Tower,22,18,21,6,67,0,0,8,0,8,22,18,29,6,75,32,0,32,107
10/02/2013,ECP,FL,ASO,ES,Federal Contract Tower,24,13,28,0,65,0,1,21,0,22,24,14,49,0,87,52,0,52,139
10/03/2013,ECP,FL,ASO,ES,Federal Contract Tower,26,18,22,6,72,0,0,28,0,28,26,18,50,6,100,14,44,58,158
10/04/2013,ECP,FL,ASO,ES,Federal Contract Tower,23,14,35,0,72,0,0,28,0,28,23,14,63,0,100,44,0,44,144
10/05/2013,ECP,FL,ASO,ES,Federal Contract Tower,23,7,23,0,53,0,0,35,0,35,23,7,58,0,88,46,0,46,134
10/06/2013,ECP,FL,ASO,ES,Federal Contract Tower,22,4,12,0,38,0,0,5,0,5,22,4,17,0,43,8,0,8,51
10/07/2013,ECP,FL,ASO,ES,Federal Contract Tower,21,23,20,5,69,0,0,7,0,7,21,23,27,5,76,2,44,46,122
10/08/2013,ECP,FL,ASO,ES,Federal Contract Tower,21,16,14,9,60,0,0,25,0,25,21,16,39,9,85,26,48,74,159
10/09/2013,ECP,FL,ASO,ES,Federal Contract Tower,24,13,48,8,93,0,0,27,2,29,24,13,75,10,122,2,36,38,160
10/10/2013,ECP,FL,ASO,ES,Federal Contract Tower,24,17,39,17,97,0,0,45,0,45,24,17,84,17,142,32,20,52,194
10/11/2013,ECP,FL,ASO,ES,Federal Contract Tower,21,13,58,7,99,0,0,58,0,58,21,13,116,7,157,70,0,70,227
10/12/2013,ECP,FL,ASO,ES,Federal Contract Tower,22,7,34,0,63,0,0,60,0,60,22,7,94,0,123,50,0,50,173
10/13/2013,ECP,FL,ASO,ES,Federal Contract Tower,24,9,56,8,97,0,0,49,0,49,24,9,105,8,146,30,0,30,176
10/14/2013,ECP,FL,ASO,ES,Federal Contract Tower,25,40,50,0,115,0,0,41,0,41,25,40,91,0,156,22,0,22,178
10/15/2013,ECP,FL,ASO,ES,Federal Contract Tower,22,13,21,6,62,0,0,33,0,33,22,13,54,6,95,60,12,72,167
10/16/2013,ECP,FL,ASO,ES,Federal Contract Tower,28,20,25,14,87,0,2,26,0,28,28,22,51,14,115,2,2,4,119
10/17/2013,ECP,FL,ASO,ES,Federal Contract Tower,28,15,21,44,108,0,1,23,0,24,28,16,44,44,132,19,74,93,225
10/18/2013,ECP,FL,ASO,ES,Federal Contract Tower,28,21,25,14,88,0,0,23,0,23,28,21,48,14,111,42,0,42,153
10/19/2013,ECP,FL,ASO,ES,Federal Contract Tower,25,11,18,2,56,0,0,11,0,11,25,11,29,2,67,16,0,16,83
10/20/2013,ECP,FL,ASO,ES,Federal Contract Tower,26,31,35,2,94,0,0,30,0,30,26,31,65,2,124,28,0,28,152
10/21/2013,ECP,FL,ASO,ES,Federal Contract Tower,20,17,28,10,75,0,0,20,0,20,20,17,48,10,95,3,82,85,180
10/22/2013,ECP,FL,ASO,ES,Federal Contract Tower,25,9,24,0,58,0,0,22,0,22,25,9,46,0,80,17,2,19,99
10/23/2013,ECP,FL,ASO,ES,Federal Contract Tower,28,9,13,15,65,0,0,28,4,32,28,9,41,19,97,74,38,112,209
10/24/2013,ECP,FL,ASO,ES,Federal Contract Tower,29,16,41,14,100,0,0,29,0,29,29,16,70,14,129,14,10,24,153
10/25/2013,ECP,FL,ASO,ES,Federal Contract Tower,23,10,17,6,56,0,0,41,0,41,23,10,58,6,97,26,56,82,179
10/26/2013,ECP,FL,ASO,ES,Federal Contract Tower,22,4,27,0,53,0,0,47,0,47,22,4,74,0,100,26,0,26,126
10/27/2013,ECP,FL,ASO,ES,Federal Contract Tower,22,17,31,0,70,0,0,47,0,47,22,17,78,0,117,46,0,46,163
10/28/2013,ECP,FL,ASO,ES,Federal Contract Tower,20,20,26,11,77,0,0,19,0,19,20,20,45,11,96,10,34,44,140
10/29/2013,ECP,FL,ASO,ES,Federal Contract Tower,23,14,20,18,75,0,0,26,0,26,23,14,46,18,101,10,42,52,153
10/30/2013,ECP,FL,ASO,ES,Federal Contract Tower,23,16,38,18,95,0,0,35,0,35,23,16,73,18,130,38,14,52,182
10/31/2013,ECP,FL,ASO,ES,Federal Contract Tower,22,10,40,38,110,0,0,16,0,16,22,10,56,38,126,32,18,50,176
11/01/2013,ECP,FL,ASO,ES,Federal Contract Tower,22,23,43,9,97,0,0,0,10,10,22,23,43,19,107,8,14,22,129
11/02/2013,ECP,FL,ASO,ES,Federal Contract Tower,21,5,32,0,58,0,0,40,0,40,21,5,72,0,98,24,0,24,122
11/03/2013,ECP,FL,ASO,ES,Federal Contract Tower,24,35,24,0,83,0,0,36,0,36,24,35,60,0,119,17,0,17,136
11/04/2013,ECP,FL,ASO,ES,Federal Contract Tower,24,20,32,4,80,0,0,15,0,15,24,20,47,4,95,0,16,16,111
11/05/2013,ECP,FL,ASO,ES,Federal Contract Tower,22,9,24,4,59,0,0,17,2,19,22,9,41,6,78,4,38,42,120
11/06/2013,ECP,FL,ASO,ES,Federal Contract Tower,21,10,8,30,69,0,0,30,1,31,21,10,38,31,100,72,98,170,270
11/07/2013,ECP,FL,ASO,ES,Federal Contract Tower,24,16,27,2,69,0,0,3,2,5,24,16,30,4,74,8,0,8,82
11/08/2013,ECP,FL,ASO,ES,Federal Contract Tower,24,7,33,7,71,0,1,21,0,22,24,8,54,7,93,58,18,76,169
11/09/2013,ECP,FL,ASO,ES,Federal Contract Tower,18,1,16,2,37,0,0,31,0,31,18,1,47,2,68,16,0,16,84
11/10/2013,ECP,FL,ASO,ES,Federal Contract Tower,24,5,29,0,58,0,0,31,0,31,24,5,60,0,89,32,18,50,139
11/11/2013,ECP,FL,ASO,ES,Federal Contract Tower,24,16,11,5,56,0,0,24,0,24,24,16,35,5,80,32,18,50,130
11/12/2013,ECP,FL,ASO,ES,Federal Contract Tower,22,12,20,15,69,0,0,31,0,31,22,12,51,15,100,52,38,90,190
11/13/2013,ECP,FL,ASO,ES,Federal Contract Tower,25,12,24,2,63,0,1,23,0,24,25,13,47,2,87,0,12,12,99
11/14/2013,ECP,FL,ASO,ES,Federal Contract Tower,22,15,24,8,69,0,0,34,6,40,22,15,58,14,109,57,45,102,211
11/15/2013,ECP,FL,ASO,ES,Federal Contract Tower,26,13,24,6,69,0,0,20,2,22,26,13,44,8,91,22,30,52,143
11/16/2013,ECP,FL,ASO,ES,Federal Contract Tower,20,3,24,2,49,0,0,22,0,22,20,3,46,2,71,22,0,22,93
11/17/2013,ECP,FL,ASO,ES,Federal Contract Tower,17,12,22,1,52,0,0,4,0,4,17,12,26,1,56,0,0,0,56
11/18/2013,ECP,FL,ASO,ES,Federal Contract Tower,27,11,14,13,65,0,0,1,0,1,27,11,15,13,66,0,0,0,66
11/19/2013,ECP,FL,ASO,ES,Federal Contract Tower,22,10,12,6,50,0,1,38,2,41,22,11,50,8,91,31,30,61,152
11/20/2013,ECP,FL,ASO,ES,Federal Contract Tower,24,5,12,0,41,0,2,33,0,35,24,7,45,0,76,38,8,46,122
11/21/2013,ECP,FL,ASO,ES,Federal Contract Tower,24,16,17,8,65,0,0,34,6,40,24,16,51,14,105,36,28,64,169
11/22/2013,ECP,FL,ASO,ES,Federal Contract Tower,25,18,34,32,109,0,0,7,3,10,25,18,41,35,119,0,94,94,213
11/23/2013,ECP,FL,ASO,ES,Federal Contract Tower,18,3,28,4,53,0,0,8,0,8,18,3,36,4,61,12,0,12,73
11/24/2013,ECP,FL,ASO,ES,Federal Contract Tower,20,3,22,0,45,0,0,13,0,13,20,3,35,0,58,10,0,10,68
11/25/2013,ECP,FL,ASO,ES,Federal Contract Tower,25,21,16,8,70,0,0,27,0,27,25,21,43,8,97,47,26,73,170
11/26/2013,ECP,FL,ASO,ES,Federal Contract Tower,27,15,19,0,61,0,0,0,0,0,27,15,19,0,61,0,0,0,61
11/27/2013,ECP,FL,ASO,ES,Federal Contract Tower,26,11,49,0,86,0,3,25,0,28,26,14,74,0,114,38,0,38,152
11/28/2013,ECP,FL,ASO,ES,Federal Contract Tower,16,0,3,0,19,0,0,19,0,19,16,0,22,0,38,33,0,33,71
11/29/2013,ECP,FL,ASO,ES,Federal Contract Tower,17,9,20,0,46,0,1,25,0,26,17,10,45,0,72,34,0,34,106
11/30/2013,ECP,FL,ASO,ES,Federal Contract Tower,26,14,27,0,67,0,0,30,0,30,26,14,57,0,97,24,0,24,121
12/01/2013,ECP,FL,ASO,ES,Federal Contract Tower,27,9,48,0,84,0,0,26,0,26,27,9,74,0,110,8,0,8,118
12/02/2013,ECP,FL,ASO,ES,Federal Contract Tower,26,7,24,0,57,0,0,14,0,14,26,7,38,0,71,68,0,68,139
12/03/2013,ECP,FL,ASO,ES,Federal Contract Tower,19,8,24,35,86,0,0,18,0,18,19,8,42,35,104,22,78,100,204
12/04/2013,ECP,FL,ASO,ES,Federal Contract Tower,21,7,36,22,86,0,2,18,0,20,21,9,54,22,106,44,10,54,160
12/05/2013,ECP,FL,ASO,ES,Federal Contract Tower,20,11,32,38,101,0,0,8,0,8,20,11,40,38,109,42,28,70,179
12/06/2013,ECP,FL,ASO,ES,Federal Contract Tower,20,6,23,16,65,0,0,17,0,17,20,6,40,16,82,24,8,32,114
12/07/2013,ECP,FL,ASO,ES,Federal Contract Tower,14,4,19,0,37,0,0,11,0,11,14,4,30,0,48,58,0,58,106
12/08/2013,ECP,FL,ASO,ES,Federal Contract Tower,18,2,24,22,66,0,0,24,0,24,18,2,48,22,90,14,0,14,104
12/09/2013,ECP,FL,ASO,ES,Federal Contract Tower,19,18,15,0,52,0,0,5,0,5,19,18,20,0,57,0,0,0,57
12/10/2013,ECP,FL,ASO,ES,Federal Contract Tower,18,13,10,16,57,0,0,6,0,6,18,13,16,16,63,50,86,136,199
12/11/2013,ECP,FL,ASO,ES,Federal Contract Tower,20,11,14,24,69,0,0,32,0,32,20,11,46,24,101,54,48,102,203
12/12/2013,ECP,FL,ASO,ES,Federal Contract Tower,20,13,18,4,55,0,0,30,0,30,20,13,48,4,85,110,56,166,251
12/13/2013,ECP,FL,ASO,ES,Federal Contract Tower,20,11,26,22,79,0,0,33,0,33,20,11,59,22,112,12,42,54,166
12/14/2013,ECP,FL,ASO,ES,Federal Contract Tower,14,2,10,1,27,0,0,18,1,19,14,2,28,2,46,4,0,4,50
12/15/2013,ECP,FL,ASO,ES,Federal Contract Tower,21,1,21,0,43,0,0,8,1,9,21,1,29,1,52,62,4,66,118
12/16/2013,ECP,FL,ASO,ES,Federal Contract Tower,21,10,12,8,51,0,0,27,0,27,21,10,39,8,78,17,40,57,135
12/17/2013,ECP,FL,ASO,ES,Federal Contract Tower,17,9,20,24,70,0,2,26,0,28,17,11,46,24,98,20,30,50,148
12/18/2013,ECP,FL,ASO,ES,Federal Contract Tower,21,16,10,4,51,0,0,36,0,36,21,16,46,4,87,14,34,48,135
12/19/2013,ECP,FL,ASO,ES,Federal Contract Tower,20,8,22,20,70,0,0,29,0,29,20,8,51,20,99,46,32,78,177
12/20/2013,ECP,FL,ASO,ES,Federal Contract Tower,22,13,18,15,68,0,3,34,0,37,22,16,52,15,105,40,12,52,157
12/21/2013,ECP,FL,ASO,ES,Federal Contract Tower,22,9,18,0,49,0,0,3,0,3,22,9,21,0,52,3,0,3,55
12/22/2013,ECP,FL,ASO,ES,Federal Contract Tower,18,9,5,0,32,0,0,0,0,0,18,9,5,0,32,0,0,0,32
12/23/2013,ECP,FL,ASO,ES,Federal Contract Tower,19,8,19,2,48,0,0,1,0,1,19,8,20,2,49,0,0,0,49
12/24/2013,ECP,FL,ASO,ES,Federal Contract Tower,15,6,6,0,27,0,3,18,0,21,15,9,24,0,48,0,0,0,48
12/25/2013,ECP,FL,ASO,ES,Federal Contract Tower,13,0,5,0,18,0,0,5,0,5,13,0,10,0,23,8,0,8,31
12/26/2013,ECP,FL,ASO,ES,Federal Contract Tower,22,12,21,0,55,0,3,27,0,30,22,15,48,0,85,66,0,66,151
12/27/2013,ECP,FL,ASO,ES,Federal Contract Tower,22,13,49,0,84,0,0,26,0,26,22,13,75,0,110,36,14,50,160
12/28/2013,ECP,FL,ASO,ES,Federal Contract Tower,24,10,33,0,67,0,0,4,0,4,24,10,37,0,71,6,0,6,77
12/29/2013,ECP,FL,ASO,ES,Federal Contract Tower,18,8,37,0,63,0,0,29,0,29,18,8,66,0,92,52,0,52,144
12/30/2013,ECP,FL,ASO,ES,Federal Contract Tower,18,23,18,8,67,0,0,16,0,16,18,23,34,8,83,6,4,10,93
12/31/2013,ECP,FL,ASO,ES,Federal Contract Tower,18,12,24,4,58,0,0,11,0,11,18,12,35,4,69,8,0,8,77
01/01/2014,ECP,FL,ASO,ES,Federal Contract Tower,15,3,24,0,42,0,0,7,0,7,15,3,31,0,49,0,0,0,49
01/02/2014,ECP,FL,ASO,ES,Federal Contract Tower,19,8,24,0,51,0,0,2,0,2,19,8,26,0,53,0,0,0,53
01/03/2014,ECP,FL,ASO,ES,Federal Contract Tower,20,14,32,2,68,0,1,22,0,23,20,15,54,2,91,24,18,42,133
01/04/2014,ECP,FL,ASO,ES,Federal Contract Tower,16,11,25,0,52,0,0,26,0,26,16,11,51,0,78,54,0,54,132
01/05/2014,ECP,FL,ASO,ES,Federal Contract Tower,19,6,20,0,45,0,0,8,0,8,19,6,28,0,53,30,0,30,83
01/06/2014,ECP,FL,ASO,ES,Federal Contract Tower,17,11,11,12,51,0,0,5,1,6,17,11,16,13,57,19,6,25,82
01/07/2014,ECP,FL,ASO,ES,Federal Contract Tower,15,13,11,8,47,0,0,16,0,16,15,13,27,8,63,58,14,72,135
01/08/2014,ECP,FL,ASO,ES,Federal Contract Tower,18,12,11,14,55,0,1,19,2,22,18,13,30,16,77,50,2,52,129
01/09/2014,ECP,FL,ASO,ES,Federal Contract Tower,17,11,16,0,44,0,0,4,0,4,17,11,20,0,48,2,0,2,50
01/10/2014,ECP,FL,ASO,ES,Federal Contract Tower,18,16,15,4,53,0,0,0,0,0,18,16,15,4,53,0,0,0,53
01/11/2014,ECP,FL,ASO,ES,Federal Contract Tower,15,4,18,0,37,0,0,2,0,2,15,4,20,0,39,0,0,0,39
01/12/2014,ECP,FL,ASO,ES,Federal Contract Tower,20,8,16,0,44,0,0,45,0,45,20,8,61,0,89,48,8,56,145
01/13/2014,ECP,FL,ASO,ES,Federal Contract Tower,18,17,11,10,56,0,0,11,0,11,18,17,22,10,67,25,4,29,96
01/14/2014,ECP,FL,ASO,ES,Federal Contract Tower,17,9,20,20,66,0,0,24,0,24,17,9,44,20,90,62,10,72,162
01/15/2014,ECP,FL,ASO,ES,Federal Contract Tower,18,13,17,14,62,0,0,19,0,19,18,13,36,14,81,8,46,54,135
01/16/2014,ECP,FL,ASO,ES,Federal Contract Tower,20,11,19,12,62,0,0,31,0,31,20,11,50,12,93,32,30,62,155
01/17/2014,ECP,FL,ASO,ES,Federal Contract Tower,18,14,40,2,74,0,0,19,0,19,18,14,59,2,93,12,0,12,105
01/18/2014,ECP,FL,ASO,ES,Federal Contract Tower,17,5,26,2,50,0,0,37,0,37,17,5,63,2,87,94,2,96,183
01/19/2014,ECP,FL,ASO,ES,Federal Contract Tower,16,3,20,0,39,0,0,29,0,29,16,3,49,0,68,34,0,34,102
01/20/2014,ECP,FL,ASO,ES,Federal Contract Tower,16,20,16,0,52,0,0,24,0,24,16,20,40,0,76,10,0,10,86
01/21/2014,ECP,FL,ASO,ES,Federal Contract Tower,18,11,14,4,47,0,0,7,0,7,18,11,21,4,54,0,16,16,70
01/22/2014,ECP,FL,ASO,ES,Federal Contract Tower,19,12,22,28,81,0,0,40,0,40,19,12,62,28,121,48,12,60,181
01/23/2014,ECP,FL,ASO,ES,Federal Contract Tower,18,10,31,2,61,0,0,26,0,26,18,10,57,2,87,72,2,74,161
01/24/2014,ECP,FL,ASO,ES,Federal Contract Tower,17,8,21,6,52,0,0,20,4,24,17,8,41,10,76,50,14,64,140
01/25/2014,ECP,FL,ASO,ES,Federal Contract Tower,17,3,9,1,30,0,0,9,0,9,17,3,18,1,39,28,0,28,67
01/26/2014,ECP,FL,ASO,ES,Federal Contract Tower,18,11,16,0,45,0,0,25,0,25,18,11,41,0,70,64,0,64,134
01/27/2014,ECP,FL,ASO,ES,Federal Contract Tower,18,14,11,58,101,0,0,12,0,12,18,14,23,58,113,50,80,130,243
01/28/2014,ECP,FL,ASO,ES,Federal Contract Tower,8,13,7,0,28,0,0,2,0,2,8,13,9,0,30,0,0,0,30
01/29/2014,ECP,FL,ASO,ES,Federal Contract Tower,0,6,7,0,13,0,0,0,0,0,0,6,7,0,13,0,0,0,13
01/30/2014,ECP,FL,ASO,ES,Federal Contract Tower,13,16,18,4,51,0,0,12,1,13,13,16,30,5,64,24,26,50,114
01/31/2014,ECP,FL,ASO,ES,Federal Contract Tower,13,14,34,5,66,0,0,15,2,17,13,14,49,7,83,34,20,54,137
02/01/2014,ECP,FL,ASO,ES,Federal Contract Tower,15,13,16,0,44,0,0,19,0,19,15,13,35,0,63,38,0,38,101
02/02/2014,ECP,FL,ASO,ES,Federal Contract Tower,18,13,7,0,38,0,0,1,0,1,18,13,8,0,39,8,0,8,47
02/03/2014,ECP,FL,ASO,ES,Federal Contract Tower,16,6,25,8,55,0,0,0,0,0,16,6,25,8,55,0,0,0,55
02/04/2014,ECP,FL,ASO,ES,Federal Contract Tower,11,12,4,2,29,0,0,0,0,0,11,12,4,2,29,0,0,0,29
02/05/2014,ECP,FL,ASO,ES,Federal Contract Tower,18,16,14,18,66,0,0,34,4,38,18,16,48,22,104,84,112,196,300
02/06/2014,ECP,FL,ASO,ES,Federal Contract Tower,19,12,26,8,65,0,0,13,0,13,19,12,39,8,78,54,0,54,132
02/07/2014,ECP,FL,ASO,ES,Federal Contract Tower,18,13,39,22,92,0,0,24,2,26,18,13,63,24,118,50,0,50,168
02/08/2014,ECP,FL,ASO,ES,Federal Contract Tower,16,16,20,2,54,0,0,41,0,41,16,16,61,2,95,113,10,123,218
02/09/2014,ECP,FL,ASO,ES,Federal Contract Tower,18,6,57,0,81,0,0,70,0,70,18,6,127,0,151,22,0,22,173
02/10/2014,ECP,FL,ASO,ES,Federal Contract Tower,18,10,15,36,79,0,0,23,2,25,18,10,38,38,104,6,38,44,148
02/11/2014,ECP,FL,ASO,ES,Federal Contract Tower,13,11,18,16,58,0,0,4,0,4,13,11,22,16,62,14,0,14,76
02/12/2014,ECP,FL,ASO,ES,Federal Contract Tower,8,9,9,0,26,0,0,0,0,0,8,9,9,0,26,0,0,0,26
02/13/2014,ECP,FL,ASO,ES,Federal Contract Tower,10,14,27,10,61,0,0,15,0,15,10,14,42,10,76,70,12,82,158
02/14/2014,ECP,FL,ASO,ES,Federal Contract Tower,18,17,32,12,79,0,0,29,0,29,18,17,61,12,108,52,0,52,160
02/15/2014,ECP,FL,ASO,ES,Federal Contract Tower,20,5,21,0,46,0,0,30,0,30,20,5,51,0,76,36,0,36,112
02/16/2014,ECP,FL,ASO,ES,Federal Contract Tower,15,4,34,0,53,0,0,48,2,50,15,4,82,2,103,32,0,32,135
02/17/2014,ECP,FL,ASO,ES,Federal Contract Tower,18,29,20,0,67,0,0,26,0,26,18,29,46,0,93,20,0,20,113
02/18/2014,ECP,FL,ASO,ES,Federal Contract Tower,19,22,25,32,98,0,0,35,0,35,19,22,60,32,133,14,38,52,185
02/19/2014,ECP,FL,ASO,ES,Federal Contract Tower,17,13,28,31,89,0,1,13,0,14,17,14,41,31,103,96,16,112,215
02/20/2014,ECP,FL,ASO,ES,Federal Contract Tower,18,21,33,42,114,0,0,1,0,1,18,21,34,42,115,8,56,64,179
02/21/2014,ECP,FL,ASO,ES,Federal Contract Tower,18,11,27,4,60,0,0,17,0,17,18,11,44,4,77,36,14,50,127
02/22/2014,ECP,FL,ASO,ES,Federal Contract Tower,20,3,33,2,58,0,0,35,0,35,20,3,68,2,93,120,0,120,213
02/23/2014,ECP,FL,ASO,ES,Federal Contract Tower,17,2,13,0,32,0,0,0,0,0,17,2,13,0,32,0,0,0,32
02/24/2014,ECP,FL,ASO,ES,Federal Contract Tower,18,5,19,20,62,0,0,16,2,18,18,5,35,22,80,22,32,54,134
02/25/2014,ECP,FL,ASO,ES,Federal Contract Tower,18,8,20,13,59,0,0,17,0,17,18,8,37,13,76,58,14,72,148
02/26/2014,ECP,FL,ASO,ES,Federal Contract Tower,18,5,16,4,43,0,0,0,0,0,18,5,16,4,43,0,0,0,43
02/27/2014,ECP,FL,ASO,ES,Federal Contract Tower,18,6,34,8,66,0,0,15,0,15,18,6,49,8,81,34,34,68,149
02/28/2014,ECP,FL,ASO,ES,Federal Contract Tower,18,11,35,6,70,0,0,33,0,33,18,11,68,6,103,68,2,70,173
03/01/2014,ECP,FL,ASO,ES,Federal Contract Tower,19,13,29,0,61,0,0,59,0,59,19,13,88,0,120,94,0,94,214
03/02/2014,ECP,FL,ASO,ES,Federal Contract Tower,23,23,22,0,68,0,2,39,0,41,23,25,61,0,109,91,0,91,200
03/03/2014,ECP,FL,ASO,ES,Federal Contract Tower,17,15,13,26,71,0,0,8,3,11,17,15,21,29,82,44,66,110,192
03/04/2014,ECP,FL,ASO,ES,Federal Contract Tower,20,16,31,50,117,0,0,15,4,19,20,16,46,54,136,46,70,116,252
03/05/2014,ECP,FL,ASO,ES,Federal Contract Tower,19,31,6,2,58,0,0,22,0,22,19,31,28,2,80,18,34,52,132
03/06/2014,ECP,FL,ASO,ES,Federal Contract Tower,19,11,23,4,57,0,0,0,0,0,19,11,23,4,57,0,0,0,57
03/07/2014,ECP,FL,ASO,ES,Federal Contract Tower,18,20,41,2,81,0,0,23,0,23,18,20,64,2,104,24,0,24,128
03/08/2014,ECP,FL,ASO,ES,Federal Contract Tower,27,20,25,1,73,0,0,43,0,43,27,20,68,1,116,53,0,53,169
03/09/2014,ECP,FL,ASO,ES,Federal Contract Tower,27,18,37,6,88,0,0,66,0,66,27,18,103,6,154,154,20,174,328
03/10/2014,ECP,FL,ASO,ES,Federal Contract Tower,26,21,19,15,81,0,2,35,9,46,26,23,54,24,127,184,54,238,365
03/11/2014,ECP,FL,ASO,ES,Federal Contract Tower,26,26,29,28,109,0,0,45,3,48,26,26,74,31,157,92,70,162,319
03/12/2014,ECP,FL,ASO,ES,Federal Contract Tower,26,19,26,14,85,0,0,18,3,21,26,19,44,17,106,46,0,46,152
03/13/2014,ECP,FL,ASO,ES,Federal Contract Tower,26,11,30,16,83,0,3,30,4,37,26,14,60,20,120,14,16,30,150
03/14/2014,ECP,FL,ASO,ES,Federal Contract Tower,26,11,57,10,104,0,2,32,0,34,26,13,89,10,138,57,20,77,215
03/15/2014,ECP,FL,ASO,ES,Federal Contract Tower,28,16,64,0,108,0,2,34,0,36,28,18,98,0,144,94,0,94,238
03/16/2014,ECP,FL,ASO,ES,Federal Contract Tower,28,13,23,0,64,2,0,0,0,2,30,13,23,0,66,0,0,0,66
03/17/2014,ECP,FL,ASO,ES,Federal Contract Tower,27,25,19,18,89,0,0,10,0,10,27,25,29,18,99,6,14,20,119
03/18/2014,ECP,FL,ASO,ES,Federal Contract Tower,28,23,40,20,111,0,0,43,0,43,28,23,83,20,154,78,18,96,250
03/19/2014,ECP,FL,ASO,ES,Federal Contract Tower,27,23,23,27,100,0,1,64,0,65,27,24,87,27,165,182,180,362,527
03/20/2014,ECP,FL,ASO,ES,Federal Contract Tower,28,13,25,12,78,0,4,41,2,47,28,17,66,14,125,76,16,92,217
03/21/2014,ECP,FL,ASO,ES,Federal Contract Tower,28,18,37,12,95,0,1,50,8,59,28,19,87,20,154,80,34,114,268
03/22/2014,ECP,FL,ASO,ES,Federal Contract Tower,28,38,33,0,99,0,0,38,0,38,28,38,71,0,137,94,0,94,231
03/23/2014,ECP,FL,ASO,ES,Federal Contract Tower,29,27,38,0,94,0,0,14,0,14,29,27,52,0,108,26,0,26,134
03/24/2014,ECP,FL,ASO,ES,Federal Contract Tower,27,27,10,2,66,0,0,20,0,20,27,27,30,2,86,58,24,82,168
03/25/2014,ECP,FL,ASO,ES,Federal Contract Tower,29,25,23,7,84,0,0,15,3,18,29,25,38,10,102,8,42,50,152
03/26/2014,ECP,FL,ASO,ES,Federal Contract Tower,28,22,35,6,91,0,0,30,0,30,28,22,65,6,121,57,22,79,200
03/27/2014,ECP,FL,ASO,ES,Federal Contract Tower,28,6,50,29,113,0,1,18,4,23,28,7,68,33,136,38,44,82,218
03/28/2014,ECP,FL,ASO,ES,Federal Contract Tower,32,12,22,4,70,0,1,0,0,1,32,13,22,4,71,0,0,0,71
03/29/2014,ECP,FL,ASO,ES,Federal Contract Tower,28,31,15,0,74,0,0,27,0,27,28,31,42,0,101,36,0,36,137
03/30/2014,ECP,FL,ASO,ES,Federal Contract Tower,32,31,29,0,92,0,0,52,0,52,32,31,81,0,144,164,2,166,310
03/31/2014,ECP,FL,ASO,ES,Federal Contract Tower,28,8,25,7,68,0,0,30,0,30,28,8,55,7,98,44,16,60,158
04/01/2014,ECP,FL,ASO,ES,Federal Contract Tower,29,13,23,8,73,0,0,41,0,41,29,13,64,8,114,48,16,64,178
04/02/2014,ECP,FL,ASO,ES,Federal Contract Tower,29,26,16,4,75,0,2,11,0,13,29,28,27,4,88,10,12,22,110
04/03/2014,ECP,FL,ASO,ES,Federal Contract Tower,28,8,40,38,114,0,2,22,3,27,28,10,62,41,141,46,58,104,245
04/04/2014,ECP,FL,ASO,ES,Federal Contract Tower,28,12,23,50,113,0,1,17,1,19,28,13,40,51,132,16,34,50,182
04/05/2014,ECP,FL,ASO,ES,Federal Contract Tower,28,23,18,0,69,0,0,15,0,15,28,23,33,0,84,40,10,50,134
04/06/2014,ECP,FL,ASO,ES,Federal Contract Tower,27,35,25,0,87,0,0,6,0,6,27,35,31,0,93,22,0,22,115
04/07/2014,ECP,FL,ASO,ES,Federal Contract Tower,29,11,13,4,57,0,0,2,0,2,29,11,15,4,59,0,0,0,59
04/08/2014,ECP,FL,ASO,ES,Federal Contract Tower,26,19,25,12,82,0,0,26,0,26,26,19,51,12,108,40,12,52,160
04/09/2014,ECP,FL,ASO,ES,Federal Contract Tower,25,19,27,20,91,0,1,30,6,37,25,20,57,26,128,75,62,137,265
04/10/2014,ECP,FL,ASO,ES,Federal Contract Tower,26,16,35,10,87,0,0,27,6,33,26,16,62,16,120,65,32,97,217
04/11/2014,ECP,FL,ASO,ES,Federal Contract Tower,26,11,54,14,105,0,1,34,0,35,26,12,88,14,140,67,40,107,247
04/12/2014,ECP,FL,ASO,ES,Federal Contract Tower,30,37,15,0,82,0,0,35,0,35,30,37,50,0,117,34,0,34,151
04/13/2014,ECP,FL,ASO,ES,Federal Contract Tower,26,16,36,8,86,0,4,29,0,33,26,20,65,8,119,46,0,46,165
04/14/2014,ECP,FL,ASO,ES,Federal Contract Tower,36,7,12,50,105,0,0,8,2,10,36,7,20,52,115,46,50,96,211
04/15/2014,ECP,FL,ASO,ES,Federal Contract Tower,25,13,19,12,69,0,2,8,0,10,25,15,27,12,79,0,30,30,109
04/16/2014,ECP,FL,ASO,ES,Federal Contract Tower,26,27,10,11,74,0,3,34,17,54,26,30,44,28,128,23,62,85,213
04/17/2014,ECP,FL,ASO,ES,Federal Contract Tower,26,20,59,9,114,1,0,15,0,16,27,20,74,9,130,10,0,10,140
04/18/2014,ECP,FL,ASO,ES,Federal Contract Tower,27,26,17,4,74,0,0,0,0,0,27,26,17,4,74,0,0,0,74
04/19/2014,ECP,FL,ASO,ES,Federal Contract Tower,30,27,18,0,75,0,0,23,0,23,30,27,41,0,98,44,0,44,142
04/20/2014,ECP,FL,ASO,ES,Federal Contract Tower,24,15,42,0,81,0,0,14,0,14,24,15,56,0,95,48,0,48,143
04/21/2014,ECP,FL,ASO,ES,Federal Contract Tower,27,49,41,4,121,0,0,37,0,37,27,49,78,4,158,50,0,50,208
04/22/2014,ECP,FL,ASO,ES,Federal Contract Tower,26,26,17,19,88,0,0,27,0,27,26,26,44,19,115,32,18,50,165
04/23/2014,ECP,FL,ASO,ES,Federal Contract Tower,27,11,23,16,77,0,4,30,0,34,27,15,53,16,111,48,0,48,159
04/24/2014,ECP,FL,ASO,ES,Federal Contract Tower,25,17,48,3,93,0,2,19,0,21,25,19,67,3,114,22,22,44,158
04/25/2014,ECP,FL,ASO,ES,Federal Contract Tower,26,16,54,7,103,0,2,19,1,22,26,18,73,8,125,56,6,62,187
04/26/2014,ECP,FL,ASO,ES,Federal Contract Tower,30,26,25,0,81,0,2,41,0,43,30,28,66,0,124,46,0,46,170
04/27/2014,ECP,FL,ASO,ES,Federal Contract Tower,24,25,36,2,87,0,0,27,0,27,24,25,63,2,114,30,0,30,144
04/28/2014,ECP,FL,ASO,ES,Federal Contract Tower,28,19,10,74,131,0,0,14,2,16,28,19,24,76,147,28,50,78,225
04/29/2014,ECP,FL,ASO,ES,Federal Contract Tower,25,9,3,0,37,0,1,1,0,2,25,10,4,0,39,0,0,0,39
04/30/2014,ECP,FL,ASO,ES,Federal Contract Tower,20,9,11,0,40,0,0,0,0,0,20,9,11,0,40,0,0,0,40
05/01/2014,ECP,FL,ASO,ES,Federal Contract Tower,26,14,35,6,81,0,0,10,0,10,26,14,45,6,91,0,0,0,91
05/02/2014,ECP,FL,ASO,ES,Federal Contract Tower,29,42,13,8,92,0,1,27,0,28,29,43,40,8,120,26,20,46,166
05/03/2014,ECP,FL,ASO,ES,Federal Contract Tower,30,12,8,0,50,0,0,55,0,55,30,12,63,0,105,78,0,78,183
05/04/2014,ECP,FL,ASO,ES,Federal Contract Tower,23,12,29,5,69,0,0,30,0,30,23,12,59,5,99,46,0,46,145
05/05/2014,ECP,FL,ASO,ES,Federal Contract Tower,25,6,22,34,87,0,0,24,5,29,25,6,46,39,116,36,70,106,222
05/06/2014,ECP,FL,ASO,ES,Federal Contract Tower,27,20,15,10,72,0,0,27,0,27,27,20,42,10,99,2,22,24,123
05/07/2014,ECP,FL,ASO,ES,Federal Contract Tower,25,10,29,10,74,0,3,29,0,32,25,13,58,10,106,44,32,76,182
05/08/2014,ECP,FL,ASO,ES,Federal Contract Tower,26,10,45,6,87,0,0,37,0,37,26,10,82,6,124,12,34,46,170
05/09/2014,ECP,FL,ASO,ES,Federal Contract Tower,25,10,30,51,116,0,0,15,4,19,25,10,45,55,135,5,114,119,254
05/10/2014,ECP,FL,ASO,ES,Federal Contract Tower,31,16,13,4,64,0,0,20,0,20,31,16,33,4,84,14,0,14,98
05/11/2014,ECP,FL,ASO,ES,Federal Contract Tower,26,34,24,0,84,0,0,28,0,28,26,34,52,0,112,14,36,50,162
05/12/2014,ECP,FL,ASO,ES,Federal Contract Tower,25,32,12,14,83,0,0,12,0,12,25,32,24,14,95,6,42,48,143
05/13/2014,ECP,FL,ASO,ES,Federal Contract Tower,27,16,23,25,91,0,0,24,0,24,27,16,47,25,115,31,4,35,150
05/14/2014,ECP,FL,ASO,ES,Federal Contract Tower,30,36,3,26,95,0,0,7,1,8,30,36,10,27,103,0,78,78,181
05/15/2014,ECP,FL,ASO,ES,Federal Contract Tower,29,15,46,20,110,0,1,8,0,9,29,16,54,20,119,6,8,14,133
05/16/2014,ECP,FL,ASO,ES,Federal Contract Tower,26,18,32,20,96,0,1,44,3,48,26,19,76,23,144,44,26,70,214
05/17/2014,ECP,FL,ASO,ES,Federal Contract Tower,30,32,28,6,96,0,0,40,0,40,30,32,68,6,136,48,0,48,184
05/18/2014,ECP,FL,ASO,ES,Federal Contract Tower,28,4,42,0,74,0,0,27,0,27,28,4,69,0,101,8,6,14,115
05/19/2014,ECP,FL,ASO,ES,Federal Contract Tower,26,7,44,4,81,0,0,21,0,21,26,7,65,4,102,10,0,10,112
05/20/2014,ECP,FL,ASO,ES,Federal Contract Tower,26,10,18,20,74,0,1,32,0,33,26,11,50,20,107,18,0,18,125
05/21/2014,ECP,FL,ASO,ES,Federal Contract Tower,26,5,39,6,76,0,1,42,0,43,26,6,81,6,119,50,44,94,213
05/22/2014,ECP,FL,ASO,ES,Federal Contract Tower,27,15,49,2,93,0,3,44,2,49,27,18,93,4,142,42,2,44,186
05/23/2014,ECP,FL,ASO,ES,Federal Contract Tower,27,45,63,14,149,0,2,51,0,53,27,47,114,14,202,48,14,62,264
05/24/2014,ECP,FL,ASO,ES,Federal Contract Tower,30,56,32,0,118,0,1,30,0,31,30,57,62,0,149,40,0,40,189
05/25/2014,ECP,FL,ASO,ES,Federal Contract Tower,26,32,22,0,80,0,0,45,0,45,26,32,67,0,125,100,0,100,225
05/26/2014,ECP,FL,ASO,ES,Federal Contract Tower,23,13,65,2,103,0,0,47,0,47,23,13,112,2,150,46,0,46,196
05/27/2014,ECP,FL,ASO,ES,Federal Contract Tower,30,33,65,36,164,0,0,32,0,32,30,33,97,36,196,32,114,146,342
05/28/2014,ECP,FL,ASO,ES,Federal Contract Tower,25,42,15,30,112,0,0,30,0,30,25,42,45,30,142,44,14,58,200
05/29/2014,ECP,FL,ASO,ES,Federal Contract Tower,25,19,31,4,79,0,0,4,0,4,25,19,35,4,83,0,0,0,83
05/30/2014,ECP,FL,ASO,ES,Federal Contract Tower,28,15,43,6,92,0,0,23,9,32,28,15,66,15,124,10,14,24,148
05/31/2014,ECP,FL,ASO,ES,Federal Contract Tower,30,41,27,2,100,0,1,34,0,35,30,42,61,2,135,74,0,74,209
06/01/2014,ECP,FL,ASO,ES,Federal Contract Tower,26,35,42,0,103,0,0,28,0,28,26,35,70,0,131,48,0,48,179
06/02/2014,ECP,FL,ASO,ES,Federal Contract Tower,26,27,23,5,81,0,0,8,0,8,26,27,31,5,89,34,0,34,123
06/03/2014,ECP,FL,ASO,ES,Federal Contract Tower,25,20,23,32,100,0,0,12,0,12,25,20,35,32,112,60,28,88,200
06/04/2014,ECP,FL,ASO,ES,Federal Contract Tower,26,48,19,42,135,0,0,45,0,45,26,48,64,42,180,70,32,102,282
06/05/2014,ECP,FL,ASO,ES,Federal Contract Tower,25,13,33,20,91,0,2,38,0,40,25,15,71,20,131,40,36,76,207
06/06/2014,ECP,FL,ASO,ES,Federal Contract Tower,26,20,47,10,103,0,1,41,0,42,26,21,88,10,145,95,0,95,240
06/07/2014,ECP,FL,ASO,ES,Federal Contract Tower,29,13,59,0,101,0,1,39,0,40,29,14,98,0,141,32,0,32,173
06/08/2014,ECP,FL,ASO,ES,Federal Contract Tower,26,17,54,0,97,0,0,29,0,29,26,17,83,0,126,80,0,80,206
06/09/2014,ECP,FL,ASO,ES,Federal Contract Tower,26,8,14,16,64,0,0,29,0,29,26,8,43,16,93,64,14,78,171
06/10/2014,ECP,FL,ASO,ES,Federal Contract Tower,28,15,39,19,101,0,0,32,0,32,28,15,71,19,133,34,46,80,213
06/11/2014,ECP,FL,ASO,ES,Federal Contract Tower,25,28,19,2,74,0,0,27,0,27,25,28,46,2,101,54,32,86,187
06/12/2014,ECP,FL,ASO,ES,Federal Contract Tower,29,18,36,4,87,0,0,41,0,41,29,18,77,4,128,60,0,60,188
06/13/2014,ECP,FL,ASO,ES,Federal Contract Tower,26,17,52,20,115,0,1,32,2,35,26,18,84,22,150,46,22,68,218
06/14/2014,ECP,FL,ASO,ES,Federal Contract Tower,33,18,41,0,92,0,0,53,0,53,33,18,94,0,145,56,0,56,201
06/15/2014,ECP,FL,ASO,ES,Federal Contract Tower,27,20,41,7,95,0,0,46,0,46,27,20,87,7,141,66,0,66,207
06/16/2014,ECP,FL,ASO,ES,Federal Contract Tower,26,9,26,40,101,0,0,20,9,29,26,9,46,49,130,40,32,72,202
06/17/2014,ECP,FL,ASO,ES,Federal Contract Tower,26,15,40,29,110,0,0,18,0,18,26,15,58,29,128,16,20,36,164
06/18/2014,ECP,FL,ASO,ES,Federal Contract Tower,24,19,32,14,89,0,0,29,0,29,24,19,61,14,118,66,32,98,216
06/19/2014,ECP,FL,ASO,ES,Federal Contract Tower,24,10,35,18,87,0,0,41,0,41,24,10,76,18,128,50,0,50,178
06/20/2014,ECP,FL,ASO,ES,Federal Contract Tower,26,16,50,18,110,0,0,22,3,25,26,16,72,21,135,58,20,78,213
06/21/2014,ECP,FL,ASO,ES,Federal Contract Tower,36,12,47,0,95,0,0,26,2,28,36,12,73,2,123,60,0,60,183
06/22/2014,ECP,FL,ASO,ES,Federal Contract Tower,26,33,32,0,91,0,0,34,0,34,26,33,66,0,125,52,0,52,177
06/23/2014,ECP,FL,ASO,ES,Federal Contract Tower,27,21,37,8,93,0,0,23,0,23,27,21,60,8,116,53,16,69,185
06/24/2014,ECP,FL,ASO,ES,Federal Contract Tower,26,55,14,8,103,0,0,20,0,20,26,55,34,8,123,48,0,48,171
06/25/2014,ECP,FL,ASO,ES,Federal Contract Tower,26,27,10,4,67,0,0,18,0,18,26,27,28,4,85,33,36,69,154
06/26/2014,ECP,FL,ASO,ES,Federal Contract Tower,25,8,47,32,112,0,0,35,4,39,25,8,82,36,151,60,124,184,335
06/27/2014,ECP,FL,ASO,ES,Federal Contract Tower,31,26,46,26,129,0,0,48,0,48,31,26,94,26,177,66,18,84,261
06/28/2014,ECP,FL,ASO,ES,Federal Contract Tower,33,16,59,1,109,0,0,48,3,51,33,16,107,4,160,72,0,72,232
06/29/2014,ECP,FL,ASO,ES,Federal Contract Tower,26,9,45,0,80,0,0,34,0,34,26,9,79,0,114,61,0,61,175
06/30/2014,ECP,FL,ASO,ES,Federal Contract Tower,25,14,36,30,105,0,0,34,0,34,25,14,70,30,139,36,22,58,197
07/01/2014,ECP,FL,ASO,ES,Federal Contract Tower,26,30,28,13,97,0,0,33,0,33,26,30,61,13,130,80,16,96,226
07/02/2014,ECP,FL,ASO,ES,Federal Contract Tower,26,27,75,16,144,0,0,48,0,48,26,27,123,16,192,88,32,120,312
07/03/2014,ECP,FL,ASO,ES,Federal Contract Tower,26,14,51,10,101,0,1,39,1,41,26,15,90,11,142,56,4,60,202
07/04/2014,ECP,FL,ASO,ES,Federal Contract Tower,20,5,18,0,43,0,1,31,4,36,20,6,49,4,79,78,0,78,157
07/05/2014,ECP,FL,ASO,ES,Federal Contract Tower,32,19,38,1,90,0,0,48,1,49,32,19,86,2,139,90,0,90,229
07/06/2014,ECP,FL,ASO,ES,Federal Contract Tower,25,15,76,0,116,0,0,68,0,68,25,15,144,0,184,66,0,66,250
07/07/2014,ECP,FL,ASO,ES,Federal Contract Tower,25,12,49,0,86,0,0,19,0,19,25,12,68,0,105,24,0,24,129
07/08/2014,ECP,FL,ASO,ES,Federal Contract Tower,26,42,29,10,107,0,0,19,0,19,26,42,48,10,126,68,56,124,250
07/09/2014,ECP,FL,ASO,ES,Federal Contract Tower,25,40,21,4,90,0,0,29,0,29,25,40,50,4,119,56,22,78,197
07/10/2014,ECP,FL,ASO,ES,Federal Contract Tower,25,19,31,0,75,0,0,30,0,30,25,19,61,0,105,68,0,68,173
07/11/2014,ECP,FL,ASO,ES,Federal Contract Tower,25,23,42,8,98,0,0,23,6,29,25,23,65,14,127,42,26,68,195
07/12/2014,ECP,FL,ASO,ES,Federal Contract Tower,33,16,43,0,92,0,0,38,0,38,33,16,81,0,130,72,0,72,202
07/13/2014,ECP,FL,ASO,ES,Federal Contract Tower,25,13,52,3,93,0,0,40,0,40,25,13,92,3,133,88,0,88,221
07/14/2014,ECP,FL,ASO,ES,Federal Contract Tower,25,6,14,10,55,0,0,33,8,41,25,6,47,18,96,26,12,38,134
07/15/2014,ECP,FL,ASO,ES,Federal Contract Tower,25,8,37,2,72,0,0,9,0,9,25,8,46,2,81,17,0,17,98
07/16/2014,ECP,FL,ASO,ES,Federal Contract Tower,25,16,35,8,84,0,0,41,0,41,25,16,76,8,125,102,0,102,227
07/17/2014,ECP,FL,ASO,ES,Federal Contract Tower,19,13,36,0,68,0,2,66,0,68,19,15,102,0,136,70,0,70,206
07/18/2014,ECP,FL,ASO,ES,Federal Contract Tower,27,26,47,41,141,0,2,52,0,54,27,28,99,41,195,104,82,186,381
07/19/2014,ECP,FL,ASO,ES,Federal Contract Tower,32,9,36,0,77,0,0,5,0,5,32,9,41,0,82,4,0,4,86
07/20/2014,ECP,FL,ASO,ES,Federal Contract Tower,29,10,45,0,84,0,0,25,0,25,29,10,70,0,109,42,0,42,151
07/21/2014,ECP,FL,ASO,ES,Federal Contract Tower,25,13,35,4,77,0,0,23,0,23,25,13,58,4,100,52,8,60,160
07/22/2014,ECP,FL,ASO,ES,Federal Contract Tower,24,26,16,20,86,0,0,17,5,22,24,26,33,25,108,48,118,166,274
07/23/2014,ECP,FL,ASO,ES,Federal Contract Tower,24,40,23,22,109,0,0,29,1,30,24,40,52,23,139,90,14,104,243
07/24/2014,ECP,FL,ASO,ES,Federal Contract Tower,25,15,31,4,75,0,0,24,0,24,25,15,55,4,99,48,0,48,147
07/25/2014,ECP,FL,ASO,ES,Federal Contract Tower,24,20,39,6,89,0,0,32,0,32,24,20,71,6,121,64,0,64,185
07/26/2014,ECP,FL,ASO,ES,Federal Contract Tower,31,20,51,3,105,2,0,29,0,31,33,20,80,3,136,50,0,50,186
07/27/2014,ECP,FL,ASO,ES,Federal Contract Tower,24,11,55,0,90,0,0,37,0,37,24,11,92,0,127,76,0,76,203
07/28/2014,ECP,FL,ASO,ES,Federal Contract Tower,25,9,15,18,67,0,0,10,0,10,25,9,25,18,77,20,0,20,97
07/29/2014,ECP,FL,ASO,ES,Federal Contract Tower,24,10,23,12,69,0,3,15,0,18,24,13,38,12,87,30,18,48,135
07/30/2014,ECP,FL,ASO,ES,Federal Contract Tower,25,14,35,14,88,0,3,30,0,33,25,17,65,14,121,50,28,78,199
07/31/2014,ECP,FL,ASO,ES,Federal Contract Tower,27,13,37,18,95,0,2,34,0,36,27,15,71,18,131,54,18,72,203
08/01/2014,ECP,FL,ASO,ES,Federal Contract Tower,25,13,35,10,83,0,0,30,3,33,25,13,65,13,116,48,30,78,194
08/02/2014,ECP,FL,ASO,ES,Federal Contract Tower,32,29,30,0,91,0,0,45,0,45,32,29,75,0,136,108,0,108,244
08/03/2014,ECP,FL,ASO,ES,Federal Contract Tower,23,14,54,7,98,0,0,27,0,27,23,14,81,7,125,34,0,34,159
08/04/2014,ECP,FL,ASO,ES,Federal Contract Tower,27,8,50,12,97,0,0,26,2,28,27,8,76,14,125,62,2,64,189
08/05/2014,ECP,FL,ASO,ES,Federal Contract Tower,26,12,19,0,57,0,0,17,0,17,26,12,36,0,74,28,28,56,130
08/06/2014,ECP,FL,ASO,ES,Federal Contract Tower,26,38,23,8,95,0,0,42,0,42,26,38,65,8,137,50,8,58,195
08/07/2014,ECP,FL,ASO,ES,Federal Contract Tower,26,29,19,22,96,0,0,20,0,20,26,29,39,22,116,52,34,86,202
08/08/2014,ECP,FL,ASO,ES,Federal Contract Tower,20,24,47,0,91,0,0,43,4,47,20,24,90,4,138,87,38,125,263
08/09/2014,ECP,FL,ASO,ES,Federal Contract Tower,32,20,25,0,77,0,2,37,0,39,32,22,62,0,116,68,0,68,184
08/10/2014,ECP,FL,ASO,ES,Federal Contract Tower,26,12,33,0,71,0,0,23,0,23,26,12,56,0,94,74,0,74,168
08/11/2014,ECP,FL,ASO,ES,Federal Contract Tower,24,8,32,6,70,0,0,3,0,3,24,8,35,6,73,8,0,8,81
08/12/2014,ECP,FL,ASO,ES,Federal Contract Tower,24,23,14,12,73,0,0,13,3,16,24,23,27,15,89,6,8,14,103
08/13/2014,ECP,FL,ASO,ES,Federal Contract Tower,23,27,12,2,64,0,0,34,0,34,23,27,46,2,98,24,22,46,144
08/14/2014,ECP,FL,ASO,ES,Federal Contract Tower,23,12,39,24,98,0,0,12,2,14,23,12,51,26,112,10,64,74,186
08/15/2014,ECP,FL,ASO,ES,Federal Contract Tower,23,12,35,20,90,0,1,42,0,43,23,13,77,20,133,48,0,48,181
08/16/2014,ECP,FL,ASO,ES,Federal Contract Tower,23,13,33,2,71,0,0,51,1,52,23,13,84,3,123,64,8,72,195
08/17/2014,ECP,FL,ASO,ES,Federal Contract Tower,24,4,45,0,73,0,0,19,0,19,24,4,64,0,92,38,0,38,130
08/18/2014,ECP,FL,ASO,ES,Federal Contract Tower,23,8,24,2,57,0,6,0,0,6,23,14,24,2,63,4,0,4,67
08/19/2014,ECP,FL,ASO,ES,Federal Contract Tower,24,17,19,22,82,0,0,7,0,7,24,17,26,22,89,8,18,26,115
08/20/2014,ECP,FL,ASO,ES,Federal Contract Tower,22,36,9,22,89,0,0,6,6,12,22,36,15,28,101,0,8,8,109
08/21/2014,ECP,FL,ASO,ES,Federal Contract Tower,22,19,25,8,74,0,0,25,0,25,22,19,50,8,99,0,4,4,103
08/22/2014,ECP,FL,ASO,ES,Federal Contract Tower,23,17,21,2,63,0,0,45,3,48,23,17,66,5,111,46,24,70,181
08/23/2014,ECP,FL,ASO,ES,Federal Contract Tower,23,5,8,2,38,0,1,32,0,33,23,6,40,2,71,32,0,32,103
08/24/2014,ECP,FL,ASO,ES,Federal Contract Tower,23,6,35,0,64,0,0,42,0,42,23,6,77,0,106,18,0,18,124
08/25/2014,ECP,FL,ASO,ES,Federal Contract Tower,22,6,24,4,56,0,0,23,0,23,22,6,47,4,79,8,0,8,87
08/26/2014,ECP,FL,ASO,ES,Federal Contract Tower,23,29,7,10,69,0,2,21,4,27,23,31,28,14,96,8,42,50,146
08/27/2014,ECP,FL,ASO,ES,Federal Contract Tower,22,19,28,16,85,0,1,65,7,73,22,20,93,23,158,24,22,46,204
08/28/2014,ECP,FL,ASO,ES,Federal Contract Tower,23,15,48,28,114,0,0,58,2,60,23,15,106,30,174,40,48,88,262
08/29/2014,ECP,FL,ASO,ES,Federal Contract Tower,24,24,71,0,119,0,0,41,1,42,24,24,112,1,161,40,0,40,201
08/30/2014,ECP,FL,ASO,ES,Federal Contract Tower,20,15,15,0,50,0,0,32,0,32,20,15,47,0,82,64,0,64,146
08/31/2014,ECP,FL,ASO,ES,Federal Contract Tower,23,3,21,0,47,0,0,41,0,41,23,3,62,0,88,72,0,72,160
09/01/2014,ECP,FL,ASO,ES,Federal Contract Tower,20,44,63,0,127,0,0,48,0,48,20,44,111,0,175,54,0,54,229
09/02/2014,ECP,FL,ASO,ES,Federal Contract Tower,21,27,11,8,67,0,0,15,2,17,21,27,26,10,84,20,0,20,104
09/03/2014,ECP,FL,ASO,ES,Federal Contract Tower,21,21,11,20,73,0,0,28,0,28,21,21,39,20,101,64,18,82,183
09/04/2014,ECP,FL,ASO,ES,Federal Contract Tower,22,10,27,17,76,0,0,22,0,22,22,10,49,17,98,30,20,50,148
09/05/2014,ECP,FL,ASO,ES,Federal Contract Tower,19,14,39,6,78,0,0,39,0,39,19,14,78,6,117,24,0,24,141
09/06/2014,ECP,FL,ASO,ES,Federal Contract Tower,20,1,22,0,43,0,0,34,0,34,20,1,56,0,77,28,0,28,105
09/07/2014,ECP,FL,ASO,ES,Federal Contract Tower,24,0,23,0,47,0,0,21,8,29,24,0,44,8,76,26,4,30,106
09/08/2014,ECP,FL,ASO,ES,Federal Contract Tower,22,7,26,0,55,0,0,5,1,6,22,7,31,1,61,0,0,0,61
09/09/2014,ECP,FL,ASO,ES,Federal Contract Tower,20,11,24,12,67,0,0,6,9,15,20,11,30,21,82,2,28,30,112
09/10/2014,ECP,FL,ASO,ES,Federal Contract Tower,23,20,22,26,91,0,0,32,0,32,23,20,54,26,123,66,70,136,259
09/11/2014,ECP,FL,ASO,ES,Federal Contract Tower,22,11,39,31,103,0,0,8,0,8,22,11,47,31,111,22,20,42,153
09/12/2014,ECP,FL,ASO,ES,Federal Contract Tower,22,33,29,28,112,0,0,37,0,37,22,33,66,28,149,36,6,42,191
09/13/2014,ECP,FL,ASO,ES,Federal Contract Tower,20,3,34,2,59,0,1,30,11,42,20,4,64,13,101,24,0,24,125
09/14/2014,ECP,FL,ASO,ES,Federal Contract Tower,23,5,39,8,75,0,0,34,0,34,23,5,73,8,109,38,14,52,161
09/15/2014,ECP,FL,ASO,ES,Federal Contract Tower,23,7,19,14,63,0,1,7,3,11,23,8,26,17,74,0,8,8,82
09/16/2014,ECP,FL,ASO,ES,Federal Contract Tower,20,14,22,0,56,0,0,12,0,12,20,14,34,0,68,0,10,10,78
09/17/2014,ECP,FL,ASO,ES,Federal Contract Tower,22,19,15,10,66,0,0,20,2,22,22,19,35,12,88,22,10,32,120
09/18/2014,ECP,FL,ASO,ES,Federal Contract Tower,22,12,38,14,86,0,0,49,6,55,22,12,87,20,141,22,28,50,191
09/19/2014,ECP,FL,ASO,ES,Federal Contract Tower,22,7,39,16,84,0,0,30,0,30,22,7,69,16,114,22,14,36,150
09/20/2014,ECP,FL,ASO,ES,Federal Contract Tower,21,4,34,0,59,0,0,16,0,16,21,4,50,0,75,58,14,72,147
09/21/2014,ECP,FL,ASO,ES,Federal Contract Tower,20,14,25,3,62,0,0,71,1,72,20,14,96,4,134,40,8,48,182
09/22/2014,ECP,FL,ASO,ES,Federal Contract Tower,22,10,30,17,79,0,0,15,6,21,22,10,45,23,100,14,28,42,142
09/23/2014,ECP,FL,ASO,ES,Federal Contract Tower,20,15,26,17,78,0,0,31,0,31,20,15,57,17,109,30,52,82,191
09/24/2014,ECP,FL,ASO,ES,Federal Contract Tower,23,24,13,21,81,0,0,23,0,23,23,24,36,21,104,20,40,60,164
09/25/2014,ECP,FL,ASO,ES,Federal Contract Tower,22,7,37,9,75,0,0,9,0,9,22,7,46,9,84,0,10,10,94
09/26/2014,ECP,FL,ASO,ES,Federal Contract Tower,23,13,34,5,75,0,0,21,0,21,23,13,55,5,96,18,62,80,176
09/27/2014,ECP,FL,ASO,ES,Federal Contract Tower,20,2,30,0,52,0,0,13,0,13,20,2,43,0,65,48,0,48,113
09/28/2014,ECP,FL,ASO,ES,Federal Contract Tower,22,4,31,0,57,0,0,2,0,2,22,4,33,0,59,0,0,0,59
09/29/2014,ECP,FL,ASO,ES,Federal Contract Tower,22,6,12,0,40,0,0,0,0,0,22,6,12,0,40,0,0,0,40
09/30/2014,ECP,FL,ASO,ES,Federal Contract Tower,21,9,18,0,48,0,0,9,0,9,21,9,27,0,57,0,0,0,57
10/01/2014,ECP,FL,ASO,ES,Federal Contract Tower,21,24,20,22,87,0,0,31,4,35,21,24,51,26,122,20,10,30,152
10/02/2014,ECP,FL,ASO,ES,Federal Contract Tower,23,14,25,17,79,0,1,35,0,36,23,15,60,17,115,32,32,64,179
10/03/2014,ECP,FL,ASO,ES,Federal Contract Tower,21,13,31,0,65,0,0,6,0,6,21,13,37,0,71,8,0,8,79
10/04/2014,ECP,FL,ASO,ES,Federal Contract Tower,19,7,25,0,51,0,0,56,0,56,19,7,81,0,107,40,0,40,147
10/05/2014,ECP,FL,ASO,ES,Federal Contract Tower,22,8,38,0,68,0,0,49,0,49,22,8,87,0,117,60,0,60,177
10/06/2014,ECP,FL,ASO,ES,Federal Contract Tower,20,10,25,4,59,0,0,22,0,22,20,10,47,4,81,46,26,72,153
10/07/2014,ECP,FL,ASO,ES,Federal Contract Tower,20,24,2,14,60,0,0,22,0,22,20,24,24,14,82,18,16,34,116
10/08/2014,ECP,FL,ASO,ES,Federal Contract Tower,22,11,39,6,78,0,0,37,2,39,22,11,76,8,117,10,6,16,133
10/09/2014,ECP,FL,ASO,ES,Federal Contract Tower,24,10,44,24,102,0,0,17,2,19,24,10,61,26,121,16,60,76,197
10/10/2014,ECP,FL,ASO,ES,Federal Contract Tower,22,10,64,6,102,0,0,33,0,33,22,10,97,6,135,17,8,25,160
10/11/2014,ECP,FL,ASO,ES,Federal Contract Tower,19,7,46,0,72,0,0,32,2,34,19,7,78,2,106,31,0,31,137
10/12/2014,ECP,FL,ASO,ES,Federal Contract Tower,22,11,56,0,89,0,0,45,0,45,22,11,101,0,134,60,0,60,194
10/13/2014,ECP,FL,ASO,ES,Federal Contract Tower,21,13,59,4,97,0,0,22,0,22,21,13,81,4,119,10,0,10,129
10/14/2014,ECP,FL,ASO,ES,Federal Contract Tower,21,22,18,2,63,0,0,7,0,7,21,22,25,2,70,6,0,6,76
10/15/2014,ECP,FL,ASO,ES,Federal Contract Tower,23,33,46,2,104,0,1,39,0,40,23,34,85,2,144,50,0,50,194
10/16/2014,ECP,FL,ASO,ES,Federal Contract Tower,22,22,53,20,117,0,0,34,0,34,22,22,87,20,151,38,20,58,209
10/17/2014,ECP,FL,ASO,ES,Federal Contract Tower,20,19,47,4,90,0,0,38,0,38,20,19,85,4,128,0,0,0,128
10/18/2014,ECP,FL,ASO,ES,Federal Contract Tower,19,15,21,2,57,0,3,31,1,35,19,18,52,3,92,12,4,16,108
10/19/2014,ECP,FL,ASO,ES,Federal Contract Tower,22,15,68,12,117,0,0,36,1,37,22,15,104,13,154,16,12,28,182
10/20/2014,ECP,FL,ASO,ES,Federal Contract Tower,22,10,29,14,75,0,0,42,4,46,22,10,71,18,121,80,38,118,239
10/21/2014,ECP,FL,ASO,ES,Federal Contract Tower,20,17,25,5,67,0,0,23,4,27,20,17,48,9,94,36,42,78,172
10/22/2014,ECP,FL,ASO,ES,Federal Contract Tower,22,13,33,14,82,0,0,28,0,28,22,13,61,14,110,38,102,140,250
10/23/2014,ECP,FL,ASO,ES,Federal Contract Tower,22,17,48,14,101,0,0,38,0,38,22,17,86,14,139,14,0,14,153
10/24/2014,ECP,FL,ASO,ES,Federal Contract Tower,22,14,50,4,90,0,2,55,2,59,22,16,105,6,149,30,0,30,179
10/25/2014,ECP,FL,ASO,ES,Federal Contract Tower,23,1,21,0,45,0,0,38,0,38,23,1,59,0,83,36,0,36,119
10/26/2014,ECP,FL,ASO,ES,Federal Contract Tower,22,4,56,0,82,0,0,63,0,63,22,4,119,0,145,70,10,80,225
10/27/2014,ECP,FL,ASO,ES,Federal Contract Tower,22,9,33,12,76,0,0,31,0,31,22,9,64,12,107,22,10,32,139
10/28/2014,ECP,FL,ASO,ES,Federal Contract Tower,22,11,34,12,79,0,0,20,0,20,22,11,54,12,99,18,38,56,155
10/29/2014,ECP,FL,ASO,ES,Federal Contract Tower,22,34,10,27,93,0,0,11,20,31,22,34,21,47,124,14,28,42,166
10/30/2014,ECP,FL,ASO,ES,Federal Contract Tower,22,14,30,0,66,0,0,38,9,47,22,14,68,9,113,36,36,72,185
10/31/2014,ECP,FL,ASO,ES,Federal Contract Tower,22,12,39,0,73,0,0,31,0,31,22,12,70,0,104,33,0,33,137
11/01/2014,ECP,FL,ASO,ES,Federal Contract Tower,20,12,14,0,46,0,0,16,0,16,20,12,30,0,62,0,0,0,62
11/02/2014,ECP,FL,ASO,ES,Federal Contract Tower,21,8,39,0,68,0,0,46,0,46,21,8,85,0,114,54,0,54,168
11/03/2014,ECP,FL,ASO,ES,Federal Contract Tower,20,6,21,5,52,0,0,35,1,36,20,6,56,6,88,48,8,56,144
11/04/2014,ECP,FL,ASO,ES,Federal Contract Tower,19,15,20,28,82,0,0,12,2,14,19,15,32,30,96,54,26,80,176
11/05/2014,ECP,FL,ASO,ES,Federal Contract Tower,22,15,23,17,77,0,0,26,4,30,22,15,49,21,107,60,24,84,191
11/06/2014,ECP,FL,ASO,ES,Federal Contract Tower,20,11,22,28,81,0,0,21,8,29,20,11,43,36,110,14,12,26,136
11/07/2014,ECP,FL,ASO,ES,Federal Contract Tower,20,14,45,3,82,0,0,34,0,34,20,14,79,3,116,20,0,20,136
11/08/2014,ECP,FL,ASO,ES,Federal Contract Tower,17,2,13,0,32,0,0,24,4,28,17,2,37,4,60,30,16,46,106
11/09/2014,ECP,FL,ASO,ES,Federal Contract Tower,21,11,46,15,93,0,2,46,0,48,21,13,92,15,141,42,10,52,193
11/10/2014,ECP,FL,ASO,ES,Federal Contract Tower,21,10,29,15,75,0,0,30,0,30,21,10,59,15,105,6,42,48,153
11/11/2014,ECP,FL,ASO,ES,Federal Contract Tower,18,9,18,0,45,0,0,43,0,43,18,9,61,0,88,35,8,43,131
11/12/2014,ECP,FL,ASO,ES,Federal Contract Tower,21,25,13,31,90,0,0,23,6,29,21,25,36,37,119,18,68,86,205
11/13/2014,ECP,FL,ASO,ES,Federal Contract Tower,21,8,21,6,56,0,0,12,6,18,21,8,33,12,74,8,66,74,148
11/14/2014,ECP,FL,ASO,ES,Federal Contract Tower,20,14,40,8,82,0,2,20,1,23,20,16,60,9,105,42,52,94,199
11/15/2014,ECP,FL,ASO,ES,Federal Contract Tower,16,9,11,2,38,0,0,36,4,40,16,9,47,6,78,38,6,44,122
11/16/2014,ECP,FL,ASO,ES,Federal Contract Tower,20,5,28,6,59,0,0,21,0,21,20,5,49,6,80,8,30,38,118
11/17/2014,ECP,FL,ASO,ES,Federal Contract Tower,20,6,22,28,76,0,0,1,0,1,20,6,23,28,77,2,6,8,85
11/18/2014,ECP,FL,ASO,ES,Federal Contract Tower,19,16,14,4,53,0,0,13,4,17,19,16,27,8,70,10,54,64,134
11/19/2014,ECP,FL,ASO,ES,Federal Contract Tower,21,18,1,10,50,0,0,19,2,21,21,18,20,12,71,8,38,46,117
11/20/2014,ECP,FL,ASO,ES,Federal Contract Tower,18,8,28,5,59,0,0,18,0,18,18,8,46,5,77,8,32,40,117
11/21/2014,ECP,FL,ASO,ES,Federal Contract Tower,20,14,33,8,75,0,2,37,1,40,20,16,70,9,115,46,16,62,177
11/22/2014,ECP,FL,ASO,ES,Federal Contract Tower,16,9,36,1,62,0,0,24,0,24,16,9,60,1,86,22,0,22,108
11/23/2014,ECP,FL,ASO,ES,Federal Contract Tower,18,1,5,0,24,0,0,0,0,0,18,1,5,0,24,0,0,0,24
11/24/2014,ECP,FL,ASO,ES,Federal Contract Tower,18,16,27,13,74,0,0,12,0,12,18,16,39,13,86,26,9,35,121
11/25/2014,ECP,FL,ASO,ES,Federal Contract Tower,23,19,32,0,74,0,0,11,0,11,23,19,43,0,85,0,0,0,85
11/26/2014,ECP,FL,ASO,ES,Federal Contract Tower,23,16,50,0,89,0,0,21,0,21,23,16,71,0,110,18,2,20,130
11/27/2014,ECP,FL,ASO,ES,Federal Contract Tower,12,2,6,0,20,0,0,6,0,6,12,2,12,0,26,12,0,12,38
11/28/2014,ECP,FL,ASO,ES,Federal Contract Tower,14,9,29,0,52,0,0,32,0,32,14,9,61,0,84,36,0,36,120
11/29/2014,ECP,FL,ASO,ES,Federal Contract Tower,20,9,26,0,55,0,0,53,0,53,20,9,79,0,108,46,0,46,154
11/30/2014,ECP,FL,ASO,ES,Federal Contract Tower,23,21,78,0,122,0,0,52,2,54,23,21,130,2,176,50,0,50,226
12/01/2014,ECP,FL,ASO,ES,Federal Contract Tower,25,7,27,6,65,0,0,12,0,12,25,7,39,6,77,78,0,78,155
12/02/2014,ECP,FL,ASO,ES,Federal Contract Tower,14,12,20,12,58,0,0,16,0,16,14,12,36,12,74,10,6,16,90
12/03/2014,ECP,FL,ASO,ES,Federal Contract Tower,16,26,8,4,54,0,4,25,0,29,16,30,33,4,83,20,16,36,119
12/04/2014,ECP,FL,ASO,ES,Federal Contract Tower,16,6,29,22,73,0,0,27,2,29,16,6,56,24,102,28,40,68,170
12/05/2014,ECP,FL,ASO,ES,Federal Contract Tower,16,12,38,24,90,0,0,13,6,19,16,12,51,30,109,4,70,74,183
12/06/2014,ECP,FL,ASO,ES,Federal Contract Tower,16,2,14,1,33,0,0,4,1,5,16,2,18,2,38,8,0,8,46
12/07/2014,ECP,FL,ASO,ES,Federal Contract Tower,16,5,21,0,42,0,0,34,0,34,16,5,55,0,76,28,0,28,104
12/08/2014,ECP,FL,ASO,ES,Federal Contract Tower,16,5,21,9,51,0,0,14,2,16,16,5,35,11,67,4,18,22,89
12/09/2014,ECP,FL,ASO,ES,Federal Contract Tower,15,13,9,16,53,0,0,21,0,21,15,13,30,16,74,60,0,60,134
12/10/2014,ECP,FL,ASO,ES,Federal Contract Tower,17,11,12,21,61,0,0,29,3,32,17,11,41,24,93,36,34,70,163
12/11/2014,ECP,FL,ASO,ES,Federal Contract Tower,16,9,23,4,52,0,0,27,2,29,16,9,50,6,81,44,26,70,151
12/12/2014,ECP,FL,ASO,ES,Federal Contract Tower,16,10,24,6,56,0,1,29,3,33,16,11,53,9,89,42,12,54,143
12/13/2014,ECP,FL,ASO,ES,Federal Contract Tower,14,1,17,0,32,0,0,41,0,41,14,1,58,0,73,24,0,24,97
12/14/2014,ECP,FL,ASO,ES,Federal Contract Tower,14,1,20,4,39,0,0,40,0,40,14,1,60,4,79,16,0,16,95
12/15/2014,ECP,FL,ASO,ES,Federal Contract Tower,16,8,17,17,58,0,2,24,4,30,16,10,41,21,88,37,24,61,149
12/16/2014,ECP,FL,ASO,ES,Federal Contract Tower,13,18,9,2,42,0,0,10,0,10,13,18,19,2,52,6,0,6,58
12/17/2014,ECP,FL,ASO,ES,Federal Contract Tower,16,19,8,6,49,0,0,24,0,24,16,19,32,6,73,34,16,50,123
12/18/2014,ECP,FL,ASO,ES,Federal Contract Tower,16,15,16,13,60,0,0,23,1,24,16,15,39,14,84,40,56,96,180
12/19/2014,ECP,FL,ASO,ES,Federal Contract Tower,16,13,19,8,56,0,0,17,2,19,16,13,36,10,75,74,6,80,155
12/20/2014,ECP,FL,ASO,ES,Federal Contract Tower,15,17,2,0,34,0,0,11,0,11,15,17,13,0,45,18,0,18,63
12/21/2014,ECP,FL,ASO,ES,Federal Contract Tower,16,7,15,0,38,0,0,0,0,0,16,7,15,0,38,0,0,0,38
12/22/2014,ECP,FL,ASO,ES,Federal Contract Tower,14,4,14,4,36,0,0,1,0,1,14,4,15,4,37,0,0,0,37
12/23/2014,ECP,FL,ASO,ES,Federal Contract Tower,17,17,0,0,34,0,0,0,0,0,17,17,0,0,34,0,0,0,34
12/24/2014,ECP,FL,ASO,ES,Federal Contract Tower,13,13,1,0,27,0,0,3,0,3,13,13,4,0,30,0,0,0,30
12/25/2014,ECP,FL,ASO,ES,Federal Contract Tower,13,0,7,0,20,0,0,18,0,18,13,0,25,0,38,8,0,8,46
12/26/2014,ECP,FL,ASO,ES,Federal Contract Tower,16,8,31,0,55,0,0,31,0,31,16,8,62,0,86,24,0,24,110
12/27/2014,ECP,FL,ASO,ES,Federal Contract Tower,14,6,45,0,65,0,2,35,0,37,14,8,80,0,102,88,0,88,190
12/28/2014,ECP,FL,ASO,ES,Federal Contract Tower,17,10,42,0,69,0,0,6,0,6,17,10,48,0,75,10,0,10,85
12/29/2014,ECP,FL,ASO,ES,Federal Contract Tower,17,15,40,0,72,0,0,0,0,0,17,15,40,0,72,0,0,0,72
12/30/2014,ECP,FL,ASO,ES,Federal Contract Tower,17,42,7,0,66,0,0,9,5,14,17,42,16,5,80,32,0,32,112
12/31/2014,ECP,FL,ASO,ES,Federal Contract Tower,13,46,9,0,68,0,0,22,0,22,13,46,31,0,90,44,0,44,134
01/01/2015,ECP,FL,ASO,ES,Federal Contract Tower,12,4,16,0,32,0,0,22,0,22,12,4,38,0,54,18,0,18,72
01/02/2015,ECP,FL,ASO,ES,Federal Contract Tower,16,17,37,0,70,0,0,8,0,8,16,17,45,0,78,60,0,60,138
01/03/2015,ECP,FL,ASO,ES,Federal Contract Tower,16,16,35,0,67,0,0,0,0,0,16,16,35,0,67,0,0,0,67
01/04/2015,ECP,FL,ASO,ES,Federal Contract Tower,16,9,30,0,55,0,0,0,0,0,16,9,30,0,55,0,0,0,55
01/05/2015,ECP,FL,ASO,ES,Federal Contract Tower,17,9,29,4,59,0,0,19,0,19,17,9,48,4,78,14,4,18,96
01/06/2015,ECP,FL,ASO,ES,Federal Contract Tower,15,8,15,10,48,0,0,21,1,22,15,8,36,11,70,6,10,16,86
01/07/2015,ECP,FL,ASO,ES,Federal Contract Tower,17,23,1,19,60,0,0,14,0,14,17,23,15,19,74,38,22,60,134
01/08/2015,ECP,FL,ASO,ES,Federal Contract Tower,16,9,22,10,57,0,0,10,6,16,16,9,32,16,73,4,92,96,169
01/09/2015,ECP,FL,ASO,ES,Federal Contract Tower,17,10,22,32,81,0,0,10,4,14,17,10,32,36,95,48,30,78,173
01/10/2015,ECP,FL,ASO,ES,Federal Contract Tower,12,2,8,0,22,0,0,48,0,48,12,2,56,0,70,32,8,40,110
01/11/2015,ECP,FL,ASO,ES,Federal Contract Tower,16,3,17,6,42,0,2,10,0,12,16,5,27,6,54,20,6,26,80
01/12/2015,ECP,FL,ASO,ES,Federal Contract Tower,14,6,20,4,44,0,0,0,0,0,14,6,20,4,44,0,0,0,44
01/13/2015,ECP,FL,ASO,ES,Federal Contract Tower,14,16,22,8,60,0,0,3,8,11,14,16,25,16,71,8,0,8,79
01/14/2015,ECP,FL,ASO,ES,Federal Contract Tower,16,20,24,2,62,0,0,8,0,8,16,20,32,2,70,8,8,16,86
01/15/2015,ECP,FL,ASO,ES,Federal Contract Tower,19,10,29,21,79,0,0,0,0,0,19,10,29,21,79,0,0,0,79
01/16/2015,ECP,FL,ASO,ES,Federal Contract Tower,16,24,47,9,96,0,15,35,0,50,16,39,82,9,146,8,32,40,186
01/17/2015,ECP,FL,ASO,ES,Federal Contract Tower,11,5,32,0,48,0,0,46,0,46,11,5,78,0,94,32,1,33,127
01/18/2015,ECP,FL,ASO,ES,Federal Contract Tower,12,4,27,0,43,0,0,42,0,42,12,4,69,0,85,8,0,8,93
01/19/2015,ECP,FL,ASO,ES,Federal Contract Tower,16,9,39,1,65,0,0,45,0,45,16,9,84,1,110,40,0,40,150
01/20/2015,ECP,FL,ASO,ES,Federal Contract Tower,14,16,23,32,85,0,0,25,42,67,14,16,48,74,152,44,0,44,196
01/21/2015,ECP,FL,ASO,ES,Federal Contract Tower,19,19,17,12,67,0,0,19,52,71,19,19,36,64,138,0,0,0,138
01/22/2015,ECP,FL,ASO,ES,Federal Contract Tower,16,8,29,33,86,0,1,20,4,25,16,9,49,37,111,34,90,124,235
01/23/2015,ECP,FL,ASO,ES,Federal Contract Tower,15,17,14,4,50,0,0,0,0,0,15,17,14,4,50,0,0,0,50
01/24/2015,ECP,FL,ASO,ES,Federal Contract Tower,13,2,20,0,35,0,0,29,0,29,13,2,49,0,64,56,0,56,120
01/25/2015,ECP,FL,ASO,ES,Federal Contract Tower,15,2,24,0,41,0,0,45,0,45,15,2,69,0,86,62,0,62,148
01/26/2015,ECP,FL,ASO,ES,Federal Contract Tower,16,7,15,6,44,0,0,34,5,39,16,7,49,11,83,16,26,42,125
01/27/2015,ECP,FL,ASO,ES,Federal Contract Tower,14,20,25,5,64,0,0,16,0,16,14,20,41,5,80,8,12,20,100
01/28/2015,ECP,FL,ASO,ES,Federal Contract Tower,16,21,5,10,52,0,0,23,2,25,16,21,28,12,77,2,38,40,117
01/29/2015,ECP,FL,ASO,ES,Federal Contract Tower,16,14,22,10,62,0,3,30,6,39,16,17,52,16,101,28,34,62,163
01/30/2015,ECP,FL,ASO,ES,Federal Contract Tower,17,9,26,8,60,0,3,30,2,35,17,12,56,10,95,58,6,64,159
01/31/2015,ECP,FL,ASO,ES,Federal Contract Tower,13,8,9,0,30,0,1,56,4,61,13,9,65,4,91,62,4,66,157
02/01/2015,ECP,FL,ASO,ES,Federal Contract Tower,12,4,14,4,34,0,0,11,0,11,12,4,25,4,45,42,0,42,87
02/02/2015,ECP,FL,ASO,ES,Federal Contract Tower,16,7,18,13,54,0,0,16,0,16,16,7,34,13,70,4,36,40,110
02/03/2015,ECP,FL,ASO,ES,Federal Contract Tower,14,10,17,8,49,0,0,24,0,24,14,10,41,8,73,6,14,20,93
02/04/2015,ECP,FL,ASO,ES,Federal Contract Tower,15,23,13,0,51,0,0,4,0,4,15,23,17,0,55,0,12,12,67
02/05/2015,ECP,FL,ASO,ES,Federal Contract Tower,16,7,13,28,64,0,0,32,0,32,16,7,45,28,96,10,14,24,120
02/06/2015,ECP,FL,ASO,ES,Federal Contract Tower,16,8,36,6,66,0,0,36,0,36,16,8,72,6,102,48,8,56,158
02/07/2015,ECP,FL,ASO,ES,Federal Contract Tower,12,1,21,2,36,0,0,49,0,49,12,1,70,2,85,38,0,38,123
02/08/2015,ECP,FL,ASO,ES,Federal Contract Tower,16,4,33,2,55,0,0,40,4,44,16,4,73,6,99,34,10,44,143
02/09/2015,ECP,FL,ASO,ES,Federal Contract Tower,14,8,19,7,48,0,0,5,2,7,14,8,24,9,55,4,4,8,63
02/10/2015,ECP,FL,ASO,ES,Federal Contract Tower,15,17,28,26,86,0,0,24,2,26,15,17,52,28,112,26,40,66,178
02/11/2015,ECP,FL,ASO,ES,Federal Contract Tower,16,22,12,24,74,0,0,42,0,42,16,22,54,24,116,72,20,92,208
02/12/2015,ECP,FL,ASO,ES,Federal Contract Tower,16,15,37,35,103,0,0,46,8,54,16,15,83,43,157,28,130,158,315
02/13/2015,ECP,FL,ASO,ES,Federal Contract Tower,16,13,25,12,66,0,0,48,2,50,16,13,73,14,116,70,4,74,190
02/14/2015,ECP,FL,ASO,ES,Federal Contract Tower,13,6,23,0,42,0,0,53,0,53,13,6,76,0,95,56,0,56,151
02/15/2015,ECP,FL,ASO,ES,Federal Contract Tower,13,10,38,0,61,0,0,20,0,20,13,10,58,0,81,14,0,14,95
02/16/2015,ECP,FL,ASO,ES,Federal Contract Tower,15,10,20,0,45,0,0,5,0,5,15,10,25,0,50,8,0,8,58
02/17/2015,ECP,FL,ASO,ES,Federal Contract Tower,17,12,13,18,60,0,0,3,0,3,17,12,16,18,63,16,10,26,89
02/18/2015,ECP,FL,ASO,ES,Federal Contract Tower,18,32,6,31,87,0,1,20,4,25,18,33,26,35,112,0,66,66,178
02/19/2015,ECP,FL,ASO,ES,Federal Contract Tower,15,13,22,8,58,0,0,27,7,34,15,13,49,15,92,14,92,106,198
02/20/2015,ECP,FL,ASO,ES,Federal Contract Tower,16,12,16,14,58,0,1,24,0,25,16,13,40,14,83,8,68,76,159
02/21/2015,ECP,FL,ASO,ES,Federal Contract Tower,13,2,15,23,53,0,0,25,1,26,13,2,40,24,79,4,40,44,123
02/22/2015,ECP,FL,ASO,ES,Federal Contract Tower,14,5,37,0,56,0,0,15,0,15,14,5,52,0,71,0,0,0,71
02/23/2015,ECP,FL,ASO,ES,Federal Contract Tower,15,6,25,25,71,0,0,11,0,11,15,6,36,25,82,10,78,88,170
02/24/2015,ECP,FL,ASO,ES,Federal Contract Tower,15,18,12,30,75,0,0,0,0,0,15,18,12,30,75,0,0,0,75
02/25/2015,ECP,FL,ASO,ES,Federal Contract Tower,13,29,2,4,48,0,0,0,0,0,13,29,2,4,48,0,0,0,48
02/26/2015,ECP,FL,ASO,ES,Federal Contract Tower,14,8,30,15,67,0,0,9,2,11,14,8,39,17,78,2,20,22,100
02/27/2015,ECP,FL,ASO,ES,Federal Contract Tower,16,15,29,18,78,0,3,56,1,60,16,18,85,19,138,16,30,46,184
02/28/2015,ECP,FL,ASO,ES,Federal Contract Tower,15,8,22,1,46,0,0,21,2,23,15,8,43,3,69,38,4,42,111
03/01/2015,ECP,FL,ASO,ES,Federal Contract Tower,15,6,41,0,62,0,0,10,0,10,15,6,51,0,72,10,0,10,82
03/02/2015,ECP,FL,ASO,ES,Federal Contract Tower,16,12,19,52,99,0,0,23,0,23,16,12,42,52,122,42,14,56,178
03/03/2015,ECP,FL,ASO,ES,Federal Contract Tower,16,10,13,26,65,0,1,25,0,26,16,11,38,26,91,14,12,26,117
03/04/2015,ECP,FL,ASO,ES,Federal Contract Tower,16,33,9,41,99,0,0,14,0,14,16,33,23,41,113,24,2,26,139
03/05/2015,ECP,FL,ASO,ES,Federal Contract Tower,16,13,24,11,64,0,0,6,0,6,16,13,30,11,70,14,0,14,84
03/06/2015,ECP,FL,ASO,ES,Federal Contract Tower,19,12,59,16,106,0,0,22,7,29,19,12,81,23,135,24,24,48,183
03/07/2015,ECP,FL,ASO,ES,Federal Contract Tower,35,11,29,16,91,0,0,72,0,72,35,11,101,16,163,98,0,98,261
03/08/2015,ECP,FL,ASO,ES,Federal Contract Tower,28,6,39,0,73,0,0,54,0,54,28,6,93,0,127,76,0,76,203
03/09/2015,ECP,FL,ASO,ES,Federal Contract Tower,27,7,22,62,118,0,0,30,2,32,27,7,52,64,150,32,60,92,242
03/10/2015,ECP,FL,ASO,ES,Federal Contract Tower,27,25,14,54,120,0,0,23,10,33,27,25,37,64,153,48,66,114,267
03/11/2015,ECP,FL,ASO,ES,Federal Contract Tower,27,35,22,62,146,0,0,30,2,32,27,35,52,64,178,53,12,65,243
03/12/2015,ECP,FL,ASO,ES,Federal Contract Tower,24,10,39,24,97,0,0,17,2,19,24,10,56,26,116,44,44,88,204
03/13/2015,ECP,FL,ASO,ES,Federal Contract Tower,26,6,34,23,89,0,0,16,6,22,26,6,50,29,111,44,16,60,171
03/14/2015,ECP,FL,ASO,ES,Federal Contract Tower,34,16,60,0,110,0,0,45,0,45,34,16,105,0,155,94,0,94,249
03/15/2015,ECP,FL,ASO,ES,Federal Contract Tower,26,6,41,0,73,0,0,46,0,46,26,6,87,0,119,64,0,64,183
03/16/2015,ECP,FL,ASO,ES,Federal Contract Tower,26,7,36,12,81,0,1,42,0,43,26,8,78,12,124,64,18,82,206
03/17/2015,ECP,FL,ASO,ES,Federal Contract Tower,26,14,28,18,86,0,0,36,1,37,26,14,64,19,123,80,30,110,233
03/18/2015,ECP,FL,ASO,ES,Federal Contract Tower,26,44,11,19,100,0,0,24,0,24,26,44,35,19,124,38,12,50,174
03/19/2015,ECP,FL,ASO,ES,Federal Contract Tower,28,17,66,36,147,0,0,22,2,24,28,17,88,38,171,28,46,74,245
03/20/2015,ECP,FL,ASO,ES,Federal Contract Tower,28,30,28,7,93,0,0,34,1,35,28,30,62,8,128,43,30,73,201
03/21/2015,ECP,FL,ASO,ES,Federal Contract Tower,34,32,28,0,94,0,0,34,0,34,34,32,62,0,128,58,0,58,186
03/22/2015,ECP,FL,ASO,ES,Federal Contract Tower,27,18,50,0,95,0,0,7,2,9,27,18,57,2,104,20,0,20,124
03/23/2015,ECP,FL,ASO,ES,Federal Contract Tower,29,16,39,19,103,0,0,18,7,25,29,16,57,26,128,20,78,98,226
03/24/2015,ECP,FL,ASO,ES,Federal Contract Tower,27,30,17,22,96,0,0,22,2,24,27,30,39,24,120,54,52,106,226
03/25/2015,ECP,FL,ASO,ES,Federal Contract Tower,31,24,18,50,123,0,0,53,8,61,31,24,71,58,184,44,78,122,306
03/26/2015,ECP,FL,ASO,ES,Federal Contract Tower,28,14,30,10,82,0,0,5,0,5,28,14,35,10,87,10,0,10,97
03/27/2015,ECP,FL,ASO,ES,Federal Contract Tower,26,17,38,24,105,0,1,20,3,24,26,18,58,27,129,66,2,68,197
03/28/2015,ECP,FL,ASO,ES,Federal Contract Tower,35,13,40,2,90,0,0,74,0,74,35,13,114,2,164,68,0,68,232
03/29/2015,ECP,FL,ASO,ES,Federal Contract Tower,30,7,33,0,70,0,0,65,0,65,30,7,98,0,135,64,0,64,199
03/30/2015,ECP,FL,ASO,ES,Federal Contract Tower,29,18,21,20,88,0,0,20,0,20,29,18,41,20,108,24,6,30,138
03/31/2015,ECP,FL,ASO,ES,Federal Contract Tower,28,10,20,16,74,0,1,15,0,16,28,11,35,16,90,22,14,36,126
04/01/2015,ECP,FL,ASO,ES,Federal Contract Tower,29,18,40,14,101,0,0,28,0,28,29,18,68,14,129,46,6,52,181
04/02/2015,ECP,FL,ASO,ES,Federal Contract Tower,29,16,49,32,126,0,0,26,4,30,29,16,75,36,156,48,56,104,260
04/03/2015,ECP,FL,ASO,ES,Federal Contract Tower,27,20,51,34,132,0,0,31,0,31,27,20,82,34,163,48,22,70,233
04/04/2015,ECP,FL,ASO,ES,Federal Contract Tower,38,11,41,0,90,0,0,30,0,30,38,11,71,0,120,48,0,48,168
04/05/2015,ECP,FL,ASO,ES,Federal Contract Tower,27,13,40,0,80,0,0,40,2,42,27,13,80,2,122,28,0,28,150
04/06/2015,ECP,FL,ASO,ES,Federal Contract Tower,27,20,36,42,125,0,2,21,0,23,27,22,57,42,148,47,92,139,287
04/07/2015,ECP,FL,ASO,ES,Federal Contract Tower,27,37,20,50,134,0,0,32,2,34,27,37,52,52,168,26,80,106,274
04/08/2015,ECP,FL,ASO,ES,Federal Contract Tower,30,17,37,13,97,0,0,50,2,52,30,17,87,15,149,62,24,86,235
04/09/2015,ECP,FL,ASO,ES,Federal Contract Tower,27,23,44,70,164,0,0,32,0,32,27,23,76,70,196,34,20,54,250
04/10/2015,ECP,FL,ASO,ES,Federal Contract Tower,25,21,31,22,99,0,0,24,0,24,25,21,55,22,123,10,56,66,189
04/11/2015,ECP,FL,ASO,ES,Federal Contract Tower,32,18,30,0,80,0,0,13,0,13,32,18,43,0,93,22,0,22,115
04/12/2015,ECP,FL,ASO,ES,Federal Contract Tower,33,5,28,2,68,0,0,18,0,18,33,5,46,2,86,42,0,42,128
04/13/2015,ECP,FL,ASO,ES,Federal Contract Tower,29,16,20,9,74,0,0,0,0,0,29,16,20,9,74,0,0,0,74
04/14/2015,ECP,FL,ASO,ES,Federal Contract Tower,32,19,9,8,68,0,0,5,0,5,32,19,14,8,73,14,0,14,87
04/15/2015,ECP,FL,ASO,ES,Federal Contract Tower,31,13,31,15,90,0,0,29,0,29,31,13,60,15,119,34,60,94,213
04/16/2015,ECP,FL,ASO,ES,Federal Contract Tower,26,18,31,31,106,0,0,31,4,35,26,18,62,35,141,26,88,114,255
04/17/2015,ECP,FL,ASO,ES,Federal Contract Tower,29,13,30,35,107,0,0,8,13,21,29,13,38,48,128,24,88,112,240
04/18/2015,ECP,FL,ASO,ES,Federal Contract Tower,35,4,11,2,52,0,0,20,0,20,35,4,31,2,72,92,0,92,164
04/19/2015,ECP,FL,ASO,ES,Federal Contract Tower,26,10,27,0,63,0,0,10,0,10,26,10,37,0,73,12,0,12,85
04/20/2015,ECP,FL,ASO,ES,Federal Contract Tower,30,7,29,10,76,0,0,20,7,27,30,7,49,17,103,0,38,38,141
04/21/2015,ECP,FL,ASO,ES,Federal Contract Tower,29,11,29,35,104,0,1,32,0,33,29,12,61,35,137,28,28,56,193
04/22/2015,ECP,FL,ASO,ES,Federal Contract Tower,29,13,33,36,111,0,0,40,3,43,29,13,73,39,154,34,112,146,300
04/23/2015,ECP,FL,ASO,ES,Federal Contract Tower,30,13,36,26,105,0,1,32,0,33,30,14,68,26,138,48,42,90,228
04/24/2015,ECP,FL,ASO,ES,Federal Contract Tower,26,16,51,14,107,0,0,40,2,42,26,16,91,16,149,36,44,80,229
04/25/2015,ECP,FL,ASO,ES,Federal Contract Tower,33,6,31,0,70,0,0,5,0,5,33,6,36,0,75,12,0,12,87
04/26/2015,ECP,FL,ASO,ES,Federal Contract Tower,28,11,57,1,97,0,0,41,0,41,28,11,98,1,138,22,0,22,160
04/27/2015,ECP,FL,ASO,ES,Federal Contract Tower,29,14,27,4,74,0,0,22,0,22,29,14,49,4,96,0,10,10,106
04/28/2015,ECP,FL,ASO,ES,Federal Contract Tower,32,24,24,10,90,0,0,3,0,3,32,24,27,10,93,0,6,6,99
04/29/2015,ECP,FL,ASO,ES,Federal Contract Tower,29,10,57,39,135,0,0,24,0,24,29,10,81,39,159,30,38,68,227
04/30/2015,ECP,FL,ASO,ES,Federal Contract Tower,34,13,39,16,102,0,1,36,6,43,34,14,75,22,145,24,94,118,263
05/01/2015,ECP,FL,ASO,ES,Federal Contract Tower,27,14,43,24,108,0,1,54,0,55,27,15,97,24,163,64,10,74,237
05/02/2015,ECP,FL,ASO,ES,Federal Contract Tower,34,6,25,4,69,0,0,36,0,36,34,6,61,4,105,46,0,46,151
05/03/2015,ECP,FL,ASO,ES,Federal Contract Tower,31,12,47,4,94,0,0,69,0,69,31,12,116,4,163,20,16,36,199
05/04/2015,ECP,FL,ASO,ES,Federal Contract Tower,28,16,29,24,97,0,0,33,0,33,28,16,62,24,130,6,38,44,174
05/05/2015,ECP,FL,ASO,ES,Federal Contract Tower,27,15,36,18,96,0,1,22,0,23,27,16,58,18,119,27,22,49,168
05/06/2015,ECP,FL,ASO,ES,Federal Contract Tower,30,13,32,32,107,0,0,51,0,51,30,13,83,32,158,10,52,62,220
05/07/2015,ECP,FL,ASO,ES,Federal Contract Tower,31,18,41,37,127,0,1,29,0,30,31,19,70,37,157,24,14,38,195
05/08/2015,ECP,FL,ASO,ES,Federal Contract Tower,28,22,56,8,114,0,0,49,0,49,28,22,105,8,163,89,16,105,268
05/09/2015,ECP,FL,ASO,ES,Federal Contract Tower,33,10,33,0,76,0,1,54,0,55,33,11,87,0,131,22,0,22,153
05/10/2015,ECP,FL,ASO,ES,Federal Contract Tower,30,19,53,0,102,0,0,50,0,50,30,19,103,0,152,30,0,30,182
05/11/2015,ECP,FL,ASO,ES,Federal Contract Tower,29,12,59,40,140,0,0,19,4,23,29,12,78,44,163,34,76,110,273
05/12/2015,ECP,FL,ASO,ES,Federal Contract Tower,27,18,46,34,125,0,0,27,0,27,27,18,73,34,152,34,72,106,258
05/13/2015,ECP,FL,ASO,ES,Federal Contract Tower,30,18,34,33,115,0,0,32,7,39,30,18,66,40,154,48,50,98,252
05/14/2015,ECP,FL,ASO,ES,Federal Contract Tower,28,20,35,6,89,0,0,51,4,55,28,20,86,10,144,36,16,52,196
05/15/2015,ECP,FL,ASO,ES,Federal Contract Tower,22,28,41,8,99,0,2,14,0,16,22,30,55,8,115,24,4,28,143
05/16/2015,ECP,FL,ASO,ES,Federal Contract Tower,36,11,19,2,68,0,0,18,1,19,36,11,37,3,87,24,6,30,117
05/17/2015,ECP,FL,ASO,ES,Federal Contract Tower,31,9,43,12,95,0,0,51,0,51,31,9,94,12,146,30,22,52,198
05/18/2015,ECP,FL,ASO,ES,Federal Contract Tower,31,10,46,34,121,0,0,30,3,33,31,10,76,37,154,12,40,52,206
05/19/2015,ECP,FL,ASO,ES,Federal Contract Tower,28,16,37,18,99,0,0,13,2,15,28,16,50,20,114,18,60,78,192
05/20/2015,ECP,FL,ASO,ES,Federal Contract Tower,28,15,46,16,105,0,0,17,0,17,28,15,63,16,122,18,16,34,156
05/21/2015,ECP,FL,ASO,ES,Federal Contract Tower,29,29,74,12,144,0,0,33,1,34,29,29,107,13,178,52,22,74,252
05/22/2015,ECP,FL,ASO,ES,Federal Contract Tower,25,24,99,0,148,0,1,54,0,55,25,25,153,0,203,60,4,64,267
05/23/2015,ECP,FL,ASO,ES,Federal Contract Tower,33,19,56,0,108,0,0,49,3,52,33,19,105,3,160,73,0,73,233
05/24/2015,ECP,FL,ASO,ES,Federal Contract Tower,31,8,44,9,92,0,0,33,0,33,31,8,77,9,125,16,0,16,141
05/25/2015,ECP,FL,ASO,ES,Federal Contract Tower,25,18,72,0,115,0,2,24,0,26,25,20,96,0,141,29,0,29,170
05/26/2015,ECP,FL,ASO,ES,Federal Contract Tower,28,39,34,10,111,0,0,18,0,18,28,39,52,10,129,28,44,72,201
05/27/2015,ECP,FL,ASO,ES,Federal Contract Tower,29,22,57,43,151,0,0,29,0,29,29,22,86,43,180,88,106,194,374
05/28/2015,ECP,FL,ASO,ES,Federal Contract Tower,29,23,39,6,97,0,0,28,0,28,29,23,67,6,125,15,16,31,156
05/29/2015,ECP,FL,ASO,ES,Federal Contract Tower,29,18,66,23,136,0,0,63,0,63,29,18,129,23,199,54,16,70,269
05/30/2015,ECP,FL,ASO,ES,Federal Contract Tower,33,19,70,12,134,0,0,68,0,68,33,19,138,12,202,58,0,58,260
05/31/2015,ECP,FL,ASO,ES,Federal Contract Tower,29,18,57,0,104,0,0,38,0,38,29,18,95,0,142,72,0,72,214
06/01/2015,ECP,FL,ASO,ES,Federal Contract Tower,30,13,33,31,107,0,0,25,0,25,30,13,58,31,132,28,28,56,188
06/02/2015,ECP,FL,ASO,ES,Federal Contract Tower,26,22,35,14,97,0,0,24,0,24,26,22,59,14,121,16,26,42,163
06/03/2015,ECP,FL,ASO,ES,Federal Contract Tower,29,14,42,12,97,0,0,39,3,42,29,14,81,15,139,46,24,70,209
06/04/2015,ECP,FL,ASO,ES,Federal Contract Tower,34,14,39,16,103,3,0,23,0,26,37,14,62,16,129,42,22,64,193
06/05/2015,ECP,FL,ASO,ES,Federal Contract Tower,29,16,45,17,107,0,0,46,1,47,29,16,91,18,154,52,30,82,236
06/06/2015,ECP,FL,ASO,ES,Federal Contract Tower,40,15,63,2,120,0,0,58,2,60,40,15,121,4,180,66,0,66,246
06/07/2015,ECP,FL,ASO,ES,Federal Contract Tower,33,16,71,6,126,0,0,63,0,63,33,16,134,6,189,74,0,74,263
06/08/2015,ECP,FL,ASO,ES,Federal Contract Tower,30,16,34,35,115,0,0,47,0,47,30,16,81,35,162,36,72,108,270
06/09/2015,ECP,FL,ASO,ES,Federal Contract Tower,30,34,25,30,119,0,0,10,0,10,30,34,35,30,129,25,50,75,204
06/10/2015,ECP,FL,ASO,ES,Federal Contract Tower,30,24,30,12,96,0,0,25,0,25,30,24,55,12,121,48,14,62,183
06/11/2015,ECP,FL,ASO,ES,Federal Contract Tower,32,25,44,12,113,0,0,22,0,22,32,25,66,12,135,56,40,96,231
06/12/2015,ECP,FL,ASO,ES,Federal Contract Tower,33,18,65,23,139,0,0,38,3,41,33,18,103,26,180,60,36,96,276
06/13/2015,ECP,FL,ASO,ES,Federal Contract Tower,49,13,76,0,138,0,0,50,0,50,49,13,126,0,188,100,2,102,290
06/14/2015,ECP,FL,ASO,ES,Federal Contract Tower,32,20,40,0,92,0,0,65,0,65,32,20,105,0,157,62,6,68,225
06/15/2015,ECP,FL,ASO,ES,Federal Contract Tower,31,18,41,53,143,0,0,21,2,23,31,18,62,55,166,32,64,96,262
06/16/2015,ECP,FL,ASO,ES,Federal Contract Tower,32,30,18,28,108,0,0,44,2,46,32,30,62,30,154,34,32,66,220
06/17/2015,ECP,FL,ASO,ES,Federal Contract Tower,32,16,33,70,151,0,0,25,0,25,32,16,58,70,176,36,22,58,234
06/18/2015,ECP,FL,ASO,ES,Federal Contract Tower,29,20,54,24,127,0,0,32,3,35,29,20,86,27,162,62,64,126,288
06/19/2015,ECP,FL,ASO,ES,Federal Contract Tower,33,20,37,28,118,0,0,51,13,64,33,20,88,41,182,64,26,90,272
06/20/2015,ECP,FL,ASO,ES,Federal Contract Tower,48,15,56,0,119,0,0,42,2,44,48,15,98,2,163,62,0,62,225
06/21/2015,ECP,FL,ASO,ES,Federal Contract Tower,31,22,37,0,90,0,3,30,0,33,31,25,67,0,123,50,0,50,173
06/22/2015,ECP,FL,ASO,ES,Federal Contract Tower,30,15,45,14,104,0,3,38,0,41,30,18,83,14,145,48,10,58,203
06/23/2015,ECP,FL,ASO,ES,Federal Contract Tower,28,30,31,15,104,0,0,20,0,20,28,30,51,15,124,32,10,42,166
06/24/2015,ECP,FL,ASO,ES,Federal Contract Tower,35,13,40,24,112,0,0,37,0,37,35,13,77,24,149,34,76,110,259
06/25/2015,ECP,FL,ASO,ES,Federal Contract Tower,33,21,77,19,150,0,0,0,0,0,33,21,77,19,150,102,22,124,274
06/26/2015,ECP,FL,ASO,ES,Federal Contract Tower,28,13,65,6,112,0,0,23,0,23,28,13,88,6,135,38,0,38,173
06/27/2015,ECP,FL,ASO,ES,Federal Contract Tower,45,29,71,0,145,0,1,37,0,38,45,30,108,0,183,80,0,80,263
06/28/2015,ECP,FL,ASO,ES,Federal Contract Tower,30,23,59,0,112,0,0,31,0,31,30,23,90,0,143,34,0,34,177
06/29/2015,ECP,FL,ASO,ES,Federal Contract Tower,30,24,50,16,120,0,0,39,1,40,30,24,89,17,160,65,50,115,275
06/30/2015,ECP,FL,ASO,ES,Federal Contract Tower,30,23,49,4,106,0,0,21,0,21,30,23,70,4,127,70,40,110,237
07/01/2015,ECP,FL,ASO,ES,Federal Contract Tower,29,29,52,25,135,0,0,20,4,24,29,29,72,29,159,50,26,76,235
07/02/2015,ECP,FL,ASO,ES,Federal Contract Tower,31,27,90,8,156,0,0,31,0,31,31,27,121,8,187,40,38,78,265
07/03/2015,ECP,FL,ASO,ES,Federal Contract Tower,28,17,43,0,88,0,0,39,0,39,28,17,82,0,127,82,0,82,209
07/04/2015,ECP,FL,ASO,ES,Federal Contract Tower,37,5,25,0,67,0,0,27,0,27,37,5,52,0,94,90,0,90,184
07/05/2015,ECP,FL,ASO,ES,Federal Contract Tower,38,14,80,0,132,0,1,18,0,19,38,15,98,0,151,22,0,22,173
07/06/2015,ECP,FL,ASO,ES,Federal Contract Tower,34,14,51,8,107,0,0,33,0,33,34,14,84,8,140,36,20,56,196
07/07/2015,ECP,FL,ASO,ES,Federal Contract Tower,30,35,32,13,110,0,0,22,0,22,30,35,54,13,132,46,10,56,188
07/08/2015,ECP,FL,ASO,ES,Federal Contract Tower,29,17,38,14,98,0,0,16,0,16,29,17,54,14,114,34,4,38,152
07/09/2015,ECP,FL,ASO,ES,Federal Contract Tower,31,29,37,22,119,0,0,39,2,41,31,29,76,24,160,34,60,94,254
07/10/2015,ECP,FL,ASO,ES,Federal Contract Tower,28,26,62,20,136,0,0,31,4,35,28,26,93,24,171,45,27,72,243
07/11/2015,ECP,FL,ASO,ES,Federal Contract Tower,45,22,42,3,112,0,0,48,5,53,45,22,90,8,165,54,14,68,233
07/12/2015,ECP,FL,ASO,ES,Federal Contract Tower,29,14,40,0,83,0,0,43,0,43,29,14,83,0,126,48,18,66,192
07/13/2015,ECP,FL,ASO,ES,Federal Contract Tower,30,15,33,28,106,0,0,20,7,27,30,15,53,35,133,42,54,96,229
07/14/2015,ECP,FL,ASO,ES,Federal Contract Tower,27,12,45,18,102,0,0,17,2,19,27,12,62,20,121,42,58,100,221
07/15/2015,ECP,FL,ASO,ES,Federal Contract Tower,30,9,29,16,84,0,0,39,1,40,30,9,68,17,124,54,64,118,242
07/16/2015,ECP,FL,ASO,ES,Federal Contract Tower,32,24,54,0,110,0,0,27,0,27,32,24,81,0,137,46,10,56,193
07/17/2015,ECP,FL,ASO,ES,Federal Contract Tower,32,14,33,8,87,0,0,39,2,41,32,14,72,10,128,88,26,114,242
07/18/2015,ECP,FL,ASO,ES,Federal Contract Tower,45,28,31,0,104,0,0,54,0,54,45,28,85,0,158,66,0,66,224
07/19/2015,ECP,FL,ASO,ES,Federal Contract Tower,31,10,53,6,100,0,0,22,0,22,31,10,75,6,122,70,0,70,192
07/20/2015,ECP,FL,ASO,ES,Federal Contract Tower,34,13,61,16,124,0,0,33,0,33,34,13,94,16,157,72,34,106,263
07/21/2015,ECP,FL,ASO,ES,Federal Contract Tower,30,22,37,26,115,0,0,23,0,23,30,22,60,26,138,54,82,136,274
07/22/2015,ECP,FL,ASO,ES,Federal Contract Tower,29,18,38,14,99,0,0,30,0,30,29,18,68,14,129,32,56,88,217
07/23/2015,ECP,FL,ASO,ES,Federal Contract Tower,32,26,46,22,126,0,0,33,2,35,32,26,79,24,161,50,6,56,217
07/24/2015,ECP,FL,ASO,ES,Federal Contract Tower,33,15,69,0,117,0,0,31,0,31,33,15,100,0,148,48,2,50,198
07/25/2015,ECP,FL,ASO,ES,Federal Contract Tower,53,11,37,0,101,0,0,60,2,62,53,11,97,2,163,78,0,78,241
07/26/2015,ECP,FL,ASO,ES,Federal Contract Tower,34,18,70,0,122,0,0,27,0,27,34,18,97,0,149,68,0,68,217
07/27/2015,ECP,FL,ASO,ES,Federal Contract Tower,33,10,29,6,78,0,0,38,0,38,33,10,67,6,116,60,6,66,182
07/28/2015,ECP,FL,ASO,ES,Federal Contract Tower,33,22,21,14,90,0,0,27,4,31,33,22,48,18,121,50,48,98,219
07/29/2015,ECP,FL,ASO,ES,Federal Contract Tower,26,12,32,3,73,0,0,29,0,29,26,12,61,3,102,24,0,24,126
07/30/2015,ECP,FL,ASO,ES,Federal Contract Tower,33,20,55,24,132,0,0,30,0,30,33,20,85,24,162,24,30,54,216
07/31/2015,ECP,FL,ASO,ES,Federal Contract Tower,27,25,55,6,113,0,0,28,0,28,27,25,83,6,141,44,12,56,197
08/01/2015,ECP,FL,ASO,ES,Federal Contract Tower,48,12,64,0,124,0,0,26,0,26,48,12,90,0,150,70,0,70,220
08/02/2015,ECP,FL,ASO,ES,Federal Contract Tower,30,17,58,0,105,0,0,33,0,33,30,17,91,0,138,84,0,84,222
08/03/2015,ECP,FL,ASO,ES,Federal Contract Tower,36,19,45,15,115,0,0,31,0,31,36,19,76,15,146,62,24,86,232
08/04/2015,ECP,FL,ASO,ES,Federal Contract Tower,30,21,30,26,107,0,0,32,0,32,30,21,62,26,139,56,30,86,225
08/05/2015,ECP,FL,ASO,ES,Federal Contract Tower,34,12,34,14,94,0,0,49,0,49,34,12,83,14,143,68,34,102,245
08/06/2015,ECP,FL,ASO,ES,Federal Contract Tower,31,18,46,4,99,0,0,14,0,14,31,18,60,4,113,16,30,46,159
08/07/2015,ECP,FL,ASO,ES,Federal Contract Tower,29,18,42,2,91,0,0,53,0,53,29,18,95,2,144,54,2,56,200
08/08/2015,ECP,FL,ASO,ES,Federal Contract Tower,46,15,65,0,126,0,0,50,0,50,46,15,115,0,176,110,0,110,286
08/09/2015,ECP,FL,ASO,ES,Federal Contract Tower,29,4,57,0,90,0,0,36,0,36,29,4,93,0,126,54,0,54,180
08/10/2015,ECP,FL,ASO,ES,Federal Contract Tower,29,12,56,11,108,0,0,37,0,37,29,12,93,11,145,44,30,74,219
08/11/2015,ECP,FL,ASO,ES,Federal Contract Tower,25,24,40,30,119,0,0,28,0,28,25,24,68,30,147,42,62,104,251
08/12/2015,ECP,FL,ASO,ES,Federal Contract Tower,28,13,34,7,82,0,0,33,0,33,28,13,67,7,115,34,10,44,159
08/13/2015,ECP,FL,ASO,ES,Federal Contract Tower,30,19,47,12,108,0,0,44,3,47,30,19,91,15,155,54,40,94,249
08/14/2015,ECP,FL,ASO,ES,Federal Contract Tower,27,17,46,21,111,1,0,28,6,35,28,17,74,27,146,35,30,65,211
08/15/2015,ECP,FL,ASO,ES,Federal Contract Tower,37,7,30,0,74,0,0,49,0,49,37,7,79,0,123,54,0,54,177
08/16/2015,ECP,FL,ASO,ES,Federal Contract Tower,32,5,41,0,78,0,0,18,0,18,32,5,59,0,96,12,14,26,122
08/17/2015,ECP,FL,ASO,ES,Federal Contract Tower,28,17,13,13,71,0,0,11,2,13,28,17,24,15,84,0,32,32,116
08/18/2015,ECP,FL,ASO,ES,Federal Contract Tower,23,18,33,14,88,0,1,6,6,13,23,19,39,20,101,26,38,64,165
08/19/2015,ECP,FL,ASO,ES,Federal Contract Tower,27,12,42,56,137,0,0,11,2,13,27,12,53,58,150,14,40,54,204
08/20/2015,ECP,FL,ASO,ES,Federal Contract Tower,27,15,36,25,103,0,0,17,9,26,27,15,53,34,129,14,114,128,257
08/21/2015,ECP,FL,ASO,ES,Federal Contract Tower,26,21,51,20,118,0,0,27,0,27,26,21,78,20,145,12,8,20,165
08/22/2015,ECP,FL,ASO,ES,Federal Contract Tower,29,8,20,5,62,0,0,37,0,37,29,8,57,5,99,36,14,50,149
08/23/2015,ECP,FL,ASO,ES,Federal Contract Tower,30,11,48,0,89,0,0,26,0,26,30,11,74,0,115,14,0,14,129
08/24/2015,ECP,FL,ASO,ES,Federal Contract Tower,29,15,17,55,116,0,0,14,4,18,29,15,31,59,134,8,14,22,156
08/25/2015,ECP,FL,ASO,ES,Federal Contract Tower,30,16,24,1,71,0,0,19,2,21,30,16,43,3,92,15,20,35,127
08/26/2015,ECP,FL,ASO,ES,Federal Contract Tower,31,15,24,13,83,0,0,33,0,33,31,15,57,13,116,10,50,60,176
08/27/2015,ECP,FL,ASO,ES,Federal Contract Tower,25,19,40,26,110,0,1,50,7,58,25,20,90,33,168,54,50,104,272
08/28/2015,ECP,FL,ASO,ES,Federal Contract Tower,26,13,31,16,86,0,0,24,3,27,26,13,55,19,113,28,42,70,183
08/29/2015,ECP,FL,ASO,ES,Federal Contract Tower,28,5,18,0,51,0,0,22,2,24,28,5,40,2,75,33,0,33,108
08/30/2015,ECP,FL,ASO,ES,Federal Contract Tower,28,13,25,0,66,0,0,31,0,31,28,13,56,0,97,42,0,42,139
08/31/2015,ECP,FL,ASO,ES,Federal Contract Tower,33,12,28,16,89,0,0,23,0,23,33,12,51,16,112,26,12,38,150
09/01/2015,ECP,FL,ASO,ES,Federal Contract Tower,27,16,27,21,91,0,0,17,0,17,27,16,44,21,108,8,0,8,116
09/02/2015,ECP,FL,ASO,ES,Federal Contract Tower,30,25,27,34,116,0,0,46,1,47,30,25,73,35,163,12,104,116,279
09/03/2015,ECP,FL,ASO,ES,Federal Contract Tower,27,18,61,17,123,0,0,13,2,15,27,18,74,19,138,0,30,30,168
09/04/2015,ECP,FL,ASO,ES,Federal Contract Tower,23,19,92,4,138,0,0,53,0,53,23,19,145,4,191,39,0,39,230
09/05/2015,ECP,FL,ASO,ES,Federal Contract Tower,27,12,30,0,69,0,0,48,0,48,27,12,78,0,117,62,0,62,179
09/06/2015,ECP,FL,ASO,ES,Federal Contract Tower,22,10,18,0,50,0,0,24,0,24,22,10,42,0,74,76,0,76,150
09/07/2015,ECP,FL,ASO,ES,Federal Contract Tower,29,17,98,2,146,0,0,60,0,60,29,17,158,2,206,18,0,18,224
09/08/2015,ECP,FL,ASO,ES,Federal Contract Tower,26,22,42,25,115,0,0,18,0,18,26,22,60,25,133,2,18,20,153
09/09/2015,ECP,FL,ASO,ES,Federal Contract Tower,24,20,16,46,106,0,0,25,1,26,24,20,41,47,132,42,44,86,218
09/10/2015,ECP,FL,ASO,ES,Federal Contract Tower,34,16,36,28,114,0,0,16,0,16,34,16,52,28,130,30,28,58,188
09/11/2015,ECP,FL,ASO,ES,Federal Contract Tower,21,19,47,34,121,0,0,25,2,27,21,19,72,36,148,38,30,68,216
09/12/2015,ECP,FL,ASO,ES,Federal Contract Tower,26,11,18,0,55,0,0,4,2,6,26,11,22,2,61,26,0,26,87
09/13/2015,ECP,FL,ASO,ES,Federal Contract Tower,26,18,41,0,85,0,0,51,0,51,26,18,92,0,136,28,0,28,164
09/14/2015,ECP,FL,ASO,ES,Federal Contract Tower,27,4,44,30,105,0,0,13,6,19,27,4,57,36,124,2,26,28,152
09/15/2015,ECP,FL,ASO,ES,Federal Contract Tower,26,18,32,46,122,0,0,32,1,33,26,18,64,47,155,52,28,80,235
09/16/2015,ECP,FL,ASO,ES,Federal Contract Tower,24,11,34,10,79,0,0,25,1,26,24,11,59,11,105,38,28,66,171
09/17/2015,ECP,FL,ASO,ES,Federal Contract Tower,26,23,44,17,110,0,0,25,2,27,26,23,69,19,137,48,32,80,217
09/18/2015,ECP,FL,ASO,ES,Federal Contract Tower,25,25,57,14,121,0,0,50,0,50,25,25,107,14,171,48,14,62,233
09/19/2015,ECP,FL,ASO,ES,Federal Contract Tower,25,10,25,0,60,0,0,48,0,48,25,10,73,0,108,40,0,40,148
09/21/2015,ECP,FL,ASO,ES,Federal Contract Tower,28,12,39,12,91,0,0,12,0,12,28,12,51,12,103,14,4,18,121
09/22/2015,ECP,FL,ASO,ES,Federal Contract Tower,23,19,33,6,81,0,3,7,0,10,23,22,40,6,91,0,32,32,123
09/23/2015,ECP,FL,ASO,ES,Federal Contract Tower,24,13,30,20,87,0,0,19,3,22,24,13,49,23,109,37,14,51,160
09/24/2015,ECP,FL,ASO,ES,Federal Contract Tower,25,16,38,13,92,0,0,12,0,12,25,16,50,13,104,26,30,56,160
09/25/2015,ECP,FL,ASO,ES,Federal Contract Tower,24,18,54,30,126,0,0,37,5,42,24,18,91,35,168,68,50,118,286
09/26/2015,ECP,FL,ASO,ES,Federal Contract Tower,26,14,20,0,60,0,0,34,0,34,26,14,54,0,94,16,0,16,110
09/27/2015,ECP,FL,ASO,ES,Federal Contract Tower,29,8,38,8,83,0,0,2,0,2,29,8,40,8,85,0,0,0,85
09/28/2015,ECP,FL,ASO,ES,Federal Contract Tower,29,11,15,22,77,0,0,0,0,0,29,11,15,22,77,0,0,0,77
09/29/2015,ECP,FL,ASO,ES,Federal Contract Tower,23,16,26,24,89,0,0,5,0,5,23,16,31,24,94,3,8,11,105
09/30/2015,ECP,FL,ASO,ES,Federal Contract Tower,27,12,28,31,98,0,0,15,2,17,27,12,43,33,115,14,36,50,165
10/01/2015,ECP,FL,ASO,ES,Federal Contract Tower,30,20,53,16,119,0,0,13,4,17,30,20,66,20,136,12,16,28,164
10/02/2015,ECP,FL,ASO,ES,Federal Contract Tower,25,23,74,12,134,0,0,3,0,3,25,23,77,12,137,0,0,0,137
10/03/2015,ECP,FL,ASO,ES,Federal Contract Tower,24,23,35,0,82,0,0,11,0,11,24,23,46,0,93,22,0,22,115
10/04/2015,ECP,FL,ASO,ES,Federal Contract Tower,24,16,82,0,122,0,0,15,0,15,24,16,97,0,137,62,0,62,199
10/05/2015,ECP,FL,ASO,ES,Federal Contract Tower,25,9,28,14,76,0,0,9,0,9,25,9,37,14,85,8,0,8,93
10/06/2015,ECP,FL,ASO,ES,Federal Contract Tower,23,16,41,30,110,0,0,14,0,14,23,16,55,30,124,20,48,68,192
10/07/2015,ECP,FL,ASO,ES,Federal Contract Tower,24,18,48,35,125,0,0,42,0,42,24,18,90,35,167,32,70,102,269
10/08/2015,ECP,FL,ASO,ES,Federal Contract Tower,24,33,55,16,128,0,0,52,0,52,24,33,107,16,180,80,38,118,298
10/09/2015,ECP,FL,ASO,ES,Federal Contract Tower,23,25,55,50,153,0,0,44,0,44,23,25,99,50,197,82,44,126,323
10/10/2015,ECP,FL,ASO,ES,Federal Contract Tower,26,5,45,0,76,0,0,42,0,42,26,5,87,0,118,82,0,82,200
10/11/2015,ECP,FL,ASO,ES,Federal Contract Tower,24,18,73,0,115,0,0,40,0,40,24,18,113,0,155,28,0,28,183
10/12/2015,ECP,FL,ASO,ES,Federal Contract Tower,27,12,50,8,97,0,0,20,0,20,27,12,70,8,117,12,0,12,129
10/13/2015,ECP,FL,ASO,ES,Federal Contract Tower,23,17,26,10,76,0,2,13,0,15,23,19,39,10,91,12,22,34,125
10/14/2015,ECP,FL,ASO,ES,Federal Contract Tower,25,16,31,4,76,0,0,32,0,32,25,16,63,4,108,38,10,48,156
10/15/2015,ECP,FL,ASO,ES,Federal Contract Tower,28,17,66,24,135,0,8,59,2,69,28,25,125,26,204,56,66,122,326
10/16/2015,ECP,FL,ASO,ES,Federal Contract Tower,23,20,59,30,132,0,0,56,3,59,23,20,115,33,191,50,14,64,255
10/17/2015,ECP,FL,ASO,ES,Federal Contract Tower,25,28,14,2,69,0,0,50,0,50,25,28,64,2,119,26,0,26,145
10/18/2015,ECP,FL,ASO,ES,Federal Contract Tower,25,21,53,2,101,0,0,40,0,40,25,21,93,2,141,28,0,28,169
10/19/2015,ECP,FL,ASO,ES,Federal Contract Tower,27,10,38,2,77,0,0,41,2,43,27,10,79,4,120,48,6,54,174
10/20/2015,ECP,FL,ASO,ES,Federal Contract Tower,22,21,27,30,100,0,2,30,0,32,22,23,57,30,132,36,38,74,206
10/21/2015,ECP,FL,ASO,ES,Federal Contract Tower,23,12,26,20,81,0,0,30,0,30,23,12,56,20,111,32,48,80,191
10/22/2015,ECP,FL,ASO,ES,Federal Contract Tower,25,15,42,8,90,0,0,37,4,41,25,15,79,12,131,52,28,80,211
10/23/2015,ECP,FL,ASO,ES,Federal Contract Tower,23,12,37,3,75,0,1,54,0,55,23,13,91,3,130,104,0,104,234
10/24/2015,ECP,FL,ASO,ES,Federal Contract Tower,26,12,24,4,66,0,2,26,0,28,26,14,50,4,94,94,0,94,188
10/25/2015,ECP,FL,ASO,ES,Federal Contract Tower,27,9,48,4,88,0,0,52,0,52,27,9,100,4,140,36,0,36,176
10/26/2015,ECP,FL,ASO,ES,Federal Contract Tower,22,11,21,0,54,0,0,0,0,0,22,11,21,0,54,0,0,0,54
10/27/2015,ECP,FL,ASO,ES,Federal Contract Tower,21,10,22,22,75,0,0,4,10,14,21,10,26,32,89,4,50,54,143
10/28/2015,ECP,FL,ASO,ES,Federal Contract Tower,25,23,37,91,176,0,0,32,0,32,25,23,69,91,208,2,52,54,262
10/29/2015,ECP,FL,ASO,ES,Federal Contract Tower,28,13,37,36,114,0,0,24,0,24,28,13,61,36,138,14,48,62,200
10/30/2015,ECP,FL,ASO,ES,Federal Contract Tower,24,18,27,6,75,0,0,49,0,49,24,18,76,6,124,58,54,112,236
10/31/2015,ECP,FL,ASO,ES,Federal Contract Tower,24,3,16,0,43,0,0,24,0,24,24,3,40,0,67,56,26,82,149
11/01/2015,ECP,FL,ASO,ES,Federal Contract Tower,30,3,30,3,66,0,0,2,2,4,30,3,32,5,70,0,4,4,74
11/02/2015,ECP,FL,ASO,ES,Federal Contract Tower,23,16,36,5,80,0,0,6,0,6,23,16,42,5,86,0,12,12,98
11/03/2015,ECP,FL,ASO,ES,Federal Contract Tower,21,9,13,42,85,0,0,14,0,14,21,9,27,42,99,54,14,68,167
11/04/2015,ECP,FL,ASO,ES,Federal Contract Tower,24,17,41,74,156,0,0,13,5,18,24,17,54,79,174,18,54,72,246
11/05/2015,ECP,FL,ASO,ES,Federal Contract Tower,29,17,65,40,151,0,0,40,0,40,29,17,105,40,191,46,8,54,245
11/06/2015,ECP,FL,ASO,ES,Federal Contract Tower,30,23,46,27,126,0,0,6,1,7,30,23,52,28,133,16,60,76,209
11/07/2015,ECP,FL,ASO,ES,Federal Contract Tower,22,5,32,2,61,0,0,5,0,5,22,5,37,2,66,26,0,26,92
11/08/2015,ECP,FL,ASO,ES,Federal Contract Tower,22,25,43,0,90,0,0,0,0,0,22,25,43,0,90,0,0,0,90
11/09/2015,ECP,FL,ASO,ES,Federal Contract Tower,30,13,34,4,81,0,0,0,0,0,30,13,34,4,81,0,0,0,81
11/10/2015,ECP,FL,ASO,ES,Federal Contract Tower,23,8,45,4,80,0,0,15,0,15,23,8,60,4,95,80,20,100,195
11/11/2015,ECP,FL,ASO,ES,Federal Contract Tower,25,12,31,8,76,0,0,28,1,29,25,12,59,9,105,22,2,24,129
11/12/2015,ECP,FL,ASO,ES,Federal Contract Tower,25,21,37,36,119,0,0,22,6,28,25,21,59,42,147,36,44,80,227
11/13/2015,ECP,FL,ASO,ES,Federal Contract Tower,26,15,32,6,79,0,0,61,1,62,26,15,93,7,141,92,34,126,267
11/14/2015,ECP,FL,ASO,ES,Federal Contract Tower,22,4,22,4,52,0,0,52,0,52,22,4,74,4,104,38,20,58,162
11/15/2015,ECP,FL,ASO,ES,Federal Contract Tower,29,5,27,14,75,0,0,49,0,49,29,5,76,14,124,29,14,43,167
11/16/2015,ECP,FL,ASO,ES,Federal Contract Tower,23,23,20,25,91,0,0,23,0,23,23,23,43,25,114,0,70,70,184
11/17/2015,ECP,FL,ASO,ES,Federal Contract Tower,21,14,20,44,99,0,0,8,0,8,21,14,28,44,107,2,18,20,127
11/18/2015,ECP,FL,ASO,ES,Federal Contract Tower,22,6,7,7,42,0,0,0,0,0,22,6,7,7,42,0,70,70,112
11/19/2015,ECP,FL,ASO,ES,Federal Contract Tower,24,14,51,20,109,0,1,18,1,20,24,15,69,21,129,18,22,40,169
11/20/2015,ECP,FL,ASO,ES,Federal Contract Tower,25,21,55,38,139,0,0,57,0,57,25,21,112,38,196,36,32,68,264
11/21/2015,ECP,FL,ASO,ES,Federal Contract Tower,21,8,37,0,66,0,0,37,2,39,21,8,74,2,105,38,0,38,143
11/22/2015,ECP,FL,ASO,ES,Federal Contract Tower,20,9,25,4,58,0,0,28,0,28,20,9,53,4,86,10,0,10,96
11/23/2015,ECP,FL,ASO,ES,Federal Contract Tower,26,11,38,21,96,0,0,47,5,52,26,11,85,26,148,4,58,62,210
11/24/2015,ECP,FL,ASO,ES,Federal Contract Tower,23,42,43,40,148,0,0,19,0,19,23,42,62,40,167,22,82,104,271
11/25/2015,ECP,FL,ASO,ES,Federal Contract Tower,24,20,54,19,117,0,0,0,0,0,24,20,54,19,117,2,20,22,139
11/26/2015,ECP,FL,ASO,ES,Federal Contract Tower,11,2,9,0,22,2,0,13,0,15,13,2,22,0,37,0,0,0,37
11/27/2015,ECP,FL,ASO,ES,Federal Contract Tower,18,11,26,0,55,0,0,30,0,30,18,11,56,0,85,32,0,32,117
11/28/2015,ECP,FL,ASO,ES,Federal Contract Tower,27,16,33,4,80,0,1,27,4,32,27,17,60,8,112,12,0,12,124
11/29/2015,ECP,FL,ASO,ES,Federal Contract Tower,24,17,49,0,90,0,0,37,0,37,24,17,86,0,127,34,0,34,161
11/30/2015,ECP,FL,ASO,ES,Federal Contract Tower,27,16,30,27,100,0,0,22,2,24,27,16,52,29,124,14,18,32,156
12/01/2015,ECP,FL,ASO,ES,Federal Contract Tower,21,17,31,50,119,0,1,19,0,20,21,18,50,50,139,90,56,146,285
12/02/2015,ECP,FL,ASO,ES,Federal Contract Tower,21,10,23,24,78,0,0,9,0,9,21,10,32,24,87,22,8,30,117
12/03/2015,ECP,FL,ASO,ES,Federal Contract Tower,27,16,36,65,144,0,0,29,2,31,27,16,65,67,175,38,34,72,247
12/04/2015,ECP,FL,ASO,ES,Federal Contract Tower,21,12,35,13,81,0,0,34,0,34,21,12,69,13,115,20,40,60,175
12/05/2015,ECP,FL,ASO,ES,Federal Contract Tower,20,10,15,8,53,0,0,35,1,36,20,10,50,9,89,6,0,6,95
12/06/2015,ECP,FL,ASO,ES,Federal Contract Tower,23,3,15,0,41,0,2,48,0,50,23,5,63,0,91,88,0,88,179
12/07/2015,ECP,FL,ASO,ES,Federal Contract Tower,23,24,28,40,115,0,0,28,0,28,23,24,56,40,143,8,38,46,189
12/08/2015,ECP,FL,ASO,ES,Federal Contract Tower,22,27,13,29,91,0,1,23,5,29,22,28,36,34,120,16,12,28,148
12/09/2015,ECP,FL,ASO,ES,Federal Contract Tower,22,7,19,61,109,0,0,30,4,34,22,7,49,65,143,72,56,128,271
12/10/2015,ECP,FL,ASO,ES,Federal Contract Tower,23,12,28,35,98,0,1,36,0,37,23,13,64,35,135,42,44,86,221
12/11/2015,ECP,FL,ASO,ES,Federal Contract Tower,21,11,37,22,91,0,0,44,0,44,21,11,81,22,135,42,24,66,201
12/12/2015,ECP,FL,ASO,ES,Federal Contract Tower,21,8,14,0,43,0,0,52,0,52,21,8,66,0,95,42,0,42,137
12/13/2015,ECP,FL,ASO,ES,Federal Contract Tower,19,5,30,4,58,1,0,21,0,22,20,5,51,4,80,14,8,22,102
12/14/2015,ECP,FL,ASO,ES,Federal Contract Tower,27,3,11,16,57,0,0,0,0,0,27,3,11,16,57,0,28,28,85
12/15/2015,ECP,FL,ASO,ES,Federal Contract Tower,20,16,29,12,77,0,0,13,0,13,20,16,42,12,90,44,70,114,204
12/16/2015,ECP,FL,ASO,ES,Federal Contract Tower,21,10,26,29,86,0,0,3,1,4,21,10,29,30,90,4,2,6,96
12/17/2015,ECP,FL,ASO,ES,Federal Contract Tower,25,16,15,17,73,0,0,3,1,4,25,16,18,18,77,0,0,0,77
12/18/2015,ECP,FL,ASO,ES,Federal Contract Tower,21,23,39,11,94,0,0,37,4,41,21,23,76,15,135,58,8,66,201
12/19/2015,ECP,FL,ASO,ES,Federal Contract Tower,14,12,20,0,46,0,0,29,3,32,14,12,49,3,78,22,14,36,114
12/20/2015,ECP,FL,ASO,ES,Federal Contract Tower,20,10,19,0,49,0,0,51,0,51,20,10,70,0,100,52,18,70,170
12/21/2015,ECP,FL,ASO,ES,Federal Contract Tower,25,13,23,9,70,0,0,7,0,7,25,13,30,9,77,24,10,34,111
12/22/2015,ECP,FL,ASO,ES,Federal Contract Tower,22,16,10,0,48,0,0,0,0,0,22,16,10,0,48,0,0,0,48
12/23/2015,ECP,FL,ASO,ES,Federal Contract Tower,21,10,15,14,60,0,0,2,0,2,21,10,17,14,62,0,0,0,62
12/24/2015,ECP,FL,ASO,ES,Federal Contract Tower,11,8,21,0,40,0,0,1,0,1,11,8,22,0,41,0,0,0,41
12/25/2015,ECP,FL,ASO,ES,Federal Contract Tower,11,2,10,0,23,0,0,0,0,0,11,2,10,0,23,0,0,0,23
12/26/2015,ECP,FL,ASO,ES,Federal Contract Tower,23,7,55,0,85,0,0,39,2,41,23,7,94,2,126,16,0,16,142
12/27/2015,ECP,FL,ASO,ES,Federal Contract Tower,24,8,37,3,72,0,0,19,0,19,24,8,56,3,91,48,0,48,139
12/28/2015,ECP,FL,ASO,ES,Federal Contract Tower,32,21,10,0,63,0,0,3,0,3,32,21,13,0,66,0,0,0,66
12/29/2015,ECP,FL,ASO,ES,Federal Contract Tower,20,28,39,8,95,0,0,1,0,1,20,28,40,8,96,0,12,12,108
12/30/2015,ECP,FL,ASO,ES,Federal Contract Tower,20,32,33,3,88,0,0,0,0,0,20,32,33,3,88,0,0,0,88
12/31/2015,ECP,FL,ASO,ES,Federal Contract Tower,15,16,37,0,68,0,0,0,0,0,15,16,37,0,68,0,0,0,68
01/01/2016,ECP,FL,ASO,ES,Federal Contract Tower,13,18,19,0,50,0,1,5,0,6,13,19,24,0,56,8,0,8,64
01/02/2016,ECP,FL,ASO,ES,Federal Contract Tower,24,18,39,0,81,0,0,30,0,30,24,18,69,0,111,16,0,16,127
01/03/2016,ECP,FL,ASO,ES,Federal Contract Tower,22,22,46,0,90,0,0,38,0,38,22,22,84,0,128,48,0,48,176
01/04/2016,ECP,FL,ASO,ES,Federal Contract Tower,19,15,22,20,76,0,0,20,0,20,19,15,42,20,96,12,36,48,144
01/05/2016,ECP,FL,ASO,ES,Federal Contract Tower,19,12,22,12,65,0,0,15,2,17,19,12,37,14,82,28,6,34,116
01/06/2016,ECP,FL,ASO,ES,Federal Contract Tower,22,18,26,28,94,0,0,32,0,32,22,18,58,28,126,60,0,60,186
01/07/2016,ECP,FL,ASO,ES,Federal Contract Tower,22,11,23,22,78,0,0,12,1,13,22,11,35,23,91,4,40,44,135
01/08/2016,ECP,FL,ASO,ES,Federal Contract Tower,22,12,29,8,71,0,0,0,0,0,22,12,29,8,71,0,0,0,71
01/09/2016,ECP,FL,ASO,ES,Federal Contract Tower,17,7,15,8,47,0,0,0,0,0,17,7,15,8,47,0,0,0,47
01/10/2016,ECP,FL,ASO,ES,Federal Contract Tower,18,3,25,5,51,0,0,22,0,22,18,3,47,5,73,16,0,16,89
01/11/2016,ECP,FL,ASO,ES,Federal Contract Tower,24,5,20,16,65,0,0,24,0,24,24,5,44,16,89,40,18,58,147
01/12/2016,ECP,FL,ASO,ES,Federal Contract Tower,19,6,38,52,115,0,0,37,2,39,19,6,75,54,154,12,32,44,198
01/13/2016,ECP,FL,ASO,ES,Federal Contract Tower,20,11,24,12,67,0,0,46,3,49,20,11,70,15,116,82,40,122,238
01/14/2016,ECP,FL,ASO,ES,Federal Contract Tower,20,13,45,36,114,0,0,19,0,19,20,13,64,36,133,36,62,98,231
01/15/2016,ECP,FL,ASO,ES,Federal Contract Tower,21,21,33,19,94,0,0,14,4,18,21,21,47,23,112,25,29,54,166
01/16/2016,ECP,FL,ASO,ES,Federal Contract Tower,19,9,16,0,44,0,0,26,0,26,19,9,42,0,70,38,0,38,108
01/18/2016,ECP,FL,ASO,ES,Federal Contract Tower,24,8,40,0,72,0,0,44,0,44,24,8,84,0,116,12,0,12,128
01/19/2016,ECP,FL,ASO,ES,Federal Contract Tower,20,12,19,25,76,0,16,0,0,16,20,28,19,25,92,14,26,40,132
01/20/2016,ECP,FL,ASO,ES,Federal Contract Tower,21,12,20,88,141,0,0,23,2,25,21,12,43,90,166,18,118,136,302
01/21/2016,ECP,FL,ASO,ES,Federal Contract Tower,22,16,17,49,104,0,0,4,6,10,22,16,21,55,114,12,60,72,186
01/22/2016,ECP,FL,ASO,ES,Federal Contract Tower,18,13,17,10,58,0,0,2,8,10,18,13,19,18,68,0,14,14,82
01/23/2016,ECP,FL,ASO,ES,Federal Contract Tower,19,9,15,2,45,0,0,19,0,19,19,9,34,2,64,10,0,10,74
01/24/2016,ECP,FL,ASO,ES,Federal Contract Tower,20,4,18,3,45,0,0,32,0,32,20,4,50,3,77,52,2,54,131
01/25/2016,ECP,FL,ASO,ES,Federal Contract Tower,22,9,17,46,94,0,0,23,0,23,22,9,40,46,117,24,62,86,203
01/26/2016,ECP,FL,ASO,ES,Federal Contract Tower,22,17,18,78,135,0,0,21,0,21,22,17,39,78,156,98,16,114,270
01/27/2016,ECP,FL,ASO,ES,Federal Contract Tower,21,13,17,9,60,0,0,2,0,2,21,13,19,9,62,18,0,18,80
01/28/2016,ECP,FL,ASO,ES,Federal Contract Tower,22,10,31,3,66,0,0,3,0,3,22,10,34,3,69,0,0,0,69
01/29/2016,ECP,FL,ASO,ES,Federal Contract Tower,20,16,37,13,86,0,0,42,0,42,20,16,79,13,128,62,4,66,194
01/30/2016,ECP,FL,ASO,ES,Federal Contract Tower,17,6,17,0,40,0,0,53,0,53,17,6,70,0,93,62,0,62,155
02/01/2016,ECP,FL,ASO,ES,Federal Contract Tower,16,9,21,54,100,0,0,16,0,16,16,9,37,54,116,20,50,70,186
02/02/2016,ECP,FL,ASO,ES,Federal Contract Tower,24,19,27,11,81,0,0,0,0,0,24,19,27,11,81,0,0,0,81
02/03/2016,ECP,FL,ASO,ES,Federal Contract Tower,21,7,12,0,40,0,0,0,0,0,21,7,12,0,40,0,0,0,40
02/04/2016,ECP,FL,ASO,ES,Federal Contract Tower,22,7,29,20,78,0,0,15,0,15,22,7,44,20,93,12,16,28,121
02/05/2016,ECP,FL,ASO,ES,Federal Contract Tower,20,13,26,10,69,0,0,31,0,31,20,13,57,10,100,30,24,54,154
02/06/2016,ECP,FL,ASO,ES,Federal Contract Tower,19,3,33,0,55,0,0,56,0,56,19,3,89,0,111,38,0,38,149
02/08/2016,ECP,FL,ASO,ES,Federal Contract Tower,20,7,22,11,60,0,0,16,1,17,20,7,38,12,77,8,14,22,99
02/09/2016,ECP,FL,ASO,ES,Federal Contract Tower,21,9,20,14,64,0,0,9,0,9,21,9,29,14,73,6,24,30,103
02/10/2016,ECP,FL,ASO,ES,Federal Contract Tower,22,13,19,31,85,0,0,27,12,39,22,13,46,43,124,29,34,63,187
02/11/2016,ECP,FL,ASO,ES,Federal Contract Tower,22,17,41,16,96,0,2,44,6,52,22,19,85,22,148,18,14,32,180
02/12/2016,ECP,FL,ASO,ES,Federal Contract Tower,21,15,45,3,84,0,2,16,4,22,21,17,61,7,106,0,14,14,120
02/13/2016,ECP,FL,ASO,ES,Federal Contract Tower,17,3,27,0,47,0,0,27,0,27,17,3,54,0,74,64,0,64,138
02/14/2016,ECP,FL,ASO,ES,Federal Contract Tower,18,6,42,0,66,0,0,50,0,50,18,6,92,0,116,76,0,76,192
02/16/2016,ECP,FL,ASO,ES,Federal Contract Tower,20,19,33,27,99,0,0,17,0,17,20,19,50,27,116,28,32,60,176
02/17/2016,ECP,FL,ASO,ES,Federal Contract Tower,20,23,45,43,131,0,0,35,0,35,20,23,80,43,166,48,34,82,248
02/18/2016,ECP,FL,ASO,ES,Federal Contract Tower,19,17,45,52,133,0,0,42,4,46,19,17,87,56,179,76,74,150,329
02/19/2016,ECP,FL,ASO,ES,Federal Contract Tower,21,25,40,26,112,0,0,31,10,41,21,25,71,36,153,32,20,52,205
02/20/2016,ECP,FL,ASO,ES,Federal Contract Tower,17,4,19,14,54,0,0,42,2,44,17,4,61,16,98,46,22,68,166
02/21/2016,ECP,FL,ASO,ES,Federal Contract Tower,21,1,26,1,49,0,0,33,0,33,21,1,59,1,82,70,0,70,152
02/22/2016,ECP,FL,ASO,ES,Federal Contract Tower,21,12,25,32,90,0,0,18,0,18,21,12,43,32,108,0,60,60,168
02/23/2016,ECP,FL,ASO,ES,Federal Contract Tower,21,14,17,18,70,0,0,23,0,23,21,14,40,18,93,9,16,25,118
02/24/2016,ECP,FL,ASO,ES,Federal Contract Tower,21,10,22,0,53,0,0,0,0,0,21,10,22,0,53,0,0,0,53
02/25/2016,ECP,FL,ASO,ES,Federal Contract Tower,21,15,30,37,103,0,0,33,0,33,21,15,63,37,136,26,56,82,218
02/26/2016,ECP,FL,ASO,ES,Federal Contract Tower,21,11,41,9,82,0,0,31,0,31,21,11,72,9,113,2,4,6,119
02/27/2016,ECP,FL,ASO,ES,Federal Contract Tower,17,6,25,2,50,0,0,53,0,53,17,6,78,2,103,116,0,116,219
02/28/2016,ECP,FL,ASO,ES,Federal Contract Tower,19,8,45,0,72,0,0,51,0,51,19,8,96,0,123,94,0,94,217
02/29/2016,ECP,FL,ASO,ES,Federal Contract Tower,22,10,41,36,109,0,0,25,2,27,22,10,66,38,136,74,66,140,276
03/01/2016,ECP,FL,ASO,ES,Federal Contract Tower,23,17,26,59,125,0,0,24,0,24,23,17,50,59,149,27,72,99,248
03/02/2016,ECP,FL,ASO,ES,Federal Contract Tower,24,23,19,38,104,0,0,13,0,13,24,23,32,38,117,6,40,46,163
03/03/2016,ECP,FL,ASO,ES,Federal Contract Tower,26,19,38,10,93,0,0,33,4,37,26,19,71,14,130,26,45,71,201
03/04/2016,ECP,FL,ASO,ES,Federal Contract Tower,24,17,69,8,118,0,0,25,1,26,24,17,94,9,144,20,0,20,164
03/05/2016,ECP,FL,ASO,ES,Federal Contract Tower,21,13,24,2,60,0,0,70,0,70,21,13,94,2,130,126,0,126,256
03/06/2016,ECP,FL,ASO,ES,Federal Contract Tower,23,16,35,12,86,0,0,107,1,108,23,16,142,13,194,86,28,114,308
03/07/2016,ECP,FL,ASO,ES,Federal Contract Tower,19,18,32,27,96,0,0,24,0,24,19,18,56,27,120,16,40,56,176
03/08/2016,ECP,FL,ASO,ES,Federal Contract Tower,20,20,26,23,89,0,0,23,2,25,20,20,49,25,114,29,22,51,165
03/09/2016,ECP,FL,ASO,ES,Federal Contract Tower,20,15,29,24,88,0,0,39,0,39,20,15,68,24,127,38,10,48,175
03/10/2016,ECP,FL,ASO,ES,Federal Contract Tower,28,13,29,39,109,0,0,18,1,19,28,13,47,40,128,40,100,140,268
03/11/2016,ECP,FL,ASO,ES,Federal Contract Tower,27,25,40,32,124,0,0,15,0,15,27,25,55,32,139,52,2,54,193
03/12/2016,ECP,FL,ASO,ES,Federal Contract Tower,31,15,35,0,81,0,0,12,0,12,31,15,47,0,93,64,0,64,157
03/13/2016,ECP,FL,ASO,ES,Federal Contract Tower,29,17,36,0,82,0,0,23,0,23,29,17,59,0,105,66,0,66,171
03/14/2016,ECP,FL,ASO,ES,Federal Contract Tower,28,10,30,12,80,0,0,8,0,8,28,10,38,12,88,46,0,46,134
03/15/2016,ECP,FL,ASO,ES,Federal Contract Tower,25,16,44,12,97,0,0,27,0,27,25,16,71,12,124,30,22,52,176
03/16/2016,ECP,FL,ASO,ES,Federal Contract Tower,25,15,41,32,113,0,0,37,4,41,25,15,78,36,154,94,46,140,294
03/17/2016,ECP,FL,ASO,ES,Federal Contract Tower,28,13,25,11,77,0,0,11,0,11,28,13,36,11,88,24,2,26,114
03/18/2016,ECP,FL,ASO,ES,Federal Contract Tower,29,14,32,8,83,0,0,0,0,0,29,14,32,8,83,0,0,0,83
03/19/2016,ECP,FL,ASO,ES,Federal Contract Tower,33,25,50,2,110,0,0,17,0,17,33,25,67,2,127,42,0,42,169
03/20/2016,ECP,FL,ASO,ES,Federal Contract Tower,26,17,34,0,77,0,0,31,0,31,26,17,65,0,108,60,0,60,168
03/21/2016,ECP,FL,ASO,ES,Federal Contract Tower,24,18,35,12,89,0,0,26,1,27,24,18,61,13,116,14,42,56,172
03/22/2016,ECP,FL,ASO,ES,Federal Contract Tower,24,22,32,44,122,0,0,38,5,43,24,22,70,49,165,72,22,94,259
03/23/2016,ECP,FL,ASO,ES,Federal Contract Tower,27,17,29,48,121,0,0,42,1,43,27,17,71,49,164,54,120,174,338
03/24/2016,ECP,FL,ASO,ES,Federal Contract Tower,28,23,52,48,151,0,0,20,0,20,28,23,72,48,171,28,24,52,223
03/25/2016,ECP,FL,ASO,ES,Federal Contract Tower,28,21,59,0,108,0,0,0,0,0,28,21,59,0,108,0,0,0,108
03/26/2016,ECP,FL,ASO,ES,Federal Contract Tower,33,24,21,0,78,0,0,2,0,2,33,24,23,0,80,4,0,4,84
03/27/2016,ECP,FL,ASO,ES,Federal Contract Tower,29,16,36,0,81,0,0,0,0,0,29,16,36,0,81,0,0,0,81
03/28/2016,ECP,FL,ASO,ES,Federal Contract Tower,32,6,56,12,106,0,0,20,10,30,32,6,76,22,136,38,36,74,210
03/29/2016,ECP,FL,ASO,ES,Federal Contract Tower,23,16,32,18,89,0,0,34,2,36,23,16,66,20,125,32,18,50,175
03/30/2016,ECP,FL,ASO,ES,Federal Contract Tower,24,13,38,39,114,0,0,39,5,44,24,13,77,44,158,58,24,82,240
03/31/2016,ECP,FL,ASO,ES,Federal Contract Tower,26,14,31,28,99,0,0,16,0,16,26,14,47,28,115,22,22,44,159
04/01/2016,ECP,FL,ASO,ES,Federal Contract Tower,29,14,25,0,68,0,0,4,0,4,29,14,29,0,72,20,0,20,92
04/02/2016,ECP,FL,ASO,ES,Federal Contract Tower,31,24,49,2,106,0,0,38,0,38,31,24,87,2,144,46,0,46,190
04/03/2016,ECP,FL,ASO,ES,Federal Contract Tower,26,10,45,1,82,0,0,69,1,70,26,10,114,2,152,90,0,90,242
04/04/2016,ECP,FL,ASO,ES,Federal Contract Tower,29,10,21,17,77,0,0,41,8,49,29,10,62,25,126,42,20,62,188
04/05/2016,ECP,FL,ASO,ES,Federal Contract Tower,28,19,16,44,107,0,0,24,3,27,28,19,40,47,134,28,68,96,230
04/06/2016,ECP,FL,ASO,ES,Federal Contract Tower,28,24,44,16,112,0,0,39,1,40,28,24,83,17,152,52,2,54,206
04/07/2016,ECP,FL,ASO,ES,Federal Contract Tower,27,14,31,12,84,0,0,37,0,37,27,14,68,12,121,20,30,50,171
04/08/2016,ECP,FL,ASO,ES,Federal Contract Tower,25,17,38,16,96,0,1,49,1,51,25,18,87,17,147,58,8,66,213
04/09/2016,ECP,FL,ASO,ES,Federal Contract Tower,34,11,37,8,90,0,0,57,0,57,34,11,94,8,147,108,2,110,257
04/10/2016,ECP,FL,ASO,ES,Federal Contract Tower,29,9,60,0,98,0,0,32,0,32,29,9,92,0,130,50,0,50,180
04/11/2016,ECP,FL,ASO,ES,Federal Contract Tower,27,12,26,17,82,0,0,22,1,23,27,12,48,18,105,42,50,92,197
04/12/2016,ECP,FL,ASO,ES,Federal Contract Tower,26,20,24,6,76,0,0,22,9,31,26,20,46,15,107,20,38,58,165
04/13/2016,ECP,FL,ASO,ES,Federal Contract Tower,28,22,46,20,116,0,0,14,6,20,28,22,60,26,136,36,20,56,192
04/14/2016,ECP,FL,ASO,ES,Federal Contract Tower,30,13,26,12,81,0,0,0,0,0,30,13,26,12,81,0,0,0,81
04/15/2016,ECP,FL,ASO,ES,Federal Contract Tower,24,15,46,39,124,0,1,7,2,10,24,16,53,41,134,0,6,6,140
04/16/2016,ECP,FL,ASO,ES,Federal Contract Tower,29,8,31,0,68,0,0,13,0,13,29,8,44,0,81,24,0,24,105
04/17/2016,ECP,FL,ASO,ES,Federal Contract Tower,26,8,51,4,89,0,2,33,1,36,26,10,84,5,125,18,0,18,143
04/18/2016,ECP,FL,ASO,ES,Federal Contract Tower,27,9,33,36,105,0,0,45,0,45,27,9,78,36,150,0,25,25,175
04/19/2016,ECP,FL,ASO,ES,Federal Contract Tower,24,13,28,20,85,0,0,40,4,44,24,13,68,24,129,22,28,50,179
04/20/2016,ECP,FL,ASO,ES,Federal Contract Tower,32,34,31,40,137,0,0,20,2,22,32,34,51,42,159,30,54,84,243
04/21/2016,ECP,FL,ASO,ES,Federal Contract Tower,26,27,43,32,128,0,0,41,2,43,26,27,84,34,171,38,48,86,257
04/22/2016,ECP,FL,ASO,ES,Federal Contract Tower,26,18,39,9,92,0,0,12,0,12,26,18,51,9,104,2,6,8,112
04/23/2016,ECP,FL,ASO,ES,Federal Contract Tower,29,9,41,2,81,0,0,48,0,48,29,9,89,2,129,38,4,42,171
04/24/2016,ECP,FL,ASO,ES,Federal Contract Tower,31,14,66,5,116,0,0,62,0,62,31,14,128,5,178,36,2,38,216
04/25/2016,ECP,FL,ASO,ES,Federal Contract Tower,27,18,28,24,97,0,0,25,0,25,27,18,53,24,122,36,40,76,198
04/26/2016,ECP,FL,ASO,ES,Federal Contract Tower,23,18,45,55,141,0,0,31,2,33,23,18,76,57,174,65,50,115,289
04/27/2016,ECP,FL,ASO,ES,Federal Contract Tower,25,17,68,37,147,0,0,15,8,23,25,17,83,45,170,26,38,64,234
04/28/2016,ECP,FL,ASO,ES,Federal Contract Tower,26,12,37,9,84,0,0,23,0,23,26,12,60,9,107,62,42,104,211
04/29/2016,ECP,FL,ASO,ES,Federal Contract Tower,23,25,33,9,90,0,0,42,0,42,23,25,75,9,132,30,0,30,162
04/30/2016,ECP,FL,ASO,ES,Federal Contract Tower,29,12,29,5,75,0,0,29,0,29,29,12,58,5,104,60,0,60,164
05/01/2016,ECP,FL,ASO,ES,Federal Contract Tower,26,5,60,11,102,0,0,19,0,19,26,5,79,11,121,26,12,38,159
05/02/2016,ECP,FL,ASO,ES,Federal Contract Tower,24,11,33,46,114,0,0,16,0,16,24,11,49,46,130,40,44,84,214
05/03/2016,ECP,FL,ASO,ES,Federal Contract Tower,25,23,17,22,87,0,0,13,0,13,25,23,30,22,100,16,20,36,136
05/04/2016,ECP,FL,ASO,ES,Federal Contract Tower,34,19,38,23,114,0,0,30,5,35,34,19,68,28,149,42,40,82,231
05/05/2016,ECP,FL,ASO,ES,Federal Contract Tower,29,17,39,14,99,0,0,61,3,64,29,17,100,17,163,26,22,48,211
05/06/2016,ECP,FL,ASO,ES,Federal Contract Tower,26,13,50,4,93,0,0,42,0,42,26,13,92,4,135,48,8,56,191
05/07/2016,ECP,FL,ASO,ES,Federal Contract Tower,28,9,29,1,67,0,0,47,0,47,28,9,76,1,114,50,6,56,170
05/09/2016,ECP,FL,ASO,ES,Federal Contract Tower,28,10,44,19,101,0,0,30,4,34,28,10,74,23,135,16,24,40,175
05/10/2016,ECP,FL,ASO,ES,Federal Contract Tower,26,13,26,18,83,0,0,13,7,20,26,13,39,25,103,24,92,116,219
05/11/2016,ECP,FL,ASO,ES,Federal Contract Tower,24,18,48,49,139,0,0,43,6,49,24,18,91,55,188,32,86,118,306
05/12/2016,ECP,FL,ASO,ES,Federal Contract Tower,27,18,51,8,104,0,0,21,0,21,27,18,72,8,125,52,10,62,187
05/13/2016,ECP,FL,ASO,ES,Federal Contract Tower,25,16,39,16,96,0,0,36,2,38,25,16,75,18,134,62,14,76,210
05/14/2016,ECP,FL,ASO,ES,Federal Contract Tower,30,9,32,0,71,0,0,43,0,43,30,9,75,0,114,36,8,44,158
05/15/2016,ECP,FL,ASO,ES,Federal Contract Tower,28,15,48,0,91,0,0,42,0,42,28,15,90,0,133,22,10,32,165
05/16/2016,ECP,FL,ASO,ES,Federal Contract Tower,28,21,45,18,112,0,0,36,10,46,28,21,81,28,158,8,58,66,224
05/17/2016,ECP,FL,ASO,ES,Federal Contract Tower,24,18,26,37,105,0,0,5,2,7,24,18,31,39,112,4,10,14,126
05/18/2016,ECP,FL,ASO,ES,Federal Contract Tower,22,13,47,72,154,0,0,32,4,36,22,13,79,76,190,64,166,230,420
05/19/2016,ECP,FL,ASO,ES,Federal Contract Tower,26,11,56,36,129,0,26,2,0,28,26,37,58,36,157,50,38,88,245
05/20/2016,ECP,FL,ASO,ES,Federal Contract Tower,26,14,26,0,66,0,0,2,0,2,26,14,28,0,68,18,0,18,86
05/21/2016,ECP,FL,ASO,ES,Federal Contract Tower,32,14,52,2,100,0,0,24,0,24,32,14,76,2,124,66,0,66,190
05/22/2016,ECP,FL,ASO,ES,Federal Contract Tower,28,12,37,5,82,0,1,47,0,48,28,13,84,5,130,16,16,32,162
05/23/2016,ECP,FL,ASO,ES,Federal Contract Tower,28,13,42,30,113,0,0,42,6,48,28,13,84,36,161,46,42,88,249
05/24/2016,ECP,FL,ASO,ES,Federal Contract Tower,23,25,26,16,90,0,0,42,4,46,23,25,68,20,136,82,42,124,260
05/25/2016,ECP,FL,ASO,ES,Federal Contract Tower,25,22,45,20,112,0,0,46,0,46,25,22,91,20,158,98,34,132,290
05/26/2016,ECP,FL,ASO,ES,Federal Contract Tower,25,19,70,19,133,0,0,51,2,53,25,19,121,21,186,52,34,86,272
05/27/2016,ECP,FL,ASO,ES,Federal Contract Tower,25,30,101,1,157,0,2,54,0,56,25,32,155,1,213,56,0,56,269
05/28/2016,ECP,FL,ASO,ES,Federal Contract Tower,29,22,55,0,106,1,2,43,0,46,30,24,98,0,152,38,0,38,190
05/29/2016,ECP,FL,ASO,ES,Federal Contract Tower,28,12,39,0,79,0,0,43,0,43,28,12,82,0,122,80,0,80,202
05/30/2016,ECP,FL,ASO,ES,Federal Contract Tower,25,12,68,0,105,2,0,51,6,59,27,12,119,6,164,36,0,36,200
05/31/2016,ECP,FL,ASO,ES,Federal Contract Tower,25,17,65,16,123,0,1,38,0,39,25,18,103,16,162,20,52,72,234
06/01/2016,ECP,FL,ASO,ES,Federal Contract Tower,24,13,47,54,138,0,0,38,5,43,24,13,85,59,181,48,82,130,311
06/02/2016,ECP,FL,ASO,ES,Federal Contract Tower,26,20,56,44,146,0,0,47,9,56,26,20,103,53,202,52,124,176,378
06/03/2016,ECP,FL,ASO,ES,Federal Contract Tower,31,21,53,5,110,0,0,27,6,33,31,21,80,11,143,44,26,70,213
06/04/2016,ECP,FL,ASO,ES,Federal Contract Tower,42,37,43,0,122,0,0,34,0,34,42,37,77,0,156,50,0,50,206
06/05/2016,ECP,FL,ASO,ES,Federal Contract Tower,28,11,57,3,99,0,0,30,0,30,28,11,87,3,129,69,0,69,198
06/06/2016,ECP,FL,ASO,ES,Federal Contract Tower,28,8,26,2,64,0,0,6,0,6,28,8,32,2,70,8,12,20,90
06/07/2016,ECP,FL,ASO,ES,Federal Contract Tower,25,23,22,13,83,0,0,42,0,42,25,23,64,13,125,46,22,68,193
06/08/2016,ECP,FL,ASO,ES,Federal Contract Tower,25,24,36,51,136,0,0,54,6,60,25,24,90,57,196,88,64,152,348
06/09/2016,ECP,FL,ASO,ES,Federal Contract Tower,32,23,37,30,122,0,0,34,3,37,32,23,71,33,159,52,36,88,247
06/10/2016,ECP,FL,ASO,ES,Federal Contract Tower,31,18,38,41,128,0,0,52,2,54,31,18,90,43,182,76,84,160,342
06/11/2016,ECP,FL,ASO,ES,Federal Contract Tower,41,19,62,2,124,0,0,47,0,47,41,19,109,2,171,62,0,62,233
06/12/2016,ECP,FL,ASO,ES,Federal Contract Tower,28,9,54,0,91,0,0,42,0,42,28,9,96,0,133,60,0,60,193
06/13/2016,ECP,FL,ASO,ES,Federal Contract Tower,30,14,52,12,108,0,0,30,0,30,30,14,82,12,138,20,0,20,158
06/14/2016,ECP,FL,ASO,ES,Federal Contract Tower,26,14,29,19,88,0,0,39,0,39,26,14,68,19,127,68,58,126,253
06/15/2016,ECP,FL,ASO,ES,Federal Contract Tower,31,22,37,16,106,1,0,21,0,22,32,22,58,16,128,20,58,78,206
06/16/2016,ECP,FL,ASO,ES,Federal Contract Tower,30,12,52,24,118,0,1,24,8,33,30,13,76,32,151,21,142,163,314
06/17/2016,ECP,FL,ASO,ES,Federal Contract Tower,30,15,41,3,89,0,2,43,3,48,30,17,84,6,137,53,22,75,212
06/18/2016,ECP,FL,ASO,ES,Federal Contract Tower,41,24,56,0,121,0,0,54,0,54,41,24,110,0,175,74,0,74,249
06/19/2016,ECP,FL,ASO,ES,Federal Contract Tower,30,12,50,0,92,0,0,47,0,47,30,12,97,0,139,58,0,58,197
06/20/2016,ECP,FL,ASO,ES,Federal Contract Tower,29,11,29,7,76,0,0,41,0,41,29,11,70,7,117,56,20,76,193
06/21/2016,ECP,FL,ASO,ES,Federal Contract Tower,29,19,30,24,102,0,0,39,4,43,29,19,69,28,145,16,86,102,247
06/22/2016,ECP,FL,ASO,ES,Federal Contract Tower,28,15,42,51,136,0,0,38,2,40,28,15,80,53,176,66,42,108,284
06/23/2016,ECP,FL,ASO,ES,Federal Contract Tower,30,16,58,40,144,0,0,34,9,43,30,16,92,49,187,30,142,172,359
06/24/2016,ECP,FL,ASO,ES,Federal Contract Tower,29,15,49,14,107,0,0,55,0,55,29,15,104,14,162,100,70,170,332
06/25/2016,ECP,FL,ASO,ES,Federal Contract Tower,41,21,61,0,123,1,0,58,0,59,42,21,119,0,182,92,0,92,274
06/26/2016,ECP,FL,ASO,ES,Federal Contract Tower,31,12,59,2,104,0,0,42,0,42,31,12,101,2,146,81,0,81,227
06/28/2016,ECP,FL,ASO,ES,Federal Contract Tower,25,15,49,52,141,0,0,14,1,15,25,15,63,53,156,22,60,82,238
06/29/2016,ECP,FL,ASO,ES,Federal Contract Tower,27,18,45,26,116,1,0,38,0,39,28,18,83,26,155,52,14,66,221
06/30/2016,ECP,FL,ASO,ES,Federal Contract Tower,32,30,70,2,134,0,0,11,0,11,32,30,81,2,145,18,0,18,163
07/01/2016,ECP,FL,ASO,ES,Federal Contract Tower,27,26,72,6,131,0,0,32,0,32,27,26,104,6,163,52,0,52,215
07/02/2016,ECP,FL,ASO,ES,Federal Contract Tower,40,42,74,0,156,0,0,40,0,40,40,42,114,0,196,60,0,60,256
07/03/2016,ECP,FL,ASO,ES,Federal Contract Tower,35,18,32,4,89,0,0,44,0,44,35,18,76,4,133,86,0,86,219
07/04/2016,ECP,FL,ASO,ES,Federal Contract Tower,24,14,22,0,60,0,0,26,0,26,24,14,48,0,86,103,0,103,189
07/05/2016,ECP,FL,ASO,ES,Federal Contract Tower,22,51,57,18,148,0,0,38,4,42,22,51,95,22,190,48,0,48,238
07/06/2016,ECP,FL,ASO,ES,Federal Contract Tower,25,38,41,38,142,0,0,44,4,48,25,38,85,42,190,51,10,61,251
07/07/2016,ECP,FL,ASO,ES,Federal Contract Tower,24,20,59,75,178,0,0,37,0,37,24,20,96,75,215,57,42,99,314
07/08/2016,ECP,FL,ASO,ES,Federal Contract Tower,25,31,57,14,127,0,0,39,0,39,25,31,96,14,166,41,38,79,245
07/09/2016,ECP,FL,ASO,ES,Federal Contract Tower,39,39,39,0,117,0,0,43,0,43,39,39,82,0,160,70,0,70,230
07/11/2016,ECP,FL,ASO,ES,Federal Contract Tower,24,14,39,18,95,0,0,18,0,18,24,14,57,18,113,44,14,58,171
07/12/2016,ECP,FL,ASO,ES,Federal Contract Tower,25,26,34,46,131,0,0,43,2,45,25,26,77,48,176,20,32,52,228
07/13/2016,ECP,FL,ASO,ES,Federal Contract Tower,27,26,43,6,102,0,0,29,2,31,27,26,72,8,133,40,20,60,193
07/14/2016,ECP,FL,ASO,ES,Federal Contract Tower,30,14,29,6,79,0,0,20,2,22,30,14,49,8,101,44,40,84,185
07/15/2016,ECP,FL,ASO,ES,Federal Contract Tower,30,12,58,14,114,0,0,33,2,35,30,12,91,16,149,64,42,106,255
07/16/2016,ECP,FL,ASO,ES,Federal Contract Tower,38,25,55,4,122,0,0,26,0,26,38,25,81,4,148,48,0,48,196
07/17/2016,ECP,FL,ASO,ES,Federal Contract Tower,29,17,54,0,100,0,0,35,0,35,29,17,89,0,135,38,28,66,201
07/18/2016,ECP,FL,ASO,ES,Federal Contract Tower,25,20,18,15,78,0,0,15,2,17,25,20,33,17,95,14,12,26,121
07/19/2016,ECP,FL,ASO,ES,Federal Contract Tower,25,12,31,64,132,0,0,30,3,33,25,12,61,67,165,46,78,124,289
07/20/2016,ECP,FL,ASO,ES,Federal Contract Tower,25,21,53,18,117,0,0,49,6,55,25,21,102,24,172,70,40,110,282
07/21/2016,ECP,FL,ASO,ES,Federal Contract Tower,22,19,60,7,108,0,0,30,0,30,22,19,90,7,138,34,30,64,202
07/22/2016,ECP,FL,ASO,ES,Federal Contract Tower,24,20,42,28,114,0,0,31,6,37,24,20,73,34,151,76,28,104,255
07/23/2016,ECP,FL,ASO,ES,Federal Contract Tower,38,23,70,0,131,0,0,37,0,37,38,23,107,0,168,86,0,86,254
07/24/2016,ECP,FL,ASO,ES,Federal Contract Tower,31,18,51,2,102,0,0,46,0,46,31,18,97,2,148,62,20,82,230
07/25/2016,ECP,FL,ASO,ES,Federal Contract Tower,21,16,24,10,71,0,0,16,0,16,21,16,40,10,87,48,16,64,151
07/26/2016,ECP,FL,ASO,ES,Federal Contract Tower,25,19,35,4,83,0,0,18,2,20,25,19,53,6,103,26,34,60,163
07/27/2016,ECP,FL,ASO,ES,Federal Contract Tower,28,25,61,28,142,0,2,48,0,50,28,27,109,28,192,66,76,142,334
07/28/2016,ECP,FL,ASO,ES,Federal Contract Tower,28,14,43,2,87,0,1,38,9,48,28,15,81,11,135,32,8,40,175
07/29/2016,ECP,FL,ASO,ES,Federal Contract Tower,29,51,26,17,123,0,1,39,3,43,29,52,65,20,166,52,2,54,220
07/30/2016,ECP,FL,ASO,ES,Federal Contract Tower,41,38,39,0,118,0,1,46,1,48,41,39,85,1,166,84,0,84,250
07/31/2016,ECP,FL,ASO,ES,Federal Contract Tower,35,8,57,5,105,0,0,44,0,44,35,8,101,5,149,74,0,74,223
08/02/2016,ECP,FL,ASO,ES,Federal Contract Tower,24,16,20,20,80,0,0,40,16,56,24,16,60,36,136,0,26,26,162
08/03/2016,ECP,FL,ASO,ES,Federal Contract Tower,26,11,37,4,78,0,0,31,1,32,26,11,68,5,110,64,32,96,206
08/04/2016,ECP,FL,ASO,ES,Federal Contract Tower,28,14,52,25,119,0,0,27,6,33,28,14,79,31,152,46,36,82,234
08/05/2016,ECP,FL,ASO,ES,Federal Contract Tower,25,14,43,11,93,0,0,25,4,29,25,14,68,15,122,44,46,90,212
08/06/2016,ECP,FL,ASO,ES,Federal Contract Tower,40,29,24,0,93,0,0,30,0,30,40,29,54,0,123,122,0,122,245
08/07/2016,ECP,FL,ASO,ES,Federal Contract Tower,25,15,63,1,104,0,0,23,0,23,25,15,86,1,127,32,0,32,159
08/08/2016,ECP,FL,ASO,ES,Federal Contract Tower,19,8,25,7,59,0,0,10,4,14,19,8,35,11,73,13,8,21,94
08/10/2016,ECP,FL,ASO,ES,Federal Contract Tower,21,12,17,0,50,0,0,3,0,3,21,12,20,0,53,6,0,6,59
08/11/2016,ECP,FL,ASO,ES,Federal Contract Tower,24,11,22,8,65,0,0,23,4,27,24,11,45,12,92,28,22,50,142
08/12/2016,ECP,FL,ASO,ES,Federal Contract Tower,25,18,40,18,101,0,0,15,8,23,25,18,55,26,124,16,8,24,148
08/13/2016,ECP,FL,ASO,ES,Federal Contract Tower,26,9,35,8,78,0,0,39,0,39,26,9,74,8,117,62,0,62,179
08/14/2016,ECP,FL,ASO,ES,Federal Contract Tower,24,13,27,7,71,0,0,34,2,36,24,13,61,9,107,46,12,58,165
08/15/2016,ECP,FL,ASO,ES,Federal Contract Tower,20,11,19,12,62,0,0,22,0,22,20,11,41,12,84,4,56,60,144
08/16/2016,ECP,FL,ASO,ES,Federal Contract Tower,21,25,26,20,92,0,0,14,0,14,21,25,40,20,106,14,4,18,124
08/17/2016,ECP,FL,ASO,ES,Federal Contract Tower,21,12,36,8,77,0,0,29,6,35,21,12,65,14,112,36,30,66,178
08/18/2016,ECP,FL,ASO,ES,Federal Contract Tower,21,4,37,27,89,0,0,27,6,33,21,4,64,33,122,60,90,150,272
08/19/2016,ECP,FL,ASO,ES,Federal Contract Tower,21,15,41,20,97,0,0,28,4,32,21,15,69,24,129,24,50,74,203
08/20/2016,ECP,FL,ASO,ES,Federal Contract Tower,23,7,20,0,50,0,0,52,0,52,23,7,72,0,102,76,0,76,178
08/21/2016,ECP,FL,ASO,ES,Federal Contract Tower,22,3,29,1,55,0,0,29,0,29,22,3,58,1,84,34,0,34,118
08/22/2016,ECP,FL,ASO,ES,Federal Contract Tower,21,8,39,23,91,0,0,22,1,23,21,8,61,24,114,28,14,42,156
08/23/2016,ECP,FL,ASO,ES,Federal Contract Tower,20,17,21,10,68,0,0,22,0,22,20,17,43,10,90,8,44,52,142
08/24/2016,ECP,FL,ASO,ES,Federal Contract Tower,22,9,25,33,89,0,0,22,2,24,22,9,47,35,113,4,78,82,195
08/25/2016,ECP,FL,ASO,ES,Federal Contract Tower,21,20,30,28,99,0,0,40,0,40,21,20,70,28,139,22,0,22,161
08/26/2016,ECP,FL,ASO,ES,Federal Contract Tower,20,18,46,35,119,0,0,44,5,49,20,18,90,40,168,36,30,66,234
08/27/2016,ECP,FL,ASO,ES,Federal Contract Tower,29,14,24,0,67,0,0,39,0,39,29,14,63,0,106,38,0,38,144
08/28/2016,ECP,FL,ASO,ES,Federal Contract Tower,23,10,44,0,77,0,0,19,0,19,23,10,63,0,96,24,0,24,120
08/29/2016,ECP,FL,ASO,ES,Federal Contract Tower,23,7,22,36,88,0,0,20,1,21,23,7,42,37,109,12,38,50,159
08/30/2016,ECP,FL,ASO,ES,Federal Contract Tower,23,21,17,14,75,0,0,26,10,36,23,21,43,24,111,20,122,142,253
08/31/2016,ECP,FL,ASO,ES,Federal Contract Tower,23,13,28,12,76,0,0,23,0,23,23,13,51,12,99,10,0,10,109
09/01/2016,ECP,FL,ASO,ES,Federal Contract Tower,22,10,8,0,40,0,0,7,0,7,22,10,15,0,47,12,0,12,59
09/02/2016,ECP,FL,ASO,ES,Federal Contract Tower,23,21,70,0,114,0,0,26,2,28,23,21,96,2,142,36,0,36,178
09/03/2016,ECP,FL,ASO,ES,Federal Contract Tower,24,4,28,0,56,0,0,9,0,9,24,4,37,0,65,50,0,50,115
09/04/2016,ECP,FL,ASO,ES,Federal Contract Tower,19,4,20,0,43,0,0,2,0,2,19,4,22,0,45,2,0,2,47
09/06/2016,ECP,FL,ASO,ES,Federal Contract Tower,22,19,34,6,81,0,0,27,0,27,22,19,61,6,108,58,0,58,166
09/07/2016,ECP,FL,ASO,ES,Federal Contract Tower,23,15,38,20,96,0,0,33,2,35,23,15,71,22,131,50,102,152,283
09/08/2016,ECP,FL,ASO,ES,Federal Contract Tower,22,19,37,11,89,0,2,34,2,38,22,21,71,13,127,62,14,76,203
09/09/2016,ECP,FL,ASO,ES,Federal Contract Tower,21,14,39,31,105,0,0,25,0,25,21,14,64,31,130,16,12,28,158
09/10/2016,ECP,FL,ASO,ES,Federal Contract Tower,22,14,28,7,71,0,0,32,0,32,22,14,60,7,103,24,0,24,127
09/11/2016,ECP,FL,ASO,ES,Federal Contract Tower,23,13,38,12,86,0,0,30,0,30,23,13,68,12,116,42,22,64,180
09/12/2016,ECP,FL,ASO,ES,Federal Contract Tower,21,12,43,11,87,0,0,22,0,22,21,12,65,11,109,2,38,40,149
09/13/2016,ECP,FL,ASO,ES,Federal Contract Tower,26,17,30,24,97,0,0,15,0,15,26,17,45,24,112,2,24,26,138
09/14/2016,ECP,FL,ASO,ES,Federal Contract Tower,23,23,29,51,126,0,0,9,2,11,23,23,38,53,137,12,18,30,167
09/15/2016,ECP,FL,ASO,ES,Federal Contract Tower,24,21,33,8,86,0,0,23,0,23,24,21,56,8,109,41,48,89,198
09/16/2016,ECP,FL,ASO,ES,Federal Contract Tower,21,15,41,19,96,0,0,20,2,22,21,15,61,21,118,22,31,53,171
09/17/2016,ECP,FL,ASO,ES,Federal Contract Tower,25,12,25,5,67,0,0,9,0,9,25,12,34,5,76,45,0,45,121
09/18/2016,ECP,FL,ASO,ES,Federal Contract Tower,23,9,42,0,74,0,0,24,0,24,23,9,66,0,98,48,0,48,146
09/19/2016,ECP,FL,ASO,ES,Federal Contract Tower,20,12,30,18,80,0,0,25,0,25,20,12,55,18,105,56,30,86,191
09/20/2016,ECP,FL,ASO,ES,Federal Contract Tower,22,17,26,24,89,0,0,30,0,30,22,17,56,24,119,14,46,60,179
09/21/2016,ECP,FL,ASO,ES,Federal Contract Tower,23,5,36,6,70,0,0,34,2,36,23,5,70,8,106,58,10,68,174
09/22/2016,ECP,FL,ASO,ES,Federal Contract Tower,24,13,25,30,92,0,0,43,3,46,24,13,68,33,138,6,10,16,154
09/23/2016,ECP,FL,ASO,ES,Federal Contract Tower,21,12,34,31,98,0,0,26,2,28,21,12,60,33,126,18,68,86,212
09/24/2016,ECP,FL,ASO,ES,Federal Contract Tower,24,7,24,0,55,0,0,31,0,31,24,7,55,0,86,46,6,52,138
09/25/2016,ECP,FL,ASO,ES,Federal Contract Tower,22,4,32,7,65,0,0,45,0,45,22,4,77,7,110,16,0,16,126
09/26/2016,ECP,FL,ASO,ES,Federal Contract Tower,21,7,25,13,66,0,0,19,0,19,21,7,44,13,85,16,38,54,139
09/27/2016,ECP,FL,ASO,ES,Federal Contract Tower,23,17,30,21,91,0,0,25,0,25,23,17,55,21,116,6,8,14,130
09/28/2016,ECP,FL,ASO,ES,Federal Contract Tower,24,14,34,6,78,0,0,37,2,39,24,14,71,8,117,16,32,48,165
09/29/2016,ECP,FL,ASO,ES,Federal Contract Tower,24,9,54,29,116,0,0,48,0,48,24,9,102,29,164,20,18,38,202
09/30/2016,ECP,FL,ASO,ES,Federal Contract Tower,23,12,62,17,114,0,0,75,3,78,23,12,137,20,192,34,48,82,274
10/01/2016,ECP,FL,ASO,ES,Federal Contract Tower,26,2,30,12,70,0,0,34,0,34,26,2,64,12,104,78,2,80,184
10/02/2016,ECP,FL,ASO,ES,Federal Contract Tower,23,6,65,5,99,0,0,61,0,61,23,6,126,5,160,28,0,28,188
10/03/2016,ECP,FL,ASO,ES,Federal Contract Tower,22,12,43,36,113,0,0,30,0,30,22,12,73,36,143,2,62,64,207
10/04/2016,ECP,FL,ASO,ES,Federal Contract Tower,20,12,39,26,97,0,0,31,0,31,20,12,70,26,128,18,40,58,186
10/05/2016,ECP,FL,ASO,ES,Federal Contract Tower,23,24,47,23,117,0,0,46,0,46,23,24,93,23,163,73,74,147,310
10/06/2016,ECP,FL,ASO,ES,Federal Contract Tower,23,24,51,5,103,0,0,22,0,22,23,24,73,5,125,32,32,64,189
10/07/2016,ECP,FL,ASO,ES,Federal Contract Tower,23,19,64,8,114,0,0,19,0,19,23,19,83,8,133,40,34,74,207
10/08/2016,ECP,FL,ASO,ES,Federal Contract Tower,24,9,49,6,88,2,0,28,14,44,26,9,77,20,132,30,0,30,162
10/09/2016,ECP,FL,ASO,ES,Federal Contract Tower,24,16,69,0,109,0,0,65,0,65,24,16,134,0,174,6,12,18,192
10/10/2016,ECP,FL,ASO,ES,Federal Contract Tower,22,14,50,2,88,0,0,39,2,41,22,14,89,4,129,18,0,18,147
10/11/2016,ECP,FL,ASO,ES,Federal Contract Tower,22,25,48,24,119,0,1,42,2,45,22,26,90,26,164,10,70,80,244
10/12/2016,ECP,FL,ASO,ES,Federal Contract Tower,23,34,65,19,141,0,0,52,2,54,23,34,117,21,195,64,58,122,317
10/13/2016,ECP,FL,ASO,ES,Federal Contract Tower,23,17,63,16,119,0,0,56,0,56,23,17,119,16,175,42,0,42,217
10/14/2016,ECP,FL,ASO,ES,Federal Contract Tower,23,28,59,14,124,0,0,46,1,47,23,28,105,15,171,52,70,122,293
10/15/2016,ECP,FL,ASO,ES,Federal Contract Tower,26,7,37,3,73,0,0,26,1,27,26,7,63,4,100,40,0,40,140
10/16/2016,ECP,FL,ASO,ES,Federal Contract Tower,21,16,65,2,104,0,0,23,2,25,21,16,88,4,129,28,0,28,157
10/17/2016,ECP,FL,ASO,ES,Federal Contract Tower,20,17,39,7,83,0,0,25,0,25,20,17,64,7,108,50,10,60,168
10/18/2016,ECP,FL,ASO,ES,Federal Contract Tower,21,14,28,33,96,0,0,27,0,27,21,14,55,33,123,26,48,74,197
10/19/2016,ECP,FL,ASO,ES,Federal Contract Tower,23,14,40,25,102,0,0,28,0,28,23,14,68,25,130,24,34,58,188
10/20/2016,ECP,FL,ASO,ES,Federal Contract Tower,21,18,41,10,90,0,0,15,0,15,21,18,56,10,105,16,24,40,145
10/21/2016,ECP,FL,ASO,ES,Federal Contract Tower,21,15,33,8,77,0,0,20,3,23,21,15,53,11,100,22,36,58,158
10/22/2016,ECP,FL,ASO,ES,Federal Contract Tower,25,6,20,0,51,0,0,29,0,29,25,6,49,0,80,34,12,46,126
10/23/2016,ECP,FL,ASO,ES,Federal Contract Tower,23,12,45,0,80,0,0,37,0,37,23,12,82,0,117,44,12,56,173
10/24/2016,ECP,FL,ASO,ES,Federal Contract Tower,25,5,29,24,83,0,0,33,0,33,25,5,62,24,116,18,98,116,232
10/25/2016,ECP,FL,ASO,ES,Federal Contract Tower,24,9,30,32,95,0,0,23,18,41,24,9,53,50,136,30,36,66,202
10/26/2016,ECP,FL,ASO,ES,Federal Contract Tower,23,12,28,24,87,0,0,18,4,22,23,12,46,28,109,8,34,42,151
10/27/2016,ECP,FL,ASO,ES,Federal Contract Tower,23,16,46,28,113,0,0,42,2,44,23,16,88,30,157,52,35,87,244
10/28/2016,ECP,FL,ASO,ES,Federal Contract Tower,23,13,57,6,99,0,0,46,6,52,23,13,103,12,151,22,34,56,207
10/29/2016,ECP,FL,ASO,ES,Federal Contract Tower,24,7,14,0,45,0,0,30,0,30,24,7,44,0,75,26,0,26,101
10/30/2016,ECP,FL,ASO,ES,Federal Contract Tower,24,14,45,2,85,0,0,46,0,46,24,14,91,2,131,42,26,68,199
10/31/2016,ECP,FL,ASO,ES,Federal Contract Tower,20,11,23,6,60,0,0,20,2,22,20,11,43,8,82,24,12,36,118
11/01/2016,ECP,FL,ASO,ES,Federal Contract Tower,21,7,30,24,82,0,0,35,0,35,21,7,65,24,117,28,40,68,185
11/02/2016,ECP,FL,ASO,ES,Federal Contract Tower,21,15,30,36,102,0,0,33,0,33,21,15,63,36,135,10,48,58,193
11/03/2016,ECP,FL,ASO,ES,Federal Contract Tower,22,18,38,10,88,0,2,33,3,38,22,20,71,13,126,18,38,56,182
11/04/2016,ECP,FL,ASO,ES,Federal Contract Tower,24,23,52,8,107,0,0,30,6,36,24,23,82,14,143,8,16,24,167
11/05/2016,ECP,FL,ASO,ES,Federal Contract Tower,24,4,24,0,52,0,2,30,0,32,24,6,54,0,84,20,20,40,124
11/06/2016,ECP,FL,ASO,ES,Federal Contract Tower,21,16,57,0,94,0,0,39,0,39,21,16,96,0,133,28,0,28,161
11/07/2016,ECP,FL,ASO,ES,Federal Contract Tower,21,13,27,6,67,0,2,27,0,29,21,15,54,6,96,15,52,67,163
11/08/2016,ECP,FL,ASO,ES,Federal Contract Tower,19,7,23,18,67,0,0,23,9,32,19,7,46,27,99,46,10,56,155
11/09/2016,ECP,FL,ASO,ES,Federal Contract Tower,21,8,24,30,83,0,0,29,0,29,21,8,53,30,112,74,39,113,225
11/10/2016,ECP,FL,ASO,ES,Federal Contract Tower,21,15,28,33,97,0,0,54,4,58,21,15,82,37,155,24,84,108,263
11/11/2016,ECP,FL,ASO,ES,Federal Contract Tower,23,12,36,5,76,0,2,49,2,53,23,14,85,7,129,14,0,14,143
11/12/2016,ECP,FL,ASO,ES,Federal Contract Tower,18,4,12,0,34,0,1,36,0,37,18,5,48,0,71,52,0,52,123
11/13/2016,ECP,FL,ASO,ES,Federal Contract Tower,21,5,48,0,74,0,0,28,0,28,21,5,76,0,102,30,0,30,132
11/14/2016,ECP,FL,ASO,ES,Federal Contract Tower,24,6,24,18,72,0,0,18,0,18,24,6,42,18,90,24,28,52,142
11/15/2016,ECP,FL,ASO,ES,Federal Contract Tower,22,16,15,33,86,0,0,23,8,31,22,16,38,41,117,22,52,74,191
11/16/2016,ECP,FL,ASO,ES,Federal Contract Tower,22,12,24,81,139,0,0,31,2,33,22,12,55,83,172,30,44,74,246
11/17/2016,ECP,FL,ASO,ES,Federal Contract Tower,23,16,36,9,84,0,0,32,4,36,23,16,68,13,120,32,72,104,224
11/18/2016,ECP,FL,ASO,ES,Federal Contract Tower,22,15,31,43,111,0,0,40,5,45,22,15,71,48,156,34,52,86,242
11/19/2016,ECP,FL,ASO,ES,Federal Contract Tower,20,10,35,0,65,0,0,21,0,21,20,10,56,0,86,14,0,14,100
11/20/2016,ECP,FL,ASO,ES,Federal Contract Tower,19,16,36,0,71,0,0,17,0,17,19,16,53,0,88,28,12,40,128
11/21/2016,ECP,FL,ASO,ES,Federal Contract Tower,20,10,20,34,84,0,0,35,0,35,20,10,55,34,119,26,52,78,197
11/22/2016,ECP,FL,ASO,ES,Federal Contract Tower,23,27,40,20,110,0,0,42,11,53,23,27,82,31,163,24,8,32,195
11/23/2016,ECP,FL,ASO,ES,Federal Contract Tower,22,19,47,21,109,0,0,34,1,35,22,19,81,22,144,22,16,38,182
11/24/2016,ECP,FL,ASO,ES,Federal Contract Tower,11,12,6,0,29,0,0,2,0,2,11,12,8,0,31,0,0,0,31
11/25/2016,ECP,FL,ASO,ES,Federal Contract Tower,17,26,17,0,60,0,0,25,0,25,17,26,42,0,85,49,0,49,134
11/26/2016,ECP,FL,ASO,ES,Federal Contract Tower,22,17,33,0,72,0,0,31,0,31,22,17,64,0,103,10,0,10,113
11/27/2016,ECP,FL,ASO,ES,Federal Contract Tower,27,16,76,0,119,0,0,39,0,39,27,16,115,0,158,86,0,86,244
11/28/2016,ECP,FL,ASO,ES,Federal Contract Tower,21,16,28,22,87,0,4,13,0,17,21,20,41,22,104,8,12,20,124
11/29/2016,ECP,FL,ASO,ES,Federal Contract Tower,21,17,10,54,102,0,0,27,0,27,21,17,37,54,129,28,18,46,175
11/30/2016,ECP,FL,ASO,ES,Federal Contract Tower,19,14,12,29,74,0,0,5,5,10,19,14,17,34,84,0,30,30,114
12/01/2016,ECP,FL,ASO,ES,Federal Contract Tower,19,19,25,54,117,0,0,42,2,44,19,19,67,56,161,30,94,124,285
12/02/2016,ECP,FL,ASO,ES,Federal Contract Tower,20,13,21,10,64,0,1,16,8,25,20,14,37,18,89,4,32,36,125
12/03/2016,ECP,FL,ASO,ES,Federal Contract Tower,14,3,10,0,27,0,0,16,0,16,14,3,26,0,43,0,0,0,43
12/04/2016,ECP,FL,ASO,ES,Federal Contract Tower,17,1,18,0,36,0,0,7,0,7,17,1,25,0,43,0,0,0,43
12/05/2016,ECP,FL,ASO,ES,Federal Contract Tower,21,9,17,0,47,0,0,0,0,0,21,9,17,0,47,0,0,0,47
12/06/2016,ECP,FL,ASO,ES,Federal Contract Tower,17,15,22,28,82,0,0,2,0,2,17,15,24,28,84,0,0,0,84
12/07/2016,ECP,FL,ASO,ES,Federal Contract Tower,20,8,18,33,79,0,0,24,0,24,20,8,42,33,103,14,28,42,145
12/08/2016,ECP,FL,ASO,ES,Federal Contract Tower,18,19,17,14,68,0,0,20,1,21,18,19,37,15,89,38,72,110,199
12/09/2016,ECP,FL,ASO,ES,Federal Contract Tower,17,6,30,2,55,0,0,19,0,19,17,6,49,2,74,26,10,36,110
12/10/2016,ECP,FL,ASO,ES,Federal Contract Tower,14,9,19,0,42,0,0,34,0,34,14,9,53,0,76,54,0,54,130
12/11/2016,ECP,FL,ASO,ES,Federal Contract Tower,18,9,22,0,49,0,0,35,0,35,18,9,57,0,84,18,0,18,102
12/12/2016,ECP,FL,ASO,ES,Federal Contract Tower,17,5,22,34,78,0,0,5,1,6,17,5,27,35,84,0,38,38,122
12/13/2016,ECP,FL,ASO,ES,Federal Contract Tower,23,8,34,21,86,0,0,3,0,3,23,8,37,21,89,2,32,34,123
12/14/2016,ECP,FL,ASO,ES,Federal Contract Tower,20,6,13,22,61,0,0,0,0,0,20,6,13,22,61,0,0,0,61
12/15/2016,ECP,FL,ASO,ES,Federal Contract Tower,20,20,25,19,84,0,1,21,0,22,20,21,46,19,106,14,44,58,164
12/16/2016,ECP,FL,ASO,ES,Federal Contract Tower,20,20,22,0,62,0,0,30,0,30,20,20,52,0,92,42,2,44,136
12/17/2016,ECP,FL,ASO,ES,Federal Contract Tower,16,14,17,0,47,0,0,20,0,20,16,14,37,0,67,50,0,50,117
12/18/2016,ECP,FL,ASO,ES,Federal Contract Tower,18,5,11,34,68,0,0,0,0,0,18,5,11,34,68,0,0,0,68
12/19/2016,ECP,FL,ASO,ES,Federal Contract Tower,17,9,13,2,41,0,0,0,0,0,17,9,13,2,41,0,0,0,41
12/20/2016,ECP,FL,ASO,ES,Federal Contract Tower,19,9,31,23,82,0,0,2,0,2,19,9,33,23,84,0,0,0,84
12/21/2016,ECP,FL,ASO,ES,Federal Contract Tower,19,15,27,10,71,0,1,45,5,51,19,16,72,15,122,6,20,26,148
12/22/2016,ECP,FL,ASO,ES,Federal Contract Tower,19,9,34,14,76,0,0,0,0,0,19,9,34,14,76,44,42,86,162
12/23/2016,ECP,FL,ASO,ES,Federal Contract Tower,17,12,26,0,55,0,0,26,0,26,17,12,52,0,81,30,0,30,111
12/24/2016,ECP,FL,ASO,ES,Federal Contract Tower,12,5,7,0,24,0,0,17,0,17,12,5,24,0,41,24,2,26,67
12/25/2016,ECP,FL,ASO,ES,Federal Contract Tower,17,3,9,0,29,0,0,13,0,13,17,3,22,0,42,8,0,8,50
12/26/2016,ECP,FL,ASO,ES,Federal Contract Tower,16,20,31,0,67,0,0,10,0,10,16,20,41,0,77,10,0,10,87
12/27/2016,ECP,FL,ASO,ES,Federal Contract Tower,19,25,36,2,82,0,0,0,0,0,19,25,36,2,82,0,0,0,82
12/28/2016,ECP,FL,ASO,ES,Federal Contract Tower,15,27,33,8,83,0,0,6,0,6,15,27,39,8,89,2,22,24,113
12/29/2016,ECP,FL,ASO,ES,Federal Contract Tower,17,19,32,2,70,0,2,3,4,9,17,21,35,6,79,0,42,42,121
12/30/2016,ECP,FL,ASO,ES,Federal Contract Tower,15,19,33,0,67,0,0,28,0,28,15,19,61,0,95,30,4,34,129
12/31/2016,ECP,FL,ASO,ES,Federal Contract Tower,14,13,19,0,46,0,0,18,0,18,14,13,37,0,64,8,0,8,72
01/01/2017,ECP,FL,ASO,ES,Federal Contract Tower,17,12,17,4,50,0,0,0,0,0,17,12,17,4,50,0,0,0,50
01/02/2017,ECP,FL,ASO,ES,Federal Contract Tower,15,21,36,1,73,0,0,0,0,0,15,21,36,1,73,0,0,0,73
01/03/2017,ECP,FL,ASO,ES,Federal Contract Tower,20,30,60,35,145,0,0,7,0,7,20,30,67,35,152,32,73,105,257
01/04/2017,ECP,FL,ASO,ES,Federal Contract Tower,14,20,18,20,72,0,0,7,3,10,14,20,25,23,82,4,18,22,104
01/05/2017,ECP,FL,ASO,ES,Federal Contract Tower,13,9,21,30,73,0,0,25,1,26,13,9,46,31,99,30,48,78,177
01/06/2017,ECP,FL,ASO,ES,Federal Contract Tower,20,4,17,49,90,0,1,13,0,14,20,5,30,49,104,16,66,82,186
01/07/2017,ECP,FL,ASO,ES,Federal Contract Tower,14,5,15,0,34,0,0,7,0,7,14,5,22,0,41,10,0,10,51
01/08/2017,ECP,FL,ASO,ES,Federal Contract Tower,13,4,20,3,40,0,0,6,0,6,13,4,26,3,46,0,4,4,50
01/09/2017,ECP,FL,ASO,ES,Federal Contract Tower,16,12,30,18,76,0,0,17,2,19,16,12,47,20,95,22,32,54,149
01/10/2017,ECP,FL,ASO,ES,Federal Contract Tower,17,5,29,46,97,0,0,21,0,21,17,5,50,46,118,16,56,72,190
01/11/2017,ECP,FL,ASO,ES,Federal Contract Tower,16,8,17,61,102,0,0,20,0,20,16,8,37,61,122,34,46,80,202
01/12/2017,ECP,FL,ASO,ES,Federal Contract Tower,16,23,49,35,123,0,0,31,1,32,16,23,80,36,155,38,60,98,253
01/13/2017,ECP,FL,ASO,ES,Federal Contract Tower,16,16,38,17,87,0,0,34,0,34,16,16,72,17,121,34,34,68,189
01/14/2017,ECP,FL,ASO,ES,Federal Contract Tower,13,9,9,0,31,0,2,32,0,34,13,11,41,0,65,52,2,54,119
01/15/2017,ECP,FL,ASO,ES,Federal Contract Tower,12,16,28,2,58,0,0,36,0,36,12,16,64,2,94,70,2,72,166
01/16/2017,ECP,FL,ASO,ES,Federal Contract Tower,16,17,55,2,90,0,0,34,0,34,16,17,89,2,124,12,0,12,136
01/17/2017,ECP,FL,ASO,ES,Federal Contract Tower,16,13,19,49,97,0,0,16,3,19,16,13,35,52,116,0,54,54,170
01/18/2017,ECP,FL,ASO,ES,Federal Contract Tower,17,10,37,43,107,0,0,13,7,20,17,10,50,50,127,12,34,46,173
01/19/2017,ECP,FL,ASO,ES,Federal Contract Tower,17,6,30,37,90,0,0,16,2,18,17,6,46,39,108,0,12,12,120
01/20/2017,ECP,FL,ASO,ES,Federal Contract Tower,17,11,24,43,95,0,0,10,0,10,17,11,34,43,105,8,8,16,121
01/21/2017,ECP,FL,ASO,ES,Federal Contract Tower,14,2,9,1,26,0,0,0,0,0,14,2,9,1,26,0,0,0,26
01/22/2017,ECP,FL,ASO,ES,Federal Contract Tower,21,6,12,1,40,0,0,0,0,0,21,6,12,1,40,0,0,0,40
01/23/2017,ECP,FL,ASO,ES,Federal Contract Tower,20,9,18,28,75,0,0,3,6,9,20,9,21,34,84,2,6,8,92
01/24/2017,ECP,FL,ASO,ES,Federal Contract Tower,16,10,27,15,68,0,0,42,2,44,16,10,69,17,112,46,16,62,174
01/25/2017,ECP,FL,ASO,ES,Federal Contract Tower,17,12,30,40,99,0,0,35,0,35,17,12,65,40,134,12,22,34,168
01/26/2017,ECP,FL,ASO,ES,Federal Contract Tower,16,17,28,9,70,0,0,20,5,25,16,17,48,14,95,38,64,102,197
01/27/2017,ECP,FL,ASO,ES,Federal Contract Tower,17,10,30,37,94,0,0,32,5,37,17,10,62,42,131,2,36,38,169
01/28/2017,ECP,FL,ASO,ES,Federal Contract Tower,14,4,26,0,44,0,0,31,0,31,14,4,57,0,75,30,14,44,119
01/29/2017,ECP,FL,ASO,ES,Federal Contract Tower,14,7,37,8,66,0,0,16,1,17,14,7,53,9,83,16,14,30,113
01/30/2017,ECP,FL,ASO,ES,Federal Contract Tower,15,7,33,10,65,0,0,13,0,13,15,7,46,10,78,24,8,32,110
01/31/2017,ECP,FL,ASO,ES,Federal Contract Tower,17,10,21,7,55,0,0,23,0,23,17,10,44,7,78,16,28,44,122
02/01/2017,ECP,FL,ASO,ES,Federal Contract Tower,17,8,21,30,76,0,0,19,0,19,17,8,40,30,95,28,90,118,213
02/02/2017,ECP,FL,ASO,ES,Federal Contract Tower,17,7,19,13,56,0,0,24,0,24,17,7,43,13,80,24,46,70,150
02/03/2017,ECP,FL,ASO,ES,Federal Contract Tower,17,9,37,41,104,0,0,17,7,24,17,9,54,48,128,12,30,42,170
02/04/2017,ECP,FL,ASO,ES,Federal Contract Tower,13,2,22,4,41,0,0,51,0,51,13,2,73,4,92,54,0,54,146
02/05/2017,ECP,FL,ASO,ES,Federal Contract Tower,13,3,15,4,35,0,0,32,0,32,13,3,47,4,67,72,0,72,139
02/06/2017,ECP,FL,ASO,ES,Federal Contract Tower,16,7,26,11,60,0,0,21,2,23,16,7,47,13,83,12,14,26,109
02/07/2017,ECP,FL,ASO,ES,Federal Contract Tower,16,11,23,38,88,0,0,7,5,12,16,11,30,43,100,0,30,30,130
02/08/2017,ECP,FL,ASO,ES,Federal Contract Tower,17,17,23,6,63,0,0,0,0,0,17,17,23,6,63,0,0,0,63
02/09/2017,ECP,FL,ASO,ES,Federal Contract Tower,16,5,38,42,101,0,0,23,1,24,16,5,61,43,125,0,44,44,169
02/10/2017,ECP,FL,ASO,ES,Federal Contract Tower,16,12,43,34,105,0,0,36,0,36,16,12,79,34,141,44,64,108,249
02/11/2017,ECP,FL,ASO,ES,Federal Contract Tower,14,4,28,0,46,0,2,33,0,35,14,6,61,0,81,16,0,16,97
02/12/2017,ECP,FL,ASO,ES,Federal Contract Tower,15,4,48,4,71,0,0,16,0,16,15,4,64,4,87,16,8,24,111
02/13/2017,ECP,FL,ASO,ES,Federal Contract Tower,16,11,22,29,78,0,0,22,2,24,16,11,44,31,102,22,38,60,162
02/14/2017,ECP,FL,ASO,ES,Federal Contract Tower,14,12,28,29,83,0,0,25,1,26,14,12,53,30,109,28,108,136,245
02/15/2017,ECP,FL,ASO,ES,Federal Contract Tower,17,14,25,14,70,0,0,24,0,24,17,14,49,14,94,6,24,30,124
02/16/2017,ECP,FL,ASO,ES,Federal Contract Tower,20,19,33,30,102,0,0,28,5,33,20,19,61,35,135,24,52,76,211
02/17/2017,ECP,FL,ASO,ES,Federal Contract Tower,16,25,47,12,100,0,0,26,0,26,16,25,73,12,126,24,32,56,182
02/18/2017,ECP,FL,ASO,ES,Federal Contract Tower,14,6,17,3,40,0,0,5,3,8,14,6,22,6,48,28,8,36,84
02/19/2017,ECP,FL,ASO,ES,Federal Contract Tower,16,6,44,0,66,0,0,58,2,60,16,6,102,2,126,47,10,57,183
02/20/2017,ECP,FL,ASO,ES,Federal Contract Tower,17,8,50,4,79,0,0,45,0,45,17,8,95,4,124,40,0,40,164
02/21/2017,ECP,FL,ASO,ES,Federal Contract Tower,18,9,38,0,65,0,0,2,0,2,18,9,40,0,67,0,0,0,67
02/22/2017,ECP,FL,ASO,ES,Federal Contract Tower,20,11,26,12,69,0,0,3,0,3,20,11,29,12,72,0,22,22,94
02/23/2017,ECP,FL,ASO,ES,Federal Contract Tower,18,8,51,12,89,0,0,13,7,20,18,8,64,19,109,32,40,72,181
02/24/2017,ECP,FL,ASO,ES,Federal Contract Tower,20,9,37,4,70,0,0,36,2,38,20,9,73,6,108,46,28,74,182
02/25/2017,ECP,FL,ASO,ES,Federal Contract Tower,14,7,15,1,37,0,0,41,1,42,14,7,56,2,79,42,0,42,121
02/26/2017,ECP,FL,ASO,ES,Federal Contract Tower,19,6,43,18,86,0,0,36,2,38,19,6,79,20,124,8,6,14,138
02/27/2017,ECP,FL,ASO,ES,Federal Contract Tower,35,5,17,71,128,0,0,7,0,7,35,5,24,71,135,0,66,66,201
02/28/2017,ECP,FL,ASO,ES,Federal Contract Tower,15,19,37,34,105,0,0,16,0,16,15,19,53,34,121,14,0,14,135
03/01/2017,ECP,FL,ASO,ES,Federal Contract Tower,20,17,26,34,97,0,0,4,0,4,20,17,30,34,101,10,8,18,119
03/02/2017,ECP,FL,ASO,ES,Federal Contract Tower,18,16,50,2,86,0,0,21,6,27,18,16,71,8,113,30,92,122,235
03/03/2017,ECP,FL,ASO,ES,Federal Contract Tower,17,15,47,16,95,0,0,45,5,50,17,15,92,21,145,22,48,70,215
03/04/2017,ECP,FL,ASO,ES,Federal Contract Tower,16,15,34,0,65,0,0,42,1,43,16,15,76,1,108,54,0,54,162
03/05/2017,ECP,FL,ASO,ES,Federal Contract Tower,17,21,37,0,75,0,0,61,2,63,17,21,98,2,138,56,18,74,212
03/06/2017,ECP,FL,ASO,ES,Federal Contract Tower,17,12,31,48,108,0,0,35,0,35,17,12,66,48,143,4,46,50,193
03/07/2017,ECP,FL,ASO,ES,Federal Contract Tower,17,19,25,131,192,0,0,22,0,22,17,19,47,131,214,10,108,118,332
03/08/2017,ECP,FL,ASO,ES,Federal Contract Tower,19,8,51,29,107,0,0,23,0,23,19,8,74,29,130,42,36,78,208
03/09/2017,ECP,FL,ASO,ES,Federal Contract Tower,22,22,71,34,149,0,0,84,0,84,22,22,155,34,233,71,101,172,405
03/10/2017,ECP,FL,ASO,ES,Federal Contract Tower,25,32,62,13,132,0,0,32,0,32,25,32,94,13,164,52,22,74,238
03/11/2017,ECP,FL,ASO,ES,Federal Contract Tower,30,15,54,0,99,0,0,62,1,63,30,15,116,1,162,60,0,60,222
03/12/2017,ECP,FL,ASO,ES,Federal Contract Tower,26,16,50,2,94,0,0,26,0,26,26,16,76,2,120,24,2,26,146
03/13/2017,ECP,FL,ASO,ES,Federal Contract Tower,28,12,43,18,101,0,0,0,2,2,28,12,43,20,103,0,0,0,103
03/14/2017,ECP,FL,ASO,ES,Federal Contract Tower,22,10,41,8,81,0,0,22,0,22,22,10,63,8,103,34,0,34,137
03/15/2017,ECP,FL,ASO,ES,Federal Contract Tower,23,17,50,20,110,0,0,47,0,47,23,17,97,20,157,44,72,116,273
03/16/2017,ECP,FL,ASO,ES,Federal Contract Tower,24,24,46,22,116,0,0,47,2,49,24,24,93,24,165,52,28,80,245
03/17/2017,ECP,FL,ASO,ES,Federal Contract Tower,27,18,59,8,112,0,0,48,0,48,27,18,107,8,160,25,14,39,199
03/18/2017,ECP,FL,ASO,ES,Federal Contract Tower,29,24,76,2,131,0,0,58,0,58,29,24,134,2,189,36,0,36,225
03/19/2017,ECP,FL,ASO,ES,Federal Contract Tower,26,22,53,10,111,0,0,53,0,53,26,22,106,10,164,60,0,60,224
03/20/2017,ECP,FL,ASO,ES,Federal Contract Tower,25,12,34,18,89,0,0,24,0,24,25,12,58,18,113,6,26,32,145
03/21/2017,ECP,FL,ASO,ES,Federal Contract Tower,24,20,50,21,115,0,0,32,0,32,24,20,82,21,147,28,16,44,191
03/22/2017,ECP,FL,ASO,ES,Federal Contract Tower,25,19,37,16,97,0,0,29,5,34,25,19,66,21,131,34,16,50,181
03/23/2017,ECP,FL,ASO,ES,Federal Contract Tower,27,21,41,2,91,0,0,25,0,25,27,21,66,2,116,44,0,44,160
03/24/2017,ECP,FL,ASO,ES,Federal Contract Tower,27,14,50,32,123,0,0,31,5,36,27,14,81,37,159,40,53,93,252
03/25/2017,ECP,FL,ASO,ES,Federal Contract Tower,30,12,41,4,87,0,2,18,0,20,30,14,59,4,107,56,0,56,163
03/26/2017,ECP,FL,ASO,ES,Federal Contract Tower,26,17,57,2,102,0,0,31,0,31,26,17,88,2,133,46,2,48,181
03/27/2017,ECP,FL,ASO,ES,Federal Contract Tower,25,8,40,24,97,0,0,18,0,18,25,8,58,24,115,16,0,16,131
03/28/2017,ECP,FL,ASO,ES,Federal Contract Tower,23,13,47,14,97,0,0,21,0,21,23,13,68,14,118,22,0,22,140
03/29/2017,ECP,FL,ASO,ES,Federal Contract Tower,24,13,39,8,84,0,0,32,0,32,24,13,71,8,116,20,34,54,170
03/30/2017,ECP,FL,ASO,ES,Federal Contract Tower,25,19,32,18,94,0,0,25,0,25,25,19,57,18,119,40,10,50,169
03/31/2017,ECP,FL,ASO,ES,Federal Contract Tower,24,30,67,12,133,0,0,45,3,48,24,30,112,15,181,48,118,166,347
04/01/2017,ECP,FL,ASO,ES,Federal Contract Tower,30,12,61,0,103,0,2,57,1,60,30,14,118,1,163,46,0,46,209
04/02/2017,ECP,FL,ASO,ES,Federal Contract Tower,25,16,58,0,99,0,0,56,0,56,25,16,114,0,155,62,0,62,217
04/03/2017,ECP,FL,ASO,ES,Federal Contract Tower,26,8,25,0,59,0,0,0,0,0,26,8,25,0,59,0,0,0,59
04/04/2017,ECP,FL,ASO,ES,Federal Contract Tower,25,12,49,25,111,0,0,27,2,29,25,12,76,27,140,20,36,56,196
04/05/2017,ECP,FL,ASO,ES,Federal Contract Tower,20,15,12,2,49,0,0,0,0,0,20,15,12,2,49,0,0,0,49
04/06/2017,ECP,FL,ASO,ES,Federal Contract Tower,19,29,40,44,132,0,0,42,4,46,19,29,82,48,178,66,44,110,288
04/07/2017,ECP,FL,ASO,ES,Federal Contract Tower,23,14,59,27,123,0,0,37,2,39,23,14,96,29,162,70,38,108,270
04/08/2017,ECP,FL,ASO,ES,Federal Contract Tower,28,17,55,2,102,0,0,46,5,51,28,17,101,7,153,86,36,122,275
04/09/2017,ECP,FL,ASO,ES,Federal Contract Tower,27,15,70,0,112,0,0,69,0,69,27,15,139,0,181,90,0,90,271
04/10/2017,ECP,FL,ASO,ES,Federal Contract Tower,25,13,25,15,78,0,0,15,2,17,25,13,40,17,95,28,58,86,181
04/11/2017,ECP,FL,ASO,ES,Federal Contract Tower,22,16,33,56,127,0,0,65,2,67,22,16,98,58,194,38,114,152,346
04/12/2017,ECP,FL,ASO,ES,Federal Contract Tower,24,22,36,11,93,0,0,45,3,48,24,22,81,14,141,48,62,110,251
04/13/2017,ECP,FL,ASO,ES,Federal Contract Tower,25,35,89,15,164,0,0,41,7,48,25,35,130,22,212,42,34,76,288
04/14/2017,ECP,FL,ASO,ES,Federal Contract Tower,25,21,69,12,127,0,0,58,2,60,25,21,127,14,187,52,0,52,239
04/15/2017,ECP,FL,ASO,ES,Federal Contract Tower,26,14,29,0,69,0,0,70,0,70,26,14,99,0,139,82,0,82,221
04/16/2017,ECP,FL,ASO,ES,Federal Contract Tower,25,18,54,0,97,0,0,28,0,28,25,18,82,0,125,52,0,52,177
04/17/2017,ECP,FL,ASO,ES,Federal Contract Tower,19,27,70,34,150,0,0,26,0,26,19,27,96,34,176,48,82,130,306
04/18/2017,ECP,FL,ASO,ES,Federal Contract Tower,23,19,26,34,102,0,0,43,2,45,23,19,69,36,147,10,70,80,227
04/19/2017,ECP,FL,ASO,ES,Federal Contract Tower,28,15,33,32,108,0,0,41,0,41,28,15,74,32,149,24,6,30,179
04/20/2017,ECP,FL,ASO,ES,Federal Contract Tower,29,14,61,12,116,0,0,38,0,38,29,14,99,12,154,56,20,76,230
04/21/2017,ECP,FL,ASO,ES,Federal Contract Tower,26,14,44,6,90,0,1,27,8,36,26,15,71,14,126,10,32,42,168
04/22/2017,ECP,FL,ASO,ES,Federal Contract Tower,28,5,20,2,55,0,0,24,0,24,28,5,44,2,79,22,38,60,139
04/23/2017,ECP,FL,ASO,ES,Federal Contract Tower,27,4,45,0,76,0,0,12,0,12,27,4,57,0,88,20,12,32,120
04/24/2017,ECP,FL,ASO,ES,Federal Contract Tower,24,13,33,17,87,0,0,14,0,14,24,13,47,17,101,4,26,30,131
04/25/2017,ECP,FL,ASO,ES,Federal Contract Tower,22,8,33,18,81,0,0,51,0,51,22,8,84,18,132,44,32,76,208
04/26/2017,ECP,FL,ASO,ES,Federal Contract Tower,25,20,40,35,120,0,2,53,0,55,25,22,93,35,175,46,30,76,251
04/27/2017,ECP,FL,ASO,ES,Federal Contract Tower,27,16,44,0,87,0,0,7,0,7,27,16,51,0,94,18,0,18,112
04/28/2017,ECP,FL,ASO,ES,Federal Contract Tower,24,16,34,2,76,0,0,24,0,24,24,16,58,2,100,36,12,48,148
04/29/2017,ECP,FL,ASO,ES,Federal Contract Tower,28,16,26,0,70,0,1,28,0,29,28,17,54,0,99,26,0,26,125
04/30/2017,ECP,FL,ASO,ES,Federal Contract Tower,28,15,54,0,97,0,0,22,0,22,28,15,76,0,119,22,0,22,141
05/01/2017,ECP,FL,ASO,ES,Federal Contract Tower,24,7,29,32,92,0,0,13,0,13,24,7,42,32,105,2,56,58,163
05/02/2017,ECP,FL,ASO,ES,Federal Contract Tower,23,12,32,38,105,0,0,34,0,34,23,12,66,38,139,46,12,58,197
05/03/2017,ECP,FL,ASO,ES,Federal Contract Tower,27,14,37,28,106,0,4,54,10,68,27,18,91,38,174,52,56,108,282
05/04/2017,ECP,FL,ASO,ES,Federal Contract Tower,24,13,35,12,84,0,2,11,2,15,24,15,46,14,99,12,54,66,165
05/05/2017,ECP,FL,ASO,ES,Federal Contract Tower,26,15,53,6,100,0,3,19,0,22,26,18,72,6,122,30,0,30,152
05/06/2017,ECP,FL,ASO,ES,Federal Contract Tower,28,7,35,4,74,0,2,64,0,66,28,9,99,4,140,26,0,26,166
05/07/2017,ECP,FL,ASO,ES,Federal Contract Tower,29,20,60,0,109,0,0,49,0,49,29,20,109,0,158,54,0,54,212
05/08/2017,ECP,FL,ASO,ES,Federal Contract Tower,24,10,32,10,76,0,0,32,2,34,24,10,64,12,110,16,52,68,178
05/09/2017,ECP,FL,ASO,ES,Federal Contract Tower,27,8,37,10,82,0,0,41,2,43,27,8,78,12,125,58,60,118,243
05/10/2017,ECP,FL,ASO,ES,Federal Contract Tower,24,11,35,6,76,0,2,61,0,63,24,13,96,6,139,56,4,60,199
05/11/2017,ECP,FL,ASO,ES,Federal Contract Tower,25,14,63,35,137,0,1,52,7,60,25,15,115,42,197,18,136,154,351
05/12/2017,ECP,FL,ASO,ES,Federal Contract Tower,25,17,57,39,138,0,0,39,4,43,25,17,96,43,181,30,40,70,251
05/13/2017,ECP,FL,ASO,ES,Federal Contract Tower,27,9,43,0,79,0,0,25,0,25,27,9,68,0,104,14,0,14,118
05/14/2017,ECP,FL,ASO,ES,Federal Contract Tower,27,10,50,0,87,0,0,46,0,46,27,10,96,0,133,22,0,22,155
05/15/2017,ECP,FL,ASO,ES,Federal Contract Tower,26,15,43,19,103,0,0,33,0,33,26,15,76,19,136,4,14,18,154
05/16/2017,ECP,FL,ASO,ES,Federal Contract Tower,24,8,29,7,68,0,1,43,0,44,24,9,72,7,112,26,24,50,162
05/17/2017,ECP,FL,ASO,ES,Federal Contract Tower,25,11,47,17,100,0,0,41,8,49,25,11,88,25,149,18,64,82,231
05/18/2017,ECP,FL,ASO,ES,Federal Contract Tower,26,13,48,10,97,0,0,26,6,32,26,13,74,16,129,8,22,30,159
05/19/2017,ECP,FL,ASO,ES,Federal Contract Tower,27,13,62,18,120,0,4,34,6,44,27,17,96,24,164,40,42,82,246
05/20/2017,ECP,FL,ASO,ES,Federal Contract Tower,29,13,36,0,78,0,0,38,4,42,29,13,74,4,120,66,0,66,186
05/21/2017,ECP,FL,ASO,ES,Federal Contract Tower,30,5,41,0,76,0,0,24,0,24,30,5,65,0,100,18,0,18,118
05/22/2017,ECP,FL,ASO,ES,Federal Contract Tower,24,8,28,30,90,0,1,23,5,29,24,9,51,35,119,20,70,90,209
05/23/2017,ECP,FL,ASO,ES,Federal Contract Tower,25,12,21,11,69,0,0,5,1,6,25,12,26,12,75,0,8,8,83
05/24/2017,ECP,FL,ASO,ES,Federal Contract Tower,26,14,34,3,77,0,1,16,0,17,26,15,50,3,94,34,0,34,128
05/25/2017,ECP,FL,ASO,ES,Federal Contract Tower,27,35,69,25,156,0,5,34,4,43,27,40,103,29,199,36,78,114,313
05/26/2017,ECP,FL,ASO,ES,Federal Contract Tower,25,31,82,4,142,0,2,64,9,75,25,33,146,13,217,68,48,116,333
05/27/2017,ECP,FL,ASO,ES,Federal Contract Tower,28,21,65,0,114,0,2,48,3,53,28,23,113,3,167,80,0,80,247
05/28/2017,ECP,FL,ASO,ES,Federal Contract Tower,27,16,38,0,81,0,0,44,0,44,27,16,82,0,125,38,0,38,163
05/29/2017,ECP,FL,ASO,ES,Federal Contract Tower,25,26,72,0,123,0,0,34,5,39,25,26,106,5,162,36,2,38,200
05/30/2017,ECP,FL,ASO,ES,Federal Contract Tower,24,33,63,36,156,0,0,28,4,32,24,33,91,40,188,26,86,112,300
05/31/2017,ECP,FL,ASO,ES,Federal Contract Tower,26,17,43,26,112,0,2,28,2,32,26,19,71,28,144,38,68,106,250
06/01/2017,ECP,FL,ASO,ES,Federal Contract Tower,24,15,66,24,129,0,0,27,0,27,24,15,93,24,156,28,74,102,258
06/02/2017,ECP,FL,ASO,ES,Federal Contract Tower,24,22,47,16,109,0,7,24,0,31,24,29,71,16,140,52,44,96,236
06/03/2017,ECP,FL,ASO,ES,Federal Contract Tower,31,23,61,0,115,0,2,31,1,34,31,25,92,1,149,70,0,70,219
06/04/2017,ECP,FL,ASO,ES,Federal Contract Tower,30,21,61,0,112,0,0,34,0,34,30,21,95,0,146,46,4,50,196
06/05/2017,ECP,FL,ASO,ES,Federal Contract Tower,21,10,30,37,98,0,0,9,12,21,21,10,39,49,119,8,104,112,231
06/06/2017,ECP,FL,ASO,ES,Federal Contract Tower,26,12,38,38,114,0,0,0,0,0,26,12,38,38,114,18,18,36,150
06/07/2017,ECP,FL,ASO,ES,Federal Contract Tower,24,11,38,0,73,0,0,13,5,18,24,11,51,5,91,52,26,78,169
06/08/2017,ECP,FL,ASO,ES,Federal Contract Tower,24,18,58,10,110,0,0,27,7,34,24,18,85,17,144,38,24,62,206
06/09/2017,ECP,FL,ASO,ES,Federal Contract Tower,25,16,61,14,116,0,0,53,0,53,25,16,114,14,169,38,48,86,255
06/10/2017,ECP,FL,ASO,ES,Federal Contract Tower,39,30,64,4,137,0,0,50,2,52,39,30,114,6,189,48,0,48,237
06/11/2017,ECP,FL,ASO,ES,Federal Contract Tower,26,11,57,2,96,0,2,28,0,30,26,13,85,2,126,38,0,38,164
06/12/2017,ECP,FL,ASO,ES,Federal Contract Tower,25,17,43,9,94,0,0,0,9,9,25,17,43,18,103,4,22,26,129
06/13/2017,ECP,FL,ASO,ES,Federal Contract Tower,26,15,34,24,99,0,0,3,0,3,26,15,37,24,102,0,0,0,102
06/14/2017,ECP,FL,ASO,ES,Federal Contract Tower,28,20,63,32,143,0,0,13,4,17,28,20,76,36,160,32,12,44,204
06/15/2017,ECP,FL,ASO,ES,Federal Contract Tower,26,19,31,16,92,0,0,8,0,8,26,19,39,16,100,12,40,52,152
06/16/2017,ECP,FL,ASO,ES,Federal Contract Tower,27,16,49,42,134,0,0,31,15,46,27,16,80,57,180,62,52,114,294
06/17/2017,ECP,FL,ASO,ES,Federal Contract Tower,43,17,81,0,141,0,0,55,2,57,43,17,136,2,198,58,0,58,256
06/18/2017,ECP,FL,ASO,ES,Federal Contract Tower,31,19,38,6,94,0,0,54,0,54,31,19,92,6,148,86,14,100,248
06/19/2017,ECP,FL,ASO,ES,Federal Contract Tower,26,7,37,0,70,0,0,21,0,21,26,7,58,0,91,16,0,16,107
06/20/2017,ECP,FL,ASO,ES,Federal Contract Tower,26,9,17,0,52,0,0,0,0,0,26,9,17,0,52,0,0,0,52
06/21/2017,ECP,FL,ASO,ES,Federal Contract Tower,28,14,22,10,74,0,0,4,4,8,28,14,26,14,82,4,24,28,110
06/22/2017,ECP,FL,ASO,ES,Federal Contract Tower,26,11,38,48,123,0,2,19,0,21,26,13,57,48,144,22,128,150,294
06/23/2017,ECP,FL,ASO,ES,Federal Contract Tower,25,20,38,83,166,0,4,36,2,42,25,24,74,85,208,66,64,130,338
06/24/2017,ECP,FL,ASO,ES,Federal Contract Tower,45,17,82,15,159,0,2,43,0,45,45,19,125,15,204,66,20,86,290
06/25/2017,ECP,FL,ASO,ES,Federal Contract Tower,30,10,61,0,101,0,0,31,0,31,30,10,92,0,132,98,0,98,230
06/26/2017,ECP,FL,ASO,ES,Federal Contract Tower,25,15,47,12,99,0,0,37,1,38,25,15,84,13,137,28,118,146,283
06/27/2017,ECP,FL,ASO,ES,Federal Contract Tower,26,12,38,43,119,0,1,44,2,47,26,13,82,45,166,44,96,140,306
06/28/2017,ECP,FL,ASO,ES,Federal Contract Tower,26,16,66,17,125,0,0,23,0,23,26,16,89,17,148,22,34,56,204
06/29/2017,ECP,FL,ASO,ES,Federal Contract Tower,27,17,49,44,137,0,0,9,1,10,27,17,58,45,147,24,46,70,217
06/30/2017,ECP,FL,ASO,ES,Federal Contract Tower,27,14,101,42,184,0,1,19,2,22,27,15,120,44,206,78,112,190,396
07/01/2017,ECP,FL,ASO,ES,Federal Contract Tower,42,29,106,0,177,0,0,33,0,33,42,29,139,0,210,90,0,90,300
07/02/2017,ECP,FL,ASO,ES,Federal Contract Tower,28,9,40,0,77,0,2,42,0,44,28,11,82,0,121,94,0,94,215
07/03/2017,ECP,FL,ASO,ES,Federal Contract Tower,23,9,39,0,71,0,4,42,0,46,23,13,81,0,117,108,0,108,225
07/04/2017,ECP,FL,ASO,ES,Federal Contract Tower,21,10,32,0,63,0,4,36,0,40,21,14,68,0,103,96,0,96,199
07/05/2017,ECP,FL,ASO,ES,Federal Contract Tower,23,15,103,33,174,0,0,20,4,24,23,15,123,37,198,80,136,216,414
07/06/2017,ECP,FL,ASO,ES,Federal Contract Tower,25,13,54,47,139,0,2,42,4,48,25,15,96,51,187,84,40,124,311
07/07/2017,ECP,FL,ASO,ES,Federal Contract Tower,26,21,67,18,132,0,0,27,2,29,26,21,94,20,161,58,54,112,273
07/08/2017,ECP,FL,ASO,ES,Federal Contract Tower,46,19,69,0,134,0,0,30,0,30,46,19,99,0,164,34,0,34,198
07/09/2017,ECP,FL,ASO,ES,Federal Contract Tower,27,25,47,0,99,0,0,30,0,30,27,25,77,0,129,78,0,78,207
07/10/2017,ECP,FL,ASO,ES,Federal Contract Tower,24,11,40,16,91,0,0,35,0,35,24,11,75,16,126,12,2,14,140
07/11/2017,ECP,FL,ASO,ES,Federal Contract Tower,26,9,44,16,95,0,0,27,0,27,26,9,71,16,122,42,16,58,180
07/12/2017,ECP,FL,ASO,ES,Federal Contract Tower,26,13,42,14,95,0,0,19,7,26,26,13,61,21,121,46,42,88,209
07/13/2017,ECP,FL,ASO,ES,Federal Contract Tower,26,23,42,28,119,0,0,31,2,33,26,23,73,30,152,28,34,62,214
07/14/2017,ECP,FL,ASO,ES,Federal Contract Tower,26,14,45,17,102,0,2,22,2,26,26,16,67,19,128,62,10,72,200
07/15/2017,ECP,FL,ASO,ES,Federal Contract Tower,41,14,62,0,117,0,0,36,0,36,41,14,98,0,153,34,0,34,187
07/16/2017,ECP,FL,ASO,ES,Federal Contract Tower,28,20,47,0,95,0,0,19,4,23,28,20,66,4,118,28,22,50,168
07/17/2017,ECP,FL,ASO,ES,Federal Contract Tower,27,14,25,4,70,0,2,12,2,16,27,16,37,6,86,6,16,22,108
07/18/2017,ECP,FL,ASO,ES,Federal Contract Tower,24,19,35,26,104,0,0,25,0,25,24,19,60,26,129,20,0,20,149
07/19/2017,ECP,FL,ASO,ES,Federal Contract Tower,25,12,37,17,91,0,2,38,1,41,25,14,75,18,132,16,66,82,214
07/20/2017,ECP,FL,ASO,ES,Federal Contract Tower,26,13,58,13,110,0,0,36,4,40,26,13,94,17,150,10,22,32,182
07/21/2017,ECP,FL,ASO,ES,Federal Contract Tower,24,16,61,8,109,0,0,15,2,17,24,16,76,10,126,39,29,68,194
07/22/2017,ECP,FL,ASO,ES,Federal Contract Tower,34,13,86,0,133,0,0,73,0,73,34,13,159,0,206,60,0,60,266
07/23/2017,ECP,FL,ASO,ES,Federal Contract Tower,30,16,54,0,100,0,0,33,0,33,30,16,87,0,133,34,40,74,207
07/24/2017,ECP,FL,ASO,ES,Federal Contract Tower,28,17,35,11,91,0,0,32,0,32,28,17,67,11,123,58,32,90,213
07/25/2017,ECP,FL,ASO,ES,Federal Contract Tower,27,17,37,14,95,0,0,38,9,47,27,17,75,23,142,102,58,160,302
07/26/2017,ECP,FL,ASO,ES,Federal Contract Tower,26,17,37,24,104,0,0,32,14,46,26,17,69,38,150,57,52,109,259
07/27/2017,ECP,FL,ASO,ES,Federal Contract Tower,24,21,60,24,129,0,0,43,4,47,24,21,103,28,176,78,47,125,301
07/28/2017,ECP,FL,ASO,ES,Federal Contract Tower,25,11,41,10,87,0,0,59,3,62,25,11,100,13,149,87,40,127,276
07/29/2017,ECP,FL,ASO,ES,Federal Contract Tower,39,12,47,0,98,0,0,19,4,23,39,12,66,4,121,87,0,87,208
07/30/2017,ECP,FL,ASO,ES,Federal Contract Tower,27,7,63,0,97,0,0,31,0,31,27,7,94,0,128,84,0,84,212
07/31/2017,ECP,FL,ASO,ES,Federal Contract Tower,25,16,33,8,82,0,0,41,2,43,25,16,74,10,125,80,70,150,275
08/01/2017,ECP,FL,ASO,ES,Federal Contract Tower,25,15,19,3,62,0,6,42,10,58,25,21,61,13,120,26,42,68,188
08/02/2017,ECP,FL,ASO,ES,Federal Contract Tower,30,12,41,33,116,0,0,31,16,47,30,12,72,49,163,36,134,170,333
08/03/2017,ECP,FL,ASO,ES,Federal Contract Tower,26,16,24,13,79,0,0,2,0,2,26,16,26,13,81,0,0,0,81
08/04/2017,ECP,FL,ASO,ES,Federal Contract Tower,25,22,29,0,76,0,0,1,0,1,25,22,30,0,77,0,0,0,77
08/05/2017,ECP,FL,ASO,ES,Federal Contract Tower,44,20,40,0,104,0,0,27,2,29,44,20,67,2,133,42,0,42,175
08/06/2017,ECP,FL,ASO,ES,Federal Contract Tower,31,17,42,1,91,0,1,17,4,22,31,18,59,5,113,38,0,38,151
08/07/2017,ECP,FL,ASO,ES,Federal Contract Tower,24,17,25,57,123,0,2,20,1,23,24,19,45,58,146,39,100,139,285
08/09/2017,ECP,FL,ASO,ES,Federal Contract Tower,28,11,31,18,88,0,0,40,0,40,28,11,71,18,128,58,34,92,220
08/10/2017,ECP,FL,ASO,ES,Federal Contract Tower,24,16,31,27,98,0,0,37,7,44,24,16,68,34,142,54,42,96,238
08/12/2017,ECP,FL,ASO,ES,Federal Contract Tower,42,15,54,2,113,0,2,45,0,47,42,17,99,2,160,112,22,134,294
08/13/2017,ECP,FL,ASO,ES,Federal Contract Tower,27,8,41,0,76,0,3,48,1,52,27,11,89,1,128,112,0,112,240
08/14/2017,ECP,FL,ASO,ES,Federal Contract Tower,27,14,29,28,98,0,0,13,4,17,27,14,42,32,115,40,80,120,235
08/15/2017,ECP,FL,ASO,ES,Federal Contract Tower,21,8,23,22,74,0,3,18,5,26,21,11,41,27,100,27,48,75,175
08/16/2017,ECP,FL,ASO,ES,Federal Contract Tower,21,13,40,47,121,0,0,46,4,50,21,13,86,51,171,38,88,126,297
08/17/2017,ECP,FL,ASO,ES,Federal Contract Tower,22,13,44,59,138,0,0,26,13,39,22,13,70,72,177,50,140,190,367
08/18/2017,ECP,FL,ASO,ES,Federal Contract Tower,20,23,38,10,91,0,2,53,2,57,20,25,91,12,148,73,6,79,227
08/19/2017,ECP,FL,ASO,ES,Federal Contract Tower,26,17,32,0,75,0,0,45,0,45,26,17,77,0,120,72,0,72,192
08/20/2017,ECP,FL,ASO,ES,Federal Contract Tower,22,8,34,0,64,0,2,36,0,38,22,10,70,0,102,28,24,52,154
08/21/2017,ECP,FL,ASO,ES,Federal Contract Tower,16,18,21,6,61,0,0,19,3,22,16,18,40,9,83,12,44,56,139
08/22/2017,ECP,FL,ASO,ES,Federal Contract Tower,25,12,24,55,116,0,0,23,7,30,25,12,47,62,146,28,60,88,234
08/23/2017,ECP,FL,ASO,ES,Federal Contract Tower,22,11,24,25,82,0,0,40,10,50,22,11,64,35,132,50,58,108,240
08/24/2017,ECP,FL,ASO,ES,Federal Contract Tower,23,9,35,22,89,0,2,30,7,39,23,11,65,29,128,14,14,28,156
08/25/2017,ECP,FL,ASO,ES,Federal Contract Tower,21,14,45,42,122,0,2,39,11,52,21,16,84,53,174,16,86,102,276
08/26/2017,ECP,FL,ASO,ES,Federal Contract Tower,20,5,20,0,45,0,0,38,1,39,20,5,58,1,84,56,0,56,140
08/27/2017,ECP,FL,ASO,ES,Federal Contract Tower,17,8,43,0,68,0,0,46,0,46,17,8,89,0,114,34,0,34,148
08/28/2017,ECP,FL,ASO,ES,Federal Contract Tower,19,9,11,44,83,0,0,25,1,26,19,9,36,45,109,33,52,85,194
08/29/2017,ECP,FL,ASO,ES,Federal Contract Tower,16,9,23,0,48,0,0,7,0,7,16,9,30,0,55,6,6,12,67
08/30/2017,ECP,FL,ASO,ES,Federal Contract Tower,17,17,18,21,73,0,0,13,5,18,17,17,31,26,91,6,12,18,109
08/31/2017,ECP,FL,ASO,ES,Federal Contract Tower,20,19,31,8,78,0,0,10,0,10,20,19,41,8,88,18,12,30,118
09/01/2017,ECP,FL,ASO,ES,Federal Contract Tower,19,34,91,0,144,0,0,29,8,37,19,34,120,8,181,40,14,54,235
09/02/2017,ECP,FL,ASO,ES,Federal Contract Tower,20,5,43,0,68,0,0,36,0,36,20,5,79,0,104,92,0,92,196
09/03/2017,ECP,FL,ASO,ES,Federal Contract Tower,18,6,27,3,54,0,0,34,0,34,18,6,61,3,88,66,2,68,156
09/04/2017,ECP,FL,ASO,ES,Federal Contract Tower,16,23,92,0,131,0,1,52,1,54,16,24,144,1,185,52,0,52,237
09/05/2017,ECP,FL,ASO,ES,Federal Contract Tower,23,23,50,59,155,0,2,21,8,31,23,25,71,67,186,28,111,139,325
09/06/2017,ECP,FL,ASO,ES,Federal Contract Tower,23,13,33,18,87,0,0,25,0,25,23,13,58,18,112,18,0,18,130
09/07/2017,ECP,FL,ASO,ES,Federal Contract Tower,23,19,35,10,87,0,2,43,8,53,23,21,78,18,140,22,54,76,216
09/08/2017,ECP,FL,ASO,ES,Federal Contract Tower,23,12,69,6,110,0,0,60,2,62,23,12,129,8,172,10,12,22,194
09/09/2017,ECP,FL,ASO,ES,Federal Contract Tower,28,8,28,0,64,0,1,34,0,35,28,9,62,0,99,16,0,16,115
09/10/2017,ECP,FL,ASO,ES,Federal Contract Tower,12,3,32,1,48,0,0,20,0,20,12,3,52,1,68,0,0,0,68
09/11/2017,ECP,FL,ASO,ES,Federal Contract Tower,0,0,1,0,1,0,0,1,0,1,0,0,2,0,2,0,0,0,2
09/12/2017,ECP,FL,ASO,ES,Federal Contract Tower,19,10,38,3,70,0,0,41,2,43,19,10,79,5,113,27,4,31,144
09/13/2017,ECP,FL,ASO,ES,Federal Contract Tower,23,11,21,16,71,0,0,34,6,40,23,11,55,22,111,24,32,56,167
09/14/2017,ECP,FL,ASO,ES,Federal Contract Tower,20,10,34,25,89,0,0,30,6,36,20,10,64,31,125,36,89,125,250
09/15/2017,ECP,FL,ASO,ES,Federal Contract Tower,19,16,42,9,86,0,0,18,0,18,19,16,60,9,104,36,0,36,140
09/16/2017,ECP,FL,ASO,ES,Federal Contract Tower,25,6,36,2,69,0,0,51,0,51,25,6,87,2,120,50,0,50,170
09/17/2017,ECP,FL,ASO,ES,Federal Contract Tower,23,6,42,0,71,0,0,28,0,28,23,6,70,0,99,44,0,44,143
09/18/2017,ECP,FL,ASO,ES,Federal Contract Tower,21,9,24,12,66,0,1,31,1,33,21,10,55,13,99,26,94,120,219
09/19/2017,ECP,FL,ASO,ES,Federal Contract Tower,25,13,31,20,89,0,0,25,8,33,25,13,56,28,122,18,80,98,220
09/20/2017,ECP,FL,ASO,ES,Federal Contract Tower,24,8,38,39,109,0,0,51,2,53,24,8,89,41,162,70,88,158,320
09/21/2017,ECP,FL,ASO,ES,Federal Contract Tower,22,14,36,22,94,0,0,29,3,32,22,14,65,25,126,36,44,80,206
09/22/2017,ECP,FL,ASO,ES,Federal Contract Tower,20,19,46,19,104,0,0,42,4,46,20,19,88,23,150,60,34,94,244
09/23/2017,ECP,FL,ASO,ES,Federal Contract Tower,24,11,31,2,68,0,3,51,1,55,24,14,82,3,123,37,0,37,160
09/25/2017,ECP,FL,ASO,ES,Federal Contract Tower,20,22,27,11,80,0,2,33,2,37,20,24,60,13,117,46,54,100,217
09/26/2017,ECP,FL,ASO,ES,Federal Contract Tower,21,30,24,16,91,0,0,39,4,43,21,30,63,20,134,36,36,72,206
09/27/2017,ECP,FL,ASO,ES,Federal Contract Tower,23,9,38,30,100,0,0,39,2,41,23,9,77,32,141,50,0,50,191
09/28/2017,ECP,FL,ASO,ES,Federal Contract Tower,23,12,42,8,85,0,0,52,0,52,23,12,94,8,137,86,4,90,227
09/29/2017,ECP,FL,ASO,ES,Federal Contract Tower,20,24,71,6,121,0,0,62,0,62,20,24,133,6,183,32,2,34,217
09/30/2017,ECP,FL,ASO,ES,Federal Contract Tower,25,10,30,0,65,0,2,38,0,40,25,12,68,0,105,34,0,34,139
10/01/2017,ECP,FL,ASO,ES,Federal Contract Tower,22,14,85,4,125,0,2,35,0,37,22,16,120,4,162,2,0,2,164
10/02/2017,ECP,FL,ASO,ES,Federal Contract Tower,18,15,27,32,92,0,1,15,0,16,18,16,42,32,108,0,12,12,120
10/03/2017,ECP,FL,ASO,ES,Federal Contract Tower,19,16,39,50,124,0,2,34,14,50,19,18,73,64,174,32,70,102,276
10/04/2017,ECP,FL,ASO,ES,Federal Contract Tower,20,9,62,5,96,0,0,27,6,33,20,9,89,11,129,48,52,100,229
10/05/2017,ECP,FL,ASO,ES,Federal Contract Tower,20,16,57,14,107,0,0,47,2,49,20,16,104,16,156,26,6,32,188
10/06/2017,ECP,FL,ASO,ES,Federal Contract Tower,19,21,54,14,108,0,0,39,0,39,19,21,93,14,147,50,0,50,197
10/07/2017,ECP,FL,ASO,ES,Federal Contract Tower,22,12,57,0,91,0,2,7,0,9,22,14,64,0,100,8,0,8,108
10/09/2017,ECP,FL,ASO,ES,Federal Contract Tower,21,22,37,0,80,0,1,14,0,15,21,23,51,0,95,12,0,12,107
10/10/2017,ECP,FL,ASO,ES,Federal Contract Tower,18,16,34,12,80,0,2,22,2,26,18,18,56,14,106,18,6,24,130
10/11/2017,ECP,FL,ASO,ES,Federal Contract Tower,20,15,35,9,79,0,2,28,5,35,20,17,63,14,114,12,46,58,172
10/12/2017,ECP,FL,ASO,ES,Federal Contract Tower,22,12,52,23,109,0,2,21,3,26,22,14,73,26,135,18,56,74,209
10/13/2017,ECP,FL,ASO,ES,Federal Contract Tower,25,17,72,9,123,0,2,51,8,61,25,19,123,17,184,34,14,48,232
10/14/2017,ECP,FL,ASO,ES,Federal Contract Tower,25,12,39,0,76,0,2,31,0,33,25,14,70,0,109,34,0,34,143
10/15/2017,ECP,FL,ASO,ES,Federal Contract Tower,19,15,82,0,116,0,2,18,0,20,19,17,100,0,136,20,0,20,156
10/16/2017,ECP,FL,ASO,ES,Federal Contract Tower,20,14,34,19,87,0,0,6,0,6,20,14,40,19,93,2,18,20,113
10/17/2017,ECP,FL,ASO,ES,Federal Contract Tower,19,9,39,10,77,0,6,21,0,27,19,15,60,10,104,10,20,30,134
10/18/2017,ECP,FL,ASO,ES,Federal Contract Tower,21,17,31,20,89,0,7,24,9,40,21,24,55,29,129,60,74,134,263
10/19/2017,ECP,FL,ASO,ES,Federal Contract Tower,21,18,49,13,101,0,2,53,2,57,21,20,102,15,158,36,50,86,244
10/20/2017,ECP,FL,ASO,ES,Federal Contract Tower,18,15,41,10,84,0,1,49,1,51,18,16,90,11,135,40,24,64,199
10/21/2017,ECP,FL,ASO,ES,Federal Contract Tower,20,12,27,0,59,0,0,36,0,36,20,12,63,0,95,42,30,72,167
10/22/2017,ECP,FL,ASO,ES,Federal Contract Tower,18,16,64,0,98,0,0,27,0,27,18,16,91,0,125,56,0,56,181
10/23/2017,ECP,FL,ASO,ES,Federal Contract Tower,18,19,34,14,85,0,0,16,1,17,18,19,50,15,102,2,92,94,196
10/24/2017,ECP,FL,ASO,ES,Federal Contract Tower,21,14,28,6,69,0,0,35,5,40,21,14,63,11,109,44,32,76,185
10/25/2017,ECP,FL,ASO,ES,Federal Contract Tower,19,9,41,0,69,0,0,30,1,31,19,9,71,1,100,26,28,54,154
10/26/2017,ECP,FL,ASO,ES,Federal Contract Tower,20,8,52,32,112,0,5,46,5,56,20,13,98,37,168,50,40,90,258
10/27/2017,ECP,FL,ASO,ES,Federal Contract Tower,18,13,37,24,92,0,2,43,0,45,18,15,80,24,137,20,18,38,175
10/28/2017,ECP,FL,ASO,ES,Federal Contract Tower,19,7,20,0,46,0,0,11,0,11,19,7,31,0,57,12,0,12,69
10/29/2017,ECP,FL,ASO,ES,Federal Contract Tower,20,19,55,0,94,0,0,28,0,28,20,19,83,0,122,0,0,0,122
10/30/2017,ECP,FL,ASO,ES,Federal Contract Tower,18,15,33,2,68,0,0,33,0,33,18,15,66,2,101,58,32,90,191
10/31/2017,ECP,FL,ASO,ES,Federal Contract Tower,15,8,18,5,46,0,2,30,4,36,15,10,48,9,82,56,20,76,158
11/01/2017,ECP,FL,ASO,ES,Federal Contract Tower,19,6,43,29,97,0,2,18,7,27,19,8,61,36,124,10,56,66,190
11/02/2017,ECP,FL,ASO,ES,Federal Contract Tower,20,13,43,38,114,0,2,42,3,47,20,15,85,41,161,30,40,70,231
11/03/2017,ECP,FL,ASO,ES,Federal Contract Tower,20,14,38,21,93,0,4,45,8,57,20,18,83,29,150,20,84,104,254
11/04/2017,ECP,FL,ASO,ES,Federal Contract Tower,23,6,27,14,70,0,0,45,0,45,23,6,72,14,115,44,0,44,159
11/05/2017,ECP,FL,ASO,ES,Federal Contract Tower,20,15,40,4,79,0,0,56,0,56,20,15,96,4,135,82,0,82,217
11/06/2017,ECP,FL,ASO,ES,Federal Contract Tower,18,9,24,40,91,0,0,23,0,23,18,9,47,40,114,36,72,108,222
11/07/2017,ECP,FL,ASO,ES,Federal Contract Tower,19,8,20,25,72,0,0,19,8,27,19,8,39,33,99,32,66,98,197
11/08/2017,ECP,FL,ASO,ES,Federal Contract Tower,22,4,42,39,107,0,0,21,5,26,22,4,63,44,133,34,88,122,255
11/09/2017,ECP,FL,ASO,ES,Federal Contract Tower,21,10,61,23,115,0,0,2,2,4,21,10,63,25,119,0,0,0,119
11/10/2017,ECP,FL,ASO,ES,Federal Contract Tower,20,10,44,0,74,0,1,33,3,37,20,11,77,3,111,10,0,10,121
11/11/2017,ECP,FL,ASO,ES,Federal Contract Tower,19,9,31,2,61,0,6,35,0,41,19,15,66,2,102,20,0,20,122
11/12/2017,ECP,FL,ASO,ES,Federal Contract Tower,21,10,49,0,80,0,0,32,0,32,21,10,81,0,112,42,4,46,158
11/13/2017,ECP,FL,ASO,ES,Federal Contract Tower,19,18,24,18,79,0,0,26,0,26,19,18,50,18,105,28,84,112,217
11/14/2017,ECP,FL,ASO,ES,Federal Contract Tower,18,17,25,26,86,0,0,24,2,26,18,17,49,28,112,28,50,78,190
11/15/2017,ECP,FL,ASO,ES,Federal Contract Tower,20,10,38,35,103,0,3,32,7,42,20,13,70,42,145,59,70,129,274
11/16/2017,ECP,FL,ASO,ES,Federal Contract Tower,20,13,27,31,91,0,0,38,6,44,20,13,65,37,135,61,78,139,274
11/17/2017,ECP,FL,ASO,ES,Federal Contract Tower,23,16,45,20,104,0,1,45,4,50,23,17,90,24,154,30,64,94,248
11/18/2017,ECP,FL,ASO,ES,Federal Contract Tower,22,13,37,0,72,0,2,45,0,47,22,15,82,0,119,40,0,40,159
11/19/2017,ECP,FL,ASO,ES,Federal Contract Tower,18,6,55,2,81,0,0,31,1,32,18,6,86,3,113,32,32,64,177
11/20/2017,ECP,FL,ASO,ES,Federal Contract Tower,16,6,33,16,71,0,0,23,0,23,16,6,56,16,94,28,48,76,170
11/21/2017,ECP,FL,ASO,ES,Federal Contract Tower,20,20,66,8,114,0,0,22,3,25,20,20,88,11,139,36,14,50,189
11/22/2017,ECP,FL,ASO,ES,Federal Contract Tower,22,21,67,0,110,0,0,11,0,11,22,21,78,0,121,0,0,0,121
11/23/2017,ECP,FL,ASO,ES,Federal Contract Tower,11,2,12,0,25,0,2,16,0,18,11,4,28,0,43,26,0,26,69
11/24/2017,ECP,FL,ASO,ES,Federal Contract Tower,15,12,40,0,67,0,2,49,0,51,15,14,89,0,118,18,0,18,136
11/25/2017,ECP,FL,ASO,ES,Federal Contract Tower,23,22,33,0,78,0,0,26,0,26,23,22,59,0,104,6,0,6,110
11/26/2017,ECP,FL,ASO,ES,Federal Contract Tower,21,23,103,0,147,0,4,49,0,53,21,27,152,0,200,10,0,10,210
11/27/2017,ECP,FL,ASO,ES,Federal Contract Tower,24,14,17,9,64,0,0,26,0,26,24,14,43,9,90,12,68,80,170
11/28/2017,ECP,FL,ASO,ES,Federal Contract Tower,17,13,21,38,89,0,0,15,12,27,17,13,36,50,116,16,22,38,154
11/29/2017,ECP,FL,ASO,ES,Federal Contract Tower,19,7,18,26,70,0,0,16,5,21,19,7,34,31,91,12,118,130,221
11/30/2017,ECP,FL,ASO,ES,Federal Contract Tower,21,8,33,24,86,0,0,35,0,35,21,8,68,24,121,75,74,149,270
12/01/2017,ECP,FL,ASO,ES,Federal Contract Tower,20,10,42,26,98,0,2,13,0,15,20,12,55,26,113,6,18,24,137
12/02/2017,ECP,FL,ASO,ES,Federal Contract Tower,13,6,21,6,46,0,2,8,1,11,13,8,29,7,57,4,24,28,85
12/03/2017,ECP,FL,ASO,ES,Federal Contract Tower,13,7,30,5,55,0,0,18,1,19,13,7,48,6,74,48,2,50,124
12/04/2017,ECP,FL,ASO,ES,Federal Contract Tower,16,6,42,46,110,0,0,10,0,10,16,6,52,46,120,0,16,16,136
12/05/2017,ECP,FL,ASO,ES,Federal Contract Tower,15,6,28,52,101,0,0,8,3,11,15,6,36,55,112,14,28,42,154
12/06/2017,ECP,FL,ASO,ES,Federal Contract Tower,21,9,38,9,77,0,0,1,1,2,21,9,39,10,79,0,0,0,79
12/07/2017,ECP,FL,ASO,ES,Federal Contract Tower,19,9,16,4,48,0,0,4,1,5,19,9,20,5,53,28,50,78,131
12/08/2017,ECP,FL,ASO,ES,Federal Contract Tower,15,11,13,1,40,0,0,0,0,0,15,11,13,1,40,0,0,0,40
12/09/2017,ECP,FL,ASO,ES,Federal Contract Tower,15,9,28,0,52,0,2,19,2,23,15,11,47,2,75,12,4,16,91
12/10/2017,ECP,FL,ASO,ES,Federal Contract Tower,11,5,28,0,44,0,0,32,0,32,11,5,60,0,76,36,0,36,112
12/11/2017,ECP,FL,ASO,ES,Federal Contract Tower,17,6,20,12,55,0,0,22,1,23,17,6,42,13,78,4,34,38,116
12/12/2017,ECP,FL,ASO,ES,Federal Contract Tower,18,6,23,46,93,0,2,28,8,38,18,8,51,54,131,38,90,128,259
12/13/2017,ECP,FL,ASO,ES,Federal Contract Tower,20,4,29,33,86,0,2,28,13,43,20,6,57,46,129,18,84,102,231
12/14/2017,ECP,FL,ASO,ES,Federal Contract Tower,18,9,30,21,78,0,0,30,7,37,18,9,60,28,115,12,23,35,150
12/15/2017,ECP,FL,ASO,ES,Federal Contract Tower,20,18,29,17,84,0,0,23,0,23,20,18,52,17,107,24,6,30,137
12/16/2017,ECP,FL,ASO,ES,Federal Contract Tower,18,6,18,0,42,0,0,32,0,32,18,6,50,0,74,34,0,34,108
12/17/2017,ECP,FL,ASO,ES,Federal Contract Tower,9,10,20,4,43,0,0,15,0,15,9,10,35,4,58,2,0,2,60
12/18/2017,ECP,FL,ASO,ES,Federal Contract Tower,7,9,26,30,72,0,0,2,0,2,7,9,28,30,74,0,16,16,90
12/19/2017,ECP,FL,ASO,ES,Federal Contract Tower,20,5,24,66,115,0,0,4,0,4,20,5,28,66,119,24,10,34,153
12/20/2017,ECP,FL,ASO,ES,Federal Contract Tower,19,14,23,48,104,0,0,0,0,0,19,14,23,48,104,0,0,0,104
12/21/2017,ECP,FL,ASO,ES,Federal Contract Tower,23,14,22,12,71,0,0,25,9,34,23,14,47,21,105,38,40,78,183
12/22/2017,ECP,FL,ASO,ES,Federal Contract Tower,15,16,25,12,68,0,0,18,2,20,15,16,43,14,88,4,10,14,102
12/23/2017,ECP,FL,ASO,ES,Federal Contract Tower,22,14,14,0,50,0,2,3,0,5,22,16,17,0,55,0,0,0,55
12/24/2017,ECP,FL,ASO,ES,Federal Contract Tower,13,4,8,2,27,0,2,3,0,5,13,6,11,2,32,0,0,0,32
12/25/2017,ECP,FL,ASO,ES,Federal Contract Tower,8,12,5,0,25,0,2,1,0,3,8,14,6,0,28,10,0,10,38
12/26/2017,ECP,FL,ASO,ES,Federal Contract Tower,18,21,49,2,90,0,2,40,0,42,18,23,89,2,132,48,0,48,180
12/27/2017,ECP,FL,ASO,ES,Federal Contract Tower,19,18,59,4,100,0,0,2,0,2,19,18,61,4,102,6,0,6,108
12/28/2017,ECP,FL,ASO,ES,Federal Contract Tower,20,17,42,0,79,0,0,0,0,0,20,17,42,0,79,0,0,0,79
12/29/2017,ECP,FL,ASO,ES,Federal Contract Tower,14,16,50,0,80,0,0,32,4,36,14,16,82,4,116,70,10,80,196
12/30/2017,ECP,FL,ASO,ES,Federal Contract Tower,20,12,50,0,82,0,2,51,0,53,20,14,101,0,135,64,0,64,199
12/31/2017,ECP,FL,ASO,ES,Federal Contract Tower,10,4,20,0,34,0,0,6,0,6,10,4,26,0,40,0,0,0,40
01/01/2018,ECP,FL,ASO,ES,Federal Contract Tower,14,13,37,0,64,0,0,12,0,12,14,13,49,0,76,0,0,0,76
01/02/2018,ECP,FL,ASO,ES,Federal Contract Tower,21,28,63,2,114,0,0,23,0,23,21,28,86,2,137,12,0,12,149
01/03/2018,ECP,FL,ASO,ES,Federal Contract Tower,19,12,40,17,88,0,0,21,6,27,19,12,61,23,115,22,52,74,189
01/04/2018,ECP,FL,ASO,ES,Federal Contract Tower,17,10,24,8,59,0,2,21,15,38,17,12,45,23,97,34,76,110,207
01/05/2018,ECP,FL,ASO,ES,Federal Contract Tower,16,13,29,3,61,0,5,24,5,34,16,18,53,8,95,24,30,54,149
01/06/2018,ECP,FL,ASO,ES,Federal Contract Tower,18,3,24,0,45,0,0,32,1,33,18,3,56,1,78,60,2,62,140
01/07/2018,ECP,FL,ASO,ES,Federal Contract Tower,17,3,14,4,38,0,0,22,3,25,17,3,36,7,63,22,24,46,109
01/08/2018,ECP,FL,ASO,ES,Federal Contract Tower,18,8,11,18,55,0,0,0,2,2,18,8,11,20,57,0,36,36,93
01/09/2018,ECP,FL,ASO,ES,Federal Contract Tower,17,10,17,45,89,0,0,0,4,4,17,10,17,49,93,0,38,38,131
01/10/2018,ECP,FL,ASO,ES,Federal Contract Tower,19,8,23,15,65,0,2,1,0,3,19,10,24,15,68,0,14,14,82
01/11/2018,ECP,FL,ASO,ES,Federal Contract Tower,13,23,45,24,105,0,5,4,0,9,13,28,49,24,114,0,0,0,114
01/12/2018,ECP,FL,ASO,ES,Federal Contract Tower,15,14,43,14,86,0,19,8,0,27,15,33,51,14,113,20,10,30,143
01/13/2018,ECP,FL,ASO,ES,Federal Contract Tower,14,5,23,0,42,0,33,29,0,62,14,38,52,0,104,34,0,34,138
01/14/2018,ECP,FL,ASO,ES,Federal Contract Tower,18,6,24,0,48,0,3,31,0,34,18,9,55,0,82,28,10,38,120
01/15/2018,ECP,FL,ASO,ES,Federal Contract Tower,18,15,40,0,73,0,0,29,0,29,18,15,69,0,102,40,0,40,142
01/16/2018,ECP,FL,ASO,ES,Federal Contract Tower,12,13,23,39,87,0,2,18,4,24,12,15,41,43,111,24,76,100,211
01/17/2018,ECP,FL,ASO,ES,Federal Contract Tower,10,4,11,7,32,0,0,4,2,6,10,4,15,9,38,0,6,6,44
01/18/2018,ECP,FL,ASO,ES,Federal Contract Tower,22,10,21,26,79,0,0,25,4,29,22,10,46,30,108,14,62,76,184
01/19/2018,ECP,FL,ASO,ES,Federal Contract Tower,19,9,22,9,59,0,4,38,9,51,19,13,60,18,110,12,28,40,150
01/20/2018,ECP,FL,ASO,ES,Federal Contract Tower,17,3,10,0,30,0,5,45,0,50,17,8,55,0,80,30,0,30,110
01/21/2018,ECP,FL,ASO,ES,Federal Contract Tower,19,3,36,5,63,0,0,41,0,41,19,3,77,5,104,50,2,52,156
01/22/2018,ECP,FL,ASO,ES,Federal Contract Tower,19,5,16,35,75,0,0,0,0,0,19,5,16,35,75,0,0,0,75
01/23/2018,ECP,FL,ASO,ES,Federal Contract Tower,21,15,29,30,95,0,3,22,9,34,21,18,51,39,129,44,174,218,347
01/24/2018,ECP,FL,ASO,ES,Federal Contract Tower,21,5,14,16,56,0,2,12,11,25,21,7,26,27,81,17,92,109,190
01/25/2018,ECP,FL,ASO,ES,Federal Contract Tower,20,10,29,9,68,0,1,26,4,31,20,11,55,13,99,18,26,44,143
01/26/2018,ECP,FL,ASO,ES,Federal Contract Tower,19,13,31,21,84,0,2,29,7,38,19,15,60,28,122,32,44,76,198
01/27/2018,ECP,FL,ASO,ES,Federal Contract Tower,17,1,11,1,30,0,0,19,0,19,17,1,30,1,49,6,12,18,67
01/28/2018,ECP,FL,ASO,ES,Federal Contract Tower,19,3,13,2,37,0,0,0,0,0,19,3,13,2,37,0,0,0,37
01/29/2018,ECP,FL,ASO,ES,Federal Contract Tower,17,7,34,17,75,0,0,13,0,13,17,7,47,17,88,20,26,46,134
01/30/2018,ECP,FL,ASO,ES,Federal Contract Tower,22,5,27,11,65,0,0,28,6,34,22,5,55,17,99,9,67,76,175
01/31/2018,ECP,FL,ASO,ES,Federal Contract Tower,19,5,21,34,79,0,0,50,13,63,19,5,71,47,142,26,100,126,268
02/01/2018,ECP,FL,ASO,ES,Federal Contract Tower,20,6,35,18,79,0,0,16,6,22,20,6,51,24,101,18,32,50,151
02/02/2018,ECP,FL,ASO,ES,Federal Contract Tower,19,11,23,4,57,0,3,22,1,26,19,14,45,5,83,4,2,6,89
02/03/2018,ECP,FL,ASO,ES,Federal Contract Tower,15,7,20,11,53,0,2,37,8,47,15,9,57,19,100,48,12,60,160
02/04/2018,ECP,FL,ASO,ES,Federal Contract Tower,14,1,13,0,28,0,0,0,0,0,14,1,13,0,28,0,0,0,28
02/05/2018,ECP,FL,ASO,ES,Federal Contract Tower,18,6,26,31,81,0,3,16,6,25,18,9,42,37,106,28,110,138,244
02/06/2018,ECP,FL,ASO,ES,Federal Contract Tower,20,12,25,24,81,0,0,15,11,26,20,12,40,35,107,2,68,70,177
02/07/2018,ECP,FL,ASO,ES,Federal Contract Tower,18,5,31,12,66,0,0,0,0,0,18,5,31,12,66,0,0,0,66
02/08/2018,ECP,FL,ASO,ES,Federal Contract Tower,20,10,33,32,95,0,0,28,18,46,20,10,61,50,141,10,68,78,219
02/09/2018,ECP,FL,ASO,ES,Federal Contract Tower,17,16,42,9,84,0,0,8,2,10,17,16,50,11,94,6,18,24,118
02/10/2018,ECP,FL,ASO,ES,Federal Contract Tower,17,6,13,6,42,0,0,3,0,3,17,6,16,6,45,0,0,0,45
02/11/2018,ECP,FL,ASO,ES,Federal Contract Tower,19,5,9,0,33,0,0,0,0,0,19,5,9,0,33,0,0,0,33
02/12/2018,ECP,FL,ASO,ES,Federal Contract Tower,19,14,39,14,86,1,0,0,0,1,20,14,39,14,87,0,0,0,87
02/13/2018,ECP,FL,ASO,ES,Federal Contract Tower,19,7,20,19,65,0,0,9,3,12,19,7,29,22,77,14,8,22,99
02/14/2018,ECP,FL,ASO,ES,Federal Contract Tower,18,14,29,42,103,0,0,4,1,5,18,14,33,43,108,0,20,20,128
02/15/2018,ECP,FL,ASO,ES,Federal Contract Tower,19,20,39,32,110,0,0,5,2,7,19,20,44,34,117,4,14,18,135
02/16/2018,ECP,FL,ASO,ES,Federal Contract Tower,19,20,64,2,105,0,2,26,6,34,19,22,90,8,139,6,0,6,145
02/17/2018,ECP,FL,ASO,ES,Federal Contract Tower,22,9,47,0,78,0,0,20,0,20,22,9,67,0,98,0,0,0,98
02/18/2018,ECP,FL,ASO,ES,Federal Contract Tower,17,13,51,0,81,0,0,23,0,23,17,13,74,0,104,26,0,26,130
02/19/2018,ECP,FL,ASO,ES,Federal Contract Tower,24,21,45,2,92,0,0,27,0,27,24,21,72,2,119,38,0,38,157
02/20/2018,ECP,FL,ASO,ES,Federal Contract Tower,19,10,44,55,128,0,1,12,3,16,19,11,56,58,144,2,44,46,190
02/21/2018,ECP,FL,ASO,ES,Federal Contract Tower,20,11,41,44,116,0,2,15,8,25,20,13,56,52,141,6,96,102,243
02/22/2018,ECP,FL,ASO,ES,Federal Contract Tower,21,15,58,49,143,0,2,23,14,39,21,17,81,63,182,6,80,86,268
02/23/2018,ECP,FL,ASO,ES,Federal Contract Tower,17,16,45,32,110,0,1,12,12,25,17,17,57,44,135,6,76,82,217
02/24/2018,ECP,FL,ASO,ES,Federal Contract Tower,16,11,14,5,46,0,0,27,1,28,16,11,41,6,74,48,10,58,132
02/25/2018,ECP,FL,ASO,ES,Federal Contract Tower,23,17,48,12,100,0,0,15,0,15,23,17,63,12,115,36,18,54,169
02/26/2018,ECP,FL,ASO,ES,Federal Contract Tower,18,19,27,26,90,0,0,6,0,6,18,19,33,26,96,0,52,52,148
02/27/2018,ECP,FL,ASO,ES,Federal Contract Tower,19,8,23,6,56,0,0,22,2,24,19,8,45,8,80,30,24,54,134
02/28/2018,ECP,FL,ASO,ES,Federal Contract Tower,19,12,25,30,86,0,0,17,3,20,19,12,42,33,106,6,18,24,130
03/01/2018,ECP,FL,ASO,ES,Federal Contract Tower,22,9,35,27,93,0,0,13,2,15,22,9,48,29,108,2,6,8,116
03/02/2018,ECP,FL,ASO,ES,Federal Contract Tower,19,12,55,7,93,0,0,52,3,55,19,12,107,10,148,28,10,38,186
03/03/2018,ECP,FL,ASO,ES,Federal Contract Tower,18,8,18,0,44,0,9,41,0,50,18,17,59,0,94,58,0,58,152
03/04/2018,ECP,FL,ASO,ES,Federal Contract Tower,21,14,46,0,81,0,2,69,0,71,21,16,115,0,152,74,12,86,238
03/05/2018,ECP,FL,ASO,ES,Federal Contract Tower,22,16,33,22,93,0,1,30,1,32,22,17,63,23,125,14,66,80,205
03/06/2018,ECP,FL,ASO,ES,Federal Contract Tower,21,7,25,13,66,0,0,13,7,20,21,7,38,20,86,4,18,22,108
03/07/2018,ECP,FL,ASO,ES,Federal Contract Tower,22,8,39,20,89,0,2,35,0,37,22,10,74,20,126,42,14,56,182
03/08/2018,ECP,FL,ASO,ES,Federal Contract Tower,28,14,23,18,83,0,0,50,8,58,28,14,73,26,141,24,60,84,225
03/09/2018,ECP,FL,ASO,ES,Federal Contract Tower,28,19,63,17,127,0,0,71,1,72,28,19,134,18,199,58,32,90,289
03/10/2018,ECP,FL,ASO,ES,Federal Contract Tower,30,16,53,2,101,0,0,41,1,42,30,16,94,3,143,74,0,74,217
03/11/2018,ECP,FL,ASO,ES,Federal Contract Tower,28,18,33,2,81,0,0,7,0,7,28,18,40,2,88,18,0,18,106
03/12/2018,ECP,FL,ASO,ES,Federal Contract Tower,24,14,38,34,110,0,0,28,0,28,24,14,66,34,138,14,68,82,220
03/13/2018,ECP,FL,ASO,ES,Federal Contract Tower,27,9,37,10,83,0,2,37,8,47,27,11,74,18,130,30,16,46,176
03/14/2018,ECP,FL,ASO,ES,Federal Contract Tower,27,3,40,14,84,0,0,48,15,63,27,3,88,29,147,58,82,140,287
03/15/2018,ECP,FL,ASO,ES,Federal Contract Tower,27,12,70,4,113,0,0,47,2,49,27,12,117,6,162,28,12,40,202
03/16/2018,ECP,FL,ASO,ES,Federal Contract Tower,26,15,58,18,117,0,0,45,1,46,26,15,103,19,163,40,46,86,249
03/17/2018,ECP,FL,ASO,ES,Federal Contract Tower,30,21,67,0,118,0,2,71,6,79,30,23,138,6,197,72,2,74,271
03/18/2018,ECP,FL,ASO,ES,Federal Contract Tower,27,24,89,4,144,0,0,24,0,24,27,24,113,4,168,22,0,22,190
03/19/2018,ECP,FL,ASO,ES,Federal Contract Tower,24,11,22,2,59,1,1,2,0,4,25,12,24,2,63,0,18,18,81
03/20/2018,ECP,FL,ASO,ES,Federal Contract Tower,30,9,44,9,92,0,0,33,0,33,30,9,77,9,125,28,8,36,161
03/21/2018,ECP,FL,ASO,ES,Federal Contract Tower,30,18,26,12,86,0,0,33,4,37,30,18,59,16,123,20,34,54,177
03/22/2018,ECP,FL,ASO,ES,Federal Contract Tower,27,24,43,30,124,0,2,45,10,57,27,26,88,40,181,44,63,107,288
03/23/2018,ECP,FL,ASO,ES,Federal Contract Tower,24,18,78,35,155,0,0,40,1,41,24,18,118,36,196,46,78,124,320
03/24/2018,ECP,FL,ASO,ES,Federal Contract Tower,36,20,44,2,102,0,0,75,0,75,36,20,119,2,177,96,2,98,275
03/26/2018,ECP,FL,ASO,ES,Federal Contract Tower,22,23,36,54,135,0,0,5,0,5,22,23,41,54,140,2,12,14,154
03/27/2018,ECP,FL,ASO,ES,Federal Contract Tower,29,16,38,42,125,0,0,20,8,28,29,16,58,50,153,28,50,78,231
03/28/2018,ECP,FL,ASO,ES,Federal Contract Tower,29,20,47,36,132,0,0,29,15,44,29,20,76,51,176,50,74,124,300
03/29/2018,ECP,FL,ASO,ES,Federal Contract Tower,27,27,57,34,145,0,0,22,6,28,27,27,79,40,173,52,6,58,231
03/30/2018,ECP,FL,ASO,ES,Federal Contract Tower,26,31,69,7,133,0,0,22,3,25,26,31,91,10,158,42,0,42,200
03/31/2018,ECP,FL,ASO,ES,Federal Contract Tower,38,15,71,0,124,0,0,73,0,73,38,15,144,0,197,78,0,78,275
04/01/2018,ECP,FL,ASO,ES,Federal Contract Tower,28,23,50,0,101,0,1,34,0,35,28,24,84,0,136,40,0,40,176
04/02/2018,ECP,FL,ASO,ES,Federal Contract Tower,24,35,62,21,142,0,0,29,0,29,24,35,91,21,171,34,60,94,265
04/03/2018,ECP,FL,ASO,ES,Federal Contract Tower,27,15,46,31,119,0,1,20,0,21,27,16,66,31,140,4,40,44,184
04/04/2018,ECP,FL,ASO,ES,Federal Contract Tower,27,15,32,2,76,0,0,12,1,13,27,15,44,3,89,32,4,36,125
04/05/2018,ECP,FL,ASO,ES,Federal Contract Tower,28,12,49,20,109,0,1,47,2,50,28,13,96,22,159,36,6,42,201
04/06/2018,ECP,FL,ASO,ES,Federal Contract Tower,28,25,56,24,133,0,0,30,4,34,28,25,86,28,167,32,12,44,211
04/07/2018,ECP,FL,ASO,ES,Federal Contract Tower,29,15,28,0,72,0,0,3,0,3,29,15,31,0,75,4,0,4,79
04/09/2018,ECP,FL,ASO,ES,Federal Contract Tower,25,24,40,36,125,0,0,5,0,5,25,24,45,36,130,16,0,16,146
04/10/2018,ECP,FL,ASO,ES,Federal Contract Tower,28,18,21,17,84,0,0,15,6,21,28,18,36,23,105,0,38,38,143
04/11/2018,ECP,FL,ASO,ES,Federal Contract Tower,26,8,58,28,120,0,1,41,7,49,26,9,99,35,169,8,76,84,253
04/12/2018,ECP,FL,ASO,ES,Federal Contract Tower,27,17,59,12,115,0,0,50,6,56,27,17,109,18,171,44,32,76,247
04/13/2018,ECP,FL,ASO,ES,Federal Contract Tower,27,11,47,19,104,0,2,38,4,44,27,13,85,23,148,44,10,54,202
04/14/2018,ECP,FL,ASO,ES,Federal Contract Tower,36,3,17,0,56,0,2,15,0,17,36,5,32,0,73,34,0,34,107
04/15/2018,ECP,FL,ASO,ES,Federal Contract Tower,38,9,52,0,99,0,0,16,0,16,38,9,68,0,115,14,10,24,139
04/16/2018,ECP,FL,ASO,ES,Federal Contract Tower,27,7,47,21,102,0,0,29,8,37,27,7,76,29,139,8,36,44,183
04/17/2018,ECP,FL,ASO,ES,Federal Contract Tower,28,7,32,15,82,0,1,30,0,31,28,8,62,15,113,20,46,66,179
04/18/2018,ECP,FL,ASO,ES,Federal Contract Tower,28,9,43,11,91,0,3,33,1,37,28,12,76,12,128,20,12,32,160
04/19/2018,ECP,FL,ASO,ES,Federal Contract Tower,28,11,42,18,99,0,2,29,0,31,28,13,71,18,130,8,0,8,138
04/20/2018,ECP,FL,ASO,ES,Federal Contract Tower,27,19,53,16,115,1,1,41,0,43,28,20,94,16,158,46,14,60,218
04/21/2018,ECP,FL,ASO,ES,Federal Contract Tower,33,8,40,0,81,0,0,16,2,18,33,8,56,2,99,64,16,80,179
04/22/2018,ECP,FL,ASO,ES,Federal Contract Tower,31,15,58,0,104,0,0,8,0,8,31,15,66,0,112,14,0,14,126
04/24/2018,ECP,FL,ASO,ES,Federal Contract Tower,27,14,39,23,103,0,0,16,4,20,27,14,55,27,123,4,28,32,155
04/25/2018,ECP,FL,ASO,ES,Federal Contract Tower,28,14,49,3,94,0,4,24,1,29,28,18,73,4,123,24,10,34,157
04/26/2018,ECP,FL,ASO,ES,Federal Contract Tower,26,39,58,36,159,0,7,14,3,24,26,46,72,39,183,8,26,34,217
04/27/2018,ECP,FL,ASO,ES,Federal Contract Tower,27,15,57,6,105,0,0,39,2,41,27,15,96,8,146,18,34,52,198
04/28/2018,ECP,FL,ASO,ES,Federal Contract Tower,36,11,28,0,75,0,0,60,0,60,36,11,88,0,135,78,0,78,213
04/29/2018,ECP,FL,ASO,ES,Federal Contract Tower,30,17,56,0,103,0,0,64,0,64,30,17,120,0,167,74,0,74,241
04/30/2018,ECP,FL,ASO,ES,Federal Contract Tower,25,15,48,28,116,0,0,28,0,28,25,15,76,28,144,32,56,88,232
05/01/2018,ECP,FL,ASO,ES,Federal Contract Tower,27,16,31,53,127,0,0,29,6,35,27,16,60,59,162,24,82,106,268
05/02/2018,ECP,FL,ASO,ES,Federal Contract Tower,28,13,32,22,95,0,0,32,6,38,28,13,64,28,133,18,72,90,223
05/03/2018,ECP,FL,ASO,ES,Federal Contract Tower,30,24,54,30,138,0,2,48,9,59,30,26,102,39,197,8,98,106,303
05/04/2018,ECP,FL,ASO,ES,Federal Contract Tower,25,11,60,36,132,0,0,55,0,55,25,11,115,36,187,32,26,58,245
05/05/2018,ECP,FL,ASO,ES,Federal Contract Tower,33,17,35,0,85,0,0,57,0,57,33,17,92,0,142,116,18,134,276
05/06/2018,ECP,FL,ASO,ES,Federal Contract Tower,30,18,53,8,109,0,0,46,7,53,30,18,99,15,162,40,34,74,236
05/07/2018,ECP,FL,ASO,ES,Federal Contract Tower,29,11,40,19,99,0,0,31,3,34,29,11,71,22,133,18,34,52,185
05/08/2018,ECP,FL,ASO,ES,Federal Contract Tower,29,11,36,34,110,0,0,46,18,64,29,11,82,52,174,14,54,68,242
05/09/2018,ECP,FL,ASO,ES,Federal Contract Tower,30,12,61,6,109,0,0,32,9,41,30,12,93,15,150,30,18,48,198
05/10/2018,ECP,FL,ASO,ES,Federal Contract Tower,29,10,62,23,124,0,0,33,2,35,29,10,95,25,159,14,32,46,205
05/11/2018,ECP,FL,ASO,ES,Federal Contract Tower,26,13,49,24,112,0,3,37,5,45,26,16,86,29,157,46,42,88,245
05/12/2018,ECP,FL,ASO,ES,Federal Contract Tower,37,9,43,0,89,0,2,64,0,66,37,11,107,0,155,60,6,66,221
05/13/2018,ECP,FL,ASO,ES,Federal Contract Tower,31,16,60,0,107,0,0,31,0,31,31,16,91,0,138,12,0,12,150
05/14/2018,ECP,FL,ASO,ES,Federal Contract Tower,28,19,40,41,128,0,0,22,1,23,28,19,62,42,151,32,40,72,223
05/15/2018,ECP,FL,ASO,ES,Federal Contract Tower,29,11,25,5,70,0,0,8,3,11,29,11,33,8,81,0,0,0,81
05/16/2018,ECP,FL,ASO,ES,Federal Contract Tower,29,23,37,6,95,0,0,10,4,14,29,23,47,10,109,10,12,22,131
05/17/2018,ECP,FL,ASO,ES,Federal Contract Tower,29,7,48,8,92,0,0,15,2,17,29,7,63,10,109,16,38,54,163
05/18/2018,ECP,FL,ASO,ES,Federal Contract Tower,25,17,54,4,100,0,0,14,0,14,25,17,68,4,114,24,0,24,138
05/19/2018,ECP,FL,ASO,ES,Federal Contract Tower,38,10,53,2,103,0,0,58,0,58,38,10,111,2,161,64,0,64,225
05/20/2018,ECP,FL,ASO,ES,Federal Contract Tower,29,13,40,0,82,0,0,15,0,15,29,13,55,0,97,34,0,34,131
05/21/2018,ECP,FL,ASO,ES,Federal Contract Tower,26,18,47,0,91,0,0,7,0,7,26,18,54,0,98,14,0,14,112
05/22/2018,ECP,FL,ASO,ES,Federal Contract Tower,29,14,32,9,84,0,0,8,2,10,29,14,40,11,94,14,30,44,138
05/23/2018,ECP,FL,ASO,ES,Federal Contract Tower,27,20,44,7,98,0,0,16,0,16,27,20,60,7,114,30,0,30,144
05/24/2018,ECP,FL,ASO,ES,Federal Contract Tower,33,18,67,22,140,0,0,36,3,39,33,18,103,25,179,32,24,56,235
05/25/2018,ECP,FL,ASO,ES,Federal Contract Tower,27,18,75,6,126,0,2,31,0,33,27,20,106,6,159,62,0,62,221
05/26/2018,ECP,FL,ASO,ES,Federal Contract Tower,35,23,44,0,102,0,0,24,0,24,35,23,68,0,126,54,0,54,180
05/27/2018,ECP,FL,ASO,ES,Federal Contract Tower,28,14,42,0,84,0,0,8,0,8,28,14,50,0,92,14,0,14,106
05/28/2018,ECP,FL,ASO,ES,Federal Contract Tower,24,11,15,0,50,0,0,0,0,0,24,11,15,0,50,0,0,0,50
05/29/2018,ECP,FL,ASO,ES,Federal Contract Tower,29,17,40,2,88,0,2,7,0,9,29,19,47,2,97,10,0,10,107
05/30/2018,ECP,FL,ASO,ES,Federal Contract Tower,30,18,46,101,195,0,4,21,6,31,30,22,67,107,226,52,58,110,336
05/31/2018,ECP,FL,ASO,ES,Federal Contract Tower,30,14,60,79,183,0,2,51,1,54,30,16,111,80,237,38,4,42,279
06/01/2018,ECP,FL,ASO,ES,Federal Contract Tower,23,22,59,41,145,0,2,30,10,42,23,24,89,51,187,70,54,124,311
06/02/2018,ECP,FL,ASO,ES,Federal Contract Tower,39,16,74,0,129,0,0,24,0,24,39,16,98,0,153,52,0,52,205
06/03/2018,ECP,FL,ASO,ES,Federal Contract Tower,30,26,53,5,114,0,0,30,0,30,30,26,83,5,144,64,0,64,208
06/04/2018,ECP,FL,ASO,ES,Federal Contract Tower,28,16,54,49,147,0,0,35,2,37,28,16,89,51,184,40,96,136,320
06/05/2018,ECP,FL,ASO,ES,Federal Contract Tower,31,17,50,10,108,0,0,33,5,38,31,17,83,15,146,54,46,100,246
06/06/2018,ECP,FL,ASO,ES,Federal Contract Tower,30,11,42,6,89,0,3,55,2,60,30,14,97,8,149,38,48,86,235
06/07/2018,ECP,FL,ASO,ES,Federal Contract Tower,34,21,57,19,131,0,0,79,8,87,34,21,136,27,218,64,50,114,332
06/08/2018,ECP,FL,ASO,ES,Federal Contract Tower,37,28,35,6,106,0,0,53,5,58,37,28,88,11,164,52,22,74,238
06/09/2018,ECP,FL,ASO,ES,Federal Contract Tower,50,20,54,12,136,0,0,56,0,56,50,20,110,12,192,96,0,96,288
06/10/2018,ECP,FL,ASO,ES,Federal Contract Tower,40,17,80,1,138,0,0,55,1,56,40,17,135,2,194,52,0,52,246
06/11/2018,ECP,FL,ASO,ES,Federal Contract Tower,33,14,46,3,96,0,0,11,0,11,33,14,57,3,107,14,6,20,127
06/12/2018,ECP,FL,ASO,ES,Federal Contract Tower,34,11,44,6,95,0,0,26,4,30,34,11,70,10,125,84,12,96,221
06/13/2018,ECP,FL,ASO,ES,Federal Contract Tower,34,13,43,12,102,0,0,27,0,27,34,13,70,12,129,50,24,74,203
06/14/2018,ECP,FL,ASO,ES,Federal Contract Tower,33,18,40,8,99,0,2,46,4,52,33,20,86,12,151,84,32,116,267
06/15/2018,ECP,FL,ASO,ES,Federal Contract Tower,41,21,72,16,150,0,0,34,2,36,41,21,106,18,186,48,28,76,262
06/16/2018,ECP,FL,ASO,ES,Federal Contract Tower,50,22,66,0,138,0,0,38,0,38,50,22,104,0,176,102,0,102,278
06/17/2018,ECP,FL,ASO,ES,Federal Contract Tower,37,15,41,2,95,0,0,36,0,36,37,15,77,2,131,40,0,40,171
06/18/2018,ECP,FL,ASO,ES,Federal Contract Tower,30,13,57,12,112,0,1,37,0,38,30,14,94,12,150,51,34,85,235
06/19/2018,ECP,FL,ASO,ES,Federal Contract Tower,34,13,32,17,96,0,0,25,8,33,34,13,57,25,129,46,38,84,213
06/20/2018,ECP,FL,ASO,ES,Federal Contract Tower,36,23,51,19,129,0,0,30,9,39,36,23,81,28,168,22,90,112,280
06/21/2018,ECP,FL,ASO,ES,Federal Contract Tower,34,31,35,12,112,0,0,52,0,52,34,31,87,12,164,88,0,88,252
06/22/2018,ECP,FL,ASO,ES,Federal Contract Tower,32,15,64,4,115,0,6,58,8,72,32,21,122,12,187,60,20,80,267
06/23/2018,ECP,FL,ASO,ES,Federal Contract Tower,47,33,68,1,149,0,2,41,0,43,47,35,109,1,192,24,0,24,216
06/24/2018,ECP,FL,ASO,ES,Federal Contract Tower,37,16,61,0,114,0,0,49,0,49,37,16,110,0,163,50,14,64,227
06/25/2018,ECP,FL,ASO,ES,Federal Contract Tower,32,18,32,0,82,0,2,36,0,38,32,20,68,0,120,54,8,62,182
06/26/2018,ECP,FL,ASO,ES,Federal Contract Tower,34,8,35,39,116,0,0,49,12,61,34,8,84,51,177,54,82,136,313
06/27/2018,ECP,FL,ASO,ES,Federal Contract Tower,34,15,46,39,134,0,0,45,6,51,34,15,91,45,185,64,14,78,263
06/28/2018,ECP,FL,ASO,ES,Federal Contract Tower,33,16,51,15,115,0,0,39,8,47,33,16,90,23,162,56,38,94,256
06/29/2018,ECP,FL,ASO,ES,Federal Contract Tower,30,24,72,36,162,0,0,57,8,65,30,24,129,44,227,50,54,104,331
06/30/2018,ECP,FL,ASO,ES,Federal Contract Tower,46,42,93,0,181,0,2,43,4,49,46,44,136,4,230,54,0,54,284
07/01/2018,ECP,FL,ASO,ES,Federal Contract Tower,36,14,61,1,112,0,0,25,0,25,36,14,86,1,137,20,0,20,157
07/02/2018,ECP,FL,ASO,ES,Federal Contract Tower,24,20,61,22,127,0,0,27,0,27,24,20,88,22,154,70,66,136,290
07/03/2018,ECP,FL,ASO,ES,Federal Contract Tower,32,16,71,14,133,0,2,45,0,47,32,18,116,14,180,74,34,108,288
07/04/2018,ECP,FL,ASO,ES,Federal Contract Tower,32,3,21,0,56,0,0,47,0,47,32,3,68,0,103,72,0,72,175
07/05/2018,ECP,FL,ASO,ES,Federal Contract Tower,31,22,62,9,124,0,3,38,0,41,31,25,100,9,165,50,0,50,215
07/06/2018,ECP,FL,ASO,ES,Federal Contract Tower,32,21,32,1,86,0,4,40,8,52,32,25,72,9,138,108,46,154,292
07/07/2018,ECP,FL,ASO,ES,Federal Contract Tower,50,20,89,0,159,0,0,46,1,47,50,20,135,1,206,54,0,54,260
07/08/2018,ECP,FL,ASO,ES,Federal Contract Tower,39,20,93,5,157,0,0,40,0,40,39,20,133,5,197,74,0,74,271
07/09/2018,ECP,FL,ASO,ES,Federal Contract Tower,26,19,34,10,89,0,0,30,1,31,26,19,64,11,120,34,32,66,186
07/10/2018,ECP,FL,ASO,ES,Federal Contract Tower,33,11,40,22,106,0,0,28,11,39,33,11,68,33,145,36,74,110,255
07/11/2018,ECP,FL,ASO,ES,Federal Contract Tower,34,8,39,10,91,0,2,36,7,45,34,10,75,17,136,40,58,98,234
07/12/2018,ECP,FL,ASO,ES,Federal Contract Tower,31,14,50,49,144,0,0,46,11,57,31,14,96,60,201,62,40,102,303
07/13/2018,ECP,FL,ASO,ES,Federal Contract Tower,28,22,52,29,131,0,2,65,0,67,28,24,117,29,198,74,0,74,272
07/14/2018,ECP,FL,ASO,ES,Federal Contract Tower,51,23,65,0,139,0,4,65,0,69,51,27,130,0,208,80,0,80,288
07/15/2018,ECP,FL,ASO,ES,Federal Contract Tower,36,14,49,6,105,0,0,39,0,39,36,14,88,6,144,50,0,50,194
07/16/2018,ECP,FL,ASO,ES,Federal Contract Tower,26,15,33,31,105,0,0,20,2,22,26,15,53,33,127,26,74,100,227
07/17/2018,ECP,FL,ASO,ES,Federal Contract Tower,32,13,32,25,102,0,0,34,6,40,32,13,66,31,142,46,82,128,270
07/18/2018,ECP,FL,ASO,ES,Federal Contract Tower,32,27,34,8,101,0,2,23,4,29,32,29,57,12,130,64,22,86,216
07/19/2018,ECP,FL,ASO,ES,Federal Contract Tower,37,12,58,10,117,0,0,31,7,38,37,12,89,17,155,28,36,64,219
07/20/2018,ECP,FL,ASO,ES,Federal Contract Tower,34,22,76,3,135,0,6,33,6,45,34,28,109,9,180,36,8,44,224
07/21/2018,ECP,FL,ASO,ES,Federal Contract Tower,56,28,59,0,143,0,0,23,0,23,56,28,82,0,166,38,0,38,204
07/22/2018,ECP,FL,ASO,ES,Federal Contract Tower,39,14,52,0,105,0,0,16,0,16,39,14,68,0,121,54,0,54,175
07/23/2018,ECP,FL,ASO,ES,Federal Contract Tower,31,7,46,8,92,0,0,22,0,22,31,7,68,8,114,32,18,50,164
07/24/2018,ECP,FL,ASO,ES,Federal Contract Tower,32,11,30,13,86,0,3,33,2,38,32,14,63,15,124,26,22,48,172
07/25/2018,ECP,FL,ASO,ES,Federal Contract Tower,33,14,57,7,111,0,2,51,4,57,33,16,108,11,168,42,40,82,250
07/26/2018,ECP,FL,ASO,ES,Federal Contract Tower,34,12,55,6,107,0,2,40,0,42,34,14,95,6,149,51,12,63,212
07/27/2018,ECP,FL,ASO,ES,Federal Contract Tower,31,14,50,8,103,0,0,35,2,37,31,14,85,10,140,38,10,48,188
07/28/2018,ECP,FL,ASO,ES,Federal Contract Tower,54,19,63,0,136,0,2,44,0,46,54,21,107,0,182,80,0,80,262
07/29/2018,ECP,FL,ASO,ES,Federal Contract Tower,40,10,67,0,117,0,0,55,0,55,40,10,122,0,172,58,12,70,242
07/30/2018,ECP,FL,ASO,ES,Federal Contract Tower,31,11,46,11,99,0,0,15,7,22,31,11,61,18,121,22,28,50,171
07/31/2018,ECP,FL,ASO,ES,Federal Contract Tower,30,9,38,26,103,0,0,32,0,32,30,9,70,26,135,28,18,46,181
08/01/2018,ECP,FL,ASO,ES,Federal Contract Tower,36,6,33,0,75,0,0,5,0,5,36,6,38,0,80,16,0,16,96
08/02/2018,ECP,FL,ASO,ES,Federal Contract Tower,35,16,31,2,84,0,0,15,2,17,35,16,46,4,101,12,8,20,121
08/03/2018,ECP,FL,ASO,ES,Federal Contract Tower,34,14,60,14,122,0,0,44,8,52,34,14,104,22,174,70,66,136,310
08/04/2018,ECP,FL,ASO,ES,Federal Contract Tower,53,16,44,2,115,0,0,51,0,51,53,16,95,2,166,102,0,102,268
08/05/2018,ECP,FL,ASO,ES,Federal Contract Tower,39,19,53,0,111,0,0,48,0,48,39,19,101,0,159,56,0,56,215
08/06/2018,ECP,FL,ASO,ES,Federal Contract Tower,35,5,46,13,99,0,1,38,2,41,35,6,84,15,140,68,26,94,234
08/07/2018,ECP,FL,ASO,ES,Federal Contract Tower,33,16,38,17,104,0,0,28,8,36,33,16,66,25,140,54,84,138,278
08/08/2018,ECP,FL,ASO,ES,Federal Contract Tower,31,11,37,11,90,0,0,33,15,48,31,11,70,26,138,22,112,134,272
08/09/2018,ECP,FL,ASO,ES,Federal Contract Tower,30,9,43,19,101,0,0,41,9,50,30,9,84,28,151,48,18,66,217
08/10/2018,ECP,FL,ASO,ES,Federal Contract Tower,27,14,54,16,111,0,0,27,4,31,27,14,81,20,142,38,26,64,206
08/11/2018,ECP,FL,ASO,ES,Federal Contract Tower,41,17,37,11,106,1,4,40,1,46,42,21,77,12,152,48,2,50,202
08/12/2018,ECP,FL,ASO,ES,Federal Contract Tower,31,10,30,0,71,0,0,24,0,24,31,10,54,0,95,48,0,48,143
08/13/2018,ECP,FL,ASO,ES,Federal Contract Tower,26,9,23,42,100,0,0,29,3,32,26,9,52,45,132,38,36,74,206
08/14/2018,ECP,FL,ASO,ES,Federal Contract Tower,31,7,43,6,87,0,0,31,0,31,31,7,74,6,118,16,0,16,134
08/15/2018,ECP,FL,ASO,ES,Federal Contract Tower,29,11,32,6,78,0,0,34,8,42,29,11,66,14,120,48,32,80,200
08/16/2018,ECP,FL,ASO,ES,Federal Contract Tower,31,14,42,4,91,0,0,15,6,21,31,14,57,10,112,8,30,38,150
08/17/2018,ECP,FL,ASO,ES,Federal Contract Tower,27,15,41,13,96,0,4,23,4,31,27,19,64,17,127,68,32,100,227
08/18/2018,ECP,FL,ASO,ES,Federal Contract Tower,43,16,29,4,92,0,0,34,2,36,43,16,63,6,128,56,10,66,194
08/19/2018,ECP,FL,ASO,ES,Federal Contract Tower,31,15,47,0,93,0,2,35,0,37,31,17,82,0,130,46,14,60,190
08/20/2018,ECP,FL,ASO,ES,Federal Contract Tower,26,18,27,42,113,0,0,27,5,32,26,18,54,47,145,30,48,78,223
08/21/2018,ECP,FL,ASO,ES,Federal Contract Tower,32,14,28,18,92,0,2,16,2,20,32,16,44,20,112,26,16,42,154
08/22/2018,ECP,FL,ASO,ES,Federal Contract Tower,35,15,33,33,116,0,6,32,9,47,35,21,65,42,163,20,78,98,261
08/23/2018,ECP,FL,ASO,ES,Federal Contract Tower,33,10,55,24,122,0,0,56,7,63,33,10,111,31,185,18,62,80,265
08/24/2018,ECP,FL,ASO,ES,Federal Contract Tower,30,9,49,25,113,0,0,26,3,29,30,9,75,28,142,28,12,40,182
08/25/2018,ECP,FL,ASO,ES,Federal Contract Tower,42,10,17,2,71,0,0,47,0,47,42,10,64,2,118,102,0,102,220
08/26/2018,ECP,FL,ASO,ES,Federal Contract Tower,30,13,58,4,105,0,4,58,4,66,30,17,116,8,171,70,4,74,245
08/27/2018,ECP,FL,ASO,ES,Federal Contract Tower,30,12,23,4,69,0,0,24,2,26,30,12,47,6,95,16,16,32,127
08/28/2018,ECP,FL,ASO,ES,Federal Contract Tower,34,9,27,20,90,0,0,20,0,20,34,9,47,20,110,48,22,70,180
08/29/2018,ECP,FL,ASO,ES,Federal Contract Tower,33,18,34,3,88,0,0,21,3,24,33,18,55,6,112,30,8,38,150
08/30/2018,ECP,FL,ASO,ES,Federal Contract Tower,31,25,55,10,121,0,0,13,11,24,31,25,68,21,145,8,26,34,179
08/31/2018,ECP,FL,ASO,ES,Federal Contract Tower,26,35,102,2,165,0,0,47,0,47,26,35,149,2,212,30,0,30,242
09/01/2018,ECP,FL,ASO,ES,Federal Contract Tower,40,14,42,0,96,0,0,42,0,42,40,14,84,0,138,92,0,92,230
09/02/2018,ECP,FL,ASO,ES,Federal Contract Tower,26,7,22,0,55,0,1,39,0,40,26,8,61,0,95,84,0,84,179
09/03/2018,ECP,FL,ASO,ES,Federal Contract Tower,32,37,106,0,175,0,0,33,0,33,32,37,139,0,208,24,0,24,232
09/04/2018,ECP,FL,ASO,ES,Federal Contract Tower,27,25,20,0,72,0,0,0,0,0,27,25,20,0,72,0,0,0,72
09/05/2018,ECP,FL,ASO,ES,Federal Contract Tower,33,11,25,2,71,0,0,10,1,11,33,11,35,3,82,32,12,44,126
09/07/2018,ECP,FL,ASO,ES,Federal Contract Tower,28,10,56,4,98,0,4,39,6,49,28,14,95,10,147,34,28,62,209
09/08/2018,ECP,FL,ASO,ES,Federal Contract Tower,36,10,20,2,68,0,0,44,7,51,36,10,64,9,119,64,14,78,197
09/09/2018,ECP,FL,ASO,ES,Federal Contract Tower,32,16,51,2,101,0,0,27,0,27,32,16,78,2,128,18,4,22,150
09/10/2018,ECP,FL,ASO,ES,Federal Contract Tower,31,7,29,49,116,0,2,28,2,32,31,9,57,51,148,22,24,46,194
09/11/2018,ECP,FL,ASO,ES,Federal Contract Tower,33,9,28,39,109,0,2,15,18,35,33,11,43,57,144,8,118,126,270
09/12/2018,ECP,FL,ASO,ES,Federal Contract Tower,33,4,36,6,79,0,0,18,3,21,33,4,54,9,100,16,14,30,130
09/13/2018,ECP,FL,ASO,ES,Federal Contract Tower,34,8,46,13,101,0,3,18,14,35,34,11,64,27,136,24,74,98,234
09/14/2018,ECP,FL,ASO,ES,Federal Contract Tower,29,22,41,12,104,0,2,34,7,43,29,24,75,19,147,14,54,68,215
09/15/2018,ECP,FL,ASO,ES,Federal Contract Tower,35,13,45,0,93,0,4,41,2,47,35,17,86,2,140,36,10,46,186
09/16/2018,ECP,FL,ASO,ES,Federal Contract Tower,27,6,45,2,80,0,2,40,0,42,27,8,85,2,122,48,52,100,222
09/17/2018,ECP,FL,ASO,ES,Federal Contract Tower,30,12,26,2,70,0,0,27,0,27,30,12,53,2,97,36,26,62,159
09/18/2018,ECP,FL,ASO,ES,Federal Contract Tower,31,15,21,16,83,0,5,29,6,40,31,20,50,22,123,38,50,88,211
09/19/2018,ECP,FL,ASO,ES,Federal Contract Tower,33,8,56,17,114,0,1,26,16,43,33,9,82,33,157,36,44,80,237
09/20/2018,ECP,FL,ASO,ES,Federal Contract Tower,31,13,37,18,99,0,8,34,15,57,31,21,71,33,156,14,44,58,214
09/21/2018,ECP,FL,ASO,ES,Federal Contract Tower,33,19,45,21,118,0,4,43,5,52,33,23,88,26,170,36,16,52,222
09/22/2018,ECP,FL,ASO,ES,Federal Contract Tower,36,9,29,6,80,0,0,43,4,47,36,9,72,10,127,86,0,86,213
09/23/2018,ECP,FL,ASO,ES,Federal Contract Tower,32,8,62,0,102,0,5,23,0,28,32,13,85,0,130,30,0,30,160
09/24/2018,ECP,FL,ASO,ES,Federal Contract Tower,31,10,19,29,89,0,0,8,4,12,31,10,27,33,101,8,44,52,153
09/25/2018,ECP,FL,ASO,ES,Federal Contract Tower,33,13,18,22,86,0,2,30,0,32,33,15,48,22,118,18,4,22,140
09/26/2018,ECP,FL,ASO,ES,Federal Contract Tower,34,14,34,21,103,0,2,45,1,48,34,16,79,22,151,30,4,34,185
09/27/2018,ECP,FL,ASO,ES,Federal Contract Tower,33,16,34,31,114,0,0,24,2,26,33,16,58,33,140,4,46,50,190
09/28/2018,ECP,FL,ASO,ES,Federal Contract Tower,27,25,56,3,111,0,4,42,2,48,27,29,98,5,159,38,38,76,235
09/29/2018,ECP,FL,ASO,ES,Federal Contract Tower,38,11,43,0,92,0,2,46,2,50,38,13,89,2,142,64,0,64,206
09/30/2018,ECP,FL,ASO,ES,Federal Contract Tower,31,19,83,0,133,0,2,29,0,31,31,21,112,0,164,26,0,26,190
10/01/2018,ECP,FL,ASO,ES,Federal Contract Tower,32,11,38,15,96,0,0,18,2,20,32,11,56,17,116,24,64,88,204
10/02/2018,ECP,FL,ASO,ES,Federal Contract Tower,32,8,22,10,72,0,3,23,4,30,32,11,45,14,102,24,24,48,150
10/03/2018,ECP,FL,ASO,ES,Federal Contract Tower,34,16,37,32,119,0,0,12,4,16,34,16,49,36,135,6,92,98,233
10/04/2018,ECP,FL,ASO,ES,Federal Contract Tower,31,28,61,21,141,0,4,51,7,62,31,32,112,28,203,42,42,84,287
10/05/2018,ECP,FL,ASO,ES,Federal Contract Tower,26,33,75,12,146,0,1,40,0,41,26,34,115,12,187,10,0,10,197
10/06/2018,ECP,FL,ASO,ES,Federal Contract Tower,35,13,36,2,86,0,1,48,0,49,35,14,84,2,135,74,0,74,209
10/07/2018,ECP,FL,ASO,ES,Federal Contract Tower,32,24,58,0,114,0,0,34,0,34,32,24,92,0,148,42,0,42,190
10/08/2018,ECP,FL,ASO,ES,Federal Contract Tower,26,23,118,0,167,0,2,34,0,36,26,25,152,0,203,8,0,8,211
10/09/2018,ECP,FL,ASO,ES,Federal Contract Tower,14,34,54,0,102,0,1,4,0,5,14,35,58,0,107,0,0,0,107
10/10/2018,ECP,FL,ASO,ES,Federal Contract Tower,0,0,0,0,0,0,0,0,0,0,0,0,0,0,0,0,0,0,0
10/11/2018,ECP,FL,ASO,ES,Federal Contract Tower,0,0,5,0,5,0,21,50,88,159,0,21,55,88,164,0,0,0,164
10/12/2018,ECP,FL,ASO,ES,Federal Contract Tower,10,6,27,0,43,0,53,88,48,189,10,59,115,48,232,0,0,0,232
10/14/2018,ECP,FL,ASO,ES,Federal Contract Tower,26,26,34,7,93,0,7,81,19,107,26,33,115,26,200,4,2,6,206
10/15/2018,ECP,FL,ASO,ES,Federal Contract Tower,25,15,50,1,91,0,14,74,8,96,25,29,124,9,187,0,0,0,187
10/16/2018,ECP,FL,ASO,ES,Federal Contract Tower,23,17,59,0,99,0,8,64,2,74,23,25,123,2,173,0,11,11,184
10/17/2018,ECP,FL,ASO,ES,Federal Contract Tower,26,12,68,0,106,0,9,56,7,72,26,21,124,7,178,2,0,2,180
10/18/2018,ECP,FL,ASO,ES,Federal Contract Tower,25,23,59,6,113,0,10,73,5,88,25,33,132,11,201,4,0,4,205
10/19/2018,ECP,FL,ASO,ES,Federal Contract Tower,18,33,86,0,137,0,12,57,0,69,18,45,143,0,206,6,0,6,212
10/20/2018,ECP,FL,ASO,ES,Federal Contract Tower,30,8,29,1,68,0,4,25,0,29,30,12,54,1,97,0,0,0,97
10/21/2018,ECP,FL,ASO,ES,Federal Contract Tower,28,16,67,0,111,0,9,60,0,69,28,25,127,0,180,6,0,6,186
10/22/2018,ECP,FL,ASO,ES,Federal Contract Tower,26,18,56,2,102,0,36,61,0,97,26,54,117,2,199,2,2,4,203
10/23/2018,ECP,FL,ASO,ES,Federal Contract Tower,30,21,47,0,98,0,11,59,0,70,30,32,106,0,168,0,0,0,168
10/24/2018,ECP,FL,ASO,ES,Federal Contract Tower,28,18,57,1,104,0,6,72,0,78,28,24,129,1,182,8,0,8,190
10/25/2018,ECP,FL,ASO,ES,Federal Contract Tower,31,14,43,5,93,0,2,8,0,10,31,16,51,5,103,0,0,0,103
10/26/2018,ECP,FL,ASO,ES,Federal Contract Tower,27,25,51,0,103,0,0,20,0,20,27,25,71,0,123,2,0,2,125
10/27/2018,ECP,FL,ASO,ES,Federal Contract Tower,37,7,40,1,85,0,2,28,3,33,37,9,68,4,118,12,0,12,130
10/28/2018,ECP,FL,ASO,ES,Federal Contract Tower,29,15,61,0,105,0,0,49,3,52,29,15,110,3,157,2,0,2,159
10/29/2018,ECP,FL,ASO,ES,Federal Contract Tower,27,10,47,0,84,0,5,32,0,37,27,15,79,0,121,2,0,2,123
10/30/2018,ECP,FL,ASO,ES,Federal Contract Tower,27,14,49,0,90,0,10,47,2,59,27,24,96,2,149,4,0,4,153
10/31/2018,ECP,FL,ASO,ES,Federal Contract Tower,28,9,28,0,65,0,5,30,0,35,28,14,58,0,100,2,0,2,102
11/01/2018,ECP,FL,ASO,ES,Federal Contract Tower,28,17,29,0,74,0,0,5,0,5,28,17,34,0,79,2,0,2,81
11/02/2018,ECP,FL,ASO,ES,Federal Contract Tower,27,22,54,1,104,0,1,17,0,18,27,23,71,1,122,4,0,4,126
11/03/2018,ECP,FL,ASO,ES,Federal Contract Tower,30,6,23,1,60,0,7,32,0,39,30,13,55,1,99,6,0,6,105
11/04/2018,ECP,FL,ASO,ES,Federal Contract Tower,24,11,51,0,86,0,0,30,0,30,24,11,81,0,116,4,0,4,120
11/05/2018,ECP,FL,ASO,ES,Federal Contract Tower,23,20,49,0,92,0,0,14,0,14,23,20,63,0,106,0,0,0,106
11/06/2018,ECP,FL,ASO,ES,Federal Contract Tower,25,12,52,0,89,0,0,1,0,1,25,12,53,0,90,0,0,0,90
11/07/2018,ECP,FL,ASO,ES,Federal Contract Tower,29,10,33,0,72,0,0,1,0,1,29,10,34,0,73,0,0,0,73
11/08/2018,ECP,FL,ASO,ES,Federal Contract Tower,28,10,54,0,92,0,2,3,0,5,28,12,57,0,97,0,0,0,97
11/09/2018,ECP,FL,ASO,ES,Federal Contract Tower,23,20,38,0,81,0,0,7,0,7,23,20,45,0,88,4,0,4,92
11/10/2018,ECP,FL,ASO,ES,Federal Contract Tower,28,14,33,0,75,0,1,29,0,30,28,15,62,0,105,4,0,4,109
11/11/2018,ECP,FL,ASO,ES,Federal Contract Tower,26,13,53,0,92,0,6,30,0,36,26,19,83,0,128,4,0,4,132
11/12/2018,ECP,FL,ASO,ES,Federal Contract Tower,27,13,19,0,59,0,0,3,0,3,27,13,22,0,62,0,0,0,62
11/13/2018,ECP,FL,ASO,ES,Federal Contract Tower,25,19,21,0,65,0,0,0,0,0,25,19,21,0,65,0,0,0,65
11/14/2018,ECP,FL,ASO,ES,Federal Contract Tower,29,11,28,1,69,0,0,0,0,0,29,11,28,1,69,0,0,0,69
11/15/2018,ECP,FL,ASO,ES,Federal Contract Tower,26,15,55,0,96,0,2,21,2,25,26,17,76,2,121,0,0,0,121
11/16/2018,ECP,FL,ASO,ES,Federal Contract Tower,23,21,63,0,107,0,2,43,0,45,23,23,106,0,152,0,0,0,152
11/17/2018,ECP,FL,ASO,ES,Federal Contract Tower,23,22,35,1,81,0,0,43,1,44,23,22,78,2,125,0,6,6,131
11/18/2018,ECP,FL,ASO,ES,Federal Contract Tower,25,9,42,0,76,0,0,24,0,24,25,9,66,0,100,0,0,0,100
11/19/2018,ECP,FL,ASO,ES,Federal Contract Tower,26,19,37,0,82,0,0,28,2,30,26,19,65,2,112,6,0,6,118
11/20/2018,ECP,FL,ASO,ES,Federal Contract Tower,26,35,88,0,149,0,2,27,0,29,26,37,115,0,178,0,0,0,178
11/21/2018,ECP,FL,ASO,ES,Federal Contract Tower,29,27,65,1,122,0,0,66,0,66,29,27,131,1,188,16,18,34,222
11/22/2018,ECP,FL,ASO,ES,Federal Contract Tower,21,3,2,0,26,0,2,13,0,15,21,5,15,0,41,0,0,0,41
11/23/2018,ECP,FL,ASO,ES,Federal Contract Tower,29,17,40,0,86,0,4,6,0,10,29,21,46,0,96,0,0,0,96
11/24/2018,ECP,FL,ASO,ES,Federal Contract Tower,34,20,40,2,96,0,1,11,1,13,34,21,51,3,109,18,0,18,127
11/25/2018,ECP,FL,ASO,ES,Federal Contract Tower,29,32,91,0,152,0,0,38,0,38,29,32,129,0,190,2,0,2,192
11/26/2018,ECP,FL,ASO,ES,Federal Contract Tower,26,18,36,1,81,0,2,17,11,30,26,20,53,12,111,4,26,30,141
11/27/2018,ECP,FL,ASO,ES,Federal Contract Tower,23,12,25,1,61,0,5,17,1,23,23,17,42,2,84,0,0,0,84
11/28/2018,ECP,FL,ASO,ES,Federal Contract Tower,25,10,37,0,72,0,2,35,2,39,25,12,72,2,111,0,16,16,127
11/29/2018,ECP,FL,ASO,ES,Federal Contract Tower,25,13,24,0,62,0,0,39,4,43,25,13,63,4,105,0,10,10,115
11/30/2018,ECP,FL,ASO,ES,Federal Contract Tower,23,13,48,0,84,0,1,30,0,31,23,14,78,0,115,0,0,0,115
12/01/2018,ECP,FL,ASO,ES,Federal Contract Tower,21,1,17,0,39,0,0,0,0,0,21,1,17,0,39,0,0,0,39
12/02/2018,ECP,FL,ASO,ES,Federal Contract Tower,22,9,40,0,71,0,0,9,2,11,22,9,49,2,82,0,6,6,88
12/03/2018,ECP,FL,ASO,ES,Federal Contract Tower,25,16,17,0,58,0,0,6,0,6,25,16,23,0,64,0,0,0,64
12/04/2018,ECP,FL,ASO,ES,Federal Contract Tower,27,12,16,0,55,0,0,41,0,41,27,12,57,0,96,0,0,0,96
12/05/2018,ECP,FL,ASO,ES,Federal Contract Tower,27,14,25,0,66,0,4,39,1,44,27,18,64,1,110,2,0,2,112
12/06/2018,ECP,FL,ASO,ES,Federal Contract Tower,27,9,28,0,64,0,4,34,4,42,27,13,62,4,106,20,20,40,146
12/07/2018,ECP,FL,ASO,ES,Federal Contract Tower,26,14,34,2,76,0,4,29,4,37,26,18,63,6,113,8,8,16,129
12/08/2018,ECP,FL,ASO,ES,Federal Contract Tower,19,5,8,4,36,0,2,9,0,11,19,7,17,4,47,0,0,0,47
12/09/2018,ECP,FL,ASO,ES,Federal Contract Tower,22,13,14,0,49,0,0,0,0,0,22,13,14,0,49,0,0,0,49
12/10/2018,ECP,FL,ASO,ES,Federal Contract Tower,25,9,35,4,73,0,0,4,0,4,25,9,39,4,77,8,0,8,85
12/11/2018,ECP,FL,ASO,ES,Federal Contract Tower,21,8,43,2,74,0,3,26,3,32,21,11,69,5,106,4,8,12,118
12/12/2018,ECP,FL,ASO,ES,Federal Contract Tower,27,9,19,0,55,0,5,33,2,40,27,14,52,2,95,0,0,0,95
12/13/2018,ECP,FL,ASO,ES,Federal Contract Tower,28,17,36,3,84,0,3,17,2,22,28,20,53,5,106,4,22,26,132
12/14/2018,ECP,FL,ASO,ES,Federal Contract Tower,26,6,22,2,56,0,0,0,0,0,26,6,22,2,56,0,0,0,56
12/15/2018,ECP,FL,ASO,ES,Federal Contract Tower,24,3,35,1,63,0,6,23,1,30,24,9,58,2,93,10,0,10,103
12/16/2018,ECP,FL,ASO,ES,Federal Contract Tower,20,6,39,0,65,0,0,27,0,27,20,6,66,0,92,12,0,12,104
12/17/2018,ECP,FL,ASO,ES,Federal Contract Tower,23,17,20,1,61,0,0,31,0,31,23,17,51,1,92,56,0,56,148
12/18/2018,ECP,FL,ASO,ES,Federal Contract Tower,23,9,28,4,64,0,2,34,3,39,23,11,62,7,103,46,8,54,157
12/19/2018,ECP,FL,ASO,ES,Federal Contract Tower,27,7,41,0,75,0,2,26,0,28,27,9,67,0,103,14,2,16,119
12/20/2018,ECP,FL,ASO,ES,Federal Contract Tower,30,13,18,3,64,0,0,1,0,1,30,13,19,3,65,0,0,0,65
12/21/2018,ECP,FL,ASO,ES,Federal Contract Tower,22,15,20,0,57,0,0,2,0,2,22,15,22,0,59,0,0,0,59
12/22/2018,ECP,FL,ASO,ES,Federal Contract Tower,28,3,27,0,58,0,0,39,0,39,28,3,66,0,97,1,4,5,102
12/23/2018,ECP,FL,ASO,ES,Federal Contract Tower,29,3,21,0,53,0,6,11,0,17,29,9,32,0,70,2,0,2,72
12/24/2018,ECP,FL,ASO,ES,Federal Contract Tower,14,8,9,0,31,0,0,22,0,22,14,8,31,0,53,8,0,8,61
12/25/2018,ECP,FL,ASO,ES,Federal Contract Tower,20,3,3,0,26,0,4,6,0,10,20,7,9,0,36,4,0,4,40
12/26/2018,ECP,FL,ASO,ES,Federal Contract Tower,26,17,59,0,102,0,2,29,0,31,26,19,88,0,133,2,0,2,135
12/27/2018,ECP,FL,ASO,ES,Federal Contract Tower,25,22,29,0,76,0,0,4,0,4,25,22,33,0,80,0,0,0,80
12/28/2018,ECP,FL,ASO,ES,Federal Contract Tower,28,12,43,0,83,0,0,0,0,0,28,12,43,0,83,0,0,0,83
12/29/2018,ECP,FL,ASO,ES,Federal Contract Tower,30,14,49,0,93,0,0,0,0,0,30,14,49,0,93,0,0,0,93
12/30/2018,ECP,FL,ASO,ES,Federal Contract Tower,26,12,38,0,76,0,0,0,0,0,26,12,38,0,76,0,0,0,76
12/31/2018,ECP,FL,ASO,ES,Federal Contract Tower,19,11,21,0,51,0,0,0,0,0,19,11,21,0,51,0,0,0,51
01/01/2019,ECP,FL,ASO,ES,Federal Contract Tower,21,10,53,0,84,0,0,0,0,0,21,10,53,0,84,0,0,0,84
01/02/2019,ECP,FL,ASO,ES,Federal Contract Tower,29,23,67,0,119,0,0,0,0,0,29,23,67,0,119,0,0,0,119
01/03/2019,ECP,FL,ASO,ES,Federal Contract Tower,26,12,25,0,63,0,2,10,0,12,26,14,35,0,75,0,0,0,75
01/04/2019,ECP,FL,ASO,ES,Federal Contract Tower,26,13,45,2,86,0,0,15,3,18,26,13,60,5,104,4,22,26,130
01/05/2019,ECP,FL,ASO,ES,Federal Contract Tower,24,12,54,2,92,0,2,49,0,51,24,14,103,2,143,116,0,116,259
01/06/2019,ECP,FL,ASO,ES,Federal Contract Tower,22,12,36,1,71,0,0,57,0,57,22,12,93,1,128,108,0,108,236
01/07/2019,ECP,FL,ASO,ES,Federal Contract Tower,27,8,27,0,62,0,2,32,9,43,27,10,59,9,105,8,20,28,133
01/08/2019,ECP,FL,ASO,ES,Federal Contract Tower,27,9,24,0,60,0,0,16,0,16,27,9,40,0,76,32,0,32,108
01/09/2019,ECP,FL,ASO,ES,Federal Contract Tower,30,10,31,3,74,0,0,40,2,42,30,10,71,5,116,30,0,30,146
01/10/2019,ECP,FL,ASO,ES,Federal Contract Tower,29,8,38,0,75,0,2,27,5,34,29,10,65,5,109,0,8,8,117
01/11/2019,ECP,FL,ASO,ES,Federal Contract Tower,26,10,24,2,62,0,0,35,0,35,26,10,59,2,97,0,12,12,109
01/12/2019,ECP,FL,ASO,ES,Federal Contract Tower,26,8,20,0,54,0,2,19,0,21,26,10,39,0,75,6,0,6,81
01/13/2019,ECP,FL,ASO,ES,Federal Contract Tower,31,7,18,0,56,0,1,26,0,27,31,8,44,0,83,16,0,16,99
01/14/2019,ECP,FL,ASO,ES,Federal Contract Tower,29,14,26,2,71,0,0,13,5,18,29,14,39,7,89,0,18,18,107
01/15/2019,ECP,FL,ASO,ES,Federal Contract Tower,29,14,26,2,71,0,0,13,0,13,29,14,39,2,84,18,0,18,102
01/16/2019,ECP,FL,ASO,ES,Federal Contract Tower,24,12,37,2,75,0,4,34,2,40,24,16,71,4,115,2,4,6,121
01/17/2019,ECP,FL,ASO,ES,Federal Contract Tower,32,10,46,4,92,0,0,29,1,30,32,10,75,5,122,2,0,2,124
01/18/2019,ECP,FL,ASO,ES,Federal Contract Tower,30,17,64,1,112,0,0,8,0,8,30,17,72,1,120,12,0,12,132
01/19/2019,ECP,FL,ASO,ES,Federal Contract Tower,22,5,12,0,39,0,0,0,0,0,22,5,12,0,39,2,0,2,41
01/20/2019,ECP,FL,ASO,ES,Federal Contract Tower,26,8,33,1,68,0,0,6,0,6,26,8,39,1,74,0,0,0,74
01/21/2019,ECP,FL,ASO,ES,Federal Contract Tower,29,30,49,0,108,0,0,42,0,42,29,30,91,0,150,0,0,0,150
01/22/2019,ECP,FL,ASO,ES,Federal Contract Tower,27,10,30,5,72,0,4,24,18,46,27,14,54,23,118,2,16,18,136
01/23/2019,ECP,FL,ASO,ES,Federal Contract Tower,29,4,11,0,44,0,0,8,0,8,29,4,19,0,52,0,0,0,52
01/24/2019,ECP,FL,ASO,ES,Federal Contract Tower,29,18,41,0,88,0,0,9,4,13,29,18,50,4,101,6,18,24,125
01/25/2019,ECP,FL,ASO,ES,Federal Contract Tower,30,8,42,1,81,0,1,15,8,24,30,9,57,9,105,0,6,6,111
01/26/2019,ECP,FL,ASO,ES,Federal Contract Tower,26,6,29,1,62,0,4,34,0,38,26,10,63,1,100,34,0,34,134
01/27/2019,ECP,FL,ASO,ES,Federal Contract Tower,29,12,34,0,75,0,0,29,0,29,29,12,63,0,104,16,2,18,122
01/28/2019,ECP,FL,ASO,ES,Federal Contract Tower,32,4,23,0,59,0,0,23,7,30,32,4,46,7,89,6,14,20,109
01/29/2019,ECP,FL,ASO,ES,Federal Contract Tower,27,11,19,0,57,0,0,2,0,2,27,11,21,0,59,0,0,0,59
01/30/2019,ECP,FL,ASO,ES,Federal Contract Tower,28,4,44,1,77,0,0,15,17,32,28,4,59,18,109,12,36,48,157
01/31/2019,ECP,FL,ASO,ES,Federal Contract Tower,29,11,33,3,76,0,0,25,6,31,29,11,58,9,107,30,20,50,157
02/01/2019,ECP,FL,ASO,ES,Federal Contract Tower,28,14,34,1,77,0,0,14,18,32,28,14,48,19,109,0,6,6,115
02/02/2019,ECP,FL,ASO,ES,Federal Contract Tower,24,2,21,1,48,0,0,3,0,3,24,2,24,1,51,8,0,8,59
02/03/2019,ECP,FL,ASO,ES,Federal Contract Tower,26,3,36,0,65,0,0,3,0,3,26,3,39,0,68,12,16,28,96
02/04/2019,ECP,FL,ASO,ES,Federal Contract Tower,30,11,20,2,63,0,2,19,2,23,30,13,39,4,86,0,6,6,92
02/05/2019,ECP,FL,ASO,ES,Federal Contract Tower,30,8,37,0,75,0,3,8,4,15,30,11,45,4,90,12,16,28,118
02/06/2019,ECP,FL,ASO,ES,Federal Contract Tower,30,24,37,0,91,0,4,24,8,36,30,28,61,8,127,4,0,4,131
02/07/2019,ECP,FL,ASO,ES,Federal Contract Tower,30,21,24,2,77,0,2,23,13,38,30,23,47,15,115,10,14,24,139
02/08/2019,ECP,FL,ASO,ES,Federal Contract Tower,29,17,41,6,93,0,0,13,8,21,29,17,54,14,114,2,42,44,158
02/09/2019,ECP,FL,ASO,ES,Federal Contract Tower,26,9,39,1,75,0,2,37,0,39,26,11,76,1,114,18,0,18,132
02/10/2019,ECP,FL,ASO,ES,Federal Contract Tower,30,7,37,2,76,0,0,9,0,9,30,7,46,2,85,0,0,0,85
02/11/2019,ECP,FL,ASO,ES,Federal Contract Tower,30,12,28,5,75,0,0,12,0,12,30,12,40,5,87,0,0,0,87
02/12/2019,ECP,FL,ASO,ES,Federal Contract Tower,30,18,30,5,83,0,0,3,5,8,30,18,33,10,91,0,0,0,91
02/13/2019,ECP,FL,ASO,ES,Federal Contract Tower,29,16,29,3,77,0,0,37,14,51,29,16,66,17,128,4,20,24,152
02/14/2019,ECP,FL,ASO,ES,Federal Contract Tower,30,16,53,7,106,0,0,32,13,45,30,16,85,20,151,26,36,62,213
02/15/2019,ECP,FL,ASO,ES,Federal Contract Tower,30,12,47,10,99,0,2,21,9,32,30,14,68,19,131,28,24,52,183
02/16/2019,ECP,FL,ASO,ES,Federal Contract Tower,28,9,25,1,63,0,1,18,2,21,28,10,43,3,84,4,0,4,88
02/17/2019,ECP,FL,ASO,ES,Federal Contract Tower,27,5,51,0,83,0,0,18,0,18,27,5,69,0,101,12,0,12,113
02/18/2019,ECP,FL,ASO,ES,Federal Contract Tower,30,26,43,10,109,0,0,6,0,6,30,26,49,10,115,0,0,0,115
02/19/2019,ECP,FL,ASO,ES,Federal Contract Tower,28,9,24,7,68,0,4,5,8,17,28,13,29,15,85,0,4,4,89
02/20/2019,ECP,FL,ASO,ES,Federal Contract Tower,28,14,35,17,94,0,0,0,0,0,28,14,35,17,94,0,0,0,94
02/21/2019,ECP,FL,ASO,ES,Federal Contract Tower,32,20,56,17,125,0,0,1,0,1,32,20,57,17,126,0,0,0,126
02/22/2019,ECP,FL,ASO,ES,Federal Contract Tower,31,25,51,8,115,0,0,18,0,18,31,25,69,8,133,20,12,32,165
02/23/2019,ECP,FL,ASO,ES,Federal Contract Tower,26,11,23,0,60,0,0,18,0,18,26,11,41,0,78,12,0,12,90
02/24/2019,ECP,FL,ASO,ES,Federal Contract Tower,28,18,52,1,99,0,2,31,0,33,28,20,83,1,132,0,4,4,136
02/25/2019,ECP,FL,ASO,ES,Federal Contract Tower,28,12,43,2,85,0,1,42,1,44,28,13,85,3,129,50,0,50,179
02/26/2019,ECP,FL,ASO,ES,Federal Contract Tower,28,12,38,3,81,0,0,12,2,14,28,12,50,5,95,4,10,14,109
02/27/2019,ECP,FL,ASO,ES,Federal Contract Tower,29,9,32,1,71,0,2,16,0,18,29,11,48,1,89,32,0,32,121
02/28/2019,ECP,FL,ASO,ES,Federal Contract Tower,28,12,45,0,85,0,0,1,0,1,28,12,46,0,86,0,0,0,86
03/01/2019,ECP,FL,ASO,ES,Federal Contract Tower,31,18,34,6,89,0,7,28,0,35,31,25,62,6,124,50,36,86,210
03/02/2019,ECP,FL,ASO,ES,Federal Contract Tower,28,20,14,0,62,0,0,16,0,16,28,20,30,0,78,36,0,36,114
03/03/2019,ECP,FL,ASO,ES,Federal Contract Tower,32,6,22,0,60,0,0,11,0,11,32,6,33,0,71,12,0,12,83
03/04/2019,ECP,FL,ASO,ES,Federal Contract Tower,31,14,53,0,98,0,2,15,5,22,31,16,68,5,120,46,38,84,204
03/05/2019,ECP,FL,ASO,ES,Federal Contract Tower,31,16,29,9,85,0,2,26,0,28,31,18,55,9,113,68,32,100,213
03/06/2019,ECP,FL,ASO,ES,Federal Contract Tower,31,16,31,2,80,0,0,55,0,55,31,16,86,2,135,14,0,14,149
03/07/2019,ECP,FL,ASO,ES,Federal Contract Tower,38,10,35,22,105,0,2,55,6,63,38,12,90,28,168,28,34,62,230
03/08/2019,ECP,FL,ASO,ES,Federal Contract Tower,36,11,49,11,107,0,0,38,0,38,36,11,87,11,145,50,2,52,197
03/09/2019,ECP,FL,ASO,ES,Federal Contract Tower,47,12,55,0,114,0,4,18,0,22,47,16,73,0,136,36,0,36,172
03/10/2019,ECP,FL,ASO,ES,Federal Contract Tower,35,19,72,0,126,0,0,7,0,7,35,19,79,0,133,20,0,20,153
03/11/2019,ECP,FL,ASO,ES,Federal Contract Tower,32,12,29,7,80,0,0,0,0,0,32,12,29,7,80,0,0,0,80
03/12/2019,ECP,FL,ASO,ES,Federal Contract Tower,30,10,40,27,107,0,4,64,2,70,30,14,104,29,177,23,20,43,220
03/13/2019,ECP,FL,ASO,ES,Federal Contract Tower,37,18,70,5,130,0,2,15,0,17,37,20,85,5,147,14,8,22,169
03/14/2019,ECP,FL,ASO,ES,Federal Contract Tower,32,18,36,50,136,0,4,19,3,26,32,22,55,53,162,65,23,88,250
03/15/2019,ECP,FL,ASO,ES,Federal Contract Tower,34,16,70,14,134,0,2,2,0,4,34,18,72,14,138,54,0,54,192
03/16/2019,ECP,FL,ASO,ES,Federal Contract Tower,49,21,86,0,156,0,0,24,1,25,49,21,110,1,181,80,12,92,273
03/17/2019,ECP,FL,ASO,ES,Federal Contract Tower,39,18,53,0,110,0,0,48,0,48,39,18,101,0,158,62,0,62,220
03/18/2019,ECP,FL,ASO,ES,Federal Contract Tower,36,10,39,10,95,0,2,24,0,26,36,12,63,10,121,48,56,104,225
03/19/2019,ECP,FL,ASO,ES,Federal Contract Tower,31,8,40,4,83,0,6,32,6,44,31,14,72,10,127,32,44,76,203
03/20/2019,ECP,FL,ASO,ES,Federal Contract Tower,38,11,69,10,128,0,2,53,5,60,38,13,122,15,188,32,44,76,264
03/21/2019,ECP,FL,ASO,ES,Federal Contract Tower,35,32,48,7,122,0,4,35,2,41,35,36,83,9,163,90,54,144,307
03/22/2019,ECP,FL,ASO,ES,Federal Contract Tower,33,25,61,9,128,0,6,56,1,63,33,31,117,10,191,36,22,58,249
03/23/2019,ECP,FL,ASO,ES,Federal Contract Tower,44,26,87,0,157,0,3,53,5,61,44,29,140,5,218,100,0,100,318
03/24/2019,ECP,FL,ASO,ES,Federal Contract Tower,37,19,74,0,130,0,0,55,0,55,37,19,129,0,185,102,0,102,287
03/25/2019,ECP,FL,ASO,ES,Federal Contract Tower,32,15,31,12,90,0,1,29,5,35,32,16,60,17,125,26,16,42,167
03/26/2019,ECP,FL,ASO,ES,Federal Contract Tower,36,18,31,12,97,0,2,35,3,40,36,20,66,15,137,56,24,80,217
03/27/2019,ECP,FL,ASO,ES,Federal Contract Tower,35,14,44,5,98,0,0,40,9,49,35,14,84,14,147,10,18,28,175
03/28/2019,ECP,FL,ASO,ES,Federal Contract Tower,34,20,48,6,108,0,0,41,2,43,34,20,89,8,151,46,12,58,209
03/29/2019,ECP,FL,ASO,ES,Federal Contract Tower,35,18,70,3,126,0,0,41,1,42,35,18,111,4,168,40,0,40,208
03/30/2019,ECP,FL,ASO,ES,Federal Contract Tower,48,20,41,1,110,0,1,45,0,46,48,21,86,1,156,34,0,34,190
03/31/2019,ECP,FL,ASO,ES,Federal Contract Tower,39,19,52,0,110,0,0,36,0,36,39,19,88,0,146,24,0,24,170
04/01/2019,ECP,FL,ASO,ES,Federal Contract Tower,37,13,38,8,96,0,0,25,5,30,37,13,63,13,126,20,64,84,210
04/02/2019,ECP,FL,ASO,ES,Federal Contract Tower,36,18,55,3,112,0,0,37,2,39,36,18,92,5,151,22,14,36,187
04/03/2019,ECP,FL,ASO,ES,Federal Contract Tower,34,16,57,7,114,0,0,43,6,49,34,16,100,13,163,34,70,104,267
04/04/2019,ECP,FL,ASO,ES,Federal Contract Tower,36,9,57,7,109,0,0,23,0,23,36,9,80,7,132,32,0,32,164
04/05/2019,ECP,FL,ASO,ES,Federal Contract Tower,37,17,36,1,91,0,0,0,0,0,37,17,36,1,91,0,0,0,91
04/06/2019,ECP,FL,ASO,ES,Federal Contract Tower,42,16,38,0,96,0,0,0,0,0,42,16,38,0,96,0,0,0,96
04/07/2019,ECP,FL,ASO,ES,Federal Contract Tower,33,22,43,0,98,0,0,29,3,32,33,22,72,3,130,34,18,52,182
04/08/2019,ECP,FL,ASO,ES,Federal Contract Tower,38,12,32,1,83,0,0,8,3,11,38,12,40,4,94,0,16,16,110
04/09/2019,ECP,FL,ASO,ES,Federal Contract Tower,37,13,29,13,92,0,2,12,0,14,37,15,41,13,106,14,10,24,130
04/10/2019,ECP,FL,ASO,ES,Federal Contract Tower,40,19,54,4,117,0,0,54,4,58,40,19,108,8,175,48,20,68,243
04/11/2019,ECP,FL,ASO,ES,Federal Contract Tower,37,18,66,0,121,0,0,48,16,64,37,18,114,16,185,52,42,94,279
04/12/2019,ECP,FL,ASO,ES,Federal Contract Tower,37,16,56,20,129,0,0,36,1,37,37,16,92,21,166,36,20,56,222
04/13/2019,ECP,FL,ASO,ES,Federal Contract Tower,42,8,39,8,97,0,0,39,6,45,42,8,78,14,142,46,10,56,198
04/14/2019,ECP,FL,ASO,ES,Federal Contract Tower,39,10,49,0,98,0,0,3,0,3,39,10,52,0,101,0,0,0,101
04/15/2019,ECP,FL,ASO,ES,Federal Contract Tower,36,20,35,0,91,0,0,37,2,39,36,20,72,2,130,14,28,42,172
04/16/2019,ECP,FL,ASO,ES,Federal Contract Tower,38,10,38,14,100,0,8,52,3,63,38,18,90,17,163,52,26,78,241
04/17/2019,ECP,FL,ASO,ES,Federal Contract Tower,36,24,39,22,121,0,27,33,19,79,36,51,72,41,200,26,48,74,274
04/18/2019,ECP,FL,ASO,ES,Federal Contract Tower,34,31,58,18,141,0,0,25,4,29,34,31,83,22,170,20,18,38,208
04/19/2019,ECP,FL,ASO,ES,Federal Contract Tower,42,18,61,6,127,0,33,11,3,47,42,51,72,9,174,16,12,28,202
04/20/2019,ECP,FL,ASO,ES,Federal Contract Tower,48,10,37,0,95,0,0,25,0,25,48,10,62,0,120,36,0,36,156
04/21/2019,ECP,FL,ASO,ES,Federal Contract Tower,39,18,54,1,112,0,3,34,0,37,39,21,88,1,149,32,0,32,181
04/22/2019,ECP,FL,ASO,ES,Federal Contract Tower,36,25,77,4,142,0,3,31,3,37,36,28,108,7,179,66,42,108,287
04/23/2019,ECP,FL,ASO,ES,Federal Contract Tower,32,14,35,11,92,0,0,46,0,46,32,14,81,11,138,36,0,36,174
04/24/2019,ECP,FL,ASO,ES,Federal Contract Tower,35,14,62,19,130,0,4,36,6,46,35,18,98,25,176,70,102,172,348
04/25/2019,ECP,FL,ASO,ES,Federal Contract Tower,39,16,53,17,125,0,0,18,1,19,39,16,71,18,144,18,16,34,178
04/26/2019,ECP,FL,ASO,ES,Federal Contract Tower,38,19,58,3,118,0,0,15,10,25,38,19,73,13,143,20,0,20,163
04/27/2019,ECP,FL,ASO,ES,Federal Contract Tower,45,14,43,0,102,0,2,36,0,38,45,16,79,0,140,58,0,58,198
04/28/2019,ECP,FL,ASO,ES,Federal Contract Tower,41,11,59,3,114,0,0,44,0,44,41,11,103,3,158,52,2,54,212
04/29/2019,ECP,FL,ASO,ES,Federal Contract Tower,40,7,47,10,104,0,0,42,0,42,40,7,89,10,146,40,20,60,206
04/30/2019,ECP,FL,ASO,ES,Federal Contract Tower,40,14,50,0,104,0,2,42,0,44,40,16,92,0,148,34,0,34,182
05/01/2019,ECP,FL,ASO,ES,Federal Contract Tower,37,10,43,25,115,0,0,47,10,57,37,10,90,35,172,40,86,126,298
05/02/2019,ECP,FL,ASO,ES,Federal Contract Tower,36,19,71,14,140,0,2,55,4,61,36,21,126,18,201,50,76,126,327
05/03/2019,ECP,FL,ASO,ES,Federal Contract Tower,36,13,45,16,110,0,4,27,8,39,36,17,72,24,149,56,18,74,223
05/04/2019,ECP,FL,ASO,ES,Federal Contract Tower,53,7,16,0,76,0,0,19,0,19,53,7,35,0,95,30,0,30,125
05/05/2019,ECP,FL,ASO,ES,Federal Contract Tower,38,19,65,4,126,0,0,30,6,36,38,19,95,10,162,26,16,42,204
05/06/2019,ECP,FL,ASO,ES,Federal Contract Tower,34,15,44,1,94,0,8,38,2,48,34,23,82,3,142,30,66,96,238
05/07/2019,ECP,FL,ASO,ES,Federal Contract Tower,37,27,35,12,111,0,2,35,7,44,37,29,70,19,155,78,60,138,293
05/08/2019,ECP,FL,ASO,ES,Federal Contract Tower,40,30,40,2,112,0,0,19,0,19,40,30,59,2,131,8,0,8,139
05/09/2019,ECP,FL,ASO,ES,Federal Contract Tower,38,19,40,3,100,0,2,30,0,32,38,21,70,3,132,14,0,14,146
05/10/2019,ECP,FL,ASO,ES,Federal Contract Tower,38,18,57,1,114,0,4,30,5,39,38,22,87,6,153,66,8,74,227
05/11/2019,ECP,FL,ASO,ES,Federal Contract Tower,45,12,27,0,84,0,2,29,0,31,45,14,56,0,115,68,0,68,183
05/12/2019,ECP,FL,ASO,ES,Federal Contract Tower,43,11,34,0,88,0,0,18,0,18,43,11,52,0,106,12,0,12,118
05/13/2019,ECP,FL,ASO,ES,Federal Contract Tower,41,14,51,3,109,0,4,35,2,41,41,18,86,5,150,50,40,90,240
05/14/2019,ECP,FL,ASO,ES,Federal Contract Tower,41,10,32,6,89,0,0,28,0,28,41,10,60,6,117,6,0,6,123
05/15/2019,ECP,FL,ASO,ES,Federal Contract Tower,38,9,32,9,88,0,4,35,8,47,38,13,67,17,135,80,50,130,265
05/16/2019,ECP,FL,ASO,ES,Federal Contract Tower,35,17,44,19,115,0,4,60,4,68,35,21,104,23,183,32,44,76,259
05/17/2019,ECP,FL,ASO,ES,Federal Contract Tower,39,22,69,21,151,0,2,45,8,55,39,24,114,29,206,42,16,58,264
05/18/2019,ECP,FL,ASO,ES,Federal Contract Tower,52,16,33,0,101,0,1,53,0,54,52,17,86,0,155,42,0,42,197
05/19/2019,ECP,FL,ASO,ES,Federal Contract Tower,38,21,48,3,110,0,0,37,0,37,38,21,85,3,147,80,0,80,227
05/20/2019,ECP,FL,ASO,ES,Federal Contract Tower,38,19,34,9,100,0,0,35,0,35,38,19,69,9,135,24,26,50,185
05/21/2019,ECP,FL,ASO,ES,Federal Contract Tower,38,15,41,10,104,0,6,39,2,47,38,21,80,12,151,8,34,42,193
05/22/2019,ECP,FL,ASO,ES,Federal Contract Tower,38,16,60,14,128,0,0,34,12,46,38,16,94,26,174,36,28,64,238
05/23/2019,ECP,FL,ASO,ES,Federal Contract Tower,35,19,60,28,142,0,2,48,4,54,35,21,108,32,196,52,14,66,262
05/24/2019,ECP,FL,ASO,ES,Federal Contract Tower,37,29,112,2,180,0,2,53,1,56,37,31,165,3,236,52,6,58,294
05/25/2019,ECP,FL,ASO,ES,Federal Contract Tower,50,19,85,0,154,0,2,49,0,51,50,21,134,0,205,108,0,108,313
05/27/2019,ECP,FL,ASO,ES,Federal Contract Tower,42,23,41,0,106,0,2,33,0,35,42,25,74,0,141,46,0,46,187
05/28/2019,ECP,FL,ASO,ES,Federal Contract Tower,39,20,71,11,141,0,4,35,1,40,39,24,106,12,181,34,6,40,221
05/29/2019,ECP,FL,ASO,ES,Federal Contract Tower,34,17,68,22,141,0,5,47,6,58,34,22,115,28,199,34,42,76,275
05/30/2019,ECP,FL,ASO,ES,Federal Contract Tower,35,18,74,31,158,0,2,42,4,48,35,20,116,35,206,50,56,106,312
05/31/2019,ECP,FL,ASO,ES,Federal Contract Tower,39,25,78,4,146,0,1,54,0,55,39,26,132,4,201,52,0,52,253
06/01/2019,ECP,FL,ASO,ES,Federal Contract Tower,54,31,83,0,168,0,0,41,0,41,54,31,124,0,209,76,0,76,285
06/02/2019,ECP,FL,ASO,ES,Federal Contract Tower,37,14,51,0,102,0,4,42,0,46,37,18,93,0,148,46,0,46,194
06/03/2019,ECP,FL,ASO,ES,Federal Contract Tower,37,7,34,1,79,0,0,42,1,43,37,7,76,2,122,32,0,32,154
06/04/2019,ECP,FL,ASO,ES,Federal Contract Tower,38,9,52,4,103,0,2,42,2,46,38,11,94,6,149,38,2,40,189
06/05/2019,ECP,FL,ASO,ES,Federal Contract Tower,38,18,43,4,103,0,0,36,4,40,38,18,79,8,143,26,0,26,169
06/06/2019,ECP,FL,ASO,ES,Federal Contract Tower,37,12,27,0,76,0,0,0,0,0,37,12,27,0,76,0,0,0,76
06/07/2019,ECP,FL,ASO,ES,Federal Contract Tower,35,14,47,8,104,0,0,5,4,9,35,14,52,12,113,24,8,32,145
06/08/2019,ECP,FL,ASO,ES,Federal Contract Tower,52,16,60,0,128,0,0,8,0,8,52,16,68,0,136,14,0,14,150
06/09/2019,ECP,FL,ASO,ES,Federal Contract Tower,32,4,50,0,86,0,0,16,0,16,32,4,66,0,102,30,0,30,132
06/10/2019,ECP,FL,ASO,ES,Federal Contract Tower,37,21,36,14,108,0,0,2,0,2,37,21,38,14,110,4,12,16,126
06/11/2019,ECP,FL,ASO,ES,Federal Contract Tower,37,18,37,2,94,0,2,29,0,31,37,20,66,2,125,10,0,10,135
06/12/2019,ECP,FL,ASO,ES,Federal Contract Tower,37,20,33,18,108,0,0,29,0,29,37,20,62,18,137,50,8,58,195
06/13/2019,ECP,FL,ASO,ES,Federal Contract Tower,36,21,70,11,138,0,0,48,2,50,36,21,118,13,188,82,28,110,298
06/14/2019,ECP,FL,ASO,ES,Federal Contract Tower,38,11,67,2,118,0,2,55,2,59,38,13,122,4,177,78,34,112,289
06/15/2019,ECP,FL,ASO,ES,Federal Contract Tower,66,32,60,2,160,0,0,44,0,44,66,32,104,2,204,60,2,62,266
06/16/2019,ECP,FL,ASO,ES,Federal Contract Tower,38,16,56,3,113,0,0,49,0,49,38,16,105,3,162,50,0,50,212
06/17/2019,ECP,FL,ASO,ES,Federal Contract Tower,36,21,51,4,112,0,0,40,0,40,36,21,91,4,152,70,30,100,252
06/18/2019,ECP,FL,ASO,ES,Federal Contract Tower,37,14,42,10,103,0,9,17,2,28,37,23,59,12,131,50,10,60,191
06/19/2019,ECP,FL,ASO,ES,Federal Contract Tower,36,10,43,7,96,0,0,33,3,36,36,10,76,10,132,64,0,64,196
06/20/2019,ECP,FL,ASO,ES,Federal Contract Tower,32,17,49,8,106,0,0,15,4,19,32,17,64,12,125,32,36,68,193
06/21/2019,ECP,FL,ASO,ES,Federal Contract Tower,34,15,81,12,142,0,0,35,3,38,34,15,116,15,180,32,38,70,250
06/22/2019,ECP,FL,ASO,ES,Federal Contract Tower,69,26,58,0,153,0,0,44,0,44,69,26,102,0,197,40,0,40,237
06/23/2019,ECP,FL,ASO,ES,Federal Contract Tower,42,14,57,4,117,2,2,51,2,57,44,16,108,6,174,56,0,56,230
06/24/2019,ECP,FL,ASO,ES,Federal Contract Tower,37,16,56,13,122,0,4,36,0,40,37,20,92,13,162,18,0,18,180
06/25/2019,ECP,FL,ASO,ES,Federal Contract Tower,36,16,50,6,108,0,2,39,0,41,36,18,89,6,149,40,22,62,211
06/26/2019,ECP,FL,ASO,ES,Federal Contract Tower,35,20,58,30,143,0,4,49,0,53,35,24,107,30,196,28,6,34,230
06/27/2019,ECP,FL,ASO,ES,Federal Contract Tower,35,20,57,20,132,0,0,38,9,47,35,20,95,29,179,34,68,102,281
06/28/2019,ECP,FL,ASO,ES,Federal Contract Tower,35,27,69,8,139,0,0,44,2,46,35,27,113,10,185,44,18,62,247
06/29/2019,ECP,FL,ASO,ES,Federal Contract Tower,63,24,91,0,178,0,0,48,0,48,63,24,139,0,226,58,0,58,284
07/01/2019,ECP,FL,ASO,ES,Federal Contract Tower,33,16,41,0,90,0,0,45,0,45,33,16,86,0,135,76,12,88,223
07/02/2019,ECP,FL,ASO,ES,Federal Contract Tower,36,21,77,25,159,0,2,44,0,46,36,23,121,25,205,30,40,70,275
07/03/2019,ECP,FL,ASO,ES,Federal Contract Tower,36,24,72,20,152,0,2,50,0,52,36,26,122,20,204,100,44,144,348
07/04/2019,ECP,FL,ASO,ES,Federal Contract Tower,27,4,15,0,46,0,2,38,0,40,27,6,53,0,86,56,0,56,142
07/05/2019,ECP,FL,ASO,ES,Federal Contract Tower,32,15,46,0,93,0,0,36,0,36,32,15,82,0,129,36,0,36,165
07/06/2019,ECP,FL,ASO,ES,Federal Contract Tower,67,21,63,0,151,0,0,42,0,42,67,21,105,0,193,100,0,100,293
07/07/2019,ECP,FL,ASO,ES,Federal Contract Tower,41,25,121,0,187,0,0,48,0,48,41,25,169,0,235,46,0,46,281
07/08/2019,ECP,FL,ASO,ES,Federal Contract Tower,37,18,52,17,124,0,0,41,0,41,37,18,93,17,165,22,8,30,195
07/09/2019,ECP,FL,ASO,ES,Federal Contract Tower,39,22,47,12,120,0,4,26,1,31,39,26,73,13,151,74,36,110,261
07/10/2019,ECP,FL,ASO,ES,Federal Contract Tower,36,28,38,0,102,0,0,29,4,33,36,28,67,4,135,34,36,70,205
07/11/2019,ECP,FL,ASO,ES,Federal Contract Tower,34,15,32,0,81,0,0,32,2,34,34,15,64,2,115,94,14,108,223
07/12/2019,ECP,FL,ASO,ES,Federal Contract Tower,39,7,42,10,98,0,0,11,0,11,39,7,53,10,109,35,0,35,144
07/13/2019,ECP,FL,ASO,ES,Federal Contract Tower,66,21,40,10,137,0,2,43,6,51,66,23,83,16,188,92,4,96,284
07/14/2019,ECP,FL,ASO,ES,Federal Contract Tower,42,4,52,0,98,0,1,60,0,61,42,5,112,0,159,106,12,118,277
07/15/2019,ECP,FL,ASO,ES,Federal Contract Tower,36,12,49,25,122,0,1,55,9,65,36,13,104,34,187,68,80,148,335
07/16/2019,ECP,FL,ASO,ES,Federal Contract Tower,38,6,20,25,89,0,0,37,4,41,38,6,57,29,130,28,56,84,214
07/17/2019,ECP,FL,ASO,ES,Federal Contract Tower,39,7,50,20,116,0,2,49,0,51,39,9,99,20,167,58,14,72,239
07/18/2019,ECP,FL,ASO,ES,Federal Contract Tower,36,16,52,45,149,0,2,26,3,31,36,18,78,48,180,18,78,96,276
07/19/2019,ECP,FL,ASO,ES,Federal Contract Tower,34,16,60,0,110,0,0,33,0,33,34,16,93,0,143,66,0,66,209
07/20/2019,ECP,FL,ASO,ES,Federal Contract Tower,66,19,63,2,150,0,0,23,0,23,66,19,86,2,173,30,0,30,203
07/21/2019,ECP,FL,ASO,ES,Federal Contract Tower,48,16,66,4,134,0,0,63,0,63,48,16,129,4,197,62,0,62,259
07/22/2019,ECP,FL,ASO,ES,Federal Contract Tower,39,6,45,16,106,0,0,38,1,39,39,6,83,17,145,30,30,60,205
07/23/2019,ECP,FL,ASO,ES,Federal Contract Tower,37,6,38,2,83,0,0,19,0,19,37,6,57,2,102,18,0,18,120
07/24/2019,ECP,FL,ASO,ES,Federal Contract Tower,38,28,62,0,128,0,0,18,1,19,38,28,80,1,147,40,12,52,199
07/25/2019,ECP,FL,ASO,ES,Federal Contract Tower,36,16,72,5,129,0,0,45,4,49,36,16,117,9,178,58,36,94,272
07/26/2019,ECP,FL,ASO,ES,Federal Contract Tower,37,18,40,2,97,0,2,44,9,55,37,20,84,11,152,52,24,76,228
07/27/2019,ECP,FL,ASO,ES,Federal Contract Tower,66,30,75,0,171,0,0,53,3,56,66,30,128,3,227,68,2,70,297
07/28/2019,ECP,FL,ASO,ES,Federal Contract Tower,41,15,57,4,117,0,2,48,0,50,41,17,105,4,167,74,22,96,263
07/29/2019,ECP,FL,ASO,ES,Federal Contract Tower,41,11,49,8,109,0,0,37,2,39,41,11,86,10,148,50,30,80,228
07/30/2019,ECP,FL,ASO,ES,Federal Contract Tower,35,12,43,10,100,0,0,39,4,43,35,12,82,14,143,14,12,26,169
07/31/2019,ECP,FL,ASO,ES,Federal Contract Tower,37,12,38,33,120,0,2,40,0,42,37,14,78,33,162,34,48,82,244
08/01/2019,ECP,FL,ASO,ES,Federal Contract Tower,34,16,63,26,139,0,0,61,6,67,34,16,124,32,206,38,64,102,308
08/02/2019,ECP,FL,ASO,ES,Federal Contract Tower,31,14,53,9,107,0,0,36,9,45,31,14,89,18,152,72,60,132,284
08/03/2019,ECP,FL,ASO,ES,Federal Contract Tower,66,23,65,0,154,0,0,49,2,51,66,23,114,2,205,72,28,100,305
08/04/2019,ECP,FL,ASO,ES,Federal Contract Tower,41,6,49,0,96,0,0,26,10,36,41,6,75,10,132,36,0,36,168
08/05/2019,ECP,FL,ASO,ES,Federal Contract Tower,33,9,55,6,103,0,0,27,1,28,33,9,82,7,131,10,38,48,179
08/06/2019,ECP,FL,ASO,ES,Federal Contract Tower,29,16,38,6,89,0,0,30,2,32,29,16,68,8,121,40,18,58,179
08/07/2019,ECP,FL,ASO,ES,Federal Contract Tower,33,8,40,17,98,0,0,49,4,53,33,8,89,21,151,24,34,58,209
08/08/2019,ECP,FL,ASO,ES,Federal Contract Tower,34,16,71,11,132,0,0,31,0,31,34,16,102,11,163,40,20,60,223
08/09/2019,ECP,FL,ASO,ES,Federal Contract Tower,34,17,47,29,127,0,0,30,0,30,34,17,77,29,157,20,12,32,189
08/10/2019,ECP,FL,ASO,ES,Federal Contract Tower,46,7,40,6,99,0,2,52,0,54,46,9,92,6,153,80,2,82,235
08/11/2019,ECP,FL,ASO,ES,Federal Contract Tower,37,15,57,0,109,0,0,40,0,40,37,15,97,0,149,76,0,76,225
08/12/2019,ECP,FL,ASO,ES,Federal Contract Tower,32,9,46,6,93,0,2,28,0,30,32,11,74,6,123,8,40,48,171
08/13/2019,ECP,FL,ASO,ES,Federal Contract Tower,31,19,44,18,112,0,4,33,2,39,31,23,77,20,151,30,6,36,187
08/14/2019,ECP,FL,ASO,ES,Federal Contract Tower,31,8,35,15,89,0,0,44,2,46,31,8,79,17,135,34,16,50,185
08/15/2019,ECP,FL,ASO,ES,Federal Contract Tower,31,11,35,2,79,0,0,45,4,49,31,11,80,6,128,8,6,14,142
08/16/2019,ECP,FL,ASO,ES,Federal Contract Tower,32,9,47,2,90,0,0,36,0,36,32,9,83,2,126,42,6,48,174
08/17/2019,ECP,FL,ASO,ES,Federal Contract Tower,52,6,18,0,76,0,2,44,10,56,52,8,62,10,132,38,0,38,170
08/18/2019,ECP,FL,ASO,ES,Federal Contract Tower,35,11,37,0,83,0,0,18,0,18,35,11,55,0,101,30,0,30,131
08/19/2019,ECP,FL,ASO,ES,Federal Contract Tower,30,12,33,10,85,0,0,15,0,15,30,12,48,10,100,18,30,48,148
08/20/2019,ECP,FL,ASO,ES,Federal Contract Tower,29,15,38,22,104,0,2,21,0,23,29,17,59,22,127,38,8,46,173
08/21/2019,ECP,FL,ASO,ES,Federal Contract Tower,33,7,44,14,98,0,4,23,0,27,33,11,67,14,125,26,14,40,165
08/22/2019,ECP,FL,ASO,ES,Federal Contract Tower,32,11,34,18,95,0,0,35,6,41,32,11,69,24,136,42,72,114,250
08/23/2019,ECP,FL,ASO,ES,Federal Contract Tower,30,16,50,8,104,0,10,38,4,52,30,26,88,12,156,18,26,44,200
08/24/2019,ECP,FL,ASO,ES,Federal Contract Tower,44,1,32,0,77,0,4,35,0,39,44,5,67,0,116,48,0,48,164
08/25/2019,ECP,FL,ASO,ES,Federal Contract Tower,31,13,40,27,111,0,0,49,0,49,31,13,89,27,160,46,24,70,230
08/26/2019,ECP,FL,ASO,ES,Federal Contract Tower,35,10,27,24,96,0,0,20,0,20,35,10,47,24,116,24,18,42,158
08/27/2019,ECP,FL,ASO,ES,Federal Contract Tower,31,13,39,8,91,0,0,35,2,37,31,13,74,10,128,0,56,56,184
08/28/2019,ECP,FL,ASO,ES,Federal Contract Tower,32,9,44,28,113,0,2,34,11,47,32,11,78,39,160,14,118,132,292
08/29/2019,ECP,FL,ASO,ES,Federal Contract Tower,33,26,60,9,128,0,2,43,5,50,33,28,103,14,178,30,4,34,212
08/30/2019,ECP,FL,ASO,ES,Federal Contract Tower,30,30,105,2,167,0,4,56,0,60,30,34,161,2,227,60,0,60,287
08/31/2019,ECP,FL,ASO,ES,Federal Contract Tower,40,15,26,0,81,0,0,40,0,40,40,15,66,0,121,62,0,62,183
09/01/2019,ECP,FL,ASO,ES,Federal Contract Tower,28,3,28,2,61,0,0,31,0,31,28,3,59,2,92,40,2,42,134
09/02/2019,ECP,FL,ASO,ES,Federal Contract Tower,33,32,103,0,168,0,0,48,0,48,33,32,151,0,216,39,0,39,255
09/03/2019,ECP,FL,ASO,ES,Federal Contract Tower,40,21,20,5,86,0,0,25,3,28,40,21,45,8,114,6,12,18,132
09/04/2019,ECP,FL,ASO,ES,Federal Contract Tower,34,6,12,7,59,0,2,25,2,29,34,8,37,9,88,38,16,54,142
09/05/2019,ECP,FL,ASO,ES,Federal Contract Tower,36,12,33,10,91,0,2,39,4,45,36,14,72,14,136,54,20,74,210
09/06/2019,ECP,FL,ASO,ES,Federal Contract Tower,36,12,49,14,111,0,2,33,0,35,36,14,82,14,146,50,16,66,212
09/07/2019,ECP,FL,ASO,ES,Federal Contract Tower,36,9,16,2,63,0,4,38,0,42,36,13,54,2,105,66,16,82,187
09/08/2019,ECP,FL,ASO,ES,Federal Contract Tower,35,10,35,2,82,0,0,30,0,30,35,10,65,2,112,34,24,58,170
09/09/2019,ECP,FL,ASO,ES,Federal Contract Tower,36,15,22,42,115,0,0,40,0,40,36,15,62,42,155,64,0,64,219
09/10/2019,ECP,FL,ASO,ES,Federal Contract Tower,33,17,23,2,75,0,0,28,0,28,33,17,51,2,103,14,24,38,141
09/11/2019,ECP,FL,ASO,ES,Federal Contract Tower,34,13,34,20,101,0,0,20,9,29,34,13,54,29,130,6,24,30,160
09/12/2019,ECP,FL,ASO,ES,Federal Contract Tower,36,28,35,6,105,0,6,36,6,48,36,34,71,12,153,14,14,28,181
09/13/2019,ECP,FL,ASO,ES,Federal Contract Tower,35,24,46,6,111,0,1,52,2,55,35,25,98,8,166,30,10,40,206
09/14/2019,ECP,FL,ASO,ES,Federal Contract Tower,39,5,24,0,68,0,0,32,0,32,39,5,56,0,100,60,0,60,160
09/15/2019,ECP,FL,ASO,ES,Federal Contract Tower,35,13,34,1,83,0,4,37,0,41,35,17,71,1,124,12,0,12,136
09/16/2019,ECP,FL,ASO,ES,Federal Contract Tower,34,9,25,4,72,0,2,37,4,43,34,11,62,8,115,46,20,66,181
09/17/2019,ECP,FL,ASO,ES,Federal Contract Tower,34,9,29,4,76,0,0,34,0,34,34,9,63,4,110,20,0,20,130
09/18/2019,ECP,FL,ASO,ES,Federal Contract Tower,34,15,35,5,89,0,0,33,4,37,34,15,68,9,126,10,12,22,148
09/19/2019,ECP,FL,ASO,ES,Federal Contract Tower,31,12,51,0,94,0,0,29,0,29,31,12,80,0,123,14,10,24,147
09/20/2019,ECP,FL,ASO,ES,Federal Contract Tower,32,11,38,1,82,0,1,24,2,27,32,12,62,3,109,10,0,10,119
09/21/2019,ECP,FL,ASO,ES,Federal Contract Tower,38,8,28,2,76,0,2,30,0,32,38,10,58,2,108,20,12,32,140
09/22/2019,ECP,FL,ASO,ES,Federal Contract Tower,37,9,61,0,107,0,2,38,0,40,37,11,99,0,147,18,0,18,165
09/23/2019,ECP,FL,ASO,ES,Federal Contract Tower,34,11,33,3,81,0,0,37,3,40,34,11,70,6,121,36,0,36,157
09/24/2019,ECP,FL,ASO,ES,Federal Contract Tower,32,9,29,5,75,0,1,53,7,61,32,10,82,12,136,34,30,64,200
09/25/2019,ECP,FL,ASO,ES,Federal Contract Tower,35,14,37,12,98,0,2,42,12,56,35,16,79,24,154,30,48,78,232
09/26/2019,ECP,FL,ASO,ES,Federal Contract Tower,35,17,62,19,133,0,0,77,2,79,35,17,139,21,212,44,22,66,278
09/27/2019,ECP,FL,ASO,ES,Federal Contract Tower,34,9,63,4,110,0,2,56,0,58,34,11,119,4,168,23,36,59,227
09/28/2019,ECP,FL,ASO,ES,Federal Contract Tower,42,7,37,6,92,0,4,45,0,49,42,11,82,6,141,62,0,62,203
09/29/2019,ECP,FL,ASO,ES,Federal Contract Tower,37,15,70,0,122,0,2,57,0,59,37,17,127,0,181,38,0,38,219
09/30/2019,ECP,FL,ASO,ES,Federal Contract Tower,34,12,27,4,77,0,0,29,38,67,34,12,56,42,144,4,24,28,172
10/01/2019,ECP,FL,ASO,ES,Federal Contract Tower,36,11,29,16,92,0,2,44,0,46,36,13,73,16,138,8,2,10,148
10/02/2019,ECP,FL,ASO,ES,Federal Contract Tower,30,20,38,24,112,0,2,40,0,42,30,22,78,24,154,12,34,46,200
10/03/2019,ECP,FL,ASO,ES,Federal Contract Tower,30,11,53,7,101,0,0,46,0,46,30,11,99,7,147,64,22,86,233
10/04/2019,ECP,FL,ASO,ES,Federal Contract Tower,31,14,55,10,110,0,2,42,0,44,31,16,97,10,154,30,0,30,184
10/05/2019,ECP,FL,ASO,ES,Federal Contract Tower,34,12,44,4,94,0,2,38,0,40,34,14,82,4,134,30,0,30,164
10/06/2019,ECP,FL,ASO,ES,Federal Contract Tower,32,9,86,31,158,0,0,50,0,50,32,9,136,31,208,30,6,36,244
10/07/2019,ECP,FL,ASO,ES,Federal Contract Tower,28,6,46,17,97,0,0,34,0,34,28,6,80,17,131,38,0,38,169
10/08/2019,ECP,FL,ASO,ES,Federal Contract Tower,28,10,29,15,82,0,2,36,2,40,28,12,65,17,122,30,46,76,198
10/09/2019,ECP,FL,ASO,ES,Federal Contract Tower,28,13,70,8,119,0,2,44,2,48,28,15,114,10,167,16,46,62,229
10/10/2019,ECP,FL,ASO,ES,Federal Contract Tower,30,19,79,6,134,0,2,55,0,57,30,21,134,6,191,8,42,50,241
10/11/2019,ECP,FL,ASO,ES,Federal Contract Tower,29,28,96,2,155,0,4,43,0,47,29,32,139,2,202,26,0,26,228
10/12/2019,ECP,FL,ASO,ES,Federal Contract Tower,33,20,65,0,118,0,0,42,0,42,33,20,107,0,160,44,12,56,216
10/14/2019,ECP,FL,ASO,ES,Federal Contract Tower,27,23,62,0,112,0,0,36,0,36,27,23,98,0,148,6,0,6,154
10/15/2019,ECP,FL,ASO,ES,Federal Contract Tower,26,20,51,2,99,0,0,2,0,2,26,20,53,2,101,4,0,4,105
10/16/2019,ECP,FL,ASO,ES,Federal Contract Tower,28,20,50,6,104,0,0,10,1,11,28,20,60,7,115,0,24,24,139
10/17/2019,ECP,FL,ASO,ES,Federal Contract Tower,28,18,45,13,104,0,0,49,7,56,28,18,94,20,160,34,62,96,256
10/18/2019,ECP,FL,ASO,ES,Federal Contract Tower,28,12,43,2,85,0,0,10,0,10,28,12,53,2,95,26,0,26,121
10/19/2019,ECP,FL,ASO,ES,Federal Contract Tower,29,1,26,0,56,0,1,0,0,1,29,2,26,0,57,0,0,0,57
10/20/2019,ECP,FL,ASO,ES,Federal Contract Tower,30,34,71,0,135,0,0,38,0,38,30,34,109,0,173,60,0,60,233
10/21/2019,ECP,FL,ASO,ES,Federal Contract Tower,28,13,38,9,88,2,1,10,3,16,30,14,48,12,104,8,20,28,132
10/22/2019,ECP,FL,ASO,ES,Federal Contract Tower,29,8,35,2,74,0,0,25,1,26,29,8,60,3,100,8,8,16,116
10/23/2019,ECP,FL,ASO,ES,Federal Contract Tower,29,17,47,2,95,0,1,25,0,26,29,18,72,2,121,20,20,40,161
10/24/2019,ECP,FL,ASO,ES,Federal Contract Tower,28,16,82,8,134,0,0,40,2,42,28,16,122,10,176,24,8,32,208
10/25/2019,ECP,FL,ASO,ES,Federal Contract Tower,30,16,20,32,98,0,0,10,0,10,30,16,30,32,108,10,10,20,128
10/26/2019,ECP,FL,ASO,ES,Federal Contract Tower,33,3,22,0,58,0,0,6,0,6,33,3,28,0,64,6,0,6,70
10/27/2019,ECP,FL,ASO,ES,Federal Contract Tower,30,14,71,0,115,0,0,23,0,23,30,14,94,0,138,54,0,54,192
10/28/2019,ECP,FL,ASO,ES,Federal Contract Tower,29,21,32,10,92,0,0,30,0,30,29,21,62,10,122,42,16,58,180
10/29/2019,ECP,FL,ASO,ES,Federal Contract Tower,29,8,12,0,49,0,0,0,0,0,29,8,12,0,49,0,0,0,49
10/30/2019,ECP,FL,ASO,ES,Federal Contract Tower,26,17,29,8,80,0,0,1,0,1,26,17,30,8,81,0,0,0,81
10/31/2019,ECP,FL,ASO,ES,Federal Contract Tower,29,13,42,11,95,0,0,0,0,0,29,13,42,11,95,0,0,0,95
11/01/2019,ECP,FL,ASO,ES,Federal Contract Tower,28,15,72,12,127,0,2,40,6,48,28,17,112,18,175,22,4,26,201
11/02/2019,ECP,FL,ASO,ES,Federal Contract Tower,30,9,24,8,71,0,7,29,5,41,30,16,53,13,112,30,0,30,142
11/03/2019,ECP,FL,ASO,ES,Federal Contract Tower,26,13,51,0,90,0,1,40,0,41,26,14,91,0,131,40,0,40,171
11/04/2019,ECP,FL,ASO,ES,Federal Contract Tower,29,8,35,9,81,0,2,21,1,24,29,10,56,10,105,14,0,14,119
11/05/2019,ECP,FL,ASO,ES,Federal Contract Tower,28,21,45,5,99,0,0,24,3,27,28,21,69,8,126,2,0,2,128
11/06/2019,ECP,FL,ASO,ES,Federal Contract Tower,26,14,45,5,90,0,1,27,4,32,26,15,72,9,122,8,14,22,144
11/07/2019,ECP,FL,ASO,ES,Federal Contract Tower,27,23,35,18,103,0,0,17,11,28,27,23,52,29,131,18,44,62,193
11/08/2019,ECP,FL,ASO,ES,Federal Contract Tower,27,15,72,11,125,0,2,14,0,16,27,17,86,11,141,4,0,4,145
11/09/2019,ECP,FL,ASO,ES,Federal Contract Tower,28,2,15,13,58,0,0,32,0,32,28,2,47,13,90,30,0,30,120
11/10/2019,ECP,FL,ASO,ES,Federal Contract Tower,29,3,62,0,94,0,0,54,4,58,29,3,116,4,152,34,22,56,208
11/11/2019,ECP,FL,ASO,ES,Federal Contract Tower,29,7,51,0,87,0,0,38,0,38,29,7,89,0,125,40,0,40,165
11/12/2019,ECP,FL,ASO,ES,Federal Contract Tower,26,6,24,1,57,0,0,1,4,5,26,6,25,5,62,0,34,34,96
11/13/2019,ECP,FL,ASO,ES,Federal Contract Tower,26,9,48,2,85,0,4,25,2,31,26,13,73,4,116,10,14,24,140
11/14/2019,ECP,FL,ASO,ES,Federal Contract Tower,30,8,46,9,93,0,0,7,1,8,30,8,53,10,101,12,14,26,127
11/15/2019,ECP,FL,ASO,ES,Federal Contract Tower,28,7,33,12,80,0,0,2,0,2,28,7,35,12,82,0,0,0,82
11/16/2019,ECP,FL,ASO,ES,Federal Contract Tower,30,3,21,8,62,0,0,17,0,17,30,3,38,8,79,26,0,26,105
11/17/2019,ECP,FL,ASO,ES,Federal Contract Tower,29,2,31,0,62,0,0,34,0,34,29,2,65,0,96,26,0,26,122
11/18/2019,ECP,FL,ASO,ES,Federal Contract Tower,28,3,39,19,89,0,22,2,0,24,28,25,41,19,113,30,12,42,155
11/19/2019,ECP,FL,ASO,ES,Federal Contract Tower,27,12,35,12,86,0,0,44,7,51,27,12,79,19,137,40,56,96,233
11/20/2019,ECP,FL,ASO,ES,Federal Contract Tower,28,13,37,21,99,0,0,41,3,44,28,13,78,24,143,52,30,82,225
11/21/2019,ECP,FL,ASO,ES,Federal Contract Tower,28,20,52,18,118,0,0,53,4,57,28,20,105,22,175,4,42,46,221
11/22/2019,ECP,FL,ASO,ES,Federal Contract Tower,28,24,52,3,107,0,5,40,0,45,28,29,92,3,152,12,22,34,186
11/23/2019,ECP,FL,ASO,ES,Federal Contract Tower,31,22,35,0,88,0,0,20,0,20,31,22,55,0,108,0,0,0,108
11/24/2019,ECP,FL,ASO,ES,Federal Contract Tower,30,14,44,2,90,0,0,28,0,28,30,14,72,2,118,8,12,20,138
11/25/2019,ECP,FL,ASO,ES,Federal Contract Tower,28,12,49,14,103,0,2,41,2,45,28,14,90,16,148,44,52,96,244
11/26/2019,ECP,FL,ASO,ES,Federal Contract Tower,28,19,43,13,103,0,0,27,15,42,28,19,70,28,145,12,118,130,275
11/27/2019,ECP,FL,ASO,ES,Federal Contract Tower,30,31,75,36,172,0,2,17,4,23,30,33,92,40,195,4,30,34,229
11/28/2019,ECP,FL,ASO,ES,Federal Contract Tower,23,10,15,0,48,0,3,19,0,22,23,13,34,0,70,12,0,12,82
11/29/2019,ECP,FL,ASO,ES,Federal Contract Tower,24,23,55,0,102,0,0,30,0,30,24,23,85,0,132,2,0,2,134
11/30/2019,ECP,FL,ASO,ES,Federal Contract Tower,28,22,45,0,95,0,4,47,0,51,28,26,92,0,146,22,0,22,168
12/01/2019,ECP,FL,ASO,ES,Federal Contract Tower,37,37,106,0,180,0,0,19,0,19,37,37,125,0,199,6,0,6,205
12/02/2019,ECP,FL,ASO,ES,Federal Contract Tower,28,15,29,3,75,0,3,29,4,36,28,18,58,7,111,16,34,50,161
12/03/2019,ECP,FL,ASO,ES,Federal Contract Tower,30,7,49,4,90,0,0,34,4,38,30,7,83,8,128,18,6,24,152
12/04/2019,ECP,FL,ASO,ES,Federal Contract Tower,28,8,19,9,64,0,5,21,2,28,28,13,40,11,92,26,22,48,140
12/05/2019,ECP,FL,ASO,ES,Federal Contract Tower,27,6,28,17,78,0,1,34,8,43,27,7,62,25,121,44,24,68,189
12/06/2019,ECP,FL,ASO,ES,Federal Contract Tower,26,10,40,16,92,0,2,26,0,28,26,12,66,16,120,18,0,18,138
12/07/2019,ECP,FL,ASO,ES,Federal Contract Tower,25,5,21,2,53,0,0,20,0,20,25,5,41,2,73,16,0,16,89
12/08/2019,ECP,FL,ASO,ES,Federal Contract Tower,28,10,37,0,75,0,0,24,0,24,28,10,61,0,99,30,0,30,129
12/09/2019,ECP,FL,ASO,ES,Federal Contract Tower,25,4,23,5,57,0,0,20,0,20,25,4,43,5,77,18,14,32,109
12/10/2019,ECP,FL,ASO,ES,Federal Contract Tower,30,15,38,32,115,0,0,9,0,9,30,15,47,32,124,6,14,20,144
12/11/2019,ECP,FL,ASO,ES,Federal Contract Tower,29,14,33,12,88,0,0,6,0,6,29,14,39,12,94,62,4,66,160
12/12/2019,ECP,FL,ASO,ES,Federal Contract Tower,32,7,66,8,113,0,0,4,0,4,32,7,70,8,117,0,24,24,141
12/13/2019,ECP,FL,ASO,ES,Federal Contract Tower,30,3,15,0,48,0,0,0,0,0,30,3,15,0,48,0,0,0,48
12/14/2019,ECP,FL,ASO,ES,Federal Contract Tower,26,7,29,1,63,0,2,34,0,36,26,9,63,1,99,30,2,32,131
12/15/2019,ECP,FL,ASO,ES,Federal Contract Tower,28,7,22,1,58,0,0,42,1,43,28,7,64,2,101,36,0,36,137
12/17/2019,ECP,FL,ASO,ES,Federal Contract Tower,27,6,17,6,56,0,0,0,0,0,27,6,17,6,56,0,0,0,56
12/18/2019,ECP,FL,ASO,ES,Federal Contract Tower,29,7,25,4,65,0,1,34,8,43,29,8,59,12,108,28,40,68,176
12/19/2019,ECP,FL,ASO,ES,Federal Contract Tower,30,13,28,2,73,0,0,42,6,48,30,13,70,8,121,64,34,98,219
12/20/2019,ECP,FL,ASO,ES,Federal Contract Tower,29,12,27,2,70,0,3,31,0,34,29,15,58,2,104,34,0,34,138
12/21/2019,ECP,FL,ASO,ES,Federal Contract Tower,29,11,27,0,67,0,0,8,0,8,29,11,35,0,75,0,0,0,75
12/22/2019,ECP,FL,ASO,ES,Federal Contract Tower,30,5,12,0,47,0,0,0,0,0,30,5,12,0,47,0,0,0,47
12/23/2019,ECP,FL,ASO,ES,Federal Contract Tower,31,15,35,0,81,0,0,12,0,12,31,15,47,0,93,2,0,2,95
12/24/2019,ECP,FL,ASO,ES,Federal Contract Tower,20,9,13,0,42,0,0,9,0,9,20,9,22,0,51,0,0,0,51
12/25/2019,ECP,FL,ASO,ES,Federal Contract Tower,23,0,6,0,29,0,0,3,0,3,23,0,9,0,32,0,0,0,32
12/26/2019,ECP,FL,ASO,ES,Federal Contract Tower,29,15,55,0,99,0,0,31,0,31,29,15,86,0,130,24,0,24,154
12/27/2019,ECP,FL,ASO,ES,Federal Contract Tower,29,26,74,4,133,0,2,30,0,32,29,28,104,4,165,22,0,22,187
12/28/2019,ECP,FL,ASO,ES,Federal Contract Tower,33,12,56,0,101,0,0,0,0,0,33,12,56,0,101,0,0,0,101
12/29/2019,ECP,FL,ASO,ES,Federal Contract Tower,29,10,41,0,80,0,0,3,0,3,29,10,44,0,83,4,0,4,87
12/30/2019,ECP,FL,ASO,ES,Federal Contract Tower,27,14,51,0,92,0,0,50,0,50,27,14,101,0,142,60,0,60,202
12/31/2019,ECP,FL,ASO,ES,Federal Contract Tower,24,14,50,0,88,0,6,25,0,31,24,20,75,0,119,31,0,31,150
01/01/2020,ECP,FL,ASO,ES,Federal Contract Tower,25,14,60,0,99,0,0,57,0,57,25,14,117,0,156,18,0,18,174
01/02/2020,ECP,FL,ASO,ES,Federal Contract Tower,26,19,59,0,104,0,0,24,0,24,26,19,83,0,128,22,0,22,150
01/03/2020,ECP,FL,ASO,ES,Federal Contract Tower,29,11,21,4,65,0,0,0,0,0,29,11,21,4,65,0,0,0,65
01/04/2020,ECP,FL,ASO,ES,Federal Contract Tower,30,18,58,0,106,0,2,8,0,10,30,20,66,0,116,2,0,2,118
01/05/2020,ECP,FL,ASO,ES,Federal Contract Tower,28,13,44,0,85,0,7,46,0,53,28,20,90,0,138,18,0,18,156
01/06/2020,ECP,FL,ASO,ES,Federal Contract Tower,31,16,36,12,95,0,2,48,0,50,31,18,84,12,145,32,14,46,191
01/07/2020,ECP,FL,ASO,ES,Federal Contract Tower,31,6,19,2,58,0,22,2,0,24,31,28,21,2,82,34,26,60,142
01/08/2020,ECP,FL,ASO,ES,Federal Contract Tower,29,7,24,24,84,0,1,45,5,51,29,8,69,29,135,26,60,86,221
01/09/2020,ECP,FL,ASO,ES,Federal Contract Tower,29,10,34,7,80,0,3,27,0,30,29,13,61,7,110,26,0,26,136
01/10/2020,ECP,FL,ASO,ES,Federal Contract Tower,31,3,27,36,97,0,3,12,4,19,31,6,39,40,116,16,28,44,160
01/11/2020,ECP,FL,ASO,ES,Federal Contract Tower,22,1,3,0,26,0,0,0,0,0,22,1,3,0,26,0,0,0,26
01/12/2020,ECP,FL,ASO,ES,Federal Contract Tower,28,5,28,0,61,0,0,16,0,16,28,5,44,0,77,46,0,46,123
01/13/2020,ECP,FL,ASO,ES,Federal Contract Tower,30,1,27,38,96,0,1,1,0,2,30,2,28,38,98,0,0,0,98
01/14/2020,ECP,FL,ASO,ES,Federal Contract Tower,30,10,27,102,169,0,1,24,0,25,30,11,51,102,194,74,38,112,306
01/15/2020,ECP,FL,ASO,ES,Federal Contract Tower,30,15,48,62,155,0,1,8,0,9,30,16,56,62,164,12,26,38,202
01/16/2020,ECP,FL,ASO,ES,Federal Contract Tower,30,18,43,42,133,0,0,6,2,8,30,18,49,44,141,2,12,14,155
01/17/2020,ECP,FL,ASO,ES,Federal Contract Tower,30,16,54,7,107,0,2,24,1,27,30,18,78,8,134,16,2,18,152
01/18/2020,ECP,FL,ASO,ES,Federal Contract Tower,24,8,19,1,52,0,0,11,0,11,24,8,30,1,63,16,0,16,79
01/19/2020,ECP,FL,ASO,ES,Federal Contract Tower,28,8,42,0,78,0,0,7,0,7,28,8,49,0,85,2,0,2,87
01/20/2020,ECP,FL,ASO,ES,Federal Contract Tower,32,13,59,0,104,0,0,40,0,40,32,13,99,0,144,32,0,32,176
01/21/2020,ECP,FL,ASO,ES,Federal Contract Tower,30,8,31,42,111,0,0,18,0,18,30,8,49,42,129,38,8,46,175
01/22/2020,ECP,FL,ASO,ES,Federal Contract Tower,30,6,32,12,80,0,0,27,4,31,30,6,59,16,111,30,26,56,167
01/23/2020,ECP,FL,ASO,ES,Federal Contract Tower,30,9,38,38,115,0,2,17,0,19,30,11,55,38,134,6,18,24,158
01/24/2020,ECP,FL,ASO,ES,Federal Contract Tower,30,11,32,22,95,0,0,8,0,8,30,11,40,22,103,0,8,8,111
01/25/2020,ECP,FL,ASO,ES,Federal Contract Tower,25,5,22,5,57,0,2,65,2,69,25,7,87,7,126,90,0,90,216
01/26/2020,ECP,FL,ASO,ES,Federal Contract Tower,32,9,31,4,76,0,0,13,0,13,32,9,44,4,89,10,0,10,99
01/27/2020,ECP,FL,ASO,ES,Federal Contract Tower,32,8,41,8,89,0,0,6,0,6,32,8,47,8,95,20,26,46,141
01/28/2020,ECP,FL,ASO,ES,Federal Contract Tower,29,12,31,6,78,0,0,43,4,47,29,12,74,10,125,24,32,56,181
01/29/2020,ECP,FL,ASO,ES,Federal Contract Tower,30,11,29,8,78,0,0,5,2,7,30,11,34,10,85,0,6,6,91
01/30/2020,ECP,FL,ASO,ES,Federal Contract Tower,30,8,32,3,73,0,2,30,0,32,30,10,62,3,105,46,12,58,163
01/31/2020,ECP,FL,ASO,ES,Federal Contract Tower,31,11,33,8,83,0,0,0,0,0,31,11,33,8,83,0,0,0,83
02/01/2020,ECP,FL,ASO,ES,Federal Contract Tower,27,6,50,0,83,0,0,2,0,2,27,6,52,0,85,2,0,2,87
02/02/2020,ECP,FL,ASO,ES,Federal Contract Tower,30,12,35,0,77,0,2,45,0,47,30,14,80,0,124,60,0,60,184
02/03/2020,ECP,FL,ASO,ES,Federal Contract Tower,34,19,27,6,86,0,2,40,2,44,34,21,67,8,130,50,0,50,180
02/04/2020,ECP,FL,ASO,ES,Federal Contract Tower,32,9,22,42,105,0,0,31,7,38,32,9,53,49,143,50,24,74,217
02/05/2020,ECP,FL,ASO,ES,Federal Contract Tower,32,8,33,18,91,0,0,0,0,0,32,8,33,18,91,0,0,0,91
02/06/2020,ECP,FL,ASO,ES,Federal Contract Tower,30,8,14,0,52,0,0,0,0,0,30,8,14,0,52,0,0,0,52
02/07/2020,ECP,FL,ASO,ES,Federal Contract Tower,27,13,40,44,124,0,6,28,9,43,27,19,68,53,167,30,56,86,253
02/08/2020,ECP,FL,ASO,ES,Federal Contract Tower,23,2,31,2,58,0,2,32,0,34,23,4,63,2,92,12,0,12,104
02/09/2020,ECP,FL,ASO,ES,Federal Contract Tower,32,5,50,8,95,0,2,47,0,49,32,7,97,8,144,42,6,48,192
02/10/2020,ECP,FL,ASO,ES,Federal Contract Tower,31,8,39,72,150,0,2,31,1,34,31,10,70,73,184,8,36,44,228
02/11/2020,ECP,FL,ASO,ES,Federal Contract Tower,30,9,40,33,112,0,0,0,0,0,30,9,40,33,112,0,0,0,112
02/12/2020,ECP,FL,ASO,ES,Federal Contract Tower,28,17,40,25,110,0,0,0,0,0,28,17,40,25,110,0,0,0,110
02/13/2020,ECP,FL,ASO,ES,Federal Contract Tower,28,21,44,4,97,0,0,2,2,4,28,21,46,6,101,18,14,32,133
02/14/2020,ECP,FL,ASO,ES,Federal Contract Tower,30,18,79,8,135,0,2,24,0,26,30,20,103,8,161,38,0,38,199
02/15/2020,ECP,FL,ASO,ES,Federal Contract Tower,25,9,32,0,66,0,2,45,0,47,25,11,77,0,113,40,2,42,155
02/16/2020,ECP,FL,ASO,ES,Federal Contract Tower,30,13,59,0,102,0,0,1,0,1,30,13,60,0,103,0,0,0,103
02/17/2020,ECP,FL,ASO,ES,Federal Contract Tower,34,11,60,1,106,0,0,1,0,1,34,11,61,1,107,16,0,16,123
02/18/2020,ECP,FL,ASO,ES,Federal Contract Tower,29,13,31,33,106,0,0,10,0,10,29,13,41,33,116,16,18,34,150
02/19/2020,ECP,FL,ASO,ES,Federal Contract Tower,32,21,42,15,110,0,0,20,7,27,32,21,62,22,137,44,32,76,213
02/20/2020,ECP,FL,ASO,ES,Federal Contract Tower,32,8,39,26,105,0,0,0,0,0,32,8,39,26,105,0,0,0,105
02/21/2020,ECP,FL,ASO,ES,Federal Contract Tower,31,13,44,15,103,0,2,13,6,21,31,15,57,21,124,8,32,40,164
02/22/2020,ECP,FL,ASO,ES,Federal Contract Tower,26,5,20,0,51,0,4,50,0,54,26,9,70,0,105,26,0,26,131
02/24/2020,ECP,FL,ASO,ES,Federal Contract Tower,34,7,33,16,90,0,0,14,4,18,34,7,47,20,108,6,10,16,124
02/25/2020,ECP,FL,ASO,ES,Federal Contract Tower,31,7,41,3,82,0,0,17,0,17,31,7,58,3,99,32,0,32,131
02/26/2020,ECP,FL,ASO,ES,Federal Contract Tower,30,15,30,6,81,0,4,19,6,29,30,19,49,12,110,4,22,26,136
02/27/2020,ECP,FL,ASO,ES,Federal Contract Tower,32,18,59,16,125,0,0,38,5,43,32,18,97,21,168,22,76,98,266
02/28/2020,ECP,FL,ASO,ES,Federal Contract Tower,30,15,54,13,112,0,0,50,3,53,30,15,104,16,165,14,40,54,219
02/29/2020,ECP,FL,ASO,ES,Federal Contract Tower,26,11,41,0,78,0,0,38,2,40,26,11,79,2,118,20,0,20,138
03/01/2020,ECP,FL,ASO,ES,Federal Contract Tower,30,11,52,0,93,0,0,44,0,44,30,11,96,0,137,54,18,72,209
03/02/2020,ECP,FL,ASO,ES,Federal Contract Tower,31,12,48,14,105,0,0,13,1,14,31,12,61,15,119,12,10,22,141
03/03/2020,ECP,FL,ASO,ES,Federal Contract Tower,30,19,32,32,113,0,0,3,6,9,30,19,35,38,122,0,18,18,140
03/04/2020,ECP,FL,ASO,ES,Federal Contract Tower,28,9,12,6,55,0,0,0,0,0,28,9,12,6,55,0,0,0,55
03/05/2020,ECP,FL,ASO,ES,Federal Contract Tower,29,7,35,18,89,0,0,2,0,2,29,7,37,18,91,6,0,6,97
03/06/2020,ECP,FL,ASO,ES,Federal Contract Tower,30,13,66,4,113,0,2,25,2,29,30,15,91,6,142,34,14,48,190
03/07/2020,ECP,FL,ASO,ES,Federal Contract Tower,63,13,34,7,117,0,5,48,0,53,63,18,82,7,170,30,0,30,200
03/08/2020,ECP,FL,ASO,ES,Federal Contract Tower,34,14,54,2,104,0,0,53,0,53,34,14,107,2,157,58,16,74,231
03/09/2020,ECP,FL,ASO,ES,Federal Contract Tower,37,11,47,36,131,0,0,38,2,40,37,11,85,38,171,36,26,62,233
03/10/2020,ECP,FL,ASO,ES,Federal Contract Tower,34,12,35,21,102,0,4,27,1,32,34,16,62,22,134,24,12,36,170
03/11/2020,ECP,FL,ASO,ES,Federal Contract Tower,36,9,44,12,101,0,0,15,0,15,36,9,59,12,116,36,4,40,156
03/12/2020,ECP,FL,ASO,ES,Federal Contract Tower,36,13,54,6,109,0,1,45,0,46,36,14,99,6,155,34,18,52,207
03/13/2020,ECP,FL,ASO,ES,Federal Contract Tower,34,15,69,14,132,0,0,50,0,50,34,15,119,14,182,36,24,60,242
03/14/2020,ECP,FL,ASO,ES,Federal Contract Tower,61,31,59,12,163,0,2,53,0,55,61,33,112,12,218,86,0,86,304
03/16/2020,ECP,FL,ASO,ES,Federal Contract Tower,36,20,55,11,122,0,0,40,14,54,36,20,95,25,176,34,20,54,230
03/17/2020,ECP,FL,ASO,ES,Federal Contract Tower,35,16,42,54,147,0,2,25,5,32,35,18,67,59,179,28,46,74,253
03/18/2020,ECP,FL,ASO,ES,Federal Contract Tower,38,20,25,39,122,0,0,27,3,30,38,20,52,42,152,24,32,56,208
03/19/2020,ECP,FL,ASO,ES,Federal Contract Tower,33,20,31,26,110,0,1,40,6,47,33,21,71,32,157,32,24,56,213
03/20/2020,ECP,FL,ASO,ES,Federal Contract Tower,28,9,54,22,113,0,0,21,0,21,28,9,75,22,134,16,28,44,178
03/21/2020,ECP,FL,ASO,ES,Federal Contract Tower,57,14,70,0,141,0,1,14,0,15,57,15,84,0,156,38,0,38,194
03/22/2020,ECP,FL,ASO,ES,Federal Contract Tower,29,11,37,2,79,0,0,20,0,20,29,11,57,2,99,8,0,8,107
03/23/2020,ECP,FL,ASO,ES,Federal Contract Tower,27,10,31,30,98,0,0,10,0,10,27,10,41,30,108,12,6,18,126
03/24/2020,ECP,FL,ASO,ES,Federal Contract Tower,25,9,23,19,76,0,0,6,2,8,25,9,29,21,84,20,28,48,132
03/25/2020,ECP,FL,ASO,ES,Federal Contract Tower,25,16,36,12,89,0,0,19,2,21,25,16,55,14,110,41,28,69,179
03/26/2020,ECP,FL,ASO,ES,Federal Contract Tower,21,12,26,5,64,0,1,30,6,37,21,13,56,11,101,28,60,88,189
03/27/2020,ECP,FL,ASO,ES,Federal Contract Tower,16,7,29,8,60,0,0,33,2,35,16,7,62,10,95,8,34,42,137
03/28/2020,ECP,FL,ASO,ES,Federal Contract Tower,23,7,16,0,46,0,2,42,0,44,23,9,58,0,90,22,0,22,112
03/29/2020,ECP,FL,ASO,ES,Federal Contract Tower,21,7,22,4,54,0,2,16,0,18,21,9,38,4,72,16,0,16,88
03/30/2020,ECP,FL,ASO,ES,Federal Contract Tower,19,12,21,11,63,0,1,38,0,39,19,13,59,11,102,59,14,73,175
04/01/2020,ECP,FL,ASO,ES,Federal Contract Tower,25,7,16,4,52,0,0,29,3,32,25,7,45,7,84,42,18,60,144
04/02/2020,ECP,FL,ASO,ES,Federal Contract Tower,23,11,19,18,71,0,0,28,5,33,23,11,47,23,104,22,38,60,164
04/03/2020,ECP,FL,ASO,ES,Federal Contract Tower,17,8,18,12,55,0,0,29,0,29,17,8,47,12,84,12,10,22,106
04/04/2020,ECP,FL,ASO,ES,Federal Contract Tower,32,5,16,1,54,0,0,26,0,26,32,5,42,1,80,24,0,24,104
04/05/2020,ECP,FL,ASO,ES,Federal Contract Tower,18,9,18,0,45,0,0,35,0,35,18,9,53,0,80,2,0,2,82
04/06/2020,ECP,FL,ASO,ES,Federal Contract Tower,24,6,15,0,45,0,0,28,0,28,24,6,43,0,73,0,0,0,73
04/07/2020,ECP,FL,ASO,ES,Federal Contract Tower,29,6,18,8,61,0,0,23,2,25,29,6,41,10,86,18,18,36,122
04/08/2020,ECP,FL,ASO,ES,Federal Contract Tower,23,14,19,8,64,0,0,2,0,2,23,14,21,8,66,0,0,0,66
04/09/2020,ECP,FL,ASO,ES,Federal Contract Tower,22,8,30,3,63,0,0,23,2,25,22,8,53,5,88,10,6,16,104
04/10/2020,ECP,FL,ASO,ES,Federal Contract Tower,23,6,24,0,53,0,0,24,0,24,23,6,48,0,77,12,0,12,89
04/11/2020,ECP,FL,ASO,ES,Federal Contract Tower,35,3,15,0,53,0,0,34,4,38,35,3,49,4,91,32,0,32,123
04/12/2020,ECP,FL,ASO,ES,Federal Contract Tower,22,0,4,0,26,0,0,0,0,0,22,0,4,0,26,0,0,0,26
04/13/2020,ECP,FL,ASO,ES,Federal Contract Tower,22,8,30,4,64,0,1,20,10,31,22,9,50,14,95,0,44,44,139
04/14/2020,ECP,FL,ASO,ES,Federal Contract Tower,20,9,16,5,50,0,0,27,0,27,20,9,43,5,77,16,0,16,93
04/15/2020,ECP,FL,ASO,ES,Federal Contract Tower,20,5,24,2,51,0,2,12,0,14,20,7,36,2,65,2,0,2,67
04/16/2020,ECP,FL,ASO,ES,Federal Contract Tower,19,4,32,6,61,0,2,37,6,45,19,6,69,12,106,16,54,70,176
04/17/2020,ECP,FL,ASO,ES,Federal Contract Tower,15,12,30,0,57,0,0,28,2,30,15,12,58,2,87,0,44,44,131
04/18/2020,ECP,FL,ASO,ES,Federal Contract Tower,22,2,12,0,36,0,0,8,0,8,22,2,20,0,44,14,0,14,58
04/19/2020,ECP,FL,ASO,ES,Federal Contract Tower,12,2,5,1,20,1,2,8,0,11,13,4,13,1,31,10,0,10,41
04/20/2020,ECP,FL,ASO,ES,Federal Contract Tower,16,3,32,2,53,0,0,13,0,13,16,3,45,2,66,4,12,16,82
04/21/2020,ECP,FL,ASO,ES,Federal Contract Tower,17,9,24,9,59,0,1,38,4,43,17,10,62,13,102,34,8,42,144
04/22/2020,ECP,FL,ASO,ES,Federal Contract Tower,16,7,29,15,67,0,2,32,13,47,16,9,61,28,114,34,78,112,226
04/23/2020,ECP,FL,ASO,ES,Federal Contract Tower,17,4,11,0,32,0,0,3,0,3,17,4,14,0,35,0,0,0,35
04/24/2020,ECP,FL,ASO,ES,Federal Contract Tower,20,16,50,6,92,0,2,41,0,43,20,18,91,6,135,46,2,48,183
04/25/2020,ECP,FL,ASO,ES,Federal Contract Tower,28,6,13,6,53,0,0,23,0,23,28,6,36,6,76,34,0,34,110
04/26/2020,ECP,FL,ASO,ES,Federal Contract Tower,15,5,44,4,68,0,0,48,0,48,15,5,92,4,116,48,28,76,192
04/27/2020,ECP,FL,ASO,ES,Federal Contract Tower,18,7,26,0,51,0,4,42,0,46,18,11,68,0,97,16,2,18,115
04/28/2020,ECP,FL,ASO,ES,Federal Contract Tower,16,10,33,16,75,0,0,33,8,41,16,10,66,24,116,30,76,106,222
04/29/2020,ECP,FL,ASO,ES,Federal Contract Tower,16,9,9,0,34,0,0,8,0,8,16,9,17,0,42,18,0,18,60
04/30/2020,ECP,FL,ASO,ES,Federal Contract Tower,18,21,68,0,107,0,0,25,2,27,18,21,93,2,134,28,24,52,186
05/01/2020,ECP,FL,ASO,ES,Federal Contract Tower,19,23,70,6,118,0,2,64,0,66,19,25,134,6,184,36,10,46,230
05/02/2020,ECP,FL,ASO,ES,Federal Contract Tower,25,10,32,18,85,0,0,73,0,73,25,10,105,18,158,46,0,46,204
05/03/2020,ECP,FL,ASO,ES,Federal Contract Tower,16,13,48,2,79,0,0,50,0,50,16,13,98,2,129,34,0,34,163
05/04/2020,ECP,FL,ASO,ES,Federal Contract Tower,19,10,35,11,75,0,0,45,2,47,19,10,80,13,122,18,26,44,166
05/05/2020,ECP,FL,ASO,ES,Federal Contract Tower,17,14,36,2,69,0,2,29,4,35,17,16,65,6,104,6,14,20,124
05/06/2020,ECP,FL,ASO,ES,Federal Contract Tower,14,16,50,8,88,2,0,28,7,37,16,16,78,15,125,14,70,84,209
05/07/2020,ECP,FL,ASO,ES,Federal Contract Tower,19,16,50,14,99,0,3,42,4,49,19,19,92,18,148,14,18,32,180
05/08/2020,ECP,FL,ASO,ES,Federal Contract Tower,17,20,53,21,111,0,2,23,14,39,17,22,76,35,150,8,36,44,194
05/09/2020,ECP,FL,ASO,ES,Federal Contract Tower,16,12,57,0,85,0,0,29,0,29,16,12,86,0,114,18,0,18,132
05/10/2020,ECP,FL,ASO,ES,Federal Contract Tower,17,13,48,1,79,0,0,30,0,30,17,13,78,1,109,38,0,38,147
05/11/2020,ECP,FL,ASO,ES,Federal Contract Tower,16,19,66,8,109,0,0,39,0,39,16,19,105,8,148,28,0,28,176
05/12/2020,ECP,FL,ASO,ES,Federal Contract Tower,18,12,43,14,87,0,5,46,2,53,18,17,89,16,140,12,6,18,158
05/13/2020,ECP,FL,ASO,ES,Federal Contract Tower,15,17,74,5,111,0,3,42,1,46,15,20,116,6,157,22,17,39,196
05/14/2020,ECP,FL,ASO,ES,Federal Contract Tower,19,15,68,16,118,0,2,34,6,42,19,17,102,22,160,8,46,54,214
05/15/2020,ECP,FL,ASO,ES,Federal Contract Tower,20,19,71,39,149,0,2,36,6,44,20,21,107,45,193,14,84,98,291
05/16/2020,ECP,FL,ASO,ES,Federal Contract Tower,18,13,33,2,66,0,0,45,0,45,18,13,78,2,111,50,0,50,161
05/17/2020,ECP,FL,ASO,ES,Federal Contract Tower,21,22,49,6,98,0,0,36,0,36,21,22,85,6,134,30,0,30,164
05/18/2020,ECP,FL,ASO,ES,Federal Contract Tower,20,14,42,0,76,0,0,7,0,7,20,14,49,0,83,6,12,18,101
05/19/2020,ECP,FL,ASO,ES,Federal Contract Tower,18,20,33,8,79,0,1,58,3,62,18,21,91,11,141,35,14,49,190
05/20/2020,ECP,FL,ASO,ES,Federal Contract Tower,22,27,52,8,109,0,0,9,0,9,22,27,61,8,118,10,0,10,128
05/21/2020,ECP,FL,ASO,ES,Federal Contract Tower,24,33,85,16,158,0,6,15,0,21,24,39,100,16,179,48,0,48,227
05/22/2020,ECP,FL,ASO,ES,Federal Contract Tower,30,44,117,5,196,0,2,58,0,60,30,46,175,5,256,44,0,44,300
05/23/2020,ECP,FL,ASO,ES,Federal Contract Tower,27,28,75,0,130,0,0,55,0,55,27,28,130,0,185,30,0,30,215
05/24/2020,ECP,FL,ASO,ES,Federal Contract Tower,20,12,37,0,69,0,2,45,0,47,20,14,82,0,116,34,0,34,150
05/25/2020,ECP,FL,ASO,ES,Federal Contract Tower,24,16,78,0,118,0,0,32,0,32,24,16,110,0,150,42,0,42,192
05/26/2020,ECP,FL,ASO,ES,Federal Contract Tower,22,39,74,58,193,0,0,7,0,7,22,39,81,58,200,12,66,78,278
05/27/2020,ECP,FL,ASO,ES,Federal Contract Tower,23,31,56,51,161,0,0,25,2,27,23,31,81,53,188,30,34,64,252
05/28/2020,ECP,FL,ASO,ES,Federal Contract Tower,23,24,69,27,143,0,1,40,0,41,23,25,109,27,184,128,22,150,334
05/29/2020,ECP,FL,ASO,ES,Federal Contract Tower,22,38,59,39,158,0,2,38,6,46,22,40,97,45,204,74,58,132,336
05/30/2020,ECP,FL,ASO,ES,Federal Contract Tower,26,30,115,0,171,0,4,42,0,46,26,34,157,0,217,34,0,34,251
05/31/2020,ECP,FL,ASO,ES,Federal Contract Tower,26,17,76,0,119,0,0,54,0,54,26,17,130,0,173,48,0,48,221
06/01/2020,ECP,FL,ASO,ES,Federal Contract Tower,26,22,40,12,100,0,1,38,1,40,26,23,78,13,140,4,18,22,162
06/02/2020,ECP,FL,ASO,ES,Federal Contract Tower,20,23,52,10,105,0,0,23,2,25,20,23,75,12,130,22,14,36,166
06/03/2020,ECP,FL,ASO,ES,Federal Contract Tower,24,17,53,6,100,0,0,20,0,20,24,17,73,6,120,28,0,28,148
06/04/2020,ECP,FL,ASO,ES,Federal Contract Tower,26,23,75,21,145,0,2,33,0,35,26,25,108,21,180,96,18,114,294
06/05/2020,ECP,FL,ASO,ES,Federal Contract Tower,26,20,66,46,158,0,0,33,0,33,26,20,99,46,191,42,56,98,289
06/06/2020,ECP,FL,ASO,ES,Federal Contract Tower,31,34,98,4,167,0,2,11,0,13,31,36,109,4,180,24,0,24,204
06/07/2020,ECP,FL,ASO,ES,Federal Contract Tower,37,26,28,0,91,0,0,8,2,10,37,26,36,2,101,2,0,2,103
06/08/2020,ECP,FL,ASO,ES,Federal Contract Tower,30,11,43,34,118,0,0,24,0,24,30,11,67,34,142,20,24,44,186
06/09/2020,ECP,FL,ASO,ES,Federal Contract Tower,20,18,56,29,123,0,1,25,12,38,20,19,81,41,161,30,34,64,225
06/10/2020,ECP,FL,ASO,ES,Federal Contract Tower,21,25,80,34,160,0,3,25,2,30,21,28,105,36,190,16,80,96,286
06/11/2020,ECP,FL,ASO,ES,Federal Contract Tower,38,24,96,2,160,0,2,44,2,48,38,26,140,4,208,78,28,106,314
06/12/2020,ECP,FL,ASO,ES,Federal Contract Tower,42,26,95,15,178,0,0,39,6,45,42,26,134,21,223,26,102,128,351
06/13/2020,ECP,FL,ASO,ES,Federal Contract Tower,44,48,91,0,183,0,0,48,0,48,44,48,139,0,231,68,12,80,311
06/14/2020,ECP,FL,ASO,ES,Federal Contract Tower,39,26,101,0,166,0,0,48,0,48,39,26,149,0,214,22,0,22,236
06/15/2020,ECP,FL,ASO,ES,Federal Contract Tower,39,18,71,20,148,0,0,61,0,61,39,18,132,20,209,20,18,38,247
06/16/2020,ECP,FL,ASO,ES,Federal Contract Tower,23,20,59,6,108,0,0,39,12,51,23,20,98,18,159,44,54,98,257
06/17/2020,ECP,FL,ASO,ES,Federal Contract Tower,24,11,60,21,116,0,0,40,4,44,24,11,100,25,160,42,66,108,268
06/18/2020,ECP,FL,ASO,ES,Federal Contract Tower,40,18,69,14,141,0,2,68,2,72,40,20,137,16,213,14,54,68,281
06/19/2020,ECP,FL,ASO,ES,Federal Contract Tower,46,23,76,12,157,0,0,58,1,59,46,23,134,13,216,32,8,40,256
06/20/2020,ECP,FL,ASO,ES,Federal Contract Tower,55,31,134,0,220,0,0,65,0,65,55,31,199,0,285,66,0,66,351
06/21/2020,ECP,FL,ASO,ES,Federal Contract Tower,43,15,84,0,142,0,0,52,0,52,43,15,136,0,194,82,0,82,276
06/22/2020,ECP,FL,ASO,ES,Federal Contract Tower,44,10,68,28,150,0,0,40,1,41,44,10,108,29,191,24,8,32,223
06/23/2020,ECP,FL,ASO,ES,Federal Contract Tower,36,18,60,0,114,0,0,22,0,22,36,18,82,0,136,18,0,18,154
06/24/2020,ECP,FL,ASO,ES,Federal Contract Tower,35,32,55,25,147,0,0,28,3,31,35,32,83,28,178,26,32,58,236
06/25/2020,ECP,FL,ASO,ES,Federal Contract Tower,43,26,78,26,173,0,0,39,2,41,43,26,117,28,214,62,100,162,376
06/26/2020,ECP,FL,ASO,ES,Federal Contract Tower,44,24,69,8,145,0,0,42,0,42,44,24,111,8,187,36,6,42,229
06/27/2020,ECP,FL,ASO,ES,Federal Contract Tower,46,36,105,6,193,0,0,50,0,50,46,36,155,6,243,70,0,70,313
06/28/2020,ECP,FL,ASO,ES,Federal Contract Tower,43,25,69,12,149,0,43,0,0,43,43,68,69,12,192,44,2,46,238
06/29/2020,ECP,FL,ASO,ES,Federal Contract Tower,41,31,59,11,142,0,0,50,2,52,41,31,109,13,194,68,50,118,312
06/30/2020,ECP,FL,ASO,ES,Federal Contract Tower,40,23,57,2,122,0,0,66,2,68,40,23,123,4,190,47,12,59,249
07/01/2020,ECP,FL,ASO,ES,Federal Contract Tower,40,21,50,4,115,0,1,26,0,27,40,22,76,4,142,30,0,30,172
07/02/2020,ECP,FL,ASO,ES,Federal Contract Tower,48,19,67,12,146,0,0,31,0,31,48,19,98,12,177,66,6,72,249
07/03/2020,ECP,FL,ASO,ES,Federal Contract Tower,47,16,64,0,127,0,0,26,0,26,47,16,90,0,153,44,0,44,197
07/04/2020,ECP,FL,ASO,ES,Federal Contract Tower,50,22,46,0,118,1,1,27,0,29,51,23,73,0,147,30,0,30,177
07/05/2020,ECP,FL,ASO,ES,Federal Contract Tower,48,41,93,0,182,0,0,34,0,34,48,41,127,0,216,52,0,52,268
07/06/2020,ECP,FL,ASO,ES,Federal Contract Tower,44,29,57,0,130,0,0,25,0,25,44,29,82,0,155,44,0,44,199
07/07/2020,ECP,FL,ASO,ES,Federal Contract Tower,47,23,43,0,113,0,0,16,2,18,47,23,59,2,131,24,4,28,159
07/08/2020,ECP,FL,ASO,ES,Federal Contract Tower,45,19,45,13,122,0,0,29,3,32,45,19,74,16,154,56,60,116,270
07/09/2020,ECP,FL,ASO,ES,Federal Contract Tower,48,18,53,0,119,0,0,27,2,29,48,18,80,2,148,106,8,114,262
07/10/2020,ECP,FL,ASO,ES,Federal Contract Tower,51,34,73,4,162,0,0,38,0,38,51,34,111,4,200,90,32,122,322
07/11/2020,ECP,FL,ASO,ES,Federal Contract Tower,65,37,77,2,181,0,0,64,6,70,65,37,141,8,251,128,0,128,379
07/12/2020,ECP,FL,ASO,ES,Federal Contract Tower,55,30,71,2,158,0,0,0,0,0,55,30,71,2,158,39,0,39,197
07/13/2020,ECP,FL,ASO,ES,Federal Contract Tower,45,8,32,10,95,0,2,30,7,39,45,10,62,17,134,60,20,80,214
07/14/2020,ECP,FL,ASO,ES,Federal Contract Tower,45,11,33,4,93,0,7,37,10,54,45,18,70,14,147,54,28,82,229
07/15/2020,ECP,FL,ASO,ES,Federal Contract Tower,44,17,29,19,109,0,0,12,0,12,44,17,41,19,121,46,28,74,195
07/16/2020,ECP,FL,ASO,ES,Federal Contract Tower,50,15,46,22,133,0,4,39,6,49,50,19,85,28,182,74,36,110,292
07/17/2020,ECP,FL,ASO,ES,Federal Contract Tower,53,16,76,12,157,0,7,56,0,63,53,23,132,12,220,68,0,68,288
07/18/2020,ECP,FL,ASO,ES,Federal Contract Tower,68,30,82,0,180,0,2,45,0,47,68,32,127,0,227,38,6,44,271
07/19/2020,ECP,FL,ASO,ES,Federal Contract Tower,52,25,60,2,139,0,0,57,0,57,52,25,117,2,196,46,0,46,242
07/20/2020,ECP,FL,ASO,ES,Federal Contract Tower,49,15,38,15,117,0,2,39,1,42,49,17,77,16,159,12,14,26,185
07/21/2020,ECP,FL,ASO,ES,Federal Contract Tower,42,15,31,14,102,0,0,29,1,30,42,15,60,15,132,44,8,52,184
07/22/2020,ECP,FL,ASO,ES,Federal Contract Tower,43,18,44,9,114,0,0,25,3,28,43,18,69,12,142,22,14,36,178
07/23/2020,ECP,FL,ASO,ES,Federal Contract Tower,48,11,50,13,122,0,0,28,0,28,48,11,78,13,150,24,6,30,180
07/24/2020,ECP,FL,ASO,ES,Federal Contract Tower,50,14,57,2,123,0,0,20,0,20,50,14,77,2,143,42,6,48,191
07/25/2020,ECP,FL,ASO,ES,Federal Contract Tower,70,34,75,2,181,0,8,39,1,48,70,42,114,3,229,40,0,40,269
07/26/2020,ECP,FL,ASO,ES,Federal Contract Tower,59,23,69,2,153,0,0,27,0,27,59,23,96,2,180,56,6,62,242
07/27/2020,ECP,FL,ASO,ES,Federal Contract Tower,51,15,36,18,120,0,4,47,0,51,51,19,83,18,171,16,4,20,191
07/28/2020,ECP,FL,ASO,ES,Federal Contract Tower,44,24,54,4,126,0,1,6,0,7,44,25,60,4,133,4,0,4,137
07/29/2020,ECP,FL,ASO,ES,Federal Contract Tower,46,16,54,10,126,0,0,26,0,26,46,16,80,10,152,28,0,28,180
07/30/2020,ECP,FL,ASO,ES,Federal Contract Tower,52,30,52,26,160,0,1,41,4,46,52,31,93,30,206,24,22,46,252
07/31/2020,ECP,FL,ASO,ES,Federal Contract Tower,51,19,70,6,146,0,2,53,1,56,51,21,123,7,202,70,10,80,282
08/01/2020,ECP,FL,ASO,ES,Federal Contract Tower,76,12,74,0,162,0,0,54,0,54,76,12,128,0,216,88,0,88,304
08/02/2020,ECP,FL,ASO,ES,Federal Contract Tower,58,9,77,0,144,0,0,53,0,53,58,9,130,0,197,60,0,60,257
08/03/2020,ECP,FL,ASO,ES,Federal Contract Tower,58,13,55,11,137,0,2,45,5,52,58,15,100,16,189,84,14,98,287
08/04/2020,ECP,FL,ASO,ES,Federal Contract Tower,53,8,58,6,125,0,0,54,0,54,53,8,112,6,179,74,18,92,271
08/05/2020,ECP,FL,ASO,ES,Federal Contract Tower,47,12,47,17,123,0,4,38,0,42,47,16,85,17,165,62,8,70,235
08/06/2020,ECP,FL,ASO,ES,Federal Contract Tower,55,16,54,7,132,0,2,83,10,95,55,18,137,17,227,66,24,90,317
08/07/2020,ECP,FL,ASO,ES,Federal Contract Tower,54,14,51,6,125,0,0,36,0,36,54,14,87,6,161,24,24,48,209
08/08/2020,ECP,FL,ASO,ES,Federal Contract Tower,68,23,79,5,175,0,3,45,0,48,68,26,124,5,223,44,28,72,295
08/09/2020,ECP,FL,ASO,ES,Federal Contract Tower,59,17,72,0,148,0,2,43,0,45,59,19,115,0,193,26,0,26,219
08/10/2020,ECP,FL,ASO,ES,Federal Contract Tower,56,9,40,24,129,0,0,40,2,42,56,9,80,26,171,56,20,76,247
08/11/2020,ECP,FL,ASO,ES,Federal Contract Tower,47,14,33,17,111,0,0,26,2,28,47,14,59,19,139,6,20,26,165
08/12/2020,ECP,FL,ASO,ES,Federal Contract Tower,48,19,45,28,140,0,0,35,3,38,48,19,80,31,178,40,26,66,244
08/13/2020,ECP,FL,ASO,ES,Federal Contract Tower,51,19,56,28,154,0,0,45,0,45,51,19,101,28,199,18,30,48,247
08/14/2020,ECP,FL,ASO,ES,Federal Contract Tower,52,21,52,2,127,0,0,24,0,24,52,21,76,2,151,82,18,100,251
08/15/2020,ECP,FL,ASO,ES,Federal Contract Tower,58,14,45,0,117,0,0,45,0,45,58,14,90,0,162,82,0,82,244
08/16/2020,ECP,FL,ASO,ES,Federal Contract Tower,51,26,60,0,137,0,0,75,0,75,51,26,135,0,212,104,0,104,316
08/17/2020,ECP,FL,ASO,ES,Federal Contract Tower,48,27,61,3,139,0,2,36,0,38,48,29,97,3,177,18,61,79,256
08/18/2020,ECP,FL,ASO,ES,Federal Contract Tower,47,6,41,24,118,0,0,30,7,37,47,6,71,31,155,6,44,50,205
08/19/2020,ECP,FL,ASO,ES,Federal Contract Tower,45,18,40,12,115,0,0,30,2,32,45,18,70,14,147,18,24,42,189
08/20/2020,ECP,FL,ASO,ES,Federal Contract Tower,49,14,60,29,152,0,0,6,1,7,49,14,66,30,159,8,32,40,199
08/21/2020,ECP,FL,ASO,ES,Federal Contract Tower,51,18,42,0,111,0,2,20,0,22,51,20,62,0,133,24,4,28,161
08/22/2020,ECP,FL,ASO,ES,Federal Contract Tower,57,10,38,0,105,0,2,15,0,17,57,12,53,0,122,22,0,22,144
08/23/2020,ECP,FL,ASO,ES,Federal Contract Tower,50,21,45,0,116,0,0,10,0,10,50,21,55,0,126,6,0,6,132
08/24/2020,ECP,FL,ASO,ES,Federal Contract Tower,53,10,11,0,74,0,0,0,0,0,53,10,11,0,74,0,0,0,74
08/25/2020,ECP,FL,ASO,ES,Federal Contract Tower,46,7,27,46,126,0,1,12,0,13,46,8,39,46,139,26,2,28,167
08/26/2020,ECP,FL,ASO,ES,Federal Contract Tower,36,10,43,20,109,0,0,17,0,17,36,10,60,20,126,56,8,64,190
08/27/2020,ECP,FL,ASO,ES,Federal Contract Tower,42,16,49,16,123,0,4,34,0,38,42,20,83,16,161,94,48,142,303
08/28/2020,ECP,FL,ASO,ES,Federal Contract Tower,51,11,39,9,110,0,0,51,2,53,51,11,90,11,163,48,6,54,217
08/29/2020,ECP,FL,ASO,ES,Federal Contract Tower,56,11,18,0,85,0,0,5,0,5,56,11,23,0,90,4,0,4,94
08/30/2020,ECP,FL,ASO,ES,Federal Contract Tower,50,16,30,0,96,0,0,12,0,12,50,16,42,0,108,14,12,26,134
08/31/2020,ECP,FL,ASO,ES,Federal Contract Tower,52,20,34,8,114,0,0,38,3,41,52,20,72,11,155,24,34,58,213
09/01/2020,ECP,FL,ASO,ES,Federal Contract Tower,44,14,26,9,93,0,0,36,2,38,44,14,62,11,131,34,34,68,199
09/02/2020,ECP,FL,ASO,ES,Federal Contract Tower,43,13,69,40,165,0,2,49,0,51,43,15,118,40,216,22,46,68,284
09/03/2020,ECP,FL,ASO,ES,Federal Contract Tower,55,30,91,30,206,0,0,74,6,80,55,30,165,36,286,68,30,98,384
09/04/2020,ECP,FL,ASO,ES,Federal Contract Tower,52,38,112,0,202,0,2,65,0,67,52,40,177,0,269,80,0,80,349
09/05/2020,ECP,FL,ASO,ES,Federal Contract Tower,51,13,33,0,97,0,0,63,0,63,51,13,96,0,160,56,0,56,216
09/06/2020,ECP,FL,ASO,ES,Federal Contract Tower,44,7,38,0,89,0,0,42,0,42,44,7,80,0,131,75,0,75,206
09/07/2020,ECP,FL,ASO,ES,Federal Contract Tower,52,38,139,0,229,0,0,63,0,63,52,38,202,0,292,54,0,54,346
09/08/2020,ECP,FL,ASO,ES,Federal Contract Tower,39,23,52,14,128,0,2,45,0,47,39,25,97,14,175,34,30,64,239
09/09/2020,ECP,FL,ASO,ES,Federal Contract Tower,37,18,50,26,131,0,0,49,2,51,37,18,99,28,182,74,52,126,308
09/10/2020,ECP,FL,ASO,ES,Federal Contract Tower,38,15,44,43,140,0,0,9,1,10,38,15,53,44,150,14,0,14,164
09/11/2020,ECP,FL,ASO,ES,Federal Contract Tower,43,25,55,30,153,0,2,23,0,25,43,27,78,30,178,14,0,14,192
09/12/2020,ECP,FL,ASO,ES,Federal Contract Tower,41,17,39,13,110,0,0,21,0,21,41,17,60,13,131,38,0,38,169
09/13/2020,ECP,FL,ASO,ES,Federal Contract Tower,42,18,70,0,130,0,2,11,0,13,42,20,81,0,143,8,0,8,151
09/14/2020,ECP,FL,ASO,ES,Federal Contract Tower,37,9,16,0,62,3,0,0,0,3,40,9,16,0,65,0,0,0,65
09/15/2020,ECP,FL,ASO,ES,Federal Contract Tower,18,4,1,0,23,0,0,0,0,0,18,4,1,0,23,0,0,0,23
09/16/2020,ECP,FL,ASO,ES,Federal Contract Tower,5,0,6,0,11,0,0,0,0,0,5,0,6,0,11,0,0,0,11
09/17/2020,ECP,FL,ASO,ES,Federal Contract Tower,38,29,49,10,126,0,0,28,0,28,38,29,77,10,154,14,0,14,168
09/18/2020,ECP,FL,ASO,ES,Federal Contract Tower,41,29,46,4,120,0,7,38,3,48,41,36,84,7,168,48,14,62,230
09/19/2020,ECP,FL,ASO,ES,Federal Contract Tower,38,12,46,0,96,0,2,14,0,16,38,14,60,0,112,28,0,28,140
09/20/2020,ECP,FL,ASO,ES,Federal Contract Tower,41,21,81,0,143,0,0,14,0,14,41,21,95,0,157,24,0,24,181
09/21/2020,ECP,FL,ASO,ES,Federal Contract Tower,37,10,52,8,107,0,0,22,2,24,37,10,74,10,131,16,18,34,165
09/22/2020,ECP,FL,ASO,ES,Federal Contract Tower,36,24,44,11,115,0,0,60,1,61,36,24,104,12,176,22,42,64,240
09/23/2020,ECP,FL,ASO,ES,Federal Contract Tower,41,18,50,31,140,0,0,61,1,62,41,18,111,32,202,36,6,42,244
09/24/2020,ECP,FL,ASO,ES,Federal Contract Tower,40,25,65,2,132,0,0,15,1,16,40,25,80,3,148,10,0,10,158
09/25/2020,ECP,FL,ASO,ES,Federal Contract Tower,44,23,58,16,141,0,0,55,10,65,44,23,113,26,206,40,72,112,318
09/26/2020,ECP,FL,ASO,ES,Federal Contract Tower,41,19,40,0,100,0,2,64,0,66,41,21,104,0,166,84,18,102,268
09/27/2020,ECP,FL,ASO,ES,Federal Contract Tower,38,19,64,0,121,0,0,0,0,0,38,19,64,0,121,0,0,0,121
09/29/2020,ECP,FL,ASO,ES,Federal Contract Tower,35,22,35,9,101,0,0,18,0,18,35,22,53,9,119,12,0,12,131
09/30/2020,ECP,FL,ASO,ES,Federal Contract Tower,38,19,37,9,103,0,0,60,1,61,38,19,97,10,164,26,16,42,206
10/01/2020,ECP,FL,ASO,ES,Federal Contract Tower,40,21,75,4,140,0,0,84,0,84,40,21,159,4,224,122,0,122,346
10/02/2020,ECP,FL,ASO,ES,Federal Contract Tower,40,26,54,9,129,0,4,60,11,75,40,30,114,20,204,114,4,118,322
10/03/2020,ECP,FL,ASO,ES,Federal Contract Tower,42,14,49,0,105,0,4,54,0,58,42,18,103,0,163,24,0,24,187
10/05/2020,ECP,FL,ASO,ES,Federal Contract Tower,39,17,62,16,134,0,0,48,2,50,39,17,110,18,184,30,28,58,242
10/06/2020,ECP,FL,ASO,ES,Federal Contract Tower,33,14,53,8,108,0,0,19,0,19,33,14,72,8,127,18,0,18,145
10/07/2020,ECP,FL,ASO,ES,Federal Contract Tower,36,17,64,16,133,0,0,35,4,39,36,17,99,20,172,18,10,28,200
10/08/2020,ECP,FL,ASO,ES,Federal Contract Tower,39,23,57,13,132,0,0,21,0,21,39,23,78,13,153,22,0,22,175
10/09/2020,ECP,FL,ASO,ES,Federal Contract Tower,45,26,46,2,119,0,0,30,0,30,45,26,76,2,149,24,0,24,173
10/10/2020,ECP,FL,ASO,ES,Federal Contract Tower,50,14,37,0,101,0,0,7,4,11,50,14,44,4,112,4,0,4,116
10/11/2020,ECP,FL,ASO,ES,Federal Contract Tower,48,14,71,0,133,0,0,21,0,21,48,14,92,0,154,14,0,14,168
10/12/2020,ECP,FL,ASO,ES,Federal Contract Tower,44,23,69,2,138,0,0,40,0,40,44,23,109,2,178,20,0,20,198
10/13/2020,ECP,FL,ASO,ES,Federal Contract Tower,39,32,55,2,128,0,0,40,0,40,39,32,95,2,168,26,6,32,200
10/14/2020,ECP,FL,ASO,ES,Federal Contract Tower,39,32,60,7,138,0,4,65,1,70,39,36,125,8,208,66,30,96,304
10/15/2020,ECP,FL,ASO,ES,Federal Contract Tower,40,26,97,8,171,0,2,59,0,61,40,28,156,8,232,40,28,68,300
10/16/2020,ECP,FL,ASO,ES,Federal Contract Tower,45,19,94,24,182,0,0,39,0,39,45,19,133,24,221,12,10,22,243
10/17/2020,ECP,FL,ASO,ES,Federal Contract Tower,49,21,37,13,120,0,4,50,1,55,49,25,87,14,175,44,18,62,237
10/18/2020,ECP,FL,ASO,ES,Federal Contract Tower,45,40,87,0,172,0,0,57,0,57,45,40,144,0,229,24,0,24,253
10/19/2020,ECP,FL,ASO,ES,Federal Contract Tower,39,23,66,24,152,0,2,38,0,40,39,25,104,24,192,42,0,42,234
10/20/2020,ECP,FL,ASO,ES,Federal Contract Tower,34,17,41,22,114,0,0,46,4,50,34,17,87,26,164,26,28,54,218
10/21/2020,ECP,FL,ASO,ES,Federal Contract Tower,35,34,65,6,140,0,1,23,0,24,35,35,88,6,164,20,0,20,184
10/22/2020,ECP,FL,ASO,ES,Federal Contract Tower,41,23,105,12,181,0,0,34,2,36,41,23,139,14,217,16,14,30,247
10/23/2020,ECP,FL,ASO,ES,Federal Contract Tower,37,29,65,16,147,0,0,19,3,22,37,29,84,19,169,18,34,52,221
10/24/2020,ECP,FL,ASO,ES,Federal Contract Tower,43,20,55,0,118,0,2,5,0,7,43,22,60,0,125,14,0,14,139
10/25/2020,ECP,FL,ASO,ES,Federal Contract Tower,38,48,97,0,183,0,2,28,0,30,38,50,125,0,213,36,0,36,249
10/26/2020,ECP,FL,ASO,ES,Federal Contract Tower,36,19,65,10,130,0,2,54,1,57,36,21,119,11,187,64,24,88,275
10/27/2020,ECP,FL,ASO,ES,Federal Contract Tower,35,16,74,5,130,0,0,0,0,0,35,16,74,5,130,0,0,0,130
10/28/2020,ECP,FL,ASO,ES,Federal Contract Tower,32,23,39,4,98,0,0,11,0,11,32,23,50,4,109,4,0,4,113
10/29/2020,ECP,FL,ASO,ES,Federal Contract Tower,27,14,44,5,90,0,0,7,0,7,27,14,51,5,97,0,0,0,97
10/30/2020,ECP,FL,ASO,ES,Federal Contract Tower,32,19,83,6,140,0,0,53,0,53,32,19,136,6,193,44,14,58,251
10/31/2020,ECP,FL,ASO,ES,Federal Contract Tower,28,10,38,0,76,0,6,54,0,60,28,16,92,0,136,60,0,60,196
11/01/2020,ECP,FL,ASO,ES,Federal Contract Tower,32,20,84,0,136,0,9,30,0,39,32,29,114,0,175,40,0,40,215
11/02/2020,ECP,FL,ASO,ES,Federal Contract Tower,35,11,40,1,87,0,0,55,2,57,35,11,95,3,144,74,14,88,232
11/03/2020,ECP,FL,ASO,ES,Federal Contract Tower,27,15,39,14,95,0,0,58,0,58,27,15,97,14,153,68,32,100,253
11/04/2020,ECP,FL,ASO,ES,Federal Contract Tower,29,17,47,17,110,0,0,55,0,55,29,17,102,17,165,36,40,76,241
11/06/2020,ECP,FL,ASO,ES,Federal Contract Tower,36,23,65,15,139,0,2,35,0,37,36,25,100,15,176,34,10,44,220
11/07/2020,ECP,FL,ASO,ES,Federal Contract Tower,31,16,42,1,90,0,0,12,7,19,31,16,54,8,109,28,18,46,155
11/08/2020,ECP,FL,ASO,ES,Federal Contract Tower,41,16,72,0,129,0,0,21,0,21,41,16,93,0,150,0,0,0,150
11/09/2020,ECP,FL,ASO,ES,Federal Contract Tower,45,5,68,8,126,0,2,14,2,18,45,7,82,10,144,0,0,0,144
11/10/2020,ECP,FL,ASO,ES,Federal Contract Tower,27,11,43,22,103,0,0,22,0,22,27,11,65,22,125,6,0,6,131
11/11/2020,ECP,FL,ASO,ES,Federal Contract Tower,28,16,31,0,75,0,0,9,0,9,28,16,40,0,84,18,0,18,102
11/12/2020,ECP,FL,ASO,ES,Federal Contract Tower,41,21,45,7,114,0,0,16,2,18,41,21,61,9,132,26,14,40,172
11/13/2020,ECP,FL,ASO,ES,Federal Contract Tower,41,14,41,12,108,0,7,55,3,65,41,21,96,15,173,34,112,146,319
11/14/2020,ECP,FL,ASO,ES,Federal Contract Tower,37,23,29,4,93,0,1,49,0,50,37,24,78,4,143,20,0,20,163
11/15/2020,ECP,FL,ASO,ES,Federal Contract Tower,41,22,46,0,109,0,0,35,0,35,41,22,81,0,144,54,0,54,198
11/16/2020,ECP,FL,ASO,ES,Federal Contract Tower,43,10,55,14,122,0,2,43,0,45,43,12,98,14,167,34,24,58,225
11/17/2020,ECP,FL,ASO,ES,Federal Contract Tower,28,16,34,10,88,0,2,28,0,30,28,18,62,10,118,44,10,54,172
11/18/2020,ECP,FL,ASO,ES,Federal Contract Tower,30,23,52,30,135,0,0,40,2,42,30,23,92,32,177,22,0,22,199
11/19/2020,ECP,FL,ASO,ES,Federal Contract Tower,40,20,46,14,120,0,0,43,5,48,40,20,89,19,168,76,22,98,266
11/20/2020,ECP,FL,ASO,ES,Federal Contract Tower,41,29,94,9,173,0,0,54,6,60,41,29,148,15,233,48,38,86,319
11/21/2020,ECP,FL,ASO,ES,Federal Contract Tower,49,34,83,0,166,0,0,54,0,54,49,34,137,0,220,24,0,24,244
11/22/2020,ECP,FL,ASO,ES,Federal Contract Tower,44,30,74,0,148,0,0,48,0,48,44,30,122,0,196,12,0,12,208
11/23/2020,ECP,FL,ASO,ES,Federal Contract Tower,41,31,79,18,169,0,0,56,0,56,41,31,135,18,225,36,14,50,275
11/24/2020,ECP,FL,ASO,ES,Federal Contract Tower,49,20,72,15,156,0,2,42,0,44,49,22,114,15,200,28,0,28,228
11/25/2020,ECP,FL,ASO,ES,Federal Contract Tower,47,25,77,10,159,0,4,49,0,53,47,29,126,10,212,14,8,22,234
11/26/2020,ECP,FL,ASO,ES,Federal Contract Tower,22,6,10,0,38,0,0,3,0,3,22,6,13,0,41,0,0,0,41
11/27/2020,ECP,FL,ASO,ES,Federal Contract Tower,38,20,48,0,106,0,0,23,0,23,38,20,71,0,129,30,0,30,159
11/28/2020,ECP,FL,ASO,ES,Federal Contract Tower,49,43,91,0,183,0,0,16,0,16,49,43,107,0,199,4,0,4,203
11/29/2020,ECP,FL,ASO,ES,Federal Contract Tower,53,50,68,0,171,0,0,0,0,0,53,50,68,0,171,0,0,0,171
11/30/2020,ECP,FL,ASO,ES,Federal Contract Tower,48,20,57,24,149,0,0,31,2,33,48,20,88,26,182,14,50,64,246
12/01/2020,ECP,FL,ASO,ES,Federal Contract Tower,40,18,39,36,133,0,2,54,4,60,40,20,93,40,193,20,74,94,287
12/02/2020,ECP,FL,ASO,ES,Federal Contract Tower,33,18,42,7,100,0,2,47,3,52,33,20,89,10,152,100,10,110,262
12/03/2020,ECP,FL,ASO,ES,Federal Contract Tower,33,23,41,6,103,0,0,46,0,46,33,23,87,6,149,16,14,30,179
12/04/2020,ECP,FL,ASO,ES,Federal Contract Tower,32,9,30,8,79,0,0,14,0,14,32,9,44,8,93,8,8,16,109
12/05/2020,ECP,FL,ASO,ES,Federal Contract Tower,27,8,29,7,71,0,2,54,2,58,27,10,83,9,129,66,2,68,197
12/08/2020,ECP,FL,ASO,ES,Federal Contract Tower,29,15,35,14,93,0,2,46,4,52,29,17,81,18,145,28,76,104,249
12/09/2020,ECP,FL,ASO,ES,Federal Contract Tower,29,12,37,11,89,0,0,49,1,50,29,12,86,12,139,26,10,36,175
12/10/2020,ECP,FL,ASO,ES,Federal Contract Tower,32,16,39,0,87,0,0,40,2,42,32,16,79,2,129,46,4,50,179
12/11/2020,ECP,FL,ASO,ES,Federal Contract Tower,33,23,51,0,107,0,2,41,1,44,33,25,92,1,151,66,12,78,229
12/12/2020,ECP,FL,ASO,ES,Federal Contract Tower,27,5,36,6,74,0,2,41,0,43,27,7,77,6,117,6,0,6,123
12/13/2020,ECP,FL,ASO,ES,Federal Contract Tower,34,9,47,0,90,0,0,20,0,20,34,9,67,0,110,18,0,18,128
12/14/2020,ECP,FL,ASO,ES,Federal Contract Tower,32,18,31,10,91,0,0,24,4,28,32,18,55,14,119,28,48,76,195
12/15/2020,ECP,FL,ASO,ES,Federal Contract Tower,29,8,38,21,96,0,0,42,0,42,29,8,80,21,138,58,30,88,226
12/16/2020,ECP,FL,ASO,ES,Federal Contract Tower,29,9,31,6,75,0,0,0,0,0,29,9,31,6,75,0,0,0,75
12/17/2020,ECP,FL,ASO,ES,Federal Contract Tower,37,15,59,3,114,0,0,51,1,52,37,15,110,4,166,0,10,10,176
12/18/2020,ECP,FL,ASO,ES,Federal Contract Tower,37,26,58,7,128,0,0,42,1,43,37,26,100,8,171,58,0,58,229
12/19/2020,ECP,FL,ASO,ES,Federal Contract Tower,43,8,31,0,82,0,0,35,2,37,43,8,66,2,119,28,14,42,161
12/20/2020,ECP,FL,ASO,ES,Federal Contract Tower,35,19,18,0,72,0,0,0,0,0,35,19,18,0,72,0,0,0,72
12/21/2020,ECP,FL,ASO,ES,Federal Contract Tower,37,22,54,14,127,0,1,28,0,29,37,23,82,14,156,70,0,70,226
12/22/2020,ECP,FL,ASO,ES,Federal Contract Tower,35,12,25,10,82,0,0,62,0,62,35,12,87,10,144,100,20,120,264
12/23/2020,ECP,FL,ASO,ES,Federal Contract Tower,39,18,59,0,116,0,4,19,2,25,39,22,78,2,141,4,4,8,149
12/24/2020,ECP,FL,ASO,ES,Federal Contract Tower,27,8,7,0,42,0,0,3,0,3,27,8,10,0,45,0,0,0,45
12/25/2020,ECP,FL,ASO,ES,Federal Contract Tower,25,7,8,0,40,0,0,8,0,8,25,7,16,0,48,0,0,0,48
12/26/2020,ECP,FL,ASO,ES,Federal Contract Tower,39,33,91,0,163,0,0,47,0,47,39,33,138,0,210,20,0,20,230
12/27/2020,ECP,FL,ASO,ES,Federal Contract Tower,42,30,73,0,145,0,2,53,0,55,42,32,126,0,200,12,0,12,212
12/28/2020,ECP,FL,ASO,ES,Federal Contract Tower,37,27,39,2,105,0,2,36,0,38,37,29,75,2,143,22,0,22,165
12/29/2020,ECP,FL,ASO,ES,Federal Contract Tower,34,32,53,6,125,0,2,68,0,70,34,34,121,6,195,68,10,78,273
12/30/2020,ECP,FL,ASO,ES,Federal Contract Tower,35,30,74,0,139,0,4,56,0,60,35,34,130,0,199,10,0,10,209
12/31/2020,ECP,FL,ASO,ES,Federal Contract Tower,33,23,43,2,101,0,0,0,0,0,33,23,43,2,101,0,0,0,101
01/01/2021,ECP,FL,ASO,ES,Federal Contract Tower,31,15,27,0,73,0,0,0,0,0,31,15,27,0,73,0,0,0,73
01/02/2021,ECP,FL,ASO,ES,Federal Contract Tower,42,34,46,0,122,0,0,2,0,2,42,34,48,0,124,12,0,12,136
01/03/2021,ECP,FL,ASO,ES,Federal Contract Tower,58,43,89,1,191,0,2,51,0,53,58,45,140,1,244,58,0,58,302
01/04/2021,ECP,FL,ASO,ES,Federal Contract Tower,33,15,43,10,101,0,0,46,0,46,33,15,89,10,147,24,10,34,181
01/05/2021,ECP,FL,ASO,ES,Federal Contract Tower,31,21,30,8,90,0,0,50,2,52,31,21,80,10,142,48,30,78,220
01/06/2021,ECP,FL,ASO,ES,Federal Contract Tower,33,22,41,16,112,0,2,35,0,37,33,24,76,16,149,34,0,34,183
01/07/2021,ECP,FL,ASO,ES,Federal Contract Tower,31,19,20,0,70,0,0,0,4,4,31,19,20,4,74,0,32,32,106
01/08/2021,ECP,FL,ASO,ES,Federal Contract Tower,34,16,36,4,90,0,0,11,0,11,34,16,47,4,101,10,12,22,123
01/09/2021,ECP,FL,ASO,ES,Federal Contract Tower,28,16,39,0,83,0,2,31,0,33,28,18,70,0,116,84,0,84,200
01/10/2021,ECP,FL,ASO,ES,Federal Contract Tower,32,10,39,0,81,0,0,13,0,13,32,10,52,0,94,44,8,52,146
01/11/2021,ECP,FL,ASO,ES,Federal Contract Tower,34,21,11,0,66,0,0,0,0,0,34,21,11,0,66,0,0,0,66
01/12/2021,ECP,FL,ASO,ES,Federal Contract Tower,30,19,59,0,108,0,0,23,0,23,30,19,82,0,131,70,0,70,201
01/13/2021,ECP,FL,ASO,ES,Federal Contract Tower,30,16,42,22,110,0,2,21,1,24,30,18,63,23,134,22,60,82,216
01/14/2021,ECP,FL,ASO,ES,Federal Contract Tower,32,26,49,21,128,0,0,47,0,47,32,26,96,21,175,28,6,34,209
01/15/2021,ECP,FL,ASO,ES,Federal Contract Tower,33,22,51,17,123,0,0,31,2,33,33,22,82,19,156,12,14,26,182
01/16/2021,ECP,FL,ASO,ES,Federal Contract Tower,30,9,30,0,69,0,2,21,0,23,30,11,51,0,92,20,0,20,112
01/17/2021,ECP,FL,ASO,ES,Federal Contract Tower,32,11,33,2,78,0,4,42,0,46,32,15,75,2,124,56,0,56,180
01/18/2021,ECP,FL,ASO,ES,Federal Contract Tower,34,13,53,1,101,0,0,69,0,69,34,13,122,1,170,20,0,20,190
01/19/2021,ECP,FL,ASO,ES,Federal Contract Tower,28,17,30,14,89,0,0,60,0,60,28,17,90,14,149,36,22,58,207
01/20/2021,ECP,FL,ASO,ES,Federal Contract Tower,29,22,34,15,100,0,6,34,1,41,29,28,68,16,141,16,44,60,201
01/21/2021,ECP,FL,ASO,ES,Federal Contract Tower,32,21,36,34,123,0,0,24,2,26,32,21,60,36,149,18,36,54,203
01/22/2021,ECP,FL,ASO,ES,Federal Contract Tower,33,18,30,9,90,0,0,0,0,0,33,18,30,9,90,0,0,0,90
01/23/2021,ECP,FL,ASO,ES,Federal Contract Tower,29,13,44,2,88,0,0,27,0,27,29,13,71,2,115,38,0,38,153
01/24/2021,ECP,FL,ASO,ES,Federal Contract Tower,37,9,55,12,113,0,2,13,0,15,37,11,68,12,128,34,12,46,174
01/25/2021,ECP,FL,ASO,ES,Federal Contract Tower,33,25,21,10,89,0,0,0,0,0,33,25,21,10,89,0,0,0,89
01/26/2021,ECP,FL,ASO,ES,Federal Contract Tower,28,11,27,0,66,0,0,0,0,0,28,11,27,0,66,0,0,0,66
01/27/2021,ECP,FL,ASO,ES,Federal Contract Tower,30,15,35,12,92,0,0,14,2,16,30,15,49,14,108,28,12,40,148
01/28/2021,ECP,FL,ASO,ES,Federal Contract Tower,29,14,57,8,108,0,4,33,0,37,29,18,90,8,145,42,0,42,187
01/29/2021,ECP,FL,ASO,ES,Federal Contract Tower,30,18,44,15,107,0,0,61,2,63,30,18,105,17,170,18,30,48,218
01/30/2021,ECP,FL,ASO,ES,Federal Contract Tower,29,13,34,0,76,0,2,42,0,44,29,15,76,0,120,10,6,16,136
01/31/2021,ECP,FL,ASO,ES,Federal Contract Tower,33,14,38,0,85,0,0,0,0,0,33,14,38,0,85,0,0,0,85
02/01/2021,ECP,FL,ASO,ES,Federal Contract Tower,32,15,30,0,77,0,0,2,0,2,32,15,32,0,79,0,12,12,91
02/02/2021,ECP,FL,ASO,ES,Federal Contract Tower,31,14,37,20,102,0,0,35,2,37,31,14,72,22,139,32,14,46,185
02/03/2021,ECP,FL,ASO,ES,Federal Contract Tower,30,20,38,16,104,0,0,49,5,54,30,20,87,21,158,28,24,52,210
02/04/2021,ECP,FL,ASO,ES,Federal Contract Tower,31,26,47,31,135,0,2,62,8,72,31,28,109,39,207,0,26,26,233
02/05/2021,ECP,FL,ASO,ES,Federal Contract Tower,33,11,41,2,87,0,0,5,0,5,33,11,46,2,92,10,0,10,102
02/06/2021,ECP,FL,ASO,ES,Federal Contract Tower,31,12,31,8,82,0,0,0,0,0,31,12,31,8,82,0,0,0,82
02/07/2021,ECP,FL,ASO,ES,Federal Contract Tower,35,15,44,0,94,0,2,22,0,24,35,17,66,0,118,28,0,28,146
02/08/2021,ECP,FL,ASO,ES,Federal Contract Tower,33,20,53,4,110,0,2,54,0,56,33,22,107,4,166,38,18,56,222
02/09/2021,ECP,FL,ASO,ES,Federal Contract Tower,30,18,28,2,78,0,0,0,0,0,30,18,28,2,78,0,0,0,78
02/10/2021,ECP,FL,ASO,ES,Federal Contract Tower,31,20,44,2,97,0,0,3,0,3,31,20,47,2,100,0,0,0,100
02/11/2021,ECP,FL,ASO,ES,Federal Contract Tower,32,29,44,9,114,0,0,0,0,0,32,29,44,9,114,6,0,6,120
02/12/2021,ECP,FL,ASO,ES,Federal Contract Tower,33,13,56,1,103,0,0,0,0,0,33,13,56,1,103,0,0,0,103
02/13/2021,ECP,FL,ASO,ES,Federal Contract Tower,34,14,19,0,67,0,0,0,0,0,34,14,19,0,67,0,0,0,67
02/14/2021,ECP,FL,ASO,ES,Federal Contract Tower,32,10,34,1,77,0,0,0,0,0,32,10,34,1,77,0,0,0,77
02/15/2021,ECP,FL,ASO,ES,Federal Contract Tower,20,13,29,0,62,0,0,0,0,0,20,13,29,0,62,0,0,0,62
02/16/2021,ECP,FL,ASO,ES,Federal Contract Tower,20,32,51,8,111,0,2,48,0,50,20,34,99,8,161,62,4,66,227
02/17/2021,ECP,FL,ASO,ES,Federal Contract Tower,22,16,34,6,78,0,0,43,0,43,22,16,77,6,121,92,12,104,225
02/18/2021,ECP,FL,ASO,ES,Federal Contract Tower,23,19,25,2,69,0,0,0,0,0,23,19,25,2,69,0,0,0,69
02/19/2021,ECP,FL,ASO,ES,Federal Contract Tower,29,28,87,5,149,0,6,20,0,26,29,34,107,5,175,26,36,62,237
02/20/2021,ECP,FL,ASO,ES,Federal Contract Tower,33,19,44,8,104,0,2,73,0,75,33,21,117,8,179,56,4,60,239
02/21/2021,ECP,FL,ASO,ES,Federal Contract Tower,35,24,75,0,134,0,10,68,0,78,35,34,143,0,212,30,10,40,252
02/22/2021,ECP,FL,ASO,ES,Federal Contract Tower,32,22,55,10,119,0,3,49,7,59,32,25,104,17,178,8,44,52,230
02/23/2021,ECP,FL,ASO,ES,Federal Contract Tower,32,14,30,5,81,0,1,49,2,52,32,15,79,7,133,32,56,88,221
02/24/2021,ECP,FL,ASO,ES,Federal Contract Tower,30,16,56,12,114,0,0,75,10,85,30,16,131,22,199,22,46,68,267
02/25/2021,ECP,FL,ASO,ES,Federal Contract Tower,31,27,73,20,151,0,0,59,6,65,31,27,132,26,216,46,26,72,288
02/26/2021,ECP,FL,ASO,ES,Federal Contract Tower,32,36,64,18,150,0,0,37,2,39,32,36,101,20,189,48,20,68,257
02/27/2021,ECP,FL,ASO,ES,Federal Contract Tower,40,11,43,0,94,0,2,29,0,31,40,13,72,0,125,14,0,14,139
02/28/2021,ECP,FL,ASO,ES,Federal Contract Tower,38,23,65,0,126,0,9,54,6,69,38,32,119,6,195,12,0,12,207
03/01/2021,ECP,FL,ASO,ES,Federal Contract Tower,32,29,52,2,115,0,0,2,0,2,32,29,54,2,117,0,0,0,117
03/02/2021,ECP,FL,ASO,ES,Federal Contract Tower,33,20,25,6,84,0,0,0,0,0,33,20,25,6,84,0,0,0,84
03/03/2021,ECP,FL,ASO,ES,Federal Contract Tower,31,31,48,10,120,0,0,28,2,30,31,31,76,12,150,56,4,60,210
03/04/2021,ECP,FL,ASO,ES,Federal Contract Tower,42,17,71,20,150,0,2,61,3,66,42,19,132,23,216,58,20,78,294
03/05/2021,ECP,FL,ASO,ES,Federal Contract Tower,43,25,51,29,148,0,0,51,4,55,43,25,102,33,203,24,28,52,255
03/06/2021,ECP,FL,ASO,ES,Federal Contract Tower,52,13,67,0,132,0,2,27,0,29,52,15,94,0,161,14,0,14,175
03/07/2021,ECP,FL,ASO,ES,Federal Contract Tower,51,34,61,8,154,0,6,52,2,60,51,40,113,10,214,40,8,48,262
03/08/2021,ECP,FL,ASO,ES,Federal Contract Tower,49,19,58,28,154,0,2,48,2,52,49,21,106,30,206,40,20,60,266
03/09/2021,ECP,FL,ASO,ES,Federal Contract Tower,38,14,59,24,135,0,2,52,0,54,38,16,111,24,189,46,30,76,265
03/10/2021,ECP,FL,ASO,ES,Federal Contract Tower,39,19,72,21,151,0,4,49,2,55,39,23,121,23,206,12,8,20,226
03/11/2021,ECP,FL,ASO,ES,Federal Contract Tower,59,32,85,23,199,0,4,52,4,60,59,36,137,27,259,20,26,46,305
03/12/2021,ECP,FL,ASO,ES,Federal Contract Tower,59,39,99,8,205,0,4,61,0,65,59,43,160,8,270,36,0,36,306
03/13/2021,ECP,FL,ASO,ES,Federal Contract Tower,88,69,120,2,279,0,6,57,0,63,88,75,177,2,342,28,0,28,370
03/14/2021,ECP,FL,ASO,ES,Federal Contract Tower,64,33,99,2,198,0,9,66,0,75,64,42,165,2,273,42,18,60,333
03/15/2021,ECP,FL,ASO,ES,Federal Contract Tower,59,25,66,22,172,0,5,28,10,43,59,30,94,32,215,4,0,4,219
03/16/2021,ECP,FL,ASO,ES,Federal Contract Tower,51,35,45,5,136,0,4,20,2,26,51,39,65,7,162,4,10,14,176
03/17/2021,ECP,FL,ASO,ES,Federal Contract Tower,50,23,42,58,173,0,7,12,0,19,50,30,54,58,192,10,56,66,258
03/18/2021,ECP,FL,ASO,ES,Federal Contract Tower,58,34,69,9,170,0,4,20,2,26,58,38,89,11,196,8,0,8,204
03/19/2021,ECP,FL,ASO,ES,Federal Contract Tower,65,48,101,14,228,0,10,47,8,65,65,58,148,22,293,34,4,38,331
03/20/2021,ECP,FL,ASO,ES,Federal Contract Tower,82,64,119,0,265,0,12,41,0,53,82,76,160,0,318,20,0,20,338
03/21/2021,ECP,FL,ASO,ES,Federal Contract Tower,66,39,107,6,218,0,6,47,2,55,66,45,154,8,273,18,2,20,293
03/22/2021,ECP,FL,ASO,ES,Federal Contract Tower,62,17,44,10,133,0,8,58,0,66,62,25,102,10,199,36,46,82,281
03/23/2021,ECP,FL,ASO,ES,Federal Contract Tower,53,8,44,13,118,0,0,38,0,38,53,8,82,13,156,28,32,60,216
03/24/2021,ECP,FL,ASO,ES,Federal Contract Tower,49,15,56,3,123,0,6,3,0,9,49,21,59,3,132,0,0,0,132
03/25/2021,ECP,FL,ASO,ES,Federal Contract Tower,64,30,55,16,165,0,0,22,6,28,64,30,77,22,193,8,0,8,201
03/26/2021,ECP,FL,ASO,ES,Federal Contract Tower,63,34,74,7,178,0,3,10,1,14,63,37,84,8,192,8,6,14,206
03/27/2021,ECP,FL,ASO,ES,Federal Contract Tower,80,50,90,2,222,0,2,38,0,40,80,52,128,2,262,33,0,33,295
03/28/2021,ECP,FL,ASO,ES,Federal Contract Tower,64,26,72,0,162,0,1,17,0,18,64,27,89,0,180,26,0,26,206
03/29/2021,ECP,FL,ASO,ES,Federal Contract Tower,55,24,38,2,119,0,9,52,0,61,55,33,90,2,180,64,0,64,244
03/30/2021,ECP,FL,ASO,ES,Federal Contract Tower,48,23,56,22,149,0,6,30,4,40,48,29,86,26,189,16,26,42,231
03/31/2021,ECP,FL,ASO,ES,Federal Contract Tower,47,23,58,31,159,0,6,30,0,36,47,29,88,31,195,36,0,36,231
04/01/2021,ECP,FL,ASO,ES,Federal Contract Tower,63,36,110,15,224,0,0,26,6,32,63,36,136,21,256,14,26,40,296
04/02/2021,ECP,FL,ASO,ES,Federal Contract Tower,66,33,102,0,201,0,9,46,0,55,66,42,148,0,256,22,0,22,278
04/03/2021,ECP,FL,ASO,ES,Federal Contract Tower,75,30,76,0,181,0,11,77,0,88,75,41,153,0,269,66,0,66,335
04/04/2021,ECP,FL,ASO,ES,Federal Contract Tower,62,25,65,0,152,0,14,46,0,60,62,39,111,0,212,52,0,52,264
04/05/2021,ECP,FL,ASO,ES,Federal Contract Tower,61,31,106,9,207,0,10,57,2,69,61,41,163,11,276,10,18,28,304
04/06/2021,ECP,FL,ASO,ES,Federal Contract Tower,56,21,64,21,162,0,4,48,0,52,56,25,112,21,214,68,30,98,312
04/07/2021,ECP,FL,ASO,ES,Federal Contract Tower,60,13,74,23,170,0,0,43,4,47,60,13,117,27,217,66,26,92,309
04/08/2021,ECP,FL,ASO,ES,Federal Contract Tower,62,26,59,0,147,0,0,16,2,18,62,26,75,2,165,4,14,18,183
04/09/2021,ECP,FL,ASO,ES,Federal Contract Tower,60,27,58,0,145,0,0,1,0,1,60,27,59,0,146,2,0,2,148
04/10/2021,ECP,FL,ASO,ES,Federal Contract Tower,85,42,39,0,166,0,6,14,0,20,85,48,53,0,186,4,0,4,190
04/11/2021,ECP,FL,ASO,ES,Federal Contract Tower,62,34,79,0,175,0,10,33,4,47,62,44,112,4,222,30,0,30,252
04/12/2021,ECP,FL,ASO,ES,Federal Contract Tower,61,19,77,8,165,0,2,62,16,80,61,21,139,24,245,44,46,90,335
04/13/2021,ECP,FL,ASO,ES,Federal Contract Tower,52,26,55,34,167,0,0,52,3,55,52,26,107,37,222,20,40,60,282
04/14/2021,ECP,FL,ASO,ES,Federal Contract Tower,50,24,70,2,146,0,0,35,6,41,50,24,105,8,187,30,14,44,231
04/15/2021,ECP,FL,ASO,ES,Federal Contract Tower,64,31,55,0,150,0,2,4,0,6,64,33,59,0,156,8,0,8,164
04/16/2021,ECP,FL,ASO,ES,Federal Contract Tower,63,15,62,6,146,0,0,27,0,27,63,15,89,6,173,24,0,24,197
04/17/2021,ECP,FL,ASO,ES,Federal Contract Tower,84,18,53,0,155,0,0,10,0,10,84,18,63,0,165,22,0,22,187
04/18/2021,ECP,FL,ASO,ES,Federal Contract Tower,65,24,104,0,193,0,0,35,0,35,65,24,139,0,228,36,6,42,270
04/19/2021,ECP,FL,ASO,ES,Federal Contract Tower,62,13,58,16,149,0,0,60,2,62,62,13,118,18,211,32,42,74,285
04/20/2021,ECP,FL,ASO,ES,Federal Contract Tower,51,14,65,8,138,0,0,60,0,60,51,14,125,8,198,46,6,52,250
04/21/2021,ECP,FL,ASO,ES,Federal Contract Tower,48,33,84,18,183,0,10,57,4,71,48,43,141,22,254,68,24,92,346
04/22/2021,ECP,FL,ASO,ES,Federal Contract Tower,62,28,89,5,184,0,3,65,0,68,62,31,154,5,252,30,22,52,304
04/23/2021,ECP,FL,ASO,ES,Federal Contract Tower,60,27,81,6,174,0,6,55,0,61,60,33,136,6,235,28,0,28,263
04/24/2021,ECP,FL,ASO,ES,Federal Contract Tower,84,23,16,0,123,0,0,1,0,1,84,23,17,0,124,0,0,0,124
04/25/2021,ECP,FL,ASO,ES,Federal Contract Tower,61,44,100,0,205,0,13,82,0,95,61,57,182,0,300,72,4,76,376
04/26/2021,ECP,FL,ASO,ES,Federal Contract Tower,62,28,79,24,193,0,0,63,2,65,62,28,142,26,258,34,28,62,320
04/27/2021,ECP,FL,ASO,ES,Federal Contract Tower,51,27,51,11,140,0,6,40,1,47,51,33,91,12,187,40,10,50,237
04/28/2021,ECP,FL,ASO,ES,Federal Contract Tower,51,25,78,6,160,0,4,52,1,57,51,29,130,7,217,40,24,64,281
04/29/2021,ECP,FL,ASO,ES,Federal Contract Tower,62,25,75,16,178,0,8,46,2,56,62,33,121,18,234,38,4,42,276
04/30/2021,ECP,FL,ASO,ES,Federal Contract Tower,61,30,88,15,194,0,5,26,0,31,61,35,114,15,225,6,0,6,231
05/01/2021,ECP,FL,ASO,ES,Federal Contract Tower,93,22,60,0,175,0,9,54,0,63,93,31,114,0,238,16,0,16,254
05/02/2021,ECP,FL,ASO,ES,Federal Contract Tower,58,45,97,3,203,0,6,47,0,53,58,51,144,3,256,28,0,28,284
05/03/2021,ECP,FL,ASO,ES,Federal Contract Tower,59,24,71,14,168,0,2,7,1,10,59,26,78,15,178,10,4,14,192
05/04/2021,ECP,FL,ASO,ES,Federal Contract Tower,49,15,52,45,161,0,2,9,1,12,49,17,61,46,173,8,4,12,185
05/05/2021,ECP,FL,ASO,ES,Federal Contract Tower,53,21,59,0,133,0,0,9,2,11,53,21,68,2,144,10,0,10,154
05/06/2021,ECP,FL,ASO,ES,Federal Contract Tower,60,32,70,11,173,0,6,62,11,79,60,38,132,22,252,40,40,80,332
05/07/2021,ECP,FL,ASO,ES,Federal Contract Tower,62,29,89,2,182,0,6,46,0,52,62,35,135,2,234,16,32,48,282
05/08/2021,ECP,FL,ASO,ES,Federal Contract Tower,83,22,79,2,186,0,13,59,0,72,83,35,138,2,258,32,0,32,290
05/09/2021,ECP,FL,ASO,ES,Federal Contract Tower,68,25,71,2,166,0,17,67,2,86,68,42,138,4,252,56,8,64,316
05/10/2021,ECP,FL,ASO,ES,Federal Contract Tower,67,22,71,0,160,0,0,5,0,5,67,22,76,0,165,2,0,2,167
05/11/2021,ECP,FL,ASO,ES,Federal Contract Tower,52,28,56,12,148,0,0,17,0,17,52,28,73,12,165,10,0,10,175
05/12/2021,ECP,FL,ASO,ES,Federal Contract Tower,59,32,52,11,154,0,0,14,6,20,59,32,66,17,174,10,40,50,224
05/13/2021,ECP,FL,ASO,ES,Federal Contract Tower,71,37,98,6,212,0,0,19,0,19,71,37,117,6,231,8,0,8,239
05/14/2021,ECP,FL,ASO,ES,Federal Contract Tower,67,38,104,8,217,0,2,60,2,64,67,40,164,10,281,24,26,50,331
05/15/2021,ECP,FL,ASO,ES,Federal Contract Tower,91,30,48,0,169,0,16,47,0,63,91,46,95,0,232,52,0,52,284
05/16/2021,ECP,FL,ASO,ES,Federal Contract Tower,67,40,115,0,222,0,13,68,0,81,67,53,183,0,303,68,0,68,371
05/17/2021,ECP,FL,ASO,ES,Federal Contract Tower,65,22,57,4,148,0,2,58,0,60,65,24,115,4,208,16,20,36,244
05/18/2021,ECP,FL,ASO,ES,Federal Contract Tower,54,18,72,29,173,0,8,42,0,50,54,26,114,29,223,28,40,68,291
05/19/2021,ECP,FL,ASO,ES,Federal Contract Tower,60,35,62,8,165,0,8,56,0,64,60,43,118,8,229,26,16,42,271
05/20/2021,ECP,FL,ASO,ES,Federal Contract Tower,65,37,93,31,226,0,4,51,2,57,65,41,144,33,283,62,52,114,397
05/21/2021,ECP,FL,ASO,ES,Federal Contract Tower,69,28,70,8,175,0,16,57,2,75,69,44,127,10,250,28,0,28,278
05/22/2021,ECP,FL,ASO,ES,Federal Contract Tower,91,30,81,0,202,0,9,60,1,70,91,39,141,1,272,36,0,36,308
05/23/2021,ECP,FL,ASO,ES,Federal Contract Tower,67,30,78,4,179,0,5,59,1,65,67,35,137,5,244,28,16,44,288
05/24/2021,ECP,FL,ASO,ES,Federal Contract Tower,65,22,68,6,161,0,6,56,0,62,65,28,124,6,223,24,0,24,247
05/25/2021,ECP,FL,ASO,ES,Federal Contract Tower,61,24,64,20,169,0,16,70,0,86,61,40,134,20,255,36,22,58,313
05/26/2021,ECP,FL,ASO,ES,Federal Contract Tower,60,33,74,5,172,0,4,35,5,44,60,37,109,10,216,8,24,32,248
05/27/2021,ECP,FL,ASO,ES,Federal Contract Tower,73,30,126,6,235,0,16,58,0,74,73,46,184,6,309,34,6,40,349
05/28/2021,ECP,FL,ASO,ES,Federal Contract Tower,74,32,133,8,247,0,10,58,0,68,74,42,191,8,315,26,0,26,341
05/29/2021,ECP,FL,ASO,ES,Federal Contract Tower,90,49,103,0,242,0,8,60,6,74,90,57,163,6,316,64,0,64,380
05/30/2021,ECP,FL,ASO,ES,Federal Contract Tower,77,25,50,0,152,0,28,55,2,85,77,53,105,2,237,54,0,54,291
05/31/2021,ECP,FL,ASO,ES,Federal Contract Tower,73,39,111,0,223,0,22,68,4,94,73,61,179,4,317,30,4,34,351
06/01/2021,ECP,FL,ASO,ES,Federal Contract Tower,65,32,75,15,187,0,7,43,1,51,65,39,118,16,238,16,34,50,288
06/02/2021,ECP,FL,ASO,ES,Federal Contract Tower,58,20,89,70,237,0,4,55,12,71,58,24,144,82,308,36,64,100,408
06/03/2021,ECP,FL,ASO,ES,Federal Contract Tower,70,36,79,60,245,0,10,30,4,44,70,46,109,64,289,34,66,100,389
06/04/2021,ECP,FL,ASO,ES,Federal Contract Tower,74,22,109,34,239,0,8,43,6,57,74,30,152,40,296,32,56,88,384
06/05/2021,ECP,FL,ASO,ES,Federal Contract Tower,102,51,156,2,311,0,19,62,6,87,102,70,218,8,398,24,0,24,422
06/06/2021,ECP,FL,ASO,ES,Federal Contract Tower,86,36,82,2,206,0,7,21,0,28,86,43,103,2,234,12,0,12,246
06/07/2021,ECP,FL,ASO,ES,Federal Contract Tower,73,20,74,10,177,0,12,59,8,79,73,32,133,18,256,6,90,96,352
06/08/2021,ECP,FL,ASO,ES,Federal Contract Tower,71,10,72,8,161,0,4,42,4,50,71,14,114,12,211,20,34,54,265
06/09/2021,ECP,FL,ASO,ES,Federal Contract Tower,69,36,63,35,203,0,6,44,8,58,69,42,107,43,261,16,46,62,323
06/10/2021,ECP,FL,ASO,ES,Federal Contract Tower,76,16,89,21,202,0,22,75,2,99,76,38,164,23,301,36,18,54,355
06/11/2021,ECP,FL,ASO,ES,Federal Contract Tower,73,27,70,18,188,0,15,32,0,47,73,42,102,18,235,18,12,30,265
06/12/2021,ECP,FL,ASO,ES,Federal Contract Tower,91,48,122,0,261,0,2,38,0,40,91,50,160,0,301,20,0,20,321
06/13/2021,ECP,FL,ASO,ES,Federal Contract Tower,84,5,87,0,176,0,10,61,0,71,84,15,148,0,247,28,0,28,275
06/14/2021,ECP,FL,ASO,ES,Federal Contract Tower,77,15,62,2,156,0,4,64,0,68,77,19,126,2,224,64,0,64,288
06/15/2021,ECP,FL,ASO,ES,Federal Contract Tower,74,24,51,0,149,0,0,39,0,39,74,24,90,0,188,24,0,24,212
06/16/2021,ECP,FL,ASO,ES,Federal Contract Tower,70,24,60,4,158,0,6,45,2,53,70,30,105,6,211,32,4,36,247
06/17/2021,ECP,FL,ASO,ES,Federal Contract Tower,78,25,89,18,210,0,2,64,4,70,78,27,153,22,280,48,30,78,358
06/18/2021,ECP,FL,ASO,ES,Federal Contract Tower,72,26,85,0,183,0,3,27,0,30,72,29,112,0,213,22,0,22,235
06/19/2021,ECP,FL,ASO,ES,Federal Contract Tower,90,22,45,0,157,0,0,4,0,4,90,22,49,0,161,8,0,8,169
06/20/2021,ECP,FL,ASO,ES,Federal Contract Tower,84,31,59,0,174,0,0,20,0,20,84,31,79,0,194,30,0,30,224
06/21/2021,ECP,FL,ASO,ES,Federal Contract Tower,72,17,47,6,142,0,0,8,0,8,72,17,55,6,150,4,0,4,154
06/22/2021,ECP,FL,ASO,ES,Federal Contract Tower,75,24,22,6,127,0,0,14,0,14,75,24,36,6,141,10,0,10,151
06/23/2021,ECP,FL,ASO,ES,Federal Contract Tower,71,20,48,3,142,0,2,22,0,24,71,22,70,3,166,28,0,28,194
06/24/2021,ECP,FL,ASO,ES,Federal Contract Tower,80,31,47,2,160,0,4,38,0,42,80,35,85,2,202,42,0,42,244
06/25/2021,ECP,FL,ASO,ES,Federal Contract Tower,76,27,74,14,191,0,12,48,0,60,76,39,122,14,251,26,4,30,281
06/26/2021,ECP,FL,ASO,ES,Federal Contract Tower,95,46,110,0,251,0,4,39,0,43,95,50,149,0,294,20,0,20,314
06/27/2021,ECP,FL,ASO,ES,Federal Contract Tower,83,26,64,4,177,0,0,32,0,32,83,26,96,4,209,38,6,44,253
06/28/2021,ECP,FL,ASO,ES,Federal Contract Tower,75,13,79,31,198,0,0,48,1,49,75,13,127,32,247,20,18,38,285
06/29/2021,ECP,FL,ASO,ES,Federal Contract Tower,67,19,60,4,150,0,4,31,0,35,67,23,91,4,185,60,0,60,245
06/30/2021,ECP,FL,ASO,ES,Federal Contract Tower,70,28,67,14,179,0,13,23,0,36,70,41,90,14,215,16,14,30,245
07/01/2021,ECP,FL,ASO,ES,Federal Contract Tower,73,39,120,8,240,0,5,12,0,17,73,44,132,8,257,20,0,20,277
07/02/2021,ECP,FL,ASO,ES,Federal Contract Tower,81,46,98,2,227,0,2,25,0,27,81,48,123,2,254,10,0,10,264
07/03/2021,ECP,FL,ASO,ES,Federal Contract Tower,97,37,94,0,228,0,6,32,0,38,97,43,126,0,266,42,0,42,308
07/04/2021,ECP,FL,ASO,ES,Federal Contract Tower,75,15,38,0,128,0,19,24,0,43,75,34,62,0,171,36,0,36,207
07/05/2021,ECP,FL,ASO,ES,Federal Contract Tower,85,30,101,0,216,0,6,7,0,13,85,36,108,0,229,14,0,14,243
07/06/2021,ECP,FL,ASO,ES,Federal Contract Tower,73,37,69,0,179,0,0,11,0,11,73,37,80,0,190,2,0,2,192
07/07/2021,ECP,FL,ASO,ES,Federal Contract Tower,68,27,36,6,137,0,5,35,0,40,68,32,71,6,177,50,0,50,227
07/08/2021,ECP,FL,ASO,ES,Federal Contract Tower,75,24,78,22,199,0,4,33,0,37,75,28,111,22,236,62,0,62,298
07/09/2021,ECP,FL,ASO,ES,Federal Contract Tower,79,23,90,1,193,0,4,35,0,39,79,27,125,1,232,40,0,40,272
07/10/2021,ECP,FL,ASO,ES,Federal Contract Tower,94,57,113,2,266,0,18,56,0,74,94,75,169,2,340,76,8,84,424
07/11/2021,ECP,FL,ASO,ES,Federal Contract Tower,87,42,82,2,213,0,6,37,0,43,87,48,119,2,256,60,0,60,316
07/12/2021,ECP,FL,ASO,ES,Federal Contract Tower,73,20,39,24,156,0,10,30,0,40,73,30,69,24,196,46,6,52,248
07/13/2021,ECP,FL,ASO,ES,Federal Contract Tower,66,12,47,4,129,0,4,38,0,42,66,16,85,4,171,34,0,34,205
07/14/2021,ECP,FL,ASO,ES,Federal Contract Tower,67,19,60,6,152,0,12,54,9,75,67,31,114,15,227,32,20,52,279
07/15/2021,ECP,FL,ASO,ES,Federal Contract Tower,77,17,74,24,192,0,10,34,3,47,77,27,108,27,239,24,60,84,323
07/16/2021,ECP,FL,ASO,ES,Federal Contract Tower,75,23,69,10,177,0,10,44,2,56,75,33,113,12,233,32,0,32,265
07/17/2021,ECP,FL,ASO,ES,Federal Contract Tower,94,45,93,8,240,0,4,63,0,67,94,49,156,8,307,62,0,62,369
07/18/2021,ECP,FL,ASO,ES,Federal Contract Tower,83,30,87,25,225,0,13,59,10,82,83,43,146,35,307,36,14,50,357
07/19/2021,ECP,FL,ASO,ES,Federal Contract Tower,74,6,43,16,139,0,20,37,1,58,74,26,80,17,197,28,6,34,231
07/20/2021,ECP,FL,ASO,ES,Federal Contract Tower,72,12,62,8,154,0,5,22,0,27,72,17,84,8,181,20,16,36,217
07/21/2021,ECP,FL,ASO,ES,Federal Contract Tower,71,14,53,13,151,0,11,45,9,65,71,25,98,22,216,40,58,98,314
07/22/2021,ECP,FL,ASO,ES,Federal Contract Tower,74,20,73,17,184,0,23,30,3,56,74,43,103,20,240,28,32,60,300
07/23/2021,ECP,FL,ASO,ES,Federal Contract Tower,80,19,57,8,164,2,17,33,2,54,82,36,90,10,218,18,0,18,236
07/24/2021,ECP,FL,ASO,ES,Federal Contract Tower,95,40,116,2,253,0,19,28,0,47,95,59,144,2,300,32,0,32,332
07/25/2021,ECP,FL,ASO,ES,Federal Contract Tower,81,23,73,0,177,0,16,71,0,87,81,39,144,0,264,50,4,54,318
07/26/2021,ECP,FL,ASO,ES,Federal Contract Tower,74,16,69,3,162,0,18,61,4,83,74,34,130,7,245,66,28,94,339
07/27/2021,ECP,FL,ASO,ES,Federal Contract Tower,68,18,53,4,143,0,6,35,0,41,68,24,88,4,184,22,0,22,206
07/28/2021,ECP,FL,ASO,ES,Federal Contract Tower,70,31,52,1,154,0,12,40,0,52,70,43,92,1,206,16,0,16,222
07/29/2021,ECP,FL,ASO,ES,Federal Contract Tower,76,19,78,2,175,0,16,46,0,62,76,35,124,2,237,26,0,26,263
07/30/2021,ECP,FL,ASO,ES,Federal Contract Tower,73,28,44,4,149,0,12,48,0,60,73,40,92,4,209,36,10,46,255
07/31/2021,ECP,FL,ASO,ES,Federal Contract Tower,96,36,90,0,222,0,10,45,0,55,96,46,135,0,277,14,0,14,291
08/01/2021,ECP,FL,ASO,ES,Federal Contract Tower,76,27,84,4,191,0,16,60,2,78,76,43,144,6,269,28,0,28,297
08/02/2021,ECP,FL,ASO,ES,Federal Contract Tower,72,16,54,14,156,0,22,32,16,70,72,38,86,30,226,24,118,142,368
08/03/2021,ECP,FL,ASO,ES,Federal Contract Tower,68,8,43,0,119,0,3,10,0,13,68,11,53,0,132,0,14,14,146
08/04/2021,ECP,FL,ASO,ES,Federal Contract Tower,73,32,51,12,168,0,8,26,0,34,73,40,77,12,202,18,0,18,220
08/05/2021,ECP,FL,ASO,ES,Federal Contract Tower,69,32,44,4,149,0,25,36,0,61,69,57,80,4,210,30,0,30,240
08/06/2021,ECP,FL,ASO,ES,Federal Contract Tower,74,18,55,9,156,0,31,66,8,105,74,49,121,17,261,79,0,79,340
08/07/2021,ECP,FL,ASO,ES,Federal Contract Tower,97,29,86,0,212,0,31,46,0,77,97,60,132,0,289,50,0,50,339
08/08/2021,ECP,FL,ASO,ES,Federal Contract Tower,87,35,63,0,185,0,8,49,0,57,87,43,112,0,242,16,8,24,266
08/09/2021,ECP,FL,ASO,ES,Federal Contract Tower,71,17,51,14,153,0,19,58,0,77,71,36,109,14,230,8,60,68,298
08/10/2021,ECP,FL,ASO,ES,Federal Contract Tower,70,22,36,3,131,0,14,37,2,53,70,36,73,5,184,8,10,18,202
08/11/2021,ECP,FL,ASO,ES,Federal Contract Tower,65,19,53,18,155,0,20,38,0,58,65,39,91,18,213,42,20,62,275
08/12/2021,ECP,FL,ASO,ES,Federal Contract Tower,77,18,52,2,149,0,17,31,4,52,77,35,83,6,201,6,0,6,207
08/13/2021,ECP,FL,ASO,ES,Federal Contract Tower,70,34,63,8,175,0,9,44,0,53,70,43,107,8,228,10,0,10,238
08/14/2021,ECP,FL,ASO,ES,Federal Contract Tower,87,32,55,0,174,0,12,48,0,60,87,44,103,0,234,34,0,34,268
08/15/2021,ECP,FL,ASO,ES,Federal Contract Tower,76,18,58,0,152,0,5,29,0,34,76,23,87,0,186,18,0,18,204
08/16/2021,ECP,FL,ASO,ES,Federal Contract Tower,28,4,2,0,34,0,0,0,0,0,28,4,2,0,34,0,0,0,34
08/17/2021,ECP,FL,ASO,ES,Federal Contract Tower,59,17,28,4,108,0,5,32,1,38,59,22,60,5,146,38,0,38,184
08/18/2021,ECP,FL,ASO,ES,Federal Contract Tower,57,18,39,10,124,0,4,42,6,52,57,22,81,16,176,14,34,48,224
08/19/2021,ECP,FL,ASO,ES,Federal Contract Tower,61,22,59,22,164,0,1,38,6,45,61,23,97,28,209,16,14,30,239
08/20/2021,ECP,FL,ASO,ES,Federal Contract Tower,62,24,59,2,147,0,1,42,0,43,62,25,101,2,190,32,0,32,222
08/21/2021,ECP,FL,ASO,ES,Federal Contract Tower,84,15,39,0,138,0,2,23,0,25,84,17,62,0,163,14,0,14,177
08/22/2021,ECP,FL,ASO,ES,Federal Contract Tower,73,17,51,0,141,0,12,44,0,56,73,29,95,0,197,64,0,64,261
08/23/2021,ECP,FL,ASO,ES,Federal Contract Tower,64,11,46,0,121,0,10,31,0,41,64,21,77,0,162,28,0,28,190
08/24/2021,ECP,FL,ASO,ES,Federal Contract Tower,61,12,45,2,120,0,3,27,0,30,61,15,72,2,150,42,0,42,192
08/25/2021,ECP,FL,ASO,ES,Federal Contract Tower,61,25,46,4,136,0,4,9,6,19,61,29,55,10,155,0,22,22,177
08/26/2021,ECP,FL,ASO,ES,Federal Contract Tower,65,16,40,5,126,0,3,43,6,52,65,19,83,11,178,30,8,38,216
08/27/2021,ECP,FL,ASO,ES,Federal Contract Tower,69,20,47,6,142,0,7,17,0,24,69,27,64,6,166,34,0,34,200
08/28/2021,ECP,FL,ASO,ES,Federal Contract Tower,82,18,47,0,147,0,5,24,0,29,82,23,71,0,176,32,0,32,208
08/29/2021,ECP,FL,ASO,ES,Federal Contract Tower,64,9,38,0,111,0,1,3,0,4,64,10,41,0,115,0,0,0,115
08/30/2021,ECP,FL,ASO,ES,Federal Contract Tower,66,8,24,8,106,0,0,14,1,15,66,8,38,9,121,38,8,46,167
08/31/2021,ECP,FL,ASO,ES,Federal Contract Tower,54,15,21,0,90,0,0,12,2,14,54,15,33,2,104,8,4,12,116
09/01/2021,ECP,FL,ASO,ES,Federal Contract Tower,61,25,45,14,145,0,4,38,0,42,61,29,83,14,187,8,0,8,195
09/02/2021,ECP,FL,ASO,ES,Federal Contract Tower,65,35,103,12,215,0,12,45,10,67,65,47,148,22,282,26,24,50,332
09/03/2021,ECP,FL,ASO,ES,Federal Contract Tower,66,31,80,3,180,0,4,72,1,77,66,35,152,4,257,6,0,6,263
09/04/2021,ECP,FL,ASO,ES,Federal Contract Tower,83,14,57,2,156,0,4,50,0,54,83,18,107,2,210,74,0,74,284
09/05/2021,ECP,FL,ASO,ES,Federal Contract Tower,68,20,35,0,123,0,20,48,0,68,68,40,83,0,191,56,0,56,247
09/06/2021,ECP,FL,ASO,ES,Federal Contract Tower,65,38,155,0,258,0,24,63,4,91,65,62,218,4,349,28,0,28,377
09/07/2021,ECP,FL,ASO,ES,Federal Contract Tower,43,23,83,8,157,0,6,32,0,38,43,29,115,8,195,10,18,28,223
09/08/2021,ECP,FL,ASO,ES,Federal Contract Tower,38,11,32,0,81,0,0,2,0,2,38,11,34,0,83,4,0,4,87
09/09/2021,ECP,FL,ASO,ES,Federal Contract Tower,41,29,29,9,108,0,2,26,2,30,41,31,55,11,138,16,8,24,162
09/10/2021,ECP,FL,ASO,ES,Federal Contract Tower,43,22,69,6,140,0,0,44,2,46,43,22,113,8,186,34,14,48,234
09/11/2021,ECP,FL,ASO,ES,Federal Contract Tower,55,7,43,0,105,0,0,29,2,31,55,7,72,2,136,16,0,16,152
09/12/2021,ECP,FL,ASO,ES,Federal Contract Tower,44,27,55,2,128,3,7,53,6,69,47,34,108,8,197,14,34,48,245
09/13/2021,ECP,FL,ASO,ES,Federal Contract Tower,46,17,42,0,105,0,0,59,2,61,46,17,101,2,166,50,6,56,222
09/14/2021,ECP,FL,ASO,ES,Federal Contract Tower,36,15,57,24,132,0,4,51,4,59,36,19,108,28,191,42,22,64,255
09/15/2021,ECP,FL,ASO,ES,Federal Contract Tower,39,20,23,0,82,0,0,0,0,0,39,20,23,0,82,0,0,0,82
09/16/2021,ECP,FL,ASO,ES,Federal Contract Tower,43,20,46,0,109,0,0,5,0,5,43,20,51,0,114,20,0,20,134
09/17/2021,ECP,FL,ASO,ES,Federal Contract Tower,47,19,49,4,119,0,0,6,0,6,47,19,55,4,125,32,24,56,181
09/18/2021,ECP,FL,ASO,ES,Federal Contract Tower,62,16,37,0,115,0,4,12,0,16,62,20,49,0,131,12,0,12,143
09/19/2021,ECP,FL,ASO,ES,Federal Contract Tower,42,17,41,0,100,0,8,14,0,22,42,25,55,0,122,9,0,9,131
09/20/2021,ECP,FL,ASO,ES,Federal Contract Tower,48,24,53,20,145,0,0,20,0,20,48,24,73,20,165,18,30,48,213
09/21/2021,ECP,FL,ASO,ES,Federal Contract Tower,37,15,36,31,119,0,2,15,0,17,37,17,51,31,136,6,24,30,166
09/22/2021,ECP,FL,ASO,ES,Federal Contract Tower,38,22,50,18,128,0,2,33,1,36,38,24,83,19,164,48,4,52,216
09/23/2021,ECP,FL,ASO,ES,Federal Contract Tower,45,25,69,24,163,0,2,45,16,63,45,27,114,40,226,24,16,40,266
09/24/2021,ECP,FL,ASO,ES,Federal Contract Tower,53,21,79,0,153,0,4,57,2,63,53,25,136,2,216,64,0,64,280
09/25/2021,ECP,FL,ASO,ES,Federal Contract Tower,59,21,28,0,108,0,4,54,0,58,59,25,82,0,166,18,0,18,184
09/26/2021,ECP,FL,ASO,ES,Federal Contract Tower,43,31,67,0,141,0,4,58,0,62,43,35,125,0,203,32,0,32,235
09/27/2021,ECP,FL,ASO,ES,Federal Contract Tower,46,18,61,30,155,0,6,53,0,59,46,24,114,30,214,44,24,68,282
09/28/2021,ECP,FL,ASO,ES,Federal Contract Tower,39,16,42,14,111,0,3,53,2,58,39,19,95,16,169,40,56,96,265
09/29/2021,ECP,FL,ASO,ES,Federal Contract Tower,39,14,50,10,113,0,4,40,1,45,39,18,90,11,158,24,8,32,190
09/30/2021,ECP,FL,ASO,ES,Federal Contract Tower,47,46,55,15,163,0,0,67,5,72,47,46,122,20,235,60,30,90,325
10/01/2021,ECP,FL,ASO,ES,Federal Contract Tower,48,38,77,4,167,0,0,55,0,55,48,38,132,4,222,24,6,30,252
10/02/2021,ECP,FL,ASO,ES,Federal Contract Tower,60,30,58,0,148,0,4,37,0,41,60,34,95,0,189,30,0,30,219
10/03/2021,ECP,FL,ASO,ES,Federal Contract Tower,44,28,71,0,143,0,0,27,0,27,44,28,98,0,170,2,6,8,178
10/04/2021,ECP,FL,ASO,ES,Federal Contract Tower,45,10,41,4,100,0,0,1,0,1,45,10,42,4,101,2,0,2,103
10/05/2021,ECP,FL,ASO,ES,Federal Contract Tower,36,25,40,0,101,0,0,18,0,18,36,25,58,0,119,4,0,4,123
10/06/2021,ECP,FL,ASO,ES,Federal Contract Tower,39,21,38,2,100,0,2,16,0,18,39,23,54,2,118,16,0,16,134
10/07/2021,ECP,FL,ASO,ES,Federal Contract Tower,39,50,102,1,192,0,0,16,1,17,39,50,118,2,209,6,0,6,215
10/08/2021,ECP,FL,ASO,ES,Federal Contract Tower,37,45,102,9,193,0,2,34,2,38,37,47,136,11,231,12,8,20,251
10/09/2021,ECP,FL,ASO,ES,Federal Contract Tower,45,30,75,0,150,0,0,46,0,46,45,30,121,0,196,16,0,16,212
10/10/2021,ECP,FL,ASO,ES,Federal Contract Tower,34,28,87,0,149,0,10,55,0,65,34,38,142,0,214,24,0,24,238
10/11/2021,ECP,FL,ASO,ES,Federal Contract Tower,27,45,104,0,176,0,0,60,0,60,27,45,164,0,236,32,0,32,268
10/12/2021,ECP,FL,ASO,ES,Federal Contract Tower,34,37,60,6,137,0,6,54,5,65,34,43,114,11,202,92,24,116,318
10/13/2021,ECP,FL,ASO,ES,Federal Contract Tower,35,57,68,4,164,0,0,46,0,46,35,57,114,4,210,42,0,42,252
10/14/2021,ECP,FL,ASO,ES,Federal Contract Tower,41,33,90,3,167,0,2,26,1,29,41,35,116,4,196,36,8,44,240
10/15/2021,ECP,FL,ASO,ES,Federal Contract Tower,38,19,88,6,151,0,0,26,0,26,38,19,114,6,177,20,0,20,197
10/16/2021,ECP,FL,ASO,ES,Federal Contract Tower,48,19,43,2,112,0,2,37,0,39,48,21,80,2,151,36,0,36,187
10/17/2021,ECP,FL,ASO,ES,Federal Contract Tower,41,42,98,0,181,0,0,69,4,73,41,42,167,4,254,56,22,78,332
10/18/2021,ECP,FL,ASO,ES,Federal Contract Tower,37,36,63,6,142,0,0,53,0,53,37,36,116,6,195,24,0,24,219
10/19/2021,ECP,FL,ASO,ES,Federal Contract Tower,34,21,30,2,87,0,0,56,0,56,34,21,86,2,143,58,8,66,209
10/20/2021,ECP,FL,ASO,ES,Federal Contract Tower,37,22,76,7,142,0,0,45,2,47,37,22,121,9,189,38,20,58,247
10/21/2021,ECP,FL,ASO,ES,Federal Contract Tower,38,34,64,19,155,0,0,28,2,30,38,34,92,21,185,20,30,50,235
10/22/2021,ECP,FL,ASO,ES,Federal Contract Tower,36,31,82,6,155,0,4,62,0,66,36,35,144,6,221,8,0,8,229
10/23/2021,ECP,FL,ASO,ES,Federal Contract Tower,48,22,49,0,119,0,2,57,3,62,48,24,106,3,181,26,0,26,207
10/24/2021,ECP,FL,ASO,ES,Federal Contract Tower,41,23,86,0,150,0,0,51,4,55,41,23,137,4,205,8,16,24,229
10/25/2021,ECP,FL,ASO,ES,Federal Contract Tower,36,32,56,2,126,0,0,35,2,37,36,32,91,4,163,18,36,54,217
10/26/2021,ECP,FL,ASO,ES,Federal Contract Tower,33,14,40,11,98,0,0,38,2,40,33,14,78,13,138,64,12,76,214
10/27/2021,ECP,FL,ASO,ES,Federal Contract Tower,35,21,53,20,129,0,2,44,4,50,35,23,97,24,179,23,16,39,218
10/28/2021,ECP,FL,ASO,ES,Federal Contract Tower,42,23,32,3,100,0,0,5,1,6,42,23,37,4,106,0,26,26,132
10/29/2021,ECP,FL,ASO,ES,Federal Contract Tower,36,20,52,0,108,0,2,11,0,13,36,22,63,0,121,4,0,4,125
10/30/2021,ECP,FL,ASO,ES,Federal Contract Tower,46,12,47,0,105,0,0,35,0,35,46,12,82,0,140,42,0,42,182
10/31/2021,ECP,FL,ASO,ES,Federal Contract Tower,33,16,52,2,103,0,2,54,0,56,33,18,106,2,159,40,8,48,207
11/01/2021,ECP,FL,ASO,ES,Federal Contract Tower,35,33,48,12,128,0,2,47,2,51,35,35,95,14,179,16,38,54,233
11/03/2021,ECP,FL,ASO,ES,Federal Contract Tower,35,13,68,19,135,0,2,41,12,55,35,15,109,31,190,38,80,118,308
11/04/2021,ECP,FL,ASO,ES,Federal Contract Tower,37,28,92,10,167,0,0,44,1,45,37,28,136,11,212,46,22,68,280
11/05/2021,ECP,FL,ASO,ES,Federal Contract Tower,41,26,58,6,131,0,0,26,0,26,41,26,84,6,157,10,0,10,167
11/06/2021,ECP,FL,ASO,ES,Federal Contract Tower,49,19,28,2,98,0,2,45,0,47,49,21,73,2,145,48,0,48,193
11/07/2021,ECP,FL,ASO,ES,Federal Contract Tower,35,31,78,5,149,0,0,59,4,63,35,31,137,9,212,26,30,56,268
11/08/2021,ECP,FL,ASO,ES,Federal Contract Tower,33,17,58,14,122,0,0,51,4,55,33,17,109,18,177,12,36,48,225
11/09/2021,ECP,FL,ASO,ES,Federal Contract Tower,33,17,43,12,105,0,0,28,4,32,33,17,71,16,137,48,42,90,227
11/10/2021,ECP,FL,ASO,ES,Federal Contract Tower,31,21,75,5,132,0,0,33,7,40,31,21,108,12,172,62,68,130,302
11/11/2021,ECP,FL,ASO,ES,Federal Contract Tower,34,21,50,0,105,0,0,9,0,9,34,21,59,0,114,0,0,0,114
11/12/2021,ECP,FL,ASO,ES,Federal Contract Tower,33,18,57,3,111,0,0,28,0,28,33,18,85,3,139,10,0,10,149
11/14/2021,ECP,FL,ASO,ES,Federal Contract Tower,37,21,63,0,121,0,0,44,0,44,37,21,107,0,165,0,0,0,165
11/15/2021,ECP,FL,ASO,ES,Federal Contract Tower,33,24,35,4,96,0,0,35,3,38,33,24,70,7,134,20,16,36,170
11/16/2021,ECP,FL,ASO,ES,Federal Contract Tower,32,23,54,12,121,0,0,54,0,54,32,23,108,12,175,42,28,70,245
11/17/2021,ECP,FL,ASO,ES,Federal Contract Tower,32,18,59,27,136,0,0,31,5,36,32,18,90,32,172,20,14,34,206
11/18/2021,ECP,FL,ASO,ES,Federal Contract Tower,34,24,61,12,131,0,0,40,2,42,34,24,101,14,173,26,10,36,209
11/19/2021,ECP,FL,ASO,ES,Federal Contract Tower,34,21,72,5,132,0,1,49,1,51,34,22,121,6,183,52,0,52,235
11/20/2021,ECP,FL,ASO,ES,Federal Contract Tower,37,38,76,0,151,0,0,43,0,43,37,38,119,0,194,20,0,20,214
11/21/2021,ECP,FL,ASO,ES,Federal Contract Tower,34,17,50,0,101,0,0,26,0,26,34,17,76,0,127,18,0,18,145
11/22/2021,ECP,FL,ASO,ES,Federal Contract Tower,34,34,60,10,138,0,0,35,5,40,34,34,95,15,178,48,38,86,264
11/23/2021,ECP,FL,ASO,ES,Federal Contract Tower,38,46,80,14,178,0,0,58,0,58,38,46,138,14,236,26,50,76,312
11/24/2021,ECP,FL,ASO,ES,Federal Contract Tower,42,27,84,0,153,0,1,51,1,53,42,28,135,1,206,44,16,60,266
11/25/2021,ECP,FL,ASO,ES,Federal Contract Tower,27,10,17,0,54,0,0,13,0,13,27,10,30,0,67,20,0,20,87
11/26/2021,ECP,FL,ASO,ES,Federal Contract Tower,30,27,58,0,115,0,0,21,0,21,30,27,79,0,136,0,0,0,136
11/27/2021,ECP,FL,ASO,ES,Federal Contract Tower,37,36,83,0,156,0,0,43,0,43,37,36,126,0,199,12,0,12,211
11/28/2021,ECP,FL,ASO,ES,Federal Contract Tower,39,55,143,0,237,0,0,24,0,24,39,55,167,0,261,0,0,0,261
11/29/2021,ECP,FL,ASO,ES,Federal Contract Tower,39,25,54,9,127,0,0,43,4,47,39,25,97,13,174,14,38,52,226
11/30/2021,ECP,FL,ASO,ES,Federal Contract Tower,36,36,55,6,133,0,0,46,0,46,36,36,101,6,179,40,24,64,243
12/01/2021,ECP,FL,ASO,ES,Federal Contract Tower,33,19,42,11,105,0,0,60,6,66,33,19,102,17,171,130,62,192,363
12/02/2021,ECP,FL,ASO,ES,Federal Contract Tower,35,22,41,4,102,0,0,26,6,32,35,22,67,10,134,14,0,14,148
12/03/2021,ECP,FL,ASO,ES,Federal Contract Tower,33,20,48,4,105,0,0,22,0,22,33,20,70,4,127,30,0,30,157
12/04/2021,ECP,FL,ASO,ES,Federal Contract Tower,31,10,39,0,80,0,0,41,0,41,31,10,80,0,121,50,0,50,171
12/05/2021,ECP,FL,ASO,ES,Federal Contract Tower,34,18,36,0,88,0,0,32,0,32,34,18,68,0,120,32,0,32,152
12/06/2021,ECP,FL,ASO,ES,Federal Contract Tower,32,20,48,25,125,0,0,35,6,41,32,20,83,31,166,62,56,118,284
12/07/2021,ECP,FL,ASO,ES,Federal Contract Tower,30,21,48,10,109,0,0,10,0,10,30,21,58,10,119,0,0,0,119
12/08/2021,ECP,FL,ASO,ES,Federal Contract Tower,32,17,40,23,112,0,0,16,0,16,32,17,56,23,128,20,26,46,174
12/09/2021,ECP,FL,ASO,ES,Federal Contract Tower,32,9,38,16,95,0,0,0,2,2,32,9,38,18,97,0,8,8,105
12/10/2021,ECP,FL,ASO,ES,Federal Contract Tower,33,19,38,4,94,0,0,0,0,0,33,19,38,4,94,0,0,0,94
12/11/2021,ECP,FL,ASO,ES,Federal Contract Tower,29,9,29,0,67,0,0,2,0,2,29,9,31,0,69,0,0,0,69
12/12/2021,ECP,FL,ASO,ES,Federal Contract Tower,35,13,42,0,90,0,0,25,0,25,35,13,67,0,115,22,0,22,137
12/13/2021,ECP,FL,ASO,ES,Federal Contract Tower,32,9,50,6,97,0,0,14,0,14,32,9,64,6,111,2,0,2,113
12/14/2021,ECP,FL,ASO,ES,Federal Contract Tower,28,14,39,4,85,0,0,23,0,23,28,14,62,4,108,4,36,40,148
12/15/2021,ECP,FL,ASO,ES,Federal Contract Tower,23,17,35,11,86,0,0,13,4,17,23,17,48,15,103,0,12,12,115
12/16/2021,ECP,FL,ASO,ES,Federal Contract Tower,36,15,40,13,104,0,0,20,0,20,36,15,60,13,124,16,0,16,140
12/17/2021,ECP,FL,ASO,ES,Federal Contract Tower,33,18,48,6,105,0,0,22,2,24,33,18,70,8,129,20,6,26,155
12/18/2021,ECP,FL,ASO,ES,Federal Contract Tower,35,10,29,4,78,0,0,18,0,18,35,10,47,4,96,0,0,0,96
12/20/2021,ECP,FL,ASO,ES,Federal Contract Tower,33,11,20,4,68,0,0,0,0,0,33,11,20,4,68,0,0,0,68
12/21/2021,ECP,FL,ASO,ES,Federal Contract Tower,33,16,28,2,79,0,0,0,0,0,33,16,28,2,79,0,0,0,79
12/22/2021,ECP,FL,ASO,ES,Federal Contract Tower,33,17,48,10,108,0,0,46,4,50,33,17,94,14,158,54,8,62,220
12/23/2021,ECP,FL,ASO,ES,Federal Contract Tower,39,22,37,0,98,0,4,74,0,78,39,26,111,0,176,32,0,32,208
12/24/2021,ECP,FL,ASO,ES,Federal Contract Tower,23,7,26,0,56,0,0,30,0,30,23,7,56,0,86,12,0,12,98
12/25/2021,ECP,FL,ASO,ES,Federal Contract Tower,26,9,18,0,53,0,0,16,0,16,26,9,34,0,69,0,0,0,69
12/26/2021,ECP,FL,ASO,ES,Federal Contract Tower,41,29,74,2,146,0,0,35,0,35,41,29,109,2,181,0,0,0,181
12/27/2021,ECP,FL,ASO,ES,Federal Contract Tower,39,35,91,0,165,0,0,10,0,10,39,35,101,0,175,18,0,18,193
12/28/2021,ECP,FL,ASO,ES,Federal Contract Tower,42,20,70,4,136,0,0,33,0,33,42,20,103,4,169,68,0,68,237
12/29/2021,ECP,FL,ASO,ES,Federal Contract Tower,39,19,69,6,133,0,0,4,0,4,39,19,73,6,137,0,0,0,137
12/30/2021,ECP,FL,ASO,ES,Federal Contract Tower,38,33,87,0,158,0,0,0,0,0,38,33,87,0,158,0,0,0,158
12/31/2021,ECP,FL,ASO,ES,Federal Contract Tower,24,13,64,0,101,0,0,0,0,0,24,13,64,0,101,0,0,0,101
01/01/2022,ECP,FL,ASO,ES,Federal Contract Tower,35,18,67,4,124,0,0,0,0,0,35,18,67,4,124,0,0,0,124
01/02/2022,ECP,FL,ASO,ES,Federal Contract Tower,40,31,82,0,153,0,0,2,0,2,40,31,84,0,155,0,0,0,155
01/03/2022,ECP,FL,ASO,ES,Federal Contract Tower,36,35,90,4,165,0,0,30,1,31,36,35,120,5,196,10,16,26,222
01/04/2022,ECP,FL,ASO,ES,Federal Contract Tower,30,22,51,14,117,0,3,69,0,72,30,25,120,14,189,72,0,72,261
01/05/2022,ECP,FL,ASO,ES,Federal Contract Tower,24,17,42,7,90,0,0,44,6,50,24,17,86,13,140,34,26,60,200
01/06/2022,ECP,FL,ASO,ES,Federal Contract Tower,29,16,40,10,95,0,20,0,0,20,29,36,40,10,115,12,0,12,127
01/07/2022,ECP,FL,ASO,ES,Federal Contract Tower,31,12,41,2,86,0,0,47,2,49,31,12,88,4,135,38,46,84,219
01/08/2022,ECP,FL,ASO,ES,Federal Contract Tower,27,13,29,0,69,0,0,67,0,67,27,13,96,0,136,22,0,22,158
01/09/2022,ECP,FL,ASO,ES,Federal Contract Tower,33,12,53,0,98,0,0,0,0,0,33,12,53,0,98,0,0,0,98
01/10/2022,ECP,FL,ASO,ES,Federal Contract Tower,34,9,17,8,68,0,0,14,4,18,34,9,31,12,86,56,0,56,142
01/11/2022,ECP,FL,ASO,ES,Federal Contract Tower,33,14,30,14,91,0,0,50,0,50,33,14,80,14,141,14,38,52,193
01/12/2022,ECP,FL,ASO,ES,Federal Contract Tower,34,21,42,15,112,0,0,42,6,48,34,21,84,21,160,58,38,96,256
01/13/2022,ECP,FL,ASO,ES,Federal Contract Tower,32,22,61,2,117,0,0,37,6,43,32,22,98,8,160,4,28,32,192
01/14/2022,ECP,FL,ASO,ES,Federal Contract Tower,34,24,67,20,145,0,2,53,0,55,34,26,120,20,200,40,12,52,252
01/15/2022,ECP,FL,ASO,ES,Federal Contract Tower,27,21,27,0,75,0,0,21,0,21,27,21,48,0,96,0,0,0,96
01/16/2022,ECP,FL,ASO,ES,Federal Contract Tower,26,7,11,0,44,0,0,1,0,1,26,7,12,0,45,0,0,0,45
01/17/2022,ECP,FL,ASO,ES,Federal Contract Tower,27,31,57,0,115,0,0,41,0,41,27,31,98,0,156,104,0,104,260
01/18/2022,ECP,FL,ASO,ES,Federal Contract Tower,31,21,60,2,114,0,0,46,0,46,31,21,106,2,160,42,26,68,228
01/19/2022,ECP,FL,ASO,ES,Federal Contract Tower,31,15,54,31,131,0,3,45,1,49,31,18,99,32,180,24,38,62,242
01/20/2022,ECP,FL,ASO,ES,Federal Contract Tower,32,7,35,0,74,0,0,8,0,8,32,7,43,0,82,14,10,24,106
01/21/2022,ECP,FL,ASO,ES,Federal Contract Tower,31,20,28,1,80,0,0,0,0,0,31,20,28,1,80,0,0,0,80
01/22/2022,ECP,FL,ASO,ES,Federal Contract Tower,25,18,42,0,85,0,0,2,0,2,25,18,44,0,87,14,12,26,113
01/23/2022,ECP,FL,ASO,ES,Federal Contract Tower,32,11,63,2,108,0,0,47,2,49,32,11,110,4,157,52,20,72,229
01/24/2022,ECP,FL,ASO,ES,Federal Contract Tower,30,12,35,9,86,0,0,46,2,48,30,12,81,11,134,8,18,26,160
01/25/2022,ECP,FL,ASO,ES,Federal Contract Tower,30,10,26,3,69,0,0,0,0,0,30,10,26,3,69,0,0,0,69
01/26/2022,ECP,FL,ASO,ES,Federal Contract Tower,30,17,46,2,95,0,0,47,2,49,30,17,93,4,144,26,12,38,182
01/27/2022,ECP,FL,ASO,ES,Federal Contract Tower,27,14,56,0,97,0,0,31,2,33,27,14,87,2,130,56,6,62,192
01/28/2022,ECP,FL,ASO,ES,Federal Contract Tower,33,14,52,10,109,0,0,27,3,30,33,14,79,13,139,32,28,60,199
01/29/2022,ECP,FL,ASO,ES,Federal Contract Tower,27,19,30,1,77,0,0,44,0,44,27,19,74,1,121,4,0,4,125
01/30/2022,ECP,FL,ASO,ES,Federal Contract Tower,32,11,42,0,85,0,0,41,0,41,32,11,83,0,126,32,0,32,158
01/31/2022,ECP,FL,ASO,ES,Federal Contract Tower,29,8,34,6,77,0,2,54,2,58,29,10,88,8,135,30,10,40,175
02/01/2022,ECP,FL,ASO,ES,Federal Contract Tower,35,13,32,18,98,0,0,57,0,57,35,13,89,18,155,60,22,82,237
02/02/2022,ECP,FL,ASO,ES,Federal Contract Tower,30,21,35,33,119,0,0,41,9,50,30,21,76,42,169,20,40,60,229
02/03/2022,ECP,FL,ASO,ES,Federal Contract Tower,29,11,33,22,95,0,0,3,0,3,29,11,36,22,98,0,0,0,98
02/04/2022,ECP,FL,ASO,ES,Federal Contract Tower,27,12,30,5,74,0,0,1,0,1,27,12,31,5,75,0,0,0,75
02/05/2022,ECP,FL,ASO,ES,Federal Contract Tower,27,10,24,1,62,0,0,35,0,35,27,10,59,1,97,12,0,12,109
02/06/2022,ECP,FL,ASO,ES,Federal Contract Tower,34,8,51,0,93,0,0,49,0,49,34,8,100,0,142,54,0,54,196
02/07/2022,ECP,FL,ASO,ES,Federal Contract Tower,27,9,40,0,76,0,0,14,0,14,27,9,54,0,90,34,0,34,124
02/08/2022,ECP,FL,ASO,ES,Federal Contract Tower,28,14,43,2,87,0,0,43,9,52,28,14,86,11,139,66,40,106,245
02/09/2022,ECP,FL,ASO,ES,Federal Contract Tower,29,23,36,9,97,0,0,40,5,45,29,23,76,14,142,74,26,100,242
02/10/2022,ECP,FL,ASO,ES,Federal Contract Tower,29,13,48,2,92,0,0,48,0,48,29,13,96,2,140,14,12,26,166
02/11/2022,ECP,FL,ASO,ES,Federal Contract Tower,24,27,59,12,122,0,0,49,0,49,24,27,108,12,171,48,2,50,221
02/12/2022,ECP,FL,ASO,ES,Federal Contract Tower,24,14,44,0,82,0,0,16,0,16,24,14,60,0,98,14,0,14,112
02/13/2022,ECP,FL,ASO,ES,Federal Contract Tower,24,18,49,0,91,0,0,39,0,39,24,18,88,0,130,4,0,4,134
02/14/2022,ECP,FL,ASO,ES,Federal Contract Tower,26,10,43,6,85,0,0,39,2,41,26,10,82,8,126,34,42,76,202
02/15/2022,ECP,FL,ASO,ES,Federal Contract Tower,29,16,59,8,112,0,0,60,4,64,29,16,119,12,176,16,6,22,198
02/16/2022,ECP,FL,ASO,ES,Federal Contract Tower,31,23,64,9,127,0,0,51,3,54,31,23,115,12,181,10,10,20,201
02/17/2022,ECP,FL,ASO,ES,Federal Contract Tower,29,18,57,20,124,0,0,0,0,0,29,18,57,20,124,0,0,0,124
02/18/2022,ECP,FL,ASO,ES,Federal Contract Tower,30,34,113,1,178,0,0,26,0,26,30,34,139,1,204,16,6,22,226
02/19/2022,ECP,FL,ASO,ES,Federal Contract Tower,25,20,48,2,95,0,0,35,2,37,25,20,83,4,132,18,0,18,150
02/20/2022,ECP,FL,ASO,ES,Federal Contract Tower,26,23,74,1,124,0,0,58,0,58,26,23,132,1,182,54,0,54,236
02/21/2022,ECP,FL,ASO,ES,Federal Contract Tower,30,27,100,1,158,0,1,56,0,57,30,28,156,1,215,54,0,54,269
02/22/2022,ECP,FL,ASO,ES,Federal Contract Tower,28,22,72,17,139,0,0,43,4,47,28,22,115,21,186,24,44,68,254
02/23/2022,ECP,FL,ASO,ES,Federal Contract Tower,35,21,78,30,164,0,0,26,2,28,35,21,104,32,192,40,26,66,258
02/24/2022,ECP,FL,ASO,ES,Federal Contract Tower,30,24,89,15,158,0,0,37,2,39,30,24,126,17,197,2,34,36,233
02/25/2022,ECP,FL,ASO,ES,Federal Contract Tower,29,28,83,10,150,0,1,29,0,30,29,29,112,10,180,4,14,18,198
02/26/2022,ECP,FL,ASO,ES,Federal Contract Tower,27,13,42,0,82,0,0,55,0,55,27,13,97,0,137,36,0,36,173
02/27/2022,ECP,FL,ASO,ES,Federal Contract Tower,30,26,81,2,139,0,0,53,2,55,30,26,134,4,194,12,20,32,226
02/28/2022,ECP,FL,ASO,ES,Federal Contract Tower,30,26,76,6,138,0,0,38,0,38,30,26,114,6,176,42,0,42,218
03/01/2022,ECP,FL,ASO,ES,Federal Contract Tower,30,18,39,18,105,0,0,51,4,55,30,18,90,22,160,22,36,58,218
03/02/2022,ECP,FL,ASO,ES,Federal Contract Tower,39,13,52,4,108,0,0,51,2,53,39,13,103,6,161,50,32,82,243
03/03/2022,ECP,FL,ASO,ES,Federal Contract Tower,33,29,67,8,137,0,0,61,0,61,33,29,128,8,198,36,22,58,256
03/04/2022,ECP,FL,ASO,ES,Federal Contract Tower,35,27,61,2,125,0,0,54,2,56,35,27,115,4,181,16,12,28,209
03/05/2022,ECP,FL,ASO,ES,Federal Contract Tower,35,22,45,0,102,0,5,45,0,50,35,27,90,0,152,30,0,30,182
03/06/2022,ECP,FL,ASO,ES,Federal Contract Tower,39,38,82,0,159,0,0,45,17,62,39,38,127,17,221,8,0,8,229
03/07/2022,ECP,FL,ASO,ES,Federal Contract Tower,35,22,52,17,126,0,15,53,34,102,35,37,105,51,228,50,16,66,294
03/08/2022,ECP,FL,ASO,ES,Federal Contract Tower,37,21,67,14,139,0,26,42,38,106,37,47,109,52,245,10,26,36,281
03/09/2022,ECP,FL,ASO,ES,Federal Contract Tower,37,21,27,0,85,0,0,0,0,0,37,21,27,0,85,0,0,0,85
03/10/2022,ECP,FL,ASO,ES,Federal Contract Tower,44,24,80,2,150,0,0,6,2,8,44,24,86,4,158,18,0,18,176
03/11/2022,ECP,FL,ASO,ES,Federal Contract Tower,42,38,74,0,154,0,0,0,0,0,42,38,74,0,154,0,0,0,154
03/12/2022,ECP,FL,ASO,ES,Federal Contract Tower,63,55,98,2,218,0,0,18,4,22,63,55,116,6,240,0,0,0,240
03/13/2022,ECP,FL,ASO,ES,Federal Contract Tower,44,32,108,0,184,0,0,85,0,85,44,32,193,0,269,58,0,58,327
03/14/2022,ECP,FL,ASO,ES,Federal Contract Tower,38,19,69,8,134,0,0,62,2,64,38,19,131,10,198,58,56,114,312
03/15/2022,ECP,FL,ASO,ES,Federal Contract Tower,40,29,30,8,107,0,0,0,0,0,40,29,30,8,107,0,0,0,107
03/16/2022,ECP,FL,ASO,ES,Federal Contract Tower,40,27,67,20,154,0,0,27,2,29,40,27,94,22,183,54,38,92,275
03/17/2022,ECP,FL,ASO,ES,Federal Contract Tower,63,55,98,2,218,0,0,18,4,22,63,55,116,6,240,0,0,0,240
03/18/2022,ECP,FL,ASO,ES,Federal Contract Tower,39,33,60,0,132,0,0,1,0,1,39,33,61,0,133,2,0,2,135
03/19/2022,ECP,FL,ASO,ES,Federal Contract Tower,60,63,168,0,291,0,0,35,0,35,60,63,203,0,326,50,0,50,376
03/20/2022,ECP,FL,ASO,ES,Federal Contract Tower,45,24,114,0,183,0,0,76,2,78,45,24,190,2,261,48,12,60,321
03/21/2022,ECP,FL,ASO,ES,Federal Contract Tower,41,17,51,10,119,0,0,51,0,51,41,17,102,10,170,28,8,36,206
03/22/2022,ECP,FL,ASO,ES,Federal Contract Tower,36,19,33,30,118,0,0,28,3,31,36,19,61,33,149,12,18,30,179
03/23/2022,ECP,FL,ASO,ES,Federal Contract Tower,37,16,65,23,141,0,0,19,0,19,37,16,84,23,160,40,0,40,200
03/24/2022,ECP,FL,ASO,ES,Federal Contract Tower,40,24,84,24,172,0,0,51,0,51,40,24,135,24,223,20,6,26,249
03/25/2022,ECP,FL,ASO,ES,Federal Contract Tower,42,23,91,4,160,0,0,55,0,55,42,23,146,4,215,36,8,44,259
03/26/2022,ECP,FL,ASO,ES,Federal Contract Tower,63,31,84,0,178,0,0,52,0,52,63,31,136,0,230,38,0,38,268
03/27/2022,ECP,FL,ASO,ES,Federal Contract Tower,37,40,69,6,152,0,0,67,0,67,37,40,136,6,219,46,0,46,265
03/28/2022,ECP,FL,ASO,ES,Federal Contract Tower,43,10,33,14,100,0,0,42,0,42,43,10,75,14,142,42,12,54,196
03/29/2022,ECP,FL,ASO,ES,Federal Contract Tower,38,11,57,14,120,0,0,31,0,31,38,11,88,14,151,10,12,22,173
03/30/2022,ECP,FL,ASO,ES,Federal Contract Tower,30,21,36,6,93,0,0,5,0,5,30,21,41,6,98,0,4,4,102
03/31/2022,ECP,FL,ASO,ES,Federal Contract Tower,41,40,61,3,145,0,0,26,1,27,41,40,87,4,172,32,28,60,232
04/01/2022,ECP,FL,ASO,ES,Federal Contract Tower,43,35,92,3,173,0,0,71,3,74,43,35,163,6,247,62,2,64,311
04/02/2022,ECP,FL,ASO,ES,Federal Contract Tower,51,22,80,0,153,0,0,26,0,26,51,22,106,0,179,8,0,8,187
04/03/2022,ECP,FL,ASO,ES,Federal Contract Tower,37,35,106,0,178,0,0,66,0,66,37,35,172,0,244,58,0,58,302
04/04/2022,ECP,FL,ASO,ES,Federal Contract Tower,41,19,57,15,132,0,0,63,4,67,41,19,120,19,199,108,44,152,351
04/05/2022,ECP,FL,ASO,ES,Federal Contract Tower,41,17,25,2,85,0,0,0,0,0,41,17,25,2,85,0,0,0,85
04/06/2022,ECP,FL,ASO,ES,Federal Contract Tower,39,19,49,24,131,0,0,0,0,0,39,19,49,24,131,0,0,0,131
04/07/2022,ECP,FL,ASO,ES,Federal Contract Tower,46,33,76,0,155,0,0,56,2,58,46,33,132,2,213,30,42,72,285
04/08/2022,ECP,FL,ASO,ES,Federal Contract Tower,44,34,66,6,150,0,0,37,2,39,44,34,103,8,189,8,6,14,203
04/09/2022,ECP,FL,ASO,ES,Federal Contract Tower,57,45,57,0,159,0,0,43,2,45,57,45,100,2,204,28,0,28,232
04/10/2022,ECP,FL,ASO,ES,Federal Contract Tower,44,25,87,0,156,0,0,105,2,107,44,25,192,2,263,32,14,46,309
04/11/2022,ECP,FL,ASO,ES,Federal Contract Tower,43,21,44,46,154,0,0,57,12,69,43,21,101,58,223,22,98,120,343
04/12/2022,ECP,FL,ASO,ES,Federal Contract Tower,39,21,52,10,122,0,0,51,2,53,39,21,103,12,175,60,12,72,247
04/13/2022,ECP,FL,ASO,ES,Federal Contract Tower,38,28,62,0,128,0,0,26,0,26,38,28,88,0,154,38,0,38,192
04/14/2022,ECP,FL,ASO,ES,Federal Contract Tower,47,53,123,3,226,0,0,22,0,22,47,53,145,3,248,8,14,22,270
04/15/2022,ECP,FL,ASO,ES,Federal Contract Tower,45,38,74,2,159,0,0,50,0,50,45,38,124,2,209,56,0,56,265
04/16/2022,ECP,FL,ASO,ES,Federal Contract Tower,55,22,46,3,126,0,0,17,0,17,55,22,63,3,143,50,0,50,193
04/17/2022,ECP,FL,ASO,ES,Federal Contract Tower,43,33,60,0,136,0,0,29,0,29,43,33,89,0,165,19,0,19,184
04/18/2022,ECP,FL,ASO,ES,Federal Contract Tower,43,74,98,0,215,0,0,58,0,58,43,74,156,0,273,46,18,64,337
04/19/2022,ECP,FL,ASO,ES,Federal Contract Tower,42,25,54,12,133,0,0,55,0,55,42,25,109,12,188,16,28,44,232
04/20/2022,ECP,FL,ASO,ES,Federal Contract Tower,43,32,68,12,155,0,0,51,0,51,43,32,119,12,206,28,44,72,278
04/21/2022,ECP,FL,ASO,ES,Federal Contract Tower,44,29,96,24,193,0,0,42,4,46,44,29,138,28,239,32,34,66,305
04/22/2022,ECP,FL,ASO,ES,Federal Contract Tower,45,28,86,6,165,0,0,54,0,54,45,28,140,6,219,90,0,90,309
04/23/2022,ECP,FL,ASO,ES,Federal Contract Tower,54,22,55,0,131,0,0,50,0,50,54,22,105,0,181,44,0,44,225
04/24/2022,ECP,FL,ASO,ES,Federal Contract Tower,41,28,104,0,173,0,0,53,8,61,41,28,157,8,234,30,28,58,292
04/25/2022,ECP,FL,ASO,ES,Federal Contract Tower,42,25,66,3,136,0,0,47,3,50,42,25,113,6,186,32,14,46,232
04/26/2022,ECP,FL,ASO,ES,Federal Contract Tower,44,21,66,0,131,0,0,11,0,11,44,21,77,0,142,6,0,6,148
04/27/2022,ECP,FL,ASO,ES,Federal Contract Tower,38,21,58,20,137,0,0,52,2,54,38,21,110,22,191,20,8,28,219
04/28/2022,ECP,FL,ASO,ES,Federal Contract Tower,45,35,78,9,167,0,2,52,1,55,45,37,130,10,222,42,2,44,266
04/29/2022,ECP,FL,ASO,ES,Federal Contract Tower,44,34,69,12,159,0,0,36,2,38,44,34,105,14,197,35,16,51,248
04/30/2022,ECP,FL,ASO,ES,Federal Contract Tower,59,26,55,0,140,0,0,31,0,31,59,26,86,0,171,52,0,52,223
05/01/2022,ECP,FL,ASO,ES,Federal Contract Tower,44,28,74,10,156,0,0,52,5,57,44,28,126,15,213,36,12,48,261
05/02/2022,ECP,FL,ASO,ES,Federal Contract Tower,45,19,56,22,142,0,0,45,6,51,45,19,101,28,193,24,20,44,237
05/03/2022,ECP,FL,ASO,ES,Federal Contract Tower,42,21,53,4,120,0,0,49,2,51,42,21,102,6,171,30,20,50,221
05/04/2022,ECP,FL,ASO,ES,Federal Contract Tower,40,30,70,3,143,0,0,45,0,45,40,30,115,3,188,46,16,62,250
05/05/2022,ECP,FL,ASO,ES,Federal Contract Tower,38,27,75,14,154,0,0,40,8,48,38,27,115,22,202,44,48,92,294
05/06/2022,ECP,FL,ASO,ES,Federal Contract Tower,48,24,55,0,127,0,0,3,0,3,48,24,58,0,130,8,0,8,138
05/07/2022,ECP,FL,ASO,ES,Federal Contract Tower,63,23,54,4,144,0,0,41,0,41,63,23,95,4,185,56,0,56,241
05/08/2022,ECP,FL,ASO,ES,Federal Contract Tower,49,31,77,2,159,0,0,51,2,53,49,31,128,4,212,18,34,52,264
05/09/2022,ECP,FL,ASO,ES,Federal Contract Tower,46,27,67,9,149,0,0,46,0,46,46,27,113,9,195,22,0,22,217
05/10/2022,ECP,FL,ASO,ES,Federal Contract Tower,42,25,45,2,114,0,0,39,0,39,42,25,84,2,153,12,8,20,173
05/11/2022,ECP,FL,ASO,ES,Federal Contract Tower,42,14,73,8,137,0,0,36,2,38,42,14,109,10,175,34,24,58,233
05/12/2022,ECP,FL,ASO,ES,Federal Contract Tower,44,23,88,11,166,0,0,45,2,47,44,23,133,13,213,18,10,28,241
05/13/2022,ECP,FL,ASO,ES,Federal Contract Tower,42,23,63,8,136,0,0,30,3,33,42,23,93,11,169,20,0,20,189
05/14/2022,ECP,FL,ASO,ES,Federal Contract Tower,59,24,56,0,139,0,0,51,6,57,59,24,107,6,196,50,0,50,246
05/15/2022,ECP,FL,ASO,ES,Federal Contract Tower,47,38,84,0,169,0,0,48,2,50,47,38,132,2,219,20,0,20,239
05/16/2022,ECP,FL,ASO,ES,Federal Contract Tower,42,24,66,6,138,0,0,52,0,52,42,24,118,6,190,24,0,24,214
05/17/2022,ECP,FL,ASO,ES,Federal Contract Tower,43,20,64,13,140,0,2,54,0,56,43,22,118,13,196,48,16,64,260
05/18/2022,ECP,FL,ASO,ES,Federal Contract Tower,43,18,55,13,129,0,0,43,2,45,43,18,98,15,174,14,8,22,196
05/19/2022,ECP,FL,ASO,ES,Federal Contract Tower,46,20,98,16,180,0,1,44,2,47,46,21,142,18,227,14,2,16,243
05/20/2022,ECP,FL,ASO,ES,Federal Contract Tower,45,23,69,5,142,0,0,35,0,35,45,23,104,5,177,62,0,62,239
05/21/2022,ECP,FL,ASO,ES,Federal Contract Tower,61,15,49,8,133,0,0,12,0,12,61,15,61,8,145,18,0,18,163
05/22/2022,ECP,FL,ASO,ES,Federal Contract Tower,42,27,79,0,148,0,0,24,0,24,42,27,103,0,172,28,0,28,200
05/23/2022,ECP,FL,ASO,ES,Federal Contract Tower,41,24,61,1,127,0,0,15,0,15,41,24,76,1,142,10,0,10,152
05/24/2022,ECP,FL,ASO,ES,Federal Contract Tower,41,29,49,32,151,0,0,48,2,50,41,29,97,34,201,52,12,64,265
05/25/2022,ECP,FL,ASO,ES,Federal Contract Tower,45,23,46,2,116,0,0,10,2,12,45,23,56,4,128,16,0,16,144
05/26/2022,ECP,FL,ASO,ES,Federal Contract Tower,44,40,90,0,174,0,0,5,0,5,44,40,95,0,179,6,0,6,185
05/27/2022,ECP,FL,ASO,ES,Federal Contract Tower,39,38,148,4,229,0,0,47,0,47,39,38,195,4,276,20,0,20,296
05/28/2022,ECP,FL,ASO,ES,Federal Contract Tower,58,23,97,0,178,0,0,75,0,75,58,23,172,0,253,76,0,76,329
05/29/2022,ECP,FL,ASO,ES,Federal Contract Tower,43,14,67,0,124,0,6,64,0,70,43,20,131,0,194,54,0,54,248
05/30/2022,ECP,FL,ASO,ES,Federal Contract Tower,51,23,107,0,181,0,0,78,0,78,51,23,185,0,259,70,0,70,329
05/31/2022,ECP,FL,ASO,ES,Federal Contract Tower,42,30,81,4,157,0,0,52,2,54,42,30,133,6,211,30,8,38,249
06/01/2022,ECP,FL,ASO,ES,Federal Contract Tower,40,34,76,19,169,0,0,40,0,40,40,34,116,19,209,20,18,38,247
06/02/2022,ECP,FL,ASO,ES,Federal Contract Tower,46,26,75,4,151,0,0,52,0,52,46,26,127,4,203,20,2,22,225
06/03/2022,ECP,FL,ASO,ES,Federal Contract Tower,40,42,66,10,158,0,0,48,0,48,40,42,114,10,206,34,0,34,240
06/04/2022,ECP,FL,ASO,ES,Federal Contract Tower,66,40,120,0,226,0,0,50,2,52,66,40,170,2,278,24,0,24,302
06/05/2022,ECP,FL,ASO,ES,Federal Contract Tower,44,26,118,4,192,0,0,70,0,70,44,26,188,4,262,40,0,40,302
06/06/2022,ECP,FL,ASO,ES,Federal Contract Tower,41,21,65,12,139,0,4,60,0,64,41,25,125,12,203,42,14,56,259
06/07/2022,ECP,FL,ASO,ES,Federal Contract Tower,43,33,47,17,140,0,0,58,2,60,43,33,105,19,200,46,30,76,276
06/08/2022,ECP,FL,ASO,ES,Federal Contract Tower,46,27,64,4,141,0,0,74,0,74,46,27,138,4,215,52,0,52,267
06/09/2022,ECP,FL,ASO,ES,Federal Contract Tower,44,27,81,0,152,0,0,57,0,57,44,27,138,0,209,40,0,40,249
06/10/2022,ECP,FL,ASO,ES,Federal Contract Tower,40,27,74,0,141,0,0,42,0,42,40,27,116,0,183,28,0,28,211
06/11/2022,ECP,FL,ASO,ES,Federal Contract Tower,81,34,127,0,242,0,0,59,0,59,81,34,186,0,301,28,0,28,329
06/12/2022,ECP,FL,ASO,ES,Federal Contract Tower,44,35,97,0,176,0,0,67,2,69,44,35,164,2,245,42,16,58,303
06/13/2022,ECP,FL,ASO,ES,Federal Contract Tower,43,19,72,11,145,0,1,51,0,52,43,20,123,11,197,36,0,36,233
06/14/2022,ECP,FL,ASO,ES,Federal Contract Tower,43,23,48,2,116,0,0,45,1,46,43,23,93,3,162,42,18,60,222
06/15/2022,ECP,FL,ASO,ES,Federal Contract Tower,46,19,62,3,130,0,0,39,1,40,46,19,101,4,170,16,18,34,204
06/16/2022,ECP,FL,ASO,ES,Federal Contract Tower,41,16,79,15,151,0,2,49,0,51,41,18,128,15,202,60,0,60,262
06/17/2022,ECP,FL,ASO,ES,Federal Contract Tower,43,24,88,2,157,0,0,54,3,57,43,24,142,5,214,20,10,30,244
06/18/2022,ECP,FL,ASO,ES,Federal Contract Tower,80,37,110,0,227,0,0,63,0,63,80,37,173,0,290,58,0,58,348
06/19/2022,ECP,FL,ASO,ES,Federal Contract Tower,42,22,76,0,140,0,0,82,0,82,42,22,158,0,222,96,0,96,318
06/20/2022,ECP,FL,ASO,ES,Federal Contract Tower,44,27,77,3,151,0,0,48,0,48,44,27,125,3,199,42,0,42,241
06/21/2022,ECP,FL,ASO,ES,Federal Contract Tower,42,13,54,15,124,0,0,61,4,65,42,13,115,19,189,66,24,90,279
06/22/2022,ECP,FL,ASO,ES,Federal Contract Tower,42,18,68,4,132,0,0,60,0,60,42,18,128,4,192,51,0,51,243
06/23/2022,ECP,FL,ASO,ES,Federal Contract Tower,41,17,63,12,133,0,0,64,0,64,41,17,127,12,197,76,8,84,281
06/24/2022,ECP,FL,ASO,ES,Federal Contract Tower,38,25,83,2,148,0,0,53,0,53,38,25,136,2,201,54,0,54,255
06/25/2022,ECP,FL,ASO,ES,Federal Contract Tower,83,32,127,0,242,0,0,34,0,34,83,32,161,0,276,30,0,30,306
06/26/2022,ECP,FL,ASO,ES,Federal Contract Tower,39,25,83,6,153,0,1,68,3,72,39,26,151,9,225,54,0,54,279
06/27/2022,ECP,FL,ASO,ES,Federal Contract Tower,45,24,69,12,150,0,0,61,0,61,45,24,130,12,211,78,14,92,303
06/28/2022,ECP,FL,ASO,ES,Federal Contract Tower,42,11,48,12,113,0,0,31,2,33,42,11,79,14,146,28,18,46,192
06/29/2022,ECP,FL,ASO,ES,Federal Contract Tower,42,34,89,6,171,0,0,22,0,22,42,34,111,6,193,4,0,4,197
06/30/2022,ECP,FL,ASO,ES,Federal Contract Tower,43,36,118,2,199,0,0,31,0,31,43,36,149,2,230,16,0,16,246
07/01/2022,ECP,FL,ASO,ES,Federal Contract Tower,43,44,114,8,209,0,0,39,0,39,43,44,153,8,248,64,14,78,326
07/02/2022,ECP,FL,ASO,ES,Federal Contract Tower,81,40,99,0,220,0,0,41,0,41,81,40,140,0,261,34,0,34,295
07/03/2022,ECP,FL,ASO,ES,Federal Contract Tower,44,19,49,0,112,0,0,38,0,38,44,19,87,0,150,42,0,42,192
07/04/2022,ECP,FL,ASO,ES,Federal Contract Tower,40,4,47,0,91,0,0,31,0,31,40,4,78,0,122,68,0,68,190
07/05/2022,ECP,FL,ASO,ES,Federal Contract Tower,42,38,113,12,205,0,0,64,0,64,42,38,177,12,269,64,0,64,333
07/06/2022,ECP,FL,ASO,ES,Federal Contract Tower,41,33,78,8,160,0,0,48,0,48,41,33,126,8,208,46,18,64,272
07/07/2022,ECP,FL,ASO,ES,Federal Contract Tower,44,23,69,2,138,0,0,44,2,46,44,23,113,4,184,53,8,61,245
07/08/2022,ECP,FL,ASO,ES,Federal Contract Tower,43,30,83,14,170,0,0,50,0,50,43,30,133,14,220,36,0,36,256
07/09/2022,ECP,FL,ASO,ES,Federal Contract Tower,83,37,114,8,242,0,0,50,0,50,83,37,164,8,292,102,0,102,394
07/10/2022,ECP,FL,ASO,ES,Federal Contract Tower,42,20,76,4,142,0,0,51,0,51,42,20,127,4,193,68,0,68,261
07/11/2022,ECP,FL,ASO,ES,Federal Contract Tower,43,8,52,1,104,0,0,36,0,36,43,8,88,1,140,52,0,52,192
07/12/2022,ECP,FL,ASO,ES,Federal Contract Tower,42,18,42,0,102,0,0,2,0,2,42,18,44,0,104,0,0,0,104
07/13/2022,ECP,FL,ASO,ES,Federal Contract Tower,43,11,54,12,120,0,0,19,0,19,43,11,73,12,139,12,0,12,151
07/14/2022,ECP,FL,ASO,ES,Federal Contract Tower,49,24,72,2,147,0,0,22,0,22,49,24,94,2,169,32,0,32,201
07/15/2022,ECP,FL,ASO,ES,Federal Contract Tower,40,23,55,0,118,0,0,31,0,31,40,23,86,0,149,104,0,104,253
07/16/2022,ECP,FL,ASO,ES,Federal Contract Tower,83,32,115,0,230,0,0,43,0,43,83,32,158,0,273,44,0,44,317
07/17/2022,ECP,FL,ASO,ES,Federal Contract Tower,42,28,72,0,142,0,1,72,0,73,42,29,144,0,215,38,0,38,253
07/18/2022,ECP,FL,ASO,ES,Federal Contract Tower,41,18,40,20,119,0,0,57,4,61,41,18,97,24,180,92,14,106,286
07/19/2022,ECP,FL,ASO,ES,Federal Contract Tower,44,17,59,26,146,0,0,50,2,52,44,17,109,28,198,24,30,54,252
07/20/2022,ECP,FL,ASO,ES,Federal Contract Tower,39,20,49,4,112,0,0,36,9,45,39,20,85,13,157,36,46,82,239
07/21/2022,ECP,FL,ASO,ES,Federal Contract Tower,41,30,62,12,145,0,0,48,3,51,41,30,110,15,196,36,12,48,244
07/22/2022,ECP,FL,ASO,ES,Federal Contract Tower,39,14,73,21,147,0,0,50,6,56,39,14,123,27,203,38,10,48,251
07/23/2022,ECP,FL,ASO,ES,Federal Contract Tower,84,37,111,0,232,0,0,45,0,45,84,37,156,0,277,62,8,70,347
07/24/2022,ECP,FL,ASO,ES,Federal Contract Tower,41,16,94,2,153,0,0,57,1,58,41,16,151,3,211,58,20,78,289
07/25/2022,ECP,FL,ASO,ES,Federal Contract Tower,43,17,61,12,133,0,0,44,3,47,43,17,105,15,180,46,8,54,234
07/26/2022,ECP,FL,ASO,ES,Federal Contract Tower,40,29,49,29,147,0,0,53,0,53,40,29,102,29,200,102,12,114,314
07/27/2022,ECP,FL,ASO,ES,Federal Contract Tower,43,37,45,15,140,0,0,45,3,48,43,37,90,18,188,38,12,50,238
07/28/2022,ECP,FL,ASO,ES,Federal Contract Tower,42,19,59,0,120,0,0,36,1,37,42,19,95,1,157,54,18,72,229
07/29/2022,ECP,FL,ASO,ES,Federal Contract Tower,45,16,82,2,145,0,2,42,2,46,45,18,124,4,191,30,10,40,231
07/30/2022,ECP,FL,ASO,ES,Federal Contract Tower,80,27,107,0,214,0,0,56,0,56,80,27,163,0,270,44,0,44,314
07/31/2022,ECP,FL,ASO,ES,Federal Contract Tower,41,31,106,0,178,0,0,50,0,50,41,31,156,0,228,26,0,26,254
08/01/2022,ECP,FL,ASO,ES,Federal Contract Tower,43,17,46,9,115,0,2,34,2,38,43,19,80,11,153,34,0,34,187
08/02/2022,ECP,FL,ASO,ES,Federal Contract Tower,43,18,44,0,105,0,0,14,0,14,43,18,58,0,119,4,12,16,135
08/03/2022,ECP,FL,ASO,ES,Federal Contract Tower,44,19,67,28,158,0,0,55,8,63,44,19,122,36,221,34,64,98,319
08/04/2022,ECP,FL,ASO,ES,Federal Contract Tower,38,23,63,12,136,0,0,41,4,45,38,23,104,16,181,44,26,70,251
08/05/2022,ECP,FL,ASO,ES,Federal Contract Tower,42,27,56,1,126,0,0,46,0,46,42,27,102,1,172,42,0,42,214
08/06/2022,ECP,FL,ASO,ES,Federal Contract Tower,84,23,67,4,178,0,3,57,4,64,84,26,124,8,242,98,8,106,348
08/07/2022,ECP,FL,ASO,ES,Federal Contract Tower,39,10,68,6,123,0,0,36,0,36,39,10,104,6,159,36,0,36,195
08/08/2022,ECP,FL,ASO,ES,Federal Contract Tower,38,10,51,8,107,0,0,48,0,48,38,10,99,8,155,54,0,54,209
08/09/2022,ECP,FL,ASO,ES,Federal Contract Tower,40,13,40,13,106,0,0,41,2,43,40,13,81,15,149,18,14,32,181
08/10/2022,ECP,FL,ASO,ES,Federal Contract Tower,39,17,71,2,129,0,0,34,0,34,39,17,105,2,163,58,8,66,229
08/11/2022,ECP,FL,ASO,ES,Federal Contract Tower,46,12,59,9,126,0,0,12,0,12,46,12,71,9,138,4,0,4,142
08/12/2022,ECP,FL,ASO,ES,Federal Contract Tower,44,19,46,3,112,0,0,23,0,23,44,19,69,3,135,36,0,36,171
08/13/2022,ECP,FL,ASO,ES,Federal Contract Tower,81,17,56,0,154,0,0,42,0,42,81,17,98,0,196,94,0,94,290
08/14/2022,ECP,FL,ASO,ES,Federal Contract Tower,42,18,68,2,130,0,3,37,0,40,42,21,105,2,170,44,28,72,242
08/15/2022,ECP,FL,ASO,ES,Federal Contract Tower,45,10,52,3,110,0,0,55,0,55,45,10,107,3,165,72,10,82,247
08/16/2022,ECP,FL,ASO,ES,Federal Contract Tower,40,22,48,2,112,0,2,23,0,25,40,24,71,2,137,38,0,38,175
08/17/2022,ECP,FL,ASO,ES,Federal Contract Tower,38,25,40,4,107,0,1,29,3,33,38,26,69,7,140,44,8,52,192
08/18/2022,ECP,FL,ASO,ES,Federal Contract Tower,40,23,60,0,123,0,0,10,0,10,40,23,70,0,133,16,26,42,175
08/19/2022,ECP,FL,ASO,ES,Federal Contract Tower,40,13,45,14,112,0,0,40,0,40,40,13,85,14,152,88,4,92,244
08/20/2022,ECP,FL,ASO,ES,Federal Contract Tower,76,16,50,0,142,0,0,35,0,35,76,16,85,0,177,56,0,56,233
08/21/2022,ECP,FL,ASO,ES,Federal Contract Tower,40,22,64,0,126,0,0,50,0,50,40,22,114,0,176,52,0,52,228
08/22/2022,ECP,FL,ASO,ES,Federal Contract Tower,36,10,43,18,107,0,0,31,2,33,36,10,74,20,140,30,8,38,178
08/23/2022,ECP,FL,ASO,ES,Federal Contract Tower,36,17,49,13,115,0,0,45,6,51,36,17,94,19,166,48,22,70,236
08/24/2022,ECP,FL,ASO,ES,Federal Contract Tower,40,24,49,18,131,0,0,33,0,33,40,24,82,18,164,46,0,46,210
08/25/2022,ECP,FL,ASO,ES,Federal Contract Tower,41,16,40,0,97,0,0,12,0,12,41,16,52,0,109,12,0,12,121
08/26/2022,ECP,FL,ASO,ES,Federal Contract Tower,41,22,62,6,131,0,0,37,0,37,41,22,99,6,168,30,0,30,198
08/27/2022,ECP,FL,ASO,ES,Federal Contract Tower,78,12,30,6,126,0,0,30,1,31,78,12,60,7,157,86,0,86,243
08/28/2022,ECP,FL,ASO,ES,Federal Contract Tower,40,18,60,0,118,0,0,53,0,53,40,18,113,0,171,110,0,110,281
08/29/2022,ECP,FL,ASO,ES,Federal Contract Tower,43,12,36,15,106,0,0,36,5,41,43,12,72,20,147,44,56,100,247
08/30/2022,ECP,FL,ASO,ES,Federal Contract Tower,40,9,25,2,76,0,0,32,2,34,40,9,57,4,110,32,22,54,164
08/31/2022,ECP,FL,ASO,ES,Federal Contract Tower,40,23,49,8,120,0,0,30,0,30,40,23,79,8,150,14,0,14,164
09/01/2022,ECP,FL,ASO,ES,Federal Contract Tower,38,23,96,8,165,0,0,56,2,58,38,23,152,10,223,18,4,22,245
09/02/2022,ECP,FL,ASO,ES,Federal Contract Tower,39,28,147,0,214,0,0,51,0,51,39,28,198,0,265,52,0,52,317
09/03/2022,ECP,FL,ASO,ES,Federal Contract Tower,67,11,49,3,130,0,0,20,0,20,67,11,69,3,150,24,0,24,174
09/04/2022,ECP,FL,ASO,ES,Federal Contract Tower,36,9,30,0,75,0,0,25,0,25,36,9,55,0,100,34,0,34,134
09/05/2022,ECP,FL,ASO,ES,Federal Contract Tower,40,30,129,0,199,0,0,53,0,53,40,30,182,0,252,42,0,42,294
09/06/2022,ECP,FL,ASO,ES,Federal Contract Tower,34,28,76,5,143,0,0,44,6,50,34,28,120,11,193,24,26,50,243
09/07/2022,ECP,FL,ASO,ES,Federal Contract Tower,33,29,41,4,107,0,0,46,0,46,33,29,87,4,153,26,22,48,201
09/08/2022,ECP,FL,ASO,ES,Federal Contract Tower,34,15,60,2,111,0,0,16,0,16,34,15,76,2,127,8,0,8,135
09/09/2022,ECP,FL,ASO,ES,Federal Contract Tower,32,23,30,9,94,0,0,7,2,9,32,23,37,11,103,20,2,22,125
09/10/2022,ECP,FL,ASO,ES,Federal Contract Tower,39,4,29,0,72,0,0,4,0,4,39,4,33,0,76,6,0,6,82
09/11/2022,ECP,FL,ASO,ES,Federal Contract Tower,43,10,43,2,98,0,0,16,2,18,43,10,59,4,116,40,0,40,156
09/12/2022,ECP,FL,ASO,ES,Federal Contract Tower,32,16,36,3,87,0,6,61,5,72,32,22,97,8,159,100,10,110,269
09/13/2022,ECP,FL,ASO,ES,Federal Contract Tower,32,15,23,8,78,0,0,52,7,59,32,15,75,15,137,36,42,78,215
09/14/2022,ECP,FL,ASO,ES,Federal Contract Tower,32,25,38,3,98,0,0,48,3,51,32,25,86,6,149,34,40,74,223
09/15/2022,ECP,FL,ASO,ES,Federal Contract Tower,32,18,64,11,125,0,0,45,2,47,32,18,109,13,172,30,32,62,234
09/16/2022,ECP,FL,ASO,ES,Federal Contract Tower,33,19,50,11,113,0,0,46,10,56,33,19,96,21,169,74,38,112,281
09/17/2022,ECP,FL,ASO,ES,Federal Contract Tower,39,9,34,0,82,0,0,43,0,43,39,9,77,0,125,34,0,34,159
09/18/2022,ECP,FL,ASO,ES,Federal Contract Tower,43,20,72,5,140,0,0,69,0,69,43,20,141,5,209,58,0,58,267
09/19/2022,ECP,FL,ASO,ES,Federal Contract Tower,33,11,36,5,85,0,0,57,4,61,33,11,93,9,146,34,22,56,202
09/20/2022,ECP,FL,ASO,ES,Federal Contract Tower,31,10,47,13,101,0,0,64,0,64,31,10,111,13,165,24,40,64,229
09/22/2022,ECP,FL,ASO,ES,Federal Contract Tower,32,34,64,5,135,3,5,51,1,60,35,39,115,6,195,38,0,38,233
09/23/2022,ECP,FL,ASO,ES,Federal Contract Tower,32,18,55,7,112,0,0,39,6,45,32,18,94,13,157,52,16,68,225
09/24/2022,ECP,FL,ASO,ES,Federal Contract Tower,39,13,30,0,82,0,2,53,0,55,39,15,83,0,137,46,0,46,183
09/25/2022,ECP,FL,ASO,ES,Federal Contract Tower,42,22,85,4,153,0,0,48,2,50,42,22,133,6,203,28,8,36,239
09/26/2022,ECP,FL,ASO,ES,Federal Contract Tower,31,13,49,7,100,0,0,49,0,49,31,13,98,7,149,50,0,50,199
09/27/2022,ECP,FL,ASO,ES,Federal Contract Tower,35,22,40,2,99,2,2,37,0,41,37,24,77,2,140,56,20,76,216
09/28/2022,ECP,FL,ASO,ES,Federal Contract Tower,33,10,33,4,80,0,0,7,0,7,33,10,40,4,87,0,0,0,87
09/29/2022,ECP,FL,ASO,ES,Federal Contract Tower,32,12,27,2,73,0,0,15,0,15,32,12,42,2,88,6,0,6,94
09/30/2022,ECP,FL,ASO,ES,Federal Contract Tower,32,14,49,2,97,0,0,37,0,37,32,14,86,2,134,30,0,30,164
10/01/2022,ECP,FL,ASO,ES,Federal Contract Tower,37,17,33,5,92,0,0,40,0,40,37,17,73,5,132,20,0,20,152
10/02/2022,ECP,FL,ASO,ES,Federal Contract Tower,42,17,59,0,118,0,0,47,0,47,42,17,106,0,165,6,0,6,171
10/03/2022,ECP,FL,ASO,ES,Federal Contract Tower,34,18,40,24,116,0,0,46,2,48,34,18,86,26,164,14,26,40,204
10/04/2022,ECP,FL,ASO,ES,Federal Contract Tower,31,27,39,14,111,0,0,44,2,46,31,27,83,16,157,34,28,62,219
10/06/2022,ECP,FL,ASO,ES,Federal Contract Tower,30,35,76,23,164,0,2,45,0,47,30,37,121,23,211,54,14,68,279
10/07/2022,ECP,FL,ASO,ES,Federal Contract Tower,32,38,93,7,170,0,0,51,1,52,32,38,144,8,222,10,6,16,238
10/08/2022,ECP,FL,ASO,ES,Federal Contract Tower,40,18,70,0,128,0,0,46,0,46,40,18,116,0,174,22,0,22,196
10/09/2022,ECP,FL,ASO,ES,Federal Contract Tower,41,37,88,0,166,0,2,53,0,55,41,39,141,0,221,16,0,16,237
10/10/2022,ECP,FL,ASO,ES,Federal Contract Tower,32,19,79,0,130,0,0,64,0,64,32,19,143,0,194,68,0,68,262
10/11/2022,ECP,FL,ASO,ES,Federal Contract Tower,31,27,77,2,137,0,0,57,0,57,31,27,134,2,194,44,0,44,238
10/12/2022,ECP,FL,ASO,ES,Federal Contract Tower,31,40,62,36,169,0,0,14,0,14,31,40,76,36,183,4,0,4,187
10/13/2022,ECP,FL,ASO,ES,Federal Contract Tower,31,37,84,2,154,0,0,38,2,40,31,37,122,4,194,30,10,40,234
10/14/2022,ECP,FL,ASO,ES,Federal Contract Tower,31,29,76,6,142,0,0,56,2,58,31,29,132,8,200,20,4,24,224
10/15/2022,ECP,FL,ASO,ES,Federal Contract Tower,39,37,73,2,151,0,0,47,0,47,39,37,120,2,198,24,0,24,222
10/16/2022,ECP,FL,ASO,ES,Federal Contract Tower,42,42,89,0,173,0,2,69,0,71,42,44,158,0,244,26,0,26,270
10/17/2022,ECP,FL,ASO,ES,Federal Contract Tower,30,27,61,2,120,0,0,31,0,31,30,27,92,2,151,42,40,82,233
10/18/2022,ECP,FL,ASO,ES,Federal Contract Tower,30,22,66,0,118,0,0,47,0,47,30,22,113,0,165,40,8,48,213
10/19/2022,ECP,FL,ASO,ES,Federal Contract Tower,31,20,69,7,127,0,0,51,0,51,31,20,120,7,178,56,12,68,246
10/20/2022,ECP,FL,ASO,ES,Federal Contract Tower,29,30,67,4,130,0,0,47,0,47,29,30,114,4,177,74,8,82,259
10/21/2022,ECP,FL,ASO,ES,Federal Contract Tower,31,23,63,2,119,0,0,68,2,70,31,23,131,4,189,126,28,154,343
10/22/2022,ECP,FL,ASO,ES,Federal Contract Tower,41,25,35,0,101,0,0,40,0,40,41,25,75,0,141,16,0,16,157
10/23/2022,ECP,FL,ASO,ES,Federal Contract Tower,42,32,81,0,155,0,0,47,0,47,42,32,128,0,202,8,0,8,210
10/24/2022,ECP,FL,ASO,ES,Federal Contract Tower,31,16,69,4,120,0,0,54,0,54,31,16,123,4,174,50,0,50,224
10/25/2022,ECP,FL,ASO,ES,Federal Contract Tower,30,19,50,10,109,0,0,42,4,46,30,19,92,14,155,16,14,30,185
10/26/2022,ECP,FL,ASO,ES,Federal Contract Tower,32,14,55,11,112,0,0,43,6,49,32,14,98,17,161,28,34,62,223
10/27/2022,ECP,FL,ASO,ES,Federal Contract Tower,35,23,56,12,126,0,0,48,0,48,35,23,104,12,174,46,22,68,242
10/28/2022,ECP,FL,ASO,ES,Federal Contract Tower,30,16,70,2,118,0,0,18,0,18,30,16,88,2,136,18,0,18,154
10/29/2022,ECP,FL,ASO,ES,Federal Contract Tower,37,14,50,2,103,0,0,6,0,6,37,14,56,2,109,8,0,8,117
10/30/2022,ECP,FL,ASO,ES,Federal Contract Tower,41,11,53,0,105,0,0,1,0,1,41,11,54,0,106,0,0,0,106
10/31/2022,ECP,FL,ASO,ES,Federal Contract Tower,29,14,33,6,82,0,0,37,2,39,29,14,70,8,121,28,10,38,159
11/01/2022,ECP,FL,ASO,ES,Federal Contract Tower,32,22,44,2,100,0,0,47,2,49,32,22,91,4,149,32,32,64,213
11/02/2022,ECP,FL,ASO,ES,Federal Contract Tower,31,19,38,16,104,0,0,41,0,41,31,19,79,16,145,86,12,98,243
11/03/2022,ECP,FL,ASO,ES,Federal Contract Tower,31,28,72,9,140,0,1,46,2,49,31,29,118,11,189,32,46,78,267
11/04/2022,ECP,FL,ASO,ES,Federal Contract Tower,29,35,48,13,125,0,0,39,4,43,29,35,87,17,168,12,14,26,194
11/05/2022,ECP,FL,ASO,ES,Federal Contract Tower,37,18,22,0,77,0,2,43,0,45,37,20,65,0,122,26,0,26,148
11/06/2022,ECP,FL,ASO,ES,Federal Contract Tower,30,34,76,0,140,0,2,54,3,59,30,36,130,3,199,22,0,22,221
11/07/2022,ECP,FL,ASO,ES,Federal Contract Tower,31,21,46,6,104,2,0,55,4,61,33,21,101,10,165,10,66,76,241
11/08/2022,ECP,FL,ASO,ES,Federal Contract Tower,30,11,47,3,91,0,0,35,0,35,30,11,82,3,126,11,56,67,193
11/09/2022,ECP,FL,ASO,ES,Federal Contract Tower,32,17,50,6,105,0,0,14,0,14,32,17,64,6,119,0,0,0,119
11/10/2022,ECP,FL,ASO,ES,Federal Contract Tower,31,16,17,0,64,0,0,0,0,0,31,16,17,0,64,0,0,0,64
11/11/2022,ECP,FL,ASO,ES,Federal Contract Tower,31,19,53,0,103,0,0,28,6,34,31,19,81,6,137,34,0,34,171
11/12/2022,ECP,FL,ASO,ES,Federal Contract Tower,37,9,35,0,81,0,0,43,0,43,37,9,78,0,124,42,0,42,166
11/13/2022,ECP,FL,ASO,ES,Federal Contract Tower,31,28,54,0,113,0,1,43,0,44,31,29,97,0,157,22,0,22,179
11/14/2022,ECP,FL,ASO,ES,Federal Contract Tower,31,25,42,7,105,0,0,41,0,41,31,25,83,7,146,18,0,18,164
11/15/2022,ECP,FL,ASO,ES,Federal Contract Tower,31,20,26,5,82,0,0,3,0,3,31,20,29,5,85,0,34,34,119
11/17/2022,ECP,FL,ASO,ES,Federal Contract Tower,29,22,23,5,79,0,0,48,2,50,29,22,71,7,129,42,20,62,191
11/18/2022,ECP,FL,ASO,ES,Federal Contract Tower,30,29,91,0,150,0,0,72,0,72,30,29,163,0,222,50,0,50,272
11/19/2022,ECP,FL,ASO,ES,Federal Contract Tower,37,28,37,2,104,0,0,25,0,25,37,28,62,2,129,30,0,30,159
11/20/2022,ECP,FL,ASO,ES,Federal Contract Tower,32,29,69,0,130,0,0,25,0,25,32,29,94,0,155,14,0,14,169
11/21/2022,ECP,FL,ASO,ES,Federal Contract Tower,32,29,48,2,111,0,0,48,3,51,32,29,96,5,162,32,34,66,228
11/22/2022,ECP,FL,ASO,ES,Federal Contract Tower,31,34,62,3,130,0,0,45,0,45,31,34,107,3,175,30,35,65,240
11/23/2022,ECP,FL,ASO,ES,Federal Contract Tower,29,33,107,0,169,0,0,37,0,37,29,33,144,0,206,10,0,10,216
11/24/2022,ECP,FL,ASO,ES,Federal Contract Tower,25,10,3,0,38,0,0,0,0,0,25,10,3,0,38,0,0,0,38
11/25/2022,ECP,FL,ASO,ES,Federal Contract Tower,29,29,53,0,111,0,0,12,0,12,29,29,65,0,123,25,0,25,148
11/26/2022,ECP,FL,ASO,ES,Federal Contract Tower,39,61,68,4,172,0,0,0,0,0,39,61,68,4,172,0,0,0,172
11/27/2022,ECP,FL,ASO,ES,Federal Contract Tower,36,59,140,0,235,0,0,44,0,44,36,59,184,0,279,8,0,8,287
11/28/2022,ECP,FL,ASO,ES,Federal Contract Tower,30,22,35,11,98,0,0,31,1,32,30,22,66,12,130,36,28,64,194
11/29/2022,ECP,FL,ASO,ES,Federal Contract Tower,32,15,51,24,122,0,0,26,1,27,32,15,77,25,149,16,10,26,175
11/30/2022,ECP,FL,ASO,ES,Federal Contract Tower,29,17,56,6,108,0,0,8,14,22,29,17,64,20,130,8,68,76,206
12/01/2022,ECP,FL,ASO,ES,Federal Contract Tower,31,17,56,19,123,0,0,33,4,37,31,17,89,23,160,19,36,55,215
12/02/2022,ECP,FL,ASO,ES,Federal Contract Tower,33,24,48,13,118,0,0,45,2,47,33,24,93,15,165,20,24,44,209
12/03/2022,ECP,FL,ASO,ES,Federal Contract Tower,35,13,31,6,85,0,0,34,0,34,35,13,65,6,119,32,0,32,151
12/04/2022,ECP,FL,ASO,ES,Federal Contract Tower,29,28,38,3,98,0,0,10,0,10,29,28,48,3,108,0,0,0,108
12/05/2022,ECP,FL,ASO,ES,Federal Contract Tower,29,17,29,2,77,0,0,34,1,35,29,17,63,3,112,36,0,36,148
12/06/2022,ECP,FL,ASO,ES,Federal Contract Tower,27,15,23,2,67,0,0,36,0,36,27,15,59,2,103,18,0,18,121
12/07/2022,ECP,FL,ASO,ES,Federal Contract Tower,30,14,23,12,79,0,0,16,0,16,30,14,39,12,95,14,8,22,117
12/08/2022,ECP,FL,ASO,ES,Federal Contract Tower,27,13,42,4,86,0,0,14,1,15,27,13,56,5,101,6,26,32,133
12/09/2022,ECP,FL,ASO,ES,Federal Contract Tower,30,17,32,23,102,0,0,25,0,25,30,17,57,23,127,17,0,17,144
12/10/2022,ECP,FL,ASO,ES,Federal Contract Tower,37,8,25,4,74,0,0,12,0,12,37,8,37,4,86,16,0,16,102
12/11/2022,ECP,FL,ASO,ES,Federal Contract Tower,28,24,33,2,87,0,0,10,0,10,28,24,43,2,97,2,0,2,99
12/12/2022,ECP,FL,ASO,ES,Federal Contract Tower,30,12,25,8,75,0,0,9,1,10,30,12,34,9,85,0,0,0,85
12/13/2022,ECP,FL,ASO,ES,Federal Contract Tower,29,13,30,21,93,0,0,30,0,30,29,13,60,21,123,28,18,46,169
12/14/2022,ECP,FL,ASO,ES,Federal Contract Tower,30,14,18,7,69,0,0,2,1,3,30,14,20,8,72,16,0,16,88
12/15/2022,ECP,FL,ASO,ES,Federal Contract Tower,37,17,47,5,106,0,0,20,4,24,37,17,67,9,130,6,42,48,178
12/16/2022,ECP,FL,ASO,ES,Federal Contract Tower,31,15,40,2,88,0,0,62,0,62,31,15,102,2,150,48,0,48,198
12/17/2022,ECP,FL,ASO,ES,Federal Contract Tower,36,16,26,0,78,0,0,40,0,40,36,16,66,0,118,0,0,0,118
12/18/2022,ECP,FL,ASO,ES,Federal Contract Tower,29,11,36,1,77,0,0,54,4,58,29,11,90,5,135,26,12,38,173
12/19/2022,ECP,FL,ASO,ES,Federal Contract Tower,30,10,45,2,87,0,0,54,0,54,30,10,99,2,141,14,0,14,155
12/20/2022,ECP,FL,ASO,ES,Federal Contract Tower,34,14,32,8,88,6,0,3,0,9,40,14,35,8,97,4,2,6,103
12/21/2022,ECP,FL,ASO,ES,Federal Contract Tower,30,12,37,36,115,0,0,0,0,0,30,12,37,36,115,0,0,0,115
12/22/2022,ECP,FL,ASO,ES,Federal Contract Tower,30,14,36,0,80,0,0,2,0,2,30,14,38,0,82,0,0,0,82
12/23/2022,ECP,FL,ASO,ES,Federal Contract Tower,21,11,24,0,56,0,0,14,0,14,21,11,38,0,70,25,0,25,95
12/24/2022,ECP,FL,ASO,ES,Federal Contract Tower,25,5,16,0,46,0,0,2,0,2,25,5,18,0,48,2,0,2,50
12/25/2022,ECP,FL,ASO,ES,Federal Contract Tower,27,10,13,0,50,0,0,7,0,7,27,10,20,0,57,0,0,0,57
12/26/2022,ECP,FL,ASO,ES,Federal Contract Tower,24,10,79,0,113,0,0,42,0,42,24,10,121,0,155,28,2,30,185
12/27/2022,ECP,FL,ASO,ES,Federal Contract Tower,25,40,105,0,170,0,0,44,0,44,25,40,149,0,214,44,0,44,258
12/28/2022,ECP,FL,ASO,ES,Federal Contract Tower,25,40,62,0,127,0,0,40,0,40,25,40,102,0,167,4,0,4,171
12/29/2022,ECP,FL,ASO,ES,Federal Contract Tower,27,29,75,1,132,0,0,48,1,49,27,29,123,2,181,34,19,53,234
12/30/2022,ECP,FL,ASO,ES,Federal Contract Tower,29,19,71,0,119,0,0,20,0,20,29,19,91,0,139,26,0,26,165
12/31/2022,ECP,FL,ASO,ES,Federal Contract Tower,31,12,36,0,79,0,0,1,0,1,31,12,37,0,80,0,0,0,80
01/01/2023,ECP,FL,ASO,ES,Federal Contract Tower,26,31,61,0,118,0,0,35,0,35,26,31,96,0,153,12,0,12,165
01/02/2023,ECP,FL,ASO,ES,Federal Contract Tower,35,29,125,0,189,0,0,11,0,11,35,29,136,0,200,6,0,6,206
01/03/2023,ECP,FL,ASO,ES,Federal Contract Tower,31,23,34,0,88,0,0,6,0,6,31,23,40,0,94,10,0,10,104
01/04/2023,ECP,FL,ASO,ES,Federal Contract Tower,31,23,25,5,84,0,0,31,0,31,31,23,56,5,115,22,6,28,143
01/05/2023,ECP,FL,ASO,ES,Federal Contract Tower,26,26,56,0,108,0,0,50,0,50,26,26,106,0,158,42,2,44,202
01/06/2023,ECP,FL,ASO,ES,Federal Contract Tower,28,11,50,4,93,0,2,41,2,45,28,13,91,6,138,16,16,32,170
01/07/2023,ECP,FL,ASO,ES,Federal Contract Tower,28,14,42,0,84,0,0,53,0,53,28,14,95,0,137,90,0,90,227
01/08/2023,ECP,FL,ASO,ES,Federal Contract Tower,32,14,42,0,88,0,0,37,0,37,32,14,79,0,125,46,0,46,171
01/09/2023,ECP,FL,ASO,ES,Federal Contract Tower,29,16,46,10,101,0,0,43,2,45,29,16,89,12,146,72,14,86,232
01/10/2023,ECP,FL,ASO,ES,Federal Contract Tower,21,8,36,7,72,0,0,49,0,49,21,8,85,7,121,18,0,18,139
01/11/2023,ECP,FL,ASO,ES,Federal Contract Tower,19,14,49,26,108,0,0,32,3,35,19,14,81,29,143,26,82,108,251
01/12/2023,ECP,FL,ASO,ES,Federal Contract Tower,26,22,39,6,93,0,0,20,2,22,26,22,59,8,115,4,52,56,171
01/13/2023,ECP,FL,ASO,ES,Federal Contract Tower,26,26,75,2,129,0,0,14,2,16,26,26,89,4,145,4,0,4,149
01/14/2023,ECP,FL,ASO,ES,Federal Contract Tower,25,9,21,0,55,0,0,37,0,37,25,9,58,0,92,26,0,26,118
01/15/2023,ECP,FL,ASO,ES,Federal Contract Tower,26,13,47,2,88,0,0,45,0,45,26,13,92,2,133,18,0,18,151
01/16/2023,ECP,FL,ASO,ES,Federal Contract Tower,25,23,60,0,108,0,2,44,0,46,25,25,104,0,154,38,0,38,192
01/17/2023,ECP,FL,ASO,ES,Federal Contract Tower,21,19,36,35,111,0,0,41,0,41,21,19,77,35,152,24,28,52,204
01/18/2023,ECP,FL,ASO,ES,Federal Contract Tower,23,13,30,35,101,0,0,26,3,29,23,13,56,38,130,40,22,62,192
01/19/2023,ECP,FL,ASO,ES,Federal Contract Tower,26,18,43,12,99,0,0,43,0,43,26,18,86,12,142,28,36,64,206
01/20/2023,ECP,FL,ASO,ES,Federal Contract Tower,26,6,39,2,73,0,0,56,0,56,26,6,95,2,129,46,0,46,175
01/21/2023,ECP,FL,ASO,ES,Federal Contract Tower,23,16,19,10,68,0,0,19,0,19,23,16,38,10,87,22,0,22,109
01/22/2023,ECP,FL,ASO,ES,Federal Contract Tower,27,14,27,0,68,0,0,0,0,0,27,14,27,0,68,0,0,0,68
01/23/2023,ECP,FL,ASO,ES,Federal Contract Tower,24,17,47,0,88,0,0,44,0,44,24,17,91,0,132,28,0,28,160
01/24/2023,ECP,FL,ASO,ES,Federal Contract Tower,24,14,38,6,82,0,4,39,0,43,24,18,77,6,125,40,0,40,165
01/25/2023,ECP,FL,ASO,ES,Federal Contract Tower,25,16,25,4,70,0,0,9,4,13,25,16,34,8,83,16,16,32,115
01/26/2023,ECP,FL,ASO,ES,Federal Contract Tower,23,14,48,0,85,0,0,38,0,38,23,14,86,0,123,56,0,56,179
01/27/2023,ECP,FL,ASO,ES,Federal Contract Tower,24,15,48,12,99,0,1,42,11,54,24,16,90,23,153,20,21,41,194
01/28/2023,ECP,FL,ASO,ES,Federal Contract Tower,22,15,18,0,55,0,6,50,2,58,22,21,68,2,113,54,0,54,167
01/29/2023,ECP,FL,ASO,ES,Federal Contract Tower,28,10,28,0,66,0,0,0,0,0,28,10,28,0,66,0,0,0,66
01/30/2023,ECP,FL,ASO,ES,Federal Contract Tower,24,12,39,6,81,0,0,18,0,18,24,12,57,6,99,22,12,34,133
01/31/2023,ECP,FL,ASO,ES,Federal Contract Tower,20,11,24,18,73,0,0,0,0,0,20,11,24,18,73,0,6,6,79
02/01/2023,ECP,FL,ASO,ES,Federal Contract Tower,20,20,42,31,113,0,0,9,0,9,20,20,51,31,122,0,0,0,122
02/02/2023,ECP,FL,ASO,ES,Federal Contract Tower,20,25,31,2,78,0,0,0,0,0,20,25,31,2,78,0,0,0,78
02/03/2023,ECP,FL,ASO,ES,Federal Contract Tower,22,12,47,6,87,0,0,33,2,35,22,12,80,8,122,32,8,40,162
02/04/2023,ECP,FL,ASO,ES,Federal Contract Tower,28,18,28,0,74,0,0,53,0,53,28,18,81,0,127,76,0,76,203
02/05/2023,ECP,FL,ASO,ES,Federal Contract Tower,27,40,45,0,112,0,0,49,0,49,27,40,94,0,161,66,0,66,227
02/06/2023,ECP,FL,ASO,ES,Federal Contract Tower,25,17,42,11,95,1,0,40,5,46,26,17,82,16,141,60,42,102,243
02/07/2023,ECP,FL,ASO,ES,Federal Contract Tower,23,11,46,9,89,0,0,43,5,48,23,11,89,14,137,44,64,108,245
02/08/2023,ECP,FL,ASO,ES,Federal Contract Tower,33,14,44,49,140,0,0,38,3,41,33,14,82,52,181,18,64,82,263
02/09/2023,ECP,FL,ASO,ES,Federal Contract Tower,26,10,32,4,72,2,0,5,0,7,28,10,37,4,79,0,0,0,79
02/10/2023,ECP,FL,ASO,ES,Federal Contract Tower,25,10,42,4,81,0,0,2,0,2,25,10,44,4,83,0,0,0,83
02/11/2023,ECP,FL,ASO,ES,Federal Contract Tower,28,7,19,0,54,0,0,0,0,0,28,7,19,0,54,0,0,0,54
02/12/2023,ECP,FL,ASO,ES,Federal Contract Tower,27,16,36,1,80,0,0,12,8,20,27,16,48,9,100,12,0,12,112
02/13/2023,ECP,FL,ASO,ES,Federal Contract Tower,24,10,40,2,76,0,7,39,0,46,24,17,79,2,122,38,26,64,186
02/14/2023,ECP,FL,ASO,ES,Federal Contract Tower,25,11,27,12,75,0,0,36,0,36,25,11,63,12,111,14,0,14,125
02/15/2023,ECP,FL,ASO,ES,Federal Contract Tower,25,17,57,12,111,0,0,33,2,35,25,17,90,14,146,26,22,48,194
02/16/2023,ECP,FL,ASO,ES,Federal Contract Tower,29,22,48,31,130,0,0,15,5,20,29,22,63,36,150,0,10,10,160
02/17/2023,ECP,FL,ASO,ES,Federal Contract Tower,25,27,84,4,140,0,0,11,2,13,25,27,95,6,153,10,10,20,173
02/18/2023,ECP,FL,ASO,ES,Federal Contract Tower,29,29,33,1,92,0,2,51,0,53,29,31,84,1,145,24,0,24,169
02/19/2023,ECP,FL,ASO,ES,Federal Contract Tower,27,11,53,2,93,0,0,71,2,73,27,11,124,4,166,62,0,62,228
02/20/2023,ECP,FL,ASO,ES,Federal Contract Tower,27,36,89,0,152,0,4,66,0,70,27,40,155,0,222,54,0,54,276
02/21/2023,ECP,FL,ASO,ES,Federal Contract Tower,25,28,40,4,97,0,4,27,0,31,25,32,67,4,128,0,0,0,128
02/22/2023,ECP,FL,ASO,ES,Federal Contract Tower,24,24,51,3,102,0,0,20,2,22,24,24,71,5,124,0,6,6,130
02/23/2023,ECP,FL,ASO,ES,Federal Contract Tower,25,24,59,4,112,0,0,7,0,7,25,24,66,4,119,0,0,0,119
02/24/2023,ECP,FL,ASO,ES,Federal Contract Tower,27,24,67,8,126,0,0,29,0,29,27,24,96,8,155,66,0,66,221
02/25/2023,ECP,FL,ASO,ES,Federal Contract Tower,32,16,27,9,84,0,4,19,1,24,32,20,46,10,108,10,0,10,118
02/26/2023,ECP,FL,ASO,ES,Federal Contract Tower,28,24,70,4,126,0,0,49,0,49,28,24,119,4,175,30,0,30,205
02/27/2023,ECP,FL,ASO,ES,Federal Contract Tower,25,16,61,54,156,0,0,25,2,27,25,16,86,56,183,0,0,0,183
02/28/2023,ECP,FL,ASO,ES,Federal Contract Tower,23,19,51,6,99,0,0,35,0,35,23,19,86,6,134,30,0,30,164
03/01/2023,ECP,FL,ASO,ES,Federal Contract Tower,33,16,46,16,111,0,0,23,0,23,33,16,69,16,134,12,0,12,146
03/02/2023,ECP,FL,ASO,ES,Federal Contract Tower,27,19,71,62,179,6,0,18,0,24,33,19,89,62,203,0,0,0,203
03/03/2023,ECP,FL,ASO,ES,Federal Contract Tower,34,26,46,2,108,0,0,2,0,2,34,26,48,2,110,0,0,0,110
03/04/2023,ECP,FL,ASO,ES,Federal Contract Tower,36,18,58,0,112,0,0,71,0,71,36,18,129,0,183,26,0,26,209
03/05/2023,ECP,FL,ASO,ES,Federal Contract Tower,33,22,76,0,131,0,0,66,0,66,33,22,142,0,197,50,0,50,247
03/06/2023,ECP,FL,ASO,ES,Federal Contract Tower,30,9,71,0,110,0,0,29,2,31,30,9,100,2,141,14,0,14,155
03/07/2023,ECP,FL,ASO,ES,Federal Contract Tower,28,28,61,6,123,0,2,37,2,41,28,30,98,8,164,22,58,80,244
03/08/2023,ECP,FL,ASO,ES,Federal Contract Tower,28,28,76,13,145,0,0,37,0,37,28,28,113,13,182,10,12,22,204
03/09/2023,ECP,FL,ASO,ES,Federal Contract Tower,33,14,69,34,150,0,0,22,0,22,33,14,91,34,172,38,14,52,224
03/10/2023,ECP,FL,ASO,ES,Federal Contract Tower,39,30,110,2,181,0,0,32,2,34,39,30,142,4,215,44,6,50,265
03/11/2023,ECP,FL,ASO,ES,Federal Contract Tower,64,38,113,0,215,0,6,69,0,75,64,44,182,0,290,42,0,42,332
03/12/2023,ECP,FL,ASO,ES,Federal Contract Tower,37,32,58,0,127,0,1,8,0,9,37,33,66,0,136,8,0,8,144
03/13/2023,ECP,FL,ASO,ES,Federal Contract Tower,37,35,54,2,128,0,0,40,0,40,37,35,94,2,168,64,0,64,232
03/14/2023,ECP,FL,ASO,ES,Federal Contract Tower,38,29,50,2,119,0,2,63,0,65,38,31,113,2,184,72,0,72,256
03/15/2023,ECP,FL,ASO,ES,Federal Contract Tower,37,29,84,7,157,0,0,80,4,84,37,29,164,11,241,120,48,168,409
03/16/2023,ECP,FL,ASO,ES,Federal Contract Tower,34,30,74,31,169,0,0,61,4,65,34,30,135,35,234,36,44,80,314
03/17/2023,ECP,FL,ASO,ES,Federal Contract Tower,38,15,67,8,128,0,0,20,0,20,38,15,87,8,148,18,0,18,166
03/18/2023,ECP,FL,ASO,ES,Federal Contract Tower,64,50,115,0,229,0,0,51,6,57,64,50,166,6,286,34,4,38,324
03/19/2023,ECP,FL,ASO,ES,Federal Contract Tower,42,26,92,0,160,0,2,62,0,64,42,28,154,0,224,60,0,60,284
03/20/2023,ECP,FL,ASO,ES,Federal Contract Tower,38,14,38,1,91,0,0,42,2,44,38,14,80,3,135,30,28,58,193
03/21/2023,ECP,FL,ASO,ES,Federal Contract Tower,37,21,35,9,102,0,0,60,2,62,37,21,95,11,164,44,42,86,250
03/22/2023,ECP,FL,ASO,ES,Federal Contract Tower,40,14,46,10,110,0,0,27,0,27,40,14,73,10,137,24,0,24,161
03/23/2023,ECP,FL,ASO,ES,Federal Contract Tower,36,18,62,14,130,0,4,31,1,36,36,22,93,15,166,40,26,66,232
03/24/2023,ECP,FL,ASO,ES,Federal Contract Tower,36,20,56,20,132,0,4,36,10,50,36,24,92,30,182,38,34,72,254
03/25/2023,ECP,FL,ASO,ES,Federal Contract Tower,64,22,81,0,167,0,0,2,0,2,64,22,83,0,169,4,0,4,173
03/26/2023,ECP,FL,ASO,ES,Federal Contract Tower,37,16,62,0,115,5,2,33,0,40,42,18,95,0,155,30,0,30,185
03/27/2023,ECP,FL,ASO,ES,Federal Contract Tower,36,14,57,0,107,0,0,4,0,4,36,14,61,0,111,6,0,6,117
03/28/2023,ECP,FL,ASO,ES,Federal Contract Tower,38,19,33,2,92,0,0,6,0,6,38,19,39,2,98,6,0,6,104
03/29/2023,ECP,FL,ASO,ES,Federal Contract Tower,36,27,62,17,142,0,0,61,0,61,36,27,123,17,203,22,36,58,261
03/30/2023,ECP,FL,ASO,ES,Federal Contract Tower,38,14,46,14,112,0,0,31,1,32,38,14,77,15,144,16,52,68,212
03/31/2023,ECP,FL,ASO,ES,Federal Contract Tower,35,39,69,16,159,0,0,47,0,47,35,39,116,16,206,44,6,50,256
04/01/2023,ECP,FL,ASO,ES,Federal Contract Tower,62,37,65,0,164,0,0,5,0,5,62,37,70,0,169,8,0,8,177
04/02/2023,ECP,FL,ASO,ES,Federal Contract Tower,38,27,71,0,136,0,0,57,0,57,38,27,128,0,193,70,0,70,263
04/03/2023,ECP,FL,ASO,ES,Federal Contract Tower,37,26,55,4,122,0,0,16,0,16,37,26,71,4,138,16,0,16,154
04/04/2023,ECP,FL,ASO,ES,Federal Contract Tower,38,26,48,28,140,0,0,28,0,28,38,26,76,28,168,4,20,24,192
04/05/2023,ECP,FL,ASO,ES,Federal Contract Tower,35,40,49,24,148,0,0,42,0,42,35,40,91,24,190,16,18,34,224
04/06/2023,ECP,FL,ASO,ES,Federal Contract Tower,36,50,91,32,209,0,0,41,4,45,36,50,132,36,254,90,34,124,378
04/07/2023,ECP,FL,ASO,ES,Federal Contract Tower,36,32,102,18,188,0,0,38,2,40,36,32,140,20,228,62,23,85,313
04/08/2023,ECP,FL,ASO,ES,Federal Contract Tower,65,39,58,0,162,0,0,0,0,0,65,39,58,0,162,0,0,0,162
04/09/2023,ECP,FL,ASO,ES,Federal Contract Tower,43,29,66,0,138,0,4,21,0,25,43,33,87,0,163,50,0,50,213
04/10/2023,ECP,FL,ASO,ES,Federal Contract Tower,37,49,100,2,188,0,3,39,2,44,37,52,139,4,232,39,12,51,283
04/11/2023,ECP,FL,ASO,ES,Federal Contract Tower,37,45,51,4,137,0,20,46,0,66,37,65,97,4,203,42,0,42,245
04/12/2023,ECP,FL,ASO,ES,Federal Contract Tower,38,26,51,4,119,0,0,30,0,30,38,26,81,4,149,60,18,78,227
04/13/2023,ECP,FL,ASO,ES,Federal Contract Tower,39,27,46,12,124,0,0,29,0,29,39,27,75,12,153,38,0,38,191
04/14/2023,ECP,FL,ASO,ES,Federal Contract Tower,33,31,70,0,134,0,0,33,0,33,33,31,103,0,167,30,0,30,197
04/15/2023,ECP,FL,ASO,ES,Federal Contract Tower,66,27,55,2,150,0,0,40,0,40,66,27,95,2,190,22,0,22,212
04/16/2023,ECP,FL,ASO,ES,Federal Contract Tower,47,33,66,0,146,0,0,35,0,35,47,33,101,0,181,96,0,96,277
04/17/2023,ECP,FL,ASO,ES,Federal Contract Tower,40,21,35,12,108,0,0,41,0,41,40,21,76,12,149,48,0,48,197
04/18/2023,ECP,FL,ASO,ES,Federal Contract Tower,36,17,32,19,104,0,0,52,0,52,36,17,84,19,156,38,28,66,222
04/19/2023,ECP,FL,ASO,ES,Federal Contract Tower,37,16,55,5,113,0,0,51,0,51,37,16,106,5,164,56,38,94,258
04/20/2023,ECP,FL,ASO,ES,Federal Contract Tower,40,22,72,27,161,0,8,53,0,61,40,30,125,27,222,48,44,92,314
04/21/2023,ECP,FL,ASO,ES,Federal Contract Tower,36,23,48,11,118,0,2,51,2,55,36,25,99,13,173,58,8,66,239
04/22/2023,ECP,FL,ASO,ES,Federal Contract Tower,65,12,53,0,130,0,8,36,0,44,65,20,89,0,174,16,0,16,190
04/23/2023,ECP,FL,ASO,ES,Federal Contract Tower,47,27,83,1,158,0,4,77,0,81,47,31,160,1,239,60,0,60,299
04/24/2023,ECP,FL,ASO,ES,Federal Contract Tower,37,20,60,1,118,0,4,60,0,64,37,24,120,1,182,40,0,40,222
04/25/2023,ECP,FL,ASO,ES,Federal Contract Tower,36,8,36,4,84,0,0,49,2,51,36,8,85,6,135,42,12,54,189
04/26/2023,ECP,FL,ASO,ES,Federal Contract Tower,37,27,57,23,144,0,0,48,4,52,37,27,105,27,196,78,62,140,336
04/27/2023,ECP,FL,ASO,ES,Federal Contract Tower,39,18,50,5,112,0,0,4,1,5,39,18,54,6,117,12,18,30,147
04/28/2023,ECP,FL,ASO,ES,Federal Contract Tower,37,30,62,6,135,0,0,33,7,40,37,30,95,13,175,24,6,30,205
04/29/2023,ECP,FL,ASO,ES,Federal Contract Tower,69,18,21,3,111,0,0,6,0,6,69,18,27,3,117,12,0,12,129
04/30/2023,ECP,FL,ASO,ES,Federal Contract Tower,50,30,73,0,153,0,0,42,0,42,50,30,115,0,195,28,0,28,223
05/01/2023,ECP,FL,ASO,ES,Federal Contract Tower,43,16,55,0,114,0,0,52,0,52,43,16,107,0,166,40,0,40,206
05/02/2023,ECP,FL,ASO,ES,Federal Contract Tower,42,19,58,8,127,0,1,40,0,41,42,20,98,8,168,16,24,40,208
05/03/2023,ECP,FL,ASO,ES,Federal Contract Tower,38,22,62,17,139,0,0,39,0,39,38,22,101,17,178,26,20,46,224
05/04/2023,ECP,FL,ASO,ES,Federal Contract Tower,37,35,78,5,155,0,1,57,3,61,37,36,135,8,216,36,20,56,272
05/05/2023,ECP,FL,ASO,ES,Federal Contract Tower,37,29,59,6,131,0,2,27,0,29,37,31,86,6,160,20,0,20,180
05/06/2023,ECP,FL,ASO,ES,Federal Contract Tower,69,32,30,10,141,0,4,50,6,60,69,36,80,16,201,50,0,50,251
05/07/2023,ECP,FL,ASO,ES,Federal Contract Tower,48,29,76,0,153,0,5,41,4,50,48,34,117,4,203,30,22,52,255
05/08/2023,ECP,FL,ASO,ES,Federal Contract Tower,37,27,41,0,105,0,0,29,0,29,37,27,70,0,134,40,0,40,174
05/09/2023,ECP,FL,ASO,ES,Federal Contract Tower,31,24,42,6,103,0,0,23,0,23,31,24,65,6,126,10,0,10,136
05/10/2023,ECP,FL,ASO,ES,Federal Contract Tower,35,24,34,0,93,0,0,28,0,28,35,24,62,0,121,34,12,46,167
05/11/2023,ECP,FL,ASO,ES,Federal Contract Tower,39,24,71,5,139,0,0,41,2,43,39,24,112,7,182,6,0,6,188
05/12/2023,ECP,FL,ASO,ES,Federal Contract Tower,39,26,60,4,129,0,0,30,4,34,39,26,90,8,163,28,0,28,191
05/13/2023,ECP,FL,ASO,ES,Federal Contract Tower,68,26,53,0,147,0,0,48,3,51,68,26,101,3,198,24,0,24,222
05/14/2023,ECP,FL,ASO,ES,Federal Contract Tower,47,27,65,0,139,0,0,48,0,48,47,27,113,0,187,46,0,46,233
05/15/2023,ECP,FL,ASO,ES,Federal Contract Tower,38,26,56,0,120,0,0,30,0,30,38,26,86,0,150,56,0,56,206
05/16/2023,ECP,FL,ASO,ES,Federal Contract Tower,34,23,47,13,117,0,0,38,0,38,34,23,85,13,155,24,0,24,179
05/17/2023,ECP,FL,ASO,ES,Federal Contract Tower,40,22,50,7,119,0,0,13,0,13,40,22,63,7,132,0,20,20,152
05/18/2023,ECP,FL,ASO,ES,Federal Contract Tower,38,40,75,2,155,0,0,36,0,36,38,40,111,2,191,30,6,36,227
05/19/2023,ECP,FL,ASO,ES,Federal Contract Tower,36,15,78,14,143,0,0,39,4,43,36,15,117,18,186,12,4,16,202
05/20/2023,ECP,FL,ASO,ES,Federal Contract Tower,68,15,60,0,143,0,2,47,1,50,68,17,107,1,193,40,0,40,233
05/21/2023,ECP,FL,ASO,ES,Federal Contract Tower,49,34,80,1,164,0,6,36,0,42,49,40,116,1,206,6,0,6,212
05/22/2023,ECP,FL,ASO,ES,Federal Contract Tower,38,19,49,5,111,0,0,29,10,39,38,19,78,15,150,18,44,62,212
05/23/2023,ECP,FL,ASO,ES,Federal Contract Tower,37,22,43,0,102,0,0,10,0,10,37,22,53,0,112,0,0,0,112
05/24/2023,ECP,FL,ASO,ES,Federal Contract Tower,37,21,67,8,133,0,0,19,0,19,37,21,86,8,152,6,0,6,158
05/25/2023,ECP,FL,ASO,ES,Federal Contract Tower,38,39,109,2,188,0,0,53,0,53,38,39,162,2,241,26,0,26,267
05/26/2023,ECP,FL,ASO,ES,Federal Contract Tower,39,33,148,2,222,0,7,52,2,61,39,40,200,4,283,18,8,26,309
05/27/2023,ECP,FL,ASO,ES,Federal Contract Tower,68,42,92,0,202,0,0,62,0,62,68,42,154,0,264,68,0,68,332
05/28/2023,ECP,FL,ASO,ES,Federal Contract Tower,46,20,38,0,104,0,1,52,0,53,46,21,90,0,157,26,0,26,183
05/29/2023,ECP,FL,ASO,ES,Federal Contract Tower,35,28,114,0,177,0,0,56,0,56,35,28,170,0,233,20,0,20,253
05/30/2023,ECP,FL,ASO,ES,Federal Contract Tower,35,46,97,6,184,0,0,88,0,88,35,46,185,6,272,90,0,90,362
05/31/2023,ECP,FL,ASO,ES,Federal Contract Tower,40,35,86,2,163,0,0,43,0,43,40,35,129,2,206,38,0,38,244
06/01/2023,ECP,FL,ASO,ES,Federal Contract Tower,33,29,75,4,141,0,0,37,0,37,33,29,112,4,178,26,12,38,216
06/02/2023,ECP,FL,ASO,ES,Federal Contract Tower,37,30,76,2,145,0,45,0,0,45,37,75,76,2,190,32,2,34,224
06/03/2023,ECP,FL,ASO,ES,Federal Contract Tower,74,47,74,2,197,0,7,44,0,51,74,54,118,2,248,78,8,86,334
06/04/2023,ECP,FL,ASO,ES,Federal Contract Tower,55,30,96,0,181,0,5,46,0,51,55,35,142,0,232,28,0,28,260
06/05/2023,ECP,FL,ASO,ES,Federal Contract Tower,44,12,80,18,154,0,2,64,0,66,44,14,144,18,220,52,0,52,272
06/06/2023,ECP,FL,ASO,ES,Federal Contract Tower,41,26,46,4,117,0,0,45,0,45,41,26,91,4,162,40,0,40,202
06/07/2023,ECP,FL,ASO,ES,Federal Contract Tower,42,35,45,0,122,0,0,20,0,20,42,35,65,0,142,12,10,22,164
06/08/2023,ECP,FL,ASO,ES,Federal Contract Tower,42,27,75,4,148,0,0,56,6,62,42,27,131,10,210,38,14,52,262
06/09/2023,ECP,FL,ASO,ES,Federal Contract Tower,44,33,66,2,145,0,0,35,2,37,44,33,101,4,182,12,12,24,206
06/10/2023,ECP,FL,ASO,ES,Federal Contract Tower,87,42,83,0,212,0,0,46,0,46,87,42,129,0,258,14,0,14,272
06/11/2023,ECP,FL,ASO,ES,Federal Contract Tower,62,30,90,2,184,0,0,49,4,53,62,30,139,6,237,40,0,40,277
06/12/2023,ECP,FL,ASO,ES,Federal Contract Tower,46,14,62,2,124,0,0,27,0,27,46,14,89,2,151,32,0,32,183
06/13/2023,ECP,FL,ASO,ES,Federal Contract Tower,42,22,54,0,118,0,0,41,0,41,42,22,95,0,159,30,0,30,189
06/14/2023,ECP,FL,ASO,ES,Federal Contract Tower,38,25,57,4,124,0,0,18,0,18,38,25,75,4,142,10,0,10,152
06/15/2023,ECP,FL,ASO,ES,Federal Contract Tower,42,18,63,4,127,0,4,3,1,8,42,22,66,5,135,12,4,16,151
06/16/2023,ECP,FL,ASO,ES,Federal Contract Tower,42,21,87,1,151,0,1,28,2,31,42,22,115,3,182,36,22,58,240
06/17/2023,ECP,FL,ASO,ES,Federal Contract Tower,92,38,76,0,206,0,9,30,0,39,92,47,106,0,245,30,0,30,275
06/18/2023,ECP,FL,ASO,ES,Federal Contract Tower,58,32,63,0,153,0,3,26,0,29,58,35,89,0,182,34,0,34,216
06/19/2023,ECP,FL,ASO,ES,Federal Contract Tower,43,29,68,0,140,0,0,11,0,11,43,29,79,0,151,10,0,10,161
06/20/2023,ECP,FL,ASO,ES,Federal Contract Tower,43,15,42,10,110,0,0,57,0,57,43,15,99,10,167,40,0,40,207
06/21/2023,ECP,FL,ASO,ES,Federal Contract Tower,40,17,50,0,107,0,3,32,0,35,40,20,82,0,142,32,0,32,174
06/22/2023,ECP,FL,ASO,ES,Federal Contract Tower,42,13,62,7,124,0,4,20,1,25,42,17,82,8,149,34,18,52,201
06/23/2023,ECP,FL,ASO,ES,Federal Contract Tower,50,21,71,2,144,0,0,50,0,50,50,21,121,2,194,88,0,88,282
06/24/2023,ECP,FL,ASO,ES,Federal Contract Tower,90,28,92,2,212,0,0,70,0,70,90,28,162,2,282,70,0,70,352
06/25/2023,ECP,FL,ASO,ES,Federal Contract Tower,62,16,71,0,149,0,0,64,0,64,62,16,135,0,213,60,0,60,273
06/26/2023,ECP,FL,ASO,ES,Federal Contract Tower,42,9,58,14,123,0,0,51,0,51,42,9,109,14,174,26,0,26,200
06/27/2023,ECP,FL,ASO,ES,Federal Contract Tower,42,8,49,14,113,0,0,41,0,41,42,8,90,14,154,42,0,42,196
06/28/2023,ECP,FL,ASO,ES,Federal Contract Tower,41,29,78,8,156,0,0,49,0,49,41,29,127,8,205,86,0,86,291
06/29/2023,ECP,FL,ASO,ES,Federal Contract Tower,42,39,91,14,186,0,1,54,0,55,42,40,145,14,241,30,8,38,279
06/30/2023,ECP,FL,ASO,ES,Federal Contract Tower,42,33,112,16,203,0,2,53,2,57,42,35,165,18,260,40,2,42,302
07/01/2023,ECP,FL,ASO,ES,Federal Contract Tower,91,53,146,0,290,0,4,51,0,55,91,57,197,0,345,20,0,20,365
07/02/2023,ECP,FL,ASO,ES,Federal Contract Tower,58,25,87,0,170,0,3,48,0,51,58,28,135,0,221,22,0,22,243
07/03/2023,ECP,FL,ASO,ES,Federal Contract Tower,43,18,60,5,126,0,5,34,0,39,43,23,94,5,165,12,0,12,177
07/04/2023,ECP,FL,ASO,ES,Federal Contract Tower,42,22,20,0,84,0,0,26,0,26,42,22,46,0,110,0,0,0,110
07/05/2023,ECP,FL,ASO,ES,Federal Contract Tower,46,39,89,2,176,0,0,43,0,43,46,39,132,2,219,12,0,12,231
07/06/2023,ECP,FL,ASO,ES,Federal Contract Tower,44,35,65,0,144,0,0,32,0,32,44,35,97,0,176,16,6,22,198
07/07/2023,ECP,FL,ASO,ES,Federal Contract Tower,46,41,57,12,156,0,9,31,4,44,46,50,88,16,200,72,14,86,286
07/08/2023,ECP,FL,ASO,ES,Federal Contract Tower,93,41,136,0,270,0,0,54,0,54,93,41,190,0,324,32,0,32,356
07/09/2023,ECP,FL,ASO,ES,Federal Contract Tower,59,21,74,0,154,0,0,59,0,59,59,21,133,0,213,64,0,64,277
07/10/2023,ECP,FL,ASO,ES,Federal Contract Tower,43,22,41,6,112,0,0,35,0,35,43,22,76,6,147,78,0,78,225
07/11/2023,ECP,FL,ASO,ES,Federal Contract Tower,47,18,43,7,115,0,0,44,0,44,47,18,87,7,159,40,6,46,205
07/12/2023,ECP,FL,ASO,ES,Federal Contract Tower,43,29,43,4,119,0,0,30,0,30,43,29,73,4,149,34,6,40,189
07/13/2023,ECP,FL,ASO,ES,Federal Contract Tower,46,17,51,8,122,0,4,18,0,22,46,21,69,8,144,14,0,14,158
07/14/2023,ECP,FL,ASO,ES,Federal Contract Tower,45,29,47,0,121,0,9,14,0,23,45,38,61,0,144,26,0,26,170
07/15/2023,ECP,FL,ASO,ES,Federal Contract Tower,87,28,79,0,194,0,1,27,0,28,87,29,106,0,222,18,0,18,240
07/16/2023,ECP,FL,ASO,ES,Federal Contract Tower,65,22,83,0,170,0,0,48,0,48,65,22,131,0,218,92,0,92,310
07/17/2023,ECP,FL,ASO,ES,Federal Contract Tower,46,21,56,14,137,0,6,49,0,55,46,27,105,14,192,61,2,63,255
07/18/2023,ECP,FL,ASO,ES,Federal Contract Tower,44,22,40,15,121,0,1,57,0,58,44,23,97,15,179,68,40,108,287
07/19/2023,ECP,FL,ASO,ES,Federal Contract Tower,45,21,48,17,131,0,5,58,1,64,45,26,106,18,195,80,26,106,301
07/20/2023,ECP,FL,ASO,ES,Federal Contract Tower,52,23,72,4,151,0,0,55,0,55,52,23,127,4,206,88,48,136,342
07/21/2023,ECP,FL,ASO,ES,Federal Contract Tower,43,17,74,8,142,0,4,57,6,67,43,21,131,14,209,38,28,66,275
07/22/2023,ECP,FL,ASO,ES,Federal Contract Tower,90,26,91,0,207,0,0,55,0,55,90,26,146,0,262,48,0,48,310
07/23/2023,ECP,FL,ASO,ES,Federal Contract Tower,59,13,69,0,141,0,0,28,4,32,59,13,97,4,173,28,36,64,237
07/24/2023,ECP,FL,ASO,ES,Federal Contract Tower,44,18,43,5,110,0,0,57,1,58,44,18,100,6,168,68,0,68,236
07/25/2023,ECP,FL,ASO,ES,Federal Contract Tower,45,16,38,9,108,0,2,59,0,61,45,18,97,9,169,74,0,74,243
07/26/2023,ECP,FL,ASO,ES,Federal Contract Tower,45,21,62,4,132,0,4,45,2,51,45,25,107,6,183,56,0,56,239
07/27/2023,ECP,FL,ASO,ES,Federal Contract Tower,47,28,61,11,147,0,5,38,0,43,47,33,99,11,190,54,14,68,258
07/28/2023,ECP,FL,ASO,ES,Federal Contract Tower,45,27,66,0,138,0,4,38,0,42,45,31,104,0,180,32,0,32,212
07/29/2023,ECP,FL,ASO,ES,Federal Contract Tower,90,24,78,4,196,0,2,58,0,60,90,26,136,4,256,40,0,40,296
07/30/2023,ECP,FL,ASO,ES,Federal Contract Tower,63,21,67,0,151,0,45,0,0,45,63,66,67,0,196,22,0,22,218
07/31/2023,ECP,FL,ASO,ES,Federal Contract Tower,45,11,57,4,117,0,6,55,0,61,45,17,112,4,178,44,4,48,226
08/01/2023,ECP,FL,ASO,ES,Federal Contract Tower,42,20,42,3,107,0,0,46,0,46,42,20,88,3,153,70,16,86,239
08/02/2023,ECP,FL,ASO,ES,Federal Contract Tower,42,22,56,10,130,0,0,60,3,63,42,22,116,13,193,72,34,106,299
08/03/2023,ECP,FL,ASO,ES,Federal Contract Tower,43,17,76,11,147,0,0,48,0,48,43,17,124,11,195,38,34,72,267
08/04/2023,ECP,FL,ASO,ES,Federal Contract Tower,43,15,47,21,126,0,0,29,10,39,43,15,76,31,165,36,36,72,237
08/05/2023,ECP,FL,ASO,ES,Federal Contract Tower,90,27,70,0,187,0,3,40,0,43,90,30,110,0,230,44,0,44,274
08/06/2023,ECP,FL,ASO,ES,Federal Contract Tower,58,35,78,0,171,0,0,45,0,45,58,35,123,0,216,26,0,26,242
08/07/2023,ECP,FL,ASO,ES,Federal Contract Tower,44,28,62,12,146,0,0,58,3,61,44,28,120,15,207,44,32,76,283
08/08/2023,ECP,FL,ASO,ES,Federal Contract Tower,44,24,33,6,107,0,0,53,4,57,44,24,86,10,164,50,24,74,238
08/09/2023,ECP,FL,ASO,ES,Federal Contract Tower,40,18,43,10,111,0,0,38,2,40,40,18,81,12,151,0,38,38,189
08/10/2023,ECP,FL,ASO,ES,Federal Contract Tower,42,31,65,5,143,0,10,37,3,50,42,41,102,8,193,67,14,81,274
08/11/2023,ECP,FL,ASO,ES,Federal Contract Tower,43,20,44,12,119,0,0,42,2,44,43,20,86,14,163,38,10,48,211
08/12/2023,ECP,FL,ASO,ES,Federal Contract Tower,90,23,40,0,153,0,2,34,0,36,90,25,74,0,189,22,0,22,211
08/13/2023,ECP,FL,ASO,ES,Federal Contract Tower,58,24,71,0,153,0,6,49,0,55,58,30,120,0,208,57,0,57,265
08/14/2023,ECP,FL,ASO,ES,Federal Contract Tower,50,13,53,0,116,0,6,36,0,42,50,19,89,0,158,41,0,41,199
08/15/2023,ECP,FL,ASO,ES,Federal Contract Tower,40,16,37,4,97,0,0,45,2,47,40,16,82,6,144,44,10,54,198
08/16/2023,ECP,FL,ASO,ES,Federal Contract Tower,37,11,27,7,82,0,0,29,0,29,37,11,56,7,111,22,20,42,153
08/18/2023,ECP,FL,ASO,ES,Federal Contract Tower,39,12,46,8,105,0,0,42,4,46,39,12,88,12,151,44,12,56,207
08/19/2023,ECP,FL,ASO,ES,Federal Contract Tower,71,12,29,0,112,0,0,37,0,37,71,12,66,0,149,76,0,76,225
08/20/2023,ECP,FL,ASO,ES,Federal Contract Tower,44,18,60,4,126,0,0,40,0,40,44,18,100,4,166,20,0,20,186
08/21/2023,ECP,FL,ASO,ES,Federal Contract Tower,40,25,43,4,112,0,1,48,6,55,40,26,91,10,167,16,32,48,215
08/22/2023,ECP,FL,ASO,ES,Federal Contract Tower,37,15,31,2,85,0,0,45,2,47,37,15,76,4,132,42,10,52,184
08/23/2023,ECP,FL,ASO,ES,Federal Contract Tower,35,19,49,2,105,0,0,27,0,27,35,19,76,2,132,0,4,4,136
08/24/2023,ECP,FL,ASO,ES,Federal Contract Tower,38,20,50,9,117,0,2,29,0,31,38,22,79,9,148,22,14,36,184
08/25/2023,ECP,FL,ASO,ES,Federal Contract Tower,39,12,58,10,119,0,2,29,4,35,39,14,87,14,154,8,18,26,180
08/26/2023,ECP,FL,ASO,ES,Federal Contract Tower,72,8,26,0,106,0,4,42,0,46,72,12,68,0,152,34,6,40,192
08/27/2023,ECP,FL,ASO,ES,Federal Contract Tower,39,15,57,4,115,0,3,26,6,35,39,18,83,10,150,4,20,24,174
08/28/2023,ECP,FL,ASO,ES,Federal Contract Tower,38,17,38,10,103,0,2,29,5,36,38,19,67,15,139,6,20,26,165
08/29/2023,ECP,FL,ASO,ES,Federal Contract Tower,38,10,26,0,74,0,0,8,0,8,38,10,34,0,82,12,0,12,94
08/30/2023,ECP,FL,ASO,ES,Federal Contract Tower,36,9,13,0,58,0,0,6,0,6,36,9,19,0,64,12,0,12,76
08/31/2023,ECP,FL,ASO,ES,Federal Contract Tower,39,36,76,0,151,0,0,33,0,33,39,36,109,0,184,31,0,31,215
