01/01/2000,EGE,CO,ANM,WE,Federal Contract Tower,30,18,37,0,85,8,0,1,0,9,38,18,38,0,94,2,0,2,96
01/02/2000,EGE,CO,ANM,WE,Federal Contract Tower,30,10,61,0,101,0,0,43,0,43,30,10,104,0,144,0,0,0,144
01/03/2000,EGE,CO,ANM,WE,Federal Contract Tower,33,27,60,0,120,0,0,54,0,54,33,27,114,0,174,0,0,0,174
01/04/2000,EGE,CO,ANM,WE,Federal Contract Tower,26,23,44,0,93,0,17,21,6,44,26,40,65,6,137,14,8,22,159
01/05/2000,EGE,CO,ANM,WE,Federal Contract Tower,26,21,40,0,87,0,5,10,5,20,26,26,50,5,107,0,5,5,112
01/06/2000,EGE,CO,ANM,WE,Federal Contract Tower,24,10,28,0,62,4,0,31,4,39,28,10,59,4,101,0,0,0,101
01/07/2000,EGE,CO,ANM,WE,Federal Contract Tower,28,16,36,0,80,0,0,27,0,27,28,16,63,0,107,0,0,0,107
01/08/2000,EGE,CO,ANM,WE,Federal Contract Tower,28,17,32,0,77,14,0,5,0,19,42,17,37,0,96,8,0,8,104
01/09/2000,EGE,CO,ANM,WE,Federal Contract Tower,33,23,45,0,101,0,2,14,0,16,33,25,59,0,117,0,0,0,117
01/10/2000,EGE,CO,ANM,WE,Federal Contract Tower,18,9,18,0,45,6,0,0,0,6,24,9,18,0,51,26,0,26,77
01/11/2000,EGE,CO,ANM,WE,Federal Contract Tower,23,15,27,0,65,3,5,4,0,12,26,20,31,0,77,18,6,24,101
01/12/2000,EGE,CO,ANM,WE,Federal Contract Tower,23,14,27,0,64,5,2,0,0,7,28,16,27,0,71,0,0,0,71
01/13/2000,EGE,CO,ANM,WE,Federal Contract Tower,28,21,40,0,89,0,4,43,2,49,28,25,83,2,138,14,16,30,168
01/14/2000,EGE,CO,ANM,WE,Federal Contract Tower,28,20,37,0,85,0,3,42,0,45,28,23,79,0,130,0,0,0,130
01/15/2000,EGE,CO,ANM,WE,Federal Contract Tower,28,15,34,0,77,16,0,48,0,64,44,15,82,0,141,28,0,28,169
01/16/2000,EGE,CO,ANM,WE,Federal Contract Tower,33,20,40,1,94,0,7,6,0,13,33,27,46,1,107,31,0,31,138
01/17/2000,EGE,CO,ANM,WE,Federal Contract Tower,28,25,51,0,104,0,4,31,0,35,28,29,82,0,139,2,0,2,141
01/18/2000,EGE,CO,ANM,WE,Federal Contract Tower,20,8,21,0,49,6,0,0,0,6,26,8,21,0,55,0,0,0,55
01/19/2000,EGE,CO,ANM,WE,Federal Contract Tower,22,13,27,0,62,6,7,7,13,33,28,20,34,13,95,8,4,12,107
01/20/2000,EGE,CO,ANM,WE,Federal Contract Tower,24,14,29,0,67,5,3,13,19,40,29,17,42,19,107,12,12,24,131
01/21/2000,EGE,CO,ANM,WE,Federal Contract Tower,28,14,33,0,75,2,0,1,0,3,30,14,34,0,78,0,0,0,78
01/22/2000,EGE,CO,ANM,WE,Federal Contract Tower,29,12,34,0,75,15,0,0,0,15,44,12,34,0,90,0,0,0,90
01/23/2000,EGE,CO,ANM,WE,Federal Contract Tower,33,20,40,0,93,0,3,16,4,23,33,23,56,4,116,6,0,6,122
01/24/2000,EGE,CO,ANM,WE,Federal Contract Tower,21,13,25,0,59,1,7,0,0,8,22,20,25,0,67,0,0,0,67
01/25/2000,EGE,CO,ANM,WE,Federal Contract Tower,13,6,13,0,32,8,0,0,0,8,21,6,13,0,40,0,0,0,40
01/26/2000,EGE,CO,ANM,WE,Federal Contract Tower,27,16,32,0,75,0,4,0,8,12,27,20,32,8,87,0,6,6,93
01/27/2000,EGE,CO,ANM,WE,Federal Contract Tower,25,15,33,0,73,0,0,9,18,27,25,15,42,18,100,0,2,2,102
01/28/2000,EGE,CO,ANM,WE,Federal Contract Tower,25,14,30,0,69,3,5,9,27,44,28,19,39,27,113,10,2,12,125
01/29/2000,EGE,CO,ANM,WE,Federal Contract Tower,35,21,43,0,99,8,2,12,9,31,43,23,55,9,130,16,2,18,148
01/30/2000,EGE,CO,ANM,WE,Federal Contract Tower,29,13,36,0,78,3,0,44,0,47,32,13,80,0,125,12,0,12,137
01/31/2000,EGE,CO,ANM,WE,Federal Contract Tower,30,17,36,0,83,1,0,16,9,26,31,17,52,9,109,10,2,12,121
02/01/2000,EGE,CO,ANM,WE,Federal Contract Tower,22,15,36,0,73,8,1,29,16,54,30,16,65,16,127,6,4,10,137
02/02/2000,EGE,CO,ANM,WE,Federal Contract Tower,28,20,46,0,94,3,1,33,19,56,31,21,79,19,150,12,6,18,168
02/03/2000,EGE,CO,ANM,WE,Federal Contract Tower,30,20,50,0,100,0,0,45,17,62,30,20,95,17,162,16,8,24,186
02/04/2000,EGE,CO,ANM,WE,Federal Contract Tower,28,19,45,0,92,6,1,30,16,53,34,20,75,16,145,8,8,16,161
02/05/2000,EGE,CO,ANM,WE,Federal Contract Tower,24,10,39,0,73,26,0,15,4,45,50,10,54,4,118,0,2,2,120
02/06/2000,EGE,CO,ANM,WE,Federal Contract Tower,33,16,53,0,102,2,0,42,1,45,35,16,95,1,147,0,0,0,147
02/07/2000,EGE,CO,ANM,WE,Federal Contract Tower,24,16,39,0,79,7,5,23,0,35,31,21,62,0,114,32,0,32,146
02/08/2000,EGE,CO,ANM,WE,Federal Contract Tower,16,11,27,0,54,10,0,19,5,34,26,11,46,5,88,44,0,44,132
02/09/2000,EGE,CO,ANM,WE,Federal Contract Tower,28,11,42,0,81,6,0,8,13,27,34,11,50,13,108,6,0,6,114
02/10/2000,EGE,CO,ANM,WE,Federal Contract Tower,36,12,66,1,115,0,0,19,6,25,36,12,85,7,140,65,2,67,207
02/11/2000,EGE,CO,ANM,WE,Federal Contract Tower,29,21,51,1,102,0,3,6,7,16,29,24,57,8,118,54,0,54,172
02/12/2000,EGE,CO,ANM,WE,Federal Contract Tower,32,15,39,0,86,16,0,0,0,16,48,15,39,0,102,32,0,32,134
02/13/2000,EGE,CO,ANM,WE,Federal Contract Tower,33,17,55,1,106,0,0,36,16,52,33,17,91,17,158,22,6,28,186
02/14/2000,EGE,CO,ANM,WE,Federal Contract Tower,22,14,34,0,70,8,0,0,0,8,30,14,34,0,78,22,0,22,100
02/15/2000,EGE,CO,ANM,WE,Federal Contract Tower,21,13,32,0,66,8,2,4,0,14,29,15,36,0,80,19,0,19,99
02/16/2000,EGE,CO,ANM,WE,Federal Contract Tower,29,19,46,1,95,3,4,14,3,24,32,23,60,4,119,4,4,8,127
02/17/2000,EGE,CO,ANM,WE,Federal Contract Tower,16,17,42,0,75,0,1,12,0,13,16,18,54,0,88,0,0,0,88
02/18/2000,EGE,CO,ANM,WE,Federal Contract Tower,30,39,96,2,167,0,1,58,6,65,30,40,154,8,232,0,0,0,232
02/19/2000,EGE,CO,ANM,WE,Federal Contract Tower,43,33,80,1,157,0,1,49,5,55,43,34,129,6,212,6,0,6,218
02/20/2000,EGE,CO,ANM,WE,Federal Contract Tower,34,22,52,1,109,0,7,27,7,41,34,29,79,8,150,6,0,6,156
02/21/2000,EGE,CO,ANM,WE,Federal Contract Tower,32,39,95,0,166,0,15,59,0,74,32,54,154,0,240,0,0,0,240
02/22/2000,EGE,CO,ANM,WE,Federal Contract Tower,26,22,55,1,104,0,11,4,15,30,26,33,59,16,134,16,10,26,160
02/23/2000,EGE,CO,ANM,WE,Federal Contract Tower,31,20,49,1,101,1,4,25,11,41,32,24,74,12,142,28,2,30,172
02/24/2000,EGE,CO,ANM,WE,Federal Contract Tower,26,16,40,0,82,6,0,6,20,32,32,16,46,20,114,12,0,12,126
02/25/2000,EGE,CO,ANM,WE,Federal Contract Tower,32,21,60,0,113,0,0,22,7,29,32,21,82,7,142,20,0,20,162
02/26/2000,EGE,CO,ANM,WE,Federal Contract Tower,39,25,62,0,126,10,10,19,14,53,49,35,81,14,179,22,6,28,207
02/27/2000,EGE,CO,ANM,WE,Federal Contract Tower,37,28,69,0,134,0,9,34,8,51,37,37,103,8,185,6,6,12,197
02/28/2000,EGE,CO,ANM,WE,Federal Contract Tower,23,14,36,0,73,9,3,4,3,19,32,17,40,3,92,8,0,8,100
02/29/2000,EGE,CO,ANM,WE,Federal Contract Tower,20,12,32,0,64,8,0,19,18,45,28,12,51,18,109,44,6,50,159
03/01/2000,EGE,CO,ANM,WE,Federal Contract Tower,23,16,39,0,78,9,0,11,18,38,32,16,50,18,116,40,0,40,156
03/02/2000,EGE,CO,ANM,WE,Federal Contract Tower,31,18,62,0,111,0,0,14,18,32,31,18,76,18,143,0,8,8,151
03/03/2000,EGE,CO,ANM,WE,Federal Contract Tower,31,20,53,0,104,3,0,40,26,69,34,20,93,26,173,22,10,32,205
03/04/2000,EGE,CO,ANM,WE,Federal Contract Tower,35,24,59,0,118,17,10,24,3,54,52,34,83,3,172,18,0,18,190
03/05/2000,EGE,CO,ANM,WE,Federal Contract Tower,36,24,59,0,119,2,2,21,1,26,38,26,80,1,145,8,0,8,153
03/06/2000,EGE,CO,ANM,WE,Federal Contract Tower,25,16,41,0,82,6,0,16,2,24,31,16,57,2,106,52,10,62,168
03/07/2000,EGE,CO,ANM,WE,Federal Contract Tower,21,15,33,0,69,6,1,0,4,11,27,16,33,4,80,0,4,4,84
03/08/2000,EGE,CO,ANM,WE,Federal Contract Tower,27,17,55,0,99,0,0,25,4,29,27,17,80,4,128,56,0,56,184
03/09/2000,EGE,CO,ANM,WE,Federal Contract Tower,28,11,46,0,85,0,0,13,3,16,28,11,59,3,101,0,0,0,101
03/10/2000,EGE,CO,ANM,WE,Federal Contract Tower,32,26,63,0,121,0,5,14,4,23,32,31,77,4,144,29,0,29,173
03/11/2000,EGE,CO,ANM,WE,Federal Contract Tower,40,27,65,0,132,13,3,30,0,46,53,30,95,0,178,17,0,17,195
03/12/2000,EGE,CO,ANM,WE,Federal Contract Tower,36,21,72,0,129,0,0,25,0,25,36,21,97,0,154,0,0,0,154
03/13/2000,EGE,CO,ANM,WE,Federal Contract Tower,26,18,42,0,86,6,4,33,0,43,32,22,75,0,129,48,0,48,177
03/14/2000,EGE,CO,ANM,WE,Federal Contract Tower,24,15,38,0,77,5,0,21,7,33,29,15,59,7,110,24,20,44,154
03/15/2000,EGE,CO,ANM,WE,Federal Contract Tower,32,15,51,0,98,1,0,16,10,27,33,15,67,10,125,36,12,48,173
03/16/2000,EGE,CO,ANM,WE,Federal Contract Tower,28,22,56,1,107,0,4,33,11,48,28,26,89,12,155,9,8,17,172
03/17/2000,EGE,CO,ANM,WE,Federal Contract Tower,33,29,75,1,138,0,0,47,5,52,33,29,122,6,190,26,6,32,222
03/18/2000,EGE,CO,ANM,WE,Federal Contract Tower,48,31,77,0,156,3,7,9,0,19,51,38,86,0,175,42,0,42,217
03/19/2000,EGE,CO,ANM,WE,Federal Contract Tower,37,26,65,0,128,0,6,36,0,42,37,32,101,0,170,5,0,5,175
03/20/2000,EGE,CO,ANM,WE,Federal Contract Tower,6,10,0,0,16,0,17,0,0,17,6,27,0,0,33,0,0,0,33
03/21/2000,EGE,CO,ANM,WE,Federal Contract Tower,30,19,48,1,98,0,5,8,23,36,30,24,56,24,134,16,20,36,170
03/22/2000,EGE,CO,ANM,WE,Federal Contract Tower,32,23,57,1,113,0,6,19,23,48,32,29,76,24,161,16,0,16,177
03/23/2000,EGE,CO,ANM,WE,Federal Contract Tower,31,18,49,0,98,1,0,50,28,79,32,18,99,28,177,16,0,16,193
03/24/2000,EGE,CO,ANM,WE,Federal Contract Tower,30,20,52,0,102,0,0,38,12,50,30,20,90,12,152,16,0,16,168
03/25/2000,EGE,CO,ANM,WE,Federal Contract Tower,45,29,72,0,146,5,5,40,2,52,50,34,112,2,198,2,0,2,200
03/26/2000,EGE,CO,ANM,WE,Federal Contract Tower,47,31,76,0,154,9,2,36,2,49,56,33,112,2,203,40,0,40,243
03/27/2000,EGE,CO,ANM,WE,Federal Contract Tower,24,15,38,0,77,6,2,27,0,35,30,17,65,0,112,52,0,52,164
03/28/2000,EGE,CO,ANM,WE,Federal Contract Tower,23,14,36,0,73,6,4,1,0,11,29,18,37,0,84,30,16,46,130
03/29/2000,EGE,CO,ANM,WE,Federal Contract Tower,25,16,40,0,81,5,0,18,22,45,30,16,58,22,126,23,4,27,153
03/30/2000,EGE,CO,ANM,WE,Federal Contract Tower,25,16,38,0,79,1,8,0,14,23,26,24,38,14,102,12,0,12,114
03/31/2000,EGE,CO,ANM,WE,Federal Contract Tower,28,16,48,0,92,0,0,9,8,17,28,16,57,8,109,18,0,18,127
04/01/2000,EGE,CO,ANM,WE,Federal Contract Tower,13,28,64,0,105,33,0,21,2,56,46,28,85,2,161,14,0,14,175
04/02/2000,EGE,CO,ANM,WE,Federal Contract Tower,10,22,49,0,81,14,0,13,0,27,24,22,62,0,108,24,0,24,132
04/03/2000,EGE,CO,ANM,WE,Federal Contract Tower,2,17,19,0,38,0,1,19,2,22,2,18,38,2,60,38,0,38,98
04/04/2000,EGE,CO,ANM,WE,Federal Contract Tower,2,16,19,0,37,0,0,27,12,39,2,16,46,12,76,18,0,18,94
04/05/2000,EGE,CO,ANM,WE,Federal Contract Tower,2,17,21,0,40,0,0,18,7,25,2,17,39,7,65,15,0,15,80
04/06/2000,EGE,CO,ANM,WE,Federal Contract Tower,0,17,19,0,36,0,6,21,9,36,0,23,40,9,72,42,2,44,116
04/07/2000,EGE,CO,ANM,WE,Federal Contract Tower,2,14,16,0,32,0,2,22,4,28,2,16,38,4,60,6,0,6,66
04/08/2000,EGE,CO,ANM,WE,Federal Contract Tower,2,19,22,0,43,0,0,50,2,52,2,19,72,2,95,50,0,50,145
04/09/2000,EGE,CO,ANM,WE,Federal Contract Tower,2,16,25,0,43,0,0,42,1,43,2,16,67,1,86,24,0,24,110
04/10/2000,EGE,CO,ANM,WE,Federal Contract Tower,2,9,11,0,22,0,4,20,0,24,2,13,31,0,46,20,0,20,66
04/11/2000,EGE,CO,ANM,WE,Federal Contract Tower,2,9,13,0,24,0,0,17,22,39,2,9,30,22,63,18,5,23,86
04/12/2000,EGE,CO,ANM,WE,Federal Contract Tower,2,15,18,0,35,0,0,23,21,44,2,15,41,21,79,14,0,14,93
04/13/2000,EGE,CO,ANM,WE,Federal Contract Tower,2,12,14,0,28,0,5,40,26,71,2,17,54,26,99,12,8,20,119
04/14/2000,EGE,CO,ANM,WE,Federal Contract Tower,2,16,19,0,37,0,1,13,11,25,2,17,32,11,62,0,0,0,62
04/15/2000,EGE,CO,ANM,WE,Federal Contract Tower,2,17,21,0,40,0,0,7,0,7,2,17,28,0,47,8,0,8,55
04/16/2000,EGE,CO,ANM,WE,Federal Contract Tower,2,16,18,0,36,0,0,37,0,37,2,16,55,0,73,6,0,6,79
04/17/2000,EGE,CO,ANM,WE,Federal Contract Tower,1,7,8,1,17,1,3,19,14,37,2,10,27,15,54,28,8,36,90
04/18/2000,EGE,CO,ANM,WE,Federal Contract Tower,0,7,8,1,16,0,4,16,14,34,0,11,24,15,50,0,0,0,50
04/19/2000,EGE,CO,ANM,WE,Federal Contract Tower,2,14,19,0,35,0,0,8,16,24,2,14,27,16,59,2,0,2,61
04/20/2000,EGE,CO,ANM,WE,Federal Contract Tower,2,9,13,0,24,0,0,35,18,53,2,9,48,18,77,30,0,30,107
04/21/2000,EGE,CO,ANM,WE,Federal Contract Tower,2,12,16,0,30,0,0,38,16,54,2,12,54,16,84,12,3,15,99
04/22/2000,EGE,CO,ANM,WE,Federal Contract Tower,2,12,21,0,35,0,0,12,0,12,2,12,33,0,47,10,0,10,57
04/23/2000,EGE,CO,ANM,WE,Federal Contract Tower,0,8,11,0,19,0,3,7,0,10,0,11,18,0,29,4,0,4,33
04/24/2000,EGE,CO,ANM,WE,Federal Contract Tower,0,12,16,0,28,0,2,6,0,8,0,14,22,0,36,0,0,0,36
04/25/2000,EGE,CO,ANM,WE,Federal Contract Tower,0,6,7,0,13,0,5,26,8,39,0,11,33,8,52,26,8,34,86
04/26/2000,EGE,CO,ANM,WE,Federal Contract Tower,0,6,7,0,13,0,10,25,8,43,0,16,32,8,56,2,6,8,64
04/27/2000,EGE,CO,ANM,WE,Federal Contract Tower,0,5,7,0,12,0,9,25,9,43,0,14,32,9,55,20,8,28,83
04/28/2000,EGE,CO,ANM,WE,Federal Contract Tower,0,5,6,0,11,0,9,30,2,41,0,14,36,2,52,12,0,12,64
04/29/2000,EGE,CO,ANM,WE,Federal Contract Tower,0,6,7,0,13,0,8,3,4,15,0,14,10,4,28,4,0,4,32
04/30/2000,EGE,CO,ANM,WE,Federal Contract Tower,0,4,6,0,10,0,6,6,0,12,0,10,12,0,22,0,0,0,22
05/01/2000,EGE,CO,ANM,WE,Federal Contract Tower,0,7,4,0,11,0,3,21,2,26,0,10,25,2,37,56,14,70,107
05/02/2000,EGE,CO,ANM,WE,Federal Contract Tower,0,9,6,0,15,0,3,21,21,45,0,12,27,21,60,28,6,34,94
05/03/2000,EGE,CO,ANM,WE,Federal Contract Tower,0,8,6,0,14,0,6,29,12,47,0,14,35,12,61,30,0,30,91
05/04/2000,EGE,CO,ANM,WE,Federal Contract Tower,0,4,4,0,8,0,5,22,18,45,0,9,26,18,53,22,14,36,89
05/05/2000,EGE,CO,ANM,WE,Federal Contract Tower,0,7,5,0,12,0,3,32,21,56,0,10,37,21,68,38,11,49,117
05/06/2000,EGE,CO,ANM,WE,Federal Contract Tower,0,6,3,1,10,0,4,17,3,24,0,10,20,4,34,0,5,5,39
05/07/2000,EGE,CO,ANM,WE,Federal Contract Tower,0,6,3,1,10,0,2,7,3,12,0,8,10,4,22,0,6,6,28
05/08/2000,EGE,CO,ANM,WE,Federal Contract Tower,0,1,3,0,4,0,0,5,0,5,0,1,8,0,9,28,0,28,37
05/09/2000,EGE,CO,ANM,WE,Federal Contract Tower,0,11,5,0,16,0,3,30,10,43,0,14,35,10,59,40,2,42,101
05/10/2000,EGE,CO,ANM,WE,Federal Contract Tower,0,9,5,0,14,0,1,24,10,35,0,10,29,10,49,16,0,16,65
05/11/2000,EGE,CO,ANM,WE,Federal Contract Tower,0,9,4,0,13,0,1,7,11,19,0,10,11,11,32,2,0,2,34
05/12/2000,EGE,CO,ANM,WE,Federal Contract Tower,0,12,5,0,17,0,0,11,7,18,0,12,16,7,35,0,0,0,35
05/13/2000,EGE,CO,ANM,WE,Federal Contract Tower,0,8,2,0,10,0,0,16,0,16,0,8,18,0,26,7,0,7,33
05/14/2000,EGE,CO,ANM,WE,Federal Contract Tower,0,8,3,0,11,0,1,29,0,30,0,9,32,0,41,26,0,26,67
05/15/2000,EGE,CO,ANM,WE,Federal Contract Tower,0,8,2,0,10,0,2,12,0,14,0,10,14,0,24,0,0,0,24
05/16/2000,EGE,CO,ANM,WE,Federal Contract Tower,0,10,4,0,14,0,2,16,2,20,0,12,20,2,34,0,0,0,34
05/17/2000,EGE,CO,ANM,WE,Federal Contract Tower,0,4,1,0,5,0,0,8,0,8,0,4,9,0,13,0,0,0,13
05/18/2000,EGE,CO,ANM,WE,Federal Contract Tower,0,5,2,0,7,0,0,4,0,4,0,5,6,0,11,4,0,4,15
05/19/2000,EGE,CO,ANM,WE,Federal Contract Tower,0,11,4,0,15,0,0,15,3,18,0,11,19,3,33,12,4,16,49
05/20/2000,EGE,CO,ANM,WE,Federal Contract Tower,0,6,2,0,8,0,1,24,3,28,0,7,26,3,36,2,0,2,38
05/21/2000,EGE,CO,ANM,WE,Federal Contract Tower,0,11,4,0,15,0,0,34,1,35,0,11,38,1,50,0,0,0,50
05/22/2000,EGE,CO,ANM,WE,Federal Contract Tower,0,8,3,0,11,0,0,25,0,25,0,8,28,0,36,12,0,12,48
05/23/2000,EGE,CO,ANM,WE,Federal Contract Tower,0,10,4,0,14,0,1,30,38,69,0,11,34,38,83,0,0,0,83
05/24/2000,EGE,CO,ANM,WE,Federal Contract Tower,0,8,5,0,13,0,0,31,16,47,0,8,36,16,60,4,2,6,66
05/25/2000,EGE,CO,ANM,WE,Federal Contract Tower,0,10,5,0,15,0,0,22,25,47,0,10,27,25,62,0,0,0,62
05/26/2000,EGE,CO,ANM,WE,Federal Contract Tower,0,5,5,0,10,0,0,11,11,22,0,5,16,11,32,24,0,24,56
05/27/2000,EGE,CO,ANM,WE,Federal Contract Tower,0,5,1,0,6,0,1,22,5,28,0,6,23,5,34,2,4,6,40
05/28/2000,EGE,CO,ANM,WE,Federal Contract Tower,0,8,2,0,10,0,0,22,0,22,0,8,24,0,32,0,0,0,32
05/29/2000,EGE,CO,ANM,WE,Federal Contract Tower,0,10,4,0,14,0,0,45,0,45,0,10,49,0,59,8,0,8,67
05/30/2000,EGE,CO,ANM,WE,Federal Contract Tower,0,10,3,0,13,0,0,22,3,25,0,10,25,3,38,2,0,2,40
05/31/2000,EGE,CO,ANM,WE,Federal Contract Tower,0,12,4,0,16,0,0,23,0,23,0,12,27,0,39,8,0,8,47
06/01/2000,EGE,CO,ANM,WE,Federal Contract Tower,0,8,8,0,16,0,1,25,8,34,0,9,33,8,50,46,2,48,98
06/02/2000,EGE,CO,ANM,WE,Federal Contract Tower,0,9,8,0,17,0,5,13,2,20,0,14,21,2,37,6,0,6,43
06/03/2000,EGE,CO,ANM,WE,Federal Contract Tower,0,8,7,0,15,0,2,16,0,18,0,10,23,0,33,0,0,0,33
06/04/2000,EGE,CO,ANM,WE,Federal Contract Tower,0,10,8,0,18,0,0,18,2,20,0,10,26,2,38,10,0,10,48
06/05/2000,EGE,CO,ANM,WE,Federal Contract Tower,0,11,10,0,21,10,4,22,0,36,10,15,32,0,57,8,0,8,65
06/06/2000,EGE,CO,ANM,WE,Federal Contract Tower,0,7,7,0,14,0,5,22,0,27,0,12,29,0,41,2,0,2,43
06/07/2000,EGE,CO,ANM,WE,Federal Contract Tower,0,13,13,1,27,0,5,17,4,26,0,18,30,5,53,4,4,8,61
06/08/2000,EGE,CO,ANM,WE,Federal Contract Tower,0,9,9,1,19,0,0,24,3,27,0,9,33,4,46,34,2,36,82
06/09/2000,EGE,CO,ANM,WE,Federal Contract Tower,0,9,9,1,19,0,0,18,15,33,0,9,27,16,52,16,18,34,86
06/10/2000,EGE,CO,ANM,WE,Federal Contract Tower,0,8,10,0,18,0,2,31,0,33,0,10,41,0,51,12,0,12,63
06/11/2000,EGE,CO,ANM,WE,Federal Contract Tower,0,9,11,0,20,0,2,29,3,34,0,11,40,3,54,10,0,10,64
06/12/2000,EGE,CO,ANM,WE,Federal Contract Tower,0,9,12,0,21,0,5,16,2,23,0,14,28,2,44,8,6,14,58
06/13/2000,EGE,CO,ANM,WE,Federal Contract Tower,0,12,15,0,27,0,10,6,8,24,0,22,21,8,51,34,4,38,89
06/14/2000,EGE,CO,ANM,WE,Federal Contract Tower,0,9,11,0,20,0,2,37,8,47,0,11,48,8,67,48,2,50,117
06/15/2000,EGE,CO,ANM,WE,Federal Contract Tower,0,9,16,0,25,0,0,22,20,42,0,9,38,20,67,6,0,6,73
06/16/2000,EGE,CO,ANM,WE,Federal Contract Tower,0,14,18,0,32,0,0,13,7,20,0,14,31,7,52,32,10,42,94
06/17/2000,EGE,CO,ANM,WE,Federal Contract Tower,0,12,15,0,27,0,0,39,0,39,0,12,54,0,66,28,0,28,94
06/18/2000,EGE,CO,ANM,WE,Federal Contract Tower,0,8,17,0,25,0,0,24,2,26,0,8,41,2,51,0,0,0,51
06/19/2000,EGE,CO,ANM,WE,Federal Contract Tower,0,9,13,0,22,0,0,10,2,12,0,9,23,2,34,16,0,16,50
06/20/2000,EGE,CO,ANM,WE,Federal Contract Tower,0,8,10,0,18,0,2,16,22,40,0,10,26,22,58,26,20,46,104
06/21/2000,EGE,CO,ANM,WE,Federal Contract Tower,0,11,13,0,24,0,1,33,20,54,0,12,46,20,78,24,0,24,102
06/22/2000,EGE,CO,ANM,WE,Federal Contract Tower,0,13,18,0,31,0,0,32,28,60,0,13,50,28,91,22,0,22,113
06/23/2000,EGE,CO,ANM,WE,Federal Contract Tower,0,13,16,0,29,0,1,27,8,36,0,14,43,8,65,20,0,20,85
06/24/2000,EGE,CO,ANM,WE,Federal Contract Tower,0,14,25,0,39,0,0,46,2,48,0,14,71,2,87,48,0,48,135
06/25/2000,EGE,CO,ANM,WE,Federal Contract Tower,0,14,29,0,43,0,0,46,2,48,0,14,75,2,91,18,0,18,109
06/26/2000,EGE,CO,ANM,WE,Federal Contract Tower,0,15,19,0,34,0,0,22,2,24,0,15,41,2,58,40,0,40,98
06/27/2000,EGE,CO,ANM,WE,Federal Contract Tower,0,12,14,0,26,0,3,14,8,25,0,15,28,8,51,24,2,26,77
06/28/2000,EGE,CO,ANM,WE,Federal Contract Tower,0,19,24,0,43,0,0,48,11,59,0,19,72,11,102,24,0,24,126
06/29/2000,EGE,CO,ANM,WE,Federal Contract Tower,0,25,30,0,55,0,1,19,14,34,0,26,49,14,89,22,6,28,117
06/30/2000,EGE,CO,ANM,WE,Federal Contract Tower,0,40,58,0,98,0,0,50,7,57,0,40,108,7,155,60,0,60,215
07/01/2000,EGE,CO,ANM,WE,Federal Contract Tower,0,27,33,0,60,0,0,56,1,57,0,27,89,1,117,12,0,12,129
07/02/2000,EGE,CO,ANM,WE,Federal Contract Tower,0,20,23,0,43,0,0,41,0,41,0,20,64,0,84,12,0,12,96
07/03/2000,EGE,CO,ANM,WE,Federal Contract Tower,0,21,23,0,44,0,0,20,0,20,0,21,43,0,64,30,0,30,94
07/04/2000,EGE,CO,ANM,WE,Federal Contract Tower,0,20,21,0,41,0,5,34,1,40,0,25,55,1,81,24,0,24,105
07/05/2000,EGE,CO,ANM,WE,Federal Contract Tower,0,37,45,0,82,0,0,60,0,60,0,37,105,0,142,0,0,0,142
07/06/2000,EGE,CO,ANM,WE,Federal Contract Tower,0,26,27,0,53,0,2,36,2,40,0,28,63,2,93,22,2,24,117
07/07/2000,EGE,CO,ANM,WE,Federal Contract Tower,0,22,25,0,47,0,0,33,2,35,0,22,58,2,82,32,0,32,114
07/08/2000,EGE,CO,ANM,WE,Federal Contract Tower,0,26,32,0,58,0,0,45,0,45,0,26,77,0,103,16,0,16,119
07/09/2000,EGE,CO,ANM,WE,Federal Contract Tower,0,37,41,0,78,0,1,41,2,44,0,38,82,2,122,0,0,0,122
07/10/2000,EGE,CO,ANM,WE,Federal Contract Tower,0,27,29,0,56,0,0,32,0,32,0,27,61,0,88,30,0,30,118
07/11/2000,EGE,CO,ANM,WE,Federal Contract Tower,0,18,22,1,41,0,0,44,9,53,0,18,66,10,94,46,2,48,142
07/12/2000,EGE,CO,ANM,WE,Federal Contract Tower,0,20,22,1,43,0,2,33,20,55,0,22,55,21,98,16,6,22,120
07/13/2000,EGE,CO,ANM,WE,Federal Contract Tower,0,27,31,1,59,0,4,38,20,62,0,31,69,21,121,4,4,8,129
07/14/2000,EGE,CO,ANM,WE,Federal Contract Tower,0,24,26,1,51,0,6,32,19,57,0,30,58,20,108,12,6,18,126
07/15/2000,EGE,CO,ANM,WE,Federal Contract Tower,0,24,26,0,50,0,1,39,0,40,0,25,65,0,90,66,0,66,156
07/16/2000,EGE,CO,ANM,WE,Federal Contract Tower,0,33,37,1,71,0,0,35,2,37,0,33,72,3,108,10,0,10,118
07/17/2000,EGE,CO,ANM,WE,Federal Contract Tower,0,19,26,0,45,0,0,17,0,17,0,19,43,0,62,72,0,72,134
07/18/2000,EGE,CO,ANM,WE,Federal Contract Tower,0,25,29,0,54,0,10,27,8,45,0,35,56,8,99,2,4,6,105
07/19/2000,EGE,CO,ANM,WE,Federal Contract Tower,0,26,31,0,57,0,11,36,17,64,0,37,67,17,121,20,0,20,141
07/20/2000,EGE,CO,ANM,WE,Federal Contract Tower,0,23,28,0,51,0,0,34,15,49,0,23,62,15,100,18,2,20,120
07/21/2000,EGE,CO,ANM,WE,Federal Contract Tower,0,24,35,0,59,0,0,51,8,59,0,24,86,8,118,24,2,26,144
07/22/2000,EGE,CO,ANM,WE,Federal Contract Tower,0,22,28,0,50,0,0,33,0,33,0,22,61,0,83,12,0,12,95
07/23/2000,EGE,CO,ANM,WE,Federal Contract Tower,0,32,37,0,69,0,0,44,8,52,0,32,81,8,121,14,0,14,135
07/24/2000,EGE,CO,ANM,WE,Federal Contract Tower,0,22,30,0,52,0,0,37,0,37,0,22,67,0,89,26,0,26,115
07/25/2000,EGE,CO,ANM,WE,Federal Contract Tower,0,25,29,0,54,0,6,57,19,82,0,31,86,19,136,72,4,76,212
07/26/2000,EGE,CO,ANM,WE,Federal Contract Tower,0,30,35,0,65,0,9,46,37,92,0,39,81,37,157,50,24,74,231
07/27/2000,EGE,CO,ANM,WE,Federal Contract Tower,0,27,32,0,59,0,7,56,12,75,0,34,88,12,134,26,0,26,160
07/28/2000,EGE,CO,ANM,WE,Federal Contract Tower,0,28,33,0,61,0,7,58,16,81,0,35,91,16,142,28,2,30,172
07/29/2000,EGE,CO,ANM,WE,Federal Contract Tower,0,23,27,0,50,0,0,76,0,76,0,23,103,0,126,32,0,32,158
07/30/2000,EGE,CO,ANM,WE,Federal Contract Tower,0,42,56,0,98,2,0,59,0,61,2,42,115,0,159,16,0,16,175
07/31/2000,EGE,CO,ANM,WE,Federal Contract Tower,0,23,27,0,50,0,3,47,2,52,0,26,74,2,102,50,12,62,164
08/01/2000,EGE,CO,ANM,WE,Federal Contract Tower,0,33,34,0,67,0,2,35,8,45,0,35,69,8,112,26,16,42,154
08/02/2000,EGE,CO,ANM,WE,Federal Contract Tower,0,29,31,0,60,0,9,33,9,51,0,38,64,9,111,40,4,44,155
08/03/2000,EGE,CO,ANM,WE,Federal Contract Tower,0,28,34,0,62,0,0,62,8,70,0,28,96,8,132,36,0,36,168
08/04/2000,EGE,CO,ANM,WE,Federal Contract Tower,0,28,42,0,70,0,0,38,14,52,0,28,80,14,122,14,2,16,138
08/05/2000,EGE,CO,ANM,WE,Federal Contract Tower,0,30,33,0,63,0,0,42,1,43,0,30,75,1,106,20,0,20,126
08/06/2000,EGE,CO,ANM,WE,Federal Contract Tower,0,41,44,0,85,0,4,29,3,36,0,45,73,3,121,8,0,8,129
08/07/2000,EGE,CO,ANM,WE,Federal Contract Tower,0,36,37,0,73,0,0,38,0,38,0,36,75,0,111,34,0,34,145
08/08/2000,EGE,CO,ANM,WE,Federal Contract Tower,0,33,35,1,69,0,7,47,6,60,0,40,82,7,129,0,4,4,133
08/09/2000,EGE,CO,ANM,WE,Federal Contract Tower,0,37,39,1,77,0,0,46,7,53,0,37,85,8,130,38,0,38,168
08/10/2000,EGE,CO,ANM,WE,Federal Contract Tower,0,40,43,1,84,0,3,42,8,53,0,43,85,9,137,22,14,36,173
08/11/2000,EGE,CO,ANM,WE,Federal Contract Tower,0,45,48,0,93,0,1,53,0,54,0,46,101,0,147,24,0,24,171
08/12/2000,EGE,CO,ANM,WE,Federal Contract Tower,0,31,33,1,65,0,12,32,2,46,0,43,65,3,111,14,0,14,125
08/13/2000,EGE,CO,ANM,WE,Federal Contract Tower,0,49,60,1,110,0,0,73,0,73,0,49,133,1,183,36,0,36,219
08/14/2000,EGE,CO,ANM,WE,Federal Contract Tower,0,30,38,1,69,0,0,47,1,48,0,30,85,2,117,6,0,6,123
08/15/2000,EGE,CO,ANM,WE,Federal Contract Tower,0,21,24,0,45,0,5,41,0,46,0,26,65,0,91,4,0,4,95
08/16/2000,EGE,CO,ANM,WE,Federal Contract Tower,0,32,35,0,67,0,6,40,13,59,0,38,75,13,126,20,4,24,150
08/17/2000,EGE,CO,ANM,WE,Federal Contract Tower,0,32,35,0,67,0,5,24,5,34,0,37,59,5,101,12,2,14,115
08/18/2000,EGE,CO,ANM,WE,Federal Contract Tower,0,43,47,0,90,0,2,24,2,28,0,45,71,2,118,2,0,2,120
08/19/2000,EGE,CO,ANM,WE,Federal Contract Tower,0,26,30,0,56,0,1,29,0,30,0,27,59,0,86,26,0,26,112
08/20/2000,EGE,CO,ANM,WE,Federal Contract Tower,0,37,40,0,77,0,2,28,4,34,0,39,68,4,111,32,0,32,143
08/21/2000,EGE,CO,ANM,WE,Federal Contract Tower,0,25,29,0,54,0,8,24,1,33,0,33,53,1,87,2,0,2,89
08/22/2000,EGE,CO,ANM,WE,Federal Contract Tower,0,27,30,0,57,0,16,11,12,39,0,43,41,12,96,36,4,40,136
08/23/2000,EGE,CO,ANM,WE,Federal Contract Tower,0,24,34,0,58,0,0,31,18,49,0,24,65,18,107,20,0,20,127
08/24/2000,EGE,CO,ANM,WE,Federal Contract Tower,0,26,30,0,56,0,1,47,16,64,0,27,77,16,120,26,8,34,154
08/25/2000,EGE,CO,ANM,WE,Federal Contract Tower,0,24,27,0,51,0,1,27,9,37,0,25,54,9,88,0,18,18,106
08/26/2000,EGE,CO,ANM,WE,Federal Contract Tower,0,18,21,0,39,0,3,34,3,40,0,21,55,3,79,36,0,36,115
08/27/2000,EGE,CO,ANM,WE,Federal Contract Tower,0,27,35,0,62,0,0,43,5,48,0,27,78,5,110,24,0,24,134
08/28/2000,EGE,CO,ANM,WE,Federal Contract Tower,0,19,22,0,41,0,0,24,2,26,0,19,46,2,67,6,0,6,73
08/29/2000,EGE,CO,ANM,WE,Federal Contract Tower,0,21,23,0,44,0,5,19,11,35,0,26,42,11,79,22,18,40,119
08/30/2000,EGE,CO,ANM,WE,Federal Contract Tower,0,26,29,0,55,0,3,29,12,44,0,29,58,12,99,22,0,22,121
08/31/2000,EGE,CO,ANM,WE,Federal Contract Tower,0,22,25,0,47,0,0,50,12,62,0,22,75,12,109,26,0,26,135
09/01/2000,EGE,CO,ANM,WE,Federal Contract Tower,0,30,40,0,70,0,0,56,5,61,0,30,96,5,131,8,0,8,139
09/02/2000,EGE,CO,ANM,WE,Federal Contract Tower,0,17,18,0,35,0,7,22,1,30,0,24,40,1,65,26,0,26,91
09/03/2000,EGE,CO,ANM,WE,Federal Contract Tower,0,19,20,0,39,0,5,16,2,23,0,24,36,2,62,2,0,2,64
09/04/2000,EGE,CO,ANM,WE,Federal Contract Tower,0,36,48,0,84,0,0,50,2,52,0,36,98,2,136,0,0,0,136
09/05/2000,EGE,CO,ANM,WE,Federal Contract Tower,0,17,21,0,38,0,0,41,1,42,0,17,62,1,80,4,0,4,84
09/06/2000,EGE,CO,ANM,WE,Federal Contract Tower,0,24,27,0,51,0,11,22,0,33,0,35,49,0,84,6,0,6,90
09/07/2000,EGE,CO,ANM,WE,Federal Contract Tower,0,18,20,0,38,0,4,24,0,28,0,22,44,0,66,28,0,28,94
09/08/2000,EGE,CO,ANM,WE,Federal Contract Tower,1,17,21,0,39,1,0,28,2,31,2,17,49,2,70,58,0,58,128
09/09/2000,EGE,CO,ANM,WE,Federal Contract Tower,0,20,22,0,42,0,4,21,13,38,0,24,43,13,80,14,6,20,100
09/10/2000,EGE,CO,ANM,WE,Federal Contract Tower,0,29,36,0,65,0,0,40,1,41,0,29,76,1,106,6,0,6,112
09/11/2000,EGE,CO,ANM,WE,Federal Contract Tower,0,24,27,0,51,2,0,33,2,37,2,24,60,2,88,22,0,22,110
09/12/2000,EGE,CO,ANM,WE,Federal Contract Tower,0,16,17,1,34,0,7,37,1,45,0,23,54,2,79,46,0,46,125
09/13/2000,EGE,CO,ANM,WE,Federal Contract Tower,0,25,27,1,53,0,3,32,4,39,0,28,59,5,92,70,2,72,164
09/14/2000,EGE,CO,ANM,WE,Federal Contract Tower,0,32,35,1,68,0,0,37,7,44,0,32,72,8,112,22,0,22,134
09/15/2000,EGE,CO,ANM,WE,Federal Contract Tower,0,33,36,0,69,1,3,59,0,63,1,36,95,0,132,52,0,52,184
09/16/2000,EGE,CO,ANM,WE,Federal Contract Tower,0,20,29,0,49,1,0,52,2,55,1,20,81,2,104,28,0,28,132
09/17/2000,EGE,CO,ANM,WE,Federal Contract Tower,0,29,39,0,68,1,0,44,0,45,1,29,83,0,113,0,0,0,113
09/18/2000,EGE,CO,ANM,WE,Federal Contract Tower,0,17,20,0,37,0,4,20,0,24,0,21,40,0,61,50,0,50,111
09/19/2000,EGE,CO,ANM,WE,Federal Contract Tower,0,19,22,0,41,0,7,23,10,40,0,26,45,10,81,22,0,22,103
09/20/2000,EGE,CO,ANM,WE,Federal Contract Tower,0,23,25,0,48,2,2,41,8,53,2,25,66,8,101,4,0,4,105
09/21/2000,EGE,CO,ANM,WE,Federal Contract Tower,0,21,26,0,47,0,0,26,17,43,0,21,52,17,90,1,6,7,97
09/22/2000,EGE,CO,ANM,WE,Federal Contract Tower,0,15,18,0,33,0,6,10,4,20,0,21,28,4,53,0,0,0,53
09/23/2000,EGE,CO,ANM,WE,Federal Contract Tower,0,12,15,0,27,0,3,2,0,5,0,15,17,0,32,4,0,4,36
09/24/2000,EGE,CO,ANM,WE,Federal Contract Tower,0,14,29,0,43,2,0,15,0,17,2,14,44,0,60,0,0,0,60
09/25/2000,EGE,CO,ANM,WE,Federal Contract Tower,0,16,18,0,34,0,2,32,2,36,0,18,50,2,70,12,0,12,82
09/26/2000,EGE,CO,ANM,WE,Federal Contract Tower,0,12,14,0,26,0,2,36,8,46,0,14,50,8,72,78,0,78,150
09/27/2000,EGE,CO,ANM,WE,Federal Contract Tower,0,17,20,0,37,0,5,36,17,58,0,22,56,17,95,54,12,66,161
09/28/2000,EGE,CO,ANM,WE,Federal Contract Tower,0,24,28,0,52,0,5,48,21,74,0,29,76,21,126,46,4,50,176
09/29/2000,EGE,CO,ANM,WE,Federal Contract Tower,0,19,21,0,40,0,3,23,8,34,0,22,44,8,74,50,2,52,126
09/30/2000,EGE,CO,ANM,WE,Federal Contract Tower,0,13,15,0,28,0,5,19,0,24,0,18,34,0,52,0,0,0,52
10/01/2000,EGE,CO,ANM,WE,Federal Contract Tower,0,21,14,0,35,0,0,16,1,17,0,21,30,1,52,20,0,20,72
10/02/2000,EGE,CO,ANM,WE,Federal Contract Tower,0,18,11,0,29,0,0,33,0,33,0,18,44,0,62,26,0,26,88
10/03/2000,EGE,CO,ANM,WE,Federal Contract Tower,0,15,10,0,25,0,2,19,7,28,0,17,29,7,53,8,2,10,63
10/04/2000,EGE,CO,ANM,WE,Federal Contract Tower,0,18,11,0,29,0,1,23,6,30,0,19,34,6,59,2,0,2,61
10/05/2000,EGE,CO,ANM,WE,Federal Contract Tower,0,14,9,0,23,0,0,32,5,37,0,14,41,5,60,14,2,16,76
10/06/2000,EGE,CO,ANM,WE,Federal Contract Tower,0,18,11,0,29,0,1,29,0,30,0,19,40,0,59,14,0,14,73
10/07/2000,EGE,CO,ANM,WE,Federal Contract Tower,0,17,10,0,27,0,8,32,2,42,0,25,42,2,69,26,0,26,95
10/08/2000,EGE,CO,ANM,WE,Federal Contract Tower,0,19,12,0,31,0,0,40,1,41,0,19,52,1,72,0,0,0,72
10/09/2000,EGE,CO,ANM,WE,Federal Contract Tower,0,12,7,0,19,0,3,14,0,17,0,15,21,0,36,2,0,2,38
10/10/2000,EGE,CO,ANM,WE,Federal Contract Tower,0,14,9,0,23,0,3,16,6,25,0,17,25,6,48,46,2,48,96
10/11/2000,EGE,CO,ANM,WE,Federal Contract Tower,0,11,7,0,18,0,5,5,7,17,0,16,12,7,35,0,0,0,35
10/12/2000,EGE,CO,ANM,WE,Federal Contract Tower,0,13,8,0,21,0,5,15,3,23,0,18,23,3,44,34,4,38,82
10/13/2000,EGE,CO,ANM,WE,Federal Contract Tower,0,13,8,0,21,0,2,24,4,30,0,15,32,4,51,2,2,4,55
10/14/2000,EGE,CO,ANM,WE,Federal Contract Tower,0,10,6,0,16,0,3,5,0,8,0,13,11,0,24,2,0,2,26
10/15/2000,EGE,CO,ANM,WE,Federal Contract Tower,0,12,7,1,20,0,2,23,3,28,0,14,30,4,48,2,0,2,50
10/16/2000,EGE,CO,ANM,WE,Federal Contract Tower,0,14,8,1,23,0,2,15,1,18,0,16,23,2,41,6,0,6,47
10/17/2000,EGE,CO,ANM,WE,Federal Contract Tower,0,8,5,0,13,0,6,32,0,38,0,14,37,0,51,14,0,14,65
10/18/2000,EGE,CO,ANM,WE,Federal Contract Tower,0,13,6,0,19,0,2,48,4,54,0,15,54,4,73,34,0,34,107
10/19/2000,EGE,CO,ANM,WE,Federal Contract Tower,0,10,8,0,18,0,0,39,2,41,0,10,47,2,59,2,0,2,61
10/20/2000,EGE,CO,ANM,WE,Federal Contract Tower,0,18,10,0,28,0,0,46,3,49,0,18,56,3,77,22,4,26,103
10/21/2000,EGE,CO,ANM,WE,Federal Contract Tower,0,13,6,0,19,0,0,29,3,32,0,13,35,3,51,12,24,36,87
10/22/2000,EGE,CO,ANM,WE,Federal Contract Tower,0,12,6,0,18,0,0,12,0,12,0,12,18,0,30,18,0,18,48
10/23/2000,EGE,CO,ANM,WE,Federal Contract Tower,0,12,6,0,18,0,0,17,0,17,0,12,23,0,35,20,0,20,55
10/24/2000,EGE,CO,ANM,WE,Federal Contract Tower,0,11,9,0,20,0,0,83,4,87,0,11,92,4,107,40,0,40,147
10/25/2000,EGE,CO,ANM,WE,Federal Contract Tower,0,12,6,0,18,0,0,48,0,48,0,12,54,0,66,0,0,0,66
10/26/2000,EGE,CO,ANM,WE,Federal Contract Tower,0,14,7,0,21,0,1,38,0,39,0,15,45,0,60,12,0,12,72
10/27/2000,EGE,CO,ANM,WE,Federal Contract Tower,0,16,9,0,25,0,0,36,2,38,0,16,45,2,63,18,2,20,83
10/28/2000,EGE,CO,ANM,WE,Federal Contract Tower,0,8,6,0,14,0,0,6,0,6,0,8,12,0,20,18,0,18,38
10/29/2000,EGE,CO,ANM,WE,Federal Contract Tower,0,14,7,0,21,0,5,11,0,16,0,19,18,0,37,2,0,2,39
10/30/2000,EGE,CO,ANM,WE,Federal Contract Tower,0,14,8,0,22,0,0,16,2,18,0,14,24,2,40,0,0,0,40
10/31/2000,EGE,CO,ANM,WE,Federal Contract Tower,0,10,9,0,19,0,0,7,0,7,0,10,16,0,26,0,0,0,26
11/01/2000,EGE,CO,ANM,WE,Federal Contract Tower,0,9,15,0,24,0,0,7,0,7,0,9,22,0,31,78,0,78,109
11/02/2000,EGE,CO,ANM,WE,Federal Contract Tower,0,9,12,0,21,0,6,14,2,22,0,15,26,2,43,6,0,6,49
11/03/2000,EGE,CO,ANM,WE,Federal Contract Tower,0,6,9,0,15,0,9,31,2,42,0,15,40,2,57,24,0,24,81
11/04/2000,EGE,CO,ANM,WE,Federal Contract Tower,0,6,8,0,14,0,5,18,0,23,0,11,26,0,37,18,0,18,55
11/05/2000,EGE,CO,ANM,WE,Federal Contract Tower,0,8,11,0,19,0,1,2,0,3,0,9,13,0,22,0,0,0,22
11/06/2000,EGE,CO,ANM,WE,Federal Contract Tower,0,12,10,0,22,0,8,0,2,10,0,20,10,2,32,0,0,0,32
11/07/2000,EGE,CO,ANM,WE,Federal Contract Tower,0,8,8,0,16,0,3,22,2,27,0,11,30,2,43,46,8,54,97
11/08/2000,EGE,CO,ANM,WE,Federal Contract Tower,0,10,12,0,22,0,0,21,2,23,0,10,33,2,45,6,0,6,51
11/09/2000,EGE,CO,ANM,WE,Federal Contract Tower,0,9,12,0,21,0,0,7,0,7,0,9,19,0,28,36,0,36,64
11/10/2000,EGE,CO,ANM,WE,Federal Contract Tower,0,8,8,0,16,0,3,18,2,23,0,11,26,2,39,8,0,8,47
11/11/2000,EGE,CO,ANM,WE,Federal Contract Tower,0,5,11,0,16,0,0,7,0,7,0,5,18,0,23,0,0,0,23
11/12/2000,EGE,CO,ANM,WE,Federal Contract Tower,0,8,10,0,18,0,1,9,0,10,0,9,19,0,28,14,0,14,42
11/13/2000,EGE,CO,ANM,WE,Federal Contract Tower,0,8,10,0,18,0,3,15,2,20,0,11,25,2,38,6,2,8,46
11/14/2000,EGE,CO,ANM,WE,Federal Contract Tower,0,15,17,0,32,0,0,16,9,25,0,15,33,9,57,38,4,42,99
11/15/2000,EGE,CO,ANM,WE,Federal Contract Tower,0,13,14,1,28,0,6,6,5,17,0,19,20,6,45,12,0,12,57
11/16/2000,EGE,CO,ANM,WE,Federal Contract Tower,0,13,15,1,29,0,2,1,7,10,0,15,16,8,39,2,0,2,41
11/17/2000,EGE,CO,ANM,WE,Federal Contract Tower,0,14,21,1,36,0,0,31,7,38,0,14,52,8,74,6,2,8,82
11/18/2000,EGE,CO,ANM,WE,Federal Contract Tower,0,10,17,1,28,0,0,24,9,33,0,10,41,10,61,4,15,19,80
11/19/2000,EGE,CO,ANM,WE,Federal Contract Tower,0,17,21,0,38,0,3,17,14,34,0,20,38,14,72,16,0,16,88
11/20/2000,EGE,CO,ANM,WE,Federal Contract Tower,0,11,13,0,24,0,0,38,0,38,0,11,51,0,62,7,0,7,69
11/21/2000,EGE,CO,ANM,WE,Federal Contract Tower,0,24,29,0,53,0,1,40,5,46,0,25,69,5,99,8,4,12,111
11/22/2000,EGE,CO,ANM,WE,Federal Contract Tower,1,32,44,0,77,1,0,47,0,48,2,32,91,0,125,18,0,18,143
11/23/2000,EGE,CO,ANM,WE,Federal Contract Tower,0,10,12,0,22,2,3,6,0,11,2,13,18,0,33,2,0,2,35
11/24/2000,EGE,CO,ANM,WE,Federal Contract Tower,0,18,22,0,40,2,5,16,0,23,2,23,38,0,63,26,0,26,89
11/25/2000,EGE,CO,ANM,WE,Federal Contract Tower,0,15,17,0,32,2,1,16,0,19,2,16,33,0,51,0,0,0,51
11/26/2000,EGE,CO,ANM,WE,Federal Contract Tower,2,35,64,0,101,0,0,47,0,47,2,35,111,0,148,46,0,46,194
11/27/2000,EGE,CO,ANM,WE,Federal Contract Tower,1,25,31,0,57,1,4,2,0,7,2,29,33,0,64,26,0,26,90
11/28/2000,EGE,CO,ANM,WE,Federal Contract Tower,0,17,20,0,37,2,1,8,1,12,2,18,28,1,49,64,0,64,113
11/29/2000,EGE,CO,ANM,WE,Federal Contract Tower,0,14,16,0,30,2,4,36,12,54,2,18,52,12,84,21,28,49,133
11/30/2000,EGE,CO,ANM,WE,Federal Contract Tower,0,18,22,0,40,2,2,15,8,27,2,20,37,8,67,0,2,2,69
12/01/2000,EGE,CO,ANM,WE,Federal Contract Tower,2,8,14,0,24,0,6,46,16,68,2,14,60,16,92,48,14,62,154
12/02/2000,EGE,CO,ANM,WE,Federal Contract Tower,2,8,11,0,21,0,14,42,0,56,2,22,53,0,77,54,2,56,133
12/03/2000,EGE,CO,ANM,WE,Federal Contract Tower,2,23,43,0,68,0,0,26,5,31,2,23,69,5,99,20,0,20,119
12/04/2000,EGE,CO,ANM,WE,Federal Contract Tower,2,8,12,0,22,0,13,15,0,28,2,21,27,0,50,56,0,56,106
12/05/2000,EGE,CO,ANM,WE,Federal Contract Tower,2,10,16,0,28,0,4,27,28,59,2,14,43,28,87,0,22,22,109
12/06/2000,EGE,CO,ANM,WE,Federal Contract Tower,2,7,11,0,20,0,6,16,38,60,2,13,27,38,80,36,6,42,122
12/07/2000,EGE,CO,ANM,WE,Federal Contract Tower,2,11,17,0,30,0,6,33,31,70,2,17,50,31,100,16,4,20,120
12/08/2000,EGE,CO,ANM,WE,Federal Contract Tower,2,12,19,0,33,0,9,9,16,34,2,21,28,16,67,42,0,42,109
12/09/2000,EGE,CO,ANM,WE,Federal Contract Tower,2,11,16,1,30,0,4,8,2,14,2,15,24,3,44,26,0,26,70
12/10/2000,EGE,CO,ANM,WE,Federal Contract Tower,2,10,16,0,28,0,3,4,0,7,2,13,20,0,35,0,0,0,35
12/11/2000,EGE,CO,ANM,WE,Federal Contract Tower,2,7,11,0,20,0,5,9,0,14,2,12,20,0,34,0,0,0,34
12/12/2000,EGE,CO,ANM,WE,Federal Contract Tower,2,9,14,1,26,0,5,3,20,28,2,14,17,21,54,1,20,21,75
12/13/2000,EGE,CO,ANM,WE,Federal Contract Tower,0,9,14,1,24,0,5,13,20,38,0,14,27,21,62,62,10,72,134
12/14/2000,EGE,CO,ANM,WE,Federal Contract Tower,4,11,17,1,33,0,3,7,28,38,4,14,24,29,71,18,16,34,105
12/15/2000,EGE,CO,ANM,WE,Federal Contract Tower,13,15,29,0,57,4,0,4,0,8,17,15,33,0,65,10,0,10,75
12/16/2000,EGE,CO,ANM,WE,Federal Contract Tower,20,25,44,0,89,19,0,7,2,28,39,25,51,2,117,14,0,14,131
12/17/2000,EGE,CO,ANM,WE,Federal Contract Tower,16,12,36,0,64,10,0,2,0,12,26,12,38,0,76,0,0,0,76
12/18/2000,EGE,CO,ANM,WE,Federal Contract Tower,14,20,33,0,67,9,8,1,0,18,23,28,34,0,85,4,0,4,89
12/19/2000,EGE,CO,ANM,WE,Federal Contract Tower,19,25,42,0,86,1,10,22,5,38,20,35,64,5,124,8,0,8,132
12/20/2000,EGE,CO,ANM,WE,Federal Contract Tower,20,25,56,0,101,0,0,15,0,15,20,25,71,0,116,55,0,55,171
12/21/2000,EGE,CO,ANM,WE,Federal Contract Tower,27,35,70,0,132,0,0,28,2,30,27,35,98,2,162,18,0,18,180
12/22/2000,EGE,CO,ANM,WE,Federal Contract Tower,24,33,55,0,112,0,0,18,0,18,24,33,73,0,130,0,0,0,130
12/23/2000,EGE,CO,ANM,WE,Federal Contract Tower,35,29,77,0,141,8,0,23,0,31,43,29,100,0,172,2,0,2,174
12/24/2000,EGE,CO,ANM,WE,Federal Contract Tower,14,20,28,0,62,18,0,0,0,18,32,20,28,0,80,2,0,2,82
12/25/2000,EGE,CO,ANM,WE,Federal Contract Tower,16,22,26,0,64,10,4,0,0,14,26,26,26,0,78,0,0,0,78
12/26/2000,EGE,CO,ANM,WE,Federal Contract Tower,29,38,76,0,143,0,0,70,4,74,29,38,146,4,217,6,0,6,223
12/27/2000,EGE,CO,ANM,WE,Federal Contract Tower,29,35,64,0,128,0,0,39,0,39,29,35,103,0,167,12,0,12,179
12/28/2000,EGE,CO,ANM,WE,Federal Contract Tower,23,31,50,0,104,7,1,29,0,37,30,32,79,0,141,8,0,8,149
12/29/2000,EGE,CO,ANM,WE,Federal Contract Tower,23,21,52,0,96,4,0,19,1,24,27,21,71,1,120,0,0,0,120
12/30/2000,EGE,CO,ANM,WE,Federal Contract Tower,24,26,53,0,103,10,0,4,0,14,34,26,57,0,117,6,0,6,123
12/31/2000,EGE,CO,ANM,WE,Federal Contract Tower,25,32,55,0,112,9,0,8,0,17,34,32,63,0,129,18,0,18,147
01/01/2001,EGE,CO,ANM,WE,Federal Contract Tower,28,37,65,0,130,0,16,38,0,54,28,53,103,0,184,0,0,0,184
01/02/2001,EGE,CO,ANM,WE,Federal Contract Tower,27,30,52,0,109,0,7,42,0,49,27,37,94,0,158,0,0,0,158
01/03/2001,EGE,CO,ANM,WE,Federal Contract Tower,33,43,76,0,152,0,17,57,6,80,33,60,133,6,232,26,0,26,258
01/04/2001,EGE,CO,ANM,WE,Federal Contract Tower,30,23,38,0,91,0,1,17,3,21,30,24,55,3,112,14,6,20,132
01/05/2001,EGE,CO,ANM,WE,Federal Contract Tower,29,23,38,0,90,0,8,34,0,42,29,31,72,0,132,18,0,18,150
01/06/2001,EGE,CO,ANM,WE,Federal Contract Tower,35,25,42,0,102,5,0,29,0,34,40,25,71,0,136,10,0,10,146
01/07/2001,EGE,CO,ANM,WE,Federal Contract Tower,31,32,56,0,119,0,11,31,5,47,31,43,87,5,166,6,4,10,176
01/08/2001,EGE,CO,ANM,WE,Federal Contract Tower,22,11,25,0,58,7,0,23,2,32,29,11,48,2,90,6,6,12,102
01/09/2001,EGE,CO,ANM,WE,Federal Contract Tower,18,7,23,0,48,10,0,33,35,78,28,7,56,35,126,37,46,83,209
01/10/2001,EGE,CO,ANM,WE,Federal Contract Tower,18,6,21,0,45,9,0,1,38,48,27,6,22,38,93,20,24,44,137
01/11/2001,EGE,CO,ANM,WE,Federal Contract Tower,29,16,42,0,87,0,0,25,45,70,29,16,67,45,157,6,48,54,211
01/12/2001,EGE,CO,ANM,WE,Federal Contract Tower,31,12,39,0,82,0,0,26,24,50,31,12,65,24,132,4,6,10,142
01/13/2001,EGE,CO,ANM,WE,Federal Contract Tower,24,13,18,0,55,16,0,0,9,25,40,13,18,9,80,0,2,2,82
01/14/2001,EGE,CO,ANM,WE,Federal Contract Tower,26,10,31,0,67,6,0,14,28,48,32,10,45,28,115,0,6,6,121
01/15/2001,EGE,CO,ANM,WE,Federal Contract Tower,29,26,48,0,103,0,0,27,32,59,29,26,75,32,162,0,0,0,162
01/16/2001,EGE,CO,ANM,WE,Federal Contract Tower,22,15,26,0,63,5,1,8,34,48,27,16,34,34,111,14,0,14,125
01/17/2001,EGE,CO,ANM,WE,Federal Contract Tower,27,20,34,0,81,0,4,28,25,57,27,24,62,25,138,12,0,12,150
01/18/2001,EGE,CO,ANM,WE,Federal Contract Tower,22,14,25,1,62,8,2,22,4,36,30,16,47,5,98,42,0,42,140
01/19/2001,EGE,CO,ANM,WE,Federal Contract Tower,28,15,34,1,78,4,0,35,1,40,32,15,69,2,118,0,0,0,118
01/20/2001,EGE,CO,ANM,WE,Federal Contract Tower,33,21,37,0,91,7,0,0,0,7,40,21,37,0,98,0,0,0,98
01/21/2001,EGE,CO,ANM,WE,Federal Contract Tower,36,21,48,0,105,0,0,29,1,30,36,21,77,1,135,4,18,22,157
01/22/2001,EGE,CO,ANM,WE,Federal Contract Tower,22,15,28,0,65,8,5,8,0,21,30,20,36,0,86,14,0,14,100
01/23/2001,EGE,CO,ANM,WE,Federal Contract Tower,22,10,27,0,59,8,0,21,6,35,30,10,48,6,94,20,0,20,114
01/24/2001,EGE,CO,ANM,WE,Federal Contract Tower,23,8,29,0,60,6,0,20,8,34,29,8,49,8,94,0,0,0,94
01/25/2001,EGE,CO,ANM,WE,Federal Contract Tower,24,19,34,0,77,0,2,3,9,14,24,21,37,9,91,0,0,0,91
01/26/2001,EGE,CO,ANM,WE,Federal Contract Tower,27,18,34,0,79,1,0,23,13,37,28,18,57,13,116,24,0,24,140
01/27/2001,EGE,CO,ANM,WE,Federal Contract Tower,30,20,30,0,80,11,1,0,0,12,41,21,30,0,92,10,0,10,102
01/28/2001,EGE,CO,ANM,WE,Federal Contract Tower,22,11,25,0,58,8,0,0,0,8,30,11,25,0,66,16,0,16,82
01/29/2001,EGE,CO,ANM,WE,Federal Contract Tower,27,18,34,0,79,0,3,11,0,14,27,21,45,0,93,0,0,0,93
01/30/2001,EGE,CO,ANM,WE,Federal Contract Tower,28,19,35,0,82,0,3,2,2,7,28,22,37,2,89,36,0,36,125
01/31/2001,EGE,CO,ANM,WE,Federal Contract Tower,31,21,38,0,90,0,0,26,4,30,31,21,64,4,120,12,12,24,144
02/01/2001,EGE,CO,ANM,WE,Federal Contract Tower,29,25,45,0,99,0,3,20,9,32,29,28,65,9,131,2,2,4,135
02/02/2001,EGE,CO,ANM,WE,Federal Contract Tower,29,17,39,0,85,0,0,22,13,35,29,17,61,13,120,24,14,38,158
02/03/2001,EGE,CO,ANM,WE,Federal Contract Tower,28,15,28,0,71,16,0,0,8,24,44,15,28,8,95,10,8,18,113
02/04/2001,EGE,CO,ANM,WE,Federal Contract Tower,33,29,52,0,114,0,1,28,16,45,33,30,80,16,159,10,0,10,169
02/05/2001,EGE,CO,ANM,WE,Federal Contract Tower,22,15,27,0,64,8,0,16,4,28,30,15,43,4,92,12,1,13,105
02/06/2001,EGE,CO,ANM,WE,Federal Contract Tower,17,7,21,0,45,8,0,11,16,35,25,7,32,16,80,62,8,70,150
02/07/2001,EGE,CO,ANM,WE,Federal Contract Tower,26,15,32,0,73,3,0,5,22,30,29,15,37,22,103,2,0,2,105
02/08/2001,EGE,CO,ANM,WE,Federal Contract Tower,30,16,41,0,87,0,0,12,13,25,30,16,53,13,112,14,0,14,126
02/09/2001,EGE,CO,ANM,WE,Federal Contract Tower,27,17,34,0,78,2,0,18,20,40,29,17,52,20,118,20,20,40,158
02/10/2001,EGE,CO,ANM,WE,Federal Contract Tower,38,13,46,0,97,12,0,32,10,54,50,13,78,10,151,28,6,34,185
02/11/2001,EGE,CO,ANM,WE,Federal Contract Tower,31,15,38,0,84,5,0,6,4,15,36,15,44,4,99,0,0,0,99
02/12/2001,EGE,CO,ANM,WE,Federal Contract Tower,24,14,30,0,68,7,0,24,13,44,31,14,54,13,112,0,0,0,112
02/13/2001,EGE,CO,ANM,WE,Federal Contract Tower,20,10,24,0,54,7,0,7,17,31,27,10,31,17,85,54,14,68,153
02/14/2001,EGE,CO,ANM,WE,Federal Contract Tower,29,20,35,0,84,2,1,0,24,27,31,21,35,24,111,8,4,12,123
02/15/2001,EGE,CO,ANM,WE,Federal Contract Tower,30,32,57,0,119,0,2,27,42,71,30,34,84,42,190,30,0,30,220
02/16/2001,EGE,CO,ANM,WE,Federal Contract Tower,25,32,64,0,121,0,0,51,9,60,25,32,115,9,181,24,6,30,211
02/17/2001,EGE,CO,ANM,WE,Federal Contract Tower,45,32,57,0,134,0,1,39,3,43,45,33,96,3,177,14,3,17,194
02/18/2001,EGE,CO,ANM,WE,Federal Contract Tower,33,23,42,0,98,5,1,5,2,13,38,24,47,2,111,28,0,28,139
02/19/2001,EGE,CO,ANM,WE,Federal Contract Tower,27,31,58,0,116,0,3,27,0,30,27,34,85,0,146,0,0,0,146
02/20/2001,EGE,CO,ANM,WE,Federal Contract Tower,28,22,41,0,91,0,20,6,17,43,28,42,47,17,134,34,16,50,184
02/21/2001,EGE,CO,ANM,WE,Federal Contract Tower,26,22,41,0,89,0,4,4,10,18,26,26,45,10,107,0,0,0,107
02/22/2001,EGE,CO,ANM,WE,Federal Contract Tower,27,23,44,0,94,0,9,29,9,47,27,32,73,9,141,40,14,54,195
02/23/2001,EGE,CO,ANM,WE,Federal Contract Tower,27,22,45,0,94,0,0,25,10,35,27,22,70,10,129,0,0,0,129
02/24/2001,EGE,CO,ANM,WE,Federal Contract Tower,48,33,59,0,140,0,10,0,0,10,48,43,59,0,150,30,0,30,180
02/25/2001,EGE,CO,ANM,WE,Federal Contract Tower,37,30,56,0,123,0,13,7,2,22,37,43,63,2,145,4,0,4,149
02/26/2001,EGE,CO,ANM,WE,Federal Contract Tower,24,15,32,0,71,6,0,9,0,15,30,15,41,0,86,36,0,36,122
02/27/2001,EGE,CO,ANM,WE,Federal Contract Tower,18,5,23,0,46,12,0,0,12,24,30,5,23,12,70,0,18,18,88
02/28/2001,EGE,CO,ANM,WE,Federal Contract Tower,22,13,28,0,63,4,0,15,13,32,26,13,43,13,95,48,24,72,167
03/01/2001,EGE,CO,ANM,WE,Federal Contract Tower,31,23,47,0,101,0,7,9,15,31,31,30,56,15,132,22,0,22,154
03/02/2001,EGE,CO,ANM,WE,Federal Contract Tower,31,22,51,0,104,0,0,32,18,50,31,22,83,18,154,4,2,6,160
03/03/2001,EGE,CO,ANM,WE,Federal Contract Tower,36,28,54,0,118,9,5,9,0,23,45,33,63,0,141,28,0,28,169
03/04/2001,EGE,CO,ANM,WE,Federal Contract Tower,32,29,57,0,118,0,0,39,4,43,32,29,96,4,161,20,0,20,181
03/05/2001,EGE,CO,ANM,WE,Federal Contract Tower,21,17,33,0,71,6,2,4,4,16,27,19,37,4,87,38,0,38,125
03/06/2001,EGE,CO,ANM,WE,Federal Contract Tower,21,9,32,0,62,9,0,13,16,38,30,9,45,16,100,10,8,18,118
03/07/2001,EGE,CO,ANM,WE,Federal Contract Tower,19,10,27,0,56,10,0,10,21,41,29,10,37,21,97,6,0,6,103
03/08/2001,EGE,CO,ANM,WE,Federal Contract Tower,30,19,47,0,96,3,0,37,21,61,33,19,84,21,157,14,2,16,173
03/09/2001,EGE,CO,ANM,WE,Federal Contract Tower,27,27,53,0,107,0,7,24,10,41,27,34,77,10,148,0,0,0,148
03/10/2001,EGE,CO,ANM,WE,Federal Contract Tower,34,16,50,0,100,11,0,0,0,11,45,16,50,0,111,0,30,30,141
03/11/2001,EGE,CO,ANM,WE,Federal Contract Tower,35,15,52,0,102,0,0,12,0,12,35,15,64,0,114,0,0,0,114
03/12/2001,EGE,CO,ANM,WE,Federal Contract Tower,26,20,36,0,82,3,4,0,3,10,29,24,36,3,92,0,0,0,92
03/13/2001,EGE,CO,ANM,WE,Federal Contract Tower,24,19,36,0,79,4,1,21,8,34,28,20,57,8,113,16,4,20,133
03/14/2001,EGE,CO,ANM,WE,Federal Contract Tower,25,22,46,1,94,0,3,13,16,32,25,25,59,17,126,16,0,16,142
03/15/2001,EGE,CO,ANM,WE,Federal Contract Tower,28,28,58,1,115,0,16,5,18,39,28,44,63,19,154,0,2,2,156
03/16/2001,EGE,CO,ANM,WE,Federal Contract Tower,24,20,51,1,96,0,0,27,23,50,24,20,78,24,146,12,6,18,164
03/17/2001,EGE,CO,ANM,WE,Federal Contract Tower,35,31,63,1,130,0,6,20,7,33,35,37,83,8,163,20,0,20,183
03/18/2001,EGE,CO,ANM,WE,Federal Contract Tower,29,26,64,0,119,0,0,27,0,27,29,26,91,0,146,52,0,52,198
03/19/2001,EGE,CO,ANM,WE,Federal Contract Tower,22,14,34,0,70,5,0,28,2,35,27,14,62,2,105,0,0,0,105
03/20/2001,EGE,CO,ANM,WE,Federal Contract Tower,23,17,36,0,76,3,7,21,14,45,26,24,57,14,121,58,6,64,185
03/21/2001,EGE,CO,ANM,WE,Federal Contract Tower,25,20,42,0,87,0,1,13,15,29,25,21,55,15,116,0,6,6,122
03/22/2001,EGE,CO,ANM,WE,Federal Contract Tower,29,25,52,0,106,0,18,2,10,30,29,43,54,10,136,56,2,58,194
03/23/2001,EGE,CO,ANM,WE,Federal Contract Tower,31,23,63,0,117,0,0,42,7,49,31,23,105,7,166,32,0,32,198
03/24/2001,EGE,CO,ANM,WE,Federal Contract Tower,48,26,75,0,149,1,0,10,0,11,49,26,85,0,160,0,0,0,160
03/25/2001,EGE,CO,ANM,WE,Federal Contract Tower,31,29,61,0,121,0,2,31,0,33,31,31,92,0,154,2,0,2,156
03/26/2001,EGE,CO,ANM,WE,Federal Contract Tower,28,18,44,0,90,1,0,5,2,8,29,18,49,2,98,30,0,30,128
03/27/2001,EGE,CO,ANM,WE,Federal Contract Tower,24,14,37,0,75,6,0,20,17,43,30,14,57,17,118,22,6,28,146
03/28/2001,EGE,CO,ANM,WE,Federal Contract Tower,26,18,38,0,82,8,3,0,19,30,34,21,38,19,112,30,2,32,144
03/29/2001,EGE,CO,ANM,WE,Federal Contract Tower,31,25,52,0,108,0,1,7,7,15,31,26,59,7,123,2,2,4,127
03/30/2001,EGE,CO,ANM,WE,Federal Contract Tower,27,18,44,0,89,0,0,21,14,35,27,18,65,14,124,4,0,4,128
03/31/2001,EGE,CO,ANM,WE,Federal Contract Tower,37,27,50,0,114,11,3,0,0,14,48,30,50,0,128,0,0,0,128
04/01/2001,EGE,CO,ANM,WE,Federal Contract Tower,19,32,58,2,111,0,0,22,0,22,19,32,80,2,133,2,0,2,135
04/02/2001,EGE,CO,ANM,WE,Federal Contract Tower,6,14,18,0,38,0,0,11,14,25,6,14,29,14,63,32,0,32,95
04/03/2001,EGE,CO,ANM,WE,Federal Contract Tower,6,4,14,0,24,0,3,25,13,41,6,7,39,13,65,22,0,22,87
04/04/2001,EGE,CO,ANM,WE,Federal Contract Tower,6,18,14,0,38,0,0,12,16,28,6,18,26,16,66,66,2,68,134
04/05/2001,EGE,CO,ANM,WE,Federal Contract Tower,6,8,20,0,34,0,0,8,6,14,6,8,28,6,48,26,24,50,98
04/06/2001,EGE,CO,ANM,WE,Federal Contract Tower,4,18,21,0,43,0,1,3,0,4,4,19,24,0,47,66,0,66,113
04/07/2001,EGE,CO,ANM,WE,Federal Contract Tower,8,25,14,0,47,0,3,15,0,18,8,28,29,0,65,42,0,42,107
04/08/2001,EGE,CO,ANM,WE,Federal Contract Tower,8,3,50,0,61,0,0,0,0,0,8,3,50,0,61,22,0,22,83
04/09/2001,EGE,CO,ANM,WE,Federal Contract Tower,6,9,19,2,36,0,0,27,0,27,6,9,46,2,63,14,0,14,77
04/10/2001,EGE,CO,ANM,WE,Federal Contract Tower,5,4,15,0,24,0,0,21,4,25,5,4,36,4,49,72,4,76,125
04/11/2001,EGE,CO,ANM,WE,Federal Contract Tower,2,8,19,0,29,0,1,0,3,4,2,9,19,3,33,0,0,0,33
04/12/2001,EGE,CO,ANM,WE,Federal Contract Tower,4,9,33,0,46,0,0,8,2,10,4,9,41,2,56,28,10,38,94
04/13/2001,EGE,CO,ANM,WE,Federal Contract Tower,6,13,16,2,37,0,0,19,2,21,6,13,35,4,58,52,2,54,112
04/14/2001,EGE,CO,ANM,WE,Federal Contract Tower,6,15,16,0,37,0,0,3,0,3,6,15,19,0,40,14,0,14,54
04/15/2001,EGE,CO,ANM,WE,Federal Contract Tower,4,18,7,1,30,0,0,18,0,18,4,18,25,1,48,14,0,14,62
04/16/2001,EGE,CO,ANM,WE,Federal Contract Tower,3,14,12,0,29,1,0,20,0,21,4,14,32,0,50,0,0,0,50
04/17/2001,EGE,CO,ANM,WE,Federal Contract Tower,4,11,6,0,21,0,0,34,3,37,4,11,40,3,58,112,4,116,174
04/18/2001,EGE,CO,ANM,WE,Federal Contract Tower,2,5,14,0,21,0,0,41,4,45,2,5,55,4,66,22,0,22,88
04/19/2001,EGE,CO,ANM,WE,Federal Contract Tower,2,6,10,0,18,0,0,28,8,36,2,6,38,8,54,62,40,102,156
04/20/2001,EGE,CO,ANM,WE,Federal Contract Tower,2,4,11,0,17,0,0,7,0,7,2,4,18,0,24,20,0,20,44
04/21/2001,EGE,CO,ANM,WE,Federal Contract Tower,4,10,10,0,24,0,0,11,0,11,4,10,21,0,35,26,0,26,61
04/22/2001,EGE,CO,ANM,WE,Federal Contract Tower,2,6,12,0,20,0,0,0,0,0,2,6,12,0,20,0,0,0,20
04/23/2001,EGE,CO,ANM,WE,Federal Contract Tower,4,2,11,0,17,0,0,13,0,13,4,2,24,0,30,32,0,32,62
04/24/2001,EGE,CO,ANM,WE,Federal Contract Tower,4,3,7,0,14,0,1,21,7,29,4,4,28,7,43,10,0,10,53
04/25/2001,EGE,CO,ANM,WE,Federal Contract Tower,4,4,8,0,16,0,2,40,14,56,4,6,48,14,72,34,14,48,120
04/26/2001,EGE,CO,ANM,WE,Federal Contract Tower,4,4,5,0,13,0,0,42,15,57,4,4,47,15,70,16,0,16,86
04/27/2001,EGE,CO,ANM,WE,Federal Contract Tower,4,4,14,2,24,0,0,36,4,40,4,4,50,6,64,40,0,40,104
04/28/2001,EGE,CO,ANM,WE,Federal Contract Tower,4,1,6,0,11,0,0,10,0,10,4,1,16,0,21,0,0,0,21
04/29/2001,EGE,CO,ANM,WE,Federal Contract Tower,4,6,11,0,21,0,0,14,0,14,4,6,25,0,35,16,0,16,51
04/30/2001,EGE,CO,ANM,WE,Federal Contract Tower,4,3,3,0,10,0,1,19,0,20,4,4,22,0,30,6,0,6,36
05/01/2001,EGE,CO,ANM,WE,Federal Contract Tower,2,5,8,0,15,0,0,28,24,52,2,5,36,24,67,28,4,32,99
05/02/2001,EGE,CO,ANM,WE,Federal Contract Tower,4,6,17,0,27,0,0,15,30,45,4,6,32,30,72,44,2,46,118
05/03/2001,EGE,CO,ANM,WE,Federal Contract Tower,0,2,3,0,5,0,0,0,0,0,0,2,3,0,5,0,0,0,5
05/04/2001,EGE,CO,ANM,WE,Federal Contract Tower,4,4,11,0,19,0,0,13,38,51,4,4,24,38,70,30,12,42,112
05/05/2001,EGE,CO,ANM,WE,Federal Contract Tower,0,1,5,0,6,0,0,2,0,2,0,1,7,0,8,34,0,34,42
05/06/2001,EGE,CO,ANM,WE,Federal Contract Tower,4,6,3,0,13,0,0,24,0,24,4,6,27,0,37,46,0,46,83
05/07/2001,EGE,CO,ANM,WE,Federal Contract Tower,3,5,3,0,11,1,2,25,2,30,4,7,28,2,41,28,0,28,69
05/08/2001,EGE,CO,ANM,WE,Federal Contract Tower,4,10,4,0,18,0,0,30,25,55,4,10,34,25,73,33,4,37,110
05/09/2001,EGE,CO,ANM,WE,Federal Contract Tower,4,4,5,0,13,0,0,25,22,47,4,4,30,22,60,24,0,24,84
05/10/2001,EGE,CO,ANM,WE,Federal Contract Tower,4,5,12,0,21,0,0,35,28,63,4,5,47,28,84,52,6,58,142
05/11/2001,EGE,CO,ANM,WE,Federal Contract Tower,4,9,7,0,20,0,0,21,20,41,4,9,28,20,61,20,4,24,85
05/12/2001,EGE,CO,ANM,WE,Federal Contract Tower,4,2,3,0,9,0,1,28,0,29,4,3,31,0,38,54,0,54,92
05/13/2001,EGE,CO,ANM,WE,Federal Contract Tower,4,4,3,0,11,0,0,24,0,24,4,4,27,0,35,86,0,86,121
05/14/2001,EGE,CO,ANM,WE,Federal Contract Tower,4,4,8,0,16,0,0,11,0,11,4,4,19,0,27,42,0,42,69
05/15/2001,EGE,CO,ANM,WE,Federal Contract Tower,2,8,8,0,18,0,0,27,10,37,2,8,35,10,55,44,6,50,105
05/16/2001,EGE,CO,ANM,WE,Federal Contract Tower,4,9,5,0,18,0,0,25,17,42,4,9,30,17,60,56,8,64,124
05/17/2001,EGE,CO,ANM,WE,Federal Contract Tower,2,10,12,0,24,0,0,17,23,40,2,10,29,23,64,20,2,22,86
05/18/2001,EGE,CO,ANM,WE,Federal Contract Tower,2,6,9,0,17,0,1,26,20,47,2,7,35,20,64,16,22,38,102
05/19/2001,EGE,CO,ANM,WE,Federal Contract Tower,2,12,4,0,18,0,0,4,26,30,2,12,8,26,48,42,16,58,106
05/20/2001,EGE,CO,ANM,WE,Federal Contract Tower,2,7,4,0,13,0,0,16,5,21,2,7,20,5,34,14,0,14,48
05/21/2001,EGE,CO,ANM,WE,Federal Contract Tower,0,3,9,0,12,0,0,16,0,16,0,3,25,0,28,64,0,64,92
05/22/2001,EGE,CO,ANM,WE,Federal Contract Tower,4,4,12,0,20,0,2,29,20,51,4,6,41,20,71,6,6,12,83
05/23/2001,EGE,CO,ANM,WE,Federal Contract Tower,4,7,13,0,24,0,2,50,36,88,4,9,63,36,112,46,6,52,164
05/24/2001,EGE,CO,ANM,WE,Federal Contract Tower,3,7,13,0,23,1,0,56,24,81,4,7,69,24,104,114,2,116,220
05/25/2001,EGE,CO,ANM,WE,Federal Contract Tower,2,19,15,0,36,0,0,27,14,41,2,19,42,14,77,16,2,18,95
05/26/2001,EGE,CO,ANM,WE,Federal Contract Tower,4,3,5,0,12,0,0,14,8,22,4,3,19,8,34,0,10,10,44
05/27/2001,EGE,CO,ANM,WE,Federal Contract Tower,4,6,6,0,16,0,0,19,0,19,4,6,25,0,35,24,0,24,59
05/28/2001,EGE,CO,ANM,WE,Federal Contract Tower,2,2,16,0,20,0,6,15,0,21,2,8,31,0,41,12,0,12,53
05/29/2001,EGE,CO,ANM,WE,Federal Contract Tower,2,11,15,0,28,0,1,24,6,31,2,12,39,6,59,18,0,18,77
05/30/2001,EGE,CO,ANM,WE,Federal Contract Tower,4,3,16,0,23,0,0,27,8,35,4,3,43,8,58,80,2,82,140
05/31/2001,EGE,CO,ANM,WE,Federal Contract Tower,4,6,11,0,21,0,0,38,6,44,4,6,49,6,65,16,0,16,81
06/01/2001,EGE,CO,ANM,WE,Federal Contract Tower,2,7,13,0,22,0,1,36,16,53,2,8,49,16,75,4,6,10,85
06/02/2001,EGE,CO,ANM,WE,Federal Contract Tower,2,3,2,0,7,0,1,37,0,38,2,4,39,0,45,14,0,14,59
06/03/2001,EGE,CO,ANM,WE,Federal Contract Tower,2,7,15,0,24,0,1,13,0,14,2,8,28,0,38,0,0,0,38
06/04/2001,EGE,CO,ANM,WE,Federal Contract Tower,4,6,7,0,17,0,1,16,0,17,4,7,23,0,34,10,0,10,44
06/05/2001,EGE,CO,ANM,WE,Federal Contract Tower,4,6,14,0,24,0,2,11,11,24,4,8,25,11,48,26,0,26,74
06/06/2001,EGE,CO,ANM,WE,Federal Contract Tower,4,7,8,0,19,0,1,24,12,37,4,8,32,12,56,12,2,14,70
06/07/2001,EGE,CO,ANM,WE,Federal Contract Tower,4,6,12,1,23,0,1,19,18,38,4,7,31,19,61,24,8,32,93
06/08/2001,EGE,CO,ANM,WE,Federal Contract Tower,4,7,13,0,24,0,1,28,9,38,4,8,41,9,62,56,0,56,118
06/09/2001,EGE,CO,ANM,WE,Federal Contract Tower,8,10,18,0,36,0,0,29,0,29,8,10,47,0,65,20,0,20,85
06/10/2001,EGE,CO,ANM,WE,Federal Contract Tower,1,1,10,0,12,3,0,28,2,33,4,1,38,2,45,43,0,43,88
06/11/2001,EGE,CO,ANM,WE,Federal Contract Tower,4,9,10,0,23,0,0,29,0,29,4,9,39,0,52,2,0,2,54
06/12/2001,EGE,CO,ANM,WE,Federal Contract Tower,4,16,15,0,35,0,0,22,20,42,4,16,37,20,77,34,6,40,117
06/13/2001,EGE,CO,ANM,WE,Federal Contract Tower,2,9,25,0,36,0,0,36,31,67,2,9,61,31,103,26,10,36,139
06/14/2001,EGE,CO,ANM,WE,Federal Contract Tower,6,11,16,2,35,0,2,27,35,64,6,13,43,37,99,28,22,50,149
06/15/2001,EGE,CO,ANM,WE,Federal Contract Tower,4,14,11,2,31,0,1,33,19,53,4,15,44,21,84,48,6,54,138
06/16/2001,EGE,CO,ANM,WE,Federal Contract Tower,4,1,8,0,13,0,1,55,3,59,4,2,63,3,72,46,0,46,118
06/17/2001,EGE,CO,ANM,WE,Federal Contract Tower,2,8,16,0,26,0,0,70,5,75,2,8,86,5,101,24,0,24,125
06/18/2001,EGE,CO,ANM,WE,Federal Contract Tower,2,15,9,0,26,0,0,38,0,38,2,15,47,0,64,36,0,36,100
06/19/2001,EGE,CO,ANM,WE,Federal Contract Tower,4,13,10,0,27,0,0,51,19,70,4,13,61,19,97,26,6,32,129
06/20/2001,EGE,CO,ANM,WE,Federal Contract Tower,2,28,26,0,56,0,3,38,30,71,2,31,64,30,127,14,10,24,151
06/21/2001,EGE,CO,ANM,WE,Federal Contract Tower,0,27,29,3,59,0,0,50,23,73,0,27,79,26,132,6,4,10,142
06/22/2001,EGE,CO,ANM,WE,Federal Contract Tower,0,16,25,1,42,0,2,15,29,46,0,18,40,30,88,60,2,62,150
06/23/2001,EGE,CO,ANM,WE,Federal Contract Tower,2,16,17,0,35,0,0,48,2,50,2,16,65,2,85,20,0,20,105
06/24/2001,EGE,CO,ANM,WE,Federal Contract Tower,4,41,66,7,118,0,6,51,13,70,4,47,117,20,188,42,16,58,246
06/25/2001,EGE,CO,ANM,WE,Federal Contract Tower,4,13,9,0,26,0,2,24,0,26,4,15,33,0,52,44,0,44,96
06/26/2001,EGE,CO,ANM,WE,Federal Contract Tower,2,14,16,0,32,0,0,32,32,64,2,14,48,32,96,28,6,34,130
06/27/2001,EGE,CO,ANM,WE,Federal Contract Tower,3,12,22,0,37,1,0,17,19,37,4,12,39,19,74,12,6,18,92
06/28/2001,EGE,CO,ANM,WE,Federal Contract Tower,4,17,21,0,42,0,0,42,20,62,4,17,63,20,104,38,4,42,146
06/29/2001,EGE,CO,ANM,WE,Federal Contract Tower,4,29,34,0,67,0,2,53,6,61,4,31,87,6,128,36,2,38,166
06/30/2001,EGE,CO,ANM,WE,Federal Contract Tower,4,13,25,0,42,0,0,37,2,39,4,13,62,2,81,34,0,34,115
07/01/2001,EGE,CO,ANM,WE,Federal Contract Tower,2,17,31,0,50,0,7,42,1,50,2,24,73,1,100,22,0,22,122
07/02/2001,EGE,CO,ANM,WE,Federal Contract Tower,4,15,27,0,46,0,2,36,0,38,4,17,63,0,84,12,0,12,96
07/03/2001,EGE,CO,ANM,WE,Federal Contract Tower,4,22,37,0,63,0,0,30,0,30,4,22,67,0,93,12,0,12,105
07/04/2001,EGE,CO,ANM,WE,Federal Contract Tower,4,7,19,0,30,0,0,34,0,34,4,7,53,0,64,16,0,16,80
07/05/2001,EGE,CO,ANM,WE,Federal Contract Tower,4,21,29,0,54,0,2,41,0,43,4,23,70,0,97,14,0,14,111
07/06/2001,EGE,CO,ANM,WE,Federal Contract Tower,5,28,26,1,60,0,0,47,0,47,5,28,73,1,107,54,2,56,163
07/07/2001,EGE,CO,ANM,WE,Federal Contract Tower,4,25,25,0,54,0,1,35,0,36,4,26,60,0,90,26,0,26,116
07/08/2001,EGE,CO,ANM,WE,Federal Contract Tower,2,53,51,0,106,0,1,45,2,48,2,54,96,2,154,32,0,32,186
07/09/2001,EGE,CO,ANM,WE,Federal Contract Tower,4,13,30,0,47,0,0,27,0,27,4,13,57,0,74,12,0,12,86
07/10/2001,EGE,CO,ANM,WE,Federal Contract Tower,4,11,22,0,37,0,2,33,6,41,4,13,55,6,78,2,0,2,80
07/11/2001,EGE,CO,ANM,WE,Federal Contract Tower,2,10,19,0,31,0,2,43,8,53,2,12,62,8,84,6,0,6,90
07/12/2001,EGE,CO,ANM,WE,Federal Contract Tower,4,16,41,0,61,0,0,29,9,38,4,16,70,9,99,16,4,20,119
07/13/2001,EGE,CO,ANM,WE,Federal Contract Tower,4,16,38,0,58,0,2,17,13,32,4,18,55,13,90,20,14,34,124
07/14/2001,EGE,CO,ANM,WE,Federal Contract Tower,4,11,36,0,51,0,2,8,0,10,4,13,44,0,61,22,0,22,83
07/15/2001,EGE,CO,ANM,WE,Federal Contract Tower,4,17,48,0,69,0,0,26,0,26,4,17,74,0,95,0,0,0,95
07/16/2001,EGE,CO,ANM,WE,Federal Contract Tower,2,15,27,0,44,0,0,27,0,27,2,15,54,0,71,2,0,2,73
07/17/2001,EGE,CO,ANM,WE,Federal Contract Tower,4,13,24,0,41,0,0,34,8,42,4,13,58,8,83,64,4,68,151
07/18/2001,EGE,CO,ANM,WE,Federal Contract Tower,4,22,35,0,61,0,0,36,15,51,4,22,71,15,112,8,8,16,128
07/19/2001,EGE,CO,ANM,WE,Federal Contract Tower,4,14,33,0,51,0,0,46,20,66,4,14,79,20,117,20,6,26,143
07/20/2001,EGE,CO,ANM,WE,Federal Contract Tower,4,18,30,8,60,0,0,19,0,19,4,18,49,8,79,0,8,8,87
07/21/2001,EGE,CO,ANM,WE,Federal Contract Tower,2,27,11,0,40,0,1,49,0,50,2,28,60,0,90,46,0,46,136
07/22/2001,EGE,CO,ANM,WE,Federal Contract Tower,4,28,47,0,79,0,1,80,2,83,4,29,127,2,162,18,2,20,182
07/23/2001,EGE,CO,ANM,WE,Federal Contract Tower,2,18,27,0,47,0,0,39,5,44,2,18,66,5,91,32,0,32,123
07/24/2001,EGE,CO,ANM,WE,Federal Contract Tower,4,15,26,0,45,0,0,26,4,30,4,15,52,4,75,34,8,42,117
07/25/2001,EGE,CO,ANM,WE,Federal Contract Tower,4,29,23,0,56,0,0,40,0,40,4,29,63,0,96,6,0,6,102
07/26/2001,EGE,CO,ANM,WE,Federal Contract Tower,4,42,46,0,92,0,0,31,0,31,4,42,77,0,123,12,0,12,135
07/27/2001,EGE,CO,ANM,WE,Federal Contract Tower,4,17,32,0,53,0,0,59,3,62,4,17,91,3,115,12,16,28,143
07/28/2001,EGE,CO,ANM,WE,Federal Contract Tower,4,16,33,0,53,0,5,31,0,36,4,21,64,0,89,0,0,0,89
07/29/2001,EGE,CO,ANM,WE,Federal Contract Tower,4,32,49,0,85,0,8,33,0,41,4,40,82,0,126,8,0,8,134
07/30/2001,EGE,CO,ANM,WE,Federal Contract Tower,4,23,34,0,61,0,0,40,0,40,4,23,74,0,101,2,0,2,103
07/31/2001,EGE,CO,ANM,WE,Federal Contract Tower,2,19,25,0,46,0,0,31,0,31,2,19,56,0,77,8,2,10,87
08/01/2001,EGE,CO,ANM,WE,Federal Contract Tower,2,20,45,0,67,0,0,32,6,38,2,20,77,6,105,12,8,20,125
08/02/2001,EGE,CO,ANM,WE,Federal Contract Tower,1,30,37,0,68,0,0,28,4,32,1,30,65,4,100,20,0,20,120
08/03/2001,EGE,CO,ANM,WE,Federal Contract Tower,4,26,25,0,55,0,2,22,11,35,4,28,47,11,90,12,20,32,122
08/04/2001,EGE,CO,ANM,WE,Federal Contract Tower,4,28,29,0,61,0,4,15,3,22,4,32,44,3,83,4,2,6,89
08/05/2001,EGE,CO,ANM,WE,Federal Contract Tower,4,35,42,0,81,0,0,59,0,59,4,35,101,0,140,0,0,0,140
08/06/2001,EGE,CO,ANM,WE,Federal Contract Tower,4,17,29,0,50,0,2,20,0,22,4,19,49,0,72,14,0,14,86
08/07/2001,EGE,CO,ANM,WE,Federal Contract Tower,0,30,26,0,56,0,1,41,6,48,0,31,67,6,104,22,0,22,126
08/08/2001,EGE,CO,ANM,WE,Federal Contract Tower,4,19,26,1,50,0,0,46,6,52,4,19,72,7,102,0,2,2,104
08/09/2001,EGE,CO,ANM,WE,Federal Contract Tower,4,25,39,0,68,0,0,49,12,61,4,25,88,12,129,32,2,34,163
08/10/2001,EGE,CO,ANM,WE,Federal Contract Tower,4,12,40,0,56,0,1,38,10,49,4,13,78,10,105,24,0,24,129
08/11/2001,EGE,CO,ANM,WE,Federal Contract Tower,4,18,29,0,51,0,3,23,1,27,4,21,52,1,78,0,0,0,78
08/12/2001,EGE,CO,ANM,WE,Federal Contract Tower,4,29,50,0,83,0,1,41,5,47,4,30,91,5,130,24,2,26,156
08/13/2001,EGE,CO,ANM,WE,Federal Contract Tower,4,19,28,0,51,0,0,34,3,37,4,19,62,3,88,50,2,52,140
08/14/2001,EGE,CO,ANM,WE,Federal Contract Tower,4,21,49,0,74,0,0,19,4,23,4,21,68,4,97,4,2,6,103
08/15/2001,EGE,CO,ANM,WE,Federal Contract Tower,4,26,27,0,57,0,3,35,4,42,4,29,62,4,99,2,0,2,101
08/16/2001,EGE,CO,ANM,WE,Federal Contract Tower,4,25,31,0,60,0,0,40,8,48,4,25,71,8,108,18,0,18,126
08/17/2001,EGE,CO,ANM,WE,Federal Contract Tower,4,20,42,0,66,0,0,20,5,25,4,20,62,5,91,2,18,20,111
08/18/2001,EGE,CO,ANM,WE,Federal Contract Tower,4,13,32,0,49,0,5,39,0,44,4,18,71,0,93,4,0,4,97
08/19/2001,EGE,CO,ANM,WE,Federal Contract Tower,4,43,43,0,90,0,3,46,2,51,4,46,89,2,141,0,0,0,141
08/20/2001,EGE,CO,ANM,WE,Federal Contract Tower,4,21,33,0,58,0,1,20,0,21,4,22,53,0,79,10,0,10,89
08/21/2001,EGE,CO,ANM,WE,Federal Contract Tower,2,15,29,0,46,0,1,54,26,81,2,16,83,26,127,52,10,62,189
08/22/2001,EGE,CO,ANM,WE,Federal Contract Tower,2,24,37,0,63,0,2,32,23,57,2,26,69,23,120,38,2,40,160
08/23/2001,EGE,CO,ANM,WE,Federal Contract Tower,10,12,23,0,45,0,0,59,12,71,10,12,82,12,116,10,2,12,128
08/24/2001,EGE,CO,ANM,WE,Federal Contract Tower,4,20,45,0,69,0,1,41,10,52,4,21,86,10,121,22,1,23,144
08/25/2001,EGE,CO,ANM,WE,Federal Contract Tower,4,14,19,1,38,0,6,24,1,31,4,20,43,2,69,4,2,6,75
08/26/2001,EGE,CO,ANM,WE,Federal Contract Tower,4,27,50,0,81,0,3,59,7,69,4,30,109,7,150,0,4,4,154
08/27/2001,EGE,CO,ANM,WE,Federal Contract Tower,4,10,21,0,35,0,1,47,0,48,4,11,68,0,83,16,0,16,99
08/28/2001,EGE,CO,ANM,WE,Federal Contract Tower,0,1,3,0,4,0,0,0,10,10,0,1,3,10,14,0,2,2,16
08/29/2001,EGE,CO,ANM,WE,Federal Contract Tower,4,14,43,0,61,0,1,33,12,46,4,15,76,12,107,26,2,28,135
08/30/2001,EGE,CO,ANM,WE,Federal Contract Tower,4,14,22,0,40,0,0,66,13,79,4,14,88,13,119,18,8,26,145
08/31/2001,EGE,CO,ANM,WE,Federal Contract Tower,4,15,37,0,56,0,0,45,2,47,4,15,82,2,103,10,0,10,113
09/01/2001,EGE,CO,ANM,WE,Federal Contract Tower,4,11,17,0,32,0,0,41,0,41,4,11,58,0,73,2,0,2,75
09/02/2001,EGE,CO,ANM,WE,Federal Contract Tower,4,14,15,0,33,0,0,37,0,37,4,14,52,0,70,6,0,6,76
09/03/2001,EGE,CO,ANM,WE,Federal Contract Tower,4,24,41,0,69,0,0,58,0,58,4,24,99,0,127,52,0,52,179
09/04/2001,EGE,CO,ANM,WE,Federal Contract Tower,4,19,6,0,29,0,1,74,2,77,4,20,80,2,106,26,2,28,134
09/05/2001,EGE,CO,ANM,WE,Federal Contract Tower,4,14,12,0,30,0,0,53,0,53,4,14,65,0,83,2,0,2,85
09/06/2001,EGE,CO,ANM,WE,Federal Contract Tower,4,11,33,0,48,0,0,65,4,69,4,11,98,4,117,22,2,24,141
09/07/2001,EGE,CO,ANM,WE,Federal Contract Tower,2,10,14,0,26,0,0,29,1,30,2,10,43,1,56,2,0,2,58
09/08/2001,EGE,CO,ANM,WE,Federal Contract Tower,4,11,18,0,33,0,0,7,0,7,4,11,25,0,40,24,0,24,64
09/09/2001,EGE,CO,ANM,WE,Federal Contract Tower,4,18,31,0,53,0,2,59,0,61,4,20,90,0,114,28,0,28,142
09/10/2001,EGE,CO,ANM,WE,Federal Contract Tower,4,16,19,0,39,0,2,58,2,62,4,18,77,2,101,8,2,10,111
09/11/2001,EGE,CO,ANM,WE,Federal Contract Tower,0,0,0,0,0,0,0,2,0,2,0,0,2,0,2,0,0,0,2
09/12/2001,EGE,CO,ANM,WE,Federal Contract Tower,0,0,0,0,0,0,0,0,0,0,0,0,0,0,0,0,0,0,0
09/13/2001,EGE,CO,ANM,WE,Federal Contract Tower,0,25,0,0,25,0,0,0,20,20,0,25,0,20,45,0,20,20,65
09/14/2001,EGE,CO,ANM,WE,Federal Contract Tower,4,36,6,0,46,0,0,0,19,19,4,36,6,19,65,0,0,0,65
09/15/2001,EGE,CO,ANM,WE,Federal Contract Tower,2,16,42,0,60,0,0,0,25,25,2,16,42,25,85,0,4,4,89
09/16/2001,EGE,CO,ANM,WE,Federal Contract Tower,2,9,15,0,26,0,1,0,1,2,2,10,15,1,28,0,0,0,28
09/17/2001,EGE,CO,ANM,WE,Federal Contract Tower,0,9,18,2,29,0,0,0,0,0,0,9,18,2,29,0,0,0,29
09/18/2001,EGE,CO,ANM,WE,Federal Contract Tower,2,6,17,0,25,0,0,4,16,20,2,6,21,16,45,0,0,0,45
09/19/2001,EGE,CO,ANM,WE,Federal Contract Tower,2,13,16,0,31,0,0,0,10,10,2,13,16,10,41,0,4,4,45
09/20/2001,EGE,CO,ANM,WE,Federal Contract Tower,2,18,15,0,35,0,1,25,11,37,2,19,40,11,72,0,14,14,86
09/21/2001,EGE,CO,ANM,WE,Federal Contract Tower,2,17,18,0,37,0,1,15,6,22,2,18,33,6,59,0,8,8,67
09/22/2001,EGE,CO,ANM,WE,Federal Contract Tower,2,10,7,2,21,0,0,22,0,22,2,10,29,2,43,0,8,8,51
09/23/2001,EGE,CO,ANM,WE,Federal Contract Tower,1,16,14,2,33,1,1,25,6,33,2,17,39,8,66,4,0,4,70
09/24/2001,EGE,CO,ANM,WE,Federal Contract Tower,2,9,17,0,28,0,0,38,4,42,2,9,55,4,70,6,0,6,76
09/25/2001,EGE,CO,ANM,WE,Federal Contract Tower,2,10,18,2,32,0,0,25,7,32,2,10,43,9,64,16,6,22,86
09/26/2001,EGE,CO,ANM,WE,Federal Contract Tower,2,6,11,0,19,0,0,44,8,52,2,6,55,8,71,14,10,24,95
09/27/2001,EGE,CO,ANM,WE,Federal Contract Tower,2,9,11,0,22,0,2,34,8,44,2,11,45,8,66,2,2,4,70
09/28/2001,EGE,CO,ANM,WE,Federal Contract Tower,2,6,20,2,30,0,0,34,2,36,2,6,54,4,66,4,0,4,70
09/29/2001,EGE,CO,ANM,WE,Federal Contract Tower,2,7,9,0,18,0,0,19,3,22,2,7,28,3,40,18,0,18,58
09/30/2001,EGE,CO,ANM,WE,Federal Contract Tower,2,15,11,0,28,0,0,16,1,17,2,15,27,1,45,8,0,8,53
10/01/2001,EGE,CO,ANM,WE,Federal Contract Tower,4,6,12,0,22,0,0,17,0,17,4,6,29,0,39,2,0,2,41
10/02/2001,EGE,CO,ANM,WE,Federal Contract Tower,4,3,8,0,15,0,0,36,13,49,4,3,44,13,64,58,8,66,130
10/03/2001,EGE,CO,ANM,WE,Federal Contract Tower,4,12,9,0,25,0,0,33,21,54,4,12,42,21,79,6,10,16,95
10/04/2001,EGE,CO,ANM,WE,Federal Contract Tower,4,12,20,0,36,0,0,38,21,59,4,12,58,21,95,2,2,4,99
10/05/2001,EGE,CO,ANM,WE,Federal Contract Tower,4,12,13,0,29,0,0,25,10,35,4,12,38,10,64,0,0,0,64
10/06/2001,EGE,CO,ANM,WE,Federal Contract Tower,4,10,6,0,20,0,0,25,0,25,4,10,31,0,45,14,0,14,59
10/07/2001,EGE,CO,ANM,WE,Federal Contract Tower,4,8,20,0,32,0,0,17,0,17,4,8,37,0,49,2,0,2,51
10/08/2001,EGE,CO,ANM,WE,Federal Contract Tower,4,15,24,0,43,0,0,14,0,14,4,15,38,0,57,0,0,0,57
10/09/2001,EGE,CO,ANM,WE,Federal Contract Tower,2,4,14,0,20,0,0,1,6,7,2,4,15,6,27,0,16,16,43
10/10/2001,EGE,CO,ANM,WE,Federal Contract Tower,3,6,15,0,24,0,0,20,4,24,3,6,35,4,48,0,0,0,48
10/11/2001,EGE,CO,ANM,WE,Federal Contract Tower,5,4,12,0,21,0,0,37,6,43,5,4,49,6,64,0,14,14,78
10/12/2001,EGE,CO,ANM,WE,Federal Contract Tower,4,0,20,0,24,0,0,19,0,19,4,0,39,0,43,30,0,30,73
10/13/2001,EGE,CO,ANM,WE,Federal Contract Tower,4,10,4,0,18,0,0,9,0,9,4,10,13,0,27,26,0,26,53
10/14/2001,EGE,CO,ANM,WE,Federal Contract Tower,4,3,9,0,16,0,0,18,0,18,4,3,27,0,34,12,0,12,46
10/15/2001,EGE,CO,ANM,WE,Federal Contract Tower,4,0,7,0,11,0,1,19,2,22,4,1,26,2,33,26,0,26,59
10/16/2001,EGE,CO,ANM,WE,Federal Contract Tower,4,2,11,0,17,0,2,23,2,27,4,4,34,2,44,12,20,32,76
10/17/2001,EGE,CO,ANM,WE,Federal Contract Tower,4,6,14,0,24,0,1,38,16,55,4,7,52,16,79,10,60,70,149
10/18/2001,EGE,CO,ANM,WE,Federal Contract Tower,4,7,12,0,23,0,0,36,2,38,4,7,48,2,61,12,4,16,77
10/19/2001,EGE,CO,ANM,WE,Federal Contract Tower,4,9,8,0,21,0,1,25,14,40,4,10,33,14,61,0,38,38,99
10/20/2001,EGE,CO,ANM,WE,Federal Contract Tower,4,2,5,4,15,0,2,35,0,37,4,4,40,4,52,52,0,52,104
10/21/2001,EGE,CO,ANM,WE,Federal Contract Tower,4,5,15,0,24,0,0,28,0,28,4,5,43,0,52,0,0,0,52
10/22/2001,EGE,CO,ANM,WE,Federal Contract Tower,2,11,13,0,26,0,0,14,2,16,2,11,27,2,42,0,4,4,46
10/23/2001,EGE,CO,ANM,WE,Federal Contract Tower,3,7,6,0,16,1,0,10,0,11,4,7,16,0,27,4,0,4,31
10/24/2001,EGE,CO,ANM,WE,Federal Contract Tower,4,2,13,0,19,0,0,27,0,27,4,2,40,0,46,4,0,4,50
10/25/2001,EGE,CO,ANM,WE,Federal Contract Tower,4,5,8,0,17,0,0,35,0,35,4,5,43,0,52,10,0,10,62
10/26/2001,EGE,CO,ANM,WE,Federal Contract Tower,4,6,13,0,23,0,1,26,0,27,4,7,39,0,50,22,0,22,72
10/27/2001,EGE,CO,ANM,WE,Federal Contract Tower,4,0,2,0,6,0,0,31,0,31,4,0,33,0,37,24,0,24,61
10/28/2001,EGE,CO,ANM,WE,Federal Contract Tower,4,5,8,0,17,0,0,26,27,53,4,5,34,27,70,0,4,4,74
10/29/2001,EGE,CO,ANM,WE,Federal Contract Tower,4,11,6,0,21,0,0,19,0,19,4,11,25,0,40,0,0,0,40
10/30/2001,EGE,CO,ANM,WE,Federal Contract Tower,4,4,8,0,16,0,0,18,2,20,4,4,26,2,36,8,0,8,44
10/31/2001,EGE,CO,ANM,WE,Federal Contract Tower,0,3,4,0,7,0,0,5,0,5,0,3,9,0,12,0,0,0,12
11/01/2001,EGE,CO,ANM,WE,Federal Contract Tower,0,8,12,2,22,0,2,34,2,38,0,10,46,4,60,26,0,26,86
11/02/2001,EGE,CO,ANM,WE,Federal Contract Tower,0,4,6,0,10,0,0,39,6,45,0,4,45,6,55,6,8,14,69
11/03/2001,EGE,CO,ANM,WE,Federal Contract Tower,0,7,5,0,12,0,1,38,0,39,0,8,43,0,51,14,0,14,65
11/04/2001,EGE,CO,ANM,WE,Federal Contract Tower,0,5,11,0,16,0,1,29,2,32,0,6,40,2,48,0,0,0,48
11/05/2001,EGE,CO,ANM,WE,Federal Contract Tower,0,8,8,0,16,0,0,20,0,20,0,8,28,0,36,4,0,4,40
11/06/2001,EGE,CO,ANM,WE,Federal Contract Tower,0,7,8,0,15,0,1,17,0,18,0,8,25,0,33,16,0,16,49
11/07/2001,EGE,CO,ANM,WE,Federal Contract Tower,0,2,7,0,9,0,0,11,0,11,0,2,18,0,20,0,0,0,20
11/08/2001,EGE,CO,ANM,WE,Federal Contract Tower,0,5,15,0,20,0,1,16,0,17,0,6,31,0,37,0,20,20,57
11/09/2001,EGE,CO,ANM,WE,Federal Contract Tower,0,5,6,0,11,0,1,19,0,20,0,6,25,0,31,12,0,12,43
11/10/2001,EGE,CO,ANM,WE,Federal Contract Tower,0,1,4,0,5,0,0,38,0,38,0,1,42,0,43,18,0,18,61
11/11/2001,EGE,CO,ANM,WE,Federal Contract Tower,0,6,12,0,18,0,0,35,0,35,0,6,47,0,53,8,0,8,61
11/12/2001,EGE,CO,ANM,WE,Federal Contract Tower,0,5,9,2,16,0,0,21,0,21,0,5,30,2,37,6,0,6,43
11/13/2001,EGE,CO,ANM,WE,Federal Contract Tower,0,3,6,0,9,0,0,14,1,15,0,3,20,1,24,24,0,24,48
11/14/2001,EGE,CO,ANM,WE,Federal Contract Tower,0,6,9,0,15,0,0,29,0,29,0,6,38,0,44,0,0,0,44
11/15/2001,EGE,CO,ANM,WE,Federal Contract Tower,0,3,10,0,13,0,0,27,0,27,0,3,37,0,40,19,0,19,59
11/16/2001,EGE,CO,ANM,WE,Federal Contract Tower,0,6,19,0,25,0,0,46,8,54,0,6,65,8,79,6,2,8,87
11/17/2001,EGE,CO,ANM,WE,Federal Contract Tower,0,9,10,3,22,0,0,17,5,22,0,9,27,8,44,34,0,34,78
11/18/2001,EGE,CO,ANM,WE,Federal Contract Tower,0,12,11,0,23,0,1,5,6,12,0,13,16,6,35,4,0,4,39
11/19/2001,EGE,CO,ANM,WE,Federal Contract Tower,0,18,11,0,29,0,4,24,13,41,0,22,35,13,70,26,10,36,106
11/20/2001,EGE,CO,ANM,WE,Federal Contract Tower,0,11,30,0,41,0,3,43,14,60,0,14,73,14,101,40,18,58,159
11/21/2001,EGE,CO,ANM,WE,Federal Contract Tower,2,28,33,0,63,0,0,42,9,51,2,28,75,9,114,42,0,42,156
11/22/2001,EGE,CO,ANM,WE,Federal Contract Tower,2,2,4,0,8,0,0,2,0,2,2,2,6,0,10,0,0,0,10
11/23/2001,EGE,CO,ANM,WE,Federal Contract Tower,2,3,6,0,11,0,0,5,0,5,2,3,11,0,16,24,0,24,40
11/24/2001,EGE,CO,ANM,WE,Federal Contract Tower,2,12,12,0,26,0,3,25,0,28,2,15,37,0,54,16,0,16,70
11/25/2001,EGE,CO,ANM,WE,Federal Contract Tower,2,22,56,0,80,0,2,12,0,14,2,24,68,0,94,0,0,0,94
11/26/2001,EGE,CO,ANM,WE,Federal Contract Tower,2,22,41,0,65,0,2,9,10,21,2,24,50,10,86,0,10,10,96
11/27/2001,EGE,CO,ANM,WE,Federal Contract Tower,2,10,7,0,19,0,0,8,9,17,2,10,15,9,36,30,4,34,70
11/28/2001,EGE,CO,ANM,WE,Federal Contract Tower,2,5,13,1,21,0,0,20,10,30,2,5,33,11,51,13,2,15,66
11/29/2001,EGE,CO,ANM,WE,Federal Contract Tower,2,12,23,0,37,0,0,0,7,7,2,12,23,7,44,0,2,2,46
11/30/2001,EGE,CO,ANM,WE,Federal Contract Tower,2,17,28,0,47,0,0,14,10,24,2,17,42,10,71,4,8,12,83
12/01/2001,EGE,CO,ANM,WE,Federal Contract Tower,1,10,13,1,25,1,3,11,0,15,2,13,24,1,40,12,0,12,52
12/02/2001,EGE,CO,ANM,WE,Federal Contract Tower,0,14,21,0,35,2,0,9,1,12,2,14,30,1,47,38,0,38,85
12/03/2001,EGE,CO,ANM,WE,Federal Contract Tower,1,3,13,0,17,1,1,26,7,35,2,4,39,7,52,20,0,20,72
12/04/2001,EGE,CO,ANM,WE,Federal Contract Tower,2,9,15,1,27,0,4,11,14,29,2,13,26,15,56,14,12,26,82
12/05/2001,EGE,CO,ANM,WE,Federal Contract Tower,2,5,18,0,25,0,0,15,12,27,2,5,33,12,52,0,0,0,52
12/06/2001,EGE,CO,ANM,WE,Federal Contract Tower,2,2,8,0,12,0,3,18,6,27,2,5,26,6,39,2,0,2,41
12/07/2001,EGE,CO,ANM,WE,Federal Contract Tower,2,13,17,0,32,0,2,13,12,27,2,15,30,12,59,0,0,0,59
12/08/2001,EGE,CO,ANM,WE,Federal Contract Tower,2,11,10,0,23,0,1,24,4,29,2,12,34,4,52,11,0,11,63
12/09/2001,EGE,CO,ANM,WE,Federal Contract Tower,2,10,20,0,32,0,3,26,2,31,2,13,46,2,63,4,2,6,69
12/10/2001,EGE,CO,ANM,WE,Federal Contract Tower,2,7,14,1,24,0,2,26,1,29,2,9,40,2,53,24,4,28,81
12/11/2001,EGE,CO,ANM,WE,Federal Contract Tower,2,2,7,0,11,0,0,22,15,37,2,2,29,15,48,6,10,16,64
12/12/2001,EGE,CO,ANM,WE,Federal Contract Tower,2,8,18,1,29,0,1,4,23,28,2,9,22,24,57,2,34,36,93
12/13/2001,EGE,CO,ANM,WE,Federal Contract Tower,4,13,14,0,31,0,1,13,18,32,4,14,27,18,63,4,6,10,73
12/14/2001,EGE,CO,ANM,WE,Federal Contract Tower,13,14,22,0,49,0,0,24,9,33,13,14,46,9,82,12,4,16,98
12/15/2001,EGE,CO,ANM,WE,Federal Contract Tower,26,20,9,0,55,0,0,0,0,0,26,20,9,0,55,28,0,28,83
12/16/2001,EGE,CO,ANM,WE,Federal Contract Tower,26,24,25,0,75,0,3,42,1,46,26,27,67,1,121,6,0,6,127
12/17/2001,EGE,CO,ANM,WE,Federal Contract Tower,22,15,21,0,58,0,0,34,0,34,22,15,55,0,92,38,0,38,130
12/18/2001,EGE,CO,ANM,WE,Federal Contract Tower,22,17,22,0,61,0,4,15,12,31,22,21,37,12,92,8,6,14,106
12/19/2001,EGE,CO,ANM,WE,Federal Contract Tower,24,30,27,0,81,2,3,36,8,49,26,33,63,8,130,6,2,8,138
12/20/2001,EGE,CO,ANM,WE,Federal Contract Tower,22,30,58,0,110,0,0,47,7,54,22,30,105,7,164,8,2,10,174
12/21/2001,EGE,CO,ANM,WE,Federal Contract Tower,23,42,88,0,153,0,0,7,0,7,23,42,95,0,160,20,0,20,180
12/22/2001,EGE,CO,ANM,WE,Federal Contract Tower,37,47,84,0,168,0,0,10,0,10,37,47,94,0,178,4,0,4,182
12/23/2001,EGE,CO,ANM,WE,Federal Contract Tower,29,22,43,0,94,1,3,29,0,33,30,25,72,0,127,0,0,0,127
12/24/2001,EGE,CO,ANM,WE,Federal Contract Tower,23,17,22,0,62,0,2,29,1,32,23,19,51,1,94,0,0,0,94
12/25/2001,EGE,CO,ANM,WE,Federal Contract Tower,25,20,22,0,67,0,1,18,0,19,25,21,40,0,86,0,0,0,86
12/26/2001,EGE,CO,ANM,WE,Federal Contract Tower,27,52,128,0,207,0,3,78,0,81,27,55,206,0,288,4,0,4,292
12/27/2001,EGE,CO,ANM,WE,Federal Contract Tower,27,55,71,0,153,0,1,45,0,46,27,56,116,0,199,14,0,14,213
12/28/2001,EGE,CO,ANM,WE,Federal Contract Tower,24,44,70,0,138,0,0,5,0,5,24,44,75,0,143,8,0,8,151
12/29/2001,EGE,CO,ANM,WE,Federal Contract Tower,37,41,66,0,144,0,0,17,0,17,37,41,83,0,161,0,0,0,161
12/30/2001,EGE,CO,ANM,WE,Federal Contract Tower,28,33,52,0,113,0,0,9,0,9,28,33,61,0,122,22,0,22,144
12/31/2001,EGE,CO,ANM,WE,Federal Contract Tower,22,32,48,0,102,0,0,28,0,28,22,32,76,0,130,34,0,34,164
01/01/2002,EGE,CO,ANM,WE,Federal Contract Tower,24,60,99,2,185,1,0,10,0,11,25,60,109,2,196,0,0,0,196
01/02/2002,EGE,CO,ANM,WE,Federal Contract Tower,27,43,108,0,178,1,1,39,7,48,28,44,147,7,226,2,22,24,250
01/03/2002,EGE,CO,ANM,WE,Federal Contract Tower,26,37,80,0,143,1,5,25,6,37,27,42,105,6,180,24,4,28,208
01/04/2002,EGE,CO,ANM,WE,Federal Contract Tower,24,41,61,0,126,1,0,12,0,13,25,41,73,0,139,6,18,24,163
01/05/2002,EGE,CO,ANM,WE,Federal Contract Tower,38,67,95,0,200,1,0,28,0,29,39,67,123,0,229,26,0,26,255
01/06/2002,EGE,CO,ANM,WE,Federal Contract Tower,29,37,73,0,139,0,0,21,0,21,29,37,94,0,160,12,0,12,172
01/07/2002,EGE,CO,ANM,WE,Federal Contract Tower,27,27,26,0,80,2,1,26,0,29,29,28,52,0,109,32,0,32,141
01/08/2002,EGE,CO,ANM,WE,Federal Contract Tower,23,7,17,0,47,1,2,20,32,55,24,9,37,32,102,54,12,66,168
01/09/2002,EGE,CO,ANM,WE,Federal Contract Tower,23,5,25,0,53,1,1,13,35,50,24,6,38,35,103,58,34,92,195
01/10/2002,EGE,CO,ANM,WE,Federal Contract Tower,25,10,33,0,68,1,0,51,18,70,26,10,84,18,138,32,34,66,204
01/11/2002,EGE,CO,ANM,WE,Federal Contract Tower,23,11,42,2,78,1,0,47,13,61,24,11,89,15,139,8,4,12,151
01/12/2002,EGE,CO,ANM,WE,Federal Contract Tower,36,9,26,2,73,1,0,24,6,31,37,9,50,8,104,0,0,0,104
01/13/2002,EGE,CO,ANM,WE,Federal Contract Tower,25,12,24,1,62,2,1,12,1,16,27,13,36,2,78,0,0,0,78
01/14/2002,EGE,CO,ANM,WE,Federal Contract Tower,24,19,20,0,63,2,0,25,3,30,26,19,45,3,93,4,0,4,97
01/15/2002,EGE,CO,ANM,WE,Federal Contract Tower,22,3,15,2,42,2,0,8,8,18,24,3,23,10,60,8,32,40,100
01/16/2002,EGE,CO,ANM,WE,Federal Contract Tower,23,14,25,0,62,2,0,18,4,24,25,14,43,4,86,2,6,8,94
01/17/2002,EGE,CO,ANM,WE,Federal Contract Tower,23,37,51,0,111,1,3,11,12,27,24,40,62,12,138,14,8,22,160
01/18/2002,EGE,CO,ANM,WE,Federal Contract Tower,25,42,41,1,109,1,0,2,0,3,26,42,43,1,112,16,0,16,128
01/19/2002,EGE,CO,ANM,WE,Federal Contract Tower,34,11,25,1,71,0,1,13,2,16,34,12,38,3,87,36,0,36,123
01/20/2002,EGE,CO,ANM,WE,Federal Contract Tower,26,19,34,2,81,0,1,7,3,11,26,20,41,5,92,0,0,0,92
01/21/2002,EGE,CO,ANM,WE,Federal Contract Tower,24,53,55,0,132,1,2,16,0,19,25,55,71,0,151,2,0,2,153
01/22/2002,EGE,CO,ANM,WE,Federal Contract Tower,16,15,15,0,46,1,3,21,8,33,17,18,36,8,79,0,0,0,79
01/23/2002,EGE,CO,ANM,WE,Federal Contract Tower,29,20,29,0,78,2,1,18,16,37,31,21,47,16,115,0,24,24,139
01/24/2002,EGE,CO,ANM,WE,Federal Contract Tower,26,24,25,0,75,0,0,23,16,39,26,24,48,16,114,8,14,22,136
01/25/2002,EGE,CO,ANM,WE,Federal Contract Tower,26,22,37,1,86,0,0,27,9,36,26,22,64,10,122,2,18,20,142
01/26/2002,EGE,CO,ANM,WE,Federal Contract Tower,36,18,26,0,80,1,0,15,1,17,37,18,41,1,97,10,0,10,107
01/27/2002,EGE,CO,ANM,WE,Federal Contract Tower,28,31,40,0,99,1,2,19,0,22,29,33,59,0,121,6,0,6,127
01/28/2002,EGE,CO,ANM,WE,Federal Contract Tower,26,18,24,0,68,0,0,5,0,5,26,18,29,0,73,0,0,0,73
01/29/2002,EGE,CO,ANM,WE,Federal Contract Tower,23,7,21,0,51,0,0,0,0,0,23,7,21,0,51,0,0,0,51
01/30/2002,EGE,CO,ANM,WE,Federal Contract Tower,24,9,44,0,77,0,1,1,9,11,24,10,45,9,88,0,22,22,110
01/31/2002,EGE,CO,ANM,WE,Federal Contract Tower,24,24,48,0,96,2,0,22,12,36,26,24,70,12,132,20,18,38,170
02/01/2002,EGE,CO,ANM,WE,Federal Contract Tower,25,22,42,0,89,2,0,30,12,44,27,22,72,12,133,14,16,30,163
02/02/2002,EGE,CO,ANM,WE,Federal Contract Tower,38,17,39,0,94,1,3,18,0,22,39,20,57,0,116,0,0,0,116
02/03/2002,EGE,CO,ANM,WE,Federal Contract Tower,27,21,45,0,93,0,2,14,0,16,27,23,59,0,109,0,0,0,109
02/04/2002,EGE,CO,ANM,WE,Federal Contract Tower,25,25,31,0,81,0,0,15,0,15,25,25,46,0,96,0,0,0,96
02/05/2002,EGE,CO,ANM,WE,Federal Contract Tower,25,21,36,0,82,2,2,38,6,48,27,23,74,6,130,18,4,22,152
02/06/2002,EGE,CO,ANM,WE,Federal Contract Tower,24,26,50,0,100,2,1,40,12,55,26,27,90,12,155,16,8,24,179
02/07/2002,EGE,CO,ANM,WE,Federal Contract Tower,26,24,53,0,103,0,2,31,10,43,26,26,84,10,146,14,6,20,166
02/08/2002,EGE,CO,ANM,WE,Federal Contract Tower,26,21,54,0,101,0,7,18,2,27,26,28,72,2,128,8,12,20,148
02/09/2002,EGE,CO,ANM,WE,Federal Contract Tower,41,20,63,0,124,0,0,21,0,21,41,20,84,0,145,20,0,20,165
02/10/2002,EGE,CO,ANM,WE,Federal Contract Tower,30,36,53,0,119,1,0,49,8,58,31,36,102,8,177,20,0,20,197
02/11/2002,EGE,CO,ANM,WE,Federal Contract Tower,26,26,27,0,79,0,0,25,2,27,26,26,52,2,106,6,0,6,112
02/12/2002,EGE,CO,ANM,WE,Federal Contract Tower,25,8,23,0,56,1,0,25,4,30,26,8,48,4,86,16,0,16,102
02/13/2002,EGE,CO,ANM,WE,Federal Contract Tower,26,14,28,0,68,0,1,35,8,44,26,15,63,8,112,8,2,10,122
02/14/2002,EGE,CO,ANM,WE,Federal Contract Tower,22,44,77,0,143,0,0,13,10,23,22,44,90,10,166,14,6,20,186
02/15/2002,EGE,CO,ANM,WE,Federal Contract Tower,24,61,73,0,158,0,0,45,3,48,24,61,118,3,206,2,0,2,208
02/16/2002,EGE,CO,ANM,WE,Federal Contract Tower,39,62,50,0,151,6,6,34,5,51,45,68,84,5,202,0,0,0,202
02/17/2002,EGE,CO,ANM,WE,Federal Contract Tower,32,31,53,0,116,0,1,14,2,17,32,32,67,2,133,0,0,0,133
02/18/2002,EGE,CO,ANM,WE,Federal Contract Tower,22,52,78,0,152,4,0,7,0,11,26,52,85,0,163,0,0,0,163
02/19/2002,EGE,CO,ANM,WE,Federal Contract Tower,25,36,39,0,100,0,9,14,19,42,25,45,53,19,142,0,22,22,164
02/20/2002,EGE,CO,ANM,WE,Federal Contract Tower,26,12,39,0,77,0,1,3,18,22,26,13,42,18,99,0,6,6,105
02/21/2002,EGE,CO,ANM,WE,Federal Contract Tower,25,35,58,0,118,1,2,30,23,56,26,37,88,23,174,26,10,36,210
02/22/2002,EGE,CO,ANM,WE,Federal Contract Tower,26,27,43,0,96,0,4,33,8,45,26,31,76,8,141,50,4,54,195
02/23/2002,EGE,CO,ANM,WE,Federal Contract Tower,43,73,45,0,161,0,2,21,3,26,43,75,66,3,187,8,2,10,197
02/24/2002,EGE,CO,ANM,WE,Federal Contract Tower,31,50,51,0,132,0,1,5,0,6,31,51,56,0,138,0,0,0,138
02/25/2002,EGE,CO,ANM,WE,Federal Contract Tower,26,15,31,0,72,0,0,6,0,6,26,15,37,0,78,0,0,0,78
02/26/2002,EGE,CO,ANM,WE,Federal Contract Tower,25,12,17,0,54,0,0,22,12,34,25,12,39,12,88,38,12,50,138
02/27/2002,EGE,CO,ANM,WE,Federal Contract Tower,27,16,44,0,87,0,0,20,20,40,27,16,64,20,127,14,6,20,147
02/28/2002,EGE,CO,ANM,WE,Federal Contract Tower,24,27,47,0,98,2,1,15,19,37,26,28,62,19,135,0,6,6,141
03/01/2002,EGE,CO,ANM,WE,Federal Contract Tower,24,17,26,0,67,0,0,0,0,0,24,17,26,0,67,0,0,0,67
03/02/2002,EGE,CO,ANM,WE,Federal Contract Tower,42,34,40,0,116,0,0,14,0,14,42,34,54,0,130,54,0,54,184
03/03/2002,EGE,CO,ANM,WE,Federal Contract Tower,31,24,59,0,114,2,0,0,2,4,33,24,59,2,118,8,0,8,126
03/04/2002,EGE,CO,ANM,WE,Federal Contract Tower,25,21,36,0,82,0,0,18,0,18,25,21,54,0,100,0,0,0,100
03/05/2002,EGE,CO,ANM,WE,Federal Contract Tower,23,15,22,0,60,1,1,37,19,58,24,16,59,19,118,6,46,52,170
03/06/2002,EGE,CO,ANM,WE,Federal Contract Tower,25,21,33,0,79,0,0,21,25,46,25,21,54,25,125,0,16,16,141
03/07/2002,EGE,CO,ANM,WE,Federal Contract Tower,25,29,44,0,98,0,1,14,15,30,25,30,58,15,128,18,4,22,150
03/08/2002,EGE,CO,ANM,WE,Federal Contract Tower,17,11,40,0,68,0,1,7,0,8,17,12,47,0,76,0,0,0,76
03/09/2002,EGE,CO,ANM,WE,Federal Contract Tower,42,54,45,0,141,1,2,69,16,88,43,56,114,16,229,40,24,64,293
03/10/2002,EGE,CO,ANM,WE,Federal Contract Tower,33,44,56,0,133,0,3,33,4,40,33,47,89,4,173,18,0,18,191
03/11/2002,EGE,CO,ANM,WE,Federal Contract Tower,26,15,34,0,75,0,1,12,3,16,26,16,46,3,91,0,0,0,91
03/12/2002,EGE,CO,ANM,WE,Federal Contract Tower,26,16,35,0,77,0,1,42,22,65,26,17,77,22,142,14,16,30,172
03/13/2002,EGE,CO,ANM,WE,Federal Contract Tower,24,22,44,0,90,1,1,8,18,28,25,23,52,18,118,0,20,20,138
03/14/2002,EGE,CO,ANM,WE,Federal Contract Tower,21,30,49,0,100,1,0,8,20,29,22,30,57,20,129,0,0,0,129
03/15/2002,EGE,CO,ANM,WE,Federal Contract Tower,26,44,78,2,150,3,3,19,6,31,29,47,97,8,181,14,0,14,195
03/16/2002,EGE,CO,ANM,WE,Federal Contract Tower,42,44,58,0,144,0,0,16,0,16,42,44,74,0,160,0,0,0,160
03/17/2002,EGE,CO,ANM,WE,Federal Contract Tower,31,43,56,0,130,0,0,11,0,11,31,43,67,0,141,0,0,0,141
03/18/2002,EGE,CO,ANM,WE,Federal Contract Tower,26,17,36,0,79,0,0,12,0,12,26,17,48,0,91,18,0,18,109
03/19/2002,EGE,CO,ANM,WE,Federal Contract Tower,21,29,39,2,91,2,1,26,9,38,23,30,65,11,129,2,12,14,143
03/20/2002,EGE,CO,ANM,WE,Federal Contract Tower,24,26,55,0,105,0,3,36,16,55,24,29,91,16,160,14,8,22,182
03/21/2002,EGE,CO,ANM,WE,Federal Contract Tower,24,37,59,0,120,2,0,37,14,53,26,37,96,14,173,18,0,18,191
03/22/2002,EGE,CO,ANM,WE,Federal Contract Tower,23,57,63,0,143,0,0,48,14,62,23,57,111,14,205,14,22,36,241
03/23/2002,EGE,CO,ANM,WE,Federal Contract Tower,42,70,88,0,200,3,2,34,14,53,45,72,122,14,253,6,12,18,271
03/24/2002,EGE,CO,ANM,WE,Federal Contract Tower,35,35,70,0,140,0,0,18,1,19,35,35,88,1,159,10,0,10,169
03/25/2002,EGE,CO,ANM,WE,Federal Contract Tower,24,28,53,0,105,0,1,11,0,12,24,29,64,0,117,0,0,0,117
03/26/2002,EGE,CO,ANM,WE,Federal Contract Tower,26,26,33,1,86,0,1,24,12,37,26,27,57,13,123,22,18,40,163
03/27/2002,EGE,CO,ANM,WE,Federal Contract Tower,24,29,65,0,118,0,0,13,12,25,24,29,78,12,143,0,18,18,161
03/28/2002,EGE,CO,ANM,WE,Federal Contract Tower,27,33,47,0,107,0,1,25,10,36,27,34,72,10,143,0,4,4,147
03/29/2002,EGE,CO,ANM,WE,Federal Contract Tower,26,25,45,0,96,0,3,19,5,27,26,28,64,5,123,30,2,32,155
03/30/2002,EGE,CO,ANM,WE,Federal Contract Tower,43,46,77,2,168,1,3,38,0,42,44,49,115,2,210,0,0,0,210
03/31/2002,EGE,CO,ANM,WE,Federal Contract Tower,32,37,57,1,127,0,0,34,0,34,32,37,91,1,161,30,0,30,191
04/01/2002,EGE,CO,ANM,WE,Federal Contract Tower,23,23,38,0,84,0,1,33,0,34,23,24,71,0,118,4,0,4,122
04/02/2002,EGE,CO,ANM,WE,Federal Contract Tower,23,8,21,0,52,3,2,16,9,30,26,10,37,9,82,2,22,24,106
04/03/2002,EGE,CO,ANM,WE,Federal Contract Tower,26,20,19,0,65,0,4,24,20,48,26,24,43,20,113,20,20,40,153
04/04/2002,EGE,CO,ANM,WE,Federal Contract Tower,25,8,21,0,54,0,2,42,15,59,25,10,63,15,113,26,22,48,161
04/05/2002,EGE,CO,ANM,WE,Federal Contract Tower,25,18,24,0,67,0,4,13,11,28,25,22,37,11,95,10,4,14,109
04/06/2002,EGE,CO,ANM,WE,Federal Contract Tower,41,23,26,0,90,0,1,37,3,41,41,24,63,3,131,18,2,20,151
04/07/2002,EGE,CO,ANM,WE,Federal Contract Tower,19,16,24,0,59,0,0,36,0,36,19,16,60,0,95,8,0,8,103
04/08/2002,EGE,CO,ANM,WE,Federal Contract Tower,10,3,40,0,53,0,0,13,0,13,10,3,53,0,66,0,0,0,66
04/09/2002,EGE,CO,ANM,WE,Federal Contract Tower,8,3,5,0,16,0,0,35,12,47,8,3,40,12,63,28,4,32,95
04/10/2002,EGE,CO,ANM,WE,Federal Contract Tower,8,7,6,0,21,0,0,7,14,21,8,7,13,14,42,0,22,22,64
04/11/2002,EGE,CO,ANM,WE,Federal Contract Tower,6,0,8,0,14,2,0,11,11,24,8,0,19,11,38,28,6,34,72
04/12/2002,EGE,CO,ANM,WE,Federal Contract Tower,7,8,12,0,27,0,0,19,6,25,7,8,31,6,52,16,14,30,82
04/13/2002,EGE,CO,ANM,WE,Federal Contract Tower,5,1,9,0,15,0,0,11,4,15,5,1,20,4,30,0,0,0,30
04/14/2002,EGE,CO,ANM,WE,Federal Contract Tower,6,7,15,0,28,0,0,19,0,19,6,7,34,0,47,36,0,36,83
04/15/2002,EGE,CO,ANM,WE,Federal Contract Tower,6,8,8,0,22,0,0,14,0,14,6,8,22,0,36,10,0,10,46
04/16/2002,EGE,CO,ANM,WE,Federal Contract Tower,6,2,7,0,15,0,0,12,20,32,6,2,19,20,47,0,4,4,51
04/17/2002,EGE,CO,ANM,WE,Federal Contract Tower,6,6,4,0,16,1,0,15,14,30,7,6,19,14,46,18,8,26,72
04/18/2002,EGE,CO,ANM,WE,Federal Contract Tower,6,8,7,0,21,0,0,11,19,30,6,8,18,19,51,18,20,38,89
04/19/2002,EGE,CO,ANM,WE,Federal Contract Tower,6,6,4,0,16,0,1,17,20,38,6,7,21,20,54,18,44,62,116
04/20/2002,EGE,CO,ANM,WE,Federal Contract Tower,6,8,0,0,14,0,0,4,4,8,6,8,4,4,22,10,0,10,32
04/21/2002,EGE,CO,ANM,WE,Federal Contract Tower,3,6,8,0,17,0,0,10,0,10,3,6,18,0,27,14,0,14,41
04/22/2002,EGE,CO,ANM,WE,Federal Contract Tower,4,2,3,0,9,0,0,21,0,21,4,2,24,0,30,18,0,18,48
04/23/2002,EGE,CO,ANM,WE,Federal Contract Tower,6,2,2,2,12,0,0,20,12,32,6,2,22,14,44,13,10,23,67
04/24/2002,EGE,CO,ANM,WE,Federal Contract Tower,6,2,8,0,16,0,0,20,10,30,6,2,28,10,46,16,24,40,86
04/25/2002,EGE,CO,ANM,WE,Federal Contract Tower,6,7,5,0,18,0,0,28,7,35,6,7,33,7,53,22,0,22,75
04/26/2002,EGE,CO,ANM,WE,Federal Contract Tower,6,1,2,0,9,0,0,16,2,18,6,1,18,2,27,2,6,8,35
04/27/2002,EGE,CO,ANM,WE,Federal Contract Tower,6,0,2,0,8,0,0,0,0,0,6,0,2,0,8,0,0,0,8
04/28/2002,EGE,CO,ANM,WE,Federal Contract Tower,6,10,9,0,25,0,0,15,0,15,6,10,24,0,40,0,0,0,40
04/29/2002,EGE,CO,ANM,WE,Federal Contract Tower,6,3,2,0,11,0,0,11,3,14,6,3,13,3,25,26,0,26,51
04/30/2002,EGE,CO,ANM,WE,Federal Contract Tower,4,4,13,0,21,0,0,28,16,44,4,4,41,16,65,54,8,62,127
05/01/2002,EGE,CO,ANM,WE,Federal Contract Tower,6,7,7,0,20,0,0,20,23,43,6,7,27,23,63,50,8,58,121
05/02/2002,EGE,CO,ANM,WE,Federal Contract Tower,6,9,5,0,20,0,0,13,18,31,6,9,18,18,51,6,52,58,109
05/03/2002,EGE,CO,ANM,WE,Federal Contract Tower,6,5,17,0,28,0,2,19,15,36,6,7,36,15,64,12,24,36,100
05/04/2002,EGE,CO,ANM,WE,Federal Contract Tower,6,1,2,0,9,0,0,24,4,28,6,1,26,4,37,10,0,10,47
05/05/2002,EGE,CO,ANM,WE,Federal Contract Tower,6,6,9,0,21,0,0,13,1,14,6,6,22,1,35,9,0,9,44
05/06/2002,EGE,CO,ANM,WE,Federal Contract Tower,4,0,2,0,6,0,0,11,12,23,4,0,13,12,29,14,18,32,61
05/07/2002,EGE,CO,ANM,WE,Federal Contract Tower,6,4,5,0,15,0,0,17,21,38,6,4,22,21,53,40,24,64,117
05/08/2002,EGE,CO,ANM,WE,Federal Contract Tower,6,4,10,0,20,0,0,18,17,35,6,4,28,17,55,28,36,64,119
05/09/2002,EGE,CO,ANM,WE,Federal Contract Tower,6,5,6,2,19,0,0,23,22,45,6,5,29,24,64,18,12,30,94
05/10/2002,EGE,CO,ANM,WE,Federal Contract Tower,5,8,7,0,20,1,0,19,31,51,6,8,26,31,71,48,42,90,161
05/11/2002,EGE,CO,ANM,WE,Federal Contract Tower,6,3,4,0,13,0,0,30,6,36,6,3,34,6,49,8,0,8,57
05/12/2002,EGE,CO,ANM,WE,Federal Contract Tower,6,5,6,0,17,0,1,15,0,16,6,6,21,0,33,32,0,32,65
05/13/2002,EGE,CO,ANM,WE,Federal Contract Tower,6,4,7,0,17,0,0,18,8,26,6,4,25,8,43,22,44,66,109
05/14/2002,EGE,CO,ANM,WE,Federal Contract Tower,5,13,4,0,22,0,0,18,17,35,5,13,22,17,57,30,12,42,99
05/15/2002,EGE,CO,ANM,WE,Federal Contract Tower,6,7,5,0,18,0,0,32,17,49,6,7,37,17,67,22,18,40,107
05/16/2002,EGE,CO,ANM,WE,Federal Contract Tower,6,8,19,0,33,0,0,17,15,32,6,8,36,15,65,24,14,38,103
05/17/2002,EGE,CO,ANM,WE,Federal Contract Tower,6,8,6,1,21,0,0,34,23,57,6,8,40,24,78,72,6,78,156
05/18/2002,EGE,CO,ANM,WE,Federal Contract Tower,6,4,4,0,14,0,0,38,0,38,6,4,42,0,52,32,0,32,84
05/19/2002,EGE,CO,ANM,WE,Federal Contract Tower,6,4,11,1,22,0,0,21,3,24,6,4,32,4,46,18,0,18,64
05/20/2002,EGE,CO,ANM,WE,Federal Contract Tower,6,7,8,0,21,0,0,12,0,12,6,7,20,0,33,16,0,16,49
05/21/2002,EGE,CO,ANM,WE,Federal Contract Tower,6,6,4,0,16,0,0,25,4,29,6,6,29,4,45,36,0,36,81
05/22/2002,EGE,CO,ANM,WE,Federal Contract Tower,6,5,9,0,20,0,0,21,8,29,6,5,30,8,49,16,16,32,81
05/23/2002,EGE,CO,ANM,WE,Federal Contract Tower,6,6,12,0,24,0,0,26,18,44,6,6,38,18,68,12,18,30,98
05/24/2002,EGE,CO,ANM,WE,Federal Contract Tower,2,11,17,0,30,0,1,28,5,34,2,12,45,5,64,40,6,46,110
05/25/2002,EGE,CO,ANM,WE,Federal Contract Tower,6,0,2,0,8,0,1,24,0,25,6,1,26,0,33,18,0,18,51
05/26/2002,EGE,CO,ANM,WE,Federal Contract Tower,6,2,9,0,17,0,0,20,0,20,6,2,29,0,37,8,0,8,45
05/27/2002,EGE,CO,ANM,WE,Federal Contract Tower,6,8,13,0,27,0,1,21,0,22,6,9,34,0,49,6,0,6,55
05/28/2002,EGE,CO,ANM,WE,Federal Contract Tower,6,6,12,0,24,0,0,15,0,15,6,6,27,0,39,0,0,0,39
05/29/2002,EGE,CO,ANM,WE,Federal Contract Tower,6,3,7,0,16,0,0,24,0,24,6,3,31,0,40,6,0,6,46
05/30/2002,EGE,CO,ANM,WE,Federal Contract Tower,5,2,8,0,15,0,0,36,4,40,5,2,44,4,55,12,4,16,71
05/31/2002,EGE,CO,ANM,WE,Federal Contract Tower,6,11,11,0,28,0,1,41,5,47,6,12,52,5,75,6,8,14,89
06/01/2002,EGE,CO,ANM,WE,Federal Contract Tower,5,3,6,0,14,1,2,36,7,46,6,5,42,7,60,0,4,4,64
06/02/2002,EGE,CO,ANM,WE,Federal Contract Tower,4,4,17,0,25,0,2,35,4,41,4,6,52,4,66,68,12,80,146
06/03/2002,EGE,CO,ANM,WE,Federal Contract Tower,2,3,18,0,23,0,3,18,0,21,2,6,36,0,44,2,0,2,46
06/04/2002,EGE,CO,ANM,WE,Federal Contract Tower,3,0,10,0,13,0,0,7,4,11,3,0,17,4,24,0,8,8,32
06/05/2002,EGE,CO,ANM,WE,Federal Contract Tower,6,8,12,0,26,0,1,41,4,46,6,9,53,4,72,34,0,34,106
06/06/2002,EGE,CO,ANM,WE,Federal Contract Tower,6,5,9,0,20,0,0,33,14,47,6,5,42,14,67,24,38,62,129
06/07/2002,EGE,CO,ANM,WE,Federal Contract Tower,6,3,11,1,21,0,0,38,5,43,6,3,49,6,64,20,10,30,94
06/08/2002,EGE,CO,ANM,WE,Federal Contract Tower,4,8,7,0,19,0,0,21,0,21,4,8,28,0,40,12,0,12,52
06/09/2002,EGE,CO,ANM,WE,Federal Contract Tower,6,19,10,0,35,0,0,17,0,17,6,19,27,0,52,0,0,0,52
06/10/2002,EGE,CO,ANM,WE,Federal Contract Tower,3,3,10,1,17,0,0,30,0,30,3,3,40,1,47,0,0,0,47
06/11/2002,EGE,CO,ANM,WE,Federal Contract Tower,6,7,10,2,25,0,0,30,10,40,6,7,40,12,65,0,6,6,71
06/12/2002,EGE,CO,ANM,WE,Federal Contract Tower,6,7,16,0,29,0,0,21,6,27,6,7,37,6,56,0,0,0,56
06/13/2002,EGE,CO,ANM,WE,Federal Contract Tower,6,13,20,0,39,0,0,26,3,29,6,13,46,3,68,8,4,12,80
06/14/2002,EGE,CO,ANM,WE,Federal Contract Tower,6,14,14,0,34,0,0,42,5,47,6,14,56,5,81,14,12,26,107
06/15/2002,EGE,CO,ANM,WE,Federal Contract Tower,6,8,10,0,24,0,0,75,2,77,6,8,85,2,101,46,2,48,149
06/16/2002,EGE,CO,ANM,WE,Federal Contract Tower,6,8,24,0,38,0,2,32,0,34,6,10,56,0,72,10,0,10,82
06/17/2002,EGE,CO,ANM,WE,Federal Contract Tower,6,11,12,0,29,0,0,18,4,22,6,11,30,4,51,0,0,0,51
06/18/2002,EGE,CO,ANM,WE,Federal Contract Tower,6,16,14,0,36,0,1,38,4,43,6,17,52,4,79,8,6,14,93
06/19/2002,EGE,CO,ANM,WE,Federal Contract Tower,6,23,15,0,44,0,0,36,8,44,6,23,51,8,88,26,12,38,126
06/20/2002,EGE,CO,ANM,WE,Federal Contract Tower,6,11,37,1,55,0,1,35,10,46,6,12,72,11,101,20,4,24,125
06/21/2002,EGE,CO,ANM,WE,Federal Contract Tower,6,8,28,5,47,0,0,22,19,41,6,8,50,24,88,10,20,30,118
06/22/2002,EGE,CO,ANM,WE,Federal Contract Tower,6,15,23,0,44,0,0,20,0,20,6,15,43,0,64,30,0,30,94
06/23/2002,EGE,CO,ANM,WE,Federal Contract Tower,6,26,42,5,79,0,0,35,5,40,6,26,77,10,119,12,4,16,135
06/24/2002,EGE,CO,ANM,WE,Federal Contract Tower,6,12,25,0,43,0,0,30,0,30,6,12,55,0,73,0,0,0,73
06/25/2002,EGE,CO,ANM,WE,Federal Contract Tower,6,19,24,0,49,0,0,32,13,45,6,19,56,13,94,4,10,14,108
06/26/2002,EGE,CO,ANM,WE,Federal Contract Tower,4,17,25,0,46,0,0,31,12,43,4,17,56,12,89,0,22,22,111
06/27/2002,EGE,CO,ANM,WE,Federal Contract Tower,6,14,24,0,44,0,0,29,17,46,6,14,53,17,90,10,9,19,109
06/28/2002,EGE,CO,ANM,WE,Federal Contract Tower,6,29,29,0,64,0,3,32,4,39,6,32,61,4,103,4,8,12,115
06/29/2002,EGE,CO,ANM,WE,Federal Contract Tower,6,25,32,0,63,0,0,29,2,31,6,25,61,2,94,15,0,15,109
06/30/2002,EGE,CO,ANM,WE,Federal Contract Tower,6,18,35,0,59,0,0,19,0,19,6,18,54,0,78,4,16,20,98
07/01/2002,EGE,CO,ANM,WE,Federal Contract Tower,4,24,15,0,43,0,2,25,6,33,4,26,40,6,76,22,8,30,106
07/02/2002,EGE,CO,ANM,WE,Federal Contract Tower,5,22,40,0,67,0,1,27,6,34,5,23,67,6,101,2,0,2,103
07/03/2002,EGE,CO,ANM,WE,Federal Contract Tower,6,27,55,0,88,0,0,18,6,24,6,27,73,6,112,4,6,10,122
07/04/2002,EGE,CO,ANM,WE,Federal Contract Tower,5,4,8,0,17,0,0,10,0,10,5,4,18,0,27,6,0,6,33
07/05/2002,EGE,CO,ANM,WE,Federal Contract Tower,6,22,11,0,39,0,0,22,1,23,6,22,33,1,62,10,0,10,72
07/06/2002,EGE,CO,ANM,WE,Federal Contract Tower,6,27,15,0,48,0,1,44,0,45,6,28,59,0,93,28,0,28,121
07/07/2002,EGE,CO,ANM,WE,Federal Contract Tower,4,47,69,0,120,0,0,61,2,63,4,47,130,2,183,6,0,6,189
07/08/2002,EGE,CO,ANM,WE,Federal Contract Tower,6,20,39,0,65,0,0,32,0,32,6,20,71,0,97,26,0,26,123
07/09/2002,EGE,CO,ANM,WE,Federal Contract Tower,5,26,20,0,51,0,3,35,14,52,5,29,55,14,103,22,36,58,161
07/10/2002,EGE,CO,ANM,WE,Federal Contract Tower,5,17,29,0,51,0,2,42,17,61,5,19,71,17,112,0,48,48,160
07/11/2002,EGE,CO,ANM,WE,Federal Contract Tower,6,24,43,0,73,0,0,22,15,37,6,24,65,15,110,4,4,8,118
07/12/2002,EGE,CO,ANM,WE,Federal Contract Tower,6,24,31,0,61,0,0,25,8,33,6,24,56,8,94,9,2,11,105
07/13/2002,EGE,CO,ANM,WE,Federal Contract Tower,6,19,22,0,47,0,0,25,2,27,6,19,47,2,74,47,0,47,121
07/14/2002,EGE,CO,ANM,WE,Federal Contract Tower,6,28,46,0,80,0,0,45,1,46,6,28,91,1,126,12,0,12,138
07/15/2002,EGE,CO,ANM,WE,Federal Contract Tower,6,20,24,4,54,0,0,40,0,40,6,20,64,4,94,28,0,28,122
07/16/2002,EGE,CO,ANM,WE,Federal Contract Tower,6,17,29,0,52,0,1,40,18,59,6,18,69,18,111,52,36,88,199
07/17/2002,EGE,CO,ANM,WE,Federal Contract Tower,6,16,12,0,34,0,0,45,22,67,6,16,57,22,101,48,20,68,169
07/18/2002,EGE,CO,ANM,WE,Federal Contract Tower,6,32,36,0,74,0,1,51,24,76,6,33,87,24,150,4,14,18,168
07/19/2002,EGE,CO,ANM,WE,Federal Contract Tower,6,20,28,0,54,0,0,29,32,61,6,20,57,32,115,20,2,22,137
07/20/2002,EGE,CO,ANM,WE,Federal Contract Tower,6,12,16,0,34,0,0,33,1,34,6,12,49,1,68,20,0,20,88
07/21/2002,EGE,CO,ANM,WE,Federal Contract Tower,6,33,52,0,91,0,3,29,5,37,6,36,81,5,128,16,2,18,146
07/22/2002,EGE,CO,ANM,WE,Federal Contract Tower,6,18,20,0,44,0,0,48,8,56,6,18,68,8,100,16,12,28,128
07/23/2002,EGE,CO,ANM,WE,Federal Contract Tower,6,27,20,0,53,0,1,47,20,68,6,28,67,20,121,52,26,78,199
07/24/2002,EGE,CO,ANM,WE,Federal Contract Tower,6,23,30,0,59,0,4,24,42,70,6,27,54,42,129,12,30,42,171
07/25/2002,EGE,CO,ANM,WE,Federal Contract Tower,6,23,20,0,49,0,1,48,22,71,6,24,68,22,120,40,12,52,172
07/26/2002,EGE,CO,ANM,WE,Federal Contract Tower,6,19,36,0,61,0,0,49,30,79,6,19,85,30,140,44,4,48,188
07/27/2002,EGE,CO,ANM,WE,Federal Contract Tower,6,13,16,0,35,0,0,32,0,32,6,13,48,0,67,6,0,6,73
07/28/2002,EGE,CO,ANM,WE,Federal Contract Tower,6,31,47,0,84,0,2,19,1,22,6,33,66,1,106,8,0,8,114
07/29/2002,EGE,CO,ANM,WE,Federal Contract Tower,6,17,28,1,52,0,2,51,8,61,6,19,79,9,113,10,4,14,127
07/30/2002,EGE,CO,ANM,WE,Federal Contract Tower,6,19,14,1,40,0,1,54,18,73,6,20,68,19,113,12,58,70,183
07/31/2002,EGE,CO,ANM,WE,Federal Contract Tower,6,19,33,0,58,0,1,50,24,75,6,20,83,24,133,12,10,22,155
08/01/2002,EGE,CO,ANM,WE,Federal Contract Tower,6,25,29,0,60,0,2,58,30,90,6,27,87,30,150,0,20,20,170
08/02/2002,EGE,CO,ANM,WE,Federal Contract Tower,6,30,29,0,65,0,0,34,16,50,6,30,63,16,115,40,8,48,163
08/03/2002,EGE,CO,ANM,WE,Federal Contract Tower,6,32,27,0,65,0,0,25,0,25,6,32,52,0,90,54,0,54,144
08/04/2002,EGE,CO,ANM,WE,Federal Contract Tower,8,28,45,1,82,0,5,38,1,44,8,33,83,2,126,0,0,0,126
08/05/2002,EGE,CO,ANM,WE,Federal Contract Tower,6,23,37,0,66,0,0,41,0,41,6,23,78,0,107,26,0,26,133
08/06/2002,EGE,CO,ANM,WE,Federal Contract Tower,5,23,26,0,54,0,3,51,24,78,5,26,77,24,132,12,22,34,166
08/07/2002,EGE,CO,ANM,WE,Federal Contract Tower,6,21,38,0,65,0,4,47,28,79,6,25,85,28,144,60,28,88,232
08/08/2002,EGE,CO,ANM,WE,Federal Contract Tower,4,24,31,1,60,0,2,43,13,58,4,26,74,14,118,10,8,18,136
08/09/2002,EGE,CO,ANM,WE,Federal Contract Tower,6,38,37,0,81,0,5,57,15,77,6,43,94,15,158,18,6,24,182
08/10/2002,EGE,CO,ANM,WE,Federal Contract Tower,6,14,29,0,49,0,4,26,0,30,6,18,55,0,79,16,0,16,95
08/11/2002,EGE,CO,ANM,WE,Federal Contract Tower,6,40,44,0,90,0,0,32,0,32,6,40,76,0,122,0,0,0,122
08/12/2002,EGE,CO,ANM,WE,Federal Contract Tower,6,30,31,0,67,0,0,38,2,40,6,30,69,2,107,2,6,8,115
08/13/2002,EGE,CO,ANM,WE,Federal Contract Tower,6,23,25,0,54,0,2,38,16,56,6,25,63,16,110,8,12,20,130
08/14/2002,EGE,CO,ANM,WE,Federal Contract Tower,6,21,36,0,63,0,2,62,10,74,6,23,98,10,137,24,36,60,197
08/15/2002,EGE,CO,ANM,WE,Federal Contract Tower,6,15,11,0,32,0,0,31,19,50,6,15,42,19,82,32,38,70,152
08/16/2002,EGE,CO,ANM,WE,Federal Contract Tower,6,26,22,1,55,0,4,34,5,43,6,30,56,6,98,0,4,4,102
08/17/2002,EGE,CO,ANM,WE,Federal Contract Tower,6,29,28,2,65,0,4,36,1,41,6,33,64,3,106,36,0,36,142
08/18/2002,EGE,CO,ANM,WE,Federal Contract Tower,6,37,40,0,83,0,0,31,3,34,6,37,71,3,117,16,0,16,133
08/19/2002,EGE,CO,ANM,WE,Federal Contract Tower,6,24,16,0,46,0,0,35,6,41,6,24,51,6,87,26,6,32,119
08/20/2002,EGE,CO,ANM,WE,Federal Contract Tower,4,34,27,0,65,0,1,25,15,41,4,35,52,15,106,40,14,54,160
08/21/2002,EGE,CO,ANM,WE,Federal Contract Tower,5,19,21,0,45,0,6,25,17,48,5,25,46,17,93,46,10,56,149
08/22/2002,EGE,CO,ANM,WE,Federal Contract Tower,4,23,23,0,50,0,2,35,14,51,4,25,58,14,101,20,10,30,131
08/23/2002,EGE,CO,ANM,WE,Federal Contract Tower,5,24,28,0,57,0,4,35,12,51,5,28,63,12,108,56,8,64,172
08/24/2002,EGE,CO,ANM,WE,Federal Contract Tower,7,13,18,0,38,1,6,44,0,51,8,19,62,0,89,14,0,14,103
08/25/2002,EGE,CO,ANM,WE,Federal Contract Tower,6,26,33,0,65,0,0,32,0,32,6,26,65,0,97,3,3,6,103
08/26/2002,EGE,CO,ANM,WE,Federal Contract Tower,4,14,23,0,41,0,1,15,0,16,4,15,38,0,57,0,0,0,57
08/27/2002,EGE,CO,ANM,WE,Federal Contract Tower,6,12,14,0,32,0,0,25,10,35,6,12,39,10,67,4,12,16,83
08/28/2002,EGE,CO,ANM,WE,Federal Contract Tower,6,12,32,0,50,0,0,27,28,55,6,12,59,28,105,52,34,86,191
08/29/2002,EGE,CO,ANM,WE,Federal Contract Tower,2,20,31,0,53,0,2,25,16,43,2,22,56,16,96,2,22,24,120
08/30/2002,EGE,CO,ANM,WE,Federal Contract Tower,6,30,32,0,68,0,3,43,1,47,6,33,75,1,115,10,0,10,125
08/31/2002,EGE,CO,ANM,WE,Federal Contract Tower,6,8,22,0,36,0,0,30,1,31,6,8,52,1,67,62,0,62,129
09/01/2002,EGE,CO,ANM,WE,Federal Contract Tower,6,12,17,1,36,0,2,33,1,36,6,14,50,2,72,20,2,22,94
09/02/2002,EGE,CO,ANM,WE,Federal Contract Tower,4,26,40,0,70,0,1,50,0,51,4,27,90,0,121,44,0,44,165
09/03/2002,EGE,CO,ANM,WE,Federal Contract Tower,6,16,25,0,47,0,1,19,0,20,6,17,44,0,67,26,0,26,93
09/04/2002,EGE,CO,ANM,WE,Federal Contract Tower,6,6,16,0,28,0,1,27,2,30,6,7,43,2,58,26,10,36,94
09/05/2002,EGE,CO,ANM,WE,Federal Contract Tower,5,15,22,0,42,0,2,32,0,34,5,17,54,0,76,18,0,18,94
09/06/2002,EGE,CO,ANM,WE,Federal Contract Tower,5,17,22,0,44,0,1,32,1,34,5,18,54,1,78,42,0,42,120
09/07/2002,EGE,CO,ANM,WE,Federal Contract Tower,5,8,16,0,29,0,1,13,3,17,5,9,29,3,46,10,0,10,56
09/08/2002,EGE,CO,ANM,WE,Federal Contract Tower,5,14,23,0,42,0,1,24,1,26,5,15,47,1,68,42,0,42,110
09/09/2002,EGE,CO,ANM,WE,Federal Contract Tower,5,15,21,0,41,0,1,10,1,12,5,16,31,1,53,0,0,0,53
09/10/2002,EGE,CO,ANM,WE,Federal Contract Tower,4,12,18,0,34,0,1,12,22,35,4,13,30,22,69,36,56,92,161
09/11/2002,EGE,CO,ANM,WE,Federal Contract Tower,3,3,14,0,20,0,2,6,20,28,3,5,20,20,48,38,23,61,109
09/12/2002,EGE,CO,ANM,WE,Federal Contract Tower,7,18,37,0,62,0,1,0,0,1,7,19,37,0,63,12,26,38,101
09/13/2002,EGE,CO,ANM,WE,Federal Contract Tower,5,18,37,0,60,0,1,21,19,41,5,19,58,19,101,0,14,14,115
09/14/2002,EGE,CO,ANM,WE,Federal Contract Tower,5,14,31,0,50,0,1,46,3,50,5,15,77,3,100,28,0,28,128
09/15/2002,EGE,CO,ANM,WE,Federal Contract Tower,5,13,41,0,59,0,1,43,6,50,5,14,84,6,109,24,28,52,161
09/16/2002,EGE,CO,ANM,WE,Federal Contract Tower,5,7,17,0,29,0,0,29,0,29,5,7,46,0,58,0,0,0,58
09/17/2002,EGE,CO,ANM,WE,Federal Contract Tower,5,6,22,0,33,0,0,25,14,39,5,6,47,14,72,28,28,56,128
09/18/2002,EGE,CO,ANM,WE,Federal Contract Tower,5,6,25,0,36,0,0,6,14,20,5,6,31,14,56,0,8,8,64
09/19/2002,EGE,CO,ANM,WE,Federal Contract Tower,5,15,22,0,42,0,1,47,17,65,5,16,69,17,107,42,18,60,167
09/20/2002,EGE,CO,ANM,WE,Federal Contract Tower,5,23,25,0,53,0,2,56,13,71,5,25,81,13,124,52,40,92,216
09/21/2002,EGE,CO,ANM,WE,Federal Contract Tower,5,11,12,0,28,0,1,59,0,60,5,12,71,0,88,36,0,36,124
09/22/2002,EGE,CO,ANM,WE,Federal Contract Tower,7,19,37,0,63,0,2,51,2,55,7,21,88,2,118,32,0,32,150
09/23/2002,EGE,CO,ANM,WE,Federal Contract Tower,5,11,25,0,41,0,2,47,3,52,5,13,72,3,93,10,0,10,103
09/24/2002,EGE,CO,ANM,WE,Federal Contract Tower,5,8,10,0,23,0,0,31,6,37,5,8,41,6,60,18,6,24,84
09/25/2002,EGE,CO,ANM,WE,Federal Contract Tower,5,16,14,0,35,0,0,38,13,51,5,16,52,13,86,3,12,15,101
09/26/2002,EGE,CO,ANM,WE,Federal Contract Tower,5,13,21,0,39,0,0,18,10,28,5,13,39,10,67,8,16,24,91
09/27/2002,EGE,CO,ANM,WE,Federal Contract Tower,5,14,13,3,35,0,0,34,9,43,5,14,47,12,78,6,8,14,92
09/28/2002,EGE,CO,ANM,WE,Federal Contract Tower,5,12,15,0,32,0,2,29,4,35,5,14,44,4,67,26,0,26,93
09/29/2002,EGE,CO,ANM,WE,Federal Contract Tower,5,25,23,1,54,0,3,20,4,27,5,28,43,5,81,28,0,28,109
09/30/2002,EGE,CO,ANM,WE,Federal Contract Tower,4,6,15,0,25,1,5,20,2,28,5,11,35,2,53,18,0,18,71
10/01/2002,EGE,CO,ANM,WE,Federal Contract Tower,3,3,11,0,17,0,1,28,28,57,3,4,39,28,74,12,74,86,160
10/02/2002,EGE,CO,ANM,WE,Federal Contract Tower,3,9,13,0,25,0,0,7,34,41,3,9,20,34,66,22,44,66,132
10/03/2002,EGE,CO,ANM,WE,Federal Contract Tower,3,14,14,0,31,0,0,3,29,32,3,14,17,29,63,21,44,65,128
10/04/2002,EGE,CO,ANM,WE,Federal Contract Tower,5,5,15,0,25,0,0,30,33,63,5,5,45,33,88,36,26,62,150
10/05/2002,EGE,CO,ANM,WE,Federal Contract Tower,5,5,10,0,20,0,1,19,1,21,5,6,29,1,41,22,0,22,63
10/06/2002,EGE,CO,ANM,WE,Federal Contract Tower,5,7,10,0,22,0,1,22,7,30,5,8,32,7,52,10,0,10,62
10/07/2002,EGE,CO,ANM,WE,Federal Contract Tower,5,17,4,0,26,0,0,25,0,25,5,17,29,0,51,12,0,12,63
10/08/2002,EGE,CO,ANM,WE,Federal Contract Tower,5,7,9,0,21,0,0,36,22,58,5,7,45,22,79,44,40,84,163
10/09/2002,EGE,CO,ANM,WE,Federal Contract Tower,5,4,8,0,17,0,0,27,34,61,5,4,35,34,78,22,25,47,125
10/10/2002,EGE,CO,ANM,WE,Federal Contract Tower,5,4,12,0,21,0,0,33,26,59,5,4,45,26,80,12,47,59,139
10/11/2002,EGE,CO,ANM,WE,Federal Contract Tower,5,8,16,2,31,0,0,21,16,37,5,8,37,18,68,6,16,22,90
10/12/2002,EGE,CO,ANM,WE,Federal Contract Tower,5,6,4,0,15,0,0,242,8,250,5,6,246,8,265,62,8,70,335
10/13/2002,EGE,CO,ANM,WE,Federal Contract Tower,4,10,19,0,33,1,0,58,0,59,5,10,77,0,92,26,0,26,118
10/14/2002,EGE,CO,ANM,WE,Federal Contract Tower,5,6,16,0,27,0,1,39,0,40,5,7,55,0,67,36,0,36,103
10/15/2002,EGE,CO,ANM,WE,Federal Contract Tower,3,5,14,0,22,0,0,27,0,27,3,5,41,0,49,0,0,0,49
10/16/2002,EGE,CO,ANM,WE,Federal Contract Tower,5,13,7,1,26,0,0,34,0,34,5,13,41,1,60,32,8,40,100
10/17/2002,EGE,CO,ANM,WE,Federal Contract Tower,5,7,13,0,25,0,0,22,1,23,5,7,35,1,48,34,0,34,82
10/18/2002,EGE,CO,ANM,WE,Federal Contract Tower,5,11,9,0,25,0,0,42,0,42,5,11,51,0,67,0,0,0,67
10/19/2002,EGE,CO,ANM,WE,Federal Contract Tower,5,5,8,0,18,0,0,34,0,34,5,5,42,0,52,44,0,44,96
10/20/2002,EGE,CO,ANM,WE,Federal Contract Tower,5,5,13,0,23,0,2,39,2,43,5,7,52,2,66,54,12,66,132
10/21/2002,EGE,CO,ANM,WE,Federal Contract Tower,5,6,6,0,17,0,0,25,0,25,5,6,31,0,42,36,0,36,78
10/22/2002,EGE,CO,ANM,WE,Federal Contract Tower,5,14,14,0,33,0,1,17,0,18,5,15,31,0,51,0,0,0,51
10/23/2002,EGE,CO,ANM,WE,Federal Contract Tower,6,5,9,0,20,0,0,4,2,6,6,5,13,2,26,4,22,26,52
10/24/2002,EGE,CO,ANM,WE,Federal Contract Tower,5,4,7,0,16,0,0,5,0,5,5,4,12,0,21,5,0,5,26
10/25/2002,EGE,CO,ANM,WE,Federal Contract Tower,3,5,12,0,20,0,0,14,0,14,3,5,26,0,34,0,0,0,34
10/26/2002,EGE,CO,ANM,WE,Federal Contract Tower,5,0,2,0,7,0,0,10,0,10,5,0,12,0,17,50,0,50,67
10/27/2002,EGE,CO,ANM,WE,Federal Contract Tower,5,6,10,0,21,0,0,5,0,5,5,6,15,0,26,22,0,22,48
10/28/2002,EGE,CO,ANM,WE,Federal Contract Tower,5,1,13,0,19,0,0,10,0,10,5,1,23,0,29,8,0,8,37
10/29/2002,EGE,CO,ANM,WE,Federal Contract Tower,6,1,13,0,20,0,0,5,0,5,6,1,18,0,25,22,0,22,47
10/30/2002,EGE,CO,ANM,WE,Federal Contract Tower,3,9,11,0,23,0,1,8,0,9,3,10,19,0,32,0,0,0,32
10/31/2002,EGE,CO,ANM,WE,Federal Contract Tower,2,1,5,0,8,0,0,2,0,2,2,1,7,0,10,0,0,0,10
11/01/2002,EGE,CO,ANM,WE,Federal Contract Tower,3,5,6,0,14,0,1,4,0,5,3,6,10,0,19,0,0,0,19
11/02/2002,EGE,CO,ANM,WE,Federal Contract Tower,2,0,5,0,7,0,1,2,0,3,2,1,7,0,10,16,0,16,26
11/03/2002,EGE,CO,ANM,WE,Federal Contract Tower,5,9,6,0,20,0,0,39,0,39,5,9,45,0,59,42,0,42,101
11/04/2002,EGE,CO,ANM,WE,Federal Contract Tower,5,11,5,0,21,0,0,18,0,18,5,11,23,0,39,45,0,45,84
11/05/2002,EGE,CO,ANM,WE,Federal Contract Tower,5,2,8,0,15,0,0,24,0,24,5,2,32,0,39,26,0,26,65
11/06/2002,EGE,CO,ANM,WE,Federal Contract Tower,5,4,7,0,16,0,2,28,0,30,5,6,35,0,46,12,0,12,58
11/07/2002,EGE,CO,ANM,WE,Federal Contract Tower,6,4,8,1,19,0,1,28,1,30,6,5,36,2,49,12,0,12,61
11/08/2002,EGE,CO,ANM,WE,Federal Contract Tower,5,8,15,0,28,0,0,6,0,6,5,8,21,0,34,6,0,6,40
11/09/2002,EGE,CO,ANM,WE,Federal Contract Tower,3,3,8,0,14,0,0,1,0,1,3,3,9,0,15,0,0,0,15
11/10/2002,EGE,CO,ANM,WE,Federal Contract Tower,4,7,10,0,21,1,2,0,0,3,5,9,10,0,24,0,0,0,24
11/11/2002,EGE,CO,ANM,WE,Federal Contract Tower,5,4,14,0,23,0,1,4,2,7,5,5,18,2,30,0,0,0,30
11/12/2002,EGE,CO,ANM,WE,Federal Contract Tower,5,2,9,0,16,0,0,33,2,35,5,2,42,2,51,42,0,42,93
11/13/2002,EGE,CO,ANM,WE,Federal Contract Tower,4,3,11,2,20,0,1,15,0,16,4,4,26,2,36,62,0,62,98
11/14/2002,EGE,CO,ANM,WE,Federal Contract Tower,5,9,6,0,20,0,0,19,17,36,5,9,25,17,56,34,28,62,118
11/15/2002,EGE,CO,ANM,WE,Federal Contract Tower,6,8,12,2,28,0,4,20,18,42,6,12,32,20,70,32,24,56,126
11/16/2002,EGE,CO,ANM,WE,Federal Contract Tower,5,8,8,0,21,0,2,26,1,29,5,10,34,1,50,6,0,6,56
11/17/2002,EGE,CO,ANM,WE,Federal Contract Tower,5,12,15,2,34,0,0,30,1,31,5,12,45,3,65,33,0,33,98
11/18/2002,EGE,CO,ANM,WE,Federal Contract Tower,5,4,14,0,23,0,0,32,2,34,5,4,46,2,57,14,0,14,71
11/19/2002,EGE,CO,ANM,WE,Federal Contract Tower,6,3,4,0,13,0,0,37,20,57,6,3,41,20,70,44,32,76,146
11/20/2002,EGE,CO,ANM,WE,Federal Contract Tower,5,5,11,1,22,0,0,28,20,48,5,5,39,21,70,4,30,34,104
11/21/2002,EGE,CO,ANM,WE,Federal Contract Tower,5,7,4,0,16,0,1,31,13,45,5,8,35,13,61,0,0,0,61
11/22/2002,EGE,CO,ANM,WE,Federal Contract Tower,5,16,15,0,36,0,0,35,8,43,5,16,50,8,79,48,8,56,135
11/23/2002,EGE,CO,ANM,WE,Federal Contract Tower,5,16,17,0,38,0,0,22,2,24,5,16,39,2,62,28,0,28,90
11/24/2002,EGE,CO,ANM,WE,Federal Contract Tower,5,15,20,0,40,0,0,8,0,8,5,15,28,0,48,8,0,8,56
11/25/2002,EGE,CO,ANM,WE,Federal Contract Tower,4,9,16,0,29,0,0,8,1,9,4,9,24,1,38,8,0,8,46
11/26/2002,EGE,CO,ANM,WE,Federal Contract Tower,5,28,25,1,59,0,3,23,9,35,5,31,48,10,94,48,8,56,150
11/27/2002,EGE,CO,ANM,WE,Federal Contract Tower,7,20,39,0,66,2,1,30,0,33,9,21,69,0,99,12,0,12,111
11/28/2002,EGE,CO,ANM,WE,Federal Contract Tower,7,8,9,0,24,0,1,15,0,16,7,9,24,0,40,10,0,10,50
11/29/2002,EGE,CO,ANM,WE,Federal Contract Tower,6,14,17,0,37,0,0,32,0,32,6,14,49,0,69,26,0,26,95
11/30/2002,EGE,CO,ANM,WE,Federal Contract Tower,7,21,31,0,59,0,0,32,0,32,7,21,63,0,91,28,0,28,119
12/01/2002,EGE,CO,ANM,WE,Federal Contract Tower,7,34,87,0,128,0,0,6,0,6,7,34,93,0,134,0,0,0,134
12/02/2002,EGE,CO,ANM,WE,Federal Contract Tower,7,24,18,0,49,0,0,13,2,15,7,24,31,2,64,0,0,0,64
12/03/2002,EGE,CO,ANM,WE,Federal Contract Tower,7,11,21,0,39,0,0,32,14,46,7,11,53,14,85,40,28,68,153
12/04/2002,EGE,CO,ANM,WE,Federal Contract Tower,7,3,8,0,18,0,0,21,22,43,7,3,29,22,61,22,34,56,117
12/05/2002,EGE,CO,ANM,WE,Federal Contract Tower,7,12,18,0,37,0,0,20,16,36,7,12,38,16,73,14,46,60,133
12/06/2002,EGE,CO,ANM,WE,Federal Contract Tower,7,15,25,0,47,0,0,40,9,49,7,15,65,9,96,12,6,18,114
12/07/2002,EGE,CO,ANM,WE,Federal Contract Tower,7,9,11,0,27,0,0,27,3,30,7,9,38,3,57,50,0,50,107
12/08/2002,EGE,CO,ANM,WE,Federal Contract Tower,7,27,21,0,55,0,0,35,2,37,7,27,56,2,92,4,0,4,96
12/09/2002,EGE,CO,ANM,WE,Federal Contract Tower,7,6,7,0,20,0,0,18,0,18,7,6,25,0,38,6,0,6,44
12/10/2002,EGE,CO,ANM,WE,Federal Contract Tower,7,7,24,0,38,0,2,24,13,39,7,9,48,13,77,4,38,42,119
12/11/2002,EGE,CO,ANM,WE,Federal Contract Tower,7,5,10,0,22,0,0,13,28,41,7,5,23,28,63,10,24,34,97
12/12/2002,EGE,CO,ANM,WE,Federal Contract Tower,9,12,23,0,44,0,0,10,26,36,9,12,33,26,80,12,28,40,120
12/13/2002,EGE,CO,ANM,WE,Federal Contract Tower,14,5,24,0,43,0,1,35,26,62,14,6,59,26,105,16,14,30,135
12/14/2002,EGE,CO,ANM,WE,Federal Contract Tower,14,15,19,0,48,1,4,28,2,35,15,19,47,2,83,28,0,28,111
12/15/2002,EGE,CO,ANM,WE,Federal Contract Tower,16,14,30,0,60,1,0,15,8,24,17,14,45,8,84,18,0,18,102
12/16/2002,EGE,CO,ANM,WE,Federal Contract Tower,19,11,13,0,43,0,0,14,0,14,19,11,27,0,57,0,0,0,57
12/17/2002,EGE,CO,ANM,WE,Federal Contract Tower,19,16,24,0,59,0,0,0,22,22,19,16,24,22,81,16,34,50,131
12/18/2002,EGE,CO,ANM,WE,Federal Contract Tower,22,29,47,0,98,0,0,11,18,29,22,29,58,18,127,1,8,9,136
12/19/2002,EGE,CO,ANM,WE,Federal Contract Tower,24,19,39,2,84,0,0,25,32,57,24,19,64,34,141,2,16,18,159
12/20/2002,EGE,CO,ANM,WE,Federal Contract Tower,22,39,89,0,150,2,0,34,8,44,24,39,123,8,194,10,12,22,216
12/21/2002,EGE,CO,ANM,WE,Federal Contract Tower,37,47,79,0,163,0,4,23,2,29,37,51,102,2,192,30,0,30,222
12/22/2002,EGE,CO,ANM,WE,Federal Contract Tower,29,32,62,0,123,0,2,33,3,38,29,34,95,3,161,26,0,26,187
12/23/2002,EGE,CO,ANM,WE,Federal Contract Tower,21,49,37,0,107,2,2,23,1,28,23,51,60,1,135,0,0,0,135
12/24/2002,EGE,CO,ANM,WE,Federal Contract Tower,24,12,26,0,62,0,0,3,0,3,24,12,29,0,65,0,0,0,65
12/25/2002,EGE,CO,ANM,WE,Federal Contract Tower,28,29,20,2,79,0,0,0,0,0,28,29,20,2,79,12,0,12,91
12/26/2002,EGE,CO,ANM,WE,Federal Contract Tower,24,43,144,0,211,0,0,18,0,18,24,43,162,0,229,8,0,8,237
12/27/2002,EGE,CO,ANM,WE,Federal Contract Tower,25,53,115,0,193,1,1,44,2,48,26,54,159,2,241,2,2,4,245
12/28/2002,EGE,CO,ANM,WE,Federal Contract Tower,37,50,75,0,162,2,2,43,1,48,39,52,118,1,210,41,0,41,251
12/29/2002,EGE,CO,ANM,WE,Federal Contract Tower,27,35,76,0,138,0,0,33,1,34,27,35,109,1,172,27,0,27,199
12/30/2002,EGE,CO,ANM,WE,Federal Contract Tower,24,38,40,0,102,1,0,41,1,43,25,38,81,1,145,22,0,22,167
12/31/2002,EGE,CO,ANM,WE,Federal Contract Tower,19,14,43,0,76,1,0,2,0,3,20,14,45,0,79,0,0,0,79
01/01/2003,EGE,CO,ANM,WE,Federal Contract Tower,25,54,84,0,163,1,0,3,0,4,26,54,87,0,167,0,0,0,167
01/02/2003,EGE,CO,ANM,WE,Federal Contract Tower,25,36,107,0,168,1,2,35,0,38,26,38,142,0,206,22,0,22,228
01/03/2003,EGE,CO,ANM,WE,Federal Contract Tower,24,42,78,0,144,1,1,38,0,40,25,43,116,0,184,26,0,26,210
01/04/2003,EGE,CO,ANM,WE,Federal Contract Tower,34,52,138,0,224,4,3,38,0,45,38,55,176,0,269,28,0,28,297
01/05/2003,EGE,CO,ANM,WE,Federal Contract Tower,28,41,74,0,143,0,0,29,0,29,28,41,103,0,172,0,0,0,172
01/06/2003,EGE,CO,ANM,WE,Federal Contract Tower,26,30,52,0,108,0,0,24,3,27,26,30,76,3,135,0,0,0,135
01/07/2003,EGE,CO,ANM,WE,Federal Contract Tower,24,15,21,0,60,1,0,52,11,64,25,15,73,11,124,18,18,36,160
01/08/2003,EGE,CO,ANM,WE,Federal Contract Tower,22,19,21,0,62,4,0,29,13,46,26,19,50,13,108,16,10,26,134
01/09/2003,EGE,CO,ANM,WE,Federal Contract Tower,23,25,35,2,85,3,0,49,15,67,26,25,84,17,152,16,9,25,177
01/10/2003,EGE,CO,ANM,WE,Federal Contract Tower,25,10,19,0,54,1,1,16,8,26,26,11,35,8,80,74,54,128,208
01/11/2003,EGE,CO,ANM,WE,Federal Contract Tower,36,4,21,0,61,1,0,1,6,8,37,4,22,6,69,0,0,0,69
01/12/2003,EGE,CO,ANM,WE,Federal Contract Tower,25,21,28,0,74,1,3,120,11,135,26,24,148,11,209,50,6,56,265
01/13/2003,EGE,CO,ANM,WE,Federal Contract Tower,26,10,12,0,48,1,2,32,4,39,27,12,44,4,87,54,18,72,159
01/14/2003,EGE,CO,ANM,WE,Federal Contract Tower,22,9,23,1,55,1,0,13,17,31,23,9,36,18,86,40,50,90,176
01/15/2003,EGE,CO,ANM,WE,Federal Contract Tower,26,31,25,0,82,1,0,5,12,18,27,31,30,12,100,14,58,72,172
01/16/2003,EGE,CO,ANM,WE,Federal Contract Tower,25,25,43,0,93,1,9,13,12,35,26,34,56,12,128,16,6,22,150
01/17/2003,EGE,CO,ANM,WE,Federal Contract Tower,25,41,36,0,102,1,0,19,22,42,26,41,55,22,144,24,28,52,196
01/18/2003,EGE,CO,ANM,WE,Federal Contract Tower,36,16,25,0,77,1,0,43,5,49,37,16,68,5,126,26,0,26,152
01/19/2003,EGE,CO,ANM,WE,Federal Contract Tower,26,20,35,2,83,1,0,34,8,43,27,20,69,10,126,24,0,24,150
01/20/2003,EGE,CO,ANM,WE,Federal Contract Tower,23,64,56,0,143,1,1,44,2,48,24,65,100,2,191,94,0,94,285
01/21/2003,EGE,CO,ANM,WE,Federal Contract Tower,23,15,36,0,74,1,0,22,18,41,24,15,58,18,115,48,12,60,175
01/22/2003,EGE,CO,ANM,WE,Federal Contract Tower,22,18,30,0,70,4,1,13,16,34,26,19,43,16,104,62,16,78,182
01/23/2003,EGE,CO,ANM,WE,Federal Contract Tower,26,22,49,0,97,0,2,22,25,49,26,24,71,25,146,58,32,90,236
01/24/2003,EGE,CO,ANM,WE,Federal Contract Tower,26,26,46,2,100,0,2,28,19,49,26,28,74,21,149,42,38,80,229
01/25/2003,EGE,CO,ANM,WE,Federal Contract Tower,37,11,27,0,75,0,2,29,0,31,37,13,56,0,106,48,0,48,154
01/26/2003,EGE,CO,ANM,WE,Federal Contract Tower,27,23,45,2,97,0,0,24,2,26,27,23,69,4,123,18,0,18,141
01/27/2003,EGE,CO,ANM,WE,Federal Contract Tower,26,30,38,0,94,1,0,20,0,21,27,30,58,0,115,38,0,38,153
01/28/2003,EGE,CO,ANM,WE,Federal Contract Tower,23,16,25,0,64,0,0,18,24,42,23,16,43,24,106,4,54,58,164
01/29/2003,EGE,CO,ANM,WE,Federal Contract Tower,25,30,24,0,79,4,2,26,21,53,29,32,50,21,132,0,36,36,168
01/30/2003,EGE,CO,ANM,WE,Federal Contract Tower,26,24,38,0,88,0,0,15,18,33,26,24,53,18,121,6,36,42,163
01/31/2003,EGE,CO,ANM,WE,Federal Contract Tower,25,37,40,0,102,1,1,26,8,36,26,38,66,8,138,22,16,38,176
02/01/2003,EGE,CO,ANM,WE,Federal Contract Tower,40,20,48,0,108,0,1,36,3,40,40,21,84,3,148,42,0,42,190
02/02/2003,EGE,CO,ANM,WE,Federal Contract Tower,23,30,54,0,107,0,0,8,0,8,23,30,62,0,115,28,0,28,143
02/03/2003,EGE,CO,ANM,WE,Federal Contract Tower,28,20,41,0,89,0,0,14,0,14,28,20,55,0,103,20,0,20,123
02/04/2003,EGE,CO,ANM,WE,Federal Contract Tower,23,17,43,0,83,0,2,16,13,31,23,19,59,13,114,36,30,66,180
02/05/2003,EGE,CO,ANM,WE,Federal Contract Tower,27,27,38,0,92,3,5,4,17,29,30,32,42,17,121,0,18,18,139
02/06/2003,EGE,CO,ANM,WE,Federal Contract Tower,25,26,57,0,108,0,0,5,4,9,25,26,62,4,117,10,0,10,127
02/07/2003,EGE,CO,ANM,WE,Federal Contract Tower,19,19,30,0,68,7,5,30,2,44,26,24,60,2,112,12,0,12,124
02/08/2003,EGE,CO,ANM,WE,Federal Contract Tower,39,14,16,0,69,0,0,39,0,39,39,14,55,0,108,8,0,8,116
02/09/2003,EGE,CO,ANM,WE,Federal Contract Tower,29,50,74,2,155,0,0,9,2,11,29,50,83,4,166,42,0,42,208
02/10/2003,EGE,CO,ANM,WE,Federal Contract Tower,26,17,31,0,74,0,0,10,0,10,26,17,41,0,84,60,0,60,144
02/11/2003,EGE,CO,ANM,WE,Federal Contract Tower,22,13,16,0,51,4,1,39,20,64,26,14,55,20,115,54,62,116,231
02/12/2003,EGE,CO,ANM,WE,Federal Contract Tower,26,21,25,0,72,0,0,32,31,63,26,21,57,31,135,28,60,88,223
02/13/2003,EGE,CO,ANM,WE,Federal Contract Tower,26,35,84,0,145,1,0,2,49,52,27,35,86,49,197,24,2,26,223
02/14/2003,EGE,CO,ANM,WE,Federal Contract Tower,26,53,80,0,159,0,0,5,6,11,26,53,85,6,170,14,0,14,184
02/15/2003,EGE,CO,ANM,WE,Federal Contract Tower,39,43,57,0,139,0,0,7,1,8,39,43,64,1,147,26,0,26,173
02/16/2003,EGE,CO,ANM,WE,Federal Contract Tower,29,44,58,0,131,0,0,26,0,26,29,44,84,0,157,18,0,18,175
02/17/2003,EGE,CO,ANM,WE,Federal Contract Tower,25,53,87,0,165,0,0,14,0,14,25,53,101,0,179,0,0,0,179
02/18/2003,EGE,CO,ANM,WE,Federal Contract Tower,25,52,53,0,130,0,0,15,17,32,25,52,68,17,162,58,32,90,252
02/19/2003,EGE,CO,ANM,WE,Federal Contract Tower,25,19,36,2,82,1,2,28,18,49,26,21,64,20,131,24,32,56,187
02/20/2003,EGE,CO,ANM,WE,Federal Contract Tower,24,25,42,1,92,3,0,33,13,49,27,25,75,14,141,36,32,68,209
02/21/2003,EGE,CO,ANM,WE,Federal Contract Tower,29,44,48,0,121,1,1,15,7,24,30,45,63,7,145,58,12,70,215
02/22/2003,EGE,CO,ANM,WE,Federal Contract Tower,41,40,62,0,143,0,0,4,0,4,41,40,66,0,147,0,0,0,147
02/23/2003,EGE,CO,ANM,WE,Federal Contract Tower,28,48,45,3,124,1,2,17,0,20,29,50,62,3,144,24,0,24,168
02/24/2003,EGE,CO,ANM,WE,Federal Contract Tower,24,9,24,0,57,0,1,9,0,10,24,10,33,0,67,42,0,42,109
02/25/2003,EGE,CO,ANM,WE,Federal Contract Tower,20,8,16,0,44,0,0,1,0,1,20,8,17,0,45,0,0,0,45
02/26/2003,EGE,CO,ANM,WE,Federal Contract Tower,28,17,40,0,85,1,1,3,26,31,29,18,43,26,116,12,72,84,200
02/27/2003,EGE,CO,ANM,WE,Federal Contract Tower,24,27,58,0,109,2,0,13,27,42,26,27,71,27,151,0,36,36,187
02/28/2003,EGE,CO,ANM,WE,Federal Contract Tower,28,8,44,0,80,0,1,8,40,49,28,9,52,40,129,4,32,36,165
03/01/2003,EGE,CO,ANM,WE,Federal Contract Tower,38,37,50,0,125,3,2,6,14,25,41,39,56,14,150,0,0,0,150
03/02/2003,EGE,CO,ANM,WE,Federal Contract Tower,29,44,66,0,139,1,0,24,0,25,30,44,90,0,164,60,0,60,224
03/03/2003,EGE,CO,ANM,WE,Federal Contract Tower,28,13,35,0,76,1,0,27,6,34,29,13,62,6,110,82,0,82,192
03/04/2003,EGE,CO,ANM,WE,Federal Contract Tower,21,4,24,0,49,1,0,0,8,9,22,4,24,8,58,0,28,28,86
03/05/2003,EGE,CO,ANM,WE,Federal Contract Tower,27,12,52,0,91,1,0,26,21,48,28,12,78,21,139,0,16,16,155
03/06/2003,EGE,CO,ANM,WE,Federal Contract Tower,28,17,52,0,97,0,0,5,19,24,28,17,57,19,121,10,12,22,143
03/07/2003,EGE,CO,ANM,WE,Federal Contract Tower,29,33,68,0,130,1,3,23,5,32,30,36,91,5,162,30,12,42,204
03/08/2003,EGE,CO,ANM,WE,Federal Contract Tower,42,59,49,0,150,0,1,39,2,42,42,60,88,2,192,0,0,0,192
03/09/2003,EGE,CO,ANM,WE,Federal Contract Tower,31,38,69,0,138,0,2,37,2,41,31,40,106,2,179,10,0,10,189
03/10/2003,EGE,CO,ANM,WE,Federal Contract Tower,29,28,32,2,91,0,0,31,2,33,29,28,63,4,124,0,0,0,124
03/11/2003,EGE,CO,ANM,WE,Federal Contract Tower,26,30,42,0,98,0,1,50,4,55,26,31,92,4,153,38,14,52,205
03/12/2003,EGE,CO,ANM,WE,Federal Contract Tower,28,18,45,0,91,0,0,37,30,67,28,18,82,30,158,48,12,60,218
03/13/2003,EGE,CO,ANM,WE,Federal Contract Tower,30,48,50,0,128,1,8,38,32,79,31,56,88,32,207,52,14,66,273
03/14/2003,EGE,CO,ANM,WE,Federal Contract Tower,28,64,75,0,167,2,10,37,9,58,30,74,112,9,225,30,8,38,263
03/15/2003,EGE,CO,ANM,WE,Federal Contract Tower,43,63,105,0,211,0,11,72,1,84,43,74,177,1,295,2,0,2,297
03/16/2003,EGE,CO,ANM,WE,Federal Contract Tower,31,62,58,2,153,0,0,4,0,4,31,62,62,2,157,0,0,0,157
03/17/2003,EGE,CO,ANM,WE,Federal Contract Tower,27,24,41,0,92,0,0,4,0,4,27,24,45,0,96,2,0,2,98
03/18/2003,EGE,CO,ANM,WE,Federal Contract Tower,16,13,31,0,60,0,1,11,3,15,16,14,42,3,75,34,28,62,137
03/19/2003,EGE,CO,ANM,WE,Federal Contract Tower,16,37,46,0,99,0,1,22,8,31,16,38,68,8,130,52,2,54,184
03/20/2003,EGE,CO,ANM,WE,Federal Contract Tower,18,50,98,0,166,0,0,26,8,34,18,50,124,8,200,14,0,14,214
03/21/2003,EGE,CO,ANM,WE,Federal Contract Tower,27,56,61,0,144,1,0,13,8,22,28,56,74,8,166,0,0,0,166
03/22/2003,EGE,CO,ANM,WE,Federal Contract Tower,43,57,80,0,180,0,36,36,0,72,43,93,116,0,252,26,0,26,278
03/23/2003,EGE,CO,ANM,WE,Federal Contract Tower,31,71,64,0,166,0,2,19,1,22,31,73,83,1,188,0,0,0,188
03/24/2003,EGE,CO,ANM,WE,Federal Contract Tower,28,16,23,0,67,0,0,0,0,0,28,16,23,0,67,28,0,28,95
03/25/2003,EGE,CO,ANM,WE,Federal Contract Tower,24,27,27,2,80,0,2,39,17,58,24,29,66,19,138,2,18,20,158
03/26/2003,EGE,CO,ANM,WE,Federal Contract Tower,31,17,21,0,69,0,0,15,9,24,31,17,36,9,93,0,16,16,109
03/27/2003,EGE,CO,ANM,WE,Federal Contract Tower,27,27,31,0,85,0,0,9,11,20,27,27,40,11,105,0,16,16,121
03/28/2003,EGE,CO,ANM,WE,Federal Contract Tower,25,34,41,0,100,0,4,18,6,28,25,38,59,6,128,18,6,24,152
03/29/2003,EGE,CO,ANM,WE,Federal Contract Tower,38,48,49,0,135,0,0,3,1,4,38,48,52,1,139,0,0,0,139
03/30/2003,EGE,CO,ANM,WE,Federal Contract Tower,31,28,49,0,108,1,0,21,0,22,32,28,70,0,130,16,0,16,146
03/31/2003,EGE,CO,ANM,WE,Federal Contract Tower,28,21,19,0,68,0,1,29,4,34,28,22,48,4,102,10,0,10,112
04/01/2003,EGE,CO,ANM,WE,Federal Contract Tower,21,16,17,0,54,1,1,18,10,30,22,17,35,10,84,9,32,41,125
04/02/2003,EGE,CO,ANM,WE,Federal Contract Tower,22,13,18,0,53,0,0,3,9,12,22,13,21,9,65,0,6,6,71
04/03/2003,EGE,CO,ANM,WE,Federal Contract Tower,21,8,29,0,58,0,0,7,9,16,21,8,36,9,74,8,4,12,86
04/04/2003,EGE,CO,ANM,WE,Federal Contract Tower,22,18,22,0,62,0,0,15,4,19,22,18,37,4,81,54,2,56,137
04/05/2003,EGE,CO,ANM,WE,Federal Contract Tower,33,14,21,0,68,5,0,13,11,29,38,14,34,11,97,32,20,52,149
04/06/2003,EGE,CO,ANM,WE,Federal Contract Tower,14,21,29,0,64,0,0,5,0,5,14,21,34,0,69,0,0,0,69
04/07/2003,EGE,CO,ANM,WE,Federal Contract Tower,4,1,15,0,20,0,0,0,0,0,4,1,15,0,20,20,0,20,40
04/08/2003,EGE,CO,ANM,WE,Federal Contract Tower,4,15,11,0,30,0,0,27,8,35,4,15,38,8,65,58,16,74,139
04/09/2003,EGE,CO,ANM,WE,Federal Contract Tower,4,4,12,0,20,0,0,26,6,32,4,4,38,6,52,68,8,76,128
04/10/2003,EGE,CO,ANM,WE,Federal Contract Tower,4,10,12,0,26,0,0,44,11,55,4,10,56,11,81,40,0,40,121
04/11/2003,EGE,CO,ANM,WE,Federal Contract Tower,4,10,19,0,33,0,1,25,8,34,4,11,44,8,67,48,0,48,115
04/12/2003,EGE,CO,ANM,WE,Federal Contract Tower,4,4,12,0,20,0,2,26,0,28,4,6,38,0,48,62,0,62,110
04/13/2003,EGE,CO,ANM,WE,Federal Contract Tower,4,8,14,0,26,0,0,27,0,27,4,8,41,0,53,50,0,50,103
04/14/2003,EGE,CO,ANM,WE,Federal Contract Tower,4,4,7,2,17,1,0,17,0,18,5,4,24,2,35,70,0,70,105
04/15/2003,EGE,CO,ANM,WE,Federal Contract Tower,2,2,4,0,8,0,0,8,20,28,2,2,12,20,36,43,46,89,125
04/16/2003,EGE,CO,ANM,WE,Federal Contract Tower,4,4,16,0,24,0,0,20,18,38,4,4,36,18,62,28,10,38,100
04/17/2003,EGE,CO,ANM,WE,Federal Contract Tower,3,3,27,0,33,0,0,21,30,51,3,3,48,30,84,18,0,18,102
04/18/2003,EGE,CO,ANM,WE,Federal Contract Tower,4,6,13,0,23,0,0,5,0,5,4,6,18,0,28,0,0,0,28
04/19/2003,EGE,CO,ANM,WE,Federal Contract Tower,4,5,9,0,18,0,0,1,1,2,4,5,10,1,20,0,0,0,20
04/20/2003,EGE,CO,ANM,WE,Federal Contract Tower,4,6,22,1,33,0,0,13,2,15,4,6,35,3,48,0,0,0,48
04/21/2003,EGE,CO,ANM,WE,Federal Contract Tower,3,5,18,0,26,0,0,23,0,23,3,5,41,0,49,6,0,6,55
04/22/2003,EGE,CO,ANM,WE,Federal Contract Tower,4,4,4,0,12,0,1,7,18,26,4,5,11,18,38,0,44,44,82
04/23/2003,EGE,CO,ANM,WE,Federal Contract Tower,4,2,4,0,10,0,0,0,16,16,4,2,4,16,26,0,2,2,28
04/24/2003,EGE,CO,ANM,WE,Federal Contract Tower,4,2,8,0,14,0,0,6,16,22,4,2,14,16,36,24,8,32,68
04/25/2003,EGE,CO,ANM,WE,Federal Contract Tower,4,2,11,0,17,0,0,28,9,37,4,2,39,9,54,6,0,6,60
04/26/2003,EGE,CO,ANM,WE,Federal Contract Tower,4,1,3,0,8,0,0,10,0,10,4,1,13,0,18,16,0,16,34
04/27/2003,EGE,CO,ANM,WE,Federal Contract Tower,4,4,6,0,14,0,0,20,2,22,4,4,26,2,36,32,0,32,68
04/28/2003,EGE,CO,ANM,WE,Federal Contract Tower,4,3,5,0,12,0,1,13,4,18,4,4,18,4,30,30,4,34,64
04/29/2003,EGE,CO,ANM,WE,Federal Contract Tower,4,1,6,0,11,0,0,14,8,22,4,1,20,8,33,12,18,30,63
04/30/2003,EGE,CO,ANM,WE,Federal Contract Tower,4,0,8,0,12,0,1,7,20,28,4,1,15,20,40,22,22,44,84
05/01/2003,EGE,CO,ANM,WE,Federal Contract Tower,4,3,9,0,16,0,0,15,12,27,4,3,24,12,43,16,4,20,63
05/02/2003,EGE,CO,ANM,WE,Federal Contract Tower,4,2,6,0,12,0,0,18,5,23,4,2,24,5,35,2,4,6,41
05/03/2003,EGE,CO,ANM,WE,Federal Contract Tower,3,4,8,0,15,0,0,7,3,10,3,4,15,3,25,18,0,18,43
05/04/2003,EGE,CO,ANM,WE,Federal Contract Tower,4,4,6,0,14,0,2,1,2,5,4,6,7,2,19,0,2,2,21
05/05/2003,EGE,CO,ANM,WE,Federal Contract Tower,4,8,7,0,19,0,0,6,0,6,4,8,13,0,25,40,0,40,65
05/06/2003,EGE,CO,ANM,WE,Federal Contract Tower,4,2,4,0,10,0,0,14,14,28,4,2,18,14,38,32,12,44,82
05/07/2003,EGE,CO,ANM,WE,Federal Contract Tower,4,2,12,0,18,0,0,6,16,22,4,2,18,16,40,6,4,10,50
05/08/2003,EGE,CO,ANM,WE,Federal Contract Tower,5,4,10,0,19,0,0,4,20,24,5,4,14,20,43,15,12,27,70
05/09/2003,EGE,CO,ANM,WE,Federal Contract Tower,4,5,11,0,20,0,0,1,10,11,4,5,12,10,31,0,20,20,51
05/10/2003,EGE,CO,ANM,WE,Federal Contract Tower,4,4,7,0,15,0,0,3,0,3,4,4,10,0,18,0,0,0,18
05/11/2003,EGE,CO,ANM,WE,Federal Contract Tower,4,3,3,0,10,0,0,19,2,21,4,3,22,2,31,8,0,8,39
05/12/2003,EGE,CO,ANM,WE,Federal Contract Tower,4,2,10,0,16,0,0,26,0,26,4,2,36,0,42,32,0,32,74
05/13/2003,EGE,CO,ANM,WE,Federal Contract Tower,4,1,11,0,16,0,0,38,20,58,4,1,49,20,74,10,22,32,106
05/14/2003,EGE,CO,ANM,WE,Federal Contract Tower,4,5,8,0,17,0,0,22,28,50,4,5,30,28,67,30,32,62,129
05/15/2003,EGE,CO,ANM,WE,Federal Contract Tower,4,2,11,0,17,0,0,12,20,32,4,2,23,20,49,5,10,15,64
05/16/2003,EGE,CO,ANM,WE,Federal Contract Tower,4,1,8,0,13,0,0,26,114,140,4,1,34,114,153,2,2,4,157
05/17/2003,EGE,CO,ANM,WE,Federal Contract Tower,4,2,5,0,11,0,0,25,1,26,4,2,30,1,37,4,0,4,41
05/18/2003,EGE,CO,ANM,WE,Federal Contract Tower,4,2,10,0,16,0,0,18,2,20,4,2,28,2,36,0,0,0,36
05/19/2003,EGE,CO,ANM,WE,Federal Contract Tower,4,7,10,0,21,0,0,8,0,8,4,7,18,0,29,0,0,0,29
05/20/2003,EGE,CO,ANM,WE,Federal Contract Tower,3,4,12,0,19,0,0,21,13,34,3,4,33,13,53,0,28,28,81
05/21/2003,EGE,CO,ANM,WE,Federal Contract Tower,4,5,15,1,25,0,0,35,21,56,4,5,50,22,81,20,24,44,125
05/22/2003,EGE,CO,ANM,WE,Federal Contract Tower,4,7,13,0,24,0,0,39,20,59,4,7,52,20,83,6,2,8,91
05/23/2003,EGE,CO,ANM,WE,Federal Contract Tower,4,15,21,0,40,0,1,25,8,34,4,16,46,8,74,22,0,22,96
05/24/2003,EGE,CO,ANM,WE,Federal Contract Tower,4,7,6,0,17,0,0,8,8,16,4,7,14,8,33,0,0,0,33
05/25/2003,EGE,CO,ANM,WE,Federal Contract Tower,4,3,11,0,18,0,0,10,0,10,4,3,21,0,28,0,0,0,28
05/26/2003,EGE,CO,ANM,WE,Federal Contract Tower,4,14,20,0,38,0,0,24,8,32,4,14,44,8,70,2,4,6,76
05/27/2003,EGE,CO,ANM,WE,Federal Contract Tower,4,8,13,0,25,0,0,24,4,28,4,8,37,4,53,8,8,16,69
05/28/2003,EGE,CO,ANM,WE,Federal Contract Tower,4,4,4,0,12,0,0,21,8,29,4,4,25,8,41,0,4,4,45
05/29/2003,EGE,CO,ANM,WE,Federal Contract Tower,4,14,11,0,29,0,3,19,4,26,4,17,30,4,55,0,2,2,57
05/30/2003,EGE,CO,ANM,WE,Federal Contract Tower,4,4,14,0,22,0,1,33,1,35,4,5,47,1,57,12,0,12,69
05/31/2003,EGE,CO,ANM,WE,Federal Contract Tower,4,9,5,0,18,0,0,13,8,21,4,9,18,8,39,10,0,10,49
06/01/2003,EGE,CO,ANM,WE,Federal Contract Tower,3,13,19,0,35,1,1,2,0,4,4,14,21,0,39,2,0,2,41
06/02/2003,EGE,CO,ANM,WE,Federal Contract Tower,3,6,8,0,17,1,0,26,0,27,4,6,34,0,44,0,0,0,44
06/03/2003,EGE,CO,ANM,WE,Federal Contract Tower,4,3,14,0,21,0,1,16,16,33,4,4,30,16,54,0,16,16,70
06/04/2003,EGE,CO,ANM,WE,Federal Contract Tower,4,1,19,0,24,0,3,24,12,39,4,4,43,12,63,8,22,30,93
06/05/2003,EGE,CO,ANM,WE,Federal Contract Tower,4,5,16,0,25,0,2,10,9,21,4,7,26,9,46,15,8,23,69
06/06/2003,EGE,CO,ANM,WE,Federal Contract Tower,4,4,23,0,31,0,1,24,5,30,4,5,47,5,61,41,22,63,124
06/07/2003,EGE,CO,ANM,WE,Federal Contract Tower,4,5,14,0,23,0,1,10,0,11,4,6,24,0,34,0,0,0,34
06/08/2003,EGE,CO,ANM,WE,Federal Contract Tower,4,11,26,0,41,0,1,22,0,23,4,12,48,0,64,10,0,10,74
06/09/2003,EGE,CO,ANM,WE,Federal Contract Tower,4,4,4,0,12,0,0,13,0,13,4,4,17,0,25,56,0,56,81
06/10/2003,EGE,CO,ANM,WE,Federal Contract Tower,4,6,10,0,20,0,0,20,5,25,4,6,30,5,45,26,16,42,87
06/11/2003,EGE,CO,ANM,WE,Federal Contract Tower,4,13,16,0,33,0,0,20,6,26,4,13,36,6,59,19,8,27,86
06/12/2003,EGE,CO,ANM,WE,Federal Contract Tower,4,10,24,0,38,0,0,33,27,60,4,10,57,27,98,52,18,70,168
06/13/2003,EGE,CO,ANM,WE,Federal Contract Tower,4,8,22,0,34,0,0,27,2,29,4,8,49,2,63,48,2,50,113
06/14/2003,EGE,CO,ANM,WE,Federal Contract Tower,5,10,14,0,29,0,0,13,0,13,5,10,27,0,42,0,0,0,42
06/15/2003,EGE,CO,ANM,WE,Federal Contract Tower,6,10,33,0,49,0,1,16,0,17,6,11,49,0,66,0,0,0,66
06/16/2003,EGE,CO,ANM,WE,Federal Contract Tower,6,2,13,0,21,0,0,18,0,18,6,2,31,0,39,6,0,6,45
06/17/2003,EGE,CO,ANM,WE,Federal Contract Tower,6,4,8,0,18,0,0,20,10,30,6,4,28,10,48,28,18,46,94
06/18/2003,EGE,CO,ANM,WE,Federal Contract Tower,6,15,12,0,33,0,1,18,10,29,6,16,30,10,62,18,0,18,80
06/19/2003,EGE,CO,ANM,WE,Federal Contract Tower,5,15,47,0,67,2,0,60,7,69,7,15,107,7,136,19,10,29,165
06/20/2003,EGE,CO,ANM,WE,Federal Contract Tower,6,18,38,0,62,0,0,38,4,42,6,18,76,4,104,8,7,15,119
06/21/2003,EGE,CO,ANM,WE,Federal Contract Tower,6,17,18,2,43,0,2,35,2,39,6,19,53,4,82,14,0,14,96
06/22/2003,EGE,CO,ANM,WE,Federal Contract Tower,6,51,51,5,113,0,0,23,2,25,6,51,74,7,138,2,0,2,140
06/23/2003,EGE,CO,ANM,WE,Federal Contract Tower,6,10,15,0,31,0,0,16,0,16,6,10,31,0,47,16,0,16,63
06/24/2003,EGE,CO,ANM,WE,Federal Contract Tower,6,13,28,0,47,0,0,25,8,33,6,13,53,8,80,22,6,28,108
06/25/2003,EGE,CO,ANM,WE,Federal Contract Tower,6,20,23,0,49,0,2,27,7,36,6,22,50,7,85,10,4,14,99
06/26/2003,EGE,CO,ANM,WE,Federal Contract Tower,6,18,23,0,47,0,1,38,5,44,6,19,61,5,91,16,12,28,119
06/27/2003,EGE,CO,ANM,WE,Federal Contract Tower,6,26,34,0,66,1,5,25,9,40,7,31,59,9,106,48,4,52,158
06/28/2003,EGE,CO,ANM,WE,Federal Contract Tower,6,11,31,0,48,0,0,48,0,48,6,11,79,0,96,54,0,54,150
06/29/2003,EGE,CO,ANM,WE,Federal Contract Tower,6,35,50,0,91,0,0,33,0,33,6,35,83,0,124,6,0,6,130
06/30/2003,EGE,CO,ANM,WE,Federal Contract Tower,6,15,25,0,46,0,1,30,0,31,6,16,55,0,77,4,0,4,81
07/01/2003,EGE,CO,ANM,WE,Federal Contract Tower,9,25,35,0,69,7,2,42,6,57,16,27,77,6,126,76,8,84,210
07/02/2003,EGE,CO,ANM,WE,Federal Contract Tower,6,28,52,0,86,11,0,29,12,52,17,28,81,12,138,8,22,30,168
07/03/2003,EGE,CO,ANM,WE,Federal Contract Tower,6,39,51,0,96,15,1,34,0,50,21,40,85,0,146,4,0,4,150
07/04/2003,EGE,CO,ANM,WE,Federal Contract Tower,6,15,10,0,31,15,1,31,4,51,21,16,41,4,82,0,0,0,82
07/05/2003,EGE,CO,ANM,WE,Federal Contract Tower,6,23,24,0,53,11,2,43,0,56,17,25,67,0,109,20,0,20,129
07/06/2003,EGE,CO,ANM,WE,Federal Contract Tower,6,51,69,0,126,0,2,39,0,41,6,53,108,0,167,20,0,20,187
07/07/2003,EGE,CO,ANM,WE,Federal Contract Tower,5,25,39,1,70,0,0,30,1,31,5,25,69,2,101,0,0,0,101
07/08/2003,EGE,CO,ANM,WE,Federal Contract Tower,5,21,31,0,57,1,1,28,8,38,6,22,59,8,95,24,16,40,135
07/09/2003,EGE,CO,ANM,WE,Federal Contract Tower,5,14,38,0,57,1,0,22,8,31,6,14,60,8,88,15,4,19,107
07/10/2003,EGE,CO,ANM,WE,Federal Contract Tower,6,14,35,2,57,0,2,18,12,32,6,16,53,14,89,22,8,30,119
07/11/2003,EGE,CO,ANM,WE,Federal Contract Tower,6,17,34,0,57,4,1,38,4,47,10,18,72,4,104,44,4,48,152
07/12/2003,EGE,CO,ANM,WE,Federal Contract Tower,6,16,23,0,45,0,0,39,2,41,6,16,62,2,86,30,0,30,116
07/13/2003,EGE,CO,ANM,WE,Federal Contract Tower,5,21,55,2,83,1,0,46,1,48,6,21,101,3,131,28,4,32,163
07/14/2003,EGE,CO,ANM,WE,Federal Contract Tower,6,29,24,0,59,0,1,42,6,49,6,30,66,6,108,20,0,20,128
07/15/2003,EGE,CO,ANM,WE,Federal Contract Tower,6,21,16,0,43,0,1,32,10,43,6,22,48,10,86,39,8,47,133
07/16/2003,EGE,CO,ANM,WE,Federal Contract Tower,6,13,38,2,59,0,1,29,12,42,6,14,67,14,101,16,0,16,117
07/17/2003,EGE,CO,ANM,WE,Federal Contract Tower,6,22,43,0,71,0,0,40,12,52,6,22,83,12,123,46,0,46,169
07/18/2003,EGE,CO,ANM,WE,Federal Contract Tower,6,18,31,2,57,0,0,48,6,54,6,18,79,8,111,24,6,30,141
07/19/2003,EGE,CO,ANM,WE,Federal Contract Tower,6,15,24,0,45,0,0,49,12,61,6,15,73,12,106,8,4,12,118
07/20/2003,EGE,CO,ANM,WE,Federal Contract Tower,6,48,53,0,107,0,2,49,0,51,6,50,102,0,158,0,0,0,158
07/21/2003,EGE,CO,ANM,WE,Federal Contract Tower,5,20,36,0,61,1,1,27,0,29,6,21,63,0,90,6,0,6,96
07/22/2003,EGE,CO,ANM,WE,Federal Contract Tower,4,21,31,0,56,2,10,0,12,24,6,31,31,12,80,8,10,18,98
07/23/2003,EGE,CO,ANM,WE,Federal Contract Tower,6,20,29,0,55,0,2,13,12,27,6,22,42,12,82,6,2,8,90
07/24/2003,EGE,CO,ANM,WE,Federal Contract Tower,6,19,43,0,68,0,0,42,12,54,6,19,85,12,122,34,0,34,156
07/25/2003,EGE,CO,ANM,WE,Federal Contract Tower,5,20,37,0,62,0,0,43,8,51,5,20,80,8,113,28,4,32,145
07/26/2003,EGE,CO,ANM,WE,Federal Contract Tower,8,30,28,0,66,0,0,34,4,38,8,30,62,4,104,28,0,28,132
07/27/2003,EGE,CO,ANM,WE,Federal Contract Tower,6,48,56,0,110,0,5,21,5,31,6,53,77,5,141,28,0,28,169
07/28/2003,EGE,CO,ANM,WE,Federal Contract Tower,6,29,36,0,71,0,1,43,0,44,6,30,79,0,115,0,0,0,115
07/29/2003,EGE,CO,ANM,WE,Federal Contract Tower,5,20,22,0,47,1,0,14,19,34,6,20,36,19,81,2,40,42,123
07/30/2003,EGE,CO,ANM,WE,Federal Contract Tower,5,29,20,2,56,1,0,20,18,39,6,29,40,20,95,43,2,45,140
07/31/2003,EGE,CO,ANM,WE,Federal Contract Tower,6,19,31,0,56,0,0,23,26,49,6,19,54,26,105,16,4,20,125
08/01/2003,EGE,CO,ANM,WE,Federal Contract Tower,5,32,37,0,74,0,0,45,21,66,5,32,82,21,140,10,6,16,156
08/02/2003,EGE,CO,ANM,WE,Federal Contract Tower,6,23,25,0,54,0,1,44,7,52,6,24,69,7,106,14,0,14,120
08/03/2003,EGE,CO,ANM,WE,Federal Contract Tower,6,31,39,0,76,0,0,50,15,65,6,31,89,15,141,12,12,24,165
08/04/2003,EGE,CO,ANM,WE,Federal Contract Tower,5,15,30,0,50,0,0,23,0,23,5,15,53,0,73,36,0,36,109
08/05/2003,EGE,CO,ANM,WE,Federal Contract Tower,6,26,29,1,62,0,0,29,31,60,6,26,58,32,122,56,44,100,222
08/06/2003,EGE,CO,ANM,WE,Federal Contract Tower,6,29,29,0,64,0,0,37,34,71,6,29,66,34,135,10,14,24,159
08/07/2003,EGE,CO,ANM,WE,Federal Contract Tower,6,25,37,0,68,0,1,11,32,44,6,26,48,32,112,10,18,28,140
08/08/2003,EGE,CO,ANM,WE,Federal Contract Tower,5,24,46,0,75,1,0,34,15,50,6,24,80,15,125,0,10,10,135
08/09/2003,EGE,CO,ANM,WE,Federal Contract Tower,6,20,31,0,57,0,0,29,15,44,6,20,60,15,101,17,0,17,118
08/10/2003,EGE,CO,ANM,WE,Federal Contract Tower,6,37,62,0,105,0,0,66,0,66,6,37,128,0,171,2,0,2,173
08/11/2003,EGE,CO,ANM,WE,Federal Contract Tower,6,40,39,0,85,0,0,30,0,30,6,40,69,0,115,12,0,12,127
08/12/2003,EGE,CO,ANM,WE,Federal Contract Tower,6,23,28,0,57,0,0,28,18,46,6,23,56,18,103,4,18,22,125
08/13/2003,EGE,CO,ANM,WE,Federal Contract Tower,6,31,28,1,66,0,0,34,29,63,6,31,62,30,129,4,14,18,147
08/14/2003,EGE,CO,ANM,WE,Federal Contract Tower,6,31,41,0,78,0,0,52,19,71,6,31,93,19,149,16,34,50,199
08/15/2003,EGE,CO,ANM,WE,Federal Contract Tower,6,23,30,0,59,0,0,41,16,57,6,23,71,16,116,20,2,22,138
08/16/2003,EGE,CO,ANM,WE,Federal Contract Tower,6,16,46,0,68,0,0,32,7,39,6,16,78,7,107,16,4,20,127
08/17/2003,EGE,CO,ANM,WE,Federal Contract Tower,5,37,51,0,93,1,1,28,0,30,6,38,79,0,123,10,0,10,133
08/18/2003,EGE,CO,ANM,WE,Federal Contract Tower,6,22,21,0,49,0,2,33,1,36,6,24,54,1,85,4,0,4,89
08/19/2003,EGE,CO,ANM,WE,Federal Contract Tower,6,11,16,0,33,0,1,40,14,55,6,12,56,14,88,14,6,20,108
08/20/2003,EGE,CO,ANM,WE,Federal Contract Tower,6,24,24,0,54,0,0,24,5,29,6,24,48,5,83,8,14,22,105
08/21/2003,EGE,CO,ANM,WE,Federal Contract Tower,6,9,27,0,42,0,0,23,9,32,6,9,50,9,74,0,10,10,84
08/22/2003,EGE,CO,ANM,WE,Federal Contract Tower,4,16,30,1,51,0,0,33,11,44,4,16,63,12,95,48,10,58,153
08/23/2003,EGE,CO,ANM,WE,Federal Contract Tower,6,25,22,0,53,0,0,35,0,35,6,25,57,0,88,8,0,8,96
08/24/2003,EGE,CO,ANM,WE,Federal Contract Tower,6,25,40,0,71,0,1,30,0,31,6,26,70,0,102,4,0,4,106
08/25/2003,EGE,CO,ANM,WE,Federal Contract Tower,5,13,24,0,42,1,0,21,2,24,6,13,45,2,66,8,0,8,74
08/26/2003,EGE,CO,ANM,WE,Federal Contract Tower,5,11,25,0,41,0,0,39,10,49,5,11,64,10,90,60,14,74,164
08/27/2003,EGE,CO,ANM,WE,Federal Contract Tower,6,18,28,0,52,0,1,25,12,38,6,19,53,12,90,24,24,48,138
08/28/2003,EGE,CO,ANM,WE,Federal Contract Tower,5,21,40,0,66,1,0,33,12,46,6,21,73,12,112,0,2,2,114
08/29/2003,EGE,CO,ANM,WE,Federal Contract Tower,6,26,32,0,64,0,1,32,0,33,6,27,64,0,97,16,0,16,113
08/30/2003,EGE,CO,ANM,WE,Federal Contract Tower,6,14,20,0,40,0,0,11,0,11,6,14,31,0,51,0,0,0,51
08/31/2003,EGE,CO,ANM,WE,Federal Contract Tower,6,17,21,0,44,0,0,21,0,21,6,17,42,0,65,0,0,0,65
09/01/2003,EGE,CO,ANM,WE,Federal Contract Tower,6,39,45,0,90,0,0,40,0,40,6,39,85,0,130,20,0,20,150
09/02/2003,EGE,CO,ANM,WE,Federal Contract Tower,6,18,16,0,40,0,0,18,0,18,6,18,34,0,58,32,4,36,94
09/03/2003,EGE,CO,ANM,WE,Federal Contract Tower,5,9,23,0,37,0,0,30,0,30,5,9,53,0,67,6,0,6,73
09/04/2003,EGE,CO,ANM,WE,Federal Contract Tower,4,14,19,0,37,0,0,21,6,27,4,14,40,6,64,26,12,38,102
09/05/2003,EGE,CO,ANM,WE,Federal Contract Tower,4,14,28,0,46,0,0,28,1,29,4,14,56,1,75,20,0,20,95
09/06/2003,EGE,CO,ANM,WE,Federal Contract Tower,4,12,9,0,25,0,0,13,40,53,4,12,22,40,78,4,0,4,82
09/07/2003,EGE,CO,ANM,WE,Federal Contract Tower,4,22,31,0,57,0,0,14,0,14,4,22,45,0,71,0,0,0,71
09/08/2003,EGE,CO,ANM,WE,Federal Contract Tower,4,13,12,3,32,0,0,16,0,16,4,13,28,3,48,0,4,4,52
09/09/2003,EGE,CO,ANM,WE,Federal Contract Tower,4,8,8,0,20,0,0,3,7,10,4,8,11,7,30,16,24,40,70
09/10/2003,EGE,CO,ANM,WE,Federal Contract Tower,4,11,15,0,30,0,3,5,3,11,4,14,20,3,41,0,4,4,45
09/11/2003,EGE,CO,ANM,WE,Federal Contract Tower,4,23,27,0,54,0,0,18,11,29,4,23,45,11,83,8,4,12,95
09/12/2003,EGE,CO,ANM,WE,Federal Contract Tower,6,18,19,2,45,0,2,21,12,35,6,20,40,14,80,14,8,22,102
09/13/2003,EGE,CO,ANM,WE,Federal Contract Tower,4,18,17,0,39,0,0,7,0,7,4,18,24,0,46,20,0,20,66
09/14/2003,EGE,CO,ANM,WE,Federal Contract Tower,4,12,26,0,42,0,0,34,2,36,4,12,60,2,78,16,0,16,94
09/15/2003,EGE,CO,ANM,WE,Federal Contract Tower,4,15,22,0,41,0,0,42,2,44,4,15,64,2,85,12,0,12,97
09/16/2003,EGE,CO,ANM,WE,Federal Contract Tower,4,12,26,0,42,0,0,20,14,34,4,12,46,14,76,5,32,37,113
09/17/2003,EGE,CO,ANM,WE,Federal Contract Tower,4,5,14,3,26,0,2,23,28,53,4,7,37,31,79,4,0,4,83
09/18/2003,EGE,CO,ANM,WE,Federal Contract Tower,4,11,17,0,32,0,1,25,15,41,4,12,42,15,73,16,14,30,103
09/19/2003,EGE,CO,ANM,WE,Federal Contract Tower,4,20,30,1,55,0,0,31,10,41,4,20,61,11,96,24,0,24,120
09/20/2003,EGE,CO,ANM,WE,Federal Contract Tower,4,17,16,2,39,0,0,24,2,26,4,17,40,4,65,4,0,4,69
09/21/2003,EGE,CO,ANM,WE,Federal Contract Tower,4,25,25,0,54,0,1,24,0,25,4,26,49,0,79,10,0,10,89
09/22/2003,EGE,CO,ANM,WE,Federal Contract Tower,4,10,12,0,26,0,0,13,0,13,4,10,25,0,39,40,0,40,79
09/23/2003,EGE,CO,ANM,WE,Federal Contract Tower,4,12,19,0,35,0,0,28,14,42,4,12,47,14,77,14,14,28,105
09/24/2003,EGE,CO,ANM,WE,Federal Contract Tower,4,7,14,0,25,0,0,22,12,34,4,7,36,12,59,26,26,52,111
09/25/2003,EGE,CO,ANM,WE,Federal Contract Tower,4,20,28,0,52,0,0,37,16,53,4,20,65,16,105,4,14,18,123
09/26/2003,EGE,CO,ANM,WE,Federal Contract Tower,4,14,17,0,35,0,0,49,9,58,4,14,66,9,93,12,10,22,115
09/27/2003,EGE,CO,ANM,WE,Federal Contract Tower,4,7,22,0,33,0,0,29,0,29,4,7,51,0,62,20,0,20,82
09/28/2003,EGE,CO,ANM,WE,Federal Contract Tower,4,20,21,0,45,0,0,24,1,25,4,20,45,1,70,0,0,0,70
09/29/2003,EGE,CO,ANM,WE,Federal Contract Tower,4,10,23,2,39,0,0,26,0,26,4,10,49,2,65,5,0,5,70
09/30/2003,EGE,CO,ANM,WE,Federal Contract Tower,4,6,15,2,27,0,0,21,12,33,4,6,36,14,60,10,16,26,86
10/01/2003,EGE,CO,ANM,WE,Federal Contract Tower,4,8,16,0,28,0,2,80,27,109,4,10,96,27,137,3,6,9,146
10/02/2003,EGE,CO,ANM,WE,Federal Contract Tower,4,8,21,0,33,0,0,81,11,92,4,8,102,11,125,0,38,38,163
10/03/2003,EGE,CO,ANM,WE,Federal Contract Tower,4,9,21,0,34,0,7,75,8,90,4,16,96,8,124,36,8,44,168
10/04/2003,EGE,CO,ANM,WE,Federal Contract Tower,4,2,8,0,14,0,3,160,20,183,4,5,168,20,197,0,14,14,211
10/05/2003,EGE,CO,ANM,WE,Federal Contract Tower,4,3,13,0,20,0,0,27,5,32,4,3,40,5,52,13,2,15,67
10/06/2003,EGE,CO,ANM,WE,Federal Contract Tower,4,8,17,0,29,0,1,13,2,16,4,9,30,2,45,4,0,4,49
10/07/2003,EGE,CO,ANM,WE,Federal Contract Tower,4,7,14,0,25,0,1,9,38,48,4,8,23,38,73,26,34,60,133
10/08/2003,EGE,CO,ANM,WE,Federal Contract Tower,4,4,9,0,17,0,2,14,45,61,4,6,23,45,78,15,51,66,144
10/09/2003,EGE,CO,ANM,WE,Federal Contract Tower,4,8,16,1,29,0,3,27,29,59,4,11,43,30,88,46,14,60,148
10/10/2003,EGE,CO,ANM,WE,Federal Contract Tower,4,6,17,1,28,0,0,25,15,40,4,6,42,16,68,10,6,16,84
10/11/2003,EGE,CO,ANM,WE,Federal Contract Tower,2,4,8,1,15,2,0,22,0,24,4,4,30,1,39,20,0,20,59
10/12/2003,EGE,CO,ANM,WE,Federal Contract Tower,4,8,15,1,28,0,4,25,4,33,4,12,40,5,61,2,0,2,63
10/13/2003,EGE,CO,ANM,WE,Federal Contract Tower,3,7,11,0,21,1,4,4,0,9,4,11,15,0,30,0,0,0,30
10/14/2003,EGE,CO,ANM,WE,Federal Contract Tower,2,4,7,1,14,2,2,11,5,20,4,6,18,6,34,35,2,37,71
10/15/2003,EGE,CO,ANM,WE,Federal Contract Tower,3,6,9,1,19,1,1,20,3,25,4,7,29,4,44,76,0,76,120
10/16/2003,EGE,CO,ANM,WE,Federal Contract Tower,3,2,8,0,13,1,0,13,0,14,4,2,21,0,27,30,4,34,61
10/17/2003,EGE,CO,ANM,WE,Federal Contract Tower,3,3,11,0,17,1,0,30,0,31,4,3,41,0,48,68,0,68,116
10/18/2003,EGE,CO,ANM,WE,Federal Contract Tower,3,5,8,1,17,1,0,27,3,31,4,5,35,4,48,24,0,24,72
10/19/2003,EGE,CO,ANM,WE,Federal Contract Tower,4,7,14,1,26,0,0,29,1,30,4,7,43,2,56,25,0,25,81
10/20/2003,EGE,CO,ANM,WE,Federal Contract Tower,2,4,7,1,14,2,0,20,1,23,4,4,27,2,37,14,0,14,51
10/21/2003,EGE,CO,ANM,WE,Federal Contract Tower,3,1,9,0,13,9,0,10,0,19,12,1,19,0,32,17,0,17,49
10/22/2003,EGE,CO,ANM,WE,Federal Contract Tower,4,7,12,0,23,0,4,15,0,19,4,11,27,0,42,38,0,38,80
10/23/2003,EGE,CO,ANM,WE,Federal Contract Tower,4,7,11,0,22,0,3,10,0,13,4,10,21,0,35,18,0,18,53
10/24/2003,EGE,CO,ANM,WE,Federal Contract Tower,4,6,14,1,25,0,0,14,1,15,4,6,28,2,40,20,0,20,60
10/25/2003,EGE,CO,ANM,WE,Federal Contract Tower,2,4,8,0,14,2,0,6,0,8,4,4,14,0,22,16,0,16,38
10/26/2003,EGE,CO,ANM,WE,Federal Contract Tower,4,9,16,0,29,0,1,24,8,33,4,10,40,8,62,8,2,10,72
10/27/2003,EGE,CO,ANM,WE,Federal Contract Tower,4,3,13,0,20,0,0,17,2,19,4,3,30,2,39,68,0,68,107
10/28/2003,EGE,CO,ANM,WE,Federal Contract Tower,2,3,9,0,14,3,0,10,0,13,5,3,19,0,27,10,0,10,37
10/29/2003,EGE,CO,ANM,WE,Federal Contract Tower,2,0,9,0,11,2,0,20,0,22,4,0,29,0,33,11,0,11,44
10/30/2003,EGE,CO,ANM,WE,Federal Contract Tower,2,6,11,0,19,0,0,6,0,6,2,6,17,0,25,0,0,0,25
10/31/2003,EGE,CO,ANM,WE,Federal Contract Tower,0,4,7,0,11,0,0,5,0,5,0,4,12,0,16,0,0,0,16
11/01/2003,EGE,CO,ANM,WE,Federal Contract Tower,2,3,7,0,12,2,0,1,0,3,4,3,8,0,15,0,0,0,15
11/02/2003,EGE,CO,ANM,WE,Federal Contract Tower,4,4,11,0,19,0,5,0,0,5,4,9,11,0,24,0,0,0,24
11/03/2003,EGE,CO,ANM,WE,Federal Contract Tower,4,1,11,0,16,1,0,1,0,2,5,1,12,0,18,18,0,18,36
11/04/2003,EGE,CO,ANM,WE,Federal Contract Tower,2,5,12,0,19,0,1,6,0,7,2,6,18,0,26,26,0,26,52
11/05/2003,EGE,CO,ANM,WE,Federal Contract Tower,4,4,13,0,21,0,0,10,0,10,4,4,23,0,31,4,8,12,43
11/06/2003,EGE,CO,ANM,WE,Federal Contract Tower,4,1,8,0,13,0,0,24,0,24,4,1,32,0,37,7,0,7,44
11/07/2003,EGE,CO,ANM,WE,Federal Contract Tower,4,3,10,0,17,0,0,7,0,7,4,3,17,0,24,0,0,0,24
11/08/2003,EGE,CO,ANM,WE,Federal Contract Tower,3,6,11,0,20,1,1,9,0,11,4,7,20,0,31,4,0,4,35
11/09/2003,EGE,CO,ANM,WE,Federal Contract Tower,4,6,11,0,21,0,5,5,0,10,4,11,16,0,31,19,0,19,50
11/10/2003,EGE,CO,ANM,WE,Federal Contract Tower,2,3,6,0,11,1,0,1,0,2,3,3,7,0,13,0,0,0,13
11/11/2003,EGE,CO,ANM,WE,Federal Contract Tower,3,6,9,0,18,0,1,2,0,3,3,7,11,0,21,14,0,14,35
11/12/2003,EGE,CO,ANM,WE,Federal Contract Tower,2,2,12,0,16,2,0,26,8,36,4,2,38,8,52,4,16,20,72
11/13/2003,EGE,CO,ANM,WE,Federal Contract Tower,3,6,14,0,23,1,0,4,6,11,4,6,18,6,34,2,0,2,36
11/14/2003,EGE,CO,ANM,WE,Federal Contract Tower,1,2,9,0,12,3,0,4,0,7,4,2,13,0,19,26,0,26,45
11/15/2003,EGE,CO,ANM,WE,Federal Contract Tower,1,0,6,0,7,3,0,4,0,7,4,0,10,0,14,8,0,8,22
11/16/2003,EGE,CO,ANM,WE,Federal Contract Tower,4,3,18,0,25,0,0,13,7,20,4,3,31,7,45,20,0,20,65
11/17/2003,EGE,CO,ANM,WE,Federal Contract Tower,2,3,10,0,15,2,0,0,0,2,4,3,10,0,17,0,0,0,17
11/18/2003,EGE,CO,ANM,WE,Federal Contract Tower,3,5,13,0,21,1,0,7,7,15,4,5,20,7,36,46,50,96,132
11/19/2003,EGE,CO,ANM,WE,Federal Contract Tower,1,2,7,0,10,3,0,12,7,22,4,2,19,7,32,0,8,8,40
11/20/2003,EGE,CO,ANM,WE,Federal Contract Tower,3,4,13,0,20,1,0,8,7,16,4,4,21,7,36,58,16,74,110
11/21/2003,EGE,CO,ANM,WE,Federal Contract Tower,2,3,12,0,17,2,0,13,16,31,4,3,25,16,48,19,18,37,85
11/22/2003,EGE,CO,ANM,WE,Federal Contract Tower,0,1,3,0,4,0,0,1,0,1,0,1,4,0,5,0,0,0,5
11/23/2003,EGE,CO,ANM,WE,Federal Contract Tower,4,5,22,0,31,0,0,10,2,12,4,5,32,2,43,0,0,0,43
11/24/2003,EGE,CO,ANM,WE,Federal Contract Tower,3,6,14,0,23,1,1,10,0,12,4,7,24,0,35,54,0,54,89
11/25/2003,EGE,CO,ANM,WE,Federal Contract Tower,4,19,39,0,62,0,10,3,2,15,4,29,42,2,77,44,4,48,125
11/26/2003,EGE,CO,ANM,WE,Federal Contract Tower,6,33,68,0,107,0,6,9,0,15,6,39,77,0,122,44,0,44,166
11/27/2003,EGE,CO,ANM,WE,Federal Contract Tower,3,7,8,0,18,3,6,0,0,9,6,13,8,0,27,0,0,0,27
11/28/2003,EGE,CO,ANM,WE,Federal Contract Tower,4,9,21,0,34,2,0,18,0,20,6,9,39,0,54,0,0,0,54
11/29/2003,EGE,CO,ANM,WE,Federal Contract Tower,6,14,28,0,48,0,8,4,0,12,6,22,32,0,60,24,0,24,84
11/30/2003,EGE,CO,ANM,WE,Federal Contract Tower,6,32,66,0,104,0,1,23,0,24,6,33,89,0,128,0,0,0,128
12/01/2003,EGE,CO,ANM,WE,Federal Contract Tower,6,14,22,0,42,0,6,13,0,19,6,20,35,0,61,50,0,50,111
12/02/2003,EGE,CO,ANM,WE,Federal Contract Tower,6,8,13,0,27,0,3,29,2,34,6,11,42,2,61,6,14,20,81
12/03/2003,EGE,CO,ANM,WE,Federal Contract Tower,6,5,11,0,22,0,0,18,9,27,6,5,29,9,49,38,50,88,137
12/04/2003,EGE,CO,ANM,WE,Federal Contract Tower,6,11,19,0,36,0,2,33,8,43,6,13,52,8,79,6,36,42,121
12/05/2003,EGE,CO,ANM,WE,Federal Contract Tower,6,10,17,0,33,0,5,26,6,37,6,15,43,6,70,2,2,4,74
12/06/2003,EGE,CO,ANM,WE,Federal Contract Tower,5,6,14,0,25,0,0,21,1,22,5,6,35,1,47,0,0,0,47
12/07/2003,EGE,CO,ANM,WE,Federal Contract Tower,6,12,20,0,38,0,0,8,2,10,6,12,28,2,48,0,0,0,48
12/08/2003,EGE,CO,ANM,WE,Federal Contract Tower,6,5,9,0,20,0,0,2,0,2,6,5,11,0,22,0,0,0,22
12/09/2003,EGE,CO,ANM,WE,Federal Contract Tower,5,9,12,0,26,0,5,13,14,32,5,14,25,14,58,50,16,66,124
12/10/2003,EGE,CO,ANM,WE,Federal Contract Tower,6,6,10,0,22,0,0,12,0,12,6,6,22,0,34,6,44,50,84
12/11/2003,EGE,CO,ANM,WE,Federal Contract Tower,8,8,14,0,30,0,0,8,16,24,8,8,22,16,54,12,16,28,82
12/12/2003,EGE,CO,ANM,WE,Federal Contract Tower,8,15,21,0,44,0,7,7,0,14,8,22,28,0,58,7,14,21,79
12/13/2003,EGE,CO,ANM,WE,Federal Contract Tower,7,8,12,0,27,1,1,6,1,9,8,9,18,1,36,0,0,0,36
12/14/2003,EGE,CO,ANM,WE,Federal Contract Tower,10,14,21,0,45,0,3,5,1,9,10,17,26,1,54,0,0,0,54
12/15/2003,EGE,CO,ANM,WE,Federal Contract Tower,12,5,21,0,38,6,0,4,0,10,18,5,25,0,48,6,0,6,54
12/16/2003,EGE,CO,ANM,WE,Federal Contract Tower,14,17,26,1,58,5,0,18,13,36,19,17,44,14,94,25,46,71,165
12/17/2003,EGE,CO,ANM,WE,Federal Contract Tower,16,12,29,1,58,7,0,19,23,49,23,12,48,24,107,4,22,26,133
12/18/2003,EGE,CO,ANM,WE,Federal Contract Tower,25,26,45,1,97,3,0,3,17,23,28,26,48,18,120,36,6,42,162
12/19/2003,EGE,CO,ANM,WE,Federal Contract Tower,33,34,60,1,128,0,0,49,8,57,33,34,109,9,185,8,8,16,201
12/20/2003,EGE,CO,ANM,WE,Federal Contract Tower,41,48,73,1,163,6,0,29,1,36,47,48,102,2,199,0,0,0,199
12/21/2003,EGE,CO,ANM,WE,Federal Contract Tower,29,35,52,0,116,6,7,1,0,14,35,42,53,0,130,0,0,0,130
12/22/2003,EGE,CO,ANM,WE,Federal Contract Tower,27,38,55,1,121,0,15,3,5,23,27,53,58,6,144,0,0,0,144
12/23/2003,EGE,CO,ANM,WE,Federal Contract Tower,26,33,48,0,107,6,7,17,0,30,32,40,65,0,137,0,0,0,137
12/24/2003,EGE,CO,ANM,WE,Federal Contract Tower,27,34,50,0,111,4,6,2,0,12,31,40,52,0,123,14,0,14,137
12/25/2003,EGE,CO,ANM,WE,Federal Contract Tower,23,25,37,0,85,9,0,0,0,9,32,25,37,0,94,0,0,0,94
12/26/2003,EGE,CO,ANM,WE,Federal Contract Tower,29,30,52,0,111,4,0,10,0,14,33,30,62,0,125,0,0,0,125
12/27/2003,EGE,CO,ANM,WE,Federal Contract Tower,39,54,93,0,186,0,0,38,0,38,39,54,131,0,224,12,0,12,236
12/28/2003,EGE,CO,ANM,WE,Federal Contract Tower,33,53,79,0,165,0,5,35,1,41,33,58,114,1,206,2,0,2,208
12/29/2003,EGE,CO,ANM,WE,Federal Contract Tower,30,37,56,0,123,1,7,4,2,14,31,44,60,2,137,0,10,10,147
12/30/2003,EGE,CO,ANM,WE,Federal Contract Tower,20,11,38,0,69,7,0,8,0,15,27,11,46,0,84,0,0,0,84
12/31/2003,EGE,CO,ANM,WE,Federal Contract Tower,27,33,50,0,110,2,0,17,0,19,29,33,67,0,129,0,0,0,129
01/01/2004,EGE,CO,ANM,WE,Federal Contract Tower,28,23,47,0,98,0,2,16,0,18,28,25,63,0,116,16,0,16,132
01/02/2004,EGE,CO,ANM,WE,Federal Contract Tower,27,22,48,0,97,0,0,9,0,9,27,22,57,0,106,0,0,0,106
01/03/2004,EGE,CO,ANM,WE,Federal Contract Tower,0,0,4,0,4,0,0,4,0,4,0,0,8,0,8,0,0,0,8
01/04/2004,EGE,CO,ANM,WE,Federal Contract Tower,45,15,88,0,148,0,0,76,1,77,45,15,164,1,225,0,0,0,225
01/05/2004,EGE,CO,ANM,WE,Federal Contract Tower,29,32,65,0,126,0,21,9,0,30,29,53,74,0,156,0,0,0,156
01/06/2004,EGE,CO,ANM,WE,Federal Contract Tower,26,20,41,0,87,0,4,2,14,20,26,24,43,14,107,0,30,30,137
01/07/2004,EGE,CO,ANM,WE,Federal Contract Tower,23,9,32,0,64,3,0,11,12,26,26,9,43,12,90,10,24,34,124
01/08/2004,EGE,CO,ANM,WE,Federal Contract Tower,27,19,38,0,84,1,6,12,14,33,28,25,50,14,117,38,10,48,165
01/09/2004,EGE,CO,ANM,WE,Federal Contract Tower,23,11,34,0,68,5,0,25,8,38,28,11,59,8,106,36,28,64,170
01/10/2004,EGE,CO,ANM,WE,Federal Contract Tower,27,18,40,0,85,18,0,7,1,26,45,18,47,1,111,2,2,4,115
01/11/2004,EGE,CO,ANM,WE,Federal Contract Tower,28,8,40,0,76,11,0,31,0,42,39,8,71,0,118,12,0,12,130
01/12/2004,EGE,CO,ANM,WE,Federal Contract Tower,17,13,25,0,55,11,2,6,2,21,28,15,31,2,76,8,0,8,84
01/13/2004,EGE,CO,ANM,WE,Federal Contract Tower,16,3,22,0,41,10,0,20,16,46,26,3,42,16,87,42,20,62,149
01/14/2004,EGE,CO,ANM,WE,Federal Contract Tower,18,10,27,1,56,8,0,16,31,55,26,10,43,32,111,16,30,46,157
01/15/2004,EGE,CO,ANM,WE,Federal Contract Tower,26,23,49,1,99,0,3,33,13,49,26,26,82,14,148,2,20,22,170
01/16/2004,EGE,CO,ANM,WE,Federal Contract Tower,33,25,53,0,111,0,14,4,0,18,33,39,57,0,129,35,0,35,164
01/17/2004,EGE,CO,ANM,WE,Federal Contract Tower,27,17,40,0,84,16,0,14,0,30,43,17,54,0,114,8,8,16,130
01/18/2004,EGE,CO,ANM,WE,Federal Contract Tower,30,20,43,0,93,1,4,25,0,30,31,24,68,0,123,14,0,14,137
01/19/2004,EGE,CO,ANM,WE,Federal Contract Tower,32,36,75,0,143,0,14,29,0,43,32,50,104,0,186,30,0,30,216
01/20/2004,EGE,CO,ANM,WE,Federal Contract Tower,20,11,29,1,61,4,0,0,9,13,24,11,29,10,74,40,17,57,131
01/21/2004,EGE,CO,ANM,WE,Federal Contract Tower,21,8,29,1,59,5,0,19,17,41,26,8,48,18,100,0,6,6,106
01/22/2004,EGE,CO,ANM,WE,Federal Contract Tower,28,20,43,0,91,0,7,40,12,59,28,27,83,12,150,10,8,18,168
01/23/2004,EGE,CO,ANM,WE,Federal Contract Tower,29,20,43,0,92,0,6,14,3,23,29,26,57,3,115,18,16,34,149
01/24/2004,EGE,CO,ANM,WE,Federal Contract Tower,26,17,38,0,81,16,1,11,18,46,42,18,49,18,127,20,0,20,147
01/25/2004,EGE,CO,ANM,WE,Federal Contract Tower,24,10,38,0,72,0,0,10,0,10,24,10,48,0,82,0,0,0,82
01/26/2004,EGE,CO,ANM,WE,Federal Contract Tower,19,11,28,0,58,11,0,26,0,37,30,11,54,0,95,10,0,10,105
01/27/2004,EGE,CO,ANM,WE,Federal Contract Tower,25,11,37,0,73,1,0,5,4,10,26,11,42,4,83,12,4,16,99
01/28/2004,EGE,CO,ANM,WE,Federal Contract Tower,26,17,37,0,80,0,3,12,4,19,26,20,49,4,99,14,16,30,129
01/29/2004,EGE,CO,ANM,WE,Federal Contract Tower,28,22,49,0,99,0,0,12,0,12,28,22,61,0,111,2,6,8,119
01/30/2004,EGE,CO,ANM,WE,Federal Contract Tower,30,27,58,0,115,0,6,25,2,33,30,33,83,2,148,0,6,6,154
01/31/2004,EGE,CO,ANM,WE,Federal Contract Tower,17,3,13,0,33,22,0,0,0,22,39,3,13,0,55,0,0,0,55
02/01/2004,EGE,CO,ANM,WE,Federal Contract Tower,33,33,57,0,123,0,10,0,2,12,33,43,57,2,135,2,0,2,137
02/02/2004,EGE,CO,ANM,WE,Federal Contract Tower,26,26,46,0,98,3,1,25,0,29,29,27,71,0,127,0,0,0,127
02/03/2004,EGE,CO,ANM,WE,Federal Contract Tower,21,7,37,0,65,3,0,13,13,29,24,7,50,13,94,2,26,28,122
02/04/2004,EGE,CO,ANM,WE,Federal Contract Tower,16,7,31,0,54,11,0,0,4,15,27,7,31,4,69,0,48,48,117
02/05/2004,EGE,CO,ANM,WE,Federal Contract Tower,27,22,52,0,101,0,0,12,18,30,27,22,64,18,131,0,0,0,131
02/06/2004,EGE,CO,ANM,WE,Federal Contract Tower,29,29,52,0,110,3,0,5,8,16,32,29,57,8,126,0,4,4,130
02/07/2004,EGE,CO,ANM,WE,Federal Contract Tower,16,17,30,0,63,28,7,29,4,68,44,24,59,4,131,0,0,0,131
02/08/2004,EGE,CO,ANM,WE,Federal Contract Tower,30,30,51,0,111,5,2,17,0,24,35,32,68,0,135,0,0,0,135
02/09/2004,EGE,CO,ANM,WE,Federal Contract Tower,19,19,28,0,66,9,6,0,0,15,28,25,28,0,81,6,0,6,87
02/10/2004,EGE,CO,ANM,WE,Federal Contract Tower,17,13,30,0,60,9,0,1,8,18,26,13,31,8,78,0,2,2,80
02/11/2004,EGE,CO,ANM,WE,Federal Contract Tower,24,20,40,0,84,2,0,10,8,20,26,20,50,8,104,0,12,12,116
02/12/2004,EGE,CO,ANM,WE,Federal Contract Tower,30,41,74,1,146,0,14,39,3,56,30,55,113,4,202,0,16,16,218
02/13/2004,EGE,CO,ANM,WE,Federal Contract Tower,31,48,84,0,163,0,15,39,0,54,31,63,123,0,217,0,0,0,217
02/14/2004,EGE,CO,ANM,WE,Federal Contract Tower,41,39,69,0,149,3,13,7,0,23,44,52,76,0,172,2,0,2,174
02/15/2004,EGE,CO,ANM,WE,Federal Contract Tower,35,30,59,1,125,1,0,25,0,26,36,30,84,1,151,34,0,34,185
02/16/2004,EGE,CO,ANM,WE,Federal Contract Tower,28,48,84,0,160,0,18,39,0,57,28,66,123,0,217,0,0,0,217
02/17/2004,EGE,CO,ANM,WE,Federal Contract Tower,27,32,57,1,117,0,10,18,11,39,27,42,75,12,156,16,20,36,192
02/18/2004,EGE,CO,ANM,WE,Federal Contract Tower,24,27,47,1,99,0,3,26,19,48,24,30,73,20,147,14,12,26,173
02/19/2004,EGE,CO,ANM,WE,Federal Contract Tower,25,19,42,1,87,4,0,7,1,12,29,19,49,2,99,0,13,13,112
02/20/2004,EGE,CO,ANM,WE,Federal Contract Tower,29,31,55,1,116,0,13,11,1,25,29,44,66,2,141,26,10,36,177
02/21/2004,EGE,CO,ANM,WE,Federal Contract Tower,45,47,86,0,178,0,9,4,4,17,45,56,90,4,195,3,0,3,198
02/22/2004,EGE,CO,ANM,WE,Federal Contract Tower,34,28,59,0,121,5,0,15,16,36,39,28,74,16,157,9,0,9,166
02/23/2004,EGE,CO,ANM,WE,Federal Contract Tower,19,11,34,0,64,8,0,9,0,17,27,11,43,0,81,22,0,22,103
02/24/2004,EGE,CO,ANM,WE,Federal Contract Tower,18,14,30,0,62,6,0,6,20,32,24,14,36,20,94,42,38,80,174
02/25/2004,EGE,CO,ANM,WE,Federal Contract Tower,24,10,42,0,76,3,0,28,17,48,27,10,70,17,124,24,38,62,186
02/26/2004,EGE,CO,ANM,WE,Federal Contract Tower,26,25,46,0,97,1,4,17,2,24,27,29,63,2,121,13,28,41,162
02/27/2004,EGE,CO,ANM,WE,Federal Contract Tower,28,19,51,0,98,0,0,19,12,31,28,19,70,12,129,20,24,44,173
02/28/2004,EGE,CO,ANM,WE,Federal Contract Tower,23,10,31,0,64,22,0,0,0,22,45,10,31,0,86,0,0,0,86
02/29/2004,EGE,CO,ANM,WE,Federal Contract Tower,33,23,57,0,113,1,0,8,0,9,34,23,65,0,122,0,0,0,122
03/01/2004,EGE,CO,ANM,WE,Federal Contract Tower,21,20,34,0,75,6,0,4,4,14,27,20,38,4,89,0,0,0,89
03/02/2004,EGE,CO,ANM,WE,Federal Contract Tower,21,20,33,0,74,5,0,10,11,26,26,20,43,11,100,26,20,46,146
03/03/2004,EGE,CO,ANM,WE,Federal Contract Tower,26,18,43,0,87,0,0,28,9,37,26,18,71,9,124,32,16,48,172
03/04/2004,EGE,CO,ANM,WE,Federal Contract Tower,26,23,50,0,99,0,0,20,13,33,26,23,70,13,132,24,10,34,166
03/05/2004,EGE,CO,ANM,WE,Federal Contract Tower,27,27,50,0,104,0,0,25,2,27,27,27,75,2,131,9,2,11,142
03/06/2004,EGE,CO,ANM,WE,Federal Contract Tower,39,29,61,0,129,8,0,12,0,20,47,29,73,0,149,0,0,0,149
03/07/2004,EGE,CO,ANM,WE,Federal Contract Tower,35,36,70,0,141,0,0,45,5,50,35,36,115,5,191,6,6,12,203
03/08/2004,EGE,CO,ANM,WE,Federal Contract Tower,25,22,38,0,85,5,0,39,0,44,30,22,77,0,129,60,0,60,189
03/09/2004,EGE,CO,ANM,WE,Federal Contract Tower,18,19,28,0,65,8,0,21,16,45,26,19,49,16,110,6,40,46,156
03/10/2004,EGE,CO,ANM,WE,Federal Contract Tower,25,21,38,0,84,0,0,31,25,56,25,21,69,25,140,16,10,26,166
03/11/2004,EGE,CO,ANM,WE,Federal Contract Tower,27,26,41,0,94,2,0,38,38,78,29,26,79,38,172,2,22,24,196
03/12/2004,EGE,CO,ANM,WE,Federal Contract Tower,30,43,63,0,136,0,0,31,16,47,30,43,94,16,183,6,19,25,208
03/13/2004,EGE,CO,ANM,WE,Federal Contract Tower,48,61,90,0,199,0,9,71,0,80,48,70,161,0,279,21,0,21,300
03/14/2004,EGE,CO,ANM,WE,Federal Contract Tower,41,51,78,0,170,0,0,36,3,39,41,51,114,3,209,14,5,19,228
03/15/2004,EGE,CO,ANM,WE,Federal Contract Tower,30,32,47,0,109,0,6,19,0,25,30,38,66,0,134,1,0,1,135
03/16/2004,EGE,CO,ANM,WE,Federal Contract Tower,20,21,30,0,71,6,0,6,20,32,26,21,36,20,103,2,29,31,134
03/17/2004,EGE,CO,ANM,WE,Federal Contract Tower,26,31,45,1,103,0,14,16,20,50,26,45,61,21,153,9,12,21,174
03/18/2004,EGE,CO,ANM,WE,Federal Contract Tower,28,33,48,1,110,0,6,13,29,48,28,39,61,30,158,0,16,16,174
03/19/2004,EGE,CO,ANM,WE,Federal Contract Tower,27,46,68,1,142,0,24,8,15,47,27,70,76,16,189,14,0,14,203
03/20/2004,EGE,CO,ANM,WE,Federal Contract Tower,47,53,84,1,185,0,0,40,3,43,47,53,124,4,228,11,0,11,239
03/21/2004,EGE,CO,ANM,WE,Federal Contract Tower,36,48,70,1,155,0,4,57,0,61,36,52,127,1,216,19,0,19,235
03/22/2004,EGE,CO,ANM,WE,Federal Contract Tower,18,19,29,0,66,6,0,13,0,19,24,19,42,0,85,0,0,0,85
03/23/2004,EGE,CO,ANM,WE,Federal Contract Tower,22,23,36,0,81,5,0,3,5,13,27,23,39,5,94,10,9,19,113
03/24/2004,EGE,CO,ANM,WE,Federal Contract Tower,21,23,34,0,78,4,1,13,10,28,25,24,47,10,106,12,4,16,122
03/25/2004,EGE,CO,ANM,WE,Federal Contract Tower,24,26,40,0,90,2,6,7,17,32,26,32,47,17,122,0,4,4,126
03/26/2004,EGE,CO,ANM,WE,Federal Contract Tower,25,27,41,0,93,3,10,6,20,39,28,37,47,20,132,0,0,0,132
03/27/2004,EGE,CO,ANM,WE,Federal Contract Tower,38,40,60,0,138,9,0,0,0,9,47,40,60,0,147,0,0,0,147
03/28/2004,EGE,CO,ANM,WE,Federal Contract Tower,37,42,65,0,144,0,7,12,3,22,37,49,77,3,166,16,0,16,182
03/29/2004,EGE,CO,ANM,WE,Federal Contract Tower,20,22,33,0,75,8,0,20,2,30,28,22,53,2,105,20,0,20,125
03/30/2004,EGE,CO,ANM,WE,Federal Contract Tower,13,9,23,0,45,16,0,16,5,37,29,9,39,5,82,34,13,47,129
03/31/2004,EGE,CO,ANM,WE,Federal Contract Tower,14,15,24,0,53,8,1,21,19,49,22,16,45,19,102,7,11,18,120
04/01/2004,EGE,CO,ANM,WE,Federal Contract Tower,17,16,38,0,71,9,2,1,10,22,26,18,39,10,93,36,8,44,137
04/02/2004,EGE,CO,ANM,WE,Federal Contract Tower,22,21,50,0,93,2,4,13,9,28,24,25,63,9,121,8,0,8,129
04/03/2004,EGE,CO,ANM,WE,Federal Contract Tower,26,24,49,0,99,18,0,0,0,18,44,24,49,0,117,0,0,0,117
04/04/2004,EGE,CO,ANM,WE,Federal Contract Tower,18,18,41,0,77,1,0,11,0,12,19,18,52,0,89,0,0,0,89
04/05/2004,EGE,CO,ANM,WE,Federal Contract Tower,5,8,18,0,31,0,2,6,0,8,5,10,24,0,39,8,0,8,47
04/06/2004,EGE,CO,ANM,WE,Federal Contract Tower,7,11,22,0,40,0,1,17,0,18,7,12,39,0,58,2,0,2,60
04/07/2004,EGE,CO,ANM,WE,Federal Contract Tower,5,7,25,0,37,0,0,15,0,15,5,7,40,0,52,30,0,30,82
04/08/2004,EGE,CO,ANM,WE,Federal Contract Tower,5,4,10,0,19,0,0,3,0,3,5,4,13,0,22,30,0,30,52
04/09/2004,EGE,CO,ANM,WE,Federal Contract Tower,4,10,22,0,36,0,5,2,0,7,4,15,24,0,43,28,0,28,71
04/10/2004,EGE,CO,ANM,WE,Federal Contract Tower,4,2,13,0,19,0,0,8,0,8,4,2,21,0,27,0,0,0,27
04/11/2004,EGE,CO,ANM,WE,Federal Contract Tower,7,7,27,0,41,0,0,20,4,24,7,7,47,4,65,0,0,0,65
04/12/2004,EGE,CO,ANM,WE,Federal Contract Tower,5,10,23,0,38,0,1,14,0,15,5,11,37,0,53,14,0,14,67
04/13/2004,EGE,CO,ANM,WE,Federal Contract Tower,6,7,14,0,27,0,1,20,27,48,6,8,34,27,75,36,41,77,152
04/14/2004,EGE,CO,ANM,WE,Federal Contract Tower,5,0,11,0,16,0,0,20,19,39,5,0,31,19,55,22,17,39,94
04/15/2004,EGE,CO,ANM,WE,Federal Contract Tower,5,7,17,0,29,0,4,7,15,26,5,11,24,15,55,13,24,37,92
04/16/2004,EGE,CO,ANM,WE,Federal Contract Tower,5,6,13,0,24,0,0,19,10,29,5,6,32,10,53,2,10,12,65
04/17/2004,EGE,CO,ANM,WE,Federal Contract Tower,4,5,11,1,21,3,1,7,2,13,7,6,18,3,34,22,0,22,56
04/18/2004,EGE,CO,ANM,WE,Federal Contract Tower,7,8,20,0,35,0,5,0,0,5,7,13,20,0,40,0,0,0,40
04/19/2004,EGE,CO,ANM,WE,Federal Contract Tower,5,2,14,0,21,0,0,23,0,23,5,2,37,0,44,0,0,0,44
04/20/2004,EGE,CO,ANM,WE,Federal Contract Tower,5,5,13,0,23,0,3,2,6,11,5,8,15,6,34,0,20,20,54
04/21/2004,EGE,CO,ANM,WE,Federal Contract Tower,3,4,8,0,15,0,1,2,5,8,3,5,10,5,23,0,34,34,57
04/22/2004,EGE,CO,ANM,WE,Federal Contract Tower,3,2,8,0,13,2,0,0,7,9,5,2,8,7,22,10,17,27,49
04/23/2004,EGE,CO,ANM,WE,Federal Contract Tower,2,3,6,0,11,2,2,1,8,13,4,5,7,8,24,8,18,26,50
04/24/2004,EGE,CO,ANM,WE,Federal Contract Tower,3,3,6,0,12,2,0,0,1,3,5,3,6,1,15,42,0,42,57
04/25/2004,EGE,CO,ANM,WE,Federal Contract Tower,5,5,12,0,22,0,0,5,11,16,5,5,17,11,38,0,0,0,38
04/26/2004,EGE,CO,ANM,WE,Federal Contract Tower,3,4,8,0,15,2,1,9,0,12,5,5,17,0,27,8,0,8,35
04/27/2004,EGE,CO,ANM,WE,Federal Contract Tower,5,5,14,0,24,0,0,11,12,23,5,5,25,12,47,42,34,76,123
04/28/2004,EGE,CO,ANM,WE,Federal Contract Tower,5,6,16,0,27,0,0,10,6,16,5,6,26,6,43,0,38,38,81
04/29/2004,EGE,CO,ANM,WE,Federal Contract Tower,5,6,14,0,25,0,4,0,8,12,5,10,14,8,37,22,32,54,91
04/30/2004,EGE,CO,ANM,WE,Federal Contract Tower,5,2,12,0,19,0,0,11,8,19,5,2,23,8,38,20,11,31,69
05/01/2004,EGE,CO,ANM,WE,Federal Contract Tower,5,4,17,0,26,0,0,16,4,20,5,4,33,4,46,22,4,26,72
05/02/2004,EGE,CO,ANM,WE,Federal Contract Tower,4,3,8,0,15,1,0,23,0,24,5,3,31,0,39,0,0,0,39
05/03/2004,EGE,CO,ANM,WE,Federal Contract Tower,3,3,12,0,18,0,0,9,1,10,3,3,21,1,28,24,0,24,52
05/04/2004,EGE,CO,ANM,WE,Federal Contract Tower,5,5,13,0,23,0,1,17,12,30,5,6,30,12,53,28,22,50,103
05/05/2004,EGE,CO,ANM,WE,Federal Contract Tower,4,2,8,0,14,1,0,19,15,35,5,2,27,15,49,30,0,30,79
05/06/2004,EGE,CO,ANM,WE,Federal Contract Tower,4,2,7,0,13,1,0,13,14,28,5,2,20,14,41,14,10,24,65
05/07/2004,EGE,CO,ANM,WE,Federal Contract Tower,4,3,9,0,16,0,0,18,9,27,4,3,27,9,43,0,4,4,47
05/08/2004,EGE,CO,ANM,WE,Federal Contract Tower,4,4,8,0,16,0,1,17,0,18,4,5,25,0,34,10,0,10,44
05/09/2004,EGE,CO,ANM,WE,Federal Contract Tower,2,0,3,0,5,3,0,19,2,24,5,0,22,2,29,18,0,18,47
05/10/2004,EGE,CO,ANM,WE,Federal Contract Tower,4,6,13,0,23,0,0,5,10,15,4,6,18,10,38,0,2,2,40
05/11/2004,EGE,CO,ANM,WE,Federal Contract Tower,4,4,11,1,20,1,0,3,1,5,5,4,14,2,25,0,6,6,31
05/12/2004,EGE,CO,ANM,WE,Federal Contract Tower,4,4,14,1,23,0,0,13,11,24,4,4,27,12,47,0,28,28,75
05/13/2004,EGE,CO,ANM,WE,Federal Contract Tower,5,8,14,1,28,1,3,3,7,14,6,11,17,8,42,38,20,58,100
05/14/2004,EGE,CO,ANM,WE,Federal Contract Tower,5,9,17,1,32,0,2,10,15,27,5,11,27,16,59,8,8,16,75
05/15/2004,EGE,CO,ANM,WE,Federal Contract Tower,2,2,6,1,11,3,0,15,3,21,5,2,21,4,32,0,0,0,32
05/16/2004,EGE,CO,ANM,WE,Federal Contract Tower,4,10,19,1,34,0,2,6,1,9,4,12,25,2,43,0,0,0,43
05/17/2004,EGE,CO,ANM,WE,Federal Contract Tower,5,6,15,0,26,0,0,16,0,16,5,6,31,0,42,13,0,13,55
05/18/2004,EGE,CO,ANM,WE,Federal Contract Tower,4,4,13,1,22,1,0,13,15,29,5,4,26,16,51,15,20,35,86
05/19/2004,EGE,CO,ANM,WE,Federal Contract Tower,4,7,14,1,26,0,3,5,13,21,4,10,19,14,47,0,4,4,51
05/20/2004,EGE,CO,ANM,WE,Federal Contract Tower,4,6,12,1,23,0,4,7,25,36,4,10,19,26,59,32,14,46,105
05/21/2004,EGE,CO,ANM,WE,Federal Contract Tower,3,7,14,0,24,0,2,36,18,56,3,9,50,18,80,8,2,10,90
05/22/2004,EGE,CO,ANM,WE,Federal Contract Tower,3,2,9,0,14,3,0,20,2,25,6,2,29,2,39,0,5,5,44
05/23/2004,EGE,CO,ANM,WE,Federal Contract Tower,5,8,16,0,29,0,7,12,0,19,5,15,28,0,48,10,0,10,58
05/24/2004,EGE,CO,ANM,WE,Federal Contract Tower,3,5,10,0,18,2,0,12,0,14,5,5,22,0,32,0,0,0,32
05/25/2004,EGE,CO,ANM,WE,Federal Contract Tower,4,6,13,0,23,1,2,6,21,30,5,8,19,21,53,32,12,44,97
05/26/2004,EGE,CO,ANM,WE,Federal Contract Tower,4,5,12,0,21,0,1,22,14,37,4,6,34,14,58,29,9,38,96
05/27/2004,EGE,CO,ANM,WE,Federal Contract Tower,5,7,14,0,26,0,0,14,7,21,5,7,28,7,47,0,0,0,47
05/28/2004,EGE,CO,ANM,WE,Federal Contract Tower,5,7,17,0,29,0,0,19,7,26,5,7,36,7,55,0,0,0,55
05/29/2004,EGE,CO,ANM,WE,Federal Contract Tower,3,4,8,0,15,0,1,4,0,5,3,5,12,0,20,0,8,8,28
05/30/2004,EGE,CO,ANM,WE,Federal Contract Tower,2,1,7,0,10,1,0,16,0,17,3,1,23,0,27,22,0,22,49
05/31/2004,EGE,CO,ANM,WE,Federal Contract Tower,5,12,23,0,40,0,5,17,0,22,5,17,40,0,62,0,0,0,62
06/01/2004,EGE,CO,ANM,WE,Federal Contract Tower,4,7,14,0,25,1,1,5,1,8,5,8,19,1,33,20,0,20,53
06/02/2004,EGE,CO,ANM,WE,Federal Contract Tower,5,3,12,0,20,0,0,19,4,23,5,3,31,4,43,12,6,18,61
06/03/2004,EGE,CO,ANM,WE,Federal Contract Tower,4,8,14,0,26,0,0,18,0,18,4,8,32,0,44,14,0,14,58
06/04/2004,EGE,CO,ANM,WE,Federal Contract Tower,4,9,20,0,33,0,0,17,2,19,4,9,37,2,52,0,18,18,70
06/05/2004,EGE,CO,ANM,WE,Federal Contract Tower,3,2,9,0,14,2,0,15,0,17,5,2,24,0,31,0,0,0,31
06/06/2004,EGE,CO,ANM,WE,Federal Contract Tower,4,8,16,0,28,1,4,16,1,22,5,12,32,1,50,34,0,34,84
06/07/2004,EGE,CO,ANM,WE,Federal Contract Tower,2,6,12,1,21,1,0,22,0,23,3,6,34,1,44,22,0,22,66
06/08/2004,EGE,CO,ANM,WE,Federal Contract Tower,4,8,17,1,30,1,1,27,8,37,5,9,44,9,67,0,10,10,77
06/09/2004,EGE,CO,ANM,WE,Federal Contract Tower,3,14,23,1,41,0,0,32,13,45,3,14,55,14,86,22,26,48,134
06/10/2004,EGE,CO,ANM,WE,Federal Contract Tower,6,11,27,1,45,0,0,17,13,30,6,11,44,14,75,0,2,2,77
06/11/2004,EGE,CO,ANM,WE,Federal Contract Tower,6,15,25,1,47,0,1,19,3,23,6,16,44,4,70,0,0,0,70
06/12/2004,EGE,CO,ANM,WE,Federal Contract Tower,5,13,22,0,40,2,2,19,0,23,7,15,41,0,63,22,0,22,85
06/13/2004,EGE,CO,ANM,WE,Federal Contract Tower,7,20,32,0,59,0,2,21,0,23,7,22,53,0,82,34,0,34,116
06/14/2004,EGE,CO,ANM,WE,Federal Contract Tower,5,10,22,0,37,2,0,17,0,19,7,10,39,0,56,14,0,14,70
06/15/2004,EGE,CO,ANM,WE,Federal Contract Tower,4,11,17,1,33,3,3,11,6,23,7,14,28,7,56,4,26,30,86
06/16/2004,EGE,CO,ANM,WE,Federal Contract Tower,6,14,23,1,44,0,0,17,7,24,6,14,40,8,68,0,0,0,68
06/17/2004,EGE,CO,ANM,WE,Federal Contract Tower,8,23,40,2,73,0,1,21,12,34,8,24,61,14,107,16,14,30,137
06/18/2004,EGE,CO,ANM,WE,Federal Contract Tower,6,14,27,1,48,1,0,14,3,18,7,14,41,4,66,0,6,6,72
06/19/2004,EGE,CO,ANM,WE,Federal Contract Tower,3,8,15,1,27,3,0,12,1,16,6,8,27,2,43,22,2,24,67
06/20/2004,EGE,CO,ANM,WE,Federal Contract Tower,8,29,49,2,88,0,3,28,1,32,8,32,77,3,120,20,4,24,144
06/21/2004,EGE,CO,ANM,WE,Federal Contract Tower,6,15,24,0,45,1,1,3,0,5,7,16,27,0,50,0,0,0,50
06/22/2004,EGE,CO,ANM,WE,Federal Contract Tower,5,12,21,1,39,1,6,27,17,51,6,18,48,18,90,20,40,60,150
06/23/2004,EGE,CO,ANM,WE,Federal Contract Tower,5,13,23,0,41,1,1,26,20,48,6,14,49,20,89,12,14,26,115
06/24/2004,EGE,CO,ANM,WE,Federal Contract Tower,6,13,25,0,44,1,0,23,12,36,7,13,48,12,80,22,4,26,106
06/25/2004,EGE,CO,ANM,WE,Federal Contract Tower,7,18,31,0,56,0,2,23,11,36,7,20,54,11,92,18,14,32,124
06/26/2004,EGE,CO,ANM,WE,Federal Contract Tower,7,12,28,0,47,0,0,24,6,30,7,12,52,6,77,0,4,4,81
06/27/2004,EGE,CO,ANM,WE,Federal Contract Tower,7,18,31,0,56,0,6,8,0,14,7,24,39,0,70,34,0,34,104
06/28/2004,EGE,CO,ANM,WE,Federal Contract Tower,5,15,28,0,48,0,0,28,5,33,5,15,56,5,81,24,10,34,115
06/29/2004,EGE,CO,ANM,WE,Federal Contract Tower,5,16,31,0,52,0,0,21,8,29,5,16,52,8,81,0,52,52,133
06/30/2004,EGE,CO,ANM,WE,Federal Contract Tower,7,22,37,0,66,0,1,10,18,29,7,23,47,18,95,8,56,64,159
07/01/2004,EGE,CO,ANM,WE,Federal Contract Tower,5,32,47,0,84,0,0,55,23,78,5,32,102,23,162,22,10,32,194
07/02/2004,EGE,CO,ANM,WE,Federal Contract Tower,7,30,41,0,78,0,4,38,14,56,7,34,79,14,134,20,6,26,160
07/03/2004,EGE,CO,ANM,WE,Federal Contract Tower,5,17,28,0,50,1,0,54,0,55,6,17,82,0,105,38,0,38,143
07/04/2004,EGE,CO,ANM,WE,Federal Contract Tower,3,5,16,0,24,4,0,32,4,40,7,5,48,4,64,10,0,10,74
07/05/2004,EGE,CO,ANM,WE,Federal Contract Tower,8,36,49,0,93,0,2,34,0,36,8,38,83,0,129,10,0,10,139
07/06/2004,EGE,CO,ANM,WE,Federal Contract Tower,8,33,47,0,88,0,9,31,0,40,8,42,78,0,128,44,0,44,172
07/07/2004,EGE,CO,ANM,WE,Federal Contract Tower,6,18,29,0,53,0,0,22,0,22,6,18,51,0,75,14,26,40,115
07/08/2004,EGE,CO,ANM,WE,Federal Contract Tower,6,29,41,0,76,0,7,29,0,36,6,36,70,0,112,46,0,46,158
07/09/2004,EGE,CO,ANM,WE,Federal Contract Tower,6,32,43,0,81,0,3,50,0,53,6,35,93,0,134,4,0,4,138
07/10/2004,EGE,CO,ANM,WE,Federal Contract Tower,6,17,30,0,53,1,0,32,0,33,7,17,62,0,86,26,0,26,112
07/11/2004,EGE,CO,ANM,WE,Federal Contract Tower,7,33,44,0,84,0,9,24,10,43,7,42,68,10,127,0,0,0,127
07/12/2004,EGE,CO,ANM,WE,Federal Contract Tower,6,24,32,0,62,1,6,10,0,17,7,30,42,0,79,20,0,20,99
07/13/2004,EGE,CO,ANM,WE,Federal Contract Tower,5,9,26,0,40,1,0,31,13,45,6,9,57,13,85,24,54,78,163
07/14/2004,EGE,CO,ANM,WE,Federal Contract Tower,7,22,34,0,63,0,0,32,24,56,7,22,66,24,119,12,14,26,145
07/15/2004,EGE,CO,ANM,WE,Federal Contract Tower,7,29,39,0,75,0,2,32,29,63,7,31,71,29,138,26,8,34,172
07/16/2004,EGE,CO,ANM,WE,Federal Contract Tower,6,24,33,1,64,2,0,25,19,46,8,24,58,20,110,0,16,16,126
07/17/2004,EGE,CO,ANM,WE,Federal Contract Tower,5,19,31,1,56,2,0,30,1,33,7,19,61,2,89,22,0,22,111
07/18/2004,EGE,CO,ANM,WE,Federal Contract Tower,6,35,47,1,89,0,7,33,2,42,6,42,80,3,131,2,0,2,133
07/19/2004,EGE,CO,ANM,WE,Federal Contract Tower,6,28,36,1,71,0,0,27,3,30,6,28,63,4,101,4,0,4,105
07/20/2004,EGE,CO,ANM,WE,Federal Contract Tower,5,19,28,1,53,1,0,24,23,48,6,19,52,24,101,16,26,42,143
07/21/2004,EGE,CO,ANM,WE,Federal Contract Tower,6,25,36,1,68,1,0,24,15,40,7,25,60,16,108,46,48,94,202
07/22/2004,EGE,CO,ANM,WE,Federal Contract Tower,5,20,28,1,54,0,5,27,9,41,5,25,55,10,95,4,14,18,113
07/23/2004,EGE,CO,ANM,WE,Federal Contract Tower,5,25,32,1,63,1,1,20,11,33,6,26,52,12,96,0,4,4,100
07/24/2004,EGE,CO,ANM,WE,Federal Contract Tower,6,27,36,0,69,1,0,31,1,33,7,27,67,1,102,18,0,18,120
07/25/2004,EGE,CO,ANM,WE,Federal Contract Tower,6,21,43,0,70,0,0,55,2,57,6,21,98,2,127,8,0,8,135
07/26/2004,EGE,CO,ANM,WE,Federal Contract Tower,6,25,34,0,65,1,1,17,0,19,7,26,51,0,84,0,0,0,84
07/27/2004,EGE,CO,ANM,WE,Federal Contract Tower,5,16,27,0,48,2,0,21,18,41,7,16,48,18,89,22,10,32,121
07/28/2004,EGE,CO,ANM,WE,Federal Contract Tower,5,21,30,0,56,1,3,18,20,42,6,24,48,20,98,14,24,38,136
07/29/2004,EGE,CO,ANM,WE,Federal Contract Tower,4,20,26,0,50,0,1,15,9,25,4,21,41,9,75,32,6,38,113
07/30/2004,EGE,CO,ANM,WE,Federal Contract Tower,4,18,25,0,47,2,0,40,15,57,6,18,65,15,104,36,6,42,146
07/31/2004,EGE,CO,ANM,WE,Federal Contract Tower,4,29,39,0,72,0,1,36,0,37,4,30,75,0,109,16,0,16,125
08/01/2004,EGE,CO,ANM,WE,Federal Contract Tower,7,37,56,0,100,0,2,36,2,40,7,39,92,2,140,6,10,16,156
08/02/2004,EGE,CO,ANM,WE,Federal Contract Tower,6,15,29,0,50,2,0,29,0,31,8,15,58,0,81,0,0,0,81
08/03/2004,EGE,CO,ANM,WE,Federal Contract Tower,7,17,32,0,56,0,0,17,4,21,7,17,49,4,77,58,0,58,135
08/04/2004,EGE,CO,ANM,WE,Federal Contract Tower,6,22,38,0,66,0,0,38,2,40,6,22,76,2,106,16,0,16,122
08/05/2004,EGE,CO,ANM,WE,Federal Contract Tower,4,27,39,0,70,0,8,7,6,21,4,35,46,6,91,56,14,70,161
08/06/2004,EGE,CO,ANM,WE,Federal Contract Tower,7,23,37,0,67,0,0,33,8,41,7,23,70,8,108,6,2,8,116
08/07/2004,EGE,CO,ANM,WE,Federal Contract Tower,7,25,36,0,68,0,0,33,3,36,7,25,69,3,104,10,0,10,114
08/08/2004,EGE,CO,ANM,WE,Federal Contract Tower,6,37,60,0,103,0,0,42,3,45,6,37,102,3,148,2,4,6,154
08/09/2004,EGE,CO,ANM,WE,Federal Contract Tower,7,23,37,0,67,0,0,42,2,44,7,23,79,2,111,20,4,24,135
08/10/2004,EGE,CO,ANM,WE,Federal Contract Tower,5,17,24,0,46,2,6,37,13,58,7,23,61,13,104,32,12,44,148
08/11/2004,EGE,CO,ANM,WE,Federal Contract Tower,7,28,41,0,76,0,11,30,16,57,7,39,71,16,133,0,22,22,155
08/12/2004,EGE,CO,ANM,WE,Federal Contract Tower,6,29,41,0,76,0,1,54,21,76,6,30,95,21,152,28,8,36,188
08/13/2004,EGE,CO,ANM,WE,Federal Contract Tower,6,21,31,1,59,1,0,42,10,53,7,21,73,11,112,18,12,30,142
08/14/2004,EGE,CO,ANM,WE,Federal Contract Tower,6,23,33,1,63,1,11,26,2,40,7,34,59,3,103,16,0,16,119
08/15/2004,EGE,CO,ANM,WE,Federal Contract Tower,7,30,43,1,81,0,3,23,1,27,7,33,66,2,108,0,2,2,110
08/16/2004,EGE,CO,ANM,WE,Federal Contract Tower,5,22,31,0,58,0,3,16,0,19,5,25,47,0,77,6,0,6,83
08/17/2004,EGE,CO,ANM,WE,Federal Contract Tower,6,22,32,1,61,0,12,11,17,40,6,34,43,18,101,0,32,32,133
08/18/2004,EGE,CO,ANM,WE,Federal Contract Tower,5,18,28,0,51,3,2,12,12,29,8,20,40,12,80,22,10,32,112
08/19/2004,EGE,CO,ANM,WE,Federal Contract Tower,6,25,37,0,68,1,1,19,14,35,7,26,56,14,103,4,0,4,107
08/20/2004,EGE,CO,ANM,WE,Federal Contract Tower,7,22,39,0,68,0,0,28,12,40,7,22,67,12,108,16,0,16,124
08/21/2004,EGE,CO,ANM,WE,Federal Contract Tower,6,27,38,0,71,1,1,23,4,29,7,28,61,4,100,0,4,4,104
08/22/2004,EGE,CO,ANM,WE,Federal Contract Tower,6,34,50,0,90,0,1,35,0,36,6,35,85,0,126,8,0,8,134
08/23/2004,EGE,CO,ANM,WE,Federal Contract Tower,6,21,34,0,61,0,0,22,4,26,6,21,56,4,87,42,0,42,129
08/24/2004,EGE,CO,ANM,WE,Federal Contract Tower,4,14,24,0,42,2,0,26,20,48,6,14,50,20,90,0,32,32,122
08/25/2004,EGE,CO,ANM,WE,Federal Contract Tower,5,15,30,0,50,0,0,25,30,55,5,15,55,30,105,0,20,20,125
08/26/2004,EGE,CO,ANM,WE,Federal Contract Tower,6,23,35,0,64,0,0,29,26,55,6,23,64,26,119,0,8,8,127
08/27/2004,EGE,CO,ANM,WE,Federal Contract Tower,5,14,29,0,48,2,0,28,25,55,7,14,57,25,103,38,16,54,157
08/28/2004,EGE,CO,ANM,WE,Federal Contract Tower,3,9,18,0,30,4,0,36,2,42,7,9,54,2,72,10,0,10,82
08/29/2004,EGE,CO,ANM,WE,Federal Contract Tower,5,15,29,0,49,1,0,37,0,38,6,15,66,0,87,4,0,4,91
08/30/2004,EGE,CO,ANM,WE,Federal Contract Tower,4,19,27,0,50,3,3,14,0,20,7,22,41,0,70,28,0,28,98
08/31/2004,EGE,CO,ANM,WE,Federal Contract Tower,3,12,19,0,34,3,4,15,18,40,6,16,34,18,74,22,10,32,106
09/01/2004,EGE,CO,ANM,WE,Federal Contract Tower,6,15,25,0,46,1,4,20,16,41,7,19,45,16,87,16,4,20,107
09/02/2004,EGE,CO,ANM,WE,Federal Contract Tower,7,24,37,0,68,0,5,19,16,40,7,29,56,16,108,36,8,44,152
09/03/2004,EGE,CO,ANM,WE,Federal Contract Tower,6,22,35,0,63,0,4,7,3,14,6,26,42,3,77,0,0,0,77
09/04/2004,EGE,CO,ANM,WE,Federal Contract Tower,3,6,12,0,21,3,0,4,0,7,6,6,16,0,28,14,0,14,42
09/05/2004,EGE,CO,ANM,WE,Federal Contract Tower,5,13,19,0,37,0,4,0,0,4,5,17,19,0,41,0,0,0,41
09/06/2004,EGE,CO,ANM,WE,Federal Contract Tower,6,31,47,0,84,0,5,47,0,52,6,36,94,0,136,2,0,2,138
09/07/2004,EGE,CO,ANM,WE,Federal Contract Tower,5,16,24,0,45,0,9,22,0,31,5,25,46,0,76,14,6,20,96
09/08/2004,EGE,CO,ANM,WE,Federal Contract Tower,4,13,17,0,34,0,0,17,12,29,4,13,34,12,63,8,2,10,73
09/09/2004,EGE,CO,ANM,WE,Federal Contract Tower,3,9,13,0,25,1,2,27,0,30,4,11,40,0,55,34,0,34,89
09/10/2004,EGE,CO,ANM,WE,Federal Contract Tower,4,13,19,0,36,0,1,16,2,19,4,14,35,2,55,14,4,18,73
09/11/2004,EGE,CO,ANM,WE,Federal Contract Tower,4,8,15,0,27,1,0,44,4,49,5,8,59,4,76,20,12,32,108
09/12/2004,EGE,CO,ANM,WE,Federal Contract Tower,4,18,27,0,49,0,0,29,0,29,4,18,56,0,78,42,0,42,120
09/13/2004,EGE,CO,ANM,WE,Federal Contract Tower,4,20,29,1,54,0,5,4,5,14,4,25,33,6,68,6,2,8,76
09/14/2004,EGE,CO,ANM,WE,Federal Contract Tower,4,9,19,1,33,0,0,27,13,40,4,9,46,14,73,0,12,12,85
09/15/2004,EGE,CO,ANM,WE,Federal Contract Tower,4,11,19,1,35,0,0,35,17,52,4,11,54,18,87,0,14,14,101
09/16/2004,EGE,CO,ANM,WE,Federal Contract Tower,4,8,22,1,35,1,0,28,13,42,5,8,50,14,77,28,6,34,111
09/17/2004,EGE,CO,ANM,WE,Federal Contract Tower,5,19,29,1,54,0,0,35,11,46,5,19,64,12,100,0,8,8,108
09/18/2004,EGE,CO,ANM,WE,Federal Contract Tower,4,13,21,0,38,0,0,29,0,29,4,13,50,0,67,2,0,2,69
09/19/2004,EGE,CO,ANM,WE,Federal Contract Tower,4,24,34,0,62,0,0,15,0,15,4,24,49,0,77,0,0,0,77
09/20/2004,EGE,CO,ANM,WE,Federal Contract Tower,2,9,12,1,24,2,0,3,0,5,4,9,15,1,29,0,0,0,29
09/21/2004,EGE,CO,ANM,WE,Federal Contract Tower,1,5,8,0,14,1,0,2,0,3,2,5,10,0,17,0,0,0,17
09/22/2004,EGE,CO,ANM,WE,Federal Contract Tower,5,10,26,0,41,0,0,15,9,24,5,10,41,9,65,16,20,36,101
09/23/2004,EGE,CO,ANM,WE,Federal Contract Tower,4,12,19,0,35,1,0,19,12,32,5,12,38,12,67,2,14,16,83
09/24/2004,EGE,CO,ANM,WE,Federal Contract Tower,5,15,25,0,45,0,0,46,6,52,5,15,71,6,97,28,2,30,127
09/25/2004,EGE,CO,ANM,WE,Federal Contract Tower,2,6,14,0,22,3,0,45,11,59,5,6,59,11,81,46,0,46,127
09/26/2004,EGE,CO,ANM,WE,Federal Contract Tower,4,17,24,0,45,0,2,30,1,33,4,19,54,1,78,2,0,2,80
09/27/2004,EGE,CO,ANM,WE,Federal Contract Tower,3,12,17,0,32,2,3,19,0,24,5,15,36,0,56,22,0,22,78
09/28/2004,EGE,CO,ANM,WE,Federal Contract Tower,2,7,12,0,21,2,1,12,24,39,4,8,24,24,60,2,20,22,82
09/29/2004,EGE,CO,ANM,WE,Federal Contract Tower,3,10,16,0,29,1,5,9,28,43,4,15,25,28,72,8,16,24,96
09/30/2004,EGE,CO,ANM,WE,Federal Contract Tower,4,10,24,0,38,0,0,10,26,36,4,10,34,26,74,18,8,26,100
10/01/2004,EGE,CO,ANM,WE,Federal Contract Tower,4,17,17,1,39,0,0,12,19,31,4,17,29,20,70,24,0,24,94
10/02/2004,EGE,CO,ANM,WE,Federal Contract Tower,5,8,10,1,24,0,0,36,19,55,5,8,46,20,79,112,5,117,196
10/03/2004,EGE,CO,ANM,WE,Federal Contract Tower,5,15,19,2,41,0,0,36,5,41,5,15,55,7,82,32,10,42,124
10/04/2004,EGE,CO,ANM,WE,Federal Contract Tower,5,4,10,0,19,0,0,50,0,50,5,4,60,0,69,40,0,40,109
10/05/2004,EGE,CO,ANM,WE,Federal Contract Tower,4,14,12,6,36,0,0,23,11,34,4,14,35,17,70,0,30,30,100
10/06/2004,EGE,CO,ANM,WE,Federal Contract Tower,5,12,14,0,31,0,0,15,17,32,5,12,29,17,63,12,18,30,93
10/07/2004,EGE,CO,ANM,WE,Federal Contract Tower,5,9,11,0,25,0,0,27,16,43,5,9,38,16,68,12,0,12,80
10/08/2004,EGE,CO,ANM,WE,Federal Contract Tower,5,10,17,0,32,0,0,26,2,28,5,10,43,2,60,16,0,16,76
10/09/2004,EGE,CO,ANM,WE,Federal Contract Tower,5,3,3,0,11,0,0,34,0,34,5,3,37,0,45,30,8,38,83
10/10/2004,EGE,CO,ANM,WE,Federal Contract Tower,5,16,16,0,37,0,0,19,2,21,5,16,35,2,58,0,0,0,58
10/11/2004,EGE,CO,ANM,WE,Federal Contract Tower,5,10,17,0,32,0,0,11,0,11,5,10,28,0,43,18,0,18,61
10/12/2004,EGE,CO,ANM,WE,Federal Contract Tower,4,3,11,0,18,0,0,13,2,15,4,3,24,2,33,36,0,36,69
10/13/2004,EGE,CO,ANM,WE,Federal Contract Tower,7,3,9,0,19,0,0,9,0,9,7,3,18,0,28,10,0,10,38
10/14/2004,EGE,CO,ANM,WE,Federal Contract Tower,4,12,16,0,32,0,0,17,7,24,4,12,33,7,56,2,0,2,58
10/15/2004,EGE,CO,ANM,WE,Federal Contract Tower,4,9,11,1,25,0,0,7,1,8,4,9,18,2,33,8,0,8,41
10/16/2004,EGE,CO,ANM,WE,Federal Contract Tower,5,7,5,0,17,0,0,17,0,17,5,7,22,0,34,10,0,10,44
10/17/2004,EGE,CO,ANM,WE,Federal Contract Tower,4,8,18,0,30,0,0,10,2,12,4,8,28,2,42,12,0,12,54
10/18/2004,EGE,CO,ANM,WE,Federal Contract Tower,7,4,8,0,19,0,0,2,0,2,7,4,10,0,21,0,0,0,21
10/19/2004,EGE,CO,ANM,WE,Federal Contract Tower,3,6,9,0,18,0,0,2,0,2,3,6,11,0,20,0,0,0,20
10/20/2004,EGE,CO,ANM,WE,Federal Contract Tower,4,7,10,0,21,0,0,3,2,5,4,7,13,2,26,2,0,2,28
10/21/2004,EGE,CO,ANM,WE,Federal Contract Tower,4,7,15,0,26,0,1,2,2,5,4,8,17,2,31,14,0,14,45
10/22/2004,EGE,CO,ANM,WE,Federal Contract Tower,4,4,11,0,19,0,0,2,0,2,4,4,13,0,21,14,0,14,35
10/23/2004,EGE,CO,ANM,WE,Federal Contract Tower,4,2,13,0,19,0,0,36,0,36,4,2,49,0,55,4,0,4,59
10/24/2004,EGE,CO,ANM,WE,Federal Contract Tower,4,9,23,0,36,0,0,0,0,0,4,9,23,0,36,2,0,2,38
10/25/2004,EGE,CO,ANM,WE,Federal Contract Tower,4,2,16,0,22,0,1,46,0,47,4,3,62,0,69,10,0,10,79
10/26/2004,EGE,CO,ANM,WE,Federal Contract Tower,5,6,13,0,24,0,0,63,2,65,5,6,76,2,89,0,0,0,89
10/27/2004,EGE,CO,ANM,WE,Federal Contract Tower,4,5,10,0,19,0,0,21,0,21,4,5,31,0,40,38,0,38,78
10/28/2004,EGE,CO,ANM,WE,Federal Contract Tower,4,5,12,0,21,0,0,12,0,12,4,5,24,0,33,2,0,2,35
10/29/2004,EGE,CO,ANM,WE,Federal Contract Tower,4,4,6,0,14,0,0,1,0,1,4,4,7,0,15,0,0,0,15
10/30/2004,EGE,CO,ANM,WE,Federal Contract Tower,4,1,12,0,17,0,1,20,0,21,4,2,32,0,38,22,0,22,60
10/31/2004,EGE,CO,ANM,WE,Federal Contract Tower,0,4,2,0,6,0,0,0,0,0,0,4,2,0,6,0,0,0,6
11/01/2004,EGE,CO,ANM,WE,Federal Contract Tower,5,3,10,0,18,0,0,6,0,6,5,3,16,0,24,0,0,0,24
11/02/2004,EGE,CO,ANM,WE,Federal Contract Tower,5,5,13,0,23,0,0,30,0,30,5,5,43,0,53,34,0,34,87
11/03/2004,EGE,CO,ANM,WE,Federal Contract Tower,3,7,8,2,20,0,0,25,4,29,3,7,33,6,49,54,18,72,121
11/04/2004,EGE,CO,ANM,WE,Federal Contract Tower,5,9,8,0,22,0,0,32,0,32,5,9,40,0,54,42,6,48,102
11/05/2004,EGE,CO,ANM,WE,Federal Contract Tower,5,2,10,0,17,0,0,28,4,32,5,2,38,4,49,36,0,36,85
11/06/2004,EGE,CO,ANM,WE,Federal Contract Tower,5,0,5,0,10,0,0,30,0,30,5,0,35,0,40,0,0,0,40
11/07/2004,EGE,CO,ANM,WE,Federal Contract Tower,5,5,7,0,17,0,0,32,0,32,5,5,39,0,49,6,0,6,55
11/08/2004,EGE,CO,ANM,WE,Federal Contract Tower,5,5,7,0,17,0,0,21,0,21,5,5,28,0,38,26,0,26,64
11/09/2004,EGE,CO,ANM,WE,Federal Contract Tower,4,4,9,0,17,0,0,3,0,3,4,4,12,0,20,0,0,0,20
11/10/2004,EGE,CO,ANM,WE,Federal Contract Tower,5,5,5,0,15,0,0,5,0,5,5,5,10,0,20,24,0,24,44
11/11/2004,EGE,CO,ANM,WE,Federal Contract Tower,5,16,10,0,31,0,0,14,8,22,5,16,24,8,53,0,0,0,53
11/12/2004,EGE,CO,ANM,WE,Federal Contract Tower,5,4,9,0,18,0,1,5,0,6,5,5,14,0,24,20,0,20,44
11/13/2004,EGE,CO,ANM,WE,Federal Contract Tower,5,7,3,0,15,0,0,12,1,13,5,7,15,1,28,0,0,0,28
11/14/2004,EGE,CO,ANM,WE,Federal Contract Tower,5,9,9,0,23,0,0,11,4,15,5,9,20,4,38,10,0,10,48
11/15/2004,EGE,CO,ANM,WE,Federal Contract Tower,5,7,8,0,20,0,0,10,2,12,5,7,18,2,32,0,0,0,32
11/16/2004,EGE,CO,ANM,WE,Federal Contract Tower,5,0,8,0,13,0,0,12,16,28,5,0,20,16,41,2,36,38,79
11/17/2004,EGE,CO,ANM,WE,Federal Contract Tower,5,4,13,0,22,0,0,8,27,35,5,4,21,27,57,6,18,24,81
11/18/2004,EGE,CO,ANM,WE,Federal Contract Tower,5,4,9,0,18,0,0,20,14,34,5,4,29,14,52,2,4,6,58
11/19/2004,EGE,CO,ANM,WE,Federal Contract Tower,5,10,25,0,40,0,0,15,15,30,5,10,40,15,70,12,8,20,90
11/20/2004,EGE,CO,ANM,WE,Federal Contract Tower,5,11,9,0,25,0,0,3,0,3,5,11,12,0,28,24,0,24,52
11/21/2004,EGE,CO,ANM,WE,Federal Contract Tower,5,10,14,0,29,0,0,9,0,9,5,10,23,0,38,2,0,2,40
11/22/2004,EGE,CO,ANM,WE,Federal Contract Tower,4,7,22,0,33,0,0,4,8,12,4,7,26,8,45,2,0,2,47
11/23/2004,EGE,CO,ANM,WE,Federal Contract Tower,5,7,31,0,43,0,0,8,4,12,5,7,39,4,55,0,2,2,57
11/24/2004,EGE,CO,ANM,WE,Federal Contract Tower,7,26,58,0,91,0,1,24,0,25,7,27,82,0,116,0,0,0,116
11/25/2004,EGE,CO,ANM,WE,Federal Contract Tower,6,9,6,0,21,0,0,18,0,18,6,9,24,0,39,10,0,10,49
11/26/2004,EGE,CO,ANM,WE,Federal Contract Tower,7,9,14,0,30,0,0,9,0,9,7,9,23,0,39,14,0,14,53
11/27/2004,EGE,CO,ANM,WE,Federal Contract Tower,1,12,21,0,34,0,0,4,0,4,1,12,25,0,38,0,0,0,38
11/28/2004,EGE,CO,ANM,WE,Federal Contract Tower,6,9,58,0,73,0,0,0,0,0,6,9,58,0,73,0,0,0,73
11/29/2004,EGE,CO,ANM,WE,Federal Contract Tower,2,12,18,0,32,0,1,11,1,13,2,13,29,1,45,0,0,0,45
11/30/2004,EGE,CO,ANM,WE,Federal Contract Tower,8,8,15,0,31,0,1,27,9,37,8,9,42,9,68,0,16,16,84
12/01/2004,EGE,CO,ANM,WE,Federal Contract Tower,7,9,16,0,32,0,0,12,13,25,7,9,28,13,57,38,8,46,103
12/02/2004,EGE,CO,ANM,WE,Federal Contract Tower,7,18,17,0,42,0,0,26,13,39,7,18,43,13,81,0,0,0,81
12/03/2004,EGE,CO,ANM,WE,Federal Contract Tower,6,19,22,0,47,0,0,25,14,39,6,19,47,14,86,5,15,20,106
12/04/2004,EGE,CO,ANM,WE,Federal Contract Tower,7,9,19,0,35,0,0,26,2,28,7,9,45,2,63,2,0,2,65
12/05/2004,EGE,CO,ANM,WE,Federal Contract Tower,10,27,25,0,62,0,0,7,1,8,10,27,32,1,70,0,0,0,70
12/06/2004,EGE,CO,ANM,WE,Federal Contract Tower,11,7,11,0,29,0,0,6,4,10,11,7,17,4,39,0,2,2,41
12/07/2004,EGE,CO,ANM,WE,Federal Contract Tower,9,6,8,0,23,1,0,12,14,27,10,6,20,14,50,6,24,30,80
12/08/2004,EGE,CO,ANM,WE,Federal Contract Tower,10,12,28,0,50,0,0,1,14,15,10,12,29,14,65,0,10,10,75
12/09/2004,EGE,CO,ANM,WE,Federal Contract Tower,10,2,17,0,29,0,0,3,16,19,10,2,20,16,48,0,4,4,52
12/10/2004,EGE,CO,ANM,WE,Federal Contract Tower,10,13,30,0,53,0,0,18,19,37,10,13,48,19,90,30,10,40,130
12/11/2004,EGE,CO,ANM,WE,Federal Contract Tower,9,4,24,0,37,0,0,23,0,23,9,4,47,0,60,42,0,42,102
12/12/2004,EGE,CO,ANM,WE,Federal Contract Tower,10,19,17,0,46,0,0,23,0,23,10,19,40,0,69,0,0,0,69
12/13/2004,EGE,CO,ANM,WE,Federal Contract Tower,10,19,11,0,40,0,0,10,4,14,10,19,21,4,54,0,0,0,54
12/14/2004,EGE,CO,ANM,WE,Federal Contract Tower,10,10,17,0,37,0,1,32,14,47,10,11,49,14,84,24,4,28,112
12/15/2004,EGE,CO,ANM,WE,Federal Contract Tower,11,9,40,0,60,0,0,8,16,24,11,9,48,16,84,0,4,4,88
12/16/2004,EGE,CO,ANM,WE,Federal Contract Tower,24,9,28,0,61,0,0,14,10,24,24,9,42,10,85,0,10,10,95
12/17/2004,EGE,CO,ANM,WE,Federal Contract Tower,25,35,69,0,129,2,1,24,19,46,27,36,93,19,175,12,10,22,197
12/18/2004,EGE,CO,ANM,WE,Federal Contract Tower,46,42,81,0,169,0,0,35,8,43,46,42,116,8,212,8,0,8,220
12/19/2004,EGE,CO,ANM,WE,Federal Contract Tower,31,44,39,0,114,0,0,21,0,21,31,44,60,0,135,2,0,2,137
12/20/2004,EGE,CO,ANM,WE,Federal Contract Tower,32,31,47,0,110,0,1,15,1,17,32,32,62,1,127,18,0,18,145
12/21/2004,EGE,CO,ANM,WE,Federal Contract Tower,28,35,27,0,90,0,1,27,6,34,28,36,54,6,124,66,16,82,206
12/22/2004,EGE,CO,ANM,WE,Federal Contract Tower,27,27,64,2,120,1,1,19,8,29,28,28,83,10,149,32,24,56,205
12/23/2004,EGE,CO,ANM,WE,Federal Contract Tower,28,38,68,0,134,0,0,11,6,17,28,38,79,6,151,8,0,8,159
12/24/2004,EGE,CO,ANM,WE,Federal Contract Tower,30,34,22,0,86,0,0,12,0,12,30,34,34,0,98,8,0,8,106
12/25/2004,EGE,CO,ANM,WE,Federal Contract Tower,42,39,44,0,125,1,0,8,0,9,43,39,52,0,134,2,0,2,136
12/26/2004,EGE,CO,ANM,WE,Federal Contract Tower,31,28,140,0,199,0,0,44,0,44,31,28,184,0,243,2,0,2,245
12/27/2004,EGE,CO,ANM,WE,Federal Contract Tower,32,40,101,0,173,0,0,19,0,19,32,40,120,0,192,0,0,0,192
12/28/2004,EGE,CO,ANM,WE,Federal Contract Tower,26,32,67,0,125,0,0,6,0,6,26,32,73,0,131,4,0,4,135
12/29/2004,EGE,CO,ANM,WE,Federal Contract Tower,4,6,8,0,18,0,0,0,0,0,4,6,8,0,18,0,0,0,18
12/30/2004,EGE,CO,ANM,WE,Federal Contract Tower,33,25,62,0,120,1,1,4,0,6,34,26,66,0,126,0,0,0,126
12/31/2004,EGE,CO,ANM,WE,Federal Contract Tower,30,48,64,0,142,0,0,8,0,8,30,48,72,0,150,36,0,36,186
01/01/2005,EGE,CO,ANM,WE,Federal Contract Tower,46,11,84,0,141,0,0,10,0,10,46,11,94,0,151,0,0,0,151
01/02/2005,EGE,CO,ANM,WE,Federal Contract Tower,28,31,137,0,196,0,0,26,0,26,28,31,163,0,222,0,0,0,222
01/03/2005,EGE,CO,ANM,WE,Federal Contract Tower,32,45,76,0,153,0,0,12,0,12,32,45,88,0,165,19,0,19,184
01/04/2005,EGE,CO,ANM,WE,Federal Contract Tower,22,24,28,0,74,0,0,0,24,24,22,24,28,24,98,2,52,54,152
01/05/2005,EGE,CO,ANM,WE,Federal Contract Tower,26,26,40,0,92,0,0,0,26,26,26,26,40,26,118,0,6,6,124
01/06/2005,EGE,CO,ANM,WE,Federal Contract Tower,28,27,35,0,90,0,1,1,16,18,28,28,36,16,108,0,0,0,108
01/07/2005,EGE,CO,ANM,WE,Federal Contract Tower,28,18,38,0,84,0,1,16,20,37,28,19,54,20,121,12,0,12,133
01/08/2005,EGE,CO,ANM,WE,Federal Contract Tower,39,4,19,0,62,0,0,5,0,5,39,4,24,0,67,0,0,0,67
01/09/2005,EGE,CO,ANM,WE,Federal Contract Tower,30,26,33,0,89,0,0,2,7,9,30,26,35,7,98,0,0,0,98
01/10/2005,EGE,CO,ANM,WE,Federal Contract Tower,27,8,25,0,60,0,0,1,0,1,27,8,26,0,61,0,0,0,61
01/11/2005,EGE,CO,ANM,WE,Federal Contract Tower,20,12,10,0,42,0,2,2,26,30,20,14,12,26,72,4,16,20,92
01/12/2005,EGE,CO,ANM,WE,Federal Contract Tower,23,14,18,0,55,1,0,2,22,25,24,14,20,22,80,0,2,2,82
01/13/2005,EGE,CO,ANM,WE,Federal Contract Tower,28,32,49,0,109,0,1,20,20,41,28,33,69,20,150,8,16,24,174
01/14/2005,EGE,CO,ANM,WE,Federal Contract Tower,28,30,50,2,110,0,1,35,14,50,28,31,85,16,160,0,16,16,176
01/15/2005,EGE,CO,ANM,WE,Federal Contract Tower,38,20,20,0,78,4,2,12,5,23,42,22,32,5,101,16,0,16,117
01/16/2005,EGE,CO,ANM,WE,Federal Contract Tower,29,22,34,0,85,0,0,20,0,20,29,22,54,0,105,2,0,2,107
01/17/2005,EGE,CO,ANM,WE,Federal Contract Tower,28,47,64,0,139,0,1,28,0,29,28,48,92,0,168,69,0,69,237
01/18/2005,EGE,CO,ANM,WE,Federal Contract Tower,24,13,36,0,73,0,1,24,4,29,24,14,60,4,102,12,24,36,138
01/19/2005,EGE,CO,ANM,WE,Federal Contract Tower,26,18,31,0,75,0,0,29,21,50,26,18,60,21,125,18,8,26,151
01/20/2005,EGE,CO,ANM,WE,Federal Contract Tower,26,19,24,0,69,0,0,28,6,34,26,19,52,6,103,8,0,8,111
01/21/2005,EGE,CO,ANM,WE,Federal Contract Tower,26,22,50,2,100,0,1,21,7,29,26,23,71,9,129,12,16,28,157
01/22/2005,EGE,CO,ANM,WE,Federal Contract Tower,37,13,23,0,73,1,1,27,1,30,38,14,50,1,103,8,0,8,111
01/23/2005,EGE,CO,ANM,WE,Federal Contract Tower,28,27,41,0,96,2,1,30,2,35,30,28,71,2,131,6,0,6,137
01/24/2005,EGE,CO,ANM,WE,Federal Contract Tower,27,22,33,0,82,0,0,14,0,14,27,22,47,0,96,2,0,2,98
01/25/2005,EGE,CO,ANM,WE,Federal Contract Tower,26,15,38,0,79,1,0,19,26,46,27,15,57,26,125,32,46,78,203
01/26/2005,EGE,CO,ANM,WE,Federal Contract Tower,27,22,42,0,91,1,0,18,30,49,28,22,60,30,140,6,38,44,184
01/27/2005,EGE,CO,ANM,WE,Federal Contract Tower,27,18,35,0,80,1,0,7,28,36,28,18,42,28,116,8,24,32,148
01/28/2005,EGE,CO,ANM,WE,Federal Contract Tower,26,24,40,1,91,0,1,6,10,17,26,25,46,11,108,22,2,24,132
01/29/2005,EGE,CO,ANM,WE,Federal Contract Tower,39,23,45,0,107,2,0,22,0,24,41,23,67,0,131,4,0,4,135
01/30/2005,EGE,CO,ANM,WE,Federal Contract Tower,29,27,59,0,115,0,1,20,0,21,29,28,79,0,136,10,0,10,146
01/31/2005,EGE,CO,ANM,WE,Federal Contract Tower,30,14,49,1,94,0,0,2,7,9,30,14,51,8,103,2,0,2,105
02/01/2005,EGE,CO,ANM,WE,Federal Contract Tower,26,24,38,0,88,0,0,12,30,42,26,24,50,30,130,20,54,74,204
02/02/2005,EGE,CO,ANM,WE,Federal Contract Tower,27,32,56,0,115,0,0,23,30,53,27,32,79,30,168,18,10,28,196
02/03/2005,EGE,CO,ANM,WE,Federal Contract Tower,30,34,49,0,113,0,0,24,30,54,30,34,73,30,167,26,22,48,215
02/04/2005,EGE,CO,ANM,WE,Federal Contract Tower,28,19,34,0,81,0,1,28,14,43,28,20,62,14,124,40,8,48,172
02/05/2005,EGE,CO,ANM,WE,Federal Contract Tower,45,27,35,0,107,0,0,22,5,27,45,27,57,5,134,6,0,6,140
02/06/2005,EGE,CO,ANM,WE,Federal Contract Tower,31,20,47,1,99,2,0,22,4,28,33,20,69,5,127,23,0,23,150
02/07/2005,EGE,CO,ANM,WE,Federal Contract Tower,30,21,34,0,85,0,0,2,0,2,30,21,36,0,87,8,0,8,95
02/08/2005,EGE,CO,ANM,WE,Federal Contract Tower,26,10,22,0,58,0,0,11,12,23,26,10,33,12,81,32,56,88,169
02/09/2005,EGE,CO,ANM,WE,Federal Contract Tower,28,18,45,0,91,0,0,26,16,42,28,18,71,16,133,8,42,50,183
02/10/2005,EGE,CO,ANM,WE,Federal Contract Tower,27,27,39,0,93,1,0,27,10,38,28,27,66,10,131,24,20,44,175
02/11/2005,EGE,CO,ANM,WE,Federal Contract Tower,26,29,41,1,97,0,0,19,3,22,26,29,60,4,119,26,0,26,145
02/12/2005,EGE,CO,ANM,WE,Federal Contract Tower,44,33,49,0,126,3,2,2,0,7,47,35,51,0,133,30,0,30,163
02/13/2005,EGE,CO,ANM,WE,Federal Contract Tower,30,41,76,1,148,1,4,27,2,34,31,45,103,3,182,14,0,14,196
02/14/2005,EGE,CO,ANM,WE,Federal Contract Tower,27,11,35,0,73,0,0,4,0,4,27,11,39,0,77,16,0,16,93
02/15/2005,EGE,CO,ANM,WE,Federal Contract Tower,20,2,15,0,37,0,0,0,2,2,20,2,15,2,39,0,14,14,53
02/16/2005,EGE,CO,ANM,WE,Federal Contract Tower,16,5,23,0,44,0,0,0,2,2,16,5,23,2,46,0,12,12,58
02/17/2005,EGE,CO,ANM,WE,Federal Contract Tower,29,50,85,0,164,1,2,34,22,59,30,52,119,22,223,36,8,44,267
02/18/2005,EGE,CO,ANM,WE,Federal Contract Tower,30,44,84,0,158,0,2,22,6,30,30,46,106,6,188,16,0,16,204
02/19/2005,EGE,CO,ANM,WE,Federal Contract Tower,41,14,38,0,93,0,0,2,0,2,41,14,40,0,95,0,0,0,95
02/20/2005,EGE,CO,ANM,WE,Federal Contract Tower,33,22,38,0,93,0,0,5,0,5,33,22,43,0,98,0,0,0,98
02/21/2005,EGE,CO,ANM,WE,Federal Contract Tower,31,34,78,0,143,1,1,12,0,14,32,35,90,0,157,8,0,8,165
02/22/2005,EGE,CO,ANM,WE,Federal Contract Tower,27,47,56,0,130,0,0,3,0,3,27,47,59,0,133,0,0,0,133
02/23/2005,EGE,CO,ANM,WE,Federal Contract Tower,30,40,23,0,93,0,0,14,0,14,30,40,37,0,107,48,0,48,155
02/24/2005,EGE,CO,ANM,WE,Federal Contract Tower,30,35,70,0,135,0,0,31,6,37,30,35,101,6,172,26,6,32,204
02/25/2005,EGE,CO,ANM,WE,Federal Contract Tower,29,40,48,0,117,0,0,32,0,32,29,40,80,0,149,6,0,6,155
02/26/2005,EGE,CO,ANM,WE,Federal Contract Tower,44,44,65,0,153,1,1,8,0,10,45,45,73,0,163,34,0,34,197
02/28/2005,EGE,CO,ANM,WE,Federal Contract Tower,32,24,40,0,96,1,0,35,0,36,33,24,75,0,132,2,0,2,134
03/01/2005,EGE,CO,ANM,WE,Federal Contract Tower,26,19,37,0,82,0,1,8,12,21,26,20,45,12,103,0,24,24,127
03/02/2005,EGE,CO,ANM,WE,Federal Contract Tower,28,34,48,0,110,0,0,24,14,38,28,34,72,14,148,16,18,34,182
03/03/2005,EGE,CO,ANM,WE,Federal Contract Tower,29,28,43,0,100,0,1,30,16,47,29,29,73,16,147,28,22,50,197
03/04/2005,EGE,CO,ANM,WE,Federal Contract Tower,29,25,57,0,111,0,0,32,8,40,29,25,89,8,151,60,6,66,217
03/05/2005,EGE,CO,ANM,WE,Federal Contract Tower,45,32,48,0,125,1,0,19,0,20,46,32,67,0,145,0,0,0,145
03/06/2005,EGE,CO,ANM,WE,Federal Contract Tower,34,34,79,0,147,1,2,20,5,28,35,36,99,5,175,0,4,4,179
03/07/2005,EGE,CO,ANM,WE,Federal Contract Tower,31,36,27,0,94,1,1,23,0,25,32,37,50,0,119,46,0,46,165
03/08/2005,EGE,CO,ANM,WE,Federal Contract Tower,27,15,22,0,64,0,0,9,6,15,27,15,31,6,79,22,14,36,115
03/09/2005,EGE,CO,ANM,WE,Federal Contract Tower,26,34,48,2,110,1,0,24,10,35,27,34,72,12,145,32,16,48,193
03/10/2005,EGE,CO,ANM,WE,Federal Contract Tower,30,36,29,0,95,0,0,32,9,41,30,36,61,9,136,22,14,36,172
03/11/2005,EGE,CO,ANM,WE,Federal Contract Tower,30,27,54,0,111,0,3,24,8,35,30,30,78,8,146,92,24,116,262
03/12/2005,EGE,CO,ANM,WE,Federal Contract Tower,47,59,68,0,174,0,2,34,0,36,47,61,102,0,210,2,0,2,212
03/13/2005,EGE,CO,ANM,WE,Federal Contract Tower,36,45,66,2,149,0,1,15,0,16,36,46,81,2,165,24,0,24,189
03/14/2005,EGE,CO,ANM,WE,Federal Contract Tower,31,35,52,0,118,1,0,8,0,9,32,35,60,0,127,16,0,16,143
03/15/2005,EGE,CO,ANM,WE,Federal Contract Tower,28,19,34,1,82,0,0,19,19,38,28,19,53,20,120,20,42,62,182
03/16/2005,EGE,CO,ANM,WE,Federal Contract Tower,27,32,64,0,123,0,1,16,14,31,27,33,80,14,154,32,16,48,202
03/17/2005,EGE,CO,ANM,WE,Federal Contract Tower,24,19,49,6,98,2,1,11,13,27,26,20,60,19,125,0,4,4,129
03/18/2005,EGE,CO,ANM,WE,Federal Contract Tower,29,49,126,1,205,0,0,12,11,23,29,49,138,12,228,0,2,2,230
03/19/2005,EGE,CO,ANM,WE,Federal Contract Tower,43,56,125,0,224,0,1,23,0,24,43,57,148,0,248,0,0,0,248
03/20/2005,EGE,CO,ANM,WE,Federal Contract Tower,35,39,92,0,166,1,0,3,0,4,36,39,95,0,170,0,0,0,170
03/21/2005,EGE,CO,ANM,WE,Federal Contract Tower,31,17,28,0,76,0,0,4,0,4,31,17,32,0,80,0,0,0,80
03/22/2005,EGE,CO,ANM,WE,Federal Contract Tower,29,18,33,0,80,1,0,31,17,49,30,18,64,17,129,46,46,92,221
03/23/2005,EGE,CO,ANM,WE,Federal Contract Tower,27,26,47,0,100,0,0,5,19,24,27,26,52,19,124,6,22,28,152
03/24/2005,EGE,CO,ANM,WE,Federal Contract Tower,33,35,80,0,148,0,0,10,10,20,33,35,90,10,168,0,2,2,170
03/25/2005,EGE,CO,ANM,WE,Federal Contract Tower,30,44,69,0,143,0,1,7,9,17,30,45,76,9,160,36,0,36,196
03/26/2005,EGE,CO,ANM,WE,Federal Contract Tower,46,38,89,0,173,1,1,12,0,14,47,39,101,0,187,0,0,0,187
03/27/2005,EGE,CO,ANM,WE,Federal Contract Tower,34,45,73,0,152,1,3,27,0,31,35,48,100,0,183,0,0,0,183
03/28/2005,EGE,CO,ANM,WE,Federal Contract Tower,32,27,58,0,117,0,1,19,0,20,32,28,77,0,137,41,0,41,178
03/29/2005,EGE,CO,ANM,WE,Federal Contract Tower,27,9,25,0,61,0,1,11,0,12,27,10,36,0,73,10,0,10,83
03/30/2005,EGE,CO,ANM,WE,Federal Contract Tower,24,3,17,0,44,2,0,2,0,4,26,3,19,0,48,0,0,0,48
03/31/2005,EGE,CO,ANM,WE,Federal Contract Tower,30,22,26,0,78,0,0,17,4,21,30,22,43,4,99,33,16,49,148
04/01/2005,EGE,CO,ANM,WE,Federal Contract Tower,30,26,47,2,105,0,0,31,0,31,30,26,78,2,136,38,0,38,174
04/02/2005,EGE,CO,ANM,WE,Federal Contract Tower,41,28,51,0,120,1,1,11,0,13,42,29,62,0,133,0,0,0,133
04/03/2005,EGE,CO,ANM,WE,Federal Contract Tower,11,40,52,3,106,0,0,14,2,16,11,40,66,5,122,0,4,4,126
04/04/2005,EGE,CO,ANM,WE,Federal Contract Tower,5,17,21,0,43,0,0,13,0,13,5,17,34,0,56,8,0,8,64
04/05/2005,EGE,CO,ANM,WE,Federal Contract Tower,6,9,14,0,29,0,0,0,19,19,6,9,14,19,48,0,48,48,96
04/06/2005,EGE,CO,ANM,WE,Federal Contract Tower,6,11,14,1,32,1,0,16,15,32,7,11,30,16,64,26,22,48,112
04/07/2005,EGE,CO,ANM,WE,Federal Contract Tower,6,12,11,0,29,0,0,31,30,61,6,12,42,30,90,60,32,92,182
04/08/2005,EGE,CO,ANM,WE,Federal Contract Tower,6,13,13,0,32,0,0,2,13,15,6,13,15,13,47,10,4,14,61
04/09/2005,EGE,CO,ANM,WE,Federal Contract Tower,7,11,10,0,28,0,0,13,3,16,7,11,23,3,44,34,0,34,78
04/10/2005,EGE,CO,ANM,WE,Federal Contract Tower,0,5,19,0,24,0,0,1,0,1,0,5,20,0,25,0,0,0,25
04/11/2005,EGE,CO,ANM,WE,Federal Contract Tower,5,6,14,0,25,0,0,14,0,14,5,6,28,0,39,54,0,54,93
04/12/2005,EGE,CO,ANM,WE,Federal Contract Tower,4,6,8,0,18,0,0,28,4,32,4,6,36,4,50,6,8,14,64
04/13/2005,EGE,CO,ANM,WE,Federal Contract Tower,4,6,12,0,22,0,0,22,33,55,4,6,34,33,77,64,30,94,171
04/14/2005,EGE,CO,ANM,WE,Federal Contract Tower,4,1,15,0,20,0,0,21,28,49,4,1,36,28,69,40,16,56,125
04/15/2005,EGE,CO,ANM,WE,Federal Contract Tower,4,0,11,0,15,0,0,27,27,54,4,0,38,27,69,56,26,82,151
04/16/2005,EGE,CO,ANM,WE,Federal Contract Tower,6,3,8,0,17,0,0,26,0,26,6,3,34,0,43,52,0,52,95
04/17/2005,EGE,CO,ANM,WE,Federal Contract Tower,6,4,7,0,17,0,0,15,1,16,6,4,22,1,33,2,0,2,35
04/18/2005,EGE,CO,ANM,WE,Federal Contract Tower,5,8,6,0,19,0,0,21,2,23,5,8,27,2,42,22,4,26,68
04/19/2005,EGE,CO,ANM,WE,Federal Contract Tower,4,12,3,0,19,0,1,6,16,23,4,13,9,16,42,0,22,22,64
04/20/2005,EGE,CO,ANM,WE,Federal Contract Tower,5,8,10,0,23,0,0,12,20,32,5,8,22,20,55,0,2,2,57
04/21/2005,EGE,CO,ANM,WE,Federal Contract Tower,4,11,14,2,31,0,1,24,19,44,4,12,38,21,75,36,12,48,123
04/22/2005,EGE,CO,ANM,WE,Federal Contract Tower,4,8,5,0,17,0,0,28,16,44,4,8,33,16,61,18,20,38,99
04/23/2005,EGE,CO,ANM,WE,Federal Contract Tower,6,4,3,0,13,0,0,21,3,24,6,4,24,3,37,35,0,35,72
04/24/2005,EGE,CO,ANM,WE,Federal Contract Tower,6,10,13,0,29,0,1,1,0,2,6,11,14,0,31,0,0,0,31
04/25/2005,EGE,CO,ANM,WE,Federal Contract Tower,4,3,10,0,17,0,0,10,0,10,4,3,20,0,27,40,0,40,67
04/26/2005,EGE,CO,ANM,WE,Federal Contract Tower,4,5,4,0,13,0,0,24,28,52,4,5,28,28,65,31,48,79,144
04/27/2005,EGE,CO,ANM,WE,Federal Contract Tower,4,9,16,0,29,0,0,15,27,42,4,9,31,27,71,18,42,60,131
04/28/2005,EGE,CO,ANM,WE,Federal Contract Tower,4,6,13,0,23,0,0,1,38,39,4,6,14,38,62,21,12,33,95
04/29/2005,EGE,CO,ANM,WE,Federal Contract Tower,4,6,8,0,18,0,0,5,5,10,4,6,13,5,28,4,8,12,40
04/30/2005,EGE,CO,ANM,WE,Federal Contract Tower,6,2,10,0,18,0,0,12,3,15,6,2,22,3,33,46,0,46,79
05/01/2005,EGE,CO,ANM,WE,Federal Contract Tower,7,7,2,0,16,0,0,2,0,2,7,7,4,0,18,0,0,0,18
05/02/2005,EGE,CO,ANM,WE,Federal Contract Tower,4,7,7,0,18,0,0,9,1,10,4,7,16,1,28,68,0,68,96
05/03/2005,EGE,CO,ANM,WE,Federal Contract Tower,4,6,10,0,20,0,0,22,27,49,4,6,32,27,69,84,50,134,203
05/04/2005,EGE,CO,ANM,WE,Federal Contract Tower,4,7,13,0,24,0,0,9,27,36,4,7,22,27,60,50,12,62,122
05/05/2005,EGE,CO,ANM,WE,Federal Contract Tower,2,3,17,0,22,2,0,23,21,46,4,3,40,21,68,18,18,36,104
05/06/2005,EGE,CO,ANM,WE,Federal Contract Tower,4,7,12,0,23,0,0,15,13,28,4,7,27,13,51,9,0,9,60
05/07/2005,EGE,CO,ANM,WE,Federal Contract Tower,4,0,10,0,14,0,0,2,0,2,4,0,12,0,16,20,0,20,36
05/08/2005,EGE,CO,ANM,WE,Federal Contract Tower,4,2,15,0,21,0,0,9,0,9,4,2,24,0,30,0,0,0,30
05/09/2005,EGE,CO,ANM,WE,Federal Contract Tower,4,2,8,1,15,0,0,11,3,14,4,2,19,4,29,6,4,10,39
05/10/2005,EGE,CO,ANM,WE,Federal Contract Tower,4,1,11,0,16,0,0,12,15,27,4,1,23,15,43,0,28,28,71
05/11/2005,EGE,CO,ANM,WE,Federal Contract Tower,5,5,11,0,21,0,0,13,19,32,5,5,24,19,53,16,18,34,87
05/12/2005,EGE,CO,ANM,WE,Federal Contract Tower,4,5,8,0,17,0,0,17,14,31,4,5,25,14,48,0,11,11,59
05/13/2005,EGE,CO,ANM,WE,Federal Contract Tower,4,4,8,0,16,0,0,14,9,23,4,4,22,9,39,6,6,12,51
05/14/2005,EGE,CO,ANM,WE,Federal Contract Tower,4,3,6,0,13,0,1,26,2,29,4,4,32,2,42,12,0,12,54
05/15/2005,EGE,CO,ANM,WE,Federal Contract Tower,3,4,11,0,18,0,0,25,2,27,3,4,36,2,45,56,0,56,101
05/16/2005,EGE,CO,ANM,WE,Federal Contract Tower,4,3,6,0,13,0,0,12,1,13,4,3,18,1,26,8,0,8,34
05/17/2005,EGE,CO,ANM,WE,Federal Contract Tower,4,9,10,0,23,0,0,9,18,27,4,9,19,18,50,0,22,22,72
05/18/2005,EGE,CO,ANM,WE,Federal Contract Tower,4,4,12,0,20,0,0,18,28,46,4,4,30,28,66,2,6,8,74
05/19/2005,EGE,CO,ANM,WE,Federal Contract Tower,4,5,7,0,16,0,0,28,27,55,4,5,35,27,71,23,6,29,100
05/20/2005,EGE,CO,ANM,WE,Federal Contract Tower,4,1,7,4,16,0,0,29,16,45,4,1,36,20,61,17,16,33,94
05/21/2005,EGE,CO,ANM,WE,Federal Contract Tower,4,1,6,0,11,0,0,23,6,29,4,1,29,6,40,18,6,24,64
05/22/2005,EGE,CO,ANM,WE,Federal Contract Tower,4,5,11,0,20,0,0,37,23,60,4,5,48,23,80,8,0,8,88
05/23/2005,EGE,CO,ANM,WE,Federal Contract Tower,4,5,5,0,14,0,1,13,0,14,4,6,18,0,28,36,0,36,64
05/24/2005,EGE,CO,ANM,WE,Federal Contract Tower,4,4,8,2,18,0,0,17,34,51,4,4,25,36,69,12,38,50,119
05/25/2005,EGE,CO,ANM,WE,Federal Contract Tower,4,4,26,0,34,0,0,29,44,73,4,4,55,44,107,60,22,82,189
05/26/2005,EGE,CO,ANM,WE,Federal Contract Tower,4,8,18,0,30,0,0,29,24,53,4,8,47,24,83,2,8,10,93
05/27/2005,EGE,CO,ANM,WE,Federal Contract Tower,4,6,24,0,34,0,0,44,14,58,4,6,68,14,92,38,0,38,130
05/28/2005,EGE,CO,ANM,WE,Federal Contract Tower,4,3,7,0,14,0,0,21,0,21,4,3,28,0,35,48,0,48,83
05/29/2005,EGE,CO,ANM,WE,Federal Contract Tower,5,1,8,0,14,0,1,17,0,18,5,2,25,0,32,2,0,2,34
05/30/2005,EGE,CO,ANM,WE,Federal Contract Tower,3,13,25,0,41,0,0,9,0,9,3,13,34,0,50,0,0,0,50
05/31/2005,EGE,CO,ANM,WE,Federal Contract Tower,4,2,11,0,17,0,0,32,9,41,4,2,43,9,58,20,2,22,80
06/01/2005,EGE,CO,ANM,WE,Federal Contract Tower,4,5,11,0,20,0,0,12,4,16,4,5,23,4,36,20,0,20,56
06/02/2005,EGE,CO,ANM,WE,Federal Contract Tower,4,6,22,0,32,0,0,23,2,25,4,6,45,2,57,0,6,6,63
06/03/2005,EGE,CO,ANM,WE,Federal Contract Tower,4,12,13,0,29,0,0,10,0,10,4,12,23,0,39,0,0,0,39
06/04/2005,EGE,CO,ANM,WE,Federal Contract Tower,4,22,15,0,41,0,0,5,1,6,4,22,20,1,47,0,0,0,47
06/05/2005,EGE,CO,ANM,WE,Federal Contract Tower,4,18,19,1,42,0,2,28,0,30,4,20,47,1,72,4,0,4,76
06/06/2005,EGE,CO,ANM,WE,Federal Contract Tower,4,10,29,0,43,0,1,13,0,14,4,11,42,0,57,8,0,8,65
06/07/2005,EGE,CO,ANM,WE,Federal Contract Tower,5,7,20,0,32,0,0,20,14,34,5,7,40,14,66,32,14,46,112
06/08/2005,EGE,CO,ANM,WE,Federal Contract Tower,5,10,14,0,29,1,1,16,16,34,6,11,30,16,63,36,16,52,115
06/09/2005,EGE,CO,ANM,WE,Federal Contract Tower,8,7,20,0,35,0,0,26,16,42,8,7,46,16,77,0,20,20,97
06/10/2005,EGE,CO,ANM,WE,Federal Contract Tower,9,9,31,2,51,0,0,5,14,19,9,9,36,16,70,20,18,38,108
06/11/2005,EGE,CO,ANM,WE,Federal Contract Tower,10,12,15,0,37,0,0,29,0,29,10,12,44,0,66,36,0,36,102
06/12/2005,EGE,CO,ANM,WE,Federal Contract Tower,9,15,29,0,53,0,0,4,1,5,9,15,33,1,58,0,0,0,58
06/13/2005,EGE,CO,ANM,WE,Federal Contract Tower,9,9,21,0,39,0,2,9,2,13,9,11,30,2,52,30,0,30,82
06/14/2005,EGE,CO,ANM,WE,Federal Contract Tower,7,5,16,0,28,0,2,30,13,45,7,7,46,13,73,24,8,32,105
06/15/2005,EGE,CO,ANM,WE,Federal Contract Tower,8,12,25,0,45,0,0,57,19,76,8,12,82,19,121,10,14,24,145
06/16/2005,EGE,CO,ANM,WE,Federal Contract Tower,10,8,39,0,57,0,0,47,9,56,10,8,86,9,113,22,0,22,135
06/17/2005,EGE,CO,ANM,WE,Federal Contract Tower,8,19,13,0,40,1,0,42,14,57,9,19,55,14,97,42,30,72,169
06/18/2005,EGE,CO,ANM,WE,Federal Contract Tower,8,10,10,0,28,1,0,36,2,39,9,10,46,2,67,44,0,44,111
06/19/2005,EGE,CO,ANM,WE,Federal Contract Tower,9,25,34,0,68,0,0,39,0,39,9,25,73,0,107,8,0,8,115
06/20/2005,EGE,CO,ANM,WE,Federal Contract Tower,10,16,19,1,46,0,0,24,5,29,10,16,43,6,75,14,4,18,93
06/21/2005,EGE,CO,ANM,WE,Federal Contract Tower,9,20,13,0,42,0,1,21,23,45,9,21,34,23,87,12,34,46,133
06/22/2005,EGE,CO,ANM,WE,Federal Contract Tower,9,11,27,1,48,0,1,25,21,47,9,12,52,22,95,2,8,10,105
06/23/2005,EGE,CO,ANM,WE,Federal Contract Tower,8,22,46,2,78,0,0,22,32,54,8,22,68,34,132,22,14,36,168
06/24/2005,EGE,CO,ANM,WE,Federal Contract Tower,9,20,27,0,56,0,1,32,16,49,9,21,59,16,105,20,28,48,153
06/25/2005,EGE,CO,ANM,WE,Federal Contract Tower,11,28,22,4,65,0,0,35,5,40,11,28,57,9,105,24,0,24,129
06/26/2005,EGE,CO,ANM,WE,Federal Contract Tower,9,20,51,4,84,0,1,19,2,22,9,21,70,6,106,14,0,14,120
06/27/2005,EGE,CO,ANM,WE,Federal Contract Tower,7,16,34,0,57,0,0,36,1,37,7,16,70,1,94,54,0,54,148
06/28/2005,EGE,CO,ANM,WE,Federal Contract Tower,9,14,26,0,49,0,0,36,11,47,9,14,62,11,96,38,12,50,146
06/29/2005,EGE,CO,ANM,WE,Federal Contract Tower,5,14,24,0,43,0,0,44,17,61,5,14,68,17,104,66,8,74,178
06/30/2005,EGE,CO,ANM,WE,Federal Contract Tower,9,34,50,0,93,0,0,42,19,61,9,34,92,19,154,42,16,58,212
07/01/2005,EGE,CO,ANM,WE,Federal Contract Tower,6,17,41,0,64,0,0,19,6,25,6,17,60,6,89,71,0,71,160
07/02/2005,EGE,CO,ANM,WE,Federal Contract Tower,5,5,18,0,28,0,0,15,0,15,5,5,33,0,43,18,0,18,61
07/03/2005,EGE,CO,ANM,WE,Federal Contract Tower,6,16,23,0,45,0,1,24,0,25,6,17,47,0,70,10,0,10,80
07/04/2005,EGE,CO,ANM,WE,Federal Contract Tower,8,23,22,0,53,0,0,30,4,34,8,23,52,4,87,0,0,0,87
07/05/2005,EGE,CO,ANM,WE,Federal Contract Tower,9,29,48,0,86,0,0,26,0,26,9,29,74,0,112,12,0,12,124
07/06/2005,EGE,CO,ANM,WE,Federal Contract Tower,9,20,33,0,62,0,0,28,8,36,9,20,61,8,98,6,14,20,118
07/07/2005,EGE,CO,ANM,WE,Federal Contract Tower,8,29,43,0,80,0,1,37,4,42,8,30,80,4,122,24,2,26,148
07/08/2005,EGE,CO,ANM,WE,Federal Contract Tower,7,28,37,0,72,0,0,39,15,54,7,28,76,15,126,36,14,50,176
07/09/2005,EGE,CO,ANM,WE,Federal Contract Tower,4,20,18,0,42,0,2,16,1,19,4,22,34,1,61,24,12,36,97
07/10/2005,EGE,CO,ANM,WE,Federal Contract Tower,9,34,67,0,110,0,1,26,1,28,9,35,93,1,138,0,0,0,138
07/11/2005,EGE,CO,ANM,WE,Federal Contract Tower,9,10,33,0,52,0,0,25,0,25,9,10,58,0,77,12,0,12,89
07/12/2005,EGE,CO,ANM,WE,Federal Contract Tower,7,23,30,0,60,0,0,39,34,73,7,23,69,34,133,30,52,82,215
07/13/2005,EGE,CO,ANM,WE,Federal Contract Tower,8,25,42,0,75,0,0,34,26,60,8,25,76,26,135,14,28,42,177
07/14/2005,EGE,CO,ANM,WE,Federal Contract Tower,5,12,22,0,39,0,0,10,18,28,5,12,32,18,67,38,16,54,121
07/15/2005,EGE,CO,ANM,WE,Federal Contract Tower,8,17,40,1,66,0,0,36,29,65,8,17,76,30,131,0,4,4,135
07/16/2005,EGE,CO,ANM,WE,Federal Contract Tower,9,19,43,0,71,0,0,18,1,19,9,19,61,1,90,2,2,4,94
07/17/2005,EGE,CO,ANM,WE,Federal Contract Tower,10,35,49,0,94,0,0,29,6,35,10,35,78,6,129,0,0,0,129
07/18/2005,EGE,CO,ANM,WE,Federal Contract Tower,9,16,25,0,50,0,1,35,2,38,9,17,60,2,88,0,2,2,90
07/19/2005,EGE,CO,ANM,WE,Federal Contract Tower,9,20,21,2,52,0,0,26,20,46,9,20,47,22,98,44,24,68,166
07/20/2005,EGE,CO,ANM,WE,Federal Contract Tower,9,22,36,0,67,0,1,22,12,35,9,23,58,12,102,36,8,44,146
07/21/2005,EGE,CO,ANM,WE,Federal Contract Tower,9,37,33,2,81,0,0,29,13,42,9,37,62,15,123,40,10,50,173
07/22/2005,EGE,CO,ANM,WE,Federal Contract Tower,9,24,33,2,68,0,0,47,4,51,9,24,80,6,119,18,0,18,137
07/23/2005,EGE,CO,ANM,WE,Federal Contract Tower,9,20,28,0,57,1,2,37,0,40,10,22,65,0,97,44,0,44,141
07/24/2005,EGE,CO,ANM,WE,Federal Contract Tower,9,42,47,2,100,0,0,22,0,22,9,42,69,2,122,10,0,10,132
07/25/2005,EGE,CO,ANM,WE,Federal Contract Tower,10,28,49,0,87,0,0,20,0,20,10,28,69,0,107,18,0,18,125
07/26/2005,EGE,CO,ANM,WE,Federal Contract Tower,9,21,33,1,64,0,0,32,19,51,9,21,65,20,115,2,46,48,163
07/27/2005,EGE,CO,ANM,WE,Federal Contract Tower,9,37,35,0,81,0,0,33,18,51,9,37,68,18,132,40,24,64,196
07/28/2005,EGE,CO,ANM,WE,Federal Contract Tower,8,37,47,0,92,0,0,30,16,46,8,37,77,16,138,50,2,52,190
07/29/2005,EGE,CO,ANM,WE,Federal Contract Tower,10,18,39,0,67,0,0,30,8,38,10,18,69,8,105,4,8,12,117
07/30/2005,EGE,CO,ANM,WE,Federal Contract Tower,9,12,39,0,60,0,0,26,1,27,9,12,65,1,87,6,0,6,93
07/31/2005,EGE,CO,ANM,WE,Federal Contract Tower,9,40,53,0,102,0,0,20,1,21,9,40,73,1,123,10,0,10,133
08/01/2005,EGE,CO,ANM,WE,Federal Contract Tower,9,25,45,0,79,0,1,23,4,28,9,26,68,4,107,14,0,14,121
08/02/2005,EGE,CO,ANM,WE,Federal Contract Tower,8,20,26,0,54,1,0,37,14,52,9,20,63,14,106,0,12,12,118
08/03/2005,EGE,CO,ANM,WE,Federal Contract Tower,8,19,34,0,61,1,1,34,17,53,9,20,68,17,114,0,14,14,128
08/04/2005,EGE,CO,ANM,WE,Federal Contract Tower,10,20,46,0,76,0,0,25,20,45,10,20,71,20,121,0,16,16,137
08/05/2005,EGE,CO,ANM,WE,Federal Contract Tower,7,17,27,1,52,1,0,22,16,39,8,17,49,17,91,6,20,26,117
08/06/2005,EGE,CO,ANM,WE,Federal Contract Tower,13,27,34,0,74,0,0,29,2,31,13,27,63,2,105,50,0,50,155
08/07/2005,EGE,CO,ANM,WE,Federal Contract Tower,9,33,48,0,90,0,1,31,0,32,9,34,79,0,122,16,0,16,138
08/08/2005,EGE,CO,ANM,WE,Federal Contract Tower,9,32,47,0,88,0,0,26,12,38,9,32,73,12,126,36,0,36,162
08/09/2005,EGE,CO,ANM,WE,Federal Contract Tower,9,20,26,1,56,0,0,32,0,32,9,20,58,1,88,6,0,6,94
08/10/2005,EGE,CO,ANM,WE,Federal Contract Tower,9,27,50,0,86,0,0,9,0,9,9,27,59,0,95,8,0,8,103
08/11/2005,EGE,CO,ANM,WE,Federal Contract Tower,10,23,30,0,63,0,0,20,0,20,10,23,50,0,83,4,0,4,87
08/12/2005,EGE,CO,ANM,WE,Federal Contract Tower,10,29,43,1,83,0,1,41,1,43,10,30,84,2,126,30,0,30,156
08/13/2005,EGE,CO,ANM,WE,Federal Contract Tower,11,18,22,0,51,0,0,25,0,25,11,18,47,0,76,0,0,0,76
08/14/2005,EGE,CO,ANM,WE,Federal Contract Tower,9,33,65,0,107,0,0,13,0,13,9,33,78,0,120,14,0,14,134
08/15/2005,EGE,CO,ANM,WE,Federal Contract Tower,10,19,39,0,68,0,0,21,0,21,10,19,60,0,89,62,0,62,151
08/16/2005,EGE,CO,ANM,WE,Federal Contract Tower,9,19,31,0,59,0,0,5,24,29,9,19,36,24,88,6,60,66,154
08/17/2005,EGE,CO,ANM,WE,Federal Contract Tower,9,19,36,0,64,0,1,23,16,40,9,20,59,16,104,18,8,26,130
08/18/2005,EGE,CO,ANM,WE,Federal Contract Tower,10,15,30,0,55,0,0,29,14,43,10,15,59,14,98,42,6,48,146
08/19/2005,EGE,CO,ANM,WE,Federal Contract Tower,9,17,44,0,70,0,0,17,9,26,9,17,61,9,96,33,14,47,143
08/20/2005,EGE,CO,ANM,WE,Federal Contract Tower,9,14,24,0,47,1,0,21,0,22,10,14,45,0,69,54,0,54,123
08/21/2005,EGE,CO,ANM,WE,Federal Contract Tower,11,20,51,0,82,0,0,19,0,19,11,20,70,0,101,24,0,24,125
08/22/2005,EGE,CO,ANM,WE,Federal Contract Tower,9,6,25,0,40,0,0,17,0,17,9,6,42,0,57,32,0,32,89
08/23/2005,EGE,CO,ANM,WE,Federal Contract Tower,9,11,21,0,41,0,0,41,12,53,9,11,62,12,94,58,10,68,162
08/24/2005,EGE,CO,ANM,WE,Federal Contract Tower,9,9,36,3,57,0,0,32,8,40,9,9,68,11,97,20,16,36,133
08/25/2005,EGE,CO,ANM,WE,Federal Contract Tower,11,26,20,0,57,0,1,38,14,53,11,27,58,14,110,2,2,4,114
08/26/2005,EGE,CO,ANM,WE,Federal Contract Tower,9,23,30,0,62,0,0,29,3,32,9,23,59,3,94,40,0,40,134
08/27/2005,EGE,CO,ANM,WE,Federal Contract Tower,10,21,23,2,56,0,1,11,1,13,10,22,34,3,69,0,0,0,69
08/28/2005,EGE,CO,ANM,WE,Federal Contract Tower,9,24,30,0,63,0,0,17,4,21,9,24,47,4,84,0,0,0,84
08/29/2005,EGE,CO,ANM,WE,Federal Contract Tower,9,18,22,0,49,0,0,14,0,14,9,18,36,0,63,3,0,3,66
08/30/2005,EGE,CO,ANM,WE,Federal Contract Tower,9,10,28,2,49,0,1,9,18,28,9,11,37,20,77,16,28,44,121
08/31/2005,EGE,CO,ANM,WE,Federal Contract Tower,9,31,28,1,69,0,2,28,35,65,9,33,56,36,134,48,20,68,202
09/01/2005,EGE,CO,ANM,WE,Federal Contract Tower,9,12,36,0,57,0,0,23,14,37,9,12,59,14,94,16,2,18,112
09/02/2005,EGE,CO,ANM,WE,Federal Contract Tower,9,27,28,1,65,0,1,20,4,25,9,28,48,5,90,22,16,38,128
09/03/2005,EGE,CO,ANM,WE,Federal Contract Tower,8,11,7,2,28,0,0,14,0,14,8,11,21,2,42,14,0,14,56
09/04/2005,EGE,CO,ANM,WE,Federal Contract Tower,8,18,23,0,49,0,0,14,0,14,8,18,37,0,63,8,0,8,71
09/05/2005,EGE,CO,ANM,WE,Federal Contract Tower,10,29,39,0,78,0,0,15,0,15,10,29,54,0,93,0,0,0,93
09/06/2005,EGE,CO,ANM,WE,Federal Contract Tower,8,14,22,0,44,0,0,16,0,16,8,14,38,0,60,12,0,12,72
09/07/2005,EGE,CO,ANM,WE,Federal Contract Tower,6,19,15,0,40,0,0,25,4,29,6,19,40,4,69,22,0,22,91
09/08/2005,EGE,CO,ANM,WE,Federal Contract Tower,6,26,32,0,64,0,0,17,0,17,6,26,49,0,81,58,0,58,139
09/09/2005,EGE,CO,ANM,WE,Federal Contract Tower,6,10,21,0,37,0,0,6,0,6,6,10,27,0,43,12,0,12,55
09/10/2005,EGE,CO,ANM,WE,Federal Contract Tower,7,17,16,0,40,0,0,18,0,18,7,17,34,0,58,0,0,0,58
09/11/2005,EGE,CO,ANM,WE,Federal Contract Tower,6,24,30,1,61,0,0,15,1,16,6,24,45,2,77,0,0,0,77
09/12/2005,EGE,CO,ANM,WE,Federal Contract Tower,7,20,27,0,54,0,0,17,0,17,7,20,44,0,71,0,0,0,71
09/13/2005,EGE,CO,ANM,WE,Federal Contract Tower,7,16,9,0,32,0,0,16,16,32,7,16,25,16,64,42,38,80,144
09/14/2005,EGE,CO,ANM,WE,Federal Contract Tower,7,27,26,0,60,0,1,21,18,40,7,28,47,18,100,4,18,22,122
09/15/2005,EGE,CO,ANM,WE,Federal Contract Tower,7,19,15,0,41,0,0,31,20,51,7,19,46,20,92,10,2,12,104
09/16/2005,EGE,CO,ANM,WE,Federal Contract Tower,7,21,31,0,59,0,0,31,14,45,7,21,62,14,104,72,6,78,182
09/17/2005,EGE,CO,ANM,WE,Federal Contract Tower,6,16,21,0,43,0,0,34,2,36,6,16,55,2,79,12,0,12,91
09/18/2005,EGE,CO,ANM,WE,Federal Contract Tower,6,13,29,0,48,0,2,23,0,25,6,15,52,0,73,2,0,2,75
09/19/2005,EGE,CO,ANM,WE,Federal Contract Tower,6,6,16,0,28,0,0,12,1,13,6,6,28,1,41,2,14,16,57
09/20/2005,EGE,CO,ANM,WE,Federal Contract Tower,5,19,20,0,44,1,1,27,9,38,6,20,47,9,82,88,40,128,210
09/21/2005,EGE,CO,ANM,WE,Federal Contract Tower,6,16,23,0,45,0,0,25,17,42,6,16,48,17,87,2,16,18,105
09/22/2005,EGE,CO,ANM,WE,Federal Contract Tower,5,14,53,0,72,0,0,11,8,19,5,14,64,8,91,2,22,24,115
09/23/2005,EGE,CO,ANM,WE,Federal Contract Tower,6,11,27,1,45,0,0,44,13,57,6,11,71,14,102,12,10,22,124
09/24/2005,EGE,CO,ANM,WE,Federal Contract Tower,6,8,12,0,26,0,0,10,4,14,6,8,22,4,40,16,8,24,64
09/25/2005,EGE,CO,ANM,WE,Federal Contract Tower,7,18,39,0,64,0,1,34,3,38,7,19,73,3,102,4,0,4,106
09/26/2005,EGE,CO,ANM,WE,Federal Contract Tower,7,15,24,0,46,0,0,24,3,27,7,15,48,3,73,4,0,4,77
09/27/2005,EGE,CO,ANM,WE,Federal Contract Tower,6,13,13,0,32,0,0,26,23,49,6,13,39,23,81,4,12,16,97
09/28/2005,EGE,CO,ANM,WE,Federal Contract Tower,6,13,20,0,39,0,0,5,18,23,6,13,25,18,62,0,26,26,88
09/29/2005,EGE,CO,ANM,WE,Federal Contract Tower,4,7,25,0,36,0,0,23,17,40,4,7,48,17,76,10,4,14,90
09/30/2005,EGE,CO,ANM,WE,Federal Contract Tower,6,17,26,0,49,0,0,30,16,46,6,17,56,16,95,4,14,18,113
10/01/2005,EGE,CO,ANM,WE,Federal Contract Tower,6,2,9,0,17,0,0,33,5,38,6,2,42,5,55,8,0,8,63
10/02/2005,EGE,CO,ANM,WE,Federal Contract Tower,6,23,22,0,51,0,3,9,2,14,6,26,31,2,65,0,0,0,65
10/03/2005,EGE,CO,ANM,WE,Federal Contract Tower,6,9,9,2,26,0,0,15,0,15,6,9,24,2,41,4,0,4,45
10/04/2005,EGE,CO,ANM,WE,Federal Contract Tower,5,7,14,0,26,0,0,4,29,33,5,7,18,29,59,0,26,26,85
10/05/2005,EGE,CO,ANM,WE,Federal Contract Tower,4,9,23,0,36,0,0,23,17,40,4,9,46,17,76,0,24,24,100
10/06/2005,EGE,CO,ANM,WE,Federal Contract Tower,5,10,14,0,29,0,0,26,21,47,5,10,40,21,76,42,26,68,144
10/07/2005,EGE,CO,ANM,WE,Federal Contract Tower,5,10,17,0,32,0,0,26,8,34,5,10,43,8,66,20,4,24,90
10/08/2005,EGE,CO,ANM,WE,Federal Contract Tower,5,7,17,0,29,0,0,30,1,31,5,7,47,1,60,34,0,34,94
10/09/2005,EGE,CO,ANM,WE,Federal Contract Tower,2,10,25,0,37,0,0,0,0,0,2,10,25,0,37,0,0,0,37
10/10/2005,EGE,CO,ANM,WE,Federal Contract Tower,0,10,25,0,35,0,0,1,0,1,0,10,26,0,36,8,0,8,44
10/11/2005,EGE,CO,ANM,WE,Federal Contract Tower,4,3,12,2,21,0,0,6,0,6,4,3,18,2,27,0,0,0,27
10/12/2005,EGE,CO,ANM,WE,Federal Contract Tower,5,4,21,0,30,0,0,11,0,11,5,4,32,0,41,28,0,28,69
10/13/2005,EGE,CO,ANM,WE,Federal Contract Tower,5,5,14,1,25,0,0,31,12,43,5,5,45,13,68,68,16,84,152
10/14/2005,EGE,CO,ANM,WE,Federal Contract Tower,5,3,15,0,23,0,0,18,0,18,5,3,33,0,41,34,0,34,75
10/15/2005,EGE,CO,ANM,WE,Federal Contract Tower,5,3,6,0,14,0,0,31,4,35,5,3,37,4,49,24,0,24,73
10/16/2005,EGE,CO,ANM,WE,Federal Contract Tower,4,4,16,0,24,0,0,29,0,29,4,4,45,0,53,20,0,20,73
10/17/2005,EGE,CO,ANM,WE,Federal Contract Tower,5,6,8,0,19,0,0,24,8,32,5,6,32,8,51,0,0,0,51
10/18/2005,EGE,CO,ANM,WE,Federal Contract Tower,3,5,11,0,19,0,0,21,2,23,3,5,32,2,42,6,0,6,48
10/19/2005,EGE,CO,ANM,WE,Federal Contract Tower,5,1,9,0,15,0,0,0,0,0,5,1,9,0,15,0,0,0,15
10/20/2005,EGE,CO,ANM,WE,Federal Contract Tower,5,14,16,0,35,0,0,9,1,10,5,14,25,1,45,38,0,38,83
10/21/2005,EGE,CO,ANM,WE,Federal Contract Tower,4,5,20,0,29,0,0,25,2,27,4,5,45,2,56,10,0,10,66
10/22/2005,EGE,CO,ANM,WE,Federal Contract Tower,5,4,6,0,15,0,2,18,0,20,5,6,24,0,35,0,0,0,35
10/23/2005,EGE,CO,ANM,WE,Federal Contract Tower,3,4,12,0,19,0,0,28,0,28,3,4,40,0,47,22,0,22,69
10/24/2005,EGE,CO,ANM,WE,Federal Contract Tower,4,9,9,0,22,0,0,22,2,24,4,9,31,2,46,8,8,16,62
10/25/2005,EGE,CO,ANM,WE,Federal Contract Tower,4,7,14,0,25,0,1,25,6,32,4,8,39,6,57,12,16,28,85
10/26/2005,EGE,CO,ANM,WE,Federal Contract Tower,4,2,6,0,12,0,0,20,3,23,4,2,26,3,35,22,8,30,65
10/27/2005,EGE,CO,ANM,WE,Federal Contract Tower,4,5,17,0,26,0,0,16,1,17,4,5,33,1,43,56,2,58,101
10/28/2005,EGE,CO,ANM,WE,Federal Contract Tower,5,0,14,0,19,0,0,5,1,6,5,0,19,1,25,0,0,0,25
10/29/2005,EGE,CO,ANM,WE,Federal Contract Tower,4,0,4,0,8,0,0,2,0,2,4,0,6,0,10,0,0,0,10
10/30/2005,EGE,CO,ANM,WE,Federal Contract Tower,2,0,8,0,10,0,0,0,0,0,2,0,8,0,10,0,0,0,10
10/31/2005,EGE,CO,ANM,WE,Federal Contract Tower,5,7,11,2,25,0,0,17,2,19,5,7,28,4,44,0,4,4,48
11/01/2005,EGE,CO,ANM,WE,Federal Contract Tower,4,1,10,0,15,0,0,31,2,33,4,1,41,2,48,0,4,4,52
11/02/2005,EGE,CO,ANM,WE,Federal Contract Tower,4,5,10,0,19,0,0,13,2,15,4,5,23,2,34,0,4,4,38
11/03/2005,EGE,CO,ANM,WE,Federal Contract Tower,5,5,7,0,17,0,0,9,0,9,5,5,16,0,26,14,0,14,40
11/04/2005,EGE,CO,ANM,WE,Federal Contract Tower,4,7,16,0,27,0,0,9,0,9,4,7,25,0,36,30,0,30,66
11/05/2005,EGE,CO,ANM,WE,Federal Contract Tower,5,10,5,0,20,0,1,5,0,6,5,11,10,0,26,0,0,0,26
11/06/2005,EGE,CO,ANM,WE,Federal Contract Tower,4,3,16,0,23,0,0,22,0,22,4,3,38,0,45,10,0,10,55
11/07/2005,EGE,CO,ANM,WE,Federal Contract Tower,4,2,10,0,16,0,0,16,2,18,4,2,26,2,34,0,2,2,36
11/08/2005,EGE,CO,ANM,WE,Federal Contract Tower,4,0,12,0,16,0,0,9,0,9,4,0,21,0,25,0,18,18,43
11/09/2005,EGE,CO,ANM,WE,Federal Contract Tower,4,0,7,0,11,0,0,13,0,13,4,0,20,0,24,18,0,18,42
11/10/2005,EGE,CO,ANM,WE,Federal Contract Tower,4,3,10,0,17,0,0,15,5,20,4,3,25,5,37,0,0,0,37
11/11/2005,EGE,CO,ANM,WE,Federal Contract Tower,5,5,12,0,22,0,0,14,2,16,5,5,26,2,38,0,0,0,38
11/12/2005,EGE,CO,ANM,WE,Federal Contract Tower,4,0,5,0,9,0,0,7,0,7,4,0,12,0,16,0,0,0,16
11/13/2005,EGE,CO,ANM,WE,Federal Contract Tower,2,2,5,0,9,0,0,8,0,8,2,2,13,0,17,0,0,0,17
11/14/2005,EGE,CO,ANM,WE,Federal Contract Tower,2,0,10,0,12,0,0,1,0,1,2,0,11,0,13,0,0,0,13
11/15/2005,EGE,CO,ANM,WE,Federal Contract Tower,2,4,13,0,19,0,0,21,0,21,2,4,34,0,40,0,0,0,40
11/16/2005,EGE,CO,ANM,WE,Federal Contract Tower,3,3,16,0,22,0,0,12,2,14,3,3,28,2,36,14,0,14,50
11/17/2005,EGE,CO,ANM,WE,Federal Contract Tower,4,6,10,0,20,0,0,6,3,9,4,6,16,3,29,0,0,0,29
11/18/2005,EGE,CO,ANM,WE,Federal Contract Tower,4,13,26,0,43,0,0,23,1,24,4,13,49,1,67,65,0,65,132
11/19/2005,EGE,CO,ANM,WE,Federal Contract Tower,5,25,11,0,41,0,0,13,0,13,5,25,24,0,54,0,0,0,54
11/20/2005,EGE,CO,ANM,WE,Federal Contract Tower,4,13,20,0,37,0,0,13,0,13,4,13,33,0,50,0,0,0,50
11/21/2005,EGE,CO,ANM,WE,Federal Contract Tower,5,15,11,0,31,0,1,17,3,21,5,16,28,3,52,18,0,18,70
11/22/2005,EGE,CO,ANM,WE,Federal Contract Tower,5,20,46,0,71,0,0,27,0,27,5,20,73,0,98,2,0,2,100
11/23/2005,EGE,CO,ANM,WE,Federal Contract Tower,7,14,65,0,86,1,0,41,3,45,8,14,106,3,131,26,6,32,163
11/24/2005,EGE,CO,ANM,WE,Federal Contract Tower,8,11,9,0,28,0,0,13,0,13,8,11,22,0,41,14,0,14,55
11/25/2005,EGE,CO,ANM,WE,Federal Contract Tower,9,4,16,0,29,0,0,33,0,33,9,4,49,0,62,2,0,2,64
11/26/2005,EGE,CO,ANM,WE,Federal Contract Tower,7,12,28,0,47,0,0,1,0,1,7,12,29,0,48,0,0,0,48
11/27/2005,EGE,CO,ANM,WE,Federal Contract Tower,8,14,74,0,96,0,0,0,0,0,8,14,74,0,96,0,0,0,96
11/28/2005,EGE,CO,ANM,WE,Federal Contract Tower,7,18,32,0,57,0,0,6,0,6,7,18,38,0,63,24,0,24,87
11/29/2005,EGE,CO,ANM,WE,Federal Contract Tower,7,8,21,0,36,1,0,13,13,27,8,8,34,13,63,0,48,48,111
11/30/2005,EGE,CO,ANM,WE,Federal Contract Tower,6,6,11,0,23,0,0,4,26,30,6,6,15,26,53,0,54,54,107
12/01/2005,EGE,CO,ANM,WE,Federal Contract Tower,6,3,20,0,29,0,0,0,0,0,6,3,20,0,29,0,0,0,29
12/02/2005,EGE,CO,ANM,WE,Federal Contract Tower,11,12,21,0,44,0,0,0,24,24,11,12,21,24,68,16,2,18,86
12/03/2005,EGE,CO,ANM,WE,Federal Contract Tower,9,7,23,0,39,0,0,2,7,9,9,7,25,7,48,20,4,24,72
12/04/2005,EGE,CO,ANM,WE,Federal Contract Tower,10,16,20,0,46,0,0,7,0,7,10,16,27,0,53,0,0,0,53
12/05/2005,EGE,CO,ANM,WE,Federal Contract Tower,11,17,11,0,39,1,0,15,1,17,12,17,26,1,56,22,0,22,78
12/06/2005,EGE,CO,ANM,WE,Federal Contract Tower,7,4,19,0,30,0,0,1,27,28,7,4,20,27,58,12,40,52,110
12/07/2005,EGE,CO,ANM,WE,Federal Contract Tower,9,18,22,0,49,0,1,12,29,42,9,19,34,29,91,18,12,30,121
12/08/2005,EGE,CO,ANM,WE,Federal Contract Tower,10,10,26,0,46,0,0,22,23,45,10,10,48,23,91,22,12,34,125
12/09/2005,EGE,CO,ANM,WE,Federal Contract Tower,8,15,22,0,45,1,0,17,12,30,9,15,39,12,75,20,8,28,103
12/10/2005,EGE,CO,ANM,WE,Federal Contract Tower,10,12,22,3,47,0,0,16,6,22,10,12,38,9,69,32,12,44,113
12/11/2005,EGE,CO,ANM,WE,Federal Contract Tower,9,17,22,0,48,0,0,10,0,10,9,17,32,0,58,9,0,9,67
12/12/2005,EGE,CO,ANM,WE,Federal Contract Tower,9,16,24,0,49,0,0,18,2,20,9,16,42,2,69,4,0,4,73
12/13/2005,EGE,CO,ANM,WE,Federal Contract Tower,8,13,15,0,36,0,0,2,17,19,8,13,17,17,55,22,52,74,129
12/14/2005,EGE,CO,ANM,WE,Federal Contract Tower,7,16,22,0,45,0,0,12,15,27,7,16,34,15,72,10,6,16,88
12/15/2005,EGE,CO,ANM,WE,Federal Contract Tower,24,16,26,0,66,2,0,32,13,47,26,16,58,13,113,10,4,14,127
12/16/2005,EGE,CO,ANM,WE,Federal Contract Tower,28,25,75,0,128,0,1,11,14,26,28,26,86,14,154,14,16,30,184
12/17/2005,EGE,CO,ANM,WE,Federal Contract Tower,38,23,64,0,125,0,0,3,0,3,38,23,67,0,128,0,0,0,128
12/18/2005,EGE,CO,ANM,WE,Federal Contract Tower,31,10,49,0,90,0,1,0,0,1,31,11,49,0,91,0,0,0,91
12/19/2005,EGE,CO,ANM,WE,Federal Contract Tower,29,30,68,0,127,1,0,6,14,21,30,30,74,14,148,40,16,56,204
12/20/2005,EGE,CO,ANM,WE,Federal Contract Tower,28,24,46,0,98,0,1,6,20,27,28,25,52,20,125,16,8,24,149
12/21/2005,EGE,CO,ANM,WE,Federal Contract Tower,28,47,62,0,137,0,1,17,20,38,28,48,79,20,175,32,28,60,235
12/22/2005,EGE,CO,ANM,WE,Federal Contract Tower,28,43,65,0,136,1,0,15,0,16,29,43,80,0,152,0,0,0,152
12/23/2005,EGE,CO,ANM,WE,Federal Contract Tower,29,25,83,0,137,1,2,13,0,16,30,27,96,0,153,6,0,6,159
12/24/2005,EGE,CO,ANM,WE,Federal Contract Tower,42,22,44,0,108,1,0,21,0,22,43,22,65,0,130,0,0,0,130
12/25/2005,EGE,CO,ANM,WE,Federal Contract Tower,33,42,54,0,129,0,0,6,0,6,33,42,60,0,135,0,0,0,135
12/26/2005,EGE,CO,ANM,WE,Federal Contract Tower,30,63,140,0,233,1,4,42,0,47,31,67,182,0,280,0,0,0,280
12/27/2005,EGE,CO,ANM,WE,Federal Contract Tower,28,45,81,0,154,0,0,3,0,3,28,45,84,0,157,0,0,0,157
12/28/2005,EGE,CO,ANM,WE,Federal Contract Tower,28,32,71,0,131,1,0,18,0,19,29,32,89,0,150,0,0,0,150
12/29/2005,EGE,CO,ANM,WE,Federal Contract Tower,30,16,47,0,93,0,0,7,0,7,30,16,54,0,100,0,0,0,100
12/30/2005,EGE,CO,ANM,WE,Federal Contract Tower,30,51,76,0,157,0,1,16,0,17,30,52,92,0,174,0,0,0,174
12/31/2005,EGE,CO,ANM,WE,Federal Contract Tower,40,29,43,0,112,1,0,12,0,13,41,29,55,0,125,12,0,12,137
01/01/2006,EGE,CO,ANM,WE,Federal Contract Tower,32,19,93,0,144,0,1,4,0,5,32,20,97,0,149,0,0,0,149
01/02/2006,EGE,CO,ANM,WE,Federal Contract Tower,29,39,139,0,207,0,1,28,0,29,29,40,167,0,236,0,0,0,236
01/03/2006,EGE,CO,ANM,WE,Federal Contract Tower,28,30,62,0,120,0,2,4,0,6,28,32,66,0,126,0,0,0,126
01/04/2006,EGE,CO,ANM,WE,Federal Contract Tower,31,30,63,0,124,0,2,11,4,17,31,32,74,4,141,6,8,14,155
01/05/2006,EGE,CO,ANM,WE,Federal Contract Tower,27,28,55,1,111,1,0,36,3,40,28,28,91,4,151,28,0,28,179
01/06/2006,EGE,CO,ANM,WE,Federal Contract Tower,29,31,52,0,112,0,1,22,0,23,29,32,74,0,135,8,0,8,143
01/07/2006,EGE,CO,ANM,WE,Federal Contract Tower,42,28,40,0,110,0,4,19,0,23,42,32,59,0,133,8,0,8,141
01/08/2006,EGE,CO,ANM,WE,Federal Contract Tower,34,31,47,0,112,0,1,2,4,7,34,32,49,4,119,0,0,0,119
01/09/2006,EGE,CO,ANM,WE,Federal Contract Tower,31,22,23,0,76,0,0,19,0,19,31,22,42,0,95,42,0,42,137
01/10/2006,EGE,CO,ANM,WE,Federal Contract Tower,28,14,38,0,80,2,1,22,7,32,30,15,60,7,112,50,40,90,202
01/11/2006,EGE,CO,ANM,WE,Federal Contract Tower,28,26,24,0,78,1,1,21,5,28,29,27,45,5,106,44,20,64,170
01/12/2006,EGE,CO,ANM,WE,Federal Contract Tower,31,32,37,0,100,1,0,7,11,19,32,32,44,11,119,4,20,24,143
01/13/2006,EGE,CO,ANM,WE,Federal Contract Tower,31,39,52,0,122,0,1,14,9,24,31,40,66,9,146,26,0,26,172
01/14/2006,EGE,CO,ANM,WE,Federal Contract Tower,46,24,28,0,98,0,2,21,0,23,46,26,49,0,121,6,0,6,127
01/15/2006,EGE,CO,ANM,WE,Federal Contract Tower,34,12,27,0,73,0,0,2,1,3,34,12,29,1,76,0,0,0,76
01/16/2006,EGE,CO,ANM,WE,Federal Contract Tower,29,59,73,0,161,2,3,20,0,25,31,62,93,0,186,0,0,0,186
01/17/2006,EGE,CO,ANM,WE,Federal Contract Tower,29,20,29,0,78,0,1,12,6,19,29,21,41,6,97,126,12,138,235
01/18/2006,EGE,CO,ANM,WE,Federal Contract Tower,27,17,33,0,77,2,6,11,9,28,29,23,44,9,105,64,4,68,173
01/19/2006,EGE,CO,ANM,WE,Federal Contract Tower,28,12,30,0,70,0,0,1,2,3,28,12,31,2,73,0,0,0,73
01/20/2006,EGE,CO,ANM,WE,Federal Contract Tower,32,32,28,0,92,0,0,17,5,22,32,32,45,5,114,2,20,22,136
01/21/2006,EGE,CO,ANM,WE,Federal Contract Tower,44,9,21,0,74,1,1,17,0,19,45,10,38,0,93,6,0,6,99
01/22/2006,EGE,CO,ANM,WE,Federal Contract Tower,33,27,32,0,92,1,0,20,0,21,34,27,52,0,113,36,0,36,149
01/23/2006,EGE,CO,ANM,WE,Federal Contract Tower,32,11,31,0,74,0,1,28,0,29,32,12,59,0,103,38,0,38,141
01/24/2006,EGE,CO,ANM,WE,Federal Contract Tower,29,8,18,0,55,0,0,30,19,49,29,8,48,19,104,28,28,56,160
01/25/2006,EGE,CO,ANM,WE,Federal Contract Tower,29,18,34,0,81,0,0,13,13,26,29,18,47,13,107,22,16,38,145
01/26/2006,EGE,CO,ANM,WE,Federal Contract Tower,31,33,47,0,111,0,0,3,16,19,31,33,50,16,130,0,28,28,158
01/27/2006,EGE,CO,ANM,WE,Federal Contract Tower,31,16,46,0,93,0,1,14,6,21,31,17,60,6,114,24,0,24,138
01/28/2006,EGE,CO,ANM,WE,Federal Contract Tower,43,16,29,0,88,0,0,6,1,7,43,16,35,1,95,22,0,22,117
01/29/2006,EGE,CO,ANM,WE,Federal Contract Tower,34,40,70,0,144,0,1,7,1,9,34,41,77,1,153,0,0,0,153
01/30/2006,EGE,CO,ANM,WE,Federal Contract Tower,30,20,53,0,103,1,0,10,0,11,31,20,63,0,114,44,0,44,158
01/31/2006,EGE,CO,ANM,WE,Federal Contract Tower,28,25,61,0,114,0,0,3,9,12,28,25,64,9,126,10,26,36,162
02/01/2006,EGE,CO,ANM,WE,Federal Contract Tower,29,21,58,0,108,1,2,9,14,26,30,23,67,14,134,132,6,138,272
02/02/2006,EGE,CO,ANM,WE,Federal Contract Tower,30,25,66,0,121,0,2,7,9,18,30,27,73,9,139,0,0,0,139
02/03/2006,EGE,CO,ANM,WE,Federal Contract Tower,31,14,69,0,114,0,0,8,5,13,31,14,77,5,127,40,0,40,167
02/04/2006,EGE,CO,ANM,WE,Federal Contract Tower,46,13,28,0,87,0,2,22,4,28,46,15,50,4,115,30,0,30,145
02/05/2006,EGE,CO,ANM,WE,Federal Contract Tower,36,24,56,0,116,0,0,9,1,10,36,24,65,1,126,0,0,0,126
02/06/2006,EGE,CO,ANM,WE,Federal Contract Tower,30,32,43,0,105,2,1,26,3,32,32,33,69,3,137,0,0,0,137
02/07/2006,EGE,CO,ANM,WE,Federal Contract Tower,30,10,23,0,63,0,0,29,24,53,30,10,52,24,116,12,32,44,160
02/08/2006,EGE,CO,ANM,WE,Federal Contract Tower,30,25,37,0,92,1,3,24,24,52,31,28,61,24,144,10,26,36,180
02/09/2006,EGE,CO,ANM,WE,Federal Contract Tower,31,23,53,0,107,0,2,32,20,54,31,25,85,20,161,80,8,88,249
02/10/2006,EGE,CO,ANM,WE,Federal Contract Tower,32,36,42,0,110,0,0,10,16,26,32,36,52,16,136,0,34,34,170
02/11/2006,EGE,CO,ANM,WE,Federal Contract Tower,44,23,37,0,104,4,0,16,0,20,48,23,53,0,124,26,0,26,150
02/12/2006,EGE,CO,ANM,WE,Federal Contract Tower,32,35,55,0,122,0,0,22,0,22,32,35,77,0,144,26,0,26,170
02/13/2006,EGE,CO,ANM,WE,Federal Contract Tower,29,25,39,0,93,4,2,13,0,19,33,27,52,0,112,16,0,16,128
02/14/2006,EGE,CO,ANM,WE,Federal Contract Tower,31,7,34,0,72,0,0,24,24,48,31,7,58,24,120,38,22,60,180
02/15/2006,EGE,CO,ANM,WE,Federal Contract Tower,28,26,71,0,125,1,3,10,21,35,29,29,81,21,160,0,6,6,166
02/16/2006,EGE,CO,ANM,WE,Federal Contract Tower,30,37,72,0,139,0,1,7,15,23,30,38,79,15,162,0,28,28,190
02/17/2006,EGE,CO,ANM,WE,Federal Contract Tower,31,47,69,0,147,0,0,35,2,37,31,47,104,2,184,110,0,110,294
02/18/2006,EGE,CO,ANM,WE,Federal Contract Tower,48,17,61,0,126,0,1,1,0,2,48,18,62,0,128,0,0,0,128
02/19/2006,EGE,CO,ANM,WE,Federal Contract Tower,36,8,45,0,89,0,0,3,0,3,36,8,48,0,92,0,0,0,92
02/20/2006,EGE,CO,ANM,WE,Federal Contract Tower,27,44,102,0,173,1,1,11,0,13,28,45,113,0,186,0,0,0,186
02/21/2006,EGE,CO,ANM,WE,Federal Contract Tower,31,41,65,0,137,0,0,14,0,14,31,41,79,0,151,70,0,70,221
02/22/2006,EGE,CO,ANM,WE,Federal Contract Tower,30,31,49,0,110,0,1,26,3,30,30,32,75,3,140,0,0,0,140
02/23/2006,EGE,CO,ANM,WE,Federal Contract Tower,29,31,42,0,102,1,0,24,2,27,30,31,66,2,129,20,0,20,149
02/24/2006,EGE,CO,ANM,WE,Federal Contract Tower,30,36,66,0,132,0,0,24,6,30,30,36,90,6,162,7,0,7,169
02/25/2006,EGE,CO,ANM,WE,Federal Contract Tower,44,66,66,0,176,2,0,13,0,15,46,66,79,0,191,0,0,0,191
02/26/2006,EGE,CO,ANM,WE,Federal Contract Tower,36,53,84,0,173,0,0,18,0,18,36,53,102,0,191,0,0,0,191
02/27/2006,EGE,CO,ANM,WE,Federal Contract Tower,32,19,35,0,86,0,1,15,0,16,32,20,50,0,102,22,0,22,124
02/28/2006,EGE,CO,ANM,WE,Federal Contract Tower,31,17,34,0,82,0,1,5,4,10,31,18,39,4,92,58,16,74,166
03/01/2006,EGE,CO,ANM,WE,Federal Contract Tower,32,26,41,0,99,1,2,9,1,13,33,28,50,1,112,24,0,24,136
03/02/2006,EGE,CO,ANM,WE,Federal Contract Tower,30,25,75,0,130,0,1,16,3,20,30,26,91,3,150,30,0,30,180
03/03/2006,EGE,CO,ANM,WE,Federal Contract Tower,30,26,72,0,128,0,0,18,7,25,30,26,90,7,153,0,0,0,153
03/04/2006,EGE,CO,ANM,WE,Federal Contract Tower,48,41,58,0,147,0,0,9,0,9,48,41,67,0,156,20,0,20,176
03/05/2006,EGE,CO,ANM,WE,Federal Contract Tower,35,63,86,1,185,1,1,37,0,39,36,64,123,1,224,2,0,2,226
03/06/2006,EGE,CO,ANM,WE,Federal Contract Tower,31,25,27,0,83,0,0,21,0,21,31,25,48,0,104,8,0,8,112
03/07/2006,EGE,CO,ANM,WE,Federal Contract Tower,29,13,32,0,74,2,0,5,1,8,31,13,37,1,82,24,6,30,112
03/08/2006,EGE,CO,ANM,WE,Federal Contract Tower,31,14,44,0,89,1,1,1,2,5,32,15,45,2,94,0,10,10,104
03/09/2006,EGE,CO,ANM,WE,Federal Contract Tower,30,27,41,0,98,1,0,6,1,8,31,27,47,1,106,38,0,38,144
03/10/2006,EGE,CO,ANM,WE,Federal Contract Tower,32,21,60,1,114,0,1,1,0,2,32,22,61,1,116,0,0,0,116
03/11/2006,EGE,CO,ANM,WE,Federal Contract Tower,45,47,84,0,176,2,3,0,0,5,47,50,84,0,181,0,0,0,181
03/12/2006,EGE,CO,ANM,WE,Federal Contract Tower,37,6,32,0,75,0,0,1,0,1,37,6,33,0,76,0,0,0,76
03/13/2006,EGE,CO,ANM,WE,Federal Contract Tower,31,33,35,0,99,1,0,3,2,6,32,33,38,2,105,0,0,0,105
03/14/2006,EGE,CO,ANM,WE,Federal Contract Tower,30,27,27,0,84,2,1,34,19,56,32,28,61,19,140,98,24,122,262
03/15/2006,EGE,CO,ANM,WE,Federal Contract Tower,30,33,35,0,98,0,0,8,1,9,30,33,43,1,107,0,25,25,132
03/16/2006,EGE,CO,ANM,WE,Federal Contract Tower,30,42,58,0,130,1,1,29,3,34,31,43,87,3,164,6,21,27,191
03/17/2006,EGE,CO,ANM,WE,Federal Contract Tower,28,60,66,1,155,2,1,21,10,34,30,61,87,11,189,2,8,10,199
03/18/2006,EGE,CO,ANM,WE,Federal Contract Tower,45,26,65,0,136,1,1,12,1,15,46,27,77,1,151,0,0,0,151
03/19/2006,EGE,CO,ANM,WE,Federal Contract Tower,35,25,61,0,121,0,0,6,0,6,35,25,67,0,127,0,0,0,127
03/20/2006,EGE,CO,ANM,WE,Federal Contract Tower,39,5,35,0,79,0,0,2,0,2,39,5,37,0,81,0,0,0,81
03/21/2006,EGE,CO,ANM,WE,Federal Contract Tower,32,18,34,0,84,0,0,6,2,8,32,18,40,2,92,58,2,60,152
03/22/2006,EGE,CO,ANM,WE,Federal Contract Tower,29,15,52,0,96,2,1,18,10,31,31,16,70,10,127,10,4,14,141
03/23/2006,EGE,CO,ANM,WE,Federal Contract Tower,32,24,47,0,103,0,1,26,0,27,32,25,73,0,130,30,21,51,181
03/24/2006,EGE,CO,ANM,WE,Federal Contract Tower,31,47,48,0,126,0,0,20,0,20,31,47,68,0,146,24,4,28,174
03/25/2006,EGE,CO,ANM,WE,Federal Contract Tower,44,38,84,0,166,2,2,25,0,29,46,40,109,0,195,0,0,0,195
03/26/2006,EGE,CO,ANM,WE,Federal Contract Tower,38,26,57,0,121,1,2,5,0,8,39,28,62,0,129,0,0,0,129
03/27/2006,EGE,CO,ANM,WE,Federal Contract Tower,31,15,35,2,83,0,0,26,8,34,31,15,61,10,117,44,6,50,167
03/28/2006,EGE,CO,ANM,WE,Federal Contract Tower,32,12,34,0,78,0,0,10,11,21,32,12,44,11,99,40,28,68,167
03/29/2006,EGE,CO,ANM,WE,Federal Contract Tower,31,9,9,0,49,0,3,3,11,17,31,12,12,11,66,0,0,0,66
03/30/2006,EGE,CO,ANM,WE,Federal Contract Tower,31,17,38,0,86,0,0,1,1,2,31,17,39,1,88,0,16,16,104
03/31/2006,EGE,CO,ANM,WE,Federal Contract Tower,30,19,45,0,94,1,0,33,2,36,31,19,78,2,130,7,6,13,143
04/01/2006,EGE,CO,ANM,WE,Federal Contract Tower,48,15,31,0,94,0,1,3,0,4,48,16,34,0,98,34,0,34,132
04/02/2006,EGE,CO,ANM,WE,Federal Contract Tower,24,19,48,0,91,0,0,15,0,15,24,19,63,0,106,0,0,0,106
04/03/2006,EGE,CO,ANM,WE,Federal Contract Tower,4,13,23,0,40,0,0,13,0,13,4,13,36,0,53,2,0,2,55
04/04/2006,EGE,CO,ANM,WE,Federal Contract Tower,4,13,14,0,31,0,0,10,10,20,4,13,24,10,51,0,4,4,55
04/05/2006,EGE,CO,ANM,WE,Federal Contract Tower,4,10,21,0,35,0,0,5,6,11,4,10,26,6,46,6,10,16,62
04/06/2006,EGE,CO,ANM,WE,Federal Contract Tower,5,5,31,0,41,0,0,2,6,8,5,5,33,6,49,18,6,24,73
04/07/2006,EGE,CO,ANM,WE,Federal Contract Tower,5,13,42,0,60,0,0,12,0,12,5,13,54,0,72,24,14,38,110
04/08/2006,EGE,CO,ANM,WE,Federal Contract Tower,6,21,44,0,71,0,0,26,0,26,6,21,70,0,97,10,0,10,107
04/09/2006,EGE,CO,ANM,WE,Federal Contract Tower,4,12,29,0,45,0,0,27,1,28,4,12,56,1,73,0,0,0,73
04/10/2006,EGE,CO,ANM,WE,Federal Contract Tower,4,14,26,0,44,0,1,16,0,17,4,15,42,0,61,2,0,2,63
04/11/2006,EGE,CO,ANM,WE,Federal Contract Tower,4,5,17,0,26,0,0,1,12,13,4,5,18,12,39,22,42,64,103
04/12/2006,EGE,CO,ANM,WE,Federal Contract Tower,5,7,19,0,31,0,0,22,22,44,5,7,41,22,75,56,36,92,167
04/13/2006,EGE,CO,ANM,WE,Federal Contract Tower,4,13,29,0,46,0,0,31,15,46,4,13,60,15,92,38,12,50,142
04/14/2006,EGE,CO,ANM,WE,Federal Contract Tower,4,10,22,0,36,0,0,36,4,40,4,10,58,4,76,64,12,76,152
04/15/2006,EGE,CO,ANM,WE,Federal Contract Tower,4,8,27,0,39,0,0,1,0,1,4,8,28,0,40,0,0,0,40
04/16/2006,EGE,CO,ANM,WE,Federal Contract Tower,5,9,40,0,54,0,0,7,0,7,5,9,47,0,61,34,0,34,95
04/17/2006,EGE,CO,ANM,WE,Federal Contract Tower,4,9,31,2,46,0,0,11,0,11,4,9,42,2,57,50,6,56,113
04/18/2006,EGE,CO,ANM,WE,Federal Contract Tower,4,11,13,0,28,0,1,4,14,19,4,12,17,14,47,6,8,14,61
04/19/2006,EGE,CO,ANM,WE,Federal Contract Tower,4,6,10,0,20,0,1,18,14,33,4,7,28,14,53,122,14,136,189
04/20/2006,EGE,CO,ANM,WE,Federal Contract Tower,4,2,14,0,20,0,0,30,15,45,4,2,44,15,65,100,18,118,183
04/21/2006,EGE,CO,ANM,WE,Federal Contract Tower,4,7,20,0,31,0,1,21,6,28,4,8,41,6,59,90,6,96,155
04/22/2006,EGE,CO,ANM,WE,Federal Contract Tower,4,4,2,0,10,0,0,19,1,20,4,4,21,1,30,20,0,20,50
04/23/2006,EGE,CO,ANM,WE,Federal Contract Tower,4,10,24,0,38,0,0,7,3,10,4,10,31,3,48,22,0,22,70
04/24/2006,EGE,CO,ANM,WE,Federal Contract Tower,4,4,11,0,19,0,0,12,0,12,4,4,23,0,31,0,0,0,31
04/25/2006,EGE,CO,ANM,WE,Federal Contract Tower,4,2,5,0,11,0,2,7,10,19,4,4,12,10,30,0,17,17,47
04/26/2006,EGE,CO,ANM,WE,Federal Contract Tower,3,5,10,0,18,1,0,16,25,42,4,5,26,25,60,106,26,132,192
04/27/2006,EGE,CO,ANM,WE,Federal Contract Tower,4,3,5,3,15,0,0,12,22,34,4,3,17,25,49,110,46,156,205
04/28/2006,EGE,CO,ANM,WE,Federal Contract Tower,4,5,8,0,17,0,0,8,7,15,4,5,16,7,32,70,12,82,114
04/29/2006,EGE,CO,ANM,WE,Federal Contract Tower,4,0,4,0,8,0,0,12,4,16,4,0,16,4,24,10,0,10,34
04/30/2006,EGE,CO,ANM,WE,Federal Contract Tower,4,7,7,0,18,0,0,6,0,6,4,7,13,0,24,0,0,0,24
05/01/2006,EGE,CO,ANM,WE,Federal Contract Tower,5,2,3,0,10,0,0,7,0,7,5,2,10,0,17,32,0,32,49
05/02/2006,EGE,CO,ANM,WE,Federal Contract Tower,4,8,7,0,19,0,0,11,5,16,4,8,18,5,35,22,10,32,67
05/03/2006,EGE,CO,ANM,WE,Federal Contract Tower,4,3,8,0,15,0,0,22,12,34,4,3,30,12,49,62,6,68,117
05/04/2006,EGE,CO,ANM,WE,Federal Contract Tower,4,7,12,0,23,0,0,15,21,36,4,7,27,21,59,54,16,70,129
05/05/2006,EGE,CO,ANM,WE,Federal Contract Tower,4,8,8,0,20,0,0,5,8,13,4,8,13,8,33,10,20,30,63
05/06/2006,EGE,CO,ANM,WE,Federal Contract Tower,6,1,9,0,16,0,0,10,1,11,6,1,19,1,27,14,0,14,41
05/07/2006,EGE,CO,ANM,WE,Federal Contract Tower,5,4,6,0,15,0,0,14,3,17,5,4,20,3,32,8,0,8,40
05/08/2006,EGE,CO,ANM,WE,Federal Contract Tower,4,6,8,0,18,0,0,2,0,2,4,6,10,0,20,18,0,18,38
05/09/2006,EGE,CO,ANM,WE,Federal Contract Tower,4,4,4,0,12,0,1,20,12,33,4,5,24,12,45,0,30,30,75
05/10/2006,EGE,CO,ANM,WE,Federal Contract Tower,4,2,9,0,15,0,0,16,7,23,4,2,25,7,38,10,16,26,64
05/11/2006,EGE,CO,ANM,WE,Federal Contract Tower,4,3,10,0,17,0,0,31,19,50,4,3,41,19,67,42,4,46,113
05/12/2006,EGE,CO,ANM,WE,Federal Contract Tower,4,2,14,1,21,0,0,11,13,24,4,2,25,14,45,64,12,76,121
05/13/2006,EGE,CO,ANM,WE,Federal Contract Tower,4,5,5,0,14,0,0,16,0,16,4,5,21,0,30,10,0,10,40
05/14/2006,EGE,CO,ANM,WE,Federal Contract Tower,4,9,6,0,19,0,0,17,2,19,4,9,23,2,38,4,0,4,42
05/15/2006,EGE,CO,ANM,WE,Federal Contract Tower,4,12,7,0,23,0,0,21,0,21,4,12,28,0,44,2,0,2,46
05/16/2006,EGE,CO,ANM,WE,Federal Contract Tower,4,2,5,0,11,0,0,11,11,22,4,2,16,11,33,34,14,48,81
05/17/2006,EGE,CO,ANM,WE,Federal Contract Tower,4,6,11,0,21,0,1,8,17,26,4,7,19,17,47,0,2,2,49
05/18/2006,EGE,CO,ANM,WE,Federal Contract Tower,4,6,15,0,25,0,0,18,18,36,4,6,33,18,61,0,8,8,69
05/19/2006,EGE,CO,ANM,WE,Federal Contract Tower,2,4,1,0,7,0,3,14,14,31,2,7,15,14,38,4,6,10,48
05/20/2006,EGE,CO,ANM,WE,Federal Contract Tower,6,7,9,0,22,0,0,13,1,14,6,7,22,1,36,2,0,2,38
05/21/2006,EGE,CO,ANM,WE,Federal Contract Tower,6,9,8,0,23,0,0,18,2,20,6,9,26,2,43,4,6,10,53
05/22/2006,EGE,CO,ANM,WE,Federal Contract Tower,6,8,14,0,28,0,0,11,0,11,6,8,25,0,39,0,0,0,39
05/23/2006,EGE,CO,ANM,WE,Federal Contract Tower,6,5,8,0,19,0,0,19,10,29,6,5,27,10,48,0,22,22,70
05/24/2006,EGE,CO,ANM,WE,Federal Contract Tower,6,8,6,0,20,0,0,26,11,37,6,8,32,11,57,6,0,6,63
05/25/2006,EGE,CO,ANM,WE,Federal Contract Tower,6,7,28,0,41,0,0,18,7,25,6,7,46,7,66,0,0,0,66
05/26/2006,EGE,CO,ANM,WE,Federal Contract Tower,6,10,22,0,38,0,0,33,1,34,6,10,55,1,72,40,0,40,112
05/27/2006,EGE,CO,ANM,WE,Federal Contract Tower,4,3,10,0,17,0,0,14,0,14,4,3,24,0,31,56,0,56,87
05/28/2006,EGE,CO,ANM,WE,Federal Contract Tower,0,1,4,0,5,3,6,20,1,30,3,7,24,1,35,0,0,0,35
05/29/2006,EGE,CO,ANM,WE,Federal Contract Tower,6,20,27,0,53,0,0,24,0,24,6,20,51,0,77,50,0,50,127
05/30/2006,EGE,CO,ANM,WE,Federal Contract Tower,7,11,13,0,31,0,0,36,3,39,7,11,49,3,70,0,0,0,70
05/31/2006,EGE,CO,ANM,WE,Federal Contract Tower,5,9,7,0,21,0,0,30,3,33,5,9,37,3,54,16,6,22,76
06/01/2006,EGE,CO,ANM,WE,Federal Contract Tower,6,8,23,1,38,0,1,29,5,35,6,9,52,6,73,6,0,6,79
06/02/2006,EGE,CO,ANM,WE,Federal Contract Tower,6,17,20,0,43,0,1,22,1,24,6,18,42,1,67,20,0,20,87
06/03/2006,EGE,CO,ANM,WE,Federal Contract Tower,6,5,12,0,23,0,0,21,4,25,6,5,33,4,48,8,0,8,56
06/04/2006,EGE,CO,ANM,WE,Federal Contract Tower,6,12,23,0,41,0,1,23,1,25,6,13,46,1,66,6,0,6,72
06/05/2006,EGE,CO,ANM,WE,Federal Contract Tower,6,9,10,0,25,0,0,16,4,20,6,9,26,4,45,44,2,46,91
06/06/2006,EGE,CO,ANM,WE,Federal Contract Tower,6,2,23,0,31,0,0,27,16,43,6,2,50,16,74,0,44,44,118
06/07/2006,EGE,CO,ANM,WE,Federal Contract Tower,6,18,23,0,47,0,0,19,19,38,6,18,42,19,85,8,10,18,103
06/08/2006,EGE,CO,ANM,WE,Federal Contract Tower,7,3,24,0,34,0,0,18,19,37,7,3,42,19,71,6,12,18,89
06/09/2006,EGE,CO,ANM,WE,Federal Contract Tower,5,8,23,0,36,0,0,7,9,16,5,8,30,9,52,24,18,42,94
06/10/2006,EGE,CO,ANM,WE,Federal Contract Tower,6,8,16,0,30,0,0,14,0,14,6,8,30,0,44,14,0,14,58
06/11/2006,EGE,CO,ANM,WE,Federal Contract Tower,7,2,26,0,35,0,0,23,0,23,7,2,49,0,58,8,0,8,66
06/12/2006,EGE,CO,ANM,WE,Federal Contract Tower,5,11,30,1,47,0,0,16,1,17,5,11,46,2,64,14,16,30,94
06/13/2006,EGE,CO,ANM,WE,Federal Contract Tower,7,7,17,0,31,0,2,15,33,50,7,9,32,33,81,12,68,80,161
06/14/2006,EGE,CO,ANM,WE,Federal Contract Tower,8,15,22,2,47,0,0,17,13,30,8,15,39,15,77,42,14,56,133
06/15/2006,EGE,CO,ANM,WE,Federal Contract Tower,10,22,44,2,78,0,0,15,26,41,10,22,59,28,119,40,10,50,169
06/16/2006,EGE,CO,ANM,WE,Federal Contract Tower,10,16,35,0,61,0,0,13,11,24,10,16,48,11,85,8,4,12,97
06/17/2006,EGE,CO,ANM,WE,Federal Contract Tower,7,14,26,0,47,0,0,19,9,28,7,14,45,9,75,0,0,0,75
06/18/2006,EGE,CO,ANM,WE,Federal Contract Tower,9,29,43,3,84,0,0,18,6,24,9,29,61,9,108,2,0,2,110
06/19/2006,EGE,CO,ANM,WE,Federal Contract Tower,8,18,28,0,54,1,1,20,0,22,9,19,48,0,76,0,0,0,76
06/20/2006,EGE,CO,ANM,WE,Federal Contract Tower,9,22,14,0,45,0,0,11,21,32,9,22,25,21,77,0,28,28,105
06/21/2006,EGE,CO,ANM,WE,Federal Contract Tower,9,29,20,0,58,0,2,32,25,59,9,31,52,25,117,38,10,48,165
06/22/2006,EGE,CO,ANM,WE,Federal Contract Tower,9,18,31,0,58,0,0,29,21,50,9,18,60,21,108,22,6,28,136
06/23/2006,EGE,CO,ANM,WE,Federal Contract Tower,10,18,22,0,50,0,0,20,12,32,10,18,42,12,82,46,12,58,140
06/24/2006,EGE,CO,ANM,WE,Federal Contract Tower,10,27,18,0,55,0,0,27,12,39,10,27,45,12,94,0,0,0,94
06/25/2006,EGE,CO,ANM,WE,Federal Contract Tower,9,24,44,0,77,0,1,21,0,22,9,25,65,0,99,6,0,6,105
06/26/2006,EGE,CO,ANM,WE,Federal Contract Tower,9,21,23,0,53,0,0,40,0,40,9,21,63,0,93,38,0,38,131
06/27/2006,EGE,CO,ANM,WE,Federal Contract Tower,10,17,15,0,42,0,1,21,16,38,10,18,36,16,80,6,50,56,136
06/28/2006,EGE,CO,ANM,WE,Federal Contract Tower,10,18,28,2,58,0,1,37,21,59,10,19,65,23,117,18,2,20,137
06/29/2006,EGE,CO,ANM,WE,Federal Contract Tower,8,35,38,0,81,2,2,48,14,66,10,37,86,14,147,36,6,42,189
06/30/2006,EGE,CO,ANM,WE,Federal Contract Tower,8,43,67,0,118,0,0,34,17,51,8,43,101,17,169,10,2,12,181
07/01/2006,EGE,CO,ANM,WE,Federal Contract Tower,9,43,43,0,95,0,14,23,2,39,9,57,66,2,134,18,0,18,152
07/02/2006,EGE,CO,ANM,WE,Federal Contract Tower,9,22,42,0,73,0,0,11,0,11,9,22,53,0,84,12,0,12,96
07/03/2006,EGE,CO,ANM,WE,Federal Contract Tower,8,11,33,0,52,0,1,19,1,21,8,12,52,1,73,16,0,16,89
07/04/2006,EGE,CO,ANM,WE,Federal Contract Tower,7,26,35,0,68,0,1,31,4,36,7,27,66,4,104,6,0,6,110
07/05/2006,EGE,CO,ANM,WE,Federal Contract Tower,7,30,48,0,85,0,0,26,0,26,7,30,74,0,111,2,0,2,113
07/06/2006,EGE,CO,ANM,WE,Federal Contract Tower,9,25,32,0,66,0,1,24,1,26,9,26,56,1,92,10,0,10,102
07/07/2006,EGE,CO,ANM,WE,Federal Contract Tower,9,19,42,0,70,0,2,19,4,25,9,21,61,4,95,12,5,17,112
07/08/2006,EGE,CO,ANM,WE,Federal Contract Tower,9,28,45,0,82,0,0,4,0,4,9,28,49,0,86,18,0,18,104
07/09/2006,EGE,CO,ANM,WE,Federal Contract Tower,9,50,46,0,105,0,1,7,0,8,9,51,53,0,113,2,0,2,115
07/10/2006,EGE,CO,ANM,WE,Federal Contract Tower,9,16,43,0,68,0,1,27,2,30,9,17,70,2,98,38,0,38,136
07/11/2006,EGE,CO,ANM,WE,Federal Contract Tower,8,17,26,0,51,0,0,39,29,68,8,17,65,29,119,56,63,119,238
07/12/2006,EGE,CO,ANM,WE,Federal Contract Tower,10,22,30,0,62,0,0,25,23,48,10,22,55,23,110,52,16,68,178
07/13/2006,EGE,CO,ANM,WE,Federal Contract Tower,9,20,37,3,69,0,2,33,24,59,9,22,70,27,128,0,20,20,148
07/14/2006,EGE,CO,ANM,WE,Federal Contract Tower,11,24,30,0,65,0,0,27,23,50,11,24,57,23,115,16,2,18,133
07/15/2006,EGE,CO,ANM,WE,Federal Contract Tower,7,27,25,0,59,0,0,45,0,45,7,27,70,0,104,46,0,46,150
07/16/2006,EGE,CO,ANM,WE,Federal Contract Tower,7,32,51,0,90,1,2,37,0,40,8,34,88,0,130,0,0,0,130
07/17/2006,EGE,CO,ANM,WE,Federal Contract Tower,9,7,26,1,43,0,1,24,1,26,9,8,50,2,69,6,0,6,75
07/18/2006,EGE,CO,ANM,WE,Federal Contract Tower,8,16,23,0,47,0,1,23,17,41,8,17,46,17,88,34,34,68,156
07/19/2006,EGE,CO,ANM,WE,Federal Contract Tower,9,20,28,0,57,0,0,24,10,34,9,20,52,10,91,6,4,10,101
07/20/2006,EGE,CO,ANM,WE,Federal Contract Tower,7,29,37,2,75,0,1,23,13,37,7,30,60,15,112,30,8,38,150
07/21/2006,EGE,CO,ANM,WE,Federal Contract Tower,7,21,41,0,69,1,1,31,24,57,8,22,72,24,126,30,32,62,188
07/22/2006,EGE,CO,ANM,WE,Federal Contract Tower,8,13,25,1,47,0,0,37,3,40,8,13,62,4,87,12,2,14,101
07/23/2006,EGE,CO,ANM,WE,Federal Contract Tower,10,14,53,0,77,0,1,25,0,26,10,15,78,0,103,18,0,18,121
07/24/2006,EGE,CO,ANM,WE,Federal Contract Tower,9,22,33,0,64,0,0,33,0,33,9,22,66,0,97,14,0,14,111
07/25/2006,EGE,CO,ANM,WE,Federal Contract Tower,9,18,38,0,65,0,0,20,23,43,9,18,58,23,108,8,44,52,160
07/26/2006,EGE,CO,ANM,WE,Federal Contract Tower,9,27,39,0,75,0,0,28,15,43,9,27,67,15,118,12,22,34,152
07/27/2006,EGE,CO,ANM,WE,Federal Contract Tower,10,27,45,0,82,0,0,38,23,61,10,27,83,23,143,38,20,58,201
07/28/2006,EGE,CO,ANM,WE,Federal Contract Tower,8,28,43,0,79,0,0,73,14,87,8,28,116,14,166,28,68,96,262
07/29/2006,EGE,CO,ANM,WE,Federal Contract Tower,8,21,42,0,71,1,0,24,2,27,9,21,66,2,98,16,0,16,114
07/30/2006,EGE,CO,ANM,WE,Federal Contract Tower,7,23,68,0,98,1,1,34,1,37,8,24,102,1,135,8,0,8,143
07/31/2006,EGE,CO,ANM,WE,Federal Contract Tower,9,21,48,0,78,0,0,22,1,23,9,21,70,1,101,22,0,22,123
08/01/2006,EGE,CO,ANM,WE,Federal Contract Tower,9,20,47,0,76,0,0,24,8,32,9,20,71,8,108,4,10,14,122
08/02/2006,EGE,CO,ANM,WE,Federal Contract Tower,10,18,49,0,77,0,0,24,14,38,10,18,73,14,115,6,2,8,123
08/03/2006,EGE,CO,ANM,WE,Federal Contract Tower,10,27,44,0,81,1,0,22,11,34,11,27,66,11,115,20,4,24,139
08/04/2006,EGE,CO,ANM,WE,Federal Contract Tower,9,23,37,0,69,0,0,24,7,31,9,23,61,7,100,2,0,2,102
08/05/2006,EGE,CO,ANM,WE,Federal Contract Tower,9,17,42,0,68,0,1,15,1,17,9,18,57,1,85,6,0,6,91
08/06/2006,EGE,CO,ANM,WE,Federal Contract Tower,9,34,44,1,88,0,0,52,3,55,9,34,96,4,143,32,4,36,179
08/07/2006,EGE,CO,ANM,WE,Federal Contract Tower,8,28,38,1,75,0,0,24,0,24,8,28,62,1,99,16,10,26,125
08/08/2006,EGE,CO,ANM,WE,Federal Contract Tower,8,31,36,2,77,0,2,29,16,47,8,33,65,18,124,22,18,40,164
08/09/2006,EGE,CO,ANM,WE,Federal Contract Tower,9,29,42,0,80,0,0,37,19,56,9,29,79,19,136,22,26,48,184
08/10/2006,EGE,CO,ANM,WE,Federal Contract Tower,9,21,41,0,71,0,1,37,27,65,9,22,78,27,136,7,26,33,169
08/11/2006,EGE,CO,ANM,WE,Federal Contract Tower,9,23,29,0,61,0,0,35,6,41,9,23,64,6,102,16,2,18,120
08/12/2006,EGE,CO,ANM,WE,Federal Contract Tower,8,17,35,0,60,0,0,7,2,9,8,17,42,2,69,0,0,0,69
08/13/2006,EGE,CO,ANM,WE,Federal Contract Tower,10,49,61,1,121,0,0,28,2,30,10,49,89,3,151,0,0,0,151
08/14/2006,EGE,CO,ANM,WE,Federal Contract Tower,10,31,25,0,66,0,0,22,0,22,10,31,47,0,88,0,0,0,88
08/15/2006,EGE,CO,ANM,WE,Federal Contract Tower,9,23,34,0,66,0,0,27,20,47,9,23,61,20,113,0,54,54,167
08/16/2006,EGE,CO,ANM,WE,Federal Contract Tower,9,29,32,0,70,0,0,29,26,55,9,29,61,26,125,20,6,26,151
08/17/2006,EGE,CO,ANM,WE,Federal Contract Tower,7,22,27,0,56,0,0,41,22,63,7,22,68,22,119,13,10,23,142
08/18/2006,EGE,CO,ANM,WE,Federal Contract Tower,10,27,35,0,72,0,0,17,14,31,10,27,52,14,103,6,0,6,109
08/19/2006,EGE,CO,ANM,WE,Federal Contract Tower,9,26,28,0,63,0,0,36,1,37,9,26,64,1,100,18,0,18,118
08/20/2006,EGE,CO,ANM,WE,Federal Contract Tower,9,26,46,2,83,1,0,41,1,43,10,26,87,3,126,5,0,5,131
08/21/2006,EGE,CO,ANM,WE,Federal Contract Tower,9,17,32,0,58,0,0,18,4,22,9,17,50,4,80,12,2,14,94
08/22/2006,EGE,CO,ANM,WE,Federal Contract Tower,9,22,33,0,64,0,1,10,13,24,9,23,43,13,88,10,30,40,128
08/23/2006,EGE,CO,ANM,WE,Federal Contract Tower,8,11,27,1,47,0,0,27,16,43,8,11,54,17,90,24,6,30,120
08/24/2006,EGE,CO,ANM,WE,Federal Contract Tower,9,23,32,2,66,0,4,25,16,45,9,27,57,18,111,24,4,28,139
08/25/2006,EGE,CO,ANM,WE,Federal Contract Tower,9,9,45,1,64,0,0,22,2,24,9,9,67,3,88,26,0,26,114
08/26/2006,EGE,CO,ANM,WE,Federal Contract Tower,9,23,20,0,52,0,0,14,1,15,9,23,34,1,67,20,0,20,87
08/27/2006,EGE,CO,ANM,WE,Federal Contract Tower,7,19,45,0,71,0,0,6,2,8,7,19,51,2,79,6,0,6,85
08/28/2006,EGE,CO,ANM,WE,Federal Contract Tower,9,20,31,0,60,0,4,21,2,27,9,24,52,2,87,32,2,34,121
08/29/2006,EGE,CO,ANM,WE,Federal Contract Tower,9,17,29,6,61,1,0,15,6,22,10,17,44,12,83,2,6,8,91
08/30/2006,EGE,CO,ANM,WE,Federal Contract Tower,9,15,21,0,45,0,0,18,4,22,9,15,39,4,67,24,2,26,93
08/31/2006,EGE,CO,ANM,WE,Federal Contract Tower,9,23,32,0,64,0,1,24,10,35,9,24,56,10,99,20,4,24,123
09/01/2006,EGE,CO,ANM,WE,Federal Contract Tower,9,26,30,1,66,0,1,13,1,15,9,27,43,2,81,2,0,2,83
09/02/2006,EGE,CO,ANM,WE,Federal Contract Tower,10,22,17,0,49,0,0,24,6,30,10,22,41,6,79,12,0,12,91
09/03/2006,EGE,CO,ANM,WE,Federal Contract Tower,6,22,31,0,59,0,0,18,0,18,6,22,49,0,77,6,0,6,83
09/04/2006,EGE,CO,ANM,WE,Federal Contract Tower,9,24,49,0,82,0,0,30,0,30,9,24,79,0,112,0,0,0,112
09/05/2006,EGE,CO,ANM,WE,Federal Contract Tower,10,19,23,0,52,0,0,25,0,25,10,19,48,0,77,12,0,12,89
09/06/2006,EGE,CO,ANM,WE,Federal Contract Tower,6,18,14,0,38,0,0,19,1,20,6,18,33,1,58,2,0,2,60
09/07/2006,EGE,CO,ANM,WE,Federal Contract Tower,6,21,29,1,57,0,5,29,1,35,6,26,58,2,92,18,0,18,110
09/08/2006,EGE,CO,ANM,WE,Federal Contract Tower,6,12,16,0,34,0,0,2,0,2,6,12,18,0,36,0,0,0,36
09/09/2006,EGE,CO,ANM,WE,Federal Contract Tower,6,16,10,0,32,0,0,8,0,8,6,16,18,0,40,4,0,4,44
09/10/2006,EGE,CO,ANM,WE,Federal Contract Tower,6,28,31,0,65,0,0,17,0,17,6,28,48,0,82,28,0,28,110
09/11/2006,EGE,CO,ANM,WE,Federal Contract Tower,4,14,27,0,45,0,0,24,0,24,4,14,51,0,69,14,0,14,83
09/12/2006,EGE,CO,ANM,WE,Federal Contract Tower,0,0,0,0,0,6,12,35,9,62,6,12,35,9,62,4,34,38,100
09/13/2006,EGE,CO,ANM,WE,Federal Contract Tower,6,21,22,0,49,0,0,23,8,31,6,21,45,8,80,12,2,14,94
09/14/2006,EGE,CO,ANM,WE,Federal Contract Tower,7,22,23,0,52,0,1,16,8,25,7,23,39,8,77,14,10,24,101
09/15/2006,EGE,CO,ANM,WE,Federal Contract Tower,5,17,33,0,55,1,0,13,4,18,6,17,46,4,73,2,10,12,85
09/16/2006,EGE,CO,ANM,WE,Federal Contract Tower,7,21,26,0,54,0,1,1,0,2,7,22,27,0,56,0,0,0,56
09/17/2006,EGE,CO,ANM,WE,Federal Contract Tower,6,23,39,0,68,0,1,19,3,23,6,24,58,3,91,2,0,2,93
09/18/2006,EGE,CO,ANM,WE,Federal Contract Tower,8,13,19,0,40,0,1,23,4,28,8,14,42,4,68,8,0,8,76
09/19/2006,EGE,CO,ANM,WE,Federal Contract Tower,7,16,27,0,50,0,0,7,14,21,7,16,34,14,71,8,6,14,85
09/20/2006,EGE,CO,ANM,WE,Federal Contract Tower,7,15,30,0,52,0,3,9,10,22,7,18,39,10,74,0,10,10,84
09/21/2006,EGE,CO,ANM,WE,Federal Contract Tower,6,13,30,0,49,0,0,0,14,14,6,13,30,14,63,0,10,10,73
09/22/2006,EGE,CO,ANM,WE,Federal Contract Tower,6,6,39,0,51,0,0,0,8,8,6,6,39,8,59,2,6,8,67
09/23/2006,EGE,CO,ANM,WE,Federal Contract Tower,7,6,18,0,31,0,0,3,0,3,7,6,21,0,34,4,0,4,38
09/24/2006,EGE,CO,ANM,WE,Federal Contract Tower,7,16,20,0,43,0,0,27,0,27,7,16,47,0,70,6,0,6,76
09/25/2006,EGE,CO,ANM,WE,Federal Contract Tower,6,17,24,1,48,0,0,16,1,17,6,17,40,2,65,2,0,2,67
09/26/2006,EGE,CO,ANM,WE,Federal Contract Tower,6,9,15,2,32,0,0,21,7,28,6,9,36,9,60,20,8,28,88
09/27/2006,EGE,CO,ANM,WE,Federal Contract Tower,6,16,22,0,44,1,1,32,10,44,7,17,54,10,88,14,0,14,102
09/28/2006,EGE,CO,ANM,WE,Federal Contract Tower,6,16,32,0,54,0,0,24,6,30,6,16,56,6,84,4,16,20,104
09/29/2006,EGE,CO,ANM,WE,Federal Contract Tower,6,12,22,0,40,0,0,34,5,39,6,12,56,5,79,14,4,18,97
09/30/2006,EGE,CO,ANM,WE,Federal Contract Tower,6,7,19,0,32,0,0,30,0,30,6,7,49,0,62,0,0,0,62
10/01/2006,EGE,CO,ANM,WE,Federal Contract Tower,6,16,31,0,53,0,0,31,0,31,6,16,62,0,84,8,0,8,92
10/02/2006,EGE,CO,ANM,WE,Federal Contract Tower,7,4,12,0,23,0,0,12,0,12,7,4,24,0,35,4,0,4,39
10/03/2006,EGE,CO,ANM,WE,Federal Contract Tower,6,14,23,0,43,0,0,11,8,19,6,14,34,8,62,0,12,12,74
10/04/2006,EGE,CO,ANM,WE,Federal Contract Tower,7,7,34,1,49,0,3,70,1,74,7,10,104,2,123,16,0,16,139
10/05/2006,EGE,CO,ANM,WE,Federal Contract Tower,6,8,25,0,39,0,0,8,9,17,6,8,33,9,56,0,16,16,72
10/06/2006,EGE,CO,ANM,WE,Federal Contract Tower,6,14,15,0,35,0,0,2,3,5,6,14,17,3,40,8,2,10,50
10/07/2006,EGE,CO,ANM,WE,Federal Contract Tower,6,6,7,0,19,0,0,4,2,6,6,6,11,2,25,0,0,0,25
10/08/2006,EGE,CO,ANM,WE,Federal Contract Tower,6,16,27,0,49,0,0,11,0,11,6,16,38,0,60,4,0,4,64
10/09/2006,EGE,CO,ANM,WE,Federal Contract Tower,5,11,27,0,43,0,0,1,0,1,5,11,28,0,44,0,0,0,44
10/10/2006,EGE,CO,ANM,WE,Federal Contract Tower,6,8,12,0,26,0,0,0,0,0,6,8,12,0,26,0,0,0,26
10/11/2006,EGE,CO,ANM,WE,Federal Contract Tower,6,5,15,0,26,0,0,7,0,7,6,5,22,0,33,0,8,8,41
10/12/2006,EGE,CO,ANM,WE,Federal Contract Tower,7,8,14,0,29,0,0,27,4,31,7,8,41,4,60,14,10,24,84
10/13/2006,EGE,CO,ANM,WE,Federal Contract Tower,6,5,16,0,27,0,0,16,0,16,6,5,32,0,43,0,0,0,43
10/14/2006,EGE,CO,ANM,WE,Federal Contract Tower,6,3,9,0,18,0,0,13,0,13,6,3,22,0,31,0,0,0,31
10/15/2006,EGE,CO,ANM,WE,Federal Contract Tower,2,7,17,0,26,0,0,7,0,7,2,7,24,0,33,22,0,22,55
10/16/2006,EGE,CO,ANM,WE,Federal Contract Tower,5,5,9,0,19,1,0,8,0,9,6,5,17,0,28,8,0,8,36
10/17/2006,EGE,CO,ANM,WE,Federal Contract Tower,8,2,8,0,18,0,0,0,0,0,8,2,8,0,18,0,0,0,18
10/18/2006,EGE,CO,ANM,WE,Federal Contract Tower,6,4,12,0,22,0,0,3,4,7,6,4,15,4,29,0,0,0,29
10/19/2006,EGE,CO,ANM,WE,Federal Contract Tower,6,8,16,0,30,0,0,5,2,7,6,8,21,2,37,2,24,26,63
10/20/2006,EGE,CO,ANM,WE,Federal Contract Tower,6,4,12,0,22,0,0,2,0,2,6,4,14,0,24,0,0,0,24
10/21/2006,EGE,CO,ANM,WE,Federal Contract Tower,7,8,6,0,21,0,0,4,0,4,7,8,10,0,25,6,0,6,31
10/22/2006,EGE,CO,ANM,WE,Federal Contract Tower,6,8,11,0,25,0,0,14,0,14,6,8,25,0,39,12,0,12,51
10/23/2006,EGE,CO,ANM,WE,Federal Contract Tower,7,9,15,2,33,0,0,16,2,18,7,9,31,4,51,0,0,0,51
10/24/2006,EGE,CO,ANM,WE,Federal Contract Tower,7,2,15,0,24,0,0,15,0,15,7,2,30,0,39,30,0,30,69
10/25/2006,EGE,CO,ANM,WE,Federal Contract Tower,7,2,10,0,19,0,0,7,2,9,7,2,17,2,28,0,0,0,28
10/26/2006,EGE,CO,ANM,WE,Federal Contract Tower,4,3,20,0,27,0,0,1,0,1,4,3,21,0,28,0,0,0,28
10/27/2006,EGE,CO,ANM,WE,Federal Contract Tower,5,12,18,0,35,0,0,13,6,19,5,12,31,6,54,10,6,16,70
10/28/2006,EGE,CO,ANM,WE,Federal Contract Tower,4,4,4,0,12,1,0,3,2,6,5,4,7,2,18,0,0,0,18
10/29/2006,EGE,CO,ANM,WE,Federal Contract Tower,4,3,10,0,17,0,0,9,0,9,4,3,19,0,26,4,0,4,30
10/30/2006,EGE,CO,ANM,WE,Federal Contract Tower,6,7,10,0,23,0,0,15,0,15,6,7,25,0,38,12,0,12,50
10/31/2006,EGE,CO,ANM,WE,Federal Contract Tower,4,2,9,0,15,0,0,7,0,7,4,2,16,0,22,0,0,0,22
11/01/2006,EGE,CO,ANM,WE,Federal Contract Tower,5,5,16,0,26,0,0,9,1,10,5,5,25,1,36,14,0,14,50
11/02/2006,EGE,CO,ANM,WE,Federal Contract Tower,6,9,15,0,30,0,0,30,2,32,6,9,45,2,62,0,0,0,62
11/03/2006,EGE,CO,ANM,WE,Federal Contract Tower,4,3,12,0,19,0,0,34,6,40,4,3,46,6,59,2,0,2,61
11/04/2006,EGE,CO,ANM,WE,Federal Contract Tower,4,3,9,0,16,0,0,7,0,7,4,3,16,0,23,0,0,0,23
11/05/2006,EGE,CO,ANM,WE,Federal Contract Tower,3,3,18,0,24,0,0,11,0,11,3,3,29,0,35,0,0,0,35
11/06/2006,EGE,CO,ANM,WE,Federal Contract Tower,3,2,1,0,6,2,5,15,0,22,5,7,16,0,28,4,0,4,32
11/07/2006,EGE,CO,ANM,WE,Federal Contract Tower,5,7,16,0,28,0,0,16,0,16,5,7,32,0,44,20,0,20,64
11/08/2006,EGE,CO,ANM,WE,Federal Contract Tower,5,7,14,0,26,0,0,32,1,33,5,7,46,1,59,12,0,12,71
11/09/2006,EGE,CO,ANM,WE,Federal Contract Tower,5,8,22,1,36,0,0,6,2,8,5,8,28,3,44,0,4,4,48
11/10/2006,EGE,CO,ANM,WE,Federal Contract Tower,2,3,13,0,18,0,0,13,2,15,2,3,26,2,33,12,0,12,45
11/11/2006,EGE,CO,ANM,WE,Federal Contract Tower,4,9,5,0,18,0,0,7,0,7,4,9,12,0,25,4,0,4,29
11/12/2006,EGE,CO,ANM,WE,Federal Contract Tower,4,5,12,0,21,0,0,3,0,3,4,5,15,0,24,0,0,0,24
11/13/2006,EGE,CO,ANM,WE,Federal Contract Tower,4,3,15,0,22,0,0,0,0,0,4,3,15,0,22,0,0,0,22
11/14/2006,EGE,CO,ANM,WE,Federal Contract Tower,2,3,6,0,11,0,0,0,0,0,2,3,6,0,11,0,0,0,11
11/15/2006,EGE,CO,ANM,WE,Federal Contract Tower,4,6,15,0,25,0,0,9,4,13,4,6,24,4,38,2,20,22,60
11/16/2006,EGE,CO,ANM,WE,Federal Contract Tower,4,8,11,0,23,2,0,12,2,16,6,8,23,2,39,0,0,0,39
11/17/2006,EGE,CO,ANM,WE,Federal Contract Tower,2,3,14,0,19,4,11,23,1,39,6,14,37,1,58,0,0,0,58
11/18/2006,EGE,CO,ANM,WE,Federal Contract Tower,6,12,19,0,37,0,0,18,0,18,6,12,37,0,55,8,0,8,63
11/19/2006,EGE,CO,ANM,WE,Federal Contract Tower,0,0,1,0,1,6,26,48,0,80,6,26,49,0,81,10,0,10,91
11/20/2006,EGE,CO,ANM,WE,Federal Contract Tower,7,15,25,0,47,0,1,19,0,20,7,16,44,0,67,12,0,12,79
11/21/2006,EGE,CO,ANM,WE,Federal Contract Tower,12,11,58,0,81,0,5,16,6,27,12,16,74,6,108,23,1,24,132
11/22/2006,EGE,CO,ANM,WE,Federal Contract Tower,8,36,64,0,108,0,1,18,0,19,8,37,82,0,127,6,18,24,151
11/23/2006,EGE,CO,ANM,WE,Federal Contract Tower,4,13,10,0,27,0,0,8,0,8,4,13,18,0,35,0,0,0,35
11/24/2006,EGE,CO,ANM,WE,Federal Contract Tower,7,7,13,0,27,0,0,9,0,9,7,7,22,0,36,0,0,0,36
11/25/2006,EGE,CO,ANM,WE,Federal Contract Tower,8,25,35,0,68,0,0,14,0,14,8,25,49,0,82,6,0,6,88
11/26/2006,EGE,CO,ANM,WE,Federal Contract Tower,2,9,23,0,34,5,26,92,0,123,7,35,115,0,157,0,0,0,157
11/27/2006,EGE,CO,ANM,WE,Federal Contract Tower,6,22,33,0,61,1,2,9,0,12,7,24,42,0,73,6,0,6,79
11/28/2006,EGE,CO,ANM,WE,Federal Contract Tower,0,0,4,0,4,0,0,0,0,0,0,0,4,0,4,0,0,0,4
11/29/2006,EGE,CO,ANM,WE,Federal Contract Tower,9,11,12,1,33,0,0,3,10,13,9,11,15,11,46,8,32,40,86
11/30/2006,EGE,CO,ANM,WE,Federal Contract Tower,7,18,13,0,38,0,0,23,5,28,7,18,36,5,66,0,10,10,76
12/01/2006,EGE,CO,ANM,WE,Federal Contract Tower,11,12,27,2,52,0,0,8,1,9,11,12,35,3,61,8,0,8,69
12/02/2006,EGE,CO,ANM,WE,Federal Contract Tower,12,14,15,0,41,0,0,14,0,14,12,14,29,0,55,8,2,10,65
12/03/2006,EGE,CO,ANM,WE,Federal Contract Tower,10,22,31,0,63,0,0,5,2,7,10,22,36,2,70,4,0,4,74
12/04/2006,EGE,CO,ANM,WE,Federal Contract Tower,9,11,14,0,34,0,0,11,0,11,9,11,25,0,45,10,0,10,55
12/05/2006,EGE,CO,ANM,WE,Federal Contract Tower,11,25,19,0,55,0,0,18,12,30,11,25,37,12,85,12,44,56,141
12/06/2006,EGE,CO,ANM,WE,Federal Contract Tower,11,12,20,0,43,0,0,19,20,39,11,12,39,20,82,6,0,6,88
12/07/2006,EGE,CO,ANM,WE,Federal Contract Tower,12,17,24,3,56,0,0,28,3,31,12,17,52,6,87,19,31,50,137
12/08/2006,EGE,CO,ANM,WE,Federal Contract Tower,9,15,30,2,56,0,1,18,6,25,9,16,48,8,81,23,17,40,121
12/09/2006,EGE,CO,ANM,WE,Federal Contract Tower,12,6,17,0,35,0,0,10,0,10,12,6,27,0,45,8,0,8,53
12/10/2006,EGE,CO,ANM,WE,Federal Contract Tower,11,17,24,0,52,0,1,13,2,16,11,18,37,2,68,0,2,2,70
12/11/2006,EGE,CO,ANM,WE,Federal Contract Tower,11,3,15,0,29,0,0,3,0,3,11,3,18,0,32,0,0,0,32
12/12/2006,EGE,CO,ANM,WE,Federal Contract Tower,10,16,15,1,42,0,0,13,26,39,10,16,28,27,81,22,48,70,151
12/13/2006,EGE,CO,ANM,WE,Federal Contract Tower,14,13,13,0,40,0,2,20,21,43,14,15,33,21,83,2,10,12,95
12/14/2006,EGE,CO,ANM,WE,Federal Contract Tower,20,11,39,0,70,0,2,5,27,34,20,13,44,27,104,8,8,16,120
12/15/2006,EGE,CO,ANM,WE,Federal Contract Tower,27,41,46,0,114,0,0,16,2,18,27,41,62,2,132,6,20,26,158
12/16/2006,EGE,CO,ANM,WE,Federal Contract Tower,35,34,54,0,123,0,0,10,0,10,35,34,64,0,133,2,0,2,135
12/17/2006,EGE,CO,ANM,WE,Federal Contract Tower,13,2,19,0,34,19,12,22,0,53,32,14,41,0,87,0,0,0,87
12/18/2006,EGE,CO,ANM,WE,Federal Contract Tower,26,30,46,0,102,0,0,8,0,8,26,30,54,0,110,0,0,0,110
12/19/2006,EGE,CO,ANM,WE,Federal Contract Tower,25,34,58,6,123,0,0,10,8,18,25,34,68,14,141,24,4,28,169
12/20/2006,EGE,CO,ANM,WE,Federal Contract Tower,21,7,50,0,78,0,0,1,6,7,21,7,51,6,85,0,4,4,89
12/21/2006,EGE,CO,ANM,WE,Federal Contract Tower,10,22,50,0,82,9,27,81,12,129,19,49,131,12,211,0,4,4,215
12/22/2006,EGE,CO,ANM,WE,Federal Contract Tower,16,42,136,0,194,0,1,13,0,14,16,43,149,0,208,12,4,16,224
12/23/2006,EGE,CO,ANM,WE,Federal Contract Tower,38,27,102,0,167,3,5,7,0,15,41,32,109,0,182,2,0,2,184
12/24/2006,EGE,CO,ANM,WE,Federal Contract Tower,30,29,34,0,93,0,0,2,0,2,30,29,36,0,95,0,0,0,95
12/25/2006,EGE,CO,ANM,WE,Federal Contract Tower,23,31,35,0,89,2,0,8,0,10,25,31,43,0,99,4,0,4,103
12/26/2006,EGE,CO,ANM,WE,Federal Contract Tower,29,56,160,0,245,2,2,32,0,36,31,58,192,0,281,0,0,0,281
12/27/2006,EGE,CO,ANM,WE,Federal Contract Tower,28,48,92,0,168,1,3,7,2,13,29,51,99,2,181,0,0,0,181
12/28/2006,EGE,CO,ANM,WE,Federal Contract Tower,27,28,65,0,120,0,0,9,2,11,27,28,74,2,131,2,0,2,133
12/29/2006,EGE,CO,ANM,WE,Federal Contract Tower,28,35,56,0,119,0,0,15,0,15,28,35,71,0,134,0,0,0,134
12/30/2006,EGE,CO,ANM,WE,Federal Contract Tower,42,60,89,0,191,1,5,34,0,40,43,65,123,0,231,0,0,0,231
12/31/2006,EGE,CO,ANM,WE,Federal Contract Tower,33,52,69,0,154,0,0,4,0,4,33,52,73,0,158,0,0,0,158
01/01/2007,EGE,CO,ANM,WE,Federal Contract Tower,26,65,129,0,220,0,1,22,2,25,26,66,151,2,245,0,0,0,245
01/02/2007,EGE,CO,ANM,WE,Federal Contract Tower,26,56,118,0,200,0,2,31,1,34,26,58,149,1,234,0,0,0,234
01/03/2007,EGE,CO,ANM,WE,Federal Contract Tower,23,63,107,0,193,3,2,41,1,47,26,65,148,1,240,2,1,3,243
01/04/2007,EGE,CO,ANM,WE,Federal Contract Tower,28,48,63,0,139,1,2,16,0,19,29,50,79,0,158,18,0,18,176
01/05/2007,EGE,CO,ANM,WE,Federal Contract Tower,25,5,47,0,77,1,0,2,0,3,26,5,49,0,80,0,0,0,80
01/06/2007,EGE,CO,ANM,WE,Federal Contract Tower,43,49,103,0,195,0,1,13,2,16,43,50,116,2,211,0,0,0,211
01/07/2007,EGE,CO,ANM,WE,Federal Contract Tower,31,45,92,0,168,1,0,11,0,12,32,45,103,0,180,0,0,0,180
01/08/2007,EGE,CO,ANM,WE,Federal Contract Tower,27,12,35,0,74,1,0,8,0,9,28,12,43,0,83,4,0,4,87
01/09/2007,EGE,CO,ANM,WE,Federal Contract Tower,28,16,41,0,85,0,0,24,11,35,28,16,65,11,120,10,16,26,146
01/10/2007,EGE,CO,ANM,WE,Federal Contract Tower,0,0,0,0,0,27,15,59,18,119,27,15,59,18,119,4,8,12,131
01/11/2007,EGE,CO,ANM,WE,Federal Contract Tower,30,28,49,0,107,1,0,13,12,26,31,28,62,12,133,0,0,0,133
01/12/2007,EGE,CO,ANM,WE,Federal Contract Tower,8,1,19,0,28,3,1,0,7,11,11,2,19,7,39,0,2,2,41
01/13/2007,EGE,CO,ANM,WE,Federal Contract Tower,49,8,26,0,83,0,0,2,1,3,49,8,28,1,86,0,0,0,86
01/14/2007,EGE,CO,ANM,WE,Federal Contract Tower,26,7,25,0,58,0,0,0,0,0,26,7,25,0,58,0,0,0,58
01/15/2007,EGE,CO,ANM,WE,Federal Contract Tower,27,30,68,0,125,3,4,13,0,20,30,34,81,0,145,12,0,12,157
01/16/2007,EGE,CO,ANM,WE,Federal Contract Tower,34,16,48,0,98,0,0,12,0,12,34,16,60,0,110,0,0,0,110
01/17/2007,EGE,CO,ANM,WE,Federal Contract Tower,34,10,50,0,94,0,0,15,4,19,34,10,65,4,113,8,8,16,129
01/18/2007,EGE,CO,ANM,WE,Federal Contract Tower,30,19,45,0,94,1,2,16,0,19,31,21,61,0,113,6,0,6,119
01/19/2007,EGE,CO,ANM,WE,Federal Contract Tower,29,19,37,0,85,2,0,11,2,15,31,19,48,2,100,8,0,8,108
01/20/2007,EGE,CO,ANM,WE,Federal Contract Tower,46,15,30,0,91,0,0,15,1,16,46,15,45,1,107,20,0,20,127
01/21/2007,EGE,CO,ANM,WE,Federal Contract Tower,36,19,50,0,105,0,0,0,0,0,36,19,50,0,105,0,0,0,105
01/22/2007,EGE,CO,ANM,WE,Federal Contract Tower,30,15,31,0,76,0,1,12,2,15,30,16,43,2,91,0,0,0,91
01/23/2007,EGE,CO,ANM,WE,Federal Contract Tower,28,13,23,0,64,2,0,14,31,47,30,13,37,31,111,4,60,64,175
01/24/2007,EGE,CO,ANM,WE,Federal Contract Tower,30,27,31,0,88,1,3,23,36,63,31,30,54,36,151,12,6,18,169
01/25/2007,EGE,CO,ANM,WE,Federal Contract Tower,31,22,56,0,109,0,5,25,36,66,31,27,81,36,175,36,24,60,235
01/26/2007,EGE,CO,ANM,WE,Federal Contract Tower,31,14,38,1,84,0,0,21,21,42,31,14,59,22,126,2,0,2,128
01/27/2007,EGE,CO,ANM,WE,Federal Contract Tower,42,20,30,0,92,1,0,21,0,22,43,20,51,0,114,2,0,2,116
01/28/2007,EGE,CO,ANM,WE,Federal Contract Tower,31,36,57,0,124,0,4,19,1,24,31,40,76,1,148,22,0,22,170
01/29/2007,EGE,CO,ANM,WE,Federal Contract Tower,29,14,37,0,80,2,0,14,0,16,31,14,51,0,96,0,0,0,96
01/30/2007,EGE,CO,ANM,WE,Federal Contract Tower,30,10,32,0,72,0,0,5,14,19,30,10,37,14,91,14,32,46,137
01/31/2007,EGE,CO,ANM,WE,Federal Contract Tower,32,16,35,2,85,0,0,3,19,22,32,16,38,21,107,2,11,13,120
02/01/2007,EGE,CO,ANM,WE,Federal Contract Tower,28,30,54,1,113,0,1,1,17,19,28,31,55,18,132,0,18,18,150
02/02/2007,EGE,CO,ANM,WE,Federal Contract Tower,30,40,44,0,114,1,1,6,10,18,31,41,50,10,132,0,0,0,132
02/03/2007,EGE,CO,ANM,WE,Federal Contract Tower,45,21,44,0,110,2,0,21,1,24,47,21,65,1,134,4,0,4,138
02/04/2007,EGE,CO,ANM,WE,Federal Contract Tower,35,36,50,0,121,1,1,17,9,28,36,37,67,9,149,2,2,4,153
02/05/2007,EGE,CO,ANM,WE,Federal Contract Tower,30,30,55,0,115,2,0,18,1,21,32,30,73,1,136,6,0,6,142
02/06/2007,EGE,CO,ANM,WE,Federal Contract Tower,29,30,46,0,105,0,0,12,18,30,29,30,58,18,135,32,48,80,215
02/07/2007,EGE,CO,ANM,WE,Federal Contract Tower,30,28,54,0,112,0,0,22,18,40,30,28,76,18,152,26,32,58,210
02/08/2007,EGE,CO,ANM,WE,Federal Contract Tower,23,46,93,0,162,1,0,26,36,63,24,46,119,36,225,26,6,32,257
02/09/2007,EGE,CO,ANM,WE,Federal Contract Tower,30,42,56,0,128,0,1,17,10,28,30,43,73,10,156,32,0,32,188
02/10/2007,EGE,CO,ANM,WE,Federal Contract Tower,45,33,53,0,131,0,0,6,8,14,45,33,59,8,145,2,0,2,147
02/11/2007,EGE,CO,ANM,WE,Federal Contract Tower,35,17,76,0,128,1,0,5,3,9,36,17,81,3,137,0,0,0,137
02/12/2007,EGE,CO,ANM,WE,Federal Contract Tower,31,14,45,0,90,1,0,5,0,6,32,14,50,0,96,0,0,0,96
02/13/2007,EGE,CO,ANM,WE,Federal Contract Tower,23,15,14,0,52,0,0,3,11,14,23,15,17,11,66,22,20,42,108
02/14/2007,EGE,CO,ANM,WE,Federal Contract Tower,22,27,62,0,111,0,0,2,16,18,22,27,64,16,129,0,4,4,133
02/15/2007,EGE,CO,ANM,WE,Federal Contract Tower,27,28,93,0,148,0,0,5,19,24,27,28,98,19,172,0,22,22,194
02/16/2007,EGE,CO,ANM,WE,Federal Contract Tower,27,30,82,0,139,0,2,4,5,11,27,32,86,5,150,0,0,0,150
02/17/2007,EGE,CO,ANM,WE,Federal Contract Tower,48,52,71,0,171,1,0,42,1,44,49,52,113,1,215,2,0,2,217
02/18/2007,EGE,CO,ANM,WE,Federal Contract Tower,34,37,61,0,132,2,0,26,0,28,36,37,87,0,160,30,0,30,190
02/19/2007,EGE,CO,ANM,WE,Federal Contract Tower,28,29,96,0,153,2,0,3,0,5,30,29,99,0,158,0,0,0,158
02/20/2007,EGE,CO,ANM,WE,Federal Contract Tower,30,45,84,0,159,0,1,11,0,12,30,46,95,0,171,6,0,6,177
02/21/2007,EGE,CO,ANM,WE,Federal Contract Tower,29,33,51,0,113,2,4,25,2,33,31,37,76,2,146,10,6,16,162
02/22/2007,EGE,CO,ANM,WE,Federal Contract Tower,0,0,0,0,0,32,42,100,2,176,32,42,100,2,176,14,6,20,196
02/23/2007,EGE,CO,ANM,WE,Federal Contract Tower,30,39,79,0,148,0,0,8,8,16,30,39,87,8,164,12,12,24,188
02/24/2007,EGE,CO,ANM,WE,Federal Contract Tower,42,67,63,0,172,0,0,4,0,4,42,67,67,0,176,0,0,0,176
02/25/2007,EGE,CO,ANM,WE,Federal Contract Tower,32,47,121,0,200,0,0,2,0,2,32,47,123,0,202,0,0,0,202
02/26/2007,EGE,CO,ANM,WE,Federal Contract Tower,30,33,48,0,111,0,1,0,0,1,30,34,48,0,112,0,0,0,112
02/27/2007,EGE,CO,ANM,WE,Federal Contract Tower,28,19,48,0,95,0,0,3,15,18,28,19,51,15,113,0,22,22,135
02/28/2007,EGE,CO,ANM,WE,Federal Contract Tower,28,3,27,0,58,0,0,1,0,1,28,3,28,0,59,0,0,0,59
03/01/2007,EGE,CO,ANM,WE,Federal Contract Tower,32,27,75,0,134,0,0,1,20,21,32,27,76,20,155,6,32,38,193
03/02/2007,EGE,CO,ANM,WE,Federal Contract Tower,31,26,68,0,125,0,0,4,24,28,31,26,72,24,153,0,18,18,171
03/03/2007,EGE,CO,ANM,WE,Federal Contract Tower,47,39,69,0,155,0,0,0,5,5,47,39,69,5,160,0,0,0,160
03/04/2007,EGE,CO,ANM,WE,Federal Contract Tower,36,36,103,0,175,0,1,24,0,25,36,37,127,0,200,0,0,0,200
03/05/2007,EGE,CO,ANM,WE,Federal Contract Tower,31,19,46,0,96,0,0,17,2,19,31,19,63,2,115,2,0,2,117
03/06/2007,EGE,CO,ANM,WE,Federal Contract Tower,31,17,32,0,80,1,1,23,21,46,32,18,55,21,126,40,46,86,212
03/07/2007,EGE,CO,ANM,WE,Federal Contract Tower,30,25,54,0,109,1,2,23,26,52,31,27,77,26,161,0,2,2,163
03/08/2007,EGE,CO,ANM,WE,Federal Contract Tower,28,15,52,0,95,1,0,6,6,13,29,15,58,6,108,0,0,0,108
03/09/2007,EGE,CO,ANM,WE,Federal Contract Tower,31,52,50,0,133,1,1,29,11,42,32,53,79,11,175,38,0,38,213
03/10/2007,EGE,CO,ANM,WE,Federal Contract Tower,48,31,96,0,175,0,0,2,0,2,48,31,98,0,177,0,0,0,177
03/11/2007,EGE,CO,ANM,WE,Federal Contract Tower,33,41,94,0,168,1,0,47,0,48,34,41,141,0,216,0,0,0,216
03/12/2007,EGE,CO,ANM,WE,Federal Contract Tower,29,21,50,0,100,0,1,27,4,32,29,22,77,4,132,8,0,8,140
03/13/2007,EGE,CO,ANM,WE,Federal Contract Tower,30,23,32,0,85,1,1,42,30,74,31,24,74,30,159,4,60,64,223
03/14/2007,EGE,CO,ANM,WE,Federal Contract Tower,30,30,42,0,102,1,0,23,24,48,31,30,65,24,150,42,8,50,200
03/15/2007,EGE,CO,ANM,WE,Federal Contract Tower,30,39,68,0,137,1,0,19,21,41,31,39,87,21,178,0,10,10,188
03/16/2007,EGE,CO,ANM,WE,Federal Contract Tower,22,31,79,0,132,5,5,27,16,53,27,36,106,16,185,2,8,10,195
03/17/2007,EGE,CO,ANM,WE,Federal Contract Tower,45,45,124,0,214,1,2,33,1,37,46,47,157,1,251,0,0,0,251
03/18/2007,EGE,CO,ANM,WE,Federal Contract Tower,30,53,73,0,156,2,11,38,3,54,32,64,111,3,210,2,0,2,212
03/19/2007,EGE,CO,ANM,WE,Federal Contract Tower,31,37,30,1,99,0,0,26,1,27,31,37,56,2,126,28,0,28,154
03/20/2007,EGE,CO,ANM,WE,Federal Contract Tower,25,18,39,0,82,0,0,42,27,69,25,18,81,27,151,32,44,76,227
03/21/2007,EGE,CO,ANM,WE,Federal Contract Tower,26,38,50,0,114,0,0,1,28,29,26,38,51,28,143,0,6,6,149
03/22/2007,EGE,CO,ANM,WE,Federal Contract Tower,28,41,42,0,111,1,4,40,32,77,29,45,82,32,188,58,12,70,258
03/23/2007,EGE,CO,ANM,WE,Federal Contract Tower,26,40,80,0,146,1,0,10,19,30,27,40,90,19,176,0,8,8,184
03/24/2007,EGE,CO,ANM,WE,Federal Contract Tower,41,50,85,2,178,0,1,13,0,14,41,51,98,2,192,0,0,0,192
03/25/2007,EGE,CO,ANM,WE,Federal Contract Tower,34,37,65,0,136,1,0,19,1,21,35,37,84,1,157,0,0,0,157
03/26/2007,EGE,CO,ANM,WE,Federal Contract Tower,26,16,34,0,76,0,0,32,2,34,26,16,66,2,110,8,0,8,118
03/27/2007,EGE,CO,ANM,WE,Federal Contract Tower,21,28,36,0,85,0,0,9,34,43,21,28,45,34,128,2,42,44,172
03/28/2007,EGE,CO,ANM,WE,Federal Contract Tower,24,20,39,0,83,0,0,2,34,36,24,20,41,34,119,0,6,6,125
03/29/2007,EGE,CO,ANM,WE,Federal Contract Tower,22,18,40,0,80,0,0,2,27,29,22,18,42,27,109,0,12,12,121
03/30/2007,EGE,CO,ANM,WE,Federal Contract Tower,24,34,61,0,119,0,0,7,21,28,24,34,68,21,147,18,16,34,181
03/31/2007,EGE,CO,ANM,WE,Federal Contract Tower,39,54,73,0,166,0,0,21,3,24,39,54,94,3,190,0,0,0,190
04/01/2007,EGE,CO,ANM,WE,Federal Contract Tower,32,40,54,0,126,0,0,6,3,9,32,40,60,3,135,0,0,0,135
04/02/2007,EGE,CO,ANM,WE,Federal Contract Tower,25,17,30,0,72,2,1,6,3,12,27,18,36,3,84,12,0,12,96
04/03/2007,EGE,CO,ANM,WE,Federal Contract Tower,16,23,19,0,58,1,3,19,27,50,17,26,38,27,108,1,46,47,155
04/04/2007,EGE,CO,ANM,WE,Federal Contract Tower,20,27,37,0,84,0,1,25,44,70,20,28,62,44,154,30,0,30,184
04/05/2007,EGE,CO,ANM,WE,Federal Contract Tower,18,26,37,0,81,0,0,19,23,42,18,26,56,23,123,54,14,68,191
04/06/2007,EGE,CO,ANM,WE,Federal Contract Tower,18,29,25,0,72,0,0,16,17,33,18,29,41,17,105,30,6,36,141
04/07/2007,EGE,CO,ANM,WE,Federal Contract Tower,36,34,40,0,110,0,2,11,2,15,36,36,51,2,125,14,0,14,139
04/08/2007,EGE,CO,ANM,WE,Federal Contract Tower,25,27,80,0,132,0,0,3,0,3,25,27,83,0,135,0,0,0,135
04/09/2007,EGE,CO,ANM,WE,Federal Contract Tower,12,14,50,0,76,0,5,4,7,16,12,19,54,7,92,2,0,2,94
04/10/2007,EGE,CO,ANM,WE,Federal Contract Tower,5,15,35,0,55,0,0,3,24,27,5,15,38,24,82,0,44,44,126
04/11/2007,EGE,CO,ANM,WE,Federal Contract Tower,3,12,17,2,34,0,0,18,25,43,3,12,35,27,77,14,50,64,141
04/12/2007,EGE,CO,ANM,WE,Federal Contract Tower,3,18,26,1,48,0,0,2,25,27,3,18,28,26,75,38,6,44,119
04/13/2007,EGE,CO,ANM,WE,Federal Contract Tower,3,17,24,0,44,0,1,4,16,21,3,18,28,16,65,2,2,4,69
04/14/2007,EGE,CO,ANM,WE,Federal Contract Tower,5,22,34,0,61,0,0,21,0,21,5,22,55,0,82,0,0,0,82
04/15/2007,EGE,CO,ANM,WE,Federal Contract Tower,5,16,38,0,59,0,0,11,4,15,5,16,49,4,74,10,0,10,84
04/16/2007,EGE,CO,ANM,WE,Federal Contract Tower,3,20,16,0,39,0,0,8,0,8,3,20,24,0,47,2,0,2,49
04/17/2007,EGE,CO,ANM,WE,Federal Contract Tower,4,17,13,0,34,0,0,3,29,32,4,17,16,29,66,0,68,68,134
04/18/2007,EGE,CO,ANM,WE,Federal Contract Tower,3,12,20,0,35,0,0,18,20,38,3,12,38,20,73,0,12,12,85
04/19/2007,EGE,CO,ANM,WE,Federal Contract Tower,3,8,12,0,23,0,0,11,2,13,3,8,23,2,36,0,6,6,42
04/20/2007,EGE,CO,ANM,WE,Federal Contract Tower,3,9,9,0,21,0,0,17,21,38,3,9,26,21,59,24,14,38,97
04/21/2007,EGE,CO,ANM,WE,Federal Contract Tower,7,8,7,0,22,0,0,5,9,14,7,8,12,9,36,16,4,20,56
04/22/2007,EGE,CO,ANM,WE,Federal Contract Tower,4,4,18,0,26,0,0,10,0,10,4,4,28,0,36,6,0,6,42
04/23/2007,EGE,CO,ANM,WE,Federal Contract Tower,5,9,12,0,26,0,0,4,0,4,5,9,16,0,30,0,0,0,30
04/24/2007,EGE,CO,ANM,WE,Federal Contract Tower,0,9,4,0,13,0,0,0,20,20,0,9,4,20,33,0,36,36,69
04/25/2007,EGE,CO,ANM,WE,Federal Contract Tower,0,11,8,4,23,0,0,6,25,31,0,11,14,29,54,12,26,38,92
04/26/2007,EGE,CO,ANM,WE,Federal Contract Tower,0,10,9,0,19,0,0,10,11,21,0,10,19,11,40,10,0,10,50
04/27/2007,EGE,CO,ANM,WE,Federal Contract Tower,0,18,15,0,33,0,0,27,17,44,0,18,42,17,77,4,6,10,87
04/28/2007,EGE,CO,ANM,WE,Federal Contract Tower,0,15,10,0,25,0,0,28,4,32,0,15,38,4,57,70,0,70,127
04/29/2007,EGE,CO,ANM,WE,Federal Contract Tower,0,17,9,0,26,0,0,23,2,25,0,17,32,2,51,34,0,34,85
04/30/2007,EGE,CO,ANM,WE,Federal Contract Tower,0,17,18,0,35,0,0,17,2,19,0,17,35,2,54,4,0,4,58
05/01/2007,EGE,CO,ANM,WE,Federal Contract Tower,0,13,21,0,34,0,0,7,22,29,0,13,28,22,63,0,22,22,85
05/02/2007,EGE,CO,ANM,WE,Federal Contract Tower,0,14,15,0,29,0,2,11,19,32,0,16,26,19,61,26,4,30,91
05/03/2007,EGE,CO,ANM,WE,Federal Contract Tower,0,25,15,4,44,0,0,22,31,53,0,25,37,35,97,0,12,12,109
05/04/2007,EGE,CO,ANM,WE,Federal Contract Tower,0,10,20,0,30,0,0,4,4,8,0,10,24,4,38,10,6,16,54
05/05/2007,EGE,CO,ANM,WE,Federal Contract Tower,0,12,10,0,22,0,0,2,0,2,0,12,12,0,24,2,0,2,26
05/06/2007,EGE,CO,ANM,WE,Federal Contract Tower,0,22,14,0,36,0,0,4,2,6,0,22,18,2,42,0,0,0,42
05/07/2007,EGE,CO,ANM,WE,Federal Contract Tower,0,15,21,0,36,0,0,7,0,7,0,15,28,0,43,14,0,14,57
05/08/2007,EGE,CO,ANM,WE,Federal Contract Tower,0,17,14,0,31,0,0,19,27,46,0,17,33,27,77,10,56,66,143
05/09/2007,EGE,CO,ANM,WE,Federal Contract Tower,0,16,12,0,28,0,0,30,27,57,0,16,42,27,85,0,10,10,95
05/10/2007,EGE,CO,ANM,WE,Federal Contract Tower,0,13,21,0,34,0,0,26,21,47,0,13,47,21,81,16,0,16,97
05/11/2007,EGE,CO,ANM,WE,Federal Contract Tower,0,22,20,0,42,0,0,31,17,48,0,22,51,17,90,6,0,6,96
05/12/2007,EGE,CO,ANM,WE,Federal Contract Tower,0,11,8,1,20,0,1,7,0,8,0,12,15,1,28,16,0,16,44
05/13/2007,EGE,CO,ANM,WE,Federal Contract Tower,0,22,12,1,35,0,0,9,1,10,0,22,21,2,45,2,0,2,47
05/14/2007,EGE,CO,ANM,WE,Federal Contract Tower,0,22,15,0,37,0,1,19,0,20,0,23,34,0,57,22,0,22,79
05/15/2007,EGE,CO,ANM,WE,Federal Contract Tower,0,17,12,0,29,0,0,21,30,51,0,17,33,30,80,22,38,60,140
05/16/2007,EGE,CO,ANM,WE,Federal Contract Tower,0,18,14,0,32,0,0,20,29,49,0,18,34,29,81,20,4,24,105
05/17/2007,EGE,CO,ANM,WE,Federal Contract Tower,0,16,27,2,45,0,0,18,34,52,0,16,45,36,97,16,22,38,135
05/18/2007,EGE,CO,ANM,WE,Federal Contract Tower,0,22,13,0,35,0,0,17,11,28,0,22,30,11,63,12,8,20,83
05/19/2007,EGE,CO,ANM,WE,Federal Contract Tower,0,18,11,3,32,0,0,32,1,33,0,18,43,4,65,4,0,4,69
05/20/2007,EGE,CO,ANM,WE,Federal Contract Tower,0,25,11,0,36,0,0,28,1,29,0,25,39,1,65,10,0,10,75
05/21/2007,EGE,CO,ANM,WE,Federal Contract Tower,0,16,17,0,33,0,0,7,2,9,0,16,24,2,42,0,0,0,42
05/22/2007,EGE,CO,ANM,WE,Federal Contract Tower,0,16,24,0,40,0,1,0,38,39,0,17,24,38,79,0,66,66,145
05/23/2007,EGE,CO,ANM,WE,Federal Contract Tower,0,24,17,0,41,0,0,4,35,39,0,24,21,35,80,34,0,34,114
05/24/2007,EGE,CO,ANM,WE,Federal Contract Tower,0,32,19,2,53,0,0,22,29,51,0,32,41,31,104,2,28,30,134
05/25/2007,EGE,CO,ANM,WE,Federal Contract Tower,0,22,27,0,49,0,0,19,19,38,0,22,46,19,87,12,14,26,113
05/26/2007,EGE,CO,ANM,WE,Federal Contract Tower,0,24,21,0,45,0,0,14,0,14,0,24,35,0,59,18,0,18,77
05/27/2007,EGE,CO,ANM,WE,Federal Contract Tower,0,20,18,0,38,0,1,29,0,30,0,21,47,0,68,10,0,10,78
05/28/2007,EGE,CO,ANM,WE,Federal Contract Tower,0,48,29,0,77,0,1,24,0,25,0,49,53,0,102,4,0,4,106
05/29/2007,EGE,CO,ANM,WE,Federal Contract Tower,0,16,36,0,52,0,0,11,0,11,0,16,47,0,63,0,0,0,63
05/30/2007,EGE,CO,ANM,WE,Federal Contract Tower,0,20,17,0,37,0,2,23,0,25,0,22,40,0,62,2,0,2,64
05/31/2007,EGE,CO,ANM,WE,Federal Contract Tower,0,21,16,0,37,0,0,20,0,20,0,21,36,0,57,6,0,6,63
06/01/2007,EGE,CO,ANM,WE,Federal Contract Tower,0,22,21,0,43,0,0,17,0,17,0,22,38,0,60,12,0,12,72
06/02/2007,EGE,CO,ANM,WE,Federal Contract Tower,0,19,11,0,30,0,0,20,21,41,0,19,31,21,71,0,0,0,71
06/03/2007,EGE,CO,ANM,WE,Federal Contract Tower,0,20,26,0,46,0,0,22,0,22,0,20,48,0,68,4,0,4,72
06/04/2007,EGE,CO,ANM,WE,Federal Contract Tower,0,28,25,0,53,0,0,19,0,19,0,28,44,0,72,18,0,18,90
06/05/2007,EGE,CO,ANM,WE,Federal Contract Tower,2,19,22,0,43,0,0,16,30,46,2,19,38,30,89,4,68,72,161
06/06/2007,EGE,CO,ANM,WE,Federal Contract Tower,0,17,18,0,35,0,0,2,0,2,0,17,20,0,37,0,0,0,37
06/07/2007,EGE,CO,ANM,WE,Federal Contract Tower,2,16,24,0,42,0,0,4,30,34,2,16,28,30,76,0,4,4,80
06/08/2007,EGE,CO,ANM,WE,Federal Contract Tower,3,12,22,2,39,0,0,22,14,36,3,12,44,16,75,0,14,14,89
06/09/2007,EGE,CO,ANM,WE,Federal Contract Tower,4,11,15,0,30,0,0,29,3,32,4,11,44,3,62,0,0,0,62
06/10/2007,EGE,CO,ANM,WE,Federal Contract Tower,5,15,20,0,40,0,0,39,6,45,5,15,59,6,85,16,0,16,101
06/11/2007,EGE,CO,ANM,WE,Federal Contract Tower,3,10,18,0,31,0,0,14,4,18,3,10,32,4,49,24,0,24,73
06/12/2007,EGE,CO,ANM,WE,Federal Contract Tower,2,17,21,0,40,0,0,1,35,36,2,17,22,35,76,0,52,52,128
06/13/2007,EGE,CO,ANM,WE,Federal Contract Tower,2,16,17,0,35,0,0,18,39,57,2,16,35,39,92,0,10,10,102
06/14/2007,EGE,CO,ANM,WE,Federal Contract Tower,3,13,11,0,27,0,0,27,39,66,3,13,38,39,93,40,8,48,141
06/15/2007,EGE,CO,ANM,WE,Federal Contract Tower,5,25,21,0,51,0,0,26,32,58,5,25,47,32,109,6,18,24,133
06/16/2007,EGE,CO,ANM,WE,Federal Contract Tower,4,22,11,0,37,0,0,29,4,33,4,22,40,4,70,16,0,16,86
06/17/2007,EGE,CO,ANM,WE,Federal Contract Tower,4,23,27,0,54,0,0,23,6,29,4,23,50,6,83,10,0,10,93
06/18/2007,EGE,CO,ANM,WE,Federal Contract Tower,5,22,23,2,52,0,0,32,0,32,5,22,55,2,84,2,14,16,100
06/19/2007,EGE,CO,ANM,WE,Federal Contract Tower,4,16,17,0,37,0,0,22,33,55,4,16,39,33,92,0,40,40,132
06/20/2007,EGE,CO,ANM,WE,Federal Contract Tower,4,13,23,1,41,1,0,39,26,66,5,13,62,27,107,10,0,10,117
06/21/2007,EGE,CO,ANM,WE,Federal Contract Tower,5,30,31,1,67,0,1,25,18,44,5,31,56,19,111,0,0,0,111
06/22/2007,EGE,CO,ANM,WE,Federal Contract Tower,4,16,24,0,44,0,0,21,16,37,4,16,45,16,81,0,10,10,91
06/23/2007,EGE,CO,ANM,WE,Federal Contract Tower,6,18,27,3,54,0,1,26,0,27,6,19,53,3,81,8,4,12,93
06/24/2007,EGE,CO,ANM,WE,Federal Contract Tower,5,38,41,3,87,0,0,41,4,45,5,38,82,7,132,14,0,14,146
06/25/2007,EGE,CO,ANM,WE,Federal Contract Tower,6,17,34,0,57,0,0,40,4,44,6,17,74,4,101,0,0,0,101
06/26/2007,EGE,CO,ANM,WE,Federal Contract Tower,4,22,14,0,40,0,0,21,37,58,4,22,35,37,98,8,56,64,162
06/27/2007,EGE,CO,ANM,WE,Federal Contract Tower,4,30,41,0,75,0,0,29,22,51,4,30,70,22,126,14,0,14,140
06/28/2007,EGE,CO,ANM,WE,Federal Contract Tower,2,34,56,0,92,0,0,23,28,51,2,34,79,28,143,34,0,34,177
06/29/2007,EGE,CO,ANM,WE,Federal Contract Tower,4,31,65,0,100,0,0,28,16,44,4,31,93,16,144,20,16,36,180
06/30/2007,EGE,CO,ANM,WE,Federal Contract Tower,5,26,44,0,75,0,0,17,5,22,5,26,61,5,97,0,0,0,97
07/01/2007,EGE,CO,ANM,WE,Federal Contract Tower,4,56,46,0,106,0,0,18,2,20,4,56,64,2,126,2,2,4,130
07/02/2007,EGE,CO,ANM,WE,Federal Contract Tower,3,30,33,2,68,0,0,34,0,34,3,30,67,2,102,16,10,26,128
07/03/2007,EGE,CO,ANM,WE,Federal Contract Tower,6,26,33,0,65,0,0,34,8,42,6,26,67,8,107,14,0,14,121
07/04/2007,EGE,CO,ANM,WE,Federal Contract Tower,5,13,13,0,31,0,0,21,0,21,5,13,34,0,52,6,0,6,58
07/05/2007,EGE,CO,ANM,WE,Federal Contract Tower,6,29,35,0,70,0,0,18,8,26,6,29,53,8,96,0,8,8,104
07/06/2007,EGE,CO,ANM,WE,Federal Contract Tower,5,33,35,0,73,0,0,37,3,40,5,33,72,3,113,30,0,30,143
07/07/2007,EGE,CO,ANM,WE,Federal Contract Tower,4,35,51,0,90,0,0,20,0,20,4,35,71,0,110,16,0,16,126
07/08/2007,EGE,CO,ANM,WE,Federal Contract Tower,4,45,67,0,116,0,1,29,5,35,4,46,96,5,151,0,0,0,151
07/09/2007,EGE,CO,ANM,WE,Federal Contract Tower,5,23,24,0,52,0,0,20,2,22,5,23,44,2,74,0,0,0,74
07/10/2007,EGE,CO,ANM,WE,Federal Contract Tower,6,29,32,2,69,0,1,30,37,68,6,30,62,39,137,0,78,78,215
07/11/2007,EGE,CO,ANM,WE,Federal Contract Tower,4,31,50,0,85,0,0,19,30,49,4,31,69,30,134,12,38,50,184
07/12/2007,EGE,CO,ANM,WE,Federal Contract Tower,8,44,61,0,113,0,0,20,36,56,8,44,81,36,169,2,21,23,192
07/13/2007,EGE,CO,ANM,WE,Federal Contract Tower,5,34,33,2,74,0,0,23,25,48,5,34,56,27,122,2,2,4,126
07/14/2007,EGE,CO,ANM,WE,Federal Contract Tower,5,21,47,0,73,0,0,35,1,36,5,21,82,1,109,4,0,4,113
07/15/2007,EGE,CO,ANM,WE,Federal Contract Tower,6,34,42,2,84,0,0,22,2,24,6,34,64,4,108,0,0,0,108
07/16/2007,EGE,CO,ANM,WE,Federal Contract Tower,5,33,27,0,65,0,0,17,1,18,5,33,44,1,83,0,0,0,83
07/17/2007,EGE,CO,ANM,WE,Federal Contract Tower,5,20,39,0,64,0,0,17,23,40,5,20,56,23,104,0,6,6,110
07/18/2007,EGE,CO,ANM,WE,Federal Contract Tower,6,42,47,0,95,0,0,19,23,42,6,42,66,23,137,8,2,10,147
07/19/2007,EGE,CO,ANM,WE,Federal Contract Tower,5,24,49,0,78,0,0,35,20,55,5,24,84,20,133,28,0,28,161
07/20/2007,EGE,CO,ANM,WE,Federal Contract Tower,8,41,51,0,100,0,0,17,11,28,8,41,68,11,128,2,10,12,140
07/21/2007,EGE,CO,ANM,WE,Federal Contract Tower,5,23,24,1,53,0,0,20,2,22,5,23,44,3,75,20,2,22,97
07/22/2007,EGE,CO,ANM,WE,Federal Contract Tower,5,45,40,1,91,0,1,36,2,39,5,46,76,3,130,8,0,8,138
07/23/2007,EGE,CO,ANM,WE,Federal Contract Tower,6,34,38,0,78,0,0,21,1,22,6,34,59,1,100,0,0,0,100
07/24/2007,EGE,CO,ANM,WE,Federal Contract Tower,6,20,24,0,50,0,0,6,26,32,6,20,30,26,82,8,40,48,130
07/25/2007,EGE,CO,ANM,WE,Federal Contract Tower,4,33,36,0,73,0,1,33,15,49,4,34,69,15,122,16,2,18,140
07/26/2007,EGE,CO,ANM,WE,Federal Contract Tower,5,34,41,0,80,0,0,16,18,34,5,34,57,18,114,0,0,0,114
07/27/2007,EGE,CO,ANM,WE,Federal Contract Tower,5,30,37,0,72,0,0,21,4,25,5,30,58,4,97,44,0,44,141
07/28/2007,EGE,CO,ANM,WE,Federal Contract Tower,3,30,49,0,82,0,0,27,3,30,3,30,76,3,112,0,0,0,112
07/29/2007,EGE,CO,ANM,WE,Federal Contract Tower,5,37,61,0,103,0,0,28,4,32,5,37,89,4,135,16,0,16,151
07/30/2007,EGE,CO,ANM,WE,Federal Contract Tower,5,31,57,0,93,0,0,24,2,26,5,31,81,2,119,12,0,12,131
07/31/2007,EGE,CO,ANM,WE,Federal Contract Tower,5,19,32,0,56,0,0,13,25,38,5,19,45,25,94,0,50,50,144
08/01/2007,EGE,CO,ANM,WE,Federal Contract Tower,6,38,38,0,82,0,0,18,30,48,6,38,56,30,130,0,0,0,130
08/02/2007,EGE,CO,ANM,WE,Federal Contract Tower,7,28,40,0,75,0,0,17,26,43,7,28,57,26,118,14,2,16,134
08/03/2007,EGE,CO,ANM,WE,Federal Contract Tower,5,30,55,0,90,0,0,19,21,40,5,30,74,21,130,0,6,6,136
08/04/2007,EGE,CO,ANM,WE,Federal Contract Tower,4,41,27,0,72,0,0,34,2,36,4,41,61,2,108,50,0,50,158
08/05/2007,EGE,CO,ANM,WE,Federal Contract Tower,6,57,62,2,127,0,0,35,6,41,6,57,97,8,168,2,0,2,170
08/06/2007,EGE,CO,ANM,WE,Federal Contract Tower,4,53,58,0,115,0,0,11,0,11,4,53,69,0,126,10,0,10,136
08/07/2007,EGE,CO,ANM,WE,Federal Contract Tower,5,27,34,0,66,0,0,20,53,73,5,27,54,53,139,30,48,78,217
08/08/2007,EGE,CO,ANM,WE,Federal Contract Tower,5,33,40,0,78,0,0,33,29,62,5,33,73,29,140,12,34,46,186
08/09/2007,EGE,CO,ANM,WE,Federal Contract Tower,5,32,38,0,75,0,0,24,38,62,5,32,62,38,137,12,16,28,165
08/10/2007,EGE,CO,ANM,WE,Federal Contract Tower,4,35,40,2,81,0,0,27,23,50,4,35,67,25,131,12,6,18,149
08/11/2007,EGE,CO,ANM,WE,Federal Contract Tower,4,21,33,1,59,0,0,27,3,30,4,21,60,4,89,16,0,16,105
08/12/2007,EGE,CO,ANM,WE,Federal Contract Tower,7,48,49,0,104,0,0,24,5,29,7,48,73,5,133,14,0,14,147
08/13/2007,EGE,CO,ANM,WE,Federal Contract Tower,4,27,53,0,84,0,0,10,0,10,4,27,63,0,94,0,0,0,94
08/14/2007,EGE,CO,ANM,WE,Federal Contract Tower,7,29,30,0,66,0,0,13,25,38,7,29,43,25,104,0,32,32,136
08/15/2007,EGE,CO,ANM,WE,Federal Contract Tower,5,22,38,0,65,0,0,13,32,45,5,22,51,32,110,0,0,0,110
08/16/2007,EGE,CO,ANM,WE,Federal Contract Tower,5,15,34,0,54,0,0,18,25,43,5,15,52,25,97,6,4,10,107
08/17/2007,EGE,CO,ANM,WE,Federal Contract Tower,6,22,53,0,81,0,0,20,19,39,6,22,73,19,120,0,12,12,132
08/18/2007,EGE,CO,ANM,WE,Federal Contract Tower,5,31,29,0,65,0,0,19,0,19,5,31,48,0,84,0,0,0,84
08/19/2007,EGE,CO,ANM,WE,Federal Contract Tower,5,41,54,0,100,1,1,28,3,33,6,42,82,3,133,4,0,4,137
08/20/2007,EGE,CO,ANM,WE,Federal Contract Tower,3,32,33,0,68,0,0,22,1,23,3,32,55,1,91,18,0,18,109
08/21/2007,EGE,CO,ANM,WE,Federal Contract Tower,5,29,32,0,66,0,2,22,21,45,5,31,54,21,111,4,34,38,149
08/22/2007,EGE,CO,ANM,WE,Federal Contract Tower,2,27,52,0,81,0,0,17,27,44,2,27,69,27,125,0,30,30,155
08/23/2007,EGE,CO,ANM,WE,Federal Contract Tower,5,22,51,0,78,0,0,15,18,33,5,22,66,18,111,22,2,24,135
08/24/2007,EGE,CO,ANM,WE,Federal Contract Tower,3,21,42,0,66,0,0,25,7,32,3,21,67,7,98,6,16,22,120
08/25/2007,EGE,CO,ANM,WE,Federal Contract Tower,5,22,34,0,61,0,2,34,2,38,5,24,68,2,99,26,4,30,129
08/26/2007,EGE,CO,ANM,WE,Federal Contract Tower,6,28,46,0,80,0,0,31,0,31,6,28,77,0,111,0,0,0,111
08/27/2007,EGE,CO,ANM,WE,Federal Contract Tower,6,20,32,2,60,0,0,7,0,7,6,20,39,2,67,0,20,20,87
08/28/2007,EGE,CO,ANM,WE,Federal Contract Tower,6,23,24,0,53,0,0,27,17,44,6,23,51,17,97,10,34,44,141
08/29/2007,EGE,CO,ANM,WE,Federal Contract Tower,4,24,38,0,66,0,3,20,25,48,4,27,58,25,114,40,10,50,164
08/30/2007,EGE,CO,ANM,WE,Federal Contract Tower,5,18,23,0,46,0,0,24,24,48,5,18,47,24,94,0,12,12,106
08/31/2007,EGE,CO,ANM,WE,Federal Contract Tower,7,19,37,2,65,0,2,24,19,45,7,21,61,21,110,4,8,12,122
09/01/2007,EGE,CO,ANM,WE,Federal Contract Tower,3,13,36,0,52,0,0,21,1,22,3,13,57,1,74,0,0,0,74
09/02/2007,EGE,CO,ANM,WE,Federal Contract Tower,5,13,22,0,40,0,0,24,0,24,5,13,46,0,64,12,0,12,76
09/03/2007,EGE,CO,ANM,WE,Federal Contract Tower,4,27,36,0,67,0,0,17,0,17,4,27,53,0,84,4,0,4,88
09/04/2007,EGE,CO,ANM,WE,Federal Contract Tower,5,25,32,1,63,0,0,33,1,34,5,25,65,2,97,12,0,12,109
09/05/2007,EGE,CO,ANM,WE,Federal Contract Tower,2,21,25,0,48,0,0,27,2,29,2,21,52,2,77,8,0,8,85
09/06/2007,EGE,CO,ANM,WE,Federal Contract Tower,4,21,22,0,47,0,0,18,4,22,4,21,40,4,69,0,4,4,73
09/07/2007,EGE,CO,ANM,WE,Federal Contract Tower,2,23,23,0,48,0,0,33,0,33,2,23,56,0,81,8,2,10,91
09/08/2007,EGE,CO,ANM,WE,Federal Contract Tower,2,24,24,0,50,0,0,19,3,22,2,24,43,3,72,14,0,14,86
09/09/2007,EGE,CO,ANM,WE,Federal Contract Tower,2,33,38,0,73,0,0,15,2,17,2,33,53,2,90,0,0,0,90
09/10/2007,EGE,CO,ANM,WE,Federal Contract Tower,4,20,26,0,50,0,0,19,0,19,4,20,45,0,69,14,0,14,83
09/11/2007,EGE,CO,ANM,WE,Federal Contract Tower,2,16,23,0,41,0,0,18,27,45,2,16,41,27,86,22,34,56,142
09/12/2007,EGE,CO,ANM,WE,Federal Contract Tower,3,21,26,4,54,0,0,22,22,44,3,21,48,26,98,42,58,100,198
09/13/2007,EGE,CO,ANM,WE,Federal Contract Tower,2,18,32,0,52,0,0,62,23,85,2,18,94,23,137,10,30,40,177
09/14/2007,EGE,CO,ANM,WE,Federal Contract Tower,2,24,36,6,68,0,0,17,17,34,2,24,53,23,102,0,16,16,118
09/15/2007,EGE,CO,ANM,WE,Federal Contract Tower,1,19,26,4,50,0,0,20,6,26,1,19,46,10,76,8,6,14,90
09/16/2007,EGE,CO,ANM,WE,Federal Contract Tower,2,38,37,2,79,0,0,25,4,29,2,38,62,6,108,2,4,6,114
09/17/2007,EGE,CO,ANM,WE,Federal Contract Tower,2,20,19,0,41,0,0,2,0,2,2,20,21,0,43,0,12,12,55
09/18/2007,EGE,CO,ANM,WE,Federal Contract Tower,2,14,18,0,34,0,0,18,33,51,2,14,36,33,85,4,42,46,131
09/19/2007,EGE,CO,ANM,WE,Federal Contract Tower,2,22,28,0,52,0,0,14,45,59,2,22,42,45,111,2,34,36,147
09/20/2007,EGE,CO,ANM,WE,Federal Contract Tower,2,32,21,0,55,0,1,29,36,66,2,33,50,36,121,34,18,52,173
09/21/2007,EGE,CO,ANM,WE,Federal Contract Tower,2,29,42,0,73,0,0,34,26,60,2,29,76,26,133,18,4,22,155
09/22/2007,EGE,CO,ANM,WE,Federal Contract Tower,2,17,25,0,44,0,0,30,4,34,2,17,55,4,78,36,0,36,114
09/23/2007,EGE,CO,ANM,WE,Federal Contract Tower,2,21,31,0,54,0,0,8,0,8,2,21,39,0,62,0,0,0,62
09/24/2007,EGE,CO,ANM,WE,Federal Contract Tower,2,14,24,0,40,0,0,2,2,4,2,14,26,2,44,0,0,0,44
09/25/2007,EGE,CO,ANM,WE,Federal Contract Tower,2,15,16,0,33,0,0,15,39,54,2,15,31,39,87,6,30,36,123
09/26/2007,EGE,CO,ANM,WE,Federal Contract Tower,2,13,21,0,36,0,0,25,37,62,2,13,46,37,98,10,18,28,126
09/27/2007,EGE,CO,ANM,WE,Federal Contract Tower,2,35,60,0,97,0,0,26,30,56,2,35,86,30,153,4,6,10,163
09/28/2007,EGE,CO,ANM,WE,Federal Contract Tower,2,29,27,0,58,0,2,22,13,37,2,31,49,13,95,4,8,12,107
09/29/2007,EGE,CO,ANM,WE,Federal Contract Tower,2,25,25,0,52,0,0,3,2,5,2,25,28,2,57,0,0,0,57
09/30/2007,EGE,CO,ANM,WE,Federal Contract Tower,2,27,31,1,61,0,0,32,7,39,2,27,63,8,100,8,0,8,108
10/01/2007,EGE,CO,ANM,WE,Federal Contract Tower,2,15,17,0,34,0,0,12,0,12,2,15,29,0,46,0,0,0,46
10/02/2007,EGE,CO,ANM,WE,Federal Contract Tower,2,15,17,0,34,0,8,19,25,52,2,23,36,25,86,22,30,52,138
10/03/2007,EGE,CO,ANM,WE,Federal Contract Tower,2,19,11,2,34,0,0,26,26,52,2,19,37,28,86,36,24,60,146
10/04/2007,EGE,CO,ANM,WE,Federal Contract Tower,4,16,23,8,51,0,0,24,19,43,4,16,47,27,94,32,30,62,156
10/05/2007,EGE,CO,ANM,WE,Federal Contract Tower,2,16,16,0,34,0,0,24,12,36,2,16,40,12,70,12,2,14,84
10/06/2007,EGE,CO,ANM,WE,Federal Contract Tower,2,19,9,0,30,0,0,14,3,17,2,19,23,3,47,28,24,52,99
10/07/2007,EGE,CO,ANM,WE,Federal Contract Tower,2,20,14,0,36,0,0,24,0,24,2,20,38,0,60,6,0,6,66
10/08/2007,EGE,CO,ANM,WE,Federal Contract Tower,2,14,22,0,38,0,2,18,0,20,2,16,40,0,58,0,0,0,58
10/09/2007,EGE,CO,ANM,WE,Federal Contract Tower,2,15,11,2,30,0,0,30,4,34,2,15,41,6,64,2,0,2,66
10/10/2007,EGE,CO,ANM,WE,Federal Contract Tower,2,21,18,0,41,0,0,24,4,28,2,21,42,4,69,28,0,28,97
10/11/2007,EGE,CO,ANM,WE,Federal Contract Tower,2,13,16,0,31,0,0,48,3,51,2,13,64,3,82,32,0,32,114
10/12/2007,EGE,CO,ANM,WE,Federal Contract Tower,2,20,21,2,45,0,0,25,4,29,2,20,46,6,74,0,10,10,84
10/13/2007,EGE,CO,ANM,WE,Federal Contract Tower,2,16,8,0,26,0,0,11,0,11,2,16,19,0,37,6,0,6,43
10/14/2007,EGE,CO,ANM,WE,Federal Contract Tower,2,8,18,0,28,0,0,0,0,0,2,8,18,0,28,0,0,0,28
10/15/2007,EGE,CO,ANM,WE,Federal Contract Tower,2,11,14,0,27,0,0,7,2,9,2,11,21,2,36,0,0,0,36
10/16/2007,EGE,CO,ANM,WE,Federal Contract Tower,2,12,12,0,26,0,0,16,5,21,2,12,28,5,47,12,0,12,59
10/17/2007,EGE,CO,ANM,WE,Federal Contract Tower,2,10,14,0,26,0,0,3,0,3,2,10,17,0,29,0,0,0,29
10/18/2007,EGE,CO,ANM,WE,Federal Contract Tower,2,9,14,0,25,0,0,5,0,5,2,9,19,0,30,0,0,0,30
10/19/2007,EGE,CO,ANM,WE,Federal Contract Tower,2,12,20,0,34,0,0,1,0,1,2,12,21,0,35,0,0,0,35
10/20/2007,EGE,CO,ANM,WE,Federal Contract Tower,2,11,6,0,19,0,1,15,0,16,2,12,21,0,35,24,0,24,59
10/21/2007,EGE,CO,ANM,WE,Federal Contract Tower,2,14,13,0,29,0,0,0,0,0,2,14,13,0,29,0,0,0,29
10/22/2007,EGE,CO,ANM,WE,Federal Contract Tower,2,13,13,0,28,0,0,0,2,2,2,13,13,2,30,8,8,16,46
10/23/2007,EGE,CO,ANM,WE,Federal Contract Tower,2,11,9,0,22,0,0,14,0,14,2,11,23,0,36,31,0,31,67
10/24/2007,EGE,CO,ANM,WE,Federal Contract Tower,2,15,11,0,28,0,0,17,0,17,2,15,28,0,45,0,12,12,57
10/25/2007,EGE,CO,ANM,WE,Federal Contract Tower,2,12,9,0,23,0,0,34,0,34,2,12,43,0,57,36,0,36,93
10/26/2007,EGE,CO,ANM,WE,Federal Contract Tower,2,17,17,0,36,0,0,33,0,33,2,17,50,0,69,0,14,14,83
10/27/2007,EGE,CO,ANM,WE,Federal Contract Tower,1,6,9,0,16,1,0,18,0,19,2,6,27,0,35,18,0,18,53
10/28/2007,EGE,CO,ANM,WE,Federal Contract Tower,2,20,9,0,31,0,0,18,0,18,2,20,27,0,49,8,0,8,57
10/29/2007,EGE,CO,ANM,WE,Federal Contract Tower,2,6,13,0,21,0,0,23,1,24,2,6,36,1,45,6,2,8,53
10/30/2007,EGE,CO,ANM,WE,Federal Contract Tower,2,5,10,2,19,0,0,9,0,9,2,5,19,2,28,12,0,12,40
10/31/2007,EGE,CO,ANM,WE,Federal Contract Tower,2,9,20,0,31,0,1,10,3,14,2,10,30,3,45,0,10,10,55
11/01/2007,EGE,CO,ANM,WE,Federal Contract Tower,2,6,22,0,30,0,0,24,0,24,2,6,46,0,54,10,0,10,64
11/02/2007,EGE,CO,ANM,WE,Federal Contract Tower,2,12,13,0,27,0,0,24,2,26,2,12,37,2,53,0,0,0,53
11/03/2007,EGE,CO,ANM,WE,Federal Contract Tower,2,5,6,2,15,0,0,13,0,13,2,5,19,2,28,20,0,20,48
11/04/2007,EGE,CO,ANM,WE,Federal Contract Tower,2,11,9,0,22,0,0,28,0,28,2,11,37,0,50,0,0,0,50
11/05/2007,EGE,CO,ANM,WE,Federal Contract Tower,2,8,8,0,18,0,0,8,4,12,2,8,16,4,30,0,0,0,30
11/06/2007,EGE,CO,ANM,WE,Federal Contract Tower,2,10,7,0,19,0,0,12,3,15,2,10,19,3,34,0,0,0,34
11/07/2007,EGE,CO,ANM,WE,Federal Contract Tower,2,10,7,0,19,0,1,15,2,18,2,11,22,2,37,6,2,8,45
11/08/2007,EGE,CO,ANM,WE,Federal Contract Tower,2,14,11,0,27,0,0,18,2,20,2,14,29,2,47,14,0,14,61
11/09/2007,EGE,CO,ANM,WE,Federal Contract Tower,2,14,11,2,29,0,0,35,4,39,2,14,46,6,68,36,6,42,110
11/10/2007,EGE,CO,ANM,WE,Federal Contract Tower,0,8,7,0,15,0,0,22,0,22,0,8,29,0,37,34,0,34,71
11/11/2007,EGE,CO,ANM,WE,Federal Contract Tower,2,0,16,0,18,0,8,19,0,27,2,8,35,0,45,14,0,14,59
11/12/2007,EGE,CO,ANM,WE,Federal Contract Tower,2,11,9,0,22,0,0,6,0,6,2,11,15,0,28,0,0,0,28
11/13/2007,EGE,CO,ANM,WE,Federal Contract Tower,2,10,8,0,20,0,0,8,8,16,2,10,16,8,36,0,12,12,48
11/14/2007,EGE,CO,ANM,WE,Federal Contract Tower,2,9,10,0,21,0,0,7,21,28,2,9,17,21,49,18,34,52,101
11/15/2007,EGE,CO,ANM,WE,Federal Contract Tower,2,6,12,0,20,0,0,17,10,27,2,6,29,10,47,48,2,50,97
11/16/2007,EGE,CO,ANM,WE,Federal Contract Tower,2,11,20,0,33,0,0,15,4,19,2,11,35,4,52,8,0,8,60
11/17/2007,EGE,CO,ANM,WE,Federal Contract Tower,2,8,14,0,24,0,0,15,0,15,2,8,29,0,39,19,0,19,58
11/18/2007,EGE,CO,ANM,WE,Federal Contract Tower,2,30,20,0,52,0,0,13,0,13,2,30,33,0,65,14,0,14,79
11/19/2007,EGE,CO,ANM,WE,Federal Contract Tower,2,18,8,0,28,0,0,16,8,24,2,18,24,8,52,18,4,22,74
11/20/2007,EGE,CO,ANM,WE,Federal Contract Tower,2,27,62,0,91,0,0,20,2,22,2,27,82,2,113,4,2,6,119
11/21/2007,EGE,CO,ANM,WE,Federal Contract Tower,2,36,44,1,83,0,0,7,0,7,2,36,51,1,90,0,2,2,92
11/22/2007,EGE,CO,ANM,WE,Federal Contract Tower,2,5,6,0,13,0,0,8,0,8,2,5,14,0,21,2,0,2,23
11/23/2007,EGE,CO,ANM,WE,Federal Contract Tower,2,16,16,0,34,0,2,7,0,9,2,18,23,0,43,2,0,2,45
11/24/2007,EGE,CO,ANM,WE,Federal Contract Tower,2,23,27,0,52,0,0,20,0,20,2,23,47,0,72,24,0,24,96
11/25/2007,EGE,CO,ANM,WE,Federal Contract Tower,2,50,94,0,146,0,0,27,1,28,2,50,121,1,174,2,0,2,176
11/26/2007,EGE,CO,ANM,WE,Federal Contract Tower,2,19,33,0,54,0,0,11,0,11,2,19,44,0,65,30,0,30,95
11/27/2007,EGE,CO,ANM,WE,Federal Contract Tower,2,15,27,0,44,0,0,10,24,34,2,15,37,24,78,0,50,50,128
11/28/2007,EGE,CO,ANM,WE,Federal Contract Tower,2,16,19,2,39,0,0,12,41,53,2,16,31,43,92,46,34,80,172
11/29/2007,EGE,CO,ANM,WE,Federal Contract Tower,2,29,17,0,48,0,0,9,26,35,2,29,26,26,83,42,16,58,141
11/30/2007,EGE,CO,ANM,WE,Federal Contract Tower,2,16,15,0,33,0,0,1,21,22,2,16,16,21,55,10,6,16,71
12/01/2007,EGE,CO,ANM,WE,Federal Contract Tower,2,8,14,0,24,0,0,0,0,0,2,8,14,0,24,0,0,0,24
12/02/2007,EGE,CO,ANM,WE,Federal Contract Tower,2,27,27,0,56,0,0,5,0,5,2,27,32,0,61,28,0,28,89
12/03/2007,EGE,CO,ANM,WE,Federal Contract Tower,2,17,6,1,26,0,0,13,2,15,2,17,19,3,41,6,6,12,53
12/04/2007,EGE,CO,ANM,WE,Federal Contract Tower,2,16,21,0,39,0,0,10,42,52,2,16,31,42,91,36,56,92,183
12/05/2007,EGE,CO,ANM,WE,Federal Contract Tower,2,31,10,0,43,0,0,12,21,33,2,31,22,21,76,38,0,38,114
12/06/2007,EGE,CO,ANM,WE,Federal Contract Tower,2,16,26,0,44,0,0,0,26,26,2,16,26,26,70,0,20,20,90
12/07/2007,EGE,CO,ANM,WE,Federal Contract Tower,2,10,16,0,28,0,0,0,0,0,2,10,16,0,28,6,0,6,34
12/08/2007,EGE,CO,ANM,WE,Federal Contract Tower,2,17,19,0,38,0,0,0,0,0,2,17,19,0,38,0,0,0,38
12/09/2007,EGE,CO,ANM,WE,Federal Contract Tower,2,25,33,0,60,0,0,2,1,3,2,25,35,1,63,0,0,0,63
12/10/2007,EGE,CO,ANM,WE,Federal Contract Tower,2,20,29,0,51,0,0,5,0,5,2,20,34,0,56,26,0,26,82
12/11/2007,EGE,CO,ANM,WE,Federal Contract Tower,2,3,4,0,9,0,0,0,0,0,2,3,4,0,9,0,0,0,9
12/12/2007,EGE,CO,ANM,WE,Federal Contract Tower,2,17,34,0,53,0,0,5,32,37,2,17,39,32,90,0,58,58,148
12/13/2007,EGE,CO,ANM,WE,Federal Contract Tower,6,15,27,0,48,0,0,10,20,30,6,15,37,20,78,8,10,18,96
12/14/2007,EGE,CO,ANM,WE,Federal Contract Tower,17,14,44,0,75,0,0,0,12,12,17,14,44,12,87,2,6,8,95
12/15/2007,EGE,CO,ANM,WE,Federal Contract Tower,29,37,43,0,109,0,0,8,4,12,29,37,51,4,121,16,0,16,137
12/16/2007,EGE,CO,ANM,WE,Federal Contract Tower,20,41,37,0,98,0,0,8,2,10,20,41,45,2,108,0,0,0,108
12/17/2007,EGE,CO,ANM,WE,Federal Contract Tower,16,26,48,0,90,0,0,15,1,16,16,26,63,1,106,0,0,0,106
12/18/2007,EGE,CO,ANM,WE,Federal Contract Tower,17,31,56,0,104,0,0,18,25,43,17,31,74,25,147,0,22,22,169
12/19/2007,EGE,CO,ANM,WE,Federal Contract Tower,22,60,89,0,171,0,0,3,27,30,22,60,92,27,201,0,6,6,207
12/20/2007,EGE,CO,ANM,WE,Federal Contract Tower,18,35,81,0,134,0,0,0,12,12,18,35,81,12,146,6,2,8,154
12/21/2007,EGE,CO,ANM,WE,Federal Contract Tower,16,31,69,5,121,0,0,0,11,11,16,31,69,16,132,0,0,0,132
12/22/2007,EGE,CO,ANM,WE,Federal Contract Tower,38,58,138,0,234,0,0,17,2,19,38,58,155,2,253,30,0,30,283
12/23/2007,EGE,CO,ANM,WE,Federal Contract Tower,28,40,61,0,129,0,0,1,0,1,28,40,62,0,130,0,0,0,130
12/24/2007,EGE,CO,ANM,WE,Federal Contract Tower,22,32,21,0,75,0,0,7,0,7,22,32,28,0,82,10,0,10,92
12/25/2007,EGE,CO,ANM,WE,Federal Contract Tower,18,14,26,0,58,0,0,0,0,0,18,14,26,0,58,0,0,0,58
12/26/2007,EGE,CO,ANM,WE,Federal Contract Tower,19,64,203,0,286,0,0,0,0,0,19,64,203,0,286,0,0,0,286
12/27/2007,EGE,CO,ANM,WE,Federal Contract Tower,19,46,115,0,180,0,0,0,0,0,19,46,115,0,180,0,0,0,180
12/28/2007,EGE,CO,ANM,WE,Federal Contract Tower,21,96,125,1,243,0,0,3,1,4,21,96,128,2,247,2,0,2,249
12/29/2007,EGE,CO,ANM,WE,Federal Contract Tower,36,63,75,0,174,0,0,2,0,2,36,63,77,0,176,0,0,0,176
12/30/2007,EGE,CO,ANM,WE,Federal Contract Tower,25,11,34,0,70,0,0,0,0,0,25,11,34,0,70,0,0,0,70
12/31/2007,EGE,CO,ANM,WE,Federal Contract Tower,21,51,71,0,143,0,5,3,0,8,21,56,74,0,151,0,0,0,151
01/01/2008,EGE,CO,ANM,WE,Federal Contract Tower,23,77,115,0,215,0,0,11,0,11,23,77,126,0,226,0,0,0,226
01/02/2008,EGE,CO,ANM,WE,Federal Contract Tower,25,75,124,0,224,0,0,16,2,18,25,75,140,2,242,0,8,8,250
01/03/2008,EGE,CO,ANM,WE,Federal Contract Tower,23,66,116,0,205,0,0,14,0,14,23,66,130,0,219,0,0,0,219
01/04/2008,EGE,CO,ANM,WE,Federal Contract Tower,24,91,121,0,236,0,0,0,0,0,24,91,121,0,236,0,0,0,236
01/05/2008,EGE,CO,ANM,WE,Federal Contract Tower,32,26,98,0,156,0,0,0,0,0,32,26,98,0,156,2,0,2,158
01/06/2008,EGE,CO,ANM,WE,Federal Contract Tower,21,13,70,0,104,0,0,0,0,0,21,13,70,0,104,4,0,4,108
01/07/2008,EGE,CO,ANM,WE,Federal Contract Tower,22,14,42,0,78,0,0,6,2,8,22,14,48,2,86,66,0,66,152
01/08/2008,EGE,CO,ANM,WE,Federal Contract Tower,19,42,54,0,115,0,0,9,26,35,19,42,63,26,150,16,44,60,210
01/09/2008,EGE,CO,ANM,WE,Federal Contract Tower,21,18,42,0,81,0,0,4,17,21,21,18,46,17,102,16,34,50,152
01/10/2008,EGE,CO,ANM,WE,Federal Contract Tower,20,23,40,0,83,0,0,7,34,41,20,23,47,34,124,28,26,54,178
01/11/2008,EGE,CO,ANM,WE,Federal Contract Tower,24,14,31,1,70,0,0,0,17,17,24,14,31,18,87,2,2,4,91
01/12/2008,EGE,CO,ANM,WE,Federal Contract Tower,36,21,30,0,87,0,0,3,0,3,36,21,33,0,90,0,0,0,90
01/13/2008,EGE,CO,ANM,WE,Federal Contract Tower,28,29,44,0,101,0,0,9,2,11,28,29,53,2,112,10,0,10,122
01/14/2008,EGE,CO,ANM,WE,Federal Contract Tower,20,19,10,0,49,0,0,14,0,14,20,19,24,0,63,8,0,8,71
01/15/2008,EGE,CO,ANM,WE,Federal Contract Tower,22,23,23,0,68,0,0,10,23,33,22,23,33,23,101,2,12,14,115
01/16/2008,EGE,CO,ANM,WE,Federal Contract Tower,22,24,27,0,73,0,0,0,23,23,22,24,27,23,96,0,12,12,108
01/17/2008,EGE,CO,ANM,WE,Federal Contract Tower,22,41,59,0,122,0,0,6,14,20,22,41,65,14,142,30,6,36,178
01/18/2008,EGE,CO,ANM,WE,Federal Contract Tower,23,40,69,0,132,0,0,1,4,5,23,40,70,4,137,14,4,18,155
01/19/2008,EGE,CO,ANM,WE,Federal Contract Tower,36,24,30,0,90,0,0,7,0,7,36,24,37,0,97,4,0,4,101
01/20/2008,EGE,CO,ANM,WE,Federal Contract Tower,28,31,37,0,96,0,0,13,0,13,28,31,50,0,109,0,0,0,109
01/21/2008,EGE,CO,ANM,WE,Federal Contract Tower,22,45,71,0,138,0,0,0,0,0,22,45,71,0,138,0,0,0,138
01/22/2008,EGE,CO,ANM,WE,Federal Contract Tower,21,40,50,0,111,0,0,5,2,7,21,40,55,2,118,14,0,14,132
01/23/2008,EGE,CO,ANM,WE,Federal Contract Tower,19,26,42,0,87,0,0,7,5,12,19,26,49,5,99,12,6,18,117
01/24/2008,EGE,CO,ANM,WE,Federal Contract Tower,23,27,35,0,85,0,0,12,2,14,23,27,47,2,99,26,4,30,129
01/25/2008,EGE,CO,ANM,WE,Federal Contract Tower,20,23,49,0,92,0,0,2,0,2,20,23,51,0,94,2,0,2,96
01/26/2008,EGE,CO,ANM,WE,Federal Contract Tower,37,38,25,0,100,0,0,12,2,14,37,38,37,2,114,22,0,22,136
01/27/2008,EGE,CO,ANM,WE,Federal Contract Tower,28,31,52,0,111,0,0,4,0,4,28,31,56,0,115,0,0,0,115
01/28/2008,EGE,CO,ANM,WE,Federal Contract Tower,20,13,19,0,52,0,0,0,0,0,20,13,19,0,52,0,0,0,52
01/29/2008,EGE,CO,ANM,WE,Federal Contract Tower,26,24,38,0,88,0,0,2,23,25,26,24,40,23,113,0,14,14,127
01/30/2008,EGE,CO,ANM,WE,Federal Contract Tower,24,25,40,0,89,0,0,0,3,3,24,25,40,3,92,0,2,2,94
01/31/2008,EGE,CO,ANM,WE,Federal Contract Tower,29,30,52,0,111,0,0,11,24,35,29,30,63,24,146,34,10,44,190
02/01/2008,EGE,CO,ANM,WE,Federal Contract Tower,20,22,34,0,76,0,0,2,7,9,20,22,36,7,85,4,6,10,95
02/02/2008,EGE,CO,ANM,WE,Federal Contract Tower,37,32,37,0,106,0,0,0,0,0,37,32,37,0,106,8,0,8,114
02/03/2008,EGE,CO,ANM,WE,Federal Contract Tower,19,20,38,0,77,0,0,0,1,1,19,20,38,1,78,0,0,0,78
02/04/2008,EGE,CO,ANM,WE,Federal Contract Tower,17,9,47,0,73,0,0,0,0,0,17,9,47,0,73,0,0,0,73
02/05/2008,EGE,CO,ANM,WE,Federal Contract Tower,24,44,56,0,124,0,0,6,10,16,24,44,62,10,140,16,14,30,170
02/06/2008,EGE,CO,ANM,WE,Federal Contract Tower,24,29,59,0,112,0,0,0,5,5,24,29,59,5,117,0,6,6,123
02/07/2008,EGE,CO,ANM,WE,Federal Contract Tower,24,28,83,0,135,0,0,3,15,18,24,28,86,15,153,12,4,16,169
02/08/2008,EGE,CO,ANM,WE,Federal Contract Tower,22,43,65,0,130,0,0,4,5,9,22,43,69,5,139,28,0,28,167
02/09/2008,EGE,CO,ANM,WE,Federal Contract Tower,37,36,42,0,115,1,0,12,0,13,38,36,54,0,128,24,0,24,152
02/10/2008,EGE,CO,ANM,WE,Federal Contract Tower,27,51,80,0,158,0,0,19,3,22,27,51,99,3,180,2,0,2,182
02/11/2008,EGE,CO,ANM,WE,Federal Contract Tower,23,26,42,0,91,0,0,6,0,6,23,26,48,0,97,4,0,4,101
02/12/2008,EGE,CO,ANM,WE,Federal Contract Tower,25,30,29,4,88,0,0,3,25,28,25,30,32,29,116,28,18,46,162
02/13/2008,EGE,CO,ANM,WE,Federal Contract Tower,19,38,59,0,116,0,0,16,17,33,19,38,75,17,149,26,14,40,189
02/14/2008,EGE,CO,ANM,WE,Federal Contract Tower,22,44,88,1,155,0,0,2,18,20,22,44,90,19,175,2,8,10,185
02/15/2008,EGE,CO,ANM,WE,Federal Contract Tower,23,50,132,2,207,0,0,7,8,15,23,50,139,10,222,2,2,4,226
02/16/2008,EGE,CO,ANM,WE,Federal Contract Tower,37,45,58,0,140,0,0,16,2,18,37,45,74,2,158,0,0,0,158
02/17/2008,EGE,CO,ANM,WE,Federal Contract Tower,28,41,56,0,125,0,0,4,0,4,28,41,60,0,129,18,0,18,147
02/18/2008,EGE,CO,ANM,WE,Federal Contract Tower,23,72,117,0,212,0,0,22,0,22,23,72,139,0,234,6,0,6,240
02/19/2008,EGE,CO,ANM,WE,Federal Contract Tower,24,63,85,0,172,0,0,9,3,12,24,63,94,3,184,2,0,2,186
02/20/2008,EGE,CO,ANM,WE,Federal Contract Tower,26,53,69,0,148,0,0,8,12,20,26,53,77,12,168,20,20,40,208
02/21/2008,EGE,CO,ANM,WE,Federal Contract Tower,22,34,58,0,114,0,0,9,13,22,22,34,67,13,136,68,8,76,212
02/22/2008,EGE,CO,ANM,WE,Federal Contract Tower,23,33,61,0,117,0,0,1,2,3,23,33,62,2,120,20,0,20,140
02/23/2008,EGE,CO,ANM,WE,Federal Contract Tower,38,40,77,4,159,0,0,2,0,2,38,40,79,4,161,0,0,0,161
02/24/2008,EGE,CO,ANM,WE,Federal Contract Tower,29,36,81,0,146,0,0,4,0,4,29,36,85,0,150,0,0,0,150
02/25/2008,EGE,CO,ANM,WE,Federal Contract Tower,22,33,37,0,92,0,0,5,1,6,22,33,42,1,98,26,0,26,124
02/26/2008,EGE,CO,ANM,WE,Federal Contract Tower,23,30,27,0,80,0,0,17,17,34,23,30,44,17,114,18,16,34,148
02/27/2008,EGE,CO,ANM,WE,Federal Contract Tower,23,41,62,0,126,0,0,14,13,27,23,41,76,13,153,12,0,12,165
02/28/2008,EGE,CO,ANM,WE,Federal Contract Tower,28,61,70,0,159,0,0,9,12,21,28,61,79,12,180,18,4,22,202
02/29/2008,EGE,CO,ANM,WE,Federal Contract Tower,28,42,59,0,129,0,0,19,11,30,28,42,78,11,159,24,2,26,185
03/01/2008,EGE,CO,ANM,WE,Federal Contract Tower,38,51,56,0,145,0,0,32,2,34,38,51,88,2,179,8,0,8,187
03/02/2008,EGE,CO,ANM,WE,Federal Contract Tower,26,28,77,0,131,0,0,0,0,0,26,28,77,0,131,2,0,2,133
03/03/2008,EGE,CO,ANM,WE,Federal Contract Tower,24,37,47,0,108,0,0,21,2,23,24,37,68,2,131,8,0,8,139
03/04/2008,EGE,CO,ANM,WE,Federal Contract Tower,23,23,34,0,80,0,0,6,16,22,23,23,40,16,102,14,22,36,138
03/05/2008,EGE,CO,ANM,WE,Federal Contract Tower,20,42,43,0,105,1,0,4,31,36,21,42,47,31,141,0,8,8,149
03/06/2008,EGE,CO,ANM,WE,Federal Contract Tower,20,54,57,0,131,0,0,5,12,17,20,54,62,12,148,0,2,2,150
03/07/2008,EGE,CO,ANM,WE,Federal Contract Tower,23,35,71,0,129,0,0,21,18,39,23,35,92,18,168,18,0,18,186
03/08/2008,EGE,CO,ANM,WE,Federal Contract Tower,35,53,55,0,143,0,0,6,0,6,35,53,61,0,149,6,0,6,155
03/09/2008,EGE,CO,ANM,WE,Federal Contract Tower,29,64,84,0,177,0,0,12,0,12,29,64,96,0,189,10,0,10,199
03/10/2008,EGE,CO,ANM,WE,Federal Contract Tower,25,39,59,0,123,0,0,12,2,14,25,39,71,2,137,26,0,26,163
03/11/2008,EGE,CO,ANM,WE,Federal Contract Tower,21,35,34,0,90,0,0,19,16,35,21,35,53,16,125,14,22,36,161
03/12/2008,EGE,CO,ANM,WE,Federal Contract Tower,19,49,52,0,120,0,0,8,27,35,19,49,60,27,155,20,8,28,183
03/13/2008,EGE,CO,ANM,WE,Federal Contract Tower,22,25,60,4,111,0,0,4,22,26,22,25,64,26,137,10,4,14,151
03/14/2008,EGE,CO,ANM,WE,Federal Contract Tower,23,57,118,0,198,0,0,0,6,6,23,57,118,6,204,2,0,2,206
03/15/2008,EGE,CO,ANM,WE,Federal Contract Tower,40,85,161,0,286,0,0,15,6,21,40,85,176,6,307,10,0,10,317
03/16/2008,EGE,CO,ANM,WE,Federal Contract Tower,28,62,90,0,180,0,0,12,0,12,28,62,102,0,192,10,0,10,202
03/17/2008,EGE,CO,ANM,WE,Federal Contract Tower,23,45,54,0,122,0,0,9,0,9,23,45,63,0,131,70,0,70,201
03/18/2008,EGE,CO,ANM,WE,Federal Contract Tower,20,50,36,0,106,0,0,9,34,43,20,50,45,34,149,0,12,12,161
03/19/2008,EGE,CO,ANM,WE,Federal Contract Tower,21,60,53,0,134,0,0,13,34,47,21,60,66,34,181,0,8,8,189
03/20/2008,EGE,CO,ANM,WE,Federal Contract Tower,24,56,76,0,156,0,0,9,52,61,24,56,85,52,217,0,10,10,227
03/21/2008,EGE,CO,ANM,WE,Federal Contract Tower,21,55,91,0,167,0,0,8,11,19,21,55,99,11,186,4,4,8,194
03/22/2008,EGE,CO,ANM,WE,Federal Contract Tower,44,109,101,0,254,0,0,26,0,26,44,109,127,0,280,0,0,0,280
03/23/2008,EGE,CO,ANM,WE,Federal Contract Tower,30,61,88,0,179,0,0,12,0,12,30,61,100,0,191,0,0,0,191
03/24/2008,EGE,CO,ANM,WE,Federal Contract Tower,20,55,62,1,138,0,0,19,0,19,20,55,81,1,157,8,0,8,165
03/25/2008,EGE,CO,ANM,WE,Federal Contract Tower,22,42,44,1,109,0,0,9,36,45,22,42,53,37,154,0,30,30,184
03/26/2008,EGE,CO,ANM,WE,Federal Contract Tower,20,33,46,0,99,0,0,6,28,34,20,33,52,28,133,4,0,4,137
03/27/2008,EGE,CO,ANM,WE,Federal Contract Tower,24,38,45,0,107,0,0,3,28,31,24,38,48,28,138,0,8,8,146
03/28/2008,EGE,CO,ANM,WE,Federal Contract Tower,23,40,52,0,115,30,0,21,11,62,53,40,73,11,177,6,6,12,189
03/29/2008,EGE,CO,ANM,WE,Federal Contract Tower,39,73,65,0,177,0,0,2,0,2,39,73,67,0,179,22,0,22,201
03/30/2008,EGE,CO,ANM,WE,Federal Contract Tower,26,33,97,0,156,0,0,3,0,3,26,33,100,0,159,0,0,0,159
03/31/2008,EGE,CO,ANM,WE,Federal Contract Tower,13,21,20,0,54,0,0,1,0,1,13,21,21,0,55,0,0,0,55
04/01/2008,EGE,CO,ANM,WE,Federal Contract Tower,20,36,31,0,87,0,0,6,22,28,20,36,37,22,115,38,44,82,197
04/02/2008,EGE,CO,ANM,WE,Federal Contract Tower,19,24,19,0,62,0,0,7,27,34,19,24,26,27,96,40,10,50,146
04/03/2008,EGE,CO,ANM,WE,Federal Contract Tower,14,30,23,0,67,0,0,9,28,37,14,30,32,28,104,24,32,56,160
04/04/2008,EGE,CO,ANM,WE,Federal Contract Tower,16,38,27,1,82,0,0,16,24,40,16,38,43,25,122,40,6,46,168
04/05/2008,EGE,CO,ANM,WE,Federal Contract Tower,29,22,30,1,82,0,0,11,20,31,29,22,41,21,113,20,6,26,139
04/06/2008,EGE,CO,ANM,WE,Federal Contract Tower,17,30,41,0,88,0,0,15,0,15,17,30,56,0,103,12,0,12,115
04/07/2008,EGE,CO,ANM,WE,Federal Contract Tower,0,11,8,0,19,0,0,0,0,0,0,11,8,0,19,0,0,0,19
04/08/2008,EGE,CO,ANM,WE,Federal Contract Tower,0,15,1,1,17,0,0,6,22,28,0,15,7,23,45,56,6,62,107
04/09/2008,EGE,CO,ANM,WE,Federal Contract Tower,0,7,16,0,23,0,2,0,2,4,0,9,16,2,27,0,0,0,27
04/10/2008,EGE,CO,ANM,WE,Federal Contract Tower,0,11,18,0,29,0,0,1,24,25,0,11,19,24,54,14,0,14,68
04/11/2008,EGE,CO,ANM,WE,Federal Contract Tower,0,17,20,0,37,0,0,1,24,25,0,17,21,24,62,0,0,0,62
04/12/2008,EGE,CO,ANM,WE,Federal Contract Tower,0,10,10,1,21,0,1,12,4,17,0,11,22,5,38,14,0,14,52
04/13/2008,EGE,CO,ANM,WE,Federal Contract Tower,0,31,41,0,72,0,0,24,0,24,0,31,65,0,96,26,0,26,122
04/14/2008,EGE,CO,ANM,WE,Federal Contract Tower,0,15,9,0,24,0,0,23,2,25,0,15,32,2,49,14,0,14,63
04/15/2008,EGE,CO,ANM,WE,Federal Contract Tower,0,14,4,0,18,0,0,0,0,0,0,14,4,0,18,0,4,4,22
04/16/2008,EGE,CO,ANM,WE,Federal Contract Tower,0,8,7,0,15,0,0,9,3,12,0,8,16,3,27,72,0,72,99
04/17/2008,EGE,CO,ANM,WE,Federal Contract Tower,0,7,7,0,14,0,0,25,0,25,0,7,32,0,39,126,0,126,165
04/18/2008,EGE,CO,ANM,WE,Federal Contract Tower,0,13,12,0,25,0,0,26,0,26,0,13,38,0,51,4,0,4,55
04/19/2008,EGE,CO,ANM,WE,Federal Contract Tower,0,9,3,0,12,0,0,12,0,12,0,9,15,0,24,32,0,32,56
04/20/2008,EGE,CO,ANM,WE,Federal Contract Tower,0,11,4,0,15,0,0,2,0,2,0,11,6,0,17,0,0,0,17
04/21/2008,EGE,CO,ANM,WE,Federal Contract Tower,0,8,7,2,17,0,0,7,4,11,0,8,14,6,28,16,0,16,44
04/22/2008,EGE,CO,ANM,WE,Federal Contract Tower,0,9,9,0,18,0,0,4,36,40,0,9,13,36,58,16,50,66,124
04/23/2008,EGE,CO,ANM,WE,Federal Contract Tower,0,10,8,0,18,0,0,15,36,51,0,10,23,36,69,0,0,0,69
04/24/2008,EGE,CO,ANM,WE,Federal Contract Tower,0,8,5,0,13,0,0,11,24,35,0,8,16,24,48,50,2,52,100
04/25/2008,EGE,CO,ANM,WE,Federal Contract Tower,0,9,9,0,18,0,0,16,21,37,0,9,25,21,55,26,8,34,89
04/26/2008,EGE,CO,ANM,WE,Federal Contract Tower,0,7,3,0,10,0,0,9,2,11,0,7,12,2,21,12,0,12,33
04/27/2008,EGE,CO,ANM,WE,Federal Contract Tower,0,10,12,0,22,0,0,15,6,21,0,10,27,6,43,4,0,4,47
04/28/2008,EGE,CO,ANM,WE,Federal Contract Tower,0,19,8,0,27,0,0,18,0,18,0,19,26,0,45,44,0,44,89
04/29/2008,EGE,CO,ANM,WE,Federal Contract Tower,0,12,8,0,20,0,0,10,29,39,0,12,18,29,59,26,18,44,103
04/30/2008,EGE,CO,ANM,WE,Federal Contract Tower,0,11,6,2,19,0,0,11,41,52,0,11,17,43,71,14,0,14,85
05/01/2008,EGE,CO,ANM,WE,Federal Contract Tower,0,8,7,0,15,0,0,0,50,50,0,8,7,50,65,14,2,16,81
05/02/2008,EGE,CO,ANM,WE,Federal Contract Tower,0,15,9,0,24,0,0,8,17,25,0,15,17,17,49,16,10,26,75
05/03/2008,EGE,CO,ANM,WE,Federal Contract Tower,0,13,8,1,22,0,0,23,6,29,0,13,31,7,51,28,2,30,81
05/04/2008,EGE,CO,ANM,WE,Federal Contract Tower,0,9,9,0,18,0,0,17,2,19,0,9,26,2,37,46,0,46,83
05/05/2008,EGE,CO,ANM,WE,Federal Contract Tower,0,13,10,0,23,0,4,23,4,31,0,17,33,4,54,18,4,22,76
05/06/2008,EGE,CO,ANM,WE,Federal Contract Tower,0,8,6,2,16,0,0,19,41,60,0,8,25,43,76,30,46,76,152
05/07/2008,EGE,CO,ANM,WE,Federal Contract Tower,0,10,9,0,19,0,0,8,35,43,0,10,17,35,62,58,30,88,150
05/08/2008,EGE,CO,ANM,WE,Federal Contract Tower,0,13,13,0,26,0,0,5,22,27,0,13,18,22,53,4,20,24,77
05/09/2008,EGE,CO,ANM,WE,Federal Contract Tower,0,15,11,1,27,0,0,10,32,42,0,15,21,33,69,36,10,46,115
05/10/2008,EGE,CO,ANM,WE,Federal Contract Tower,0,9,2,0,11,0,3,2,4,9,0,12,4,4,20,0,0,0,20
05/11/2008,EGE,CO,ANM,WE,Federal Contract Tower,0,12,12,0,24,0,0,12,0,12,0,12,24,0,36,14,0,14,50
05/12/2008,EGE,CO,ANM,WE,Federal Contract Tower,0,13,6,0,19,0,0,10,2,12,0,13,16,2,31,8,0,8,39
05/13/2008,EGE,CO,ANM,WE,Federal Contract Tower,0,13,8,0,21,0,0,2,0,2,0,13,10,0,23,10,0,10,33
05/14/2008,EGE,CO,ANM,WE,Federal Contract Tower,0,8,19,0,27,0,0,15,39,54,0,8,34,39,81,22,20,42,123
05/15/2008,EGE,CO,ANM,WE,Federal Contract Tower,0,9,14,0,23,0,1,9,66,76,0,10,23,66,99,26,6,32,131
05/16/2008,EGE,CO,ANM,WE,Federal Contract Tower,0,9,9,0,18,0,0,15,36,51,0,9,24,36,69,28,4,32,101
05/17/2008,EGE,CO,ANM,WE,Federal Contract Tower,0,12,4,0,16,0,0,30,7,37,0,12,34,7,53,2,0,2,55
05/18/2008,EGE,CO,ANM,WE,Federal Contract Tower,0,8,14,0,22,0,0,13,0,13,0,8,27,0,35,4,0,4,39
05/19/2008,EGE,CO,ANM,WE,Federal Contract Tower,0,7,16,0,23,0,0,14,0,14,0,7,30,0,37,0,0,0,37
05/20/2008,EGE,CO,ANM,WE,Federal Contract Tower,0,12,25,0,37,0,0,10,23,33,0,12,35,23,70,22,31,53,123
05/21/2008,EGE,CO,ANM,WE,Federal Contract Tower,0,10,18,0,28,0,0,4,36,40,0,10,22,36,68,24,26,50,118
05/22/2008,EGE,CO,ANM,WE,Federal Contract Tower,0,12,19,0,31,0,0,8,34,42,0,12,27,34,73,28,8,36,109
05/23/2008,EGE,CO,ANM,WE,Federal Contract Tower,0,17,15,0,32,0,2,22,14,38,0,19,37,14,70,52,10,62,132
05/24/2008,EGE,CO,ANM,WE,Federal Contract Tower,0,11,12,0,23,0,1,21,3,25,0,12,33,3,48,6,4,10,58
05/25/2008,EGE,CO,ANM,WE,Federal Contract Tower,0,12,9,0,21,0,0,17,2,19,0,12,26,2,40,0,0,0,40
05/26/2008,EGE,CO,ANM,WE,Federal Contract Tower,0,20,19,0,39,0,0,14,1,15,0,20,33,1,54,0,0,0,54
05/27/2008,EGE,CO,ANM,WE,Federal Contract Tower,0,10,5,0,15,0,0,23,0,23,0,10,28,0,38,18,0,18,56
05/28/2008,EGE,CO,ANM,WE,Federal Contract Tower,0,18,10,2,30,0,0,9,0,9,0,18,19,2,39,42,0,42,81
05/29/2008,EGE,CO,ANM,WE,Federal Contract Tower,0,17,27,0,44,0,0,4,2,6,0,17,31,2,50,30,0,30,80
05/30/2008,EGE,CO,ANM,WE,Federal Contract Tower,0,9,4,2,15,0,0,19,0,19,0,9,23,2,34,34,0,34,68
05/31/2008,EGE,CO,ANM,WE,Federal Contract Tower,0,11,9,0,20,0,1,24,3,28,0,12,33,3,48,6,4,10,58
06/01/2008,EGE,CO,ANM,WE,Federal Contract Tower,0,13,14,0,27,0,0,24,1,25,0,13,38,1,52,2,0,2,54
06/02/2008,EGE,CO,ANM,WE,Federal Contract Tower,0,17,16,0,33,0,0,16,0,16,0,17,32,0,49,20,0,20,69
06/03/2008,EGE,CO,ANM,WE,Federal Contract Tower,0,10,20,0,30,0,0,15,20,35,0,10,35,20,65,24,12,36,101
06/04/2008,EGE,CO,ANM,WE,Federal Contract Tower,0,17,10,0,27,0,0,10,32,42,0,17,20,32,69,24,32,56,125
06/05/2008,EGE,CO,ANM,WE,Federal Contract Tower,2,11,20,0,33,0,0,4,26,30,2,11,24,26,63,46,22,68,131
06/06/2008,EGE,CO,ANM,WE,Federal Contract Tower,3,15,14,1,33,0,0,17,16,33,3,15,31,17,66,44,10,54,120
06/07/2008,EGE,CO,ANM,WE,Federal Contract Tower,3,9,9,0,21,0,0,26,4,30,3,9,35,4,51,22,0,22,73
06/08/2008,EGE,CO,ANM,WE,Federal Contract Tower,3,9,19,0,31,0,0,11,3,14,3,9,30,3,45,12,4,16,61
06/09/2008,EGE,CO,ANM,WE,Federal Contract Tower,3,18,17,0,38,0,0,13,1,14,3,18,30,1,52,51,0,51,103
06/10/2008,EGE,CO,ANM,WE,Federal Contract Tower,3,17,15,0,35,0,2,12,21,35,3,19,27,21,70,34,12,46,116
06/11/2008,EGE,CO,ANM,WE,Federal Contract Tower,3,14,22,0,39,0,4,10,17,31,3,18,32,17,70,0,0,0,70
06/12/2008,EGE,CO,ANM,WE,Federal Contract Tower,4,18,18,0,40,0,0,34,10,44,4,18,52,10,84,42,0,42,126
06/13/2008,EGE,CO,ANM,WE,Federal Contract Tower,5,16,31,0,52,0,1,63,19,83,5,17,94,19,135,28,16,44,179
06/14/2008,EGE,CO,ANM,WE,Federal Contract Tower,5,13,12,0,30,0,2,40,0,42,5,15,52,0,72,12,0,12,84
06/15/2008,EGE,CO,ANM,WE,Federal Contract Tower,4,23,25,0,52,0,0,26,1,27,4,23,51,1,79,4,0,4,83
06/16/2008,EGE,CO,ANM,WE,Federal Contract Tower,3,20,23,0,46,0,0,20,0,20,3,20,43,0,66,16,0,16,82
06/17/2008,EGE,CO,ANM,WE,Federal Contract Tower,4,18,20,0,42,0,0,17,30,47,4,18,37,30,89,57,54,111,200
06/18/2008,EGE,CO,ANM,WE,Federal Contract Tower,4,24,26,5,59,0,0,25,33,58,4,24,51,38,117,32,4,36,153
06/19/2008,EGE,CO,ANM,WE,Federal Contract Tower,6,24,31,2,63,0,0,23,38,61,6,24,54,40,124,25,7,32,156
06/20/2008,EGE,CO,ANM,WE,Federal Contract Tower,5,27,29,0,61,0,0,28,29,57,5,27,57,29,118,14,22,36,154
06/21/2008,EGE,CO,ANM,WE,Federal Contract Tower,5,17,18,0,40,0,0,19,6,25,5,17,37,6,65,36,0,36,101
06/22/2008,EGE,CO,ANM,WE,Federal Contract Tower,5,23,45,4,77,0,2,30,2,34,5,25,75,6,111,6,20,26,137
06/23/2008,EGE,CO,ANM,WE,Federal Contract Tower,4,24,35,0,63,0,0,15,2,17,4,24,50,2,80,70,6,76,156
06/24/2008,EGE,CO,ANM,WE,Federal Contract Tower,5,20,18,0,43,0,0,23,34,57,5,20,41,34,100,40,22,62,162
06/25/2008,EGE,CO,ANM,WE,Federal Contract Tower,5,16,26,0,47,0,0,24,30,54,5,16,50,30,101,45,14,59,160
06/26/2008,EGE,CO,ANM,WE,Federal Contract Tower,5,36,22,0,63,0,0,49,24,73,5,36,71,24,136,48,10,58,194
06/27/2008,EGE,CO,ANM,WE,Federal Contract Tower,5,24,50,0,79,0,0,44,16,60,5,24,94,16,139,62,0,62,201
06/28/2008,EGE,CO,ANM,WE,Federal Contract Tower,4,24,23,0,51,0,1,26,2,29,4,25,49,2,80,0,0,0,80
06/29/2008,EGE,CO,ANM,WE,Federal Contract Tower,4,37,26,0,67,0,0,26,0,26,4,37,52,0,93,8,0,8,101
06/30/2008,EGE,CO,ANM,WE,Federal Contract Tower,5,26,27,0,58,0,0,31,0,31,5,26,58,0,89,26,0,26,115
07/01/2008,EGE,CO,ANM,WE,Federal Contract Tower,5,24,48,0,77,0,0,70,0,70,5,24,118,0,147,70,0,70,217
07/02/2008,EGE,CO,ANM,WE,Federal Contract Tower,5,33,42,0,80,0,0,40,1,41,5,33,82,1,121,38,6,44,165
07/03/2008,EGE,CO,ANM,WE,Federal Contract Tower,5,45,58,0,108,0,0,14,3,17,5,45,72,3,125,0,10,10,135
07/04/2008,EGE,CO,ANM,WE,Federal Contract Tower,5,13,8,0,26,0,0,19,0,19,5,13,27,0,45,6,0,6,51
07/05/2008,EGE,CO,ANM,WE,Federal Contract Tower,5,30,34,0,69,0,0,16,1,17,5,30,50,1,86,18,0,18,104
07/06/2008,EGE,CO,ANM,WE,Federal Contract Tower,5,53,63,0,121,0,1,16,6,23,5,54,79,6,144,4,0,4,148
07/07/2008,EGE,CO,ANM,WE,Federal Contract Tower,5,34,46,0,85,0,0,9,0,9,5,34,55,0,94,10,4,14,108
07/08/2008,EGE,CO,ANM,WE,Federal Contract Tower,4,19,36,1,60,0,0,12,1,13,4,19,48,2,73,28,34,62,135
07/09/2008,EGE,CO,ANM,WE,Federal Contract Tower,6,30,32,0,68,0,0,25,37,62,6,30,57,37,130,42,48,90,220
07/10/2008,EGE,CO,ANM,WE,Federal Contract Tower,5,29,32,0,66,0,0,31,35,66,5,29,63,35,132,56,16,72,204
07/11/2008,EGE,CO,ANM,WE,Federal Contract Tower,5,17,42,1,65,0,0,15,26,41,5,17,57,27,106,0,6,6,112
07/12/2008,EGE,CO,ANM,WE,Federal Contract Tower,4,20,26,0,50,0,2,19,4,25,4,22,45,4,75,32,0,32,107
07/13/2008,EGE,CO,ANM,WE,Federal Contract Tower,11,31,66,0,108,0,0,16,1,17,11,31,82,1,125,18,0,18,143
07/14/2008,EGE,CO,ANM,WE,Federal Contract Tower,6,30,25,0,61,0,2,8,0,10,6,32,33,0,71,8,16,24,95
07/15/2008,EGE,CO,ANM,WE,Federal Contract Tower,4,21,43,25,93,0,0,16,25,41,4,21,59,50,134,24,48,72,206
07/16/2008,EGE,CO,ANM,WE,Federal Contract Tower,6,28,35,0,69,0,0,17,22,39,6,28,52,22,108,38,6,44,152
07/17/2008,EGE,CO,ANM,WE,Federal Contract Tower,5,23,40,0,68,0,0,25,35,60,5,23,65,35,128,16,42,58,186
07/18/2008,EGE,CO,ANM,WE,Federal Contract Tower,9,30,37,0,76,1,0,10,23,34,10,30,47,23,110,0,18,18,128
07/19/2008,EGE,CO,ANM,WE,Federal Contract Tower,5,37,29,1,72,0,0,24,2,26,5,37,53,3,98,4,0,4,102
07/20/2008,EGE,CO,ANM,WE,Federal Contract Tower,5,40,42,0,87,0,0,5,1,6,5,40,47,1,93,0,0,0,93
07/21/2008,EGE,CO,ANM,WE,Federal Contract Tower,5,20,31,0,56,0,0,0,0,0,5,20,31,0,56,0,0,0,56
07/22/2008,EGE,CO,ANM,WE,Federal Contract Tower,4,24,28,8,64,0,0,18,34,52,4,24,46,42,116,40,50,90,206
07/23/2008,EGE,CO,ANM,WE,Federal Contract Tower,5,25,25,2,57,0,0,14,39,53,5,25,39,41,110,28,20,48,158
07/24/2008,EGE,CO,ANM,WE,Federal Contract Tower,3,28,38,0,69,0,0,32,23,55,3,28,70,23,124,42,14,56,180
07/25/2008,EGE,CO,ANM,WE,Federal Contract Tower,6,37,37,0,80,0,0,18,16,34,6,37,55,16,114,26,8,34,148
07/26/2008,EGE,CO,ANM,WE,Federal Contract Tower,5,32,41,0,78,0,1,8,2,11,5,33,49,2,89,0,0,0,89
07/27/2008,EGE,CO,ANM,WE,Federal Contract Tower,5,37,44,0,86,0,2,15,1,18,5,39,59,1,104,10,2,12,116
07/28/2008,EGE,CO,ANM,WE,Federal Contract Tower,5,36,26,0,67,0,0,22,0,22,5,36,48,0,89,22,0,22,111
07/29/2008,EGE,CO,ANM,WE,Federal Contract Tower,5,20,11,0,36,0,0,30,27,57,5,20,41,27,93,6,24,30,123
07/30/2008,EGE,CO,ANM,WE,Federal Contract Tower,2,26,41,2,71,1,5,20,19,45,3,31,61,21,116,18,4,22,138
07/31/2008,EGE,CO,ANM,WE,Federal Contract Tower,4,36,44,0,84,0,2,32,32,66,4,38,76,32,150,61,6,67,217
08/01/2008,EGE,CO,ANM,WE,Federal Contract Tower,6,32,32,0,70,0,0,19,20,39,6,32,51,20,109,2,10,12,121
08/02/2008,EGE,CO,ANM,WE,Federal Contract Tower,5,30,30,1,66,0,0,30,2,32,5,30,60,3,98,10,0,10,108
08/03/2008,EGE,CO,ANM,WE,Federal Contract Tower,5,58,44,0,107,0,1,17,0,18,5,59,61,0,125,2,0,2,127
08/04/2008,EGE,CO,ANM,WE,Federal Contract Tower,5,28,23,0,56,0,0,0,0,0,5,28,23,0,56,24,0,24,80
08/05/2008,EGE,CO,ANM,WE,Federal Contract Tower,5,43,32,0,80,0,6,12,17,35,5,49,44,17,115,0,26,26,141
08/06/2008,EGE,CO,ANM,WE,Federal Contract Tower,5,28,44,0,77,0,0,15,28,43,5,28,59,28,120,24,2,26,146
08/07/2008,EGE,CO,ANM,WE,Federal Contract Tower,1,36,57,2,96,0,0,8,29,37,1,36,65,31,133,0,0,0,133
08/08/2008,EGE,CO,ANM,WE,Federal Contract Tower,5,43,38,0,86,0,0,9,6,15,5,43,47,6,101,20,14,34,135
08/09/2008,EGE,CO,ANM,WE,Federal Contract Tower,5,26,29,1,61,0,4,19,0,23,5,30,48,1,84,0,2,2,86
08/10/2008,EGE,CO,ANM,WE,Federal Contract Tower,4,45,67,2,118,0,0,13,2,15,4,45,80,4,133,0,0,0,133
08/11/2008,EGE,CO,ANM,WE,Federal Contract Tower,5,25,43,4,77,0,0,18,0,18,5,25,61,4,95,4,12,16,111
08/12/2008,EGE,CO,ANM,WE,Federal Contract Tower,5,33,28,0,66,0,0,15,38,53,5,33,43,38,119,14,20,34,153
08/13/2008,EGE,CO,ANM,WE,Federal Contract Tower,0,4,28,17,49,0,0,24,34,58,0,4,52,51,107,0,10,10,117
08/14/2008,EGE,CO,ANM,WE,Federal Contract Tower,4,33,39,0,76,0,0,13,26,39,4,33,52,26,115,0,4,4,119
08/15/2008,EGE,CO,ANM,WE,Federal Contract Tower,8,30,22,2,62,0,0,5,0,5,8,30,27,2,67,0,0,0,67
08/16/2008,EGE,CO,ANM,WE,Federal Contract Tower,5,24,35,0,64,0,0,0,0,0,5,24,35,0,64,2,0,2,66
08/17/2008,EGE,CO,ANM,WE,Federal Contract Tower,5,33,51,0,89,0,0,18,3,21,5,33,69,3,110,60,0,60,170
08/18/2008,EGE,CO,ANM,WE,Federal Contract Tower,5,26,35,1,67,0,0,25,0,25,5,26,60,1,92,28,0,28,120
08/19/2008,EGE,CO,ANM,WE,Federal Contract Tower,3,18,22,2,45,0,0,25,26,51,3,18,47,28,96,76,24,100,196
08/20/2008,EGE,CO,ANM,WE,Federal Contract Tower,3,22,38,0,63,0,3,13,29,45,3,25,51,29,108,24,6,30,138
08/21/2008,EGE,CO,ANM,WE,Federal Contract Tower,4,20,40,0,64,0,0,24,28,52,4,20,64,28,116,22,4,26,142
08/22/2008,EGE,CO,ANM,WE,Federal Contract Tower,4,18,28,1,51,0,0,25,38,63,4,18,53,39,114,2,18,20,134
08/23/2008,EGE,CO,ANM,WE,Federal Contract Tower,3,20,23,0,46,0,0,21,5,26,3,20,44,5,72,24,8,32,104
08/24/2008,EGE,CO,ANM,WE,Federal Contract Tower,4,22,45,0,71,0,0,16,0,16,4,22,61,0,87,14,0,14,101
08/25/2008,EGE,CO,ANM,WE,Federal Contract Tower,4,20,24,0,48,0,0,26,0,26,4,20,50,0,74,38,0,38,112
08/26/2008,EGE,CO,ANM,WE,Federal Contract Tower,4,11,29,0,44,0,0,27,38,65,4,11,56,38,109,10,32,42,151
08/27/2008,EGE,CO,ANM,WE,Federal Contract Tower,4,20,32,2,58,0,0,20,32,52,4,20,52,34,110,8,24,32,142
08/28/2008,EGE,CO,ANM,WE,Federal Contract Tower,4,21,58,0,83,0,4,32,44,80,4,25,90,44,163,32,2,34,197
08/29/2008,EGE,CO,ANM,WE,Federal Contract Tower,4,27,48,0,79,0,0,18,42,60,4,27,66,42,139,12,0,12,151
08/30/2008,EGE,CO,ANM,WE,Federal Contract Tower,4,21,19,0,44,0,0,22,1,23,4,21,41,1,67,30,0,30,97
08/31/2008,EGE,CO,ANM,WE,Federal Contract Tower,4,19,23,2,48,0,0,2,0,2,4,19,25,2,50,8,0,8,58
09/01/2008,EGE,CO,ANM,WE,Federal Contract Tower,4,43,50,0,97,0,0,7,0,7,4,43,57,0,104,0,0,0,104
09/02/2008,EGE,CO,ANM,WE,Federal Contract Tower,1,29,26,0,56,0,0,17,0,17,1,29,43,0,73,46,0,46,119
09/03/2008,EGE,CO,ANM,WE,Federal Contract Tower,2,14,21,0,37,0,0,29,18,47,2,14,50,18,84,32,2,34,118
09/04/2008,EGE,CO,ANM,WE,Federal Contract Tower,4,22,25,0,51,0,0,26,20,46,4,22,51,20,97,36,0,36,133
09/05/2008,EGE,CO,ANM,WE,Federal Contract Tower,2,16,24,2,44,0,0,19,2,21,2,16,43,4,65,2,0,2,67
09/06/2008,EGE,CO,ANM,WE,Federal Contract Tower,2,17,13,2,34,0,0,28,5,33,2,17,41,7,67,28,0,28,95
09/07/2008,EGE,CO,ANM,WE,Federal Contract Tower,2,24,37,0,63,0,1,21,3,25,2,25,58,3,88,4,0,4,92
09/08/2008,EGE,CO,ANM,WE,Federal Contract Tower,2,10,22,2,36,0,0,14,0,14,2,10,36,2,50,10,10,20,70
09/09/2008,EGE,CO,ANM,WE,Federal Contract Tower,2,8,19,0,29,0,0,15,30,45,2,8,34,30,74,36,30,66,140
09/10/2008,EGE,CO,ANM,WE,Federal Contract Tower,2,22,21,0,45,0,0,14,32,46,2,22,35,32,91,38,0,38,129
09/11/2008,EGE,CO,ANM,WE,Federal Contract Tower,2,27,22,0,51,0,0,12,47,59,2,27,34,47,110,12,0,12,122
09/12/2008,EGE,CO,ANM,WE,Federal Contract Tower,2,20,24,0,46,0,0,8,15,23,2,20,32,15,69,0,10,10,79
09/13/2008,EGE,CO,ANM,WE,Federal Contract Tower,2,16,8,0,26,0,0,35,13,48,2,16,43,13,74,86,14,100,174
09/14/2008,EGE,CO,ANM,WE,Federal Contract Tower,2,31,30,0,63,0,0,22,1,23,2,31,52,1,86,0,0,0,86
09/15/2008,EGE,CO,ANM,WE,Federal Contract Tower,2,30,33,0,65,0,0,23,0,23,2,30,56,0,88,30,0,30,118
09/16/2008,EGE,CO,ANM,WE,Federal Contract Tower,2,21,10,2,35,0,0,25,22,47,2,21,35,24,82,18,14,32,114
09/17/2008,EGE,CO,ANM,WE,Federal Contract Tower,2,22,20,2,46,0,0,30,39,69,2,22,50,41,115,44,36,80,195
09/18/2008,EGE,CO,ANM,WE,Federal Contract Tower,2,23,22,0,47,0,0,22,24,46,2,23,44,24,93,28,0,28,121
09/19/2008,EGE,CO,ANM,WE,Federal Contract Tower,2,16,18,0,36,0,0,35,12,47,2,16,53,12,83,0,0,0,83
09/20/2008,EGE,CO,ANM,WE,Federal Contract Tower,2,17,16,0,35,0,2,17,1,20,2,19,33,1,55,2,0,2,57
09/21/2008,EGE,CO,ANM,WE,Federal Contract Tower,2,17,38,0,57,0,0,8,0,8,2,17,46,0,65,0,0,0,65
09/22/2008,EGE,CO,ANM,WE,Federal Contract Tower,2,17,12,0,31,0,0,6,2,8,2,17,18,2,39,0,0,0,39
09/23/2008,EGE,CO,ANM,WE,Federal Contract Tower,2,15,16,0,33,0,0,29,24,53,2,15,45,24,86,20,36,56,142
09/24/2008,EGE,CO,ANM,WE,Federal Contract Tower,2,13,25,0,40,0,0,11,35,46,2,13,36,35,86,2,0,2,88
09/25/2008,EGE,CO,ANM,WE,Federal Contract Tower,2,19,21,0,42,0,0,29,34,63,2,19,50,34,105,62,4,66,171
09/26/2008,EGE,CO,ANM,WE,Federal Contract Tower,2,18,28,0,48,0,0,14,16,30,2,18,42,16,78,52,4,56,134
09/27/2008,EGE,CO,ANM,WE,Federal Contract Tower,2,10,12,0,24,0,0,34,0,34,2,10,46,0,58,42,0,42,100
09/28/2008,EGE,CO,ANM,WE,Federal Contract Tower,2,21,23,0,46,0,0,19,3,22,2,21,42,3,68,0,0,0,68
09/29/2008,EGE,CO,ANM,WE,Federal Contract Tower,2,10,20,0,32,0,0,22,0,22,2,10,42,0,54,56,0,56,110
09/30/2008,EGE,CO,ANM,WE,Federal Contract Tower,2,13,17,0,32,0,0,30,11,41,2,13,47,11,73,36,8,44,117
10/01/2008,EGE,CO,ANM,WE,Federal Contract Tower,2,17,15,0,34,0,0,20,19,39,2,17,35,19,73,36,6,42,115
10/02/2008,EGE,CO,ANM,WE,Federal Contract Tower,2,20,16,0,38,0,0,14,20,34,2,20,30,20,72,0,0,0,72
10/03/2008,EGE,CO,ANM,WE,Federal Contract Tower,2,21,15,0,38,0,0,18,12,30,2,21,33,12,68,8,0,8,76
10/04/2008,EGE,CO,ANM,WE,Federal Contract Tower,2,12,10,0,24,0,0,14,3,17,2,12,24,3,41,84,0,84,125
10/05/2008,EGE,CO,ANM,WE,Federal Contract Tower,2,17,9,0,28,0,0,6,0,6,2,17,15,0,34,0,0,0,34
10/06/2008,EGE,CO,ANM,WE,Federal Contract Tower,2,15,15,0,32,0,0,11,0,11,2,15,26,0,43,16,0,16,59
10/07/2008,EGE,CO,ANM,WE,Federal Contract Tower,2,12,7,2,23,0,0,23,43,66,2,12,30,45,89,20,80,100,189
10/08/2008,EGE,CO,ANM,WE,Federal Contract Tower,2,6,13,0,21,0,0,25,41,66,2,6,38,41,87,32,4,36,123
10/09/2008,EGE,CO,ANM,WE,Federal Contract Tower,2,18,6,0,26,0,0,29,37,66,2,18,35,37,92,62,8,70,162
10/10/2008,EGE,CO,ANM,WE,Federal Contract Tower,2,12,12,0,26,0,1,6,24,31,2,13,18,24,57,2,0,2,59
10/11/2008,EGE,CO,ANM,WE,Federal Contract Tower,2,9,6,0,17,0,0,3,0,3,2,9,9,0,20,0,0,0,20
10/12/2008,EGE,CO,ANM,WE,Federal Contract Tower,2,14,14,0,30,0,0,5,0,5,2,14,19,0,35,0,0,0,35
10/13/2008,EGE,CO,ANM,WE,Federal Contract Tower,2,16,13,0,31,0,0,10,0,10,2,16,23,0,41,58,0,58,99
10/14/2008,EGE,CO,ANM,WE,Federal Contract Tower,2,12,10,0,24,0,0,19,2,21,2,12,29,2,45,60,0,60,105
10/15/2008,EGE,CO,ANM,WE,Federal Contract Tower,2,6,12,0,20,0,0,25,6,31,2,6,37,6,51,44,4,48,99
10/16/2008,EGE,CO,ANM,WE,Federal Contract Tower,2,20,8,0,30,0,0,37,2,39,2,20,45,2,69,10,2,12,81
10/17/2008,EGE,CO,ANM,WE,Federal Contract Tower,2,15,11,0,28,0,0,43,3,46,2,15,54,3,74,48,8,56,130
10/18/2008,EGE,CO,ANM,WE,Federal Contract Tower,0,10,11,0,21,0,0,24,0,24,0,10,35,0,45,10,0,10,55
10/19/2008,EGE,CO,ANM,WE,Federal Contract Tower,0,13,9,0,22,0,0,13,0,13,0,13,22,0,35,2,0,2,37
10/20/2008,EGE,CO,ANM,WE,Federal Contract Tower,2,17,4,0,23,0,0,26,0,26,2,17,30,0,49,12,0,12,61
10/21/2008,EGE,CO,ANM,WE,Federal Contract Tower,2,9,5,0,16,0,0,1,0,1,2,9,6,0,17,0,0,0,17
10/22/2008,EGE,CO,ANM,WE,Federal Contract Tower,2,10,11,0,23,0,0,12,2,14,2,10,23,2,37,62,4,66,103
10/23/2008,EGE,CO,ANM,WE,Federal Contract Tower,2,15,7,0,24,0,0,17,0,17,2,15,24,0,41,14,20,34,75
10/24/2008,EGE,CO,ANM,WE,Federal Contract Tower,2,13,5,0,20,0,0,19,3,22,2,13,24,3,42,0,2,2,44
10/25/2008,EGE,CO,ANM,WE,Federal Contract Tower,2,12,9,0,23,0,0,16,6,22,2,12,25,6,45,36,16,52,97
10/26/2008,EGE,CO,ANM,WE,Federal Contract Tower,2,6,14,0,22,0,0,8,0,8,2,6,22,0,30,0,0,0,30
10/27/2008,EGE,CO,ANM,WE,Federal Contract Tower,2,14,10,0,26,0,0,18,0,18,2,14,28,0,44,14,0,14,58
10/28/2008,EGE,CO,ANM,WE,Federal Contract Tower,2,10,6,2,20,0,0,24,4,28,2,10,30,6,48,10,0,10,58
10/29/2008,EGE,CO,ANM,WE,Federal Contract Tower,2,7,3,0,12,0,0,23,0,23,2,7,26,0,35,38,0,38,73
10/30/2008,EGE,CO,ANM,WE,Federal Contract Tower,2,10,13,0,25,0,0,22,0,22,2,10,35,0,47,34,0,34,81
10/31/2008,EGE,CO,ANM,WE,Federal Contract Tower,2,8,14,0,24,0,0,16,2,18,2,8,30,2,42,4,0,4,46
11/01/2008,EGE,CO,ANM,WE,Federal Contract Tower,2,9,7,0,18,0,0,12,0,12,2,9,19,0,30,6,0,6,36
11/02/2008,EGE,CO,ANM,WE,Federal Contract Tower,2,8,8,0,18,0,0,17,0,17,2,8,25,0,35,24,0,24,59
11/03/2008,EGE,CO,ANM,WE,Federal Contract Tower,2,8,14,2,26,0,0,21,0,21,2,8,35,2,47,42,0,42,89
11/04/2008,EGE,CO,ANM,WE,Federal Contract Tower,2,9,7,0,18,0,0,1,0,1,2,9,8,0,19,0,0,0,19
11/05/2008,EGE,CO,ANM,WE,Federal Contract Tower,0,5,7,0,12,0,0,1,0,1,0,5,8,0,13,0,0,0,13
11/06/2008,EGE,CO,ANM,WE,Federal Contract Tower,2,8,7,0,17,0,0,11,1,12,2,8,18,1,29,38,0,38,67
11/07/2008,EGE,CO,ANM,WE,Federal Contract Tower,2,9,9,0,20,0,0,13,0,13,2,9,22,0,33,64,0,64,97
11/08/2008,EGE,CO,ANM,WE,Federal Contract Tower,2,4,3,0,9,0,0,10,0,10,2,4,13,0,19,2,0,2,21
11/09/2008,EGE,CO,ANM,WE,Federal Contract Tower,2,9,10,0,21,0,0,9,0,9,2,9,19,0,30,36,0,36,66
11/10/2008,EGE,CO,ANM,WE,Federal Contract Tower,2,12,10,0,24,0,0,4,0,4,2,12,14,0,28,34,0,34,62
11/11/2008,EGE,CO,ANM,WE,Federal Contract Tower,2,7,6,0,15,0,0,0,0,0,2,7,6,0,15,30,0,30,45
11/12/2008,EGE,CO,ANM,WE,Federal Contract Tower,2,10,5,0,17,0,0,9,6,15,2,10,14,6,32,38,0,38,70
11/13/2008,EGE,CO,ANM,WE,Federal Contract Tower,2,9,5,0,16,0,0,7,2,9,2,9,12,2,25,26,0,26,51
11/14/2008,EGE,CO,ANM,WE,Federal Contract Tower,2,17,17,0,36,0,0,2,0,2,2,17,19,0,38,26,0,26,64
11/15/2008,EGE,CO,ANM,WE,Federal Contract Tower,2,8,6,0,16,0,0,13,3,16,2,8,19,3,32,46,2,48,80
11/16/2008,EGE,CO,ANM,WE,Federal Contract Tower,2,14,8,0,24,0,0,12,0,12,2,14,20,0,36,4,0,4,40
11/17/2008,EGE,CO,ANM,WE,Federal Contract Tower,2,11,12,0,25,0,0,30,0,30,2,11,42,0,55,56,0,56,111
11/18/2008,EGE,CO,ANM,WE,Federal Contract Tower,2,6,10,0,18,0,0,12,32,44,2,6,22,32,62,90,4,94,156
11/19/2008,EGE,CO,ANM,WE,Federal Contract Tower,2,7,5,0,14,0,0,13,16,29,2,7,18,16,43,18,4,22,65
11/20/2008,EGE,CO,ANM,WE,Federal Contract Tower,2,7,9,0,18,0,0,13,11,24,2,7,22,11,42,17,14,31,73
11/21/2008,EGE,CO,ANM,WE,Federal Contract Tower,2,11,10,0,23,0,0,7,9,16,2,11,17,9,39,34,8,42,81
11/22/2008,EGE,CO,ANM,WE,Federal Contract Tower,2,5,16,0,23,0,0,18,1,19,2,5,34,1,42,16,0,16,58
11/23/2008,EGE,CO,ANM,WE,Federal Contract Tower,2,13,14,0,29,0,0,11,1,12,2,13,25,1,41,2,0,2,43
11/24/2008,EGE,CO,ANM,WE,Federal Contract Tower,2,10,14,0,26,0,0,16,4,20,2,10,30,4,46,2,0,2,48
11/25/2008,EGE,CO,ANM,WE,Federal Contract Tower,2,16,26,0,44,0,0,23,6,29,2,16,49,6,73,10,0,10,83
11/26/2008,EGE,CO,ANM,WE,Federal Contract Tower,2,24,45,0,71,0,0,13,0,13,2,24,58,0,84,0,0,0,84
11/27/2008,EGE,CO,ANM,WE,Federal Contract Tower,2,6,4,0,12,0,0,2,0,2,2,6,6,0,14,0,0,0,14
11/28/2008,EGE,CO,ANM,WE,Federal Contract Tower,2,9,13,0,24,0,0,1,0,1,2,9,14,0,25,0,0,0,25
11/29/2008,EGE,CO,ANM,WE,Federal Contract Tower,2,23,24,0,49,0,0,0,0,0,2,23,24,0,49,0,0,0,49
11/30/2008,EGE,CO,ANM,WE,Federal Contract Tower,2,19,86,1,108,0,0,0,0,0,2,19,86,1,108,0,0,0,108
12/01/2008,EGE,CO,ANM,WE,Federal Contract Tower,2,17,17,0,36,0,0,6,2,8,2,17,23,2,44,30,0,30,74
12/02/2008,EGE,CO,ANM,WE,Federal Contract Tower,1,15,13,0,29,0,0,15,32,47,1,15,28,32,76,6,16,22,98
12/03/2008,EGE,CO,ANM,WE,Federal Contract Tower,3,13,13,0,29,0,0,2,50,52,3,13,15,50,81,0,0,0,81
12/04/2008,EGE,CO,ANM,WE,Federal Contract Tower,1,13,35,0,49,0,0,3,19,22,1,13,38,19,71,0,0,0,71
12/05/2008,EGE,CO,ANM,WE,Federal Contract Tower,3,4,36,1,44,0,0,12,19,31,3,4,48,20,75,32,0,32,107
12/06/2008,EGE,CO,ANM,WE,Federal Contract Tower,2,10,12,0,24,0,0,9,6,15,2,10,21,6,39,0,12,12,51
12/07/2008,EGE,CO,ANM,WE,Federal Contract Tower,2,12,21,1,36,0,0,13,0,13,2,12,34,1,49,44,0,44,93
12/08/2008,EGE,CO,ANM,WE,Federal Contract Tower,2,7,10,0,19,0,0,0,0,0,2,7,10,0,19,26,0,26,45
12/09/2008,EGE,CO,ANM,WE,Federal Contract Tower,3,10,5,0,18,0,0,2,27,29,3,10,7,27,47,0,14,14,61
12/10/2008,EGE,CO,ANM,WE,Federal Contract Tower,2,15,27,0,44,0,0,13,39,52,2,15,40,39,96,18,8,26,122
12/11/2008,EGE,CO,ANM,WE,Federal Contract Tower,2,11,17,2,32,0,0,15,36,51,2,11,32,38,83,8,42,50,133
12/12/2008,EGE,CO,ANM,WE,Federal Contract Tower,6,11,28,1,46,0,0,2,22,24,6,11,30,23,70,0,0,0,70
12/13/2008,EGE,CO,ANM,WE,Federal Contract Tower,4,18,27,0,49,0,0,0,0,0,4,18,27,0,49,0,0,0,49
12/14/2008,EGE,CO,ANM,WE,Federal Contract Tower,4,17,20,0,41,0,0,0,0,0,4,17,20,0,41,0,0,0,41
12/15/2008,EGE,CO,ANM,WE,Federal Contract Tower,4,24,22,0,50,0,0,8,2,10,4,24,30,2,60,0,0,0,60
12/16/2008,EGE,CO,ANM,WE,Federal Contract Tower,6,10,20,0,36,0,0,0,12,12,6,10,20,12,48,0,0,0,48
12/17/2008,EGE,CO,ANM,WE,Federal Contract Tower,6,31,26,0,63,0,0,2,31,33,6,31,28,31,96,0,0,0,96
12/18/2008,EGE,CO,ANM,WE,Federal Contract Tower,9,9,16,5,39,0,0,0,4,4,9,9,16,9,43,0,0,0,43
12/19/2008,EGE,CO,ANM,WE,Federal Contract Tower,19,76,97,1,193,0,0,1,19,20,19,76,98,20,213,0,0,0,213
12/20/2008,EGE,CO,ANM,WE,Federal Contract Tower,30,38,107,0,175,0,0,0,1,1,30,38,107,1,176,0,0,0,176
12/21/2008,EGE,CO,ANM,WE,Federal Contract Tower,24,65,87,0,176,0,0,9,0,9,24,65,96,0,185,2,0,2,187
12/22/2008,EGE,CO,ANM,WE,Federal Contract Tower,21,27,41,0,89,0,0,0,0,0,21,27,41,0,89,0,6,6,95
12/23/2008,EGE,CO,ANM,WE,Federal Contract Tower,28,27,57,0,112,0,0,1,4,5,28,27,58,4,117,0,0,0,117
12/24/2008,EGE,CO,ANM,WE,Federal Contract Tower,24,33,39,0,96,0,0,1,0,1,24,33,40,0,97,2,0,2,99
12/25/2008,EGE,CO,ANM,WE,Federal Contract Tower,21,14,31,0,66,0,0,0,0,0,21,14,31,0,66,0,0,0,66
12/26/2008,EGE,CO,ANM,WE,Federal Contract Tower,24,21,103,0,148,0,0,0,0,0,24,21,103,0,148,0,0,0,148
12/27/2008,EGE,CO,ANM,WE,Federal Contract Tower,33,86,239,0,358,0,0,0,0,0,33,86,239,0,358,0,0,0,358
12/28/2008,EGE,CO,ANM,WE,Federal Contract Tower,29,54,88,0,171,0,0,0,0,0,29,54,88,0,171,0,0,0,171
12/29/2008,EGE,CO,ANM,WE,Federal Contract Tower,19,27,67,0,113,0,0,12,0,12,19,27,79,0,125,10,0,10,135
12/30/2008,EGE,CO,ANM,WE,Federal Contract Tower,21,42,79,0,142,0,0,23,0,23,21,42,102,0,165,4,0,4,169
12/31/2008,EGE,CO,ANM,WE,Federal Contract Tower,22,33,72,0,127,0,0,8,0,8,22,33,80,0,135,0,0,0,135
01/01/2009,EGE,CO,ANM,WE,Federal Contract Tower,20,37,65,0,122,0,0,3,0,3,20,37,68,0,125,0,0,0,125
01/02/2009,EGE,CO,ANM,WE,Federal Contract Tower,23,110,168,0,301,0,0,0,0,0,23,110,168,0,301,3,0,3,304
01/03/2009,EGE,CO,ANM,WE,Federal Contract Tower,21,18,86,0,125,0,0,0,0,0,21,18,86,0,125,0,0,0,125
01/04/2009,EGE,CO,ANM,WE,Federal Contract Tower,32,86,185,0,303,0,0,3,0,3,32,86,188,0,306,0,0,0,306
01/05/2009,EGE,CO,ANM,WE,Federal Contract Tower,19,42,63,0,124,0,0,2,3,5,19,42,65,3,129,28,0,28,157
01/06/2009,EGE,CO,ANM,WE,Federal Contract Tower,17,18,27,0,62,0,0,0,18,18,17,18,27,18,80,0,5,5,85
01/07/2009,EGE,CO,ANM,WE,Federal Contract Tower,19,21,41,0,81,0,0,2,33,35,19,21,43,33,116,34,14,48,164
01/08/2009,EGE,CO,ANM,WE,Federal Contract Tower,22,24,39,0,85,0,0,17,17,34,22,24,56,17,119,0,0,0,119
01/09/2009,EGE,CO,ANM,WE,Federal Contract Tower,20,13,29,0,62,0,0,3,4,7,20,13,32,4,69,0,2,2,71
01/10/2009,EGE,CO,ANM,WE,Federal Contract Tower,29,19,46,0,94,0,0,12,10,22,29,19,58,10,116,2,0,2,118
01/11/2009,EGE,CO,ANM,WE,Federal Contract Tower,30,28,36,0,94,0,0,1,0,1,30,28,37,0,95,0,0,0,95
01/12/2009,EGE,CO,ANM,WE,Federal Contract Tower,27,15,19,0,61,0,0,0,0,0,27,15,19,0,61,0,0,0,61
01/13/2009,EGE,CO,ANM,WE,Federal Contract Tower,21,14,22,0,57,0,0,10,36,46,21,14,32,36,103,0,6,6,109
01/14/2009,EGE,CO,ANM,WE,Federal Contract Tower,20,21,39,0,80,0,0,11,39,50,20,21,50,39,130,6,4,10,140
01/15/2009,EGE,CO,ANM,WE,Federal Contract Tower,20,28,39,0,87,0,0,6,25,31,20,28,45,25,118,0,0,0,118
01/16/2009,EGE,CO,ANM,WE,Federal Contract Tower,24,35,40,0,99,0,0,7,13,20,24,35,47,13,119,2,14,16,135
01/17/2009,EGE,CO,ANM,WE,Federal Contract Tower,26,22,32,1,81,0,0,20,1,21,26,22,52,2,102,14,0,14,116
01/18/2009,EGE,CO,ANM,WE,Federal Contract Tower,25,16,25,0,66,0,0,7,0,7,25,16,32,0,73,0,0,0,73
01/19/2009,EGE,CO,ANM,WE,Federal Contract Tower,21,41,74,2,138,0,0,13,0,13,21,41,87,2,151,0,0,0,151
01/20/2009,EGE,CO,ANM,WE,Federal Contract Tower,26,33,47,0,106,0,0,10,0,10,26,33,57,0,116,6,0,6,122
01/21/2009,EGE,CO,ANM,WE,Federal Contract Tower,26,18,25,0,69,0,0,4,1,5,26,18,29,1,74,8,0,8,82
01/22/2009,EGE,CO,ANM,WE,Federal Contract Tower,19,32,23,0,74,0,0,5,4,9,19,32,28,4,83,0,0,0,83
01/23/2009,EGE,CO,ANM,WE,Federal Contract Tower,23,26,27,0,76,0,0,0,0,0,23,26,27,0,76,0,0,0,76
01/24/2009,EGE,CO,ANM,WE,Federal Contract Tower,28,20,13,0,61,0,0,0,0,0,28,20,13,0,61,0,0,0,61
01/25/2009,EGE,CO,ANM,WE,Federal Contract Tower,24,23,38,0,85,0,0,0,0,0,24,23,38,0,85,0,0,0,85
01/26/2009,EGE,CO,ANM,WE,Federal Contract Tower,19,15,21,0,55,0,0,0,0,0,19,15,21,0,55,0,0,0,55
01/27/2009,EGE,CO,ANM,WE,Federal Contract Tower,21,13,13,0,47,0,0,3,21,24,21,13,16,21,71,0,12,12,83
01/28/2009,EGE,CO,ANM,WE,Federal Contract Tower,17,19,21,0,57,0,0,0,32,32,17,19,21,32,89,0,0,0,89
01/29/2009,EGE,CO,ANM,WE,Federal Contract Tower,20,27,35,0,82,0,0,8,35,43,20,27,43,35,125,5,0,5,130
01/30/2009,EGE,CO,ANM,WE,Federal Contract Tower,24,19,59,5,107,0,0,8,19,27,24,19,67,24,134,2,0,2,136
01/31/2009,EGE,CO,ANM,WE,Federal Contract Tower,32,24,30,0,86,0,0,20,1,21,32,24,50,1,107,2,0,2,109
02/01/2009,EGE,CO,ANM,WE,Federal Contract Tower,24,33,17,1,75,0,0,9,4,13,24,33,26,5,88,0,0,0,88
02/02/2009,EGE,CO,ANM,WE,Federal Contract Tower,21,37,31,0,89,0,0,17,0,17,21,37,48,0,106,0,0,0,106
02/03/2009,EGE,CO,ANM,WE,Federal Contract Tower,26,36,49,0,111,0,0,8,55,63,26,36,57,55,174,24,10,34,208
02/04/2009,EGE,CO,ANM,WE,Federal Contract Tower,23,29,49,2,103,0,0,8,28,36,23,29,57,30,139,18,22,40,179
02/05/2009,EGE,CO,ANM,WE,Federal Contract Tower,20,21,56,0,97,0,0,33,35,68,20,21,89,35,165,0,0,0,165
02/06/2009,EGE,CO,ANM,WE,Federal Contract Tower,22,21,43,0,86,0,0,25,0,25,22,21,68,0,111,0,6,6,117
02/07/2009,EGE,CO,ANM,WE,Federal Contract Tower,32,15,20,0,67,0,0,11,3,14,32,15,31,3,81,0,0,0,81
02/08/2009,EGE,CO,ANM,WE,Federal Contract Tower,27,30,50,0,107,0,0,3,0,3,27,30,53,0,110,18,0,18,128
02/09/2009,EGE,CO,ANM,WE,Federal Contract Tower,24,12,9,0,45,0,0,0,0,0,24,12,9,0,45,32,0,32,77
02/10/2009,EGE,CO,ANM,WE,Federal Contract Tower,20,12,12,0,44,0,0,0,34,34,20,12,12,34,78,2,34,36,114
02/11/2009,EGE,CO,ANM,WE,Federal Contract Tower,25,37,35,0,97,0,0,1,48,49,25,37,36,48,146,0,4,4,150
02/12/2009,EGE,CO,ANM,WE,Federal Contract Tower,26,36,83,0,145,0,0,4,32,36,26,36,87,32,181,66,15,81,262
02/13/2009,EGE,CO,ANM,WE,Federal Contract Tower,23,44,93,0,160,0,0,0,21,21,23,44,93,21,181,0,0,0,181
02/14/2009,EGE,CO,ANM,WE,Federal Contract Tower,33,25,23,0,81,0,0,0,0,0,33,25,23,0,81,0,0,0,81
02/15/2009,EGE,CO,ANM,WE,Federal Contract Tower,28,23,36,0,87,0,0,7,0,7,28,23,43,0,94,4,0,4,98
02/16/2009,EGE,CO,ANM,WE,Federal Contract Tower,22,76,115,0,213,0,0,0,0,0,22,76,115,0,213,0,0,0,213
02/17/2009,EGE,CO,ANM,WE,Federal Contract Tower,21,29,48,0,98,0,0,0,0,0,21,29,48,0,98,0,0,0,98
02/18/2009,EGE,CO,ANM,WE,Federal Contract Tower,19,34,44,0,97,0,0,0,2,2,19,34,44,2,99,0,0,0,99
02/19/2009,EGE,CO,ANM,WE,Federal Contract Tower,22,30,40,0,92,0,6,12,6,24,22,36,52,6,116,14,0,14,130
02/20/2009,EGE,CO,ANM,WE,Federal Contract Tower,21,27,54,0,102,0,0,17,2,19,21,27,71,2,121,10,0,10,131
02/21/2009,EGE,CO,ANM,WE,Federal Contract Tower,34,53,53,0,140,0,0,21,0,21,34,53,74,0,161,0,0,0,161
02/22/2009,EGE,CO,ANM,WE,Federal Contract Tower,25,48,56,0,129,0,1,15,1,17,25,49,71,1,146,2,0,2,148
02/23/2009,EGE,CO,ANM,WE,Federal Contract Tower,21,16,16,0,53,0,0,0,0,0,21,16,16,0,53,0,0,0,53
02/24/2009,EGE,CO,ANM,WE,Federal Contract Tower,21,14,37,0,72,0,0,8,32,40,21,14,45,32,112,22,8,30,142
02/25/2009,EGE,CO,ANM,WE,Federal Contract Tower,25,27,35,0,87,0,0,12,38,50,25,27,47,38,137,0,4,4,141
02/26/2009,EGE,CO,ANM,WE,Federal Contract Tower,23,38,46,2,109,0,0,6,37,43,23,38,52,39,152,0,0,0,152
02/27/2009,EGE,CO,ANM,WE,Federal Contract Tower,23,32,39,0,94,0,0,0,15,15,23,32,39,15,109,0,0,0,109
02/28/2009,EGE,CO,ANM,WE,Federal Contract Tower,31,29,42,1,103,0,0,22,2,24,31,29,64,3,127,12,0,12,139
03/01/2009,EGE,CO,ANM,WE,Federal Contract Tower,27,32,43,0,102,0,0,9,2,11,27,32,52,2,113,2,6,8,121
03/02/2009,EGE,CO,ANM,WE,Federal Contract Tower,16,23,28,0,67,0,0,13,0,13,16,23,41,0,80,4,0,4,84
03/03/2009,EGE,CO,ANM,WE,Federal Contract Tower,19,19,22,0,60,0,0,7,37,44,19,19,29,37,104,18,6,24,128
03/04/2009,EGE,CO,ANM,WE,Federal Contract Tower,22,16,22,0,60,0,0,6,31,37,22,16,28,31,97,10,20,30,127
03/05/2009,EGE,CO,ANM,WE,Federal Contract Tower,25,24,40,0,89,0,0,1,29,30,25,24,41,29,119,0,0,0,119
03/06/2009,EGE,CO,ANM,WE,Federal Contract Tower,22,17,33,0,72,0,0,0,4,4,22,17,33,4,76,0,0,0,76
03/07/2009,EGE,CO,ANM,WE,Federal Contract Tower,33,28,19,0,80,0,0,2,0,2,33,28,21,0,82,0,0,0,82
03/08/2009,EGE,CO,ANM,WE,Federal Contract Tower,26,26,49,0,101,0,1,23,1,25,26,27,72,1,126,0,0,0,126
03/09/2009,EGE,CO,ANM,WE,Federal Contract Tower,22,18,27,0,67,0,0,7,0,7,22,18,34,0,74,14,0,14,88
03/10/2009,EGE,CO,ANM,WE,Federal Contract Tower,20,18,16,0,54,0,0,3,14,17,20,18,19,14,71,26,4,30,101
03/11/2009,EGE,CO,ANM,WE,Federal Contract Tower,20,21,33,0,74,0,0,9,24,33,20,21,42,24,107,6,10,16,123
03/12/2009,EGE,CO,ANM,WE,Federal Contract Tower,18,24,43,0,85,0,0,10,19,29,18,24,53,19,114,28,2,30,144
03/13/2009,EGE,CO,ANM,WE,Federal Contract Tower,22,46,55,0,123,0,0,20,8,28,22,46,75,8,151,10,0,10,161
03/14/2009,EGE,CO,ANM,WE,Federal Contract Tower,37,77,71,0,185,0,0,19,0,19,37,77,90,0,204,0,0,0,204
03/15/2009,EGE,CO,ANM,WE,Federal Contract Tower,24,50,50,0,124,0,0,20,0,20,24,50,70,0,144,28,0,28,172
03/16/2009,EGE,CO,ANM,WE,Federal Contract Tower,19,27,52,0,98,0,0,8,0,8,19,27,60,0,106,44,0,44,150
03/17/2009,EGE,CO,ANM,WE,Federal Contract Tower,19,25,21,0,65,0,0,9,29,38,19,25,30,29,103,0,14,14,117
03/18/2009,EGE,CO,ANM,WE,Federal Contract Tower,22,38,46,0,106,0,1,24,23,48,22,39,70,23,154,4,2,6,160
03/19/2009,EGE,CO,ANM,WE,Federal Contract Tower,19,45,33,0,97,0,0,15,28,43,19,45,48,28,140,20,2,22,162
03/20/2009,EGE,CO,ANM,WE,Federal Contract Tower,23,54,40,0,117,0,0,16,19,35,23,54,56,19,152,0,4,4,156
03/21/2009,EGE,CO,ANM,WE,Federal Contract Tower,35,67,73,0,175,0,1,26,6,33,35,68,99,6,208,8,0,8,216
03/22/2009,EGE,CO,ANM,WE,Federal Contract Tower,26,58,61,0,145,0,0,5,6,11,26,58,66,6,156,0,0,0,156
03/23/2009,EGE,CO,ANM,WE,Federal Contract Tower,19,18,11,0,48,0,0,0,0,0,19,18,11,0,48,0,0,0,48
03/24/2009,EGE,CO,ANM,WE,Federal Contract Tower,21,16,20,0,57,0,0,2,32,34,21,16,22,32,91,0,0,0,91
03/25/2009,EGE,CO,ANM,WE,Federal Contract Tower,26,28,34,0,88,0,0,1,30,31,26,28,35,30,119,0,0,0,119
03/26/2009,EGE,CO,ANM,WE,Federal Contract Tower,20,4,7,0,31,0,0,0,2,2,20,4,7,2,33,0,10,10,43
03/27/2009,EGE,CO,ANM,WE,Federal Contract Tower,19,30,42,0,91,0,0,6,34,40,19,30,48,34,131,7,0,7,138
03/28/2009,EGE,CO,ANM,WE,Federal Contract Tower,32,47,42,0,121,0,0,13,3,16,32,47,55,3,137,10,0,10,147
03/29/2009,EGE,CO,ANM,WE,Federal Contract Tower,21,30,39,0,90,0,0,5,0,5,21,30,44,0,95,0,0,0,95
03/30/2009,EGE,CO,ANM,WE,Federal Contract Tower,14,20,20,0,54,0,0,1,0,1,14,20,21,0,55,0,0,0,55
03/31/2009,EGE,CO,ANM,WE,Federal Contract Tower,10,11,15,0,36,0,0,3,28,31,10,11,18,28,67,2,16,18,85
04/01/2009,EGE,CO,ANM,WE,Federal Contract Tower,13,17,16,0,46,0,0,0,24,24,13,17,16,24,70,0,0,0,70
04/02/2009,EGE,CO,ANM,WE,Federal Contract Tower,15,15,28,0,58,0,0,3,33,36,15,15,31,33,94,14,4,18,112
04/03/2009,EGE,CO,ANM,WE,Federal Contract Tower,8,5,13,0,26,0,0,0,0,0,8,5,13,0,26,0,0,0,26
04/04/2009,EGE,CO,ANM,WE,Federal Contract Tower,22,5,33,0,60,0,0,0,0,0,22,5,33,0,60,0,0,0,60
04/05/2009,EGE,CO,ANM,WE,Federal Contract Tower,16,39,44,0,99,0,0,1,5,6,16,39,45,5,105,0,0,0,105
04/06/2009,EGE,CO,ANM,WE,Federal Contract Tower,8,18,14,0,40,8,0,0,1,9,16,18,14,1,49,10,0,10,59
04/07/2009,EGE,CO,ANM,WE,Federal Contract Tower,0,16,17,0,33,0,0,25,37,62,0,16,42,37,95,60,26,86,181
04/08/2009,EGE,CO,ANM,WE,Federal Contract Tower,0,22,15,0,37,0,0,4,32,36,0,22,19,32,73,0,0,0,73
04/09/2009,EGE,CO,ANM,WE,Federal Contract Tower,0,25,19,0,44,0,0,0,46,46,0,25,19,46,90,0,0,0,90
04/10/2009,EGE,CO,ANM,WE,Federal Contract Tower,0,12,23,1,36,0,0,12,20,32,0,12,35,21,68,16,4,20,88
04/11/2009,EGE,CO,ANM,WE,Federal Contract Tower,0,14,24,0,38,0,0,1,0,1,0,14,25,0,39,6,0,6,45
04/12/2009,EGE,CO,ANM,WE,Federal Contract Tower,0,17,37,0,54,0,0,0,0,0,0,17,37,0,54,0,0,0,54
04/13/2009,EGE,CO,ANM,WE,Federal Contract Tower,0,13,26,0,39,0,0,12,0,12,0,13,38,0,51,0,0,0,51
04/14/2009,EGE,CO,ANM,WE,Federal Contract Tower,0,7,16,0,23,0,0,6,5,11,0,7,22,5,34,4,0,4,38
04/15/2009,EGE,CO,ANM,WE,Federal Contract Tower,0,0,3,0,3,0,0,3,3,6,0,0,6,3,9,4,2,6,15
04/16/2009,EGE,CO,ANM,WE,Federal Contract Tower,0,0,0,0,0,0,0,3,0,3,0,0,3,0,3,0,0,0,3
04/17/2009,EGE,CO,ANM,WE,Federal Contract Tower,0,1,2,0,3,0,1,4,16,21,0,2,6,16,24,0,0,0,24
04/18/2009,EGE,CO,ANM,WE,Federal Contract Tower,0,1,0,0,1,0,1,3,0,4,0,2,3,0,5,2,0,2,7
04/19/2009,EGE,CO,ANM,WE,Federal Contract Tower,0,2,5,0,7,0,0,22,1,23,0,2,27,1,30,12,0,12,42
04/20/2009,EGE,CO,ANM,WE,Federal Contract Tower,0,4,1,0,5,0,3,24,0,27,0,7,25,0,32,36,0,36,68
04/21/2009,EGE,CO,ANM,WE,Federal Contract Tower,0,0,3,0,3,0,0,24,30,54,0,0,27,30,57,46,0,46,103
04/22/2009,EGE,CO,ANM,WE,Federal Contract Tower,0,2,0,0,2,0,2,12,34,48,0,4,12,34,50,4,4,8,58
04/23/2009,EGE,CO,ANM,WE,Federal Contract Tower,0,3,1,0,4,0,1,19,28,48,0,4,20,28,52,14,0,14,66
04/24/2009,EGE,CO,ANM,WE,Federal Contract Tower,0,1,3,0,4,0,2,12,18,32,0,3,15,18,36,6,2,8,44
04/25/2009,EGE,CO,ANM,WE,Federal Contract Tower,0,0,1,0,1,0,0,4,0,4,0,0,5,0,5,0,0,0,5
04/26/2009,EGE,CO,ANM,WE,Federal Contract Tower,0,0,1,0,1,0,0,9,2,11,0,0,10,2,12,8,0,8,20
04/27/2009,EGE,CO,ANM,WE,Federal Contract Tower,0,0,0,0,0,0,1,13,0,14,0,1,13,0,14,0,0,0,14
04/28/2009,EGE,CO,ANM,WE,Federal Contract Tower,0,2,1,0,3,0,2,27,29,58,0,4,28,29,61,0,2,2,63
04/29/2009,EGE,CO,ANM,WE,Federal Contract Tower,0,5,0,3,8,0,8,7,43,58,0,13,7,46,66,8,6,14,80
04/30/2009,EGE,CO,ANM,WE,Federal Contract Tower,0,3,1,1,5,0,2,16,35,53,0,5,17,36,58,28,2,30,88
05/01/2009,EGE,CO,ANM,WE,Federal Contract Tower,0,2,0,0,2,0,1,23,10,34,0,3,23,10,36,30,6,36,72
05/02/2009,EGE,CO,ANM,WE,Federal Contract Tower,0,1,1,0,2,0,2,4,0,6,0,3,5,0,8,16,0,16,24
05/03/2009,EGE,CO,ANM,WE,Federal Contract Tower,0,2,0,0,2,0,0,10,5,15,0,2,10,5,17,10,0,10,27
05/04/2009,EGE,CO,ANM,WE,Federal Contract Tower,0,0,2,0,2,0,0,0,2,2,0,0,2,2,4,0,0,0,4
05/05/2009,EGE,CO,ANM,WE,Federal Contract Tower,0,0,2,0,2,0,0,15,27,42,0,0,17,27,44,0,2,2,46
05/06/2009,EGE,CO,ANM,WE,Federal Contract Tower,0,2,1,0,3,0,1,50,29,80,0,3,51,29,83,56,0,56,139
05/07/2009,EGE,CO,ANM,WE,Federal Contract Tower,0,0,1,0,1,0,0,19,23,42,0,0,20,23,43,30,0,30,73
05/08/2009,EGE,CO,ANM,WE,Federal Contract Tower,0,0,1,0,1,0,0,22,7,29,0,0,23,7,30,18,0,18,48
05/09/2009,EGE,CO,ANM,WE,Federal Contract Tower,0,8,1,0,9,0,0,8,0,8,0,8,9,0,17,20,0,20,37
05/10/2009,EGE,CO,ANM,WE,Federal Contract Tower,0,4,0,0,4,0,5,19,6,30,0,9,19,6,34,0,0,0,34
05/11/2009,EGE,CO,ANM,WE,Federal Contract Tower,0,2,2,0,4,0,1,27,0,28,0,3,29,0,32,46,0,46,78
05/12/2009,EGE,CO,ANM,WE,Federal Contract Tower,0,1,1,0,2,0,5,12,18,35,0,6,13,18,37,0,2,2,39
05/13/2009,EGE,CO,ANM,WE,Federal Contract Tower,0,1,0,0,1,0,0,15,33,48,0,1,15,33,49,26,0,26,75
05/14/2009,EGE,CO,ANM,WE,Federal Contract Tower,0,0,1,0,1,0,0,13,31,44,0,0,14,31,45,46,0,46,91
05/15/2009,EGE,CO,ANM,WE,Federal Contract Tower,0,2,3,0,5,0,2,17,19,38,0,4,20,19,43,6,0,6,49
05/16/2009,EGE,CO,ANM,WE,Federal Contract Tower,0,0,0,0,0,0,0,12,2,14,0,0,12,2,14,14,0,14,28
05/17/2009,EGE,CO,ANM,WE,Federal Contract Tower,0,2,2,2,6,0,23,0,0,23,0,25,2,2,29,4,0,4,33
05/18/2009,EGE,CO,ANM,WE,Federal Contract Tower,0,2,5,0,7,0,3,16,6,25,0,5,21,6,32,24,0,24,56
05/19/2009,EGE,CO,ANM,WE,Federal Contract Tower,0,2,7,0,9,0,0,9,29,38,0,2,16,29,47,16,0,16,63
05/20/2009,EGE,CO,ANM,WE,Federal Contract Tower,0,40,1,0,41,0,0,9,36,45,0,40,10,36,86,8,0,8,94
05/21/2009,EGE,CO,ANM,WE,Federal Contract Tower,0,2,0,0,2,0,5,9,34,48,0,7,9,34,50,0,0,0,50
05/22/2009,EGE,CO,ANM,WE,Federal Contract Tower,0,6,5,0,11,0,2,14,16,32,0,8,19,16,43,12,4,16,59
05/23/2009,EGE,CO,ANM,WE,Federal Contract Tower,0,4,4,0,8,0,0,9,1,10,0,4,13,1,18,0,0,0,18
05/24/2009,EGE,CO,ANM,WE,Federal Contract Tower,0,1,0,0,1,0,2,9,0,11,0,3,9,0,12,0,0,0,12
05/25/2009,EGE,CO,ANM,WE,Federal Contract Tower,0,2,2,0,4,0,2,15,1,18,0,4,17,1,22,0,0,0,22
05/26/2009,EGE,CO,ANM,WE,Federal Contract Tower,0,0,0,0,0,0,2,5,0,7,0,2,5,0,7,0,0,0,7
05/27/2009,EGE,CO,ANM,WE,Federal Contract Tower,0,2,0,0,2,0,0,5,9,14,0,2,5,9,16,0,4,4,20
05/28/2009,EGE,CO,ANM,WE,Federal Contract Tower,0,0,3,0,3,0,7,22,0,29,0,7,25,0,32,2,0,2,34
05/29/2009,EGE,CO,ANM,WE,Federal Contract Tower,0,2,3,0,5,0,2,21,0,23,0,4,24,0,28,16,0,16,44
05/30/2009,EGE,CO,ANM,WE,Federal Contract Tower,0,0,3,0,3,0,16,5,0,21,0,16,8,0,24,0,0,0,24
05/31/2009,EGE,CO,ANM,WE,Federal Contract Tower,0,0,4,0,4,0,1,17,0,18,0,1,21,0,22,14,0,14,36
06/01/2009,EGE,CO,ANM,WE,Federal Contract Tower,0,3,1,0,4,0,0,8,0,8,0,3,9,0,12,0,0,0,12
06/02/2009,EGE,CO,ANM,WE,Federal Contract Tower,0,4,0,0,4,0,0,10,31,41,0,4,10,31,45,16,0,16,61
06/03/2009,EGE,CO,ANM,WE,Federal Contract Tower,0,4,1,0,5,0,3,13,37,53,0,7,14,37,58,10,4,14,72
06/04/2009,EGE,CO,ANM,WE,Federal Contract Tower,0,3,2,0,5,0,4,19,33,56,0,7,21,33,61,10,4,14,75
06/05/2009,EGE,CO,ANM,WE,Federal Contract Tower,0,2,0,0,2,0,1,20,19,40,0,3,20,19,42,12,2,14,56
06/06/2009,EGE,CO,ANM,WE,Federal Contract Tower,0,0,0,0,0,0,0,14,6,20,0,0,14,6,20,14,0,14,34
06/07/2009,EGE,CO,ANM,WE,Federal Contract Tower,0,1,2,0,3,0,1,15,0,16,0,2,17,0,19,2,0,2,21
06/08/2009,EGE,CO,ANM,WE,Federal Contract Tower,0,1,0,0,1,0,5,11,0,16,0,6,11,0,17,0,0,0,17
06/09/2009,EGE,CO,ANM,WE,Federal Contract Tower,0,4,0,0,4,0,8,18,30,56,0,12,18,30,60,0,0,0,60
06/10/2009,EGE,CO,ANM,WE,Federal Contract Tower,0,1,2,0,3,0,1,7,34,42,0,2,9,34,45,0,0,0,45
06/11/2009,EGE,CO,ANM,WE,Federal Contract Tower,0,0,0,0,0,0,0,0,0,0,0,0,0,0,0,0,18,18,18
06/12/2009,EGE,CO,ANM,WE,Federal Contract Tower,0,5,2,0,7,0,2,24,31,57,0,7,26,31,64,0,0,0,64
06/13/2009,EGE,CO,ANM,WE,Federal Contract Tower,0,0,5,0,5,0,0,21,2,23,0,0,26,2,28,40,0,40,68
06/14/2009,EGE,CO,ANM,WE,Federal Contract Tower,0,8,6,0,14,0,12,27,0,39,0,20,33,0,53,12,0,12,65
06/15/2009,EGE,CO,ANM,WE,Federal Contract Tower,0,2,6,0,8,0,3,18,0,21,0,5,24,0,29,8,0,8,37
06/16/2009,EGE,CO,ANM,WE,Federal Contract Tower,0,8,3,0,11,0,4,27,40,71,0,12,30,40,82,8,4,12,94
06/17/2009,EGE,CO,ANM,WE,Federal Contract Tower,0,3,1,0,4,0,2,19,36,57,0,5,20,36,61,0,0,0,61
06/18/2009,EGE,CO,ANM,WE,Federal Contract Tower,0,5,0,0,5,0,4,28,40,72,0,9,28,40,77,8,4,12,89
06/19/2009,EGE,CO,ANM,WE,Federal Contract Tower,0,10,2,0,12,0,5,33,26,64,0,15,35,26,76,4,0,4,80
06/20/2009,EGE,CO,ANM,WE,Federal Contract Tower,0,6,0,0,6,0,8,22,1,31,0,14,22,1,37,26,0,26,63
06/21/2009,EGE,CO,ANM,WE,Federal Contract Tower,0,5,1,0,6,0,4,21,0,25,0,9,22,0,31,4,0,4,35
06/22/2009,EGE,CO,ANM,WE,Federal Contract Tower,0,1,4,0,5,0,0,32,0,32,0,1,36,0,37,8,0,8,45
06/23/2009,EGE,CO,ANM,WE,Federal Contract Tower,0,4,5,0,9,0,4,23,31,58,0,8,28,31,67,22,0,22,89
06/24/2009,EGE,CO,ANM,WE,Federal Contract Tower,0,7,4,0,11,0,2,36,35,73,0,9,40,35,84,8,0,8,92
06/25/2009,EGE,CO,ANM,WE,Federal Contract Tower,0,4,3,0,7,0,15,37,29,81,0,19,40,29,88,46,0,46,134
06/26/2009,EGE,CO,ANM,WE,Federal Contract Tower,0,1,4,0,5,0,2,28,18,48,0,3,32,18,53,36,0,36,89
06/27/2009,EGE,CO,ANM,WE,Federal Contract Tower,0,9,0,0,9,0,8,32,4,44,0,17,32,4,53,60,0,60,113
06/28/2009,EGE,CO,ANM,WE,Federal Contract Tower,0,5,5,0,10,0,3,51,0,54,0,8,56,0,64,0,0,0,64
06/29/2009,EGE,CO,ANM,WE,Federal Contract Tower,0,5,0,0,5,0,5,28,0,33,0,10,28,0,38,18,0,18,56
06/30/2009,EGE,CO,ANM,WE,Federal Contract Tower,0,3,5,1,9,0,3,43,2,48,0,6,48,3,57,30,2,32,89
07/01/2009,EGE,CO,ANM,WE,Federal Contract Tower,0,9,8,0,17,0,5,43,3,51,0,14,51,3,68,52,2,54,122
07/02/2009,EGE,CO,ANM,WE,Federal Contract Tower,0,8,4,0,12,0,10,35,1,46,0,18,39,1,58,36,0,36,94
07/03/2009,EGE,CO,ANM,WE,Federal Contract Tower,0,7,3,0,10,0,3,13,0,16,0,10,16,0,26,12,0,12,38
07/04/2009,EGE,CO,ANM,WE,Federal Contract Tower,0,7,1,0,8,0,4,6,0,10,0,11,7,0,18,0,0,0,18
07/05/2009,EGE,CO,ANM,WE,Federal Contract Tower,0,8,2,0,10,0,12,32,5,49,0,20,34,5,59,0,0,0,59
07/06/2009,EGE,CO,ANM,WE,Federal Contract Tower,0,5,3,0,8,0,8,34,0,42,0,13,37,0,50,26,0,26,76
07/07/2009,EGE,CO,ANM,WE,Federal Contract Tower,0,6,15,0,21,0,5,27,28,60,0,11,42,28,81,32,0,32,113
07/08/2009,EGE,CO,ANM,WE,Federal Contract Tower,0,5,10,0,15,0,2,36,35,73,0,7,46,35,88,20,0,20,108
07/09/2009,EGE,CO,ANM,WE,Federal Contract Tower,0,7,7,0,14,0,0,40,21,61,0,7,47,21,75,28,0,28,103
07/10/2009,EGE,CO,ANM,WE,Federal Contract Tower,0,5,8,0,13,0,4,23,12,39,0,9,31,12,52,20,0,20,72
07/11/2009,EGE,CO,ANM,WE,Federal Contract Tower,0,6,6,0,12,0,3,30,2,35,0,9,36,2,47,28,0,28,75
07/12/2009,EGE,CO,ANM,WE,Federal Contract Tower,0,9,11,0,20,0,10,36,3,49,0,19,47,3,69,32,0,32,101
07/13/2009,EGE,CO,ANM,WE,Federal Contract Tower,0,7,1,0,8,0,6,22,0,28,0,13,23,0,36,8,0,8,44
07/14/2009,EGE,CO,ANM,WE,Federal Contract Tower,0,11,5,0,16,0,11,37,25,73,0,22,42,25,89,12,0,12,101
07/15/2009,EGE,CO,ANM,WE,Federal Contract Tower,0,9,9,0,18,0,9,31,24,64,0,18,40,24,82,2,0,2,84
07/16/2009,EGE,CO,ANM,WE,Federal Contract Tower,0,6,9,0,15,0,5,47,20,72,0,11,56,20,87,60,0,60,147
07/17/2009,EGE,CO,ANM,WE,Federal Contract Tower,0,14,17,0,31,0,17,45,15,77,0,31,62,15,108,36,11,47,155
07/18/2009,EGE,CO,ANM,WE,Federal Contract Tower,0,7,13,0,20,0,6,24,9,39,0,13,37,9,59,10,0,10,69
07/19/2009,EGE,CO,ANM,WE,Federal Contract Tower,0,5,5,0,10,0,8,37,3,48,0,13,42,3,58,24,0,24,82
07/20/2009,EGE,CO,ANM,WE,Federal Contract Tower,0,5,5,0,10,0,8,17,0,25,0,13,22,0,35,0,0,0,35
07/21/2009,EGE,CO,ANM,WE,Federal Contract Tower,0,5,3,0,8,0,5,33,20,58,0,10,36,20,66,62,0,62,128
07/22/2009,EGE,CO,ANM,WE,Federal Contract Tower,0,6,5,0,11,0,7,36,31,74,0,13,41,31,85,48,0,48,133
07/23/2009,EGE,CO,ANM,WE,Federal Contract Tower,0,7,8,0,15,0,4,46,29,79,0,11,54,29,94,28,0,28,122
07/24/2009,EGE,CO,ANM,WE,Federal Contract Tower,0,8,10,0,18,0,13,32,20,65,0,21,42,20,83,22,0,22,105
07/25/2009,EGE,CO,ANM,WE,Federal Contract Tower,0,8,6,0,14,0,12,33,0,45,0,20,39,0,59,20,0,20,79
07/26/2009,EGE,CO,ANM,WE,Federal Contract Tower,0,12,4,0,16,0,9,32,0,41,0,21,36,0,57,0,0,0,57
07/27/2009,EGE,CO,ANM,WE,Federal Contract Tower,0,3,3,0,6,0,8,15,0,23,0,11,18,0,29,26,0,26,55
07/28/2009,EGE,CO,ANM,WE,Federal Contract Tower,0,8,8,0,16,0,5,35,30,70,0,13,43,30,86,14,2,16,102
07/29/2009,EGE,CO,ANM,WE,Federal Contract Tower,0,9,13,0,22,0,7,15,32,54,0,16,28,32,76,36,12,48,124
07/30/2009,EGE,CO,ANM,WE,Federal Contract Tower,0,11,8,0,19,0,5,23,28,56,0,16,31,28,75,8,0,8,83
07/31/2009,EGE,CO,ANM,WE,Federal Contract Tower,0,10,15,0,25,0,3,23,18,44,0,13,38,18,69,14,0,14,83
08/01/2009,EGE,CO,ANM,WE,Federal Contract Tower,0,16,11,0,27,0,8,20,9,37,0,24,31,9,64,0,0,0,64
08/02/2009,EGE,CO,ANM,WE,Federal Contract Tower,0,10,13,0,23,0,0,0,0,0,0,10,13,0,23,2,0,2,25
08/03/2009,EGE,CO,ANM,WE,Federal Contract Tower,0,7,4,0,11,0,14,15,2,31,0,21,19,2,42,22,0,22,64
08/04/2009,EGE,CO,ANM,WE,Federal Contract Tower,0,3,5,0,8,0,5,28,29,62,0,8,33,29,70,2,0,2,72
08/05/2009,EGE,CO,ANM,WE,Federal Contract Tower,0,9,9,0,18,0,5,30,31,66,0,14,39,31,84,30,10,40,124
08/06/2009,EGE,CO,ANM,WE,Federal Contract Tower,0,11,12,0,23,0,10,18,23,51,0,21,30,23,74,8,0,8,82
08/07/2009,EGE,CO,ANM,WE,Federal Contract Tower,0,11,13,0,24,0,1,10,8,19,0,12,23,8,43,4,0,4,47
08/08/2009,EGE,CO,ANM,WE,Federal Contract Tower,0,5,8,0,13,0,6,16,0,22,0,11,24,0,35,12,0,12,47
08/09/2009,EGE,CO,ANM,WE,Federal Contract Tower,0,3,12,0,15,0,7,33,2,42,0,10,45,2,57,6,0,6,63
08/10/2009,EGE,CO,ANM,WE,Federal Contract Tower,0,5,4,0,9,0,8,19,0,27,0,13,23,0,36,4,0,4,40
08/11/2009,EGE,CO,ANM,WE,Federal Contract Tower,0,5,4,0,9,0,6,21,29,56,0,11,25,29,65,0,0,0,65
08/12/2009,EGE,CO,ANM,WE,Federal Contract Tower,0,4,10,0,14,0,12,37,0,49,0,16,47,0,63,2,0,2,65
08/13/2009,EGE,CO,ANM,WE,Federal Contract Tower,0,6,12,0,18,0,1,12,27,40,0,7,24,27,58,0,0,0,58
08/14/2009,EGE,CO,ANM,WE,Federal Contract Tower,0,11,5,0,16,0,4,14,10,28,0,15,19,10,44,6,0,6,50
08/15/2009,EGE,CO,ANM,WE,Federal Contract Tower,0,10,10,0,20,0,7,16,0,23,0,17,26,0,43,18,0,18,61
08/16/2009,EGE,CO,ANM,WE,Federal Contract Tower,0,6,10,0,16,0,9,24,0,33,0,15,34,0,49,8,0,8,57
08/17/2009,EGE,CO,ANM,WE,Federal Contract Tower,0,5,6,0,11,0,5,32,0,37,0,10,38,0,48,52,0,52,100
08/18/2009,EGE,CO,ANM,WE,Federal Contract Tower,0,9,9,0,18,0,5,34,32,71,0,14,43,32,89,46,2,48,137
08/19/2009,EGE,CO,ANM,WE,Federal Contract Tower,0,8,11,0,19,0,6,29,24,59,0,14,40,24,78,14,6,20,98
08/20/2009,EGE,CO,ANM,WE,Federal Contract Tower,0,2,12,0,14,0,4,26,27,57,0,6,38,27,71,2,2,4,75
08/21/2009,EGE,CO,ANM,WE,Federal Contract Tower,0,8,10,0,18,0,6,17,15,38,0,14,27,15,56,6,4,10,66
08/22/2009,EGE,CO,ANM,WE,Federal Contract Tower,0,7,11,0,18,0,4,21,4,29,0,11,32,4,47,20,0,20,67
08/23/2009,EGE,CO,ANM,WE,Federal Contract Tower,0,3,5,0,8,0,7,35,1,43,0,10,40,1,51,32,0,32,83
08/24/2009,EGE,CO,ANM,WE,Federal Contract Tower,0,6,2,0,8,0,7,24,3,34,0,13,26,3,42,8,0,8,50
08/25/2009,EGE,CO,ANM,WE,Federal Contract Tower,0,5,0,0,5,0,3,12,32,47,0,8,12,32,52,8,0,8,60
08/26/2009,EGE,CO,ANM,WE,Federal Contract Tower,0,4,9,0,13,0,6,16,27,49,0,10,25,27,62,22,0,22,84
08/27/2009,EGE,CO,ANM,WE,Federal Contract Tower,0,6,12,0,18,0,2,19,28,49,0,8,31,28,67,4,2,6,73
08/28/2009,EGE,CO,ANM,WE,Federal Contract Tower,0,8,5,0,13,0,4,26,23,53,0,12,31,23,66,2,0,2,68
08/29/2009,EGE,CO,ANM,WE,Federal Contract Tower,0,14,19,0,33,0,0,31,0,31,0,14,50,0,64,28,6,34,98
08/30/2009,EGE,CO,ANM,WE,Federal Contract Tower,0,22,29,0,51,0,0,17,0,17,0,22,46,0,68,8,0,8,76
08/31/2009,EGE,CO,ANM,WE,Federal Contract Tower,0,5,21,0,26,0,0,10,4,14,0,5,31,4,40,6,0,6,46
09/01/2009,EGE,CO,ANM,WE,Federal Contract Tower,0,14,16,1,31,0,0,5,27,32,0,14,21,28,63,0,0,0,63
09/02/2009,EGE,CO,ANM,WE,Federal Contract Tower,2,19,15,1,37,0,1,20,32,53,2,20,35,33,90,0,0,0,90
09/03/2009,EGE,CO,ANM,WE,Federal Contract Tower,2,21,21,0,44,0,0,22,28,50,2,21,43,28,94,0,0,0,94
09/04/2009,EGE,CO,ANM,WE,Federal Contract Tower,2,22,24,0,48,0,0,19,24,43,2,22,43,24,91,8,2,10,101
09/05/2009,EGE,CO,ANM,WE,Federal Contract Tower,0,21,15,0,36,0,0,31,0,31,0,21,46,0,67,20,0,20,87
09/06/2009,EGE,CO,ANM,WE,Federal Contract Tower,2,23,22,0,47,0,0,18,0,18,2,23,40,0,65,4,0,4,69
09/07/2009,EGE,CO,ANM,WE,Federal Contract Tower,2,28,39,0,69,0,0,13,0,13,2,28,52,0,82,16,0,16,98
09/08/2009,EGE,CO,ANM,WE,Federal Contract Tower,0,31,21,0,52,0,0,17,9,26,0,31,38,9,78,14,0,14,92
09/09/2009,EGE,CO,ANM,WE,Federal Contract Tower,2,24,14,1,41,0,0,13,7,20,2,24,27,8,61,2,0,2,63
09/10/2009,EGE,CO,ANM,WE,Federal Contract Tower,2,16,20,2,40,0,0,15,4,19,2,16,35,6,59,0,0,0,59
09/11/2009,EGE,CO,ANM,WE,Federal Contract Tower,2,13,29,0,44,0,0,24,0,24,2,13,53,0,68,8,0,8,76
09/12/2009,EGE,CO,ANM,WE,Federal Contract Tower,0,21,12,0,33,0,0,20,0,20,0,21,32,0,53,0,0,0,53
09/13/2009,EGE,CO,ANM,WE,Federal Contract Tower,2,21,29,0,52,0,0,9,3,12,2,21,38,3,64,2,0,2,66
09/14/2009,EGE,CO,ANM,WE,Federal Contract Tower,2,16,13,0,31,0,0,12,2,14,2,16,25,2,45,0,0,0,45
09/15/2009,EGE,CO,ANM,WE,Federal Contract Tower,0,12,30,0,42,0,0,12,45,57,0,12,42,45,99,6,0,6,105
09/16/2009,EGE,CO,ANM,WE,Federal Contract Tower,2,11,10,9,32,0,0,11,33,44,2,11,21,42,76,3,6,9,85
09/17/2009,EGE,CO,ANM,WE,Federal Contract Tower,2,24,23,0,49,0,0,25,22,47,2,24,48,22,96,4,2,6,102
09/18/2009,EGE,CO,ANM,WE,Federal Contract Tower,2,15,22,0,39,0,0,47,27,74,2,15,69,27,113,26,0,26,139
09/19/2009,EGE,CO,ANM,WE,Federal Contract Tower,0,9,17,0,26,0,0,26,2,28,0,9,43,2,54,2,0,2,56
09/20/2009,EGE,CO,ANM,WE,Federal Contract Tower,2,19,19,0,40,0,0,14,0,14,2,19,33,0,54,0,0,0,54
09/21/2009,EGE,CO,ANM,WE,Federal Contract Tower,2,17,18,0,37,0,0,2,0,2,2,17,20,0,39,0,0,0,39
09/22/2009,EGE,CO,ANM,WE,Federal Contract Tower,0,11,13,0,24,0,0,12,21,33,0,11,25,21,57,4,14,18,75
09/23/2009,EGE,CO,ANM,WE,Federal Contract Tower,2,18,9,0,29,0,0,4,21,25,2,18,13,21,54,6,0,6,60
09/24/2009,EGE,CO,ANM,WE,Federal Contract Tower,2,22,15,0,39,0,0,11,21,32,2,22,26,21,71,0,0,0,71
09/25/2009,EGE,CO,ANM,WE,Federal Contract Tower,2,18,33,0,53,0,0,17,19,36,2,18,50,19,89,8,0,8,97
09/26/2009,EGE,CO,ANM,WE,Federal Contract Tower,0,23,16,0,39,0,0,24,0,24,0,23,40,0,63,22,0,22,85
09/27/2009,EGE,CO,ANM,WE,Federal Contract Tower,2,13,23,0,38,0,0,25,1,26,2,13,48,1,64,12,0,12,76
09/28/2009,EGE,CO,ANM,WE,Federal Contract Tower,2,24,13,2,41,0,0,16,0,16,2,24,29,2,57,6,0,6,63
09/29/2009,EGE,CO,ANM,WE,Federal Contract Tower,0,18,21,0,39,0,0,20,32,52,0,18,41,32,91,14,26,40,131
09/30/2009,EGE,CO,ANM,WE,Federal Contract Tower,2,11,18,0,31,0,0,0,24,24,2,11,18,24,55,0,0,0,55
10/01/2009,EGE,CO,ANM,WE,Federal Contract Tower,2,24,13,0,39,0,0,3,38,41,2,24,16,38,80,0,0,0,80
10/02/2009,EGE,CO,ANM,WE,Federal Contract Tower,0,20,24,0,44,0,0,14,7,21,0,20,38,7,65,18,14,32,97
10/03/2009,EGE,CO,ANM,WE,Federal Contract Tower,0,15,7,0,22,0,0,24,0,24,0,15,31,0,46,16,10,26,72
10/04/2009,EGE,CO,ANM,WE,Federal Contract Tower,2,32,22,0,56,0,0,9,3,12,2,32,31,3,68,10,0,10,78
10/05/2009,EGE,CO,ANM,WE,Federal Contract Tower,2,12,9,2,25,0,0,1,0,1,2,12,10,2,26,0,0,0,26
10/06/2009,EGE,CO,ANM,WE,Federal Contract Tower,0,9,11,0,20,0,0,15,24,39,0,9,26,24,59,4,22,26,85
10/07/2009,EGE,CO,ANM,WE,Federal Contract Tower,2,13,19,1,35,0,0,11,23,34,2,13,30,24,69,0,0,0,69
10/08/2009,EGE,CO,ANM,WE,Federal Contract Tower,2,23,14,3,42,0,0,2,25,27,2,23,16,28,69,0,0,0,69
10/09/2009,EGE,CO,ANM,WE,Federal Contract Tower,2,13,13,0,28,0,0,7,11,18,2,13,20,11,46,18,9,27,73
10/10/2009,EGE,CO,ANM,WE,Federal Contract Tower,0,6,4,0,10,0,0,2,0,2,0,6,6,0,12,0,0,0,12
10/11/2009,EGE,CO,ANM,WE,Federal Contract Tower,2,10,15,0,27,0,0,0,0,0,2,10,15,0,27,0,0,0,27
10/12/2009,EGE,CO,ANM,WE,Federal Contract Tower,2,14,14,0,30,0,0,25,0,25,2,14,39,0,55,20,0,20,75
10/13/2009,EGE,CO,ANM,WE,Federal Contract Tower,0,12,18,0,30,0,0,11,0,11,0,12,29,0,41,2,0,2,43
10/14/2009,EGE,CO,ANM,WE,Federal Contract Tower,2,3,12,0,17,0,0,0,0,0,2,3,12,0,17,0,0,0,17
10/15/2009,EGE,CO,ANM,WE,Federal Contract Tower,2,11,7,0,20,0,0,4,0,4,2,11,11,0,24,0,0,0,24
10/16/2009,EGE,CO,ANM,WE,Federal Contract Tower,2,14,5,0,21,0,0,16,2,18,2,14,21,2,39,18,0,18,57
10/17/2009,EGE,CO,ANM,WE,Federal Contract Tower,0,6,7,0,13,0,0,8,8,16,0,6,15,8,29,0,0,0,29
10/18/2009,EGE,CO,ANM,WE,Federal Contract Tower,2,12,14,0,28,0,0,20,2,22,2,12,34,2,50,10,0,10,60
10/19/2009,EGE,CO,ANM,WE,Federal Contract Tower,2,10,14,0,26,0,0,11,0,11,2,10,25,0,37,0,0,0,37
10/20/2009,EGE,CO,ANM,WE,Federal Contract Tower,0,16,8,24,48,0,0,11,0,11,0,16,19,24,59,6,0,6,65
10/21/2009,EGE,CO,ANM,WE,Federal Contract Tower,2,8,6,0,16,0,0,5,0,5,2,8,11,0,21,0,0,0,21
10/22/2009,EGE,CO,ANM,WE,Federal Contract Tower,2,16,2,0,20,0,2,12,0,14,2,18,14,0,34,26,5,31,65
10/23/2009,EGE,CO,ANM,WE,Federal Contract Tower,2,15,10,0,27,0,0,8,0,8,2,15,18,0,35,0,0,0,35
10/24/2009,EGE,CO,ANM,WE,Federal Contract Tower,0,10,4,0,14,0,0,2,0,2,0,10,6,0,16,0,0,0,16
10/25/2009,EGE,CO,ANM,WE,Federal Contract Tower,2,9,11,0,22,0,0,7,0,7,2,9,18,0,29,12,0,12,41
10/26/2009,EGE,CO,ANM,WE,Federal Contract Tower,2,13,21,0,36,0,0,7,0,7,2,13,28,0,43,6,0,6,49
10/27/2009,EGE,CO,ANM,WE,Federal Contract Tower,0,9,7,0,16,0,0,1,0,1,0,9,8,0,17,0,0,0,17
10/28/2009,EGE,CO,ANM,WE,Federal Contract Tower,2,3,7,0,12,0,0,0,0,0,2,3,7,0,12,0,0,0,12
10/29/2009,EGE,CO,ANM,WE,Federal Contract Tower,2,5,11,0,18,0,0,0,0,0,2,5,11,0,18,0,0,0,18
10/30/2009,EGE,CO,ANM,WE,Federal Contract Tower,2,12,8,0,22,0,0,0,0,0,2,12,8,0,22,22,0,22,44
10/31/2009,EGE,CO,ANM,WE,Federal Contract Tower,0,4,4,0,8,0,0,33,0,33,0,4,37,0,41,12,0,12,53
11/01/2009,EGE,CO,ANM,WE,Federal Contract Tower,2,13,12,0,27,0,0,15,0,15,2,13,27,0,42,4,0,4,46
11/02/2009,EGE,CO,ANM,WE,Federal Contract Tower,2,4,3,2,11,0,0,0,0,0,2,4,3,2,11,0,0,0,11
11/03/2009,EGE,CO,ANM,WE,Federal Contract Tower,0,5,13,0,18,0,0,0,0,0,0,5,13,0,18,20,0,20,38
11/04/2009,EGE,CO,ANM,WE,Federal Contract Tower,2,6,3,0,11,0,0,14,0,14,2,6,17,0,25,0,0,0,25
11/05/2009,EGE,CO,ANM,WE,Federal Contract Tower,2,11,10,1,24,0,0,18,3,21,2,11,28,4,45,0,32,32,77
11/06/2009,EGE,CO,ANM,WE,Federal Contract Tower,2,9,6,0,17,0,0,14,0,14,2,9,20,0,31,0,0,0,31
11/07/2009,EGE,CO,ANM,WE,Federal Contract Tower,0,3,6,0,9,0,0,70,0,70,0,3,76,0,79,18,0,18,97
11/08/2009,EGE,CO,ANM,WE,Federal Contract Tower,2,9,10,1,22,0,0,9,0,9,2,9,19,1,31,5,8,13,44
11/09/2009,EGE,CO,ANM,WE,Federal Contract Tower,2,7,10,0,19,2,0,8,0,10,4,7,18,0,29,0,0,0,29
11/10/2009,EGE,CO,ANM,WE,Federal Contract Tower,0,8,5,0,13,0,0,7,0,7,0,8,12,0,20,2,0,2,22
11/11/2009,EGE,CO,ANM,WE,Federal Contract Tower,2,10,14,0,26,0,0,21,5,26,2,10,35,5,52,19,11,30,82
11/12/2009,EGE,CO,ANM,WE,Federal Contract Tower,2,6,4,2,14,0,0,1,2,3,2,6,5,4,17,0,3,3,20
11/13/2009,EGE,CO,ANM,WE,Federal Contract Tower,2,9,7,0,18,0,0,0,0,0,2,9,7,0,18,0,0,0,18
11/14/2009,EGE,CO,ANM,WE,Federal Contract Tower,0,7,5,0,12,0,0,0,0,0,0,7,5,0,12,0,0,0,12
11/15/2009,EGE,CO,ANM,WE,Federal Contract Tower,3,7,7,0,17,0,0,0,0,0,3,7,7,0,17,0,0,0,17
11/16/2009,EGE,CO,ANM,WE,Federal Contract Tower,2,11,3,0,16,0,0,23,3,26,2,11,26,3,42,6,0,6,48
11/17/2009,EGE,CO,ANM,WE,Federal Contract Tower,0,1,7,1,9,0,0,9,32,41,0,1,16,33,50,16,0,16,66
11/18/2009,EGE,CO,ANM,WE,Federal Contract Tower,2,7,13,1,23,0,0,23,33,56,2,7,36,34,79,0,30,30,109
11/19/2009,EGE,CO,ANM,WE,Federal Contract Tower,2,8,10,2,22,0,0,40,21,61,2,8,50,23,83,4,0,4,87
11/20/2009,EGE,CO,ANM,WE,Federal Contract Tower,2,13,14,1,30,0,0,25,20,45,2,13,39,21,75,16,20,36,111
11/21/2009,EGE,CO,ANM,WE,Federal Contract Tower,2,15,10,1,28,0,0,15,6,21,2,15,25,7,49,0,14,14,63
11/22/2009,EGE,CO,ANM,WE,Federal Contract Tower,2,11,8,0,21,0,0,5,0,5,2,11,13,0,26,0,0,0,26
11/23/2009,EGE,CO,ANM,WE,Federal Contract Tower,2,18,15,2,37,0,0,2,3,5,2,18,17,5,42,0,0,0,42
11/24/2009,EGE,CO,ANM,WE,Federal Contract Tower,1,26,28,0,55,0,0,14,2,16,1,26,42,2,71,0,0,0,71
11/25/2009,EGE,CO,ANM,WE,Federal Contract Tower,2,19,34,0,55,0,0,11,0,11,2,19,45,0,66,16,0,16,82
11/26/2009,EGE,CO,ANM,WE,Federal Contract Tower,2,6,6,0,14,0,1,4,0,5,2,7,10,0,19,0,0,0,19
11/27/2009,EGE,CO,ANM,WE,Federal Contract Tower,2,12,6,0,20,0,0,19,0,19,2,12,25,0,39,0,0,0,39
11/28/2009,EGE,CO,ANM,WE,Federal Contract Tower,2,15,15,0,32,0,0,5,0,5,2,15,20,0,37,0,0,0,37
11/29/2009,EGE,CO,ANM,WE,Federal Contract Tower,2,19,65,0,86,0,0,10,1,11,2,19,75,1,97,0,0,0,97
11/30/2009,EGE,CO,ANM,WE,Federal Contract Tower,2,16,19,0,37,0,0,15,0,15,2,16,34,0,52,0,0,0,52
12/01/2009,EGE,CO,ANM,WE,Federal Contract Tower,2,19,13,0,34,0,0,28,53,81,2,19,41,53,115,46,0,46,161
12/02/2009,EGE,CO,ANM,WE,Federal Contract Tower,2,18,14,2,36,0,0,1,25,26,2,18,15,27,62,0,0,0,62
12/03/2009,EGE,CO,ANM,WE,Federal Contract Tower,2,16,21,0,39,0,0,9,43,52,2,16,30,43,91,6,0,6,97
12/04/2009,EGE,CO,ANM,WE,Federal Contract Tower,2,23,19,3,47,0,0,18,7,25,2,23,37,10,72,0,0,0,72
12/05/2009,EGE,CO,ANM,WE,Federal Contract Tower,2,15,17,0,34,0,0,16,4,20,2,15,33,4,54,4,18,22,76
12/06/2009,EGE,CO,ANM,WE,Federal Contract Tower,2,24,26,0,52,0,0,3,1,4,2,24,29,1,56,0,0,0,56
12/07/2009,EGE,CO,ANM,WE,Federal Contract Tower,2,6,8,0,16,0,0,0,0,0,2,6,8,0,16,0,0,0,16
12/08/2009,EGE,CO,ANM,WE,Federal Contract Tower,2,4,5,0,11,0,0,1,10,11,2,4,6,10,22,0,0,0,22
12/09/2009,EGE,CO,ANM,WE,Federal Contract Tower,2,17,7,0,26,0,0,3,27,30,2,17,10,27,56,0,0,0,56
12/10/2009,EGE,CO,ANM,WE,Federal Contract Tower,2,15,12,0,29,0,0,16,53,69,2,15,28,53,98,0,0,0,98
12/11/2009,EGE,CO,ANM,WE,Federal Contract Tower,4,24,24,0,52,0,0,22,18,40,4,24,46,18,92,38,0,38,130
12/12/2009,EGE,CO,ANM,WE,Federal Contract Tower,4,9,26,0,39,0,0,1,0,1,4,9,27,0,40,0,0,0,40
12/13/2009,EGE,CO,ANM,WE,Federal Contract Tower,7,10,16,0,33,0,0,0,0,0,7,10,16,0,33,0,0,0,33
12/14/2009,EGE,CO,ANM,WE,Federal Contract Tower,4,23,20,0,47,0,0,4,1,5,4,23,24,1,52,0,0,0,52
12/15/2009,EGE,CO,ANM,WE,Federal Contract Tower,4,18,13,0,35,0,0,12,57,69,4,18,25,57,104,4,0,4,108
12/16/2009,EGE,CO,ANM,WE,Federal Contract Tower,5,28,25,0,58,0,0,20,34,54,5,28,45,34,112,46,0,46,158
12/17/2009,EGE,CO,ANM,WE,Federal Contract Tower,15,24,42,0,81,0,0,13,36,49,15,24,55,36,130,0,8,8,138
12/18/2009,EGE,CO,ANM,WE,Federal Contract Tower,19,63,99,0,181,0,0,11,17,28,19,63,110,17,209,8,2,10,219
12/19/2009,EGE,CO,ANM,WE,Federal Contract Tower,33,53,92,0,178,0,0,15,1,16,33,53,107,1,194,0,0,0,194
12/20/2009,EGE,CO,ANM,WE,Federal Contract Tower,26,40,70,0,136,0,0,14,0,14,26,40,84,0,150,0,0,0,150
12/21/2009,EGE,CO,ANM,WE,Federal Contract Tower,25,39,37,0,101,0,0,13,1,14,25,39,50,1,115,6,8,14,129
12/22/2009,EGE,CO,ANM,WE,Federal Contract Tower,18,37,57,0,112,0,0,7,9,16,18,37,64,9,128,4,12,16,144
12/23/2009,EGE,CO,ANM,WE,Federal Contract Tower,25,31,52,0,108,0,0,0,0,0,25,31,52,0,108,0,0,0,108
12/24/2009,EGE,CO,ANM,WE,Federal Contract Tower,20,19,31,0,70,0,0,9,0,9,20,19,40,0,79,6,0,6,85
12/25/2009,EGE,CO,ANM,WE,Federal Contract Tower,23,27,28,0,78,0,0,4,0,4,23,27,32,0,82,0,0,0,82
12/26/2009,EGE,CO,ANM,WE,Federal Contract Tower,39,71,151,0,261,0,0,11,0,11,39,71,162,0,272,0,0,0,272
12/27/2009,EGE,CO,ANM,WE,Federal Contract Tower,26,73,89,0,188,0,0,11,1,12,26,73,100,1,200,0,0,0,200
12/28/2009,EGE,CO,ANM,WE,Federal Contract Tower,25,50,76,0,151,0,0,8,0,8,25,50,84,0,159,0,0,0,159
12/29/2009,EGE,CO,ANM,WE,Federal Contract Tower,22,37,69,0,128,0,0,4,4,8,22,37,73,4,136,6,0,6,142
12/30/2009,EGE,CO,ANM,WE,Federal Contract Tower,28,42,65,0,135,0,0,0,0,0,28,42,65,0,135,0,0,0,135
12/31/2009,EGE,CO,ANM,WE,Federal Contract Tower,23,39,52,0,114,0,0,10,4,14,23,39,62,4,128,6,0,6,134
01/01/2010,EGE,CO,ANM,WE,Federal Contract Tower,24,56,63,0,143,0,0,10,0,10,24,56,73,0,153,0,0,0,153
01/02/2010,EGE,CO,ANM,WE,Federal Contract Tower,30,55,124,0,209,0,0,1,0,1,30,55,125,0,210,0,0,0,210
01/03/2010,EGE,CO,ANM,WE,Federal Contract Tower,25,70,162,0,257,0,0,2,2,4,25,70,164,2,261,2,0,2,263
01/04/2010,EGE,CO,ANM,WE,Federal Contract Tower,28,59,85,0,172,0,0,12,1,13,28,59,97,1,185,0,0,0,185
01/05/2010,EGE,CO,ANM,WE,Federal Contract Tower,21,25,33,0,79,0,0,9,38,47,21,25,42,38,126,12,12,24,150
01/06/2010,EGE,CO,ANM,WE,Federal Contract Tower,18,25,20,0,63,0,0,3,59,62,18,25,23,59,125,0,5,5,130
01/07/2010,EGE,CO,ANM,WE,Federal Contract Tower,22,23,35,0,80,0,0,19,44,63,22,23,54,44,143,18,0,18,161
01/08/2010,EGE,CO,ANM,WE,Federal Contract Tower,21,17,31,0,69,0,0,8,21,29,21,17,39,21,98,16,0,16,114
01/09/2010,EGE,CO,ANM,WE,Federal Contract Tower,28,23,35,0,86,0,0,13,7,20,28,23,48,7,106,2,0,2,108
01/10/2010,EGE,CO,ANM,WE,Federal Contract Tower,28,37,50,0,115,0,0,11,5,16,28,37,61,5,131,4,0,4,135
01/11/2010,EGE,CO,ANM,WE,Federal Contract Tower,24,12,15,0,51,0,0,8,0,8,24,12,23,0,59,0,0,0,59
01/12/2010,EGE,CO,ANM,WE,Federal Contract Tower,19,22,13,0,54,0,0,21,67,88,19,22,34,67,142,4,20,24,166
01/13/2010,EGE,CO,ANM,WE,Federal Contract Tower,20,22,30,0,72,0,0,0,0,0,20,22,30,0,72,0,0,0,72
01/14/2010,EGE,CO,ANM,WE,Federal Contract Tower,21,23,30,0,74,0,0,8,92,100,21,23,38,92,174,0,0,0,174
01/15/2010,EGE,CO,ANM,WE,Federal Contract Tower,24,33,39,1,97,0,0,19,39,58,24,33,58,40,155,4,0,4,159
01/16/2010,EGE,CO,ANM,WE,Federal Contract Tower,30,24,35,1,90,0,0,16,8,24,30,24,51,9,114,2,10,12,126
01/17/2010,EGE,CO,ANM,WE,Federal Contract Tower,28,24,33,0,85,0,0,1,0,1,28,24,34,0,86,0,6,6,92
01/18/2010,EGE,CO,ANM,WE,Federal Contract Tower,24,52,37,3,116,0,0,11,0,11,24,52,48,3,127,0,0,0,127
01/19/2010,EGE,CO,ANM,WE,Federal Contract Tower,24,16,19,0,59,0,0,0,0,0,24,16,19,0,59,0,26,26,85
01/20/2010,EGE,CO,ANM,WE,Federal Contract Tower,19,19,18,0,56,0,0,2,8,10,19,19,20,8,66,0,0,0,66
01/21/2010,EGE,CO,ANM,WE,Federal Contract Tower,20,30,27,0,77,0,0,3,4,7,20,30,30,4,84,0,0,0,84
01/22/2010,EGE,CO,ANM,WE,Federal Contract Tower,24,16,14,0,54,0,0,0,0,0,24,16,14,0,54,0,0,0,54
01/23/2010,EGE,CO,ANM,WE,Federal Contract Tower,30,19,25,0,74,0,0,1,0,1,30,19,26,0,75,0,0,0,75
01/24/2010,EGE,CO,ANM,WE,Federal Contract Tower,26,25,29,0,80,0,0,0,0,0,26,25,29,0,80,0,0,0,80
01/25/2010,EGE,CO,ANM,WE,Federal Contract Tower,25,15,22,0,62,0,0,11,7,18,25,15,33,7,80,0,0,0,80
01/26/2010,EGE,CO,ANM,WE,Federal Contract Tower,21,28,20,0,69,0,0,17,60,77,21,28,37,60,146,0,14,14,160
01/27/2010,EGE,CO,ANM,WE,Federal Contract Tower,16,26,21,0,63,0,0,13,52,65,16,26,34,52,128,0,0,0,128
01/28/2010,EGE,CO,ANM,WE,Federal Contract Tower,24,16,41,0,81,0,0,7,58,65,24,16,48,58,146,2,0,2,148
01/29/2010,EGE,CO,ANM,WE,Federal Contract Tower,24,18,41,0,83,0,0,6,18,24,24,18,47,18,107,6,0,6,113
01/30/2010,EGE,CO,ANM,WE,Federal Contract Tower,30,28,29,0,87,0,0,15,7,22,30,28,44,7,109,0,14,14,123
01/31/2010,EGE,CO,ANM,WE,Federal Contract Tower,27,30,49,0,106,0,0,11,0,11,27,30,60,0,117,4,0,4,121
02/01/2010,EGE,CO,ANM,WE,Federal Contract Tower,25,19,33,0,77,0,0,5,4,9,25,19,38,4,86,0,4,4,90
02/02/2010,EGE,CO,ANM,WE,Federal Contract Tower,21,36,35,0,92,0,0,12,41,53,21,36,47,41,145,6,46,52,197
02/03/2010,EGE,CO,ANM,WE,Federal Contract Tower,22,31,43,2,98,0,0,7,35,42,22,31,50,37,140,2,4,6,146
02/04/2010,EGE,CO,ANM,WE,Federal Contract Tower,25,40,49,0,114,0,0,3,60,63,25,40,52,60,177,8,0,8,185
02/05/2010,EGE,CO,ANM,WE,Federal Contract Tower,23,28,49,1,101,0,0,9,23,32,23,28,58,24,133,6,2,8,141
02/06/2010,EGE,CO,ANM,WE,Federal Contract Tower,33,35,33,0,101,0,0,0,0,0,33,35,33,0,101,0,0,0,101
02/07/2010,EGE,CO,ANM,WE,Federal Contract Tower,26,23,38,0,87,0,0,2,0,2,26,23,40,0,89,0,0,0,89
02/08/2010,EGE,CO,ANM,WE,Federal Contract Tower,23,25,40,1,89,0,0,2,0,2,23,25,42,1,91,0,0,0,91
02/09/2010,EGE,CO,ANM,WE,Federal Contract Tower,21,28,24,0,73,0,0,31,55,86,21,28,55,55,159,34,22,56,215
02/10/2010,EGE,CO,ANM,WE,Federal Contract Tower,18,26,37,0,81,0,0,16,27,43,18,26,53,27,124,34,44,78,202
02/11/2010,EGE,CO,ANM,WE,Federal Contract Tower,22,34,84,0,140,0,0,5,16,21,22,34,89,16,161,0,10,10,171
02/12/2010,EGE,CO,ANM,WE,Federal Contract Tower,22,55,104,0,181,0,0,7,28,35,22,55,111,28,216,10,2,12,228
02/13/2010,EGE,CO,ANM,WE,Federal Contract Tower,36,50,60,0,146,0,0,3,0,3,36,50,63,0,149,0,0,0,149
02/14/2010,EGE,CO,ANM,WE,Federal Contract Tower,27,42,42,3,114,0,0,6,0,6,27,42,48,3,120,0,0,0,120
02/15/2010,EGE,CO,ANM,WE,Federal Contract Tower,27,79,97,0,203,0,0,6,5,11,27,79,103,5,214,0,0,0,214
02/16/2010,EGE,CO,ANM,WE,Federal Contract Tower,21,41,50,0,112,0,0,3,1,4,21,41,53,1,116,16,0,16,132
02/17/2010,EGE,CO,ANM,WE,Federal Contract Tower,24,24,35,0,83,0,0,1,4,5,24,24,36,4,88,2,0,2,90
02/18/2010,EGE,CO,ANM,WE,Federal Contract Tower,34,30,31,0,95,0,0,4,0,4,34,30,35,0,99,0,0,0,99
02/19/2010,EGE,CO,ANM,WE,Federal Contract Tower,20,14,32,0,66,0,0,1,0,1,20,14,33,0,67,0,0,0,67
02/20/2010,EGE,CO,ANM,WE,Federal Contract Tower,5,4,19,0,28,0,0,0,0,0,5,4,19,0,28,0,0,0,28
02/21/2010,EGE,CO,ANM,WE,Federal Contract Tower,38,32,47,0,117,0,0,0,0,0,38,32,47,0,117,0,0,0,117
02/22/2010,EGE,CO,ANM,WE,Federal Contract Tower,24,35,40,0,99,0,1,15,0,16,24,36,55,0,115,0,0,0,115
02/23/2010,EGE,CO,ANM,WE,Federal Contract Tower,22,22,26,4,74,0,0,21,21,42,22,22,47,25,116,14,28,42,158
02/24/2010,EGE,CO,ANM,WE,Federal Contract Tower,25,30,34,0,89,0,0,8,32,40,25,30,42,32,129,4,0,4,133
02/25/2010,EGE,CO,ANM,WE,Federal Contract Tower,27,22,34,0,83,0,0,39,0,39,27,22,73,0,122,0,0,0,122
02/26/2010,EGE,CO,ANM,WE,Federal Contract Tower,22,24,37,0,83,0,0,17,11,28,22,24,54,11,111,0,6,6,117
02/27/2010,EGE,CO,ANM,WE,Federal Contract Tower,37,32,38,0,107,0,0,13,0,13,37,32,51,0,120,0,0,0,120
02/28/2010,EGE,CO,ANM,WE,Federal Contract Tower,28,44,47,0,119,0,0,1,0,1,28,44,48,0,120,0,0,0,120
03/01/2010,EGE,CO,ANM,WE,Federal Contract Tower,24,29,25,5,83,0,0,1,0,1,24,29,26,5,84,18,0,18,102
03/02/2010,EGE,CO,ANM,WE,Federal Contract Tower,22,17,19,0,58,0,0,49,29,78,22,17,68,29,136,20,26,46,182
03/03/2010,EGE,CO,ANM,WE,Federal Contract Tower,21,34,38,0,93,0,0,21,13,34,21,34,59,13,127,32,4,36,163
03/04/2010,EGE,CO,ANM,WE,Federal Contract Tower,23,25,39,0,87,2,12,18,0,32,25,37,57,0,119,0,0,0,119
03/05/2010,EGE,CO,ANM,WE,Federal Contract Tower,26,23,33,0,82,0,0,7,4,11,26,23,40,4,93,22,0,22,115
03/06/2010,EGE,CO,ANM,WE,Federal Contract Tower,37,30,37,0,104,0,0,23,0,23,37,30,60,0,127,8,0,8,135
03/07/2010,EGE,CO,ANM,WE,Federal Contract Tower,27,40,56,0,123,0,0,7,3,10,27,40,63,3,133,2,0,2,135
03/08/2010,EGE,CO,ANM,WE,Federal Contract Tower,27,19,31,0,77,0,0,4,1,5,27,19,35,1,82,0,20,20,102
03/09/2010,EGE,CO,ANM,WE,Federal Contract Tower,24,18,29,0,71,0,0,12,26,38,24,18,41,26,109,0,4,4,113
03/10/2010,EGE,CO,ANM,WE,Federal Contract Tower,23,24,30,2,79,0,0,0,28,28,23,24,30,30,107,0,0,0,107
03/11/2010,EGE,CO,ANM,WE,Federal Contract Tower,24,35,42,0,101,0,0,10,27,37,24,35,52,27,138,0,0,0,138
03/12/2010,EGE,CO,ANM,WE,Federal Contract Tower,26,39,57,0,122,7,31,11,0,49,33,70,68,0,171,10,0,10,181
03/13/2010,EGE,CO,ANM,WE,Federal Contract Tower,40,56,72,0,168,0,0,18,2,20,40,56,90,2,188,8,2,10,198
03/14/2010,EGE,CO,ANM,WE,Federal Contract Tower,26,40,66,0,132,0,2,4,0,6,26,42,70,0,138,0,0,0,138
03/15/2010,EGE,CO,ANM,WE,Federal Contract Tower,27,29,42,0,98,0,1,22,1,24,27,30,64,1,122,0,0,0,122
03/16/2010,EGE,CO,ANM,WE,Federal Contract Tower,21,31,35,0,87,0,0,16,25,41,21,31,51,25,128,16,56,72,200
03/17/2010,EGE,CO,ANM,WE,Federal Contract Tower,22,33,40,0,95,0,2,22,39,63,22,35,62,39,158,26,0,26,184
03/18/2010,EGE,CO,ANM,WE,Federal Contract Tower,23,34,74,0,131,0,0,14,33,47,23,34,88,33,178,10,2,12,190
03/19/2010,EGE,CO,ANM,WE,Federal Contract Tower,19,18,41,0,78,0,0,0,0,0,19,18,41,0,78,0,0,0,78
03/20/2010,EGE,CO,ANM,WE,Federal Contract Tower,43,53,54,0,150,0,0,9,2,11,43,53,63,2,161,0,0,0,161
03/21/2010,EGE,CO,ANM,WE,Federal Contract Tower,33,60,90,8,191,0,0,14,0,14,33,60,104,8,205,0,0,0,205
03/22/2010,EGE,CO,ANM,WE,Federal Contract Tower,28,47,30,0,105,0,0,17,0,17,28,47,47,0,122,0,0,0,122
03/23/2010,EGE,CO,ANM,WE,Federal Contract Tower,22,18,18,0,58,0,0,6,29,35,22,18,24,29,93,0,30,30,123
03/24/2010,EGE,CO,ANM,WE,Federal Contract Tower,17,33,28,0,78,0,0,11,30,41,17,33,39,30,119,22,0,22,141
03/25/2010,EGE,CO,ANM,WE,Federal Contract Tower,24,35,38,0,97,0,2,14,34,50,24,37,52,34,147,6,0,6,153
03/26/2010,EGE,CO,ANM,WE,Federal Contract Tower,28,35,50,0,113,0,0,3,0,3,28,35,53,0,116,0,0,0,116
03/27/2010,EGE,CO,ANM,WE,Federal Contract Tower,39,75,93,0,207,0,0,4,1,5,39,75,97,1,212,0,0,0,212
03/28/2010,EGE,CO,ANM,WE,Federal Contract Tower,26,32,72,0,130,0,0,15,1,16,26,32,87,1,146,6,0,6,152
03/29/2010,EGE,CO,ANM,WE,Federal Contract Tower,22,14,40,0,76,0,0,23,0,23,22,14,63,0,99,0,0,0,99
03/30/2010,EGE,CO,ANM,WE,Federal Contract Tower,16,35,31,0,82,0,1,8,29,38,16,36,39,29,120,0,16,16,136
03/31/2010,EGE,CO,ANM,WE,Federal Contract Tower,19,28,53,0,100,0,0,4,26,30,19,28,57,26,130,0,0,0,130
04/01/2010,EGE,CO,ANM,WE,Federal Contract Tower,30,21,36,0,87,0,0,0,27,27,30,21,36,27,114,0,0,0,114
04/02/2010,EGE,CO,ANM,WE,Federal Contract Tower,23,37,43,0,103,0,0,5,18,23,23,37,48,18,126,0,2,2,128
04/03/2010,EGE,CO,ANM,WE,Federal Contract Tower,33,39,56,0,128,0,0,1,0,1,33,39,57,0,129,0,0,0,129
04/04/2010,EGE,CO,ANM,WE,Federal Contract Tower,24,32,63,0,119,0,2,5,0,7,24,34,68,0,126,0,0,0,126
04/05/2010,EGE,CO,ANM,WE,Federal Contract Tower,17,17,30,46,110,0,0,1,0,1,17,17,31,46,111,0,0,0,111
04/06/2010,EGE,CO,ANM,WE,Federal Contract Tower,1,9,12,0,22,0,0,0,14,14,1,9,12,14,36,10,3,13,49
04/07/2010,EGE,CO,ANM,WE,Federal Contract Tower,0,16,14,2,32,0,0,10,14,24,0,16,24,16,56,0,20,20,76
04/08/2010,EGE,CO,ANM,WE,Federal Contract Tower,2,15,14,0,31,0,0,43,26,69,2,15,57,26,100,24,2,26,126
04/09/2010,EGE,CO,ANM,WE,Federal Contract Tower,2,9,15,0,26,0,0,30,16,46,2,9,45,16,72,40,9,49,121
04/10/2010,EGE,CO,ANM,WE,Federal Contract Tower,3,11,23,0,37,0,0,24,5,29,3,11,47,5,66,22,8,30,96
04/11/2010,EGE,CO,ANM,WE,Federal Contract Tower,1,18,44,0,63,0,0,16,0,16,1,18,60,0,79,16,0,16,95
04/12/2010,EGE,CO,ANM,WE,Federal Contract Tower,1,7,15,0,23,0,0,9,0,9,1,7,24,0,32,6,0,6,38
04/13/2010,EGE,CO,ANM,WE,Federal Contract Tower,0,7,4,0,11,0,0,4,0,4,0,7,8,0,15,0,0,0,15
04/14/2010,EGE,CO,ANM,WE,Federal Contract Tower,0,8,7,0,15,0,0,21,2,23,0,8,28,2,38,38,2,40,78
04/15/2010,EGE,CO,ANM,WE,Federal Contract Tower,3,7,9,2,21,0,9,2,0,11,3,16,11,2,32,34,0,34,66
04/16/2010,EGE,CO,ANM,WE,Federal Contract Tower,3,8,14,0,25,0,0,27,3,30,3,8,41,3,55,14,0,14,69
04/17/2010,EGE,CO,ANM,WE,Federal Contract Tower,1,4,4,0,9,0,0,3,0,3,1,4,7,0,12,10,0,10,22
04/18/2010,EGE,CO,ANM,WE,Federal Contract Tower,1,7,7,0,15,0,0,13,3,16,1,7,20,3,31,4,0,4,35
04/19/2010,EGE,CO,ANM,WE,Federal Contract Tower,3,3,10,2,18,0,0,8,0,8,3,3,18,2,26,8,0,8,34
04/20/2010,EGE,CO,ANM,WE,Federal Contract Tower,3,7,3,0,13,0,2,8,25,35,3,9,11,25,48,0,6,6,54
04/21/2010,EGE,CO,ANM,WE,Federal Contract Tower,3,6,4,0,13,0,0,3,20,23,3,6,7,20,36,0,6,6,42
04/22/2010,EGE,CO,ANM,WE,Federal Contract Tower,3,4,16,0,23,0,0,6,25,31,3,4,22,25,54,4,10,14,68
04/23/2010,EGE,CO,ANM,WE,Federal Contract Tower,3,15,11,0,29,0,0,1,14,15,3,15,12,14,44,0,4,4,48
04/24/2010,EGE,CO,ANM,WE,Federal Contract Tower,3,9,5,2,19,0,0,4,0,4,3,9,9,2,23,0,0,0,23
04/25/2010,EGE,CO,ANM,WE,Federal Contract Tower,3,7,12,0,22,0,0,8,1,9,3,7,20,1,31,0,0,0,31
04/26/2010,EGE,CO,ANM,WE,Federal Contract Tower,3,3,10,0,16,0,0,8,0,8,3,3,18,0,24,0,0,0,24
04/27/2010,EGE,CO,ANM,WE,Federal Contract Tower,3,6,6,0,15,0,0,26,15,41,3,6,32,15,56,18,22,40,96
04/28/2010,EGE,CO,ANM,WE,Federal Contract Tower,0,4,3,4,11,0,0,3,0,3,0,4,6,4,14,0,0,0,14
04/29/2010,EGE,CO,ANM,WE,Federal Contract Tower,3,1,12,0,16,0,0,0,0,0,3,1,12,0,16,0,0,0,16
04/30/2010,EGE,CO,ANM,WE,Federal Contract Tower,3,7,12,0,22,0,0,1,37,38,3,7,13,37,60,0,10,10,70
05/01/2010,EGE,CO,ANM,WE,Federal Contract Tower,3,8,9,2,22,0,0,1,1,2,3,8,10,3,24,0,0,0,24
05/02/2010,EGE,CO,ANM,WE,Federal Contract Tower,3,11,5,0,19,0,0,0,0,0,3,11,5,0,19,0,0,0,19
05/03/2010,EGE,CO,ANM,WE,Federal Contract Tower,3,3,4,0,10,0,0,21,3,24,3,3,25,3,34,0,4,4,38
05/04/2010,EGE,CO,ANM,WE,Federal Contract Tower,2,1,6,0,9,1,6,1,0,8,3,7,7,0,17,0,0,0,17
05/05/2010,EGE,CO,ANM,WE,Federal Contract Tower,3,5,10,0,18,0,0,11,29,40,3,5,21,29,58,0,30,30,88
05/06/2010,EGE,CO,ANM,WE,Federal Contract Tower,1,9,14,0,24,0,0,1,28,29,1,9,15,28,53,0,12,12,65
05/07/2010,EGE,CO,ANM,WE,Federal Contract Tower,3,11,13,0,27,0,0,18,15,33,3,11,31,15,60,26,0,26,86
05/08/2010,EGE,CO,ANM,WE,Federal Contract Tower,3,1,5,0,9,0,0,9,1,10,3,1,14,1,19,48,0,48,67
05/09/2010,EGE,CO,ANM,WE,Federal Contract Tower,3,7,6,0,16,0,0,9,0,9,3,7,15,0,25,16,0,16,41
05/10/2010,EGE,CO,ANM,WE,Federal Contract Tower,3,3,5,1,12,0,0,5,1,6,3,3,10,2,18,0,0,0,18
05/11/2010,EGE,CO,ANM,WE,Federal Contract Tower,2,5,4,0,11,0,0,2,29,31,2,5,6,29,42,0,14,14,56
05/12/2010,EGE,CO,ANM,WE,Federal Contract Tower,3,3,11,0,17,0,0,3,21,24,3,3,14,21,41,0,10,10,51
05/13/2010,EGE,CO,ANM,WE,Federal Contract Tower,3,9,13,2,27,0,0,4,23,27,3,9,17,25,54,18,12,30,84
05/14/2010,EGE,CO,ANM,WE,Federal Contract Tower,3,10,9,0,22,0,0,13,9,22,3,10,22,9,44,0,0,0,44
05/15/2010,EGE,CO,ANM,WE,Federal Contract Tower,3,3,5,0,11,0,0,0,1,1,3,3,5,1,12,0,0,0,12
05/16/2010,EGE,CO,ANM,WE,Federal Contract Tower,430,4,8,0,442,0,0,19,0,19,430,4,27,0,461,0,0,0,461
05/17/2010,EGE,CO,ANM,WE,Federal Contract Tower,3,1,6,0,10,0,0,21,0,21,3,1,27,0,31,0,0,0,31
05/18/2010,EGE,CO,ANM,WE,Federal Contract Tower,3,6,6,0,15,0,0,13,18,31,3,6,19,18,46,6,22,28,74
05/19/2010,EGE,CO,ANM,WE,Federal Contract Tower,2,8,6,0,16,0,0,0,23,23,2,8,6,23,39,0,4,4,43
05/20/2010,EGE,CO,ANM,WE,Federal Contract Tower,3,3,14,0,20,0,0,24,21,45,3,3,38,21,65,4,0,4,69
05/21/2010,EGE,CO,ANM,WE,Federal Contract Tower,3,3,8,0,14,0,2,11,14,27,3,5,19,14,41,0,0,0,41
05/22/2010,EGE,CO,ANM,WE,Federal Contract Tower,3,6,1,0,10,0,1,2,0,3,3,7,3,0,13,0,0,0,13
05/23/2010,EGE,CO,ANM,WE,Federal Contract Tower,2,6,16,0,24,0,0,12,0,12,2,6,28,0,36,0,0,0,36
05/24/2010,EGE,CO,ANM,WE,Federal Contract Tower,3,4,3,0,10,0,1,2,0,3,3,5,5,0,13,0,0,0,13
05/25/2010,EGE,CO,ANM,WE,Federal Contract Tower,3,9,6,0,18,0,0,23,17,40,3,9,29,17,58,32,16,48,106
05/26/2010,EGE,CO,ANM,WE,Federal Contract Tower,4,3,5,0,12,0,4,15,24,43,4,7,20,24,55,20,0,20,75
05/27/2010,EGE,CO,ANM,WE,Federal Contract Tower,3,2,11,0,16,0,0,20,13,33,3,2,31,13,49,8,0,8,57
05/28/2010,EGE,CO,ANM,WE,Federal Contract Tower,1,14,10,0,25,0,0,13,11,24,1,14,23,11,49,10,0,10,59
05/29/2010,EGE,CO,ANM,WE,Federal Contract Tower,3,8,9,0,20,0,2,11,2,15,3,10,20,2,35,0,0,0,35
05/30/2010,EGE,CO,ANM,WE,Federal Contract Tower,3,6,4,0,13,0,1,12,0,13,3,7,16,0,26,14,0,14,40
05/31/2010,EGE,CO,ANM,WE,Federal Contract Tower,1,7,15,0,23,0,0,12,0,12,1,7,27,0,35,0,0,0,35
06/01/2010,EGE,CO,ANM,WE,Federal Contract Tower,3,8,17,0,28,0,0,13,7,20,3,8,30,7,48,6,2,8,56
06/02/2010,EGE,CO,ANM,WE,Federal Contract Tower,3,7,14,0,24,0,0,0,0,0,3,7,14,0,24,30,0,30,54
06/03/2010,EGE,CO,ANM,WE,Federal Contract Tower,1,0,0,0,1,0,0,0,0,0,1,0,0,0,1,0,0,0,1
06/04/2010,EGE,CO,ANM,WE,Federal Contract Tower,0,0,0,0,0,0,0,7,0,7,0,0,7,0,7,4,0,4,11
06/05/2010,EGE,CO,ANM,WE,Federal Contract Tower,3,0,0,0,3,0,0,4,0,4,3,0,4,0,7,6,0,6,13
06/06/2010,EGE,CO,ANM,WE,Federal Contract Tower,3,0,0,0,3,0,0,3,0,3,3,0,3,0,6,0,0,0,6
06/07/2010,EGE,CO,ANM,WE,Federal Contract Tower,3,0,0,0,3,0,0,17,2,19,3,0,17,2,22,0,0,0,22
06/08/2010,EGE,CO,ANM,WE,Federal Contract Tower,3,4,7,0,14,0,0,3,30,33,3,4,10,30,47,16,22,38,85
06/09/2010,EGE,CO,ANM,WE,Federal Contract Tower,5,7,12,0,24,0,0,16,33,49,5,7,28,33,73,6,0,6,79
06/10/2010,EGE,CO,ANM,WE,Federal Contract Tower,6,19,19,0,44,0,0,23,35,58,6,19,42,35,102,10,0,10,112
06/11/2010,EGE,CO,ANM,WE,Federal Contract Tower,7,14,11,0,32,0,0,24,29,53,7,14,35,29,85,32,0,32,117
06/12/2010,EGE,CO,ANM,WE,Federal Contract Tower,10,6,11,0,27,0,0,6,0,6,10,6,17,0,33,0,0,0,33
06/13/2010,EGE,CO,ANM,WE,Federal Contract Tower,8,19,21,0,48,0,0,7,2,9,8,19,28,2,57,0,0,0,57
06/14/2010,EGE,CO,ANM,WE,Federal Contract Tower,7,11,14,0,32,0,0,5,0,5,7,11,19,0,37,6,0,6,43
06/15/2010,EGE,CO,ANM,WE,Federal Contract Tower,6,8,12,0,26,0,0,13,27,40,6,8,25,27,66,16,4,20,86
06/16/2010,EGE,CO,ANM,WE,Federal Contract Tower,7,23,27,0,57,0,0,18,24,42,7,23,45,24,99,0,2,2,101
06/17/2010,EGE,CO,ANM,WE,Federal Contract Tower,7,13,21,0,41,0,0,10,26,36,7,13,31,26,77,2,0,2,79
06/18/2010,EGE,CO,ANM,WE,Federal Contract Tower,7,14,29,0,50,0,0,21,11,32,7,14,50,11,82,20,8,28,110
06/19/2010,EGE,CO,ANM,WE,Federal Contract Tower,10,12,20,0,42,0,0,14,4,18,10,12,34,4,60,20,16,36,96
06/20/2010,EGE,CO,ANM,WE,Federal Contract Tower,8,7,39,0,54,0,0,17,0,17,8,7,56,0,71,10,0,10,81
06/21/2010,EGE,CO,ANM,WE,Federal Contract Tower,7,7,19,0,33,0,0,18,5,23,7,7,37,5,56,8,0,8,64
06/22/2010,EGE,CO,ANM,WE,Federal Contract Tower,6,11,17,0,34,0,0,15,38,53,6,11,32,38,87,12,10,22,109
06/23/2010,EGE,CO,ANM,WE,Federal Contract Tower,7,15,22,0,44,0,0,17,31,48,7,15,39,31,92,20,0,20,112
06/24/2010,EGE,CO,ANM,WE,Federal Contract Tower,6,10,30,0,46,0,0,24,34,58,6,10,54,34,104,10,6,16,120
06/25/2010,EGE,CO,ANM,WE,Federal Contract Tower,8,20,25,0,53,0,0,39,23,62,8,20,64,23,115,12,0,12,127
06/26/2010,EGE,CO,ANM,WE,Federal Contract Tower,10,19,26,0,55,0,3,43,4,50,10,22,69,4,105,18,0,18,123
06/27/2010,EGE,CO,ANM,WE,Federal Contract Tower,7,18,36,0,61,0,0,24,0,24,7,18,60,0,85,20,0,20,105
06/28/2010,EGE,CO,ANM,WE,Federal Contract Tower,6,17,27,1,51,0,0,25,3,28,6,17,52,4,79,14,0,14,93
06/29/2010,EGE,CO,ANM,WE,Federal Contract Tower,5,12,29,1,47,0,0,36,20,56,5,12,65,21,103,48,28,76,179
06/30/2010,EGE,CO,ANM,WE,Federal Contract Tower,6,27,49,0,82,0,2,28,31,61,6,29,77,31,143,18,15,33,176
07/01/2010,EGE,CO,ANM,WE,Federal Contract Tower,6,45,55,0,106,0,0,28,17,45,6,45,83,17,151,34,10,44,195
07/02/2010,EGE,CO,ANM,WE,Federal Contract Tower,7,38,52,0,97,0,0,11,20,31,7,38,63,20,128,4,14,18,146
07/03/2010,EGE,CO,ANM,WE,Federal Contract Tower,10,8,30,2,50,0,0,20,2,22,10,8,50,4,72,6,0,6,78
07/04/2010,EGE,CO,ANM,WE,Federal Contract Tower,7,13,14,0,34,0,0,8,0,8,7,13,22,0,42,0,0,0,42
07/05/2010,EGE,CO,ANM,WE,Federal Contract Tower,6,32,45,0,83,0,0,27,0,27,6,32,72,0,110,16,0,16,126
07/06/2010,EGE,CO,ANM,WE,Federal Contract Tower,5,26,30,0,61,0,0,21,1,22,5,26,51,1,83,16,2,18,101
07/07/2010,EGE,CO,ANM,WE,Federal Contract Tower,6,23,34,0,63,0,0,14,3,17,6,23,48,3,80,20,0,20,100
07/08/2010,EGE,CO,ANM,WE,Federal Contract Tower,6,21,34,0,61,0,0,24,5,29,6,21,58,5,90,18,14,32,122
07/09/2010,EGE,CO,ANM,WE,Federal Contract Tower,6,19,27,0,52,0,0,10,0,10,6,19,37,0,62,6,0,6,68
07/10/2010,EGE,CO,ANM,WE,Federal Contract Tower,8,27,41,0,76,0,0,14,0,14,8,27,55,0,90,16,0,16,106
07/11/2010,EGE,CO,ANM,WE,Federal Contract Tower,8,15,43,0,66,0,0,20,4,24,8,15,63,4,90,24,0,24,114
07/12/2010,EGE,CO,ANM,WE,Federal Contract Tower,7,10,33,0,50,0,0,20,5,25,7,10,53,5,75,0,0,0,75
07/13/2010,EGE,CO,ANM,WE,Federal Contract Tower,7,15,36,0,58,0,1,34,26,61,7,16,70,26,119,14,18,32,151
07/14/2010,EGE,CO,ANM,WE,Federal Contract Tower,7,21,36,0,64,0,1,18,27,46,7,22,54,27,110,20,10,30,140
07/15/2010,EGE,CO,ANM,WE,Federal Contract Tower,6,14,34,0,54,0,0,17,32,49,6,14,51,32,103,6,6,12,115
07/16/2010,EGE,CO,ANM,WE,Federal Contract Tower,7,13,50,0,70,0,0,18,23,41,7,13,68,23,111,10,4,14,125
07/17/2010,EGE,CO,ANM,WE,Federal Contract Tower,10,18,23,0,51,0,0,23,2,25,10,18,46,2,76,38,0,38,114
07/18/2010,EGE,CO,ANM,WE,Federal Contract Tower,8,19,52,0,79,0,0,13,1,14,8,19,65,1,93,0,0,0,93
07/19/2010,EGE,CO,ANM,WE,Federal Contract Tower,7,14,32,0,53,0,0,21,2,23,7,14,53,2,76,26,4,30,106
07/20/2010,EGE,CO,ANM,WE,Federal Contract Tower,7,29,26,0,62,0,0,10,16,26,7,29,36,16,88,8,22,30,118
07/21/2010,EGE,CO,ANM,WE,Federal Contract Tower,7,19,40,0,66,0,1,11,12,24,7,20,51,12,90,4,4,8,98
07/22/2010,EGE,CO,ANM,WE,Federal Contract Tower,6,28,44,0,78,0,0,19,30,49,6,28,63,30,127,26,10,36,163
07/23/2010,EGE,CO,ANM,WE,Federal Contract Tower,6,22,41,2,71,0,0,30,11,41,6,22,71,13,112,6,0,6,118
07/24/2010,EGE,CO,ANM,WE,Federal Contract Tower,10,28,25,0,63,0,0,29,0,29,10,28,54,0,92,38,0,38,130
07/25/2010,EGE,CO,ANM,WE,Federal Contract Tower,8,31,53,0,92,0,0,28,1,29,8,31,81,1,121,18,0,18,139
07/26/2010,EGE,CO,ANM,WE,Federal Contract Tower,8,27,28,0,63,0,1,13,0,14,8,28,41,0,77,0,0,0,77
07/27/2010,EGE,CO,ANM,WE,Federal Contract Tower,7,26,33,0,66,0,0,15,50,65,7,26,48,50,131,9,8,17,148
07/28/2010,EGE,CO,ANM,WE,Federal Contract Tower,7,15,36,0,58,0,0,18,34,52,7,15,54,34,110,6,6,12,122
07/29/2010,EGE,CO,ANM,WE,Federal Contract Tower,6,18,33,0,57,0,0,12,39,51,6,18,45,39,108,0,0,0,108
07/30/2010,EGE,CO,ANM,WE,Federal Contract Tower,8,25,41,0,74,0,0,24,22,46,8,25,65,22,120,8,0,8,128
07/31/2010,EGE,CO,ANM,WE,Federal Contract Tower,10,21,23,0,54,0,0,13,2,15,10,21,36,2,69,26,0,26,95
08/01/2010,EGE,CO,ANM,WE,Federal Contract Tower,8,30,43,0,81,0,0,13,1,14,8,30,56,1,95,0,0,0,95
08/02/2010,EGE,CO,ANM,WE,Federal Contract Tower,7,16,37,0,60,0,0,10,0,10,7,16,47,0,70,0,0,0,70
08/03/2010,EGE,CO,ANM,WE,Federal Contract Tower,7,16,30,0,53,0,0,18,21,39,7,16,48,21,92,0,14,14,106
08/04/2010,EGE,CO,ANM,WE,Federal Contract Tower,7,17,31,0,55,0,0,15,20,35,7,17,46,20,90,0,0,0,90
08/05/2010,EGE,CO,ANM,WE,Federal Contract Tower,7,17,56,0,80,0,0,21,23,44,7,17,77,23,124,14,0,14,138
08/06/2010,EGE,CO,ANM,WE,Federal Contract Tower,6,19,69,5,99,0,1,25,12,38,6,20,94,17,137,14,0,14,151
08/07/2010,EGE,CO,ANM,WE,Federal Contract Tower,10,14,28,4,56,0,0,25,1,26,10,14,53,5,82,18,0,18,100
08/08/2010,EGE,CO,ANM,WE,Federal Contract Tower,7,25,72,0,104,0,0,16,1,17,7,25,88,1,121,2,0,2,123
08/09/2010,EGE,CO,ANM,WE,Federal Contract Tower,7,12,38,3,60,0,0,9,2,11,7,12,47,5,71,0,0,0,71
08/10/2010,EGE,CO,ANM,WE,Federal Contract Tower,6,19,31,0,56,0,0,21,31,52,6,19,52,31,108,4,16,20,128
08/11/2010,EGE,CO,ANM,WE,Federal Contract Tower,7,33,27,0,67,0,0,27,27,54,7,33,54,27,121,0,0,0,121
08/12/2010,EGE,CO,ANM,WE,Federal Contract Tower,7,27,49,0,83,0,1,15,10,26,7,28,64,10,109,0,2,2,111
08/13/2010,EGE,CO,ANM,WE,Federal Contract Tower,6,25,31,1,63,0,0,15,14,29,6,25,46,15,92,12,0,12,104
08/14/2010,EGE,CO,ANM,WE,Federal Contract Tower,9,29,50,4,92,0,0,28,1,29,9,29,78,5,121,28,2,30,151
08/15/2010,EGE,CO,ANM,WE,Federal Contract Tower,8,35,54,0,97,0,2,23,3,28,8,37,77,3,125,0,0,0,125
08/16/2010,EGE,CO,ANM,WE,Federal Contract Tower,8,20,21,0,49,0,0,10,5,15,8,20,31,5,64,0,0,0,64
08/17/2010,EGE,CO,ANM,WE,Federal Contract Tower,7,16,27,0,50,0,0,27,41,68,7,16,54,41,118,22,10,32,150
08/18/2010,EGE,CO,ANM,WE,Federal Contract Tower,7,18,34,0,59,0,1,24,46,71,7,19,58,46,130,6,0,6,136
08/19/2010,EGE,CO,ANM,WE,Federal Contract Tower,7,25,27,0,59,0,0,5,35,40,7,25,32,35,99,0,0,0,99
08/20/2010,EGE,CO,ANM,WE,Federal Contract Tower,7,14,38,0,59,0,0,22,28,50,7,14,60,28,109,0,0,0,109
08/21/2010,EGE,CO,ANM,WE,Federal Contract Tower,7,13,39,0,59,0,0,21,4,25,7,13,60,4,84,8,0,8,92
08/22/2010,EGE,CO,ANM,WE,Federal Contract Tower,8,33,43,0,84,0,0,29,3,32,8,33,72,3,116,2,0,2,118
08/23/2010,EGE,CO,ANM,WE,Federal Contract Tower,9,19,18,0,46,0,0,11,0,11,9,19,29,0,57,0,0,0,57
08/24/2010,EGE,CO,ANM,WE,Federal Contract Tower,6,10,22,0,38,0,0,8,41,49,6,10,30,41,87,0,26,26,113
08/25/2010,EGE,CO,ANM,WE,Federal Contract Tower,6,11,18,0,35,0,0,20,32,52,6,11,38,32,87,6,4,10,97
08/26/2010,EGE,CO,ANM,WE,Federal Contract Tower,4,22,22,0,48,1,17,33,0,51,5,39,55,0,99,22,0,22,121
08/27/2010,EGE,CO,ANM,WE,Federal Contract Tower,6,20,16,0,42,0,0,20,30,50,6,20,36,30,92,16,0,16,108
08/28/2010,EGE,CO,ANM,WE,Federal Contract Tower,5,10,12,0,27,0,0,16,7,23,5,10,28,7,50,0,0,0,50
08/29/2010,EGE,CO,ANM,WE,Federal Contract Tower,6,24,33,2,65,0,1,17,5,23,6,25,50,7,88,0,0,0,88
08/30/2010,EGE,CO,ANM,WE,Federal Contract Tower,6,8,39,0,53,0,0,13,0,13,6,8,52,0,66,24,0,24,90
08/31/2010,EGE,CO,ANM,WE,Federal Contract Tower,6,15,12,0,33,0,0,29,30,59,6,15,41,30,92,52,18,70,162
09/01/2010,EGE,CO,ANM,WE,Federal Contract Tower,5,9,26,0,40,0,0,45,33,78,5,9,71,33,118,68,4,72,190
09/02/2010,EGE,CO,ANM,WE,Federal Contract Tower,6,22,47,0,75,0,2,46,37,85,6,24,93,37,160,10,0,10,170
09/03/2010,EGE,CO,ANM,WE,Federal Contract Tower,6,19,53,0,78,0,0,18,15,33,6,19,71,15,111,36,0,36,147
09/04/2010,EGE,CO,ANM,WE,Federal Contract Tower,5,7,9,0,21,0,0,31,3,34,5,7,40,3,55,46,0,46,101
09/05/2010,EGE,CO,ANM,WE,Federal Contract Tower,7,13,22,0,42,0,0,7,1,8,7,13,29,1,50,0,0,0,50
09/06/2010,EGE,CO,ANM,WE,Federal Contract Tower,6,52,54,0,112,0,0,30,0,30,6,52,84,0,142,0,0,0,142
09/07/2010,EGE,CO,ANM,WE,Federal Contract Tower,6,33,22,0,61,0,0,26,0,26,6,33,48,0,87,32,0,32,119
09/08/2010,EGE,CO,ANM,WE,Federal Contract Tower,6,13,12,0,31,0,0,10,2,12,6,13,22,2,43,22,0,22,65
09/09/2010,EGE,CO,ANM,WE,Federal Contract Tower,6,16,12,0,34,0,0,8,6,14,6,16,20,6,48,16,0,16,64
09/10/2010,EGE,CO,ANM,WE,Federal Contract Tower,6,15,37,0,58,0,0,16,0,16,6,15,53,0,74,38,0,38,112
09/11/2010,EGE,CO,ANM,WE,Federal Contract Tower,6,19,17,0,42,0,0,37,3,40,6,19,54,3,82,22,0,22,104
09/12/2010,EGE,CO,ANM,WE,Federal Contract Tower,7,15,30,0,52,0,0,27,3,30,7,15,57,3,82,0,0,0,82
09/13/2010,EGE,CO,ANM,WE,Federal Contract Tower,6,10,21,2,39,0,0,19,0,19,6,10,40,2,58,18,0,18,76
09/14/2010,EGE,CO,ANM,WE,Federal Contract Tower,4,16,17,0,37,0,0,25,28,53,4,16,42,28,90,8,42,50,140
09/15/2010,EGE,CO,ANM,WE,Federal Contract Tower,6,13,19,0,38,0,0,18,27,45,6,13,37,27,83,74,0,74,157
09/16/2010,EGE,CO,ANM,WE,Federal Contract Tower,6,16,23,0,45,0,2,20,24,46,6,18,43,24,91,50,0,50,141
09/17/2010,EGE,CO,ANM,WE,Federal Contract Tower,5,15,23,0,43,0,0,26,16,42,5,15,49,16,85,44,0,44,129
09/18/2010,EGE,CO,ANM,WE,Federal Contract Tower,5,11,11,0,27,0,0,37,4,41,5,11,48,4,68,14,6,20,88
09/19/2010,EGE,CO,ANM,WE,Federal Contract Tower,6,18,27,0,51,0,0,30,6,36,6,18,57,6,87,0,0,0,87
09/20/2010,EGE,CO,ANM,WE,Federal Contract Tower,5,7,8,0,20,0,2,16,0,18,5,9,24,0,38,12,0,12,50
09/21/2010,EGE,CO,ANM,WE,Federal Contract Tower,4,10,10,0,24,0,0,29,25,54,4,10,39,25,78,0,0,0,78
09/22/2010,EGE,CO,ANM,WE,Federal Contract Tower,6,6,20,0,32,0,0,10,22,32,6,6,30,22,64,32,8,40,104
09/23/2010,EGE,CO,ANM,WE,Federal Contract Tower,9,8,22,0,39,0,0,12,23,35,9,8,34,23,74,0,48,48,122
09/24/2010,EGE,CO,ANM,WE,Federal Contract Tower,5,11,35,0,51,0,0,33,22,55,5,11,68,22,106,16,0,16,122
09/25/2010,EGE,CO,ANM,WE,Federal Contract Tower,6,4,17,0,27,0,0,28,1,29,6,4,45,1,56,38,0,38,94
09/26/2010,EGE,CO,ANM,WE,Federal Contract Tower,6,14,29,0,49,0,0,20,3,23,6,14,49,3,72,4,0,4,76
09/27/2010,EGE,CO,ANM,WE,Federal Contract Tower,5,8,11,1,25,0,0,21,2,23,5,8,32,3,48,16,8,24,72
09/28/2010,EGE,CO,ANM,WE,Federal Contract Tower,4,14,15,2,35,0,0,29,13,42,4,14,44,15,77,24,2,26,103
09/29/2010,EGE,CO,ANM,WE,Federal Contract Tower,6,13,18,0,37,0,0,16,9,25,6,13,34,9,62,0,0,0,62
09/30/2010,EGE,CO,ANM,WE,Federal Contract Tower,5,16,16,1,38,0,0,41,12,53,5,16,57,13,91,40,0,40,131
10/01/2010,EGE,CO,ANM,WE,Federal Contract Tower,4,20,29,0,53,0,1,27,12,40,4,21,56,12,93,26,0,26,119
10/02/2010,EGE,CO,ANM,WE,Federal Contract Tower,5,8,16,2,31,0,0,29,1,30,5,8,45,3,61,40,0,40,101
10/03/2010,EGE,CO,ANM,WE,Federal Contract Tower,4,13,20,0,37,0,0,30,3,33,4,13,50,3,70,12,0,12,82
10/04/2010,EGE,CO,ANM,WE,Federal Contract Tower,4,8,16,0,28,0,0,14,0,14,4,8,30,0,42,0,0,0,42
10/05/2010,EGE,CO,ANM,WE,Federal Contract Tower,2,8,5,0,15,0,0,16,30,46,2,8,21,30,61,54,2,56,117
10/06/2010,EGE,CO,ANM,WE,Federal Contract Tower,0,4,9,10,23,0,0,10,27,37,0,4,19,37,60,10,0,10,70
10/07/2010,EGE,CO,ANM,WE,Federal Contract Tower,4,11,21,0,36,0,2,24,20,46,4,13,45,20,82,12,0,12,94
10/08/2010,EGE,CO,ANM,WE,Federal Contract Tower,4,4,9,0,17,0,0,9,15,24,4,4,18,15,41,0,2,2,43
10/09/2010,EGE,CO,ANM,WE,Federal Contract Tower,4,1,7,0,12,0,0,18,1,19,4,1,25,1,31,2,0,2,33
10/10/2010,EGE,CO,ANM,WE,Federal Contract Tower,2,10,27,0,39,0,0,10,4,14,2,10,37,4,53,0,0,0,53
10/11/2010,EGE,CO,ANM,WE,Federal Contract Tower,4,10,10,0,24,0,4,21,8,33,4,14,31,8,57,0,0,0,57
10/12/2010,EGE,CO,ANM,WE,Federal Contract Tower,2,5,11,0,18,0,0,16,6,22,2,5,27,6,40,0,0,0,40
10/13/2010,EGE,CO,ANM,WE,Federal Contract Tower,3,6,11,0,20,0,1,24,0,25,3,7,35,0,45,8,0,8,53
10/14/2010,EGE,CO,ANM,WE,Federal Contract Tower,2,9,18,1,30,0,0,7,4,11,2,9,25,5,41,0,0,0,41
10/15/2010,EGE,CO,ANM,WE,Federal Contract Tower,4,7,14,0,25,0,0,26,0,26,4,7,40,0,51,26,14,40,91
10/16/2010,EGE,CO,ANM,WE,Federal Contract Tower,4,2,8,0,14,0,0,11,0,11,4,2,19,0,25,8,0,8,33
10/17/2010,EGE,CO,ANM,WE,Federal Contract Tower,4,9,23,0,36,0,1,18,0,19,4,10,41,0,55,16,0,16,71
10/18/2010,EGE,CO,ANM,WE,Federal Contract Tower,4,4,12,0,20,0,0,4,0,4,4,4,16,0,24,0,0,0,24
10/19/2010,EGE,CO,ANM,WE,Federal Contract Tower,0,9,13,0,22,0,0,7,0,7,0,9,20,0,29,0,0,0,29
10/20/2010,EGE,CO,ANM,WE,Federal Contract Tower,4,3,16,0,23,0,0,17,3,20,4,3,33,3,43,20,0,20,63
10/21/2010,EGE,CO,ANM,WE,Federal Contract Tower,4,11,12,0,27,0,0,13,4,17,4,11,25,4,44,0,0,0,44
10/22/2010,EGE,CO,ANM,WE,Federal Contract Tower,5,17,21,0,43,0,0,0,0,0,5,17,21,0,43,0,0,0,43
10/23/2010,EGE,CO,ANM,WE,Federal Contract Tower,9,10,11,0,30,0,0,0,0,0,9,10,11,0,30,0,0,0,30
10/24/2010,EGE,CO,ANM,WE,Federal Contract Tower,3,17,19,0,39,0,0,0,0,0,3,17,19,0,39,0,0,0,39
10/25/2010,EGE,CO,ANM,WE,Federal Contract Tower,2,4,9,0,15,0,0,0,0,0,2,4,9,0,15,0,0,0,15
10/26/2010,EGE,CO,ANM,WE,Federal Contract Tower,2,15,12,0,29,0,0,0,0,0,2,15,12,0,29,0,0,0,29
10/27/2010,EGE,CO,ANM,WE,Federal Contract Tower,6,20,8,0,34,0,0,0,4,4,6,20,8,4,38,0,0,0,38
10/28/2010,EGE,CO,ANM,WE,Federal Contract Tower,4,5,16,0,25,0,0,19,2,21,4,5,35,2,46,8,0,8,54
10/29/2010,EGE,CO,ANM,WE,Federal Contract Tower,4,4,13,0,21,0,0,21,0,21,4,4,34,0,42,34,0,34,76
10/30/2010,EGE,CO,ANM,WE,Federal Contract Tower,4,4,9,0,17,0,0,12,0,12,4,4,21,0,29,14,0,14,43
10/31/2010,EGE,CO,ANM,WE,Federal Contract Tower,4,15,8,0,27,0,0,10,0,10,4,15,18,0,37,54,0,54,91
11/01/2010,EGE,CO,ANM,WE,Federal Contract Tower,7,8,6,0,21,0,0,1,0,1,7,8,7,0,22,12,0,12,34
11/02/2010,EGE,CO,ANM,WE,Federal Contract Tower,2,4,8,0,14,0,0,21,3,24,2,4,29,3,38,8,0,8,46
11/03/2010,EGE,CO,ANM,WE,Federal Contract Tower,4,6,3,0,13,0,0,19,5,24,4,6,22,5,37,0,24,24,61
11/04/2010,EGE,CO,ANM,WE,Federal Contract Tower,3,5,12,1,21,0,0,10,1,11,3,5,22,2,32,30,0,30,62
11/05/2010,EGE,CO,ANM,WE,Federal Contract Tower,3,5,7,0,15,0,0,17,0,17,3,5,24,0,32,2,0,2,34
11/06/2010,EGE,CO,ANM,WE,Federal Contract Tower,3,2,2,0,7,0,0,12,0,12,3,2,14,0,19,12,16,28,47
11/07/2010,EGE,CO,ANM,WE,Federal Contract Tower,3,7,11,0,21,0,0,4,0,4,3,7,15,0,25,0,0,0,25
11/08/2010,EGE,CO,ANM,WE,Federal Contract Tower,3,2,11,0,16,0,0,10,2,12,3,2,21,2,28,0,0,0,28
11/09/2010,EGE,CO,ANM,WE,Federal Contract Tower,3,4,7,0,14,0,0,0,1,1,3,4,7,1,15,0,0,0,15
11/10/2010,EGE,CO,ANM,WE,Federal Contract Tower,3,8,9,0,20,0,0,8,0,8,3,8,17,0,28,0,0,0,28
11/11/2010,EGE,CO,ANM,WE,Federal Contract Tower,4,4,7,0,15,0,0,2,1,3,4,4,9,1,18,0,0,0,18
11/12/2010,EGE,CO,ANM,WE,Federal Contract Tower,3,10,5,0,18,0,0,19,0,19,3,10,24,0,37,24,0,24,61
11/13/2010,EGE,CO,ANM,WE,Federal Contract Tower,3,5,10,0,18,0,0,5,0,5,3,5,15,0,23,14,0,14,37
11/14/2010,EGE,CO,ANM,WE,Federal Contract Tower,3,8,12,0,23,0,0,0,0,0,3,8,12,0,23,0,0,0,23
11/15/2010,EGE,CO,ANM,WE,Federal Contract Tower,3,5,7,0,15,0,0,2,0,2,3,5,9,0,17,0,0,0,17
11/16/2010,EGE,CO,ANM,WE,Federal Contract Tower,3,8,7,0,18,0,0,1,0,1,3,8,8,0,19,0,0,0,19
11/17/2010,EGE,CO,ANM,WE,Federal Contract Tower,3,4,11,0,18,1,0,9,4,14,4,4,20,4,32,10,0,10,42
11/18/2010,EGE,CO,ANM,WE,Federal Contract Tower,5,7,4,4,20,0,0,16,0,16,5,7,20,4,36,18,0,18,54
11/19/2010,EGE,CO,ANM,WE,Federal Contract Tower,5,8,10,0,23,0,0,12,0,12,5,8,22,0,35,16,0,16,51
11/20/2010,EGE,CO,ANM,WE,Federal Contract Tower,5,9,16,0,30,0,0,9,0,9,5,9,25,0,39,0,0,0,39
11/21/2010,EGE,CO,ANM,WE,Federal Contract Tower,3,1,5,0,9,0,0,0,0,0,3,1,5,0,9,0,0,0,9
11/22/2010,EGE,CO,ANM,WE,Federal Contract Tower,5,5,19,0,29,0,0,0,2,2,5,5,19,2,31,0,0,0,31
11/23/2010,EGE,CO,ANM,WE,Federal Contract Tower,6,15,43,0,64,0,0,7,2,9,6,15,50,2,73,0,0,0,73
11/24/2010,EGE,CO,ANM,WE,Federal Contract Tower,6,21,30,0,57,0,0,1,0,1,6,21,31,0,58,0,0,0,58
11/25/2010,EGE,CO,ANM,WE,Federal Contract Tower,6,2,12,0,20,0,0,11,0,11,6,2,23,0,31,0,0,0,31
11/26/2010,EGE,CO,ANM,WE,Federal Contract Tower,6,9,9,0,24,0,0,0,0,0,6,9,9,0,24,8,0,8,32
11/27/2010,EGE,CO,ANM,WE,Federal Contract Tower,6,9,25,0,40,0,0,16,0,16,6,9,41,0,56,0,0,0,56
11/28/2010,EGE,CO,ANM,WE,Federal Contract Tower,6,28,62,0,96,0,0,3,2,5,6,28,65,2,101,0,0,0,101
11/29/2010,EGE,CO,ANM,WE,Federal Contract Tower,6,9,30,0,45,0,0,0,0,0,6,9,30,0,45,0,0,0,45
11/30/2010,EGE,CO,ANM,WE,Federal Contract Tower,5,5,22,0,32,0,0,19,20,39,5,5,41,20,71,2,16,18,89
12/01/2010,EGE,CO,ANM,WE,Federal Contract Tower,5,9,11,0,25,0,0,5,22,27,5,9,16,22,52,0,0,0,52
12/02/2010,EGE,CO,ANM,WE,Federal Contract Tower,4,13,11,0,28,0,0,15,32,47,4,13,26,32,75,6,0,6,81
12/03/2010,EGE,CO,ANM,WE,Federal Contract Tower,6,9,9,0,24,0,0,7,15,22,6,9,16,15,46,8,0,8,54
12/04/2010,EGE,CO,ANM,WE,Federal Contract Tower,6,15,21,0,42,0,0,7,7,14,6,15,28,7,56,10,0,10,66
12/05/2010,EGE,CO,ANM,WE,Federal Contract Tower,6,17,25,0,48,0,0,9,2,11,6,17,34,2,59,0,0,0,59
12/06/2010,EGE,CO,ANM,WE,Federal Contract Tower,6,0,13,0,19,0,0,2,2,4,6,0,15,2,23,2,0,2,25
12/07/2010,EGE,CO,ANM,WE,Federal Contract Tower,6,4,12,0,22,0,0,8,41,49,6,4,20,41,71,0,8,8,79
12/08/2010,EGE,CO,ANM,WE,Federal Contract Tower,6,5,11,0,22,0,0,20,17,37,6,5,31,17,59,8,6,14,73
12/09/2010,EGE,CO,ANM,WE,Federal Contract Tower,6,12,17,0,35,0,0,8,36,44,6,12,25,36,79,6,0,6,85
12/10/2010,EGE,CO,ANM,WE,Federal Contract Tower,4,10,17,5,36,0,0,0,19,19,4,10,17,24,55,0,0,0,55
12/11/2010,EGE,CO,ANM,WE,Federal Contract Tower,6,4,17,0,27,0,0,3,0,3,6,4,20,0,30,0,0,0,30
12/12/2010,EGE,CO,ANM,WE,Federal Contract Tower,6,10,24,0,40,0,0,0,0,0,6,10,24,0,40,0,0,0,40
12/13/2010,EGE,CO,ANM,WE,Federal Contract Tower,6,5,17,0,28,0,2,19,4,25,6,7,36,4,53,10,0,10,63
12/14/2010,EGE,CO,ANM,WE,Federal Contract Tower,6,1,24,0,31,0,0,13,34,47,6,1,37,34,78,0,52,52,130
12/15/2010,EGE,CO,ANM,WE,Federal Contract Tower,7,5,34,0,46,0,0,0,5,5,7,5,34,5,51,0,6,6,57
12/16/2010,EGE,CO,ANM,WE,Federal Contract Tower,22,14,42,0,78,0,0,3,36,39,22,14,45,36,117,8,16,24,141
12/17/2010,EGE,CO,ANM,WE,Federal Contract Tower,26,45,94,0,165,0,0,0,0,0,26,45,94,0,165,22,29,51,216
12/18/2010,EGE,CO,ANM,WE,Federal Contract Tower,32,35,66,0,133,0,0,0,0,0,32,35,66,0,133,0,0,0,133
12/19/2010,EGE,CO,ANM,WE,Federal Contract Tower,27,28,66,0,121,0,0,0,0,0,27,28,66,0,121,0,0,0,121
12/20/2010,EGE,CO,ANM,WE,Federal Contract Tower,27,34,58,0,119,0,0,0,0,0,27,34,58,0,119,0,0,0,119
12/21/2010,EGE,CO,ANM,WE,Federal Contract Tower,25,32,52,0,109,0,0,0,0,0,25,32,52,0,109,0,0,0,109
12/22/2010,EGE,CO,ANM,WE,Federal Contract Tower,20,25,62,0,107,0,0,2,0,2,20,25,64,0,109,0,0,0,109
12/23/2010,EGE,CO,ANM,WE,Federal Contract Tower,30,41,82,0,153,0,0,0,0,0,30,41,82,0,153,0,0,0,153
12/24/2010,EGE,CO,ANM,WE,Federal Contract Tower,23,17,30,0,70,0,0,9,0,9,23,17,39,0,79,0,0,0,79
12/25/2010,EGE,CO,ANM,WE,Federal Contract Tower,31,36,32,0,99,0,0,21,0,21,31,36,53,0,120,8,0,8,128
12/26/2010,EGE,CO,ANM,WE,Federal Contract Tower,29,61,191,0,281,0,0,8,0,8,29,61,199,0,289,0,0,0,289
12/27/2010,EGE,CO,ANM,WE,Federal Contract Tower,22,67,115,0,204,0,0,9,0,9,22,67,124,0,213,0,0,0,213
12/28/2010,EGE,CO,ANM,WE,Federal Contract Tower,24,54,103,0,181,0,0,10,1,11,24,54,113,1,192,0,0,0,192
12/29/2010,EGE,CO,ANM,WE,Federal Contract Tower,22,23,48,0,93,0,0,0,0,0,22,23,48,0,93,0,0,0,93
12/30/2010,EGE,CO,ANM,WE,Federal Contract Tower,22,11,45,0,78,0,0,0,0,0,22,11,45,0,78,0,0,0,78
12/31/2010,EGE,CO,ANM,WE,Federal Contract Tower,26,44,51,0,121,0,0,0,0,0,26,44,51,0,121,0,0,0,121
01/01/2011,EGE,CO,ANM,WE,Federal Contract Tower,34,80,142,0,256,0,0,3,0,3,34,80,145,0,259,0,0,0,259
01/02/2011,EGE,CO,ANM,WE,Federal Contract Tower,26,72,194,0,292,0,0,5,2,7,26,72,199,2,299,0,0,0,299
01/03/2011,EGE,CO,ANM,WE,Federal Contract Tower,22,69,94,0,185,0,0,7,0,7,22,69,101,0,192,0,0,0,192
01/04/2011,EGE,CO,ANM,WE,Federal Contract Tower,28,44,51,2,125,0,0,2,33,35,28,44,53,35,160,4,44,48,208
01/05/2011,EGE,CO,ANM,WE,Federal Contract Tower,28,14,62,0,104,0,0,6,24,30,28,14,68,24,134,6,0,6,140
01/06/2011,EGE,CO,ANM,WE,Federal Contract Tower,28,21,54,0,103,0,0,26,36,62,28,21,80,36,165,0,14,14,179
01/07/2011,EGE,CO,ANM,WE,Federal Contract Tower,30,23,32,0,85,0,0,16,13,29,30,23,48,13,114,4,0,4,118
01/08/2011,EGE,CO,ANM,WE,Federal Contract Tower,34,18,64,1,117,0,0,13,0,13,34,18,77,1,130,0,0,0,130
01/09/2011,EGE,CO,ANM,WE,Federal Contract Tower,26,10,44,0,80,0,0,3,0,3,26,10,47,0,83,0,0,0,83
01/10/2011,EGE,CO,ANM,WE,Federal Contract Tower,27,18,41,0,86,0,0,3,0,3,27,18,44,0,89,0,0,0,89
01/11/2011,EGE,CO,ANM,WE,Federal Contract Tower,23,10,27,0,60,0,0,24,16,40,23,10,51,16,100,0,0,0,100
01/12/2011,EGE,CO,ANM,WE,Federal Contract Tower,25,11,14,0,50,0,0,19,23,42,25,11,33,23,92,10,0,10,102
01/13/2011,EGE,CO,ANM,WE,Federal Contract Tower,27,25,55,0,107,0,0,16,23,39,27,25,71,23,146,0,0,0,146
01/14/2011,EGE,CO,ANM,WE,Federal Contract Tower,29,24,44,0,97,0,0,12,12,24,29,24,56,12,121,18,0,18,139
01/15/2011,EGE,CO,ANM,WE,Federal Contract Tower,28,19,26,0,73,0,0,10,3,13,28,19,36,3,86,4,4,8,94
01/16/2011,EGE,CO,ANM,WE,Federal Contract Tower,31,18,36,0,85,0,0,4,0,4,31,18,40,0,89,0,0,0,89
01/17/2011,EGE,CO,ANM,WE,Federal Contract Tower,26,22,62,0,110,0,0,0,0,0,26,22,62,0,110,0,0,0,110
01/18/2011,EGE,CO,ANM,WE,Federal Contract Tower,23,10,39,0,72,0,0,8,0,8,23,10,47,0,80,10,0,10,90
01/19/2011,EGE,CO,ANM,WE,Federal Contract Tower,30,10,35,0,75,0,0,0,0,0,30,10,35,0,75,0,0,0,75
01/20/2011,EGE,CO,ANM,WE,Federal Contract Tower,28,19,38,0,85,0,0,23,7,30,28,19,61,7,115,10,0,10,125
01/21/2011,EGE,CO,ANM,WE,Federal Contract Tower,28,18,40,0,86,0,0,12,2,14,28,18,52,2,100,8,0,8,108
01/22/2011,EGE,CO,ANM,WE,Federal Contract Tower,38,10,31,0,79,0,0,0,0,0,38,10,31,0,79,0,0,0,79
01/23/2011,EGE,CO,ANM,WE,Federal Contract Tower,29,20,46,0,95,1,0,18,4,23,30,20,64,4,118,0,0,0,118
01/24/2011,EGE,CO,ANM,WE,Federal Contract Tower,29,6,22,0,57,0,0,5,0,5,29,6,27,0,62,0,0,0,62
01/25/2011,EGE,CO,ANM,WE,Federal Contract Tower,25,10,21,0,56,0,0,7,27,34,25,10,28,27,90,10,8,18,108
01/26/2011,EGE,CO,ANM,WE,Federal Contract Tower,26,21,23,0,70,0,8,2,21,31,26,29,25,21,101,0,0,0,101
01/27/2011,EGE,CO,ANM,WE,Federal Contract Tower,28,10,31,0,69,0,0,14,18,32,28,10,45,18,101,0,0,0,101
01/28/2011,EGE,CO,ANM,WE,Federal Contract Tower,28,9,35,0,72,0,0,29,21,50,28,9,64,21,122,4,0,4,126
01/29/2011,EGE,CO,ANM,WE,Federal Contract Tower,34,20,22,0,76,0,0,20,0,20,34,20,42,0,96,26,0,26,122
01/30/2011,EGE,CO,ANM,WE,Federal Contract Tower,31,34,54,0,119,0,1,20,2,23,31,35,74,2,142,2,0,2,144
01/31/2011,EGE,CO,ANM,WE,Federal Contract Tower,28,11,26,0,65,0,0,0,1,1,28,11,26,1,66,0,0,0,66
02/01/2011,EGE,CO,ANM,WE,Federal Contract Tower,23,9,23,0,55,0,0,1,27,28,23,9,24,27,83,0,10,10,93
02/02/2011,EGE,CO,ANM,WE,Federal Contract Tower,24,20,17,0,61,0,0,14,26,40,24,20,31,26,101,14,5,19,120
02/03/2011,EGE,CO,ANM,WE,Federal Contract Tower,26,25,29,0,80,0,0,20,22,42,26,25,49,22,122,12,0,12,134
02/04/2011,EGE,CO,ANM,WE,Federal Contract Tower,25,18,40,0,83,0,0,1,16,17,25,18,41,16,100,0,0,0,100
02/05/2011,EGE,CO,ANM,WE,Federal Contract Tower,33,11,32,0,76,0,0,0,2,2,33,11,32,2,78,0,0,0,78
02/06/2011,EGE,CO,ANM,WE,Federal Contract Tower,29,21,25,0,75,0,0,2,1,3,29,21,27,1,78,0,0,0,78
02/07/2011,EGE,CO,ANM,WE,Federal Contract Tower,25,32,60,0,117,0,0,0,2,2,25,32,60,2,119,0,0,0,119
02/08/2011,EGE,CO,ANM,WE,Federal Contract Tower,22,7,31,0,60,0,0,0,0,0,22,7,31,0,60,0,0,0,60
02/09/2011,EGE,CO,ANM,WE,Federal Contract Tower,28,28,50,0,106,0,0,6,30,36,28,28,56,30,142,2,0,2,144
02/10/2011,EGE,CO,ANM,WE,Federal Contract Tower,24,25,50,0,99,0,0,14,21,35,24,25,64,21,134,0,0,0,134
02/11/2011,EGE,CO,ANM,WE,Federal Contract Tower,26,16,46,0,88,0,0,17,17,34,26,16,63,17,122,0,0,0,122
02/12/2011,EGE,CO,ANM,WE,Federal Contract Tower,35,28,32,0,95,0,0,16,7,23,35,28,48,7,118,0,0,0,118
02/13/2011,EGE,CO,ANM,WE,Federal Contract Tower,33,15,44,0,92,0,0,5,1,6,33,15,49,1,98,20,0,20,118
02/14/2011,EGE,CO,ANM,WE,Federal Contract Tower,28,18,28,0,74,0,0,14,0,14,28,18,42,0,88,0,0,0,88
02/15/2011,EGE,CO,ANM,WE,Federal Contract Tower,24,11,15,0,50,0,0,19,18,37,24,11,34,18,87,0,6,6,93
02/16/2011,EGE,CO,ANM,WE,Federal Contract Tower,26,29,34,0,89,0,0,29,21,50,26,29,63,21,139,0,0,0,139
02/17/2011,EGE,CO,ANM,WE,Federal Contract Tower,28,44,67,0,139,0,0,0,11,11,28,44,67,11,150,0,0,0,150
02/18/2011,EGE,CO,ANM,WE,Federal Contract Tower,28,50,97,1,176,0,0,8,15,23,28,50,105,16,199,0,0,0,199
02/19/2011,EGE,CO,ANM,WE,Federal Contract Tower,39,40,47,0,126,0,0,2,0,2,39,40,49,0,128,0,0,0,128
02/20/2011,EGE,CO,ANM,WE,Federal Contract Tower,31,27,42,2,102,0,0,2,0,2,31,27,44,2,104,0,0,0,104
02/21/2011,EGE,CO,ANM,WE,Federal Contract Tower,28,69,118,1,216,0,0,5,0,5,28,69,123,1,221,26,0,26,247
02/22/2011,EGE,CO,ANM,WE,Federal Contract Tower,27,42,70,0,139,0,2,25,5,32,27,44,95,5,171,16,0,16,187
02/23/2011,EGE,CO,ANM,WE,Federal Contract Tower,26,24,37,0,87,0,0,33,9,42,26,24,70,9,129,0,2,2,131
02/24/2011,EGE,CO,ANM,WE,Federal Contract Tower,28,31,43,2,104,0,0,1,3,4,28,31,44,5,108,0,0,0,108
02/25/2011,EGE,CO,ANM,WE,Federal Contract Tower,24,11,29,0,64,0,0,0,0,0,24,11,29,0,64,0,0,0,64
02/26/2011,EGE,CO,ANM,WE,Federal Contract Tower,39,41,73,0,153,0,0,1,1,2,39,41,74,1,155,0,0,0,155
02/27/2011,EGE,CO,ANM,WE,Federal Contract Tower,31,42,56,2,131,0,0,8,2,10,31,42,64,4,141,0,0,0,141
02/28/2011,EGE,CO,ANM,WE,Federal Contract Tower,28,22,38,0,88,0,0,7,1,8,28,22,45,1,96,14,0,14,110
03/01/2011,EGE,CO,ANM,WE,Federal Contract Tower,24,14,31,0,69,0,0,19,26,45,24,14,50,26,114,6,36,42,156
03/02/2011,EGE,CO,ANM,WE,Federal Contract Tower,26,20,40,0,86,0,0,24,19,43,26,20,64,19,129,8,0,8,137
03/03/2011,EGE,CO,ANM,WE,Federal Contract Tower,26,36,47,0,109,0,0,1,41,42,26,36,48,41,151,0,0,0,151
03/04/2011,EGE,CO,ANM,WE,Federal Contract Tower,28,27,58,0,113,0,0,3,21,24,28,27,61,21,137,0,0,0,137
03/05/2011,EGE,CO,ANM,WE,Federal Contract Tower,40,40,53,0,133,0,0,22,2,24,40,40,75,2,157,0,0,0,157
03/06/2011,EGE,CO,ANM,WE,Federal Contract Tower,28,35,59,0,122,0,0,2,0,2,28,35,61,0,124,0,0,0,124
03/07/2011,EGE,CO,ANM,WE,Federal Contract Tower,28,28,25,0,81,0,0,3,0,3,28,28,28,0,84,0,0,0,84
03/08/2011,EGE,CO,ANM,WE,Federal Contract Tower,24,18,20,0,62,0,0,1,28,29,24,18,21,28,91,0,6,6,97
03/09/2011,EGE,CO,ANM,WE,Federal Contract Tower,26,30,36,0,92,0,0,0,34,34,26,30,36,34,126,0,0,0,126
03/10/2011,EGE,CO,ANM,WE,Federal Contract Tower,26,18,60,0,104,0,0,22,27,49,26,18,82,27,153,0,0,0,153
03/11/2011,EGE,CO,ANM,WE,Federal Contract Tower,29,47,62,0,138,0,0,27,19,46,29,47,89,19,184,0,0,0,184
03/12/2011,EGE,CO,ANM,WE,Federal Contract Tower,39,56,94,0,189,0,0,7,0,7,39,56,101,0,196,0,0,0,196
03/13/2011,EGE,CO,ANM,WE,Federal Contract Tower,31,39,91,0,161,0,0,12,0,12,31,39,103,0,173,0,0,0,173
03/14/2011,EGE,CO,ANM,WE,Federal Contract Tower,28,23,39,0,90,0,0,26,5,31,28,23,65,5,121,0,0,0,121
03/15/2011,EGE,CO,ANM,WE,Federal Contract Tower,24,21,20,0,65,0,0,10,11,21,24,21,30,11,86,0,22,22,108
03/16/2011,EGE,CO,ANM,WE,Federal Contract Tower,26,37,48,0,111,0,0,12,19,31,26,37,60,19,142,12,0,12,154
03/17/2011,EGE,CO,ANM,WE,Federal Contract Tower,21,8,34,0,63,0,0,0,8,8,21,8,34,8,71,0,0,0,71
03/18/2011,EGE,CO,ANM,WE,Federal Contract Tower,33,50,72,0,155,0,0,7,17,24,33,50,79,17,179,0,12,12,191
03/19/2011,EGE,CO,ANM,WE,Federal Contract Tower,36,52,113,0,201,0,0,7,2,9,36,52,120,2,210,0,0,0,210
03/20/2011,EGE,CO,ANM,WE,Federal Contract Tower,30,44,83,0,157,0,0,10,0,10,30,44,93,0,167,0,0,0,167
03/21/2011,EGE,CO,ANM,WE,Federal Contract Tower,32,26,48,0,106,0,0,12,0,12,32,26,60,0,118,6,0,6,124
03/22/2011,EGE,CO,ANM,WE,Federal Contract Tower,22,28,16,0,66,0,0,0,24,24,22,28,16,24,90,0,38,38,128
03/23/2011,EGE,CO,ANM,WE,Federal Contract Tower,23,22,32,2,79,0,0,22,28,50,23,22,54,30,129,0,0,0,129
03/24/2011,EGE,CO,ANM,WE,Federal Contract Tower,28,33,42,1,104,0,0,4,29,33,28,33,46,30,137,0,0,0,137
03/25/2011,EGE,CO,ANM,WE,Federal Contract Tower,27,28,45,1,101,0,0,4,26,30,27,28,49,27,131,0,0,0,131
03/26/2011,EGE,CO,ANM,WE,Federal Contract Tower,38,55,51,0,144,0,0,17,1,18,38,55,68,1,162,16,0,16,178
03/27/2011,EGE,CO,ANM,WE,Federal Contract Tower,30,40,51,1,122,0,0,0,0,0,30,40,51,1,122,0,0,0,122
03/28/2011,EGE,CO,ANM,WE,Federal Contract Tower,28,18,18,2,66,0,0,0,0,0,28,18,18,2,66,0,0,0,66
03/29/2011,EGE,CO,ANM,WE,Federal Contract Tower,20,11,10,2,43,0,0,22,44,66,20,11,32,46,109,26,34,60,169
03/30/2011,EGE,CO,ANM,WE,Federal Contract Tower,22,24,17,0,63,0,0,4,42,46,22,24,21,42,109,0,2,2,111
03/31/2011,EGE,CO,ANM,WE,Federal Contract Tower,28,16,29,0,73,0,0,8,53,61,28,16,37,53,134,8,6,14,148
04/01/2011,EGE,CO,ANM,WE,Federal Contract Tower,28,18,34,0,80,0,0,9,27,36,28,18,43,27,116,0,6,6,122
04/02/2011,EGE,CO,ANM,WE,Federal Contract Tower,37,29,28,0,94,0,0,21,23,44,37,29,49,23,138,0,0,0,138
04/03/2011,EGE,CO,ANM,WE,Federal Contract Tower,16,5,17,0,38,0,0,1,0,1,16,5,18,0,39,0,0,0,39
04/04/2011,EGE,CO,ANM,WE,Federal Contract Tower,15,27,30,0,72,0,0,6,0,6,15,27,36,0,78,0,0,0,78
04/05/2011,EGE,CO,ANM,WE,Federal Contract Tower,3,15,23,0,41,0,1,19,34,54,3,16,42,34,95,0,8,8,103
04/06/2011,EGE,CO,ANM,WE,Federal Contract Tower,3,9,20,0,32,0,0,4,41,45,3,9,24,41,77,0,0,0,77
04/07/2011,EGE,CO,ANM,WE,Federal Contract Tower,3,13,8,0,24,0,0,2,29,31,3,13,10,29,55,0,0,0,55
04/08/2011,EGE,CO,ANM,WE,Federal Contract Tower,3,14,7,0,24,0,0,8,16,24,3,14,15,16,48,0,0,0,48
04/09/2011,EGE,CO,ANM,WE,Federal Contract Tower,6,5,13,0,24,0,0,0,2,2,6,5,13,2,26,0,0,0,26
04/10/2011,EGE,CO,ANM,WE,Federal Contract Tower,3,15,17,0,35,0,0,1,0,1,3,15,18,0,36,0,0,0,36
04/11/2011,EGE,CO,ANM,WE,Federal Contract Tower,3,5,11,0,19,0,0,18,0,18,3,5,29,0,37,5,0,5,42
04/12/2011,EGE,CO,ANM,WE,Federal Contract Tower,2,6,11,3,22,0,0,11,25,36,2,6,22,28,58,0,9,9,67
04/13/2011,EGE,CO,ANM,WE,Federal Contract Tower,3,4,19,0,26,0,0,23,18,41,3,4,42,18,67,0,0,0,67
04/14/2011,EGE,CO,ANM,WE,Federal Contract Tower,0,15,3,0,18,0,0,1,11,12,0,15,4,11,30,0,0,0,30
04/15/2011,EGE,CO,ANM,WE,Federal Contract Tower,3,18,7,0,28,0,0,10,6,16,3,18,17,6,44,0,0,0,44
04/16/2011,EGE,CO,ANM,WE,Federal Contract Tower,4,11,19,4,38,0,0,7,1,8,4,11,26,5,46,0,4,4,50
04/17/2011,EGE,CO,ANM,WE,Federal Contract Tower,3,15,26,0,44,0,0,8,0,8,3,15,34,0,52,0,0,0,52
04/18/2011,EGE,CO,ANM,WE,Federal Contract Tower,3,5,12,0,20,0,0,0,0,0,3,5,12,0,20,0,0,0,20
04/19/2011,EGE,CO,ANM,WE,Federal Contract Tower,3,5,9,0,17,0,0,0,0,0,3,5,9,0,17,0,0,0,17
04/20/2011,EGE,CO,ANM,WE,Federal Contract Tower,3,1,17,0,21,0,0,8,3,11,3,1,25,3,32,8,0,8,40
04/21/2011,EGE,CO,ANM,WE,Federal Contract Tower,3,7,9,0,19,0,0,1,0,1,3,7,10,0,20,0,0,0,20
04/22/2011,EGE,CO,ANM,WE,Federal Contract Tower,3,10,15,0,28,0,0,5,0,5,3,10,20,0,33,0,0,0,33
04/23/2011,EGE,CO,ANM,WE,Federal Contract Tower,4,1,9,0,14,0,0,0,0,0,4,1,9,0,14,0,0,0,14
04/24/2011,EGE,CO,ANM,WE,Federal Contract Tower,3,30,24,4,61,0,0,0,0,0,3,30,24,4,61,0,4,4,65
04/25/2011,EGE,CO,ANM,WE,Federal Contract Tower,3,6,13,0,22,0,0,1,0,1,3,6,14,0,23,0,0,0,23
04/26/2011,EGE,CO,ANM,WE,Federal Contract Tower,3,4,7,0,14,0,0,26,0,26,3,4,33,0,40,14,0,14,54
04/27/2011,EGE,CO,ANM,WE,Federal Contract Tower,3,2,0,0,5,0,0,3,34,37,3,2,3,34,42,14,0,14,56
04/28/2011,EGE,CO,ANM,WE,Federal Contract Tower,3,0,7,0,10,0,0,19,29,48,3,0,26,29,58,12,0,12,70
04/29/2011,EGE,CO,ANM,WE,Federal Contract Tower,3,2,6,0,11,0,0,1,17,18,3,2,7,17,29,0,0,0,29
04/30/2011,EGE,CO,ANM,WE,Federal Contract Tower,3,5,2,2,12,0,0,2,0,2,3,5,4,2,14,0,2,2,16
05/01/2011,EGE,CO,ANM,WE,Federal Contract Tower,3,4,8,2,17,0,0,6,0,6,3,4,14,2,23,26,0,26,49
05/02/2011,EGE,CO,ANM,WE,Federal Contract Tower,3,10,9,0,22,0,0,9,0,9,3,10,18,0,31,0,0,0,31
05/03/2011,EGE,CO,ANM,WE,Federal Contract Tower,0,3,5,2,10,0,0,16,17,33,0,3,21,19,43,6,0,6,49
05/04/2011,EGE,CO,ANM,WE,Federal Contract Tower,2,8,14,1,25,0,0,2,24,26,2,8,16,25,51,0,0,0,51
05/05/2011,EGE,CO,ANM,WE,Federal Contract Tower,3,4,8,1,16,0,0,12,18,30,3,4,20,19,46,4,0,4,50
05/06/2011,EGE,CO,ANM,WE,Federal Contract Tower,3,5,6,0,14,0,0,11,8,19,3,5,17,8,33,8,0,8,41
05/07/2011,EGE,CO,ANM,WE,Federal Contract Tower,4,3,5,4,16,0,0,18,6,24,4,3,23,10,40,8,0,8,48
05/08/2011,EGE,CO,ANM,WE,Federal Contract Tower,2,5,9,0,16,0,0,10,1,11,2,5,19,1,27,10,0,10,37
05/09/2011,EGE,CO,ANM,WE,Federal Contract Tower,2,5,3,0,10,0,0,0,0,0,2,5,3,0,10,0,0,0,10
05/10/2011,EGE,CO,ANM,WE,Federal Contract Tower,3,3,6,0,12,0,0,4,18,22,3,3,10,18,34,10,0,10,44
05/11/2011,EGE,CO,ANM,WE,Federal Contract Tower,3,3,2,0,8,0,0,0,16,16,3,3,2,16,24,0,0,0,24
05/12/2011,EGE,CO,ANM,WE,Federal Contract Tower,3,10,15,0,28,0,0,10,17,27,3,10,25,17,55,0,0,0,55
05/13/2011,EGE,CO,ANM,WE,Federal Contract Tower,3,7,15,0,25,0,0,14,8,22,3,7,29,8,47,24,0,24,71
05/14/2011,EGE,CO,ANM,WE,Federal Contract Tower,4,3,6,0,13,0,0,14,0,14,4,3,20,0,27,12,0,12,39
05/15/2011,EGE,CO,ANM,WE,Federal Contract Tower,2,4,8,3,17,0,0,18,0,18,2,4,26,3,35,4,0,4,39
05/16/2011,EGE,CO,ANM,WE,Federal Contract Tower,2,11,8,0,21,0,0,10,0,10,2,11,18,0,31,0,0,0,31
05/17/2011,EGE,CO,ANM,WE,Federal Contract Tower,2,3,9,0,14,0,0,4,34,38,2,3,13,34,52,0,22,22,74
05/18/2011,EGE,CO,ANM,WE,Federal Contract Tower,2,2,0,0,4,0,0,0,32,32,2,2,0,32,36,0,0,0,36
05/19/2011,EGE,CO,ANM,WE,Federal Contract Tower,3,3,6,0,12,0,0,0,21,21,3,3,6,21,33,0,0,0,33
05/20/2011,EGE,CO,ANM,WE,Federal Contract Tower,2,1,9,0,12,0,0,0,18,18,2,1,9,18,30,0,10,10,40
05/21/2011,EGE,CO,ANM,WE,Federal Contract Tower,4,3,3,0,10,0,0,6,0,6,4,3,9,0,16,0,0,0,16
05/22/2011,EGE,CO,ANM,WE,Federal Contract Tower,2,5,13,1,21,0,0,14,0,14,2,5,27,1,35,22,0,22,57
05/23/2011,EGE,CO,ANM,WE,Federal Contract Tower,3,2,7,0,12,0,0,0,0,0,3,2,7,0,12,0,0,0,12
05/24/2011,EGE,CO,ANM,WE,Federal Contract Tower,2,2,8,0,12,0,0,1,26,27,2,2,9,26,39,0,28,28,67
05/25/2011,EGE,CO,ANM,WE,Federal Contract Tower,2,8,10,0,20,0,0,19,30,49,2,8,29,30,69,0,0,0,69
05/26/2011,EGE,CO,ANM,WE,Federal Contract Tower,2,5,13,0,20,0,1,21,21,43,2,6,34,21,63,8,0,8,71
05/27/2011,EGE,CO,ANM,WE,Federal Contract Tower,2,6,9,0,17,0,0,7,18,25,2,6,16,18,42,0,0,0,42
05/28/2011,EGE,CO,ANM,WE,Federal Contract Tower,3,1,8,0,12,0,0,8,1,9,3,1,16,1,21,4,0,4,25
05/29/2011,EGE,CO,ANM,WE,Federal Contract Tower,3,2,3,0,8,0,0,0,0,0,3,2,3,0,8,0,0,0,8
05/30/2011,EGE,CO,ANM,WE,Federal Contract Tower,3,7,15,0,25,0,0,4,0,4,3,7,19,0,29,0,0,0,29
05/31/2011,EGE,CO,ANM,WE,Federal Contract Tower,3,8,13,0,24,0,0,17,0,17,3,8,30,0,41,8,0,8,49
06/01/2011,EGE,CO,ANM,WE,Federal Contract Tower,2,2,5,0,9,0,0,22,6,28,2,2,27,6,37,10,0,10,47
06/02/2011,EGE,CO,ANM,WE,Federal Contract Tower,3,11,12,0,26,0,0,2,3,5,3,11,14,3,31,0,0,0,31
06/03/2011,EGE,CO,ANM,WE,Federal Contract Tower,2,4,18,0,24,0,0,21,2,23,2,4,39,2,47,16,10,26,73
06/04/2011,EGE,CO,ANM,WE,Federal Contract Tower,4,6,5,0,15,0,0,22,2,24,4,6,27,2,39,26,2,28,67
06/05/2011,EGE,CO,ANM,WE,Federal Contract Tower,2,6,12,0,20,0,0,10,2,12,2,6,22,2,32,2,0,2,34
06/06/2011,EGE,CO,ANM,WE,Federal Contract Tower,2,4,15,0,21,0,0,11,0,11,2,4,26,0,32,18,0,18,50
06/07/2011,EGE,CO,ANM,WE,Federal Contract Tower,2,3,3,0,8,0,1,15,20,36,2,4,18,20,44,2,8,10,54
06/08/2011,EGE,CO,ANM,WE,Federal Contract Tower,4,3,8,0,15,0,0,8,17,25,4,3,16,17,40,14,0,14,54
06/09/2011,EGE,CO,ANM,WE,Federal Contract Tower,5,8,7,0,20,0,0,9,16,25,5,8,16,16,45,20,0,20,65
06/10/2011,EGE,CO,ANM,WE,Federal Contract Tower,5,11,7,0,23,0,0,14,7,21,5,11,21,7,44,2,0,2,46
06/11/2011,EGE,CO,ANM,WE,Federal Contract Tower,5,8,9,1,23,0,0,15,9,24,5,8,24,10,47,6,26,32,79
06/12/2011,EGE,CO,ANM,WE,Federal Contract Tower,8,9,18,0,35,0,0,16,1,17,8,9,34,1,52,16,0,16,68
06/13/2011,EGE,CO,ANM,WE,Federal Contract Tower,5,8,12,0,25,0,3,20,0,23,5,11,32,0,48,6,0,6,54
06/14/2011,EGE,CO,ANM,WE,Federal Contract Tower,4,7,16,0,27,0,0,8,27,35,4,7,24,27,62,0,28,28,90
06/15/2011,EGE,CO,ANM,WE,Federal Contract Tower,6,13,19,0,38,0,0,38,16,54,6,13,57,16,92,10,4,14,106
06/16/2011,EGE,CO,ANM,WE,Federal Contract Tower,6,14,14,0,34,0,0,15,23,38,6,14,29,23,72,6,0,6,78
06/17/2011,EGE,CO,ANM,WE,Federal Contract Tower,6,12,21,0,39,0,0,10,18,28,6,12,31,18,67,0,12,12,79
06/18/2011,EGE,CO,ANM,WE,Federal Contract Tower,7,12,18,0,37,0,0,12,1,13,7,12,30,1,50,0,0,0,50
06/19/2011,EGE,CO,ANM,WE,Federal Contract Tower,8,22,34,0,64,0,0,13,2,15,8,22,47,2,79,0,0,0,79
06/20/2011,EGE,CO,ANM,WE,Federal Contract Tower,6,20,18,0,44,0,0,4,2,6,6,20,22,2,50,0,0,0,50
06/21/2011,EGE,CO,ANM,WE,Federal Contract Tower,6,18,15,0,39,0,0,14,26,40,6,18,29,26,79,0,8,8,87
06/22/2011,EGE,CO,ANM,WE,Federal Contract Tower,6,7,13,1,27,0,0,25,24,49,6,7,38,25,76,12,16,28,104
06/23/2011,EGE,CO,ANM,WE,Federal Contract Tower,6,26,21,0,53,0,2,22,26,50,6,28,43,26,103,10,12,22,125
06/24/2011,EGE,CO,ANM,WE,Federal Contract Tower,6,20,32,0,58,0,2,18,12,32,6,22,50,12,90,0,0,0,90
06/25/2011,EGE,CO,ANM,WE,Federal Contract Tower,8,30,47,0,85,0,0,25,2,27,8,30,72,2,112,14,0,14,126
06/26/2011,EGE,CO,ANM,WE,Federal Contract Tower,8,38,42,0,88,0,0,16,2,18,8,38,58,2,106,10,0,10,116
06/27/2011,EGE,CO,ANM,WE,Federal Contract Tower,6,33,31,0,70,0,0,12,3,15,6,33,43,3,85,6,0,6,91
06/28/2011,EGE,CO,ANM,WE,Federal Contract Tower,6,36,51,1,94,0,1,19,22,42,6,37,70,23,136,0,20,20,156
06/29/2011,EGE,CO,ANM,WE,Federal Contract Tower,6,23,25,0,54,0,0,21,27,48,6,23,46,27,102,12,8,20,122
06/30/2011,EGE,CO,ANM,WE,Federal Contract Tower,2,24,27,0,53,0,0,9,18,27,2,24,36,18,80,14,10,24,104
07/01/2011,EGE,CO,ANM,WE,Federal Contract Tower,6,39,68,0,113,0,0,23,10,33,6,39,91,10,146,2,0,2,148
07/02/2011,EGE,CO,ANM,WE,Federal Contract Tower,8,23,24,0,55,0,0,28,4,32,8,23,52,4,87,18,0,18,105
07/03/2011,EGE,CO,ANM,WE,Federal Contract Tower,8,6,14,0,28,0,0,21,0,21,8,6,35,0,49,14,0,14,63
07/04/2011,EGE,CO,ANM,WE,Federal Contract Tower,8,13,22,0,43,0,0,14,1,15,8,13,36,1,58,0,0,0,58
07/05/2011,EGE,CO,ANM,WE,Federal Contract Tower,6,24,34,5,69,0,0,17,1,18,6,24,51,6,87,0,0,0,87
07/06/2011,EGE,CO,ANM,WE,Federal Contract Tower,6,44,41,0,91,0,0,26,0,26,6,44,67,0,117,6,0,6,123
07/07/2011,EGE,CO,ANM,WE,Federal Contract Tower,6,13,39,0,58,0,0,21,3,24,6,13,60,3,82,6,0,6,88
07/08/2011,EGE,CO,ANM,WE,Federal Contract Tower,6,25,34,0,65,0,0,13,6,19,6,25,47,6,84,8,0,8,92
07/09/2011,EGE,CO,ANM,WE,Federal Contract Tower,8,16,25,0,49,0,0,18,0,18,8,16,43,0,67,34,0,34,101
07/10/2011,EGE,CO,ANM,WE,Federal Contract Tower,8,43,45,0,96,0,0,18,0,18,8,43,63,0,114,26,0,26,140
07/11/2011,EGE,CO,ANM,WE,Federal Contract Tower,5,19,36,0,60,0,0,11,2,13,5,19,47,2,73,2,0,2,75
07/12/2011,EGE,CO,ANM,WE,Federal Contract Tower,6,15,34,0,55,0,0,17,34,51,6,15,51,34,106,12,16,28,134
07/13/2011,EGE,CO,ANM,WE,Federal Contract Tower,5,19,34,0,58,0,0,16,21,37,5,19,50,21,95,10,0,10,105
07/14/2011,EGE,CO,ANM,WE,Federal Contract Tower,3,11,31,0,45,0,0,21,30,51,3,11,52,30,96,22,0,22,118
07/15/2011,EGE,CO,ANM,WE,Federal Contract Tower,4,26,20,4,54,0,0,15,20,35,4,26,35,24,89,0,0,0,89
07/16/2011,EGE,CO,ANM,WE,Federal Contract Tower,8,14,19,0,41,0,0,14,1,15,8,14,33,1,56,0,2,2,58
07/17/2011,EGE,CO,ANM,WE,Federal Contract Tower,6,25,39,0,70,0,0,24,0,24,6,25,63,0,94,0,0,0,94
07/18/2011,EGE,CO,ANM,WE,Federal Contract Tower,4,26,22,0,52,0,0,9,0,9,4,26,31,0,61,2,0,2,63
07/19/2011,EGE,CO,ANM,WE,Federal Contract Tower,6,23,24,0,53,0,0,29,33,62,6,23,53,33,115,12,34,46,161
07/20/2011,EGE,CO,ANM,WE,Federal Contract Tower,6,23,34,0,63,0,0,13,24,37,6,23,47,24,100,0,0,0,100
07/21/2011,EGE,CO,ANM,WE,Federal Contract Tower,5,21,41,3,70,0,0,32,11,43,5,21,73,14,113,10,0,10,123
07/22/2011,EGE,CO,ANM,WE,Federal Contract Tower,5,36,21,0,62,0,0,25,12,37,5,36,46,12,99,0,0,0,99
07/23/2011,EGE,CO,ANM,WE,Federal Contract Tower,9,19,22,0,50,0,0,21,2,23,9,19,43,2,73,10,0,10,83
07/24/2011,EGE,CO,ANM,WE,Federal Contract Tower,5,26,39,0,70,0,0,33,5,38,5,26,72,5,108,16,0,16,124
07/25/2011,EGE,CO,ANM,WE,Federal Contract Tower,4,25,21,0,50,0,0,31,0,31,4,25,52,0,81,6,6,12,93
07/26/2011,EGE,CO,ANM,WE,Federal Contract Tower,6,33,20,0,59,0,0,41,33,74,6,33,61,33,133,0,20,20,153
07/27/2011,EGE,CO,ANM,WE,Federal Contract Tower,6,19,45,0,70,0,0,11,36,47,6,19,56,36,117,0,0,0,117
07/28/2011,EGE,CO,ANM,WE,Federal Contract Tower,6,17,51,0,74,0,1,13,34,48,6,18,64,34,122,8,0,8,130
07/29/2011,EGE,CO,ANM,WE,Federal Contract Tower,6,18,43,0,67,0,0,17,18,35,6,18,60,18,102,4,4,8,110
07/30/2011,EGE,CO,ANM,WE,Federal Contract Tower,7,22,28,2,59,0,0,21,0,21,7,22,49,2,80,16,0,16,96
07/31/2011,EGE,CO,ANM,WE,Federal Contract Tower,8,43,44,1,96,0,0,31,2,33,8,43,75,3,129,30,0,30,159
08/01/2011,EGE,CO,ANM,WE,Federal Contract Tower,6,16,28,0,50,0,1,12,0,13,6,17,40,0,63,0,0,0,63
08/02/2011,EGE,CO,ANM,WE,Federal Contract Tower,6,9,32,0,47,0,0,17,32,49,6,9,49,32,96,38,24,62,158
08/03/2011,EGE,CO,ANM,WE,Federal Contract Tower,6,12,34,0,52,0,0,22,34,56,6,12,56,34,108,32,0,32,140
08/04/2011,EGE,CO,ANM,WE,Federal Contract Tower,5,25,48,0,78,0,0,16,33,49,5,25,64,33,127,38,2,40,167
08/05/2011,EGE,CO,ANM,WE,Federal Contract Tower,6,27,49,1,83,0,0,10,22,32,6,27,59,23,115,0,0,0,115
08/06/2011,EGE,CO,ANM,WE,Federal Contract Tower,7,16,37,0,60,0,0,19,4,23,7,16,56,4,83,2,4,6,89
08/07/2011,EGE,CO,ANM,WE,Federal Contract Tower,8,52,54,2,116,0,0,18,2,20,8,52,72,4,136,4,0,4,140
08/08/2011,EGE,CO,ANM,WE,Federal Contract Tower,6,23,39,1,69,0,0,21,1,22,6,23,60,2,91,4,0,4,95
08/09/2011,EGE,CO,ANM,WE,Federal Contract Tower,6,19,24,0,49,0,0,21,31,52,6,19,45,31,101,10,8,18,119
08/10/2011,EGE,CO,ANM,WE,Federal Contract Tower,6,20,35,0,61,0,0,19,22,41,6,20,54,22,102,6,4,10,112
08/11/2011,EGE,CO,ANM,WE,Federal Contract Tower,6,29,54,0,89,0,0,30,26,56,6,29,84,26,145,6,6,12,157
08/12/2011,EGE,CO,ANM,WE,Federal Contract Tower,6,21,41,0,68,0,0,17,12,29,6,21,58,12,97,4,0,4,101
08/13/2011,EGE,CO,ANM,WE,Federal Contract Tower,7,24,19,4,54,0,0,16,1,17,7,24,35,5,71,24,0,24,95
08/14/2011,EGE,CO,ANM,WE,Federal Contract Tower,7,35,59,1,102,0,0,13,1,14,7,35,72,2,116,8,0,8,124
08/15/2011,EGE,CO,ANM,WE,Federal Contract Tower,5,35,32,0,72,0,0,8,0,8,5,35,40,0,80,8,0,8,88
08/16/2011,EGE,CO,ANM,WE,Federal Contract Tower,6,19,25,0,50,0,0,22,39,61,6,19,47,39,111,12,4,16,127
08/17/2011,EGE,CO,ANM,WE,Federal Contract Tower,6,21,22,0,49,0,0,17,31,48,6,21,39,31,97,6,0,6,103
08/18/2011,EGE,CO,ANM,WE,Federal Contract Tower,6,15,42,0,63,0,0,15,28,43,6,15,57,28,106,14,0,14,120
08/19/2011,EGE,CO,ANM,WE,Federal Contract Tower,6,31,32,2,71,0,0,9,1,10,6,31,41,3,81,0,0,0,81
08/20/2011,EGE,CO,ANM,WE,Federal Contract Tower,8,22,35,0,65,0,0,24,3,27,8,22,59,3,92,18,0,18,110
08/21/2011,EGE,CO,ANM,WE,Federal Contract Tower,8,28,29,2,67,0,0,31,0,31,8,28,60,2,98,18,0,18,116
08/22/2011,EGE,CO,ANM,WE,Federal Contract Tower,6,25,17,0,48,0,0,15,0,15,6,25,32,0,63,8,0,8,71
08/23/2011,EGE,CO,ANM,WE,Federal Contract Tower,6,28,18,0,52,0,5,21,20,46,6,33,39,20,98,60,0,60,158
08/24/2011,EGE,CO,ANM,WE,Federal Contract Tower,7,24,20,0,51,0,0,15,26,41,7,24,35,26,92,4,0,4,96
08/25/2011,EGE,CO,ANM,WE,Federal Contract Tower,6,20,35,0,61,0,0,30,18,48,6,20,65,18,109,6,0,6,115
08/26/2011,EGE,CO,ANM,WE,Federal Contract Tower,6,20,19,2,47,0,0,24,15,39,6,20,43,17,86,16,10,26,112
08/27/2011,EGE,CO,ANM,WE,Federal Contract Tower,6,16,24,0,46,0,0,17,4,21,6,16,41,4,67,26,8,34,101
08/28/2011,EGE,CO,ANM,WE,Federal Contract Tower,11,22,33,0,66,0,0,14,1,15,11,22,47,1,81,0,0,0,81
08/29/2011,EGE,CO,ANM,WE,Federal Contract Tower,4,22,35,1,62,0,0,10,0,10,4,22,45,1,72,0,0,0,72
08/30/2011,EGE,CO,ANM,WE,Federal Contract Tower,4,18,18,0,40,0,0,15,23,38,4,18,33,23,78,6,0,6,84
08/31/2011,EGE,CO,ANM,WE,Federal Contract Tower,6,17,23,0,46,0,0,25,25,50,6,17,48,25,96,4,2,6,102
09/01/2011,EGE,CO,ANM,WE,Federal Contract Tower,6,24,33,0,63,0,0,21,15,36,6,24,54,15,99,8,0,8,107
09/02/2011,EGE,CO,ANM,WE,Federal Contract Tower,5,30,36,0,71,0,0,19,6,25,5,30,55,6,96,0,0,0,96
09/03/2011,EGE,CO,ANM,WE,Federal Contract Tower,6,9,12,0,27,0,0,36,0,36,6,9,48,0,63,12,0,12,75
09/04/2011,EGE,CO,ANM,WE,Federal Contract Tower,5,5,24,0,34,0,1,23,0,24,5,6,47,0,58,14,0,14,72
09/05/2011,EGE,CO,ANM,WE,Federal Contract Tower,5,37,50,0,92,0,0,26,0,26,5,37,76,0,118,4,0,4,122
09/06/2011,EGE,CO,ANM,WE,Federal Contract Tower,6,30,24,0,60,0,0,1,0,1,6,30,25,0,61,0,0,0,61
09/07/2011,EGE,CO,ANM,WE,Federal Contract Tower,6,22,22,0,50,0,0,7,0,7,6,22,29,0,57,0,0,0,57
09/08/2011,EGE,CO,ANM,WE,Federal Contract Tower,8,13,24,0,45,0,0,16,2,18,8,13,40,2,63,28,22,50,113
09/09/2011,EGE,CO,ANM,WE,Federal Contract Tower,6,19,15,0,40,0,0,31,2,33,6,19,46,2,73,28,32,60,133
09/10/2011,EGE,CO,ANM,WE,Federal Contract Tower,7,8,17,0,32,0,0,70,2,72,7,8,87,2,104,78,2,80,184
09/11/2011,EGE,CO,ANM,WE,Federal Contract Tower,6,15,26,0,47,0,0,18,0,18,6,15,44,0,65,14,0,14,79
09/12/2011,EGE,CO,ANM,WE,Federal Contract Tower,6,15,25,0,46,0,0,20,0,20,6,15,45,0,66,20,0,20,86
09/13/2011,EGE,CO,ANM,WE,Federal Contract Tower,10,12,15,0,37,0,0,13,21,34,10,12,28,21,71,18,0,18,89
09/14/2011,EGE,CO,ANM,WE,Federal Contract Tower,10,12,16,0,38,0,0,9,26,35,10,12,25,26,73,4,0,4,77
09/15/2011,EGE,CO,ANM,WE,Federal Contract Tower,13,8,27,0,48,0,0,7,24,31,13,8,34,24,79,0,6,6,85
09/16/2011,EGE,CO,ANM,WE,Federal Contract Tower,6,10,33,0,49,0,0,7,14,21,6,10,40,14,70,2,0,2,72
09/17/2011,EGE,CO,ANM,WE,Federal Contract Tower,9,12,13,0,34,0,0,35,0,35,9,12,48,0,69,0,0,0,69
09/18/2011,EGE,CO,ANM,WE,Federal Contract Tower,6,18,23,0,47,0,0,78,0,78,6,18,101,0,125,2,0,2,127
09/19/2011,EGE,CO,ANM,WE,Federal Contract Tower,10,10,16,0,36,0,0,25,0,25,10,10,41,0,61,4,0,4,65
09/20/2011,EGE,CO,ANM,WE,Federal Contract Tower,10,6,14,0,30,0,0,19,23,42,10,6,33,23,72,2,26,28,100
09/21/2011,EGE,CO,ANM,WE,Federal Contract Tower,12,5,10,0,27,0,0,24,16,40,12,5,34,16,67,0,0,0,67
09/22/2011,EGE,CO,ANM,WE,Federal Contract Tower,6,5,20,0,31,0,0,0,0,0,6,5,20,0,31,24,0,24,55
09/23/2011,EGE,CO,ANM,WE,Federal Contract Tower,8,18,20,0,46,0,0,24,16,40,8,18,44,16,86,0,10,10,96
09/24/2011,EGE,CO,ANM,WE,Federal Contract Tower,6,15,6,0,27,0,0,34,0,34,6,15,40,0,61,8,0,8,69
09/25/2011,EGE,CO,ANM,WE,Federal Contract Tower,8,18,15,0,41,0,1,18,0,19,8,19,33,0,60,0,0,0,60
09/26/2011,EGE,CO,ANM,WE,Federal Contract Tower,6,10,18,0,34,0,0,13,6,19,6,10,31,6,53,16,0,16,69
09/27/2011,EGE,CO,ANM,WE,Federal Contract Tower,6,11,12,0,29,0,0,16,20,36,6,11,28,20,65,0,0,0,65
09/28/2011,EGE,CO,ANM,WE,Federal Contract Tower,6,10,18,0,34,0,0,20,24,44,6,10,38,24,78,2,6,8,86
09/29/2011,EGE,CO,ANM,WE,Federal Contract Tower,4,15,19,0,38,0,0,26,16,42,4,15,45,16,80,16,0,16,96
09/30/2011,EGE,CO,ANM,WE,Federal Contract Tower,7,13,16,0,36,0,0,23,12,35,7,13,39,12,71,6,0,6,77
10/01/2011,EGE,CO,ANM,WE,Federal Contract Tower,4,17,17,3,41,0,0,50,2,52,4,17,67,5,93,10,0,10,103
10/02/2011,EGE,CO,ANM,WE,Federal Contract Tower,4,18,19,1,42,0,0,19,4,23,4,18,38,5,65,0,0,0,65
10/03/2011,EGE,CO,ANM,WE,Federal Contract Tower,4,5,16,0,25,0,0,16,0,16,4,5,32,0,41,0,0,0,41
10/04/2011,EGE,CO,ANM,WE,Federal Contract Tower,8,5,10,0,23,0,0,14,20,34,8,5,24,20,57,0,0,0,57
10/05/2011,EGE,CO,ANM,WE,Federal Contract Tower,8,16,12,0,36,0,1,6,12,19,8,17,18,12,55,0,0,0,55
10/06/2011,EGE,CO,ANM,WE,Federal Contract Tower,8,10,12,0,30,0,0,0,35,35,8,10,12,35,65,0,0,0,65
10/07/2011,EGE,CO,ANM,WE,Federal Contract Tower,4,12,16,0,32,0,2,19,11,32,4,14,35,11,64,24,0,24,88
10/08/2011,EGE,CO,ANM,WE,Federal Contract Tower,4,5,7,0,16,0,0,1,0,1,4,5,8,0,17,0,0,0,17
10/09/2011,EGE,CO,ANM,WE,Federal Contract Tower,4,13,13,0,30,0,0,17,0,17,4,13,30,0,47,10,0,10,57
10/10/2011,EGE,CO,ANM,WE,Federal Contract Tower,4,8,11,0,23,0,0,18,1,19,4,8,29,1,42,0,0,0,42
10/11/2011,EGE,CO,ANM,WE,Federal Contract Tower,3,5,11,0,19,0,0,3,0,3,3,5,14,0,22,6,0,6,28
10/12/2011,EGE,CO,ANM,WE,Federal Contract Tower,6,12,13,2,33,0,0,18,6,24,6,12,31,8,57,10,18,28,85
10/13/2011,EGE,CO,ANM,WE,Federal Contract Tower,2,10,15,0,27,0,0,16,14,30,2,10,31,14,57,18,44,62,119
10/14/2011,EGE,CO,ANM,WE,Federal Contract Tower,4,10,12,0,26,0,0,13,6,19,4,10,25,6,45,0,0,0,45
10/15/2011,EGE,CO,ANM,WE,Federal Contract Tower,4,8,4,0,16,0,0,29,0,29,4,8,33,0,45,18,0,18,63
10/16/2011,EGE,CO,ANM,WE,Federal Contract Tower,4,8,16,0,28,0,0,12,14,26,4,8,28,14,54,2,0,2,56
10/17/2011,EGE,CO,ANM,WE,Federal Contract Tower,8,8,8,0,24,0,0,5,2,7,8,8,13,2,31,12,0,12,43
10/18/2011,EGE,CO,ANM,WE,Federal Contract Tower,2,5,12,2,21,0,0,14,3,17,2,5,26,5,38,14,0,14,52
10/19/2011,EGE,CO,ANM,WE,Federal Contract Tower,4,6,10,0,20,0,0,19,4,23,4,6,29,4,43,2,0,2,45
10/20/2011,EGE,CO,ANM,WE,Federal Contract Tower,4,7,13,4,28,0,0,18,13,31,4,7,31,17,59,8,2,10,69
10/21/2011,EGE,CO,ANM,WE,Federal Contract Tower,4,15,15,0,34,0,0,21,0,21,4,15,36,0,55,10,4,14,69
10/22/2011,EGE,CO,ANM,WE,Federal Contract Tower,4,6,5,0,15,0,0,24,0,24,4,6,29,0,39,0,0,0,39
10/23/2011,EGE,CO,ANM,WE,Federal Contract Tower,4,10,11,0,25,0,0,21,0,21,4,10,32,0,46,20,0,20,66
10/24/2011,EGE,CO,ANM,WE,Federal Contract Tower,4,4,9,0,17,0,0,15,0,15,4,4,24,0,32,12,0,12,44
10/25/2011,EGE,CO,ANM,WE,Federal Contract Tower,6,4,17,0,27,0,0,9,0,9,6,4,26,0,36,2,0,2,38
10/26/2011,EGE,CO,ANM,WE,Federal Contract Tower,4,0,3,0,7,0,0,0,2,2,4,0,3,2,9,0,6,6,15
10/27/2011,EGE,CO,ANM,WE,Federal Contract Tower,4,6,15,0,25,0,0,9,7,16,4,6,24,7,41,6,0,6,47
10/28/2011,EGE,CO,ANM,WE,Federal Contract Tower,3,3,11,3,20,0,0,9,1,10,3,3,20,4,30,8,0,8,38
10/29/2011,EGE,CO,ANM,WE,Federal Contract Tower,4,2,6,0,12,0,0,3,2,5,4,2,9,2,17,0,6,6,23
10/30/2011,EGE,CO,ANM,WE,Federal Contract Tower,2,5,11,0,18,0,2,17,1,20,2,7,28,1,38,0,0,0,38
10/31/2011,EGE,CO,ANM,WE,Federal Contract Tower,2,4,6,0,12,0,0,11,4,15,2,4,17,4,27,6,4,10,37
11/01/2011,EGE,CO,ANM,WE,Federal Contract Tower,2,6,9,0,17,0,0,12,16,28,2,6,21,16,45,18,0,18,63
11/02/2011,EGE,CO,ANM,WE,Federal Contract Tower,3,5,10,0,18,0,0,0,14,14,3,5,10,14,32,0,0,0,32
11/03/2011,EGE,CO,ANM,WE,Federal Contract Tower,2,3,6,2,13,0,0,20,14,34,2,3,26,16,47,10,0,10,57
11/04/2011,EGE,CO,ANM,WE,Federal Contract Tower,2,4,17,0,23,0,0,5,13,18,2,4,22,13,41,2,6,8,49
11/05/2011,EGE,CO,ANM,WE,Federal Contract Tower,4,4,4,0,12,0,0,0,0,0,4,4,4,0,12,0,0,0,12
11/06/2011,EGE,CO,ANM,WE,Federal Contract Tower,2,6,11,0,19,0,0,12,1,13,2,6,23,1,32,18,0,18,50
11/07/2011,EGE,CO,ANM,WE,Federal Contract Tower,2,0,5,0,7,0,0,7,0,7,2,0,12,0,14,4,0,4,18
11/08/2011,EGE,CO,ANM,WE,Federal Contract Tower,2,2,8,0,12,0,0,11,0,11,2,2,19,0,23,12,0,12,35
11/09/2011,EGE,CO,ANM,WE,Federal Contract Tower,2,2,11,0,15,0,0,29,7,36,2,2,40,7,51,6,8,14,65
11/10/2011,EGE,CO,ANM,WE,Federal Contract Tower,2,9,5,0,16,0,0,24,4,28,2,9,29,4,44,22,2,24,68
11/11/2011,EGE,CO,ANM,WE,Federal Contract Tower,2,4,7,0,13,0,0,19,0,19,2,4,26,0,32,10,0,10,42
11/12/2011,EGE,CO,ANM,WE,Federal Contract Tower,4,2,2,0,8,0,0,7,0,7,4,2,9,0,15,24,0,24,39
11/13/2011,EGE,CO,ANM,WE,Federal Contract Tower,0,2,2,0,4,0,0,3,0,3,0,2,5,0,7,0,0,0,7
11/14/2011,EGE,CO,ANM,WE,Federal Contract Tower,2,6,8,0,16,0,0,24,0,24,2,6,32,0,40,12,0,12,52
11/15/2011,EGE,CO,ANM,WE,Federal Contract Tower,2,1,8,0,11,0,0,10,6,16,2,1,18,6,27,0,0,0,27
11/16/2011,EGE,CO,ANM,WE,Federal Contract Tower,2,6,4,0,12,0,0,20,19,39,2,6,24,19,51,18,14,32,83
11/17/2011,EGE,CO,ANM,WE,Federal Contract Tower,4,9,8,0,21,0,0,16,10,26,4,9,24,10,47,18,8,26,73
11/18/2011,EGE,CO,ANM,WE,Federal Contract Tower,4,8,27,0,39,0,0,12,2,14,4,8,39,2,53,2,4,6,59
11/19/2011,EGE,CO,ANM,WE,Federal Contract Tower,4,5,3,0,12,0,0,0,0,0,4,5,3,0,12,0,0,0,12
11/20/2011,EGE,CO,ANM,WE,Federal Contract Tower,4,4,22,0,30,0,0,10,0,10,4,4,32,0,40,50,0,50,90
11/21/2011,EGE,CO,ANM,WE,Federal Contract Tower,4,14,11,0,29,0,0,6,4,10,4,14,17,4,39,28,2,30,69
11/22/2011,EGE,CO,ANM,WE,Federal Contract Tower,4,22,24,0,50,0,0,7,8,15,4,22,31,8,65,0,0,0,65
11/23/2011,EGE,CO,ANM,WE,Federal Contract Tower,4,20,26,0,50,0,0,14,2,16,4,20,40,2,66,0,0,0,66
11/24/2011,EGE,CO,ANM,WE,Federal Contract Tower,5,4,9,0,18,0,0,9,0,9,5,4,18,0,27,0,0,0,27
11/25/2011,EGE,CO,ANM,WE,Federal Contract Tower,5,9,8,0,22,0,0,7,0,7,5,9,15,0,29,0,0,0,29
11/26/2011,EGE,CO,ANM,WE,Federal Contract Tower,4,20,20,0,44,0,0,21,0,21,4,20,41,0,65,2,0,2,67
11/27/2011,EGE,CO,ANM,WE,Federal Contract Tower,6,44,70,1,121,0,1,16,6,23,6,45,86,7,144,0,0,0,144
11/28/2011,EGE,CO,ANM,WE,Federal Contract Tower,4,6,6,0,16,0,0,18,0,18,4,6,24,0,34,6,0,6,40
11/29/2011,EGE,CO,ANM,WE,Federal Contract Tower,7,3,9,0,19,0,0,20,38,58,7,3,29,38,77,22,4,26,103
11/30/2011,EGE,CO,ANM,WE,Federal Contract Tower,7,8,11,0,26,0,0,31,39,70,7,8,42,39,96,42,0,42,138
12/01/2011,EGE,CO,ANM,WE,Federal Contract Tower,7,10,18,0,35,0,0,7,44,51,7,10,25,44,86,18,2,20,106
12/02/2011,EGE,CO,ANM,WE,Federal Contract Tower,7,6,10,0,23,0,0,19,20,39,7,6,29,20,62,18,0,18,80
12/03/2011,EGE,CO,ANM,WE,Federal Contract Tower,7,7,9,0,23,0,0,0,0,0,7,7,9,0,23,0,0,0,23
12/04/2011,EGE,CO,ANM,WE,Federal Contract Tower,7,12,23,0,42,0,2,2,2,6,7,14,25,2,48,12,0,12,60
12/05/2011,EGE,CO,ANM,WE,Federal Contract Tower,7,11,18,0,36,0,0,16,1,17,7,11,34,1,53,20,0,20,73
12/06/2011,EGE,CO,ANM,WE,Federal Contract Tower,5,7,18,0,30,0,0,6,38,44,5,7,24,38,74,4,4,8,82
12/07/2011,EGE,CO,ANM,WE,Federal Contract Tower,5,6,15,0,26,0,0,17,51,68,5,6,32,51,94,10,0,10,104
12/08/2011,EGE,CO,ANM,WE,Federal Contract Tower,7,9,14,1,31,0,0,9,37,46,7,9,23,38,77,24,10,34,111
12/09/2011,EGE,CO,ANM,WE,Federal Contract Tower,7,9,16,0,32,0,0,16,27,43,7,9,32,27,75,0,0,0,75
12/10/2011,EGE,CO,ANM,WE,Federal Contract Tower,7,15,13,0,35,0,2,36,4,42,7,17,49,4,77,46,0,46,123
12/11/2011,EGE,CO,ANM,WE,Federal Contract Tower,6,18,15,0,39,0,1,21,3,25,6,19,36,3,64,18,0,18,82
12/12/2011,EGE,CO,ANM,WE,Federal Contract Tower,7,8,10,0,25,0,0,23,0,23,7,8,33,0,48,32,0,32,80
12/13/2011,EGE,CO,ANM,WE,Federal Contract Tower,5,3,15,0,23,0,0,17,28,45,5,3,32,28,68,8,0,8,76
12/14/2011,EGE,CO,ANM,WE,Federal Contract Tower,5,8,15,0,28,0,0,2,24,26,5,8,17,24,54,0,0,0,54
12/15/2011,EGE,CO,ANM,WE,Federal Contract Tower,22,15,39,0,76,0,0,11,15,26,22,15,50,15,102,2,0,2,104
12/16/2011,EGE,CO,ANM,WE,Federal Contract Tower,24,56,61,0,141,0,1,13,17,31,24,57,74,17,172,2,2,4,176
12/17/2011,EGE,CO,ANM,WE,Federal Contract Tower,33,55,67,0,155,0,0,9,0,9,33,55,76,0,164,0,0,0,164
12/18/2011,EGE,CO,ANM,WE,Federal Contract Tower,29,59,51,2,141,0,1,19,0,20,29,60,70,2,161,4,0,4,165
12/19/2011,EGE,CO,ANM,WE,Federal Contract Tower,26,42,37,0,105,0,0,6,4,10,26,42,43,4,115,30,8,38,153
12/20/2011,EGE,CO,ANM,WE,Federal Contract Tower,26,35,63,0,124,0,1,29,6,36,26,36,92,6,160,36,0,36,196
12/21/2011,EGE,CO,ANM,WE,Federal Contract Tower,23,64,71,0,158,0,0,0,4,4,23,64,71,4,162,0,0,0,162
12/22/2011,EGE,CO,ANM,WE,Federal Contract Tower,27,41,59,0,127,0,1,5,0,6,27,42,64,0,133,0,0,0,133
12/23/2011,EGE,CO,ANM,WE,Federal Contract Tower,26,60,107,0,193,0,5,10,0,15,26,65,117,0,208,0,0,0,208
12/24/2011,EGE,CO,ANM,WE,Federal Contract Tower,29,37,31,0,97,0,0,13,0,13,29,37,44,0,110,0,0,0,110
12/25/2011,EGE,CO,ANM,WE,Federal Contract Tower,27,49,21,0,97,0,0,6,0,6,27,49,27,0,103,4,0,4,107
12/26/2011,EGE,CO,ANM,WE,Federal Contract Tower,26,90,174,0,290,0,0,15,0,15,26,90,189,0,305,0,0,0,305
12/27/2011,EGE,CO,ANM,WE,Federal Contract Tower,26,73,101,0,200,0,1,18,3,22,26,74,119,3,222,10,0,10,232
12/28/2011,EGE,CO,ANM,WE,Federal Contract Tower,28,57,74,0,159,0,0,1,15,16,28,57,75,15,175,2,0,2,177
12/29/2011,EGE,CO,ANM,WE,Federal Contract Tower,0,26,42,65,133,0,0,4,2,6,0,26,46,67,139,0,0,0,139
12/30/2011,EGE,CO,ANM,WE,Federal Contract Tower,26,54,74,0,154,0,0,11,0,11,26,54,85,0,165,0,0,0,165
12/31/2011,EGE,CO,ANM,WE,Federal Contract Tower,29,71,47,0,147,0,0,3,0,3,29,71,50,0,150,0,0,0,150
01/01/2012,EGE,CO,ANM,WE,Federal Contract Tower,29,87,108,0,224,0,0,15,0,15,29,87,123,0,239,0,0,0,239
01/02/2012,EGE,CO,ANM,WE,Federal Contract Tower,26,110,148,0,284,0,0,21,0,21,26,110,169,0,305,0,0,0,305
01/03/2012,EGE,CO,ANM,WE,Federal Contract Tower,26,81,57,0,164,0,0,16,0,16,26,81,73,0,180,6,0,6,186
01/04/2012,EGE,CO,ANM,WE,Federal Contract Tower,26,40,40,0,106,0,0,31,2,33,26,40,71,2,139,8,0,8,147
01/05/2012,EGE,CO,ANM,WE,Federal Contract Tower,28,16,37,2,83,0,0,24,0,24,28,16,61,2,107,22,0,22,129
01/06/2012,EGE,CO,ANM,WE,Federal Contract Tower,29,30,38,0,97,0,0,28,0,28,29,30,66,0,125,8,0,8,133
01/07/2012,EGE,CO,ANM,WE,Federal Contract Tower,33,25,12,1,71,0,0,0,0,0,33,25,12,1,71,0,0,0,71
01/08/2012,EGE,CO,ANM,WE,Federal Contract Tower,33,43,33,1,110,0,3,8,3,14,33,46,41,4,124,0,0,0,124
01/09/2012,EGE,CO,ANM,WE,Federal Contract Tower,28,10,17,0,55,0,0,27,4,31,28,10,44,4,86,14,0,14,100
01/10/2012,EGE,CO,ANM,WE,Federal Contract Tower,26,18,15,0,59,0,0,24,50,74,26,18,39,50,133,12,16,28,161
01/11/2012,EGE,CO,ANM,WE,Federal Contract Tower,26,11,14,0,51,0,0,5,50,55,26,11,19,50,106,24,0,24,130
01/12/2012,EGE,CO,ANM,WE,Federal Contract Tower,27,12,30,0,69,0,1,20,36,57,27,13,50,36,126,10,2,12,138
01/13/2012,EGE,CO,ANM,WE,Federal Contract Tower,25,22,31,0,78,0,0,23,25,48,25,22,54,25,126,6,0,6,132
01/14/2012,EGE,CO,ANM,WE,Federal Contract Tower,40,16,35,0,91,0,1,25,0,26,40,17,60,0,117,20,0,20,137
01/15/2012,EGE,CO,ANM,WE,Federal Contract Tower,32,21,18,0,71,0,1,14,0,15,32,22,32,0,86,8,0,8,94
01/16/2012,EGE,CO,ANM,WE,Federal Contract Tower,25,5,24,0,54,0,0,0,0,0,25,5,24,0,54,0,0,0,54
01/17/2012,EGE,CO,ANM,WE,Federal Contract Tower,26,19,18,0,63,0,0,11,4,15,26,19,29,4,78,24,0,24,102
01/18/2012,EGE,CO,ANM,WE,Federal Contract Tower,27,11,21,0,59,0,0,4,10,14,27,11,25,10,73,10,2,12,85
01/19/2012,EGE,CO,ANM,WE,Federal Contract Tower,26,12,19,0,57,0,2,5,4,11,26,14,24,4,68,0,0,0,68
01/20/2012,EGE,CO,ANM,WE,Federal Contract Tower,27,15,26,1,69,0,0,7,4,11,27,15,33,5,80,0,0,0,80
01/21/2012,EGE,CO,ANM,WE,Federal Contract Tower,22,18,10,0,50,0,0,2,0,2,22,18,12,0,52,0,0,0,52
01/22/2012,EGE,CO,ANM,WE,Federal Contract Tower,31,15,24,1,71,0,0,0,2,2,31,15,24,3,73,0,0,0,73
01/23/2012,EGE,CO,ANM,WE,Federal Contract Tower,28,18,20,0,66,0,0,10,2,12,28,18,30,2,78,2,0,2,80
01/24/2012,EGE,CO,ANM,WE,Federal Contract Tower,26,17,8,0,51,0,0,24,7,31,26,17,32,7,82,42,0,42,124
01/25/2012,EGE,CO,ANM,WE,Federal Contract Tower,26,22,30,0,78,0,0,23,41,64,26,22,53,41,142,26,1,27,169
01/26/2012,EGE,CO,ANM,WE,Federal Contract Tower,29,22,45,0,96,0,0,13,30,43,29,22,58,30,139,14,0,14,153
01/27/2012,EGE,CO,ANM,WE,Federal Contract Tower,27,16,25,0,68,0,0,1,21,22,27,16,26,21,90,2,0,2,92
01/28/2012,EGE,CO,ANM,WE,Federal Contract Tower,35,17,26,0,78,0,1,21,4,26,35,18,47,4,104,10,0,10,114
01/29/2012,EGE,CO,ANM,WE,Federal Contract Tower,31,23,42,0,96,0,2,15,3,20,31,25,57,3,116,0,0,0,116
01/30/2012,EGE,CO,ANM,WE,Federal Contract Tower,28,16,11,0,55,0,0,22,2,24,28,16,33,2,79,22,0,22,101
01/31/2012,EGE,CO,ANM,WE,Federal Contract Tower,25,13,18,0,56,0,1,24,42,67,25,14,42,42,123,22,0,22,145
02/01/2012,EGE,CO,ANM,WE,Federal Contract Tower,27,16,22,0,65,0,0,24,46,70,27,16,46,46,135,0,0,0,135
02/02/2012,EGE,CO,ANM,WE,Federal Contract Tower,25,23,29,0,77,0,0,3,38,41,25,23,32,38,118,0,0,0,118
02/03/2012,EGE,CO,ANM,WE,Federal Contract Tower,20,23,39,0,82,0,0,7,12,19,20,23,46,12,101,26,0,26,127
02/04/2012,EGE,CO,ANM,WE,Federal Contract Tower,35,14,33,0,82,0,0,14,0,14,35,14,47,0,96,28,0,28,124
02/05/2012,EGE,CO,ANM,WE,Federal Contract Tower,30,17,34,0,81,0,2,12,0,14,30,19,46,0,95,6,0,6,101
02/06/2012,EGE,CO,ANM,WE,Federal Contract Tower,28,31,48,0,107,0,0,6,0,6,28,31,54,0,113,24,0,24,137
02/07/2012,EGE,CO,ANM,WE,Federal Contract Tower,26,22,51,0,99,0,0,17,38,55,26,22,68,38,154,30,0,30,184
02/08/2012,EGE,CO,ANM,WE,Federal Contract Tower,26,24,44,0,94,0,0,25,36,61,26,24,69,36,155,29,0,29,184
02/09/2012,EGE,CO,ANM,WE,Federal Contract Tower,29,30,59,0,118,0,0,8,37,45,29,30,67,37,163,0,0,0,163
02/10/2012,EGE,CO,ANM,WE,Federal Contract Tower,28,28,37,0,93,0,1,7,32,40,28,29,44,32,133,0,0,0,133
02/11/2012,EGE,CO,ANM,WE,Federal Contract Tower,35,27,26,0,88,0,0,12,0,12,35,27,38,0,100,0,0,0,100
02/12/2012,EGE,CO,ANM,WE,Federal Contract Tower,31,43,41,2,117,0,0,6,0,6,31,43,47,2,123,10,0,10,133
02/13/2012,EGE,CO,ANM,WE,Federal Contract Tower,28,18,41,0,87,0,2,4,2,8,28,20,45,2,95,42,0,42,137
02/14/2012,EGE,CO,ANM,WE,Federal Contract Tower,26,19,19,0,64,0,0,3,34,37,26,19,22,34,101,6,0,6,107
02/15/2012,EGE,CO,ANM,WE,Federal Contract Tower,27,25,25,0,77,0,0,6,36,42,27,25,31,36,119,30,0,30,149
02/16/2012,EGE,CO,ANM,WE,Federal Contract Tower,28,45,77,0,150,0,1,15,39,55,28,46,92,39,205,0,0,0,205
02/17/2012,EGE,CO,ANM,WE,Federal Contract Tower,29,45,86,3,163,0,0,16,21,37,29,45,102,24,200,0,0,0,200
02/18/2012,EGE,CO,ANM,WE,Federal Contract Tower,40,55,48,0,143,0,0,16,0,16,40,55,64,0,159,2,0,2,161
02/19/2012,EGE,CO,ANM,WE,Federal Contract Tower,28,33,45,0,106,0,2,2,0,4,28,35,47,0,110,0,0,0,110
02/20/2012,EGE,CO,ANM,WE,Federal Contract Tower,28,63,88,3,182,0,0,0,0,0,28,63,88,3,182,0,0,0,182
02/21/2012,EGE,CO,ANM,WE,Federal Contract Tower,27,51,45,0,123,0,0,3,2,5,27,51,48,2,128,0,0,0,128
02/22/2012,EGE,CO,ANM,WE,Federal Contract Tower,27,32,47,0,106,0,0,5,2,7,27,32,52,2,113,6,0,6,119
02/23/2012,EGE,CO,ANM,WE,Federal Contract Tower,27,35,31,0,93,0,0,4,14,18,27,35,35,14,111,0,26,26,137
02/24/2012,EGE,CO,ANM,WE,Federal Contract Tower,27,24,41,0,92,0,2,21,9,32,27,26,62,9,124,24,0,24,148
02/25/2012,EGE,CO,ANM,WE,Federal Contract Tower,37,44,46,0,127,0,2,12,0,14,37,46,58,0,141,0,0,0,141
02/26/2012,EGE,CO,ANM,WE,Federal Contract Tower,31,39,58,0,128,0,2,17,1,20,31,41,75,1,148,0,0,0,148
02/27/2012,EGE,CO,ANM,WE,Federal Contract Tower,30,21,24,0,75,0,1,13,0,14,30,22,37,0,89,26,0,26,115
02/28/2012,EGE,CO,ANM,WE,Federal Contract Tower,27,14,10,0,51,0,0,0,6,6,27,14,10,6,57,0,0,0,57
02/29/2012,EGE,CO,ANM,WE,Federal Contract Tower,26,21,47,0,94,0,0,19,47,66,26,21,66,47,160,4,0,4,164
03/01/2012,EGE,CO,ANM,WE,Federal Contract Tower,25,25,31,0,81,0,0,1,0,1,25,25,32,0,82,0,0,0,82
03/02/2012,EGE,CO,ANM,WE,Federal Contract Tower,29,40,43,0,112,0,7,48,0,55,29,47,91,0,167,2,0,2,169
03/03/2012,EGE,CO,ANM,WE,Federal Contract Tower,35,30,48,0,113,0,0,3,12,15,35,30,51,12,128,0,0,0,128
03/04/2012,EGE,CO,ANM,WE,Federal Contract Tower,30,56,73,0,159,0,1,14,4,19,30,57,87,4,178,0,0,0,178
03/05/2012,EGE,CO,ANM,WE,Federal Contract Tower,30,27,17,0,74,0,1,35,6,42,30,28,52,6,116,6,30,36,152
03/06/2012,EGE,CO,ANM,WE,Federal Contract Tower,25,20,15,0,60,0,1,17,39,57,25,21,32,39,117,10,0,10,127
03/07/2012,EGE,CO,ANM,WE,Federal Contract Tower,26,30,18,0,74,0,2,5,37,44,26,32,23,37,118,0,0,0,118
03/08/2012,EGE,CO,ANM,WE,Federal Contract Tower,28,21,28,0,77,0,0,30,35,65,28,21,58,35,142,10,2,12,154
03/09/2012,EGE,CO,ANM,WE,Federal Contract Tower,28,50,62,3,143,0,0,26,34,60,28,50,88,37,203,6,0,6,209
03/10/2012,EGE,CO,ANM,WE,Federal Contract Tower,39,70,64,0,173,0,2,17,0,19,39,72,81,0,192,2,0,2,194
03/11/2012,EGE,CO,ANM,WE,Federal Contract Tower,28,51,63,0,142,0,0,28,0,28,28,51,91,0,170,0,0,0,170
03/12/2012,EGE,CO,ANM,WE,Federal Contract Tower,27,24,28,0,79,0,2,7,1,10,27,26,35,1,89,32,0,32,121
03/13/2012,EGE,CO,ANM,WE,Federal Contract Tower,26,20,46,0,92,0,1,18,38,57,26,21,64,38,149,20,0,20,169
03/14/2012,EGE,CO,ANM,WE,Federal Contract Tower,26,30,34,0,90,0,0,21,37,58,26,30,55,37,148,24,0,24,172
03/15/2012,EGE,CO,ANM,WE,Federal Contract Tower,26,28,47,0,101,0,2,28,28,58,26,30,75,28,159,16,0,16,175
03/16/2012,EGE,CO,ANM,WE,Federal Contract Tower,28,47,49,1,125,0,1,26,19,46,28,48,75,20,171,2,0,2,173
03/17/2012,EGE,CO,ANM,WE,Federal Contract Tower,41,68,97,0,206,0,0,22,5,27,41,68,119,5,233,10,0,10,243
03/18/2012,EGE,CO,ANM,WE,Federal Contract Tower,26,46,52,4,128,0,0,1,0,1,26,46,53,4,129,0,0,0,129
03/19/2012,EGE,CO,ANM,WE,Federal Contract Tower,26,45,28,0,99,0,3,11,1,15,26,48,39,1,114,12,0,12,126
03/20/2012,EGE,CO,ANM,WE,Federal Contract Tower,26,22,22,0,70,0,0,26,28,54,26,22,48,28,124,18,0,18,142
03/21/2012,EGE,CO,ANM,WE,Federal Contract Tower,26,25,25,0,76,0,0,21,26,47,26,25,46,26,123,12,0,12,135
03/22/2012,EGE,CO,ANM,WE,Federal Contract Tower,28,19,33,1,81,0,2,16,34,52,28,21,49,35,133,0,0,0,133
03/23/2012,EGE,CO,ANM,WE,Federal Contract Tower,28,40,38,2,108,0,2,41,17,60,28,42,79,19,168,46,0,46,214
03/24/2012,EGE,CO,ANM,WE,Federal Contract Tower,37,52,42,0,131,0,1,26,0,27,37,53,68,0,158,0,0,0,158
03/25/2012,EGE,CO,ANM,WE,Federal Contract Tower,33,31,51,0,115,0,1,29,2,32,33,32,80,2,147,22,0,22,169
03/26/2012,EGE,CO,ANM,WE,Federal Contract Tower,25,19,18,0,62,0,1,7,3,11,25,20,25,3,73,0,0,0,73
03/27/2012,EGE,CO,ANM,WE,Federal Contract Tower,26,14,21,0,61,0,0,16,48,64,26,14,37,48,125,30,4,34,159
03/28/2012,EGE,CO,ANM,WE,Federal Contract Tower,25,14,13,1,53,0,0,13,41,54,25,14,26,42,107,26,0,26,133
03/29/2012,EGE,CO,ANM,WE,Federal Contract Tower,27,20,21,0,68,0,1,21,46,68,27,21,42,46,136,26,0,26,162
03/30/2012,EGE,CO,ANM,WE,Federal Contract Tower,30,46,30,2,108,0,2,21,23,46,30,48,51,25,154,14,2,16,170
03/31/2012,EGE,CO,ANM,WE,Federal Contract Tower,37,50,30,0,117,0,0,22,3,25,37,50,52,3,142,12,0,12,154
04/01/2012,EGE,CO,ANM,WE,Federal Contract Tower,19,44,21,0,84,0,1,9,2,12,19,45,30,2,96,4,0,4,100
04/02/2012,EGE,CO,ANM,WE,Federal Contract Tower,14,19,16,0,49,0,0,3,0,3,14,19,19,0,52,14,0,14,66
04/03/2012,EGE,CO,ANM,WE,Federal Contract Tower,3,7,18,1,29,0,0,17,30,47,3,7,35,31,76,44,0,44,120
04/04/2012,EGE,CO,ANM,WE,Federal Contract Tower,3,24,13,0,40,0,0,28,32,60,3,24,41,32,100,54,4,58,158
04/05/2012,EGE,CO,ANM,WE,Federal Contract Tower,3,7,15,0,25,0,1,22,26,49,3,8,37,26,74,60,0,60,134
04/06/2012,EGE,CO,ANM,WE,Federal Contract Tower,3,9,15,0,27,0,0,6,17,23,3,9,21,17,50,14,0,14,64
04/07/2012,EGE,CO,ANM,WE,Federal Contract Tower,2,20,15,4,41,0,1,14,1,16,2,21,29,5,57,0,0,0,57
04/08/2012,EGE,CO,ANM,WE,Federal Contract Tower,6,36,15,0,57,0,2,15,4,21,6,38,30,4,78,0,0,0,78
04/09/2012,EGE,CO,ANM,WE,Federal Contract Tower,3,34,16,0,53,0,0,23,0,23,3,34,39,0,76,40,0,40,116
04/10/2012,EGE,CO,ANM,WE,Federal Contract Tower,3,7,7,0,17,0,0,22,33,55,3,7,29,33,72,26,0,26,98
04/11/2012,EGE,CO,ANM,WE,Federal Contract Tower,3,9,15,0,27,0,0,21,23,44,3,9,36,23,71,42,0,42,113
04/12/2012,EGE,CO,ANM,WE,Federal Contract Tower,4,10,9,0,23,0,0,8,33,41,4,10,17,33,64,8,0,8,72
04/13/2012,EGE,CO,ANM,WE,Federal Contract Tower,3,6,7,0,16,0,0,11,17,28,3,6,18,17,44,0,0,0,44
04/14/2012,EGE,CO,ANM,WE,Federal Contract Tower,3,10,9,0,22,0,0,2,0,2,3,10,11,0,24,0,0,0,24
04/15/2012,EGE,CO,ANM,WE,Federal Contract Tower,3,13,9,0,25,0,0,4,0,4,3,13,13,0,29,0,0,0,29
04/16/2012,EGE,CO,ANM,WE,Federal Contract Tower,3,4,6,1,14,0,0,3,0,3,3,4,9,1,17,8,0,8,25
04/17/2012,EGE,CO,ANM,WE,Federal Contract Tower,3,2,6,0,11,0,0,13,4,17,3,2,19,4,28,26,0,26,54
04/18/2012,EGE,CO,ANM,WE,Federal Contract Tower,3,4,5,0,12,0,1,19,5,25,3,5,24,5,37,24,0,24,61
04/19/2012,EGE,CO,ANM,WE,Federal Contract Tower,3,4,8,0,15,0,0,4,0,4,3,4,12,0,19,0,0,0,19
04/20/2012,EGE,CO,ANM,WE,Federal Contract Tower,3,0,5,0,8,0,0,19,4,23,3,0,24,4,31,4,0,4,35
04/21/2012,EGE,CO,ANM,WE,Federal Contract Tower,3,4,0,1,8,0,0,20,0,20,3,4,20,1,28,20,2,22,50
04/22/2012,EGE,CO,ANM,WE,Federal Contract Tower,3,1,6,1,11,0,1,22,0,23,3,2,28,1,34,0,0,0,34
04/23/2012,EGE,CO,ANM,WE,Federal Contract Tower,4,9,4,0,17,0,0,13,2,15,4,9,17,2,32,0,0,0,32
04/24/2012,EGE,CO,ANM,WE,Federal Contract Tower,3,5,3,0,11,0,0,15,48,63,3,5,18,48,74,28,18,46,120
04/25/2012,EGE,CO,ANM,WE,Federal Contract Tower,3,7,9,0,19,0,0,8,28,36,3,7,17,28,55,0,0,0,55
04/26/2012,EGE,CO,ANM,WE,Federal Contract Tower,3,3,8,0,14,0,0,7,44,51,3,3,15,44,65,0,54,54,119
04/27/2012,EGE,CO,ANM,WE,Federal Contract Tower,3,5,6,0,14,0,0,5,25,30,3,5,11,25,44,14,14,28,72
04/28/2012,EGE,CO,ANM,WE,Federal Contract Tower,3,4,5,0,12,0,0,13,1,14,3,4,18,1,26,14,0,14,40
04/29/2012,EGE,CO,ANM,WE,Federal Contract Tower,3,3,10,2,18,0,0,19,3,22,3,3,29,5,40,44,0,44,84
04/30/2012,EGE,CO,ANM,WE,Federal Contract Tower,3,2,3,0,8,0,0,11,0,11,3,2,14,0,19,14,0,14,33
05/01/2012,EGE,CO,ANM,WE,Federal Contract Tower,3,4,4,0,11,0,0,16,28,44,3,4,20,28,55,30,0,30,85
05/02/2012,EGE,CO,ANM,WE,Federal Contract Tower,2,6,8,0,16,0,0,24,20,44,2,6,32,20,60,18,0,18,78
05/03/2012,EGE,CO,ANM,WE,Federal Contract Tower,2,0,4,0,6,0,0,26,16,42,2,0,30,16,48,0,0,0,48
05/04/2012,EGE,CO,ANM,WE,Federal Contract Tower,2,1,9,0,12,0,0,23,13,36,2,1,32,13,48,22,0,22,70
05/05/2012,EGE,CO,ANM,WE,Federal Contract Tower,2,6,6,6,20,0,0,10,7,17,2,6,16,13,37,12,0,12,49
05/06/2012,EGE,CO,ANM,WE,Federal Contract Tower,2,7,6,0,15,0,0,19,4,23,2,7,25,4,38,14,0,14,52
05/07/2012,EGE,CO,ANM,WE,Federal Contract Tower,2,14,0,0,16,0,0,7,0,7,2,14,7,0,23,28,0,28,51
05/08/2012,EGE,CO,ANM,WE,Federal Contract Tower,2,2,7,0,11,0,0,13,34,47,2,2,20,34,58,60,0,60,118
05/09/2012,EGE,CO,ANM,WE,Federal Contract Tower,2,4,8,0,14,0,2,25,34,61,2,6,33,34,75,22,0,22,97
05/10/2012,EGE,CO,ANM,WE,Federal Contract Tower,2,2,6,0,10,0,3,22,29,54,2,5,28,29,64,4,0,4,68
05/11/2012,EGE,CO,ANM,WE,Federal Contract Tower,2,3,4,0,9,0,0,11,18,29,2,3,15,18,38,16,0,16,54
05/12/2012,EGE,CO,ANM,WE,Federal Contract Tower,2,3,3,0,8,0,0,21,0,21,2,3,24,0,29,14,0,14,43
05/13/2012,EGE,CO,ANM,WE,Federal Contract Tower,2,6,5,0,13,0,0,10,3,13,2,6,15,3,26,10,4,14,40
05/14/2012,EGE,CO,ANM,WE,Federal Contract Tower,2,4,5,0,11,0,0,35,0,35,2,4,40,0,46,12,0,12,58
05/15/2012,EGE,CO,ANM,WE,Federal Contract Tower,2,10,9,0,21,0,0,23,24,47,2,10,32,24,68,2,0,2,70
05/16/2012,EGE,CO,ANM,WE,Federal Contract Tower,2,3,9,0,14,0,2,8,10,20,2,5,17,10,34,10,0,10,44
05/17/2012,EGE,CO,ANM,WE,Federal Contract Tower,2,5,7,0,14,0,2,13,26,41,2,7,20,26,55,4,0,4,59
05/18/2012,EGE,CO,ANM,WE,Federal Contract Tower,2,7,6,0,15,0,1,18,8,27,2,8,24,8,42,0,0,0,42
05/19/2012,EGE,CO,ANM,WE,Federal Contract Tower,2,3,5,0,10,0,0,12,0,12,2,3,17,0,22,8,0,8,30
05/20/2012,EGE,CO,ANM,WE,Federal Contract Tower,2,3,6,2,13,0,0,15,2,17,2,3,21,4,30,14,0,14,44
05/21/2012,EGE,CO,ANM,WE,Federal Contract Tower,2,6,9,1,18,0,0,1,31,32,2,6,10,32,50,14,0,14,64
05/22/2012,EGE,CO,ANM,WE,Federal Contract Tower,2,6,11,0,19,0,0,17,26,43,2,6,28,26,62,18,0,18,80
05/23/2012,EGE,CO,ANM,WE,Federal Contract Tower,2,2,5,0,9,0,0,14,20,34,2,2,19,20,43,14,0,14,57
05/24/2012,EGE,CO,ANM,WE,Federal Contract Tower,2,6,12,0,20,0,1,17,16,34,2,7,29,16,54,20,0,20,74
05/25/2012,EGE,CO,ANM,WE,Federal Contract Tower,4,19,16,0,39,0,0,13,8,21,4,19,29,8,60,44,0,44,104
05/26/2012,EGE,CO,ANM,WE,Federal Contract Tower,5,6,4,0,15,0,0,10,1,11,5,6,14,1,26,10,0,10,36
05/27/2012,EGE,CO,ANM,WE,Federal Contract Tower,2,8,4,0,14,0,0,3,0,3,2,8,7,0,17,0,0,0,17
05/28/2012,EGE,CO,ANM,WE,Federal Contract Tower,2,13,17,0,32,0,0,24,0,24,2,13,41,0,56,26,0,26,82
05/29/2012,EGE,CO,ANM,WE,Federal Contract Tower,2,7,22,2,33,0,0,26,0,26,2,7,48,2,59,26,0,26,85
05/30/2012,EGE,CO,ANM,WE,Federal Contract Tower,2,4,14,0,20,0,0,18,2,20,2,4,32,2,40,48,0,48,88
05/31/2012,EGE,CO,ANM,WE,Federal Contract Tower,2,8,8,0,18,0,0,10,0,10,2,8,18,0,28,14,0,14,42
06/01/2012,EGE,CO,ANM,WE,Federal Contract Tower,2,5,20,0,27,0,0,25,0,25,2,5,45,0,52,10,0,10,62
06/02/2012,EGE,CO,ANM,WE,Federal Contract Tower,2,4,13,0,19,0,0,26,1,27,2,4,39,1,46,8,0,8,54
06/03/2012,EGE,CO,ANM,WE,Federal Contract Tower,2,2,12,0,16,0,0,27,1,28,2,2,39,1,44,24,0,24,68
06/04/2012,EGE,CO,ANM,WE,Federal Contract Tower,2,7,14,0,23,0,0,20,5,25,2,7,34,5,48,26,0,26,74
06/05/2012,EGE,CO,ANM,WE,Federal Contract Tower,2,0,11,0,13,0,0,12,28,40,2,0,23,28,53,0,0,0,53
06/06/2012,EGE,CO,ANM,WE,Federal Contract Tower,2,11,16,0,29,0,0,17,34,51,2,11,33,34,80,40,2,42,122
06/07/2012,EGE,CO,ANM,WE,Federal Contract Tower,8,18,14,0,40,0,0,20,29,49,8,18,34,29,89,20,0,20,109
06/08/2012,EGE,CO,ANM,WE,Federal Contract Tower,4,9,22,0,35,0,0,14,16,30,4,9,36,16,65,6,0,6,71
06/09/2012,EGE,CO,ANM,WE,Federal Contract Tower,4,9,17,2,32,0,0,5,5,10,4,9,22,7,42,0,0,0,42
06/10/2012,EGE,CO,ANM,WE,Federal Contract Tower,6,14,24,0,44,0,0,17,1,18,6,14,41,1,62,10,0,10,72
06/11/2012,EGE,CO,ANM,WE,Federal Contract Tower,4,13,14,0,31,0,0,12,0,12,4,13,26,0,43,20,0,20,63
06/12/2012,EGE,CO,ANM,WE,Federal Contract Tower,4,7,13,0,24,0,0,22,32,54,4,7,35,32,78,26,0,26,104
06/13/2012,EGE,CO,ANM,WE,Federal Contract Tower,4,11,26,0,41,0,0,27,41,68,4,11,53,41,109,58,2,60,169
06/14/2012,EGE,CO,ANM,WE,Federal Contract Tower,5,13,19,0,37,0,0,14,37,51,5,13,33,37,88,0,0,0,88
06/15/2012,EGE,CO,ANM,WE,Federal Contract Tower,6,13,23,0,42,0,0,17,26,43,6,13,40,26,85,10,0,10,95
06/16/2012,EGE,CO,ANM,WE,Federal Contract Tower,5,12,14,0,31,8,26,1,0,35,13,38,15,0,66,8,0,8,74
06/17/2012,EGE,CO,ANM,WE,Federal Contract Tower,7,10,26,0,43,0,0,16,2,18,7,10,42,2,61,0,0,0,61
06/18/2012,EGE,CO,ANM,WE,Federal Contract Tower,6,10,9,2,27,0,0,14,0,14,6,10,23,2,41,2,0,2,43
06/19/2012,EGE,CO,ANM,WE,Federal Contract Tower,6,13,20,0,39,0,0,21,34,55,6,13,41,34,94,20,0,20,114
06/20/2012,EGE,CO,ANM,WE,Federal Contract Tower,6,18,18,0,42,0,0,20,30,50,6,18,38,30,92,28,0,28,120
06/21/2012,EGE,CO,ANM,WE,Federal Contract Tower,6,21,18,1,46,0,0,27,48,75,6,21,45,49,121,8,0,8,129
06/22/2012,EGE,CO,ANM,WE,Federal Contract Tower,6,15,21,2,44,0,0,22,34,56,6,15,43,36,100,30,2,32,132
06/23/2012,EGE,CO,ANM,WE,Federal Contract Tower,5,6,19,1,31,0,0,23,4,27,5,6,42,5,58,2,0,2,60
06/24/2012,EGE,CO,ANM,WE,Federal Contract Tower,6,33,19,0,58,0,0,20,1,21,6,33,39,1,79,0,0,0,79
06/25/2012,EGE,CO,ANM,WE,Federal Contract Tower,6,14,18,0,38,0,0,16,5,21,6,14,34,5,59,20,0,20,79
06/26/2012,EGE,CO,ANM,WE,Federal Contract Tower,6,15,20,0,41,0,0,18,34,52,6,15,38,34,93,12,6,18,111
06/27/2012,EGE,CO,ANM,WE,Federal Contract Tower,5,8,18,0,31,0,0,17,40,57,5,8,35,40,88,0,8,8,96
06/28/2012,EGE,CO,ANM,WE,Federal Contract Tower,6,15,32,0,53,0,0,20,42,62,6,15,52,42,115,8,40,48,163
06/29/2012,EGE,CO,ANM,WE,Federal Contract Tower,5,17,29,8,59,0,0,36,28,64,5,17,65,36,123,26,30,56,179
06/30/2012,EGE,CO,ANM,WE,Federal Contract Tower,5,32,45,0,82,0,0,32,3,35,5,32,77,3,117,8,0,8,125
07/01/2012,EGE,CO,ANM,WE,Federal Contract Tower,5,32,34,4,75,0,0,18,2,20,5,32,52,6,95,8,0,8,103
07/02/2012,EGE,CO,ANM,WE,Federal Contract Tower,4,25,31,0,60,0,0,15,0,15,4,25,46,0,75,2,0,2,77
07/03/2012,EGE,CO,ANM,WE,Federal Contract Tower,6,25,34,0,65,0,0,29,1,30,6,25,63,1,95,12,0,12,107
07/04/2012,EGE,CO,ANM,WE,Federal Contract Tower,4,8,15,0,27,0,0,9,0,9,4,8,24,0,36,14,0,14,50
07/05/2012,EGE,CO,ANM,WE,Federal Contract Tower,6,28,44,0,78,0,0,16,7,23,6,28,60,7,101,10,0,10,111
07/06/2012,EGE,CO,ANM,WE,Federal Contract Tower,6,27,27,0,60,0,0,24,4,28,6,27,51,4,88,24,0,24,112
07/07/2012,EGE,CO,ANM,WE,Federal Contract Tower,5,24,36,0,65,0,0,27,0,27,5,24,63,0,92,6,0,6,98
07/08/2012,EGE,CO,ANM,WE,Federal Contract Tower,8,41,53,0,102,0,0,13,1,14,8,41,66,1,116,12,0,12,128
07/09/2012,EGE,CO,ANM,WE,Federal Contract Tower,5,18,25,0,48,0,0,16,0,16,5,18,41,0,64,18,0,18,82
07/10/2012,EGE,CO,ANM,WE,Federal Contract Tower,5,29,21,0,55,0,0,29,16,45,5,29,50,16,100,24,4,28,128
07/11/2012,EGE,CO,ANM,WE,Federal Contract Tower,9,20,24,0,53,0,0,11,24,35,9,20,35,24,88,36,0,36,124
07/12/2012,EGE,CO,ANM,WE,Federal Contract Tower,5,16,26,0,47,0,0,26,20,46,5,16,52,20,93,34,0,34,127
07/13/2012,EGE,CO,ANM,WE,Federal Contract Tower,4,19,25,0,48,0,0,22,13,35,4,19,47,13,83,24,0,24,107
07/14/2012,EGE,CO,ANM,WE,Federal Contract Tower,6,17,23,0,46,0,0,20,2,22,6,17,43,2,68,0,0,0,68
07/15/2012,EGE,CO,ANM,WE,Federal Contract Tower,7,28,64,0,99,0,0,23,3,26,7,28,87,3,125,0,0,0,125
07/16/2012,EGE,CO,ANM,WE,Federal Contract Tower,3,16,20,0,39,0,0,15,0,15,3,16,35,0,54,12,0,12,66
07/17/2012,EGE,CO,ANM,WE,Federal Contract Tower,6,16,12,0,34,0,0,13,45,58,6,16,25,45,92,20,6,26,118
07/18/2012,EGE,CO,ANM,WE,Federal Contract Tower,5,17,23,0,45,0,0,18,45,63,5,17,41,45,108,6,0,6,114
07/19/2012,EGE,CO,ANM,WE,Federal Contract Tower,7,24,45,6,82,0,0,32,56,88,7,24,77,62,170,18,0,18,188
07/20/2012,EGE,CO,ANM,WE,Federal Contract Tower,5,29,38,0,72,0,0,31,26,57,5,29,69,26,129,56,0,56,185
07/21/2012,EGE,CO,ANM,WE,Federal Contract Tower,6,29,23,0,58,0,0,24,4,28,6,29,47,4,86,12,0,12,98
07/22/2012,EGE,CO,ANM,WE,Federal Contract Tower,8,21,45,0,74,0,0,21,1,22,8,21,66,1,96,24,0,24,120
07/23/2012,EGE,CO,ANM,WE,Federal Contract Tower,5,21,26,0,52,0,0,22,0,22,5,21,48,0,74,20,0,20,94
07/24/2012,EGE,CO,ANM,WE,Federal Contract Tower,6,19,29,1,55,0,0,29,27,56,6,19,58,28,111,4,0,4,115
07/25/2012,EGE,CO,ANM,WE,Federal Contract Tower,6,18,33,0,57,0,0,20,24,44,6,18,53,24,101,26,0,26,127
07/26/2012,EGE,CO,ANM,WE,Federal Contract Tower,5,21,38,0,64,0,0,24,26,50,5,21,62,26,114,8,0,8,122
07/27/2012,EGE,CO,ANM,WE,Federal Contract Tower,6,35,46,0,87,0,0,41,20,61,6,35,87,20,148,22,0,22,170
07/28/2012,EGE,CO,ANM,WE,Federal Contract Tower,6,32,30,7,75,0,0,22,4,26,6,32,52,11,101,12,0,12,113
07/29/2012,EGE,CO,ANM,WE,Federal Contract Tower,7,40,34,0,81,0,0,20,0,20,7,40,54,0,101,2,0,2,103
07/30/2012,EGE,CO,ANM,WE,Federal Contract Tower,5,20,29,0,54,0,0,14,0,14,5,20,43,0,68,8,0,8,76
07/31/2012,EGE,CO,ANM,WE,Federal Contract Tower,6,36,35,0,77,0,0,23,28,51,6,36,58,28,128,6,0,6,134
08/01/2012,EGE,CO,ANM,WE,Federal Contract Tower,5,25,32,2,64,0,0,24,26,50,5,25,56,28,114,0,6,6,120
08/02/2012,EGE,CO,ANM,WE,Federal Contract Tower,6,21,28,0,55,0,0,36,19,55,6,21,64,19,110,6,0,6,116
08/03/2012,EGE,CO,ANM,WE,Federal Contract Tower,6,31,35,4,76,0,0,44,28,72,6,31,79,32,148,2,0,2,150
08/04/2012,EGE,CO,ANM,WE,Federal Contract Tower,6,32,35,11,84,0,0,23,6,29,6,32,58,17,113,44,0,44,157
08/05/2012,EGE,CO,ANM,WE,Federal Contract Tower,8,45,28,2,83,0,0,24,2,26,8,45,52,4,109,0,0,0,109
08/06/2012,EGE,CO,ANM,WE,Federal Contract Tower,6,31,27,0,64,0,0,12,0,12,6,31,39,0,76,14,0,14,90
08/07/2012,EGE,CO,ANM,WE,Federal Contract Tower,5,31,41,0,77,0,0,23,40,63,5,31,64,40,140,10,0,10,150
08/08/2012,EGE,CO,ANM,WE,Federal Contract Tower,6,33,31,0,70,0,0,42,36,78,6,33,73,36,148,50,0,50,198
08/09/2012,EGE,CO,ANM,WE,Federal Contract Tower,6,27,34,1,68,0,0,17,42,59,6,27,51,43,127,24,0,24,151
08/10/2012,EGE,CO,ANM,WE,Federal Contract Tower,5,29,36,0,70,0,0,18,25,43,5,29,54,25,113,42,2,44,157
08/11/2012,EGE,CO,ANM,WE,Federal Contract Tower,6,22,25,0,53,0,0,28,2,30,6,22,53,2,83,10,0,10,93
08/12/2012,EGE,CO,ANM,WE,Federal Contract Tower,8,55,45,0,108,0,0,26,0,26,8,55,71,0,134,20,0,20,154
08/13/2012,EGE,CO,ANM,WE,Federal Contract Tower,6,23,29,0,58,0,0,8,0,8,6,23,37,0,66,10,0,10,76
08/14/2012,EGE,CO,ANM,WE,Federal Contract Tower,6,37,35,0,78,0,0,8,12,20,6,37,43,12,98,30,0,30,128
08/15/2012,EGE,CO,ANM,WE,Federal Contract Tower,6,16,32,0,54,0,0,38,18,56,6,16,70,18,110,64,0,64,174
08/16/2012,EGE,CO,ANM,WE,Federal Contract Tower,6,39,45,0,90,0,0,19,11,30,6,39,64,11,120,6,0,6,126
08/17/2012,EGE,CO,ANM,WE,Federal Contract Tower,8,19,34,0,61,0,0,21,2,23,8,19,55,2,84,8,0,8,92
08/18/2012,EGE,CO,ANM,WE,Federal Contract Tower,5,22,27,0,54,0,0,19,0,19,5,22,46,0,73,0,0,0,73
08/19/2012,EGE,CO,ANM,WE,Federal Contract Tower,6,28,48,2,84,0,0,58,1,59,6,28,106,3,143,12,0,12,155
08/20/2012,EGE,CO,ANM,WE,Federal Contract Tower,6,16,26,0,48,0,0,8,0,8,6,16,34,0,56,0,0,0,56
08/21/2012,EGE,CO,ANM,WE,Federal Contract Tower,6,13,30,0,49,0,0,44,31,75,6,13,74,31,124,0,0,0,124
08/22/2012,EGE,CO,ANM,WE,Federal Contract Tower,6,21,23,0,50,0,0,15,28,43,6,21,38,28,93,12,0,12,105
08/23/2012,EGE,CO,ANM,WE,Federal Contract Tower,6,22,33,0,61,0,0,12,31,43,6,22,45,31,104,4,2,6,110
08/24/2012,EGE,CO,ANM,WE,Federal Contract Tower,6,26,29,0,61,0,0,18,21,39,6,26,47,21,100,6,0,6,106
08/25/2012,EGE,CO,ANM,WE,Federal Contract Tower,6,13,18,0,37,0,0,28,5,33,6,13,46,5,70,0,0,0,70
08/26/2012,EGE,CO,ANM,WE,Federal Contract Tower,7,16,39,2,64,0,0,15,2,17,7,16,54,4,81,6,0,6,87
08/27/2012,EGE,CO,ANM,WE,Federal Contract Tower,6,30,30,0,66,0,0,13,11,24,6,30,43,11,90,0,0,0,90
08/28/2012,EGE,CO,ANM,WE,Federal Contract Tower,5,13,18,0,36,0,0,40,26,66,5,13,58,26,102,14,2,16,118
08/29/2012,EGE,CO,ANM,WE,Federal Contract Tower,5,19,24,0,48,0,0,36,18,54,5,19,60,18,102,0,0,0,102
08/30/2012,EGE,CO,ANM,WE,Federal Contract Tower,5,20,24,0,49,0,0,25,22,47,5,20,49,22,96,0,0,0,96
08/31/2012,EGE,CO,ANM,WE,Federal Contract Tower,5,29,46,0,80,0,0,38,16,54,5,29,84,16,134,24,0,24,158
09/01/2012,EGE,CO,ANM,WE,Federal Contract Tower,4,12,24,0,40,0,0,19,0,19,4,12,43,0,59,0,0,0,59
09/02/2012,EGE,CO,ANM,WE,Federal Contract Tower,5,18,9,0,32,0,4,9,0,13,5,22,18,0,45,0,0,0,45
09/03/2012,EGE,CO,ANM,WE,Federal Contract Tower,5,29,34,0,68,0,0,15,0,15,5,29,49,0,83,0,0,0,83
09/04/2012,EGE,CO,ANM,WE,Federal Contract Tower,4,23,13,0,40,0,0,19,0,19,4,23,32,0,59,0,0,0,59
09/05/2012,EGE,CO,ANM,WE,Federal Contract Tower,3,16,13,1,33,0,0,21,6,27,3,16,34,7,60,24,0,24,84
09/06/2012,EGE,CO,ANM,WE,Federal Contract Tower,2,15,23,1,41,0,0,15,3,18,2,15,38,4,59,0,0,0,59
09/07/2012,EGE,CO,ANM,WE,Federal Contract Tower,3,7,17,0,27,0,0,23,2,25,3,7,40,2,52,6,0,6,58
09/08/2012,EGE,CO,ANM,WE,Federal Contract Tower,6,7,7,0,20,0,0,64,6,70,6,7,71,6,90,0,2,2,92
09/09/2012,EGE,CO,ANM,WE,Federal Contract Tower,5,15,22,2,44,0,0,47,0,47,5,15,69,2,91,12,0,12,103
09/10/2012,EGE,CO,ANM,WE,Federal Contract Tower,4,23,23,0,50,0,0,21,0,21,4,23,44,0,71,2,0,2,73
09/11/2012,EGE,CO,ANM,WE,Federal Contract Tower,4,10,6,0,20,0,0,6,30,36,4,10,12,30,56,10,0,10,66
09/12/2012,EGE,CO,ANM,WE,Federal Contract Tower,5,15,21,0,41,0,0,8,18,26,5,15,29,18,67,0,0,0,67
09/13/2012,EGE,CO,ANM,WE,Federal Contract Tower,4,17,26,1,48,0,0,35,24,59,4,17,61,25,107,30,0,30,137
09/14/2012,EGE,CO,ANM,WE,Federal Contract Tower,4,16,9,0,29,0,0,26,22,48,4,16,35,22,77,10,4,14,91
09/15/2012,EGE,CO,ANM,WE,Federal Contract Tower,4,20,27,3,54,0,0,57,5,62,4,20,84,8,116,0,8,8,124
09/16/2012,EGE,CO,ANM,WE,Federal Contract Tower,6,15,22,6,49,0,0,64,1,65,6,15,86,7,114,26,0,26,140
09/17/2012,EGE,CO,ANM,WE,Federal Contract Tower,4,18,18,4,44,0,0,10,2,12,4,18,28,6,56,8,0,8,64
09/18/2012,EGE,CO,ANM,WE,Federal Contract Tower,5,13,11,0,29,0,0,21,36,57,5,13,32,36,86,0,0,0,86
09/19/2012,EGE,CO,ANM,WE,Federal Contract Tower,5,13,21,0,39,0,0,34,31,65,5,13,55,31,104,50,0,50,154
09/20/2012,EGE,CO,ANM,WE,Federal Contract Tower,4,11,22,0,37,0,0,23,35,58,4,11,45,35,95,18,0,18,113
09/21/2012,EGE,CO,ANM,WE,Federal Contract Tower,3,15,16,2,36,0,0,24,27,51,3,15,40,29,87,0,0,0,87
09/22/2012,EGE,CO,ANM,WE,Federal Contract Tower,5,8,12,2,27,0,0,35,20,55,5,8,47,22,82,0,20,20,102
09/23/2012,EGE,CO,ANM,WE,Federal Contract Tower,5,19,16,2,42,0,0,40,4,44,5,19,56,6,86,2,12,14,100
09/24/2012,EGE,CO,ANM,WE,Federal Contract Tower,4,15,18,0,37,0,0,3,0,3,4,15,21,0,40,0,0,0,40
09/25/2012,EGE,CO,ANM,WE,Federal Contract Tower,5,7,11,0,23,0,0,4,39,43,5,7,15,39,66,14,0,14,80
09/26/2012,EGE,CO,ANM,WE,Federal Contract Tower,3,12,20,0,35,0,0,13,36,49,3,12,33,36,84,0,2,2,86
09/27/2012,EGE,CO,ANM,WE,Federal Contract Tower,5,16,17,0,38,0,0,5,32,37,5,16,22,32,75,0,0,0,75
09/28/2012,EGE,CO,ANM,WE,Federal Contract Tower,4,7,17,0,28,0,0,31,22,53,4,7,48,22,81,12,0,12,93
09/29/2012,EGE,CO,ANM,WE,Federal Contract Tower,6,6,10,0,22,0,0,34,0,34,6,6,44,0,56,2,0,2,58
09/30/2012,EGE,CO,ANM,WE,Federal Contract Tower,4,21,35,0,60,0,0,26,2,28,4,21,61,2,88,4,0,4,92
10/01/2012,EGE,CO,ANM,WE,Federal Contract Tower,2,5,21,0,28,0,0,17,6,23,2,5,38,6,51,0,0,0,51
10/02/2012,EGE,CO,ANM,WE,Federal Contract Tower,3,7,13,0,23,0,0,28,28,56,3,7,41,28,79,6,0,6,85
10/03/2012,EGE,CO,ANM,WE,Federal Contract Tower,2,10,21,0,33,0,0,13,28,41,2,10,34,28,74,8,0,8,82
10/04/2012,EGE,CO,ANM,WE,Federal Contract Tower,2,7,10,2,21,0,0,17,28,45,2,7,27,30,66,4,4,8,74
10/05/2012,EGE,CO,ANM,WE,Federal Contract Tower,2,10,22,0,34,0,0,5,13,18,2,10,27,13,52,0,0,0,52
10/06/2012,EGE,CO,ANM,WE,Federal Contract Tower,2,8,5,0,15,0,0,15,2,17,2,8,20,2,32,4,0,4,36
10/07/2012,EGE,CO,ANM,WE,Federal Contract Tower,2,4,18,0,24,0,0,28,1,29,2,4,46,1,53,6,0,6,59
10/08/2012,EGE,CO,ANM,WE,Federal Contract Tower,2,18,5,0,25,0,0,20,0,20,2,18,25,0,45,16,0,16,61
10/09/2012,EGE,CO,ANM,WE,Federal Contract Tower,2,8,5,2,17,0,0,14,1,15,2,8,19,3,32,4,0,4,36
10/10/2012,EGE,CO,ANM,WE,Federal Contract Tower,2,14,14,3,33,0,0,17,1,18,2,14,31,4,51,6,0,6,57
10/11/2012,EGE,CO,ANM,WE,Federal Contract Tower,3,8,18,0,29,0,0,38,3,41,3,8,56,3,70,18,0,18,88
10/12/2012,EGE,CO,ANM,WE,Federal Contract Tower,3,2,7,0,12,0,0,13,6,19,3,2,20,6,31,4,0,4,35
10/13/2012,EGE,CO,ANM,WE,Federal Contract Tower,3,8,6,0,17,0,0,2,0,2,3,8,8,0,19,0,0,0,19
10/14/2012,EGE,CO,ANM,WE,Federal Contract Tower,3,6,11,0,20,0,0,20,0,20,3,6,31,0,40,20,0,20,60
10/15/2012,EGE,CO,ANM,WE,Federal Contract Tower,3,11,12,0,26,0,0,21,0,21,3,11,33,0,47,0,0,0,47
10/16/2012,EGE,CO,ANM,WE,Federal Contract Tower,3,8,8,0,19,0,0,14,0,14,3,8,22,0,33,10,0,10,43
10/17/2012,EGE,CO,ANM,WE,Federal Contract Tower,3,4,6,0,13,0,0,6,0,6,3,4,12,0,19,20,0,20,39
10/18/2012,EGE,CO,ANM,WE,Federal Contract Tower,3,7,10,0,20,0,0,19,0,19,3,7,29,0,39,2,0,2,41
10/19/2012,EGE,CO,ANM,WE,Federal Contract Tower,3,12,6,1,22,0,0,12,1,13,3,12,18,2,35,0,4,4,39
10/20/2012,EGE,CO,ANM,WE,Federal Contract Tower,3,2,3,0,8,0,0,11,0,11,3,2,14,0,19,0,0,0,19
10/21/2012,EGE,CO,ANM,WE,Federal Contract Tower,3,9,8,0,20,0,0,21,0,21,3,9,29,0,41,10,0,10,51
10/22/2012,EGE,CO,ANM,WE,Federal Contract Tower,3,10,11,0,24,0,0,15,0,15,3,10,26,0,39,38,0,38,77
10/23/2012,EGE,CO,ANM,WE,Federal Contract Tower,3,5,15,0,23,0,0,17,0,17,3,5,32,0,40,0,0,0,40
10/24/2012,EGE,CO,ANM,WE,Federal Contract Tower,3,6,6,0,15,0,0,12,0,12,3,6,18,0,27,10,0,10,37
10/25/2012,EGE,CO,ANM,WE,Federal Contract Tower,2,8,4,0,14,0,0,6,2,8,2,8,10,2,22,14,0,14,36
10/26/2012,EGE,CO,ANM,WE,Federal Contract Tower,2,2,10,0,14,0,0,22,0,22,2,2,32,0,36,8,0,8,44
10/27/2012,EGE,CO,ANM,WE,Federal Contract Tower,3,2,11,14,30,0,0,5,0,5,3,2,16,14,35,16,0,16,51
10/28/2012,EGE,CO,ANM,WE,Federal Contract Tower,3,3,5,0,11,0,0,16,0,16,3,3,21,0,27,16,0,16,43
10/29/2012,EGE,CO,ANM,WE,Federal Contract Tower,3,1,6,0,10,0,0,10,0,10,3,1,16,0,20,2,0,2,22
10/30/2012,EGE,CO,ANM,WE,Federal Contract Tower,3,4,6,0,13,0,0,33,0,33,3,4,39,0,46,34,0,34,80
10/31/2012,EGE,CO,ANM,WE,Federal Contract Tower,3,5,6,0,14,0,0,9,0,9,3,5,15,0,23,26,0,26,49
11/01/2012,EGE,CO,ANM,WE,Federal Contract Tower,2,7,7,0,16,0,0,17,0,17,2,7,24,0,33,10,0,10,43
11/02/2012,EGE,CO,ANM,WE,Federal Contract Tower,3,5,2,2,12,0,0,16,2,18,3,5,18,4,30,32,0,32,62
11/03/2012,EGE,CO,ANM,WE,Federal Contract Tower,4,1,4,0,9,0,0,12,2,14,4,1,16,2,23,14,0,14,37
11/04/2012,EGE,CO,ANM,WE,Federal Contract Tower,1,9,4,0,14,0,0,19,0,19,1,9,23,0,33,38,0,38,71
11/05/2012,EGE,CO,ANM,WE,Federal Contract Tower,1,1,6,0,8,0,0,8,0,8,1,1,14,0,16,6,0,6,22
11/06/2012,EGE,CO,ANM,WE,Federal Contract Tower,1,2,7,0,10,0,0,11,0,11,1,2,18,0,21,16,0,16,37
11/07/2012,EGE,CO,ANM,WE,Federal Contract Tower,1,4,13,0,18,0,0,15,7,22,1,4,28,7,40,18,2,20,60
11/08/2012,EGE,CO,ANM,WE,Federal Contract Tower,2,13,7,0,22,0,0,13,7,20,2,13,20,7,42,10,0,10,52
11/09/2012,EGE,CO,ANM,WE,Federal Contract Tower,1,11,10,0,22,0,0,2,0,2,1,11,12,0,24,24,0,24,48
11/10/2012,EGE,CO,ANM,WE,Federal Contract Tower,0,3,3,0,6,0,0,0,0,0,0,3,3,0,6,0,0,0,6
11/11/2012,EGE,CO,ANM,WE,Federal Contract Tower,0,17,6,0,23,0,0,4,0,4,0,17,10,0,27,14,0,14,41
11/12/2012,EGE,CO,ANM,WE,Federal Contract Tower,1,8,7,0,16,0,0,20,0,20,1,8,27,0,36,32,0,32,68
11/13/2012,EGE,CO,ANM,WE,Federal Contract Tower,1,4,6,0,11,0,0,17,0,17,1,4,23,0,28,12,0,12,40
11/14/2012,EGE,CO,ANM,WE,Federal Contract Tower,1,4,9,0,14,0,0,31,2,33,1,4,40,2,47,50,4,54,101
11/15/2012,EGE,CO,ANM,WE,Federal Contract Tower,3,7,7,2,19,0,0,18,2,20,3,7,25,4,39,30,0,30,69
11/16/2012,EGE,CO,ANM,WE,Federal Contract Tower,3,12,13,0,28,0,0,13,4,17,3,12,26,4,45,40,4,44,89
11/17/2012,EGE,CO,ANM,WE,Federal Contract Tower,3,7,9,0,19,0,4,17,3,24,3,11,26,3,43,36,4,40,83
11/18/2012,EGE,CO,ANM,WE,Federal Contract Tower,3,11,12,0,26,0,0,4,0,4,3,11,16,0,30,14,6,20,50
11/19/2012,EGE,CO,ANM,WE,Federal Contract Tower,3,11,11,0,25,0,0,7,0,7,3,11,18,0,32,6,0,6,38
11/20/2012,EGE,CO,ANM,WE,Federal Contract Tower,3,14,22,0,39,0,0,16,6,22,3,14,38,6,61,4,0,4,65
11/21/2012,EGE,CO,ANM,WE,Federal Contract Tower,3,23,26,0,52,0,0,18,0,18,3,23,44,0,70,42,0,42,112
11/22/2012,EGE,CO,ANM,WE,Federal Contract Tower,2,6,3,0,11,0,0,9,0,9,2,6,12,0,20,30,0,30,50
11/23/2012,EGE,CO,ANM,WE,Federal Contract Tower,3,6,8,0,17,0,0,25,2,27,3,6,33,2,44,48,0,48,92
11/24/2012,EGE,CO,ANM,WE,Federal Contract Tower,3,12,14,0,29,0,0,5,0,5,3,12,19,0,34,30,0,30,64
11/25/2012,EGE,CO,ANM,WE,Federal Contract Tower,3,44,78,0,125,0,0,24,0,24,3,44,102,0,149,12,0,12,161
11/26/2012,EGE,CO,ANM,WE,Federal Contract Tower,2,14,12,0,28,0,0,3,0,3,2,14,15,0,31,12,0,12,43
11/27/2012,EGE,CO,ANM,WE,Federal Contract Tower,8,6,9,0,23,0,0,21,24,45,8,6,30,24,68,38,2,40,108
11/28/2012,EGE,CO,ANM,WE,Federal Contract Tower,8,4,5,0,17,0,0,24,19,43,8,4,29,19,60,12,0,12,72
11/29/2012,EGE,CO,ANM,WE,Federal Contract Tower,8,11,14,0,33,0,0,12,20,32,8,11,26,20,65,40,0,40,105
11/30/2012,EGE,CO,ANM,WE,Federal Contract Tower,6,6,6,0,18,0,0,19,22,41,6,6,25,22,59,38,2,40,99
12/01/2012,EGE,CO,ANM,WE,Federal Contract Tower,6,8,12,5,31,0,2,25,6,33,6,10,37,11,64,12,16,28,92
12/02/2012,EGE,CO,ANM,WE,Federal Contract Tower,8,10,20,0,38,0,0,26,0,26,8,10,46,0,64,46,0,46,110
12/03/2012,EGE,CO,ANM,WE,Federal Contract Tower,8,3,14,0,25,0,0,17,0,17,8,3,31,0,42,27,0,27,69
12/04/2012,EGE,CO,ANM,WE,Federal Contract Tower,8,1,17,0,26,0,0,22,44,66,8,1,39,44,92,48,4,52,144
12/05/2012,EGE,CO,ANM,WE,Federal Contract Tower,8,9,12,0,29,0,0,11,24,35,8,9,23,24,64,6,2,8,72
12/06/2012,EGE,CO,ANM,WE,Federal Contract Tower,7,3,11,0,21,0,0,5,36,41,7,3,16,36,62,36,0,36,98
12/07/2012,EGE,CO,ANM,WE,Federal Contract Tower,8,4,14,0,26,0,0,3,10,13,8,4,17,10,39,18,0,18,57
12/08/2012,EGE,CO,ANM,WE,Federal Contract Tower,4,9,6,0,19,0,0,7,0,7,4,9,13,0,26,0,0,0,26
12/09/2012,EGE,CO,ANM,WE,Federal Contract Tower,5,6,17,0,28,0,0,10,0,10,5,6,27,0,38,20,0,20,58
12/10/2012,EGE,CO,ANM,WE,Federal Contract Tower,6,7,23,0,36,0,0,4,0,4,6,7,27,0,40,36,0,36,76
12/11/2012,EGE,CO,ANM,WE,Federal Contract Tower,8,5,25,0,38,0,0,17,40,57,8,5,42,40,95,54,0,54,149
12/12/2012,EGE,CO,ANM,WE,Federal Contract Tower,8,10,11,0,29,0,0,19,21,40,8,10,30,21,69,16,13,29,98
12/13/2012,EGE,CO,ANM,WE,Federal Contract Tower,16,16,18,2,52,0,0,14,41,55,16,16,32,43,107,0,0,0,107
12/14/2012,EGE,CO,ANM,WE,Federal Contract Tower,23,12,31,0,66,0,0,9,22,31,23,12,40,22,97,26,0,26,123
12/15/2012,EGE,CO,ANM,WE,Federal Contract Tower,22,16,10,0,48,0,0,0,2,2,22,16,10,2,50,0,0,0,50
12/16/2012,EGE,CO,ANM,WE,Federal Contract Tower,16,25,21,0,62,0,0,4,0,4,16,25,25,0,66,8,0,8,74
12/17/2012,EGE,CO,ANM,WE,Federal Contract Tower,18,15,32,0,65,0,0,2,0,2,18,15,34,0,67,0,0,0,67
12/18/2012,EGE,CO,ANM,WE,Federal Contract Tower,15,20,20,0,55,0,0,0,16,16,15,20,20,16,71,0,0,0,71
12/19/2012,EGE,CO,ANM,WE,Federal Contract Tower,22,25,27,0,74,0,0,0,8,8,22,25,27,8,82,0,8,8,90
12/20/2012,EGE,CO,ANM,WE,Federal Contract Tower,20,28,82,1,131,0,0,2,31,33,20,28,84,32,164,0,0,0,164
12/21/2012,EGE,CO,ANM,WE,Federal Contract Tower,22,62,93,0,177,0,0,13,18,31,22,62,106,18,208,0,0,0,208
12/22/2012,EGE,CO,ANM,WE,Federal Contract Tower,28,62,87,0,177,0,0,6,0,6,28,62,93,0,183,0,0,0,183
12/23/2012,EGE,CO,ANM,WE,Federal Contract Tower,23,49,61,0,133,0,0,9,0,9,23,49,70,0,142,0,0,0,142
12/24/2012,EGE,CO,ANM,WE,Federal Contract Tower,21,12,8,0,41,0,0,0,0,0,21,12,8,0,41,0,0,0,41
12/25/2012,EGE,CO,ANM,WE,Federal Contract Tower,18,48,23,0,89,0,0,10,0,10,18,48,33,0,99,4,0,4,103
12/26/2012,EGE,CO,ANM,WE,Federal Contract Tower,22,88,118,0,228,0,0,1,2,3,22,88,119,2,231,0,2,2,233
12/27/2012,EGE,CO,ANM,WE,Federal Contract Tower,23,63,122,0,208,0,0,0,0,0,23,63,122,0,208,0,0,0,208
12/28/2012,EGE,CO,ANM,WE,Federal Contract Tower,22,51,92,0,165,0,0,5,0,5,22,51,97,0,170,0,0,0,170
12/29/2012,EGE,CO,ANM,WE,Federal Contract Tower,28,68,83,0,179,0,0,22,0,22,28,68,105,0,201,0,0,0,201
12/30/2012,EGE,CO,ANM,WE,Federal Contract Tower,26,48,84,0,158,0,0,26,0,26,26,48,110,0,184,0,0,0,184
12/31/2012,EGE,CO,ANM,WE,Federal Contract Tower,23,41,44,0,108,0,0,0,0,0,23,41,44,0,108,0,0,0,108
01/01/2013,EGE,CO,ANM,WE,Federal Contract Tower,22,76,120,0,218,0,0,3,0,3,22,76,123,0,221,0,0,0,221
01/02/2013,EGE,CO,ANM,WE,Federal Contract Tower,24,84,90,0,198,0,0,14,0,14,24,84,104,0,212,0,0,0,212
01/03/2013,EGE,CO,ANM,WE,Federal Contract Tower,24,57,99,0,180,0,0,10,6,16,24,57,109,6,196,0,0,0,196
01/04/2013,EGE,CO,ANM,WE,Federal Contract Tower,24,57,60,0,141,0,0,12,1,13,24,57,72,1,154,0,0,0,154
01/05/2013,EGE,CO,ANM,WE,Federal Contract Tower,29,79,114,0,222,0,0,27,0,27,29,79,141,0,249,12,0,12,261
01/06/2013,EGE,CO,ANM,WE,Federal Contract Tower,25,46,75,0,146,0,0,12,0,12,25,46,87,0,158,2,0,2,160
01/07/2013,EGE,CO,ANM,WE,Federal Contract Tower,24,24,36,0,84,0,0,5,0,5,24,24,41,0,89,0,0,0,89
01/08/2013,EGE,CO,ANM,WE,Federal Contract Tower,25,15,10,0,50,0,0,13,30,43,25,15,23,30,93,34,0,34,127
01/09/2013,EGE,CO,ANM,WE,Federal Contract Tower,24,17,21,0,62,0,0,12,27,39,24,17,33,27,101,2,4,6,107
01/10/2013,EGE,CO,ANM,WE,Federal Contract Tower,24,16,29,0,69,0,0,16,32,48,24,16,45,32,117,46,0,46,163
01/11/2013,EGE,CO,ANM,WE,Federal Contract Tower,22,11,13,0,46,0,0,0,16,16,22,11,13,16,62,0,0,0,62
01/12/2013,EGE,CO,ANM,WE,Federal Contract Tower,28,18,22,0,68,0,0,4,1,5,28,18,26,1,73,0,0,0,73
01/13/2013,EGE,CO,ANM,WE,Federal Contract Tower,27,20,26,0,73,0,0,3,0,3,27,20,29,0,76,0,0,0,76
01/14/2013,EGE,CO,ANM,WE,Federal Contract Tower,24,6,20,0,50,0,0,14,0,14,24,6,34,0,64,10,0,10,74
01/15/2013,EGE,CO,ANM,WE,Federal Contract Tower,22,10,8,0,40,0,0,8,24,32,22,10,16,24,72,40,12,52,124
01/16/2013,EGE,CO,ANM,WE,Federal Contract Tower,24,21,20,0,65,0,0,31,24,55,24,21,51,24,120,0,0,0,120
01/17/2013,EGE,CO,ANM,WE,Federal Contract Tower,22,20,33,0,75,0,0,20,30,50,22,20,53,30,125,14,0,14,139
01/18/2013,EGE,CO,ANM,WE,Federal Contract Tower,22,31,32,0,85,0,0,21,15,36,22,31,53,15,121,0,0,0,121
01/19/2013,EGE,CO,ANM,WE,Federal Contract Tower,31,12,29,0,72,0,0,23,1,24,31,12,52,1,96,10,0,10,106
01/20/2013,EGE,CO,ANM,WE,Federal Contract Tower,26,12,27,0,65,0,0,22,1,23,26,12,49,1,88,10,0,10,98
01/21/2013,EGE,CO,ANM,WE,Federal Contract Tower,24,47,58,0,129,0,0,17,0,17,24,47,75,0,146,0,0,0,146
01/22/2013,EGE,CO,ANM,WE,Federal Contract Tower,24,14,23,0,61,0,0,10,0,10,24,14,33,0,71,48,0,48,119
01/23/2013,EGE,CO,ANM,WE,Federal Contract Tower,25,20,21,0,66,0,0,23,4,27,25,20,44,4,93,26,0,26,119
01/24/2013,EGE,CO,ANM,WE,Federal Contract Tower,24,24,22,0,70,0,0,6,6,12,24,24,28,6,82,0,0,0,82
01/25/2013,EGE,CO,ANM,WE,Federal Contract Tower,24,13,32,0,69,0,0,6,2,8,24,13,38,2,77,18,0,18,95
01/26/2013,EGE,CO,ANM,WE,Federal Contract Tower,32,14,28,0,74,0,0,0,1,1,32,14,28,1,75,0,0,0,75
01/27/2013,EGE,CO,ANM,WE,Federal Contract Tower,25,33,58,0,116,0,0,6,0,6,25,33,64,0,122,6,0,6,128
01/28/2013,EGE,CO,ANM,WE,Federal Contract Tower,29,2,7,0,38,0,0,0,0,0,29,2,7,0,38,0,0,0,38
01/29/2013,EGE,CO,ANM,WE,Federal Contract Tower,23,16,27,0,66,0,0,2,26,28,23,16,29,26,94,0,0,0,94
01/30/2013,EGE,CO,ANM,WE,Federal Contract Tower,22,20,26,0,68,0,0,0,28,28,22,20,26,28,96,0,0,0,96
01/31/2013,EGE,CO,ANM,WE,Federal Contract Tower,23,30,40,0,93,0,0,8,26,34,23,30,48,26,127,52,0,52,179
02/01/2013,EGE,CO,ANM,WE,Federal Contract Tower,23,21,41,1,86,0,0,7,24,31,23,21,48,25,117,40,0,40,157
02/02/2013,EGE,CO,ANM,WE,Federal Contract Tower,28,19,32,0,79,0,0,20,0,20,28,19,52,0,99,10,0,10,109
02/03/2013,EGE,CO,ANM,WE,Federal Contract Tower,26,35,38,0,99,0,0,9,3,12,26,35,47,3,111,0,0,0,111
02/04/2013,EGE,CO,ANM,WE,Federal Contract Tower,24,38,53,0,115,0,0,6,0,6,24,38,59,0,121,0,0,0,121
02/05/2013,EGE,CO,ANM,WE,Federal Contract Tower,24,30,51,0,105,0,0,20,44,64,24,30,71,44,169,0,0,0,169
02/06/2013,EGE,CO,ANM,WE,Federal Contract Tower,24,21,55,0,100,0,0,19,38,57,24,21,74,38,157,42,18,60,217
02/07/2013,EGE,CO,ANM,WE,Federal Contract Tower,22,21,47,3,93,0,0,19,49,68,22,21,66,52,161,0,0,0,161
02/08/2013,EGE,CO,ANM,WE,Federal Contract Tower,21,30,35,0,86,0,0,12,12,24,21,30,47,12,110,4,10,14,124
02/09/2013,EGE,CO,ANM,WE,Federal Contract Tower,27,15,29,0,71,0,0,0,0,0,27,15,29,0,71,0,0,0,71
02/10/2013,EGE,CO,ANM,WE,Federal Contract Tower,25,37,45,0,107,0,0,3,0,3,25,37,48,0,110,0,0,0,110
02/11/2013,EGE,CO,ANM,WE,Federal Contract Tower,25,18,31,0,74,0,0,5,0,5,25,18,36,0,79,10,0,10,89
02/12/2013,EGE,CO,ANM,WE,Federal Contract Tower,24,13,20,0,57,0,0,10,25,35,24,13,30,25,92,0,0,0,92
02/13/2013,EGE,CO,ANM,WE,Federal Contract Tower,25,33,34,0,92,0,0,20,21,41,25,33,54,21,133,44,0,44,177
02/14/2013,EGE,CO,ANM,WE,Federal Contract Tower,24,56,83,0,163,0,0,6,22,28,24,56,89,22,191,12,0,12,203
02/15/2013,EGE,CO,ANM,WE,Federal Contract Tower,25,70,104,2,201,0,1,3,9,13,25,71,107,11,214,0,0,0,214
02/16/2013,EGE,CO,ANM,WE,Federal Contract Tower,35,38,41,0,114,0,0,26,0,26,35,38,67,0,140,0,0,0,140
02/17/2013,EGE,CO,ANM,WE,Federal Contract Tower,31,35,44,0,110,0,0,14,0,14,31,35,58,0,124,28,0,28,152
02/18/2013,EGE,CO,ANM,WE,Federal Contract Tower,26,73,101,0,200,0,0,5,2,7,26,73,106,2,207,0,0,0,207
02/19/2013,EGE,CO,ANM,WE,Federal Contract Tower,25,48,44,0,117,0,0,14,0,14,25,48,58,0,131,22,0,22,153
02/20/2013,EGE,CO,ANM,WE,Federal Contract Tower,21,34,32,2,89,0,0,8,1,9,21,34,40,3,98,20,0,20,118
02/21/2013,EGE,CO,ANM,WE,Federal Contract Tower,23,18,30,0,71,0,0,0,0,0,23,18,30,0,71,0,0,0,71
02/22/2013,EGE,CO,ANM,WE,Federal Contract Tower,27,39,38,2,106,0,0,4,0,4,27,39,42,2,110,0,0,0,110
02/23/2013,EGE,CO,ANM,WE,Federal Contract Tower,32,40,45,0,117,0,0,5,3,8,32,40,50,3,125,6,0,6,131
02/24/2013,EGE,CO,ANM,WE,Federal Contract Tower,22,24,43,0,89,0,0,0,0,0,22,24,43,0,89,0,0,0,89
02/25/2013,EGE,CO,ANM,WE,Federal Contract Tower,22,24,39,0,85,0,0,4,6,10,22,24,43,6,95,10,0,10,105
02/26/2013,EGE,CO,ANM,WE,Federal Contract Tower,28,16,12,0,56,0,0,0,0,0,28,16,12,0,56,0,0,0,56
02/27/2013,EGE,CO,ANM,WE,Federal Contract Tower,22,21,24,0,67,0,0,16,27,43,22,21,40,27,110,26,0,26,136
02/28/2013,EGE,CO,ANM,WE,Federal Contract Tower,24,27,46,0,97,0,0,13,28,41,24,27,59,28,138,10,14,24,162
03/01/2013,EGE,CO,ANM,WE,Federal Contract Tower,26,42,43,1,112,0,0,0,14,14,26,42,43,15,126,8,10,18,144
03/02/2013,EGE,CO,ANM,WE,Federal Contract Tower,34,34,52,0,120,0,0,23,7,30,34,34,75,7,150,0,0,0,150
03/03/2013,EGE,CO,ANM,WE,Federal Contract Tower,29,57,55,1,142,0,0,11,0,11,29,57,66,1,153,4,0,4,157
03/04/2013,EGE,CO,ANM,WE,Federal Contract Tower,23,17,23,0,63,0,2,4,2,8,23,19,27,2,71,38,0,38,109
03/05/2013,EGE,CO,ANM,WE,Federal Contract Tower,23,25,24,0,72,0,0,22,24,46,23,25,46,24,118,28,0,28,146
03/06/2013,EGE,CO,ANM,WE,Federal Contract Tower,24,16,38,0,78,0,0,17,15,32,24,16,55,15,110,2,4,6,116
03/07/2013,EGE,CO,ANM,WE,Federal Contract Tower,25,22,30,0,77,0,0,9,21,30,25,22,39,21,107,34,0,34,141
03/08/2013,EGE,CO,ANM,WE,Federal Contract Tower,24,39,56,0,119,0,0,11,11,22,24,39,67,11,141,20,4,24,165
03/09/2013,EGE,CO,ANM,WE,Federal Contract Tower,26,15,28,0,69,0,0,0,0,0,26,15,28,0,69,0,0,0,69
03/10/2013,EGE,CO,ANM,WE,Federal Contract Tower,29,69,74,0,172,0,0,27,0,27,29,69,101,0,199,12,0,12,211
03/11/2013,EGE,CO,ANM,WE,Federal Contract Tower,27,29,29,0,85,0,0,3,2,5,27,29,32,2,90,0,0,0,90
03/12/2013,EGE,CO,ANM,WE,Federal Contract Tower,22,17,22,0,61,0,0,10,24,34,22,17,32,24,95,54,0,54,149
03/13/2013,EGE,CO,ANM,WE,Federal Contract Tower,24,24,36,0,84,0,0,19,24,43,24,24,55,24,127,32,0,32,159
03/14/2013,EGE,CO,ANM,WE,Federal Contract Tower,27,38,45,0,110,0,0,19,25,44,27,38,64,25,154,2,0,2,156
03/15/2013,EGE,CO,ANM,WE,Federal Contract Tower,27,46,71,0,144,0,0,23,18,41,27,46,94,18,185,0,0,0,185
03/16/2013,EGE,CO,ANM,WE,Federal Contract Tower,32,64,74,0,170,0,0,2,0,2,32,64,76,0,172,0,0,0,172
03/17/2013,EGE,CO,ANM,WE,Federal Contract Tower,29,44,66,0,139,0,0,0,0,0,29,44,66,0,139,0,0,0,139
03/18/2013,EGE,CO,ANM,WE,Federal Contract Tower,26,28,30,0,84,0,0,9,6,15,26,28,39,6,99,30,0,30,129
03/19/2013,EGE,CO,ANM,WE,Federal Contract Tower,23,27,33,0,83,0,0,19,26,45,23,27,52,26,128,36,0,36,164
03/20/2013,EGE,CO,ANM,WE,Federal Contract Tower,23,35,41,5,104,0,0,12,29,41,23,35,53,34,145,18,6,24,169
03/21/2013,EGE,CO,ANM,WE,Federal Contract Tower,29,39,43,0,111,0,0,0,4,4,29,39,43,4,115,0,28,28,143
03/22/2013,EGE,CO,ANM,WE,Federal Contract Tower,24,68,59,0,151,0,0,9,14,23,24,68,68,14,174,12,0,12,186
03/23/2013,EGE,CO,ANM,WE,Federal Contract Tower,28,100,69,0,197,0,0,4,0,4,28,100,73,0,201,26,0,26,227
03/24/2013,EGE,CO,ANM,WE,Federal Contract Tower,28,81,74,0,183,0,0,9,3,12,28,81,83,3,195,8,0,8,203
03/25/2013,EGE,CO,ANM,WE,Federal Contract Tower,25,24,46,0,95,0,0,13,4,17,25,24,59,4,112,54,0,54,166
03/26/2013,EGE,CO,ANM,WE,Federal Contract Tower,23,25,24,0,72,0,0,6,22,28,23,25,30,22,100,16,0,16,116
03/27/2013,EGE,CO,ANM,WE,Federal Contract Tower,22,28,22,0,72,0,0,19,19,38,22,28,41,19,110,12,4,16,126
03/28/2013,EGE,CO,ANM,WE,Federal Contract Tower,27,22,43,2,94,0,0,21,16,37,27,22,64,18,131,36,0,36,167
03/29/2013,EGE,CO,ANM,WE,Federal Contract Tower,25,35,46,0,106,0,0,12,12,24,25,35,58,12,130,16,0,16,146
03/30/2013,EGE,CO,ANM,WE,Federal Contract Tower,31,50,38,0,119,0,0,7,1,8,31,50,45,1,127,0,0,0,127
03/31/2013,EGE,CO,ANM,WE,Federal Contract Tower,28,63,34,0,125,0,0,23,0,23,28,63,57,0,148,22,0,22,170
04/01/2013,EGE,CO,ANM,WE,Federal Contract Tower,33,31,41,0,105,0,0,9,0,9,33,31,50,0,114,20,0,20,134
04/02/2013,EGE,CO,ANM,WE,Federal Contract Tower,9,21,12,0,42,0,0,5,22,27,9,21,17,22,69,42,0,42,111
04/03/2013,EGE,CO,ANM,WE,Federal Contract Tower,9,17,16,0,42,0,0,17,20,37,9,17,33,20,79,22,0,22,101
04/04/2013,EGE,CO,ANM,WE,Federal Contract Tower,11,15,19,1,46,0,0,24,16,40,11,15,43,17,86,42,2,44,130
04/05/2013,EGE,CO,ANM,WE,Federal Contract Tower,8,22,14,0,44,0,0,17,18,35,8,22,31,18,79,34,0,34,113
04/06/2013,EGE,CO,ANM,WE,Federal Contract Tower,13,22,6,0,41,0,0,10,2,12,13,22,16,2,53,44,0,44,97
04/07/2013,EGE,CO,ANM,WE,Federal Contract Tower,11,24,24,0,59,0,0,9,1,10,11,24,33,1,69,18,0,18,87
04/08/2013,EGE,CO,ANM,WE,Federal Contract Tower,10,26,18,0,54,0,0,3,0,3,10,26,21,0,57,2,0,2,59
04/09/2013,EGE,CO,ANM,WE,Federal Contract Tower,1,7,1,0,9,0,0,2,8,10,1,7,3,8,19,16,4,20,39
04/10/2013,EGE,CO,ANM,WE,Federal Contract Tower,1,16,16,0,33,0,0,3,10,13,1,16,19,10,46,0,0,0,46
04/11/2013,EGE,CO,ANM,WE,Federal Contract Tower,1,4,6,0,11,0,0,5,12,17,1,4,11,12,28,14,0,14,42
04/12/2013,EGE,CO,ANM,WE,Federal Contract Tower,1,11,12,0,24,0,0,7,6,13,1,11,19,6,37,22,10,32,69
04/13/2013,EGE,CO,ANM,WE,Federal Contract Tower,1,5,11,3,20,0,0,5,1,6,1,5,16,4,26,2,0,2,28
04/14/2013,EGE,CO,ANM,WE,Federal Contract Tower,0,3,19,0,22,0,0,6,0,6,0,3,25,0,28,0,0,0,28
04/15/2013,EGE,CO,ANM,WE,Federal Contract Tower,1,1,6,0,8,0,0,0,0,0,1,1,6,0,8,0,0,0,8
04/16/2013,EGE,CO,ANM,WE,Federal Contract Tower,0,13,4,4,21,0,0,2,0,2,0,13,6,4,23,14,0,14,37
04/17/2013,EGE,CO,ANM,WE,Federal Contract Tower,1,6,5,0,12,0,0,4,0,4,1,6,9,0,16,0,0,0,16
04/18/2013,EGE,CO,ANM,WE,Federal Contract Tower,1,4,9,0,14,0,0,3,0,3,1,4,12,0,17,10,0,10,27
04/19/2013,EGE,CO,ANM,WE,Federal Contract Tower,1,2,11,1,15,0,0,15,9,24,1,2,26,10,39,12,6,18,57
04/20/2013,EGE,CO,ANM,WE,Federal Contract Tower,1,3,0,0,4,0,0,2,0,2,1,3,2,0,6,0,0,0,6
04/21/2013,EGE,CO,ANM,WE,Federal Contract Tower,0,3,8,6,17,0,0,11,1,12,0,3,19,7,29,64,0,64,93
04/22/2013,EGE,CO,ANM,WE,Federal Contract Tower,1,3,7,0,11,0,0,4,0,4,1,3,11,0,15,24,0,24,39
04/23/2013,EGE,CO,ANM,WE,Federal Contract Tower,0,5,1,0,6,0,0,4,28,32,0,5,5,28,38,26,0,26,64
04/24/2013,EGE,CO,ANM,WE,Federal Contract Tower,1,2,5,0,8,0,0,21,31,52,1,2,26,31,60,10,6,16,76
04/25/2013,EGE,CO,ANM,WE,Federal Contract Tower,1,5,8,2,16,0,0,26,20,46,1,5,34,22,62,26,0,26,88
04/26/2013,EGE,CO,ANM,WE,Federal Contract Tower,1,4,2,0,7,0,0,26,10,36,1,4,28,10,43,34,0,34,77
04/27/2013,EGE,CO,ANM,WE,Federal Contract Tower,0,8,1,1,10,0,0,24,2,26,0,8,25,3,36,4,0,4,40
04/28/2013,EGE,CO,ANM,WE,Federal Contract Tower,0,8,3,0,11,0,0,31,0,31,0,8,34,0,42,62,0,62,104
04/29/2013,EGE,CO,ANM,WE,Federal Contract Tower,1,10,2,0,13,0,0,15,0,15,1,10,17,0,28,22,0,22,50
04/30/2013,EGE,CO,ANM,WE,Federal Contract Tower,1,6,4,0,11,0,0,2,20,22,1,6,6,20,33,4,0,4,37
05/01/2013,EGE,CO,ANM,WE,Federal Contract Tower,1,6,2,0,9,0,0,3,14,17,1,6,5,14,26,20,4,24,50
05/02/2013,EGE,CO,ANM,WE,Federal Contract Tower,1,3,9,0,13,0,0,21,17,38,1,3,30,17,51,6,10,16,67
05/03/2013,EGE,CO,ANM,WE,Federal Contract Tower,0,3,3,0,6,0,0,20,10,30,0,3,23,10,36,32,0,32,68
05/04/2013,EGE,CO,ANM,WE,Federal Contract Tower,1,2,3,1,7,0,0,16,3,19,1,2,19,4,26,28,0,28,54
05/05/2013,EGE,CO,ANM,WE,Federal Contract Tower,0,6,7,0,13,0,0,11,2,13,0,6,18,2,26,50,4,54,80
05/06/2013,EGE,CO,ANM,WE,Federal Contract Tower,1,1,8,0,10,0,0,3,0,3,1,1,11,0,13,4,0,4,17
05/07/2013,EGE,CO,ANM,WE,Federal Contract Tower,1,8,4,0,13,0,0,5,24,29,1,8,9,24,42,24,0,24,66
05/08/2013,EGE,CO,ANM,WE,Federal Contract Tower,1,4,4,0,9,0,0,0,14,14,1,4,4,14,23,0,4,4,27
05/09/2013,EGE,CO,ANM,WE,Federal Contract Tower,1,5,6,1,13,0,0,8,18,26,1,5,14,19,39,22,0,22,61
05/10/2013,EGE,CO,ANM,WE,Federal Contract Tower,1,1,11,0,13,0,0,18,17,35,1,1,29,17,48,22,0,22,70
05/11/2013,EGE,CO,ANM,WE,Federal Contract Tower,1,5,2,0,8,0,0,20,0,20,1,5,22,0,28,26,0,26,54
05/12/2013,EGE,CO,ANM,WE,Federal Contract Tower,0,8,5,1,14,0,0,18,0,18,0,8,23,1,32,26,0,26,58
05/13/2013,EGE,CO,ANM,WE,Federal Contract Tower,1,8,11,0,20,0,0,15,0,15,1,8,26,0,35,46,0,46,81
05/14/2013,EGE,CO,ANM,WE,Federal Contract Tower,1,4,6,0,11,0,0,22,24,46,1,4,28,24,57,14,0,14,71
05/15/2013,EGE,CO,ANM,WE,Federal Contract Tower,1,4,5,0,10,0,0,15,25,40,1,4,20,25,50,32,0,32,82
05/16/2013,EGE,CO,ANM,WE,Federal Contract Tower,1,4,5,0,10,0,0,27,26,53,1,4,32,26,63,30,0,30,93
05/17/2013,EGE,CO,ANM,WE,Federal Contract Tower,1,13,5,0,19,0,0,25,20,45,1,13,30,20,64,88,0,88,152
05/18/2013,EGE,CO,ANM,WE,Federal Contract Tower,1,9,8,0,18,0,0,18,3,21,1,9,26,3,39,56,6,62,101
05/19/2013,EGE,CO,ANM,WE,Federal Contract Tower,0,4,10,1,15,0,0,22,2,24,0,4,32,3,39,32,0,32,71
05/20/2013,EGE,CO,ANM,WE,Federal Contract Tower,1,1,8,0,10,0,0,4,0,4,1,1,12,0,14,0,0,0,14
05/21/2013,EGE,CO,ANM,WE,Federal Contract Tower,1,11,9,0,21,0,0,25,32,57,1,11,34,32,78,28,0,28,106
05/22/2013,EGE,CO,ANM,WE,Federal Contract Tower,1,7,10,0,18,0,0,28,38,66,1,7,38,38,84,46,0,46,130
05/23/2013,EGE,CO,ANM,WE,Federal Contract Tower,1,10,12,0,23,0,0,16,24,40,1,10,28,24,63,20,0,20,83
05/24/2013,EGE,CO,ANM,WE,Federal Contract Tower,1,5,10,0,16,0,0,19,14,33,1,5,29,14,49,24,0,24,73
05/25/2013,EGE,CO,ANM,WE,Federal Contract Tower,1,10,4,0,15,0,0,12,0,12,1,10,16,0,27,54,0,54,81
05/26/2013,EGE,CO,ANM,WE,Federal Contract Tower,1,3,3,0,7,0,0,33,0,33,1,3,36,0,40,46,0,46,86
05/27/2013,EGE,CO,ANM,WE,Federal Contract Tower,1,5,14,0,20,0,0,31,0,31,1,5,45,0,51,2,0,2,53
05/28/2013,EGE,CO,ANM,WE,Federal Contract Tower,1,13,14,0,28,0,0,13,0,13,1,13,27,0,41,0,0,0,41
05/29/2013,EGE,CO,ANM,WE,Federal Contract Tower,0,7,4,0,11,0,0,2,0,2,0,7,6,0,13,20,0,20,33
05/30/2013,EGE,CO,ANM,WE,Federal Contract Tower,1,5,5,0,11,0,0,8,4,12,1,5,13,4,23,6,0,6,29
05/31/2013,EGE,CO,ANM,WE,Federal Contract Tower,1,11,15,0,27,0,0,11,0,11,1,11,26,0,38,6,0,6,44
06/01/2013,EGE,CO,ANM,WE,Federal Contract Tower,1,8,6,0,15,0,0,25,1,26,1,8,31,1,41,62,0,62,103
06/02/2013,EGE,CO,ANM,WE,Federal Contract Tower,1,13,6,2,22,0,0,22,0,22,1,13,28,2,44,16,0,16,60
06/03/2013,EGE,CO,ANM,WE,Federal Contract Tower,1,14,10,0,25,0,0,10,0,10,1,14,20,0,35,4,0,4,39
06/04/2013,EGE,CO,ANM,WE,Federal Contract Tower,1,9,8,0,18,0,0,17,30,47,1,9,25,30,65,26,0,26,91
06/05/2013,EGE,CO,ANM,WE,Federal Contract Tower,1,7,12,0,20,0,0,8,23,31,1,7,20,23,51,42,0,42,93
06/06/2013,EGE,CO,ANM,WE,Federal Contract Tower,3,9,10,0,22,0,0,27,16,43,3,9,37,16,65,56,2,58,123
06/07/2013,EGE,CO,ANM,WE,Federal Contract Tower,3,16,7,0,26,0,0,26,14,40,3,16,33,14,66,16,0,16,82
06/08/2013,EGE,CO,ANM,WE,Federal Contract Tower,3,7,6,0,16,0,0,28,1,29,3,7,34,1,45,54,0,54,99
06/09/2013,EGE,CO,ANM,WE,Federal Contract Tower,3,12,20,0,35,0,0,26,4,30,3,12,46,4,65,28,0,28,93
06/10/2013,EGE,CO,ANM,WE,Federal Contract Tower,3,13,9,0,25,0,0,20,0,20,3,13,29,0,45,18,0,18,63
06/11/2013,EGE,CO,ANM,WE,Federal Contract Tower,3,7,9,0,19,0,0,17,33,50,3,7,26,33,69,24,0,24,93
06/12/2013,EGE,CO,ANM,WE,Federal Contract Tower,3,14,14,0,31,0,0,24,22,46,3,14,38,22,77,36,0,36,113
06/13/2013,EGE,CO,ANM,WE,Federal Contract Tower,4,16,28,0,48,0,0,20,24,44,4,16,48,24,92,16,0,16,108
06/14/2013,EGE,CO,ANM,WE,Federal Contract Tower,4,20,22,0,46,0,0,10,10,20,4,20,32,10,66,0,4,4,70
06/15/2013,EGE,CO,ANM,WE,Federal Contract Tower,5,11,15,3,34,0,0,25,2,27,5,11,40,5,61,16,0,16,77
06/16/2013,EGE,CO,ANM,WE,Federal Contract Tower,5,15,26,1,47,0,0,22,2,24,5,15,48,3,71,4,0,4,75
06/17/2013,EGE,CO,ANM,WE,Federal Contract Tower,4,15,24,0,43,0,0,13,0,13,4,15,37,0,56,0,0,0,56
06/18/2013,EGE,CO,ANM,WE,Federal Contract Tower,5,11,15,0,31,0,0,30,31,61,5,11,45,31,92,2,4,6,98
06/19/2013,EGE,CO,ANM,WE,Federal Contract Tower,4,12,20,0,36,0,0,23,26,49,4,12,43,26,85,32,0,32,117
06/20/2013,EGE,CO,ANM,WE,Federal Contract Tower,4,27,22,2,55,0,0,25,20,45,4,27,47,22,100,16,3,19,119
06/21/2013,EGE,CO,ANM,WE,Federal Contract Tower,5,14,21,0,40,0,0,14,13,27,5,14,35,13,67,18,0,18,85
06/22/2013,EGE,CO,ANM,WE,Federal Contract Tower,5,14,19,0,38,0,0,18,5,23,5,14,37,5,61,28,12,40,101
06/23/2013,EGE,CO,ANM,WE,Federal Contract Tower,5,20,24,0,49,0,0,25,3,28,5,20,49,3,77,26,0,26,103
06/24/2013,EGE,CO,ANM,WE,Federal Contract Tower,3,10,24,0,37,0,0,10,2,12,3,10,34,2,49,0,0,0,49
06/25/2013,EGE,CO,ANM,WE,Federal Contract Tower,5,17,17,0,39,0,0,26,36,62,5,17,43,36,101,6,0,6,107
06/26/2013,EGE,CO,ANM,WE,Federal Contract Tower,5,19,22,0,46,0,0,19,36,55,5,19,41,36,101,24,2,26,127
06/27/2013,EGE,CO,ANM,WE,Federal Contract Tower,4,12,22,0,38,0,0,26,26,52,4,12,48,26,90,10,0,10,100
06/28/2013,EGE,CO,ANM,WE,Federal Contract Tower,6,25,31,0,62,0,0,40,25,65,6,25,71,25,127,16,0,16,143
06/29/2013,EGE,CO,ANM,WE,Federal Contract Tower,6,33,32,0,71,0,0,31,0,31,6,33,63,0,102,32,0,32,134
06/30/2013,EGE,CO,ANM,WE,Federal Contract Tower,6,31,33,0,70,0,0,40,0,40,6,31,73,0,110,46,0,46,156
07/01/2013,EGE,CO,ANM,WE,Federal Contract Tower,6,32,24,0,62,0,0,17,6,23,6,32,41,6,85,12,0,12,97
07/02/2013,EGE,CO,ANM,WE,Federal Contract Tower,5,27,44,0,76,0,0,27,10,37,5,27,71,10,113,34,0,34,147
07/03/2013,EGE,CO,ANM,WE,Federal Contract Tower,4,37,46,0,87,0,0,38,3,41,4,37,84,3,128,26,0,26,154
07/04/2013,EGE,CO,ANM,WE,Federal Contract Tower,4,23,15,0,42,0,0,19,0,19,4,23,34,0,61,20,0,20,81
07/05/2013,EGE,CO,ANM,WE,Federal Contract Tower,4,21,16,0,41,0,0,8,0,8,4,21,24,0,49,0,0,0,49
07/06/2013,EGE,CO,ANM,WE,Federal Contract Tower,6,42,27,0,75,0,0,19,0,19,6,42,46,0,94,10,0,10,104
07/07/2013,EGE,CO,ANM,WE,Federal Contract Tower,5,58,68,0,131,0,0,28,0,28,5,58,96,0,159,10,0,10,169
07/08/2013,EGE,CO,ANM,WE,Federal Contract Tower,4,30,27,0,61,0,0,24,2,26,4,30,51,2,87,0,0,0,87
07/09/2013,EGE,CO,ANM,WE,Federal Contract Tower,6,17,14,2,39,0,0,29,22,51,6,17,43,24,90,2,10,12,102
07/10/2013,EGE,CO,ANM,WE,Federal Contract Tower,3,28,39,2,72,0,0,22,35,57,3,28,61,37,129,28,0,28,157
07/11/2013,EGE,CO,ANM,WE,Federal Contract Tower,3,25,19,0,47,0,0,27,14,41,3,25,46,14,88,2,0,2,90
07/12/2013,EGE,CO,ANM,WE,Federal Contract Tower,4,21,23,0,48,0,0,30,14,44,4,21,53,14,92,14,4,18,110
07/13/2013,EGE,CO,ANM,WE,Federal Contract Tower,6,32,21,6,65,0,0,24,7,31,6,32,45,13,96,14,20,34,130
07/14/2013,EGE,CO,ANM,WE,Federal Contract Tower,5,35,46,0,86,0,0,21,0,21,5,35,67,0,107,40,0,40,147
07/15/2013,EGE,CO,ANM,WE,Federal Contract Tower,4,34,24,0,62,0,0,20,1,21,4,34,44,1,83,8,0,8,91
07/16/2013,EGE,CO,ANM,WE,Federal Contract Tower,6,24,36,2,68,0,0,25,30,55,6,24,61,32,123,12,0,12,135
07/17/2013,EGE,CO,ANM,WE,Federal Contract Tower,4,25,33,2,64,0,0,21,30,51,4,25,54,32,115,26,0,26,141
07/18/2013,EGE,CO,ANM,WE,Federal Contract Tower,3,42,47,0,92,0,0,23,27,50,3,42,70,27,142,24,0,24,166
07/19/2013,EGE,CO,ANM,WE,Federal Contract Tower,4,46,37,0,87,0,0,29,24,53,4,46,66,24,140,8,0,8,148
07/20/2013,EGE,CO,ANM,WE,Federal Contract Tower,6,30,32,0,68,0,0,27,0,27,6,30,59,0,95,12,0,12,107
07/21/2013,EGE,CO,ANM,WE,Federal Contract Tower,5,50,50,0,105,0,0,33,2,35,5,50,83,2,140,20,0,20,160
07/22/2013,EGE,CO,ANM,WE,Federal Contract Tower,5,23,37,3,68,0,0,36,4,40,5,23,73,7,108,10,0,10,118
07/23/2013,EGE,CO,ANM,WE,Federal Contract Tower,4,21,32,0,57,0,0,37,31,68,4,21,69,31,125,10,6,16,141
07/24/2013,EGE,CO,ANM,WE,Federal Contract Tower,3,17,28,0,48,0,0,20,18,38,3,17,48,18,86,44,4,48,134
07/25/2013,EGE,CO,ANM,WE,Federal Contract Tower,3,32,21,0,56,0,0,33,28,61,3,32,54,28,117,34,0,34,151
07/26/2013,EGE,CO,ANM,WE,Federal Contract Tower,5,20,39,1,65,0,0,25,20,45,5,20,64,21,110,18,0,18,128
07/27/2013,EGE,CO,ANM,WE,Federal Contract Tower,6,25,22,10,63,0,0,28,2,30,6,25,50,12,93,54,30,84,177
07/28/2013,EGE,CO,ANM,WE,Federal Contract Tower,6,41,65,0,112,0,0,5,0,5,6,41,70,0,117,10,0,10,127
07/29/2013,EGE,CO,ANM,WE,Federal Contract Tower,4,17,21,0,42,0,0,4,0,4,4,17,25,0,46,0,0,0,46
07/30/2013,EGE,CO,ANM,WE,Federal Contract Tower,5,11,25,0,41,0,0,21,12,33,5,11,46,12,74,0,2,2,76
07/31/2013,EGE,CO,ANM,WE,Federal Contract Tower,3,19,27,2,51,0,0,18,33,51,3,19,45,35,102,0,16,16,118
08/01/2013,EGE,CO,ANM,WE,Federal Contract Tower,5,26,31,0,62,0,0,24,20,44,5,26,55,20,106,16,0,16,122
08/02/2013,EGE,CO,ANM,WE,Federal Contract Tower,5,22,30,0,57,0,0,27,12,39,5,22,57,12,96,36,0,36,132
08/03/2013,EGE,CO,ANM,WE,Federal Contract Tower,6,27,33,0,66,0,0,22,0,22,6,27,55,0,88,44,0,44,132
08/04/2013,EGE,CO,ANM,WE,Federal Contract Tower,5,50,47,0,102,0,0,28,4,32,5,50,75,4,134,0,0,0,134
08/05/2013,EGE,CO,ANM,WE,Federal Contract Tower,5,19,27,0,51,0,0,30,1,31,5,19,57,1,82,22,0,22,104
08/06/2013,EGE,CO,ANM,WE,Federal Contract Tower,4,14,28,0,46,0,0,27,21,48,4,14,55,21,94,8,2,10,104
08/07/2013,EGE,CO,ANM,WE,Federal Contract Tower,4,24,20,0,48,0,0,14,23,37,4,24,34,23,85,6,0,6,91
08/08/2013,EGE,CO,ANM,WE,Federal Contract Tower,5,22,51,0,78,0,0,19,15,34,5,22,70,15,112,40,0,40,152
08/09/2013,EGE,CO,ANM,WE,Federal Contract Tower,5,33,28,0,66,0,0,20,16,36,5,33,48,16,102,6,6,12,114
08/10/2013,EGE,CO,ANM,WE,Federal Contract Tower,5,26,37,0,68,0,0,31,0,31,5,26,68,0,99,42,0,42,141
08/11/2013,EGE,CO,ANM,WE,Federal Contract Tower,5,56,47,0,108,0,0,22,0,22,5,56,69,0,130,63,0,63,193
08/12/2013,EGE,CO,ANM,WE,Federal Contract Tower,4,31,41,0,76,0,0,29,0,29,4,31,70,0,105,20,0,20,125
08/13/2013,EGE,CO,ANM,WE,Federal Contract Tower,4,35,17,0,56,0,0,16,30,46,4,35,33,30,102,0,0,0,102
08/14/2013,EGE,CO,ANM,WE,Federal Contract Tower,2,24,29,0,55,0,0,24,28,52,2,24,53,28,107,4,0,4,111
08/15/2013,EGE,CO,ANM,WE,Federal Contract Tower,4,39,38,0,81,0,0,32,34,66,4,39,70,34,147,4,0,4,151
08/16/2013,EGE,CO,ANM,WE,Federal Contract Tower,6,21,18,0,45,0,0,34,20,54,6,21,52,20,99,30,0,30,129
08/17/2013,EGE,CO,ANM,WE,Federal Contract Tower,5,29,24,0,58,0,0,33,3,36,5,29,57,3,94,46,0,46,140
08/18/2013,EGE,CO,ANM,WE,Federal Contract Tower,5,33,55,2,95,0,0,31,4,35,5,33,86,6,130,14,0,14,144
08/19/2013,EGE,CO,ANM,WE,Federal Contract Tower,5,24,43,0,72,0,0,28,0,28,5,24,71,0,100,16,0,16,116
08/20/2013,EGE,CO,ANM,WE,Federal Contract Tower,5,19,17,0,41,0,0,36,32,68,5,19,53,32,109,32,0,32,141
08/21/2013,EGE,CO,ANM,WE,Federal Contract Tower,4,21,16,0,41,0,0,26,44,70,4,21,42,44,111,20,4,24,135
08/22/2013,EGE,CO,ANM,WE,Federal Contract Tower,4,28,26,0,58,0,0,18,26,44,4,28,44,26,102,38,20,58,160
08/23/2013,EGE,CO,ANM,WE,Federal Contract Tower,5,31,24,0,60,0,0,36,26,62,5,31,60,26,122,4,0,4,126
08/24/2013,EGE,CO,ANM,WE,Federal Contract Tower,5,23,20,0,48,0,0,30,2,32,5,23,50,2,80,44,0,44,124
08/25/2013,EGE,CO,ANM,WE,Federal Contract Tower,5,27,26,2,60,0,0,27,0,27,5,27,53,2,87,40,0,40,127
08/26/2013,EGE,CO,ANM,WE,Federal Contract Tower,5,18,33,0,56,0,0,26,0,26,5,18,59,0,82,0,0,0,82
08/27/2013,EGE,CO,ANM,WE,Federal Contract Tower,4,19,21,0,44,0,0,22,32,54,4,19,43,32,98,44,12,56,154
08/28/2013,EGE,CO,ANM,WE,Federal Contract Tower,2,31,33,0,66,0,0,24,27,51,2,31,57,27,117,32,0,32,149
08/29/2013,EGE,CO,ANM,WE,Federal Contract Tower,3,29,40,0,72,0,0,19,18,37,3,29,59,18,109,24,0,24,133
08/30/2013,EGE,CO,ANM,WE,Federal Contract Tower,2,34,41,0,77,0,0,30,18,48,2,34,71,18,125,22,0,22,147
08/31/2013,EGE,CO,ANM,WE,Federal Contract Tower,2,16,16,0,34,0,0,29,0,29,2,16,45,0,63,36,0,36,99
09/01/2013,EGE,CO,ANM,WE,Federal Contract Tower,4,19,9,1,33,0,0,24,0,24,4,19,33,1,57,6,0,6,63
09/02/2013,EGE,CO,ANM,WE,Federal Contract Tower,3,44,46,0,93,0,0,23,0,23,3,44,69,0,116,40,0,40,156
09/03/2013,EGE,CO,ANM,WE,Federal Contract Tower,2,29,15,0,46,0,0,14,0,14,2,29,29,0,60,4,0,4,64
09/04/2013,EGE,CO,ANM,WE,Federal Contract Tower,2,22,15,2,41,0,0,20,4,24,2,22,35,6,65,24,0,24,89
09/05/2013,EGE,CO,ANM,WE,Federal Contract Tower,3,16,20,0,39,0,0,33,0,33,3,16,53,0,72,44,0,44,116
09/06/2013,EGE,CO,ANM,WE,Federal Contract Tower,5,12,18,0,35,0,0,28,4,32,5,12,46,4,67,8,4,12,79
09/07/2013,EGE,CO,ANM,WE,Federal Contract Tower,4,10,9,2,25,0,0,43,5,48,4,10,52,7,73,32,6,38,111
09/08/2013,EGE,CO,ANM,WE,Federal Contract Tower,5,24,26,0,55,0,0,35,0,35,5,24,61,0,90,22,0,22,112
09/09/2013,EGE,CO,ANM,WE,Federal Contract Tower,4,16,21,0,41,0,0,8,0,8,4,16,29,0,49,20,0,20,69
09/10/2013,EGE,CO,ANM,WE,Federal Contract Tower,4,15,10,0,29,0,0,4,31,35,4,15,14,31,64,0,2,2,66
09/11/2013,EGE,CO,ANM,WE,Federal Contract Tower,5,16,16,0,37,0,0,12,28,40,5,16,28,28,77,28,2,30,107
09/12/2013,EGE,CO,ANM,WE,Federal Contract Tower,4,14,19,0,37,0,0,12,22,34,4,14,31,22,71,20,0,20,91
09/13/2013,EGE,CO,ANM,WE,Federal Contract Tower,4,13,16,0,33,0,0,22,19,41,4,13,38,19,74,52,0,52,126
09/14/2013,EGE,CO,ANM,WE,Federal Contract Tower,5,11,10,0,26,0,0,17,4,21,5,11,27,4,47,64,0,64,111
09/15/2013,EGE,CO,ANM,WE,Federal Contract Tower,5,12,16,0,33,0,0,24,0,24,5,12,40,0,57,12,0,12,69
09/16/2013,EGE,CO,ANM,WE,Federal Contract Tower,4,24,23,0,51,0,0,10,2,12,4,24,33,2,63,2,0,2,65
09/17/2013,EGE,CO,ANM,WE,Federal Contract Tower,4,6,20,0,30,0,0,18,22,40,4,6,38,22,70,34,0,34,104
09/18/2013,EGE,CO,ANM,WE,Federal Contract Tower,4,17,15,0,36,0,0,13,18,31,4,17,28,18,67,36,6,42,109
09/19/2013,EGE,CO,ANM,WE,Federal Contract Tower,5,13,29,0,47,0,0,32,12,44,5,13,61,12,91,42,0,42,133
09/20/2013,EGE,CO,ANM,WE,Federal Contract Tower,3,8,16,0,27,0,0,25,18,43,3,8,41,18,70,6,2,8,78
09/21/2013,EGE,CO,ANM,WE,Federal Contract Tower,5,21,25,0,51,0,0,46,5,51,5,21,71,5,102,0,0,0,102
09/22/2013,EGE,CO,ANM,WE,Federal Contract Tower,5,11,20,0,36,0,0,9,0,9,5,11,29,0,45,8,0,8,53
09/23/2013,EGE,CO,ANM,WE,Federal Contract Tower,4,24,18,0,46,0,0,19,2,21,4,24,37,2,67,34,0,34,101
09/24/2013,EGE,CO,ANM,WE,Federal Contract Tower,4,9,7,0,20,0,0,16,30,46,4,9,23,30,66,6,16,22,88
09/25/2013,EGE,CO,ANM,WE,Federal Contract Tower,2,11,16,0,29,0,0,11,24,35,2,11,27,24,64,36,8,44,108
09/26/2013,EGE,CO,ANM,WE,Federal Contract Tower,3,19,10,2,34,0,0,13,24,37,3,19,23,26,71,22,0,22,93
09/27/2013,EGE,CO,ANM,WE,Federal Contract Tower,5,16,22,0,43,0,0,0,10,10,5,16,22,10,53,0,0,0,53
09/28/2013,EGE,CO,ANM,WE,Federal Contract Tower,3,8,19,0,30,0,0,35,0,35,3,8,54,0,65,56,0,56,121
09/29/2013,EGE,CO,ANM,WE,Federal Contract Tower,2,14,26,0,42,0,0,42,0,42,2,14,68,0,84,58,0,58,142
09/30/2013,EGE,CO,ANM,WE,Federal Contract Tower,2,11,25,0,38,0,0,36,0,36,2,11,61,0,74,26,0,26,100
10/01/2013,EGE,CO,ANM,WE,Federal Contract Tower,1,11,11,0,23,0,0,18,2,20,1,11,29,2,43,24,0,24,67
10/02/2013,EGE,CO,ANM,WE,Federal Contract Tower,1,14,12,0,27,0,0,29,2,31,1,14,41,2,58,16,0,16,74
10/03/2013,EGE,CO,ANM,WE,Federal Contract Tower,1,12,38,0,51,0,0,14,2,16,1,12,52,2,67,34,0,34,101
10/04/2013,EGE,CO,ANM,WE,Federal Contract Tower,1,6,12,0,19,0,0,1,0,1,1,6,13,0,20,0,0,0,20
10/05/2013,EGE,CO,ANM,WE,Federal Contract Tower,1,7,12,0,20,0,0,9,0,9,1,7,21,0,29,20,0,20,49
10/06/2013,EGE,CO,ANM,WE,Federal Contract Tower,1,7,6,0,14,0,0,28,0,28,1,7,34,0,42,38,0,38,80
10/07/2013,EGE,CO,ANM,WE,Federal Contract Tower,1,4,8,0,13,0,0,25,2,27,1,4,33,2,40,34,0,34,74
10/08/2013,EGE,CO,ANM,WE,Federal Contract Tower,1,6,1,0,8,0,0,19,0,19,1,6,20,0,27,28,0,28,55
10/09/2013,EGE,CO,ANM,WE,Federal Contract Tower,1,10,5,0,16,0,0,36,0,36,1,10,41,0,52,6,0,6,58
10/10/2013,EGE,CO,ANM,WE,Federal Contract Tower,1,6,12,0,19,0,0,7,0,7,1,6,19,0,26,10,0,10,36
10/11/2013,EGE,CO,ANM,WE,Federal Contract Tower,1,10,23,0,34,0,0,7,0,7,1,10,30,0,41,20,0,20,61
10/12/2013,EGE,CO,ANM,WE,Federal Contract Tower,1,8,7,0,16,0,0,27,0,27,1,8,34,0,43,56,0,56,99
10/13/2013,EGE,CO,ANM,WE,Federal Contract Tower,1,14,17,0,32,0,0,24,0,24,1,14,41,0,56,46,0,46,102
10/14/2013,EGE,CO,ANM,WE,Federal Contract Tower,1,14,11,0,26,0,0,0,0,0,1,14,11,0,26,0,0,0,26
10/15/2013,EGE,CO,ANM,WE,Federal Contract Tower,1,7,14,0,22,0,0,5,18,23,1,7,19,18,45,24,0,24,69
10/16/2013,EGE,CO,ANM,WE,Federal Contract Tower,1,7,6,0,14,0,0,16,4,20,1,7,22,4,34,60,0,60,94
10/17/2013,EGE,CO,ANM,WE,Federal Contract Tower,1,8,8,0,17,0,0,27,0,27,1,8,35,0,44,8,0,8,52
10/18/2013,EGE,CO,ANM,WE,Federal Contract Tower,1,14,9,0,24,0,0,18,2,20,1,14,27,2,44,30,0,30,74
10/19/2013,EGE,CO,ANM,WE,Federal Contract Tower,1,8,3,0,12,0,0,26,4,30,1,8,29,4,42,4,0,4,46
10/20/2013,EGE,CO,ANM,WE,Federal Contract Tower,1,6,9,2,18,0,0,25,0,25,1,6,34,2,43,34,2,36,79
10/21/2013,EGE,CO,ANM,WE,Federal Contract Tower,1,7,15,0,23,0,0,11,0,11,1,7,26,0,34,14,0,14,48
10/22/2013,EGE,CO,ANM,WE,Federal Contract Tower,1,4,4,0,9,0,0,17,2,19,1,4,21,2,28,6,0,6,34
10/23/2013,EGE,CO,ANM,WE,Federal Contract Tower,1,4,5,0,10,0,0,23,8,31,1,4,28,8,41,52,0,52,93
10/24/2013,EGE,CO,ANM,WE,Federal Contract Tower,1,7,15,0,23,0,0,31,2,33,1,7,46,2,56,52,0,52,108
10/25/2013,EGE,CO,ANM,WE,Federal Contract Tower,1,2,7,0,10,0,0,17,0,17,1,2,24,0,27,19,0,19,46
10/26/2013,EGE,CO,ANM,WE,Federal Contract Tower,1,6,4,2,13,0,0,34,0,34,1,6,38,2,47,38,4,42,89
10/27/2013,EGE,CO,ANM,WE,Federal Contract Tower,1,7,9,0,17,0,0,29,0,29,1,7,38,0,46,34,0,34,80
10/28/2013,EGE,CO,ANM,WE,Federal Contract Tower,1,2,11,0,14,0,0,11,0,11,1,2,22,0,25,24,0,24,49
10/29/2013,EGE,CO,ANM,WE,Federal Contract Tower,1,5,5,0,11,0,0,2,0,2,1,5,7,0,13,0,0,0,13
10/30/2013,EGE,CO,ANM,WE,Federal Contract Tower,2,2,4,0,8,0,0,6,8,14,2,2,10,8,22,22,22,44,66
10/31/2013,EGE,CO,ANM,WE,Federal Contract Tower,1,5,6,0,12,0,0,6,0,6,1,5,12,0,18,34,0,34,52
11/01/2013,EGE,CO,ANM,WE,Federal Contract Tower,1,5,7,0,13,0,0,7,4,11,1,5,14,4,24,0,0,0,24
11/02/2013,EGE,CO,ANM,WE,Federal Contract Tower,0,4,7,1,12,0,0,31,2,33,0,4,38,3,45,24,0,24,69
11/03/2013,EGE,CO,ANM,WE,Federal Contract Tower,1,6,9,0,16,0,0,10,0,10,1,6,19,0,26,6,0,6,32
11/04/2013,EGE,CO,ANM,WE,Federal Contract Tower,1,3,11,0,15,0,0,9,0,9,1,3,20,0,24,6,0,6,30
11/05/2013,EGE,CO,ANM,WE,Federal Contract Tower,1,3,7,0,11,0,0,5,0,5,1,3,12,0,16,0,0,0,16
11/06/2013,EGE,CO,ANM,WE,Federal Contract Tower,1,3,7,0,11,0,0,17,10,27,1,3,24,10,38,28,6,34,72
11/07/2013,EGE,CO,ANM,WE,Federal Contract Tower,1,3,11,0,15,0,0,17,9,26,1,3,28,9,41,17,2,19,60
11/08/2013,EGE,CO,ANM,WE,Federal Contract Tower,1,8,11,0,20,0,0,10,0,10,1,8,21,0,30,18,0,18,48
11/09/2013,EGE,CO,ANM,WE,Federal Contract Tower,1,6,4,0,11,0,0,17,0,17,1,6,21,0,28,2,0,2,30
11/10/2013,EGE,CO,ANM,WE,Federal Contract Tower,1,8,6,0,15,0,0,30,0,30,1,8,36,0,45,30,0,30,75
11/11/2013,EGE,CO,ANM,WE,Federal Contract Tower,1,3,6,0,10,0,0,29,0,29,1,3,35,0,39,56,0,56,95
11/12/2013,EGE,CO,ANM,WE,Federal Contract Tower,1,4,6,0,11,0,0,20,0,20,1,4,26,0,31,12,0,12,43
11/13/2013,EGE,CO,ANM,WE,Federal Contract Tower,1,2,2,0,5,0,0,23,8,31,1,2,25,8,36,24,20,44,80
11/14/2013,EGE,CO,ANM,WE,Federal Contract Tower,1,3,9,0,13,0,0,22,4,26,1,3,31,4,39,4,0,4,43
11/15/2013,EGE,CO,ANM,WE,Federal Contract Tower,9,5,10,0,24,0,0,10,3,13,9,5,20,3,37,4,0,4,41
11/16/2013,EGE,CO,ANM,WE,Federal Contract Tower,1,2,5,0,8,0,0,5,0,5,1,2,10,0,13,12,0,12,25
11/17/2013,EGE,CO,ANM,WE,Federal Contract Tower,2,12,9,0,23,0,0,5,0,5,2,12,14,0,28,0,0,0,28
11/18/2013,EGE,CO,ANM,WE,Federal Contract Tower,1,5,5,0,11,0,0,13,0,13,1,5,18,0,24,0,0,0,24
11/19/2013,EGE,CO,ANM,WE,Federal Contract Tower,1,5,8,0,14,0,0,4,4,8,1,5,12,4,22,0,0,0,22
11/20/2013,EGE,CO,ANM,WE,Federal Contract Tower,1,9,8,0,18,0,0,6,6,12,1,9,14,6,30,58,0,58,88
11/21/2013,EGE,CO,ANM,WE,Federal Contract Tower,3,10,4,0,17,0,0,0,0,0,3,10,4,0,17,0,2,2,19
11/22/2013,EGE,CO,ANM,WE,Federal Contract Tower,2,7,12,0,21,0,0,3,4,7,2,7,15,4,28,0,0,0,28
11/23/2013,EGE,CO,ANM,WE,Federal Contract Tower,6,13,16,0,35,0,0,5,0,5,6,13,21,0,40,10,0,10,50
11/24/2013,EGE,CO,ANM,WE,Federal Contract Tower,3,9,12,0,24,0,0,1,0,1,3,9,13,0,25,0,0,0,25
11/25/2013,EGE,CO,ANM,WE,Federal Contract Tower,3,11,5,0,19,0,0,14,0,14,3,11,19,0,33,10,0,10,43
11/26/2013,EGE,CO,ANM,WE,Federal Contract Tower,5,22,26,0,53,0,0,27,3,30,5,22,53,3,83,14,0,14,97
11/27/2013,EGE,CO,ANM,WE,Federal Contract Tower,3,18,21,0,42,0,0,25,0,25,3,18,46,0,67,0,0,0,67
11/28/2013,EGE,CO,ANM,WE,Federal Contract Tower,4,10,4,0,18,0,0,15,0,15,4,10,19,0,33,0,0,0,33
11/29/2013,EGE,CO,ANM,WE,Federal Contract Tower,3,18,18,0,39,0,0,7,0,7,3,18,25,0,46,0,2,2,48
11/30/2013,EGE,CO,ANM,WE,Federal Contract Tower,3,23,28,0,54,0,0,15,0,15,3,23,43,0,69,30,0,30,99
12/01/2013,EGE,CO,ANM,WE,Federal Contract Tower,3,27,50,0,80,0,0,22,0,22,3,27,72,0,102,8,0,8,110
12/02/2013,EGE,CO,ANM,WE,Federal Contract Tower,19,13,12,0,44,0,0,3,0,3,19,13,15,0,47,0,0,0,47
12/03/2013,EGE,CO,ANM,WE,Federal Contract Tower,3,8,5,0,16,0,0,0,42,42,3,8,5,42,58,0,32,32,90
12/04/2013,EGE,CO,ANM,WE,Federal Contract Tower,2,1,3,0,6,0,0,0,0,0,2,1,3,0,6,0,0,0,6
12/05/2013,EGE,CO,ANM,WE,Federal Contract Tower,11,14,26,0,51,0,0,14,31,45,11,14,40,31,96,0,2,2,98
12/06/2013,EGE,CO,ANM,WE,Federal Contract Tower,4,11,20,0,35,0,0,5,29,34,4,11,25,29,69,0,6,6,75
12/07/2013,EGE,CO,ANM,WE,Federal Contract Tower,1,3,6,0,10,0,0,0,0,0,1,3,6,0,10,0,0,0,10
12/08/2013,EGE,CO,ANM,WE,Federal Contract Tower,7,16,23,0,46,0,0,0,0,0,7,16,23,0,46,0,0,0,46
12/09/2013,EGE,CO,ANM,WE,Federal Contract Tower,3,15,13,0,31,0,0,5,12,17,3,15,18,12,48,0,0,0,48
12/10/2013,EGE,CO,ANM,WE,Federal Contract Tower,3,8,8,0,19,0,0,8,29,37,3,8,16,29,56,0,0,0,56
12/11/2013,EGE,CO,ANM,WE,Federal Contract Tower,5,6,14,0,25,0,0,32,32,64,5,6,46,32,89,6,0,6,95
12/12/2013,EGE,CO,ANM,WE,Federal Contract Tower,5,9,15,0,29,0,0,14,26,40,5,9,29,26,69,0,0,0,69
12/13/2013,EGE,CO,ANM,WE,Federal Contract Tower,4,16,11,2,33,0,0,11,21,32,4,16,22,23,65,0,0,0,65
12/14/2013,EGE,CO,ANM,WE,Federal Contract Tower,7,23,15,0,45,0,0,7,0,7,7,23,22,0,52,10,0,10,62
12/15/2013,EGE,CO,ANM,WE,Federal Contract Tower,7,27,18,0,52,0,0,13,1,14,7,27,31,1,66,20,0,20,86
12/16/2013,EGE,CO,ANM,WE,Federal Contract Tower,6,17,29,0,52,0,0,28,0,28,6,17,57,0,80,10,0,10,90
12/17/2013,EGE,CO,ANM,WE,Federal Contract Tower,6,25,26,0,57,0,0,37,26,63,6,25,63,26,120,34,0,34,154
12/18/2013,EGE,CO,ANM,WE,Federal Contract Tower,6,32,37,0,75,0,0,14,24,38,6,32,51,24,113,18,34,52,165
12/19/2013,EGE,CO,ANM,WE,Federal Contract Tower,20,50,32,0,102,0,0,6,24,30,20,50,38,24,132,0,10,10,142
12/20/2013,EGE,CO,ANM,WE,Federal Contract Tower,23,154,97,0,274,0,0,3,16,19,23,154,100,16,293,0,0,0,293
12/21/2013,EGE,CO,ANM,WE,Federal Contract Tower,33,125,98,1,257,0,0,5,0,5,33,125,103,1,262,0,0,0,262
12/22/2013,EGE,CO,ANM,WE,Federal Contract Tower,27,66,42,0,135,0,0,7,0,7,27,66,49,0,142,14,0,14,156
12/23/2013,EGE,CO,ANM,WE,Federal Contract Tower,26,39,43,0,108,0,0,4,0,4,26,39,47,0,112,0,0,0,112
12/24/2013,EGE,CO,ANM,WE,Federal Contract Tower,23,18,13,0,54,0,0,2,0,2,23,18,15,0,56,8,0,8,64
12/25/2013,EGE,CO,ANM,WE,Federal Contract Tower,22,40,25,0,87,0,0,12,0,12,22,40,37,0,99,0,0,0,99
12/26/2013,EGE,CO,ANM,WE,Federal Contract Tower,26,116,124,0,266,0,0,25,2,27,26,116,149,2,293,0,0,0,293
12/27/2013,EGE,CO,ANM,WE,Federal Contract Tower,27,110,139,0,276,0,0,14,6,20,27,110,153,6,296,0,0,0,296
12/28/2013,EGE,CO,ANM,WE,Federal Contract Tower,33,108,103,0,244,0,0,11,0,11,33,108,114,0,255,0,0,0,255
12/29/2013,EGE,CO,ANM,WE,Federal Contract Tower,28,29,47,3,107,0,0,5,0,5,28,29,52,3,112,0,0,0,112
12/30/2013,EGE,CO,ANM,WE,Federal Contract Tower,26,38,67,0,131,0,0,9,0,9,26,38,76,0,140,0,0,0,140
12/31/2013,EGE,CO,ANM,WE,Federal Contract Tower,22,41,59,0,122,0,0,5,0,5,22,41,64,0,127,0,0,0,127
01/01/2014,EGE,CO,ANM,WE,Federal Contract Tower,24,60,72,0,156,0,0,0,0,0,24,60,72,0,156,0,0,0,156
01/02/2014,EGE,CO,ANM,WE,Federal Contract Tower,27,110,100,0,237,0,0,21,2,23,27,110,121,2,260,0,0,0,260
01/03/2014,EGE,CO,ANM,WE,Federal Contract Tower,24,83,97,21,225,0,0,16,2,18,24,83,113,23,243,0,0,0,243
01/04/2014,EGE,CO,ANM,WE,Federal Contract Tower,33,46,63,0,142,0,0,0,0,0,33,46,63,0,142,0,0,0,142
01/05/2014,EGE,CO,ANM,WE,Federal Contract Tower,26,105,145,0,276,0,0,3,1,4,26,105,148,1,280,0,0,0,280
01/06/2014,EGE,CO,ANM,WE,Federal Contract Tower,20,59,70,0,149,0,0,12,0,12,20,59,82,0,161,0,0,0,161
01/07/2014,EGE,CO,ANM,WE,Federal Contract Tower,24,19,28,0,71,0,0,10,22,32,24,19,38,22,103,0,0,0,103
01/08/2014,EGE,CO,ANM,WE,Federal Contract Tower,27,33,49,0,109,0,0,10,19,29,27,33,59,19,138,0,0,0,138
01/09/2014,EGE,CO,ANM,WE,Federal Contract Tower,22,20,22,0,64,0,0,0,16,16,22,20,22,16,80,12,0,12,92
01/10/2014,EGE,CO,ANM,WE,Federal Contract Tower,20,25,14,0,59,0,0,8,2,10,20,25,22,2,69,10,0,10,79
01/11/2014,EGE,CO,ANM,WE,Federal Contract Tower,31,28,23,0,82,0,0,9,4,13,31,28,32,4,95,6,0,6,101
01/12/2014,EGE,CO,ANM,WE,Federal Contract Tower,32,16,14,0,62,0,0,0,0,0,32,16,14,0,62,0,0,0,62
01/13/2014,EGE,CO,ANM,WE,Federal Contract Tower,24,15,22,0,61,0,0,0,0,0,24,15,22,0,61,0,0,0,61
01/14/2014,EGE,CO,ANM,WE,Federal Contract Tower,22,21,19,0,62,0,0,9,18,27,22,21,28,18,89,34,0,34,123
01/15/2014,EGE,CO,ANM,WE,Federal Contract Tower,24,20,27,1,72,0,0,19,14,33,24,20,46,15,105,56,0,56,161
01/16/2014,EGE,CO,ANM,WE,Federal Contract Tower,23,36,48,0,107,0,0,41,18,59,23,36,89,18,166,0,0,0,166
01/17/2014,EGE,CO,ANM,WE,Federal Contract Tower,25,50,62,2,139,0,0,26,10,36,25,50,88,12,175,2,0,2,177
01/18/2014,EGE,CO,ANM,WE,Federal Contract Tower,31,27,27,5,90,0,0,29,4,33,31,27,56,9,123,32,0,32,155
01/19/2014,EGE,CO,ANM,WE,Federal Contract Tower,30,29,30,0,89,0,0,27,0,27,30,29,57,0,116,6,0,6,122
01/20/2014,EGE,CO,ANM,WE,Federal Contract Tower,24,66,74,8,172,0,0,19,0,19,24,66,93,8,191,10,0,10,201
01/21/2014,EGE,CO,ANM,WE,Federal Contract Tower,22,10,22,1,55,0,0,20,0,20,22,10,42,1,75,46,0,46,121
01/22/2014,EGE,CO,ANM,WE,Federal Contract Tower,22,32,33,0,87,0,0,35,2,37,22,32,68,2,124,56,0,56,180
01/23/2014,EGE,CO,ANM,WE,Federal Contract Tower,24,35,23,0,82,0,0,6,2,8,24,35,29,2,90,0,0,0,90
01/24/2014,EGE,CO,ANM,WE,Federal Contract Tower,24,17,38,0,79,0,0,20,5,25,24,17,58,5,104,14,0,14,118
01/25/2014,EGE,CO,ANM,WE,Federal Contract Tower,30,25,22,0,77,0,0,31,2,33,30,25,53,2,110,26,0,26,136
01/26/2014,EGE,CO,ANM,WE,Federal Contract Tower,28,39,59,0,126,0,0,19,0,19,28,39,78,0,145,6,0,6,151
01/27/2014,EGE,CO,ANM,WE,Federal Contract Tower,24,28,27,0,79,0,0,3,0,3,24,28,30,0,82,0,0,0,82
01/28/2014,EGE,CO,ANM,WE,Federal Contract Tower,22,16,28,0,66,0,0,24,28,52,22,16,52,28,118,16,0,16,134
01/29/2014,EGE,CO,ANM,WE,Federal Contract Tower,24,18,33,0,75,0,0,8,26,34,24,18,41,26,109,16,0,16,125
01/30/2014,EGE,CO,ANM,WE,Federal Contract Tower,1,5,7,0,13,0,0,0,0,0,1,5,7,0,13,0,0,0,13
01/31/2014,EGE,CO,ANM,WE,Federal Contract Tower,0,2,4,0,6,0,0,0,6,6,0,2,4,6,12,0,0,0,12
02/01/2014,EGE,CO,ANM,WE,Federal Contract Tower,30,39,43,0,112,0,0,0,16,16,30,39,43,16,128,0,0,0,128
02/02/2014,EGE,CO,ANM,WE,Federal Contract Tower,27,38,34,0,99,0,0,5,3,8,27,38,39,3,107,0,0,0,107
02/03/2014,EGE,CO,ANM,WE,Federal Contract Tower,23,16,24,0,63,0,0,2,0,2,23,16,26,0,65,6,0,6,71
02/04/2014,EGE,CO,ANM,WE,Federal Contract Tower,20,25,12,0,57,0,0,0,22,22,20,25,12,22,79,0,2,2,81
02/05/2014,EGE,CO,ANM,WE,Federal Contract Tower,20,33,18,0,71,0,0,6,28,34,20,33,24,28,105,20,0,20,125
02/06/2014,EGE,CO,ANM,WE,Federal Contract Tower,22,34,27,0,83,0,0,0,17,17,22,34,27,17,100,0,0,0,100
02/07/2014,EGE,CO,ANM,WE,Federal Contract Tower,32,31,19,0,82,0,0,2,10,12,32,31,21,10,94,0,0,0,94
02/08/2014,EGE,CO,ANM,WE,Federal Contract Tower,30,23,31,0,84,0,0,0,0,0,30,23,31,0,84,0,0,0,84
02/09/2014,EGE,CO,ANM,WE,Federal Contract Tower,26,43,47,0,116,0,0,0,0,0,26,43,47,0,116,0,0,0,116
02/10/2014,EGE,CO,ANM,WE,Federal Contract Tower,23,27,38,0,88,0,0,0,0,0,23,27,38,0,88,0,0,0,88
02/11/2014,EGE,CO,ANM,WE,Federal Contract Tower,24,26,51,0,101,0,0,20,22,42,24,26,71,22,143,28,0,28,171
02/12/2014,EGE,CO,ANM,WE,Federal Contract Tower,22,46,55,0,123,0,0,11,26,37,22,46,66,26,160,36,0,36,196
02/13/2014,EGE,CO,ANM,WE,Federal Contract Tower,20,56,99,0,175,0,0,2,24,26,20,56,101,24,201,0,0,0,201
02/14/2014,EGE,CO,ANM,WE,Federal Contract Tower,20,77,112,0,209,0,0,6,8,14,20,77,118,8,223,0,0,0,223
02/15/2014,EGE,CO,ANM,WE,Federal Contract Tower,35,43,43,0,121,0,0,8,0,8,35,43,51,0,129,8,0,8,137
02/16/2014,EGE,CO,ANM,WE,Federal Contract Tower,31,38,32,0,101,0,0,11,0,11,31,38,43,0,112,2,0,2,114
02/17/2014,EGE,CO,ANM,WE,Federal Contract Tower,26,93,119,4,242,0,2,7,0,9,26,95,126,4,251,0,0,0,251
02/18/2014,EGE,CO,ANM,WE,Federal Contract Tower,25,58,59,0,142,0,0,7,0,7,25,58,66,0,149,22,0,22,171
02/19/2014,EGE,CO,ANM,WE,Federal Contract Tower,25,35,27,0,87,0,0,6,2,8,25,35,33,2,95,38,0,38,133
02/20/2014,EGE,CO,ANM,WE,Federal Contract Tower,24,32,44,0,100,0,0,1,4,5,24,32,45,4,105,0,0,0,105
02/21/2014,EGE,CO,ANM,WE,Federal Contract Tower,26,30,36,0,92,0,0,5,4,9,26,30,41,4,101,0,10,10,111
02/22/2014,EGE,CO,ANM,WE,Federal Contract Tower,37,46,52,0,135,0,0,7,0,7,37,46,59,0,142,14,0,14,156
02/23/2014,EGE,CO,ANM,WE,Federal Contract Tower,31,48,50,0,129,0,0,23,0,23,31,48,73,0,152,42,0,42,194
02/24/2014,EGE,CO,ANM,WE,Federal Contract Tower,26,27,25,0,78,0,0,11,0,11,26,27,36,0,89,20,0,20,109
02/25/2014,EGE,CO,ANM,WE,Federal Contract Tower,24,9,16,0,49,0,0,13,24,37,24,9,29,24,86,40,4,44,130
02/26/2014,EGE,CO,ANM,WE,Federal Contract Tower,24,27,30,0,81,0,0,22,25,47,24,27,52,25,128,32,0,32,160
02/27/2014,EGE,CO,ANM,WE,Federal Contract Tower,25,42,41,0,108,0,0,1,26,27,25,42,42,26,135,0,0,0,135
02/28/2014,EGE,CO,ANM,WE,Federal Contract Tower,23,46,47,0,116,0,0,2,14,16,23,46,49,14,132,15,0,15,147
03/01/2014,EGE,CO,ANM,WE,Federal Contract Tower,36,37,31,0,104,0,0,0,0,0,36,37,31,0,104,0,0,0,104
03/02/2014,EGE,CO,ANM,WE,Federal Contract Tower,29,70,84,0,183,0,0,6,2,8,29,70,90,2,191,12,0,12,203
03/03/2014,EGE,CO,ANM,WE,Federal Contract Tower,25,31,24,0,80,0,0,17,4,21,25,31,41,4,101,10,2,12,113
03/04/2014,EGE,CO,ANM,WE,Federal Contract Tower,23,18,26,0,67,0,0,5,28,33,23,18,31,28,100,18,0,18,118
03/05/2014,EGE,CO,ANM,WE,Federal Contract Tower,24,40,42,0,106,0,1,18,30,49,24,41,60,30,155,44,0,44,199
03/06/2014,EGE,CO,ANM,WE,Federal Contract Tower,26,50,53,0,129,0,0,20,22,42,26,50,73,22,171,26,0,26,197
03/07/2014,EGE,CO,ANM,WE,Federal Contract Tower,27,28,78,0,133,0,0,0,0,0,27,28,78,0,133,0,0,0,133
03/08/2014,EGE,CO,ANM,WE,Federal Contract Tower,38,47,82,0,167,0,0,12,18,30,38,47,94,18,197,12,0,12,209
03/09/2014,EGE,CO,ANM,WE,Federal Contract Tower,35,59,70,0,164,0,0,36,3,39,35,59,106,3,203,8,0,8,211
03/10/2014,EGE,CO,ANM,WE,Federal Contract Tower,26,33,31,0,90,0,0,20,0,20,26,33,51,0,110,50,0,50,160
03/11/2014,EGE,CO,ANM,WE,Federal Contract Tower,29,19,32,2,82,0,0,0,24,24,29,19,32,26,106,0,2,2,108
03/12/2014,EGE,CO,ANM,WE,Federal Contract Tower,26,33,44,0,103,0,0,12,43,55,26,33,56,43,158,0,0,0,158
03/13/2014,EGE,CO,ANM,WE,Federal Contract Tower,26,22,54,0,102,0,0,20,23,43,26,22,74,23,145,12,2,14,159
03/14/2014,EGE,CO,ANM,WE,Federal Contract Tower,26,62,73,2,163,0,0,18,23,41,26,62,91,25,204,24,0,24,228
03/15/2014,EGE,CO,ANM,WE,Federal Contract Tower,37,81,104,0,222,0,0,2,6,8,37,81,106,6,230,0,0,0,230
03/16/2014,EGE,CO,ANM,WE,Federal Contract Tower,32,52,61,0,145,0,0,23,8,31,32,52,84,8,176,6,0,6,182
03/17/2014,EGE,CO,ANM,WE,Federal Contract Tower,26,42,35,0,103,0,0,9,2,11,26,42,44,2,114,0,0,0,114
03/18/2014,EGE,CO,ANM,WE,Federal Contract Tower,26,20,22,0,68,0,0,5,24,29,26,20,27,24,97,14,0,14,111
03/19/2014,EGE,CO,ANM,WE,Federal Contract Tower,25,36,36,0,97,0,0,32,32,64,25,36,68,32,161,50,22,72,233
03/20/2014,EGE,CO,ANM,WE,Federal Contract Tower,26,38,45,0,109,0,0,16,22,38,26,38,61,22,147,6,0,6,153
03/21/2014,EGE,CO,ANM,WE,Federal Contract Tower,26,57,76,0,159,0,0,26,14,40,26,57,102,14,199,2,0,2,201
03/22/2014,EGE,CO,ANM,WE,Federal Contract Tower,40,41,56,0,137,0,0,2,0,2,40,41,58,0,139,20,0,20,159
03/23/2014,EGE,CO,ANM,WE,Federal Contract Tower,34,76,65,0,175,0,0,19,2,21,34,76,84,2,196,4,0,4,200
03/24/2014,EGE,CO,ANM,WE,Federal Contract Tower,25,35,32,0,92,0,0,13,0,13,25,35,45,0,105,38,0,38,143
03/25/2014,EGE,CO,ANM,WE,Federal Contract Tower,26,23,21,0,70,0,0,31,26,57,26,23,52,26,127,74,0,74,201
03/26/2014,EGE,CO,ANM,WE,Federal Contract Tower,26,27,21,0,74,0,0,12,18,30,26,27,33,18,104,0,6,6,110
03/27/2014,EGE,CO,ANM,WE,Federal Contract Tower,28,25,37,0,90,0,0,5,22,27,28,25,42,22,117,0,4,4,121
03/28/2014,EGE,CO,ANM,WE,Federal Contract Tower,25,32,46,0,103,0,0,2,11,13,25,32,48,11,116,0,0,0,116
03/29/2014,EGE,CO,ANM,WE,Federal Contract Tower,38,29,48,2,117,0,0,24,2,26,38,29,72,4,143,34,0,34,177
03/30/2014,EGE,CO,ANM,WE,Federal Contract Tower,31,37,53,2,123,0,0,8,0,8,31,37,61,2,131,48,0,48,179
03/31/2014,EGE,CO,ANM,WE,Federal Contract Tower,21,23,17,2,63,0,0,8,0,8,21,23,25,2,71,0,0,0,71
04/01/2014,EGE,CO,ANM,WE,Federal Contract Tower,2,22,14,0,38,0,0,0,12,12,2,22,14,12,50,0,0,0,50
04/02/2014,EGE,CO,ANM,WE,Federal Contract Tower,1,11,19,0,31,0,0,0,0,0,1,11,19,0,31,0,0,0,31
04/03/2014,EGE,CO,ANM,WE,Federal Contract Tower,1,18,17,0,36,0,0,4,27,31,1,18,21,27,67,20,2,22,89
04/04/2014,EGE,CO,ANM,WE,Federal Contract Tower,1,10,25,0,36,0,0,20,17,37,1,10,45,17,73,24,0,24,97
04/05/2014,EGE,CO,ANM,WE,Federal Contract Tower,3,15,9,0,27,0,0,12,6,18,3,15,21,6,45,12,0,12,57
04/06/2014,EGE,CO,ANM,WE,Federal Contract Tower,1,13,30,0,44,0,0,4,0,4,1,13,34,0,48,0,0,0,48
04/07/2014,EGE,CO,ANM,WE,Federal Contract Tower,1,7,10,0,18,0,0,1,2,3,1,7,11,2,21,0,0,0,21
04/08/2014,EGE,CO,ANM,WE,Federal Contract Tower,1,8,11,0,20,0,0,39,25,64,1,8,50,25,84,36,0,36,120
04/09/2014,EGE,CO,ANM,WE,Federal Contract Tower,1,13,11,1,26,0,0,25,19,44,1,13,36,20,70,46,0,46,116
04/10/2014,EGE,CO,ANM,WE,Federal Contract Tower,1,22,12,2,37,0,0,17,13,30,1,22,29,15,67,22,14,36,103
04/11/2014,EGE,CO,ANM,WE,Federal Contract Tower,1,35,14,0,50,0,0,15,11,26,1,35,29,11,76,14,0,14,90
04/12/2014,EGE,CO,ANM,WE,Federal Contract Tower,1,24,13,0,38,0,0,20,0,20,1,24,33,0,58,14,0,14,72
04/13/2014,EGE,CO,ANM,WE,Federal Contract Tower,1,21,16,0,38,0,0,0,0,0,1,21,16,0,38,0,0,0,38
04/14/2014,EGE,CO,ANM,WE,Federal Contract Tower,1,15,14,0,30,0,0,13,0,13,1,15,27,0,43,0,0,0,43
04/15/2014,EGE,CO,ANM,WE,Federal Contract Tower,1,10,16,0,27,0,0,16,7,23,1,10,32,7,50,0,16,16,66
04/16/2014,EGE,CO,ANM,WE,Federal Contract Tower,1,13,9,2,25,0,0,5,5,10,1,13,14,7,35,24,38,62,97
04/17/2014,EGE,CO,ANM,WE,Federal Contract Tower,1,19,25,0,45,0,0,19,12,31,1,19,44,12,76,6,36,42,118
04/18/2014,EGE,CO,ANM,WE,Federal Contract Tower,1,11,8,0,20,0,0,8,2,10,1,11,16,2,30,2,0,2,32
04/19/2014,EGE,CO,ANM,WE,Federal Contract Tower,1,18,11,0,30,0,0,9,0,9,1,18,20,0,39,40,0,40,79
04/20/2014,EGE,CO,ANM,WE,Federal Contract Tower,1,36,16,0,53,0,0,5,0,5,1,36,21,0,58,0,0,0,58
04/21/2014,EGE,CO,ANM,WE,Federal Contract Tower,1,14,15,2,32,0,0,13,0,13,1,14,28,2,45,2,0,2,47
04/22/2014,EGE,CO,ANM,WE,Federal Contract Tower,1,6,11,0,18,0,0,9,20,29,1,6,20,20,47,6,0,6,53
04/23/2014,EGE,CO,ANM,WE,Federal Contract Tower,0,5,15,0,20,0,0,6,20,26,0,5,21,20,46,12,2,14,60
04/24/2014,EGE,CO,ANM,WE,Federal Contract Tower,1,5,5,0,11,0,0,26,14,40,1,5,31,14,51,32,0,32,83
04/25/2014,EGE,CO,ANM,WE,Federal Contract Tower,1,5,5,1,12,0,0,27,6,33,1,5,32,7,45,80,0,80,125
04/26/2014,EGE,CO,ANM,WE,Federal Contract Tower,1,3,4,0,8,0,0,13,1,14,1,3,17,1,22,28,2,30,52
04/27/2014,EGE,CO,ANM,WE,Federal Contract Tower,1,6,2,0,9,0,0,3,0,3,1,6,5,0,12,6,0,6,18
04/28/2014,EGE,CO,ANM,WE,Federal Contract Tower,1,4,4,0,9,0,0,1,0,1,1,4,5,0,10,0,0,0,10
04/29/2014,EGE,CO,ANM,WE,Federal Contract Tower,1,6,11,0,18,0,0,4,14,18,1,6,15,14,36,6,0,6,42
04/30/2014,EGE,CO,ANM,WE,Federal Contract Tower,1,1,6,0,8,0,0,5,17,22,1,1,11,17,30,0,0,0,30
05/01/2014,EGE,CO,ANM,WE,Federal Contract Tower,1,10,4,4,19,0,0,18,13,31,1,10,22,17,50,2,2,4,54
05/02/2014,EGE,CO,ANM,WE,Federal Contract Tower,1,2,6,2,11,0,0,13,7,20,1,2,19,9,31,2,0,2,33
05/03/2014,EGE,CO,ANM,WE,Federal Contract Tower,1,5,4,6,16,0,0,23,0,23,1,5,27,6,39,0,2,2,41
05/04/2014,EGE,CO,ANM,WE,Federal Contract Tower,1,6,10,2,19,0,0,10,0,10,1,6,20,2,29,22,0,22,51
05/05/2014,EGE,CO,ANM,WE,Federal Contract Tower,1,2,7,0,10,0,0,8,18,26,1,2,15,18,36,0,0,0,36
05/06/2014,EGE,CO,ANM,WE,Federal Contract Tower,1,8,0,0,9,0,0,13,22,35,1,8,13,22,44,30,0,30,74
05/07/2014,EGE,CO,ANM,WE,Federal Contract Tower,0,11,0,0,11,0,0,10,26,36,0,11,10,26,47,4,2,6,53
05/08/2014,EGE,CO,ANM,WE,Federal Contract Tower,1,3,5,0,9,0,0,6,32,38,1,3,11,32,47,28,0,28,75
05/09/2014,EGE,CO,ANM,WE,Federal Contract Tower,1,4,6,0,11,0,0,7,12,19,1,4,13,12,30,0,0,0,30
05/10/2014,EGE,CO,ANM,WE,Federal Contract Tower,1,7,7,6,21,0,0,2,0,2,1,7,9,6,23,14,0,14,37
05/11/2014,EGE,CO,ANM,WE,Federal Contract Tower,1,3,3,0,7,0,0,0,0,0,1,3,3,0,7,0,0,0,7
05/12/2014,EGE,CO,ANM,WE,Federal Contract Tower,0,2,4,0,6,0,0,0,0,0,0,2,4,0,6,0,0,0,6
05/13/2014,EGE,CO,ANM,WE,Federal Contract Tower,0,2,8,2,12,0,0,3,22,25,0,2,11,24,37,26,0,26,63
05/14/2014,EGE,CO,ANM,WE,Federal Contract Tower,0,5,7,0,12,0,0,13,23,36,0,5,20,23,48,0,24,24,72
05/15/2014,EGE,CO,ANM,WE,Federal Contract Tower,1,7,7,0,15,0,0,16,17,33,1,7,23,17,48,42,0,42,90
05/16/2014,EGE,CO,ANM,WE,Federal Contract Tower,1,4,7,0,12,0,0,7,9,16,1,4,14,9,28,12,0,12,40
05/17/2014,EGE,CO,ANM,WE,Federal Contract Tower,1,8,9,1,19,0,0,16,0,16,1,8,25,1,35,52,0,52,87
05/18/2014,EGE,CO,ANM,WE,Federal Contract Tower,1,4,3,0,8,0,0,20,1,21,1,4,23,1,29,14,0,14,43
05/19/2014,EGE,CO,ANM,WE,Federal Contract Tower,1,4,11,0,16,0,0,7,0,7,1,4,18,0,23,2,0,2,25
05/20/2014,EGE,CO,ANM,WE,Federal Contract Tower,1,7,4,0,12,0,0,21,22,43,1,7,25,22,55,0,4,4,59
05/21/2014,EGE,CO,ANM,WE,Federal Contract Tower,0,2,7,0,9,0,0,19,22,41,0,2,26,22,50,48,4,52,102
05/22/2014,EGE,CO,ANM,WE,Federal Contract Tower,1,5,15,1,22,0,0,17,19,36,1,5,32,20,58,8,0,8,66
05/23/2014,EGE,CO,ANM,WE,Federal Contract Tower,0,9,15,1,25,0,0,28,17,45,0,9,43,18,70,34,0,34,104
05/24/2014,EGE,CO,ANM,WE,Federal Contract Tower,1,5,4,0,10,0,0,12,0,12,1,5,16,0,22,20,0,20,42
05/25/2014,EGE,CO,ANM,WE,Federal Contract Tower,1,0,6,0,7,0,0,3,0,3,1,0,9,0,10,2,0,2,12
05/26/2014,EGE,CO,ANM,WE,Federal Contract Tower,1,10,11,0,22,0,0,25,0,25,1,10,36,0,47,44,0,44,91
05/27/2014,EGE,CO,ANM,WE,Federal Contract Tower,1,9,8,0,18,0,0,13,0,13,1,9,21,0,31,10,0,10,41
05/28/2014,EGE,CO,ANM,WE,Federal Contract Tower,0,5,13,0,18,0,0,19,4,23,0,5,32,4,41,46,20,66,107
05/29/2014,EGE,CO,ANM,WE,Federal Contract Tower,1,8,14,0,23,0,0,14,10,24,1,8,28,10,47,8,20,28,75
05/30/2014,EGE,CO,ANM,WE,Federal Contract Tower,1,5,10,2,18,0,0,3,12,15,1,5,13,14,33,0,6,6,39
05/31/2014,EGE,CO,ANM,WE,Federal Contract Tower,1,4,11,0,16,0,0,26,2,28,1,4,37,2,44,32,0,32,76
06/01/2014,EGE,CO,ANM,WE,Federal Contract Tower,1,10,8,0,19,0,0,13,1,14,1,10,21,1,33,32,0,32,65
06/02/2014,EGE,CO,ANM,WE,Federal Contract Tower,1,7,7,15,30,0,0,27,0,27,1,7,34,15,57,20,0,20,77
06/03/2014,EGE,CO,ANM,WE,Federal Contract Tower,1,12,8,0,21,0,0,16,20,36,1,12,24,20,57,2,0,2,59
06/04/2014,EGE,CO,ANM,WE,Federal Contract Tower,0,3,6,0,9,0,0,37,26,63,0,3,43,26,72,58,0,58,130
06/05/2014,EGE,CO,ANM,WE,Federal Contract Tower,3,9,9,0,21,0,0,13,20,33,3,9,22,20,54,22,0,22,76
06/06/2014,EGE,CO,ANM,WE,Federal Contract Tower,3,10,12,0,25,0,0,25,13,38,3,10,37,13,63,28,0,28,91
06/07/2014,EGE,CO,ANM,WE,Federal Contract Tower,3,6,5,4,18,0,0,18,0,18,3,6,23,4,36,72,0,72,108
06/08/2014,EGE,CO,ANM,WE,Federal Contract Tower,3,13,16,0,32,0,0,16,1,17,3,13,32,1,49,20,0,20,69
06/09/2014,EGE,CO,ANM,WE,Federal Contract Tower,3,10,17,2,32,0,1,18,1,20,3,11,35,3,52,32,0,32,84
06/10/2014,EGE,CO,ANM,WE,Federal Contract Tower,3,3,16,1,23,0,0,18,24,42,3,3,34,25,65,22,10,32,97
06/11/2014,EGE,CO,ANM,WE,Federal Contract Tower,4,10,15,2,31,0,0,16,22,38,4,10,31,24,69,32,0,32,101
06/12/2014,EGE,CO,ANM,WE,Federal Contract Tower,5,7,16,3,31,0,0,16,18,34,5,7,32,21,65,8,0,8,73
06/13/2014,EGE,CO,ANM,WE,Federal Contract Tower,5,12,15,3,35,0,0,12,21,33,5,12,27,24,68,40,6,46,114
06/14/2014,EGE,CO,ANM,WE,Federal Contract Tower,7,12,18,0,37,0,0,16,0,16,7,12,34,0,53,60,0,60,113
06/15/2014,EGE,CO,ANM,WE,Federal Contract Tower,7,17,12,0,36,0,0,26,0,26,7,17,38,0,62,42,0,42,104
06/16/2014,EGE,CO,ANM,WE,Federal Contract Tower,5,13,27,0,45,0,0,12,0,12,5,13,39,0,57,16,0,16,73
06/17/2014,EGE,CO,ANM,WE,Federal Contract Tower,5,10,13,0,28,0,0,13,18,31,5,10,26,18,59,12,0,12,71
06/18/2014,EGE,CO,ANM,WE,Federal Contract Tower,4,13,28,0,45,0,0,21,31,52,4,13,49,31,97,34,2,36,133
06/19/2014,EGE,CO,ANM,WE,Federal Contract Tower,5,30,30,0,65,0,0,24,28,52,5,30,54,28,117,26,4,30,147
06/20/2014,EGE,CO,ANM,WE,Federal Contract Tower,5,13,23,2,43,0,0,30,21,51,5,13,53,23,94,10,0,10,104
06/21/2014,EGE,CO,ANM,WE,Federal Contract Tower,6,16,15,0,37,0,0,9,0,9,6,16,24,0,46,2,0,2,48
06/22/2014,EGE,CO,ANM,WE,Federal Contract Tower,7,18,22,2,49,0,2,18,1,21,7,20,40,3,70,0,0,0,70
06/23/2014,EGE,CO,ANM,WE,Federal Contract Tower,4,12,22,0,38,0,0,22,0,22,4,12,44,0,60,18,0,18,78
06/24/2014,EGE,CO,ANM,WE,Federal Contract Tower,4,30,25,0,59,0,0,18,18,36,4,30,43,18,95,22,0,22,117
06/25/2014,EGE,CO,ANM,WE,Federal Contract Tower,6,18,19,0,43,0,0,29,18,47,6,18,48,18,90,12,2,14,104
06/26/2014,EGE,CO,ANM,WE,Federal Contract Tower,5,20,37,0,62,0,0,17,10,27,5,20,54,10,89,10,20,30,119
06/27/2014,EGE,CO,ANM,WE,Federal Contract Tower,5,33,30,0,68,0,0,17,8,25,5,33,47,8,93,10,10,20,113
06/28/2014,EGE,CO,ANM,WE,Federal Contract Tower,7,36,37,0,80,0,0,33,1,34,7,36,70,1,114,40,0,40,154
06/29/2014,EGE,CO,ANM,WE,Federal Contract Tower,12,49,36,2,99,0,0,24,0,24,12,49,60,2,123,4,0,4,127
06/30/2014,EGE,CO,ANM,WE,Federal Contract Tower,5,34,27,0,66,0,0,25,1,26,5,34,52,1,92,40,0,40,132
07/01/2014,EGE,CO,ANM,WE,Federal Contract Tower,4,36,41,0,81,0,0,34,2,36,4,36,75,2,117,48,0,48,165
07/02/2014,EGE,CO,ANM,WE,Federal Contract Tower,6,25,28,0,59,0,0,24,2,26,6,25,52,2,85,8,0,8,93
07/03/2014,EGE,CO,ANM,WE,Federal Contract Tower,5,38,49,0,92,0,0,25,0,25,5,38,74,0,117,20,0,20,137
07/04/2014,EGE,CO,ANM,WE,Federal Contract Tower,5,7,7,0,19,0,0,24,0,24,5,7,31,0,43,10,0,10,53
07/05/2014,EGE,CO,ANM,WE,Federal Contract Tower,8,22,17,0,47,0,0,31,17,48,8,22,48,17,95,16,0,16,111
07/06/2014,EGE,CO,ANM,WE,Federal Contract Tower,6,41,59,2,108,0,0,17,1,18,6,41,76,3,126,2,2,4,130
07/07/2014,EGE,CO,ANM,WE,Federal Contract Tower,6,29,46,0,81,0,0,20,0,20,6,29,66,0,101,66,0,66,167
07/08/2014,EGE,CO,ANM,WE,Federal Contract Tower,4,33,29,0,66,0,0,18,18,36,4,33,47,18,102,46,0,46,148
07/09/2014,EGE,CO,ANM,WE,Federal Contract Tower,4,28,23,0,55,0,0,34,27,61,4,28,57,27,116,28,4,32,148
07/10/2014,EGE,CO,ANM,WE,Federal Contract Tower,5,24,32,0,61,0,0,28,12,40,5,24,60,12,101,8,0,8,109
07/11/2014,EGE,CO,ANM,WE,Federal Contract Tower,6,28,39,2,75,0,0,21,9,30,6,28,60,11,105,10,4,14,119
07/12/2014,EGE,CO,ANM,WE,Federal Contract Tower,10,17,18,0,45,0,0,21,0,21,10,17,39,0,66,30,0,30,96
07/13/2014,EGE,CO,ANM,WE,Federal Contract Tower,7,27,49,2,85,0,0,27,1,28,7,27,76,3,113,4,0,4,117
07/14/2014,EGE,CO,ANM,WE,Federal Contract Tower,6,10,38,0,54,0,0,14,0,14,6,10,52,0,68,62,0,62,130
07/15/2014,EGE,CO,ANM,WE,Federal Contract Tower,4,14,31,0,49,0,0,18,24,42,4,14,49,24,91,46,6,52,143
07/16/2014,EGE,CO,ANM,WE,Federal Contract Tower,4,28,34,0,66,0,0,19,29,48,4,28,53,29,114,10,0,10,124
07/17/2014,EGE,CO,ANM,WE,Federal Contract Tower,4,35,40,0,79,0,0,23,24,47,4,35,63,24,126,52,0,52,178
07/18/2014,EGE,CO,ANM,WE,Federal Contract Tower,6,26,45,1,78,0,0,31,15,46,6,26,76,16,124,34,0,34,158
07/19/2014,EGE,CO,ANM,WE,Federal Contract Tower,10,16,18,0,44,0,0,27,3,30,10,16,45,3,74,10,24,34,108
07/20/2014,EGE,CO,ANM,WE,Federal Contract Tower,7,31,46,0,84,0,0,23,0,23,7,31,69,0,107,8,0,8,115
07/21/2014,EGE,CO,ANM,WE,Federal Contract Tower,6,26,32,0,64,0,0,13,1,14,6,26,45,1,78,0,0,0,78
07/22/2014,EGE,CO,ANM,WE,Federal Contract Tower,5,24,30,1,60,0,0,23,24,47,5,24,53,25,107,20,4,24,131
07/23/2014,EGE,CO,ANM,WE,Federal Contract Tower,4,34,28,0,66,0,0,23,21,44,4,34,51,21,110,12,12,24,134
07/24/2014,EGE,CO,ANM,WE,Federal Contract Tower,4,27,31,1,63,0,0,24,16,40,4,27,55,17,103,22,0,22,125
07/25/2014,EGE,CO,ANM,WE,Federal Contract Tower,6,33,31,0,70,0,0,25,12,37,6,33,56,12,107,14,0,14,121
07/26/2014,EGE,CO,ANM,WE,Federal Contract Tower,10,45,42,0,97,0,0,33,1,34,10,45,75,1,131,6,0,6,137
07/27/2014,EGE,CO,ANM,WE,Federal Contract Tower,7,55,62,0,124,0,0,21,3,24,7,55,83,3,148,10,0,10,158
07/28/2014,EGE,CO,ANM,WE,Federal Contract Tower,5,22,29,0,56,0,0,16,1,17,5,22,45,1,73,8,0,8,81
07/29/2014,EGE,CO,ANM,WE,Federal Contract Tower,5,33,29,0,67,0,0,13,20,33,5,33,42,20,100,36,36,72,172
07/30/2014,EGE,CO,ANM,WE,Federal Contract Tower,5,31,23,0,59,0,0,16,38,54,5,31,39,38,113,36,4,40,153
07/31/2014,EGE,CO,ANM,WE,Federal Contract Tower,6,28,46,0,80,0,0,15,30,45,6,28,61,30,125,70,6,76,201
08/01/2014,EGE,CO,ANM,WE,Federal Contract Tower,6,33,34,2,75,0,0,18,18,36,6,33,52,20,111,62,0,62,173
08/02/2014,EGE,CO,ANM,WE,Federal Contract Tower,9,25,26,0,60,0,0,38,5,43,9,25,64,5,103,6,0,6,109
08/03/2014,EGE,CO,ANM,WE,Federal Contract Tower,6,27,41,0,74,0,0,29,3,32,6,27,70,3,106,6,0,6,112
08/04/2014,EGE,CO,ANM,WE,Federal Contract Tower,6,27,18,0,51,0,0,26,1,27,6,27,44,1,78,50,0,50,128
08/05/2014,EGE,CO,ANM,WE,Federal Contract Tower,4,37,40,0,81,0,0,13,32,45,4,37,53,32,126,24,8,32,158
08/06/2014,EGE,CO,ANM,WE,Federal Contract Tower,4,23,35,0,62,0,0,26,36,62,4,23,61,36,124,34,0,34,158
08/07/2014,EGE,CO,ANM,WE,Federal Contract Tower,6,23,34,1,64,0,0,23,22,45,6,23,57,23,109,52,0,52,161
08/08/2014,EGE,CO,ANM,WE,Federal Contract Tower,4,31,23,0,58,0,0,36,14,50,4,31,59,14,108,60,0,60,168
08/09/2014,EGE,CO,ANM,WE,Federal Contract Tower,10,20,38,2,70,0,0,37,0,37,10,20,75,2,107,56,2,58,165
08/10/2014,EGE,CO,ANM,WE,Federal Contract Tower,6,46,52,0,104,0,0,33,3,36,6,46,85,3,140,48,22,70,210
08/11/2014,EGE,CO,ANM,WE,Federal Contract Tower,6,21,32,0,59,0,0,33,2,35,6,21,65,2,94,44,0,44,138
08/12/2014,EGE,CO,ANM,WE,Federal Contract Tower,5,26,40,2,73,0,0,39,23,62,5,26,79,25,135,50,16,66,201
08/13/2014,EGE,CO,ANM,WE,Federal Contract Tower,4,25,19,0,48,0,0,33,22,55,4,25,52,22,103,50,0,50,153
08/14/2014,EGE,CO,ANM,WE,Federal Contract Tower,6,32,30,0,68,0,0,11,18,29,6,32,41,18,97,24,4,28,125
08/15/2014,EGE,CO,ANM,WE,Federal Contract Tower,6,29,26,0,61,0,0,30,17,47,6,29,56,17,108,30,0,30,138
08/16/2014,EGE,CO,ANM,WE,Federal Contract Tower,10,18,21,0,49,0,0,36,3,39,10,18,57,3,88,50,0,50,138
08/17/2014,EGE,CO,ANM,WE,Federal Contract Tower,7,28,45,0,80,0,0,30,0,30,7,28,75,0,110,38,0,38,148
08/18/2014,EGE,CO,ANM,WE,Federal Contract Tower,6,27,20,0,53,0,0,15,2,17,6,27,35,2,70,12,0,12,82
08/19/2014,EGE,CO,ANM,WE,Federal Contract Tower,5,19,21,2,47,0,0,11,12,23,5,19,32,14,70,40,12,52,122
08/20/2014,EGE,CO,ANM,WE,Federal Contract Tower,4,31,17,0,52,0,0,13,15,28,4,31,30,15,80,74,0,74,154
08/21/2014,EGE,CO,ANM,WE,Federal Contract Tower,5,9,35,1,50,0,0,41,11,52,5,9,76,12,102,54,10,64,166
08/22/2014,EGE,CO,ANM,WE,Federal Contract Tower,5,25,22,4,56,0,0,14,6,20,5,25,36,10,76,40,0,40,116
08/23/2014,EGE,CO,ANM,WE,Federal Contract Tower,4,15,15,0,34,0,0,2,0,2,4,15,17,0,36,6,0,6,42
08/24/2014,EGE,CO,ANM,WE,Federal Contract Tower,5,38,26,0,69,0,0,33,2,35,5,38,59,2,104,12,0,12,116
08/25/2014,EGE,CO,ANM,WE,Federal Contract Tower,5,17,37,0,59,0,0,17,0,17,5,17,54,0,76,20,0,20,96
08/26/2014,EGE,CO,ANM,WE,Federal Contract Tower,5,13,26,0,44,0,0,48,30,78,5,13,74,30,122,56,4,60,182
08/27/2014,EGE,CO,ANM,WE,Federal Contract Tower,5,17,28,0,50,0,0,21,20,41,5,17,49,20,91,42,12,54,145
08/28/2014,EGE,CO,ANM,WE,Federal Contract Tower,5,26,42,0,73,0,0,13,18,31,5,26,55,18,104,60,0,60,164
08/29/2014,EGE,CO,ANM,WE,Federal Contract Tower,5,26,47,0,78,0,0,45,8,53,5,26,92,8,131,36,0,36,167
08/30/2014,EGE,CO,ANM,WE,Federal Contract Tower,5,13,15,0,33,0,0,32,0,32,5,13,47,0,65,14,0,14,79
08/31/2014,EGE,CO,ANM,WE,Federal Contract Tower,5,13,15,0,33,0,0,16,0,16,5,13,31,0,49,10,0,10,59
09/01/2014,EGE,CO,ANM,WE,Federal Contract Tower,7,29,45,0,81,0,0,29,4,33,7,29,74,4,114,24,0,24,138
09/02/2014,EGE,CO,ANM,WE,Federal Contract Tower,7,27,27,0,61,0,0,38,0,38,7,27,65,0,99,16,0,16,115
09/03/2014,EGE,CO,ANM,WE,Federal Contract Tower,5,25,23,4,57,0,0,25,0,25,5,25,48,4,82,10,0,10,92
09/04/2014,EGE,CO,ANM,WE,Federal Contract Tower,5,15,23,8,51,0,0,16,4,20,5,15,39,12,71,38,2,40,111
09/05/2014,EGE,CO,ANM,WE,Federal Contract Tower,5,18,23,2,48,0,0,39,0,39,5,18,62,2,87,28,2,30,117
09/06/2014,EGE,CO,ANM,WE,Federal Contract Tower,5,9,10,0,24,0,0,61,0,61,5,9,71,0,85,56,0,56,141
09/07/2014,EGE,CO,ANM,WE,Federal Contract Tower,5,15,22,0,42,0,0,49,2,51,5,15,71,2,93,12,0,12,105
09/08/2014,EGE,CO,ANM,WE,Federal Contract Tower,5,21,33,0,59,0,0,24,0,24,5,21,57,0,83,18,0,18,101
09/09/2014,EGE,CO,ANM,WE,Federal Contract Tower,5,10,12,0,27,0,0,8,4,12,5,10,20,4,39,26,12,38,77
09/10/2014,EGE,CO,ANM,WE,Federal Contract Tower,5,20,21,0,46,0,0,29,16,45,5,20,50,16,91,26,0,26,117
09/11/2014,EGE,CO,ANM,WE,Federal Contract Tower,5,15,25,1,46,0,0,19,6,25,5,15,44,7,71,46,4,50,121
09/12/2014,EGE,CO,ANM,WE,Federal Contract Tower,5,21,31,5,62,0,0,20,4,24,5,21,51,9,86,36,0,36,122
09/13/2014,EGE,CO,ANM,WE,Federal Contract Tower,4,20,24,2,50,0,0,50,4,54,4,20,74,6,104,32,6,38,142
09/14/2014,EGE,CO,ANM,WE,Federal Contract Tower,5,20,31,2,58,0,0,46,2,48,5,20,77,4,106,2,10,12,118
09/15/2014,EGE,CO,ANM,WE,Federal Contract Tower,5,21,14,0,40,0,0,49,0,49,5,21,63,0,89,20,0,20,109
09/16/2014,EGE,CO,ANM,WE,Federal Contract Tower,4,19,12,0,35,0,0,32,14,46,4,19,44,14,81,48,12,60,141
09/17/2014,EGE,CO,ANM,WE,Federal Contract Tower,5,20,23,0,48,0,0,41,26,67,5,20,64,26,115,34,20,54,169
09/18/2014,EGE,CO,ANM,WE,Federal Contract Tower,6,11,32,0,49,0,0,23,10,33,6,11,55,10,82,34,0,34,116
09/19/2014,EGE,CO,ANM,WE,Federal Contract Tower,5,22,23,5,55,0,0,36,11,47,5,22,59,16,102,16,0,16,118
09/20/2014,EGE,CO,ANM,WE,Federal Contract Tower,3,9,15,0,27,0,0,56,6,62,3,9,71,6,89,34,12,46,135
09/21/2014,EGE,CO,ANM,WE,Federal Contract Tower,3,20,31,0,54,0,0,37,2,39,3,20,68,2,93,32,0,32,125
09/22/2014,EGE,CO,ANM,WE,Federal Contract Tower,3,3,17,0,23,0,0,4,0,4,3,3,21,0,27,0,0,0,27
09/23/2014,EGE,CO,ANM,WE,Federal Contract Tower,3,13,8,0,24,0,0,19,16,35,3,13,27,16,59,0,6,6,65
09/24/2014,EGE,CO,ANM,WE,Federal Contract Tower,3,18,23,0,44,0,0,24,10,34,3,18,47,10,78,32,0,32,110
09/25/2014,EGE,CO,ANM,WE,Federal Contract Tower,3,14,24,0,41,0,0,24,11,35,3,14,48,11,76,26,0,26,102
09/26/2014,EGE,CO,ANM,WE,Federal Contract Tower,3,19,20,0,42,0,0,33,6,39,3,19,53,6,81,22,0,22,103
09/27/2014,EGE,CO,ANM,WE,Federal Contract Tower,3,14,10,0,27,0,0,49,0,49,3,14,59,0,76,26,0,26,102
09/28/2014,EGE,CO,ANM,WE,Federal Contract Tower,3,28,24,0,55,0,0,10,0,10,3,28,34,0,65,20,0,20,85
09/29/2014,EGE,CO,ANM,WE,Federal Contract Tower,3,19,9,0,31,0,0,4,0,4,3,19,13,0,35,0,0,0,35
09/30/2014,EGE,CO,ANM,WE,Federal Contract Tower,3,2,8,0,13,0,0,9,8,17,3,2,17,8,30,32,8,40,70
10/01/2014,EGE,CO,ANM,WE,Federal Contract Tower,2,12,12,0,26,0,0,2,6,8,2,12,14,6,34,0,0,0,34
10/02/2014,EGE,CO,ANM,WE,Federal Contract Tower,1,8,24,0,33,0,0,21,10,31,1,8,45,10,64,48,0,48,112
10/03/2014,EGE,CO,ANM,WE,Federal Contract Tower,1,16,25,2,44,0,0,29,6,35,1,16,54,8,79,12,2,14,93
10/04/2014,EGE,CO,ANM,WE,Federal Contract Tower,1,11,8,0,20,0,0,38,2,40,1,11,46,2,60,24,0,24,84
10/05/2014,EGE,CO,ANM,WE,Federal Contract Tower,1,5,22,0,28,0,0,37,0,37,1,5,59,0,65,6,0,6,71
10/06/2014,EGE,CO,ANM,WE,Federal Contract Tower,1,2,11,0,14,0,0,25,0,25,1,2,36,0,39,24,0,24,63
10/07/2014,EGE,CO,ANM,WE,Federal Contract Tower,1,7,11,0,19,0,0,31,6,37,1,7,42,6,56,24,2,26,82
10/08/2014,EGE,CO,ANM,WE,Federal Contract Tower,1,14,16,0,31,0,0,42,7,49,1,14,58,7,80,36,16,52,132
10/09/2014,EGE,CO,ANM,WE,Federal Contract Tower,1,8,14,0,23,0,0,14,6,20,1,8,28,6,43,24,4,28,71
10/10/2014,EGE,CO,ANM,WE,Federal Contract Tower,1,8,17,0,26,0,0,17,10,27,1,8,34,10,53,30,2,32,85
10/11/2014,EGE,CO,ANM,WE,Federal Contract Tower,1,8,8,6,23,0,0,51,0,51,1,8,59,6,74,42,0,42,116
10/12/2014,EGE,CO,ANM,WE,Federal Contract Tower,1,7,15,0,23,0,0,3,0,3,1,7,18,0,26,8,0,8,34
10/13/2014,EGE,CO,ANM,WE,Federal Contract Tower,1,10,13,0,24,0,0,27,0,27,1,10,40,0,51,32,0,32,83
10/14/2014,EGE,CO,ANM,WE,Federal Contract Tower,1,6,9,0,16,0,0,44,2,46,1,6,53,2,62,32,0,32,94
10/15/2014,EGE,CO,ANM,WE,Federal Contract Tower,1,15,17,0,33,0,0,20,8,28,1,15,37,8,61,0,58,58,119
10/16/2014,EGE,CO,ANM,WE,Federal Contract Tower,1,10,15,0,26,0,0,32,6,38,1,10,47,6,64,0,80,80,144
10/17/2014,EGE,CO,ANM,WE,Federal Contract Tower,1,2,14,1,18,0,0,50,0,50,1,2,64,1,68,36,0,36,104
10/18/2014,EGE,CO,ANM,WE,Federal Contract Tower,1,2,7,4,14,0,0,39,3,42,1,2,46,7,56,84,10,94,150
10/19/2014,EGE,CO,ANM,WE,Federal Contract Tower,1,6,8,1,16,0,0,31,1,32,1,6,39,2,48,20,0,20,68
10/20/2014,EGE,CO,ANM,WE,Federal Contract Tower,1,7,12,2,22,0,0,20,1,21,1,7,32,3,43,26,0,26,69
10/21/2014,EGE,CO,ANM,WE,Federal Contract Tower,1,4,11,0,16,0,0,11,0,11,1,4,22,0,27,36,0,36,63
10/22/2014,EGE,CO,ANM,WE,Federal Contract Tower,1,4,6,0,11,0,0,26,10,36,1,4,32,10,47,46,2,48,95
10/23/2014,EGE,CO,ANM,WE,Federal Contract Tower,1,2,4,0,7,0,0,11,17,28,1,2,15,17,35,0,10,10,45
10/24/2014,EGE,CO,ANM,WE,Federal Contract Tower,1,5,9,0,15,0,0,13,0,13,1,5,22,0,28,26,0,26,54
10/25/2014,EGE,CO,ANM,WE,Federal Contract Tower,1,2,3,0,6,0,0,19,0,19,1,2,22,0,25,16,0,16,41
10/26/2014,EGE,CO,ANM,WE,Federal Contract Tower,1,7,17,0,25,0,0,12,0,12,1,7,29,0,37,20,0,20,57
10/27/2014,EGE,CO,ANM,WE,Federal Contract Tower,1,7,7,0,15,0,0,7,1,8,1,7,14,1,23,4,0,4,27
10/28/2014,EGE,CO,ANM,WE,Federal Contract Tower,1,7,6,0,14,0,0,18,2,20,1,7,24,2,34,12,0,12,46
10/29/2014,EGE,CO,ANM,WE,Federal Contract Tower,1,8,11,1,21,0,0,25,13,38,1,8,36,14,59,22,12,34,93
10/30/2014,EGE,CO,ANM,WE,Federal Contract Tower,1,7,10,0,18,0,0,33,7,40,1,7,43,7,58,18,6,24,82
10/31/2014,EGE,CO,ANM,WE,Federal Contract Tower,1,6,8,0,15,0,0,35,2,37,1,6,43,2,52,66,0,66,118
11/01/2014,EGE,CO,ANM,WE,Federal Contract Tower,1,3,7,2,13,0,0,20,0,20,1,3,27,2,33,12,16,28,61
11/02/2014,EGE,CO,ANM,WE,Federal Contract Tower,1,16,12,0,29,0,0,4,0,4,1,16,16,0,33,6,0,6,39
11/03/2014,EGE,CO,ANM,WE,Federal Contract Tower,1,4,6,0,11,0,0,3,0,3,1,4,9,0,14,24,0,24,38
11/04/2014,EGE,CO,ANM,WE,Federal Contract Tower,1,3,9,2,15,0,0,4,1,5,1,3,13,3,20,6,10,16,36
11/05/2014,EGE,CO,ANM,WE,Federal Contract Tower,1,4,8,0,13,0,0,18,1,19,1,4,26,1,32,34,0,34,66
11/06/2014,EGE,CO,ANM,WE,Federal Contract Tower,1,1,11,0,13,0,0,19,3,22,1,1,30,3,35,8,0,8,43
11/07/2014,EGE,CO,ANM,WE,Federal Contract Tower,1,10,10,1,22,0,0,14,2,16,1,10,24,3,38,36,0,36,74
11/08/2014,EGE,CO,ANM,WE,Federal Contract Tower,1,5,10,0,16,0,0,30,0,30,1,5,40,0,46,14,0,14,60
11/09/2014,EGE,CO,ANM,WE,Federal Contract Tower,1,8,12,0,21,0,0,27,1,28,1,8,39,1,49,12,0,12,61
11/10/2014,EGE,CO,ANM,WE,Federal Contract Tower,1,5,8,0,14,0,0,8,0,8,1,5,16,0,22,11,0,11,33
11/11/2014,EGE,CO,ANM,WE,Federal Contract Tower,1,6,9,0,16,0,0,8,0,8,1,6,17,0,24,8,0,8,32
11/12/2014,EGE,CO,ANM,WE,Federal Contract Tower,1,6,12,0,19,0,0,2,0,2,1,6,14,0,21,0,0,0,21
11/13/2014,EGE,CO,ANM,WE,Federal Contract Tower,2,6,5,0,13,0,0,0,2,2,2,6,5,2,15,0,2,2,17
11/14/2014,EGE,CO,ANM,WE,Federal Contract Tower,0,10,6,0,16,0,0,8,0,8,0,10,14,0,24,22,0,22,46
11/15/2014,EGE,CO,ANM,WE,Federal Contract Tower,1,4,4,0,9,0,0,2,0,2,1,4,6,0,11,12,0,12,23
11/16/2014,EGE,CO,ANM,WE,Federal Contract Tower,0,9,8,0,17,0,0,14,2,16,0,9,22,2,33,28,0,28,61
11/17/2014,EGE,CO,ANM,WE,Federal Contract Tower,1,4,15,0,20,0,0,18,0,18,1,4,33,0,38,24,0,24,62
11/18/2014,EGE,CO,ANM,WE,Federal Contract Tower,1,1,10,0,12,0,0,20,6,26,1,1,30,6,38,36,4,40,78
11/19/2014,EGE,CO,ANM,WE,Federal Contract Tower,1,3,9,0,13,0,0,26,6,32,1,3,35,6,45,38,0,38,83
11/20/2014,EGE,CO,ANM,WE,Federal Contract Tower,3,5,15,0,23,0,0,21,4,25,3,5,36,4,48,14,0,14,62
11/21/2014,EGE,CO,ANM,WE,Federal Contract Tower,3,14,11,0,28,0,0,23,4,27,3,14,34,4,55,8,4,12,67
11/22/2014,EGE,CO,ANM,WE,Federal Contract Tower,3,9,15,0,27,0,0,18,0,18,3,9,33,0,45,24,0,24,69
11/23/2014,EGE,CO,ANM,WE,Federal Contract Tower,2,10,11,2,25,0,0,0,0,0,2,10,11,2,25,0,0,0,25
11/24/2014,EGE,CO,ANM,WE,Federal Contract Tower,3,9,15,0,27,0,0,2,3,5,3,9,17,3,32,0,18,18,50
11/25/2014,EGE,CO,ANM,WE,Federal Contract Tower,3,22,33,0,58,0,0,0,4,4,3,22,33,4,62,0,14,14,76
11/26/2014,EGE,CO,ANM,WE,Federal Contract Tower,3,30,32,0,65,0,0,8,0,8,3,30,40,0,73,0,0,0,73
11/27/2014,EGE,CO,ANM,WE,Federal Contract Tower,2,11,4,0,17,0,0,4,0,4,2,11,8,0,21,0,0,0,21
11/28/2014,EGE,CO,ANM,WE,Federal Contract Tower,3,15,9,2,29,0,0,10,0,10,3,15,19,2,39,0,10,10,49
11/29/2014,EGE,CO,ANM,WE,Federal Contract Tower,5,14,26,0,45,0,0,24,0,24,5,14,50,0,69,52,0,52,121
11/30/2014,EGE,CO,ANM,WE,Federal Contract Tower,3,51,57,0,111,0,0,17,1,18,3,51,74,1,129,48,0,48,177
12/01/2014,EGE,CO,ANM,WE,Federal Contract Tower,3,15,28,0,46,0,0,11,0,11,3,15,39,0,57,46,0,46,103
12/02/2014,EGE,CO,ANM,WE,Federal Contract Tower,3,9,9,0,21,0,0,17,25,42,3,9,26,25,63,34,8,42,105
12/03/2014,EGE,CO,ANM,WE,Federal Contract Tower,5,9,9,0,23,0,0,16,20,36,5,9,25,20,59,68,2,70,129
12/04/2014,EGE,CO,ANM,WE,Federal Contract Tower,5,20,32,0,57,0,0,4,11,15,5,20,36,11,72,6,4,10,82
12/05/2014,EGE,CO,ANM,WE,Federal Contract Tower,5,15,21,0,41,0,0,11,18,29,5,15,32,18,70,20,2,22,92
12/06/2014,EGE,CO,ANM,WE,Federal Contract Tower,5,13,18,0,36,0,0,30,1,31,5,13,48,1,67,92,0,92,159
12/07/2014,EGE,CO,ANM,WE,Federal Contract Tower,7,26,28,0,61,0,0,15,0,15,7,26,43,0,76,52,0,52,128
12/08/2014,EGE,CO,ANM,WE,Federal Contract Tower,5,11,9,1,26,0,0,11,3,14,5,11,20,4,40,4,0,4,44
12/09/2014,EGE,CO,ANM,WE,Federal Contract Tower,5,17,9,0,31,0,0,25,14,39,5,17,34,14,70,0,0,0,70
12/10/2014,EGE,CO,ANM,WE,Federal Contract Tower,5,7,15,2,29,0,0,16,16,32,5,7,31,18,61,0,34,34,95
12/11/2014,EGE,CO,ANM,WE,Federal Contract Tower,3,11,15,0,29,0,0,32,26,58,3,11,47,26,87,22,0,22,109
12/12/2014,EGE,CO,ANM,WE,Federal Contract Tower,5,15,10,0,30,0,0,37,11,48,5,15,47,11,78,56,0,56,134
12/13/2014,EGE,CO,ANM,WE,Federal Contract Tower,5,26,14,1,46,0,1,22,3,26,5,27,36,4,72,36,2,38,110
12/14/2014,EGE,CO,ANM,WE,Federal Contract Tower,2,14,21,2,39,0,0,0,0,0,2,14,21,2,39,0,0,0,39
12/15/2014,EGE,CO,ANM,WE,Federal Contract Tower,6,18,20,0,44,0,0,12,0,12,6,18,32,0,56,56,0,56,112
12/16/2014,EGE,CO,ANM,WE,Federal Contract Tower,5,12,21,0,38,0,0,5,11,16,5,12,26,11,54,2,0,2,56
12/17/2014,EGE,CO,ANM,WE,Federal Contract Tower,7,31,25,4,67,0,0,7,24,31,7,31,32,28,98,17,20,37,135
12/18/2014,EGE,CO,ANM,WE,Federal Contract Tower,22,65,33,0,120,0,0,2,14,16,22,65,35,14,136,20,0,20,156
12/19/2014,EGE,CO,ANM,WE,Federal Contract Tower,22,88,82,0,192,0,0,24,12,36,22,88,106,12,228,18,0,18,246
12/20/2014,EGE,CO,ANM,WE,Federal Contract Tower,31,105,94,0,230,0,0,17,0,17,31,105,111,0,247,10,0,10,257
12/21/2014,EGE,CO,ANM,WE,Federal Contract Tower,26,69,45,0,140,0,0,2,0,2,26,69,47,0,142,10,0,10,152
12/22/2014,EGE,CO,ANM,WE,Federal Contract Tower,27,38,41,0,106,0,0,2,0,2,27,38,43,0,108,12,0,12,120
12/23/2014,EGE,CO,ANM,WE,Federal Contract Tower,20,57,57,0,134,0,0,5,2,7,20,57,62,2,141,22,0,22,163
12/24/2014,EGE,CO,ANM,WE,Federal Contract Tower,25,47,46,0,118,0,0,18,0,18,25,47,64,0,136,0,0,0,136
12/25/2014,EGE,CO,ANM,WE,Federal Contract Tower,21,41,24,0,86,0,0,0,0,0,21,41,24,0,86,0,0,0,86
12/26/2014,EGE,CO,ANM,WE,Federal Contract Tower,24,103,146,0,273,0,0,0,0,0,24,103,146,0,273,0,0,0,273
12/27/2014,EGE,CO,ANM,WE,Federal Contract Tower,31,125,139,0,295,0,0,22,0,22,31,125,161,0,317,0,0,0,317
12/28/2014,EGE,CO,ANM,WE,Federal Contract Tower,29,75,86,0,190,0,0,1,0,1,29,75,87,0,191,0,0,0,191
12/29/2014,EGE,CO,ANM,WE,Federal Contract Tower,24,39,30,0,93,0,0,0,0,0,24,39,30,0,93,0,0,0,93
12/30/2014,EGE,CO,ANM,WE,Federal Contract Tower,25,87,85,0,197,0,0,3,0,3,25,87,88,0,200,24,0,24,224
12/31/2014,EGE,CO,ANM,WE,Federal Contract Tower,21,56,60,0,137,0,0,18,0,18,21,56,78,0,155,22,0,22,177
01/01/2015,EGE,CO,ANM,WE,Federal Contract Tower,23,32,48,0,103,0,0,12,0,12,23,32,60,0,115,8,0,8,123
01/02/2015,EGE,CO,ANM,WE,Federal Contract Tower,26,118,118,0,262,0,0,25,0,25,26,118,143,0,287,2,0,2,289
01/03/2015,EGE,CO,ANM,WE,Federal Contract Tower,32,130,154,0,316,0,0,7,0,7,32,130,161,0,323,0,0,0,323
01/04/2015,EGE,CO,ANM,WE,Federal Contract Tower,27,106,112,0,245,0,0,6,0,6,27,106,118,0,251,4,0,4,255
01/05/2015,EGE,CO,ANM,WE,Federal Contract Tower,21,63,40,0,124,0,0,20,0,20,21,63,60,0,144,10,0,10,154
01/06/2015,EGE,CO,ANM,WE,Federal Contract Tower,23,35,37,0,95,0,0,18,6,24,23,35,55,6,119,16,0,16,135
01/07/2015,EGE,CO,ANM,WE,Federal Contract Tower,24,24,31,0,79,0,0,14,0,14,24,24,45,0,93,26,0,26,119
01/08/2015,EGE,CO,ANM,WE,Federal Contract Tower,22,19,21,0,62,0,0,39,15,54,22,19,60,15,116,0,0,0,116
01/09/2015,EGE,CO,ANM,WE,Federal Contract Tower,25,36,34,4,99,0,0,45,4,49,25,36,79,8,148,10,0,10,158
01/10/2015,EGE,CO,ANM,WE,Federal Contract Tower,27,58,43,4,132,0,0,36,8,44,27,58,79,12,176,36,0,36,212
01/11/2015,EGE,CO,ANM,WE,Federal Contract Tower,26,35,50,0,111,0,0,2,0,2,26,35,52,0,113,22,0,22,135
01/12/2015,EGE,CO,ANM,WE,Federal Contract Tower,24,15,17,0,56,0,0,12,0,12,24,15,29,0,68,40,0,40,108
01/13/2015,EGE,CO,ANM,WE,Federal Contract Tower,22,19,18,0,59,0,0,4,1,5,22,19,22,1,64,16,2,18,82
01/14/2015,EGE,CO,ANM,WE,Federal Contract Tower,24,19,34,0,77,0,0,21,6,27,24,19,55,6,104,24,0,24,128
01/15/2015,EGE,CO,ANM,WE,Federal Contract Tower,24,20,53,0,97,0,0,38,12,50,24,20,91,12,147,0,0,0,147
01/16/2015,EGE,CO,ANM,WE,Federal Contract Tower,22,25,52,0,99,0,0,21,2,23,22,25,73,2,122,22,0,22,144
01/17/2015,EGE,CO,ANM,WE,Federal Contract Tower,29,22,31,0,82,0,0,16,2,18,29,22,47,2,100,28,0,28,128
01/18/2015,EGE,CO,ANM,WE,Federal Contract Tower,26,26,29,4,85,0,0,17,0,17,26,26,46,4,102,8,0,8,110
01/19/2015,EGE,CO,ANM,WE,Federal Contract Tower,26,57,77,0,160,0,0,17,0,17,26,57,94,0,177,22,0,22,199
01/20/2015,EGE,CO,ANM,WE,Federal Contract Tower,23,20,19,0,62,0,0,3,0,3,23,20,22,0,65,0,0,0,65
01/21/2015,EGE,CO,ANM,WE,Federal Contract Tower,22,16,29,3,70,0,0,7,3,10,22,16,36,6,80,10,0,10,90
01/22/2015,EGE,CO,ANM,WE,Federal Contract Tower,24,23,28,0,75,0,0,15,6,21,24,23,43,6,96,14,30,44,140
01/23/2015,EGE,CO,ANM,WE,Federal Contract Tower,23,15,29,2,69,0,0,25,4,29,23,15,54,6,98,4,0,4,102
01/24/2015,EGE,CO,ANM,WE,Federal Contract Tower,28,25,37,0,90,0,0,18,10,28,28,25,55,10,118,30,20,50,168
01/25/2015,EGE,CO,ANM,WE,Federal Contract Tower,26,38,43,1,108,0,0,24,1,25,26,38,67,2,133,94,0,94,227
01/26/2015,EGE,CO,ANM,WE,Federal Contract Tower,21,20,26,2,69,0,0,32,0,32,21,20,58,2,101,0,0,0,101
01/27/2015,EGE,CO,ANM,WE,Federal Contract Tower,17,13,26,0,56,0,0,20,13,33,17,13,46,13,89,2,2,4,93
01/28/2015,EGE,CO,ANM,WE,Federal Contract Tower,24,24,20,0,68,0,0,9,10,19,24,24,29,10,87,16,0,16,103
01/29/2015,EGE,CO,ANM,WE,Federal Contract Tower,22,39,24,0,85,0,0,16,12,28,22,39,40,12,113,12,4,16,129
01/30/2015,EGE,CO,ANM,WE,Federal Contract Tower,29,32,40,0,101,0,0,10,2,12,29,32,50,2,113,20,0,20,133
01/31/2015,EGE,CO,ANM,WE,Federal Contract Tower,23,32,18,0,73,0,0,0,0,0,23,32,18,0,73,0,0,0,73
02/01/2015,EGE,CO,ANM,WE,Federal Contract Tower,22,34,32,0,88,0,0,9,1,10,22,34,41,1,98,0,0,0,98
02/02/2015,EGE,CO,ANM,WE,Federal Contract Tower,20,31,31,0,82,0,0,2,0,2,20,31,33,0,84,0,0,0,84
02/03/2015,EGE,CO,ANM,WE,Federal Contract Tower,21,29,29,0,79,0,0,5,14,19,21,29,34,14,98,0,4,4,102
02/04/2015,EGE,CO,ANM,WE,Federal Contract Tower,24,29,30,0,83,0,0,1,4,5,24,29,31,4,88,0,0,0,88
02/05/2015,EGE,CO,ANM,WE,Federal Contract Tower,24,37,46,1,108,0,0,13,12,25,24,37,59,13,133,4,30,34,167
02/06/2015,EGE,CO,ANM,WE,Federal Contract Tower,24,21,40,3,88,0,0,22,9,31,24,21,62,12,119,14,4,18,137
02/07/2015,EGE,CO,ANM,WE,Federal Contract Tower,30,25,30,3,88,0,0,21,5,26,30,25,51,8,114,24,0,24,138
02/08/2015,EGE,CO,ANM,WE,Federal Contract Tower,26,68,69,2,165,0,0,22,2,24,26,68,91,4,189,16,2,18,207
02/09/2015,EGE,CO,ANM,WE,Federal Contract Tower,25,33,40,1,99,0,0,26,5,31,25,33,66,6,130,2,2,4,134
02/10/2015,EGE,CO,ANM,WE,Federal Contract Tower,22,28,34,0,84,0,0,7,12,19,22,28,41,12,103,12,4,16,119
02/11/2015,EGE,CO,ANM,WE,Federal Contract Tower,24,35,48,0,107,0,0,11,10,21,24,35,59,10,128,20,0,20,148
02/12/2015,EGE,CO,ANM,WE,Federal Contract Tower,32,62,77,1,172,0,0,15,12,27,32,62,92,13,199,10,16,26,225
02/13/2015,EGE,CO,ANM,WE,Federal Contract Tower,26,86,95,1,208,0,0,38,14,52,26,86,133,15,260,10,0,10,270
02/14/2015,EGE,CO,ANM,WE,Federal Contract Tower,34,57,35,0,126,0,2,35,0,37,34,59,70,0,163,34,0,34,197
02/15/2015,EGE,CO,ANM,WE,Federal Contract Tower,30,58,76,1,165,0,0,13,1,14,30,58,89,2,179,12,0,12,191
02/16/2015,EGE,CO,ANM,WE,Federal Contract Tower,28,76,87,0,191,0,0,7,0,7,28,76,94,0,198,12,0,12,210
02/17/2015,EGE,CO,ANM,WE,Federal Contract Tower,27,65,73,0,165,0,0,11,0,11,27,65,84,0,176,4,0,4,180
02/18/2015,EGE,CO,ANM,WE,Federal Contract Tower,27,33,28,1,89,0,0,28,7,35,27,33,56,8,124,44,0,44,168
02/19/2015,EGE,CO,ANM,WE,Federal Contract Tower,26,37,46,0,109,0,0,34,7,41,26,37,80,7,150,30,12,42,192
02/20/2015,EGE,CO,ANM,WE,Federal Contract Tower,26,50,46,0,122,0,0,4,6,10,26,50,50,6,132,0,0,0,132
02/21/2015,EGE,CO,ANM,WE,Federal Contract Tower,34,55,36,0,125,0,0,0,0,0,34,55,36,0,125,0,0,0,125
02/22/2015,EGE,CO,ANM,WE,Federal Contract Tower,18,60,45,0,123,0,0,0,0,0,18,60,45,0,123,0,0,0,123
02/23/2015,EGE,CO,ANM,WE,Federal Contract Tower,26,35,58,0,119,0,0,2,1,3,26,35,60,1,122,0,0,0,122
02/24/2015,EGE,CO,ANM,WE,Federal Contract Tower,26,32,56,2,116,0,0,18,16,34,26,32,74,18,150,16,18,34,184
02/25/2015,EGE,CO,ANM,WE,Federal Contract Tower,25,50,53,0,128,0,0,2,6,8,25,50,55,6,136,6,0,6,142
02/26/2015,EGE,CO,ANM,WE,Federal Contract Tower,26,42,59,0,127,0,0,1,12,13,26,42,60,12,140,0,8,8,148
02/27/2015,EGE,CO,ANM,WE,Federal Contract Tower,20,29,57,0,106,0,0,0,7,7,20,29,57,7,113,0,20,20,133
02/28/2015,EGE,CO,ANM,WE,Federal Contract Tower,25,38,48,1,112,0,0,5,0,5,25,38,53,1,117,10,0,10,127
03/01/2015,EGE,CO,ANM,WE,Federal Contract Tower,29,61,65,0,155,0,0,2,0,2,29,61,67,0,157,0,0,0,157
03/02/2015,EGE,CO,ANM,WE,Federal Contract Tower,25,22,22,0,69,0,0,4,0,4,25,22,26,0,73,0,0,0,73
03/03/2015,EGE,CO,ANM,WE,Federal Contract Tower,22,32,16,0,70,0,0,2,4,6,22,32,18,4,76,0,0,0,76
03/04/2015,EGE,CO,ANM,WE,Federal Contract Tower,25,29,38,0,92,0,0,21,6,27,25,29,59,6,119,6,14,20,139
03/05/2015,EGE,CO,ANM,WE,Federal Contract Tower,25,27,45,3,100,0,0,25,16,41,25,27,70,19,141,32,2,34,175
03/06/2015,EGE,CO,ANM,WE,Federal Contract Tower,27,63,51,0,141,0,0,26,7,33,27,63,77,7,174,4,0,4,178
03/07/2015,EGE,CO,ANM,WE,Federal Contract Tower,32,63,51,0,146,0,0,34,0,34,32,63,85,0,180,24,0,24,204
03/08/2015,EGE,CO,ANM,WE,Federal Contract Tower,28,78,69,0,175,0,0,25,0,25,28,78,94,0,200,12,0,12,212
03/09/2015,EGE,CO,ANM,WE,Federal Contract Tower,26,24,26,1,77,0,0,16,0,16,26,24,42,1,93,18,0,18,111
03/10/2015,EGE,CO,ANM,WE,Federal Contract Tower,26,32,26,0,84,0,0,37,12,49,26,32,63,12,133,34,22,56,189
03/11/2015,EGE,CO,ANM,WE,Federal Contract Tower,26,38,47,6,117,0,0,18,6,24,26,38,65,12,141,18,0,18,159
03/12/2015,EGE,CO,ANM,WE,Federal Contract Tower,26,37,38,0,101,0,0,5,2,7,26,37,43,2,108,32,0,32,140
03/13/2015,EGE,CO,ANM,WE,Federal Contract Tower,26,59,69,0,154,0,0,21,2,23,26,59,90,2,177,24,0,24,201
03/14/2015,EGE,CO,ANM,WE,Federal Contract Tower,32,86,87,0,205,0,0,27,6,33,32,86,114,6,238,0,0,0,238
03/15/2015,EGE,CO,ANM,WE,Federal Contract Tower,28,62,57,3,150,0,0,25,0,25,28,62,82,3,175,28,0,28,203
03/16/2015,EGE,CO,ANM,WE,Federal Contract Tower,27,39,45,0,111,0,0,27,0,27,27,39,72,0,138,72,0,72,210
03/17/2015,EGE,CO,ANM,WE,Federal Contract Tower,26,31,35,0,92,0,0,21,26,47,26,31,56,26,139,0,20,20,159
03/18/2015,EGE,CO,ANM,WE,Federal Contract Tower,25,31,43,0,99,0,0,9,22,31,25,31,52,22,130,6,0,6,136
03/19/2015,EGE,CO,ANM,WE,Federal Contract Tower,26,29,66,0,121,0,0,14,26,40,26,29,80,26,161,24,4,28,189
03/20/2015,EGE,CO,ANM,WE,Federal Contract Tower,27,42,44,0,113,0,0,42,12,54,27,42,86,12,167,36,0,36,203
03/21/2015,EGE,CO,ANM,WE,Federal Contract Tower,35,92,84,0,211,0,0,35,0,35,35,92,119,0,246,18,0,18,264
03/22/2015,EGE,CO,ANM,WE,Federal Contract Tower,29,50,78,0,157,0,0,23,3,26,29,50,101,3,183,20,0,20,203
03/23/2015,EGE,CO,ANM,WE,Federal Contract Tower,24,18,28,0,70,0,0,11,0,11,24,18,39,0,81,16,0,16,97
03/24/2015,EGE,CO,ANM,WE,Federal Contract Tower,26,12,19,0,57,0,0,17,17,34,26,12,36,17,91,12,2,14,105
03/25/2015,EGE,CO,ANM,WE,Federal Contract Tower,27,31,17,0,75,0,0,5,15,20,27,31,22,15,95,0,0,0,95
03/26/2015,EGE,CO,ANM,WE,Federal Contract Tower,27,32,30,1,90,0,0,18,17,35,27,32,48,18,125,12,0,12,137
03/27/2015,EGE,CO,ANM,WE,Federal Contract Tower,26,56,56,1,139,0,0,35,14,49,26,56,91,15,188,64,4,68,256
03/28/2015,EGE,CO,ANM,WE,Federal Contract Tower,30,67,55,1,153,0,0,23,4,27,30,67,78,5,180,24,0,24,204
03/29/2015,EGE,CO,ANM,WE,Federal Contract Tower,28,43,58,2,131,0,0,19,2,21,28,43,77,4,152,8,0,8,160
03/30/2015,EGE,CO,ANM,WE,Federal Contract Tower,24,23,19,0,66,0,0,6,0,6,24,23,25,0,72,10,0,10,82
03/31/2015,EGE,CO,ANM,WE,Federal Contract Tower,24,30,21,0,75,0,0,48,24,72,24,30,69,24,147,28,20,48,195
04/01/2015,EGE,CO,ANM,WE,Federal Contract Tower,24,28,24,0,76,0,0,8,22,30,24,28,32,22,106,12,8,20,126
04/02/2015,EGE,CO,ANM,WE,Federal Contract Tower,20,22,24,0,66,0,0,8,15,23,20,22,32,15,89,0,0,0,89
04/03/2015,EGE,CO,ANM,WE,Federal Contract Tower,24,25,30,0,79,0,0,18,12,30,24,25,48,12,109,16,0,16,125
04/04/2015,EGE,CO,ANM,WE,Federal Contract Tower,28,30,18,0,76,0,0,37,3,40,28,30,55,3,116,82,10,92,208
04/05/2015,EGE,CO,ANM,WE,Federal Contract Tower,26,62,30,0,118,0,0,21,1,22,26,62,51,1,140,12,0,12,152
04/06/2015,EGE,CO,ANM,WE,Federal Contract Tower,21,24,22,0,67,0,0,19,10,29,21,24,41,10,96,20,0,20,116
04/07/2015,EGE,CO,ANM,WE,Federal Contract Tower,1,12,7,2,22,0,0,17,42,59,1,12,24,44,81,0,0,0,81
04/08/2015,EGE,CO,ANM,WE,Federal Contract Tower,1,10,6,0,17,0,0,9,18,27,1,10,15,18,44,78,8,86,130
04/09/2015,EGE,CO,ANM,WE,Federal Contract Tower,1,9,22,0,32,0,0,16,24,40,1,9,38,24,72,44,4,48,120
04/10/2015,EGE,CO,ANM,WE,Federal Contract Tower,1,23,14,0,38,0,0,14,8,22,1,23,28,8,60,10,0,10,70
04/11/2015,EGE,CO,ANM,WE,Federal Contract Tower,1,19,11,0,31,0,0,20,0,20,1,19,31,0,51,72,0,72,123
04/12/2015,EGE,CO,ANM,WE,Federal Contract Tower,1,16,27,0,44,0,0,12,2,14,1,16,39,2,58,58,0,58,116
04/13/2015,EGE,CO,ANM,WE,Federal Contract Tower,1,11,10,1,23,0,0,11,4,15,1,11,21,5,38,30,6,36,74
04/14/2015,EGE,CO,ANM,WE,Federal Contract Tower,1,0,5,0,6,0,0,19,15,34,1,0,24,15,40,62,68,130,170
04/15/2015,EGE,CO,ANM,WE,Federal Contract Tower,1,6,9,0,16,0,0,4,9,13,1,6,13,9,29,32,98,130,159
04/16/2015,EGE,CO,ANM,WE,Federal Contract Tower,1,7,12,0,20,0,0,2,6,8,1,7,14,6,28,10,60,70,98
04/17/2015,EGE,CO,ANM,WE,Federal Contract Tower,0,10,9,0,19,0,0,0,0,0,0,10,9,0,19,0,0,0,19
04/18/2015,EGE,CO,ANM,WE,Federal Contract Tower,1,2,1,0,4,0,0,0,0,0,1,2,1,0,4,0,0,0,4
04/19/2015,EGE,CO,ANM,WE,Federal Contract Tower,1,10,7,2,20,0,0,5,0,5,1,10,12,2,25,28,0,28,53
04/20/2015,EGE,CO,ANM,WE,Federal Contract Tower,1,11,9,0,21,0,0,4,3,7,1,11,13,3,28,50,0,50,78
04/21/2015,EGE,CO,ANM,WE,Federal Contract Tower,1,5,16,2,24,0,0,15,21,36,1,5,31,23,60,6,8,14,74
04/22/2015,EGE,CO,ANM,WE,Federal Contract Tower,1,2,4,0,7,0,0,17,27,44,1,2,21,27,51,20,10,30,81
04/23/2015,EGE,CO,ANM,WE,Federal Contract Tower,1,9,2,0,12,0,0,7,18,25,1,9,9,18,37,6,0,6,43
04/24/2015,EGE,CO,ANM,WE,Federal Contract Tower,1,2,2,0,5,0,1,13,11,25,1,3,15,11,30,4,0,4,34
04/25/2015,EGE,CO,ANM,WE,Federal Contract Tower,1,1,4,2,8,0,0,11,1,12,1,1,15,3,20,52,0,52,72
04/26/2015,EGE,CO,ANM,WE,Federal Contract Tower,1,7,6,0,14,0,0,5,1,6,1,7,11,1,20,8,0,8,28
04/27/2015,EGE,CO,ANM,WE,Federal Contract Tower,1,1,9,0,11,0,0,4,0,4,1,1,13,0,15,12,0,12,27
04/28/2015,EGE,CO,ANM,WE,Federal Contract Tower,1,3,6,0,10,0,0,26,19,45,1,3,32,19,55,30,0,30,85
04/29/2015,EGE,CO,ANM,WE,Federal Contract Tower,1,5,9,0,15,0,0,25,38,63,1,5,34,38,78,34,0,34,112
04/30/2015,EGE,CO,ANM,WE,Federal Contract Tower,1,1,6,0,8,0,2,15,14,31,1,3,21,14,39,98,0,98,137
05/01/2015,EGE,CO,ANM,WE,Federal Contract Tower,1,7,12,0,20,0,0,9,6,15,1,7,21,6,35,0,0,0,35
05/02/2015,EGE,CO,ANM,WE,Federal Contract Tower,1,2,6,0,9,0,0,15,3,18,1,2,21,3,27,22,0,22,49
05/03/2015,EGE,CO,ANM,WE,Federal Contract Tower,1,2,8,6,17,0,0,14,0,14,1,2,22,6,31,22,36,58,89
05/04/2015,EGE,CO,ANM,WE,Federal Contract Tower,1,7,13,0,21,0,0,7,0,7,1,7,20,0,28,32,0,32,60
05/05/2015,EGE,CO,ANM,WE,Federal Contract Tower,1,3,7,0,11,0,0,11,20,31,1,3,18,20,42,8,16,24,66
05/06/2015,EGE,CO,ANM,WE,Federal Contract Tower,1,8,9,4,22,0,0,2,8,10,1,8,11,12,32,10,10,20,52
05/07/2015,EGE,CO,ANM,WE,Federal Contract Tower,1,5,7,0,13,0,0,13,8,21,1,5,20,8,34,14,0,14,48
05/08/2015,EGE,CO,ANM,WE,Federal Contract Tower,0,6,6,0,12,0,0,4,9,13,0,6,10,9,25,20,0,20,45
05/09/2015,EGE,CO,ANM,WE,Federal Contract Tower,1,7,4,0,12,0,0,4,0,4,1,7,8,0,16,40,0,40,56
05/10/2015,EGE,CO,ANM,WE,Federal Contract Tower,0,8,7,0,15,0,0,4,0,4,0,8,11,0,19,16,0,16,35
05/11/2015,EGE,CO,ANM,WE,Federal Contract Tower,1,3,6,0,10,0,0,10,9,19,1,3,16,9,29,36,0,36,65
05/12/2015,EGE,CO,ANM,WE,Federal Contract Tower,1,4,5,0,10,0,0,16,10,26,1,4,21,10,36,72,0,72,108
05/13/2015,EGE,CO,ANM,WE,Federal Contract Tower,1,5,7,0,13,0,0,10,11,21,1,5,17,11,34,52,4,56,90
05/14/2015,EGE,CO,ANM,WE,Federal Contract Tower,1,2,14,0,17,0,0,6,9,15,1,2,20,9,32,8,0,8,40
05/15/2015,EGE,CO,ANM,WE,Federal Contract Tower,1,0,19,0,20,0,0,15,4,19,1,0,34,4,39,28,0,28,67
05/16/2015,EGE,CO,ANM,WE,Federal Contract Tower,1,4,6,0,11,0,0,12,3,15,1,4,18,3,26,26,0,26,52
05/17/2015,EGE,CO,ANM,WE,Federal Contract Tower,1,4,21,0,26,0,0,3,0,3,1,4,24,0,29,0,0,0,29
05/18/2015,EGE,CO,ANM,WE,Federal Contract Tower,1,2,9,0,12,0,0,13,0,13,1,2,22,0,25,10,0,10,35
05/19/2015,EGE,CO,ANM,WE,Federal Contract Tower,1,1,4,3,9,0,0,2,8,10,1,1,6,11,19,4,6,10,29
05/20/2015,EGE,CO,ANM,WE,Federal Contract Tower,0,6,12,1,19,0,0,13,11,24,0,6,25,12,43,6,0,6,49
05/21/2015,EGE,CO,ANM,WE,Federal Contract Tower,1,4,8,0,13,0,0,24,4,28,1,4,32,4,41,34,0,34,75
05/22/2015,EGE,CO,ANM,WE,Federal Contract Tower,1,15,9,0,25,0,0,10,2,12,1,15,19,2,37,44,0,44,81
05/23/2015,EGE,CO,ANM,WE,Federal Contract Tower,0,5,6,0,11,0,0,24,1,25,0,5,30,1,36,78,0,78,114
05/24/2015,EGE,CO,ANM,WE,Federal Contract Tower,1,1,7,2,11,0,0,17,0,17,1,1,24,2,28,18,0,18,46
05/25/2015,EGE,CO,ANM,WE,Federal Contract Tower,1,14,8,0,23,0,0,14,0,14,1,14,22,0,37,54,0,54,91
05/26/2015,EGE,CO,ANM,WE,Federal Contract Tower,1,6,6,0,13,0,0,13,0,13,1,6,19,0,26,18,0,18,44
05/27/2015,EGE,CO,ANM,WE,Federal Contract Tower,1,2,16,0,19,0,0,27,0,27,1,2,43,0,46,44,0,44,90
05/28/2015,EGE,CO,ANM,WE,Federal Contract Tower,1,8,14,0,23,0,0,26,4,30,1,8,40,4,53,62,0,62,115
05/29/2015,EGE,CO,ANM,WE,Federal Contract Tower,1,6,13,0,20,0,0,20,2,22,1,6,33,2,42,38,0,38,80
05/30/2015,EGE,CO,ANM,WE,Federal Contract Tower,1,12,8,0,21,0,0,40,2,42,1,12,48,2,63,46,0,46,109
05/31/2015,EGE,CO,ANM,WE,Federal Contract Tower,1,10,13,0,24,0,0,19,1,20,1,10,32,1,44,32,0,32,76
06/01/2015,EGE,CO,ANM,WE,Federal Contract Tower,1,9,14,0,24,0,0,21,3,24,1,9,35,3,48,38,0,38,86
06/02/2015,EGE,CO,ANM,WE,Federal Contract Tower,1,8,17,0,26,0,0,38,4,42,1,8,55,4,68,8,4,12,80
06/03/2015,EGE,CO,ANM,WE,Federal Contract Tower,0,10,17,0,27,0,0,27,12,39,0,10,44,12,66,24,0,24,90
06/04/2015,EGE,CO,ANM,WE,Federal Contract Tower,3,25,9,2,39,0,3,36,5,44,3,28,45,7,83,4,0,4,87
06/05/2015,EGE,CO,ANM,WE,Federal Contract Tower,5,8,17,1,31,0,0,17,5,22,5,8,34,6,53,24,0,24,77
06/06/2015,EGE,CO,ANM,WE,Federal Contract Tower,3,9,12,1,25,0,0,7,2,9,3,9,19,3,34,20,0,20,54
06/07/2015,EGE,CO,ANM,WE,Federal Contract Tower,4,14,36,2,56,0,0,40,1,41,4,14,76,3,97,62,0,62,159
06/08/2015,EGE,CO,ANM,WE,Federal Contract Tower,5,18,19,0,42,0,0,24,4,28,5,18,43,4,70,32,10,42,112
06/09/2015,EGE,CO,ANM,WE,Federal Contract Tower,4,15,14,3,36,0,0,29,15,44,4,15,43,18,80,32,0,32,112
06/10/2015,EGE,CO,ANM,WE,Federal Contract Tower,4,17,13,0,34,0,0,15,12,27,4,17,28,12,61,46,0,46,107
06/11/2015,EGE,CO,ANM,WE,Federal Contract Tower,4,9,21,0,34,0,0,11,6,17,4,9,32,6,51,30,0,30,81
06/12/2015,EGE,CO,ANM,WE,Federal Contract Tower,4,17,19,2,42,0,0,5,6,11,4,17,24,8,53,4,0,4,57
06/13/2015,EGE,CO,ANM,WE,Federal Contract Tower,3,11,13,2,29,0,0,32,0,32,3,11,45,2,61,36,0,36,97
06/14/2015,EGE,CO,ANM,WE,Federal Contract Tower,5,16,34,0,55,0,0,29,2,31,5,16,63,2,86,26,0,26,112
06/15/2015,EGE,CO,ANM,WE,Federal Contract Tower,4,8,19,0,31,0,0,18,3,21,4,8,37,3,52,0,0,0,52
06/16/2015,EGE,CO,ANM,WE,Federal Contract Tower,5,8,16,0,29,0,0,10,23,33,5,8,26,23,62,22,0,22,84
06/17/2015,EGE,CO,ANM,WE,Federal Contract Tower,4,14,30,3,51,0,0,33,18,51,4,14,63,21,102,14,2,16,118
06/18/2015,EGE,CO,ANM,WE,Federal Contract Tower,5,20,24,0,49,0,0,29,16,45,5,20,53,16,94,30,0,30,124
06/19/2015,EGE,CO,ANM,WE,Federal Contract Tower,7,7,19,0,33,0,0,40,13,53,7,7,59,13,86,12,2,14,100
06/20/2015,EGE,CO,ANM,WE,Federal Contract Tower,3,15,17,1,36,0,0,33,4,37,3,15,50,5,73,36,34,70,143
06/21/2015,EGE,CO,ANM,WE,Federal Contract Tower,5,28,20,0,53,0,0,28,1,29,5,28,48,1,82,18,0,18,100
06/22/2015,EGE,CO,ANM,WE,Federal Contract Tower,5,12,26,0,43,0,0,21,5,26,5,12,47,5,69,40,0,40,109
06/23/2015,EGE,CO,ANM,WE,Federal Contract Tower,5,9,18,0,32,0,0,20,4,24,5,9,38,4,56,38,0,38,94
06/24/2015,EGE,CO,ANM,WE,Federal Contract Tower,7,22,24,0,53,0,0,30,8,38,7,22,54,8,91,32,6,38,129
06/25/2015,EGE,CO,ANM,WE,Federal Contract Tower,5,15,26,0,46,0,0,24,8,32,5,15,50,8,78,8,0,8,86
06/26/2015,EGE,CO,ANM,WE,Federal Contract Tower,10,26,28,5,69,0,0,35,1,36,10,26,63,6,105,10,0,10,115
06/27/2015,EGE,CO,ANM,WE,Federal Contract Tower,4,16,27,12,59,0,0,48,2,50,4,16,75,14,109,24,30,54,163
06/28/2015,EGE,CO,ANM,WE,Federal Contract Tower,9,26,36,0,71,0,0,32,0,32,9,26,68,0,103,36,0,36,139
06/29/2015,EGE,CO,ANM,WE,Federal Contract Tower,5,24,25,1,55,0,0,24,0,24,5,24,49,1,79,26,0,26,105
06/30/2015,EGE,CO,ANM,WE,Federal Contract Tower,5,25,22,0,52,0,0,18,10,28,5,25,40,10,80,28,0,28,108
07/01/2015,EGE,CO,ANM,WE,Federal Contract Tower,4,33,72,0,109,0,0,40,2,42,4,33,112,2,151,30,12,42,193
07/02/2015,EGE,CO,ANM,WE,Federal Contract Tower,5,36,54,2,97,0,0,31,5,36,5,36,85,7,133,16,4,20,153
07/03/2015,EGE,CO,ANM,WE,Federal Contract Tower,5,29,30,0,64,0,0,28,0,28,5,29,58,0,92,22,0,22,114
07/04/2015,EGE,CO,ANM,WE,Federal Contract Tower,4,12,9,0,25,0,0,18,2,20,4,12,27,2,45,12,0,12,57
07/05/2015,EGE,CO,ANM,WE,Federal Contract Tower,6,65,58,0,129,0,0,13,1,14,6,65,71,1,143,14,0,14,157
07/06/2015,EGE,CO,ANM,WE,Federal Contract Tower,6,29,46,0,81,0,0,14,0,14,6,29,60,0,95,14,0,14,109
07/07/2015,EGE,CO,ANM,WE,Federal Contract Tower,5,16,35,0,56,0,0,8,12,20,5,16,43,12,76,4,16,20,96
07/08/2015,EGE,CO,ANM,WE,Federal Contract Tower,6,36,41,0,83,0,0,6,12,18,6,36,47,12,101,14,46,60,161
07/09/2015,EGE,CO,ANM,WE,Federal Contract Tower,4,22,41,2,69,0,0,28,4,32,4,22,69,6,101,2,0,2,103
07/10/2015,EGE,CO,ANM,WE,Federal Contract Tower,6,27,33,0,66,0,0,16,0,16,6,27,49,0,82,20,0,20,102
07/11/2015,EGE,CO,ANM,WE,Federal Contract Tower,3,25,26,2,56,0,0,37,5,42,3,25,63,7,98,12,22,34,132
07/12/2015,EGE,CO,ANM,WE,Federal Contract Tower,6,48,53,0,107,0,0,26,1,27,6,48,79,1,134,4,0,4,138
07/13/2015,EGE,CO,ANM,WE,Federal Contract Tower,6,16,31,0,53,0,0,34,3,37,6,16,65,3,90,46,0,46,136
07/14/2015,EGE,CO,ANM,WE,Federal Contract Tower,5,14,36,0,55,0,0,26,16,42,5,14,62,16,97,60,0,60,157
07/15/2015,EGE,CO,ANM,WE,Federal Contract Tower,3,18,44,0,65,0,0,30,12,42,3,18,74,12,107,80,0,80,187
07/16/2015,EGE,CO,ANM,WE,Federal Contract Tower,6,43,30,0,79,0,2,32,14,48,6,45,62,14,127,52,10,62,189
07/17/2015,EGE,CO,ANM,WE,Federal Contract Tower,4,33,29,2,68,0,1,45,19,65,4,34,74,21,133,62,6,68,201
07/18/2015,EGE,CO,ANM,WE,Federal Contract Tower,4,18,32,0,54,0,0,32,5,37,4,18,64,5,91,80,0,80,171
07/19/2015,EGE,CO,ANM,WE,Federal Contract Tower,5,42,39,0,86,0,0,7,0,7,5,42,46,0,93,12,0,12,105
07/20/2015,EGE,CO,ANM,WE,Federal Contract Tower,6,25,38,0,69,0,0,28,0,28,6,25,66,0,97,24,0,24,121
07/21/2015,EGE,CO,ANM,WE,Federal Contract Tower,5,14,37,0,56,0,0,13,2,15,5,14,50,2,71,34,0,34,105
07/22/2015,EGE,CO,ANM,WE,Federal Contract Tower,5,27,42,0,74,0,0,29,8,37,5,27,71,8,111,6,0,6,117
07/23/2015,EGE,CO,ANM,WE,Federal Contract Tower,6,21,26,0,53,0,0,30,10,40,6,21,56,10,93,18,0,18,111
07/24/2015,EGE,CO,ANM,WE,Federal Contract Tower,6,34,31,1,72,0,0,40,4,44,6,34,71,5,116,24,0,24,140
07/25/2015,EGE,CO,ANM,WE,Federal Contract Tower,2,30,37,0,69,0,0,31,0,31,2,30,68,0,100,12,0,12,112
07/26/2015,EGE,CO,ANM,WE,Federal Contract Tower,5,49,47,0,101,0,0,40,1,41,5,49,87,1,142,12,0,12,154
07/27/2015,EGE,CO,ANM,WE,Federal Contract Tower,5,23,21,0,49,0,0,29,5,34,5,23,50,5,83,60,0,60,143
07/28/2015,EGE,CO,ANM,WE,Federal Contract Tower,5,42,22,0,69,0,0,26,10,36,5,42,48,10,105,34,0,34,139
07/29/2015,EGE,CO,ANM,WE,Federal Contract Tower,5,31,40,0,76,0,0,29,15,44,5,31,69,15,120,20,0,20,140
07/30/2015,EGE,CO,ANM,WE,Federal Contract Tower,5,25,37,0,67,0,0,27,6,33,5,25,64,6,100,8,0,8,108
07/31/2015,EGE,CO,ANM,WE,Federal Contract Tower,6,11,26,0,43,0,0,17,11,28,6,11,43,11,71,14,0,14,85
08/01/2015,EGE,CO,ANM,WE,Federal Contract Tower,4,48,41,0,93,0,0,30,0,30,4,48,71,0,123,20,0,20,143
08/02/2015,EGE,CO,ANM,WE,Federal Contract Tower,6,45,43,0,94,0,0,14,0,14,6,45,57,0,108,22,0,22,130
08/03/2015,EGE,CO,ANM,WE,Federal Contract Tower,6,29,32,0,67,0,0,14,0,14,6,29,46,0,81,2,0,2,83
08/04/2015,EGE,CO,ANM,WE,Federal Contract Tower,5,17,36,1,59,0,0,42,0,42,5,17,78,1,101,30,0,30,131
08/05/2015,EGE,CO,ANM,WE,Federal Contract Tower,5,23,28,2,58,0,2,29,14,45,5,25,57,16,103,12,0,12,115
08/06/2015,EGE,CO,ANM,WE,Federal Contract Tower,5,22,53,0,80,0,3,24,8,35,5,25,77,8,115,0,0,0,115
08/07/2015,EGE,CO,ANM,WE,Federal Contract Tower,5,17,26,0,48,0,3,22,6,31,5,20,48,6,79,30,0,30,109
08/08/2015,EGE,CO,ANM,WE,Federal Contract Tower,5,33,35,0,73,0,0,19,2,21,5,33,54,2,94,18,0,18,112
08/09/2015,EGE,CO,ANM,WE,Federal Contract Tower,7,60,54,0,121,0,0,33,0,33,7,60,87,0,154,30,0,30,184
08/10/2015,EGE,CO,ANM,WE,Federal Contract Tower,5,19,38,0,62,0,0,27,2,29,5,19,65,2,91,68,0,68,159
08/11/2015,EGE,CO,ANM,WE,Federal Contract Tower,4,31,21,0,56,0,0,27,34,61,4,31,48,34,117,34,4,38,155
08/12/2015,EGE,CO,ANM,WE,Federal Contract Tower,5,15,24,0,44,0,0,34,23,57,5,15,58,23,101,70,0,70,171
08/13/2015,EGE,CO,ANM,WE,Federal Contract Tower,5,13,40,0,58,0,0,46,9,55,5,13,86,9,113,34,16,50,163
08/14/2015,EGE,CO,ANM,WE,Federal Contract Tower,6,32,21,0,59,0,0,33,10,43,6,32,54,10,102,44,2,46,148
08/15/2015,EGE,CO,ANM,WE,Federal Contract Tower,4,34,28,0,66,0,0,24,2,26,4,34,52,2,92,36,0,36,128
08/16/2015,EGE,CO,ANM,WE,Federal Contract Tower,7,49,45,0,101,0,0,36,0,36,7,49,81,0,137,0,0,0,137
08/17/2015,EGE,CO,ANM,WE,Federal Contract Tower,5,28,28,0,61,0,0,25,2,27,5,28,53,2,88,12,0,12,100
08/18/2015,EGE,CO,ANM,WE,Federal Contract Tower,5,26,22,0,53,0,0,14,24,38,5,26,36,24,91,24,0,24,115
08/19/2015,EGE,CO,ANM,WE,Federal Contract Tower,5,24,20,3,52,0,0,53,11,64,5,24,73,14,116,12,0,12,128
08/20/2015,EGE,CO,ANM,WE,Federal Contract Tower,5,21,48,0,74,0,2,23,19,44,5,23,71,19,118,28,0,28,146
08/21/2015,EGE,CO,ANM,WE,Federal Contract Tower,5,27,34,0,66,0,0,31,14,45,5,27,65,14,111,4,8,12,123
08/22/2015,EGE,CO,ANM,WE,Federal Contract Tower,3,22,26,0,51,0,0,30,4,34,3,22,56,4,85,18,0,18,103
08/23/2015,EGE,CO,ANM,WE,Federal Contract Tower,5,36,42,0,83,0,0,24,0,24,5,36,66,0,107,12,0,12,119
08/24/2015,EGE,CO,ANM,WE,Federal Contract Tower,5,17,28,0,50,0,0,26,0,26,5,17,54,0,76,26,0,26,102
08/25/2015,EGE,CO,ANM,WE,Federal Contract Tower,1,11,23,0,35,0,0,23,14,37,1,11,46,14,72,2,0,2,74
08/26/2015,EGE,CO,ANM,WE,Federal Contract Tower,5,17,27,0,49,0,0,25,14,39,5,17,52,14,88,16,2,18,106
08/27/2015,EGE,CO,ANM,WE,Federal Contract Tower,5,20,29,0,54,0,0,1,8,9,5,20,30,8,63,20,0,20,83
08/28/2015,EGE,CO,ANM,WE,Federal Contract Tower,5,27,23,1,56,0,0,27,13,40,5,27,50,14,96,34,0,34,130
08/29/2015,EGE,CO,ANM,WE,Federal Contract Tower,3,24,14,1,42,0,0,28,1,29,3,24,42,2,71,54,0,54,125
08/30/2015,EGE,CO,ANM,WE,Federal Contract Tower,4,35,33,3,75,0,0,34,0,34,4,35,67,3,109,28,0,28,137
08/31/2015,EGE,CO,ANM,WE,Federal Contract Tower,4,25,33,0,62,0,0,12,0,12,4,25,45,0,74,38,0,38,112
09/01/2015,EGE,CO,ANM,WE,Federal Contract Tower,3,20,20,2,45,0,0,27,8,35,3,20,47,10,80,26,0,26,106
09/02/2015,EGE,CO,ANM,WE,Federal Contract Tower,4,10,23,0,37,0,0,16,4,20,4,10,39,4,57,10,0,10,67
09/03/2015,EGE,CO,ANM,WE,Federal Contract Tower,5,23,37,0,65,0,0,19,4,23,5,23,56,4,88,8,0,8,96
09/04/2015,EGE,CO,ANM,WE,Federal Contract Tower,5,31,56,0,92,0,0,28,2,30,5,31,84,2,122,30,0,30,152
09/05/2015,EGE,CO,ANM,WE,Federal Contract Tower,2,13,24,2,41,0,0,21,0,21,2,13,45,2,62,22,20,42,104
09/06/2015,EGE,CO,ANM,WE,Federal Contract Tower,5,14,17,0,36,0,0,32,0,32,5,14,49,0,68,0,0,0,68
09/07/2015,EGE,CO,ANM,WE,Federal Contract Tower,5,26,66,0,97,0,0,13,2,15,5,26,79,2,112,14,0,14,126
09/08/2015,EGE,CO,ANM,WE,Federal Contract Tower,5,17,25,0,47,0,0,20,0,20,5,17,45,0,67,10,0,10,77
09/09/2015,EGE,CO,ANM,WE,Federal Contract Tower,3,14,25,0,42,0,0,16,6,22,3,14,41,6,64,26,0,26,90
09/10/2015,EGE,CO,ANM,WE,Federal Contract Tower,5,11,29,0,45,0,0,24,1,25,5,11,53,1,70,6,0,6,76
09/11/2015,EGE,CO,ANM,WE,Federal Contract Tower,5,10,25,12,52,0,0,36,2,38,5,10,61,14,90,16,0,16,106
09/12/2015,EGE,CO,ANM,WE,Federal Contract Tower,2,15,10,0,27,0,0,51,1,52,2,15,61,1,79,36,0,36,115
09/13/2015,EGE,CO,ANM,WE,Federal Contract Tower,4,17,26,3,50,0,0,20,2,22,4,17,46,5,72,0,4,4,76
09/14/2015,EGE,CO,ANM,WE,Federal Contract Tower,4,14,18,0,36,0,0,14,1,15,4,14,32,1,51,10,0,10,61
09/15/2015,EGE,CO,ANM,WE,Federal Contract Tower,4,9,13,0,26,0,0,8,18,26,4,9,21,18,52,0,6,6,58
09/16/2015,EGE,CO,ANM,WE,Federal Contract Tower,5,20,13,0,38,0,0,5,13,18,5,20,18,13,56,0,0,0,56
09/17/2015,EGE,CO,ANM,WE,Federal Contract Tower,4,20,21,0,45,0,0,17,14,31,4,20,38,14,76,44,0,44,120
09/18/2015,EGE,CO,ANM,WE,Federal Contract Tower,5,18,25,4,52,0,0,20,6,26,5,18,45,10,78,18,0,18,96
09/19/2015,EGE,CO,ANM,WE,Federal Contract Tower,3,11,14,0,28,0,0,26,2,28,3,11,40,2,56,6,0,6,62
09/20/2015,EGE,CO,ANM,WE,Federal Contract Tower,3,11,11,1,26,0,0,31,2,33,3,11,42,3,59,14,0,14,73
09/21/2015,EGE,CO,ANM,WE,Federal Contract Tower,4,13,13,0,30,0,0,11,2,13,4,13,24,2,43,14,0,14,57
09/22/2015,EGE,CO,ANM,WE,Federal Contract Tower,4,8,12,0,24,0,0,17,18,35,4,8,29,18,59,16,0,16,75
09/23/2015,EGE,CO,ANM,WE,Federal Contract Tower,4,16,9,0,29,0,0,18,17,35,4,16,27,17,64,24,0,24,88
09/24/2015,EGE,CO,ANM,WE,Federal Contract Tower,3,18,17,0,38,0,0,23,16,39,3,18,40,16,77,12,0,12,89
09/25/2015,EGE,CO,ANM,WE,Federal Contract Tower,3,22,21,1,47,0,0,28,9,37,3,22,49,10,84,16,0,16,100
09/26/2015,EGE,CO,ANM,WE,Federal Contract Tower,3,15,2,1,21,0,0,40,3,43,3,15,42,4,64,8,0,8,72
09/27/2015,EGE,CO,ANM,WE,Federal Contract Tower,3,23,29,0,55,0,0,41,1,42,3,23,70,1,97,20,0,20,117
09/28/2015,EGE,CO,ANM,WE,Federal Contract Tower,2,13,17,0,32,0,0,10,0,10,2,13,27,0,42,4,0,4,46
09/29/2015,EGE,CO,ANM,WE,Federal Contract Tower,3,8,24,0,35,0,0,18,24,42,3,8,42,24,77,36,0,36,113
09/30/2015,EGE,CO,ANM,WE,Federal Contract Tower,3,9,10,0,22,0,1,14,18,33,3,10,24,18,55,0,0,0,55
10/01/2015,EGE,CO,ANM,WE,Federal Contract Tower,2,22,11,0,35,0,0,15,24,39,2,22,26,24,74,42,0,42,116
10/02/2015,EGE,CO,ANM,WE,Federal Contract Tower,3,19,32,4,58,0,0,19,12,31,3,19,51,16,89,28,0,28,117
10/03/2015,EGE,CO,ANM,WE,Federal Contract Tower,2,2,18,0,22,0,0,27,13,40,2,2,45,13,62,83,26,109,171
10/04/2015,EGE,CO,ANM,WE,Federal Contract Tower,2,11,22,0,35,0,0,23,6,29,2,11,45,6,64,38,0,38,102
10/05/2015,EGE,CO,ANM,WE,Federal Contract Tower,2,4,17,0,23,0,0,9,0,9,2,4,26,0,32,12,0,12,44
10/06/2015,EGE,CO,ANM,WE,Federal Contract Tower,1,5,17,0,23,0,0,8,20,28,1,5,25,20,51,30,0,30,81
10/07/2015,EGE,CO,ANM,WE,Federal Contract Tower,1,11,7,0,19,0,0,14,12,26,1,11,21,12,45,6,0,6,51
10/08/2015,EGE,CO,ANM,WE,Federal Contract Tower,1,20,9,0,30,0,1,23,10,34,1,21,32,10,64,24,0,24,88
10/09/2015,EGE,CO,ANM,WE,Federal Contract Tower,1,11,13,0,25,0,2,25,10,37,1,13,38,10,62,20,0,20,82
10/10/2015,EGE,CO,ANM,WE,Federal Contract Tower,1,2,5,0,8,0,0,13,17,30,1,2,18,17,38,16,30,46,84
10/11/2015,EGE,CO,ANM,WE,Federal Contract Tower,1,13,6,0,20,0,0,14,3,17,1,13,20,3,37,4,6,10,47
10/12/2015,EGE,CO,ANM,WE,Federal Contract Tower,1,10,18,3,32,0,0,25,2,27,1,10,43,5,59,30,0,30,89
10/13/2015,EGE,CO,ANM,WE,Federal Contract Tower,1,8,12,0,21,0,0,25,0,25,1,8,37,0,46,34,0,34,80
10/14/2015,EGE,CO,ANM,WE,Federal Contract Tower,1,7,10,0,18,0,0,18,0,18,1,7,28,0,36,8,0,8,44
10/15/2015,EGE,CO,ANM,WE,Federal Contract Tower,1,8,9,0,18,0,0,28,8,36,1,8,37,8,54,12,0,12,66
10/16/2015,EGE,CO,ANM,WE,Federal Contract Tower,1,15,12,0,28,0,0,21,4,25,1,15,33,4,53,8,0,8,61
10/17/2015,EGE,CO,ANM,WE,Federal Contract Tower,1,4,6,0,11,0,0,17,10,27,1,4,23,10,38,28,2,30,68
10/18/2015,EGE,CO,ANM,WE,Federal Contract Tower,1,7,15,0,23,0,0,17,4,21,1,7,32,4,44,30,0,30,74
10/19/2015,EGE,CO,ANM,WE,Federal Contract Tower,1,8,13,0,22,0,0,3,0,3,1,8,16,0,25,12,0,12,37
10/20/2015,EGE,CO,ANM,WE,Federal Contract Tower,0,6,16,0,22,0,0,17,3,20,0,6,33,3,42,46,0,46,88
10/21/2015,EGE,CO,ANM,WE,Federal Contract Tower,0,7,5,0,12,0,0,10,0,10,0,7,15,0,22,20,0,20,42
10/22/2015,EGE,CO,ANM,WE,Federal Contract Tower,1,1,12,0,14,0,0,2,0,2,1,1,14,0,16,0,0,0,16
10/23/2015,EGE,CO,ANM,WE,Federal Contract Tower,1,2,9,0,12,0,0,5,0,5,1,2,14,0,17,0,0,0,17
10/24/2015,EGE,CO,ANM,WE,Federal Contract Tower,1,2,5,1,9,0,0,22,5,27,1,2,27,6,36,32,0,32,68
10/25/2015,EGE,CO,ANM,WE,Federal Contract Tower,1,1,5,0,7,0,0,24,4,28,1,1,29,4,35,24,0,24,59
10/26/2015,EGE,CO,ANM,WE,Federal Contract Tower,1,3,8,0,12,0,0,2,0,2,1,3,10,0,14,0,0,0,14
10/27/2015,EGE,CO,ANM,WE,Federal Contract Tower,1,8,0,11,20,0,0,9,0,9,1,8,9,11,29,10,0,10,39
10/28/2015,EGE,CO,ANM,WE,Federal Contract Tower,1,5,3,0,9,0,0,18,4,22,1,5,21,4,31,0,0,0,31
10/29/2015,EGE,CO,ANM,WE,Federal Contract Tower,1,6,4,0,11,0,0,11,5,16,1,6,15,5,27,10,0,10,37
10/30/2015,EGE,CO,ANM,WE,Federal Contract Tower,1,2,8,2,13,0,0,1,0,1,1,2,9,2,14,0,0,0,14
10/31/2015,EGE,CO,ANM,WE,Federal Contract Tower,1,3,5,0,9,0,0,19,0,19,1,3,24,0,28,64,0,64,92
11/01/2015,EGE,CO,ANM,WE,Federal Contract Tower,0,5,6,1,12,0,0,15,4,19,0,5,21,5,31,28,26,54,85
11/02/2015,EGE,CO,ANM,WE,Federal Contract Tower,1,5,1,0,7,0,0,7,0,7,1,5,8,0,14,0,0,0,14
11/03/2015,EGE,CO,ANM,WE,Federal Contract Tower,1,0,4,0,5,0,0,7,6,13,1,0,11,6,18,0,0,0,18
11/04/2015,EGE,CO,ANM,WE,Federal Contract Tower,1,3,7,0,11,0,0,0,0,0,1,3,7,0,11,0,0,0,11
11/05/2015,EGE,CO,ANM,WE,Federal Contract Tower,1,17,10,0,28,0,0,6,0,6,1,17,16,0,34,6,0,6,40
11/06/2015,EGE,CO,ANM,WE,Federal Contract Tower,1,6,14,0,21,0,0,12,2,14,1,6,26,2,35,8,0,8,43
11/07/2015,EGE,CO,ANM,WE,Federal Contract Tower,1,3,8,5,17,0,0,17,6,23,1,3,25,11,40,60,60,120,160
11/08/2015,EGE,CO,ANM,WE,Federal Contract Tower,1,6,11,0,18,0,0,25,0,25,1,6,36,0,43,90,0,90,133
11/09/2015,EGE,CO,ANM,WE,Federal Contract Tower,1,5,8,0,14,0,0,20,0,20,1,5,28,0,34,26,0,26,60
11/10/2015,EGE,CO,ANM,WE,Federal Contract Tower,1,11,3,0,15,0,0,5,0,5,1,11,8,0,20,0,0,0,20
11/11/2015,EGE,CO,ANM,WE,Federal Contract Tower,0,4,7,0,11,0,0,2,0,2,0,4,9,0,13,0,0,0,13
11/12/2015,EGE,CO,ANM,WE,Federal Contract Tower,1,4,6,0,11,0,0,9,2,11,1,4,15,2,22,4,0,4,26
11/13/2015,EGE,CO,ANM,WE,Federal Contract Tower,1,3,11,4,19,0,0,13,3,16,1,3,24,7,35,0,0,0,35
11/14/2015,EGE,CO,ANM,WE,Federal Contract Tower,1,0,6,2,9,0,0,6,3,9,1,0,12,5,18,0,4,4,22
11/15/2015,EGE,CO,ANM,WE,Federal Contract Tower,1,6,9,0,16,0,0,26,1,27,1,6,35,1,43,38,0,38,81
11/16/2015,EGE,CO,ANM,WE,Federal Contract Tower,1,2,2,0,5,0,0,0,0,0,1,2,2,0,5,0,0,0,5
11/17/2015,EGE,CO,ANM,WE,Federal Contract Tower,0,4,4,0,8,0,0,0,14,14,0,4,4,14,22,0,0,0,22
11/18/2015,EGE,CO,ANM,WE,Federal Contract Tower,1,3,8,0,12,0,0,1,16,17,1,3,9,16,29,0,0,0,29
11/19/2015,EGE,CO,ANM,WE,Federal Contract Tower,0,6,6,0,12,0,0,7,12,19,0,6,13,12,31,14,10,24,55
11/20/2015,EGE,CO,ANM,WE,Federal Contract Tower,3,9,11,0,23,0,0,1,4,5,3,9,12,4,28,0,2,2,30
11/21/2015,EGE,CO,ANM,WE,Federal Contract Tower,2,18,14,0,34,0,0,25,0,25,2,18,39,0,59,42,2,44,103
11/22/2015,EGE,CO,ANM,WE,Federal Contract Tower,3,12,14,0,29,0,0,18,0,18,3,12,32,0,47,14,10,24,71
11/23/2015,EGE,CO,ANM,WE,Federal Contract Tower,3,20,19,0,42,0,0,17,2,19,3,20,36,2,61,0,0,0,61
11/24/2015,EGE,CO,ANM,WE,Federal Contract Tower,3,23,28,0,54,0,0,23,4,27,3,23,51,4,81,0,0,0,81
11/25/2015,EGE,CO,ANM,WE,Federal Contract Tower,3,20,27,0,50,0,0,12,2,14,3,20,39,2,64,8,2,10,74
11/26/2015,EGE,CO,ANM,WE,Federal Contract Tower,4,6,6,0,16,0,0,2,0,2,4,6,8,0,18,2,0,2,20
11/27/2015,EGE,CO,ANM,WE,Federal Contract Tower,3,16,6,0,25,0,0,5,0,5,3,16,11,0,30,0,0,0,30
11/28/2015,EGE,CO,ANM,WE,Federal Contract Tower,3,25,37,0,65,0,0,5,0,5,3,25,42,0,70,0,0,0,70
11/29/2015,EGE,CO,ANM,WE,Federal Contract Tower,3,42,39,0,84,0,0,7,0,7,3,42,46,0,91,32,0,32,123
11/30/2015,EGE,CO,ANM,WE,Federal Contract Tower,2,16,17,0,35,0,0,5,0,5,2,16,22,0,40,0,0,0,40
12/01/2015,EGE,CO,ANM,WE,Federal Contract Tower,3,18,11,0,32,0,0,12,8,20,3,18,23,8,52,8,0,8,60
12/02/2015,EGE,CO,ANM,WE,Federal Contract Tower,5,4,14,1,24,0,1,15,12,28,5,5,29,13,52,6,8,14,66
12/03/2015,EGE,CO,ANM,WE,Federal Contract Tower,5,15,18,0,38,0,0,18,8,26,5,15,36,8,64,0,4,4,68
12/04/2015,EGE,CO,ANM,WE,Federal Contract Tower,5,22,14,1,42,0,0,10,6,16,5,22,24,7,58,0,0,0,58
12/05/2015,EGE,CO,ANM,WE,Federal Contract Tower,5,12,13,1,31,0,0,6,0,6,5,12,19,1,37,8,0,8,45
12/06/2015,EGE,CO,ANM,WE,Federal Contract Tower,7,25,24,0,56,0,0,7,3,10,7,25,31,3,66,0,0,0,66
12/07/2015,EGE,CO,ANM,WE,Federal Contract Tower,5,7,9,0,21,0,0,10,0,10,5,7,19,0,31,14,0,14,45
12/08/2015,EGE,CO,ANM,WE,Federal Contract Tower,5,14,9,0,28,0,0,14,8,22,5,14,23,8,50,28,14,42,92
12/09/2015,EGE,CO,ANM,WE,Federal Contract Tower,5,12,13,0,30,0,0,14,14,28,5,12,27,14,58,31,0,31,89
12/10/2015,EGE,CO,ANM,WE,Federal Contract Tower,5,15,18,0,38,0,0,0,24,24,5,15,18,24,62,0,0,0,62
12/11/2015,EGE,CO,ANM,WE,Federal Contract Tower,5,16,18,0,39,0,0,1,10,11,5,16,19,10,50,0,4,4,54
12/12/2015,EGE,CO,ANM,WE,Federal Contract Tower,3,11,10,0,24,0,0,0,0,0,3,11,10,0,24,0,0,0,24
12/13/2015,EGE,CO,ANM,WE,Federal Contract Tower,7,24,24,0,55,0,0,12,0,12,7,24,36,0,67,16,0,16,83
12/14/2015,EGE,CO,ANM,WE,Federal Contract Tower,1,9,17,0,27,0,0,2,0,2,1,9,19,0,29,0,0,0,29
12/15/2015,EGE,CO,ANM,WE,Federal Contract Tower,4,7,6,0,17,0,0,0,0,0,4,7,6,0,17,0,0,0,17
12/16/2015,EGE,CO,ANM,WE,Federal Contract Tower,4,35,28,0,67,0,0,6,19,25,4,35,34,19,92,0,0,0,92
12/17/2015,EGE,CO,ANM,WE,Federal Contract Tower,22,48,60,0,130,0,0,11,14,25,22,48,71,14,155,8,0,8,163
12/18/2015,EGE,CO,ANM,WE,Federal Contract Tower,29,61,77,0,167,0,0,9,7,16,29,61,86,7,183,0,0,0,183
12/19/2015,EGE,CO,ANM,WE,Federal Contract Tower,36,86,72,0,194,0,0,11,3,14,36,86,83,3,208,0,0,0,208
12/20/2015,EGE,CO,ANM,WE,Federal Contract Tower,34,66,66,0,166,0,0,5,0,5,34,66,71,0,171,0,0,0,171
12/21/2015,EGE,CO,ANM,WE,Federal Contract Tower,28,53,46,0,127,0,0,3,0,3,28,53,49,0,130,10,0,10,140
12/22/2015,EGE,CO,ANM,WE,Federal Contract Tower,23,27,27,0,77,0,0,0,0,0,23,27,27,0,77,0,0,0,77
12/23/2015,EGE,CO,ANM,WE,Federal Contract Tower,27,87,69,0,183,0,0,0,0,0,27,87,69,0,183,0,0,0,183
12/24/2015,EGE,CO,ANM,WE,Federal Contract Tower,25,41,32,0,98,0,0,9,0,9,25,41,41,0,107,4,0,4,111
12/25/2015,EGE,CO,ANM,WE,Federal Contract Tower,11,24,13,0,48,0,0,0,0,0,11,24,13,0,48,0,0,0,48
12/26/2015,EGE,CO,ANM,WE,Federal Contract Tower,31,122,151,0,304,0,0,5,0,5,31,122,156,0,309,0,0,0,309
12/27/2015,EGE,CO,ANM,WE,Federal Contract Tower,30,107,130,0,267,0,0,9,0,9,30,107,139,0,276,0,0,0,276
12/28/2015,EGE,CO,ANM,WE,Federal Contract Tower,24,75,106,0,205,0,0,17,0,17,24,75,123,0,222,0,0,0,222
12/29/2015,EGE,CO,ANM,WE,Federal Contract Tower,27,49,55,0,131,0,0,6,0,6,27,49,61,0,137,2,1,3,140
12/30/2015,EGE,CO,ANM,WE,Federal Contract Tower,29,71,76,0,176,0,0,5,0,5,29,71,81,0,181,0,0,0,181
12/31/2015,EGE,CO,ANM,WE,Federal Contract Tower,27,44,33,0,104,0,0,13,0,13,27,44,46,0,117,0,0,0,117
01/01/2016,EGE,CO,ANM,WE,Federal Contract Tower,25,72,51,0,148,0,0,9,0,9,25,72,60,0,157,0,0,0,157
01/02/2016,EGE,CO,ANM,WE,Federal Contract Tower,37,139,153,0,329,0,0,12,0,12,37,139,165,0,341,0,0,0,341
01/03/2016,EGE,CO,ANM,WE,Federal Contract Tower,37,126,150,0,313,0,0,15,1,16,37,126,165,1,329,0,0,0,329
01/04/2016,EGE,CO,ANM,WE,Federal Contract Tower,27,71,54,0,152,0,0,10,0,10,27,71,64,0,162,0,0,0,162
01/05/2016,EGE,CO,ANM,WE,Federal Contract Tower,21,48,24,1,94,0,0,4,20,24,21,48,28,21,118,4,12,16,134
01/06/2016,EGE,CO,ANM,WE,Federal Contract Tower,23,25,26,0,74,0,0,9,14,23,23,25,35,14,97,0,0,0,97
01/07/2016,EGE,CO,ANM,WE,Federal Contract Tower,29,35,20,2,86,0,0,0,10,10,29,35,20,12,96,0,0,0,96
01/08/2016,EGE,CO,ANM,WE,Federal Contract Tower,23,40,20,0,83,0,0,4,12,16,23,40,24,12,99,0,0,0,99
01/09/2016,EGE,CO,ANM,WE,Federal Contract Tower,32,44,21,0,97,0,0,10,0,10,32,44,31,0,107,16,0,16,123
01/10/2016,EGE,CO,ANM,WE,Federal Contract Tower,31,45,32,0,108,0,0,12,1,13,31,45,44,1,121,14,0,14,135
01/11/2016,EGE,CO,ANM,WE,Federal Contract Tower,25,18,20,0,63,0,0,11,0,11,25,18,31,0,74,0,0,0,74
01/12/2016,EGE,CO,ANM,WE,Federal Contract Tower,22,20,17,2,61,0,0,36,15,51,22,20,53,17,112,4,0,4,116
01/13/2016,EGE,CO,ANM,WE,Federal Contract Tower,24,22,30,0,76,0,0,9,20,29,24,22,39,20,105,0,0,0,105
01/14/2016,EGE,CO,ANM,WE,Federal Contract Tower,24,43,36,0,103,0,0,6,19,25,24,43,42,19,128,48,0,48,176
01/15/2016,EGE,CO,ANM,WE,Federal Contract Tower,22,40,59,0,121,0,0,4,2,6,22,40,63,2,127,40,0,40,167
01/16/2016,EGE,CO,ANM,WE,Federal Contract Tower,30,32,14,0,76,0,0,5,5,10,30,32,19,5,86,6,0,6,92
01/17/2016,EGE,CO,ANM,WE,Federal Contract Tower,28,24,28,0,80,0,0,0,0,0,28,24,28,0,80,0,0,0,80
01/18/2016,EGE,CO,ANM,WE,Federal Contract Tower,23,56,64,0,143,0,0,4,1,5,23,56,68,1,148,0,0,0,148
01/19/2016,EGE,CO,ANM,WE,Federal Contract Tower,20,29,27,0,76,0,0,9,0,9,20,29,36,0,85,24,0,24,109
01/20/2016,EGE,CO,ANM,WE,Federal Contract Tower,21,10,30,0,61,0,0,4,2,6,21,10,34,2,67,6,6,12,79
01/21/2016,EGE,CO,ANM,WE,Federal Contract Tower,25,22,38,0,85,0,0,14,4,18,25,22,52,4,103,0,0,0,103
01/22/2016,EGE,CO,ANM,WE,Federal Contract Tower,22,32,30,4,88,0,0,19,0,19,22,32,49,4,107,8,0,8,115
01/23/2016,EGE,CO,ANM,WE,Federal Contract Tower,26,32,28,0,86,0,0,18,0,18,26,32,46,0,104,6,0,6,110
01/24/2016,EGE,CO,ANM,WE,Federal Contract Tower,24,21,47,0,92,0,0,0,2,2,24,21,47,2,94,0,0,0,94
01/25/2016,EGE,CO,ANM,WE,Federal Contract Tower,20,26,23,0,69,0,0,5,0,5,20,26,28,0,74,0,0,0,74
01/26/2016,EGE,CO,ANM,WE,Federal Contract Tower,20,15,15,0,50,0,0,13,22,35,20,15,28,22,85,0,0,0,85
01/27/2016,EGE,CO,ANM,WE,Federal Contract Tower,24,21,22,0,67,0,0,6,26,32,24,21,28,26,99,0,0,0,99
01/28/2016,EGE,CO,ANM,WE,Federal Contract Tower,24,42,35,0,101,0,0,13,2,15,24,42,48,2,116,0,18,18,134
01/29/2016,EGE,CO,ANM,WE,Federal Contract Tower,24,36,28,0,88,0,0,9,11,20,24,36,37,11,108,0,0,0,108
01/30/2016,EGE,CO,ANM,WE,Federal Contract Tower,31,26,18,0,75,0,0,2,0,2,31,26,20,0,77,0,0,0,77
01/31/2016,EGE,CO,ANM,WE,Federal Contract Tower,22,25,32,0,79,0,0,0,0,0,22,25,32,0,79,0,0,0,79
02/01/2016,EGE,CO,ANM,WE,Federal Contract Tower,5,11,3,0,19,0,0,0,0,0,5,11,3,0,19,0,0,0,19
02/02/2016,EGE,CO,ANM,WE,Federal Contract Tower,27,33,19,0,79,0,0,0,3,3,27,33,19,3,82,0,0,0,82
02/03/2016,EGE,CO,ANM,WE,Federal Contract Tower,23,33,26,0,82,0,0,4,19,23,23,33,30,19,105,8,0,8,113
02/04/2016,EGE,CO,ANM,WE,Federal Contract Tower,23,41,39,0,103,0,0,5,12,17,23,41,44,12,120,2,0,2,122
02/05/2016,EGE,CO,ANM,WE,Federal Contract Tower,23,37,20,2,82,0,0,13,10,23,23,37,33,12,105,0,0,0,105
02/06/2016,EGE,CO,ANM,WE,Federal Contract Tower,32,25,33,0,90,0,0,18,0,18,32,25,51,0,108,4,0,4,112
02/07/2016,EGE,CO,ANM,WE,Federal Contract Tower,28,34,38,0,100,0,0,7,1,8,28,34,45,1,108,0,0,0,108
02/08/2016,EGE,CO,ANM,WE,Federal Contract Tower,24,38,36,2,100,0,0,11,0,11,24,38,47,2,111,6,0,6,117
02/09/2016,EGE,CO,ANM,WE,Federal Contract Tower,22,27,25,0,74,0,0,12,21,33,22,27,37,21,107,0,0,0,107
02/10/2016,EGE,CO,ANM,WE,Federal Contract Tower,24,28,38,0,90,0,0,11,12,23,24,28,49,12,113,6,0,6,119
02/11/2016,EGE,CO,ANM,WE,Federal Contract Tower,24,64,81,0,169,0,0,15,19,34,24,64,96,19,203,0,0,0,203
02/12/2016,EGE,CO,ANM,WE,Federal Contract Tower,24,70,94,0,188,0,0,17,6,23,24,70,111,6,211,0,0,0,211
02/13/2016,EGE,CO,ANM,WE,Federal Contract Tower,32,50,65,2,149,0,0,12,5,17,32,50,77,7,166,12,6,18,184
02/14/2016,EGE,CO,ANM,WE,Federal Contract Tower,29,36,35,0,100,0,0,6,0,6,29,36,41,0,106,0,0,0,106
02/15/2016,EGE,CO,ANM,WE,Federal Contract Tower,23,87,107,0,217,0,0,4,0,4,23,87,111,0,221,0,0,0,221
02/16/2016,EGE,CO,ANM,WE,Federal Contract Tower,24,62,46,0,132,0,0,34,0,34,24,62,80,0,166,0,0,0,166
02/17/2016,EGE,CO,ANM,WE,Federal Contract Tower,24,38,33,0,95,0,0,45,6,51,24,38,78,6,146,0,0,0,146
02/18/2016,EGE,CO,ANM,WE,Federal Contract Tower,24,35,45,0,104,0,0,0,0,0,24,35,45,0,104,0,0,0,104
02/19/2016,EGE,CO,ANM,WE,Federal Contract Tower,24,52,59,0,135,0,4,36,0,40,24,56,95,0,175,4,3,7,182
02/20/2016,EGE,CO,ANM,WE,Federal Contract Tower,32,60,32,2,126,0,0,55,1,56,32,60,87,3,182,16,0,16,198
02/21/2016,EGE,CO,ANM,WE,Federal Contract Tower,30,58,62,0,150,0,0,45,1,46,30,58,107,1,196,14,0,14,210
02/22/2016,EGE,CO,ANM,WE,Federal Contract Tower,21,31,46,0,98,0,0,15,0,15,21,31,61,0,113,6,0,6,119
02/23/2016,EGE,CO,ANM,WE,Federal Contract Tower,24,25,40,0,89,0,0,2,21,23,24,25,42,21,112,0,0,0,112
02/24/2016,EGE,CO,ANM,WE,Federal Contract Tower,23,43,36,1,103,0,0,43,21,64,23,43,79,22,167,6,0,6,173
02/25/2016,EGE,CO,ANM,WE,Federal Contract Tower,23,40,50,1,114,0,0,27,23,50,23,40,77,24,164,8,0,8,172
02/26/2016,EGE,CO,ANM,WE,Federal Contract Tower,24,29,39,2,94,0,1,38,10,49,24,30,77,12,143,28,0,28,171
02/27/2016,EGE,CO,ANM,WE,Federal Contract Tower,33,36,41,0,110,0,0,33,9,42,33,36,74,9,152,0,36,36,188
02/28/2016,EGE,CO,ANM,WE,Federal Contract Tower,31,81,66,0,178,0,0,20,0,20,31,81,86,0,198,16,0,16,214
02/29/2016,EGE,CO,ANM,WE,Federal Contract Tower,23,34,21,2,80,0,0,9,0,9,23,34,30,2,89,9,0,9,98
03/01/2016,EGE,CO,ANM,WE,Federal Contract Tower,23,18,14,2,57,0,0,20,16,36,23,18,34,18,93,4,0,4,97
03/02/2016,EGE,CO,ANM,WE,Federal Contract Tower,24,26,21,0,71,0,0,15,24,39,24,26,36,24,110,0,4,4,114
03/03/2016,EGE,CO,ANM,WE,Federal Contract Tower,24,19,46,0,89,0,0,18,10,28,24,19,64,10,117,14,0,14,131
03/04/2016,EGE,CO,ANM,WE,Federal Contract Tower,24,39,45,3,111,0,0,18,12,30,24,39,63,15,141,14,2,16,157
03/05/2016,EGE,CO,ANM,WE,Federal Contract Tower,34,46,37,0,117,0,0,24,2,26,34,46,61,2,143,6,4,10,153
03/06/2016,EGE,CO,ANM,WE,Federal Contract Tower,29,53,69,0,151,0,0,10,0,10,29,53,79,0,161,0,0,0,161
03/07/2016,EGE,CO,ANM,WE,Federal Contract Tower,28,29,27,0,84,0,0,2,0,2,28,29,29,0,86,0,0,0,86
03/08/2016,EGE,CO,ANM,WE,Federal Contract Tower,24,23,31,0,78,0,0,6,25,31,24,23,37,25,109,0,0,0,109
03/09/2016,EGE,CO,ANM,WE,Federal Contract Tower,28,31,33,0,92,0,0,17,22,39,28,31,50,22,131,20,0,20,151
03/10/2016,EGE,CO,ANM,WE,Federal Contract Tower,24,24,50,1,99,0,0,39,22,61,24,24,89,23,160,44,0,44,204
03/11/2016,EGE,CO,ANM,WE,Federal Contract Tower,24,47,61,1,133,0,1,30,9,40,24,48,91,10,173,32,2,34,207
03/12/2016,EGE,CO,ANM,WE,Federal Contract Tower,32,60,57,0,149,0,0,7,0,7,32,60,64,0,156,4,0,4,160
03/13/2016,EGE,CO,ANM,WE,Federal Contract Tower,31,70,95,0,196,0,0,17,6,23,31,70,112,6,219,0,0,0,219
03/14/2016,EGE,CO,ANM,WE,Federal Contract Tower,18,25,35,0,78,0,0,1,0,1,18,25,36,0,79,0,0,0,79
03/15/2016,EGE,CO,ANM,WE,Federal Contract Tower,24,38,39,0,101,0,0,1,26,27,24,38,40,26,128,0,0,0,128
03/16/2016,EGE,CO,ANM,WE,Federal Contract Tower,24,36,41,0,101,0,0,5,23,28,24,36,46,23,129,0,8,8,137
03/17/2016,EGE,CO,ANM,WE,Federal Contract Tower,24,62,66,0,152,0,0,6,14,20,24,62,72,14,172,0,6,6,178
03/18/2016,EGE,CO,ANM,WE,Federal Contract Tower,25,88,69,0,182,0,0,11,11,22,25,88,80,11,204,0,0,0,204
03/19/2016,EGE,CO,ANM,WE,Federal Contract Tower,34,123,87,0,244,0,0,19,0,19,34,123,106,0,263,24,0,24,287
03/20/2016,EGE,CO,ANM,WE,Federal Contract Tower,30,87,61,0,178,0,0,26,1,27,30,87,87,1,205,24,0,24,229
03/21/2016,EGE,CO,ANM,WE,Federal Contract Tower,24,38,37,2,101,0,0,21,0,21,24,38,58,2,122,26,0,26,148
03/22/2016,EGE,CO,ANM,WE,Federal Contract Tower,20,25,36,0,81,0,0,6,14,20,20,25,42,14,101,0,0,0,101
03/23/2016,EGE,CO,ANM,WE,Federal Contract Tower,15,19,41,1,76,0,0,4,13,17,15,19,45,14,93,20,0,20,113
03/24/2016,EGE,CO,ANM,WE,Federal Contract Tower,23,78,67,0,168,0,6,30,6,42,23,84,97,6,210,42,0,42,252
03/25/2016,EGE,CO,ANM,WE,Federal Contract Tower,14,37,34,0,85,0,0,1,8,9,14,37,35,8,94,0,0,0,94
03/26/2016,EGE,CO,ANM,WE,Federal Contract Tower,36,75,66,0,177,0,0,1,0,1,36,75,67,0,178,0,0,0,178
03/27/2016,EGE,CO,ANM,WE,Federal Contract Tower,29,101,40,0,170,0,0,15,1,16,29,101,55,1,186,14,0,14,200
03/28/2016,EGE,CO,ANM,WE,Federal Contract Tower,22,52,34,0,108,0,0,22,3,25,22,52,56,3,133,4,0,4,137
03/29/2016,EGE,CO,ANM,WE,Federal Contract Tower,18,34,20,0,72,0,0,5,8,13,18,34,25,8,85,0,0,0,85
03/30/2016,EGE,CO,ANM,WE,Federal Contract Tower,18,21,18,0,57,0,0,4,10,14,18,21,22,10,71,2,0,2,73
03/31/2016,EGE,CO,ANM,WE,Federal Contract Tower,19,31,27,0,77,0,0,1,9,10,19,31,28,9,87,0,0,0,87
04/01/2016,EGE,CO,ANM,WE,Federal Contract Tower,18,29,22,0,69,0,0,24,2,26,18,29,46,2,95,12,0,12,107
04/02/2016,EGE,CO,ANM,WE,Federal Contract Tower,27,31,23,1,82,0,0,42,3,45,27,31,65,4,127,16,0,16,143
04/03/2016,EGE,CO,ANM,WE,Federal Contract Tower,26,41,24,1,92,0,0,33,1,34,26,41,57,2,126,30,0,30,156
04/04/2016,EGE,CO,ANM,WE,Federal Contract Tower,13,14,28,1,56,0,0,12,0,12,13,14,40,1,68,20,0,20,88
04/05/2016,EGE,CO,ANM,WE,Federal Contract Tower,1,5,7,0,13,0,3,1,11,15,1,8,8,11,28,0,10,10,38
04/06/2016,EGE,CO,ANM,WE,Federal Contract Tower,1,10,13,0,24,0,0,8,14,22,1,10,21,14,46,4,6,10,56
04/07/2016,EGE,CO,ANM,WE,Federal Contract Tower,1,10,19,0,30,0,1,21,14,36,1,11,40,14,66,16,0,16,82
04/08/2016,EGE,CO,ANM,WE,Federal Contract Tower,1,13,9,0,23,0,0,17,14,31,1,13,26,14,54,36,6,42,96
04/09/2016,EGE,CO,ANM,WE,Federal Contract Tower,1,19,5,0,25,0,0,17,0,17,1,19,22,0,42,30,0,30,72
04/10/2016,EGE,CO,ANM,WE,Federal Contract Tower,1,21,17,2,41,0,0,2,2,4,1,21,19,4,45,0,0,0,45
04/11/2016,EGE,CO,ANM,WE,Federal Contract Tower,1,14,5,2,22,0,0,6,2,8,1,14,11,4,30,36,0,36,66
04/12/2016,EGE,CO,ANM,WE,Federal Contract Tower,1,10,3,0,14,0,0,6,12,18,1,10,9,12,32,2,12,14,46
04/13/2016,EGE,CO,ANM,WE,Federal Contract Tower,1,6,9,0,16,0,2,17,11,30,1,8,26,11,46,10,40,50,96
04/14/2016,EGE,CO,ANM,WE,Federal Contract Tower,1,1,14,0,16,0,2,15,11,28,1,3,29,11,44,4,46,50,94
04/15/2016,EGE,CO,ANM,WE,Federal Contract Tower,1,7,7,0,15,0,0,2,0,2,1,7,9,0,17,4,0,4,21
04/16/2016,EGE,CO,ANM,WE,Federal Contract Tower,0,2,3,0,5,0,0,2,0,2,0,2,5,0,7,4,0,4,11
04/17/2016,EGE,CO,ANM,WE,Federal Contract Tower,0,4,5,0,9,0,0,0,0,0,0,4,5,0,9,0,0,0,9
04/18/2016,EGE,CO,ANM,WE,Federal Contract Tower,1,3,4,0,8,0,0,5,0,5,1,3,9,0,13,0,0,0,13
04/19/2016,EGE,CO,ANM,WE,Federal Contract Tower,1,7,7,0,15,0,0,6,16,22,1,7,13,16,37,0,0,0,37
04/20/2016,EGE,CO,ANM,WE,Federal Contract Tower,1,3,3,0,7,0,0,5,15,20,1,3,8,15,27,0,0,0,27
04/21/2016,EGE,CO,ANM,WE,Federal Contract Tower,1,4,2,0,7,0,1,29,21,51,1,5,31,21,58,18,0,18,76
04/22/2016,EGE,CO,ANM,WE,Federal Contract Tower,1,6,6,0,13,0,0,15,17,32,1,6,21,17,45,20,4,24,69
04/23/2016,EGE,CO,ANM,WE,Federal Contract Tower,1,5,4,0,10,0,0,5,0,5,1,5,9,0,15,0,0,0,15
04/24/2016,EGE,CO,ANM,WE,Federal Contract Tower,1,7,7,0,15,0,0,9,0,9,1,7,16,0,24,4,0,4,28
04/25/2016,EGE,CO,ANM,WE,Federal Contract Tower,1,1,4,0,6,0,0,7,0,7,1,1,11,0,13,6,0,6,19
04/26/2016,EGE,CO,ANM,WE,Federal Contract Tower,1,3,7,0,11,0,0,0,16,16,1,3,7,16,27,0,0,0,27
04/27/2016,EGE,CO,ANM,WE,Federal Contract Tower,1,0,9,0,10,0,0,5,9,14,1,0,14,9,24,10,2,12,36
04/28/2016,EGE,CO,ANM,WE,Federal Contract Tower,1,0,6,0,7,0,0,2,14,16,1,0,8,14,23,4,0,4,27
04/29/2016,EGE,CO,ANM,WE,Federal Contract Tower,1,2,7,0,10,0,0,0,0,0,1,2,7,0,10,0,0,0,10
04/30/2016,EGE,CO,ANM,WE,Federal Contract Tower,1,6,7,0,14,0,0,2,0,2,1,6,9,0,16,4,0,4,20
05/01/2016,EGE,CO,ANM,WE,Federal Contract Tower,1,6,6,0,13,0,0,10,3,13,1,6,16,3,26,6,0,6,32
05/02/2016,EGE,CO,ANM,WE,Federal Contract Tower,1,1,6,0,8,0,0,17,0,17,1,1,23,0,25,68,0,68,93
05/03/2016,EGE,CO,ANM,WE,Federal Contract Tower,1,3,5,0,9,0,0,21,18,39,1,3,26,18,48,12,2,14,62
05/04/2016,EGE,CO,ANM,WE,Federal Contract Tower,1,9,10,0,20,0,0,24,18,42,1,9,34,18,62,16,0,16,78
05/05/2016,EGE,CO,ANM,WE,Federal Contract Tower,1,3,12,0,16,0,0,17,15,32,1,3,29,15,48,0,0,0,48
05/06/2016,EGE,CO,ANM,WE,Federal Contract Tower,1,3,1,0,5,0,0,11,14,25,1,3,12,14,30,13,3,16,46
05/07/2016,EGE,CO,ANM,WE,Federal Contract Tower,1,4,7,4,16,0,0,7,0,7,1,4,14,4,23,18,0,18,41
05/08/2016,EGE,CO,ANM,WE,Federal Contract Tower,1,5,6,0,12,0,0,2,0,2,1,5,8,0,14,16,0,16,30
05/09/2016,EGE,CO,ANM,WE,Federal Contract Tower,1,6,9,0,16,0,0,3,0,3,1,6,12,0,19,8,0,8,27
05/10/2016,EGE,CO,ANM,WE,Federal Contract Tower,1,3,4,0,8,0,0,11,6,17,1,3,15,6,25,0,0,0,25
05/11/2016,EGE,CO,ANM,WE,Federal Contract Tower,1,16,7,0,24,0,0,19,12,31,1,16,26,12,55,56,0,56,111
05/12/2016,EGE,CO,ANM,WE,Federal Contract Tower,1,4,6,0,11,0,0,26,20,46,1,4,32,20,57,26,8,34,91
05/13/2016,EGE,CO,ANM,WE,Federal Contract Tower,1,4,4,0,9,0,0,20,6,26,1,4,24,6,35,36,0,36,71
05/14/2016,EGE,CO,ANM,WE,Federal Contract Tower,1,1,1,4,7,0,0,21,2,23,1,1,22,6,30,36,0,36,66
05/15/2016,EGE,CO,ANM,WE,Federal Contract Tower,1,3,7,0,11,0,0,2,2,4,1,3,9,2,15,16,0,16,31
05/16/2016,EGE,CO,ANM,WE,Federal Contract Tower,1,1,4,0,6,0,0,9,0,9,1,1,13,0,15,62,0,62,77
05/17/2016,EGE,CO,ANM,WE,Federal Contract Tower,1,5,4,0,10,0,0,6,22,28,1,5,10,22,38,28,0,28,66
05/18/2016,EGE,CO,ANM,WE,Federal Contract Tower,1,0,4,0,5,0,0,7,22,29,1,0,11,22,34,26,0,26,60
05/19/2016,EGE,CO,ANM,WE,Federal Contract Tower,1,4,3,0,8,0,0,10,22,32,1,4,13,22,40,12,0,12,52
05/20/2016,EGE,CO,ANM,WE,Federal Contract Tower,1,9,1,0,11,0,0,26,17,43,1,9,27,17,54,0,0,0,54
05/21/2016,EGE,CO,ANM,WE,Federal Contract Tower,1,1,1,3,6,0,0,28,2,30,1,1,29,5,36,28,4,32,68
05/22/2016,EGE,CO,ANM,WE,Federal Contract Tower,1,6,7,0,14,0,0,10,1,11,1,6,17,1,25,0,0,0,25
05/23/2016,EGE,CO,ANM,WE,Federal Contract Tower,1,10,0,0,11,0,0,19,0,19,1,10,19,0,30,44,0,44,74
05/24/2016,EGE,CO,ANM,WE,Federal Contract Tower,1,4,6,2,13,0,0,21,16,37,1,4,27,18,50,36,0,36,86
05/25/2016,EGE,CO,ANM,WE,Federal Contract Tower,1,6,5,0,12,0,0,17,20,37,1,6,22,20,49,24,6,30,79
05/26/2016,EGE,CO,ANM,WE,Federal Contract Tower,1,5,8,0,14,0,0,30,8,38,1,5,38,8,52,24,0,24,76
05/27/2016,EGE,CO,ANM,WE,Federal Contract Tower,1,17,17,0,35,0,0,2,9,11,1,17,19,9,46,14,0,14,60
05/28/2016,EGE,CO,ANM,WE,Federal Contract Tower,1,6,9,0,16,0,0,37,1,38,1,6,46,1,54,136,0,136,190
05/29/2016,EGE,CO,ANM,WE,Federal Contract Tower,1,10,4,0,15,0,0,28,0,28,1,10,32,0,43,46,0,46,89
05/30/2016,EGE,CO,ANM,WE,Federal Contract Tower,1,10,20,0,31,0,0,23,0,23,1,10,43,0,54,32,0,32,86
05/31/2016,EGE,CO,ANM,WE,Federal Contract Tower,3,20,11,4,38,0,0,20,0,20,3,20,31,4,58,38,0,38,96
06/01/2016,EGE,CO,ANM,WE,Federal Contract Tower,1,4,10,0,15,0,0,16,13,29,1,4,26,13,44,10,0,10,54
06/02/2016,EGE,CO,ANM,WE,Federal Contract Tower,1,14,12,0,27,0,0,20,14,34,1,14,32,14,61,6,6,12,73
06/03/2016,EGE,CO,ANM,WE,Federal Contract Tower,3,10,10,0,23,0,0,22,0,22,3,10,32,0,45,2,0,2,47
06/04/2016,EGE,CO,ANM,WE,Federal Contract Tower,4,5,6,1,16,0,0,39,0,39,4,5,45,1,55,6,0,6,61
06/05/2016,EGE,CO,ANM,WE,Federal Contract Tower,3,6,11,0,20,0,0,46,0,46,3,6,57,0,66,42,0,42,108
06/06/2016,EGE,CO,ANM,WE,Federal Contract Tower,3,8,10,0,21,0,0,13,0,13,3,8,23,0,34,6,0,6,40
06/07/2016,EGE,CO,ANM,WE,Federal Contract Tower,2,7,10,0,19,0,0,22,20,42,2,7,32,20,61,28,0,28,89
06/08/2016,EGE,CO,ANM,WE,Federal Contract Tower,3,2,15,0,20,0,0,19,12,31,3,2,34,12,51,31,0,31,82
06/09/2016,EGE,CO,ANM,WE,Federal Contract Tower,3,13,19,0,35,0,0,14,14,28,3,13,33,14,63,24,2,26,89
06/10/2016,EGE,CO,ANM,WE,Federal Contract Tower,2,2,15,2,21,1,1,27,7,36,3,3,42,9,57,38,0,38,95
06/11/2016,EGE,CO,ANM,WE,Federal Contract Tower,5,5,5,0,15,0,0,36,4,40,5,5,41,4,55,32,10,42,97
06/12/2016,EGE,CO,ANM,WE,Federal Contract Tower,2,23,23,1,49,0,0,19,1,20,2,23,42,2,69,30,0,30,99
06/13/2016,EGE,CO,ANM,WE,Federal Contract Tower,2,10,14,0,26,0,0,25,0,25,2,10,39,0,51,50,0,50,101
06/14/2016,EGE,CO,ANM,WE,Federal Contract Tower,3,8,15,0,26,0,0,20,26,46,3,8,35,26,72,12,4,16,88
06/15/2016,EGE,CO,ANM,WE,Federal Contract Tower,3,14,12,0,29,0,0,24,22,46,3,14,36,22,75,44,0,44,119
06/16/2016,EGE,CO,ANM,WE,Federal Contract Tower,3,18,13,1,35,0,0,26,23,49,3,18,39,24,84,20,0,20,104
06/17/2016,EGE,CO,ANM,WE,Federal Contract Tower,3,9,20,0,32,0,0,31,8,39,3,9,51,8,71,52,10,62,133
06/18/2016,EGE,CO,ANM,WE,Federal Contract Tower,4,16,14,0,34,0,0,26,4,30,4,16,40,4,64,52,0,52,116
06/19/2016,EGE,CO,ANM,WE,Federal Contract Tower,4,22,23,0,49,0,0,29,0,29,4,22,52,0,78,36,0,36,114
06/20/2016,EGE,CO,ANM,WE,Federal Contract Tower,3,21,17,2,43,0,0,29,0,29,3,21,46,2,72,28,0,28,100
06/21/2016,EGE,CO,ANM,WE,Federal Contract Tower,3,13,20,4,40,0,0,10,13,23,3,13,30,17,63,42,12,54,117
06/22/2016,EGE,CO,ANM,WE,Federal Contract Tower,3,21,32,0,56,0,0,20,10,30,3,21,52,10,86,40,0,40,126
06/23/2016,EGE,CO,ANM,WE,Federal Contract Tower,4,19,29,2,54,0,0,17,11,28,4,19,46,13,82,26,0,26,108
06/24/2016,EGE,CO,ANM,WE,Federal Contract Tower,4,17,21,1,43,0,0,28,6,34,4,17,49,7,77,36,0,36,113
06/25/2016,EGE,CO,ANM,WE,Federal Contract Tower,6,25,20,0,51,0,9,23,0,32,6,34,43,0,83,56,0,56,139
06/26/2016,EGE,CO,ANM,WE,Federal Contract Tower,5,42,41,1,89,0,0,29,2,31,5,42,70,3,120,0,0,0,120
06/27/2016,EGE,CO,ANM,WE,Federal Contract Tower,4,19,19,2,44,0,0,13,0,13,4,19,32,2,57,12,0,12,69
06/28/2016,EGE,CO,ANM,WE,Federal Contract Tower,3,14,16,0,33,0,0,34,12,46,3,14,50,12,79,42,4,46,125
06/29/2016,EGE,CO,ANM,WE,Federal Contract Tower,4,32,26,0,62,0,0,21,11,32,4,32,47,11,94,26,0,26,120
06/30/2016,EGE,CO,ANM,WE,Federal Contract Tower,4,39,50,2,95,0,0,20,6,26,4,39,70,8,121,26,0,26,147
07/01/2016,EGE,CO,ANM,WE,Federal Contract Tower,6,66,63,1,136,0,0,3,3,6,6,66,66,4,142,12,0,12,154
07/02/2016,EGE,CO,ANM,WE,Federal Contract Tower,6,29,38,0,73,0,0,0,0,0,6,29,38,0,73,0,0,0,73
07/03/2016,EGE,CO,ANM,WE,Federal Contract Tower,7,19,21,5,52,0,0,12,2,14,7,19,33,7,66,0,0,0,66
07/04/2016,EGE,CO,ANM,WE,Federal Contract Tower,6,24,14,0,44,0,2,26,0,28,6,26,40,0,72,6,0,6,78
07/05/2016,EGE,CO,ANM,WE,Federal Contract Tower,5,43,57,1,106,0,0,21,0,21,5,43,78,1,127,30,0,30,157
07/06/2016,EGE,CO,ANM,WE,Federal Contract Tower,5,19,39,0,63,0,0,30,2,32,5,19,69,2,95,54,0,54,149
07/07/2016,EGE,CO,ANM,WE,Federal Contract Tower,4,24,29,0,57,0,0,28,2,30,4,24,57,2,87,38,0,38,125
07/08/2016,EGE,CO,ANM,WE,Federal Contract Tower,7,24,33,1,65,0,0,31,6,37,7,24,64,7,102,26,2,28,130
07/09/2016,EGE,CO,ANM,WE,Federal Contract Tower,6,27,22,0,55,0,0,23,1,24,6,27,45,1,79,18,10,28,107
07/10/2016,EGE,CO,ANM,WE,Federal Contract Tower,7,38,24,0,69,0,0,22,5,27,7,38,46,5,96,2,0,2,98
07/11/2016,EGE,CO,ANM,WE,Federal Contract Tower,10,40,30,2,82,0,0,17,0,17,10,40,47,2,99,40,0,40,139
07/12/2016,EGE,CO,ANM,WE,Federal Contract Tower,5,17,35,0,57,0,0,18,24,42,5,17,53,24,99,26,0,26,125
07/13/2016,EGE,CO,ANM,WE,Federal Contract Tower,5,26,38,0,69,0,0,33,26,59,5,26,71,26,128,70,0,70,198
07/14/2016,EGE,CO,ANM,WE,Federal Contract Tower,6,27,34,0,67,0,0,40,22,62,6,27,74,22,129,86,0,86,215
07/15/2016,EGE,CO,ANM,WE,Federal Contract Tower,6,26,28,1,61,0,0,35,10,45,6,26,63,11,106,26,6,32,138
07/16/2016,EGE,CO,ANM,WE,Federal Contract Tower,6,27,28,3,64,0,0,22,9,31,6,27,50,12,95,10,12,22,117
07/17/2016,EGE,CO,ANM,WE,Federal Contract Tower,7,47,53,0,107,0,0,28,6,34,7,47,81,6,141,4,6,10,151
07/18/2016,EGE,CO,ANM,WE,Federal Contract Tower,6,30,26,0,62,0,0,16,5,21,6,30,42,5,83,8,0,8,91
07/19/2016,EGE,CO,ANM,WE,Federal Contract Tower,5,14,27,2,48,0,0,21,27,48,5,14,48,29,96,40,6,46,142
07/20/2016,EGE,CO,ANM,WE,Federal Contract Tower,5,22,25,0,52,0,0,31,22,53,5,22,56,22,105,34,0,34,139
07/21/2016,EGE,CO,ANM,WE,Federal Contract Tower,6,24,19,2,51,0,0,22,20,42,6,24,41,22,93,28,2,30,123
07/22/2016,EGE,CO,ANM,WE,Federal Contract Tower,6,24,37,0,67,0,0,27,21,48,6,24,64,21,115,64,2,66,181
07/23/2016,EGE,CO,ANM,WE,Federal Contract Tower,5,36,23,0,64,0,0,28,0,28,5,36,51,0,92,12,0,12,104
07/24/2016,EGE,CO,ANM,WE,Federal Contract Tower,6,36,39,0,81,0,0,18,3,21,6,36,57,3,102,12,0,12,114
07/25/2016,EGE,CO,ANM,WE,Federal Contract Tower,7,20,26,5,58,0,0,28,0,28,7,20,54,5,86,38,0,38,124
07/26/2016,EGE,CO,ANM,WE,Federal Contract Tower,5,26,14,0,45,0,0,32,29,61,5,26,46,29,106,6,0,6,112
07/27/2016,EGE,CO,ANM,WE,Federal Contract Tower,5,30,46,3,84,0,0,33,24,57,5,30,79,27,141,20,0,20,161
07/28/2016,EGE,CO,ANM,WE,Federal Contract Tower,6,32,34,1,73,0,0,23,23,46,6,32,57,24,119,20,2,22,141
07/29/2016,EGE,CO,ANM,WE,Federal Contract Tower,6,29,39,3,77,0,0,25,20,45,6,29,64,23,122,50,6,56,178
07/30/2016,EGE,CO,ANM,WE,Federal Contract Tower,6,47,40,0,93,0,0,37,3,40,6,47,77,3,133,20,4,24,157
07/31/2016,EGE,CO,ANM,WE,Federal Contract Tower,7,62,43,0,112,0,0,28,4,32,7,62,71,4,144,12,2,14,158
08/01/2016,EGE,CO,ANM,WE,Federal Contract Tower,6,38,27,0,71,0,0,37,0,37,6,38,64,0,108,34,0,34,142
08/02/2016,EGE,CO,ANM,WE,Federal Contract Tower,5,15,11,0,31,0,0,30,26,56,5,15,41,26,87,2,0,2,89
08/03/2016,EGE,CO,ANM,WE,Federal Contract Tower,5,19,28,0,52,0,0,21,16,37,5,19,49,16,89,28,0,28,117
08/04/2016,EGE,CO,ANM,WE,Federal Contract Tower,6,28,42,0,76,0,0,10,21,31,6,28,52,21,107,2,2,4,111
08/05/2016,EGE,CO,ANM,WE,Federal Contract Tower,6,29,31,5,71,0,0,8,0,8,6,29,39,5,79,14,0,14,93
08/06/2016,EGE,CO,ANM,WE,Federal Contract Tower,5,44,25,0,74,0,0,5,3,8,5,44,30,3,82,0,0,0,82
08/07/2016,EGE,CO,ANM,WE,Federal Contract Tower,7,44,41,1,93,0,2,12,7,21,7,46,53,8,114,2,0,2,116
08/08/2016,EGE,CO,ANM,WE,Federal Contract Tower,5,29,40,2,76,0,0,6,0,6,5,29,46,2,82,0,0,0,82
08/09/2016,EGE,CO,ANM,WE,Federal Contract Tower,5,27,26,0,58,0,0,27,24,51,5,27,53,24,109,18,0,18,127
08/10/2016,EGE,CO,ANM,WE,Federal Contract Tower,5,34,21,0,60,0,0,19,25,44,5,34,40,25,104,48,0,48,152
08/11/2016,EGE,CO,ANM,WE,Federal Contract Tower,6,22,31,0,59,0,0,46,19,65,6,22,77,19,124,4,0,4,128
08/12/2016,EGE,CO,ANM,WE,Federal Contract Tower,5,28,40,0,73,0,0,42,18,60,5,28,82,18,133,30,4,34,167
08/13/2016,EGE,CO,ANM,WE,Federal Contract Tower,6,32,36,0,74,0,0,37,2,39,6,32,73,2,113,14,0,14,127
08/14/2016,EGE,CO,ANM,WE,Federal Contract Tower,5,37,61,0,103,0,0,34,6,40,5,37,95,6,143,0,0,0,143
08/15/2016,EGE,CO,ANM,WE,Federal Contract Tower,6,21,35,0,62,0,0,36,0,36,6,21,71,0,98,18,0,18,116
08/16/2016,EGE,CO,ANM,WE,Federal Contract Tower,4,17,19,0,40,0,0,22,33,55,4,17,41,33,95,22,0,22,117
08/17/2016,EGE,CO,ANM,WE,Federal Contract Tower,4,16,35,0,55,0,0,36,25,61,4,16,71,25,116,50,0,50,166
08/18/2016,EGE,CO,ANM,WE,Federal Contract Tower,3,18,36,0,57,0,0,21,23,44,3,18,57,23,101,24,0,24,125
08/19/2016,EGE,CO,ANM,WE,Federal Contract Tower,4,13,33,0,50,0,0,29,17,46,4,13,62,17,96,58,8,66,162
08/20/2016,EGE,CO,ANM,WE,Federal Contract Tower,4,21,21,0,46,0,0,37,0,37,4,21,58,0,83,4,0,4,87
08/21/2016,EGE,CO,ANM,WE,Federal Contract Tower,4,25,48,0,77,0,0,29,3,32,4,25,77,3,109,26,0,26,135
08/22/2016,EGE,CO,ANM,WE,Federal Contract Tower,3,21,32,0,56,0,0,18,2,20,3,21,50,2,76,36,0,36,112
08/23/2016,EGE,CO,ANM,WE,Federal Contract Tower,4,25,19,0,48,0,0,16,31,47,4,25,35,31,95,26,0,26,121
08/24/2016,EGE,CO,ANM,WE,Federal Contract Tower,3,23,25,1,52,0,0,17,30,47,3,23,42,31,99,26,2,28,127
08/25/2016,EGE,CO,ANM,WE,Federal Contract Tower,3,15,30,2,50,0,0,20,22,42,3,15,50,24,92,18,0,18,110
08/26/2016,EGE,CO,ANM,WE,Federal Contract Tower,4,20,22,1,47,0,0,22,13,35,4,20,44,14,82,12,0,12,94
08/27/2016,EGE,CO,ANM,WE,Federal Contract Tower,3,15,21,1,40,0,0,34,3,37,3,15,55,4,77,4,20,24,101
08/28/2016,EGE,CO,ANM,WE,Federal Contract Tower,4,25,31,3,63,0,0,14,2,16,4,25,45,5,79,6,2,8,87
08/29/2016,EGE,CO,ANM,WE,Federal Contract Tower,4,15,32,0,51,0,0,30,6,36,4,15,62,6,87,44,0,44,131
08/30/2016,EGE,CO,ANM,WE,Federal Contract Tower,4,21,16,0,41,0,0,36,25,61,4,21,52,25,102,16,0,16,118
08/31/2016,EGE,CO,ANM,WE,Federal Contract Tower,4,24,21,0,49,0,0,45,22,67,4,24,66,22,116,38,0,38,154
09/01/2016,EGE,CO,ANM,WE,Federal Contract Tower,4,23,37,0,64,0,0,34,27,61,4,23,71,27,125,60,0,60,185
09/02/2016,EGE,CO,ANM,WE,Federal Contract Tower,4,30,35,0,69,0,0,9,13,22,4,30,44,13,91,0,0,0,91
09/03/2016,EGE,CO,ANM,WE,Federal Contract Tower,3,31,18,0,52,0,0,28,3,31,3,31,46,3,83,4,0,4,87
09/04/2016,EGE,CO,ANM,WE,Federal Contract Tower,4,16,13,0,33,0,0,20,0,20,4,16,33,0,53,12,0,12,65
09/05/2016,EGE,CO,ANM,WE,Federal Contract Tower,4,39,47,0,90,0,0,24,0,24,4,39,71,0,114,2,0,2,116
09/06/2016,EGE,CO,ANM,WE,Federal Contract Tower,3,14,21,0,38,0,0,22,0,22,3,14,43,0,60,22,0,22,82
09/07/2016,EGE,CO,ANM,WE,Federal Contract Tower,4,19,27,0,50,0,0,30,10,40,4,19,57,10,90,40,0,40,130
09/08/2016,EGE,CO,ANM,WE,Federal Contract Tower,4,33,21,4,62,0,0,31,5,36,4,33,52,9,98,16,0,16,114
09/09/2016,EGE,CO,ANM,WE,Federal Contract Tower,4,19,21,0,44,0,0,49,2,51,4,19,70,2,95,52,0,52,147
09/10/2016,EGE,CO,ANM,WE,Federal Contract Tower,4,23,26,0,53,0,0,46,10,56,4,23,72,10,109,6,12,18,127
09/11/2016,EGE,CO,ANM,WE,Federal Contract Tower,5,26,46,0,77,0,0,27,2,29,5,26,73,2,106,0,0,0,106
09/12/2016,EGE,CO,ANM,WE,Federal Contract Tower,5,19,30,0,54,0,0,16,0,16,5,19,46,0,70,34,0,34,104
09/13/2016,EGE,CO,ANM,WE,Federal Contract Tower,5,13,22,0,40,0,0,14,22,36,5,13,36,22,76,14,0,14,90
09/14/2016,EGE,CO,ANM,WE,Federal Contract Tower,5,8,11,0,24,0,0,12,14,26,5,8,23,14,50,26,0,26,76
09/15/2016,EGE,CO,ANM,WE,Federal Contract Tower,4,29,14,0,47,0,0,25,16,41,4,29,39,16,88,20,0,20,108
09/16/2016,EGE,CO,ANM,WE,Federal Contract Tower,5,19,27,0,51,0,0,28,11,39,5,19,55,11,90,34,0,34,124
09/17/2016,EGE,CO,ANM,WE,Federal Contract Tower,4,20,16,2,42,0,0,24,4,28,4,20,40,6,70,10,28,38,108
09/18/2016,EGE,CO,ANM,WE,Federal Contract Tower,4,26,30,1,61,0,0,17,0,17,4,26,47,1,78,14,0,14,92
09/19/2016,EGE,CO,ANM,WE,Federal Contract Tower,5,20,11,1,37,0,0,36,2,38,5,20,47,3,75,58,0,58,133
09/20/2016,EGE,CO,ANM,WE,Federal Contract Tower,5,11,18,0,34,0,0,25,16,41,5,11,43,16,75,30,0,30,105
09/21/2016,EGE,CO,ANM,WE,Federal Contract Tower,4,7,21,0,32,0,0,12,15,27,4,7,33,15,59,16,0,16,75
09/22/2016,EGE,CO,ANM,WE,Federal Contract Tower,5,13,18,0,36,0,0,22,20,42,5,13,40,20,78,18,0,18,96
09/23/2016,EGE,CO,ANM,WE,Federal Contract Tower,5,28,29,0,62,0,0,12,11,23,5,28,41,11,85,28,0,28,113
09/24/2016,EGE,CO,ANM,WE,Federal Contract Tower,3,10,21,0,34,0,0,5,0,5,3,10,26,0,39,0,0,0,39
09/25/2016,EGE,CO,ANM,WE,Federal Contract Tower,5,25,33,0,63,0,0,48,5,53,5,25,81,5,116,12,0,12,128
09/26/2016,EGE,CO,ANM,WE,Federal Contract Tower,5,14,6,0,25,0,0,36,0,36,5,14,42,0,61,0,2,2,63
09/27/2016,EGE,CO,ANM,WE,Federal Contract Tower,5,18,13,0,36,0,0,35,28,63,5,18,48,28,99,20,4,24,123
09/28/2016,EGE,CO,ANM,WE,Federal Contract Tower,5,12,11,6,34,0,0,26,20,46,5,12,37,26,80,28,0,28,108
09/29/2016,EGE,CO,ANM,WE,Federal Contract Tower,5,12,17,0,34,0,0,25,21,46,5,12,42,21,80,10,0,10,90
09/30/2016,EGE,CO,ANM,WE,Federal Contract Tower,5,16,21,0,42,0,0,10,13,23,5,16,31,13,65,20,0,20,85
10/01/2016,EGE,CO,ANM,WE,Federal Contract Tower,4,11,7,0,22,0,0,21,1,22,4,11,28,1,44,10,0,10,54
10/02/2016,EGE,CO,ANM,WE,Federal Contract Tower,5,20,21,0,46,0,0,34,0,34,5,20,55,0,80,40,0,40,120
10/03/2016,EGE,CO,ANM,WE,Federal Contract Tower,5,10,13,0,28,0,0,6,0,6,5,10,19,0,34,4,0,4,38
10/04/2016,EGE,CO,ANM,WE,Federal Contract Tower,5,9,11,0,25,0,0,9,7,16,5,9,20,7,41,8,0,8,49
10/05/2016,EGE,CO,ANM,WE,Federal Contract Tower,4,12,13,0,29,0,0,14,5,19,4,12,27,5,48,16,0,16,64
10/06/2016,EGE,CO,ANM,WE,Federal Contract Tower,1,9,11,0,21,0,0,3,4,7,1,9,14,4,28,0,0,0,28
10/07/2016,EGE,CO,ANM,WE,Federal Contract Tower,1,8,10,0,19,0,0,24,0,24,1,8,34,0,43,14,0,14,57
10/08/2016,EGE,CO,ANM,WE,Federal Contract Tower,2,16,4,2,24,0,0,23,2,25,2,16,27,4,49,6,12,18,67
10/09/2016,EGE,CO,ANM,WE,Federal Contract Tower,1,7,14,0,22,0,0,30,0,30,1,7,44,0,52,34,0,34,86
10/10/2016,EGE,CO,ANM,WE,Federal Contract Tower,1,3,15,0,19,0,0,28,0,28,1,3,43,0,47,38,0,38,85
10/11/2016,EGE,CO,ANM,WE,Federal Contract Tower,1,6,13,0,20,0,0,3,2,5,1,6,16,2,25,0,0,0,25
10/12/2016,EGE,CO,ANM,WE,Federal Contract Tower,1,7,13,0,21,0,0,22,0,22,1,7,35,0,43,22,0,22,65
10/13/2016,EGE,CO,ANM,WE,Federal Contract Tower,1,5,19,0,25,0,0,22,1,23,1,5,41,1,48,12,0,12,60
10/14/2016,EGE,CO,ANM,WE,Federal Contract Tower,1,14,11,2,28,0,0,19,4,23,1,14,30,6,51,20,6,26,77
10/15/2016,EGE,CO,ANM,WE,Federal Contract Tower,2,9,1,1,13,0,0,11,0,11,2,9,12,1,24,0,10,10,34
10/16/2016,EGE,CO,ANM,WE,Federal Contract Tower,1,13,13,0,27,0,0,7,0,7,1,13,20,0,34,0,0,0,34
10/17/2016,EGE,CO,ANM,WE,Federal Contract Tower,1,10,9,0,20,0,0,7,0,7,1,10,16,0,27,10,0,10,37
10/18/2016,EGE,CO,ANM,WE,Federal Contract Tower,1,8,6,2,17,0,0,19,0,19,1,8,25,2,36,12,0,12,48
10/19/2016,EGE,CO,ANM,WE,Federal Contract Tower,1,4,7,1,13,0,0,19,5,24,1,4,26,6,37,34,0,34,71
10/20/2016,EGE,CO,ANM,WE,Federal Contract Tower,1,6,23,0,30,0,0,26,10,36,1,6,49,10,66,6,2,8,74
10/21/2016,EGE,CO,ANM,WE,Federal Contract Tower,1,7,8,0,16,0,2,30,0,32,1,9,38,0,48,4,0,4,52
10/22/2016,EGE,CO,ANM,WE,Federal Contract Tower,2,4,4,0,10,0,0,24,2,26,2,4,28,2,36,0,6,6,42
10/23/2016,EGE,CO,ANM,WE,Federal Contract Tower,1,7,6,0,14,0,0,25,0,25,1,7,31,0,39,6,0,6,45
10/24/2016,EGE,CO,ANM,WE,Federal Contract Tower,1,6,7,0,14,0,0,14,0,14,1,6,21,0,28,26,0,26,54
10/25/2016,EGE,CO,ANM,WE,Federal Contract Tower,1,2,10,2,15,0,0,7,2,9,1,2,17,4,24,28,0,28,52
10/26/2016,EGE,CO,ANM,WE,Federal Contract Tower,1,4,7,0,12,0,0,15,12,27,1,4,22,12,39,10,0,10,49
10/27/2016,EGE,CO,ANM,WE,Federal Contract Tower,1,6,8,0,15,0,0,19,1,20,1,6,27,1,35,10,0,10,45
10/28/2016,EGE,CO,ANM,WE,Federal Contract Tower,1,18,13,1,33,0,0,24,6,30,1,18,37,7,63,20,0,20,83
10/29/2016,EGE,CO,ANM,WE,Federal Contract Tower,2,6,2,0,10,0,0,10,0,10,2,6,12,0,20,14,0,14,34
10/30/2016,EGE,CO,ANM,WE,Federal Contract Tower,1,13,6,0,20,0,0,15,3,18,1,13,21,3,38,48,0,48,86
10/31/2016,EGE,CO,ANM,WE,Federal Contract Tower,1,4,4,0,9,0,0,8,0,8,1,4,12,0,17,2,0,2,19
11/01/2016,EGE,CO,ANM,WE,Federal Contract Tower,1,2,8,0,11,0,0,16,15,31,1,2,24,15,42,38,6,44,86
11/02/2016,EGE,CO,ANM,WE,Federal Contract Tower,1,4,5,0,10,0,0,16,11,27,1,4,21,11,37,26,0,26,63
11/03/2016,EGE,CO,ANM,WE,Federal Contract Tower,1,1,14,2,18,0,0,25,16,41,1,1,39,18,59,44,4,48,107
11/04/2016,EGE,CO,ANM,WE,Federal Contract Tower,1,8,7,0,16,0,0,12,12,24,1,8,19,12,40,6,6,12,52
11/05/2016,EGE,CO,ANM,WE,Federal Contract Tower,1,7,4,0,12,0,0,14,0,14,1,7,18,0,26,20,0,20,46
11/06/2016,EGE,CO,ANM,WE,Federal Contract Tower,1,8,12,0,21,0,0,19,0,19,1,8,31,0,40,22,2,24,64
11/07/2016,EGE,CO,ANM,WE,Federal Contract Tower,1,7,5,0,13,0,0,6,2,8,1,7,11,2,21,0,0,0,21
11/08/2016,EGE,CO,ANM,WE,Federal Contract Tower,1,3,2,2,8,0,0,11,3,14,1,3,13,5,22,16,4,20,42
11/09/2016,EGE,CO,ANM,WE,Federal Contract Tower,1,7,4,0,12,0,0,19,6,25,1,7,23,6,37,6,0,6,43
11/10/2016,EGE,CO,ANM,WE,Federal Contract Tower,1,3,8,0,12,0,0,18,0,18,1,3,26,0,30,0,0,0,30
11/11/2016,EGE,CO,ANM,WE,Federal Contract Tower,1,8,10,1,20,0,0,27,1,28,1,8,37,2,48,20,4,24,72
11/12/2016,EGE,CO,ANM,WE,Federal Contract Tower,1,6,7,0,14,0,0,39,0,39,1,6,46,0,53,42,2,44,97
11/13/2016,EGE,CO,ANM,WE,Federal Contract Tower,1,8,12,0,21,0,0,21,0,21,1,8,33,0,42,2,0,2,44
11/14/2016,EGE,CO,ANM,WE,Federal Contract Tower,1,5,6,0,12,0,0,26,0,26,1,5,32,0,38,14,0,14,52
11/15/2016,EGE,CO,ANM,WE,Federal Contract Tower,1,4,15,0,20,0,0,13,0,13,1,4,28,0,33,36,0,36,69
11/16/2016,EGE,CO,ANM,WE,Federal Contract Tower,1,5,11,0,17,0,0,4,0,4,1,5,15,0,21,0,0,0,21
11/17/2016,EGE,CO,ANM,WE,Federal Contract Tower,1,8,7,0,16,0,0,0,0,0,1,8,7,0,16,0,0,0,16
11/18/2016,EGE,CO,ANM,WE,Federal Contract Tower,2,19,16,0,37,0,0,5,2,7,2,19,21,2,44,0,0,0,44
11/19/2016,EGE,CO,ANM,WE,Federal Contract Tower,3,13,21,0,37,0,0,13,0,13,3,13,34,0,50,24,8,32,82
11/20/2016,EGE,CO,ANM,WE,Federal Contract Tower,3,12,19,0,34,0,0,16,0,16,3,12,35,0,50,22,0,22,72
11/21/2016,EGE,CO,ANM,WE,Federal Contract Tower,3,16,11,2,32,0,0,8,1,9,3,16,19,3,41,48,0,48,89
11/22/2016,EGE,CO,ANM,WE,Federal Contract Tower,3,8,27,0,38,0,0,3,4,7,3,8,30,4,45,0,0,0,45
11/23/2016,EGE,CO,ANM,WE,Federal Contract Tower,3,30,19,0,52,0,0,21,6,27,3,30,40,6,79,24,0,24,103
11/24/2016,EGE,CO,ANM,WE,Federal Contract Tower,4,3,6,0,13,0,0,1,0,1,4,3,7,0,14,0,0,0,14
11/25/2016,EGE,CO,ANM,WE,Federal Contract Tower,3,5,6,0,14,0,0,18,0,18,3,5,24,0,32,28,0,28,60
11/26/2016,EGE,CO,ANM,WE,Federal Contract Tower,3,32,34,0,69,0,0,33,1,34,3,32,67,1,103,36,0,36,139
11/27/2016,EGE,CO,ANM,WE,Federal Contract Tower,3,26,31,0,60,0,0,0,1,1,3,26,31,1,61,0,0,0,61
11/28/2016,EGE,CO,ANM,WE,Federal Contract Tower,3,10,9,0,22,0,0,2,0,2,3,10,11,0,24,18,0,18,42
11/29/2016,EGE,CO,ANM,WE,Federal Contract Tower,4,11,9,0,24,0,0,11,18,29,4,11,20,18,53,6,10,16,69
11/30/2016,EGE,CO,ANM,WE,Federal Contract Tower,5,9,9,0,23,0,0,14,21,35,5,9,23,21,58,18,0,18,76
12/01/2016,EGE,CO,ANM,WE,Federal Contract Tower,5,16,13,0,34,0,0,7,17,24,5,16,20,17,58,18,2,20,78
12/02/2016,EGE,CO,ANM,WE,Federal Contract Tower,5,10,12,0,27,0,0,7,15,22,5,10,19,15,49,10,0,10,59
12/03/2016,EGE,CO,ANM,WE,Federal Contract Tower,4,12,12,0,28,0,0,15,1,16,4,12,27,1,44,18,0,18,62
12/04/2016,EGE,CO,ANM,WE,Federal Contract Tower,5,15,20,0,40,0,0,26,2,28,5,15,46,2,68,52,0,52,120
12/05/2016,EGE,CO,ANM,WE,Federal Contract Tower,5,2,9,0,16,0,0,2,0,2,5,2,11,0,18,10,0,10,28
12/06/2016,EGE,CO,ANM,WE,Federal Contract Tower,4,9,9,0,22,0,0,1,34,35,4,9,10,34,57,0,6,6,63
12/07/2016,EGE,CO,ANM,WE,Federal Contract Tower,4,6,19,0,29,0,0,4,32,36,4,6,23,32,65,0,0,0,65
12/08/2016,EGE,CO,ANM,WE,Federal Contract Tower,5,4,19,0,28,0,0,13,22,35,5,4,32,22,63,8,0,8,71
12/09/2016,EGE,CO,ANM,WE,Federal Contract Tower,5,11,24,0,40,0,0,0,7,7,5,11,24,7,47,0,0,0,47
12/10/2016,EGE,CO,ANM,WE,Federal Contract Tower,5,9,10,0,24,0,0,0,1,1,5,9,10,1,25,0,0,0,25
12/11/2016,EGE,CO,ANM,WE,Federal Contract Tower,6,16,24,0,46,0,0,2,0,2,6,16,26,0,48,0,0,0,48
12/12/2016,EGE,CO,ANM,WE,Federal Contract Tower,5,14,22,0,41,0,0,10,1,11,5,14,32,1,52,25,0,25,77
12/13/2016,EGE,CO,ANM,WE,Federal Contract Tower,5,9,21,0,35,0,0,3,16,19,5,9,24,16,54,10,0,10,64
12/14/2016,EGE,CO,ANM,WE,Federal Contract Tower,5,19,14,0,38,0,0,0,16,16,5,19,14,16,54,0,0,0,54
12/15/2016,EGE,CO,ANM,WE,Federal Contract Tower,19,33,38,0,90,0,0,5,13,18,19,33,43,13,108,0,0,0,108
12/16/2016,EGE,CO,ANM,WE,Federal Contract Tower,23,32,34,0,89,0,0,2,2,4,23,32,36,2,93,0,0,0,93
12/17/2016,EGE,CO,ANM,WE,Federal Contract Tower,28,57,46,0,131,0,0,4,0,4,28,57,50,0,135,0,0,0,135
12/18/2016,EGE,CO,ANM,WE,Federal Contract Tower,28,72,67,0,167,0,0,5,2,7,28,72,72,2,174,0,0,0,174
12/19/2016,EGE,CO,ANM,WE,Federal Contract Tower,33,54,30,0,117,0,0,15,2,17,33,54,45,2,134,0,0,0,134
12/20/2016,EGE,CO,ANM,WE,Federal Contract Tower,30,49,71,2,152,0,0,17,15,32,30,49,88,17,184,0,10,10,194
12/21/2016,EGE,CO,ANM,WE,Federal Contract Tower,28,44,60,2,134,0,0,11,6,17,28,44,71,8,151,0,0,0,151
12/22/2016,EGE,CO,ANM,WE,Federal Contract Tower,31,54,69,0,154,0,0,3,0,3,31,54,72,0,157,0,0,0,157
12/23/2016,EGE,CO,ANM,WE,Federal Contract Tower,26,72,94,0,192,0,0,0,0,0,26,72,94,0,192,0,0,0,192
12/24/2016,EGE,CO,ANM,WE,Federal Contract Tower,37,44,30,0,111,0,0,15,0,15,37,44,45,0,126,0,0,0,126
12/25/2016,EGE,CO,ANM,WE,Federal Contract Tower,28,39,23,0,90,0,0,0,0,0,28,39,23,0,90,0,0,0,90
12/26/2016,EGE,CO,ANM,WE,Federal Contract Tower,30,111,131,0,272,0,4,8,0,12,30,115,139,0,284,0,0,0,284
12/27/2016,EGE,CO,ANM,WE,Federal Contract Tower,29,64,149,0,242,0,0,14,2,16,29,64,163,2,258,0,0,0,258
12/28/2016,EGE,CO,ANM,WE,Federal Contract Tower,30,60,79,0,169,0,0,9,2,11,30,60,88,2,180,0,0,0,180
12/29/2016,EGE,CO,ANM,WE,Federal Contract Tower,30,38,43,1,112,0,0,13,0,13,30,38,56,1,125,0,4,4,129
12/30/2016,EGE,CO,ANM,WE,Federal Contract Tower,30,60,83,0,173,0,0,28,0,28,30,60,111,0,201,10,0,10,211
12/31/2016,EGE,CO,ANM,WE,Federal Contract Tower,36,54,60,0,150,0,0,14,0,14,36,54,74,0,164,20,0,20,184
01/01/2017,EGE,CO,ANM,WE,Federal Contract Tower,29,100,122,0,251,0,0,12,0,12,29,100,134,0,263,2,0,2,265
01/02/2017,EGE,CO,ANM,WE,Federal Contract Tower,29,129,148,0,306,0,0,3,0,3,29,129,151,0,309,0,0,0,309
01/03/2017,EGE,CO,ANM,WE,Federal Contract Tower,30,51,103,0,184,0,0,1,0,1,30,51,104,0,185,0,0,0,185
01/04/2017,EGE,CO,ANM,WE,Federal Contract Tower,2,6,15,0,23,0,0,0,0,0,2,6,15,0,23,0,0,0,23
01/05/2017,EGE,CO,ANM,WE,Federal Contract Tower,4,5,3,0,12,0,0,0,0,0,4,5,3,0,12,0,0,0,12
01/06/2017,EGE,CO,ANM,WE,Federal Contract Tower,34,69,78,0,181,0,0,15,1,16,34,69,93,1,197,20,0,20,217
01/07/2017,EGE,CO,ANM,WE,Federal Contract Tower,31,39,35,0,105,0,1,10,5,16,31,40,45,5,121,14,0,14,135
01/08/2017,EGE,CO,ANM,WE,Federal Contract Tower,19,41,31,0,91,0,0,2,0,2,19,41,33,0,93,10,0,10,103
01/09/2017,EGE,CO,ANM,WE,Federal Contract Tower,5,19,30,0,54,0,0,3,0,3,5,19,33,0,57,16,0,16,73
01/10/2017,EGE,CO,ANM,WE,Federal Contract Tower,20,25,34,0,79,0,0,7,24,31,20,25,41,24,110,12,54,66,176
01/11/2017,EGE,CO,ANM,WE,Federal Contract Tower,24,9,24,0,57,0,0,0,14,14,24,9,24,14,71,0,0,0,71
01/12/2017,EGE,CO,ANM,WE,Federal Contract Tower,23,44,42,0,109,0,0,2,4,6,23,44,44,4,115,4,0,4,119
01/13/2017,EGE,CO,ANM,WE,Federal Contract Tower,26,40,52,0,118,0,0,8,28,36,26,40,60,28,154,4,0,4,158
01/14/2017,EGE,CO,ANM,WE,Federal Contract Tower,30,40,25,0,95,0,0,14,18,32,30,40,39,18,127,40,0,40,167
01/15/2017,EGE,CO,ANM,WE,Federal Contract Tower,24,27,29,0,80,0,0,13,0,13,24,27,42,0,93,56,0,56,149
01/16/2017,EGE,CO,ANM,WE,Federal Contract Tower,24,54,46,0,124,0,0,9,0,9,24,54,55,0,133,12,0,12,145
01/17/2017,EGE,CO,ANM,WE,Federal Contract Tower,21,20,22,0,63,0,0,17,0,17,21,20,39,0,80,14,0,14,94
01/18/2017,EGE,CO,ANM,WE,Federal Contract Tower,26,21,26,0,73,0,0,22,7,29,26,21,48,7,102,50,8,58,160
01/19/2017,EGE,CO,ANM,WE,Federal Contract Tower,22,23,25,0,70,0,0,11,8,19,22,23,36,8,89,30,18,48,137
01/20/2017,EGE,CO,ANM,WE,Federal Contract Tower,26,21,25,0,72,0,0,7,2,9,26,21,32,2,81,0,0,0,81
01/21/2017,EGE,CO,ANM,WE,Federal Contract Tower,27,25,16,0,68,0,0,13,0,13,27,25,29,0,81,22,0,22,103
01/22/2017,EGE,CO,ANM,WE,Federal Contract Tower,21,34,41,0,96,1,0,17,2,20,22,34,58,2,116,22,0,22,138
01/23/2017,EGE,CO,ANM,WE,Federal Contract Tower,17,4,20,0,41,0,0,0,0,0,17,4,20,0,41,0,0,0,41
01/24/2017,EGE,CO,ANM,WE,Federal Contract Tower,18,13,22,0,53,0,0,1,18,19,18,13,23,18,72,0,40,40,112
01/25/2017,EGE,CO,ANM,WE,Federal Contract Tower,31,16,36,0,83,0,0,7,20,27,31,16,43,20,110,20,0,20,130
01/26/2017,EGE,CO,ANM,WE,Federal Contract Tower,24,26,43,0,93,0,0,9,20,29,24,26,52,20,122,40,20,60,182
01/27/2017,EGE,CO,ANM,WE,Federal Contract Tower,23,37,34,0,94,0,0,22,13,35,23,37,56,13,129,44,0,44,173
01/28/2017,EGE,CO,ANM,WE,Federal Contract Tower,31,27,13,0,71,0,0,24,3,27,31,27,37,3,98,26,6,32,130
01/29/2017,EGE,CO,ANM,WE,Federal Contract Tower,27,51,42,0,120,0,0,23,1,24,27,51,65,1,144,14,0,14,158
01/30/2017,EGE,CO,ANM,WE,Federal Contract Tower,22,8,30,0,60,0,0,30,1,31,22,8,60,1,91,22,0,22,113
01/31/2017,EGE,CO,ANM,WE,Federal Contract Tower,22,17,24,0,63,0,0,21,35,56,22,17,45,35,119,46,10,56,175
02/01/2017,EGE,CO,ANM,WE,Federal Contract Tower,26,20,29,0,75,0,0,23,31,54,26,20,52,31,129,34,0,34,163
02/02/2017,EGE,CO,ANM,WE,Federal Contract Tower,24,30,39,4,97,0,0,10,28,38,24,30,49,32,135,24,2,26,161
02/03/2017,EGE,CO,ANM,WE,Federal Contract Tower,24,31,32,0,87,0,0,22,11,33,24,31,54,11,120,30,0,30,150
02/04/2017,EGE,CO,ANM,WE,Federal Contract Tower,32,37,17,0,86,0,0,12,0,12,32,37,29,0,98,0,0,0,98
02/05/2017,EGE,CO,ANM,WE,Federal Contract Tower,26,30,36,0,92,0,0,21,1,22,26,30,57,1,114,26,0,26,140
02/06/2017,EGE,CO,ANM,WE,Federal Contract Tower,25,43,38,0,106,0,0,8,0,8,25,43,46,0,114,0,0,0,114
02/07/2017,EGE,CO,ANM,WE,Federal Contract Tower,21,13,11,0,45,0,0,0,4,4,21,13,11,4,49,0,32,32,81
02/08/2017,EGE,CO,ANM,WE,Federal Contract Tower,29,22,44,0,95,0,0,9,30,39,29,22,53,30,134,10,18,28,162
02/09/2017,EGE,CO,ANM,WE,Federal Contract Tower,20,43,41,0,104,0,0,13,22,35,20,43,54,22,139,10,6,16,155
02/10/2017,EGE,CO,ANM,WE,Federal Contract Tower,23,49,38,0,110,0,0,5,13,18,23,49,43,13,128,0,0,0,128
02/11/2017,EGE,CO,ANM,WE,Federal Contract Tower,24,32,21,0,77,0,0,0,0,0,24,32,21,0,77,0,0,0,77
02/12/2017,EGE,CO,ANM,WE,Federal Contract Tower,32,51,67,0,150,0,0,1,1,2,32,51,68,1,152,0,0,0,152
02/13/2017,EGE,CO,ANM,WE,Federal Contract Tower,26,27,39,0,92,0,0,8,4,12,26,27,47,4,104,0,0,0,104
02/14/2017,EGE,CO,ANM,WE,Federal Contract Tower,22,31,46,0,99,0,1,24,35,60,22,32,70,35,159,12,12,24,183
02/15/2017,EGE,CO,ANM,WE,Federal Contract Tower,26,41,46,0,113,0,0,55,28,83,26,41,101,28,196,48,0,48,244
02/16/2017,EGE,CO,ANM,WE,Federal Contract Tower,24,66,76,0,166,0,0,19,21,40,24,66,95,21,206,0,4,4,210
02/17/2017,EGE,CO,ANM,WE,Federal Contract Tower,28,65,79,0,172,0,1,26,17,44,28,66,105,17,216,0,6,6,222
02/18/2017,EGE,CO,ANM,WE,Federal Contract Tower,36,63,55,0,154,0,1,13,1,15,36,64,68,1,169,6,0,6,175
02/19/2017,EGE,CO,ANM,WE,Federal Contract Tower,32,69,35,0,136,0,0,5,0,5,32,69,40,0,141,2,0,2,143
02/20/2017,EGE,CO,ANM,WE,Federal Contract Tower,28,78,98,0,204,0,0,14,0,14,28,78,112,0,218,4,0,4,222
02/21/2017,EGE,CO,ANM,WE,Federal Contract Tower,23,60,62,0,145,0,0,13,0,13,23,60,75,0,158,10,0,10,168
02/22/2017,EGE,CO,ANM,WE,Federal Contract Tower,27,32,37,0,96,0,0,4,8,12,27,32,41,8,108,2,16,18,126
02/23/2017,EGE,CO,ANM,WE,Federal Contract Tower,22,29,37,0,88,0,0,0,2,2,22,29,37,2,90,0,6,6,96
02/24/2017,EGE,CO,ANM,WE,Federal Contract Tower,24,37,40,0,101,0,0,4,4,8,24,37,44,4,109,34,0,34,143
02/25/2017,EGE,CO,ANM,WE,Federal Contract Tower,36,48,55,0,139,0,0,8,1,9,36,48,63,1,148,14,0,14,162
02/26/2017,EGE,CO,ANM,WE,Federal Contract Tower,32,64,49,1,146,0,0,21,3,24,32,64,70,4,170,26,0,26,196
02/27/2017,EGE,CO,ANM,WE,Federal Contract Tower,23,45,25,1,94,0,0,5,0,5,23,45,30,1,99,4,0,4,103
02/28/2017,EGE,CO,ANM,WE,Federal Contract Tower,19,4,13,0,36,0,0,4,8,12,19,4,17,8,48,30,2,32,80
03/01/2017,EGE,CO,ANM,WE,Federal Contract Tower,27,31,33,2,93,0,0,29,30,59,27,31,62,32,152,50,0,50,202
03/02/2017,EGE,CO,ANM,WE,Federal Contract Tower,24,40,38,2,104,0,0,19,18,37,24,40,57,20,141,22,0,22,163
03/03/2017,EGE,CO,ANM,WE,Federal Contract Tower,22,52,52,0,126,0,0,41,16,57,22,52,93,16,183,76,0,76,259
03/04/2017,EGE,CO,ANM,WE,Federal Contract Tower,36,72,43,0,151,0,0,19,1,20,36,72,62,1,171,28,0,28,199
03/05/2017,EGE,CO,ANM,WE,Federal Contract Tower,32,55,72,0,159,0,0,17,1,18,32,55,89,1,177,38,0,38,215
03/06/2017,EGE,CO,ANM,WE,Federal Contract Tower,20,18,28,0,66,0,0,0,0,0,20,18,28,0,66,0,0,0,66
03/07/2017,EGE,CO,ANM,WE,Federal Contract Tower,24,25,26,0,75,0,0,14,0,14,24,25,40,0,89,26,0,26,115
03/08/2017,EGE,CO,ANM,WE,Federal Contract Tower,26,34,42,2,104,0,0,9,36,45,26,34,51,38,149,14,10,24,173
03/09/2017,EGE,CO,ANM,WE,Federal Contract Tower,24,34,32,0,90,0,0,31,22,53,24,34,63,22,143,18,0,18,161
03/10/2017,EGE,CO,ANM,WE,Federal Contract Tower,24,54,65,0,143,0,0,29,22,51,24,54,94,22,194,50,32,82,276
03/11/2017,EGE,CO,ANM,WE,Federal Contract Tower,37,67,59,0,163,0,0,38,0,38,37,67,97,0,201,30,0,30,231
03/12/2017,EGE,CO,ANM,WE,Federal Contract Tower,31,59,73,0,163,0,0,8,1,9,31,59,81,1,172,0,0,0,172
03/13/2017,EGE,CO,ANM,WE,Federal Contract Tower,25,31,47,0,103,0,0,19,2,21,25,31,66,2,124,26,0,26,150
03/14/2017,EGE,CO,ANM,WE,Federal Contract Tower,20,25,35,0,80,0,0,27,30,57,20,25,62,30,137,50,12,62,199
03/15/2017,EGE,CO,ANM,WE,Federal Contract Tower,25,44,50,0,119,0,0,40,24,64,25,44,90,24,183,50,0,50,233
03/16/2017,EGE,CO,ANM,WE,Federal Contract Tower,23,63,51,0,137,1,0,19,21,41,24,63,70,21,178,8,2,10,188
03/17/2017,EGE,CO,ANM,WE,Federal Contract Tower,24,59,72,0,155,0,0,25,12,37,24,59,97,12,192,12,0,12,204
03/18/2017,EGE,CO,ANM,WE,Federal Contract Tower,35,72,71,0,178,0,0,21,1,22,35,72,92,1,200,0,0,0,200
03/19/2017,EGE,CO,ANM,WE,Federal Contract Tower,31,75,74,0,180,0,0,25,0,25,31,75,99,0,205,0,0,0,205
03/20/2017,EGE,CO,ANM,WE,Federal Contract Tower,23,33,34,0,90,0,0,14,0,14,23,33,48,0,104,40,0,40,144
03/21/2017,EGE,CO,ANM,WE,Federal Contract Tower,23,20,33,0,76,0,0,23,34,57,23,20,56,34,133,8,14,22,155
03/22/2017,EGE,CO,ANM,WE,Federal Contract Tower,24,31,27,2,84,0,0,17,25,42,24,31,44,27,126,44,4,48,174
03/23/2017,EGE,CO,ANM,WE,Federal Contract Tower,20,27,27,0,74,0,1,7,37,45,20,28,34,37,119,8,0,8,127
03/24/2017,EGE,CO,ANM,WE,Federal Contract Tower,24,33,35,0,92,0,0,20,16,36,24,33,55,16,128,46,0,46,174
03/25/2017,EGE,CO,ANM,WE,Federal Contract Tower,35,56,43,0,134,0,0,26,2,28,35,56,69,2,162,34,0,34,196
03/26/2017,EGE,CO,ANM,WE,Federal Contract Tower,31,50,52,0,133,0,0,7,1,8,31,50,59,1,141,12,0,12,153
03/27/2017,EGE,CO,ANM,WE,Federal Contract Tower,18,16,27,0,61,0,0,13,4,17,18,16,40,4,78,14,0,14,92
03/28/2017,EGE,CO,ANM,WE,Federal Contract Tower,19,11,11,0,41,0,0,1,26,27,19,11,12,26,68,0,50,50,118
03/29/2017,EGE,CO,ANM,WE,Federal Contract Tower,18,20,11,0,49,0,0,11,37,48,18,20,22,37,97,30,2,32,129
03/30/2017,EGE,CO,ANM,WE,Federal Contract Tower,16,19,30,0,65,0,0,36,28,64,16,19,66,28,129,40,10,50,179
03/31/2017,EGE,CO,ANM,WE,Federal Contract Tower,19,25,14,0,58,0,0,3,14,17,19,25,17,14,75,0,30,30,105
04/01/2017,EGE,CO,ANM,WE,Federal Contract Tower,32,25,18,0,75,0,0,10,1,11,32,25,28,1,86,14,0,14,100
04/02/2017,EGE,CO,ANM,WE,Federal Contract Tower,27,26,37,0,90,0,0,15,4,19,27,26,52,4,109,20,0,20,129
04/03/2017,EGE,CO,ANM,WE,Federal Contract Tower,15,12,6,0,33,0,0,9,0,9,15,12,15,0,42,6,0,6,48
04/04/2017,EGE,CO,ANM,WE,Federal Contract Tower,1,6,12,0,19,0,0,0,7,7,1,6,12,7,26,0,26,26,52
04/05/2017,EGE,CO,ANM,WE,Federal Contract Tower,1,10,12,0,23,0,0,16,25,41,1,10,28,25,64,20,2,22,86
04/06/2017,EGE,CO,ANM,WE,Federal Contract Tower,1,12,11,0,24,0,0,34,19,53,1,12,45,19,77,0,4,4,81
04/07/2017,EGE,CO,ANM,WE,Federal Contract Tower,1,34,14,0,49,0,0,17,12,29,1,34,31,12,78,42,6,48,126
04/08/2017,EGE,CO,ANM,WE,Federal Contract Tower,1,51,17,0,69,0,0,6,3,9,1,51,23,3,78,6,0,6,84
04/09/2017,EGE,CO,ANM,WE,Federal Contract Tower,1,16,17,0,34,0,0,2,0,2,1,16,19,0,36,0,0,0,36
04/10/2017,EGE,CO,ANM,WE,Federal Contract Tower,1,16,12,0,29,0,0,16,1,17,1,16,28,1,46,26,0,26,72
04/11/2017,EGE,CO,ANM,WE,Federal Contract Tower,0,4,9,0,13,0,0,11,6,17,0,4,20,6,30,16,26,42,72
04/12/2017,EGE,CO,ANM,WE,Federal Contract Tower,1,11,12,0,24,0,0,21,12,33,1,11,33,12,57,10,54,64,121
04/13/2017,EGE,CO,ANM,WE,Federal Contract Tower,1,18,14,0,33,0,0,11,7,18,1,18,25,7,51,0,0,0,51
04/14/2017,EGE,CO,ANM,WE,Federal Contract Tower,1,34,20,0,55,0,0,13,3,16,1,34,33,3,71,18,0,18,89
04/15/2017,EGE,CO,ANM,WE,Federal Contract Tower,1,31,3,0,35,0,2,15,1,18,1,33,18,1,53,4,0,4,57
04/16/2017,EGE,CO,ANM,WE,Federal Contract Tower,1,11,31,0,43,0,2,16,0,18,1,13,47,0,61,18,0,18,79
04/17/2017,EGE,CO,ANM,WE,Federal Contract Tower,1,20,26,0,47,0,0,19,0,19,1,20,45,0,66,24,0,24,90
04/18/2017,EGE,CO,ANM,WE,Federal Contract Tower,0,17,13,0,30,0,0,6,3,9,0,17,19,3,39,28,0,28,67
04/19/2017,EGE,CO,ANM,WE,Federal Contract Tower,0,6,10,2,18,0,0,5,1,6,0,6,15,3,24,14,0,14,38
04/20/2017,EGE,CO,ANM,WE,Federal Contract Tower,1,5,20,2,28,0,0,6,5,11,1,5,26,7,39,0,4,4,43
04/21/2017,EGE,CO,ANM,WE,Federal Contract Tower,1,3,7,0,11,0,0,12,0,12,1,3,19,0,23,40,0,40,63
04/22/2017,EGE,CO,ANM,WE,Federal Contract Tower,1,6,7,0,14,0,0,15,4,19,1,6,22,4,33,8,0,8,41
04/23/2017,EGE,CO,ANM,WE,Federal Contract Tower,1,9,16,0,26,0,0,17,2,19,1,9,33,2,45,20,0,20,65
04/24/2017,EGE,CO,ANM,WE,Federal Contract Tower,0,8,12,0,20,0,0,7,0,7,0,8,19,0,27,4,0,4,31
04/25/2017,EGE,CO,ANM,WE,Federal Contract Tower,0,1,6,0,7,0,0,0,20,20,0,1,6,20,27,0,10,10,37
04/26/2017,EGE,CO,ANM,WE,Federal Contract Tower,0,5,6,0,11,0,0,9,20,29,0,5,15,20,40,34,0,34,74
04/27/2017,EGE,CO,ANM,WE,Federal Contract Tower,1,7,11,0,19,0,0,0,10,10,1,7,11,10,29,0,0,0,29
04/28/2017,EGE,CO,ANM,WE,Federal Contract Tower,1,1,2,0,4,0,0,2,14,16,1,1,4,14,20,14,0,14,34
04/29/2017,EGE,CO,ANM,WE,Federal Contract Tower,1,3,7,2,13,0,0,9,0,9,1,3,16,2,22,20,0,20,42
04/30/2017,EGE,CO,ANM,WE,Federal Contract Tower,1,6,19,0,26,0,0,20,4,24,1,6,39,4,50,12,0,12,62
05/01/2017,EGE,CO,ANM,WE,Federal Contract Tower,0,9,6,1,16,0,0,17,1,18,0,9,23,2,34,56,0,56,90
05/02/2017,EGE,CO,ANM,WE,Federal Contract Tower,0,3,5,1,9,0,0,6,16,22,0,3,11,17,31,2,34,36,67
05/03/2017,EGE,CO,ANM,WE,Federal Contract Tower,1,4,10,0,15,0,0,7,18,25,1,4,17,18,40,8,0,8,48
05/04/2017,EGE,CO,ANM,WE,Federal Contract Tower,1,3,5,1,10,0,0,33,21,54,1,3,38,22,64,14,0,14,78
05/05/2017,EGE,CO,ANM,WE,Federal Contract Tower,1,9,7,0,17,0,0,20,15,35,1,9,27,15,52,36,0,36,88
05/06/2017,EGE,CO,ANM,WE,Federal Contract Tower,0,1,3,0,4,0,0,20,8,28,0,1,23,8,32,14,0,14,46
05/07/2017,EGE,CO,ANM,WE,Federal Contract Tower,0,11,4,1,16,0,0,15,2,17,0,11,19,3,33,0,0,0,33
05/08/2017,EGE,CO,ANM,WE,Federal Contract Tower,1,8,10,2,21,0,0,15,0,15,1,8,25,2,36,14,0,14,50
05/09/2017,EGE,CO,ANM,WE,Federal Contract Tower,1,2,10,1,14,0,0,11,25,36,1,2,21,26,50,6,36,42,92
05/10/2017,EGE,CO,ANM,WE,Federal Contract Tower,1,2,13,0,16,0,0,9,22,31,1,2,22,22,47,14,0,14,61
05/11/2017,EGE,CO,ANM,WE,Federal Contract Tower,1,3,10,0,14,0,0,15,12,27,1,3,25,12,41,8,0,8,49
05/12/2017,EGE,CO,ANM,WE,Federal Contract Tower,0,11,17,0,28,0,0,25,14,39,0,11,42,14,67,4,0,4,71
05/13/2017,EGE,CO,ANM,WE,Federal Contract Tower,0,3,4,0,7,0,0,22,2,24,0,3,26,2,31,22,0,22,53
05/14/2017,EGE,CO,ANM,WE,Federal Contract Tower,0,5,4,0,9,0,0,20,2,22,0,5,24,2,31,0,0,0,31
05/15/2017,EGE,CO,ANM,WE,Federal Contract Tower,1,6,9,0,16,0,0,14,1,15,1,6,23,1,31,6,0,6,37
05/16/2017,EGE,CO,ANM,WE,Federal Contract Tower,1,4,16,1,22,0,0,19,16,35,1,4,35,17,57,80,24,104,161
05/17/2017,EGE,CO,ANM,WE,Federal Contract Tower,1,0,10,0,11,0,0,5,16,21,1,0,15,16,32,16,2,18,50
05/18/2017,EGE,CO,ANM,WE,Federal Contract Tower,0,1,12,0,13,0,0,0,8,8,0,1,12,8,21,0,0,0,21
05/19/2017,EGE,CO,ANM,WE,Federal Contract Tower,1,6,6,0,13,0,0,9,15,24,1,6,15,15,37,42,0,42,79
05/20/2017,EGE,CO,ANM,WE,Federal Contract Tower,0,9,3,1,13,0,0,14,4,18,0,9,17,5,31,28,0,28,59
05/21/2017,EGE,CO,ANM,WE,Federal Contract Tower,0,11,4,1,16,0,0,18,1,19,0,11,22,2,35,10,0,10,45
05/22/2017,EGE,CO,ANM,WE,Federal Contract Tower,1,11,18,3,33,0,0,11,2,13,1,11,29,5,46,10,0,10,56
05/23/2017,EGE,CO,ANM,WE,Federal Contract Tower,1,10,11,0,22,0,0,10,22,32,1,10,21,22,54,14,38,52,106
05/24/2017,EGE,CO,ANM,WE,Federal Contract Tower,1,5,8,2,16,0,0,22,20,42,1,5,30,22,58,20,0,20,78
05/25/2017,EGE,CO,ANM,WE,Federal Contract Tower,1,15,12,0,28,0,0,12,10,22,1,15,24,10,50,24,4,28,78
05/26/2017,EGE,CO,ANM,WE,Federal Contract Tower,0,20,10,0,30,0,0,11,9,20,0,20,21,9,50,14,0,14,64
05/27/2017,EGE,CO,ANM,WE,Federal Contract Tower,0,7,9,0,16,0,0,7,0,7,0,7,16,0,23,8,0,8,31
05/28/2017,EGE,CO,ANM,WE,Federal Contract Tower,0,9,10,0,19,0,0,26,0,26,0,9,36,0,45,14,0,14,59
05/29/2017,EGE,CO,ANM,WE,Federal Contract Tower,1,7,14,0,22,0,0,20,2,22,1,7,34,2,44,14,0,14,58
05/30/2017,EGE,CO,ANM,WE,Federal Contract Tower,1,6,15,2,24,0,0,15,0,15,1,6,30,2,39,20,0,20,59
06/01/2017,EGE,CO,ANM,WE,Federal Contract Tower,1,8,10,0,19,0,0,16,12,28,1,8,26,12,47,12,4,16,63
06/02/2017,EGE,CO,ANM,WE,Federal Contract Tower,1,8,19,0,28,0,0,9,0,9,1,8,28,0,37,0,0,0,37
06/03/2017,EGE,CO,ANM,WE,Federal Contract Tower,0,12,16,0,28,0,0,31,2,33,0,12,47,2,61,26,10,36,97
06/04/2017,EGE,CO,ANM,WE,Federal Contract Tower,0,14,11,1,26,0,0,16,1,17,0,14,27,2,43,22,0,22,65
06/05/2017,EGE,CO,ANM,WE,Federal Contract Tower,2,12,10,0,24,0,0,17,0,17,2,12,27,0,41,2,0,2,43
06/06/2017,EGE,CO,ANM,WE,Federal Contract Tower,3,2,10,0,15,0,0,19,16,35,3,2,29,16,50,0,24,24,74
06/07/2017,EGE,CO,ANM,WE,Federal Contract Tower,3,7,14,1,25,0,1,17,12,30,3,8,31,13,55,26,2,28,83
06/08/2017,EGE,CO,ANM,WE,Federal Contract Tower,2,14,20,0,36,0,0,26,14,40,2,14,46,14,76,36,0,36,112
06/09/2017,EGE,CO,ANM,WE,Federal Contract Tower,0,23,10,2,35,0,0,18,6,24,0,23,28,8,59,18,0,18,77
06/10/2017,EGE,CO,ANM,WE,Federal Contract Tower,4,7,14,0,25,0,2,13,8,23,4,9,27,8,48,12,8,20,68
06/11/2017,EGE,CO,ANM,WE,Federal Contract Tower,3,15,12,3,33,0,1,27,6,34,3,16,39,9,67,16,0,16,83
06/12/2017,EGE,CO,ANM,WE,Federal Contract Tower,0,19,14,0,33,0,0,4,2,6,0,19,18,2,39,28,0,28,67
06/13/2017,EGE,CO,ANM,WE,Federal Contract Tower,3,5,9,0,17,0,0,18,12,30,3,5,27,12,47,24,46,70,117
06/14/2017,EGE,CO,ANM,WE,Federal Contract Tower,3,17,23,1,44,0,0,22,15,37,3,17,45,16,81,18,42,60,141
06/15/2017,EGE,CO,ANM,WE,Federal Contract Tower,3,14,18,2,37,0,1,31,13,45,3,15,49,15,82,20,22,42,124
06/16/2017,EGE,CO,ANM,WE,Federal Contract Tower,0,24,21,0,45,0,0,21,6,27,0,24,42,6,72,20,6,26,98
06/17/2017,EGE,CO,ANM,WE,Federal Contract Tower,0,26,15,1,42,0,0,19,1,20,0,26,34,2,62,18,0,18,80
06/18/2017,EGE,CO,ANM,WE,Federal Contract Tower,2,15,34,0,51,0,0,24,0,24,2,15,58,0,75,0,0,0,75
06/19/2017,EGE,CO,ANM,WE,Federal Contract Tower,3,26,14,0,43,0,1,26,0,27,3,27,40,0,70,14,0,14,84
06/20/2017,EGE,CO,ANM,WE,Federal Contract Tower,3,14,21,0,38,0,0,22,11,33,3,14,43,11,71,8,10,18,89
06/21/2017,EGE,CO,ANM,WE,Federal Contract Tower,2,21,29,0,52,0,0,24,8,32,2,21,53,8,84,12,6,18,102
06/22/2017,EGE,CO,ANM,WE,Federal Contract Tower,2,25,28,1,56,0,0,31,7,38,2,25,59,8,94,46,0,46,140
06/23/2017,EGE,CO,ANM,WE,Federal Contract Tower,2,31,30,0,63,0,0,36,6,42,2,31,66,6,105,52,10,62,167
06/24/2017,EGE,CO,ANM,WE,Federal Contract Tower,3,21,27,0,51,0,0,26,4,30,3,21,53,4,81,6,0,6,87
06/25/2017,EGE,CO,ANM,WE,Federal Contract Tower,3,37,34,0,74,0,0,18,2,20,3,37,52,2,94,10,0,10,104
06/26/2017,EGE,CO,ANM,WE,Federal Contract Tower,2,20,35,0,57,0,0,21,4,25,2,20,56,4,82,10,0,10,92
06/27/2017,EGE,CO,ANM,WE,Federal Contract Tower,1,16,19,0,36,0,0,13,28,41,1,16,32,28,77,0,0,0,77
06/28/2017,EGE,CO,ANM,WE,Federal Contract Tower,3,25,29,0,57,0,12,25,0,37,3,37,54,0,94,6,0,6,100
06/29/2017,EGE,CO,ANM,WE,Federal Contract Tower,2,40,46,0,88,0,0,18,19,37,2,40,64,19,125,26,0,26,151
06/30/2017,EGE,CO,ANM,WE,Federal Contract Tower,2,53,70,0,125,0,0,29,9,38,2,53,99,9,163,16,2,18,181
07/01/2017,EGE,CO,ANM,WE,Federal Contract Tower,5,58,52,0,115,0,0,28,3,31,5,58,80,3,146,14,0,14,160
07/02/2017,EGE,CO,ANM,WE,Federal Contract Tower,3,30,39,0,72,0,0,19,0,19,3,30,58,0,91,10,0,10,101
07/03/2017,EGE,CO,ANM,WE,Federal Contract Tower,4,16,25,0,45,0,0,16,0,16,4,16,41,0,61,0,0,0,61
07/04/2017,EGE,CO,ANM,WE,Federal Contract Tower,4,26,14,0,44,0,0,25,0,25,4,26,39,0,69,38,0,38,107
07/05/2017,EGE,CO,ANM,WE,Federal Contract Tower,4,32,49,0,85,0,4,26,0,30,4,36,75,0,115,24,0,24,139
07/06/2017,EGE,CO,ANM,WE,Federal Contract Tower,4,26,42,1,73,0,0,28,8,36,4,26,70,9,109,14,8,22,131
07/07/2017,EGE,CO,ANM,WE,Federal Contract Tower,4,34,39,0,77,0,0,33,4,37,4,34,72,4,114,52,0,52,166
07/08/2017,EGE,CO,ANM,WE,Federal Contract Tower,5,37,32,2,76,0,1,22,2,25,5,38,54,4,101,24,0,24,125
07/09/2017,EGE,CO,ANM,WE,Federal Contract Tower,5,44,50,0,99,0,0,34,3,37,5,44,84,3,136,18,0,18,154
07/10/2017,EGE,CO,ANM,WE,Federal Contract Tower,4,11,43,0,58,0,0,8,0,8,4,11,51,0,66,26,0,26,92
07/11/2017,EGE,CO,ANM,WE,Federal Contract Tower,4,19,26,3,52,0,0,31,18,49,4,19,57,21,101,28,2,30,131
07/12/2017,EGE,CO,ANM,WE,Federal Contract Tower,4,34,29,1,68,0,0,16,21,37,4,34,45,22,105,18,0,18,123
07/13/2017,EGE,CO,ANM,WE,Federal Contract Tower,5,22,28,0,55,0,0,29,10,39,5,22,57,10,94,8,0,8,102
07/14/2017,EGE,CO,ANM,WE,Federal Contract Tower,4,32,41,0,77,0,1,25,12,38,4,33,66,12,115,28,0,28,143
07/15/2017,EGE,CO,ANM,WE,Federal Contract Tower,3,27,29,0,59,0,0,14,5,19,3,27,43,5,78,10,0,10,88
07/16/2017,EGE,CO,ANM,WE,Federal Contract Tower,6,40,48,0,94,0,0,24,2,26,6,40,72,2,120,6,0,6,126
07/17/2017,EGE,CO,ANM,WE,Federal Contract Tower,4,23,29,0,56,0,0,19,0,19,4,23,48,0,75,6,0,6,81
07/18/2017,EGE,CO,ANM,WE,Federal Contract Tower,4,18,23,0,45,0,0,29,22,51,4,18,52,22,96,0,0,0,96
07/19/2017,EGE,CO,ANM,WE,Federal Contract Tower,4,23,25,0,52,0,0,17,20,37,4,23,42,20,89,34,2,36,125
07/20/2017,EGE,CO,ANM,WE,Federal Contract Tower,5,32,39,0,76,0,2,19,22,43,5,34,58,22,119,42,2,44,163
07/21/2017,EGE,CO,ANM,WE,Federal Contract Tower,4,23,36,0,63,0,0,21,15,36,4,23,57,15,99,28,0,28,127
07/22/2017,EGE,CO,ANM,WE,Federal Contract Tower,4,30,23,0,57,0,0,18,0,18,4,30,41,0,75,0,0,0,75
07/23/2017,EGE,CO,ANM,WE,Federal Contract Tower,5,43,39,3,90,0,0,36,4,40,5,43,75,7,130,14,0,14,144
07/24/2017,EGE,CO,ANM,WE,Federal Contract Tower,4,15,50,0,69,0,1,29,0,30,4,16,79,0,99,44,0,44,143
07/25/2017,EGE,CO,ANM,WE,Federal Contract Tower,4,19,34,0,57,0,0,19,12,31,4,19,53,12,88,10,0,10,98
07/26/2017,EGE,CO,ANM,WE,Federal Contract Tower,5,20,36,0,61,0,0,7,16,23,5,20,43,16,84,12,0,12,96
07/27/2017,EGE,CO,ANM,WE,Federal Contract Tower,5,22,49,0,76,0,0,11,14,25,5,22,60,14,101,10,0,10,111
07/28/2017,EGE,CO,ANM,WE,Federal Contract Tower,4,55,47,0,106,0,0,13,4,17,4,55,60,4,123,8,0,8,131
07/29/2017,EGE,CO,ANM,WE,Federal Contract Tower,5,35,31,2,73,0,0,11,2,13,5,35,42,4,86,18,0,18,104
07/30/2017,EGE,CO,ANM,WE,Federal Contract Tower,4,68,63,0,135,0,0,25,2,27,4,68,88,2,162,4,0,4,166
07/31/2017,EGE,CO,ANM,WE,Federal Contract Tower,5,23,30,0,58,0,0,16,0,16,5,23,46,0,74,18,0,18,92
08/01/2017,EGE,CO,ANM,WE,Federal Contract Tower,4,27,15,1,47,0,0,27,16,43,4,27,42,17,90,18,16,34,124
08/02/2017,EGE,CO,ANM,WE,Federal Contract Tower,5,30,33,0,68,0,0,28,16,44,5,30,61,16,112,14,2,16,128
08/03/2017,EGE,CO,ANM,WE,Federal Contract Tower,5,26,34,0,65,0,1,17,16,34,5,27,51,16,99,12,0,12,111
08/04/2017,EGE,CO,ANM,WE,Federal Contract Tower,4,35,29,0,68,0,0,14,10,24,4,35,43,10,92,6,0,6,98
08/05/2017,EGE,CO,ANM,WE,Federal Contract Tower,4,35,28,0,67,0,0,17,13,30,4,35,45,13,97,4,32,36,133
08/06/2017,EGE,CO,ANM,WE,Federal Contract Tower,5,51,75,2,133,0,0,28,1,29,5,51,103,3,162,8,0,8,170
08/07/2017,EGE,CO,ANM,WE,Federal Contract Tower,4,25,26,0,55,0,0,14,0,14,4,25,40,0,69,8,0,8,77
08/08/2017,EGE,CO,ANM,WE,Federal Contract Tower,4,22,24,0,50,0,0,9,7,16,4,22,33,7,66,18,0,18,84
08/09/2017,EGE,CO,ANM,WE,Federal Contract Tower,6,45,22,0,73,0,0,28,8,36,6,45,50,8,109,0,0,0,109
08/10/2017,EGE,CO,ANM,WE,Federal Contract Tower,5,24,35,0,64,0,0,29,10,39,5,24,64,10,103,16,0,16,119
08/11/2017,EGE,CO,ANM,WE,Federal Contract Tower,4,20,21,0,45,0,0,13,7,20,4,20,34,7,65,6,2,8,73
08/12/2017,EGE,CO,ANM,WE,Federal Contract Tower,5,26,25,0,56,0,0,21,1,22,5,26,46,1,78,16,0,16,94
08/13/2017,EGE,CO,ANM,WE,Federal Contract Tower,5,45,44,2,96,0,0,15,6,21,5,45,59,8,117,2,6,8,125
08/14/2017,EGE,CO,ANM,WE,Federal Contract Tower,4,27,24,0,55,0,0,0,0,0,4,27,24,0,55,0,0,0,55
08/15/2017,EGE,CO,ANM,WE,Federal Contract Tower,4,21,17,0,42,0,1,21,15,37,4,22,38,15,79,0,8,8,87
08/16/2017,EGE,CO,ANM,WE,Federal Contract Tower,6,20,19,2,47,0,0,22,19,41,6,20,41,21,88,14,0,14,102
08/17/2017,EGE,CO,ANM,WE,Federal Contract Tower,5,16,54,0,75,0,0,28,12,40,5,16,82,12,115,2,0,2,117
08/18/2017,EGE,CO,ANM,WE,Federal Contract Tower,4,21,30,0,55,0,0,30,7,37,4,21,60,7,92,4,0,4,96
08/19/2017,EGE,CO,ANM,WE,Federal Contract Tower,4,34,31,0,69,0,0,29,1,30,4,34,60,1,99,16,0,16,115
08/20/2017,EGE,CO,ANM,WE,Federal Contract Tower,5,36,34,0,75,0,0,29,2,31,5,36,63,2,106,6,2,8,114
08/21/2017,EGE,CO,ANM,WE,Federal Contract Tower,6,30,37,0,73,0,0,21,0,21,6,30,58,0,94,0,0,0,94
08/22/2017,EGE,CO,ANM,WE,Federal Contract Tower,3,13,29,1,46,0,0,8,26,34,3,13,37,27,80,0,4,4,84
08/23/2017,EGE,CO,ANM,WE,Federal Contract Tower,5,23,29,0,57,0,1,20,16,37,5,24,49,16,94,14,8,22,116
08/24/2017,EGE,CO,ANM,WE,Federal Contract Tower,5,27,35,0,67,0,0,23,12,35,5,27,58,12,102,18,0,18,120
08/25/2017,EGE,CO,ANM,WE,Federal Contract Tower,4,27,28,0,59,0,0,26,11,37,4,27,54,11,96,8,2,10,106
08/26/2017,EGE,CO,ANM,WE,Federal Contract Tower,5,13,24,1,43,0,2,28,4,34,5,15,52,5,77,0,6,6,83
08/27/2017,EGE,CO,ANM,WE,Federal Contract Tower,4,30,30,0,64,0,0,23,9,32,4,30,53,9,96,12,24,36,132
08/28/2017,EGE,CO,ANM,WE,Federal Contract Tower,4,15,18,3,40,0,0,17,1,18,4,15,35,4,58,16,0,16,74
08/29/2017,EGE,CO,ANM,WE,Federal Contract Tower,4,14,14,1,33,0,0,25,19,44,4,14,39,20,77,16,8,24,101
08/30/2017,EGE,CO,ANM,WE,Federal Contract Tower,4,31,18,2,55,0,0,19,12,31,4,31,37,14,86,12,2,14,100
08/31/2017,EGE,CO,ANM,WE,Federal Contract Tower,4,39,23,0,66,0,1,20,28,49,4,40,43,28,115,10,0,10,125
09/01/2017,EGE,CO,ANM,WE,Federal Contract Tower,4,28,43,1,76,0,0,19,4,23,4,28,62,5,99,6,0,6,105
09/02/2017,EGE,CO,ANM,WE,Federal Contract Tower,1,19,32,0,52,0,0,18,0,18,1,19,50,0,70,4,0,4,74
09/03/2017,EGE,CO,ANM,WE,Federal Contract Tower,2,15,17,0,34,0,0,17,0,17,2,15,34,0,51,0,0,0,51
09/04/2017,EGE,CO,ANM,WE,Federal Contract Tower,4,44,53,0,101,0,0,20,0,20,4,44,73,0,121,6,0,6,127
09/05/2017,EGE,CO,ANM,WE,Federal Contract Tower,4,27,30,0,61,0,0,16,0,16,4,27,46,0,77,12,0,12,89
09/06/2017,EGE,CO,ANM,WE,Federal Contract Tower,4,20,27,2,53,0,1,25,4,30,4,21,52,6,83,4,0,4,87
09/07/2017,EGE,CO,ANM,WE,Federal Contract Tower,4,19,24,0,47,0,0,18,10,28,4,19,42,10,75,0,12,12,87
09/08/2017,EGE,CO,ANM,WE,Federal Contract Tower,3,11,21,0,35,0,0,19,2,21,3,11,40,2,56,20,10,30,86
09/09/2017,EGE,CO,ANM,WE,Federal Contract Tower,4,12,20,2,38,0,0,19,2,21,4,12,39,4,59,14,0,14,73
09/10/2017,EGE,CO,ANM,WE,Federal Contract Tower,3,25,33,3,64,0,0,31,6,37,3,25,64,9,101,8,6,14,115
09/11/2017,EGE,CO,ANM,WE,Federal Contract Tower,3,27,18,0,48,0,0,32,0,32,3,27,50,0,80,14,0,14,94
09/12/2017,EGE,CO,ANM,WE,Federal Contract Tower,4,18,21,4,47,0,0,11,16,27,4,18,32,20,74,0,10,10,84
09/13/2017,EGE,CO,ANM,WE,Federal Contract Tower,4,7,24,0,35,0,0,20,20,40,4,7,44,20,75,2,8,10,85
09/14/2017,EGE,CO,ANM,WE,Federal Contract Tower,4,11,40,0,55,0,0,16,17,33,4,11,56,17,88,0,0,0,88
09/15/2017,EGE,CO,ANM,WE,Federal Contract Tower,4,32,19,4,59,0,0,33,12,45,4,32,52,16,104,16,0,16,120
09/16/2017,EGE,CO,ANM,WE,Federal Contract Tower,3,15,26,0,44,0,0,22,3,25,3,15,48,3,69,18,0,18,87
09/17/2017,EGE,CO,ANM,WE,Federal Contract Tower,4,25,24,0,53,0,0,20,2,22,4,25,44,2,75,0,0,0,75
09/18/2017,EGE,CO,ANM,WE,Federal Contract Tower,4,12,28,2,46,0,0,20,0,20,4,12,48,2,66,0,0,0,66
09/19/2017,EGE,CO,ANM,WE,Federal Contract Tower,4,11,19,0,34,0,0,12,13,25,4,11,31,13,59,4,8,12,71
09/20/2017,EGE,CO,ANM,WE,Federal Contract Tower,4,12,30,0,46,0,0,22,12,34,4,12,52,12,80,18,0,18,98
09/21/2017,EGE,CO,ANM,WE,Federal Contract Tower,4,22,21,0,47,0,0,7,10,17,4,22,28,10,64,0,0,0,64
09/22/2017,EGE,CO,ANM,WE,Federal Contract Tower,4,20,17,0,41,0,0,7,7,14,4,20,24,7,55,32,0,32,87
09/23/2017,EGE,CO,ANM,WE,Federal Contract Tower,3,17,16,0,36,0,0,8,0,8,3,17,24,0,44,14,0,14,58
09/24/2017,EGE,CO,ANM,WE,Federal Contract Tower,4,27,30,0,61,0,0,17,0,17,4,27,47,0,78,0,0,0,78
09/25/2017,EGE,CO,ANM,WE,Federal Contract Tower,4,8,10,0,22,0,1,18,0,19,4,9,28,0,41,22,0,22,63
09/26/2017,EGE,CO,ANM,WE,Federal Contract Tower,4,9,7,0,20,0,0,29,0,29,4,9,36,0,49,26,12,38,87
09/27/2017,EGE,CO,ANM,WE,Federal Contract Tower,4,18,6,0,28,0,0,13,10,23,4,18,19,10,51,16,0,16,67
09/28/2017,EGE,CO,ANM,WE,Federal Contract Tower,4,8,13,0,25,0,0,15,12,27,4,8,28,12,52,12,0,12,64
09/29/2017,EGE,CO,ANM,WE,Federal Contract Tower,4,17,17,0,38,0,0,13,8,21,4,17,30,8,59,18,0,18,77
09/30/2017,EGE,CO,ANM,WE,Federal Contract Tower,2,15,8,0,25,0,0,16,0,16,2,15,24,0,41,0,0,0,41
10/01/2017,EGE,CO,ANM,WE,Federal Contract Tower,4,19,20,0,43,0,0,12,0,12,4,19,32,0,55,2,0,2,57
10/02/2017,EGE,CO,ANM,WE,Federal Contract Tower,1,4,5,0,10,0,0,0,0,0,1,4,5,0,10,0,0,0,10
10/03/2017,EGE,CO,ANM,WE,Federal Contract Tower,4,11,9,0,24,0,0,13,4,17,4,11,22,4,41,0,0,0,41
10/04/2017,EGE,CO,ANM,WE,Federal Contract Tower,4,4,11,0,19,0,1,8,2,11,4,5,19,2,30,12,0,12,42
10/05/2017,EGE,CO,ANM,WE,Federal Contract Tower,5,17,21,0,43,0,0,16,0,16,5,17,37,0,59,0,0,0,59
10/06/2017,EGE,CO,ANM,WE,Federal Contract Tower,4,18,17,0,39,0,0,26,0,26,4,18,43,0,65,22,0,22,87
10/07/2017,EGE,CO,ANM,WE,Federal Contract Tower,4,9,7,0,20,0,0,21,0,21,4,9,28,0,41,2,0,2,43
10/08/2017,EGE,CO,ANM,WE,Federal Contract Tower,5,24,20,0,49,0,0,26,8,34,5,24,46,8,83,22,4,26,109
10/09/2017,EGE,CO,ANM,WE,Federal Contract Tower,2,9,5,0,16,0,0,2,0,2,2,9,7,0,18,0,0,0,18
10/10/2017,EGE,CO,ANM,WE,Federal Contract Tower,4,9,15,0,28,0,0,17,2,19,4,9,32,2,47,5,2,7,54
10/11/2017,EGE,CO,ANM,WE,Federal Contract Tower,4,4,12,1,21,0,0,26,19,45,4,4,38,20,66,14,0,14,80
10/12/2017,EGE,CO,ANM,WE,Federal Contract Tower,4,11,14,0,29,0,0,16,2,18,4,11,30,2,47,4,7,11,58
10/13/2017,EGE,CO,ANM,WE,Federal Contract Tower,3,15,10,0,28,0,0,22,6,28,3,15,32,6,56,7,0,7,63
10/14/2017,EGE,CO,ANM,WE,Federal Contract Tower,4,10,8,2,24,0,0,11,6,17,4,10,19,8,41,0,32,32,73
10/15/2017,EGE,CO,ANM,WE,Federal Contract Tower,4,10,18,0,32,0,0,25,1,26,4,10,43,1,58,8,12,20,78
10/16/2017,EGE,CO,ANM,WE,Federal Contract Tower,4,12,9,0,25,0,0,11,0,11,4,12,20,0,36,12,0,12,48
10/17/2017,EGE,CO,ANM,WE,Federal Contract Tower,4,6,12,2,24,0,0,21,0,21,4,6,33,2,45,20,0,20,65
10/18/2017,EGE,CO,ANM,WE,Federal Contract Tower,4,0,5,0,9,0,1,29,0,30,4,1,34,0,39,10,0,10,49
10/19/2017,EGE,CO,ANM,WE,Federal Contract Tower,4,9,8,0,21,0,0,18,2,20,4,9,26,2,41,0,6,6,47
10/20/2017,EGE,CO,ANM,WE,Federal Contract Tower,4,9,8,0,21,0,0,8,10,18,4,9,16,10,39,14,0,14,53
10/21/2017,EGE,CO,ANM,WE,Federal Contract Tower,4,1,5,0,10,0,0,8,2,10,4,1,13,2,20,0,0,0,20
10/22/2017,EGE,CO,ANM,WE,Federal Contract Tower,4,5,9,0,18,0,0,18,0,18,4,5,27,0,36,12,0,12,48
10/23/2017,EGE,CO,ANM,WE,Federal Contract Tower,4,14,5,0,23,0,0,7,0,7,4,14,12,0,30,0,0,0,30
10/24/2017,EGE,CO,ANM,WE,Federal Contract Tower,4,7,6,0,17,0,0,28,0,28,4,7,34,0,45,16,0,16,61
10/25/2017,EGE,CO,ANM,WE,Federal Contract Tower,5,13,2,0,20,0,0,21,0,21,5,13,23,0,41,10,0,10,51
10/26/2017,EGE,CO,ANM,WE,Federal Contract Tower,4,13,8,0,25,0,0,16,0,16,4,13,24,0,41,36,2,38,79
10/27/2017,EGE,CO,ANM,WE,Federal Contract Tower,4,5,14,0,23,0,0,27,0,27,4,5,41,0,50,30,0,30,80
10/28/2017,EGE,CO,ANM,WE,Federal Contract Tower,8,5,5,2,20,0,0,12,6,18,8,5,17,8,38,38,18,56,94
10/29/2017,EGE,CO,ANM,WE,Federal Contract Tower,4,3,10,0,17,0,0,28,1,29,4,3,38,1,46,22,0,22,68
10/30/2017,EGE,CO,ANM,WE,Federal Contract Tower,4,6,8,0,18,0,0,12,0,12,4,6,20,0,30,32,0,32,62
10/31/2017,EGE,CO,ANM,WE,Federal Contract Tower,4,1,4,0,9,0,0,10,15,25,4,1,14,15,34,20,16,36,70
11/01/2017,EGE,CO,ANM,WE,Federal Contract Tower,4,5,6,0,15,0,0,11,0,11,4,5,17,0,26,16,20,36,62
11/02/2017,EGE,CO,ANM,WE,Federal Contract Tower,4,11,10,1,26,0,0,13,1,14,4,11,23,2,40,0,12,12,52
11/03/2017,EGE,CO,ANM,WE,Federal Contract Tower,4,6,12,0,22,0,0,17,0,17,4,6,29,0,39,14,9,23,62
11/04/2017,EGE,CO,ANM,WE,Federal Contract Tower,4,8,4,0,16,0,0,2,0,2,4,8,6,0,18,0,0,0,18
11/05/2017,EGE,CO,ANM,WE,Federal Contract Tower,4,12,9,0,25,0,0,0,0,0,4,12,9,0,25,0,0,0,25
11/06/2017,EGE,CO,ANM,WE,Federal Contract Tower,4,10,1,0,15,0,0,10,0,10,4,10,11,0,25,24,0,24,49
11/07/2017,EGE,CO,ANM,WE,Federal Contract Tower,4,2,7,0,13,0,0,6,2,8,4,2,13,2,21,0,8,8,29
11/08/2017,EGE,CO,ANM,WE,Federal Contract Tower,4,10,11,0,25,0,0,16,0,16,4,10,27,0,41,26,0,26,67
11/09/2017,EGE,CO,ANM,WE,Federal Contract Tower,4,4,11,4,23,0,0,18,0,18,4,4,29,4,41,16,2,18,59
11/10/2017,EGE,CO,ANM,WE,Federal Contract Tower,4,12,6,0,22,0,0,24,2,26,4,12,30,2,48,34,0,34,82
11/11/2017,EGE,CO,ANM,WE,Federal Contract Tower,4,1,4,2,11,0,0,20,1,21,4,1,24,3,32,0,0,0,32
11/12/2017,EGE,CO,ANM,WE,Federal Contract Tower,4,13,12,3,32,0,0,26,0,26,4,13,38,3,58,4,0,4,62
11/13/2017,EGE,CO,ANM,WE,Federal Contract Tower,4,9,7,0,20,0,0,15,0,15,4,9,22,0,35,12,0,12,47
11/14/2017,EGE,CO,ANM,WE,Federal Contract Tower,4,4,5,0,13,0,0,16,0,16,4,4,21,0,29,24,0,24,53
11/15/2017,EGE,CO,ANM,WE,Federal Contract Tower,4,12,8,0,24,0,0,11,8,19,4,12,19,8,43,14,6,20,63
11/16/2017,EGE,CO,ANM,WE,Federal Contract Tower,4,9,6,3,22,0,0,13,3,16,4,9,19,6,38,22,0,22,60
11/17/2017,EGE,CO,ANM,WE,Federal Contract Tower,4,15,10,0,29,0,0,2,0,2,4,15,12,0,31,0,0,0,31
11/18/2017,EGE,CO,ANM,WE,Federal Contract Tower,4,11,16,0,31,0,0,10,0,10,4,11,26,0,41,6,0,6,47
11/19/2017,EGE,CO,ANM,WE,Federal Contract Tower,4,11,14,0,29,0,0,22,0,22,4,11,36,0,51,8,0,8,59
11/20/2017,EGE,CO,ANM,WE,Federal Contract Tower,4,9,22,0,35,0,0,7,6,13,4,9,29,6,48,0,0,0,48
11/21/2017,EGE,CO,ANM,WE,Federal Contract Tower,4,23,27,0,54,0,0,9,0,9,4,23,36,0,63,0,0,0,63
11/22/2017,EGE,CO,ANM,WE,Federal Contract Tower,4,16,37,0,57,0,0,10,2,12,4,16,47,2,69,0,2,2,71
11/23/2017,EGE,CO,ANM,WE,Federal Contract Tower,2,1,11,0,14,0,0,6,0,6,2,1,17,0,20,4,0,4,24
11/24/2017,EGE,CO,ANM,WE,Federal Contract Tower,4,16,9,0,29,0,0,4,0,4,4,16,13,0,33,0,0,0,33
11/25/2017,EGE,CO,ANM,WE,Federal Contract Tower,4,16,23,0,43,0,0,10,0,10,4,16,33,0,53,0,0,0,53
11/26/2017,EGE,CO,ANM,WE,Federal Contract Tower,4,23,49,0,76,0,1,35,0,36,4,24,84,0,112,14,0,14,126
11/27/2017,EGE,CO,ANM,WE,Federal Contract Tower,4,14,14,0,32,0,1,8,0,9,4,15,22,0,41,0,0,0,41
11/28/2017,EGE,CO,ANM,WE,Federal Contract Tower,5,10,6,2,23,5,0,15,0,20,10,10,21,2,43,38,0,38,81
11/29/2017,EGE,CO,ANM,WE,Federal Contract Tower,5,8,13,2,28,0,0,10,11,21,5,8,23,13,49,8,5,13,62
11/30/2017,EGE,CO,ANM,WE,Federal Contract Tower,5,12,6,0,23,0,0,26,0,26,5,12,32,0,49,40,5,45,94
12/01/2017,EGE,CO,ANM,WE,Federal Contract Tower,5,11,15,0,31,0,0,45,0,45,5,11,60,0,76,12,0,12,88
12/02/2017,EGE,CO,ANM,WE,Federal Contract Tower,5,11,14,0,30,0,0,34,7,41,5,11,48,7,71,30,6,36,107
12/03/2017,EGE,CO,ANM,WE,Federal Contract Tower,5,16,11,0,32,0,0,9,1,10,5,16,20,1,42,4,0,4,46
12/04/2017,EGE,CO,ANM,WE,Federal Contract Tower,5,6,7,0,18,0,0,3,0,3,5,6,10,0,21,14,0,14,35
12/05/2017,EGE,CO,ANM,WE,Federal Contract Tower,5,5,14,0,24,0,0,24,13,37,5,5,38,13,61,38,8,46,107
12/06/2017,EGE,CO,ANM,WE,Federal Contract Tower,5,4,8,0,17,0,0,16,0,16,5,4,24,0,33,0,26,26,59
12/07/2017,EGE,CO,ANM,WE,Federal Contract Tower,5,2,9,0,16,0,0,12,0,12,5,2,21,0,28,44,11,55,83
12/08/2017,EGE,CO,ANM,WE,Federal Contract Tower,5,12,16,0,33,0,0,20,0,20,5,12,36,0,53,18,6,24,77
12/09/2017,EGE,CO,ANM,WE,Federal Contract Tower,5,3,4,0,12,0,0,23,1,24,5,3,27,1,36,10,0,10,46
12/10/2017,EGE,CO,ANM,WE,Federal Contract Tower,5,12,17,0,34,0,0,18,0,18,5,12,35,0,52,12,0,12,64
12/11/2017,EGE,CO,ANM,WE,Federal Contract Tower,5,8,22,4,39,0,0,15,0,15,5,8,37,4,54,18,0,18,72
12/12/2017,EGE,CO,ANM,WE,Federal Contract Tower,4,5,15,0,24,0,0,24,15,39,4,5,39,15,63,8,10,18,81
12/13/2017,EGE,CO,ANM,WE,Federal Contract Tower,5,7,16,0,28,0,0,32,7,39,5,7,48,7,67,22,12,34,101
12/14/2017,EGE,CO,ANM,WE,Federal Contract Tower,5,7,21,0,33,0,0,32,7,39,5,7,53,7,72,0,0,0,72
12/15/2017,EGE,CO,ANM,WE,Federal Contract Tower,20,34,29,0,83,0,0,25,0,25,20,34,54,0,108,48,8,56,164
12/16/2017,EGE,CO,ANM,WE,Federal Contract Tower,26,40,53,0,119,0,0,7,2,9,26,40,60,2,128,4,0,4,132
12/17/2017,EGE,CO,ANM,WE,Federal Contract Tower,22,9,27,0,58,0,0,28,0,28,22,9,55,0,86,0,0,0,86
12/18/2017,EGE,CO,ANM,WE,Federal Contract Tower,22,42,33,0,97,0,0,23,0,23,22,42,56,0,120,24,0,24,144
12/19/2017,EGE,CO,ANM,WE,Federal Contract Tower,22,37,40,0,99,0,0,23,5,28,22,37,63,5,127,22,0,22,149
12/20/2017,EGE,CO,ANM,WE,Federal Contract Tower,30,52,80,2,164,0,0,27,3,30,30,52,107,5,194,6,4,10,204
12/21/2017,EGE,CO,ANM,WE,Federal Contract Tower,33,40,57,0,130,0,0,3,0,3,33,40,60,0,133,0,0,0,133
12/22/2017,EGE,CO,ANM,WE,Federal Contract Tower,33,62,102,0,197,0,0,8,2,10,33,62,110,2,207,0,2,2,209
12/23/2017,EGE,CO,ANM,WE,Federal Contract Tower,43,42,55,0,140,0,0,0,0,0,43,42,55,0,140,0,0,0,140
12/24/2017,EGE,CO,ANM,WE,Federal Contract Tower,38,32,26,0,96,0,0,8,0,8,38,32,34,0,104,0,0,0,104
12/25/2017,EGE,CO,ANM,WE,Federal Contract Tower,32,31,33,2,98,0,0,0,0,0,32,31,33,2,98,0,0,0,98
12/26/2017,EGE,CO,ANM,WE,Federal Contract Tower,33,89,134,1,257,0,0,0,2,2,33,89,134,3,259,0,0,0,259
12/27/2017,EGE,CO,ANM,WE,Federal Contract Tower,34,62,131,0,227,0,0,10,0,10,34,62,141,0,237,0,0,0,237
12/28/2017,EGE,CO,ANM,WE,Federal Contract Tower,34,54,84,0,172,0,0,0,0,0,34,54,84,0,172,0,0,0,172
12/29/2017,EGE,CO,ANM,WE,Federal Contract Tower,35,55,66,0,156,0,1,7,0,8,35,56,73,0,164,10,0,10,174
12/30/2017,EGE,CO,ANM,WE,Federal Contract Tower,44,75,84,0,203,0,0,5,0,5,44,75,89,0,208,0,0,0,208
12/31/2017,EGE,CO,ANM,WE,Federal Contract Tower,36,62,52,0,150,0,0,10,0,10,36,62,62,0,160,0,0,0,160
01/01/2018,EGE,CO,ANM,WE,Federal Contract Tower,27,74,94,4,199,0,0,5,0,5,27,74,99,4,204,0,0,0,204
01/02/2018,EGE,CO,ANM,WE,Federal Contract Tower,36,98,151,0,285,0,0,12,0,12,36,98,163,0,297,4,3,7,304
01/03/2018,EGE,CO,ANM,WE,Federal Contract Tower,33,85,82,2,202,0,0,10,2,12,33,85,92,4,214,16,6,22,236
01/04/2018,EGE,CO,ANM,WE,Federal Contract Tower,29,31,62,0,122,0,0,21,4,25,29,31,83,4,147,60,4,64,211
01/05/2018,EGE,CO,ANM,WE,Federal Contract Tower,33,50,61,2,146,0,0,49,2,51,33,50,110,4,197,46,0,46,243
01/06/2018,EGE,CO,ANM,WE,Federal Contract Tower,45,49,68,1,163,0,0,9,0,9,45,49,77,1,172,16,0,16,188
01/07/2018,EGE,CO,ANM,WE,Federal Contract Tower,39,47,58,0,144,0,0,28,0,28,39,47,86,0,172,0,0,0,172
01/08/2018,EGE,CO,ANM,WE,Federal Contract Tower,25,24,36,0,85,0,0,18,0,18,25,24,54,0,103,20,0,20,123
01/09/2018,EGE,CO,ANM,WE,Federal Contract Tower,23,21,27,0,71,0,0,7,18,25,23,21,34,18,96,36,8,44,140
01/10/2018,EGE,CO,ANM,WE,Federal Contract Tower,24,20,18,0,62,0,0,2,14,16,24,20,20,14,78,22,2,24,102
01/11/2018,EGE,CO,ANM,WE,Federal Contract Tower,25,31,37,2,95,0,0,57,17,74,25,31,94,19,169,0,0,0,169
01/12/2018,EGE,CO,ANM,WE,Federal Contract Tower,28,30,40,0,98,0,10,0,12,22,28,40,40,12,120,46,4,50,170
01/13/2018,EGE,CO,ANM,WE,Federal Contract Tower,39,21,25,0,85,0,0,18,3,21,39,21,43,3,106,8,0,8,114
01/14/2018,EGE,CO,ANM,WE,Federal Contract Tower,32,18,30,0,80,0,0,22,0,22,32,18,52,0,102,12,0,12,114
01/15/2018,EGE,CO,ANM,WE,Federal Contract Tower,26,56,58,0,140,0,1,11,0,12,26,57,69,0,152,4,0,4,156
01/16/2018,EGE,CO,ANM,WE,Federal Contract Tower,22,14,15,0,51,0,0,33,0,33,22,14,48,0,84,6,0,6,90
01/17/2018,EGE,CO,ANM,WE,Federal Contract Tower,24,22,14,0,60,0,0,27,5,32,24,22,41,5,92,8,8,16,108
01/18/2018,EGE,CO,ANM,WE,Federal Contract Tower,26,17,28,0,71,0,0,38,2,40,26,17,66,2,111,0,0,0,111
01/19/2018,EGE,CO,ANM,WE,Federal Contract Tower,26,24,36,0,86,0,0,36,2,38,26,24,72,2,124,0,0,0,124
01/20/2018,EGE,CO,ANM,WE,Federal Contract Tower,39,18,27,1,85,0,0,16,3,19,39,18,43,4,104,0,0,0,104
01/21/2018,EGE,CO,ANM,WE,Federal Contract Tower,30,30,27,0,87,0,0,0,0,0,30,30,27,0,87,0,0,0,87
01/22/2018,EGE,CO,ANM,WE,Federal Contract Tower,26,13,35,0,74,0,0,14,0,14,26,13,49,0,88,16,0,16,104
01/23/2018,EGE,CO,ANM,WE,Federal Contract Tower,25,14,20,0,59,0,0,10,25,35,25,14,30,25,94,6,8,14,108
01/24/2018,EGE,CO,ANM,WE,Federal Contract Tower,23,20,30,0,73,0,0,22,17,39,23,20,52,17,112,14,0,14,126
01/25/2018,EGE,CO,ANM,WE,Federal Contract Tower,25,22,33,1,81,0,0,12,11,23,25,22,45,12,104,0,0,0,104
01/26/2018,EGE,CO,ANM,WE,Federal Contract Tower,27,55,26,0,108,0,0,1,12,13,27,55,27,12,121,0,0,0,121
01/27/2018,EGE,CO,ANM,WE,Federal Contract Tower,39,22,19,2,82,0,0,23,0,23,39,22,42,2,105,3,0,3,108
01/28/2018,EGE,CO,ANM,WE,Federal Contract Tower,31,25,39,0,95,0,0,20,0,20,31,25,59,0,115,0,0,0,115
01/29/2018,EGE,CO,ANM,WE,Federal Contract Tower,26,20,12,0,58,0,0,18,0,18,26,20,30,0,76,22,0,22,98
01/30/2018,EGE,CO,ANM,WE,Federal Contract Tower,24,14,20,0,58,0,0,18,29,47,24,14,38,29,105,12,22,34,139
01/31/2018,EGE,CO,ANM,WE,Federal Contract Tower,24,20,22,0,66,0,0,9,17,26,24,20,31,17,92,2,0,2,94
02/01/2018,EGE,CO,ANM,WE,Federal Contract Tower,26,29,51,0,106,0,0,7,30,37,26,29,58,30,143,0,0,0,143
02/02/2018,EGE,CO,ANM,WE,Federal Contract Tower,27,26,21,0,74,0,0,12,15,27,27,26,33,15,101,14,0,14,115
02/03/2018,EGE,CO,ANM,WE,Federal Contract Tower,39,21,24,0,84,0,0,4,0,4,39,21,28,0,88,0,0,0,88
02/04/2018,EGE,CO,ANM,WE,Federal Contract Tower,31,31,38,0,100,0,0,9,0,9,31,31,47,0,109,0,0,0,109
02/05/2018,EGE,CO,ANM,WE,Federal Contract Tower,24,20,47,0,91,0,0,5,0,5,24,20,52,0,96,14,0,14,110
02/06/2018,EGE,CO,ANM,WE,Federal Contract Tower,28,18,26,0,72,0,0,2,22,24,28,18,28,22,96,0,40,40,136
02/07/2018,EGE,CO,ANM,WE,Federal Contract Tower,24,24,30,1,79,0,0,18,32,50,24,24,48,33,129,18,22,40,169
02/08/2018,EGE,CO,ANM,WE,Federal Contract Tower,27,49,48,2,126,0,0,13,29,42,27,49,61,31,168,0,0,0,168
02/09/2018,EGE,CO,ANM,WE,Federal Contract Tower,23,20,54,0,97,0,0,16,3,19,23,20,70,3,116,0,0,0,116
02/10/2018,EGE,CO,ANM,WE,Federal Contract Tower,24,7,10,0,41,0,0,0,0,0,24,7,10,0,41,0,0,0,41
02/11/2018,EGE,CO,ANM,WE,Federal Contract Tower,38,73,74,0,185,0,0,21,0,21,38,73,95,0,206,0,0,0,206
02/12/2018,EGE,CO,ANM,WE,Federal Contract Tower,24,15,17,0,56,0,0,0,1,1,24,15,17,1,57,0,0,0,57
02/13/2018,EGE,CO,ANM,WE,Federal Contract Tower,31,32,51,0,114,0,0,2,18,20,31,32,53,18,134,0,10,10,144
02/14/2018,EGE,CO,ANM,WE,Federal Contract Tower,24,37,68,0,129,0,0,0,18,18,24,37,68,18,147,0,4,4,151
02/15/2018,EGE,CO,ANM,WE,Federal Contract Tower,26,82,73,1,182,0,0,0,8,8,26,82,73,9,190,0,0,0,190
02/16/2018,EGE,CO,ANM,WE,Federal Contract Tower,27,72,105,0,204,0,0,22,11,33,27,72,127,11,237,0,0,0,237
02/17/2018,EGE,CO,ANM,WE,Federal Contract Tower,43,37,51,0,131,0,0,18,0,18,43,37,69,0,149,0,0,0,149
02/18/2018,EGE,CO,ANM,WE,Federal Contract Tower,34,50,73,0,157,0,0,12,0,12,34,50,85,0,169,0,0,0,169
02/19/2018,EGE,CO,ANM,WE,Federal Contract Tower,18,67,77,0,162,0,0,0,0,0,18,67,77,0,162,0,0,0,162
02/20/2018,EGE,CO,ANM,WE,Federal Contract Tower,31,76,77,0,184,0,0,2,2,4,31,76,79,2,188,0,0,0,188
02/21/2018,EGE,CO,ANM,WE,Federal Contract Tower,29,40,36,0,105,0,0,21,4,25,29,40,57,4,130,2,55,57,187
02/22/2018,EGE,CO,ANM,WE,Federal Contract Tower,28,31,53,0,112,0,0,4,0,4,28,31,57,0,116,0,0,0,116
02/23/2018,EGE,CO,ANM,WE,Federal Contract Tower,28,41,43,0,112,0,0,2,5,7,28,41,45,5,119,0,0,0,119
02/24/2018,EGE,CO,ANM,WE,Federal Contract Tower,43,49,53,0,145,0,0,10,0,10,43,49,63,0,155,6,0,6,161
02/25/2018,EGE,CO,ANM,WE,Federal Contract Tower,35,45,74,0,154,0,0,6,0,6,35,45,80,0,160,8,0,8,168
02/26/2018,EGE,CO,ANM,WE,Federal Contract Tower,32,24,28,0,84,0,1,26,0,27,32,25,54,0,111,0,0,0,111
02/27/2018,EGE,CO,ANM,WE,Federal Contract Tower,28,22,9,0,59,0,0,14,27,41,28,22,23,27,100,8,26,34,134
02/28/2018,EGE,CO,ANM,WE,Federal Contract Tower,28,28,32,0,88,0,0,11,20,31,28,28,43,20,119,26,2,28,147
03/01/2018,EGE,CO,ANM,WE,Federal Contract Tower,27,43,49,0,119,0,0,17,57,74,27,43,66,57,193,0,0,0,193
03/02/2018,EGE,CO,ANM,WE,Federal Contract Tower,28,32,44,4,108,0,0,19,13,32,28,32,63,17,140,0,0,0,140
03/03/2018,EGE,CO,ANM,WE,Federal Contract Tower,42,25,57,0,124,0,0,19,0,19,42,25,76,0,143,25,0,25,168
03/04/2018,EGE,CO,ANM,WE,Federal Contract Tower,34,43,52,0,129,0,0,5,0,5,34,43,57,0,134,0,0,0,134
03/05/2018,EGE,CO,ANM,WE,Federal Contract Tower,27,37,53,0,117,0,1,5,0,6,27,38,58,0,123,0,0,0,123
03/06/2018,EGE,CO,ANM,WE,Federal Contract Tower,27,21,20,1,69,0,0,16,15,31,27,21,36,16,100,0,12,12,112
03/07/2018,EGE,CO,ANM,WE,Federal Contract Tower,26,26,38,4,94,0,0,32,10,42,26,26,70,14,136,64,0,64,200
03/08/2018,EGE,CO,ANM,WE,Federal Contract Tower,26,23,41,0,90,0,0,52,12,64,26,23,93,12,154,0,0,0,154
03/09/2018,EGE,CO,ANM,WE,Federal Contract Tower,29,39,83,1,152,0,0,29,31,60,29,39,112,32,212,0,0,0,212
03/10/2018,EGE,CO,ANM,WE,Federal Contract Tower,41,53,79,0,173,0,0,44,0,44,41,53,123,0,217,0,0,0,217
03/11/2018,EGE,CO,ANM,WE,Federal Contract Tower,34,41,97,0,172,0,0,21,0,21,34,41,118,0,193,0,0,0,193
03/12/2018,EGE,CO,ANM,WE,Federal Contract Tower,28,38,28,0,94,0,0,22,0,22,28,38,50,0,116,0,0,0,116
03/13/2018,EGE,CO,ANM,WE,Federal Contract Tower,28,32,35,0,95,0,0,38,17,55,28,32,73,17,150,50,6,56,206
03/14/2018,EGE,CO,ANM,WE,Federal Contract Tower,28,34,37,2,101,0,0,22,9,31,28,34,59,11,132,24,0,24,156
03/15/2018,EGE,CO,ANM,WE,Federal Contract Tower,33,33,57,0,123,0,0,16,17,33,33,33,73,17,156,0,0,0,156
03/16/2018,EGE,CO,ANM,WE,Federal Contract Tower,29,38,86,1,154,0,0,38,10,48,29,38,124,11,202,0,0,0,202
03/17/2018,EGE,CO,ANM,WE,Federal Contract Tower,42,61,93,0,196,0,0,18,0,18,42,61,111,0,214,28,0,28,242
03/18/2018,EGE,CO,ANM,WE,Federal Contract Tower,36,55,68,0,159,0,0,3,0,3,36,55,71,0,162,0,0,0,162
03/19/2018,EGE,CO,ANM,WE,Federal Contract Tower,26,36,44,0,106,0,0,20,0,20,26,36,64,0,126,18,0,18,144
03/20/2018,EGE,CO,ANM,WE,Federal Contract Tower,25,22,24,2,73,0,0,6,17,23,25,22,30,19,96,2,6,8,104
03/21/2018,EGE,CO,ANM,WE,Federal Contract Tower,23,28,35,0,86,0,0,15,26,41,23,28,50,26,127,0,0,0,127
03/22/2018,EGE,CO,ANM,WE,Federal Contract Tower,25,29,59,0,113,0,0,26,14,40,25,29,85,14,153,26,2,28,181
03/23/2018,EGE,CO,ANM,WE,Federal Contract Tower,29,50,78,0,157,0,0,0,0,0,29,50,78,0,157,0,0,0,157
03/24/2018,EGE,CO,ANM,WE,Federal Contract Tower,42,50,99,0,191,0,0,18,0,18,42,50,117,0,209,17,0,17,226
03/25/2018,EGE,CO,ANM,WE,Federal Contract Tower,36,51,74,0,161,0,0,13,0,13,36,51,87,0,174,0,0,0,174
03/26/2018,EGE,CO,ANM,WE,Federal Contract Tower,26,25,31,0,82,0,0,11,0,11,26,25,42,0,93,2,0,2,95
03/27/2018,EGE,CO,ANM,WE,Federal Contract Tower,25,15,16,0,56,0,0,23,15,38,25,15,39,15,94,26,4,30,124
03/28/2018,EGE,CO,ANM,WE,Federal Contract Tower,25,22,25,0,72,0,0,10,16,26,25,22,35,16,98,34,0,34,132
03/29/2018,EGE,CO,ANM,WE,Federal Contract Tower,27,29,30,6,92,0,0,41,9,50,27,29,71,15,142,0,0,0,142
03/30/2018,EGE,CO,ANM,WE,Federal Contract Tower,27,25,27,2,81,0,0,40,22,62,27,25,67,24,143,0,0,0,143
03/31/2018,EGE,CO,ANM,WE,Federal Contract Tower,39,26,58,0,123,0,0,15,1,16,39,26,73,1,139,0,0,0,139
04/01/2018,EGE,CO,ANM,WE,Federal Contract Tower,30,36,67,2,135,0,0,7,3,10,30,36,74,5,145,2,16,18,163
04/02/2018,EGE,CO,ANM,WE,Federal Contract Tower,24,31,33,2,90,0,0,7,0,7,24,31,40,2,97,0,0,0,97
04/03/2018,EGE,CO,ANM,WE,Federal Contract Tower,8,24,25,2,59,0,0,20,13,33,8,24,45,15,92,2,6,8,100
04/04/2018,EGE,CO,ANM,WE,Federal Contract Tower,7,14,10,0,31,0,0,8,17,25,7,14,18,17,56,8,0,8,64
04/05/2018,EGE,CO,ANM,WE,Federal Contract Tower,7,15,17,0,39,0,0,44,24,68,7,15,61,24,107,0,0,0,107
04/06/2018,EGE,CO,ANM,WE,Federal Contract Tower,7,18,21,0,46,0,0,2,2,4,7,18,23,2,50,0,0,0,50
04/07/2018,EGE,CO,ANM,WE,Federal Contract Tower,5,23,21,0,49,0,0,6,0,6,5,23,27,0,55,0,0,0,55
04/08/2018,EGE,CO,ANM,WE,Federal Contract Tower,7,16,26,0,49,0,0,2,4,6,7,16,28,4,55,0,0,0,55
04/09/2018,EGE,CO,ANM,WE,Federal Contract Tower,3,16,16,0,35,0,0,9,0,9,3,16,25,0,44,0,0,0,44
04/10/2018,EGE,CO,ANM,WE,Federal Contract Tower,5,13,16,0,34,0,0,23,15,38,5,13,39,15,72,0,0,0,72
04/11/2018,EGE,CO,ANM,WE,Federal Contract Tower,5,6,15,0,26,0,0,11,14,25,5,6,26,14,51,14,0,14,65
04/12/2018,EGE,CO,ANM,WE,Federal Contract Tower,5,10,15,0,30,0,0,0,0,0,5,10,15,0,30,0,0,0,30
04/13/2018,EGE,CO,ANM,WE,Federal Contract Tower,5,10,13,0,28,0,0,1,0,1,5,10,14,0,29,0,0,0,29
04/14/2018,EGE,CO,ANM,WE,Federal Contract Tower,5,7,15,0,27,0,0,22,7,29,5,7,37,7,56,18,0,18,74
04/15/2018,EGE,CO,ANM,WE,Federal Contract Tower,5,21,19,0,45,0,0,17,1,18,5,21,36,1,63,22,0,22,85
04/16/2018,EGE,CO,ANM,WE,Federal Contract Tower,5,9,8,2,24,0,0,10,0,10,5,9,18,2,34,0,0,0,34
04/17/2018,EGE,CO,ANM,WE,Federal Contract Tower,8,1,2,0,11,0,0,0,0,0,8,1,2,0,11,0,0,0,11
04/18/2018,EGE,CO,ANM,WE,Federal Contract Tower,5,4,6,0,15,0,0,31,21,52,5,4,37,21,67,12,8,20,87
04/19/2018,EGE,CO,ANM,WE,Federal Contract Tower,5,5,9,3,22,0,0,41,16,57,5,5,50,19,79,0,0,0,79
04/20/2018,EGE,CO,ANM,WE,Federal Contract Tower,5,5,5,0,15,0,0,0,0,0,5,5,5,0,15,0,0,0,15
04/21/2018,EGE,CO,ANM,WE,Federal Contract Tower,4,6,4,0,14,0,0,0,1,1,4,6,4,1,15,0,0,0,15
04/22/2018,EGE,CO,ANM,WE,Federal Contract Tower,5,6,6,0,17,0,0,33,3,36,5,6,39,3,53,14,0,14,67
04/23/2018,EGE,CO,ANM,WE,Federal Contract Tower,5,6,10,1,22,0,0,16,11,27,5,6,26,12,49,4,0,4,53
04/24/2018,EGE,CO,ANM,WE,Federal Contract Tower,3,0,10,0,13,0,0,10,49,59,3,0,20,49,72,0,10,10,82
04/25/2018,EGE,CO,ANM,WE,Federal Contract Tower,5,0,8,0,13,0,0,31,15,46,5,0,39,15,59,14,0,14,73
04/26/2018,EGE,CO,ANM,WE,Federal Contract Tower,5,5,3,0,13,0,0,33,7,40,5,5,36,7,53,18,0,18,71
04/27/2018,EGE,CO,ANM,WE,Federal Contract Tower,5,4,7,0,16,0,0,29,8,37,5,4,36,8,53,12,0,12,65
04/28/2018,EGE,CO,ANM,WE,Federal Contract Tower,5,4,2,5,16,0,0,53,2,55,5,4,55,7,71,16,0,16,87
04/29/2018,EGE,CO,ANM,WE,Federal Contract Tower,5,8,5,0,18,0,0,15,5,20,5,8,20,5,38,20,0,20,58
04/30/2018,EGE,CO,ANM,WE,Federal Contract Tower,4,5,5,0,14,0,0,8,1,9,4,5,13,1,23,12,0,12,35
05/01/2018,EGE,CO,ANM,WE,Federal Contract Tower,5,2,2,0,9,0,0,11,18,29,5,2,13,18,38,22,2,24,62
05/02/2018,EGE,CO,ANM,WE,Federal Contract Tower,5,10,1,0,16,0,0,11,19,30,5,10,12,19,46,0,2,2,48
05/03/2018,EGE,CO,ANM,WE,Federal Contract Tower,3,8,12,0,23,0,0,3,15,18,3,8,15,15,41,8,0,8,49
05/04/2018,EGE,CO,ANM,WE,Federal Contract Tower,5,6,15,2,28,0,0,55,11,66,5,6,70,13,94,34,0,34,128
05/05/2018,EGE,CO,ANM,WE,Federal Contract Tower,6,1,6,0,13,0,0,32,13,45,6,1,38,13,58,22,34,56,114
05/06/2018,EGE,CO,ANM,WE,Federal Contract Tower,5,3,16,1,25,0,0,26,3,29,5,3,42,4,54,36,8,44,98
05/07/2018,EGE,CO,ANM,WE,Federal Contract Tower,5,4,11,0,20,0,0,17,0,17,5,4,28,0,37,0,0,0,37
05/08/2018,EGE,CO,ANM,WE,Federal Contract Tower,5,6,3,0,14,0,0,19,26,45,5,6,22,26,59,12,16,28,87
05/09/2018,EGE,CO,ANM,WE,Federal Contract Tower,5,9,10,0,24,0,0,18,15,33,5,9,28,15,57,2,0,2,59
05/10/2018,EGE,CO,ANM,WE,Federal Contract Tower,5,12,12,0,29,0,0,32,21,53,5,12,44,21,82,10,12,22,104
05/11/2018,EGE,CO,ANM,WE,Federal Contract Tower,5,12,11,2,30,0,0,13,14,27,5,12,24,16,57,30,0,30,87
05/12/2018,EGE,CO,ANM,WE,Federal Contract Tower,6,1,6,0,13,0,0,15,0,15,6,1,21,0,28,48,0,48,76
05/13/2018,EGE,CO,ANM,WE,Federal Contract Tower,5,7,13,0,25,0,0,7,0,7,5,7,20,0,32,0,0,0,32
05/14/2018,EGE,CO,ANM,WE,Federal Contract Tower,5,6,12,0,23,0,0,23,0,23,5,6,35,0,46,22,0,22,68
05/15/2018,EGE,CO,ANM,WE,Federal Contract Tower,5,9,13,0,27,0,0,32,20,52,5,9,45,20,79,22,0,22,101
05/16/2018,EGE,CO,ANM,WE,Federal Contract Tower,6,1,2,1,10,0,0,15,33,48,6,1,17,34,58,22,10,32,90
05/17/2018,EGE,CO,ANM,WE,Federal Contract Tower,5,8,12,3,28,0,1,23,24,48,5,9,35,27,76,52,2,54,130
05/18/2018,EGE,CO,ANM,WE,Federal Contract Tower,5,4,21,0,30,0,0,17,11,28,5,4,38,11,58,12,0,12,70
05/19/2018,EGE,CO,ANM,WE,Federal Contract Tower,5,0,7,0,12,0,0,7,0,7,5,0,14,0,19,20,0,20,39
05/20/2018,EGE,CO,ANM,WE,Federal Contract Tower,5,4,15,1,25,0,0,22,2,24,5,4,37,3,49,6,0,6,55
05/21/2018,EGE,CO,ANM,WE,Federal Contract Tower,5,6,5,0,16,0,0,21,1,22,5,6,26,1,38,6,0,6,44
05/22/2018,EGE,CO,ANM,WE,Federal Contract Tower,5,5,7,0,17,0,0,0,0,0,5,5,7,0,17,38,8,46,63
05/23/2018,EGE,CO,ANM,WE,Federal Contract Tower,5,9,10,0,24,0,0,28,18,46,5,9,38,18,70,22,0,22,92
05/24/2018,EGE,CO,ANM,WE,Federal Contract Tower,5,5,25,2,37,0,0,36,9,45,5,5,61,11,82,22,0,22,104
05/25/2018,EGE,CO,ANM,WE,Federal Contract Tower,5,5,16,2,28,0,0,29,14,43,5,5,45,16,71,14,0,14,85
05/26/2018,EGE,CO,ANM,WE,Federal Contract Tower,3,2,8,0,13,0,0,30,0,30,3,2,38,0,43,32,0,32,75
05/27/2018,EGE,CO,ANM,WE,Federal Contract Tower,3,9,14,0,26,0,0,9,2,11,3,9,23,2,37,0,0,0,37
05/28/2018,EGE,CO,ANM,WE,Federal Contract Tower,3,14,25,4,46,0,0,15,2,17,3,14,40,6,63,0,0,0,63
05/29/2018,EGE,CO,ANM,WE,Federal Contract Tower,5,5,20,0,30,0,0,19,0,19,5,5,39,0,49,10,0,10,59
05/30/2018,EGE,CO,ANM,WE,Federal Contract Tower,5,9,10,2,26,0,0,15,18,33,5,9,25,20,59,40,0,40,99
05/31/2018,EGE,CO,ANM,WE,Federal Contract Tower,5,9,12,0,26,0,0,12,8,20,5,9,24,8,46,0,0,0,46
06/01/2018,EGE,CO,ANM,WE,Federal Contract Tower,5,19,9,0,33,0,0,6,3,9,5,19,15,3,42,20,12,32,74
06/02/2018,EGE,CO,ANM,WE,Federal Contract Tower,9,13,2,8,32,0,0,22,11,33,9,13,24,19,65,26,38,64,129
06/03/2018,EGE,CO,ANM,WE,Federal Contract Tower,4,12,20,2,38,0,0,12,0,12,4,12,32,2,50,24,0,24,74
06/04/2018,EGE,CO,ANM,WE,Federal Contract Tower,6,5,20,0,31,0,0,15,0,15,6,5,35,0,46,26,0,26,72
06/05/2018,EGE,CO,ANM,WE,Federal Contract Tower,5,8,12,0,25,0,0,38,23,61,5,8,50,23,86,68,0,68,154
06/06/2018,EGE,CO,ANM,WE,Federal Contract Tower,4,5,8,0,17,0,1,20,19,40,4,6,28,19,57,19,0,19,76
06/07/2018,EGE,CO,ANM,WE,Federal Contract Tower,7,12,12,0,31,0,1,41,18,60,7,13,53,18,91,134,2,136,227
06/08/2018,EGE,CO,ANM,WE,Federal Contract Tower,6,16,15,0,37,0,0,19,21,40,6,16,34,21,77,36,0,36,113
06/09/2018,EGE,CO,ANM,WE,Federal Contract Tower,5,12,12,6,35,0,0,30,11,41,5,12,42,17,76,40,93,133,209
06/10/2018,EGE,CO,ANM,WE,Federal Contract Tower,5,27,22,1,55,0,0,22,0,22,5,27,44,1,77,0,0,0,77
06/11/2018,EGE,CO,ANM,WE,Federal Contract Tower,4,15,13,0,32,0,0,19,1,20,4,15,32,1,52,56,0,56,108
06/12/2018,EGE,CO,ANM,WE,Federal Contract Tower,6,12,14,0,32,0,0,24,30,54,6,12,38,30,86,76,6,82,168
06/13/2018,EGE,CO,ANM,WE,Federal Contract Tower,5,8,9,0,22,0,0,27,26,53,5,8,36,26,75,58,0,58,133
06/14/2018,EGE,CO,ANM,WE,Federal Contract Tower,5,14,32,0,51,0,0,23,18,41,5,14,55,18,92,52,2,54,146
06/15/2018,EGE,CO,ANM,WE,Federal Contract Tower,5,14,25,0,44,0,0,21,9,30,5,14,46,9,74,63,0,63,137
06/16/2018,EGE,CO,ANM,WE,Federal Contract Tower,5,8,14,0,27,0,0,18,0,18,5,8,32,0,45,44,0,44,89
06/17/2018,EGE,CO,ANM,WE,Federal Contract Tower,5,15,25,0,45,0,0,11,0,11,5,15,36,0,56,18,0,18,74
06/18/2018,EGE,CO,ANM,WE,Federal Contract Tower,4,18,23,0,45,0,0,13,0,13,4,18,36,0,58,13,0,13,71
06/19/2018,EGE,CO,ANM,WE,Federal Contract Tower,9,22,21,0,52,0,0,27,7,34,9,22,48,7,86,38,46,84,170
06/20/2018,EGE,CO,ANM,WE,Federal Contract Tower,5,21,21,0,47,0,0,40,19,59,5,21,61,19,106,32,0,32,138
06/21/2018,EGE,CO,ANM,WE,Federal Contract Tower,5,22,30,0,57,0,0,25,29,54,5,22,55,29,111,22,0,22,133
06/22/2018,EGE,CO,ANM,WE,Federal Contract Tower,5,25,25,1,56,0,0,19,8,27,5,25,44,9,83,26,2,28,111
06/23/2018,EGE,CO,ANM,WE,Federal Contract Tower,5,20,26,1,52,0,0,32,3,35,5,20,58,4,87,0,0,0,87
06/24/2018,EGE,CO,ANM,WE,Federal Contract Tower,5,37,49,0,91,0,1,32,1,34,5,38,81,1,125,82,0,82,207
06/25/2018,EGE,CO,ANM,WE,Federal Contract Tower,5,23,18,3,49,0,0,23,1,24,5,23,41,4,73,16,0,16,89
06/26/2018,EGE,CO,ANM,WE,Federal Contract Tower,5,14,18,0,37,0,0,27,22,49,5,14,45,22,86,8,12,20,106
06/27/2018,EGE,CO,ANM,WE,Federal Contract Tower,5,26,17,0,48,0,0,38,10,48,5,26,55,10,96,50,0,50,146
06/28/2018,EGE,CO,ANM,WE,Federal Contract Tower,5,30,34,0,69,0,0,39,13,52,5,30,73,13,121,64,0,64,185
06/29/2018,EGE,CO,ANM,WE,Federal Contract Tower,5,44,54,2,105,0,0,41,1,42,5,44,95,3,147,60,0,60,207
06/30/2018,EGE,CO,ANM,WE,Federal Contract Tower,5,31,35,0,71,0,0,25,6,31,5,31,60,6,102,0,52,52,154
07/01/2018,EGE,CO,ANM,WE,Federal Contract Tower,5,45,61,0,111,0,0,26,0,26,5,45,87,0,137,4,0,4,141
07/02/2018,EGE,CO,ANM,WE,Federal Contract Tower,5,29,34,0,68,0,0,19,0,19,5,29,53,0,87,10,0,10,97
07/03/2018,EGE,CO,ANM,WE,Federal Contract Tower,5,38,33,0,76,0,0,16,2,18,5,38,49,2,94,4,0,4,98
07/04/2018,EGE,CO,ANM,WE,Federal Contract Tower,4,24,11,0,39,0,0,20,0,20,4,24,31,0,59,30,0,30,89
07/05/2018,EGE,CO,ANM,WE,Federal Contract Tower,5,32,42,0,79,0,0,31,2,33,5,32,73,2,112,64,0,64,176
07/06/2018,EGE,CO,ANM,WE,Federal Contract Tower,6,31,38,0,75,0,0,24,2,26,6,31,62,2,101,22,0,22,123
07/07/2018,EGE,CO,ANM,WE,Federal Contract Tower,5,42,27,0,74,0,0,26,0,26,5,42,53,0,100,16,0,16,116
07/08/2018,EGE,CO,ANM,WE,Federal Contract Tower,5,52,67,0,124,0,0,30,1,31,5,52,97,1,155,46,0,46,201
07/09/2018,EGE,CO,ANM,WE,Federal Contract Tower,5,29,31,0,65,0,0,21,0,21,5,29,52,0,86,10,0,10,96
07/10/2018,EGE,CO,ANM,WE,Federal Contract Tower,5,23,32,0,60,0,0,27,18,45,5,23,59,18,105,44,6,50,155
07/11/2018,EGE,CO,ANM,WE,Federal Contract Tower,5,23,23,0,51,0,0,23,12,35,5,23,46,12,86,30,0,30,116
07/12/2018,EGE,CO,ANM,WE,Federal Contract Tower,5,27,33,0,65,0,0,20,14,34,5,27,53,14,99,74,0,74,173
07/13/2018,EGE,CO,ANM,WE,Federal Contract Tower,5,24,47,0,76,0,0,32,6,38,5,24,79,6,114,32,0,32,146
07/14/2018,EGE,CO,ANM,WE,Federal Contract Tower,5,27,42,0,74,0,0,32,1,33,5,27,74,1,107,4,0,4,111
07/15/2018,EGE,CO,ANM,WE,Federal Contract Tower,4,40,52,1,97,0,0,26,0,26,4,40,78,1,123,6,0,6,129
07/16/2018,EGE,CO,ANM,WE,Federal Contract Tower,5,26,26,0,57,0,0,20,0,20,5,26,46,0,77,7,0,7,84
07/17/2018,EGE,CO,ANM,WE,Federal Contract Tower,5,34,38,0,77,0,0,26,22,48,5,34,64,22,125,40,16,56,181
07/18/2018,EGE,CO,ANM,WE,Federal Contract Tower,3,31,25,2,61,0,0,35,17,52,3,31,60,19,113,34,30,64,177
07/19/2018,EGE,CO,ANM,WE,Federal Contract Tower,5,23,46,0,74,0,0,34,18,52,5,23,80,18,126,8,0,8,134
07/20/2018,EGE,CO,ANM,WE,Federal Contract Tower,5,42,34,0,81,0,0,27,14,41,5,42,61,14,122,8,10,18,140
07/21/2018,EGE,CO,ANM,WE,Federal Contract Tower,5,26,38,3,72,0,0,23,15,38,5,26,61,18,110,24,34,58,168
07/22/2018,EGE,CO,ANM,WE,Federal Contract Tower,5,38,82,0,125,0,0,20,0,20,5,38,102,0,145,4,0,4,149
07/23/2018,EGE,CO,ANM,WE,Federal Contract Tower,5,18,35,0,58,0,0,30,0,30,5,18,65,0,88,14,0,14,102
07/24/2018,EGE,CO,ANM,WE,Federal Contract Tower,5,13,25,0,43,0,0,27,19,46,5,13,52,19,89,6,0,6,95
07/25/2018,EGE,CO,ANM,WE,Federal Contract Tower,2,23,28,0,53,0,0,25,10,35,2,23,53,10,88,20,0,20,108
07/26/2018,EGE,CO,ANM,WE,Federal Contract Tower,6,36,31,0,73,0,0,38,14,52,6,36,69,14,125,48,2,50,175
07/27/2018,EGE,CO,ANM,WE,Federal Contract Tower,5,34,42,2,83,0,1,25,6,32,5,35,67,8,115,8,0,8,123
07/28/2018,EGE,CO,ANM,WE,Federal Contract Tower,5,25,48,0,78,0,0,16,2,18,5,25,64,2,96,16,0,16,112
07/29/2018,EGE,CO,ANM,WE,Federal Contract Tower,5,29,59,0,93,0,0,19,2,21,5,29,78,2,114,0,0,0,114
07/30/2018,EGE,CO,ANM,WE,Federal Contract Tower,5,19,39,0,63,0,0,22,0,22,5,19,61,0,85,8,0,8,93
07/31/2018,EGE,CO,ANM,WE,Federal Contract Tower,5,13,43,0,61,0,0,26,15,41,5,13,69,15,102,0,0,0,102
08/01/2018,EGE,CO,ANM,WE,Federal Contract Tower,4,22,46,0,72,0,0,17,15,32,4,22,63,15,104,0,2,2,106
08/02/2018,EGE,CO,ANM,WE,Federal Contract Tower,5,27,60,0,92,0,0,22,17,39,5,27,82,17,131,28,0,28,159
08/03/2018,EGE,CO,ANM,WE,Federal Contract Tower,5,25,50,0,80,0,0,8,10,18,5,25,58,10,98,14,0,14,112
08/04/2018,EGE,CO,ANM,WE,Federal Contract Tower,5,24,43,0,72,0,0,25,5,30,5,24,68,5,102,4,0,4,106
08/05/2018,EGE,CO,ANM,WE,Federal Contract Tower,5,41,53,2,101,0,0,7,2,9,5,41,60,4,110,0,0,0,110
08/06/2018,EGE,CO,ANM,WE,Federal Contract Tower,5,23,37,0,65,0,0,24,2,26,5,23,61,2,91,32,0,32,123
08/07/2018,EGE,CO,ANM,WE,Federal Contract Tower,5,18,33,0,56,0,0,18,23,41,5,18,51,23,97,20,24,44,141
08/08/2018,EGE,CO,ANM,WE,Federal Contract Tower,4,23,42,1,70,0,1,26,23,50,4,24,68,24,120,16,2,18,138
08/09/2018,EGE,CO,ANM,WE,Federal Contract Tower,6,30,33,0,69,0,0,25,22,47,6,30,58,22,116,28,0,28,144
08/10/2018,EGE,CO,ANM,WE,Federal Contract Tower,5,28,53,2,88,0,0,19,14,33,5,28,72,16,121,34,0,34,155
08/11/2018,EGE,CO,ANM,WE,Federal Contract Tower,5,22,47,0,74,0,1,29,0,30,5,23,76,0,104,6,0,6,110
08/12/2018,EGE,CO,ANM,WE,Federal Contract Tower,5,30,47,0,82,0,0,23,3,26,5,30,70,3,108,0,0,0,108
08/13/2018,EGE,CO,ANM,WE,Federal Contract Tower,5,32,33,0,70,0,0,27,0,27,5,32,60,0,97,14,0,14,111
08/14/2018,EGE,CO,ANM,WE,Federal Contract Tower,4,30,31,0,65,0,0,19,32,51,4,30,50,32,116,36,16,52,168
08/15/2018,EGE,CO,ANM,WE,Federal Contract Tower,4,32,50,0,86,0,0,27,25,52,4,32,77,25,138,42,0,42,180
08/16/2018,EGE,CO,ANM,WE,Federal Contract Tower,5,25,45,0,75,0,0,27,27,54,5,25,72,27,129,20,8,28,157
08/17/2018,EGE,CO,ANM,WE,Federal Contract Tower,5,28,32,0,65,0,0,33,11,44,5,28,65,11,109,14,0,14,123
08/18/2018,EGE,CO,ANM,WE,Federal Contract Tower,5,19,28,0,52,0,0,2,3,5,5,19,30,3,57,0,0,0,57
08/19/2018,EGE,CO,ANM,WE,Federal Contract Tower,4,35,42,1,82,0,2,18,4,24,4,37,60,5,106,8,0,8,114
08/20/2018,EGE,CO,ANM,WE,Federal Contract Tower,6,28,43,0,77,0,0,23,0,23,6,28,66,0,100,28,0,28,128
08/21/2018,EGE,CO,ANM,WE,Federal Contract Tower,5,8,27,0,40,0,0,17,24,41,5,8,44,24,81,30,22,52,133
08/22/2018,EGE,CO,ANM,WE,Federal Contract Tower,5,22,23,0,50,0,0,16,29,45,5,22,39,29,95,38,10,48,143
08/23/2018,EGE,CO,ANM,WE,Federal Contract Tower,5,32,48,0,85,0,0,23,17,40,5,32,71,17,125,88,0,88,213
08/24/2018,EGE,CO,ANM,WE,Federal Contract Tower,5,25,34,0,64,0,0,35,15,50,5,25,69,15,114,24,4,28,142
08/25/2018,EGE,CO,ANM,WE,Federal Contract Tower,5,30,28,0,63,0,0,34,5,39,5,30,62,5,102,18,6,24,126
08/26/2018,EGE,CO,ANM,WE,Federal Contract Tower,5,35,27,0,67,0,0,15,2,17,5,35,42,2,84,0,0,0,84
08/27/2018,EGE,CO,ANM,WE,Federal Contract Tower,4,29,17,0,50,0,0,15,2,17,4,29,32,2,67,28,0,28,95
08/28/2018,EGE,CO,ANM,WE,Federal Contract Tower,5,10,14,1,30,0,0,23,17,40,5,10,37,18,70,30,22,52,122
08/29/2018,EGE,CO,ANM,WE,Federal Contract Tower,5,13,19,1,38,0,0,21,19,40,5,13,40,20,78,26,30,56,134
08/30/2018,EGE,CO,ANM,WE,Federal Contract Tower,5,39,34,2,80,0,0,32,10,42,5,39,66,12,122,36,0,36,158
08/31/2018,EGE,CO,ANM,WE,Federal Contract Tower,5,25,58,0,88,0,0,27,19,46,5,25,85,19,134,24,6,30,164
09/01/2018,EGE,CO,ANM,WE,Federal Contract Tower,5,15,23,0,43,0,0,15,1,16,5,15,38,1,59,6,0,6,65
09/02/2018,EGE,CO,ANM,WE,Federal Contract Tower,3,20,16,0,39,0,0,11,2,13,3,20,27,2,52,8,0,8,60
09/03/2018,EGE,CO,ANM,WE,Federal Contract Tower,5,48,65,0,118,0,0,21,0,21,5,48,86,0,139,21,0,21,160
09/04/2018,EGE,CO,ANM,WE,Federal Contract Tower,6,26,26,0,58,0,0,21,0,21,6,26,47,0,79,30,0,30,109
09/05/2018,EGE,CO,ANM,WE,Federal Contract Tower,6,14,20,0,40,0,0,7,0,7,6,14,27,0,47,14,0,14,61
09/06/2018,EGE,CO,ANM,WE,Federal Contract Tower,5,13,29,0,47,0,0,41,16,57,5,13,70,16,104,36,54,90,194
09/07/2018,EGE,CO,ANM,WE,Federal Contract Tower,5,21,29,0,55,0,1,52,2,55,5,22,81,2,110,30,0,30,140
09/08/2018,EGE,CO,ANM,WE,Federal Contract Tower,5,14,21,2,42,0,1,69,6,76,5,15,90,8,118,0,2,2,120
09/09/2018,EGE,CO,ANM,WE,Federal Contract Tower,5,27,40,0,72,0,0,29,4,33,5,27,69,4,105,16,0,16,121
09/10/2018,EGE,CO,ANM,WE,Federal Contract Tower,5,37,29,0,71,0,0,38,0,38,5,37,67,0,109,28,0,28,137
09/11/2018,EGE,CO,ANM,WE,Federal Contract Tower,5,10,5,0,20,0,0,17,28,45,5,10,22,28,65,28,14,42,107
09/12/2018,EGE,CO,ANM,WE,Federal Contract Tower,5,15,29,0,49,0,0,27,24,51,5,15,56,24,100,38,2,40,140
09/13/2018,EGE,CO,ANM,WE,Federal Contract Tower,5,15,32,0,52,0,0,39,25,64,5,15,71,25,116,24,0,24,140
09/14/2018,EGE,CO,ANM,WE,Federal Contract Tower,5,16,35,1,57,0,0,38,17,55,5,16,73,18,112,16,0,16,128
09/15/2018,EGE,CO,ANM,WE,Federal Contract Tower,5,20,15,0,40,0,0,36,2,38,5,20,51,2,78,26,8,34,112
09/16/2018,EGE,CO,ANM,WE,Federal Contract Tower,5,30,45,1,81,0,0,26,3,29,5,30,71,4,110,8,0,8,118
09/17/2018,EGE,CO,ANM,WE,Federal Contract Tower,5,14,15,0,34,0,0,18,2,20,5,14,33,2,54,6,30,36,90
09/18/2018,EGE,CO,ANM,WE,Federal Contract Tower,5,15,23,5,48,0,1,22,38,61,5,16,45,43,109,32,12,44,153
09/19/2018,EGE,CO,ANM,WE,Federal Contract Tower,4,14,23,0,41,0,0,18,33,51,4,14,41,33,92,56,0,56,148
09/20/2018,EGE,CO,ANM,WE,Federal Contract Tower,5,17,23,0,45,0,0,34,24,58,5,17,57,24,103,48,2,50,153
09/21/2018,EGE,CO,ANM,WE,Federal Contract Tower,5,18,32,1,56,0,0,40,17,57,5,18,72,18,113,74,0,74,187
09/22/2018,EGE,CO,ANM,WE,Federal Contract Tower,5,11,22,0,38,0,0,33,2,35,5,11,55,2,73,18,0,18,91
09/23/2018,EGE,CO,ANM,WE,Federal Contract Tower,5,25,25,5,60,0,0,24,2,26,5,25,49,7,86,12,8,20,106
09/24/2018,EGE,CO,ANM,WE,Federal Contract Tower,5,18,24,0,47,0,0,10,0,10,5,18,34,0,57,16,0,16,73
09/25/2018,EGE,CO,ANM,WE,Federal Contract Tower,5,13,15,2,35,0,0,23,22,45,5,13,38,24,80,8,11,19,99
09/26/2018,EGE,CO,ANM,WE,Federal Contract Tower,5,25,27,0,57,0,0,32,21,53,5,25,59,21,110,24,0,24,134
09/27/2018,EGE,CO,ANM,WE,Federal Contract Tower,5,10,38,0,53,0,0,37,20,57,5,10,75,20,110,52,0,52,162
09/28/2018,EGE,CO,ANM,WE,Federal Contract Tower,5,16,30,0,51,0,0,37,9,46,5,16,67,9,97,40,2,42,139
09/29/2018,EGE,CO,ANM,WE,Federal Contract Tower,5,13,16,3,37,0,0,27,12,39,5,13,43,15,76,8,40,48,124
09/30/2018,EGE,CO,ANM,WE,Federal Contract Tower,6,17,23,2,48,0,0,9,1,10,6,17,32,3,58,0,0,0,58
10/01/2018,EGE,CO,ANM,WE,Federal Contract Tower,5,11,18,1,35,0,0,13,1,14,5,11,31,2,49,24,0,24,73
10/02/2018,EGE,CO,ANM,WE,Federal Contract Tower,5,11,20,0,36,0,0,11,0,11,5,11,31,0,47,42,0,42,89
10/03/2018,EGE,CO,ANM,WE,Federal Contract Tower,5,14,18,0,37,0,0,8,2,10,5,14,26,2,47,16,0,16,63
10/04/2018,EGE,CO,ANM,WE,Federal Contract Tower,5,16,11,0,32,0,0,6,0,6,5,16,17,0,38,12,0,12,50
10/05/2018,EGE,CO,ANM,WE,Federal Contract Tower,4,12,28,0,44,0,0,9,0,9,4,12,37,0,53,22,0,22,75
10/06/2018,EGE,CO,ANM,WE,Federal Contract Tower,4,7,8,0,19,0,0,9,0,9,4,7,17,0,28,30,0,30,58
10/07/2018,EGE,CO,ANM,WE,Federal Contract Tower,4,9,13,0,26,0,0,5,0,5,4,9,18,0,31,20,0,20,51
10/08/2018,EGE,CO,ANM,WE,Federal Contract Tower,4,15,12,0,31,0,0,4,0,4,4,15,16,0,35,28,0,28,63
10/09/2018,EGE,CO,ANM,WE,Federal Contract Tower,4,9,13,0,26,0,0,19,0,19,4,9,32,0,45,64,0,64,109
10/10/2018,EGE,CO,ANM,WE,Federal Contract Tower,4,14,9,0,27,0,0,0,10,10,4,14,9,10,37,0,40,40,77
10/11/2018,EGE,CO,ANM,WE,Federal Contract Tower,4,4,3,0,11,0,0,0,0,0,4,4,3,0,11,0,0,0,11
10/12/2018,EGE,CO,ANM,WE,Federal Contract Tower,3,9,22,0,34,0,0,18,30,48,3,9,40,30,82,14,14,28,110
10/13/2018,EGE,CO,ANM,WE,Federal Contract Tower,4,11,7,0,22,0,0,22,3,25,4,11,29,3,47,16,20,36,83
10/14/2018,EGE,CO,ANM,WE,Federal Contract Tower,3,7,7,1,18,0,0,2,0,2,3,7,9,1,20,0,0,0,20
10/15/2018,EGE,CO,ANM,WE,Federal Contract Tower,4,2,9,0,15,1,0,23,1,25,5,2,32,1,40,48,0,48,88
10/16/2018,EGE,CO,ANM,WE,Federal Contract Tower,4,14,14,0,32,0,0,40,2,42,4,14,54,2,74,96,0,96,170
10/17/2018,EGE,CO,ANM,WE,Federal Contract Tower,4,9,11,0,24,0,0,31,0,31,4,9,42,0,55,40,0,40,95
10/18/2018,EGE,CO,ANM,WE,Federal Contract Tower,3,7,20,0,30,0,0,17,8,25,3,7,37,8,55,24,0,24,79
10/19/2018,EGE,CO,ANM,WE,Federal Contract Tower,4,7,21,0,32,0,0,23,9,32,4,7,44,9,64,32,32,64,128
10/20/2018,EGE,CO,ANM,WE,Federal Contract Tower,4,9,9,5,27,0,0,36,6,42,4,9,45,11,69,73,20,93,162
10/21/2018,EGE,CO,ANM,WE,Federal Contract Tower,4,7,13,2,26,0,0,20,0,20,4,7,33,2,46,16,0,16,62
10/22/2018,EGE,CO,ANM,WE,Federal Contract Tower,4,8,8,0,20,0,0,19,1,20,4,8,27,1,40,20,0,20,60
10/23/2018,EGE,CO,ANM,WE,Federal Contract Tower,4,8,6,0,18,0,0,26,6,32,4,8,32,6,50,30,0,30,80
10/24/2018,EGE,CO,ANM,WE,Federal Contract Tower,4,10,3,0,17,0,0,21,4,25,4,10,24,4,42,16,0,16,58
10/25/2018,EGE,CO,ANM,WE,Federal Contract Tower,4,8,14,0,26,0,0,41,2,43,4,8,55,2,69,24,0,24,93
10/26/2018,EGE,CO,ANM,WE,Federal Contract Tower,4,6,23,3,36,0,0,29,0,29,4,6,52,3,65,32,0,32,97
10/27/2018,EGE,CO,ANM,WE,Federal Contract Tower,3,6,5,0,14,0,0,21,0,21,3,6,26,0,35,8,0,8,43
10/28/2018,EGE,CO,ANM,WE,Federal Contract Tower,4,10,18,0,32,0,0,31,2,33,4,10,49,2,65,14,0,14,79
10/29/2018,EGE,CO,ANM,WE,Federal Contract Tower,3,8,14,0,25,0,0,21,3,24,3,8,35,3,49,42,0,42,91
10/30/2018,EGE,CO,ANM,WE,Federal Contract Tower,3,1,16,0,20,0,0,5,9,14,3,1,21,9,34,54,18,72,106
10/31/2018,EGE,CO,ANM,WE,Federal Contract Tower,3,3,8,0,14,0,0,22,10,32,3,3,30,10,46,42,0,42,88
11/01/2018,EGE,CO,ANM,WE,Federal Contract Tower,3,9,3,0,15,0,0,7,14,21,3,9,10,14,36,46,0,46,82
11/02/2018,EGE,CO,ANM,WE,Federal Contract Tower,3,2,4,0,9,0,0,10,2,12,3,2,14,2,21,24,0,24,45
11/03/2018,EGE,CO,ANM,WE,Federal Contract Tower,3,4,2,0,9,0,0,5,1,6,3,4,7,1,15,6,0,6,21
11/04/2018,EGE,CO,ANM,WE,Federal Contract Tower,3,0,13,0,16,0,0,2,0,2,3,0,15,0,18,4,0,4,22
11/05/2018,EGE,CO,ANM,WE,Federal Contract Tower,2,12,11,0,25,0,0,7,0,7,2,12,18,0,32,8,0,8,40
11/06/2018,EGE,CO,ANM,WE,Federal Contract Tower,3,4,11,0,18,0,0,12,3,15,3,4,23,3,33,24,0,24,57
11/07/2018,EGE,CO,ANM,WE,Federal Contract Tower,3,6,2,0,11,0,0,15,4,19,3,6,17,4,30,38,8,46,76
11/08/2018,EGE,CO,ANM,WE,Federal Contract Tower,3,11,6,0,20,0,0,19,4,23,3,11,25,4,43,60,6,66,109
11/09/2018,EGE,CO,ANM,WE,Federal Contract Tower,3,4,11,0,18,0,0,28,0,28,3,4,39,0,46,62,0,62,108
11/11/2018,EGE,CO,ANM,WE,Federal Contract Tower,3,13,10,0,26,0,0,4,0,4,3,13,14,0,30,4,0,4,34
11/12/2018,EGE,CO,ANM,WE,Federal Contract Tower,3,5,9,0,17,0,0,17,0,17,3,5,26,0,34,26,0,26,60
11/13/2018,EGE,CO,ANM,WE,Federal Contract Tower,4,8,13,0,25,0,0,16,0,16,4,8,29,0,41,18,0,18,59
11/14/2018,EGE,CO,ANM,WE,Federal Contract Tower,3,5,18,0,26,0,0,25,0,25,3,5,43,0,51,0,0,0,51
11/15/2018,EGE,CO,ANM,WE,Federal Contract Tower,5,14,18,0,37,0,0,32,2,34,5,14,50,2,71,44,0,44,115
11/16/2018,EGE,CO,ANM,WE,Federal Contract Tower,4,15,20,0,39,0,0,29,8,37,4,15,49,8,76,6,4,10,86
11/17/2018,EGE,CO,ANM,WE,Federal Contract Tower,4,12,18,0,34,0,0,11,0,11,4,12,29,0,45,10,0,10,55
11/18/2018,EGE,CO,ANM,WE,Federal Contract Tower,4,13,22,0,39,0,0,11,0,11,4,13,33,0,50,0,0,0,50
11/19/2018,EGE,CO,ANM,WE,Federal Contract Tower,4,12,18,2,36,0,0,11,4,15,4,12,29,6,51,0,4,4,55
11/20/2018,EGE,CO,ANM,WE,Federal Contract Tower,4,23,29,0,56,0,0,32,6,38,4,23,61,6,94,16,0,16,110
11/21/2018,EGE,CO,ANM,WE,Federal Contract Tower,4,23,43,0,70,0,0,29,2,31,4,23,72,2,101,0,2,2,103
11/22/2018,EGE,CO,ANM,WE,Federal Contract Tower,4,8,3,0,15,0,0,2,0,2,4,8,5,0,17,0,0,0,17
11/23/2018,EGE,CO,ANM,WE,Federal Contract Tower,4,14,18,0,36,0,0,1,0,1,4,14,19,0,37,0,0,0,37
11/24/2018,EGE,CO,ANM,WE,Federal Contract Tower,4,14,11,0,29,0,0,0,0,0,4,14,11,0,29,0,0,0,29
11/25/2018,EGE,CO,ANM,WE,Federal Contract Tower,6,42,60,0,108,0,0,13,0,13,6,42,73,0,121,0,0,0,121
11/26/2018,EGE,CO,ANM,WE,Federal Contract Tower,4,23,30,2,59,0,0,21,1,22,4,23,51,3,81,6,8,14,95
11/27/2018,EGE,CO,ANM,WE,Federal Contract Tower,4,9,6,0,19,0,0,9,35,44,4,9,15,35,63,4,14,18,81
11/28/2018,EGE,CO,ANM,WE,Federal Contract Tower,5,9,9,0,23,0,0,15,24,39,5,9,24,24,62,42,2,44,106
11/29/2018,EGE,CO,ANM,WE,Federal Contract Tower,5,23,19,0,47,0,0,7,30,37,5,23,26,30,84,38,16,54,138
11/30/2018,EGE,CO,ANM,WE,Federal Contract Tower,4,10,12,0,26,0,0,0,0,0,4,10,12,0,26,0,0,0,26
12/01/2018,EGE,CO,ANM,WE,Federal Contract Tower,5,10,10,0,25,0,0,6,0,6,5,10,16,0,31,12,0,12,43
12/02/2018,EGE,CO,ANM,WE,Federal Contract Tower,5,25,17,0,47,0,0,10,1,11,5,25,27,1,58,0,0,0,58
12/03/2018,EGE,CO,ANM,WE,Federal Contract Tower,4,16,25,0,45,0,0,0,0,0,4,16,25,0,45,0,0,0,45
12/04/2018,EGE,CO,ANM,WE,Federal Contract Tower,4,9,11,2,26,0,0,17,39,56,4,9,28,41,82,20,40,60,142
12/05/2018,EGE,CO,ANM,WE,Federal Contract Tower,5,13,21,0,39,0,0,5,27,32,5,13,26,27,71,0,42,42,113
12/06/2018,EGE,CO,ANM,WE,Federal Contract Tower,5,11,17,0,33,0,0,0,14,14,5,11,17,14,47,0,14,14,61
12/07/2018,EGE,CO,ANM,WE,Federal Contract Tower,5,7,20,0,32,0,0,4,18,22,5,7,24,18,54,26,34,60,114
12/08/2018,EGE,CO,ANM,WE,Federal Contract Tower,5,11,5,1,22,0,0,10,5,15,5,11,15,6,37,38,16,54,91
12/09/2018,EGE,CO,ANM,WE,Federal Contract Tower,4,17,19,0,40,0,0,7,0,7,4,17,26,0,47,10,0,10,57
12/10/2018,EGE,CO,ANM,WE,Federal Contract Tower,6,14,16,0,36,0,0,21,0,21,6,14,37,0,57,16,0,16,73
12/11/2018,EGE,CO,ANM,WE,Federal Contract Tower,5,9,20,1,35,0,0,11,37,48,5,9,31,38,83,18,28,46,129
12/12/2018,EGE,CO,ANM,WE,Federal Contract Tower,5,16,25,0,46,0,0,5,16,21,5,16,30,16,67,0,8,8,75
12/13/2018,EGE,CO,ANM,WE,Federal Contract Tower,5,17,22,0,44,0,0,20,30,50,5,17,42,30,94,2,22,24,118
12/14/2018,EGE,CO,ANM,WE,Federal Contract Tower,5,28,31,0,64,0,0,32,15,47,5,28,63,15,111,24,26,50,161
12/15/2018,EGE,CO,ANM,WE,Federal Contract Tower,5,31,58,0,94,0,1,15,1,17,5,32,73,1,111,14,0,14,125
12/16/2018,EGE,CO,ANM,WE,Federal Contract Tower,5,36,45,2,88,0,0,16,3,19,5,36,61,5,107,0,0,0,107
12/17/2018,EGE,CO,ANM,WE,Federal Contract Tower,5,26,29,0,60,0,0,16,0,16,5,26,45,0,76,16,0,16,92
12/18/2018,EGE,CO,ANM,WE,Federal Contract Tower,5,22,33,0,60,0,0,32,28,60,5,22,65,28,120,34,14,48,168
12/19/2018,EGE,CO,ANM,WE,Federal Contract Tower,31,32,59,0,122,0,0,5,29,34,31,32,64,29,156,18,22,40,196
12/20/2018,EGE,CO,ANM,WE,Federal Contract Tower,37,43,58,0,138,0,0,18,16,34,37,43,76,16,172,6,12,18,190
12/21/2018,EGE,CO,ANM,WE,Federal Contract Tower,36,85,96,0,217,0,0,8,9,17,36,85,104,9,234,2,6,8,242
12/22/2018,EGE,CO,ANM,WE,Federal Contract Tower,41,68,101,0,210,0,0,7,0,7,41,68,108,0,217,0,0,0,217
12/23/2018,EGE,CO,ANM,WE,Federal Contract Tower,37,42,53,0,132,0,0,12,0,12,37,42,65,0,144,0,0,0,144
12/24/2018,EGE,CO,ANM,WE,Federal Contract Tower,33,13,22,0,68,0,0,0,0,0,33,13,22,0,68,1,0,1,69
12/25/2018,EGE,CO,ANM,WE,Federal Contract Tower,34,31,34,0,99,0,0,2,0,2,34,31,36,0,101,0,0,0,101
12/26/2018,EGE,CO,ANM,WE,Federal Contract Tower,37,90,113,0,240,0,0,2,0,2,37,90,115,0,242,0,0,0,242
12/27/2018,EGE,CO,ANM,WE,Federal Contract Tower,36,85,126,0,247,0,0,6,0,6,36,85,132,0,253,2,0,2,255
12/28/2018,EGE,CO,ANM,WE,Federal Contract Tower,37,77,110,0,224,0,0,11,7,18,37,77,121,7,242,2,0,2,244
12/29/2018,EGE,CO,ANM,WE,Federal Contract Tower,42,60,119,0,221,0,0,15,0,15,42,60,134,0,236,0,0,0,236
12/30/2018,EGE,CO,ANM,WE,Federal Contract Tower,38,62,80,0,180,0,0,11,0,11,38,62,91,0,191,0,0,0,191
12/31/2018,EGE,CO,ANM,WE,Federal Contract Tower,2,8,13,0,23,0,0,0,0,0,2,8,13,0,23,0,0,0,23
01/01/2019,EGE,CO,ANM,WE,Federal Contract Tower,38,64,101,0,203,0,0,11,0,11,38,64,112,0,214,8,0,8,222
01/02/2019,EGE,CO,ANM,WE,Federal Contract Tower,37,88,96,0,221,0,0,12,6,18,37,88,108,6,239,14,0,14,253
01/03/2019,EGE,CO,ANM,WE,Federal Contract Tower,36,75,76,0,187,0,0,9,0,9,36,75,85,0,196,10,0,10,206
01/04/2019,EGE,CO,ANM,WE,Federal Contract Tower,35,62,77,0,174,0,0,19,0,19,35,62,96,0,193,4,0,4,197
01/05/2019,EGE,CO,ANM,WE,Federal Contract Tower,36,86,131,1,254,0,0,5,0,5,36,86,136,1,259,0,0,0,259
01/06/2019,EGE,CO,ANM,WE,Federal Contract Tower,15,20,63,0,98,0,0,0,0,0,15,20,63,0,98,0,0,0,98
01/07/2019,EGE,CO,ANM,WE,Federal Contract Tower,30,30,54,0,114,0,0,0,0,0,30,30,54,0,114,0,0,0,114
01/08/2019,EGE,CO,ANM,WE,Federal Contract Tower,23,20,29,0,72,0,0,15,29,44,23,20,44,29,116,8,16,24,140
01/09/2019,EGE,CO,ANM,WE,Federal Contract Tower,26,15,28,0,69,0,0,18,26,44,26,15,46,26,113,24,12,36,149
01/10/2019,EGE,CO,ANM,WE,Federal Contract Tower,26,25,34,0,85,0,0,33,19,52,26,25,67,19,137,24,4,28,165
01/11/2019,EGE,CO,ANM,WE,Federal Contract Tower,26,16,34,0,76,0,0,0,0,0,26,16,34,0,76,0,0,0,76
01/12/2019,EGE,CO,ANM,WE,Federal Contract Tower,38,26,27,0,91,0,0,10,2,12,38,26,37,2,103,12,0,12,115
01/13/2019,EGE,CO,ANM,WE,Federal Contract Tower,28,28,38,0,94,0,0,21,8,29,28,28,59,8,123,8,0,8,131
01/14/2019,EGE,CO,ANM,WE,Federal Contract Tower,26,30,21,0,77,0,0,2,0,2,26,30,23,0,79,10,0,10,89
01/15/2019,EGE,CO,ANM,WE,Federal Contract Tower,22,9,24,0,55,0,0,23,37,60,22,9,47,37,115,42,28,70,185
01/16/2019,EGE,CO,ANM,WE,Federal Contract Tower,21,16,19,0,56,0,0,11,0,11,21,16,30,0,67,0,22,22,89
01/17/2019,EGE,CO,ANM,WE,Federal Contract Tower,26,35,38,0,99,0,0,20,15,35,26,35,58,15,134,70,0,70,204
01/18/2019,EGE,CO,ANM,WE,Federal Contract Tower,29,45,61,0,135,0,0,2,0,2,29,45,63,0,137,20,0,20,157
01/19/2019,EGE,CO,ANM,WE,Federal Contract Tower,38,27,19,0,84,0,0,28,3,31,38,27,47,3,115,48,0,48,163
01/20/2019,EGE,CO,ANM,WE,Federal Contract Tower,28,23,20,0,71,0,0,9,2,11,28,23,29,2,82,18,12,30,112
01/21/2019,EGE,CO,ANM,WE,Federal Contract Tower,33,42,65,0,140,0,0,4,0,4,33,42,69,0,144,4,0,4,148
01/22/2019,EGE,CO,ANM,WE,Federal Contract Tower,24,30,36,0,90,0,0,11,0,11,24,30,47,0,101,50,0,50,151
01/23/2019,EGE,CO,ANM,WE,Federal Contract Tower,25,22,38,0,85,0,0,9,6,15,25,22,47,6,100,4,4,8,108
01/24/2019,EGE,CO,ANM,WE,Federal Contract Tower,26,37,31,0,94,0,0,8,3,11,26,37,39,3,105,16,8,24,129
01/25/2019,EGE,CO,ANM,WE,Federal Contract Tower,26,32,50,0,108,0,0,10,3,13,26,32,60,3,121,4,0,4,125
01/26/2019,EGE,CO,ANM,WE,Federal Contract Tower,37,25,37,0,99,0,0,5,1,6,37,25,42,1,105,0,0,0,105
01/27/2019,EGE,CO,ANM,WE,Federal Contract Tower,26,43,41,0,110,0,0,10,0,10,26,43,51,0,120,2,0,2,122
01/28/2019,EGE,CO,ANM,WE,Federal Contract Tower,24,21,29,0,74,0,1,7,0,8,24,22,36,0,82,6,0,6,88
01/29/2019,EGE,CO,ANM,WE,Federal Contract Tower,24,14,11,0,49,0,0,17,17,34,24,14,28,17,83,44,16,60,143
01/30/2019,EGE,CO,ANM,WE,Federal Contract Tower,23,23,73,0,119,0,0,37,13,50,23,23,110,13,169,46,10,56,225
01/31/2019,EGE,CO,ANM,WE,Federal Contract Tower,23,51,33,0,107,0,0,34,14,48,23,51,67,14,155,38,12,50,205
02/01/2019,EGE,CO,ANM,WE,Federal Contract Tower,26,36,49,2,113,0,0,18,10,28,26,36,67,12,141,20,6,26,167
02/02/2019,EGE,CO,ANM,WE,Federal Contract Tower,37,22,30,0,89,0,0,7,0,7,37,22,37,0,96,8,0,8,104
02/03/2019,EGE,CO,ANM,WE,Federal Contract Tower,26,28,21,0,75,0,0,0,2,2,26,28,21,2,77,0,0,0,77
02/04/2019,EGE,CO,ANM,WE,Federal Contract Tower,23,31,46,0,100,0,0,11,1,12,23,31,57,1,112,12,0,12,124
02/05/2019,EGE,CO,ANM,WE,Federal Contract Tower,25,17,43,0,85,0,0,13,31,44,25,17,56,31,129,8,24,32,161
02/06/2019,EGE,CO,ANM,WE,Federal Contract Tower,23,17,15,0,55,0,0,0,8,8,23,17,15,8,63,0,6,6,69
02/07/2019,EGE,CO,ANM,WE,Federal Contract Tower,30,51,51,0,132,0,0,2,26,28,30,51,53,26,160,16,34,50,210
02/08/2019,EGE,CO,ANM,WE,Federal Contract Tower,26,32,55,0,113,0,0,16,15,31,26,32,71,15,144,28,20,48,192
02/09/2019,EGE,CO,ANM,WE,Federal Contract Tower,35,39,40,1,115,0,0,10,4,14,35,39,50,5,129,12,10,22,151
02/10/2019,EGE,CO,ANM,WE,Federal Contract Tower,28,51,104,0,183,0,0,21,1,22,28,51,125,1,205,4,0,4,209
02/11/2019,EGE,CO,ANM,WE,Federal Contract Tower,26,33,49,0,108,0,0,4,0,4,26,33,53,0,112,20,0,20,132
02/12/2019,EGE,CO,ANM,WE,Federal Contract Tower,23,12,45,1,81,0,0,19,17,36,23,12,64,18,117,8,18,26,143
02/13/2019,EGE,CO,ANM,WE,Federal Contract Tower,23,31,55,0,109,0,0,6,18,24,23,31,61,18,133,36,10,46,179
02/14/2019,EGE,CO,ANM,WE,Federal Contract Tower,27,42,73,0,142,0,0,1,18,19,27,42,74,18,161,0,10,10,171
02/15/2019,EGE,CO,ANM,WE,Federal Contract Tower,28,83,113,0,224,0,0,8,10,18,28,83,121,10,242,8,8,16,258
02/16/2019,EGE,CO,ANM,WE,Federal Contract Tower,38,45,38,0,121,0,0,0,0,0,38,45,38,0,121,0,0,0,121
02/17/2019,EGE,CO,ANM,WE,Federal Contract Tower,27,42,60,0,129,0,0,0,2,2,27,42,60,2,131,0,0,0,131
02/18/2019,EGE,CO,ANM,WE,Federal Contract Tower,29,82,129,0,240,0,0,5,0,5,29,82,134,0,245,0,0,0,245
02/19/2019,EGE,CO,ANM,WE,Federal Contract Tower,28,49,52,0,129,0,0,1,0,1,28,49,53,0,130,0,0,0,130
02/20/2019,EGE,CO,ANM,WE,Federal Contract Tower,23,32,58,0,113,0,0,4,8,12,23,32,62,8,125,0,4,4,129
02/21/2019,EGE,CO,ANM,WE,Federal Contract Tower,30,32,56,0,118,0,0,7,7,14,30,32,63,7,132,0,20,20,152
02/22/2019,EGE,CO,ANM,WE,Federal Contract Tower,30,27,52,0,109,0,0,0,0,0,30,27,52,0,109,0,0,0,109
02/23/2019,EGE,CO,ANM,WE,Federal Contract Tower,36,46,59,0,141,0,0,6,0,6,36,46,65,0,147,12,0,12,159
02/24/2019,EGE,CO,ANM,WE,Federal Contract Tower,31,69,97,0,197,0,0,10,5,15,31,69,107,5,212,0,0,0,212
02/25/2019,EGE,CO,ANM,WE,Federal Contract Tower,26,24,38,0,88,0,0,0,0,0,26,24,38,0,88,0,0,0,88
02/26/2019,EGE,CO,ANM,WE,Federal Contract Tower,23,19,25,0,67,0,0,22,36,58,23,19,47,36,125,12,14,26,151
02/27/2019,EGE,CO,ANM,WE,Federal Contract Tower,24,26,38,0,88,0,0,11,32,43,24,26,49,32,131,30,12,42,173
02/28/2019,EGE,CO,ANM,WE,Federal Contract Tower,27,38,65,0,130,0,0,9,29,38,27,38,74,29,168,12,14,26,194
03/01/2019,EGE,CO,ANM,WE,Federal Contract Tower,33,39,47,0,119,0,0,3,12,15,33,39,50,12,134,0,4,4,138
03/02/2019,EGE,CO,ANM,WE,Federal Contract Tower,34,28,31,0,93,0,0,0,0,0,34,28,31,0,93,0,0,0,93
03/03/2019,EGE,CO,ANM,WE,Federal Contract Tower,17,35,37,0,89,0,0,0,1,1,17,35,37,1,90,0,0,0,90
03/04/2019,EGE,CO,ANM,WE,Federal Contract Tower,32,39,59,0,130,0,0,11,1,12,32,39,70,1,142,0,0,0,142
03/05/2019,EGE,CO,ANM,WE,Federal Contract Tower,24,28,39,0,91,0,0,17,22,39,24,28,56,22,130,40,24,64,194
03/06/2019,EGE,CO,ANM,WE,Federal Contract Tower,24,27,31,0,82,0,0,0,22,22,24,27,31,22,104,0,4,4,108
03/07/2019,EGE,CO,ANM,WE,Federal Contract Tower,28,37,60,0,125,0,0,4,0,4,28,37,64,0,129,2,0,2,131
03/08/2019,EGE,CO,ANM,WE,Federal Contract Tower,8,7,32,0,47,0,0,0,16,16,8,7,32,16,63,0,20,20,83
03/09/2019,EGE,CO,ANM,WE,Federal Contract Tower,44,81,106,0,231,0,0,2,20,22,44,81,108,20,253,0,0,0,253
03/10/2019,EGE,CO,ANM,WE,Federal Contract Tower,33,40,55,0,128,0,0,5,4,9,33,40,60,4,137,20,0,20,157
03/11/2019,EGE,CO,ANM,WE,Federal Contract Tower,29,39,38,0,106,0,0,4,0,4,29,39,42,0,110,8,0,8,118
03/12/2019,EGE,CO,ANM,WE,Federal Contract Tower,24,32,49,0,105,0,0,8,38,46,24,32,57,38,151,6,34,40,191
03/13/2019,EGE,CO,ANM,WE,Federal Contract Tower,1,8,8,0,17,0,0,0,0,0,1,8,8,0,17,0,0,0,17
03/14/2019,EGE,CO,ANM,WE,Federal Contract Tower,24,59,83,0,166,0,0,10,22,32,24,59,93,22,198,4,28,32,230
03/15/2019,EGE,CO,ANM,WE,Federal Contract Tower,30,54,83,0,167,0,0,33,16,49,30,54,116,16,216,26,16,42,258
03/16/2019,EGE,CO,ANM,WE,Federal Contract Tower,38,67,86,0,191,0,0,0,0,0,38,67,86,0,191,8,0,8,199
03/17/2019,EGE,CO,ANM,WE,Federal Contract Tower,30,74,60,0,164,0,0,20,4,24,30,74,80,4,188,6,4,10,198
03/18/2019,EGE,CO,ANM,WE,Federal Contract Tower,30,30,56,0,116,0,0,17,1,18,30,30,73,1,134,16,0,16,150
03/19/2019,EGE,CO,ANM,WE,Federal Contract Tower,24,25,34,0,83,0,0,12,28,40,24,25,46,28,123,2,24,26,149
03/20/2019,EGE,CO,ANM,WE,Federal Contract Tower,26,36,36,0,98,0,0,29,19,48,26,36,65,19,146,22,12,34,180
03/21/2019,EGE,CO,ANM,WE,Federal Contract Tower,28,33,48,0,109,0,0,14,25,39,28,33,62,25,148,54,26,80,228
03/22/2019,EGE,CO,ANM,WE,Federal Contract Tower,26,32,48,0,106,0,0,0,0,0,26,32,48,0,106,0,0,0,106
03/23/2019,EGE,CO,ANM,WE,Federal Contract Tower,37,60,76,0,173,0,0,1,5,6,37,60,77,5,179,0,0,0,179
03/24/2019,EGE,CO,ANM,WE,Federal Contract Tower,28,50,73,0,151,0,0,7,1,8,28,50,80,1,159,0,0,0,159
03/25/2019,EGE,CO,ANM,WE,Federal Contract Tower,28,21,35,2,86,0,0,14,0,14,28,21,49,2,100,20,0,20,120
03/26/2019,EGE,CO,ANM,WE,Federal Contract Tower,24,14,21,0,59,0,0,30,20,50,24,14,51,20,109,30,10,40,149
03/27/2019,EGE,CO,ANM,WE,Federal Contract Tower,22,20,20,0,62,0,0,16,24,40,22,20,36,24,102,2,24,26,128
03/28/2019,EGE,CO,ANM,WE,Federal Contract Tower,26,46,24,0,96,0,0,19,14,33,26,46,43,14,129,20,4,24,153
03/29/2019,EGE,CO,ANM,WE,Federal Contract Tower,28,31,20,0,79,0,0,4,7,11,28,31,24,7,90,28,4,32,122
03/30/2019,EGE,CO,ANM,WE,Federal Contract Tower,36,31,31,0,98,0,0,4,0,4,36,31,35,0,102,0,0,0,102
03/31/2019,EGE,CO,ANM,WE,Federal Contract Tower,18,43,38,0,99,0,0,8,0,8,18,43,46,0,107,0,8,8,115
04/01/2019,EGE,CO,ANM,WE,Federal Contract Tower,16,19,31,0,66,0,0,18,0,18,16,19,49,0,84,4,0,4,88
04/02/2019,EGE,CO,ANM,WE,Federal Contract Tower,4,9,18,0,31,0,0,9,12,21,4,9,27,12,52,32,14,46,98
04/03/2019,EGE,CO,ANM,WE,Federal Contract Tower,1,15,16,0,32,0,0,2,13,15,1,15,18,13,47,0,12,12,59
04/04/2019,EGE,CO,ANM,WE,Federal Contract Tower,3,14,18,0,35,0,0,27,8,35,3,14,45,8,70,48,4,52,122
04/05/2019,EGE,CO,ANM,WE,Federal Contract Tower,3,22,24,1,50,0,0,10,4,14,3,22,34,5,64,4,4,8,72
04/06/2019,EGE,CO,ANM,WE,Federal Contract Tower,3,13,14,0,30,0,0,4,0,4,3,13,18,0,34,10,0,10,44
04/07/2019,EGE,CO,ANM,WE,Federal Contract Tower,2,34,33,1,70,0,0,8,4,12,2,34,41,5,82,4,16,20,102
04/08/2019,EGE,CO,ANM,WE,Federal Contract Tower,3,14,12,0,29,0,0,15,3,18,3,14,27,3,47,16,0,16,63
04/09/2019,EGE,CO,ANM,WE,Federal Contract Tower,1,14,9,0,24,0,0,12,21,33,1,14,21,21,57,28,12,40,97
04/10/2019,EGE,CO,ANM,WE,Federal Contract Tower,2,5,15,0,22,0,0,0,27,27,2,5,15,27,49,0,54,54,103
04/11/2019,EGE,CO,ANM,WE,Federal Contract Tower,2,10,16,3,31,0,0,0,22,22,2,10,16,25,53,0,24,24,77
04/12/2019,EGE,CO,ANM,WE,Federal Contract Tower,4,18,32,5,59,0,0,23,10,33,4,18,55,15,92,38,8,46,138
04/13/2019,EGE,CO,ANM,WE,Federal Contract Tower,3,13,36,0,52,0,0,4,0,4,3,13,40,0,56,0,0,0,56
04/14/2019,EGE,CO,ANM,WE,Federal Contract Tower,3,16,27,0,46,0,0,0,0,0,3,16,27,0,46,8,0,8,54
04/15/2019,EGE,CO,ANM,WE,Federal Contract Tower,4,18,8,0,30,0,0,35,1,36,4,18,43,1,66,26,2,28,94
04/16/2019,EGE,CO,ANM,WE,Federal Contract Tower,1,5,14,0,20,0,0,8,0,8,1,5,22,0,28,20,0,20,48
04/17/2019,EGE,CO,ANM,WE,Federal Contract Tower,1,11,11,1,24,0,0,6,0,6,1,11,17,1,30,38,0,38,68
04/18/2019,EGE,CO,ANM,WE,Federal Contract Tower,3,15,22,3,43,0,0,15,4,19,3,15,37,7,62,20,2,22,84
04/19/2019,EGE,CO,ANM,WE,Federal Contract Tower,3,10,18,0,31,0,0,33,3,36,3,10,51,3,67,46,0,46,113
04/20/2019,EGE,CO,ANM,WE,Federal Contract Tower,3,8,20,0,31,13,0,0,0,13,16,8,20,0,44,16,0,16,60
04/21/2019,EGE,CO,ANM,WE,Federal Contract Tower,3,5,33,0,41,0,0,6,2,8,3,5,39,2,49,6,0,6,55
04/22/2019,EGE,CO,ANM,WE,Federal Contract Tower,3,12,27,0,42,0,0,15,0,15,3,12,42,0,57,22,0,22,79
04/23/2019,EGE,CO,ANM,WE,Federal Contract Tower,1,10,12,0,23,0,0,27,27,54,1,10,39,27,77,64,24,88,165
04/24/2019,EGE,CO,ANM,WE,Federal Contract Tower,0,6,17,0,23,0,0,33,20,53,0,6,50,20,76,86,8,94,170
04/25/2019,EGE,CO,ANM,WE,Federal Contract Tower,3,4,8,0,15,0,0,19,18,37,3,4,27,18,52,6,0,6,58
04/26/2019,EGE,CO,ANM,WE,Federal Contract Tower,3,8,9,2,22,0,0,17,17,34,3,8,26,19,56,12,14,26,82
04/27/2019,EGE,CO,ANM,WE,Federal Contract Tower,4,3,8,0,15,0,0,13,1,14,4,3,21,1,29,24,0,24,53
04/28/2019,EGE,CO,ANM,WE,Federal Contract Tower,3,6,10,0,19,0,0,2,1,3,3,6,12,1,22,0,0,0,22
04/29/2019,EGE,CO,ANM,WE,Federal Contract Tower,3,5,13,0,21,0,0,2,0,2,3,5,15,0,23,10,0,10,33
04/30/2019,EGE,CO,ANM,WE,Federal Contract Tower,3,3,8,0,14,0,0,7,26,33,3,3,15,26,47,12,18,30,77
05/01/2019,EGE,CO,ANM,WE,Federal Contract Tower,3,4,3,0,10,0,0,7,14,21,3,4,10,14,31,0,6,6,37
05/02/2019,EGE,CO,ANM,WE,Federal Contract Tower,3,10,10,0,23,0,0,29,24,53,3,10,39,24,76,38,12,50,126
05/03/2019,EGE,CO,ANM,WE,Federal Contract Tower,3,2,9,0,14,0,0,28,15,43,3,2,37,15,57,58,8,66,123
05/04/2019,EGE,CO,ANM,WE,Federal Contract Tower,3,1,3,0,7,0,0,22,7,29,3,1,25,7,36,4,4,8,44
05/05/2019,EGE,CO,ANM,WE,Federal Contract Tower,3,10,10,0,23,0,0,23,5,28,3,10,33,5,51,22,0,22,73
05/06/2019,EGE,CO,ANM,WE,Federal Contract Tower,3,2,18,0,23,0,0,30,1,31,3,2,48,1,54,34,0,34,88
05/07/2019,EGE,CO,ANM,WE,Federal Contract Tower,3,5,8,0,16,0,0,17,12,29,3,5,25,12,45,22,12,34,79
05/08/2019,EGE,CO,ANM,WE,Federal Contract Tower,3,2,11,0,16,0,0,10,9,19,3,2,21,9,35,4,4,8,43
05/09/2019,EGE,CO,ANM,WE,Federal Contract Tower,3,4,10,0,17,0,0,0,0,0,3,4,10,0,17,0,0,0,17
05/10/2019,EGE,CO,ANM,WE,Federal Contract Tower,3,5,13,0,21,0,0,8,22,30,3,5,21,22,51,72,22,94,145
05/11/2019,EGE,CO,ANM,WE,Federal Contract Tower,3,0,9,0,12,0,0,26,3,29,3,0,35,3,41,56,0,56,97
05/12/2019,EGE,CO,ANM,WE,Federal Contract Tower,3,4,6,0,13,0,0,21,2,23,3,4,27,2,36,0,0,0,36
05/13/2019,EGE,CO,ANM,WE,Federal Contract Tower,3,3,9,0,15,0,0,24,2,26,3,3,33,2,41,12,4,16,57
05/14/2019,EGE,CO,ANM,WE,Federal Contract Tower,3,5,13,0,21,0,0,15,8,23,3,5,28,8,44,18,6,24,68
05/15/2019,EGE,CO,ANM,WE,Federal Contract Tower,3,2,12,0,17,0,0,28,8,36,3,2,40,8,53,36,6,42,95
05/16/2019,EGE,CO,ANM,WE,Federal Contract Tower,3,10,5,0,18,0,0,14,11,25,3,10,19,11,43,18,12,30,73
05/17/2019,EGE,CO,ANM,WE,Federal Contract Tower,3,3,11,0,17,0,0,9,7,16,3,3,20,7,33,32,8,40,73
05/18/2019,EGE,CO,ANM,WE,Federal Contract Tower,3,2,4,0,9,0,0,4,2,6,3,2,8,2,15,4,2,6,21
05/19/2019,EGE,CO,ANM,WE,Federal Contract Tower,3,5,5,0,13,0,0,15,3,18,3,5,20,3,31,16,0,16,47
05/20/2019,EGE,CO,ANM,WE,Federal Contract Tower,3,4,2,0,9,0,0,2,0,2,3,4,4,0,11,32,0,32,43
05/21/2019,EGE,CO,ANM,WE,Federal Contract Tower,3,5,7,0,15,0,0,0,31,31,3,5,7,31,46,0,44,44,90
05/22/2019,EGE,CO,ANM,WE,Federal Contract Tower,3,3,10,0,16,0,0,10,32,42,3,3,20,32,58,12,28,40,98
05/23/2019,EGE,CO,ANM,WE,Federal Contract Tower,3,10,4,0,17,0,0,6,26,32,3,10,10,26,49,6,6,12,61
05/24/2019,EGE,CO,ANM,WE,Federal Contract Tower,3,20,13,0,36,0,0,25,18,43,3,20,38,18,79,32,8,40,119
05/25/2019,EGE,CO,ANM,WE,Federal Contract Tower,3,7,12,0,22,0,0,24,1,25,3,7,36,1,47,46,0,46,93
05/26/2019,EGE,CO,ANM,WE,Federal Contract Tower,3,9,11,1,24,0,0,13,0,13,3,9,24,1,37,34,0,34,71
05/27/2019,EGE,CO,ANM,WE,Federal Contract Tower,4,13,12,5,34,0,0,9,0,9,4,13,21,5,43,4,0,4,47
05/28/2019,EGE,CO,ANM,WE,Federal Contract Tower,3,5,23,0,31,0,0,0,0,0,3,5,23,0,31,4,0,4,35
05/29/2019,EGE,CO,ANM,WE,Federal Contract Tower,3,12,15,0,30,0,0,6,8,14,3,12,21,8,44,10,10,20,64
05/30/2019,EGE,CO,ANM,WE,Federal Contract Tower,3,8,24,0,35,0,0,11,0,11,3,8,35,0,46,2,0,2,48
05/31/2019,EGE,CO,ANM,WE,Federal Contract Tower,3,13,18,0,34,0,0,34,2,36,3,13,52,2,70,32,0,32,102
06/01/2019,EGE,CO,ANM,WE,Federal Contract Tower,3,10,7,0,20,0,0,15,2,17,3,10,22,2,37,48,18,66,103
06/02/2019,EGE,CO,ANM,WE,Federal Contract Tower,3,11,16,0,30,0,0,22,4,26,3,11,38,4,56,48,0,48,104
06/03/2019,EGE,CO,ANM,WE,Federal Contract Tower,3,5,12,0,20,0,0,24,0,24,3,5,36,0,44,16,0,16,60
06/04/2019,EGE,CO,ANM,WE,Federal Contract Tower,3,9,14,0,26,0,0,18,23,41,3,9,32,23,67,14,34,48,115
06/05/2019,EGE,CO,ANM,WE,Federal Contract Tower,3,18,16,0,37,0,0,17,20,37,3,18,33,20,74,18,10,28,102
06/06/2019,EGE,CO,ANM,WE,Federal Contract Tower,5,15,21,1,42,0,0,29,30,59,5,15,50,31,101,20,17,37,138
06/07/2019,EGE,CO,ANM,WE,Federal Contract Tower,6,17,18,0,41,0,0,34,18,52,6,17,52,18,93,56,26,82,175
06/08/2019,EGE,CO,ANM,WE,Federal Contract Tower,6,11,20,0,37,0,0,23,11,34,6,11,43,11,71,54,0,54,125
06/09/2019,EGE,CO,ANM,WE,Federal Contract Tower,6,10,22,0,38,0,0,35,4,39,6,10,57,4,77,40,0,40,117
06/10/2019,EGE,CO,ANM,WE,Federal Contract Tower,5,7,20,0,32,0,0,40,1,41,5,7,60,1,73,26,0,26,99
06/11/2019,EGE,CO,ANM,WE,Federal Contract Tower,6,13,17,0,36,0,0,23,17,40,6,13,40,17,76,20,20,40,116
06/12/2019,EGE,CO,ANM,WE,Federal Contract Tower,5,11,23,0,39,0,0,17,20,37,5,11,40,20,76,26,12,38,114
06/13/2019,EGE,CO,ANM,WE,Federal Contract Tower,6,16,18,0,40,0,0,36,23,59,6,16,54,23,99,26,14,40,139
06/14/2019,EGE,CO,ANM,WE,Federal Contract Tower,6,24,20,0,50,0,0,24,17,41,6,24,44,17,91,37,26,63,154
06/15/2019,EGE,CO,ANM,WE,Federal Contract Tower,6,18,18,0,42,0,0,27,3,30,6,18,45,3,72,22,2,24,96
06/16/2019,EGE,CO,ANM,WE,Federal Contract Tower,5,30,20,0,55,0,0,23,0,23,5,30,43,0,78,26,0,26,104
06/17/2019,EGE,CO,ANM,WE,Federal Contract Tower,6,17,22,0,45,0,0,23,0,23,6,17,45,0,68,22,0,22,90
06/18/2019,EGE,CO,ANM,WE,Federal Contract Tower,6,18,21,0,45,0,0,6,11,17,6,18,27,11,62,0,34,34,96
06/19/2019,EGE,CO,ANM,WE,Federal Contract Tower,6,33,28,0,67,0,0,26,10,36,6,33,54,10,103,38,6,44,147
06/20/2019,EGE,CO,ANM,WE,Federal Contract Tower,6,28,24,0,58,0,0,20,13,33,6,28,44,13,91,20,6,26,117
06/21/2019,EGE,CO,ANM,WE,Federal Contract Tower,7,34,14,0,55,0,0,4,8,12,7,34,18,8,67,10,10,20,87
06/22/2019,EGE,CO,ANM,WE,Federal Contract Tower,7,21,21,0,49,0,0,4,1,5,7,21,25,1,54,10,0,10,64
06/23/2019,EGE,CO,ANM,WE,Federal Contract Tower,6,24,28,0,58,0,0,0,0,0,6,24,28,0,58,0,0,0,58
06/24/2019,EGE,CO,ANM,WE,Federal Contract Tower,6,29,30,0,65,0,0,20,3,23,6,29,50,3,88,18,0,18,106
06/25/2019,EGE,CO,ANM,WE,Federal Contract Tower,6,12,25,0,43,0,0,27,16,43,6,12,52,16,86,12,34,46,132
06/26/2019,EGE,CO,ANM,WE,Federal Contract Tower,6,15,21,0,42,0,0,26,20,46,6,15,47,20,88,10,14,24,112
06/27/2019,EGE,CO,ANM,WE,Federal Contract Tower,6,24,32,0,62,0,0,47,18,65,6,24,79,18,127,34,20,54,181
06/28/2019,EGE,CO,ANM,WE,Federal Contract Tower,6,35,35,0,76,0,0,27,11,38,6,35,62,11,114,18,34,52,166
06/29/2019,EGE,CO,ANM,WE,Federal Contract Tower,6,36,32,0,74,0,0,20,2,22,6,36,52,2,96,4,0,4,100
06/30/2019,EGE,CO,ANM,WE,Federal Contract Tower,6,34,49,0,89,0,0,17,3,20,6,34,66,3,109,20,2,22,131
07/01/2019,EGE,CO,ANM,WE,Federal Contract Tower,6,35,35,0,76,0,0,21,2,23,6,35,56,2,99,24,0,24,123
07/02/2019,EGE,CO,ANM,WE,Federal Contract Tower,6,33,44,0,83,0,0,26,6,32,6,33,70,6,115,30,8,38,153
07/03/2019,EGE,CO,ANM,WE,Federal Contract Tower,6,38,35,0,79,0,0,29,0,29,6,38,64,0,108,28,0,28,136
07/04/2019,EGE,CO,ANM,WE,Federal Contract Tower,6,16,13,0,35,0,0,19,0,19,6,16,32,0,54,36,0,36,90
07/05/2019,EGE,CO,ANM,WE,Federal Contract Tower,5,33,40,0,78,0,0,37,0,37,5,33,77,0,115,28,0,28,143
07/06/2019,EGE,CO,ANM,WE,Federal Contract Tower,5,44,24,0,73,0,0,25,0,25,5,44,49,0,98,20,0,20,118
07/07/2019,EGE,CO,ANM,WE,Federal Contract Tower,6,55,82,0,143,0,0,21,4,25,6,55,103,4,168,10,0,10,178
07/08/2019,EGE,CO,ANM,WE,Federal Contract Tower,6,18,46,0,70,0,0,16,0,16,6,18,62,0,86,22,0,22,108
07/09/2019,EGE,CO,ANM,WE,Federal Contract Tower,6,14,25,2,47,0,0,24,18,42,6,14,49,20,89,24,14,38,127
07/10/2019,EGE,CO,ANM,WE,Federal Contract Tower,6,29,43,1,79,0,0,25,20,45,6,29,68,21,124,32,20,52,176
07/11/2019,EGE,CO,ANM,WE,Federal Contract Tower,4,18,18,0,40,0,0,25,14,39,4,18,43,14,79,40,6,46,125
07/12/2019,EGE,CO,ANM,WE,Federal Contract Tower,6,35,45,0,86,0,0,16,11,27,6,35,61,11,113,10,14,24,137
07/13/2019,EGE,CO,ANM,WE,Federal Contract Tower,6,28,48,2,84,0,0,18,1,19,6,28,66,3,103,14,0,14,117
07/14/2019,EGE,CO,ANM,WE,Federal Contract Tower,6,50,51,0,107,0,0,22,4,26,6,50,73,4,133,12,4,16,149
07/15/2019,EGE,CO,ANM,WE,Federal Contract Tower,6,24,45,0,75,0,0,27,1,28,6,24,72,1,103,44,0,44,147
07/16/2019,EGE,CO,ANM,WE,Federal Contract Tower,6,14,16,0,36,0,0,31,25,56,6,14,47,25,92,72,16,88,180
07/17/2019,EGE,CO,ANM,WE,Federal Contract Tower,6,38,26,0,70,0,0,19,23,42,6,38,45,23,112,32,10,42,154
07/18/2019,EGE,CO,ANM,WE,Federal Contract Tower,6,29,37,0,72,0,0,27,13,40,6,29,64,13,112,18,6,24,136
07/19/2019,EGE,CO,ANM,WE,Federal Contract Tower,6,34,18,0,58,0,0,27,12,39,6,34,45,12,97,11,12,23,120
07/20/2019,EGE,CO,ANM,WE,Federal Contract Tower,7,31,42,0,80,0,0,20,2,22,7,31,62,2,102,14,2,16,118
07/21/2019,EGE,CO,ANM,WE,Federal Contract Tower,6,32,37,0,75,0,0,19,4,23,6,32,56,4,98,8,2,10,108
07/22/2019,EGE,CO,ANM,WE,Federal Contract Tower,6,21,22,0,49,0,0,17,2,19,6,21,39,2,68,24,0,24,92
07/23/2019,EGE,CO,ANM,WE,Federal Contract Tower,7,22,39,0,68,0,0,26,21,47,7,22,65,21,115,30,26,56,171
07/24/2019,EGE,CO,ANM,WE,Federal Contract Tower,6,21,49,0,76,0,0,32,23,55,6,21,81,23,131,6,14,20,151
07/25/2019,EGE,CO,ANM,WE,Federal Contract Tower,6,29,39,0,74,0,0,24,20,44,6,29,63,20,118,16,16,32,150
07/26/2019,EGE,CO,ANM,WE,Federal Contract Tower,6,25,32,0,63,0,0,25,21,46,6,25,57,21,109,18,22,40,149
07/27/2019,EGE,CO,ANM,WE,Federal Contract Tower,6,21,37,0,64,0,0,15,3,18,6,21,52,3,82,14,0,14,96
07/28/2019,EGE,CO,ANM,WE,Federal Contract Tower,6,42,40,0,88,0,0,24,1,25,6,42,64,1,113,8,0,8,121
07/29/2019,EGE,CO,ANM,WE,Federal Contract Tower,6,16,29,0,51,0,0,36,0,36,6,16,65,0,87,24,0,24,111
07/30/2019,EGE,CO,ANM,WE,Federal Contract Tower,6,18,40,0,64,0,0,43,23,66,6,18,83,23,130,38,16,54,184
07/31/2019,EGE,CO,ANM,WE,Federal Contract Tower,6,29,38,0,73,0,0,30,16,46,6,29,68,16,119,68,4,72,191
08/01/2019,EGE,CO,ANM,WE,Federal Contract Tower,6,41,47,0,94,0,0,23,12,35,6,41,70,12,129,40,6,46,175
08/02/2019,EGE,CO,ANM,WE,Federal Contract Tower,6,22,36,0,64,0,0,42,8,50,6,22,78,8,114,18,0,18,132
08/03/2019,EGE,CO,ANM,WE,Federal Contract Tower,6,24,28,0,58,0,0,50,1,51,6,24,78,1,109,64,0,64,173
08/04/2019,EGE,CO,ANM,WE,Federal Contract Tower,6,35,55,0,96,0,0,32,2,34,6,35,87,2,130,26,0,26,156
08/05/2019,EGE,CO,ANM,WE,Federal Contract Tower,6,19,31,1,57,0,0,33,1,34,6,19,64,2,91,66,0,66,157
08/06/2019,EGE,CO,ANM,WE,Federal Contract Tower,7,21,22,0,50,0,0,32,36,68,7,21,54,36,118,54,28,82,200
08/07/2019,EGE,CO,ANM,WE,Federal Contract Tower,6,23,38,0,67,0,0,19,22,41,6,23,57,22,108,28,10,38,146
08/08/2019,EGE,CO,ANM,WE,Federal Contract Tower,6,44,52,0,102,0,0,39,19,58,6,44,91,19,160,56,13,69,229
08/09/2019,EGE,CO,ANM,WE,Federal Contract Tower,6,31,34,0,71,0,0,39,13,52,6,31,73,13,123,30,4,34,157
08/10/2019,EGE,CO,ANM,WE,Federal Contract Tower,6,27,27,1,61,0,0,28,2,30,6,27,55,3,91,42,2,44,135
08/11/2019,EGE,CO,ANM,WE,Federal Contract Tower,6,51,79,2,138,0,0,21,0,21,6,51,100,2,159,36,0,36,195
08/12/2019,EGE,CO,ANM,WE,Federal Contract Tower,6,30,33,0,69,0,0,36,1,37,6,30,69,1,106,0,52,52,158
08/13/2019,EGE,CO,ANM,WE,Federal Contract Tower,6,24,23,0,53,0,0,46,17,63,6,24,69,17,116,68,20,88,204
08/14/2019,EGE,CO,ANM,WE,Federal Contract Tower,6,33,37,2,78,0,0,26,12,38,6,33,63,14,116,40,12,52,168
08/15/2019,EGE,CO,ANM,WE,Federal Contract Tower,6,28,40,0,74,0,0,34,14,48,6,28,74,14,122,46,2,48,170
08/16/2019,EGE,CO,ANM,WE,Federal Contract Tower,6,33,37,0,76,0,0,35,12,47,6,33,72,12,123,32,0,32,155
08/17/2019,EGE,CO,ANM,WE,Federal Contract Tower,6,27,27,1,61,0,0,33,4,37,6,27,60,5,98,46,14,60,158
08/18/2019,EGE,CO,ANM,WE,Federal Contract Tower,6,21,49,0,76,0,0,35,3,38,6,21,84,3,114,56,0,56,170
08/19/2019,EGE,CO,ANM,WE,Federal Contract Tower,6,33,28,0,67,0,0,35,0,35,6,33,63,0,102,36,0,36,138
08/20/2019,EGE,CO,ANM,WE,Federal Contract Tower,7,13,24,0,44,0,0,41,17,58,7,13,65,17,102,20,12,32,134
08/21/2019,EGE,CO,ANM,WE,Federal Contract Tower,6,28,22,0,56,0,0,29,19,48,6,28,51,19,104,28,0,28,132
08/22/2019,EGE,CO,ANM,WE,Federal Contract Tower,5,30,44,0,79,0,0,32,16,48,5,30,76,16,127,36,10,46,173
08/23/2019,EGE,CO,ANM,WE,Federal Contract Tower,6,26,32,0,64,0,0,28,12,40,6,26,60,12,104,38,3,41,145
08/24/2019,EGE,CO,ANM,WE,Federal Contract Tower,6,27,27,1,61,0,1,38,3,42,6,28,65,4,103,24,28,52,155
08/25/2019,EGE,CO,ANM,WE,Federal Contract Tower,5,37,51,0,93,0,0,19,0,19,5,37,70,0,112,6,0,6,118
08/26/2019,EGE,CO,ANM,WE,Federal Contract Tower,6,18,20,0,44,0,0,17,0,17,6,18,37,0,61,36,0,36,97
08/27/2019,EGE,CO,ANM,WE,Federal Contract Tower,6,21,24,2,53,0,0,44,26,70,6,21,68,28,123,52,18,70,193
08/28/2019,EGE,CO,ANM,WE,Federal Contract Tower,6,22,27,0,55,0,0,36,29,65,6,22,63,29,120,10,20,30,150
08/29/2019,EGE,CO,ANM,WE,Federal Contract Tower,6,24,56,0,86,0,0,35,22,57,6,24,91,22,143,38,12,50,193
08/30/2019,EGE,CO,ANM,WE,Federal Contract Tower,5,39,36,0,80,0,0,23,13,36,5,39,59,13,116,28,0,28,144
08/31/2019,EGE,CO,ANM,WE,Federal Contract Tower,8,25,23,0,56,0,0,32,2,34,8,25,55,2,90,38,0,38,128
09/01/2019,EGE,CO,ANM,WE,Federal Contract Tower,3,26,14,0,43,0,0,35,0,35,3,26,49,0,78,28,0,28,106
09/02/2019,EGE,CO,ANM,WE,Federal Contract Tower,6,37,66,0,109,0,0,38,0,38,6,37,104,0,147,52,0,52,199
09/03/2019,EGE,CO,ANM,WE,Federal Contract Tower,6,21,55,0,82,0,0,37,0,37,6,21,92,0,119,34,0,34,153
09/04/2019,EGE,CO,ANM,WE,Federal Contract Tower,6,25,26,0,57,0,0,32,8,40,6,25,58,8,97,32,0,32,129
09/05/2019,EGE,CO,ANM,WE,Federal Contract Tower,5,35,24,0,64,0,0,24,2,26,5,35,48,2,90,38,0,38,128
09/06/2019,EGE,CO,ANM,WE,Federal Contract Tower,5,18,25,0,48,0,0,27,0,27,5,18,52,0,75,14,0,14,89
09/07/2019,EGE,CO,ANM,WE,Federal Contract Tower,5,13,10,0,28,0,0,15,3,18,5,13,25,3,46,16,6,22,68
09/08/2019,EGE,CO,ANM,WE,Federal Contract Tower,5,29,19,0,53,0,0,26,1,27,5,29,45,1,80,32,0,32,112
09/09/2019,EGE,CO,ANM,WE,Federal Contract Tower,6,28,25,0,59,0,0,20,0,20,6,28,45,0,79,18,0,18,97
09/10/2019,EGE,CO,ANM,WE,Federal Contract Tower,5,10,16,0,31,0,0,29,22,51,5,10,45,22,82,60,8,68,150
09/11/2019,EGE,CO,ANM,WE,Federal Contract Tower,5,15,19,0,39,0,0,19,23,42,5,15,38,23,81,44,14,58,139
09/12/2019,EGE,CO,ANM,WE,Federal Contract Tower,5,19,21,0,45,0,0,26,16,42,5,19,47,16,87,50,8,58,145
09/13/2019,EGE,CO,ANM,WE,Federal Contract Tower,5,25,26,0,56,0,0,37,12,49,5,25,63,12,105,54,4,58,163
09/14/2019,EGE,CO,ANM,WE,Federal Contract Tower,5,19,28,0,52,0,0,28,1,29,5,19,56,1,81,10,0,10,91
09/15/2019,EGE,CO,ANM,WE,Federal Contract Tower,5,26,33,0,64,0,0,18,6,24,5,26,51,6,88,28,0,28,116
09/16/2019,EGE,CO,ANM,WE,Federal Contract Tower,5,10,14,0,29,0,0,21,8,29,5,10,35,8,58,40,2,42,100
09/17/2019,EGE,CO,ANM,WE,Federal Contract Tower,5,8,25,0,38,0,0,21,27,48,5,8,46,27,86,32,26,58,144
09/18/2019,EGE,CO,ANM,WE,Federal Contract Tower,5,13,15,0,33,0,0,17,24,41,5,13,32,24,74,10,10,20,94
09/19/2019,EGE,CO,ANM,WE,Federal Contract Tower,5,16,39,0,60,0,0,23,23,46,5,16,62,23,106,32,10,42,148
09/20/2019,EGE,CO,ANM,WE,Federal Contract Tower,5,36,28,0,69,0,0,29,17,46,5,36,57,17,115,100,0,100,215
09/21/2019,EGE,CO,ANM,WE,Federal Contract Tower,5,18,15,0,38,0,0,29,3,32,5,18,44,3,70,54,10,64,134
09/22/2019,EGE,CO,ANM,WE,Federal Contract Tower,5,19,31,0,55,0,0,36,0,36,5,19,67,0,91,4,0,4,95
09/23/2019,EGE,CO,ANM,WE,Federal Contract Tower,5,15,21,0,41,0,0,25,0,25,5,15,46,0,66,16,0,16,82
09/24/2019,EGE,CO,ANM,WE,Federal Contract Tower,5,15,17,0,37,0,0,37,2,39,5,15,54,2,76,38,0,38,114
09/25/2019,EGE,CO,ANM,WE,Federal Contract Tower,7,13,21,0,41,0,0,25,4,29,7,13,46,4,70,28,4,32,102
09/26/2019,EGE,CO,ANM,WE,Federal Contract Tower,5,23,18,0,46,0,0,31,2,33,5,23,49,2,79,52,0,52,131
09/27/2019,EGE,CO,ANM,WE,Federal Contract Tower,5,13,24,0,42,0,0,24,8,32,5,13,48,8,74,28,0,28,102
09/28/2019,EGE,CO,ANM,WE,Federal Contract Tower,5,14,20,0,39,0,0,18,12,30,5,14,38,12,69,28,2,30,99
09/29/2019,EGE,CO,ANM,WE,Federal Contract Tower,5,38,20,0,63,0,0,10,14,24,5,38,30,14,87,12,8,20,107
09/30/2019,EGE,CO,ANM,WE,Federal Contract Tower,5,14,21,0,40,0,0,13,0,13,5,14,34,0,53,32,0,32,85
10/01/2019,EGE,CO,ANM,WE,Federal Contract Tower,5,18,18,0,41,0,0,23,0,23,5,18,41,0,64,68,0,68,132
10/02/2019,EGE,CO,ANM,WE,Federal Contract Tower,5,8,24,0,37,0,0,29,5,34,5,8,53,5,71,18,6,24,95
10/03/2019,EGE,CO,ANM,WE,Federal Contract Tower,3,8,18,0,29,0,0,32,4,36,3,8,50,4,65,28,2,30,95
10/04/2019,EGE,CO,ANM,WE,Federal Contract Tower,3,17,11,0,31,0,0,18,0,18,3,17,29,0,49,48,0,48,97
10/05/2019,EGE,CO,ANM,WE,Federal Contract Tower,4,5,11,3,23,0,0,21,7,28,4,5,32,10,51,34,28,62,113
10/06/2019,EGE,CO,ANM,WE,Federal Contract Tower,2,12,37,0,51,0,0,26,0,26,2,12,63,0,77,4,0,4,81
10/07/2019,EGE,CO,ANM,WE,Federal Contract Tower,2,10,19,0,31,0,0,28,0,28,2,10,47,0,59,16,0,16,75
10/08/2019,EGE,CO,ANM,WE,Federal Contract Tower,2,5,12,0,19,0,0,30,18,48,2,5,42,18,67,78,10,88,155
10/09/2019,EGE,CO,ANM,WE,Federal Contract Tower,4,8,15,0,27,0,0,22,8,30,4,8,37,8,57,54,10,64,121
10/10/2019,EGE,CO,ANM,WE,Federal Contract Tower,2,6,12,0,20,0,0,0,6,6,2,6,12,6,26,0,6,6,32
10/11/2019,EGE,CO,ANM,WE,Federal Contract Tower,2,11,23,0,36,0,0,34,8,42,2,11,57,8,78,2,6,8,86
10/12/2019,EGE,CO,ANM,WE,Federal Contract Tower,4,7,8,0,19,0,0,22,0,22,4,7,30,0,41,42,0,42,83
10/13/2019,EGE,CO,ANM,WE,Federal Contract Tower,2,8,14,0,24,0,0,22,0,22,2,8,36,0,46,24,0,24,70
10/14/2019,EGE,CO,ANM,WE,Federal Contract Tower,2,5,13,0,20,0,0,31,3,34,2,5,44,3,54,74,0,74,128
10/15/2019,EGE,CO,ANM,WE,Federal Contract Tower,2,11,9,1,23,0,0,34,1,35,2,11,43,2,58,42,0,42,100
10/16/2019,EGE,CO,ANM,WE,Federal Contract Tower,4,13,15,0,32,0,0,22,2,24,4,13,37,2,56,34,0,34,90
10/17/2019,EGE,CO,ANM,WE,Federal Contract Tower,2,7,11,0,20,0,0,21,7,28,2,7,32,7,48,52,8,60,108
10/18/2019,EGE,CO,ANM,WE,Federal Contract Tower,2,14,8,8,32,0,0,4,1,5,2,14,12,9,37,4,0,4,41
10/19/2019,EGE,CO,ANM,WE,Federal Contract Tower,4,10,13,5,32,0,0,20,6,26,4,10,33,11,58,14,26,40,98
10/20/2019,EGE,CO,ANM,WE,Federal Contract Tower,2,10,11,1,24,0,0,0,0,0,2,10,11,1,24,0,0,0,24
10/21/2019,EGE,CO,ANM,WE,Federal Contract Tower,2,5,21,0,28,0,0,1,2,3,2,5,22,2,31,0,0,0,31
10/22/2019,EGE,CO,ANM,WE,Federal Contract Tower,2,5,9,0,16,0,0,21,2,23,2,5,30,2,39,52,2,54,93
10/23/2019,EGE,CO,ANM,WE,Federal Contract Tower,4,6,12,0,22,0,0,8,3,11,4,6,20,3,33,18,18,36,69
10/24/2019,EGE,CO,ANM,WE,Federal Contract Tower,2,8,8,0,18,0,0,30,1,31,2,8,38,1,49,2,0,2,51
10/25/2019,EGE,CO,ANM,WE,Federal Contract Tower,2,4,4,0,10,0,0,29,0,29,2,4,33,0,39,34,0,34,73
10/26/2019,EGE,CO,ANM,WE,Federal Contract Tower,4,2,4,0,10,0,0,20,0,20,4,2,24,0,30,24,0,24,54
10/27/2019,EGE,CO,ANM,WE,Federal Contract Tower,2,8,22,0,32,0,0,5,0,5,2,8,27,0,37,20,0,20,57
10/28/2019,EGE,CO,ANM,WE,Federal Contract Tower,2,10,17,0,29,0,0,5,0,5,2,10,22,0,34,0,0,0,34
10/29/2019,EGE,CO,ANM,WE,Federal Contract Tower,0,0,7,0,7,0,0,0,0,0,0,0,7,0,7,0,0,0,7
10/30/2019,EGE,CO,ANM,WE,Federal Contract Tower,4,2,8,0,14,0,0,6,7,13,4,2,14,7,27,2,2,4,31
10/31/2019,EGE,CO,ANM,WE,Federal Contract Tower,2,13,17,0,32,0,0,18,4,22,2,13,35,4,54,42,6,48,102
11/01/2019,EGE,CO,ANM,WE,Federal Contract Tower,2,14,7,3,26,0,0,29,8,37,2,14,36,11,63,52,0,52,115
11/02/2019,EGE,CO,ANM,WE,Federal Contract Tower,4,6,5,0,15,0,0,33,0,33,4,6,38,0,48,40,0,40,88
11/03/2019,EGE,CO,ANM,WE,Federal Contract Tower,2,8,15,0,25,0,0,22,0,22,2,8,37,0,47,34,0,34,81
11/04/2019,EGE,CO,ANM,WE,Federal Contract Tower,2,10,17,0,29,0,0,10,0,10,2,10,27,0,39,2,0,2,41
11/05/2019,EGE,CO,ANM,WE,Federal Contract Tower,3,4,3,0,10,18,0,0,2,20,21,4,3,2,30,30,0,30,60
11/06/2019,EGE,CO,ANM,WE,Federal Contract Tower,4,11,9,0,24,0,0,30,11,41,4,11,39,11,65,14,6,20,85
11/07/2019,EGE,CO,ANM,WE,Federal Contract Tower,2,8,14,0,24,0,0,31,2,33,2,8,45,2,57,46,0,46,103
11/08/2019,EGE,CO,ANM,WE,Federal Contract Tower,2,6,11,0,19,0,0,18,0,18,2,6,29,0,37,12,0,12,49
11/09/2019,EGE,CO,ANM,WE,Federal Contract Tower,4,2,6,0,12,0,0,13,0,13,4,2,19,0,25,18,0,18,43
11/10/2019,EGE,CO,ANM,WE,Federal Contract Tower,2,4,13,9,28,0,0,14,1,15,2,4,27,10,43,14,10,24,67
11/11/2019,EGE,CO,ANM,WE,Federal Contract Tower,2,4,5,0,11,0,0,5,1,6,2,4,10,1,17,0,0,0,17
11/12/2019,EGE,CO,ANM,WE,Federal Contract Tower,2,4,13,6,25,0,0,13,1,14,2,4,26,7,39,40,2,42,81
11/13/2019,EGE,CO,ANM,WE,Federal Contract Tower,4,10,8,0,22,0,0,21,6,27,4,10,29,6,49,40,4,44,93
11/14/2019,EGE,CO,ANM,WE,Federal Contract Tower,2,7,9,0,18,0,0,27,5,32,2,7,36,5,50,46,12,58,108
11/15/2019,EGE,CO,ANM,WE,Federal Contract Tower,2,8,8,0,18,0,0,20,5,25,2,8,28,5,43,14,10,24,67
11/16/2019,EGE,CO,ANM,WE,Federal Contract Tower,4,7,11,2,24,0,1,18,0,19,4,8,29,2,43,20,0,20,63
11/17/2019,EGE,CO,ANM,WE,Federal Contract Tower,2,9,8,0,19,0,2,20,2,24,2,11,28,2,43,32,0,32,75
11/18/2019,EGE,CO,ANM,WE,Federal Contract Tower,2,3,8,1,14,0,0,34,8,42,2,3,42,9,56,38,34,72,128
11/19/2019,EGE,CO,ANM,WE,Federal Contract Tower,2,5,7,0,14,0,0,33,12,45,2,5,40,12,59,60,38,98,157
11/20/2019,EGE,CO,ANM,WE,Federal Contract Tower,4,5,12,0,21,0,0,5,3,8,4,5,17,3,29,15,0,15,44
11/21/2019,EGE,CO,ANM,WE,Federal Contract Tower,6,5,7,0,18,0,0,4,0,4,6,5,11,0,22,18,0,18,40
11/22/2019,EGE,CO,ANM,WE,Federal Contract Tower,8,6,17,0,31,0,0,0,0,0,8,6,17,0,31,0,0,0,31
11/23/2019,EGE,CO,ANM,WE,Federal Contract Tower,6,18,28,0,52,0,0,22,0,22,6,18,50,0,74,6,0,6,80
11/24/2019,EGE,CO,ANM,WE,Federal Contract Tower,6,10,11,4,31,0,0,19,0,19,6,10,30,4,50,10,0,10,60
11/25/2019,EGE,CO,ANM,WE,Federal Contract Tower,6,12,10,0,28,0,0,13,2,15,6,12,23,2,43,18,0,18,61
11/26/2019,EGE,CO,ANM,WE,Federal Contract Tower,8,20,18,0,46,0,0,2,0,2,8,20,20,0,48,0,0,0,48
11/27/2019,EGE,CO,ANM,WE,Federal Contract Tower,6,22,39,1,68,0,0,19,7,26,6,22,58,8,94,70,18,88,182
11/28/2019,EGE,CO,ANM,WE,Federal Contract Tower,3,2,2,0,7,0,0,10,0,10,3,2,12,0,17,8,0,8,25
11/29/2019,EGE,CO,ANM,WE,Federal Contract Tower,2,8,14,0,24,0,0,3,0,3,2,8,17,0,27,10,0,10,37
11/30/2019,EGE,CO,ANM,WE,Federal Contract Tower,6,26,31,0,63,0,0,5,0,5,6,26,36,0,68,38,0,38,106
12/01/2019,EGE,CO,ANM,WE,Federal Contract Tower,7,39,55,0,101,0,0,17,3,20,7,39,72,3,121,0,0,0,121
12/02/2019,EGE,CO,ANM,WE,Federal Contract Tower,6,14,24,0,44,0,0,17,0,17,6,14,41,0,61,2,0,2,63
12/03/2019,EGE,CO,ANM,WE,Federal Contract Tower,6,10,15,0,31,0,0,19,20,39,6,10,34,20,70,2,16,18,88
12/04/2019,EGE,CO,ANM,WE,Federal Contract Tower,4,9,19,0,32,0,0,14,19,33,4,9,33,19,65,12,14,26,91
12/05/2019,EGE,CO,ANM,WE,Federal Contract Tower,5,19,14,0,38,0,0,4,10,14,5,19,18,10,52,22,6,28,80
12/06/2019,EGE,CO,ANM,WE,Federal Contract Tower,4,12,17,0,33,0,0,14,13,27,4,12,31,13,60,16,10,26,86
12/07/2019,EGE,CO,ANM,WE,Federal Contract Tower,2,24,10,0,36,0,0,7,3,10,2,24,17,3,46,26,0,26,72
12/08/2019,EGE,CO,ANM,WE,Federal Contract Tower,3,26,17,0,46,0,0,0,0,0,3,26,17,0,46,0,0,0,46
12/09/2019,EGE,CO,ANM,WE,Federal Contract Tower,4,16,21,0,41,0,0,8,2,10,4,16,29,2,51,34,3,37,88
12/10/2019,EGE,CO,ANM,WE,Federal Contract Tower,4,7,27,0,38,0,0,21,22,43,4,7,48,22,81,12,18,30,111
12/11/2019,EGE,CO,ANM,WE,Federal Contract Tower,4,12,22,0,38,0,0,19,21,40,4,12,41,21,78,10,9,19,97
12/12/2019,EGE,CO,ANM,WE,Federal Contract Tower,4,20,32,0,56,0,0,0,19,19,4,20,32,19,75,0,20,20,95
12/13/2019,EGE,CO,ANM,WE,Federal Contract Tower,6,20,18,0,44,0,0,3,0,3,6,20,21,0,47,0,0,0,47
12/14/2019,EGE,CO,ANM,WE,Federal Contract Tower,5,39,13,0,57,0,0,0,0,0,5,39,13,0,57,0,0,0,57
12/15/2019,EGE,CO,ANM,WE,Federal Contract Tower,4,36,31,0,71,0,0,2,0,2,4,36,33,0,73,0,0,0,73
12/16/2019,EGE,CO,ANM,WE,Federal Contract Tower,4,31,36,0,71,0,0,0,0,0,4,31,36,0,71,35,0,35,106
12/17/2019,EGE,CO,ANM,WE,Federal Contract Tower,5,29,28,0,62,0,0,44,14,58,5,29,72,14,120,34,22,56,176
12/18/2019,EGE,CO,ANM,WE,Federal Contract Tower,18,32,24,0,74,1,0,27,16,44,19,32,51,16,118,26,20,46,164
12/19/2019,EGE,CO,ANM,WE,Federal Contract Tower,34,40,63,0,137,0,0,19,8,27,34,40,82,8,164,0,10,10,174
12/20/2019,EGE,CO,ANM,WE,Federal Contract Tower,34,89,80,0,203,0,0,12,6,18,34,89,92,6,221,6,0,6,227
12/21/2019,EGE,CO,ANM,WE,Federal Contract Tower,44,75,77,0,196,0,0,23,0,23,44,75,100,0,219,8,0,8,227
12/22/2019,EGE,CO,ANM,WE,Federal Contract Tower,36,62,67,0,165,0,0,17,0,17,36,62,84,0,182,0,0,0,182
12/23/2019,EGE,CO,ANM,WE,Federal Contract Tower,38,48,52,0,138,0,0,11,0,11,38,48,63,0,149,4,0,4,153
12/24/2019,EGE,CO,ANM,WE,Federal Contract Tower,34,23,28,0,85,0,0,5,0,5,34,23,33,0,90,4,0,4,94
12/25/2019,EGE,CO,ANM,WE,Federal Contract Tower,33,49,21,0,103,0,0,0,0,0,33,49,21,0,103,0,0,0,103
12/26/2019,EGE,CO,ANM,WE,Federal Contract Tower,37,120,116,0,273,0,0,16,0,16,37,120,132,0,289,2,0,2,291
12/27/2019,EGE,CO,ANM,WE,Federal Contract Tower,18,55,81,0,154,0,0,9,0,9,18,55,90,0,163,0,0,0,163
12/28/2019,EGE,CO,ANM,WE,Federal Contract Tower,38,105,57,0,200,0,0,1,0,1,38,105,58,0,201,0,0,0,201
12/29/2019,EGE,CO,ANM,WE,Federal Contract Tower,35,86,56,0,177,0,0,8,0,8,35,86,64,0,185,0,0,0,185
12/30/2019,EGE,CO,ANM,WE,Federal Contract Tower,40,53,64,0,157,0,0,22,0,22,40,53,86,0,179,12,0,12,191
12/31/2019,EGE,CO,ANM,WE,Federal Contract Tower,36,40,47,0,123,0,0,18,0,18,36,40,65,0,141,8,0,8,149
01/01/2020,EGE,CO,ANM,WE,Federal Contract Tower,22,57,48,0,127,0,0,0,0,0,22,57,48,0,127,0,0,0,127
01/02/2020,EGE,CO,ANM,WE,Federal Contract Tower,36,71,91,0,198,0,0,4,0,4,36,71,95,0,202,0,0,0,202
01/03/2020,EGE,CO,ANM,WE,Federal Contract Tower,38,118,84,0,240,0,0,10,0,10,38,118,94,0,250,0,0,0,250
01/04/2020,EGE,CO,ANM,WE,Federal Contract Tower,42,149,84,0,275,0,2,30,2,34,42,151,114,2,309,4,0,4,313
01/05/2020,EGE,CO,ANM,WE,Federal Contract Tower,37,107,81,0,225,0,0,15,0,15,37,107,96,0,240,4,0,4,244
01/06/2020,EGE,CO,ANM,WE,Federal Contract Tower,32,69,47,0,148,0,0,14,0,14,32,69,61,0,162,0,0,0,162
01/07/2020,EGE,CO,ANM,WE,Federal Contract Tower,27,31,32,0,90,0,0,32,26,58,27,31,64,26,148,20,14,34,182
01/08/2020,EGE,CO,ANM,WE,Federal Contract Tower,27,25,25,0,77,0,0,21,20,41,27,25,46,20,118,32,24,56,174
01/09/2020,EGE,CO,ANM,WE,Federal Contract Tower,25,19,34,0,78,0,0,12,24,36,25,19,46,24,114,6,10,16,130
01/10/2020,EGE,CO,ANM,WE,Federal Contract Tower,25,27,40,0,92,0,0,14,19,33,25,27,54,19,125,30,16,46,171
01/11/2020,EGE,CO,ANM,WE,Federal Contract Tower,25,22,27,0,74,0,0,2,1,3,25,22,29,1,77,0,0,0,77
01/12/2020,EGE,CO,ANM,WE,Federal Contract Tower,28,44,47,0,119,0,0,2,1,3,28,44,49,1,122,0,0,0,122
01/13/2020,EGE,CO,ANM,WE,Federal Contract Tower,24,21,10,0,55,0,0,0,0,0,24,21,10,0,55,0,0,0,55
01/14/2020,EGE,CO,ANM,WE,Federal Contract Tower,24,17,11,0,52,0,2,13,20,35,24,19,24,20,87,10,34,44,131
01/15/2020,EGE,CO,ANM,WE,Federal Contract Tower,26,22,11,0,59,0,0,30,25,55,26,22,41,25,114,30,12,42,156
01/16/2020,EGE,CO,ANM,WE,Federal Contract Tower,26,38,41,0,105,0,0,18,17,35,26,38,59,17,140,10,10,20,160
01/17/2020,EGE,CO,ANM,WE,Federal Contract Tower,18,32,25,0,75,0,0,0,0,0,18,32,25,0,75,0,0,0,75
01/18/2020,EGE,CO,ANM,WE,Federal Contract Tower,34,38,27,6,105,0,0,5,2,7,34,38,32,8,112,8,8,16,128
01/19/2020,EGE,CO,ANM,WE,Federal Contract Tower,27,24,32,0,83,0,0,17,0,17,27,24,49,0,100,8,0,8,108
01/20/2020,EGE,CO,ANM,WE,Federal Contract Tower,26,63,47,0,136,0,0,20,4,24,26,63,67,4,160,0,6,6,166
01/21/2020,EGE,CO,ANM,WE,Federal Contract Tower,24,15,33,0,72,0,0,1,0,1,24,15,34,0,73,0,0,0,73
01/22/2020,EGE,CO,ANM,WE,Federal Contract Tower,26,26,30,0,82,0,0,8,4,12,26,26,38,4,94,2,6,8,102
01/23/2020,EGE,CO,ANM,WE,Federal Contract Tower,26,45,37,0,108,0,0,8,3,11,26,45,45,3,119,48,8,56,175
01/24/2020,EGE,CO,ANM,WE,Federal Contract Tower,26,27,20,0,73,0,0,17,0,17,26,27,37,0,90,0,0,0,90
01/25/2020,EGE,CO,ANM,WE,Federal Contract Tower,31,45,31,2,109,0,0,13,0,13,31,45,44,2,122,34,4,38,160
01/26/2020,EGE,CO,ANM,WE,Federal Contract Tower,27,47,49,0,123,0,0,11,2,13,27,47,60,2,136,14,0,14,150
01/27/2020,EGE,CO,ANM,WE,Federal Contract Tower,32,15,25,0,72,0,0,0,0,0,32,15,25,0,72,0,0,0,72
01/28/2020,EGE,CO,ANM,WE,Federal Contract Tower,28,15,28,0,71,0,0,28,28,56,28,15,56,28,127,20,10,30,157
01/29/2020,EGE,CO,ANM,WE,Federal Contract Tower,26,18,23,3,70,0,0,9,19,28,26,18,32,22,98,6,20,26,124
01/30/2020,EGE,CO,ANM,WE,Federal Contract Tower,27,31,45,0,103,0,0,10,24,34,27,31,55,24,137,10,20,30,167
01/31/2020,EGE,CO,ANM,WE,Federal Contract Tower,26,31,48,1,106,0,0,32,15,47,26,31,80,16,153,0,6,6,159
02/01/2020,EGE,CO,ANM,WE,Federal Contract Tower,30,26,29,0,85,0,0,17,2,19,30,26,46,2,104,4,0,4,108
02/02/2020,EGE,CO,ANM,WE,Federal Contract Tower,23,38,35,0,96,0,0,17,0,17,23,38,52,0,113,6,1,7,120
02/03/2020,EGE,CO,ANM,WE,Federal Contract Tower,27,33,33,0,93,0,0,5,0,5,27,33,38,0,98,2,0,2,100
02/04/2020,EGE,CO,ANM,WE,Federal Contract Tower,28,16,14,0,58,0,0,8,27,35,28,16,22,27,93,26,30,56,149
02/05/2020,EGE,CO,ANM,WE,Federal Contract Tower,26,19,48,0,93,0,0,23,30,53,26,19,71,30,146,32,28,60,206
02/06/2020,EGE,CO,ANM,WE,Federal Contract Tower,14,29,26,0,69,0,0,0,4,4,14,29,26,4,73,0,2,2,75
02/07/2020,EGE,CO,ANM,WE,Federal Contract Tower,26,31,29,0,86,0,0,0,0,0,26,31,29,0,86,0,0,0,86
02/08/2020,EGE,CO,ANM,WE,Federal Contract Tower,27,58,46,0,131,0,0,9,5,14,27,58,55,5,145,4,0,4,149
02/09/2020,EGE,CO,ANM,WE,Federal Contract Tower,20,34,20,0,74,0,0,0,0,0,20,34,20,0,74,0,0,0,74
02/10/2020,EGE,CO,ANM,WE,Federal Contract Tower,26,31,40,0,97,0,0,7,0,7,26,31,47,0,104,42,0,42,146
02/11/2020,EGE,CO,ANM,WE,Federal Contract Tower,25,25,25,0,75,0,0,16,39,55,25,25,41,39,130,12,64,76,206
02/12/2020,EGE,CO,ANM,WE,Federal Contract Tower,26,36,19,0,81,0,0,6,28,34,26,36,25,28,115,0,22,22,137
02/13/2020,EGE,CO,ANM,WE,Federal Contract Tower,27,77,83,0,187,0,0,22,28,50,27,77,105,28,237,60,16,76,313
02/14/2020,EGE,CO,ANM,WE,Federal Contract Tower,28,70,73,0,171,0,0,26,19,45,28,70,99,19,216,0,0,0,216
02/15/2020,EGE,CO,ANM,WE,Federal Contract Tower,33,71,39,2,145,0,0,15,13,28,33,71,54,15,173,32,20,52,225
02/16/2020,EGE,CO,ANM,WE,Federal Contract Tower,33,41,27,0,101,0,0,0,0,0,33,41,27,0,101,0,0,0,101
02/17/2020,EGE,CO,ANM,WE,Federal Contract Tower,27,99,120,0,246,0,0,6,0,6,27,99,126,0,252,0,0,0,252
02/18/2020,EGE,CO,ANM,WE,Federal Contract Tower,26,61,44,0,131,0,0,20,2,22,26,61,64,2,153,8,2,10,163
02/19/2020,EGE,CO,ANM,WE,Federal Contract Tower,34,46,34,0,114,0,0,23,2,25,34,46,57,2,139,12,0,12,151
02/20/2020,EGE,CO,ANM,WE,Federal Contract Tower,27,47,45,0,119,0,0,21,4,25,27,47,66,4,144,6,16,22,166
02/21/2020,EGE,CO,ANM,WE,Federal Contract Tower,27,33,60,0,120,0,0,26,0,26,27,33,86,0,146,30,0,30,176
02/22/2020,EGE,CO,ANM,WE,Federal Contract Tower,33,59,50,0,142,0,0,18,0,18,33,59,68,0,160,10,0,10,170
02/23/2020,EGE,CO,ANM,WE,Federal Contract Tower,31,51,42,0,124,0,0,0,1,1,31,51,42,1,125,0,0,0,125
02/24/2020,EGE,CO,ANM,WE,Federal Contract Tower,27,39,29,0,95,0,0,2,0,2,27,39,31,0,97,0,0,0,97
02/25/2020,EGE,CO,ANM,WE,Federal Contract Tower,27,32,30,0,89,0,0,2,12,14,27,32,32,12,103,0,12,12,115
02/26/2020,EGE,CO,ANM,WE,Federal Contract Tower,27,20,51,0,98,0,0,15,13,28,27,20,66,13,126,18,8,26,152
02/27/2020,EGE,CO,ANM,WE,Federal Contract Tower,28,27,40,0,95,0,0,9,8,17,28,27,49,8,112,12,0,12,124
02/28/2020,EGE,CO,ANM,WE,Federal Contract Tower,27,46,38,4,115,0,0,29,10,39,27,46,67,14,154,0,6,6,160
02/29/2020,EGE,CO,ANM,WE,Federal Contract Tower,34,64,50,0,148,0,0,20,2,22,34,64,70,2,170,34,0,34,204
03/01/2020,EGE,CO,ANM,WE,Federal Contract Tower,28,49,59,0,136,0,0,12,0,12,28,49,71,0,148,44,0,44,192
03/02/2020,EGE,CO,ANM,WE,Federal Contract Tower,27,41,39,0,107,0,0,9,0,9,27,41,48,0,116,0,0,0,116
03/03/2020,EGE,CO,ANM,WE,Federal Contract Tower,27,24,41,0,92,0,0,27,24,51,27,24,68,24,143,16,8,24,167
03/04/2020,EGE,CO,ANM,WE,Federal Contract Tower,27,29,45,0,101,0,0,29,20,49,27,29,74,20,150,34,6,40,190
03/05/2020,EGE,CO,ANM,WE,Federal Contract Tower,30,30,26,0,86,0,0,32,16,48,30,30,58,16,134,46,2,48,182
03/06/2020,EGE,CO,ANM,WE,Federal Contract Tower,28,46,59,0,133,0,0,37,13,50,28,46,96,13,183,4,4,8,191
03/07/2020,EGE,CO,ANM,WE,Federal Contract Tower,34,59,39,0,132,0,0,31,2,33,34,59,70,2,165,22,0,22,187
03/08/2020,EGE,CO,ANM,WE,Federal Contract Tower,30,64,53,0,147,0,0,3,2,5,30,64,56,2,152,0,2,2,154
03/09/2020,EGE,CO,ANM,WE,Federal Contract Tower,27,35,28,0,90,0,0,17,1,18,27,35,45,1,108,20,0,20,128
03/10/2020,EGE,CO,ANM,WE,Federal Contract Tower,27,28,38,0,93,0,0,7,14,21,27,28,45,14,114,30,12,42,156
03/11/2020,EGE,CO,ANM,WE,Federal Contract Tower,27,36,55,0,118,0,0,9,14,23,27,36,64,14,141,32,14,46,187
03/12/2020,EGE,CO,ANM,WE,Federal Contract Tower,27,47,53,0,127,0,0,10,14,24,27,47,63,14,151,12,12,24,175
03/13/2020,EGE,CO,ANM,WE,Federal Contract Tower,31,51,45,0,127,0,0,2,6,8,31,51,47,6,135,8,0,8,143
03/14/2020,EGE,CO,ANM,WE,Federal Contract Tower,33,55,69,0,157,0,0,22,2,24,33,55,91,2,181,0,0,0,181
03/15/2020,EGE,CO,ANM,WE,Federal Contract Tower,28,82,62,0,172,0,0,11,0,11,28,82,73,0,183,2,0,2,185
03/16/2020,EGE,CO,ANM,WE,Federal Contract Tower,25,49,35,0,109,0,0,13,0,13,25,49,48,0,122,20,0,20,142
03/17/2020,EGE,CO,ANM,WE,Federal Contract Tower,25,25,33,0,83,0,0,20,4,24,25,25,53,4,107,36,0,36,143
03/18/2020,EGE,CO,ANM,WE,Federal Contract Tower,13,11,24,0,48,0,0,10,4,14,13,11,34,4,62,28,16,44,106
03/19/2020,EGE,CO,ANM,WE,Federal Contract Tower,3,3,0,0,6,0,0,2,0,2,3,3,2,0,8,24,0,24,32
03/20/2020,EGE,CO,ANM,WE,Federal Contract Tower,7,13,8,0,28,0,0,21,0,21,7,13,29,0,49,0,0,0,49
03/21/2020,EGE,CO,ANM,WE,Federal Contract Tower,3,12,4,0,19,0,0,8,2,10,3,12,12,2,29,8,0,8,37
03/22/2020,EGE,CO,ANM,WE,Federal Contract Tower,2,5,9,0,16,0,0,8,0,8,2,5,17,0,24,2,0,2,26
03/23/2020,EGE,CO,ANM,WE,Federal Contract Tower,0,2,6,0,8,0,0,5,0,5,0,2,11,0,13,28,0,28,41
03/24/2020,EGE,CO,ANM,WE,Federal Contract Tower,3,0,4,0,7,0,0,0,0,0,3,0,4,0,7,0,0,0,7
03/25/2020,EGE,CO,ANM,WE,Federal Contract Tower,0,3,5,0,8,0,0,10,0,10,0,3,15,0,18,36,0,36,54
03/26/2020,EGE,CO,ANM,WE,Federal Contract Tower,0,0,6,0,6,0,0,0,0,0,0,0,6,0,6,2,0,2,8
03/27/2020,EGE,CO,ANM,WE,Federal Contract Tower,0,3,5,0,8,0,0,0,0,0,0,3,5,0,8,0,0,0,8
03/28/2020,EGE,CO,ANM,WE,Federal Contract Tower,2,3,6,0,11,0,0,4,0,4,2,3,10,0,15,2,0,2,17
03/29/2020,EGE,CO,ANM,WE,Federal Contract Tower,0,5,1,0,6,0,0,8,0,8,0,5,9,0,14,10,0,10,24
03/30/2020,EGE,CO,ANM,WE,Federal Contract Tower,0,2,1,0,3,0,0,4,0,4,0,2,5,0,7,4,0,4,11
03/31/2020,EGE,CO,ANM,WE,Federal Contract Tower,0,3,2,0,5,0,0,10,0,10,0,3,12,0,15,12,0,12,27
04/01/2020,EGE,CO,ANM,WE,Federal Contract Tower,0,1,4,0,5,0,0,6,2,8,0,1,10,2,13,0,0,0,13
04/02/2020,EGE,CO,ANM,WE,Federal Contract Tower,0,6,0,0,6,0,0,0,0,0,0,6,0,0,6,0,0,0,6
04/03/2020,EGE,CO,ANM,WE,Federal Contract Tower,2,0,6,0,8,0,0,11,0,11,2,0,17,0,19,0,0,0,19
04/04/2020,EGE,CO,ANM,WE,Federal Contract Tower,0,0,1,0,1,0,0,6,0,6,0,0,7,0,7,0,0,0,7
04/05/2020,EGE,CO,ANM,WE,Federal Contract Tower,0,2,0,0,2,0,0,23,0,23,0,2,23,0,25,0,0,0,25
04/06/2020,EGE,CO,ANM,WE,Federal Contract Tower,0,3,4,0,7,0,0,8,0,8,0,3,12,0,15,6,0,6,21
04/07/2020,EGE,CO,ANM,WE,Federal Contract Tower,0,2,2,0,4,0,0,14,0,14,0,2,16,0,18,32,0,32,50
04/08/2020,EGE,CO,ANM,WE,Federal Contract Tower,2,5,8,0,15,0,0,24,0,24,2,5,32,0,39,34,0,34,73
04/09/2020,EGE,CO,ANM,WE,Federal Contract Tower,0,1,4,0,5,0,0,24,0,24,0,1,28,0,29,18,0,18,47
04/10/2020,EGE,CO,ANM,WE,Federal Contract Tower,2,0,0,0,2,0,0,9,2,11,2,0,9,2,13,0,8,8,21
04/11/2020,EGE,CO,ANM,WE,Federal Contract Tower,2,2,7,0,11,0,0,26,6,32,2,2,33,6,43,0,0,0,43
04/12/2020,EGE,CO,ANM,WE,Federal Contract Tower,2,3,3,0,8,0,0,1,0,1,2,3,4,0,9,0,0,0,9
04/13/2020,EGE,CO,ANM,WE,Federal Contract Tower,2,2,2,0,6,0,0,6,0,6,2,2,8,0,12,0,0,0,12
04/14/2020,EGE,CO,ANM,WE,Federal Contract Tower,2,2,2,0,6,0,0,11,0,11,2,2,13,0,17,14,0,14,31
04/15/2020,EGE,CO,ANM,WE,Federal Contract Tower,2,2,7,0,11,0,0,7,0,7,2,2,14,0,18,0,0,0,18
04/16/2020,EGE,CO,ANM,WE,Federal Contract Tower,2,0,2,0,4,0,0,0,5,5,2,0,2,5,9,0,0,0,9
04/17/2020,EGE,CO,ANM,WE,Federal Contract Tower,0,2,7,0,9,0,0,15,4,19,0,2,22,4,28,6,6,12,40
04/18/2020,EGE,CO,ANM,WE,Federal Contract Tower,2,0,2,1,5,0,0,6,4,10,2,0,8,5,15,4,26,30,45
04/19/2020,EGE,CO,ANM,WE,Federal Contract Tower,2,0,3,0,5,0,0,4,0,4,2,0,7,0,9,12,0,12,21
04/20/2020,EGE,CO,ANM,WE,Federal Contract Tower,2,1,2,0,5,0,0,3,0,3,2,1,5,0,8,0,0,0,8
04/21/2020,EGE,CO,ANM,WE,Federal Contract Tower,2,5,3,0,10,0,0,4,2,6,2,5,7,2,16,8,40,48,64
04/22/2020,EGE,CO,ANM,WE,Federal Contract Tower,2,6,11,0,19,0,0,31,4,35,2,6,42,4,54,18,8,26,80
04/23/2020,EGE,CO,ANM,WE,Federal Contract Tower,2,2,0,0,4,0,0,0,0,0,2,2,0,0,4,0,0,0,4
04/24/2020,EGE,CO,ANM,WE,Federal Contract Tower,2,2,14,0,18,0,0,3,0,3,2,2,17,0,21,10,0,10,31
04/25/2020,EGE,CO,ANM,WE,Federal Contract Tower,2,3,6,0,11,0,0,39,0,39,2,3,45,0,50,0,0,0,50
04/26/2020,EGE,CO,ANM,WE,Federal Contract Tower,2,8,5,0,15,0,0,7,2,9,2,8,12,2,24,0,0,0,24
04/27/2020,EGE,CO,ANM,WE,Federal Contract Tower,2,1,7,0,10,0,0,18,6,24,2,1,25,6,34,30,28,58,92
04/28/2020,EGE,CO,ANM,WE,Federal Contract Tower,2,2,12,0,16,0,0,19,2,21,2,2,31,2,37,64,2,66,103
04/29/2020,EGE,CO,ANM,WE,Federal Contract Tower,2,2,8,0,12,0,0,22,1,23,2,2,30,1,35,40,0,40,75
04/30/2020,EGE,CO,ANM,WE,Federal Contract Tower,2,5,4,0,11,0,0,16,0,16,2,5,20,0,27,30,0,30,57
05/01/2020,EGE,CO,ANM,WE,Federal Contract Tower,2,8,11,0,21,0,0,19,2,21,2,8,30,2,42,44,0,44,86
05/02/2020,EGE,CO,ANM,WE,Federal Contract Tower,2,4,6,0,12,0,0,11,2,13,2,4,17,2,25,32,0,32,57
05/03/2020,EGE,CO,ANM,WE,Federal Contract Tower,2,4,6,0,12,0,0,23,6,29,2,4,29,6,41,0,0,0,41
05/04/2020,EGE,CO,ANM,WE,Federal Contract Tower,1,6,4,0,11,0,0,8,0,8,1,6,12,0,19,2,0,2,21
05/05/2020,EGE,CO,ANM,WE,Federal Contract Tower,2,7,8,0,17,0,1,30,2,33,2,8,38,2,50,34,0,34,84
05/06/2020,EGE,CO,ANM,WE,Federal Contract Tower,2,5,10,0,17,0,0,26,4,30,2,5,36,4,47,66,0,66,113
05/07/2020,EGE,CO,ANM,WE,Federal Contract Tower,4,9,10,0,23,0,0,27,2,29,4,9,37,2,52,90,2,92,144
05/08/2020,EGE,CO,ANM,WE,Federal Contract Tower,4,5,10,0,19,0,0,20,4,24,4,5,30,4,43,2,0,2,45
05/09/2020,EGE,CO,ANM,WE,Federal Contract Tower,4,6,7,0,17,0,1,35,4,40,4,7,42,4,57,24,4,28,85
05/10/2020,EGE,CO,ANM,WE,Federal Contract Tower,4,5,3,0,12,0,0,22,0,22,4,5,25,0,34,16,0,16,50
05/11/2020,EGE,CO,ANM,WE,Federal Contract Tower,4,7,5,0,16,0,0,25,17,42,4,7,30,17,58,20,0,20,78
05/12/2020,EGE,CO,ANM,WE,Federal Contract Tower,2,6,4,0,12,0,0,12,0,12,2,6,16,0,24,10,0,10,34
05/13/2020,EGE,CO,ANM,WE,Federal Contract Tower,2,4,6,1,13,0,0,18,2,20,2,4,24,3,33,46,8,54,87
05/14/2020,EGE,CO,ANM,WE,Federal Contract Tower,4,6,7,0,17,0,0,26,3,29,4,6,33,3,46,150,8,158,204
05/15/2020,EGE,CO,ANM,WE,Federal Contract Tower,2,6,11,0,19,0,0,19,2,21,2,6,30,2,40,52,0,52,92
05/16/2020,EGE,CO,ANM,WE,Federal Contract Tower,2,10,10,0,22,0,0,22,0,22,2,10,32,0,44,38,0,38,82
05/17/2020,EGE,CO,ANM,WE,Federal Contract Tower,4,4,16,0,24,0,0,30,2,32,4,4,46,2,56,0,0,0,56
05/18/2020,EGE,CO,ANM,WE,Federal Contract Tower,4,6,6,0,16,0,0,14,4,18,4,6,20,4,34,8,21,29,63
05/19/2020,EGE,CO,ANM,WE,Federal Contract Tower,2,7,6,0,15,0,0,17,2,19,2,7,23,2,34,24,0,24,58
05/20/2020,EGE,CO,ANM,WE,Federal Contract Tower,2,10,16,0,28,0,0,12,5,17,2,10,28,5,45,0,18,18,63
05/21/2020,EGE,CO,ANM,WE,Federal Contract Tower,4,16,11,3,34,0,0,29,1,30,4,16,40,4,64,20,0,20,84
05/22/2020,EGE,CO,ANM,WE,Federal Contract Tower,4,16,18,0,38,0,0,19,2,21,4,16,37,2,59,44,0,44,103
05/23/2020,EGE,CO,ANM,WE,Federal Contract Tower,4,17,13,0,34,0,0,17,1,18,4,17,30,1,52,24,0,24,76
05/24/2020,EGE,CO,ANM,WE,Federal Contract Tower,4,17,8,0,29,0,0,2,0,2,4,17,10,0,31,0,0,0,31
05/25/2020,EGE,CO,ANM,WE,Federal Contract Tower,4,15,11,0,30,0,0,41,4,45,4,15,52,4,75,44,0,44,119
05/26/2020,EGE,CO,ANM,WE,Federal Contract Tower,2,9,19,0,30,0,0,40,4,44,2,9,59,4,74,74,4,78,152
05/27/2020,EGE,CO,ANM,WE,Federal Contract Tower,2,9,8,0,19,0,0,15,0,15,2,9,23,0,34,24,0,24,58
05/28/2020,EGE,CO,ANM,WE,Federal Contract Tower,4,8,2,0,14,0,0,35,6,41,4,8,37,6,55,54,4,58,113
05/29/2020,EGE,CO,ANM,WE,Federal Contract Tower,4,11,14,0,29,0,0,31,1,32,4,11,45,1,61,44,0,44,105
05/30/2020,EGE,CO,ANM,WE,Federal Contract Tower,4,13,13,0,30,0,0,30,0,30,4,13,43,0,60,28,0,28,88
05/31/2020,EGE,CO,ANM,WE,Federal Contract Tower,4,8,16,0,28,0,0,13,0,13,4,8,29,0,41,0,0,0,41
06/01/2020,EGE,CO,ANM,WE,Federal Contract Tower,4,7,26,0,37,0,0,21,0,21,4,7,47,0,58,12,0,12,70
06/02/2020,EGE,CO,ANM,WE,Federal Contract Tower,2,9,20,0,31,0,0,26,12,38,2,9,46,12,69,58,4,62,131
06/03/2020,EGE,CO,ANM,WE,Federal Contract Tower,2,10,16,0,28,0,0,42,14,56,2,10,58,14,84,72,2,74,158
06/04/2020,EGE,CO,ANM,WE,Federal Contract Tower,4,14,22,0,40,0,0,37,14,51,4,14,59,14,91,26,4,30,121
06/05/2020,EGE,CO,ANM,WE,Federal Contract Tower,4,19,27,0,50,0,0,27,6,33,4,19,54,6,83,25,0,25,108
06/06/2020,EGE,CO,ANM,WE,Federal Contract Tower,4,26,17,0,47,0,0,5,6,11,4,26,22,6,58,0,0,0,58
06/07/2020,EGE,CO,ANM,WE,Federal Contract Tower,4,24,24,0,52,0,0,20,3,23,4,24,44,3,75,6,0,6,81
06/08/2020,EGE,CO,ANM,WE,Federal Contract Tower,2,15,24,0,41,0,0,22,0,22,2,15,46,0,63,2,0,2,65
06/09/2020,EGE,CO,ANM,WE,Federal Contract Tower,4,9,22,0,35,0,0,30,10,40,4,9,52,10,75,60,4,64,139
06/10/2020,EGE,CO,ANM,WE,Federal Contract Tower,4,20,18,0,42,0,0,51,16,67,4,20,69,16,109,80,0,80,189
06/11/2020,EGE,CO,ANM,WE,Federal Contract Tower,4,17,27,0,48,0,0,36,15,51,4,17,63,15,99,36,0,36,135
06/12/2020,EGE,CO,ANM,WE,Federal Contract Tower,4,29,27,0,60,0,0,33,13,46,4,29,60,13,106,34,4,38,144
06/13/2020,EGE,CO,ANM,WE,Federal Contract Tower,4,21,34,0,59,0,0,16,0,16,4,21,50,0,75,22,0,22,97
06/14/2020,EGE,CO,ANM,WE,Federal Contract Tower,4,37,37,0,78,0,0,19,3,22,4,37,56,3,100,4,0,4,104
06/15/2020,EGE,CO,ANM,WE,Federal Contract Tower,4,24,17,1,46,0,0,21,0,21,4,24,38,1,67,4,0,4,71
06/16/2020,EGE,CO,ANM,WE,Federal Contract Tower,4,17,28,0,49,0,0,21,12,33,4,17,49,12,82,36,10,46,128
06/17/2020,EGE,CO,ANM,WE,Federal Contract Tower,4,34,15,0,53,0,0,20,13,33,4,34,35,13,86,0,2,2,88
06/18/2020,EGE,CO,ANM,WE,Federal Contract Tower,4,15,37,1,57,0,0,43,9,52,4,15,80,10,109,70,0,70,179
06/19/2020,EGE,CO,ANM,WE,Federal Contract Tower,4,25,38,1,68,0,0,16,9,25,4,25,54,10,93,54,4,58,151
06/20/2020,EGE,CO,ANM,WE,Federal Contract Tower,4,16,18,0,38,0,0,50,0,50,4,16,68,0,88,50,0,50,138
06/21/2020,EGE,CO,ANM,WE,Federal Contract Tower,4,32,14,0,50,0,0,30,1,31,4,32,44,1,81,8,0,8,89
06/22/2020,EGE,CO,ANM,WE,Federal Contract Tower,4,30,35,0,69,0,0,22,0,22,4,30,57,0,91,16,0,16,107
06/23/2020,EGE,CO,ANM,WE,Federal Contract Tower,4,23,29,0,56,0,0,36,17,53,4,23,65,17,109,26,12,38,147
06/24/2020,EGE,CO,ANM,WE,Federal Contract Tower,4,29,28,0,61,0,0,50,17,67,4,29,78,17,128,46,10,56,184
06/25/2020,EGE,CO,ANM,WE,Federal Contract Tower,4,32,36,0,72,0,0,31,20,51,4,32,67,20,123,70,4,74,197
06/26/2020,EGE,CO,ANM,WE,Federal Contract Tower,4,29,37,0,70,0,0,32,13,45,4,29,69,13,115,46,11,57,172
06/27/2020,EGE,CO,ANM,WE,Federal Contract Tower,5,48,46,0,99,0,0,25,0,25,5,48,71,0,124,36,0,36,160
06/28/2020,EGE,CO,ANM,WE,Federal Contract Tower,4,59,35,0,98,0,0,15,0,15,4,59,50,0,113,18,0,18,131
06/29/2020,EGE,CO,ANM,WE,Federal Contract Tower,4,36,42,0,82,0,0,18,0,18,4,36,60,0,100,6,0,6,106
06/30/2020,EGE,CO,ANM,WE,Federal Contract Tower,4,29,44,0,77,0,0,34,0,34,4,29,78,0,111,44,0,44,155
07/01/2020,EGE,CO,ANM,WE,Federal Contract Tower,3,49,65,0,117,0,0,37,6,43,3,49,102,6,160,54,6,60,220
07/02/2020,EGE,CO,ANM,WE,Federal Contract Tower,4,43,53,0,100,0,0,32,0,32,4,43,85,0,132,46,0,46,178
07/03/2020,EGE,CO,ANM,WE,Federal Contract Tower,4,39,60,0,103,0,0,24,0,24,4,39,84,0,127,32,0,32,159
07/04/2020,EGE,CO,ANM,WE,Federal Contract Tower,4,26,20,0,50,0,0,17,1,18,4,26,37,1,68,0,0,0,68
07/05/2020,EGE,CO,ANM,WE,Federal Contract Tower,4,64,65,0,133,0,1,31,1,33,4,65,96,1,166,76,0,76,242
07/06/2020,EGE,CO,ANM,WE,Federal Contract Tower,4,38,69,0,111,0,0,24,1,25,4,38,93,1,136,20,2,22,158
07/07/2020,EGE,CO,ANM,WE,Federal Contract Tower,4,24,47,0,75,0,0,48,17,65,4,24,95,17,140,18,10,28,168
07/08/2020,EGE,CO,ANM,WE,Federal Contract Tower,4,17,48,0,69,0,0,24,16,40,4,17,72,16,109,38,0,38,147
07/09/2020,EGE,CO,ANM,WE,Federal Contract Tower,4,32,28,0,64,0,0,41,18,59,4,32,69,18,123,74,14,88,211
07/10/2020,EGE,CO,ANM,WE,Federal Contract Tower,4,38,41,0,83,0,0,35,5,40,4,38,76,5,123,56,2,58,181
07/11/2020,EGE,CO,ANM,WE,Federal Contract Tower,4,47,34,0,85,0,0,26,2,28,4,47,60,2,113,36,0,36,149
07/12/2020,EGE,CO,ANM,WE,Federal Contract Tower,4,51,56,0,111,0,0,25,0,25,4,51,81,0,136,0,0,0,136
07/13/2020,EGE,CO,ANM,WE,Federal Contract Tower,4,32,37,0,73,0,0,28,0,28,4,32,65,0,101,32,0,32,133
07/14/2020,EGE,CO,ANM,WE,Federal Contract Tower,4,38,25,0,67,0,0,28,13,41,4,38,53,13,108,30,0,30,138
07/15/2020,EGE,CO,ANM,WE,Federal Contract Tower,4,42,35,0,81,0,0,30,16,46,4,42,65,16,127,44,8,52,179
07/16/2020,EGE,CO,ANM,WE,Federal Contract Tower,4,32,30,0,66,0,0,30,16,46,4,32,60,16,112,44,4,48,160
07/17/2020,EGE,CO,ANM,WE,Federal Contract Tower,4,31,42,0,77,0,0,31,8,39,4,31,73,8,116,2,0,2,118
07/18/2020,EGE,CO,ANM,WE,Federal Contract Tower,4,51,52,0,107,0,0,35,1,36,4,51,87,1,143,36,0,36,179
07/19/2020,EGE,CO,ANM,WE,Federal Contract Tower,4,47,55,0,106,0,1,34,1,36,4,48,89,1,142,14,0,14,156
07/20/2020,EGE,CO,ANM,WE,Federal Contract Tower,4,45,55,0,104,0,1,30,2,33,4,46,85,2,137,22,0,22,159
07/21/2020,EGE,CO,ANM,WE,Federal Contract Tower,4,15,28,0,47,0,0,37,10,47,4,15,65,10,94,38,2,40,134
07/22/2020,EGE,CO,ANM,WE,Federal Contract Tower,4,32,53,0,89,0,0,24,13,37,4,32,77,13,126,50,4,54,180
07/23/2020,EGE,CO,ANM,WE,Federal Contract Tower,4,41,48,0,93,0,0,30,8,38,4,41,78,8,131,44,2,46,177
07/24/2020,EGE,CO,ANM,WE,Federal Contract Tower,4,32,45,0,81,0,0,11,3,14,4,32,56,3,95,1,2,3,98
07/25/2020,EGE,CO,ANM,WE,Federal Contract Tower,4,56,42,0,102,0,0,12,0,12,4,56,54,0,114,24,0,24,138
07/26/2020,EGE,CO,ANM,WE,Federal Contract Tower,4,55,71,0,130,0,1,24,1,26,4,56,95,1,156,22,0,22,178
07/27/2020,EGE,CO,ANM,WE,Federal Contract Tower,3,34,28,2,67,0,0,39,0,39,3,34,67,2,106,42,0,42,148
07/28/2020,EGE,CO,ANM,WE,Federal Contract Tower,4,37,43,0,84,0,0,23,12,35,4,37,66,12,119,60,6,66,185
07/29/2020,EGE,CO,ANM,WE,Federal Contract Tower,4,45,40,0,89,0,0,39,13,52,4,45,79,13,141,44,0,44,185
07/30/2020,EGE,CO,ANM,WE,Federal Contract Tower,4,37,61,1,103,0,0,39,12,51,4,37,100,13,154,60,2,62,216
07/31/2020,EGE,CO,ANM,WE,Federal Contract Tower,4,64,62,0,130,0,0,35,14,49,4,64,97,14,179,54,0,54,233
08/01/2020,EGE,CO,ANM,WE,Federal Contract Tower,4,62,56,0,122,0,0,34,4,38,4,62,90,4,160,8,2,10,170
08/02/2020,EGE,CO,ANM,WE,Federal Contract Tower,4,61,68,0,133,0,0,19,0,19,4,61,87,0,152,2,0,2,154
08/03/2020,EGE,CO,ANM,WE,Federal Contract Tower,5,49,41,0,95,0,1,20,6,27,5,50,61,6,122,18,0,18,140
08/04/2020,EGE,CO,ANM,WE,Federal Contract Tower,4,43,43,0,90,0,0,31,22,53,4,43,74,22,143,32,40,72,215
08/05/2020,EGE,CO,ANM,WE,Federal Contract Tower,4,31,53,0,88,0,0,24,27,51,4,31,77,27,139,20,12,32,171
08/06/2020,EGE,CO,ANM,WE,Federal Contract Tower,4,44,47,0,95,0,0,35,20,55,4,44,82,20,150,20,4,24,174
08/07/2020,EGE,CO,ANM,WE,Federal Contract Tower,4,32,62,0,98,0,0,0,1,1,4,32,62,1,99,42,6,48,147
08/08/2020,EGE,CO,ANM,WE,Federal Contract Tower,4,51,55,1,111,0,0,26,4,30,4,51,81,5,141,12,0,12,153
08/09/2020,EGE,CO,ANM,WE,Federal Contract Tower,4,68,64,0,136,0,0,39,6,45,4,68,103,6,181,8,0,8,189
08/10/2020,EGE,CO,ANM,WE,Federal Contract Tower,4,44,43,0,91,0,0,44,0,44,4,44,87,0,135,56,0,56,191
08/11/2020,EGE,CO,ANM,WE,Federal Contract Tower,4,26,33,0,63,0,0,28,24,52,4,26,61,24,115,4,20,24,139
08/12/2020,EGE,CO,ANM,WE,Federal Contract Tower,5,52,49,0,106,0,0,64,25,89,5,52,113,25,195,14,10,24,219
08/13/2020,EGE,CO,ANM,WE,Federal Contract Tower,4,38,52,0,94,0,0,72,17,89,4,38,124,17,183,42,14,56,239
08/14/2020,EGE,CO,ANM,WE,Federal Contract Tower,4,38,43,2,87,0,0,60,14,74,4,38,103,16,161,34,0,34,195
08/15/2020,EGE,CO,ANM,WE,Federal Contract Tower,6,58,43,0,107,0,1,52,3,56,6,59,95,3,163,18,22,40,203
08/16/2020,EGE,CO,ANM,WE,Federal Contract Tower,5,56,43,0,104,0,1,51,0,52,5,57,94,0,156,12,0,12,168
08/17/2020,EGE,CO,ANM,WE,Federal Contract Tower,4,35,50,0,89,0,0,49,0,49,4,35,99,0,138,0,0,0,138
08/18/2020,EGE,CO,ANM,WE,Federal Contract Tower,4,42,31,0,77,0,0,63,14,77,4,42,94,14,154,10,2,12,166
08/19/2020,EGE,CO,ANM,WE,Federal Contract Tower,4,36,40,0,80,0,0,40,9,49,4,36,80,9,129,12,0,12,141
08/20/2020,EGE,CO,ANM,WE,Federal Contract Tower,4,32,45,0,81,0,0,39,19,58,4,32,84,19,139,32,2,34,173
08/21/2020,EGE,CO,ANM,WE,Federal Contract Tower,4,36,44,0,84,0,0,39,13,52,4,36,83,13,136,16,0,16,152
08/22/2020,EGE,CO,ANM,WE,Federal Contract Tower,5,34,37,2,78,0,0,33,5,38,5,34,70,7,116,22,0,22,138
08/23/2020,EGE,CO,ANM,WE,Federal Contract Tower,5,43,55,0,103,0,0,34,7,41,5,43,89,7,144,10,0,10,154
08/24/2020,EGE,CO,ANM,WE,Federal Contract Tower,8,29,34,0,71,0,0,28,2,30,8,29,62,2,101,44,0,44,145
08/25/2020,EGE,CO,ANM,WE,Federal Contract Tower,4,19,29,1,53,0,0,39,18,57,4,19,68,19,110,32,14,46,156
08/26/2020,EGE,CO,ANM,WE,Federal Contract Tower,4,27,43,1,75,0,0,31,14,45,4,27,74,15,120,22,8,30,150
08/27/2020,EGE,CO,ANM,WE,Federal Contract Tower,4,24,48,0,76,0,0,36,15,51,4,24,84,15,127,22,6,28,155
08/28/2020,EGE,CO,ANM,WE,Federal Contract Tower,4,39,33,0,76,0,0,35,8,43,4,39,68,8,119,64,0,64,183
08/29/2020,EGE,CO,ANM,WE,Federal Contract Tower,6,46,51,2,105,0,0,22,0,22,6,46,73,2,127,34,0,34,161
08/30/2020,EGE,CO,ANM,WE,Federal Contract Tower,7,47,61,0,115,0,0,43,1,44,7,47,104,1,159,20,0,20,179
08/31/2020,EGE,CO,ANM,WE,Federal Contract Tower,5,43,31,0,79,0,0,15,0,15,5,43,46,0,94,0,0,0,94
09/01/2020,EGE,CO,ANM,WE,Federal Contract Tower,3,25,32,0,60,0,0,30,2,32,3,25,62,2,92,4,0,4,96
09/02/2020,EGE,CO,ANM,WE,Federal Contract Tower,3,33,37,1,74,0,0,26,11,37,3,33,63,12,111,20,0,20,131
09/03/2020,EGE,CO,ANM,WE,Federal Contract Tower,4,46,47,2,99,0,0,24,2,26,4,46,71,4,125,36,32,68,193
09/04/2020,EGE,CO,ANM,WE,Federal Contract Tower,4,26,36,0,66,0,0,16,0,16,4,26,52,0,82,28,0,28,110
09/05/2020,EGE,CO,ANM,WE,Federal Contract Tower,4,22,31,0,57,0,0,30,0,30,4,22,61,0,87,62,0,62,149
09/06/2020,EGE,CO,ANM,WE,Federal Contract Tower,4,36,30,0,70,0,0,20,0,20,4,36,50,0,90,20,0,20,110
09/07/2020,EGE,CO,ANM,WE,Federal Contract Tower,4,61,77,0,142,0,0,23,0,23,4,61,100,0,165,4,0,4,169
09/08/2020,EGE,CO,ANM,WE,Federal Contract Tower,4,44,22,0,70,0,0,0,8,8,4,44,22,8,78,0,12,12,90
09/09/2020,EGE,CO,ANM,WE,Federal Contract Tower,4,43,33,0,80,0,0,21,13,34,4,43,54,13,114,60,14,74,188
09/10/2020,EGE,CO,ANM,WE,Federal Contract Tower,4,22,53,0,79,0,0,18,10,28,4,22,71,10,107,48,4,52,159
09/11/2020,EGE,CO,ANM,WE,Federal Contract Tower,4,18,24,0,46,0,0,18,4,22,4,18,42,4,68,28,0,28,96
09/12/2020,EGE,CO,ANM,WE,Federal Contract Tower,4,38,32,0,74,0,0,45,2,47,4,38,77,2,121,74,0,74,195
09/13/2020,EGE,CO,ANM,WE,Federal Contract Tower,4,45,46,0,95,0,0,29,1,30,4,45,75,1,125,16,0,16,141
09/14/2020,EGE,CO,ANM,WE,Federal Contract Tower,4,22,46,0,72,0,0,36,1,37,4,22,82,1,109,32,0,32,141
09/15/2020,EGE,CO,ANM,WE,Federal Contract Tower,4,28,37,4,73,0,0,32,22,54,4,28,69,26,127,30,24,54,181
09/16/2020,EGE,CO,ANM,WE,Federal Contract Tower,4,24,42,0,70,0,0,23,20,43,4,24,65,20,113,14,4,18,131
09/17/2020,EGE,CO,ANM,WE,Federal Contract Tower,4,34,53,0,91,0,2,19,16,37,4,36,72,16,128,18,2,20,148
09/18/2020,EGE,CO,ANM,WE,Federal Contract Tower,4,34,48,0,86,0,0,29,12,41,4,34,77,12,127,18,6,24,151
09/19/2020,EGE,CO,ANM,WE,Federal Contract Tower,4,23,23,0,50,0,0,31,1,32,4,23,54,1,82,42,2,44,126
09/20/2020,EGE,CO,ANM,WE,Federal Contract Tower,4,60,48,0,112,0,0,20,1,21,4,60,68,1,133,6,0,6,139
09/21/2020,EGE,CO,ANM,WE,Federal Contract Tower,4,14,34,2,54,0,0,20,0,20,4,14,54,2,74,2,0,2,76
09/22/2020,EGE,CO,ANM,WE,Federal Contract Tower,4,23,24,0,51,0,0,32,14,46,4,23,56,14,97,24,10,34,131
09/23/2020,EGE,CO,ANM,WE,Federal Contract Tower,4,31,29,2,66,0,0,33,12,45,4,31,62,14,111,72,4,76,187
09/24/2020,EGE,CO,ANM,WE,Federal Contract Tower,4,41,36,0,81,0,0,32,15,47,4,41,68,15,128,72,2,74,202
09/25/2020,EGE,CO,ANM,WE,Federal Contract Tower,4,34,37,0,75,0,0,34,10,44,4,34,71,10,119,30,14,44,163
09/26/2020,EGE,CO,ANM,WE,Federal Contract Tower,4,28,27,4,63,0,0,27,2,29,4,28,54,6,92,20,0,20,112
09/27/2020,EGE,CO,ANM,WE,Federal Contract Tower,4,45,53,0,102,0,0,22,3,25,4,45,75,3,127,4,0,4,131
09/28/2020,EGE,CO,ANM,WE,Federal Contract Tower,4,20,44,0,68,0,0,31,1,32,4,20,75,1,100,12,0,12,112
09/29/2020,EGE,CO,ANM,WE,Federal Contract Tower,4,35,33,0,72,0,0,44,0,44,4,35,77,0,116,30,0,30,146
09/30/2020,EGE,CO,ANM,WE,Federal Contract Tower,4,33,45,3,85,0,0,40,1,41,4,33,85,4,126,60,0,60,186
10/01/2020,EGE,CO,ANM,WE,Federal Contract Tower,4,33,29,0,66,0,2,62,5,69,4,35,91,5,135,58,8,66,201
10/02/2020,EGE,CO,ANM,WE,Federal Contract Tower,4,32,27,0,63,0,0,46,0,46,4,32,73,0,109,35,0,35,144
10/03/2020,EGE,CO,ANM,WE,Federal Contract Tower,4,30,25,3,62,0,0,40,2,42,4,30,65,5,104,32,6,38,142
10/04/2020,EGE,CO,ANM,WE,Federal Contract Tower,4,29,37,0,70,0,0,23,0,23,4,29,60,0,93,14,0,14,107
10/05/2020,EGE,CO,ANM,WE,Federal Contract Tower,4,52,23,0,79,0,0,35,0,35,4,52,58,0,114,10,0,10,124
10/06/2020,EGE,CO,ANM,WE,Federal Contract Tower,4,28,22,0,54,0,0,34,4,38,4,28,56,4,92,16,6,22,114
10/07/2020,EGE,CO,ANM,WE,Federal Contract Tower,2,28,27,0,57,0,0,36,12,48,2,28,63,12,105,96,0,96,201
10/08/2020,EGE,CO,ANM,WE,Federal Contract Tower,2,26,24,0,52,0,0,27,10,37,2,26,51,10,89,28,4,32,121
10/09/2020,EGE,CO,ANM,WE,Federal Contract Tower,4,26,21,0,51,0,0,29,13,42,4,26,50,13,93,28,2,30,123
10/10/2020,EGE,CO,ANM,WE,Federal Contract Tower,4,28,20,0,52,0,0,27,0,27,4,28,47,0,79,50,0,50,129
10/11/2020,EGE,CO,ANM,WE,Federal Contract Tower,4,24,23,0,51,0,0,3,0,3,4,24,26,0,54,0,0,0,54
10/12/2020,EGE,CO,ANM,WE,Federal Contract Tower,3,25,23,0,51,0,0,25,0,25,3,25,48,0,76,60,0,60,136
10/13/2020,EGE,CO,ANM,WE,Federal Contract Tower,2,15,28,0,45,0,0,25,0,25,2,15,53,0,70,16,0,16,86
10/14/2020,EGE,CO,ANM,WE,Federal Contract Tower,2,15,25,0,42,0,0,16,0,16,2,15,41,0,58,30,0,30,88
10/15/2020,EGE,CO,ANM,WE,Federal Contract Tower,2,24,32,0,58,0,0,34,7,41,2,24,66,7,99,102,0,102,201
10/16/2020,EGE,CO,ANM,WE,Federal Contract Tower,4,27,21,0,52,0,0,38,0,38,4,27,59,0,90,66,0,66,156
10/17/2020,EGE,CO,ANM,WE,Federal Contract Tower,4,19,12,2,37,0,0,16,3,19,4,19,28,5,56,88,12,100,156
10/18/2020,EGE,CO,ANM,WE,Federal Contract Tower,4,26,37,0,67,0,0,12,0,12,4,26,49,0,79,48,0,48,127
10/19/2020,EGE,CO,ANM,WE,Federal Contract Tower,4,24,8,0,36,0,0,16,0,16,4,24,24,0,52,24,0,24,76
10/20/2020,EGE,CO,ANM,WE,Federal Contract Tower,2,12,8,0,22,0,0,26,13,39,2,12,34,13,61,98,2,100,161
10/21/2020,EGE,CO,ANM,WE,Federal Contract Tower,2,10,11,0,23,0,0,34,14,48,2,10,45,14,71,84,18,102,173
10/22/2020,EGE,CO,ANM,WE,Federal Contract Tower,2,20,15,0,37,0,0,30,14,44,2,20,45,14,81,60,14,74,155
10/23/2020,EGE,CO,ANM,WE,Federal Contract Tower,4,22,18,0,44,0,0,37,6,43,4,22,55,6,87,98,0,98,185
10/24/2020,EGE,CO,ANM,WE,Federal Contract Tower,4,20,22,0,46,0,0,19,2,21,4,20,41,2,67,24,0,24,91
10/25/2020,EGE,CO,ANM,WE,Federal Contract Tower,3,14,8,0,25,0,0,0,0,0,3,14,8,0,25,0,0,0,25
10/26/2020,EGE,CO,ANM,WE,Federal Contract Tower,5,12,10,0,27,0,0,0,0,0,5,12,10,0,27,0,0,0,27
10/27/2020,EGE,CO,ANM,WE,Federal Contract Tower,2,16,16,0,34,0,0,16,1,17,2,16,32,1,51,76,0,76,127
10/28/2020,EGE,CO,ANM,WE,Federal Contract Tower,2,15,13,0,30,0,0,28,2,30,2,15,41,2,60,136,0,136,196
10/29/2020,EGE,CO,ANM,WE,Federal Contract Tower,2,3,23,0,28,0,0,25,2,27,2,3,48,2,55,50,0,50,105
10/30/2020,EGE,CO,ANM,WE,Federal Contract Tower,4,20,7,0,31,0,0,22,0,22,4,20,29,0,53,84,0,84,137
10/31/2020,EGE,CO,ANM,WE,Federal Contract Tower,4,6,8,0,18,0,0,29,0,29,4,6,37,0,47,62,0,62,109
11/01/2020,EGE,CO,ANM,WE,Federal Contract Tower,3,16,14,0,33,0,0,30,0,30,3,16,44,0,63,36,0,36,99
11/02/2020,EGE,CO,ANM,WE,Federal Contract Tower,4,14,16,0,34,0,0,35,1,36,4,14,51,1,70,86,0,86,156
11/03/2020,EGE,CO,ANM,WE,Federal Contract Tower,2,10,15,2,29,0,0,16,0,16,2,10,31,2,45,0,0,0,45
11/04/2020,EGE,CO,ANM,WE,Federal Contract Tower,4,9,13,0,26,0,0,28,6,34,4,9,41,6,60,20,0,20,80
11/05/2020,EGE,CO,ANM,WE,Federal Contract Tower,4,8,7,0,19,0,0,28,2,30,4,8,35,2,49,36,4,40,89
11/06/2020,EGE,CO,ANM,WE,Federal Contract Tower,4,12,15,0,31,0,0,25,4,29,4,12,40,4,60,57,0,57,117
11/07/2020,EGE,CO,ANM,WE,Federal Contract Tower,4,10,18,0,32,0,0,14,0,14,4,10,32,0,46,42,0,42,88
11/08/2020,EGE,CO,ANM,WE,Federal Contract Tower,4,18,15,0,37,0,0,3,0,3,4,18,18,0,40,40,0,40,80
11/09/2020,EGE,CO,ANM,WE,Federal Contract Tower,4,14,7,0,25,0,0,3,0,3,4,14,10,0,28,26,0,26,54
11/10/2020,EGE,CO,ANM,WE,Federal Contract Tower,4,16,16,0,36,0,0,3,6,9,4,16,19,6,45,24,44,68,113
11/11/2020,EGE,CO,ANM,WE,Federal Contract Tower,4,11,11,0,26,0,0,19,2,21,4,11,30,2,47,80,22,102,149
11/12/2020,EGE,CO,ANM,WE,Federal Contract Tower,4,16,17,0,37,0,0,22,5,27,4,16,39,5,64,42,48,90,154
11/13/2020,EGE,CO,ANM,WE,Federal Contract Tower,4,15,31,10,60,0,0,32,13,45,4,15,63,23,105,42,28,70,175
11/14/2020,EGE,CO,ANM,WE,Federal Contract Tower,4,8,7,0,19,0,0,1,0,1,4,8,8,0,20,0,0,0,20
11/15/2020,EGE,CO,ANM,WE,Federal Contract Tower,4,12,14,0,30,0,0,6,0,6,4,12,20,0,36,8,0,8,44
11/16/2020,EGE,CO,ANM,WE,Federal Contract Tower,3,8,7,0,18,0,0,24,0,24,3,8,31,0,42,24,20,44,86
11/17/2020,EGE,CO,ANM,WE,Federal Contract Tower,4,6,9,0,19,0,0,30,6,36,4,6,39,6,55,120,24,144,199
11/18/2020,EGE,CO,ANM,WE,Federal Contract Tower,4,11,23,0,38,0,0,27,3,30,4,11,50,3,68,90,4,94,162
11/19/2020,EGE,CO,ANM,WE,Federal Contract Tower,6,23,24,0,53,0,0,21,5,26,6,23,45,5,79,62,8,70,149
11/20/2020,EGE,CO,ANM,WE,Federal Contract Tower,8,34,24,1,67,0,0,19,2,21,8,34,43,3,88,16,10,26,114
11/21/2020,EGE,CO,ANM,WE,Federal Contract Tower,8,32,18,0,58,0,0,29,0,29,8,32,47,0,87,42,0,42,129
11/22/2020,EGE,CO,ANM,WE,Federal Contract Tower,8,22,37,0,67,0,0,16,0,16,8,22,53,0,83,8,0,8,91
11/23/2020,EGE,CO,ANM,WE,Federal Contract Tower,11,7,11,0,29,0,0,2,0,2,11,7,13,0,31,28,0,28,59
11/24/2020,EGE,CO,ANM,WE,Federal Contract Tower,8,26,30,0,64,0,0,6,0,6,8,26,36,0,70,26,0,26,96
11/25/2020,EGE,CO,ANM,WE,Federal Contract Tower,8,10,33,0,51,0,0,30,4,34,8,10,63,4,85,14,12,26,111
11/26/2020,EGE,CO,ANM,WE,Federal Contract Tower,3,3,3,0,9,0,0,2,0,2,3,3,5,0,11,0,0,0,11
11/27/2020,EGE,CO,ANM,WE,Federal Contract Tower,8,10,21,0,39,0,0,33,0,33,8,10,54,0,72,32,0,32,104
11/28/2020,EGE,CO,ANM,WE,Federal Contract Tower,10,36,31,0,77,0,0,28,0,28,10,36,59,0,105,36,0,36,141
11/29/2020,EGE,CO,ANM,WE,Federal Contract Tower,10,35,58,0,103,0,0,22,0,22,10,35,80,0,125,8,0,8,133
11/30/2020,EGE,CO,ANM,WE,Federal Contract Tower,7,21,17,2,47,0,0,22,1,23,7,21,39,3,70,6,2,8,78
12/01/2020,EGE,CO,ANM,WE,Federal Contract Tower,7,28,25,0,60,0,0,6,0,6,7,28,31,0,66,20,0,20,86
12/02/2020,EGE,CO,ANM,WE,Federal Contract Tower,5,14,17,0,36,0,0,26,3,29,5,14,43,3,65,88,0,88,153
12/03/2020,EGE,CO,ANM,WE,Federal Contract Tower,7,18,21,0,46,0,0,35,4,39,7,18,56,4,85,50,0,50,135
12/04/2020,EGE,CO,ANM,WE,Federal Contract Tower,9,16,21,0,46,0,0,30,0,30,9,16,51,0,76,48,0,48,124
12/05/2020,EGE,CO,ANM,WE,Federal Contract Tower,6,19,13,0,38,0,0,29,3,32,6,19,42,3,70,42,2,44,114
12/06/2020,EGE,CO,ANM,WE,Federal Contract Tower,10,24,34,0,68,0,0,30,0,30,10,24,64,0,98,42,0,42,140
12/07/2020,EGE,CO,ANM,WE,Federal Contract Tower,9,11,18,1,39,0,0,26,1,27,9,11,44,2,66,40,0,40,106
12/08/2020,EGE,CO,ANM,WE,Federal Contract Tower,5,22,21,0,48,0,0,36,4,40,5,22,57,4,88,46,0,46,134
12/09/2020,EGE,CO,ANM,WE,Federal Contract Tower,5,16,25,2,48,0,0,39,6,45,5,16,64,8,93,60,14,74,167
12/10/2020,EGE,CO,ANM,WE,Federal Contract Tower,7,33,27,0,67,0,0,21,6,27,7,33,48,6,94,40,8,48,142
12/11/2020,EGE,CO,ANM,WE,Federal Contract Tower,8,32,14,0,54,0,0,7,0,7,8,32,21,0,61,52,0,52,113
12/12/2020,EGE,CO,ANM,WE,Federal Contract Tower,1,11,10,0,22,0,0,2,0,2,1,11,12,0,24,12,0,12,36
12/13/2020,EGE,CO,ANM,WE,Federal Contract Tower,9,53,38,0,100,0,0,23,0,23,9,53,61,0,123,0,0,0,123
12/14/2020,EGE,CO,ANM,WE,Federal Contract Tower,3,21,13,0,37,0,0,2,0,2,3,21,15,0,39,0,0,0,39
12/15/2020,EGE,CO,ANM,WE,Federal Contract Tower,5,26,21,1,53,0,0,11,6,17,5,26,32,7,70,62,16,78,148
12/16/2020,EGE,CO,ANM,WE,Federal Contract Tower,6,50,41,0,97,0,0,14,6,20,6,50,55,6,117,40,18,58,175
12/17/2020,EGE,CO,ANM,WE,Federal Contract Tower,30,45,43,0,118,0,0,18,8,26,30,45,61,8,144,16,26,42,186
12/18/2020,EGE,CO,ANM,WE,Federal Contract Tower,34,74,85,0,193,0,0,7,0,7,34,74,92,0,200,16,0,16,216
12/19/2020,EGE,CO,ANM,WE,Federal Contract Tower,40,81,94,0,215,0,0,16,0,16,40,81,110,0,231,0,0,0,231
12/20/2020,EGE,CO,ANM,WE,Federal Contract Tower,34,78,49,0,161,0,0,20,0,20,34,78,69,0,181,0,0,0,181
12/21/2020,EGE,CO,ANM,WE,Federal Contract Tower,36,43,40,0,119,0,0,27,2,29,36,43,67,2,148,18,6,24,172
12/22/2020,EGE,CO,ANM,WE,Federal Contract Tower,35,48,27,2,112,0,0,6,0,6,35,48,33,2,118,0,0,0,118
12/23/2020,EGE,CO,ANM,WE,Federal Contract Tower,33,55,68,2,158,0,0,5,0,5,33,55,73,2,163,0,0,0,163
12/24/2020,EGE,CO,ANM,WE,Federal Contract Tower,23,30,25,1,79,0,0,17,0,17,23,30,42,1,96,4,0,4,100
12/25/2020,EGE,CO,ANM,WE,Federal Contract Tower,20,42,16,0,78,0,0,13,0,13,20,42,29,0,91,2,0,2,93
12/26/2020,EGE,CO,ANM,WE,Federal Contract Tower,41,95,94,0,230,0,0,25,0,25,41,95,119,0,255,2,0,2,257
12/27/2020,EGE,CO,ANM,WE,Federal Contract Tower,36,99,118,0,253,0,0,4,0,4,36,99,122,0,257,0,0,0,257
12/28/2020,EGE,CO,ANM,WE,Federal Contract Tower,18,15,30,0,63,0,0,0,0,0,18,15,30,0,63,0,0,0,63
12/29/2020,EGE,CO,ANM,WE,Federal Contract Tower,35,39,53,0,127,0,0,4,3,7,35,39,57,3,134,20,32,52,186
12/30/2020,EGE,CO,ANM,WE,Federal Contract Tower,32,71,79,2,184,0,0,24,0,24,32,71,103,2,208,4,0,4,212
12/31/2020,EGE,CO,ANM,WE,Federal Contract Tower,23,31,32,0,86,0,0,16,0,16,23,31,48,0,102,0,0,0,102
01/01/2021,EGE,CO,ANM,WE,Federal Contract Tower,30,45,49,4,128,0,0,16,0,16,30,45,65,4,144,20,0,20,164
01/02/2021,EGE,CO,ANM,WE,Federal Contract Tower,39,83,99,0,221,0,0,17,0,17,39,83,116,0,238,0,0,0,238
01/03/2021,EGE,CO,ANM,WE,Federal Contract Tower,35,121,147,0,303,0,0,16,0,16,35,121,163,0,319,4,0,4,323
01/04/2021,EGE,CO,ANM,WE,Federal Contract Tower,34,76,76,0,186,0,0,26,0,26,34,76,102,0,212,0,0,0,212
01/05/2021,EGE,CO,ANM,WE,Federal Contract Tower,26,35,38,0,99,0,0,2,0,2,26,35,40,0,101,0,0,0,101
01/06/2021,EGE,CO,ANM,WE,Federal Contract Tower,27,57,32,0,116,0,0,24,6,30,27,57,56,6,146,0,0,0,146
01/07/2021,EGE,CO,ANM,WE,Federal Contract Tower,28,28,30,0,86,0,0,26,2,28,28,28,56,2,114,74,0,74,188
01/08/2021,EGE,CO,ANM,WE,Federal Contract Tower,28,54,38,0,120,0,0,25,4,29,28,54,63,4,149,16,0,16,165
01/09/2021,EGE,CO,ANM,WE,Federal Contract Tower,33,57,36,0,126,0,0,11,0,11,33,57,47,0,137,0,0,0,137
01/10/2021,EGE,CO,ANM,WE,Federal Contract Tower,28,62,47,0,137,0,0,20,3,23,28,62,67,3,160,22,2,24,184
01/11/2021,EGE,CO,ANM,WE,Federal Contract Tower,28,24,33,0,85,0,0,11,1,12,28,24,44,1,97,10,0,10,107
01/12/2021,EGE,CO,ANM,WE,Federal Contract Tower,27,22,23,0,72,0,0,18,18,36,27,22,41,18,108,4,12,16,124
01/13/2021,EGE,CO,ANM,WE,Federal Contract Tower,29,36,40,0,105,0,0,28,20,48,29,36,68,20,153,30,4,34,187
01/14/2021,EGE,CO,ANM,WE,Federal Contract Tower,28,34,42,0,104,0,0,25,18,43,28,34,67,18,147,18,4,22,169
01/15/2021,EGE,CO,ANM,WE,Federal Contract Tower,30,33,46,2,111,0,0,25,4,29,30,33,71,6,140,32,24,56,196
01/16/2021,EGE,CO,ANM,WE,Federal Contract Tower,33,42,32,0,107,0,0,17,0,17,33,42,49,0,124,20,0,20,144
01/17/2021,EGE,CO,ANM,WE,Federal Contract Tower,30,31,35,0,96,0,0,19,0,19,30,31,54,0,115,22,0,22,137
01/18/2021,EGE,CO,ANM,WE,Federal Contract Tower,28,37,53,0,118,0,0,17,0,17,28,37,70,0,135,82,0,82,217
01/19/2021,EGE,CO,ANM,WE,Federal Contract Tower,27,25,28,0,80,0,0,20,0,20,27,25,48,0,100,36,0,36,136
01/20/2021,EGE,CO,ANM,WE,Federal Contract Tower,27,44,31,0,102,0,0,22,6,28,27,44,53,6,130,14,6,20,150
01/21/2021,EGE,CO,ANM,WE,Federal Contract Tower,27,32,43,0,102,0,0,18,6,24,27,32,61,6,126,54,10,64,190
01/22/2021,EGE,CO,ANM,WE,Federal Contract Tower,30,37,47,0,114,0,0,12,3,15,30,37,59,3,129,32,0,32,161
01/23/2021,EGE,CO,ANM,WE,Federal Contract Tower,35,47,24,0,106,0,0,0,0,0,35,47,24,0,106,0,0,0,106
01/24/2021,EGE,CO,ANM,WE,Federal Contract Tower,30,31,55,0,116,0,0,6,0,6,30,31,61,0,122,28,0,28,150
01/25/2021,EGE,CO,ANM,WE,Federal Contract Tower,30,31,30,0,91,0,0,4,0,4,30,31,34,0,95,26,0,26,121
01/26/2021,EGE,CO,ANM,WE,Federal Contract Tower,26,19,17,0,62,0,0,9,15,24,26,19,26,15,86,20,0,20,106
01/27/2021,EGE,CO,ANM,WE,Federal Contract Tower,28,33,30,0,91,0,0,44,18,62,28,33,74,18,153,2,4,6,159
01/28/2021,EGE,CO,ANM,WE,Federal Contract Tower,28,28,40,0,96,0,0,30,20,50,28,28,70,20,146,12,2,14,160
01/29/2021,EGE,CO,ANM,WE,Federal Contract Tower,33,26,34,1,94,0,0,23,12,35,33,26,57,13,129,36,2,38,167
01/30/2021,EGE,CO,ANM,WE,Federal Contract Tower,32,29,22,0,83,0,0,3,0,3,32,29,25,0,86,76,0,76,162
01/31/2021,EGE,CO,ANM,WE,Federal Contract Tower,30,45,54,0,129,0,0,33,1,34,30,45,87,1,163,12,0,12,175
02/01/2021,EGE,CO,ANM,WE,Federal Contract Tower,25,22,24,0,71,0,0,30,0,30,25,22,54,0,101,38,0,38,139
02/02/2021,EGE,CO,ANM,WE,Federal Contract Tower,24,32,25,0,81,0,0,40,16,56,24,32,65,16,137,14,14,28,165
02/03/2021,EGE,CO,ANM,WE,Federal Contract Tower,26,21,22,0,69,0,0,3,18,21,26,21,25,18,90,14,18,32,122
02/04/2021,EGE,CO,ANM,WE,Federal Contract Tower,29,47,41,0,117,0,0,11,20,31,29,47,52,20,148,52,8,60,208
02/05/2021,EGE,CO,ANM,WE,Federal Contract Tower,31,34,33,0,98,0,0,1,8,9,31,34,34,8,107,14,6,20,127
02/06/2021,EGE,CO,ANM,WE,Federal Contract Tower,35,79,47,0,161,0,0,10,0,10,35,79,57,0,171,24,0,24,195
02/07/2021,EGE,CO,ANM,WE,Federal Contract Tower,30,42,42,0,114,0,0,6,0,6,30,42,48,0,120,30,0,30,150
02/08/2021,EGE,CO,ANM,WE,Federal Contract Tower,27,43,32,0,102,0,0,17,0,17,27,43,49,0,119,26,0,26,145
02/09/2021,EGE,CO,ANM,WE,Federal Contract Tower,28,32,20,0,80,0,0,7,6,13,28,32,27,6,93,40,6,46,139
02/10/2021,EGE,CO,ANM,WE,Federal Contract Tower,26,44,66,0,136,0,0,16,11,27,26,44,82,11,163,56,4,60,223
02/11/2021,EGE,CO,ANM,WE,Federal Contract Tower,37,63,109,0,209,0,0,24,13,37,37,63,133,13,246,6,6,12,258
02/12/2021,EGE,CO,ANM,WE,Federal Contract Tower,29,70,71,0,170,0,0,4,0,4,29,70,75,0,174,40,0,40,214
02/13/2021,EGE,CO,ANM,WE,Federal Contract Tower,35,62,49,0,146,0,0,1,0,1,35,62,50,0,147,26,0,26,173
02/14/2021,EGE,CO,ANM,WE,Federal Contract Tower,25,47,60,0,132,0,0,2,0,2,25,47,62,0,134,0,0,0,134
02/15/2021,EGE,CO,ANM,WE,Federal Contract Tower,27,67,84,0,178,0,0,12,1,13,27,67,96,1,191,16,0,16,207
02/16/2021,EGE,CO,ANM,WE,Federal Contract Tower,25,94,67,0,186,0,0,2,0,2,25,94,69,0,188,28,0,28,216
02/17/2021,EGE,CO,ANM,WE,Federal Contract Tower,27,66,44,0,137,0,0,9,0,9,27,66,53,0,146,6,0,6,152
02/18/2021,EGE,CO,ANM,WE,Federal Contract Tower,26,49,64,0,139,0,0,32,5,37,26,49,96,5,176,66,10,76,252
02/19/2021,EGE,CO,ANM,WE,Federal Contract Tower,29,56,69,0,154,0,0,8,0,8,29,56,77,0,162,0,0,0,162
02/20/2021,EGE,CO,ANM,WE,Federal Contract Tower,38,91,63,0,192,0,0,7,0,7,38,91,70,0,199,8,0,8,207
02/21/2021,EGE,CO,ANM,WE,Federal Contract Tower,33,77,81,0,191,0,0,18,0,18,33,77,99,0,209,12,0,12,221
02/22/2021,EGE,CO,ANM,WE,Federal Contract Tower,32,42,40,0,114,0,0,24,0,24,32,42,64,0,138,8,0,8,146
02/23/2021,EGE,CO,ANM,WE,Federal Contract Tower,28,43,39,0,110,0,0,14,4,18,28,43,53,4,128,18,26,44,172
02/24/2021,EGE,CO,ANM,WE,Federal Contract Tower,30,53,39,0,122,0,0,28,12,40,30,53,67,12,162,12,2,14,176
02/25/2021,EGE,CO,ANM,WE,Federal Contract Tower,30,50,44,2,126,0,0,23,11,34,30,50,67,13,160,18,6,24,184
02/26/2021,EGE,CO,ANM,WE,Federal Contract Tower,33,41,52,0,126,0,0,13,6,19,33,41,65,6,145,20,0,20,165
02/27/2021,EGE,CO,ANM,WE,Federal Contract Tower,39,54,58,0,151,0,0,6,0,6,39,54,64,0,157,0,0,0,157
02/28/2021,EGE,CO,ANM,WE,Federal Contract Tower,32,93,75,0,200,0,0,27,6,33,32,93,102,6,233,2,0,2,235
03/01/2021,EGE,CO,ANM,WE,Federal Contract Tower,32,41,35,0,108,0,0,47,0,47,32,41,82,0,155,88,0,88,243
03/02/2021,EGE,CO,ANM,WE,Federal Contract Tower,32,20,33,0,85,0,0,43,20,63,32,20,76,20,148,96,2,98,246
03/03/2021,EGE,CO,ANM,WE,Federal Contract Tower,29,45,66,0,140,0,0,27,24,51,29,45,93,24,191,56,2,58,249
03/04/2021,EGE,CO,ANM,WE,Federal Contract Tower,27,21,52,0,100,0,0,11,15,26,27,21,63,15,126,60,18,78,204
03/05/2021,EGE,CO,ANM,WE,Federal Contract Tower,29,60,66,0,155,0,0,19,9,28,29,60,85,9,183,6,4,10,193
03/06/2021,EGE,CO,ANM,WE,Federal Contract Tower,37,68,52,0,157,0,0,30,0,30,37,68,82,0,187,13,0,13,200
03/07/2021,EGE,CO,ANM,WE,Federal Contract Tower,32,90,68,0,190,0,0,28,0,28,32,90,96,0,218,20,0,20,238
03/08/2021,EGE,CO,ANM,WE,Federal Contract Tower,32,41,36,0,109,1,0,22,0,23,33,41,58,0,132,44,0,44,176
03/09/2021,EGE,CO,ANM,WE,Federal Contract Tower,27,14,22,0,63,0,0,28,16,44,27,14,50,16,107,64,10,74,181
03/10/2021,EGE,CO,ANM,WE,Federal Contract Tower,27,40,47,0,114,0,0,6,20,26,27,40,53,20,140,26,8,34,174
03/11/2021,EGE,CO,ANM,WE,Federal Contract Tower,31,40,60,0,131,0,0,18,19,37,31,40,78,19,168,40,20,60,228
03/12/2021,EGE,CO,ANM,WE,Federal Contract Tower,29,102,129,0,260,0,0,24,5,29,29,102,153,5,289,52,4,56,345
03/13/2021,EGE,CO,ANM,WE,Federal Contract Tower,25,46,46,0,117,0,0,5,0,5,25,46,51,0,122,0,0,0,122
03/14/2021,EGE,CO,ANM,WE,Federal Contract Tower,20,35,41,0,96,0,0,0,1,1,20,35,41,1,97,5,0,5,102
03/15/2021,EGE,CO,ANM,WE,Federal Contract Tower,26,88,95,0,209,0,0,9,1,10,26,88,104,1,219,10,0,10,229
03/16/2021,EGE,CO,ANM,WE,Federal Contract Tower,26,51,58,0,135,0,0,10,13,23,26,51,68,13,158,68,2,70,228
03/17/2021,EGE,CO,ANM,WE,Federal Contract Tower,29,63,53,1,146,0,0,16,14,30,29,63,69,15,176,16,8,24,200
03/18/2021,EGE,CO,ANM,WE,Federal Contract Tower,31,53,50,0,134,0,0,34,7,41,31,53,84,7,175,34,2,36,211
03/19/2021,EGE,CO,ANM,WE,Federal Contract Tower,31,64,72,0,167,0,0,39,12,51,31,64,111,12,218,30,8,38,256
03/20/2021,EGE,CO,ANM,WE,Federal Contract Tower,37,118,124,0,279,0,0,21,0,21,37,118,145,0,300,2,0,2,302
03/21/2021,EGE,CO,ANM,WE,Federal Contract Tower,32,88,59,0,179,0,0,7,0,7,32,88,66,0,186,0,0,0,186
03/22/2021,EGE,CO,ANM,WE,Federal Contract Tower,31,44,39,0,114,0,0,10,0,10,31,44,49,0,124,48,0,48,172
03/23/2021,EGE,CO,ANM,WE,Federal Contract Tower,27,35,45,0,107,0,0,7,14,21,27,35,52,14,128,82,12,94,222
03/24/2021,EGE,CO,ANM,WE,Federal Contract Tower,27,58,28,0,113,0,0,33,36,69,27,58,61,36,182,78,22,100,282
03/25/2021,EGE,CO,ANM,WE,Federal Contract Tower,31,51,38,0,120,0,0,17,35,52,31,51,55,35,172,108,14,122,294
03/26/2021,EGE,CO,ANM,WE,Federal Contract Tower,31,49,68,0,148,0,0,2,14,16,31,49,70,14,164,0,4,4,168
03/27/2021,EGE,CO,ANM,WE,Federal Contract Tower,36,102,62,0,200,0,0,20,0,20,36,102,82,0,220,24,0,24,244
03/28/2021,EGE,CO,ANM,WE,Federal Contract Tower,24,74,53,0,151,0,0,27,0,27,24,74,80,0,178,38,20,58,236
03/29/2021,EGE,CO,ANM,WE,Federal Contract Tower,21,47,27,0,95,0,1,15,0,16,21,48,42,0,111,70,0,70,181
03/30/2021,EGE,CO,ANM,WE,Federal Contract Tower,21,33,31,0,85,0,0,21,23,44,21,33,52,23,129,80,14,94,223
03/31/2021,EGE,CO,ANM,WE,Federal Contract Tower,21,46,39,0,106,0,0,33,24,57,21,46,72,24,163,56,12,68,231
04/01/2021,EGE,CO,ANM,WE,Federal Contract Tower,21,46,34,0,101,0,0,39,16,55,21,46,73,16,156,54,0,54,210
04/02/2021,EGE,CO,ANM,WE,Federal Contract Tower,16,37,45,0,98,0,0,36,15,51,16,37,81,15,149,54,2,56,205
04/03/2021,EGE,CO,ANM,WE,Federal Contract Tower,21,77,38,0,136,0,0,37,1,38,21,77,75,1,174,40,0,40,214
04/04/2021,EGE,CO,ANM,WE,Federal Contract Tower,15,71,31,0,117,0,2,29,1,32,15,73,60,1,149,0,4,4,153
04/05/2021,EGE,CO,ANM,WE,Federal Contract Tower,17,33,42,0,92,0,0,25,0,25,17,33,67,0,117,76,0,76,193
04/06/2021,EGE,CO,ANM,WE,Federal Contract Tower,7,24,26,4,61,0,0,15,12,27,7,24,41,16,88,90,14,104,192
04/07/2021,EGE,CO,ANM,WE,Federal Contract Tower,7,21,30,0,58,0,0,38,16,54,7,21,68,16,112,124,12,136,248
04/08/2021,EGE,CO,ANM,WE,Federal Contract Tower,7,15,27,0,49,0,0,23,10,33,7,15,50,10,82,114,0,114,196
04/09/2021,EGE,CO,ANM,WE,Federal Contract Tower,7,18,22,0,47,0,0,9,10,19,7,18,31,10,66,32,16,48,114
04/10/2021,EGE,CO,ANM,WE,Federal Contract Tower,7,26,15,0,48,0,1,36,0,37,7,27,51,0,85,110,0,110,195
04/11/2021,EGE,CO,ANM,WE,Federal Contract Tower,7,33,16,0,56,0,1,4,0,5,7,34,20,0,61,0,0,0,61
04/12/2021,EGE,CO,ANM,WE,Federal Contract Tower,5,16,22,0,43,0,0,32,0,32,5,16,54,0,75,92,0,92,167
04/13/2021,EGE,CO,ANM,WE,Federal Contract Tower,5,6,9,0,20,0,0,19,0,19,5,6,28,0,39,78,0,78,117
04/14/2021,EGE,CO,ANM,WE,Federal Contract Tower,7,10,15,0,32,0,0,19,5,24,7,10,34,5,56,78,14,92,148
04/15/2021,EGE,CO,ANM,WE,Federal Contract Tower,5,11,19,0,35,0,0,17,2,19,5,11,36,2,54,110,8,118,172
04/16/2021,EGE,CO,ANM,WE,Federal Contract Tower,5,10,21,0,36,0,0,6,0,6,5,10,27,0,42,78,0,78,120
04/17/2021,EGE,CO,ANM,WE,Federal Contract Tower,5,21,9,3,38,0,0,20,0,20,5,21,29,3,58,52,0,52,110
04/18/2021,EGE,CO,ANM,WE,Federal Contract Tower,5,32,14,2,53,0,0,33,5,38,5,32,47,7,91,54,0,54,145
04/19/2021,EGE,CO,ANM,WE,Federal Contract Tower,4,17,8,0,29,0,0,12,2,14,4,17,20,2,43,4,0,4,47
04/20/2021,EGE,CO,ANM,WE,Federal Contract Tower,5,10,11,0,26,0,0,11,24,35,5,10,22,24,61,44,12,56,117
04/21/2021,EGE,CO,ANM,WE,Federal Contract Tower,5,15,10,0,30,0,0,19,21,40,5,15,29,21,70,26,8,34,104
04/22/2021,EGE,CO,ANM,WE,Federal Contract Tower,5,12,12,0,29,0,0,8,18,26,5,12,20,18,55,56,8,64,119
04/23/2021,EGE,CO,ANM,WE,Federal Contract Tower,5,5,5,0,15,0,0,4,12,16,5,5,9,12,31,6,0,6,37
04/24/2021,EGE,CO,ANM,WE,Federal Contract Tower,5,9,6,5,25,0,0,28,2,30,5,9,34,7,55,24,0,24,79
04/25/2021,EGE,CO,ANM,WE,Federal Contract Tower,5,20,13,0,38,0,1,25,3,29,5,21,38,3,67,18,0,18,85
04/26/2021,EGE,CO,ANM,WE,Federal Contract Tower,5,10,3,0,18,0,0,16,0,16,5,10,19,0,34,24,0,24,58
04/27/2021,EGE,CO,ANM,WE,Federal Contract Tower,5,17,12,0,34,0,0,16,20,36,5,17,28,20,70,36,0,36,106
04/28/2021,EGE,CO,ANM,WE,Federal Contract Tower,5,10,20,0,35,0,0,23,17,40,5,10,43,17,75,82,4,86,161
04/29/2021,EGE,CO,ANM,WE,Federal Contract Tower,5,12,8,0,25,0,0,43,20,63,5,12,51,20,88,58,8,66,154
04/30/2021,EGE,CO,ANM,WE,Federal Contract Tower,5,7,17,0,29,0,0,26,19,45,5,7,43,19,74,32,4,36,110
05/01/2021,EGE,CO,ANM,WE,Federal Contract Tower,5,13,5,2,25,0,0,38,2,40,5,13,43,4,65,32,0,32,97
05/02/2021,EGE,CO,ANM,WE,Federal Contract Tower,5,11,13,0,29,0,0,4,0,4,5,11,17,0,33,6,0,6,39
05/03/2021,EGE,CO,ANM,WE,Federal Contract Tower,5,13,14,0,32,0,0,8,0,8,5,13,22,0,40,86,0,86,126
05/04/2021,EGE,CO,ANM,WE,Federal Contract Tower,5,11,13,0,29,0,0,9,24,33,5,11,22,24,62,16,30,46,108
05/05/2021,EGE,CO,ANM,WE,Federal Contract Tower,5,13,10,0,28,0,0,28,20,48,5,13,38,20,76,86,0,86,162
05/06/2021,EGE,CO,ANM,WE,Federal Contract Tower,5,4,22,0,31,0,0,51,16,67,5,4,73,16,98,50,0,50,148
05/07/2021,EGE,CO,ANM,WE,Federal Contract Tower,5,12,8,0,25,0,0,31,12,43,5,12,39,12,68,48,6,54,122
05/08/2021,EGE,CO,ANM,WE,Federal Contract Tower,5,12,10,1,28,0,0,14,0,14,5,12,24,1,42,16,0,16,58
05/09/2021,EGE,CO,ANM,WE,Federal Contract Tower,5,9,9,2,25,0,10,4,0,14,5,19,13,2,39,10,0,10,49
05/10/2021,EGE,CO,ANM,WE,Federal Contract Tower,5,3,8,0,16,0,0,6,0,6,5,3,14,0,22,32,0,32,54
05/11/2021,EGE,CO,ANM,WE,Federal Contract Tower,5,9,6,0,20,0,0,6,14,20,5,9,12,14,40,2,4,6,46
05/12/2021,EGE,CO,ANM,WE,Federal Contract Tower,5,22,13,2,42,0,0,23,22,45,5,22,36,24,87,16,8,24,111
05/13/2021,EGE,CO,ANM,WE,Federal Contract Tower,5,15,19,0,39,0,0,34,26,60,5,15,53,26,99,34,6,40,139
05/14/2021,EGE,CO,ANM,WE,Federal Contract Tower,5,17,17,1,40,0,0,26,15,41,5,17,43,16,81,48,6,54,135
05/15/2021,EGE,CO,ANM,WE,Federal Contract Tower,5,12,10,1,28,0,0,24,0,24,5,12,34,1,52,46,0,46,98
05/16/2021,EGE,CO,ANM,WE,Federal Contract Tower,5,14,14,1,34,0,0,30,1,31,5,14,44,2,65,10,0,10,75
05/17/2021,EGE,CO,ANM,WE,Federal Contract Tower,5,13,9,0,27,0,0,19,2,21,5,13,28,2,48,100,4,104,152
05/18/2021,EGE,CO,ANM,WE,Federal Contract Tower,5,4,14,0,23,0,0,12,25,37,5,4,26,25,60,42,10,52,112
05/19/2021,EGE,CO,ANM,WE,Federal Contract Tower,5,21,17,0,43,0,0,28,21,49,5,21,45,21,92,56,2,58,150
05/20/2021,EGE,CO,ANM,WE,Federal Contract Tower,5,21,15,0,41,0,0,28,18,46,5,21,43,18,87,68,4,72,159
05/21/2021,EGE,CO,ANM,WE,Federal Contract Tower,5,10,11,2,28,0,0,16,14,30,5,10,27,16,58,74,0,74,132
05/22/2021,EGE,CO,ANM,WE,Federal Contract Tower,5,18,11,0,34,0,0,13,0,13,5,18,24,0,47,8,0,8,55
05/23/2021,EGE,CO,ANM,WE,Federal Contract Tower,5,21,7,0,33,0,0,14,0,14,5,21,21,0,47,16,0,16,63
05/24/2021,EGE,CO,ANM,WE,Federal Contract Tower,5,12,14,0,31,0,0,24,3,27,5,12,38,3,58,4,4,8,66
05/25/2021,EGE,CO,ANM,WE,Federal Contract Tower,5,24,11,0,40,0,0,36,15,51,5,24,47,15,91,66,18,84,175
05/26/2021,EGE,CO,ANM,WE,Federal Contract Tower,5,8,26,0,39,0,0,32,12,44,5,8,58,12,83,68,2,70,153
05/27/2021,EGE,CO,ANM,WE,Federal Contract Tower,6,24,18,0,48,0,0,23,20,43,6,24,41,20,91,24,12,36,127
05/28/2021,EGE,CO,ANM,WE,Federal Contract Tower,5,19,20,0,44,0,0,33,7,40,5,19,53,7,84,40,2,42,126
05/29/2021,EGE,CO,ANM,WE,Federal Contract Tower,5,7,23,0,35,0,0,35,1,36,5,7,58,1,71,66,0,66,137
05/30/2021,EGE,CO,ANM,WE,Federal Contract Tower,5,20,13,0,38,0,0,15,0,15,5,20,28,0,53,16,0,16,69
05/31/2021,EGE,CO,ANM,WE,Federal Contract Tower,5,11,23,0,39,0,0,7,0,7,5,11,30,0,46,2,0,2,48
06/01/2021,EGE,CO,ANM,WE,Federal Contract Tower,5,12,26,0,43,0,0,32,2,34,5,12,58,2,77,54,2,56,133
06/02/2021,EGE,CO,ANM,WE,Federal Contract Tower,5,15,16,0,36,0,0,29,10,39,5,15,45,10,75,36,0,36,111
06/03/2021,EGE,CO,ANM,WE,Federal Contract Tower,12,10,19,0,41,0,0,42,4,46,12,10,61,4,87,82,4,86,173
06/04/2021,EGE,CO,ANM,WE,Federal Contract Tower,11,21,25,0,57,0,0,42,6,48,11,21,67,6,105,98,0,98,203
06/05/2021,EGE,CO,ANM,WE,Federal Contract Tower,13,21,16,2,52,0,0,30,2,32,13,21,46,4,84,46,20,66,150
06/06/2021,EGE,CO,ANM,WE,Federal Contract Tower,10,26,20,2,58,0,0,23,1,24,10,26,43,3,82,8,0,8,90
06/07/2021,EGE,CO,ANM,WE,Federal Contract Tower,13,30,19,2,64,0,0,32,0,32,13,30,51,2,96,82,0,82,178
06/08/2021,EGE,CO,ANM,WE,Federal Contract Tower,8,18,19,0,45,0,0,39,16,55,8,18,58,16,100,62,14,76,176
06/09/2021,EGE,CO,ANM,WE,Federal Contract Tower,12,23,19,0,54,0,0,33,10,43,12,23,52,10,97,46,4,50,147
06/10/2021,EGE,CO,ANM,WE,Federal Contract Tower,12,32,24,0,68,0,0,0,0,0,12,32,24,0,68,62,0,62,130
06/11/2021,EGE,CO,ANM,WE,Federal Contract Tower,14,32,38,0,84,0,0,41,10,51,14,32,79,10,135,116,0,116,251
06/12/2021,EGE,CO,ANM,WE,Federal Contract Tower,14,21,29,0,64,0,0,35,2,37,14,21,64,2,101,74,10,84,185
06/13/2021,EGE,CO,ANM,WE,Federal Contract Tower,15,33,24,0,72,0,0,26,0,26,15,33,50,0,98,0,0,0,98
06/14/2021,EGE,CO,ANM,WE,Federal Contract Tower,12,34,20,0,66,0,0,28,0,28,12,34,48,0,94,12,0,12,106
06/15/2021,EGE,CO,ANM,WE,Federal Contract Tower,13,13,25,0,51,0,0,23,27,50,13,13,48,27,101,4,0,4,105
06/16/2021,EGE,CO,ANM,WE,Federal Contract Tower,14,39,17,0,70,0,0,19,18,37,14,39,36,18,107,0,0,0,107
06/17/2021,EGE,CO,ANM,WE,Federal Contract Tower,14,40,27,0,81,0,0,21,15,36,14,40,48,15,117,6,4,10,127
06/18/2021,EGE,CO,ANM,WE,Federal Contract Tower,14,44,29,1,88,0,1,30,11,42,14,45,59,12,130,42,0,42,172
06/19/2021,EGE,CO,ANM,WE,Federal Contract Tower,15,28,31,0,74,0,0,24,3,27,15,28,55,3,101,12,0,12,113
06/20/2021,EGE,CO,ANM,WE,Federal Contract Tower,14,40,32,0,86,0,0,25,0,25,14,40,57,0,111,2,0,2,113
06/21/2021,EGE,CO,ANM,WE,Federal Contract Tower,14,20,24,0,58,0,0,36,0,36,14,20,60,0,94,46,0,46,140
06/22/2021,EGE,CO,ANM,WE,Federal Contract Tower,13,23,27,0,63,0,1,49,15,65,13,24,76,15,128,48,16,64,192
06/23/2021,EGE,CO,ANM,WE,Federal Contract Tower,13,55,49,2,119,0,0,70,16,86,13,55,119,18,205,54,2,56,261
06/24/2021,EGE,CO,ANM,WE,Federal Contract Tower,14,32,47,0,93,0,0,52,7,59,14,32,99,7,152,61,8,69,221
06/25/2021,EGE,CO,ANM,WE,Federal Contract Tower,16,24,34,0,74,0,0,32,7,39,16,24,66,7,113,78,0,78,191
06/26/2021,EGE,CO,ANM,WE,Federal Contract Tower,15,43,30,0,88,0,0,25,4,29,15,43,55,4,117,113,0,113,230
06/27/2021,EGE,CO,ANM,WE,Federal Contract Tower,15,57,60,0,132,0,0,37,2,39,15,57,97,2,171,36,0,36,207
06/28/2021,EGE,CO,ANM,WE,Federal Contract Tower,13,39,39,0,91,0,0,43,0,43,13,39,82,0,134,48,0,48,182
06/29/2021,EGE,CO,ANM,WE,Federal Contract Tower,13,23,34,1,71,0,0,30,19,49,13,23,64,20,120,74,8,82,202
06/30/2021,EGE,CO,ANM,WE,Federal Contract Tower,13,59,43,0,115,0,1,43,16,60,13,60,86,16,175,102,0,102,277
07/01/2021,EGE,CO,ANM,WE,Federal Contract Tower,13,76,101,0,190,0,0,37,13,50,13,76,138,13,240,106,2,108,348
07/02/2021,EGE,CO,ANM,WE,Federal Contract Tower,13,60,79,0,152,0,0,50,10,60,13,60,129,10,212,32,0,32,244
07/03/2021,EGE,CO,ANM,WE,Federal Contract Tower,14,45,25,0,84,0,0,29,5,34,14,45,54,5,118,20,2,22,140
07/04/2021,EGE,CO,ANM,WE,Federal Contract Tower,13,23,15,0,51,0,0,18,4,22,13,23,33,4,73,0,4,4,77
07/05/2021,EGE,CO,ANM,WE,Federal Contract Tower,13,67,59,0,139,0,0,44,0,44,13,67,103,0,183,24,0,24,207
07/06/2021,EGE,CO,ANM,WE,Federal Contract Tower,13,50,47,0,110,0,0,39,7,46,13,50,86,7,156,32,0,32,188
07/07/2021,EGE,CO,ANM,WE,Federal Contract Tower,13,44,42,0,99,0,0,44,8,52,13,44,86,8,151,46,20,66,217
07/08/2021,EGE,CO,ANM,WE,Federal Contract Tower,14,38,37,0,89,0,0,32,3,35,14,38,69,3,124,28,0,28,152
07/09/2021,EGE,CO,ANM,WE,Federal Contract Tower,14,28,58,0,100,0,0,36,2,38,14,28,94,2,138,38,14,52,190
07/10/2021,EGE,CO,ANM,WE,Federal Contract Tower,15,58,61,0,134,0,0,49,3,52,15,58,110,3,186,28,0,28,214
07/11/2021,EGE,CO,ANM,WE,Federal Contract Tower,14,64,76,0,154,0,0,40,0,40,14,64,116,0,194,40,0,40,234
07/12/2021,EGE,CO,ANM,WE,Federal Contract Tower,14,36,47,2,99,0,0,30,0,30,14,36,77,2,129,32,0,32,161
07/13/2021,EGE,CO,ANM,WE,Federal Contract Tower,13,23,46,0,82,0,0,25,18,43,13,23,71,18,125,16,14,30,155
07/14/2021,EGE,CO,ANM,WE,Federal Contract Tower,13,52,63,0,128,0,0,16,16,32,13,52,79,16,160,12,0,12,172
07/15/2021,EGE,CO,ANM,WE,Federal Contract Tower,15,34,54,0,103,0,0,34,18,52,15,34,88,18,155,12,4,16,171
07/16/2021,EGE,CO,ANM,WE,Federal Contract Tower,15,36,55,0,106,0,0,38,16,54,15,36,93,16,160,44,0,44,204
07/17/2021,EGE,CO,ANM,WE,Federal Contract Tower,14,46,45,0,105,0,0,34,2,36,14,46,79,2,141,48,0,48,189
07/18/2021,EGE,CO,ANM,WE,Federal Contract Tower,14,69,66,0,149,0,0,27,1,28,14,69,93,1,177,41,0,41,218
07/19/2021,EGE,CO,ANM,WE,Federal Contract Tower,14,30,36,0,80,0,0,34,0,34,14,30,70,0,114,82,0,82,196
07/20/2021,EGE,CO,ANM,WE,Federal Contract Tower,12,27,31,0,70,0,0,34,20,54,12,27,65,20,124,50,10,60,184
07/21/2021,EGE,CO,ANM,WE,Federal Contract Tower,12,39,61,0,112,0,0,35,20,55,12,39,96,20,167,40,8,48,215
07/22/2021,EGE,CO,ANM,WE,Federal Contract Tower,15,37,42,0,94,0,0,30,8,38,15,37,72,8,132,14,6,20,152
07/23/2021,EGE,CO,ANM,WE,Federal Contract Tower,14,46,46,0,106,0,0,35,14,49,14,46,81,14,155,10,10,20,175
07/24/2021,EGE,CO,ANM,WE,Federal Contract Tower,12,69,48,0,129,0,0,23,1,24,12,69,71,1,153,44,0,44,197
07/25/2021,EGE,CO,ANM,WE,Federal Contract Tower,12,64,72,0,148,0,0,20,3,23,12,64,92,3,171,22,0,22,193
07/26/2021,EGE,CO,ANM,WE,Federal Contract Tower,14,57,45,0,116,0,0,27,4,31,14,57,72,4,147,48,40,88,235
07/27/2021,EGE,CO,ANM,WE,Federal Contract Tower,13,40,48,0,101,0,0,33,22,55,13,40,81,22,156,40,26,66,222
07/28/2021,EGE,CO,ANM,WE,Federal Contract Tower,13,34,50,0,97,0,0,26,21,47,13,34,76,21,144,34,30,64,208
07/29/2021,EGE,CO,ANM,WE,Federal Contract Tower,15,36,54,0,105,0,0,36,26,62,15,36,90,26,167,22,22,44,211
07/30/2021,EGE,CO,ANM,WE,Federal Contract Tower,19,42,53,0,114,0,0,34,5,39,19,42,87,5,153,82,0,82,235
07/31/2021,EGE,CO,ANM,WE,Federal Contract Tower,15,57,67,0,139,0,1,26,2,29,15,58,93,2,168,30,0,30,198
08/01/2021,EGE,CO,ANM,WE,Federal Contract Tower,13,71,78,0,162,0,0,16,2,18,13,71,94,2,180,4,2,6,186
08/02/2021,EGE,CO,ANM,WE,Federal Contract Tower,12,42,58,1,113,0,0,14,2,16,12,42,72,3,129,70,0,70,199
08/03/2021,EGE,CO,ANM,WE,Federal Contract Tower,13,45,34,0,92,0,0,8,13,21,13,45,42,13,113,18,2,20,133
08/04/2021,EGE,CO,ANM,WE,Federal Contract Tower,11,35,56,0,102,0,0,25,17,42,11,35,81,17,144,40,4,44,188
08/05/2021,EGE,CO,ANM,WE,Federal Contract Tower,14,41,53,0,108,0,0,46,9,55,14,41,99,9,163,74,2,76,239
08/06/2021,EGE,CO,ANM,WE,Federal Contract Tower,14,38,45,0,97,0,0,46,12,58,14,38,91,12,155,64,2,66,221
08/07/2021,EGE,CO,ANM,WE,Federal Contract Tower,14,57,55,0,126,0,0,37,0,37,14,57,92,0,163,40,0,40,203
08/08/2021,EGE,CO,ANM,WE,Federal Contract Tower,14,68,67,0,149,0,0,10,3,13,14,68,77,3,162,36,0,36,198
08/09/2021,EGE,CO,ANM,WE,Federal Contract Tower,14,33,47,0,94,0,0,36,0,36,14,33,83,0,130,22,0,22,152
08/10/2021,EGE,CO,ANM,WE,Federal Contract Tower,13,29,43,0,85,0,0,15,17,32,13,29,58,17,117,0,24,24,141
08/11/2021,EGE,CO,ANM,WE,Federal Contract Tower,11,31,45,0,87,0,0,35,16,51,11,31,80,16,138,40,32,72,210
08/12/2021,EGE,CO,ANM,WE,Federal Contract Tower,14,33,46,1,94,0,0,43,15,58,14,33,89,16,152,54,16,70,222
08/13/2021,EGE,CO,ANM,WE,Federal Contract Tower,14,49,58,0,121,0,0,46,10,56,14,49,104,10,177,68,42,110,287
08/14/2021,EGE,CO,ANM,WE,Federal Contract Tower,12,55,42,0,109,0,0,44,6,50,12,55,86,6,159,28,0,28,187
08/15/2021,EGE,CO,ANM,WE,Federal Contract Tower,12,55,59,0,126,0,0,24,1,25,12,55,83,1,151,18,0,18,169
08/16/2021,EGE,CO,ANM,WE,Federal Contract Tower,14,41,47,0,102,0,0,25,2,27,14,41,72,2,129,8,0,8,137
08/17/2021,EGE,CO,ANM,WE,Federal Contract Tower,7,34,54,1,96,0,0,26,16,42,7,34,80,17,138,22,10,32,170
08/18/2021,EGE,CO,ANM,WE,Federal Contract Tower,9,32,38,0,79,0,0,21,13,34,9,32,59,13,113,24,6,30,143
08/19/2021,EGE,CO,ANM,WE,Federal Contract Tower,10,29,73,2,114,0,0,8,0,8,10,29,81,2,122,0,6,6,128
08/20/2021,EGE,CO,ANM,WE,Federal Contract Tower,10,39,46,0,95,0,0,29,8,37,10,39,75,8,132,32,2,34,166
08/21/2021,EGE,CO,ANM,WE,Federal Contract Tower,10,42,40,0,92,0,0,32,4,36,10,42,72,4,128,58,10,68,196
08/22/2021,EGE,CO,ANM,WE,Federal Contract Tower,10,55,60,0,125,0,0,34,1,35,10,55,94,1,160,36,0,36,196
08/23/2021,EGE,CO,ANM,WE,Federal Contract Tower,10,35,37,0,82,0,0,34,0,34,10,35,71,0,116,40,0,40,156
08/24/2021,EGE,CO,ANM,WE,Federal Contract Tower,7,42,39,0,88,0,0,28,10,38,7,42,67,10,126,22,4,26,152
08/25/2021,EGE,CO,ANM,WE,Federal Contract Tower,8,46,35,0,89,0,0,23,9,32,8,46,58,9,121,6,2,8,129
08/26/2021,EGE,CO,ANM,WE,Federal Contract Tower,10,46,53,0,109,0,0,19,8,27,10,46,72,8,136,6,8,14,150
08/27/2021,EGE,CO,ANM,WE,Federal Contract Tower,10,42,40,1,93,0,0,35,10,45,10,42,75,11,138,30,14,44,182
08/28/2021,EGE,CO,ANM,WE,Federal Contract Tower,10,46,38,0,94,0,0,38,0,38,10,46,76,0,132,36,0,36,168
08/29/2021,EGE,CO,ANM,WE,Federal Contract Tower,10,57,58,0,125,0,1,35,4,40,10,58,93,4,165,28,0,28,193
08/30/2021,EGE,CO,ANM,WE,Federal Contract Tower,10,41,38,0,89,0,0,31,2,33,10,41,69,2,122,28,10,38,160
08/31/2021,EGE,CO,ANM,WE,Federal Contract Tower,7,29,23,1,60,0,0,34,15,49,7,29,57,16,109,46,16,62,171
09/01/2021,EGE,CO,ANM,WE,Federal Contract Tower,9,36,34,0,79,0,0,15,12,27,9,36,49,12,106,24,8,32,138
09/02/2021,EGE,CO,ANM,WE,Federal Contract Tower,10,46,40,0,96,0,0,20,16,36,10,46,60,16,132,48,8,56,188
09/03/2021,EGE,CO,ANM,WE,Federal Contract Tower,8,34,45,0,87,0,0,19,8,27,8,34,64,8,114,20,8,28,142
09/04/2021,EGE,CO,ANM,WE,Federal Contract Tower,8,28,25,0,61,0,0,36,1,37,8,28,61,1,98,34,0,34,132
09/05/2021,EGE,CO,ANM,WE,Federal Contract Tower,6,45,27,0,78,0,0,24,0,24,6,45,51,0,102,28,0,28,130
09/06/2021,EGE,CO,ANM,WE,Federal Contract Tower,10,60,63,0,133,0,0,44,0,44,10,60,107,0,177,58,0,58,235
09/07/2021,EGE,CO,ANM,WE,Federal Contract Tower,6,38,40,0,84,0,0,27,0,27,6,38,67,0,111,38,0,38,149
09/08/2021,EGE,CO,ANM,WE,Federal Contract Tower,7,28,26,0,61,0,0,28,4,32,7,28,54,4,93,40,6,46,139
09/09/2021,EGE,CO,ANM,WE,Federal Contract Tower,7,39,41,0,87,0,0,39,7,46,7,39,80,7,133,36,6,42,175
09/10/2021,EGE,CO,ANM,WE,Federal Contract Tower,7,34,30,0,71,0,0,29,4,33,7,34,59,4,104,12,4,16,120
09/11/2021,EGE,CO,ANM,WE,Federal Contract Tower,7,22,38,0,67,0,0,32,5,37,7,22,70,5,104,54,12,66,170
09/12/2021,EGE,CO,ANM,WE,Federal Contract Tower,7,40,43,1,91,0,0,23,2,25,7,40,66,3,116,14,0,14,130
09/13/2021,EGE,CO,ANM,WE,Federal Contract Tower,7,50,37,0,94,0,0,26,8,34,7,50,63,8,128,58,2,60,188
09/14/2021,EGE,CO,ANM,WE,Federal Contract Tower,7,27,26,2,62,0,0,20,22,42,7,27,46,24,104,34,4,38,142
09/15/2021,EGE,CO,ANM,WE,Federal Contract Tower,7,22,45,0,74,0,1,31,20,52,7,23,76,20,126,72,2,74,200
09/16/2021,EGE,CO,ANM,WE,Federal Contract Tower,7,45,47,0,99,0,0,37,16,53,7,45,84,16,152,12,20,32,184
09/17/2021,EGE,CO,ANM,WE,Federal Contract Tower,7,35,52,0,94,0,0,33,13,46,7,35,85,13,140,36,22,58,198
09/18/2021,EGE,CO,ANM,WE,Federal Contract Tower,7,25,35,1,68,0,0,45,1,46,7,25,80,2,114,36,12,48,162
09/19/2021,EGE,CO,ANM,WE,Federal Contract Tower,7,39,45,0,91,0,0,30,1,31,7,39,75,1,122,48,0,48,170
09/20/2021,EGE,CO,ANM,WE,Federal Contract Tower,7,53,30,0,90,0,0,32,0,32,7,53,62,0,122,30,0,30,152
09/21/2021,EGE,CO,ANM,WE,Federal Contract Tower,7,30,32,0,69,0,0,39,14,53,7,30,71,14,122,66,8,74,196
09/22/2021,EGE,CO,ANM,WE,Federal Contract Tower,7,30,33,1,71,0,0,39,5,44,7,30,72,6,115,46,4,50,165
09/23/2021,EGE,CO,ANM,WE,Federal Contract Tower,7,39,50,2,98,0,0,41,15,56,7,39,91,17,154,42,8,50,204
09/24/2021,EGE,CO,ANM,WE,Federal Contract Tower,7,38,33,1,79,0,0,43,11,54,7,38,76,12,133,78,18,96,229
09/25/2021,EGE,CO,ANM,WE,Federal Contract Tower,7,30,19,0,56,0,0,34,0,34,7,30,53,0,90,56,0,56,146
09/26/2021,EGE,CO,ANM,WE,Federal Contract Tower,7,41,47,4,99,0,1,40,0,41,7,42,87,4,140,8,0,8,148
09/27/2021,EGE,CO,ANM,WE,Federal Contract Tower,7,32,41,0,80,0,0,37,4,41,7,32,78,4,121,44,2,46,167
09/28/2021,EGE,CO,ANM,WE,Federal Contract Tower,7,27,21,0,55,0,0,29,14,43,7,27,50,14,98,100,4,104,202
09/29/2021,EGE,CO,ANM,WE,Federal Contract Tower,7,43,29,0,79,0,0,7,4,11,7,43,36,4,90,28,8,36,126
09/30/2021,EGE,CO,ANM,WE,Federal Contract Tower,7,34,33,0,74,0,0,19,6,25,7,34,52,6,99,6,4,10,109
10/01/2021,EGE,CO,ANM,WE,Federal Contract Tower,7,28,37,0,72,0,1,20,0,21,7,29,57,0,93,48,0,48,141
10/02/2021,EGE,CO,ANM,WE,Federal Contract Tower,7,32,17,0,56,0,0,15,0,15,7,32,32,0,71,34,0,34,105
10/03/2021,EGE,CO,ANM,WE,Federal Contract Tower,7,22,35,0,64,0,0,39,0,39,7,22,74,0,103,0,0,0,103
10/04/2021,EGE,CO,ANM,WE,Federal Contract Tower,7,23,20,0,50,0,0,2,37,39,7,23,22,37,89,66,10,76,165
10/05/2021,EGE,CO,ANM,WE,Federal Contract Tower,5,26,12,0,43,0,2,28,0,30,5,28,40,0,73,68,0,68,141
10/06/2021,EGE,CO,ANM,WE,Federal Contract Tower,5,23,21,0,49,0,0,32,8,40,5,23,53,8,89,110,2,112,201
10/07/2021,EGE,CO,ANM,WE,Federal Contract Tower,5,17,32,0,54,0,0,27,4,31,5,17,59,4,85,38,2,40,125
10/08/2021,EGE,CO,ANM,WE,Federal Contract Tower,5,34,23,3,65,0,0,21,3,24,5,34,44,6,89,64,14,78,167
10/09/2021,EGE,CO,ANM,WE,Federal Contract Tower,5,12,17,0,34,0,0,7,0,7,5,12,24,0,41,42,0,42,83
10/10/2021,EGE,CO,ANM,WE,Federal Contract Tower,5,30,17,0,52,0,0,29,0,29,5,30,46,0,81,48,0,48,129
10/11/2021,EGE,CO,ANM,WE,Federal Contract Tower,5,19,33,0,57,0,0,21,0,21,5,19,54,0,78,16,0,16,94
10/12/2021,EGE,CO,ANM,WE,Federal Contract Tower,3,26,16,0,45,0,0,2,13,15,3,26,18,13,60,16,6,22,82
10/13/2021,EGE,CO,ANM,WE,Federal Contract Tower,3,28,36,0,67,0,0,4,12,16,3,28,40,12,83,0,0,0,83
10/14/2021,EGE,CO,ANM,WE,Federal Contract Tower,5,20,12,0,37,0,0,7,16,23,5,20,19,16,60,28,4,32,92
10/15/2021,EGE,CO,ANM,WE,Federal Contract Tower,5,14,18,0,37,0,0,38,10,48,5,14,56,10,85,38,4,42,127
10/16/2021,EGE,CO,ANM,WE,Federal Contract Tower,5,15,8,0,28,0,0,43,9,52,5,15,51,9,80,50,0,50,130
10/17/2021,EGE,CO,ANM,WE,Federal Contract Tower,5,22,17,0,44,0,0,34,4,38,5,22,51,4,82,6,0,6,88
10/18/2021,EGE,CO,ANM,WE,Federal Contract Tower,5,18,10,0,33,0,1,15,2,18,5,19,25,2,51,18,4,22,73
10/19/2021,EGE,CO,ANM,WE,Federal Contract Tower,3,12,19,6,40,0,0,9,7,16,3,12,28,13,56,54,0,54,110
10/20/2021,EGE,CO,ANM,WE,Federal Contract Tower,3,16,22,2,43,0,0,24,2,26,3,16,46,4,69,74,0,74,143
10/21/2021,EGE,CO,ANM,WE,Federal Contract Tower,4,18,29,2,53,0,0,37,15,52,4,18,66,17,105,46,10,56,161
10/22/2021,EGE,CO,ANM,WE,Federal Contract Tower,2,12,25,0,39,0,0,36,2,38,2,12,61,2,77,90,0,90,167
10/23/2021,EGE,CO,ANM,WE,Federal Contract Tower,5,12,8,0,25,0,0,33,1,34,5,12,41,1,59,68,2,70,129
10/24/2021,EGE,CO,ANM,WE,Federal Contract Tower,5,16,24,0,45,0,0,13,0,13,5,16,37,0,58,28,0,28,86
10/25/2021,EGE,CO,ANM,WE,Federal Contract Tower,5,13,10,2,30,0,0,22,0,22,5,13,32,2,52,34,0,34,86
10/26/2021,EGE,CO,ANM,WE,Federal Contract Tower,3,22,12,0,37,0,0,1,8,9,3,22,13,8,46,0,0,0,46
10/27/2021,EGE,CO,ANM,WE,Federal Contract Tower,3,14,15,0,32,0,0,10,21,31,3,14,25,21,63,50,10,60,123
10/28/2021,EGE,CO,ANM,WE,Federal Contract Tower,5,13,15,0,33,0,0,26,15,41,5,13,41,15,74,106,22,128,202
10/29/2021,EGE,CO,ANM,WE,Federal Contract Tower,5,20,18,1,44,0,0,41,18,59,5,20,59,19,103,48,0,48,151
10/30/2021,EGE,CO,ANM,WE,Federal Contract Tower,5,2,12,0,19,0,0,51,0,51,5,2,63,0,70,26,0,26,96
10/31/2021,EGE,CO,ANM,WE,Federal Contract Tower,6,10,6,0,22,0,0,22,0,22,6,10,28,0,44,22,0,22,66
11/01/2021,EGE,CO,ANM,WE,Federal Contract Tower,5,15,9,0,29,0,0,13,0,13,5,15,22,0,42,36,0,36,78
11/02/2021,EGE,CO,ANM,WE,Federal Contract Tower,5,13,13,0,31,0,0,2,3,5,5,13,15,3,36,10,0,10,46
11/03/2021,EGE,CO,ANM,WE,Federal Contract Tower,5,4,13,0,22,0,0,10,10,20,5,4,23,10,42,34,16,50,92
11/04/2021,EGE,CO,ANM,WE,Federal Contract Tower,5,9,10,0,24,0,0,31,7,38,5,9,41,7,62,56,6,62,124
11/05/2021,EGE,CO,ANM,WE,Federal Contract Tower,5,7,17,0,29,0,0,38,5,43,5,7,55,5,72,54,6,60,132
11/06/2021,EGE,CO,ANM,WE,Federal Contract Tower,5,3,18,0,26,0,0,45,0,45,5,3,63,0,71,38,0,38,109
11/07/2021,EGE,CO,ANM,WE,Federal Contract Tower,5,13,18,0,36,0,0,44,0,44,5,13,62,0,80,34,0,34,114
11/08/2021,EGE,CO,ANM,WE,Federal Contract Tower,5,23,15,0,43,0,0,29,2,31,5,23,44,2,74,46,0,46,120
11/09/2021,EGE,CO,ANM,WE,Federal Contract Tower,5,13,9,0,27,0,0,32,4,36,5,13,41,4,63,76,22,98,161
11/10/2021,EGE,CO,ANM,WE,Federal Contract Tower,4,11,18,0,33,0,0,8,4,12,4,11,26,4,45,16,4,20,65
11/11/2021,EGE,CO,ANM,WE,Federal Contract Tower,6,15,10,0,31,0,0,24,2,26,6,15,34,2,57,40,0,40,97
11/12/2021,EGE,CO,ANM,WE,Federal Contract Tower,5,11,20,0,36,0,0,23,0,23,5,11,43,0,59,56,0,56,115
11/13/2021,EGE,CO,ANM,WE,Federal Contract Tower,5,13,14,1,33,0,0,39,6,45,5,13,53,7,78,104,34,138,216
11/14/2021,EGE,CO,ANM,WE,Federal Contract Tower,5,11,15,0,31,0,0,31,8,39,5,11,46,8,70,48,8,56,126
11/15/2021,EGE,CO,ANM,WE,Federal Contract Tower,5,9,12,0,26,0,0,22,0,22,5,9,34,0,48,16,0,16,64
11/16/2021,EGE,CO,ANM,WE,Federal Contract Tower,5,10,15,0,30,0,0,21,1,22,5,10,36,1,52,30,0,30,82
11/17/2021,EGE,CO,ANM,WE,Federal Contract Tower,5,23,25,0,53,0,0,20,1,21,5,23,45,1,74,34,2,36,110
11/18/2021,EGE,CO,ANM,WE,Federal Contract Tower,5,13,23,0,41,0,0,34,2,36,5,13,57,2,77,8,16,24,101
11/19/2021,EGE,CO,ANM,WE,Federal Contract Tower,7,16,35,0,58,0,0,26,2,28,7,16,61,2,86,36,0,36,122
11/20/2021,EGE,CO,ANM,WE,Federal Contract Tower,7,18,29,0,54,0,0,10,0,10,7,18,39,0,64,24,0,24,88
11/21/2021,EGE,CO,ANM,WE,Federal Contract Tower,8,24,40,0,72,0,0,37,0,37,8,24,77,0,109,32,0,32,141
11/22/2021,EGE,CO,ANM,WE,Federal Contract Tower,7,32,27,2,68,0,0,46,4,50,7,32,73,6,118,48,2,50,168
11/23/2021,EGE,CO,ANM,WE,Federal Contract Tower,7,15,41,0,63,0,0,25,1,26,7,15,66,1,89,6,20,26,115
11/24/2021,EGE,CO,ANM,WE,Federal Contract Tower,10,12,53,0,75,0,0,2,2,4,10,12,55,2,79,0,0,0,79
11/25/2021,EGE,CO,ANM,WE,Federal Contract Tower,3,9,9,0,21,0,0,15,0,15,3,9,24,0,36,8,0,8,44
11/26/2021,EGE,CO,ANM,WE,Federal Contract Tower,6,13,22,0,41,0,0,34,0,34,6,13,56,0,75,12,0,12,87
11/27/2021,EGE,CO,ANM,WE,Federal Contract Tower,7,42,57,0,106,0,0,37,0,37,7,42,94,0,143,14,0,14,157
11/28/2021,EGE,CO,ANM,WE,Federal Contract Tower,7,49,65,0,121,0,1,11,0,12,7,50,76,0,133,2,0,2,135
11/29/2021,EGE,CO,ANM,WE,Federal Contract Tower,9,19,20,0,48,0,0,33,0,33,9,19,53,0,81,18,0,18,99
11/30/2021,EGE,CO,ANM,WE,Federal Contract Tower,7,11,21,0,39,0,0,19,15,34,7,11,40,15,73,48,22,70,143
12/01/2021,EGE,CO,ANM,WE,Federal Contract Tower,5,23,18,0,46,0,0,27,16,43,5,23,45,16,89,64,8,72,161
12/02/2021,EGE,CO,ANM,WE,Federal Contract Tower,5,19,41,0,65,0,0,19,14,33,5,19,60,14,98,18,24,42,140
12/03/2021,EGE,CO,ANM,WE,Federal Contract Tower,5,15,19,0,39,0,0,26,8,34,5,15,45,8,73,34,4,38,111
12/04/2021,EGE,CO,ANM,WE,Federal Contract Tower,5,34,12,0,51,0,0,52,6,58,5,34,64,6,109,26,12,38,147
12/05/2021,EGE,CO,ANM,WE,Federal Contract Tower,5,18,28,0,51,0,0,14,0,14,5,18,42,0,65,0,0,0,65
12/06/2021,EGE,CO,ANM,WE,Federal Contract Tower,5,15,19,0,39,0,0,10,1,11,5,15,29,1,50,18,0,18,68
12/07/2021,EGE,CO,ANM,WE,Federal Contract Tower,5,17,22,0,44,0,0,10,14,24,5,17,32,14,68,52,8,60,128
12/08/2021,EGE,CO,ANM,WE,Federal Contract Tower,5,17,15,0,37,0,0,21,13,34,5,17,36,13,71,60,16,76,147
12/09/2021,EGE,CO,ANM,WE,Federal Contract Tower,3,17,15,0,35,0,0,0,8,8,3,17,15,8,43,0,24,24,67
12/10/2021,EGE,CO,ANM,WE,Federal Contract Tower,4,12,20,0,36,0,0,0,0,0,4,12,20,0,36,0,0,0,36
12/11/2021,EGE,CO,ANM,WE,Federal Contract Tower,5,27,29,0,61,0,1,26,1,28,5,28,55,1,89,30,0,30,119
12/12/2021,EGE,CO,ANM,WE,Federal Contract Tower,5,45,28,0,78,0,0,28,0,28,5,45,56,0,106,0,0,0,106
12/13/2021,EGE,CO,ANM,WE,Federal Contract Tower,5,30,23,0,58,0,0,23,0,23,5,30,46,0,81,24,0,24,105
12/14/2021,EGE,CO,ANM,WE,Federal Contract Tower,5,25,27,0,57,0,0,19,15,34,5,25,46,15,91,10,12,22,113
12/15/2021,EGE,CO,ANM,WE,Federal Contract Tower,5,25,26,0,56,0,0,0,0,0,5,25,26,0,56,0,0,0,56
12/16/2021,EGE,CO,ANM,WE,Federal Contract Tower,31,48,69,3,151,0,0,15,13,28,31,48,84,16,179,26,12,38,217
12/17/2021,EGE,CO,ANM,WE,Federal Contract Tower,34,69,91,0,194,0,0,12,2,14,34,69,103,2,208,32,0,32,240
12/18/2021,EGE,CO,ANM,WE,Federal Contract Tower,40,89,82,0,211,0,0,42,0,42,40,89,124,0,253,6,0,6,259
12/19/2021,EGE,CO,ANM,WE,Federal Contract Tower,40,71,98,0,209,0,0,28,0,28,40,71,126,0,237,4,0,4,241
12/20/2021,EGE,CO,ANM,WE,Federal Contract Tower,33,60,53,0,146,0,0,34,0,34,33,60,87,0,180,10,0,10,190
12/21/2021,EGE,CO,ANM,WE,Federal Contract Tower,35,72,52,0,159,0,0,19,8,27,35,72,71,8,186,6,0,6,192
12/22/2021,EGE,CO,ANM,WE,Federal Contract Tower,35,93,89,0,217,0,0,18,2,20,35,93,107,2,237,0,0,0,237
12/23/2021,EGE,CO,ANM,WE,Federal Contract Tower,35,65,91,0,191,0,0,0,0,0,35,65,91,0,191,0,0,0,191
12/24/2021,EGE,CO,ANM,WE,Federal Contract Tower,7,7,6,0,20,0,0,0,0,0,7,7,6,0,20,0,0,0,20
12/25/2021,EGE,CO,ANM,WE,Federal Contract Tower,38,81,26,0,145,0,0,2,0,2,38,81,28,0,147,0,0,0,147
12/26/2021,EGE,CO,ANM,WE,Federal Contract Tower,17,52,67,0,136,0,0,0,0,0,17,52,67,0,136,0,0,0,136
12/27/2021,EGE,CO,ANM,WE,Federal Contract Tower,23,38,103,0,164,0,0,0,0,0,23,38,103,0,164,0,0,0,164
12/28/2021,EGE,CO,ANM,WE,Federal Contract Tower,23,38,112,0,173,0,0,0,0,0,23,38,112,0,173,0,0,0,173
12/29/2021,EGE,CO,ANM,WE,Federal Contract Tower,20,31,57,0,108,0,0,1,0,1,20,31,58,0,109,0,0,0,109
12/30/2021,EGE,CO,ANM,WE,Federal Contract Tower,30,54,71,0,155,0,0,0,0,0,30,54,71,0,155,0,0,0,155
12/31/2021,EGE,CO,ANM,WE,Federal Contract Tower,10,1,6,0,17,0,0,0,0,0,10,1,6,0,17,0,0,0,17
01/01/2022,EGE,CO,ANM,WE,Federal Contract Tower,20,72,47,0,139,0,0,1,0,1,20,72,48,0,140,0,0,0,140
01/02/2022,EGE,CO,ANM,WE,Federal Contract Tower,32,104,152,0,288,0,0,17,0,17,32,104,169,0,305,12,0,12,317
01/03/2022,EGE,CO,ANM,WE,Federal Contract Tower,32,105,135,0,272,0,0,29,0,29,32,105,164,0,301,22,0,22,323
01/04/2022,EGE,CO,ANM,WE,Federal Contract Tower,29,77,79,0,185,0,0,7,0,7,29,77,86,0,192,8,0,8,200
01/05/2022,EGE,CO,ANM,WE,Federal Contract Tower,17,41,24,0,82,0,0,0,0,0,17,41,24,0,82,0,0,0,82
01/06/2022,EGE,CO,ANM,WE,Federal Contract Tower,23,43,43,0,109,0,0,0,4,4,23,43,43,4,113,0,32,32,145
01/07/2022,EGE,CO,ANM,WE,Federal Contract Tower,29,57,52,0,138,0,0,32,2,34,29,57,84,2,172,80,20,100,272
01/08/2022,EGE,CO,ANM,WE,Federal Contract Tower,26,33,19,0,78,0,0,0,0,0,26,33,19,0,78,0,0,0,78
01/09/2022,EGE,CO,ANM,WE,Federal Contract Tower,27,108,57,0,192,0,0,29,0,29,27,108,86,0,221,8,0,8,229
01/10/2022,EGE,CO,ANM,WE,Federal Contract Tower,28,40,44,0,112,0,0,21,0,21,28,40,65,0,133,23,0,23,156
01/11/2022,EGE,CO,ANM,WE,Federal Contract Tower,28,26,36,0,90,0,0,22,5,27,28,26,58,5,117,16,10,26,143
01/12/2022,EGE,CO,ANM,WE,Federal Contract Tower,29,22,31,0,82,0,0,36,4,40,29,22,67,4,122,44,20,64,186
01/13/2022,EGE,CO,ANM,WE,Federal Contract Tower,29,55,62,2,148,0,0,21,5,26,29,55,83,7,174,50,8,58,232
01/14/2022,EGE,CO,ANM,WE,Federal Contract Tower,29,67,69,0,165,0,0,6,0,6,29,67,75,0,171,36,0,36,207
01/15/2022,EGE,CO,ANM,WE,Federal Contract Tower,31,41,34,0,106,0,0,23,0,23,31,41,57,0,129,15,0,15,144
01/16/2022,EGE,CO,ANM,WE,Federal Contract Tower,29,50,41,0,120,0,0,28,0,28,29,50,69,0,148,0,0,0,148
01/17/2022,EGE,CO,ANM,WE,Federal Contract Tower,29,69,101,0,199,0,0,29,0,29,29,69,130,0,228,6,0,6,234
01/18/2022,EGE,CO,ANM,WE,Federal Contract Tower,30,38,38,0,106,0,0,25,0,25,30,38,63,0,131,8,0,8,139
01/19/2022,EGE,CO,ANM,WE,Federal Contract Tower,29,47,31,0,107,0,0,14,6,20,29,47,45,6,127,40,28,68,195
01/20/2022,EGE,CO,ANM,WE,Federal Contract Tower,27,44,46,0,117,0,0,28,13,41,27,44,74,13,158,56,14,70,228
01/21/2022,EGE,CO,ANM,WE,Federal Contract Tower,29,31,32,0,92,0,0,7,0,7,29,31,39,0,99,46,0,46,145
01/22/2022,EGE,CO,ANM,WE,Federal Contract Tower,30,28,29,1,88,0,0,13,2,15,30,28,42,3,103,0,0,0,103
01/23/2022,EGE,CO,ANM,WE,Federal Contract Tower,29,50,55,0,134,0,0,22,2,24,29,50,77,2,158,28,0,28,186
01/24/2022,EGE,CO,ANM,WE,Federal Contract Tower,27,32,41,0,100,0,0,34,0,34,27,32,75,0,134,22,0,22,156
01/25/2022,EGE,CO,ANM,WE,Federal Contract Tower,31,17,25,0,73,0,0,0,0,0,31,17,25,0,73,0,0,0,73
01/26/2022,EGE,CO,ANM,WE,Federal Contract Tower,29,49,43,0,121,0,0,18,25,43,29,49,61,25,164,14,12,26,190
01/27/2022,EGE,CO,ANM,WE,Federal Contract Tower,38,47,61,0,146,0,0,5,20,25,38,47,66,20,171,16,14,30,201
01/28/2022,EGE,CO,ANM,WE,Federal Contract Tower,28,41,47,0,116,0,0,33,18,51,28,41,80,18,167,66,8,74,241
01/29/2022,EGE,CO,ANM,WE,Federal Contract Tower,28,28,36,0,92,0,0,25,2,27,28,28,61,2,119,22,0,22,141
01/30/2022,EGE,CO,ANM,WE,Federal Contract Tower,28,49,71,0,148,0,0,26,8,34,28,49,97,8,182,8,12,20,202
01/31/2022,EGE,CO,ANM,WE,Federal Contract Tower,28,43,28,0,99,0,0,17,1,18,28,43,45,1,117,66,4,70,187
02/01/2022,EGE,CO,ANM,WE,Federal Contract Tower,29,31,40,2,102,0,0,10,12,22,29,31,50,14,124,42,14,56,180
02/02/2022,EGE,CO,ANM,WE,Federal Contract Tower,28,39,40,0,107,0,0,1,14,15,28,39,41,14,122,0,16,16,138
02/03/2022,EGE,CO,ANM,WE,Federal Contract Tower,26,39,47,2,114,0,0,25,7,32,26,39,72,9,146,14,6,20,166
02/04/2022,EGE,CO,ANM,WE,Federal Contract Tower,23,40,55,2,120,0,0,26,6,32,23,40,81,8,152,22,8,30,182
02/05/2022,EGE,CO,ANM,WE,Federal Contract Tower,23,37,52,2,114,0,0,23,4,27,23,37,75,6,141,58,0,58,199
02/06/2022,EGE,CO,ANM,WE,Federal Contract Tower,28,55,81,0,164,0,0,20,2,22,28,55,101,2,186,14,0,14,200
02/07/2022,EGE,CO,ANM,WE,Federal Contract Tower,27,31,50,0,108,0,1,24,0,25,27,32,74,0,133,40,0,40,173
02/08/2022,EGE,CO,ANM,WE,Federal Contract Tower,29,31,46,0,106,0,0,26,24,50,29,31,72,24,156,34,18,52,208
02/09/2022,EGE,CO,ANM,WE,Federal Contract Tower,28,29,48,0,105,0,0,10,22,32,28,29,58,22,137,34,14,48,185
02/10/2022,EGE,CO,ANM,WE,Federal Contract Tower,29,36,62,0,127,0,0,24,23,47,29,36,86,23,174,54,20,74,248
02/11/2022,EGE,CO,ANM,WE,Federal Contract Tower,29,45,54,0,128,0,0,11,14,25,29,45,65,14,153,8,2,10,163
02/12/2022,EGE,CO,ANM,WE,Federal Contract Tower,33,67,59,0,159,0,0,28,0,28,33,67,87,0,187,24,0,24,211
02/13/2022,EGE,CO,ANM,WE,Federal Contract Tower,31,53,58,0,142,0,1,22,3,26,31,54,80,3,168,30,0,30,198
02/14/2022,EGE,CO,ANM,WE,Federal Contract Tower,29,36,72,2,139,0,0,22,2,24,29,36,94,4,163,16,0,16,179
02/15/2022,EGE,CO,ANM,WE,Federal Contract Tower,29,36,54,0,119,0,0,13,20,33,29,36,67,20,152,10,30,40,192
02/16/2022,EGE,CO,ANM,WE,Federal Contract Tower,30,15,30,0,75,0,0,0,5,5,30,15,30,5,80,0,4,4,84
02/17/2022,EGE,CO,ANM,WE,Federal Contract Tower,29,86,129,0,244,0,0,22,23,45,29,86,151,23,289,10,10,20,309
02/18/2022,EGE,CO,ANM,WE,Federal Contract Tower,32,106,128,0,266,0,0,23,13,36,32,106,151,13,302,0,2,2,304
02/19/2022,EGE,CO,ANM,WE,Federal Contract Tower,35,71,78,0,184,0,0,21,10,31,35,71,99,10,215,28,6,34,249
02/20/2022,EGE,CO,ANM,WE,Federal Contract Tower,31,79,76,0,186,0,0,28,2,30,31,79,104,2,216,10,0,10,226
02/21/2022,EGE,CO,ANM,WE,Federal Contract Tower,31,131,152,0,314,0,0,5,0,5,31,131,157,0,319,0,0,0,319
02/22/2022,EGE,CO,ANM,WE,Federal Contract Tower,28,49,53,0,130,0,0,0,0,0,28,49,53,0,130,0,0,0,130
02/23/2022,EGE,CO,ANM,WE,Federal Contract Tower,18,17,45,0,80,0,0,0,0,0,18,17,45,0,80,0,0,0,80
02/24/2022,EGE,CO,ANM,WE,Federal Contract Tower,23,62,83,0,168,0,0,9,0,9,23,62,92,0,177,4,0,4,181
02/25/2022,EGE,CO,ANM,WE,Federal Contract Tower,28,70,57,0,155,0,0,5,0,5,28,70,62,0,160,26,0,26,186
02/26/2022,EGE,CO,ANM,WE,Federal Contract Tower,35,91,72,0,198,0,0,24,5,29,35,91,96,5,227,8,8,16,243
02/27/2022,EGE,CO,ANM,WE,Federal Contract Tower,32,95,104,0,231,0,0,22,0,22,32,95,126,0,253,0,0,0,253
02/28/2022,EGE,CO,ANM,WE,Federal Contract Tower,29,63,66,1,159,0,0,18,3,21,29,63,84,4,180,12,6,18,198
03/01/2022,EGE,CO,ANM,WE,Federal Contract Tower,29,59,53,0,141,0,0,21,10,31,29,59,74,10,172,4,20,24,196
03/02/2022,EGE,CO,ANM,WE,Federal Contract Tower,29,61,45,0,135,0,0,32,8,40,29,61,77,8,175,30,6,36,211
03/03/2022,EGE,CO,ANM,WE,Federal Contract Tower,29,31,60,0,120,0,0,18,12,30,29,31,78,12,150,22,4,26,176
03/04/2022,EGE,CO,ANM,WE,Federal Contract Tower,33,51,78,0,162,0,0,8,6,14,33,51,86,6,176,54,12,66,242
03/05/2022,EGE,CO,ANM,WE,Federal Contract Tower,39,44,60,0,143,0,0,3,0,3,39,44,63,0,146,0,0,0,146
03/06/2022,EGE,CO,ANM,WE,Federal Contract Tower,31,67,77,0,175,0,0,2,0,2,31,67,79,0,177,12,0,12,189
03/07/2022,EGE,CO,ANM,WE,Federal Contract Tower,33,39,52,0,124,0,0,5,1,6,33,39,57,1,130,14,0,14,144
03/08/2022,EGE,CO,ANM,WE,Federal Contract Tower,33,37,47,0,117,0,0,27,16,43,33,37,74,16,160,40,20,60,220
03/09/2022,EGE,CO,ANM,WE,Federal Contract Tower,34,27,51,0,112,0,0,0,0,0,34,27,51,0,112,0,0,0,112
03/10/2022,EGE,CO,ANM,WE,Federal Contract Tower,35,53,65,0,153,0,0,8,22,30,35,53,73,22,183,30,20,50,233
03/11/2022,EGE,CO,ANM,WE,Federal Contract Tower,33,75,86,0,194,0,0,23,7,30,33,75,109,7,224,36,6,42,266
03/12/2022,EGE,CO,ANM,WE,Federal Contract Tower,36,113,139,0,288,0,0,25,1,26,36,113,164,1,314,0,0,0,314
03/13/2022,EGE,CO,ANM,WE,Federal Contract Tower,34,101,84,0,219,0,0,16,2,18,34,101,100,2,237,20,0,20,257
03/14/2022,EGE,CO,ANM,WE,Federal Contract Tower,33,49,51,0,133,0,0,30,0,30,33,49,81,0,163,64,0,64,227
03/15/2022,EGE,CO,ANM,WE,Federal Contract Tower,33,43,54,0,130,0,0,43,20,63,33,43,97,20,193,48,6,54,247
03/16/2022,EGE,CO,ANM,WE,Federal Contract Tower,32,60,67,0,159,0,0,13,15,28,32,60,80,15,187,62,14,76,263
03/17/2022,EGE,CO,ANM,WE,Federal Contract Tower,33,46,69,0,148,0,0,15,12,27,33,46,84,12,175,90,12,102,277
03/18/2022,EGE,CO,ANM,WE,Federal Contract Tower,33,79,73,0,185,0,0,30,3,33,33,79,103,3,218,36,0,36,254
03/19/2022,EGE,CO,ANM,WE,Federal Contract Tower,39,124,109,0,272,0,0,43,0,43,39,124,152,0,315,8,0,8,323
03/20/2022,EGE,CO,ANM,WE,Federal Contract Tower,33,87,81,0,201,0,0,20,2,22,33,87,101,2,223,4,0,4,227
03/21/2022,EGE,CO,ANM,WE,Federal Contract Tower,31,62,41,0,134,0,0,0,0,0,31,62,41,0,134,0,0,0,134
03/22/2022,EGE,CO,ANM,WE,Federal Contract Tower,33,47,39,0,119,0,0,1,16,17,33,47,40,16,136,0,12,12,148
03/23/2022,EGE,CO,ANM,WE,Federal Contract Tower,33,35,29,2,99,0,0,31,18,49,33,35,60,20,148,44,12,56,204
03/24/2022,EGE,CO,ANM,WE,Federal Contract Tower,33,36,36,0,105,0,0,31,12,43,33,36,67,12,148,48,4,52,200
03/25/2022,EGE,CO,ANM,WE,Federal Contract Tower,32,52,43,0,127,0,0,39,9,48,32,52,82,9,175,70,2,72,247
03/26/2022,EGE,CO,ANM,WE,Federal Contract Tower,39,71,69,0,179,0,0,32,0,32,39,71,101,0,211,16,0,16,227
03/27/2022,EGE,CO,ANM,WE,Federal Contract Tower,24,69,49,0,142,0,0,36,2,38,24,69,85,2,180,50,0,50,230
03/28/2022,EGE,CO,ANM,WE,Federal Contract Tower,25,52,40,0,117,0,0,26,1,27,25,52,66,1,144,52,0,52,196
03/29/2022,EGE,CO,ANM,WE,Federal Contract Tower,25,33,20,0,78,0,0,1,20,21,25,33,21,20,99,0,48,48,147
03/30/2022,EGE,CO,ANM,WE,Federal Contract Tower,25,34,25,0,84,0,0,6,18,24,25,34,31,18,108,20,10,30,138
03/31/2022,EGE,CO,ANM,WE,Federal Contract Tower,25,38,39,0,102,0,0,39,20,59,25,38,78,20,161,86,10,96,257
04/01/2022,EGE,CO,ANM,WE,Federal Contract Tower,25,38,34,0,97,0,0,11,11,22,25,38,45,11,119,34,0,34,153
04/02/2022,EGE,CO,ANM,WE,Federal Contract Tower,28,29,47,0,104,0,0,47,2,49,28,29,94,2,153,28,0,28,181
04/03/2022,EGE,CO,ANM,WE,Federal Contract Tower,23,43,38,0,104,0,0,8,0,8,23,43,46,0,112,12,0,12,124
04/04/2022,EGE,CO,ANM,WE,Federal Contract Tower,19,39,17,0,75,0,0,28,0,28,19,39,45,0,103,20,0,20,123
04/05/2022,EGE,CO,ANM,WE,Federal Contract Tower,8,19,12,0,39,0,0,1,0,1,8,19,13,0,40,0,0,0,40
04/06/2022,EGE,CO,ANM,WE,Federal Contract Tower,6,18,18,0,42,0,0,10,9,19,6,18,28,9,61,12,84,96,157
04/07/2022,EGE,CO,ANM,WE,Federal Contract Tower,7,20,37,0,64,0,0,29,8,37,7,20,66,8,101,50,36,86,187
04/08/2022,EGE,CO,ANM,WE,Federal Contract Tower,7,34,44,1,86,0,0,35,18,53,7,34,79,19,139,58,16,74,213
04/09/2022,EGE,CO,ANM,WE,Federal Contract Tower,7,38,16,0,61,0,2,22,0,24,7,40,38,0,85,32,0,32,117
04/10/2022,EGE,CO,ANM,WE,Federal Contract Tower,7,22,34,2,65,0,0,9,5,14,7,22,43,7,79,20,0,20,99
04/11/2022,EGE,CO,ANM,WE,Federal Contract Tower,7,13,30,0,50,0,1,10,0,11,7,14,40,0,61,44,0,44,105
04/12/2022,EGE,CO,ANM,WE,Federal Contract Tower,7,6,9,0,22,0,0,4,0,4,7,6,13,0,26,30,0,30,56
04/13/2022,EGE,CO,ANM,WE,Federal Contract Tower,7,20,22,0,49,0,0,4,15,19,7,20,26,15,68,34,20,54,122
04/14/2022,EGE,CO,ANM,WE,Federal Contract Tower,7,27,38,0,72,0,0,18,25,43,7,27,56,25,115,4,6,10,125
04/15/2022,EGE,CO,ANM,WE,Federal Contract Tower,7,27,18,3,55,0,0,25,27,52,7,27,43,30,107,60,14,74,181
04/16/2022,EGE,CO,ANM,WE,Federal Contract Tower,7,33,15,0,55,0,0,112,2,114,7,33,127,2,169,18,0,18,187
04/17/2022,EGE,CO,ANM,WE,Federal Contract Tower,9,25,18,0,52,0,0,4,0,4,9,25,22,0,56,10,0,10,66
04/18/2022,EGE,CO,ANM,WE,Federal Contract Tower,7,26,31,0,64,0,0,23,0,23,7,26,54,0,87,6,0,6,93
04/19/2022,EGE,CO,ANM,WE,Federal Contract Tower,7,19,18,0,44,0,0,12,1,13,7,19,30,1,57,14,0,14,71
04/20/2022,EGE,CO,ANM,WE,Federal Contract Tower,7,9,18,0,34,0,0,18,3,21,7,9,36,3,55,38,2,40,95
04/21/2022,EGE,CO,ANM,WE,Federal Contract Tower,7,17,14,0,38,0,0,32,0,32,7,17,46,0,70,56,0,56,126
04/22/2022,EGE,CO,ANM,WE,Federal Contract Tower,7,17,15,0,39,0,0,5,0,5,7,17,20,0,44,38,0,38,82
04/23/2022,EGE,CO,ANM,WE,Federal Contract Tower,7,9,6,0,22,0,0,5,0,5,7,9,11,0,27,32,0,32,59
04/24/2022,EGE,CO,ANM,WE,Federal Contract Tower,7,16,16,0,39,0,0,5,1,6,7,16,21,1,45,18,0,18,63
04/25/2022,EGE,CO,ANM,WE,Federal Contract Tower,7,9,9,0,25,0,0,17,0,17,7,9,26,0,42,22,0,22,64
04/26/2022,EGE,CO,ANM,WE,Federal Contract Tower,7,0,8,0,15,0,0,33,15,48,7,0,41,15,63,78,22,100,163
04/27/2022,EGE,CO,ANM,WE,Federal Contract Tower,7,13,2,0,22,0,0,25,18,43,7,13,27,18,65,46,24,70,135
04/28/2022,EGE,CO,ANM,WE,Federal Contract Tower,6,3,11,0,20,0,0,38,11,49,6,3,49,11,69,46,6,52,121
04/29/2022,EGE,CO,ANM,WE,Federal Contract Tower,7,13,8,0,28,0,0,6,8,14,7,13,14,8,42,12,6,18,60
04/30/2022,EGE,CO,ANM,WE,Federal Contract Tower,7,13,5,0,25,0,0,42,0,42,7,13,47,0,67,37,0,37,104
05/01/2022,EGE,CO,ANM,WE,Federal Contract Tower,7,13,16,0,36,0,0,21,2,23,7,13,37,2,59,16,0,16,75
05/02/2022,EGE,CO,ANM,WE,Federal Contract Tower,7,14,10,0,31,0,0,8,0,8,7,14,18,0,39,38,0,38,77
05/03/2022,EGE,CO,ANM,WE,Federal Contract Tower,7,10,16,0,33,0,0,17,20,37,7,10,33,20,70,16,4,20,90
05/04/2022,EGE,CO,ANM,WE,Federal Contract Tower,7,10,13,0,30,0,0,8,16,24,7,10,21,16,54,50,12,62,116
05/05/2022,EGE,CO,ANM,WE,Federal Contract Tower,7,12,24,0,43,0,0,28,22,50,7,12,52,22,93,86,22,108,201
05/06/2022,EGE,CO,ANM,WE,Federal Contract Tower,7,7,7,0,21,0,0,15,11,26,7,7,22,11,47,6,8,14,61
05/07/2022,EGE,CO,ANM,WE,Federal Contract Tower,7,5,4,0,16,0,0,10,2,12,7,5,14,2,28,4,4,8,36
05/08/2022,EGE,CO,ANM,WE,Federal Contract Tower,6,12,12,0,30,0,0,3,3,6,6,12,15,3,36,0,0,0,36
05/09/2022,EGE,CO,ANM,WE,Federal Contract Tower,8,18,21,0,47,0,0,1,0,1,8,18,22,0,48,0,0,0,48
05/10/2022,EGE,CO,ANM,WE,Federal Contract Tower,7,9,4,0,20,0,0,15,22,37,7,9,19,22,57,20,26,46,103
05/11/2022,EGE,CO,ANM,WE,Federal Contract Tower,7,21,11,0,39,0,0,19,29,48,7,21,30,29,87,18,12,30,117
05/12/2022,EGE,CO,ANM,WE,Federal Contract Tower,7,12,21,0,40,0,0,9,14,23,7,12,30,14,63,28,8,36,99
05/13/2022,EGE,CO,ANM,WE,Federal Contract Tower,7,12,17,0,36,0,0,34,28,62,7,12,51,28,98,70,18,88,186
05/14/2022,EGE,CO,ANM,WE,Federal Contract Tower,7,10,9,0,26,0,0,33,10,43,7,10,42,10,69,8,0,8,77
05/15/2022,EGE,CO,ANM,WE,Federal Contract Tower,6,21,24,0,51,0,0,46,3,49,6,21,70,3,100,16,0,16,116
05/16/2022,EGE,CO,ANM,WE,Federal Contract Tower,7,9,18,0,34,0,0,30,1,31,7,9,48,1,65,50,0,50,115
05/17/2022,EGE,CO,ANM,WE,Federal Contract Tower,7,8,12,0,27,0,0,26,20,46,7,8,38,20,73,56,72,128,201
05/18/2022,EGE,CO,ANM,WE,Federal Contract Tower,7,14,10,1,32,0,1,46,19,66,7,15,56,20,98,14,8,22,120
05/19/2022,EGE,CO,ANM,WE,Federal Contract Tower,7,7,13,0,27,0,0,12,10,22,7,7,25,10,49,18,8,26,75
05/20/2022,EGE,CO,ANM,WE,Federal Contract Tower,7,0,5,0,12,0,0,0,0,0,7,0,5,0,12,0,0,0,12
05/21/2022,EGE,CO,ANM,WE,Federal Contract Tower,7,18,13,0,38,0,0,10,8,18,7,18,23,8,56,50,0,50,106
05/22/2022,EGE,CO,ANM,WE,Federal Contract Tower,7,10,10,0,27,0,0,23,3,26,7,10,33,3,53,32,0,32,85
05/23/2022,EGE,CO,ANM,WE,Federal Contract Tower,6,10,20,0,36,0,0,28,0,28,6,10,48,0,64,16,0,16,80
05/24/2022,EGE,CO,ANM,WE,Federal Contract Tower,7,8,16,0,31,0,0,13,19,32,7,8,29,19,63,0,26,26,89
05/25/2022,EGE,CO,ANM,WE,Federal Contract Tower,7,15,10,0,32,0,0,41,19,60,7,15,51,19,92,16,24,40,132
05/26/2022,EGE,CO,ANM,WE,Federal Contract Tower,7,19,13,0,39,0,0,39,19,58,7,19,52,19,97,68,6,74,171
05/27/2022,EGE,CO,ANM,WE,Federal Contract Tower,7,12,16,0,35,0,0,31,11,42,7,12,47,11,77,18,6,24,101
05/28/2022,EGE,CO,ANM,WE,Federal Contract Tower,7,10,14,0,31,0,0,15,0,15,7,10,29,0,46,10,0,10,56
05/29/2022,EGE,CO,ANM,WE,Federal Contract Tower,7,8,12,0,27,0,0,2,0,2,7,8,14,0,29,0,0,0,29
05/30/2022,EGE,CO,ANM,WE,Federal Contract Tower,7,15,17,0,39,0,0,8,0,8,7,15,25,0,47,10,0,10,57
05/31/2022,EGE,CO,ANM,WE,Federal Contract Tower,7,17,12,0,36,0,0,23,2,25,7,17,35,2,61,24,8,32,93
06/01/2022,EGE,CO,ANM,WE,Federal Contract Tower,7,28,23,0,58,0,1,29,4,34,7,29,52,4,92,16,18,34,126
06/02/2022,EGE,CO,ANM,WE,Federal Contract Tower,7,20,23,0,50,0,0,25,5,30,7,20,48,5,80,6,6,12,92
06/03/2022,EGE,CO,ANM,WE,Federal Contract Tower,7,15,18,0,40,0,0,24,2,26,7,15,42,2,66,44,0,44,110
06/04/2022,EGE,CO,ANM,WE,Federal Contract Tower,8,12,11,0,31,0,0,35,0,35,8,12,46,0,66,34,0,34,100
06/05/2022,EGE,CO,ANM,WE,Federal Contract Tower,8,17,19,0,44,0,0,27,2,29,8,17,46,2,73,9,0,9,82
06/06/2022,EGE,CO,ANM,WE,Federal Contract Tower,8,17,26,0,51,0,0,26,2,28,8,17,52,2,79,58,0,58,137
06/07/2022,EGE,CO,ANM,WE,Federal Contract Tower,7,13,17,0,37,0,0,28,26,54,7,13,45,26,91,54,26,80,171
06/08/2022,EGE,CO,ANM,WE,Federal Contract Tower,8,28,24,0,60,0,0,29,15,44,8,28,53,15,104,50,2,52,156
06/09/2022,EGE,CO,ANM,WE,Federal Contract Tower,8,18,25,0,51,0,1,27,20,48,8,19,52,20,99,82,14,96,195
06/10/2022,EGE,CO,ANM,WE,Federal Contract Tower,8,18,29,0,55,0,0,29,17,46,8,18,58,17,101,30,10,40,141
06/11/2022,EGE,CO,ANM,WE,Federal Contract Tower,8,28,18,0,54,0,0,42,2,44,8,28,60,2,98,24,4,28,126
06/12/2022,EGE,CO,ANM,WE,Federal Contract Tower,7,35,23,1,66,0,0,31,4,35,7,35,54,5,101,34,4,38,139
06/13/2022,EGE,CO,ANM,WE,Federal Contract Tower,8,27,36,0,71,0,0,11,1,12,8,27,47,1,83,0,0,0,83
06/14/2022,EGE,CO,ANM,WE,Federal Contract Tower,8,13,28,0,49,0,0,17,22,39,8,13,45,22,88,8,10,18,106
06/15/2022,EGE,CO,ANM,WE,Federal Contract Tower,8,37,25,0,70,0,0,39,16,55,8,37,64,16,125,52,6,58,183
06/16/2022,EGE,CO,ANM,WE,Federal Contract Tower,8,22,36,0,66,0,0,21,18,39,8,22,57,18,105,26,10,36,141
06/17/2022,EGE,CO,ANM,WE,Federal Contract Tower,9,43,35,0,87,0,0,26,7,33,9,43,61,7,120,4,0,4,124
06/18/2022,EGE,CO,ANM,WE,Federal Contract Tower,8,19,17,0,44,0,0,27,0,27,8,19,44,0,71,34,0,34,105
06/19/2022,EGE,CO,ANM,WE,Federal Contract Tower,7,25,39,0,71,0,0,5,1,6,7,25,44,1,77,22,0,22,99
06/20/2022,EGE,CO,ANM,WE,Federal Contract Tower,8,27,36,0,71,0,1,13,1,15,8,28,49,1,86,12,0,12,98
06/21/2022,EGE,CO,ANM,WE,Federal Contract Tower,8,25,24,0,57,0,0,26,24,50,8,25,50,24,107,52,14,66,173
06/22/2022,EGE,CO,ANM,WE,Federal Contract Tower,8,40,35,0,83,0,0,19,14,33,8,40,54,14,116,16,30,46,162
06/23/2022,EGE,CO,ANM,WE,Federal Contract Tower,8,35,43,0,86,0,0,29,12,41,8,35,72,12,127,34,0,34,161
06/24/2022,EGE,CO,ANM,WE,Federal Contract Tower,8,32,42,0,82,0,0,13,8,21,8,32,55,8,103,2,2,4,107
06/25/2022,EGE,CO,ANM,WE,Federal Contract Tower,8,28,32,0,68,0,0,42,2,44,8,28,74,2,112,68,0,68,180
06/26/2022,EGE,CO,ANM,WE,Federal Contract Tower,9,47,50,0,106,0,0,13,0,13,9,47,63,0,119,30,0,30,149
06/27/2022,EGE,CO,ANM,WE,Federal Contract Tower,8,31,21,0,60,0,0,27,0,27,8,31,48,0,87,38,0,38,125
06/28/2022,EGE,CO,ANM,WE,Federal Contract Tower,8,25,34,0,67,0,1,19,14,34,8,26,53,14,101,24,12,36,137
06/29/2022,EGE,CO,ANM,WE,Federal Contract Tower,8,41,44,0,93,0,1,29,12,42,8,42,73,12,135,26,4,30,165
06/30/2022,EGE,CO,ANM,WE,Federal Contract Tower,8,40,46,0,94,0,0,7,6,13,8,40,53,6,107,30,8,38,145
07/01/2022,EGE,CO,ANM,WE,Federal Contract Tower,8,55,69,0,132,0,0,21,11,32,8,55,90,11,164,36,0,36,200
07/02/2022,EGE,CO,ANM,WE,Federal Contract Tower,8,48,54,0,110,0,0,41,0,41,8,48,95,0,151,32,0,32,183
07/03/2022,EGE,CO,ANM,WE,Federal Contract Tower,8,33,30,0,71,0,0,31,0,31,8,33,61,0,102,46,0,46,148
07/04/2022,EGE,CO,ANM,WE,Federal Contract Tower,8,20,20,0,48,0,0,20,0,20,8,20,40,0,68,50,0,50,118
07/05/2022,EGE,CO,ANM,WE,Federal Contract Tower,8,29,63,0,100,0,0,28,2,30,8,29,91,2,130,30,8,38,168
07/06/2022,EGE,CO,ANM,WE,Federal Contract Tower,8,45,46,0,99,0,0,24,6,30,8,45,70,6,129,62,4,66,195
07/07/2022,EGE,CO,ANM,WE,Federal Contract Tower,8,58,40,0,106,0,0,37,0,37,8,58,77,0,143,18,0,18,161
07/08/2022,EGE,CO,ANM,WE,Federal Contract Tower,8,40,36,0,84,0,0,36,2,38,8,40,72,2,122,66,4,70,192
07/09/2022,EGE,CO,ANM,WE,Federal Contract Tower,8,43,47,0,98,0,0,22,0,22,8,43,69,0,120,4,0,4,124
07/10/2022,EGE,CO,ANM,WE,Federal Contract Tower,8,55,56,0,119,0,0,27,1,28,8,55,83,1,147,10,0,10,157
07/11/2022,EGE,CO,ANM,WE,Federal Contract Tower,8,51,20,2,81,0,0,28,0,28,8,51,48,2,109,28,1,29,138
07/12/2022,EGE,CO,ANM,WE,Federal Contract Tower,8,32,31,0,71,0,0,17,10,27,8,32,48,10,98,10,2,12,110
07/13/2022,EGE,CO,ANM,WE,Federal Contract Tower,7,37,37,0,81,0,0,19,11,30,7,37,56,11,111,36,0,36,147
07/14/2022,EGE,CO,ANM,WE,Federal Contract Tower,9,39,45,2,95,0,0,26,10,36,9,39,71,12,131,10,10,20,151
07/15/2022,EGE,CO,ANM,WE,Federal Contract Tower,8,43,45,0,96,0,0,22,12,34,8,43,67,12,130,36,6,42,172
07/16/2022,EGE,CO,ANM,WE,Federal Contract Tower,8,38,32,0,78,0,0,27,4,31,8,38,59,4,109,38,6,44,153
07/17/2022,EGE,CO,ANM,WE,Federal Contract Tower,8,55,64,0,127,0,0,43,0,43,8,55,107,0,170,40,0,40,210
07/18/2022,EGE,CO,ANM,WE,Federal Contract Tower,9,36,25,0,70,0,0,20,3,23,9,36,45,3,93,10,0,10,103
07/19/2022,EGE,CO,ANM,WE,Federal Contract Tower,8,19,24,0,51,0,0,36,18,54,8,19,60,18,105,28,16,44,149
07/20/2022,EGE,CO,ANM,WE,Federal Contract Tower,8,36,41,0,85,0,0,36,9,45,8,36,77,9,130,24,2,26,156
07/21/2022,EGE,CO,ANM,WE,Federal Contract Tower,8,43,29,0,80,0,2,40,14,56,8,45,69,14,136,40,8,48,184
07/22/2022,EGE,CO,ANM,WE,Federal Contract Tower,8,41,52,0,101,0,0,35,6,41,8,41,87,6,142,36,22,58,200
07/23/2022,EGE,CO,ANM,WE,Federal Contract Tower,8,49,54,0,111,0,0,15,0,15,8,49,69,0,126,26,0,26,152
07/24/2022,EGE,CO,ANM,WE,Federal Contract Tower,8,66,54,0,128,0,1,23,3,27,8,67,77,3,155,44,2,46,201
07/25/2022,EGE,CO,ANM,WE,Federal Contract Tower,8,51,41,0,100,0,0,26,0,26,8,51,67,0,126,40,0,40,166
07/26/2022,EGE,CO,ANM,WE,Federal Contract Tower,8,41,33,0,82,0,0,28,17,45,8,41,61,17,127,46,0,46,173
07/27/2022,EGE,CO,ANM,WE,Federal Contract Tower,8,42,42,0,92,0,1,25,21,47,8,43,67,21,139,54,26,80,219
07/28/2022,EGE,CO,ANM,WE,Federal Contract Tower,8,49,57,0,114,0,0,34,18,52,8,49,91,18,166,40,10,50,216
07/29/2022,EGE,CO,ANM,WE,Federal Contract Tower,8,48,49,0,105,0,0,38,11,49,8,48,87,11,154,30,4,34,188
07/30/2022,EGE,CO,ANM,WE,Federal Contract Tower,8,61,43,0,112,0,0,42,2,44,8,61,85,2,156,4,0,4,160
07/31/2022,EGE,CO,ANM,WE,Federal Contract Tower,8,63,80,0,151,0,0,30,2,32,8,63,110,2,183,32,0,32,215
08/01/2022,EGE,CO,ANM,WE,Federal Contract Tower,8,45,52,0,105,0,0,16,0,16,8,45,68,0,121,62,0,62,183
08/02/2022,EGE,CO,ANM,WE,Federal Contract Tower,8,45,37,0,90,0,0,18,23,41,8,45,55,23,131,34,4,38,169
08/03/2022,EGE,CO,ANM,WE,Federal Contract Tower,8,31,50,0,89,0,0,25,20,45,8,31,75,20,134,64,2,66,200
08/04/2022,EGE,CO,ANM,WE,Federal Contract Tower,8,41,34,0,83,0,1,38,15,54,8,42,72,15,137,56,4,60,197
08/05/2022,EGE,CO,ANM,WE,Federal Contract Tower,8,44,42,0,94,0,0,19,9,28,8,44,61,9,122,30,0,30,152
08/06/2022,EGE,CO,ANM,WE,Federal Contract Tower,7,45,40,0,92,0,0,55,1,56,7,45,95,1,148,92,0,92,240
08/07/2022,EGE,CO,ANM,WE,Federal Contract Tower,8,48,47,0,103,0,0,38,1,39,8,48,85,1,142,58,0,58,200
08/08/2022,EGE,CO,ANM,WE,Federal Contract Tower,9,45,45,0,99,0,0,23,0,23,9,45,68,0,122,8,0,8,130
08/09/2022,EGE,CO,ANM,WE,Federal Contract Tower,8,49,37,0,94,0,0,40,21,61,8,49,77,21,155,68,22,90,245
08/10/2022,EGE,CO,ANM,WE,Federal Contract Tower,8,46,44,0,98,0,1,32,24,57,8,47,76,24,155,74,26,100,255
08/11/2022,EGE,CO,ANM,WE,Federal Contract Tower,5,41,52,0,98,0,0,27,12,39,5,41,79,12,137,56,14,70,207
08/12/2022,EGE,CO,ANM,WE,Federal Contract Tower,8,37,33,0,78,0,0,42,12,54,8,37,75,12,132,84,4,88,220
08/13/2022,EGE,CO,ANM,WE,Federal Contract Tower,8,44,32,0,84,0,0,42,6,48,8,44,74,6,132,46,8,54,186
08/14/2022,EGE,CO,ANM,WE,Federal Contract Tower,8,47,50,0,105,0,0,35,3,38,8,47,85,3,143,80,2,82,225
08/15/2022,EGE,CO,ANM,WE,Federal Contract Tower,6,51,38,0,95,0,0,27,0,27,6,51,65,0,122,68,0,68,190
08/16/2022,EGE,CO,ANM,WE,Federal Contract Tower,8,23,42,0,73,0,0,9,20,29,8,23,51,20,102,30,8,38,140
08/17/2022,EGE,CO,ANM,WE,Federal Contract Tower,8,51,33,0,92,0,0,35,20,55,8,51,68,20,147,14,4,18,165
08/18/2022,EGE,CO,ANM,WE,Federal Contract Tower,8,46,41,0,95,0,0,33,16,49,8,46,74,16,144,50,30,80,224
08/19/2022,EGE,CO,ANM,WE,Federal Contract Tower,8,30,39,0,77,0,0,36,12,48,8,30,75,12,125,72,0,72,197
08/20/2022,EGE,CO,ANM,WE,Federal Contract Tower,9,37,35,1,82,0,0,25,4,29,9,37,60,5,111,54,0,54,165
08/21/2022,EGE,CO,ANM,WE,Federal Contract Tower,7,52,58,0,117,0,0,17,1,18,7,52,75,1,135,8,2,10,145
08/22/2022,EGE,CO,ANM,WE,Federal Contract Tower,6,47,45,0,98,0,0,24,0,24,6,47,69,0,122,42,0,42,164
08/23/2022,EGE,CO,ANM,WE,Federal Contract Tower,7,42,29,0,78,0,0,43,31,74,7,42,72,31,152,62,2,64,216
08/24/2022,EGE,CO,ANM,WE,Federal Contract Tower,8,26,46,0,80,0,0,35,31,66,8,26,81,31,146,70,2,72,218
08/25/2022,EGE,CO,ANM,WE,Federal Contract Tower,8,51,36,0,95,0,0,21,22,43,8,51,57,22,138,42,42,84,222
08/26/2022,EGE,CO,ANM,WE,Federal Contract Tower,9,52,34,0,95,0,0,22,18,40,9,52,56,18,135,32,12,44,179
08/27/2022,EGE,CO,ANM,WE,Federal Contract Tower,8,38,31,0,77,0,0,53,4,57,8,38,84,4,134,26,2,28,162
08/28/2022,EGE,CO,ANM,WE,Federal Contract Tower,8,45,27,0,80,0,0,31,0,31,8,45,58,0,111,38,0,38,149
08/29/2022,EGE,CO,ANM,WE,Federal Contract Tower,8,31,21,0,60,0,0,29,0,29,8,31,50,0,89,2,0,2,91
08/30/2022,EGE,CO,ANM,WE,Federal Contract Tower,8,23,23,0,54,0,0,23,19,42,8,23,46,19,96,30,18,48,144
08/31/2022,EGE,CO,ANM,WE,Federal Contract Tower,8,26,34,0,68,0,0,26,19,45,8,26,60,19,113,16,10,26,139
09/01/2022,EGE,CO,ANM,WE,Federal Contract Tower,8,42,37,0,87,0,0,25,12,37,8,42,62,12,124,20,2,22,146
09/02/2022,EGE,CO,ANM,WE,Federal Contract Tower,8,26,45,0,79,0,0,48,6,54,8,26,93,6,133,26,0,26,159
09/03/2022,EGE,CO,ANM,WE,Federal Contract Tower,8,33,15,0,56,0,0,31,0,31,8,33,46,0,87,44,0,44,131
09/04/2022,EGE,CO,ANM,WE,Federal Contract Tower,8,37,17,0,62,0,1,44,2,47,8,38,61,2,109,24,0,24,133
09/05/2022,EGE,CO,ANM,WE,Federal Contract Tower,7,44,41,0,92,0,1,29,0,30,7,45,70,0,122,0,0,0,122
09/06/2022,EGE,CO,ANM,WE,Federal Contract Tower,8,39,36,0,83,0,0,23,0,23,8,39,59,0,106,6,0,6,112
09/07/2022,EGE,CO,ANM,WE,Federal Contract Tower,8,24,33,0,65,0,2,30,5,37,8,26,63,5,102,60,2,62,164
09/08/2022,EGE,CO,ANM,WE,Federal Contract Tower,8,17,36,0,61,0,0,39,14,53,8,17,75,14,114,102,0,102,216
09/09/2022,EGE,CO,ANM,WE,Federal Contract Tower,8,25,38,0,71,0,1,27,1,29,8,26,65,1,100,76,4,80,180
09/10/2022,EGE,CO,ANM,WE,Federal Contract Tower,9,28,5,0,42,0,0,30,3,33,9,28,35,3,75,46,0,46,121
09/11/2022,EGE,CO,ANM,WE,Federal Contract Tower,8,31,30,0,69,0,1,49,3,53,8,32,79,3,122,78,2,80,202
09/12/2022,EGE,CO,ANM,WE,Federal Contract Tower,8,24,34,0,66,0,0,41,2,43,8,24,75,2,109,106,0,106,215
09/13/2022,EGE,CO,ANM,WE,Federal Contract Tower,8,26,17,0,51,0,0,31,15,46,8,26,48,15,97,28,24,52,149
09/14/2022,EGE,CO,ANM,WE,Federal Contract Tower,8,16,31,0,55,0,0,19,19,38,8,16,50,19,93,100,10,110,203
09/15/2022,EGE,CO,ANM,WE,Federal Contract Tower,8,26,64,0,98,0,0,34,10,44,8,26,98,10,142,76,6,82,224
09/16/2022,EGE,CO,ANM,WE,Federal Contract Tower,8,37,44,0,89,0,0,35,7,42,8,37,79,7,131,96,0,96,227
09/17/2022,EGE,CO,ANM,WE,Federal Contract Tower,8,30,31,0,69,0,0,36,1,37,8,30,67,1,106,36,0,36,142
09/18/2022,EGE,CO,ANM,WE,Federal Contract Tower,8,35,46,0,89,0,0,34,6,40,8,35,80,6,129,10,0,10,139
09/19/2022,EGE,CO,ANM,WE,Federal Contract Tower,8,23,30,0,61,0,0,40,6,46,8,23,70,6,107,46,0,46,153
09/20/2022,EGE,CO,ANM,WE,Federal Contract Tower,8,24,30,0,62,0,0,37,30,67,8,24,67,30,129,56,14,70,199
09/21/2022,EGE,CO,ANM,WE,Federal Contract Tower,8,25,15,0,48,0,0,6,14,20,8,25,21,14,68,14,4,18,86
09/22/2022,EGE,CO,ANM,WE,Federal Contract Tower,8,23,30,0,61,0,0,9,16,25,8,23,39,16,86,18,2,20,106
09/23/2022,EGE,CO,ANM,WE,Federal Contract Tower,8,33,35,0,76,0,0,28,8,36,8,33,63,8,112,20,0,20,132
09/24/2022,EGE,CO,ANM,WE,Federal Contract Tower,8,22,24,0,54,0,0,51,4,55,8,22,75,4,109,32,0,32,141
09/25/2022,EGE,CO,ANM,WE,Federal Contract Tower,8,20,30,0,58,0,0,28,0,28,8,20,58,0,86,26,0,26,112
09/26/2022,EGE,CO,ANM,WE,Federal Contract Tower,8,18,33,2,61,0,0,48,1,49,8,18,81,3,110,40,0,40,150
09/27/2022,EGE,CO,ANM,WE,Federal Contract Tower,8,20,25,0,53,0,0,38,12,50,8,20,63,12,103,64,0,64,167
09/28/2022,EGE,CO,ANM,WE,Federal Contract Tower,8,23,25,0,56,0,0,25,3,28,8,23,50,3,84,56,2,58,142
09/29/2022,EGE,CO,ANM,WE,Federal Contract Tower,8,30,29,0,67,0,0,48,2,50,8,30,77,2,117,48,0,48,165
09/30/2022,EGE,CO,ANM,WE,Federal Contract Tower,6,22,37,0,65,0,0,10,4,14,6,22,47,4,79,34,0,34,113
10/01/2022,EGE,CO,ANM,WE,Federal Contract Tower,6,16,11,0,33,0,0,8,0,8,6,16,19,0,41,50,0,50,91
10/02/2022,EGE,CO,ANM,WE,Federal Contract Tower,6,24,33,0,63,0,0,16,2,18,6,24,49,2,81,56,0,56,137
10/03/2022,EGE,CO,ANM,WE,Federal Contract Tower,5,20,18,0,43,0,0,30,0,30,5,20,48,0,73,36,0,36,109
10/04/2022,EGE,CO,ANM,WE,Federal Contract Tower,7,25,14,0,46,0,0,23,12,35,7,25,37,12,81,44,2,46,127
10/05/2022,EGE,CO,ANM,WE,Federal Contract Tower,6,27,21,0,54,0,0,49,18,67,6,27,70,18,121,64,10,74,195
10/06/2022,EGE,CO,ANM,WE,Federal Contract Tower,5,11,17,0,33,0,0,49,19,68,5,11,66,19,101,104,10,114,215
10/07/2022,EGE,CO,ANM,WE,Federal Contract Tower,5,25,23,0,53,0,0,33,10,43,5,25,56,10,96,68,0,68,164
10/08/2022,EGE,CO,ANM,WE,Federal Contract Tower,5,17,22,0,44,0,1,55,3,59,5,18,77,3,103,72,0,72,175
10/09/2022,EGE,CO,ANM,WE,Federal Contract Tower,7,29,18,0,54,0,1,47,2,50,7,30,65,2,104,62,0,62,166
10/10/2022,EGE,CO,ANM,WE,Federal Contract Tower,5,26,21,0,52,0,0,35,6,41,5,26,56,6,93,38,6,44,137
10/11/2022,EGE,CO,ANM,WE,Federal Contract Tower,5,15,12,2,34,0,0,36,7,43,5,15,48,9,77,40,10,50,127
10/12/2022,EGE,CO,ANM,WE,Federal Contract Tower,5,13,11,2,31,0,1,8,19,28,5,14,19,21,59,26,4,30,89
10/13/2022,EGE,CO,ANM,WE,Federal Contract Tower,5,21,17,2,45,0,0,37,24,61,5,21,54,26,106,64,8,72,178
10/14/2022,EGE,CO,ANM,WE,Federal Contract Tower,5,22,25,1,53,0,0,36,11,47,5,22,61,12,100,40,10,50,150
10/15/2022,EGE,CO,ANM,WE,Federal Contract Tower,5,19,16,2,42,0,0,41,7,48,5,19,57,9,90,78,22,100,190
10/16/2022,EGE,CO,ANM,WE,Federal Contract Tower,5,44,17,0,66,0,0,46,8,54,5,44,63,8,120,20,2,22,142
10/17/2022,EGE,CO,ANM,WE,Federal Contract Tower,5,13,9,0,27,0,0,38,0,38,5,13,47,0,65,58,0,58,123
10/18/2022,EGE,CO,ANM,WE,Federal Contract Tower,5,10,14,0,29,0,0,26,0,26,5,10,40,0,55,54,0,54,109
10/19/2022,EGE,CO,ANM,WE,Federal Contract Tower,5,18,18,0,41,0,0,27,5,32,5,18,45,5,73,8,0,8,81
10/20/2022,EGE,CO,ANM,WE,Federal Contract Tower,5,15,17,0,37,0,0,45,8,53,5,15,62,8,90,54,8,62,152
10/21/2022,EGE,CO,ANM,WE,Federal Contract Tower,5,19,19,0,43,0,0,43,9,52,5,19,62,9,95,82,0,82,177
10/22/2022,EGE,CO,ANM,WE,Federal Contract Tower,5,11,5,0,21,0,0,14,0,14,5,11,19,0,35,14,0,14,49
10/23/2022,EGE,CO,ANM,WE,Federal Contract Tower,6,4,6,0,16,0,0,0,0,0,6,4,6,0,16,6,0,6,22
10/24/2022,EGE,CO,ANM,WE,Federal Contract Tower,5,22,20,0,47,0,0,16,0,16,5,22,36,0,63,92,0,92,155
10/25/2022,EGE,CO,ANM,WE,Federal Contract Tower,5,12,14,0,31,0,0,16,0,16,5,12,30,0,47,14,0,14,61
10/26/2022,EGE,CO,ANM,WE,Federal Contract Tower,5,12,7,0,24,0,0,2,0,2,5,12,9,0,26,24,0,24,50
10/27/2022,EGE,CO,ANM,WE,Federal Contract Tower,5,15,9,2,31,0,0,14,3,17,5,15,23,5,48,40,2,42,90
10/28/2022,EGE,CO,ANM,WE,Federal Contract Tower,5,10,11,3,29,0,0,26,5,31,5,10,37,8,60,46,0,46,106
10/29/2022,EGE,CO,ANM,WE,Federal Contract Tower,5,4,21,0,30,0,2,21,2,25,5,6,42,2,55,28,12,40,95
10/30/2022,EGE,CO,ANM,WE,Federal Contract Tower,5,10,9,0,24,0,0,42,0,42,5,10,51,0,66,32,0,32,98
10/31/2022,EGE,CO,ANM,WE,Federal Contract Tower,5,8,3,0,16,0,0,34,8,42,5,8,37,8,58,40,0,40,98
11/01/2022,EGE,CO,ANM,WE,Federal Contract Tower,5,17,20,0,42,0,3,18,0,21,5,20,38,0,63,24,0,24,87
11/02/2022,EGE,CO,ANM,WE,Federal Contract Tower,6,6,11,0,23,0,0,18,0,18,6,6,29,0,41,57,0,57,98
11/03/2022,EGE,CO,ANM,WE,Federal Contract Tower,6,9,9,0,24,0,0,2,0,2,6,9,11,0,26,34,0,34,60
11/04/2022,EGE,CO,ANM,WE,Federal Contract Tower,5,13,6,6,30,0,1,11,0,12,5,14,17,6,42,52,0,52,94
11/05/2022,EGE,CO,ANM,WE,Federal Contract Tower,5,3,11,0,19,0,0,10,0,10,5,3,21,0,29,78,0,78,107
11/06/2022,EGE,CO,ANM,WE,Federal Contract Tower,5,13,12,0,30,0,0,8,1,9,5,13,20,1,39,18,0,18,57
11/07/2022,EGE,CO,ANM,WE,Federal Contract Tower,5,11,9,0,25,0,0,18,0,18,5,11,27,0,43,52,0,52,95
11/08/2022,EGE,CO,ANM,WE,Federal Contract Tower,5,5,11,0,21,0,0,20,14,34,5,5,31,14,55,44,26,70,125
11/09/2022,EGE,CO,ANM,WE,Federal Contract Tower,5,14,13,0,32,0,0,8,4,12,5,14,21,4,44,32,0,32,76
11/10/2022,EGE,CO,ANM,WE,Federal Contract Tower,5,13,16,0,34,0,0,12,12,24,5,13,28,12,58,88,18,106,164
11/11/2022,EGE,CO,ANM,WE,Federal Contract Tower,5,12,32,0,49,0,0,26,10,36,5,12,58,10,85,32,6,38,123
11/12/2022,EGE,CO,ANM,WE,Federal Contract Tower,5,5,11,0,21,0,0,35,1,36,5,5,46,1,57,62,0,62,119
11/13/2022,EGE,CO,ANM,WE,Federal Contract Tower,5,6,19,0,30,0,0,30,1,31,5,6,49,1,61,38,0,38,99
11/14/2022,EGE,CO,ANM,WE,Federal Contract Tower,5,14,6,0,25,0,0,9,0,9,5,14,15,0,34,24,0,24,58
11/15/2022,EGE,CO,ANM,WE,Federal Contract Tower,5,10,14,0,29,0,0,19,0,19,5,10,33,0,48,12,0,12,60
11/16/2022,EGE,CO,ANM,WE,Federal Contract Tower,5,5,13,1,24,0,0,16,6,22,5,5,29,7,46,14,2,16,62
11/17/2022,EGE,CO,ANM,WE,Federal Contract Tower,7,18,12,2,39,0,0,15,9,24,7,18,27,11,63,32,6,38,101
11/18/2022,EGE,CO,ANM,WE,Federal Contract Tower,7,14,29,0,50,0,0,9,0,9,7,14,38,0,59,30,0,30,89
11/19/2022,EGE,CO,ANM,WE,Federal Contract Tower,7,21,28,0,56,0,0,30,1,31,7,21,58,1,87,22,0,22,109
11/20/2022,EGE,CO,ANM,WE,Federal Contract Tower,7,23,18,0,48,0,0,38,0,38,7,23,56,0,86,54,0,54,140
11/21/2022,EGE,CO,ANM,WE,Federal Contract Tower,7,29,28,0,64,0,0,28,0,28,7,29,56,0,92,34,0,34,126
11/22/2022,EGE,CO,ANM,WE,Federal Contract Tower,7,33,26,0,66,0,0,32,2,34,7,33,58,2,100,28,0,28,128
11/23/2022,EGE,CO,ANM,WE,Federal Contract Tower,7,19,24,0,50,0,0,10,0,10,7,19,34,0,60,10,0,10,70
11/24/2022,EGE,CO,ANM,WE,Federal Contract Tower,2,7,2,0,11,0,0,4,0,4,2,7,6,0,15,0,0,0,15
11/25/2022,EGE,CO,ANM,WE,Federal Contract Tower,8,24,21,0,53,0,0,23,0,23,8,24,44,0,76,14,0,14,90
11/26/2022,EGE,CO,ANM,WE,Federal Contract Tower,15,29,26,0,70,0,0,35,0,35,15,29,61,0,105,24,0,24,129
11/27/2022,EGE,CO,ANM,WE,Federal Contract Tower,7,26,57,0,90,0,0,16,2,18,7,26,73,2,108,2,0,2,110
11/28/2022,EGE,CO,ANM,WE,Federal Contract Tower,7,24,11,0,42,0,0,9,1,10,7,24,20,1,52,58,0,58,110
11/29/2022,EGE,CO,ANM,WE,Federal Contract Tower,7,12,7,0,26,0,0,12,8,20,7,12,19,8,46,12,0,12,58
11/30/2022,EGE,CO,ANM,WE,Federal Contract Tower,9,12,27,0,48,0,18,19,0,37,9,30,46,0,85,0,0,0,85
12/01/2022,EGE,CO,ANM,WE,Federal Contract Tower,7,12,22,0,41,0,0,14,20,34,7,12,36,20,75,12,10,22,97
12/02/2022,EGE,CO,ANM,WE,Federal Contract Tower,7,12,9,0,28,0,0,1,0,1,7,12,10,0,29,0,0,0,29
12/03/2022,EGE,CO,ANM,WE,Federal Contract Tower,7,18,11,0,36,0,0,7,5,12,7,18,18,5,48,20,0,20,68
12/04/2022,EGE,CO,ANM,WE,Federal Contract Tower,7,37,22,0,66,0,0,16,3,19,7,37,38,3,85,52,0,52,137
12/05/2022,EGE,CO,ANM,WE,Federal Contract Tower,7,22,16,0,45,0,0,11,0,11,7,22,27,0,56,68,0,68,124
12/06/2022,EGE,CO,ANM,WE,Federal Contract Tower,7,10,12,0,29,0,0,5,15,20,7,10,17,15,49,34,24,58,107
12/07/2022,EGE,CO,ANM,WE,Federal Contract Tower,7,20,22,0,49,0,0,11,22,33,7,20,33,22,82,30,0,30,112
12/08/2022,EGE,CO,ANM,WE,Federal Contract Tower,7,24,22,3,56,0,0,5,25,30,7,24,27,28,86,14,0,14,100
12/09/2022,EGE,CO,ANM,WE,Federal Contract Tower,7,17,33,0,57,0,0,28,13,41,7,17,61,13,98,48,0,48,146
12/10/2022,EGE,CO,ANM,WE,Federal Contract Tower,7,13,17,2,39,0,0,46,5,51,7,13,63,7,90,24,4,28,118
12/11/2022,EGE,CO,ANM,WE,Federal Contract Tower,7,33,34,0,74,0,0,9,2,11,7,33,43,2,85,64,0,64,149
12/12/2022,EGE,CO,ANM,WE,Federal Contract Tower,7,20,11,0,38,0,0,9,1,10,7,20,20,1,48,36,0,36,84
12/13/2022,EGE,CO,ANM,WE,Federal Contract Tower,7,6,19,0,32,0,0,2,22,24,7,6,21,22,56,8,2,10,66
12/14/2022,EGE,CO,ANM,WE,Federal Contract Tower,7,15,41,0,63,0,0,13,28,41,7,15,54,28,104,14,0,14,118
12/15/2022,EGE,CO,ANM,WE,Federal Contract Tower,35,36,39,0,110,0,0,3,16,19,35,36,42,16,129,14,0,14,143
12/16/2022,EGE,CO,ANM,WE,Federal Contract Tower,33,50,76,0,159,0,0,25,8,33,33,50,101,8,192,0,0,0,192
12/17/2022,EGE,CO,ANM,WE,Federal Contract Tower,44,75,91,0,210,0,1,36,1,38,44,76,127,1,248,0,0,0,248
12/18/2022,EGE,CO,ANM,WE,Federal Contract Tower,39,47,61,0,147,0,0,22,1,23,39,47,83,1,170,24,0,24,194
12/19/2022,EGE,CO,ANM,WE,Federal Contract Tower,37,58,53,4,152,0,0,24,5,29,37,58,77,9,181,2,0,2,183
12/20/2022,EGE,CO,ANM,WE,Federal Contract Tower,36,54,51,0,141,0,0,20,5,25,36,54,71,5,166,0,18,18,184
12/21/2022,EGE,CO,ANM,WE,Federal Contract Tower,35,53,61,0,149,0,0,1,0,1,35,53,62,0,150,0,0,0,150
12/22/2022,EGE,CO,ANM,WE,Federal Contract Tower,31,60,84,0,175,0,0,6,0,6,31,60,90,0,181,0,0,0,181
12/23/2022,EGE,CO,ANM,WE,Federal Contract Tower,33,54,82,0,169,0,0,8,0,8,33,54,90,0,177,0,0,0,177
12/24/2022,EGE,CO,ANM,WE,Federal Contract Tower,35,46,24,0,105,0,0,7,0,7,35,46,31,0,112,34,0,34,146
12/25/2022,EGE,CO,ANM,WE,Federal Contract Tower,32,62,27,0,121,0,0,0,0,0,32,62,27,0,121,0,0,0,121
12/26/2022,EGE,CO,ANM,WE,Federal Contract Tower,38,110,150,0,298,0,0,14,0,14,38,110,164,0,312,0,0,0,312
12/27/2022,EGE,CO,ANM,WE,Federal Contract Tower,39,82,172,0,293,0,0,0,0,0,39,82,172,0,293,0,0,0,293
12/28/2022,EGE,CO,ANM,WE,Federal Contract Tower,34,51,60,0,145,0,0,2,0,2,34,51,62,0,147,4,0,4,151
12/29/2022,EGE,CO,ANM,WE,Federal Contract Tower,39,66,74,0,179,0,0,8,3,11,39,66,82,3,190,0,10,10,200
12/30/2022,EGE,CO,ANM,WE,Federal Contract Tower,39,90,82,0,211,0,0,2,0,2,39,90,84,0,213,0,0,0,213
12/31/2022,EGE,CO,ANM,WE,Federal Contract Tower,33,43,25,0,101,0,0,0,0,0,33,43,25,0,101,0,0,0,101
01/01/2023,EGE,CO,ANM,WE,Federal Contract Tower,36,104,88,0,228,0,0,4,0,4,36,104,92,0,232,0,0,0,232
01/02/2023,EGE,CO,ANM,WE,Federal Contract Tower,40,85,100,0,225,0,0,9,0,9,40,85,109,0,234,0,0,0,234
01/03/2023,EGE,CO,ANM,WE,Federal Contract Tower,38,99,99,0,236,0,0,0,23,23,38,99,99,23,259,0,0,0,259
01/04/2023,EGE,CO,ANM,WE,Federal Contract Tower,33,75,62,0,170,0,0,12,6,18,33,75,74,6,188,6,0,6,194
01/05/2023,EGE,CO,ANM,WE,Federal Contract Tower,31,52,65,0,148,0,0,24,8,32,31,52,89,8,180,0,8,8,188
01/06/2023,EGE,CO,ANM,WE,Federal Contract Tower,36,47,38,0,121,0,0,0,0,0,36,47,38,0,121,8,0,8,129
01/07/2023,EGE,CO,ANM,WE,Federal Contract Tower,41,79,76,0,196,0,0,30,2,32,41,79,106,2,228,14,0,14,242
01/08/2023,EGE,CO,ANM,WE,Federal Contract Tower,35,55,67,0,157,0,0,24,3,27,35,55,91,3,184,68,0,68,252
01/09/2023,EGE,CO,ANM,WE,Federal Contract Tower,35,28,28,0,91,0,0,16,0,16,35,28,44,0,107,30,0,30,137
01/10/2023,EGE,CO,ANM,WE,Federal Contract Tower,29,27,36,0,92,0,0,7,0,7,29,27,43,0,99,36,0,36,135
01/11/2023,EGE,CO,ANM,WE,Federal Contract Tower,28,44,26,0,98,0,0,13,21,34,28,44,39,21,132,30,0,30,162
01/12/2023,EGE,CO,ANM,WE,Federal Contract Tower,31,59,60,0,150,0,2,23,22,47,31,61,83,22,197,4,16,20,217
01/13/2023,EGE,CO,ANM,WE,Federal Contract Tower,29,47,65,0,141,0,0,23,9,32,29,47,88,9,173,18,0,18,191
01/14/2023,EGE,CO,ANM,WE,Federal Contract Tower,35,36,29,0,100,0,0,19,0,19,35,36,48,0,119,24,0,24,143
01/15/2023,EGE,CO,ANM,WE,Federal Contract Tower,26,52,26,0,104,0,0,6,0,6,26,52,32,0,110,16,0,16,126
01/16/2023,EGE,CO,ANM,WE,Federal Contract Tower,28,85,84,0,197,0,0,2,0,2,28,85,86,0,199,0,0,0,199
01/17/2023,EGE,CO,ANM,WE,Federal Contract Tower,32,32,19,0,83,0,0,0,0,0,32,32,19,0,83,28,0,28,111
01/18/2023,EGE,CO,ANM,WE,Federal Contract Tower,25,34,28,0,87,0,0,2,0,2,25,34,30,0,89,0,0,0,89
01/19/2023,EGE,CO,ANM,WE,Federal Contract Tower,29,34,39,0,102,0,0,15,12,27,29,34,54,12,129,14,0,14,143
01/20/2023,EGE,CO,ANM,WE,Federal Contract Tower,29,25,27,0,81,0,0,15,4,19,29,25,42,4,100,26,0,26,126
01/21/2023,EGE,CO,ANM,WE,Federal Contract Tower,35,30,35,0,100,0,0,9,1,10,35,30,44,1,110,46,0,46,156
01/22/2023,EGE,CO,ANM,WE,Federal Contract Tower,29,33,45,0,107,0,0,15,1,16,29,33,60,1,123,50,0,50,173
01/23/2023,EGE,CO,ANM,WE,Federal Contract Tower,29,24,18,0,71,0,0,26,0,26,29,24,44,0,97,46,0,46,143
01/24/2023,EGE,CO,ANM,WE,Federal Contract Tower,27,33,40,0,100,0,0,7,21,28,27,33,47,21,128,56,65,121,249
01/25/2023,EGE,CO,ANM,WE,Federal Contract Tower,29,37,45,0,111,0,0,6,18,24,29,37,51,18,135,26,24,50,185
01/26/2023,EGE,CO,ANM,WE,Federal Contract Tower,29,33,48,0,110,0,0,22,19,41,29,33,70,19,151,2,2,4,155
01/27/2023,EGE,CO,ANM,WE,Federal Contract Tower,29,28,30,0,87,0,0,0,4,4,29,28,30,4,91,0,0,0,91
01/28/2023,EGE,CO,ANM,WE,Federal Contract Tower,37,35,58,0,130,0,0,1,3,4,37,35,59,3,134,10,0,10,144
01/29/2023,EGE,CO,ANM,WE,Federal Contract Tower,28,58,50,0,136,0,0,0,0,0,28,58,50,0,136,52,0,52,188
01/30/2023,EGE,CO,ANM,WE,Federal Contract Tower,24,13,26,0,63,0,0,1,0,1,24,13,27,0,64,8,0,8,72
01/31/2023,EGE,CO,ANM,WE,Federal Contract Tower,21,35,31,0,87,0,0,23,19,42,21,35,54,19,129,54,24,78,207
02/01/2023,EGE,CO,ANM,WE,Federal Contract Tower,26,24,32,0,82,0,0,41,19,60,26,24,73,19,142,42,4,46,188
02/02/2023,EGE,CO,ANM,WE,Federal Contract Tower,23,48,34,0,105,0,0,31,20,51,23,48,65,20,156,60,30,90,246
02/03/2023,EGE,CO,ANM,WE,Federal Contract Tower,32,29,50,0,111,0,0,20,13,33,32,29,70,13,144,60,38,98,242
02/04/2023,EGE,CO,ANM,WE,Federal Contract Tower,42,37,35,0,114,0,0,34,3,37,42,37,69,3,151,8,0,8,159
02/05/2023,EGE,CO,ANM,WE,Federal Contract Tower,31,46,44,0,121,0,1,23,1,25,31,47,67,1,146,22,0,22,168
02/06/2023,EGE,CO,ANM,WE,Federal Contract Tower,31,37,31,0,99,0,0,9,0,9,31,37,40,0,108,10,0,10,118
02/07/2023,EGE,CO,ANM,WE,Federal Contract Tower,32,18,23,0,73,0,0,29,24,53,32,18,52,24,126,54,36,90,216
02/08/2023,EGE,CO,ANM,WE,Federal Contract Tower,31,35,40,2,108,0,0,17,26,43,31,35,57,28,151,22,20,42,193
02/09/2023,EGE,CO,ANM,WE,Federal Contract Tower,31,47,47,1,126,0,0,19,15,34,31,47,66,16,160,18,10,28,188
02/10/2023,EGE,CO,ANM,WE,Federal Contract Tower,35,34,46,0,115,0,0,33,12,45,35,34,79,12,160,30,0,30,190
02/11/2023,EGE,CO,ANM,WE,Federal Contract Tower,44,42,53,0,139,0,0,25,3,28,44,42,78,3,167,18,0,18,185
02/12/2023,EGE,CO,ANM,WE,Federal Contract Tower,32,53,48,1,134,0,0,34,2,36,32,53,82,3,170,0,0,0,170
02/13/2023,EGE,CO,ANM,WE,Federal Contract Tower,34,56,57,1,148,0,0,22,0,22,34,56,79,1,170,60,0,60,230
02/14/2023,EGE,CO,ANM,WE,Federal Contract Tower,31,38,30,0,99,0,0,3,10,13,31,38,33,10,112,26,30,56,168
02/15/2023,EGE,CO,ANM,WE,Federal Contract Tower,32,76,56,0,164,0,0,4,21,25,32,76,60,21,189,26,12,38,227
02/16/2023,EGE,CO,ANM,WE,Federal Contract Tower,32,77,115,2,226,0,0,28,12,40,32,77,143,14,266,6,6,12,278
02/17/2023,EGE,CO,ANM,WE,Federal Contract Tower,33,71,99,0,203,0,0,35,22,57,33,71,134,22,260,36,14,50,310
02/18/2023,EGE,CO,ANM,WE,Federal Contract Tower,44,68,65,1,178,0,0,28,1,29,44,68,93,2,207,16,0,16,223
02/19/2023,EGE,CO,ANM,WE,Federal Contract Tower,36,38,58,0,132,0,0,0,0,0,36,38,58,0,132,10,0,10,142
02/20/2023,EGE,CO,ANM,WE,Federal Contract Tower,33,100,120,0,253,0,0,9,0,9,33,100,129,0,262,4,0,4,266
02/21/2023,EGE,CO,ANM,WE,Federal Contract Tower,32,64,63,0,159,0,0,8,0,8,32,64,71,0,167,2,0,2,169
02/22/2023,EGE,CO,ANM,WE,Federal Contract Tower,22,20,23,0,65,0,0,0,0,0,22,20,23,0,65,4,0,4,69
02/23/2023,EGE,CO,ANM,WE,Federal Contract Tower,33,59,71,0,163,0,0,9,2,11,33,59,80,2,174,66,0,66,240
02/24/2023,EGE,CO,ANM,WE,Federal Contract Tower,33,44,72,0,149,0,0,7,0,7,33,44,79,0,156,50,0,50,206
02/25/2023,EGE,CO,ANM,WE,Federal Contract Tower,42,89,58,0,189,0,0,25,2,27,42,89,83,2,216,0,0,0,216
02/26/2023,EGE,CO,ANM,WE,Federal Contract Tower,34,78,74,0,186,0,0,14,3,17,34,78,88,3,203,16,0,16,219
02/27/2023,EGE,CO,ANM,WE,Federal Contract Tower,33,38,41,0,112,0,0,17,0,17,33,38,58,0,129,24,0,24,153
02/28/2023,EGE,CO,ANM,WE,Federal Contract Tower,31,37,39,0,107,0,0,2,20,22,31,37,41,20,129,12,8,20,149
03/01/2023,EGE,CO,ANM,WE,Federal Contract Tower,40,51,34,0,125,0,0,2,22,24,40,51,36,22,149,12,14,26,175
03/02/2023,EGE,CO,ANM,WE,Federal Contract Tower,35,32,49,0,116,0,0,29,19,48,35,32,78,19,164,40,8,48,212
03/03/2023,EGE,CO,ANM,WE,Federal Contract Tower,37,47,58,0,142,0,0,6,7,13,37,47,64,7,155,30,0,30,185
03/04/2023,EGE,CO,ANM,WE,Federal Contract Tower,44,65,67,0,176,0,0,23,2,25,44,65,90,2,201,6,0,6,207
03/05/2023,EGE,CO,ANM,WE,Federal Contract Tower,38,49,70,0,157,0,0,6,2,8,38,49,76,2,165,8,0,8,173
03/06/2023,EGE,CO,ANM,WE,Federal Contract Tower,37,38,40,0,115,0,0,16,1,17,37,38,56,1,132,22,0,22,154
03/07/2023,EGE,CO,ANM,WE,Federal Contract Tower,37,51,25,0,113,0,0,21,15,36,37,51,46,15,149,38,8,46,195
03/08/2023,EGE,CO,ANM,WE,Federal Contract Tower,37,40,40,0,117,0,0,16,20,36,37,40,56,20,153,38,12,50,203
03/09/2023,EGE,CO,ANM,WE,Federal Contract Tower,38,46,49,0,133,0,0,33,10,43,38,46,82,10,176,22,10,32,208
03/10/2023,EGE,CO,ANM,WE,Federal Contract Tower,38,65,58,0,161,0,0,1,1,2,38,65,59,1,163,28,0,28,191
03/11/2023,EGE,CO,ANM,WE,Federal Contract Tower,45,77,92,0,214,0,0,13,1,14,45,77,105,1,228,16,0,16,244
03/12/2023,EGE,CO,ANM,WE,Federal Contract Tower,38,74,82,0,194,0,0,1,1,2,38,74,83,1,196,30,0,30,226
03/13/2023,EGE,CO,ANM,WE,Federal Contract Tower,36,50,48,0,134,0,0,17,0,17,36,50,65,0,151,26,0,26,177
03/14/2023,EGE,CO,ANM,WE,Federal Contract Tower,38,25,25,0,88,0,0,25,19,44,38,25,50,19,132,26,8,34,166
03/15/2023,EGE,CO,ANM,WE,Federal Contract Tower,37,61,44,0,142,0,0,4,25,29,37,61,48,25,171,26,22,48,219
03/16/2023,EGE,CO,ANM,WE,Federal Contract Tower,35,50,48,0,133,0,0,15,17,32,35,50,63,17,165,48,10,58,223
03/17/2023,EGE,CO,ANM,WE,Federal Contract Tower,39,82,68,0,189,0,0,38,8,46,39,82,106,8,235,90,0,90,325
03/18/2023,EGE,CO,ANM,WE,Federal Contract Tower,42,89,95,0,226,0,0,49,1,50,42,89,144,1,276,10,0,10,286
03/19/2023,EGE,CO,ANM,WE,Federal Contract Tower,41,74,87,0,202,0,0,33,2,35,41,74,120,2,237,18,0,18,255
03/20/2023,EGE,CO,ANM,WE,Federal Contract Tower,36,35,31,0,102,0,0,3,0,3,36,35,34,0,105,8,0,8,113
03/21/2023,EGE,CO,ANM,WE,Federal Contract Tower,37,44,24,0,105,0,0,9,13,22,37,44,33,13,127,4,6,10,137
03/22/2023,EGE,CO,ANM,WE,Federal Contract Tower,28,9,5,0,42,0,0,0,0,0,28,9,5,0,42,0,0,0,42
03/23/2023,EGE,CO,ANM,WE,Federal Contract Tower,40,47,48,0,135,0,0,16,19,35,40,47,64,19,170,48,28,76,246
03/24/2023,EGE,CO,ANM,WE,Federal Contract Tower,39,55,43,0,137,0,0,18,8,26,39,55,61,8,163,70,2,72,235
03/25/2023,EGE,CO,ANM,WE,Federal Contract Tower,45,65,77,0,187,0,0,3,1,4,45,65,80,1,191,8,0,8,199
03/26/2023,EGE,CO,ANM,WE,Federal Contract Tower,30,37,49,0,116,0,0,10,1,11,30,37,59,1,127,30,0,30,157
03/27/2023,EGE,CO,ANM,WE,Federal Contract Tower,29,42,21,0,92,0,0,15,0,15,29,42,36,0,107,32,0,32,139
03/28/2023,EGE,CO,ANM,WE,Federal Contract Tower,29,33,10,0,72,0,0,28,16,44,29,33,38,16,116,34,8,42,158
03/29/2023,EGE,CO,ANM,WE,Federal Contract Tower,28,27,26,0,81,0,0,30,18,48,28,27,56,18,129,24,4,28,157
03/30/2023,EGE,CO,ANM,WE,Federal Contract Tower,29,25,25,0,79,0,0,12,8,20,29,25,37,8,99,30,10,40,139
03/31/2023,EGE,CO,ANM,WE,Federal Contract Tower,29,40,37,0,106,0,0,1,0,1,29,40,38,0,107,0,0,0,107
04/01/2023,EGE,CO,ANM,WE,Federal Contract Tower,31,62,56,1,150,0,0,22,3,25,31,62,78,4,175,16,2,18,193
04/03/2023,EGE,CO,ANM,WE,Federal Contract Tower,25,35,21,0,81,0,0,0,0,0,25,35,21,0,81,0,0,0,81
04/04/2023,EGE,CO,ANM,WE,Federal Contract Tower,7,26,9,0,42,0,0,0,0,0,7,26,9,0,42,0,2,2,44
04/05/2023,EGE,CO,ANM,WE,Federal Contract Tower,7,31,20,0,58,0,0,16,21,37,7,31,36,21,95,94,22,116,211
04/06/2023,EGE,CO,ANM,WE,Federal Contract Tower,7,25,34,0,66,0,0,44,9,53,7,25,78,9,119,40,6,46,165
04/07/2023,EGE,CO,ANM,WE,Federal Contract Tower,0,7,22,19,48,0,1,38,12,51,0,8,60,31,99,56,14,70,169
04/08/2023,EGE,CO,ANM,WE,Federal Contract Tower,9,33,30,0,72,0,0,46,0,46,9,33,76,0,118,50,0,50,168
04/09/2023,EGE,CO,ANM,WE,Federal Contract Tower,9,29,50,0,88,0,0,17,0,17,9,29,67,0,105,26,0,26,131
04/10/2023,EGE,CO,ANM,WE,Federal Contract Tower,7,27,33,0,67,0,0,36,0,36,7,27,69,0,103,82,0,82,185
04/11/2023,EGE,CO,ANM,WE,Federal Contract Tower,7,13,21,0,41,0,0,24,12,36,7,13,45,12,77,38,32,70,147
04/12/2023,EGE,CO,ANM,WE,Federal Contract Tower,8,23,17,0,48,0,0,23,25,48,8,23,40,25,96,66,7,73,169
04/13/2023,EGE,CO,ANM,WE,Federal Contract Tower,7,19,16,0,42,0,0,15,16,31,7,19,31,16,73,22,0,22,95
04/14/2023,EGE,CO,ANM,WE,Federal Contract Tower,7,22,10,0,39,0,0,9,0,9,7,22,19,0,48,32,0,32,80
04/15/2023,EGE,CO,ANM,WE,Federal Contract Tower,7,19,16,0,42,0,0,20,5,25,7,19,36,5,67,20,0,20,87
04/16/2023,EGE,CO,ANM,WE,Federal Contract Tower,7,28,23,0,58,0,0,39,1,40,7,28,62,1,98,34,0,34,132
04/17/2023,EGE,CO,ANM,WE,Federal Contract Tower,7,16,16,0,39,0,0,24,0,24,7,16,40,0,63,66,0,66,129
04/18/2023,EGE,CO,ANM,WE,Federal Contract Tower,7,13,12,0,32,0,0,7,21,28,7,13,19,21,60,8,32,40,100
04/19/2023,EGE,CO,ANM,WE,Federal Contract Tower,5,20,13,0,38,0,0,3,8,11,5,20,16,8,49,2,0,2,51
04/20/2023,EGE,CO,ANM,WE,Federal Contract Tower,7,8,15,0,30,0,0,19,27,46,7,8,34,27,76,50,11,61,137
04/21/2023,EGE,CO,ANM,WE,Federal Contract Tower,7,7,10,0,24,0,0,21,12,33,7,7,31,12,57,86,8,94,151
04/22/2023,EGE,CO,ANM,WE,Federal Contract Tower,7,15,8,0,30,0,0,14,1,15,7,15,22,1,45,110,0,110,155
04/23/2023,EGE,CO,ANM,WE,Federal Contract Tower,7,16,18,0,41,0,0,33,3,36,7,16,51,3,77,42,0,42,119
04/24/2023,EGE,CO,ANM,WE,Federal Contract Tower,7,4,14,0,25,0,0,31,0,31,7,4,45,0,56,58,0,58,114
04/25/2023,EGE,CO,ANM,WE,Federal Contract Tower,7,4,9,0,20,0,0,10,0,10,7,4,19,0,30,20,0,20,50
04/26/2023,EGE,CO,ANM,WE,Federal Contract Tower,7,10,9,0,26,0,0,16,8,24,7,10,25,8,50,0,12,12,62
04/27/2023,EGE,CO,ANM,WE,Federal Contract Tower,7,12,13,0,32,0,0,20,0,20,7,12,33,0,52,26,0,26,78
04/28/2023,EGE,CO,ANM,WE,Federal Contract Tower,7,7,10,0,24,0,0,21,6,27,7,7,31,6,51,28,2,30,81
04/29/2023,EGE,CO,ANM,WE,Federal Contract Tower,7,4,3,0,14,0,0,47,0,47,7,4,50,0,61,16,0,16,77
04/30/2023,EGE,CO,ANM,WE,Federal Contract Tower,7,11,20,0,38,0,0,44,2,46,7,11,64,2,84,40,0,40,124
05/01/2023,EGE,CO,ANM,WE,Federal Contract Tower,7,6,8,0,21,0,0,32,0,32,7,6,40,0,53,70,0,70,123
05/02/2023,EGE,CO,ANM,WE,Federal Contract Tower,7,3,10,0,20,0,1,25,0,26,7,4,35,0,46,50,0,50,96
05/03/2023,EGE,CO,ANM,WE,Federal Contract Tower,7,10,7,0,24,0,0,30,0,30,7,10,37,0,54,38,0,38,92
05/04/2023,EGE,CO,ANM,WE,Federal Contract Tower,5,9,10,0,24,0,0,19,10,29,5,9,29,10,53,62,4,66,119
05/05/2023,EGE,CO,ANM,WE,Federal Contract Tower,7,5,15,0,27,0,0,19,17,36,7,5,34,17,63,90,0,90,153
05/06/2023,EGE,CO,ANM,WE,Federal Contract Tower,6,8,10,0,24,0,0,11,15,26,6,8,21,15,50,12,0,12,62
05/07/2023,EGE,CO,ANM,WE,Federal Contract Tower,7,7,11,0,25,0,0,10,10,20,7,7,21,10,45,18,22,40,85
05/08/2023,EGE,CO,ANM,WE,Federal Contract Tower,8,17,2,0,27,0,0,38,0,38,8,17,40,0,65,44,0,44,109
05/09/2023,EGE,CO,ANM,WE,Federal Contract Tower,7,9,12,0,28,0,0,41,11,52,7,9,53,11,80,62,10,72,152
05/10/2023,EGE,CO,ANM,WE,Federal Contract Tower,8,3,7,0,18,0,0,18,11,29,8,3,25,11,47,34,0,34,81
05/11/2023,EGE,CO,ANM,WE,Federal Contract Tower,9,11,3,0,23,0,0,8,5,13,9,11,11,5,36,46,0,46,82
05/12/2023,EGE,CO,ANM,WE,Federal Contract Tower,9,9,16,0,34,0,0,16,6,22,9,9,32,6,56,74,0,74,130
05/13/2023,EGE,CO,ANM,WE,Federal Contract Tower,7,15,8,0,30,0,0,24,0,24,7,15,32,0,54,24,0,24,78
05/14/2023,EGE,CO,ANM,WE,Federal Contract Tower,9,9,9,0,27,0,0,0,0,0,9,9,9,0,27,48,0,48,75
05/15/2023,EGE,CO,ANM,WE,Federal Contract Tower,9,16,1,0,26,0,0,12,0,12,9,16,13,0,38,0,0,0,38
05/16/2023,EGE,CO,ANM,WE,Federal Contract Tower,9,19,0,2,30,0,0,24,27,51,9,19,24,29,81,24,24,48,129
05/17/2023,EGE,CO,ANM,WE,Federal Contract Tower,9,13,11,0,33,0,0,20,11,31,9,13,31,11,64,18,10,28,92
05/18/2023,EGE,CO,ANM,WE,Federal Contract Tower,7,19,11,0,37,0,0,24,13,37,7,19,35,13,74,48,8,56,130
05/19/2023,EGE,CO,ANM,WE,Federal Contract Tower,9,10,9,0,28,0,0,20,7,27,9,10,29,7,55,42,0,42,97
05/20/2023,EGE,CO,ANM,WE,Federal Contract Tower,9,8,9,0,26,0,0,15,0,15,9,8,24,0,41,24,0,24,65
05/21/2023,EGE,CO,ANM,WE,Federal Contract Tower,9,19,9,0,37,0,0,28,0,28,9,19,37,0,65,4,0,4,69
05/22/2023,EGE,CO,ANM,WE,Federal Contract Tower,9,13,15,0,37,0,0,30,0,30,9,13,45,0,67,16,0,16,83
05/23/2023,EGE,CO,ANM,WE,Federal Contract Tower,9,10,12,0,31,0,0,21,10,31,9,10,33,10,62,44,0,44,106
05/24/2023,EGE,CO,ANM,WE,Federal Contract Tower,11,20,9,0,40,0,0,14,8,22,11,20,23,8,62,0,0,0,62
05/25/2023,EGE,CO,ANM,WE,Federal Contract Tower,7,15,14,0,36,0,0,25,9,34,7,15,39,9,70,34,14,48,118
05/26/2023,EGE,CO,ANM,WE,Federal Contract Tower,6,24,21,0,51,0,0,28,2,30,6,24,49,2,81,24,0,24,105
05/27/2023,EGE,CO,ANM,WE,Federal Contract Tower,6,23,19,0,48,0,0,31,0,31,6,23,50,0,79,0,0,0,79
05/28/2023,EGE,CO,ANM,WE,Federal Contract Tower,7,21,6,0,34,0,1,24,0,25,7,22,30,0,59,18,0,18,77
05/29/2023,EGE,CO,ANM,WE,Federal Contract Tower,7,17,11,0,35,0,0,21,0,21,7,17,32,0,56,24,0,24,80
05/30/2023,EGE,CO,ANM,WE,Federal Contract Tower,7,14,16,0,37,0,0,23,0,23,7,14,39,0,60,26,0,26,86
05/31/2023,EGE,CO,ANM,WE,Federal Contract Tower,6,18,18,0,42,0,0,24,2,26,6,18,42,2,68,16,0,16,84
06/01/2023,EGE,CO,ANM,WE,Federal Contract Tower,7,21,16,0,44,0,0,17,8,25,7,21,33,8,69,40,0,40,109
06/02/2023,EGE,CO,ANM,WE,Federal Contract Tower,8,17,25,0,50,0,0,2,0,2,8,17,27,0,52,4,0,4,56
06/03/2023,EGE,CO,ANM,WE,Federal Contract Tower,9,19,16,0,44,0,0,9,0,9,9,19,25,0,53,18,0,18,71
06/04/2023,EGE,CO,ANM,WE,Federal Contract Tower,8,19,18,0,45,0,0,15,1,16,8,19,33,1,61,0,0,0,61
06/05/2023,EGE,CO,ANM,WE,Federal Contract Tower,9,12,14,0,35,0,0,20,2,22,9,12,34,2,57,32,6,38,95
06/06/2023,EGE,CO,ANM,WE,Federal Contract Tower,8,19,10,0,37,0,0,37,0,37,8,19,47,0,74,42,0,42,116
06/07/2023,EGE,CO,ANM,WE,Federal Contract Tower,8,13,16,0,37,0,0,18,16,34,8,13,34,16,71,52,0,52,123
06/08/2023,EGE,CO,ANM,WE,Federal Contract Tower,8,18,16,0,42,0,0,20,16,36,8,18,36,16,78,38,12,50,128
06/09/2023,EGE,CO,ANM,WE,Federal Contract Tower,9,14,16,0,39,0,0,32,8,40,9,14,48,8,79,14,0,14,93
06/10/2023,EGE,CO,ANM,WE,Federal Contract Tower,8,28,16,0,52,0,0,31,2,33,8,28,47,2,85,32,0,32,117
06/11/2023,EGE,CO,ANM,WE,Federal Contract Tower,9,31,29,0,69,0,0,21,0,21,9,31,50,0,90,16,0,16,106
06/12/2023,EGE,CO,ANM,WE,Federal Contract Tower,8,18,20,0,46,0,0,21,0,21,8,18,41,0,67,10,0,10,77
06/13/2023,EGE,CO,ANM,WE,Federal Contract Tower,10,24,25,0,59,0,0,16,9,25,10,24,41,9,84,10,0,10,94
06/14/2023,EGE,CO,ANM,WE,Federal Contract Tower,8,30,23,0,61,0,0,34,15,49,8,30,57,15,110,70,4,74,184
06/15/2023,EGE,CO,ANM,WE,Federal Contract Tower,8,34,35,0,77,0,0,14,8,22,8,34,49,8,99,50,0,50,149
06/16/2023,EGE,CO,ANM,WE,Federal Contract Tower,7,36,31,0,74,0,0,22,12,34,7,36,53,12,108,46,14,60,168
06/17/2023,EGE,CO,ANM,WE,Federal Contract Tower,8,31,13,0,52,0,0,15,2,17,8,31,28,2,69,14,0,14,83
06/18/2023,EGE,CO,ANM,WE,Federal Contract Tower,10,24,34,0,68,0,0,21,1,22,10,24,55,1,90,76,0,76,166
06/19/2023,EGE,CO,ANM,WE,Federal Contract Tower,9,27,25,0,61,0,0,37,1,38,9,27,62,1,99,40,6,46,145
06/20/2023,EGE,CO,ANM,WE,Federal Contract Tower,8,27,19,0,54,0,0,23,4,27,8,27,42,4,81,1,0,1,82
06/21/2023,EGE,CO,ANM,WE,Federal Contract Tower,9,24,30,0,63,0,0,46,5,51,9,24,76,5,114,22,4,26,140
06/22/2023,EGE,CO,ANM,WE,Federal Contract Tower,12,30,34,0,76,0,0,49,4,53,12,30,83,4,129,40,8,48,177
06/23/2023,EGE,CO,ANM,WE,Federal Contract Tower,9,19,29,0,57,0,0,23,0,23,9,19,52,0,80,24,0,24,104
06/24/2023,EGE,CO,ANM,WE,Federal Contract Tower,8,20,30,0,58,0,0,63,2,65,8,20,93,2,123,32,2,34,157
06/25/2023,EGE,CO,ANM,WE,Federal Contract Tower,9,29,40,0,78,0,0,45,3,48,9,29,85,3,126,26,0,26,152
06/26/2023,EGE,CO,ANM,WE,Federal Contract Tower,9,25,23,0,57,0,0,30,0,30,9,25,53,0,87,20,0,20,107
06/27/2023,EGE,CO,ANM,WE,Federal Contract Tower,8,32,34,0,74,0,0,16,11,27,8,32,50,11,101,0,4,4,105
06/28/2023,EGE,CO,ANM,WE,Federal Contract Tower,8,36,36,3,83,0,0,26,23,49,8,36,62,26,132,48,0,48,180
06/29/2023,EGE,CO,ANM,WE,Federal Contract Tower,8,20,31,0,59,0,0,49,19,68,8,20,80,19,127,62,4,66,193
06/30/2023,EGE,CO,ANM,WE,Federal Contract Tower,8,53,59,0,120,0,0,33,19,52,8,53,92,19,172,30,10,40,212
07/01/2023,EGE,CO,ANM,WE,Federal Contract Tower,9,67,68,0,144,0,0,61,0,61,9,67,129,0,205,30,0,30,235
07/02/2023,EGE,CO,ANM,WE,Federal Contract Tower,8,49,37,0,94,0,0,30,0,30,8,49,67,0,124,60,0,60,184
07/03/2023,EGE,CO,ANM,WE,Federal Contract Tower,9,35,27,0,71,0,0,45,0,45,9,35,72,0,116,36,0,36,152
07/04/2023,EGE,CO,ANM,WE,Federal Contract Tower,9,23,20,0,52,0,0,27,4,31,9,23,47,4,83,30,0,30,113
07/05/2023,EGE,CO,ANM,WE,Federal Contract Tower,9,41,52,0,102,0,0,33,0,33,9,41,85,0,135,60,0,60,195
07/06/2023,EGE,CO,ANM,WE,Federal Contract Tower,9,44,34,0,87,0,0,41,0,41,9,44,75,0,128,56,0,56,184
07/07/2023,EGE,CO,ANM,WE,Federal Contract Tower,9,43,28,0,80,0,0,21,0,21,9,43,49,0,101,4,0,4,105
07/08/2023,EGE,CO,ANM,WE,Federal Contract Tower,9,45,51,0,105,0,0,28,0,28,9,45,79,0,133,20,0,20,153
07/09/2023,EGE,CO,ANM,WE,Federal Contract Tower,9,38,53,0,100,0,0,32,2,34,9,38,85,2,134,40,0,40,174
07/10/2023,EGE,CO,ANM,WE,Federal Contract Tower,8,29,31,0,68,0,0,21,0,21,8,29,52,0,89,28,0,28,117
07/11/2023,EGE,CO,ANM,WE,Federal Contract Tower,9,29,20,0,58,0,0,22,23,45,9,29,42,23,103,58,36,94,197
07/12/2023,EGE,CO,ANM,WE,Federal Contract Tower,9,42,35,0,86,0,0,38,22,60,9,42,73,22,146,90,22,112,258
07/13/2023,EGE,CO,ANM,WE,Federal Contract Tower,8,32,29,1,70,0,0,39,20,59,8,32,68,21,129,40,6,46,175
07/14/2023,EGE,CO,ANM,WE,Federal Contract Tower,7,47,26,2,82,0,0,26,24,50,7,47,52,26,132,68,2,70,202
07/15/2023,EGE,CO,ANM,WE,Federal Contract Tower,9,35,44,0,88,0,0,21,9,30,9,35,65,9,118,64,4,68,186
07/16/2023,EGE,CO,ANM,WE,Federal Contract Tower,9,61,50,0,120,0,0,51,2,53,9,61,101,2,173,104,0,104,277
07/17/2023,EGE,CO,ANM,WE,Federal Contract Tower,9,28,44,0,81,0,0,23,0,23,9,28,67,0,104,8,0,8,112
07/18/2023,EGE,CO,ANM,WE,Federal Contract Tower,9,31,32,0,72,0,0,24,28,52,9,31,56,28,124,34,26,60,184
07/19/2023,EGE,CO,ANM,WE,Federal Contract Tower,8,41,40,0,89,0,0,28,23,51,8,41,68,23,140,12,4,16,156
07/20/2023,EGE,CO,ANM,WE,Federal Contract Tower,9,41,55,0,105,0,0,35,21,56,9,41,90,21,161,26,10,36,197
07/21/2023,EGE,CO,ANM,WE,Federal Contract Tower,9,41,39,0,89,0,0,34,14,48,9,41,73,14,137,56,0,56,193
07/22/2023,EGE,CO,ANM,WE,Federal Contract Tower,9,29,36,0,74,0,0,34,2,36,9,29,70,2,110,50,0,50,160
07/23/2023,EGE,CO,ANM,WE,Federal Contract Tower,8,55,64,0,127,0,0,29,1,30,8,55,93,1,157,36,0,36,193
07/24/2023,EGE,CO,ANM,WE,Federal Contract Tower,8,41,34,0,83,0,0,29,0,29,8,41,63,0,112,32,0,32,144
07/25/2023,EGE,CO,ANM,WE,Federal Contract Tower,9,37,34,0,80,0,0,33,23,56,9,37,67,23,136,38,12,50,186
07/26/2023,EGE,CO,ANM,WE,Federal Contract Tower,12,39,41,0,92,0,0,25,18,43,12,39,66,18,135,26,0,26,161
07/27/2023,EGE,CO,ANM,WE,Federal Contract Tower,9,45,42,0,96,0,1,34,12,47,9,46,76,12,143,36,4,40,183
07/28/2023,EGE,CO,ANM,WE,Federal Contract Tower,9,35,40,0,84,0,0,30,12,42,9,35,70,12,126,38,16,54,180
07/29/2023,EGE,CO,ANM,WE,Federal Contract Tower,9,41,35,2,87,0,0,39,9,48,9,41,74,11,135,30,20,50,185
07/30/2023,EGE,CO,ANM,WE,Federal Contract Tower,8,53,65,0,126,0,0,21,0,21,8,53,86,0,147,27,0,27,174
07/31/2023,EGE,CO,ANM,WE,Federal Contract Tower,10,39,46,0,95,0,0,27,0,27,10,39,73,0,122,32,0,32,154
08/01/2023,EGE,CO,ANM,WE,Federal Contract Tower,9,38,46,0,93,0,0,31,23,54,9,38,77,23,147,20,28,48,195
08/02/2023,EGE,CO,ANM,WE,Federal Contract Tower,9,35,26,0,70,0,0,26,22,48,9,35,52,22,118,36,0,36,154
08/03/2023,EGE,CO,ANM,WE,Federal Contract Tower,8,38,36,0,82,0,0,12,14,26,8,38,48,14,108,8,2,10,118
08/04/2023,EGE,CO,ANM,WE,Federal Contract Tower,9,34,47,0,90,0,0,41,19,60,9,34,88,19,150,48,4,52,202
08/05/2023,EGE,CO,ANM,WE,Federal Contract Tower,9,52,40,2,103,0,0,24,2,26,9,52,64,4,129,24,0,24,153
08/06/2023,EGE,CO,ANM,WE,Federal Contract Tower,8,56,65,0,129,0,0,32,1,33,8,56,97,1,162,12,0,12,174
08/07/2023,EGE,CO,ANM,WE,Federal Contract Tower,9,54,42,0,105,0,0,18,0,18,9,54,60,0,123,20,0,20,143
08/08/2023,EGE,CO,ANM,WE,Federal Contract Tower,9,57,40,0,106,0,1,24,22,47,9,58,64,22,153,12,6,18,171
08/09/2023,EGE,CO,ANM,WE,Federal Contract Tower,9,37,33,1,80,0,0,31,20,51,9,37,64,21,131,14,14,28,159
08/10/2023,EGE,CO,ANM,WE,Federal Contract Tower,8,40,50,0,98,0,0,35,14,49,8,40,85,14,147,28,2,30,177
08/11/2023,EGE,CO,ANM,WE,Federal Contract Tower,9,48,50,0,107,0,0,45,10,55,9,48,95,10,162,40,8,48,210
08/12/2023,EGE,CO,ANM,WE,Federal Contract Tower,8,26,32,0,66,0,0,27,1,28,8,26,59,1,94,34,0,34,128
08/13/2023,EGE,CO,ANM,WE,Federal Contract Tower,9,45,70,0,124,0,0,38,0,38,9,45,108,0,162,20,0,20,182
08/14/2023,EGE,CO,ANM,WE,Federal Contract Tower,9,43,31,0,83,0,0,37,0,37,9,43,68,0,120,66,0,66,186
08/15/2023,EGE,CO,ANM,WE,Federal Contract Tower,8,24,31,0,63,0,0,27,8,35,8,24,58,8,98,20,15,35,133
08/16/2023,EGE,CO,ANM,WE,Federal Contract Tower,9,37,31,0,77,0,0,30,6,36,9,37,61,6,113,42,0,42,155
08/17/2023,EGE,CO,ANM,WE,Federal Contract Tower,8,39,36,0,83,0,0,42,6,48,8,39,78,6,131,74,2,76,207
08/18/2023,EGE,CO,ANM,WE,Federal Contract Tower,9,46,29,0,84,0,0,22,7,29,9,46,51,7,113,66,2,68,181
08/19/2023,EGE,CO,ANM,WE,Federal Contract Tower,11,30,26,0,67,0,0,28,1,29,11,30,54,1,96,50,30,80,176
08/20/2023,EGE,CO,ANM,WE,Federal Contract Tower,10,32,58,0,100,0,0,25,2,27,10,32,83,2,127,56,0,56,183
08/21/2023,EGE,CO,ANM,WE,Federal Contract Tower,9,26,26,0,61,0,1,30,1,32,9,27,56,1,93,42,0,42,135
08/22/2023,EGE,CO,ANM,WE,Federal Contract Tower,9,31,30,0,70,0,0,29,13,42,9,31,59,13,112,88,0,88,200
08/23/2023,EGE,CO,ANM,WE,Federal Contract Tower,9,34,31,0,74,0,6,37,20,63,9,40,68,20,137,46,4,50,187
08/24/2023,EGE,CO,ANM,WE,Federal Contract Tower,8,38,47,0,93,0,0,29,14,43,8,38,76,14,136,44,0,44,180
08/25/2023,EGE,CO,ANM,WE,Federal Contract Tower,9,32,23,0,64,0,1,20,8,29,9,33,43,8,93,0,0,0,93
08/26/2023,EGE,CO,ANM,WE,Federal Contract Tower,9,35,20,0,64,0,0,14,0,14,9,35,34,0,78,90,0,90,168
08/27/2023,EGE,CO,ANM,WE,Federal Contract Tower,9,43,52,0,104,0,0,26,2,28,9,43,78,2,132,88,0,88,220
08/28/2023,EGE,CO,ANM,WE,Federal Contract Tower,9,31,30,0,70,0,0,18,0,18,9,31,48,0,88,20,0,20,108
08/29/2023,EGE,CO,ANM,WE,Federal Contract Tower,9,23,39,0,71,0,0,33,26,59,9,23,72,26,130,38,24,62,192
08/30/2023,EGE,CO,ANM,WE,Federal Contract Tower,9,36,23,0,68,0,0,51,18,69,9,36,74,18,137,40,6,46,183
08/31/2023,EGE,CO,ANM,WE,Federal Contract Tower,9,39,35,0,83,0,0,35,8,43,9,39,70,8,126,20,10,30,156
