01/01/2000,EKO,NV,AWP,WE,Federal Contract Tower,1,10,2,0,13,3,0,6,0,9,4,10,8,0,22,4,0,4,26
01/02/2000,EKO,NV,AWP,WE,Federal Contract Tower,6,27,5,0,38,3,1,4,0,8,9,28,9,0,46,6,0,6,52
01/03/2000,EKO,NV,AWP,WE,Federal Contract Tower,7,31,6,0,44,0,0,15,0,15,7,31,21,0,59,0,0,0,59
01/04/2000,EKO,NV,AWP,WE,Federal Contract Tower,4,24,4,0,32,0,5,5,0,10,4,29,9,0,42,0,0,0,42
01/05/2000,EKO,NV,AWP,WE,Federal Contract Tower,5,28,6,0,39,0,9,4,0,13,5,37,10,0,52,16,0,16,68
01/06/2000,EKO,NV,AWP,WE,Federal Contract Tower,6,27,6,0,39,1,5,22,0,28,7,32,28,0,67,44,0,44,111
01/07/2000,EKO,NV,AWP,WE,Federal Contract Tower,6,27,6,0,39,0,0,13,0,13,6,27,19,0,52,6,0,6,58
01/08/2000,EKO,NV,AWP,WE,Federal Contract Tower,5,19,3,0,27,2,0,6,2,10,7,19,9,2,37,22,0,22,59
01/09/2000,EKO,NV,AWP,WE,Federal Contract Tower,6,23,5,0,34,4,0,1,2,7,10,23,6,2,41,18,0,18,59
01/10/2000,EKO,NV,AWP,WE,Federal Contract Tower,6,28,5,0,39,1,0,2,0,3,7,28,7,0,42,0,0,0,42
01/11/2000,EKO,NV,AWP,WE,Federal Contract Tower,5,23,4,0,32,0,4,2,0,6,5,27,6,0,38,0,0,0,38
01/12/2000,EKO,NV,AWP,WE,Federal Contract Tower,6,25,3,1,35,0,3,20,1,24,6,28,23,2,59,0,0,0,59
01/13/2000,EKO,NV,AWP,WE,Federal Contract Tower,7,28,4,0,39,4,0,13,0,17,11,28,17,0,56,2,0,2,58
01/14/2000,EKO,NV,AWP,WE,Federal Contract Tower,7,31,4,0,42,0,0,24,2,26,7,31,28,2,68,8,0,8,76
01/15/2000,EKO,NV,AWP,WE,Federal Contract Tower,5,21,2,0,28,1,1,4,0,6,6,22,6,0,34,10,0,10,44
01/16/2000,EKO,NV,AWP,WE,Federal Contract Tower,6,24,3,0,33,2,1,2,0,5,8,25,5,0,38,2,0,2,40
01/17/2000,EKO,NV,AWP,WE,Federal Contract Tower,5,22,3,0,30,1,4,8,0,13,6,26,11,0,43,12,0,12,55
01/18/2000,EKO,NV,AWP,WE,Federal Contract Tower,7,31,4,0,42,0,3,0,0,3,7,34,4,0,45,0,0,0,45
01/19/2000,EKO,NV,AWP,WE,Federal Contract Tower,5,28,4,0,37,0,2,18,2,22,5,30,22,2,59,4,0,4,63
01/20/2000,EKO,NV,AWP,WE,Federal Contract Tower,7,29,4,0,40,0,0,24,0,24,7,29,28,0,64,14,0,14,78
01/21/2000,EKO,NV,AWP,WE,Federal Contract Tower,7,26,3,0,36,0,3,19,0,22,7,29,22,0,58,56,0,56,114
01/22/2000,EKO,NV,AWP,WE,Federal Contract Tower,4,20,3,0,27,0,0,15,0,15,4,20,18,0,42,8,0,8,50
01/23/2000,EKO,NV,AWP,WE,Federal Contract Tower,7,29,4,0,40,1,0,18,0,19,8,29,22,0,59,36,0,36,95
01/24/2000,EKO,NV,AWP,WE,Federal Contract Tower,6,28,3,0,37,0,1,0,0,1,6,29,3,0,38,0,0,0,38
01/25/2000,EKO,NV,AWP,WE,Federal Contract Tower,6,35,5,0,46,0,1,5,2,8,6,36,10,2,54,2,0,2,56
01/26/2000,EKO,NV,AWP,WE,Federal Contract Tower,5,27,3,0,35,0,0,8,0,8,5,27,11,0,43,6,0,6,49
01/27/2000,EKO,NV,AWP,WE,Federal Contract Tower,4,26,3,0,33,0,2,20,0,22,4,28,23,0,55,8,0,8,63
01/28/2000,EKO,NV,AWP,WE,Federal Contract Tower,7,29,4,0,40,1,0,45,0,46,8,29,49,0,86,12,0,12,98
01/29/2000,EKO,NV,AWP,WE,Federal Contract Tower,5,17,2,0,24,1,0,38,0,39,6,17,40,0,63,42,0,42,105
01/30/2000,EKO,NV,AWP,WE,Federal Contract Tower,4,22,3,0,29,0,0,24,0,24,4,22,27,0,53,12,0,12,65
01/31/2000,EKO,NV,AWP,WE,Federal Contract Tower,5,33,4,0,42,0,3,12,0,15,5,36,16,0,57,0,0,0,57
02/01/2000,EKO,NV,AWP,WE,Federal Contract Tower,6,25,3,0,34,0,4,23,0,27,6,29,26,0,61,14,0,14,75
02/02/2000,EKO,NV,AWP,WE,Federal Contract Tower,4,29,3,0,36,0,2,32,0,34,4,31,35,0,70,24,0,24,94
02/03/2000,EKO,NV,AWP,WE,Federal Contract Tower,7,30,4,0,41,1,0,19,0,20,8,30,23,0,61,18,0,18,79
02/04/2000,EKO,NV,AWP,WE,Federal Contract Tower,6,29,4,0,39,0,1,15,0,16,6,30,19,0,55,36,0,36,91
02/05/2000,EKO,NV,AWP,WE,Federal Contract Tower,4,14,2,0,20,0,3,8,0,11,4,17,10,0,31,36,0,36,67
02/06/2000,EKO,NV,AWP,WE,Federal Contract Tower,5,21,3,0,29,2,2,18,0,22,7,23,21,0,51,2,0,2,53
02/07/2000,EKO,NV,AWP,WE,Federal Contract Tower,6,25,4,0,35,2,4,11,0,17,8,29,15,0,52,0,0,0,52
02/08/2000,EKO,NV,AWP,WE,Federal Contract Tower,7,28,4,0,39,0,2,24,0,26,7,30,28,0,65,0,0,0,65
02/09/2000,EKO,NV,AWP,WE,Federal Contract Tower,5,31,4,0,40,0,3,19,0,22,5,34,23,0,62,0,0,0,62
02/10/2000,EKO,NV,AWP,WE,Federal Contract Tower,7,28,4,0,39,1,0,13,0,14,8,28,17,0,53,10,0,10,63
02/11/2000,EKO,NV,AWP,WE,Federal Contract Tower,5,20,3,0,28,0,3,5,0,8,5,23,8,0,36,0,0,0,36
02/12/2000,EKO,NV,AWP,WE,Federal Contract Tower,4,16,0,0,20,0,3,0,0,3,4,19,0,0,23,0,0,0,23
02/13/2000,EKO,NV,AWP,WE,Federal Contract Tower,4,18,3,0,25,1,0,3,0,4,5,18,6,0,29,6,0,6,35
02/14/2000,EKO,NV,AWP,WE,Federal Contract Tower,7,28,4,0,39,1,3,4,0,8,8,31,8,0,47,6,0,6,53
02/15/2000,EKO,NV,AWP,WE,Federal Contract Tower,6,27,4,0,37,1,2,25,0,28,7,29,29,0,65,0,0,0,65
02/16/2000,EKO,NV,AWP,WE,Federal Contract Tower,4,22,3,0,29,0,4,8,0,12,4,26,11,0,41,0,0,0,41
02/17/2000,EKO,NV,AWP,WE,Federal Contract Tower,8,33,4,0,45,3,0,8,0,11,11,33,12,0,56,0,0,0,56
02/18/2000,EKO,NV,AWP,WE,Federal Contract Tower,7,31,3,0,41,1,1,40,0,42,8,32,43,0,83,8,0,8,91
02/19/2000,EKO,NV,AWP,WE,Federal Contract Tower,4,19,2,0,25,0,2,26,0,28,4,21,28,0,53,10,0,10,63
02/20/2000,EKO,NV,AWP,WE,Federal Contract Tower,5,23,2,0,30,2,0,11,0,13,7,23,13,0,43,10,0,10,53
02/21/2000,EKO,NV,AWP,WE,Federal Contract Tower,6,27,3,0,36,2,1,10,0,13,8,28,13,0,49,8,0,8,57
02/22/2000,EKO,NV,AWP,WE,Federal Contract Tower,6,26,2,0,34,0,2,20,0,22,6,28,22,0,56,6,0,6,62
02/23/2000,EKO,NV,AWP,WE,Federal Contract Tower,4,31,3,0,38,0,2,7,0,9,4,33,10,0,47,2,0,2,49
02/24/2000,EKO,NV,AWP,WE,Federal Contract Tower,8,33,3,0,44,0,0,14,0,14,8,33,17,0,58,0,0,0,58
02/25/2000,EKO,NV,AWP,WE,Federal Contract Tower,7,31,3,0,41,0,0,10,2,12,7,31,13,2,53,12,0,12,65
02/26/2000,EKO,NV,AWP,WE,Federal Contract Tower,5,20,2,0,27,0,0,3,0,3,5,20,5,0,30,0,0,0,30
02/27/2000,EKO,NV,AWP,WE,Federal Contract Tower,6,24,2,0,32,2,0,3,0,5,8,24,5,0,37,0,0,0,37
02/28/2000,EKO,NV,AWP,WE,Federal Contract Tower,6,30,3,0,39,0,0,8,0,8,6,30,11,0,47,50,0,50,97
02/29/2000,EKO,NV,AWP,WE,Federal Contract Tower,4,23,2,0,29,0,1,10,0,11,4,24,12,0,40,22,0,22,62
03/01/2000,EKO,NV,AWP,WE,Federal Contract Tower,4,26,6,0,36,0,2,18,0,20,4,28,24,0,56,6,0,6,62
03/02/2000,EKO,NV,AWP,WE,Federal Contract Tower,8,28,7,0,43,2,0,25,0,27,10,28,32,0,70,12,0,12,82
03/03/2000,EKO,NV,AWP,WE,Federal Contract Tower,6,28,6,0,40,0,0,21,2,23,6,28,27,2,63,16,0,16,79
03/04/2000,EKO,NV,AWP,WE,Federal Contract Tower,5,20,5,0,30,0,2,23,0,25,5,22,28,0,55,6,0,6,61
03/05/2000,EKO,NV,AWP,WE,Federal Contract Tower,6,22,5,0,33,2,0,2,0,4,8,22,7,0,37,0,0,0,37
03/06/2000,EKO,NV,AWP,WE,Federal Contract Tower,6,31,7,0,44,0,3,0,0,3,6,34,7,0,47,0,0,0,47
03/07/2000,EKO,NV,AWP,WE,Federal Contract Tower,5,25,6,0,36,0,0,10,0,10,5,25,16,0,46,0,0,0,46
03/08/2000,EKO,NV,AWP,WE,Federal Contract Tower,3,28,6,0,37,0,4,3,0,7,3,32,9,0,44,0,0,0,44
03/09/2000,EKO,NV,AWP,WE,Federal Contract Tower,5,27,6,0,38,0,1,22,0,23,5,28,28,0,61,0,0,0,61
03/10/2000,EKO,NV,AWP,WE,Federal Contract Tower,7,29,6,0,42,0,0,25,0,25,7,29,31,0,67,10,0,10,77
03/11/2000,EKO,NV,AWP,WE,Federal Contract Tower,4,17,5,0,26,4,0,2,0,6,8,17,7,0,32,36,0,36,68
03/12/2000,EKO,NV,AWP,WE,Federal Contract Tower,4,20,5,0,29,0,2,15,0,17,4,22,20,0,46,38,0,38,84
03/13/2000,EKO,NV,AWP,WE,Federal Contract Tower,6,22,5,0,33,1,6,18,0,25,7,28,23,0,58,4,0,4,62
03/14/2000,EKO,NV,AWP,WE,Federal Contract Tower,7,26,6,0,39,0,4,14,0,18,7,30,20,0,57,4,0,4,61
03/15/2000,EKO,NV,AWP,WE,Federal Contract Tower,4,24,5,0,33,0,7,20,0,27,4,31,25,0,60,8,0,8,68
03/16/2000,EKO,NV,AWP,WE,Federal Contract Tower,6,30,6,0,42,0,0,23,0,23,6,30,29,0,65,10,0,10,75
03/17/2000,EKO,NV,AWP,WE,Federal Contract Tower,6,26,5,0,37,1,2,16,0,19,7,28,21,0,56,12,0,12,68
03/18/2000,EKO,NV,AWP,WE,Federal Contract Tower,3,14,2,0,19,0,3,26,0,29,3,17,28,0,48,32,0,32,80
03/19/2000,EKO,NV,AWP,WE,Federal Contract Tower,6,21,4,0,31,0,0,8,0,8,6,21,12,0,39,0,0,0,39
03/20/2000,EKO,NV,AWP,WE,Federal Contract Tower,6,27,5,0,38,0,3,8,0,11,6,30,13,0,49,12,0,12,61
03/21/2000,EKO,NV,AWP,WE,Federal Contract Tower,6,25,4,0,35,0,7,25,0,32,6,32,29,0,67,22,0,22,89
03/22/2000,EKO,NV,AWP,WE,Federal Contract Tower,6,25,4,0,35,0,7,28,0,35,6,32,32,0,70,50,0,50,120
03/23/2000,EKO,NV,AWP,WE,Federal Contract Tower,7,30,5,0,42,0,2,14,0,16,7,32,19,0,58,12,0,12,70
03/24/2000,EKO,NV,AWP,WE,Federal Contract Tower,7,28,5,0,40,4,5,26,0,35,11,33,31,0,75,18,0,18,93
03/25/2000,EKO,NV,AWP,WE,Federal Contract Tower,4,19,4,0,27,0,0,27,0,27,4,19,31,0,54,30,0,30,84
03/26/2000,EKO,NV,AWP,WE,Federal Contract Tower,5,23,4,0,32,0,2,25,0,27,5,25,29,0,59,12,0,12,71
03/27/2000,EKO,NV,AWP,WE,Federal Contract Tower,6,25,4,0,35,0,2,15,0,17,6,27,19,0,52,4,0,4,56
03/28/2000,EKO,NV,AWP,WE,Federal Contract Tower,6,27,5,0,38,0,3,14,0,17,6,30,19,0,55,2,0,2,57
03/29/2000,EKO,NV,AWP,WE,Federal Contract Tower,6,26,5,0,37,1,2,34,0,37,7,28,39,0,74,0,0,0,74
03/30/2000,EKO,NV,AWP,WE,Federal Contract Tower,4,21,4,0,29,2,6,11,0,19,6,27,15,0,48,0,0,0,48
03/31/2000,EKO,NV,AWP,WE,Federal Contract Tower,5,23,4,0,32,6,0,16,0,22,11,23,20,0,54,12,0,12,66
04/01/2000,EKO,NV,AWP,WE,Federal Contract Tower,5,20,3,0,28,1,0,15,0,16,6,20,18,0,44,8,0,8,52
04/02/2000,EKO,NV,AWP,WE,Federal Contract Tower,5,22,3,0,30,3,1,17,0,21,8,23,20,0,51,20,0,20,71
04/03/2000,EKO,NV,AWP,WE,Federal Contract Tower,6,27,4,0,37,2,3,21,0,26,8,30,25,0,63,6,0,6,69
04/04/2000,EKO,NV,AWP,WE,Federal Contract Tower,5,26,4,0,35,1,6,13,0,20,6,32,17,0,55,12,0,12,67
04/05/2000,EKO,NV,AWP,WE,Federal Contract Tower,5,23,4,0,32,0,5,22,0,27,5,28,26,0,59,4,0,4,63
04/06/2000,EKO,NV,AWP,WE,Federal Contract Tower,6,24,4,0,34,1,5,19,0,25,7,29,23,0,59,18,0,18,77
04/07/2000,EKO,NV,AWP,WE,Federal Contract Tower,8,30,4,0,42,2,3,47,2,54,10,33,51,2,96,14,0,14,110
04/08/2000,EKO,NV,AWP,WE,Federal Contract Tower,6,18,4,0,28,2,0,50,0,52,8,18,54,0,80,8,0,8,88
04/09/2000,EKO,NV,AWP,WE,Federal Contract Tower,8,23,4,0,35,5,0,13,2,20,13,23,17,2,55,2,0,2,57
04/10/2000,EKO,NV,AWP,WE,Federal Contract Tower,4,21,3,0,28,0,7,22,0,29,4,28,25,0,57,2,0,2,59
04/11/2000,EKO,NV,AWP,WE,Federal Contract Tower,5,25,4,0,34,0,5,33,0,38,5,30,37,0,72,42,0,42,114
04/12/2000,EKO,NV,AWP,WE,Federal Contract Tower,6,25,4,0,35,0,11,34,0,45,6,36,38,0,80,8,0,8,88
04/13/2000,EKO,NV,AWP,WE,Federal Contract Tower,6,34,5,0,45,0,3,28,0,31,6,37,33,0,76,20,0,20,96
04/14/2000,EKO,NV,AWP,WE,Federal Contract Tower,7,33,5,0,45,0,1,2,0,3,7,34,7,0,48,8,0,8,56
04/15/2000,EKO,NV,AWP,WE,Federal Contract Tower,6,19,4,0,29,1,0,15,0,16,7,19,19,0,45,8,0,8,53
04/16/2000,EKO,NV,AWP,WE,Federal Contract Tower,7,25,3,0,35,1,2,13,0,16,8,27,16,0,51,14,0,14,65
04/17/2000,EKO,NV,AWP,WE,Federal Contract Tower,8,28,3,0,39,0,2,16,0,18,8,30,19,0,57,0,0,0,57
04/18/2000,EKO,NV,AWP,WE,Federal Contract Tower,4,35,4,0,43,0,0,8,0,8,4,35,12,0,51,0,0,0,51
04/19/2000,EKO,NV,AWP,WE,Federal Contract Tower,5,29,3,0,37,0,3,7,0,10,5,32,10,0,47,6,0,6,53
04/20/2000,EKO,NV,AWP,WE,Federal Contract Tower,7,27,3,0,37,1,2,23,0,26,8,29,26,0,63,10,0,10,73
04/21/2000,EKO,NV,AWP,WE,Federal Contract Tower,7,26,3,0,36,0,3,27,0,30,7,29,30,0,66,10,0,10,76
04/22/2000,EKO,NV,AWP,WE,Federal Contract Tower,4,21,2,0,27,0,2,11,0,13,4,23,13,0,40,24,0,24,64
04/23/2000,EKO,NV,AWP,WE,Federal Contract Tower,6,26,3,0,35,2,1,9,0,12,8,27,12,0,47,12,0,12,59
04/24/2000,EKO,NV,AWP,WE,Federal Contract Tower,6,26,3,0,35,1,4,37,0,42,7,30,40,0,77,0,0,0,77
04/25/2000,EKO,NV,AWP,WE,Federal Contract Tower,5,28,3,0,36,0,3,16,0,19,5,31,19,0,55,16,0,16,71
04/26/2000,EKO,NV,AWP,WE,Federal Contract Tower,5,24,3,0,32,0,5,39,0,44,5,29,42,0,76,0,0,0,76
04/27/2000,EKO,NV,AWP,WE,Federal Contract Tower,8,32,4,0,44,2,0,17,0,19,10,32,21,0,63,22,0,22,85
04/28/2000,EKO,NV,AWP,WE,Federal Contract Tower,6,29,3,0,38,0,2,25,0,27,6,31,28,0,65,8,0,8,73
04/29/2000,EKO,NV,AWP,WE,Federal Contract Tower,4,17,2,0,23,0,4,15,0,19,4,21,17,0,42,2,0,2,44
04/30/2000,EKO,NV,AWP,WE,Federal Contract Tower,6,23,2,0,31,0,1,24,0,25,6,24,26,0,56,14,0,14,70
05/01/2000,EKO,NV,AWP,WE,Federal Contract Tower,8,32,6,0,46,1,0,30,0,31,9,32,36,0,77,4,0,4,81
05/02/2000,EKO,NV,AWP,WE,Federal Contract Tower,4,24,4,0,32,0,7,27,0,34,4,31,31,0,66,4,0,4,70
05/03/2000,EKO,NV,AWP,WE,Federal Contract Tower,3,21,4,0,28,0,7,26,0,33,3,28,30,0,61,2,0,2,63
05/04/2000,EKO,NV,AWP,WE,Federal Contract Tower,6,28,5,0,39,2,0,27,0,29,8,28,32,0,68,34,0,34,102
05/05/2000,EKO,NV,AWP,WE,Federal Contract Tower,6,26,5,0,37,1,0,20,0,21,7,26,25,0,58,0,0,0,58
05/06/2000,EKO,NV,AWP,WE,Federal Contract Tower,4,20,4,0,28,0,0,23,0,23,4,20,27,0,51,8,0,8,59
05/07/2000,EKO,NV,AWP,WE,Federal Contract Tower,5,21,4,0,30,0,0,15,2,17,5,21,19,2,47,8,0,8,55
05/08/2000,EKO,NV,AWP,WE,Federal Contract Tower,10,32,7,0,49,0,0,32,0,32,10,32,39,0,81,24,0,24,105
05/09/2000,EKO,NV,AWP,WE,Federal Contract Tower,4,28,5,0,37,0,6,21,0,27,4,34,26,0,64,0,0,0,64
05/10/2000,EKO,NV,AWP,WE,Federal Contract Tower,5,26,5,0,36,0,3,16,0,19,5,29,21,0,55,0,0,0,55
05/11/2000,EKO,NV,AWP,WE,Federal Contract Tower,6,29,6,0,41,0,1,11,0,12,6,30,17,0,53,2,0,2,55
05/12/2000,EKO,NV,AWP,WE,Federal Contract Tower,6,26,5,0,37,0,7,33,0,40,6,33,38,0,77,24,0,24,101
05/13/2000,EKO,NV,AWP,WE,Federal Contract Tower,4,18,4,0,26,34,2,18,0,54,38,20,22,0,80,6,0,6,86
05/14/2000,EKO,NV,AWP,WE,Federal Contract Tower,6,21,4,0,31,5,0,14,0,19,11,21,18,0,50,0,0,0,50
05/15/2000,EKO,NV,AWP,WE,Federal Contract Tower,7,26,5,0,38,4,6,20,0,30,11,32,25,0,68,2,0,2,70
05/16/2000,EKO,NV,AWP,WE,Federal Contract Tower,2,22,4,0,28,0,9,9,0,18,2,31,13,0,46,2,0,2,48
05/17/2000,EKO,NV,AWP,WE,Federal Contract Tower,5,33,6,0,44,0,2,12,0,14,5,35,18,0,58,12,0,12,70
05/18/2000,EKO,NV,AWP,WE,Federal Contract Tower,7,23,4,0,34,0,0,29,0,29,7,23,33,0,63,28,0,28,91
05/19/2000,EKO,NV,AWP,WE,Federal Contract Tower,6,28,4,1,39,0,8,30,1,39,6,36,34,2,78,22,0,22,100
05/20/2000,EKO,NV,AWP,WE,Federal Contract Tower,4,20,3,0,27,0,1,42,0,43,4,21,45,0,70,24,0,24,94
05/21/2000,EKO,NV,AWP,WE,Federal Contract Tower,6,22,3,0,31,3,0,36,0,39,9,22,39,0,70,20,0,20,90
05/22/2000,EKO,NV,AWP,WE,Federal Contract Tower,6,25,4,0,35,1,7,28,0,36,7,32,32,0,71,8,0,8,79
05/23/2000,EKO,NV,AWP,WE,Federal Contract Tower,6,25,4,0,35,0,6,34,0,40,6,31,38,0,75,18,0,18,93
05/24/2000,EKO,NV,AWP,WE,Federal Contract Tower,4,19,3,0,26,0,9,36,0,45,4,28,39,0,71,4,0,4,75
05/25/2000,EKO,NV,AWP,WE,Federal Contract Tower,7,31,5,0,43,1,5,16,0,22,8,36,21,0,65,10,0,10,75
05/26/2000,EKO,NV,AWP,WE,Federal Contract Tower,6,29,4,0,39,0,4,48,0,52,6,33,52,0,91,2,0,2,93
05/27/2000,EKO,NV,AWP,WE,Federal Contract Tower,6,23,3,0,32,0,1,44,0,45,6,24,47,0,77,12,0,12,89
05/28/2000,EKO,NV,AWP,WE,Federal Contract Tower,5,17,3,0,25,3,0,30,0,33,8,17,33,0,58,16,0,16,74
05/29/2000,EKO,NV,AWP,WE,Federal Contract Tower,5,22,3,0,30,1,1,35,0,37,6,23,38,0,67,22,0,22,89
05/30/2000,EKO,NV,AWP,WE,Federal Contract Tower,5,24,3,0,32,0,6,32,0,38,5,30,35,0,70,6,0,6,76
05/31/2000,EKO,NV,AWP,WE,Federal Contract Tower,3,20,3,0,26,0,12,21,0,33,3,32,24,0,59,14,0,14,73
06/01/2000,EKO,NV,AWP,WE,Federal Contract Tower,6,30,5,0,41,1,4,45,0,50,7,34,50,0,91,22,0,22,113
06/02/2000,EKO,NV,AWP,WE,Federal Contract Tower,5,27,4,0,36,2,4,45,0,51,7,31,49,0,87,16,0,16,103
06/03/2000,EKO,NV,AWP,WE,Federal Contract Tower,3,17,3,0,23,1,2,18,0,21,4,19,21,0,44,20,0,20,64
06/04/2000,EKO,NV,AWP,WE,Federal Contract Tower,6,28,4,0,38,5,0,26,0,31,11,28,30,0,69,32,0,32,101
06/05/2000,EKO,NV,AWP,WE,Federal Contract Tower,7,29,5,0,41,0,8,26,0,34,7,37,31,0,75,2,0,2,77
06/06/2000,EKO,NV,AWP,WE,Federal Contract Tower,4,21,4,0,29,0,9,27,0,36,4,30,31,0,65,4,0,4,69
06/07/2000,EKO,NV,AWP,WE,Federal Contract Tower,3,20,4,0,27,0,10,25,0,35,3,30,29,0,62,2,0,2,64
06/08/2000,EKO,NV,AWP,WE,Federal Contract Tower,7,31,5,0,43,0,1,21,0,22,7,32,26,0,65,4,0,4,69
06/09/2000,EKO,NV,AWP,WE,Federal Contract Tower,7,29,5,0,41,0,0,30,0,30,7,29,35,0,71,2,0,2,73
06/10/2000,EKO,NV,AWP,WE,Federal Contract Tower,6,21,4,0,31,2,0,29,0,31,8,21,33,0,62,10,0,10,72
06/11/2000,EKO,NV,AWP,WE,Federal Contract Tower,7,27,4,0,38,0,1,35,0,36,7,28,39,0,74,2,0,2,76
06/12/2000,EKO,NV,AWP,WE,Federal Contract Tower,6,26,4,0,36,1,9,19,0,29,7,35,23,0,65,0,0,0,65
06/13/2000,EKO,NV,AWP,WE,Federal Contract Tower,6,25,4,0,35,0,5,32,0,37,6,30,36,0,72,0,0,0,72
06/14/2000,EKO,NV,AWP,WE,Federal Contract Tower,7,28,4,0,39,2,5,40,0,47,9,33,44,0,86,12,0,12,98
06/15/2000,EKO,NV,AWP,WE,Federal Contract Tower,6,24,3,0,33,1,4,33,0,38,7,28,36,0,71,6,0,6,77
06/16/2000,EKO,NV,AWP,WE,Federal Contract Tower,5,29,4,0,38,0,4,55,0,59,5,33,59,0,97,10,0,10,107
06/17/2000,EKO,NV,AWP,WE,Federal Contract Tower,4,18,2,0,24,0,3,47,0,50,4,21,49,0,74,13,0,13,87
06/18/2000,EKO,NV,AWP,WE,Federal Contract Tower,5,20,3,0,28,1,0,64,0,65,6,20,67,0,93,10,0,10,103
06/19/2000,EKO,NV,AWP,WE,Federal Contract Tower,6,27,3,0,36,0,6,59,0,65,6,33,62,0,101,2,0,2,103
06/20/2000,EKO,NV,AWP,WE,Federal Contract Tower,7,30,4,0,41,0,1,54,2,57,7,31,58,2,98,8,0,8,106
06/21/2000,EKO,NV,AWP,WE,Federal Contract Tower,3,30,4,0,37,0,3,58,2,63,3,33,62,2,100,16,0,16,116
06/22/2000,EKO,NV,AWP,WE,Federal Contract Tower,7,26,3,0,36,1,0,56,2,59,8,26,59,2,95,24,0,24,119
06/23/2000,EKO,NV,AWP,WE,Federal Contract Tower,6,30,4,0,40,0,6,44,0,50,6,36,48,0,90,14,0,14,104
06/24/2000,EKO,NV,AWP,WE,Federal Contract Tower,4,21,2,0,27,0,3,90,0,93,4,24,92,0,120,36,0,36,156
06/25/2000,EKO,NV,AWP,WE,Federal Contract Tower,5,21,3,0,29,2,0,30,0,32,7,21,33,0,61,18,0,18,79
06/26/2000,EKO,NV,AWP,WE,Federal Contract Tower,7,28,3,0,38,0,4,49,0,53,7,32,52,0,91,14,0,14,105
06/27/2000,EKO,NV,AWP,WE,Federal Contract Tower,4,29,4,0,37,0,6,47,0,53,4,35,51,0,90,8,0,8,98
06/28/2000,EKO,NV,AWP,WE,Federal Contract Tower,4,26,3,0,33,0,7,37,0,44,4,33,40,0,77,52,0,52,129
06/29/2000,EKO,NV,AWP,WE,Federal Contract Tower,8,32,4,0,44,0,3,41,0,44,8,35,45,0,88,4,0,4,92
06/30/2000,EKO,NV,AWP,WE,Federal Contract Tower,6,32,4,0,42,0,12,48,0,60,6,44,52,0,102,14,0,14,116
07/01/2000,EKO,NV,AWP,WE,Federal Contract Tower,5,21,4,0,30,3,0,65,0,68,8,21,69,0,98,12,0,12,110
07/02/2000,EKO,NV,AWP,WE,Federal Contract Tower,4,21,4,0,29,3,0,32,0,35,7,21,36,0,64,36,0,36,100
07/03/2000,EKO,NV,AWP,WE,Federal Contract Tower,2,20,3,0,25,0,7,29,0,36,2,27,32,0,61,4,0,4,65
07/04/2000,EKO,NV,AWP,WE,Federal Contract Tower,4,19,3,0,26,0,2,63,0,65,4,21,66,0,91,0,0,0,91
07/05/2000,EKO,NV,AWP,WE,Federal Contract Tower,5,29,5,0,39,0,1,45,2,48,5,30,50,2,87,16,0,16,103
07/06/2000,EKO,NV,AWP,WE,Federal Contract Tower,5,24,4,0,33,3,6,37,0,46,8,30,41,0,79,22,0,22,101
07/07/2000,EKO,NV,AWP,WE,Federal Contract Tower,5,24,4,0,33,0,5,37,0,42,5,29,41,0,75,8,0,8,83
07/08/2000,EKO,NV,AWP,WE,Federal Contract Tower,5,22,5,0,32,0,0,64,16,80,5,22,69,16,112,44,0,44,156
07/09/2000,EKO,NV,AWP,WE,Federal Contract Tower,5,21,4,0,30,1,2,22,2,27,6,23,26,2,57,60,0,60,117
07/10/2000,EKO,NV,AWP,WE,Federal Contract Tower,6,25,5,0,36,0,5,34,0,39,6,30,39,0,75,16,0,16,91
07/11/2000,EKO,NV,AWP,WE,Federal Contract Tower,4,28,5,0,37,0,9,38,0,47,4,37,43,0,84,4,0,4,88
07/12/2000,EKO,NV,AWP,WE,Federal Contract Tower,5,25,5,0,35,0,10,57,0,67,5,35,62,0,102,4,0,4,106
07/13/2000,EKO,NV,AWP,WE,Federal Contract Tower,6,25,4,0,35,1,1,46,0,48,7,26,50,0,83,4,0,4,87
07/14/2000,EKO,NV,AWP,WE,Federal Contract Tower,6,30,5,0,41,0,6,53,0,59,6,36,58,0,100,0,0,0,100
07/15/2000,EKO,NV,AWP,WE,Federal Contract Tower,5,20,4,0,29,2,1,46,0,49,7,21,50,0,78,24,0,24,102
07/16/2000,EKO,NV,AWP,WE,Federal Contract Tower,6,23,4,0,33,1,2,62,0,65,7,25,66,0,98,22,0,22,120
07/17/2000,EKO,NV,AWP,WE,Federal Contract Tower,5,22,3,0,30,0,9,39,0,48,5,31,42,0,78,2,0,2,80
07/18/2000,EKO,NV,AWP,WE,Federal Contract Tower,2,20,3,0,25,0,10,63,0,73,2,30,66,0,98,14,0,14,112
07/19/2000,EKO,NV,AWP,WE,Federal Contract Tower,6,26,4,0,36,1,7,49,0,57,7,33,53,0,93,0,0,0,93
07/20/2000,EKO,NV,AWP,WE,Federal Contract Tower,6,26,4,0,36,3,10,64,0,77,9,36,68,0,113,44,0,44,157
07/21/2000,EKO,NV,AWP,WE,Federal Contract Tower,6,27,4,0,37,0,7,65,0,72,6,34,69,0,109,0,0,0,109
07/22/2000,EKO,NV,AWP,WE,Federal Contract Tower,4,17,2,0,23,0,7,53,0,60,4,24,55,0,83,24,0,24,107
07/23/2000,EKO,NV,AWP,WE,Federal Contract Tower,6,26,4,0,36,1,3,67,0,71,7,29,71,0,107,4,0,4,111
07/24/2000,EKO,NV,AWP,WE,Federal Contract Tower,6,28,4,0,38,2,9,43,0,54,8,37,47,0,92,4,0,4,96
07/25/2000,EKO,NV,AWP,WE,Federal Contract Tower,4,25,3,0,32,0,7,66,2,75,4,32,69,2,107,2,0,2,109
07/26/2000,EKO,NV,AWP,WE,Federal Contract Tower,5,23,3,0,31,0,7,42,0,49,5,30,45,0,80,0,0,0,80
07/27/2000,EKO,NV,AWP,WE,Federal Contract Tower,7,28,4,0,39,1,5,49,14,69,8,33,53,14,108,26,0,26,134
07/28/2000,EKO,NV,AWP,WE,Federal Contract Tower,6,30,4,0,40,0,0,90,2,92,6,30,94,2,132,26,0,26,158
07/29/2000,EKO,NV,AWP,WE,Federal Contract Tower,6,19,3,0,28,2,0,71,0,73,8,19,74,0,101,32,0,32,133
07/30/2000,EKO,NV,AWP,WE,Federal Contract Tower,6,26,3,0,35,0,0,65,0,65,6,26,68,0,100,8,0,8,108
07/31/2000,EKO,NV,AWP,WE,Federal Contract Tower,5,34,5,0,44,0,1,72,0,73,5,35,77,0,117,12,0,12,129
08/01/2000,EKO,NV,AWP,WE,Federal Contract Tower,4,23,4,0,31,0,6,64,2,72,4,29,68,2,103,14,0,14,117
08/02/2000,EKO,NV,AWP,WE,Federal Contract Tower,4,27,5,0,36,0,3,52,10,65,4,30,57,10,101,12,0,12,113
08/03/2000,EKO,NV,AWP,WE,Federal Contract Tower,5,26,5,0,36,0,5,44,0,49,5,31,49,0,85,0,0,0,85
08/04/2000,EKO,NV,AWP,WE,Federal Contract Tower,5,25,5,0,35,1,7,36,0,44,6,32,41,0,79,4,0,4,83
08/05/2000,EKO,NV,AWP,WE,Federal Contract Tower,3,17,3,0,23,0,5,55,0,60,3,22,58,0,83,4,0,4,87
08/06/2000,EKO,NV,AWP,WE,Federal Contract Tower,5,24,5,0,34,3,0,26,0,29,8,24,31,0,63,2,0,2,65
08/07/2000,EKO,NV,AWP,WE,Federal Contract Tower,6,23,5,0,34,0,8,33,0,41,6,31,38,0,75,0,0,0,75
08/08/2000,EKO,NV,AWP,WE,Federal Contract Tower,6,23,4,0,33,0,3,46,0,49,6,26,50,0,82,8,0,8,90
08/09/2000,EKO,NV,AWP,WE,Federal Contract Tower,5,24,4,1,34,0,6,52,1,59,5,30,56,2,93,10,0,10,103
08/10/2000,EKO,NV,AWP,WE,Federal Contract Tower,8,29,4,0,41,2,5,47,0,54,10,34,51,0,95,2,0,2,97
08/11/2000,EKO,NV,AWP,WE,Federal Contract Tower,6,24,4,0,34,2,8,78,0,88,8,32,82,0,122,26,0,26,148
08/12/2000,EKO,NV,AWP,WE,Federal Contract Tower,6,22,3,0,31,0,3,58,0,61,6,25,61,0,92,14,0,14,106
08/13/2000,EKO,NV,AWP,WE,Federal Contract Tower,7,30,5,1,43,0,0,56,5,61,7,30,61,6,104,10,0,10,114
08/14/2000,EKO,NV,AWP,WE,Federal Contract Tower,5,23,4,0,32,0,9,43,0,52,5,32,47,0,84,0,0,0,84
08/15/2000,EKO,NV,AWP,WE,Federal Contract Tower,5,19,3,0,27,1,5,52,0,58,6,24,55,0,85,0,0,0,85
08/16/2000,EKO,NV,AWP,WE,Federal Contract Tower,6,25,4,1,36,1,10,45,1,57,7,35,49,2,93,8,0,8,101
08/17/2000,EKO,NV,AWP,WE,Federal Contract Tower,7,27,5,1,40,1,8,40,1,50,8,35,45,2,90,0,0,0,90
08/18/2000,EKO,NV,AWP,WE,Federal Contract Tower,6,25,4,0,35,0,6,64,0,70,6,31,68,0,105,0,0,0,105
08/19/2000,EKO,NV,AWP,WE,Federal Contract Tower,5,21,4,1,31,0,0,44,3,47,5,21,48,4,78,4,0,4,82
08/20/2000,EKO,NV,AWP,WE,Federal Contract Tower,6,24,4,0,34,2,1,34,0,37,8,25,38,0,71,30,0,30,101
08/21/2000,EKO,NV,AWP,WE,Federal Contract Tower,6,23,3,1,33,1,5,42,1,49,7,28,45,2,82,6,0,6,88
08/22/2000,EKO,NV,AWP,WE,Federal Contract Tower,6,28,5,0,39,0,4,35,2,41,6,32,40,2,80,18,0,18,98
08/23/2000,EKO,NV,AWP,WE,Federal Contract Tower,6,32,5,0,43,0,3,33,7,43,6,35,38,7,86,4,0,4,90
08/24/2000,EKO,NV,AWP,WE,Federal Contract Tower,6,29,4,0,39,0,7,22,1,30,6,36,26,1,69,4,0,4,73
08/25/2000,EKO,NV,AWP,WE,Federal Contract Tower,6,26,4,0,36,0,9,53,0,62,6,35,57,0,98,8,0,8,106
08/26/2000,EKO,NV,AWP,WE,Federal Contract Tower,4,23,4,0,31,0,0,42,0,42,4,23,46,0,73,22,0,22,95
08/27/2000,EKO,NV,AWP,WE,Federal Contract Tower,6,22,4,0,32,3,0,20,0,23,9,22,24,0,55,16,0,16,71
08/28/2000,EKO,NV,AWP,WE,Federal Contract Tower,8,30,4,0,42,1,4,21,0,26,9,34,25,0,68,2,0,2,70
08/29/2000,EKO,NV,AWP,WE,Federal Contract Tower,8,30,4,0,42,0,1,27,2,30,8,31,31,2,72,6,0,6,78
08/30/2000,EKO,NV,AWP,WE,Federal Contract Tower,7,27,5,0,39,0,0,25,0,25,7,27,30,0,64,12,0,12,76
08/31/2000,EKO,NV,AWP,WE,Federal Contract Tower,7,32,5,0,44,0,3,25,0,28,7,35,30,0,72,2,0,2,74
09/01/2000,EKO,NV,AWP,WE,Federal Contract Tower,6,26,4,0,36,0,5,27,0,32,6,31,31,0,68,0,0,0,68
09/02/2000,EKO,NV,AWP,WE,Federal Contract Tower,5,20,4,0,29,0,0,36,0,36,5,20,40,0,65,28,0,28,93
09/03/2000,EKO,NV,AWP,WE,Federal Contract Tower,5,20,4,0,29,2,0,26,2,30,7,20,30,2,59,8,0,8,67
09/04/2000,EKO,NV,AWP,WE,Federal Contract Tower,5,25,4,0,34,0,0,52,0,52,5,25,56,0,86,22,0,22,108
09/05/2000,EKO,NV,AWP,WE,Federal Contract Tower,7,29,5,0,41,0,6,26,0,32,7,35,31,0,73,30,0,30,103
09/06/2000,EKO,NV,AWP,WE,Federal Contract Tower,5,25,4,0,34,0,10,47,0,57,5,35,51,0,91,34,0,34,125
09/07/2000,EKO,NV,AWP,WE,Federal Contract Tower,5,24,4,0,33,1,7,42,0,50,6,31,46,0,83,18,0,18,101
09/08/2000,EKO,NV,AWP,WE,Federal Contract Tower,5,31,5,0,41,0,5,56,0,61,5,36,61,0,102,18,0,18,120
09/09/2000,EKO,NV,AWP,WE,Federal Contract Tower,5,21,4,0,30,1,1,47,0,49,6,22,51,0,79,6,0,6,85
09/10/2000,EKO,NV,AWP,WE,Federal Contract Tower,5,21,4,0,30,0,6,26,0,32,5,27,30,0,62,4,0,4,66
09/11/2000,EKO,NV,AWP,WE,Federal Contract Tower,6,29,5,0,40,0,6,36,0,42,6,35,41,0,82,0,0,0,82
09/12/2000,EKO,NV,AWP,WE,Federal Contract Tower,5,26,5,0,36,0,6,33,0,39,5,32,38,0,75,8,0,8,83
09/13/2000,EKO,NV,AWP,WE,Federal Contract Tower,5,26,5,0,36,0,2,56,0,58,5,28,61,0,94,10,0,10,104
09/14/2000,EKO,NV,AWP,WE,Federal Contract Tower,5,21,4,0,30,0,7,58,0,65,5,28,62,0,95,6,0,6,101
09/15/2000,EKO,NV,AWP,WE,Federal Contract Tower,6,30,5,0,41,0,9,41,0,50,6,39,46,0,91,6,0,6,97
09/16/2000,EKO,NV,AWP,WE,Federal Contract Tower,5,20,3,0,28,3,0,37,0,40,8,20,40,0,68,10,0,10,78
09/17/2000,EKO,NV,AWP,WE,Federal Contract Tower,4,25,3,0,32,0,4,36,1,41,4,29,39,1,73,10,0,10,83
09/18/2000,EKO,NV,AWP,WE,Federal Contract Tower,7,32,4,0,43,1,3,59,0,63,8,35,63,0,106,8,0,8,114
09/19/2000,EKO,NV,AWP,WE,Federal Contract Tower,6,29,4,0,39,0,5,44,0,49,6,34,48,0,88,6,0,6,94
09/20/2000,EKO,NV,AWP,WE,Federal Contract Tower,4,27,4,0,35,0,2,36,18,56,4,29,40,18,91,4,0,4,95
09/21/2000,EKO,NV,AWP,WE,Federal Contract Tower,6,26,3,0,35,0,4,46,1,51,6,30,49,1,86,6,0,6,92
09/22/2000,EKO,NV,AWP,WE,Federal Contract Tower,4,34,5,0,43,0,4,25,1,30,4,38,30,1,73,0,0,0,73
09/23/2000,EKO,NV,AWP,WE,Federal Contract Tower,4,20,3,0,27,2,0,26,1,29,6,20,29,1,56,124,4,128,184
09/24/2000,EKO,NV,AWP,WE,Federal Contract Tower,4,22,3,0,29,2,0,20,0,22,6,22,23,0,51,30,0,30,81
09/25/2000,EKO,NV,AWP,WE,Federal Contract Tower,6,27,4,0,37,0,8,24,0,32,6,35,28,0,69,26,0,26,95
09/26/2000,EKO,NV,AWP,WE,Federal Contract Tower,4,22,3,0,29,0,11,32,6,49,4,33,35,6,78,14,0,14,92
09/27/2000,EKO,NV,AWP,WE,Federal Contract Tower,5,25,3,0,33,3,5,42,0,50,8,30,45,0,83,4,0,4,87
09/28/2000,EKO,NV,AWP,WE,Federal Contract Tower,7,32,4,0,43,0,3,40,0,43,7,35,44,0,86,4,0,4,90
09/29/2000,EKO,NV,AWP,WE,Federal Contract Tower,6,31,4,0,41,0,8,37,0,45,6,39,41,0,86,22,0,22,108
09/30/2000,EKO,NV,AWP,WE,Federal Contract Tower,4,23,3,0,30,0,4,34,0,38,4,27,37,0,68,16,0,16,84
10/01/2000,EKO,NV,AWP,WE,Federal Contract Tower,5,25,5,0,35,0,3,28,0,31,5,28,33,0,66,28,0,28,94
10/02/2000,EKO,NV,AWP,WE,Federal Contract Tower,5,27,5,0,37,0,6,44,0,50,5,33,49,0,87,14,0,14,101
10/03/2000,EKO,NV,AWP,WE,Federal Contract Tower,5,29,5,0,39,0,6,39,0,45,5,35,44,0,84,4,0,4,88
10/04/2000,EKO,NV,AWP,WE,Federal Contract Tower,7,29,5,0,41,0,11,23,0,34,7,40,28,0,75,2,0,2,77
10/05/2000,EKO,NV,AWP,WE,Federal Contract Tower,7,25,5,0,37,2,10,23,0,35,9,35,28,0,72,8,0,8,80
10/06/2000,EKO,NV,AWP,WE,Federal Contract Tower,8,30,6,0,44,2,9,50,0,61,10,39,56,0,105,12,0,12,117
10/07/2000,EKO,NV,AWP,WE,Federal Contract Tower,5,17,4,0,26,4,0,42,0,46,9,17,46,0,72,8,0,8,80
10/08/2000,EKO,NV,AWP,WE,Federal Contract Tower,6,24,5,0,35,2,1,33,0,36,8,25,38,0,71,18,0,18,89
10/09/2000,EKO,NV,AWP,WE,Federal Contract Tower,7,26,5,0,38,0,4,47,0,51,7,30,52,0,89,8,0,8,97
10/10/2000,EKO,NV,AWP,WE,Federal Contract Tower,5,31,6,0,42,0,0,12,0,12,5,31,18,0,54,0,0,0,54
10/11/2000,EKO,NV,AWP,WE,Federal Contract Tower,5,31,7,0,43,0,0,21,0,21,5,31,28,0,64,0,0,0,64
10/12/2000,EKO,NV,AWP,WE,Federal Contract Tower,8,35,7,0,50,0,6,13,0,19,8,41,20,0,69,2,0,2,71
10/13/2000,EKO,NV,AWP,WE,Federal Contract Tower,8,29,6,0,43,1,0,13,0,14,9,29,19,0,57,6,0,6,63
10/14/2000,EKO,NV,AWP,WE,Federal Contract Tower,6,22,5,0,33,4,0,31,0,35,10,22,36,0,68,26,0,26,94
10/15/2000,EKO,NV,AWP,WE,Federal Contract Tower,8,27,5,0,40,1,2,31,0,34,9,29,36,0,74,6,0,6,80
10/16/2000,EKO,NV,AWP,WE,Federal Contract Tower,7,31,6,0,44,0,5,32,0,37,7,36,38,0,81,10,0,10,91
10/17/2000,EKO,NV,AWP,WE,Federal Contract Tower,5,22,4,0,31,0,10,25,0,35,5,32,29,0,66,2,0,2,68
10/18/2000,EKO,NV,AWP,WE,Federal Contract Tower,6,23,3,0,32,0,7,30,0,37,6,30,33,0,69,4,0,4,73
10/19/2000,EKO,NV,AWP,WE,Federal Contract Tower,6,24,4,0,34,3,5,23,0,31,9,29,27,0,65,16,0,16,81
10/20/2000,EKO,NV,AWP,WE,Federal Contract Tower,7,30,5,0,42,2,3,29,0,34,9,33,34,0,76,26,0,26,102
10/21/2000,EKO,NV,AWP,WE,Federal Contract Tower,8,25,4,0,37,3,0,5,0,8,11,25,9,0,45,0,0,0,45
10/22/2000,EKO,NV,AWP,WE,Federal Contract Tower,8,28,4,0,40,1,0,25,0,26,9,28,29,0,66,10,0,10,76
10/23/2000,EKO,NV,AWP,WE,Federal Contract Tower,7,27,4,0,38,0,9,19,0,28,7,36,23,0,66,10,0,10,76
10/24/2000,EKO,NV,AWP,WE,Federal Contract Tower,3,25,4,0,32,0,9,24,0,33,3,34,28,0,65,12,0,12,77
10/25/2000,EKO,NV,AWP,WE,Federal Contract Tower,7,26,4,0,37,0,0,33,0,33,7,26,37,0,70,18,0,18,88
10/26/2000,EKO,NV,AWP,WE,Federal Contract Tower,7,27,4,0,38,0,1,2,0,3,7,28,6,0,41,0,0,0,41
10/27/2000,EKO,NV,AWP,WE,Federal Contract Tower,6,23,4,0,33,4,0,10,0,14,10,23,14,0,47,4,0,4,51
10/28/2000,EKO,NV,AWP,WE,Federal Contract Tower,5,17,3,0,25,1,0,6,0,7,6,17,9,0,32,0,0,0,32
10/29/2000,EKO,NV,AWP,WE,Federal Contract Tower,7,26,3,0,36,1,0,0,0,1,8,26,3,0,37,0,0,0,37
10/30/2000,EKO,NV,AWP,WE,Federal Contract Tower,5,25,4,0,34,0,2,0,0,2,5,27,4,0,36,0,0,0,36
10/31/2000,EKO,NV,AWP,WE,Federal Contract Tower,6,29,4,0,39,0,2,13,0,15,6,31,17,0,54,0,0,0,54
11/01/2000,EKO,NV,AWP,WE,Federal Contract Tower,4,26,4,0,34,0,5,20,0,25,4,31,24,0,59,0,0,0,59
11/02/2000,EKO,NV,AWP,WE,Federal Contract Tower,5,27,4,0,36,0,7,14,0,21,5,34,18,0,57,4,0,4,61
11/03/2000,EKO,NV,AWP,WE,Federal Contract Tower,6,28,4,0,38,1,8,30,0,39,7,36,34,0,77,38,28,66,143
11/04/2000,EKO,NV,AWP,WE,Federal Contract Tower,3,20,4,0,27,2,0,17,0,19,5,20,21,0,46,30,0,30,76
11/05/2000,EKO,NV,AWP,WE,Federal Contract Tower,3,20,4,0,27,3,1,6,0,10,6,21,10,0,37,6,0,6,43
11/06/2000,EKO,NV,AWP,WE,Federal Contract Tower,3,19,4,0,26,1,5,5,0,11,4,24,9,0,37,0,0,0,37
11/07/2000,EKO,NV,AWP,WE,Federal Contract Tower,4,26,5,0,35,0,5,19,0,24,4,31,24,0,59,26,0,26,85
11/08/2000,EKO,NV,AWP,WE,Federal Contract Tower,1,24,4,0,29,0,7,20,0,27,1,31,24,0,56,2,0,2,58
11/09/2000,EKO,NV,AWP,WE,Federal Contract Tower,3,22,4,0,29,0,1,5,0,6,3,23,9,0,35,0,0,0,35
11/10/2000,EKO,NV,AWP,WE,Federal Contract Tower,4,24,5,0,33,1,0,5,0,6,5,24,10,0,39,2,0,2,41
11/11/2000,EKO,NV,AWP,WE,Federal Contract Tower,4,15,3,0,22,1,0,4,0,5,5,15,7,0,27,0,0,0,27
11/12/2000,EKO,NV,AWP,WE,Federal Contract Tower,4,21,4,0,29,0,1,4,0,5,4,22,8,0,34,2,0,2,36
11/13/2000,EKO,NV,AWP,WE,Federal Contract Tower,2,24,4,0,30,0,2,19,0,21,2,26,23,0,51,12,0,12,63
11/14/2000,EKO,NV,AWP,WE,Federal Contract Tower,3,26,5,0,34,0,3,2,0,5,3,29,7,0,39,2,0,2,41
11/15/2000,EKO,NV,AWP,WE,Federal Contract Tower,3,28,6,0,37,0,0,14,0,14,3,28,20,0,51,0,0,0,51
11/16/2000,EKO,NV,AWP,WE,Federal Contract Tower,4,26,4,0,34,1,0,24,0,25,5,26,28,0,59,4,0,4,63
11/17/2000,EKO,NV,AWP,WE,Federal Contract Tower,4,24,4,0,32,5,0,18,0,23,9,24,22,0,55,34,0,34,89
11/18/2000,EKO,NV,AWP,WE,Federal Contract Tower,3,20,3,0,26,1,1,21,0,23,4,21,24,0,49,46,0,46,95
11/19/2000,EKO,NV,AWP,WE,Federal Contract Tower,3,18,2,0,23,0,1,17,0,18,3,19,19,0,41,58,0,58,99
11/20/2000,EKO,NV,AWP,WE,Federal Contract Tower,3,24,3,0,30,0,5,16,0,21,3,29,19,0,51,6,0,6,57
11/21/2000,EKO,NV,AWP,WE,Federal Contract Tower,2,25,3,0,30,0,8,12,2,22,2,33,15,2,52,12,0,12,64
11/22/2000,EKO,NV,AWP,WE,Federal Contract Tower,2,20,3,0,25,0,9,19,2,30,2,29,22,2,55,2,0,2,57
11/23/2000,EKO,NV,AWP,WE,Federal Contract Tower,2,15,2,0,19,2,0,14,0,16,4,15,16,0,35,2,0,2,37
11/24/2000,EKO,NV,AWP,WE,Federal Contract Tower,2,14,2,0,18,2,6,0,2,10,4,20,2,2,28,0,0,0,28
11/25/2000,EKO,NV,AWP,WE,Federal Contract Tower,2,16,2,0,20,1,3,22,0,26,3,19,24,0,46,42,0,42,88
11/26/2000,EKO,NV,AWP,WE,Federal Contract Tower,5,24,3,0,32,0,0,21,0,21,5,24,24,0,53,38,0,38,91
11/27/2000,EKO,NV,AWP,WE,Federal Contract Tower,2,21,3,0,26,0,8,16,0,24,2,29,19,0,50,30,0,30,80
11/28/2000,EKO,NV,AWP,WE,Federal Contract Tower,4,25,3,0,32,0,4,16,0,20,4,29,19,0,52,28,0,28,80
11/29/2000,EKO,NV,AWP,WE,Federal Contract Tower,3,24,3,0,30,0,3,17,0,20,3,27,20,0,50,0,0,0,50
11/30/2000,EKO,NV,AWP,WE,Federal Contract Tower,3,20,3,0,26,1,1,15,0,17,4,21,18,0,43,32,0,32,75
12/01/2000,EKO,NV,AWP,WE,Federal Contract Tower,2,21,3,0,26,2,3,33,2,40,4,24,36,2,66,8,0,8,74
12/02/2000,EKO,NV,AWP,WE,Federal Contract Tower,1,16,2,0,19,2,0,16,0,18,3,16,18,0,37,46,0,46,83
12/03/2000,EKO,NV,AWP,WE,Federal Contract Tower,3,24,3,0,30,1,2,10,0,13,4,26,13,0,43,14,0,14,57
12/04/2000,EKO,NV,AWP,WE,Federal Contract Tower,3,24,3,0,30,0,13,7,0,20,3,37,10,0,50,6,0,6,56
12/05/2000,EKO,NV,AWP,WE,Federal Contract Tower,2,21,3,0,26,0,4,19,0,23,2,25,22,0,49,12,0,12,61
12/06/2000,EKO,NV,AWP,WE,Federal Contract Tower,3,21,3,0,27,0,0,23,0,23,3,21,26,0,50,4,0,4,54
12/07/2000,EKO,NV,AWP,WE,Federal Contract Tower,3,20,3,0,26,0,5,28,0,33,3,25,31,0,59,4,0,4,63
12/08/2000,EKO,NV,AWP,WE,Federal Contract Tower,4,28,4,0,36,0,0,18,0,18,4,28,22,0,54,4,0,4,58
12/09/2000,EKO,NV,AWP,WE,Federal Contract Tower,2,15,2,0,19,0,1,3,0,4,2,16,5,0,23,2,0,2,25
12/10/2000,EKO,NV,AWP,WE,Federal Contract Tower,3,16,2,0,21,1,3,2,0,6,4,19,4,0,27,2,0,2,29
12/11/2000,EKO,NV,AWP,WE,Federal Contract Tower,3,25,4,0,32,0,5,5,0,10,3,30,9,0,42,0,0,0,42
12/12/2000,EKO,NV,AWP,WE,Federal Contract Tower,2,29,4,0,35,0,3,0,0,3,2,32,4,0,38,0,0,0,38
12/13/2000,EKO,NV,AWP,WE,Federal Contract Tower,4,26,4,0,34,1,4,2,0,7,5,30,6,0,41,0,0,0,41
12/14/2000,EKO,NV,AWP,WE,Federal Contract Tower,4,26,4,0,34,0,0,11,0,11,4,26,15,0,45,8,0,8,53
12/15/2000,EKO,NV,AWP,WE,Federal Contract Tower,3,29,4,0,36,0,3,11,0,14,3,32,15,0,50,0,0,0,50
12/16/2000,EKO,NV,AWP,WE,Federal Contract Tower,3,19,3,0,25,2,0,21,0,23,5,19,24,0,48,6,0,6,54
12/17/2000,EKO,NV,AWP,WE,Federal Contract Tower,4,21,2,0,27,1,1,0,0,2,5,22,2,0,29,4,0,4,33
12/18/2000,EKO,NV,AWP,WE,Federal Contract Tower,3,19,3,0,25,1,5,11,0,17,4,24,14,0,42,20,0,20,62
12/19/2000,EKO,NV,AWP,WE,Federal Contract Tower,3,20,3,0,26,0,2,15,0,17,3,22,18,0,43,16,0,16,59
12/20/2000,EKO,NV,AWP,WE,Federal Contract Tower,2,20,2,0,24,0,6,16,0,22,2,26,18,0,46,0,0,0,46
12/21/2000,EKO,NV,AWP,WE,Federal Contract Tower,3,24,2,0,29,0,8,18,0,26,3,32,20,0,55,2,0,2,57
12/22/2000,EKO,NV,AWP,WE,Federal Contract Tower,4,23,2,0,29,1,4,6,0,11,5,27,8,0,40,16,0,16,56
12/23/2000,EKO,NV,AWP,WE,Federal Contract Tower,4,21,2,0,27,3,0,25,0,28,7,21,27,0,55,48,0,48,103
12/24/2000,EKO,NV,AWP,WE,Federal Contract Tower,3,22,2,0,27,0,0,2,0,2,3,22,4,0,29,2,0,2,31
12/25/2000,EKO,NV,AWP,WE,Federal Contract Tower,2,11,1,0,14,0,3,2,0,5,2,14,3,0,19,0,0,0,19
12/26/2000,EKO,NV,AWP,WE,Federal Contract Tower,4,25,2,0,31,0,7,20,0,27,4,32,22,0,58,2,0,2,60
12/27/2000,EKO,NV,AWP,WE,Federal Contract Tower,1,29,3,0,33,0,1,31,0,32,1,30,34,0,65,4,0,4,69
12/28/2000,EKO,NV,AWP,WE,Federal Contract Tower,4,24,2,0,30,1,0,14,0,15,5,24,16,0,45,4,0,4,49
12/29/2000,EKO,NV,AWP,WE,Federal Contract Tower,2,17,1,0,20,0,5,25,0,30,2,22,26,0,50,6,0,6,56
12/30/2000,EKO,NV,AWP,WE,Federal Contract Tower,2,13,1,0,16,1,0,21,0,22,3,13,22,0,38,16,0,16,54
12/31/2000,EKO,NV,AWP,WE,Federal Contract Tower,3,20,2,0,25,2,0,23,0,25,5,20,25,0,50,4,0,4,54
01/01/2001,EKO,NV,AWP,WE,Federal Contract Tower,2,12,2,0,16,1,0,21,0,22,3,12,23,0,38,42,0,42,80
01/02/2001,EKO,NV,AWP,WE,Federal Contract Tower,5,28,4,0,37,0,8,24,0,32,5,36,28,0,69,6,0,6,75
01/03/2001,EKO,NV,AWP,WE,Federal Contract Tower,4,24,4,0,32,0,5,18,0,23,4,29,22,0,55,34,0,34,89
01/04/2001,EKO,NV,AWP,WE,Federal Contract Tower,3,24,4,0,31,0,6,29,0,35,3,30,33,0,66,36,0,36,102
01/05/2001,EKO,NV,AWP,WE,Federal Contract Tower,4,24,4,0,32,1,4,32,0,37,5,28,36,0,69,38,6,44,113
01/06/2001,EKO,NV,AWP,WE,Federal Contract Tower,2,14,3,0,19,0,6,15,0,21,2,20,18,0,40,36,0,36,76
01/07/2001,EKO,NV,AWP,WE,Federal Contract Tower,3,23,4,0,30,1,1,14,2,18,4,24,18,2,48,10,0,10,58
01/08/2001,EKO,NV,AWP,WE,Federal Contract Tower,2,21,3,0,26,0,5,15,0,20,2,26,18,0,46,6,0,6,52
01/09/2001,EKO,NV,AWP,WE,Federal Contract Tower,2,26,4,0,32,0,0,9,0,9,2,26,13,0,41,6,0,6,47
01/10/2001,EKO,NV,AWP,WE,Federal Contract Tower,3,18,3,0,24,0,5,12,0,17,3,23,15,0,41,4,0,4,45
01/11/2001,EKO,NV,AWP,WE,Federal Contract Tower,3,25,4,0,32,0,2,0,0,2,3,27,4,0,34,0,0,0,34
01/12/2001,EKO,NV,AWP,WE,Federal Contract Tower,2,18,4,0,24,1,0,3,0,4,3,18,7,0,28,18,0,18,46
01/13/2001,EKO,NV,AWP,WE,Federal Contract Tower,2,17,2,0,21,1,3,1,0,5,3,20,3,0,26,0,0,0,26
01/14/2001,EKO,NV,AWP,WE,Federal Contract Tower,2,18,2,0,22,1,3,2,0,6,3,21,4,0,28,32,0,32,60
01/15/2001,EKO,NV,AWP,WE,Federal Contract Tower,2,30,4,0,36,0,0,11,0,11,2,30,15,0,47,2,0,2,49
01/16/2001,EKO,NV,AWP,WE,Federal Contract Tower,2,28,4,0,34,0,8,11,0,19,2,36,15,0,53,6,0,6,59
01/17/2001,EKO,NV,AWP,WE,Federal Contract Tower,3,30,4,0,37,0,0,21,0,21,3,30,25,0,58,16,0,16,74
01/18/2001,EKO,NV,AWP,WE,Federal Contract Tower,3,27,4,0,34,0,4,16,0,20,3,31,20,0,54,16,0,16,70
01/19/2001,EKO,NV,AWP,WE,Federal Contract Tower,0,26,4,0,30,0,3,7,0,10,0,29,11,0,40,2,0,2,42
01/20/2001,EKO,NV,AWP,WE,Federal Contract Tower,2,19,4,0,25,2,0,6,0,8,4,19,10,0,33,6,0,6,39
01/21/2001,EKO,NV,AWP,WE,Federal Contract Tower,1,16,3,0,20,3,1,3,0,7,4,17,6,0,27,6,0,6,33
01/22/2001,EKO,NV,AWP,WE,Federal Contract Tower,3,28,4,0,35,0,10,10,0,20,3,38,14,0,55,10,0,10,65
01/23/2001,EKO,NV,AWP,WE,Federal Contract Tower,2,26,4,0,32,0,4,13,0,17,2,30,17,0,49,28,0,28,77
01/24/2001,EKO,NV,AWP,WE,Federal Contract Tower,2,30,4,0,36,0,3,14,0,17,2,33,18,0,53,6,0,6,59
01/25/2001,EKO,NV,AWP,WE,Federal Contract Tower,2,22,3,0,27,0,7,5,0,12,2,29,8,0,39,0,0,0,39
01/26/2001,EKO,NV,AWP,WE,Federal Contract Tower,3,28,5,0,36,1,0,4,0,5,4,28,9,0,41,0,0,0,41
01/27/2001,EKO,NV,AWP,WE,Federal Contract Tower,1,16,3,0,20,1,2,16,0,19,2,18,19,0,39,16,0,16,55
01/28/2001,EKO,NV,AWP,WE,Federal Contract Tower,2,25,4,0,31,1,3,15,0,19,3,28,19,0,50,24,0,24,74
01/29/2001,EKO,NV,AWP,WE,Federal Contract Tower,3,26,4,0,33,0,4,4,0,8,3,30,8,0,41,8,0,8,49
01/30/2001,EKO,NV,AWP,WE,Federal Contract Tower,1,22,3,0,26,0,11,14,0,25,1,33,17,0,51,6,0,6,57
01/31/2001,EKO,NV,AWP,WE,Federal Contract Tower,3,32,6,0,41,0,0,32,0,32,3,32,38,0,73,12,0,12,85
02/01/2001,EKO,NV,AWP,WE,Federal Contract Tower,2,30,5,0,37,0,3,35,0,38,2,33,40,0,75,4,0,4,79
02/02/2001,EKO,NV,AWP,WE,Federal Contract Tower,4,25,4,0,33,0,5,14,0,19,4,30,18,0,52,6,0,6,58
02/03/2001,EKO,NV,AWP,WE,Federal Contract Tower,2,19,4,0,25,0,3,5,0,8,2,22,9,0,33,16,0,16,49
02/04/2001,EKO,NV,AWP,WE,Federal Contract Tower,4,19,4,0,27,0,0,35,0,35,4,19,39,0,62,16,0,16,78
02/05/2001,EKO,NV,AWP,WE,Federal Contract Tower,2,24,4,0,30,0,0,24,0,24,2,24,28,0,54,16,0,16,70
02/06/2001,EKO,NV,AWP,WE,Federal Contract Tower,2,24,4,0,30,0,11,5,2,18,2,35,9,2,48,8,0,8,56
02/07/2001,EKO,NV,AWP,WE,Federal Contract Tower,2,29,6,0,37,0,2,10,0,12,2,31,16,0,49,10,0,10,59
02/08/2001,EKO,NV,AWP,WE,Federal Contract Tower,2,18,3,0,23,0,7,10,0,17,2,25,13,0,40,0,0,0,40
02/09/2001,EKO,NV,AWP,WE,Federal Contract Tower,3,33,6,0,42,0,2,6,0,8,3,35,12,0,50,0,0,0,50
02/10/2001,EKO,NV,AWP,WE,Federal Contract Tower,2,12,3,0,17,1,2,1,0,4,3,14,4,0,21,2,0,2,23
02/11/2001,EKO,NV,AWP,WE,Federal Contract Tower,3,19,4,0,26,0,0,4,4,8,3,19,8,4,34,6,0,6,40
02/12/2001,EKO,NV,AWP,WE,Federal Contract Tower,3,21,4,0,28,0,1,1,4,6,3,22,5,4,34,0,0,0,34
02/13/2001,EKO,NV,AWP,WE,Federal Contract Tower,2,28,5,0,35,0,4,5,0,9,2,32,10,0,44,2,0,2,46
02/14/2001,EKO,NV,AWP,WE,Federal Contract Tower,3,27,4,0,34,0,7,15,0,22,3,34,19,0,56,4,0,4,60
02/15/2001,EKO,NV,AWP,WE,Federal Contract Tower,3,23,4,0,30,0,9,13,0,22,3,32,17,0,52,14,0,14,66
02/16/2001,EKO,NV,AWP,WE,Federal Contract Tower,3,25,4,0,32,2,4,23,0,29,5,29,27,0,61,14,0,14,75
02/17/2001,EKO,NV,AWP,WE,Federal Contract Tower,2,17,3,0,22,1,4,14,0,19,3,21,17,0,41,32,0,32,73
02/18/2001,EKO,NV,AWP,WE,Federal Contract Tower,3,24,4,0,31,1,3,12,0,16,4,27,16,0,47,20,0,20,67
02/19/2001,EKO,NV,AWP,WE,Federal Contract Tower,2,18,3,0,23,2,3,9,0,14,4,21,12,0,37,22,0,22,59
02/20/2001,EKO,NV,AWP,WE,Federal Contract Tower,3,29,6,0,38,2,4,15,0,21,5,33,21,0,59,6,0,6,65
02/21/2001,EKO,NV,AWP,WE,Federal Contract Tower,1,21,4,0,26,0,10,15,1,26,1,31,19,1,52,8,0,8,60
02/22/2001,EKO,NV,AWP,WE,Federal Contract Tower,3,26,4,0,33,1,0,34,0,35,4,26,38,0,68,18,0,18,86
02/23/2001,EKO,NV,AWP,WE,Federal Contract Tower,2,24,4,0,30,0,1,15,0,16,2,25,19,0,46,0,0,0,46
02/24/2001,EKO,NV,AWP,WE,Federal Contract Tower,2,20,4,0,26,2,0,28,0,30,4,20,32,0,56,2,0,2,58
02/25/2001,EKO,NV,AWP,WE,Federal Contract Tower,3,22,5,0,30,5,0,19,0,24,8,22,24,0,54,2,0,2,56
02/26/2001,EKO,NV,AWP,WE,Federal Contract Tower,2,23,4,0,29,1,5,19,0,25,3,28,23,0,54,6,0,6,60
02/27/2001,EKO,NV,AWP,WE,Federal Contract Tower,3,27,5,0,35,1,7,25,0,33,4,34,30,0,68,4,0,4,72
02/28/2001,EKO,NV,AWP,WE,Federal Contract Tower,2,25,4,0,31,0,3,31,0,34,2,28,35,0,65,16,0,16,81
03/01/2001,EKO,NV,AWP,WE,Federal Contract Tower,4,25,6,0,35,0,0,44,0,44,4,25,50,0,79,8,0,8,87
03/02/2001,EKO,NV,AWP,WE,Federal Contract Tower,3,29,4,0,36,0,4,9,0,13,3,33,13,0,49,2,0,2,51
03/03/2001,EKO,NV,AWP,WE,Federal Contract Tower,3,20,4,0,27,0,2,18,0,20,3,22,22,0,47,30,0,30,77
03/04/2001,EKO,NV,AWP,WE,Federal Contract Tower,4,22,5,0,31,1,0,13,0,14,5,22,18,0,45,0,0,0,45
03/05/2001,EKO,NV,AWP,WE,Federal Contract Tower,3,23,4,0,30,0,6,11,0,17,3,29,15,0,47,60,0,60,107
03/06/2001,EKO,NV,AWP,WE,Federal Contract Tower,2,25,4,0,31,0,3,19,0,22,2,28,23,0,53,48,0,48,101
03/07/2001,EKO,NV,AWP,WE,Federal Contract Tower,2,23,4,0,29,0,7,17,0,24,2,30,21,0,53,16,0,16,69
03/08/2001,EKO,NV,AWP,WE,Federal Contract Tower,2,21,4,0,27,0,9,23,0,32,2,30,27,0,59,10,0,10,69
03/09/2001,EKO,NV,AWP,WE,Federal Contract Tower,4,27,5,0,36,0,5,0,0,5,4,32,5,0,41,2,0,2,43
03/10/2001,EKO,NV,AWP,WE,Federal Contract Tower,2,17,1,0,20,0,4,0,0,4,2,21,1,0,24,4,0,4,28
03/11/2001,EKO,NV,AWP,WE,Federal Contract Tower,3,23,5,0,31,0,0,12,0,12,3,23,17,0,43,2,0,2,45
03/12/2001,EKO,NV,AWP,WE,Federal Contract Tower,3,23,4,0,30,0,2,24,0,26,3,25,28,0,56,28,0,28,84
03/13/2001,EKO,NV,AWP,WE,Federal Contract Tower,2,19,4,0,25,0,3,28,0,31,2,22,32,0,56,2,0,2,58
03/14/2001,EKO,NV,AWP,WE,Federal Contract Tower,2,27,5,0,34,0,0,28,0,28,2,27,33,0,62,10,0,10,72
03/15/2001,EKO,NV,AWP,WE,Federal Contract Tower,3,24,4,0,31,0,5,23,0,28,3,29,27,0,59,16,0,16,75
03/16/2001,EKO,NV,AWP,WE,Federal Contract Tower,4,27,3,0,34,0,0,7,0,7,4,27,10,0,41,0,0,0,41
03/17/2001,EKO,NV,AWP,WE,Federal Contract Tower,3,21,3,0,27,2,1,17,0,20,5,22,20,0,47,38,0,38,85
03/18/2001,EKO,NV,AWP,WE,Federal Contract Tower,2,20,3,0,25,0,0,10,0,10,2,20,13,0,35,6,0,6,41
03/19/2001,EKO,NV,AWP,WE,Federal Contract Tower,3,27,4,0,34,2,0,18,0,20,5,27,22,0,54,0,0,0,54
03/20/2001,EKO,NV,AWP,WE,Federal Contract Tower,2,27,3,0,32,0,10,30,0,40,2,37,33,0,72,4,0,4,76
03/21/2001,EKO,NV,AWP,WE,Federal Contract Tower,3,30,5,1,39,1,0,10,3,14,4,30,15,4,53,8,0,8,61
03/22/2001,EKO,NV,AWP,WE,Federal Contract Tower,2,24,4,0,30,1,4,30,0,35,3,28,34,0,65,6,0,6,71
03/23/2001,EKO,NV,AWP,WE,Federal Contract Tower,3,29,5,0,37,1,5,14,0,20,4,34,19,0,57,8,0,8,65
03/24/2001,EKO,NV,AWP,WE,Federal Contract Tower,2,17,3,0,22,2,0,27,0,29,4,17,30,0,51,68,0,68,119
03/25/2001,EKO,NV,AWP,WE,Federal Contract Tower,2,23,4,0,29,1,0,21,0,22,3,23,25,0,51,12,0,12,63
03/26/2001,EKO,NV,AWP,WE,Federal Contract Tower,2,18,3,0,23,0,7,14,0,21,2,25,17,0,44,22,0,22,66
03/27/2001,EKO,NV,AWP,WE,Federal Contract Tower,2,21,4,0,27,0,7,13,0,20,2,28,17,0,47,20,0,20,67
03/28/2001,EKO,NV,AWP,WE,Federal Contract Tower,2,22,4,0,28,0,13,9,0,22,2,35,13,0,50,18,0,18,68
03/29/2001,EKO,NV,AWP,WE,Federal Contract Tower,3,25,4,0,32,0,10,19,0,29,3,35,23,0,61,12,0,12,73
03/30/2001,EKO,NV,AWP,WE,Federal Contract Tower,3,26,4,0,33,2,0,44,0,46,5,26,48,0,79,14,0,14,93
03/31/2001,EKO,NV,AWP,WE,Federal Contract Tower,1,16,3,0,20,1,5,25,0,31,2,21,28,0,51,0,0,0,51
04/01/2001,EKO,NV,AWP,WE,Federal Contract Tower,4,26,4,0,34,0,0,17,2,19,4,26,21,2,53,2,0,2,55
04/02/2001,EKO,NV,AWP,WE,Federal Contract Tower,3,25,3,0,31,0,5,15,0,20,3,30,18,0,51,0,0,0,51
04/03/2001,EKO,NV,AWP,WE,Federal Contract Tower,2,34,2,0,38,0,4,10,0,14,2,38,12,0,52,4,0,4,56
04/04/2001,EKO,NV,AWP,WE,Federal Contract Tower,2,26,3,0,31,0,5,24,0,29,2,31,27,0,60,6,0,6,66
04/05/2001,EKO,NV,AWP,WE,Federal Contract Tower,2,28,3,0,33,0,3,19,0,22,2,31,22,0,55,34,0,34,89
04/06/2001,EKO,NV,AWP,WE,Federal Contract Tower,4,26,1,0,31,0,2,6,0,8,4,28,7,0,39,8,0,8,47
04/07/2001,EKO,NV,AWP,WE,Federal Contract Tower,2,18,0,0,20,0,2,0,0,2,2,20,0,0,22,0,0,0,22
04/08/2001,EKO,NV,AWP,WE,Federal Contract Tower,3,22,3,0,28,0,1,2,0,3,3,23,5,0,31,34,0,34,65
04/09/2001,EKO,NV,AWP,WE,Federal Contract Tower,3,28,8,0,39,0,4,8,0,12,3,32,16,0,51,16,0,16,67
04/10/2001,EKO,NV,AWP,WE,Federal Contract Tower,2,27,6,0,35,0,4,10,0,14,2,31,16,0,49,56,0,56,105
04/11/2001,EKO,NV,AWP,WE,Federal Contract Tower,2,31,4,0,37,0,2,5,0,7,2,33,9,0,44,8,0,8,52
04/12/2001,EKO,NV,AWP,WE,Federal Contract Tower,2,28,4,0,34,0,2,19,0,21,2,30,23,0,55,0,0,0,55
04/13/2001,EKO,NV,AWP,WE,Federal Contract Tower,4,26,2,0,32,0,4,32,0,36,4,30,34,0,68,22,0,22,90
04/14/2001,EKO,NV,AWP,WE,Federal Contract Tower,2,18,4,0,24,2,0,28,0,30,4,18,32,0,54,34,0,34,88
04/15/2001,EKO,NV,AWP,WE,Federal Contract Tower,3,25,2,0,30,0,3,23,0,26,3,28,25,0,56,18,0,18,74
04/16/2001,EKO,NV,AWP,WE,Federal Contract Tower,3,26,1,0,30,0,4,25,0,29,3,30,26,0,59,12,0,12,71
04/17/2001,EKO,NV,AWP,WE,Federal Contract Tower,4,26,4,0,34,0,5,22,0,27,4,31,26,0,61,24,0,24,85
04/18/2001,EKO,NV,AWP,WE,Federal Contract Tower,3,24,6,0,33,0,1,17,0,18,3,25,23,0,51,40,0,40,91
04/19/2001,EKO,NV,AWP,WE,Federal Contract Tower,3,28,11,0,42,0,2,16,0,18,3,30,27,0,60,0,0,0,60
04/20/2001,EKO,NV,AWP,WE,Federal Contract Tower,3,30,4,2,39,0,0,11,0,11,3,30,15,2,50,2,0,2,52
04/21/2001,EKO,NV,AWP,WE,Federal Contract Tower,2,21,2,0,25,0,0,1,0,1,2,21,3,0,26,2,0,2,28
04/22/2001,EKO,NV,AWP,WE,Federal Contract Tower,3,23,3,0,29,0,0,19,0,19,3,23,22,0,48,18,0,18,66
04/23/2001,EKO,NV,AWP,WE,Federal Contract Tower,4,29,4,0,37,0,4,26,0,30,4,33,30,0,67,6,0,6,73
04/24/2001,EKO,NV,AWP,WE,Federal Contract Tower,2,26,0,0,28,0,3,34,0,37,2,29,34,0,65,24,0,24,89
04/25/2001,EKO,NV,AWP,WE,Federal Contract Tower,3,30,3,0,36,1,2,29,0,32,4,32,32,0,68,28,0,28,96
04/26/2001,EKO,NV,AWP,WE,Federal Contract Tower,6,26,1,0,33,1,4,23,0,28,7,30,24,0,61,4,0,4,65
04/27/2001,EKO,NV,AWP,WE,Federal Contract Tower,4,26,1,0,31,0,3,40,0,43,4,29,41,0,74,8,0,8,82
04/28/2001,EKO,NV,AWP,WE,Federal Contract Tower,3,18,3,0,24,0,2,27,0,29,3,20,30,0,53,6,0,6,59
04/29/2001,EKO,NV,AWP,WE,Federal Contract Tower,3,24,1,0,28,0,1,24,0,25,3,25,25,0,53,24,0,24,77
04/30/2001,EKO,NV,AWP,WE,Federal Contract Tower,3,26,0,0,29,0,6,21,0,27,3,32,21,0,56,16,0,16,72
05/01/2001,EKO,NV,AWP,WE,Federal Contract Tower,1,31,3,0,35,1,1,19,0,21,2,32,22,0,56,0,0,0,56
05/02/2001,EKO,NV,AWP,WE,Federal Contract Tower,2,26,2,0,30,0,3,11,0,14,2,29,13,0,44,4,0,4,48
05/03/2001,EKO,NV,AWP,WE,Federal Contract Tower,2,26,3,0,31,0,4,14,0,18,2,30,17,0,49,0,0,0,49
05/04/2001,EKO,NV,AWP,WE,Federal Contract Tower,3,24,1,0,28,0,9,27,0,36,3,33,28,0,64,10,0,10,74
05/05/2001,EKO,NV,AWP,WE,Federal Contract Tower,5,22,0,0,27,0,1,24,0,25,5,23,24,0,52,16,0,16,68
05/06/2001,EKO,NV,AWP,WE,Federal Contract Tower,5,23,0,0,28,0,0,20,0,20,5,23,20,0,48,18,0,18,66
05/07/2001,EKO,NV,AWP,WE,Federal Contract Tower,2,24,0,0,26,0,4,24,0,28,2,28,24,0,54,4,0,4,58
05/08/2001,EKO,NV,AWP,WE,Federal Contract Tower,2,23,5,0,30,0,4,31,0,35,2,27,36,0,65,24,0,24,89
05/09/2001,EKO,NV,AWP,WE,Federal Contract Tower,2,25,1,0,28,0,5,46,0,51,2,30,47,0,79,10,0,10,89
05/10/2001,EKO,NV,AWP,WE,Federal Contract Tower,3,24,2,0,29,0,13,19,0,32,3,37,21,0,61,6,0,6,67
05/11/2001,EKO,NV,AWP,WE,Federal Contract Tower,2,24,1,0,27,0,3,52,0,55,2,27,53,0,82,0,0,0,82
05/12/2001,EKO,NV,AWP,WE,Federal Contract Tower,2,21,0,0,23,0,1,14,0,15,2,22,14,0,38,12,0,12,50
05/13/2001,EKO,NV,AWP,WE,Federal Contract Tower,3,26,1,0,30,0,0,20,0,20,3,26,21,0,50,0,0,0,50
05/14/2001,EKO,NV,AWP,WE,Federal Contract Tower,2,27,0,0,29,0,4,16,0,20,2,31,16,0,49,0,0,0,49
05/15/2001,EKO,NV,AWP,WE,Federal Contract Tower,2,27,6,0,35,0,4,15,0,19,2,31,21,0,54,0,0,0,54
05/16/2001,EKO,NV,AWP,WE,Federal Contract Tower,2,24,2,0,28,0,3,13,0,16,2,27,15,0,44,28,0,28,72
05/17/2001,EKO,NV,AWP,WE,Federal Contract Tower,4,24,2,0,30,0,1,28,0,29,4,25,30,0,59,0,0,0,59
05/18/2001,EKO,NV,AWP,WE,Federal Contract Tower,4,31,3,0,38,0,2,21,0,23,4,33,24,0,61,8,0,8,69
05/19/2001,EKO,NV,AWP,WE,Federal Contract Tower,2,20,1,0,23,0,0,59,16,75,2,20,60,16,98,16,0,16,114
05/20/2001,EKO,NV,AWP,WE,Federal Contract Tower,4,21,4,1,30,0,0,28,1,29,4,21,32,2,59,4,0,4,63
05/21/2001,EKO,NV,AWP,WE,Federal Contract Tower,3,23,0,0,26,0,7,43,2,52,3,30,43,2,78,8,0,8,86
05/22/2001,EKO,NV,AWP,WE,Federal Contract Tower,2,24,2,0,28,0,10,30,0,40,2,34,32,0,68,4,0,4,72
05/23/2001,EKO,NV,AWP,WE,Federal Contract Tower,2,26,3,0,31,0,4,22,0,26,2,30,25,0,57,14,0,14,71
05/24/2001,EKO,NV,AWP,WE,Federal Contract Tower,2,23,0,0,25,0,6,36,0,42,2,29,36,0,67,8,0,8,75
05/25/2001,EKO,NV,AWP,WE,Federal Contract Tower,3,27,0,0,30,0,4,38,0,42,3,31,38,0,72,14,0,14,86
05/26/2001,EKO,NV,AWP,WE,Federal Contract Tower,2,16,3,0,21,0,3,16,0,19,2,19,19,0,40,2,0,2,42
05/27/2001,EKO,NV,AWP,WE,Federal Contract Tower,4,20,0,0,24,0,1,26,0,27,4,21,26,0,51,12,0,12,63
05/28/2001,EKO,NV,AWP,WE,Federal Contract Tower,3,22,2,0,27,0,1,35,0,36,3,23,37,0,63,54,0,54,117
05/29/2001,EKO,NV,AWP,WE,Federal Contract Tower,2,26,2,0,30,0,2,29,0,31,2,28,31,0,61,12,0,12,73
05/30/2001,EKO,NV,AWP,WE,Federal Contract Tower,2,25,4,0,31,0,2,32,0,34,2,27,36,0,65,10,0,10,75
05/31/2001,EKO,NV,AWP,WE,Federal Contract Tower,3,28,3,0,34,0,8,34,0,42,3,36,37,0,76,2,0,2,78
06/01/2001,EKO,NV,AWP,WE,Federal Contract Tower,1,21,1,0,23,7,12,28,0,47,8,33,29,0,70,6,0,6,76
06/02/2001,EKO,NV,AWP,WE,Federal Contract Tower,2,24,2,0,28,0,0,25,1,26,2,24,27,1,54,4,0,4,58
06/03/2001,EKO,NV,AWP,WE,Federal Contract Tower,3,29,2,0,34,0,2,36,0,38,3,31,38,0,72,6,0,6,78
06/04/2001,EKO,NV,AWP,WE,Federal Contract Tower,2,24,4,0,30,0,6,24,0,30,2,30,28,0,60,20,0,20,80
06/05/2001,EKO,NV,AWP,WE,Federal Contract Tower,3,24,2,0,29,0,3,38,0,41,3,27,40,0,70,0,0,0,70
06/06/2001,EKO,NV,AWP,WE,Federal Contract Tower,4,22,11,0,37,0,8,27,0,35,4,30,38,0,72,16,0,16,88
06/07/2001,EKO,NV,AWP,WE,Federal Contract Tower,3,22,12,0,37,0,7,51,0,58,3,29,63,0,95,10,0,10,105
06/08/2001,EKO,NV,AWP,WE,Federal Contract Tower,3,28,4,0,35,0,5,36,0,41,3,33,40,0,76,12,0,12,88
06/09/2001,EKO,NV,AWP,WE,Federal Contract Tower,4,23,7,0,34,0,2,39,20,61,4,25,46,20,95,18,0,18,113
06/10/2001,EKO,NV,AWP,WE,Federal Contract Tower,4,20,4,0,28,0,2,52,1,55,4,22,56,1,83,8,0,8,91
06/11/2001,EKO,NV,AWP,WE,Federal Contract Tower,3,26,3,0,32,0,3,39,0,42,3,29,42,0,74,10,0,10,84
06/12/2001,EKO,NV,AWP,WE,Federal Contract Tower,4,27,4,0,35,0,7,19,0,26,4,34,23,0,61,4,0,4,65
06/13/2001,EKO,NV,AWP,WE,Federal Contract Tower,2,26,6,0,34,0,5,22,0,27,2,31,28,0,61,10,0,10,71
06/14/2001,EKO,NV,AWP,WE,Federal Contract Tower,7,24,2,0,33,0,2,57,0,59,7,26,59,0,92,59,0,59,151
06/15/2001,EKO,NV,AWP,WE,Federal Contract Tower,3,24,4,0,31,0,4,49,0,53,3,28,53,0,84,32,0,32,116
06/16/2001,EKO,NV,AWP,WE,Federal Contract Tower,3,15,3,0,21,0,1,36,0,37,3,16,39,0,58,2,0,2,60
06/17/2001,EKO,NV,AWP,WE,Federal Contract Tower,1,23,2,0,26,0,6,42,0,48,1,29,44,0,74,22,0,22,96
06/18/2001,EKO,NV,AWP,WE,Federal Contract Tower,2,26,2,0,30,0,8,44,0,52,2,34,46,0,82,58,0,58,140
06/19/2001,EKO,NV,AWP,WE,Federal Contract Tower,6,22,4,0,32,0,5,51,0,56,6,27,55,0,88,60,0,60,148
06/20/2001,EKO,NV,AWP,WE,Federal Contract Tower,2,22,1,0,25,0,11,53,0,64,2,33,54,0,89,32,0,32,121
06/21/2001,EKO,NV,AWP,WE,Federal Contract Tower,5,26,8,0,39,0,3,62,2,67,5,29,70,2,106,6,0,6,112
06/22/2001,EKO,NV,AWP,WE,Federal Contract Tower,4,22,5,0,31,0,5,37,0,42,4,27,42,0,73,26,0,26,99
06/23/2001,EKO,NV,AWP,WE,Federal Contract Tower,4,18,0,0,22,0,5,26,0,31,4,23,26,0,53,0,0,0,53
06/24/2001,EKO,NV,AWP,WE,Federal Contract Tower,3,24,6,0,33,0,9,30,2,41,3,33,36,2,74,2,0,2,76
06/25/2001,EKO,NV,AWP,WE,Federal Contract Tower,3,26,1,0,30,0,7,30,0,37,3,33,31,0,67,20,0,20,87
06/26/2001,EKO,NV,AWP,WE,Federal Contract Tower,3,30,5,0,38,0,6,37,0,43,3,36,42,0,81,11,0,11,92
06/27/2001,EKO,NV,AWP,WE,Federal Contract Tower,4,24,4,0,32,0,4,27,2,33,4,28,31,2,65,2,0,2,67
06/28/2001,EKO,NV,AWP,WE,Federal Contract Tower,4,24,8,0,36,0,3,31,0,34,4,27,39,0,70,12,0,12,82
06/29/2001,EKO,NV,AWP,WE,Federal Contract Tower,2,21,4,0,27,1,8,50,0,59,3,29,54,0,86,32,0,32,118
06/30/2001,EKO,NV,AWP,WE,Federal Contract Tower,2,18,7,0,27,0,1,31,0,32,2,19,38,0,59,56,0,56,115
07/01/2001,EKO,NV,AWP,WE,Federal Contract Tower,5,12,3,0,20,0,3,19,0,22,5,15,22,0,42,20,0,20,62
07/02/2001,EKO,NV,AWP,WE,Federal Contract Tower,3,19,3,0,25,0,4,34,0,38,3,23,37,0,63,10,0,10,73
07/03/2001,EKO,NV,AWP,WE,Federal Contract Tower,3,19,2,0,24,0,3,20,0,23,3,22,22,0,47,6,0,6,53
07/04/2001,EKO,NV,AWP,WE,Federal Contract Tower,5,17,5,0,27,0,2,30,0,32,5,19,35,0,59,0,0,0,59
07/05/2001,EKO,NV,AWP,WE,Federal Contract Tower,7,22,6,0,35,0,3,60,3,66,7,25,66,3,101,0,0,0,101
07/06/2001,EKO,NV,AWP,WE,Federal Contract Tower,4,18,7,0,29,0,7,60,2,69,4,25,67,2,98,10,0,10,108
07/07/2001,EKO,NV,AWP,WE,Federal Contract Tower,4,17,5,0,26,0,2,30,0,32,4,19,35,0,58,14,0,14,72
07/08/2001,EKO,NV,AWP,WE,Federal Contract Tower,2,22,3,0,27,0,2,41,1,44,2,24,44,1,71,10,0,10,81
07/09/2001,EKO,NV,AWP,WE,Federal Contract Tower,3,25,1,0,29,0,4,26,0,30,3,29,27,0,59,10,0,10,69
07/10/2001,EKO,NV,AWP,WE,Federal Contract Tower,3,22,4,0,29,0,4,25,0,29,3,26,29,0,58,22,0,22,80
07/11/2001,EKO,NV,AWP,WE,Federal Contract Tower,3,17,5,0,25,0,2,56,0,58,3,19,61,0,83,16,0,16,99
07/12/2001,EKO,NV,AWP,WE,Federal Contract Tower,3,24,2,0,29,0,8,36,0,44,3,32,38,0,73,22,0,22,95
07/13/2001,EKO,NV,AWP,WE,Federal Contract Tower,4,24,4,0,32,0,6,41,0,47,4,30,45,0,79,42,0,42,121
07/14/2001,EKO,NV,AWP,WE,Federal Contract Tower,5,13,2,0,20,0,1,23,0,24,5,14,25,0,44,26,0,26,70
07/15/2001,EKO,NV,AWP,WE,Federal Contract Tower,2,18,3,0,23,0,2,22,0,24,2,20,25,0,47,2,0,2,49
07/16/2001,EKO,NV,AWP,WE,Federal Contract Tower,3,19,1,0,23,0,7,31,0,38,3,26,32,0,61,8,0,8,69
07/17/2001,EKO,NV,AWP,WE,Federal Contract Tower,3,16,2,0,21,0,3,29,0,32,3,19,31,0,53,26,0,26,79
07/18/2001,EKO,NV,AWP,WE,Federal Contract Tower,8,21,2,0,31,0,7,35,1,43,8,28,37,1,74,16,0,16,90
07/19/2001,EKO,NV,AWP,WE,Federal Contract Tower,3,25,2,0,30,0,6,32,4,42,3,31,34,4,72,24,0,24,96
07/20/2001,EKO,NV,AWP,WE,Federal Contract Tower,3,18,1,0,22,0,9,55,2,66,3,27,56,2,88,30,0,30,118
07/21/2001,EKO,NV,AWP,WE,Federal Contract Tower,3,14,6,2,25,0,2,54,0,56,3,16,60,2,81,24,0,24,105
07/22/2001,EKO,NV,AWP,WE,Federal Contract Tower,3,16,4,0,23,0,0,39,0,39,3,16,43,0,62,6,0,6,68
07/23/2001,EKO,NV,AWP,WE,Federal Contract Tower,3,19,1,0,23,0,6,18,0,24,3,25,19,0,47,14,0,14,61
07/24/2001,EKO,NV,AWP,WE,Federal Contract Tower,4,19,6,0,29,0,8,37,0,45,4,27,43,0,74,12,0,12,86
07/25/2001,EKO,NV,AWP,WE,Federal Contract Tower,3,21,3,0,27,0,10,43,0,53,3,31,46,0,80,58,0,58,138
07/26/2001,EKO,NV,AWP,WE,Federal Contract Tower,3,23,10,0,36,0,9,63,4,76,3,32,73,4,112,84,0,84,196
07/27/2001,EKO,NV,AWP,WE,Federal Contract Tower,3,21,5,0,29,0,12,69,0,81,3,33,74,0,110,20,0,20,130
07/28/2001,EKO,NV,AWP,WE,Federal Contract Tower,4,16,1,0,21,0,1,48,0,49,4,17,49,0,70,26,0,26,96
07/29/2001,EKO,NV,AWP,WE,Federal Contract Tower,4,23,2,0,29,0,0,55,0,55,4,23,57,0,84,20,0,20,104
07/30/2001,EKO,NV,AWP,WE,Federal Contract Tower,5,21,8,0,34,0,5,45,0,50,5,26,53,0,84,32,0,32,116
07/31/2001,EKO,NV,AWP,WE,Federal Contract Tower,6,18,2,0,26,0,8,48,0,56,6,26,50,0,82,42,0,42,124
08/01/2001,EKO,NV,AWP,WE,Federal Contract Tower,3,19,3,0,25,0,12,29,0,41,3,31,32,0,66,28,0,28,94
08/02/2001,EKO,NV,AWP,WE,Federal Contract Tower,2,20,3,0,25,0,6,28,0,34,2,26,31,0,59,42,0,42,101
08/03/2001,EKO,NV,AWP,WE,Federal Contract Tower,4,25,4,0,33,0,0,53,0,53,4,25,57,0,86,8,0,8,94
08/04/2001,EKO,NV,AWP,WE,Federal Contract Tower,3,16,4,0,23,0,0,40,0,40,3,16,44,0,63,28,0,28,91
08/05/2001,EKO,NV,AWP,WE,Federal Contract Tower,3,21,6,0,30,0,6,92,0,98,3,27,98,0,128,12,0,12,140
08/06/2001,EKO,NV,AWP,WE,Federal Contract Tower,2,24,4,0,30,0,12,81,0,93,2,36,85,0,123,34,0,34,157
08/07/2001,EKO,NV,AWP,WE,Federal Contract Tower,5,24,4,0,33,0,7,64,0,71,5,31,68,0,104,30,0,30,134
08/08/2001,EKO,NV,AWP,WE,Federal Contract Tower,2,19,7,0,28,0,5,69,0,74,2,24,76,0,102,20,0,20,122
08/09/2001,EKO,NV,AWP,WE,Federal Contract Tower,3,23,2,0,28,0,3,67,0,70,3,26,69,0,98,6,0,6,104
08/10/2001,EKO,NV,AWP,WE,Federal Contract Tower,6,19,4,0,29,0,4,51,0,55,6,23,55,0,84,48,0,48,132
08/11/2001,EKO,NV,AWP,WE,Federal Contract Tower,4,18,3,0,25,0,2,89,0,91,4,20,92,0,116,38,0,38,154
08/12/2001,EKO,NV,AWP,WE,Federal Contract Tower,4,23,5,0,32,0,0,96,3,99,4,23,101,3,131,16,0,16,147
08/13/2001,EKO,NV,AWP,WE,Federal Contract Tower,2,21,4,0,27,3,5,79,2,89,5,26,83,2,116,36,0,36,152
08/14/2001,EKO,NV,AWP,WE,Federal Contract Tower,5,21,5,0,31,0,7,67,2,76,5,28,72,2,107,40,4,44,151
08/15/2001,EKO,NV,AWP,WE,Federal Contract Tower,4,19,2,0,25,2,5,58,0,65,6,24,60,0,90,22,2,24,114
08/16/2001,EKO,NV,AWP,WE,Federal Contract Tower,3,19,1,0,23,0,3,63,0,66,3,22,64,0,89,14,0,14,103
08/17/2001,EKO,NV,AWP,WE,Federal Contract Tower,4,23,3,0,30,1,8,74,0,83,5,31,77,0,113,34,0,34,147
08/18/2001,EKO,NV,AWP,WE,Federal Contract Tower,3,18,4,0,25,1,4,56,0,61,4,22,60,0,86,38,0,38,124
08/19/2001,EKO,NV,AWP,WE,Federal Contract Tower,5,22,1,0,28,0,3,56,0,59,5,25,57,0,87,10,0,10,97
08/20/2001,EKO,NV,AWP,WE,Federal Contract Tower,3,19,6,0,28,0,10,55,1,66,3,29,61,1,94,30,0,30,124
08/21/2001,EKO,NV,AWP,WE,Federal Contract Tower,4,18,1,0,23,0,3,39,4,46,4,21,40,4,69,4,0,4,73
08/22/2001,EKO,NV,AWP,WE,Federal Contract Tower,3,24,2,0,29,0,4,32,2,38,3,28,34,2,67,24,0,24,91
08/23/2001,EKO,NV,AWP,WE,Federal Contract Tower,3,22,3,0,28,0,4,42,4,50,3,26,45,4,78,16,0,16,94
08/24/2001,EKO,NV,AWP,WE,Federal Contract Tower,5,25,4,0,34,0,8,47,3,58,5,33,51,3,92,14,2,16,108
08/25/2001,EKO,NV,AWP,WE,Federal Contract Tower,6,15,0,1,22,0,1,58,3,62,6,16,58,4,84,124,20,144,228
08/26/2001,EKO,NV,AWP,WE,Federal Contract Tower,6,22,2,0,30,0,2,41,1,44,6,24,43,1,74,20,0,20,94
08/27/2001,EKO,NV,AWP,WE,Federal Contract Tower,4,25,1,0,30,0,7,21,0,28,4,32,22,0,58,2,0,2,60
08/28/2001,EKO,NV,AWP,WE,Federal Contract Tower,3,19,1,0,23,0,5,34,0,39,3,24,35,0,62,24,0,24,86
08/29/2001,EKO,NV,AWP,WE,Federal Contract Tower,3,20,5,0,28,0,4,37,0,41,3,24,42,0,69,24,0,24,93
08/30/2001,EKO,NV,AWP,WE,Federal Contract Tower,3,25,4,0,32,0,1,35,0,36,3,26,39,0,68,40,0,40,108
08/31/2001,EKO,NV,AWP,WE,Federal Contract Tower,3,20,7,0,30,0,11,60,0,71,3,31,67,0,101,52,0,52,153
09/01/2001,EKO,NV,AWP,WE,Federal Contract Tower,3,17,2,0,22,0,1,41,0,42,3,18,43,0,64,24,0,24,88
09/02/2001,EKO,NV,AWP,WE,Federal Contract Tower,4,18,0,0,22,0,0,32,0,32,4,18,32,0,54,17,0,17,71
09/03/2001,EKO,NV,AWP,WE,Federal Contract Tower,4,21,2,0,27,0,0,42,0,42,4,21,44,0,69,48,0,48,117
09/04/2001,EKO,NV,AWP,WE,Federal Contract Tower,7,18,4,0,29,0,5,57,0,62,7,23,61,0,91,50,0,50,141
09/05/2001,EKO,NV,AWP,WE,Federal Contract Tower,4,18,2,0,24,0,6,27,0,33,4,24,29,0,57,16,0,16,73
09/06/2001,EKO,NV,AWP,WE,Federal Contract Tower,4,24,3,0,31,0,4,33,0,37,4,28,36,0,68,28,0,28,96
09/07/2001,EKO,NV,AWP,WE,Federal Contract Tower,2,18,1,0,21,0,6,37,0,43,2,24,38,0,64,16,0,16,80
09/08/2001,EKO,NV,AWP,WE,Federal Contract Tower,6,15,0,0,21,0,1,33,0,34,6,16,33,0,55,318,0,318,373
09/09/2001,EKO,NV,AWP,WE,Federal Contract Tower,3,22,5,0,30,0,0,35,0,35,3,22,40,0,65,18,0,18,83
09/10/2001,EKO,NV,AWP,WE,Federal Contract Tower,4,21,0,0,25,0,7,32,0,39,4,28,32,0,64,18,0,18,82
09/11/2001,EKO,NV,AWP,WE,Federal Contract Tower,1,4,0,0,5,0,3,5,0,8,1,7,5,0,13,4,0,4,17
09/12/2001,EKO,NV,AWP,WE,Federal Contract Tower,0,8,0,0,8,0,0,0,0,0,0,8,0,0,8,2,0,2,10
09/13/2001,EKO,NV,AWP,WE,Federal Contract Tower,2,3,0,0,5,0,0,3,0,3,2,3,3,0,8,5,0,5,13
09/14/2001,EKO,NV,AWP,WE,Federal Contract Tower,3,23,0,0,26,0,0,3,0,3,3,23,3,0,29,8,0,8,37
09/15/2001,EKO,NV,AWP,WE,Federal Contract Tower,5,22,15,0,42,0,0,0,0,0,5,22,15,0,42,5,0,5,47
09/16/2001,EKO,NV,AWP,WE,Federal Contract Tower,3,20,14,2,39,0,6,0,0,6,3,26,14,2,45,0,0,0,45
09/17/2001,EKO,NV,AWP,WE,Federal Contract Tower,3,31,27,0,61,0,0,0,0,0,3,31,27,0,61,0,0,0,61
09/18/2001,EKO,NV,AWP,WE,Federal Contract Tower,3,32,13,0,48,0,1,1,0,2,3,33,14,0,50,0,0,0,50
09/19/2001,EKO,NV,AWP,WE,Federal Contract Tower,4,42,5,0,51,0,2,0,0,2,4,44,5,0,53,0,0,0,53
09/20/2001,EKO,NV,AWP,WE,Federal Contract Tower,3,30,10,0,43,0,0,20,0,20,3,30,30,0,63,0,0,0,63
09/21/2001,EKO,NV,AWP,WE,Federal Contract Tower,2,22,8,0,32,0,5,20,0,25,2,27,28,0,57,0,0,0,57
09/22/2001,EKO,NV,AWP,WE,Federal Contract Tower,5,14,0,0,19,0,1,27,0,28,5,15,27,0,47,36,0,36,83
09/23/2001,EKO,NV,AWP,WE,Federal Contract Tower,3,19,1,0,23,0,3,15,0,18,3,22,16,0,41,30,0,30,71
09/24/2001,EKO,NV,AWP,WE,Federal Contract Tower,3,28,7,0,38,0,4,24,0,28,3,32,31,0,66,25,0,25,91
09/25/2001,EKO,NV,AWP,WE,Federal Contract Tower,4,30,3,0,37,0,4,18,0,22,4,34,21,0,59,4,0,4,63
09/26/2001,EKO,NV,AWP,WE,Federal Contract Tower,4,28,7,0,39,0,4,18,2,24,4,32,25,2,63,4,0,4,67
09/27/2001,EKO,NV,AWP,WE,Federal Contract Tower,3,21,2,0,26,0,6,36,0,42,3,27,38,0,68,20,0,20,88
09/28/2001,EKO,NV,AWP,WE,Federal Contract Tower,4,26,4,0,34,0,9,31,0,40,4,35,35,0,74,70,0,70,144
09/29/2001,EKO,NV,AWP,WE,Federal Contract Tower,5,21,5,0,31,0,2,35,0,37,5,23,40,0,68,32,0,32,100
09/30/2001,EKO,NV,AWP,WE,Federal Contract Tower,4,22,5,0,31,0,0,17,2,19,4,22,22,2,50,28,0,28,78
10/01/2001,EKO,NV,AWP,WE,Federal Contract Tower,2,26,3,0,31,1,6,10,0,17,3,32,13,0,48,10,0,10,58
10/02/2001,EKO,NV,AWP,WE,Federal Contract Tower,3,21,7,2,33,0,6,41,0,47,3,27,48,2,80,12,0,12,92
10/03/2001,EKO,NV,AWP,WE,Federal Contract Tower,3,22,1,0,26,0,9,34,2,45,3,31,35,2,71,26,0,26,97
10/04/2001,EKO,NV,AWP,WE,Federal Contract Tower,3,18,5,0,26,0,8,19,0,27,3,26,24,0,53,32,0,32,85
10/05/2001,EKO,NV,AWP,WE,Federal Contract Tower,5,19,4,6,34,0,6,30,0,36,5,25,34,6,70,26,0,26,96
10/06/2001,EKO,NV,AWP,WE,Federal Contract Tower,5,16,3,0,24,0,7,34,0,41,5,23,37,0,65,22,0,22,87
10/07/2001,EKO,NV,AWP,WE,Federal Contract Tower,5,21,2,0,28,0,4,21,0,25,5,25,23,0,53,26,0,26,79
10/08/2001,EKO,NV,AWP,WE,Federal Contract Tower,3,25,0,0,28,0,3,21,0,24,3,28,21,0,52,16,0,16,68
10/09/2001,EKO,NV,AWP,WE,Federal Contract Tower,5,22,2,0,29,0,9,27,0,36,5,31,29,0,65,20,0,20,85
10/10/2001,EKO,NV,AWP,WE,Federal Contract Tower,3,20,2,0,25,0,4,21,0,25,3,24,23,0,50,10,0,10,60
10/11/2001,EKO,NV,AWP,WE,Federal Contract Tower,3,23,7,0,33,0,0,6,0,6,3,23,13,0,39,16,0,16,55
10/12/2001,EKO,NV,AWP,WE,Federal Contract Tower,4,25,0,0,29,0,6,21,0,27,4,31,21,0,56,15,0,15,71
10/13/2001,EKO,NV,AWP,WE,Federal Contract Tower,3,16,1,0,20,0,4,17,2,23,3,20,18,2,43,21,0,21,64
10/14/2001,EKO,NV,AWP,WE,Federal Contract Tower,4,20,0,0,24,0,3,11,0,14,4,23,11,0,38,2,0,2,40
10/15/2001,EKO,NV,AWP,WE,Federal Contract Tower,3,18,1,0,22,0,10,14,0,24,3,28,15,0,46,12,0,12,58
10/16/2001,EKO,NV,AWP,WE,Federal Contract Tower,3,21,3,0,27,0,5,18,0,23,3,26,21,0,50,30,0,30,80
10/17/2001,EKO,NV,AWP,WE,Federal Contract Tower,5,23,10,0,38,0,7,13,0,20,5,30,23,0,58,42,0,42,100
10/18/2001,EKO,NV,AWP,WE,Federal Contract Tower,2,24,1,0,27,0,1,37,0,38,2,25,38,0,65,10,2,12,77
10/19/2001,EKO,NV,AWP,WE,Federal Contract Tower,3,22,5,0,30,0,10,42,0,52,3,32,47,0,82,20,0,20,102
10/20/2001,EKO,NV,AWP,WE,Federal Contract Tower,8,15,2,0,25,0,1,22,0,23,8,16,24,0,48,8,0,8,56
10/21/2001,EKO,NV,AWP,WE,Federal Contract Tower,5,20,3,0,28,0,2,14,0,16,5,22,17,0,44,2,0,2,46
10/22/2001,EKO,NV,AWP,WE,Federal Contract Tower,4,21,6,0,31,0,7,10,0,17,4,28,16,0,48,36,0,36,84
10/23/2001,EKO,NV,AWP,WE,Federal Contract Tower,4,21,2,2,29,0,5,8,0,13,4,26,10,2,42,14,16,30,72
10/24/2001,EKO,NV,AWP,WE,Federal Contract Tower,4,19,4,2,29,0,16,35,0,51,4,35,39,2,80,34,0,34,114
10/25/2001,EKO,NV,AWP,WE,Federal Contract Tower,4,24,3,5,36,0,6,35,1,42,4,30,38,6,78,26,12,38,116
10/26/2001,EKO,NV,AWP,WE,Federal Contract Tower,5,17,1,0,23,0,9,40,0,49,5,26,41,0,72,56,0,56,128
10/27/2001,EKO,NV,AWP,WE,Federal Contract Tower,3,18,2,0,23,0,0,27,0,27,3,18,29,0,50,4,0,4,54
10/28/2001,EKO,NV,AWP,WE,Federal Contract Tower,3,23,6,0,32,0,1,16,0,17,3,24,22,0,49,10,0,10,59
10/29/2001,EKO,NV,AWP,WE,Federal Contract Tower,4,20,4,0,28,0,8,21,0,29,4,28,25,0,57,2,0,2,59
10/30/2001,EKO,NV,AWP,WE,Federal Contract Tower,4,23,3,0,30,0,4,10,0,14,4,27,13,0,44,4,0,4,48
10/31/2001,EKO,NV,AWP,WE,Federal Contract Tower,3,18,3,0,24,0,7,12,0,19,3,25,15,0,43,0,0,0,43
11/01/2001,EKO,NV,AWP,WE,Federal Contract Tower,1,23,3,0,27,1,3,30,0,34,2,26,33,0,61,6,0,6,67
11/02/2001,EKO,NV,AWP,WE,Federal Contract Tower,5,19,1,0,25,0,3,31,0,34,5,22,32,0,59,30,0,30,89
11/03/2001,EKO,NV,AWP,WE,Federal Contract Tower,4,18,4,0,26,0,0,32,0,32,4,18,36,0,58,48,0,48,106
11/04/2001,EKO,NV,AWP,WE,Federal Contract Tower,6,24,11,0,41,0,0,2,0,2,6,24,13,0,43,26,0,26,69
11/05/2001,EKO,NV,AWP,WE,Federal Contract Tower,5,19,3,0,27,0,4,17,2,23,5,23,20,2,50,12,0,12,62
11/06/2001,EKO,NV,AWP,WE,Federal Contract Tower,4,22,7,0,33,0,4,20,0,24,4,26,27,0,57,24,0,24,81
11/07/2001,EKO,NV,AWP,WE,Federal Contract Tower,5,21,4,0,30,0,7,19,0,26,5,28,23,0,56,24,0,24,80
11/08/2001,EKO,NV,AWP,WE,Federal Contract Tower,6,21,4,0,31,4,4,28,0,36,10,25,32,0,67,34,0,34,101
11/09/2001,EKO,NV,AWP,WE,Federal Contract Tower,4,18,3,0,25,0,7,32,0,39,4,25,35,0,64,10,0,10,74
11/10/2001,EKO,NV,AWP,WE,Federal Contract Tower,4,15,5,0,24,0,2,34,0,36,4,17,39,0,60,48,0,48,108
11/11/2001,EKO,NV,AWP,WE,Federal Contract Tower,3,20,1,0,24,0,2,20,0,22,3,22,21,0,46,22,0,22,68
11/12/2001,EKO,NV,AWP,WE,Federal Contract Tower,4,19,1,0,24,0,3,14,0,17,4,22,15,0,41,6,0,6,47
11/13/2001,EKO,NV,AWP,WE,Federal Contract Tower,4,24,2,0,30,0,1,9,0,10,4,25,11,0,40,2,0,2,42
11/14/2001,EKO,NV,AWP,WE,Federal Contract Tower,4,21,8,0,33,1,5,20,0,26,5,26,28,0,59,36,0,36,95
11/15/2001,EKO,NV,AWP,WE,Federal Contract Tower,5,22,0,2,29,0,5,16,4,25,5,27,16,6,54,28,0,28,82
11/16/2001,EKO,NV,AWP,WE,Federal Contract Tower,5,19,4,2,30,0,11,23,0,34,5,30,27,2,64,20,0,20,84
11/17/2001,EKO,NV,AWP,WE,Federal Contract Tower,4,16,1,0,21,0,3,22,0,25,4,19,23,0,46,30,0,30,76
11/18/2001,EKO,NV,AWP,WE,Federal Contract Tower,5,22,8,0,35,0,2,5,0,7,5,24,13,0,42,20,0,20,62
11/19/2001,EKO,NV,AWP,WE,Federal Contract Tower,4,19,0,0,23,0,6,16,2,24,4,25,16,2,47,4,0,4,51
11/20/2001,EKO,NV,AWP,WE,Federal Contract Tower,3,22,2,0,27,0,3,21,0,24,3,25,23,0,51,14,0,14,65
11/21/2001,EKO,NV,AWP,WE,Federal Contract Tower,3,23,6,0,32,0,1,2,0,3,3,24,8,0,35,6,0,6,41
11/22/2001,EKO,NV,AWP,WE,Federal Contract Tower,4,8,6,0,18,0,3,5,0,8,4,11,11,0,26,2,0,2,28
11/23/2001,EKO,NV,AWP,WE,Federal Contract Tower,5,9,4,0,18,4,7,6,0,17,9,16,10,0,35,6,0,6,41
11/24/2001,EKO,NV,AWP,WE,Federal Contract Tower,2,9,2,0,13,0,7,1,0,8,2,16,3,0,21,0,0,0,21
11/25/2001,EKO,NV,AWP,WE,Federal Contract Tower,5,12,5,0,22,0,4,7,0,11,5,16,12,0,33,0,0,0,33
11/26/2001,EKO,NV,AWP,WE,Federal Contract Tower,3,21,3,0,27,0,2,2,0,4,3,23,5,0,31,0,0,0,31
11/27/2001,EKO,NV,AWP,WE,Federal Contract Tower,5,20,10,0,35,0,4,31,2,37,5,24,41,2,72,32,0,32,104
11/28/2001,EKO,NV,AWP,WE,Federal Contract Tower,2,22,6,0,30,0,0,5,0,5,2,22,11,0,35,10,0,10,45
11/29/2001,EKO,NV,AWP,WE,Federal Contract Tower,6,20,6,0,32,0,0,0,0,0,6,20,6,0,32,0,0,0,32
11/30/2001,EKO,NV,AWP,WE,Federal Contract Tower,6,18,4,0,28,0,7,18,2,27,6,25,22,2,55,2,0,2,57
12/01/2001,EKO,NV,AWP,WE,Federal Contract Tower,8,18,7,0,33,4,1,3,0,8,12,19,10,0,41,0,0,0,41
12/02/2001,EKO,NV,AWP,WE,Federal Contract Tower,6,17,4,0,27,0,1,7,0,8,6,18,11,0,35,0,0,0,35
12/03/2001,EKO,NV,AWP,WE,Federal Contract Tower,3,26,6,0,35,0,3,8,0,11,3,29,14,0,46,0,0,0,46
12/04/2001,EKO,NV,AWP,WE,Federal Contract Tower,6,21,5,0,32,0,1,13,0,14,6,22,18,0,46,22,0,22,68
12/05/2001,EKO,NV,AWP,WE,Federal Contract Tower,5,33,3,0,41,0,2,5,0,7,5,35,8,0,48,0,0,0,48
12/06/2001,EKO,NV,AWP,WE,Federal Contract Tower,3,26,3,0,32,0,2,8,0,10,3,28,11,0,42,0,0,0,42
12/07/2001,EKO,NV,AWP,WE,Federal Contract Tower,3,20,2,0,25,0,0,19,0,19,3,20,21,0,44,38,0,38,82
12/08/2001,EKO,NV,AWP,WE,Federal Contract Tower,5,13,0,0,18,0,2,16,0,18,5,15,16,0,36,20,0,20,56
12/09/2001,EKO,NV,AWP,WE,Federal Contract Tower,7,15,4,0,26,0,5,8,0,13,7,20,12,0,39,2,0,2,41
12/10/2001,EKO,NV,AWP,WE,Federal Contract Tower,3,29,3,0,35,0,2,6,0,8,3,31,9,0,43,0,0,0,43
12/11/2001,EKO,NV,AWP,WE,Federal Contract Tower,4,23,4,0,31,0,0,6,0,6,4,23,10,0,37,0,0,0,37
12/12/2001,EKO,NV,AWP,WE,Federal Contract Tower,5,27,8,0,40,0,3,14,0,17,5,30,22,0,57,0,0,0,57
12/13/2001,EKO,NV,AWP,WE,Federal Contract Tower,4,19,12,0,35,0,2,11,0,13,4,21,23,0,48,22,0,22,70
12/14/2001,EKO,NV,AWP,WE,Federal Contract Tower,5,25,8,0,38,0,0,2,0,2,5,25,10,0,40,0,0,0,40
12/15/2001,EKO,NV,AWP,WE,Federal Contract Tower,4,19,0,0,23,0,0,4,0,4,4,19,4,0,27,0,0,0,27
12/16/2001,EKO,NV,AWP,WE,Federal Contract Tower,6,19,4,0,29,0,5,8,0,13,6,24,12,0,42,8,0,8,50
12/17/2001,EKO,NV,AWP,WE,Federal Contract Tower,5,21,4,0,30,0,0,9,0,9,5,21,13,0,39,0,0,0,39
12/18/2001,EKO,NV,AWP,WE,Federal Contract Tower,2,18,4,0,24,0,0,5,0,5,2,18,9,0,29,4,0,4,33
12/19/2001,EKO,NV,AWP,WE,Federal Contract Tower,4,17,5,0,26,0,4,10,0,14,4,21,15,0,40,6,0,6,46
12/20/2001,EKO,NV,AWP,WE,Federal Contract Tower,5,19,3,0,27,0,3,11,2,16,5,22,14,2,43,8,0,8,51
12/21/2001,EKO,NV,AWP,WE,Federal Contract Tower,4,22,5,0,31,0,0,3,0,3,4,22,8,0,34,16,0,16,50
12/22/2001,EKO,NV,AWP,WE,Federal Contract Tower,5,17,4,0,26,0,0,8,0,8,5,17,12,0,34,8,0,8,42
12/23/2001,EKO,NV,AWP,WE,Federal Contract Tower,4,22,1,0,27,0,1,7,0,8,4,23,8,0,35,2,0,2,37
12/24/2001,EKO,NV,AWP,WE,Federal Contract Tower,5,23,0,0,28,0,0,0,0,0,5,23,0,0,28,0,0,0,28
12/25/2001,EKO,NV,AWP,WE,Federal Contract Tower,3,6,1,0,10,0,0,0,0,0,3,6,1,0,10,0,0,0,10
12/26/2001,EKO,NV,AWP,WE,Federal Contract Tower,4,20,3,0,27,0,0,2,0,2,4,20,5,0,29,0,0,0,29
12/27/2001,EKO,NV,AWP,WE,Federal Contract Tower,3,25,1,0,29,0,1,7,0,8,3,26,8,0,37,18,0,18,55
12/28/2001,EKO,NV,AWP,WE,Federal Contract Tower,4,21,0,0,25,0,2,9,0,11,4,23,9,0,36,4,0,4,40
12/29/2001,EKO,NV,AWP,WE,Federal Contract Tower,3,20,9,0,32,0,0,0,0,0,3,20,9,0,32,6,0,6,38
12/30/2001,EKO,NV,AWP,WE,Federal Contract Tower,5,23,3,0,31,0,3,0,0,3,5,26,3,0,34,20,0,20,54
12/31/2001,EKO,NV,AWP,WE,Federal Contract Tower,3,20,3,0,26,0,0,0,0,0,3,20,3,0,26,0,0,0,26
01/01/2002,EKO,NV,AWP,WE,Federal Contract Tower,0,0,0,0,0,0,0,0,0,0,0,0,0,0,0,0,0,0,0
01/02/2002,EKO,NV,AWP,WE,Federal Contract Tower,2,22,3,0,27,0,4,4,0,8,2,26,7,0,35,2,0,2,37
01/03/2002,EKO,NV,AWP,WE,Federal Contract Tower,5,17,6,2,30,0,10,7,0,17,5,27,13,2,47,4,0,4,51
01/04/2002,EKO,NV,AWP,WE,Federal Contract Tower,7,19,6,0,32,0,5,33,0,38,7,24,39,0,70,70,0,70,140
01/05/2002,EKO,NV,AWP,WE,Federal Contract Tower,6,24,1,0,31,0,1,16,0,17,6,25,17,0,48,44,0,44,92
01/06/2002,EKO,NV,AWP,WE,Federal Contract Tower,4,23,2,0,29,0,0,0,0,0,4,23,2,0,29,16,0,16,45
01/07/2002,EKO,NV,AWP,WE,Federal Contract Tower,5,21,2,0,28,0,2,9,0,11,5,23,11,0,39,4,0,4,43
01/08/2002,EKO,NV,AWP,WE,Federal Contract Tower,6,25,5,0,36,0,5,13,0,18,6,30,18,0,54,26,0,26,80
01/09/2002,EKO,NV,AWP,WE,Federal Contract Tower,4,25,1,0,30,0,1,16,0,17,4,26,17,0,47,24,0,24,71
01/10/2002,EKO,NV,AWP,WE,Federal Contract Tower,4,19,4,0,27,0,5,19,0,24,4,24,23,0,51,10,0,10,61
01/11/2002,EKO,NV,AWP,WE,Federal Contract Tower,6,23,3,0,32,0,6,26,0,32,6,29,29,0,64,10,0,10,74
01/12/2002,EKO,NV,AWP,WE,Federal Contract Tower,6,15,2,0,23,0,9,40,0,49,6,24,42,0,72,30,0,30,102
01/13/2002,EKO,NV,AWP,WE,Federal Contract Tower,5,20,2,0,27,2,1,19,2,24,7,21,21,2,51,16,0,16,67
01/14/2002,EKO,NV,AWP,WE,Federal Contract Tower,12,20,1,0,33,0,9,15,0,24,12,29,16,0,57,6,0,6,63
01/15/2002,EKO,NV,AWP,WE,Federal Contract Tower,5,26,8,0,39,0,0,13,0,13,5,26,21,0,52,0,0,0,52
01/16/2002,EKO,NV,AWP,WE,Federal Contract Tower,6,25,1,0,32,0,3,14,0,17,6,28,15,0,49,0,0,0,49
01/17/2002,EKO,NV,AWP,WE,Federal Contract Tower,6,30,3,0,39,0,6,15,0,21,6,36,18,0,60,22,0,22,82
01/18/2002,EKO,NV,AWP,WE,Federal Contract Tower,4,21,2,0,27,0,4,11,0,15,4,25,13,0,42,6,0,6,48
01/19/2002,EKO,NV,AWP,WE,Federal Contract Tower,5,15,4,0,24,0,1,21,3,25,5,16,25,3,49,40,0,40,89
01/20/2002,EKO,NV,AWP,WE,Federal Contract Tower,3,16,0,0,19,0,0,6,1,7,3,16,6,1,26,0,0,0,26
01/21/2002,EKO,NV,AWP,WE,Federal Contract Tower,5,19,0,0,24,0,2,7,0,9,5,21,7,0,33,0,0,0,33
01/22/2002,EKO,NV,AWP,WE,Federal Contract Tower,4,23,3,1,31,0,3,10,3,16,4,26,13,4,47,22,0,22,69
01/23/2002,EKO,NV,AWP,WE,Federal Contract Tower,4,26,1,0,31,0,6,14,0,20,4,32,15,0,51,2,0,2,53
01/24/2002,EKO,NV,AWP,WE,Federal Contract Tower,4,24,11,0,39,0,4,15,0,19,4,28,26,0,58,20,0,20,78
01/25/2002,EKO,NV,AWP,WE,Federal Contract Tower,7,18,2,2,29,0,6,14,2,22,7,24,16,4,51,2,0,2,53
01/26/2002,EKO,NV,AWP,WE,Federal Contract Tower,5,20,3,0,28,0,2,8,0,10,5,22,11,0,38,56,0,56,94
01/27/2002,EKO,NV,AWP,WE,Federal Contract Tower,4,16,3,0,23,0,0,0,0,0,4,16,3,0,23,18,0,18,41
01/28/2002,EKO,NV,AWP,WE,Federal Contract Tower,6,31,6,0,43,0,0,4,0,4,6,31,10,0,47,0,0,0,47
01/29/2002,EKO,NV,AWP,WE,Federal Contract Tower,5,21,3,0,29,0,8,20,0,28,5,29,23,0,57,10,0,10,67
01/30/2002,EKO,NV,AWP,WE,Federal Contract Tower,4,23,8,0,35,0,4,23,0,27,4,27,31,0,62,2,0,2,64
01/31/2002,EKO,NV,AWP,WE,Federal Contract Tower,4,15,4,0,23,0,5,27,4,36,4,20,31,4,59,46,0,46,105
02/01/2002,EKO,NV,AWP,WE,Federal Contract Tower,5,21,3,0,29,0,9,18,0,27,5,30,21,0,56,14,0,14,70
02/02/2002,EKO,NV,AWP,WE,Federal Contract Tower,4,16,2,0,22,0,2,19,0,21,4,18,21,0,43,58,0,58,101
02/03/2002,EKO,NV,AWP,WE,Federal Contract Tower,3,18,1,0,22,0,4,27,12,43,3,22,28,12,65,12,0,12,77
02/04/2002,EKO,NV,AWP,WE,Federal Contract Tower,6,23,1,0,30,0,5,12,0,17,6,28,13,0,47,0,0,0,47
02/05/2002,EKO,NV,AWP,WE,Federal Contract Tower,3,17,0,2,22,0,6,12,5,23,3,23,12,7,45,30,0,30,75
02/06/2002,EKO,NV,AWP,WE,Federal Contract Tower,5,18,3,2,28,0,5,23,2,30,5,23,26,4,58,20,0,20,78
02/07/2002,EKO,NV,AWP,WE,Federal Contract Tower,5,20,2,2,29,1,6,20,0,27,6,26,22,2,56,32,6,38,94
02/08/2002,EKO,NV,AWP,WE,Federal Contract Tower,5,23,5,2,35,0,7,18,6,31,5,30,23,8,66,22,8,30,96
02/09/2002,EKO,NV,AWP,WE,Federal Contract Tower,4,18,0,0,22,0,0,30,1,31,4,18,30,1,53,86,6,92,145
02/10/2002,EKO,NV,AWP,WE,Federal Contract Tower,6,21,0,0,27,0,0,19,0,19,6,21,19,0,46,22,43,65,111
02/11/2002,EKO,NV,AWP,WE,Federal Contract Tower,4,20,3,0,27,0,5,19,0,24,4,25,22,0,51,48,38,86,137
02/12/2002,EKO,NV,AWP,WE,Federal Contract Tower,4,21,4,2,31,0,8,20,6,34,4,29,24,8,65,42,0,42,107
02/13/2002,EKO,NV,AWP,WE,Federal Contract Tower,4,21,4,0,29,0,6,18,3,27,4,27,22,3,56,16,8,24,80
02/14/2002,EKO,NV,AWP,WE,Federal Contract Tower,4,23,4,0,31,0,0,29,4,33,4,23,33,4,64,20,0,20,84
02/15/2002,EKO,NV,AWP,WE,Federal Contract Tower,4,17,2,0,23,3,9,30,0,42,7,26,32,0,65,6,46,52,117
02/16/2002,EKO,NV,AWP,WE,Federal Contract Tower,4,18,3,0,25,0,9,19,0,28,4,27,22,0,53,52,20,72,125
02/17/2002,EKO,NV,AWP,WE,Federal Contract Tower,0,5,0,0,5,5,14,9,0,28,5,19,9,0,33,16,6,22,55
02/18/2002,EKO,NV,AWP,WE,Federal Contract Tower,3,25,2,0,30,0,3,4,0,7,3,28,6,0,37,18,24,42,79
02/19/2002,EKO,NV,AWP,WE,Federal Contract Tower,4,30,7,0,41,0,0,0,2,2,4,30,7,2,43,6,0,6,49
02/20/2002,EKO,NV,AWP,WE,Federal Contract Tower,5,27,6,0,38,0,7,7,0,14,5,34,13,0,52,20,64,84,136
02/21/2002,EKO,NV,AWP,WE,Federal Contract Tower,3,20,18,0,41,0,6,15,0,21,3,26,33,0,62,28,30,58,120
02/22/2002,EKO,NV,AWP,WE,Federal Contract Tower,4,18,3,2,27,0,4,26,2,32,4,22,29,4,59,34,0,34,93
02/23/2002,EKO,NV,AWP,WE,Federal Contract Tower,4,20,4,0,28,1,1,7,0,9,5,21,11,0,37,0,0,0,37
02/24/2002,EKO,NV,AWP,WE,Federal Contract Tower,4,15,4,0,23,0,1,16,0,17,4,16,20,0,40,22,0,22,62
02/25/2002,EKO,NV,AWP,WE,Federal Contract Tower,4,18,0,0,22,0,5,26,4,35,4,23,26,4,57,30,0,30,87
02/26/2002,EKO,NV,AWP,WE,Federal Contract Tower,4,23,8,0,35,0,5,13,0,18,4,28,21,0,53,12,0,12,65
02/27/2002,EKO,NV,AWP,WE,Federal Contract Tower,0,3,0,0,3,3,22,23,0,48,3,25,23,0,51,14,0,14,65
02/28/2002,EKO,NV,AWP,WE,Federal Contract Tower,5,21,3,0,29,0,8,28,0,36,5,29,31,0,65,26,0,26,91
03/01/2002,EKO,NV,AWP,WE,Federal Contract Tower,3,19,3,0,25,0,8,20,2,30,3,27,23,2,55,8,0,8,63
03/02/2002,EKO,NV,AWP,WE,Federal Contract Tower,4,14,2,0,20,2,1,18,0,21,6,15,20,0,41,8,0,8,49
03/03/2002,EKO,NV,AWP,WE,Federal Contract Tower,4,20,2,0,26,2,0,18,0,20,6,20,20,0,46,18,0,18,64
03/04/2002,EKO,NV,AWP,WE,Federal Contract Tower,2,18,1,0,21,1,9,15,0,25,3,27,16,0,46,18,0,18,64
03/05/2002,EKO,NV,AWP,WE,Federal Contract Tower,6,21,3,0,30,0,8,10,0,18,6,29,13,0,48,38,0,38,86
03/06/2002,EKO,NV,AWP,WE,Federal Contract Tower,4,22,5,0,31,0,5,8,1,14,4,27,13,1,45,12,0,12,57
03/07/2002,EKO,NV,AWP,WE,Federal Contract Tower,4,28,8,0,40,0,1,1,0,2,4,29,9,0,42,4,0,4,46
03/08/2002,EKO,NV,AWP,WE,Federal Contract Tower,6,26,3,0,35,0,5,13,0,18,6,31,16,0,53,0,0,0,53
03/09/2002,EKO,NV,AWP,WE,Federal Contract Tower,4,12,4,0,20,0,9,29,0,38,4,21,33,0,58,22,0,22,80
03/10/2002,EKO,NV,AWP,WE,Federal Contract Tower,6,26,5,0,37,0,0,6,0,6,6,26,11,0,43,10,0,10,53
03/11/2002,EKO,NV,AWP,WE,Federal Contract Tower,4,19,2,0,25,0,8,18,0,26,4,27,20,0,51,2,0,2,53
03/12/2002,EKO,NV,AWP,WE,Federal Contract Tower,3,26,6,0,35,0,6,16,0,22,3,32,22,0,57,0,0,0,57
03/13/2002,EKO,NV,AWP,WE,Federal Contract Tower,4,23,2,0,29,0,4,15,0,19,4,27,17,0,48,0,0,0,48
03/14/2002,EKO,NV,AWP,WE,Federal Contract Tower,5,24,3,0,32,1,5,8,0,14,6,29,11,0,46,0,0,0,46
03/15/2002,EKO,NV,AWP,WE,Federal Contract Tower,8,24,3,0,35,0,2,21,0,23,8,26,24,0,58,34,0,34,92
03/16/2002,EKO,NV,AWP,WE,Federal Contract Tower,4,16,0,0,20,0,0,3,0,3,4,16,3,0,23,16,0,16,39
03/17/2002,EKO,NV,AWP,WE,Federal Contract Tower,10,15,6,0,31,0,2,6,0,8,10,17,12,0,39,16,0,16,55
03/18/2002,EKO,NV,AWP,WE,Federal Contract Tower,4,16,1,0,21,0,8,13,0,21,4,24,14,0,42,28,0,28,70
03/19/2002,EKO,NV,AWP,WE,Federal Contract Tower,3,18,4,0,25,0,10,22,0,32,3,28,26,0,57,4,0,4,61
03/20/2002,EKO,NV,AWP,WE,Federal Contract Tower,4,15,2,0,21,0,4,19,0,23,4,19,21,0,44,10,0,10,54
03/21/2002,EKO,NV,AWP,WE,Federal Contract Tower,4,25,3,0,32,0,7,24,0,31,4,32,27,0,63,49,0,49,112
03/22/2002,EKO,NV,AWP,WE,Federal Contract Tower,6,20,5,2,33,0,7,12,0,19,6,27,17,2,52,26,0,26,78
03/23/2002,EKO,NV,AWP,WE,Federal Contract Tower,3,25,3,0,31,0,0,3,0,3,3,25,6,0,34,2,0,2,36
03/24/2002,EKO,NV,AWP,WE,Federal Contract Tower,4,22,3,0,29,0,0,7,2,9,4,22,10,2,38,0,0,0,38
03/25/2002,EKO,NV,AWP,WE,Federal Contract Tower,3,20,1,6,30,0,0,8,0,8,3,20,9,6,38,16,0,16,54
03/26/2002,EKO,NV,AWP,WE,Federal Contract Tower,4,17,2,0,23,0,10,14,0,24,4,27,16,0,47,8,0,8,55
03/27/2002,EKO,NV,AWP,WE,Federal Contract Tower,4,24,1,0,29,0,10,15,0,25,4,34,16,0,54,12,0,12,66
03/28/2002,EKO,NV,AWP,WE,Federal Contract Tower,5,24,0,0,29,0,9,12,4,25,5,33,12,4,54,10,0,10,64
03/29/2002,EKO,NV,AWP,WE,Federal Contract Tower,6,23,0,0,29,0,14,32,0,46,6,37,32,0,75,22,0,22,97
03/30/2002,EKO,NV,AWP,WE,Federal Contract Tower,4,17,1,0,22,8,0,30,0,38,12,17,31,0,60,28,0,28,88
03/31/2002,EKO,NV,AWP,WE,Federal Contract Tower,3,22,0,0,25,0,5,30,0,35,3,27,30,0,60,40,0,40,100
04/01/2002,EKO,NV,AWP,WE,Federal Contract Tower,3,22,1,0,26,1,6,10,0,17,4,28,11,0,43,14,0,14,57
04/02/2002,EKO,NV,AWP,WE,Federal Contract Tower,4,22,2,0,28,0,18,13,0,31,4,40,15,0,59,28,0,28,87
04/03/2002,EKO,NV,AWP,WE,Federal Contract Tower,4,19,2,0,25,0,11,27,0,38,4,30,29,0,63,21,0,21,84
04/04/2002,EKO,NV,AWP,WE,Federal Contract Tower,4,31,1,0,36,0,12,32,0,44,4,43,33,0,80,12,0,12,92
04/05/2002,EKO,NV,AWP,WE,Federal Contract Tower,6,26,1,0,33,0,16,18,0,34,6,42,19,0,67,18,0,18,85
04/06/2002,EKO,NV,AWP,WE,Federal Contract Tower,3,15,1,0,19,1,3,17,0,21,4,18,18,0,40,18,0,18,58
04/07/2002,EKO,NV,AWP,WE,Federal Contract Tower,6,13,0,0,19,0,7,16,0,23,6,20,16,0,42,16,0,16,58
04/08/2002,EKO,NV,AWP,WE,Federal Contract Tower,6,20,3,0,29,0,12,16,0,28,6,32,19,0,57,26,0,26,83
04/09/2002,EKO,NV,AWP,WE,Federal Contract Tower,4,18,8,0,30,0,10,12,0,22,4,28,20,0,52,44,0,44,96
04/10/2002,EKO,NV,AWP,WE,Federal Contract Tower,3,26,1,0,30,0,18,20,0,38,3,44,21,0,68,19,0,19,87
04/11/2002,EKO,NV,AWP,WE,Federal Contract Tower,2,24,3,3,32,0,15,16,0,31,2,39,19,3,63,12,0,12,75
04/12/2002,EKO,NV,AWP,WE,Federal Contract Tower,6,21,6,0,33,0,9,27,6,42,6,30,33,6,75,12,0,12,87
04/13/2002,EKO,NV,AWP,WE,Federal Contract Tower,3,15,1,0,19,1,2,24,0,27,4,17,25,0,46,22,0,22,68
04/14/2002,EKO,NV,AWP,WE,Federal Contract Tower,4,19,2,0,25,0,11,11,1,23,4,30,13,1,48,18,0,18,66
04/15/2002,EKO,NV,AWP,WE,Federal Contract Tower,4,29,3,0,36,0,0,15,1,16,4,29,18,1,52,8,0,8,60
04/16/2002,EKO,NV,AWP,WE,Federal Contract Tower,3,27,9,0,39,0,6,10,0,16,3,33,19,0,55,10,0,10,65
04/17/2002,EKO,NV,AWP,WE,Federal Contract Tower,4,26,7,0,37,0,3,8,0,11,4,29,15,0,48,0,0,0,48
04/18/2002,EKO,NV,AWP,WE,Federal Contract Tower,4,23,2,0,29,0,3,8,0,11,4,26,10,0,40,4,0,4,44
04/19/2002,EKO,NV,AWP,WE,Federal Contract Tower,6,20,4,0,30,0,1,5,0,6,6,21,9,0,36,0,0,0,36
04/20/2002,EKO,NV,AWP,WE,Federal Contract Tower,4,18,0,0,22,0,2,12,0,14,4,20,12,0,36,10,0,10,46
04/21/2002,EKO,NV,AWP,WE,Federal Contract Tower,6,20,0,0,26,0,1,23,0,24,6,21,23,0,50,38,0,38,88
04/22/2002,EKO,NV,AWP,WE,Federal Contract Tower,4,24,1,0,29,0,9,26,0,35,4,33,27,0,64,26,0,26,90
04/23/2002,EKO,NV,AWP,WE,Federal Contract Tower,4,22,0,0,26,0,17,28,0,45,4,39,28,0,71,10,0,10,81
04/24/2002,EKO,NV,AWP,WE,Federal Contract Tower,4,20,2,0,26,0,9,16,0,25,4,29,18,0,51,30,0,30,81
04/25/2002,EKO,NV,AWP,WE,Federal Contract Tower,3,19,2,0,24,1,6,15,2,24,4,25,17,2,48,14,0,14,62
04/26/2002,EKO,NV,AWP,WE,Federal Contract Tower,3,26,5,0,34,0,9,21,0,30,3,35,26,0,64,2,0,2,66
04/27/2002,EKO,NV,AWP,WE,Federal Contract Tower,4,19,2,0,25,0,5,6,0,11,4,24,8,0,36,18,0,18,54
04/28/2002,EKO,NV,AWP,WE,Federal Contract Tower,3,26,4,0,33,0,1,10,0,11,3,27,14,0,44,24,0,24,68
04/29/2002,EKO,NV,AWP,WE,Federal Contract Tower,4,27,4,0,35,0,6,14,0,20,4,33,18,0,55,24,0,24,79
04/30/2002,EKO,NV,AWP,WE,Federal Contract Tower,6,30,4,0,40,0,5,6,0,11,6,35,10,0,51,2,0,2,53
05/01/2002,EKO,NV,AWP,WE,Federal Contract Tower,4,25,5,0,34,0,4,5,0,9,4,29,10,0,43,0,0,0,43
05/02/2002,EKO,NV,AWP,WE,Federal Contract Tower,4,21,4,0,29,0,7,11,0,18,4,28,15,0,47,40,0,40,87
05/03/2002,EKO,NV,AWP,WE,Federal Contract Tower,6,24,3,0,33,0,10,33,0,43,6,34,36,0,76,26,0,26,102
05/04/2002,EKO,NV,AWP,WE,Federal Contract Tower,4,13,0,0,17,0,10,28,0,38,4,23,28,0,55,114,0,114,169
05/05/2002,EKO,NV,AWP,WE,Federal Contract Tower,6,21,0,0,27,0,9,20,0,29,6,30,20,0,56,40,0,40,96
05/06/2002,EKO,NV,AWP,WE,Federal Contract Tower,4,21,1,0,26,0,10,21,2,33,4,31,22,2,59,10,0,10,69
05/07/2002,EKO,NV,AWP,WE,Federal Contract Tower,0,4,0,0,4,4,20,23,1,48,4,24,23,1,52,4,0,4,56
05/08/2002,EKO,NV,AWP,WE,Federal Contract Tower,4,24,1,0,29,0,9,24,2,35,4,33,25,2,64,32,0,32,96
05/09/2002,EKO,NV,AWP,WE,Federal Contract Tower,5,20,0,0,25,0,14,24,0,38,5,34,24,0,63,32,0,32,95
05/10/2002,EKO,NV,AWP,WE,Federal Contract Tower,6,25,5,0,36,0,0,0,0,0,6,25,5,0,36,24,0,24,60
05/11/2002,EKO,NV,AWP,WE,Federal Contract Tower,4,18,8,0,30,0,2,16,0,18,4,20,24,0,48,56,0,56,104
05/12/2002,EKO,NV,AWP,WE,Federal Contract Tower,4,18,1,0,23,0,2,19,0,21,4,20,20,0,44,30,0,30,74
05/13/2002,EKO,NV,AWP,WE,Federal Contract Tower,4,23,4,0,31,0,8,16,0,24,4,31,20,0,55,50,0,50,105
05/14/2002,EKO,NV,AWP,WE,Federal Contract Tower,4,24,7,0,35,0,10,23,0,33,4,34,30,0,68,24,0,24,92
05/15/2002,EKO,NV,AWP,WE,Federal Contract Tower,4,20,4,0,28,0,8,20,0,28,4,28,24,0,56,32,0,32,88
05/16/2002,EKO,NV,AWP,WE,Federal Contract Tower,4,20,7,0,31,0,7,33,0,40,4,27,40,0,71,58,0,58,129
05/17/2002,EKO,NV,AWP,WE,Federal Contract Tower,6,26,4,0,36,0,18,27,0,45,6,44,31,0,81,28,0,28,109
05/18/2002,EKO,NV,AWP,WE,Federal Contract Tower,4,16,0,2,22,0,4,25,0,29,4,20,25,2,51,44,0,44,95
05/19/2002,EKO,NV,AWP,WE,Federal Contract Tower,5,21,2,0,28,0,2,8,0,10,5,23,10,0,38,2,0,2,40
05/20/2002,EKO,NV,AWP,WE,Federal Contract Tower,4,24,4,0,32,0,8,9,0,17,4,32,13,0,49,0,0,0,49
05/21/2002,EKO,NV,AWP,WE,Federal Contract Tower,4,25,3,0,32,0,5,3,0,8,4,30,6,0,40,0,0,0,40
05/22/2002,EKO,NV,AWP,WE,Federal Contract Tower,4,26,2,0,32,0,10,15,0,25,4,36,17,0,57,16,0,16,73
05/23/2002,EKO,NV,AWP,WE,Federal Contract Tower,6,26,1,0,33,0,12,16,0,28,6,38,17,0,61,26,0,26,87
05/24/2002,EKO,NV,AWP,WE,Federal Contract Tower,4,22,2,0,28,0,20,49,0,69,4,42,51,0,97,68,0,68,165
05/25/2002,EKO,NV,AWP,WE,Federal Contract Tower,5,17,0,0,22,0,3,35,0,38,5,20,35,0,60,30,0,30,90
05/26/2002,EKO,NV,AWP,WE,Federal Contract Tower,5,16,8,0,29,0,6,22,0,28,5,22,30,0,57,24,0,24,81
05/27/2002,EKO,NV,AWP,WE,Federal Contract Tower,4,24,1,0,29,0,6,39,0,45,4,30,40,0,74,18,0,18,92
05/28/2002,EKO,NV,AWP,WE,Federal Contract Tower,4,18,2,0,24,0,13,21,0,34,4,31,23,0,58,40,0,40,98
05/29/2002,EKO,NV,AWP,WE,Federal Contract Tower,4,22,1,0,27,0,14,21,0,35,4,36,22,0,62,36,0,36,98
05/30/2002,EKO,NV,AWP,WE,Federal Contract Tower,4,20,2,0,26,0,9,51,0,60,4,29,53,0,86,38,0,38,124
05/31/2002,EKO,NV,AWP,WE,Federal Contract Tower,0,5,0,0,5,5,19,27,0,51,5,24,27,0,56,46,0,46,102
06/01/2002,EKO,NV,AWP,WE,Federal Contract Tower,4,17,0,0,21,0,1,24,0,25,4,18,24,0,46,16,0,16,62
06/02/2002,EKO,NV,AWP,WE,Federal Contract Tower,5,20,1,0,26,3,0,27,0,30,8,20,28,0,56,14,0,14,70
06/03/2002,EKO,NV,AWP,WE,Federal Contract Tower,3,29,0,0,32,0,14,30,2,46,3,43,30,2,78,14,0,14,92
06/04/2002,EKO,NV,AWP,WE,Federal Contract Tower,5,20,0,0,25,0,7,25,0,32,5,27,25,0,57,10,0,10,67
06/05/2002,EKO,NV,AWP,WE,Federal Contract Tower,3,19,1,0,23,0,9,29,0,38,3,28,30,0,61,8,10,18,79
06/06/2002,EKO,NV,AWP,WE,Federal Contract Tower,3,18,0,0,21,0,4,27,0,31,3,22,27,0,52,6,0,6,58
06/07/2002,EKO,NV,AWP,WE,Federal Contract Tower,3,20,1,0,24,0,6,17,0,23,3,26,18,0,47,12,0,12,59
06/08/2002,EKO,NV,AWP,WE,Federal Contract Tower,3,16,0,0,19,0,8,24,0,32,3,24,24,0,51,12,0,12,63
06/09/2002,EKO,NV,AWP,WE,Federal Contract Tower,3,20,0,0,23,0,0,19,0,19,3,20,19,0,42,0,0,0,42
06/10/2002,EKO,NV,AWP,WE,Federal Contract Tower,2,26,8,0,36,0,4,36,0,40,2,30,44,0,76,12,0,12,88
06/11/2002,EKO,NV,AWP,WE,Federal Contract Tower,4,16,4,0,24,0,6,46,0,52,4,22,50,0,76,16,0,16,92
06/12/2002,EKO,NV,AWP,WE,Federal Contract Tower,3,20,1,0,24,0,13,39,0,52,3,33,40,0,76,32,0,32,108
06/13/2002,EKO,NV,AWP,WE,Federal Contract Tower,3,25,7,0,35,0,9,26,0,35,3,34,33,0,70,10,0,10,80
06/14/2002,EKO,NV,AWP,WE,Federal Contract Tower,3,19,7,0,29,0,8,30,0,38,3,27,37,0,67,28,0,28,95
06/15/2002,EKO,NV,AWP,WE,Federal Contract Tower,4,23,2,0,29,1,8,26,0,35,5,31,28,0,64,32,0,32,96
06/16/2002,EKO,NV,AWP,WE,Federal Contract Tower,4,22,2,0,28,0,2,40,0,42,4,24,42,0,70,16,0,16,86
06/17/2002,EKO,NV,AWP,WE,Federal Contract Tower,3,16,1,0,20,1,11,40,0,52,4,27,41,0,72,18,0,18,90
06/18/2002,EKO,NV,AWP,WE,Federal Contract Tower,2,14,1,0,17,0,11,19,0,30,2,25,20,0,47,30,0,30,77
06/19/2002,EKO,NV,AWP,WE,Federal Contract Tower,3,21,4,0,28,0,14,27,0,41,3,35,31,0,69,10,0,10,79
06/20/2002,EKO,NV,AWP,WE,Federal Contract Tower,3,20,4,0,27,0,19,20,1,40,3,39,24,1,67,12,0,12,79
06/21/2002,EKO,NV,AWP,WE,Federal Contract Tower,3,22,3,0,28,0,23,53,0,76,3,45,56,0,104,34,0,34,138
06/22/2002,EKO,NV,AWP,WE,Federal Contract Tower,3,15,0,0,18,0,14,37,0,51,3,29,37,0,69,54,0,54,123
06/23/2002,EKO,NV,AWP,WE,Federal Contract Tower,4,16,3,0,23,0,6,46,0,52,4,22,49,0,75,24,0,24,99
06/24/2002,EKO,NV,AWP,WE,Federal Contract Tower,2,19,8,0,29,0,11,38,6,55,2,30,46,6,84,10,0,10,94
06/25/2002,EKO,NV,AWP,WE,Federal Contract Tower,2,24,2,0,28,0,7,33,0,40,2,31,35,0,68,56,0,56,124
06/26/2002,EKO,NV,AWP,WE,Federal Contract Tower,4,25,8,0,37,0,9,23,0,32,4,34,31,0,69,16,0,16,85
06/27/2002,EKO,NV,AWP,WE,Federal Contract Tower,3,24,0,0,27,0,17,23,0,40,3,41,23,0,67,36,0,36,103
06/28/2002,EKO,NV,AWP,WE,Federal Contract Tower,4,24,2,0,30,0,22,48,0,70,4,46,50,0,100,26,0,26,126
06/29/2002,EKO,NV,AWP,WE,Federal Contract Tower,4,28,3,0,35,0,0,40,0,40,4,28,43,0,75,8,0,8,83
06/30/2002,EKO,NV,AWP,WE,Federal Contract Tower,4,21,2,0,27,0,1,34,0,35,4,22,36,0,62,8,0,8,70
07/01/2002,EKO,NV,AWP,WE,Federal Contract Tower,3,21,0,0,24,1,4,31,0,36,4,25,31,0,60,16,0,16,76
07/02/2002,EKO,NV,AWP,WE,Federal Contract Tower,4,25,4,0,33,0,11,28,0,39,4,36,32,0,72,10,0,10,82
07/03/2002,EKO,NV,AWP,WE,Federal Contract Tower,2,19,2,0,23,0,11,30,0,41,2,30,32,0,64,10,0,10,74
07/04/2002,EKO,NV,AWP,WE,Federal Contract Tower,3,18,2,0,23,0,6,28,0,34,3,24,30,0,57,64,0,64,121
07/05/2002,EKO,NV,AWP,WE,Federal Contract Tower,3,16,0,0,19,0,9,27,0,36,3,25,27,0,55,37,0,37,92
07/06/2002,EKO,NV,AWP,WE,Federal Contract Tower,2,10,0,0,12,0,6,58,0,64,2,16,58,0,76,76,0,76,152
07/07/2002,EKO,NV,AWP,WE,Federal Contract Tower,3,21,1,0,25,0,16,63,0,79,3,37,64,0,104,36,0,36,140
07/08/2002,EKO,NV,AWP,WE,Federal Contract Tower,3,19,3,0,25,0,7,36,0,43,3,26,39,0,68,14,0,14,82
07/09/2002,EKO,NV,AWP,WE,Federal Contract Tower,3,22,3,0,28,0,15,51,0,66,3,37,54,0,94,62,0,62,156
07/10/2002,EKO,NV,AWP,WE,Federal Contract Tower,2,27,6,0,35,0,13,41,0,54,2,40,47,0,89,26,0,26,115
07/11/2002,EKO,NV,AWP,WE,Federal Contract Tower,5,20,0,0,25,0,3,43,0,46,5,23,43,0,71,0,0,0,71
07/12/2002,EKO,NV,AWP,WE,Federal Contract Tower,2,21,1,0,24,0,16,30,0,46,2,37,31,0,70,94,0,94,164
07/13/2002,EKO,NV,AWP,WE,Federal Contract Tower,3,22,2,0,27,0,4,36,1,41,3,26,38,1,68,58,0,58,126
07/14/2002,EKO,NV,AWP,WE,Federal Contract Tower,4,20,1,0,25,0,2,17,1,20,4,22,18,1,45,48,0,48,93
07/15/2002,EKO,NV,AWP,WE,Federal Contract Tower,2,21,2,0,25,0,18,26,0,44,2,39,28,0,69,18,0,18,87
07/16/2002,EKO,NV,AWP,WE,Federal Contract Tower,4,24,2,0,30,1,18,25,2,46,5,42,27,2,76,30,0,30,106
07/17/2002,EKO,NV,AWP,WE,Federal Contract Tower,3,20,2,0,25,0,6,45,1,52,3,26,47,1,77,34,0,34,111
07/18/2002,EKO,NV,AWP,WE,Federal Contract Tower,2,22,5,0,29,0,7,41,0,48,2,29,46,0,77,14,0,14,91
07/19/2002,EKO,NV,AWP,WE,Federal Contract Tower,2,24,6,0,32,0,2,45,0,47,2,26,51,0,79,14,0,14,93
07/20/2002,EKO,NV,AWP,WE,Federal Contract Tower,3,20,3,0,26,0,1,47,0,48,3,21,50,0,74,24,0,24,98
07/21/2002,EKO,NV,AWP,WE,Federal Contract Tower,2,16,2,0,20,0,4,60,0,64,2,20,62,0,84,14,0,14,98
07/22/2002,EKO,NV,AWP,WE,Federal Contract Tower,6,28,0,0,34,0,13,43,0,56,6,41,43,0,90,10,0,10,100
07/23/2002,EKO,NV,AWP,WE,Federal Contract Tower,3,20,0,0,23,1,9,33,0,43,4,29,33,0,66,50,0,50,116
07/24/2002,EKO,NV,AWP,WE,Federal Contract Tower,2,26,2,0,30,0,1,26,0,27,2,27,28,0,57,38,0,38,95
07/25/2002,EKO,NV,AWP,WE,Federal Contract Tower,3,22,2,0,27,0,10,20,0,30,3,32,22,0,57,48,0,48,105
07/26/2002,EKO,NV,AWP,WE,Federal Contract Tower,3,18,5,0,26,2,14,39,0,55,5,32,44,0,81,20,0,20,101
07/27/2002,EKO,NV,AWP,WE,Federal Contract Tower,2,14,3,0,19,4,4,93,0,101,6,18,96,0,120,12,0,12,132
07/28/2002,EKO,NV,AWP,WE,Federal Contract Tower,4,20,3,0,27,0,4,59,0,63,4,24,62,0,90,60,0,60,150
07/29/2002,EKO,NV,AWP,WE,Federal Contract Tower,3,20,1,0,24,0,6,39,0,45,3,26,40,0,69,8,0,8,77
07/30/2002,EKO,NV,AWP,WE,Federal Contract Tower,3,21,0,0,24,0,11,22,0,33,3,32,22,0,57,12,0,12,69
07/31/2002,EKO,NV,AWP,WE,Federal Contract Tower,3,23,2,0,28,0,7,41,0,48,3,30,43,0,76,12,0,12,88
08/01/2002,EKO,NV,AWP,WE,Federal Contract Tower,3,20,8,0,31,0,7,40,0,47,3,27,48,0,78,26,0,26,104
08/02/2002,EKO,NV,AWP,WE,Federal Contract Tower,4,20,1,0,25,0,8,47,0,55,4,28,48,0,80,30,0,30,110
08/03/2002,EKO,NV,AWP,WE,Federal Contract Tower,3,15,7,0,25,0,4,37,0,41,3,19,44,0,66,20,0,20,86
08/04/2002,EKO,NV,AWP,WE,Federal Contract Tower,4,23,2,0,29,3,0,39,0,42,7,23,41,0,71,52,0,52,123
08/05/2002,EKO,NV,AWP,WE,Federal Contract Tower,6,17,1,0,24,0,8,42,0,50,6,25,43,0,74,0,0,0,74
08/06/2002,EKO,NV,AWP,WE,Federal Contract Tower,3,22,2,0,27,0,12,38,0,50,3,34,40,0,77,42,0,42,119
08/07/2002,EKO,NV,AWP,WE,Federal Contract Tower,3,20,4,0,27,0,10,40,0,50,3,30,44,0,77,62,0,62,139
08/08/2002,EKO,NV,AWP,WE,Federal Contract Tower,4,20,3,0,27,0,12,29,0,41,4,32,32,0,68,70,0,70,138
08/09/2002,EKO,NV,AWP,WE,Federal Contract Tower,4,24,0,3,31,0,20,52,7,79,4,44,52,10,110,82,0,82,192
08/10/2002,EKO,NV,AWP,WE,Federal Contract Tower,3,14,1,0,18,0,0,44,0,44,3,14,45,0,62,124,0,124,186
08/11/2002,EKO,NV,AWP,WE,Federal Contract Tower,3,22,0,0,25,0,3,28,0,31,3,25,28,0,56,46,0,46,102
08/12/2002,EKO,NV,AWP,WE,Federal Contract Tower,5,22,2,2,31,0,4,39,1,44,5,26,41,3,75,36,0,36,111
08/13/2002,EKO,NV,AWP,WE,Federal Contract Tower,3,20,1,0,24,0,5,32,2,39,3,25,33,2,63,22,0,22,85
08/14/2002,EKO,NV,AWP,WE,Federal Contract Tower,4,22,0,0,26,0,6,38,0,44,4,28,38,0,70,22,2,24,94
08/15/2002,EKO,NV,AWP,WE,Federal Contract Tower,2,21,0,0,23,0,15,43,1,59,2,36,43,1,82,18,0,18,100
08/16/2002,EKO,NV,AWP,WE,Federal Contract Tower,3,21,5,0,29,0,8,34,0,42,3,29,39,0,71,32,0,32,103
08/17/2002,EKO,NV,AWP,WE,Federal Contract Tower,2,11,0,0,13,0,2,38,0,40,2,13,38,0,53,38,1,39,92
08/18/2002,EKO,NV,AWP,WE,Federal Contract Tower,3,22,5,0,30,0,4,35,0,39,3,26,40,0,69,22,0,22,91
08/19/2002,EKO,NV,AWP,WE,Federal Contract Tower,1,26,3,0,30,0,4,40,0,44,1,30,43,0,74,12,0,12,86
08/20/2002,EKO,NV,AWP,WE,Federal Contract Tower,3,20,3,0,26,0,12,37,0,49,3,32,40,0,75,28,0,28,103
08/21/2002,EKO,NV,AWP,WE,Federal Contract Tower,3,20,2,0,25,0,8,15,0,23,3,28,17,0,48,26,0,26,74
08/22/2002,EKO,NV,AWP,WE,Federal Contract Tower,2,20,3,0,25,0,9,28,0,37,2,29,31,0,62,30,0,30,92
08/23/2002,EKO,NV,AWP,WE,Federal Contract Tower,5,24,4,0,33,0,5,35,0,40,5,29,39,0,73,2,0,2,75
08/24/2002,EKO,NV,AWP,WE,Federal Contract Tower,3,18,1,0,22,0,2,32,2,36,3,20,33,2,58,30,0,30,88
08/25/2002,EKO,NV,AWP,WE,Federal Contract Tower,4,24,3,0,31,0,3,55,0,58,4,27,58,0,89,24,0,24,113
08/26/2002,EKO,NV,AWP,WE,Federal Contract Tower,3,24,0,0,27,0,5,26,0,31,3,29,26,0,58,34,0,34,92
08/27/2002,EKO,NV,AWP,WE,Federal Contract Tower,3,24,1,0,28,0,10,25,0,35,3,34,26,0,63,18,0,18,81
08/28/2002,EKO,NV,AWP,WE,Federal Contract Tower,3,19,0,0,22,0,9,27,0,36,3,28,27,0,58,20,0,20,78
08/29/2002,EKO,NV,AWP,WE,Federal Contract Tower,3,22,4,0,29,0,6,30,2,38,3,28,34,2,67,8,0,8,75
08/30/2002,EKO,NV,AWP,WE,Federal Contract Tower,6,22,4,0,32,0,22,31,0,53,6,44,35,0,85,32,0,32,117
08/31/2002,EKO,NV,AWP,WE,Federal Contract Tower,4,18,0,0,22,0,10,27,0,37,4,28,27,0,59,56,0,56,115
09/01/2002,EKO,NV,AWP,WE,Federal Contract Tower,3,15,0,0,18,0,11,34,0,45,3,26,34,0,63,38,0,38,101
09/02/2002,EKO,NV,AWP,WE,Federal Contract Tower,7,20,4,0,31,0,10,51,0,61,7,30,55,0,92,88,0,88,180
09/03/2002,EKO,NV,AWP,WE,Federal Contract Tower,4,21,1,0,26,0,6,20,0,26,4,27,21,0,52,26,0,26,78
09/04/2002,EKO,NV,AWP,WE,Federal Contract Tower,3,21,0,0,24,0,4,30,0,34,3,25,30,0,58,10,0,10,68
09/05/2002,EKO,NV,AWP,WE,Federal Contract Tower,8,22,3,0,33,0,5,29,0,34,8,27,32,0,67,38,0,38,105
09/06/2002,EKO,NV,AWP,WE,Federal Contract Tower,4,27,4,0,35,0,2,8,0,10,4,29,12,0,45,46,0,46,91
09/07/2002,EKO,NV,AWP,WE,Federal Contract Tower,2,19,6,0,27,0,45,32,0,77,2,64,38,0,104,48,0,48,152
09/08/2002,EKO,NV,AWP,WE,Federal Contract Tower,3,20,2,0,25,1,2,16,0,19,4,22,18,0,44,38,0,38,82
09/09/2002,EKO,NV,AWP,WE,Federal Contract Tower,3,23,5,0,31,0,7,32,0,39,3,30,37,0,70,32,0,32,102
09/10/2002,EKO,NV,AWP,WE,Federal Contract Tower,2,18,1,0,21,0,6,20,0,26,2,24,21,0,47,44,0,44,91
09/11/2002,EKO,NV,AWP,WE,Federal Contract Tower,2,24,3,0,29,0,12,51,0,63,2,36,54,0,92,28,0,28,120
09/12/2002,EKO,NV,AWP,WE,Federal Contract Tower,6,22,0,0,28,0,12,55,0,67,6,34,55,0,95,50,0,50,145
09/13/2002,EKO,NV,AWP,WE,Federal Contract Tower,4,22,5,0,31,0,8,39,0,47,4,30,44,0,78,60,0,60,138
09/14/2002,EKO,NV,AWP,WE,Federal Contract Tower,3,22,2,0,27,0,2,36,0,38,3,24,38,0,65,114,0,114,179
09/15/2002,EKO,NV,AWP,WE,Federal Contract Tower,5,20,5,0,30,0,3,36,2,41,5,23,41,2,71,14,0,14,85
09/16/2002,EKO,NV,AWP,WE,Federal Contract Tower,5,24,2,0,31,0,6,26,0,32,5,30,28,0,63,4,0,4,67
09/17/2002,EKO,NV,AWP,WE,Federal Contract Tower,4,27,2,0,33,0,7,20,0,27,4,34,22,0,60,36,0,36,96
09/18/2002,EKO,NV,AWP,WE,Federal Contract Tower,3,26,8,0,37,0,8,34,0,42,3,34,42,0,79,12,0,12,91
09/19/2002,EKO,NV,AWP,WE,Federal Contract Tower,4,24,1,0,29,0,11,29,0,40,4,35,30,0,69,24,0,24,93
09/20/2002,EKO,NV,AWP,WE,Federal Contract Tower,4,23,3,0,30,0,12,44,0,56,4,35,47,0,86,42,0,42,128
09/21/2002,EKO,NV,AWP,WE,Federal Contract Tower,3,16,2,0,21,0,3,37,0,40,3,19,39,0,61,28,0,28,89
09/22/2002,EKO,NV,AWP,WE,Federal Contract Tower,4,20,2,0,26,0,0,36,0,36,4,20,38,0,62,54,0,54,116
09/23/2002,EKO,NV,AWP,WE,Federal Contract Tower,3,24,1,0,28,0,12,38,0,50,3,36,39,0,78,50,0,50,128
09/24/2002,EKO,NV,AWP,WE,Federal Contract Tower,4,28,6,0,38,0,6,17,0,23,4,34,23,0,61,48,0,48,109
09/25/2002,EKO,NV,AWP,WE,Federal Contract Tower,2,18,1,0,21,6,8,33,0,47,8,26,34,0,68,26,0,26,94
09/26/2002,EKO,NV,AWP,WE,Federal Contract Tower,4,21,1,0,26,0,9,33,0,42,4,30,34,0,68,12,0,12,80
09/27/2002,EKO,NV,AWP,WE,Federal Contract Tower,4,20,1,0,25,0,10,27,0,37,4,30,28,0,62,44,0,44,106
09/28/2002,EKO,NV,AWP,WE,Federal Contract Tower,1,18,1,0,20,0,6,26,0,32,1,24,27,0,52,44,0,44,96
09/29/2002,EKO,NV,AWP,WE,Federal Contract Tower,4,24,3,0,31,0,1,25,0,26,4,25,28,0,57,68,0,68,125
09/30/2002,EKO,NV,AWP,WE,Federal Contract Tower,4,21,2,0,27,0,6,17,0,23,4,27,19,0,50,14,0,14,64
10/01/2002,EKO,NV,AWP,WE,Federal Contract Tower,1,28,6,0,35,1,7,9,0,17,2,35,15,0,52,0,0,0,52
10/02/2002,EKO,NV,AWP,WE,Federal Contract Tower,3,24,5,0,32,0,7,15,0,22,3,31,20,0,54,16,0,16,70
10/03/2002,EKO,NV,AWP,WE,Federal Contract Tower,2,21,2,0,25,0,6,10,0,16,2,27,12,0,41,20,0,20,61
10/04/2002,EKO,NV,AWP,WE,Federal Contract Tower,5,27,2,0,34,0,1,12,0,13,5,28,14,0,47,38,0,38,85
10/05/2002,EKO,NV,AWP,WE,Federal Contract Tower,4,16,3,3,26,0,8,21,1,30,4,24,24,4,56,64,0,64,120
10/06/2002,EKO,NV,AWP,WE,Federal Contract Tower,4,20,0,0,24,0,2,26,0,28,4,22,26,0,52,58,0,58,110
10/07/2002,EKO,NV,AWP,WE,Federal Contract Tower,2,23,5,0,30,0,6,22,0,28,2,29,27,0,58,26,0,26,84
10/08/2002,EKO,NV,AWP,WE,Federal Contract Tower,3,24,2,0,29,0,7,30,0,37,3,31,32,0,66,86,0,86,152
10/09/2002,EKO,NV,AWP,WE,Federal Contract Tower,5,24,7,0,36,0,7,36,0,43,5,31,43,0,79,70,0,70,149
10/10/2002,EKO,NV,AWP,WE,Federal Contract Tower,3,23,0,0,26,0,9,16,0,25,3,32,16,0,51,30,0,30,81
10/11/2002,EKO,NV,AWP,WE,Federal Contract Tower,4,17,3,4,28,0,9,22,0,31,4,26,25,4,59,14,0,14,73
10/12/2002,EKO,NV,AWP,WE,Federal Contract Tower,3,19,2,0,24,1,8,29,0,38,4,27,31,0,62,158,0,158,220
10/13/2002,EKO,NV,AWP,WE,Federal Contract Tower,2,19,2,0,23,0,7,14,0,21,2,26,16,0,44,24,4,28,72
10/14/2002,EKO,NV,AWP,WE,Federal Contract Tower,3,22,2,0,27,0,3,18,0,21,3,25,20,0,48,48,0,48,96
10/15/2002,EKO,NV,AWP,WE,Federal Contract Tower,3,17,1,0,21,0,4,20,0,24,3,21,21,0,45,66,0,66,111
10/16/2002,EKO,NV,AWP,WE,Federal Contract Tower,5,19,3,0,27,0,6,19,0,25,5,25,22,0,52,4,0,4,56
10/17/2002,EKO,NV,AWP,WE,Federal Contract Tower,4,25,0,0,29,0,12,18,0,30,4,37,18,0,59,10,0,10,69
10/18/2002,EKO,NV,AWP,WE,Federal Contract Tower,7,20,0,0,27,0,7,26,2,35,7,27,26,2,62,60,0,60,122
10/19/2002,EKO,NV,AWP,WE,Federal Contract Tower,4,20,0,0,24,0,0,26,0,26,4,20,26,0,50,52,0,52,102
10/20/2002,EKO,NV,AWP,WE,Federal Contract Tower,3,16,1,0,20,0,10,23,0,33,3,26,24,0,53,80,0,80,133
10/21/2002,EKO,NV,AWP,WE,Federal Contract Tower,3,21,2,0,26,0,3,19,0,22,3,24,21,0,48,34,0,34,82
10/22/2002,EKO,NV,AWP,WE,Federal Contract Tower,2,19,5,0,26,0,5,13,0,18,2,24,18,0,44,16,0,16,60
10/23/2002,EKO,NV,AWP,WE,Federal Contract Tower,3,23,2,0,28,0,5,15,2,22,3,28,17,2,50,34,0,34,84
10/24/2002,EKO,NV,AWP,WE,Federal Contract Tower,7,23,3,0,33,0,7,22,0,29,7,30,25,0,62,68,0,68,130
10/25/2002,EKO,NV,AWP,WE,Federal Contract Tower,5,19,1,0,25,0,5,10,16,31,5,24,11,16,56,60,0,60,116
10/26/2002,EKO,NV,AWP,WE,Federal Contract Tower,3,15,1,0,19,0,8,19,0,27,3,23,20,0,46,38,0,38,84
10/27/2002,EKO,NV,AWP,WE,Federal Contract Tower,5,21,2,0,28,0,0,11,2,13,5,21,13,2,41,6,0,6,47
10/28/2002,EKO,NV,AWP,WE,Federal Contract Tower,2,19,4,0,25,0,6,13,0,19,2,25,17,0,44,2,0,2,46
10/29/2002,EKO,NV,AWP,WE,Federal Contract Tower,3,26,3,0,32,0,7,17,0,24,3,33,20,0,56,20,0,20,76
10/30/2002,EKO,NV,AWP,WE,Federal Contract Tower,3,21,0,0,24,0,9,14,0,23,3,30,14,0,47,30,0,30,77
10/31/2002,EKO,NV,AWP,WE,Federal Contract Tower,2,23,4,0,29,0,7,18,2,27,2,30,22,2,56,34,0,34,90
11/01/2002,EKO,NV,AWP,WE,Federal Contract Tower,6,27,2,0,35,0,5,14,0,19,6,32,16,0,54,12,0,12,66
11/02/2002,EKO,NV,AWP,WE,Federal Contract Tower,3,14,1,0,18,0,3,22,0,25,3,17,23,0,43,14,0,14,57
11/03/2002,EKO,NV,AWP,WE,Federal Contract Tower,3,18,3,0,24,0,1,10,0,11,3,19,13,0,35,8,0,8,43
11/04/2002,EKO,NV,AWP,WE,Federal Contract Tower,3,23,5,0,31,0,9,14,0,23,3,32,19,0,54,20,0,20,74
11/05/2002,EKO,NV,AWP,WE,Federal Contract Tower,3,21,5,0,29,0,5,28,0,33,3,26,33,0,62,68,0,68,130
11/06/2002,EKO,NV,AWP,WE,Federal Contract Tower,2,23,5,0,30,0,12,29,0,41,2,35,34,0,71,56,0,56,127
11/07/2002,EKO,NV,AWP,WE,Federal Contract Tower,3,23,1,0,27,0,6,17,0,23,3,29,18,0,50,14,0,14,64
11/08/2002,EKO,NV,AWP,WE,Federal Contract Tower,4,20,3,0,27,0,0,0,0,0,4,20,3,0,27,0,0,0,27
11/09/2002,EKO,NV,AWP,WE,Federal Contract Tower,2,16,0,0,18,0,1,2,0,3,2,17,2,0,21,104,0,104,125
11/10/2002,EKO,NV,AWP,WE,Federal Contract Tower,3,28,0,0,31,0,0,1,0,1,3,28,1,0,32,12,0,12,44
11/11/2002,EKO,NV,AWP,WE,Federal Contract Tower,3,20,1,0,24,0,0,8,0,8,3,20,9,0,32,8,0,8,40
11/12/2002,EKO,NV,AWP,WE,Federal Contract Tower,2,26,1,0,29,0,4,21,0,25,2,30,22,0,54,20,0,20,74
11/13/2002,EKO,NV,AWP,WE,Federal Contract Tower,5,28,6,0,39,0,4,12,2,18,5,32,18,2,57,16,0,16,73
11/14/2002,EKO,NV,AWP,WE,Federal Contract Tower,3,19,4,0,26,0,5,17,0,22,3,24,21,0,48,18,0,18,66
11/15/2002,EKO,NV,AWP,WE,Federal Contract Tower,3,23,4,0,30,0,6,40,0,46,3,29,44,0,76,90,0,90,166
11/16/2002,EKO,NV,AWP,WE,Federal Contract Tower,3,14,1,0,18,0,6,19,0,25,3,20,20,0,43,64,0,64,107
11/17/2002,EKO,NV,AWP,WE,Federal Contract Tower,4,20,5,0,29,0,1,15,0,16,4,21,20,0,45,34,0,34,79
11/18/2002,EKO,NV,AWP,WE,Federal Contract Tower,3,23,2,0,28,0,6,17,0,23,3,29,19,0,51,12,2,14,65
11/19/2002,EKO,NV,AWP,WE,Federal Contract Tower,4,24,1,0,29,0,8,15,2,25,4,32,16,2,54,16,0,16,70
11/20/2002,EKO,NV,AWP,WE,Federal Contract Tower,3,19,2,0,24,0,5,25,0,30,3,24,27,0,54,22,0,22,76
11/21/2002,EKO,NV,AWP,WE,Federal Contract Tower,3,19,1,0,23,0,5,21,0,26,3,24,22,0,49,24,0,24,73
11/22/2002,EKO,NV,AWP,WE,Federal Contract Tower,4,20,4,0,28,0,8,34,2,44,4,28,38,2,72,70,0,70,142
11/23/2002,EKO,NV,AWP,WE,Federal Contract Tower,2,18,3,0,23,0,2,17,0,19,2,20,20,0,42,68,0,68,110
11/24/2002,EKO,NV,AWP,WE,Federal Contract Tower,5,24,1,0,30,0,4,9,0,13,5,28,10,0,43,40,0,40,83
11/25/2002,EKO,NV,AWP,WE,Federal Contract Tower,2,20,5,0,27,0,6,7,0,13,2,26,12,0,40,58,0,58,98
11/26/2002,EKO,NV,AWP,WE,Federal Contract Tower,8,19,3,0,30,0,14,18,0,32,8,33,21,0,62,14,0,14,76
11/27/2002,EKO,NV,AWP,WE,Federal Contract Tower,4,19,4,0,27,0,11,52,0,63,4,30,56,0,90,22,0,22,112
11/28/2002,EKO,NV,AWP,WE,Federal Contract Tower,4,17,2,0,23,0,1,15,0,16,4,18,17,0,39,2,0,2,41
11/29/2002,EKO,NV,AWP,WE,Federal Contract Tower,4,17,4,0,25,0,9,16,0,25,4,26,20,0,50,36,0,36,86
11/30/2002,EKO,NV,AWP,WE,Federal Contract Tower,2,22,3,0,27,0,0,15,0,15,2,22,18,0,42,22,0,22,64
12/01/2002,EKO,NV,AWP,WE,Federal Contract Tower,4,18,7,0,29,0,5,20,0,25,4,23,27,0,54,8,0,8,62
12/02/2002,EKO,NV,AWP,WE,Federal Contract Tower,3,18,6,0,27,0,7,14,0,21,3,25,20,0,48,12,0,12,60
12/03/2002,EKO,NV,AWP,WE,Federal Contract Tower,1,21,0,0,22,0,3,13,0,16,1,24,13,0,38,6,0,6,44
12/04/2002,EKO,NV,AWP,WE,Federal Contract Tower,2,19,2,0,23,0,9,15,0,24,2,28,17,0,47,30,0,30,77
12/05/2002,EKO,NV,AWP,WE,Federal Contract Tower,6,24,1,0,31,0,8,23,0,31,6,32,24,0,62,38,0,38,100
12/06/2002,EKO,NV,AWP,WE,Federal Contract Tower,4,22,2,0,28,0,8,18,0,26,4,30,20,0,54,6,0,6,60
12/07/2002,EKO,NV,AWP,WE,Federal Contract Tower,3,19,2,0,24,0,1,11,0,12,3,20,13,0,36,50,0,50,86
12/08/2002,EKO,NV,AWP,WE,Federal Contract Tower,4,22,0,0,26,0,2,22,0,24,4,24,22,0,50,82,0,82,132
12/09/2002,EKO,NV,AWP,WE,Federal Contract Tower,2,18,0,0,20,0,2,17,0,19,2,20,17,0,39,18,0,18,57
12/10/2002,EKO,NV,AWP,WE,Federal Contract Tower,3,28,3,0,34,0,0,4,0,4,3,28,7,0,38,28,0,28,66
12/11/2002,EKO,NV,AWP,WE,Federal Contract Tower,0,3,0,0,3,3,28,13,0,44,3,31,13,0,47,14,0,14,61
12/12/2002,EKO,NV,AWP,WE,Federal Contract Tower,2,28,2,0,32,0,5,10,0,15,2,33,12,0,47,26,0,26,73
12/13/2002,EKO,NV,AWP,WE,Federal Contract Tower,3,26,1,0,30,0,3,2,0,5,3,29,3,0,35,4,0,4,39
12/14/2002,EKO,NV,AWP,WE,Federal Contract Tower,3,15,1,0,19,0,0,4,0,4,3,15,5,0,23,0,0,0,23
12/15/2002,EKO,NV,AWP,WE,Federal Contract Tower,2,18,2,0,22,0,4,4,0,8,2,22,6,0,30,4,0,4,34
12/16/2002,EKO,NV,AWP,WE,Federal Contract Tower,4,30,4,0,38,0,4,0,0,4,4,34,4,0,42,0,0,0,42
12/17/2002,EKO,NV,AWP,WE,Federal Contract Tower,3,27,1,0,31,0,2,0,0,2,3,29,1,0,33,16,0,16,49
12/18/2002,EKO,NV,AWP,WE,Federal Contract Tower,2,24,1,0,27,0,8,8,0,16,2,32,9,0,43,12,0,12,55
12/19/2002,EKO,NV,AWP,WE,Federal Contract Tower,3,22,1,0,26,0,6,10,0,16,3,28,11,0,42,52,0,52,94
12/20/2002,EKO,NV,AWP,WE,Federal Contract Tower,2,28,1,0,31,0,2,7,0,9,2,30,8,0,40,10,0,10,50
12/21/2002,EKO,NV,AWP,WE,Federal Contract Tower,1,14,0,0,15,0,2,6,0,8,1,16,6,0,23,2,0,2,25
12/22/2002,EKO,NV,AWP,WE,Federal Contract Tower,4,23,1,0,28,0,5,11,0,16,4,28,12,0,44,12,0,12,56
12/23/2002,EKO,NV,AWP,WE,Federal Contract Tower,4,29,0,0,33,0,1,7,0,8,4,30,7,0,41,38,0,38,79
12/24/2002,EKO,NV,AWP,WE,Federal Contract Tower,3,18,1,0,22,0,3,11,0,14,3,21,12,0,36,26,0,26,62
12/25/2002,EKO,NV,AWP,WE,Federal Contract Tower,3,7,1,0,11,0,1,0,0,1,3,8,1,0,12,50,0,50,62
12/26/2002,EKO,NV,AWP,WE,Federal Contract Tower,3,23,1,0,27,0,0,4,0,4,3,23,5,0,31,10,0,10,41
12/27/2002,EKO,NV,AWP,WE,Federal Contract Tower,4,21,0,0,25,0,4,9,0,13,4,25,9,0,38,0,0,0,38
12/28/2002,EKO,NV,AWP,WE,Federal Contract Tower,8,15,1,0,24,0,8,6,0,14,8,23,7,0,38,12,0,12,50
12/29/2002,EKO,NV,AWP,WE,Federal Contract Tower,4,24,2,0,30,0,0,4,0,4,4,24,6,0,34,14,0,14,48
12/30/2002,EKO,NV,AWP,WE,Federal Contract Tower,10,24,0,0,34,0,2,4,0,6,10,26,4,0,40,2,0,2,42
12/31/2002,EKO,NV,AWP,WE,Federal Contract Tower,3,16,1,0,20,0,0,0,0,0,3,16,1,0,20,0,0,0,20
01/01/2003,EKO,NV,AWP,WE,Federal Contract Tower,5,11,1,0,17,1,0,6,0,7,6,11,7,0,24,36,0,36,60
01/02/2003,EKO,NV,AWP,WE,Federal Contract Tower,4,25,2,0,31,0,5,19,0,24,4,30,21,0,55,34,0,34,89
01/03/2003,EKO,NV,AWP,WE,Federal Contract Tower,3,21,3,0,27,0,7,13,0,20,3,28,16,0,47,18,0,18,65
01/04/2003,EKO,NV,AWP,WE,Federal Contract Tower,4,17,4,2,27,0,0,18,0,18,4,17,22,2,45,62,0,62,107
01/05/2003,EKO,NV,AWP,WE,Federal Contract Tower,3,20,2,0,25,0,6,10,2,18,3,26,12,2,43,28,0,28,71
01/06/2003,EKO,NV,AWP,WE,Federal Contract Tower,3,24,2,0,29,0,7,12,0,19,3,31,14,0,48,20,0,20,68
01/07/2003,EKO,NV,AWP,WE,Federal Contract Tower,3,20,1,0,24,0,12,22,0,34,3,32,23,0,58,30,0,30,88
01/08/2003,EKO,NV,AWP,WE,Federal Contract Tower,3,23,1,0,27,0,16,23,0,39,3,39,24,0,66,40,0,40,106
01/09/2003,EKO,NV,AWP,WE,Federal Contract Tower,2,30,3,0,35,0,2,15,0,17,2,32,18,0,52,10,0,10,62
01/10/2003,EKO,NV,AWP,WE,Federal Contract Tower,3,26,2,0,31,0,0,6,0,6,3,26,8,0,37,16,0,16,53
01/11/2003,EKO,NV,AWP,WE,Federal Contract Tower,4,20,3,0,27,0,0,4,0,4,4,20,7,0,31,80,0,80,111
01/12/2003,EKO,NV,AWP,WE,Federal Contract Tower,2,22,3,0,27,0,0,8,0,8,2,22,11,0,35,66,0,66,101
01/13/2003,EKO,NV,AWP,WE,Federal Contract Tower,2,23,2,0,27,0,11,11,0,22,2,34,13,0,49,2,0,2,51
01/14/2003,EKO,NV,AWP,WE,Federal Contract Tower,4,22,3,0,29,0,6,16,0,22,4,28,19,0,51,0,0,0,51
01/15/2003,EKO,NV,AWP,WE,Federal Contract Tower,5,19,1,2,27,0,4,20,0,24,5,23,21,2,51,50,0,50,101
01/16/2003,EKO,NV,AWP,WE,Federal Contract Tower,4,22,1,0,27,0,6,20,0,26,4,28,21,0,53,36,0,36,89
01/17/2003,EKO,NV,AWP,WE,Federal Contract Tower,3,19,2,0,24,0,5,28,0,33,3,24,30,0,57,46,0,46,103
01/18/2003,EKO,NV,AWP,WE,Federal Contract Tower,2,19,2,0,23,0,0,20,0,20,2,19,22,0,43,64,0,64,107
01/19/2003,EKO,NV,AWP,WE,Federal Contract Tower,4,23,5,0,32,0,5,16,0,21,4,28,21,0,53,66,0,66,119
01/20/2003,EKO,NV,AWP,WE,Federal Contract Tower,4,22,0,0,26,0,2,10,0,12,4,24,10,0,38,26,0,26,64
01/21/2003,EKO,NV,AWP,WE,Federal Contract Tower,4,24,2,0,30,0,6,8,0,14,4,30,10,0,44,10,0,10,54
01/22/2003,EKO,NV,AWP,WE,Federal Contract Tower,4,26,4,0,34,4,2,12,0,18,8,28,16,0,52,24,0,24,76
01/23/2003,EKO,NV,AWP,WE,Federal Contract Tower,4,38,10,0,52,0,2,13,0,15,4,40,23,0,67,0,0,0,67
01/24/2003,EKO,NV,AWP,WE,Federal Contract Tower,3,26,2,0,31,0,0,2,0,2,3,26,4,0,33,52,0,52,85
01/25/2003,EKO,NV,AWP,WE,Federal Contract Tower,2,22,3,0,27,0,4,19,0,23,2,26,22,0,50,50,0,50,100
01/26/2003,EKO,NV,AWP,WE,Federal Contract Tower,4,24,3,0,31,0,0,13,0,13,4,24,16,0,44,64,0,64,108
01/27/2003,EKO,NV,AWP,WE,Federal Contract Tower,3,30,1,0,34,0,0,6,0,6,3,30,7,0,40,0,0,0,40
01/28/2003,EKO,NV,AWP,WE,Federal Contract Tower,5,28,2,0,35,0,2,4,0,6,5,30,6,0,41,40,0,40,81
01/29/2003,EKO,NV,AWP,WE,Federal Contract Tower,4,27,6,0,37,0,5,21,0,26,4,32,27,0,63,40,0,40,103
01/30/2003,EKO,NV,AWP,WE,Federal Contract Tower,2,29,3,0,34,0,5,14,0,19,2,34,17,0,53,26,0,26,79
01/31/2003,EKO,NV,AWP,WE,Federal Contract Tower,3,23,3,0,29,0,2,21,0,23,3,25,24,0,52,36,0,36,88
02/01/2003,EKO,NV,AWP,WE,Federal Contract Tower,3,16,0,0,19,0,3,6,0,9,3,19,6,0,28,4,0,4,32
02/02/2003,EKO,NV,AWP,WE,Federal Contract Tower,2,24,16,0,42,0,0,11,0,11,2,24,27,0,53,12,0,12,65
02/03/2003,EKO,NV,AWP,WE,Federal Contract Tower,4,25,2,0,31,0,4,11,0,15,4,29,13,0,46,24,0,24,70
02/04/2003,EKO,NV,AWP,WE,Federal Contract Tower,3,28,2,0,33,0,10,7,0,17,3,38,9,0,50,8,0,8,58
02/05/2003,EKO,NV,AWP,WE,Federal Contract Tower,3,26,2,0,31,0,2,20,0,22,3,28,22,0,53,12,0,12,65
02/06/2003,EKO,NV,AWP,WE,Federal Contract Tower,2,20,6,0,28,0,10,19,0,29,2,30,25,0,57,0,0,0,57
02/07/2003,EKO,NV,AWP,WE,Federal Contract Tower,3,22,2,0,27,0,2,23,0,25,3,24,25,0,52,30,0,30,82
02/08/2003,EKO,NV,AWP,WE,Federal Contract Tower,2,17,2,0,21,0,4,11,0,15,2,21,13,0,36,102,0,102,138
02/09/2003,EKO,NV,AWP,WE,Federal Contract Tower,4,19,3,0,26,0,4,15,0,19,4,23,18,0,45,38,0,38,83
02/10/2003,EKO,NV,AWP,WE,Federal Contract Tower,4,26,3,0,33,0,3,20,0,23,4,29,23,0,56,10,0,10,66
02/11/2003,EKO,NV,AWP,WE,Federal Contract Tower,2,22,4,0,28,0,5,34,0,39,2,27,38,0,67,32,0,32,99
02/12/2003,EKO,NV,AWP,WE,Federal Contract Tower,4,20,8,0,32,0,5,11,0,16,4,25,19,0,48,26,0,26,74
02/13/2003,EKO,NV,AWP,WE,Federal Contract Tower,3,27,4,0,34,0,0,5,0,5,3,27,9,0,39,0,0,0,39
02/14/2003,EKO,NV,AWP,WE,Federal Contract Tower,2,26,4,0,32,0,1,6,0,7,2,27,10,0,39,36,0,36,75
02/15/2003,EKO,NV,AWP,WE,Federal Contract Tower,3,16,1,0,20,0,2,13,0,15,3,18,14,0,35,28,0,28,63
02/16/2003,EKO,NV,AWP,WE,Federal Contract Tower,3,20,1,0,24,0,0,4,0,4,3,20,5,0,28,12,0,12,40
02/17/2003,EKO,NV,AWP,WE,Federal Contract Tower,2,22,3,0,27,0,1,6,0,7,2,23,9,0,34,40,0,40,74
02/18/2003,EKO,NV,AWP,WE,Federal Contract Tower,3,25,1,0,29,0,3,7,0,10,3,28,8,0,39,2,0,2,41
02/19/2003,EKO,NV,AWP,WE,Federal Contract Tower,3,22,3,0,28,0,0,20,0,20,3,22,23,0,48,2,0,2,50
02/20/2003,EKO,NV,AWP,WE,Federal Contract Tower,2,24,11,0,37,0,3,13,0,16,2,27,24,0,53,14,0,14,67
02/21/2003,EKO,NV,AWP,WE,Federal Contract Tower,4,21,2,0,27,0,10,17,0,27,4,31,19,0,54,24,0,24,78
02/22/2003,EKO,NV,AWP,WE,Federal Contract Tower,3,20,5,0,28,0,0,3,0,3,3,20,8,0,31,0,0,0,31
02/23/2003,EKO,NV,AWP,WE,Federal Contract Tower,3,23,3,0,29,0,0,18,0,18,3,23,21,0,47,18,0,18,65
02/24/2003,EKO,NV,AWP,WE,Federal Contract Tower,4,22,9,0,35,0,0,2,0,2,4,22,11,0,37,0,0,0,37
02/25/2003,EKO,NV,AWP,WE,Federal Contract Tower,3,26,2,0,31,0,1,16,0,17,3,27,18,0,48,7,0,7,55
02/26/2003,EKO,NV,AWP,WE,Federal Contract Tower,4,22,6,0,32,0,8,13,2,23,4,30,19,2,55,24,0,24,79
02/27/2003,EKO,NV,AWP,WE,Federal Contract Tower,2,26,8,0,36,0,4,9,0,13,2,30,17,0,49,22,0,22,71
02/28/2003,EKO,NV,AWP,WE,Federal Contract Tower,6,27,4,0,37,0,4,15,0,19,6,31,19,0,56,10,0,10,66
03/01/2003,EKO,NV,AWP,WE,Federal Contract Tower,2,22,1,0,25,0,6,9,0,15,2,28,10,0,40,10,0,10,50
03/02/2003,EKO,NV,AWP,WE,Federal Contract Tower,3,20,8,0,31,0,3,18,0,21,3,23,26,0,52,6,0,6,58
03/03/2003,EKO,NV,AWP,WE,Federal Contract Tower,2,26,1,0,29,0,1,7,0,8,2,27,8,0,37,18,0,18,55
03/04/2003,EKO,NV,AWP,WE,Federal Contract Tower,3,21,5,0,29,0,3,17,0,20,3,24,22,0,49,18,0,18,67
03/05/2003,EKO,NV,AWP,WE,Federal Contract Tower,2,22,2,0,26,0,4,18,0,22,2,26,20,0,48,6,0,6,54
03/06/2003,EKO,NV,AWP,WE,Federal Contract Tower,4,28,9,0,41,0,2,17,0,19,4,30,26,0,60,2,0,2,62
03/07/2003,EKO,NV,AWP,WE,Federal Contract Tower,3,28,3,0,34,0,9,18,0,27,3,37,21,0,61,18,0,18,79
03/08/2003,EKO,NV,AWP,WE,Federal Contract Tower,3,17,3,0,23,0,0,20,0,20,3,17,23,0,43,44,0,44,87
03/09/2003,EKO,NV,AWP,WE,Federal Contract Tower,4,21,10,0,35,0,2,7,0,9,4,23,17,0,44,12,0,12,56
03/10/2003,EKO,NV,AWP,WE,Federal Contract Tower,4,16,0,0,20,0,8,11,0,19,4,24,11,0,39,24,0,24,63
03/11/2003,EKO,NV,AWP,WE,Federal Contract Tower,3,16,4,0,23,0,10,10,2,22,3,26,14,2,45,26,0,26,71
03/12/2003,EKO,NV,AWP,WE,Federal Contract Tower,5,26,6,0,37,0,8,22,0,30,5,34,28,0,67,18,0,18,85
03/13/2003,EKO,NV,AWP,WE,Federal Contract Tower,2,26,5,0,33,0,4,25,2,31,2,30,30,2,64,10,0,10,74
03/14/2003,EKO,NV,AWP,WE,Federal Contract Tower,3,18,3,0,24,0,11,11,0,22,3,29,14,0,46,0,0,0,46
03/15/2003,EKO,NV,AWP,WE,Federal Contract Tower,2,17,1,0,20,0,0,2,0,2,2,17,3,0,22,18,0,18,40
03/16/2003,EKO,NV,AWP,WE,Federal Contract Tower,3,20,2,0,25,0,1,11,0,12,3,21,13,0,37,18,0,18,55
03/17/2003,EKO,NV,AWP,WE,Federal Contract Tower,3,24,2,0,29,0,4,10,0,14,3,28,12,0,43,32,0,32,75
03/18/2003,EKO,NV,AWP,WE,Federal Contract Tower,3,18,1,0,22,0,12,11,0,23,3,30,12,0,45,10,0,10,55
03/19/2003,EKO,NV,AWP,WE,Federal Contract Tower,4,25,5,0,34,0,4,20,0,24,4,29,25,0,58,48,0,48,106
03/20/2003,EKO,NV,AWP,WE,Federal Contract Tower,3,27,2,0,32,0,1,15,0,16,3,28,17,0,48,14,0,14,62
03/21/2003,EKO,NV,AWP,WE,Federal Contract Tower,3,23,1,0,27,0,3,27,0,30,3,26,28,0,57,16,0,16,73
03/22/2003,EKO,NV,AWP,WE,Federal Contract Tower,2,16,0,0,18,0,0,18,0,18,2,16,18,0,36,24,0,24,60
03/23/2003,EKO,NV,AWP,WE,Federal Contract Tower,3,19,2,0,24,0,1,8,0,9,3,20,10,0,33,2,0,2,35
03/24/2003,EKO,NV,AWP,WE,Federal Contract Tower,5,22,2,0,29,0,6,7,0,13,5,28,9,0,42,116,0,116,158
03/25/2003,EKO,NV,AWP,WE,Federal Contract Tower,2,24,1,0,27,0,4,6,0,10,2,28,7,0,37,30,0,30,67
03/26/2003,EKO,NV,AWP,WE,Federal Contract Tower,3,26,4,0,33,0,0,2,0,2,3,26,6,0,35,2,0,2,37
03/27/2003,EKO,NV,AWP,WE,Federal Contract Tower,3,25,4,0,32,0,0,15,0,15,3,25,19,0,47,6,0,6,53
03/28/2003,EKO,NV,AWP,WE,Federal Contract Tower,3,23,8,0,34,0,7,17,0,24,3,30,25,0,58,30,0,30,88
03/29/2003,EKO,NV,AWP,WE,Federal Contract Tower,3,15,3,0,21,0,1,14,0,15,3,16,17,0,36,56,0,56,92
03/30/2003,EKO,NV,AWP,WE,Federal Contract Tower,8,22,2,0,32,0,2,15,0,17,8,24,17,0,49,52,0,52,101
03/31/2003,EKO,NV,AWP,WE,Federal Contract Tower,4,21,11,0,36,0,8,27,0,35,4,29,38,0,71,12,0,12,83
04/01/2003,EKO,NV,AWP,WE,Federal Contract Tower,6,24,1,0,31,0,7,6,0,13,6,31,7,0,44,0,0,0,44
04/02/2003,EKO,NV,AWP,WE,Federal Contract Tower,5,23,4,0,32,0,1,5,0,6,5,24,9,0,38,3,0,3,41
04/03/2003,EKO,NV,AWP,WE,Federal Contract Tower,7,28,6,0,41,0,6,11,0,17,7,34,17,0,58,10,0,10,68
04/04/2003,EKO,NV,AWP,WE,Federal Contract Tower,7,28,0,0,35,0,4,7,0,11,7,32,7,0,46,10,0,10,56
04/05/2003,EKO,NV,AWP,WE,Federal Contract Tower,3,16,2,0,21,0,2,0,0,2,3,18,2,0,23,18,0,18,41
04/06/2003,EKO,NV,AWP,WE,Federal Contract Tower,5,20,1,0,26,0,0,0,0,0,5,20,1,0,26,10,0,10,36
04/07/2003,EKO,NV,AWP,WE,Federal Contract Tower,2,19,2,0,23,0,5,16,0,21,2,24,18,0,44,12,0,12,56
04/08/2003,EKO,NV,AWP,WE,Federal Contract Tower,3,20,0,0,23,0,5,24,0,29,3,25,24,0,52,0,0,0,52
04/09/2003,EKO,NV,AWP,WE,Federal Contract Tower,5,21,2,0,28,0,8,25,0,33,5,29,27,0,61,26,0,26,87
04/10/2003,EKO,NV,AWP,WE,Federal Contract Tower,4,23,4,0,31,0,12,23,0,35,4,35,27,0,66,36,0,36,102
04/11/2003,EKO,NV,AWP,WE,Federal Contract Tower,4,27,1,0,32,0,4,35,0,39,4,31,36,0,71,34,0,34,105
04/12/2003,EKO,NV,AWP,WE,Federal Contract Tower,4,15,0,0,19,0,4,14,0,18,4,19,14,0,37,12,0,12,49
04/13/2003,EKO,NV,AWP,WE,Federal Contract Tower,4,23,2,0,29,0,0,4,0,4,4,23,6,0,33,0,0,0,33
04/14/2003,EKO,NV,AWP,WE,Federal Contract Tower,6,31,6,0,43,0,0,0,0,0,6,31,6,0,43,0,0,0,43
04/15/2003,EKO,NV,AWP,WE,Federal Contract Tower,6,26,2,0,34,0,4,5,0,9,6,30,7,0,43,44,0,44,87
04/16/2003,EKO,NV,AWP,WE,Federal Contract Tower,4,26,2,0,32,0,6,14,0,20,4,32,16,0,52,16,0,16,68
04/17/2003,EKO,NV,AWP,WE,Federal Contract Tower,7,24,3,0,34,0,2,6,0,8,7,26,9,0,42,22,0,22,64
04/18/2003,EKO,NV,AWP,WE,Federal Contract Tower,4,30,2,0,36,0,2,10,0,12,4,32,12,0,48,10,0,10,58
04/19/2003,EKO,NV,AWP,WE,Federal Contract Tower,4,16,1,0,21,0,2,22,0,24,4,18,23,0,45,62,0,62,107
04/20/2003,EKO,NV,AWP,WE,Federal Contract Tower,5,24,2,0,31,0,6,10,0,16,5,30,12,0,47,8,0,8,55
04/21/2003,EKO,NV,AWP,WE,Federal Contract Tower,5,27,1,0,33,0,7,18,0,25,5,34,19,0,58,14,0,14,72
04/22/2003,EKO,NV,AWP,WE,Federal Contract Tower,7,29,4,0,40,0,7,14,0,21,7,36,18,0,61,10,0,10,71
04/23/2003,EKO,NV,AWP,WE,Federal Contract Tower,4,28,5,0,37,0,2,9,0,11,4,30,14,0,48,28,0,28,76
04/24/2003,EKO,NV,AWP,WE,Federal Contract Tower,4,19,5,0,28,0,6,21,0,27,4,25,26,0,55,12,0,12,67
04/25/2003,EKO,NV,AWP,WE,Federal Contract Tower,4,23,4,0,31,0,4,10,0,14,4,27,14,0,45,8,0,8,53
04/26/2003,EKO,NV,AWP,WE,Federal Contract Tower,4,15,4,0,23,0,0,4,0,4,4,15,8,0,27,6,0,6,33
04/27/2003,EKO,NV,AWP,WE,Federal Contract Tower,4,20,2,0,26,0,6,12,0,18,4,26,14,0,44,20,0,20,64
04/28/2003,EKO,NV,AWP,WE,Federal Contract Tower,5,32,0,0,37,0,8,7,0,15,5,40,7,0,52,28,0,28,80
04/29/2003,EKO,NV,AWP,WE,Federal Contract Tower,4,26,4,0,34,0,6,3,0,9,4,32,7,0,43,44,0,44,87
04/30/2003,EKO,NV,AWP,WE,Federal Contract Tower,6,30,5,0,41,0,8,11,0,19,6,38,16,0,60,28,0,28,88
05/01/2003,EKO,NV,AWP,WE,Federal Contract Tower,6,14,2,0,22,0,10,16,0,26,6,24,18,0,48,14,0,14,62
05/02/2003,EKO,NV,AWP,WE,Federal Contract Tower,4,25,3,0,32,0,13,13,2,28,4,38,16,2,60,30,0,30,90
05/03/2003,EKO,NV,AWP,WE,Federal Contract Tower,3,20,2,0,25,0,2,4,0,6,3,22,6,0,31,6,0,6,37
05/04/2003,EKO,NV,AWP,WE,Federal Contract Tower,5,15,2,0,22,0,4,0,0,4,5,19,2,0,26,20,0,20,46
05/05/2003,EKO,NV,AWP,WE,Federal Contract Tower,4,20,7,0,31,0,5,27,0,32,4,25,34,0,63,26,0,26,89
05/06/2003,EKO,NV,AWP,WE,Federal Contract Tower,6,20,6,0,32,0,4,18,0,22,6,24,24,0,54,0,0,0,54
05/07/2003,EKO,NV,AWP,WE,Federal Contract Tower,5,15,0,0,20,0,15,14,0,29,5,30,14,0,49,2,0,2,51
05/08/2003,EKO,NV,AWP,WE,Federal Contract Tower,4,16,5,0,25,0,0,2,0,2,4,16,7,0,27,4,0,4,31
05/09/2003,EKO,NV,AWP,WE,Federal Contract Tower,6,21,4,0,31,0,1,3,0,4,6,22,7,0,35,24,0,24,59
05/10/2003,EKO,NV,AWP,WE,Federal Contract Tower,5,10,0,0,15,0,0,6,0,6,5,10,6,0,21,20,0,20,41
05/11/2003,EKO,NV,AWP,WE,Federal Contract Tower,8,20,2,0,30,0,4,21,0,25,8,24,23,0,55,10,0,10,65
05/12/2003,EKO,NV,AWP,WE,Federal Contract Tower,8,14,0,0,22,0,7,10,0,17,8,21,10,0,39,44,0,44,83
05/13/2003,EKO,NV,AWP,WE,Federal Contract Tower,4,19,3,0,26,0,5,30,0,35,4,24,33,0,61,34,0,34,95
05/14/2003,EKO,NV,AWP,WE,Federal Contract Tower,5,13,3,0,21,0,8,19,0,27,5,21,22,0,48,30,0,30,78
05/15/2003,EKO,NV,AWP,WE,Federal Contract Tower,6,16,3,0,25,0,4,15,0,19,6,20,18,0,44,18,0,18,62
05/16/2003,EKO,NV,AWP,WE,Federal Contract Tower,6,19,5,0,30,0,6,34,0,40,6,25,39,0,70,20,0,20,90
05/17/2003,EKO,NV,AWP,WE,Federal Contract Tower,4,15,0,0,19,0,1,26,0,27,4,16,26,0,46,36,0,36,82
05/18/2003,EKO,NV,AWP,WE,Federal Contract Tower,6,16,1,0,23,0,2,19,0,21,6,18,20,0,44,64,0,64,108
05/19/2003,EKO,NV,AWP,WE,Federal Contract Tower,6,19,2,0,27,0,5,13,0,18,6,24,15,0,45,15,0,15,60
05/20/2003,EKO,NV,AWP,WE,Federal Contract Tower,4,15,5,0,24,0,5,31,0,36,4,20,36,0,60,40,0,40,100
05/21/2003,EKO,NV,AWP,WE,Federal Contract Tower,5,14,3,0,22,0,6,17,1,24,5,20,20,1,46,54,0,54,100
05/22/2003,EKO,NV,AWP,WE,Federal Contract Tower,7,16,1,0,24,0,14,35,1,50,7,30,36,1,74,24,0,24,98
05/23/2003,EKO,NV,AWP,WE,Federal Contract Tower,6,15,6,0,27,0,8,51,0,59,6,23,57,0,86,90,0,90,176
05/24/2003,EKO,NV,AWP,WE,Federal Contract Tower,6,16,3,0,25,0,4,32,0,36,6,20,35,0,61,43,0,43,104
05/25/2003,EKO,NV,AWP,WE,Federal Contract Tower,4,13,1,0,18,0,1,17,0,18,4,14,18,0,36,30,0,30,66
05/26/2003,EKO,NV,AWP,WE,Federal Contract Tower,5,13,6,0,24,0,1,33,0,34,5,14,39,0,58,24,0,24,82
05/27/2003,EKO,NV,AWP,WE,Federal Contract Tower,4,19,1,0,24,0,11,20,0,31,4,30,21,0,55,38,0,38,93
05/28/2003,EKO,NV,AWP,WE,Federal Contract Tower,4,18,2,0,24,0,11,30,0,41,4,29,32,0,65,24,0,24,89
05/29/2003,EKO,NV,AWP,WE,Federal Contract Tower,4,23,5,0,32,0,4,32,0,36,4,27,37,0,68,28,0,28,96
05/30/2003,EKO,NV,AWP,WE,Federal Contract Tower,6,19,0,0,25,0,8,38,0,46,6,27,38,0,71,36,0,36,107
05/31/2003,EKO,NV,AWP,WE,Federal Contract Tower,4,12,0,0,16,0,1,38,0,39,4,13,38,0,55,30,0,30,85
06/01/2003,EKO,NV,AWP,WE,Federal Contract Tower,5,22,2,0,29,1,0,45,0,46,6,22,47,0,75,18,0,18,93
06/02/2003,EKO,NV,AWP,WE,Federal Contract Tower,5,25,6,0,36,1,7,24,0,32,6,32,30,0,68,30,0,30,98
06/03/2003,EKO,NV,AWP,WE,Federal Contract Tower,3,21,2,0,26,1,9,33,0,43,4,30,35,0,69,28,0,28,97
06/04/2003,EKO,NV,AWP,WE,Federal Contract Tower,4,19,0,0,23,0,8,32,0,40,4,27,32,0,63,26,0,26,89
06/05/2003,EKO,NV,AWP,WE,Federal Contract Tower,8,23,2,0,33,0,10,37,0,47,8,33,39,0,80,14,0,14,94
06/06/2003,EKO,NV,AWP,WE,Federal Contract Tower,4,19,4,0,27,0,5,28,0,33,4,24,32,0,60,14,0,14,74
06/07/2003,EKO,NV,AWP,WE,Federal Contract Tower,3,14,0,0,17,0,1,47,0,48,3,15,47,0,65,20,0,20,85
06/08/2003,EKO,NV,AWP,WE,Federal Contract Tower,4,19,3,0,26,0,4,29,0,33,4,23,32,0,59,34,0,34,93
06/09/2003,EKO,NV,AWP,WE,Federal Contract Tower,4,18,2,0,24,0,9,18,0,27,4,27,20,0,51,36,0,36,87
06/10/2003,EKO,NV,AWP,WE,Federal Contract Tower,3,23,4,0,30,0,3,26,0,29,3,26,30,0,59,29,0,29,88
06/11/2003,EKO,NV,AWP,WE,Federal Contract Tower,5,29,2,0,36,0,5,34,0,39,5,34,36,0,75,31,0,31,106
06/12/2003,EKO,NV,AWP,WE,Federal Contract Tower,4,20,3,0,27,0,4,40,0,44,4,24,43,0,71,20,0,20,91
06/13/2003,EKO,NV,AWP,WE,Federal Contract Tower,6,22,0,0,28,0,4,37,0,41,6,26,37,0,69,21,0,21,90
06/14/2003,EKO,NV,AWP,WE,Federal Contract Tower,4,22,8,0,34,0,0,49,0,49,4,22,57,0,83,52,0,52,135
06/15/2003,EKO,NV,AWP,WE,Federal Contract Tower,7,22,8,0,37,0,2,21,0,23,7,24,29,0,60,58,0,58,118
06/16/2003,EKO,NV,AWP,WE,Federal Contract Tower,8,24,6,0,38,0,15,37,0,52,8,39,43,0,90,22,0,22,112
06/17/2003,EKO,NV,AWP,WE,Federal Contract Tower,5,22,4,0,31,0,18,40,0,58,5,40,44,0,89,34,0,34,123
06/18/2003,EKO,NV,AWP,WE,Federal Contract Tower,4,21,2,0,27,0,6,33,0,39,4,27,35,0,66,22,0,22,88
06/19/2003,EKO,NV,AWP,WE,Federal Contract Tower,5,17,1,0,23,0,8,44,0,52,5,25,45,0,75,2,0,2,77
06/20/2003,EKO,NV,AWP,WE,Federal Contract Tower,5,22,1,0,28,0,10,30,0,40,5,32,31,0,68,16,0,16,84
06/21/2003,EKO,NV,AWP,WE,Federal Contract Tower,8,16,3,0,27,0,8,33,0,41,8,24,36,0,68,54,0,54,122
06/22/2003,EKO,NV,AWP,WE,Federal Contract Tower,6,20,6,0,32,0,2,33,0,35,6,22,39,0,67,23,0,23,90
06/23/2003,EKO,NV,AWP,WE,Federal Contract Tower,6,23,3,0,32,0,3,23,0,26,6,26,26,0,58,11,0,11,69
06/24/2003,EKO,NV,AWP,WE,Federal Contract Tower,4,17,3,0,24,0,3,21,0,24,4,20,24,0,48,16,0,16,64
06/25/2003,EKO,NV,AWP,WE,Federal Contract Tower,4,18,0,0,22,0,5,20,0,25,4,23,20,0,47,23,0,23,70
06/26/2003,EKO,NV,AWP,WE,Federal Contract Tower,6,27,3,0,36,0,7,40,0,47,6,34,43,0,83,50,0,50,133
06/27/2003,EKO,NV,AWP,WE,Federal Contract Tower,6,24,2,0,32,0,0,41,0,41,6,24,43,0,73,50,0,50,123
06/28/2003,EKO,NV,AWP,WE,Federal Contract Tower,4,24,2,0,30,0,1,43,0,44,4,25,45,0,74,36,0,36,110
06/29/2003,EKO,NV,AWP,WE,Federal Contract Tower,6,22,3,0,31,0,0,31,0,31,6,22,34,0,62,36,0,36,98
06/30/2003,EKO,NV,AWP,WE,Federal Contract Tower,4,20,1,0,25,0,9,25,0,34,4,29,26,0,59,28,0,28,87
07/01/2003,EKO,NV,AWP,WE,Federal Contract Tower,4,17,2,0,23,0,6,25,0,31,4,23,27,0,54,14,0,14,68
07/02/2003,EKO,NV,AWP,WE,Federal Contract Tower,4,18,3,0,25,0,6,47,0,53,4,24,50,0,78,20,0,20,98
07/03/2003,EKO,NV,AWP,WE,Federal Contract Tower,4,17,0,0,21,0,6,48,0,54,4,23,48,0,75,16,0,16,91
07/04/2003,EKO,NV,AWP,WE,Federal Contract Tower,5,16,6,0,27,0,8,30,0,38,5,24,36,0,65,34,0,34,99
07/05/2003,EKO,NV,AWP,WE,Federal Contract Tower,2,10,5,0,17,0,3,15,0,18,2,13,20,0,35,78,0,78,113
07/06/2003,EKO,NV,AWP,WE,Federal Contract Tower,3,14,0,0,17,0,1,27,0,28,3,15,27,0,45,32,0,32,77
07/07/2003,EKO,NV,AWP,WE,Federal Contract Tower,3,18,0,0,21,0,4,31,0,35,3,22,31,0,56,15,0,15,71
07/08/2003,EKO,NV,AWP,WE,Federal Contract Tower,2,19,0,0,21,0,11,28,0,39,2,30,28,0,60,8,0,8,68
07/09/2003,EKO,NV,AWP,WE,Federal Contract Tower,4,15,6,0,25,0,10,21,0,31,4,25,27,0,56,30,0,30,86
07/10/2003,EKO,NV,AWP,WE,Federal Contract Tower,4,18,0,0,22,0,4,18,0,22,4,22,18,0,44,22,0,22,66
07/11/2003,EKO,NV,AWP,WE,Federal Contract Tower,3,16,3,0,22,0,7,19,0,26,3,23,22,0,48,28,0,28,76
07/12/2003,EKO,NV,AWP,WE,Federal Contract Tower,3,8,0,0,11,0,0,25,0,25,3,8,25,0,36,30,0,30,66
07/13/2003,EKO,NV,AWP,WE,Federal Contract Tower,4,20,6,0,30,0,3,25,0,28,4,23,31,0,58,18,0,18,76
07/14/2003,EKO,NV,AWP,WE,Federal Contract Tower,3,16,4,0,23,0,6,24,2,32,3,22,28,2,55,54,0,54,109
07/15/2003,EKO,NV,AWP,WE,Federal Contract Tower,2,17,6,0,25,0,7,24,0,31,2,24,30,0,56,12,0,12,68
07/16/2003,EKO,NV,AWP,WE,Federal Contract Tower,3,18,4,0,25,0,5,30,0,35,3,23,34,0,60,24,0,24,84
07/17/2003,EKO,NV,AWP,WE,Federal Contract Tower,4,16,2,0,22,0,4,74,0,78,4,20,76,0,100,16,0,16,116
07/18/2003,EKO,NV,AWP,WE,Federal Contract Tower,4,15,3,0,22,0,2,53,0,55,4,17,56,0,77,6,0,6,83
07/19/2003,EKO,NV,AWP,WE,Federal Contract Tower,2,8,6,0,16,0,0,34,0,34,2,8,40,0,50,6,0,6,56
07/20/2003,EKO,NV,AWP,WE,Federal Contract Tower,3,16,2,0,21,0,14,28,0,42,3,30,30,0,63,14,0,14,77
07/21/2003,EKO,NV,AWP,WE,Federal Contract Tower,4,16,6,0,26,0,17,26,0,43,4,33,32,0,69,18,0,18,87
07/22/2003,EKO,NV,AWP,WE,Federal Contract Tower,3,22,3,0,28,0,12,47,0,59,3,34,50,0,87,12,0,12,99
07/23/2003,EKO,NV,AWP,WE,Federal Contract Tower,3,20,2,0,25,0,10,41,2,53,3,30,43,2,78,12,0,12,90
07/24/2003,EKO,NV,AWP,WE,Federal Contract Tower,3,19,0,2,24,0,4,47,0,51,3,23,47,2,75,16,0,16,91
07/25/2003,EKO,NV,AWP,WE,Federal Contract Tower,4,16,7,0,27,0,3,32,0,35,4,19,39,0,62,4,0,4,66
07/26/2003,EKO,NV,AWP,WE,Federal Contract Tower,2,10,3,1,16,0,5,37,2,44,2,15,40,3,60,6,0,6,66
07/27/2003,EKO,NV,AWP,WE,Federal Contract Tower,3,18,6,1,28,0,10,48,0,58,3,28,54,1,86,6,0,6,92
07/28/2003,EKO,NV,AWP,WE,Federal Contract Tower,3,18,4,0,25,0,6,51,0,57,3,24,55,0,82,22,0,22,104
07/29/2003,EKO,NV,AWP,WE,Federal Contract Tower,2,16,3,0,21,0,7,35,0,42,2,23,38,0,63,42,0,42,105
07/30/2003,EKO,NV,AWP,WE,Federal Contract Tower,3,14,2,0,19,0,13,35,0,48,3,27,37,0,67,13,0,13,80
07/31/2003,EKO,NV,AWP,WE,Federal Contract Tower,3,15,0,0,18,0,4,43,0,47,3,19,43,0,65,34,0,34,99
08/01/2003,EKO,NV,AWP,WE,Federal Contract Tower,4,18,2,0,24,0,12,38,0,50,4,30,40,0,74,42,0,42,116
08/02/2003,EKO,NV,AWP,WE,Federal Contract Tower,3,14,5,0,22,0,10,46,0,56,3,24,51,0,78,22,0,22,100
08/03/2003,EKO,NV,AWP,WE,Federal Contract Tower,3,18,3,0,24,0,2,61,0,63,3,20,64,0,87,24,0,24,111
08/04/2003,EKO,NV,AWP,WE,Federal Contract Tower,2,18,7,0,27,0,6,55,0,61,2,24,62,0,88,42,0,42,130
08/05/2003,EKO,NV,AWP,WE,Federal Contract Tower,4,14,2,0,20,0,7,29,0,36,4,21,31,0,56,10,0,10,66
08/06/2003,EKO,NV,AWP,WE,Federal Contract Tower,4,19,1,0,24,0,3,37,0,40,4,22,38,0,64,6,0,6,70
08/07/2003,EKO,NV,AWP,WE,Federal Contract Tower,3,22,0,1,26,0,14,27,1,42,3,36,27,2,68,46,0,46,114
08/08/2003,EKO,NV,AWP,WE,Federal Contract Tower,4,16,11,0,31,0,17,53,0,70,4,33,64,0,101,16,0,16,117
08/09/2003,EKO,NV,AWP,WE,Federal Contract Tower,2,13,11,0,26,0,32,54,0,86,2,45,65,0,112,40,0,40,152
08/10/2003,EKO,NV,AWP,WE,Federal Contract Tower,1,17,3,0,21,0,4,38,0,42,1,21,41,0,63,19,0,19,82
08/11/2003,EKO,NV,AWP,WE,Federal Contract Tower,6,17,0,0,23,0,9,35,0,44,6,26,35,0,67,38,0,38,105
08/12/2003,EKO,NV,AWP,WE,Federal Contract Tower,3,16,3,0,22,0,7,38,0,45,3,23,41,0,67,16,0,16,83
08/13/2003,EKO,NV,AWP,WE,Federal Contract Tower,3,16,0,0,19,0,6,32,0,38,3,22,32,0,57,12,0,12,69
08/14/2003,EKO,NV,AWP,WE,Federal Contract Tower,3,16,5,0,24,0,8,22,0,30,3,24,27,0,54,48,0,48,102
08/15/2003,EKO,NV,AWP,WE,Federal Contract Tower,3,20,8,0,31,0,22,33,0,55,3,42,41,0,86,32,0,32,118
08/16/2003,EKO,NV,AWP,WE,Federal Contract Tower,2,10,6,0,18,0,12,45,0,57,2,22,51,0,75,34,0,34,109
08/17/2003,EKO,NV,AWP,WE,Federal Contract Tower,6,16,4,0,26,0,0,41,0,41,6,16,45,0,67,42,0,42,109
08/18/2003,EKO,NV,AWP,WE,Federal Contract Tower,2,15,7,0,24,0,3,35,0,38,2,18,42,0,62,42,0,42,104
08/19/2003,EKO,NV,AWP,WE,Federal Contract Tower,2,15,2,0,19,0,10,36,0,46,2,25,38,0,65,30,0,30,95
08/20/2003,EKO,NV,AWP,WE,Federal Contract Tower,2,16,2,0,20,0,8,26,0,34,2,24,28,0,54,16,0,16,70
08/21/2003,EKO,NV,AWP,WE,Federal Contract Tower,3,17,2,0,22,0,4,21,0,25,3,21,23,0,47,2,0,2,49
08/22/2003,EKO,NV,AWP,WE,Federal Contract Tower,3,20,5,0,28,0,1,30,1,32,3,21,35,1,60,2,0,2,62
08/23/2003,EKO,NV,AWP,WE,Federal Contract Tower,3,8,3,0,14,0,8,32,1,41,3,16,35,1,55,26,0,26,81
08/24/2003,EKO,NV,AWP,WE,Federal Contract Tower,4,15,8,0,27,0,2,20,0,22,4,17,28,0,49,7,0,7,56
08/25/2003,EKO,NV,AWP,WE,Federal Contract Tower,3,14,1,0,18,0,6,33,0,39,3,20,34,0,57,42,0,42,99
08/26/2003,EKO,NV,AWP,WE,Federal Contract Tower,4,16,0,0,20,0,9,22,0,31,4,25,22,0,51,22,0,22,73
08/27/2003,EKO,NV,AWP,WE,Federal Contract Tower,4,18,2,0,24,0,6,35,0,41,4,24,37,0,65,20,0,20,85
08/28/2003,EKO,NV,AWP,WE,Federal Contract Tower,6,22,4,0,32,0,4,44,0,48,6,26,48,0,80,14,0,14,94
08/29/2003,EKO,NV,AWP,WE,Federal Contract Tower,9,19,2,0,30,0,7,60,0,67,9,26,62,0,97,30,0,30,127
08/30/2003,EKO,NV,AWP,WE,Federal Contract Tower,5,8,5,0,18,0,1,38,0,39,5,9,43,0,57,10,0,10,67
08/31/2003,EKO,NV,AWP,WE,Federal Contract Tower,4,11,1,0,16,0,7,20,0,27,4,18,21,0,43,18,0,18,61
09/01/2003,EKO,NV,AWP,WE,Federal Contract Tower,4,17,5,0,26,0,8,46,0,54,4,25,51,0,80,22,0,22,102
09/02/2003,EKO,NV,AWP,WE,Federal Contract Tower,5,16,2,0,23,0,3,44,0,47,5,19,46,0,70,10,0,10,80
09/03/2003,EKO,NV,AWP,WE,Federal Contract Tower,4,20,5,0,29,0,12,31,0,43,4,32,36,0,72,0,0,0,72
09/04/2003,EKO,NV,AWP,WE,Federal Contract Tower,4,17,0,0,21,0,5,20,0,25,4,22,20,0,46,14,0,14,60
09/05/2003,EKO,NV,AWP,WE,Federal Contract Tower,6,15,2,0,23,0,5,44,0,49,6,20,46,0,72,10,0,10,82
09/06/2003,EKO,NV,AWP,WE,Federal Contract Tower,2,10,1,0,13,0,5,36,0,41,2,15,37,0,54,36,0,36,90
09/07/2003,EKO,NV,AWP,WE,Federal Contract Tower,6,16,5,0,27,0,5,25,1,31,6,21,30,1,58,16,0,16,74
09/08/2003,EKO,NV,AWP,WE,Federal Contract Tower,2,18,3,0,23,0,13,26,0,39,2,31,29,0,62,14,0,14,76
09/09/2003,EKO,NV,AWP,WE,Federal Contract Tower,3,24,6,0,33,0,4,25,0,29,3,28,31,0,62,0,0,0,62
09/10/2003,EKO,NV,AWP,WE,Federal Contract Tower,3,19,2,0,24,0,5,35,0,40,3,24,37,0,64,8,0,8,72
09/11/2003,EKO,NV,AWP,WE,Federal Contract Tower,5,27,4,0,36,0,4,47,0,51,5,31,51,0,87,48,0,48,135
09/12/2003,EKO,NV,AWP,WE,Federal Contract Tower,2,18,7,0,27,0,10,61,0,71,2,28,68,0,98,56,0,56,154
09/13/2003,EKO,NV,AWP,WE,Federal Contract Tower,3,9,4,0,16,0,6,41,0,47,3,15,45,0,63,12,0,12,75
09/14/2003,EKO,NV,AWP,WE,Federal Contract Tower,6,15,2,0,23,0,8,54,0,62,6,23,56,0,85,20,0,20,105
09/15/2003,EKO,NV,AWP,WE,Federal Contract Tower,3,17,4,0,24,0,4,40,0,44,3,21,44,0,68,16,0,16,84
09/16/2003,EKO,NV,AWP,WE,Federal Contract Tower,3,16,6,0,25,0,3,26,0,29,3,19,32,0,54,0,0,0,54
09/17/2003,EKO,NV,AWP,WE,Federal Contract Tower,3,16,4,0,23,0,3,32,0,35,3,19,36,0,58,14,0,14,72
09/18/2003,EKO,NV,AWP,WE,Federal Contract Tower,3,20,2,0,25,0,16,53,0,69,3,36,55,0,94,14,0,14,108
09/19/2003,EKO,NV,AWP,WE,Federal Contract Tower,4,14,2,0,20,0,12,32,0,44,4,26,34,0,64,10,0,10,74
09/20/2003,EKO,NV,AWP,WE,Federal Contract Tower,6,12,0,0,18,0,7,32,0,39,6,19,32,0,57,124,0,124,181
09/21/2003,EKO,NV,AWP,WE,Federal Contract Tower,3,16,2,0,21,0,7,34,0,41,3,23,36,0,62,24,0,24,86
09/22/2003,EKO,NV,AWP,WE,Federal Contract Tower,4,17,3,0,24,0,10,20,0,30,4,27,23,0,54,2,0,2,56
09/23/2003,EKO,NV,AWP,WE,Federal Contract Tower,4,18,5,0,27,0,3,29,0,32,4,21,34,0,59,0,0,0,59
09/24/2003,EKO,NV,AWP,WE,Federal Contract Tower,2,22,0,0,24,0,13,40,0,53,2,35,40,0,77,16,0,16,93
09/25/2003,EKO,NV,AWP,WE,Federal Contract Tower,4,20,3,0,27,0,6,29,0,35,4,26,32,0,62,16,0,16,78
09/26/2003,EKO,NV,AWP,WE,Federal Contract Tower,3,20,7,0,30,0,9,32,0,41,3,29,39,0,71,17,0,17,88
09/27/2003,EKO,NV,AWP,WE,Federal Contract Tower,2,10,2,0,14,0,6,29,0,35,2,16,31,0,49,29,0,29,78
09/28/2003,EKO,NV,AWP,WE,Federal Contract Tower,3,17,0,0,20,0,2,32,0,34,3,19,32,0,54,48,0,48,102
09/29/2003,EKO,NV,AWP,WE,Federal Contract Tower,3,17,0,0,20,0,5,25,0,30,3,22,25,0,50,16,0,16,66
09/30/2003,EKO,NV,AWP,WE,Federal Contract Tower,2,22,7,0,31,0,8,47,0,55,2,30,54,0,86,18,0,18,104
10/01/2003,EKO,NV,AWP,WE,Federal Contract Tower,1,18,4,0,23,0,20,48,0,68,1,38,52,0,91,14,0,14,105
10/02/2003,EKO,NV,AWP,WE,Federal Contract Tower,4,18,4,0,26,1,6,24,0,31,5,24,28,0,57,18,0,18,75
10/03/2003,EKO,NV,AWP,WE,Federal Contract Tower,3,16,3,0,22,0,10,64,0,74,3,26,67,0,96,24,0,24,120
10/04/2003,EKO,NV,AWP,WE,Federal Contract Tower,2,8,2,0,12,0,0,44,0,44,2,8,46,0,56,26,0,26,82
10/05/2003,EKO,NV,AWP,WE,Federal Contract Tower,2,16,4,0,22,0,6,22,0,28,2,22,26,0,50,2,0,2,52
10/06/2003,EKO,NV,AWP,WE,Federal Contract Tower,4,18,5,0,27,2,15,14,0,31,6,33,19,0,58,10,0,10,68
10/07/2003,EKO,NV,AWP,WE,Federal Contract Tower,2,18,5,0,25,0,5,30,0,35,2,23,35,0,60,12,0,12,72
10/08/2003,EKO,NV,AWP,WE,Federal Contract Tower,4,15,3,0,22,0,12,42,0,54,4,27,45,0,76,46,0,46,122
10/09/2003,EKO,NV,AWP,WE,Federal Contract Tower,5,20,6,0,31,6,0,25,0,31,11,20,31,0,62,16,0,16,78
10/10/2003,EKO,NV,AWP,WE,Federal Contract Tower,4,17,4,0,25,0,9,22,0,31,4,26,26,0,56,74,0,74,130
10/11/2003,EKO,NV,AWP,WE,Federal Contract Tower,2,9,2,0,13,0,11,22,0,33,2,20,24,0,46,14,0,14,60
10/12/2003,EKO,NV,AWP,WE,Federal Contract Tower,2,21,4,0,27,0,15,25,0,40,2,36,29,0,67,38,0,38,105
10/13/2003,EKO,NV,AWP,WE,Federal Contract Tower,4,18,5,0,27,1,16,22,0,39,5,34,27,0,66,8,0,8,74
10/14/2003,EKO,NV,AWP,WE,Federal Contract Tower,3,14,4,0,21,0,22,18,0,40,3,36,22,0,61,10,0,10,71
10/15/2003,EKO,NV,AWP,WE,Federal Contract Tower,3,16,3,0,22,0,8,24,0,32,3,24,27,0,54,22,0,22,76
10/16/2003,EKO,NV,AWP,WE,Federal Contract Tower,3,16,4,0,23,0,8,21,0,29,3,24,25,0,52,6,0,6,58
10/17/2003,EKO,NV,AWP,WE,Federal Contract Tower,4,18,5,0,27,0,12,45,0,57,4,30,50,0,84,24,0,24,108
10/18/2003,EKO,NV,AWP,WE,Federal Contract Tower,1,10,3,0,14,1,5,16,0,22,2,15,19,0,36,32,0,32,68
10/19/2003,EKO,NV,AWP,WE,Federal Contract Tower,3,18,5,0,26,0,0,26,0,26,3,18,31,0,52,20,0,20,72
10/20/2003,EKO,NV,AWP,WE,Federal Contract Tower,3,20,5,0,28,0,7,28,0,35,3,27,33,0,63,6,0,6,69
10/21/2003,EKO,NV,AWP,WE,Federal Contract Tower,2,15,4,0,21,2,14,14,2,32,4,29,18,2,53,16,0,16,69
10/22/2003,EKO,NV,AWP,WE,Federal Contract Tower,5,21,8,0,34,0,0,15,0,15,5,21,23,0,49,16,0,16,65
10/23/2003,EKO,NV,AWP,WE,Federal Contract Tower,2,17,4,0,23,0,7,30,0,37,2,24,34,0,60,52,0,52,112
10/24/2003,EKO,NV,AWP,WE,Federal Contract Tower,2,17,3,0,22,0,10,20,0,30,2,27,23,0,52,12,0,12,64
10/25/2003,EKO,NV,AWP,WE,Federal Contract Tower,1,9,2,0,12,2,3,9,0,14,3,12,11,0,26,36,0,36,62
10/26/2003,EKO,NV,AWP,WE,Federal Contract Tower,3,21,5,0,29,3,4,18,0,25,6,25,23,0,54,22,0,22,76
10/27/2003,EKO,NV,AWP,WE,Federal Contract Tower,3,19,4,0,26,0,11,9,0,20,3,30,13,0,46,18,0,18,64
10/28/2003,EKO,NV,AWP,WE,Federal Contract Tower,3,16,3,0,22,0,7,15,0,22,3,23,18,0,44,6,0,6,50
10/29/2003,EKO,NV,AWP,WE,Federal Contract Tower,3,18,4,0,25,0,10,12,0,22,3,28,16,0,47,8,0,8,55
10/30/2003,EKO,NV,AWP,WE,Federal Contract Tower,2,21,5,0,28,0,1,5,0,6,2,22,10,0,34,0,0,0,34
10/31/2003,EKO,NV,AWP,WE,Federal Contract Tower,2,17,3,0,22,0,4,12,0,16,2,21,15,0,38,26,0,26,64
11/01/2003,EKO,NV,AWP,WE,Federal Contract Tower,2,9,2,0,13,0,1,7,0,8,2,10,9,0,21,0,0,0,21
11/02/2003,EKO,NV,AWP,WE,Federal Contract Tower,4,15,3,0,22,0,3,5,0,8,4,18,8,0,30,2,0,2,32
11/03/2003,EKO,NV,AWP,WE,Federal Contract Tower,3,17,3,0,23,0,8,4,0,12,3,25,7,0,35,0,0,0,35
11/04/2003,EKO,NV,AWP,WE,Federal Contract Tower,2,23,5,0,30,0,11,12,0,23,2,34,17,0,53,22,0,22,75
11/05/2003,EKO,NV,AWP,WE,Federal Contract Tower,2,22,4,0,28,0,0,7,0,7,2,22,11,0,35,0,0,0,35
11/06/2003,EKO,NV,AWP,WE,Federal Contract Tower,3,27,6,0,36,0,4,22,0,26,3,31,28,0,62,20,0,20,82
11/07/2003,EKO,NV,AWP,WE,Federal Contract Tower,3,15,4,0,22,0,7,6,0,13,3,22,10,0,35,60,0,60,95
11/08/2003,EKO,NV,AWP,WE,Federal Contract Tower,1,12,3,0,16,0,4,10,0,14,1,16,13,0,30,24,0,24,54
11/09/2003,EKO,NV,AWP,WE,Federal Contract Tower,3,16,4,0,23,0,1,1,0,2,3,17,5,0,25,10,0,10,35
11/10/2003,EKO,NV,AWP,WE,Federal Contract Tower,2,22,4,0,28,0,0,0,0,0,2,22,4,0,28,2,0,2,30
11/11/2003,EKO,NV,AWP,WE,Federal Contract Tower,4,20,3,0,27,1,12,24,0,37,5,32,27,0,64,20,0,20,84
11/12/2003,EKO,NV,AWP,WE,Federal Contract Tower,2,27,6,0,35,0,0,27,0,27,2,27,33,0,62,10,0,10,72
11/13/2003,EKO,NV,AWP,WE,Federal Contract Tower,3,30,7,0,40,0,2,10,0,12,3,32,17,0,52,0,0,0,52
11/14/2003,EKO,NV,AWP,WE,Federal Contract Tower,4,27,6,0,37,0,2,14,0,16,4,29,20,0,53,2,0,2,55
11/15/2003,EKO,NV,AWP,WE,Federal Contract Tower,2,14,3,0,19,2,0,8,0,10,4,14,11,0,29,12,0,12,41
11/16/2003,EKO,NV,AWP,WE,Federal Contract Tower,3,19,2,0,24,0,5,0,0,5,3,24,2,0,29,0,0,0,29
11/17/2003,EKO,NV,AWP,WE,Federal Contract Tower,3,22,5,0,30,1,3,4,0,8,4,25,9,0,38,14,0,14,52
11/18/2003,EKO,NV,AWP,WE,Federal Contract Tower,2,18,4,0,24,2,6,10,0,18,4,24,14,0,42,12,0,12,54
11/19/2003,EKO,NV,AWP,WE,Federal Contract Tower,2,16,4,0,22,1,8,11,0,20,3,24,15,0,42,36,0,36,78
11/20/2003,EKO,NV,AWP,WE,Federal Contract Tower,3,20,4,0,27,0,8,14,0,22,3,28,18,0,49,28,0,28,77
11/21/2003,EKO,NV,AWP,WE,Federal Contract Tower,3,23,5,0,31,1,2,7,0,10,4,25,12,0,41,16,0,16,57
11/22/2003,EKO,NV,AWP,WE,Federal Contract Tower,1,11,3,0,15,2,0,6,0,8,3,11,9,0,23,16,0,16,39
11/23/2003,EKO,NV,AWP,WE,Federal Contract Tower,2,14,3,0,19,0,8,14,0,22,2,22,17,0,41,24,0,24,65
11/24/2003,EKO,NV,AWP,WE,Federal Contract Tower,3,21,4,0,28,0,5,15,0,20,3,26,19,0,48,0,0,0,48
11/25/2003,EKO,NV,AWP,WE,Federal Contract Tower,3,23,5,0,31,0,5,20,0,25,3,28,25,0,56,10,0,10,66
11/26/2003,EKO,NV,AWP,WE,Federal Contract Tower,3,25,6,0,34,1,2,1,0,4,4,27,7,0,38,6,0,6,44
11/27/2003,EKO,NV,AWP,WE,Federal Contract Tower,1,8,2,0,11,0,3,11,0,14,1,11,13,0,25,24,0,24,49
11/28/2003,EKO,NV,AWP,WE,Federal Contract Tower,1,10,2,0,13,2,9,10,0,21,3,19,12,0,34,20,0,20,54
11/29/2003,EKO,NV,AWP,WE,Federal Contract Tower,2,13,3,0,18,0,0,3,0,3,2,13,6,0,21,2,0,2,23
11/30/2003,EKO,NV,AWP,WE,Federal Contract Tower,2,16,4,0,22,2,5,3,0,10,4,21,7,0,32,30,0,30,62
12/01/2003,EKO,NV,AWP,WE,Federal Contract Tower,2,20,3,0,25,1,4,5,0,10,3,24,8,0,35,14,0,14,49
12/02/2003,EKO,NV,AWP,WE,Federal Contract Tower,0,18,3,0,21,2,4,17,0,23,2,22,20,0,44,52,0,52,96
12/03/2003,EKO,NV,AWP,WE,Federal Contract Tower,1,19,3,0,23,1,7,17,0,25,2,26,20,0,48,12,0,12,60
12/04/2003,EKO,NV,AWP,WE,Federal Contract Tower,2,24,4,0,30,3,3,20,0,26,5,27,24,0,56,20,0,20,76
12/05/2003,EKO,NV,AWP,WE,Federal Contract Tower,3,21,3,0,27,0,2,13,0,15,3,23,16,0,42,62,0,62,104
12/06/2003,EKO,NV,AWP,WE,Federal Contract Tower,2,8,2,0,12,0,0,7,0,7,2,8,9,0,19,10,0,10,29
12/07/2003,EKO,NV,AWP,WE,Federal Contract Tower,2,16,3,0,21,0,4,8,0,12,2,20,11,0,33,0,0,0,33
12/08/2003,EKO,NV,AWP,WE,Federal Contract Tower,3,16,3,0,22,0,17,6,0,23,3,33,9,0,45,2,0,2,47
12/09/2003,EKO,NV,AWP,WE,Federal Contract Tower,2,17,3,0,22,0,3,10,0,13,2,20,13,0,35,38,0,38,73
12/10/2003,EKO,NV,AWP,WE,Federal Contract Tower,2,19,3,0,24,0,0,5,0,5,2,19,8,0,29,6,0,6,35
12/11/2003,EKO,NV,AWP,WE,Federal Contract Tower,3,25,4,0,32,0,0,9,0,9,3,25,13,0,41,18,0,18,59
12/12/2003,EKO,NV,AWP,WE,Federal Contract Tower,3,26,4,0,33,0,2,7,0,9,3,28,11,0,42,18,0,18,60
12/13/2003,EKO,NV,AWP,WE,Federal Contract Tower,3,12,2,0,17,1,0,3,0,4,4,12,5,0,21,2,0,2,23
12/14/2003,EKO,NV,AWP,WE,Federal Contract Tower,3,18,3,0,24,0,0,2,0,2,3,18,5,0,26,0,0,0,26
12/15/2003,EKO,NV,AWP,WE,Federal Contract Tower,3,19,3,0,25,0,1,15,0,16,3,20,18,0,41,2,0,2,43
12/16/2003,EKO,NV,AWP,WE,Federal Contract Tower,3,18,3,0,24,0,8,9,2,19,3,26,12,2,43,16,0,16,59
12/17/2003,EKO,NV,AWP,WE,Federal Contract Tower,1,14,3,0,18,0,11,11,0,22,1,25,14,0,40,18,0,18,58
12/18/2003,EKO,NV,AWP,WE,Federal Contract Tower,3,21,4,0,28,1,9,15,0,25,4,30,19,0,53,0,0,0,53
12/19/2003,EKO,NV,AWP,WE,Federal Contract Tower,3,16,3,0,22,0,8,21,2,31,3,24,24,2,53,38,0,38,91
12/20/2003,EKO,NV,AWP,WE,Federal Contract Tower,3,14,1,0,18,2,6,9,0,17,5,20,10,0,35,36,0,36,71
12/21/2003,EKO,NV,AWP,WE,Federal Contract Tower,3,17,0,0,20,1,2,0,0,3,4,19,0,0,23,14,0,14,37
12/22/2003,EKO,NV,AWP,WE,Federal Contract Tower,3,19,2,0,24,0,2,13,0,15,3,21,15,0,39,26,0,26,65
12/23/2003,EKO,NV,AWP,WE,Federal Contract Tower,2,20,2,0,24,0,2,7,0,9,2,22,9,0,33,32,0,32,65
12/24/2003,EKO,NV,AWP,WE,Federal Contract Tower,3,21,0,0,24,0,5,0,0,5,3,26,0,0,29,0,0,0,29
12/25/2003,EKO,NV,AWP,WE,Federal Contract Tower,1,8,1,0,10,1,0,3,0,4,2,8,4,0,14,0,0,0,14
12/26/2003,EKO,NV,AWP,WE,Federal Contract Tower,2,17,2,0,21,1,3,0,0,4,3,20,2,0,25,0,0,0,25
12/27/2003,EKO,NV,AWP,WE,Federal Contract Tower,2,8,2,0,12,0,0,4,0,4,2,8,6,0,16,28,0,28,44
12/28/2003,EKO,NV,AWP,WE,Federal Contract Tower,2,13,1,0,16,1,5,9,0,15,3,18,10,0,31,0,0,0,31
12/29/2003,EKO,NV,AWP,WE,Federal Contract Tower,2,14,1,0,17,0,0,0,0,0,2,14,1,0,17,0,0,0,17
12/30/2003,EKO,NV,AWP,WE,Federal Contract Tower,2,25,3,0,30,0,3,3,0,6,2,28,6,0,36,6,0,6,42
12/31/2003,EKO,NV,AWP,WE,Federal Contract Tower,3,21,0,0,24,0,5,0,0,5,3,26,0,0,29,0,0,0,29
01/01/2004,EKO,NV,AWP,WE,Federal Contract Tower,3,18,0,0,21,0,4,0,0,4,3,22,0,0,25,0,0,0,25
01/02/2004,EKO,NV,AWP,WE,Federal Contract Tower,2,16,4,0,22,1,2,15,0,18,3,18,19,0,40,34,0,34,74
01/03/2004,EKO,NV,AWP,WE,Federal Contract Tower,2,10,2,0,14,0,0,4,0,4,2,10,6,0,18,0,0,0,18
01/04/2004,EKO,NV,AWP,WE,Federal Contract Tower,2,14,4,0,20,0,0,5,0,5,2,14,9,0,25,2,0,2,27
01/05/2004,EKO,NV,AWP,WE,Federal Contract Tower,2,20,5,0,27,0,9,9,0,18,2,29,14,0,45,42,0,42,87
01/06/2004,EKO,NV,AWP,WE,Federal Contract Tower,2,24,7,0,33,0,0,7,0,7,2,24,14,0,40,10,0,10,50
01/07/2004,EKO,NV,AWP,WE,Federal Contract Tower,0,25,5,0,30,0,7,3,0,10,0,32,8,0,40,0,0,0,40
01/08/2004,EKO,NV,AWP,WE,Federal Contract Tower,3,20,5,0,28,1,6,14,0,21,4,26,19,0,49,16,0,16,65
01/09/2004,EKO,NV,AWP,WE,Federal Contract Tower,2,19,4,0,25,0,12,11,0,23,2,31,15,0,48,6,0,6,54
01/10/2004,EKO,NV,AWP,WE,Federal Contract Tower,2,12,3,0,17,0,4,11,0,15,2,16,14,0,32,10,0,10,42
01/11/2004,EKO,NV,AWP,WE,Federal Contract Tower,3,21,6,0,30,1,0,11,24,36,4,21,17,24,66,36,0,36,102
01/12/2004,EKO,NV,AWP,WE,Federal Contract Tower,1,19,4,0,24,0,10,13,0,23,1,29,17,0,47,18,0,18,65
01/13/2004,EKO,NV,AWP,WE,Federal Contract Tower,3,21,5,0,29,0,10,13,0,23,3,31,18,0,52,24,0,24,76
01/14/2004,EKO,NV,AWP,WE,Federal Contract Tower,2,24,6,0,32,0,5,17,0,22,2,29,23,0,54,26,0,26,80
01/15/2004,EKO,NV,AWP,WE,Federal Contract Tower,3,25,5,0,33,0,7,2,0,9,3,32,7,0,42,16,0,16,58
01/16/2004,EKO,NV,AWP,WE,Federal Contract Tower,2,18,4,0,24,1,3,12,0,16,3,21,16,0,40,36,0,36,76
01/17/2004,EKO,NV,AWP,WE,Federal Contract Tower,1,12,1,0,14,2,0,0,0,2,3,12,1,0,16,0,0,0,16
01/18/2004,EKO,NV,AWP,WE,Federal Contract Tower,2,21,5,0,28,2,12,6,0,20,4,33,11,0,48,0,0,0,48
01/19/2004,EKO,NV,AWP,WE,Federal Contract Tower,2,22,5,0,29,0,4,2,0,6,2,26,7,0,35,0,0,0,35
01/20/2004,EKO,NV,AWP,WE,Federal Contract Tower,2,32,7,0,41,0,2,10,0,12,2,34,17,0,53,24,0,24,77
01/21/2004,EKO,NV,AWP,WE,Federal Contract Tower,2,20,5,0,27,0,14,18,0,32,2,34,23,0,59,8,0,8,67
01/22/2004,EKO,NV,AWP,WE,Federal Contract Tower,2,20,4,0,26,1,3,15,0,19,3,23,19,0,45,42,0,42,87
01/23/2004,EKO,NV,AWP,WE,Federal Contract Tower,3,27,6,0,36,0,3,24,0,27,3,30,30,0,63,46,0,46,109
01/24/2004,EKO,NV,AWP,WE,Federal Contract Tower,1,10,2,0,13,1,5,6,0,12,2,15,8,0,25,36,0,36,61
01/25/2004,EKO,NV,AWP,WE,Federal Contract Tower,2,20,4,0,26,1,7,2,0,10,3,27,6,0,36,10,0,10,46
01/26/2004,EKO,NV,AWP,WE,Federal Contract Tower,2,19,4,0,25,0,10,7,0,17,2,29,11,0,42,10,0,10,52
01/27/2004,EKO,NV,AWP,WE,Federal Contract Tower,1,15,1,0,17,1,3,0,0,4,2,18,1,0,21,0,0,0,21
01/28/2004,EKO,NV,AWP,WE,Federal Contract Tower,2,20,5,0,27,0,0,8,0,8,2,20,13,0,35,22,0,22,57
01/29/2004,EKO,NV,AWP,WE,Federal Contract Tower,2,25,6,0,33,0,0,7,0,7,2,25,13,0,40,0,0,0,40
01/30/2004,EKO,NV,AWP,WE,Federal Contract Tower,2,23,6,0,31,0,8,1,0,9,2,31,7,0,40,10,0,10,50
01/31/2004,EKO,NV,AWP,WE,Federal Contract Tower,1,11,2,0,14,1,1,10,0,12,2,12,12,0,26,42,0,42,68
02/01/2004,EKO,NV,AWP,WE,Federal Contract Tower,2,19,5,0,26,0,3,5,0,8,2,22,10,0,34,0,0,0,34
02/02/2004,EKO,NV,AWP,WE,Federal Contract Tower,2,19,0,0,21,0,12,0,0,12,2,31,0,0,33,0,0,0,33
02/03/2004,EKO,NV,AWP,WE,Federal Contract Tower,2,17,4,0,23,0,3,3,0,6,2,20,7,0,29,0,0,0,29
02/04/2004,EKO,NV,AWP,WE,Federal Contract Tower,3,21,5,0,29,0,2,9,0,11,3,23,14,0,40,26,0,26,66
02/05/2004,EKO,NV,AWP,WE,Federal Contract Tower,3,22,5,0,30,0,10,29,0,39,3,32,34,0,69,54,0,54,123
02/06/2004,EKO,NV,AWP,WE,Federal Contract Tower,3,23,5,0,31,0,7,8,0,15,3,30,13,0,46,22,0,22,68
02/07/2004,EKO,NV,AWP,WE,Federal Contract Tower,2,9,2,0,13,0,2,0,0,2,2,11,2,0,15,0,0,0,15
02/08/2004,EKO,NV,AWP,WE,Federal Contract Tower,4,23,5,0,32,0,1,13,0,14,4,24,18,0,46,2,0,2,48
02/09/2004,EKO,NV,AWP,WE,Federal Contract Tower,2,18,5,0,25,0,6,13,0,19,2,24,18,0,44,14,0,14,58
02/10/2004,EKO,NV,AWP,WE,Federal Contract Tower,2,21,4,0,27,0,3,20,2,25,2,24,24,2,52,10,0,10,62
02/11/2004,EKO,NV,AWP,WE,Federal Contract Tower,2,21,5,0,28,0,7,34,2,43,2,28,39,2,71,10,0,10,81
02/12/2004,EKO,NV,AWP,WE,Federal Contract Tower,3,18,5,0,26,0,0,16,0,16,3,18,21,0,42,18,0,18,60
02/13/2004,EKO,NV,AWP,WE,Federal Contract Tower,2,17,4,0,23,0,5,17,0,22,2,22,21,0,45,14,0,14,59
02/14/2004,EKO,NV,AWP,WE,Federal Contract Tower,2,9,2,0,13,0,9,14,0,23,2,18,16,0,36,10,0,10,46
02/15/2004,EKO,NV,AWP,WE,Federal Contract Tower,2,19,3,0,24,2,0,11,0,13,4,19,14,0,37,28,0,28,65
02/16/2004,EKO,NV,AWP,WE,Federal Contract Tower,2,19,3,0,24,1,1,3,0,5,3,20,6,0,29,0,0,0,29
02/17/2004,EKO,NV,AWP,WE,Federal Contract Tower,2,27,5,0,34,0,0,7,0,7,2,27,12,0,41,2,0,2,43
02/18/2004,EKO,NV,AWP,WE,Federal Contract Tower,2,25,5,1,33,0,6,8,1,15,2,31,13,2,48,0,0,0,48
02/19/2004,EKO,NV,AWP,WE,Federal Contract Tower,2,17,3,1,23,1,2,15,1,19,3,19,18,2,42,6,0,6,48
02/20/2004,EKO,NV,AWP,WE,Federal Contract Tower,2,15,3,0,20,1,5,12,2,20,3,20,15,2,40,44,0,44,84
02/21/2004,EKO,NV,AWP,WE,Federal Contract Tower,1,8,1,0,10,1,1,3,0,5,2,9,4,0,15,28,0,28,43
02/22/2004,EKO,NV,AWP,WE,Federal Contract Tower,2,16,4,0,22,1,9,2,0,12,3,25,6,0,34,30,0,30,64
02/23/2004,EKO,NV,AWP,WE,Federal Contract Tower,2,19,5,0,26,1,5,2,0,8,3,24,7,0,34,28,0,28,62
02/24/2004,EKO,NV,AWP,WE,Federal Contract Tower,2,20,5,0,27,0,4,11,0,15,2,24,16,0,42,18,0,18,60
02/25/2004,EKO,NV,AWP,WE,Federal Contract Tower,2,18,4,0,24,0,2,20,0,22,2,20,24,0,46,0,0,0,46
02/26/2004,EKO,NV,AWP,WE,Federal Contract Tower,2,21,5,0,28,2,7,2,0,11,4,28,7,0,39,30,0,30,69
02/27/2004,EKO,NV,AWP,WE,Federal Contract Tower,2,21,5,0,28,1,5,1,0,7,3,26,6,0,35,0,0,0,35
02/28/2004,EKO,NV,AWP,WE,Federal Contract Tower,1,10,2,0,13,2,0,7,0,9,3,10,9,0,22,12,0,12,34
02/29/2004,EKO,NV,AWP,WE,Federal Contract Tower,2,18,4,0,24,2,2,20,2,26,4,20,24,2,50,23,0,23,73
03/01/2004,EKO,NV,AWP,WE,Federal Contract Tower,3,16,5,0,24,0,3,2,0,5,3,19,7,0,29,0,0,0,29
03/02/2004,EKO,NV,AWP,WE,Federal Contract Tower,2,16,4,0,22,0,4,2,0,6,2,20,6,0,28,7,0,7,35
03/03/2004,EKO,NV,AWP,WE,Federal Contract Tower,2,18,6,0,26,0,9,22,0,31,2,27,28,0,57,2,0,2,59
03/04/2004,EKO,NV,AWP,WE,Federal Contract Tower,3,24,8,0,35,0,6,3,0,9,3,30,11,0,44,20,0,20,64
03/05/2004,EKO,NV,AWP,WE,Federal Contract Tower,3,18,6,0,27,0,9,15,0,24,3,27,21,0,51,24,0,24,75
03/06/2004,EKO,NV,AWP,WE,Federal Contract Tower,2,11,4,0,17,0,6,22,0,28,2,17,26,0,45,28,0,28,73
03/07/2004,EKO,NV,AWP,WE,Federal Contract Tower,3,22,7,0,32,0,0,25,0,25,3,22,32,0,57,28,0,28,85
03/08/2004,EKO,NV,AWP,WE,Federal Contract Tower,3,17,6,0,26,0,9,18,2,29,3,26,24,2,55,20,0,20,75
03/09/2004,EKO,NV,AWP,WE,Federal Contract Tower,2,16,5,0,23,0,5,31,0,36,2,21,36,0,59,30,0,30,89
03/10/2004,EKO,NV,AWP,WE,Federal Contract Tower,3,24,8,0,35,0,9,34,0,43,3,33,42,0,78,32,0,32,110
03/11/2004,EKO,NV,AWP,WE,Federal Contract Tower,3,21,6,0,30,0,8,28,0,36,3,29,34,0,66,14,0,14,80
03/12/2004,EKO,NV,AWP,WE,Federal Contract Tower,3,21,6,0,30,0,15,38,0,53,3,36,44,0,83,32,0,32,115
03/13/2004,EKO,NV,AWP,WE,Federal Contract Tower,2,12,3,0,17,0,0,28,0,28,2,12,31,0,45,34,0,34,79
03/14/2004,EKO,NV,AWP,WE,Federal Contract Tower,3,17,5,0,25,0,2,24,0,26,3,19,29,0,51,20,0,20,71
03/15/2004,EKO,NV,AWP,WE,Federal Contract Tower,3,13,4,0,20,0,7,14,0,21,3,20,18,0,41,20,0,20,61
03/16/2004,EKO,NV,AWP,WE,Federal Contract Tower,2,18,4,0,24,1,8,23,0,32,3,26,27,0,56,22,0,22,78
03/17/2004,EKO,NV,AWP,WE,Federal Contract Tower,2,16,4,0,22,1,20,22,0,43,3,36,26,0,65,36,0,36,101
03/18/2004,EKO,NV,AWP,WE,Federal Contract Tower,2,16,4,0,22,2,10,13,0,25,4,26,17,0,47,42,0,42,89
03/19/2004,EKO,NV,AWP,WE,Federal Contract Tower,2,20,5,0,27,0,12,29,0,41,2,32,34,0,68,38,0,38,106
03/20/2004,EKO,NV,AWP,WE,Federal Contract Tower,1,9,2,0,12,1,7,19,0,27,2,16,21,0,39,22,0,22,61
03/21/2004,EKO,NV,AWP,WE,Federal Contract Tower,2,20,6,0,28,2,6,32,0,40,4,26,38,0,68,28,0,28,96
03/22/2004,EKO,NV,AWP,WE,Federal Contract Tower,3,20,6,0,29,1,4,18,0,23,4,24,24,0,52,32,0,32,84
03/23/2004,EKO,NV,AWP,WE,Federal Contract Tower,3,23,6,0,32,0,2,30,0,32,3,25,36,0,64,44,0,44,108
03/24/2004,EKO,NV,AWP,WE,Federal Contract Tower,2,19,6,0,27,0,10,21,0,31,2,29,27,0,58,20,0,20,78
03/25/2004,EKO,NV,AWP,WE,Federal Contract Tower,3,28,8,0,39,0,1,28,18,47,3,29,36,18,86,22,0,22,108
03/26/2004,EKO,NV,AWP,WE,Federal Contract Tower,3,20,6,0,29,0,6,12,0,18,3,26,18,0,47,64,0,64,111
03/27/2004,EKO,NV,AWP,WE,Federal Contract Tower,0,7,2,0,9,2,3,6,0,11,2,10,8,0,20,50,0,50,70
03/28/2004,EKO,NV,AWP,WE,Federal Contract Tower,2,15,4,0,21,1,4,38,0,43,3,19,42,0,64,50,0,50,114
03/29/2004,EKO,NV,AWP,WE,Federal Contract Tower,2,18,6,0,26,1,7,22,0,30,3,25,28,0,56,58,0,58,114
03/30/2004,EKO,NV,AWP,WE,Federal Contract Tower,2,23,7,0,32,0,9,23,2,34,2,32,30,2,66,36,0,36,102
03/31/2004,EKO,NV,AWP,WE,Federal Contract Tower,2,14,3,0,19,1,19,18,0,38,3,33,21,0,57,38,0,38,95
04/01/2004,EKO,NV,AWP,WE,Federal Contract Tower,2,17,3,0,22,0,10,2,0,12,2,27,5,0,34,0,0,0,34
04/02/2004,EKO,NV,AWP,WE,Federal Contract Tower,3,16,3,0,22,0,6,18,0,24,3,22,21,0,46,10,0,10,56
04/03/2004,EKO,NV,AWP,WE,Federal Contract Tower,2,8,2,0,12,2,0,17,0,19,4,8,19,0,31,34,0,34,65
04/04/2004,EKO,NV,AWP,WE,Federal Contract Tower,3,15,3,0,21,1,4,10,0,15,4,19,13,0,36,28,0,28,64
04/05/2004,EKO,NV,AWP,WE,Federal Contract Tower,3,21,4,0,28,0,14,23,0,37,3,35,27,0,65,26,0,26,91
04/06/2004,EKO,NV,AWP,WE,Federal Contract Tower,3,18,3,0,24,0,7,10,0,17,3,25,13,0,41,12,0,12,53
04/07/2004,EKO,NV,AWP,WE,Federal Contract Tower,2,20,4,0,26,0,7,11,0,18,2,27,15,0,44,10,0,10,54
04/08/2004,EKO,NV,AWP,WE,Federal Contract Tower,3,18,4,0,25,0,2,11,0,13,3,20,15,0,38,40,0,40,78
04/09/2004,EKO,NV,AWP,WE,Federal Contract Tower,3,18,3,0,24,0,8,19,0,27,3,26,22,0,51,40,0,40,91
04/10/2004,EKO,NV,AWP,WE,Federal Contract Tower,2,10,2,0,14,1,9,26,0,36,3,19,28,0,50,28,0,28,78
04/11/2004,EKO,NV,AWP,WE,Federal Contract Tower,2,14,3,0,19,0,16,9,0,25,2,30,12,0,44,30,0,30,74
04/12/2004,EKO,NV,AWP,WE,Federal Contract Tower,3,16,4,0,23,0,8,24,0,32,3,24,28,0,55,48,0,48,103
04/13/2004,EKO,NV,AWP,WE,Federal Contract Tower,3,16,4,0,23,0,3,19,0,22,3,19,23,0,45,30,0,30,75
04/14/2004,EKO,NV,AWP,WE,Federal Contract Tower,2,17,3,0,22,0,4,19,0,23,2,21,22,0,45,8,0,8,53
04/15/2004,EKO,NV,AWP,WE,Federal Contract Tower,3,14,3,0,20,0,9,17,0,26,3,23,20,0,46,8,0,8,54
04/16/2004,EKO,NV,AWP,WE,Federal Contract Tower,4,18,3,0,25,1,10,7,0,18,5,28,10,0,43,22,0,22,65
04/17/2004,EKO,NV,AWP,WE,Federal Contract Tower,3,16,2,0,21,0,0,12,0,12,3,16,14,0,33,12,0,12,45
04/18/2004,EKO,NV,AWP,WE,Federal Contract Tower,3,19,3,0,25,0,0,9,0,9,3,19,12,0,34,2,0,2,36
04/19/2004,EKO,NV,AWP,WE,Federal Contract Tower,2,15,3,0,20,0,4,4,0,8,2,19,7,0,28,4,0,4,32
04/20/2004,EKO,NV,AWP,WE,Federal Contract Tower,3,22,4,0,29,0,0,11,0,11,3,22,15,0,40,20,0,20,60
04/21/2004,EKO,NV,AWP,WE,Federal Contract Tower,3,22,4,0,29,2,13,1,0,16,5,35,5,0,45,34,0,34,79
04/22/2004,EKO,NV,AWP,WE,Federal Contract Tower,2,17,4,0,23,0,10,7,0,17,2,27,11,0,40,40,0,40,80
04/23/2004,EKO,NV,AWP,WE,Federal Contract Tower,3,18,3,0,24,2,2,22,0,26,5,20,25,0,50,32,0,32,82
04/24/2004,EKO,NV,AWP,WE,Federal Contract Tower,1,8,2,0,11,2,0,22,0,24,3,8,24,0,35,16,0,16,51
04/25/2004,EKO,NV,AWP,WE,Federal Contract Tower,2,14,3,0,19,1,0,20,1,22,3,14,23,1,41,26,0,26,67
04/26/2004,EKO,NV,AWP,WE,Federal Contract Tower,2,16,3,0,21,1,8,9,2,20,3,24,12,2,41,3,0,3,44
04/27/2004,EKO,NV,AWP,WE,Federal Contract Tower,3,25,5,0,33,0,0,21,0,21,3,25,26,0,54,18,0,18,72
04/28/2004,EKO,NV,AWP,WE,Federal Contract Tower,2,25,4,0,31,0,0,19,0,19,2,25,23,0,50,0,0,0,50
04/29/2004,EKO,NV,AWP,WE,Federal Contract Tower,3,19,4,0,26,0,6,9,0,15,3,25,13,0,41,36,0,36,77
04/30/2004,EKO,NV,AWP,WE,Federal Contract Tower,2,17,4,0,23,2,6,33,0,41,4,23,37,0,64,48,0,48,112
05/01/2004,EKO,NV,AWP,WE,Federal Contract Tower,3,14,2,0,19,0,0,43,0,43,3,14,45,0,62,54,0,54,116
05/02/2004,EKO,NV,AWP,WE,Federal Contract Tower,1,12,2,0,15,0,8,10,0,18,1,20,12,0,33,12,0,12,45
05/03/2004,EKO,NV,AWP,WE,Federal Contract Tower,3,14,3,0,20,0,9,15,0,24,3,23,18,0,44,46,0,46,90
05/04/2004,EKO,NV,AWP,WE,Federal Contract Tower,4,19,3,0,26,0,7,27,0,34,4,26,30,0,60,56,0,56,116
05/05/2004,EKO,NV,AWP,WE,Federal Contract Tower,2,17,3,0,22,0,19,16,0,35,2,36,19,0,57,14,0,14,71
05/06/2004,EKO,NV,AWP,WE,Federal Contract Tower,3,17,3,0,23,0,6,12,0,18,3,23,15,0,41,12,0,12,53
05/07/2004,EKO,NV,AWP,WE,Federal Contract Tower,3,15,3,0,21,2,9,14,0,25,5,24,17,0,46,56,0,56,102
05/08/2004,EKO,NV,AWP,WE,Federal Contract Tower,2,8,1,0,11,0,0,17,0,17,2,8,18,0,28,42,0,42,70
05/09/2004,EKO,NV,AWP,WE,Federal Contract Tower,3,16,3,0,22,0,8,12,0,20,3,24,15,0,42,22,0,22,64
05/10/2004,EKO,NV,AWP,WE,Federal Contract Tower,4,19,3,0,26,0,7,23,0,30,4,26,26,0,56,20,0,20,76
05/11/2004,EKO,NV,AWP,WE,Federal Contract Tower,6,29,7,0,42,0,0,14,0,14,6,29,21,0,56,36,0,36,92
05/12/2004,EKO,NV,AWP,WE,Federal Contract Tower,2,23,5,0,30,0,5,20,0,25,2,28,25,0,55,40,0,40,95
05/13/2004,EKO,NV,AWP,WE,Federal Contract Tower,2,15,4,0,21,1,8,28,0,37,3,23,32,0,58,16,0,16,74
05/14/2004,EKO,NV,AWP,WE,Federal Contract Tower,3,18,4,0,25,0,8,23,0,31,3,26,27,0,56,44,0,44,100
05/15/2004,EKO,NV,AWP,WE,Federal Contract Tower,1,8,3,0,12,1,7,15,0,23,2,15,18,0,35,50,0,50,85
05/16/2004,EKO,NV,AWP,WE,Federal Contract Tower,3,20,3,0,26,1,0,29,0,30,4,20,32,0,56,40,0,40,96
05/17/2004,EKO,NV,AWP,WE,Federal Contract Tower,3,20,3,0,26,1,7,24,0,32,4,27,27,0,58,30,0,30,88
05/18/2004,EKO,NV,AWP,WE,Federal Contract Tower,2,20,3,0,25,0,6,13,0,19,2,26,16,0,44,16,0,16,60
05/19/2004,EKO,NV,AWP,WE,Federal Contract Tower,2,14,2,0,18,0,7,16,0,23,2,21,18,0,41,16,0,16,57
05/20/2004,EKO,NV,AWP,WE,Federal Contract Tower,2,15,3,0,20,0,11,13,0,24,2,26,16,0,44,12,0,12,56
05/21/2004,EKO,NV,AWP,WE,Federal Contract Tower,3,19,3,0,25,2,9,15,0,26,5,28,18,0,51,14,0,14,65
05/22/2004,EKO,NV,AWP,WE,Federal Contract Tower,2,12,2,0,16,1,1,14,0,16,3,13,16,0,32,20,0,20,52
05/23/2004,EKO,NV,AWP,WE,Federal Contract Tower,3,19,3,0,25,0,2,14,0,16,3,21,17,0,41,12,0,12,53
05/24/2004,EKO,NV,AWP,WE,Federal Contract Tower,2,18,3,0,23,1,7,35,0,43,3,25,38,0,66,28,0,28,94
05/25/2004,EKO,NV,AWP,WE,Federal Contract Tower,2,21,3,0,26,0,6,19,0,25,2,27,22,0,51,8,0,8,59
05/26/2004,EKO,NV,AWP,WE,Federal Contract Tower,2,20,3,0,25,0,5,28,0,33,2,25,31,0,58,22,0,22,80
05/27/2004,EKO,NV,AWP,WE,Federal Contract Tower,2,18,3,0,23,0,8,18,0,26,2,26,21,0,49,12,0,12,61
05/28/2004,EKO,NV,AWP,WE,Federal Contract Tower,4,24,4,0,32,0,0,10,0,10,4,24,14,0,42,10,0,10,52
05/29/2004,EKO,NV,AWP,WE,Federal Contract Tower,1,9,1,0,11,1,1,21,0,23,2,10,22,0,34,16,0,16,50
05/30/2004,EKO,NV,AWP,WE,Federal Contract Tower,2,16,3,0,21,0,4,15,0,19,2,20,18,0,40,72,0,72,112
06/01/2004,EKO,NV,AWP,WE,Federal Contract Tower,2,14,3,0,19,0,10,18,0,28,2,24,21,0,47,56,0,56,103
06/02/2004,EKO,NV,AWP,WE,Federal Contract Tower,2,16,4,0,22,0,10,34,0,44,2,26,38,0,66,20,0,20,86
06/03/2004,EKO,NV,AWP,WE,Federal Contract Tower,2,18,3,0,23,0,8,34,0,42,2,26,37,0,65,30,0,30,95
06/04/2004,EKO,NV,AWP,WE,Federal Contract Tower,3,19,3,0,25,0,9,38,0,47,3,28,41,0,72,10,0,10,82
06/05/2004,EKO,NV,AWP,WE,Federal Contract Tower,2,8,1,0,11,1,0,34,0,35,3,8,35,0,46,46,0,46,92
06/06/2004,EKO,NV,AWP,WE,Federal Contract Tower,3,15,3,0,21,0,1,34,0,35,3,16,37,0,56,48,0,48,104
06/07/2004,EKO,NV,AWP,WE,Federal Contract Tower,3,17,4,0,24,2,6,5,0,13,5,23,9,0,37,48,0,48,85
06/08/2004,EKO,NV,AWP,WE,Federal Contract Tower,4,21,4,0,29,0,8,15,0,23,4,29,19,0,52,26,0,26,78
06/09/2004,EKO,NV,AWP,WE,Federal Contract Tower,2,20,4,0,26,0,6,8,0,14,2,26,12,0,40,24,0,24,64
06/10/2004,EKO,NV,AWP,WE,Federal Contract Tower,3,23,4,0,30,0,0,16,0,16,3,23,20,0,46,10,0,10,56
06/11/2004,EKO,NV,AWP,WE,Federal Contract Tower,3,21,4,0,28,0,19,31,0,50,3,40,35,0,78,40,0,40,118
06/12/2004,EKO,NV,AWP,WE,Federal Contract Tower,2,8,1,0,11,0,3,22,0,25,2,11,23,0,36,61,0,61,97
06/13/2004,EKO,NV,AWP,WE,Federal Contract Tower,2,10,2,0,14,0,7,19,0,26,2,17,21,0,40,38,0,38,78
06/14/2004,EKO,NV,AWP,WE,Federal Contract Tower,2,14,3,0,19,1,7,32,0,40,3,21,35,0,59,46,0,46,105
06/15/2004,EKO,NV,AWP,WE,Federal Contract Tower,2,18,4,0,24,0,15,40,2,57,2,33,44,2,81,16,0,16,97
06/16/2004,EKO,NV,AWP,WE,Federal Contract Tower,1,15,2,0,18,0,10,29,0,39,1,25,31,0,57,53,0,53,110
06/17/2004,EKO,NV,AWP,WE,Federal Contract Tower,2,18,4,0,24,1,7,34,0,42,3,25,38,0,66,30,0,30,96
06/18/2004,EKO,NV,AWP,WE,Federal Contract Tower,2,16,3,0,21,1,2,32,0,35,3,18,35,0,56,28,0,28,84
06/19/2004,EKO,NV,AWP,WE,Federal Contract Tower,2,13,2,0,17,1,3,31,0,35,3,16,33,0,52,34,0,34,86
06/20/2004,EKO,NV,AWP,WE,Federal Contract Tower,3,19,3,0,25,0,8,40,0,48,3,27,43,0,73,44,0,44,117
06/21/2004,EKO,NV,AWP,WE,Federal Contract Tower,3,19,3,0,25,2,11,38,0,51,5,30,41,0,76,62,0,62,138
06/22/2004,EKO,NV,AWP,WE,Federal Contract Tower,2,18,3,0,23,1,8,24,0,33,3,26,27,0,56,62,0,62,118
06/23/2004,EKO,NV,AWP,WE,Federal Contract Tower,2,18,4,0,24,1,6,24,0,31,3,24,28,0,55,30,0,30,85
06/24/2004,EKO,NV,AWP,WE,Federal Contract Tower,2,18,4,0,24,0,3,51,0,54,2,21,55,0,78,42,0,42,120
06/25/2004,EKO,NV,AWP,WE,Federal Contract Tower,3,19,3,0,25,0,8,28,0,36,3,27,31,0,61,38,0,38,99
06/26/2004,EKO,NV,AWP,WE,Federal Contract Tower,2,14,2,0,18,1,0,54,2,57,3,14,56,2,75,24,0,24,99
06/27/2004,EKO,NV,AWP,WE,Federal Contract Tower,2,17,3,0,22,1,3,55,0,59,3,20,58,0,81,32,0,32,113
06/28/2004,EKO,NV,AWP,WE,Federal Contract Tower,2,16,3,0,21,0,6,28,0,34,2,22,31,0,55,46,0,46,101
06/29/2004,EKO,NV,AWP,WE,Federal Contract Tower,2,18,4,0,24,1,14,28,0,43,3,32,32,0,67,10,0,10,77
06/30/2004,EKO,NV,AWP,WE,Federal Contract Tower,2,16,3,0,21,0,3,27,0,30,2,19,30,0,51,64,0,64,115
07/01/2004,EKO,NV,AWP,WE,Federal Contract Tower,2,29,7,0,38,0,7,36,0,43,2,36,43,0,81,18,0,18,99
07/02/2004,EKO,NV,AWP,WE,Federal Contract Tower,2,16,4,0,22,0,12,32,0,44,2,28,36,0,66,16,0,16,82
07/03/2004,EKO,NV,AWP,WE,Federal Contract Tower,2,8,2,0,12,0,1,35,0,36,2,9,37,0,48,10,0,10,58
07/04/2004,EKO,NV,AWP,WE,Federal Contract Tower,2,12,3,0,17,0,2,14,0,16,2,14,17,0,33,14,0,14,47
07/05/2004,EKO,NV,AWP,WE,Federal Contract Tower,2,15,4,0,21,0,8,41,0,49,2,23,45,0,70,34,0,34,104
07/06/2004,EKO,NV,AWP,WE,Federal Contract Tower,2,12,4,0,18,0,9,18,0,27,2,21,22,0,45,8,0,8,53
07/07/2004,EKO,NV,AWP,WE,Federal Contract Tower,2,18,5,0,25,0,4,26,2,32,2,22,31,2,57,34,0,34,91
07/08/2004,EKO,NV,AWP,WE,Federal Contract Tower,2,14,4,0,20,0,17,43,0,60,2,31,47,0,80,14,0,14,94
07/09/2004,EKO,NV,AWP,WE,Federal Contract Tower,3,17,5,0,25,1,14,35,0,50,4,31,40,0,75,24,0,24,99
07/10/2004,EKO,NV,AWP,WE,Federal Contract Tower,2,11,3,0,16,0,0,44,0,44,2,11,47,0,60,66,0,66,126
07/11/2004,EKO,NV,AWP,WE,Federal Contract Tower,3,19,5,0,27,0,5,25,0,30,3,24,30,0,57,38,0,38,95
07/12/2004,EKO,NV,AWP,WE,Federal Contract Tower,3,17,4,0,24,0,10,33,0,43,3,27,37,0,67,26,0,26,93
07/13/2004,EKO,NV,AWP,WE,Federal Contract Tower,2,16,4,0,22,0,10,23,0,33,2,26,27,0,55,32,0,32,87
07/14/2004,EKO,NV,AWP,WE,Federal Contract Tower,2,17,4,0,23,0,8,36,0,44,2,25,40,0,67,24,0,24,91
07/15/2004,EKO,NV,AWP,WE,Federal Contract Tower,2,16,5,0,23,0,9,23,0,32,2,25,28,0,55,10,0,10,65
07/16/2004,EKO,NV,AWP,WE,Federal Contract Tower,2,14,5,0,21,0,14,24,0,38,2,28,29,0,59,22,0,22,81
07/17/2004,EKO,NV,AWP,WE,Federal Contract Tower,1,9,2,0,12,1,1,19,0,21,2,10,21,0,33,28,0,28,61
07/18/2004,EKO,NV,AWP,WE,Federal Contract Tower,1,10,3,0,14,1,1,18,0,20,2,11,21,0,34,36,0,36,70
07/19/2004,EKO,NV,AWP,WE,Federal Contract Tower,2,18,4,0,24,0,10,36,0,46,2,28,40,0,70,4,0,4,74
07/20/2004,EKO,NV,AWP,WE,Federal Contract Tower,2,23,6,0,31,0,2,23,0,25,2,25,29,0,56,12,0,12,68
07/21/2004,EKO,NV,AWP,WE,Federal Contract Tower,2,21,6,0,29,0,3,38,0,41,2,24,44,0,70,28,0,28,98
07/22/2004,EKO,NV,AWP,WE,Federal Contract Tower,3,23,5,0,31,1,4,44,0,49,4,27,49,0,80,26,0,26,106
07/23/2004,EKO,NV,AWP,WE,Federal Contract Tower,3,27,7,0,37,0,0,52,0,52,3,27,59,0,89,88,0,88,177
07/24/2004,EKO,NV,AWP,WE,Federal Contract Tower,1,9,2,0,12,1,0,38,0,39,2,9,40,0,51,19,0,19,70
07/25/2004,EKO,NV,AWP,WE,Federal Contract Tower,1,13,4,0,18,2,4,27,0,33,3,17,31,0,51,48,0,48,99
07/26/2004,EKO,NV,AWP,WE,Federal Contract Tower,2,21,6,0,29,0,9,34,0,43,2,30,40,0,72,48,0,48,120
07/27/2004,EKO,NV,AWP,WE,Federal Contract Tower,2,22,6,0,30,0,7,26,0,33,2,29,32,0,63,16,0,16,79
07/28/2004,EKO,NV,AWP,WE,Federal Contract Tower,2,20,5,0,27,0,1,36,0,37,2,21,41,0,64,28,0,28,92
07/29/2004,EKO,NV,AWP,WE,Federal Contract Tower,2,18,4,0,24,1,8,24,0,33,3,26,28,0,57,12,0,12,69
07/30/2004,EKO,NV,AWP,WE,Federal Contract Tower,2,18,5,0,25,1,5,21,0,27,3,23,26,0,52,48,0,48,100
07/31/2004,EKO,NV,AWP,WE,Federal Contract Tower,1,9,2,0,12,1,0,38,0,39,2,9,40,0,51,40,0,40,91
08/01/2004,EKO,NV,AWP,WE,Federal Contract Tower,3,15,4,0,22,1,0,62,0,63,4,15,66,0,85,48,0,48,133
08/02/2004,EKO,NV,AWP,WE,Federal Contract Tower,3,14,3,0,20,0,9,44,0,53,3,23,47,0,73,36,0,36,109
08/03/2004,EKO,NV,AWP,WE,Federal Contract Tower,1,15,3,0,19,0,10,40,0,50,1,25,43,0,69,22,0,22,91
08/04/2004,EKO,NV,AWP,WE,Federal Contract Tower,3,22,5,0,30,0,2,48,0,50,3,24,53,0,80,44,0,44,124
08/05/2004,EKO,NV,AWP,WE,Federal Contract Tower,2,15,3,0,20,0,6,24,0,30,2,21,27,0,50,16,0,16,66
08/06/2004,EKO,NV,AWP,WE,Federal Contract Tower,3,15,3,0,21,0,6,35,0,41,3,21,38,0,62,30,0,30,92
08/07/2004,EKO,NV,AWP,WE,Federal Contract Tower,2,10,3,0,15,1,3,30,0,34,3,13,33,0,49,20,0,20,69
08/08/2004,EKO,NV,AWP,WE,Federal Contract Tower,2,24,5,0,31,0,1,28,0,29,2,25,33,0,60,34,0,34,94
08/09/2004,EKO,NV,AWP,WE,Federal Contract Tower,2,12,3,0,17,0,13,28,2,43,2,25,31,2,60,14,0,14,74
08/10/2004,EKO,NV,AWP,WE,Federal Contract Tower,2,21,5,0,28,0,14,19,0,33,2,35,24,0,61,32,0,32,93
08/11/2004,EKO,NV,AWP,WE,Federal Contract Tower,2,16,3,0,21,0,9,19,0,28,2,25,22,0,49,26,0,26,75
08/12/2004,EKO,NV,AWP,WE,Federal Contract Tower,2,16,3,0,21,0,10,22,0,32,2,26,25,0,53,8,0,8,61
08/13/2004,EKO,NV,AWP,WE,Federal Contract Tower,3,22,5,1,31,1,10,34,0,45,4,32,39,1,76,84,0,84,160
08/14/2004,EKO,NV,AWP,WE,Federal Contract Tower,2,13,3,1,19,1,0,17,2,20,3,13,20,3,39,20,0,20,59
08/15/2004,EKO,NV,AWP,WE,Federal Contract Tower,2,23,4,1,30,0,1,38,2,41,2,24,42,3,71,48,0,48,119
08/16/2004,EKO,NV,AWP,WE,Federal Contract Tower,2,19,3,1,25,0,8,42,0,50,2,27,45,1,75,30,0,30,105
08/17/2004,EKO,NV,AWP,WE,Federal Contract Tower,2,23,5,0,30,0,1,14,1,16,2,24,19,1,46,8,0,8,54
08/18/2004,EKO,NV,AWP,WE,Federal Contract Tower,2,17,4,0,23,0,5,14,0,19,2,22,18,0,42,22,0,22,64
08/19/2004,EKO,NV,AWP,WE,Federal Contract Tower,2,17,3,0,22,0,16,36,0,52,2,33,39,0,74,30,0,30,104
08/20/2004,EKO,NV,AWP,WE,Federal Contract Tower,2,17,4,0,23,2,13,29,0,44,4,30,33,0,67,22,0,22,89
08/21/2004,EKO,NV,AWP,WE,Federal Contract Tower,1,10,2,0,13,1,3,28,0,32,2,13,30,0,45,6,0,6,51
08/22/2004,EKO,NV,AWP,WE,Federal Contract Tower,2,14,3,0,19,1,4,25,0,30,3,18,28,0,49,26,0,26,75
08/23/2004,EKO,NV,AWP,WE,Federal Contract Tower,2,19,4,0,25,1,5,8,0,14,3,24,12,0,39,34,0,34,73
08/24/2004,EKO,NV,AWP,WE,Federal Contract Tower,2,17,3,0,22,0,6,22,0,28,2,23,25,0,50,6,0,6,56
08/25/2004,EKO,NV,AWP,WE,Federal Contract Tower,2,17,4,0,23,0,9,13,0,22,2,26,17,0,45,20,0,20,65
08/26/2004,EKO,NV,AWP,WE,Federal Contract Tower,2,25,5,0,32,0,3,36,0,39,2,28,41,0,71,24,0,24,95
08/27/2004,EKO,NV,AWP,WE,Federal Contract Tower,2,17,4,0,23,1,8,27,0,36,3,25,31,0,59,34,0,34,93
08/28/2004,EKO,NV,AWP,WE,Federal Contract Tower,1,8,3,0,12,2,0,35,0,37,3,8,38,0,49,26,0,26,75
08/29/2004,EKO,NV,AWP,WE,Federal Contract Tower,2,20,5,0,27,1,0,25,0,26,3,20,30,0,53,20,0,20,73
08/30/2004,EKO,NV,AWP,WE,Federal Contract Tower,2,17,4,0,23,0,4,23,0,27,2,21,27,0,50,30,0,30,80
08/31/2004,EKO,NV,AWP,WE,Federal Contract Tower,2,17,4,0,23,0,7,24,0,31,2,24,28,0,54,26,0,26,80
09/01/2004,EKO,NV,AWP,WE,Federal Contract Tower,2,12,3,0,17,0,12,29,0,41,2,24,32,0,58,20,0,20,78
09/02/2004,EKO,NV,AWP,WE,Federal Contract Tower,3,14,4,0,21,0,10,17,0,27,3,24,21,0,48,20,0,20,68
09/03/2004,EKO,NV,AWP,WE,Federal Contract Tower,4,21,5,0,30,1,5,45,0,51,5,26,50,0,81,18,0,18,99
09/04/2004,EKO,NV,AWP,WE,Federal Contract Tower,2,8,2,0,12,0,1,25,0,26,2,9,27,0,38,20,0,20,58
09/05/2004,EKO,NV,AWP,WE,Federal Contract Tower,2,9,2,0,13,1,0,19,0,20,3,9,21,0,33,20,0,20,53
09/06/2004,EKO,NV,AWP,WE,Federal Contract Tower,4,16,4,0,24,1,0,54,0,55,5,16,58,0,79,50,0,50,129
09/07/2004,EKO,NV,AWP,WE,Federal Contract Tower,2,20,5,0,27,0,3,50,0,53,2,23,55,0,80,24,0,24,104
09/08/2004,EKO,NV,AWP,WE,Federal Contract Tower,3,15,4,0,22,0,7,46,0,53,3,22,50,0,75,22,0,22,97
09/09/2004,EKO,NV,AWP,WE,Federal Contract Tower,2,19,5,0,26,0,5,50,0,55,2,24,55,0,81,16,0,16,97
09/10/2004,EKO,NV,AWP,WE,Federal Contract Tower,2,14,4,0,20,0,8,29,0,37,2,22,33,0,57,14,0,14,71
09/11/2004,EKO,NV,AWP,WE,Federal Contract Tower,1,4,1,0,6,1,1,30,0,32,2,5,31,0,38,24,0,24,62
09/12/2004,EKO,NV,AWP,WE,Federal Contract Tower,2,14,3,0,19,0,1,27,0,28,2,15,30,0,47,32,0,32,79
09/13/2004,EKO,NV,AWP,WE,Federal Contract Tower,2,21,4,0,27,0,4,30,0,34,2,25,34,0,61,18,0,18,79
09/14/2004,EKO,NV,AWP,WE,Federal Contract Tower,2,15,3,0,20,0,7,15,0,22,2,22,18,0,42,22,0,22,64
09/15/2004,EKO,NV,AWP,WE,Federal Contract Tower,1,16,3,0,20,0,12,51,0,63,1,28,54,0,83,10,0,10,93
09/16/2004,EKO,NV,AWP,WE,Federal Contract Tower,3,19,4,0,26,1,6,43,0,50,4,25,47,0,76,28,0,28,104
09/17/2004,EKO,NV,AWP,WE,Federal Contract Tower,2,16,4,0,22,1,3,30,0,34,3,19,34,0,56,2,0,2,58
09/18/2004,EKO,NV,AWP,WE,Federal Contract Tower,1,11,3,0,15,0,0,18,0,18,1,11,21,0,33,18,0,18,51
09/19/2004,EKO,NV,AWP,WE,Federal Contract Tower,3,24,6,0,33,0,1,6,0,7,3,25,12,0,40,0,0,0,40
09/20/2004,EKO,NV,AWP,WE,Federal Contract Tower,2,19,4,0,25,0,2,27,2,31,2,21,31,2,56,4,0,4,60
09/21/2004,EKO,NV,AWP,WE,Federal Contract Tower,2,18,4,0,24,1,7,20,0,28,3,25,24,0,52,40,0,40,92
09/22/2004,EKO,NV,AWP,WE,Federal Contract Tower,2,13,3,0,18,0,6,34,2,42,2,19,37,2,60,8,0,8,68
09/23/2004,EKO,NV,AWP,WE,Federal Contract Tower,2,16,4,0,22,1,6,23,0,30,3,22,27,0,52,0,0,0,52
09/24/2004,EKO,NV,AWP,WE,Federal Contract Tower,2,18,5,0,25,0,10,27,0,37,2,28,32,0,62,58,0,58,120
09/25/2004,EKO,NV,AWP,WE,Federal Contract Tower,1,12,3,0,16,2,4,33,0,39,3,16,36,0,55,14,0,14,69
09/26/2004,EKO,NV,AWP,WE,Federal Contract Tower,2,12,3,0,17,1,0,42,0,43,3,12,45,0,60,52,0,52,112
09/27/2004,EKO,NV,AWP,WE,Federal Contract Tower,3,20,4,0,27,1,8,36,0,45,4,28,40,0,72,24,0,24,96
09/28/2004,EKO,NV,AWP,WE,Federal Contract Tower,2,16,4,0,22,0,6,17,0,23,2,22,21,0,45,20,0,20,65
09/29/2004,EKO,NV,AWP,WE,Federal Contract Tower,3,22,5,0,30,1,10,12,0,23,4,32,17,0,53,4,0,4,57
09/30/2004,EKO,NV,AWP,WE,Federal Contract Tower,3,19,4,0,26,0,6,20,0,26,3,25,24,0,52,4,0,4,56
10/01/2004,EKO,NV,AWP,WE,Federal Contract Tower,6,22,5,0,33,0,13,22,0,35,6,35,27,0,68,28,0,28,96
10/02/2004,EKO,NV,AWP,WE,Federal Contract Tower,2,8,6,0,16,0,1,15,0,16,2,9,21,0,32,52,0,52,84
10/03/2004,EKO,NV,AWP,WE,Federal Contract Tower,3,15,7,0,25,0,5,35,0,40,3,20,42,0,65,14,0,14,79
10/04/2004,EKO,NV,AWP,WE,Federal Contract Tower,3,20,0,0,23,0,8,16,10,34,3,28,16,10,57,4,0,4,61
10/05/2004,EKO,NV,AWP,WE,Federal Contract Tower,3,13,0,0,16,0,8,25,0,33,3,21,25,0,49,2,0,2,51
10/06/2004,EKO,NV,AWP,WE,Federal Contract Tower,2,22,3,0,27,0,4,19,0,23,2,26,22,0,50,14,0,14,64
10/07/2004,EKO,NV,AWP,WE,Federal Contract Tower,4,18,0,0,22,0,10,20,0,30,4,28,20,0,52,16,0,16,68
10/08/2004,EKO,NV,AWP,WE,Federal Contract Tower,5,18,3,0,26,0,4,33,0,37,5,22,36,0,63,12,0,12,75
10/09/2004,EKO,NV,AWP,WE,Federal Contract Tower,2,14,1,0,17,0,6,15,0,21,2,20,16,0,38,20,0,20,58
10/10/2004,EKO,NV,AWP,WE,Federal Contract Tower,2,17,2,0,21,0,0,15,0,15,2,17,17,0,36,0,0,0,36
10/11/2004,EKO,NV,AWP,WE,Federal Contract Tower,4,16,2,0,22,0,7,14,0,21,4,23,16,0,43,22,0,22,65
10/12/2004,EKO,NV,AWP,WE,Federal Contract Tower,4,18,7,0,29,0,12,30,0,42,4,30,37,0,71,14,0,14,85
10/13/2004,EKO,NV,AWP,WE,Federal Contract Tower,2,16,6,0,24,0,9,19,0,28,2,25,25,0,52,30,0,30,82
10/14/2004,EKO,NV,AWP,WE,Federal Contract Tower,6,19,6,0,31,0,4,21,0,25,6,23,27,0,56,12,0,12,68
10/15/2004,EKO,NV,AWP,WE,Federal Contract Tower,4,16,5,0,25,0,6,69,0,75,4,22,74,0,100,10,0,10,110
10/16/2004,EKO,NV,AWP,WE,Federal Contract Tower,2,5,2,0,9,0,4,23,0,27,2,9,25,0,36,0,0,0,36
10/17/2004,EKO,NV,AWP,WE,Federal Contract Tower,3,17,6,0,26,0,0,8,0,8,3,17,14,0,34,0,0,0,34
10/18/2004,EKO,NV,AWP,WE,Federal Contract Tower,5,18,3,0,26,0,7,9,0,16,5,25,12,0,42,0,0,0,42
10/19/2004,EKO,NV,AWP,WE,Federal Contract Tower,2,28,6,0,36,0,0,0,0,0,2,28,6,0,36,0,0,0,36
10/20/2004,EKO,NV,AWP,WE,Federal Contract Tower,3,24,0,0,27,0,12,3,0,15,3,36,3,0,42,22,0,22,64
10/21/2004,EKO,NV,AWP,WE,Federal Contract Tower,4,25,1,0,30,0,1,2,0,3,4,26,3,0,33,30,0,30,63
10/22/2004,EKO,NV,AWP,WE,Federal Contract Tower,2,16,7,0,25,0,8,16,0,24,2,24,23,0,49,0,0,0,49
10/23/2004,EKO,NV,AWP,WE,Federal Contract Tower,5,8,3,0,16,0,0,1,10,11,5,8,4,10,27,0,0,0,27
10/24/2004,EKO,NV,AWP,WE,Federal Contract Tower,3,18,9,0,30,0,2,9,0,11,3,20,18,0,41,66,0,66,107
10/25/2004,EKO,NV,AWP,WE,Federal Contract Tower,2,24,2,0,28,0,0,10,0,10,2,24,12,0,38,76,0,76,114
10/26/2004,EKO,NV,AWP,WE,Federal Contract Tower,3,24,8,0,35,0,4,17,0,21,3,28,25,0,56,30,0,30,86
10/27/2004,EKO,NV,AWP,WE,Federal Contract Tower,2,20,9,0,31,0,0,4,0,4,2,20,13,0,35,68,0,68,103
10/28/2004,EKO,NV,AWP,WE,Federal Contract Tower,1,21,1,0,23,0,11,10,0,21,1,32,11,0,44,0,0,0,44
10/29/2004,EKO,NV,AWP,WE,Federal Contract Tower,3,21,0,0,24,0,1,0,0,1,3,22,0,0,25,10,0,10,35
10/30/2004,EKO,NV,AWP,WE,Federal Contract Tower,1,8,2,0,11,0,2,4,0,6,1,10,6,0,17,16,0,16,33
10/31/2004,EKO,NV,AWP,WE,Federal Contract Tower,2,17,7,0,26,0,7,1,0,8,2,24,8,0,34,14,0,14,48
11/01/2004,EKO,NV,AWP,WE,Federal Contract Tower,3,20,0,0,23,0,8,13,0,21,3,28,13,0,44,24,0,24,68
11/02/2004,EKO,NV,AWP,WE,Federal Contract Tower,4,16,4,0,24,0,8,18,0,26,4,24,22,0,50,24,0,24,74
11/03/2004,EKO,NV,AWP,WE,Federal Contract Tower,2,18,0,0,20,0,5,16,0,21,2,23,16,0,41,10,0,10,51
11/04/2004,EKO,NV,AWP,WE,Federal Contract Tower,3,18,0,0,21,0,10,16,0,26,3,28,16,0,47,6,0,6,53
11/05/2004,EKO,NV,AWP,WE,Federal Contract Tower,3,18,3,0,24,0,6,21,0,27,3,24,24,0,51,26,0,26,77
11/06/2004,EKO,NV,AWP,WE,Federal Contract Tower,3,9,2,0,14,0,2,17,0,19,3,11,19,0,33,72,0,72,105
11/07/2004,EKO,NV,AWP,WE,Federal Contract Tower,2,15,1,0,18,0,0,14,0,14,2,15,15,0,32,40,0,40,72
11/08/2004,EKO,NV,AWP,WE,Federal Contract Tower,3,20,2,0,25,0,1,7,0,8,3,21,9,0,33,28,0,28,61
11/09/2004,EKO,NV,AWP,WE,Federal Contract Tower,3,18,2,0,23,0,4,8,0,12,3,22,10,0,35,0,0,0,35
11/10/2004,EKO,NV,AWP,WE,Federal Contract Tower,2,18,7,0,27,0,3,3,0,6,2,21,10,0,33,0,0,0,33
11/11/2004,EKO,NV,AWP,WE,Federal Contract Tower,3,22,4,0,29,0,0,9,0,9,3,22,13,0,38,12,0,12,50
11/12/2004,EKO,NV,AWP,WE,Federal Contract Tower,4,26,5,0,35,0,0,6,0,6,4,26,11,0,41,32,0,32,73
11/13/2004,EKO,NV,AWP,WE,Federal Contract Tower,3,8,5,0,16,0,0,4,0,4,3,8,9,0,20,30,0,30,50
11/14/2004,EKO,NV,AWP,WE,Federal Contract Tower,2,16,1,0,19,0,2,11,0,13,2,18,12,0,32,10,0,10,42
11/15/2004,EKO,NV,AWP,WE,Federal Contract Tower,2,21,3,0,26,0,1,3,0,4,2,22,6,0,30,0,0,0,30
11/16/2004,EKO,NV,AWP,WE,Federal Contract Tower,2,16,8,0,26,0,7,12,0,19,2,23,20,0,45,18,0,18,63
11/17/2004,EKO,NV,AWP,WE,Federal Contract Tower,3,15,2,0,20,0,5,23,0,28,3,20,25,0,48,6,0,6,54
11/18/2004,EKO,NV,AWP,WE,Federal Contract Tower,3,15,13,0,31,0,7,13,0,20,3,22,26,0,51,18,0,18,69
11/19/2004,EKO,NV,AWP,WE,Federal Contract Tower,2,17,5,0,24,0,5,13,2,20,2,22,18,2,44,60,0,60,104
11/20/2004,EKO,NV,AWP,WE,Federal Contract Tower,4,9,3,0,16,0,3,5,0,8,4,12,8,0,24,44,0,44,68
11/21/2004,EKO,NV,AWP,WE,Federal Contract Tower,4,17,6,0,27,0,0,7,0,7,4,17,13,0,34,28,0,28,62
11/22/2004,EKO,NV,AWP,WE,Federal Contract Tower,3,21,2,0,26,0,5,14,0,19,3,26,16,0,45,6,0,6,51
11/23/2004,EKO,NV,AWP,WE,Federal Contract Tower,2,15,10,0,27,0,8,17,0,25,2,23,27,0,52,0,0,0,52
11/24/2004,EKO,NV,AWP,WE,Federal Contract Tower,3,15,3,0,21,0,4,9,0,13,3,19,12,0,34,38,0,38,72
11/25/2004,EKO,NV,AWP,WE,Federal Contract Tower,5,9,1,0,15,0,0,3,0,3,5,9,4,0,18,14,0,14,32
11/26/2004,EKO,NV,AWP,WE,Federal Contract Tower,2,14,3,0,19,0,4,13,0,17,2,18,16,0,36,16,0,16,52
11/27/2004,EKO,NV,AWP,WE,Federal Contract Tower,2,6,2,0,10,0,3,0,0,3,2,9,2,0,13,0,0,0,13
11/28/2004,EKO,NV,AWP,WE,Federal Contract Tower,2,16,6,0,24,0,4,6,0,10,2,20,12,0,34,24,0,24,58
11/29/2004,EKO,NV,AWP,WE,Federal Contract Tower,4,18,4,0,26,0,5,17,0,22,4,23,21,0,48,0,0,0,48
11/30/2004,EKO,NV,AWP,WE,Federal Contract Tower,2,20,6,0,28,0,1,12,0,13,2,21,18,0,41,10,0,10,51
12/01/2004,EKO,NV,AWP,WE,Federal Contract Tower,2,20,0,0,22,0,2,9,0,11,2,22,9,0,33,4,0,4,37
12/02/2004,EKO,NV,AWP,WE,Federal Contract Tower,5,20,1,0,26,0,5,27,12,44,5,25,28,12,70,4,0,4,74
12/03/2004,EKO,NV,AWP,WE,Federal Contract Tower,3,18,2,0,23,0,4,16,0,20,3,22,18,0,43,42,0,42,85
12/04/2004,EKO,NV,AWP,WE,Federal Contract Tower,1,4,3,0,8,1,6,20,0,27,2,10,23,0,35,50,0,50,85
12/05/2004,EKO,NV,AWP,WE,Federal Contract Tower,4,12,2,0,18,0,6,6,0,12,4,18,8,0,30,40,0,40,70
12/06/2004,EKO,NV,AWP,WE,Federal Contract Tower,3,22,2,0,27,0,6,7,0,13,3,28,9,0,40,18,0,18,58
12/07/2004,EKO,NV,AWP,WE,Federal Contract Tower,3,25,0,0,28,0,0,0,0,0,3,25,0,0,28,0,0,0,28
12/08/2004,EKO,NV,AWP,WE,Federal Contract Tower,2,25,5,0,32,0,2,6,0,8,2,27,11,0,40,0,0,0,40
12/09/2004,EKO,NV,AWP,WE,Federal Contract Tower,3,20,2,0,25,0,1,14,0,15,3,21,16,0,40,40,0,40,80
12/10/2004,EKO,NV,AWP,WE,Federal Contract Tower,3,19,1,0,23,0,4,37,0,41,3,23,38,0,64,20,0,20,84
12/11/2004,EKO,NV,AWP,WE,Federal Contract Tower,3,10,2,0,15,0,1,8,0,9,3,11,10,0,24,38,0,38,62
12/12/2004,EKO,NV,AWP,WE,Federal Contract Tower,4,17,2,0,23,0,0,32,0,32,4,17,34,0,55,44,0,44,99
12/13/2004,EKO,NV,AWP,WE,Federal Contract Tower,3,20,0,0,23,0,4,22,0,26,3,24,22,0,49,20,0,20,69
12/14/2004,EKO,NV,AWP,WE,Federal Contract Tower,3,16,5,0,24,0,11,20,0,31,3,27,25,0,55,16,0,16,71
12/15/2004,EKO,NV,AWP,WE,Federal Contract Tower,1,14,5,0,20,0,9,19,0,28,1,23,24,0,48,22,0,22,70
12/16/2004,EKO,NV,AWP,WE,Federal Contract Tower,4,16,2,0,22,0,4,21,2,27,4,20,23,2,49,20,0,20,69
12/17/2004,EKO,NV,AWP,WE,Federal Contract Tower,2,17,1,0,20,0,5,10,0,15,2,22,11,0,35,40,0,40,75
12/18/2004,EKO,NV,AWP,WE,Federal Contract Tower,3,8,0,0,11,0,4,15,0,19,3,12,15,0,30,36,0,36,66
12/19/2004,EKO,NV,AWP,WE,Federal Contract Tower,5,15,1,0,21,0,3,17,0,20,5,18,18,0,41,12,0,12,53
12/20/2004,EKO,NV,AWP,WE,Federal Contract Tower,3,25,10,0,38,0,3,31,0,34,3,28,41,0,72,22,0,22,94
12/21/2004,EKO,NV,AWP,WE,Federal Contract Tower,2,21,1,0,24,0,1,17,0,18,2,22,18,0,42,12,0,12,54
12/22/2004,EKO,NV,AWP,WE,Federal Contract Tower,3,18,6,0,27,0,3,10,0,13,3,21,16,0,40,78,0,78,118
12/23/2004,EKO,NV,AWP,WE,Federal Contract Tower,4,19,4,0,27,0,10,17,0,27,4,29,21,0,54,24,0,24,78
12/24/2004,EKO,NV,AWP,WE,Federal Contract Tower,2,13,2,0,17,0,13,11,0,24,2,26,13,0,41,38,0,38,79
12/25/2004,EKO,NV,AWP,WE,Federal Contract Tower,2,7,0,0,9,0,3,3,0,6,2,10,3,0,15,6,0,6,21
12/26/2004,EKO,NV,AWP,WE,Federal Contract Tower,3,15,4,0,22,0,4,9,0,13,3,19,13,0,35,4,0,4,39
12/27/2004,EKO,NV,AWP,WE,Federal Contract Tower,4,13,3,0,20,0,6,7,0,13,4,19,10,0,33,10,0,10,43
12/28/2004,EKO,NV,AWP,WE,Federal Contract Tower,3,24,2,0,29,0,4,4,0,8,3,28,6,0,37,16,0,16,53
12/29/2004,EKO,NV,AWP,WE,Federal Contract Tower,1,18,4,0,23,0,0,0,0,0,1,18,4,0,23,0,0,0,23
12/30/2004,EKO,NV,AWP,WE,Federal Contract Tower,2,16,2,0,20,0,0,1,0,1,2,16,3,0,21,0,0,0,21
12/31/2004,EKO,NV,AWP,WE,Federal Contract Tower,2,13,5,0,20,0,2,2,0,4,2,15,7,0,24,2,0,2,26
01/01/2005,EKO,NV,AWP,WE,Federal Contract Tower,3,9,0,0,12,0,0,0,0,0,3,9,0,0,12,0,0,0,12
01/02/2005,EKO,NV,AWP,WE,Federal Contract Tower,5,13,4,0,22,0,1,2,0,3,5,14,6,0,25,0,0,0,25
01/03/2005,EKO,NV,AWP,WE,Federal Contract Tower,3,12,0,0,15,0,1,3,0,4,3,13,3,0,19,0,0,0,19
01/04/2005,EKO,NV,AWP,WE,Federal Contract Tower,2,23,4,0,29,0,0,0,0,0,2,23,4,0,29,0,0,0,29
01/05/2005,EKO,NV,AWP,WE,Federal Contract Tower,3,22,1,0,26,0,0,1,0,1,3,22,2,0,27,0,0,0,27
01/06/2005,EKO,NV,AWP,WE,Federal Contract Tower,2,38,5,0,45,0,7,4,0,11,2,45,9,0,56,0,0,0,56
01/07/2005,EKO,NV,AWP,WE,Federal Contract Tower,3,14,0,0,17,0,1,3,0,4,3,15,3,0,21,0,0,0,21
01/08/2005,EKO,NV,AWP,WE,Federal Contract Tower,2,4,2,0,8,0,0,0,0,0,2,4,2,0,8,0,0,0,8
01/09/2005,EKO,NV,AWP,WE,Federal Contract Tower,2,8,2,0,12,0,0,2,0,2,2,8,4,0,14,0,0,0,14
01/10/2005,EKO,NV,AWP,WE,Federal Contract Tower,2,19,0,0,21,0,0,0,0,0,2,19,0,0,21,0,0,0,21
01/11/2005,EKO,NV,AWP,WE,Federal Contract Tower,4,5,0,0,9,0,0,0,0,0,4,5,0,0,9,0,0,0,9
01/12/2005,EKO,NV,AWP,WE,Federal Contract Tower,2,16,5,0,23,0,6,23,0,29,2,22,28,0,52,18,0,18,70
01/13/2005,EKO,NV,AWP,WE,Federal Contract Tower,3,18,1,0,22,0,10,12,0,22,3,28,13,0,44,4,0,4,48
01/14/2005,EKO,NV,AWP,WE,Federal Contract Tower,3,15,3,0,21,0,10,22,0,32,3,25,25,0,53,2,0,2,55
01/15/2005,EKO,NV,AWP,WE,Federal Contract Tower,3,8,3,0,14,0,0,9,0,9,3,8,12,0,23,20,0,20,43
01/16/2005,EKO,NV,AWP,WE,Federal Contract Tower,2,15,2,0,19,0,0,8,0,8,2,15,10,0,27,18,0,18,45
01/17/2005,EKO,NV,AWP,WE,Federal Contract Tower,4,10,6,0,20,0,0,1,0,1,4,10,7,0,21,0,0,0,21
01/18/2005,EKO,NV,AWP,WE,Federal Contract Tower,0,5,2,0,7,0,0,0,0,0,0,5,2,0,7,0,0,0,7
01/19/2005,EKO,NV,AWP,WE,Federal Contract Tower,1,17,2,0,20,0,4,6,0,10,1,21,8,0,30,0,0,0,30
01/20/2005,EKO,NV,AWP,WE,Federal Contract Tower,2,8,6,0,16,0,12,20,0,32,2,20,26,0,48,0,0,0,48
01/21/2005,EKO,NV,AWP,WE,Federal Contract Tower,3,9,2,0,14,0,5,9,0,14,3,14,11,0,28,6,0,6,34
01/22/2005,EKO,NV,AWP,WE,Federal Contract Tower,4,4,6,1,15,0,2,8,11,21,4,6,14,12,36,12,0,12,48
01/23/2005,EKO,NV,AWP,WE,Federal Contract Tower,2,16,7,0,25,0,1,6,0,7,2,17,13,0,32,2,0,2,34
01/24/2005,EKO,NV,AWP,WE,Federal Contract Tower,6,14,5,0,25,0,2,9,0,11,6,16,14,0,36,10,0,10,46
01/25/2005,EKO,NV,AWP,WE,Federal Contract Tower,4,20,1,0,25,0,6,14,0,20,4,26,15,0,45,20,0,20,65
01/26/2005,EKO,NV,AWP,WE,Federal Contract Tower,3,24,8,0,35,0,4,8,0,12,3,28,16,0,47,14,0,14,61
01/27/2005,EKO,NV,AWP,WE,Federal Contract Tower,3,23,16,0,42,0,0,4,0,4,3,23,20,0,46,24,0,24,70
01/28/2005,EKO,NV,AWP,WE,Federal Contract Tower,2,27,6,0,35,0,0,13,0,13,2,27,19,0,48,10,0,10,58
01/29/2005,EKO,NV,AWP,WE,Federal Contract Tower,2,9,1,0,12,0,0,8,0,8,2,9,9,0,20,0,0,0,20
01/30/2005,EKO,NV,AWP,WE,Federal Contract Tower,3,20,12,0,35,0,0,13,0,13,3,20,25,0,48,40,0,40,88
01/31/2005,EKO,NV,AWP,WE,Federal Contract Tower,3,22,5,0,30,0,0,1,0,1,3,22,6,0,31,8,0,8,39
02/01/2005,EKO,NV,AWP,WE,Federal Contract Tower,2,9,0,0,11,0,2,1,0,3,2,11,1,0,14,4,0,4,18
02/02/2005,EKO,NV,AWP,WE,Federal Contract Tower,2,14,3,0,19,0,10,9,2,21,2,24,12,2,40,8,0,8,48
02/03/2005,EKO,NV,AWP,WE,Federal Contract Tower,4,16,7,0,27,0,9,18,0,27,4,25,25,0,54,2,0,2,56
02/04/2005,EKO,NV,AWP,WE,Federal Contract Tower,4,21,3,0,28,0,12,20,0,32,4,33,23,0,60,8,0,8,68
02/05/2005,EKO,NV,AWP,WE,Federal Contract Tower,2,14,2,0,18,0,3,16,0,19,2,17,18,0,37,24,0,24,61
02/06/2005,EKO,NV,AWP,WE,Federal Contract Tower,4,20,6,0,30,0,0,5,0,5,4,20,11,0,35,2,0,2,37
02/07/2005,EKO,NV,AWP,WE,Federal Contract Tower,2,21,6,0,29,0,0,5,0,5,2,21,11,0,34,0,0,0,34
02/08/2005,EKO,NV,AWP,WE,Federal Contract Tower,1,19,14,0,34,0,4,4,0,8,1,23,18,0,42,0,0,0,42
02/09/2005,EKO,NV,AWP,WE,Federal Contract Tower,3,25,2,0,30,0,4,3,0,7,3,29,5,0,37,0,0,0,37
02/10/2005,EKO,NV,AWP,WE,Federal Contract Tower,5,19,3,0,27,0,7,17,0,24,5,26,20,0,51,8,0,8,59
02/11/2005,EKO,NV,AWP,WE,Federal Contract Tower,4,19,7,0,30,0,0,7,0,7,4,19,14,0,37,42,0,42,79
02/12/2005,EKO,NV,AWP,WE,Federal Contract Tower,4,7,1,0,12,0,0,4,0,4,4,7,5,0,16,6,0,6,22
02/13/2005,EKO,NV,AWP,WE,Federal Contract Tower,3,15,2,0,20,0,2,2,0,4,3,17,4,0,24,2,0,2,26
02/14/2005,EKO,NV,AWP,WE,Federal Contract Tower,2,20,0,0,22,0,2,2,0,4,2,22,2,0,26,2,0,2,28
02/15/2005,EKO,NV,AWP,WE,Federal Contract Tower,2,24,3,0,29,0,10,23,0,33,2,34,26,0,62,30,0,30,92
02/16/2005,EKO,NV,AWP,WE,Federal Contract Tower,7,18,2,0,27,0,4,7,0,11,7,22,9,0,38,14,0,14,52
02/17/2005,EKO,NV,AWP,WE,Federal Contract Tower,1,16,1,0,18,0,5,16,12,33,1,21,17,12,51,6,0,6,57
02/18/2005,EKO,NV,AWP,WE,Federal Contract Tower,2,19,0,0,21,0,5,5,0,10,2,24,5,0,31,14,0,14,45
02/19/2005,EKO,NV,AWP,WE,Federal Contract Tower,4,11,2,0,17,0,1,0,0,1,4,12,2,0,18,12,0,12,30
02/20/2005,EKO,NV,AWP,WE,Federal Contract Tower,2,16,0,0,18,0,1,6,0,7,2,17,6,0,25,34,0,34,59
02/21/2005,EKO,NV,AWP,WE,Federal Contract Tower,2,24,2,0,28,0,4,0,0,4,2,28,2,0,32,28,0,28,60
02/22/2005,EKO,NV,AWP,WE,Federal Contract Tower,3,26,1,0,30,0,2,5,0,7,3,28,6,0,37,34,0,34,71
02/23/2005,EKO,NV,AWP,WE,Federal Contract Tower,3,24,1,0,28,0,6,9,1,16,3,30,10,1,44,16,0,16,60
02/24/2005,EKO,NV,AWP,WE,Federal Contract Tower,2,16,2,0,20,0,8,18,0,26,2,24,20,0,46,16,0,16,62
02/25/2005,EKO,NV,AWP,WE,Federal Contract Tower,4,19,4,0,27,0,8,17,0,25,4,27,21,0,52,8,0,8,60
02/26/2005,EKO,NV,AWP,WE,Federal Contract Tower,2,10,1,0,13,0,2,41,0,43,2,12,42,0,56,10,0,10,66
02/27/2005,EKO,NV,AWP,WE,Federal Contract Tower,2,16,8,0,26,0,4,16,0,20,2,20,24,0,46,28,0,28,74
02/28/2005,EKO,NV,AWP,WE,Federal Contract Tower,3,18,3,0,24,0,2,7,0,9,3,20,10,0,33,10,0,10,43
03/01/2005,EKO,NV,AWP,WE,Federal Contract Tower,2,22,5,0,29,0,10,15,0,25,2,32,20,0,54,32,0,32,86
03/02/2005,EKO,NV,AWP,WE,Federal Contract Tower,4,29,9,2,44,0,1,7,0,8,4,30,16,2,52,2,0,2,54
03/03/2005,EKO,NV,AWP,WE,Federal Contract Tower,3,16,6,0,25,0,3,17,0,20,3,19,23,0,45,2,0,2,47
03/04/2005,EKO,NV,AWP,WE,Federal Contract Tower,4,25,3,0,32,0,8,26,0,34,4,33,29,0,66,22,0,22,88
03/05/2005,EKO,NV,AWP,WE,Federal Contract Tower,1,10,3,0,14,0,0,10,0,10,1,10,13,0,24,48,0,48,72
03/06/2005,EKO,NV,AWP,WE,Federal Contract Tower,3,13,13,0,29,0,4,4,0,8,3,17,17,0,37,12,0,12,49
03/07/2005,EKO,NV,AWP,WE,Federal Contract Tower,2,24,3,0,29,0,9,26,0,35,2,33,29,0,64,12,0,12,76
03/08/2005,EKO,NV,AWP,WE,Federal Contract Tower,5,21,4,0,30,0,4,13,0,17,5,25,17,0,47,10,0,10,57
03/09/2005,EKO,NV,AWP,WE,Federal Contract Tower,5,22,6,0,33,0,8,32,0,40,5,30,38,0,73,13,0,13,86
03/10/2005,EKO,NV,AWP,WE,Federal Contract Tower,3,19,0,0,22,0,6,31,0,37,3,25,31,0,59,0,0,0,59
03/11/2005,EKO,NV,AWP,WE,Federal Contract Tower,3,22,4,0,29,0,9,44,0,53,3,31,48,0,82,12,0,12,94
03/12/2005,EKO,NV,AWP,WE,Federal Contract Tower,4,8,2,0,14,0,6,10,5,21,4,14,12,5,35,56,0,56,91
03/13/2005,EKO,NV,AWP,WE,Federal Contract Tower,1,17,8,0,26,0,2,4,2,8,1,19,12,2,34,40,0,40,74
03/14/2005,EKO,NV,AWP,WE,Federal Contract Tower,3,24,6,0,33,0,4,25,0,29,3,28,31,0,62,32,0,32,94
03/15/2005,EKO,NV,AWP,WE,Federal Contract Tower,4,21,2,0,27,0,6,21,0,27,4,27,23,0,54,0,0,0,54
03/16/2005,EKO,NV,AWP,WE,Federal Contract Tower,2,24,8,0,34,0,5,21,0,26,2,29,29,0,60,14,0,14,74
03/17/2005,EKO,NV,AWP,WE,Federal Contract Tower,2,20,8,0,30,0,3,15,0,18,2,23,23,0,48,22,0,22,70
03/18/2005,EKO,NV,AWP,WE,Federal Contract Tower,3,23,7,0,33,0,7,21,0,28,3,30,28,0,61,44,0,44,105
03/19/2005,EKO,NV,AWP,WE,Federal Contract Tower,2,12,6,0,20,0,0,8,0,8,2,12,14,0,28,0,0,0,28
03/20/2005,EKO,NV,AWP,WE,Federal Contract Tower,2,14,1,0,17,0,0,9,0,9,2,14,10,0,26,51,0,51,77
03/21/2005,EKO,NV,AWP,WE,Federal Contract Tower,2,26,9,0,37,0,3,11,0,14,2,29,20,0,51,6,0,6,57
03/22/2005,EKO,NV,AWP,WE,Federal Contract Tower,4,25,8,0,37,0,2,6,0,8,4,27,14,0,45,0,0,0,45
03/23/2005,EKO,NV,AWP,WE,Federal Contract Tower,2,22,3,0,27,0,3,3,0,6,2,25,6,0,33,0,0,0,33
03/24/2005,EKO,NV,AWP,WE,Federal Contract Tower,3,24,2,0,29,0,2,12,0,14,3,26,14,0,43,0,0,0,43
03/25/2005,EKO,NV,AWP,WE,Federal Contract Tower,2,25,1,0,28,0,9,21,0,30,2,34,22,0,58,16,0,16,74
03/26/2005,EKO,NV,AWP,WE,Federal Contract Tower,2,12,1,0,15,0,3,21,0,24,2,15,22,0,39,38,0,38,77
03/27/2005,EKO,NV,AWP,WE,Federal Contract Tower,3,14,1,0,18,0,2,1,0,3,3,16,2,0,21,2,0,2,23
03/28/2005,EKO,NV,AWP,WE,Federal Contract Tower,3,29,3,0,35,0,0,6,0,6,3,29,9,0,41,0,0,0,41
03/29/2005,EKO,NV,AWP,WE,Federal Contract Tower,5,20,6,0,31,0,3,6,0,9,5,23,12,0,40,0,0,0,40
03/30/2005,EKO,NV,AWP,WE,Federal Contract Tower,2,20,8,0,30,0,6,32,0,38,2,26,40,0,68,4,0,4,72
03/31/2005,EKO,NV,AWP,WE,Federal Contract Tower,5,21,4,0,30,0,8,27,0,35,5,29,31,0,65,64,0,64,129
04/01/2005,EKO,NV,AWP,WE,Federal Contract Tower,3,22,1,0,26,0,5,40,0,45,3,27,41,0,71,16,0,16,87
04/02/2005,EKO,NV,AWP,WE,Federal Contract Tower,2,14,0,0,16,0,0,16,0,16,2,14,16,0,32,58,0,58,90
04/03/2005,EKO,NV,AWP,WE,Federal Contract Tower,3,13,4,0,20,0,0,12,0,12,3,13,16,0,32,40,0,40,72
04/04/2005,EKO,NV,AWP,WE,Federal Contract Tower,3,32,2,0,37,0,1,10,0,11,3,33,12,0,48,2,0,2,50
04/05/2005,EKO,NV,AWP,WE,Federal Contract Tower,3,25,4,0,32,0,8,20,0,28,3,33,24,0,60,2,0,2,62
04/06/2005,EKO,NV,AWP,WE,Federal Contract Tower,3,22,4,0,29,0,8,30,0,38,3,30,34,0,67,6,0,6,73
04/07/2005,EKO,NV,AWP,WE,Federal Contract Tower,2,20,4,0,26,0,6,13,0,19,2,26,17,0,45,0,0,0,45
04/08/2005,EKO,NV,AWP,WE,Federal Contract Tower,4,25,0,0,29,0,2,3,0,5,4,27,3,0,34,2,0,2,36
04/09/2005,EKO,NV,AWP,WE,Federal Contract Tower,5,12,1,0,18,0,0,6,0,6,5,12,7,0,24,18,0,18,42
04/10/2005,EKO,NV,AWP,WE,Federal Contract Tower,5,14,4,0,23,0,4,20,0,24,5,18,24,0,47,21,0,21,68
04/11/2005,EKO,NV,AWP,WE,Federal Contract Tower,6,22,6,0,34,0,4,22,0,26,6,26,28,0,60,10,0,10,70
04/12/2005,EKO,NV,AWP,WE,Federal Contract Tower,5,22,6,0,33,0,6,20,0,26,5,28,26,0,59,14,0,14,73
04/13/2005,EKO,NV,AWP,WE,Federal Contract Tower,4,26,0,0,30,0,2,18,0,20,4,28,18,0,50,12,0,12,62
04/14/2005,EKO,NV,AWP,WE,Federal Contract Tower,2,24,3,0,29,0,12,17,0,29,2,36,20,0,58,6,0,6,64
04/15/2005,EKO,NV,AWP,WE,Federal Contract Tower,3,18,2,0,23,0,10,28,0,38,3,28,30,0,61,36,0,36,97
04/16/2005,EKO,NV,AWP,WE,Federal Contract Tower,3,8,2,0,13,0,1,17,0,18,3,9,19,0,31,30,0,30,61
04/17/2005,EKO,NV,AWP,WE,Federal Contract Tower,3,13,3,0,19,0,6,16,0,22,3,19,19,0,41,19,0,19,60
04/18/2005,EKO,NV,AWP,WE,Federal Contract Tower,2,22,0,0,24,0,5,15,0,20,2,27,15,0,44,0,0,0,44
04/19/2005,EKO,NV,AWP,WE,Federal Contract Tower,3,26,2,0,31,0,2,5,0,7,3,28,7,0,38,0,0,0,38
04/20/2005,EKO,NV,AWP,WE,Federal Contract Tower,3,24,9,0,36,0,0,3,0,3,3,24,12,0,39,0,0,0,39
04/21/2005,EKO,NV,AWP,WE,Federal Contract Tower,3,30,1,0,34,0,4,16,0,20,3,34,17,0,54,18,0,18,72
04/22/2005,EKO,NV,AWP,WE,Federal Contract Tower,3,22,6,0,31,0,9,38,0,47,3,31,44,0,78,55,0,55,133
04/23/2005,EKO,NV,AWP,WE,Federal Contract Tower,2,15,1,0,18,0,0,14,0,14,2,15,15,0,32,17,0,17,49
04/24/2005,EKO,NV,AWP,WE,Federal Contract Tower,2,18,2,0,22,0,0,16,0,16,2,18,18,0,38,14,0,14,52
04/25/2005,EKO,NV,AWP,WE,Federal Contract Tower,3,26,3,0,32,0,0,0,0,0,3,26,3,0,32,22,0,22,54
04/26/2005,EKO,NV,AWP,WE,Federal Contract Tower,4,25,12,0,41,0,8,13,0,21,4,33,25,0,62,30,0,30,92
04/27/2005,EKO,NV,AWP,WE,Federal Contract Tower,3,20,2,0,25,0,4,11,1,16,3,24,13,1,41,40,0,40,81
04/28/2005,EKO,NV,AWP,WE,Federal Contract Tower,2,28,5,0,35,0,8,7,0,15,2,36,12,0,50,18,0,18,68
04/29/2005,EKO,NV,AWP,WE,Federal Contract Tower,4,19,1,0,24,0,10,25,0,35,4,29,26,0,59,22,0,22,81
04/30/2005,EKO,NV,AWP,WE,Federal Contract Tower,3,12,2,0,17,0,6,20,0,26,3,18,22,0,43,42,0,42,85
05/01/2005,EKO,NV,AWP,WE,Federal Contract Tower,3,17,7,0,27,0,0,25,0,25,3,17,32,0,52,13,0,13,65
05/02/2005,EKO,NV,AWP,WE,Federal Contract Tower,3,35,6,0,44,0,8,15,0,23,3,43,21,0,67,24,0,24,91
05/03/2005,EKO,NV,AWP,WE,Federal Contract Tower,3,24,5,0,32,0,9,30,0,39,3,33,35,0,71,14,0,14,85
05/04/2005,EKO,NV,AWP,WE,Federal Contract Tower,2,22,4,0,28,0,7,26,0,33,2,29,30,0,61,30,0,30,91
05/05/2005,EKO,NV,AWP,WE,Federal Contract Tower,4,25,1,0,30,0,3,13,0,16,4,28,14,0,46,12,0,12,58
05/06/2005,EKO,NV,AWP,WE,Federal Contract Tower,3,27,2,0,32,0,7,9,0,16,3,34,11,0,48,4,0,4,52
05/07/2005,EKO,NV,AWP,WE,Federal Contract Tower,2,10,2,0,14,0,0,16,0,16,2,10,18,0,30,10,0,10,40
05/08/2005,EKO,NV,AWP,WE,Federal Contract Tower,2,17,4,0,23,0,2,14,0,16,2,19,18,0,39,14,0,14,53
05/09/2005,EKO,NV,AWP,WE,Federal Contract Tower,3,25,3,0,31,0,3,1,0,4,3,28,4,0,35,0,0,0,35
05/10/2005,EKO,NV,AWP,WE,Federal Contract Tower,4,25,6,0,35,0,0,14,1,15,4,25,20,1,50,2,0,2,52
05/11/2005,EKO,NV,AWP,WE,Federal Contract Tower,5,28,3,0,36,0,2,7,1,10,5,30,10,1,46,2,0,2,48
05/12/2005,EKO,NV,AWP,WE,Federal Contract Tower,5,28,5,0,38,0,2,14,2,18,5,30,19,2,56,6,0,6,62
05/13/2005,EKO,NV,AWP,WE,Federal Contract Tower,1,22,5,0,28,1,8,19,2,30,2,30,24,2,58,9,0,9,67
05/14/2005,EKO,NV,AWP,WE,Federal Contract Tower,2,11,1,0,14,0,2,25,0,27,2,13,26,0,41,32,0,32,73
05/15/2005,EKO,NV,AWP,WE,Federal Contract Tower,3,20,8,0,31,0,6,19,0,25,3,26,27,0,56,23,0,23,79
05/16/2005,EKO,NV,AWP,WE,Federal Contract Tower,2,26,4,0,32,0,1,1,0,2,2,27,5,0,34,0,0,0,34
05/17/2005,EKO,NV,AWP,WE,Federal Contract Tower,4,28,6,0,38,0,5,24,0,29,4,33,30,0,67,38,0,38,105
05/18/2005,EKO,NV,AWP,WE,Federal Contract Tower,3,21,2,0,26,0,3,16,0,19,3,24,18,0,45,26,0,26,71
05/19/2005,EKO,NV,AWP,WE,Federal Contract Tower,4,24,0,0,28,0,8,18,0,26,4,32,18,0,54,6,0,6,60
05/20/2005,EKO,NV,AWP,WE,Federal Contract Tower,4,18,2,0,24,0,10,19,0,29,4,28,21,0,53,42,0,42,95
05/21/2005,EKO,NV,AWP,WE,Federal Contract Tower,2,9,0,0,11,0,2,19,2,23,2,11,19,2,34,22,0,22,56
05/22/2005,EKO,NV,AWP,WE,Federal Contract Tower,2,13,3,0,18,0,0,22,0,22,2,13,25,0,40,32,0,32,72
05/23/2005,EKO,NV,AWP,WE,Federal Contract Tower,3,24,1,0,28,0,8,30,0,38,3,32,31,0,66,65,0,65,131
05/24/2005,EKO,NV,AWP,WE,Federal Contract Tower,3,22,0,0,25,0,9,32,0,41,3,31,32,0,66,54,0,54,120
05/25/2005,EKO,NV,AWP,WE,Federal Contract Tower,2,21,1,0,24,0,8,26,0,34,2,29,27,0,58,20,0,20,78
05/26/2005,EKO,NV,AWP,WE,Federal Contract Tower,4,17,1,0,22,0,9,22,0,31,4,26,23,0,53,55,0,55,108
05/27/2005,EKO,NV,AWP,WE,Federal Contract Tower,5,14,0,0,19,0,9,35,0,44,5,23,35,0,63,28,0,28,91
05/28/2005,EKO,NV,AWP,WE,Federal Contract Tower,2,8,4,0,14,0,12,20,0,32,2,20,24,0,46,24,0,24,70
05/29/2005,EKO,NV,AWP,WE,Federal Contract Tower,3,16,2,0,21,0,0,6,0,6,3,16,8,0,27,12,0,12,39
05/30/2005,EKO,NV,AWP,WE,Federal Contract Tower,2,15,0,0,17,0,1,13,0,14,2,16,13,0,31,12,0,12,43
05/31/2005,EKO,NV,AWP,WE,Federal Contract Tower,5,21,1,0,27,0,10,34,0,44,5,31,35,0,71,32,0,32,103
06/01/2005,EKO,NV,AWP,WE,Federal Contract Tower,4,18,3,0,25,0,5,17,0,22,4,23,20,0,47,4,0,4,51
06/02/2005,EKO,NV,AWP,WE,Federal Contract Tower,4,29,9,0,42,0,4,14,0,18,4,33,23,0,60,66,0,66,126
06/03/2005,EKO,NV,AWP,WE,Federal Contract Tower,2,16,5,0,23,0,4,44,0,48,2,20,49,0,71,28,0,28,99
06/04/2005,EKO,NV,AWP,WE,Federal Contract Tower,8,8,2,0,18,0,0,20,2,22,8,8,22,2,40,58,0,58,98
06/05/2005,EKO,NV,AWP,WE,Federal Contract Tower,4,17,1,0,22,0,0,44,0,44,4,17,45,0,66,14,0,14,80
06/06/2005,EKO,NV,AWP,WE,Federal Contract Tower,5,19,2,0,26,0,5,33,0,38,5,24,35,0,64,50,0,50,114
06/07/2005,EKO,NV,AWP,WE,Federal Contract Tower,2,19,2,0,23,0,14,18,0,32,2,33,20,0,55,38,0,38,93
06/08/2005,EKO,NV,AWP,WE,Federal Contract Tower,4,28,12,0,44,0,5,26,0,31,4,33,38,0,75,50,0,50,125
06/09/2005,EKO,NV,AWP,WE,Federal Contract Tower,4,23,5,0,32,0,11,25,0,36,4,34,30,0,68,76,0,76,144
06/10/2005,EKO,NV,AWP,WE,Federal Contract Tower,2,30,4,0,36,0,4,42,0,46,2,34,46,0,82,56,0,56,138
06/11/2005,EKO,NV,AWP,WE,Federal Contract Tower,3,16,13,0,32,0,2,14,2,18,3,18,27,2,50,57,0,57,107
06/12/2005,EKO,NV,AWP,WE,Federal Contract Tower,3,12,4,0,19,0,0,20,0,20,3,12,24,0,39,80,0,80,119
06/13/2005,EKO,NV,AWP,WE,Federal Contract Tower,2,17,0,0,19,0,7,23,0,30,2,24,23,0,49,32,0,32,81
06/14/2005,EKO,NV,AWP,WE,Federal Contract Tower,3,18,0,0,21,0,4,26,0,30,3,22,26,0,51,88,0,88,139
06/15/2005,EKO,NV,AWP,WE,Federal Contract Tower,2,27,4,0,33,0,7,45,0,52,2,34,49,0,85,62,0,62,147
06/16/2005,EKO,NV,AWP,WE,Federal Contract Tower,3,16,9,0,28,0,16,32,0,48,3,32,41,0,76,46,0,46,122
06/17/2005,EKO,NV,AWP,WE,Federal Contract Tower,5,19,1,0,25,0,6,18,0,24,5,25,19,0,49,36,0,36,85
06/18/2005,EKO,NV,AWP,WE,Federal Contract Tower,2,11,0,0,13,0,4,32,0,36,2,15,32,0,49,73,0,73,122
06/19/2005,EKO,NV,AWP,WE,Federal Contract Tower,2,15,1,0,18,0,4,23,0,27,2,19,24,0,45,58,0,58,103
06/20/2005,EKO,NV,AWP,WE,Federal Contract Tower,5,20,3,0,28,0,5,28,0,33,5,25,31,0,61,52,0,52,113
06/21/2005,EKO,NV,AWP,WE,Federal Contract Tower,2,20,1,0,23,0,10,30,0,40,2,30,31,0,63,56,0,56,119
06/22/2005,EKO,NV,AWP,WE,Federal Contract Tower,3,24,1,0,28,0,11,27,0,38,3,35,28,0,66,58,0,58,124
06/23/2005,EKO,NV,AWP,WE,Federal Contract Tower,3,15,3,0,21,0,9,16,0,25,3,24,19,0,46,38,0,38,84
06/24/2005,EKO,NV,AWP,WE,Federal Contract Tower,3,23,5,0,31,0,4,40,0,44,3,27,45,0,75,10,0,10,85
06/25/2005,EKO,NV,AWP,WE,Federal Contract Tower,2,10,5,0,17,0,6,23,0,29,2,16,28,0,46,34,0,34,80
06/26/2005,EKO,NV,AWP,WE,Federal Contract Tower,3,14,6,0,23,0,2,14,0,16,3,16,20,0,39,24,0,24,63
06/27/2005,EKO,NV,AWP,WE,Federal Contract Tower,3,18,0,0,21,0,6,28,0,34,3,24,28,0,55,18,0,18,73
06/28/2005,EKO,NV,AWP,WE,Federal Contract Tower,4,18,6,0,28,0,9,36,0,45,4,27,42,0,73,40,0,40,113
06/29/2005,EKO,NV,AWP,WE,Federal Contract Tower,2,24,2,0,28,0,9,32,0,41,2,33,34,0,69,84,0,84,153
06/30/2005,EKO,NV,AWP,WE,Federal Contract Tower,2,21,1,0,24,0,4,24,0,28,2,25,25,0,52,14,0,14,66
07/01/2005,EKO,NV,AWP,WE,Federal Contract Tower,3,26,1,0,30,0,9,41,0,50,3,35,42,0,80,18,0,18,98
07/02/2005,EKO,NV,AWP,WE,Federal Contract Tower,4,13,2,0,19,0,5,38,0,43,4,18,40,0,62,46,0,46,108
07/03/2005,EKO,NV,AWP,WE,Federal Contract Tower,5,15,0,0,20,0,4,30,0,34,5,19,30,0,54,52,0,52,106
07/04/2005,EKO,NV,AWP,WE,Federal Contract Tower,8,13,0,0,21,0,3,22,0,25,8,16,22,0,46,72,0,72,118
07/05/2005,EKO,NV,AWP,WE,Federal Contract Tower,4,21,1,0,26,0,2,21,0,23,4,23,22,0,49,28,0,28,77
07/06/2005,EKO,NV,AWP,WE,Federal Contract Tower,3,17,0,0,20,0,10,41,0,51,3,27,41,0,71,18,0,18,89
07/07/2005,EKO,NV,AWP,WE,Federal Contract Tower,3,15,3,0,21,0,8,39,0,47,3,23,42,0,68,2,0,2,70
07/08/2005,EKO,NV,AWP,WE,Federal Contract Tower,2,22,0,0,24,0,10,31,0,41,2,32,31,0,65,38,0,38,103
07/09/2005,EKO,NV,AWP,WE,Federal Contract Tower,2,10,0,0,12,0,6,38,0,44,2,16,38,0,56,48,0,48,104
07/10/2005,EKO,NV,AWP,WE,Federal Contract Tower,2,20,3,0,25,0,0,43,4,47,2,20,46,4,72,40,0,40,112
07/11/2005,EKO,NV,AWP,WE,Federal Contract Tower,3,22,2,0,27,0,7,66,1,74,3,29,68,1,101,14,0,14,115
07/12/2005,EKO,NV,AWP,WE,Federal Contract Tower,4,21,5,0,30,0,2,34,1,37,4,23,39,1,67,28,0,28,95
07/13/2005,EKO,NV,AWP,WE,Federal Contract Tower,3,17,2,0,22,0,6,41,0,47,3,23,43,0,69,18,0,18,87
07/14/2005,EKO,NV,AWP,WE,Federal Contract Tower,2,20,1,0,23,0,7,15,0,22,2,27,16,0,45,2,0,2,47
07/15/2005,EKO,NV,AWP,WE,Federal Contract Tower,2,17,1,0,20,0,6,43,0,49,2,23,44,0,69,0,0,0,69
07/16/2005,EKO,NV,AWP,WE,Federal Contract Tower,2,11,3,0,16,0,8,64,0,72,2,19,67,0,88,46,0,46,134
07/17/2005,EKO,NV,AWP,WE,Federal Contract Tower,4,15,2,0,21,0,8,59,0,67,4,23,61,0,88,16,0,16,104
07/18/2005,EKO,NV,AWP,WE,Federal Contract Tower,4,22,5,0,31,0,5,48,0,53,4,27,53,0,84,12,0,12,96
07/19/2005,EKO,NV,AWP,WE,Federal Contract Tower,3,21,3,0,27,0,8,38,0,46,3,29,41,0,73,11,0,11,84
07/20/2005,EKO,NV,AWP,WE,Federal Contract Tower,4,20,5,0,29,0,7,43,0,50,4,27,48,0,79,36,0,36,115
07/21/2005,EKO,NV,AWP,WE,Federal Contract Tower,2,16,3,0,21,2,9,61,0,72,4,25,64,0,93,38,0,38,131
07/22/2005,EKO,NV,AWP,WE,Federal Contract Tower,3,15,0,0,18,0,4,45,0,49,3,19,45,0,67,6,0,6,73
07/23/2005,EKO,NV,AWP,WE,Federal Contract Tower,2,12,2,0,16,0,0,42,0,42,2,12,44,0,58,43,0,43,101
07/24/2005,EKO,NV,AWP,WE,Federal Contract Tower,3,13,2,0,18,0,0,28,0,28,3,13,30,0,46,20,0,20,66
07/25/2005,EKO,NV,AWP,WE,Federal Contract Tower,2,22,5,0,29,0,3,39,0,42,2,25,44,0,71,16,0,16,87
07/26/2005,EKO,NV,AWP,WE,Federal Contract Tower,3,19,3,0,25,0,8,30,2,40,3,27,33,2,65,14,0,14,79
07/27/2005,EKO,NV,AWP,WE,Federal Contract Tower,3,19,2,0,24,0,6,32,2,40,3,25,34,2,64,56,0,56,120
07/28/2005,EKO,NV,AWP,WE,Federal Contract Tower,4,13,1,0,18,0,8,40,0,48,4,21,41,0,66,28,0,28,94
07/29/2005,EKO,NV,AWP,WE,Federal Contract Tower,2,15,2,0,19,0,7,48,0,55,2,22,50,0,74,16,0,16,90
07/30/2005,EKO,NV,AWP,WE,Federal Contract Tower,4,13,5,0,22,0,4,56,0,60,4,17,61,0,82,56,0,56,138
07/31/2005,EKO,NV,AWP,WE,Federal Contract Tower,1,16,3,0,20,0,1,52,0,53,1,17,55,0,73,2,0,2,75
08/01/2005,EKO,NV,AWP,WE,Federal Contract Tower,3,20,2,0,25,0,4,51,2,57,3,24,53,2,82,38,0,38,120
08/02/2005,EKO,NV,AWP,WE,Federal Contract Tower,3,23,5,0,31,0,6,25,0,31,3,29,30,0,62,20,0,20,82
08/03/2005,EKO,NV,AWP,WE,Federal Contract Tower,3,22,4,0,29,0,4,34,0,38,3,26,38,0,67,48,0,48,115
08/04/2005,EKO,NV,AWP,WE,Federal Contract Tower,3,15,2,0,20,0,5,24,0,29,3,20,26,0,49,20,0,20,69
08/05/2005,EKO,NV,AWP,WE,Federal Contract Tower,2,18,5,0,25,0,5,33,0,38,2,23,38,0,63,8,0,8,71
08/06/2005,EKO,NV,AWP,WE,Federal Contract Tower,2,13,4,0,19,0,6,25,0,31,2,19,29,0,50,28,0,28,78
08/07/2005,EKO,NV,AWP,WE,Federal Contract Tower,3,11,3,0,17,0,2,24,0,26,3,13,27,0,43,16,0,16,59
08/08/2005,EKO,NV,AWP,WE,Federal Contract Tower,3,20,1,0,24,0,14,40,2,56,3,34,41,2,80,18,0,18,98
08/09/2005,EKO,NV,AWP,WE,Federal Contract Tower,3,18,8,0,29,0,8,22,0,30,3,26,30,0,59,34,0,34,93
08/10/2005,EKO,NV,AWP,WE,Federal Contract Tower,1,19,1,0,21,0,7,36,2,45,1,26,37,2,66,26,0,26,92
08/11/2005,EKO,NV,AWP,WE,Federal Contract Tower,3,16,1,0,20,0,4,34,2,40,3,20,35,2,60,0,0,0,60
08/12/2005,EKO,NV,AWP,WE,Federal Contract Tower,3,23,1,0,27,0,7,41,0,48,3,30,42,0,75,2,0,2,77
08/13/2005,EKO,NV,AWP,WE,Federal Contract Tower,3,10,2,0,15,0,7,17,2,26,3,17,19,2,41,32,0,32,73
08/14/2005,EKO,NV,AWP,WE,Federal Contract Tower,2,13,6,0,21,0,4,62,0,66,2,17,68,0,87,14,0,14,101
08/15/2005,EKO,NV,AWP,WE,Federal Contract Tower,3,26,8,0,37,0,4,14,0,18,3,30,22,0,55,12,0,12,67
08/16/2005,EKO,NV,AWP,WE,Federal Contract Tower,3,22,8,0,33,0,8,23,0,31,3,30,31,0,64,32,0,32,96
08/17/2005,EKO,NV,AWP,WE,Federal Contract Tower,2,22,7,0,31,0,12,30,4,46,2,34,37,4,77,20,0,20,97
08/18/2005,EKO,NV,AWP,WE,Federal Contract Tower,3,19,6,0,28,0,6,17,0,23,3,25,23,0,51,2,0,2,53
08/19/2005,EKO,NV,AWP,WE,Federal Contract Tower,3,17,5,0,25,0,7,27,0,34,3,24,32,0,59,0,0,0,59
08/20/2005,EKO,NV,AWP,WE,Federal Contract Tower,3,11,1,0,15,0,1,31,0,32,3,12,32,0,47,18,0,18,65
08/21/2005,EKO,NV,AWP,WE,Federal Contract Tower,3,15,4,0,22,0,2,27,0,29,3,17,31,0,51,16,0,16,67
08/22/2005,EKO,NV,AWP,WE,Federal Contract Tower,1,25,2,0,28,0,36,74,6,116,1,61,76,6,144,39,0,39,183
08/23/2005,EKO,NV,AWP,WE,Federal Contract Tower,3,20,2,0,25,0,98,52,0,150,3,118,54,0,175,18,0,18,193
08/24/2005,EKO,NV,AWP,WE,Federal Contract Tower,4,21,3,0,28,0,42,40,0,82,4,63,43,0,110,14,0,14,124
08/25/2005,EKO,NV,AWP,WE,Federal Contract Tower,3,18,1,0,22,0,20,26,0,46,3,38,27,0,68,0,0,0,68
08/26/2005,EKO,NV,AWP,WE,Federal Contract Tower,1,17,0,0,18,0,17,37,0,54,1,34,37,0,72,8,0,8,80
08/27/2005,EKO,NV,AWP,WE,Federal Contract Tower,1,9,5,0,15,0,18,17,0,35,1,27,22,0,50,33,0,33,83
08/28/2005,EKO,NV,AWP,WE,Federal Contract Tower,3,13,4,0,20,0,87,25,22,134,3,100,29,22,154,20,0,20,174
08/29/2005,EKO,NV,AWP,WE,Federal Contract Tower,2,24,7,0,33,0,143,25,0,168,2,167,32,0,201,30,0,30,231
08/30/2005,EKO,NV,AWP,WE,Federal Contract Tower,4,20,1,0,25,0,46,34,0,80,4,66,35,0,105,34,0,34,139
08/31/2005,EKO,NV,AWP,WE,Federal Contract Tower,4,22,3,0,29,0,27,44,0,71,4,49,47,0,100,26,0,26,126
09/01/2005,EKO,NV,AWP,WE,Federal Contract Tower,4,17,1,0,22,0,11,38,0,49,4,28,39,0,71,26,0,26,97
09/02/2005,EKO,NV,AWP,WE,Federal Contract Tower,3,17,0,0,20,0,17,44,0,61,3,34,44,0,81,2,0,2,83
09/03/2005,EKO,NV,AWP,WE,Federal Contract Tower,3,13,1,0,17,0,11,38,0,49,3,24,39,0,66,24,0,24,90
09/04/2005,EKO,NV,AWP,WE,Federal Contract Tower,4,11,5,0,20,0,3,34,0,37,4,14,39,0,57,34,0,34,91
09/05/2005,EKO,NV,AWP,WE,Federal Contract Tower,3,21,4,0,28,0,5,45,0,50,3,26,49,0,78,19,0,19,97
09/06/2005,EKO,NV,AWP,WE,Federal Contract Tower,3,23,1,0,27,0,12,37,1,50,3,35,38,1,77,23,0,23,100
09/07/2005,EKO,NV,AWP,WE,Federal Contract Tower,1,16,0,0,17,0,12,16,2,30,1,28,16,2,47,2,0,2,49
09/08/2005,EKO,NV,AWP,WE,Federal Contract Tower,3,21,4,0,28,0,15,35,0,50,3,36,39,0,78,4,0,4,82
09/09/2005,EKO,NV,AWP,WE,Federal Contract Tower,2,15,5,0,22,0,12,31,0,43,2,27,36,0,65,2,0,2,67
09/10/2005,EKO,NV,AWP,WE,Federal Contract Tower,2,14,7,0,23,0,2,24,0,26,2,16,31,0,49,18,0,18,67
09/11/2005,EKO,NV,AWP,WE,Federal Contract Tower,4,13,0,0,17,0,2,30,0,32,4,15,30,0,49,54,0,54,103
09/12/2005,EKO,NV,AWP,WE,Federal Contract Tower,3,26,1,0,30,0,5,21,0,26,3,31,22,0,56,11,0,11,67
09/13/2005,EKO,NV,AWP,WE,Federal Contract Tower,3,33,5,0,41,0,10,61,0,71,3,43,66,0,112,25,0,25,137
09/14/2005,EKO,NV,AWP,WE,Federal Contract Tower,3,24,2,0,29,0,10,34,2,46,3,34,36,2,75,10,0,10,85
09/15/2005,EKO,NV,AWP,WE,Federal Contract Tower,4,16,3,0,23,0,11,29,0,40,4,27,32,0,63,16,0,16,79
09/16/2005,EKO,NV,AWP,WE,Federal Contract Tower,0,15,0,0,15,0,11,31,0,42,0,26,31,0,57,18,0,18,75
09/17/2005,EKO,NV,AWP,WE,Federal Contract Tower,4,12,1,0,17,0,9,21,0,30,4,21,22,0,47,12,0,12,59
09/18/2005,EKO,NV,AWP,WE,Federal Contract Tower,4,14,3,0,21,0,6,30,0,36,4,20,33,0,57,32,0,32,89
09/19/2005,EKO,NV,AWP,WE,Federal Contract Tower,4,24,6,0,34,0,7,31,2,40,4,31,37,2,74,14,0,14,88
09/20/2005,EKO,NV,AWP,WE,Federal Contract Tower,7,24,1,0,32,0,4,35,0,39,7,28,36,0,71,30,0,30,101
09/21/2005,EKO,NV,AWP,WE,Federal Contract Tower,6,27,4,0,37,0,7,17,0,24,6,34,21,0,61,16,0,16,77
09/22/2005,EKO,NV,AWP,WE,Federal Contract Tower,3,21,3,0,27,0,8,24,0,32,3,29,27,0,59,2,0,2,61
09/23/2005,EKO,NV,AWP,WE,Federal Contract Tower,6,20,1,0,27,0,10,35,0,45,6,30,36,0,72,2,0,2,74
09/24/2005,EKO,NV,AWP,WE,Federal Contract Tower,2,9,2,0,13,0,8,19,0,27,2,17,21,0,40,46,0,46,86
09/25/2005,EKO,NV,AWP,WE,Federal Contract Tower,3,14,2,0,19,0,0,17,0,17,3,14,19,0,36,18,0,18,54
09/26/2005,EKO,NV,AWP,WE,Federal Contract Tower,3,22,2,0,27,0,9,33,0,42,3,31,35,0,69,28,0,28,97
09/27/2005,EKO,NV,AWP,WE,Federal Contract Tower,2,30,3,0,35,0,14,21,0,35,2,44,24,0,70,10,0,10,80
09/28/2005,EKO,NV,AWP,WE,Federal Contract Tower,6,21,3,0,30,0,8,19,0,27,6,29,22,0,57,2,0,2,59
09/29/2005,EKO,NV,AWP,WE,Federal Contract Tower,3,16,1,0,20,0,10,37,0,47,3,26,38,0,67,6,0,6,73
09/30/2005,EKO,NV,AWP,WE,Federal Contract Tower,6,20,1,0,27,0,7,39,0,46,6,27,40,0,73,40,0,40,113
10/01/2005,EKO,NV,AWP,WE,Federal Contract Tower,0,10,3,0,13,0,4,21,0,25,0,14,24,0,38,68,0,68,106
10/02/2005,EKO,NV,AWP,WE,Federal Contract Tower,6,16,3,0,25,0,2,23,0,25,6,18,26,0,50,34,0,34,84
10/03/2005,EKO,NV,AWP,WE,Federal Contract Tower,4,26,4,0,34,0,3,13,0,16,4,29,17,0,50,10,0,10,60
10/04/2005,EKO,NV,AWP,WE,Federal Contract Tower,3,27,3,0,33,0,7,20,0,27,3,34,23,0,60,21,0,21,81
10/05/2005,EKO,NV,AWP,WE,Federal Contract Tower,4,25,3,0,32,0,6,36,0,42,4,31,39,0,74,16,0,16,90
10/06/2005,EKO,NV,AWP,WE,Federal Contract Tower,3,21,3,0,27,0,5,19,0,24,3,26,22,0,51,0,0,0,51
10/07/2005,EKO,NV,AWP,WE,Federal Contract Tower,3,23,2,0,28,0,3,39,0,42,3,26,41,0,70,6,0,6,76
10/08/2005,EKO,NV,AWP,WE,Federal Contract Tower,1,12,4,0,17,0,8,6,0,14,1,20,10,0,31,46,0,46,77
10/09/2005,EKO,NV,AWP,WE,Federal Contract Tower,1,13,2,0,16,0,3,29,0,32,1,16,31,0,48,46,0,46,94
10/10/2005,EKO,NV,AWP,WE,Federal Contract Tower,7,28,8,0,43,0,9,18,0,27,7,37,26,0,70,34,0,34,104
10/11/2005,EKO,NV,AWP,WE,Federal Contract Tower,5,26,3,0,34,0,7,21,0,28,5,33,24,0,62,10,0,10,72
10/12/2005,EKO,NV,AWP,WE,Federal Contract Tower,4,21,3,0,28,0,4,14,0,18,4,25,17,0,46,56,0,56,102
10/13/2005,EKO,NV,AWP,WE,Federal Contract Tower,3,21,0,0,24,0,7,19,0,26,3,28,19,0,50,2,0,2,52
10/14/2005,EKO,NV,AWP,WE,Federal Contract Tower,5,17,1,0,23,0,6,25,0,31,5,23,26,0,54,4,0,4,58
10/15/2005,EKO,NV,AWP,WE,Federal Contract Tower,2,11,6,0,19,0,1,18,0,19,2,12,24,0,38,38,0,38,76
10/16/2005,EKO,NV,AWP,WE,Federal Contract Tower,5,10,2,0,17,0,12,26,0,38,5,22,28,0,55,36,0,36,91
10/17/2005,EKO,NV,AWP,WE,Federal Contract Tower,2,18,1,0,21,0,12,29,0,41,2,30,30,0,62,18,0,18,80
10/18/2005,EKO,NV,AWP,WE,Federal Contract Tower,4,25,2,0,31,0,5,17,0,22,4,30,19,0,53,17,0,17,70
10/19/2005,EKO,NV,AWP,WE,Federal Contract Tower,3,24,3,0,30,0,6,16,0,22,3,30,19,0,52,24,0,24,76
10/20/2005,EKO,NV,AWP,WE,Federal Contract Tower,4,18,4,0,26,0,12,11,0,23,4,30,15,0,49,10,0,10,59
10/21/2005,EKO,NV,AWP,WE,Federal Contract Tower,2,25,1,0,28,0,8,17,0,25,2,33,18,0,53,18,0,18,71
10/22/2005,EKO,NV,AWP,WE,Federal Contract Tower,4,13,0,0,17,0,4,22,0,26,4,17,22,0,43,26,0,26,69
10/23/2005,EKO,NV,AWP,WE,Federal Contract Tower,4,11,2,0,17,0,2,15,0,17,4,13,17,0,34,24,0,24,58
10/24/2005,EKO,NV,AWP,WE,Federal Contract Tower,3,25,4,0,32,0,5,21,0,26,3,30,25,0,58,17,0,17,75
10/25/2005,EKO,NV,AWP,WE,Federal Contract Tower,2,19,10,0,31,0,5,17,0,22,2,24,27,0,53,10,0,10,63
10/26/2005,EKO,NV,AWP,WE,Federal Contract Tower,3,23,3,0,29,0,8,10,0,18,3,31,13,0,47,0,0,0,47
10/27/2005,EKO,NV,AWP,WE,Federal Contract Tower,3,21,6,2,32,0,0,4,2,6,3,21,10,4,38,10,0,10,48
10/28/2005,EKO,NV,AWP,WE,Federal Contract Tower,3,20,3,0,26,0,2,4,0,6,3,22,7,0,32,11,0,11,43
10/29/2005,EKO,NV,AWP,WE,Federal Contract Tower,2,11,3,0,16,0,0,2,0,2,2,11,5,0,18,11,0,11,29
10/30/2005,EKO,NV,AWP,WE,Federal Contract Tower,3,13,8,0,24,0,0,11,0,11,3,13,19,0,35,7,0,7,42
10/31/2005,EKO,NV,AWP,WE,Federal Contract Tower,2,25,4,2,33,0,9,18,0,27,2,34,22,2,60,18,0,18,78
11/01/2005,EKO,NV,AWP,WE,Federal Contract Tower,2,21,2,0,25,0,3,17,0,20,2,24,19,0,45,0,0,0,45
11/02/2005,EKO,NV,AWP,WE,Federal Contract Tower,2,17,1,0,20,0,3,16,0,19,2,20,17,0,39,26,0,26,65
11/03/2005,EKO,NV,AWP,WE,Federal Contract Tower,2,26,1,2,31,0,6,10,0,16,2,32,11,2,47,8,6,14,61
11/04/2005,EKO,NV,AWP,WE,Federal Contract Tower,4,20,2,0,26,0,2,9,0,11,4,22,11,0,37,0,0,0,37
11/05/2005,EKO,NV,AWP,WE,Federal Contract Tower,2,15,0,0,17,0,0,17,0,17,2,15,17,0,34,14,0,14,48
11/06/2005,EKO,NV,AWP,WE,Federal Contract Tower,2,14,0,0,16,0,4,4,6,14,2,18,4,6,30,6,0,6,36
11/07/2005,EKO,NV,AWP,WE,Federal Contract Tower,6,20,5,0,31,0,3,12,0,15,6,23,17,0,46,5,0,5,51
11/08/2005,EKO,NV,AWP,WE,Federal Contract Tower,2,20,5,0,27,0,7,6,0,13,2,27,11,0,40,3,0,3,43
11/09/2005,EKO,NV,AWP,WE,Federal Contract Tower,2,21,5,0,28,0,4,24,0,28,2,25,29,0,56,2,0,2,58
11/10/2005,EKO,NV,AWP,WE,Federal Contract Tower,3,18,2,0,23,0,6,21,0,27,3,24,23,0,50,0,0,0,50
11/11/2005,EKO,NV,AWP,WE,Federal Contract Tower,6,17,4,0,27,0,7,30,0,37,6,24,34,0,64,12,0,12,76
11/12/2005,EKO,NV,AWP,WE,Federal Contract Tower,3,12,6,0,21,0,5,11,0,16,3,17,17,0,37,11,0,11,48
11/13/2005,EKO,NV,AWP,WE,Federal Contract Tower,5,12,4,1,22,0,6,11,0,17,5,18,15,1,39,17,0,17,56
11/14/2005,EKO,NV,AWP,WE,Federal Contract Tower,7,21,3,0,31,0,9,5,0,14,7,30,8,0,45,2,0,2,47
11/15/2005,EKO,NV,AWP,WE,Federal Contract Tower,3,20,1,0,24,0,7,45,0,52,3,27,46,0,76,30,0,30,106
11/16/2005,EKO,NV,AWP,WE,Federal Contract Tower,2,20,0,0,22,0,4,30,0,34,2,24,30,0,56,0,0,0,56
11/17/2005,EKO,NV,AWP,WE,Federal Contract Tower,3,17,0,0,20,0,10,23,0,33,3,27,23,0,53,0,0,0,53
11/18/2005,EKO,NV,AWP,WE,Federal Contract Tower,4,21,1,0,26,0,3,28,0,31,4,24,29,0,57,0,0,0,57
11/19/2005,EKO,NV,AWP,WE,Federal Contract Tower,1,7,0,0,8,0,1,21,0,22,1,8,21,0,30,21,0,21,51
11/20/2005,EKO,NV,AWP,WE,Federal Contract Tower,2,17,1,0,20,0,1,31,0,32,2,18,32,0,52,14,0,14,66
11/21/2005,EKO,NV,AWP,WE,Federal Contract Tower,2,20,3,0,25,0,8,15,0,23,2,28,18,0,48,1,0,1,49
11/22/2005,EKO,NV,AWP,WE,Federal Contract Tower,2,23,7,0,32,0,6,18,0,24,2,29,25,0,56,0,0,0,56
11/23/2005,EKO,NV,AWP,WE,Federal Contract Tower,3,28,0,0,31,0,4,20,0,24,3,32,20,0,55,0,0,0,55
11/24/2005,EKO,NV,AWP,WE,Federal Contract Tower,2,9,0,0,11,0,0,5,0,5,2,9,5,0,16,6,0,6,22
11/25/2005,EKO,NV,AWP,WE,Federal Contract Tower,2,15,4,0,21,0,0,20,0,20,2,15,24,0,41,12,0,12,53
11/26/2005,EKO,NV,AWP,WE,Federal Contract Tower,2,12,7,0,21,0,0,4,0,4,2,12,11,0,25,0,0,0,25
11/27/2005,EKO,NV,AWP,WE,Federal Contract Tower,2,14,6,0,22,0,2,19,0,21,2,16,25,0,43,2,0,2,45
11/28/2005,EKO,NV,AWP,WE,Federal Contract Tower,2,15,4,0,21,0,1,5,4,10,2,16,9,4,31,0,0,0,31
11/29/2005,EKO,NV,AWP,WE,Federal Contract Tower,1,20,5,0,26,0,0,1,0,1,1,20,6,0,27,2,0,2,29
11/30/2005,EKO,NV,AWP,WE,Federal Contract Tower,2,32,0,0,34,0,2,15,0,17,2,34,15,0,51,10,0,10,61
12/01/2005,EKO,NV,AWP,WE,Federal Contract Tower,2,27,1,0,30,0,4,5,0,9,2,31,6,0,39,6,0,6,45
12/02/2005,EKO,NV,AWP,WE,Federal Contract Tower,2,17,2,0,21,0,4,16,0,20,2,21,18,0,41,12,0,12,53
12/03/2005,EKO,NV,AWP,WE,Federal Contract Tower,2,9,0,0,11,0,0,7,0,7,2,9,7,0,18,10,0,10,28
12/04/2005,EKO,NV,AWP,WE,Federal Contract Tower,4,10,0,0,14,0,0,1,0,1,4,10,1,0,15,16,0,16,31
12/05/2005,EKO,NV,AWP,WE,Federal Contract Tower,2,23,4,0,29,0,6,15,0,21,2,29,19,0,50,5,0,5,55
12/06/2005,EKO,NV,AWP,WE,Federal Contract Tower,2,21,1,0,24,0,4,12,0,16,2,25,13,0,40,16,0,16,56
12/07/2005,EKO,NV,AWP,WE,Federal Contract Tower,2,20,2,0,24,0,5,11,0,16,2,25,13,0,40,8,0,8,48
12/08/2005,EKO,NV,AWP,WE,Federal Contract Tower,4,28,3,0,35,0,3,11,0,14,4,31,14,0,49,10,0,10,59
12/09/2005,EKO,NV,AWP,WE,Federal Contract Tower,4,20,6,0,30,0,4,15,0,19,4,24,21,0,49,0,0,0,49
12/10/2005,EKO,NV,AWP,WE,Federal Contract Tower,1,8,1,0,10,0,0,1,0,1,1,8,2,0,11,2,0,2,13
12/11/2005,EKO,NV,AWP,WE,Federal Contract Tower,1,10,1,0,12,0,0,1,0,1,1,10,2,0,13,24,0,24,37
12/12/2005,EKO,NV,AWP,WE,Federal Contract Tower,3,20,1,0,24,0,1,15,0,16,3,21,16,0,40,0,0,0,40
12/13/2005,EKO,NV,AWP,WE,Federal Contract Tower,2,23,10,0,35,0,5,7,0,12,2,28,17,0,47,0,0,0,47
12/14/2005,EKO,NV,AWP,WE,Federal Contract Tower,2,18,5,0,25,0,13,18,0,31,2,31,23,0,56,26,0,26,82
12/15/2005,EKO,NV,AWP,WE,Federal Contract Tower,2,19,2,0,23,0,2,18,0,20,2,21,20,0,43,2,0,2,45
12/16/2005,EKO,NV,AWP,WE,Federal Contract Tower,2,21,2,0,25,0,4,12,0,16,2,25,14,0,41,22,0,22,63
12/17/2005,EKO,NV,AWP,WE,Federal Contract Tower,2,11,2,0,15,0,0,14,0,14,2,11,16,0,29,4,0,4,33
12/18/2005,EKO,NV,AWP,WE,Federal Contract Tower,1,9,1,0,11,0,1,1,0,2,1,10,2,0,13,0,0,0,13
12/19/2005,EKO,NV,AWP,WE,Federal Contract Tower,0,14,10,0,24,0,1,12,0,13,0,15,22,0,37,22,0,22,59
12/20/2005,EKO,NV,AWP,WE,Federal Contract Tower,2,13,1,0,16,0,2,9,0,11,2,15,10,0,27,0,0,0,27
12/21/2005,EKO,NV,AWP,WE,Federal Contract Tower,2,27,0,0,29,0,0,6,0,6,2,27,6,0,35,2,0,2,37
12/22/2005,EKO,NV,AWP,WE,Federal Contract Tower,0,24,7,0,31,0,0,3,0,3,0,24,10,0,34,0,0,0,34
12/23/2005,EKO,NV,AWP,WE,Federal Contract Tower,0,15,0,0,15,0,4,7,0,11,0,19,7,0,26,16,0,16,42
12/24/2005,EKO,NV,AWP,WE,Federal Contract Tower,2,11,0,0,13,0,0,0,0,0,2,11,0,0,13,0,0,0,13
12/25/2005,EKO,NV,AWP,WE,Federal Contract Tower,0,9,0,0,9,0,0,2,0,2,0,9,2,0,11,0,0,0,11
12/26/2005,EKO,NV,AWP,WE,Federal Contract Tower,2,13,3,0,18,0,0,0,0,0,2,13,3,0,18,10,0,10,28
12/27/2005,EKO,NV,AWP,WE,Federal Contract Tower,5,15,2,0,22,0,2,1,0,3,5,17,3,0,25,0,0,0,25
12/28/2005,EKO,NV,AWP,WE,Federal Contract Tower,0,16,3,0,19,0,2,1,0,3,0,18,4,0,22,20,0,20,42
12/29/2005,EKO,NV,AWP,WE,Federal Contract Tower,2,18,4,0,24,0,2,15,0,17,2,20,19,0,41,10,0,10,51
12/30/2005,EKO,NV,AWP,WE,Federal Contract Tower,0,22,3,0,25,0,0,7,0,7,0,22,10,0,32,26,0,26,58
12/31/2005,EKO,NV,AWP,WE,Federal Contract Tower,0,12,0,0,12,0,0,2,0,2,0,12,2,0,14,0,0,0,14
01/01/2006,EKO,NV,AWP,WE,Federal Contract Tower,0,15,3,0,18,0,1,9,0,10,0,16,12,0,28,12,0,12,40
01/02/2006,EKO,NV,AWP,WE,Federal Contract Tower,0,12,0,0,12,0,0,2,0,2,0,12,2,0,14,10,0,10,24
01/03/2006,EKO,NV,AWP,WE,Federal Contract Tower,0,25,2,0,27,0,0,3,0,3,0,25,5,0,30,6,0,6,36
01/04/2006,EKO,NV,AWP,WE,Federal Contract Tower,0,25,2,0,27,0,2,15,0,17,0,27,17,0,44,6,0,6,50
01/05/2006,EKO,NV,AWP,WE,Federal Contract Tower,0,24,0,0,24,0,5,17,0,22,0,29,17,0,46,0,0,0,46
01/06/2006,EKO,NV,AWP,WE,Federal Contract Tower,0,19,0,0,19,0,3,22,0,25,0,22,22,0,44,28,0,28,72
01/07/2006,EKO,NV,AWP,WE,Federal Contract Tower,0,11,0,0,11,0,5,15,0,20,0,16,15,0,31,24,0,24,55
01/08/2006,EKO,NV,AWP,WE,Federal Contract Tower,0,13,3,0,16,0,2,11,0,13,0,15,14,0,29,8,0,8,37
01/09/2006,EKO,NV,AWP,WE,Federal Contract Tower,0,25,21,0,46,0,2,0,0,2,0,27,21,0,48,6,0,6,54
01/10/2006,EKO,NV,AWP,WE,Federal Contract Tower,2,22,4,0,28,2,2,19,0,23,4,24,23,0,51,0,0,0,51
01/11/2006,EKO,NV,AWP,WE,Federal Contract Tower,0,27,4,0,31,0,3,1,0,4,0,30,5,0,35,0,0,0,35
01/12/2006,EKO,NV,AWP,WE,Federal Contract Tower,0,30,3,0,33,0,0,17,0,17,0,30,20,0,50,5,0,5,55
01/13/2006,EKO,NV,AWP,WE,Federal Contract Tower,0,21,1,0,22,0,8,28,0,36,0,29,29,0,58,8,0,8,66
01/14/2006,EKO,NV,AWP,WE,Federal Contract Tower,0,8,1,0,9,0,2,7,0,9,0,10,8,0,18,10,0,10,28
01/15/2006,EKO,NV,AWP,WE,Federal Contract Tower,0,15,1,0,16,0,0,5,0,5,0,15,6,0,21,0,0,0,21
01/16/2006,EKO,NV,AWP,WE,Federal Contract Tower,2,21,1,0,24,0,3,22,0,25,2,24,23,0,49,2,0,2,51
01/17/2006,EKO,NV,AWP,WE,Federal Contract Tower,0,21,1,0,22,0,2,13,0,15,0,23,14,0,37,4,0,4,41
01/18/2006,EKO,NV,AWP,WE,Federal Contract Tower,0,24,0,0,24,0,0,0,0,0,0,24,0,0,24,0,0,0,24
01/19/2006,EKO,NV,AWP,WE,Federal Contract Tower,0,29,3,0,32,0,0,8,0,8,0,29,11,0,40,0,0,0,40
01/20/2006,EKO,NV,AWP,WE,Federal Contract Tower,0,23,2,0,25,0,3,26,0,29,0,26,28,0,54,14,0,14,68
01/21/2006,EKO,NV,AWP,WE,Federal Contract Tower,0,11,0,0,11,0,2,9,2,13,0,13,9,2,24,0,0,0,24
01/22/2006,EKO,NV,AWP,WE,Federal Contract Tower,0,15,5,0,20,0,4,13,0,17,0,19,18,0,37,22,0,22,59
01/23/2006,EKO,NV,AWP,WE,Federal Contract Tower,1,21,0,0,22,0,4,16,0,20,1,25,16,0,42,16,0,16,58
01/24/2006,EKO,NV,AWP,WE,Federal Contract Tower,0,23,1,0,24,0,5,13,0,18,0,28,14,0,42,14,0,14,56
01/25/2006,EKO,NV,AWP,WE,Federal Contract Tower,0,26,0,0,26,0,3,9,0,12,0,29,9,0,38,16,0,16,54
01/26/2006,EKO,NV,AWP,WE,Federal Contract Tower,0,28,6,0,34,0,0,12,0,12,0,28,18,0,46,40,0,40,86
01/27/2006,EKO,NV,AWP,WE,Federal Contract Tower,0,21,5,0,26,0,3,0,0,3,0,24,5,0,29,0,0,0,29
01/28/2006,EKO,NV,AWP,WE,Federal Contract Tower,0,9,5,0,14,0,0,0,0,0,0,9,5,0,14,0,0,0,14
01/29/2006,EKO,NV,AWP,WE,Federal Contract Tower,0,8,4,0,12,0,4,4,0,8,0,12,8,0,20,0,0,0,20
01/30/2006,EKO,NV,AWP,WE,Federal Contract Tower,0,22,1,0,23,0,0,4,0,4,0,22,5,0,27,0,0,0,27
01/31/2006,EKO,NV,AWP,WE,Federal Contract Tower,0,23,1,0,24,0,7,11,0,18,0,30,12,0,42,6,0,6,48
02/01/2006,EKO,NV,AWP,WE,Federal Contract Tower,3,19,4,0,26,0,4,4,0,8,3,23,8,0,34,0,0,0,34
02/02/2006,EKO,NV,AWP,WE,Federal Contract Tower,0,27,16,0,43,0,3,4,0,7,0,30,20,0,50,0,0,0,50
02/03/2006,EKO,NV,AWP,WE,Federal Contract Tower,2,20,6,0,28,0,7,33,0,40,2,27,39,0,68,10,0,10,78
02/04/2006,EKO,NV,AWP,WE,Federal Contract Tower,0,0,0,0,0,0,12,13,0,25,0,12,13,0,25,0,0,0,25
02/05/2006,EKO,NV,AWP,WE,Federal Contract Tower,0,0,0,0,0,0,12,25,0,37,0,12,25,0,37,24,0,24,61
02/06/2006,EKO,NV,AWP,WE,Federal Contract Tower,0,0,0,0,0,0,20,22,0,42,0,20,22,0,42,10,0,10,52
02/07/2006,EKO,NV,AWP,WE,Federal Contract Tower,0,18,0,0,18,0,0,22,0,22,0,18,22,0,40,6,0,6,46
02/08/2006,EKO,NV,AWP,WE,Federal Contract Tower,0,19,0,0,19,0,2,28,0,30,0,21,28,0,49,20,0,20,69
02/09/2006,EKO,NV,AWP,WE,Federal Contract Tower,0,17,5,0,22,0,8,29,0,37,0,25,34,0,59,21,0,21,80
02/10/2006,EKO,NV,AWP,WE,Federal Contract Tower,0,18,3,0,21,0,7,24,0,31,0,25,27,0,52,26,0,26,78
02/11/2006,EKO,NV,AWP,WE,Federal Contract Tower,0,7,1,0,8,0,2,29,0,31,0,9,30,0,39,40,0,40,79
02/12/2006,EKO,NV,AWP,WE,Federal Contract Tower,0,10,5,0,15,0,3,28,0,31,0,13,33,0,46,7,0,7,53
02/13/2006,EKO,NV,AWP,WE,Federal Contract Tower,0,0,0,0,0,0,28,11,0,39,0,28,11,0,39,0,0,0,39
02/14/2006,EKO,NV,AWP,WE,Federal Contract Tower,0,0,0,0,0,0,27,27,0,54,0,27,27,0,54,0,0,0,54
02/15/2006,EKO,NV,AWP,WE,Federal Contract Tower,0,0,0,0,0,0,26,12,0,38,0,26,12,0,38,0,0,0,38
02/16/2006,EKO,NV,AWP,WE,Federal Contract Tower,0,19,1,0,20,0,20,23,0,43,0,39,24,0,63,0,0,0,63
02/17/2006,EKO,NV,AWP,WE,Federal Contract Tower,0,20,1,0,21,0,9,19,0,28,0,29,20,0,49,0,0,0,49
02/18/2006,EKO,NV,AWP,WE,Federal Contract Tower,0,5,0,0,5,0,0,0,0,0,0,5,0,0,5,0,0,0,5
02/19/2006,EKO,NV,AWP,WE,Federal Contract Tower,0,0,0,0,0,0,24,8,0,32,0,24,8,0,32,9,0,9,41
02/20/2006,EKO,NV,AWP,WE,Federal Contract Tower,0,0,0,0,0,0,20,20,0,40,0,20,20,0,40,35,0,35,75
02/21/2006,EKO,NV,AWP,WE,Federal Contract Tower,0,18,1,0,19,0,9,17,0,26,0,27,18,0,45,0,0,0,45
02/22/2006,EKO,NV,AWP,WE,Federal Contract Tower,0,17,3,0,20,0,5,19,0,24,0,22,22,0,44,2,0,2,46
02/23/2006,EKO,NV,AWP,WE,Federal Contract Tower,0,17,8,0,25,0,11,19,0,30,0,28,27,0,55,0,0,0,55
02/24/2006,EKO,NV,AWP,WE,Federal Contract Tower,0,16,1,0,17,0,8,29,0,37,0,24,30,0,54,10,0,10,64
02/25/2006,EKO,NV,AWP,WE,Federal Contract Tower,0,8,1,0,9,0,5,29,0,34,0,13,30,0,43,60,0,60,103
02/26/2006,EKO,NV,AWP,WE,Federal Contract Tower,0,0,0,0,0,0,22,30,0,52,0,22,30,0,52,26,0,26,78
02/27/2006,EKO,NV,AWP,WE,Federal Contract Tower,0,0,0,0,0,0,32,15,0,47,0,32,15,0,47,0,0,0,47
02/28/2006,EKO,NV,AWP,WE,Federal Contract Tower,0,0,0,0,0,0,21,11,0,32,0,21,11,0,32,6,0,6,38
03/01/2006,EKO,NV,AWP,WE,Federal Contract Tower,0,13,7,0,20,0,10,16,0,26,0,23,23,0,46,11,0,11,57
03/02/2006,EKO,NV,AWP,WE,Federal Contract Tower,0,16,6,0,22,0,11,15,0,26,0,27,21,0,48,20,0,20,68
03/03/2006,EKO,NV,AWP,WE,Federal Contract Tower,0,14,2,0,16,0,0,13,0,13,0,14,15,0,29,4,0,4,33
03/04/2006,EKO,NV,AWP,WE,Federal Contract Tower,0,6,0,0,6,0,5,14,0,19,0,11,14,0,25,12,0,12,37
03/05/2006,EKO,NV,AWP,WE,Federal Contract Tower,0,11,3,0,14,0,3,5,0,8,0,14,8,0,22,9,0,9,31
03/06/2006,EKO,NV,AWP,WE,Federal Contract Tower,0,3,0,0,3,0,21,4,0,25,0,24,4,0,28,0,0,0,28
03/07/2006,EKO,NV,AWP,WE,Federal Contract Tower,0,15,5,0,20,0,14,8,0,22,0,29,13,0,42,0,0,0,42
03/08/2006,EKO,NV,AWP,WE,Federal Contract Tower,0,15,3,0,18,0,7,26,0,33,0,22,29,0,51,24,0,24,75
03/09/2006,EKO,NV,AWP,WE,Federal Contract Tower,0,20,4,0,24,0,6,15,0,21,0,26,19,0,45,23,0,23,68
03/10/2006,EKO,NV,AWP,WE,Federal Contract Tower,0,16,4,0,20,0,6,17,0,23,0,22,21,0,43,0,0,0,43
03/11/2006,EKO,NV,AWP,WE,Federal Contract Tower,0,4,1,0,5,0,3,8,0,11,0,7,9,0,16,6,0,6,22
03/12/2006,EKO,NV,AWP,WE,Federal Contract Tower,0,7,2,0,9,0,0,3,0,3,0,7,5,0,12,0,0,0,12
03/13/2006,EKO,NV,AWP,WE,Federal Contract Tower,0,17,1,0,18,0,1,10,0,11,0,18,11,0,29,20,0,20,49
03/14/2006,EKO,NV,AWP,WE,Federal Contract Tower,0,13,0,0,13,0,1,6,0,7,0,14,6,0,20,6,0,6,26
03/15/2006,EKO,NV,AWP,WE,Federal Contract Tower,2,16,2,0,20,0,2,22,0,24,2,18,24,0,44,10,0,10,54
03/16/2006,EKO,NV,AWP,WE,Federal Contract Tower,0,14,2,0,16,0,10,22,0,32,0,24,24,0,48,34,0,34,82
03/17/2006,EKO,NV,AWP,WE,Federal Contract Tower,0,19,4,0,23,0,13,7,0,20,0,32,11,0,43,14,0,14,57
03/18/2006,EKO,NV,AWP,WE,Federal Contract Tower,0,12,0,0,12,0,5,0,0,5,0,17,0,0,17,0,0,0,17
03/19/2006,EKO,NV,AWP,WE,Federal Contract Tower,0,9,2,0,11,1,1,0,0,2,1,10,2,0,13,52,0,52,65
03/20/2006,EKO,NV,AWP,WE,Federal Contract Tower,0,16,5,0,21,0,4,5,0,9,0,20,10,0,30,56,0,56,86
03/21/2006,EKO,NV,AWP,WE,Federal Contract Tower,0,2,0,0,2,0,13,5,0,18,0,15,5,0,20,0,0,0,20
03/22/2006,EKO,NV,AWP,WE,Federal Contract Tower,0,14,0,0,14,0,9,33,0,42,0,23,33,0,56,16,0,16,72
03/23/2006,EKO,NV,AWP,WE,Federal Contract Tower,0,16,0,0,16,0,9,31,0,40,0,25,31,0,56,10,0,10,66
03/24/2006,EKO,NV,AWP,WE,Federal Contract Tower,0,17,1,0,18,0,12,25,0,37,0,29,26,0,55,8,0,8,63
03/25/2006,EKO,NV,AWP,WE,Federal Contract Tower,0,8,0,0,8,0,5,9,0,14,0,13,9,0,22,6,0,6,28
03/26/2006,EKO,NV,AWP,WE,Federal Contract Tower,0,13,2,0,15,0,6,13,0,19,0,19,15,0,34,2,0,2,36
03/27/2006,EKO,NV,AWP,WE,Federal Contract Tower,0,16,1,0,17,0,5,17,1,23,0,21,18,1,40,14,0,14,54
03/28/2006,EKO,NV,AWP,WE,Federal Contract Tower,0,14,4,0,18,0,2,11,0,13,0,16,15,0,31,0,0,0,31
03/29/2006,EKO,NV,AWP,WE,Federal Contract Tower,0,18,4,0,22,0,9,7,0,16,0,27,11,0,38,0,0,0,38
03/30/2006,EKO,NV,AWP,WE,Federal Contract Tower,0,17,0,0,17,0,8,23,0,31,0,25,23,0,48,2,0,2,50
03/31/2006,EKO,NV,AWP,WE,Federal Contract Tower,0,16,1,0,17,0,2,8,0,10,0,18,9,0,27,0,0,0,27
04/01/2006,EKO,NV,AWP,WE,Federal Contract Tower,0,6,1,0,7,0,7,10,0,17,0,13,11,0,24,4,0,4,28
04/02/2006,EKO,NV,AWP,WE,Federal Contract Tower,0,11,6,0,17,0,0,24,0,24,0,11,30,0,41,29,0,29,70
04/03/2006,EKO,NV,AWP,WE,Federal Contract Tower,1,17,1,0,19,0,8,17,0,25,1,25,18,0,44,7,0,7,51
04/04/2006,EKO,NV,AWP,WE,Federal Contract Tower,2,17,5,0,24,0,3,24,0,27,2,20,29,0,51,0,0,0,51
04/05/2006,EKO,NV,AWP,WE,Federal Contract Tower,0,22,3,0,25,0,2,3,0,5,0,24,6,0,30,0,0,0,30
04/06/2006,EKO,NV,AWP,WE,Federal Contract Tower,1,16,5,0,22,0,8,19,0,27,1,24,24,0,49,0,0,0,49
04/07/2006,EKO,NV,AWP,WE,Federal Contract Tower,0,17,1,0,18,0,11,25,0,36,0,28,26,0,54,0,0,0,54
04/08/2006,EKO,NV,AWP,WE,Federal Contract Tower,0,6,0,0,6,0,1,16,0,17,0,7,16,0,23,10,0,10,33
04/09/2006,EKO,NV,AWP,WE,Federal Contract Tower,0,10,0,0,10,0,3,14,0,17,0,13,14,0,27,8,0,8,35
04/10/2006,EKO,NV,AWP,WE,Federal Contract Tower,2,16,2,0,20,0,5,1,0,6,2,21,3,0,26,6,0,6,32
04/11/2006,EKO,NV,AWP,WE,Federal Contract Tower,0,17,4,0,21,0,3,14,0,17,0,20,18,0,38,0,0,0,38
04/12/2006,EKO,NV,AWP,WE,Federal Contract Tower,0,18,9,0,27,0,2,11,2,15,0,20,20,2,42,0,0,0,42
04/13/2006,EKO,NV,AWP,WE,Federal Contract Tower,0,14,5,0,19,0,0,25,0,25,0,14,30,0,44,6,0,6,50
04/14/2006,EKO,NV,AWP,WE,Federal Contract Tower,0,19,3,0,22,0,2,21,0,23,0,21,24,0,45,18,0,18,63
04/15/2006,EKO,NV,AWP,WE,Federal Contract Tower,0,6,0,0,6,0,0,10,0,10,0,6,10,0,16,22,0,22,38
04/16/2006,EKO,NV,AWP,WE,Federal Contract Tower,0,8,0,0,8,0,3,7,0,10,0,11,7,0,18,0,0,0,18
04/17/2006,EKO,NV,AWP,WE,Federal Contract Tower,0,12,2,0,14,0,3,2,0,5,0,15,4,0,19,0,0,0,19
04/18/2006,EKO,NV,AWP,WE,Federal Contract Tower,0,16,4,0,20,2,5,22,2,31,2,21,26,2,51,57,0,57,108
04/19/2006,EKO,NV,AWP,WE,Federal Contract Tower,0,13,3,0,16,0,6,17,0,23,0,19,20,0,39,0,0,0,39
04/20/2006,EKO,NV,AWP,WE,Federal Contract Tower,0,13,0,0,13,0,8,32,0,40,0,21,32,0,53,11,0,11,64
04/21/2006,EKO,NV,AWP,WE,Federal Contract Tower,0,14,1,0,15,0,9,30,0,39,0,23,31,0,54,0,0,0,54
04/22/2006,EKO,NV,AWP,WE,Federal Contract Tower,0,8,2,0,10,0,12,27,0,39,0,20,29,0,49,36,0,36,85
04/23/2006,EKO,NV,AWP,WE,Federal Contract Tower,0,13,2,0,15,0,0,17,2,19,0,13,19,2,34,35,0,35,69
04/24/2006,EKO,NV,AWP,WE,Federal Contract Tower,0,19,3,0,22,0,10,14,0,24,0,29,17,0,46,0,0,0,46
04/25/2006,EKO,NV,AWP,WE,Federal Contract Tower,0,14,4,0,18,0,4,36,0,40,0,18,40,0,58,11,0,11,69
04/26/2006,EKO,NV,AWP,WE,Federal Contract Tower,0,27,1,0,28,0,0,26,0,26,0,27,27,0,54,26,0,26,80
04/27/2006,EKO,NV,AWP,WE,Federal Contract Tower,0,13,6,0,19,0,5,27,0,32,0,18,33,0,51,36,0,36,87
04/28/2006,EKO,NV,AWP,WE,Federal Contract Tower,0,12,0,0,12,0,5,28,0,33,0,17,28,0,45,6,0,6,51
04/29/2006,EKO,NV,AWP,WE,Federal Contract Tower,0,6,2,0,8,0,4,28,0,32,0,10,30,0,40,10,0,10,50
04/30/2006,EKO,NV,AWP,WE,Federal Contract Tower,0,8,3,0,11,0,2,23,0,25,0,10,26,0,36,30,0,30,66
05/01/2006,EKO,NV,AWP,WE,Federal Contract Tower,0,16,0,0,16,0,3,23,0,26,0,19,23,0,42,18,0,18,60
05/02/2006,EKO,NV,AWP,WE,Federal Contract Tower,0,17,0,0,17,0,8,27,0,35,0,25,27,0,52,29,0,29,81
05/03/2006,EKO,NV,AWP,WE,Federal Contract Tower,0,17,0,0,17,0,13,24,0,37,0,30,24,0,54,0,0,0,54
05/04/2006,EKO,NV,AWP,WE,Federal Contract Tower,0,10,1,0,11,0,9,27,0,36,0,19,28,0,47,6,0,6,53
05/05/2006,EKO,NV,AWP,WE,Federal Contract Tower,0,18,6,0,24,0,3,22,0,25,0,21,28,0,49,8,0,8,57
05/06/2006,EKO,NV,AWP,WE,Federal Contract Tower,0,8,3,0,11,0,6,20,0,26,0,14,23,0,37,0,0,0,37
05/07/2006,EKO,NV,AWP,WE,Federal Contract Tower,0,9,3,0,12,0,1,23,0,24,0,10,26,0,36,18,0,18,54
05/08/2006,EKO,NV,AWP,WE,Federal Contract Tower,2,14,1,0,17,0,16,13,0,29,2,30,14,0,46,28,0,28,74
05/09/2006,EKO,NV,AWP,WE,Federal Contract Tower,0,15,2,0,17,0,12,27,0,39,0,27,29,0,56,0,0,0,56
05/10/2006,EKO,NV,AWP,WE,Federal Contract Tower,0,13,3,0,16,0,9,46,0,55,0,22,49,0,71,7,0,7,78
05/11/2006,EKO,NV,AWP,WE,Federal Contract Tower,1,15,0,0,16,0,5,31,0,36,1,20,31,0,52,0,0,0,52
05/12/2006,EKO,NV,AWP,WE,Federal Contract Tower,0,12,0,1,13,0,12,24,0,36,0,24,24,1,49,0,3,3,52
05/13/2006,EKO,NV,AWP,WE,Federal Contract Tower,0,6,0,0,6,0,0,35,0,35,0,6,35,0,41,42,0,42,83
05/14/2006,EKO,NV,AWP,WE,Federal Contract Tower,0,8,0,0,8,0,0,26,0,26,0,8,26,0,34,6,0,6,40
05/15/2006,EKO,NV,AWP,WE,Federal Contract Tower,0,14,3,0,17,0,3,17,0,20,0,17,20,0,37,0,0,0,37
05/16/2006,EKO,NV,AWP,WE,Federal Contract Tower,0,15,3,0,18,2,2,30,0,34,2,17,33,0,52,0,0,0,52
05/17/2006,EKO,NV,AWP,WE,Federal Contract Tower,0,12,0,0,12,0,24,42,0,66,0,36,42,0,78,0,0,0,78
05/18/2006,EKO,NV,AWP,WE,Federal Contract Tower,0,17,1,0,18,0,13,34,0,47,0,30,35,0,65,16,0,16,81
05/19/2006,EKO,NV,AWP,WE,Federal Contract Tower,1,16,0,0,17,0,14,27,0,41,1,30,27,0,58,59,0,59,117
05/20/2006,EKO,NV,AWP,WE,Federal Contract Tower,0,6,0,0,6,0,4,26,0,30,0,10,26,0,36,10,0,10,46
05/21/2006,EKO,NV,AWP,WE,Federal Contract Tower,0,9,3,0,12,0,3,18,0,21,0,12,21,0,33,0,0,0,33
05/22/2006,EKO,NV,AWP,WE,Federal Contract Tower,0,20,4,0,24,0,0,21,0,21,0,20,25,0,45,0,0,0,45
05/23/2006,EKO,NV,AWP,WE,Federal Contract Tower,0,11,1,0,12,0,5,22,0,27,0,16,23,0,39,12,0,12,51
05/24/2006,EKO,NV,AWP,WE,Federal Contract Tower,0,13,0,0,13,0,4,31,0,35,0,17,31,0,48,12,0,12,60
05/25/2006,EKO,NV,AWP,WE,Federal Contract Tower,0,14,2,0,16,0,7,18,0,25,0,21,20,0,41,5,0,5,46
05/26/2006,EKO,NV,AWP,WE,Federal Contract Tower,0,15,0,0,15,0,6,28,0,34,0,21,28,0,49,2,0,2,51
05/27/2006,EKO,NV,AWP,WE,Federal Contract Tower,0,6,1,0,7,0,2,7,0,9,0,8,8,0,16,0,0,0,16
05/28/2006,EKO,NV,AWP,WE,Federal Contract Tower,0,6,0,0,6,0,6,7,0,13,0,12,7,0,19,0,0,0,19
05/29/2006,EKO,NV,AWP,WE,Federal Contract Tower,0,9,2,0,11,0,1,21,0,22,0,10,23,0,33,40,0,40,73
05/30/2006,EKO,NV,AWP,WE,Federal Contract Tower,0,15,1,0,16,0,6,35,0,41,0,21,36,0,57,7,0,7,64
05/31/2006,EKO,NV,AWP,WE,Federal Contract Tower,0,11,5,0,16,0,9,37,2,48,0,20,42,2,64,8,0,8,72
06/01/2006,EKO,NV,AWP,WE,Federal Contract Tower,0,13,1,0,14,0,4,39,0,43,0,17,40,0,57,6,0,6,63
06/02/2006,EKO,NV,AWP,WE,Federal Contract Tower,0,14,0,0,14,0,4,27,0,31,0,18,27,0,45,12,0,12,57
06/03/2006,EKO,NV,AWP,WE,Federal Contract Tower,0,7,0,0,7,0,3,39,0,42,0,10,39,0,49,4,0,4,53
06/04/2006,EKO,NV,AWP,WE,Federal Contract Tower,0,9,4,0,13,0,2,20,0,22,0,11,24,0,35,25,0,25,60
06/05/2006,EKO,NV,AWP,WE,Federal Contract Tower,0,13,1,0,14,0,9,22,0,31,0,22,23,0,45,0,0,0,45
06/06/2006,EKO,NV,AWP,WE,Federal Contract Tower,0,14,0,0,14,0,5,14,0,19,0,19,14,0,33,0,0,0,33
06/07/2006,EKO,NV,AWP,WE,Federal Contract Tower,0,16,3,0,19,0,14,62,0,76,0,30,65,0,95,13,0,13,108
06/08/2006,EKO,NV,AWP,WE,Federal Contract Tower,0,12,5,0,17,0,13,28,0,41,0,25,33,0,58,12,0,12,70
06/09/2006,EKO,NV,AWP,WE,Federal Contract Tower,0,13,1,0,14,0,9,29,4,42,0,22,30,4,56,0,0,0,56
06/10/2006,EKO,NV,AWP,WE,Federal Contract Tower,0,6,0,0,6,0,6,55,0,61,0,12,55,0,67,10,0,10,77
06/11/2006,EKO,NV,AWP,WE,Federal Contract Tower,0,9,0,0,9,0,1,33,2,36,0,10,33,2,45,20,0,20,65
06/12/2006,EKO,NV,AWP,WE,Federal Contract Tower,0,9,2,0,11,0,8,46,3,57,0,17,48,3,68,18,0,18,86
06/13/2006,EKO,NV,AWP,WE,Federal Contract Tower,0,10,2,0,12,0,4,17,0,21,0,14,19,0,33,2,0,2,35
06/14/2006,EKO,NV,AWP,WE,Federal Contract Tower,0,10,3,0,13,0,8,35,0,43,0,18,38,0,56,12,0,12,68
06/15/2006,EKO,NV,AWP,WE,Federal Contract Tower,0,14,0,0,14,0,6,25,0,31,0,20,25,0,45,8,0,8,53
06/16/2006,EKO,NV,AWP,WE,Federal Contract Tower,0,9,1,0,10,0,12,18,0,30,0,21,19,0,40,0,0,0,40
06/17/2006,EKO,NV,AWP,WE,Federal Contract Tower,0,7,0,0,7,0,2,35,0,37,0,9,35,0,44,13,0,13,57
06/18/2006,EKO,NV,AWP,WE,Federal Contract Tower,0,7,0,0,7,0,1,25,0,26,0,8,25,0,33,0,0,0,33
06/19/2006,EKO,NV,AWP,WE,Federal Contract Tower,0,12,0,0,12,0,7,32,0,39,0,19,32,0,51,0,0,0,51
06/20/2006,EKO,NV,AWP,WE,Federal Contract Tower,0,11,1,0,12,0,11,35,0,46,0,22,36,0,58,0,0,0,58
06/21/2006,EKO,NV,AWP,WE,Federal Contract Tower,0,10,1,0,11,0,12,55,0,67,0,22,56,0,78,12,0,12,90
06/22/2006,EKO,NV,AWP,WE,Federal Contract Tower,0,12,2,0,14,0,5,41,0,46,0,17,43,0,60,0,0,0,60
06/23/2006,EKO,NV,AWP,WE,Federal Contract Tower,0,13,4,0,17,0,11,41,2,54,0,24,45,2,71,16,0,16,87
06/24/2006,EKO,NV,AWP,WE,Federal Contract Tower,0,7,1,0,8,0,4,41,0,45,0,11,42,0,53,20,0,20,73
06/25/2006,EKO,NV,AWP,WE,Federal Contract Tower,0,6,1,0,7,0,4,34,0,38,0,10,35,0,45,0,0,0,45
06/26/2006,EKO,NV,AWP,WE,Federal Contract Tower,0,10,6,0,16,0,14,32,0,46,0,24,38,0,62,12,0,12,74
06/27/2006,EKO,NV,AWP,WE,Federal Contract Tower,2,12,2,0,16,0,16,83,3,102,2,28,85,3,118,7,0,7,125
06/28/2006,EKO,NV,AWP,WE,Federal Contract Tower,0,12,2,0,14,0,25,54,0,79,0,37,56,0,93,0,0,0,93
06/29/2006,EKO,NV,AWP,WE,Federal Contract Tower,0,11,1,0,12,0,21,59,2,82,0,32,60,2,94,13,0,13,107
06/30/2006,EKO,NV,AWP,WE,Federal Contract Tower,0,10,0,0,10,0,14,80,1,95,0,24,80,1,105,0,0,0,105
