01/01/2000,ELM,NY,AEA,EN,Towers with Radar,3,13,7,0,23,1,0,24,0,25,4,13,31,0,48,16,0,16,64
01/02/2000,ELM,NY,AEA,EN,Towers with Radar,7,18,11,0,36,0,1,4,0,5,7,19,15,0,41,18,0,18,59
01/03/2000,ELM,NY,AEA,EN,Towers with Radar,5,33,23,0,61,0,1,5,0,6,5,34,28,0,67,0,0,0,67
01/04/2000,ELM,NY,AEA,EN,Towers with Radar,8,39,25,0,72,0,1,18,0,19,8,40,43,0,91,40,0,40,131
01/05/2000,ELM,NY,AEA,EN,Towers with Radar,8,44,30,0,82,0,2,10,0,12,8,46,40,0,94,62,0,62,156
01/06/2000,ELM,NY,AEA,EN,Towers with Radar,8,46,17,1,72,0,1,14,1,16,8,47,31,2,88,14,0,14,102
01/07/2000,ELM,NY,AEA,EN,Towers with Radar,9,39,26,0,74,0,1,8,0,9,9,40,34,0,83,0,0,0,83
01/08/2000,ELM,NY,AEA,EN,Towers with Radar,6,30,14,0,50,0,1,44,0,45,6,31,58,0,95,72,0,72,167
01/09/2000,ELM,NY,AEA,EN,Towers with Radar,5,17,14,0,36,0,1,23,0,24,5,18,37,0,60,12,0,12,72
01/10/2000,ELM,NY,AEA,EN,Towers with Radar,8,34,28,1,71,2,0,3,5,10,10,34,31,6,81,0,6,6,87
01/11/2000,ELM,NY,AEA,EN,Towers with Radar,9,41,28,0,78,0,2,7,0,9,9,43,35,0,87,16,0,16,103
01/12/2000,ELM,NY,AEA,EN,Towers with Radar,8,41,28,0,77,0,2,20,0,22,8,43,48,0,99,24,0,24,123
01/13/2000,ELM,NY,AEA,EN,Towers with Radar,8,29,27,0,64,0,1,0,0,1,8,30,27,0,65,0,0,0,65
01/14/2000,ELM,NY,AEA,EN,Towers with Radar,8,46,36,0,90,0,1,3,0,4,8,47,39,0,94,20,0,20,114
01/15/2000,ELM,NY,AEA,EN,Towers with Radar,6,33,9,0,48,0,1,22,0,23,6,34,31,0,71,38,0,38,109
01/16/2000,ELM,NY,AEA,EN,Towers with Radar,7,17,12,0,36,0,1,6,0,7,7,18,18,0,43,2,0,2,45
01/17/2000,ELM,NY,AEA,EN,Towers with Radar,8,30,23,0,61,0,1,5,0,6,8,31,28,0,67,0,0,0,67
01/18/2000,ELM,NY,AEA,EN,Towers with Radar,6,42,32,0,80,0,3,7,0,10,6,45,39,0,90,0,0,0,90
01/19/2000,ELM,NY,AEA,EN,Towers with Radar,8,46,23,0,77,0,0,10,0,10,8,46,33,0,87,18,0,18,105
01/20/2000,ELM,NY,AEA,EN,Towers with Radar,7,43,21,0,71,0,0,0,0,0,7,43,21,0,71,0,0,0,71
01/21/2000,ELM,NY,AEA,EN,Towers with Radar,10,45,31,0,86,0,0,5,0,5,10,45,36,0,91,0,0,0,91
01/22/2000,ELM,NY,AEA,EN,Towers with Radar,5,28,20,0,53,0,0,9,0,9,5,28,29,0,62,6,0,6,68
01/23/2000,ELM,NY,AEA,EN,Towers with Radar,4,17,11,0,32,0,0,9,0,9,4,17,20,0,41,4,0,4,45
01/24/2000,ELM,NY,AEA,EN,Towers with Radar,7,36,24,0,67,2,1,8,0,11,9,37,32,0,78,0,0,0,78
01/25/2000,ELM,NY,AEA,EN,Towers with Radar,6,32,23,0,61,0,0,1,0,1,6,32,24,0,62,8,0,8,70
01/26/2000,ELM,NY,AEA,EN,Towers with Radar,6,32,21,0,59,0,0,5,0,5,6,32,26,0,64,0,0,0,64
01/27/2000,ELM,NY,AEA,EN,Towers with Radar,9,47,23,0,79,0,0,5,0,5,9,47,28,0,84,20,0,20,104
01/28/2000,ELM,NY,AEA,EN,Towers with Radar,7,43,40,0,90,0,0,14,0,14,7,43,54,0,104,16,0,16,120
01/29/2000,ELM,NY,AEA,EN,Towers with Radar,5,30,18,0,53,0,0,44,0,44,5,30,62,0,97,12,0,12,109
01/30/2000,ELM,NY,AEA,EN,Towers with Radar,5,18,17,0,40,1,0,17,0,18,6,18,34,0,58,16,0,16,74
01/31/2000,ELM,NY,AEA,EN,Towers with Radar,6,31,22,0,59,0,0,10,0,10,6,31,32,0,69,2,0,2,71
02/01/2000,ELM,NY,AEA,EN,Towers with Radar,8,48,28,0,84,0,0,5,0,5,8,48,33,0,89,10,0,10,99
02/02/2000,ELM,NY,AEA,EN,Towers with Radar,8,49,29,0,86,1,0,15,0,16,9,49,44,0,102,0,0,0,102
02/03/2000,ELM,NY,AEA,EN,Towers with Radar,6,42,28,0,76,1,0,5,0,6,7,42,33,0,82,34,0,34,116
02/04/2000,ELM,NY,AEA,EN,Towers with Radar,7,45,44,0,96,2,0,0,0,2,9,45,44,0,98,16,0,16,114
02/05/2000,ELM,NY,AEA,EN,Towers with Radar,3,33,6,0,42,1,0,19,0,20,4,33,25,0,62,18,0,18,80
02/06/2000,ELM,NY,AEA,EN,Towers with Radar,6,19,12,0,37,0,0,33,0,33,6,19,45,0,70,20,0,20,90
02/07/2000,ELM,NY,AEA,EN,Towers with Radar,8,34,21,0,63,0,0,6,0,6,8,34,27,0,69,16,0,16,85
02/08/2000,ELM,NY,AEA,EN,Towers with Radar,9,45,25,2,81,0,0,26,0,26,9,45,51,2,107,16,0,16,123
02/09/2000,ELM,NY,AEA,EN,Towers with Radar,8,37,35,0,80,0,2,30,0,32,8,39,65,0,112,18,0,18,130
02/10/2000,ELM,NY,AEA,EN,Towers with Radar,7,44,34,0,85,0,1,10,0,11,7,45,44,0,96,40,0,40,136
02/11/2000,ELM,NY,AEA,EN,Towers with Radar,5,38,44,0,87,0,1,0,0,1,5,39,44,0,88,0,0,0,88
02/12/2000,ELM,NY,AEA,EN,Towers with Radar,7,24,23,0,54,0,0,29,0,29,7,24,52,0,83,30,0,30,113
02/13/2000,ELM,NY,AEA,EN,Towers with Radar,7,17,16,0,40,0,1,5,0,6,7,18,21,0,46,14,0,14,60
02/14/2000,ELM,NY,AEA,EN,Towers with Radar,4,17,13,0,34,0,1,0,0,1,4,18,13,0,35,0,0,0,35
02/15/2000,ELM,NY,AEA,EN,Towers with Radar,9,43,29,0,81,0,1,19,0,20,9,44,48,0,101,52,0,52,153
02/16/2000,ELM,NY,AEA,EN,Towers with Radar,8,40,32,0,80,0,1,4,0,5,8,41,36,0,85,8,0,8,93
02/17/2000,ELM,NY,AEA,EN,Towers with Radar,9,41,32,0,82,0,1,17,0,18,9,42,49,0,100,56,0,56,156
02/18/2000,ELM,NY,AEA,EN,Towers with Radar,6,29,24,0,59,0,1,1,0,2,6,30,25,0,61,0,0,0,61
02/19/2000,ELM,NY,AEA,EN,Towers with Radar,7,23,12,0,42,0,1,0,0,1,7,24,12,0,43,16,0,16,59
02/20/2000,ELM,NY,AEA,EN,Towers with Radar,5,18,12,0,35,0,0,2,0,2,5,18,14,0,37,6,0,6,43
02/21/2000,ELM,NY,AEA,EN,Towers with Radar,7,33,17,0,57,0,0,25,0,25,7,33,42,0,82,46,0,46,128
02/22/2000,ELM,NY,AEA,EN,Towers with Radar,8,43,30,0,81,0,0,25,0,25,8,43,55,0,106,114,0,114,220
02/23/2000,ELM,NY,AEA,EN,Towers with Radar,8,42,34,0,84,0,1,26,0,27,8,43,60,0,111,100,0,100,211
02/24/2000,ELM,NY,AEA,EN,Towers with Radar,8,40,26,3,77,0,0,19,1,20,8,40,45,4,97,54,0,54,151
02/25/2000,ELM,NY,AEA,EN,Towers with Radar,9,43,42,0,94,0,0,19,0,19,9,43,61,0,113,40,0,40,153
02/26/2000,ELM,NY,AEA,EN,Towers with Radar,7,29,23,0,59,0,0,5,0,5,7,29,28,0,64,8,0,8,72
02/27/2000,ELM,NY,AEA,EN,Towers with Radar,6,16,29,0,51,0,0,14,0,14,6,16,43,0,65,30,0,30,95
02/28/2000,ELM,NY,AEA,EN,Towers with Radar,9,36,23,2,70,0,0,7,0,7,9,36,30,2,77,0,0,0,77
02/29/2000,ELM,NY,AEA,EN,Towers with Radar,7,45,48,4,104,0,0,44,0,44,7,45,92,4,148,56,0,56,204
03/01/2000,ELM,NY,AEA,EN,Towers with Radar,9,43,33,0,85,0,0,36,0,36,9,43,69,0,121,74,0,74,195
03/02/2000,ELM,NY,AEA,EN,Towers with Radar,6,33,26,0,65,0,0,3,0,3,6,33,29,0,68,0,0,0,68
03/03/2000,ELM,NY,AEA,EN,Towers with Radar,9,42,32,0,83,0,2,17,0,19,9,44,49,0,102,60,0,60,162
03/04/2000,ELM,NY,AEA,EN,Towers with Radar,6,27,24,0,57,0,1,52,0,53,6,28,76,0,110,74,0,74,184
03/05/2000,ELM,NY,AEA,EN,Towers with Radar,7,16,10,0,33,0,0,18,0,18,7,16,28,0,51,16,0,16,67
03/06/2000,ELM,NY,AEA,EN,Towers with Radar,6,33,25,0,64,0,0,29,0,29,6,33,54,0,93,64,0,64,157
03/07/2000,ELM,NY,AEA,EN,Towers with Radar,8,47,17,2,74,0,0,38,0,38,8,47,55,2,112,66,0,66,178
03/08/2000,ELM,NY,AEA,EN,Towers with Radar,6,41,32,0,79,0,0,38,0,38,6,41,70,0,117,92,0,92,209
03/09/2000,ELM,NY,AEA,EN,Towers with Radar,7,37,28,0,72,0,0,19,0,19,7,37,47,0,91,24,0,24,115
03/10/2000,ELM,NY,AEA,EN,Towers with Radar,10,41,47,0,98,0,0,9,0,9,10,41,56,0,107,38,0,38,145
03/11/2000,ELM,NY,AEA,EN,Towers with Radar,4,24,11,0,39,1,7,0,0,8,5,31,11,0,47,6,0,6,53
03/12/2000,ELM,NY,AEA,EN,Towers with Radar,4,19,15,0,38,5,0,1,0,6,9,19,16,0,44,8,0,8,52
03/13/2000,ELM,NY,AEA,EN,Towers with Radar,8,35,32,0,75,0,0,13,0,13,8,35,45,0,88,40,0,40,128
03/14/2000,ELM,NY,AEA,EN,Towers with Radar,8,44,21,0,73,0,0,10,0,10,8,44,31,0,83,0,0,0,83
03/15/2000,ELM,NY,AEA,EN,Towers with Radar,8,41,35,0,84,1,0,17,2,20,9,41,52,2,104,38,0,38,142
03/16/2000,ELM,NY,AEA,EN,Towers with Radar,5,41,39,2,87,0,0,4,0,4,5,41,43,2,91,22,0,22,113
03/17/2000,ELM,NY,AEA,EN,Towers with Radar,8,38,32,3,81,0,0,2,0,2,8,38,34,3,83,8,0,8,91
03/18/2000,ELM,NY,AEA,EN,Towers with Radar,4,28,25,0,57,0,0,43,0,43,4,28,68,0,100,62,0,62,162
03/19/2000,ELM,NY,AEA,EN,Towers with Radar,7,18,19,0,44,0,0,16,0,16,7,18,35,0,60,12,0,12,72
03/20/2000,ELM,NY,AEA,EN,Towers with Radar,7,33,20,0,60,0,0,16,0,16,7,33,36,0,76,26,0,26,102
03/21/2000,ELM,NY,AEA,EN,Towers with Radar,9,42,37,0,88,0,0,3,0,3,9,42,40,0,91,0,0,0,91
03/22/2000,ELM,NY,AEA,EN,Towers with Radar,8,43,42,2,95,0,0,37,0,37,8,43,79,2,132,66,0,66,198
03/23/2000,ELM,NY,AEA,EN,Towers with Radar,8,42,27,0,77,0,0,28,0,28,8,42,55,0,105,22,0,22,127
03/24/2000,ELM,NY,AEA,EN,Towers with Radar,5,39,48,0,92,0,1,32,0,33,5,40,80,0,125,72,0,72,197
03/25/2000,ELM,NY,AEA,EN,Towers with Radar,5,27,21,0,53,0,3,23,0,26,5,30,44,0,79,32,0,32,111
03/26/2000,ELM,NY,AEA,EN,Towers with Radar,4,16,16,0,36,3,0,19,0,22,7,16,35,0,58,0,0,0,58
03/27/2000,ELM,NY,AEA,EN,Towers with Radar,8,36,26,0,70,0,1,16,0,17,8,37,42,0,87,32,0,32,119
03/28/2000,ELM,NY,AEA,EN,Towers with Radar,8,45,31,0,84,0,0,21,0,21,8,45,52,0,105,30,0,30,135
03/29/2000,ELM,NY,AEA,EN,Towers with Radar,8,44,41,0,93,0,0,6,0,6,8,44,47,0,99,4,0,4,103
03/30/2000,ELM,NY,AEA,EN,Towers with Radar,8,39,23,0,70,0,0,28,0,28,8,39,51,0,98,12,34,46,144
03/31/2000,ELM,NY,AEA,EN,Towers with Radar,8,37,26,0,71,0,1,36,0,37,8,38,62,0,108,30,0,30,138
04/01/2000,ELM,NY,AEA,EN,Towers with Radar,4,27,23,0,54,0,2,49,0,51,4,29,72,0,105,66,0,66,171
04/02/2000,ELM,NY,AEA,EN,Towers with Radar,8,17,19,0,44,0,0,12,0,12,8,17,31,0,56,14,0,14,70
04/03/2000,ELM,NY,AEA,EN,Towers with Radar,7,30,42,0,79,0,0,6,0,6,7,30,48,0,85,44,0,44,129
04/04/2000,ELM,NY,AEA,EN,Towers with Radar,8,42,21,0,71,0,0,6,0,6,8,42,27,0,77,28,0,28,105
04/05/2000,ELM,NY,AEA,EN,Towers with Radar,8,42,36,0,86,0,0,17,1,18,8,42,53,1,104,0,0,0,104
04/06/2000,ELM,NY,AEA,EN,Towers with Radar,8,44,37,0,89,0,0,21,0,21,8,44,58,0,110,32,0,32,142
04/07/2000,ELM,NY,AEA,EN,Towers with Radar,8,40,45,1,94,0,0,39,0,39,8,40,84,1,133,92,0,92,225
04/08/2000,ELM,NY,AEA,EN,Towers with Radar,4,28,11,0,43,0,0,7,0,7,4,28,18,0,50,54,0,54,104
04/09/2000,ELM,NY,AEA,EN,Towers with Radar,7,13,17,0,37,0,0,2,0,2,7,13,19,0,39,0,0,0,39
04/10/2000,ELM,NY,AEA,EN,Towers with Radar,8,30,31,0,69,0,0,20,0,20,8,30,51,0,89,32,0,32,121
04/11/2000,ELM,NY,AEA,EN,Towers with Radar,7,35,29,0,71,1,6,12,0,19,8,41,41,0,90,32,0,32,122
04/12/2000,ELM,NY,AEA,EN,Towers with Radar,8,42,35,0,85,0,2,17,0,19,8,44,52,0,104,26,0,26,130
04/13/2000,ELM,NY,AEA,EN,Towers with Radar,8,39,34,1,82,0,0,46,3,49,8,39,80,4,131,96,0,96,227
04/14/2000,ELM,NY,AEA,EN,Towers with Radar,8,44,35,0,87,0,0,44,0,44,8,44,79,0,131,114,0,114,245
04/15/2000,ELM,NY,AEA,EN,Towers with Radar,4,29,22,0,55,0,0,54,1,55,4,29,76,1,110,92,0,92,202
04/16/2000,ELM,NY,AEA,EN,Towers with Radar,8,21,12,0,41,0,0,14,0,14,8,21,26,0,55,0,0,0,55
04/17/2000,ELM,NY,AEA,EN,Towers with Radar,8,42,34,0,84,0,0,11,0,11,8,42,45,0,95,28,0,28,123
04/18/2000,ELM,NY,AEA,EN,Towers with Radar,8,41,37,0,86,0,0,0,0,0,8,41,37,0,86,8,0,8,94
04/19/2000,ELM,NY,AEA,EN,Towers with Radar,8,42,50,0,100,0,0,18,0,18,8,42,68,0,118,126,0,126,244
04/20/2000,ELM,NY,AEA,EN,Towers with Radar,8,44,30,0,82,0,0,7,0,7,8,44,37,0,89,20,0,20,109
04/21/2000,ELM,NY,AEA,EN,Towers with Radar,7,36,11,0,54,0,0,2,0,2,7,36,13,0,56,0,0,0,56
04/22/2000,ELM,NY,AEA,EN,Towers with Radar,4,22,17,0,43,0,3,0,0,3,4,25,17,0,46,0,0,0,46
04/23/2000,ELM,NY,AEA,EN,Towers with Radar,8,17,18,0,43,0,0,0,0,0,8,17,18,0,43,4,0,4,47
04/24/2000,ELM,NY,AEA,EN,Towers with Radar,8,25,31,0,64,0,0,67,0,67,8,25,98,0,131,88,0,88,219
04/25/2000,ELM,NY,AEA,EN,Towers with Radar,7,44,25,3,79,0,2,37,0,39,7,46,62,3,118,60,6,66,184
04/26/2000,ELM,NY,AEA,EN,Towers with Radar,8,39,34,0,81,0,0,37,0,37,8,39,71,0,118,70,0,70,188
04/27/2000,ELM,NY,AEA,EN,Towers with Radar,8,49,58,1,116,0,0,18,0,18,8,49,76,1,134,42,0,42,176
04/28/2000,ELM,NY,AEA,EN,Towers with Radar,8,45,50,0,103,0,0,52,0,52,8,45,102,0,155,114,0,114,269
04/29/2000,ELM,NY,AEA,EN,Towers with Radar,4,30,18,0,52,0,0,58,0,58,4,30,76,0,110,44,0,44,154
04/30/2000,ELM,NY,AEA,EN,Towers with Radar,6,22,22,0,50,0,0,44,0,44,6,22,66,0,94,82,0,82,176
05/01/2000,ELM,NY,AEA,EN,Towers with Radar,8,34,25,0,67,0,1,9,0,10,8,35,34,0,77,42,0,42,119
05/02/2000,ELM,NY,AEA,EN,Towers with Radar,7,38,45,0,90,0,1,21,0,22,7,39,66,0,112,28,0,28,140
05/03/2000,ELM,NY,AEA,EN,Towers with Radar,9,41,39,0,89,0,4,52,0,56,9,45,91,0,145,102,0,102,247
05/04/2000,ELM,NY,AEA,EN,Towers with Radar,8,39,55,0,102,0,1,29,0,30,8,40,84,0,132,100,0,100,232
05/05/2000,ELM,NY,AEA,EN,Towers with Radar,7,45,46,0,98,0,0,29,0,29,7,45,75,0,127,52,0,52,179
05/06/2000,ELM,NY,AEA,EN,Towers with Radar,4,23,22,0,49,0,5,25,0,30,4,28,47,0,79,20,0,20,99
05/07/2000,ELM,NY,AEA,EN,Towers with Radar,4,17,20,0,41,4,0,25,0,29,8,17,45,0,70,8,0,8,78
05/08/2000,ELM,NY,AEA,EN,Towers with Radar,8,36,31,0,75,0,0,16,0,16,8,36,47,0,91,66,0,66,157
05/09/2000,ELM,NY,AEA,EN,Towers with Radar,8,43,31,0,82,0,0,44,0,44,8,43,75,0,126,78,0,78,204
05/10/2000,ELM,NY,AEA,EN,Towers with Radar,6,31,33,0,70,0,0,23,0,23,6,31,56,0,93,82,0,82,175
05/11/2000,ELM,NY,AEA,EN,Towers with Radar,10,39,63,0,112,0,0,86,0,86,10,39,149,0,198,88,0,88,286
05/12/2000,ELM,NY,AEA,EN,Towers with Radar,8,47,32,0,87,0,0,19,0,19,8,47,51,0,106,66,0,66,172
05/13/2000,ELM,NY,AEA,EN,Towers with Radar,4,30,31,0,65,0,0,10,0,10,4,30,41,0,75,62,0,62,137
05/14/2000,ELM,NY,AEA,EN,Towers with Radar,8,20,13,0,41,0,0,46,0,46,8,20,59,0,87,46,0,46,133
05/15/2000,ELM,NY,AEA,EN,Towers with Radar,8,25,46,0,79,0,0,32,0,32,8,25,78,0,111,42,0,42,153
05/16/2000,ELM,NY,AEA,EN,Towers with Radar,7,42,42,0,91,0,0,44,0,44,7,42,86,0,135,142,0,142,277
05/17/2000,ELM,NY,AEA,EN,Towers with Radar,8,42,36,0,86,0,0,42,0,42,8,42,78,0,128,76,0,76,204
05/18/2000,ELM,NY,AEA,EN,Towers with Radar,8,37,41,0,86,0,0,10,0,10,8,37,51,0,96,38,0,38,134
05/19/2000,ELM,NY,AEA,EN,Towers with Radar,8,38,44,0,90,0,0,11,0,11,8,38,55,0,101,2,0,2,103
05/20/2000,ELM,NY,AEA,EN,Towers with Radar,3,32,30,0,65,0,0,0,0,0,3,32,30,0,65,0,0,0,65
05/21/2000,ELM,NY,AEA,EN,Towers with Radar,8,20,33,0,61,0,0,0,0,0,8,20,33,0,61,0,0,0,61
05/22/2000,ELM,NY,AEA,EN,Towers with Radar,8,32,51,0,91,0,0,1,0,1,8,32,52,0,92,0,0,0,92
05/23/2000,ELM,NY,AEA,EN,Towers with Radar,8,43,50,0,101,0,0,5,0,5,8,43,55,0,106,90,0,90,196
05/24/2000,ELM,NY,AEA,EN,Towers with Radar,8,43,30,0,81,0,0,31,0,31,8,43,61,0,112,52,0,52,164
05/25/2000,ELM,NY,AEA,EN,Towers with Radar,8,42,43,0,93,0,0,35,0,35,8,42,78,0,128,84,0,84,212
05/26/2000,ELM,NY,AEA,EN,Towers with Radar,8,42,57,2,109,0,0,28,0,28,8,42,85,2,137,34,0,34,171
05/27/2000,ELM,NY,AEA,EN,Towers with Radar,3,27,9,0,39,0,3,30,0,33,3,30,39,0,72,16,0,16,88
05/28/2000,ELM,NY,AEA,EN,Towers with Radar,7,24,16,0,47,0,0,21,0,21,7,24,37,0,68,40,0,40,108
05/29/2000,ELM,NY,AEA,EN,Towers with Radar,8,19,17,0,44,0,0,66,0,66,8,19,83,0,110,74,10,84,194
05/30/2000,ELM,NY,AEA,EN,Towers with Radar,6,36,38,0,80,0,0,48,0,48,6,36,86,0,128,88,0,88,216
05/31/2000,ELM,NY,AEA,EN,Towers with Radar,7,44,38,0,89,0,0,49,0,49,7,44,87,0,138,84,0,84,222
06/01/2000,ELM,NY,AEA,EN,Towers with Radar,8,40,43,0,91,0,8,12,0,20,8,48,55,0,111,8,0,8,119
06/02/2000,ELM,NY,AEA,EN,Towers with Radar,6,39,45,0,90,0,1,30,0,31,6,40,75,0,121,68,0,68,189
06/03/2000,ELM,NY,AEA,EN,Towers with Radar,3,25,26,0,54,0,1,33,0,34,3,26,59,0,88,0,0,0,88
06/04/2000,ELM,NY,AEA,EN,Towers with Radar,8,16,24,0,48,0,0,47,0,47,8,16,71,0,95,62,0,62,157
06/05/2000,ELM,NY,AEA,EN,Towers with Radar,8,28,33,0,69,0,0,7,0,7,8,28,40,0,76,14,0,14,90
06/06/2000,ELM,NY,AEA,EN,Towers with Radar,8,41,32,0,81,0,0,5,0,5,8,41,37,0,86,8,0,8,94
06/07/2000,ELM,NY,AEA,EN,Towers with Radar,8,39,41,0,88,0,0,57,0,57,8,39,98,0,145,168,0,168,313
06/08/2000,ELM,NY,AEA,EN,Towers with Radar,8,45,32,0,85,0,2,43,0,45,8,47,75,0,130,112,0,112,242
06/09/2000,ELM,NY,AEA,EN,Towers with Radar,8,47,32,0,87,0,2,48,0,50,8,49,80,0,137,42,0,42,179
06/10/2000,ELM,NY,AEA,EN,Towers with Radar,4,35,19,0,58,0,2,103,0,105,4,37,122,0,163,146,0,146,309
06/11/2000,ELM,NY,AEA,EN,Towers with Radar,8,15,16,0,39,0,0,81,0,81,8,15,97,0,120,126,0,126,246
06/12/2000,ELM,NY,AEA,EN,Towers with Radar,6,31,32,0,69,3,0,0,0,3,9,31,32,0,72,10,0,10,82
06/13/2000,ELM,NY,AEA,EN,Towers with Radar,8,37,38,0,83,0,2,8,0,10,8,39,46,0,93,0,0,0,93
06/14/2000,ELM,NY,AEA,EN,Towers with Radar,9,39,48,0,96,0,0,9,0,9,9,39,57,0,105,42,0,42,147
06/15/2000,ELM,NY,AEA,EN,Towers with Radar,8,38,49,0,95,0,0,8,0,8,8,38,57,0,103,14,0,14,117
06/16/2000,ELM,NY,AEA,EN,Towers with Radar,9,39,48,0,96,0,0,15,0,15,9,39,63,0,111,68,0,68,179
06/17/2000,ELM,NY,AEA,EN,Towers with Radar,8,26,30,0,64,0,0,29,0,29,8,26,59,0,93,68,0,68,161
06/18/2000,ELM,NY,AEA,EN,Towers with Radar,8,15,28,0,51,0,0,14,0,14,8,15,42,0,65,52,0,52,117
06/19/2000,ELM,NY,AEA,EN,Towers with Radar,8,32,34,0,74,0,0,69,0,69,8,32,103,0,143,200,0,200,343
06/20/2000,ELM,NY,AEA,EN,Towers with Radar,6,41,29,0,76,0,2,70,0,72,6,43,99,0,148,204,0,204,352
06/21/2000,ELM,NY,AEA,EN,Towers with Radar,6,42,29,0,77,0,0,18,0,18,6,42,47,0,95,56,0,56,151
06/22/2000,ELM,NY,AEA,EN,Towers with Radar,8,43,64,0,115,0,3,28,0,31,8,46,92,0,146,84,0,84,230
06/23/2000,ELM,NY,AEA,EN,Towers with Radar,8,42,57,0,107,0,3,57,0,60,8,45,114,0,167,84,0,84,251
06/24/2000,ELM,NY,AEA,EN,Towers with Radar,8,37,27,0,72,0,1,99,0,100,8,38,126,0,172,174,0,174,346
06/25/2000,ELM,NY,AEA,EN,Towers with Radar,8,19,64,2,93,0,1,27,3,31,8,20,91,5,124,90,12,102,226
06/26/2000,ELM,NY,AEA,EN,Towers with Radar,8,37,43,0,88,1,0,20,0,21,9,37,63,0,109,60,0,60,169
06/27/2000,ELM,NY,AEA,EN,Towers with Radar,8,43,31,0,82,0,0,31,0,31,8,43,62,0,113,146,0,146,259
06/28/2000,ELM,NY,AEA,EN,Towers with Radar,8,40,43,0,91,0,0,59,0,59,8,40,102,0,150,82,0,82,232
06/29/2000,ELM,NY,AEA,EN,Towers with Radar,8,44,55,0,107,0,0,18,0,18,8,44,73,0,125,34,0,34,159
06/30/2000,ELM,NY,AEA,EN,Towers with Radar,8,41,40,0,89,0,0,68,0,68,8,41,108,0,157,88,0,88,245
07/01/2000,ELM,NY,AEA,EN,Towers with Radar,8,24,25,0,57,0,4,64,0,68,8,28,89,0,125,230,0,230,355
07/02/2000,ELM,NY,AEA,EN,Towers with Radar,8,14,13,0,35,0,1,61,0,62,8,15,74,0,97,172,0,172,269
07/03/2000,ELM,NY,AEA,EN,Towers with Radar,7,29,15,0,51,0,2,12,0,14,7,31,27,0,65,24,0,24,89
07/04/2000,ELM,NY,AEA,EN,Towers with Radar,8,24,9,0,41,0,1,23,0,24,8,25,32,0,65,68,0,68,133
07/05/2000,ELM,NY,AEA,EN,Towers with Radar,8,33,25,0,66,0,2,42,0,44,8,35,67,0,110,182,0,182,292
07/06/2000,ELM,NY,AEA,EN,Towers with Radar,8,32,42,0,82,0,5,53,0,58,8,37,95,0,140,116,0,116,256
07/07/2000,ELM,NY,AEA,EN,Towers with Radar,8,41,31,0,80,0,1,72,0,73,8,42,103,0,153,158,0,158,311
07/08/2000,ELM,NY,AEA,EN,Towers with Radar,5,21,20,0,46,3,11,77,0,91,8,32,97,0,137,200,0,200,337
07/09/2000,ELM,NY,AEA,EN,Towers with Radar,8,15,32,0,55,0,0,46,0,46,8,15,78,0,101,92,0,92,193
07/10/2000,ELM,NY,AEA,EN,Towers with Radar,7,29,28,0,64,0,1,24,0,25,7,30,52,0,89,30,0,30,119
07/11/2000,ELM,NY,AEA,EN,Towers with Radar,8,49,30,0,87,0,1,59,0,60,8,50,89,0,147,94,0,94,241
07/12/2000,ELM,NY,AEA,EN,Towers with Radar,8,32,37,2,79,0,6,45,0,51,8,38,82,2,130,32,2,34,164
07/13/2000,ELM,NY,AEA,EN,Towers with Radar,8,43,36,0,87,0,7,65,0,72,8,50,101,0,159,190,0,190,349
07/14/2000,ELM,NY,AEA,EN,Towers with Radar,7,43,40,0,90,0,0,35,0,35,7,43,75,0,125,172,0,172,297
07/15/2000,ELM,NY,AEA,EN,Towers with Radar,6,25,12,0,43,0,0,1,0,1,6,25,13,0,44,0,0,0,44
07/16/2000,ELM,NY,AEA,EN,Towers with Radar,8,22,24,0,54,0,0,17,0,17,8,22,41,0,71,76,0,76,147
07/17/2000,ELM,NY,AEA,EN,Towers with Radar,8,24,40,0,72,0,1,27,0,28,8,25,67,0,100,162,0,162,262
07/18/2000,ELM,NY,AEA,EN,Towers with Radar,8,42,24,0,74,0,1,25,0,26,8,43,49,0,100,80,0,80,180
07/19/2000,ELM,NY,AEA,EN,Towers with Radar,8,44,30,4,86,0,0,52,0,52,8,44,82,4,138,152,0,152,290
07/20/2000,ELM,NY,AEA,EN,Towers with Radar,8,44,35,2,89,0,4,69,0,73,8,48,104,2,162,144,0,144,306
07/21/2000,ELM,NY,AEA,EN,Towers with Radar,8,44,34,0,86,0,0,32,0,32,8,44,66,0,118,108,0,108,226
07/22/2000,ELM,NY,AEA,EN,Towers with Radar,9,31,27,0,67,0,0,37,1,38,9,31,64,1,105,118,0,118,223
07/23/2000,ELM,NY,AEA,EN,Towers with Radar,7,21,26,0,54,1,0,66,0,67,8,21,92,0,121,112,0,112,233
07/24/2000,ELM,NY,AEA,EN,Towers with Radar,8,28,33,0,69,0,0,37,0,37,8,28,70,0,106,104,0,104,210
07/25/2000,ELM,NY,AEA,EN,Towers with Radar,8,40,53,0,101,0,1,39,0,40,8,41,92,0,141,110,0,110,251
07/26/2000,ELM,NY,AEA,EN,Towers with Radar,8,42,44,2,96,0,0,42,4,46,8,42,86,6,142,128,0,128,270
07/27/2000,ELM,NY,AEA,EN,Towers with Radar,8,37,56,0,101,0,0,22,1,23,8,37,78,1,124,114,0,114,238
07/28/2000,ELM,NY,AEA,EN,Towers with Radar,4,35,28,2,69,0,1,14,0,15,4,36,42,2,84,58,0,58,142
07/29/2000,ELM,NY,AEA,EN,Towers with Radar,7,31,12,0,50,0,0,16,0,16,7,31,28,0,66,28,0,28,94
07/30/2000,ELM,NY,AEA,EN,Towers with Radar,5,17,9,0,31,3,0,0,0,3,8,17,9,0,34,0,0,0,34
07/31/2000,ELM,NY,AEA,EN,Towers with Radar,8,27,21,0,56,0,1,7,0,8,8,28,28,0,64,8,0,8,72
08/01/2000,ELM,NY,AEA,EN,Towers with Radar,8,34,22,0,64,0,1,31,0,32,8,35,53,0,96,60,0,60,156
08/02/2000,ELM,NY,AEA,EN,Towers with Radar,8,35,35,0,78,0,1,26,0,27,8,36,61,0,105,114,0,114,219
08/03/2000,ELM,NY,AEA,EN,Towers with Radar,8,33,31,0,72,0,1,19,0,20,8,34,50,0,92,126,0,126,218
08/04/2000,ELM,NY,AEA,EN,Towers with Radar,8,43,38,0,89,0,1,52,0,53,8,44,90,0,142,202,0,202,344
08/05/2000,ELM,NY,AEA,EN,Towers with Radar,8,30,25,0,63,0,1,59,0,60,8,31,84,0,123,100,0,100,223
08/06/2000,ELM,NY,AEA,EN,Towers with Radar,6,17,25,0,48,2,0,0,0,2,8,17,25,0,50,18,0,18,68
08/07/2000,ELM,NY,AEA,EN,Towers with Radar,8,30,32,0,70,0,1,14,0,15,8,31,46,0,85,94,0,94,179
08/08/2000,ELM,NY,AEA,EN,Towers with Radar,8,41,33,0,82,0,3,34,0,37,8,44,67,0,119,184,0,184,303
08/09/2000,ELM,NY,AEA,EN,Towers with Radar,8,43,34,0,85,0,2,26,0,28,8,45,60,0,113,168,0,168,281
08/10/2000,ELM,NY,AEA,EN,Towers with Radar,8,42,87,0,137,0,1,34,0,35,8,43,121,0,172,58,0,58,230
08/11/2000,ELM,NY,AEA,EN,Towers with Radar,7,47,55,0,109,0,1,15,0,16,7,48,70,0,125,32,0,32,157
08/12/2000,ELM,NY,AEA,EN,Towers with Radar,8,26,43,0,77,0,1,18,0,19,8,27,61,0,96,64,0,64,160
08/13/2000,ELM,NY,AEA,EN,Towers with Radar,11,23,132,0,166,0,1,102,0,103,11,24,234,0,269,64,0,64,333
08/14/2000,ELM,NY,AEA,EN,Towers with Radar,9,30,45,0,84,0,1,45,0,46,9,31,90,0,130,242,0,242,372
08/15/2000,ELM,NY,AEA,EN,Towers with Radar,8,44,46,0,98,0,4,69,0,73,8,48,115,0,171,182,0,182,353
08/16/2000,ELM,NY,AEA,EN,Towers with Radar,8,40,39,0,87,0,3,50,0,53,8,43,89,0,140,112,0,112,252
08/17/2000,ELM,NY,AEA,EN,Towers with Radar,9,39,21,0,69,0,1,53,0,54,9,40,74,0,123,218,0,218,341
08/18/2000,ELM,NY,AEA,EN,Towers with Radar,8,42,31,0,81,0,1,40,0,41,8,43,71,0,122,140,0,140,262
08/19/2000,ELM,NY,AEA,EN,Towers with Radar,8,34,22,0,64,0,1,53,0,54,8,35,75,0,118,54,0,54,172
08/20/2000,ELM,NY,AEA,EN,Towers with Radar,9,16,18,0,43,0,1,126,0,127,9,17,144,0,170,64,0,64,234
08/21/2000,ELM,NY,AEA,EN,Towers with Radar,8,33,29,0,70,0,3,62,0,65,8,36,91,0,135,218,0,218,353
08/22/2000,ELM,NY,AEA,EN,Towers with Radar,8,39,47,0,94,0,1,57,0,58,8,40,104,0,152,250,2,252,404
08/23/2000,ELM,NY,AEA,EN,Towers with Radar,8,47,33,0,88,0,1,9,0,10,8,48,42,0,98,34,0,34,132
08/24/2000,ELM,NY,AEA,EN,Towers with Radar,9,50,58,10,127,0,1,116,1,118,9,51,174,11,245,230,66,296,541
08/25/2000,ELM,NY,AEA,EN,Towers with Radar,10,42,48,2,102,0,0,78,4,82,10,42,126,6,184,248,0,248,432
08/26/2000,ELM,NY,AEA,EN,Towers with Radar,8,32,29,0,69,0,2,59,0,61,8,34,88,0,130,144,0,144,274
08/27/2000,ELM,NY,AEA,EN,Towers with Radar,7,18,38,0,63,1,0,38,0,39,8,18,76,0,102,126,0,126,228
08/28/2000,ELM,NY,AEA,EN,Towers with Radar,9,32,45,13,99,0,0,13,0,13,9,32,58,13,112,46,0,46,158
08/29/2000,ELM,NY,AEA,EN,Towers with Radar,8,39,32,1,80,0,0,26,1,27,8,39,58,2,107,82,0,82,189
08/30/2000,ELM,NY,AEA,EN,Towers with Radar,8,44,36,0,88,0,0,22,0,22,8,44,58,0,110,74,0,74,184
08/31/2000,ELM,NY,AEA,EN,Towers with Radar,8,36,45,4,93,0,0,45,0,45,8,36,90,4,138,118,0,118,256
09/01/2000,ELM,NY,AEA,EN,Towers with Radar,8,49,29,1,87,0,0,19,5,24,8,49,48,6,111,40,0,40,151
09/02/2000,ELM,NY,AEA,EN,Towers with Radar,8,28,17,0,53,0,0,4,1,5,8,28,21,1,58,104,0,104,162
09/03/2000,ELM,NY,AEA,EN,Towers with Radar,8,19,19,0,46,0,0,14,1,15,8,19,33,1,61,104,0,104,165
09/04/2000,ELM,NY,AEA,EN,Towers with Radar,5,22,11,0,38,0,0,32,0,32,5,22,43,0,70,30,0,30,100
09/05/2000,ELM,NY,AEA,EN,Towers with Radar,8,31,32,0,71,1,0,35,0,36,9,31,67,0,107,218,0,218,325
09/06/2000,ELM,NY,AEA,EN,Towers with Radar,8,39,40,0,87,0,0,47,0,47,8,39,87,0,134,164,0,164,298
09/07/2000,ELM,NY,AEA,EN,Towers with Radar,8,40,35,5,88,0,0,43,4,47,8,40,78,9,135,88,0,88,223
09/08/2000,ELM,NY,AEA,EN,Towers with Radar,8,40,37,1,86,0,4,42,0,46,8,44,79,1,132,48,2,50,182
09/09/2000,ELM,NY,AEA,EN,Towers with Radar,8,30,23,0,61,0,0,19,0,19,8,30,42,0,80,88,0,88,168
09/10/2000,ELM,NY,AEA,EN,Towers with Radar,7,14,48,0,69,0,0,23,0,23,7,14,71,0,92,80,0,80,172
09/11/2000,ELM,NY,AEA,EN,Towers with Radar,9,31,39,0,79,0,0,1,0,1,9,31,40,0,80,30,0,30,110
09/12/2000,ELM,NY,AEA,EN,Towers with Radar,7,43,34,0,84,0,0,3,0,3,7,43,37,0,87,36,0,36,123
09/13/2000,ELM,NY,AEA,EN,Towers with Radar,8,43,43,0,94,0,0,43,0,43,8,43,86,0,137,108,0,108,245
09/14/2000,ELM,NY,AEA,EN,Towers with Radar,8,41,45,0,94,0,4,35,0,39,8,45,80,0,133,68,0,68,201
09/15/2000,ELM,NY,AEA,EN,Towers with Radar,8,40,30,0,78,0,0,7,0,7,8,40,37,0,85,52,0,52,137
09/16/2000,ELM,NY,AEA,EN,Towers with Radar,8,34,18,1,61,0,0,31,0,31,8,34,49,1,92,60,0,60,152
09/17/2000,ELM,NY,AEA,EN,Towers with Radar,8,17,19,0,44,0,0,51,0,51,8,17,70,0,95,164,0,164,259
09/18/2000,ELM,NY,AEA,EN,Towers with Radar,8,34,30,2,74,0,0,58,4,62,8,34,88,6,136,162,0,162,298
09/19/2000,ELM,NY,AEA,EN,Towers with Radar,8,40,27,0,75,0,0,45,0,45,8,40,72,0,120,182,0,182,302
09/20/2000,ELM,NY,AEA,EN,Towers with Radar,8,41,36,0,85,0,0,67,0,67,8,41,103,0,152,210,0,210,362
09/21/2000,ELM,NY,AEA,EN,Towers with Radar,8,41,38,7,94,0,4,9,2,15,8,45,47,9,109,116,0,116,225
09/22/2000,ELM,NY,AEA,EN,Towers with Radar,8,43,39,14,104,0,5,90,24,119,8,48,129,38,223,206,20,226,449
09/23/2000,ELM,NY,AEA,EN,Towers with Radar,8,24,19,2,53,0,1,4,1,6,8,25,23,3,59,96,0,96,155
09/24/2000,ELM,NY,AEA,EN,Towers with Radar,8,18,27,12,65,0,0,46,29,75,8,18,73,41,140,160,28,188,328
09/25/2000,ELM,NY,AEA,EN,Towers with Radar,8,32,41,11,92,0,0,56,13,69,8,32,97,24,161,188,2,190,351
09/26/2000,ELM,NY,AEA,EN,Towers with Radar,8,47,30,4,89,0,0,15,0,15,8,47,45,4,104,206,0,206,310
09/27/2000,ELM,NY,AEA,EN,Towers with Radar,8,41,35,1,85,0,1,34,0,35,8,42,69,1,120,138,0,138,258
09/28/2000,ELM,NY,AEA,EN,Towers with Radar,7,37,35,1,80,0,1,25,0,26,7,38,60,1,106,218,0,218,324
09/29/2000,ELM,NY,AEA,EN,Towers with Radar,8,43,33,0,84,0,1,39,0,40,8,44,72,0,124,172,0,172,296
09/30/2000,ELM,NY,AEA,EN,Towers with Radar,6,27,25,0,58,2,4,95,0,101,8,31,120,0,159,274,0,274,433
10/01/2000,ELM,NY,AEA,EN,Towers with Radar,9,17,19,0,45,0,2,53,0,55,9,19,72,0,100,278,0,278,378
10/02/2000,ELM,NY,AEA,EN,Towers with Radar,6,32,36,0,74,0,1,23,0,24,6,33,59,0,98,78,0,78,176
10/03/2000,ELM,NY,AEA,EN,Towers with Radar,8,37,28,0,73,0,1,32,0,33,8,38,60,0,106,78,0,78,184
10/04/2000,ELM,NY,AEA,EN,Towers with Radar,8,41,33,0,82,0,0,13,0,13,8,41,46,0,95,48,0,48,143
10/05/2000,ELM,NY,AEA,EN,Towers with Radar,8,35,39,0,82,0,0,1,0,1,8,35,40,0,83,4,0,4,87
10/06/2000,ELM,NY,AEA,EN,Towers with Radar,8,41,52,0,101,0,0,12,0,12,8,41,64,0,113,66,0,66,179
10/07/2000,ELM,NY,AEA,EN,Towers with Radar,8,38,13,0,59,0,0,14,0,14,8,38,27,0,73,106,0,106,179
10/08/2000,ELM,NY,AEA,EN,Towers with Radar,8,20,14,0,42,0,0,21,0,21,8,20,35,0,63,50,0,50,113
10/09/2000,ELM,NY,AEA,EN,Towers with Radar,8,33,33,0,74,0,0,11,0,11,8,33,44,0,85,74,0,74,159
10/10/2000,ELM,NY,AEA,EN,Towers with Radar,8,44,37,0,89,0,0,15,0,15,8,44,52,0,104,86,0,86,190
10/11/2000,ELM,NY,AEA,EN,Towers with Radar,8,47,19,0,74,0,4,45,0,49,8,51,64,0,123,68,0,68,191
10/12/2000,ELM,NY,AEA,EN,Towers with Radar,8,42,27,4,81,0,0,67,0,67,8,42,94,4,148,208,2,210,358
10/13/2000,ELM,NY,AEA,EN,Towers with Radar,8,48,26,0,82,0,0,83,0,83,8,48,109,0,165,154,0,154,319
10/14/2000,ELM,NY,AEA,EN,Towers with Radar,8,40,18,0,66,0,1,86,0,87,8,41,104,0,153,168,0,168,321
10/15/2000,ELM,NY,AEA,EN,Towers with Radar,8,17,14,0,39,0,0,36,0,36,8,17,50,0,75,0,0,0,75
10/16/2000,ELM,NY,AEA,EN,Towers with Radar,6,40,45,4,95,0,0,5,4,9,6,40,50,8,104,82,0,82,186
10/17/2000,ELM,NY,AEA,EN,Towers with Radar,8,43,28,0,79,0,0,0,0,0,8,43,28,0,79,0,0,0,79
10/18/2000,ELM,NY,AEA,EN,Towers with Radar,8,47,36,0,91,0,0,17,2,19,8,47,53,2,110,102,0,102,212
10/19/2000,ELM,NY,AEA,EN,Towers with Radar,8,43,43,0,94,0,0,29,2,31,8,43,72,2,125,84,0,84,209
10/20/2000,ELM,NY,AEA,EN,Towers with Radar,8,41,38,0,87,0,2,59,0,61,8,43,97,0,148,166,0,166,314
10/21/2000,ELM,NY,AEA,EN,Towers with Radar,8,32,14,0,54,0,0,75,0,75,8,32,89,0,129,180,0,180,309
10/22/2000,ELM,NY,AEA,EN,Towers with Radar,7,16,24,0,47,0,0,63,0,63,7,16,87,0,110,50,0,50,160
10/23/2000,ELM,NY,AEA,EN,Towers with Radar,8,36,27,0,71,0,1,27,0,28,8,37,54,0,99,148,0,148,247
10/24/2000,ELM,NY,AEA,EN,Towers with Radar,8,44,49,0,101,0,0,17,0,17,8,44,66,0,118,152,0,152,270
10/25/2000,ELM,NY,AEA,EN,Towers with Radar,7,45,36,0,88,0,1,23,0,24,7,46,59,0,112,126,0,126,238
10/26/2000,ELM,NY,AEA,EN,Towers with Radar,6,36,41,0,83,0,1,35,0,36,6,37,76,0,119,148,0,148,267
10/27/2000,ELM,NY,AEA,EN,Towers with Radar,8,41,45,0,94,0,1,26,0,27,8,42,71,0,121,86,0,86,207
10/28/2000,ELM,NY,AEA,EN,Towers with Radar,8,32,18,0,58,0,0,5,0,5,8,32,23,0,63,12,0,12,75
10/29/2000,ELM,NY,AEA,EN,Towers with Radar,7,21,16,0,44,0,0,12,0,12,7,21,28,0,56,6,0,6,62
10/30/2000,ELM,NY,AEA,EN,Towers with Radar,9,33,29,0,71,0,0,10,0,10,9,33,39,0,81,6,0,6,87
10/31/2000,ELM,NY,AEA,EN,Towers with Radar,7,41,22,0,70,0,2,29,0,31,7,43,51,0,101,36,0,36,137
11/01/2000,ELM,NY,AEA,EN,Towers with Radar,11,44,37,0,92,0,2,31,0,33,11,46,68,0,125,24,0,24,149
11/02/2000,ELM,NY,AEA,EN,Towers with Radar,8,45,32,0,85,0,2,57,0,59,8,47,89,0,144,108,0,108,252
11/03/2000,ELM,NY,AEA,EN,Towers with Radar,8,42,48,1,99,0,1,19,0,20,8,43,67,1,119,38,0,38,157
11/04/2000,ELM,NY,AEA,EN,Towers with Radar,5,26,28,0,59,0,0,9,0,9,5,26,37,0,68,20,0,20,88
11/05/2000,ELM,NY,AEA,EN,Towers with Radar,8,18,16,0,42,0,0,9,0,9,8,18,25,0,51,16,0,16,67
11/06/2000,ELM,NY,AEA,EN,Towers with Radar,8,31,35,0,74,0,0,41,0,41,8,31,76,0,115,54,0,54,169
11/07/2000,ELM,NY,AEA,EN,Towers with Radar,8,41,35,0,84,0,0,39,0,39,8,41,74,0,123,66,0,66,189
11/08/2000,ELM,NY,AEA,EN,Towers with Radar,8,42,37,0,87,0,1,29,0,30,8,43,66,0,117,112,0,112,229
11/09/2000,ELM,NY,AEA,EN,Towers with Radar,7,44,41,0,92,0,1,7,0,8,7,45,48,0,100,58,0,58,158
11/10/2000,ELM,NY,AEA,EN,Towers with Radar,9,43,24,0,76,0,0,8,0,8,9,43,32,0,84,10,0,10,94
11/11/2000,ELM,NY,AEA,EN,Towers with Radar,7,36,8,0,51,0,0,0,0,0,7,36,8,0,51,0,0,0,51
11/12/2000,ELM,NY,AEA,EN,Towers with Radar,8,23,19,0,50,0,0,4,0,4,8,23,23,0,54,6,0,6,60
11/13/2000,ELM,NY,AEA,EN,Towers with Radar,8,26,41,0,75,0,0,5,0,5,8,26,46,0,80,46,0,46,126
11/14/2000,ELM,NY,AEA,EN,Towers with Radar,8,44,34,0,86,0,1,7,0,8,8,45,41,0,94,102,0,102,196
11/15/2000,ELM,NY,AEA,EN,Towers with Radar,8,45,44,0,97,0,1,2,0,3,8,46,46,0,100,24,0,24,124
11/16/2000,ELM,NY,AEA,EN,Towers with Radar,8,45,42,0,95,0,1,47,1,49,8,46,89,1,144,48,0,48,192
11/17/2000,ELM,NY,AEA,EN,Towers with Radar,8,38,31,0,77,0,0,17,0,17,8,38,48,0,94,4,0,4,98
11/18/2000,ELM,NY,AEA,EN,Towers with Radar,8,38,17,14,77,0,1,5,0,6,8,39,22,14,83,30,14,44,127
11/19/2000,ELM,NY,AEA,EN,Towers with Radar,7,20,19,0,46,0,0,14,0,14,7,20,33,0,60,10,0,10,70
11/20/2000,ELM,NY,AEA,EN,Towers with Radar,8,32,32,0,72,0,0,15,0,15,8,32,47,0,87,50,0,50,137
11/21/2000,ELM,NY,AEA,EN,Towers with Radar,8,34,36,0,78,0,0,2,0,2,8,34,38,0,80,8,0,8,88
11/22/2000,ELM,NY,AEA,EN,Towers with Radar,8,41,36,0,85,0,0,2,0,2,8,41,38,0,87,18,0,18,105
11/23/2000,ELM,NY,AEA,EN,Towers with Radar,8,27,5,0,40,0,0,1,0,1,8,27,6,0,41,0,0,0,41
11/24/2000,ELM,NY,AEA,EN,Towers with Radar,8,23,6,0,37,0,0,37,0,37,8,23,43,0,74,54,0,54,128
11/25/2000,ELM,NY,AEA,EN,Towers with Radar,6,29,19,0,54,0,1,27,0,28,6,30,46,0,82,44,0,44,126
11/26/2000,ELM,NY,AEA,EN,Towers with Radar,10,22,16,0,48,0,0,0,0,0,10,22,16,0,48,0,0,0,48
11/27/2000,ELM,NY,AEA,EN,Towers with Radar,7,32,39,0,78,0,0,4,0,4,7,32,43,0,82,36,0,36,118
11/28/2000,ELM,NY,AEA,EN,Towers with Radar,8,40,21,1,70,0,0,10,0,10,8,40,31,1,80,28,0,28,108
11/29/2000,ELM,NY,AEA,EN,Towers with Radar,8,42,33,0,83,0,0,6,0,6,8,42,39,0,89,14,0,14,103
11/30/2000,ELM,NY,AEA,EN,Towers with Radar,8,40,40,0,88,0,0,5,0,5,8,40,45,0,93,22,0,22,115
12/01/2000,ELM,NY,AEA,EN,Towers with Radar,6,50,32,0,88,0,0,15,0,15,6,50,47,0,103,20,0,20,123
12/02/2000,ELM,NY,AEA,EN,Towers with Radar,9,39,7,0,55,0,1,10,0,11,9,40,17,0,66,52,0,52,118
12/03/2000,ELM,NY,AEA,EN,Towers with Radar,6,18,14,0,38,0,0,39,0,39,6,18,53,0,77,56,0,56,133
12/04/2000,ELM,NY,AEA,EN,Towers with Radar,8,37,36,0,81,0,0,34,0,34,8,37,70,0,115,82,0,82,197
12/05/2000,ELM,NY,AEA,EN,Towers with Radar,8,61,19,0,88,0,0,8,0,8,8,61,27,0,96,18,0,18,114
12/06/2000,ELM,NY,AEA,EN,Towers with Radar,9,56,25,0,90,0,1,23,0,24,9,57,48,0,114,64,0,64,178
12/07/2000,ELM,NY,AEA,EN,Towers with Radar,9,52,23,0,84,0,0,15,0,15,9,52,38,0,99,16,0,16,115
12/08/2000,ELM,NY,AEA,EN,Towers with Radar,8,59,27,0,94,0,0,2,0,2,8,59,29,0,96,16,0,16,112
12/09/2000,ELM,NY,AEA,EN,Towers with Radar,5,33,22,0,60,0,0,19,0,19,5,33,41,0,79,16,0,16,95
12/10/2000,ELM,NY,AEA,EN,Towers with Radar,7,28,14,0,49,0,0,12,0,12,7,28,26,0,61,18,0,18,79
12/11/2000,ELM,NY,AEA,EN,Towers with Radar,7,44,19,0,70,0,0,4,0,4,7,44,23,0,74,66,0,66,140
12/12/2000,ELM,NY,AEA,EN,Towers with Radar,8,54,20,0,82,0,0,0,0,0,8,54,20,0,82,0,0,0,82
12/13/2000,ELM,NY,AEA,EN,Towers with Radar,8,54,32,0,94,0,0,33,0,33,8,54,65,0,127,120,0,120,247
12/14/2000,ELM,NY,AEA,EN,Towers with Radar,5,47,35,0,87,0,0,11,0,11,5,47,46,0,98,24,0,24,122
12/15/2000,ELM,NY,AEA,EN,Towers with Radar,10,56,42,0,108,0,1,22,0,23,10,57,64,0,131,46,0,46,177
12/16/2000,ELM,NY,AEA,EN,Towers with Radar,7,40,6,0,53,0,1,1,0,2,7,41,7,0,55,0,0,0,55
12/17/2000,ELM,NY,AEA,EN,Towers with Radar,5,28,7,0,40,0,0,2,0,2,5,28,9,0,42,12,0,12,54
12/18/2000,ELM,NY,AEA,EN,Towers with Radar,9,39,27,0,75,0,0,13,0,13,9,39,40,0,88,4,0,4,92
12/19/2000,ELM,NY,AEA,EN,Towers with Radar,8,58,11,0,77,0,1,1,0,2,8,59,12,0,79,20,0,20,99
12/20/2000,ELM,NY,AEA,EN,Towers with Radar,7,52,31,0,90,0,0,16,0,16,7,52,47,0,106,78,0,78,184
12/21/2000,ELM,NY,AEA,EN,Towers with Radar,9,53,25,0,87,0,0,10,0,10,9,53,35,0,97,46,0,46,143
12/22/2000,ELM,NY,AEA,EN,Towers with Radar,7,55,27,0,89,0,0,5,0,5,7,55,32,0,94,10,0,10,104
12/23/2000,ELM,NY,AEA,EN,Towers with Radar,8,45,13,0,66,0,0,4,0,4,8,45,17,0,70,34,0,34,104
12/24/2000,ELM,NY,AEA,EN,Towers with Radar,6,15,3,0,24,0,0,3,0,3,6,15,6,0,27,0,0,0,27
12/25/2000,ELM,NY,AEA,EN,Towers with Radar,8,15,1,0,24,0,0,1,0,1,8,15,2,0,25,0,0,0,25
12/26/2000,ELM,NY,AEA,EN,Towers with Radar,6,38,16,0,60,2,1,0,0,3,8,39,16,0,63,0,0,0,63
12/27/2000,ELM,NY,AEA,EN,Towers with Radar,8,48,18,0,74,0,0,1,0,1,8,48,19,0,75,0,0,0,75
12/28/2000,ELM,NY,AEA,EN,Towers with Radar,8,48,14,0,70,0,0,8,0,8,8,48,22,0,78,10,0,10,88
12/29/2000,ELM,NY,AEA,EN,Towers with Radar,9,53,13,0,75,0,0,5,0,5,9,53,18,0,80,0,0,0,80
12/30/2000,ELM,NY,AEA,EN,Towers with Radar,6,24,11,0,41,0,0,1,0,1,6,24,12,0,42,0,0,0,42
12/31/2000,ELM,NY,AEA,EN,Towers with Radar,2,15,0,0,17,5,0,0,0,5,7,15,0,0,22,0,0,0,22
01/01/2001,ELM,NY,AEA,EN,Towers with Radar,5,20,13,0,38,1,0,9,0,10,6,20,22,0,48,32,0,32,80
01/02/2001,ELM,NY,AEA,EN,Towers with Radar,7,29,33,0,69,0,0,2,0,2,7,29,35,0,71,18,0,18,89
01/03/2001,ELM,NY,AEA,EN,Towers with Radar,8,54,35,0,97,0,1,27,0,28,8,55,62,0,125,52,0,52,177
01/04/2001,ELM,NY,AEA,EN,Towers with Radar,11,48,15,0,74,0,3,3,0,6,11,51,18,0,80,84,0,84,164
01/05/2001,ELM,NY,AEA,EN,Towers with Radar,6,54,30,0,90,0,1,0,0,1,6,55,30,0,91,0,0,0,91
01/06/2001,ELM,NY,AEA,EN,Towers with Radar,9,41,22,0,72,0,1,11,0,12,9,42,33,0,84,48,0,48,132
01/07/2001,ELM,NY,AEA,EN,Towers with Radar,6,27,20,0,53,0,1,6,0,7,6,28,26,0,60,42,0,42,102
01/08/2001,ELM,NY,AEA,EN,Towers with Radar,8,38,31,0,77,0,1,12,0,13,8,39,43,0,90,20,0,20,110
01/09/2001,ELM,NY,AEA,EN,Towers with Radar,8,54,30,0,92,0,1,8,0,9,8,55,38,0,101,20,0,20,121
01/10/2001,ELM,NY,AEA,EN,Towers with Radar,8,54,27,0,89,0,1,8,2,11,8,55,35,2,100,6,0,6,106
01/11/2001,ELM,NY,AEA,EN,Towers with Radar,9,49,35,0,93,0,2,33,0,35,9,51,68,0,128,26,0,26,154
01/12/2001,ELM,NY,AEA,EN,Towers with Radar,8,59,41,5,113,0,2,56,0,58,8,61,97,5,171,140,0,140,311
01/13/2001,ELM,NY,AEA,EN,Towers with Radar,8,41,26,0,75,0,3,45,0,48,8,44,71,0,123,84,0,84,207
01/14/2001,ELM,NY,AEA,EN,Towers with Radar,6,25,12,0,43,0,1,4,0,5,6,26,16,0,48,0,0,0,48
01/15/2001,ELM,NY,AEA,EN,Towers with Radar,8,43,23,0,74,0,1,6,0,7,8,44,29,0,81,92,0,92,173
01/16/2001,ELM,NY,AEA,EN,Towers with Radar,7,55,38,0,100,0,1,21,0,22,7,56,59,0,122,28,0,28,150
01/17/2001,ELM,NY,AEA,EN,Towers with Radar,8,51,29,0,88,0,1,1,0,2,8,52,30,0,90,10,0,10,100
01/18/2001,ELM,NY,AEA,EN,Towers with Radar,8,52,46,4,110,0,1,6,0,7,8,53,52,4,117,164,4,168,285
01/19/2001,ELM,NY,AEA,EN,Towers with Radar,7,51,17,0,75,0,1,0,0,1,7,52,17,0,76,8,0,8,84
01/20/2001,ELM,NY,AEA,EN,Towers with Radar,5,38,8,0,51,0,1,1,0,2,5,39,9,0,53,8,0,8,61
01/21/2001,ELM,NY,AEA,EN,Towers with Radar,8,25,22,0,55,0,1,9,0,10,8,26,31,0,65,12,0,12,77
01/22/2001,ELM,NY,AEA,EN,Towers with Radar,9,44,32,2,87,0,0,20,0,20,9,44,52,2,107,46,0,46,153
01/23/2001,ELM,NY,AEA,EN,Towers with Radar,7,56,33,0,96,0,0,23,0,23,7,56,56,0,119,28,0,28,147
01/24/2001,ELM,NY,AEA,EN,Towers with Radar,9,55,39,0,103,0,1,7,1,9,9,56,46,1,112,62,0,62,174
01/25/2001,ELM,NY,AEA,EN,Towers with Radar,7,61,42,0,110,0,5,28,0,33,7,66,70,0,143,58,0,58,201
01/26/2001,ELM,NY,AEA,EN,Towers with Radar,8,57,38,1,104,0,0,53,1,54,8,57,91,2,158,94,0,94,252
01/27/2001,ELM,NY,AEA,EN,Towers with Radar,8,47,7,0,62,0,0,1,0,1,8,47,8,0,63,0,0,0,63
01/28/2001,ELM,NY,AEA,EN,Towers with Radar,7,28,24,0,59,0,0,16,0,16,7,28,40,0,75,12,0,12,87
01/29/2001,ELM,NY,AEA,EN,Towers with Radar,8,42,33,0,83,0,0,51,0,51,8,42,84,0,134,68,0,68,202
01/30/2001,ELM,NY,AEA,EN,Towers with Radar,8,52,32,0,92,2,3,5,0,10,10,55,37,0,102,6,0,6,108
01/31/2001,ELM,NY,AEA,EN,Towers with Radar,6,43,33,0,82,0,0,8,0,8,6,43,41,0,90,6,0,6,96
02/01/2001,ELM,NY,AEA,EN,Towers with Radar,8,60,32,0,100,0,1,17,4,22,8,61,49,4,122,0,0,0,122
02/02/2001,ELM,NY,AEA,EN,Towers with Radar,8,52,28,0,88,0,3,8,0,11,8,55,36,0,99,32,0,32,131
02/03/2001,ELM,NY,AEA,EN,Towers with Radar,7,36,21,0,64,1,0,9,2,12,8,36,30,2,76,6,0,6,82
02/04/2001,ELM,NY,AEA,EN,Towers with Radar,6,28,16,0,50,0,2,15,0,17,6,30,31,0,67,0,0,0,67
02/05/2001,ELM,NY,AEA,EN,Towers with Radar,8,49,28,0,85,0,0,5,0,5,8,49,33,0,90,50,0,50,140
02/06/2001,ELM,NY,AEA,EN,Towers with Radar,7,49,27,0,83,0,4,6,0,10,7,53,33,0,93,6,0,6,99
02/07/2001,ELM,NY,AEA,EN,Towers with Radar,8,61,36,0,105,0,0,25,0,25,8,61,61,0,130,50,0,50,180
02/08/2001,ELM,NY,AEA,EN,Towers with Radar,8,55,30,0,93,0,3,25,0,28,8,58,55,0,121,32,0,32,153
02/09/2001,ELM,NY,AEA,EN,Towers with Radar,6,57,34,0,97,0,0,21,0,21,6,57,55,0,118,18,0,18,136
02/10/2001,ELM,NY,AEA,EN,Towers with Radar,5,34,14,0,53,3,2,0,0,5,8,36,14,0,58,0,0,0,58
02/11/2001,ELM,NY,AEA,EN,Towers with Radar,5,30,17,0,52,2,0,7,0,9,7,30,24,0,61,10,0,10,71
02/12/2001,ELM,NY,AEA,EN,Towers with Radar,8,50,30,0,88,1,0,32,0,33,9,50,62,0,121,106,0,106,227
02/13/2001,ELM,NY,AEA,EN,Towers with Radar,8,57,31,1,97,0,4,27,2,33,8,61,58,3,130,188,8,196,326
02/14/2001,ELM,NY,AEA,EN,Towers with Radar,8,57,31,0,96,0,3,3,0,6,8,60,34,0,102,0,0,0,102
02/15/2001,ELM,NY,AEA,EN,Towers with Radar,8,60,35,0,103,0,0,27,0,27,8,60,62,0,130,52,0,52,182
02/16/2001,ELM,NY,AEA,EN,Towers with Radar,7,59,31,0,97,0,1,0,0,1,7,60,31,0,98,0,0,0,98
02/17/2001,ELM,NY,AEA,EN,Towers with Radar,5,38,15,0,58,4,3,0,12,19,9,41,15,12,77,0,0,0,77
02/18/2001,ELM,NY,AEA,EN,Towers with Radar,5,34,18,0,57,3,0,43,0,46,8,34,61,0,103,28,0,28,131
02/19/2001,ELM,NY,AEA,EN,Towers with Radar,6,44,23,0,73,2,2,18,0,22,8,46,41,0,95,28,0,28,123
02/20/2001,ELM,NY,AEA,EN,Towers with Radar,8,57,34,0,99,0,0,12,0,12,8,57,46,0,111,68,0,68,179
02/21/2001,ELM,NY,AEA,EN,Towers with Radar,7,54,30,0,91,0,0,15,0,15,7,54,45,0,106,6,0,6,112
02/22/2001,ELM,NY,AEA,EN,Towers with Radar,7,51,29,0,87,0,0,12,0,12,7,51,41,0,99,42,0,42,141
02/23/2001,ELM,NY,AEA,EN,Towers with Radar,8,52,27,0,87,1,4,9,0,14,9,56,36,0,101,0,0,0,101
02/24/2001,ELM,NY,AEA,EN,Towers with Radar,7,42,22,0,71,1,0,46,0,47,8,42,68,0,118,42,0,42,160
02/25/2001,ELM,NY,AEA,EN,Towers with Radar,2,19,10,0,31,3,1,7,0,11,5,20,17,0,42,26,0,26,68
02/26/2001,ELM,NY,AEA,EN,Towers with Radar,8,46,26,0,80,1,0,22,2,25,9,46,48,2,105,46,0,46,151
02/27/2001,ELM,NY,AEA,EN,Towers with Radar,7,49,26,0,82,2,3,2,0,7,9,52,28,0,89,22,0,22,111
02/28/2001,ELM,NY,AEA,EN,Towers with Radar,8,53,28,0,89,0,8,9,0,17,8,61,37,0,106,34,0,34,140
03/01/2001,ELM,NY,AEA,EN,Towers with Radar,8,57,31,0,96,0,0,2,0,2,8,57,33,0,98,24,0,24,122
03/02/2001,ELM,NY,AEA,EN,Towers with Radar,8,57,24,2,91,0,0,2,0,2,8,57,26,2,93,0,4,4,97
03/03/2001,ELM,NY,AEA,EN,Towers with Radar,8,40,10,0,58,0,0,16,0,16,8,40,26,0,74,30,0,30,104
03/04/2001,ELM,NY,AEA,EN,Towers with Radar,6,18,12,0,36,0,0,2,0,2,6,18,14,0,38,0,0,0,38
03/05/2001,ELM,NY,AEA,EN,Towers with Radar,5,6,11,0,22,0,0,0,0,0,5,6,11,0,22,0,0,0,22
03/06/2001,ELM,NY,AEA,EN,Towers with Radar,3,17,15,0,35,0,0,0,0,0,3,17,15,0,35,0,0,0,35
03/07/2001,ELM,NY,AEA,EN,Towers with Radar,5,44,39,0,88,0,0,41,2,43,5,44,80,2,131,70,0,70,201
03/08/2001,ELM,NY,AEA,EN,Towers with Radar,8,51,45,1,105,0,0,11,0,11,8,51,56,1,116,80,0,80,196
03/09/2001,ELM,NY,AEA,EN,Towers with Radar,9,48,23,0,80,0,0,0,0,0,9,48,23,0,80,2,0,2,82
03/10/2001,ELM,NY,AEA,EN,Towers with Radar,8,46,12,0,66,0,0,9,0,9,8,46,21,0,75,16,0,16,91
03/11/2001,ELM,NY,AEA,EN,Towers with Radar,7,14,22,0,43,0,0,4,0,4,7,14,26,0,47,24,0,24,71
03/12/2001,ELM,NY,AEA,EN,Towers with Radar,8,49,32,0,89,0,4,29,0,33,8,53,61,0,122,134,0,134,256
03/13/2001,ELM,NY,AEA,EN,Towers with Radar,8,52,24,0,84,0,1,2,0,3,8,53,26,0,87,16,0,16,103
03/14/2001,ELM,NY,AEA,EN,Towers with Radar,8,52,32,0,92,0,0,9,0,9,8,52,41,0,101,18,0,18,119
03/15/2001,ELM,NY,AEA,EN,Towers with Radar,8,59,35,0,102,0,1,33,0,34,8,60,68,0,136,68,0,68,204
03/16/2001,ELM,NY,AEA,EN,Towers with Radar,8,52,35,0,95,0,0,12,0,12,8,52,47,0,107,90,0,90,197
03/17/2001,ELM,NY,AEA,EN,Towers with Radar,8,48,16,0,72,0,0,0,0,0,8,48,16,0,72,0,0,0,72
03/18/2001,ELM,NY,AEA,EN,Towers with Radar,6,27,9,0,42,0,0,15,0,15,6,27,24,0,57,22,0,22,79
03/19/2001,ELM,NY,AEA,EN,Towers with Radar,7,50,28,0,85,0,0,36,0,36,7,50,64,0,121,48,0,48,169
03/20/2001,ELM,NY,AEA,EN,Towers with Radar,8,54,19,0,81,0,1,26,0,27,8,55,45,0,108,48,0,48,156
03/21/2001,ELM,NY,AEA,EN,Towers with Radar,8,47,27,0,82,0,1,6,0,7,8,48,33,0,89,62,0,62,151
03/22/2001,ELM,NY,AEA,EN,Towers with Radar,8,46,22,0,76,0,0,0,0,0,8,46,22,0,76,0,0,0,76
03/23/2001,ELM,NY,AEA,EN,Towers with Radar,8,53,28,0,89,0,2,35,0,37,8,55,63,0,126,108,0,108,234
03/24/2001,ELM,NY,AEA,EN,Towers with Radar,8,36,22,10,76,0,0,3,0,3,8,36,25,10,79,0,0,0,79
03/25/2001,ELM,NY,AEA,EN,Towers with Radar,6,31,21,0,58,0,0,4,0,4,6,31,25,0,62,20,0,20,82
03/26/2001,ELM,NY,AEA,EN,Towers with Radar,7,43,29,0,79,0,0,1,0,1,7,43,30,0,80,28,0,28,108
03/27/2001,ELM,NY,AEA,EN,Towers with Radar,8,55,30,2,95,0,0,14,0,14,8,55,44,2,109,38,6,44,153
03/28/2001,ELM,NY,AEA,EN,Towers with Radar,8,55,32,0,95,0,1,30,0,31,8,56,62,0,126,50,0,50,176
03/29/2001,ELM,NY,AEA,EN,Towers with Radar,7,50,37,8,102,0,1,28,0,29,7,51,65,8,131,90,0,90,221
03/30/2001,ELM,NY,AEA,EN,Towers with Radar,8,46,29,0,83,0,0,0,0,0,8,46,29,0,83,0,0,0,83
03/31/2001,ELM,NY,AEA,EN,Towers with Radar,9,41,11,0,61,0,1,1,0,2,9,42,12,0,63,36,0,36,99
04/01/2001,ELM,NY,AEA,EN,Towers with Radar,7,30,14,0,51,0,0,0,0,0,7,30,14,0,51,0,0,0,51
04/02/2001,ELM,NY,AEA,EN,Towers with Radar,8,44,29,0,81,0,0,1,0,1,8,44,30,0,82,0,0,0,82
04/03/2001,ELM,NY,AEA,EN,Towers with Radar,8,53,33,0,94,0,0,27,0,27,8,53,60,0,121,50,0,50,171
04/04/2001,ELM,NY,AEA,EN,Towers with Radar,8,45,37,0,90,0,1,46,0,47,8,46,83,0,137,54,0,54,191
04/05/2001,ELM,NY,AEA,EN,Towers with Radar,8,56,37,1,102,0,3,52,0,55,8,59,89,1,157,96,0,96,253
04/06/2001,ELM,NY,AEA,EN,Towers with Radar,8,57,31,0,96,0,0,3,0,3,8,57,34,0,99,2,0,2,101
04/07/2001,ELM,NY,AEA,EN,Towers with Radar,7,42,28,0,77,0,0,2,0,2,7,42,30,0,79,20,0,20,99
04/08/2001,ELM,NY,AEA,EN,Towers with Radar,6,28,32,0,66,0,0,20,0,20,6,28,52,0,86,24,0,24,110
04/09/2001,ELM,NY,AEA,EN,Towers with Radar,6,38,24,0,68,1,0,29,0,30,7,38,53,0,98,124,0,124,222
04/10/2001,ELM,NY,AEA,EN,Towers with Radar,9,55,32,0,96,0,1,27,0,28,9,56,59,0,124,74,0,74,198
04/11/2001,ELM,NY,AEA,EN,Towers with Radar,8,52,44,0,104,0,0,12,0,12,8,52,56,0,116,48,0,48,164
04/12/2001,ELM,NY,AEA,EN,Towers with Radar,8,46,52,0,106,0,0,21,0,21,8,46,73,0,127,76,0,76,203
04/13/2001,ELM,NY,AEA,EN,Towers with Radar,8,50,19,0,77,0,2,27,0,29,8,52,46,0,106,36,0,36,142
04/14/2001,ELM,NY,AEA,EN,Towers with Radar,7,42,6,0,55,0,1,44,0,45,7,43,50,0,100,36,0,36,136
04/15/2001,ELM,NY,AEA,EN,Towers with Radar,4,20,10,0,34,0,3,6,0,9,4,23,16,0,43,0,0,0,43
04/16/2001,ELM,NY,AEA,EN,Towers with Radar,8,40,30,0,78,0,0,13,0,13,8,40,43,0,91,66,0,66,157
04/17/2001,ELM,NY,AEA,EN,Towers with Radar,7,54,23,0,84,0,0,0,0,0,7,54,23,0,84,0,0,0,84
04/18/2001,ELM,NY,AEA,EN,Towers with Radar,8,52,14,0,74,0,0,11,0,11,8,52,25,0,85,30,0,30,115
04/19/2001,ELM,NY,AEA,EN,Towers with Radar,8,51,31,0,90,0,0,71,0,71,8,51,102,0,161,58,0,58,219
04/20/2001,ELM,NY,AEA,EN,Towers with Radar,8,49,34,0,91,0,0,26,0,26,8,49,60,0,117,134,0,134,251
04/21/2001,ELM,NY,AEA,EN,Towers with Radar,7,44,14,0,65,0,0,12,0,12,7,44,26,0,77,72,0,72,149
04/22/2001,ELM,NY,AEA,EN,Towers with Radar,7,23,15,0,45,0,0,21,0,21,7,23,36,0,66,48,0,48,114
04/23/2001,ELM,NY,AEA,EN,Towers with Radar,8,40,22,0,70,0,0,26,0,26,8,40,48,0,96,120,0,120,216
04/24/2001,ELM,NY,AEA,EN,Towers with Radar,8,44,42,6,100,0,1,19,0,20,8,45,61,6,120,118,0,118,238
04/25/2001,ELM,NY,AEA,EN,Towers with Radar,8,50,33,0,91,0,2,50,0,52,8,52,83,0,143,182,0,182,325
04/26/2001,ELM,NY,AEA,EN,Towers with Radar,8,50,42,0,100,0,3,60,0,63,8,53,102,0,163,40,2,42,205
04/27/2001,ELM,NY,AEA,EN,Towers with Radar,8,48,40,0,96,0,2,28,0,30,8,50,68,0,126,98,0,98,224
04/28/2001,ELM,NY,AEA,EN,Towers with Radar,6,43,17,0,66,0,2,86,0,88,6,45,103,0,154,36,0,36,190
04/29/2001,ELM,NY,AEA,EN,Towers with Radar,7,27,8,0,42,0,2,52,0,54,7,29,60,0,96,68,0,68,164
04/30/2001,ELM,NY,AEA,EN,Towers with Radar,8,38,22,0,68,0,0,37,0,37,8,38,59,0,105,198,0,198,303
05/01/2001,ELM,NY,AEA,EN,Towers with Radar,8,50,36,0,94,0,3,38,0,41,8,53,74,0,135,114,0,114,249
05/02/2001,ELM,NY,AEA,EN,Towers with Radar,8,48,38,0,94,0,5,39,0,44,8,53,77,0,138,92,14,106,244
05/03/2001,ELM,NY,AEA,EN,Towers with Radar,8,50,33,0,91,0,1,41,0,42,8,51,74,0,133,54,0,54,187
05/04/2001,ELM,NY,AEA,EN,Towers with Radar,8,49,35,0,92,0,1,33,0,34,8,50,68,0,126,150,0,150,276
05/05/2001,ELM,NY,AEA,EN,Towers with Radar,7,39,12,2,60,0,0,36,0,36,7,39,48,2,96,14,0,14,110
05/06/2001,ELM,NY,AEA,EN,Towers with Radar,7,25,13,0,45,0,0,57,0,57,7,25,70,0,102,46,0,46,148
05/07/2001,ELM,NY,AEA,EN,Towers with Radar,8,42,30,0,80,0,2,30,0,32,8,44,60,0,112,90,0,90,202
05/08/2001,ELM,NY,AEA,EN,Towers with Radar,8,52,30,0,90,0,3,34,0,37,8,55,64,0,127,76,0,76,203
05/09/2001,ELM,NY,AEA,EN,Towers with Radar,8,54,58,0,120,0,1,47,0,48,8,55,105,0,168,112,0,112,280
05/10/2001,ELM,NY,AEA,EN,Towers with Radar,8,49,29,0,86,0,3,60,0,63,8,52,89,0,149,32,0,32,181
05/11/2001,ELM,NY,AEA,EN,Towers with Radar,8,51,30,0,89,0,2,24,0,26,8,53,54,0,115,60,0,60,175
05/12/2001,ELM,NY,AEA,EN,Towers with Radar,7,40,15,0,62,0,0,3,0,3,7,40,18,0,65,0,0,0,65
05/13/2001,ELM,NY,AEA,EN,Towers with Radar,7,25,17,0,49,0,0,35,0,35,7,25,52,0,84,60,0,60,144
05/14/2001,ELM,NY,AEA,EN,Towers with Radar,9,43,32,6,90,0,1,45,0,46,9,44,77,6,136,66,8,74,210
05/15/2001,ELM,NY,AEA,EN,Towers with Radar,7,53,27,0,87,0,2,37,0,39,7,55,64,0,126,62,0,62,188
05/16/2001,ELM,NY,AEA,EN,Towers with Radar,8,53,28,0,89,0,0,67,0,67,8,53,95,0,156,136,0,136,292
05/17/2001,ELM,NY,AEA,EN,Towers with Radar,9,53,47,0,109,0,0,15,0,15,9,53,62,0,124,82,0,82,206
05/18/2001,ELM,NY,AEA,EN,Towers with Radar,7,54,30,6,97,0,0,1,0,1,7,54,31,6,98,92,0,92,190
05/19/2001,ELM,NY,AEA,EN,Towers with Radar,8,46,12,0,66,0,0,47,0,47,8,46,59,0,113,162,0,162,275
05/20/2001,ELM,NY,AEA,EN,Towers with Radar,7,29,28,0,64,0,0,42,0,42,7,29,70,0,106,100,0,100,206
05/21/2001,ELM,NY,AEA,EN,Towers with Radar,7,45,45,0,97,0,0,9,0,9,7,45,54,0,106,102,0,102,208
05/22/2001,ELM,NY,AEA,EN,Towers with Radar,8,52,45,0,105,0,0,5,0,5,8,52,50,0,110,20,0,20,130
05/23/2001,ELM,NY,AEA,EN,Towers with Radar,8,55,28,0,91,1,16,9,0,26,9,71,37,0,117,80,0,80,197
05/24/2001,ELM,NY,AEA,EN,Towers with Radar,9,45,37,2,93,0,1,20,0,21,9,46,57,2,114,48,22,70,184
05/25/2001,ELM,NY,AEA,EN,Towers with Radar,8,50,30,0,88,0,0,21,0,21,8,50,51,0,109,56,0,56,165
05/26/2001,ELM,NY,AEA,EN,Towers with Radar,6,48,29,0,83,0,0,3,0,3,6,48,32,0,86,0,0,0,86
05/27/2001,ELM,NY,AEA,EN,Towers with Radar,7,23,21,0,51,0,0,24,0,24,7,23,45,0,75,64,0,64,139
05/28/2001,ELM,NY,AEA,EN,Towers with Radar,8,30,20,0,58,0,0,18,8,26,8,30,38,8,84,14,0,14,98
05/29/2001,ELM,NY,AEA,EN,Towers with Radar,9,39,48,0,96,0,0,29,1,30,9,39,77,1,126,60,2,62,188
05/30/2001,ELM,NY,AEA,EN,Towers with Radar,8,52,44,0,104,0,1,28,0,29,8,53,72,0,133,28,0,28,161
05/31/2001,ELM,NY,AEA,EN,Towers with Radar,8,52,43,0,103,0,5,58,0,63,8,57,101,0,166,90,0,90,256
06/01/2001,ELM,NY,AEA,EN,Towers with Radar,8,48,30,0,86,0,2,7,0,9,8,50,37,0,95,96,0,96,191
06/02/2001,ELM,NY,AEA,EN,Towers with Radar,7,43,17,0,67,0,0,20,0,20,7,43,37,0,87,82,0,82,169
06/03/2001,ELM,NY,AEA,EN,Towers with Radar,7,25,21,0,53,0,0,7,0,7,7,25,28,0,60,8,0,8,68
06/04/2001,ELM,NY,AEA,EN,Towers with Radar,8,40,45,0,93,0,1,24,0,25,8,41,69,0,118,48,0,48,166
06/05/2001,ELM,NY,AEA,EN,Towers with Radar,8,53,43,0,104,0,1,30,2,33,8,54,73,2,137,112,0,112,249
06/06/2001,ELM,NY,AEA,EN,Towers with Radar,8,49,35,0,92,0,2,36,0,38,8,51,71,0,130,142,0,142,272
06/07/2001,ELM,NY,AEA,EN,Towers with Radar,8,51,46,0,105,0,2,48,0,50,8,53,94,0,155,168,0,168,323
06/08/2001,ELM,NY,AEA,EN,Towers with Radar,8,51,24,0,83,0,3,46,0,49,8,54,70,0,132,130,0,130,262
06/09/2001,ELM,NY,AEA,EN,Towers with Radar,7,36,14,0,57,0,2,46,0,48,7,38,60,0,105,116,0,116,221
06/10/2001,ELM,NY,AEA,EN,Towers with Radar,6,23,11,0,40,0,0,106,0,106,6,23,117,0,146,100,0,100,246
06/11/2001,ELM,NY,AEA,EN,Towers with Radar,8,42,28,0,78,0,0,11,0,11,8,42,39,0,89,46,0,46,135
06/12/2001,ELM,NY,AEA,EN,Towers with Radar,8,46,48,0,102,0,0,29,0,29,8,46,77,0,131,78,0,78,209
06/13/2001,ELM,NY,AEA,EN,Towers with Radar,9,50,26,0,85,0,0,25,0,25,9,50,51,0,110,166,0,166,276
06/14/2001,ELM,NY,AEA,EN,Towers with Radar,7,50,29,0,86,0,0,45,0,45,7,50,74,0,131,130,0,130,261
06/15/2001,ELM,NY,AEA,EN,Towers with Radar,8,49,47,0,104,0,0,51,0,51,8,49,98,0,155,162,0,162,317
06/16/2001,ELM,NY,AEA,EN,Towers with Radar,6,38,6,2,52,0,0,13,2,15,6,38,19,4,67,68,0,68,135
06/17/2001,ELM,NY,AEA,EN,Towers with Radar,8,31,10,0,49,0,0,42,0,42,8,31,52,0,91,154,0,154,245
06/18/2001,ELM,NY,AEA,EN,Towers with Radar,8,39,52,3,102,0,2,47,2,51,8,41,99,5,153,168,6,174,327
06/19/2001,ELM,NY,AEA,EN,Towers with Radar,10,49,36,0,95,0,2,30,0,32,10,51,66,0,127,92,0,92,219
06/20/2001,ELM,NY,AEA,EN,Towers with Radar,8,44,42,0,94,0,1,30,0,31,8,45,72,0,125,128,0,128,253
06/21/2001,ELM,NY,AEA,EN,Towers with Radar,6,47,51,0,104,0,1,9,0,10,6,48,60,0,114,0,0,0,114
06/22/2001,ELM,NY,AEA,EN,Towers with Radar,9,48,43,0,100,0,0,4,0,4,9,48,47,0,104,0,0,0,104
06/23/2001,ELM,NY,AEA,EN,Towers with Radar,6,35,17,0,58,0,0,0,0,0,6,35,17,0,58,0,0,0,58
06/24/2001,ELM,NY,AEA,EN,Towers with Radar,7,29,21,0,57,0,0,35,0,35,7,29,56,0,92,102,0,102,194
06/25/2001,ELM,NY,AEA,EN,Towers with Radar,9,40,32,0,81,0,0,51,1,52,9,40,83,1,133,92,0,92,225
06/26/2001,ELM,NY,AEA,EN,Towers with Radar,8,48,30,1,87,0,2,58,4,64,8,50,88,5,151,114,0,114,265
06/27/2001,ELM,NY,AEA,EN,Towers with Radar,8,50,45,0,103,0,1,53,0,54,8,51,98,0,157,102,0,102,259
06/28/2001,ELM,NY,AEA,EN,Towers with Radar,7,55,45,1,108,0,0,61,2,63,7,55,106,3,171,160,20,180,351
06/29/2001,ELM,NY,AEA,EN,Towers with Radar,8,45,49,6,108,0,0,108,36,144,8,45,157,42,252,202,106,308,560
06/30/2001,ELM,NY,AEA,EN,Towers with Radar,7,43,17,0,67,0,0,39,1,40,7,43,56,1,107,130,20,150,257
07/01/2001,ELM,NY,AEA,EN,Towers with Radar,7,23,12,8,50,0,0,63,0,63,7,23,75,8,113,8,2,10,123
07/02/2001,ELM,NY,AEA,EN,Towers with Radar,6,32,38,2,78,0,3,45,6,54,6,35,83,8,132,96,0,96,228
07/03/2001,ELM,NY,AEA,EN,Towers with Radar,6,49,34,6,95,0,1,42,0,43,6,50,76,6,138,58,0,58,196
07/04/2001,ELM,NY,AEA,EN,Towers with Radar,6,30,9,0,45,0,0,67,0,67,6,30,76,0,112,98,0,98,210
07/05/2001,ELM,NY,AEA,EN,Towers with Radar,7,35,30,0,72,0,0,22,0,22,7,35,52,0,94,30,0,30,124
07/06/2001,ELM,NY,AEA,EN,Towers with Radar,6,54,49,0,109,0,3,58,0,61,6,57,107,0,170,110,0,110,280
07/07/2001,ELM,NY,AEA,EN,Towers with Radar,6,37,22,0,65,0,1,71,0,72,6,38,93,0,137,64,0,64,201
07/08/2001,ELM,NY,AEA,EN,Towers with Radar,7,33,65,1,106,0,0,20,0,20,7,33,85,1,126,6,0,6,132
07/09/2001,ELM,NY,AEA,EN,Towers with Radar,8,36,31,0,75,0,0,50,0,50,8,36,81,0,125,170,0,170,295
07/10/2001,ELM,NY,AEA,EN,Towers with Radar,8,49,22,0,79,0,0,38,0,38,8,49,60,0,117,148,0,148,265
07/11/2001,ELM,NY,AEA,EN,Towers with Radar,7,47,41,1,96,0,2,41,2,45,7,49,82,3,141,110,0,110,251
07/12/2001,ELM,NY,AEA,EN,Towers with Radar,8,51,24,0,83,0,0,54,0,54,8,51,78,0,137,190,0,190,327
07/13/2001,ELM,NY,AEA,EN,Towers with Radar,8,53,32,0,93,0,1,40,0,41,8,54,72,0,134,134,0,134,268
07/14/2001,ELM,NY,AEA,EN,Towers with Radar,7,36,21,0,64,0,0,49,0,49,7,36,70,0,113,104,0,104,217
07/15/2001,ELM,NY,AEA,EN,Towers with Radar,7,30,17,0,54,0,0,52,0,52,7,30,69,0,106,114,0,114,220
07/16/2001,ELM,NY,AEA,EN,Towers with Radar,9,44,20,0,73,0,2,30,0,32,9,46,50,0,105,94,0,94,199
07/17/2001,ELM,NY,AEA,EN,Towers with Radar,8,61,26,0,95,0,0,9,0,9,8,61,35,0,104,72,0,72,176
07/18/2001,ELM,NY,AEA,EN,Towers with Radar,8,53,48,0,109,0,0,57,0,57,8,53,105,0,166,152,0,152,318
07/19/2001,ELM,NY,AEA,EN,Towers with Radar,8,57,35,0,100,0,4,45,0,49,8,61,80,0,149,282,0,282,431
07/20/2001,ELM,NY,AEA,EN,Towers with Radar,7,57,30,0,94,0,0,41,0,41,7,57,71,0,135,186,0,186,321
07/21/2001,ELM,NY,AEA,EN,Towers with Radar,9,34,17,0,60,0,0,74,0,74,9,34,91,0,134,78,0,78,212
07/22/2001,ELM,NY,AEA,EN,Towers with Radar,8,30,23,0,61,0,0,53,0,53,8,30,76,0,114,84,0,84,198
07/23/2001,ELM,NY,AEA,EN,Towers with Radar,8,50,40,0,98,0,2,32,0,34,8,52,72,0,132,82,0,82,214
07/24/2001,ELM,NY,AEA,EN,Towers with Radar,8,52,29,0,89,0,0,18,0,18,8,52,47,0,107,102,0,102,209
07/25/2001,ELM,NY,AEA,EN,Towers with Radar,8,55,41,0,104,0,0,64,0,64,8,55,105,0,168,240,0,240,408
07/26/2001,ELM,NY,AEA,EN,Towers with Radar,8,54,53,4,119,0,2,37,4,43,8,56,90,8,162,210,6,216,378
07/27/2001,ELM,NY,AEA,EN,Towers with Radar,8,57,29,0,94,0,1,74,0,75,8,58,103,0,169,264,0,264,433
07/28/2001,ELM,NY,AEA,EN,Towers with Radar,7,38,10,0,55,0,4,64,0,68,7,42,74,0,123,66,0,66,189
07/29/2001,ELM,NY,AEA,EN,Towers with Radar,7,27,22,0,56,0,0,27,0,27,7,27,49,0,83,76,0,76,159
07/30/2001,ELM,NY,AEA,EN,Towers with Radar,8,44,35,0,87,0,0,29,0,29,8,44,64,0,116,64,0,64,180
07/31/2001,ELM,NY,AEA,EN,Towers with Radar,8,61,55,0,124,0,0,32,0,32,8,61,87,0,156,118,0,118,274
08/01/2001,ELM,NY,AEA,EN,Towers with Radar,7,50,28,1,86,0,5,38,0,43,7,55,66,1,129,100,0,100,229
08/02/2001,ELM,NY,AEA,EN,Towers with Radar,8,56,23,0,87,0,3,29,0,32,8,59,52,0,119,104,0,104,223
08/03/2001,ELM,NY,AEA,EN,Towers with Radar,8,58,24,0,90,0,0,13,0,13,8,58,37,0,103,38,0,38,141
08/04/2001,ELM,NY,AEA,EN,Towers with Radar,7,39,23,0,69,0,0,41,0,41,7,39,64,0,110,206,0,206,316
08/05/2001,ELM,NY,AEA,EN,Towers with Radar,7,25,13,0,45,0,0,64,0,64,7,25,77,0,109,152,0,152,261
08/06/2001,ELM,NY,AEA,EN,Towers with Radar,8,45,23,0,76,0,0,46,0,46,8,45,69,0,122,126,0,126,248
08/07/2001,ELM,NY,AEA,EN,Towers with Radar,8,61,18,0,87,0,0,23,0,23,8,61,41,0,110,110,0,110,220
08/08/2001,ELM,NY,AEA,EN,Towers with Radar,8,55,30,0,93,0,0,75,0,75,8,55,105,0,168,118,0,118,286
08/09/2001,ELM,NY,AEA,EN,Towers with Radar,7,65,73,0,145,0,4,51,0,55,7,69,124,0,200,56,0,56,256
08/10/2001,ELM,NY,AEA,EN,Towers with Radar,9,50,51,0,110,0,1,14,0,15,9,51,65,0,125,66,0,66,191
08/11/2001,ELM,NY,AEA,EN,Towers with Radar,7,39,30,0,76,0,3,71,1,75,7,42,101,1,151,144,0,144,295
08/12/2001,ELM,NY,AEA,EN,Towers with Radar,8,30,85,4,127,0,0,65,0,65,8,30,150,4,192,50,0,50,242
08/13/2001,ELM,NY,AEA,EN,Towers with Radar,8,29,38,3,78,0,0,42,0,42,8,29,80,3,120,70,0,70,190
08/14/2001,ELM,NY,AEA,EN,Towers with Radar,7,45,34,0,86,0,0,48,0,48,7,45,82,0,134,182,0,182,316
08/15/2001,ELM,NY,AEA,EN,Towers with Radar,8,38,21,1,68,0,2,42,0,44,8,40,63,1,112,128,0,128,240
08/16/2001,ELM,NY,AEA,EN,Towers with Radar,8,41,30,2,81,0,0,21,0,21,8,41,51,2,102,74,0,74,176
08/17/2001,ELM,NY,AEA,EN,Towers with Radar,8,33,28,0,69,0,0,17,0,17,8,33,45,0,86,100,0,100,186
08/18/2001,ELM,NY,AEA,EN,Towers with Radar,7,33,16,0,56,0,2,34,0,36,7,35,50,0,92,76,0,76,168
08/19/2001,ELM,NY,AEA,EN,Towers with Radar,7,23,10,0,40,0,0,44,0,44,7,23,54,0,84,92,0,92,176
08/20/2001,ELM,NY,AEA,EN,Towers with Radar,8,29,43,0,80,0,0,17,0,17,8,29,60,0,97,120,0,120,217
08/21/2001,ELM,NY,AEA,EN,Towers with Radar,8,38,19,0,65,0,0,16,0,16,8,38,35,0,81,222,0,222,303
08/22/2001,ELM,NY,AEA,EN,Towers with Radar,8,38,33,4,83,0,0,71,0,71,8,38,104,4,154,258,0,258,412
08/23/2001,ELM,NY,AEA,EN,Towers with Radar,8,42,40,0,90,0,0,10,0,10,8,42,50,0,100,0,0,0,100
08/24/2001,ELM,NY,AEA,EN,Towers with Radar,9,44,46,0,99,0,1,44,0,45,9,45,90,0,144,162,0,162,306
08/25/2001,ELM,NY,AEA,EN,Towers with Radar,5,33,11,0,49,0,1,62,0,63,5,34,73,0,112,132,0,132,244
08/26/2001,ELM,NY,AEA,EN,Towers with Radar,7,26,32,0,65,0,0,17,0,17,7,26,49,0,82,40,0,40,122
08/27/2001,ELM,NY,AEA,EN,Towers with Radar,8,25,25,0,58,0,0,35,0,35,8,25,60,0,93,192,0,192,285
08/28/2001,ELM,NY,AEA,EN,Towers with Radar,8,35,25,3,71,0,0,15,0,15,8,35,40,3,86,92,10,102,188
08/29/2001,ELM,NY,AEA,EN,Towers with Radar,8,39,38,0,85,0,1,74,0,75,8,40,112,0,160,220,0,220,380
08/30/2001,ELM,NY,AEA,EN,Towers with Radar,7,41,32,0,80,1,1,42,0,44,8,42,74,0,124,196,0,196,320
08/31/2001,ELM,NY,AEA,EN,Towers with Radar,7,36,28,0,71,1,0,8,0,9,8,36,36,0,80,78,0,78,158
09/01/2001,ELM,NY,AEA,EN,Towers with Radar,5,31,28,0,64,1,0,43,0,44,6,31,71,0,108,96,0,96,204
09/02/2001,ELM,NY,AEA,EN,Towers with Radar,5,22,22,0,49,1,0,65,0,66,6,22,87,0,115,136,0,136,251
09/03/2001,ELM,NY,AEA,EN,Towers with Radar,6,21,7,0,34,1,0,48,8,57,7,21,55,8,91,40,4,44,135
09/04/2001,ELM,NY,AEA,EN,Towers with Radar,8,30,25,0,63,0,0,16,0,16,8,30,41,0,79,22,0,22,101
09/05/2001,ELM,NY,AEA,EN,Towers with Radar,8,43,32,0,83,0,0,48,0,48,8,43,80,0,131,110,0,110,241
09/06/2001,ELM,NY,AEA,EN,Towers with Radar,8,34,35,0,77,0,0,44,0,44,8,34,79,0,121,114,0,114,235
09/07/2001,ELM,NY,AEA,EN,Towers with Radar,8,37,34,0,79,0,0,50,0,50,8,37,84,0,129,120,0,120,249
09/08/2001,ELM,NY,AEA,EN,Towers with Radar,5,36,14,0,55,0,0,45,0,45,5,36,59,0,100,136,0,136,236
09/09/2001,ELM,NY,AEA,EN,Towers with Radar,0,40,10,0,50,0,0,44,0,44,0,40,54,0,94,102,0,102,196
09/10/2001,ELM,NY,AEA,EN,Towers with Radar,0,30,43,1,74,0,1,13,0,14,0,31,56,1,88,52,0,52,140
09/11/2001,ELM,NY,AEA,EN,Towers with Radar,0,17,9,12,38,0,0,7,0,7,0,17,16,12,45,0,14,14,59
09/12/2001,ELM,NY,AEA,EN,Towers with Radar,0,0,3,0,3,0,0,1,0,1,0,0,4,0,4,0,0,0,4
09/13/2001,ELM,NY,AEA,EN,Towers with Radar,0,4,0,0,4,0,0,1,0,1,0,4,1,0,5,0,0,0,5
09/14/2001,ELM,NY,AEA,EN,Towers with Radar,0,34,3,2,39,0,0,2,0,2,0,34,5,2,41,0,0,0,41
09/15/2001,ELM,NY,AEA,EN,Towers with Radar,0,34,11,0,45,0,8,0,5,13,0,42,11,5,58,0,6,6,64
09/16/2001,ELM,NY,AEA,EN,Towers with Radar,0,36,19,0,55,0,1,0,0,1,0,37,19,0,56,0,0,0,56
09/17/2001,ELM,NY,AEA,EN,Towers with Radar,0,37,27,5,69,0,0,1,0,1,0,37,28,5,70,0,12,12,82
09/18/2001,ELM,NY,AEA,EN,Towers with Radar,0,44,23,0,67,0,0,1,0,1,0,44,24,0,68,0,0,0,68
09/19/2001,ELM,NY,AEA,EN,Towers with Radar,0,47,25,0,72,0,0,1,0,1,0,47,26,0,73,0,0,0,73
09/20/2001,ELM,NY,AEA,EN,Towers with Radar,0,45,16,0,61,0,0,21,0,21,0,45,37,0,82,0,0,0,82
09/21/2001,ELM,NY,AEA,EN,Towers with Radar,0,39,14,0,53,0,0,30,0,30,0,39,44,0,83,0,0,0,83
09/22/2001,ELM,NY,AEA,EN,Towers with Radar,0,45,22,0,67,0,0,22,0,22,0,45,44,0,89,40,0,40,129
09/23/2001,ELM,NY,AEA,EN,Towers with Radar,0,22,18,0,40,0,0,39,0,39,0,22,57,0,79,58,0,58,137
09/24/2001,ELM,NY,AEA,EN,Towers with Radar,0,35,35,0,70,0,0,5,0,5,0,35,40,0,75,26,0,26,101
09/25/2001,ELM,NY,AEA,EN,Towers with Radar,0,44,32,0,76,0,0,4,0,4,0,44,36,0,80,0,0,0,80
09/26/2001,ELM,NY,AEA,EN,Towers with Radar,0,39,27,0,66,0,1,12,2,15,0,40,39,2,81,60,0,60,141
09/27/2001,ELM,NY,AEA,EN,Towers with Radar,0,44,30,0,74,0,0,5,0,5,0,44,35,0,79,42,0,42,121
09/28/2001,ELM,NY,AEA,EN,Towers with Radar,0,32,34,0,66,0,0,10,0,10,0,32,44,0,76,90,0,90,166
09/29/2001,ELM,NY,AEA,EN,Towers with Radar,0,34,12,0,46,0,1,24,0,25,0,35,36,0,71,50,0,50,121
09/30/2001,ELM,NY,AEA,EN,Towers with Radar,0,19,15,0,34,0,0,46,0,46,0,19,61,0,80,112,0,112,192
10/01/2001,ELM,NY,AEA,EN,Towers with Radar,0,33,28,0,61,0,0,36,0,36,0,33,64,0,97,122,0,122,219
10/02/2001,ELM,NY,AEA,EN,Towers with Radar,0,44,36,0,80,0,2,44,0,46,0,46,80,0,126,88,0,88,214
10/03/2001,ELM,NY,AEA,EN,Towers with Radar,0,35,32,2,69,0,2,28,0,30,0,37,60,2,99,66,0,66,165
10/04/2001,ELM,NY,AEA,EN,Towers with Radar,0,34,30,0,64,0,1,20,0,21,0,35,50,0,85,174,0,174,259
10/05/2001,ELM,NY,AEA,EN,Towers with Radar,0,40,40,0,80,0,0,21,0,21,0,40,61,0,101,88,0,88,189
10/06/2001,ELM,NY,AEA,EN,Towers with Radar,0,33,3,0,36,0,0,5,0,5,0,33,8,0,41,16,0,16,57
10/07/2001,ELM,NY,AEA,EN,Towers with Radar,0,29,16,0,45,0,0,11,0,11,0,29,27,0,56,24,0,24,80
10/08/2001,ELM,NY,AEA,EN,Towers with Radar,0,33,18,0,51,0,0,46,0,46,0,33,64,0,97,116,0,116,213
10/09/2001,ELM,NY,AEA,EN,Towers with Radar,0,36,34,0,70,0,0,41,0,41,0,36,75,0,111,54,0,54,165
10/10/2001,ELM,NY,AEA,EN,Towers with Radar,0,39,30,8,77,0,1,35,0,36,0,40,65,8,113,94,14,108,221
10/11/2001,ELM,NY,AEA,EN,Towers with Radar,0,40,32,2,74,0,0,55,0,55,0,40,87,2,129,84,0,84,213
10/12/2001,ELM,NY,AEA,EN,Towers with Radar,0,31,30,4,65,0,0,13,2,15,0,31,43,6,80,70,8,78,158
10/13/2001,ELM,NY,AEA,EN,Towers with Radar,0,31,10,0,41,0,0,55,0,55,0,31,65,0,96,6,0,6,102
10/14/2001,ELM,NY,AEA,EN,Towers with Radar,0,21,11,0,32,0,0,0,0,0,0,21,11,0,32,2,0,2,34
10/15/2001,ELM,NY,AEA,EN,Towers with Radar,0,25,25,0,50,0,1,31,0,32,0,26,56,0,82,96,0,96,178
10/16/2001,ELM,NY,AEA,EN,Towers with Radar,0,38,19,0,57,0,0,23,0,23,0,38,42,0,80,22,0,22,102
10/17/2001,ELM,NY,AEA,EN,Towers with Radar,0,34,26,0,60,0,0,14,0,14,0,34,40,0,74,12,0,12,86
10/18/2001,ELM,NY,AEA,EN,Towers with Radar,0,39,33,2,74,0,3,71,0,74,0,42,104,2,148,100,8,108,256
10/19/2001,ELM,NY,AEA,EN,Towers with Radar,0,30,26,0,56,0,0,96,0,96,0,30,122,0,152,58,0,58,210
10/20/2001,ELM,NY,AEA,EN,Towers with Radar,0,33,26,0,59,0,0,47,0,47,0,33,73,0,106,20,0,20,126
10/21/2001,ELM,NY,AEA,EN,Towers with Radar,0,25,18,0,43,0,0,31,0,31,0,25,49,0,74,50,0,50,124
10/22/2001,ELM,NY,AEA,EN,Towers with Radar,0,27,30,0,57,0,0,24,0,24,0,27,54,0,81,48,0,48,129
10/23/2001,ELM,NY,AEA,EN,Towers with Radar,0,39,19,0,58,0,0,12,0,12,0,39,31,0,70,64,0,64,134
10/24/2001,ELM,NY,AEA,EN,Towers with Radar,0,34,22,2,58,0,0,21,0,21,0,34,43,2,79,88,0,88,167
10/25/2001,ELM,NY,AEA,EN,Towers with Radar,0,40,21,0,61,0,0,3,0,3,0,40,24,0,64,0,0,0,64
10/26/2001,ELM,NY,AEA,EN,Towers with Radar,0,33,30,0,63,0,0,5,0,5,0,33,35,0,68,14,0,14,82
10/27/2001,ELM,NY,AEA,EN,Towers with Radar,0,31,5,0,36,0,0,1,0,1,0,31,6,0,37,42,0,42,79
10/28/2001,ELM,NY,AEA,EN,Towers with Radar,0,23,11,0,34,0,0,15,0,15,0,23,26,0,49,42,0,42,91
10/29/2001,ELM,NY,AEA,EN,Towers with Radar,0,30,22,0,52,0,0,38,0,38,0,30,60,0,90,44,0,44,134
10/30/2001,ELM,NY,AEA,EN,Towers with Radar,0,21,20,0,41,0,0,41,0,41,0,21,61,0,82,56,0,56,138
10/31/2001,ELM,NY,AEA,EN,Towers with Radar,0,36,24,0,60,0,0,10,0,10,0,36,34,0,70,14,0,14,84
11/01/2001,ELM,NY,AEA,EN,Towers with Radar,0,39,30,0,69,0,1,27,0,28,0,40,57,0,97,54,0,54,151
11/02/2001,ELM,NY,AEA,EN,Towers with Radar,0,34,27,0,61,0,2,19,0,21,0,36,46,0,82,4,0,4,86
11/03/2001,ELM,NY,AEA,EN,Towers with Radar,0,33,13,0,46,0,4,22,0,26,0,37,35,0,72,48,0,48,120
11/04/2001,ELM,NY,AEA,EN,Towers with Radar,0,21,16,1,38,0,0,38,0,38,0,21,54,1,76,22,2,24,100
11/05/2001,ELM,NY,AEA,EN,Towers with Radar,0,32,16,0,48,0,0,3,0,3,0,32,19,0,51,18,0,18,69
11/06/2001,ELM,NY,AEA,EN,Towers with Radar,0,37,26,0,63,0,0,29,0,29,0,37,55,0,92,104,0,104,196
11/07/2001,ELM,NY,AEA,EN,Towers with Radar,0,39,18,0,57,0,0,13,0,13,0,39,31,0,70,64,0,64,134
11/08/2001,ELM,NY,AEA,EN,Towers with Radar,0,34,24,0,58,0,0,45,0,45,0,34,69,0,103,68,0,68,171
11/09/2001,ELM,NY,AEA,EN,Towers with Radar,0,30,37,0,67,0,0,19,0,19,0,30,56,0,86,30,0,30,116
11/10/2001,ELM,NY,AEA,EN,Towers with Radar,0,31,6,0,37,0,1,37,0,38,0,32,43,0,75,86,0,86,161
11/11/2001,ELM,NY,AEA,EN,Towers with Radar,0,24,11,0,35,0,0,9,0,9,0,24,20,0,44,30,0,30,74
11/12/2001,ELM,NY,AEA,EN,Towers with Radar,0,26,13,0,39,0,0,25,0,25,0,26,38,0,64,14,0,14,78
11/13/2001,ELM,NY,AEA,EN,Towers with Radar,0,39,28,4,71,0,0,35,0,35,0,39,63,4,106,50,4,54,160
11/14/2001,ELM,NY,AEA,EN,Towers with Radar,0,34,24,0,58,0,2,30,0,32,0,36,54,0,90,42,0,42,132
11/15/2001,ELM,NY,AEA,EN,Towers with Radar,0,42,25,0,67,0,0,29,0,29,0,42,54,0,96,60,0,60,156
11/16/2001,ELM,NY,AEA,EN,Towers with Radar,0,39,30,2,71,0,6,16,0,22,0,45,46,2,93,26,0,26,119
11/17/2001,ELM,NY,AEA,EN,Towers with Radar,0,27,8,0,35,0,2,66,0,68,0,29,74,0,103,110,0,110,213
11/18/2001,ELM,NY,AEA,EN,Towers with Radar,0,18,14,0,32,0,0,49,6,55,0,18,63,6,87,66,0,66,153
11/19/2001,ELM,NY,AEA,EN,Towers with Radar,0,26,18,0,44,0,0,14,0,14,0,26,32,0,58,36,0,36,94
11/20/2001,ELM,NY,AEA,EN,Towers with Radar,0,37,18,0,55,0,1,4,0,5,0,38,22,0,60,4,0,4,64
11/21/2001,ELM,NY,AEA,EN,Towers with Radar,0,35,50,0,85,0,0,34,2,36,0,35,84,2,121,52,0,52,173
11/22/2001,ELM,NY,AEA,EN,Towers with Radar,0,28,8,0,36,0,1,22,0,23,0,29,30,0,59,36,0,36,95
11/23/2001,ELM,NY,AEA,EN,Towers with Radar,0,23,15,0,38,0,0,33,0,33,0,23,48,0,71,94,0,94,165
11/24/2001,ELM,NY,AEA,EN,Towers with Radar,0,32,13,0,45,0,0,15,0,15,0,32,28,0,60,18,0,18,78
11/25/2001,ELM,NY,AEA,EN,Towers with Radar,0,20,15,0,35,0,0,0,0,0,0,20,15,0,35,14,0,14,49
11/26/2001,ELM,NY,AEA,EN,Towers with Radar,0,36,24,0,60,0,0,11,0,11,0,36,35,0,71,44,0,44,115
11/27/2001,ELM,NY,AEA,EN,Towers with Radar,0,35,20,0,55,0,0,4,0,4,0,35,24,0,59,48,0,48,107
11/28/2001,ELM,NY,AEA,EN,Towers with Radar,0,28,24,0,52,0,0,0,0,0,0,28,24,0,52,4,0,4,56
11/29/2001,ELM,NY,AEA,EN,Towers with Radar,0,36,36,2,74,0,0,1,0,1,0,36,37,2,75,24,0,24,99
11/30/2001,ELM,NY,AEA,EN,Towers with Radar,0,31,29,0,60,0,0,2,0,2,0,31,31,0,62,40,0,40,102
12/01/2001,ELM,NY,AEA,EN,Towers with Radar,0,33,8,0,41,0,0,14,0,14,0,33,22,0,55,54,0,54,109
12/02/2001,ELM,NY,AEA,EN,Towers with Radar,0,19,17,0,36,0,0,26,0,26,0,19,43,0,62,60,0,60,122
12/03/2001,ELM,NY,AEA,EN,Towers with Radar,0,27,24,0,51,0,0,27,0,27,0,27,51,0,78,60,0,60,138
12/04/2001,ELM,NY,AEA,EN,Towers with Radar,0,35,34,0,69,0,0,57,0,57,0,35,91,0,126,38,0,38,164
12/05/2001,ELM,NY,AEA,EN,Towers with Radar,0,34,27,0,61,0,0,47,0,47,0,34,74,0,108,66,0,66,174
12/06/2001,ELM,NY,AEA,EN,Towers with Radar,0,33,30,0,63,0,1,14,0,15,0,34,44,0,78,16,0,16,94
12/07/2001,ELM,NY,AEA,EN,Towers with Radar,0,33,42,0,75,0,0,43,0,43,0,33,85,0,118,88,0,88,206
12/08/2001,ELM,NY,AEA,EN,Towers with Radar,0,31,5,0,36,0,1,14,0,15,0,32,19,0,51,24,0,24,75
12/09/2001,ELM,NY,AEA,EN,Towers with Radar,0,23,14,0,37,0,1,3,0,4,0,24,17,0,41,0,0,0,41
12/10/2001,ELM,NY,AEA,EN,Towers with Radar,0,26,27,0,53,0,0,16,0,16,0,26,43,0,69,40,0,40,109
12/11/2001,ELM,NY,AEA,EN,Towers with Radar,0,40,39,0,79,0,0,37,0,37,0,40,76,0,116,88,0,88,204
12/12/2001,ELM,NY,AEA,EN,Towers with Radar,0,30,35,0,65,0,5,19,0,24,0,35,54,0,89,26,0,26,115
12/13/2001,ELM,NY,AEA,EN,Towers with Radar,0,46,38,0,84,0,0,6,0,6,0,46,44,0,90,76,0,76,166
12/14/2001,ELM,NY,AEA,EN,Towers with Radar,0,31,35,0,66,0,0,3,0,3,0,31,38,0,69,8,0,8,77
12/15/2001,ELM,NY,AEA,EN,Towers with Radar,0,35,12,0,47,0,0,9,0,9,0,35,21,0,56,24,0,24,80
12/16/2001,ELM,NY,AEA,EN,Towers with Radar,0,21,19,0,40,0,0,27,0,27,0,21,46,0,67,24,0,24,91
12/17/2001,ELM,NY,AEA,EN,Towers with Radar,0,28,24,0,52,0,0,0,0,0,0,28,24,0,52,0,0,0,52
12/18/2001,ELM,NY,AEA,EN,Towers with Radar,0,40,19,0,59,0,0,3,0,3,0,40,22,0,62,10,0,10,72
12/19/2001,ELM,NY,AEA,EN,Towers with Radar,0,48,22,0,70,0,0,16,0,16,0,48,38,0,86,48,0,48,134
12/20/2001,ELM,NY,AEA,EN,Towers with Radar,0,43,32,0,75,0,0,1,0,1,0,43,33,0,76,0,0,0,76
12/21/2001,ELM,NY,AEA,EN,Towers with Radar,0,38,21,0,59,0,0,3,0,3,0,38,24,0,62,38,0,38,100
12/22/2001,ELM,NY,AEA,EN,Towers with Radar,0,37,17,0,54,0,0,35,0,35,0,37,52,0,89,102,0,102,191
12/23/2001,ELM,NY,AEA,EN,Towers with Radar,0,17,20,0,37,0,0,6,0,6,0,17,26,0,43,0,0,0,43
12/24/2001,ELM,NY,AEA,EN,Towers with Radar,0,27,5,0,32,0,0,6,0,6,0,27,11,0,38,22,0,22,60
12/25/2001,ELM,NY,AEA,EN,Towers with Radar,0,25,1,0,26,0,0,4,0,4,0,25,5,0,30,14,0,14,44
12/26/2001,ELM,NY,AEA,EN,Towers with Radar,0,31,4,0,35,0,0,16,0,16,0,31,20,0,51,24,0,24,75
12/27/2001,ELM,NY,AEA,EN,Towers with Radar,0,34,14,0,48,0,0,19,0,19,0,34,33,0,67,14,0,14,81
12/28/2001,ELM,NY,AEA,EN,Towers with Radar,0,35,13,0,48,0,0,7,0,7,0,35,20,0,55,48,0,48,103
12/29/2001,ELM,NY,AEA,EN,Towers with Radar,0,34,12,0,46,0,0,8,0,8,0,34,20,0,54,28,0,28,82
12/30/2001,ELM,NY,AEA,EN,Towers with Radar,0,26,1,0,27,0,0,0,0,0,0,26,1,0,27,0,0,0,27
12/31/2001,ELM,NY,AEA,EN,Towers with Radar,0,24,7,0,31,0,0,14,0,14,0,24,21,0,45,14,0,14,59
01/01/2002,ELM,NY,AEA,EN,Towers with Radar,0,28,4,0,32,0,0,1,0,1,0,28,5,0,33,0,0,0,33
01/02/2002,ELM,NY,AEA,EN,Towers with Radar,0,29,15,0,44,0,0,17,0,17,0,29,32,0,61,48,0,48,109
01/03/2002,ELM,NY,AEA,EN,Towers with Radar,0,33,16,6,55,0,1,11,0,12,0,34,27,6,67,76,18,94,161
01/04/2002,ELM,NY,AEA,EN,Towers with Radar,0,34,26,0,60,0,0,18,0,18,0,34,44,0,78,108,0,108,186
01/05/2002,ELM,NY,AEA,EN,Towers with Radar,0,29,17,0,46,0,0,18,0,18,0,29,35,0,64,26,0,26,90
01/06/2002,ELM,NY,AEA,EN,Towers with Radar,0,19,5,0,24,0,0,0,1,1,0,19,5,1,25,0,0,0,25
01/07/2002,ELM,NY,AEA,EN,Towers with Radar,0,24,16,0,40,0,0,0,0,0,0,24,16,0,40,0,0,0,40
01/08/2002,ELM,NY,AEA,EN,Towers with Radar,0,33,18,0,51,0,0,12,0,12,0,33,30,0,63,42,0,42,105
01/09/2002,ELM,NY,AEA,EN,Towers with Radar,0,31,16,0,47,0,0,4,0,4,0,31,20,0,51,22,0,22,73
01/10/2002,ELM,NY,AEA,EN,Towers with Radar,0,35,17,0,52,0,0,14,0,14,0,35,31,0,66,74,0,74,140
01/11/2002,ELM,NY,AEA,EN,Towers with Radar,0,34,29,0,63,0,0,10,0,10,0,34,39,0,73,54,0,54,127
01/12/2002,ELM,NY,AEA,EN,Towers with Radar,0,30,16,0,46,0,1,25,0,26,0,31,41,0,72,26,0,26,98
01/13/2002,ELM,NY,AEA,EN,Towers with Radar,0,22,8,0,30,0,0,0,0,0,0,22,8,0,30,0,0,0,30
01/14/2002,ELM,NY,AEA,EN,Towers with Radar,0,28,17,5,50,0,0,14,0,14,0,28,31,5,64,40,0,40,104
01/15/2002,ELM,NY,AEA,EN,Towers with Radar,0,33,23,0,56,0,0,7,0,7,0,33,30,0,63,28,0,28,91
01/16/2002,ELM,NY,AEA,EN,Towers with Radar,0,36,29,0,65,0,0,6,0,6,0,36,35,0,71,58,0,58,129
01/17/2002,ELM,NY,AEA,EN,Towers with Radar,0,37,35,0,72,0,0,3,0,3,0,37,38,0,75,8,0,8,83
01/18/2002,ELM,NY,AEA,EN,Towers with Radar,0,34,26,6,66,0,0,22,0,22,0,34,48,6,88,62,0,62,150
01/19/2002,ELM,NY,AEA,EN,Towers with Radar,0,25,7,0,32,0,0,4,0,4,0,25,11,0,36,6,0,6,42
01/20/2002,ELM,NY,AEA,EN,Towers with Radar,0,23,9,0,32,0,0,12,0,12,0,23,21,0,44,8,0,8,52
01/21/2002,ELM,NY,AEA,EN,Towers with Radar,0,21,22,0,43,0,0,3,0,3,0,21,25,0,46,4,0,4,50
01/22/2002,ELM,NY,AEA,EN,Towers with Radar,0,33,22,0,55,0,0,34,0,34,0,33,56,0,89,90,0,90,179
01/23/2002,ELM,NY,AEA,EN,Towers with Radar,0,34,27,0,61,0,0,8,0,8,0,34,35,0,69,24,0,24,93
01/24/2002,ELM,NY,AEA,EN,Towers with Radar,0,40,23,0,63,0,0,0,0,0,0,40,23,0,63,0,0,0,63
01/25/2002,ELM,NY,AEA,EN,Towers with Radar,0,35,29,0,64,0,0,30,0,30,0,35,59,0,94,92,0,92,186
01/26/2002,ELM,NY,AEA,EN,Towers with Radar,0,31,10,0,41,0,1,42,0,43,0,32,52,0,84,102,0,102,186
01/27/2002,ELM,NY,AEA,EN,Towers with Radar,0,22,10,0,32,0,0,40,0,40,0,22,50,0,72,78,0,78,150
01/28/2002,ELM,NY,AEA,EN,Towers with Radar,0,25,17,3,45,0,0,21,0,21,0,25,38,3,66,118,0,118,184
01/29/2002,ELM,NY,AEA,EN,Towers with Radar,0,35,32,8,75,0,2,6,0,8,0,37,38,8,83,74,6,80,163
01/30/2002,ELM,NY,AEA,EN,Towers with Radar,0,39,24,0,63,0,0,0,0,0,0,39,24,0,63,0,0,0,63
01/31/2002,ELM,NY,AEA,EN,Towers with Radar,0,36,23,0,59,0,0,0,0,0,0,36,23,0,59,0,0,0,59
02/01/2002,ELM,NY,AEA,EN,Towers with Radar,0,38,28,0,66,0,0,1,0,1,0,38,29,0,67,8,0,8,75
02/02/2002,ELM,NY,AEA,EN,Towers with Radar,0,31,10,0,41,0,2,11,0,13,0,33,21,0,54,28,0,28,82
02/03/2002,ELM,NY,AEA,EN,Towers with Radar,0,16,15,0,31,0,0,19,0,19,0,16,34,0,50,28,0,28,78
02/04/2002,ELM,NY,AEA,EN,Towers with Radar,0,26,18,0,44,0,0,3,0,3,0,26,21,0,47,30,0,30,77
02/05/2002,ELM,NY,AEA,EN,Towers with Radar,0,38,20,0,58,0,0,14,0,14,0,38,34,0,72,56,0,56,128
02/06/2002,ELM,NY,AEA,EN,Towers with Radar,0,38,21,2,61,0,0,28,0,28,0,38,49,2,89,40,0,40,129
02/07/2002,ELM,NY,AEA,EN,Towers with Radar,0,35,30,0,65,0,0,32,0,32,0,35,62,0,97,52,0,52,149
02/08/2002,ELM,NY,AEA,EN,Towers with Radar,0,35,28,1,64,0,2,33,1,36,0,37,61,2,100,18,2,20,120
02/09/2002,ELM,NY,AEA,EN,Towers with Radar,0,27,20,0,47,0,3,50,0,53,0,30,70,0,100,76,0,76,176
02/10/2002,ELM,NY,AEA,EN,Towers with Radar,0,22,9,0,31,0,0,1,0,1,0,22,10,0,32,34,0,34,66
02/11/2002,ELM,NY,AEA,EN,Towers with Radar,0,23,16,4,43,0,0,2,0,2,0,23,18,4,45,6,0,6,51
02/12/2002,ELM,NY,AEA,EN,Towers with Radar,0,29,19,0,48,0,1,18,0,19,0,30,37,0,67,8,0,8,75
02/13/2002,ELM,NY,AEA,EN,Towers with Radar,0,34,30,0,64,0,0,5,0,5,0,34,35,0,69,44,0,44,113
02/14/2002,ELM,NY,AEA,EN,Towers with Radar,0,35,24,0,59,0,0,30,0,30,0,35,54,0,89,50,0,50,139
02/15/2002,ELM,NY,AEA,EN,Towers with Radar,0,41,24,0,65,0,3,23,0,26,0,44,47,0,91,52,0,52,143
02/16/2002,ELM,NY,AEA,EN,Towers with Radar,0,32,15,0,47,0,0,18,0,18,0,32,33,0,65,44,0,44,109
02/17/2002,ELM,NY,AEA,EN,Towers with Radar,0,16,3,0,19,0,0,3,0,3,0,16,6,0,22,4,0,4,26
02/18/2002,ELM,NY,AEA,EN,Towers with Radar,0,26,14,0,40,0,0,35,0,35,0,26,49,0,75,102,0,102,177
02/19/2002,ELM,NY,AEA,EN,Towers with Radar,0,37,21,0,58,0,2,31,0,33,0,39,52,0,91,76,0,76,167
02/20/2002,ELM,NY,AEA,EN,Towers with Radar,0,37,22,0,59,0,0,20,0,20,0,37,42,0,79,90,0,90,169
02/21/2002,ELM,NY,AEA,EN,Towers with Radar,0,35,20,0,55,0,0,4,0,4,0,35,24,0,59,4,0,4,63
02/22/2002,ELM,NY,AEA,EN,Towers with Radar,0,37,17,0,54,0,0,13,0,13,0,37,30,0,67,54,0,54,121
02/23/2002,ELM,NY,AEA,EN,Towers with Radar,0,31,19,0,50,0,2,25,0,27,0,33,44,0,77,40,0,40,117
02/24/2002,ELM,NY,AEA,EN,Towers with Radar,0,21,14,0,35,0,0,45,0,45,0,21,59,0,80,44,0,44,124
02/25/2002,ELM,NY,AEA,EN,Towers with Radar,0,24,27,0,51,0,0,32,0,32,0,24,59,0,83,64,0,64,147
02/26/2002,ELM,NY,AEA,EN,Towers with Radar,0,34,19,2,55,0,0,10,0,10,0,34,29,2,65,10,2,12,77
02/27/2002,ELM,NY,AEA,EN,Towers with Radar,0,33,24,0,57,0,0,8,0,8,0,33,32,0,65,44,0,44,109
02/28/2002,ELM,NY,AEA,EN,Towers with Radar,0,33,24,0,57,0,0,30,0,30,0,33,54,0,87,76,0,76,163
03/01/2002,ELM,NY,AEA,EN,Towers with Radar,0,35,29,0,64,0,0,30,0,30,0,35,59,0,94,104,0,104,198
03/02/2002,ELM,NY,AEA,EN,Towers with Radar,0,29,8,0,37,0,2,7,0,9,0,31,15,0,46,32,0,32,78
03/03/2002,ELM,NY,AEA,EN,Towers with Radar,0,22,4,0,26,0,0,0,0,0,0,22,4,0,26,0,0,0,26
03/04/2002,ELM,NY,AEA,EN,Towers with Radar,0,29,24,0,53,0,0,3,0,3,0,29,27,0,56,8,0,8,64
03/05/2002,ELM,NY,AEA,EN,Towers with Radar,0,40,31,0,71,0,0,14,0,14,0,40,45,0,85,12,0,12,97
03/06/2002,ELM,NY,AEA,EN,Towers with Radar,0,39,25,0,64,0,0,18,0,18,0,39,43,0,82,44,0,44,126
03/07/2002,ELM,NY,AEA,EN,Towers with Radar,0,39,22,0,61,0,0,8,0,8,0,39,30,0,69,46,0,46,115
03/08/2002,ELM,NY,AEA,EN,Towers with Radar,0,37,35,0,72,0,0,19,0,19,0,37,54,0,91,26,0,26,117
03/09/2002,ELM,NY,AEA,EN,Towers with Radar,0,30,15,0,45,0,3,17,0,20,0,33,32,0,65,34,0,34,99
03/10/2002,ELM,NY,AEA,EN,Towers with Radar,0,23,9,0,32,0,0,0,0,0,0,23,9,0,32,0,0,0,32
03/11/2002,ELM,NY,AEA,EN,Towers with Radar,0,28,27,0,55,0,0,22,0,22,0,28,49,0,77,44,0,44,121
03/12/2002,ELM,NY,AEA,EN,Towers with Radar,0,36,23,0,59,0,0,25,0,25,0,36,48,0,84,86,0,86,170
03/13/2002,ELM,NY,AEA,EN,Towers with Radar,0,42,21,0,63,0,0,9,0,9,0,42,30,0,72,62,0,62,134
03/14/2002,ELM,NY,AEA,EN,Towers with Radar,0,37,28,0,65,0,0,39,0,39,0,37,67,0,104,190,0,190,294
03/15/2002,ELM,NY,AEA,EN,Towers with Radar,0,36,31,0,67,0,1,8,0,9,0,37,39,0,76,134,0,134,210
03/16/2002,ELM,NY,AEA,EN,Towers with Radar,0,34,10,0,44,0,0,0,0,0,0,34,10,0,44,152,0,152,196
03/17/2002,ELM,NY,AEA,EN,Towers with Radar,0,19,12,0,31,0,0,30,0,30,0,19,42,0,61,32,0,32,93
03/18/2002,ELM,NY,AEA,EN,Towers with Radar,0,28,25,0,53,0,0,2,0,2,0,28,27,0,55,54,0,54,109
03/19/2002,ELM,NY,AEA,EN,Towers with Radar,0,36,19,0,55,0,0,30,0,30,0,36,49,0,85,256,0,256,341
03/20/2002,ELM,NY,AEA,EN,Towers with Radar,0,36,31,0,67,0,0,0,0,0,0,36,31,0,67,0,0,0,67
03/21/2002,ELM,NY,AEA,EN,Towers with Radar,0,35,27,0,62,0,0,7,0,7,0,35,34,0,69,122,0,122,191
03/22/2002,ELM,NY,AEA,EN,Towers with Radar,0,32,24,0,56,0,0,2,0,2,0,32,26,0,58,0,0,0,58
03/23/2002,ELM,NY,AEA,EN,Towers with Radar,0,33,8,0,41,0,2,12,0,14,0,35,20,0,55,42,0,42,97
03/24/2002,ELM,NY,AEA,EN,Towers with Radar,0,23,15,0,38,0,0,28,0,28,0,23,43,0,66,52,0,52,118
03/25/2002,ELM,NY,AEA,EN,Towers with Radar,0,27,26,0,53,0,0,4,0,4,0,27,30,0,57,6,0,6,63
03/26/2002,ELM,NY,AEA,EN,Towers with Radar,0,38,24,0,62,0,0,0,0,0,0,38,24,0,62,0,0,0,62
03/27/2002,ELM,NY,AEA,EN,Towers with Radar,0,37,22,0,59,0,0,6,0,6,0,37,28,0,65,68,0,68,133
03/28/2002,ELM,NY,AEA,EN,Towers with Radar,0,42,38,0,80,0,2,51,0,53,0,44,89,0,133,212,0,212,345
03/29/2002,ELM,NY,AEA,EN,Towers with Radar,0,33,15,0,48,0,0,23,0,23,0,33,38,0,71,78,0,78,149
03/30/2002,ELM,NY,AEA,EN,Towers with Radar,0,36,5,0,41,0,1,24,0,25,0,37,29,0,66,68,0,68,134
03/31/2002,ELM,NY,AEA,EN,Towers with Radar,0,20,10,0,30,0,0,21,0,21,0,20,31,0,51,8,0,8,59
04/01/2002,ELM,NY,AEA,EN,Towers with Radar,0,35,28,0,63,0,0,4,0,4,0,35,32,0,67,0,0,0,67
04/02/2002,ELM,NY,AEA,EN,Towers with Radar,0,41,22,0,63,0,0,16,0,16,0,41,38,0,79,36,0,36,115
04/03/2002,ELM,NY,AEA,EN,Towers with Radar,0,39,15,2,56,0,0,2,0,2,0,39,17,2,58,38,4,42,100
04/04/2002,ELM,NY,AEA,EN,Towers with Radar,0,46,24,0,70,0,0,20,0,20,0,46,44,0,90,32,0,32,122
04/05/2002,ELM,NY,AEA,EN,Towers with Radar,0,38,29,0,67,0,0,25,0,25,0,38,54,0,92,56,0,56,148
04/06/2002,ELM,NY,AEA,EN,Towers with Radar,0,34,12,0,46,0,0,24,0,24,0,34,36,0,70,22,0,22,92
04/07/2002,ELM,NY,AEA,EN,Towers with Radar,0,29,10,0,39,0,0,91,0,91,0,29,101,0,130,106,0,106,236
04/08/2002,ELM,NY,AEA,EN,Towers with Radar,0,32,30,0,62,0,0,10,0,10,0,32,40,0,72,14,0,14,86
04/09/2002,ELM,NY,AEA,EN,Towers with Radar,0,44,37,0,81,0,0,6,0,6,0,44,43,0,87,32,0,32,119
04/10/2002,ELM,NY,AEA,EN,Towers with Radar,0,44,37,0,81,0,0,62,0,62,0,44,99,0,143,152,0,152,295
04/11/2002,ELM,NY,AEA,EN,Towers with Radar,0,41,39,0,80,0,1,48,0,49,0,42,87,0,129,30,0,30,159
04/12/2002,ELM,NY,AEA,EN,Towers with Radar,0,41,28,1,70,0,0,31,0,31,0,41,59,1,101,48,0,48,149
04/13/2002,ELM,NY,AEA,EN,Towers with Radar,0,37,8,0,45,0,0,0,0,0,0,37,8,0,45,0,0,0,45
04/14/2002,ELM,NY,AEA,EN,Towers with Radar,0,26,7,0,33,0,0,18,0,18,0,26,25,0,51,28,0,28,79
04/15/2002,ELM,NY,AEA,EN,Towers with Radar,0,34,24,0,58,0,0,9,0,9,0,34,33,0,67,66,0,66,133
04/16/2002,ELM,NY,AEA,EN,Towers with Radar,0,40,32,0,72,0,0,57,0,57,0,40,89,0,129,148,0,148,277
04/17/2002,ELM,NY,AEA,EN,Towers with Radar,0,40,39,0,79,0,0,41,0,41,0,40,80,0,120,84,0,84,204
04/18/2002,ELM,NY,AEA,EN,Towers with Radar,0,39,26,0,65,0,0,38,0,38,0,39,64,0,103,88,0,88,191
04/19/2002,ELM,NY,AEA,EN,Towers with Radar,0,36,18,0,54,0,0,17,0,17,0,36,35,0,71,30,0,30,101
04/20/2002,ELM,NY,AEA,EN,Towers with Radar,0,34,20,0,54,0,0,15,0,15,0,34,35,0,69,18,0,18,87
04/21/2002,ELM,NY,AEA,EN,Towers with Radar,0,30,17,0,47,0,0,22,0,22,0,30,39,0,69,20,0,20,89
04/22/2002,ELM,NY,AEA,EN,Towers with Radar,0,29,29,0,58,0,0,2,0,2,0,29,31,0,60,0,0,0,60
04/23/2002,ELM,NY,AEA,EN,Towers with Radar,0,44,31,0,75,0,0,42,0,42,0,44,73,0,117,102,0,102,219
04/24/2002,ELM,NY,AEA,EN,Towers with Radar,0,41,23,1,65,0,2,72,1,75,0,43,95,2,140,140,0,140,280
04/25/2002,ELM,NY,AEA,EN,Towers with Radar,0,43,27,0,70,0,0,6,0,6,0,43,33,0,76,32,0,32,108
04/26/2002,ELM,NY,AEA,EN,Towers with Radar,0,40,22,0,62,0,0,29,0,29,0,40,51,0,91,112,0,112,203
04/27/2002,ELM,NY,AEA,EN,Towers with Radar,0,30,21,0,51,0,0,58,0,58,0,30,79,0,109,50,0,50,159
04/28/2002,ELM,NY,AEA,EN,Towers with Radar,0,25,11,0,36,0,0,1,0,1,0,25,12,0,37,0,0,0,37
04/29/2002,ELM,NY,AEA,EN,Towers with Radar,0,38,25,0,63,0,0,11,0,11,0,38,36,0,74,20,0,20,94
04/30/2002,ELM,NY,AEA,EN,Towers with Radar,0,44,27,0,71,0,0,18,0,18,0,44,45,0,89,46,0,46,135
05/01/2002,ELM,NY,AEA,EN,Towers with Radar,0,44,26,0,70,0,0,40,0,40,0,44,66,0,110,46,0,46,156
05/02/2002,ELM,NY,AEA,EN,Towers with Radar,0,37,22,0,59,0,0,8,0,8,0,37,30,0,67,58,0,58,125
05/03/2002,ELM,NY,AEA,EN,Towers with Radar,0,40,29,0,69,0,0,8,0,8,0,40,37,0,77,0,0,0,77
05/04/2002,ELM,NY,AEA,EN,Towers with Radar,0,34,16,0,50,0,0,62,0,62,0,34,78,0,112,148,0,148,260
05/05/2002,ELM,NY,AEA,EN,Towers with Radar,0,26,20,0,46,0,0,78,0,78,0,26,98,0,124,140,0,140,264
05/06/2002,ELM,NY,AEA,EN,Towers with Radar,0,44,29,0,73,0,0,30,0,30,0,44,59,0,103,58,0,58,161
05/07/2002,ELM,NY,AEA,EN,Towers with Radar,0,40,33,0,73,0,0,16,0,16,0,40,49,0,89,88,0,88,177
05/08/2002,ELM,NY,AEA,EN,Towers with Radar,0,38,36,0,74,0,0,26,0,26,0,38,62,0,100,46,0,46,146
05/09/2002,ELM,NY,AEA,EN,Towers with Radar,0,40,29,0,69,0,0,3,0,3,0,40,32,0,72,40,0,40,112
05/10/2002,ELM,NY,AEA,EN,Towers with Radar,0,47,21,0,68,0,1,19,0,20,0,48,40,0,88,34,0,34,122
05/11/2002,ELM,NY,AEA,EN,Towers with Radar,0,30,25,0,55,0,0,63,0,63,0,30,88,0,118,68,0,68,186
05/12/2002,ELM,NY,AEA,EN,Towers with Radar,0,31,17,0,48,0,0,1,0,1,0,31,18,0,49,0,0,0,49
05/13/2002,ELM,NY,AEA,EN,Towers with Radar,0,44,32,0,76,0,0,0,0,0,0,44,32,0,76,0,0,0,76
05/14/2002,ELM,NY,AEA,EN,Towers with Radar,0,40,20,0,60,0,0,11,0,11,0,40,31,0,71,108,0,108,179
05/15/2002,ELM,NY,AEA,EN,Towers with Radar,0,45,26,0,71,0,0,38,0,38,0,45,64,0,109,110,0,110,219
05/16/2002,ELM,NY,AEA,EN,Towers with Radar,0,50,31,0,81,0,0,41,0,41,0,50,72,0,122,112,0,112,234
05/17/2002,ELM,NY,AEA,EN,Towers with Radar,0,45,44,0,89,0,0,21,0,21,0,45,65,0,110,42,0,42,152
05/18/2002,ELM,NY,AEA,EN,Towers with Radar,0,32,15,0,47,0,0,5,0,5,0,32,20,0,52,18,0,18,70
05/19/2002,ELM,NY,AEA,EN,Towers with Radar,0,30,24,0,54,0,0,19,0,19,0,30,43,0,73,20,0,20,93
05/20/2002,ELM,NY,AEA,EN,Towers with Radar,0,35,23,0,58,0,0,19,0,19,0,35,42,0,77,116,0,116,193
05/21/2002,ELM,NY,AEA,EN,Towers with Radar,0,38,27,0,65,0,1,29,0,30,0,39,56,0,95,152,0,152,247
05/22/2002,ELM,NY,AEA,EN,Towers with Radar,0,39,25,0,64,0,1,29,0,30,0,40,54,0,94,164,0,164,258
05/23/2002,ELM,NY,AEA,EN,Towers with Radar,0,38,41,0,79,0,0,51,0,51,0,38,92,0,130,186,0,186,316
05/24/2002,ELM,NY,AEA,EN,Towers with Radar,0,51,25,0,76,0,0,35,0,35,0,51,60,0,111,122,0,122,233
05/25/2002,ELM,NY,AEA,EN,Towers with Radar,0,38,14,0,52,0,0,53,0,53,0,38,67,0,105,180,0,180,285
05/26/2002,ELM,NY,AEA,EN,Towers with Radar,0,26,18,0,44,0,0,24,0,24,0,26,42,0,68,38,0,38,106
05/27/2002,ELM,NY,AEA,EN,Towers with Radar,0,31,19,0,50,0,0,46,0,46,0,31,65,0,96,50,0,50,146
05/28/2002,ELM,NY,AEA,EN,Towers with Radar,0,33,28,0,61,0,0,32,0,32,0,33,60,0,93,36,0,36,129
05/29/2002,ELM,NY,AEA,EN,Towers with Radar,0,41,19,0,60,0,0,22,0,22,0,41,41,0,82,36,0,36,118
05/30/2002,ELM,NY,AEA,EN,Towers with Radar,0,39,22,0,61,0,0,69,0,69,0,39,91,0,130,102,0,102,232
05/31/2002,ELM,NY,AEA,EN,Towers with Radar,0,34,26,0,60,0,0,20,0,20,0,34,46,0,80,50,0,50,130
06/01/2002,ELM,NY,AEA,EN,Towers with Radar,0,38,15,0,53,0,1,37,0,38,0,39,52,0,91,72,0,72,163
06/02/2002,ELM,NY,AEA,EN,Towers with Radar,0,29,19,0,48,0,0,47,0,47,0,29,66,0,95,12,0,12,107
06/03/2002,ELM,NY,AEA,EN,Towers with Radar,0,27,22,0,49,0,0,75,0,75,0,27,97,0,124,108,0,108,232
06/04/2002,ELM,NY,AEA,EN,Towers with Radar,0,40,21,0,61,0,0,28,0,28,0,40,49,0,89,76,0,76,165
06/05/2002,ELM,NY,AEA,EN,Towers with Radar,0,43,27,0,70,0,0,7,0,7,0,43,34,0,77,0,0,0,77
06/06/2002,ELM,NY,AEA,EN,Towers with Radar,0,41,31,0,72,0,0,7,0,7,0,41,38,0,79,10,0,10,89
06/07/2002,ELM,NY,AEA,EN,Towers with Radar,0,38,27,0,65,0,0,75,0,75,0,38,102,0,140,148,0,148,288
06/08/2002,ELM,NY,AEA,EN,Towers with Radar,0,36,12,2,50,0,3,48,0,51,0,39,60,2,101,24,0,24,125
06/09/2002,ELM,NY,AEA,EN,Towers with Radar,0,32,20,0,52,0,0,129,0,129,0,32,149,0,181,46,0,46,227
06/10/2002,ELM,NY,AEA,EN,Towers with Radar,0,28,26,0,54,0,1,40,0,41,0,29,66,0,95,80,0,80,175
06/11/2002,ELM,NY,AEA,EN,Towers with Radar,0,38,38,0,76,0,0,47,0,47,0,38,85,0,123,104,0,104,227
06/12/2002,ELM,NY,AEA,EN,Towers with Radar,0,42,33,0,75,0,0,8,0,8,0,42,41,0,83,76,0,76,159
06/13/2002,ELM,NY,AEA,EN,Towers with Radar,0,40,34,0,74,0,0,35,0,35,0,40,69,0,109,86,0,86,195
06/14/2002,ELM,NY,AEA,EN,Towers with Radar,0,44,33,0,77,0,0,14,0,14,0,44,47,0,91,34,0,34,125
06/15/2002,ELM,NY,AEA,EN,Towers with Radar,0,31,8,0,39,0,0,0,0,0,0,31,8,0,39,0,0,0,39
06/16/2002,ELM,NY,AEA,EN,Towers with Radar,0,28,21,0,49,0,1,16,0,17,0,29,37,0,66,14,0,14,80
06/17/2002,ELM,NY,AEA,EN,Towers with Radar,0,40,36,0,76,0,2,86,0,88,0,42,122,0,164,92,0,92,256
06/18/2002,ELM,NY,AEA,EN,Towers with Radar,0,42,35,1,78,0,0,81,2,83,0,42,116,3,161,74,0,74,235
06/19/2002,ELM,NY,AEA,EN,Towers with Radar,0,41,27,0,68,0,0,85,0,85,0,41,112,0,153,76,0,76,229
06/20/2002,ELM,NY,AEA,EN,Towers with Radar,0,43,35,0,78,0,0,115,0,115,0,43,150,0,193,138,0,138,331
06/21/2002,ELM,NY,AEA,EN,Towers with Radar,0,47,30,2,79,0,0,124,0,124,0,47,154,2,203,122,0,122,325
06/22/2002,ELM,NY,AEA,EN,Towers with Radar,0,29,5,0,34,0,0,64,0,64,0,29,69,0,98,96,0,96,194
06/23/2002,ELM,NY,AEA,EN,Towers with Radar,0,38,24,0,62,0,0,38,0,38,0,38,62,0,100,4,0,4,104
06/24/2002,ELM,NY,AEA,EN,Towers with Radar,0,32,40,4,76,0,0,56,1,57,0,32,96,5,133,166,0,166,299
06/25/2002,ELM,NY,AEA,EN,Towers with Radar,0,36,26,0,62,0,0,54,0,54,0,36,80,0,116,82,0,82,198
06/26/2002,ELM,NY,AEA,EN,Towers with Radar,0,37,26,0,63,0,0,39,0,39,0,37,65,0,102,50,0,50,152
06/27/2002,ELM,NY,AEA,EN,Towers with Radar,0,39,27,0,66,0,0,35,0,35,0,39,62,0,101,44,0,44,145
06/28/2002,ELM,NY,AEA,EN,Towers with Radar,0,42,47,0,89,0,0,54,0,54,0,42,101,0,143,118,0,118,261
06/29/2002,ELM,NY,AEA,EN,Towers with Radar,0,36,16,0,52,0,0,63,0,63,0,36,79,0,115,38,0,38,153
06/30/2002,ELM,NY,AEA,EN,Towers with Radar,0,28,9,0,37,0,0,39,0,39,0,28,48,0,76,2,0,2,78
07/01/2002,ELM,NY,AEA,EN,Towers with Radar,0,34,27,3,64,0,0,48,0,48,0,34,75,3,112,158,14,172,284
07/02/2002,ELM,NY,AEA,EN,Towers with Radar,0,34,26,1,61,0,0,34,0,34,0,34,60,1,95,146,0,146,241
07/03/2002,ELM,NY,AEA,EN,Towers with Radar,0,38,27,0,65,0,0,69,0,69,0,38,96,0,134,148,0,148,282
07/04/2002,ELM,NY,AEA,EN,Towers with Radar,0,33,5,0,38,0,0,97,0,97,0,33,102,0,135,122,0,122,257
07/05/2002,ELM,NY,AEA,EN,Towers with Radar,0,33,19,0,52,0,0,60,0,60,0,33,79,0,112,148,0,148,260
07/06/2002,ELM,NY,AEA,EN,Towers with Radar,0,32,8,0,40,0,2,101,0,103,0,34,109,0,143,158,0,158,301
07/07/2002,ELM,NY,AEA,EN,Towers with Radar,0,23,27,0,50,0,0,40,0,40,0,23,67,0,90,66,0,66,156
07/08/2002,ELM,NY,AEA,EN,Towers with Radar,0,35,31,0,66,0,0,65,0,65,0,35,96,0,131,74,0,74,205
07/09/2002,ELM,NY,AEA,EN,Towers with Radar,0,42,17,0,59,0,0,17,0,17,0,42,34,0,76,60,0,60,136
07/10/2002,ELM,NY,AEA,EN,Towers with Radar,0,41,27,0,68,0,0,68,3,71,0,41,95,3,139,114,0,114,253
07/11/2002,ELM,NY,AEA,EN,Towers with Radar,0,35,25,0,60,0,1,65,0,66,0,36,90,0,126,98,0,98,224
07/12/2002,ELM,NY,AEA,EN,Towers with Radar,0,34,41,0,75,0,0,78,0,78,0,34,119,0,153,92,0,92,245
07/13/2002,ELM,NY,AEA,EN,Towers with Radar,0,33,7,0,40,0,0,47,0,47,0,33,54,0,87,100,0,100,187
07/14/2002,ELM,NY,AEA,EN,Towers with Radar,0,23,13,0,36,0,0,58,0,58,0,23,71,0,94,38,0,38,132
07/15/2002,ELM,NY,AEA,EN,Towers with Radar,0,25,13,0,38,0,0,53,0,53,0,25,66,0,91,212,0,212,303
07/16/2002,ELM,NY,AEA,EN,Towers with Radar,0,41,17,0,58,0,0,35,0,35,0,41,52,0,93,146,0,146,239
07/17/2002,ELM,NY,AEA,EN,Towers with Radar,0,36,22,0,58,0,2,52,0,54,0,38,74,0,112,88,0,88,200
07/18/2002,ELM,NY,AEA,EN,Towers with Radar,0,37,29,0,66,0,0,52,0,52,0,37,81,0,118,142,0,142,260
07/19/2002,ELM,NY,AEA,EN,Towers with Radar,0,30,16,0,46,0,0,2,0,2,0,30,18,0,48,0,0,0,48
07/20/2002,ELM,NY,AEA,EN,Towers with Radar,0,31,30,0,61,0,2,53,0,55,0,33,83,0,116,154,0,154,270
07/21/2002,ELM,NY,AEA,EN,Towers with Radar,0,21,19,0,40,0,0,44,0,44,0,21,63,0,84,78,0,78,162
07/22/2002,ELM,NY,AEA,EN,Towers with Radar,0,25,24,0,49,0,0,26,0,26,0,25,50,0,75,148,0,148,223
07/23/2002,ELM,NY,AEA,EN,Towers with Radar,0,33,19,0,52,0,0,23,0,23,0,33,42,0,75,50,0,50,125
07/24/2002,ELM,NY,AEA,EN,Towers with Radar,0,38,27,0,65,0,0,64,0,64,0,38,91,0,129,182,0,182,311
07/25/2002,ELM,NY,AEA,EN,Towers with Radar,0,36,29,6,71,0,1,44,0,45,0,37,73,6,116,96,0,96,212
07/26/2002,ELM,NY,AEA,EN,Towers with Radar,0,37,41,0,78,0,0,15,0,15,0,37,56,0,93,148,0,148,241
07/27/2002,ELM,NY,AEA,EN,Towers with Radar,0,34,12,0,46,0,0,19,0,19,0,34,31,0,65,94,0,94,159
07/28/2002,ELM,NY,AEA,EN,Towers with Radar,0,24,11,0,35,0,0,6,0,6,0,24,17,0,41,30,0,30,71
07/29/2002,ELM,NY,AEA,EN,Towers with Radar,0,27,32,0,59,0,0,45,0,45,0,27,77,0,104,146,0,146,250
07/30/2002,ELM,NY,AEA,EN,Towers with Radar,0,38,36,0,74,0,0,53,0,53,0,38,89,0,127,126,0,126,253
07/31/2002,ELM,NY,AEA,EN,Towers with Radar,0,35,28,0,63,0,0,63,0,63,0,35,91,0,126,172,0,172,298
08/01/2002,ELM,NY,AEA,EN,Towers with Radar,0,39,14,0,53,0,1,36,0,37,0,40,50,0,90,162,0,162,252
08/02/2002,ELM,NY,AEA,EN,Towers with Radar,0,38,21,0,59,0,0,40,0,40,0,38,61,0,99,142,0,142,241
08/03/2002,ELM,NY,AEA,EN,Towers with Radar,0,33,22,0,55,0,0,39,0,39,0,33,61,0,94,90,0,90,184
08/04/2002,ELM,NY,AEA,EN,Towers with Radar,0,22,18,0,40,0,0,69,0,69,0,22,87,0,109,118,0,118,227
08/05/2002,ELM,NY,AEA,EN,Towers with Radar,0,31,19,0,50,0,0,25,0,25,0,31,44,0,75,30,0,30,105
08/06/2002,ELM,NY,AEA,EN,Towers with Radar,0,36,19,2,57,0,0,23,0,23,0,36,42,2,80,116,0,116,196
08/07/2002,ELM,NY,AEA,EN,Towers with Radar,0,37,22,0,59,0,0,30,1,31,0,37,52,1,90,84,0,84,174
08/08/2002,ELM,NY,AEA,EN,Towers with Radar,0,41,72,0,113,0,0,59,0,59,0,41,131,0,172,124,0,124,296
08/09/2002,ELM,NY,AEA,EN,Towers with Radar,0,38,29,0,67,0,3,61,0,64,0,41,90,0,131,102,0,102,233
08/10/2002,ELM,NY,AEA,EN,Towers with Radar,0,32,44,0,76,0,0,90,0,90,0,32,134,0,166,132,0,132,298
08/11/2002,ELM,NY,AEA,EN,Towers with Radar,5,32,65,1,103,0,0,187,0,187,5,32,252,1,290,112,0,112,402
08/12/2002,ELM,NY,AEA,EN,Towers with Radar,0,30,27,34,91,0,1,27,0,28,0,31,54,34,119,52,0,52,171
08/13/2002,ELM,NY,AEA,EN,Towers with Radar,0,37,34,0,71,0,0,39,0,39,0,37,73,0,110,160,2,162,272
08/14/2002,ELM,NY,AEA,EN,Towers with Radar,0,33,34,0,67,0,0,42,0,42,0,33,76,0,109,138,0,138,247
08/15/2002,ELM,NY,AEA,EN,Towers with Radar,0,41,34,0,75,0,0,31,2,33,0,41,65,2,108,82,0,82,190
08/16/2002,ELM,NY,AEA,EN,Towers with Radar,0,37,22,0,59,0,0,30,0,30,0,37,52,0,89,118,0,118,207
08/17/2002,ELM,NY,AEA,EN,Towers with Radar,0,34,17,0,51,0,0,30,0,30,0,34,47,0,81,94,0,94,175
08/18/2002,ELM,NY,AEA,EN,Towers with Radar,0,24,14,0,38,0,0,48,0,48,0,24,62,0,86,100,0,100,186
08/19/2002,ELM,NY,AEA,EN,Towers with Radar,0,32,28,0,60,0,0,29,0,29,0,32,57,0,89,78,0,78,167
08/20/2002,ELM,NY,AEA,EN,Towers with Radar,0,39,28,0,67,0,0,26,0,26,0,39,54,0,93,96,0,96,189
08/21/2002,ELM,NY,AEA,EN,Towers with Radar,0,37,26,0,63,0,0,61,0,61,0,37,87,0,124,144,0,144,268
08/22/2002,ELM,NY,AEA,EN,Towers with Radar,0,36,23,0,59,0,0,36,0,36,0,36,59,0,95,108,0,108,203
08/23/2002,ELM,NY,AEA,EN,Towers with Radar,0,35,33,0,68,0,0,18,0,18,0,35,51,0,86,134,0,134,220
08/24/2002,ELM,NY,AEA,EN,Towers with Radar,0,40,7,0,47,0,0,2,0,2,0,40,9,0,49,0,0,0,49
08/25/2002,ELM,NY,AEA,EN,Towers with Radar,0,23,9,0,32,0,0,46,0,46,0,23,55,0,78,94,0,94,172
08/26/2002,ELM,NY,AEA,EN,Towers with Radar,0,27,17,0,44,0,1,36,0,37,0,28,53,0,81,158,0,158,239
08/27/2002,ELM,NY,AEA,EN,Towers with Radar,0,35,24,0,59,0,0,39,0,39,0,35,63,0,98,106,0,106,204
08/28/2002,ELM,NY,AEA,EN,Towers with Radar,0,37,20,0,57,0,0,48,0,48,0,37,68,0,105,144,0,144,249
08/29/2002,ELM,NY,AEA,EN,Towers with Radar,0,39,28,0,67,0,0,10,0,10,0,39,38,0,77,0,0,0,77
08/30/2002,ELM,NY,AEA,EN,Towers with Radar,0,35,34,0,69,0,0,43,0,43,0,35,77,0,112,118,0,118,230
08/31/2002,ELM,NY,AEA,EN,Towers with Radar,0,37,28,0,65,0,0,43,0,43,0,37,71,0,108,128,0,128,236
09/01/2002,ELM,NY,AEA,EN,Towers with Radar,0,23,14,0,37,0,0,56,0,56,0,23,70,0,93,86,0,86,179
09/02/2002,ELM,NY,AEA,EN,Towers with Radar,0,22,25,0,47,0,0,36,0,36,0,22,61,0,83,108,0,108,191
09/03/2002,ELM,NY,AEA,EN,Towers with Radar,0,31,23,2,56,0,0,19,0,19,0,31,42,2,75,0,8,8,83
09/04/2002,ELM,NY,AEA,EN,Towers with Radar,0,38,28,0,66,0,0,41,0,41,0,38,69,0,107,104,0,104,211
09/05/2002,ELM,NY,AEA,EN,Towers with Radar,0,39,22,0,61,0,0,35,0,35,0,39,57,0,96,98,0,98,194
09/06/2002,ELM,NY,AEA,EN,Towers with Radar,0,40,24,2,66,0,0,47,0,47,0,40,71,2,113,100,0,100,213
09/07/2002,ELM,NY,AEA,EN,Towers with Radar,0,35,21,0,56,0,0,77,0,77,0,35,98,0,133,114,0,114,247
09/08/2002,ELM,NY,AEA,EN,Towers with Radar,0,26,17,0,43,0,0,94,0,94,0,26,111,0,137,110,0,110,247
09/09/2002,ELM,NY,AEA,EN,Towers with Radar,0,28,26,0,54,0,0,43,0,43,0,28,69,0,97,102,0,102,199
09/10/2002,ELM,NY,AEA,EN,Towers with Radar,0,37,26,3,66,0,0,30,0,30,0,37,56,3,96,78,0,78,174
09/11/2002,ELM,NY,AEA,EN,Towers with Radar,0,35,14,0,49,0,1,18,0,19,0,36,32,0,68,48,0,48,116
09/12/2002,ELM,NY,AEA,EN,Towers with Radar,0,38,19,0,57,0,2,50,0,52,0,40,69,0,109,100,0,100,209
09/13/2002,ELM,NY,AEA,EN,Towers with Radar,0,42,23,0,65,0,0,45,0,45,0,42,68,0,110,114,0,114,224
09/14/2002,ELM,NY,AEA,EN,Towers with Radar,0,31,8,0,39,0,0,42,0,42,0,31,50,0,81,90,0,90,171
09/15/2002,ELM,NY,AEA,EN,Towers with Radar,0,25,18,0,43,0,0,0,0,0,0,25,18,0,43,4,0,4,47
09/16/2002,ELM,NY,AEA,EN,Towers with Radar,0,27,33,0,60,0,0,7,0,7,0,27,40,0,67,24,0,24,91
09/17/2002,ELM,NY,AEA,EN,Towers with Radar,0,43,26,0,69,0,0,44,0,44,0,43,70,0,113,72,0,72,185
09/18/2002,ELM,NY,AEA,EN,Towers with Radar,0,44,33,0,77,0,0,43,0,43,0,44,76,0,120,96,0,96,216
09/19/2002,ELM,NY,AEA,EN,Towers with Radar,0,43,26,1,70,0,1,33,0,34,0,44,59,1,104,120,0,120,224
09/20/2002,ELM,NY,AEA,EN,Towers with Radar,0,39,34,1,74,0,0,33,0,33,0,39,67,1,107,66,0,66,173
09/21/2002,ELM,NY,AEA,EN,Towers with Radar,0,35,30,1,66,0,0,11,0,11,0,35,41,1,77,34,0,34,111
09/22/2002,ELM,NY,AEA,EN,Towers with Radar,0,24,11,0,35,0,0,0,0,0,0,24,11,0,35,0,0,0,35
09/23/2002,ELM,NY,AEA,EN,Towers with Radar,0,27,16,0,43,0,1,25,0,26,0,28,41,0,69,50,0,50,119
09/24/2002,ELM,NY,AEA,EN,Towers with Radar,0,36,17,4,57,0,0,47,1,48,0,36,64,5,105,70,10,80,185
09/25/2002,ELM,NY,AEA,EN,Towers with Radar,0,39,24,0,63,0,0,45,0,45,0,39,69,0,108,78,0,78,186
09/26/2002,ELM,NY,AEA,EN,Towers with Radar,0,48,28,0,76,0,0,22,0,22,0,48,50,0,98,70,0,70,168
09/27/2002,ELM,NY,AEA,EN,Towers with Radar,0,39,22,0,61,0,0,0,0,0,0,39,22,0,61,0,0,0,61
09/28/2002,ELM,NY,AEA,EN,Towers with Radar,0,32,15,0,47,0,0,19,0,19,0,32,34,0,66,46,0,46,112
09/29/2002,ELM,NY,AEA,EN,Towers with Radar,0,23,7,0,30,0,0,46,0,46,0,23,53,0,76,14,0,14,90
09/30/2002,ELM,NY,AEA,EN,Towers with Radar,0,25,27,0,52,0,0,28,0,28,0,25,55,0,80,84,0,84,164
10/01/2002,ELM,NY,AEA,EN,Towers with Radar,0,37,35,0,72,0,0,15,0,15,0,37,50,0,87,100,0,100,187
10/02/2002,ELM,NY,AEA,EN,Towers with Radar,0,41,30,1,72,0,1,31,0,32,0,42,61,1,104,114,6,120,224
10/03/2002,ELM,NY,AEA,EN,Towers with Radar,0,42,34,8,84,0,0,5,0,5,0,42,39,8,89,10,8,18,107
10/04/2002,ELM,NY,AEA,EN,Towers with Radar,0,42,34,0,76,0,0,0,0,0,0,42,34,0,76,2,0,2,78
10/05/2002,ELM,NY,AEA,EN,Towers with Radar,0,34,10,0,44,0,0,18,0,18,0,34,28,0,62,24,0,24,86
10/06/2002,ELM,NY,AEA,EN,Towers with Radar,0,21,15,0,36,0,0,39,0,39,0,21,54,0,75,68,0,68,143
10/07/2002,ELM,NY,AEA,EN,Towers with Radar,0,28,30,0,58,0,0,20,0,20,0,28,50,0,78,14,0,14,92
10/08/2002,ELM,NY,AEA,EN,Towers with Radar,0,35,23,0,58,0,0,45,0,45,0,35,68,0,103,86,0,86,189
10/09/2002,ELM,NY,AEA,EN,Towers with Radar,0,37,27,0,64,0,0,44,0,44,0,37,71,0,108,62,0,62,170
10/10/2002,ELM,NY,AEA,EN,Towers with Radar,0,37,44,0,81,0,0,19,0,19,0,37,63,0,100,64,0,64,164
10/11/2002,ELM,NY,AEA,EN,Towers with Radar,0,38,46,0,84,0,0,0,0,0,0,38,46,0,84,32,0,32,116
10/12/2002,ELM,NY,AEA,EN,Towers with Radar,0,39,11,0,50,0,0,2,0,2,0,39,13,0,52,20,0,20,72
10/13/2002,ELM,NY,AEA,EN,Towers with Radar,0,21,8,0,29,0,0,3,0,3,0,21,11,0,32,0,0,0,32
10/14/2002,ELM,NY,AEA,EN,Towers with Radar,0,26,26,0,52,0,2,34,0,36,0,28,60,0,88,48,0,48,136
10/15/2002,ELM,NY,AEA,EN,Towers with Radar,0,40,14,0,54,0,0,35,0,35,0,40,49,0,89,62,0,62,151
10/16/2002,ELM,NY,AEA,EN,Towers with Radar,0,39,19,7,65,0,0,0,0,0,0,39,19,7,65,0,0,0,65
10/17/2002,ELM,NY,AEA,EN,Towers with Radar,0,31,16,0,47,0,0,24,0,24,0,31,40,0,71,66,0,66,137
10/18/2002,ELM,NY,AEA,EN,Towers with Radar,0,40,29,0,69,0,0,31,0,31,0,40,60,0,100,66,0,66,166
10/19/2002,ELM,NY,AEA,EN,Towers with Radar,0,38,7,0,45,0,0,0,0,0,0,38,7,0,45,0,0,0,45
10/20/2002,ELM,NY,AEA,EN,Towers with Radar,0,21,5,0,26,0,0,20,0,20,0,21,25,0,46,28,0,28,74
10/21/2002,ELM,NY,AEA,EN,Towers with Radar,0,28,20,0,48,0,1,15,0,16,0,29,35,0,64,48,0,48,112
10/22/2002,ELM,NY,AEA,EN,Towers with Radar,0,38,24,0,62,0,0,40,0,40,0,38,64,0,102,46,0,46,148
10/23/2002,ELM,NY,AEA,EN,Towers with Radar,0,36,30,0,66,0,0,26,0,26,0,36,56,0,92,76,0,76,168
10/24/2002,ELM,NY,AEA,EN,Towers with Radar,0,37,30,0,67,0,0,36,0,36,0,37,66,0,103,88,0,88,191
10/25/2002,ELM,NY,AEA,EN,Towers with Radar,0,37,33,0,70,0,0,4,0,4,0,37,37,0,74,6,0,6,80
10/26/2002,ELM,NY,AEA,EN,Towers with Radar,0,36,15,0,51,0,0,3,0,3,0,36,18,0,54,6,0,6,60
10/27/2002,ELM,NY,AEA,EN,Towers with Radar,0,22,9,0,31,0,0,19,0,19,0,22,28,0,50,32,0,32,82
10/28/2002,ELM,NY,AEA,EN,Towers with Radar,0,22,26,0,48,0,0,19,0,19,0,22,45,0,67,44,0,44,111
10/29/2002,ELM,NY,AEA,EN,Towers with Radar,0,40,24,0,64,0,0,27,2,29,0,40,51,2,93,16,0,16,109
10/30/2002,ELM,NY,AEA,EN,Towers with Radar,0,39,18,0,57,0,0,12,0,12,0,39,30,0,69,22,0,22,91
10/31/2002,ELM,NY,AEA,EN,Towers with Radar,0,39,17,5,61,0,0,24,0,24,0,39,41,5,85,42,0,42,127
11/01/2002,ELM,NY,AEA,EN,Towers with Radar,0,34,28,0,62,0,1,5,0,6,0,35,33,0,68,0,0,0,68
11/02/2002,ELM,NY,AEA,EN,Towers with Radar,0,34,8,0,42,0,0,0,0,0,0,34,8,0,42,0,0,0,42
11/03/2002,ELM,NY,AEA,EN,Towers with Radar,0,23,15,0,38,0,0,18,0,18,0,23,33,0,56,20,0,20,76
11/04/2002,ELM,NY,AEA,EN,Towers with Radar,0,27,30,0,57,0,0,8,0,8,0,27,38,0,65,2,0,2,67
11/05/2002,ELM,NY,AEA,EN,Towers with Radar,0,33,22,4,59,0,2,33,0,35,0,35,55,4,94,30,14,44,138
11/06/2002,ELM,NY,AEA,EN,Towers with Radar,0,32,27,3,62,0,0,0,0,0,0,32,27,3,62,14,0,14,76
11/07/2002,ELM,NY,AEA,EN,Towers with Radar,0,32,23,6,61,0,0,27,0,27,0,32,50,6,88,120,0,120,208
11/08/2002,ELM,NY,AEA,EN,Towers with Radar,0,36,32,0,68,0,0,33,0,33,0,36,65,0,101,52,0,52,153
11/09/2002,ELM,NY,AEA,EN,Towers with Radar,0,32,21,0,53,0,0,52,0,52,0,32,73,0,105,76,0,76,181
11/10/2002,ELM,NY,AEA,EN,Towers with Radar,0,20,15,0,35,0,0,7,0,7,0,20,22,0,42,0,0,0,42
11/11/2002,ELM,NY,AEA,EN,Towers with Radar,0,24,16,0,40,0,0,7,0,7,0,24,23,0,47,54,0,54,101
11/12/2002,ELM,NY,AEA,EN,Towers with Radar,0,34,21,0,55,0,0,0,0,0,0,34,21,0,55,6,0,6,61
11/13/2002,ELM,NY,AEA,EN,Towers with Radar,0,44,31,0,75,0,0,11,0,11,0,44,42,0,86,50,0,50,136
11/14/2002,ELM,NY,AEA,EN,Towers with Radar,0,40,22,1,63,0,1,33,0,34,0,41,55,1,97,56,0,56,153
11/15/2002,ELM,NY,AEA,EN,Towers with Radar,0,35,22,0,57,0,0,3,0,3,0,35,25,0,60,0,0,0,60
11/16/2002,ELM,NY,AEA,EN,Towers with Radar,0,33,4,0,37,0,0,0,0,0,0,33,4,0,37,0,0,0,37
11/17/2002,ELM,NY,AEA,EN,Towers with Radar,0,24,5,0,29,0,0,0,0,0,0,24,5,0,29,0,0,0,29
11/18/2002,ELM,NY,AEA,EN,Towers with Radar,0,26,18,0,44,0,0,5,0,5,0,26,23,0,49,52,0,52,101
11/19/2002,ELM,NY,AEA,EN,Towers with Radar,0,36,14,0,50,0,0,10,0,10,0,36,24,0,60,34,0,34,94
11/20/2002,ELM,NY,AEA,EN,Towers with Radar,0,32,28,0,60,0,0,77,0,77,0,32,105,0,137,122,0,122,259
11/21/2002,ELM,NY,AEA,EN,Towers with Radar,0,33,22,0,55,0,0,26,0,26,0,33,48,0,81,26,0,26,107
11/22/2002,ELM,NY,AEA,EN,Towers with Radar,0,37,27,0,64,0,0,0,0,0,0,37,27,0,64,0,0,0,64
11/23/2002,ELM,NY,AEA,EN,Towers with Radar,0,40,7,0,47,0,0,2,0,2,0,40,9,0,49,36,0,36,85
11/24/2002,ELM,NY,AEA,EN,Towers with Radar,0,26,11,0,37,0,0,24,0,24,0,26,35,0,61,64,0,64,125
11/25/2002,ELM,NY,AEA,EN,Towers with Radar,0,25,21,0,46,0,0,0,0,0,0,25,21,0,46,0,0,0,46
11/26/2002,ELM,NY,AEA,EN,Towers with Radar,0,35,20,0,55,0,0,16,0,16,0,35,36,0,71,100,0,100,171
11/27/2002,ELM,NY,AEA,EN,Towers with Radar,0,43,19,0,62,0,0,0,0,0,0,43,19,0,62,12,0,12,74
11/28/2002,ELM,NY,AEA,EN,Towers with Radar,0,28,9,0,37,0,0,0,0,0,0,28,9,0,37,46,0,46,83
11/29/2002,ELM,NY,AEA,EN,Towers with Radar,0,22,5,0,27,0,0,0,0,0,0,22,5,0,27,0,0,0,27
11/30/2002,ELM,NY,AEA,EN,Towers with Radar,0,32,6,0,38,0,0,20,0,20,0,32,26,0,58,22,0,22,80
12/01/2002,ELM,NY,AEA,EN,Towers with Radar,0,28,14,0,42,0,0,2,0,2,0,28,16,0,44,0,0,0,44
12/02/2002,ELM,NY,AEA,EN,Towers with Radar,0,21,19,0,40,0,0,5,0,5,0,21,24,0,45,12,0,12,57
12/03/2002,ELM,NY,AEA,EN,Towers with Radar,0,36,15,4,55,0,0,12,0,12,0,36,27,4,67,24,0,24,91
12/04/2002,ELM,NY,AEA,EN,Towers with Radar,0,34,19,0,53,0,0,35,0,35,0,34,54,0,88,42,0,42,130
12/05/2002,ELM,NY,AEA,EN,Towers with Radar,0,26,29,0,55,0,0,4,0,4,0,26,33,0,59,0,0,0,59
12/06/2002,ELM,NY,AEA,EN,Towers with Radar,0,41,33,0,74,0,0,24,0,24,0,41,57,0,98,18,0,18,116
12/07/2002,ELM,NY,AEA,EN,Towers with Radar,0,25,13,0,38,0,3,23,0,26,0,28,36,0,64,20,0,20,84
12/08/2002,ELM,NY,AEA,EN,Towers with Radar,0,20,12,0,32,0,0,2,0,2,0,20,14,0,34,16,0,16,50
12/09/2002,ELM,NY,AEA,EN,Towers with Radar,0,24,19,0,43,0,0,14,0,14,0,24,33,0,57,26,0,26,83
12/10/2002,ELM,NY,AEA,EN,Towers with Radar,0,39,20,0,59,0,0,23,0,23,0,39,43,0,82,10,0,10,92
12/11/2002,ELM,NY,AEA,EN,Towers with Radar,0,29,15,0,44,0,2,3,0,5,0,31,18,0,49,10,0,10,59
12/12/2002,ELM,NY,AEA,EN,Towers with Radar,0,47,32,0,79,0,0,9,0,9,0,47,41,0,88,6,0,6,94
12/13/2002,ELM,NY,AEA,EN,Towers with Radar,0,45,38,0,83,0,0,4,0,4,0,45,42,0,87,0,0,0,87
12/14/2002,ELM,NY,AEA,EN,Towers with Radar,0,35,8,0,43,0,0,0,0,0,0,35,8,0,43,0,0,0,43
12/15/2002,ELM,NY,AEA,EN,Towers with Radar,0,19,6,0,25,0,0,2,0,2,0,19,8,0,27,0,0,0,27
12/16/2002,ELM,NY,AEA,EN,Towers with Radar,0,23,25,0,48,0,0,1,0,1,0,23,26,0,49,0,0,0,49
12/17/2002,ELM,NY,AEA,EN,Towers with Radar,0,36,29,0,65,0,0,13,0,13,0,36,42,0,78,36,0,36,114
12/18/2002,ELM,NY,AEA,EN,Towers with Radar,0,35,26,0,61,0,2,47,0,49,0,37,73,0,110,98,0,98,208
12/19/2002,ELM,NY,AEA,EN,Towers with Radar,0,36,33,0,69,0,2,31,0,33,0,38,64,0,102,68,0,68,170
12/20/2002,ELM,NY,AEA,EN,Towers with Radar,0,42,22,2,66,0,0,12,0,12,0,42,34,2,78,40,0,40,118
12/21/2002,ELM,NY,AEA,EN,Towers with Radar,0,32,12,0,44,0,0,9,0,9,0,32,21,0,53,6,0,6,59
12/22/2002,ELM,NY,AEA,EN,Towers with Radar,0,21,8,0,29,0,0,14,0,14,0,21,22,0,43,66,0,66,109
12/23/2002,ELM,NY,AEA,EN,Towers with Radar,0,24,10,0,34,0,0,3,0,3,0,24,13,0,37,2,0,2,39
12/24/2002,ELM,NY,AEA,EN,Towers with Radar,0,42,4,0,46,0,0,3,0,3,0,42,7,0,49,22,0,22,71
12/25/2002,ELM,NY,AEA,EN,Towers with Radar,0,14,0,0,14,0,0,0,0,0,0,14,0,0,14,0,0,0,14
12/26/2002,ELM,NY,AEA,EN,Towers with Radar,0,31,8,0,39,0,0,0,0,0,0,31,8,0,39,0,0,0,39
12/27/2002,ELM,NY,AEA,EN,Towers with Radar,0,37,28,0,65,0,0,9,0,9,0,37,37,0,74,2,0,2,76
12/28/2002,ELM,NY,AEA,EN,Towers with Radar,0,30,10,0,40,0,0,14,0,14,0,30,24,0,54,68,0,68,122
12/29/2002,ELM,NY,AEA,EN,Towers with Radar,0,24,9,0,33,0,0,7,0,7,0,24,16,0,40,12,0,12,52
12/30/2002,ELM,NY,AEA,EN,Towers with Radar,0,30,11,2,43,0,0,6,0,6,0,30,17,2,49,26,0,26,75
12/31/2002,ELM,NY,AEA,EN,Towers with Radar,0,38,4,0,42,0,0,0,0,0,0,38,4,0,42,6,0,6,48
01/01/2003,ELM,NY,AEA,EN,Towers with Radar,0,21,5,0,26,0,1,0,0,1,0,22,5,0,27,0,0,0,27
01/02/2003,ELM,NY,AEA,EN,Towers with Radar,0,34,10,0,44,0,0,5,0,5,0,34,15,0,49,24,0,24,73
01/03/2003,ELM,NY,AEA,EN,Towers with Radar,0,31,7,0,38,0,0,1,0,1,0,31,8,0,39,0,0,0,39
01/04/2003,ELM,NY,AEA,EN,Towers with Radar,0,20,4,0,24,0,0,16,0,16,0,20,20,0,40,0,0,0,40
01/05/2003,ELM,NY,AEA,EN,Towers with Radar,0,15,9,0,24,0,0,4,0,4,0,15,13,0,28,0,0,0,28
01/06/2003,ELM,NY,AEA,EN,Towers with Radar,0,17,22,0,39,0,0,1,0,1,0,17,23,0,40,2,0,2,42
01/07/2003,ELM,NY,AEA,EN,Towers with Radar,0,37,22,0,59,0,0,14,0,14,0,37,36,0,73,22,0,22,95
01/08/2003,ELM,NY,AEA,EN,Towers with Radar,0,34,16,0,50,0,0,3,0,3,0,34,19,0,53,20,0,20,73
01/09/2003,ELM,NY,AEA,EN,Towers with Radar,0,39,22,0,61,0,0,5,0,5,0,39,27,0,66,24,0,24,90
01/10/2003,ELM,NY,AEA,EN,Towers with Radar,0,39,21,0,60,0,0,12,0,12,0,39,33,0,72,18,0,18,90
01/11/2003,ELM,NY,AEA,EN,Towers with Radar,0,30,9,0,39,0,0,1,0,1,0,30,10,0,40,0,0,0,40
01/12/2003,ELM,NY,AEA,EN,Towers with Radar,0,22,16,0,38,0,0,6,0,6,0,22,22,0,44,14,0,14,58
01/13/2003,ELM,NY,AEA,EN,Towers with Radar,0,23,22,0,45,0,0,3,0,3,0,23,25,0,48,12,0,12,60
01/14/2003,ELM,NY,AEA,EN,Towers with Radar,0,35,20,0,55,0,0,0,0,0,0,35,20,0,55,74,0,74,129
01/15/2003,ELM,NY,AEA,EN,Towers with Radar,0,31,25,0,56,0,0,4,0,4,0,31,29,0,60,82,0,82,142
01/16/2003,ELM,NY,AEA,EN,Towers with Radar,0,31,23,0,54,0,0,25,0,25,0,31,48,0,79,70,0,70,149
01/17/2003,ELM,NY,AEA,EN,Towers with Radar,0,33,20,0,53,0,0,2,0,2,0,33,22,0,55,22,0,22,77
01/18/2003,ELM,NY,AEA,EN,Towers with Radar,0,27,20,0,47,0,1,32,0,33,0,28,52,0,80,34,0,34,114
01/19/2003,ELM,NY,AEA,EN,Towers with Radar,0,19,10,0,29,0,0,10,0,10,0,19,20,0,39,50,0,50,89
01/20/2003,ELM,NY,AEA,EN,Towers with Radar,0,26,20,0,46,0,0,4,0,4,0,26,24,0,50,0,0,0,50
01/21/2003,ELM,NY,AEA,EN,Towers with Radar,0,37,24,0,61,0,0,9,0,9,0,37,33,0,70,16,0,16,86
01/22/2003,ELM,NY,AEA,EN,Towers with Radar,0,33,20,0,53,0,0,3,0,3,0,33,23,0,56,24,0,24,80
01/23/2003,ELM,NY,AEA,EN,Towers with Radar,0,33,21,0,54,0,0,2,0,2,0,33,23,0,56,26,0,26,82
01/24/2003,ELM,NY,AEA,EN,Towers with Radar,0,26,36,0,62,0,0,19,0,19,0,26,55,0,81,32,0,32,113
01/25/2003,ELM,NY,AEA,EN,Towers with Radar,0,37,6,0,43,0,0,23,0,23,0,37,29,0,66,38,0,38,104
01/26/2003,ELM,NY,AEA,EN,Towers with Radar,0,19,7,0,26,0,0,2,0,2,0,19,9,0,28,0,0,0,28
01/27/2003,ELM,NY,AEA,EN,Towers with Radar,0,29,23,0,52,0,0,7,0,7,0,29,30,0,59,52,0,52,111
01/28/2003,ELM,NY,AEA,EN,Towers with Radar,0,34,18,2,54,0,2,3,0,5,0,36,21,2,59,4,0,4,63
01/29/2003,ELM,NY,AEA,EN,Towers with Radar,0,34,18,0,52,0,0,2,0,2,0,34,20,0,54,0,0,0,54
01/30/2003,ELM,NY,AEA,EN,Towers with Radar,0,36,38,0,74,0,0,31,0,31,0,36,69,0,105,62,0,62,167
01/31/2003,ELM,NY,AEA,EN,Towers with Radar,0,37,22,0,59,0,0,16,0,16,0,37,38,0,75,72,0,72,147
02/01/2003,ELM,NY,AEA,EN,Towers with Radar,0,27,12,0,39,0,1,0,0,1,0,28,12,0,40,0,0,0,40
02/02/2003,ELM,NY,AEA,EN,Towers with Radar,0,20,7,0,27,0,0,2,0,2,0,20,9,0,29,0,0,0,29
02/03/2003,ELM,NY,AEA,EN,Towers with Radar,0,24,16,0,40,0,0,12,0,12,0,24,28,0,52,28,0,28,80
02/04/2003,ELM,NY,AEA,EN,Towers with Radar,0,33,18,2,53,0,0,0,1,1,0,33,18,3,54,4,0,4,58
02/05/2003,ELM,NY,AEA,EN,Towers with Radar,0,36,12,0,48,0,0,9,0,9,0,36,21,0,57,16,0,16,73
02/06/2003,ELM,NY,AEA,EN,Towers with Radar,0,35,23,0,58,0,0,26,0,26,0,35,49,0,84,70,0,70,154
02/07/2003,ELM,NY,AEA,EN,Towers with Radar,0,37,26,0,63,0,0,9,0,9,0,37,35,0,72,0,0,0,72
02/08/2003,ELM,NY,AEA,EN,Towers with Radar,0,28,18,0,46,0,1,23,0,24,0,29,41,0,70,54,0,54,124
02/09/2003,ELM,NY,AEA,EN,Towers with Radar,0,19,13,0,32,0,0,2,0,2,0,19,15,0,34,8,0,8,42
02/10/2003,ELM,NY,AEA,EN,Towers with Radar,0,28,23,0,51,0,0,3,0,3,0,28,26,0,54,4,0,4,58
02/11/2003,ELM,NY,AEA,EN,Towers with Radar,0,34,19,0,53,0,0,9,0,9,0,34,28,0,62,22,0,22,84
02/12/2003,ELM,NY,AEA,EN,Towers with Radar,0,33,21,0,54,0,0,9,0,9,0,33,30,0,63,0,0,0,63
02/13/2003,ELM,NY,AEA,EN,Towers with Radar,0,39,24,0,63,0,0,10,0,10,0,39,34,0,73,26,0,26,99
02/14/2003,ELM,NY,AEA,EN,Towers with Radar,0,40,26,2,68,0,0,32,2,34,0,40,58,4,102,66,0,66,168
02/15/2003,ELM,NY,AEA,EN,Towers with Radar,0,29,13,0,42,0,0,19,0,19,0,29,32,0,61,54,0,54,115
02/16/2003,ELM,NY,AEA,EN,Towers with Radar,0,14,9,0,23,0,0,26,0,26,0,14,35,0,49,18,0,18,67
02/17/2003,ELM,NY,AEA,EN,Towers with Radar,0,6,8,0,14,0,0,0,0,0,0,6,8,0,14,0,0,0,14
02/18/2003,ELM,NY,AEA,EN,Towers with Radar,0,21,18,0,39,0,0,1,0,1,0,21,19,0,40,24,0,24,64
02/19/2003,ELM,NY,AEA,EN,Towers with Radar,0,35,27,2,64,0,0,15,0,15,0,35,42,2,79,54,0,54,133
02/20/2003,ELM,NY,AEA,EN,Towers with Radar,0,36,27,0,63,0,0,33,0,33,0,36,60,0,96,90,0,90,186
02/21/2003,ELM,NY,AEA,EN,Towers with Radar,0,39,29,0,68,0,0,20,0,20,0,39,49,0,88,116,0,116,204
02/22/2003,ELM,NY,AEA,EN,Towers with Radar,0,26,8,0,34,0,0,0,0,0,0,26,8,0,34,0,0,0,34
02/23/2003,ELM,NY,AEA,EN,Towers with Radar,0,17,11,0,28,0,0,0,0,0,0,17,11,0,28,2,0,2,30
02/24/2003,ELM,NY,AEA,EN,Towers with Radar,0,30,17,0,47,0,0,3,0,3,0,30,20,0,50,40,0,40,90
02/25/2003,ELM,NY,AEA,EN,Towers with Radar,0,33,25,0,58,0,0,2,0,2,0,33,27,0,60,42,0,42,102
02/26/2003,ELM,NY,AEA,EN,Towers with Radar,0,40,26,0,66,0,4,28,0,32,0,44,54,0,98,38,0,38,136
02/27/2003,ELM,NY,AEA,EN,Towers with Radar,0,35,21,0,56,0,0,10,0,10,0,35,31,0,66,82,0,82,148
02/28/2003,ELM,NY,AEA,EN,Towers with Radar,0,40,27,0,67,0,0,22,0,22,0,40,49,0,89,46,0,46,135
03/01/2003,ELM,NY,AEA,EN,Towers with Radar,0,33,10,0,43,0,0,20,0,20,0,33,30,0,63,28,0,28,91
03/02/2003,ELM,NY,AEA,EN,Towers with Radar,0,19,4,0,23,0,0,0,0,0,0,19,4,0,23,0,0,0,23
03/03/2003,ELM,NY,AEA,EN,Towers with Radar,0,23,28,0,51,0,0,13,0,13,0,23,41,0,64,38,0,38,102
03/04/2003,ELM,NY,AEA,EN,Towers with Radar,0,35,35,0,70,0,0,7,0,7,0,35,42,0,77,26,0,26,103
03/05/2003,ELM,NY,AEA,EN,Towers with Radar,0,38,16,0,54,0,0,1,0,1,0,38,17,0,55,8,0,8,63
03/06/2003,ELM,NY,AEA,EN,Towers with Radar,0,31,13,0,44,0,0,0,0,0,0,31,13,0,44,0,0,0,44
03/07/2003,ELM,NY,AEA,EN,Towers with Radar,0,39,33,0,72,0,0,35,0,35,0,39,68,0,107,114,0,114,221
03/08/2003,ELM,NY,AEA,EN,Towers with Radar,0,28,12,0,40,0,2,17,0,19,0,30,29,0,59,36,0,36,95
03/09/2003,ELM,NY,AEA,EN,Towers with Radar,0,18,6,0,24,0,0,4,0,4,0,18,10,0,28,0,0,0,28
03/10/2003,ELM,NY,AEA,EN,Towers with Radar,0,27,20,0,47,0,0,8,0,8,0,27,28,0,55,44,0,44,99
03/11/2003,ELM,NY,AEA,EN,Towers with Radar,0,37,18,0,55,0,2,13,2,17,0,39,31,2,72,50,0,50,122
03/12/2003,ELM,NY,AEA,EN,Towers with Radar,0,39,31,0,70,0,0,24,0,24,0,39,55,0,94,62,0,62,156
03/13/2003,ELM,NY,AEA,EN,Towers with Radar,0,38,15,0,53,0,0,0,0,0,0,38,15,0,53,0,0,0,53
03/14/2003,ELM,NY,AEA,EN,Towers with Radar,0,41,28,0,69,0,0,28,0,28,0,41,56,0,97,110,0,110,207
03/15/2003,ELM,NY,AEA,EN,Towers with Radar,0,32,22,0,54,0,0,49,0,49,0,32,71,0,103,118,0,118,221
03/16/2003,ELM,NY,AEA,EN,Towers with Radar,0,25,8,0,33,0,0,48,0,48,0,25,56,0,81,68,0,68,149
03/17/2003,ELM,NY,AEA,EN,Towers with Radar,0,34,28,0,62,0,0,27,0,27,0,34,55,0,89,68,0,68,157
03/18/2003,ELM,NY,AEA,EN,Towers with Radar,0,53,32,2,87,0,0,5,0,5,0,53,37,2,92,2,0,2,94
03/19/2003,ELM,NY,AEA,EN,Towers with Radar,0,42,29,0,71,0,0,33,0,33,0,42,62,0,104,18,0,18,122
03/20/2003,ELM,NY,AEA,EN,Towers with Radar,0,54,31,0,85,0,0,7,0,7,0,54,38,0,92,2,0,2,94
03/21/2003,ELM,NY,AEA,EN,Towers with Radar,0,47,15,0,62,0,0,18,0,18,0,47,33,0,80,98,0,98,178
03/22/2003,ELM,NY,AEA,EN,Towers with Radar,0,39,7,0,46,0,0,9,0,9,0,39,16,0,55,54,0,54,109
03/23/2003,ELM,NY,AEA,EN,Towers with Radar,0,26,10,0,36,0,0,20,0,20,0,26,30,0,56,50,0,50,106
03/24/2003,ELM,NY,AEA,EN,Towers with Radar,0,36,19,5,60,0,0,28,0,28,0,36,47,5,88,70,0,70,158
03/25/2003,ELM,NY,AEA,EN,Towers with Radar,0,44,25,2,71,0,0,23,0,23,0,44,48,2,94,38,2,40,134
03/26/2003,ELM,NY,AEA,EN,Towers with Radar,0,44,30,0,74,0,0,1,0,1,0,44,31,0,75,26,0,26,101
03/27/2003,ELM,NY,AEA,EN,Towers with Radar,0,46,33,0,79,0,0,19,0,19,0,46,52,0,98,54,0,54,152
03/28/2003,ELM,NY,AEA,EN,Towers with Radar,0,47,22,0,69,0,0,18,0,18,0,47,40,0,87,42,0,42,129
03/29/2003,ELM,NY,AEA,EN,Towers with Radar,0,34,15,0,49,0,0,0,0,0,0,34,15,0,49,0,0,0,49
03/30/2003,ELM,NY,AEA,EN,Towers with Radar,0,22,10,0,32,0,0,0,0,0,0,22,10,0,32,0,0,0,32
03/31/2003,ELM,NY,AEA,EN,Towers with Radar,0,43,23,0,66,0,0,7,5,12,0,43,30,5,78,16,0,16,94
04/01/2003,ELM,NY,AEA,EN,Towers with Radar,0,46,20,0,66,0,1,0,0,1,0,47,20,0,67,24,0,24,91
04/02/2003,ELM,NY,AEA,EN,Towers with Radar,0,49,28,0,77,0,0,12,0,12,0,49,40,0,89,88,0,88,177
04/03/2003,ELM,NY,AEA,EN,Towers with Radar,0,57,30,2,89,0,0,2,0,2,0,57,32,2,91,0,0,0,91
04/04/2003,ELM,NY,AEA,EN,Towers with Radar,0,62,48,0,110,0,0,0,0,0,0,62,48,0,110,0,0,0,110
04/05/2003,ELM,NY,AEA,EN,Towers with Radar,0,42,23,0,65,0,0,11,4,15,0,42,34,4,80,50,0,50,130
04/06/2003,ELM,NY,AEA,EN,Towers with Radar,0,27,17,0,44,0,0,41,0,41,0,27,58,0,85,148,0,148,233
04/07/2003,ELM,NY,AEA,EN,Towers with Radar,0,31,15,0,46,0,0,2,0,2,0,31,17,0,48,0,0,0,48
04/08/2003,ELM,NY,AEA,EN,Towers with Radar,0,39,21,0,60,0,0,6,0,6,0,39,27,0,66,40,0,40,106
04/09/2003,ELM,NY,AEA,EN,Towers with Radar,0,45,25,0,70,0,0,0,0,0,0,45,25,0,70,0,0,0,70
04/10/2003,ELM,NY,AEA,EN,Towers with Radar,0,49,34,0,83,0,0,55,0,55,0,49,89,0,138,100,0,100,238
04/11/2003,ELM,NY,AEA,EN,Towers with Radar,0,49,35,0,84,0,0,25,0,25,0,49,60,0,109,54,0,54,163
04/12/2003,ELM,NY,AEA,EN,Towers with Radar,0,43,17,0,60,0,0,47,0,47,0,43,64,0,107,150,0,150,257
04/13/2003,ELM,NY,AEA,EN,Towers with Radar,0,24,10,0,34,0,0,54,0,54,0,24,64,0,88,38,0,38,126
04/14/2003,ELM,NY,AEA,EN,Towers with Radar,0,36,23,0,59,0,0,23,0,23,0,36,46,0,82,38,0,38,120
04/15/2003,ELM,NY,AEA,EN,Towers with Radar,0,43,23,0,66,0,0,20,0,20,0,43,43,0,86,62,0,62,148
04/16/2003,ELM,NY,AEA,EN,Towers with Radar,0,47,43,0,90,0,0,28,2,30,0,47,71,2,120,72,2,74,194
04/17/2003,ELM,NY,AEA,EN,Towers with Radar,0,48,24,0,72,0,0,31,0,31,0,48,55,0,103,126,0,126,229
04/18/2003,ELM,NY,AEA,EN,Towers with Radar,0,46,24,0,70,0,0,16,0,16,0,46,40,0,86,64,0,64,150
04/19/2003,ELM,NY,AEA,EN,Towers with Radar,0,35,11,0,46,0,0,44,0,44,0,35,55,0,90,76,0,76,166
04/20/2003,ELM,NY,AEA,EN,Towers with Radar,0,23,9,0,32,0,0,12,0,12,0,23,21,0,44,0,0,0,44
04/21/2003,ELM,NY,AEA,EN,Towers with Radar,0,35,12,0,47,0,0,2,0,2,0,35,14,0,49,2,0,2,51
04/22/2003,ELM,NY,AEA,EN,Towers with Radar,0,48,22,0,70,0,0,7,0,7,0,48,29,0,77,44,0,44,121
04/23/2003,ELM,NY,AEA,EN,Towers with Radar,0,35,29,0,64,0,0,21,0,21,0,35,50,0,85,14,0,14,99
04/24/2003,ELM,NY,AEA,EN,Towers with Radar,0,48,33,2,83,0,0,44,0,44,0,48,77,2,127,152,0,152,279
04/25/2003,ELM,NY,AEA,EN,Towers with Radar,0,45,27,1,73,0,0,61,0,61,0,45,88,1,134,174,0,174,308
04/26/2003,ELM,NY,AEA,EN,Towers with Radar,0,30,18,0,48,0,0,4,0,4,0,30,22,0,52,0,0,0,52
04/27/2003,ELM,NY,AEA,EN,Towers with Radar,0,24,18,0,42,0,0,32,0,32,0,24,50,0,74,36,0,36,110
04/28/2003,ELM,NY,AEA,EN,Towers with Radar,0,35,29,0,64,0,1,23,0,24,0,36,52,0,88,30,0,30,118
04/29/2003,ELM,NY,AEA,EN,Towers with Radar,0,40,19,0,59,0,1,22,0,23,0,41,41,0,82,114,0,114,196
04/30/2003,ELM,NY,AEA,EN,Towers with Radar,0,42,26,0,68,0,0,27,0,27,0,42,53,0,95,94,0,94,189
05/01/2003,ELM,NY,AEA,EN,Towers with Radar,0,49,15,0,64,0,0,7,0,7,0,49,22,0,71,32,0,32,103
05/02/2003,ELM,NY,AEA,EN,Towers with Radar,0,44,37,0,81,0,0,2,0,2,0,44,39,0,83,0,0,0,83
05/03/2003,ELM,NY,AEA,EN,Towers with Radar,0,34,7,0,41,0,0,44,0,44,0,34,51,0,85,62,0,62,147
05/04/2003,ELM,NY,AEA,EN,Towers with Radar,0,22,19,0,41,0,0,83,0,83,0,22,102,0,124,92,0,92,216
05/05/2003,ELM,NY,AEA,EN,Towers with Radar,0,46,24,0,70,0,0,13,0,13,0,46,37,0,83,26,0,26,109
05/06/2003,ELM,NY,AEA,EN,Towers with Radar,0,39,32,2,73,0,0,10,0,10,0,39,42,2,83,12,0,12,95
05/07/2003,ELM,NY,AEA,EN,Towers with Radar,0,48,31,2,81,0,0,33,0,33,0,48,64,2,114,50,0,50,164
05/08/2003,ELM,NY,AEA,EN,Towers with Radar,0,46,36,0,82,0,0,23,0,23,0,46,59,0,105,100,0,100,205
05/09/2003,ELM,NY,AEA,EN,Towers with Radar,0,48,30,0,78,0,0,34,0,34,0,48,64,0,112,80,0,80,192
05/10/2003,ELM,NY,AEA,EN,Towers with Radar,0,38,10,0,48,0,0,17,0,17,0,38,27,0,65,36,0,36,101
05/11/2003,ELM,NY,AEA,EN,Towers with Radar,0,24,8,0,32,0,0,10,0,10,0,24,18,0,42,18,0,18,60
05/12/2003,ELM,NY,AEA,EN,Towers with Radar,0,40,30,0,70,0,0,1,0,1,0,40,31,0,71,2,0,2,73
05/13/2003,ELM,NY,AEA,EN,Towers with Radar,0,53,28,0,81,0,0,12,0,12,0,53,40,0,93,2,0,2,95
05/14/2003,ELM,NY,AEA,EN,Towers with Radar,0,49,30,0,79,0,0,45,0,45,0,49,75,0,124,114,0,114,238
05/15/2003,ELM,NY,AEA,EN,Towers with Radar,0,42,24,0,66,0,1,41,0,42,0,43,65,0,108,114,0,114,222
05/16/2003,ELM,NY,AEA,EN,Towers with Radar,0,50,23,0,73,0,0,1,0,1,0,50,24,0,74,0,0,0,74
05/17/2003,ELM,NY,AEA,EN,Towers with Radar,0,37,26,0,63,0,0,34,0,34,0,37,60,0,97,60,0,60,157
05/18/2003,ELM,NY,AEA,EN,Towers with Radar,0,26,18,0,44,0,0,66,0,66,0,26,84,0,110,72,0,72,182
05/19/2003,ELM,NY,AEA,EN,Towers with Radar,0,41,29,0,70,0,2,35,2,39,0,43,64,2,109,58,0,58,167
05/20/2003,ELM,NY,AEA,EN,Towers with Radar,0,46,32,2,80,0,0,30,0,30,0,46,62,2,110,42,0,42,152
05/21/2003,ELM,NY,AEA,EN,Towers with Radar,0,55,33,0,88,0,0,14,0,14,0,55,47,0,102,66,0,66,168
05/22/2003,ELM,NY,AEA,EN,Towers with Radar,0,42,34,2,78,0,0,52,0,52,0,42,86,2,130,90,0,90,220
05/23/2003,ELM,NY,AEA,EN,Towers with Radar,0,50,25,0,75,0,0,12,0,12,0,50,37,0,87,20,0,20,107
05/24/2003,ELM,NY,AEA,EN,Towers with Radar,0,34,17,0,51,0,0,0,0,0,0,34,17,0,51,0,0,0,51
05/25/2003,ELM,NY,AEA,EN,Towers with Radar,0,27,15,0,42,0,0,15,0,15,0,27,30,0,57,0,0,0,57
05/26/2003,ELM,NY,AEA,EN,Towers with Radar,0,31,13,0,44,0,0,0,0,0,0,31,13,0,44,6,0,6,50
05/27/2003,ELM,NY,AEA,EN,Towers with Radar,0,41,25,6,72,0,0,14,0,14,0,41,39,6,86,50,0,50,136
05/28/2003,ELM,NY,AEA,EN,Towers with Radar,0,49,22,0,71,0,0,14,0,14,0,49,36,0,85,36,0,36,121
05/29/2003,ELM,NY,AEA,EN,Towers with Radar,0,49,26,1,76,0,0,55,0,55,0,49,81,1,131,146,0,146,277
05/30/2003,ELM,NY,AEA,EN,Towers with Radar,0,46,44,0,90,0,0,31,0,31,0,46,75,0,121,142,0,142,263
05/31/2003,ELM,NY,AEA,EN,Towers with Radar,0,38,6,0,44,0,0,4,0,4,0,38,10,0,48,0,0,0,48
06/01/2003,ELM,NY,AEA,EN,Towers with Radar,0,25,10,0,35,0,0,0,0,0,0,25,10,0,35,0,0,0,35
06/02/2003,ELM,NY,AEA,EN,Towers with Radar,0,40,28,0,68,0,0,41,0,41,0,40,69,0,109,64,0,64,173
06/03/2003,ELM,NY,AEA,EN,Towers with Radar,0,35,33,0,68,0,1,22,0,23,0,36,55,0,91,32,0,32,123
06/04/2003,ELM,NY,AEA,EN,Towers with Radar,0,48,21,0,69,0,0,1,0,1,0,48,22,0,70,28,0,28,98
06/05/2003,ELM,NY,AEA,EN,Towers with Radar,0,48,28,2,78,0,0,21,0,21,0,48,49,2,99,60,0,60,159
06/06/2003,ELM,NY,AEA,EN,Towers with Radar,0,46,32,0,78,0,0,71,0,71,0,46,103,0,149,184,0,184,333
06/07/2003,ELM,NY,AEA,EN,Towers with Radar,0,39,17,0,56,0,0,5,0,5,0,39,22,0,61,0,0,0,61
06/08/2003,ELM,NY,AEA,EN,Towers with Radar,0,30,36,0,66,0,0,165,0,165,0,30,201,0,231,136,0,136,367
06/09/2003,ELM,NY,AEA,EN,Towers with Radar,0,40,20,0,60,0,1,36,0,37,0,41,56,0,97,58,0,58,155
06/10/2003,ELM,NY,AEA,EN,Towers with Radar,0,46,29,3,78,0,0,50,0,50,0,46,79,3,128,60,0,60,188
06/11/2003,ELM,NY,AEA,EN,Towers with Radar,0,46,25,6,77,0,0,15,8,23,0,46,40,14,100,32,8,40,140
06/12/2003,ELM,NY,AEA,EN,Towers with Radar,0,37,37,0,74,0,0,4,0,4,0,37,41,0,78,28,0,28,106
06/13/2003,ELM,NY,AEA,EN,Towers with Radar,0,47,32,0,79,0,0,0,0,0,0,47,32,0,79,0,0,0,79
06/14/2003,ELM,NY,AEA,EN,Towers with Radar,0,42,20,0,62,0,0,34,0,34,0,42,54,0,96,110,0,110,206
06/15/2003,ELM,NY,AEA,EN,Towers with Radar,0,33,23,0,56,0,0,91,0,91,0,33,114,0,147,82,0,82,229
06/16/2003,ELM,NY,AEA,EN,Towers with Radar,0,41,28,0,69,0,1,51,0,52,0,42,79,0,121,70,0,70,191
06/17/2003,ELM,NY,AEA,EN,Towers with Radar,0,42,19,0,61,0,0,76,0,76,0,42,95,0,137,40,0,40,177
06/18/2003,ELM,NY,AEA,EN,Towers with Radar,0,44,39,0,83,0,0,11,0,11,0,44,50,0,94,28,0,28,122
06/19/2003,ELM,NY,AEA,EN,Towers with Radar,0,50,33,0,83,0,0,10,0,10,0,50,43,0,93,60,0,60,153
06/20/2003,ELM,NY,AEA,EN,Towers with Radar,0,51,42,0,93,0,0,32,0,32,0,51,74,0,125,10,0,10,135
06/21/2003,ELM,NY,AEA,EN,Towers with Radar,0,40,24,0,64,0,0,6,0,6,0,40,30,0,70,0,0,0,70
06/22/2003,ELM,NY,AEA,EN,Towers with Radar,0,31,29,0,60,0,0,36,0,36,0,31,65,0,96,82,0,82,178
06/23/2003,ELM,NY,AEA,EN,Towers with Radar,0,40,25,0,65,0,0,36,0,36,0,40,61,0,101,30,0,30,131
06/24/2003,ELM,NY,AEA,EN,Towers with Radar,0,48,22,0,70,0,0,60,0,60,0,48,82,0,130,50,0,50,180
06/25/2003,ELM,NY,AEA,EN,Towers with Radar,0,46,25,0,71,0,2,76,0,78,0,48,101,0,149,4,0,4,153
06/26/2003,ELM,NY,AEA,EN,Towers with Radar,0,48,26,0,74,0,0,44,0,44,0,48,70,0,118,82,0,82,200
06/27/2003,ELM,NY,AEA,EN,Towers with Radar,0,44,34,0,78,0,0,22,0,22,0,44,56,0,100,38,0,38,138
06/28/2003,ELM,NY,AEA,EN,Towers with Radar,0,37,16,3,56,0,0,54,0,54,0,37,70,3,110,110,0,110,220
06/29/2003,ELM,NY,AEA,EN,Towers with Radar,0,29,22,0,51,0,0,35,0,35,0,29,57,0,86,70,0,70,156
06/30/2003,ELM,NY,AEA,EN,Towers with Radar,0,36,27,0,63,0,0,50,0,50,0,36,77,0,113,114,0,114,227
07/01/2003,ELM,NY,AEA,EN,Towers with Radar,0,47,29,4,80,0,0,37,0,37,0,47,66,4,117,72,6,78,195
07/02/2003,ELM,NY,AEA,EN,Towers with Radar,0,47,22,0,69,0,0,61,0,61,0,47,83,0,130,118,0,118,248
07/03/2003,ELM,NY,AEA,EN,Towers with Radar,0,44,44,0,88,0,0,64,0,64,0,44,108,0,152,104,0,104,256
07/04/2003,ELM,NY,AEA,EN,Towers with Radar,0,36,14,0,50,0,0,37,0,37,0,36,51,0,87,20,0,20,107
07/05/2003,ELM,NY,AEA,EN,Towers with Radar,0,29,20,0,49,0,0,39,0,39,0,29,59,0,88,92,0,92,180
07/06/2003,ELM,NY,AEA,EN,Towers with Radar,0,29,19,0,48,0,0,71,0,71,0,29,90,0,119,88,0,88,207
07/07/2003,ELM,NY,AEA,EN,Towers with Radar,0,34,26,0,60,0,0,36,0,36,0,34,62,0,96,24,0,24,120
07/08/2003,ELM,NY,AEA,EN,Towers with Radar,0,45,25,0,70,0,0,48,0,48,0,45,73,0,118,100,0,100,218
07/09/2003,ELM,NY,AEA,EN,Towers with Radar,0,42,32,0,74,0,0,17,0,17,0,42,49,0,91,50,0,50,141
07/10/2003,ELM,NY,AEA,EN,Towers with Radar,0,42,34,19,95,0,0,29,0,29,0,42,63,19,124,46,40,86,210
07/11/2003,ELM,NY,AEA,EN,Towers with Radar,0,47,34,3,84,0,0,28,0,28,0,47,62,3,112,68,0,68,180
07/12/2003,ELM,NY,AEA,EN,Towers with Radar,0,41,9,1,51,0,0,24,2,26,0,41,33,3,77,98,0,98,175
07/13/2003,ELM,NY,AEA,EN,Towers with Radar,0,27,23,0,50,0,0,59,0,59,0,27,82,0,109,90,0,90,199
07/14/2003,ELM,NY,AEA,EN,Towers with Radar,0,41,20,0,61,0,0,47,0,47,0,41,67,0,108,24,0,24,132
07/15/2003,ELM,NY,AEA,EN,Towers with Radar,0,41,27,0,68,0,0,39,0,39,0,41,66,0,107,36,0,36,143
07/16/2003,ELM,NY,AEA,EN,Towers with Radar,0,41,28,0,69,0,0,31,0,31,0,41,59,0,100,118,0,118,218
07/17/2003,ELM,NY,AEA,EN,Towers with Radar,0,45,26,6,77,0,0,67,1,68,0,45,93,7,145,156,0,156,301
07/18/2003,ELM,NY,AEA,EN,Towers with Radar,0,47,28,0,75,0,0,37,0,37,0,47,65,0,112,88,0,88,200
07/19/2003,ELM,NY,AEA,EN,Towers with Radar,0,36,23,0,59,0,1,124,0,125,0,37,147,0,184,184,0,184,368
07/20/2003,ELM,NY,AEA,EN,Towers with Radar,0,26,16,0,42,0,0,121,0,121,0,26,137,0,163,134,0,134,297
07/21/2003,ELM,NY,AEA,EN,Towers with Radar,0,38,26,0,64,0,0,8,0,8,0,38,34,0,72,36,0,36,108
07/22/2003,ELM,NY,AEA,EN,Towers with Radar,0,44,17,1,62,0,0,24,1,25,0,44,41,2,87,104,12,116,203
07/23/2003,ELM,NY,AEA,EN,Towers with Radar,0,42,27,0,69,0,0,16,0,16,0,42,43,0,85,118,0,118,203
07/24/2003,ELM,NY,AEA,EN,Towers with Radar,0,51,24,0,75,0,0,8,0,8,0,51,32,0,83,44,0,44,127
07/25/2003,ELM,NY,AEA,EN,Towers with Radar,0,47,25,0,72,0,0,89,0,89,0,47,114,0,161,132,0,132,293
07/26/2003,ELM,NY,AEA,EN,Towers with Radar,0,36,29,0,65,0,0,51,0,51,0,36,80,0,116,136,0,136,252
07/27/2003,ELM,NY,AEA,EN,Towers with Radar,0,30,26,0,56,0,0,6,0,6,0,30,32,0,62,0,0,0,62
07/28/2003,ELM,NY,AEA,EN,Towers with Radar,1,38,36,0,75,0,0,38,0,38,1,38,74,0,113,62,0,62,175
07/29/2003,ELM,NY,AEA,EN,Towers with Radar,1,39,48,0,88,0,0,48,0,48,1,39,96,0,136,80,0,80,216
07/30/2003,ELM,NY,AEA,EN,Towers with Radar,0,42,33,0,75,0,0,83,0,83,0,42,116,0,158,76,0,76,234
07/31/2003,ELM,NY,AEA,EN,Towers with Radar,0,42,36,0,78,0,0,63,0,63,0,42,99,0,141,66,0,66,207
08/01/2003,ELM,NY,AEA,EN,Towers with Radar,0,39,41,2,82,0,0,5,0,5,0,39,46,2,87,0,0,0,87
08/02/2003,ELM,NY,AEA,EN,Towers with Radar,0,43,20,0,63,0,0,23,0,23,0,43,43,0,86,94,0,94,180
08/03/2003,ELM,NY,AEA,EN,Towers with Radar,0,24,15,0,39,0,0,5,0,5,0,24,20,0,44,0,0,0,44
08/04/2003,ELM,NY,AEA,EN,Towers with Radar,0,40,34,0,74,0,0,12,0,12,0,40,46,0,86,56,0,56,142
08/05/2003,ELM,NY,AEA,EN,Towers with Radar,0,38,34,0,72,0,0,2,0,2,0,38,36,0,74,66,0,66,140
08/06/2003,ELM,NY,AEA,EN,Towers with Radar,0,46,25,0,71,0,0,7,0,7,0,46,32,0,78,100,0,100,178
08/07/2003,ELM,NY,AEA,EN,Towers with Radar,1,56,80,0,137,0,0,40,0,40,1,56,120,0,177,30,0,30,207
08/08/2003,ELM,NY,AEA,EN,Towers with Radar,0,53,70,0,123,0,1,24,0,25,0,54,94,0,148,4,0,4,152
08/09/2003,ELM,NY,AEA,EN,Towers with Radar,0,42,44,0,86,0,0,13,0,13,0,42,57,0,99,34,0,34,133
08/10/2003,ELM,NY,AEA,EN,Towers with Radar,3,44,92,2,141,0,0,63,2,65,3,44,155,4,206,40,0,40,246
08/11/2003,ELM,NY,AEA,EN,Towers with Radar,4,37,33,1,75,0,0,1,0,1,4,37,34,1,76,0,0,0,76
08/12/2003,ELM,NY,AEA,EN,Towers with Radar,0,46,35,2,83,0,0,13,0,13,0,46,48,2,96,130,2,132,228
08/13/2003,ELM,NY,AEA,EN,Towers with Radar,0,42,32,4,78,0,0,56,0,56,0,42,88,4,134,76,0,76,210
08/14/2003,ELM,NY,AEA,EN,Towers with Radar,0,48,31,0,79,0,0,47,0,47,0,48,78,0,126,92,0,92,218
08/15/2003,ELM,NY,AEA,EN,Towers with Radar,0,38,38,0,76,0,0,42,0,42,0,38,80,0,118,56,0,56,174
08/16/2003,ELM,NY,AEA,EN,Towers with Radar,0,33,19,0,52,0,2,2,0,4,0,35,21,0,56,40,0,40,96
08/17/2003,ELM,NY,AEA,EN,Towers with Radar,0,29,23,0,52,0,0,25,0,25,0,29,48,0,77,26,0,26,103
08/18/2003,ELM,NY,AEA,EN,Towers with Radar,0,36,26,0,62,0,0,52,0,52,0,36,78,0,114,102,0,102,216
08/19/2003,ELM,NY,AEA,EN,Towers with Radar,0,44,13,0,57,0,0,61,0,61,0,44,74,0,118,114,0,114,232
08/20/2003,ELM,NY,AEA,EN,Towers with Radar,0,43,31,0,74,0,0,45,0,45,0,43,76,0,119,136,0,136,255
08/21/2003,ELM,NY,AEA,EN,Towers with Radar,0,39,29,3,71,0,0,28,0,28,0,39,57,3,99,158,0,158,257
08/22/2003,ELM,NY,AEA,EN,Towers with Radar,0,44,31,0,75,0,0,15,0,15,0,44,46,0,90,62,0,62,152
08/23/2003,ELM,NY,AEA,EN,Towers with Radar,0,39,20,0,59,0,0,44,0,44,0,39,64,0,103,90,0,90,193
08/24/2003,ELM,NY,AEA,EN,Towers with Radar,0,24,14,0,38,0,0,48,0,48,0,24,62,0,86,94,0,94,180
08/25/2003,ELM,NY,AEA,EN,Towers with Radar,0,40,21,0,61,0,0,26,0,26,0,40,47,0,87,36,0,36,123
08/26/2003,ELM,NY,AEA,EN,Towers with Radar,0,40,16,0,56,0,0,15,0,15,0,40,31,0,71,12,0,12,83
08/27/2003,ELM,NY,AEA,EN,Towers with Radar,0,49,26,0,75,0,0,21,0,21,0,49,47,0,96,46,0,46,142
08/28/2003,ELM,NY,AEA,EN,Towers with Radar,0,44,31,0,75,0,0,68,0,68,0,44,99,0,143,124,0,124,267
08/29/2003,ELM,NY,AEA,EN,Towers with Radar,0,44,25,2,71,0,0,15,0,15,0,44,40,2,86,86,0,86,172
08/30/2003,ELM,NY,AEA,EN,Towers with Radar,0,39,17,0,56,0,0,25,0,25,0,39,42,0,81,60,0,60,141
08/31/2003,ELM,NY,AEA,EN,Towers with Radar,0,25,19,0,44,0,0,55,0,55,0,25,74,0,99,56,0,56,155
09/01/2003,ELM,NY,AEA,EN,Combined TRACON& Tower with Radar,0,32,18,0,50,0,0,0,0,0,0,32,18,0,50,0,0,0,50
09/02/2003,ELM,NY,AEA,EN,Combined TRACON& Tower with Radar,0,34,22,0,56,0,0,2,5,7,0,34,24,5,63,20,0,20,83
09/03/2003,ELM,NY,AEA,EN,Combined TRACON& Tower with Radar,0,38,23,0,61,0,0,18,0,18,0,38,41,0,79,0,0,0,79
09/04/2003,ELM,NY,AEA,EN,Combined TRACON& Tower with Radar,0,50,39,0,89,0,0,14,0,14,0,50,53,0,103,46,0,46,149
09/05/2003,ELM,NY,AEA,EN,Combined TRACON& Tower with Radar,0,43,21,2,66,0,0,15,0,15,0,43,36,2,81,44,0,44,125
09/06/2003,ELM,NY,AEA,EN,Combined TRACON& Tower with Radar,0,46,28,0,74,0,2,110,0,112,0,48,138,0,186,168,0,168,354
09/07/2003,ELM,NY,AEA,EN,Combined TRACON& Tower with Radar,0,31,28,0,59,0,0,51,0,51,0,31,79,0,110,108,0,108,218
09/08/2003,ELM,NY,AEA,EN,Combined TRACON& Tower with Radar,0,36,29,2,67,0,0,9,0,9,0,36,38,2,76,28,0,28,104
09/09/2003,ELM,NY,AEA,EN,Combined TRACON& Tower with Radar,0,45,25,0,70,0,2,22,0,24,0,47,47,0,94,76,0,76,170
09/10/2003,ELM,NY,AEA,EN,Combined TRACON& Tower with Radar,0,45,21,0,66,0,0,43,0,43,0,45,64,0,109,72,0,72,181
09/11/2003,ELM,NY,AEA,EN,Combined TRACON& Tower with Radar,0,38,19,4,61,0,0,55,0,55,0,38,74,4,116,140,0,140,256
09/12/2003,ELM,NY,AEA,EN,Combined TRACON& Tower with Radar,0,44,31,0,75,0,0,73,0,73,0,44,104,0,148,144,0,144,292
09/13/2003,ELM,NY,AEA,EN,Combined TRACON& Tower with Radar,0,42,36,0,78,0,0,1,0,1,0,42,37,0,79,60,0,60,139
09/14/2003,ELM,NY,AEA,EN,Combined TRACON& Tower with Radar,0,28,22,0,50,0,0,28,0,28,0,28,50,0,78,112,0,112,190
09/15/2003,ELM,NY,AEA,EN,Combined TRACON& Tower with Radar,0,34,28,0,62,0,0,11,0,11,0,34,39,0,73,52,0,52,125
09/16/2003,ELM,NY,AEA,EN,Combined TRACON& Tower with Radar,0,47,17,0,64,0,2,28,0,30,0,49,45,0,94,38,0,38,132
09/17/2003,ELM,NY,AEA,EN,Combined TRACON& Tower with Radar,0,62,31,0,93,0,2,56,0,58,0,64,87,0,151,128,0,128,279
09/18/2003,ELM,NY,AEA,EN,Combined TRACON& Tower with Radar,0,43,15,0,58,0,0,20,0,20,0,43,35,0,78,90,0,90,168
09/19/2003,ELM,NY,AEA,EN,Combined TRACON& Tower with Radar,0,44,15,0,59,0,0,0,0,0,0,44,15,0,59,0,0,0,59
09/20/2003,ELM,NY,AEA,EN,Combined TRACON& Tower with Radar,0,40,17,0,57,0,0,52,0,52,0,40,69,0,109,104,0,104,213
09/21/2003,ELM,NY,AEA,EN,Combined TRACON& Tower with Radar,0,35,25,0,60,0,0,69,0,69,0,35,94,0,129,166,0,166,295
09/22/2003,ELM,NY,AEA,EN,Combined TRACON& Tower with Radar,0,38,26,0,64,0,0,12,0,12,0,38,38,0,76,26,0,26,102
09/23/2003,ELM,NY,AEA,EN,Combined TRACON& Tower with Radar,0,47,19,0,66,0,0,8,0,8,0,47,27,0,74,28,0,28,102
09/24/2003,ELM,NY,AEA,EN,Combined TRACON& Tower with Radar,0,43,31,0,74,0,1,55,0,56,0,44,86,0,130,130,0,130,260
09/25/2003,ELM,NY,AEA,EN,Combined TRACON& Tower with Radar,0,55,31,0,86,0,0,10,0,10,0,55,41,0,96,14,0,14,110
09/26/2003,ELM,NY,AEA,EN,Combined TRACON& Tower with Radar,0,44,33,0,77,0,0,61,0,61,0,44,94,0,138,104,0,104,242
09/27/2003,ELM,NY,AEA,EN,Combined TRACON& Tower with Radar,0,47,17,0,64,0,0,26,0,26,0,47,43,0,90,136,0,136,226
09/28/2003,ELM,NY,AEA,EN,Combined TRACON& Tower with Radar,0,32,26,0,58,0,0,51,0,51,0,32,77,0,109,68,0,68,177
09/29/2003,ELM,NY,AEA,EN,Combined TRACON& Tower with Radar,0,43,30,0,73,0,0,13,0,13,0,43,43,0,86,62,0,62,148
09/30/2003,ELM,NY,AEA,EN,Combined TRACON& Tower with Radar,0,43,28,0,71,0,0,34,0,34,0,43,62,0,105,66,0,66,171
10/01/2003,ELM,NY,AEA,EN,Combined TRACON& Tower with Radar,0,51,31,0,82,0,0,12,1,13,0,51,43,1,95,86,0,86,181
10/02/2003,ELM,NY,AEA,EN,Combined TRACON& Tower with Radar,0,41,36,5,82,0,0,22,0,22,0,41,58,5,104,56,0,56,160
10/03/2003,ELM,NY,AEA,EN,Combined TRACON& Tower with Radar,0,48,30,0,78,0,0,55,0,55,0,48,85,0,133,138,0,138,271
10/04/2003,ELM,NY,AEA,EN,Combined TRACON& Tower with Radar,0,34,34,0,68,0,0,24,0,24,0,34,58,0,92,46,0,46,138
10/05/2003,ELM,NY,AEA,EN,Combined TRACON& Tower with Radar,0,31,31,1,63,0,0,23,0,23,0,31,54,1,86,0,0,0,86
10/06/2003,ELM,NY,AEA,EN,Combined TRACON& Tower with Radar,0,37,26,8,71,0,0,16,0,16,0,37,42,8,87,82,0,82,169
10/07/2003,ELM,NY,AEA,EN,Combined TRACON& Tower with Radar,0,45,30,0,75,0,1,41,0,42,0,46,71,0,117,76,0,76,193
10/08/2003,ELM,NY,AEA,EN,Combined TRACON& Tower with Radar,0,36,22,6,64,0,0,53,0,53,0,36,75,6,117,166,12,178,295
10/09/2003,ELM,NY,AEA,EN,Combined TRACON& Tower with Radar,0,50,31,0,81,0,2,55,0,57,0,52,86,0,138,158,0,158,296
10/10/2003,ELM,NY,AEA,EN,Combined TRACON& Tower with Radar,0,42,44,0,86,0,0,66,0,66,0,42,110,0,152,184,0,184,336
10/11/2003,ELM,NY,AEA,EN,Combined TRACON& Tower with Radar,0,33,24,0,57,0,0,67,0,67,0,33,91,0,124,124,0,124,248
10/12/2003,ELM,NY,AEA,EN,Combined TRACON& Tower with Radar,0,28,22,0,50,0,0,19,0,19,0,28,41,0,69,52,0,52,121
10/13/2003,ELM,NY,AEA,EN,Combined TRACON& Tower with Radar,0,31,33,0,64,0,1,34,0,35,0,32,67,0,99,66,0,66,165
10/14/2003,ELM,NY,AEA,EN,Combined TRACON& Tower with Radar,0,46,25,0,71,0,0,12,0,12,0,46,37,0,83,16,0,16,99
10/15/2003,ELM,NY,AEA,EN,Combined TRACON& Tower with Radar,0,40,29,0,69,0,0,3,0,3,0,40,32,0,72,0,0,0,72
10/16/2003,ELM,NY,AEA,EN,Combined TRACON& Tower with Radar,0,46,25,0,71,0,0,17,0,17,0,46,42,0,88,80,0,80,168
10/17/2003,ELM,NY,AEA,EN,Combined TRACON& Tower with Radar,0,46,28,0,74,0,0,52,2,54,0,46,80,2,128,144,0,144,272
10/18/2003,ELM,NY,AEA,EN,Combined TRACON& Tower with Radar,0,42,19,1,62,0,0,79,0,79,0,42,98,1,141,122,0,122,263
10/19/2003,ELM,NY,AEA,EN,Combined TRACON& Tower with Radar,0,26,15,1,42,0,0,33,0,33,0,26,48,1,75,14,0,14,89
10/20/2003,ELM,NY,AEA,EN,Combined TRACON& Tower with Radar,0,39,26,0,65,0,0,29,0,29,0,39,55,0,94,44,0,44,138
10/21/2003,ELM,NY,AEA,EN,Combined TRACON& Tower with Radar,0,44,35,0,79,0,0,9,0,9,0,44,44,0,88,74,0,74,162
10/22/2003,ELM,NY,AEA,EN,Combined TRACON& Tower with Radar,0,48,21,0,69,0,0,4,0,4,0,48,25,0,73,94,0,94,167
10/23/2003,ELM,NY,AEA,EN,Combined TRACON& Tower with Radar,0,53,27,0,80,0,0,19,0,19,0,53,46,0,99,132,0,132,231
10/24/2003,ELM,NY,AEA,EN,Combined TRACON& Tower with Radar,0,44,39,0,83,0,0,40,0,40,0,44,79,0,123,136,0,136,259
10/25/2003,ELM,NY,AEA,EN,Combined TRACON& Tower with Radar,0,38,24,0,62,0,0,38,0,38,0,38,62,0,100,108,0,108,208
10/26/2003,ELM,NY,AEA,EN,Combined TRACON& Tower with Radar,0,31,7,0,38,0,0,3,0,3,0,31,10,0,41,0,0,0,41
10/27/2003,ELM,NY,AEA,EN,Combined TRACON& Tower with Radar,0,34,32,0,66,0,0,1,0,1,0,34,33,0,67,0,0,0,67
10/28/2003,ELM,NY,AEA,EN,Combined TRACON& Tower with Radar,0,48,26,0,74,0,0,24,0,24,0,48,50,0,98,36,0,36,134
10/29/2003,ELM,NY,AEA,EN,Combined TRACON& Tower with Radar,0,50,29,0,79,0,0,23,0,23,0,50,52,0,102,62,0,62,164
10/30/2003,ELM,NY,AEA,EN,Combined TRACON& Tower with Radar,0,46,32,6,84,0,0,28,0,28,0,46,60,6,112,102,0,102,214
10/31/2003,ELM,NY,AEA,EN,Combined TRACON& Tower with Radar,0,50,38,5,93,0,0,51,0,51,0,50,89,5,144,44,8,52,196
11/01/2003,ELM,NY,AEA,EN,Combined TRACON& Tower with Radar,0,36,21,0,57,0,0,14,0,14,0,36,35,0,71,58,0,58,129
11/02/2003,ELM,NY,AEA,EN,Combined TRACON& Tower with Radar,0,33,26,0,59,0,0,21,0,21,0,33,47,0,80,0,0,0,80
11/03/2003,ELM,NY,AEA,EN,Combined TRACON& Tower with Radar,0,34,27,0,61,0,0,3,0,3,0,34,30,0,64,60,0,60,124
11/04/2003,ELM,NY,AEA,EN,Combined TRACON& Tower with Radar,0,50,32,1,83,0,0,16,0,16,0,50,48,1,99,36,0,36,135
11/05/2003,ELM,NY,AEA,EN,Combined TRACON& Tower with Radar,0,44,24,0,68,0,0,1,0,1,0,44,25,0,69,0,0,0,69
11/06/2003,ELM,NY,AEA,EN,Combined TRACON& Tower with Radar,0,55,25,0,80,0,0,1,0,1,0,55,26,0,81,0,0,0,81
11/07/2003,ELM,NY,AEA,EN,Combined TRACON& Tower with Radar,0,51,34,0,85,0,0,51,0,51,0,51,85,0,136,120,0,120,256
11/08/2003,ELM,NY,AEA,EN,Combined TRACON& Tower with Radar,0,49,16,0,65,0,1,43,0,44,0,50,59,0,109,96,0,96,205
11/09/2003,ELM,NY,AEA,EN,Combined TRACON& Tower with Radar,0,29,29,0,58,0,0,69,0,69,0,29,98,0,127,124,0,124,251
11/10/2003,ELM,NY,AEA,EN,Combined TRACON& Tower with Radar,0,41,25,0,66,0,0,24,0,24,0,41,49,0,90,60,0,60,150
11/11/2003,ELM,NY,AEA,EN,Combined TRACON& Tower with Radar,0,43,18,0,61,0,0,3,0,3,0,43,21,0,64,46,0,46,110
11/12/2003,ELM,NY,AEA,EN,Combined TRACON& Tower with Radar,0,47,16,0,63,0,0,27,0,27,0,47,43,0,90,88,0,88,178
11/13/2003,ELM,NY,AEA,EN,Combined TRACON& Tower with Radar,0,37,25,0,62,0,0,0,0,0,0,37,25,0,62,0,0,0,62
11/14/2003,ELM,NY,AEA,EN,Combined TRACON& Tower with Radar,0,43,21,0,64,0,0,1,0,1,0,43,22,0,65,0,0,0,65
11/15/2003,ELM,NY,AEA,EN,Combined TRACON& Tower with Radar,0,41,24,0,65,0,0,51,0,51,0,41,75,0,116,114,0,114,230
11/16/2003,ELM,NY,AEA,EN,Combined TRACON& Tower with Radar,0,29,16,0,45,0,0,4,0,4,0,29,20,0,49,14,0,14,63
11/17/2003,ELM,NY,AEA,EN,Combined TRACON& Tower with Radar,0,38,27,0,65,0,0,0,0,0,0,38,27,0,65,0,0,0,65
11/18/2003,ELM,NY,AEA,EN,Combined TRACON& Tower with Radar,0,55,28,2,85,0,0,8,1,9,0,55,36,3,94,26,6,32,126
11/19/2003,ELM,NY,AEA,EN,Combined TRACON& Tower with Radar,0,41,33,0,74,0,0,2,0,2,0,41,35,0,76,2,0,2,78
11/20/2003,ELM,NY,AEA,EN,Combined TRACON& Tower with Radar,0,48,36,0,84,0,0,21,0,21,0,48,57,0,105,108,0,108,213
11/21/2003,ELM,NY,AEA,EN,Combined TRACON& Tower with Radar,0,42,34,0,76,0,0,59,0,59,0,42,93,0,135,142,0,142,277
11/22/2003,ELM,NY,AEA,EN,Combined TRACON& Tower with Radar,0,36,14,0,50,0,2,58,0,60,0,38,72,0,110,142,0,142,252
11/23/2003,ELM,NY,AEA,EN,Combined TRACON& Tower with Radar,0,33,19,0,52,0,0,39,0,39,0,33,58,0,91,98,0,98,189
11/24/2003,ELM,NY,AEA,EN,Combined TRACON& Tower with Radar,0,35,20,0,55,0,0,5,0,5,0,35,25,0,60,10,0,10,70
11/25/2003,ELM,NY,AEA,EN,Combined TRACON& Tower with Radar,0,47,22,6,75,0,0,10,0,10,0,47,32,6,85,16,0,16,101
11/26/2003,ELM,NY,AEA,EN,Combined TRACON& Tower with Radar,0,50,25,0,75,0,0,41,0,41,0,50,66,0,116,120,0,120,236
11/27/2003,ELM,NY,AEA,EN,Combined TRACON& Tower with Radar,0,38,7,0,45,0,0,20,0,20,0,38,27,0,65,20,0,20,85
11/28/2003,ELM,NY,AEA,EN,Combined TRACON& Tower with Radar,0,29,3,0,32,0,0,2,0,2,0,29,5,0,34,0,0,0,34
11/29/2003,ELM,NY,AEA,EN,Combined TRACON& Tower with Radar,0,37,13,0,50,0,0,6,0,6,0,37,19,0,56,4,0,4,60
11/30/2003,ELM,NY,AEA,EN,Combined TRACON& Tower with Radar,0,36,25,0,61,0,0,36,0,36,0,36,61,0,97,112,0,112,209
12/01/2003,ELM,NY,AEA,EN,Combined TRACON& Tower with Radar,0,38,18,0,56,0,0,5,0,5,0,38,23,0,61,0,0,0,61
12/02/2003,ELM,NY,AEA,EN,Combined TRACON& Tower with Radar,0,44,13,0,57,0,0,4,0,4,0,44,17,0,61,0,0,0,61
12/03/2003,ELM,NY,AEA,EN,Combined TRACON& Tower with Radar,0,51,24,5,80,0,0,37,0,37,0,51,61,5,117,130,28,158,275
12/04/2003,ELM,NY,AEA,EN,Combined TRACON& Tower with Radar,0,42,26,0,68,0,1,17,0,18,0,43,43,0,86,46,0,46,132
12/05/2003,ELM,NY,AEA,EN,Combined TRACON& Tower with Radar,0,33,32,0,65,0,0,12,0,12,0,33,44,0,77,60,0,60,137
12/06/2003,ELM,NY,AEA,EN,Combined TRACON& Tower with Radar,0,34,14,0,48,0,0,1,0,1,0,34,15,0,49,0,0,0,49
12/07/2003,ELM,NY,AEA,EN,Combined TRACON& Tower with Radar,0,27,17,0,44,0,0,4,0,4,0,27,21,0,48,8,0,8,56
12/08/2003,ELM,NY,AEA,EN,Combined TRACON& Tower with Radar,0,36,25,0,61,0,0,17,0,17,0,36,42,0,78,42,0,42,120
12/09/2003,ELM,NY,AEA,EN,Combined TRACON& Tower with Radar,0,44,31,0,75,0,0,39,0,39,0,44,70,0,114,146,0,146,260
12/10/2003,ELM,NY,AEA,EN,Combined TRACON& Tower with Radar,0,48,33,0,81,0,0,17,0,17,0,48,50,0,98,110,0,110,208
12/11/2003,ELM,NY,AEA,EN,Combined TRACON& Tower with Radar,0,48,31,0,79,0,0,0,0,0,0,48,31,0,79,0,0,0,79
12/12/2003,ELM,NY,AEA,EN,Combined TRACON& Tower with Radar,0,57,21,3,81,0,0,15,0,15,0,57,36,3,96,22,0,22,118
12/13/2003,ELM,NY,AEA,EN,Combined TRACON& Tower with Radar,0,43,30,0,73,0,0,26,0,26,0,43,56,0,99,62,0,62,161
12/14/2003,ELM,NY,AEA,EN,Combined TRACON& Tower with Radar,0,20,5,0,25,0,0,1,0,1,0,20,6,0,26,0,0,0,26
12/15/2003,ELM,NY,AEA,EN,Combined TRACON& Tower with Radar,0,30,15,0,45,0,0,0,0,0,0,30,15,0,45,12,0,12,57
12/16/2003,ELM,NY,AEA,EN,Combined TRACON& Tower with Radar,0,40,34,0,74,0,0,33,0,33,0,40,67,0,107,90,0,90,197
12/17/2003,ELM,NY,AEA,EN,Combined TRACON& Tower with Radar,0,37,20,0,57,0,0,1,0,1,0,37,21,0,58,0,0,0,58
12/18/2003,ELM,NY,AEA,EN,Combined TRACON& Tower with Radar,0,39,30,0,69,0,0,8,0,8,0,39,38,0,77,94,0,94,171
12/19/2003,ELM,NY,AEA,EN,Combined TRACON& Tower with Radar,0,41,32,0,73,0,0,22,0,22,0,41,54,0,95,58,0,58,153
12/20/2003,ELM,NY,AEA,EN,Combined TRACON& Tower with Radar,0,46,26,0,72,0,0,15,0,15,0,46,41,0,87,46,0,46,133
12/21/2003,ELM,NY,AEA,EN,Combined TRACON& Tower with Radar,0,28,8,0,36,0,0,18,0,18,0,28,26,0,54,0,0,0,54
12/22/2003,ELM,NY,AEA,EN,Combined TRACON& Tower with Radar,0,36,27,0,63,0,1,13,0,14,0,37,40,0,77,6,0,6,83
12/23/2003,ELM,NY,AEA,EN,Combined TRACON& Tower with Radar,0,48,17,4,69,0,0,26,0,26,0,48,43,4,95,70,0,70,165
12/24/2003,ELM,NY,AEA,EN,Combined TRACON& Tower with Radar,0,45,10,0,55,0,0,0,0,0,0,45,10,0,55,0,0,0,55
12/25/2003,ELM,NY,AEA,EN,Combined TRACON& Tower with Radar,0,35,4,0,39,0,0,1,0,1,0,35,5,0,40,0,0,0,40
12/26/2003,ELM,NY,AEA,EN,Combined TRACON& Tower with Radar,0,39,6,0,45,0,0,4,0,4,0,39,10,0,49,0,0,0,49
12/27/2003,ELM,NY,AEA,EN,Combined TRACON& Tower with Radar,0,40,21,0,61,0,0,37,0,37,0,40,58,0,98,16,0,16,114
12/28/2003,ELM,NY,AEA,EN,Combined TRACON& Tower with Radar,0,27,14,0,41,0,0,37,0,37,0,27,51,0,78,46,0,46,124
12/29/2003,ELM,NY,AEA,EN,Combined TRACON& Tower with Radar,0,37,13,6,56,0,0,32,0,32,0,37,45,6,88,72,14,86,174
12/30/2003,ELM,NY,AEA,EN,Combined TRACON& Tower with Radar,0,46,7,0,53,0,0,2,0,2,0,46,9,0,55,0,0,0,55
12/31/2003,ELM,NY,AEA,EN,Combined TRACON& Tower with Radar,0,44,15,0,59,0,0,22,0,22,0,44,37,0,81,20,0,20,101
01/01/2004,ELM,NY,AEA,EN,Combined TRACON& Tower with Radar,0,38,7,0,45,0,0,16,0,16,0,38,23,0,61,80,0,80,141
01/02/2004,ELM,NY,AEA,EN,Combined TRACON& Tower with Radar,0,35,10,0,45,0,0,3,0,3,0,35,13,0,48,22,0,22,70
01/03/2004,ELM,NY,AEA,EN,Combined TRACON& Tower with Radar,0,39,18,0,57,0,0,9,0,9,0,39,27,0,66,48,0,48,114
01/04/2004,ELM,NY,AEA,EN,Combined TRACON& Tower with Radar,0,27,3,0,30,0,0,0,0,0,0,27,3,0,30,0,0,0,30
01/05/2004,ELM,NY,AEA,EN,Combined TRACON& Tower with Radar,0,37,18,0,55,0,0,0,0,0,0,37,18,0,55,0,0,0,55
01/06/2004,ELM,NY,AEA,EN,Combined TRACON& Tower with Radar,0,45,20,0,65,0,0,3,0,3,0,45,23,0,68,6,0,6,74
01/07/2004,ELM,NY,AEA,EN,Combined TRACON& Tower with Radar,0,46,22,0,68,0,0,0,0,0,0,46,22,0,68,24,0,24,92
01/08/2004,ELM,NY,AEA,EN,Combined TRACON& Tower with Radar,0,45,20,0,65,0,0,1,0,1,0,45,21,0,66,20,0,20,86
01/09/2004,ELM,NY,AEA,EN,Combined TRACON& Tower with Radar,0,42,24,2,68,0,0,9,0,9,0,42,33,2,77,36,0,36,113
01/10/2004,ELM,NY,AEA,EN,Combined TRACON& Tower with Radar,0,33,13,0,46,0,0,24,0,24,0,33,37,0,70,16,0,16,86
01/11/2004,ELM,NY,AEA,EN,Combined TRACON& Tower with Radar,0,27,3,3,33,0,0,5,1,6,0,27,8,4,39,0,0,0,39
01/12/2004,ELM,NY,AEA,EN,Combined TRACON& Tower with Radar,0,36,16,4,56,0,0,3,0,3,0,36,19,4,59,4,6,10,69
01/13/2004,ELM,NY,AEA,EN,Combined TRACON& Tower with Radar,0,45,15,0,60,0,0,0,0,0,0,45,15,0,60,0,0,0,60
01/14/2004,ELM,NY,AEA,EN,Combined TRACON& Tower with Radar,0,36,24,0,60,0,0,2,0,2,0,36,26,0,62,8,0,8,70
01/15/2004,ELM,NY,AEA,EN,Combined TRACON& Tower with Radar,0,48,16,0,64,0,0,1,0,1,0,48,17,0,65,0,0,0,65
01/16/2004,ELM,NY,AEA,EN,Combined TRACON& Tower with Radar,0,43,15,0,58,0,2,3,0,5,0,45,18,0,63,0,0,0,63
01/17/2004,ELM,NY,AEA,EN,Combined TRACON& Tower with Radar,0,36,10,0,46,0,0,7,0,7,0,36,17,0,53,0,0,0,53
01/18/2004,ELM,NY,AEA,EN,Combined TRACON& Tower with Radar,0,26,11,0,37,0,0,0,0,0,0,26,11,0,37,22,0,22,59
01/19/2004,ELM,NY,AEA,EN,Combined TRACON& Tower with Radar,0,35,16,0,51,0,0,1,0,1,0,35,17,0,52,0,0,0,52
01/20/2004,ELM,NY,AEA,EN,Combined TRACON& Tower with Radar,0,43,18,0,61,0,0,4,0,4,0,43,22,0,65,16,0,16,81
01/21/2004,ELM,NY,AEA,EN,Combined TRACON& Tower with Radar,0,42,19,0,61,0,0,20,0,20,0,42,39,0,81,24,0,24,105
01/22/2004,ELM,NY,AEA,EN,Combined TRACON& Tower with Radar,0,49,20,0,69,0,0,0,0,0,0,49,20,0,69,22,0,22,91
01/23/2004,ELM,NY,AEA,EN,Combined TRACON& Tower with Radar,0,38,16,0,54,0,0,17,0,17,0,38,33,0,71,40,0,40,111
01/24/2004,ELM,NY,AEA,EN,Combined TRACON& Tower with Radar,0,41,4,0,45,0,0,0,0,0,0,41,4,0,45,30,0,30,75
01/25/2004,ELM,NY,AEA,EN,Combined TRACON& Tower with Radar,0,26,4,0,30,0,0,13,0,13,0,26,17,0,43,48,0,48,91
01/26/2004,ELM,NY,AEA,EN,Combined TRACON& Tower with Radar,0,34,21,0,55,0,0,0,0,0,0,34,21,0,55,8,0,8,63
01/27/2004,ELM,NY,AEA,EN,Combined TRACON& Tower with Radar,0,41,13,0,54,0,0,0,0,0,0,41,13,0,54,0,0,0,54
01/28/2004,ELM,NY,AEA,EN,Combined TRACON& Tower with Radar,0,38,19,0,57,0,0,0,0,0,0,38,19,0,57,48,0,48,105
01/29/2004,ELM,NY,AEA,EN,Combined TRACON& Tower with Radar,0,44,21,0,65,0,0,1,1,2,0,44,22,1,67,54,0,54,121
01/30/2004,ELM,NY,AEA,EN,Combined TRACON& Tower with Radar,0,51,40,0,91,0,1,12,0,13,0,52,52,0,104,44,0,44,148
01/31/2004,ELM,NY,AEA,EN,Combined TRACON& Tower with Radar,0,35,5,0,40,0,0,4,0,4,0,35,9,0,44,14,0,14,58
02/01/2004,ELM,NY,AEA,EN,Combined TRACON& Tower with Radar,0,26,5,0,31,0,0,23,0,23,0,26,28,0,54,12,0,12,66
02/02/2004,ELM,NY,AEA,EN,Combined TRACON& Tower with Radar,0,35,13,0,48,0,0,15,0,15,0,35,28,0,63,26,0,26,89
02/03/2004,ELM,NY,AEA,EN,Combined TRACON& Tower with Radar,0,38,16,0,54,0,0,0,0,0,0,38,16,0,54,0,0,0,54
02/04/2004,ELM,NY,AEA,EN,Combined TRACON& Tower with Radar,0,45,25,0,70,0,0,3,0,3,0,45,28,0,73,22,0,22,95
02/05/2004,ELM,NY,AEA,EN,Combined TRACON& Tower with Radar,0,43,28,0,71,0,0,16,0,16,0,43,44,0,87,28,0,28,115
02/06/2004,ELM,NY,AEA,EN,Combined TRACON& Tower with Radar,0,40,14,0,54,0,0,0,0,0,0,40,14,0,54,0,0,0,54
02/07/2004,ELM,NY,AEA,EN,Combined TRACON& Tower with Radar,0,41,10,0,51,0,0,0,0,0,0,41,10,0,51,0,0,0,51
02/08/2004,ELM,NY,AEA,EN,Combined TRACON& Tower with Radar,0,28,4,0,32,0,0,4,0,4,0,28,8,0,36,0,0,0,36
02/09/2004,ELM,NY,AEA,EN,Combined TRACON& Tower with Radar,0,34,16,0,50,0,0,14,0,14,0,34,30,0,64,66,0,66,130
02/10/2004,ELM,NY,AEA,EN,Combined TRACON& Tower with Radar,0,36,24,0,60,0,0,16,0,16,0,36,40,0,76,50,0,50,126
02/11/2004,ELM,NY,AEA,EN,Combined TRACON& Tower with Radar,0,40,27,3,70,0,0,4,0,4,0,40,31,3,74,0,0,0,74
02/12/2004,ELM,NY,AEA,EN,Combined TRACON& Tower with Radar,0,43,24,0,67,0,0,1,0,1,0,43,25,0,68,30,0,30,98
02/13/2004,ELM,NY,AEA,EN,Combined TRACON& Tower with Radar,0,35,19,0,54,0,0,11,0,11,0,35,30,0,65,60,0,60,125
02/14/2004,ELM,NY,AEA,EN,Combined TRACON& Tower with Radar,0,36,5,0,41,0,0,11,0,11,0,36,16,0,52,14,0,14,66
02/15/2004,ELM,NY,AEA,EN,Combined TRACON& Tower with Radar,0,30,14,0,44,0,0,19,0,19,0,30,33,0,63,20,0,20,83
02/16/2004,ELM,NY,AEA,EN,Combined TRACON& Tower with Radar,0,33,17,0,50,0,0,10,0,10,0,33,27,0,60,38,0,38,98
02/17/2004,ELM,NY,AEA,EN,Combined TRACON& Tower with Radar,0,38,27,3,68,0,0,11,0,11,0,38,38,3,79,52,8,60,139
02/18/2004,ELM,NY,AEA,EN,Combined TRACON& Tower with Radar,0,39,29,4,72,0,0,9,0,9,0,39,38,4,81,64,8,72,153
02/19/2004,ELM,NY,AEA,EN,Combined TRACON& Tower with Radar,0,38,34,0,72,0,0,8,0,8,0,38,42,0,80,12,0,12,92
02/20/2004,ELM,NY,AEA,EN,Combined TRACON& Tower with Radar,0,42,22,0,64,0,1,2,0,3,0,43,24,0,67,0,0,0,67
02/21/2004,ELM,NY,AEA,EN,Combined TRACON& Tower with Radar,0,34,3,0,37,0,0,0,0,0,0,34,3,0,37,0,0,0,37
02/22/2004,ELM,NY,AEA,EN,Combined TRACON& Tower with Radar,0,27,19,0,46,0,0,1,0,1,0,27,20,0,47,0,0,0,47
02/23/2004,ELM,NY,AEA,EN,Combined TRACON& Tower with Radar,0,36,21,4,61,0,0,27,0,27,0,36,48,4,88,26,18,44,132
02/24/2004,ELM,NY,AEA,EN,Combined TRACON& Tower with Radar,0,40,22,0,62,0,0,4,0,4,0,40,26,0,66,0,0,0,66
02/25/2004,ELM,NY,AEA,EN,Combined TRACON& Tower with Radar,0,37,23,6,66,0,0,17,0,17,0,37,40,6,83,28,4,32,115
02/26/2004,ELM,NY,AEA,EN,Combined TRACON& Tower with Radar,0,44,29,0,73,0,0,34,0,34,0,44,63,0,107,34,0,34,141
02/27/2004,ELM,NY,AEA,EN,Combined TRACON& Tower with Radar,0,43,25,4,72,0,2,14,0,16,0,45,39,4,88,46,20,66,154
02/28/2004,ELM,NY,AEA,EN,Combined TRACON& Tower with Radar,0,31,13,0,44,0,0,50,0,50,0,31,63,0,94,120,0,120,214
02/29/2004,ELM,NY,AEA,EN,Combined TRACON& Tower with Radar,0,26,14,0,40,0,6,37,0,43,0,32,51,0,83,46,0,46,129
03/01/2004,ELM,NY,AEA,EN,Combined TRACON& Tower with Radar,0,32,22,0,54,0,0,22,0,22,0,32,44,0,76,48,0,48,124
03/02/2004,ELM,NY,AEA,EN,Combined TRACON& Tower with Radar,0,38,23,0,61,0,0,4,0,4,0,38,27,0,65,38,0,38,103
03/03/2004,ELM,NY,AEA,EN,Combined TRACON& Tower with Radar,0,42,34,0,76,0,1,13,0,14,0,43,47,0,90,68,0,68,158
03/04/2004,ELM,NY,AEA,EN,Combined TRACON& Tower with Radar,1,38,40,1,80,0,0,1,0,1,1,38,41,1,81,24,0,24,105
03/05/2004,ELM,NY,AEA,EN,Combined TRACON& Tower with Radar,0,41,28,0,69,0,0,12,0,12,0,41,40,0,81,58,0,58,139
03/06/2004,ELM,NY,AEA,EN,Combined TRACON& Tower with Radar,0,40,15,0,55,0,0,0,0,0,0,40,15,0,55,0,0,0,55
03/07/2004,ELM,NY,AEA,EN,Combined TRACON& Tower with Radar,0,25,14,0,39,0,0,4,0,4,0,25,18,0,43,10,0,10,53
03/08/2004,ELM,NY,AEA,EN,Combined TRACON& Tower with Radar,0,29,22,0,51,0,0,0,0,0,0,29,22,0,51,18,0,18,69
03/09/2004,ELM,NY,AEA,EN,Combined TRACON& Tower with Radar,0,40,24,0,64,0,0,4,0,4,0,40,28,0,68,34,0,34,102
03/10/2004,ELM,NY,AEA,EN,Combined TRACON& Tower with Radar,0,37,21,0,58,0,0,6,0,6,0,37,27,0,64,24,0,24,88
03/11/2004,ELM,NY,AEA,EN,Combined TRACON& Tower with Radar,0,42,19,0,61,0,0,31,0,31,0,42,50,0,92,0,0,0,92
03/12/2004,ELM,NY,AEA,EN,Combined TRACON& Tower with Radar,0,43,18,0,61,0,0,1,0,1,0,43,19,0,62,0,0,0,62
03/13/2004,ELM,NY,AEA,EN,Combined TRACON& Tower with Radar,0,37,12,0,49,0,0,2,0,2,0,37,14,0,51,0,0,0,51
03/14/2004,ELM,NY,AEA,EN,Combined TRACON& Tower with Radar,0,27,15,0,42,0,0,16,0,16,0,27,31,0,58,34,0,34,92
03/15/2004,ELM,NY,AEA,EN,Combined TRACON& Tower with Radar,0,36,26,0,62,0,0,4,0,4,0,36,30,0,66,6,0,6,72
03/16/2004,ELM,NY,AEA,EN,Combined TRACON& Tower with Radar,0,35,15,0,50,0,0,0,0,0,0,35,15,0,50,0,0,0,50
03/17/2004,ELM,NY,AEA,EN,Combined TRACON& Tower with Radar,0,33,19,0,52,0,0,2,0,2,0,33,21,0,54,20,0,20,74
03/18/2004,ELM,NY,AEA,EN,Combined TRACON& Tower with Radar,0,44,29,0,73,0,0,5,0,5,0,44,34,0,78,28,0,28,106
03/19/2004,ELM,NY,AEA,EN,Combined TRACON& Tower with Radar,0,38,27,0,65,0,0,26,0,26,0,38,53,0,91,50,0,50,141
03/20/2004,ELM,NY,AEA,EN,Combined TRACON& Tower with Radar,0,34,15,0,49,0,0,24,0,24,0,34,39,0,73,42,0,42,115
03/21/2004,ELM,NY,AEA,EN,Combined TRACON& Tower with Radar,0,28,13,0,41,0,0,0,0,0,0,28,13,0,41,0,0,0,41
03/22/2004,ELM,NY,AEA,EN,Combined TRACON& Tower with Radar,0,31,25,0,56,0,0,7,0,7,0,31,32,0,63,26,0,26,89
03/23/2004,ELM,NY,AEA,EN,Combined TRACON& Tower with Radar,0,37,29,0,66,0,1,16,0,17,0,38,45,0,83,58,0,58,141
03/24/2004,ELM,NY,AEA,EN,Combined TRACON& Tower with Radar,0,43,37,3,83,0,1,15,0,16,0,44,52,3,99,34,18,52,151
03/25/2004,ELM,NY,AEA,EN,Combined TRACON& Tower with Radar,0,41,40,2,83,0,0,17,0,17,0,41,57,2,100,62,20,82,182
03/26/2004,ELM,NY,AEA,EN,Combined TRACON& Tower with Radar,0,44,34,0,78,0,0,16,0,16,0,44,50,0,94,52,0,52,146
03/27/2004,ELM,NY,AEA,EN,Combined TRACON& Tower with Radar,0,31,25,0,56,0,0,0,0,0,0,31,25,0,56,0,0,0,56
03/28/2004,ELM,NY,AEA,EN,Combined TRACON& Tower with Radar,0,27,24,0,51,0,0,54,0,54,0,27,78,0,105,84,0,84,189
03/29/2004,ELM,NY,AEA,EN,Combined TRACON& Tower with Radar,0,31,23,0,54,0,0,13,0,13,0,31,36,0,67,32,0,32,99
03/30/2004,ELM,NY,AEA,EN,Combined TRACON& Tower with Radar,0,38,23,3,64,0,0,14,0,14,0,38,37,3,78,26,0,26,104
03/31/2004,ELM,NY,AEA,EN,Combined TRACON& Tower with Radar,0,43,28,0,71,0,0,23,0,23,0,43,51,0,94,30,0,30,124
04/01/2004,ELM,NY,AEA,EN,Combined TRACON& Tower with Radar,0,41,22,0,63,0,0,2,0,2,0,41,24,0,65,0,0,0,65
04/02/2004,ELM,NY,AEA,EN,Combined TRACON& Tower with Radar,0,41,30,0,71,0,0,20,0,20,0,41,50,0,91,0,0,0,91
04/03/2004,ELM,NY,AEA,EN,Combined TRACON& Tower with Radar,0,40,12,4,56,0,0,0,0,0,0,40,12,4,56,0,0,0,56
04/04/2004,ELM,NY,AEA,EN,Combined TRACON& Tower with Radar,0,32,7,0,39,0,0,1,0,1,0,32,8,0,40,0,0,0,40
04/05/2004,ELM,NY,AEA,EN,Combined TRACON& Tower with Radar,0,36,12,0,48,0,0,2,0,2,0,36,14,0,50,0,0,0,50
04/06/2004,ELM,NY,AEA,EN,Combined TRACON& Tower with Radar,0,43,17,0,60,0,0,23,0,23,0,43,40,0,83,34,0,34,117
04/07/2004,ELM,NY,AEA,EN,Combined TRACON& Tower with Radar,0,39,31,0,70,0,0,24,0,24,0,39,55,0,94,208,0,208,302
04/08/2004,ELM,NY,AEA,EN,Combined TRACON& Tower with Radar,0,40,49,0,89,0,0,34,0,34,0,40,83,0,123,152,0,152,275
04/09/2004,ELM,NY,AEA,EN,Combined TRACON& Tower with Radar,0,41,13,0,54,0,0,41,0,41,0,41,54,0,95,44,0,44,139
04/10/2004,ELM,NY,AEA,EN,Combined TRACON& Tower with Radar,0,31,20,0,51,0,0,42,0,42,0,31,62,0,93,54,0,54,147
04/11/2004,ELM,NY,AEA,EN,Combined TRACON& Tower with Radar,0,31,10,2,43,0,0,28,0,28,0,31,38,2,71,34,10,44,115
04/12/2004,ELM,NY,AEA,EN,Combined TRACON& Tower with Radar,0,35,26,0,61,0,0,34,0,34,0,35,60,0,95,52,0,52,147
04/13/2004,ELM,NY,AEA,EN,Combined TRACON& Tower with Radar,0,41,20,0,61,0,0,0,0,0,0,41,20,0,61,0,0,0,61
04/14/2004,ELM,NY,AEA,EN,Combined TRACON& Tower with Radar,0,40,30,0,70,0,0,12,0,12,0,40,42,0,82,170,4,174,256
04/15/2004,ELM,NY,AEA,EN,Combined TRACON& Tower with Radar,0,41,32,0,73,0,0,52,0,52,0,41,84,0,125,112,0,112,237
04/16/2004,ELM,NY,AEA,EN,Combined TRACON& Tower with Radar,0,46,11,0,57,0,1,44,0,45,0,47,55,0,102,124,0,124,226
04/17/2004,ELM,NY,AEA,EN,Combined TRACON& Tower with Radar,0,39,23,0,62,0,0,33,0,33,0,39,56,0,95,54,0,54,149
04/18/2004,ELM,NY,AEA,EN,Combined TRACON& Tower with Radar,0,35,13,0,48,0,0,14,0,14,0,35,27,0,62,0,0,0,62
04/19/2004,ELM,NY,AEA,EN,Combined TRACON& Tower with Radar,0,34,13,0,47,0,0,0,0,0,0,34,13,0,47,6,0,6,53
04/20/2004,ELM,NY,AEA,EN,Combined TRACON& Tower with Radar,0,41,22,4,67,0,0,17,2,19,0,41,39,6,86,52,10,62,148
04/21/2004,ELM,NY,AEA,EN,Combined TRACON& Tower with Radar,0,39,26,0,65,0,0,14,0,14,0,39,40,0,79,28,0,28,107
04/22/2004,ELM,NY,AEA,EN,Combined TRACON& Tower with Radar,0,44,23,2,69,0,0,21,2,23,0,44,44,4,92,52,0,52,144
04/23/2004,ELM,NY,AEA,EN,Combined TRACON& Tower with Radar,0,36,28,0,64,0,0,0,0,0,0,36,28,0,64,26,0,26,90
04/24/2004,ELM,NY,AEA,EN,Combined TRACON& Tower with Radar,0,33,13,0,46,0,0,40,0,40,0,33,53,0,86,74,0,74,160
04/25/2004,ELM,NY,AEA,EN,Combined TRACON& Tower with Radar,0,32,15,0,47,0,0,3,0,3,0,32,18,0,50,0,0,0,50
04/26/2004,ELM,NY,AEA,EN,Combined TRACON& Tower with Radar,0,33,24,0,57,0,0,7,0,7,0,33,31,0,64,20,0,20,84
04/27/2004,ELM,NY,AEA,EN,Combined TRACON& Tower with Radar,0,36,20,0,56,0,0,30,0,30,0,36,50,0,86,48,0,48,134
04/28/2004,ELM,NY,AEA,EN,Combined TRACON& Tower with Radar,0,39,29,0,68,0,0,78,0,78,0,39,107,0,146,82,0,82,228
04/29/2004,ELM,NY,AEA,EN,Combined TRACON& Tower with Radar,0,46,28,0,74,0,0,52,0,52,0,46,80,0,126,64,0,64,190
04/30/2004,ELM,NY,AEA,EN,Combined TRACON& Tower with Radar,0,38,36,0,74,0,0,52,0,52,0,38,88,0,126,148,0,148,274
05/01/2004,ELM,NY,AEA,EN,Combined TRACON& Tower with Radar,0,32,15,0,47,0,0,25,0,25,0,32,40,0,72,0,0,0,72
05/02/2004,ELM,NY,AEA,EN,Combined TRACON& Tower with Radar,0,28,10,0,38,0,0,2,0,2,0,28,12,0,40,0,0,0,40
05/03/2004,ELM,NY,AEA,EN,Combined TRACON& Tower with Radar,0,35,24,0,59,0,0,5,0,5,0,35,29,0,64,20,0,20,84
05/04/2004,ELM,NY,AEA,EN,Combined TRACON& Tower with Radar,0,46,31,0,77,0,0,14,2,16,0,46,45,2,93,38,0,38,131
05/05/2004,ELM,NY,AEA,EN,Combined TRACON& Tower with Radar,0,42,37,0,79,0,0,22,0,22,0,42,59,0,101,38,0,38,139
05/06/2004,ELM,NY,AEA,EN,Combined TRACON& Tower with Radar,0,48,34,0,82,0,0,52,0,52,0,48,86,0,134,84,0,84,218
05/07/2004,ELM,NY,AEA,EN,Combined TRACON& Tower with Radar,0,47,33,0,80,0,0,48,0,48,0,47,81,0,128,106,0,106,234
05/08/2004,ELM,NY,AEA,EN,Combined TRACON& Tower with Radar,0,35,9,0,44,0,0,20,0,20,0,35,29,0,64,30,0,30,94
05/09/2004,ELM,NY,AEA,EN,Combined TRACON& Tower with Radar,0,29,25,0,54,0,0,13,0,13,0,29,38,0,67,0,0,0,67
05/10/2004,ELM,NY,AEA,EN,Combined TRACON& Tower with Radar,0,38,30,0,68,0,0,11,0,11,0,38,41,0,79,10,0,10,89
05/11/2004,ELM,NY,AEA,EN,Combined TRACON& Tower with Radar,0,40,29,0,69,0,0,22,0,22,0,40,51,0,91,22,0,22,113
05/12/2004,ELM,NY,AEA,EN,Combined TRACON& Tower with Radar,0,45,31,2,78,0,0,23,0,23,0,45,54,2,101,14,0,14,115
05/13/2004,ELM,NY,AEA,EN,Combined TRACON& Tower with Radar,0,41,31,0,72,0,0,16,0,16,0,41,47,0,88,30,0,30,118
05/14/2004,ELM,NY,AEA,EN,Combined TRACON& Tower with Radar,0,40,37,0,77,0,0,21,0,21,0,40,58,0,98,32,0,32,130
05/15/2004,ELM,NY,AEA,EN,Combined TRACON& Tower with Radar,0,35,6,0,41,0,0,10,0,10,0,35,16,0,51,22,0,22,73
05/16/2004,ELM,NY,AEA,EN,Combined TRACON& Tower with Radar,0,28,25,0,53,0,0,15,0,15,0,28,40,0,68,26,0,26,94
05/17/2004,ELM,NY,AEA,EN,Combined TRACON& Tower with Radar,0,31,29,0,60,0,0,39,0,39,0,31,68,0,99,30,0,30,129
05/18/2004,ELM,NY,AEA,EN,Combined TRACON& Tower with Radar,0,38,38,0,76,0,0,35,0,35,0,38,73,0,111,38,0,38,149
05/19/2004,ELM,NY,AEA,EN,Combined TRACON& Tower with Radar,0,46,24,0,70,0,0,32,0,32,0,46,56,0,102,128,0,128,230
05/20/2004,ELM,NY,AEA,EN,Combined TRACON& Tower with Radar,0,39,30,0,69,0,0,10,0,10,0,39,40,0,79,32,0,32,111
05/21/2004,ELM,NY,AEA,EN,Combined TRACON& Tower with Radar,0,36,29,0,65,0,0,2,0,2,0,36,31,0,67,16,0,16,83
05/22/2004,ELM,NY,AEA,EN,Combined TRACON& Tower with Radar,0,38,22,0,60,0,0,39,0,39,0,38,61,0,99,48,0,48,147
05/23/2004,ELM,NY,AEA,EN,Combined TRACON& Tower with Radar,0,40,21,0,61,0,0,16,0,16,0,40,37,0,77,32,0,32,109
05/24/2004,ELM,NY,AEA,EN,Combined TRACON& Tower with Radar,0,37,27,0,64,0,0,8,0,8,0,37,35,0,72,4,0,4,76
05/25/2004,ELM,NY,AEA,EN,Combined TRACON& Tower with Radar,0,51,38,4,93,0,0,13,0,13,0,51,51,4,106,6,14,20,126
05/26/2004,ELM,NY,AEA,EN,Combined TRACON& Tower with Radar,0,34,31,0,65,0,0,2,0,2,0,34,33,0,67,0,0,0,67
05/27/2004,ELM,NY,AEA,EN,Combined TRACON& Tower with Radar,0,52,32,0,84,0,0,41,0,41,0,52,73,0,125,102,0,102,227
05/28/2004,ELM,NY,AEA,EN,Combined TRACON& Tower with Radar,0,41,31,0,72,0,0,23,0,23,0,41,54,0,95,98,0,98,193
05/29/2004,ELM,NY,AEA,EN,Combined TRACON& Tower with Radar,0,27,7,0,34,0,0,41,0,41,0,27,48,0,75,56,0,56,131
05/30/2004,ELM,NY,AEA,EN,Combined TRACON& Tower with Radar,0,28,26,0,54,0,0,49,0,49,0,28,75,0,103,76,0,76,179
05/31/2004,ELM,NY,AEA,EN,Combined TRACON& Tower with Radar,0,29,14,0,43,0,0,21,0,21,0,29,35,0,64,2,0,2,66
06/01/2004,ELM,NY,AEA,EN,Combined TRACON& Tower with Radar,0,33,20,0,53,0,0,10,0,10,0,33,30,0,63,2,0,2,65
06/02/2004,ELM,NY,AEA,EN,Combined TRACON& Tower with Radar,0,45,43,0,88,0,1,27,0,28,0,46,70,0,116,20,0,20,136
06/03/2004,ELM,NY,AEA,EN,Combined TRACON& Tower with Radar,0,44,21,0,65,0,1,29,0,30,0,45,50,0,95,52,0,52,147
06/04/2004,ELM,NY,AEA,EN,Combined TRACON& Tower with Radar,0,45,35,4,84,0,0,63,1,64,0,45,98,5,148,64,22,86,234
06/05/2004,ELM,NY,AEA,EN,Combined TRACON& Tower with Radar,0,31,24,0,55,0,0,12,0,12,0,31,36,0,67,6,0,6,73
06/06/2004,ELM,NY,AEA,EN,Combined TRACON& Tower with Radar,0,34,24,2,60,0,0,6,0,6,0,34,30,2,66,0,0,0,66
06/07/2004,ELM,NY,AEA,EN,Combined TRACON& Tower with Radar,0,32,19,0,51,0,0,20,0,20,0,32,39,0,71,34,0,34,105
06/08/2004,ELM,NY,AEA,EN,Combined TRACON& Tower with Radar,0,48,23,0,71,0,1,30,0,31,0,49,53,0,102,48,0,48,150
06/09/2004,ELM,NY,AEA,EN,Combined TRACON& Tower with Radar,0,44,27,0,71,0,0,42,0,42,0,44,69,0,113,64,0,64,177
06/10/2004,ELM,NY,AEA,EN,Combined TRACON& Tower with Radar,0,40,23,0,63,0,0,19,0,19,0,40,42,0,82,32,0,32,114
06/11/2004,ELM,NY,AEA,EN,Combined TRACON& Tower with Radar,0,46,35,0,81,0,0,50,0,50,0,46,85,0,131,86,0,86,217
06/12/2004,ELM,NY,AEA,EN,Combined TRACON& Tower with Radar,0,28,16,0,44,0,0,62,0,62,0,28,78,0,106,52,0,52,158
06/13/2004,ELM,NY,AEA,EN,Combined TRACON& Tower with Radar,0,30,16,0,46,0,0,67,0,67,0,30,83,0,113,0,0,0,113
06/14/2004,ELM,NY,AEA,EN,Combined TRACON& Tower with Radar,0,35,18,0,53,0,0,17,0,17,0,35,35,0,70,22,0,22,92
06/15/2004,ELM,NY,AEA,EN,Combined TRACON& Tower with Radar,0,40,23,0,63,0,0,22,0,22,0,40,45,0,85,36,0,36,121
06/16/2004,ELM,NY,AEA,EN,Combined TRACON& Tower with Radar,0,43,27,0,70,0,0,40,0,40,0,43,67,0,110,58,0,58,168
06/17/2004,ELM,NY,AEA,EN,Combined TRACON& Tower with Radar,0,39,41,0,80,0,0,8,0,8,0,39,49,0,88,72,0,72,160
06/18/2004,ELM,NY,AEA,EN,Combined TRACON& Tower with Radar,0,44,49,0,93,0,0,28,0,28,0,44,77,0,121,22,0,22,143
06/19/2004,ELM,NY,AEA,EN,Combined TRACON& Tower with Radar,0,30,20,0,50,0,0,34,0,34,0,30,54,0,84,34,0,34,118
06/20/2004,ELM,NY,AEA,EN,Combined TRACON& Tower with Radar,0,36,30,0,66,0,0,78,0,78,0,36,108,0,144,48,0,48,192
06/21/2004,ELM,NY,AEA,EN,Combined TRACON& Tower with Radar,0,36,37,0,73,0,0,34,0,34,0,36,71,0,107,16,0,16,123
06/22/2004,ELM,NY,AEA,EN,Combined TRACON& Tower with Radar,0,39,28,0,67,0,0,6,0,6,0,39,34,0,73,12,0,12,85
06/23/2004,ELM,NY,AEA,EN,Combined TRACON& Tower with Radar,0,42,37,0,79,0,0,62,0,62,0,42,99,0,141,72,0,72,213
06/24/2004,ELM,NY,AEA,EN,Combined TRACON& Tower with Radar,0,40,35,0,75,0,0,43,0,43,0,40,78,0,118,102,0,102,220
06/25/2004,ELM,NY,AEA,EN,Combined TRACON& Tower with Radar,0,42,41,0,83,0,0,38,0,38,0,42,79,0,121,38,0,38,159
06/26/2004,ELM,NY,AEA,EN,Combined TRACON& Tower with Radar,0,30,19,0,49,0,0,38,0,38,0,30,57,0,87,84,0,84,171
06/27/2004,ELM,NY,AEA,EN,Combined TRACON& Tower with Radar,0,30,18,0,48,0,0,47,0,47,0,30,65,0,95,0,0,0,95
06/28/2004,ELM,NY,AEA,EN,Combined TRACON& Tower with Radar,0,37,27,0,64,0,0,27,0,27,0,37,54,0,91,20,0,20,111
06/29/2004,ELM,NY,AEA,EN,Combined TRACON& Tower with Radar,0,39,15,0,54,0,0,25,1,26,0,39,40,1,80,48,0,48,128
06/30/2004,ELM,NY,AEA,EN,Combined TRACON& Tower with Radar,0,39,28,3,70,0,0,45,0,45,0,39,73,3,115,42,0,42,157
07/01/2004,ELM,NY,AEA,EN,Combined TRACON& Tower with Radar,0,44,32,3,79,0,0,13,1,14,0,44,45,4,93,68,0,68,161
07/02/2004,ELM,NY,AEA,EN,Combined TRACON& Tower with Radar,0,40,25,0,65,0,0,38,0,38,0,40,63,0,103,76,0,76,179
07/03/2004,ELM,NY,AEA,EN,Combined TRACON& Tower with Radar,0,30,14,0,44,0,0,43,0,43,0,30,57,0,87,50,0,50,137
07/04/2004,ELM,NY,AEA,EN,Combined TRACON& Tower with Radar,0,18,17,0,35,0,0,43,0,43,0,18,60,0,78,0,0,0,78
07/05/2004,ELM,NY,AEA,EN,Combined TRACON& Tower with Radar,0,22,14,0,36,0,0,12,0,12,0,22,26,0,48,52,0,52,100
07/06/2004,ELM,NY,AEA,EN,Combined TRACON& Tower with Radar,0,35,40,0,75,0,0,21,0,21,0,35,61,0,96,76,0,76,172
07/07/2004,ELM,NY,AEA,EN,Combined TRACON& Tower with Radar,0,41,22,0,63,0,0,24,0,24,0,41,46,0,87,76,0,76,163
07/08/2004,ELM,NY,AEA,EN,Combined TRACON& Tower with Radar,0,38,35,0,73,0,0,42,0,42,0,38,77,0,115,128,0,128,243
07/09/2004,ELM,NY,AEA,EN,Combined TRACON& Tower with Radar,0,47,22,0,69,0,0,35,0,35,0,47,57,0,104,76,0,76,180
07/10/2004,ELM,NY,AEA,EN,Combined TRACON& Tower with Radar,0,28,19,0,47,0,0,53,2,55,0,28,72,2,102,108,0,108,210
07/11/2004,ELM,NY,AEA,EN,Combined TRACON& Tower with Radar,0,27,17,0,44,0,0,33,0,33,0,27,50,0,77,36,0,36,113
07/12/2004,ELM,NY,AEA,EN,Combined TRACON& Tower with Radar,0,23,21,0,44,0,0,17,0,17,0,23,38,0,61,0,0,0,61
07/13/2004,ELM,NY,AEA,EN,Combined TRACON& Tower with Radar,0,37,39,5,81,0,0,12,2,14,0,37,51,7,95,98,2,100,195
07/14/2004,ELM,NY,AEA,EN,Combined TRACON& Tower with Radar,0,33,18,0,51,0,0,17,0,17,0,33,35,0,68,86,0,86,154
07/15/2004,ELM,NY,AEA,EN,Combined TRACON& Tower with Radar,0,39,33,0,72,0,0,17,0,17,0,39,50,0,89,106,0,106,195
07/16/2004,ELM,NY,AEA,EN,Combined TRACON& Tower with Radar,0,44,25,2,71,0,0,4,0,4,0,44,29,2,75,54,4,58,133
07/17/2004,ELM,NY,AEA,EN,Combined TRACON& Tower with Radar,0,29,10,0,39,0,0,24,0,24,0,29,34,0,63,66,0,66,129
07/18/2004,ELM,NY,AEA,EN,Combined TRACON& Tower with Radar,0,22,15,0,37,0,0,3,2,5,0,22,18,2,42,6,0,6,48
07/19/2004,ELM,NY,AEA,EN,Combined TRACON& Tower with Radar,0,37,25,0,62,0,0,10,0,10,0,37,35,0,72,86,0,86,158
07/20/2004,ELM,NY,AEA,EN,Combined TRACON& Tower with Radar,0,35,28,0,63,0,0,33,0,33,0,35,61,0,96,144,0,144,240
07/21/2004,ELM,NY,AEA,EN,Combined TRACON& Tower with Radar,0,38,33,0,71,0,0,54,0,54,0,38,87,0,125,186,0,186,311
07/22/2004,ELM,NY,AEA,EN,Combined TRACON& Tower with Radar,0,39,24,8,71,0,0,18,1,19,0,39,42,9,90,122,0,122,212
07/23/2004,ELM,NY,AEA,EN,Combined TRACON& Tower with Radar,0,37,31,4,72,0,0,40,0,40,0,37,71,4,112,198,10,208,320
07/24/2004,ELM,NY,AEA,EN,Combined TRACON& Tower with Radar,0,26,25,0,51,0,0,164,0,164,0,26,189,0,215,246,0,246,461
07/25/2004,ELM,NY,AEA,EN,Combined TRACON& Tower with Radar,0,26,33,2,61,0,0,67,0,67,0,26,100,2,128,192,0,192,320
07/26/2004,ELM,NY,AEA,EN,Combined TRACON& Tower with Radar,0,33,56,1,90,0,0,0,0,0,0,33,56,1,90,0,0,0,90
07/27/2004,ELM,NY,AEA,EN,Combined TRACON& Tower with Radar,0,32,37,0,69,0,0,0,0,0,0,32,37,0,69,0,0,0,69
07/28/2004,ELM,NY,AEA,EN,Combined TRACON& Tower with Radar,0,33,26,0,59,0,0,19,0,19,0,33,45,0,78,140,0,140,218
07/29/2004,ELM,NY,AEA,EN,Combined TRACON& Tower with Radar,0,32,41,0,73,0,0,68,0,68,0,32,109,0,141,230,0,230,371
07/30/2004,ELM,NY,AEA,EN,Combined TRACON& Tower with Radar,0,38,38,0,76,0,0,16,0,16,0,38,54,0,92,138,0,138,230
07/31/2004,ELM,NY,AEA,EN,Combined TRACON& Tower with Radar,0,29,10,0,39,0,0,1,0,1,0,29,11,0,40,0,0,0,40
08/01/2004,ELM,NY,AEA,EN,Combined TRACON& Tower with Radar,0,20,22,0,42,0,0,59,0,59,0,20,81,0,101,106,0,106,207
08/02/2004,ELM,NY,AEA,EN,Combined TRACON& Tower with Radar,0,31,38,0,69,0,0,47,0,47,0,31,85,0,116,96,0,96,212
08/03/2004,ELM,NY,AEA,EN,Combined TRACON& Tower with Radar,0,46,37,6,89,0,0,17,14,31,0,46,54,20,120,60,0,60,180
08/04/2004,ELM,NY,AEA,EN,Combined TRACON& Tower with Radar,0,32,31,0,63,0,0,7,0,7,0,32,38,0,70,22,0,22,92
08/05/2004,ELM,NY,AEA,EN,Combined TRACON& Tower with Radar,0,43,28,0,71,0,0,23,0,23,0,43,51,0,94,78,0,78,172
08/06/2004,ELM,NY,AEA,EN,Combined TRACON& Tower with Radar,0,39,27,0,66,0,0,27,0,27,0,39,54,0,93,92,0,92,185
08/07/2004,ELM,NY,AEA,EN,Combined TRACON& Tower with Radar,0,32,36,0,68,0,0,30,0,30,0,32,66,0,98,84,0,84,182
08/08/2004,ELM,NY,AEA,EN,Combined TRACON& Tower with Radar,0,23,29,0,52,0,0,43,0,43,0,23,72,0,95,80,0,80,175
08/09/2004,ELM,NY,AEA,EN,Combined TRACON& Tower with Radar,0,30,26,0,56,0,0,35,0,35,0,30,61,0,91,64,0,64,155
08/10/2004,ELM,NY,AEA,EN,Combined TRACON& Tower with Radar,0,36,31,0,67,0,0,22,0,22,0,36,53,0,89,62,0,62,151
08/11/2004,ELM,NY,AEA,EN,Combined TRACON& Tower with Radar,0,36,31,11,78,0,0,30,0,30,0,36,61,11,108,200,30,230,338
08/12/2004,ELM,NY,AEA,EN,Combined TRACON& Tower with Radar,2,37,78,0,117,0,0,18,0,18,2,37,96,0,135,108,0,108,243
08/13/2004,ELM,NY,AEA,EN,Combined TRACON& Tower with Radar,0,45,34,0,79,0,0,8,0,8,0,45,42,0,87,38,0,38,125
08/14/2004,ELM,NY,AEA,EN,Combined TRACON& Tower with Radar,0,22,43,0,65,0,0,63,5,68,0,22,106,5,133,104,0,104,237
08/15/2004,ELM,NY,AEA,EN,Combined TRACON& Tower with Radar,6,29,92,2,129,0,0,156,0,156,6,29,248,2,285,40,0,40,325
08/16/2004,ELM,NY,AEA,EN,Combined TRACON& Tower with Radar,0,31,39,0,70,0,0,15,0,15,0,31,54,0,85,76,0,76,161
08/17/2004,ELM,NY,AEA,EN,Combined TRACON& Tower with Radar,0,33,43,0,76,0,0,23,0,23,0,33,66,0,99,68,0,68,167
08/18/2004,ELM,NY,AEA,EN,Combined TRACON& Tower with Radar,0,44,26,0,70,0,0,14,0,14,0,44,40,0,84,16,0,16,100
08/19/2004,ELM,NY,AEA,EN,Combined TRACON& Tower with Radar,0,41,32,0,73,0,0,23,0,23,0,41,55,0,96,26,0,26,122
08/20/2004,ELM,NY,AEA,EN,Combined TRACON& Tower with Radar,0,41,45,0,86,0,0,37,0,37,0,41,82,0,123,110,0,110,233
08/21/2004,ELM,NY,AEA,EN,Combined TRACON& Tower with Radar,0,29,32,0,61,0,0,19,0,19,0,29,51,0,80,84,0,84,164
08/22/2004,ELM,NY,AEA,EN,Combined TRACON& Tower with Radar,0,24,37,0,61,0,0,70,0,70,0,24,107,0,131,84,0,84,215
08/23/2004,ELM,NY,AEA,EN,Combined TRACON& Tower with Radar,0,27,15,0,42,0,0,31,0,31,0,27,46,0,73,44,0,44,117
08/24/2004,ELM,NY,AEA,EN,Combined TRACON& Tower with Radar,0,32,37,0,69,0,0,15,0,15,0,32,52,0,84,26,0,26,110
08/25/2004,ELM,NY,AEA,EN,Combined TRACON& Tower with Radar,0,34,31,0,65,0,0,30,0,30,0,34,61,0,95,102,0,102,197
08/26/2004,ELM,NY,AEA,EN,Combined TRACON& Tower with Radar,0,37,41,0,78,0,0,51,0,51,0,37,92,0,129,86,0,86,215
08/27/2004,ELM,NY,AEA,EN,Combined TRACON& Tower with Radar,0,39,21,0,60,0,0,32,0,32,0,39,53,0,92,74,0,74,166
08/28/2004,ELM,NY,AEA,EN,Combined TRACON& Tower with Radar,0,24,10,0,34,0,0,25,0,25,0,24,35,0,59,86,0,86,145
08/29/2004,ELM,NY,AEA,EN,Combined TRACON& Tower with Radar,0,19,27,0,46,0,0,43,0,43,0,19,70,0,89,64,0,64,153
08/30/2004,ELM,NY,AEA,EN,Combined TRACON& Tower with Radar,0,30,18,0,48,0,0,12,0,12,0,30,30,0,60,0,0,0,60
08/31/2004,ELM,NY,AEA,EN,Combined TRACON& Tower with Radar,0,31,29,0,60,0,0,28,0,28,0,31,57,0,88,80,0,80,168
09/01/2004,ELM,NY,AEA,EN,Combined TRACON& Tower with Radar,0,29,37,0,66,0,0,67,0,67,0,29,104,0,133,98,0,98,231
09/02/2004,ELM,NY,AEA,EN,Combined TRACON& Tower with Radar,0,35,25,3,63,0,0,53,0,53,0,35,78,3,116,68,0,68,184
09/03/2004,ELM,NY,AEA,EN,Combined TRACON& Tower with Radar,1,31,26,0,58,0,0,81,0,81,1,31,107,0,139,122,0,122,261
09/04/2004,ELM,NY,AEA,EN,Combined TRACON& Tower with Radar,0,23,18,0,41,0,0,34,0,34,0,23,52,0,75,64,0,64,139
09/05/2004,ELM,NY,AEA,EN,Combined TRACON& Tower with Radar,0,20,9,0,29,0,0,13,0,13,0,20,22,0,42,0,0,0,42
09/06/2004,ELM,NY,AEA,EN,Combined TRACON& Tower with Radar,0,23,11,0,34,0,0,58,0,58,0,23,69,0,92,8,0,8,100
09/07/2004,ELM,NY,AEA,EN,Combined TRACON& Tower with Radar,0,30,30,0,60,0,0,15,0,15,0,30,45,0,75,12,0,12,87
09/08/2004,ELM,NY,AEA,EN,Combined TRACON& Tower with Radar,0,44,22,0,66,0,0,5,0,5,0,44,27,0,71,32,0,32,103
09/09/2004,ELM,NY,AEA,EN,Combined TRACON& Tower with Radar,0,46,23,0,69,0,0,0,0,0,0,46,23,0,69,8,0,8,77
09/10/2004,ELM,NY,AEA,EN,Combined TRACON& Tower with Radar,0,49,36,0,85,0,0,26,0,26,0,49,62,0,111,104,0,104,215
09/11/2004,ELM,NY,AEA,EN,Combined TRACON& Tower with Radar,0,28,27,0,55,0,0,42,0,42,0,28,69,0,97,48,0,48,145
09/12/2004,ELM,NY,AEA,EN,Combined TRACON& Tower with Radar,0,28,14,0,42,0,0,28,1,29,0,28,42,1,71,42,0,42,113
09/13/2004,ELM,NY,AEA,EN,Combined TRACON& Tower with Radar,0,36,27,0,63,0,0,13,0,13,0,36,40,0,76,42,0,42,118
09/14/2004,ELM,NY,AEA,EN,Combined TRACON& Tower with Radar,0,43,28,0,71,0,0,20,0,20,0,43,48,0,91,74,0,74,165
09/15/2004,ELM,NY,AEA,EN,Combined TRACON& Tower with Radar,0,40,24,1,65,0,0,45,0,45,0,40,69,1,110,142,0,142,252
09/16/2004,ELM,NY,AEA,EN,Combined TRACON& Tower with Radar,0,45,32,3,80,0,0,50,0,50,0,45,82,3,130,128,0,128,258
09/17/2004,ELM,NY,AEA,EN,Combined TRACON& Tower with Radar,0,43,31,0,74,0,0,0,0,0,0,43,31,0,74,0,0,0,74
09/18/2004,ELM,NY,AEA,EN,Combined TRACON& Tower with Radar,0,28,18,0,46,0,0,30,0,30,0,28,48,0,76,64,0,64,140
09/19/2004,ELM,NY,AEA,EN,Combined TRACON& Tower with Radar,0,25,22,0,47,0,0,56,0,56,0,25,78,0,103,60,0,60,163
09/20/2004,ELM,NY,AEA,EN,Combined TRACON& Tower with Radar,0,40,14,0,54,0,0,35,0,35,0,40,49,0,89,14,0,14,103
09/21/2004,ELM,NY,AEA,EN,Combined TRACON& Tower with Radar,0,41,24,0,65,0,0,70,0,70,0,41,94,0,135,26,0,26,161
09/22/2004,ELM,NY,AEA,EN,Combined TRACON& Tower with Radar,0,47,21,2,70,0,0,54,0,54,0,47,75,2,124,86,4,90,214
09/23/2004,ELM,NY,AEA,EN,Combined TRACON& Tower with Radar,0,42,35,0,77,0,0,70,0,70,0,42,105,0,147,88,0,88,235
09/24/2004,ELM,NY,AEA,EN,Combined TRACON& Tower with Radar,0,49,34,0,83,0,0,62,0,62,0,49,96,0,145,108,0,108,253
09/25/2004,ELM,NY,AEA,EN,Combined TRACON& Tower with Radar,0,31,22,0,53,0,0,33,0,33,0,31,55,0,86,76,0,76,162
09/26/2004,ELM,NY,AEA,EN,Combined TRACON& Tower with Radar,0,28,34,0,62,0,0,62,0,62,0,28,96,0,124,44,0,44,168
09/27/2004,ELM,NY,AEA,EN,Combined TRACON& Tower with Radar,0,35,24,0,59,0,0,27,0,27,0,35,51,0,86,30,0,30,116
09/28/2004,ELM,NY,AEA,EN,Combined TRACON& Tower with Radar,0,45,34,0,79,0,0,0,0,0,0,45,34,0,79,2,0,2,81
09/29/2004,ELM,NY,AEA,EN,Combined TRACON& Tower with Radar,0,41,32,0,73,0,0,61,0,61,0,41,93,0,134,158,0,158,292
09/30/2004,ELM,NY,AEA,EN,Combined TRACON& Tower with Radar,0,45,42,0,87,0,0,58,0,58,0,45,100,0,145,94,0,94,239
10/01/2004,ELM,NY,AEA,EN,Combined TRACON& Tower with Radar,0,41,31,0,72,0,0,57,0,57,0,41,88,0,129,108,0,108,237
10/02/2004,ELM,NY,AEA,EN,Combined TRACON& Tower with Radar,0,32,17,0,49,0,0,45,0,45,0,32,62,0,94,86,0,86,180
10/03/2004,ELM,NY,AEA,EN,Combined TRACON& Tower with Radar,0,25,17,0,42,0,0,58,0,58,0,25,75,0,100,92,0,92,192
10/04/2004,ELM,NY,AEA,EN,Combined TRACON& Tower with Radar,0,36,15,0,51,0,0,10,0,10,0,36,25,0,61,20,0,20,81
10/05/2004,ELM,NY,AEA,EN,Combined TRACON& Tower with Radar,0,42,27,0,69,0,0,41,0,41,0,42,68,0,110,24,0,24,134
10/06/2004,ELM,NY,AEA,EN,Combined TRACON& Tower with Radar,0,39,33,0,72,0,0,33,0,33,0,39,66,0,105,102,0,102,207
10/07/2004,ELM,NY,AEA,EN,Combined TRACON& Tower with Radar,0,40,40,0,80,0,0,71,0,71,0,40,111,0,151,84,0,84,235
10/08/2004,ELM,NY,AEA,EN,Combined TRACON& Tower with Radar,0,38,23,0,61,0,0,42,0,42,0,38,65,0,103,68,0,68,171
10/09/2004,ELM,NY,AEA,EN,Combined TRACON& Tower with Radar,0,29,21,0,50,0,0,23,0,23,0,29,44,0,73,44,0,44,117
10/10/2004,ELM,NY,AEA,EN,Combined TRACON& Tower with Radar,0,28,15,0,43,0,0,8,0,8,0,28,23,0,51,46,0,46,97
10/11/2004,ELM,NY,AEA,EN,Combined TRACON& Tower with Radar,0,30,21,0,51,0,0,22,0,22,0,30,43,0,73,62,0,62,135
10/12/2004,ELM,NY,AEA,EN,Combined TRACON& Tower with Radar,0,42,29,0,71,0,0,18,0,18,0,42,47,0,89,90,0,90,179
10/13/2004,ELM,NY,AEA,EN,Combined TRACON& Tower with Radar,0,36,27,0,63,0,0,39,0,39,0,36,66,0,102,76,0,76,178
10/14/2004,ELM,NY,AEA,EN,Combined TRACON& Tower with Radar,0,40,36,0,76,0,0,17,0,17,0,40,53,0,93,2,0,2,95
10/15/2004,ELM,NY,AEA,EN,Combined TRACON& Tower with Radar,0,42,26,0,68,0,0,4,0,4,0,42,30,0,72,28,0,28,100
10/16/2004,ELM,NY,AEA,EN,Combined TRACON& Tower with Radar,0,29,12,0,41,0,0,16,0,16,0,29,28,0,57,28,0,28,85
10/17/2004,ELM,NY,AEA,EN,Combined TRACON& Tower with Radar,0,22,15,1,38,0,0,31,0,31,0,22,46,1,69,70,0,70,139
10/18/2004,ELM,NY,AEA,EN,Combined TRACON& Tower with Radar,0,30,26,0,56,0,0,10,0,10,0,30,36,0,66,6,0,6,72
10/19/2004,ELM,NY,AEA,EN,Combined TRACON& Tower with Radar,0,38,20,0,58,0,0,1,0,1,0,38,21,0,59,4,0,4,63
10/20/2004,ELM,NY,AEA,EN,Combined TRACON& Tower with Radar,0,43,44,0,87,0,0,0,0,0,0,43,44,0,87,0,0,0,87
10/21/2004,ELM,NY,AEA,EN,Combined TRACON& Tower with Radar,0,43,28,0,71,0,0,0,0,0,0,43,28,0,71,0,0,0,71
10/22/2004,ELM,NY,AEA,EN,Combined TRACON& Tower with Radar,0,40,34,0,74,0,0,10,4,14,0,40,44,4,88,80,0,80,168
10/23/2004,ELM,NY,AEA,EN,Combined TRACON& Tower with Radar,0,26,23,0,49,0,0,57,0,57,0,26,80,0,106,26,0,26,132
10/24/2004,ELM,NY,AEA,EN,Combined TRACON& Tower with Radar,0,24,18,0,42,0,0,14,0,14,0,24,32,0,56,10,0,10,66
10/25/2004,ELM,NY,AEA,EN,Combined TRACON& Tower with Radar,0,36,28,0,64,0,0,2,0,2,0,36,30,0,66,66,0,66,132
10/26/2004,ELM,NY,AEA,EN,Combined TRACON& Tower with Radar,0,47,36,0,83,0,0,15,0,15,0,47,51,0,98,72,0,72,170
10/27/2004,ELM,NY,AEA,EN,Combined TRACON& Tower with Radar,0,41,39,0,80,0,0,26,0,26,0,41,65,0,106,102,0,102,208
10/28/2004,ELM,NY,AEA,EN,Combined TRACON& Tower with Radar,0,42,34,0,76,0,0,42,0,42,0,42,76,0,118,66,0,66,184
10/29/2004,ELM,NY,AEA,EN,Combined TRACON& Tower with Radar,0,41,28,0,69,0,0,43,0,43,0,41,71,0,112,92,0,92,204
10/30/2004,ELM,NY,AEA,EN,Combined TRACON& Tower with Radar,0,35,18,0,53,0,0,0,0,0,0,35,18,0,53,0,0,0,53
10/31/2004,ELM,NY,AEA,EN,Combined TRACON& Tower with Radar,0,27,17,0,44,0,0,11,0,11,0,27,28,0,55,10,0,10,65
11/01/2004,ELM,NY,AEA,EN,Combined TRACON& Tower with Radar,0,26,24,0,50,0,0,11,0,11,0,26,35,0,61,6,0,6,67
11/02/2004,ELM,NY,AEA,EN,Combined TRACON& Tower with Radar,0,38,21,0,59,0,0,11,0,11,0,38,32,0,70,10,0,10,80
11/03/2004,ELM,NY,AEA,EN,Combined TRACON& Tower with Radar,0,38,25,0,63,0,0,30,0,30,0,38,55,0,93,34,0,34,127
11/04/2004,ELM,NY,AEA,EN,Combined TRACON& Tower with Radar,0,45,21,0,66,0,0,39,0,39,0,45,60,0,105,10,0,10,115
11/05/2004,ELM,NY,AEA,EN,Combined TRACON& Tower with Radar,0,41,17,0,58,0,0,20,0,20,0,41,37,0,78,34,0,34,112
11/06/2004,ELM,NY,AEA,EN,Combined TRACON& Tower with Radar,0,27,12,0,39,0,0,43,0,43,0,27,55,0,82,84,0,84,166
11/07/2004,ELM,NY,AEA,EN,Combined TRACON& Tower with Radar,0,20,13,0,33,0,0,19,0,19,0,20,32,0,52,0,0,0,52
11/08/2004,ELM,NY,AEA,EN,Combined TRACON& Tower with Radar,0,29,28,0,57,0,0,13,0,13,0,29,41,0,70,4,0,4,74
11/09/2004,ELM,NY,AEA,EN,Combined TRACON& Tower with Radar,0,46,14,0,60,0,0,18,0,18,0,46,32,0,78,34,0,34,112
11/10/2004,ELM,NY,AEA,EN,Combined TRACON& Tower with Radar,0,37,24,0,61,0,0,42,0,42,0,37,66,0,103,32,0,32,135
11/11/2004,ELM,NY,AEA,EN,Combined TRACON& Tower with Radar,0,38,18,0,56,0,0,13,0,13,0,38,31,0,69,40,0,40,109
11/12/2004,ELM,NY,AEA,EN,Combined TRACON& Tower with Radar,0,33,24,0,57,0,0,8,0,8,0,33,32,0,65,28,0,28,93
11/13/2004,ELM,NY,AEA,EN,Combined TRACON& Tower with Radar,0,26,21,0,47,0,0,30,0,30,0,26,51,0,77,66,0,66,143
11/14/2004,ELM,NY,AEA,EN,Combined TRACON& Tower with Radar,0,19,13,0,32,0,0,42,0,42,0,19,55,0,74,48,0,48,122
11/15/2004,ELM,NY,AEA,EN,Combined TRACON& Tower with Radar,0,27,26,1,54,0,0,28,0,28,0,27,54,1,82,80,0,80,162
11/16/2004,ELM,NY,AEA,EN,Combined TRACON& Tower with Radar,0,38,20,0,58,0,1,26,1,28,0,39,46,1,86,52,0,52,138
11/17/2004,ELM,NY,AEA,EN,Combined TRACON& Tower with Radar,0,30,26,0,56,0,0,25,0,25,0,30,51,0,81,76,0,76,157
11/18/2004,ELM,NY,AEA,EN,Combined TRACON& Tower with Radar,0,43,42,0,85,0,0,6,0,6,0,43,48,0,91,22,0,22,113
11/19/2004,ELM,NY,AEA,EN,Combined TRACON& Tower with Radar,0,42,30,0,72,0,0,11,0,11,0,42,41,0,83,0,0,0,83
11/20/2004,ELM,NY,AEA,EN,Combined TRACON& Tower with Radar,0,30,21,0,51,0,0,5,0,5,0,30,26,0,56,2,0,2,58
11/21/2004,ELM,NY,AEA,EN,Combined TRACON& Tower with Radar,0,21,12,0,33,0,0,27,0,27,0,21,39,0,60,42,0,42,102
11/22/2004,ELM,NY,AEA,EN,Combined TRACON& Tower with Radar,0,27,20,0,47,0,0,21,0,21,0,27,41,0,68,28,0,28,96
11/23/2004,ELM,NY,AEA,EN,Combined TRACON& Tower with Radar,0,36,27,0,63,0,0,20,0,20,0,36,47,0,83,52,0,52,135
11/24/2004,ELM,NY,AEA,EN,Combined TRACON& Tower with Radar,0,41,21,0,62,0,0,0,0,0,0,41,21,0,62,0,0,0,62
11/25/2004,ELM,NY,AEA,EN,Combined TRACON& Tower with Radar,0,28,7,0,35,0,0,3,0,3,0,28,10,0,38,0,0,0,38
11/26/2004,ELM,NY,AEA,EN,Combined TRACON& Tower with Radar,0,34,8,0,42,0,0,7,0,7,0,34,15,0,49,22,0,22,71
11/27/2004,ELM,NY,AEA,EN,Combined TRACON& Tower with Radar,0,28,10,0,38,0,0,21,0,21,0,28,31,0,59,38,0,38,97
11/28/2004,ELM,NY,AEA,EN,Combined TRACON& Tower with Radar,0,29,12,0,41,0,0,1,0,1,0,29,13,0,42,0,0,0,42
11/29/2004,ELM,NY,AEA,EN,Combined TRACON& Tower with Radar,0,26,24,0,50,0,0,36,1,37,0,26,60,1,87,30,0,30,117
11/30/2004,ELM,NY,AEA,EN,Combined TRACON& Tower with Radar,0,37,14,6,57,0,0,26,0,26,0,37,40,6,83,58,28,86,169
12/01/2004,ELM,NY,AEA,EN,Combined TRACON& Tower with Radar,0,38,25,0,63,0,0,2,0,2,0,38,27,0,65,2,0,2,67
12/02/2004,ELM,NY,AEA,EN,Combined TRACON& Tower with Radar,0,38,25,5,68,0,0,19,0,19,0,38,44,5,87,42,0,42,129
12/03/2004,ELM,NY,AEA,EN,Combined TRACON& Tower with Radar,0,38,40,0,78,0,0,8,0,8,0,38,48,0,86,10,0,10,96
12/04/2004,ELM,NY,AEA,EN,Combined TRACON& Tower with Radar,0,33,20,0,53,0,0,22,0,22,0,33,42,0,75,78,0,78,153
12/05/2004,ELM,NY,AEA,EN,Combined TRACON& Tower with Radar,0,24,17,0,41,0,0,14,0,14,0,24,31,0,55,26,0,26,81
12/06/2004,ELM,NY,AEA,EN,Combined TRACON& Tower with Radar,0,26,15,0,41,0,0,0,0,0,0,26,15,0,41,0,0,0,41
12/07/2004,ELM,NY,AEA,EN,Combined TRACON& Tower with Radar,0,39,25,0,64,0,0,0,0,0,0,39,25,0,64,0,0,0,64
12/08/2004,ELM,NY,AEA,EN,Combined TRACON& Tower with Radar,0,38,39,8,85,0,0,12,0,12,0,38,51,8,97,14,16,30,127
12/09/2004,ELM,NY,AEA,EN,Combined TRACON& Tower with Radar,0,40,40,0,80,0,0,28,0,28,0,40,68,0,108,42,0,42,150
12/10/2004,ELM,NY,AEA,EN,Combined TRACON& Tower with Radar,0,32,28,0,60,0,0,0,0,0,0,32,28,0,60,0,0,0,60
12/11/2004,ELM,NY,AEA,EN,Combined TRACON& Tower with Radar,0,24,15,0,39,0,1,1,0,2,0,25,16,0,41,0,0,0,41
12/12/2004,ELM,NY,AEA,EN,Combined TRACON& Tower with Radar,0,22,8,0,30,0,0,2,0,2,0,22,10,0,32,0,0,0,32
12/13/2004,ELM,NY,AEA,EN,Combined TRACON& Tower with Radar,0,27,21,0,48,0,0,0,0,0,0,27,21,0,48,30,0,30,78
12/14/2004,ELM,NY,AEA,EN,Combined TRACON& Tower with Radar,0,35,30,0,65,0,0,7,0,7,0,35,37,0,72,34,0,34,106
12/15/2004,ELM,NY,AEA,EN,Combined TRACON& Tower with Radar,0,39,22,0,61,0,0,9,2,11,0,39,31,2,72,34,0,34,106
12/16/2004,ELM,NY,AEA,EN,Combined TRACON& Tower with Radar,0,39,24,0,63,0,0,23,0,23,0,39,47,0,86,52,0,52,138
12/17/2004,ELM,NY,AEA,EN,Combined TRACON& Tower with Radar,0,41,20,0,61,0,0,13,0,13,0,41,33,0,74,42,12,54,128
12/18/2004,ELM,NY,AEA,EN,Combined TRACON& Tower with Radar,0,30,14,0,44,0,0,28,0,28,0,30,42,0,72,48,0,48,120
12/19/2004,ELM,NY,AEA,EN,Combined TRACON& Tower with Radar,0,19,8,0,27,0,0,0,0,0,0,19,8,0,27,0,0,0,27
12/20/2004,ELM,NY,AEA,EN,Combined TRACON& Tower with Radar,0,28,6,0,34,0,0,12,0,12,0,28,18,0,46,2,0,2,48
12/21/2004,ELM,NY,AEA,EN,Combined TRACON& Tower with Radar,0,41,25,0,66,0,0,16,0,16,0,41,41,0,82,22,0,22,104
12/22/2004,ELM,NY,AEA,EN,Combined TRACON& Tower with Radar,0,43,15,2,60,0,0,18,0,18,0,43,33,2,78,24,18,42,120
12/23/2004,ELM,NY,AEA,EN,Combined TRACON& Tower with Radar,0,30,21,0,51,0,0,0,0,0,0,30,21,0,51,0,0,0,51
12/24/2004,ELM,NY,AEA,EN,Combined TRACON& Tower with Radar,0,31,23,0,54,0,0,15,0,15,0,31,38,0,69,12,0,12,81
12/25/2004,ELM,NY,AEA,EN,Combined TRACON& Tower with Radar,0,17,1,0,18,0,0,3,0,3,0,17,4,0,21,0,0,0,21
12/26/2004,ELM,NY,AEA,EN,Combined TRACON& Tower with Radar,0,22,19,0,41,0,0,8,0,8,0,22,27,0,49,16,0,16,65
12/27/2004,ELM,NY,AEA,EN,Combined TRACON& Tower with Radar,0,18,19,0,37,0,0,8,0,8,0,18,27,0,45,12,0,12,57
12/28/2004,ELM,NY,AEA,EN,Combined TRACON& Tower with Radar,0,38,3,0,41,0,0,4,0,4,0,38,7,0,45,0,0,0,45
12/29/2004,ELM,NY,AEA,EN,Combined TRACON& Tower with Radar,0,36,20,0,56,0,0,0,0,0,0,36,20,0,56,0,0,0,56
12/30/2004,ELM,NY,AEA,EN,Combined TRACON& Tower with Radar,0,31,20,0,51,0,0,3,0,3,0,31,23,0,54,0,0,0,54
12/31/2004,ELM,NY,AEA,EN,Combined TRACON& Tower with Radar,0,37,4,0,41,0,0,2,0,2,0,37,6,0,43,0,0,0,43
01/01/2005,ELM,NY,AEA,EN,Combined TRACON& Tower with Radar,0,20,14,0,34,0,0,29,0,29,0,20,43,0,63,52,0,52,115
01/02/2005,ELM,NY,AEA,EN,Combined TRACON& Tower with Radar,0,22,12,0,34,0,0,4,0,4,0,22,16,0,38,0,0,0,38
01/03/2005,ELM,NY,AEA,EN,Combined TRACON& Tower with Radar,0,28,17,0,45,0,0,0,0,0,0,28,17,0,45,0,0,0,45
01/04/2005,ELM,NY,AEA,EN,Combined TRACON& Tower with Radar,0,38,14,0,52,0,0,1,0,1,0,38,15,0,53,30,0,30,83
01/05/2005,ELM,NY,AEA,EN,Combined TRACON& Tower with Radar,0,33,13,0,46,0,0,0,0,0,0,33,13,0,46,0,0,0,46
01/06/2005,ELM,NY,AEA,EN,Combined TRACON& Tower with Radar,0,29,9,0,38,0,0,0,0,0,0,29,9,0,38,0,0,0,38
01/07/2005,ELM,NY,AEA,EN,Combined TRACON& Tower with Radar,0,35,24,0,59,0,0,10,0,10,0,35,34,0,69,46,0,46,115
01/08/2005,ELM,NY,AEA,EN,Combined TRACON& Tower with Radar,0,28,15,0,43,0,0,2,0,2,0,28,17,0,45,0,0,0,45
01/09/2005,ELM,NY,AEA,EN,Combined TRACON& Tower with Radar,0,23,13,0,36,0,0,5,0,5,0,23,18,0,41,0,2,2,43
01/10/2005,ELM,NY,AEA,EN,Combined TRACON& Tower with Radar,0,28,15,0,43,0,0,1,0,1,0,28,16,0,44,52,0,52,96
01/11/2005,ELM,NY,AEA,EN,Combined TRACON& Tower with Radar,0,38,20,0,58,0,0,0,0,0,0,38,20,0,58,0,0,0,58
01/12/2005,ELM,NY,AEA,EN,Combined TRACON& Tower with Radar,0,32,15,0,47,0,0,0,0,0,0,32,15,0,47,32,0,32,79
01/13/2005,ELM,NY,AEA,EN,Combined TRACON& Tower with Radar,0,35,22,2,59,0,0,12,0,12,0,35,34,2,71,34,0,34,105
01/14/2005,ELM,NY,AEA,EN,Combined TRACON& Tower with Radar,0,36,15,0,51,0,0,16,0,16,0,36,31,0,67,44,0,44,111
01/15/2005,ELM,NY,AEA,EN,Combined TRACON& Tower with Radar,0,27,7,0,34,0,0,32,0,32,0,27,39,0,66,72,0,72,138
01/16/2005,ELM,NY,AEA,EN,Combined TRACON& Tower with Radar,0,19,11,0,30,0,0,0,0,0,0,19,11,0,30,0,0,0,30
01/17/2005,ELM,NY,AEA,EN,Combined TRACON& Tower with Radar,0,31,13,0,44,0,0,1,0,1,0,31,14,0,45,16,0,16,61
01/18/2005,ELM,NY,AEA,EN,Combined TRACON& Tower with Radar,0,35,31,0,66,0,0,14,0,14,0,35,45,0,80,48,0,48,128
01/19/2005,ELM,NY,AEA,EN,Combined TRACON& Tower with Radar,0,31,24,0,55,0,0,10,0,10,0,31,34,0,65,10,0,10,75
01/20/2005,ELM,NY,AEA,EN,Combined TRACON& Tower with Radar,0,34,29,0,63,0,0,18,0,18,0,34,47,0,81,22,0,22,103
01/21/2005,ELM,NY,AEA,EN,Combined TRACON& Tower with Radar,0,36,24,0,60,0,0,18,0,18,0,36,42,0,78,10,0,10,88
01/22/2005,ELM,NY,AEA,EN,Combined TRACON& Tower with Radar,0,15,9,0,24,0,0,2,0,2,0,15,11,0,26,0,0,0,26
01/23/2005,ELM,NY,AEA,EN,Combined TRACON& Tower with Radar,0,6,5,0,11,0,0,2,0,2,0,6,7,0,13,0,0,0,13
01/24/2005,ELM,NY,AEA,EN,Combined TRACON& Tower with Radar,0,22,17,0,39,0,0,2,0,2,0,22,19,0,41,4,0,4,45
01/25/2005,ELM,NY,AEA,EN,Combined TRACON& Tower with Radar,0,35,16,0,51,0,0,5,0,5,0,35,21,0,56,22,0,22,78
01/26/2005,ELM,NY,AEA,EN,Combined TRACON& Tower with Radar,0,36,30,0,66,0,0,0,0,0,0,36,30,0,66,8,0,8,74
01/27/2005,ELM,NY,AEA,EN,Combined TRACON& Tower with Radar,0,36,27,5,68,0,0,9,0,9,0,36,36,5,77,6,0,6,83
01/28/2005,ELM,NY,AEA,EN,Combined TRACON& Tower with Radar,0,39,26,0,65,0,0,21,0,21,0,39,47,0,86,52,0,52,138
01/29/2005,ELM,NY,AEA,EN,Combined TRACON& Tower with Radar,0,30,18,0,48,0,0,36,0,36,0,30,54,0,84,24,0,24,108
01/30/2005,ELM,NY,AEA,EN,Combined TRACON& Tower with Radar,0,18,10,0,28,0,0,26,0,26,0,18,36,0,54,52,0,52,106
01/31/2005,ELM,NY,AEA,EN,Combined TRACON& Tower with Radar,0,24,21,0,45,0,0,20,0,20,0,24,41,0,65,26,0,26,91
02/01/2005,ELM,NY,AEA,EN,Combined TRACON& Tower with Radar,0,37,29,0,66,0,0,34,0,34,0,37,63,0,100,46,0,46,146
02/02/2005,ELM,NY,AEA,EN,Combined TRACON& Tower with Radar,0,33,44,0,77,0,2,44,0,46,0,35,88,0,123,50,0,50,173
02/03/2005,ELM,NY,AEA,EN,Combined TRACON& Tower with Radar,0,34,27,0,61,0,0,15,0,15,0,34,42,0,76,16,0,16,92
02/04/2005,ELM,NY,AEA,EN,Combined TRACON& Tower with Radar,0,37,31,0,68,0,0,4,0,4,0,37,35,0,72,36,0,36,108
02/05/2005,ELM,NY,AEA,EN,Combined TRACON& Tower with Radar,0,26,28,0,54,0,0,36,0,36,0,26,64,0,90,72,0,72,162
02/06/2005,ELM,NY,AEA,EN,Combined TRACON& Tower with Radar,0,23,20,0,43,0,0,38,0,38,0,23,58,0,81,48,0,48,129
02/07/2005,ELM,NY,AEA,EN,Combined TRACON& Tower with Radar,0,24,17,0,41,0,0,12,0,12,0,24,29,0,53,56,0,56,109
02/08/2005,ELM,NY,AEA,EN,Combined TRACON& Tower with Radar,0,37,18,0,55,0,0,0,0,0,0,37,18,0,55,0,0,0,55
02/09/2005,ELM,NY,AEA,EN,Combined TRACON& Tower with Radar,0,35,26,0,61,0,0,0,0,0,0,35,26,0,61,0,0,0,61
02/10/2005,ELM,NY,AEA,EN,Combined TRACON& Tower with Radar,0,44,32,0,76,0,0,0,0,0,0,44,32,0,76,0,0,0,76
02/11/2005,ELM,NY,AEA,EN,Combined TRACON& Tower with Radar,0,37,19,0,56,0,0,20,0,20,0,37,39,0,76,8,0,8,84
02/12/2005,ELM,NY,AEA,EN,Combined TRACON& Tower with Radar,0,26,21,0,47,0,0,3,0,3,0,26,24,0,50,0,0,0,50
02/13/2005,ELM,NY,AEA,EN,Combined TRACON& Tower with Radar,0,22,13,0,35,0,0,23,0,23,0,22,36,0,58,0,0,0,58
02/14/2005,ELM,NY,AEA,EN,Combined TRACON& Tower with Radar,0,28,15,0,43,0,0,3,0,3,0,28,18,0,46,2,0,2,48
02/15/2005,ELM,NY,AEA,EN,Combined TRACON& Tower with Radar,0,31,26,0,57,0,0,14,0,14,0,31,40,0,71,38,0,38,109
02/16/2005,ELM,NY,AEA,EN,Combined TRACON& Tower with Radar,0,32,25,0,57,0,0,2,0,2,0,32,27,0,59,8,0,8,67
02/17/2005,ELM,NY,AEA,EN,Combined TRACON& Tower with Radar,0,36,27,0,63,0,0,8,0,8,0,36,35,0,71,0,0,0,71
02/18/2005,ELM,NY,AEA,EN,Combined TRACON& Tower with Radar,0,44,30,0,74,0,0,3,0,3,0,44,33,0,77,24,0,24,101
02/19/2005,ELM,NY,AEA,EN,Combined TRACON& Tower with Radar,0,33,15,0,48,0,0,37,0,37,0,33,52,0,85,22,0,22,107
02/20/2005,ELM,NY,AEA,EN,Combined TRACON& Tower with Radar,0,19,7,0,26,0,0,16,0,16,0,19,23,0,42,28,0,28,70
02/21/2005,ELM,NY,AEA,EN,Combined TRACON& Tower with Radar,0,16,26,0,42,0,0,0,0,0,0,16,26,0,42,6,0,6,48
02/22/2005,ELM,NY,AEA,EN,Combined TRACON& Tower with Radar,0,34,19,0,53,0,0,5,0,5,0,34,24,0,58,22,0,22,80
02/23/2005,ELM,NY,AEA,EN,Combined TRACON& Tower with Radar,0,37,27,0,64,0,0,17,0,17,0,37,44,0,81,28,0,28,109
02/24/2005,ELM,NY,AEA,EN,Combined TRACON& Tower with Radar,0,35,21,0,56,0,0,8,0,8,0,35,29,0,64,10,0,10,74
02/25/2005,ELM,NY,AEA,EN,Combined TRACON& Tower with Radar,0,33,26,0,59,0,0,21,0,21,0,33,47,0,80,24,0,24,104
02/26/2005,ELM,NY,AEA,EN,Combined TRACON& Tower with Radar,0,24,11,2,37,0,0,2,0,2,0,24,13,2,39,0,0,0,39
02/27/2005,ELM,NY,AEA,EN,Combined TRACON& Tower with Radar,0,24,19,0,43,0,0,28,0,28,0,24,47,0,71,42,0,42,113
02/28/2005,ELM,NY,AEA,EN,Combined TRACON& Tower with Radar,0,22,20,0,42,0,0,3,0,3,0,22,23,0,45,28,0,28,73
03/01/2005,ELM,NY,AEA,EN,Combined TRACON& Tower with Radar,0,27,17,0,44,0,0,0,0,0,0,27,17,0,44,0,0,0,44
03/02/2005,ELM,NY,AEA,EN,Combined TRACON& Tower with Radar,0,30,18,0,48,0,0,0,0,0,0,30,18,0,48,0,0,0,48
03/03/2005,ELM,NY,AEA,EN,Combined TRACON& Tower with Radar,0,35,19,0,54,0,0,7,0,7,0,35,26,0,61,22,0,22,83
03/04/2005,ELM,NY,AEA,EN,Combined TRACON& Tower with Radar,0,39,30,0,69,0,0,16,0,16,0,39,46,0,85,62,0,62,147
03/05/2005,ELM,NY,AEA,EN,Combined TRACON& Tower with Radar,0,26,36,0,62,0,1,38,0,39,0,27,74,0,101,76,0,76,177
03/06/2005,ELM,NY,AEA,EN,Combined TRACON& Tower with Radar,0,24,15,0,39,0,0,8,0,8,0,24,23,0,47,0,0,0,47
03/07/2005,ELM,NY,AEA,EN,Combined TRACON& Tower with Radar,0,24,22,0,46,0,0,5,0,5,0,24,27,0,51,14,0,14,65
03/08/2005,ELM,NY,AEA,EN,Combined TRACON& Tower with Radar,0,41,24,0,65,0,0,0,0,0,0,41,24,0,65,0,0,0,65
03/09/2005,ELM,NY,AEA,EN,Combined TRACON& Tower with Radar,0,37,19,0,56,0,0,6,0,6,0,37,25,0,62,20,0,20,82
03/10/2005,ELM,NY,AEA,EN,Combined TRACON& Tower with Radar,0,36,29,0,65,0,0,17,0,17,0,36,46,0,82,14,0,14,96
03/11/2005,ELM,NY,AEA,EN,Combined TRACON& Tower with Radar,0,38,26,0,64,0,0,9,0,9,0,38,35,0,73,16,0,16,89
03/12/2005,ELM,NY,AEA,EN,Combined TRACON& Tower with Radar,0,26,15,0,41,0,0,9,0,9,0,26,24,0,50,4,0,4,54
03/13/2005,ELM,NY,AEA,EN,Combined TRACON& Tower with Radar,0,26,28,0,54,0,0,24,0,24,0,26,52,0,78,26,0,26,104
03/14/2005,ELM,NY,AEA,EN,Combined TRACON& Tower with Radar,0,23,24,0,47,0,0,2,0,2,0,23,26,0,49,36,0,36,85
03/15/2005,ELM,NY,AEA,EN,Combined TRACON& Tower with Radar,0,36,19,0,55,0,1,24,0,25,0,37,43,0,80,22,0,22,102
03/16/2005,ELM,NY,AEA,EN,Combined TRACON& Tower with Radar,0,36,21,10,67,0,0,23,0,23,0,36,44,10,90,46,8,54,144
03/17/2005,ELM,NY,AEA,EN,Combined TRACON& Tower with Radar,0,29,18,0,47,0,0,15,0,15,0,29,33,0,62,26,0,26,88
03/18/2005,ELM,NY,AEA,EN,Combined TRACON& Tower with Radar,0,40,24,0,64,0,1,20,1,22,0,41,44,1,86,12,0,12,98
03/19/2005,ELM,NY,AEA,EN,Combined TRACON& Tower with Radar,0,23,16,0,39,0,2,32,0,34,0,25,48,0,73,66,0,66,139
03/20/2005,ELM,NY,AEA,EN,Combined TRACON& Tower with Radar,0,23,13,0,36,0,0,0,0,0,0,23,13,0,36,0,0,0,36
03/21/2005,ELM,NY,AEA,EN,Combined TRACON& Tower with Radar,0,26,24,0,50,0,0,1,0,1,0,26,25,0,51,68,0,68,119
03/22/2005,ELM,NY,AEA,EN,Combined TRACON& Tower with Radar,0,39,20,0,59,0,0,21,0,21,0,39,41,0,80,28,0,28,108
03/23/2005,ELM,NY,AEA,EN,Combined TRACON& Tower with Radar,0,32,16,2,50,0,0,9,0,9,0,32,25,2,59,36,0,36,95
03/24/2005,ELM,NY,AEA,EN,Combined TRACON& Tower with Radar,0,41,25,0,66,0,0,10,0,10,0,41,35,0,76,10,0,10,86
03/25/2005,ELM,NY,AEA,EN,Combined TRACON& Tower with Radar,0,35,21,0,56,0,0,13,0,13,0,35,34,0,69,44,0,44,113
03/26/2005,ELM,NY,AEA,EN,Combined TRACON& Tower with Radar,0,28,12,0,40,0,0,38,0,38,0,28,50,0,78,58,0,58,136
03/27/2005,ELM,NY,AEA,EN,Combined TRACON& Tower with Radar,0,19,11,0,30,0,0,14,0,14,0,19,25,0,44,0,0,0,44
03/28/2005,ELM,NY,AEA,EN,Combined TRACON& Tower with Radar,0,26,16,0,42,0,0,0,0,0,0,26,16,0,42,0,0,0,42
03/29/2005,ELM,NY,AEA,EN,Combined TRACON& Tower with Radar,0,39,32,0,71,0,0,0,0,0,0,39,32,0,71,26,0,26,97
03/30/2005,ELM,NY,AEA,EN,Combined TRACON& Tower with Radar,0,28,28,9,65,0,0,35,0,35,0,28,63,9,100,56,16,72,172
03/31/2005,ELM,NY,AEA,EN,Combined TRACON& Tower with Radar,0,42,30,2,74,0,1,22,0,23,0,43,52,2,97,32,2,34,131
04/01/2005,ELM,NY,AEA,EN,Combined TRACON& Tower with Radar,0,31,29,0,60,0,0,25,0,25,0,31,54,0,85,42,0,42,127
04/02/2005,ELM,NY,AEA,EN,Combined TRACON& Tower with Radar,0,25,11,0,36,0,0,8,0,8,0,25,19,0,44,0,0,0,44
04/03/2005,ELM,NY,AEA,EN,Combined TRACON& Tower with Radar,0,19,6,0,25,0,0,0,0,0,0,19,6,0,25,0,0,0,25
04/04/2005,ELM,NY,AEA,EN,Combined TRACON& Tower with Radar,0,33,26,0,59,0,1,4,0,5,0,34,30,0,64,2,0,2,66
04/05/2005,ELM,NY,AEA,EN,Combined TRACON& Tower with Radar,0,36,27,0,63,0,1,26,0,27,0,37,53,0,90,106,0,106,196
04/06/2005,ELM,NY,AEA,EN,Combined TRACON& Tower with Radar,0,35,24,0,59,0,0,44,0,44,0,35,68,0,103,56,0,56,159
04/07/2005,ELM,NY,AEA,EN,Combined TRACON& Tower with Radar,0,44,23,0,67,0,0,7,0,7,0,44,30,0,74,18,0,18,92
04/08/2005,ELM,NY,AEA,EN,Combined TRACON& Tower with Radar,0,38,19,0,57,0,0,29,0,29,0,38,48,0,86,42,0,42,128
04/09/2005,ELM,NY,AEA,EN,Combined TRACON& Tower with Radar,0,34,20,0,54,0,0,63,0,63,0,34,83,0,117,72,0,72,189
04/10/2005,ELM,NY,AEA,EN,Combined TRACON& Tower with Radar,0,27,24,0,51,0,0,52,0,52,0,27,76,0,103,68,0,68,171
04/11/2005,ELM,NY,AEA,EN,Combined TRACON& Tower with Radar,0,27,19,0,46,0,0,24,0,24,0,27,43,0,70,20,0,20,90
04/12/2005,ELM,NY,AEA,EN,Combined TRACON& Tower with Radar,0,40,29,0,69,0,0,23,1,24,0,40,52,1,93,50,0,50,143
04/13/2005,ELM,NY,AEA,EN,Combined TRACON& Tower with Radar,0,36,18,0,54,0,0,27,0,27,0,36,45,0,81,54,0,54,135
04/14/2005,ELM,NY,AEA,EN,Combined TRACON& Tower with Radar,0,35,20,0,55,0,0,46,0,46,0,35,66,0,101,64,0,64,165
04/15/2005,ELM,NY,AEA,EN,Combined TRACON& Tower with Radar,0,36,26,0,62,0,0,40,0,40,0,36,66,0,102,58,0,58,160
04/16/2005,ELM,NY,AEA,EN,Combined TRACON& Tower with Radar,0,28,29,0,57,0,3,57,0,60,0,31,86,0,117,62,0,62,179
04/17/2005,ELM,NY,AEA,EN,Combined TRACON& Tower with Radar,0,23,14,0,37,0,0,48,2,50,0,23,62,2,87,68,0,68,155
04/18/2005,ELM,NY,AEA,EN,Combined TRACON& Tower with Radar,0,33,28,0,61,0,2,38,2,42,0,35,66,2,103,108,0,108,211
04/19/2005,ELM,NY,AEA,EN,Combined TRACON& Tower with Radar,0,37,29,0,66,0,1,37,0,38,0,38,66,0,104,60,0,60,164
04/20/2005,ELM,NY,AEA,EN,Combined TRACON& Tower with Radar,0,48,15,0,63,0,0,25,0,25,0,48,40,0,88,50,0,50,138
04/21/2005,ELM,NY,AEA,EN,Combined TRACON& Tower with Radar,0,40,25,0,65,0,0,11,0,11,0,40,36,0,76,84,0,84,160
04/22/2005,ELM,NY,AEA,EN,Combined TRACON& Tower with Radar,0,38,20,0,58,0,0,24,0,24,0,38,44,0,82,26,0,26,108
04/23/2005,ELM,NY,AEA,EN,Combined TRACON& Tower with Radar,0,27,14,0,41,0,0,0,0,0,0,27,14,0,41,16,0,16,57
04/24/2005,ELM,NY,AEA,EN,Combined TRACON& Tower with Radar,0,23,16,0,39,0,0,2,0,2,0,23,18,0,41,0,0,0,41
04/25/2005,ELM,NY,AEA,EN,Combined TRACON& Tower with Radar,0,32,16,0,48,0,0,1,0,1,0,32,17,0,49,0,0,0,49
04/26/2005,ELM,NY,AEA,EN,Combined TRACON& Tower with Radar,0,40,19,0,59,0,0,4,0,4,0,40,23,0,63,8,0,8,71
04/27/2005,ELM,NY,AEA,EN,Combined TRACON& Tower with Radar,0,39,27,0,66,0,0,30,0,30,0,39,57,0,96,66,0,66,162
04/28/2005,ELM,NY,AEA,EN,Combined TRACON& Tower with Radar,0,39,40,0,79,0,0,29,0,29,0,39,69,0,108,52,0,52,160
04/29/2005,ELM,NY,AEA,EN,Combined TRACON& Tower with Radar,0,37,25,0,62,0,0,38,0,38,0,37,63,0,100,62,0,62,162
04/30/2005,ELM,NY,AEA,EN,Combined TRACON& Tower with Radar,0,24,23,0,47,0,0,0,0,0,0,24,23,0,47,0,0,0,47
05/01/2005,ELM,NY,AEA,EN,Combined TRACON& Tower with Radar,0,28,17,0,45,0,0,11,0,11,0,28,28,0,56,20,0,20,76
05/02/2005,ELM,NY,AEA,EN,Combined TRACON& Tower with Radar,0,31,25,0,56,0,0,1,0,1,0,31,26,0,57,2,0,2,59
05/03/2005,ELM,NY,AEA,EN,Combined TRACON& Tower with Radar,0,43,38,0,81,0,0,8,0,8,0,43,46,0,89,20,0,20,109
05/04/2005,ELM,NY,AEA,EN,Combined TRACON& Tower with Radar,0,38,29,0,67,0,0,32,2,34,0,38,61,2,101,38,0,38,139
05/05/2005,ELM,NY,AEA,EN,Combined TRACON& Tower with Radar,0,46,31,0,77,0,0,36,0,36,0,46,67,0,113,42,0,42,155
05/06/2005,ELM,NY,AEA,EN,Combined TRACON& Tower with Radar,0,38,22,2,62,0,0,28,0,28,0,38,50,2,90,50,0,50,140
05/07/2005,ELM,NY,AEA,EN,Combined TRACON& Tower with Radar,0,28,19,0,47,0,1,36,0,37,0,29,55,0,84,32,0,32,116
05/08/2005,ELM,NY,AEA,EN,Combined TRACON& Tower with Radar,0,27,24,0,51,0,0,25,0,25,0,27,49,0,76,22,0,22,98
05/09/2005,ELM,NY,AEA,EN,Combined TRACON& Tower with Radar,0,34,31,0,65,0,0,32,0,32,0,34,63,0,97,66,0,66,163
05/10/2005,ELM,NY,AEA,EN,Combined TRACON& Tower with Radar,0,34,29,1,64,0,1,28,0,29,0,35,57,1,93,12,0,12,105
05/11/2005,ELM,NY,AEA,EN,Combined TRACON& Tower with Radar,0,33,27,0,60,0,0,30,0,30,0,33,57,0,90,22,0,22,112
05/12/2005,ELM,NY,AEA,EN,Combined TRACON& Tower with Radar,0,44,24,0,68,0,0,30,0,30,0,44,54,0,98,54,0,54,152
05/13/2005,ELM,NY,AEA,EN,Combined TRACON& Tower with Radar,0,35,20,0,55,0,0,37,0,37,0,35,57,0,92,48,0,48,140
05/14/2005,ELM,NY,AEA,EN,Combined TRACON& Tower with Radar,0,27,25,0,52,0,0,27,0,27,0,27,52,0,79,24,0,24,103
05/15/2005,ELM,NY,AEA,EN,Combined TRACON& Tower with Radar,0,25,24,0,49,0,0,17,0,17,0,25,41,0,66,58,0,58,124
05/16/2005,ELM,NY,AEA,EN,Combined TRACON& Tower with Radar,0,31,23,0,54,0,0,6,0,6,0,31,29,0,60,72,0,72,132
05/17/2005,ELM,NY,AEA,EN,Combined TRACON& Tower with Radar,0,37,23,0,60,0,0,22,2,24,0,37,45,2,84,48,0,48,132
05/18/2005,ELM,NY,AEA,EN,Combined TRACON& Tower with Radar,0,36,35,0,71,0,0,50,0,50,0,36,85,0,121,76,0,76,197
05/19/2005,ELM,NY,AEA,EN,Combined TRACON& Tower with Radar,0,40,35,0,75,0,0,40,0,40,0,40,75,0,115,42,0,42,157
05/20/2005,ELM,NY,AEA,EN,Combined TRACON& Tower with Radar,0,40,36,0,76,0,0,12,0,12,0,40,48,0,88,34,20,54,142
05/21/2005,ELM,NY,AEA,EN,Combined TRACON& Tower with Radar,0,27,20,0,47,0,0,55,0,55,0,27,75,0,102,74,0,74,176
05/22/2005,ELM,NY,AEA,EN,Combined TRACON& Tower with Radar,0,26,23,0,49,0,0,12,0,12,0,26,35,0,61,6,0,6,67
05/23/2005,ELM,NY,AEA,EN,Combined TRACON& Tower with Radar,0,30,22,0,52,0,0,8,7,15,0,30,30,7,67,4,0,4,71
05/24/2005,ELM,NY,AEA,EN,Combined TRACON& Tower with Radar,0,44,50,3,97,0,0,1,0,1,0,44,51,3,98,0,0,0,98
05/25/2005,ELM,NY,AEA,EN,Combined TRACON& Tower with Radar,0,37,35,2,74,0,0,20,0,20,0,37,55,2,94,46,6,52,146
05/26/2005,ELM,NY,AEA,EN,Combined TRACON& Tower with Radar,0,38,43,2,83,0,0,51,0,51,0,38,94,2,134,84,0,84,218
05/27/2005,ELM,NY,AEA,EN,Combined TRACON& Tower with Radar,0,42,27,0,69,0,0,63,0,63,0,42,90,0,132,92,0,92,224
05/28/2005,ELM,NY,AEA,EN,Combined TRACON& Tower with Radar,0,26,22,0,48,0,0,41,0,41,0,26,63,0,89,54,0,54,143
05/29/2005,ELM,NY,AEA,EN,Combined TRACON& Tower with Radar,0,20,25,0,45,0,0,28,0,28,0,20,53,0,73,84,0,84,157
05/30/2005,ELM,NY,AEA,EN,Combined TRACON& Tower with Radar,0,26,12,0,38,0,0,25,0,25,0,26,37,0,63,28,0,28,91
05/31/2005,ELM,NY,AEA,EN,Combined TRACON& Tower with Radar,0,28,30,0,58,0,0,18,0,18,0,28,48,0,76,32,0,32,108
06/01/2005,ELM,NY,AEA,EN,Combined TRACON& Tower with Radar,0,35,26,3,64,0,0,45,0,45,0,35,71,3,109,78,4,82,191
06/02/2005,ELM,NY,AEA,EN,Combined TRACON& Tower with Radar,0,40,27,2,69,0,0,27,0,27,0,40,54,2,96,18,4,22,118
06/03/2005,ELM,NY,AEA,EN,Combined TRACON& Tower with Radar,0,33,34,3,70,0,0,13,0,13,0,33,47,3,83,14,0,14,97
06/04/2005,ELM,NY,AEA,EN,Combined TRACON& Tower with Radar,0,25,26,0,51,0,0,52,0,52,0,25,78,0,103,36,0,36,139
06/05/2005,ELM,NY,AEA,EN,Combined TRACON& Tower with Radar,0,24,23,0,47,0,0,35,0,35,0,24,58,0,82,34,0,34,116
06/06/2005,ELM,NY,AEA,EN,Combined TRACON& Tower with Radar,0,27,18,0,45,0,0,12,0,12,0,27,30,0,57,2,0,2,59
06/07/2005,ELM,NY,AEA,EN,Combined TRACON& Tower with Radar,0,41,12,0,53,0,0,18,0,18,0,41,30,0,71,10,0,10,81
06/08/2005,ELM,NY,AEA,EN,Combined TRACON& Tower with Radar,0,40,40,2,82,0,0,39,1,40,0,40,79,3,122,24,10,34,156
06/09/2005,ELM,NY,AEA,EN,Combined TRACON& Tower with Radar,0,36,47,0,83,0,1,47,0,48,0,37,94,0,131,44,0,44,175
06/10/2005,ELM,NY,AEA,EN,Combined TRACON& Tower with Radar,0,39,31,0,70,0,0,16,0,16,0,39,47,0,86,20,0,20,106
06/11/2005,ELM,NY,AEA,EN,Combined TRACON& Tower with Radar,0,27,29,0,56,0,0,26,0,26,0,27,55,0,82,22,0,22,104
06/12/2005,ELM,NY,AEA,EN,Combined TRACON& Tower with Radar,0,23,41,0,64,0,0,41,0,41,0,23,82,0,105,118,0,118,223
06/13/2005,ELM,NY,AEA,EN,Combined TRACON& Tower with Radar,0,35,21,0,56,0,0,16,0,16,0,35,37,0,72,44,0,44,116
06/14/2005,ELM,NY,AEA,EN,Combined TRACON& Tower with Radar,0,42,36,0,78,0,0,24,0,24,0,42,60,0,102,88,0,88,190
06/15/2005,ELM,NY,AEA,EN,Combined TRACON& Tower with Radar,0,45,35,0,80,0,0,22,0,22,0,45,57,0,102,72,0,72,174
06/16/2005,ELM,NY,AEA,EN,Combined TRACON& Tower with Radar,0,40,28,0,68,0,0,5,0,5,0,40,33,0,73,42,0,42,115
06/17/2005,ELM,NY,AEA,EN,Combined TRACON& Tower with Radar,0,44,30,0,74,0,0,28,0,28,0,44,58,0,102,52,0,52,154
06/18/2005,ELM,NY,AEA,EN,Combined TRACON& Tower with Radar,0,33,15,0,48,0,0,11,0,11,0,33,26,0,59,18,0,18,77
06/19/2005,ELM,NY,AEA,EN,Combined TRACON& Tower with Radar,0,25,32,0,57,0,0,26,0,26,0,25,58,0,83,16,0,16,99
06/20/2005,ELM,NY,AEA,EN,Combined TRACON& Tower with Radar,0,34,30,0,64,0,0,31,0,31,0,34,61,0,95,40,0,40,135
06/21/2005,ELM,NY,AEA,EN,Combined TRACON& Tower with Radar,0,39,17,0,56,0,0,31,0,31,0,39,48,0,87,54,0,54,141
06/22/2005,ELM,NY,AEA,EN,Combined TRACON& Tower with Radar,0,38,45,0,83,0,2,25,0,27,0,40,70,0,110,28,0,28,138
06/23/2005,ELM,NY,AEA,EN,Combined TRACON& Tower with Radar,0,34,27,0,61,0,1,72,0,73,0,35,99,0,134,60,0,60,194
06/24/2005,ELM,NY,AEA,EN,Combined TRACON& Tower with Radar,0,34,28,0,62,0,0,38,0,38,0,34,66,0,100,56,0,56,156
06/25/2005,ELM,NY,AEA,EN,Combined TRACON& Tower with Radar,0,29,18,0,47,0,3,40,0,43,0,32,58,0,90,82,0,82,172
06/26/2005,ELM,NY,AEA,EN,Combined TRACON& Tower with Radar,0,27,16,0,43,0,0,40,0,40,0,27,56,0,83,62,0,62,145
06/27/2005,ELM,NY,AEA,EN,Combined TRACON& Tower with Radar,0,25,23,0,48,0,0,19,0,19,0,25,42,0,67,40,0,40,107
06/28/2005,ELM,NY,AEA,EN,Combined TRACON& Tower with Radar,0,36,35,0,71,0,0,28,0,28,0,36,63,0,99,28,0,28,127
06/29/2005,ELM,NY,AEA,EN,Combined TRACON& Tower with Radar,0,33,28,0,61,0,0,20,0,20,0,33,48,0,81,62,0,62,143
06/30/2005,ELM,NY,AEA,EN,Combined TRACON& Tower with Radar,0,33,37,0,70,0,1,17,0,18,0,34,54,0,88,30,0,30,118
07/01/2005,ELM,NY,AEA,EN,Combined TRACON& Tower with Radar,0,30,18,0,48,0,0,25,0,25,0,30,43,0,73,20,0,20,93
07/02/2005,ELM,NY,AEA,EN,Combined TRACON& Tower with Radar,0,28,16,0,44,0,0,43,0,43,0,28,59,0,87,36,0,36,123
07/03/2005,ELM,NY,AEA,EN,Combined TRACON& Tower with Radar,0,21,9,0,30,0,3,44,0,47,0,24,53,0,77,64,0,64,141
07/04/2005,ELM,NY,AEA,EN,Combined TRACON& Tower with Radar,0,19,11,0,30,0,0,46,0,46,0,19,57,0,76,62,0,62,138
07/05/2005,ELM,NY,AEA,EN,Combined TRACON& Tower with Radar,0,31,19,0,50,0,0,2,0,2,0,31,21,0,52,8,0,8,60
07/06/2005,ELM,NY,AEA,EN,Combined TRACON& Tower with Radar,0,38,17,0,55,0,0,6,0,6,0,38,23,0,61,24,0,24,85
07/07/2005,ELM,NY,AEA,EN,Combined TRACON& Tower with Radar,0,34,34,0,68,0,0,10,0,10,0,34,44,0,78,30,0,30,108
07/08/2005,ELM,NY,AEA,EN,Combined TRACON& Tower with Radar,0,42,15,0,57,0,0,3,0,3,0,42,18,0,60,6,0,6,66
07/09/2005,ELM,NY,AEA,EN,Combined TRACON& Tower with Radar,0,28,17,0,45,0,0,21,0,21,0,28,38,0,66,32,0,32,98
07/10/2005,ELM,NY,AEA,EN,Combined TRACON& Tower with Radar,0,21,14,0,35,0,0,69,0,69,0,21,83,0,104,38,0,38,142
07/11/2005,ELM,NY,AEA,EN,Combined TRACON& Tower with Radar,0,29,15,7,51,0,0,39,0,39,0,29,54,7,90,34,22,56,146
07/12/2005,ELM,NY,AEA,EN,Combined TRACON& Tower with Radar,0,36,26,0,62,0,0,34,0,34,0,36,60,0,96,50,0,50,146
07/13/2005,ELM,NY,AEA,EN,Combined TRACON& Tower with Radar,0,36,18,0,54,0,0,17,0,17,0,36,35,0,71,26,0,26,97
07/14/2005,ELM,NY,AEA,EN,Combined TRACON& Tower with Radar,0,40,25,0,65,0,0,25,0,25,0,40,50,0,90,28,0,28,118
07/15/2005,ELM,NY,AEA,EN,Combined TRACON& Tower with Radar,0,33,36,0,69,0,0,42,0,42,0,33,78,0,111,12,0,12,123
07/16/2005,ELM,NY,AEA,EN,Combined TRACON& Tower with Radar,0,22,20,0,42,0,0,10,0,10,0,22,30,0,52,10,0,10,62
07/17/2005,ELM,NY,AEA,EN,Combined TRACON& Tower with Radar,0,18,29,0,47,0,0,25,0,25,0,18,54,0,72,48,0,48,120
07/18/2005,ELM,NY,AEA,EN,Combined TRACON& Tower with Radar,0,21,30,0,51,0,0,9,0,9,0,21,39,0,60,74,0,74,134
07/19/2005,ELM,NY,AEA,EN,Combined TRACON& Tower with Radar,0,35,24,5,64,0,1,21,1,23,0,36,45,6,87,30,10,40,127
07/20/2005,ELM,NY,AEA,EN,Combined TRACON& Tower with Radar,0,37,28,3,68,0,0,63,0,63,0,37,91,3,131,64,0,64,195
07/21/2005,ELM,NY,AEA,EN,Combined TRACON& Tower with Radar,0,37,26,1,64,0,0,57,0,57,0,37,83,1,121,28,14,42,163
07/22/2005,ELM,NY,AEA,EN,Combined TRACON& Tower with Radar,0,42,30,1,73,0,0,40,6,46,0,42,70,7,119,32,8,40,159
07/23/2005,ELM,NY,AEA,EN,Combined TRACON& Tower with Radar,0,20,22,1,43,0,0,134,0,134,0,20,156,1,177,122,4,126,303
07/24/2005,ELM,NY,AEA,EN,Combined TRACON& Tower with Radar,0,21,11,1,33,0,0,155,0,155,0,21,166,1,188,130,2,132,320
07/25/2005,ELM,NY,AEA,EN,Combined TRACON& Tower with Radar,0,30,32,2,64,0,0,29,0,29,0,30,61,2,93,6,0,6,99
07/26/2005,ELM,NY,AEA,EN,Combined TRACON& Tower with Radar,0,32,23,0,55,0,0,17,0,17,0,32,40,0,72,10,0,10,82
07/27/2005,ELM,NY,AEA,EN,Combined TRACON& Tower with Radar,0,33,33,0,66,0,0,8,0,8,0,33,41,0,74,8,0,8,82
07/28/2005,ELM,NY,AEA,EN,Combined TRACON& Tower with Radar,0,36,43,0,79,0,0,55,0,55,0,36,98,0,134,62,0,62,196
07/29/2005,ELM,NY,AEA,EN,Combined TRACON& Tower with Radar,0,35,21,0,56,0,0,36,0,36,0,35,57,0,92,104,0,104,196
07/30/2005,ELM,NY,AEA,EN,Combined TRACON& Tower with Radar,0,26,9,0,35,0,0,57,0,57,0,26,66,0,92,96,0,96,188
07/31/2005,ELM,NY,AEA,EN,Combined TRACON& Tower with Radar,0,19,26,0,45,0,0,52,0,52,0,19,78,0,97,96,0,96,193
08/01/2005,ELM,NY,AEA,EN,Combined TRACON& Tower with Radar,0,31,48,0,79,0,0,25,0,25,0,31,73,0,104,80,0,80,184
08/02/2005,ELM,NY,AEA,EN,Combined TRACON& Tower with Radar,0,38,50,0,88,0,0,27,0,27,0,38,77,0,115,46,0,46,161
08/03/2005,ELM,NY,AEA,EN,Combined TRACON& Tower with Radar,0,36,22,0,58,0,0,37,0,37,0,36,59,0,95,84,0,84,179
08/04/2005,ELM,NY,AEA,EN,Combined TRACON& Tower with Radar,0,40,27,0,67,0,0,29,0,29,0,40,56,0,96,112,0,112,208
08/05/2005,ELM,NY,AEA,EN,Combined TRACON& Tower with Radar,0,38,24,0,62,0,0,41,0,41,0,38,65,0,103,118,0,118,221
08/06/2005,ELM,NY,AEA,EN,Combined TRACON& Tower with Radar,0,23,18,0,41,0,0,50,0,50,0,23,68,0,91,100,0,100,191
08/07/2005,ELM,NY,AEA,EN,Combined TRACON& Tower with Radar,0,19,9,2,30,0,0,38,11,49,0,19,47,13,79,82,0,82,161
08/08/2005,ELM,NY,AEA,EN,Combined TRACON& Tower with Radar,0,25,20,8,53,0,0,17,0,17,0,25,37,8,70,64,8,72,142
08/09/2005,ELM,NY,AEA,EN,Combined TRACON& Tower with Radar,0,37,11,0,48,0,0,30,0,30,0,37,41,0,78,72,0,72,150
08/10/2005,ELM,NY,AEA,EN,Combined TRACON& Tower with Radar,0,46,27,0,73,0,0,21,0,21,0,46,48,0,94,56,0,56,150
08/11/2005,ELM,NY,AEA,EN,Combined TRACON& Tower with Radar,3,38,102,0,143,0,0,40,0,40,3,38,142,0,183,68,0,68,251
08/12/2005,ELM,NY,AEA,EN,Combined TRACON& Tower with Radar,1,38,61,0,100,0,0,30,0,30,1,38,91,0,130,78,0,78,208
08/13/2005,ELM,NY,AEA,EN,Combined TRACON& Tower with Radar,6,31,77,0,114,0,0,18,0,18,6,31,95,0,132,48,0,48,180
08/14/2005,ELM,NY,AEA,EN,Combined TRACON& Tower with Radar,8,32,114,0,154,0,0,73,5,78,8,32,187,5,232,18,0,18,250
08/15/2005,ELM,NY,AEA,EN,Combined TRACON& Tower with Radar,0,32,27,0,59,0,0,25,0,25,0,32,52,0,84,32,0,32,116
08/16/2005,ELM,NY,AEA,EN,Combined TRACON& Tower with Radar,0,38,21,0,59,0,0,16,0,16,0,38,37,0,75,36,0,36,111
08/17/2005,ELM,NY,AEA,EN,Combined TRACON& Tower with Radar,0,35,20,0,55,0,0,53,0,53,0,35,73,0,108,154,0,154,262
08/18/2005,ELM,NY,AEA,EN,Combined TRACON& Tower with Radar,0,42,32,8,82,0,0,39,0,39,0,42,71,8,121,110,6,116,237
08/19/2005,ELM,NY,AEA,EN,Combined TRACON& Tower with Radar,0,34,25,0,59,0,0,5,0,5,0,34,30,0,64,32,0,32,96
08/20/2005,ELM,NY,AEA,EN,Combined TRACON& Tower with Radar,0,20,21,0,41,0,0,23,0,23,0,20,44,0,64,30,0,30,94
08/21/2005,ELM,NY,AEA,EN,Combined TRACON& Tower with Radar,0,27,13,0,40,0,0,18,0,18,0,27,31,0,58,2,0,2,60
08/22/2005,ELM,NY,AEA,EN,Combined TRACON& Tower with Radar,0,31,26,2,59,0,0,42,1,43,0,31,68,3,102,108,2,110,212
08/23/2005,ELM,NY,AEA,EN,Combined TRACON& Tower with Radar,0,40,29,0,69,0,0,37,0,37,0,40,66,0,106,70,0,70,176
08/24/2005,ELM,NY,AEA,EN,Combined TRACON& Tower with Radar,0,34,23,2,59,0,2,57,0,59,0,36,80,2,118,74,0,74,192
08/25/2005,ELM,NY,AEA,EN,Combined TRACON& Tower with Radar,0,39,29,0,68,0,0,67,0,67,0,39,96,0,135,70,0,70,205
08/26/2005,ELM,NY,AEA,EN,Combined TRACON& Tower with Radar,0,39,25,0,64,0,0,78,0,78,0,39,103,0,142,48,0,48,190
08/27/2005,ELM,NY,AEA,EN,Combined TRACON& Tower with Radar,0,23,22,0,45,0,0,40,0,40,0,23,62,0,85,34,0,34,119
08/28/2005,ELM,NY,AEA,EN,Combined TRACON& Tower with Radar,0,21,9,0,30,0,0,21,0,21,0,21,30,0,51,30,0,30,81
08/29/2005,ELM,NY,AEA,EN,Combined TRACON& Tower with Radar,0,28,31,0,59,0,0,8,0,8,0,28,39,0,67,64,0,64,131
08/30/2005,ELM,NY,AEA,EN,Combined TRACON& Tower with Radar,0,39,20,1,60,0,0,2,0,2,0,39,22,1,62,18,0,18,80
08/31/2005,ELM,NY,AEA,EN,Combined TRACON& Tower with Radar,0,36,16,1,53,0,0,1,0,1,0,36,17,1,54,14,0,14,68
09/01/2005,ELM,NY,AEA,EN,Combined TRACON& Tower with Radar,0,42,24,0,66,0,0,19,2,21,0,42,43,2,87,34,0,34,121
09/02/2005,ELM,NY,AEA,EN,Combined TRACON& Tower with Radar,0,34,27,0,61,0,0,40,0,40,0,34,67,0,101,30,0,30,131
09/03/2005,ELM,NY,AEA,EN,Combined TRACON& Tower with Radar,0,25,28,0,53,0,0,51,0,51,0,25,79,0,104,58,0,58,162
09/04/2005,ELM,NY,AEA,EN,Combined TRACON& Tower with Radar,0,15,14,0,29,0,0,37,0,37,0,15,51,0,66,6,0,6,72
09/05/2005,ELM,NY,AEA,EN,Combined TRACON& Tower with Radar,0,23,10,0,33,0,0,69,0,69,0,23,79,0,102,74,0,74,176
09/06/2005,ELM,NY,AEA,EN,Combined TRACON& Tower with Radar,0,29,26,0,55,0,0,38,2,40,0,29,64,2,95,4,0,4,99
09/07/2005,ELM,NY,AEA,EN,Combined TRACON& Tower with Radar,0,38,36,0,74,0,0,36,0,36,0,38,72,0,110,34,0,34,144
09/08/2005,ELM,NY,AEA,EN,Combined TRACON& Tower with Radar,0,44,33,0,77,0,0,25,0,25,0,44,58,0,102,56,0,56,158
09/09/2005,ELM,NY,AEA,EN,Combined TRACON& Tower with Radar,0,38,31,0,69,0,1,42,0,43,0,39,73,0,112,68,0,68,180
09/10/2005,ELM,NY,AEA,EN,Combined TRACON& Tower with Radar,0,27,27,0,54,0,2,71,0,73,0,29,98,0,127,88,0,88,215
09/11/2005,ELM,NY,AEA,EN,Combined TRACON& Tower with Radar,0,27,18,0,45,0,0,47,0,47,0,27,65,0,92,38,0,38,130
09/12/2005,ELM,NY,AEA,EN,Combined TRACON& Tower with Radar,0,26,19,0,45,0,1,30,0,31,0,27,49,0,76,106,0,106,182
09/13/2005,ELM,NY,AEA,EN,Combined TRACON& Tower with Radar,0,39,24,5,68,0,0,19,1,20,0,39,43,6,88,36,0,36,124
09/14/2005,ELM,NY,AEA,EN,Combined TRACON& Tower with Radar,0,38,27,0,65,0,2,43,1,46,0,40,70,1,111,74,0,74,185
09/15/2005,ELM,NY,AEA,EN,Combined TRACON& Tower with Radar,0,31,27,2,60,0,0,17,0,17,0,31,44,2,77,58,0,58,135
09/16/2005,ELM,NY,AEA,EN,Combined TRACON& Tower with Radar,0,39,35,0,74,0,0,18,0,18,0,39,53,0,92,64,0,64,156
09/17/2005,ELM,NY,AEA,EN,Combined TRACON& Tower with Radar,0,26,28,0,54,0,0,14,0,14,0,26,42,0,68,52,0,52,120
09/18/2005,ELM,NY,AEA,EN,Combined TRACON& Tower with Radar,0,22,16,0,38,0,0,42,0,42,0,22,58,0,80,26,0,26,106
09/19/2005,ELM,NY,AEA,EN,Combined TRACON& Tower with Radar,0,28,23,0,51,0,0,40,0,40,0,28,63,0,91,74,0,74,165
09/20/2005,ELM,NY,AEA,EN,Combined TRACON& Tower with Radar,0,38,28,0,66,0,0,9,0,9,0,38,37,0,75,8,0,8,83
09/21/2005,ELM,NY,AEA,EN,Combined TRACON& Tower with Radar,0,43,44,1,88,0,0,52,0,52,0,43,96,1,140,84,0,84,224
09/22/2005,ELM,NY,AEA,EN,Combined TRACON& Tower with Radar,0,44,56,1,101,0,0,33,0,33,0,44,89,1,134,76,0,76,210
09/23/2005,ELM,NY,AEA,EN,Combined TRACON& Tower with Radar,0,49,43,0,92,0,0,53,0,53,0,49,96,0,145,126,0,126,271
09/24/2005,ELM,NY,AEA,EN,Combined TRACON& Tower with Radar,0,32,32,0,64,0,0,77,0,77,0,32,109,0,141,96,0,96,237
09/25/2005,ELM,NY,AEA,EN,Combined TRACON& Tower with Radar,0,24,40,0,64,0,0,51,0,51,0,24,91,0,115,58,0,58,173
09/26/2005,ELM,NY,AEA,EN,Combined TRACON& Tower with Radar,1,37,36,0,74,0,0,0,0,0,1,37,36,0,74,0,0,0,74
09/27/2005,ELM,NY,AEA,EN,Combined TRACON& Tower with Radar,0,40,21,0,61,0,0,37,0,37,0,40,58,0,98,82,0,82,180
09/28/2005,ELM,NY,AEA,EN,Combined TRACON& Tower with Radar,0,33,21,0,54,0,0,37,0,37,0,33,58,0,91,80,0,80,171
09/29/2005,ELM,NY,AEA,EN,Combined TRACON& Tower with Radar,0,37,36,0,73,0,0,8,0,8,0,37,44,0,81,32,0,32,113
09/30/2005,ELM,NY,AEA,EN,Combined TRACON& Tower with Radar,0,32,36,0,68,0,0,46,0,46,0,32,82,0,114,78,0,78,192
10/01/2005,ELM,NY,AEA,EN,Combined TRACON& Tower with Radar,0,27,15,0,42,0,0,56,0,56,0,27,71,0,98,68,0,68,166
10/02/2005,ELM,NY,AEA,EN,Combined TRACON& Tower with Radar,0,22,27,0,49,0,0,41,0,41,0,22,68,0,90,16,0,16,106
10/03/2005,ELM,NY,AEA,EN,Combined TRACON& Tower with Radar,0,25,17,0,42,0,0,40,0,40,0,25,57,0,82,62,0,62,144
10/04/2005,ELM,NY,AEA,EN,Combined TRACON& Tower with Radar,0,37,21,0,58,0,0,35,0,35,0,37,56,0,93,62,0,62,155
10/05/2005,ELM,NY,AEA,EN,Combined TRACON& Tower with Radar,0,37,33,0,70,0,0,37,0,37,0,37,70,0,107,72,0,72,179
10/06/2005,ELM,NY,AEA,EN,Combined TRACON& Tower with Radar,0,38,27,0,65,0,0,12,1,13,0,38,39,1,78,78,0,78,156
10/07/2005,ELM,NY,AEA,EN,Combined TRACON& Tower with Radar,0,41,32,0,73,0,0,0,0,0,0,41,32,0,73,0,0,0,73
10/08/2005,ELM,NY,AEA,EN,Combined TRACON& Tower with Radar,0,23,15,0,38,0,0,1,0,1,0,23,16,0,39,0,0,0,39
10/09/2005,ELM,NY,AEA,EN,Combined TRACON& Tower with Radar,0,21,15,0,36,0,0,0,0,0,0,21,15,0,36,0,0,0,36
10/10/2005,ELM,NY,AEA,EN,Combined TRACON& Tower with Radar,0,28,40,0,68,0,0,4,0,4,0,28,44,0,72,16,0,16,88
10/11/2005,ELM,NY,AEA,EN,Combined TRACON& Tower with Radar,0,38,43,0,81,0,0,0,0,0,0,38,43,0,81,14,0,14,95
10/12/2005,ELM,NY,AEA,EN,Combined TRACON& Tower with Radar,0,34,28,0,62,0,0,0,0,0,0,34,28,0,62,0,0,0,62
10/13/2005,ELM,NY,AEA,EN,Combined TRACON& Tower with Radar,0,38,31,2,71,0,0,0,0,0,0,38,31,2,71,6,0,6,77
10/14/2005,ELM,NY,AEA,EN,Combined TRACON& Tower with Radar,0,44,32,0,76,0,0,0,0,0,0,44,32,0,76,0,0,0,76
10/15/2005,ELM,NY,AEA,EN,Combined TRACON& Tower with Radar,0,31,23,0,54,0,0,21,0,21,0,31,44,0,75,52,0,52,127
10/16/2005,ELM,NY,AEA,EN,Combined TRACON& Tower with Radar,0,26,16,0,42,0,0,8,0,8,0,26,24,0,50,34,0,34,84
10/17/2005,ELM,NY,AEA,EN,Combined TRACON& Tower with Radar,0,27,24,0,51,0,0,31,0,31,0,27,55,0,82,134,0,134,216
10/18/2005,ELM,NY,AEA,EN,Combined TRACON& Tower with Radar,0,42,33,0,75,0,0,28,0,28,0,42,61,0,103,52,0,52,155
10/19/2005,ELM,NY,AEA,EN,Combined TRACON& Tower with Radar,0,38,28,0,66,0,0,22,0,22,0,38,50,0,88,42,0,42,130
10/20/2005,ELM,NY,AEA,EN,Combined TRACON& Tower with Radar,0,35,29,4,68,0,0,46,0,46,0,35,75,4,114,76,0,76,190
10/21/2005,ELM,NY,AEA,EN,Combined TRACON& Tower with Radar,0,48,33,0,81,0,0,26,0,26,0,48,59,0,107,34,0,34,141
10/22/2005,ELM,NY,AEA,EN,Combined TRACON& Tower with Radar,0,34,12,0,46,0,0,2,0,2,0,34,14,0,48,0,0,0,48
10/23/2005,ELM,NY,AEA,EN,Combined TRACON& Tower with Radar,0,23,13,0,36,0,0,10,0,10,0,23,23,0,46,38,0,38,84
10/24/2005,ELM,NY,AEA,EN,Combined TRACON& Tower with Radar,0,30,17,0,47,0,0,0,0,0,0,30,17,0,47,4,0,4,51
10/25/2005,ELM,NY,AEA,EN,Combined TRACON& Tower with Radar,0,33,16,0,49,0,0,0,0,0,0,33,16,0,49,0,0,0,49
10/26/2005,ELM,NY,AEA,EN,Combined TRACON& Tower with Radar,0,35,19,0,54,0,0,4,0,4,0,35,23,0,58,34,0,34,92
10/27/2005,ELM,NY,AEA,EN,Combined TRACON& Tower with Radar,0,38,39,0,77,0,0,26,0,26,0,38,65,0,103,104,0,104,207
10/28/2005,ELM,NY,AEA,EN,Combined TRACON& Tower with Radar,0,34,35,0,69,0,0,28,0,28,0,34,63,0,97,48,0,48,145
10/29/2005,ELM,NY,AEA,EN,Combined TRACON& Tower with Radar,0,28,16,0,44,0,0,13,0,13,0,28,29,0,57,48,0,48,105
10/30/2005,ELM,NY,AEA,EN,Combined TRACON& Tower with Radar,0,20,14,0,34,0,0,58,0,58,0,20,72,0,92,80,0,80,172
10/31/2005,ELM,NY,AEA,EN,Combined TRACON& Tower with Radar,0,29,18,0,47,0,0,32,3,35,0,29,50,3,82,30,0,30,112
11/01/2005,ELM,NY,AEA,EN,Combined TRACON& Tower with Radar,0,37,27,0,64,0,0,13,0,13,0,37,40,0,77,40,0,40,117
11/02/2005,ELM,NY,AEA,EN,Combined TRACON& Tower with Radar,0,34,30,0,64,0,0,29,0,29,0,34,59,0,93,98,0,98,191
11/03/2005,ELM,NY,AEA,EN,Combined TRACON& Tower with Radar,0,35,18,0,53,0,1,15,0,16,0,36,33,0,69,42,0,42,111
11/04/2005,ELM,NY,AEA,EN,Combined TRACON& Tower with Radar,0,34,19,0,53,0,0,32,0,32,0,34,51,0,85,50,0,50,135
11/05/2005,ELM,NY,AEA,EN,Combined TRACON& Tower with Radar,0,31,23,0,54,0,0,27,0,27,0,31,50,0,81,78,0,78,159
11/06/2005,ELM,NY,AEA,EN,Combined TRACON& Tower with Radar,0,18,19,0,37,0,0,8,0,8,0,18,27,0,45,6,0,6,51
11/07/2005,ELM,NY,AEA,EN,Combined TRACON& Tower with Radar,0,26,23,0,49,0,0,19,0,19,0,26,42,0,68,26,0,26,94
11/08/2005,ELM,NY,AEA,EN,Combined TRACON& Tower with Radar,0,34,26,0,60,0,1,24,0,25,0,35,50,0,85,74,0,74,159
11/09/2005,ELM,NY,AEA,EN,Combined TRACON& Tower with Radar,0,34,20,0,54,0,1,0,0,1,0,35,20,0,55,0,0,0,55
11/10/2005,ELM,NY,AEA,EN,Combined TRACON& Tower with Radar,0,40,36,0,76,0,0,10,0,10,0,40,46,0,86,4,0,4,90
11/11/2005,ELM,NY,AEA,EN,Combined TRACON& Tower with Radar,0,37,22,0,59,0,0,22,2,24,0,37,44,2,83,74,0,74,157
11/12/2005,ELM,NY,AEA,EN,Combined TRACON& Tower with Radar,0,29,19,0,48,0,0,54,0,54,0,29,73,0,102,72,0,72,174
11/13/2005,ELM,NY,AEA,EN,Combined TRACON& Tower with Radar,0,21,15,0,36,0,0,14,0,14,0,21,29,0,50,12,0,12,62
11/14/2005,ELM,NY,AEA,EN,Combined TRACON& Tower with Radar,0,30,27,0,57,0,1,23,0,24,0,31,50,0,81,48,0,48,129
11/15/2005,ELM,NY,AEA,EN,Combined TRACON& Tower with Radar,0,43,26,0,69,0,0,3,0,3,0,43,29,0,72,26,0,26,98
11/16/2005,ELM,NY,AEA,EN,Combined TRACON& Tower with Radar,0,40,17,0,57,0,0,4,0,4,0,40,21,0,61,2,0,2,63
11/17/2005,ELM,NY,AEA,EN,Combined TRACON& Tower with Radar,0,41,37,0,78,0,0,13,0,13,0,41,50,0,91,42,0,42,133
11/18/2005,ELM,NY,AEA,EN,Combined TRACON& Tower with Radar,0,42,31,0,73,0,0,19,0,19,0,42,50,0,92,54,0,54,146
11/19/2005,ELM,NY,AEA,EN,Combined TRACON& Tower with Radar,0,28,16,0,44,0,0,38,0,38,0,28,54,0,82,78,0,78,160
11/20/2005,ELM,NY,AEA,EN,Combined TRACON& Tower with Radar,0,25,10,0,35,0,0,30,2,32,0,25,40,2,67,44,0,44,111
11/21/2005,ELM,NY,AEA,EN,Combined TRACON& Tower with Radar,0,31,20,0,51,0,0,22,2,24,0,31,42,2,75,44,0,44,119
11/22/2005,ELM,NY,AEA,EN,Combined TRACON& Tower with Radar,0,43,20,0,63,0,0,2,0,2,0,43,22,0,65,30,0,30,95
11/23/2005,ELM,NY,AEA,EN,Combined TRACON& Tower with Radar,0,42,28,0,70,0,0,15,0,15,0,42,43,0,85,34,0,34,119
11/24/2005,ELM,NY,AEA,EN,Combined TRACON& Tower with Radar,0,33,10,0,43,0,0,1,0,1,0,33,11,0,44,0,0,0,44
11/25/2005,ELM,NY,AEA,EN,Combined TRACON& Tower with Radar,0,29,3,0,32,0,0,10,0,10,0,29,13,0,42,12,0,12,54
11/26/2005,ELM,NY,AEA,EN,Combined TRACON& Tower with Radar,0,23,6,0,29,0,1,2,0,3,0,24,8,0,32,0,0,0,32
11/27/2005,ELM,NY,AEA,EN,Combined TRACON& Tower with Radar,0,27,15,0,42,0,0,12,0,12,0,27,27,0,54,18,0,18,72
11/28/2005,ELM,NY,AEA,EN,Combined TRACON& Tower with Radar,0,27,32,0,59,0,0,1,0,1,0,27,33,0,60,38,0,38,98
11/29/2005,ELM,NY,AEA,EN,Combined TRACON& Tower with Radar,0,40,19,0,59,0,0,3,1,4,0,40,22,1,63,0,0,0,63
11/30/2005,ELM,NY,AEA,EN,Combined TRACON& Tower with Radar,0,45,13,0,58,0,0,5,0,5,0,45,18,0,63,42,0,42,105
12/01/2005,ELM,NY,AEA,EN,Combined TRACON& Tower with Radar,0,41,19,0,60,0,0,18,0,18,0,41,37,0,78,18,0,18,96
12/02/2005,ELM,NY,AEA,EN,Combined TRACON& Tower with Radar,0,40,21,0,61,0,0,0,0,0,0,40,21,0,61,2,0,2,63
12/03/2005,ELM,NY,AEA,EN,Combined TRACON& Tower with Radar,0,30,11,0,41,0,0,4,0,4,0,30,15,0,45,12,0,12,57
12/04/2005,ELM,NY,AEA,EN,Combined TRACON& Tower with Radar,0,21,17,0,38,0,0,0,0,0,0,21,17,0,38,0,0,0,38
12/05/2005,ELM,NY,AEA,EN,Combined TRACON& Tower with Radar,0,29,28,0,57,0,0,13,0,13,0,29,41,0,70,62,0,62,132
12/06/2005,ELM,NY,AEA,EN,Combined TRACON& Tower with Radar,0,58,24,0,82,0,1,5,0,6,0,59,29,0,88,36,0,36,124
12/07/2005,ELM,NY,AEA,EN,Combined TRACON& Tower with Radar,0,35,19,0,54,0,0,7,0,7,0,35,26,0,61,20,0,20,81
12/08/2005,ELM,NY,AEA,EN,Combined TRACON& Tower with Radar,0,35,31,0,66,0,0,31,0,31,0,35,62,0,97,48,0,48,145
12/09/2005,ELM,NY,AEA,EN,Combined TRACON& Tower with Radar,0,37,18,0,55,0,0,5,0,5,0,37,23,0,60,14,0,14,74
12/10/2005,ELM,NY,AEA,EN,Combined TRACON& Tower with Radar,0,27,18,0,45,0,0,28,0,28,0,27,46,0,73,10,0,10,83
12/11/2005,ELM,NY,AEA,EN,Combined TRACON& Tower with Radar,0,23,12,0,35,0,0,2,0,2,0,23,14,0,37,0,0,0,37
12/12/2005,ELM,NY,AEA,EN,Combined TRACON& Tower with Radar,0,29,21,0,50,0,0,14,0,14,0,29,35,0,64,82,0,82,146
12/13/2005,ELM,NY,AEA,EN,Combined TRACON& Tower with Radar,0,37,30,0,67,0,0,15,1,16,0,37,45,1,83,36,0,36,119
12/14/2005,ELM,NY,AEA,EN,Combined TRACON& Tower with Radar,0,36,38,0,74,0,0,17,0,17,0,36,55,0,91,46,0,46,137
12/15/2005,ELM,NY,AEA,EN,Combined TRACON& Tower with Radar,0,32,17,0,49,0,0,9,0,9,0,32,26,0,58,20,0,20,78
12/16/2005,ELM,NY,AEA,EN,Combined TRACON& Tower with Radar,0,31,23,0,54,0,0,3,0,3,0,31,26,0,57,38,0,38,95
12/17/2005,ELM,NY,AEA,EN,Combined TRACON& Tower with Radar,0,33,14,0,47,0,0,12,0,12,0,33,26,0,59,12,0,12,71
12/18/2005,ELM,NY,AEA,EN,Combined TRACON& Tower with Radar,0,24,14,0,38,0,0,11,0,11,0,24,25,0,49,10,0,10,59
12/19/2005,ELM,NY,AEA,EN,Combined TRACON& Tower with Radar,0,32,16,0,48,0,0,21,0,21,0,32,37,0,69,42,0,42,111
12/20/2005,ELM,NY,AEA,EN,Combined TRACON& Tower with Radar,0,38,17,0,55,0,0,17,0,17,0,38,34,0,72,44,0,44,116
12/21/2005,ELM,NY,AEA,EN,Combined TRACON& Tower with Radar,0,35,19,0,54,0,0,8,0,8,0,35,27,0,62,18,0,18,80
12/22/2005,ELM,NY,AEA,EN,Combined TRACON& Tower with Radar,0,41,25,0,66,0,0,14,0,14,0,41,39,0,80,26,0,26,106
12/23/2005,ELM,NY,AEA,EN,Combined TRACON& Tower with Radar,0,39,19,0,58,0,0,11,0,11,0,39,30,0,69,28,0,28,97
12/24/2005,ELM,NY,AEA,EN,Combined TRACON& Tower with Radar,0,33,9,0,42,0,1,6,0,7,0,34,15,0,49,18,0,18,67
12/25/2005,ELM,NY,AEA,EN,Combined TRACON& Tower with Radar,0,17,7,0,24,0,0,4,0,4,0,17,11,0,28,0,0,0,28
12/26/2005,ELM,NY,AEA,EN,Combined TRACON& Tower with Radar,0,21,9,0,30,0,0,0,0,0,0,21,9,0,30,0,0,0,30
12/27/2005,ELM,NY,AEA,EN,Combined TRACON& Tower with Radar,0,32,19,0,51,0,1,4,0,5,0,33,23,0,56,0,0,0,56
12/28/2005,ELM,NY,AEA,EN,Combined TRACON& Tower with Radar,0,44,5,0,49,0,0,11,0,11,0,44,16,0,60,32,0,32,92
12/29/2005,ELM,NY,AEA,EN,Combined TRACON& Tower with Radar,0,38,8,0,46,0,0,1,0,1,0,38,9,0,47,0,0,0,47
12/30/2005,ELM,NY,AEA,EN,Combined TRACON& Tower with Radar,0,43,16,0,59,0,0,2,0,2,0,43,18,0,61,10,0,10,71
12/31/2005,ELM,NY,AEA,EN,Combined TRACON& Tower with Radar,0,29,4,0,33,0,0,0,0,0,0,29,4,0,33,0,0,0,33
01/01/2006,ELM,NY,AEA,EN,Combined TRACON& Tower with Radar,0,21,6,0,27,0,0,3,0,3,0,21,9,0,30,0,0,0,30
01/02/2006,ELM,NY,AEA,EN,Combined TRACON& Tower with Radar,0,26,7,0,33,0,0,0,0,0,0,26,7,0,33,0,0,0,33
01/03/2006,ELM,NY,AEA,EN,Combined TRACON& Tower with Radar,0,31,8,0,39,0,0,0,0,0,0,31,8,0,39,0,0,0,39
01/04/2006,ELM,NY,AEA,EN,Combined TRACON& Tower with Radar,0,32,30,0,62,0,0,2,0,2,0,32,32,0,64,32,0,32,96
01/05/2006,ELM,NY,AEA,EN,Combined TRACON& Tower with Radar,0,48,17,0,65,0,0,3,0,3,0,48,20,0,68,12,0,12,80
01/06/2006,ELM,NY,AEA,EN,Combined TRACON& Tower with Radar,0,38,15,0,53,0,0,0,0,0,0,38,15,0,53,10,0,10,63
01/07/2006,ELM,NY,AEA,EN,Combined TRACON& Tower with Radar,0,29,14,0,43,0,0,15,0,15,0,29,29,0,58,54,0,54,112
01/08/2006,ELM,NY,AEA,EN,Combined TRACON& Tower with Radar,0,25,23,0,48,0,0,15,0,15,0,25,38,0,63,8,0,8,71
01/09/2006,ELM,NY,AEA,EN,Combined TRACON& Tower with Radar,0,26,20,0,46,0,0,3,0,3,0,26,23,0,49,2,0,2,51
01/10/2006,ELM,NY,AEA,EN,Combined TRACON& Tower with Radar,0,38,22,2,62,0,0,23,0,23,0,38,45,2,85,24,0,24,109
01/11/2006,ELM,NY,AEA,EN,Combined TRACON& Tower with Radar,0,36,18,0,54,0,0,11,0,11,0,36,29,0,65,46,0,46,111
01/12/2006,ELM,NY,AEA,EN,Combined TRACON& Tower with Radar,0,39,28,0,67,0,0,38,2,40,0,39,66,2,107,86,0,86,193
01/13/2006,ELM,NY,AEA,EN,Combined TRACON& Tower with Radar,0,47,25,0,72,0,0,50,0,50,0,47,75,0,122,52,0,52,174
01/14/2006,ELM,NY,AEA,EN,Combined TRACON& Tower with Radar,0,26,5,0,31,0,0,0,0,0,0,26,5,0,31,0,0,0,31
01/15/2006,ELM,NY,AEA,EN,Combined TRACON& Tower with Radar,0,26,1,0,27,0,0,6,0,6,0,26,7,0,33,0,0,0,33
01/16/2006,ELM,NY,AEA,EN,Combined TRACON& Tower with Radar,0,27,19,0,46,0,0,15,0,15,0,27,34,0,61,14,0,14,75
01/17/2006,ELM,NY,AEA,EN,Combined TRACON& Tower with Radar,0,35,23,0,58,0,0,13,0,13,0,35,36,0,71,0,0,0,71
01/18/2006,ELM,NY,AEA,EN,Combined TRACON& Tower with Radar,0,27,18,0,45,0,0,0,0,0,0,27,18,0,45,0,0,0,45
01/19/2006,ELM,NY,AEA,EN,Combined TRACON& Tower with Radar,0,36,20,0,56,0,0,25,0,25,0,36,45,0,81,30,0,30,111
01/20/2006,ELM,NY,AEA,EN,Combined TRACON& Tower with Radar,0,37,27,0,64,0,0,19,0,19,0,37,46,0,83,32,0,32,115
01/21/2006,ELM,NY,AEA,EN,Combined TRACON& Tower with Radar,0,22,7,0,29,0,0,5,0,5,0,22,12,0,34,10,0,10,44
01/22/2006,ELM,NY,AEA,EN,Combined TRACON& Tower with Radar,0,28,17,0,45,0,0,40,0,40,0,28,57,0,85,56,0,56,141
01/23/2006,ELM,NY,AEA,EN,Combined TRACON& Tower with Radar,0,25,21,5,51,0,0,1,0,1,0,25,22,5,52,6,10,16,68
01/24/2006,ELM,NY,AEA,EN,Combined TRACON& Tower with Radar,0,38,30,0,68,0,0,21,0,21,0,38,51,0,89,78,0,78,167
01/25/2006,ELM,NY,AEA,EN,Combined TRACON& Tower with Radar,0,37,27,2,66,0,0,5,0,5,0,37,32,2,71,42,8,50,121
01/26/2006,ELM,NY,AEA,EN,Combined TRACON& Tower with Radar,0,36,21,2,59,0,0,12,0,12,0,36,33,2,71,16,4,20,91
01/27/2006,ELM,NY,AEA,EN,Combined TRACON& Tower with Radar,0,35,24,0,59,0,0,35,0,35,0,35,59,0,94,82,0,82,176
01/28/2006,ELM,NY,AEA,EN,Combined TRACON& Tower with Radar,0,29,16,0,45,0,1,35,0,36,0,30,51,0,81,84,0,84,165
01/29/2006,ELM,NY,AEA,EN,Combined TRACON& Tower with Radar,0,25,4,0,29,0,0,5,0,5,0,25,9,0,34,20,0,20,54
01/30/2006,ELM,NY,AEA,EN,Combined TRACON& Tower with Radar,0,27,22,0,49,0,7,21,0,28,0,34,43,0,77,48,0,48,125
01/31/2006,ELM,NY,AEA,EN,Combined TRACON& Tower with Radar,0,36,16,0,52,0,0,0,0,0,0,36,16,0,52,14,0,14,66
02/01/2006,ELM,NY,AEA,EN,Combined TRACON& Tower with Radar,0,37,22,0,59,0,0,16,0,16,0,37,38,0,75,16,0,16,91
02/02/2006,ELM,NY,AEA,EN,Combined TRACON& Tower with Radar,0,36,28,0,64,0,0,16,0,16,0,36,44,0,80,36,0,36,116
02/03/2006,ELM,NY,AEA,EN,Combined TRACON& Tower with Radar,0,38,31,0,69,0,0,2,0,2,0,38,33,0,71,8,0,8,79
02/04/2006,ELM,NY,AEA,EN,Combined TRACON& Tower with Radar,0,28,13,0,41,0,0,7,0,7,0,28,20,0,48,26,0,26,74
02/05/2006,ELM,NY,AEA,EN,Combined TRACON& Tower with Radar,0,27,18,2,47,0,0,4,0,4,0,27,22,2,51,16,4,20,71
02/06/2006,ELM,NY,AEA,EN,Combined TRACON& Tower with Radar,0,25,19,0,44,0,0,0,0,0,0,25,19,0,44,0,0,0,44
02/07/2006,ELM,NY,AEA,EN,Combined TRACON& Tower with Radar,0,38,24,0,62,0,0,2,0,2,0,38,26,0,64,32,0,32,96
02/08/2006,ELM,NY,AEA,EN,Combined TRACON& Tower with Radar,0,30,27,0,57,0,0,11,0,11,0,30,38,0,68,6,0,6,74
02/09/2006,ELM,NY,AEA,EN,Combined TRACON& Tower with Radar,0,38,34,0,72,0,0,12,0,12,0,38,46,0,84,14,0,14,98
02/10/2006,ELM,NY,AEA,EN,Combined TRACON& Tower with Radar,0,36,15,0,51,0,0,6,0,6,0,36,21,0,57,30,0,30,87
02/11/2006,ELM,NY,AEA,EN,Combined TRACON& Tower with Radar,0,26,8,0,34,0,0,0,0,0,0,26,8,0,34,6,0,6,40
02/12/2006,ELM,NY,AEA,EN,Combined TRACON& Tower with Radar,0,17,1,0,18,0,0,6,0,6,0,17,7,0,24,24,0,24,48
02/13/2006,ELM,NY,AEA,EN,Combined TRACON& Tower with Radar,0,23,15,0,38,0,0,1,0,1,0,23,16,0,39,26,0,26,65
02/14/2006,ELM,NY,AEA,EN,Combined TRACON& Tower with Radar,0,31,24,0,55,0,0,8,0,8,0,31,32,0,63,28,0,28,91
02/15/2006,ELM,NY,AEA,EN,Combined TRACON& Tower with Radar,0,31,24,0,55,0,0,19,0,19,0,31,43,0,74,6,0,6,80
02/16/2006,ELM,NY,AEA,EN,Combined TRACON& Tower with Radar,0,37,37,0,74,0,0,26,0,26,0,37,63,0,100,108,0,108,208
02/17/2006,ELM,NY,AEA,EN,Combined TRACON& Tower with Radar,0,32,24,0,56,0,0,0,0,0,0,32,24,0,56,2,0,2,58
02/18/2006,ELM,NY,AEA,EN,Combined TRACON& Tower with Radar,0,30,14,0,44,0,1,2,0,3,0,31,16,0,47,0,0,0,47
02/19/2006,ELM,NY,AEA,EN,Combined TRACON& Tower with Radar,0,20,11,0,31,0,0,19,0,19,0,20,30,0,50,16,0,16,66
02/20/2006,ELM,NY,AEA,EN,Combined TRACON& Tower with Radar,0,26,16,0,42,0,0,22,1,23,0,26,38,1,65,68,0,68,133
02/21/2006,ELM,NY,AEA,EN,Combined TRACON& Tower with Radar,0,38,18,0,56,0,0,11,0,11,0,38,29,0,67,10,0,10,77
02/22/2006,ELM,NY,AEA,EN,Combined TRACON& Tower with Radar,0,32,22,2,56,0,0,12,0,12,0,32,34,2,68,34,0,34,102
02/23/2006,ELM,NY,AEA,EN,Combined TRACON& Tower with Radar,0,35,26,0,61,0,0,10,0,10,0,35,36,0,71,46,0,46,117
02/24/2006,ELM,NY,AEA,EN,Combined TRACON& Tower with Radar,0,36,23,0,59,0,0,13,0,13,0,36,36,0,72,2,0,2,74
02/25/2006,ELM,NY,AEA,EN,Combined TRACON& Tower with Radar,0,34,5,0,39,0,1,2,0,3,0,35,7,0,42,48,0,48,90
02/26/2006,ELM,NY,AEA,EN,Combined TRACON& Tower with Radar,0,22,11,0,33,0,0,0,0,0,0,22,11,0,33,10,0,10,43
02/27/2006,ELM,NY,AEA,EN,Combined TRACON& Tower with Radar,0,27,22,0,49,0,0,7,0,7,0,27,29,0,56,26,0,26,82
02/28/2006,ELM,NY,AEA,EN,Combined TRACON& Tower with Radar,0,38,18,0,56,0,0,7,0,7,0,38,25,0,63,18,0,18,81
03/01/2006,ELM,NY,AEA,EN,Combined TRACON& Tower with Radar,0,32,20,0,52,0,0,70,1,71,0,32,90,1,123,78,0,78,201
03/02/2006,ELM,NY,AEA,EN,Combined TRACON& Tower with Radar,0,28,11,0,39,0,2,6,0,8,0,30,17,0,47,0,0,0,47
03/03/2006,ELM,NY,AEA,EN,Combined TRACON& Tower with Radar,0,41,20,0,61,0,0,0,0,0,0,41,20,0,61,4,0,4,65
03/04/2006,ELM,NY,AEA,EN,Combined TRACON& Tower with Radar,0,26,10,0,36,0,0,3,0,3,0,26,13,0,39,0,0,0,39
03/05/2006,ELM,NY,AEA,EN,Combined TRACON& Tower with Radar,0,23,12,0,35,0,0,25,0,25,0,23,37,0,60,28,0,28,88
03/06/2006,ELM,NY,AEA,EN,Combined TRACON& Tower with Radar,0,26,24,0,50,0,0,25,0,25,0,26,49,0,75,78,0,78,153
03/07/2006,ELM,NY,AEA,EN,Combined TRACON& Tower with Radar,0,35,25,0,60,0,0,22,0,22,0,35,47,0,82,32,0,32,114
03/08/2006,ELM,NY,AEA,EN,Combined TRACON& Tower with Radar,0,32,20,0,52,0,0,38,0,38,0,32,58,0,90,102,0,102,192
03/09/2006,ELM,NY,AEA,EN,Combined TRACON& Tower with Radar,0,39,25,0,64,0,0,17,0,17,0,39,42,0,81,68,0,68,149
03/10/2006,ELM,NY,AEA,EN,Combined TRACON& Tower with Radar,0,31,30,0,61,0,0,4,0,4,0,31,34,0,65,16,0,16,81
03/11/2006,ELM,NY,AEA,EN,Combined TRACON& Tower with Radar,0,26,22,0,48,0,3,41,0,44,0,29,63,0,92,88,0,88,180
03/12/2006,ELM,NY,AEA,EN,Combined TRACON& Tower with Radar,0,22,13,0,35,0,0,2,0,2,0,22,15,0,37,0,0,0,37
03/13/2006,ELM,NY,AEA,EN,Combined TRACON& Tower with Radar,0,18,19,0,37,0,0,0,0,0,0,18,19,0,37,8,0,8,45
03/14/2006,ELM,NY,AEA,EN,Combined TRACON& Tower with Radar,0,37,15,0,52,0,0,5,0,5,0,37,20,0,57,0,0,0,57
03/15/2006,ELM,NY,AEA,EN,Combined TRACON& Tower with Radar,0,31,39,0,70,0,0,3,0,3,0,31,42,0,73,0,0,0,73
03/16/2006,ELM,NY,AEA,EN,Combined TRACON& Tower with Radar,0,38,23,0,61,0,0,29,0,29,0,38,52,0,90,36,0,36,126
03/17/2006,ELM,NY,AEA,EN,Combined TRACON& Tower with Radar,0,37,28,0,65,0,3,26,0,29,0,40,54,0,94,32,0,32,126
03/18/2006,ELM,NY,AEA,EN,Combined TRACON& Tower with Radar,0,28,9,0,37,0,0,23,0,23,0,28,32,0,60,10,0,10,70
03/19/2006,ELM,NY,AEA,EN,Combined TRACON& Tower with Radar,0,20,15,0,35,0,0,1,0,1,0,20,16,0,36,0,0,0,36
03/20/2006,ELM,NY,AEA,EN,Combined TRACON& Tower with Radar,0,29,18,0,47,0,2,1,0,3,0,31,19,0,50,10,0,10,60
03/21/2006,ELM,NY,AEA,EN,Combined TRACON& Tower with Radar,0,31,25,4,60,0,0,9,0,9,0,31,34,4,69,60,0,60,129
03/22/2006,ELM,NY,AEA,EN,Combined TRACON& Tower with Radar,0,34,20,0,54,0,0,0,0,0,0,34,20,0,54,20,0,20,74
03/23/2006,ELM,NY,AEA,EN,Combined TRACON& Tower with Radar,0,36,19,3,58,0,0,17,1,18,0,36,36,4,76,66,6,72,148
03/24/2006,ELM,NY,AEA,EN,Combined TRACON& Tower with Radar,0,39,26,0,65,0,0,22,0,22,0,39,48,0,87,90,0,90,177
03/25/2006,ELM,NY,AEA,EN,Combined TRACON& Tower with Radar,0,25,10,0,35,0,0,3,0,3,0,25,13,0,38,6,0,6,44
03/26/2006,ELM,NY,AEA,EN,Combined TRACON& Tower with Radar,0,29,10,0,39,0,0,7,0,7,0,29,17,0,46,26,0,26,72
03/27/2006,ELM,NY,AEA,EN,Combined TRACON& Tower with Radar,0,28,14,2,44,0,2,17,0,19,0,30,31,2,63,66,0,66,129
03/28/2006,ELM,NY,AEA,EN,Combined TRACON& Tower with Radar,0,35,22,0,57,0,1,30,0,31,0,36,52,0,88,108,0,108,196
03/29/2006,ELM,NY,AEA,EN,Combined TRACON& Tower with Radar,0,32,17,0,49,0,0,45,0,45,0,32,62,0,94,86,0,86,180
03/30/2006,ELM,NY,AEA,EN,Combined TRACON& Tower with Radar,0,37,25,3,65,0,0,33,0,33,0,37,58,3,98,42,8,50,148
03/31/2006,ELM,NY,AEA,EN,Combined TRACON& Tower with Radar,0,38,18,0,56,0,0,26,0,26,0,38,44,0,82,42,0,42,124
04/01/2006,ELM,NY,AEA,EN,Combined TRACON& Tower with Radar,0,20,8,0,28,0,0,1,0,1,0,20,9,0,29,0,0,0,29
04/02/2006,ELM,NY,AEA,EN,Combined TRACON& Tower with Radar,0,25,12,0,37,0,0,53,0,53,0,25,65,0,90,78,0,78,168
04/03/2006,ELM,NY,AEA,EN,Combined TRACON& Tower with Radar,0,24,22,0,46,0,0,5,0,5,0,24,27,0,51,8,0,8,59
04/04/2006,ELM,NY,AEA,EN,Combined TRACON& Tower with Radar,0,35,17,2,54,0,0,0,0,0,0,35,17,2,54,0,0,0,54
04/05/2006,ELM,NY,AEA,EN,Combined TRACON& Tower with Radar,0,38,21,0,59,0,0,1,0,1,0,38,22,0,60,0,0,0,60
04/06/2006,ELM,NY,AEA,EN,Combined TRACON& Tower with Radar,0,36,28,0,64,0,0,20,0,20,0,36,48,0,84,28,0,28,112
04/07/2006,ELM,NY,AEA,EN,Combined TRACON& Tower with Radar,0,29,13,0,42,0,0,2,0,2,0,29,15,0,44,4,0,4,48
04/08/2006,ELM,NY,AEA,EN,Combined TRACON& Tower with Radar,0,23,13,0,36,0,0,29,0,29,0,23,42,0,65,96,0,96,161
04/09/2006,ELM,NY,AEA,EN,Combined TRACON& Tower with Radar,0,23,20,0,43,0,0,42,0,42,0,23,62,0,85,76,0,76,161
04/10/2006,ELM,NY,AEA,EN,Combined TRACON& Tower with Radar,0,22,19,0,41,0,8,41,0,49,0,30,60,0,90,94,0,94,184
04/11/2006,ELM,NY,AEA,EN,Combined TRACON& Tower with Radar,0,32,23,0,55,0,3,29,0,32,0,35,52,0,87,62,0,62,149
04/12/2006,ELM,NY,AEA,EN,Combined TRACON& Tower with Radar,0,35,20,0,55,0,0,15,0,15,0,35,35,0,70,4,0,4,74
04/13/2006,ELM,NY,AEA,EN,Combined TRACON& Tower with Radar,0,36,30,3,69,0,0,19,3,22,0,36,49,6,91,20,6,26,117
04/14/2006,ELM,NY,AEA,EN,Combined TRACON& Tower with Radar,0,38,12,0,50,0,0,6,0,6,0,38,18,0,56,0,0,0,56
04/15/2006,ELM,NY,AEA,EN,Combined TRACON& Tower with Radar,0,23,12,0,35,0,0,29,0,29,0,23,41,0,64,54,0,54,118
04/16/2006,ELM,NY,AEA,EN,Combined TRACON& Tower with Radar,0,21,9,0,30,0,0,17,0,17,0,21,26,0,47,0,0,0,47
04/17/2006,ELM,NY,AEA,EN,Combined TRACON& Tower with Radar,0,25,15,0,40,0,2,34,0,36,0,27,49,0,76,60,0,60,136
04/18/2006,ELM,NY,AEA,EN,Combined TRACON& Tower with Radar,0,35,15,0,50,0,2,21,0,23,0,37,36,0,73,42,0,42,115
04/19/2006,ELM,NY,AEA,EN,Combined TRACON& Tower with Radar,0,34,17,3,54,0,0,36,0,36,0,34,53,3,90,54,0,54,144
04/20/2006,ELM,NY,AEA,EN,Combined TRACON& Tower with Radar,0,31,20,0,51,0,0,84,0,84,0,31,104,0,135,22,0,22,157
04/21/2006,ELM,NY,AEA,EN,Combined TRACON& Tower with Radar,0,34,30,0,64,0,2,23,0,25,0,36,53,0,89,20,0,20,109
04/22/2006,ELM,NY,AEA,EN,Combined TRACON& Tower with Radar,0,19,14,0,33,0,0,0,0,0,0,19,14,0,33,0,0,0,33
04/23/2006,ELM,NY,AEA,EN,Combined TRACON& Tower with Radar,0,24,18,0,42,0,0,0,0,0,0,24,18,0,42,0,0,0,42
04/24/2006,ELM,NY,AEA,EN,Combined TRACON& Tower with Radar,0,26,24,0,50,0,0,1,0,1,0,26,25,0,51,24,0,24,75
04/25/2006,ELM,NY,AEA,EN,Combined TRACON& Tower with Radar,0,36,19,0,55,0,0,4,0,4,0,36,23,0,59,64,0,64,123
04/26/2006,ELM,NY,AEA,EN,Combined TRACON& Tower with Radar,0,35,20,0,55,0,0,24,0,24,0,35,44,0,79,56,0,56,135
04/27/2006,ELM,NY,AEA,EN,Combined TRACON& Tower with Radar,0,33,34,5,72,0,0,25,2,27,0,33,59,7,99,14,14,28,127
04/28/2006,ELM,NY,AEA,EN,Combined TRACON& Tower with Radar,0,34,22,0,56,0,0,47,0,47,0,34,69,0,103,66,0,66,169
04/29/2006,ELM,NY,AEA,EN,Combined TRACON& Tower with Radar,0,22,8,0,30,0,0,50,0,50,0,22,58,0,80,32,0,32,112
04/30/2006,ELM,NY,AEA,EN,Combined TRACON& Tower with Radar,0,18,13,0,31,0,0,71,0,71,0,18,84,0,102,32,0,32,134
05/01/2006,ELM,NY,AEA,EN,Combined TRACON& Tower with Radar,0,21,28,0,49,0,2,19,0,21,0,23,47,0,70,14,0,14,84
05/02/2006,ELM,NY,AEA,EN,Combined TRACON& Tower with Radar,0,35,29,0,64,0,1,38,0,39,0,36,67,0,103,26,0,26,129
05/03/2006,ELM,NY,AEA,EN,Combined TRACON& Tower with Radar,0,35,32,0,67,0,0,44,0,44,0,35,76,0,111,40,0,40,151
05/04/2006,ELM,NY,AEA,EN,Combined TRACON& Tower with Radar,0,34,25,0,59,0,2,15,0,17,0,36,40,0,76,18,0,18,94
05/05/2006,ELM,NY,AEA,EN,Combined TRACON& Tower with Radar,0,33,29,0,62,0,0,25,0,25,0,33,54,0,87,22,0,22,109
05/06/2006,ELM,NY,AEA,EN,Combined TRACON& Tower with Radar,0,25,20,0,45,0,0,23,1,24,0,25,43,1,69,26,0,26,95
05/07/2006,ELM,NY,AEA,EN,Combined TRACON& Tower with Radar,0,18,19,0,37,0,0,70,0,70,0,18,89,0,107,42,0,42,149
05/08/2006,ELM,NY,AEA,EN,Combined TRACON& Tower with Radar,0,28,21,0,49,0,0,24,0,24,0,28,45,0,73,32,0,32,105
05/09/2006,ELM,NY,AEA,EN,Combined TRACON& Tower with Radar,0,32,20,0,52,0,1,17,0,18,0,33,37,0,70,32,0,32,102
05/10/2006,ELM,NY,AEA,EN,Combined TRACON& Tower with Radar,0,34,24,0,58,0,0,46,0,46,0,34,70,0,104,42,0,42,146
05/11/2006,ELM,NY,AEA,EN,Combined TRACON& Tower with Radar,0,34,28,0,62,0,0,16,0,16,0,34,44,0,78,6,0,6,84
05/12/2006,ELM,NY,AEA,EN,Combined TRACON& Tower with Radar,0,42,26,0,68,0,0,16,0,16,0,42,42,0,84,28,0,28,112
05/13/2006,ELM,NY,AEA,EN,Combined TRACON& Tower with Radar,0,26,18,0,44,0,0,15,0,15,0,26,33,0,59,6,0,6,65
05/14/2006,ELM,NY,AEA,EN,Combined TRACON& Tower with Radar,0,18,15,0,33,0,0,17,0,17,0,18,32,0,50,32,0,32,82
05/15/2006,ELM,NY,AEA,EN,Combined TRACON& Tower with Radar,0,32,22,0,54,0,0,1,0,1,0,32,23,0,55,0,0,0,55
05/16/2006,ELM,NY,AEA,EN,Combined TRACON& Tower with Radar,0,36,39,0,75,0,0,9,0,9,0,36,48,0,84,18,0,18,102
05/17/2006,ELM,NY,AEA,EN,Combined TRACON& Tower with Radar,0,36,27,0,63,0,0,12,0,12,0,36,39,0,75,22,0,22,97
05/18/2006,ELM,NY,AEA,EN,Combined TRACON& Tower with Radar,0,33,28,0,61,0,0,8,0,8,0,33,36,0,69,16,0,16,85
05/19/2006,ELM,NY,AEA,EN,Combined TRACON& Tower with Radar,0,35,36,0,71,0,0,11,0,11,0,35,47,0,82,38,0,38,120
05/20/2006,ELM,NY,AEA,EN,Combined TRACON& Tower with Radar,0,27,10,0,37,0,0,22,0,22,0,27,32,0,59,18,0,18,77
05/21/2006,ELM,NY,AEA,EN,Combined TRACON& Tower with Radar,0,19,27,0,46,0,0,9,0,9,0,19,36,0,55,0,0,0,55
05/22/2006,ELM,NY,AEA,EN,Combined TRACON& Tower with Radar,0,24,21,0,45,0,0,3,0,3,0,24,24,0,48,34,0,34,82
05/23/2006,ELM,NY,AEA,EN,Combined TRACON& Tower with Radar,0,33,33,0,66,0,0,24,0,24,0,33,57,0,90,6,0,6,96
05/24/2006,ELM,NY,AEA,EN,Combined TRACON& Tower with Radar,0,32,35,0,67,0,0,45,0,45,0,32,80,0,112,74,0,74,186
05/25/2006,ELM,NY,AEA,EN,Combined TRACON& Tower with Radar,0,40,31,2,73,0,0,30,0,30,0,40,61,2,103,100,0,100,203
05/26/2006,ELM,NY,AEA,EN,Combined TRACON& Tower with Radar,0,36,27,0,63,0,0,8,0,8,0,36,35,0,71,0,0,0,71
05/27/2006,ELM,NY,AEA,EN,Combined TRACON& Tower with Radar,0,21,26,0,47,0,0,30,0,30,0,21,56,0,77,32,0,32,109
05/28/2006,ELM,NY,AEA,EN,Combined TRACON& Tower with Radar,0,17,24,0,41,0,0,26,0,26,0,17,50,0,67,82,0,82,149
05/29/2006,ELM,NY,AEA,EN,Combined TRACON& Tower with Radar,0,26,26,0,52,0,0,37,0,37,0,26,63,0,89,2,0,2,91
05/30/2006,ELM,NY,AEA,EN,Combined TRACON& Tower with Radar,0,26,30,0,56,0,1,26,0,27,0,27,56,0,83,2,0,2,85
05/31/2006,ELM,NY,AEA,EN,Combined TRACON& Tower with Radar,0,34,24,0,58,0,0,34,0,34,0,34,58,0,92,28,0,28,120
06/01/2006,ELM,NY,AEA,EN,Combined TRACON& Tower with Radar,1,45,42,2,90,0,0,7,0,7,1,45,49,2,97,0,2,2,99
06/02/2006,ELM,NY,AEA,EN,Combined TRACON& Tower with Radar,0,38,31,0,69,0,0,17,0,17,0,38,48,0,86,48,0,48,134
06/03/2006,ELM,NY,AEA,EN,Combined TRACON& Tower with Radar,0,25,26,0,51,0,0,11,0,11,0,25,37,0,62,0,0,0,62
06/04/2006,ELM,NY,AEA,EN,Combined TRACON& Tower with Radar,0,30,42,0,72,0,0,19,0,19,0,30,61,0,91,12,0,12,103
06/05/2006,ELM,NY,AEA,EN,Combined TRACON& Tower with Radar,1,27,32,0,60,0,0,33,2,35,1,27,65,2,95,42,0,42,137
06/06/2006,ELM,NY,AEA,EN,Combined TRACON& Tower with Radar,0,30,18,0,48,0,3,42,0,45,0,33,60,0,93,78,0,78,171
06/07/2006,ELM,NY,AEA,EN,Combined TRACON& Tower with Radar,0,34,31,0,65,0,0,12,0,12,0,34,43,0,77,54,0,54,131
06/08/2006,ELM,NY,AEA,EN,Combined TRACON& Tower with Radar,0,33,27,3,63,0,0,8,0,8,0,33,35,3,71,36,0,36,107
06/09/2006,ELM,NY,AEA,EN,Combined TRACON& Tower with Radar,0,36,21,0,57,0,0,7,0,7,0,36,28,0,64,54,0,54,118
06/10/2006,ELM,NY,AEA,EN,Combined TRACON& Tower with Radar,0,24,21,0,45,0,0,34,0,34,0,24,55,0,79,18,0,18,97
06/11/2006,ELM,NY,AEA,EN,Combined TRACON& Tower with Radar,0,17,14,0,31,0,0,53,0,53,0,17,67,0,84,60,0,60,144
06/12/2006,ELM,NY,AEA,EN,Combined TRACON& Tower with Radar,0,27,16,0,43,0,0,16,0,16,0,27,32,0,59,16,0,16,75
06/13/2006,ELM,NY,AEA,EN,Combined TRACON& Tower with Radar,0,34,22,0,56,0,1,44,0,45,0,35,66,0,101,40,0,40,141
06/14/2006,ELM,NY,AEA,EN,Combined TRACON& Tower with Radar,0,34,21,0,55,0,0,14,0,14,0,34,35,0,69,54,0,54,123
06/15/2006,ELM,NY,AEA,EN,Combined TRACON& Tower with Radar,0,40,19,0,59,0,2,23,0,25,0,42,42,0,84,40,0,40,124
06/16/2006,ELM,NY,AEA,EN,Combined TRACON& Tower with Radar,0,33,20,2,55,0,0,59,0,59,0,33,79,2,114,50,0,50,164
06/17/2006,ELM,NY,AEA,EN,Combined TRACON& Tower with Radar,0,25,17,0,42,0,4,42,0,46,0,29,59,0,88,58,0,58,146
06/18/2006,ELM,NY,AEA,EN,Combined TRACON& Tower with Radar,0,19,16,0,35,0,0,59,0,59,0,19,75,0,94,66,0,66,160
06/19/2006,ELM,NY,AEA,EN,Combined TRACON& Tower with Radar,0,25,13,2,40,0,2,16,0,18,0,27,29,2,58,34,0,34,92
06/20/2006,ELM,NY,AEA,EN,Combined TRACON& Tower with Radar,0,36,29,0,65,0,2,37,0,39,0,38,66,0,104,86,0,86,190
06/21/2006,ELM,NY,AEA,EN,Combined TRACON& Tower with Radar,0,31,29,0,60,0,0,62,0,62,0,31,91,0,122,62,0,62,184
06/22/2006,ELM,NY,AEA,EN,Combined TRACON& Tower with Radar,0,35,21,0,56,0,0,26,0,26,0,35,47,0,82,46,0,46,128
06/23/2006,ELM,NY,AEA,EN,Combined TRACON& Tower with Radar,0,38,28,0,66,0,0,13,0,13,0,38,41,0,79,28,0,28,107
06/24/2006,ELM,NY,AEA,EN,Combined TRACON& Tower with Radar,0,22,22,0,44,0,0,49,0,49,0,22,71,0,93,78,0,78,171
06/25/2006,ELM,NY,AEA,EN,Combined TRACON& Tower with Radar,0,19,20,0,39,0,0,1,0,1,0,19,21,0,40,12,0,12,52
06/26/2006,ELM,NY,AEA,EN,Combined TRACON& Tower with Radar,0,22,33,0,55,0,0,1,0,1,0,22,34,0,56,0,0,0,56
06/27/2006,ELM,NY,AEA,EN,Combined TRACON& Tower with Radar,0,31,21,0,52,0,0,6,0,6,0,31,27,0,58,0,0,0,58
06/28/2006,ELM,NY,AEA,EN,Combined TRACON& Tower with Radar,0,33,20,0,53,0,0,28,1,29,0,33,48,1,82,28,0,28,110
06/29/2006,ELM,NY,AEA,EN,Combined TRACON& Tower with Radar,0,36,30,0,66,0,0,38,1,39,0,36,68,1,105,50,0,50,155
06/30/2006,ELM,NY,AEA,EN,Combined TRACON& Tower with Radar,0,35,25,0,60,0,1,25,0,26,0,36,50,0,86,20,0,20,106
07/01/2006,ELM,NY,AEA,EN,Combined TRACON& Tower with Radar,0,25,24,0,49,0,0,45,0,45,0,25,69,0,94,42,0,42,136
07/02/2006,ELM,NY,AEA,EN,Combined TRACON& Tower with Radar,0,13,9,0,22,0,0,19,0,19,0,13,28,0,41,0,0,0,41
07/03/2006,ELM,NY,AEA,EN,Combined TRACON& Tower with Radar,0,24,17,0,41,0,0,28,0,28,0,24,45,0,69,60,0,60,129
07/04/2006,ELM,NY,AEA,EN,Combined TRACON& Tower with Radar,0,25,1,0,26,0,0,6,0,6,0,25,7,0,32,0,0,0,32
07/05/2006,ELM,NY,AEA,EN,Combined TRACON& Tower with Radar,0,28,23,0,51,0,0,33,0,33,0,28,56,0,84,74,0,74,158
07/06/2006,ELM,NY,AEA,EN,Combined TRACON& Tower with Radar,0,30,22,0,52,0,0,48,0,48,0,30,70,0,100,56,0,56,156
07/07/2006,ELM,NY,AEA,EN,Combined TRACON& Tower with Radar,0,41,30,0,71,0,0,84,0,84,0,41,114,0,155,70,0,70,225
07/08/2006,ELM,NY,AEA,EN,Combined TRACON& Tower with Radar,0,21,14,0,35,0,1,50,0,51,0,22,64,0,86,58,0,58,144
07/09/2006,ELM,NY,AEA,EN,Combined TRACON& Tower with Radar,0,17,23,0,40,0,0,33,0,33,0,17,56,0,73,12,0,12,85
07/10/2006,ELM,NY,AEA,EN,Combined TRACON& Tower with Radar,0,33,18,0,51,0,0,19,0,19,0,33,37,0,70,28,0,28,98
07/11/2006,ELM,NY,AEA,EN,Combined TRACON& Tower with Radar,0,37,24,0,61,0,1,30,0,31,0,38,54,0,92,38,0,38,130
07/12/2006,ELM,NY,AEA,EN,Combined TRACON& Tower with Radar,0,34,33,0,67,0,0,1,0,1,0,34,34,0,68,8,0,8,76
07/13/2006,ELM,NY,AEA,EN,Combined TRACON& Tower with Radar,0,37,28,0,65,0,0,26,0,26,0,37,54,0,91,58,0,58,149
07/14/2006,ELM,NY,AEA,EN,Combined TRACON& Tower with Radar,0,34,31,0,65,0,0,60,0,60,0,34,91,0,125,90,0,90,215
07/15/2006,ELM,NY,AEA,EN,Combined TRACON& Tower with Radar,0,22,16,0,38,0,0,28,0,28,0,22,44,0,66,28,0,28,94
07/16/2006,ELM,NY,AEA,EN,Combined TRACON& Tower with Radar,0,19,15,0,34,0,0,37,0,37,0,19,52,0,71,0,0,0,71
07/17/2006,ELM,NY,AEA,EN,Combined TRACON& Tower with Radar,0,25,25,0,50,0,1,21,0,22,0,26,46,0,72,62,0,62,134
07/18/2006,ELM,NY,AEA,EN,Combined TRACON& Tower with Radar,0,35,19,0,54,0,0,30,0,30,0,35,49,0,84,48,0,48,132
07/19/2006,ELM,NY,AEA,EN,Combined TRACON& Tower with Radar,0,29,20,0,49,0,0,55,0,55,0,29,75,0,104,44,0,44,148
07/20/2006,ELM,NY,AEA,EN,Combined TRACON& Tower with Radar,0,35,35,0,70,0,0,34,0,34,0,35,69,0,104,18,0,18,122
07/21/2006,ELM,NY,AEA,EN,Combined TRACON& Tower with Radar,0,35,23,0,58,0,0,20,0,20,0,35,43,0,78,20,0,20,98
07/22/2006,ELM,NY,AEA,EN,Combined TRACON& Tower with Radar,0,20,12,0,32,0,0,3,0,3,0,20,15,0,35,0,0,0,35
07/23/2006,ELM,NY,AEA,EN,Combined TRACON& Tower with Radar,0,15,28,1,44,0,0,154,0,154,0,15,182,1,198,106,0,106,304
07/24/2006,ELM,NY,AEA,EN,Combined TRACON& Tower with Radar,0,23,30,0,53,0,0,41,0,41,0,23,71,0,94,42,0,42,136
07/25/2006,ELM,NY,AEA,EN,Combined TRACON& Tower with Radar,0,35,33,0,68,0,0,9,0,9,0,35,42,0,77,40,0,40,117
07/26/2006,ELM,NY,AEA,EN,Combined TRACON& Tower with Radar,0,32,30,0,62,0,0,46,0,46,0,32,76,0,108,70,0,70,178
07/27/2006,ELM,NY,AEA,EN,Combined TRACON& Tower with Radar,0,34,24,0,58,0,0,13,0,13,0,34,37,0,71,14,0,14,85
07/28/2006,ELM,NY,AEA,EN,Combined TRACON& Tower with Radar,0,34,28,0,62,0,0,8,0,8,0,34,36,0,70,30,0,30,100
07/29/2006,ELM,NY,AEA,EN,Combined TRACON& Tower with Radar,0,24,25,0,49,0,0,41,0,41,0,24,66,0,90,64,0,64,154
07/30/2006,ELM,NY,AEA,EN,Combined TRACON& Tower with Radar,0,15,20,0,35,0,0,43,0,43,0,15,63,0,78,34,0,34,112
07/31/2006,ELM,NY,AEA,EN,Combined TRACON& Tower with Radar,0,24,23,0,47,0,0,27,0,27,0,24,50,0,74,58,0,58,132
08/01/2006,ELM,NY,AEA,EN,Combined TRACON& Tower with Radar,0,35,26,0,61,0,2,24,0,26,0,37,50,0,87,72,0,72,159
08/02/2006,ELM,NY,AEA,EN,Combined TRACON& Tower with Radar,0,35,28,0,63,0,0,37,0,37,0,35,65,0,100,48,0,48,148
08/03/2006,ELM,NY,AEA,EN,Combined TRACON& Tower with Radar,0,27,18,0,45,0,0,9,0,9,0,27,27,0,54,16,0,16,70
08/04/2006,ELM,NY,AEA,EN,Combined TRACON& Tower with Radar,0,31,22,0,53,0,0,51,0,51,0,31,73,0,104,38,0,38,142
08/05/2006,ELM,NY,AEA,EN,Combined TRACON& Tower with Radar,0,27,10,0,37,0,2,81,0,83,0,29,91,0,120,58,0,58,178
08/06/2006,ELM,NY,AEA,EN,Combined TRACON& Tower with Radar,0,16,14,0,30,0,0,41,0,41,0,16,55,0,71,32,0,32,103
08/07/2006,ELM,NY,AEA,EN,Combined TRACON& Tower with Radar,0,29,21,0,50,0,0,11,0,11,0,29,32,0,61,10,0,10,71
08/08/2006,ELM,NY,AEA,EN,Combined TRACON& Tower with Radar,0,34,23,0,57,0,1,36,0,37,0,35,59,0,94,48,0,48,142
08/09/2006,ELM,NY,AEA,EN,Combined TRACON& Tower with Radar,0,35,31,0,66,0,0,44,1,45,0,35,75,1,111,50,2,52,163
08/10/2006,ELM,NY,AEA,EN,Combined TRACON& Tower with Radar,2,39,90,0,131,0,0,30,1,31,2,39,120,1,162,42,0,42,204
08/11/2006,ELM,NY,AEA,EN,Combined TRACON& Tower with Radar,0,41,54,0,95,0,0,42,0,42,0,41,96,0,137,48,0,48,185
08/12/2006,ELM,NY,AEA,EN,Combined TRACON& Tower with Radar,2,31,64,1,98,0,0,58,0,58,2,31,122,1,156,26,0,26,182
08/13/2006,ELM,NY,AEA,EN,Combined TRACON& Tower with Radar,5,22,101,4,132,0,0,88,0,88,5,22,189,4,220,14,0,14,234
08/14/2006,ELM,NY,AEA,EN,Combined TRACON& Tower with Radar,0,25,32,0,57,0,2,20,2,24,0,27,52,2,81,38,0,38,119
08/15/2006,ELM,NY,AEA,EN,Combined TRACON& Tower with Radar,0,36,26,0,62,0,2,50,0,52,0,38,76,0,114,26,0,26,140
08/16/2006,ELM,NY,AEA,EN,Combined TRACON& Tower with Radar,0,34,30,0,64,0,1,42,0,43,0,35,72,0,107,46,0,46,153
08/17/2006,ELM,NY,AEA,EN,Combined TRACON& Tower with Radar,0,35,27,0,62,0,1,38,0,39,0,36,65,0,101,40,0,40,141
08/18/2006,ELM,NY,AEA,EN,Combined TRACON& Tower with Radar,0,31,23,4,58,0,0,37,1,38,0,31,60,5,96,28,8,36,132
08/19/2006,ELM,NY,AEA,EN,Combined TRACON& Tower with Radar,0,28,15,0,43,0,0,2,0,2,0,28,17,0,45,6,0,6,51
08/20/2006,ELM,NY,AEA,EN,Combined TRACON& Tower with Radar,0,18,15,0,33,0,0,21,0,21,0,18,36,0,54,20,0,20,74
08/21/2006,ELM,NY,AEA,EN,Combined TRACON& Tower with Radar,0,25,22,0,47,0,1,10,0,11,0,26,32,0,58,10,0,10,68
08/22/2006,ELM,NY,AEA,EN,Combined TRACON& Tower with Radar,0,34,21,0,55,0,1,26,0,27,0,35,47,0,82,16,0,16,98
08/23/2006,ELM,NY,AEA,EN,Combined TRACON& Tower with Radar,0,34,18,0,52,0,1,32,2,35,0,35,50,2,87,18,0,18,105
08/24/2006,ELM,NY,AEA,EN,Combined TRACON& Tower with Radar,0,32,19,0,51,0,1,47,0,48,0,33,66,0,99,60,0,60,159
08/25/2006,ELM,NY,AEA,EN,Combined TRACON& Tower with Radar,0,36,27,1,64,0,0,10,3,13,0,36,37,4,77,10,0,10,87
08/26/2006,ELM,NY,AEA,EN,Combined TRACON& Tower with Radar,0,27,10,0,37,0,0,3,0,3,0,27,13,0,40,0,0,0,40
08/27/2006,ELM,NY,AEA,EN,Combined TRACON& Tower with Radar,0,19,6,0,25,0,0,0,0,0,0,19,6,0,25,0,0,0,25
08/28/2006,ELM,NY,AEA,EN,Combined TRACON& Tower with Radar,0,28,17,4,49,0,0,3,0,3,0,28,20,4,52,10,0,10,62
08/29/2006,ELM,NY,AEA,EN,Combined TRACON& Tower with Radar,0,36,19,0,55,0,0,0,0,0,0,36,19,0,55,10,0,10,65
08/30/2006,ELM,NY,AEA,EN,Combined TRACON& Tower with Radar,0,39,25,0,64,0,0,15,0,15,0,39,40,0,79,30,0,30,109
08/31/2006,ELM,NY,AEA,EN,Combined TRACON& Tower with Radar,0,45,28,1,74,0,0,56,0,56,0,45,84,1,130,84,0,84,214
09/01/2006,ELM,NY,AEA,EN,Combined TRACON& Tower with Radar,0,33,30,5,68,0,2,24,0,26,0,35,54,5,94,22,12,34,128
09/02/2006,ELM,NY,AEA,EN,Combined TRACON& Tower with Radar,0,26,11,0,37,0,0,0,0,0,0,26,11,0,37,0,0,0,37
09/03/2006,ELM,NY,AEA,EN,Combined TRACON& Tower with Radar,0,20,6,0,26,0,0,6,0,6,0,20,12,0,32,0,0,0,32
09/04/2006,ELM,NY,AEA,EN,Combined TRACON& Tower with Radar,0,25,12,0,37,0,0,11,0,11,0,25,23,0,48,28,0,28,76
09/05/2006,ELM,NY,AEA,EN,Combined TRACON& Tower with Radar,0,23,22,2,47,0,0,1,0,1,0,23,23,2,48,6,0,6,54
09/06/2006,ELM,NY,AEA,EN,Combined TRACON& Tower with Radar,0,46,28,0,74,0,1,5,0,6,0,47,33,0,80,26,0,26,106
09/07/2006,ELM,NY,AEA,EN,Combined TRACON& Tower with Radar,0,46,32,0,78,0,0,20,0,20,0,46,52,0,98,18,0,18,116
09/08/2006,ELM,NY,AEA,EN,Combined TRACON& Tower with Radar,0,36,18,0,54,0,0,28,0,28,0,36,46,0,82,48,0,48,130
09/09/2006,ELM,NY,AEA,EN,Combined TRACON& Tower with Radar,0,31,16,0,47,0,0,34,0,34,0,31,50,0,81,0,0,0,81
09/10/2006,ELM,NY,AEA,EN,Combined TRACON& Tower with Radar,0,17,30,0,47,0,0,22,0,22,0,17,52,0,69,56,0,56,125
09/11/2006,ELM,NY,AEA,EN,Combined TRACON& Tower with Radar,0,36,17,0,53,0,0,13,0,13,0,36,30,0,66,42,0,42,108
09/12/2006,ELM,NY,AEA,EN,Combined TRACON& Tower with Radar,0,40,35,0,75,0,0,3,0,3,0,40,38,0,78,44,0,44,122
09/13/2006,ELM,NY,AEA,EN,Combined TRACON& Tower with Radar,0,38,27,0,65,0,0,3,0,3,0,38,30,0,68,2,0,2,70
09/14/2006,ELM,NY,AEA,EN,Combined TRACON& Tower with Radar,0,40,20,0,60,0,0,5,0,5,0,40,25,0,65,22,0,22,87
09/15/2006,ELM,NY,AEA,EN,Combined TRACON& Tower with Radar,0,40,30,0,70,0,0,6,0,6,0,40,36,0,76,12,0,12,88
09/16/2006,ELM,NY,AEA,EN,Combined TRACON& Tower with Radar,0,30,12,0,42,0,0,23,0,23,0,30,35,0,65,22,0,22,87
09/17/2006,ELM,NY,AEA,EN,Combined TRACON& Tower with Radar,0,16,21,0,37,0,0,49,0,49,0,16,70,0,86,66,0,66,152
09/18/2006,ELM,NY,AEA,EN,Combined TRACON& Tower with Radar,0,33,22,0,55,0,1,22,0,23,0,34,44,0,78,40,0,40,118
09/19/2006,ELM,NY,AEA,EN,Combined TRACON& Tower with Radar,0,44,22,0,66,0,4,11,0,15,0,48,33,0,81,18,0,18,99
09/20/2006,ELM,NY,AEA,EN,Combined TRACON& Tower with Radar,0,44,34,0,78,0,0,10,0,10,0,44,44,0,88,20,0,20,108
09/21/2006,ELM,NY,AEA,EN,Combined TRACON& Tower with Radar,0,38,26,0,64,0,0,46,0,46,0,38,72,0,110,52,0,52,162
09/22/2006,ELM,NY,AEA,EN,Combined TRACON& Tower with Radar,0,45,26,0,71,0,0,25,0,25,0,45,51,0,96,24,0,24,120
09/23/2006,ELM,NY,AEA,EN,Combined TRACON& Tower with Radar,0,24,10,0,34,0,0,6,0,6,0,24,16,0,40,0,0,0,40
09/24/2006,ELM,NY,AEA,EN,Combined TRACON& Tower with Radar,0,21,10,0,31,0,0,8,0,8,0,21,18,0,39,0,0,0,39
09/25/2006,ELM,NY,AEA,EN,Combined TRACON& Tower with Radar,0,34,24,0,58,0,4,17,0,21,0,38,41,0,79,46,0,46,125
09/26/2006,ELM,NY,AEA,EN,Combined TRACON& Tower with Radar,2,43,24,0,69,0,0,27,0,27,2,43,51,0,96,38,0,38,134
09/27/2006,ELM,NY,AEA,EN,Combined TRACON& Tower with Radar,0,36,27,0,63,0,0,30,0,30,0,36,57,0,93,30,0,30,123
09/28/2006,ELM,NY,AEA,EN,Combined TRACON& Tower with Radar,0,37,28,0,65,0,0,10,0,10,0,37,38,0,75,14,0,14,89
09/29/2006,ELM,NY,AEA,EN,Combined TRACON& Tower with Radar,0,35,26,0,61,0,0,10,0,10,0,35,36,0,71,64,0,64,135
09/30/2006,ELM,NY,AEA,EN,Combined TRACON& Tower with Radar,0,29,16,0,45,0,0,10,0,10,0,29,26,0,55,10,0,10,65
10/01/2006,ELM,NY,AEA,EN,Combined TRACON& Tower with Radar,0,23,16,0,39,0,0,15,0,15,0,23,31,0,54,14,0,14,68
10/02/2006,ELM,NY,AEA,EN,Combined TRACON& Tower with Radar,0,29,27,0,56,0,1,28,3,32,0,30,55,3,88,26,0,26,114
10/03/2006,ELM,NY,AEA,EN,Combined TRACON& Tower with Radar,0,47,31,0,78,0,0,12,2,14,0,47,43,2,92,30,0,30,122
10/04/2006,ELM,NY,AEA,EN,Combined TRACON& Tower with Radar,0,42,27,0,69,0,0,3,0,3,0,42,30,0,72,24,0,24,96
10/05/2006,ELM,NY,AEA,EN,Combined TRACON& Tower with Radar,0,56,30,3,89,0,0,31,2,33,0,56,61,5,122,50,28,78,200
10/06/2006,ELM,NY,AEA,EN,Combined TRACON& Tower with Radar,0,45,26,0,71,0,0,35,0,35,0,45,61,0,106,50,0,50,156
10/07/2006,ELM,NY,AEA,EN,Combined TRACON& Tower with Radar,0,29,18,0,47,0,1,57,0,58,0,30,75,0,105,52,0,52,157
10/08/2006,ELM,NY,AEA,EN,Combined TRACON& Tower with Radar,0,22,19,0,41,0,0,41,0,41,0,22,60,0,82,42,0,42,124
10/09/2006,ELM,NY,AEA,EN,Combined TRACON& Tower with Radar,0,36,29,0,65,0,2,28,0,30,0,38,57,0,95,26,0,26,121
10/10/2006,ELM,NY,AEA,EN,Combined TRACON& Tower with Radar,0,44,22,0,66,0,1,28,0,29,0,45,50,0,95,76,0,76,171
10/11/2006,ELM,NY,AEA,EN,Combined TRACON& Tower with Radar,0,46,28,0,74,0,0,3,0,3,0,46,31,0,77,28,0,28,105
10/12/2006,ELM,NY,AEA,EN,Combined TRACON& Tower with Radar,0,45,19,0,64,0,0,6,0,6,0,45,25,0,70,16,0,16,86
10/13/2006,ELM,NY,AEA,EN,Combined TRACON& Tower with Radar,0,40,23,0,63,0,0,21,0,21,0,40,44,0,84,14,0,14,98
10/14/2006,ELM,NY,AEA,EN,Combined TRACON& Tower with Radar,0,26,9,0,35,0,0,14,0,14,0,26,23,0,49,20,0,20,69
10/15/2006,ELM,NY,AEA,EN,Combined TRACON& Tower with Radar,0,20,19,0,39,0,0,24,0,24,0,20,43,0,63,18,0,18,81
10/16/2006,ELM,NY,AEA,EN,Combined TRACON& Tower with Radar,0,38,19,0,57,0,0,20,0,20,0,38,39,0,77,16,0,16,93
10/17/2006,ELM,NY,AEA,EN,Combined TRACON& Tower with Radar,0,48,24,0,72,0,0,5,0,5,0,48,29,0,77,2,0,2,79
10/18/2006,ELM,NY,AEA,EN,Combined TRACON& Tower with Radar,0,45,18,0,63,0,0,13,0,13,0,45,31,0,76,34,0,34,110
10/19/2006,ELM,NY,AEA,EN,Combined TRACON& Tower with Radar,0,49,33,0,82,0,0,11,0,11,0,49,44,0,93,24,0,24,117
10/20/2006,ELM,NY,AEA,EN,Combined TRACON& Tower with Radar,0,45,22,0,67,0,0,1,0,1,0,45,23,0,68,0,0,0,68
10/21/2006,ELM,NY,AEA,EN,Combined TRACON& Tower with Radar,0,31,18,0,49,0,0,23,0,23,0,31,41,0,72,10,0,10,82
10/22/2006,ELM,NY,AEA,EN,Combined TRACON& Tower with Radar,0,21,18,0,39,0,0,11,0,11,0,21,29,0,50,8,0,8,58
10/23/2006,ELM,NY,AEA,EN,Combined TRACON& Tower with Radar,0,34,15,0,49,0,0,13,0,13,0,34,28,0,62,58,0,58,120
10/24/2006,ELM,NY,AEA,EN,Combined TRACON& Tower with Radar,0,46,24,0,70,0,2,0,0,2,0,48,24,0,72,22,0,22,94
10/25/2006,ELM,NY,AEA,EN,Combined TRACON& Tower with Radar,0,42,12,0,54,0,0,7,0,7,0,42,19,0,61,16,0,16,77
10/26/2006,ELM,NY,AEA,EN,Combined TRACON& Tower with Radar,0,44,45,0,89,0,0,37,0,37,0,44,82,0,126,16,0,16,142
10/27/2006,ELM,NY,AEA,EN,Combined TRACON& Tower with Radar,0,37,31,0,68,0,2,13,0,15,0,39,44,0,83,46,0,46,129
10/28/2006,ELM,NY,AEA,EN,Combined TRACON& Tower with Radar,0,27,14,0,41,0,0,4,0,4,0,27,18,0,45,0,0,0,45
10/29/2006,ELM,NY,AEA,EN,Combined TRACON& Tower with Radar,0,19,11,0,30,0,0,0,0,0,0,19,11,0,30,0,0,0,30
10/30/2006,ELM,NY,AEA,EN,Combined TRACON& Tower with Radar,0,35,20,0,55,0,1,22,0,23,0,36,42,0,78,48,0,48,126
10/31/2006,ELM,NY,AEA,EN,Combined TRACON& Tower with Radar,0,48,30,0,78,0,0,14,0,14,0,48,44,0,92,24,0,24,116
11/01/2006,ELM,NY,AEA,EN,Combined TRACON& Tower with Radar,0,41,35,0,76,0,2,32,0,34,0,43,67,0,110,50,0,50,160
11/02/2006,ELM,NY,AEA,EN,Combined TRACON& Tower with Radar,0,49,22,3,74,0,0,22,0,22,0,49,44,3,96,40,8,48,144
11/03/2006,ELM,NY,AEA,EN,Combined TRACON& Tower with Radar,0,39,31,0,70,0,0,10,0,10,0,39,41,0,80,14,0,14,94
11/04/2006,ELM,NY,AEA,EN,Combined TRACON& Tower with Radar,0,29,10,0,39,0,0,21,0,21,0,29,31,0,60,6,0,6,66
11/05/2006,ELM,NY,AEA,EN,Combined TRACON& Tower with Radar,0,21,15,0,36,0,0,40,0,40,0,21,55,0,76,24,0,24,100
11/06/2006,ELM,NY,AEA,EN,Combined TRACON& Tower with Radar,0,30,22,0,52,0,0,10,0,10,0,30,32,0,62,42,0,42,104
11/07/2006,ELM,NY,AEA,EN,Combined TRACON& Tower with Radar,0,45,13,0,58,0,0,13,0,13,0,45,26,0,71,32,0,32,103
11/08/2006,ELM,NY,AEA,EN,Combined TRACON& Tower with Radar,0,43,33,2,78,0,0,0,0,0,0,43,33,2,78,4,0,4,82
11/09/2006,ELM,NY,AEA,EN,Combined TRACON& Tower with Radar,0,49,31,0,80,0,0,52,0,52,0,49,83,0,132,60,0,60,192
11/10/2006,ELM,NY,AEA,EN,Combined TRACON& Tower with Radar,0,39,25,0,64,0,0,29,0,29,0,39,54,0,93,56,0,56,149
11/11/2006,ELM,NY,AEA,EN,Combined TRACON& Tower with Radar,0,25,10,0,35,0,0,10,0,10,0,25,20,0,45,8,0,8,53
11/12/2006,ELM,NY,AEA,EN,Combined TRACON& Tower with Radar,0,27,8,0,35,0,0,0,0,0,0,27,8,0,35,0,0,0,35
11/13/2006,ELM,NY,AEA,EN,Combined TRACON& Tower with Radar,0,36,19,9,64,0,0,0,0,0,0,36,19,9,64,0,0,0,64
11/14/2006,ELM,NY,AEA,EN,Combined TRACON& Tower with Radar,0,39,23,0,62,0,0,0,0,0,0,39,23,0,62,18,0,18,80
11/15/2006,ELM,NY,AEA,EN,Combined TRACON& Tower with Radar,0,41,30,0,71,0,1,14,0,15,0,42,44,0,86,48,0,48,134
11/16/2006,ELM,NY,AEA,EN,Combined TRACON& Tower with Radar,0,47,18,0,65,0,0,1,0,1,0,47,19,0,66,22,0,22,88
11/17/2006,ELM,NY,AEA,EN,Combined TRACON& Tower with Radar,0,48,33,0,81,0,0,10,0,10,0,48,43,0,91,62,0,62,153
11/18/2006,ELM,NY,AEA,EN,Combined TRACON& Tower with Radar,0,27,14,0,41,0,0,17,4,21,0,27,31,4,62,18,0,18,80
11/19/2006,ELM,NY,AEA,EN,Combined TRACON& Tower with Radar,2,22,12,0,36,0,0,3,0,3,2,22,15,0,39,0,0,0,39
11/20/2006,ELM,NY,AEA,EN,Combined TRACON& Tower with Radar,0,29,24,0,53,0,0,11,0,11,0,29,35,0,64,18,0,18,82
11/21/2006,ELM,NY,AEA,EN,Combined TRACON& Tower with Radar,0,40,30,0,70,0,1,21,0,22,0,41,51,0,92,38,0,38,130
11/22/2006,ELM,NY,AEA,EN,Combined TRACON& Tower with Radar,2,45,25,0,72,0,0,50,0,50,2,45,75,0,122,24,0,24,146
11/23/2006,ELM,NY,AEA,EN,Combined TRACON& Tower with Radar,0,25,11,0,36,0,0,29,0,29,0,25,40,0,65,14,0,14,79
11/24/2006,ELM,NY,AEA,EN,Combined TRACON& Tower with Radar,0,21,10,0,31,0,0,46,0,46,0,21,56,0,77,74,0,74,151
11/25/2006,ELM,NY,AEA,EN,Combined TRACON& Tower with Radar,0,16,17,0,33,0,0,45,0,45,0,16,62,0,78,50,0,50,128
11/26/2006,ELM,NY,AEA,EN,Combined TRACON& Tower with Radar,0,28,25,0,53,0,0,22,0,22,0,28,47,0,75,2,0,2,77
11/27/2006,ELM,NY,AEA,EN,Combined TRACON& Tower with Radar,0,28,26,0,54,0,0,24,0,24,0,28,50,0,78,82,0,82,160
11/28/2006,ELM,NY,AEA,EN,Combined TRACON& Tower with Radar,0,45,22,0,67,0,0,13,0,13,0,45,35,0,80,42,0,42,122
11/29/2006,ELM,NY,AEA,EN,Combined TRACON& Tower with Radar,0,44,32,0,76,0,0,4,0,4,0,44,36,0,80,44,0,44,124
11/30/2006,ELM,NY,AEA,EN,Combined TRACON& Tower with Radar,2,47,27,0,76,0,0,23,0,23,2,47,50,0,99,58,0,58,157
12/01/2006,ELM,NY,AEA,EN,Combined TRACON& Tower with Radar,0,40,14,0,54,0,0,0,0,0,0,40,14,0,54,0,0,0,54
12/02/2006,ELM,NY,AEA,EN,Combined TRACON& Tower with Radar,0,26,16,0,42,0,0,0,0,0,0,26,16,0,42,0,0,0,42
12/03/2006,ELM,NY,AEA,EN,Combined TRACON& Tower with Radar,0,17,14,0,31,0,0,21,0,21,0,17,35,0,52,2,0,2,54
12/04/2006,ELM,NY,AEA,EN,Combined TRACON& Tower with Radar,0,36,20,0,56,0,6,13,0,19,0,42,33,0,75,6,0,6,81
12/05/2006,ELM,NY,AEA,EN,Combined TRACON& Tower with Radar,0,41,24,0,65,0,0,13,0,13,0,41,37,0,78,68,0,68,146
12/06/2006,ELM,NY,AEA,EN,Combined TRACON& Tower with Radar,0,41,23,0,64,0,2,5,0,7,0,43,28,0,71,16,0,16,87
12/07/2006,ELM,NY,AEA,EN,Combined TRACON& Tower with Radar,0,44,23,0,67,0,0,0,0,0,0,44,23,0,67,6,0,6,73
12/08/2006,ELM,NY,AEA,EN,Combined TRACON& Tower with Radar,0,45,22,0,67,0,0,11,0,11,0,45,33,0,78,2,0,2,80
12/09/2006,ELM,NY,AEA,EN,Combined TRACON& Tower with Radar,0,25,17,0,42,0,1,31,2,34,0,26,48,2,76,64,0,64,140
12/10/2006,ELM,NY,AEA,EN,Combined TRACON& Tower with Radar,0,19,11,0,30,0,0,37,0,37,0,19,48,0,67,32,0,32,99
12/11/2006,ELM,NY,AEA,EN,Combined TRACON& Tower with Radar,0,30,31,0,61,0,0,19,0,19,0,30,50,0,80,76,0,76,156
12/12/2006,ELM,NY,AEA,EN,Combined TRACON& Tower with Radar,0,40,23,0,63,0,0,23,0,23,0,40,46,0,86,64,0,64,150
12/13/2006,ELM,NY,AEA,EN,Combined TRACON& Tower with Radar,0,39,24,0,63,0,0,13,0,13,0,39,37,0,76,34,0,34,110
12/14/2006,ELM,NY,AEA,EN,Combined TRACON& Tower with Radar,0,40,20,0,60,0,0,12,0,12,0,40,32,0,72,42,0,42,114
12/15/2006,ELM,NY,AEA,EN,Combined TRACON& Tower with Radar,0,43,18,0,61,0,0,22,0,22,0,43,40,0,83,28,0,28,111
12/16/2006,ELM,NY,AEA,EN,Combined TRACON& Tower with Radar,0,26,17,0,43,0,0,26,0,26,0,26,43,0,69,20,0,20,89
12/17/2006,ELM,NY,AEA,EN,Combined TRACON& Tower with Radar,0,22,7,0,29,0,0,14,0,14,0,22,21,0,43,56,0,56,99
12/18/2006,ELM,NY,AEA,EN,Combined TRACON& Tower with Radar,0,29,14,0,43,0,0,1,0,1,0,29,15,0,44,56,0,56,100
12/19/2006,ELM,NY,AEA,EN,Combined TRACON& Tower with Radar,0,44,24,0,68,0,5,13,0,18,0,49,37,0,86,38,0,38,124
12/20/2006,ELM,NY,AEA,EN,Combined TRACON& Tower with Radar,0,42,17,0,59,0,3,31,0,34,0,45,48,0,93,60,0,60,153
12/21/2006,ELM,NY,AEA,EN,Combined TRACON& Tower with Radar,2,45,18,0,65,0,0,46,0,46,2,45,64,0,111,68,0,68,179
12/22/2006,ELM,NY,AEA,EN,Combined TRACON& Tower with Radar,0,45,18,0,63,0,0,3,0,3,0,45,21,0,66,0,0,0,66
12/23/2006,ELM,NY,AEA,EN,Combined TRACON& Tower with Radar,2,36,21,0,59,0,0,7,0,7,2,36,28,0,66,18,0,18,84
12/24/2006,ELM,NY,AEA,EN,Combined TRACON& Tower with Radar,0,20,10,0,30,0,0,13,0,13,0,20,23,0,43,22,0,22,65
12/25/2006,ELM,NY,AEA,EN,Combined TRACON& Tower with Radar,0,18,1,0,19,0,0,2,0,2,0,18,3,0,21,0,0,0,21
12/26/2006,ELM,NY,AEA,EN,Combined TRACON& Tower with Radar,2,25,5,0,32,0,0,0,0,0,2,25,5,0,32,0,0,0,32
12/27/2006,ELM,NY,AEA,EN,Combined TRACON& Tower with Radar,0,39,11,0,50,0,0,0,0,0,0,39,11,0,50,0,0,0,50
12/28/2006,ELM,NY,AEA,EN,Combined TRACON& Tower with Radar,2,44,13,0,59,0,0,17,0,17,2,44,30,0,76,24,0,24,100
12/29/2006,ELM,NY,AEA,EN,Combined TRACON& Tower with Radar,0,36,29,0,65,0,0,8,0,8,0,36,37,0,73,4,0,4,77
12/30/2006,ELM,NY,AEA,EN,Combined TRACON& Tower with Radar,2,28,5,0,35,0,0,2,2,4,2,28,7,2,39,12,0,12,51
12/31/2006,ELM,NY,AEA,EN,Combined TRACON& Tower with Radar,0,19,15,0,34,0,0,17,0,17,0,19,32,0,51,14,0,14,65
01/01/2007,ELM,NY,AEA,EN,Combined TRACON& Tower with Radar,2,22,6,0,30,0,0,2,0,2,2,22,8,0,32,10,0,10,42
01/02/2007,ELM,NY,AEA,EN,Combined TRACON& Tower with Radar,0,30,17,0,47,0,0,11,0,11,0,30,28,0,58,22,0,22,80
01/03/2007,ELM,NY,AEA,EN,Combined TRACON& Tower with Radar,0,38,14,0,52,0,0,20,0,20,0,38,34,0,72,38,0,38,110
01/04/2007,ELM,NY,AEA,EN,Combined TRACON& Tower with Radar,0,29,16,0,45,0,2,20,0,22,0,31,36,0,67,68,0,68,135
01/05/2007,ELM,NY,AEA,EN,Combined TRACON& Tower with Radar,0,39,15,0,54,0,0,0,0,0,0,39,15,0,54,16,0,16,70
01/06/2007,ELM,NY,AEA,EN,Combined TRACON& Tower with Radar,0,23,14,0,37,0,0,1,0,1,0,23,15,0,38,0,0,0,38
01/07/2007,ELM,NY,AEA,EN,Combined TRACON& Tower with Radar,0,18,14,0,32,0,0,19,0,19,0,18,33,0,51,32,0,32,83
01/08/2007,ELM,NY,AEA,EN,Combined TRACON& Tower with Radar,0,25,11,0,36,0,0,0,0,0,0,25,11,0,36,0,0,0,36
01/09/2007,ELM,NY,AEA,EN,Combined TRACON& Tower with Radar,0,37,16,0,53,0,0,5,0,5,0,37,21,0,58,16,0,16,74
01/10/2007,ELM,NY,AEA,EN,Combined TRACON& Tower with Radar,0,34,19,0,53,0,2,4,0,6,0,36,23,0,59,24,0,24,83
01/11/2007,ELM,NY,AEA,EN,Combined TRACON& Tower with Radar,0,34,24,0,58,0,0,22,0,22,0,34,46,0,80,48,0,48,128
01/12/2007,ELM,NY,AEA,EN,Combined TRACON& Tower with Radar,0,36,20,0,56,0,0,3,0,3,0,36,23,0,59,6,0,6,65
01/13/2007,ELM,NY,AEA,EN,Combined TRACON& Tower with Radar,0,22,6,0,28,0,0,0,0,0,0,22,6,0,28,0,0,0,28
01/14/2007,ELM,NY,AEA,EN,Combined TRACON& Tower with Radar,0,15,5,0,20,0,0,0,0,0,0,15,5,0,20,0,0,0,20
01/15/2007,ELM,NY,AEA,EN,Combined TRACON& Tower with Radar,0,20,18,0,38,0,0,0,0,0,0,20,18,0,38,0,0,0,38
01/16/2007,ELM,NY,AEA,EN,Combined TRACON& Tower with Radar,0,37,22,0,59,0,0,0,0,0,0,37,22,0,59,6,0,6,65
01/17/2007,ELM,NY,AEA,EN,Combined TRACON& Tower with Radar,0,37,27,3,67,0,0,6,0,6,0,37,33,3,73,22,0,22,95
01/18/2007,ELM,NY,AEA,EN,Combined TRACON& Tower with Radar,0,30,23,0,53,0,0,22,0,22,0,30,45,0,75,8,0,8,83
01/19/2007,ELM,NY,AEA,EN,Combined TRACON& Tower with Radar,0,31,21,0,52,0,0,0,0,0,0,31,21,0,52,2,0,2,54
01/20/2007,ELM,NY,AEA,EN,Combined TRACON& Tower with Radar,0,24,8,0,32,0,0,0,0,0,0,24,8,0,32,0,0,0,32
01/21/2007,ELM,NY,AEA,EN,Combined TRACON& Tower with Radar,0,13,9,0,22,0,0,11,0,11,0,13,20,0,33,16,0,16,49
01/22/2007,ELM,NY,AEA,EN,Combined TRACON& Tower with Radar,0,27,14,0,41,0,0,2,0,2,0,27,16,0,43,16,0,16,59
01/23/2007,ELM,NY,AEA,EN,Combined TRACON& Tower with Radar,0,34,22,0,56,0,0,3,0,3,0,34,25,0,59,4,0,4,63
01/24/2007,ELM,NY,AEA,EN,Combined TRACON& Tower with Radar,0,35,23,0,58,0,0,0,0,0,0,35,23,0,58,12,0,12,70
01/25/2007,ELM,NY,AEA,EN,Combined TRACON& Tower with Radar,0,35,18,0,53,0,0,1,0,1,0,35,19,0,54,8,0,8,62
01/26/2007,ELM,NY,AEA,EN,Combined TRACON& Tower with Radar,0,30,22,0,52,0,0,0,0,0,0,30,22,0,52,18,0,18,70
01/27/2007,ELM,NY,AEA,EN,Combined TRACON& Tower with Radar,0,28,9,0,37,0,0,1,0,1,0,28,10,0,38,18,0,18,56
01/28/2007,ELM,NY,AEA,EN,Combined TRACON& Tower with Radar,0,18,4,0,22,0,0,2,0,2,0,18,6,0,24,0,0,0,24
01/29/2007,ELM,NY,AEA,EN,Combined TRACON& Tower with Radar,0,26,16,0,42,0,0,16,0,16,0,26,32,0,58,8,0,8,66
01/30/2007,ELM,NY,AEA,EN,Combined TRACON& Tower with Radar,0,34,13,4,51,0,0,5,0,5,0,34,18,4,56,6,0,6,62
01/31/2007,ELM,NY,AEA,EN,Combined TRACON& Tower with Radar,0,34,22,0,56,0,0,10,0,10,0,34,32,0,66,16,0,16,82
02/01/2007,ELM,NY,AEA,EN,Combined TRACON& Tower with Radar,0,29,20,0,49,0,0,28,2,30,0,29,48,2,79,56,0,56,135
02/02/2007,ELM,NY,AEA,EN,Combined TRACON& Tower with Radar,0,32,15,0,47,0,0,4,0,4,0,32,19,0,51,50,0,50,101
02/03/2007,ELM,NY,AEA,EN,Combined TRACON& Tower with Radar,0,23,15,0,38,0,0,12,0,12,0,23,27,0,50,0,0,0,50
02/04/2007,ELM,NY,AEA,EN,Combined TRACON& Tower with Radar,0,17,7,0,24,0,0,7,0,7,0,17,14,0,31,18,0,18,49
02/05/2007,ELM,NY,AEA,EN,Combined TRACON& Tower with Radar,0,22,14,0,36,0,0,0,0,0,0,22,14,0,36,0,0,0,36
02/06/2007,ELM,NY,AEA,EN,Combined TRACON& Tower with Radar,0,35,10,0,45,0,0,15,0,15,0,35,25,0,60,24,0,24,84
02/07/2007,ELM,NY,AEA,EN,Combined TRACON& Tower with Radar,0,32,13,0,45,0,1,9,0,10,0,33,22,0,55,8,0,8,63
02/08/2007,ELM,NY,AEA,EN,Combined TRACON& Tower with Radar,0,35,22,0,57,0,0,6,0,6,0,35,28,0,63,0,0,0,63
02/09/2007,ELM,NY,AEA,EN,Combined TRACON& Tower with Radar,0,30,18,0,48,0,0,8,0,8,0,30,26,0,56,52,0,52,108
02/10/2007,ELM,NY,AEA,EN,Combined TRACON& Tower with Radar,0,31,20,0,51,0,0,4,0,4,0,31,24,0,55,14,0,14,69
02/11/2007,ELM,NY,AEA,EN,Combined TRACON& Tower with Radar,0,16,8,0,24,0,0,7,0,7,0,16,15,0,31,46,0,46,77
02/12/2007,ELM,NY,AEA,EN,Combined TRACON& Tower with Radar,0,19,18,0,37,0,0,5,0,5,0,19,23,0,42,14,0,14,56
02/13/2007,ELM,NY,AEA,EN,Combined TRACON& Tower with Radar,0,34,18,0,52,0,0,7,0,7,0,34,25,0,59,46,0,46,105
02/14/2007,ELM,NY,AEA,EN,Combined TRACON& Tower with Radar,0,8,0,0,8,0,0,0,0,0,0,8,0,0,8,0,0,0,8
02/15/2007,ELM,NY,AEA,EN,Combined TRACON& Tower with Radar,0,18,13,0,31,0,0,0,0,0,0,18,13,0,31,0,0,0,31
02/16/2007,ELM,NY,AEA,EN,Combined TRACON& Tower with Radar,0,32,21,0,53,0,0,2,0,2,0,32,23,0,55,10,0,10,65
02/17/2007,ELM,NY,AEA,EN,Combined TRACON& Tower with Radar,2,27,20,0,49,0,0,15,0,15,2,27,35,0,64,42,0,42,106
02/18/2007,ELM,NY,AEA,EN,Combined TRACON& Tower with Radar,0,14,7,0,21,0,0,2,0,2,0,14,9,0,23,0,0,0,23
02/19/2007,ELM,NY,AEA,EN,Combined TRACON& Tower with Radar,2,25,18,0,45,0,0,18,0,18,2,25,36,0,63,12,0,12,75
02/20/2007,ELM,NY,AEA,EN,Combined TRACON& Tower with Radar,0,37,16,0,53,0,0,9,0,9,0,37,25,0,62,28,0,28,90
02/21/2007,ELM,NY,AEA,EN,Combined TRACON& Tower with Radar,0,34,28,0,62,0,0,19,0,19,0,34,47,0,81,36,0,36,117
02/22/2007,ELM,NY,AEA,EN,Combined TRACON& Tower with Radar,0,34,16,0,50,0,0,4,0,4,0,34,20,0,54,10,0,10,64
02/23/2007,ELM,NY,AEA,EN,Combined TRACON& Tower with Radar,0,29,14,0,43,0,0,12,0,12,0,29,26,0,55,34,0,34,89
02/24/2007,ELM,NY,AEA,EN,Combined TRACON& Tower with Radar,0,25,20,0,45,0,0,19,0,19,0,25,39,0,64,84,0,84,148
02/25/2007,ELM,NY,AEA,EN,Combined TRACON& Tower with Radar,0,19,16,0,35,0,0,13,0,13,0,19,29,0,48,6,0,6,54
02/26/2007,ELM,NY,AEA,EN,Combined TRACON& Tower with Radar,0,22,24,0,46,0,0,0,0,0,0,22,24,0,46,0,0,0,46
02/27/2007,ELM,NY,AEA,EN,Combined TRACON& Tower with Radar,0,40,25,0,65,0,0,0,0,0,0,40,25,0,65,42,0,42,107
02/28/2007,ELM,NY,AEA,EN,Combined TRACON& Tower with Radar,0,36,23,0,59,0,0,9,0,9,0,36,32,0,68,32,0,32,100
03/01/2007,ELM,NY,AEA,EN,Combined TRACON& Tower with Radar,0,38,16,0,54,0,0,5,0,5,0,38,21,0,59,26,0,26,85
03/02/2007,ELM,NY,AEA,EN,Combined TRACON& Tower with Radar,0,35,18,0,53,0,0,2,0,2,0,35,20,0,55,0,0,0,55
03/03/2007,ELM,NY,AEA,EN,Combined TRACON& Tower with Radar,0,24,9,0,33,0,0,8,0,8,0,24,17,0,41,26,0,26,67
03/04/2007,ELM,NY,AEA,EN,Combined TRACON& Tower with Radar,0,14,15,0,29,0,0,6,0,6,0,14,21,0,35,24,0,24,59
03/05/2007,ELM,NY,AEA,EN,Combined TRACON& Tower with Radar,0,18,26,0,44,0,0,0,0,0,0,18,26,0,44,0,0,0,44
03/06/2007,ELM,NY,AEA,EN,Combined TRACON& Tower with Radar,0,43,18,0,61,0,0,6,0,6,0,43,24,0,67,2,0,2,69
03/07/2007,ELM,NY,AEA,EN,Combined TRACON& Tower with Radar,0,34,20,0,54,0,0,10,0,10,0,34,30,0,64,20,0,20,84
03/08/2007,ELM,NY,AEA,EN,Combined TRACON& Tower with Radar,0,42,29,0,71,0,0,6,0,6,0,42,35,0,77,6,0,6,83
03/09/2007,ELM,NY,AEA,EN,Combined TRACON& Tower with Radar,0,38,18,0,56,0,0,49,0,49,0,38,67,0,105,106,0,106,211
03/10/2007,ELM,NY,AEA,EN,Combined TRACON& Tower with Radar,0,28,27,0,55,0,0,19,0,19,0,28,46,0,74,44,0,44,118
03/11/2007,ELM,NY,AEA,EN,Combined TRACON& Tower with Radar,0,16,17,0,33,0,0,28,0,28,0,16,45,0,61,24,0,24,85
03/12/2007,ELM,NY,AEA,EN,Combined TRACON& Tower with Radar,0,30,20,0,50,0,0,31,0,31,0,30,51,0,81,40,0,40,121
03/13/2007,ELM,NY,AEA,EN,Combined TRACON& Tower with Radar,0,35,16,0,51,0,0,27,0,27,0,35,43,0,78,34,0,34,112
03/14/2007,ELM,NY,AEA,EN,Combined TRACON& Tower with Radar,0,31,21,0,52,0,0,9,0,9,0,31,30,0,61,4,0,4,65
03/15/2007,ELM,NY,AEA,EN,Combined TRACON& Tower with Radar,0,33,25,0,58,0,0,2,0,2,0,33,27,0,60,24,0,24,84
03/16/2007,ELM,NY,AEA,EN,Combined TRACON& Tower with Radar,0,27,11,0,38,0,0,0,0,0,0,27,11,0,38,0,0,0,38
03/17/2007,ELM,NY,AEA,EN,Combined TRACON& Tower with Radar,0,12,7,0,19,0,0,0,0,0,0,12,7,0,19,0,0,0,19
03/18/2007,ELM,NY,AEA,EN,Combined TRACON& Tower with Radar,0,18,9,0,27,0,0,2,0,2,0,18,11,0,29,0,0,0,29
03/19/2007,ELM,NY,AEA,EN,Combined TRACON& Tower with Radar,0,27,25,0,52,0,0,1,0,1,0,27,26,0,53,34,0,34,87
03/20/2007,ELM,NY,AEA,EN,Combined TRACON& Tower with Radar,0,38,15,0,53,0,1,6,0,7,0,39,21,0,60,26,0,26,86
03/21/2007,ELM,NY,AEA,EN,Combined TRACON& Tower with Radar,0,36,15,0,51,0,1,17,0,18,0,37,32,0,69,10,0,10,79
03/22/2007,ELM,NY,AEA,EN,Combined TRACON& Tower with Radar,0,32,25,0,57,0,0,2,0,2,0,32,27,0,59,36,0,36,95
03/23/2007,ELM,NY,AEA,EN,Combined TRACON& Tower with Radar,0,38,28,0,66,0,2,10,0,12,0,40,38,0,78,58,0,58,136
03/24/2007,ELM,NY,AEA,EN,Combined TRACON& Tower with Radar,0,30,16,0,46,0,0,16,0,16,0,30,32,0,62,66,0,66,128
03/25/2007,ELM,NY,AEA,EN,Combined TRACON& Tower with Radar,0,17,15,0,32,0,0,6,0,6,0,17,21,0,38,12,0,12,50
03/26/2007,ELM,NY,AEA,EN,Combined TRACON& Tower with Radar,0,26,26,0,52,0,0,10,0,10,0,26,36,0,62,18,0,18,80
03/27/2007,ELM,NY,AEA,EN,Combined TRACON& Tower with Radar,0,38,18,0,56,0,0,4,0,4,0,38,22,0,60,20,0,20,80
03/28/2007,ELM,NY,AEA,EN,Combined TRACON& Tower with Radar,0,37,23,0,60,0,0,13,0,13,0,37,36,0,73,40,0,40,113
03/29/2007,ELM,NY,AEA,EN,Combined TRACON& Tower with Radar,0,33,23,0,56,0,0,12,0,12,0,33,35,0,68,32,0,32,100
03/30/2007,ELM,NY,AEA,EN,Combined TRACON& Tower with Radar,0,43,21,0,64,0,3,25,0,28,0,46,46,0,92,54,0,54,146
03/31/2007,ELM,NY,AEA,EN,Combined TRACON& Tower with Radar,0,24,30,0,54,0,2,32,0,34,0,26,62,0,88,34,0,34,122
04/01/2007,ELM,NY,AEA,EN,Combined TRACON& Tower with Radar,2,18,11,0,31,0,0,3,0,3,2,18,14,0,34,0,0,0,34
04/02/2007,ELM,NY,AEA,EN,Combined TRACON& Tower with Radar,0,25,29,0,54,0,0,9,0,9,0,25,38,0,63,38,0,38,101
04/03/2007,ELM,NY,AEA,EN,Combined TRACON& Tower with Radar,0,43,20,0,63,0,1,20,1,22,0,44,40,1,85,42,0,42,127
04/04/2007,ELM,NY,AEA,EN,Combined TRACON& Tower with Radar,0,38,20,0,58,0,0,1,0,1,0,38,21,0,59,14,0,14,73
04/05/2007,ELM,NY,AEA,EN,Combined TRACON& Tower with Radar,0,34,18,0,52,0,0,9,0,9,0,34,27,0,61,26,0,26,87
04/06/2007,ELM,NY,AEA,EN,Combined TRACON& Tower with Radar,2,41,14,0,57,0,0,5,0,5,2,41,19,0,62,8,0,8,70
04/07/2007,ELM,NY,AEA,EN,Combined TRACON& Tower with Radar,0,23,11,0,34,0,0,7,0,7,0,23,18,0,41,0,0,0,41
04/08/2007,ELM,NY,AEA,EN,Combined TRACON& Tower with Radar,0,19,6,0,25,0,0,2,0,2,0,19,8,0,27,0,0,0,27
04/09/2007,ELM,NY,AEA,EN,Combined TRACON& Tower with Radar,3,24,20,0,47,0,0,2,0,2,3,24,22,0,49,16,0,16,65
04/10/2007,ELM,NY,AEA,EN,Combined TRACON& Tower with Radar,0,40,20,2,62,0,0,10,0,10,0,40,30,2,72,76,0,76,148
04/11/2007,ELM,NY,AEA,EN,Combined TRACON& Tower with Radar,0,34,24,0,58,0,1,24,0,25,0,35,48,0,83,16,0,16,99
04/12/2007,ELM,NY,AEA,EN,Combined TRACON& Tower with Radar,2,33,23,2,60,0,0,0,0,0,2,33,23,2,60,18,0,18,78
04/13/2007,ELM,NY,AEA,EN,Combined TRACON& Tower with Radar,1,40,15,0,56,0,0,4,0,4,1,40,19,0,60,34,0,34,94
04/14/2007,ELM,NY,AEA,EN,Combined TRACON& Tower with Radar,0,28,20,0,48,0,0,25,0,25,0,28,45,0,73,50,0,50,123
04/15/2007,ELM,NY,AEA,EN,Combined TRACON& Tower with Radar,0,16,13,0,29,0,0,2,0,2,0,16,15,0,31,0,0,0,31
04/16/2007,ELM,NY,AEA,EN,Combined TRACON& Tower with Radar,0,22,12,0,34,0,0,0,0,0,0,22,12,0,34,0,0,0,34
04/17/2007,ELM,NY,AEA,EN,Combined TRACON& Tower with Radar,0,39,32,0,71,0,0,1,0,1,0,39,33,0,72,8,0,8,80
04/18/2007,ELM,NY,AEA,EN,Combined TRACON& Tower with Radar,0,36,17,0,53,0,0,0,0,0,0,36,17,0,53,50,0,50,103
04/19/2007,ELM,NY,AEA,EN,Combined TRACON& Tower with Radar,0,35,25,0,60,0,0,29,0,29,0,35,54,0,89,52,0,52,141
04/20/2007,ELM,NY,AEA,EN,Combined TRACON& Tower with Radar,0,37,26,0,63,0,0,59,0,59,0,37,85,0,122,88,0,88,210
04/21/2007,ELM,NY,AEA,EN,Combined TRACON& Tower with Radar,0,21,46,0,67,0,0,79,0,79,0,21,125,0,146,56,0,56,202
04/22/2007,ELM,NY,AEA,EN,Combined TRACON& Tower with Radar,0,16,23,0,39,0,2,39,0,41,0,18,62,0,80,14,0,14,94
04/23/2007,ELM,NY,AEA,EN,Combined TRACON& Tower with Radar,0,25,29,0,54,0,0,10,0,10,0,25,39,0,64,34,0,34,98
04/24/2007,ELM,NY,AEA,EN,Combined TRACON& Tower with Radar,0,34,27,0,61,0,1,8,0,9,0,35,35,0,70,88,0,88,158
04/25/2007,ELM,NY,AEA,EN,Combined TRACON& Tower with Radar,0,39,25,0,64,0,0,10,0,10,0,39,35,0,74,36,0,36,110
04/26/2007,ELM,NY,AEA,EN,Combined TRACON& Tower with Radar,0,41,27,0,68,0,0,16,0,16,0,41,43,0,84,122,0,122,206
04/27/2007,ELM,NY,AEA,EN,Combined TRACON& Tower with Radar,0,37,19,0,56,0,2,10,0,12,0,39,29,0,68,158,0,158,226
04/28/2007,ELM,NY,AEA,EN,Combined TRACON& Tower with Radar,0,21,8,5,34,0,0,8,0,8,0,21,16,5,42,78,0,78,120
04/29/2007,ELM,NY,AEA,EN,Combined TRACON& Tower with Radar,0,16,31,0,47,0,0,22,0,22,0,16,53,0,69,92,0,92,161
04/30/2007,ELM,NY,AEA,EN,Combined TRACON& Tower with Radar,0,28,17,0,45,0,1,27,0,28,0,29,44,0,73,66,0,66,139
05/01/2007,ELM,NY,AEA,EN,Combined TRACON& Tower with Radar,0,36,27,1,64,0,0,12,1,13,0,36,39,2,77,82,0,82,159
05/02/2007,ELM,NY,AEA,EN,Combined TRACON& Tower with Radar,0,34,20,0,54,0,2,19,0,21,0,36,39,0,75,72,0,72,147
05/03/2007,ELM,NY,AEA,EN,Combined TRACON& Tower with Radar,0,35,20,0,55,0,3,29,0,32,0,38,49,0,87,86,0,86,173
05/04/2007,ELM,NY,AEA,EN,Combined TRACON& Tower with Radar,0,38,18,2,58,0,2,21,0,23,0,40,39,2,81,166,0,166,247
05/05/2007,ELM,NY,AEA,EN,Combined TRACON& Tower with Radar,0,21,14,0,35,0,2,49,0,51,0,23,63,0,86,124,0,124,210
05/06/2007,ELM,NY,AEA,EN,Combined TRACON& Tower with Radar,0,16,21,0,37,0,0,40,0,40,0,16,61,0,77,54,0,54,131
05/07/2007,ELM,NY,AEA,EN,Combined TRACON& Tower with Radar,0,25,22,1,48,0,0,35,1,36,0,25,57,2,84,28,0,28,112
05/08/2007,ELM,NY,AEA,EN,Combined TRACON& Tower with Radar,0,33,23,0,56,0,1,26,0,27,0,34,49,0,83,44,0,44,127
05/09/2007,ELM,NY,AEA,EN,Combined TRACON& Tower with Radar,0,39,22,0,61,0,1,34,0,35,0,40,56,0,96,70,0,70,166
05/10/2007,ELM,NY,AEA,EN,Combined TRACON& Tower with Radar,0,33,31,0,64,0,0,15,0,15,0,33,46,0,79,46,0,46,125
05/11/2007,ELM,NY,AEA,EN,Combined TRACON& Tower with Radar,0,38,32,0,70,0,0,41,0,41,0,38,73,0,111,74,0,74,185
05/12/2007,ELM,NY,AEA,EN,Combined TRACON& Tower with Radar,0,28,25,0,53,0,0,55,0,55,0,28,80,0,108,62,0,62,170
05/13/2007,ELM,NY,AEA,EN,Combined TRACON& Tower with Radar,0,21,12,0,33,0,2,30,0,32,0,23,42,0,65,44,0,44,109
05/14/2007,ELM,NY,AEA,EN,Combined TRACON& Tower with Radar,0,22,32,4,58,0,2,26,1,29,0,24,58,5,87,88,4,92,179
05/15/2007,ELM,NY,AEA,EN,Combined TRACON& Tower with Radar,0,37,15,0,52,0,0,17,0,17,0,37,32,0,69,20,0,20,89
05/16/2007,ELM,NY,AEA,EN,Combined TRACON& Tower with Radar,0,35,22,0,57,0,0,6,0,6,0,35,28,0,63,24,0,24,87
05/17/2007,ELM,NY,AEA,EN,Combined TRACON& Tower with Radar,0,32,26,0,58,0,0,17,0,17,0,32,43,0,75,24,0,24,99
05/18/2007,ELM,NY,AEA,EN,Combined TRACON& Tower with Radar,0,34,20,0,54,0,0,23,0,23,0,34,43,0,77,80,0,80,157
05/19/2007,ELM,NY,AEA,EN,Combined TRACON& Tower with Radar,0,23,18,0,41,0,0,20,0,20,0,23,38,0,61,50,0,50,111
05/20/2007,ELM,NY,AEA,EN,Combined TRACON& Tower with Radar,0,16,15,0,31,0,0,0,0,0,0,16,15,0,31,22,0,22,53
05/21/2007,ELM,NY,AEA,EN,Combined TRACON& Tower with Radar,0,27,21,0,48,0,0,24,0,24,0,27,45,0,72,88,0,88,160
05/22/2007,ELM,NY,AEA,EN,Combined TRACON& Tower with Radar,0,37,24,0,61,0,0,27,0,27,0,37,51,0,88,54,0,54,142
05/23/2007,ELM,NY,AEA,EN,Combined TRACON& Tower with Radar,0,37,26,0,63,0,1,44,0,45,0,38,70,0,108,14,0,14,122
05/24/2007,ELM,NY,AEA,EN,Combined TRACON& Tower with Radar,0,31,28,0,59,0,0,44,0,44,0,31,72,0,103,68,0,68,171
05/25/2007,ELM,NY,AEA,EN,Combined TRACON& Tower with Radar,0,37,26,0,63,0,0,28,0,28,0,37,54,0,91,104,0,104,195
05/26/2007,ELM,NY,AEA,EN,Combined TRACON& Tower with Radar,0,23,27,0,50,0,0,46,0,46,0,23,73,0,96,58,0,58,154
05/27/2007,ELM,NY,AEA,EN,Combined TRACON& Tower with Radar,0,12,21,0,33,0,0,11,0,11,0,12,32,0,44,0,0,0,44
05/28/2007,ELM,NY,AEA,EN,Combined TRACON& Tower with Radar,0,20,18,0,38,0,0,33,0,33,0,20,51,0,71,82,0,82,153
05/29/2007,ELM,NY,AEA,EN,Combined TRACON& Tower with Radar,0,28,29,3,60,0,0,32,0,32,0,28,61,3,92,10,0,10,102
05/30/2007,ELM,NY,AEA,EN,Combined TRACON& Tower with Radar,0,37,17,0,54,0,0,28,0,28,0,37,45,0,82,54,0,54,136
05/31/2007,ELM,NY,AEA,EN,Combined TRACON& Tower with Radar,0,32,46,0,78,0,0,22,0,22,0,32,68,0,100,108,0,108,208
06/01/2007,ELM,NY,AEA,EN,Combined TRACON& Tower with Radar,0,40,34,0,74,0,0,19,0,19,0,40,53,0,93,88,0,88,181
06/02/2007,ELM,NY,AEA,EN,Combined TRACON& Tower with Radar,0,21,15,0,36,0,0,13,0,13,0,21,28,0,49,22,0,22,71
06/03/2007,ELM,NY,AEA,EN,Combined TRACON& Tower with Radar,0,23,22,0,45,0,0,5,0,5,0,23,27,0,50,0,0,0,50
06/04/2007,ELM,NY,AEA,EN,Combined TRACON& Tower with Radar,0,23,31,0,54,0,0,6,0,6,0,23,37,0,60,86,0,86,146
06/05/2007,ELM,NY,AEA,EN,Combined TRACON& Tower with Radar,0,37,15,0,52,0,0,19,0,19,0,37,34,0,71,26,0,26,97
06/06/2007,ELM,NY,AEA,EN,Combined TRACON& Tower with Radar,0,35,27,5,67,0,1,9,0,10,0,36,36,5,77,48,0,48,125
06/07/2007,ELM,NY,AEA,EN,Combined TRACON& Tower with Radar,0,37,36,0,73,0,0,24,0,24,0,37,60,0,97,32,0,32,129
06/08/2007,ELM,NY,AEA,EN,Combined TRACON& Tower with Radar,0,32,35,0,67,0,0,33,0,33,0,32,68,0,100,98,0,98,198
06/09/2007,ELM,NY,AEA,EN,Combined TRACON& Tower with Radar,0,23,38,0,61,0,0,50,0,50,0,23,88,0,111,50,0,50,161
06/10/2007,ELM,NY,AEA,EN,Combined TRACON& Tower with Radar,0,21,30,0,51,0,0,93,0,93,0,21,123,0,144,108,0,108,252
06/11/2007,ELM,NY,AEA,EN,Combined TRACON& Tower with Radar,0,26,27,0,53,0,0,37,0,37,0,26,64,0,90,16,0,16,106
06/12/2007,ELM,NY,AEA,EN,Combined TRACON& Tower with Radar,0,30,25,3,58,0,0,24,0,24,0,30,49,3,82,52,0,52,134
06/13/2007,ELM,NY,AEA,EN,Combined TRACON& Tower with Radar,0,41,34,0,75,0,0,18,0,18,0,41,52,0,93,68,0,68,161
06/14/2007,ELM,NY,AEA,EN,Combined TRACON& Tower with Radar,0,34,28,0,62,0,0,20,0,20,0,34,48,0,82,48,0,48,130
06/15/2007,ELM,NY,AEA,EN,Combined TRACON& Tower with Radar,0,35,38,0,73,0,0,32,0,32,0,35,70,0,105,114,0,114,219
06/16/2007,ELM,NY,AEA,EN,Combined TRACON& Tower with Radar,0,23,27,0,50,0,0,43,0,43,0,23,70,0,93,54,0,54,147
06/17/2007,ELM,NY,AEA,EN,Combined TRACON& Tower with Radar,0,19,28,0,47,0,0,36,0,36,0,19,64,0,83,62,0,62,145
06/18/2007,ELM,NY,AEA,EN,Combined TRACON& Tower with Radar,0,23,32,0,55,0,1,25,0,26,0,24,57,0,81,46,0,46,127
06/19/2007,ELM,NY,AEA,EN,Combined TRACON& Tower with Radar,0,36,28,0,64,0,1,14,0,15,0,37,42,0,79,32,0,32,111
06/20/2007,ELM,NY,AEA,EN,Combined TRACON& Tower with Radar,0,28,21,2,51,0,1,52,0,53,0,29,73,2,104,88,0,88,192
06/21/2007,ELM,NY,AEA,EN,Combined TRACON& Tower with Radar,0,35,26,0,61,0,0,71,0,71,0,35,97,0,132,134,0,134,266
06/22/2007,ELM,NY,AEA,EN,Combined TRACON& Tower with Radar,0,32,25,0,57,0,0,62,0,62,0,32,87,0,119,98,0,98,217
06/23/2007,ELM,NY,AEA,EN,Combined TRACON& Tower with Radar,0,30,19,0,49,0,0,51,0,51,0,30,70,0,100,70,0,70,170
06/24/2007,ELM,NY,AEA,EN,Combined TRACON& Tower with Radar,0,22,17,0,39,0,0,50,0,50,0,22,67,0,89,76,0,76,165
06/25/2007,ELM,NY,AEA,EN,Combined TRACON& Tower with Radar,0,30,29,0,59,0,0,48,0,48,0,30,77,0,107,18,0,18,125
06/26/2007,ELM,NY,AEA,EN,Combined TRACON& Tower with Radar,0,30,24,0,54,0,0,24,0,24,0,30,48,0,78,100,0,100,178
06/27/2007,ELM,NY,AEA,EN,Combined TRACON& Tower with Radar,0,32,24,0,56,0,0,29,0,29,0,32,53,0,85,112,0,112,197
06/28/2007,ELM,NY,AEA,EN,Combined TRACON& Tower with Radar,0,30,30,2,62,0,0,14,0,14,0,30,44,2,76,62,0,62,138
06/29/2007,ELM,NY,AEA,EN,Combined TRACON& Tower with Radar,0,36,49,0,85,0,0,38,0,38,0,36,87,0,123,158,0,158,281
06/30/2007,ELM,NY,AEA,EN,Combined TRACON& Tower with Radar,0,26,19,0,45,0,0,106,0,106,0,26,125,0,151,134,0,134,285
07/01/2007,ELM,NY,AEA,EN,Combined TRACON& Tower with Radar,0,20,23,0,43,0,0,33,0,33,0,20,56,0,76,24,0,24,100
07/02/2007,ELM,NY,AEA,EN,Combined TRACON& Tower with Radar,0,23,20,0,43,0,1,36,0,37,0,24,56,0,80,64,0,64,144
07/03/2007,ELM,NY,AEA,EN,Combined TRACON& Tower with Radar,0,33,20,0,53,0,3,31,0,34,0,36,51,0,87,108,0,108,195
07/04/2007,ELM,NY,AEA,EN,Combined TRACON& Tower with Radar,0,19,4,0,23,0,0,6,0,6,0,19,10,0,29,0,0,0,29
07/05/2007,ELM,NY,AEA,EN,Combined TRACON& Tower with Radar,0,38,33,0,71,0,0,6,0,6,0,38,39,0,77,46,0,46,123
07/06/2007,ELM,NY,AEA,EN,Combined TRACON& Tower with Radar,0,38,20,0,58,0,1,50,0,51,0,39,70,0,109,112,0,112,221
07/07/2007,ELM,NY,AEA,EN,Combined TRACON& Tower with Radar,0,26,15,0,41,0,0,67,0,67,0,26,82,0,108,130,0,130,238
07/08/2007,ELM,NY,AEA,EN,Combined TRACON& Tower with Radar,0,28,16,0,44,0,0,63,0,63,0,28,79,0,107,90,0,90,197
07/09/2007,ELM,NY,AEA,EN,Combined TRACON& Tower with Radar,2,35,39,2,78,0,0,24,0,24,2,35,63,2,102,36,4,40,142
07/10/2007,ELM,NY,AEA,EN,Combined TRACON& Tower with Radar,0,38,30,0,68,0,0,24,0,24,0,38,54,0,92,112,0,112,204
07/11/2007,ELM,NY,AEA,EN,Combined TRACON& Tower with Radar,0,33,17,0,50,0,1,10,0,11,0,34,27,0,61,70,0,70,131
07/12/2007,ELM,NY,AEA,EN,Combined TRACON& Tower with Radar,0,32,32,0,64,0,1,42,0,43,0,33,74,0,107,128,0,128,235
07/13/2007,ELM,NY,AEA,EN,Combined TRACON& Tower with Radar,0,35,19,0,54,0,1,21,0,22,0,36,40,0,76,136,0,136,212
07/14/2007,ELM,NY,AEA,EN,Combined TRACON& Tower with Radar,0,24,12,0,36,0,1,49,0,50,0,25,61,0,86,144,0,144,230
07/15/2007,ELM,NY,AEA,EN,Combined TRACON& Tower with Radar,0,15,28,0,43,0,0,34,0,34,0,15,62,0,77,86,0,86,163
07/16/2007,ELM,NY,AEA,EN,Combined TRACON& Tower with Radar,0,26,33,0,59,0,0,36,0,36,0,26,69,0,95,174,0,174,269
07/17/2007,ELM,NY,AEA,EN,Combined TRACON& Tower with Radar,0,44,19,0,63,0,0,29,2,31,0,44,48,2,94,108,2,110,204
07/18/2007,ELM,NY,AEA,EN,Combined TRACON& Tower with Radar,0,38,26,0,64,0,0,12,0,12,0,38,38,0,76,82,0,82,158
07/19/2007,ELM,NY,AEA,EN,Combined TRACON& Tower with Radar,0,29,33,0,62,0,1,6,0,7,0,30,39,0,69,0,0,0,69
07/20/2007,ELM,NY,AEA,EN,Combined TRACON& Tower with Radar,0,34,33,0,67,0,0,35,0,35,0,34,68,0,102,114,0,114,216
07/21/2007,ELM,NY,AEA,EN,Combined TRACON& Tower with Radar,0,22,21,0,43,0,2,68,0,70,0,24,89,0,113,194,0,194,307
07/22/2007,ELM,NY,AEA,EN,Combined TRACON& Tower with Radar,0,17,32,0,49,0,0,33,0,33,0,17,65,0,82,48,0,48,130
07/23/2007,ELM,NY,AEA,EN,Combined TRACON& Tower with Radar,0,29,35,0,64,0,0,15,0,15,0,29,50,0,79,100,0,100,179
07/24/2007,ELM,NY,AEA,EN,Combined TRACON& Tower with Radar,0,39,34,0,73,0,0,18,0,18,0,39,52,0,91,152,0,152,243
07/25/2007,ELM,NY,AEA,EN,Combined TRACON& Tower with Radar,0,32,27,0,59,0,2,37,0,39,0,34,64,0,98,122,0,122,220
07/26/2007,ELM,NY,AEA,EN,Combined TRACON& Tower with Radar,0,39,37,0,76,0,2,25,0,27,0,41,62,0,103,138,0,138,241
07/27/2007,ELM,NY,AEA,EN,Combined TRACON& Tower with Radar,0,34,41,0,75,0,0,36,0,36,0,34,77,0,111,120,0,120,231
07/28/2007,ELM,NY,AEA,EN,Combined TRACON& Tower with Radar,0,22,17,0,39,0,0,19,0,19,0,22,36,0,58,128,0,128,186
07/29/2007,ELM,NY,AEA,EN,Combined TRACON& Tower with Radar,0,17,15,0,32,0,0,8,0,8,0,17,23,0,40,14,0,14,54
07/30/2007,ELM,NY,AEA,EN,Combined TRACON& Tower with Radar,0,22,23,0,45,0,0,35,0,35,0,22,58,0,80,32,0,32,112
07/31/2007,ELM,NY,AEA,EN,Combined TRACON& Tower with Radar,0,37,33,0,70,0,1,39,0,40,0,38,72,0,110,84,0,84,194
08/01/2007,ELM,NY,AEA,EN,Combined TRACON& Tower with Radar,0,34,26,0,60,0,3,49,0,52,0,37,75,0,112,112,0,112,224
08/02/2007,ELM,NY,AEA,EN,Combined TRACON& Tower with Radar,0,38,19,0,57,0,0,28,0,28,0,38,47,0,85,118,0,118,203
08/03/2007,ELM,NY,AEA,EN,Combined TRACON& Tower with Radar,0,39,24,0,63,0,0,7,0,7,0,39,31,0,70,66,0,66,136
08/04/2007,ELM,NY,AEA,EN,Combined TRACON& Tower with Radar,0,23,17,0,40,0,0,45,0,45,0,23,62,0,85,124,0,124,209
08/05/2007,ELM,NY,AEA,EN,Combined TRACON& Tower with Radar,0,19,17,0,36,0,0,31,0,31,0,19,48,0,67,68,0,68,135
08/06/2007,ELM,NY,AEA,EN,Combined TRACON& Tower with Radar,0,23,22,0,45,0,0,9,0,9,0,23,31,0,54,62,0,62,116
08/07/2007,ELM,NY,AEA,EN,Combined TRACON& Tower with Radar,0,39,21,0,60,0,0,14,0,14,0,39,35,0,74,110,0,110,184
08/08/2007,ELM,NY,AEA,EN,Combined TRACON& Tower with Radar,0,37,28,0,65,0,0,11,0,11,0,37,39,0,76,68,0,68,144
08/09/2007,ELM,NY,AEA,EN,Combined TRACON& Tower with Radar,2,37,56,0,95,0,0,23,0,23,2,37,79,0,118,30,0,30,148
08/10/2007,ELM,NY,AEA,EN,Combined TRACON& Tower with Radar,1,49,63,0,113,0,0,11,0,11,1,49,74,0,124,62,0,62,186
08/11/2007,ELM,NY,AEA,EN,Combined TRACON& Tower with Radar,1,33,37,0,71,0,1,63,2,66,1,34,100,2,137,54,0,54,191
08/12/2007,ELM,NY,AEA,EN,Combined TRACON& Tower with Radar,2,30,97,0,129,0,2,138,8,148,2,32,235,8,277,20,0,20,297
08/13/2007,ELM,NY,AEA,EN,Combined TRACON& Tower with Radar,1,30,44,0,75,0,1,28,0,29,1,31,72,0,104,16,0,16,120
08/14/2007,ELM,NY,AEA,EN,Combined TRACON& Tower with Radar,0,35,15,0,50,0,0,38,0,38,0,35,53,0,88,126,0,126,214
08/15/2007,ELM,NY,AEA,EN,Combined TRACON& Tower with Radar,0,39,22,2,63,0,0,26,0,26,0,39,48,2,89,106,2,108,197
08/16/2007,ELM,NY,AEA,EN,Combined TRACON& Tower with Radar,0,31,10,3,44,0,0,18,0,18,0,31,28,3,62,48,0,48,110
08/17/2007,ELM,NY,AEA,EN,Combined TRACON& Tower with Radar,0,29,21,0,50,0,0,50,0,50,0,29,71,0,100,172,0,172,272
08/18/2007,ELM,NY,AEA,EN,Combined TRACON& Tower with Radar,0,25,18,0,43,0,0,29,0,29,0,25,47,0,72,60,0,60,132
08/19/2007,ELM,NY,AEA,EN,Combined TRACON& Tower with Radar,0,18,7,0,25,0,0,24,0,24,0,18,31,0,49,40,0,40,89
08/20/2007,ELM,NY,AEA,EN,Combined TRACON& Tower with Radar,0,25,10,0,35,0,0,6,0,6,0,25,16,0,41,30,0,30,71
08/21/2007,ELM,NY,AEA,EN,Combined TRACON& Tower with Radar,0,36,15,0,51,0,0,0,0,0,0,36,15,0,51,4,0,4,55
08/22/2007,ELM,NY,AEA,EN,Combined TRACON& Tower with Radar,0,32,21,0,53,0,0,12,0,12,0,32,33,0,65,80,0,80,145
08/23/2007,ELM,NY,AEA,EN,Combined TRACON& Tower with Radar,0,30,14,0,44,0,0,5,0,5,0,30,19,0,49,26,0,26,75
08/24/2007,ELM,NY,AEA,EN,Combined TRACON& Tower with Radar,0,29,20,0,49,0,0,34,0,34,0,29,54,0,83,126,0,126,209
08/25/2007,ELM,NY,AEA,EN,Combined TRACON& Tower with Radar,0,22,21,0,43,0,0,27,0,27,0,22,48,0,70,64,0,64,134
08/26/2007,ELM,NY,AEA,EN,Combined TRACON& Tower with Radar,0,17,18,0,35,0,0,57,0,57,0,17,75,0,92,40,0,40,132
08/27/2007,ELM,NY,AEA,EN,Combined TRACON& Tower with Radar,0,20,36,0,56,0,2,27,0,29,0,22,63,0,85,10,0,10,95
08/28/2007,ELM,NY,AEA,EN,Combined TRACON& Tower with Radar,0,33,32,0,65,0,0,27,0,27,0,33,59,0,92,94,0,94,186
08/29/2007,ELM,NY,AEA,EN,Combined TRACON& Tower with Radar,0,38,19,0,57,0,1,21,0,22,0,39,40,0,79,106,0,106,185
08/30/2007,ELM,NY,AEA,EN,Combined TRACON& Tower with Radar,0,35,20,0,55,0,0,17,0,17,0,35,37,0,72,62,0,62,134
08/31/2007,ELM,NY,AEA,EN,Combined TRACON& Tower with Radar,0,31,20,0,51,0,0,43,0,43,0,31,63,0,94,222,0,222,316
09/01/2007,ELM,NY,AEA,EN,Combined TRACON& Tower with Radar,0,21,25,0,46,0,0,61,0,61,0,21,86,0,107,132,0,132,239
09/02/2007,ELM,NY,AEA,EN,Combined TRACON& Tower with Radar,0,15,11,0,26,0,0,34,0,34,0,15,45,0,60,6,0,6,66
09/03/2007,ELM,NY,AEA,EN,Combined TRACON& Tower with Radar,0,15,18,0,33,0,0,36,0,36,0,15,54,0,69,32,0,32,101
09/04/2007,ELM,NY,AEA,EN,Combined TRACON& Tower with Radar,0,26,18,0,44,0,0,18,0,18,0,26,36,0,62,28,0,28,90
09/05/2007,ELM,NY,AEA,EN,Combined TRACON& Tower with Radar,0,34,27,0,61,0,1,35,0,36,0,35,62,0,97,32,0,32,129
09/06/2007,ELM,NY,AEA,EN,Combined TRACON& Tower with Radar,0,32,22,0,54,0,0,15,0,15,0,32,37,0,69,0,0,0,69
09/07/2007,ELM,NY,AEA,EN,Combined TRACON& Tower with Radar,0,39,23,0,62,0,2,23,0,25,0,41,46,0,87,60,0,60,147
09/08/2007,ELM,NY,AEA,EN,Combined TRACON& Tower with Radar,0,23,8,0,31,0,0,8,0,8,0,23,16,0,39,12,0,12,51
09/09/2007,ELM,NY,AEA,EN,Combined TRACON& Tower with Radar,0,24,37,0,61,0,0,0,0,0,0,24,37,0,61,0,0,0,61
09/10/2007,ELM,NY,AEA,EN,Combined TRACON& Tower with Radar,0,24,23,0,47,0,0,9,0,9,0,24,32,0,56,16,0,16,72
09/11/2007,ELM,NY,AEA,EN,Combined TRACON& Tower with Radar,0,37,14,0,51,0,0,12,0,12,0,37,26,0,63,46,0,46,109
09/12/2007,ELM,NY,AEA,EN,Combined TRACON& Tower with Radar,0,35,18,0,53,0,0,20,0,20,0,35,38,0,73,38,0,38,111
09/13/2007,ELM,NY,AEA,EN,Combined TRACON& Tower with Radar,0,34,34,2,70,0,0,85,0,85,0,34,119,2,155,74,0,74,229
09/14/2007,ELM,NY,AEA,EN,Combined TRACON& Tower with Radar,0,30,32,0,62,0,0,30,0,30,0,30,62,0,92,84,0,84,176
09/15/2007,ELM,NY,AEA,EN,Combined TRACON& Tower with Radar,0,25,15,0,40,0,4,21,0,25,0,29,36,0,65,38,0,38,103
09/16/2007,ELM,NY,AEA,EN,Combined TRACON& Tower with Radar,0,13,20,0,33,0,0,44,0,44,0,13,64,0,77,52,0,52,129
09/17/2007,ELM,NY,AEA,EN,Combined TRACON& Tower with Radar,0,23,36,0,59,0,1,34,1,36,0,24,70,1,95,62,0,62,157
09/18/2007,ELM,NY,AEA,EN,Combined TRACON& Tower with Radar,0,30,23,0,53,0,2,14,4,20,0,32,37,4,73,30,0,30,103
09/19/2007,ELM,NY,AEA,EN,Combined TRACON& Tower with Radar,0,33,35,3,71,0,0,16,0,16,0,33,51,3,87,40,4,44,131
09/20/2007,ELM,NY,AEA,EN,Combined TRACON& Tower with Radar,0,32,33,0,65,0,0,42,0,42,0,32,75,0,107,32,0,32,139
09/21/2007,ELM,NY,AEA,EN,Combined TRACON& Tower with Radar,0,30,28,0,58,0,4,22,4,30,0,34,50,4,88,60,0,60,148
09/22/2007,ELM,NY,AEA,EN,Combined TRACON& Tower with Radar,0,22,5,0,27,0,0,19,0,19,0,22,24,0,46,38,0,38,84
09/23/2007,ELM,NY,AEA,EN,Combined TRACON& Tower with Radar,0,13,12,0,25,0,2,41,0,43,0,15,53,0,68,28,0,28,96
09/24/2007,ELM,NY,AEA,EN,Combined TRACON& Tower with Radar,0,25,20,0,45,0,0,24,0,24,0,25,44,0,69,14,0,14,83
09/25/2007,ELM,NY,AEA,EN,Combined TRACON& Tower with Radar,0,36,16,0,52,0,0,15,0,15,0,36,31,0,67,18,0,18,85
09/26/2007,ELM,NY,AEA,EN,Combined TRACON& Tower with Radar,0,34,16,0,50,0,0,15,0,15,0,34,31,0,65,40,0,40,105
09/27/2007,ELM,NY,AEA,EN,Combined TRACON& Tower with Radar,0,31,23,0,54,0,0,8,0,8,0,31,31,0,62,36,0,36,98
09/28/2007,ELM,NY,AEA,EN,Combined TRACON& Tower with Radar,0,39,35,0,74,0,0,11,0,11,0,39,46,0,85,48,0,48,133
09/29/2007,ELM,NY,AEA,EN,Combined TRACON& Tower with Radar,0,20,18,3,41,0,2,34,2,38,0,22,52,5,79,32,2,34,113
09/30/2007,ELM,NY,AEA,EN,Combined TRACON& Tower with Radar,0,15,20,0,35,0,0,36,0,36,0,15,56,0,71,52,0,52,123
10/01/2007,ELM,NY,AEA,EN,Combined TRACON& Tower with Radar,0,25,28,0,53,0,0,23,0,23,0,25,51,0,76,10,0,10,86
10/02/2007,ELM,NY,AEA,EN,Combined TRACON& Tower with Radar,0,30,31,0,61,0,0,11,0,11,0,30,42,0,72,8,0,8,80
10/03/2007,ELM,NY,AEA,EN,Combined TRACON& Tower with Radar,0,37,30,0,67,0,0,19,0,19,0,37,49,0,86,60,0,60,146
10/04/2007,ELM,NY,AEA,EN,Combined TRACON& Tower with Radar,0,33,32,0,65,0,3,40,0,43,0,36,72,0,108,112,0,112,220
10/05/2007,ELM,NY,AEA,EN,Combined TRACON& Tower with Radar,0,31,27,0,58,0,1,31,2,34,0,32,58,2,92,52,0,52,144
10/06/2007,ELM,NY,AEA,EN,Combined TRACON& Tower with Radar,0,24,10,0,34,0,0,32,0,32,0,24,42,0,66,4,0,4,70
10/07/2007,ELM,NY,AEA,EN,Combined TRACON& Tower with Radar,0,16,26,0,42,0,0,0,0,0,0,16,26,0,42,0,0,0,42
10/08/2007,ELM,NY,AEA,EN,Combined TRACON& Tower with Radar,0,25,29,0,54,0,1,19,0,20,0,26,48,0,74,44,0,44,118
10/09/2007,ELM,NY,AEA,EN,Combined TRACON& Tower with Radar,0,32,22,0,54,0,1,6,0,7,0,33,28,0,61,6,0,6,67
10/10/2007,ELM,NY,AEA,EN,Combined TRACON& Tower with Radar,0,33,32,2,67,0,0,18,0,18,0,33,50,2,85,54,0,54,139
10/11/2007,ELM,NY,AEA,EN,Combined TRACON& Tower with Radar,0,28,32,0,60,0,0,3,0,3,0,28,35,0,63,14,0,14,77
10/12/2007,ELM,NY,AEA,EN,Combined TRACON& Tower with Radar,0,31,24,0,55,0,0,9,0,9,0,31,33,0,64,50,0,50,114
10/13/2007,ELM,NY,AEA,EN,Combined TRACON& Tower with Radar,0,23,27,0,50,0,0,34,0,34,0,23,61,0,84,34,0,34,118
10/14/2007,ELM,NY,AEA,EN,Combined TRACON& Tower with Radar,0,14,29,0,43,0,0,23,0,23,0,14,52,0,66,36,0,36,102
10/15/2007,ELM,NY,AEA,EN,Combined TRACON& Tower with Radar,0,24,29,0,53,0,0,27,0,27,0,24,56,0,80,58,0,58,138
10/16/2007,ELM,NY,AEA,EN,Combined TRACON& Tower with Radar,0,36,36,0,72,0,0,27,0,27,0,36,63,0,99,48,0,48,147
10/17/2007,ELM,NY,AEA,EN,Combined TRACON& Tower with Radar,0,29,21,0,50,0,1,12,2,15,0,30,33,2,65,24,0,24,89
10/18/2007,ELM,NY,AEA,EN,Combined TRACON& Tower with Radar,0,32,36,0,68,0,0,10,0,10,0,32,46,0,78,20,0,20,98
10/19/2007,ELM,NY,AEA,EN,Combined TRACON& Tower with Radar,0,29,21,0,50,0,0,4,0,4,0,29,25,0,54,16,0,16,70
10/20/2007,ELM,NY,AEA,EN,Combined TRACON& Tower with Radar,0,25,17,0,42,0,0,23,0,23,0,25,40,0,65,42,0,42,107
10/21/2007,ELM,NY,AEA,EN,Combined TRACON& Tower with Radar,0,19,18,0,37,0,0,39,0,39,0,19,57,0,76,34,0,34,110
10/22/2007,ELM,NY,AEA,EN,Combined TRACON& Tower with Radar,0,25,22,0,47,0,0,46,0,46,0,25,68,0,93,88,0,88,181
10/23/2007,ELM,NY,AEA,EN,Combined TRACON& Tower with Radar,0,29,21,0,50,0,0,2,0,2,0,29,23,0,52,22,0,22,74
10/24/2007,ELM,NY,AEA,EN,Combined TRACON& Tower with Radar,0,35,26,0,61,0,0,9,0,9,0,35,35,0,70,14,0,14,84
10/25/2007,ELM,NY,AEA,EN,Combined TRACON& Tower with Radar,0,31,35,0,66,0,0,34,0,34,0,31,69,0,100,16,2,18,118
10/26/2007,ELM,NY,AEA,EN,Combined TRACON& Tower with Radar,0,31,31,0,62,0,0,9,0,9,0,31,40,0,71,54,0,54,125
10/27/2007,ELM,NY,AEA,EN,Combined TRACON& Tower with Radar,0,25,18,0,43,0,0,7,0,7,0,25,25,0,50,12,0,12,62
10/28/2007,ELM,NY,AEA,EN,Combined TRACON& Tower with Radar,0,19,19,0,38,0,0,4,0,4,0,19,23,0,42,6,0,6,48
10/29/2007,ELM,NY,AEA,EN,Combined TRACON& Tower with Radar,0,22,24,0,46,0,0,28,0,28,0,22,52,0,74,36,0,36,110
10/30/2007,ELM,NY,AEA,EN,Combined TRACON& Tower with Radar,0,34,27,0,61,0,0,38,0,38,0,34,65,0,99,60,0,60,159
10/31/2007,ELM,NY,AEA,EN,Combined TRACON& Tower with Radar,0,34,24,0,58,0,0,21,0,21,0,34,45,0,79,16,0,16,95
11/01/2007,ELM,NY,AEA,EN,Combined TRACON& Tower with Radar,0,30,19,0,49,0,0,3,0,3,0,30,22,0,52,12,0,12,64
11/02/2007,ELM,NY,AEA,EN,Combined TRACON& Tower with Radar,0,34,15,0,49,0,2,43,0,45,0,36,58,0,94,72,0,72,166
11/03/2007,ELM,NY,AEA,EN,Combined TRACON& Tower with Radar,0,20,18,0,38,0,0,30,0,30,0,20,48,0,68,36,0,36,104
11/04/2007,ELM,NY,AEA,EN,Combined TRACON& Tower with Radar,0,14,9,0,23,0,0,20,0,20,0,14,29,0,43,56,0,56,99
11/05/2007,ELM,NY,AEA,EN,Combined TRACON& Tower with Radar,0,19,25,0,44,0,0,15,0,15,0,19,40,0,59,22,0,22,81
11/06/2007,ELM,NY,AEA,EN,Combined TRACON& Tower with Radar,0,34,20,0,54,0,0,4,0,4,0,34,24,0,58,0,0,0,58
11/07/2007,ELM,NY,AEA,EN,Combined TRACON& Tower with Radar,0,33,18,4,55,0,2,8,0,10,0,35,26,4,65,0,0,0,65
11/08/2007,ELM,NY,AEA,EN,Combined TRACON& Tower with Radar,0,36,30,0,66,0,0,25,0,25,0,36,55,0,91,28,0,28,119
11/09/2007,ELM,NY,AEA,EN,Combined TRACON& Tower with Radar,0,31,24,0,55,0,1,8,0,9,0,32,32,0,64,12,0,12,76
11/10/2007,ELM,NY,AEA,EN,Combined TRACON& Tower with Radar,0,28,13,0,41,0,0,2,0,2,0,28,15,0,43,10,0,10,53
11/11/2007,ELM,NY,AEA,EN,Combined TRACON& Tower with Radar,0,11,18,0,29,0,0,22,0,22,0,11,40,0,51,62,0,62,113
11/12/2007,ELM,NY,AEA,EN,Combined TRACON& Tower with Radar,0,20,16,0,36,0,0,6,0,6,0,20,22,0,42,2,0,2,44
11/13/2007,ELM,NY,AEA,EN,Combined TRACON& Tower with Radar,0,38,25,0,63,0,0,16,0,16,0,38,41,0,79,70,0,70,149
11/14/2007,ELM,NY,AEA,EN,Combined TRACON& Tower with Radar,0,28,13,0,41,0,0,3,0,3,0,28,16,0,44,6,0,6,50
11/15/2007,ELM,NY,AEA,EN,Combined TRACON& Tower with Radar,0,34,19,0,53,0,0,2,0,2,0,34,21,0,55,16,0,16,71
11/16/2007,ELM,NY,AEA,EN,Combined TRACON& Tower with Radar,0,32,26,0,58,0,0,3,0,3,0,32,29,0,61,14,0,14,75
11/17/2007,ELM,NY,AEA,EN,Combined TRACON& Tower with Radar,0,26,27,0,53,0,0,6,0,6,0,26,33,0,59,6,0,6,65
11/18/2007,ELM,NY,AEA,EN,Combined TRACON& Tower with Radar,0,12,6,0,18,0,0,2,0,2,0,12,8,0,20,18,0,18,38
11/19/2007,ELM,NY,AEA,EN,Combined TRACON& Tower with Radar,0,19,21,0,40,0,0,5,0,5,0,19,26,0,45,6,0,6,51
11/20/2007,ELM,NY,AEA,EN,Combined TRACON& Tower with Radar,0,33,30,0,63,0,0,0,0,0,0,33,30,0,63,10,0,10,73
11/21/2007,ELM,NY,AEA,EN,Combined TRACON& Tower with Radar,0,30,21,0,51,0,0,18,0,18,0,30,39,0,69,72,0,72,141
11/22/2007,ELM,NY,AEA,EN,Combined TRACON& Tower with Radar,0,24,4,0,28,0,0,0,0,0,0,24,4,0,28,0,0,0,28
11/23/2007,ELM,NY,AEA,EN,Combined TRACON& Tower with Radar,0,17,14,0,31,0,0,18,0,18,0,17,32,0,49,14,0,14,63
11/24/2007,ELM,NY,AEA,EN,Combined TRACON& Tower with Radar,0,23,17,0,40,0,0,25,0,25,0,23,42,0,65,50,0,50,115
11/25/2007,ELM,NY,AEA,EN,Combined TRACON& Tower with Radar,0,13,18,0,31,0,0,27,0,27,0,13,45,0,58,62,0,62,120
11/26/2007,ELM,NY,AEA,EN,Combined TRACON& Tower with Radar,0,22,23,0,45,0,0,2,0,2,0,22,25,0,47,0,0,0,47
11/27/2007,ELM,NY,AEA,EN,Combined TRACON& Tower with Radar,0,33,23,0,56,0,0,1,0,1,0,33,24,0,57,10,0,10,67
11/28/2007,ELM,NY,AEA,EN,Combined TRACON& Tower with Radar,0,30,24,0,54,0,0,13,0,13,0,30,37,0,67,52,0,52,119
11/29/2007,ELM,NY,AEA,EN,Combined TRACON& Tower with Radar,0,31,13,1,45,0,0,8,1,9,0,31,21,2,54,18,0,18,72
11/30/2007,ELM,NY,AEA,EN,Combined TRACON& Tower with Radar,0,26,27,0,53,0,0,26,0,26,0,26,53,0,79,62,0,62,141
12/01/2007,ELM,NY,AEA,EN,Combined TRACON& Tower with Radar,0,22,9,2,33,0,0,4,0,4,0,22,13,2,37,10,0,10,47
12/02/2007,ELM,NY,AEA,EN,Combined TRACON& Tower with Radar,0,13,9,0,22,0,0,0,0,0,0,13,9,0,22,8,0,8,30
12/03/2007,ELM,NY,AEA,EN,Combined TRACON& Tower with Radar,0,25,15,0,40,0,0,0,0,0,0,25,15,0,40,0,0,0,40
12/04/2007,ELM,NY,AEA,EN,Combined TRACON& Tower with Radar,0,32,23,0,55,0,0,0,0,0,0,32,23,0,55,0,0,0,55
12/05/2007,ELM,NY,AEA,EN,Combined TRACON& Tower with Radar,0,29,24,0,53,0,0,1,1,2,0,29,25,1,55,0,4,4,59
12/06/2007,ELM,NY,AEA,EN,Combined TRACON& Tower with Radar,0,32,26,2,60,0,0,33,0,33,0,32,59,2,93,46,0,46,139
12/07/2007,ELM,NY,AEA,EN,Combined TRACON& Tower with Radar,0,29,34,0,63,0,0,12,0,12,0,29,46,0,75,52,0,52,127
12/08/2007,ELM,NY,AEA,EN,Combined TRACON& Tower with Radar,0,25,27,0,52,0,0,12,0,12,0,25,39,0,64,52,0,52,116
12/09/2007,ELM,NY,AEA,EN,Combined TRACON& Tower with Radar,0,16,7,0,23,0,0,3,0,3,0,16,10,0,26,6,0,6,32
12/10/2007,ELM,NY,AEA,EN,Combined TRACON& Tower with Radar,0,21,13,0,34,0,0,0,0,0,0,21,13,0,34,0,0,0,34
12/11/2007,ELM,NY,AEA,EN,Combined TRACON& Tower with Radar,0,34,22,0,56,0,0,1,0,1,0,34,23,0,57,6,0,6,63
12/12/2007,ELM,NY,AEA,EN,Combined TRACON& Tower with Radar,0,36,20,0,56,0,0,7,0,7,0,36,27,0,63,40,0,40,103
12/13/2007,ELM,NY,AEA,EN,Combined TRACON& Tower with Radar,0,23,20,0,43,0,0,2,0,2,0,23,22,0,45,0,0,0,45
12/14/2007,ELM,NY,AEA,EN,Combined TRACON& Tower with Radar,0,35,23,0,58,0,0,8,2,10,0,35,31,2,68,10,0,10,78
12/15/2007,ELM,NY,AEA,EN,Combined TRACON& Tower with Radar,0,27,24,0,51,0,0,12,0,12,0,27,36,0,63,10,0,10,73
12/16/2007,ELM,NY,AEA,EN,Combined TRACON& Tower with Radar,0,8,3,0,11,0,0,0,0,0,0,8,3,0,11,0,0,0,11
12/17/2007,ELM,NY,AEA,EN,Combined TRACON& Tower with Radar,0,18,23,0,41,0,0,0,0,0,0,18,23,0,41,10,0,10,51
12/18/2007,ELM,NY,AEA,EN,Combined TRACON& Tower with Radar,0,36,16,0,52,0,0,35,0,35,0,36,51,0,87,66,0,66,153
12/19/2007,ELM,NY,AEA,EN,Combined TRACON& Tower with Radar,0,35,20,0,55,0,0,18,0,18,0,35,38,0,73,80,0,80,153
12/20/2007,ELM,NY,AEA,EN,Combined TRACON& Tower with Radar,0,31,21,0,52,0,0,26,0,26,0,31,47,0,78,48,0,48,126
12/21/2007,ELM,NY,AEA,EN,Combined TRACON& Tower with Radar,0,33,35,0,68,0,0,43,0,43,0,33,78,0,111,44,0,44,155
12/22/2007,ELM,NY,AEA,EN,Combined TRACON& Tower with Radar,0,33,17,0,50,0,0,16,0,16,0,33,33,0,66,78,0,78,144
12/23/2007,ELM,NY,AEA,EN,Combined TRACON& Tower with Radar,0,16,11,0,27,0,0,3,0,3,0,16,14,0,30,0,0,0,30
12/24/2007,ELM,NY,AEA,EN,Combined TRACON& Tower with Radar,0,21,1,0,22,0,0,3,0,3,0,21,4,0,25,0,0,0,25
12/25/2007,ELM,NY,AEA,EN,Combined TRACON& Tower with Radar,0,20,0,0,20,0,0,0,0,0,0,20,0,0,20,0,0,0,20
12/26/2007,ELM,NY,AEA,EN,Combined TRACON& Tower with Radar,0,23,9,0,32,0,0,26,0,26,0,23,35,0,58,48,0,48,106
12/27/2007,ELM,NY,AEA,EN,Combined TRACON& Tower with Radar,0,33,12,0,45,0,0,1,0,1,0,33,13,0,46,2,0,2,48
12/28/2007,ELM,NY,AEA,EN,Combined TRACON& Tower with Radar,0,26,14,0,40,0,0,23,0,23,0,26,37,0,63,52,0,52,115
12/29/2007,ELM,NY,AEA,EN,Combined TRACON& Tower with Radar,0,24,22,0,46,0,1,27,0,28,0,25,49,0,74,46,0,46,120
12/30/2007,ELM,NY,AEA,EN,Combined TRACON& Tower with Radar,0,20,9,0,29,0,0,15,0,15,0,20,24,0,44,28,0,28,72
12/31/2007,ELM,NY,AEA,EN,Combined TRACON& Tower with Radar,0,17,12,0,29,0,1,6,0,7,0,18,18,0,36,4,0,4,40
01/01/2008,ELM,NY,AEA,EN,Combined TRACON& Tower with Radar,0,28,0,0,28,0,1,1,0,2,0,29,1,0,30,0,0,0,30
01/02/2008,ELM,NY,AEA,EN,Combined TRACON& Tower with Radar,0,21,9,0,30,0,0,2,0,2,0,21,11,0,32,0,0,0,32
01/03/2008,ELM,NY,AEA,EN,Combined TRACON& Tower with Radar,0,30,17,0,47,0,0,3,0,3,0,30,20,0,50,16,0,16,66
01/04/2008,ELM,NY,AEA,EN,Combined TRACON& Tower with Radar,0,34,20,0,54,0,0,19,0,19,0,34,39,0,73,80,0,80,153
01/05/2008,ELM,NY,AEA,EN,Combined TRACON& Tower with Radar,0,27,15,0,42,0,0,16,0,16,0,27,31,0,58,40,0,40,98
01/06/2008,ELM,NY,AEA,EN,Combined TRACON& Tower with Radar,0,16,13,0,29,0,0,1,0,1,0,16,14,0,30,16,0,16,46
01/07/2008,ELM,NY,AEA,EN,Combined TRACON& Tower with Radar,0,20,19,0,39,0,0,13,0,13,0,20,32,0,52,56,0,56,108
01/08/2008,ELM,NY,AEA,EN,Combined TRACON& Tower with Radar,0,30,25,0,55,0,0,20,1,21,0,30,45,1,76,62,0,62,138
01/09/2008,ELM,NY,AEA,EN,Combined TRACON& Tower with Radar,0,31,17,0,48,0,2,6,0,8,0,33,23,0,56,0,0,0,56
01/10/2008,ELM,NY,AEA,EN,Combined TRACON& Tower with Radar,0,35,18,0,53,0,0,26,5,31,0,35,44,5,84,34,0,34,118
01/11/2008,ELM,NY,AEA,EN,Combined TRACON& Tower with Radar,0,26,21,0,47,0,0,2,0,2,0,26,23,0,49,18,0,18,67
01/12/2008,ELM,NY,AEA,EN,Combined TRACON& Tower with Radar,0,29,11,0,40,0,0,10,0,10,0,29,21,0,50,18,0,18,68
01/13/2008,ELM,NY,AEA,EN,Combined TRACON& Tower with Radar,0,17,17,0,34,0,0,14,0,14,0,17,31,0,48,14,0,14,62
01/14/2008,ELM,NY,AEA,EN,Combined TRACON& Tower with Radar,0,18,19,0,37,0,0,2,0,2,0,18,21,0,39,2,0,2,41
01/15/2008,ELM,NY,AEA,EN,Combined TRACON& Tower with Radar,0,38,23,0,61,0,0,1,0,1,0,38,24,0,62,2,0,2,64
01/16/2008,ELM,NY,AEA,EN,Combined TRACON& Tower with Radar,0,34,25,0,59,0,0,10,1,11,0,34,35,1,70,0,0,0,70
01/17/2008,ELM,NY,AEA,EN,Combined TRACON& Tower with Radar,0,28,31,0,59,0,0,6,1,7,0,28,37,1,66,6,0,6,72
01/18/2008,ELM,NY,AEA,EN,Combined TRACON& Tower with Radar,0,28,19,0,47,0,0,11,0,11,0,28,30,0,58,2,0,2,60
01/19/2008,ELM,NY,AEA,EN,Combined TRACON& Tower with Radar,0,22,12,0,34,0,0,14,0,14,0,22,26,0,48,12,0,12,60
01/20/2008,ELM,NY,AEA,EN,Combined TRACON& Tower with Radar,0,14,12,0,26,0,0,9,0,9,0,14,21,0,35,16,0,16,51
01/21/2008,ELM,NY,AEA,EN,Combined TRACON& Tower with Radar,0,17,22,0,39,0,0,8,0,8,0,17,30,0,47,32,0,32,79
01/22/2008,ELM,NY,AEA,EN,Combined TRACON& Tower with Radar,0,34,20,0,54,0,0,3,0,3,0,34,23,0,57,12,0,12,69
01/23/2008,ELM,NY,AEA,EN,Combined TRACON& Tower with Radar,0,29,17,0,46,0,0,7,0,7,0,29,24,0,53,6,0,6,59
01/24/2008,ELM,NY,AEA,EN,Combined TRACON& Tower with Radar,0,28,20,0,48,0,0,8,0,8,0,28,28,0,56,38,0,38,94
01/25/2008,ELM,NY,AEA,EN,Combined TRACON& Tower with Radar,0,26,18,0,44,0,0,26,0,26,0,26,44,0,70,46,0,46,116
01/26/2008,ELM,NY,AEA,EN,Combined TRACON& Tower with Radar,0,30,14,0,44,0,1,3,0,4,0,31,17,0,48,12,0,12,60
01/27/2008,ELM,NY,AEA,EN,Combined TRACON& Tower with Radar,0,14,9,0,23,0,1,7,0,8,0,15,16,0,31,12,0,12,43
01/28/2008,ELM,NY,AEA,EN,Combined TRACON& Tower with Radar,0,21,23,0,44,0,0,9,0,9,0,21,32,0,53,52,0,52,105
01/29/2008,ELM,NY,AEA,EN,Combined TRACON& Tower with Radar,0,28,17,0,45,0,0,5,0,5,0,28,22,0,50,10,0,10,60
01/30/2008,ELM,NY,AEA,EN,Combined TRACON& Tower with Radar,0,32,24,0,56,0,0,2,0,2,0,32,26,0,58,8,0,8,66
01/31/2008,ELM,NY,AEA,EN,Combined TRACON& Tower with Radar,0,32,25,0,57,0,0,32,0,32,0,32,57,0,89,14,0,14,103
02/01/2008,ELM,NY,AEA,EN,Combined TRACON& Tower with Radar,0,24,28,0,52,0,0,6,0,6,0,24,34,0,58,2,0,2,60
02/02/2008,ELM,NY,AEA,EN,Combined TRACON& Tower with Radar,0,29,9,0,38,0,0,2,0,2,0,29,11,0,40,0,0,0,40
02/03/2008,ELM,NY,AEA,EN,Combined TRACON& Tower with Radar,0,16,16,0,32,0,0,19,0,19,0,16,35,0,51,24,0,24,75
02/04/2008,ELM,NY,AEA,EN,Combined TRACON& Tower with Radar,0,24,17,0,41,0,0,0,0,0,0,24,17,0,41,2,0,2,43
02/05/2008,ELM,NY,AEA,EN,Combined TRACON& Tower with Radar,5,34,24,0,63,0,0,0,0,0,5,34,24,0,63,20,0,20,83
02/06/2008,ELM,NY,AEA,EN,Combined TRACON& Tower with Radar,0,28,20,0,48,0,0,2,0,2,0,28,22,0,50,0,0,0,50
02/07/2008,ELM,NY,AEA,EN,Combined TRACON& Tower with Radar,0,32,30,0,62,0,0,0,0,0,0,32,30,0,62,8,0,8,70
02/08/2008,ELM,NY,AEA,EN,Combined TRACON& Tower with Radar,0,31,16,0,47,0,0,0,0,0,0,31,16,0,47,0,0,0,47
02/09/2008,ELM,NY,AEA,EN,Combined TRACON& Tower with Radar,0,27,5,0,32,0,0,0,0,0,0,27,5,0,32,12,0,12,44
02/10/2008,ELM,NY,AEA,EN,Combined TRACON& Tower with Radar,0,13,10,0,23,0,0,0,0,0,0,13,10,0,23,0,0,0,23
02/11/2008,ELM,NY,AEA,EN,Combined TRACON& Tower with Radar,0,19,13,0,32,0,0,11,0,11,0,19,24,0,43,24,0,24,67
02/12/2008,ELM,NY,AEA,EN,Combined TRACON& Tower with Radar,0,31,19,0,50,0,0,11,0,11,0,31,30,0,61,0,0,0,61
02/13/2008,ELM,NY,AEA,EN,Combined TRACON& Tower with Radar,0,22,12,0,34,0,0,0,0,0,0,22,12,0,34,0,0,0,34
02/14/2008,ELM,NY,AEA,EN,Combined TRACON& Tower with Radar,0,33,35,0,68,0,0,24,0,24,0,33,59,0,92,90,0,90,182
02/15/2008,ELM,NY,AEA,EN,Combined TRACON& Tower with Radar,0,34,32,0,66,0,0,2,0,2,0,34,34,0,68,10,0,10,78
02/16/2008,ELM,NY,AEA,EN,Combined TRACON& Tower with Radar,0,27,9,0,36,0,0,36,0,36,0,27,45,0,72,52,0,52,124
02/17/2008,ELM,NY,AEA,EN,Combined TRACON& Tower with Radar,0,13,4,0,17,0,0,2,0,2,0,13,6,0,19,0,0,0,19
02/18/2008,ELM,NY,AEA,EN,Combined TRACON& Tower with Radar,0,18,13,0,31,0,0,3,0,3,0,18,16,0,34,24,0,24,58
02/19/2008,ELM,NY,AEA,EN,Combined TRACON& Tower with Radar,0,33,14,0,47,0,0,0,0,0,0,33,14,0,47,4,0,4,51
02/20/2008,ELM,NY,AEA,EN,Combined TRACON& Tower with Radar,0,28,13,0,41,0,0,8,0,8,0,28,21,0,49,28,0,28,77
02/21/2008,ELM,NY,AEA,EN,Combined TRACON& Tower with Radar,0,35,26,0,61,0,0,23,0,23,0,35,49,0,84,48,0,48,132
02/22/2008,ELM,NY,AEA,EN,Combined TRACON& Tower with Radar,0,33,14,0,47,0,2,3,0,5,0,35,17,0,52,0,0,0,52
02/23/2008,ELM,NY,AEA,EN,Combined TRACON& Tower with Radar,0,22,12,2,36,0,1,12,0,13,0,23,24,2,49,26,0,26,75
02/24/2008,ELM,NY,AEA,EN,Combined TRACON& Tower with Radar,0,14,17,0,31,0,0,29,0,29,0,14,46,0,60,28,0,28,88
02/25/2008,ELM,NY,AEA,EN,Combined TRACON& Tower with Radar,0,23,26,0,49,0,0,23,0,23,0,23,49,0,72,42,0,42,114
02/26/2008,ELM,NY,AEA,EN,Combined TRACON& Tower with Radar,0,32,20,0,52,0,0,0,0,0,0,32,20,0,52,0,0,0,52
02/27/2008,ELM,NY,AEA,EN,Combined TRACON& Tower with Radar,0,30,18,0,48,0,0,7,0,7,0,30,25,0,55,26,0,26,81
02/28/2008,ELM,NY,AEA,EN,Combined TRACON& Tower with Radar,0,29,18,11,58,0,0,8,7,15,0,29,26,18,73,40,0,40,113
02/29/2008,ELM,NY,AEA,EN,Combined TRACON& Tower with Radar,0,31,18,0,49,0,0,3,0,3,0,31,21,0,52,8,0,8,60
03/01/2008,ELM,NY,AEA,EN,Combined TRACON& Tower with Radar,0,20,8,0,28,0,0,1,2,3,0,20,9,2,31,0,0,0,31
03/02/2008,ELM,NY,AEA,EN,Combined TRACON& Tower with Radar,0,16,9,0,25,0,0,17,2,19,0,16,26,2,44,52,8,60,104
03/03/2008,ELM,NY,AEA,EN,Combined TRACON& Tower with Radar,0,21,13,0,34,0,0,16,0,16,0,21,29,0,50,36,0,36,86
03/04/2008,ELM,NY,AEA,EN,Combined TRACON& Tower with Radar,0,25,21,0,46,0,0,1,0,1,0,25,22,0,47,0,0,0,47
03/05/2008,ELM,NY,AEA,EN,Combined TRACON& Tower with Radar,0,28,15,0,43,0,0,3,0,3,0,28,18,0,46,12,0,12,58
03/06/2008,ELM,NY,AEA,EN,Combined TRACON& Tower with Radar,0,29,25,0,54,0,1,36,0,37,0,30,61,0,91,18,0,18,109
03/07/2008,ELM,NY,AEA,EN,Combined TRACON& Tower with Radar,0,31,18,0,49,0,0,1,0,1,0,31,19,0,50,22,0,22,72
03/08/2008,ELM,NY,AEA,EN,Combined TRACON& Tower with Radar,0,18,7,0,25,0,0,0,0,0,0,18,7,0,25,0,0,0,25
03/09/2008,ELM,NY,AEA,EN,Combined TRACON& Tower with Radar,0,16,13,0,29,0,0,5,0,5,0,16,18,0,34,8,0,8,42
03/10/2008,ELM,NY,AEA,EN,Combined TRACON& Tower with Radar,0,24,25,0,49,0,0,4,0,4,0,24,29,0,53,28,0,28,81
03/11/2008,ELM,NY,AEA,EN,Combined TRACON& Tower with Radar,0,31,20,1,52,0,0,18,5,23,0,31,38,6,75,30,0,30,105
03/12/2008,ELM,NY,AEA,EN,Combined TRACON& Tower with Radar,0,30,26,0,56,0,0,2,2,4,0,30,28,2,60,10,0,10,70
03/13/2008,ELM,NY,AEA,EN,Combined TRACON& Tower with Radar,0,28,15,0,43,0,0,16,0,16,0,28,31,0,59,6,0,6,65
03/14/2008,ELM,NY,AEA,EN,Combined TRACON& Tower with Radar,0,31,16,5,52,0,0,4,2,6,0,31,20,7,58,14,0,14,72
03/15/2008,ELM,NY,AEA,EN,Combined TRACON& Tower with Radar,0,21,11,1,33,0,0,13,4,17,0,21,24,5,50,4,0,4,54
03/16/2008,ELM,NY,AEA,EN,Combined TRACON& Tower with Radar,0,19,9,1,29,0,0,2,0,2,0,19,11,1,31,12,0,12,43
03/17/2008,ELM,NY,AEA,EN,Combined TRACON& Tower with Radar,0,20,19,11,50,0,0,23,2,25,0,20,42,13,75,80,32,112,187
03/18/2008,ELM,NY,AEA,EN,Combined TRACON& Tower with Radar,2,32,28,0,62,0,0,11,0,11,2,32,39,0,73,0,0,0,73
03/19/2008,ELM,NY,AEA,EN,Combined TRACON& Tower with Radar,0,28,35,2,65,0,0,0,0,0,0,28,35,2,65,42,0,42,107
03/20/2008,ELM,NY,AEA,EN,Combined TRACON& Tower with Radar,0,35,20,0,55,0,0,6,0,6,0,35,26,0,61,6,0,6,67
03/21/2008,ELM,NY,AEA,EN,Combined TRACON& Tower with Radar,0,31,14,0,45,0,0,9,0,9,0,31,23,0,54,28,0,28,82
03/22/2008,ELM,NY,AEA,EN,Combined TRACON& Tower with Radar,0,23,11,0,34,0,0,19,0,19,0,23,30,0,53,20,0,20,73
03/23/2008,ELM,NY,AEA,EN,Combined TRACON& Tower with Radar,0,15,8,0,23,0,0,14,0,14,0,15,22,0,37,0,0,0,37
03/24/2008,ELM,NY,AEA,EN,Combined TRACON& Tower with Radar,0,22,26,0,48,0,0,26,0,26,0,22,52,0,74,46,0,46,120
03/25/2008,ELM,NY,AEA,EN,Combined TRACON& Tower with Radar,0,34,15,0,49,0,0,13,0,13,0,34,28,0,62,0,0,0,62
03/26/2008,ELM,NY,AEA,EN,Combined TRACON& Tower with Radar,0,32,26,0,58,0,1,10,0,11,0,33,36,0,69,16,0,16,85
03/27/2008,ELM,NY,AEA,EN,Combined TRACON& Tower with Radar,0,29,31,0,60,0,3,5,0,8,0,32,36,0,68,22,0,22,90
03/28/2008,ELM,NY,AEA,EN,Combined TRACON& Tower with Radar,0,34,21,0,55,0,0,5,0,5,0,34,26,0,60,44,0,44,104
03/29/2008,ELM,NY,AEA,EN,Combined TRACON& Tower with Radar,0,26,25,0,51,0,0,9,0,9,0,26,34,0,60,56,0,56,116
03/30/2008,ELM,NY,AEA,EN,Combined TRACON& Tower with Radar,0,20,16,1,37,0,0,32,0,32,0,20,48,1,69,60,0,60,129
03/31/2008,ELM,NY,AEA,EN,Combined TRACON& Tower with Radar,0,20,22,9,51,0,0,0,0,0,0,20,22,9,51,0,0,0,51
04/01/2008,ELM,NY,AEA,EN,Combined TRACON& Tower with Radar,0,25,24,0,49,0,0,1,0,1,0,25,25,0,50,12,0,12,62
04/02/2008,ELM,NY,AEA,EN,Combined TRACON& Tower with Radar,0,32,30,0,62,0,0,23,0,23,0,32,53,0,85,64,0,64,149
04/03/2008,ELM,NY,AEA,EN,Combined TRACON& Tower with Radar,0,30,20,1,51,0,0,30,1,31,0,30,50,2,82,64,0,64,146
04/04/2008,ELM,NY,AEA,EN,Combined TRACON& Tower with Radar,0,35,34,0,69,0,0,1,2,3,0,35,35,2,72,64,0,64,136
04/05/2008,ELM,NY,AEA,EN,Combined TRACON& Tower with Radar,0,23,20,0,43,0,0,9,0,9,0,23,29,0,52,28,0,28,80
04/06/2008,ELM,NY,AEA,EN,Combined TRACON& Tower with Radar,0,16,19,0,35,0,1,36,0,37,0,17,55,0,72,46,0,46,118
04/07/2008,ELM,NY,AEA,EN,Combined TRACON& Tower with Radar,0,23,18,1,42,0,0,19,0,19,0,23,37,1,61,28,0,28,89
04/08/2008,ELM,NY,AEA,EN,Combined TRACON& Tower with Radar,0,31,16,0,47,0,1,11,2,14,0,32,27,2,61,24,0,24,85
04/09/2008,ELM,NY,AEA,EN,Combined TRACON& Tower with Radar,0,30,21,2,53,0,0,15,1,16,0,30,36,3,69,22,0,22,91
04/10/2008,ELM,NY,AEA,EN,Combined TRACON& Tower with Radar,0,28,27,0,55,0,4,51,0,55,0,32,78,0,110,72,0,72,182
04/11/2008,ELM,NY,AEA,EN,Combined TRACON& Tower with Radar,0,32,22,0,54,0,0,5,0,5,0,32,27,0,59,14,0,14,73
04/12/2008,ELM,NY,AEA,EN,Combined TRACON& Tower with Radar,0,26,18,0,44,0,0,9,0,9,0,26,27,0,53,0,0,0,53
04/13/2008,ELM,NY,AEA,EN,Combined TRACON& Tower with Radar,0,17,11,0,28,0,0,5,0,5,0,17,16,0,33,8,0,8,41
04/14/2008,ELM,NY,AEA,EN,Combined TRACON& Tower with Radar,0,27,10,0,37,0,0,11,0,11,0,27,21,0,48,8,0,8,56
04/15/2008,ELM,NY,AEA,EN,Combined TRACON& Tower with Radar,0,28,16,0,44,0,0,23,0,23,0,28,39,0,67,36,0,36,103
04/16/2008,ELM,NY,AEA,EN,Combined TRACON& Tower with Radar,0,28,30,0,58,0,1,35,0,36,0,29,65,0,94,48,0,48,142
04/17/2008,ELM,NY,AEA,EN,Combined TRACON& Tower with Radar,0,33,19,0,52,0,0,40,0,40,0,33,59,0,92,54,0,54,146
04/18/2008,ELM,NY,AEA,EN,Combined TRACON& Tower with Radar,0,33,14,2,49,0,2,35,1,38,0,35,49,3,87,30,0,30,117
04/19/2008,ELM,NY,AEA,EN,Combined TRACON& Tower with Radar,0,24,7,1,32,0,0,44,2,46,0,24,51,3,78,70,0,70,148
04/20/2008,ELM,NY,AEA,EN,Combined TRACON& Tower with Radar,0,20,23,0,43,0,0,12,0,12,0,20,35,0,55,12,0,12,67
04/21/2008,ELM,NY,AEA,EN,Combined TRACON& Tower with Radar,0,22,23,0,45,0,0,9,0,9,0,22,32,0,54,12,0,12,66
04/22/2008,ELM,NY,AEA,EN,Combined TRACON& Tower with Radar,0,29,36,0,65,0,1,25,0,26,0,30,61,0,91,12,0,12,103
04/23/2008,ELM,NY,AEA,EN,Combined TRACON& Tower with Radar,0,36,16,0,52,0,0,13,0,13,0,36,29,0,65,6,0,6,71
04/24/2008,ELM,NY,AEA,EN,Combined TRACON& Tower with Radar,0,31,28,0,59,0,0,22,0,22,0,31,50,0,81,12,0,12,93
04/25/2008,ELM,NY,AEA,EN,Combined TRACON& Tower with Radar,0,30,28,0,58,0,0,22,0,22,0,30,50,0,80,40,0,40,120
04/26/2008,ELM,NY,AEA,EN,Combined TRACON& Tower with Radar,0,23,6,0,29,0,0,14,0,14,0,23,20,0,43,46,0,46,89
04/27/2008,ELM,NY,AEA,EN,Combined TRACON& Tower with Radar,0,15,20,0,35,0,0,22,0,22,0,15,42,0,57,12,0,12,69
04/28/2008,ELM,NY,AEA,EN,Combined TRACON& Tower with Radar,0,20,22,0,42,0,0,0,4,4,0,20,22,4,46,0,0,0,46
04/29/2008,ELM,NY,AEA,EN,Combined TRACON& Tower with Radar,0,28,26,2,56,0,0,16,0,16,0,28,42,2,72,24,0,24,96
04/30/2008,ELM,NY,AEA,EN,Combined TRACON& Tower with Radar,0,34,22,0,56,0,0,27,0,27,0,34,49,0,83,30,0,30,113
05/01/2008,ELM,NY,AEA,EN,Combined TRACON& Tower with Radar,0,33,26,0,59,0,1,15,0,16,0,34,41,0,75,26,0,26,101
05/02/2008,ELM,NY,AEA,EN,Combined TRACON& Tower with Radar,0,32,25,0,57,0,0,6,0,6,0,32,31,0,63,58,0,58,121
05/03/2008,ELM,NY,AEA,EN,Combined TRACON& Tower with Radar,0,20,9,0,29,0,1,5,0,6,0,21,14,0,35,20,0,20,55
05/04/2008,ELM,NY,AEA,EN,Combined TRACON& Tower with Radar,0,17,15,0,32,0,0,11,0,11,0,17,26,0,43,84,0,84,127
05/05/2008,ELM,NY,AEA,EN,Combined TRACON& Tower with Radar,0,20,29,0,49,0,2,36,0,38,0,22,65,0,87,22,0,22,109
05/06/2008,ELM,NY,AEA,EN,Combined TRACON& Tower with Radar,0,33,24,0,57,0,0,16,2,18,0,33,40,2,75,14,0,14,89
05/07/2008,ELM,NY,AEA,EN,Combined TRACON& Tower with Radar,0,32,20,0,52,0,0,8,0,8,0,32,28,0,60,24,0,24,84
05/08/2008,ELM,NY,AEA,EN,Combined TRACON& Tower with Radar,0,29,22,0,51,0,0,9,0,9,0,29,31,0,60,40,0,40,100
05/09/2008,ELM,NY,AEA,EN,Combined TRACON& Tower with Radar,0,35,18,0,53,0,0,6,0,6,0,35,24,0,59,12,0,12,71
05/10/2008,ELM,NY,AEA,EN,Combined TRACON& Tower with Radar,0,23,11,0,34,0,0,18,0,18,0,23,29,0,52,40,0,40,92
05/11/2008,ELM,NY,AEA,EN,Combined TRACON& Tower with Radar,0,15,16,0,31,0,1,7,0,8,0,16,23,0,39,0,0,0,39
05/12/2008,ELM,NY,AEA,EN,Combined TRACON& Tower with Radar,0,16,18,0,34,0,0,8,0,8,0,16,26,0,42,4,0,4,46
05/13/2008,ELM,NY,AEA,EN,Combined TRACON& Tower with Radar,0,31,13,0,44,0,2,14,0,16,0,33,27,0,60,18,0,18,78
05/14/2008,ELM,NY,AEA,EN,Combined TRACON& Tower with Radar,0,30,29,0,59,0,0,18,0,18,0,30,47,0,77,22,0,22,99
05/15/2008,ELM,NY,AEA,EN,Combined TRACON& Tower with Radar,0,34,25,0,59,0,0,15,0,15,0,34,40,0,74,56,0,56,130
05/16/2008,ELM,NY,AEA,EN,Combined TRACON& Tower with Radar,0,30,28,0,58,0,0,5,0,5,0,30,33,0,63,0,0,0,63
05/17/2008,ELM,NY,AEA,EN,Combined TRACON& Tower with Radar,0,23,17,0,40,0,0,14,2,16,0,23,31,2,56,18,0,18,74
05/18/2008,ELM,NY,AEA,EN,Combined TRACON& Tower with Radar,0,21,18,0,39,0,0,3,0,3,0,21,21,0,42,8,0,8,50
05/19/2008,ELM,NY,AEA,EN,Combined TRACON& Tower with Radar,0,30,28,0,58,0,0,0,0,0,0,30,28,0,58,0,0,0,58
05/20/2008,ELM,NY,AEA,EN,Combined TRACON& Tower with Radar,0,32,22,0,54,0,0,11,0,11,0,32,33,0,65,28,0,28,93
05/21/2008,ELM,NY,AEA,EN,Combined TRACON& Tower with Radar,0,38,28,1,67,0,0,10,0,10,0,38,38,1,77,10,0,10,87
05/22/2008,ELM,NY,AEA,EN,Combined TRACON& Tower with Radar,0,30,34,0,64,0,0,4,0,4,0,30,38,0,68,18,0,18,86
05/23/2008,ELM,NY,AEA,EN,Combined TRACON& Tower with Radar,0,36,28,0,64,0,0,26,0,26,0,36,54,0,90,44,0,44,134
05/24/2008,ELM,NY,AEA,EN,Combined TRACON& Tower with Radar,0,22,11,0,33,0,0,39,4,43,0,22,50,4,76,78,0,78,154
05/25/2008,ELM,NY,AEA,EN,Combined TRACON& Tower with Radar,0,15,17,0,32,0,0,46,0,46,0,15,63,0,78,36,0,36,114
05/26/2008,ELM,NY,AEA,EN,Combined TRACON& Tower with Radar,0,19,17,0,36,0,0,14,0,14,0,19,31,0,50,20,0,20,70
05/27/2008,ELM,NY,AEA,EN,Combined TRACON& Tower with Radar,0,23,27,0,50,0,0,10,0,10,0,23,37,0,60,24,0,24,84
05/28/2008,ELM,NY,AEA,EN,Combined TRACON& Tower with Radar,0,35,34,5,74,0,0,13,1,14,0,35,47,6,88,10,2,12,100
05/29/2008,ELM,NY,AEA,EN,Combined TRACON& Tower with Radar,0,27,33,4,64,0,3,14,0,17,0,30,47,4,81,16,0,16,97
05/30/2008,ELM,NY,AEA,EN,Combined TRACON& Tower with Radar,0,33,24,0,57,0,1,29,0,30,0,34,53,0,87,42,0,42,129
05/31/2008,ELM,NY,AEA,EN,Combined TRACON& Tower with Radar,0,25,11,0,36,0,0,0,0,0,0,25,11,0,36,0,0,0,36
06/01/2008,ELM,NY,AEA,EN,Combined TRACON& Tower with Radar,0,17,24,0,41,0,0,36,0,36,0,17,60,0,77,14,0,14,91
06/02/2008,ELM,NY,AEA,EN,Combined TRACON& Tower with Radar,0,25,24,0,49,0,0,31,0,31,0,25,55,0,80,30,0,30,110
06/03/2008,ELM,NY,AEA,EN,Combined TRACON& Tower with Radar,0,29,15,8,52,0,0,6,10,16,0,29,21,18,68,26,0,26,94
06/04/2008,ELM,NY,AEA,EN,Combined TRACON& Tower with Radar,0,34,23,4,61,0,0,6,0,6,0,34,29,4,67,10,0,10,77
06/05/2008,ELM,NY,AEA,EN,Combined TRACON& Tower with Radar,0,37,27,0,64,0,0,14,1,15,0,37,41,1,79,14,0,14,93
06/06/2008,ELM,NY,AEA,EN,Combined TRACON& Tower with Radar,0,31,43,4,78,0,0,28,3,31,0,31,71,7,109,32,0,32,141
06/07/2008,ELM,NY,AEA,EN,Combined TRACON& Tower with Radar,0,33,23,0,56,0,0,30,8,38,0,33,53,8,94,62,0,62,156
06/08/2008,ELM,NY,AEA,EN,Combined TRACON& Tower with Radar,0,29,28,0,57,0,0,38,1,39,0,29,66,1,96,50,0,50,146
06/09/2008,ELM,NY,AEA,EN,Combined TRACON& Tower with Radar,0,21,28,9,58,0,0,24,4,28,0,21,52,13,86,30,14,44,130
06/10/2008,ELM,NY,AEA,EN,Combined TRACON& Tower with Radar,0,29,20,5,54,0,0,12,0,12,0,29,32,5,66,54,0,54,120
06/11/2008,ELM,NY,AEA,EN,Combined TRACON& Tower with Radar,0,34,28,0,62,0,0,36,0,36,0,34,64,0,98,70,0,70,168
06/12/2008,ELM,NY,AEA,EN,Combined TRACON& Tower with Radar,0,33,35,0,68,0,3,40,4,47,0,36,75,4,115,76,0,76,191
06/13/2008,ELM,NY,AEA,EN,Combined TRACON& Tower with Radar,0,32,26,1,59,0,0,28,0,28,0,32,54,1,87,46,0,46,133
06/14/2008,ELM,NY,AEA,EN,Combined TRACON& Tower with Radar,0,25,18,0,43,0,0,38,0,38,0,25,56,0,81,16,0,16,97
06/15/2008,ELM,NY,AEA,EN,Combined TRACON& Tower with Radar,0,19,34,0,53,0,0,64,0,64,0,19,98,0,117,64,0,64,181
06/16/2008,ELM,NY,AEA,EN,Combined TRACON& Tower with Radar,0,22,18,0,40,0,2,18,0,20,0,24,36,0,60,54,0,54,114
06/17/2008,ELM,NY,AEA,EN,Combined TRACON& Tower with Radar,0,35,25,0,60,0,0,22,0,22,0,35,47,0,82,74,0,74,156
06/18/2008,ELM,NY,AEA,EN,Combined TRACON& Tower with Radar,0,28,25,0,53,0,0,7,0,7,0,28,32,0,60,10,0,10,70
06/19/2008,ELM,NY,AEA,EN,Combined TRACON& Tower with Radar,0,34,24,2,60,0,1,35,0,36,0,35,59,2,96,74,0,74,170
06/20/2008,ELM,NY,AEA,EN,Combined TRACON& Tower with Radar,0,30,22,0,52,0,0,25,0,25,0,30,47,0,77,42,0,42,119
06/21/2008,ELM,NY,AEA,EN,Combined TRACON& Tower with Radar,0,29,8,0,37,0,1,41,1,43,0,30,49,1,80,30,0,30,110
06/22/2008,ELM,NY,AEA,EN,Combined TRACON& Tower with Radar,0,17,17,0,34,0,0,17,0,17,0,17,34,0,51,28,0,28,79
06/23/2008,ELM,NY,AEA,EN,Combined TRACON& Tower with Radar,0,24,21,0,45,0,0,18,0,18,0,24,39,0,63,80,0,80,143
06/24/2008,ELM,NY,AEA,EN,Combined TRACON& Tower with Radar,0,32,22,0,54,0,0,32,0,32,0,32,54,0,86,62,0,62,148
06/25/2008,ELM,NY,AEA,EN,Combined TRACON& Tower with Radar,0,31,33,0,64,0,0,41,0,41,0,31,74,0,105,62,0,62,167
06/26/2008,ELM,NY,AEA,EN,Combined TRACON& Tower with Radar,0,31,27,0,58,0,0,8,0,8,0,31,35,0,66,18,0,18,84
06/27/2008,ELM,NY,AEA,EN,Combined TRACON& Tower with Radar,0,30,22,0,52,0,0,13,0,13,0,30,35,0,65,8,0,8,73
06/28/2008,ELM,NY,AEA,EN,Combined TRACON& Tower with Radar,0,28,11,0,39,0,0,30,0,30,0,28,41,0,69,100,0,100,169
06/29/2008,ELM,NY,AEA,EN,Combined TRACON& Tower with Radar,0,13,11,0,24,0,0,16,0,16,0,13,27,0,40,28,0,28,68
06/30/2008,ELM,NY,AEA,EN,Combined TRACON& Tower with Radar,0,0,20,0,20,0,0,0,0,0,0,0,20,0,20,32,0,32,52
07/01/2008,ELM,NY,AEA,EN,Combined TRACON& Tower with Radar,0,30,18,2,50,0,2,53,0,55,0,32,71,2,105,62,0,62,167
07/02/2008,ELM,NY,AEA,EN,Combined TRACON& Tower with Radar,0,30,23,0,53,0,0,48,2,50,0,30,71,2,103,34,4,38,141
07/03/2008,ELM,NY,AEA,EN,Combined TRACON& Tower with Radar,1,27,34,0,62,0,0,10,0,10,1,27,44,0,72,10,0,10,82
07/04/2008,ELM,NY,AEA,EN,Combined TRACON& Tower with Radar,0,26,17,0,43,0,0,34,0,34,0,26,51,0,77,38,0,38,115
07/05/2008,ELM,NY,AEA,EN,Combined TRACON& Tower with Radar,0,23,21,0,44,0,0,58,2,60,0,23,79,2,104,114,8,122,226
07/06/2008,ELM,NY,AEA,EN,Combined TRACON& Tower with Radar,1,18,34,0,53,0,0,59,2,61,1,18,93,2,114,84,0,84,198
07/07/2008,ELM,NY,AEA,EN,Combined TRACON& Tower with Radar,2,29,41,0,72,0,0,29,0,29,2,29,70,0,101,70,0,70,171
07/08/2008,ELM,NY,AEA,EN,Combined TRACON& Tower with Radar,0,35,21,0,56,0,0,31,0,31,0,35,52,0,87,74,0,74,161
07/09/2008,ELM,NY,AEA,EN,Combined TRACON& Tower with Radar,0,32,22,0,54,0,0,7,0,7,0,32,29,0,61,2,0,2,63
07/10/2008,ELM,NY,AEA,EN,Combined TRACON& Tower with Radar,0,34,19,0,53,0,0,49,0,49,0,34,68,0,102,62,0,62,164
07/11/2008,ELM,NY,AEA,EN,Combined TRACON& Tower with Radar,0,33,21,0,54,0,0,26,0,26,0,33,47,0,80,54,0,54,134
07/12/2008,ELM,NY,AEA,EN,Combined TRACON& Tower with Radar,0,27,14,0,41,0,0,22,0,22,0,27,36,0,63,80,0,80,143
07/13/2008,ELM,NY,AEA,EN,Combined TRACON& Tower with Radar,0,15,7,0,22,0,0,11,0,11,0,15,18,0,33,12,0,12,45
07/14/2008,ELM,NY,AEA,EN,Combined TRACON& Tower with Radar,0,25,26,0,51,0,0,26,0,26,0,25,52,0,77,44,0,44,121
07/15/2008,ELM,NY,AEA,EN,Combined TRACON& Tower with Radar,0,31,26,0,57,0,7,79,0,86,0,38,105,0,143,124,0,124,267
07/16/2008,ELM,NY,AEA,EN,Combined TRACON& Tower with Radar,0,32,18,0,50,0,0,85,1,86,0,32,103,1,136,78,0,78,214
07/17/2008,ELM,NY,AEA,EN,Combined TRACON& Tower with Radar,0,31,21,2,54,0,0,28,0,28,0,31,49,2,82,52,0,52,134
07/18/2008,ELM,NY,AEA,EN,Combined TRACON& Tower with Radar,0,37,25,0,62,0,0,40,0,40,0,37,65,0,102,130,0,130,232
07/19/2008,ELM,NY,AEA,EN,Combined TRACON& Tower with Radar,0,22,16,0,38,0,0,37,0,37,0,22,53,0,75,102,0,102,177
07/20/2008,ELM,NY,AEA,EN,Combined TRACON& Tower with Radar,0,18,16,0,34,0,0,21,0,21,0,18,37,0,55,38,0,38,93
07/21/2008,ELM,NY,AEA,EN,Combined TRACON& Tower with Radar,0,24,26,0,50,0,0,26,0,26,0,24,52,0,76,50,0,50,126
07/22/2008,ELM,NY,AEA,EN,Combined TRACON& Tower with Radar,0,30,27,0,57,0,0,33,0,33,0,30,60,0,90,44,0,44,134
07/23/2008,ELM,NY,AEA,EN,Combined TRACON& Tower with Radar,0,31,20,0,51,0,0,12,0,12,0,31,32,0,63,28,0,28,91
07/24/2008,ELM,NY,AEA,EN,Combined TRACON& Tower with Radar,0,31,27,0,58,0,0,25,0,25,0,31,52,0,83,52,0,52,135
07/25/2008,ELM,NY,AEA,EN,Combined TRACON& Tower with Radar,0,30,30,0,60,0,0,63,1,64,0,30,93,1,124,108,0,108,232
07/26/2008,ELM,NY,AEA,EN,Combined TRACON& Tower with Radar,0,24,10,0,34,0,0,17,0,17,0,24,27,0,51,36,0,36,87
07/27/2008,ELM,NY,AEA,EN,Combined TRACON& Tower with Radar,0,16,12,0,28,0,0,14,0,14,0,16,26,0,42,4,0,4,46
07/28/2008,ELM,NY,AEA,EN,Combined TRACON& Tower with Radar,0,20,18,0,38,0,0,10,0,10,0,20,28,0,48,10,0,10,58
07/29/2008,ELM,NY,AEA,EN,Combined TRACON& Tower with Radar,0,34,18,0,52,0,0,47,0,47,0,34,65,0,99,98,0,98,197
07/30/2008,ELM,NY,AEA,EN,Combined TRACON& Tower with Radar,2,30,23,0,55,0,0,17,0,17,2,30,40,0,72,66,0,66,138
07/31/2008,ELM,NY,AEA,EN,Combined TRACON& Tower with Radar,0,27,20,0,47,0,1,29,0,30,0,28,49,0,77,82,2,84,161
08/01/2008,ELM,NY,AEA,EN,Combined TRACON& Tower with Radar,0,30,27,1,58,0,0,30,3,33,0,30,57,4,91,158,0,158,249
08/02/2008,ELM,NY,AEA,EN,Combined TRACON& Tower with Radar,0,30,12,0,42,0,1,16,0,17,0,31,28,0,59,28,0,28,87
08/03/2008,ELM,NY,AEA,EN,Combined TRACON& Tower with Radar,0,17,13,0,30,0,0,28,0,28,0,17,41,0,58,78,0,78,136
08/04/2008,ELM,NY,AEA,EN,Combined TRACON& Tower with Radar,0,28,19,0,47,0,0,56,0,56,0,28,75,0,103,94,0,94,197
08/05/2008,ELM,NY,AEA,EN,Combined TRACON& Tower with Radar,0,32,13,0,45,0,0,26,0,26,0,32,39,0,71,90,0,90,161
08/06/2008,ELM,NY,AEA,EN,Combined TRACON& Tower with Radar,0,32,17,0,49,0,0,22,0,22,0,32,39,0,71,26,2,28,99
08/07/2008,ELM,NY,AEA,EN,Combined TRACON& Tower with Radar,1,38,68,0,107,0,1,24,3,28,1,39,92,3,135,44,0,44,179
08/08/2008,ELM,NY,AEA,EN,Combined TRACON& Tower with Radar,0,33,31,1,65,0,0,7,2,9,0,33,38,3,74,70,0,70,144
08/09/2008,ELM,NY,AEA,EN,Combined TRACON& Tower with Radar,0,27,48,0,75,0,2,54,0,56,0,29,102,0,131,98,0,98,229
08/10/2008,ELM,NY,AEA,EN,Combined TRACON& Tower with Radar,1,17,81,0,99,0,0,48,1,49,1,17,129,1,148,42,0,42,190
08/11/2008,ELM,NY,AEA,EN,Combined TRACON& Tower with Radar,0,24,31,0,55,0,0,23,0,23,0,24,54,0,78,94,0,94,172
08/12/2008,ELM,NY,AEA,EN,Combined TRACON& Tower with Radar,0,36,23,0,59,0,2,36,0,38,0,38,59,0,97,50,4,54,151
08/13/2008,ELM,NY,AEA,EN,Combined TRACON& Tower with Radar,0,32,13,0,45,0,0,36,0,36,0,32,49,0,81,52,0,52,133
08/14/2008,ELM,NY,AEA,EN,Combined TRACON& Tower with Radar,0,26,49,0,75,0,1,40,0,41,0,27,89,0,116,148,0,148,264
08/15/2008,ELM,NY,AEA,EN,Combined TRACON& Tower with Radar,0,30,12,4,46,0,0,35,0,35,0,30,47,4,81,100,0,100,181
08/16/2008,ELM,NY,AEA,EN,Combined TRACON& Tower with Radar,0,25,8,0,33,0,0,39,0,39,0,25,47,0,72,112,0,112,184
08/17/2008,ELM,NY,AEA,EN,Combined TRACON& Tower with Radar,0,16,5,0,21,0,0,38,0,38,0,16,43,0,59,60,0,60,119
08/18/2008,ELM,NY,AEA,EN,Combined TRACON& Tower with Radar,0,29,16,0,45,0,0,41,0,41,0,29,57,0,86,72,0,72,158
08/19/2008,ELM,NY,AEA,EN,Combined TRACON& Tower with Radar,0,30,20,6,56,0,1,21,2,24,0,31,41,8,80,90,0,90,170
08/20/2008,ELM,NY,AEA,EN,Combined TRACON& Tower with Radar,0,24,14,7,45,0,2,31,8,41,0,26,45,15,86,54,12,66,152
08/21/2008,ELM,NY,AEA,EN,Combined TRACON& Tower with Radar,0,33,30,1,64,0,3,42,0,45,0,36,72,1,109,58,0,58,167
08/22/2008,ELM,NY,AEA,EN,Combined TRACON& Tower with Radar,0,36,25,0,61,0,0,67,0,67,0,36,92,0,128,104,0,104,232
08/23/2008,ELM,NY,AEA,EN,Combined TRACON& Tower with Radar,0,24,15,0,39,0,0,41,0,41,0,24,56,0,80,110,0,110,190
08/24/2008,ELM,NY,AEA,EN,Combined TRACON& Tower with Radar,0,15,20,0,35,0,0,32,0,32,0,15,52,0,67,28,0,28,95
08/25/2008,ELM,NY,AEA,EN,Combined TRACON& Tower with Radar,0,23,17,0,40,0,0,49,1,50,0,23,66,1,90,116,0,116,206
08/26/2008,ELM,NY,AEA,EN,Combined TRACON& Tower with Radar,0,30,28,0,58,0,4,49,0,53,0,34,77,0,111,116,0,116,227
08/27/2008,ELM,NY,AEA,EN,Combined TRACON& Tower with Radar,0,31,19,0,50,0,2,55,0,57,0,33,74,0,107,86,6,92,199
08/28/2008,ELM,NY,AEA,EN,Combined TRACON& Tower with Radar,0,27,15,0,42,0,0,13,0,13,0,27,28,0,55,102,0,102,157
08/29/2008,ELM,NY,AEA,EN,Combined TRACON& Tower with Radar,0,27,19,0,46,0,0,9,0,9,0,27,28,0,55,30,0,30,85
08/30/2008,ELM,NY,AEA,EN,Combined TRACON& Tower with Radar,0,29,11,0,40,0,0,23,1,24,0,29,34,1,64,78,0,78,142
08/31/2008,ELM,NY,AEA,EN,Combined TRACON& Tower with Radar,0,11,16,0,27,0,0,47,0,47,0,11,63,0,74,80,0,80,154
09/01/2008,ELM,NY,AEA,EN,Combined TRACON& Tower with Radar,0,16,15,0,31,0,0,39,0,39,0,16,54,0,70,72,0,72,142
09/02/2008,ELM,NY,AEA,EN,Combined TRACON& Tower with Radar,0,24,23,0,47,0,0,28,0,28,0,24,51,0,75,76,0,76,151
09/03/2008,ELM,NY,AEA,EN,Combined TRACON& Tower with Radar,0,30,27,0,57,0,2,25,0,27,0,32,52,0,84,32,0,32,116
09/04/2008,ELM,NY,AEA,EN,Combined TRACON& Tower with Radar,0,36,23,0,59,0,0,25,0,25,0,36,48,0,84,78,0,78,162
09/05/2008,ELM,NY,AEA,EN,Combined TRACON& Tower with Radar,0,32,17,5,54,0,0,29,0,29,0,32,46,5,83,18,0,18,101
09/06/2008,ELM,NY,AEA,EN,Combined TRACON& Tower with Radar,0,18,17,0,35,0,0,4,0,4,0,18,21,0,39,12,0,12,51
09/07/2008,ELM,NY,AEA,EN,Combined TRACON& Tower with Radar,0,16,17,0,33,0,2,18,0,20,0,18,35,0,53,20,0,20,73
09/08/2008,ELM,NY,AEA,EN,Combined TRACON& Tower with Radar,0,23,18,1,42,0,0,17,1,18,0,23,35,2,60,36,0,36,96
09/09/2008,ELM,NY,AEA,EN,Combined TRACON& Tower with Radar,0,25,27,0,52,0,1,15,4,20,0,26,42,4,72,12,0,12,84
09/10/2008,ELM,NY,AEA,EN,Combined TRACON& Tower with Radar,0,28,23,0,51,0,0,37,0,37,0,28,60,0,88,56,0,56,144
09/11/2008,ELM,NY,AEA,EN,Combined TRACON& Tower with Radar,0,37,24,0,61,0,0,47,0,47,0,37,71,0,108,66,0,66,174
09/12/2008,ELM,NY,AEA,EN,Combined TRACON& Tower with Radar,0,31,19,0,50,0,0,4,0,4,0,31,23,0,54,14,0,14,68
09/13/2008,ELM,NY,AEA,EN,Combined TRACON& Tower with Radar,0,21,12,0,33,0,2,4,0,6,0,23,16,0,39,22,0,22,61
09/14/2008,ELM,NY,AEA,EN,Combined TRACON& Tower with Radar,0,16,14,0,30,0,0,33,0,33,0,16,47,0,63,12,0,12,75
09/15/2008,ELM,NY,AEA,EN,Combined TRACON& Tower with Radar,0,23,16,0,39,0,0,8,2,10,0,23,24,2,49,36,0,36,85
09/16/2008,ELM,NY,AEA,EN,Combined TRACON& Tower with Radar,0,32,18,1,51,0,0,18,1,19,0,32,36,2,70,34,0,34,104
09/17/2008,ELM,NY,AEA,EN,Combined TRACON& Tower with Radar,0,30,19,0,49,0,0,32,0,32,0,30,51,0,81,88,0,88,169
09/18/2008,ELM,NY,AEA,EN,Combined TRACON& Tower with Radar,0,28,29,0,57,0,0,39,2,41,0,28,68,2,98,64,0,64,162
09/19/2008,ELM,NY,AEA,EN,Combined TRACON& Tower with Radar,0,29,20,0,49,0,5,28,0,33,0,34,48,0,82,28,0,28,110
09/20/2008,ELM,NY,AEA,EN,Combined TRACON& Tower with Radar,0,21,17,0,38,0,1,54,0,55,0,22,71,0,93,112,0,112,205
09/21/2008,ELM,NY,AEA,EN,Combined TRACON& Tower with Radar,0,14,18,0,32,0,0,23,0,23,0,14,41,0,55,76,0,76,131
09/22/2008,ELM,NY,AEA,EN,Combined TRACON& Tower with Radar,0,28,20,0,48,0,0,33,0,33,0,28,53,0,81,108,0,108,189
09/23/2008,ELM,NY,AEA,EN,Combined TRACON& Tower with Radar,0,32,21,0,53,0,0,38,0,38,0,32,59,0,91,14,0,14,105
09/24/2008,ELM,NY,AEA,EN,Combined TRACON& Tower with Radar,0,33,13,0,46,0,0,30,1,31,0,33,43,1,77,30,0,30,107
09/25/2008,ELM,NY,AEA,EN,Combined TRACON& Tower with Radar,0,32,19,0,51,0,0,43,0,43,0,32,62,0,94,80,0,80,174
09/26/2008,ELM,NY,AEA,EN,Combined TRACON& Tower with Radar,2,32,13,0,47,0,0,0,0,0,2,32,13,0,47,10,0,10,57
09/27/2008,ELM,NY,AEA,EN,Combined TRACON& Tower with Radar,0,26,13,0,39,0,0,0,0,0,0,26,13,0,39,0,0,0,39
09/28/2008,ELM,NY,AEA,EN,Combined TRACON& Tower with Radar,0,17,6,0,23,0,0,1,0,1,0,17,7,0,24,0,0,0,24
09/29/2008,ELM,NY,AEA,EN,Combined TRACON& Tower with Radar,0,22,20,0,42,0,0,16,0,16,0,22,36,0,58,82,0,82,140
09/30/2008,ELM,NY,AEA,EN,Combined TRACON& Tower with Radar,0,37,26,1,64,0,0,19,3,22,0,37,45,4,86,22,14,36,122
10/01/2008,ELM,NY,AEA,EN,Combined TRACON& Tower with Radar,0,43,23,0,66,0,2,25,0,27,0,45,48,0,93,36,0,36,129
10/02/2008,ELM,NY,AEA,EN,Combined TRACON& Tower with Radar,0,31,31,0,62,0,0,20,0,20,0,31,51,0,82,22,0,22,104
10/03/2008,ELM,NY,AEA,EN,Combined TRACON& Tower with Radar,0,27,25,0,52,0,1,20,0,21,0,28,45,0,73,28,0,28,101
10/04/2008,ELM,NY,AEA,EN,Combined TRACON& Tower with Radar,0,22,13,0,35,0,0,50,0,50,0,22,63,0,85,40,0,40,125
10/05/2008,ELM,NY,AEA,EN,Combined TRACON& Tower with Radar,0,22,22,0,44,0,0,32,0,32,0,22,54,0,76,4,0,4,80
10/06/2008,ELM,NY,AEA,EN,Combined TRACON& Tower with Radar,0,23,21,0,44,0,2,12,0,14,0,25,33,0,58,18,0,18,76
10/07/2008,ELM,NY,AEA,EN,Combined TRACON& Tower with Radar,0,34,33,0,67,0,4,42,3,49,0,38,75,3,116,22,0,22,138
10/08/2008,ELM,NY,AEA,EN,Combined TRACON& Tower with Radar,0,33,16,0,49,0,0,24,0,24,0,33,40,0,73,32,0,32,105
10/09/2008,ELM,NY,AEA,EN,Combined TRACON& Tower with Radar,0,33,20,1,54,0,2,23,0,25,0,35,43,1,79,50,0,50,129
10/10/2008,ELM,NY,AEA,EN,Combined TRACON& Tower with Radar,0,29,27,0,56,0,1,63,1,65,0,30,90,1,121,156,0,156,277
10/11/2008,ELM,NY,AEA,EN,Combined TRACON& Tower with Radar,0,24,1,0,25,0,1,42,0,43,0,25,43,0,68,92,0,92,160
10/12/2008,ELM,NY,AEA,EN,Combined TRACON& Tower with Radar,0,19,19,0,38,0,1,77,0,78,0,20,96,0,116,102,0,102,218
10/13/2008,ELM,NY,AEA,EN,Combined TRACON& Tower with Radar,0,22,27,0,49,0,2,25,0,27,0,24,52,0,76,12,0,12,88
10/14/2008,ELM,NY,AEA,EN,Combined TRACON& Tower with Radar,0,35,22,0,57,0,6,25,0,31,0,41,47,0,88,64,0,64,152
10/15/2008,ELM,NY,AEA,EN,Combined TRACON& Tower with Radar,0,31,24,0,55,0,1,18,0,19,0,32,42,0,74,10,0,10,84
10/16/2008,ELM,NY,AEA,EN,Combined TRACON& Tower with Radar,0,32,27,0,59,0,0,10,1,11,0,32,37,1,70,6,0,6,76
10/17/2008,ELM,NY,AEA,EN,Combined TRACON& Tower with Radar,0,34,27,0,61,0,0,35,0,35,0,34,62,0,96,98,0,98,194
10/18/2008,ELM,NY,AEA,EN,Combined TRACON& Tower with Radar,0,23,13,0,36,0,1,24,0,25,0,24,37,0,61,32,0,32,93
10/19/2008,ELM,NY,AEA,EN,Combined TRACON& Tower with Radar,0,19,14,0,33,0,0,33,0,33,0,19,47,0,66,66,0,66,132
10/20/2008,ELM,NY,AEA,EN,Combined TRACON& Tower with Radar,0,29,25,0,54,0,0,22,0,22,0,29,47,0,76,66,0,66,142
10/21/2008,ELM,NY,AEA,EN,Combined TRACON& Tower with Radar,0,28,28,0,56,0,0,1,0,1,0,28,29,0,57,6,0,6,63
10/22/2008,ELM,NY,AEA,EN,Combined TRACON& Tower with Radar,0,31,22,0,53,0,0,4,0,4,0,31,26,0,57,18,0,18,75
10/23/2008,ELM,NY,AEA,EN,Combined TRACON& Tower with Radar,0,28,22,0,50,0,3,23,2,28,0,31,45,2,78,26,0,26,104
10/24/2008,ELM,NY,AEA,EN,Combined TRACON& Tower with Radar,0,31,22,0,53,0,0,32,0,32,0,31,54,0,85,48,0,48,133
10/25/2008,ELM,NY,AEA,EN,Combined TRACON& Tower with Radar,0,17,4,0,21,0,0,0,0,0,0,17,4,0,21,0,0,0,21
10/26/2008,ELM,NY,AEA,EN,Combined TRACON& Tower with Radar,0,18,11,0,29,0,0,18,8,26,0,18,29,8,55,54,0,54,109
10/27/2008,ELM,NY,AEA,EN,Combined TRACON& Tower with Radar,0,25,11,0,36,0,0,19,0,19,0,25,30,0,55,46,0,46,101
10/28/2008,ELM,NY,AEA,EN,Combined TRACON& Tower with Radar,0,28,19,0,47,0,0,0,0,0,0,28,19,0,47,0,0,0,47
10/29/2008,ELM,NY,AEA,EN,Combined TRACON& Tower with Radar,0,31,17,0,48,0,0,2,4,6,0,31,19,4,54,26,0,26,80
10/30/2008,ELM,NY,AEA,EN,Combined TRACON& Tower with Radar,0,31,27,0,58,0,2,33,4,39,0,33,60,4,97,36,0,36,133
10/31/2008,ELM,NY,AEA,EN,Combined TRACON& Tower with Radar,0,30,19,0,49,0,2,39,0,41,0,32,58,0,90,84,0,84,174
11/01/2008,ELM,NY,AEA,EN,Combined TRACON& Tower with Radar,0,18,3,0,21,0,0,11,0,11,0,18,14,0,32,2,0,2,34
11/02/2008,ELM,NY,AEA,EN,Combined TRACON& Tower with Radar,0,21,13,0,34,0,0,24,0,24,0,21,37,0,58,26,0,26,84
11/03/2008,ELM,NY,AEA,EN,Combined TRACON& Tower with Radar,0,28,10,0,38,0,0,19,0,19,0,28,29,0,57,16,0,16,73
11/04/2008,ELM,NY,AEA,EN,Combined TRACON& Tower with Radar,0,34,14,2,50,0,0,26,0,26,0,34,40,2,76,20,2,22,98
11/05/2008,ELM,NY,AEA,EN,Combined TRACON& Tower with Radar,0,37,16,0,53,0,0,20,1,21,0,37,36,1,74,62,0,62,136
11/06/2008,ELM,NY,AEA,EN,Combined TRACON& Tower with Radar,0,31,36,2,69,0,0,41,0,41,0,31,77,2,110,84,0,84,194
11/07/2008,ELM,NY,AEA,EN,Combined TRACON& Tower with Radar,0,36,17,0,53,0,0,13,1,14,0,36,30,1,67,62,0,62,129
11/08/2008,ELM,NY,AEA,EN,Combined TRACON& Tower with Radar,0,19,4,0,23,0,0,2,0,2,0,19,6,0,25,8,0,8,33
11/09/2008,ELM,NY,AEA,EN,Combined TRACON& Tower with Radar,0,21,10,0,31,0,0,3,0,3,0,21,13,0,34,8,0,8,42
11/10/2008,ELM,NY,AEA,EN,Combined TRACON& Tower with Radar,0,30,14,0,44,0,0,4,1,5,0,30,18,1,49,8,0,8,57
11/11/2008,ELM,NY,AEA,EN,Combined TRACON& Tower with Radar,0,34,11,0,45,0,0,13,0,13,0,34,24,0,58,24,0,24,82
11/12/2008,ELM,NY,AEA,EN,Combined TRACON& Tower with Radar,0,28,18,0,46,0,3,35,0,38,0,31,53,0,84,64,2,66,150
11/13/2008,ELM,NY,AEA,EN,Combined TRACON& Tower with Radar,0,25,17,2,44,0,0,0,0,0,0,25,17,2,44,16,0,16,60
11/14/2008,ELM,NY,AEA,EN,Combined TRACON& Tower with Radar,0,34,24,0,58,0,1,26,1,28,0,35,50,1,86,58,0,58,144
11/15/2008,ELM,NY,AEA,EN,Combined TRACON& Tower with Radar,0,21,5,0,26,0,0,0,0,0,0,21,5,0,26,0,0,0,26
11/16/2008,ELM,NY,AEA,EN,Combined TRACON& Tower with Radar,0,22,14,0,36,0,0,1,0,1,0,22,15,0,37,0,0,0,37
11/17/2008,ELM,NY,AEA,EN,Combined TRACON& Tower with Radar,0,26,15,0,41,0,0,5,0,5,0,26,20,0,46,22,0,22,68
11/18/2008,ELM,NY,AEA,EN,Combined TRACON& Tower with Radar,0,33,24,0,57,0,0,0,0,0,0,33,24,0,57,0,0,0,57
11/19/2008,ELM,NY,AEA,EN,Combined TRACON& Tower with Radar,0,34,26,0,60,0,0,34,0,34,0,34,60,0,94,56,0,56,150
11/20/2008,ELM,NY,AEA,EN,Combined TRACON& Tower with Radar,2,30,28,0,60,0,0,3,0,3,2,30,31,0,63,2,0,2,65
11/21/2008,ELM,NY,AEA,EN,Combined TRACON& Tower with Radar,2,29,22,0,53,0,0,7,0,7,2,29,29,0,60,44,0,44,104
11/22/2008,ELM,NY,AEA,EN,Combined TRACON& Tower with Radar,0,20,9,0,29,0,0,15,0,15,0,20,24,0,44,16,0,16,60
11/23/2008,ELM,NY,AEA,EN,Combined TRACON& Tower with Radar,2,19,10,0,31,0,0,15,0,15,2,19,25,0,46,18,0,18,64
11/24/2008,ELM,NY,AEA,EN,Combined TRACON& Tower with Radar,0,26,10,0,36,0,1,12,0,13,0,27,22,0,49,22,2,24,73
11/25/2008,ELM,NY,AEA,EN,Combined TRACON& Tower with Radar,0,37,13,0,50,0,0,6,0,6,0,37,19,0,56,4,0,4,60
11/26/2008,ELM,NY,AEA,EN,Combined TRACON& Tower with Radar,0,32,11,0,43,0,0,2,0,2,0,32,13,0,45,16,0,16,61
11/27/2008,ELM,NY,AEA,EN,Combined TRACON& Tower with Radar,2,8,0,0,10,0,0,5,0,5,2,8,5,0,15,0,0,0,15
11/28/2008,ELM,NY,AEA,EN,Combined TRACON& Tower with Radar,1,24,2,0,27,0,0,7,0,7,1,24,9,0,34,32,0,32,66
11/29/2008,ELM,NY,AEA,EN,Combined TRACON& Tower with Radar,0,21,13,0,34,0,0,6,0,6,0,21,19,0,40,16,0,16,56
11/30/2008,ELM,NY,AEA,EN,Combined TRACON& Tower with Radar,2,19,9,0,30,0,0,2,0,2,2,19,11,0,32,0,0,0,32
12/01/2008,ELM,NY,AEA,EN,Combined TRACON& Tower with Radar,0,32,19,0,51,0,0,4,1,5,0,32,23,1,56,44,0,44,100
12/02/2008,ELM,NY,AEA,EN,Combined TRACON& Tower with Radar,0,35,17,0,52,0,0,18,0,18,0,35,35,0,70,10,0,10,80
12/03/2008,ELM,NY,AEA,EN,Combined TRACON& Tower with Radar,0,30,23,0,53,0,2,35,3,40,0,32,58,3,93,64,48,112,205
12/04/2008,ELM,NY,AEA,EN,Combined TRACON& Tower with Radar,2,35,26,0,63,0,0,1,0,1,2,35,27,0,64,16,0,16,80
12/05/2008,ELM,NY,AEA,EN,Combined TRACON& Tower with Radar,0,26,20,0,46,0,0,28,0,28,0,26,48,0,74,98,0,98,172
12/06/2008,ELM,NY,AEA,EN,Combined TRACON& Tower with Radar,0,19,10,0,29,0,0,17,1,18,0,19,27,1,47,34,0,34,81
12/07/2008,ELM,NY,AEA,EN,Combined TRACON& Tower with Radar,2,28,8,0,38,0,0,1,0,1,2,28,9,0,39,0,0,0,39
12/08/2008,ELM,NY,AEA,EN,Combined TRACON& Tower with Radar,0,28,19,0,47,0,0,29,0,29,0,28,48,0,76,34,0,34,110
12/09/2008,ELM,NY,AEA,EN,Combined TRACON& Tower with Radar,0,36,16,2,54,0,0,11,0,11,0,36,27,2,65,34,0,34,99
12/10/2008,ELM,NY,AEA,EN,Combined TRACON& Tower with Radar,0,33,21,0,54,0,0,0,0,0,0,33,21,0,54,4,0,4,58
12/11/2008,ELM,NY,AEA,EN,Combined TRACON& Tower with Radar,2,33,16,0,51,0,0,6,6,12,2,33,22,6,63,14,8,22,85
12/12/2008,ELM,NY,AEA,EN,Combined TRACON& Tower with Radar,0,32,11,0,43,0,0,0,0,0,0,32,11,0,43,16,0,16,59
12/13/2008,ELM,NY,AEA,EN,Combined TRACON& Tower with Radar,0,20,8,0,28,0,0,4,0,4,0,20,12,0,32,42,0,42,74
12/14/2008,ELM,NY,AEA,EN,Combined TRACON& Tower with Radar,2,17,7,0,26,0,0,7,0,7,2,17,14,0,33,8,0,8,41
12/15/2008,ELM,NY,AEA,EN,Combined TRACON& Tower with Radar,0,25,15,0,40,0,0,2,1,3,0,25,17,1,43,0,0,0,43
12/16/2008,ELM,NY,AEA,EN,Combined TRACON& Tower with Radar,0,26,15,0,41,0,0,19,0,19,0,26,34,0,60,30,0,30,90
12/17/2008,ELM,NY,AEA,EN,Combined TRACON& Tower with Radar,0,27,9,0,36,0,0,10,0,10,0,27,19,0,46,38,0,38,84
12/18/2008,ELM,NY,AEA,EN,Combined TRACON& Tower with Radar,2,36,30,0,68,0,0,37,0,37,2,36,67,0,105,46,0,46,151
12/19/2008,ELM,NY,AEA,EN,Combined TRACON& Tower with Radar,0,23,4,0,27,0,0,0,0,0,0,23,4,0,27,6,0,6,33
12/20/2008,ELM,NY,AEA,EN,Combined TRACON& Tower with Radar,0,25,9,0,34,0,0,1,0,1,0,25,10,0,35,22,0,22,57
12/21/2008,ELM,NY,AEA,EN,Combined TRACON& Tower with Radar,2,16,1,0,19,0,0,10,3,13,2,16,11,3,32,38,4,42,74
12/22/2008,ELM,NY,AEA,EN,Combined TRACON& Tower with Radar,0,24,8,0,32,0,0,4,0,4,0,24,12,0,36,0,2,2,38
12/23/2008,ELM,NY,AEA,EN,Combined TRACON& Tower with Radar,0,31,8,0,39,0,0,20,0,20,0,31,28,0,59,30,0,30,89
12/24/2008,ELM,NY,AEA,EN,Combined TRACON& Tower with Radar,0,25,4,0,29,0,0,0,0,0,0,25,4,0,29,0,0,0,29
12/25/2008,ELM,NY,AEA,EN,Combined TRACON& Tower with Radar,2,16,2,0,20,0,0,1,0,1,2,16,3,0,21,0,0,0,21
12/26/2008,ELM,NY,AEA,EN,Combined TRACON& Tower with Radar,0,28,5,0,33,0,0,5,0,5,0,28,10,0,38,12,0,12,50
12/27/2008,ELM,NY,AEA,EN,Combined TRACON& Tower with Radar,0,19,19,0,38,0,0,2,0,2,0,19,21,0,40,14,0,14,54
12/28/2008,ELM,NY,AEA,EN,Combined TRACON& Tower with Radar,2,15,7,0,24,0,0,4,2,6,2,15,11,2,30,2,0,2,32
12/29/2008,ELM,NY,AEA,EN,Combined TRACON& Tower with Radar,0,24,5,2,31,0,2,22,5,29,0,26,27,7,60,26,0,26,86
12/30/2008,ELM,NY,AEA,EN,Combined TRACON& Tower with Radar,0,30,3,0,33,0,0,4,0,4,0,30,7,0,37,26,12,38,75
12/31/2008,ELM,NY,AEA,EN,Combined TRACON& Tower with Radar,0,29,8,0,37,0,0,0,0,0,0,29,8,0,37,0,0,0,37
01/01/2009,ELM,NY,AEA,EN,Combined TRACON& Tower with Radar,2,19,16,0,37,0,0,16,0,16,2,19,32,0,53,48,0,48,101
01/02/2009,ELM,NY,AEA,EN,Combined TRACON& Tower with Radar,0,30,4,0,34,0,0,7,0,7,0,30,11,0,41,0,0,0,41
01/03/2009,ELM,NY,AEA,EN,Combined TRACON& Tower with Radar,0,23,13,0,36,0,0,8,0,8,0,23,21,0,44,54,0,54,98
01/04/2009,ELM,NY,AEA,EN,Combined TRACON& Tower with Radar,0,20,22,0,42,0,0,16,0,16,0,20,38,0,58,26,0,26,84
01/05/2009,ELM,NY,AEA,EN,Combined TRACON& Tower with Radar,2,25,4,0,31,0,0,12,0,12,2,25,16,0,43,34,0,34,77
01/06/2009,ELM,NY,AEA,EN,Combined TRACON& Tower with Radar,0,31,12,0,43,0,0,14,0,14,0,31,26,0,57,40,0,40,97
01/07/2009,ELM,NY,AEA,EN,Combined TRACON& Tower with Radar,0,26,3,0,29,0,0,0,0,0,0,26,3,0,29,8,0,8,37
01/08/2009,ELM,NY,AEA,EN,Combined TRACON& Tower with Radar,0,35,17,0,52,0,0,9,0,9,0,35,26,0,61,16,0,16,77
01/09/2009,ELM,NY,AEA,EN,Combined TRACON& Tower with Radar,0,32,15,5,52,0,0,13,1,14,0,32,28,6,66,58,0,58,124
01/10/2009,ELM,NY,AEA,EN,Combined TRACON& Tower with Radar,0,16,4,0,20,0,0,0,0,0,0,16,4,0,20,0,0,0,20
01/11/2009,ELM,NY,AEA,EN,Combined TRACON& Tower with Radar,2,16,6,0,24,0,1,8,2,11,2,17,14,2,35,18,8,26,61
01/12/2009,ELM,NY,AEA,EN,Combined TRACON& Tower with Radar,0,25,10,1,36,0,0,13,3,16,0,25,23,4,52,22,4,26,78
01/13/2009,ELM,NY,AEA,EN,Combined TRACON& Tower with Radar,0,27,10,0,37,0,0,0,0,0,0,27,10,0,37,8,0,8,45
01/14/2009,ELM,NY,AEA,EN,Combined TRACON& Tower with Radar,0,32,12,0,44,0,0,21,1,22,0,32,33,1,66,26,0,26,92
01/15/2009,ELM,NY,AEA,EN,Combined TRACON& Tower with Radar,2,32,13,0,47,0,0,5,4,9,2,32,18,4,56,20,8,28,84
01/16/2009,ELM,NY,AEA,EN,Combined TRACON& Tower with Radar,0,33,7,0,40,0,0,4,11,15,0,33,11,11,55,20,2,22,77
01/17/2009,ELM,NY,AEA,EN,Combined TRACON& Tower with Radar,0,16,5,0,21,0,0,8,0,8,0,16,13,0,29,82,0,82,111
01/18/2009,ELM,NY,AEA,EN,Combined TRACON& Tower with Radar,2,16,6,0,24,0,0,0,0,0,2,16,6,0,24,0,0,0,24
01/19/2009,ELM,NY,AEA,EN,Combined TRACON& Tower with Radar,0,29,23,0,52,0,0,30,1,31,0,29,53,1,83,30,0,30,113
01/20/2009,ELM,NY,AEA,EN,Combined TRACON& Tower with Radar,0,29,6,0,35,0,0,11,0,11,0,29,17,0,46,0,0,0,46
01/21/2009,ELM,NY,AEA,EN,Combined TRACON& Tower with Radar,0,29,22,5,56,0,0,22,10,32,0,29,44,15,88,74,2,76,164
01/22/2009,ELM,NY,AEA,EN,Combined TRACON& Tower with Radar,2,28,19,0,49,0,0,15,4,19,2,28,34,4,68,98,6,104,172
01/23/2009,ELM,NY,AEA,EN,Combined TRACON& Tower with Radar,0,29,23,0,52,0,0,37,4,41,0,29,60,4,93,140,0,140,233
01/24/2009,ELM,NY,AEA,EN,Combined TRACON& Tower with Radar,0,16,7,0,23,0,0,14,7,21,0,16,21,7,44,86,0,86,130
01/25/2009,ELM,NY,AEA,EN,Combined TRACON& Tower with Radar,2,16,6,0,24,0,0,22,0,22,2,16,28,0,46,24,0,24,70
01/26/2009,ELM,NY,AEA,EN,Combined TRACON& Tower with Radar,2,29,12,0,43,0,0,25,1,26,2,29,37,1,69,92,6,98,167
01/27/2009,ELM,NY,AEA,EN,Combined TRACON& Tower with Radar,0,30,8,0,38,0,0,15,2,17,0,30,23,2,55,24,0,24,79
01/28/2009,ELM,NY,AEA,EN,Combined TRACON& Tower with Radar,0,29,10,0,39,0,0,0,0,0,0,29,10,0,39,0,0,0,39
01/29/2009,ELM,NY,AEA,EN,Combined TRACON& Tower with Radar,2,29,14,0,45,0,0,9,0,9,2,29,23,0,54,30,0,30,84
01/30/2009,ELM,NY,AEA,EN,Combined TRACON& Tower with Radar,0,32,10,0,42,0,0,7,0,7,0,32,17,0,49,26,0,26,75
01/31/2009,ELM,NY,AEA,EN,Combined TRACON& Tower with Radar,0,18,2,0,20,0,0,15,0,15,0,18,17,0,35,36,0,36,71
02/01/2009,ELM,NY,AEA,EN,Combined TRACON& Tower with Radar,2,20,16,0,38,0,0,28,0,28,2,20,44,0,66,44,0,44,110
02/02/2009,ELM,NY,AEA,EN,Combined TRACON& Tower with Radar,0,29,16,6,51,0,0,18,0,18,0,29,34,6,69,8,16,24,93
02/03/2009,ELM,NY,AEA,EN,Combined TRACON& Tower with Radar,0,30,7,0,37,0,0,16,0,16,0,30,23,0,53,44,0,44,97
02/04/2009,ELM,NY,AEA,EN,Combined TRACON& Tower with Radar,0,26,12,0,38,0,1,9,0,10,0,27,21,0,48,54,0,54,102
02/05/2009,ELM,NY,AEA,EN,Combined TRACON& Tower with Radar,2,28,14,0,44,0,0,28,0,28,2,28,42,0,72,36,0,36,108
02/06/2009,ELM,NY,AEA,EN,Combined TRACON& Tower with Radar,0,30,28,0,58,0,0,22,0,22,0,30,50,0,80,32,0,32,112
02/07/2009,ELM,NY,AEA,EN,Combined TRACON& Tower with Radar,0,23,4,0,27,0,0,14,0,14,0,23,18,0,41,20,0,20,61
02/08/2009,ELM,NY,AEA,EN,Combined TRACON& Tower with Radar,2,16,11,0,29,0,0,11,0,11,2,16,22,0,40,0,0,0,40
02/09/2009,ELM,NY,AEA,EN,Combined TRACON& Tower with Radar,0,28,20,0,48,0,0,22,0,22,0,28,42,0,70,72,10,82,152
02/10/2009,ELM,NY,AEA,EN,Combined TRACON& Tower with Radar,0,27,5,0,32,0,0,8,0,8,0,27,13,0,40,14,0,14,54
02/11/2009,ELM,NY,AEA,EN,Combined TRACON& Tower with Radar,0,28,18,0,46,0,1,9,0,10,0,29,27,0,56,20,0,20,76
02/12/2009,ELM,NY,AEA,EN,Combined TRACON& Tower with Radar,0,35,12,0,47,0,0,0,0,0,0,35,12,0,47,0,0,0,47
02/13/2009,ELM,NY,AEA,EN,Combined TRACON& Tower with Radar,0,37,23,0,60,0,4,24,0,28,0,41,47,0,88,64,0,64,152
02/14/2009,ELM,NY,AEA,EN,Combined TRACON& Tower with Radar,2,21,16,0,39,0,0,15,0,15,2,21,31,0,54,8,0,8,62
02/15/2009,ELM,NY,AEA,EN,Combined TRACON& Tower with Radar,0,21,14,0,35,0,0,11,8,19,0,21,25,8,54,14,0,14,68
02/16/2009,ELM,NY,AEA,EN,Combined TRACON& Tower with Radar,0,24,20,0,44,0,0,13,0,13,0,24,33,0,57,58,0,58,115
02/17/2009,ELM,NY,AEA,EN,Combined TRACON& Tower with Radar,0,31,6,1,38,0,1,17,0,18,0,32,23,1,56,38,0,38,94
02/18/2009,ELM,NY,AEA,EN,Combined TRACON& Tower with Radar,2,28,6,0,36,0,0,3,0,3,2,28,9,0,39,2,0,2,41
02/19/2009,ELM,NY,AEA,EN,Combined TRACON& Tower with Radar,0,33,5,0,38,0,0,2,0,2,0,33,7,0,40,2,2,4,44
02/20/2009,ELM,NY,AEA,EN,Combined TRACON& Tower with Radar,0,30,7,0,37,0,2,4,1,7,0,32,11,1,44,20,0,20,64
02/21/2009,ELM,NY,AEA,EN,Combined TRACON& Tower with Radar,2,21,11,0,34,0,0,16,1,17,2,21,27,1,51,20,0,20,71
02/22/2009,ELM,NY,AEA,EN,Combined TRACON& Tower with Radar,0,21,11,0,32,0,0,4,0,4,0,21,15,0,36,20,0,20,56
02/23/2009,ELM,NY,AEA,EN,Combined TRACON& Tower with Radar,0,23,10,0,33,0,0,0,2,2,0,23,10,2,35,0,10,10,45
02/24/2009,ELM,NY,AEA,EN,Combined TRACON& Tower with Radar,0,27,18,0,45,0,0,14,2,16,0,27,32,2,61,26,0,26,87
02/25/2009,ELM,NY,AEA,EN,Combined TRACON& Tower with Radar,2,28,13,3,46,0,1,24,1,26,2,29,37,4,72,40,2,42,114
02/26/2009,ELM,NY,AEA,EN,Combined TRACON& Tower with Radar,0,28,17,1,46,0,0,13,13,26,0,28,30,14,72,30,26,56,128
02/27/2009,ELM,NY,AEA,EN,Combined TRACON& Tower with Radar,0,28,14,0,42,0,0,0,0,0,0,28,14,0,42,20,10,30,72
02/28/2009,ELM,NY,AEA,EN,Combined TRACON& Tower with Radar,2,20,6,0,28,0,0,11,0,11,2,20,17,0,39,14,4,18,57
03/01/2009,ELM,NY,AEA,EN,Combined TRACON& Tower with Radar,0,19,7,0,26,0,0,9,0,9,0,19,16,0,35,4,0,4,39
03/02/2009,ELM,NY,AEA,EN,Combined TRACON& Tower with Radar,0,23,7,0,30,0,0,0,5,5,0,23,7,5,35,2,12,14,49
03/03/2009,ELM,NY,AEA,EN,Combined TRACON& Tower with Radar,0,28,10,0,38,0,0,10,0,10,0,28,20,0,48,26,0,26,74
03/04/2009,ELM,NY,AEA,EN,Combined TRACON& Tower with Radar,2,30,9,0,41,0,0,40,0,40,2,30,49,0,81,32,0,32,113
03/05/2009,ELM,NY,AEA,EN,Combined TRACON& Tower with Radar,0,32,17,0,49,0,0,34,0,34,0,32,51,0,83,78,0,78,161
03/06/2009,ELM,NY,AEA,EN,Combined TRACON& Tower with Radar,0,37,15,0,52,0,0,27,0,27,0,37,42,0,79,76,0,76,155
03/07/2009,ELM,NY,AEA,EN,Combined TRACON& Tower with Radar,2,20,18,0,40,0,0,20,0,20,2,20,38,0,60,0,0,0,60
03/08/2009,ELM,NY,AEA,EN,Combined TRACON& Tower with Radar,0,25,9,0,34,0,0,0,0,0,0,25,9,0,34,0,4,4,38
03/09/2009,ELM,NY,AEA,EN,Combined TRACON& Tower with Radar,0,24,11,4,39,0,0,0,0,0,0,24,11,4,39,0,0,0,39
03/10/2009,ELM,NY,AEA,EN,Combined TRACON& Tower with Radar,0,27,16,1,44,0,1,12,1,14,0,28,28,2,58,12,0,12,70
03/11/2009,ELM,NY,AEA,EN,Combined TRACON& Tower with Radar,2,25,11,0,38,0,0,8,0,8,2,25,19,0,46,12,4,16,62
03/12/2009,ELM,NY,AEA,EN,Combined TRACON& Tower with Radar,0,28,21,0,49,0,0,9,0,9,0,28,30,0,58,4,0,4,62
03/13/2009,ELM,NY,AEA,EN,Combined TRACON& Tower with Radar,0,27,13,0,40,0,0,26,0,26,0,27,39,0,66,48,0,48,114
03/14/2009,ELM,NY,AEA,EN,Combined TRACON& Tower with Radar,2,16,16,0,34,0,0,38,0,38,2,16,54,0,72,52,0,52,124
03/15/2009,ELM,NY,AEA,EN,Combined TRACON& Tower with Radar,0,19,9,0,28,0,0,18,0,18,0,19,27,0,46,86,0,86,132
03/16/2009,ELM,NY,AEA,EN,Combined TRACON& Tower with Radar,0,25,8,2,35,0,0,16,0,16,0,25,24,2,51,46,26,72,123
03/17/2009,ELM,NY,AEA,EN,Combined TRACON& Tower with Radar,0,30,9,4,43,0,0,48,2,50,0,30,57,6,93,30,18,48,141
03/18/2009,ELM,NY,AEA,EN,Combined TRACON& Tower with Radar,2,28,17,0,47,0,0,12,4,16,2,28,29,4,63,0,8,8,71
03/19/2009,ELM,NY,AEA,EN,Combined TRACON& Tower with Radar,0,28,20,0,48,0,0,25,0,25,0,28,45,0,73,4,0,4,77
03/20/2009,ELM,NY,AEA,EN,Combined TRACON& Tower with Radar,0,29,18,0,47,0,0,35,0,35,0,29,53,0,82,44,0,44,126
03/21/2009,ELM,NY,AEA,EN,Combined TRACON& Tower with Radar,2,15,9,0,26,0,2,36,0,38,2,17,45,0,64,54,0,54,118
03/22/2009,ELM,NY,AEA,EN,Combined TRACON& Tower with Radar,0,18,13,0,31,0,0,6,0,6,0,18,19,0,37,0,0,0,37
03/23/2009,ELM,NY,AEA,EN,Combined TRACON& Tower with Radar,0,22,9,0,31,0,2,14,2,18,0,24,23,2,49,20,0,20,69
03/24/2009,ELM,NY,AEA,EN,Combined TRACON& Tower with Radar,0,28,8,0,36,0,2,27,0,29,0,30,35,0,65,38,0,38,103
03/25/2009,ELM,NY,AEA,EN,Combined TRACON& Tower with Radar,2,28,19,0,49,0,0,21,0,21,2,28,40,0,70,4,0,4,74
03/26/2009,ELM,NY,AEA,EN,Combined TRACON& Tower with Radar,0,26,16,0,42,0,0,5,3,8,0,26,21,3,50,16,4,20,70
03/27/2009,ELM,NY,AEA,EN,Combined TRACON& Tower with Radar,0,28,26,0,54,0,0,27,2,29,0,28,53,2,83,56,12,68,151
03/28/2009,ELM,NY,AEA,EN,Combined TRACON& Tower with Radar,2,18,16,0,36,0,0,47,0,47,2,18,63,0,83,26,0,26,109
03/29/2009,ELM,NY,AEA,EN,Combined TRACON& Tower with Radar,0,15,12,0,27,0,0,5,0,5,0,15,17,0,32,0,0,0,32
03/30/2009,ELM,NY,AEA,EN,Combined TRACON& Tower with Radar,0,25,10,0,35,0,0,13,0,13,0,25,23,0,48,10,0,10,58
03/31/2009,ELM,NY,AEA,EN,Combined TRACON& Tower with Radar,0,29,19,0,48,0,0,21,0,21,0,29,40,0,69,12,0,12,81
04/01/2009,ELM,NY,AEA,EN,Combined TRACON& Tower with Radar,2,27,27,0,56,0,2,3,0,5,2,29,30,0,61,2,0,2,63
04/02/2009,ELM,NY,AEA,EN,Combined TRACON& Tower with Radar,2,26,24,0,52,0,3,28,2,33,2,29,52,2,85,38,0,38,123
04/03/2009,ELM,NY,AEA,EN,Combined TRACON& Tower with Radar,0,21,7,0,28,0,0,0,0,0,0,21,7,0,28,0,0,0,28
04/04/2009,ELM,NY,AEA,EN,Combined TRACON& Tower with Radar,2,16,3,0,21,0,0,0,0,0,2,16,3,0,21,0,0,0,21
04/05/2009,ELM,NY,AEA,EN,Combined TRACON& Tower with Radar,0,18,17,0,35,0,0,16,0,16,0,18,33,0,51,24,0,24,75
04/06/2009,ELM,NY,AEA,EN,Combined TRACON& Tower with Radar,0,23,18,0,41,0,0,0,0,0,0,23,18,0,41,36,0,36,77
04/07/2009,ELM,NY,AEA,EN,Combined TRACON& Tower with Radar,0,31,12,0,43,0,1,4,0,5,0,32,16,0,48,0,0,0,48
04/08/2009,ELM,NY,AEA,EN,Combined TRACON& Tower with Radar,2,37,21,0,60,0,0,6,3,9,2,37,27,3,69,40,0,40,109
04/09/2009,ELM,NY,AEA,EN,Combined TRACON& Tower with Radar,0,34,19,0,53,0,4,22,0,26,0,38,41,0,79,100,0,100,179
04/10/2009,ELM,NY,AEA,EN,Combined TRACON& Tower with Radar,0,27,11,0,38,0,0,15,0,15,0,27,26,0,53,52,0,52,105
04/11/2009,ELM,NY,AEA,EN,Combined TRACON& Tower with Radar,2,16,3,0,21,0,0,20,0,20,2,16,23,0,41,8,0,8,49
04/12/2009,ELM,NY,AEA,EN,Combined TRACON& Tower with Radar,0,20,6,0,26,0,0,20,0,20,0,20,26,0,46,0,0,0,46
04/13/2009,ELM,NY,AEA,EN,Combined TRACON& Tower with Radar,0,23,15,0,38,0,2,57,0,59,0,25,72,0,97,80,0,80,177
04/14/2009,ELM,NY,AEA,EN,Combined TRACON& Tower with Radar,0,26,15,0,41,0,0,6,0,6,0,26,21,0,47,52,0,52,99
04/15/2009,ELM,NY,AEA,EN,Combined TRACON& Tower with Radar,2,25,17,0,44,0,2,35,0,37,2,27,52,0,81,16,0,16,97
04/16/2009,ELM,NY,AEA,EN,Combined TRACON& Tower with Radar,0,28,13,0,41,0,0,41,0,41,0,28,54,0,82,22,0,22,104
04/17/2009,ELM,NY,AEA,EN,Combined TRACON& Tower with Radar,0,28,17,0,45,0,0,31,0,31,0,28,48,0,76,22,0,22,98
04/18/2009,ELM,NY,AEA,EN,Combined TRACON& Tower with Radar,0,14,16,0,30,0,2,32,0,34,0,16,48,0,64,50,0,50,114
04/19/2009,ELM,NY,AEA,EN,Combined TRACON& Tower with Radar,2,18,17,0,37,0,0,20,0,20,2,18,37,0,57,22,0,22,79
04/20/2009,ELM,NY,AEA,EN,Combined TRACON& Tower with Radar,0,28,11,0,39,0,0,0,0,0,0,28,11,0,39,0,0,0,39
04/21/2009,ELM,NY,AEA,EN,Combined TRACON& Tower with Radar,0,28,15,0,43,0,0,5,0,5,0,28,20,0,48,22,2,24,72
04/22/2009,ELM,NY,AEA,EN,Combined TRACON& Tower with Radar,0,27,14,0,41,0,0,8,0,8,0,27,22,0,49,36,2,38,87
04/23/2009,ELM,NY,AEA,EN,Combined TRACON& Tower with Radar,2,28,19,0,49,0,2,9,8,19,2,30,28,8,68,4,2,6,74
04/24/2009,ELM,NY,AEA,EN,Combined TRACON& Tower with Radar,0,25,18,5,48,0,1,55,10,66,0,26,73,15,114,96,2,98,212
04/25/2009,ELM,NY,AEA,EN,Combined TRACON& Tower with Radar,0,15,4,0,19,0,1,28,1,30,0,16,32,1,49,6,0,6,55
04/26/2009,ELM,NY,AEA,EN,Combined TRACON& Tower with Radar,2,19,10,0,31,0,0,14,0,14,2,19,24,0,45,4,0,4,49
04/27/2009,ELM,NY,AEA,EN,Combined TRACON& Tower with Radar,0,25,15,0,40,0,0,14,2,16,0,25,29,2,56,66,0,66,122
04/28/2009,ELM,NY,AEA,EN,Combined TRACON& Tower with Radar,0,25,9,0,34,0,0,8,0,8,0,25,17,0,42,2,0,2,44
04/29/2009,ELM,NY,AEA,EN,Combined TRACON& Tower with Radar,0,27,28,0,55,0,0,29,4,33,0,27,57,4,88,38,2,40,128
04/30/2009,ELM,NY,AEA,EN,Combined TRACON& Tower with Radar,0,33,19,0,52,0,0,12,0,12,0,33,31,0,64,12,0,12,76
05/01/2009,ELM,NY,AEA,EN,Combined TRACON& Tower with Radar,0,23,9,0,32,0,0,2,0,2,0,23,11,0,34,20,0,20,54
05/02/2009,ELM,NY,AEA,EN,Combined TRACON& Tower with Radar,0,18,10,0,28,0,0,36,0,36,0,18,46,0,64,94,0,94,158
05/03/2009,ELM,NY,AEA,EN,Combined TRACON& Tower with Radar,2,16,8,0,26,0,0,19,0,19,2,16,27,0,45,30,0,30,75
05/04/2009,ELM,NY,AEA,EN,Combined TRACON& Tower with Radar,0,26,28,0,54,0,0,16,0,16,0,26,44,0,70,0,0,0,70
05/05/2009,ELM,NY,AEA,EN,Combined TRACON& Tower with Radar,0,28,14,0,42,0,1,14,0,15,0,29,28,0,57,44,0,44,101
05/06/2009,ELM,NY,AEA,EN,Combined TRACON& Tower with Radar,0,27,22,2,51,0,1,14,0,15,0,28,36,2,66,34,0,34,100
05/07/2009,ELM,NY,AEA,EN,Combined TRACON& Tower with Radar,2,31,32,0,65,0,0,5,1,6,2,31,37,1,71,14,0,14,85
05/08/2009,ELM,NY,AEA,EN,Combined TRACON& Tower with Radar,0,26,23,1,50,0,0,21,3,24,0,26,44,4,74,60,0,60,134
05/09/2009,ELM,NY,AEA,EN,Combined TRACON& Tower with Radar,0,17,8,0,25,0,0,12,1,13,0,17,20,1,38,34,0,34,72
05/10/2009,ELM,NY,AEA,EN,Combined TRACON& Tower with Radar,2,18,12,0,32,0,0,3,0,3,2,18,15,0,35,10,0,10,45
05/11/2009,ELM,NY,AEA,EN,Combined TRACON& Tower with Radar,0,31,19,0,50,0,0,41,0,41,0,31,60,0,91,2,0,2,93
05/12/2009,ELM,NY,AEA,EN,Combined TRACON& Tower with Radar,0,29,15,0,44,0,0,31,0,31,0,29,46,0,75,18,0,18,93
05/13/2009,ELM,NY,AEA,EN,Combined TRACON& Tower with Radar,0,34,18,0,52,0,7,24,0,31,0,41,42,0,83,34,2,36,119
05/14/2009,ELM,NY,AEA,EN,Combined TRACON& Tower with Radar,2,28,13,0,43,0,0,3,1,4,2,28,16,1,47,4,0,4,51
05/15/2009,ELM,NY,AEA,EN,Combined TRACON& Tower with Radar,0,27,18,1,46,0,0,33,0,33,0,27,51,1,79,50,0,50,129
05/16/2009,ELM,NY,AEA,EN,Combined TRACON& Tower with Radar,0,18,6,0,24,0,0,0,0,0,0,18,6,0,24,0,0,0,24
05/17/2009,ELM,NY,AEA,EN,Combined TRACON& Tower with Radar,2,22,20,0,44,0,0,23,0,23,2,22,43,0,67,144,2,146,213
05/18/2009,ELM,NY,AEA,EN,Combined TRACON& Tower with Radar,0,24,16,0,40,0,1,29,0,30,0,25,45,0,70,14,0,14,84
05/19/2009,ELM,NY,AEA,EN,Combined TRACON& Tower with Radar,0,29,18,0,47,0,2,29,0,31,0,31,47,0,78,28,0,28,106
05/20/2009,ELM,NY,AEA,EN,Combined TRACON& Tower with Radar,0,24,34,0,58,0,1,52,5,58,0,25,86,5,116,96,14,110,226
05/21/2009,ELM,NY,AEA,EN,Combined TRACON& Tower with Radar,2,29,18,4,53,0,2,36,0,38,2,31,54,4,91,60,2,62,153
05/22/2009,ELM,NY,AEA,EN,Combined TRACON& Tower with Radar,0,24,35,0,59,0,2,41,0,43,0,26,76,0,102,42,0,42,144
05/23/2009,ELM,NY,AEA,EN,Combined TRACON& Tower with Radar,0,16,6,0,22,0,2,11,0,13,0,18,17,0,35,6,0,6,41
05/24/2009,ELM,NY,AEA,EN,Combined TRACON& Tower with Radar,2,13,13,0,28,0,0,17,0,17,2,13,30,0,45,14,0,14,59
05/25/2009,ELM,NY,AEA,EN,Combined TRACON& Tower with Radar,0,17,5,0,22,0,0,29,0,29,0,17,34,0,51,30,0,30,81
05/26/2009,ELM,NY,AEA,EN,Combined TRACON& Tower with Radar,0,24,23,0,47,0,0,9,8,17,0,24,32,8,64,28,0,28,92
05/27/2009,ELM,NY,AEA,EN,Combined TRACON& Tower with Radar,0,30,15,0,45,0,0,15,0,15,0,30,30,0,60,36,0,36,96
05/28/2009,ELM,NY,AEA,EN,Combined TRACON& Tower with Radar,4,35,19,0,58,0,0,11,4,15,4,35,30,4,73,38,10,48,121
05/29/2009,ELM,NY,AEA,EN,Combined TRACON& Tower with Radar,0,28,18,0,46,0,0,4,0,4,0,28,22,0,50,52,4,56,106
05/30/2009,ELM,NY,AEA,EN,Combined TRACON& Tower with Radar,0,17,13,0,30,0,0,16,0,16,0,17,29,0,46,148,0,148,194
05/31/2009,ELM,NY,AEA,EN,Combined TRACON& Tower with Radar,2,18,21,0,41,0,0,9,1,10,2,18,30,1,51,0,0,0,51
06/01/2009,ELM,NY,AEA,EN,Combined TRACON& Tower with Radar,0,24,19,0,43,0,0,11,0,11,0,24,30,0,54,76,2,78,132
06/02/2009,ELM,NY,AEA,EN,Combined TRACON& Tower with Radar,0,27,13,0,40,0,0,4,2,6,0,27,17,2,46,1,0,1,47
06/03/2009,ELM,NY,AEA,EN,Combined TRACON& Tower with Radar,0,29,14,0,43,0,1,7,4,12,0,30,21,4,55,27,8,35,90
06/04/2009,ELM,NY,AEA,EN,Combined TRACON& Tower with Radar,2,31,23,1,57,0,1,23,2,26,2,32,46,3,83,61,11,72,155
06/05/2009,ELM,NY,AEA,EN,Combined TRACON& Tower with Radar,0,30,16,0,46,0,0,6,5,11,0,30,22,5,57,25,4,29,86
06/06/2009,ELM,NY,AEA,EN,Combined TRACON& Tower with Radar,0,37,24,0,61,0,2,21,0,23,0,39,45,0,84,94,0,94,178
06/07/2009,ELM,NY,AEA,EN,Combined TRACON& Tower with Radar,2,22,19,0,43,0,0,12,0,12,2,22,31,0,55,58,0,58,113
06/08/2009,ELM,NY,AEA,EN,Combined TRACON& Tower with Radar,0,26,24,0,50,0,0,4,1,5,0,26,28,1,55,46,4,50,105
06/09/2009,ELM,NY,AEA,EN,Combined TRACON& Tower with Radar,0,24,29,2,55,0,0,12,4,16,0,24,41,6,71,18,10,28,99
06/10/2009,ELM,NY,AEA,EN,Combined TRACON& Tower with Radar,0,28,29,0,57,0,0,14,0,14,0,28,43,0,71,77,2,79,150
06/11/2009,ELM,NY,AEA,EN,Combined TRACON& Tower with Radar,2,28,18,2,50,0,0,5,0,5,2,28,23,2,55,16,12,28,83
06/12/2009,ELM,NY,AEA,EN,Combined TRACON& Tower with Radar,0,36,24,2,62,0,0,5,1,6,0,36,29,3,68,38,0,38,106
06/13/2009,ELM,NY,AEA,EN,Combined TRACON& Tower with Radar,0,23,11,0,34,0,0,9,2,11,0,23,20,2,45,7,0,7,52
06/14/2009,ELM,NY,AEA,EN,Combined TRACON& Tower with Radar,2,17,19,0,38,0,0,37,0,37,2,17,56,0,75,0,0,0,75
06/15/2009,ELM,NY,AEA,EN,Combined TRACON& Tower with Radar,0,24,20,0,44,0,0,16,3,19,0,24,36,3,63,59,0,59,122
06/16/2009,ELM,NY,AEA,EN,Combined TRACON& Tower with Radar,0,32,16,0,48,0,0,12,0,12,0,32,28,0,60,14,0,14,74
06/17/2009,ELM,NY,AEA,EN,Combined TRACON& Tower with Radar,0,32,20,0,52,0,0,3,0,3,0,32,23,0,55,8,0,8,63
06/18/2009,ELM,NY,AEA,EN,Combined TRACON& Tower with Radar,2,27,20,0,49,0,0,4,0,4,2,27,24,0,53,4,0,4,57
06/19/2009,ELM,NY,AEA,EN,Combined TRACON& Tower with Radar,0,28,33,1,62,0,0,7,0,7,0,28,40,1,69,12,0,12,81
06/20/2009,ELM,NY,AEA,EN,Combined TRACON& Tower with Radar,0,20,7,0,27,0,0,0,0,0,0,20,7,0,27,0,0,0,27
06/21/2009,ELM,NY,AEA,EN,Combined TRACON& Tower with Radar,3,18,9,0,30,0,0,2,0,2,3,18,11,0,32,22,0,22,54
06/22/2009,ELM,NY,AEA,EN,Combined TRACON& Tower with Radar,0,28,12,0,40,0,0,19,0,19,0,28,31,0,59,27,0,27,86
06/23/2009,ELM,NY,AEA,EN,Combined TRACON& Tower with Radar,0,27,17,0,44,0,0,7,8,15,0,27,24,8,59,20,0,20,79
06/24/2009,ELM,NY,AEA,EN,Combined TRACON& Tower with Radar,0,29,17,1,47,0,0,15,0,15,0,29,32,1,62,20,0,20,82
06/25/2009,ELM,NY,AEA,EN,Combined TRACON& Tower with Radar,2,29,12,1,44,0,0,9,4,13,2,29,21,5,57,46,4,50,107
06/26/2009,ELM,NY,AEA,EN,Combined TRACON& Tower with Radar,0,17,18,0,35,0,0,3,11,14,0,17,21,11,49,40,4,44,93
06/27/2009,ELM,NY,AEA,EN,Combined TRACON& Tower with Radar,0,22,10,0,32,0,0,12,2,14,0,22,22,2,46,17,0,17,63
06/28/2009,ELM,NY,AEA,EN,Combined TRACON& Tower with Radar,2,16,12,0,30,0,0,15,0,15,2,16,27,0,45,38,0,38,83
06/29/2009,ELM,NY,AEA,EN,Combined TRACON& Tower with Radar,0,28,24,0,52,0,2,10,5,17,0,30,34,5,69,65,2,67,136
06/30/2009,ELM,NY,AEA,EN,Combined TRACON& Tower with Radar,0,33,6,3,42,0,0,0,0,0,0,33,6,3,42,14,2,16,58
07/01/2009,ELM,NY,AEA,EN,Combined TRACON& Tower with Radar,0,36,30,4,70,0,1,24,6,31,0,37,54,10,101,125,50,175,276
07/02/2009,ELM,NY,AEA,EN,Combined TRACON& Tower with Radar,2,35,18,0,55,0,0,2,0,2,2,35,20,0,57,26,0,26,83
07/03/2009,ELM,NY,AEA,EN,Combined TRACON& Tower with Radar,2,24,25,0,51,0,0,4,4,8,2,24,29,4,59,44,0,44,103
07/04/2009,ELM,NY,AEA,EN,Combined TRACON& Tower with Radar,0,16,12,0,28,0,0,13,0,13,0,16,25,0,41,48,0,48,89
07/05/2009,ELM,NY,AEA,EN,Combined TRACON& Tower with Radar,4,18,36,1,59,0,1,23,1,25,4,19,59,2,84,28,0,28,112
07/06/2009,ELM,NY,AEA,EN,Combined TRACON& Tower with Radar,0,26,26,0,52,0,0,13,0,13,0,26,39,0,65,16,2,18,83
07/07/2009,ELM,NY,AEA,EN,Combined TRACON& Tower with Radar,0,27,14,0,41,0,1,4,0,5,0,28,18,0,46,26,0,26,72
07/08/2009,ELM,NY,AEA,EN,Combined TRACON& Tower with Radar,0,30,22,0,52,0,0,7,4,11,0,30,29,4,63,87,2,89,152
07/09/2009,ELM,NY,AEA,EN,Combined TRACON& Tower with Radar,2,31,20,0,53,0,1,20,0,21,2,32,40,0,74,45,0,45,119
07/10/2009,ELM,NY,AEA,EN,Combined TRACON& Tower with Radar,0,32,31,0,63,0,0,12,0,12,0,32,43,0,75,66,0,66,141
07/11/2009,ELM,NY,AEA,EN,Combined TRACON& Tower with Radar,0,17,10,0,27,0,1,2,0,3,0,18,12,0,30,13,0,13,43
07/12/2009,ELM,NY,AEA,EN,Combined TRACON& Tower with Radar,2,17,25,0,44,0,0,29,0,29,2,17,54,0,73,48,0,48,121
07/13/2009,ELM,NY,AEA,EN,Combined TRACON& Tower with Radar,0,22,22,0,44,0,1,10,0,11,0,23,32,0,55,31,1,32,87
07/14/2009,ELM,NY,AEA,EN,Combined TRACON& Tower with Radar,0,27,14,0,41,0,1,24,1,26,0,28,38,1,67,19,0,19,86
07/15/2009,ELM,NY,AEA,EN,Combined TRACON& Tower with Radar,0,31,32,0,63,0,0,22,2,24,0,31,54,2,87,0,0,0,87
07/16/2009,ELM,NY,AEA,EN,Combined TRACON& Tower with Radar,1,30,27,0,58,0,1,19,2,22,1,31,46,2,80,82,0,82,162
07/17/2009,ELM,NY,AEA,EN,Combined TRACON& Tower with Radar,0,29,18,0,47,0,1,7,1,9,0,30,25,1,56,23,0,23,79
07/18/2009,ELM,NY,AEA,EN,Combined TRACON& Tower with Radar,0,19,13,0,32,0,2,7,0,9,0,21,20,0,41,40,0,40,81
07/19/2009,ELM,NY,AEA,EN,Combined TRACON& Tower with Radar,2,16,11,0,29,0,1,6,0,7,2,17,17,0,36,18,0,18,54
07/20/2009,ELM,NY,AEA,EN,Combined TRACON& Tower with Radar,0,23,17,0,40,0,0,10,0,10,0,23,27,0,50,66,0,66,116
07/21/2009,ELM,NY,AEA,EN,Combined TRACON& Tower with Radar,0,26,12,0,38,0,0,4,0,4,0,26,16,0,42,0,0,0,42
07/22/2009,ELM,NY,AEA,EN,Combined TRACON& Tower with Radar,0,38,22,1,61,0,1,6,0,7,0,39,28,1,68,140,2,142,210
07/23/2009,ELM,NY,AEA,EN,Combined TRACON& Tower with Radar,2,31,16,0,49,0,0,2,0,2,2,31,18,0,51,32,1,33,84
07/24/2009,ELM,NY,AEA,EN,Combined TRACON& Tower with Radar,0,25,22,0,47,0,0,4,6,10,0,25,26,6,57,50,2,52,109
07/25/2009,ELM,NY,AEA,EN,Combined TRACON& Tower with Radar,0,21,12,0,33,0,0,10,0,10,0,21,22,0,43,112,0,112,155
07/26/2009,ELM,NY,AEA,EN,Combined TRACON& Tower with Radar,2,16,16,0,34,0,0,3,0,3,2,16,19,0,37,16,0,16,53
07/27/2009,ELM,NY,AEA,EN,Combined TRACON& Tower with Radar,0,22,25,0,47,0,0,16,0,16,0,22,41,0,63,92,0,92,155
07/28/2009,ELM,NY,AEA,EN,Combined TRACON& Tower with Radar,0,30,23,0,53,0,0,19,0,19,0,30,42,0,72,83,0,83,155
07/29/2009,ELM,NY,AEA,EN,Combined TRACON& Tower with Radar,0,28,22,0,50,0,0,6,0,6,0,28,28,0,56,38,0,38,94
07/30/2009,ELM,NY,AEA,EN,Combined TRACON& Tower with Radar,3,28,27,0,58,0,2,33,3,38,3,30,60,3,96,108,0,108,204
07/31/2009,ELM,NY,AEA,EN,Combined TRACON& Tower with Radar,0,21,18,0,39,0,0,7,0,7,0,21,25,0,46,42,0,42,88
08/01/2009,ELM,NY,AEA,EN,Combined TRACON& Tower with Radar,0,22,22,0,44,0,0,28,0,28,0,22,50,0,72,100,0,100,172
08/02/2009,ELM,NY,AEA,EN,Combined TRACON& Tower with Radar,2,18,13,0,33,0,0,0,0,0,2,18,13,0,33,32,0,32,65
08/03/2009,ELM,NY,AEA,EN,Combined TRACON& Tower with Radar,0,24,19,0,43,0,0,28,1,29,0,24,47,1,72,34,0,34,106
08/04/2009,ELM,NY,AEA,EN,Combined TRACON& Tower with Radar,0,27,35,0,62,0,0,6,0,6,0,27,41,0,68,44,0,44,112
08/05/2009,ELM,NY,AEA,EN,Combined TRACON& Tower with Radar,0,33,22,1,56,0,0,12,3,15,0,33,34,4,71,149,42,191,262
08/06/2009,ELM,NY,AEA,EN,Combined TRACON& Tower with Radar,3,54,55,0,112,0,2,12,0,14,3,56,67,0,126,96,0,96,222
08/07/2009,ELM,NY,AEA,EN,Combined TRACON& Tower with Radar,0,41,53,0,94,0,0,50,2,52,0,41,103,2,146,182,16,198,344
08/08/2009,ELM,NY,AEA,EN,Combined TRACON& Tower with Radar,0,29,36,0,65,0,0,39,0,39,0,29,75,0,104,126,0,126,230
08/09/2009,ELM,NY,AEA,EN,Combined TRACON& Tower with Radar,4,23,42,0,69,0,0,22,0,22,4,23,64,0,91,44,0,44,135
08/10/2009,ELM,NY,AEA,EN,Combined TRACON& Tower with Radar,0,36,57,0,93,0,0,7,0,7,0,36,64,0,100,161,0,161,261
08/11/2009,ELM,NY,AEA,EN,Combined TRACON& Tower with Radar,0,33,9,0,42,0,0,2,4,6,0,33,11,4,48,76,0,76,124
08/12/2009,ELM,NY,AEA,EN,Combined TRACON& Tower with Radar,0,30,16,0,46,0,0,8,2,10,0,30,24,2,56,119,0,119,175
08/13/2009,ELM,NY,AEA,EN,Combined TRACON& Tower with Radar,2,31,13,0,46,0,0,10,1,11,2,31,23,1,57,86,0,86,143
08/14/2009,ELM,NY,AEA,EN,Combined TRACON& Tower with Radar,0,24,18,1,43,0,2,11,0,13,0,26,29,1,56,144,0,144,200
08/15/2009,ELM,NY,AEA,EN,Combined TRACON& Tower with Radar,0,19,9,0,28,0,0,10,0,10,0,19,19,0,38,46,0,46,84
08/16/2009,ELM,NY,AEA,EN,Combined TRACON& Tower with Radar,2,17,7,0,26,0,0,15,0,15,2,17,22,0,41,32,2,34,75
08/17/2009,ELM,NY,AEA,EN,Combined TRACON& Tower with Radar,0,24,22,1,47,0,10,6,1,17,0,34,28,2,64,42,26,68,132
08/18/2009,ELM,NY,AEA,EN,Combined TRACON& Tower with Radar,0,35,19,0,54,0,2,7,0,9,0,37,26,0,63,82,0,82,145
08/19/2009,ELM,NY,AEA,EN,Combined TRACON& Tower with Radar,0,27,14,0,41,0,0,16,0,16,0,27,30,0,57,39,0,39,96
08/20/2009,ELM,NY,AEA,EN,Combined TRACON& Tower with Radar,2,42,11,0,55,0,0,4,3,7,2,42,15,3,62,74,0,74,136
08/21/2009,ELM,NY,AEA,EN,Combined TRACON& Tower with Radar,0,28,9,0,37,0,0,0,0,0,0,28,9,0,37,60,0,60,97
08/22/2009,ELM,NY,AEA,EN,Combined TRACON& Tower with Radar,0,17,5,0,22,0,0,8,0,8,0,17,13,0,30,66,0,66,96
08/23/2009,ELM,NY,AEA,EN,Combined TRACON& Tower with Radar,2,18,14,0,34,0,0,4,0,4,2,18,18,0,38,0,0,0,38
08/24/2009,ELM,NY,AEA,EN,Combined TRACON& Tower with Radar,0,26,19,0,45,0,0,4,0,4,0,26,23,0,49,0,0,0,49
08/25/2009,ELM,NY,AEA,EN,Combined TRACON& Tower with Radar,0,29,18,1,48,0,0,19,3,22,0,29,37,4,70,123,14,137,207
08/26/2009,ELM,NY,AEA,EN,Combined TRACON& Tower with Radar,0,28,25,0,53,0,0,2,0,2,0,28,27,0,55,62,9,71,126
08/27/2009,ELM,NY,AEA,EN,Combined TRACON& Tower with Radar,2,30,14,0,46,0,0,16,3,19,2,30,30,3,65,128,0,128,193
08/28/2009,ELM,NY,AEA,EN,Combined TRACON& Tower with Radar,0,25,13,0,38,0,0,5,0,5,0,25,18,0,43,18,0,18,61
08/29/2009,ELM,NY,AEA,EN,Combined TRACON& Tower with Radar,0,19,6,0,25,0,0,4,0,4,0,19,10,0,29,78,0,78,107
08/30/2009,ELM,NY,AEA,EN,Combined TRACON& Tower with Radar,2,16,8,0,26,0,0,13,0,13,2,16,21,0,39,16,0,16,55
08/31/2009,ELM,NY,AEA,EN,Combined TRACON& Tower with Radar,0,25,13,0,38,0,0,2,1,3,0,25,15,1,41,46,0,46,87
09/01/2009,ELM,NY,AEA,EN,Combined TRACON& Tower with Radar,0,26,10,2,38,0,2,30,0,32,0,28,40,2,70,56,0,56,126
09/02/2009,ELM,NY,AEA,EN,Combined TRACON& Tower with Radar,0,27,15,0,42,0,0,13,0,13,0,27,28,0,55,69,1,70,125
09/03/2009,ELM,NY,AEA,EN,Combined TRACON& Tower with Radar,0,36,12,0,48,0,2,28,0,30,0,38,40,0,78,142,0,142,220
09/04/2009,ELM,NY,AEA,EN,Combined TRACON& Tower with Radar,0,24,22,0,46,0,0,12,2,14,0,24,34,2,60,102,0,102,162
09/05/2009,ELM,NY,AEA,EN,Combined TRACON& Tower with Radar,0,19,6,1,26,0,0,22,7,29,0,19,28,8,55,106,0,106,161
09/06/2009,ELM,NY,AEA,EN,Combined TRACON& Tower with Radar,0,12,8,0,20,0,0,9,0,9,0,12,17,0,29,104,0,104,133
09/07/2009,ELM,NY,AEA,EN,Combined TRACON& Tower with Radar,0,20,16,0,36,0,0,7,0,7,0,20,23,0,43,20,0,20,63
09/08/2009,ELM,NY,AEA,EN,Combined TRACON& Tower with Radar,0,24,13,2,39,0,1,8,1,10,0,25,21,3,49,2,0,2,51
09/09/2009,ELM,NY,AEA,EN,Combined TRACON& Tower with Radar,0,25,14,0,39,0,0,3,1,4,0,25,17,1,43,45,0,45,88
09/10/2009,ELM,NY,AEA,EN,Combined TRACON& Tower with Radar,0,29,21,0,50,0,0,19,0,19,0,29,40,0,69,26,0,26,95
09/11/2009,ELM,NY,AEA,EN,Combined TRACON& Tower with Radar,0,22,15,0,37,0,0,3,2,5,0,22,18,2,42,10,0,10,52
09/12/2009,ELM,NY,AEA,EN,Combined TRACON& Tower with Radar,0,16,7,0,23,0,0,0,0,0,0,16,7,0,23,4,0,4,27
09/13/2009,ELM,NY,AEA,EN,Combined TRACON& Tower with Radar,0,22,14,0,36,0,0,10,0,10,0,22,24,0,46,134,0,134,180
09/14/2009,ELM,NY,AEA,EN,Combined TRACON& Tower with Radar,0,23,20,0,43,0,2,5,2,9,0,25,25,2,52,20,4,24,76
09/15/2009,ELM,NY,AEA,EN,Combined TRACON& Tower with Radar,0,24,19,0,43,0,1,13,3,17,0,25,32,3,60,20,20,40,100
09/16/2009,ELM,NY,AEA,EN,Combined TRACON& Tower with Radar,0,27,21,0,48,0,0,10,1,11,0,27,31,1,59,45,2,47,106
09/17/2009,ELM,NY,AEA,EN,Combined TRACON& Tower with Radar,0,27,18,0,45,0,0,3,9,12,0,27,21,9,57,30,0,30,87
09/18/2009,ELM,NY,AEA,EN,Combined TRACON& Tower with Radar,0,27,34,0,61,0,0,10,1,11,0,27,44,1,72,0,0,0,72
09/19/2009,ELM,NY,AEA,EN,Combined TRACON& Tower with Radar,0,18,7,2,27,0,0,21,0,21,0,18,28,2,48,64,4,68,116
09/20/2009,ELM,NY,AEA,EN,Combined TRACON& Tower with Radar,0,18,19,0,37,0,0,19,0,19,0,18,38,0,56,85,2,87,143
09/21/2009,ELM,NY,AEA,EN,Combined TRACON& Tower with Radar,0,25,19,0,44,0,0,6,0,6,0,25,25,0,50,4,0,4,54
09/22/2009,ELM,NY,AEA,EN,Combined TRACON& Tower with Radar,0,28,18,0,46,0,0,0,0,0,0,28,18,0,46,14,0,14,60
09/23/2009,ELM,NY,AEA,EN,Combined TRACON& Tower with Radar,0,26,19,0,45,0,0,2,1,3,0,26,21,1,48,18,0,18,66
09/24/2009,ELM,NY,AEA,EN,Combined TRACON& Tower with Radar,0,30,17,2,49,0,0,7,6,13,0,30,24,8,62,46,0,46,108
09/25/2009,ELM,NY,AEA,EN,Combined TRACON& Tower with Radar,0,26,27,0,53,0,0,15,0,15,0,26,42,0,68,46,0,46,114
09/26/2009,ELM,NY,AEA,EN,Combined TRACON& Tower with Radar,0,15,17,0,32,0,0,11,0,11,0,15,28,0,43,82,0,82,125
09/27/2009,ELM,NY,AEA,EN,Combined TRACON& Tower with Radar,0,19,14,0,33,0,0,0,0,0,0,19,14,0,33,0,0,0,33
09/28/2009,ELM,NY,AEA,EN,Combined TRACON& Tower with Radar,0,20,19,0,39,0,0,3,0,3,0,20,22,0,42,16,0,16,58
09/29/2009,ELM,NY,AEA,EN,Combined TRACON& Tower with Radar,0,25,6,0,31,0,0,0,1,1,0,25,6,1,32,42,0,42,74
09/30/2009,ELM,NY,AEA,EN,Combined TRACON& Tower with Radar,0,18,18,0,36,0,0,0,0,0,0,18,18,0,36,54,0,54,90
10/01/2009,ELM,NY,AEA,EN,Combined TRACON& Tower with Radar,0,26,21,2,49,0,0,4,5,9,0,26,25,7,58,22,0,22,80
10/02/2009,ELM,NY,AEA,EN,Combined TRACON& Tower with Radar,0,26,15,1,42,0,0,4,3,7,0,26,19,4,49,0,0,0,49
10/03/2009,ELM,NY,AEA,EN,Combined TRACON& Tower with Radar,0,17,2,0,19,0,1,10,0,11,0,18,12,0,30,48,0,48,78
10/04/2009,ELM,NY,AEA,EN,Combined TRACON& Tower with Radar,0,20,13,0,33,0,0,22,0,22,0,20,35,0,55,48,0,48,103
10/05/2009,ELM,NY,AEA,EN,Combined TRACON& Tower with Radar,0,23,22,8,53,0,0,5,0,5,0,23,27,8,58,71,0,71,129
10/06/2009,ELM,NY,AEA,EN,Combined TRACON& Tower with Radar,0,33,14,0,47,0,0,20,0,20,0,33,34,0,67,13,0,13,80
10/07/2009,ELM,NY,AEA,EN,Combined TRACON& Tower with Radar,0,29,25,0,54,0,0,1,0,1,0,29,26,0,55,0,0,0,55
10/08/2009,ELM,NY,AEA,EN,Combined TRACON& Tower with Radar,0,37,27,0,64,0,0,17,0,17,0,37,44,0,81,38,0,38,119
10/09/2009,ELM,NY,AEA,EN,Combined TRACON& Tower with Radar,0,30,34,0,64,0,0,0,0,0,0,30,34,0,64,10,0,10,74
10/10/2009,ELM,NY,AEA,EN,Combined TRACON& Tower with Radar,0,15,14,0,29,0,0,21,3,24,0,15,35,3,53,38,0,38,91
10/11/2009,ELM,NY,AEA,EN,Combined TRACON& Tower with Radar,0,17,11,0,28,0,0,18,0,18,0,17,29,0,46,94,0,94,140
10/12/2009,ELM,NY,AEA,EN,Combined TRACON& Tower with Radar,0,27,19,0,46,0,0,15,0,15,0,27,34,0,61,58,0,58,119
10/13/2009,ELM,NY,AEA,EN,Combined TRACON& Tower with Radar,0,24,13,0,37,0,0,0,0,0,0,24,13,0,37,32,0,32,69
10/14/2009,ELM,NY,AEA,EN,Combined TRACON& Tower with Radar,0,28,12,0,40,0,0,14,2,16,0,28,26,2,56,60,0,60,116
10/15/2009,ELM,NY,AEA,EN,Combined TRACON& Tower with Radar,0,35,12,2,49,0,0,0,3,3,0,35,12,5,52,8,0,8,60
10/16/2009,ELM,NY,AEA,EN,Combined TRACON& Tower with Radar,0,27,21,0,48,0,0,0,0,0,0,27,21,0,48,0,0,0,48
10/17/2009,ELM,NY,AEA,EN,Combined TRACON& Tower with Radar,0,14,6,0,20,0,0,0,0,0,0,14,6,0,20,0,0,0,20
10/18/2009,ELM,NY,AEA,EN,Combined TRACON& Tower with Radar,0,16,13,0,29,0,0,9,0,9,0,16,22,0,38,44,8,52,90
10/19/2009,ELM,NY,AEA,EN,Combined TRACON& Tower with Radar,0,24,19,0,43,0,0,15,3,18,0,24,34,3,61,0,0,0,61
10/20/2009,ELM,NY,AEA,EN,Combined TRACON& Tower with Radar,0,26,13,0,39,0,0,14,4,18,0,26,27,4,57,72,0,72,129
10/21/2009,ELM,NY,AEA,EN,Combined TRACON& Tower with Radar,0,27,22,0,49,0,0,18,4,22,0,27,40,4,71,15,4,19,90
10/22/2009,ELM,NY,AEA,EN,Combined TRACON& Tower with Radar,0,28,17,1,46,0,1,12,1,14,0,29,29,2,60,91,12,103,163
10/23/2009,ELM,NY,AEA,EN,Combined TRACON& Tower with Radar,0,31,16,0,47,0,0,0,0,0,0,31,16,0,47,31,0,31,78
10/24/2009,ELM,NY,AEA,EN,Combined TRACON& Tower with Radar,0,15,10,0,25,0,0,2,0,2,0,15,12,0,27,2,0,2,29
10/25/2009,ELM,NY,AEA,EN,Combined TRACON& Tower with Radar,0,19,14,0,33,0,0,23,1,24,0,19,37,1,57,58,0,58,115
10/26/2009,ELM,NY,AEA,EN,Combined TRACON& Tower with Radar,0,25,16,2,43,0,0,17,4,21,0,25,33,6,64,42,20,62,126
10/27/2009,ELM,NY,AEA,EN,Combined TRACON& Tower with Radar,0,29,18,2,49,0,1,15,1,17,0,30,33,3,66,49,4,53,119
10/28/2009,ELM,NY,AEA,EN,Combined TRACON& Tower with Radar,0,27,27,0,54,0,0,0,0,0,0,27,27,0,54,0,0,0,54
10/29/2009,ELM,NY,AEA,EN,Combined TRACON& Tower with Radar,0,43,31,3,77,0,0,0,3,3,0,43,31,6,80,0,0,0,80
10/30/2009,ELM,NY,AEA,EN,Combined TRACON& Tower with Radar,0,26,24,0,50,0,0,0,0,0,0,26,24,0,50,16,0,16,66
10/31/2009,ELM,NY,AEA,EN,Combined TRACON& Tower with Radar,0,14,6,0,20,0,1,0,0,1,0,15,6,0,21,0,0,0,21
11/01/2009,ELM,NY,AEA,EN,Combined TRACON& Tower with Radar,0,16,9,0,25,0,0,24,2,26,0,16,33,2,51,64,0,64,115
11/02/2009,ELM,NY,AEA,EN,Combined TRACON& Tower with Radar,0,23,22,0,45,0,0,7,0,7,0,23,29,0,52,21,0,21,73
11/03/2009,ELM,NY,AEA,EN,Combined TRACON& Tower with Radar,0,23,15,2,40,0,0,4,0,4,0,23,19,2,44,29,0,29,73
11/04/2009,ELM,NY,AEA,EN,Combined TRACON& Tower with Radar,0,25,11,0,36,0,0,9,0,9,0,25,20,0,45,8,0,8,53
11/05/2009,ELM,NY,AEA,EN,Combined TRACON& Tower with Radar,0,29,24,0,53,0,0,2,0,2,0,29,26,0,55,18,0,18,73
11/06/2009,ELM,NY,AEA,EN,Combined TRACON& Tower with Radar,0,26,18,0,44,0,1,6,0,7,0,27,24,0,51,42,0,42,93
11/07/2009,ELM,NY,AEA,EN,Combined TRACON& Tower with Radar,0,11,11,2,24,0,2,23,2,27,0,13,34,4,51,29,2,31,82
11/08/2009,ELM,NY,AEA,EN,Combined TRACON& Tower with Radar,0,16,12,0,28,0,2,25,1,28,0,18,37,1,56,43,2,45,101
11/09/2009,ELM,NY,AEA,EN,Combined TRACON& Tower with Radar,0,23,16,0,39,0,0,16,0,16,0,23,32,0,55,110,0,110,165
11/10/2009,ELM,NY,AEA,EN,Combined TRACON& Tower with Radar,0,24,18,0,42,0,0,6,0,6,0,24,24,0,48,34,0,34,82
11/11/2009,ELM,NY,AEA,EN,Combined TRACON& Tower with Radar,0,28,11,2,41,0,3,23,0,26,0,31,34,2,67,64,0,64,131
11/12/2009,ELM,NY,AEA,EN,Combined TRACON& Tower with Radar,0,35,12,0,47,0,0,15,0,15,0,35,27,0,62,36,0,36,98
11/13/2009,ELM,NY,AEA,EN,Combined TRACON& Tower with Radar,0,27,22,1,50,0,0,8,2,10,0,27,30,3,60,38,0,38,98
11/14/2009,ELM,NY,AEA,EN,Combined TRACON& Tower with Radar,0,13,11,0,24,0,0,0,0,0,0,13,11,0,24,42,0,42,66
11/15/2009,ELM,NY,AEA,EN,Combined TRACON& Tower with Radar,0,16,10,0,26,0,1,15,0,16,0,17,25,0,42,23,0,23,65
11/16/2009,ELM,NY,AEA,EN,Combined TRACON& Tower with Radar,0,22,10,0,32,0,0,6,0,6,0,22,16,0,38,12,0,12,50
11/17/2009,ELM,NY,AEA,EN,Combined TRACON& Tower with Radar,0,23,30,2,55,0,1,25,0,26,0,24,55,2,81,17,4,21,102
11/18/2009,ELM,NY,AEA,EN,Combined TRACON& Tower with Radar,0,31,22,2,55,0,0,9,0,9,0,31,31,2,64,21,18,39,103
11/19/2009,ELM,NY,AEA,EN,Combined TRACON& Tower with Radar,2,29,19,0,50,0,0,3,0,3,2,29,22,0,53,36,0,36,89
11/20/2009,ELM,NY,AEA,EN,Combined TRACON& Tower with Radar,0,25,17,2,44,0,1,3,0,4,0,26,20,2,48,0,0,0,48
11/21/2009,ELM,NY,AEA,EN,Combined TRACON& Tower with Radar,0,15,10,0,25,0,1,5,0,6,0,16,15,0,31,26,0,26,57
11/22/2009,ELM,NY,AEA,EN,Combined TRACON& Tower with Radar,3,15,13,0,31,0,0,10,0,10,3,15,23,0,41,16,0,16,57
11/23/2009,ELM,NY,AEA,EN,Combined TRACON& Tower with Radar,0,24,27,0,51,0,0,17,0,17,0,24,44,0,68,47,2,49,117
11/24/2009,ELM,NY,AEA,EN,Combined TRACON& Tower with Radar,0,35,23,0,58,0,0,1,0,1,0,35,24,0,59,0,0,0,59
11/25/2009,ELM,NY,AEA,EN,Combined TRACON& Tower with Radar,0,31,20,0,51,0,0,1,0,1,0,31,21,0,52,2,0,2,54
11/26/2009,ELM,NY,AEA,EN,Combined TRACON& Tower with Radar,2,15,2,0,19,0,0,2,0,2,2,15,4,0,21,4,0,4,25
11/27/2009,ELM,NY,AEA,EN,Combined TRACON& Tower with Radar,0,21,0,0,21,0,0,0,0,0,0,21,0,0,21,0,0,0,21
11/28/2009,ELM,NY,AEA,EN,Combined TRACON& Tower with Radar,0,18,3,0,21,0,0,2,0,2,0,18,5,0,23,26,0,26,49
11/29/2009,ELM,NY,AEA,EN,Combined TRACON& Tower with Radar,2,15,20,0,37,0,2,19,0,21,2,17,39,0,58,27,0,27,85
11/30/2009,ELM,NY,AEA,EN,Combined TRACON& Tower with Radar,0,27,24,0,51,0,0,6,0,6,0,27,30,0,57,0,0,0,57
12/01/2009,ELM,NY,AEA,EN,Combined TRACON& Tower with Radar,0,26,18,0,44,0,0,17,0,17,0,26,35,0,61,18,0,18,79
12/02/2009,ELM,NY,AEA,EN,Combined TRACON& Tower with Radar,0,28,27,0,55,0,0,20,0,20,0,28,47,0,75,10,4,14,89
12/03/2009,ELM,NY,AEA,EN,Combined TRACON& Tower with Radar,2,37,17,0,56,0,0,1,3,4,2,37,18,3,60,0,0,0,60
12/04/2009,ELM,NY,AEA,EN,Combined TRACON& Tower with Radar,0,27,22,1,50,0,2,11,1,14,0,29,33,2,64,29,3,32,96
12/05/2009,ELM,NY,AEA,EN,Combined TRACON& Tower with Radar,0,16,2,0,18,0,0,1,2,3,0,16,3,2,21,10,0,10,31
12/06/2009,ELM,NY,AEA,EN,Combined TRACON& Tower with Radar,2,15,8,0,25,0,0,7,0,7,2,15,15,0,32,30,0,30,62
12/07/2009,ELM,NY,AEA,EN,Combined TRACON& Tower with Radar,0,25,14,0,39,0,0,7,0,7,0,25,21,0,46,20,0,20,66
12/08/2009,ELM,NY,AEA,EN,Combined TRACON& Tower with Radar,0,30,24,0,54,0,0,6,0,6,0,30,30,0,60,0,0,0,60
12/09/2009,ELM,NY,AEA,EN,Combined TRACON& Tower with Radar,0,28,12,0,40,0,0,0,0,0,0,28,12,0,40,1,0,1,41
12/10/2009,ELM,NY,AEA,EN,Combined TRACON& Tower with Radar,2,30,6,0,38,0,0,2,2,4,2,30,8,2,42,0,0,0,42
12/11/2009,ELM,NY,AEA,EN,Combined TRACON& Tower with Radar,0,26,14,0,40,0,0,5,0,5,0,26,19,0,45,0,0,0,45
12/12/2009,ELM,NY,AEA,EN,Combined TRACON& Tower with Radar,0,15,10,0,25,0,2,10,0,12,0,17,20,0,37,50,0,50,87
12/13/2009,ELM,NY,AEA,EN,Combined TRACON& Tower with Radar,3,12,3,0,18,0,0,0,0,0,3,12,3,0,18,4,0,4,22
12/14/2009,ELM,NY,AEA,EN,Combined TRACON& Tower with Radar,0,24,16,0,40,0,0,3,0,3,0,24,19,0,43,81,0,81,124
12/15/2009,ELM,NY,AEA,EN,Combined TRACON& Tower with Radar,0,24,23,0,47,0,0,0,0,0,0,24,23,0,47,6,0,6,53
12/16/2009,ELM,NY,AEA,EN,Combined TRACON& Tower with Radar,0,29,15,0,44,0,0,3,0,3,0,29,18,0,47,2,0,2,49
12/17/2009,ELM,NY,AEA,EN,Combined TRACON& Tower with Radar,2,28,29,0,59,0,0,16,2,18,2,28,45,2,77,0,0,0,77
12/18/2009,ELM,NY,AEA,EN,Combined TRACON& Tower with Radar,0,32,28,0,60,0,0,20,1,21,0,32,48,1,81,26,0,26,107
12/19/2009,ELM,NY,AEA,EN,Combined TRACON& Tower with Radar,0,16,2,0,18,0,0,7,0,7,0,16,9,0,25,28,4,32,57
12/20/2009,ELM,NY,AEA,EN,Combined TRACON& Tower with Radar,2,9,3,0,14,0,0,4,0,4,2,9,7,0,18,1,0,1,19
12/21/2009,ELM,NY,AEA,EN,Combined TRACON& Tower with Radar,0,24,10,0,34,0,0,3,0,3,0,24,13,0,37,15,0,15,52
12/22/2009,ELM,NY,AEA,EN,Combined TRACON& Tower with Radar,2,35,19,0,56,0,0,10,0,10,2,35,29,0,66,4,0,4,70
12/23/2009,ELM,NY,AEA,EN,Combined TRACON& Tower with Radar,0,33,9,0,42,0,0,7,0,7,0,33,16,0,49,32,51,83,132
12/24/2009,ELM,NY,AEA,EN,Combined TRACON& Tower with Radar,2,25,9,0,36,0,0,0,0,0,2,25,9,0,36,0,0,0,36
12/25/2009,ELM,NY,AEA,EN,Combined TRACON& Tower with Radar,0,16,0,0,16,0,0,0,0,0,0,16,0,0,16,0,0,0,16
12/26/2009,ELM,NY,AEA,EN,Combined TRACON& Tower with Radar,0,22,9,0,31,0,0,0,0,0,0,22,9,0,31,0,0,0,31
12/27/2009,ELM,NY,AEA,EN,Combined TRACON& Tower with Radar,2,14,9,0,25,0,0,11,0,11,2,14,20,0,36,0,0,0,36
12/28/2009,ELM,NY,AEA,EN,Combined TRACON& Tower with Radar,0,27,0,0,27,0,0,2,0,2,0,27,2,0,29,1,0,1,30
12/29/2009,ELM,NY,AEA,EN,Combined TRACON& Tower with Radar,2,33,9,0,44,0,0,3,0,3,2,33,12,0,47,16,0,16,63
12/30/2009,ELM,NY,AEA,EN,Combined TRACON& Tower with Radar,0,31,20,0,51,0,0,17,0,17,0,31,37,0,68,34,10,44,112
12/31/2009,ELM,NY,AEA,EN,Combined TRACON& Tower with Radar,2,25,0,1,28,0,0,1,0,1,2,25,1,1,29,0,0,0,29
01/01/2010,ELM,NY,AEA,EN,Combined TRACON& Tower with Radar,0,13,1,0,14,0,0,0,0,0,0,13,1,0,14,0,8,8,22
01/02/2010,ELM,NY,AEA,EN,Combined TRACON& Tower with Radar,0,17,10,0,27,0,0,7,0,7,0,17,17,0,34,0,0,0,34
01/03/2010,ELM,NY,AEA,EN,Combined TRACON& Tower with Radar,2,22,15,0,39,0,0,0,0,0,2,22,15,0,39,0,0,0,39
01/04/2010,ELM,NY,AEA,EN,Combined TRACON& Tower with Radar,0,24,7,0,31,0,0,0,0,0,0,24,7,0,31,0,0,0,31
01/05/2010,ELM,NY,AEA,EN,Combined TRACON& Tower with Radar,0,31,16,0,47,0,0,3,0,3,0,31,19,0,50,6,0,6,56
01/06/2010,ELM,NY,AEA,EN,Combined TRACON& Tower with Radar,0,30,14,0,44,0,0,2,0,2,0,30,16,0,46,14,0,14,60
01/07/2010,ELM,NY,AEA,EN,Combined TRACON& Tower with Radar,2,31,21,0,54,0,0,1,0,1,2,31,22,0,55,0,0,0,55
01/08/2010,ELM,NY,AEA,EN,Combined TRACON& Tower with Radar,0,26,15,0,41,0,0,0,0,0,0,26,15,0,41,0,0,0,41
01/09/2010,ELM,NY,AEA,EN,Combined TRACON& Tower with Radar,0,16,3,0,19,0,0,6,0,6,0,16,9,0,25,0,0,0,25
01/10/2010,ELM,NY,AEA,EN,Combined TRACON& Tower with Radar,2,15,5,0,22,0,0,25,0,25,2,15,30,0,47,40,0,40,87
01/11/2010,ELM,NY,AEA,EN,Combined TRACON& Tower with Radar,0,22,14,4,40,0,1,17,0,18,0,23,31,4,58,49,0,49,107
01/12/2010,ELM,NY,AEA,EN,Combined TRACON& Tower with Radar,0,24,19,0,43,0,0,0,2,2,0,24,19,2,45,24,0,24,69
01/13/2010,ELM,NY,AEA,EN,Combined TRACON& Tower with Radar,0,27,11,0,38,0,0,8,0,8,0,27,19,0,46,50,0,50,96
01/14/2010,ELM,NY,AEA,EN,Combined TRACON& Tower with Radar,2,34,21,0,57,0,0,16,0,16,2,34,37,0,73,48,0,48,121
01/15/2010,ELM,NY,AEA,EN,Combined TRACON& Tower with Radar,0,28,24,1,53,0,0,11,0,11,0,28,35,1,64,20,0,20,84
01/16/2010,ELM,NY,AEA,EN,Combined TRACON& Tower with Radar,0,13,10,0,23,0,2,20,0,22,0,15,30,0,45,68,0,68,113
01/17/2010,ELM,NY,AEA,EN,Combined TRACON& Tower with Radar,2,12,4,0,18,0,0,0,0,0,2,12,4,0,18,0,0,0,18
01/18/2010,ELM,NY,AEA,EN,Combined TRACON& Tower with Radar,0,30,13,0,43,0,0,1,0,1,0,30,14,0,44,0,0,0,44
01/19/2010,ELM,NY,AEA,EN,Combined TRACON& Tower with Radar,0,30,13,0,43,0,0,0,0,0,0,30,13,0,43,0,0,0,43
01/20/2010,ELM,NY,AEA,EN,Combined TRACON& Tower with Radar,0,31,11,0,42,0,0,4,4,8,0,31,15,4,50,19,0,19,69
01/21/2010,ELM,NY,AEA,EN,Combined TRACON& Tower with Radar,2,34,16,1,53,0,0,14,3,17,2,34,30,4,70,16,4,20,90
01/22/2010,ELM,NY,AEA,EN,Combined TRACON& Tower with Radar,0,26,18,4,48,0,0,4,2,6,0,26,22,6,54,48,4,52,106
01/23/2010,ELM,NY,AEA,EN,Combined TRACON& Tower with Radar,0,15,21,0,36,0,1,22,0,23,0,16,43,0,59,48,0,48,107
01/24/2010,ELM,NY,AEA,EN,Combined TRACON& Tower with Radar,2,16,11,0,29,0,1,0,0,1,2,17,11,0,30,12,0,12,42
01/25/2010,ELM,NY,AEA,EN,Combined TRACON& Tower with Radar,0,22,16,0,38,0,0,2,0,2,0,22,18,0,40,0,0,0,40
01/26/2010,ELM,NY,AEA,EN,Combined TRACON& Tower with Radar,0,24,17,2,43,0,0,4,2,6,0,24,21,4,49,12,0,12,61
01/27/2010,ELM,NY,AEA,EN,Combined TRACON& Tower with Radar,0,26,14,10,50,0,0,7,1,8,0,26,21,11,58,8,18,26,84
01/28/2010,ELM,NY,AEA,EN,Combined TRACON& Tower with Radar,2,27,12,0,41,0,0,0,0,0,2,27,12,0,41,0,0,0,41
01/29/2010,ELM,NY,AEA,EN,Combined TRACON& Tower with Radar,0,20,22,0,42,0,1,2,0,3,0,21,24,0,45,22,0,22,67
01/30/2010,ELM,NY,AEA,EN,Combined TRACON& Tower with Radar,0,15,3,0,18,0,2,2,0,4,0,17,5,0,22,41,0,41,63
01/31/2010,ELM,NY,AEA,EN,Combined TRACON& Tower with Radar,1,11,4,0,16,0,0,5,0,5,1,11,9,0,21,15,0,15,36
02/01/2010,ELM,NY,AEA,EN,Combined TRACON& Tower with Radar,0,17,10,0,27,0,0,4,0,4,0,17,14,0,31,18,0,18,49
02/02/2010,ELM,NY,AEA,EN,Combined TRACON& Tower with Radar,0,25,11,0,36,0,0,2,0,2,0,25,13,0,38,24,0,24,62
02/03/2010,ELM,NY,AEA,EN,Combined TRACON& Tower with Radar,0,17,5,0,22,0,0,0,0,0,0,17,5,0,22,12,0,12,34
02/04/2010,ELM,NY,AEA,EN,Combined TRACON& Tower with Radar,1,35,21,0,57,0,0,4,0,4,1,35,25,0,61,28,0,28,89
02/05/2010,ELM,NY,AEA,EN,Combined TRACON& Tower with Radar,0,23,15,0,38,0,0,3,0,3,0,23,18,0,41,42,0,42,83
02/06/2010,ELM,NY,AEA,EN,Combined TRACON& Tower with Radar,0,8,2,0,10,0,0,7,0,7,0,8,9,0,17,26,0,26,43
02/07/2010,ELM,NY,AEA,EN,Combined TRACON& Tower with Radar,2,15,3,0,20,0,0,1,0,1,2,15,4,0,21,14,0,14,35
02/08/2010,ELM,NY,AEA,EN,Combined TRACON& Tower with Radar,0,17,20,2,39,0,1,2,1,4,0,18,22,3,43,20,14,34,77
02/09/2010,ELM,NY,AEA,EN,Combined TRACON& Tower with Radar,0,27,8,5,40,0,0,3,4,7,0,27,11,9,47,68,38,106,153
02/10/2010,ELM,NY,AEA,EN,Combined TRACON& Tower with Radar,0,15,5,0,20,0,0,0,0,0,0,15,5,0,20,0,0,0,20
02/11/2010,ELM,NY,AEA,EN,Combined TRACON& Tower with Radar,2,14,9,0,25,0,2,1,0,3,2,16,10,0,28,40,0,40,68
02/12/2010,ELM,NY,AEA,EN,Combined TRACON& Tower with Radar,0,22,20,0,42,0,0,3,0,3,0,22,23,0,45,52,0,52,97
02/13/2010,ELM,NY,AEA,EN,Combined TRACON& Tower with Radar,2,16,9,0,27,0,0,0,0,0,2,16,9,0,27,0,0,0,27
02/14/2010,ELM,NY,AEA,EN,Combined TRACON& Tower with Radar,2,14,7,0,23,0,0,0,0,0,2,14,7,0,23,0,0,0,23
02/15/2010,ELM,NY,AEA,EN,Combined TRACON& Tower with Radar,0,24,18,1,43,0,0,11,0,11,0,24,29,1,54,18,0,18,72
02/16/2010,ELM,NY,AEA,EN,Combined TRACON& Tower with Radar,2,24,9,0,35,0,0,0,0,0,2,24,9,0,35,18,0,18,53
02/17/2010,ELM,NY,AEA,EN,Combined TRACON& Tower with Radar,0,28,16,1,45,0,0,1,0,1,0,28,17,1,46,8,0,8,54
02/18/2010,ELM,NY,AEA,EN,Combined TRACON& Tower with Radar,2,36,9,0,47,0,0,0,1,1,2,36,9,1,48,0,0,0,48
02/19/2010,ELM,NY,AEA,EN,Combined TRACON& Tower with Radar,0,28,14,0,42,0,0,0,0,0,0,28,14,0,42,32,0,32,74
02/20/2010,ELM,NY,AEA,EN,Combined TRACON& Tower with Radar,2,26,13,0,41,0,0,15,0,15,2,26,28,0,56,32,0,32,88
02/21/2010,ELM,NY,AEA,EN,Combined TRACON& Tower with Radar,4,16,14,0,34,0,1,19,0,20,4,17,33,0,54,26,0,26,80
02/22/2010,ELM,NY,AEA,EN,Combined TRACON& Tower with Radar,0,38,15,0,53,0,0,2,0,2,0,38,17,0,55,34,0,34,89
02/23/2010,ELM,NY,AEA,EN,Combined TRACON& Tower with Radar,0,24,14,4,42,0,0,0,0,0,0,24,14,4,42,6,0,6,48
02/24/2010,ELM,NY,AEA,EN,Combined TRACON& Tower with Radar,0,27,21,0,48,0,0,0,0,0,0,27,21,0,48,0,0,0,48
02/25/2010,ELM,NY,AEA,EN,Combined TRACON& Tower with Radar,2,17,1,0,20,0,0,0,0,0,2,17,1,0,20,0,0,0,20
02/26/2010,ELM,NY,AEA,EN,Combined TRACON& Tower with Radar,0,32,8,0,40,0,0,0,0,0,0,32,8,0,40,0,0,0,40
02/27/2010,ELM,NY,AEA,EN,Combined TRACON& Tower with Radar,0,15,3,0,18,0,0,0,0,0,0,15,3,0,18,0,0,0,18
02/28/2010,ELM,NY,AEA,EN,Combined TRACON& Tower with Radar,2,13,7,3,25,0,0,0,2,2,2,13,7,5,27,0,0,0,27
03/01/2010,ELM,NY,AEA,EN,Combined TRACON& Tower with Radar,0,28,12,0,40,0,0,1,0,1,0,28,13,0,41,26,4,30,71
03/02/2010,ELM,NY,AEA,EN,Combined TRACON& Tower with Radar,0,30,14,0,44,0,0,4,2,6,0,30,18,2,50,20,4,24,74
03/03/2010,ELM,NY,AEA,EN,Combined TRACON& Tower with Radar,0,28,12,0,40,0,0,0,0,0,0,28,12,0,40,2,0,2,42
03/04/2010,ELM,NY,AEA,EN,Combined TRACON& Tower with Radar,2,38,17,2,59,0,0,19,0,19,2,38,36,2,78,74,0,74,152
03/05/2010,ELM,NY,AEA,EN,Combined TRACON& Tower with Radar,0,26,26,0,52,0,0,29,0,29,0,26,55,0,81,76,0,76,157
03/06/2010,ELM,NY,AEA,EN,Combined TRACON& Tower with Radar,0,16,5,0,21,0,2,23,0,25,0,18,28,0,46,46,0,46,92
03/07/2010,ELM,NY,AEA,EN,Combined TRACON& Tower with Radar,2,14,16,0,32,0,0,23,0,23,2,14,39,0,55,70,0,70,125
03/08/2010,ELM,NY,AEA,EN,Combined TRACON& Tower with Radar,0,24,20,0,44,0,2,22,2,26,0,26,42,2,70,36,0,36,106
03/09/2010,ELM,NY,AEA,EN,Combined TRACON& Tower with Radar,0,24,17,0,41,0,7,23,0,30,0,31,40,0,71,44,0,44,115
03/10/2010,ELM,NY,AEA,EN,Combined TRACON& Tower with Radar,2,27,13,2,44,0,1,18,4,23,2,28,31,6,67,76,0,76,143
03/11/2010,ELM,NY,AEA,EN,Combined TRACON& Tower with Radar,0,31,15,1,47,0,0,10,1,11,0,31,25,2,58,26,0,26,84
03/12/2010,ELM,NY,AEA,EN,Combined TRACON& Tower with Radar,0,29,20,0,49,0,0,0,0,0,0,29,20,0,49,0,0,0,49
03/13/2010,ELM,NY,AEA,EN,Combined TRACON& Tower with Radar,2,17,2,0,21,0,0,0,0,0,2,17,2,0,21,0,0,0,21
03/14/2010,ELM,NY,AEA,EN,Combined TRACON& Tower with Radar,0,12,12,0,24,0,0,1,0,1,0,12,13,0,25,2,0,2,27
03/15/2010,ELM,NY,AEA,EN,Combined TRACON& Tower with Radar,0,25,14,0,39,0,0,0,0,0,0,25,14,0,39,0,0,0,39
03/16/2010,ELM,NY,AEA,EN,Combined TRACON& Tower with Radar,0,27,17,1,45,0,2,27,5,34,0,29,44,6,79,52,8,60,139
03/17/2010,ELM,NY,AEA,EN,Combined TRACON& Tower with Radar,3,27,16,1,47,0,0,17,0,17,3,27,33,1,64,62,2,64,128
03/18/2010,ELM,NY,AEA,EN,Combined TRACON& Tower with Radar,0,36,20,0,56,0,1,14,6,21,0,37,34,6,77,63,6,69,146
03/19/2010,ELM,NY,AEA,EN,Combined TRACON& Tower with Radar,0,29,40,1,70,0,2,17,2,21,0,31,57,3,91,37,6,43,134
03/20/2010,ELM,NY,AEA,EN,Combined TRACON& Tower with Radar,2,21,9,0,32,0,1,14,0,15,2,22,23,0,47,44,0,44,91
03/21/2010,ELM,NY,AEA,EN,Combined TRACON& Tower with Radar,2,15,16,0,33,0,0,16,0,16,2,15,32,0,49,46,0,46,95
03/22/2010,ELM,NY,AEA,EN,Combined TRACON& Tower with Radar,0,27,17,0,44,0,0,0,0,0,0,27,17,0,44,0,0,0,44
03/23/2010,ELM,NY,AEA,EN,Combined TRACON& Tower with Radar,0,33,10,0,43,0,0,0,0,0,0,33,10,0,43,0,0,0,43
03/24/2010,ELM,NY,AEA,EN,Combined TRACON& Tower with Radar,2,28,20,0,50,0,1,1,0,2,2,29,21,0,52,34,0,34,86
03/25/2010,ELM,NY,AEA,EN,Combined TRACON& Tower with Radar,0,30,25,1,56,0,1,3,0,4,0,31,28,1,60,33,1,34,94
03/26/2010,ELM,NY,AEA,EN,Combined TRACON& Tower with Radar,0,26,23,0,49,0,0,8,2,10,0,26,31,2,59,0,0,0,59
03/27/2010,ELM,NY,AEA,EN,Combined TRACON& Tower with Radar,0,14,8,3,25,0,2,17,3,22,0,16,25,6,47,50,0,50,97
03/28/2010,ELM,NY,AEA,EN,Combined TRACON& Tower with Radar,2,13,8,0,23,0,0,0,1,1,2,13,8,1,24,0,0,0,24
03/29/2010,ELM,NY,AEA,EN,Combined TRACON& Tower with Radar,0,27,21,0,48,0,0,0,0,0,0,27,21,0,48,6,0,6,54
03/30/2010,ELM,NY,AEA,EN,Combined TRACON& Tower with Radar,0,27,5,0,32,0,0,0,1,1,0,27,5,1,33,0,0,0,33
03/31/2010,ELM,NY,AEA,EN,Combined TRACON& Tower with Radar,0,32,33,2,67,0,0,12,5,17,0,32,45,7,84,76,2,78,162
04/01/2010,ELM,NY,AEA,EN,Combined TRACON& Tower with Radar,2,37,18,2,59,0,2,27,7,36,2,39,45,9,95,52,0,52,147
04/02/2010,ELM,NY,AEA,EN,Combined TRACON& Tower with Radar,2,25,18,0,45,0,0,23,1,24,2,25,41,1,69,81,0,81,150
04/03/2010,ELM,NY,AEA,EN,Combined TRACON& Tower with Radar,0,16,6,0,22,0,4,32,0,36,0,20,38,0,58,52,0,52,110
04/04/2010,ELM,NY,AEA,EN,Combined TRACON& Tower with Radar,3,15,4,0,22,0,0,7,0,7,3,15,11,0,29,34,0,34,63
04/05/2010,ELM,NY,AEA,EN,Combined TRACON& Tower with Radar,0,24,22,1,47,0,0,13,2,15,0,24,35,3,62,38,0,38,100
04/06/2010,ELM,NY,AEA,EN,Combined TRACON& Tower with Radar,0,29,9,0,38,0,0,4,5,9,0,29,13,5,47,32,4,36,83
04/07/2010,ELM,NY,AEA,EN,Combined TRACON& Tower with Radar,0,26,25,2,53,0,0,7,0,7,0,26,32,2,60,36,6,42,102
04/08/2010,ELM,NY,AEA,EN,Combined TRACON& Tower with Radar,2,37,16,0,55,0,0,8,0,8,2,37,24,0,63,0,0,0,63
04/09/2010,ELM,NY,AEA,EN,Combined TRACON& Tower with Radar,2,28,20,0,50,0,2,6,0,8,2,30,26,0,58,20,0,20,78
04/10/2010,ELM,NY,AEA,EN,Combined TRACON& Tower with Radar,0,17,5,1,23,0,1,18,1,20,0,18,23,2,43,50,0,50,93
04/11/2010,ELM,NY,AEA,EN,Combined TRACON& Tower with Radar,3,16,16,0,35,0,0,21,0,21,3,16,37,0,56,72,0,72,128
04/12/2010,ELM,NY,AEA,EN,Combined TRACON& Tower with Radar,0,23,8,2,33,0,1,8,2,11,0,24,16,4,44,64,4,68,112
04/13/2010,ELM,NY,AEA,EN,Combined TRACON& Tower with Radar,0,30,14,0,44,0,0,21,3,24,0,30,35,3,68,46,0,46,114
04/14/2010,ELM,NY,AEA,EN,Combined TRACON& Tower with Radar,0,24,26,2,52,0,2,23,4,29,0,26,49,6,81,68,4,72,153
04/15/2010,ELM,NY,AEA,EN,Combined TRACON& Tower with Radar,2,41,18,6,67,0,0,15,3,18,2,41,33,9,85,28,0,28,113
04/16/2010,ELM,NY,AEA,EN,Combined TRACON& Tower with Radar,0,28,22,0,50,0,0,4,0,4,0,28,26,0,54,8,0,8,62
04/17/2010,ELM,NY,AEA,EN,Combined TRACON& Tower with Radar,2,19,10,0,31,0,0,3,0,3,2,19,13,0,34,0,0,0,34
04/18/2010,ELM,NY,AEA,EN,Combined TRACON& Tower with Radar,2,14,14,0,30,0,0,2,0,2,2,14,16,0,32,8,0,8,40
04/19/2010,ELM,NY,AEA,EN,Combined TRACON& Tower with Radar,0,27,16,0,43,0,0,14,0,14,0,27,30,0,57,20,0,20,77
04/20/2010,ELM,NY,AEA,EN,Combined TRACON& Tower with Radar,0,28,8,1,37,0,0,10,1,11,0,28,18,2,48,24,0,24,72
04/21/2010,ELM,NY,AEA,EN,Combined TRACON& Tower with Radar,0,26,19,1,46,0,1,12,3,16,0,27,31,4,62,64,16,80,142
04/22/2010,ELM,NY,AEA,EN,Combined TRACON& Tower with Radar,2,28,21,1,52,0,0,14,0,14,2,28,35,1,66,90,0,90,156
04/23/2010,ELM,NY,AEA,EN,Combined TRACON& Tower with Radar,0,29,29,0,58,0,0,20,0,20,0,29,49,0,78,88,0,88,166
04/24/2010,ELM,NY,AEA,EN,Combined TRACON& Tower with Radar,2,18,7,0,27,0,0,18,1,19,2,18,25,1,46,0,0,0,46
04/25/2010,ELM,NY,AEA,EN,Combined TRACON& Tower with Radar,2,15,9,0,26,0,0,0,0,0,2,15,9,0,26,0,0,0,26
04/26/2010,ELM,NY,AEA,EN,Combined TRACON& Tower with Radar,0,23,18,0,41,0,0,0,0,0,0,23,18,0,41,0,0,0,41
04/27/2010,ELM,NY,AEA,EN,Combined TRACON& Tower with Radar,0,31,27,0,58,0,0,2,0,2,0,31,29,0,60,4,0,4,64
04/28/2010,ELM,NY,AEA,EN,Combined TRACON& Tower with Radar,0,29,31,1,61,0,0,10,0,10,0,29,41,1,71,8,4,12,83
04/29/2010,ELM,NY,AEA,EN,Combined TRACON& Tower with Radar,2,36,32,1,71,0,0,11,2,13,2,36,43,3,84,46,2,48,132
04/30/2010,ELM,NY,AEA,EN,Combined TRACON& Tower with Radar,0,26,27,4,57,0,0,32,3,35,0,26,59,7,92,36,16,52,144
05/01/2010,ELM,NY,AEA,EN,Combined TRACON& Tower with Radar,0,15,13,2,30,0,3,16,0,19,0,18,29,2,49,52,0,52,101
05/02/2010,ELM,NY,AEA,EN,Combined TRACON& Tower with Radar,0,15,12,0,27,0,0,9,0,9,0,15,21,0,36,16,0,16,52
05/03/2010,ELM,NY,AEA,EN,Combined TRACON& Tower with Radar,2,24,24,0,50,0,2,7,0,9,2,26,31,0,59,4,0,4,63
05/04/2010,ELM,NY,AEA,EN,Combined TRACON& Tower with Radar,0,26,23,0,49,0,0,23,0,23,0,26,46,0,72,14,0,14,86
05/05/2010,ELM,NY,AEA,EN,Combined TRACON& Tower with Radar,0,26,29,1,56,0,4,29,4,37,0,30,58,5,93,76,0,76,169
05/06/2010,ELM,NY,AEA,EN,Combined TRACON& Tower with Radar,0,35,20,0,55,0,0,15,0,15,0,35,35,0,70,44,0,44,114
05/07/2010,ELM,NY,AEA,EN,Combined TRACON& Tower with Radar,2,27,23,0,52,0,0,15,0,15,2,27,38,0,67,72,2,74,141
05/08/2010,ELM,NY,AEA,EN,Combined TRACON& Tower with Radar,0,27,0,0,27,0,0,0,0,0,0,27,0,0,27,0,0,0,27
05/09/2010,ELM,NY,AEA,EN,Combined TRACON& Tower with Radar,0,17,5,0,22,0,0,1,0,1,0,17,6,0,23,0,0,0,23
05/10/2010,ELM,NY,AEA,EN,Combined TRACON& Tower with Radar,2,22,13,0,37,0,2,8,0,10,2,24,21,0,47,50,0,50,97
05/11/2010,ELM,NY,AEA,EN,Combined TRACON& Tower with Radar,0,30,20,2,52,0,0,12,4,16,0,30,32,6,68,76,0,76,144
05/12/2010,ELM,NY,AEA,EN,Combined TRACON& Tower with Radar,0,31,28,0,59,0,0,0,0,0,0,31,28,0,59,0,0,0,59
05/13/2010,ELM,NY,AEA,EN,Combined TRACON& Tower with Radar,0,30,21,1,52,0,0,18,0,18,0,30,39,1,70,34,0,34,104
05/14/2010,ELM,NY,AEA,EN,Combined TRACON& Tower with Radar,2,24,13,0,39,0,0,3,0,3,2,24,16,0,42,60,0,60,102
05/15/2010,ELM,NY,AEA,EN,Combined TRACON& Tower with Radar,0,19,5,0,24,0,0,11,1,12,0,19,16,1,36,32,0,32,68
05/16/2010,ELM,NY,AEA,EN,Combined TRACON& Tower with Radar,0,15,9,0,24,0,0,26,0,26,0,15,35,0,50,96,0,96,146
05/17/2010,ELM,NY,AEA,EN,Combined TRACON& Tower with Radar,2,24,25,0,51,0,0,9,0,9,2,24,34,0,60,8,0,8,68
05/18/2010,ELM,NY,AEA,EN,Combined TRACON& Tower with Radar,0,34,27,0,61,0,0,2,0,2,0,34,29,0,63,2,0,2,65
05/19/2010,ELM,NY,AEA,EN,Combined TRACON& Tower with Radar,0,32,25,1,58,0,0,16,3,19,0,32,41,4,77,86,26,112,189
05/20/2010,ELM,NY,AEA,EN,Combined TRACON& Tower with Radar,0,29,25,0,54,0,3,40,0,43,0,32,65,0,97,0,0,0,97
05/21/2010,ELM,NY,AEA,EN,Combined TRACON& Tower with Radar,2,24,21,0,47,0,0,20,2,22,2,24,41,2,69,0,0,0,69
05/22/2010,ELM,NY,AEA,EN,Combined TRACON& Tower with Radar,0,19,10,0,29,0,0,10,4,14,0,19,20,4,43,40,0,40,83
05/23/2010,ELM,NY,AEA,EN,Combined TRACON& Tower with Radar,0,19,8,0,27,0,0,8,0,8,0,19,16,0,35,20,0,20,55
05/24/2010,ELM,NY,AEA,EN,Combined TRACON& Tower with Radar,2,24,23,0,49,0,0,18,0,18,2,24,41,0,67,0,0,0,67
05/25/2010,ELM,NY,AEA,EN,Combined TRACON& Tower with Radar,0,35,22,0,57,0,0,14,0,14,0,35,36,0,71,44,0,44,115
05/26/2010,ELM,NY,AEA,EN,Combined TRACON& Tower with Radar,0,27,36,0,63,0,3,19,0,22,0,30,55,0,85,56,0,56,141
05/27/2010,ELM,NY,AEA,EN,Combined TRACON& Tower with Radar,0,36,39,0,75,0,0,9,1,10,0,36,48,1,85,42,0,42,127
05/28/2010,ELM,NY,AEA,EN,Combined TRACON& Tower with Radar,2,32,28,0,62,0,0,13,0,13,2,32,41,0,75,53,0,53,128
05/29/2010,ELM,NY,AEA,EN,Combined TRACON& Tower with Radar,0,17,4,0,21,0,0,9,1,10,0,17,13,1,31,64,0,64,95
05/30/2010,ELM,NY,AEA,EN,Combined TRACON& Tower with Radar,0,16,8,0,24,0,0,31,0,31,0,16,39,0,55,46,0,46,101
05/31/2010,ELM,NY,AEA,EN,Combined TRACON& Tower with Radar,2,20,8,0,30,0,0,9,0,9,2,20,17,0,39,18,0,18,57
06/01/2010,ELM,NY,AEA,EN,Combined TRACON& Tower with Radar,0,25,23,2,50,0,0,9,0,9,0,25,32,2,59,28,0,28,87
06/02/2010,ELM,NY,AEA,EN,Combined TRACON& Tower with Radar,0,39,28,1,68,0,0,17,1,18,0,39,45,2,86,100,0,100,186
06/03/2010,ELM,NY,AEA,EN,Combined TRACON& Tower with Radar,0,37,32,0,69,0,0,13,1,14,0,37,45,1,83,78,4,82,165
06/04/2010,ELM,NY,AEA,EN,Combined TRACON& Tower with Radar,2,30,24,0,56,0,0,14,0,14,2,30,38,0,70,44,10,54,124
06/05/2010,ELM,NY,AEA,EN,Combined TRACON& Tower with Radar,0,30,11,0,41,0,0,7,0,7,0,30,18,0,48,24,0,24,72
06/06/2010,ELM,NY,AEA,EN,Combined TRACON& Tower with Radar,0,21,15,0,36,0,0,0,0,0,0,21,15,0,36,2,0,2,38
06/07/2010,ELM,NY,AEA,EN,Combined TRACON& Tower with Radar,3,32,23,0,58,0,2,16,0,18,3,34,39,0,76,63,0,63,139
06/08/2010,ELM,NY,AEA,EN,Combined TRACON& Tower with Radar,0,34,25,0,59,0,0,10,0,10,0,34,35,0,69,58,0,58,127
06/09/2010,ELM,NY,AEA,EN,Combined TRACON& Tower with Radar,0,29,22,0,51,0,0,1,0,1,0,29,23,0,52,0,0,0,52
06/10/2010,ELM,NY,AEA,EN,Combined TRACON& Tower with Radar,0,38,20,0,58,0,0,4,0,4,0,38,24,0,62,36,0,36,98
06/11/2010,ELM,NY,AEA,EN,Combined TRACON& Tower with Radar,2,26,20,0,48,0,1,26,0,27,2,27,46,0,75,92,0,92,167
06/12/2010,ELM,NY,AEA,EN,Combined TRACON& Tower with Radar,0,23,7,0,30,0,0,3,0,3,0,23,10,0,33,22,0,22,55
06/13/2010,ELM,NY,AEA,EN,Combined TRACON& Tower with Radar,0,22,28,0,50,0,0,0,0,0,0,22,28,0,50,6,0,6,56
06/14/2010,ELM,NY,AEA,EN,Combined TRACON& Tower with Radar,2,26,18,0,46,0,0,1,0,1,2,26,19,0,47,12,0,12,59
06/15/2010,ELM,NY,AEA,EN,Combined TRACON& Tower with Radar,0,28,25,0,53,0,0,30,0,30,0,28,55,0,83,76,0,76,159
06/16/2010,ELM,NY,AEA,EN,Combined TRACON& Tower with Radar,0,29,23,0,52,0,0,0,0,0,0,29,23,0,52,2,4,6,58
06/17/2010,ELM,NY,AEA,EN,Combined TRACON& Tower with Radar,0,28,21,0,49,0,0,14,0,14,0,28,35,0,63,30,0,30,93
06/18/2010,ELM,NY,AEA,EN,Combined TRACON& Tower with Radar,2,26,30,0,58,0,0,27,3,30,2,26,57,3,88,30,0,30,118
06/19/2010,ELM,NY,AEA,EN,Combined TRACON& Tower with Radar,0,17,17,0,34,0,0,5,0,5,0,17,22,0,39,52,0,52,91
06/20/2010,ELM,NY,AEA,EN,Combined TRACON& Tower with Radar,0,18,11,0,29,0,0,9,0,9,0,18,20,0,38,20,0,20,58
06/21/2010,ELM,NY,AEA,EN,Combined TRACON& Tower with Radar,3,22,27,1,53,0,2,19,2,23,3,24,46,3,76,78,0,78,154
06/22/2010,ELM,NY,AEA,EN,Combined TRACON& Tower with Radar,0,29,17,0,46,0,0,3,1,4,0,29,20,1,50,2,0,2,52
06/23/2010,ELM,NY,AEA,EN,Combined TRACON& Tower with Radar,0,29,27,1,57,0,0,16,3,19,0,29,43,4,76,66,0,66,142
06/24/2010,ELM,NY,AEA,EN,Combined TRACON& Tower with Radar,0,35,17,1,53,0,0,6,1,7,0,35,23,2,60,15,0,15,75
06/25/2010,ELM,NY,AEA,EN,Combined TRACON& Tower with Radar,2,28,23,0,53,0,0,18,2,20,2,28,41,2,73,36,0,36,109
06/26/2010,ELM,NY,AEA,EN,Combined TRACON& Tower with Radar,0,17,9,0,26,0,0,7,0,7,0,17,16,0,33,13,0,13,46
06/27/2010,ELM,NY,AEA,EN,Combined TRACON& Tower with Radar,0,18,10,0,28,0,1,17,0,18,0,19,27,0,46,55,0,55,101
06/28/2010,ELM,NY,AEA,EN,Combined TRACON& Tower with Radar,2,32,17,0,51,0,0,1,0,1,2,32,18,0,52,8,0,8,60
06/29/2010,ELM,NY,AEA,EN,Combined TRACON& Tower with Radar,0,32,25,0,57,0,0,13,0,13,0,32,38,0,70,48,6,54,124
06/30/2010,ELM,NY,AEA,EN,Combined TRACON& Tower with Radar,0,30,17,2,49,0,1,24,0,25,0,31,41,2,74,64,0,64,138
07/01/2010,ELM,NY,AEA,EN,Combined TRACON& Tower with Radar,0,32,18,0,50,0,1,21,0,22,0,33,39,0,72,65,0,65,137
07/02/2010,ELM,NY,AEA,EN,Combined TRACON& Tower with Radar,5,27,26,0,58,0,0,24,0,24,5,27,50,0,82,79,0,79,161
07/03/2010,ELM,NY,AEA,EN,Combined TRACON& Tower with Radar,0,19,14,0,33,0,2,13,0,15,0,21,27,0,48,50,0,50,98
07/04/2010,ELM,NY,AEA,EN,Combined TRACON& Tower with Radar,2,19,30,0,51,0,0,10,0,10,2,19,40,0,61,29,0,29,90
07/05/2010,ELM,NY,AEA,EN,Combined TRACON& Tower with Radar,2,22,8,0,32,0,0,10,0,10,2,22,18,0,42,42,0,42,84
07/06/2010,ELM,NY,AEA,EN,Combined TRACON& Tower with Radar,0,29,13,1,43,0,0,5,1,6,0,29,18,2,49,20,0,20,69
07/07/2010,ELM,NY,AEA,EN,Combined TRACON& Tower with Radar,0,28,22,0,50,0,0,26,2,28,0,28,48,2,78,66,0,66,144
07/08/2010,ELM,NY,AEA,EN,Combined TRACON& Tower with Radar,0,39,30,1,70,0,0,8,2,10,0,39,38,3,80,70,0,70,150
07/09/2010,ELM,NY,AEA,EN,Combined TRACON& Tower with Radar,3,27,27,1,58,0,0,8,3,11,3,27,35,4,69,26,0,26,95
07/10/2010,ELM,NY,AEA,EN,Combined TRACON& Tower with Radar,0,17,18,0,35,0,0,9,1,10,0,17,27,1,45,80,0,80,125
07/11/2010,ELM,NY,AEA,EN,Combined TRACON& Tower with Radar,0,16,15,0,31,0,0,24,0,24,0,16,39,0,55,42,0,42,97
07/12/2010,ELM,NY,AEA,EN,Combined TRACON& Tower with Radar,2,23,23,2,50,0,0,29,0,29,2,23,52,2,79,53,0,53,132
07/13/2010,ELM,NY,AEA,EN,Combined TRACON& Tower with Radar,0,35,21,2,58,0,0,2,0,2,0,35,23,2,60,80,0,80,140
07/14/2010,ELM,NY,AEA,EN,Combined TRACON& Tower with Radar,0,30,18,0,48,0,0,16,3,19,0,30,34,3,67,142,0,142,209
07/15/2010,ELM,NY,AEA,EN,Combined TRACON& Tower with Radar,0,31,25,0,56,0,0,10,1,11,0,31,35,1,67,128,8,136,203
07/16/2010,ELM,NY,AEA,EN,Combined TRACON& Tower with Radar,3,25,24,1,53,0,0,7,0,7,3,25,31,1,60,72,0,72,132
07/17/2010,ELM,NY,AEA,EN,Combined TRACON& Tower with Radar,0,18,6,0,24,0,0,11,0,11,0,18,17,0,35,54,28,82,117
07/18/2010,ELM,NY,AEA,EN,Combined TRACON& Tower with Radar,0,17,8,0,25,0,0,10,1,11,0,17,18,1,36,52,0,52,88
07/19/2010,ELM,NY,AEA,EN,Combined TRACON& Tower with Radar,2,26,17,0,45,0,0,7,2,9,2,26,24,2,54,46,0,46,100
07/20/2010,ELM,NY,AEA,EN,Combined TRACON& Tower with Radar,0,30,23,1,54,0,0,19,1,20,0,30,42,2,74,60,0,60,134
07/21/2010,ELM,NY,AEA,EN,Combined TRACON& Tower with Radar,0,34,19,0,53,0,0,6,0,6,0,34,25,0,59,68,0,68,127
07/22/2010,ELM,NY,AEA,EN,Combined TRACON& Tower with Radar,0,40,27,0,67,0,0,19,1,20,0,40,46,1,87,133,0,133,220
07/23/2010,ELM,NY,AEA,EN,Combined TRACON& Tower with Radar,2,26,24,0,52,0,0,1,0,1,2,26,25,0,53,48,0,48,101
07/24/2010,ELM,NY,AEA,EN,Combined TRACON& Tower with Radar,0,20,4,0,24,0,0,5,0,5,0,20,9,0,29,45,0,45,74
07/25/2010,ELM,NY,AEA,EN,Combined TRACON& Tower with Radar,0,15,15,0,30,0,0,13,0,13,0,15,28,0,43,18,0,18,61
07/26/2010,ELM,NY,AEA,EN,Combined TRACON& Tower with Radar,2,24,31,0,57,0,0,29,0,29,2,24,60,0,86,58,0,58,144
07/27/2010,ELM,NY,AEA,EN,Combined TRACON& Tower with Radar,0,31,17,0,48,0,0,21,0,21,0,31,38,0,69,76,0,76,145
07/28/2010,ELM,NY,AEA,EN,Combined TRACON& Tower with Radar,0,29,34,0,63,0,0,13,0,13,0,29,47,0,76,98,0,98,174
07/29/2010,ELM,NY,AEA,EN,Combined TRACON& Tower with Radar,0,39,27,0,66,0,0,19,1,20,0,39,46,1,86,73,0,73,159
07/30/2010,ELM,NY,AEA,EN,Combined TRACON& Tower with Radar,2,31,23,0,56,0,0,12,3,15,2,31,35,3,71,72,0,72,143
07/31/2010,ELM,NY,AEA,EN,Combined TRACON& Tower with Radar,0,15,16,0,31,0,2,21,0,23,0,17,37,0,54,92,0,92,146
08/01/2010,ELM,NY,AEA,EN,Combined TRACON& Tower with Radar,0,18,15,0,33,0,0,10,0,10,0,18,25,0,43,22,0,22,65
08/02/2010,ELM,NY,AEA,EN,Combined TRACON& Tower with Radar,2,23,18,0,43,0,0,11,0,11,2,23,29,0,54,108,0,108,162
08/03/2010,ELM,NY,AEA,EN,Combined TRACON& Tower with Radar,0,29,25,0,54,0,0,18,0,18,0,29,43,0,72,38,0,38,110
08/04/2010,ELM,NY,AEA,EN,Combined TRACON& Tower with Radar,0,31,32,0,63,0,1,18,2,21,0,32,50,2,84,109,0,109,193
08/05/2010,ELM,NY,AEA,EN,Combined TRACON& Tower with Radar,0,47,55,0,102,0,0,11,2,13,0,47,66,2,115,116,0,116,231
08/06/2010,ELM,NY,AEA,EN,Combined TRACON& Tower with Radar,2,30,34,2,68,0,0,15,3,18,2,30,49,5,86,40,0,40,126
08/07/2010,ELM,NY,AEA,EN,Combined TRACON& Tower with Radar,0,26,37,0,63,0,0,17,0,17,0,26,54,0,80,58,0,58,138
08/08/2010,ELM,NY,AEA,EN,Combined TRACON& Tower with Radar,0,32,74,0,106,0,0,26,0,26,0,32,100,0,132,94,0,94,226
08/09/2010,ELM,NY,AEA,EN,Combined TRACON& Tower with Radar,2,27,14,0,43,0,0,13,0,13,2,27,27,0,56,58,0,58,114
08/10/2010,ELM,NY,AEA,EN,Combined TRACON& Tower with Radar,0,31,12,0,43,0,0,13,0,13,0,31,25,0,56,56,0,56,112
08/11/2010,ELM,NY,AEA,EN,Combined TRACON& Tower with Radar,0,27,22,0,49,0,0,9,0,9,0,27,31,0,58,12,0,12,70
08/12/2010,ELM,NY,AEA,EN,Combined TRACON& Tower with Radar,0,29,12,0,41,0,0,4,0,4,0,29,16,0,45,46,0,46,91
08/13/2010,ELM,NY,AEA,EN,Combined TRACON& Tower with Radar,2,29,18,0,49,0,0,19,0,19,2,29,37,0,68,80,0,80,148
08/14/2010,ELM,NY,AEA,EN,Combined TRACON& Tower with Radar,0,16,6,0,22,0,2,19,0,21,0,18,25,0,43,108,0,108,151
08/15/2010,ELM,NY,AEA,EN,Combined TRACON& Tower with Radar,0,18,12,0,30,0,0,0,0,0,0,18,12,0,30,1,0,1,31
08/16/2010,ELM,NY,AEA,EN,Combined TRACON& Tower with Radar,2,26,19,0,47,0,0,2,0,2,2,26,21,0,49,56,0,56,105
08/17/2010,ELM,NY,AEA,EN,Combined TRACON& Tower with Radar,0,30,20,2,52,0,2,19,0,21,0,32,39,2,73,123,0,123,196
08/18/2010,ELM,NY,AEA,EN,Combined TRACON& Tower with Radar,0,32,16,0,48,0,0,20,0,20,0,32,36,0,68,68,0,68,136
08/19/2010,ELM,NY,AEA,EN,Combined TRACON& Tower with Radar,0,38,13,0,51,0,0,13,0,13,0,38,26,0,64,48,0,48,112
08/20/2010,ELM,NY,AEA,EN,Combined TRACON& Tower with Radar,2,33,22,0,57,0,0,26,1,27,2,33,48,1,84,50,0,50,134
08/21/2010,ELM,NY,AEA,EN,Combined TRACON& Tower with Radar,0,18,2,0,20,0,0,15,0,15,0,18,17,0,35,72,0,72,107
08/22/2010,ELM,NY,AEA,EN,Combined TRACON& Tower with Radar,0,14,10,0,24,0,0,0,0,0,0,14,10,0,24,0,0,0,24
08/23/2010,ELM,NY,AEA,EN,Combined TRACON& Tower with Radar,2,25,22,0,49,0,0,0,0,0,2,25,22,0,49,6,0,6,55
08/24/2010,ELM,NY,AEA,EN,Combined TRACON& Tower with Radar,0,30,14,0,44,0,0,0,0,0,0,30,14,0,44,0,0,0,44
08/25/2010,ELM,NY,AEA,EN,Combined TRACON& Tower with Radar,0,28,17,0,45,0,0,2,0,2,0,28,19,0,47,9,0,9,56
08/26/2010,ELM,NY,AEA,EN,Combined TRACON& Tower with Radar,0,30,24,0,54,0,2,12,0,14,0,32,36,0,68,32,0,32,100
08/27/2010,ELM,NY,AEA,EN,Combined TRACON& Tower with Radar,2,30,17,0,49,0,2,21,0,23,2,32,38,0,72,0,0,0,72
08/28/2010,ELM,NY,AEA,EN,Combined TRACON& Tower with Radar,0,17,15,0,32,0,1,19,0,20,0,18,34,0,52,0,0,0,52
08/29/2010,ELM,NY,AEA,EN,Combined TRACON& Tower with Radar,0,20,15,0,35,0,0,15,0,15,0,20,30,0,50,12,0,12,62
08/30/2010,ELM,NY,AEA,EN,Combined TRACON& Tower with Radar,2,22,12,0,36,0,2,19,0,21,2,24,31,0,57,38,0,38,95
08/31/2010,ELM,NY,AEA,EN,Combined TRACON& Tower with Radar,0,33,11,0,44,0,0,15,0,15,0,33,26,0,59,30,0,30,89
09/01/2010,ELM,NY,AEA,EN,Combined TRACON& Tower with Radar,0,31,16,5,52,0,0,9,6,15,0,31,25,11,67,30,20,50,117
09/02/2010,ELM,NY,AEA,EN,Combined TRACON& Tower with Radar,0,36,24,0,60,0,0,3,0,3,0,36,27,0,63,84,0,84,147
09/03/2010,ELM,NY,AEA,EN,Combined TRACON& Tower with Radar,2,30,15,0,47,0,0,13,3,16,2,30,28,3,63,62,6,68,131
09/04/2010,ELM,NY,AEA,EN,Combined TRACON& Tower with Radar,0,17,6,0,23,0,0,1,0,1,0,17,7,0,24,0,0,0,24
09/05/2010,ELM,NY,AEA,EN,Combined TRACON& Tower with Radar,0,13,13,0,26,0,0,12,0,12,0,13,25,0,38,48,0,48,86
09/06/2010,ELM,NY,AEA,EN,Combined TRACON& Tower with Radar,2,18,9,0,29,0,0,15,0,15,2,18,24,0,44,18,0,18,62
09/07/2010,ELM,NY,AEA,EN,Combined TRACON& Tower with Radar,0,27,23,0,50,0,0,12,2,14,0,27,35,2,64,58,0,58,122
09/08/2010,ELM,NY,AEA,EN,Combined TRACON& Tower with Radar,0,28,36,0,64,0,0,5,0,5,0,28,41,0,69,14,0,14,83
09/09/2010,ELM,NY,AEA,EN,Combined TRACON& Tower with Radar,2,34,31,0,67,0,0,7,0,7,2,34,38,0,74,24,0,24,98
09/10/2010,ELM,NY,AEA,EN,Combined TRACON& Tower with Radar,0,26,30,0,56,0,1,7,4,12,0,27,37,4,68,28,0,28,96
09/11/2010,ELM,NY,AEA,EN,Combined TRACON& Tower with Radar,0,18,24,0,42,0,3,27,0,30,0,21,51,0,72,94,0,94,166
09/12/2010,ELM,NY,AEA,EN,Combined TRACON& Tower with Radar,2,20,23,1,46,0,0,1,0,1,2,20,24,1,47,0,0,0,47
09/13/2010,ELM,NY,AEA,EN,Combined TRACON& Tower with Radar,0,30,12,0,42,0,0,16,0,16,0,30,28,0,58,40,0,40,98
09/14/2010,ELM,NY,AEA,EN,Combined TRACON& Tower with Radar,0,30,16,1,47,0,0,9,3,12,0,30,25,4,59,56,0,56,115
09/15/2010,ELM,NY,AEA,EN,Combined TRACON& Tower with Radar,0,29,30,0,59,0,2,16,0,18,0,31,46,0,77,0,0,0,77
09/16/2010,ELM,NY,AEA,EN,Combined TRACON& Tower with Radar,2,36,25,0,63,0,0,1,0,1,2,36,26,0,64,22,0,22,86
09/17/2010,ELM,NY,AEA,EN,Combined TRACON& Tower with Radar,0,28,22,4,54,0,0,6,0,6,0,28,28,4,60,0,0,0,60
09/18/2010,ELM,NY,AEA,EN,Combined TRACON& Tower with Radar,0,24,7,0,31,0,2,14,1,17,0,26,21,1,48,36,0,36,84
09/19/2010,ELM,NY,AEA,EN,Combined TRACON& Tower with Radar,2,19,7,0,28,0,0,0,0,0,2,19,7,0,28,24,0,24,52
09/20/2010,ELM,NY,AEA,EN,Combined TRACON& Tower with Radar,0,24,21,0,45,0,3,13,2,18,0,27,34,2,63,46,0,46,109
09/21/2010,ELM,NY,AEA,EN,Combined TRACON& Tower with Radar,0,25,21,0,46,0,0,35,2,37,0,25,56,2,83,83,0,83,166
09/22/2010,ELM,NY,AEA,EN,Combined TRACON& Tower with Radar,0,25,20,0,45,0,0,10,1,11,0,25,30,1,56,32,1,33,89
09/23/2010,ELM,NY,AEA,EN,Combined TRACON& Tower with Radar,2,31,27,0,60,0,0,26,4,30,2,31,53,4,90,72,0,72,162
09/24/2010,ELM,NY,AEA,EN,Combined TRACON& Tower with Radar,0,25,20,0,45,0,2,7,4,13,0,27,27,4,58,20,12,32,90
09/25/2010,ELM,NY,AEA,EN,Combined TRACON& Tower with Radar,0,17,11,1,29,0,0,11,2,13,0,17,22,3,42,30,0,30,72
09/26/2010,ELM,NY,AEA,EN,Combined TRACON& Tower with Radar,2,18,12,0,32,0,0,16,0,16,2,18,28,0,48,20,0,20,68
09/27/2010,ELM,NY,AEA,EN,Combined TRACON& Tower with Radar,0,28,17,0,45,0,0,0,0,0,0,28,17,0,45,0,0,0,45
09/28/2010,ELM,NY,AEA,EN,Combined TRACON& Tower with Radar,0,29,15,1,45,0,0,8,1,9,0,29,23,2,54,6,2,8,62
09/29/2010,ELM,NY,AEA,EN,Combined TRACON& Tower with Radar,0,28,24,11,63,0,0,13,2,15,0,28,37,13,78,32,6,38,116
09/30/2010,ELM,NY,AEA,EN,Combined TRACON& Tower with Radar,2,37,13,0,52,0,0,0,0,0,2,37,13,0,52,0,2,2,54
10/01/2010,ELM,NY,AEA,EN,Combined TRACON& Tower with Radar,0,28,26,0,54,0,2,10,0,12,0,30,36,0,66,26,8,34,100
10/02/2010,ELM,NY,AEA,EN,Combined TRACON& Tower with Radar,0,20,16,0,36,0,0,9,0,9,0,20,25,0,45,64,0,64,109
10/03/2010,ELM,NY,AEA,EN,Combined TRACON& Tower with Radar,2,17,13,0,32,0,0,23,0,23,2,17,36,0,55,24,0,24,79
10/04/2010,ELM,NY,AEA,EN,Combined TRACON& Tower with Radar,0,23,19,0,42,0,0,2,0,2,0,23,21,0,44,10,0,10,54
10/05/2010,ELM,NY,AEA,EN,Combined TRACON& Tower with Radar,0,27,23,0,50,0,0,0,0,0,0,27,23,0,50,0,0,0,50
10/06/2010,ELM,NY,AEA,EN,Combined TRACON& Tower with Radar,0,28,18,0,46,0,0,1,1,2,0,28,19,1,48,16,0,16,64
10/07/2010,ELM,NY,AEA,EN,Combined TRACON& Tower with Radar,2,29,26,0,57,0,2,23,2,27,2,31,49,2,84,11,4,15,99
10/08/2010,ELM,NY,AEA,EN,Combined TRACON& Tower with Radar,0,27,39,0,66,0,0,24,0,24,0,27,63,0,90,34,0,34,124
10/09/2010,ELM,NY,AEA,EN,Combined TRACON& Tower with Radar,0,21,9,0,30,0,1,13,0,14,0,22,22,0,44,43,0,43,87
10/10/2010,ELM,NY,AEA,EN,Combined TRACON& Tower with Radar,2,20,24,0,46,0,0,20,0,20,2,20,44,0,66,66,0,66,132
10/11/2010,ELM,NY,AEA,EN,Combined TRACON& Tower with Radar,0,24,18,0,42,0,1,8,1,10,0,25,26,1,52,14,0,14,66
10/12/2010,ELM,NY,AEA,EN,Combined TRACON& Tower with Radar,0,31,19,0,50,0,6,10,0,16,0,37,29,0,66,70,0,70,136
10/13/2010,ELM,NY,AEA,EN,Combined TRACON& Tower with Radar,0,28,23,0,51,0,1,17,2,20,0,29,40,2,71,58,0,58,129
10/14/2010,ELM,NY,AEA,EN,Combined TRACON& Tower with Radar,2,39,26,0,67,0,0,3,0,3,2,39,29,0,70,16,0,16,86
10/15/2010,ELM,NY,AEA,EN,Combined TRACON& Tower with Radar,0,29,27,0,56,0,0,2,0,2,0,29,29,0,58,0,0,0,58
10/16/2010,ELM,NY,AEA,EN,Combined TRACON& Tower with Radar,0,19,24,1,44,0,2,0,0,2,0,21,24,1,46,28,4,32,78
10/17/2010,ELM,NY,AEA,EN,Combined TRACON& Tower with Radar,3,18,12,0,33,0,2,16,0,18,3,20,28,0,51,38,0,38,89
10/18/2010,ELM,NY,AEA,EN,Combined TRACON& Tower with Radar,0,25,24,0,49,0,12,9,3,24,0,37,33,3,73,78,34,112,185
10/19/2010,ELM,NY,AEA,EN,Combined TRACON& Tower with Radar,0,31,14,0,45,0,1,23,0,24,0,32,37,0,69,42,0,42,111
10/20/2010,ELM,NY,AEA,EN,Combined TRACON& Tower with Radar,0,28,20,0,48,0,2,9,2,13,0,30,29,2,61,22,4,26,87
10/21/2010,ELM,NY,AEA,EN,Combined TRACON& Tower with Radar,3,27,18,0,48,0,0,7,0,7,3,27,25,0,55,0,0,0,55
10/22/2010,ELM,NY,AEA,EN,Combined TRACON& Tower with Radar,0,27,22,0,49,0,0,3,0,3,0,27,25,0,52,6,0,6,58
10/23/2010,ELM,NY,AEA,EN,Combined TRACON& Tower with Radar,0,18,14,0,32,0,0,11,0,11,0,18,25,0,43,22,0,22,65
10/24/2010,ELM,NY,AEA,EN,Combined TRACON& Tower with Radar,3,18,8,0,29,0,0,3,0,3,3,18,11,0,32,39,0,39,71
10/25/2010,ELM,NY,AEA,EN,Combined TRACON& Tower with Radar,0,28,26,0,54,0,0,7,0,7,0,28,33,0,61,13,0,13,74
10/26/2010,ELM,NY,AEA,EN,Combined TRACON& Tower with Radar,0,30,17,2,49,0,0,3,0,3,0,30,20,2,52,14,0,14,66
10/27/2010,ELM,NY,AEA,EN,Combined TRACON& Tower with Radar,0,24,16,0,40,0,0,9,0,9,0,24,25,0,49,4,0,4,53
10/28/2010,ELM,NY,AEA,EN,Combined TRACON& Tower with Radar,2,40,16,0,58,0,0,7,0,7,2,40,23,0,65,0,0,0,65
10/29/2010,ELM,NY,AEA,EN,Combined TRACON& Tower with Radar,0,29,25,0,54,0,1,8,0,9,0,30,33,0,63,16,0,16,79
10/30/2010,ELM,NY,AEA,EN,Combined TRACON& Tower with Radar,0,20,15,1,36,0,0,7,1,8,0,20,22,2,44,0,0,0,44
10/31/2010,ELM,NY,AEA,EN,Combined TRACON& Tower with Radar,2,18,10,0,30,0,0,7,0,7,2,18,17,0,37,4,8,12,49
11/01/2010,ELM,NY,AEA,EN,Combined TRACON& Tower with Radar,1,24,18,0,43,0,0,10,0,10,1,24,28,0,53,44,0,44,97
11/02/2010,ELM,NY,AEA,EN,Combined TRACON& Tower with Radar,2,25,23,0,50,0,0,6,1,7,2,25,29,1,57,7,0,7,64
11/03/2010,ELM,NY,AEA,EN,Combined TRACON& Tower with Radar,2,23,25,0,50,0,2,11,1,14,2,25,36,1,64,24,0,24,88
11/04/2010,ELM,NY,AEA,EN,Combined TRACON& Tower with Radar,4,23,22,0,49,0,0,0,0,0,4,23,22,0,49,0,0,0,49
11/05/2010,ELM,NY,AEA,EN,Combined TRACON& Tower with Radar,2,27,16,0,45,0,0,0,0,0,2,27,16,0,45,0,0,0,45
11/06/2010,ELM,NY,AEA,EN,Combined TRACON& Tower with Radar,1,18,4,0,23,0,0,1,2,3,1,18,5,2,26,0,0,0,26
11/07/2010,ELM,NY,AEA,EN,Combined TRACON& Tower with Radar,2,21,18,0,41,0,0,16,0,16,2,21,34,0,57,0,0,0,57
11/08/2010,ELM,NY,AEA,EN,Combined TRACON& Tower with Radar,4,23,20,2,49,0,0,5,0,5,4,23,25,2,54,0,0,0,54
11/09/2010,ELM,NY,AEA,EN,Combined TRACON& Tower with Radar,3,27,15,0,45,0,0,2,0,2,3,27,17,0,47,10,1,11,58
11/10/2010,ELM,NY,AEA,EN,Combined TRACON& Tower with Radar,2,25,32,0,59,0,1,20,0,21,2,26,52,0,80,48,0,48,128
11/11/2010,ELM,NY,AEA,EN,Combined TRACON& Tower with Radar,3,32,15,0,50,0,0,24,0,24,3,32,39,0,74,60,0,60,134
11/12/2010,ELM,NY,AEA,EN,Combined TRACON& Tower with Radar,4,29,14,0,47,0,1,16,4,21,4,30,30,4,68,62,0,62,130
11/13/2010,ELM,NY,AEA,EN,Combined TRACON& Tower with Radar,1,17,4,1,23,0,2,15,1,18,1,19,19,2,41,30,0,30,71
11/14/2010,ELM,NY,AEA,EN,Combined TRACON& Tower with Radar,1,18,12,0,31,0,1,8,0,9,1,19,20,0,40,23,0,23,63
11/15/2010,ELM,NY,AEA,EN,Combined TRACON& Tower with Radar,4,25,29,0,58,0,0,10,0,10,4,25,39,0,68,9,0,9,77
11/16/2010,ELM,NY,AEA,EN,Combined TRACON& Tower with Radar,2,27,27,0,56,0,0,3,0,3,2,27,30,0,59,10,0,10,69
11/17/2010,ELM,NY,AEA,EN,Combined TRACON& Tower with Radar,2,25,32,0,59,0,1,20,0,21,2,26,52,0,80,0,0,0,80
11/18/2010,ELM,NY,AEA,EN,Combined TRACON& Tower with Radar,2,31,21,0,54,0,0,4,0,4,2,31,25,0,58,4,0,4,62
11/19/2010,ELM,NY,AEA,EN,Combined TRACON& Tower with Radar,6,26,31,0,63,0,1,6,0,7,6,27,37,0,70,25,0,25,95
11/20/2010,ELM,NY,AEA,EN,Combined TRACON& Tower with Radar,1,14,3,0,18,0,2,0,0,2,1,16,3,0,20,32,0,32,52
11/21/2010,ELM,NY,AEA,EN,Combined TRACON& Tower with Radar,1,18,12,0,31,0,0,19,0,19,1,18,31,0,50,58,1,59,109
11/22/2010,ELM,NY,AEA,EN,Combined TRACON& Tower with Radar,6,22,24,1,53,0,0,3,0,3,6,22,27,1,56,2,0,2,58
11/23/2010,ELM,NY,AEA,EN,Combined TRACON& Tower with Radar,2,30,14,0,46,0,0,4,1,5,2,30,18,1,51,9,0,9,60
11/24/2010,ELM,NY,AEA,EN,Combined TRACON& Tower with Radar,2,24,15,0,41,0,0,6,3,9,2,24,21,3,50,17,2,19,69
11/25/2010,ELM,NY,AEA,EN,Combined TRACON& Tower with Radar,1,13,0,0,14,0,0,1,0,1,1,13,1,0,15,0,0,0,15
11/26/2010,ELM,NY,AEA,EN,Combined TRACON& Tower with Radar,5,20,2,0,27,0,0,0,0,0,5,20,2,0,27,8,0,8,35
11/27/2010,ELM,NY,AEA,EN,Combined TRACON& Tower with Radar,2,21,8,0,31,0,0,0,0,0,2,21,8,0,31,0,0,0,31
11/28/2010,ELM,NY,AEA,EN,Combined TRACON& Tower with Radar,2,19,18,0,39,0,0,7,4,11,2,19,25,4,50,38,6,44,94
11/29/2010,ELM,NY,AEA,EN,Combined TRACON& Tower with Radar,4,24,25,0,53,0,0,9,13,22,4,24,34,13,75,8,12,20,95
11/30/2010,ELM,NY,AEA,EN,Combined TRACON& Tower with Radar,2,22,6,0,30,0,0,0,0,0,2,22,6,0,30,0,0,0,30
12/01/2010,ELM,NY,AEA,EN,Combined TRACON& Tower with Radar,2,21,17,0,40,0,0,0,0,0,2,21,17,0,40,20,0,20,60
12/02/2010,ELM,NY,AEA,EN,Combined TRACON& Tower with Radar,2,31,19,2,54,0,0,6,0,6,2,31,25,2,60,0,0,0,60
12/03/2010,ELM,NY,AEA,EN,Combined TRACON& Tower with Radar,6,22,25,0,53,0,0,3,0,3,6,22,28,0,56,0,0,0,56
12/04/2010,ELM,NY,AEA,EN,Combined TRACON& Tower with Radar,2,14,2,0,18,0,0,0,0,0,2,14,2,0,18,0,0,0,18
12/05/2010,ELM,NY,AEA,EN,Combined TRACON& Tower with Radar,2,16,6,0,24,0,0,2,0,2,2,16,8,0,26,0,0,0,26
12/06/2010,ELM,NY,AEA,EN,Combined TRACON& Tower with Radar,6,22,10,0,38,0,0,0,0,0,6,22,10,0,38,0,0,0,38
12/07/2010,ELM,NY,AEA,EN,Combined TRACON& Tower with Radar,2,35,23,1,61,0,0,0,1,1,2,35,23,2,62,1,0,1,63
12/08/2010,ELM,NY,AEA,EN,Combined TRACON& Tower with Radar,2,31,30,1,64,0,0,20,4,24,2,31,50,5,88,38,0,38,126
12/09/2010,ELM,NY,AEA,EN,Combined TRACON& Tower with Radar,2,33,26,2,63,0,0,13,2,15,2,33,39,4,78,20,4,24,102
12/10/2010,ELM,NY,AEA,EN,Combined TRACON& Tower with Radar,4,29,18,1,52,0,0,0,1,1,4,29,18,2,53,0,0,0,53
12/11/2010,ELM,NY,AEA,EN,Combined TRACON& Tower with Radar,2,17,8,1,28,0,0,7,2,9,2,17,15,3,37,51,0,51,88
12/12/2010,ELM,NY,AEA,EN,Combined TRACON& Tower with Radar,2,13,11,0,26,0,0,0,0,0,2,13,11,0,26,0,0,0,26
12/13/2010,ELM,NY,AEA,EN,Combined TRACON& Tower with Radar,6,24,17,0,47,0,0,0,1,1,6,24,17,1,48,22,0,22,70
12/14/2010,ELM,NY,AEA,EN,Combined TRACON& Tower with Radar,2,23,15,0,40,0,0,0,0,0,2,23,15,0,40,5,0,5,45
12/15/2010,ELM,NY,AEA,EN,Combined TRACON& Tower with Radar,2,25,26,0,53,0,0,5,0,5,2,25,31,0,58,16,0,16,74
12/16/2010,ELM,NY,AEA,EN,Combined TRACON& Tower with Radar,2,26,27,0,55,0,1,13,3,17,2,27,40,3,72,36,0,36,108
12/17/2010,ELM,NY,AEA,EN,Combined TRACON& Tower with Radar,6,29,24,0,59,0,0,2,0,2,6,29,26,0,61,46,0,46,107
12/18/2010,ELM,NY,AEA,EN,Combined TRACON& Tower with Radar,2,16,8,0,26,0,0,20,0,20,2,16,28,0,46,0,0,0,46
12/19/2010,ELM,NY,AEA,EN,Combined TRACON& Tower with Radar,2,13,3,0,18,0,0,2,0,2,2,13,5,0,20,7,0,7,27
12/20/2010,ELM,NY,AEA,EN,Combined TRACON& Tower with Radar,5,23,5,0,33,0,0,0,0,0,5,23,5,0,33,14,2,16,49
12/21/2010,ELM,NY,AEA,EN,Combined TRACON& Tower with Radar,2,24,8,0,34,0,0,1,0,1,2,24,9,0,35,40,0,40,75
12/22/2010,ELM,NY,AEA,EN,Combined TRACON& Tower with Radar,4,28,21,0,53,0,0,3,0,3,4,28,24,0,56,17,5,22,78
12/23/2010,ELM,NY,AEA,EN,Combined TRACON& Tower with Radar,2,39,12,0,53,0,0,0,0,0,2,39,12,0,53,0,0,0,53
12/24/2010,ELM,NY,AEA,EN,Combined TRACON& Tower with Radar,6,21,1,0,28,0,0,2,0,2,6,21,3,0,30,0,0,0,30
12/25/2010,ELM,NY,AEA,EN,Combined TRACON& Tower with Radar,4,12,0,0,16,0,0,0,0,0,4,12,0,0,16,12,0,12,28
12/26/2010,ELM,NY,AEA,EN,Combined TRACON& Tower with Radar,2,11,15,0,28,0,0,0,0,0,2,11,15,0,28,0,0,0,28
12/27/2010,ELM,NY,AEA,EN,Combined TRACON& Tower with Radar,6,16,4,0,26,0,0,0,0,0,6,16,4,0,26,0,0,0,26
12/28/2010,ELM,NY,AEA,EN,Combined TRACON& Tower with Radar,2,24,6,13,45,0,0,0,0,0,2,24,6,13,45,0,20,20,65
12/29/2010,ELM,NY,AEA,EN,Combined TRACON& Tower with Radar,4,27,17,0,48,0,0,5,0,5,4,27,22,0,53,17,0,17,70
12/30/2010,ELM,NY,AEA,EN,Combined TRACON& Tower with Radar,2,23,8,0,33,0,1,19,0,20,2,24,27,0,53,48,0,48,101
12/31/2010,ELM,NY,AEA,EN,Combined TRACON& Tower with Radar,7,20,9,0,36,0,0,2,0,2,7,20,11,0,38,46,0,46,84
01/01/2011,ELM,NY,AEA,EN,Combined TRACON& Tower with Radar,5,12,5,0,22,0,0,1,0,1,5,12,6,0,23,0,0,0,23
01/02/2011,ELM,NY,AEA,EN,Combined TRACON& Tower with Radar,2,14,7,0,23,0,0,5,0,5,2,14,12,0,28,0,0,0,28
01/03/2011,ELM,NY,AEA,EN,Combined TRACON& Tower with Radar,4,21,13,0,38,0,0,7,1,8,4,21,20,1,46,14,3,17,63
01/04/2011,ELM,NY,AEA,EN,Combined TRACON& Tower with Radar,6,24,17,0,47,0,0,4,0,4,6,24,21,0,51,4,0,4,55
01/05/2011,ELM,NY,AEA,EN,Combined TRACON& Tower with Radar,3,23,10,0,36,0,0,2,0,2,3,23,12,0,38,30,0,30,68
01/06/2011,ELM,NY,AEA,EN,Combined TRACON& Tower with Radar,3,29,17,0,49,0,1,20,0,21,3,30,37,0,70,6,0,6,76
01/07/2011,ELM,NY,AEA,EN,Combined TRACON& Tower with Radar,8,21,23,0,52,0,0,1,2,3,8,21,24,2,55,0,0,0,55
01/08/2011,ELM,NY,AEA,EN,Combined TRACON& Tower with Radar,3,12,10,0,25,0,0,0,0,0,3,12,10,0,25,0,0,0,25
01/09/2011,ELM,NY,AEA,EN,Combined TRACON& Tower with Radar,5,14,0,0,19,0,0,0,0,0,5,14,0,0,19,2,0,2,21
01/10/2011,ELM,NY,AEA,EN,Combined TRACON& Tower with Radar,8,23,18,2,51,0,0,24,2,26,8,23,42,4,77,26,0,26,103
01/11/2011,ELM,NY,AEA,EN,Combined TRACON& Tower with Radar,3,23,15,1,42,0,0,0,0,0,3,23,15,1,42,6,0,6,48
01/12/2011,ELM,NY,AEA,EN,Combined TRACON& Tower with Radar,2,25,8,0,35,0,0,0,0,0,2,25,8,0,35,0,0,0,35
01/13/2011,ELM,NY,AEA,EN,Combined TRACON& Tower with Radar,3,32,17,0,52,0,0,0,0,0,3,32,17,0,52,9,0,9,61
01/14/2011,ELM,NY,AEA,EN,Combined TRACON& Tower with Radar,6,19,15,0,40,0,0,2,1,3,6,19,17,1,43,22,0,22,65
01/15/2011,ELM,NY,AEA,EN,Combined TRACON& Tower with Radar,2,10,3,0,15,0,0,0,0,0,2,10,3,0,15,0,0,0,15
01/16/2011,ELM,NY,AEA,EN,Combined TRACON& Tower with Radar,5,8,7,0,20,0,0,4,0,4,5,8,11,0,24,4,0,4,28
01/17/2011,ELM,NY,AEA,EN,Combined TRACON& Tower with Radar,4,13,15,0,32,0,0,14,0,14,4,13,29,0,46,44,0,44,90
01/18/2011,ELM,NY,AEA,EN,Combined TRACON& Tower with Radar,4,19,12,0,35,0,0,0,0,0,4,19,12,0,35,0,0,0,35
01/19/2011,ELM,NY,AEA,EN,Combined TRACON& Tower with Radar,4,26,13,0,43,0,0,0,0,0,4,26,13,0,43,14,0,14,57
01/20/2011,ELM,NY,AEA,EN,Combined TRACON& Tower with Radar,4,31,20,5,60,0,4,16,6,26,4,35,36,11,86,18,22,40,126
01/21/2011,ELM,NY,AEA,EN,Combined TRACON& Tower with Radar,4,24,14,0,42,0,0,1,0,1,4,24,15,0,43,24,0,24,67
01/22/2011,ELM,NY,AEA,EN,Combined TRACON& Tower with Radar,2,13,5,0,20,0,1,7,0,8,2,14,12,0,28,28,0,28,56
01/23/2011,ELM,NY,AEA,EN,Combined TRACON& Tower with Radar,3,11,7,0,21,0,0,1,0,1,3,11,8,0,22,6,0,6,28
01/24/2011,ELM,NY,AEA,EN,Combined TRACON& Tower with Radar,6,14,14,0,34,0,0,4,0,4,6,14,18,0,38,20,2,22,60
01/25/2011,ELM,NY,AEA,EN,Combined TRACON& Tower with Radar,3,24,15,0,42,0,0,2,0,2,3,24,17,0,44,16,0,16,60
01/26/2011,ELM,NY,AEA,EN,Combined TRACON& Tower with Radar,4,21,22,0,47,0,1,2,0,3,4,22,24,0,50,30,0,30,80
01/27/2011,ELM,NY,AEA,EN,Combined TRACON& Tower with Radar,3,14,16,0,33,0,0,0,0,0,3,14,16,0,33,0,0,0,33
01/28/2011,ELM,NY,AEA,EN,Combined TRACON& Tower with Radar,6,20,9,0,35,0,0,0,0,0,6,20,9,0,35,16,0,16,51
01/29/2011,ELM,NY,AEA,EN,Combined TRACON& Tower with Radar,3,16,2,0,21,0,0,0,0,0,3,16,2,0,21,0,0,0,21
01/30/2011,ELM,NY,AEA,EN,Combined TRACON& Tower with Radar,5,9,2,0,16,0,0,5,0,5,5,9,7,0,21,16,2,18,39
01/31/2011,ELM,NY,AEA,EN,Combined TRACON& Tower with Radar,8,17,20,1,46,0,0,6,2,8,8,17,26,3,54,11,1,12,66
02/01/2011,ELM,NY,AEA,EN,Combined TRACON& Tower with Radar,4,23,14,0,41,0,0,2,0,2,4,23,16,0,43,56,0,56,99
02/02/2011,ELM,NY,AEA,EN,Combined TRACON& Tower with Radar,4,22,9,0,35,0,0,0,0,0,4,22,9,0,35,0,0,0,35
02/03/2011,ELM,NY,AEA,EN,Combined TRACON& Tower with Radar,4,27,14,1,46,0,0,6,1,7,4,27,20,2,53,9,0,9,62
02/04/2011,ELM,NY,AEA,EN,Combined TRACON& Tower with Radar,6,22,22,0,50,0,0,17,0,17,6,22,39,0,67,50,0,50,117
02/05/2011,ELM,NY,AEA,EN,Combined TRACON& Tower with Radar,3,14,4,0,21,0,0,0,0,0,3,14,4,0,21,0,0,0,21
02/06/2011,ELM,NY,AEA,EN,Combined TRACON& Tower with Radar,7,10,10,0,27,0,0,13,0,13,7,10,23,0,40,20,2,22,62
02/07/2011,ELM,NY,AEA,EN,Combined TRACON& Tower with Radar,6,21,19,0,46,0,0,0,0,0,6,21,19,0,46,24,0,24,70
02/08/2011,ELM,NY,AEA,EN,Combined TRACON& Tower with Radar,4,21,15,1,41,0,0,2,1,3,4,21,17,2,44,4,0,4,48
02/09/2011,ELM,NY,AEA,EN,Combined TRACON& Tower with Radar,4,24,14,0,42,0,0,7,1,8,4,24,21,1,50,34,2,36,86
02/10/2011,ELM,NY,AEA,EN,Combined TRACON& Tower with Radar,5,25,18,1,49,0,0,5,1,6,5,25,23,2,55,28,0,28,83
02/11/2011,ELM,NY,AEA,EN,Combined TRACON& Tower with Radar,6,22,14,0,42,0,0,4,0,4,6,22,18,0,46,36,0,36,82
02/12/2011,ELM,NY,AEA,EN,Combined TRACON& Tower with Radar,3,15,6,0,24,0,0,2,0,2,3,15,8,0,26,0,0,0,26
02/13/2011,ELM,NY,AEA,EN,Combined TRACON& Tower with Radar,7,10,4,0,21,0,0,5,1,6,7,10,9,1,27,8,0,8,35
02/14/2011,ELM,NY,AEA,EN,Combined TRACON& Tower with Radar,6,20,17,0,43,0,0,4,0,4,6,20,21,0,47,2,0,2,49
02/15/2011,ELM,NY,AEA,EN,Combined TRACON& Tower with Radar,4,26,13,0,43,0,0,4,1,5,4,26,17,1,48,30,4,34,82
02/16/2011,ELM,NY,AEA,EN,Combined TRACON& Tower with Radar,5,27,23,1,56,0,0,18,0,18,5,27,41,1,74,66,2,68,142
02/17/2011,ELM,NY,AEA,EN,Combined TRACON& Tower with Radar,6,35,22,0,63,0,0,4,0,4,6,35,26,0,67,16,0,16,83
02/18/2011,ELM,NY,AEA,EN,Combined TRACON& Tower with Radar,6,21,24,0,51,0,0,1,3,4,6,21,25,3,55,44,0,44,99
02/19/2011,ELM,NY,AEA,EN,Combined TRACON& Tower with Radar,4,19,1,0,24,0,0,0,0,0,4,19,1,0,24,0,0,0,24
02/20/2011,ELM,NY,AEA,EN,Combined TRACON& Tower with Radar,4,13,12,0,29,0,0,10,0,10,4,13,22,0,39,16,0,16,55
02/21/2011,ELM,NY,AEA,EN,Combined TRACON& Tower with Radar,6,20,12,0,38,0,0,0,0,0,6,20,12,0,38,0,0,0,38
02/22/2011,ELM,NY,AEA,EN,Combined TRACON& Tower with Radar,7,29,21,0,57,0,2,5,0,7,7,31,26,0,64,66,0,66,130
02/23/2011,ELM,NY,AEA,EN,Combined TRACON& Tower with Radar,4,28,14,0,46,0,0,11,3,14,4,28,25,3,60,68,0,68,128
02/24/2011,ELM,NY,AEA,EN,Combined TRACON& Tower with Radar,5,25,18,0,48,0,0,1,0,1,5,25,19,0,49,37,0,37,86
02/25/2011,ELM,NY,AEA,EN,Combined TRACON& Tower with Radar,4,17,12,0,33,0,0,0,0,0,4,17,12,0,33,0,0,0,33
02/26/2011,ELM,NY,AEA,EN,Combined TRACON& Tower with Radar,2,17,14,0,33,0,0,6,0,6,2,17,20,0,39,22,0,22,61
02/27/2011,ELM,NY,AEA,EN,Combined TRACON& Tower with Radar,6,13,12,0,31,0,0,6,0,6,6,13,18,0,37,4,0,4,41
02/28/2011,ELM,NY,AEA,EN,Combined TRACON& Tower with Radar,6,22,23,0,51,0,0,0,0,0,6,22,23,0,51,10,0,10,61
03/01/2011,ELM,NY,AEA,EN,Combined TRACON& Tower with Radar,3,27,23,0,53,0,0,3,2,5,3,27,26,2,58,50,0,50,108
03/02/2011,ELM,NY,AEA,EN,Combined TRACON& Tower with Radar,4,27,18,2,51,0,0,5,0,5,4,27,23,2,56,1,0,1,57
03/03/2011,ELM,NY,AEA,EN,Combined TRACON& Tower with Radar,6,34,35,0,75,0,0,6,0,6,6,34,41,0,81,42,0,42,123
03/04/2011,ELM,NY,AEA,EN,Combined TRACON& Tower with Radar,6,26,20,0,52,0,0,2,2,4,6,26,22,2,56,22,0,22,78
03/05/2011,ELM,NY,AEA,EN,Combined TRACON& Tower with Radar,4,18,10,0,32,0,0,0,0,0,4,18,10,0,32,0,0,0,32
03/06/2011,ELM,NY,AEA,EN,Combined TRACON& Tower with Radar,6,13,3,0,22,0,0,0,0,0,6,13,3,0,22,0,0,0,22
03/07/2011,ELM,NY,AEA,EN,Combined TRACON& Tower with Radar,6,27,17,0,50,0,0,2,0,2,6,27,19,0,52,18,0,18,70
03/08/2011,ELM,NY,AEA,EN,Combined TRACON& Tower with Radar,3,29,14,0,46,0,0,7,3,10,3,29,21,3,56,28,0,28,84
03/09/2011,ELM,NY,AEA,EN,Combined TRACON& Tower with Radar,4,25,17,8,54,0,0,5,0,5,4,25,22,8,59,20,0,20,79
03/10/2011,ELM,NY,AEA,EN,Combined TRACON& Tower with Radar,6,24,15,0,45,0,0,0,0,0,6,24,15,0,45,0,0,0,45
03/11/2011,ELM,NY,AEA,EN,Combined TRACON& Tower with Radar,6,26,24,0,56,0,0,0,10,10,6,26,24,10,66,0,0,0,66
03/12/2011,ELM,NY,AEA,EN,Combined TRACON& Tower with Radar,4,17,8,0,29,0,1,1,1,3,4,18,9,1,32,10,0,10,42
03/13/2011,ELM,NY,AEA,EN,Combined TRACON& Tower with Radar,6,13,11,4,34,0,0,3,5,8,6,13,14,9,42,12,4,16,58
03/14/2011,ELM,NY,AEA,EN,Combined TRACON& Tower with Radar,6,22,22,0,50,0,0,13,3,16,6,22,35,3,66,34,0,34,100
03/15/2011,ELM,NY,AEA,EN,Combined TRACON& Tower with Radar,4,27,21,0,52,0,0,18,0,18,4,27,39,0,70,12,0,12,82
03/16/2011,ELM,NY,AEA,EN,Combined TRACON& Tower with Radar,4,27,18,2,51,0,0,3,4,7,4,27,21,6,58,12,8,20,78
03/17/2011,ELM,NY,AEA,EN,Combined TRACON& Tower with Radar,6,38,19,2,65,0,1,21,7,29,6,39,40,9,94,42,6,48,142
03/18/2011,ELM,NY,AEA,EN,Combined TRACON& Tower with Radar,6,24,21,0,51,0,1,9,3,13,6,25,30,3,64,4,0,4,68
03/19/2011,ELM,NY,AEA,EN,Combined TRACON& Tower with Radar,4,23,6,4,37,0,0,17,0,17,4,23,23,4,54,6,0,6,60
03/20/2011,ELM,NY,AEA,EN,Combined TRACON& Tower with Radar,6,15,9,0,30,0,0,26,0,26,6,15,35,0,56,62,0,62,118
03/21/2011,ELM,NY,AEA,EN,Combined TRACON& Tower with Radar,5,22,8,0,35,0,0,0,0,0,5,22,8,0,35,0,0,0,35
03/22/2011,ELM,NY,AEA,EN,Combined TRACON& Tower with Radar,4,27,20,0,51,0,0,11,0,11,4,27,31,0,62,40,0,40,102
03/23/2011,ELM,NY,AEA,EN,Combined TRACON& Tower with Radar,4,24,8,0,36,0,0,0,0,0,4,24,8,0,36,0,0,0,36
03/24/2011,ELM,NY,AEA,EN,Combined TRACON& Tower with Radar,6,29,16,2,53,0,0,6,6,12,6,29,22,8,65,10,10,20,85
03/25/2011,ELM,NY,AEA,EN,Combined TRACON& Tower with Radar,6,24,19,0,49,0,0,9,8,17,6,24,28,8,66,12,0,12,78
03/26/2011,ELM,NY,AEA,EN,Combined TRACON& Tower with Radar,4,20,5,0,29,0,1,8,1,10,4,21,13,1,39,4,0,4,43
03/27/2011,ELM,NY,AEA,EN,Combined TRACON& Tower with Radar,6,16,19,1,42,0,0,21,1,22,6,16,40,2,64,35,0,35,99
03/28/2011,ELM,NY,AEA,EN,Combined TRACON& Tower with Radar,6,23,19,0,48,0,0,16,0,16,6,23,35,0,64,34,8,42,106
03/29/2011,ELM,NY,AEA,EN,Combined TRACON& Tower with Radar,4,28,16,1,49,0,0,10,0,10,4,28,26,1,59,22,12,34,93
03/30/2011,ELM,NY,AEA,EN,Combined TRACON& Tower with Radar,3,25,25,2,55,0,0,14,3,17,3,25,39,5,72,52,0,52,124
03/31/2011,ELM,NY,AEA,EN,Combined TRACON& Tower with Radar,6,37,19,0,62,0,0,4,0,4,6,37,23,0,66,12,0,12,78
04/01/2011,ELM,NY,AEA,EN,Combined TRACON& Tower with Radar,8,23,18,0,49,0,0,1,0,1,8,23,19,0,50,0,0,0,50
04/02/2011,ELM,NY,AEA,EN,Combined TRACON& Tower with Radar,4,17,6,0,27,0,1,6,0,7,4,18,12,0,34,0,0,0,34
04/03/2011,ELM,NY,AEA,EN,Combined TRACON& Tower with Radar,6,15,6,0,27,0,0,18,4,22,6,15,24,4,49,62,0,62,111
04/04/2011,ELM,NY,AEA,EN,Combined TRACON& Tower with Radar,7,21,10,0,38,0,0,0,0,0,7,21,10,0,38,2,0,2,40
04/05/2011,ELM,NY,AEA,EN,Combined TRACON& Tower with Radar,4,22,19,1,46,0,0,0,2,2,4,22,19,3,48,12,0,12,60
04/06/2011,ELM,NY,AEA,EN,Combined TRACON& Tower with Radar,4,31,21,6,62,0,0,4,3,7,4,31,25,9,69,0,38,38,107
04/07/2011,ELM,NY,AEA,EN,Combined TRACON& Tower with Radar,6,32,20,1,59,0,0,12,8,20,6,32,32,9,79,12,38,50,129
04/08/2011,ELM,NY,AEA,EN,Combined TRACON& Tower with Radar,8,24,21,0,53,0,0,16,7,23,8,24,37,7,76,30,6,36,112
04/09/2011,ELM,NY,AEA,EN,Combined TRACON& Tower with Radar,4,19,14,0,37,0,0,10,0,10,4,19,24,0,47,15,4,19,66
04/10/2011,ELM,NY,AEA,EN,Combined TRACON& Tower with Radar,6,17,15,0,38,0,0,5,0,5,6,17,20,0,43,26,0,26,69
04/11/2011,ELM,NY,AEA,EN,Combined TRACON& Tower with Radar,6,21,25,0,52,0,0,0,5,5,6,21,25,5,57,4,2,6,63
04/12/2011,ELM,NY,AEA,EN,Combined TRACON& Tower with Radar,6,27,18,0,51,0,1,5,1,7,6,28,23,1,58,8,0,8,66
04/13/2011,ELM,NY,AEA,EN,Combined TRACON& Tower with Radar,4,25,21,0,50,0,0,0,0,0,4,25,21,0,50,0,0,0,50
04/14/2011,ELM,NY,AEA,EN,Combined TRACON& Tower with Radar,6,35,21,4,66,0,0,28,3,31,6,35,49,7,97,61,0,61,158
04/15/2011,ELM,NY,AEA,EN,Combined TRACON& Tower with Radar,6,25,28,0,59,0,0,21,0,21,6,25,49,0,80,13,6,19,99
04/16/2011,ELM,NY,AEA,EN,Combined TRACON& Tower with Radar,4,19,7,0,30,0,0,0,0,0,4,19,7,0,30,0,0,0,30
04/17/2011,ELM,NY,AEA,EN,Combined TRACON& Tower with Radar,6,17,17,0,40,0,0,7,1,8,6,17,24,1,48,0,0,0,48
04/18/2011,ELM,NY,AEA,EN,Combined TRACON& Tower with Radar,6,28,26,0,60,0,0,2,0,2,6,28,28,0,62,36,0,36,98
04/19/2011,ELM,NY,AEA,EN,Combined TRACON& Tower with Radar,6,31,18,0,55,0,0,0,0,0,6,31,18,0,55,0,0,0,55
04/20/2011,ELM,NY,AEA,EN,Combined TRACON& Tower with Radar,4,30,15,0,49,0,0,2,0,2,4,30,17,0,51,6,0,6,57
04/21/2011,ELM,NY,AEA,EN,Combined TRACON& Tower with Radar,6,25,23,7,61,0,0,10,5,15,6,25,33,12,76,44,0,44,120
04/22/2011,ELM,NY,AEA,EN,Combined TRACON& Tower with Radar,6,25,16,2,49,0,0,5,1,6,6,25,21,3,55,3,0,3,58
04/23/2011,ELM,NY,AEA,EN,Combined TRACON& Tower with Radar,4,15,4,0,23,0,0,0,0,0,4,15,4,0,23,2,0,2,25
04/24/2011,ELM,NY,AEA,EN,Combined TRACON& Tower with Radar,6,17,14,0,37,0,0,6,0,6,6,17,20,0,43,0,0,0,43
04/25/2011,ELM,NY,AEA,EN,Combined TRACON& Tower with Radar,6,23,10,0,39,0,0,0,0,0,6,23,10,0,39,12,0,12,51
04/26/2011,ELM,NY,AEA,EN,Combined TRACON& Tower with Radar,6,23,18,0,47,0,0,4,2,6,6,23,22,2,53,16,0,16,69
04/27/2011,ELM,NY,AEA,EN,Combined TRACON& Tower with Radar,4,24,25,3,56,0,0,2,2,4,4,24,27,5,60,8,0,8,68
04/28/2011,ELM,NY,AEA,EN,Combined TRACON& Tower with Radar,6,28,24,0,58,0,0,1,0,1,6,28,25,0,59,8,0,8,67
04/29/2011,ELM,NY,AEA,EN,Combined TRACON& Tower with Radar,6,28,36,0,70,0,0,2,5,7,6,28,38,5,77,8,0,8,85
04/30/2011,ELM,NY,AEA,EN,Combined TRACON& Tower with Radar,4,17,9,0,30,0,2,21,0,23,4,19,30,0,53,24,0,24,77
05/01/2011,ELM,NY,AEA,EN,Combined TRACON& Tower with Radar,8,11,13,0,32,0,0,9,0,9,8,11,22,0,41,2,0,2,43
05/02/2011,ELM,NY,AEA,EN,Combined TRACON& Tower with Radar,7,20,23,0,50,0,0,0,0,0,7,20,23,0,50,52,0,52,102
05/03/2011,ELM,NY,AEA,EN,Combined TRACON& Tower with Radar,6,28,17,0,51,0,0,0,0,0,6,28,17,0,51,0,0,0,51
05/04/2011,ELM,NY,AEA,EN,Combined TRACON& Tower with Radar,6,36,26,0,68,0,0,3,0,3,6,36,29,0,71,6,0,6,77
05/05/2011,ELM,NY,AEA,EN,Combined TRACON& Tower with Radar,8,31,41,2,82,0,1,15,12,28,8,32,56,14,110,20,2,22,132
05/06/2011,ELM,NY,AEA,EN,Combined TRACON& Tower with Radar,8,23,16,4,51,0,4,34,0,38,8,27,50,4,89,28,0,28,117
05/07/2011,ELM,NY,AEA,EN,Combined TRACON& Tower with Radar,6,24,13,0,43,0,1,20,0,21,6,25,33,0,64,22,0,22,86
05/08/2011,ELM,NY,AEA,EN,Combined TRACON& Tower with Radar,8,13,8,0,29,0,2,12,0,14,8,15,20,0,43,29,0,29,72
05/09/2011,ELM,NY,AEA,EN,Combined TRACON& Tower with Radar,8,20,19,1,48,0,0,12,3,15,8,20,31,4,63,28,0,28,91
05/10/2011,ELM,NY,AEA,EN,Combined TRACON& Tower with Radar,6,30,28,1,65,0,0,29,3,32,6,30,57,4,97,38,4,42,139
05/11/2011,ELM,NY,AEA,EN,Combined TRACON& Tower with Radar,6,29,21,2,58,0,0,25,2,27,6,29,46,4,85,38,0,38,123
05/12/2011,ELM,NY,AEA,EN,Combined TRACON& Tower with Radar,4,31,26,2,63,0,0,20,0,20,4,31,46,2,83,22,0,22,105
05/13/2011,ELM,NY,AEA,EN,Combined TRACON& Tower with Radar,8,24,26,0,58,0,0,4,0,4,8,24,30,0,62,18,0,18,80
05/14/2011,ELM,NY,AEA,EN,Combined TRACON& Tower with Radar,6,20,4,0,30,0,0,0,0,0,6,20,4,0,30,18,0,18,48
05/15/2011,ELM,NY,AEA,EN,Combined TRACON& Tower with Radar,11,19,18,0,48,0,0,0,0,0,11,19,18,0,48,0,0,0,48
05/16/2011,ELM,NY,AEA,EN,Combined TRACON& Tower with Radar,9,24,26,0,59,0,0,2,0,2,9,24,28,0,61,12,0,12,73
05/17/2011,ELM,NY,AEA,EN,Combined TRACON& Tower with Radar,5,26,18,0,49,0,0,0,0,0,5,26,18,0,49,0,0,0,49
05/18/2011,ELM,NY,AEA,EN,Combined TRACON& Tower with Radar,6,24,26,0,56,0,0,1,0,1,6,24,27,0,57,6,18,24,81
05/19/2011,ELM,NY,AEA,EN,Combined TRACON& Tower with Radar,7,28,34,0,69,0,0,6,0,6,7,28,40,0,75,14,2,16,91
05/20/2011,ELM,NY,AEA,EN,Combined TRACON& Tower with Radar,7,24,24,19,74,0,0,0,4,4,7,24,24,23,78,56,42,98,176
05/21/2011,ELM,NY,AEA,EN,Combined TRACON& Tower with Radar,6,15,11,0,32,0,2,9,7,18,6,17,20,7,50,52,0,52,102
05/22/2011,ELM,NY,AEA,EN,Combined TRACON& Tower with Radar,8,13,15,0,36,0,0,15,0,15,8,13,30,0,51,14,0,14,65
05/23/2011,ELM,NY,AEA,EN,Combined TRACON& Tower with Radar,11,24,21,1,57,0,0,0,0,0,11,24,21,1,57,22,0,22,79
05/24/2011,ELM,NY,AEA,EN,Combined TRACON& Tower with Radar,5,30,21,0,56,0,0,4,3,7,5,30,25,3,63,36,4,40,103
05/25/2011,ELM,NY,AEA,EN,Combined TRACON& Tower with Radar,4,26,22,0,52,0,0,12,6,18,4,26,34,6,70,9,0,9,79
05/26/2011,ELM,NY,AEA,EN,Combined TRACON& Tower with Radar,6,41,27,0,74,0,0,9,0,9,6,41,36,0,83,8,0,8,91
05/27/2011,ELM,NY,AEA,EN,Combined TRACON& Tower with Radar,11,23,19,0,53,0,0,6,4,10,11,23,25,4,63,24,0,24,87
05/28/2011,ELM,NY,AEA,EN,Combined TRACON& Tower with Radar,6,16,2,0,24,0,0,7,0,7,6,16,9,0,31,21,1,22,53
05/29/2011,ELM,NY,AEA,EN,Combined TRACON& Tower with Radar,6,12,10,0,28,0,0,11,0,11,6,12,21,0,39,52,0,52,91
05/30/2011,ELM,NY,AEA,EN,Combined TRACON& Tower with Radar,11,19,12,0,42,0,0,5,0,5,11,19,17,0,47,37,0,37,84
05/31/2011,ELM,NY,AEA,EN,Combined TRACON& Tower with Radar,7,28,26,0,61,0,0,16,0,16,7,28,42,0,77,15,0,15,92
06/01/2011,ELM,NY,AEA,EN,Combined TRACON& Tower with Radar,6,27,24,0,57,0,0,6,0,6,6,27,30,0,63,6,0,6,69
06/02/2011,ELM,NY,AEA,EN,Combined TRACON& Tower with Radar,6,31,28,1,66,0,0,12,4,16,6,31,40,5,82,10,2,12,94
06/03/2011,ELM,NY,AEA,EN,Combined TRACON& Tower with Radar,10,25,23,0,58,0,0,18,4,22,10,25,41,4,80,2,2,4,84
06/04/2011,ELM,NY,AEA,EN,Combined TRACON& Tower with Radar,6,25,18,0,49,0,1,11,2,14,6,26,29,2,63,24,0,24,87
06/05/2011,ELM,NY,AEA,EN,Combined TRACON& Tower with Radar,6,16,13,0,35,0,0,22,0,22,6,16,35,0,57,35,0,35,92
06/06/2011,ELM,NY,AEA,EN,Combined TRACON& Tower with Radar,10,20,24,0,54,0,1,16,0,17,10,21,40,0,71,17,0,17,88
06/07/2011,ELM,NY,AEA,EN,Combined TRACON& Tower with Radar,6,29,12,0,47,0,0,10,0,10,6,29,22,0,57,18,0,18,75
06/08/2011,ELM,NY,AEA,EN,Combined TRACON& Tower with Radar,6,22,35,0,63,0,0,13,0,13,6,22,48,0,76,21,0,21,97
06/09/2011,ELM,NY,AEA,EN,Combined TRACON& Tower with Radar,7,27,19,0,53,0,0,2,0,2,7,27,21,0,55,8,0,8,63
06/10/2011,ELM,NY,AEA,EN,Combined TRACON& Tower with Radar,9,24,19,0,52,0,0,8,0,8,9,24,27,0,60,35,0,35,95
06/11/2011,ELM,NY,AEA,EN,Combined TRACON& Tower with Radar,7,17,4,0,28,0,0,2,0,2,7,17,6,0,30,30,2,32,62
06/12/2011,ELM,NY,AEA,EN,Combined TRACON& Tower with Radar,7,15,24,0,46,0,3,1,1,5,7,18,25,1,51,10,0,10,61
06/13/2011,ELM,NY,AEA,EN,Combined TRACON& Tower with Radar,10,17,21,0,48,0,1,8,1,10,10,18,29,1,58,24,0,24,82
06/14/2011,ELM,NY,AEA,EN,Combined TRACON& Tower with Radar,6,34,25,0,65,0,0,1,0,1,6,34,26,0,66,6,0,6,72
06/15/2011,ELM,NY,AEA,EN,Combined TRACON& Tower with Radar,2,33,17,0,52,0,1,16,2,19,2,34,33,2,71,67,0,67,138
06/16/2011,ELM,NY,AEA,EN,Combined TRACON& Tower with Radar,6,26,18,0,50,0,0,8,0,8,6,26,26,0,58,14,0,14,72
06/17/2011,ELM,NY,AEA,EN,Combined TRACON& Tower with Radar,8,23,13,0,44,0,0,0,0,0,8,23,13,0,44,46,0,46,90
06/18/2011,ELM,NY,AEA,EN,Combined TRACON& Tower with Radar,6,14,11,0,31,0,2,11,1,14,6,16,22,1,45,26,0,26,71
06/19/2011,ELM,NY,AEA,EN,Combined TRACON& Tower with Radar,6,12,8,0,26,0,0,19,0,19,6,12,27,0,45,29,0,29,74
06/20/2011,ELM,NY,AEA,EN,Combined TRACON& Tower with Radar,10,23,20,0,53,0,0,17,3,20,10,23,37,3,73,22,0,22,95
06/21/2011,ELM,NY,AEA,EN,Combined TRACON& Tower with Radar,7,29,25,0,61,0,0,11,2,13,7,29,36,2,74,30,6,36,110
06/22/2011,ELM,NY,AEA,EN,Combined TRACON& Tower with Radar,6,23,40,2,71,0,0,0,6,6,6,23,40,8,77,50,2,52,129
06/23/2011,ELM,NY,AEA,EN,Combined TRACON& Tower with Radar,4,27,26,0,57,0,0,10,0,10,4,27,36,0,67,42,0,42,109
06/24/2011,ELM,NY,AEA,EN,Combined TRACON& Tower with Radar,10,21,31,0,62,0,1,2,1,4,10,22,33,1,66,22,0,22,88
06/25/2011,ELM,NY,AEA,EN,Combined TRACON& Tower with Radar,8,13,5,0,26,0,2,4,0,6,8,15,9,0,32,16,0,16,48
06/26/2011,ELM,NY,AEA,EN,Combined TRACON& Tower with Radar,7,12,8,0,27,0,2,11,5,18,7,14,19,5,45,40,6,46,91
06/27/2011,ELM,NY,AEA,EN,Combined TRACON& Tower with Radar,11,18,22,0,51,0,0,13,0,13,11,18,35,0,64,30,0,30,94
06/28/2011,ELM,NY,AEA,EN,Combined TRACON& Tower with Radar,6,22,26,1,55,0,0,6,5,11,6,22,32,6,66,21,0,21,87
06/29/2011,ELM,NY,AEA,EN,Combined TRACON& Tower with Radar,6,28,24,0,58,0,0,10,2,12,6,28,34,2,70,18,0,18,88
06/30/2011,ELM,NY,AEA,EN,Combined TRACON& Tower with Radar,6,25,23,0,54,0,0,18,1,19,6,25,41,1,73,23,0,23,96
07/01/2011,ELM,NY,AEA,EN,Combined TRACON& Tower with Radar,10,25,22,0,57,0,0,19,3,22,10,25,41,3,79,41,0,41,120
07/02/2011,ELM,NY,AEA,EN,Combined TRACON& Tower with Radar,6,15,14,0,35,0,1,23,0,24,6,16,37,0,59,12,0,12,71
07/03/2011,ELM,NY,AEA,EN,Combined TRACON& Tower with Radar,6,11,2,0,19,0,0,2,0,2,6,11,4,0,21,24,0,24,45
07/04/2011,ELM,NY,AEA,EN,Combined TRACON& Tower with Radar,10,14,18,0,42,0,0,7,0,7,10,14,25,0,49,35,0,35,84
07/05/2011,ELM,NY,AEA,EN,Combined TRACON& Tower with Radar,6,20,22,0,48,0,0,24,0,24,6,20,46,0,72,34,0,34,106
07/06/2011,ELM,NY,AEA,EN,Combined TRACON& Tower with Radar,6,27,22,0,55,0,0,13,4,17,6,27,35,4,72,53,0,53,125
07/07/2011,ELM,NY,AEA,EN,Combined TRACON& Tower with Radar,6,32,21,0,59,0,0,32,2,34,6,32,53,2,93,30,0,30,123
07/08/2011,ELM,NY,AEA,EN,Combined TRACON& Tower with Radar,13,21,30,0,64,0,0,10,0,10,13,21,40,0,74,28,2,30,104
07/09/2011,ELM,NY,AEA,EN,Combined TRACON& Tower with Radar,6,17,4,0,27,0,0,18,0,18,6,17,22,0,45,39,2,41,86
07/10/2011,ELM,NY,AEA,EN,Combined TRACON& Tower with Radar,7,12,18,0,37,0,0,24,0,24,7,12,42,0,61,49,0,49,110
07/11/2011,ELM,NY,AEA,EN,Combined TRACON& Tower with Radar,7,27,23,1,58,0,0,14,1,15,7,27,37,2,73,20,0,20,93
07/12/2011,ELM,NY,AEA,EN,Combined TRACON& Tower with Radar,6,33,17,14,70,0,0,5,4,9,6,33,22,18,79,17,39,56,135
07/13/2011,ELM,NY,AEA,EN,Combined TRACON& Tower with Radar,6,24,19,0,49,0,0,13,0,13,6,24,32,0,62,49,0,49,111
07/14/2011,ELM,NY,AEA,EN,Combined TRACON& Tower with Radar,6,31,19,0,56,0,0,17,0,17,6,31,36,0,73,44,0,44,117
07/15/2011,ELM,NY,AEA,EN,Combined TRACON& Tower with Radar,10,24,30,4,68,0,0,26,1,27,10,24,56,5,95,30,0,30,125
07/16/2011,ELM,NY,AEA,EN,Combined TRACON& Tower with Radar,7,17,8,0,32,0,1,7,0,8,7,18,15,0,40,39,0,39,79
07/17/2011,ELM,NY,AEA,EN,Combined TRACON& Tower with Radar,6,13,4,0,23,0,0,13,0,13,6,13,17,0,36,16,0,16,52
07/18/2011,ELM,NY,AEA,EN,Combined TRACON& Tower with Radar,10,20,20,0,50,0,2,5,0,7,10,22,25,0,57,0,0,0,57
07/19/2011,ELM,NY,AEA,EN,Combined TRACON& Tower with Radar,6,21,17,0,44,0,0,8,1,9,6,21,25,1,53,2,16,18,71
07/20/2011,ELM,NY,AEA,EN,Combined TRACON& Tower with Radar,6,23,29,6,64,0,0,22,0,22,6,23,51,6,86,50,6,56,142
07/21/2011,ELM,NY,AEA,EN,Combined TRACON& Tower with Radar,6,34,27,0,67,0,0,17,4,21,6,34,44,4,88,20,0,20,108
07/22/2011,ELM,NY,AEA,EN,Combined TRACON& Tower with Radar,10,26,15,0,51,0,1,4,0,5,10,27,19,0,56,54,0,54,110
07/23/2011,ELM,NY,AEA,EN,Combined TRACON& Tower with Radar,6,17,8,0,31,0,2,13,0,15,6,19,21,0,46,36,0,36,82
07/24/2011,ELM,NY,AEA,EN,Combined TRACON& Tower with Radar,7,12,8,0,27,0,0,3,0,3,7,12,11,0,30,20,0,20,50
07/25/2011,ELM,NY,AEA,EN,Combined TRACON& Tower with Radar,10,15,40,0,65,0,0,8,3,11,10,15,48,3,76,4,0,4,80
07/26/2011,ELM,NY,AEA,EN,Combined TRACON& Tower with Radar,6,25,27,2,60,0,0,12,6,18,6,25,39,8,78,18,1,19,97
07/27/2011,ELM,NY,AEA,EN,Combined TRACON& Tower with Radar,7,22,23,3,55,0,0,13,0,13,7,22,36,3,68,40,0,40,108
07/28/2011,ELM,NY,AEA,EN,Combined TRACON& Tower with Radar,6,28,29,0,63,0,0,2,5,7,6,28,31,5,70,5,0,5,75
07/29/2011,ELM,NY,AEA,EN,Combined TRACON& Tower with Radar,9,23,19,0,51,0,0,2,0,2,9,23,21,0,53,26,0,26,79
07/30/2011,ELM,NY,AEA,EN,Combined TRACON& Tower with Radar,6,15,13,0,34,0,2,14,0,16,6,17,27,0,50,31,0,31,81
07/31/2011,ELM,NY,AEA,EN,Combined TRACON& Tower with Radar,6,14,8,0,28,0,0,16,0,16,6,14,24,0,44,10,0,10,54
08/01/2011,ELM,NY,AEA,EN,Combined TRACON& Tower with Radar,11,25,19,0,55,0,0,3,0,3,11,25,22,0,58,52,0,52,110
08/02/2011,ELM,NY,AEA,EN,Combined TRACON& Tower with Radar,4,24,23,0,51,0,0,18,0,18,4,24,41,0,69,48,0,48,117
08/03/2011,ELM,NY,AEA,EN,Combined TRACON& Tower with Radar,6,24,22,0,52,0,0,1,0,1,6,24,23,0,53,1,0,1,54
08/04/2011,ELM,NY,AEA,EN,Combined TRACON& Tower with Radar,6,42,23,0,71,0,0,8,0,8,6,42,31,0,79,44,0,44,123
08/05/2011,ELM,NY,AEA,EN,Combined TRACON& Tower with Radar,10,26,25,1,62,0,0,9,2,11,10,26,34,3,73,42,0,42,115
08/06/2011,ELM,NY,AEA,EN,Combined TRACON& Tower with Radar,7,18,8,0,33,0,0,2,0,2,7,18,10,0,35,30,0,30,65
08/07/2011,ELM,NY,AEA,EN,Combined TRACON& Tower with Radar,7,13,13,0,33,0,0,1,0,1,7,13,14,0,34,0,0,0,34
08/08/2011,ELM,NY,AEA,EN,Combined TRACON& Tower with Radar,8,20,21,0,49,0,1,15,2,18,8,21,36,2,67,22,0,22,89
08/09/2011,ELM,NY,AEA,EN,Combined TRACON& Tower with Radar,6,26,20,1,53,0,0,0,2,2,6,26,20,3,55,20,4,24,79
08/10/2011,ELM,NY,AEA,EN,Combined TRACON& Tower with Radar,6,26,21,0,53,0,0,7,6,13,6,26,28,6,66,14,0,14,80
08/11/2011,ELM,NY,AEA,EN,Combined TRACON& Tower with Radar,10,31,55,0,96,0,0,15,0,15,10,31,70,0,111,30,0,30,141
08/12/2011,ELM,NY,AEA,EN,Combined TRACON& Tower with Radar,11,25,31,0,67,0,1,21,0,22,11,26,52,0,89,44,0,44,133
08/13/2011,ELM,NY,AEA,EN,Combined TRACON& Tower with Radar,9,30,30,0,69,0,0,13,0,13,9,30,43,0,82,35,0,35,117
08/14/2011,ELM,NY,AEA,EN,Combined TRACON& Tower with Radar,9,13,27,0,49,0,0,0,0,0,9,13,27,0,49,2,0,2,51
08/15/2011,ELM,NY,AEA,EN,Combined TRACON& Tower with Radar,12,33,63,0,108,0,0,3,1,4,12,33,66,1,112,23,0,23,135
08/16/2011,ELM,NY,AEA,EN,Combined TRACON& Tower with Radar,6,28,22,8,64,0,1,13,0,14,6,29,35,8,78,66,16,82,160
08/17/2011,ELM,NY,AEA,EN,Combined TRACON& Tower with Radar,6,24,25,13,68,0,2,17,6,25,6,26,42,19,93,42,2,44,137
08/18/2011,ELM,NY,AEA,EN,Combined TRACON& Tower with Radar,6,33,25,1,65,0,0,8,3,11,6,33,33,4,76,42,0,42,118
08/19/2011,ELM,NY,AEA,EN,Combined TRACON& Tower with Radar,8,26,24,0,58,0,0,1,2,3,8,26,25,2,61,49,18,67,128
08/20/2011,ELM,NY,AEA,EN,Combined TRACON& Tower with Radar,7,18,8,0,33,0,1,4,0,5,7,19,12,0,38,34,0,34,72
08/21/2011,ELM,NY,AEA,EN,Combined TRACON& Tower with Radar,7,10,9,0,26,0,0,1,2,3,7,10,10,2,29,0,0,0,29
08/22/2011,ELM,NY,AEA,EN,Combined TRACON& Tower with Radar,8,18,21,0,47,0,0,16,2,18,8,18,37,2,65,47,0,47,112
08/23/2011,ELM,NY,AEA,EN,Combined TRACON& Tower with Radar,5,28,27,0,60,0,0,13,0,13,5,28,40,0,73,34,0,34,107
08/24/2011,ELM,NY,AEA,EN,Combined TRACON& Tower with Radar,6,24,12,1,43,0,0,5,3,8,6,24,17,4,51,38,14,52,103
08/25/2011,ELM,NY,AEA,EN,Combined TRACON& Tower with Radar,6,24,22,0,52,0,0,3,1,4,6,24,25,1,56,48,0,48,104
08/26/2011,ELM,NY,AEA,EN,Combined TRACON& Tower with Radar,8,22,31,0,61,0,8,16,2,26,8,30,47,2,87,51,0,51,138
08/27/2011,ELM,NY,AEA,EN,Combined TRACON& Tower with Radar,7,23,15,0,45,0,8,5,0,13,7,31,20,0,58,44,0,44,102
08/28/2011,ELM,NY,AEA,EN,Combined TRACON& Tower with Radar,7,6,6,0,19,0,2,0,0,2,7,8,6,0,21,2,0,2,23
08/29/2011,ELM,NY,AEA,EN,Combined TRACON& Tower with Radar,8,23,19,0,50,0,14,16,1,31,8,37,35,1,81,26,0,26,107
08/30/2011,ELM,NY,AEA,EN,Combined TRACON& Tower with Radar,6,23,22,9,60,0,0,17,2,19,6,23,39,11,79,29,14,43,122
08/31/2011,ELM,NY,AEA,EN,Combined TRACON& Tower with Radar,6,26,20,0,52,0,0,16,0,16,6,26,36,0,68,18,0,18,86
09/01/2011,ELM,NY,AEA,EN,Combined TRACON& Tower with Radar,3,28,22,9,62,0,0,6,1,7,3,28,28,10,69,8,14,22,91
09/02/2011,ELM,NY,AEA,EN,Combined TRACON& Tower with Radar,6,24,20,0,50,0,0,6,0,6,6,24,26,0,56,40,0,40,96
09/03/2011,ELM,NY,AEA,EN,Combined TRACON& Tower with Radar,4,17,4,0,25,0,2,0,0,2,4,19,4,0,27,24,0,24,51
09/04/2011,ELM,NY,AEA,EN,Combined TRACON& Tower with Radar,4,12,8,0,24,0,0,2,0,2,4,12,10,0,26,18,0,18,44
09/05/2011,ELM,NY,AEA,EN,Combined TRACON& Tower with Radar,6,14,11,0,31,0,0,0,0,0,6,14,11,0,31,0,0,0,31
09/06/2011,ELM,NY,AEA,EN,Combined TRACON& Tower with Radar,4,20,18,0,42,0,0,0,0,0,4,20,18,0,42,6,0,6,48
09/07/2011,ELM,NY,AEA,EN,Combined TRACON& Tower with Radar,4,23,30,0,57,0,0,0,0,0,4,23,30,0,57,0,0,0,57
09/08/2011,ELM,NY,AEA,EN,Combined TRACON& Tower with Radar,4,36,29,1,70,0,6,3,1,10,4,42,32,2,80,31,0,31,111
09/09/2011,ELM,NY,AEA,EN,Combined TRACON& Tower with Radar,6,24,27,0,57,0,2,6,4,12,6,26,33,4,69,38,0,38,107
09/10/2011,ELM,NY,AEA,EN,Combined TRACON& Tower with Radar,4,27,8,0,39,0,1,23,2,26,4,28,31,2,65,0,0,0,65
09/11/2011,ELM,NY,AEA,EN,Combined TRACON& Tower with Radar,5,14,31,0,50,0,0,3,0,3,5,14,34,0,53,34,0,34,87
09/12/2011,ELM,NY,AEA,EN,Combined TRACON& Tower with Radar,6,24,25,1,56,0,0,15,3,18,6,24,40,4,74,20,0,20,94
09/13/2011,ELM,NY,AEA,EN,Combined TRACON& Tower with Radar,4,30,21,0,55,0,0,2,4,6,4,30,23,4,61,18,4,22,83
09/14/2011,ELM,NY,AEA,EN,Combined TRACON& Tower with Radar,4,27,27,1,59,0,0,15,4,19,4,27,42,5,78,32,0,32,110
09/15/2011,ELM,NY,AEA,EN,Combined TRACON& Tower with Radar,4,38,29,5,76,0,0,1,3,4,4,38,30,8,80,10,4,14,94
09/16/2011,ELM,NY,AEA,EN,Combined TRACON& Tower with Radar,6,23,23,0,52,0,0,9,0,9,6,23,32,0,61,4,0,4,65
09/17/2011,ELM,NY,AEA,EN,Combined TRACON& Tower with Radar,4,21,6,0,31,0,0,14,0,14,4,21,20,0,45,26,0,26,71
09/18/2011,ELM,NY,AEA,EN,Combined TRACON& Tower with Radar,4,19,15,0,38,0,0,16,0,16,4,19,31,0,54,12,0,12,66
09/19/2011,ELM,NY,AEA,EN,Combined TRACON& Tower with Radar,6,24,21,0,51,0,0,15,0,15,6,24,36,0,66,25,0,25,91
09/20/2011,ELM,NY,AEA,EN,Combined TRACON& Tower with Radar,4,36,25,0,65,0,1,7,0,8,4,37,32,0,73,10,0,10,83
09/21/2011,ELM,NY,AEA,EN,Combined TRACON& Tower with Radar,4,34,23,2,63,0,0,5,0,5,4,34,28,2,68,32,0,32,100
09/22/2011,ELM,NY,AEA,EN,Combined TRACON& Tower with Radar,4,27,37,0,68,0,2,3,1,6,4,29,40,1,74,3,0,3,77
09/23/2011,ELM,NY,AEA,EN,Combined TRACON& Tower with Radar,6,28,20,0,54,0,0,0,0,0,6,28,20,0,54,0,0,0,54
09/24/2011,ELM,NY,AEA,EN,Combined TRACON& Tower with Radar,4,20,5,0,29,0,0,2,0,2,4,20,7,0,31,48,0,48,79
09/25/2011,ELM,NY,AEA,EN,Combined TRACON& Tower with Radar,4,13,7,0,24,0,0,21,4,25,4,13,28,4,49,76,0,76,125
09/26/2011,ELM,NY,AEA,EN,Combined TRACON& Tower with Radar,6,23,24,10,63,0,2,9,4,15,6,25,33,14,78,16,2,18,96
09/27/2011,ELM,NY,AEA,EN,Combined TRACON& Tower with Radar,4,33,14,0,51,0,0,5,0,5,4,33,19,0,56,12,0,12,68
09/28/2011,ELM,NY,AEA,EN,Combined TRACON& Tower with Radar,4,28,30,0,62,0,0,2,0,2,4,28,32,0,64,0,0,0,64
09/29/2011,ELM,NY,AEA,EN,Combined TRACON& Tower with Radar,4,30,20,0,54,0,0,3,1,4,4,30,23,1,58,2,2,4,62
09/30/2011,ELM,NY,AEA,EN,Combined TRACON& Tower with Radar,6,24,17,0,47,0,1,18,4,23,6,25,35,4,70,38,0,38,108
10/01/2011,ELM,NY,AEA,EN,Combined TRACON& Tower with Radar,4,24,5,0,33,0,0,0,0,0,4,24,5,0,33,0,0,0,33
10/02/2011,ELM,NY,AEA,EN,Combined TRACON& Tower with Radar,4,19,10,0,33,0,0,4,0,4,4,19,14,0,37,2,0,2,39
10/03/2011,ELM,NY,AEA,EN,Combined TRACON& Tower with Radar,6,23,35,0,64,0,0,12,2,14,6,23,47,2,78,24,0,24,102
10/04/2011,ELM,NY,AEA,EN,Combined TRACON& Tower with Radar,4,37,27,2,70,0,0,1,0,1,4,37,28,2,71,2,0,2,73
10/05/2011,ELM,NY,AEA,EN,Combined TRACON& Tower with Radar,4,29,19,0,52,0,3,23,3,29,4,32,42,3,81,44,6,50,131
10/06/2011,ELM,NY,AEA,EN,Combined TRACON& Tower with Radar,3,35,24,0,62,0,2,39,0,41,3,37,63,0,103,84,0,84,187
10/07/2011,ELM,NY,AEA,EN,Combined TRACON& Tower with Radar,6,26,30,0,62,0,0,28,0,28,6,26,58,0,90,49,0,49,139
10/08/2011,ELM,NY,AEA,EN,Combined TRACON& Tower with Radar,4,17,4,0,25,0,2,10,0,12,4,19,14,0,37,18,0,18,55
10/09/2011,ELM,NY,AEA,EN,Combined TRACON& Tower with Radar,4,15,15,0,34,0,0,32,0,32,4,15,47,0,66,54,0,54,120
10/10/2011,ELM,NY,AEA,EN,Combined TRACON& Tower with Radar,6,25,26,0,57,0,0,17,0,17,6,25,43,0,74,24,0,24,98
10/11/2011,ELM,NY,AEA,EN,Combined TRACON& Tower with Radar,6,27,13,0,46,0,2,10,0,12,6,29,23,0,58,0,0,0,58
10/12/2011,ELM,NY,AEA,EN,Combined TRACON& Tower with Radar,4,29,25,8,66,0,0,8,0,8,4,29,33,8,74,2,0,2,76
10/13/2011,ELM,NY,AEA,EN,Combined TRACON& Tower with Radar,4,31,25,0,60,0,0,0,0,0,4,31,25,0,60,24,0,24,84
10/14/2011,ELM,NY,AEA,EN,Combined TRACON& Tower with Radar,4,20,19,0,43,0,0,2,0,2,4,20,21,0,45,4,0,4,49
10/15/2011,ELM,NY,AEA,EN,Combined TRACON& Tower with Radar,2,12,6,0,20,0,0,0,0,0,2,12,6,0,20,0,0,0,20
10/16/2011,ELM,NY,AEA,EN,Combined TRACON& Tower with Radar,2,14,12,0,28,0,0,3,0,3,2,14,15,0,31,0,0,0,31
10/17/2011,ELM,NY,AEA,EN,Combined TRACON& Tower with Radar,6,22,19,0,47,0,0,14,0,14,6,22,33,0,61,0,0,0,61
10/18/2011,ELM,NY,AEA,EN,Combined TRACON& Tower with Radar,4,28,17,1,50,0,1,28,1,30,4,29,45,2,80,16,2,18,98
10/19/2011,ELM,NY,AEA,EN,Combined TRACON& Tower with Radar,4,21,25,0,50,0,0,3,0,3,4,21,28,0,53,8,0,8,61
10/20/2011,ELM,NY,AEA,EN,Combined TRACON& Tower with Radar,4,28,21,0,53,0,0,0,1,1,4,28,21,1,54,2,8,10,64
10/21/2011,ELM,NY,AEA,EN,Combined TRACON& Tower with Radar,5,30,18,0,53,0,0,4,2,6,5,30,22,2,59,20,1,21,80
10/22/2011,ELM,NY,AEA,EN,Combined TRACON& Tower with Radar,4,19,8,0,31,0,0,19,0,19,4,19,27,0,50,16,0,16,66
10/23/2011,ELM,NY,AEA,EN,Combined TRACON& Tower with Radar,4,14,13,0,31,0,4,17,1,22,4,18,30,1,53,27,0,27,80
10/24/2011,ELM,NY,AEA,EN,Combined TRACON& Tower with Radar,8,23,19,0,50,0,0,1,0,1,8,23,20,0,51,12,0,12,63
10/25/2011,ELM,NY,AEA,EN,Combined TRACON& Tower with Radar,4,25,26,0,55,0,0,17,7,24,4,25,43,7,79,20,8,28,107
10/26/2011,ELM,NY,AEA,EN,Combined TRACON& Tower with Radar,4,25,22,0,51,0,0,0,0,0,4,25,22,0,51,4,0,4,55
10/27/2011,ELM,NY,AEA,EN,Combined TRACON& Tower with Radar,4,32,23,0,59,0,0,1,0,1,4,32,24,0,60,0,0,0,60
10/28/2011,ELM,NY,AEA,EN,Combined TRACON& Tower with Radar,6,28,26,2,62,0,0,8,1,9,6,28,34,3,71,0,0,0,71
10/29/2011,ELM,NY,AEA,EN,Combined TRACON& Tower with Radar,4,17,8,0,29,0,0,3,0,3,4,17,11,0,32,14,0,14,46
10/30/2011,ELM,NY,AEA,EN,Combined TRACON& Tower with Radar,4,17,18,0,39,0,0,17,0,17,4,17,35,0,56,32,0,32,88
10/31/2011,ELM,NY,AEA,EN,Combined TRACON& Tower with Radar,6,24,12,0,42,0,0,8,4,12,6,24,20,4,54,0,0,0,54
11/01/2011,ELM,NY,AEA,EN,Combined TRACON& Tower with Radar,3,23,19,0,45,0,0,16,3,19,3,23,35,3,64,25,2,27,91
11/02/2011,ELM,NY,AEA,EN,Combined TRACON& Tower with Radar,4,27,21,4,56,0,0,15,2,17,4,27,36,6,73,40,6,46,119
11/03/2011,ELM,NY,AEA,EN,Combined TRACON& Tower with Radar,4,32,14,0,50,0,0,11,0,11,4,32,25,0,61,32,0,32,93
11/04/2011,ELM,NY,AEA,EN,Combined TRACON& Tower with Radar,6,25,20,0,51,0,1,9,6,16,6,26,29,6,67,18,7,25,92
11/05/2011,ELM,NY,AEA,EN,Combined TRACON& Tower with Radar,4,18,3,0,25,0,2,21,0,23,4,20,24,0,48,46,0,46,94
11/06/2011,ELM,NY,AEA,EN,Combined TRACON& Tower with Radar,7,12,7,0,26,0,0,8,1,9,7,12,15,1,35,38,0,38,73
11/07/2011,ELM,NY,AEA,EN,Combined TRACON& Tower with Radar,10,18,15,2,45,0,0,7,2,9,10,18,22,4,54,34,0,34,88
11/08/2011,ELM,NY,AEA,EN,Combined TRACON& Tower with Radar,8,25,19,0,52,0,0,15,0,15,8,25,34,0,67,24,0,24,91
11/09/2011,ELM,NY,AEA,EN,Combined TRACON& Tower with Radar,8,26,29,0,63,0,0,16,1,17,8,26,45,1,80,40,0,40,120
11/10/2011,ELM,NY,AEA,EN,Combined TRACON& Tower with Radar,13,27,22,0,62,0,0,4,1,5,13,27,26,1,67,20,0,20,87
11/11/2011,ELM,NY,AEA,EN,Combined TRACON& Tower with Radar,10,23,8,0,41,0,0,3,0,3,10,23,11,0,44,0,0,0,44
11/12/2011,ELM,NY,AEA,EN,Combined TRACON& Tower with Radar,6,14,8,0,28,0,2,12,0,14,6,16,20,0,42,0,0,0,42
11/13/2011,ELM,NY,AEA,EN,Combined TRACON& Tower with Radar,8,11,13,0,32,0,0,20,0,20,8,11,33,0,52,11,0,11,63
11/14/2011,ELM,NY,AEA,EN,Combined TRACON& Tower with Radar,10,19,24,0,53,0,0,2,2,4,10,19,26,2,57,14,0,14,71
11/15/2011,ELM,NY,AEA,EN,Combined TRACON& Tower with Radar,8,28,21,2,59,0,0,6,2,8,8,28,27,4,67,16,0,16,83
11/16/2011,ELM,NY,AEA,EN,Combined TRACON& Tower with Radar,8,22,15,1,46,0,0,0,0,0,8,22,15,1,46,2,0,2,48
11/17/2011,ELM,NY,AEA,EN,Combined TRACON& Tower with Radar,10,33,19,0,62,0,0,9,0,9,10,33,28,0,71,8,0,8,79
11/18/2011,ELM,NY,AEA,EN,Combined TRACON& Tower with Radar,19,26,22,1,68,0,2,11,3,16,19,28,33,4,84,8,0,8,92
11/19/2011,ELM,NY,AEA,EN,Combined TRACON& Tower with Radar,11,15,9,0,35,0,2,19,9,30,11,17,28,9,65,30,0,30,95
11/20/2011,ELM,NY,AEA,EN,Combined TRACON& Tower with Radar,8,11,8,0,27,0,0,2,0,2,8,11,10,0,29,14,0,14,43
11/21/2011,ELM,NY,AEA,EN,Combined TRACON& Tower with Radar,10,19,13,0,42,0,0,2,2,4,10,19,15,2,46,27,10,37,83
11/22/2011,ELM,NY,AEA,EN,Combined TRACON& Tower with Radar,8,27,18,0,53,0,0,3,0,3,8,27,21,0,56,4,0,4,60
11/23/2011,ELM,NY,AEA,EN,Combined TRACON& Tower with Radar,8,28,14,0,50,0,0,0,0,0,8,28,14,0,50,0,0,0,50
11/24/2011,ELM,NY,AEA,EN,Combined TRACON& Tower with Radar,5,9,3,0,17,0,0,5,0,5,5,9,8,0,22,0,0,0,22
11/25/2011,ELM,NY,AEA,EN,Combined TRACON& Tower with Radar,9,11,4,0,24,0,2,10,4,16,9,13,14,4,40,12,2,14,54
11/26/2011,ELM,NY,AEA,EN,Combined TRACON& Tower with Radar,8,18,7,0,33,0,0,23,0,23,8,18,30,0,56,26,0,26,82
11/27/2011,ELM,NY,AEA,EN,Combined TRACON& Tower with Radar,10,12,14,0,36,0,0,5,1,6,10,12,19,1,42,5,0,5,47
11/28/2011,ELM,NY,AEA,EN,Combined TRACON& Tower with Radar,9,21,28,0,58,0,0,2,2,4,9,21,30,2,62,2,0,2,64
11/29/2011,ELM,NY,AEA,EN,Combined TRACON& Tower with Radar,8,23,23,1,55,0,0,0,2,2,8,23,23,3,57,16,0,16,73
11/30/2011,ELM,NY,AEA,EN,Combined TRACON& Tower with Radar,8,21,27,0,56,0,0,0,1,1,8,21,27,1,57,4,0,4,61
12/01/2011,ELM,NY,AEA,EN,Combined TRACON& Tower with Radar,7,26,18,0,51,0,1,4,10,15,7,27,22,10,66,16,4,20,86
12/02/2011,ELM,NY,AEA,EN,Combined TRACON& Tower with Radar,10,25,21,0,56,0,0,4,8,12,10,25,25,8,68,0,0,0,68
12/03/2011,ELM,NY,AEA,EN,Combined TRACON& Tower with Radar,6,14,8,0,28,0,1,10,2,13,6,15,18,2,41,0,0,0,41
12/04/2011,ELM,NY,AEA,EN,Combined TRACON& Tower with Radar,8,11,5,0,24,0,0,7,10,17,8,11,12,10,41,28,0,28,69
12/05/2011,ELM,NY,AEA,EN,Combined TRACON& Tower with Radar,12,21,28,2,63,0,0,3,2,5,12,21,31,4,68,6,0,6,74
12/06/2011,ELM,NY,AEA,EN,Combined TRACON& Tower with Radar,8,31,17,0,56,0,0,0,0,0,8,31,17,0,56,0,0,0,56
12/07/2011,ELM,NY,AEA,EN,Combined TRACON& Tower with Radar,7,24,26,0,57,0,0,0,0,0,7,24,26,0,57,0,0,0,57
12/08/2011,ELM,NY,AEA,EN,Combined TRACON& Tower with Radar,7,36,20,14,77,0,0,6,1,7,7,36,26,15,84,0,30,30,114
12/09/2011,ELM,NY,AEA,EN,Combined TRACON& Tower with Radar,10,24,27,0,61,0,0,22,0,22,10,24,49,0,83,38,0,38,121
12/10/2011,ELM,NY,AEA,EN,Combined TRACON& Tower with Radar,6,13,7,0,26,0,2,13,0,15,6,15,20,0,41,27,0,27,68
12/11/2011,ELM,NY,AEA,EN,Combined TRACON& Tower with Radar,8,11,12,0,31,0,0,20,3,23,8,11,32,3,54,35,0,35,89
12/12/2011,ELM,NY,AEA,EN,Combined TRACON& Tower with Radar,10,23,19,0,52,0,0,7,0,7,10,23,26,0,59,30,0,30,89
12/13/2011,ELM,NY,AEA,EN,Combined TRACON& Tower with Radar,8,22,23,1,54,0,0,19,1,20,8,22,42,2,74,16,2,18,92
12/14/2011,ELM,NY,AEA,EN,Combined TRACON& Tower with Radar,8,27,18,1,54,0,0,6,1,7,8,27,24,2,61,14,0,14,75
12/15/2011,ELM,NY,AEA,EN,Combined TRACON& Tower with Radar,7,27,22,0,56,0,0,0,0,0,7,27,22,0,56,0,0,0,56
12/16/2011,ELM,NY,AEA,EN,Combined TRACON& Tower with Radar,9,28,27,0,64,0,0,6,1,7,9,28,33,1,71,36,0,36,107
12/17/2011,ELM,NY,AEA,EN,Combined TRACON& Tower with Radar,4,21,13,0,38,0,0,2,0,2,4,21,15,0,40,0,0,0,40
12/18/2011,ELM,NY,AEA,EN,Combined TRACON& Tower with Radar,8,13,3,0,24,0,0,5,2,7,8,13,8,2,31,20,0,20,51
12/19/2011,ELM,NY,AEA,EN,Combined TRACON& Tower with Radar,10,24,13,1,48,0,0,2,1,3,10,24,15,2,51,16,0,16,67
12/20/2011,ELM,NY,AEA,EN,Combined TRACON& Tower with Radar,8,27,13,0,48,0,1,16,4,21,8,28,29,4,69,2,0,2,71
12/21/2011,ELM,NY,AEA,EN,Combined TRACON& Tower with Radar,10,21,14,2,47,0,0,0,0,0,10,21,14,2,47,0,2,2,49
12/22/2011,ELM,NY,AEA,EN,Combined TRACON& Tower with Radar,10,30,9,0,49,0,0,14,0,14,10,30,23,0,63,10,0,10,73
12/23/2011,ELM,NY,AEA,EN,Combined TRACON& Tower with Radar,8,28,8,0,44,0,0,0,5,5,8,28,8,5,49,22,8,30,79
12/24/2011,ELM,NY,AEA,EN,Combined TRACON& Tower with Radar,7,15,9,0,31,0,1,4,3,8,7,16,13,3,39,0,0,0,39
12/25/2011,ELM,NY,AEA,EN,Combined TRACON& Tower with Radar,6,7,0,0,13,0,0,2,0,2,6,7,2,0,15,12,0,12,27
12/26/2011,ELM,NY,AEA,EN,Combined TRACON& Tower with Radar,11,13,10,0,34,0,0,4,4,8,11,13,14,4,42,2,2,4,46
12/27/2011,ELM,NY,AEA,EN,Combined TRACON& Tower with Radar,7,23,1,0,31,0,0,8,2,10,7,23,9,2,41,14,0,14,55
12/28/2011,ELM,NY,AEA,EN,Combined TRACON& Tower with Radar,13,27,4,0,44,0,0,1,1,2,13,27,5,1,46,0,0,0,46
12/29/2011,ELM,NY,AEA,EN,Combined TRACON& Tower with Radar,8,24,2,2,36,0,0,15,4,19,8,24,17,6,55,16,0,16,71
12/30/2011,ELM,NY,AEA,EN,Combined TRACON& Tower with Radar,10,19,6,0,35,0,0,6,0,6,10,19,12,0,41,26,0,26,67
12/31/2011,ELM,NY,AEA,EN,Combined TRACON& Tower with Radar,7,17,5,0,29,0,0,4,0,4,7,17,9,0,33,0,0,0,33
01/01/2012,ELM,NY,AEA,EN,Combined TRACON& Tower with Radar,6,11,10,0,27,0,0,2,0,2,6,11,12,0,29,12,0,12,41
01/02/2012,ELM,NY,AEA,EN,Combined TRACON& Tower with Radar,12,14,11,0,37,0,0,0,0,0,12,14,11,0,37,0,0,0,37
01/03/2012,ELM,NY,AEA,EN,Combined TRACON& Tower with Radar,9,21,13,0,43,0,0,0,0,0,9,21,13,0,43,0,0,0,43
01/04/2012,ELM,NY,AEA,EN,Combined TRACON& Tower with Radar,9,22,9,1,41,0,0,13,4,17,9,22,22,5,58,32,0,32,90
01/05/2012,ELM,NY,AEA,EN,Combined TRACON& Tower with Radar,7,27,18,0,52,0,0,7,0,7,7,27,25,0,59,18,0,18,77
01/06/2012,ELM,NY,AEA,EN,Combined TRACON& Tower with Radar,10,19,17,0,46,0,2,13,3,18,10,21,30,3,64,22,0,22,86
01/07/2012,ELM,NY,AEA,EN,Combined TRACON& Tower with Radar,6,14,9,0,29,0,1,15,0,16,6,15,24,0,45,0,0,0,45
01/08/2012,ELM,NY,AEA,EN,Combined TRACON& Tower with Radar,8,9,9,0,26,0,0,2,0,2,8,9,11,0,28,12,0,12,40
01/09/2012,ELM,NY,AEA,EN,Combined TRACON& Tower with Radar,10,22,17,1,50,0,0,14,6,20,10,22,31,7,70,22,0,22,92
01/10/2012,ELM,NY,AEA,EN,Combined TRACON& Tower with Radar,8,23,10,0,41,0,0,10,2,12,8,23,20,2,53,28,30,58,111
01/11/2012,ELM,NY,AEA,EN,Combined TRACON& Tower with Radar,8,25,13,10,56,0,0,18,4,22,8,25,31,14,78,40,28,68,146
01/12/2012,ELM,NY,AEA,EN,Combined TRACON& Tower with Radar,8,27,15,0,50,0,0,0,0,0,8,27,15,0,50,18,0,18,68
01/13/2012,ELM,NY,AEA,EN,Combined TRACON& Tower with Radar,8,22,15,0,45,0,0,0,1,1,8,22,15,1,46,0,0,0,46
01/14/2012,ELM,NY,AEA,EN,Combined TRACON& Tower with Radar,6,14,4,0,24,0,0,3,0,3,6,14,7,0,27,0,0,0,27
01/15/2012,ELM,NY,AEA,EN,Combined TRACON& Tower with Radar,4,15,3,0,22,0,0,2,0,2,4,15,5,0,24,0,0,0,24
01/16/2012,ELM,NY,AEA,EN,Combined TRACON& Tower with Radar,6,22,19,0,47,0,0,13,0,13,6,22,32,0,60,32,0,32,92
01/17/2012,ELM,NY,AEA,EN,Combined TRACON& Tower with Radar,6,20,19,0,45,0,0,0,0,0,6,20,19,0,45,0,0,0,45
01/18/2012,ELM,NY,AEA,EN,Combined TRACON& Tower with Radar,6,22,16,0,44,0,0,12,0,12,6,22,28,0,56,8,0,8,64
01/19/2012,ELM,NY,AEA,EN,Combined TRACON& Tower with Radar,6,32,15,0,53,0,0,4,4,8,6,32,19,4,61,21,0,21,82
01/20/2012,ELM,NY,AEA,EN,Combined TRACON& Tower with Radar,8,27,17,0,52,0,0,13,5,18,8,27,30,5,70,22,0,22,92
01/21/2012,ELM,NY,AEA,EN,Combined TRACON& Tower with Radar,4,14,5,0,23,0,0,0,0,0,4,14,5,0,23,0,0,0,23
01/22/2012,ELM,NY,AEA,EN,Combined TRACON& Tower with Radar,8,11,10,0,29,0,1,9,3,13,8,12,19,3,42,28,0,28,70
01/23/2012,ELM,NY,AEA,EN,Combined TRACON& Tower with Radar,10,21,15,0,46,0,0,0,0,0,10,21,15,0,46,28,0,28,74
01/24/2012,ELM,NY,AEA,EN,Combined TRACON& Tower with Radar,8,22,16,0,46,0,0,2,3,5,8,22,18,3,51,8,0,8,59
01/25/2012,ELM,NY,AEA,EN,Combined TRACON& Tower with Radar,8,21,24,1,54,0,0,3,3,6,8,21,27,4,60,0,8,8,68
01/26/2012,ELM,NY,AEA,EN,Combined TRACON& Tower with Radar,8,27,16,0,51,0,0,1,0,1,8,27,17,0,52,0,0,0,52
01/27/2012,ELM,NY,AEA,EN,Combined TRACON& Tower with Radar,10,25,25,0,60,0,0,0,1,1,10,25,25,1,61,2,24,26,87
01/28/2012,ELM,NY,AEA,EN,Combined TRACON& Tower with Radar,6,15,4,0,25,0,0,0,0,0,6,15,4,0,25,7,0,7,32
01/29/2012,ELM,NY,AEA,EN,Combined TRACON& Tower with Radar,8,11,1,0,20,0,0,3,0,3,8,11,4,0,23,2,4,6,29
01/30/2012,ELM,NY,AEA,EN,Combined TRACON& Tower with Radar,8,18,24,4,54,0,0,3,1,4,8,18,27,5,58,0,2,2,60
01/31/2012,ELM,NY,AEA,EN,Combined TRACON& Tower with Radar,8,20,11,1,40,0,0,9,1,10,8,20,20,2,50,10,2,12,62
02/01/2012,ELM,NY,AEA,EN,Combined TRACON& Tower with Radar,8,21,15,0,44,0,0,4,2,6,8,21,19,2,50,0,0,0,50
02/02/2012,ELM,NY,AEA,EN,Combined TRACON& Tower with Radar,8,28,22,0,58,0,0,3,0,3,8,28,25,0,61,24,0,24,85
02/03/2012,ELM,NY,AEA,EN,Combined TRACON& Tower with Radar,10,19,23,0,52,0,0,21,3,24,10,19,44,3,76,34,4,38,114
02/04/2012,ELM,NY,AEA,EN,Combined TRACON& Tower with Radar,6,14,10,0,30,0,2,15,0,17,6,16,25,0,47,0,0,0,47
02/05/2012,ELM,NY,AEA,EN,Combined TRACON& Tower with Radar,8,11,6,0,25,0,0,19,0,19,8,11,25,0,44,40,0,40,84
02/06/2012,ELM,NY,AEA,EN,Combined TRACON& Tower with Radar,10,20,19,0,49,0,0,12,1,13,10,20,31,1,62,18,14,32,94
02/07/2012,ELM,NY,AEA,EN,Combined TRACON& Tower with Radar,8,24,20,0,52,0,0,7,0,7,8,24,27,0,59,2,2,4,63
02/08/2012,ELM,NY,AEA,EN,Combined TRACON& Tower with Radar,8,19,19,0,46,0,0,16,1,17,8,19,35,1,63,30,20,50,113
02/09/2012,ELM,NY,AEA,EN,Combined TRACON& Tower with Radar,8,22,14,0,44,0,2,15,2,19,8,24,29,2,63,32,1,33,96
02/10/2012,ELM,NY,AEA,EN,Combined TRACON& Tower with Radar,9,21,28,2,60,0,0,7,0,7,9,21,35,2,67,0,0,0,67
02/11/2012,ELM,NY,AEA,EN,Combined TRACON& Tower with Radar,6,18,0,0,24,0,0,0,0,0,6,18,0,0,24,0,0,0,24
02/12/2012,ELM,NY,AEA,EN,Combined TRACON& Tower with Radar,8,11,7,0,26,0,0,0,2,2,8,11,7,2,28,0,0,0,28
02/13/2012,ELM,NY,AEA,EN,Combined TRACON& Tower with Radar,10,21,20,0,51,0,0,9,3,12,10,21,29,3,63,20,0,20,83
02/14/2012,ELM,NY,AEA,EN,Combined TRACON& Tower with Radar,8,24,9,1,42,0,0,0,10,10,8,24,9,11,52,0,14,14,66
02/15/2012,ELM,NY,AEA,EN,Combined TRACON& Tower with Radar,10,21,13,0,44,0,1,4,1,6,10,22,17,1,50,0,0,0,50
02/16/2012,ELM,NY,AEA,EN,Combined TRACON& Tower with Radar,8,25,17,0,50,0,0,0,0,0,8,25,17,0,50,0,0,0,50
02/17/2012,ELM,NY,AEA,EN,Combined TRACON& Tower with Radar,10,20,22,0,52,0,0,11,0,11,10,20,33,0,63,62,0,62,125
02/18/2012,ELM,NY,AEA,EN,Combined TRACON& Tower with Radar,6,18,6,0,30,0,0,0,0,0,6,18,6,0,30,0,0,0,30
02/19/2012,ELM,NY,AEA,EN,Combined TRACON& Tower with Radar,8,11,9,0,28,0,0,16,0,16,8,11,25,0,44,0,0,0,44
02/20/2012,ELM,NY,AEA,EN,Combined TRACON& Tower with Radar,10,20,19,0,49,0,2,21,0,23,10,22,40,0,72,17,4,21,93
02/21/2012,ELM,NY,AEA,EN,Combined TRACON& Tower with Radar,8,24,33,0,65,0,0,13,1,14,8,24,46,1,79,40,10,50,129
02/22/2012,ELM,NY,AEA,EN,Combined TRACON& Tower with Radar,10,24,17,1,52,0,0,9,2,11,10,24,26,3,63,36,0,36,99
02/23/2012,ELM,NY,AEA,EN,Combined TRACON& Tower with Radar,8,27,19,0,54,0,0,8,0,8,8,27,27,0,62,30,0,30,92
02/24/2012,ELM,NY,AEA,EN,Combined TRACON& Tower with Radar,10,23,15,0,48,0,0,0,0,0,10,23,15,0,48,0,0,0,48
02/25/2012,ELM,NY,AEA,EN,Combined TRACON& Tower with Radar,6,19,7,0,32,0,0,0,1,1,6,19,7,1,33,0,0,0,33
02/26/2012,ELM,NY,AEA,EN,Combined TRACON& Tower with Radar,8,11,12,0,31,0,0,20,2,22,8,11,32,2,53,14,0,14,67
02/27/2012,ELM,NY,AEA,EN,Combined TRACON& Tower with Radar,10,20,23,0,53,0,2,8,3,13,10,22,31,3,66,26,0,26,92
02/28/2012,ELM,NY,AEA,EN,Combined TRACON& Tower with Radar,8,20,9,2,39,0,1,20,7,28,8,21,29,9,67,29,8,37,104
02/29/2012,ELM,NY,AEA,EN,Combined TRACON& Tower with Radar,10,22,8,0,40,0,0,0,0,0,10,22,8,0,40,2,0,2,42
03/01/2012,ELM,NY,AEA,EN,Combined TRACON& Tower with Radar,7,27,12,0,46,0,0,0,0,0,7,27,12,0,46,4,0,4,50
03/02/2012,ELM,NY,AEA,EN,Combined TRACON& Tower with Radar,8,20,20,4,52,0,0,14,8,22,8,20,34,12,74,0,0,0,74
03/03/2012,ELM,NY,AEA,EN,Combined TRACON& Tower with Radar,8,14,6,0,28,0,1,0,0,1,8,15,6,0,29,0,0,0,29
03/04/2012,ELM,NY,AEA,EN,Combined TRACON& Tower with Radar,8,9,7,0,24,0,0,2,0,2,8,9,9,0,26,8,0,8,34
03/05/2012,ELM,NY,AEA,EN,Combined TRACON& Tower with Radar,10,19,12,0,41,0,0,8,9,17,10,19,20,9,58,30,2,32,90
03/06/2012,ELM,NY,AEA,EN,Combined TRACON& Tower with Radar,8,22,16,1,47,0,0,23,1,24,8,22,39,2,71,12,0,12,83
03/07/2012,ELM,NY,AEA,EN,Combined TRACON& Tower with Radar,10,21,15,1,47,0,2,10,7,19,10,23,25,8,66,18,0,18,84
03/08/2012,ELM,NY,AEA,EN,Combined TRACON& Tower with Radar,8,27,17,0,52,0,0,0,3,3,8,27,17,3,55,0,13,13,68
03/09/2012,ELM,NY,AEA,EN,Combined TRACON& Tower with Radar,10,19,22,0,51,0,0,11,3,14,10,19,33,3,65,4,16,20,85
03/10/2012,ELM,NY,AEA,EN,Combined TRACON& Tower with Radar,6,13,11,0,30,0,2,16,0,18,6,15,27,0,48,17,0,17,65
03/11/2012,ELM,NY,AEA,EN,Combined TRACON& Tower with Radar,8,9,19,0,36,0,0,18,0,18,8,9,37,0,54,15,0,15,69
03/12/2012,ELM,NY,AEA,EN,Combined TRACON& Tower with Radar,10,18,18,2,48,0,0,14,1,15,10,18,32,3,63,6,0,6,69
03/13/2012,ELM,NY,AEA,EN,Combined TRACON& Tower with Radar,8,23,16,0,47,0,0,8,5,13,8,23,24,5,60,30,0,30,90
03/14/2012,ELM,NY,AEA,EN,Combined TRACON& Tower with Radar,9,27,18,0,54,0,2,20,0,22,9,29,38,0,76,12,0,12,88
03/15/2012,ELM,NY,AEA,EN,Combined TRACON& Tower with Radar,7,31,25,0,63,0,0,16,0,16,7,31,41,0,79,11,0,11,90
03/16/2012,ELM,NY,AEA,EN,Combined TRACON& Tower with Radar,10,20,17,0,47,0,0,6,0,6,10,20,23,0,53,0,0,0,53
03/17/2012,ELM,NY,AEA,EN,Combined TRACON& Tower with Radar,6,12,10,0,28,0,1,15,2,18,6,13,25,2,46,0,0,0,46
03/18/2012,ELM,NY,AEA,EN,Combined TRACON& Tower with Radar,8,10,13,0,31,0,0,16,0,16,8,10,29,0,47,39,0,39,86
03/19/2012,ELM,NY,AEA,EN,Combined TRACON& Tower with Radar,10,18,19,0,47,0,1,10,0,11,10,19,29,0,58,41,0,41,99
03/20/2012,ELM,NY,AEA,EN,Combined TRACON& Tower with Radar,8,23,22,1,54,0,0,4,3,7,8,23,26,4,61,8,2,10,71
03/21/2012,ELM,NY,AEA,EN,Combined TRACON& Tower with Radar,12,27,27,0,66,0,1,23,8,32,12,28,50,8,98,16,30,46,144
03/22/2012,ELM,NY,AEA,EN,Combined TRACON& Tower with Radar,8,28,20,0,56,0,0,14,0,14,8,28,34,0,70,22,0,22,92
03/23/2012,ELM,NY,AEA,EN,Combined TRACON& Tower with Radar,10,27,23,0,60,0,0,21,2,23,10,27,44,2,83,0,0,0,83
03/24/2012,ELM,NY,AEA,EN,Combined TRACON& Tower with Radar,6,16,5,0,27,0,0,2,0,2,6,16,7,0,29,18,0,18,47
03/25/2012,ELM,NY,AEA,EN,Combined TRACON& Tower with Radar,8,9,16,0,33,0,0,1,0,1,8,9,17,0,34,4,0,4,38
03/26/2012,ELM,NY,AEA,EN,Combined TRACON& Tower with Radar,9,19,22,0,50,0,0,2,2,4,9,19,24,2,54,4,0,4,58
03/27/2012,ELM,NY,AEA,EN,Combined TRACON& Tower with Radar,7,24,13,4,48,0,0,24,7,31,7,24,37,11,79,24,10,34,113
03/28/2012,ELM,NY,AEA,EN,Combined TRACON& Tower with Radar,9,25,19,0,53,0,0,14,2,16,9,25,33,2,69,10,0,10,79
03/29/2012,ELM,NY,AEA,EN,Combined TRACON& Tower with Radar,8,31,12,0,51,0,0,2,0,2,8,31,14,0,53,0,0,0,53
03/30/2012,ELM,NY,AEA,EN,Combined TRACON& Tower with Radar,9,26,19,0,54,0,0,18,3,21,9,26,37,3,75,16,2,18,93
03/31/2012,ELM,NY,AEA,EN,Combined TRACON& Tower with Radar,6,17,4,0,27,0,0,0,0,0,6,17,4,0,27,0,0,0,27
04/01/2012,ELM,NY,AEA,EN,Combined TRACON& Tower with Radar,8,9,9,0,26,0,0,0,0,0,8,9,9,0,26,3,0,3,29
04/02/2012,ELM,NY,AEA,EN,Combined TRACON& Tower with Radar,10,20,27,0,57,0,0,7,2,9,10,20,34,2,66,20,0,20,86
04/03/2012,ELM,NY,AEA,EN,Combined TRACON& Tower with Radar,7,26,21,0,54,0,0,15,1,16,7,26,36,1,70,26,4,30,100
04/04/2012,ELM,NY,AEA,EN,Combined TRACON& Tower with Radar,9,24,23,1,57,0,0,4,3,7,9,24,27,4,64,9,2,11,75
04/05/2012,ELM,NY,AEA,EN,Combined TRACON& Tower with Radar,8,27,23,0,58,0,0,15,0,15,8,27,38,0,73,33,0,33,106
04/06/2012,ELM,NY,AEA,EN,Combined TRACON& Tower with Radar,10,19,14,0,43,0,0,15,0,15,10,19,29,0,58,0,0,0,58
04/07/2012,ELM,NY,AEA,EN,Combined TRACON& Tower with Radar,7,14,11,0,32,0,2,5,0,7,7,16,16,0,39,7,0,7,46
04/08/2012,ELM,NY,AEA,EN,Combined TRACON& Tower with Radar,6,8,4,0,18,0,0,3,0,3,6,8,7,0,21,4,0,4,25
04/09/2012,ELM,NY,AEA,EN,Combined TRACON& Tower with Radar,10,18,18,0,46,0,0,8,0,8,10,18,26,0,54,1,0,1,55
04/10/2012,ELM,NY,AEA,EN,Combined TRACON& Tower with Radar,8,24,12,4,48,0,0,5,0,5,8,24,17,4,53,0,0,0,53
04/11/2012,ELM,NY,AEA,EN,Combined TRACON& Tower with Radar,10,23,20,0,53,0,0,4,0,4,10,23,24,0,57,7,0,7,64
04/12/2012,ELM,NY,AEA,EN,Combined TRACON& Tower with Radar,8,29,16,4,57,0,0,4,1,5,8,29,20,5,62,6,4,10,72
04/13/2012,ELM,NY,AEA,EN,Combined TRACON& Tower with Radar,10,19,24,0,53,0,0,25,2,27,10,19,49,2,80,0,0,0,80
04/14/2012,ELM,NY,AEA,EN,Combined TRACON& Tower with Radar,5,15,14,0,34,0,2,8,0,10,5,17,22,0,44,28,0,28,72
04/15/2012,ELM,NY,AEA,EN,Combined TRACON& Tower with Radar,8,9,12,0,29,0,0,1,0,1,8,9,13,0,30,0,0,0,30
04/16/2012,ELM,NY,AEA,EN,Combined TRACON& Tower with Radar,10,18,16,0,44,0,0,5,3,8,10,18,21,3,52,40,0,40,92
04/17/2012,ELM,NY,AEA,EN,Combined TRACON& Tower with Radar,8,22,14,10,54,0,4,20,0,24,8,26,34,10,78,18,14,32,110
04/18/2012,ELM,NY,AEA,EN,Combined TRACON& Tower with Radar,10,21,12,3,46,0,0,30,0,30,10,21,42,3,76,29,0,29,105
04/19/2012,ELM,NY,AEA,EN,Combined TRACON& Tower with Radar,6,22,15,0,43,0,3,7,0,10,6,25,22,0,53,12,0,12,65
04/20/2012,ELM,NY,AEA,EN,Combined TRACON& Tower with Radar,10,25,18,0,53,0,0,25,0,25,10,25,43,0,78,0,0,0,78
04/21/2012,ELM,NY,AEA,EN,Combined TRACON& Tower with Radar,6,19,6,0,31,0,0,2,0,2,6,19,8,0,33,0,0,0,33
04/22/2012,ELM,NY,AEA,EN,Combined TRACON& Tower with Radar,8,11,1,0,20,0,0,1,0,1,8,11,2,0,21,2,0,2,23
04/23/2012,ELM,NY,AEA,EN,Combined TRACON& Tower with Radar,10,22,24,0,56,0,0,0,0,0,10,22,24,0,56,0,0,0,56
04/24/2012,ELM,NY,AEA,EN,Combined TRACON& Tower with Radar,8,21,10,0,39,0,0,0,0,0,8,21,10,0,39,0,0,0,39
04/25/2012,ELM,NY,AEA,EN,Combined TRACON& Tower with Radar,10,20,27,0,57,0,0,6,1,7,10,20,33,1,64,30,1,31,95
04/26/2012,ELM,NY,AEA,EN,Combined TRACON& Tower with Radar,8,29,36,0,73,0,0,7,0,7,8,29,43,0,80,8,0,8,88
04/27/2012,ELM,NY,AEA,EN,Combined TRACON& Tower with Radar,10,23,24,0,57,0,0,4,4,8,10,23,28,4,65,0,2,2,67
04/28/2012,ELM,NY,AEA,EN,Combined TRACON& Tower with Radar,5,16,11,0,32,0,0,18,4,22,5,16,29,4,54,0,0,0,54
04/29/2012,ELM,NY,AEA,EN,Combined TRACON& Tower with Radar,8,12,21,0,41,0,0,23,0,23,8,12,44,0,64,23,0,23,87
04/30/2012,ELM,NY,AEA,EN,Combined TRACON& Tower with Radar,10,19,19,0,48,0,0,5,0,5,10,19,24,0,53,0,0,0,53
05/01/2012,ELM,NY,AEA,EN,Combined TRACON& Tower with Radar,8,22,22,7,59,0,0,3,0,3,8,22,25,7,62,16,0,16,78
05/02/2012,ELM,NY,AEA,EN,Combined TRACON& Tower with Radar,10,22,18,4,54,0,0,3,0,3,10,22,21,4,57,4,0,4,61
05/03/2012,ELM,NY,AEA,EN,Combined TRACON& Tower with Radar,6,25,18,0,49,0,0,5,3,8,6,25,23,3,57,16,4,20,77
05/04/2012,ELM,NY,AEA,EN,Combined TRACON& Tower with Radar,10,17,23,0,50,0,0,8,0,8,10,17,31,0,58,4,0,4,62
05/05/2012,ELM,NY,AEA,EN,Combined TRACON& Tower with Radar,6,16,5,0,27,0,0,11,0,11,6,16,16,0,38,0,0,0,38
05/06/2012,ELM,NY,AEA,EN,Combined TRACON& Tower with Radar,8,11,7,0,26,0,0,10,0,10,8,11,17,0,36,20,0,20,56
05/07/2012,ELM,NY,AEA,EN,Combined TRACON& Tower with Radar,9,19,34,2,64,0,0,2,0,2,9,19,36,2,66,0,0,0,66
05/08/2012,ELM,NY,AEA,EN,Combined TRACON& Tower with Radar,8,26,22,0,56,0,0,0,0,0,8,26,22,0,56,0,0,0,56
05/09/2012,ELM,NY,AEA,EN,Combined TRACON& Tower with Radar,10,26,14,0,50,0,0,2,8,10,10,26,16,8,60,12,24,36,96
05/10/2012,ELM,NY,AEA,EN,Combined TRACON& Tower with Radar,8,30,20,0,58,0,0,13,2,15,8,30,33,2,73,2,0,2,75
05/11/2012,ELM,NY,AEA,EN,Combined TRACON& Tower with Radar,10,27,18,0,55,0,0,10,1,11,10,27,28,1,66,0,0,0,66
05/12/2012,ELM,NY,AEA,EN,Combined TRACON& Tower with Radar,6,17,2,0,25,0,2,17,0,19,6,19,19,0,44,0,0,0,44
05/13/2012,ELM,NY,AEA,EN,Combined TRACON& Tower with Radar,6,9,7,0,22,0,1,16,0,17,6,10,23,0,39,44,0,44,83
05/14/2012,ELM,NY,AEA,EN,Combined TRACON& Tower with Radar,10,20,28,0,58,0,0,0,0,0,10,20,28,0,58,0,0,0,58
05/15/2012,ELM,NY,AEA,EN,Combined TRACON& Tower with Radar,8,28,17,8,61,0,0,4,0,4,8,28,21,8,65,37,4,41,106
05/16/2012,ELM,NY,AEA,EN,Combined TRACON& Tower with Radar,8,21,25,0,54,0,0,3,0,3,8,21,28,0,57,14,0,14,71
05/17/2012,ELM,NY,AEA,EN,Combined TRACON& Tower with Radar,10,33,24,0,67,0,1,37,1,39,10,34,61,1,106,28,0,28,134
05/18/2012,ELM,NY,AEA,EN,Combined TRACON& Tower with Radar,8,25,16,0,49,0,0,9,0,9,8,25,25,0,58,0,0,0,58
05/19/2012,ELM,NY,AEA,EN,Combined TRACON& Tower with Radar,6,16,2,0,24,0,2,11,2,15,6,18,13,2,39,4,0,4,43
05/20/2012,ELM,NY,AEA,EN,Combined TRACON& Tower with Radar,10,10,9,0,29,0,0,11,2,13,10,10,20,2,42,20,0,20,62
05/21/2012,ELM,NY,AEA,EN,Combined TRACON& Tower with Radar,8,19,26,3,56,0,0,4,2,6,8,19,30,5,62,0,0,0,62
05/22/2012,ELM,NY,AEA,EN,Combined TRACON& Tower with Radar,8,22,22,0,52,0,0,12,0,12,8,22,34,0,64,12,0,12,76
05/23/2012,ELM,NY,AEA,EN,Combined TRACON& Tower with Radar,8,29,18,0,55,0,0,5,0,5,8,29,23,0,60,32,0,32,92
05/24/2012,ELM,NY,AEA,EN,Combined TRACON& Tower with Radar,10,29,27,0,66,0,0,11,0,11,10,29,38,0,77,57,2,59,136
05/25/2012,ELM,NY,AEA,EN,Combined TRACON& Tower with Radar,8,18,16,0,42,0,0,2,0,2,8,18,18,0,44,0,0,0,44
05/26/2012,ELM,NY,AEA,EN,Combined TRACON& Tower with Radar,6,15,5,0,26,0,0,6,0,6,6,15,11,0,32,0,0,0,32
05/27/2012,ELM,NY,AEA,EN,Combined TRACON& Tower with Radar,4,13,3,0,20,0,0,4,1,5,4,13,7,1,25,19,4,23,48
05/28/2012,ELM,NY,AEA,EN,Combined TRACON& Tower with Radar,6,17,7,0,30,0,0,5,0,5,6,17,12,0,35,1,0,1,36
05/29/2012,ELM,NY,AEA,EN,Combined TRACON& Tower with Radar,8,19,20,0,47,0,0,3,0,3,8,19,23,0,50,29,0,29,79
05/30/2012,ELM,NY,AEA,EN,Combined TRACON& Tower with Radar,8,25,22,0,55,0,0,22,4,26,8,25,44,4,81,12,4,16,97
05/31/2012,ELM,NY,AEA,EN,Combined TRACON& Tower with Radar,10,27,15,0,52,0,0,24,2,26,10,27,39,2,78,23,2,25,103
06/01/2012,ELM,NY,AEA,EN,Combined TRACON& Tower with Radar,8,24,28,0,60,0,0,6,0,6,8,24,34,0,66,0,0,0,66
06/02/2012,ELM,NY,AEA,EN,Combined TRACON& Tower with Radar,6,19,8,0,33,0,1,8,0,9,6,20,16,0,42,0,0,0,42
06/03/2012,ELM,NY,AEA,EN,Combined TRACON& Tower with Radar,10,10,18,0,38,0,0,3,0,3,10,10,21,0,41,14,0,14,55
06/04/2012,ELM,NY,AEA,EN,Combined TRACON& Tower with Radar,8,17,18,0,43,0,0,1,0,1,8,17,19,0,44,13,0,13,57
06/05/2012,ELM,NY,AEA,EN,Combined TRACON& Tower with Radar,8,26,22,0,56,0,0,16,0,16,8,26,38,0,72,44,0,44,116
06/06/2012,ELM,NY,AEA,EN,Combined TRACON& Tower with Radar,8,27,35,0,70,0,0,5,1,6,8,27,40,1,76,26,4,30,106
06/07/2012,ELM,NY,AEA,EN,Combined TRACON& Tower with Radar,10,33,24,2,69,0,0,14,1,15,10,33,38,3,84,23,0,23,107
06/08/2012,ELM,NY,AEA,EN,Combined TRACON& Tower with Radar,8,25,22,0,55,0,0,18,0,18,8,25,40,0,73,0,0,0,73
06/09/2012,ELM,NY,AEA,EN,Combined TRACON& Tower with Radar,8,19,10,0,37,0,0,2,0,2,8,19,12,0,39,4,0,4,43
06/10/2012,ELM,NY,AEA,EN,Combined TRACON& Tower with Radar,12,13,15,0,40,0,0,7,0,7,12,13,22,0,47,10,0,10,57
06/11/2012,ELM,NY,AEA,EN,Combined TRACON& Tower with Radar,8,21,21,0,50,0,0,20,3,23,8,21,41,3,73,22,10,32,105
06/12/2012,ELM,NY,AEA,EN,Combined TRACON& Tower with Radar,14,28,17,0,59,0,0,0,0,0,14,28,17,0,59,0,0,0,59
06/13/2012,ELM,NY,AEA,EN,Combined TRACON& Tower with Radar,8,26,14,0,48,0,0,13,4,17,8,26,27,4,65,19,10,29,94
06/14/2012,ELM,NY,AEA,EN,Combined TRACON& Tower with Radar,10,27,16,1,54,0,0,23,7,30,10,27,39,8,84,24,4,28,112
06/15/2012,ELM,NY,AEA,EN,Combined TRACON& Tower with Radar,8,21,18,0,47,0,0,18,2,20,8,21,36,2,67,0,0,0,67
06/16/2012,ELM,NY,AEA,EN,Combined TRACON& Tower with Radar,8,16,13,0,37,0,1,7,0,8,8,17,20,0,45,6,12,18,63
06/17/2012,ELM,NY,AEA,EN,Combined TRACON& Tower with Radar,10,11,5,0,26,0,0,2,0,2,10,11,7,0,28,2,0,2,30
06/18/2012,ELM,NY,AEA,EN,Combined TRACON& Tower with Radar,8,20,22,0,50,0,0,4,2,6,8,20,26,2,56,17,0,17,73
06/19/2012,ELM,NY,AEA,EN,Combined TRACON& Tower with Radar,7,26,17,0,50,0,0,0,0,0,7,26,17,0,50,0,0,0,50
06/20/2012,ELM,NY,AEA,EN,Combined TRACON& Tower with Radar,8,27,20,2,57,0,3,14,5,22,8,30,34,7,79,58,6,64,143
06/21/2012,ELM,NY,AEA,EN,Combined TRACON& Tower with Radar,10,28,20,0,58,0,2,14,1,17,10,30,34,1,75,28,2,30,105
06/22/2012,ELM,NY,AEA,EN,Combined TRACON& Tower with Radar,8,19,27,0,54,0,0,7,0,7,8,19,34,0,61,0,0,0,61
06/23/2012,ELM,NY,AEA,EN,Combined TRACON& Tower with Radar,8,17,4,0,29,0,0,14,0,14,8,17,18,0,43,64,0,64,107
06/24/2012,ELM,NY,AEA,EN,Combined TRACON& Tower with Radar,11,13,13,0,37,0,0,6,0,6,11,13,19,0,43,7,0,7,50
06/25/2012,ELM,NY,AEA,EN,Combined TRACON& Tower with Radar,8,22,14,0,44,0,1,2,2,5,8,23,16,2,49,5,0,5,54
06/26/2012,ELM,NY,AEA,EN,Combined TRACON& Tower with Radar,8,28,16,0,52,0,2,12,0,14,8,30,28,0,66,14,0,14,80
06/27/2012,ELM,NY,AEA,EN,Combined TRACON& Tower with Radar,7,25,28,0,60,0,2,7,4,13,7,27,35,4,73,4,0,4,77
06/28/2012,ELM,NY,AEA,EN,Combined TRACON& Tower with Radar,10,30,29,1,70,0,3,11,0,14,10,33,40,1,84,11,2,13,97
06/29/2012,ELM,NY,AEA,EN,Combined TRACON& Tower with Radar,8,18,21,0,47,0,3,16,9,28,8,21,37,9,75,17,14,31,106
06/30/2012,ELM,NY,AEA,EN,Combined TRACON& Tower with Radar,8,16,13,0,37,0,2,17,4,23,8,18,30,4,60,0,0,0,60
07/01/2012,ELM,NY,AEA,EN,Combined TRACON& Tower with Radar,10,20,17,0,47,0,2,34,0,36,10,22,51,0,83,25,0,25,108
07/02/2012,ELM,NY,AEA,EN,Combined TRACON& Tower with Radar,6,25,24,0,55,0,2,20,1,23,6,27,44,1,78,63,0,63,141
07/03/2012,ELM,NY,AEA,EN,Combined TRACON& Tower with Radar,6,28,18,0,52,0,2,21,0,23,6,30,39,0,75,13,0,13,88
07/04/2012,ELM,NY,AEA,EN,Combined TRACON& Tower with Radar,4,12,11,0,27,0,0,4,0,4,4,12,15,0,31,30,0,30,61
07/05/2012,ELM,NY,AEA,EN,Combined TRACON& Tower with Radar,8,30,14,0,52,0,0,9,0,9,8,30,23,0,61,24,0,24,85
07/06/2012,ELM,NY,AEA,EN,Combined TRACON& Tower with Radar,8,21,12,0,41,0,0,7,0,7,8,21,19,0,48,0,0,0,48
07/07/2012,ELM,NY,AEA,EN,Combined TRACON& Tower with Radar,6,18,3,0,27,0,0,0,0,0,6,18,3,0,27,0,0,0,27
07/08/2012,ELM,NY,AEA,EN,Combined TRACON& Tower with Radar,10,14,8,0,32,0,0,9,0,9,10,14,17,0,41,60,0,60,101
07/09/2012,ELM,NY,AEA,EN,Combined TRACON& Tower with Radar,8,21,16,2,47,0,0,8,0,8,8,21,24,2,55,32,2,34,89
07/10/2012,ELM,NY,AEA,EN,Combined TRACON& Tower with Radar,8,26,17,0,51,0,0,17,1,18,8,26,34,1,69,13,0,13,82
07/11/2012,ELM,NY,AEA,EN,Combined TRACON& Tower with Radar,8,25,14,2,49,0,0,13,0,13,8,25,27,2,62,21,0,21,83
07/12/2012,ELM,NY,AEA,EN,Combined TRACON& Tower with Radar,10,30,18,3,61,0,2,16,3,21,10,32,34,6,82,20,14,34,116
07/13/2012,ELM,NY,AEA,EN,Combined TRACON& Tower with Radar,8,30,24,0,62,0,0,11,0,11,8,30,35,0,73,0,0,0,73
07/14/2012,ELM,NY,AEA,EN,Combined TRACON& Tower with Radar,7,19,8,0,34,0,0,10,0,10,7,19,18,0,44,0,0,0,44
07/15/2012,ELM,NY,AEA,EN,Combined TRACON& Tower with Radar,8,15,5,0,28,0,0,0,2,2,8,15,5,2,30,0,0,0,30
07/16/2012,ELM,NY,AEA,EN,Combined TRACON& Tower with Radar,8,28,22,0,58,0,0,4,0,4,8,28,26,0,62,3,0,3,65
07/17/2012,ELM,NY,AEA,EN,Combined TRACON& Tower with Radar,8,27,13,0,48,0,0,9,0,9,8,27,22,0,57,5,0,5,62
07/18/2012,ELM,NY,AEA,EN,Combined TRACON& Tower with Radar,8,22,21,0,51,0,0,17,2,19,8,22,38,2,70,22,0,22,92
07/19/2012,ELM,NY,AEA,EN,Combined TRACON& Tower with Radar,9,28,18,1,56,0,2,12,1,15,9,30,30,2,71,18,8,26,97
07/20/2012,ELM,NY,AEA,EN,Combined TRACON& Tower with Radar,8,32,14,0,54,0,0,1,0,1,8,32,15,0,55,0,0,0,55
07/21/2012,ELM,NY,AEA,EN,Combined TRACON& Tower with Radar,8,17,9,0,34,0,0,13,0,13,8,17,22,0,47,19,0,19,66
07/22/2012,ELM,NY,AEA,EN,Combined TRACON& Tower with Radar,10,16,14,0,40,0,0,13,0,13,10,16,27,0,53,20,0,20,73
07/23/2012,ELM,NY,AEA,EN,Combined TRACON& Tower with Radar,8,21,25,0,54,0,2,4,0,6,8,23,29,0,60,24,0,24,84
07/24/2012,ELM,NY,AEA,EN,Combined TRACON& Tower with Radar,8,28,32,0,68,0,0,6,0,6,8,28,38,0,74,20,0,20,94
07/25/2012,ELM,NY,AEA,EN,Combined TRACON& Tower with Radar,8,25,28,2,63,0,0,27,1,28,8,25,55,3,91,44,0,44,135
07/26/2012,ELM,NY,AEA,EN,Combined TRACON& Tower with Radar,10,31,23,0,64,0,0,3,0,3,10,31,26,0,67,0,0,0,67
07/27/2012,ELM,NY,AEA,EN,Combined TRACON& Tower with Radar,7,25,23,1,56,0,0,3,0,3,7,25,26,1,59,20,0,20,79
07/28/2012,ELM,NY,AEA,EN,Combined TRACON& Tower with Radar,8,13,5,0,26,0,0,1,0,1,8,13,6,0,27,0,0,0,27
07/29/2012,ELM,NY,AEA,EN,Combined TRACON& Tower with Radar,10,16,15,0,41,0,1,14,0,15,10,17,29,0,56,39,0,39,95
07/30/2012,ELM,NY,AEA,EN,Combined TRACON& Tower with Radar,8,22,41,0,71,0,0,14,0,14,8,22,55,0,85,20,0,20,105
07/31/2012,ELM,NY,AEA,EN,Combined TRACON& Tower with Radar,8,30,18,0,56,0,0,11,0,11,8,30,29,0,67,7,0,7,74
08/01/2012,ELM,NY,AEA,EN,Combined TRACON& Tower with Radar,8,24,19,0,51,0,0,0,2,2,8,24,19,2,53,12,0,12,65
08/02/2012,ELM,NY,AEA,EN,Combined TRACON& Tower with Radar,10,29,19,0,58,0,0,14,1,15,10,29,33,1,73,12,0,12,85
08/03/2012,ELM,NY,AEA,EN,Combined TRACON& Tower with Radar,7,24,22,0,53,0,0,9,0,9,7,24,31,0,62,34,0,34,96
08/04/2012,ELM,NY,AEA,EN,Combined TRACON& Tower with Radar,8,16,7,0,31,0,0,9,0,9,8,16,16,0,40,0,0,0,40
08/05/2012,ELM,NY,AEA,EN,Combined TRACON& Tower with Radar,10,14,9,0,33,0,0,2,0,2,10,14,11,0,35,17,0,17,52
08/06/2012,ELM,NY,AEA,EN,Combined TRACON& Tower with Radar,8,28,23,0,59,0,0,20,0,20,8,28,43,0,79,86,0,86,165
08/07/2012,ELM,NY,AEA,EN,Combined TRACON& Tower with Radar,8,30,24,0,62,0,0,19,1,20,8,30,43,1,82,32,3,35,117
08/08/2012,ELM,NY,AEA,EN,Combined TRACON& Tower with Radar,8,30,28,1,67,0,0,13,1,14,8,30,41,2,81,44,0,44,125
08/09/2012,ELM,NY,AEA,EN,Combined TRACON& Tower with Radar,14,32,45,1,92,0,0,8,0,8,14,32,53,1,100,12,0,12,112
08/10/2012,ELM,NY,AEA,EN,Combined TRACON& Tower with Radar,8,29,41,2,80,0,0,1,0,1,8,29,42,2,81,32,0,32,113
08/11/2012,ELM,NY,AEA,EN,Combined TRACON& Tower with Radar,10,20,29,0,59,0,0,8,0,8,10,20,37,0,67,0,0,0,67
08/12/2012,ELM,NY,AEA,EN,Combined TRACON& Tower with Radar,12,24,69,0,105,0,0,19,1,20,12,24,88,1,125,92,0,92,217
08/13/2012,ELM,NY,AEA,EN,Combined TRACON& Tower with Radar,7,23,25,0,55,0,1,25,0,26,7,24,50,0,81,41,0,41,122
08/14/2012,ELM,NY,AEA,EN,Combined TRACON& Tower with Radar,8,27,17,0,52,0,0,13,2,15,8,27,30,2,67,14,0,14,81
08/15/2012,ELM,NY,AEA,EN,Combined TRACON& Tower with Radar,8,24,26,0,58,0,0,21,0,21,8,24,47,0,79,16,0,16,95
08/16/2012,ELM,NY,AEA,EN,Combined TRACON& Tower with Radar,8,26,22,0,56,0,4,63,2,69,8,30,85,2,125,70,0,70,195
08/17/2012,ELM,NY,AEA,EN,Combined TRACON& Tower with Radar,8,24,10,0,42,0,0,6,1,7,8,24,16,1,49,28,0,28,77
08/18/2012,ELM,NY,AEA,EN,Combined TRACON& Tower with Radar,6,18,11,0,35,0,0,10,1,11,6,18,21,1,46,14,0,14,60
08/19/2012,ELM,NY,AEA,EN,Combined TRACON& Tower with Radar,10,18,1,0,29,0,0,5,0,5,10,18,6,0,34,6,0,6,40
08/20/2012,ELM,NY,AEA,EN,Combined TRACON& Tower with Radar,7,22,24,0,53,0,0,6,0,6,7,22,30,0,59,0,0,0,59
08/21/2012,ELM,NY,AEA,EN,Combined TRACON& Tower with Radar,8,26,14,0,48,0,1,18,11,30,8,27,32,11,78,36,20,56,134
08/22/2012,ELM,NY,AEA,EN,Combined TRACON& Tower with Radar,8,29,25,0,62,0,1,19,5,25,8,30,44,5,87,15,0,15,102
08/23/2012,ELM,NY,AEA,EN,Combined TRACON& Tower with Radar,10,28,22,0,60,0,1,22,0,23,10,29,44,0,83,25,0,25,108
08/24/2012,ELM,NY,AEA,EN,Combined TRACON& Tower with Radar,7,22,14,0,43,0,1,13,0,14,7,23,27,0,57,7,0,7,64
08/25/2012,ELM,NY,AEA,EN,Combined TRACON& Tower with Radar,2,21,11,0,34,0,1,9,0,10,2,22,20,0,44,13,0,13,57
08/26/2012,ELM,NY,AEA,EN,Combined TRACON& Tower with Radar,10,14,15,0,39,0,0,11,0,11,10,14,26,0,50,8,0,8,58
08/27/2012,ELM,NY,AEA,EN,Combined TRACON& Tower with Radar,9,23,14,0,46,0,0,3,0,3,9,23,17,0,49,5,0,5,54
08/28/2012,ELM,NY,AEA,EN,Combined TRACON& Tower with Radar,7,25,8,0,40,0,0,11,0,11,7,25,19,0,51,18,0,18,69
08/29/2012,ELM,NY,AEA,EN,Combined TRACON& Tower with Radar,8,27,24,0,59,0,0,12,0,12,8,27,36,0,71,12,0,12,83
08/30/2012,ELM,NY,AEA,EN,Combined TRACON& Tower with Radar,10,26,28,0,64,0,0,27,0,27,10,26,55,0,91,12,0,12,103
08/31/2012,ELM,NY,AEA,EN,Combined TRACON& Tower with Radar,8,24,17,0,49,0,1,3,2,6,8,25,20,2,55,0,0,0,55
09/01/2012,ELM,NY,AEA,EN,Combined TRACON& Tower with Radar,6,18,4,0,28,0,2,16,0,18,6,20,20,0,46,6,0,6,52
09/02/2012,ELM,NY,AEA,EN,Combined TRACON& Tower with Radar,10,11,9,0,30,0,1,34,0,35,10,12,43,0,65,20,0,20,85
09/03/2012,ELM,NY,AEA,EN,Combined TRACON& Tower with Radar,8,14,6,0,28,0,0,0,0,0,8,14,6,0,28,0,0,0,28
09/04/2012,ELM,NY,AEA,EN,Combined TRACON& Tower with Radar,8,18,19,0,45,0,0,0,0,0,8,18,19,0,45,2,0,2,47
09/05/2012,ELM,NY,AEA,EN,Combined TRACON& Tower with Radar,7,28,31,1,67,0,0,10,3,13,7,28,41,4,80,30,0,30,110
09/06/2012,ELM,NY,AEA,EN,Combined TRACON& Tower with Radar,10,26,21,0,57,0,1,39,0,40,10,27,60,0,97,16,0,16,113
09/07/2012,ELM,NY,AEA,EN,Combined TRACON& Tower with Radar,7,26,29,0,62,0,1,24,5,30,7,27,53,5,92,0,0,0,92
09/08/2012,ELM,NY,AEA,EN,Combined TRACON& Tower with Radar,6,18,7,0,31,0,0,0,0,0,6,18,7,0,31,0,0,0,31
09/09/2012,ELM,NY,AEA,EN,Combined TRACON& Tower with Radar,10,17,22,0,49,0,1,4,0,5,10,18,26,0,54,0,0,0,54
09/10/2012,ELM,NY,AEA,EN,Combined TRACON& Tower with Radar,8,22,25,0,55,0,2,6,0,8,8,24,31,0,63,26,0,26,89
09/11/2012,ELM,NY,AEA,EN,Combined TRACON& Tower with Radar,6,23,17,1,47,0,1,16,1,18,6,24,33,2,65,16,0,16,81
09/12/2012,ELM,NY,AEA,EN,Combined TRACON& Tower with Radar,8,22,13,1,44,0,2,7,1,10,8,24,20,2,54,13,0,13,67
09/13/2012,ELM,NY,AEA,EN,Combined TRACON& Tower with Radar,10,31,24,0,65,0,1,13,2,16,10,32,37,2,81,13,0,13,94
09/14/2012,ELM,NY,AEA,EN,Combined TRACON& Tower with Radar,7,24,26,0,57,0,0,10,0,10,7,24,36,0,67,0,0,0,67
09/15/2012,ELM,NY,AEA,EN,Combined TRACON& Tower with Radar,6,18,5,0,29,0,2,12,2,16,6,20,17,2,45,0,0,0,45
09/16/2012,ELM,NY,AEA,EN,Combined TRACON& Tower with Radar,10,16,7,0,33,0,0,26,0,26,10,16,33,0,59,24,0,24,83
09/17/2012,ELM,NY,AEA,EN,Combined TRACON& Tower with Radar,8,24,21,0,53,0,0,19,2,21,8,24,40,2,74,12,2,14,88
09/18/2012,ELM,NY,AEA,EN,Combined TRACON& Tower with Radar,8,25,16,0,49,0,0,0,0,0,8,25,16,0,49,0,0,0,49
09/19/2012,ELM,NY,AEA,EN,Combined TRACON& Tower with Radar,7,25,16,1,49,0,0,13,8,21,7,25,29,9,70,0,0,0,70
09/20/2012,ELM,NY,AEA,EN,Combined TRACON& Tower with Radar,10,32,25,3,70,0,3,14,3,20,10,35,39,6,90,13,12,25,115
09/21/2012,ELM,NY,AEA,EN,Combined TRACON& Tower with Radar,8,27,23,0,58,0,0,8,2,10,8,27,31,2,68,3,4,7,75
09/22/2012,ELM,NY,AEA,EN,Combined TRACON& Tower with Radar,6,17,4,0,27,0,0,0,0,0,6,17,4,0,27,0,0,0,27
09/23/2012,ELM,NY,AEA,EN,Combined TRACON& Tower with Radar,11,18,10,0,39,0,0,5,0,5,11,18,15,0,44,0,0,0,44
09/24/2012,ELM,NY,AEA,EN,Combined TRACON& Tower with Radar,8,20,21,0,49,0,2,13,0,15,8,22,34,0,64,23,0,23,87
09/25/2012,ELM,NY,AEA,EN,Combined TRACON& Tower with Radar,8,26,11,0,45,0,0,12,0,12,8,26,23,0,57,0,8,8,65
09/26/2012,ELM,NY,AEA,EN,Combined TRACON& Tower with Radar,8,24,13,0,45,0,0,3,0,3,8,24,16,0,48,0,0,0,48
09/27/2012,ELM,NY,AEA,EN,Combined TRACON& Tower with Radar,10,28,26,0,64,0,0,16,0,16,10,28,42,0,80,17,0,17,97
09/28/2012,ELM,NY,AEA,EN,Combined TRACON& Tower with Radar,8,36,29,0,73,0,0,0,0,0,8,36,29,0,73,0,0,0,73
09/29/2012,ELM,NY,AEA,EN,Combined TRACON& Tower with Radar,6,16,15,0,37,0,2,0,0,2,6,18,15,0,39,66,0,66,105
09/30/2012,ELM,NY,AEA,EN,Combined TRACON& Tower with Radar,8,20,4,0,32,0,0,1,0,1,8,20,5,0,33,1,2,3,36
10/01/2012,ELM,NY,AEA,EN,Combined TRACON& Tower with Radar,6,26,31,0,63,0,0,8,0,8,6,26,39,0,71,12,10,22,93
10/02/2012,ELM,NY,AEA,EN,Combined TRACON& Tower with Radar,8,29,30,0,67,0,0,3,0,3,8,29,33,0,70,4,0,4,74
10/03/2012,ELM,NY,AEA,EN,Combined TRACON& Tower with Radar,8,25,36,0,69,0,0,0,0,0,8,25,36,0,69,0,0,0,69
10/04/2012,ELM,NY,AEA,EN,Combined TRACON& Tower with Radar,8,33,15,0,56,0,4,12,4,20,8,37,27,4,76,12,4,16,92
10/05/2012,ELM,NY,AEA,EN,Combined TRACON& Tower with Radar,5,22,23,0,50,0,1,8,0,9,5,23,31,0,59,2,0,2,61
10/06/2012,ELM,NY,AEA,EN,Combined TRACON& Tower with Radar,4,18,6,0,28,0,0,0,0,0,4,18,6,0,28,0,0,0,28
10/07/2012,ELM,NY,AEA,EN,Combined TRACON& Tower with Radar,6,19,12,0,37,0,0,14,0,14,6,19,26,0,51,2,0,2,53
10/08/2012,ELM,NY,AEA,EN,Combined TRACON& Tower with Radar,6,27,32,0,65,0,0,20,1,21,6,27,52,1,86,10,0,10,96
10/09/2012,ELM,NY,AEA,EN,Combined TRACON& Tower with Radar,8,26,12,0,46,0,1,16,1,18,8,27,28,1,64,10,0,10,74
10/10/2012,ELM,NY,AEA,EN,Combined TRACON& Tower with Radar,8,22,19,1,50,0,0,12,3,15,8,22,31,4,65,0,0,0,65
10/11/2012,ELM,NY,AEA,EN,Combined TRACON& Tower with Radar,7,31,18,0,56,0,1,9,2,12,7,32,27,2,68,6,0,6,74
10/12/2012,ELM,NY,AEA,EN,Combined TRACON& Tower with Radar,6,25,17,2,50,0,1,12,0,13,6,26,29,2,63,0,0,0,63
10/13/2012,ELM,NY,AEA,EN,Combined TRACON& Tower with Radar,4,21,5,0,30,0,1,11,0,12,4,22,16,0,42,0,0,0,42
10/14/2012,ELM,NY,AEA,EN,Combined TRACON& Tower with Radar,8,17,9,0,34,0,0,10,0,10,8,17,19,0,44,0,0,0,44
10/15/2012,ELM,NY,AEA,EN,Combined TRACON& Tower with Radar,6,24,21,0,51,0,0,0,0,0,6,24,21,0,51,0,0,0,51
10/16/2012,ELM,NY,AEA,EN,Combined TRACON& Tower with Radar,8,26,23,1,58,0,0,7,1,8,8,26,30,2,66,0,0,0,66
10/17/2012,ELM,NY,AEA,EN,Combined TRACON& Tower with Radar,8,28,19,0,55,0,2,14,0,16,8,30,33,0,71,18,2,20,91
10/18/2012,ELM,NY,AEA,EN,Combined TRACON& Tower with Radar,8,31,16,0,55,0,0,6,0,6,8,31,22,0,61,0,0,0,61
10/19/2012,ELM,NY,AEA,EN,Combined TRACON& Tower with Radar,5,32,29,0,66,0,0,1,0,1,5,32,30,0,67,2,0,2,69
10/20/2012,ELM,NY,AEA,EN,Combined TRACON& Tower with Radar,5,20,9,0,34,0,1,4,0,5,5,21,13,0,39,0,0,0,39
10/21/2012,ELM,NY,AEA,EN,Combined TRACON& Tower with Radar,8,18,13,0,39,0,0,8,0,8,8,18,21,0,47,4,0,4,51
10/22/2012,ELM,NY,AEA,EN,Combined TRACON& Tower with Radar,6,27,18,0,51,0,0,9,3,12,6,27,27,3,63,22,6,28,91
10/23/2012,ELM,NY,AEA,EN,Combined TRACON& Tower with Radar,8,26,11,0,45,0,0,0,0,0,8,26,11,0,45,0,2,2,47
10/24/2012,ELM,NY,AEA,EN,Combined TRACON& Tower with Radar,8,36,18,0,62,0,0,0,0,0,8,36,18,0,62,8,8,16,78
10/25/2012,ELM,NY,AEA,EN,Combined TRACON& Tower with Radar,8,29,25,4,66,0,0,4,4,8,8,29,29,8,74,18,0,18,92
10/26/2012,ELM,NY,AEA,EN,Combined TRACON& Tower with Radar,6,31,14,0,51,0,0,6,1,7,6,31,20,1,58,28,4,32,90
10/27/2012,ELM,NY,AEA,EN,Combined TRACON& Tower with Radar,4,20,17,0,41,0,0,0,0,0,4,20,17,0,41,0,0,0,41
10/28/2012,ELM,NY,AEA,EN,Combined TRACON& Tower with Radar,5,18,8,0,31,0,0,0,0,0,5,18,8,0,31,0,0,0,31
10/29/2012,ELM,NY,AEA,EN,Combined TRACON& Tower with Radar,0,7,3,0,10,0,0,0,0,0,0,7,3,0,10,0,0,0,10
10/30/2012,ELM,NY,AEA,EN,Combined TRACON& Tower with Radar,7,7,2,0,16,0,0,0,0,0,7,7,2,0,16,0,0,0,16
10/31/2012,ELM,NY,AEA,EN,Combined TRACON& Tower with Radar,8,19,13,0,40,0,0,0,0,0,8,19,13,0,40,0,0,0,40
11/01/2012,ELM,NY,AEA,EN,Combined TRACON& Tower with Radar,10,27,19,0,56,0,0,2,0,2,10,27,21,0,58,4,0,4,62
11/02/2012,ELM,NY,AEA,EN,Combined TRACON& Tower with Radar,6,31,14,0,51,0,0,5,2,7,6,31,19,2,58,0,0,0,58
11/03/2012,ELM,NY,AEA,EN,Combined TRACON& Tower with Radar,4,18,2,0,24,0,0,8,0,8,4,18,10,0,32,0,0,0,32
11/04/2012,ELM,NY,AEA,EN,Combined TRACON& Tower with Radar,10,14,11,0,35,0,0,5,0,5,10,14,16,0,40,0,0,0,40
11/05/2012,ELM,NY,AEA,EN,Combined TRACON& Tower with Radar,8,24,15,0,47,0,0,7,7,14,8,24,22,7,61,16,6,22,83
11/06/2012,ELM,NY,AEA,EN,Combined TRACON& Tower with Radar,6,25,20,1,52,0,0,20,3,23,6,25,40,4,75,21,0,21,96
11/07/2012,ELM,NY,AEA,EN,Combined TRACON& Tower with Radar,8,23,17,1,49,0,0,24,2,26,8,23,41,3,75,31,6,37,112
11/08/2012,ELM,NY,AEA,EN,Combined TRACON& Tower with Radar,8,30,17,0,55,0,0,11,1,12,8,30,28,1,67,4,0,4,71
11/09/2012,ELM,NY,AEA,EN,Combined TRACON& Tower with Radar,7,31,25,0,63,0,0,20,0,20,7,31,45,0,83,0,0,0,83
11/10/2012,ELM,NY,AEA,EN,Combined TRACON& Tower with Radar,6,14,9,0,29,0,0,9,0,9,6,14,18,0,38,0,0,0,38
11/11/2012,ELM,NY,AEA,EN,Combined TRACON& Tower with Radar,10,13,13,0,36,0,0,24,0,24,10,13,37,0,60,28,0,28,88
11/12/2012,ELM,NY,AEA,EN,Combined TRACON& Tower with Radar,9,23,11,0,43,0,0,14,1,15,9,23,25,1,58,4,0,4,62
11/13/2012,ELM,NY,AEA,EN,Combined TRACON& Tower with Radar,8,21,11,0,40,0,0,2,2,4,8,21,13,2,44,2,2,4,48
11/14/2012,ELM,NY,AEA,EN,Combined TRACON& Tower with Radar,8,22,15,0,45,0,1,17,3,21,8,23,32,3,66,28,4,32,98
11/15/2012,ELM,NY,AEA,EN,Combined TRACON& Tower with Radar,10,32,23,0,65,0,2,40,2,44,10,34,63,2,109,9,2,11,120
11/16/2012,ELM,NY,AEA,EN,Combined TRACON& Tower with Radar,8,21,24,1,54,0,0,29,0,29,8,21,53,1,83,0,0,0,83
11/17/2012,ELM,NY,AEA,EN,Combined TRACON& Tower with Radar,6,10,7,0,23,0,1,17,0,18,6,11,24,0,41,0,0,0,41
11/18/2012,ELM,NY,AEA,EN,Combined TRACON& Tower with Radar,10,14,15,0,39,0,0,42,0,42,10,14,57,0,81,47,0,47,128
11/19/2012,ELM,NY,AEA,EN,Combined TRACON& Tower with Radar,9,19,11,8,47,0,1,20,1,22,9,20,31,9,69,19,8,27,96
11/20/2012,ELM,NY,AEA,EN,Combined TRACON& Tower with Radar,9,28,14,2,53,0,0,18,4,22,9,28,32,6,75,12,0,12,87
11/21/2012,ELM,NY,AEA,EN,Combined TRACON& Tower with Radar,10,23,24,0,57,0,3,10,0,13,10,26,34,0,70,6,0,6,76
11/22/2012,ELM,NY,AEA,EN,Combined TRACON& Tower with Radar,3,7,0,0,10,0,0,10,0,10,3,7,10,0,20,0,0,0,20
11/23/2012,ELM,NY,AEA,EN,Combined TRACON& Tower with Radar,6,11,3,0,20,0,0,5,0,5,6,11,8,0,25,0,0,0,25
11/24/2012,ELM,NY,AEA,EN,Combined TRACON& Tower with Radar,10,17,2,0,29,0,0,0,0,0,10,17,2,0,29,0,0,0,29
11/25/2012,ELM,NY,AEA,EN,Combined TRACON& Tower with Radar,11,11,22,0,44,0,0,1,0,1,11,11,23,0,45,0,0,0,45
11/26/2012,ELM,NY,AEA,EN,Combined TRACON& Tower with Radar,8,26,14,0,48,0,0,11,0,11,8,26,25,0,59,6,0,6,65
11/27/2012,ELM,NY,AEA,EN,Combined TRACON& Tower with Radar,8,28,13,0,49,0,0,2,0,2,8,28,15,0,51,4,0,4,55
11/28/2012,ELM,NY,AEA,EN,Combined TRACON& Tower with Radar,8,20,19,0,47,0,0,9,0,9,8,20,28,0,56,14,0,14,70
11/29/2012,ELM,NY,AEA,EN,Combined TRACON& Tower with Radar,10,33,25,0,68,0,0,21,1,22,10,33,46,1,90,14,0,14,104
11/30/2012,ELM,NY,AEA,EN,Combined TRACON& Tower with Radar,8,23,20,0,51,0,0,0,1,1,8,23,20,1,52,0,0,0,52
12/01/2012,ELM,NY,AEA,EN,Combined TRACON& Tower with Radar,6,14,11,0,31,0,0,3,3,6,6,14,14,3,37,0,0,0,37
12/02/2012,ELM,NY,AEA,EN,Combined TRACON& Tower with Radar,10,12,6,0,28,0,0,0,0,0,10,12,6,0,28,0,0,0,28
12/03/2012,ELM,NY,AEA,EN,Combined TRACON& Tower with Radar,8,24,14,0,46,0,0,7,0,7,8,24,21,0,53,15,0,15,68
12/04/2012,ELM,NY,AEA,EN,Combined TRACON& Tower with Radar,8,22,25,1,56,0,0,17,1,18,8,22,42,2,74,20,0,20,94
12/05/2012,ELM,NY,AEA,EN,Combined TRACON& Tower with Radar,8,20,20,0,48,0,0,1,0,1,8,20,21,0,49,0,2,2,51
12/06/2012,ELM,NY,AEA,EN,Combined TRACON& Tower with Radar,7,27,19,0,53,0,0,24,2,26,7,27,43,2,79,26,0,26,105
12/07/2012,ELM,NY,AEA,EN,Combined TRACON& Tower with Radar,7,21,24,0,52,0,0,0,0,0,7,21,24,0,52,0,0,0,52
12/08/2012,ELM,NY,AEA,EN,Combined TRACON& Tower with Radar,6,13,6,0,25,0,0,0,0,0,6,13,6,0,25,0,0,0,25
12/09/2012,ELM,NY,AEA,EN,Combined TRACON& Tower with Radar,10,14,8,0,32,0,0,4,1,5,10,14,12,1,37,2,0,2,39
12/10/2012,ELM,NY,AEA,EN,Combined TRACON& Tower with Radar,8,19,18,4,49,0,0,0,2,2,8,19,18,6,51,0,0,0,51
12/11/2012,ELM,NY,AEA,EN,Combined TRACON& Tower with Radar,8,22,15,0,45,0,0,5,1,6,8,22,20,1,51,6,0,6,57
12/12/2012,ELM,NY,AEA,EN,Combined TRACON& Tower with Radar,8,29,25,0,62,0,0,22,5,27,8,29,47,5,89,8,4,12,101
12/13/2012,ELM,NY,AEA,EN,Combined TRACON& Tower with Radar,9,30,25,0,64,0,0,31,1,32,9,30,56,1,96,26,6,32,128
12/14/2012,ELM,NY,AEA,EN,Combined TRACON& Tower with Radar,8,24,24,0,56,0,1,24,2,27,8,25,48,2,83,52,0,52,135
12/15/2012,ELM,NY,AEA,EN,Combined TRACON& Tower with Radar,7,15,17,0,39,0,1,17,0,18,7,16,34,0,57,0,0,0,57
12/16/2012,ELM,NY,AEA,EN,Combined TRACON& Tower with Radar,11,13,4,0,28,0,0,4,0,4,11,13,8,0,32,2,0,2,34
12/17/2012,ELM,NY,AEA,EN,Combined TRACON& Tower with Radar,8,22,9,0,39,0,0,4,0,4,8,22,13,0,43,10,8,18,61
12/18/2012,ELM,NY,AEA,EN,Combined TRACON& Tower with Radar,8,22,11,0,41,0,0,0,0,0,8,22,11,0,41,0,0,0,41
12/19/2012,ELM,NY,AEA,EN,Combined TRACON& Tower with Radar,8,31,14,1,54,0,0,13,4,17,8,31,27,5,71,36,2,38,109
12/20/2012,ELM,NY,AEA,EN,Combined TRACON& Tower with Radar,10,28,15,3,56,0,0,25,4,29,10,28,40,7,85,23,0,23,108
12/21/2012,ELM,NY,AEA,EN,Combined TRACON& Tower with Radar,7,29,10,0,46,0,0,0,0,0,7,29,10,0,46,0,0,0,46
12/22/2012,ELM,NY,AEA,EN,Combined TRACON& Tower with Radar,6,16,8,0,30,0,0,0,1,1,6,16,8,1,31,0,0,0,31
12/23/2012,ELM,NY,AEA,EN,Combined TRACON& Tower with Radar,7,18,8,0,33,0,0,12,0,12,7,18,20,0,45,2,0,2,47
12/24/2012,ELM,NY,AEA,EN,Combined TRACON& Tower with Radar,6,17,2,0,25,0,0,18,0,18,6,17,20,0,43,32,0,32,75
12/25/2012,ELM,NY,AEA,EN,Combined TRACON& Tower with Radar,4,11,0,0,15,0,0,0,0,0,4,11,0,0,15,0,0,0,15
12/26/2012,ELM,NY,AEA,EN,Combined TRACON& Tower with Radar,4,14,10,0,28,0,0,9,0,9,4,14,19,0,37,0,0,0,37
12/27/2012,ELM,NY,AEA,EN,Combined TRACON& Tower with Radar,9,25,10,0,44,0,0,0,0,0,9,25,10,0,44,0,0,0,44
12/28/2012,ELM,NY,AEA,EN,Combined TRACON& Tower with Radar,6,32,6,0,44,0,0,3,1,4,6,32,9,1,48,0,0,0,48
12/29/2012,ELM,NY,AEA,EN,Combined TRACON& Tower with Radar,1,16,2,0,19,0,0,0,0,0,1,16,2,0,19,0,0,0,19
12/30/2012,ELM,NY,AEA,EN,Combined TRACON& Tower with Radar,8,15,3,0,26,0,0,0,0,0,8,15,3,0,26,0,0,0,26
12/31/2012,ELM,NY,AEA,EN,Combined TRACON& Tower with Radar,6,21,3,0,30,0,0,4,0,4,6,21,7,0,34,4,0,4,38
01/01/2013,ELM,NY,AEA,EN,Combined TRACON& Tower with Radar,6,11,5,0,22,0,0,0,0,0,6,11,5,0,22,0,0,0,22
01/02/2013,ELM,NY,AEA,EN,Combined TRACON& Tower with Radar,7,27,15,0,49,0,0,0,0,0,7,27,15,0,49,3,0,3,52
01/03/2013,ELM,NY,AEA,EN,Combined TRACON& Tower with Radar,9,24,15,4,52,0,1,2,0,3,9,25,17,4,55,2,0,2,57
01/04/2013,ELM,NY,AEA,EN,Combined TRACON& Tower with Radar,8,26,15,0,49,0,0,0,0,0,8,26,15,0,49,0,0,0,49
01/05/2013,ELM,NY,AEA,EN,Combined TRACON& Tower with Radar,7,14,4,0,25,0,0,4,0,4,7,14,8,0,29,22,0,22,51
01/06/2013,ELM,NY,AEA,EN,Combined TRACON& Tower with Radar,11,12,11,0,34,0,0,0,0,0,11,12,11,0,34,0,0,0,34
01/07/2013,ELM,NY,AEA,EN,Combined TRACON& Tower with Radar,8,22,11,0,41,0,0,2,1,3,8,22,13,1,44,14,0,14,58
01/08/2013,ELM,NY,AEA,EN,Combined TRACON& Tower with Radar,8,19,16,0,43,0,2,9,3,14,8,21,25,3,57,2,0,2,59
01/09/2013,ELM,NY,AEA,EN,Combined TRACON& Tower with Radar,8,19,11,1,39,0,0,3,0,3,8,19,14,1,42,18,0,18,60
01/10/2013,ELM,NY,AEA,EN,Combined TRACON& Tower with Radar,10,20,22,0,52,0,1,12,5,18,10,21,34,5,70,26,6,32,102
01/11/2013,ELM,NY,AEA,EN,Combined TRACON& Tower with Radar,8,17,16,0,41,0,0,1,0,1,8,17,17,0,42,0,0,0,42
01/12/2013,ELM,NY,AEA,EN,Combined TRACON& Tower with Radar,7,15,2,0,24,0,0,0,0,0,7,15,2,0,24,16,0,16,40
01/13/2013,ELM,NY,AEA,EN,Combined TRACON& Tower with Radar,11,3,6,0,20,0,0,0,0,0,11,3,6,0,20,0,0,0,20
01/14/2013,ELM,NY,AEA,EN,Combined TRACON& Tower with Radar,7,17,11,0,35,0,0,0,3,3,7,17,11,3,38,10,0,10,48
01/15/2013,ELM,NY,AEA,EN,Combined TRACON& Tower with Radar,8,19,11,0,38,0,0,8,0,8,8,19,19,0,46,12,0,12,58
01/16/2013,ELM,NY,AEA,EN,Combined TRACON& Tower with Radar,7,19,16,0,42,0,0,0,0,0,7,19,16,0,42,0,0,0,42
01/17/2013,ELM,NY,AEA,EN,Combined TRACON& Tower with Radar,8,18,18,0,44,0,0,4,0,4,8,18,22,0,48,0,0,0,48
01/18/2013,ELM,NY,AEA,EN,Combined TRACON& Tower with Radar,8,18,13,0,39,0,0,5,0,5,8,18,18,0,44,0,0,0,44
01/19/2013,ELM,NY,AEA,EN,Combined TRACON& Tower with Radar,6,12,8,0,26,0,0,7,0,7,6,12,15,0,33,9,0,9,42
01/20/2013,ELM,NY,AEA,EN,Combined TRACON& Tower with Radar,12,8,4,0,24,0,0,1,0,1,12,8,5,0,25,0,0,0,25
01/21/2013,ELM,NY,AEA,EN,Combined TRACON& Tower with Radar,6,15,13,0,34,0,0,0,0,0,6,15,13,0,34,0,0,0,34
01/22/2013,ELM,NY,AEA,EN,Combined TRACON& Tower with Radar,8,18,14,0,40,0,0,2,0,2,8,18,16,0,42,2,0,2,44
01/23/2013,ELM,NY,AEA,EN,Combined TRACON& Tower with Radar,8,18,17,0,43,0,0,5,0,5,8,18,22,0,48,0,0,0,48
01/24/2013,ELM,NY,AEA,EN,Combined TRACON& Tower with Radar,10,18,16,0,44,0,0,6,0,6,10,18,22,0,50,2,0,2,52
01/25/2013,ELM,NY,AEA,EN,Combined TRACON& Tower with Radar,8,15,13,0,36,0,0,1,0,1,8,15,14,0,37,0,0,0,37
01/26/2013,ELM,NY,AEA,EN,Combined TRACON& Tower with Radar,7,11,7,0,25,0,1,4,0,5,7,12,11,0,30,4,0,4,34
01/27/2013,ELM,NY,AEA,EN,Combined TRACON& Tower with Radar,11,10,15,0,36,0,0,4,2,6,11,10,19,2,42,28,0,28,70
01/28/2013,ELM,NY,AEA,EN,Combined TRACON& Tower with Radar,9,16,10,0,35,0,0,0,0,0,9,16,10,0,35,0,0,0,35
01/29/2013,ELM,NY,AEA,EN,Combined TRACON& Tower with Radar,8,19,14,0,41,0,0,0,0,0,8,19,14,0,41,0,0,0,41
01/30/2013,ELM,NY,AEA,EN,Combined TRACON& Tower with Radar,8,19,17,0,44,0,0,0,0,0,8,19,17,0,44,0,0,0,44
01/31/2013,ELM,NY,AEA,EN,Combined TRACON& Tower with Radar,10,19,14,0,43,0,0,0,0,0,10,19,14,0,43,0,0,0,43
02/01/2013,ELM,NY,AEA,EN,Combined TRACON& Tower with Radar,8,19,24,0,51,0,0,0,0,0,8,19,24,0,51,0,0,0,51
02/02/2013,ELM,NY,AEA,EN,Combined TRACON& Tower with Radar,7,13,4,0,24,0,0,0,0,0,7,13,4,0,24,0,0,0,24
02/03/2013,ELM,NY,AEA,EN,Combined TRACON& Tower with Radar,7,9,2,0,18,0,0,0,0,0,7,9,2,0,18,2,0,2,20
02/04/2013,ELM,NY,AEA,EN,Combined TRACON& Tower with Radar,8,18,26,0,52,0,0,5,0,5,8,18,31,0,57,0,0,0,57
02/05/2013,ELM,NY,AEA,EN,Combined TRACON& Tower with Radar,8,24,14,0,46,0,0,4,0,4,8,24,18,0,50,0,0,0,50
02/06/2013,ELM,NY,AEA,EN,Combined TRACON& Tower with Radar,8,18,11,2,39,0,1,4,0,5,8,19,15,2,44,2,0,2,46
02/07/2013,ELM,NY,AEA,EN,Combined TRACON& Tower with Radar,9,23,14,0,46,0,0,15,0,15,9,23,29,0,61,0,0,0,61
02/08/2013,ELM,NY,AEA,EN,Combined TRACON& Tower with Radar,0,14,16,0,30,0,0,0,0,0,0,14,16,0,30,0,0,0,30
02/09/2013,ELM,NY,AEA,EN,Combined TRACON& Tower with Radar,4,12,5,0,21,0,0,2,0,2,4,12,7,0,23,0,0,0,23
02/10/2013,ELM,NY,AEA,EN,Combined TRACON& Tower with Radar,10,12,5,0,27,0,0,7,0,7,10,12,12,0,34,0,0,0,34
02/11/2013,ELM,NY,AEA,EN,Combined TRACON& Tower with Radar,8,15,14,2,39,0,0,0,0,0,8,15,14,2,39,6,0,6,45
02/12/2013,ELM,NY,AEA,EN,Combined TRACON& Tower with Radar,8,20,12,0,40,0,0,0,0,0,8,20,12,0,40,0,30,30,70
02/13/2013,ELM,NY,AEA,EN,Combined TRACON& Tower with Radar,8,19,19,0,46,0,0,8,0,8,8,19,27,0,54,4,0,4,58
02/14/2013,ELM,NY,AEA,EN,Combined TRACON& Tower with Radar,7,22,14,0,43,0,0,7,0,7,7,22,21,0,50,10,0,10,60
02/15/2013,ELM,NY,AEA,EN,Combined TRACON& Tower with Radar,8,18,20,0,46,0,0,4,0,4,8,18,24,0,50,0,0,0,50
02/16/2013,ELM,NY,AEA,EN,Combined TRACON& Tower with Radar,9,13,4,0,26,0,0,5,0,5,9,13,9,0,31,7,0,7,38
02/17/2013,ELM,NY,AEA,EN,Combined TRACON& Tower with Radar,8,7,4,0,19,0,0,2,0,2,8,7,6,0,21,0,0,0,21
02/18/2013,ELM,NY,AEA,EN,Combined TRACON& Tower with Radar,7,18,17,0,42,0,0,9,0,9,7,18,26,0,51,18,0,18,69
02/19/2013,ELM,NY,AEA,EN,Combined TRACON& Tower with Radar,8,21,7,0,36,0,0,0,0,0,8,21,7,0,36,0,0,0,36
02/20/2013,ELM,NY,AEA,EN,Combined TRACON& Tower with Radar,8,20,15,0,43,0,0,0,0,0,8,20,15,0,43,2,0,2,45
02/21/2013,ELM,NY,AEA,EN,Combined TRACON& Tower with Radar,10,25,23,0,58,0,0,0,0,0,10,25,23,0,58,0,0,0,58
02/22/2013,ELM,NY,AEA,EN,Combined TRACON& Tower with Radar,8,17,12,0,37,0,0,6,0,6,8,17,18,0,43,54,22,76,119
02/23/2013,ELM,NY,AEA,EN,Combined TRACON& Tower with Radar,7,11,1,0,19,0,0,0,0,0,7,11,1,0,19,0,0,0,19
02/24/2013,ELM,NY,AEA,EN,Combined TRACON& Tower with Radar,11,7,4,0,22,0,0,2,0,2,11,7,6,0,24,0,0,0,24
02/25/2013,ELM,NY,AEA,EN,Combined TRACON& Tower with Radar,8,14,18,0,40,0,2,15,0,17,8,16,33,0,57,29,0,29,86
02/26/2013,ELM,NY,AEA,EN,Combined TRACON& Tower with Radar,8,13,9,0,30,0,0,2,0,2,8,13,11,0,32,15,0,15,47
02/27/2013,ELM,NY,AEA,EN,Combined TRACON& Tower with Radar,8,17,13,0,38,0,0,0,0,0,8,17,13,0,38,0,0,0,38
02/28/2013,ELM,NY,AEA,EN,Combined TRACON& Tower with Radar,10,18,18,0,46,0,0,0,0,0,10,18,18,0,46,0,0,0,46
03/01/2013,ELM,NY,AEA,EN,Combined TRACON& Tower with Radar,8,17,12,0,37,0,0,1,0,1,8,17,13,0,38,0,0,0,38
03/02/2013,ELM,NY,AEA,EN,Combined TRACON& Tower with Radar,6,17,3,0,26,0,0,0,2,2,6,17,3,2,28,10,0,10,38
03/03/2013,ELM,NY,AEA,EN,Combined TRACON& Tower with Radar,11,10,8,0,29,0,0,2,0,2,11,10,10,0,31,0,0,0,31
03/04/2013,ELM,NY,AEA,EN,Combined TRACON& Tower with Radar,8,18,19,0,45,0,0,1,0,1,8,18,20,0,46,2,0,2,48
03/05/2013,ELM,NY,AEA,EN,Combined TRACON& Tower with Radar,8,20,15,0,43,0,0,9,2,11,8,20,24,2,54,5,0,5,59
03/06/2013,ELM,NY,AEA,EN,Combined TRACON& Tower with Radar,6,22,26,1,55,0,0,9,2,11,6,22,35,3,66,0,2,2,68
03/07/2013,ELM,NY,AEA,EN,Combined TRACON& Tower with Radar,10,22,20,2,54,0,0,3,0,3,10,22,23,2,57,58,0,58,115
03/08/2013,ELM,NY,AEA,EN,Combined TRACON& Tower with Radar,8,15,23,0,46,0,1,4,0,5,8,16,27,0,51,10,0,10,61
03/09/2013,ELM,NY,AEA,EN,Combined TRACON& Tower with Radar,7,16,13,0,36,0,1,13,0,14,7,17,26,0,50,45,0,45,95
03/10/2013,ELM,NY,AEA,EN,Combined TRACON& Tower with Radar,11,8,12,0,31,0,0,5,0,5,11,8,17,0,36,48,4,52,88
03/11/2013,ELM,NY,AEA,EN,Combined TRACON& Tower with Radar,8,14,17,0,39,0,0,1,0,1,8,14,18,0,40,28,0,28,68
03/12/2013,ELM,NY,AEA,EN,Combined TRACON& Tower with Radar,10,17,15,0,42,0,0,0,0,0,10,17,15,0,42,0,0,0,42
03/13/2013,ELM,NY,AEA,EN,Combined TRACON& Tower with Radar,8,17,14,0,39,0,0,0,0,0,8,17,14,0,39,0,0,0,39
03/14/2013,ELM,NY,AEA,EN,Combined TRACON& Tower with Radar,10,17,17,0,44,0,0,1,0,1,10,17,18,0,45,46,0,46,91
03/15/2013,ELM,NY,AEA,EN,Combined TRACON& Tower with Radar,8,17,23,0,48,0,0,2,0,2,8,17,25,0,50,0,0,0,50
03/16/2013,ELM,NY,AEA,EN,Combined TRACON& Tower with Radar,7,14,1,0,22,0,0,0,0,0,7,14,1,0,22,20,0,20,42
03/17/2013,ELM,NY,AEA,EN,Combined TRACON& Tower with Radar,11,10,12,0,33,0,0,0,0,0,11,10,12,0,33,1,0,1,34
03/18/2013,ELM,NY,AEA,EN,Combined TRACON& Tower with Radar,6,16,9,0,31,0,0,0,0,0,6,16,9,0,31,0,0,0,31
03/19/2013,ELM,NY,AEA,EN,Combined TRACON& Tower with Radar,8,22,10,0,40,0,0,0,0,0,8,22,10,0,40,0,0,0,40
03/20/2013,ELM,NY,AEA,EN,Combined TRACON& Tower with Radar,8,18,22,4,52,0,0,3,1,4,8,18,25,5,56,12,0,12,68
03/21/2013,ELM,NY,AEA,EN,Combined TRACON& Tower with Radar,10,18,14,0,42,0,1,0,0,1,10,19,14,0,43,4,0,4,47
03/22/2013,ELM,NY,AEA,EN,Combined TRACON& Tower with Radar,8,15,21,0,44,0,0,1,0,1,8,15,22,0,45,0,0,0,45
03/23/2013,ELM,NY,AEA,EN,Combined TRACON& Tower with Radar,7,13,8,0,28,0,0,0,0,0,7,13,8,0,28,0,0,0,28
03/24/2013,ELM,NY,AEA,EN,Combined TRACON& Tower with Radar,11,10,13,0,34,0,0,9,0,9,11,10,22,0,43,10,0,10,53
03/25/2013,ELM,NY,AEA,EN,Combined TRACON& Tower with Radar,8,15,21,0,44,0,0,2,0,2,8,15,23,0,46,0,0,0,46
03/26/2013,ELM,NY,AEA,EN,Combined TRACON& Tower with Radar,9,17,18,0,44,0,0,1,0,1,9,17,19,0,45,18,0,18,63
03/27/2013,ELM,NY,AEA,EN,Combined TRACON& Tower with Radar,8,21,17,1,47,0,0,0,1,1,8,21,17,2,48,0,0,0,48
03/28/2013,ELM,NY,AEA,EN,Combined TRACON& Tower with Radar,10,18,14,4,46,0,0,1,0,1,10,18,15,4,47,2,0,2,49
03/29/2013,ELM,NY,AEA,EN,Combined TRACON& Tower with Radar,8,16,8,0,32,0,0,1,0,1,8,16,9,0,33,10,0,10,43
03/30/2013,ELM,NY,AEA,EN,Combined TRACON& Tower with Radar,7,17,8,0,32,0,0,14,0,14,7,17,22,0,46,18,0,18,64
03/31/2013,ELM,NY,AEA,EN,Combined TRACON& Tower with Radar,9,9,1,0,19,0,0,5,0,5,9,9,6,0,24,4,0,4,28
04/01/2013,ELM,NY,AEA,EN,Combined TRACON& Tower with Radar,8,16,12,0,36,0,0,2,0,2,8,16,14,0,38,8,0,8,46
04/02/2013,ELM,NY,AEA,EN,Combined TRACON& Tower with Radar,10,21,9,0,40,0,0,0,0,0,10,21,9,0,40,0,0,0,40
04/03/2013,ELM,NY,AEA,EN,Combined TRACON& Tower with Radar,7,15,8,0,30,0,0,0,0,0,7,15,8,0,30,0,0,0,30
04/04/2013,ELM,NY,AEA,EN,Combined TRACON& Tower with Radar,11,18,12,0,41,0,0,15,0,15,11,18,27,0,56,14,0,14,70
04/05/2013,ELM,NY,AEA,EN,Combined TRACON& Tower with Radar,8,17,15,0,40,0,0,11,0,11,8,17,26,0,51,14,0,14,65
04/06/2013,ELM,NY,AEA,EN,Combined TRACON& Tower with Radar,7,11,11,0,29,0,2,7,0,9,7,13,18,0,38,25,0,25,63
04/07/2013,ELM,NY,AEA,EN,Combined TRACON& Tower with Radar,11,10,14,0,35,0,0,1,0,1,11,10,15,0,36,2,0,2,38
04/08/2013,ELM,NY,AEA,EN,Combined TRACON& Tower with Radar,8,19,13,0,40,0,0,13,0,13,8,19,26,0,53,18,0,18,71
04/09/2013,ELM,NY,AEA,EN,Combined TRACON& Tower with Radar,10,17,10,0,37,0,1,13,0,14,10,18,23,0,51,30,0,30,81
04/10/2013,ELM,NY,AEA,EN,Combined TRACON& Tower with Radar,6,30,19,0,55,0,0,0,0,0,6,30,19,0,55,0,0,0,55
04/11/2013,ELM,NY,AEA,EN,Combined TRACON& Tower with Radar,10,19,20,0,49,0,0,2,0,2,10,19,22,0,51,0,0,0,51
04/12/2013,ELM,NY,AEA,EN,Combined TRACON& Tower with Radar,8,17,21,0,46,0,0,0,0,0,8,17,21,0,46,0,0,0,46
04/13/2013,ELM,NY,AEA,EN,Combined TRACON& Tower with Radar,7,13,6,0,26,0,1,4,0,5,7,14,10,0,31,4,0,4,35
04/14/2013,ELM,NY,AEA,EN,Combined TRACON& Tower with Radar,11,10,17,0,38,0,0,8,0,8,11,10,25,0,46,2,0,2,48
04/15/2013,ELM,NY,AEA,EN,Combined TRACON& Tower with Radar,8,17,18,0,43,0,0,3,0,3,8,17,21,0,46,4,0,4,50
04/16/2013,ELM,NY,AEA,EN,Combined TRACON& Tower with Radar,10,22,22,2,56,0,0,1,0,1,10,22,23,2,57,2,0,2,59
04/17/2013,ELM,NY,AEA,EN,Combined TRACON& Tower with Radar,8,17,13,0,38,0,0,7,0,7,8,17,20,0,45,18,0,18,63
04/18/2013,ELM,NY,AEA,EN,Combined TRACON& Tower with Radar,9,18,11,0,38,0,0,0,0,0,9,18,11,0,38,3,0,3,41
04/19/2013,ELM,NY,AEA,EN,Combined TRACON& Tower with Radar,8,17,16,0,41,0,0,0,0,0,8,17,16,0,41,0,0,0,41
04/20/2013,ELM,NY,AEA,EN,Combined TRACON& Tower with Radar,7,12,7,0,26,0,0,3,0,3,7,12,10,0,29,2,0,2,31
04/21/2013,ELM,NY,AEA,EN,Combined TRACON& Tower with Radar,11,10,7,0,28,0,0,12,0,12,11,10,19,0,40,6,0,6,46
04/22/2013,ELM,NY,AEA,EN,Combined TRACON& Tower with Radar,8,14,20,0,42,0,1,4,0,5,8,15,24,0,47,0,0,0,47
04/23/2013,ELM,NY,AEA,EN,Combined TRACON& Tower with Radar,10,18,17,0,45,0,0,2,0,2,10,18,19,0,47,10,0,10,57
04/24/2013,ELM,NY,AEA,EN,Combined TRACON& Tower with Radar,8,24,19,0,51,0,0,8,0,8,8,24,27,0,59,10,0,10,69
04/25/2013,ELM,NY,AEA,EN,Combined TRACON& Tower with Radar,10,20,34,0,64,0,0,13,0,13,10,20,47,0,77,28,0,28,105
04/26/2013,ELM,NY,AEA,EN,Combined TRACON& Tower with Radar,8,17,20,0,45,0,0,11,3,14,8,17,31,3,59,16,0,16,75
04/27/2013,ELM,NY,AEA,EN,Combined TRACON& Tower with Radar,7,12,12,0,31,0,0,19,0,19,7,12,31,0,50,17,0,17,67
04/28/2013,ELM,NY,AEA,EN,Combined TRACON& Tower with Radar,11,10,15,0,36,0,0,22,0,22,11,10,37,0,58,13,0,13,71
04/29/2013,ELM,NY,AEA,EN,Combined TRACON& Tower with Radar,8,13,12,0,33,0,0,4,0,4,8,13,16,0,37,2,0,2,39
04/30/2013,ELM,NY,AEA,EN,Combined TRACON& Tower with Radar,12,21,24,0,57,0,0,1,0,1,12,21,25,0,58,7,0,7,65
05/01/2013,ELM,NY,AEA,EN,Combined TRACON& Tower with Radar,8,19,18,0,45,0,0,8,0,8,8,19,26,0,53,2,0,2,55
05/02/2013,ELM,NY,AEA,EN,Combined TRACON& Tower with Radar,9,20,18,0,47,0,0,15,0,15,9,20,33,0,62,8,0,8,70
05/03/2013,ELM,NY,AEA,EN,Combined TRACON& Tower with Radar,8,19,16,0,43,0,2,4,0,6,8,21,20,0,49,15,0,15,64
05/04/2013,ELM,NY,AEA,EN,Combined TRACON& Tower with Radar,6,12,6,0,24,0,2,7,0,9,6,14,13,0,33,13,0,13,46
05/05/2013,ELM,NY,AEA,EN,Combined TRACON& Tower with Radar,10,14,7,0,31,0,0,5,0,5,10,14,12,0,36,14,0,14,50
05/06/2013,ELM,NY,AEA,EN,Combined TRACON& Tower with Radar,8,19,27,0,54,0,0,6,0,6,8,19,33,0,60,0,0,0,60
05/07/2013,ELM,NY,AEA,EN,Combined TRACON& Tower with Radar,10,22,15,0,47,0,0,12,0,12,10,22,27,0,59,15,0,15,74
05/08/2013,ELM,NY,AEA,EN,Combined TRACON& Tower with Radar,8,17,23,0,48,0,0,0,0,0,8,17,23,0,48,0,0,0,48
05/09/2013,ELM,NY,AEA,EN,Combined TRACON& Tower with Radar,10,17,24,0,51,0,0,3,0,3,10,17,27,0,54,7,0,7,61
05/10/2013,ELM,NY,AEA,EN,Combined TRACON& Tower with Radar,8,14,19,0,41,0,0,5,0,5,8,14,24,0,46,2,0,2,48
05/11/2013,ELM,NY,AEA,EN,Combined TRACON& Tower with Radar,6,14,3,0,23,0,0,0,0,0,6,14,3,0,23,6,0,6,29
05/12/2013,ELM,NY,AEA,EN,Combined TRACON& Tower with Radar,10,11,7,0,28,0,0,4,0,4,10,11,11,0,32,6,0,6,38
05/13/2013,ELM,NY,AEA,EN,Combined TRACON& Tower with Radar,8,17,19,0,44,0,0,6,0,6,8,17,25,0,50,8,0,8,58
05/14/2013,ELM,NY,AEA,EN,Combined TRACON& Tower with Radar,9,16,27,2,54,0,1,9,0,10,9,17,36,2,64,18,0,18,82
05/15/2013,ELM,NY,AEA,EN,Combined TRACON& Tower with Radar,8,20,21,0,49,0,2,3,0,5,8,22,24,0,54,10,0,10,64
05/16/2013,ELM,NY,AEA,EN,Combined TRACON& Tower with Radar,11,20,24,0,55,0,2,10,2,14,11,22,34,2,69,32,1,33,102
05/17/2013,ELM,NY,AEA,EN,Combined TRACON& Tower with Radar,8,20,18,0,46,0,0,14,0,14,8,20,32,0,60,0,0,0,60
05/18/2013,ELM,NY,AEA,EN,Combined TRACON& Tower with Radar,6,14,8,0,28,0,0,6,0,6,6,14,14,0,34,12,0,12,46
05/19/2013,ELM,NY,AEA,EN,Combined TRACON& Tower with Radar,10,8,12,0,30,0,0,1,0,1,10,8,13,0,31,6,0,6,37
05/20/2013,ELM,NY,AEA,EN,Combined TRACON& Tower with Radar,8,17,19,3,47,0,0,10,0,10,8,17,29,3,57,11,0,11,68
05/21/2013,ELM,NY,AEA,EN,Combined TRACON& Tower with Radar,7,20,19,2,48,0,0,2,2,4,7,20,21,4,52,0,1,1,53
05/22/2013,ELM,NY,AEA,EN,Combined TRACON& Tower with Radar,8,14,24,0,46,0,0,5,0,5,8,14,29,0,51,10,0,10,61
05/23/2013,ELM,NY,AEA,EN,Combined TRACON& Tower with Radar,10,18,23,0,51,0,0,2,0,2,10,18,25,0,53,0,0,0,53
05/24/2013,ELM,NY,AEA,EN,Combined TRACON& Tower with Radar,8,21,18,0,47,0,0,1,0,1,8,21,19,0,48,0,22,22,70
05/25/2013,ELM,NY,AEA,EN,Combined TRACON& Tower with Radar,5,13,7,0,25,0,0,2,0,2,5,13,9,0,27,0,0,0,27
05/26/2013,ELM,NY,AEA,EN,Combined TRACON& Tower with Radar,8,5,9,0,22,0,0,11,0,11,8,5,20,0,33,0,0,0,33
05/27/2013,ELM,NY,AEA,EN,Combined TRACON& Tower with Radar,7,10,9,0,26,0,0,19,0,19,7,10,28,0,45,14,0,14,59
05/28/2013,ELM,NY,AEA,EN,Combined TRACON& Tower with Radar,8,18,39,0,65,0,0,1,0,1,8,18,40,0,66,0,0,0,66
05/29/2013,ELM,NY,AEA,EN,Combined TRACON& Tower with Radar,8,27,15,0,50,0,0,1,0,1,8,27,16,0,51,15,0,15,66
05/30/2013,ELM,NY,AEA,EN,Combined TRACON& Tower with Radar,10,18,17,0,45,0,0,9,0,9,10,18,26,0,54,23,0,23,77
05/31/2013,ELM,NY,AEA,EN,Combined TRACON& Tower with Radar,8,15,22,0,45,0,0,15,0,15,8,15,37,0,60,23,0,23,83
06/01/2013,ELM,NY,AEA,EN,Combined TRACON& Tower with Radar,6,12,10,0,28,0,2,19,1,22,6,14,29,1,50,14,2,16,66
06/02/2013,ELM,NY,AEA,EN,Combined TRACON& Tower with Radar,10,11,4,0,25,0,0,1,0,1,10,11,5,0,26,32,0,32,58
06/03/2013,ELM,NY,AEA,EN,Combined TRACON& Tower with Radar,8,17,14,0,39,0,1,7,0,8,8,18,21,0,47,0,0,0,47
06/04/2013,ELM,NY,AEA,EN,Combined TRACON& Tower with Radar,8,20,23,0,51,0,0,25,0,25,8,20,48,0,76,12,2,14,90
06/05/2013,ELM,NY,AEA,EN,Combined TRACON& Tower with Radar,7,17,24,0,48,0,1,16,0,17,7,18,40,0,65,11,0,11,76
06/06/2013,ELM,NY,AEA,EN,Combined TRACON& Tower with Radar,10,20,28,0,58,0,0,1,0,1,10,20,29,0,59,2,2,4,63
06/07/2013,ELM,NY,AEA,EN,Combined TRACON& Tower with Radar,8,16,24,2,50,0,0,0,0,0,8,16,24,2,50,0,0,0,50
06/08/2013,ELM,NY,AEA,EN,Combined TRACON& Tower with Radar,6,14,4,0,24,0,0,1,0,1,6,14,5,0,25,2,0,2,27
06/09/2013,ELM,NY,AEA,EN,Combined TRACON& Tower with Radar,10,14,11,0,35,0,0,14,0,14,10,14,25,0,49,54,0,54,103
06/10/2013,ELM,NY,AEA,EN,Combined TRACON& Tower with Radar,8,16,16,0,40,0,0,0,0,0,8,16,16,0,40,0,0,0,40
06/11/2013,ELM,NY,AEA,EN,Combined TRACON& Tower with Radar,8,22,17,0,47,0,0,1,0,1,8,22,18,0,48,3,0,3,51
06/12/2013,ELM,NY,AEA,EN,Combined TRACON& Tower with Radar,8,27,18,0,53,0,0,23,0,23,8,27,41,0,76,16,0,16,92
06/13/2013,ELM,NY,AEA,EN,Combined TRACON& Tower with Radar,10,23,15,0,48,0,0,0,0,0,10,23,15,0,48,0,0,0,48
06/14/2013,ELM,NY,AEA,EN,Combined TRACON& Tower with Radar,8,20,25,0,53,0,0,9,0,9,8,20,34,0,62,11,0,11,73
06/15/2013,ELM,NY,AEA,EN,Combined TRACON& Tower with Radar,6,12,13,0,31,0,2,24,0,26,6,14,37,0,57,30,0,30,87
06/16/2013,ELM,NY,AEA,EN,Combined TRACON& Tower with Radar,9,13,7,0,29,0,0,5,0,5,9,13,12,0,34,1,0,1,35
06/17/2013,ELM,NY,AEA,EN,Combined TRACON& Tower with Radar,9,15,35,0,59,0,0,2,0,2,9,15,37,0,61,12,0,12,73
06/18/2013,ELM,NY,AEA,EN,Combined TRACON& Tower with Radar,8,19,14,0,41,0,0,7,0,7,8,19,21,0,48,25,0,25,73
06/19/2013,ELM,NY,AEA,EN,Combined TRACON& Tower with Radar,8,16,18,0,42,0,0,18,0,18,8,16,36,0,60,6,0,6,66
06/20/2013,ELM,NY,AEA,EN,Combined TRACON& Tower with Radar,10,17,19,0,46,0,1,24,0,25,10,18,43,0,71,10,0,10,81
06/21/2013,ELM,NY,AEA,EN,Combined TRACON& Tower with Radar,7,18,18,0,43,0,0,12,0,12,7,18,30,0,55,26,0,26,81
06/22/2013,ELM,NY,AEA,EN,Combined TRACON& Tower with Radar,6,13,13,0,32,0,0,4,0,4,6,13,17,0,36,0,0,0,36
06/23/2013,ELM,NY,AEA,EN,Combined TRACON& Tower with Radar,10,13,17,0,40,0,0,9,0,9,10,13,26,0,49,0,0,0,49
06/24/2013,ELM,NY,AEA,EN,Combined TRACON& Tower with Radar,8,18,18,0,44,0,0,3,0,3,8,18,21,0,47,3,0,3,50
06/25/2013,ELM,NY,AEA,EN,Combined TRACON& Tower with Radar,8,20,21,0,49,0,0,9,0,9,8,20,30,0,58,17,0,17,75
06/26/2013,ELM,NY,AEA,EN,Combined TRACON& Tower with Radar,9,21,22,0,52,0,0,9,0,9,9,21,31,0,61,26,0,26,87
06/27/2013,ELM,NY,AEA,EN,Combined TRACON& Tower with Radar,10,21,41,0,72,0,0,2,0,2,10,21,43,0,74,0,0,0,74
06/28/2013,ELM,NY,AEA,EN,Combined TRACON& Tower with Radar,8,22,24,0,54,0,8,3,0,11,8,30,27,0,65,21,0,21,86
06/29/2013,ELM,NY,AEA,EN,Combined TRACON& Tower with Radar,6,15,18,0,39,0,0,11,0,11,6,15,29,0,50,8,0,8,58
06/30/2013,ELM,NY,AEA,EN,Combined TRACON& Tower with Radar,10,14,22,0,46,0,0,23,0,23,10,14,45,0,69,15,0,15,84
07/01/2013,ELM,NY,AEA,EN,Combined TRACON& Tower with Radar,8,21,19,0,48,0,0,0,0,0,8,21,19,0,48,0,0,0,48
07/02/2013,ELM,NY,AEA,EN,Combined TRACON& Tower with Radar,8,17,17,3,45,0,0,1,0,1,8,17,18,3,46,0,0,0,46
07/03/2013,ELM,NY,AEA,EN,Combined TRACON& Tower with Radar,7,17,17,0,41,0,0,5,0,5,7,17,22,0,46,5,0,5,51
07/04/2013,ELM,NY,AEA,EN,Combined TRACON& Tower with Radar,5,8,7,0,20,0,0,6,0,6,5,8,13,0,26,48,0,48,74
07/05/2013,ELM,NY,AEA,EN,Combined TRACON& Tower with Radar,7,19,13,0,39,0,0,11,0,11,7,19,24,0,50,12,0,12,62
07/06/2013,ELM,NY,AEA,EN,Combined TRACON& Tower with Radar,8,16,8,0,32,0,1,9,0,10,8,17,17,0,42,0,0,0,42
07/07/2013,ELM,NY,AEA,EN,Combined TRACON& Tower with Radar,9,9,9,0,27,0,0,22,0,22,9,9,31,0,49,8,0,8,57
07/08/2013,ELM,NY,AEA,EN,Combined TRACON& Tower with Radar,8,15,11,0,34,0,0,4,0,4,8,15,15,0,38,7,0,7,45
07/09/2013,ELM,NY,AEA,EN,Combined TRACON& Tower with Radar,6,16,18,0,40,0,1,11,0,12,6,17,29,0,52,6,0,6,58
07/10/2013,ELM,NY,AEA,EN,Combined TRACON& Tower with Radar,8,17,16,0,41,0,0,1,0,1,8,17,17,0,42,22,0,22,64
07/11/2013,ELM,NY,AEA,EN,Combined TRACON& Tower with Radar,9,15,31,0,55,0,0,13,0,13,9,15,44,0,68,47,0,47,115
07/12/2013,ELM,NY,AEA,EN,Combined TRACON& Tower with Radar,8,20,27,0,55,0,0,22,0,22,8,20,49,0,77,27,0,27,104
07/13/2013,ELM,NY,AEA,EN,Combined TRACON& Tower with Radar,5,19,3,0,27,0,0,4,0,4,5,19,7,0,31,12,0,12,43
07/14/2013,ELM,NY,AEA,EN,Combined TRACON& Tower with Radar,9,12,14,0,35,0,0,5,0,5,9,12,19,0,40,0,0,0,40
07/15/2013,ELM,NY,AEA,EN,Combined TRACON& Tower with Radar,8,15,22,0,45,0,1,22,0,23,8,16,44,0,68,13,0,13,81
07/16/2013,ELM,NY,AEA,EN,Combined TRACON& Tower with Radar,8,20,20,0,48,0,1,14,0,15,8,21,34,0,63,16,0,16,79
07/17/2013,ELM,NY,AEA,EN,Combined TRACON& Tower with Radar,7,20,17,0,44,0,0,7,0,7,7,20,24,0,51,16,0,16,67
07/18/2013,ELM,NY,AEA,EN,Combined TRACON& Tower with Radar,10,19,23,0,52,0,0,7,0,7,10,19,30,0,59,24,0,24,83
07/19/2013,ELM,NY,AEA,EN,Combined TRACON& Tower with Radar,8,16,27,0,51,0,0,10,0,10,8,16,37,0,61,4,0,4,65
07/20/2013,ELM,NY,AEA,EN,Combined TRACON& Tower with Radar,4,18,6,0,28,0,0,2,0,2,4,18,8,0,30,0,0,0,30
07/21/2013,ELM,NY,AEA,EN,Combined TRACON& Tower with Radar,9,14,15,0,38,0,0,9,0,9,9,14,24,0,47,0,0,0,47
07/22/2013,ELM,NY,AEA,EN,Combined TRACON& Tower with Radar,8,16,15,0,39,0,0,1,0,1,8,16,16,0,40,2,0,2,42
07/23/2013,ELM,NY,AEA,EN,Combined TRACON& Tower with Radar,8,26,21,0,55,0,0,1,0,1,8,26,22,0,56,16,0,16,72
07/24/2013,ELM,NY,AEA,EN,Combined TRACON& Tower with Radar,8,16,21,0,45,0,1,4,0,5,8,17,25,0,50,2,0,2,52
07/25/2013,ELM,NY,AEA,EN,Combined TRACON& Tower with Radar,10,22,34,0,66,0,0,19,1,20,10,22,53,1,86,27,0,27,113
07/26/2013,ELM,NY,AEA,EN,Combined TRACON& Tower with Radar,8,20,27,0,55,0,0,24,0,24,8,20,51,0,79,31,0,31,110
07/27/2013,ELM,NY,AEA,EN,Combined TRACON& Tower with Radar,5,19,7,0,31,0,1,23,0,24,5,20,30,0,55,2,0,2,57
07/28/2013,ELM,NY,AEA,EN,Combined TRACON& Tower with Radar,9,11,14,0,34,0,0,2,0,2,9,11,16,0,36,10,0,10,46
07/29/2013,ELM,NY,AEA,EN,Combined TRACON& Tower with Radar,8,15,18,0,41,0,0,4,0,4,8,15,22,0,45,14,0,14,59
07/30/2013,ELM,NY,AEA,EN,Combined TRACON& Tower with Radar,8,19,15,0,42,0,1,11,0,12,8,20,26,0,54,42,0,42,96
07/31/2013,ELM,NY,AEA,EN,Combined TRACON& Tower with Radar,8,24,34,0,66,0,0,18,0,18,8,24,52,0,84,48,0,48,132
08/01/2013,ELM,NY,AEA,EN,Combined TRACON& Tower with Radar,8,20,43,4,75,0,0,3,0,3,8,20,46,4,78,4,0,4,82
08/02/2013,ELM,NY,AEA,EN,Combined TRACON& Tower with Radar,8,15,20,4,47,0,1,3,2,6,8,16,23,6,53,31,0,31,84
08/03/2013,ELM,NY,AEA,EN,Combined TRACON& Tower with Radar,5,17,12,2,36,0,0,11,0,11,5,17,23,2,47,9,0,9,56
08/04/2013,ELM,NY,AEA,EN,Combined TRACON& Tower with Radar,9,9,14,0,32,0,0,10,0,10,9,9,24,0,42,14,0,14,56
08/05/2013,ELM,NY,AEA,EN,Combined TRACON& Tower with Radar,8,14,11,0,33,0,1,15,0,16,8,15,26,0,49,23,0,23,72
08/06/2013,ELM,NY,AEA,EN,Combined TRACON& Tower with Radar,8,19,20,0,47,0,0,15,0,15,8,19,35,0,62,16,0,16,78
08/07/2013,ELM,NY,AEA,EN,Combined TRACON& Tower with Radar,8,24,19,0,51,0,0,0,0,0,8,24,19,0,51,0,0,0,51
08/08/2013,ELM,NY,AEA,EN,Combined TRACON& Tower with Radar,12,22,57,1,92,0,0,2,0,2,12,22,59,1,94,14,0,14,108
08/09/2013,ELM,NY,AEA,EN,Combined TRACON& Tower with Radar,8,18,28,0,54,0,1,3,0,4,8,19,31,0,58,0,0,0,58
08/10/2013,ELM,NY,AEA,EN,Combined TRACON& Tower with Radar,7,18,37,0,62,0,2,24,0,26,7,20,61,0,88,100,0,100,188
08/11/2013,ELM,NY,AEA,EN,Combined TRACON& Tower with Radar,11,21,65,1,98,0,0,13,3,16,11,21,78,4,114,75,0,75,189
08/12/2013,ELM,NY,AEA,EN,Combined TRACON& Tower with Radar,8,14,23,2,47,0,1,14,0,15,8,15,37,2,62,2,0,2,64
08/13/2013,ELM,NY,AEA,EN,Combined TRACON& Tower with Radar,8,19,11,0,38,0,0,1,0,1,8,19,12,0,39,4,0,4,43
08/14/2013,ELM,NY,AEA,EN,Combined TRACON& Tower with Radar,8,17,16,0,41,0,0,1,0,1,8,17,17,0,42,5,0,5,47
08/15/2013,ELM,NY,AEA,EN,Combined TRACON& Tower with Radar,11,16,27,0,54,0,1,17,0,18,11,17,44,0,72,16,0,16,88
08/16/2013,ELM,NY,AEA,EN,Combined TRACON& Tower with Radar,8,15,15,0,38,0,1,7,0,8,8,16,22,0,46,0,0,0,46
08/17/2013,ELM,NY,AEA,EN,Combined TRACON& Tower with Radar,5,13,8,0,26,0,3,18,0,21,5,16,26,0,47,16,0,16,63
08/18/2013,ELM,NY,AEA,EN,Combined TRACON& Tower with Radar,9,11,13,0,33,0,0,4,0,4,9,11,17,0,37,5,0,5,42
08/19/2013,ELM,NY,AEA,EN,Combined TRACON& Tower with Radar,8,19,25,0,52,0,0,10,0,10,8,19,35,0,62,0,0,0,62
08/20/2013,ELM,NY,AEA,EN,Combined TRACON& Tower with Radar,8,20,17,0,45,0,1,8,0,9,8,21,25,0,54,2,0,2,56
08/21/2013,ELM,NY,AEA,EN,Combined TRACON& Tower with Radar,8,17,16,0,41,0,0,6,0,6,8,17,22,0,47,0,0,0,47
08/22/2013,ELM,NY,AEA,EN,Combined TRACON& Tower with Radar,9,18,15,0,42,0,1,12,0,13,9,19,27,0,55,17,0,17,72
08/23/2013,ELM,NY,AEA,EN,Combined TRACON& Tower with Radar,7,18,18,0,43,0,0,12,0,12,7,18,30,0,55,18,0,18,73
08/24/2013,ELM,NY,AEA,EN,Combined TRACON& Tower with Radar,8,13,15,0,36,0,0,12,0,12,8,13,27,0,48,31,0,31,79
08/25/2013,ELM,NY,AEA,EN,Combined TRACON& Tower with Radar,10,10,6,0,26,0,0,5,0,5,10,10,11,0,31,74,0,74,105
08/26/2013,ELM,NY,AEA,EN,Combined TRACON& Tower with Radar,8,17,19,0,44,0,0,1,0,1,8,17,20,0,45,3,0,3,48
08/27/2013,ELM,NY,AEA,EN,Combined TRACON& Tower with Radar,8,17,27,0,52,0,0,6,0,6,8,17,33,0,58,12,0,12,70
08/28/2013,ELM,NY,AEA,EN,Combined TRACON& Tower with Radar,8,20,17,0,45,0,0,2,4,6,8,20,19,4,51,0,10,10,61
08/29/2013,ELM,NY,AEA,EN,Combined TRACON& Tower with Radar,10,20,25,1,56,0,0,6,1,7,10,20,31,2,63,23,0,23,86
08/30/2013,ELM,NY,AEA,EN,Combined TRACON& Tower with Radar,8,24,23,0,55,0,0,21,0,21,8,24,44,0,76,18,0,18,94
08/31/2013,ELM,NY,AEA,EN,Combined TRACON& Tower with Radar,6,15,6,0,27,0,0,9,0,9,6,15,15,0,36,0,0,0,36
09/01/2013,ELM,NY,AEA,EN,Combined TRACON& Tower with Radar,7,8,12,0,27,0,0,7,0,7,7,8,19,0,34,25,0,25,59
09/02/2013,ELM,NY,AEA,EN,Combined TRACON& Tower with Radar,6,15,24,0,45,0,0,1,0,1,6,15,25,0,46,12,0,12,58
09/03/2013,ELM,NY,AEA,EN,Combined TRACON& Tower with Radar,8,19,29,0,56,0,0,0,0,0,8,19,29,0,56,14,0,14,70
09/04/2013,ELM,NY,AEA,EN,Combined TRACON& Tower with Radar,8,18,19,0,45,0,1,11,0,12,8,19,30,0,57,11,0,11,68
09/05/2013,ELM,NY,AEA,EN,Combined TRACON& Tower with Radar,10,23,13,0,46,0,0,10,0,10,10,23,23,0,56,3,0,3,59
09/06/2013,ELM,NY,AEA,EN,Combined TRACON& Tower with Radar,8,16,34,0,58,0,1,23,0,24,8,17,57,0,82,4,0,4,86
09/07/2013,ELM,NY,AEA,EN,Combined TRACON& Tower with Radar,8,15,5,0,28,0,0,13,0,13,8,15,18,0,41,22,0,22,63
09/08/2013,ELM,NY,AEA,EN,Combined TRACON& Tower with Radar,10,11,15,0,36,0,0,9,0,9,10,11,24,0,45,2,0,2,47
09/09/2013,ELM,NY,AEA,EN,Combined TRACON& Tower with Radar,8,14,34,0,56,0,0,13,0,13,8,14,47,0,69,10,0,10,79
09/10/2013,ELM,NY,AEA,EN,Combined TRACON& Tower with Radar,8,18,19,0,45,0,0,4,1,5,8,18,23,1,50,4,0,4,54
09/11/2013,ELM,NY,AEA,EN,Combined TRACON& Tower with Radar,6,17,21,0,44,0,0,5,0,5,6,17,26,0,49,3,0,3,52
09/12/2013,ELM,NY,AEA,EN,Combined TRACON& Tower with Radar,9,19,16,0,44,0,0,2,0,2,9,19,18,0,46,0,0,0,46
09/13/2013,ELM,NY,AEA,EN,Combined TRACON& Tower with Radar,7,15,23,0,45,0,0,0,0,0,7,15,23,0,45,0,0,0,45
09/14/2013,ELM,NY,AEA,EN,Combined TRACON& Tower with Radar,8,15,6,0,29,0,0,7,0,7,8,15,13,0,36,0,0,0,36
09/15/2013,ELM,NY,AEA,EN,Combined TRACON& Tower with Radar,10,8,6,0,24,0,0,16,0,16,10,8,22,0,40,12,0,12,52
09/16/2013,ELM,NY,AEA,EN,Combined TRACON& Tower with Radar,8,13,17,0,38,0,1,0,0,1,8,14,17,0,39,2,0,2,41
09/17/2013,ELM,NY,AEA,EN,Combined TRACON& Tower with Radar,6,20,15,0,41,0,0,11,0,11,6,20,26,0,52,15,0,15,67
09/18/2013,ELM,NY,AEA,EN,Combined TRACON& Tower with Radar,8,16,13,0,37,0,0,20,0,20,8,16,33,0,57,20,0,20,77
09/19/2013,ELM,NY,AEA,EN,Combined TRACON& Tower with Radar,11,15,28,0,54,0,1,15,1,17,11,16,43,1,71,19,0,19,90
09/20/2013,ELM,NY,AEA,EN,Combined TRACON& Tower with Radar,8,16,25,4,53,0,0,4,0,4,8,16,29,4,57,4,2,6,63
09/21/2013,ELM,NY,AEA,EN,Combined TRACON& Tower with Radar,8,13,8,0,29,0,0,0,0,0,8,13,8,0,29,0,0,0,29
09/22/2013,ELM,NY,AEA,EN,Combined TRACON& Tower with Radar,10,9,26,0,45,0,0,10,0,10,10,9,36,0,55,2,0,2,57
09/23/2013,ELM,NY,AEA,EN,Combined TRACON& Tower with Radar,7,14,28,0,49,0,0,5,0,5,7,14,33,0,54,2,0,2,56
09/24/2013,ELM,NY,AEA,EN,Combined TRACON& Tower with Radar,8,19,11,0,38,0,0,18,0,18,8,19,29,0,56,20,0,20,76
09/25/2013,ELM,NY,AEA,EN,Combined TRACON& Tower with Radar,8,17,17,0,42,0,0,13,2,15,8,17,30,2,57,16,0,16,73
09/26/2013,ELM,NY,AEA,EN,Combined TRACON& Tower with Radar,10,18,22,0,50,0,2,13,0,15,10,20,35,0,65,25,0,25,90
09/27/2013,ELM,NY,AEA,EN,Combined TRACON& Tower with Radar,8,15,24,0,47,0,0,15,0,15,8,15,39,0,62,12,0,12,74
09/28/2013,ELM,NY,AEA,EN,Combined TRACON& Tower with Radar,8,10,6,0,24,0,0,12,0,12,8,10,18,0,36,18,0,18,54
09/29/2013,ELM,NY,AEA,EN,Combined TRACON& Tower with Radar,10,8,9,0,27,0,0,11,0,11,10,8,20,0,38,18,0,18,56
09/30/2013,ELM,NY,AEA,EN,Combined TRACON& Tower with Radar,7,15,16,0,38,0,0,0,0,0,7,15,16,0,38,1,0,1,39
10/01/2013,ELM,NY,AEA,EN,Combined TRACON& Tower with Radar,8,18,19,0,45,0,1,21,0,22,8,19,40,0,67,8,0,8,75
10/02/2013,ELM,NY,AEA,EN,Combined TRACON& Tower with Radar,8,13,16,0,37,0,0,12,0,12,8,13,28,0,49,20,0,20,69
10/03/2013,ELM,NY,AEA,EN,Combined TRACON& Tower with Radar,9,18,26,0,53,0,1,18,2,21,9,19,44,2,74,18,0,18,92
10/04/2013,ELM,NY,AEA,EN,Combined TRACON& Tower with Radar,8,19,31,0,58,0,0,2,0,2,8,19,33,0,60,6,0,6,66
10/05/2013,ELM,NY,AEA,EN,Combined TRACON& Tower with Radar,8,16,3,0,27,0,1,0,0,1,8,17,3,0,28,0,0,0,28
10/06/2013,ELM,NY,AEA,EN,Combined TRACON& Tower with Radar,10,11,14,0,35,0,0,1,0,1,10,11,15,0,36,14,0,14,50
10/07/2013,ELM,NY,AEA,EN,Combined TRACON& Tower with Radar,8,16,21,0,45,0,0,1,0,1,8,16,22,0,46,0,0,0,46
10/08/2013,ELM,NY,AEA,EN,Combined TRACON& Tower with Radar,8,16,16,0,40,0,0,27,0,27,8,16,43,0,67,20,0,20,87
10/09/2013,ELM,NY,AEA,EN,Combined TRACON& Tower with Radar,8,15,18,0,41,0,0,13,0,13,8,15,31,0,54,8,0,8,62
10/10/2013,ELM,NY,AEA,EN,Combined TRACON& Tower with Radar,10,14,19,0,43,0,0,6,0,6,10,14,25,0,49,68,0,68,117
10/11/2013,ELM,NY,AEA,EN,Combined TRACON& Tower with Radar,8,16,22,0,46,0,0,9,0,9,8,16,31,0,55,1,0,1,56
10/12/2013,ELM,NY,AEA,EN,Combined TRACON& Tower with Radar,6,15,7,0,28,0,0,12,0,12,6,15,19,0,40,34,0,34,74
10/13/2013,ELM,NY,AEA,EN,Combined TRACON& Tower with Radar,10,11,14,0,35,0,0,8,0,8,10,11,22,0,43,17,0,17,60
10/14/2013,ELM,NY,AEA,EN,Combined TRACON& Tower with Radar,10,14,16,0,40,0,0,0,0,0,10,14,16,0,40,0,0,0,40
10/15/2013,ELM,NY,AEA,EN,Combined TRACON& Tower with Radar,8,20,23,1,52,0,0,5,0,5,8,20,28,1,57,22,0,22,79
10/16/2013,ELM,NY,AEA,EN,Combined TRACON& Tower with Radar,8,16,15,0,39,0,0,1,0,1,8,16,16,0,40,0,0,0,40
10/17/2013,ELM,NY,AEA,EN,Combined TRACON& Tower with Radar,10,22,32,0,64,0,0,6,0,6,10,22,38,0,70,18,0,18,88
10/18/2013,ELM,NY,AEA,EN,Combined TRACON& Tower with Radar,8,20,28,0,56,0,1,2,0,3,8,21,30,0,59,29,0,29,88
10/19/2013,ELM,NY,AEA,EN,Combined TRACON& Tower with Radar,8,13,9,0,30,0,0,8,0,8,8,13,17,0,38,21,0,21,59
10/20/2013,ELM,NY,AEA,EN,Combined TRACON& Tower with Radar,10,10,6,0,26,0,0,19,0,19,10,10,25,0,45,70,0,70,115
10/21/2013,ELM,NY,AEA,EN,Combined TRACON& Tower with Radar,8,16,10,0,34,0,0,15,0,15,8,16,25,0,49,18,0,18,67
10/22/2013,ELM,NY,AEA,EN,Combined TRACON& Tower with Radar,8,14,7,0,29,0,2,8,0,10,8,16,15,0,39,4,0,4,43
10/23/2013,ELM,NY,AEA,EN,Combined TRACON& Tower with Radar,8,17,15,0,40,0,0,0,0,0,8,17,15,0,40,1,0,1,41
10/24/2013,ELM,NY,AEA,EN,Combined TRACON& Tower with Radar,10,17,22,0,49,0,0,4,0,4,10,17,26,0,53,9,0,9,62
10/25/2013,ELM,NY,AEA,EN,Combined TRACON& Tower with Radar,7,19,28,0,54,0,0,4,0,4,7,19,32,0,58,0,0,0,58
10/26/2013,ELM,NY,AEA,EN,Combined TRACON& Tower with Radar,8,11,7,0,26,0,1,3,0,4,8,12,10,0,30,16,0,16,46
10/27/2013,ELM,NY,AEA,EN,Combined TRACON& Tower with Radar,10,11,14,0,35,0,0,7,0,7,10,11,21,0,42,0,0,0,42
10/28/2013,ELM,NY,AEA,EN,Combined TRACON& Tower with Radar,8,14,10,0,32,0,0,14,0,14,8,14,24,0,46,48,0,48,94
10/29/2013,ELM,NY,AEA,EN,Combined TRACON& Tower with Radar,8,18,18,0,44,0,0,27,0,27,8,18,45,0,71,4,0,4,75
10/30/2013,ELM,NY,AEA,EN,Combined TRACON& Tower with Radar,7,18,20,0,45,0,0,29,0,29,7,18,49,0,74,36,0,36,110
10/31/2013,ELM,NY,AEA,EN,Combined TRACON& Tower with Radar,10,20,21,0,51,0,0,0,0,0,10,20,21,0,51,0,0,0,51
11/01/2013,ELM,NY,AEA,EN,Combined TRACON& Tower with Radar,10,15,16,0,41,0,0,1,0,1,10,15,17,0,42,0,0,0,42
11/02/2013,ELM,NY,AEA,EN,Combined TRACON& Tower with Radar,8,11,4,0,23,0,0,6,0,6,8,11,10,0,29,0,0,0,29
11/03/2013,ELM,NY,AEA,EN,Combined TRACON& Tower with Radar,10,8,6,0,24,0,0,5,0,5,10,8,11,0,29,22,0,22,51
11/04/2013,ELM,NY,AEA,EN,Combined TRACON& Tower with Radar,10,12,20,0,42,0,2,6,0,8,10,14,26,0,50,7,0,7,57
11/05/2013,ELM,NY,AEA,EN,Combined TRACON& Tower with Radar,8,16,16,0,40,0,0,10,0,10,8,16,26,0,50,43,0,43,93
11/06/2013,ELM,NY,AEA,EN,Combined TRACON& Tower with Radar,8,17,17,0,42,0,0,0,0,0,8,17,17,0,42,4,0,4,46
11/07/2013,ELM,NY,AEA,EN,Combined TRACON& Tower with Radar,10,15,20,0,45,0,0,1,0,1,10,15,21,0,46,0,0,0,46
11/08/2013,ELM,NY,AEA,EN,Combined TRACON& Tower with Radar,10,15,13,0,38,0,0,5,0,5,10,15,18,0,43,50,0,50,93
11/09/2013,ELM,NY,AEA,EN,Combined TRACON& Tower with Radar,8,9,3,0,20,0,2,16,0,18,8,11,19,0,38,0,0,0,38
11/10/2013,ELM,NY,AEA,EN,Combined TRACON& Tower with Radar,9,9,7,0,25,0,0,0,0,0,9,9,7,0,25,0,0,0,25
11/11/2013,ELM,NY,AEA,EN,Combined TRACON& Tower with Radar,10,14,10,0,34,0,0,3,0,3,10,14,13,0,37,29,0,29,66
11/12/2013,ELM,NY,AEA,EN,Combined TRACON& Tower with Radar,7,19,11,0,37,0,1,0,0,1,7,20,11,0,38,0,0,0,38
11/13/2013,ELM,NY,AEA,EN,Combined TRACON& Tower with Radar,8,19,19,0,46,0,2,1,0,3,8,21,20,0,49,3,0,3,52
11/14/2013,ELM,NY,AEA,EN,Combined TRACON& Tower with Radar,2,14,6,0,22,0,0,7,0,7,2,14,13,0,29,3,0,3,32
11/15/2013,ELM,NY,AEA,EN,Combined TRACON& Tower with Radar,11,15,21,0,47,0,0,1,0,1,11,15,22,0,48,0,0,0,48
11/16/2013,ELM,NY,AEA,EN,Combined TRACON& Tower with Radar,8,11,3,0,22,0,0,13,0,13,8,11,16,0,35,11,0,11,46
11/17/2013,ELM,NY,AEA,EN,Combined TRACON& Tower with Radar,9,11,3,0,23,0,0,0,0,0,9,11,3,0,23,0,0,0,23
11/18/2013,ELM,NY,AEA,EN,Combined TRACON& Tower with Radar,10,15,17,0,42,0,0,2,0,2,10,15,19,0,44,0,0,0,44
11/19/2013,ELM,NY,AEA,EN,Combined TRACON& Tower with Radar,8,16,20,2,46,0,1,1,1,3,8,17,21,3,49,0,0,0,49
11/20/2013,ELM,NY,AEA,EN,Combined TRACON& Tower with Radar,8,20,20,0,48,0,1,4,0,5,8,21,24,0,53,10,0,10,63
11/21/2013,ELM,NY,AEA,EN,Combined TRACON& Tower with Radar,10,17,16,0,43,0,0,4,4,8,10,17,20,4,51,36,0,36,87
11/22/2013,ELM,NY,AEA,EN,Combined TRACON& Tower with Radar,10,17,28,0,55,0,0,0,0,0,10,17,28,0,55,0,0,0,55
11/23/2013,ELM,NY,AEA,EN,Combined TRACON& Tower with Radar,8,11,7,0,26,0,0,5,0,5,8,11,12,0,31,0,0,0,31
11/24/2013,ELM,NY,AEA,EN,Combined TRACON& Tower with Radar,10,8,9,0,27,0,0,2,0,2,10,8,11,0,29,9,0,9,38
11/25/2013,ELM,NY,AEA,EN,Combined TRACON& Tower with Radar,11,12,17,0,40,0,0,16,0,16,11,12,33,0,56,50,0,50,106
11/26/2013,ELM,NY,AEA,EN,Combined TRACON& Tower with Radar,11,20,20,0,51,0,0,0,0,0,11,20,20,0,51,0,0,0,51
11/27/2013,ELM,NY,AEA,EN,Combined TRACON& Tower with Radar,8,20,4,0,32,0,0,0,0,0,8,20,4,0,32,0,0,0,32
11/28/2013,ELM,NY,AEA,EN,Combined TRACON& Tower with Radar,2,6,1,0,9,0,0,3,0,3,2,6,4,0,12,0,0,0,12
11/29/2013,ELM,NY,AEA,EN,Combined TRACON& Tower with Radar,9,14,8,0,31,0,0,4,0,4,9,14,12,0,35,57,0,57,92
11/30/2013,ELM,NY,AEA,EN,Combined TRACON& Tower with Radar,9,14,9,0,32,0,0,6,0,6,9,14,15,0,38,0,0,0,38
12/01/2013,ELM,NY,AEA,EN,Combined TRACON& Tower with Radar,10,12,14,0,36,0,0,8,0,8,10,12,22,0,44,0,0,0,44
12/02/2013,ELM,NY,AEA,EN,Combined TRACON& Tower with Radar,10,15,23,0,48,0,0,0,0,0,10,15,23,0,48,0,0,0,48
12/03/2013,ELM,NY,AEA,EN,Combined TRACON& Tower with Radar,8,22,12,0,42,0,0,0,0,0,8,22,12,0,42,0,0,0,42
12/04/2013,ELM,NY,AEA,EN,Combined TRACON& Tower with Radar,8,19,22,0,49,0,0,11,0,11,8,19,33,0,60,8,0,8,68
12/05/2013,ELM,NY,AEA,EN,Combined TRACON& Tower with Radar,11,17,27,0,55,0,0,0,0,0,11,17,27,0,55,2,0,2,57
12/06/2013,ELM,NY,AEA,EN,Combined TRACON& Tower with Radar,9,17,19,2,47,0,0,0,2,2,9,17,19,4,49,0,0,0,49
12/07/2013,ELM,NY,AEA,EN,Combined TRACON& Tower with Radar,6,15,11,0,32,0,0,2,0,2,6,15,13,0,34,14,0,14,48
12/08/2013,ELM,NY,AEA,EN,Combined TRACON& Tower with Radar,10,8,6,0,24,0,0,13,0,13,10,8,19,0,37,10,0,10,47
12/09/2013,ELM,NY,AEA,EN,Combined TRACON& Tower with Radar,10,14,14,0,38,0,0,0,0,0,10,14,14,0,38,0,0,0,38
12/10/2013,ELM,NY,AEA,EN,Combined TRACON& Tower with Radar,8,17,17,0,42,0,1,6,0,7,8,18,23,0,49,0,0,0,49
12/11/2013,ELM,NY,AEA,EN,Combined TRACON& Tower with Radar,8,19,21,0,48,0,0,10,0,10,8,19,31,0,58,25,0,25,83
12/12/2013,ELM,NY,AEA,EN,Combined TRACON& Tower with Radar,10,23,21,0,54,0,1,8,0,9,10,24,29,0,63,6,0,6,69
12/13/2013,ELM,NY,AEA,EN,Combined TRACON& Tower with Radar,8,20,27,0,55,0,0,0,0,0,8,20,27,0,55,5,0,5,60
12/14/2013,ELM,NY,AEA,EN,Combined TRACON& Tower with Radar,5,11,5,0,21,0,0,0,0,0,5,11,5,0,21,0,0,0,21
12/15/2013,ELM,NY,AEA,EN,Combined TRACON& Tower with Radar,11,7,5,0,23,0,0,0,0,0,11,7,5,0,23,0,0,0,23
12/16/2013,ELM,NY,AEA,EN,Combined TRACON& Tower with Radar,10,21,24,0,55,0,1,8,0,9,10,22,32,0,64,10,0,10,74
12/17/2013,ELM,NY,AEA,EN,Combined TRACON& Tower with Radar,8,21,11,0,40,0,0,0,0,0,8,21,11,0,40,0,0,0,40
12/18/2013,ELM,NY,AEA,EN,Combined TRACON& Tower with Radar,8,20,20,0,48,0,0,2,0,2,8,20,22,0,50,2,0,2,52
12/19/2013,ELM,NY,AEA,EN,Combined TRACON& Tower with Radar,4,29,13,0,46,0,0,11,0,11,4,29,24,0,57,19,0,19,76
12/20/2013,ELM,NY,AEA,EN,Combined TRACON& Tower with Radar,7,23,29,0,59,0,0,1,0,1,7,23,30,0,60,4,0,4,64
12/21/2013,ELM,NY,AEA,EN,Combined TRACON& Tower with Radar,7,22,6,0,35,0,0,0,0,0,7,22,6,0,35,0,0,0,35
12/22/2013,ELM,NY,AEA,EN,Combined TRACON& Tower with Radar,5,13,10,0,28,0,0,0,0,0,5,13,10,0,28,2,0,2,30
12/23/2013,ELM,NY,AEA,EN,Combined TRACON& Tower with Radar,6,18,5,0,29,0,0,0,0,0,6,18,5,0,29,12,0,12,41
12/24/2013,ELM,NY,AEA,EN,Combined TRACON& Tower with Radar,6,17,2,0,25,0,0,2,0,2,6,17,4,0,27,0,0,0,27
12/25/2013,ELM,NY,AEA,EN,Combined TRACON& Tower with Radar,3,7,1,0,11,0,0,2,0,2,3,7,3,0,13,6,0,6,19
12/26/2013,ELM,NY,AEA,EN,Combined TRACON& Tower with Radar,5,26,11,0,42,0,0,1,0,1,5,26,12,0,43,7,0,7,50
12/27/2013,ELM,NY,AEA,EN,Combined TRACON& Tower with Radar,7,22,14,0,43,0,0,9,0,9,7,22,23,0,52,10,0,10,62
12/28/2013,ELM,NY,AEA,EN,Combined TRACON& Tower with Radar,6,18,4,0,28,0,1,21,0,22,6,19,25,0,50,18,0,18,68
12/29/2013,ELM,NY,AEA,EN,Combined TRACON& Tower with Radar,4,12,4,0,20,0,0,0,0,0,4,12,4,0,20,0,0,0,20
12/30/2013,ELM,NY,AEA,EN,Combined TRACON& Tower with Radar,6,16,7,0,29,0,0,0,0,0,6,16,7,0,29,1,0,1,30
12/31/2013,ELM,NY,AEA,EN,Combined TRACON& Tower with Radar,6,20,0,0,26,0,0,0,0,0,6,20,0,0,26,0,0,0,26
01/01/2014,ELM,NY,AEA,EN,Combined TRACON& Tower with Radar,2,9,4,0,15,0,0,0,0,0,2,9,4,0,15,0,0,0,15
01/02/2014,ELM,NY,AEA,EN,Combined TRACON& Tower with Radar,5,21,10,0,36,0,0,0,0,0,5,21,10,0,36,0,0,0,36
01/03/2014,ELM,NY,AEA,EN,Combined TRACON& Tower with Radar,6,16,6,0,28,0,1,0,0,1,6,17,6,0,29,0,0,0,29
01/04/2014,ELM,NY,AEA,EN,Combined TRACON& Tower with Radar,6,16,4,0,26,0,1,2,0,3,6,17,6,0,29,10,0,10,39
01/05/2014,ELM,NY,AEA,EN,Combined TRACON& Tower with Radar,4,9,11,0,24,0,0,6,0,6,4,9,17,0,30,8,0,8,38
01/06/2014,ELM,NY,AEA,EN,Combined TRACON& Tower with Radar,7,16,10,0,33,0,0,0,0,0,7,16,10,0,33,4,0,4,37
01/07/2014,ELM,NY,AEA,EN,Combined TRACON& Tower with Radar,0,12,15,0,27,0,0,0,2,2,0,12,15,2,29,0,0,0,29
01/08/2014,ELM,NY,AEA,EN,Combined TRACON& Tower with Radar,4,17,14,0,35,0,0,7,0,7,4,17,21,0,42,4,0,4,46
01/09/2014,ELM,NY,AEA,EN,Combined TRACON& Tower with Radar,9,18,10,0,37,0,0,5,0,5,9,18,15,0,42,9,0,9,51
01/10/2014,ELM,NY,AEA,EN,Combined TRACON& Tower with Radar,10,15,10,0,35,0,0,1,0,1,10,15,11,0,36,5,0,5,41
01/11/2014,ELM,NY,AEA,EN,Combined TRACON& Tower with Radar,5,16,3,2,26,0,0,0,0,0,5,16,3,2,26,0,0,0,26
01/12/2014,ELM,NY,AEA,EN,Combined TRACON& Tower with Radar,9,13,13,0,35,0,0,2,0,2,9,13,15,0,37,0,0,0,37
01/13/2014,ELM,NY,AEA,EN,Combined TRACON& Tower with Radar,10,16,16,0,42,0,0,10,0,10,10,16,26,0,52,4,0,4,56
01/14/2014,ELM,NY,AEA,EN,Combined TRACON& Tower with Radar,8,17,9,6,40,0,0,0,0,0,8,17,9,6,40,0,0,0,40
01/15/2014,ELM,NY,AEA,EN,Combined TRACON& Tower with Radar,10,18,11,0,39,0,0,8,0,8,10,18,19,0,47,10,0,10,57
01/16/2014,ELM,NY,AEA,EN,Combined TRACON& Tower with Radar,10,20,22,0,52,0,0,8,0,8,10,20,30,0,60,14,0,14,74
01/17/2014,ELM,NY,AEA,EN,Combined TRACON& Tower with Radar,10,16,13,0,39,0,0,2,0,2,10,16,15,0,41,0,0,0,41
01/18/2014,ELM,NY,AEA,EN,Combined TRACON& Tower with Radar,4,18,2,0,24,0,0,0,0,0,4,18,2,0,24,0,0,0,24
01/19/2014,ELM,NY,AEA,EN,Combined TRACON& Tower with Radar,8,9,4,0,21,0,0,0,0,0,8,9,4,0,21,0,0,0,21
01/20/2014,ELM,NY,AEA,EN,Combined TRACON& Tower with Radar,8,13,11,0,32,0,0,0,0,0,8,13,11,0,32,0,0,0,32
01/21/2014,ELM,NY,AEA,EN,Combined TRACON& Tower with Radar,8,16,19,0,43,0,0,6,0,6,8,16,25,0,49,0,0,0,49
01/22/2014,ELM,NY,AEA,EN,Combined TRACON& Tower with Radar,8,25,18,0,51,0,0,0,0,0,8,25,18,0,51,0,0,0,51
01/23/2014,ELM,NY,AEA,EN,Combined TRACON& Tower with Radar,10,23,19,0,52,0,0,4,0,4,10,23,23,0,56,0,0,0,56
01/24/2014,ELM,NY,AEA,EN,Combined TRACON& Tower with Radar,10,15,12,0,37,0,0,11,0,11,10,15,23,0,48,16,0,16,64
01/25/2014,ELM,NY,AEA,EN,Combined TRACON& Tower with Radar,3,15,0,0,18,0,0,0,0,0,3,15,0,0,18,0,0,0,18
01/26/2014,ELM,NY,AEA,EN,Combined TRACON& Tower with Radar,10,10,9,0,29,0,0,0,0,0,10,10,9,0,29,14,0,14,43
01/27/2014,ELM,NY,AEA,EN,Combined TRACON& Tower with Radar,10,14,16,0,40,0,0,0,0,0,10,14,16,0,40,0,0,0,40
01/28/2014,ELM,NY,AEA,EN,Combined TRACON& Tower with Radar,8,16,17,0,41,0,0,6,0,6,8,16,23,0,47,16,0,16,63
01/29/2014,ELM,NY,AEA,EN,Combined TRACON& Tower with Radar,8,19,21,0,48,0,1,7,0,8,8,20,28,0,56,14,0,14,70
01/30/2014,ELM,NY,AEA,EN,Combined TRACON& Tower with Radar,10,15,27,0,52,0,3,13,0,16,10,18,40,0,68,4,0,4,72
01/31/2014,ELM,NY,AEA,EN,Combined TRACON& Tower with Radar,6,15,16,0,37,0,0,1,0,1,6,15,17,0,38,2,0,2,40
02/01/2014,ELM,NY,AEA,EN,Combined TRACON& Tower with Radar,6,18,2,0,26,0,0,6,0,6,6,18,8,0,32,8,0,8,40
02/02/2014,ELM,NY,AEA,EN,Combined TRACON& Tower with Radar,6,10,3,0,19,0,0,0,0,0,6,10,3,0,19,0,0,0,19
02/03/2014,ELM,NY,AEA,EN,Combined TRACON& Tower with Radar,9,16,12,0,37,0,0,7,0,7,9,16,19,0,44,7,0,7,51
02/04/2014,ELM,NY,AEA,EN,Combined TRACON& Tower with Radar,9,19,25,0,53,0,0,10,0,10,9,19,35,0,63,12,0,12,75
02/05/2014,ELM,NY,AEA,EN,Combined TRACON& Tower with Radar,8,18,8,0,34,0,0,0,0,0,8,18,8,0,34,0,0,0,34
02/06/2014,ELM,NY,AEA,EN,Combined TRACON& Tower with Radar,10,20,16,0,46,0,0,4,1,5,10,20,20,1,51,0,0,0,51
02/07/2014,ELM,NY,AEA,EN,Combined TRACON& Tower with Radar,10,15,23,0,48,0,0,7,0,7,10,15,30,0,55,10,0,10,65
02/08/2014,ELM,NY,AEA,EN,Combined TRACON& Tower with Radar,4,15,8,0,27,0,0,4,0,4,4,15,12,0,31,0,0,0,31
02/09/2014,ELM,NY,AEA,EN,Combined TRACON& Tower with Radar,10,8,2,0,20,0,0,0,0,0,10,8,2,0,20,0,0,0,20
02/10/2014,ELM,NY,AEA,EN,Combined TRACON& Tower with Radar,10,15,19,0,44,0,0,5,0,5,10,15,24,0,49,10,0,10,59
02/11/2014,ELM,NY,AEA,EN,Combined TRACON& Tower with Radar,8,17,17,0,42,0,0,7,0,7,8,17,24,0,49,4,0,4,53
02/12/2014,ELM,NY,AEA,EN,Combined TRACON& Tower with Radar,8,21,16,0,45,0,0,10,0,10,8,21,26,0,55,6,0,6,61
02/13/2014,ELM,NY,AEA,EN,Combined TRACON& Tower with Radar,8,19,15,0,42,0,0,0,0,0,8,19,15,0,42,0,0,0,42
02/14/2014,ELM,NY,AEA,EN,Combined TRACON& Tower with Radar,7,22,18,0,47,0,0,4,0,4,7,22,22,0,51,0,0,0,51
02/15/2014,ELM,NY,AEA,EN,Combined TRACON& Tower with Radar,7,21,9,0,37,0,0,0,0,0,7,21,9,0,37,0,0,0,37
02/16/2014,ELM,NY,AEA,EN,Combined TRACON& Tower with Radar,8,12,4,0,24,0,0,4,0,4,8,12,8,0,28,0,0,0,28
02/17/2014,ELM,NY,AEA,EN,Combined TRACON& Tower with Radar,9,21,10,0,40,0,0,3,0,3,9,21,13,0,43,3,0,3,46
02/18/2014,ELM,NY,AEA,EN,Combined TRACON& Tower with Radar,8,18,10,0,36,0,2,0,0,2,8,20,10,0,38,2,0,2,40
02/19/2014,ELM,NY,AEA,EN,Combined TRACON& Tower with Radar,8,20,12,0,40,0,0,4,0,4,8,20,16,0,44,0,0,0,44
02/20/2014,ELM,NY,AEA,EN,Combined TRACON& Tower with Radar,9,22,15,0,46,0,0,7,0,7,9,22,22,0,53,4,0,4,57
02/21/2014,ELM,NY,AEA,EN,Combined TRACON& Tower with Radar,10,16,9,0,35,0,0,2,0,2,10,16,11,0,37,6,0,6,43
02/22/2014,ELM,NY,AEA,EN,Combined TRACON& Tower with Radar,6,19,6,0,31,0,0,3,0,3,6,19,9,0,34,3,0,3,37
02/23/2014,ELM,NY,AEA,EN,Combined TRACON& Tower with Radar,10,14,13,0,37,0,0,3,0,3,10,14,16,0,40,1,0,1,41
02/24/2014,ELM,NY,AEA,EN,Combined TRACON& Tower with Radar,10,18,24,0,52,0,0,0,0,0,10,18,24,0,52,1,0,1,53
02/25/2014,ELM,NY,AEA,EN,Combined TRACON& Tower with Radar,10,20,6,0,36,0,0,2,0,2,10,20,8,0,38,0,0,0,38
02/26/2014,ELM,NY,AEA,EN,Combined TRACON& Tower with Radar,8,24,12,2,46,0,2,5,0,7,8,26,17,2,53,21,0,21,74
02/27/2014,ELM,NY,AEA,EN,Combined TRACON& Tower with Radar,9,21,23,0,53,0,0,0,0,0,9,21,23,0,53,0,0,0,53
02/28/2014,ELM,NY,AEA,EN,Combined TRACON& Tower with Radar,9,21,34,0,64,0,0,11,0,11,9,21,45,0,75,14,0,14,89
03/01/2014,ELM,NY,AEA,EN,Combined TRACON& Tower with Radar,9,17,7,0,33,0,0,6,0,6,9,17,13,0,39,0,0,0,39
03/02/2014,ELM,NY,AEA,EN,Combined TRACON& Tower with Radar,11,7,6,0,24,0,0,0,0,0,11,7,6,0,24,0,0,0,24
03/03/2014,ELM,NY,AEA,EN,Combined TRACON& Tower with Radar,10,14,13,0,37,0,1,5,0,6,10,15,18,0,43,2,0,2,45
03/04/2014,ELM,NY,AEA,EN,Combined TRACON& Tower with Radar,10,20,13,0,43,0,1,3,0,4,10,21,16,0,47,18,4,22,69
03/05/2014,ELM,NY,AEA,EN,Combined TRACON& Tower with Radar,8,21,17,0,46,0,0,0,0,0,8,21,17,0,46,16,0,16,62
03/06/2014,ELM,NY,AEA,EN,Combined TRACON& Tower with Radar,10,22,24,2,58,0,0,11,0,11,10,22,35,2,69,18,0,18,87
03/07/2014,ELM,NY,AEA,EN,Combined TRACON& Tower with Radar,4,12,10,0,26,0,0,8,0,8,4,12,18,0,34,2,0,2,36
03/08/2014,ELM,NY,AEA,EN,Combined TRACON& Tower with Radar,9,16,7,0,32,0,0,2,0,2,9,16,9,0,34,3,0,3,37
03/09/2014,ELM,NY,AEA,EN,Combined TRACON& Tower with Radar,9,13,7,0,29,0,0,6,0,6,9,13,13,0,35,32,0,32,67
03/10/2014,ELM,NY,AEA,EN,Combined TRACON& Tower with Radar,10,16,14,0,40,0,1,5,0,6,10,17,19,0,46,0,0,0,46
03/11/2014,ELM,NY,AEA,EN,Combined TRACON& Tower with Radar,10,20,22,0,52,0,0,6,0,6,10,20,28,0,58,13,0,13,71
03/12/2014,ELM,NY,AEA,EN,Combined TRACON& Tower with Radar,5,19,10,0,34,0,0,0,0,0,5,19,10,0,34,0,0,0,34
03/13/2014,ELM,NY,AEA,EN,Combined TRACON& Tower with Radar,9,21,13,0,43,0,1,1,0,2,9,22,14,0,45,0,0,0,45
03/14/2014,ELM,NY,AEA,EN,Combined TRACON& Tower with Radar,9,26,21,0,56,0,0,2,0,2,9,26,23,0,58,16,0,16,74
03/15/2014,ELM,NY,AEA,EN,Combined TRACON& Tower with Radar,9,14,1,0,24,0,1,1,2,4,9,15,2,2,28,0,0,0,28
03/16/2014,ELM,NY,AEA,EN,Combined TRACON& Tower with Radar,11,10,4,0,25,0,1,5,0,6,11,11,9,0,31,4,0,4,35
03/17/2014,ELM,NY,AEA,EN,Combined TRACON& Tower with Radar,10,18,17,0,45,0,0,6,0,6,10,18,23,0,51,13,0,13,64
03/18/2014,ELM,NY,AEA,EN,Combined TRACON& Tower with Radar,10,24,12,0,46,0,0,9,0,9,10,24,21,0,55,2,0,2,57
03/19/2014,ELM,NY,AEA,EN,Combined TRACON& Tower with Radar,8,30,12,0,50,0,0,1,0,1,8,30,13,0,51,2,0,2,53
03/20/2014,ELM,NY,AEA,EN,Combined TRACON& Tower with Radar,9,20,8,0,37,0,0,7,0,7,9,20,15,0,44,12,4,16,60
03/21/2014,ELM,NY,AEA,EN,Combined TRACON& Tower with Radar,8,18,19,0,45,0,1,6,0,7,8,19,25,0,52,12,0,12,64
03/22/2014,ELM,NY,AEA,EN,Combined TRACON& Tower with Radar,11,15,7,0,33,0,0,1,0,1,11,15,8,0,34,0,0,0,34
03/23/2014,ELM,NY,AEA,EN,Combined TRACON& Tower with Radar,11,13,6,0,30,0,0,4,0,4,11,13,10,0,34,10,0,10,44
03/24/2014,ELM,NY,AEA,EN,Combined TRACON& Tower with Radar,10,21,23,0,54,0,1,12,2,15,10,22,35,2,69,10,2,12,81
03/25/2014,ELM,NY,AEA,EN,Combined TRACON& Tower with Radar,10,20,14,2,46,0,0,9,1,10,10,20,23,3,56,16,0,16,72
03/26/2014,ELM,NY,AEA,EN,Combined TRACON& Tower with Radar,9,24,14,0,47,0,0,2,0,2,9,24,16,0,49,0,0,0,49
03/27/2014,ELM,NY,AEA,EN,Combined TRACON& Tower with Radar,10,23,22,0,55,0,0,10,0,10,10,23,32,0,65,16,0,16,81
03/28/2014,ELM,NY,AEA,EN,Combined TRACON& Tower with Radar,10,18,15,4,47,0,0,0,0,0,10,18,15,4,47,0,0,0,47
03/29/2014,ELM,NY,AEA,EN,Combined TRACON& Tower with Radar,9,15,14,0,38,0,0,2,0,2,9,15,16,0,40,10,0,10,50
03/30/2014,ELM,NY,AEA,EN,Combined TRACON& Tower with Radar,11,8,6,0,25,0,0,0,0,0,11,8,6,0,25,0,0,0,25
03/31/2014,ELM,NY,AEA,EN,Combined TRACON& Tower with Radar,10,17,15,0,42,0,0,11,0,11,10,17,26,0,53,29,0,29,82
04/01/2014,ELM,NY,AEA,EN,Combined TRACON& Tower with Radar,10,22,12,2,46,0,0,13,3,16,10,22,25,5,62,12,0,12,74
04/02/2014,ELM,NY,AEA,EN,Combined TRACON& Tower with Radar,8,19,13,0,40,0,0,5,0,5,8,19,18,0,45,6,0,6,51
04/03/2014,ELM,NY,AEA,EN,Combined TRACON& Tower with Radar,9,21,20,0,50,0,0,4,0,4,9,21,24,0,54,16,0,16,70
04/04/2014,ELM,NY,AEA,EN,Combined TRACON& Tower with Radar,10,15,16,0,41,0,0,0,0,0,10,15,16,0,41,0,0,0,41
04/05/2014,ELM,NY,AEA,EN,Combined TRACON& Tower with Radar,7,14,6,0,27,0,0,0,0,0,7,14,6,0,27,0,0,0,27
04/06/2014,ELM,NY,AEA,EN,Combined TRACON& Tower with Radar,11,12,12,0,35,0,0,22,0,22,11,12,34,0,57,6,0,6,63
04/07/2014,ELM,NY,AEA,EN,Combined TRACON& Tower with Radar,10,19,18,0,47,0,0,5,0,5,10,19,23,0,52,2,0,2,54
04/08/2014,ELM,NY,AEA,EN,Combined TRACON& Tower with Radar,10,19,11,0,40,0,0,2,0,2,10,19,13,0,42,0,0,0,42
04/09/2014,ELM,NY,AEA,EN,Combined TRACON& Tower with Radar,8,23,16,0,47,0,1,0,0,1,8,24,16,0,48,1,0,1,49
04/10/2014,ELM,NY,AEA,EN,Combined TRACON& Tower with Radar,10,19,10,0,39,0,0,3,1,4,10,19,13,1,43,18,0,18,61
04/11/2014,ELM,NY,AEA,EN,Combined TRACON& Tower with Radar,10,20,18,0,48,0,0,5,0,5,10,20,23,0,53,14,0,14,67
04/12/2014,ELM,NY,AEA,EN,Combined TRACON& Tower with Radar,7,16,3,0,26,0,1,16,0,17,7,17,19,0,43,24,0,24,67
04/13/2014,ELM,NY,AEA,EN,Combined TRACON& Tower with Radar,11,11,8,0,30,0,0,9,0,9,11,11,17,0,39,2,0,2,41
04/14/2014,ELM,NY,AEA,EN,Combined TRACON& Tower with Radar,10,18,16,0,44,0,2,0,0,2,10,20,16,0,46,10,0,10,56
04/15/2014,ELM,NY,AEA,EN,Combined TRACON& Tower with Radar,9,26,10,0,45,0,0,0,0,0,9,26,10,0,45,0,0,0,45
04/16/2014,ELM,NY,AEA,EN,Combined TRACON& Tower with Radar,6,24,22,0,52,0,1,10,0,11,6,25,32,0,63,26,0,26,89
04/17/2014,ELM,NY,AEA,EN,Combined TRACON& Tower with Radar,10,22,19,4,55,0,2,11,1,14,10,24,30,5,69,11,6,17,86
04/18/2014,ELM,NY,AEA,EN,Combined TRACON& Tower with Radar,8,18,17,0,43,0,1,21,0,22,8,19,38,0,65,5,0,5,70
04/19/2014,ELM,NY,AEA,EN,Combined TRACON& Tower with Radar,7,17,8,0,32,0,2,8,0,10,7,19,16,0,42,3,0,3,45
04/20/2014,ELM,NY,AEA,EN,Combined TRACON& Tower with Radar,6,14,2,0,22,0,0,9,0,9,6,14,11,0,31,12,0,12,43
04/21/2014,ELM,NY,AEA,EN,Combined TRACON& Tower with Radar,11,15,17,0,43,0,2,23,0,25,11,17,40,0,68,24,0,24,92
04/22/2014,ELM,NY,AEA,EN,Combined TRACON& Tower with Radar,10,19,20,0,49,0,0,2,0,2,10,19,22,0,51,0,0,0,51
04/23/2014,ELM,NY,AEA,EN,Combined TRACON& Tower with Radar,8,28,22,0,58,0,1,1,0,2,8,29,23,0,60,4,0,4,64
04/24/2014,ELM,NY,AEA,EN,Combined TRACON& Tower with Radar,10,20,20,0,50,0,1,11,0,12,10,21,31,0,62,6,0,6,68
04/25/2014,ELM,NY,AEA,EN,Combined TRACON& Tower with Radar,10,19,17,0,46,0,0,11,0,11,10,19,28,0,57,21,0,21,78
04/26/2014,ELM,NY,AEA,EN,Combined TRACON& Tower with Radar,7,15,2,0,24,0,1,3,0,4,7,16,5,0,28,10,0,10,38
04/27/2014,ELM,NY,AEA,EN,Combined TRACON& Tower with Radar,11,12,5,0,28,0,0,0,0,0,11,12,5,0,28,8,0,8,36
04/28/2014,ELM,NY,AEA,EN,Combined TRACON& Tower with Radar,8,16,19,0,43,0,1,4,0,5,8,17,23,0,48,40,0,40,88
04/29/2014,ELM,NY,AEA,EN,Combined TRACON& Tower with Radar,10,19,25,0,54,0,0,0,0,0,10,19,25,0,54,0,0,0,54
04/30/2014,ELM,NY,AEA,EN,Combined TRACON& Tower with Radar,8,21,19,0,48,0,0,0,0,0,8,21,19,0,48,0,0,0,48
05/01/2014,ELM,NY,AEA,EN,Combined TRACON& Tower with Radar,10,25,22,0,57,0,0,5,0,5,10,25,27,0,62,0,0,0,62
05/02/2014,ELM,NY,AEA,EN,Combined TRACON& Tower with Radar,10,23,14,0,47,0,0,3,0,3,10,23,17,0,50,8,0,8,58
05/03/2014,ELM,NY,AEA,EN,Combined TRACON& Tower with Radar,6,17,3,0,26,0,1,5,0,6,6,18,8,0,32,1,0,1,33
05/04/2014,ELM,NY,AEA,EN,Combined TRACON& Tower with Radar,7,15,5,0,27,0,0,5,0,5,7,15,10,0,32,2,0,2,34
05/05/2014,ELM,NY,AEA,EN,Combined TRACON& Tower with Radar,11,19,23,0,53,0,0,15,0,15,11,19,38,0,68,10,0,10,78
05/06/2014,ELM,NY,AEA,EN,Combined TRACON& Tower with Radar,10,21,19,0,50,0,4,24,0,28,10,25,43,0,78,17,0,17,95
05/07/2014,ELM,NY,AEA,EN,Combined TRACON& Tower with Radar,8,24,31,0,63,0,1,2,0,3,8,25,33,0,66,10,0,10,76
05/08/2014,ELM,NY,AEA,EN,Combined TRACON& Tower with Radar,10,19,20,0,49,0,1,4,0,5,10,20,24,0,54,18,0,18,72
05/09/2014,ELM,NY,AEA,EN,Combined TRACON& Tower with Radar,10,14,19,0,43,0,1,8,0,9,10,15,27,0,52,14,0,14,66
05/10/2014,ELM,NY,AEA,EN,Combined TRACON& Tower with Radar,7,17,7,0,31,0,0,4,0,4,7,17,11,0,35,2,0,2,37
05/11/2014,ELM,NY,AEA,EN,Combined TRACON& Tower with Radar,11,11,12,0,34,0,2,18,0,20,11,13,30,0,54,14,0,14,68
05/12/2014,ELM,NY,AEA,EN,Combined TRACON& Tower with Radar,10,13,19,0,42,0,1,10,0,11,10,14,29,0,53,34,0,34,87
05/13/2014,ELM,NY,AEA,EN,Combined TRACON& Tower with Radar,10,16,16,0,42,0,3,19,0,22,10,19,35,0,64,22,0,22,86
05/14/2014,ELM,NY,AEA,EN,Combined TRACON& Tower with Radar,8,25,25,0,58,0,0,5,0,5,8,25,30,0,63,12,0,12,75
05/15/2014,ELM,NY,AEA,EN,Combined TRACON& Tower with Radar,10,20,25,3,58,0,0,2,7,9,10,20,27,10,67,14,12,26,93
05/16/2014,ELM,NY,AEA,EN,Combined TRACON& Tower with Radar,10,19,17,0,46,0,0,0,0,0,10,19,17,0,46,0,0,0,46
05/17/2014,ELM,NY,AEA,EN,Combined TRACON& Tower with Radar,7,15,12,0,34,0,0,22,0,22,7,15,34,0,56,2,0,2,58
05/18/2014,ELM,NY,AEA,EN,Combined TRACON& Tower with Radar,10,11,12,0,33,0,0,14,0,14,10,11,26,0,47,0,0,0,47
05/19/2014,ELM,NY,AEA,EN,Combined TRACON& Tower with Radar,9,22,19,0,50,0,0,5,0,5,9,22,24,0,55,6,0,6,61
05/20/2014,ELM,NY,AEA,EN,Combined TRACON& Tower with Radar,8,19,22,7,56,0,0,10,4,14,8,19,32,11,70,18,0,18,88
05/21/2014,ELM,NY,AEA,EN,Combined TRACON& Tower with Radar,8,24,22,2,56,0,0,0,0,0,8,24,22,2,56,12,0,12,68
05/22/2014,ELM,NY,AEA,EN,Combined TRACON& Tower with Radar,10,17,26,0,53,0,0,3,0,3,10,17,29,0,56,28,0,28,84
05/23/2014,ELM,NY,AEA,EN,Combined TRACON& Tower with Radar,10,20,27,0,57,0,0,5,0,5,10,20,32,0,62,6,0,6,68
05/24/2014,ELM,NY,AEA,EN,Combined TRACON& Tower with Radar,7,16,3,0,26,0,0,11,0,11,7,16,14,0,37,4,0,4,41
05/25/2014,ELM,NY,AEA,EN,Combined TRACON& Tower with Radar,9,9,1,0,19,0,0,26,0,26,9,9,27,0,45,12,0,12,57
05/26/2014,ELM,NY,AEA,EN,Combined TRACON& Tower with Radar,10,13,7,0,30,0,0,19,0,19,10,13,26,0,49,4,0,4,53
05/27/2014,ELM,NY,AEA,EN,Combined TRACON& Tower with Radar,8,18,24,0,50,0,1,6,0,7,8,19,30,0,57,5,0,5,62
05/28/2014,ELM,NY,AEA,EN,Combined TRACON& Tower with Radar,8,22,26,2,58,0,0,7,0,7,8,22,33,2,65,11,0,11,76
05/29/2014,ELM,NY,AEA,EN,Combined TRACON& Tower with Radar,10,21,43,0,74,0,0,0,0,0,10,21,43,0,74,8,0,8,82
05/30/2014,ELM,NY,AEA,EN,Combined TRACON& Tower with Radar,10,25,24,0,59,0,0,11,0,11,10,25,35,0,70,12,0,12,82
05/31/2014,ELM,NY,AEA,EN,Combined TRACON& Tower with Radar,8,18,11,0,37,0,0,17,0,17,8,18,28,0,54,19,0,19,73
06/01/2014,ELM,NY,AEA,EN,Combined TRACON& Tower with Radar,11,16,11,0,38,0,0,41,0,41,11,16,52,0,79,42,0,42,121
06/02/2014,ELM,NY,AEA,EN,Combined TRACON& Tower with Radar,9,15,18,0,42,0,0,9,0,9,9,15,27,0,51,8,0,8,59
06/03/2014,ELM,NY,AEA,EN,Combined TRACON& Tower with Radar,8,19,17,0,44,0,0,1,0,1,8,19,18,0,45,12,0,12,57
06/04/2014,ELM,NY,AEA,EN,Combined TRACON& Tower with Radar,8,26,17,0,51,0,0,14,0,14,8,26,31,0,65,19,0,19,84
06/05/2014,ELM,NY,AEA,EN,Combined TRACON& Tower with Radar,9,19,15,0,43,0,0,1,0,1,9,19,16,0,44,0,0,0,44
06/06/2014,ELM,NY,AEA,EN,Combined TRACON& Tower with Radar,10,18,22,0,50,0,0,2,0,2,10,18,24,0,52,42,0,42,94
06/07/2014,ELM,NY,AEA,EN,Combined TRACON& Tower with Radar,7,15,2,0,24,0,0,14,1,15,7,15,16,1,39,39,0,39,78
06/08/2014,ELM,NY,AEA,EN,Combined TRACON& Tower with Radar,11,12,17,0,40,0,0,27,0,27,11,12,44,0,67,37,0,37,104
06/09/2014,ELM,NY,AEA,EN,Combined TRACON& Tower with Radar,10,15,8,0,33,0,0,0,0,0,10,15,8,0,33,0,0,0,33
06/10/2014,ELM,NY,AEA,EN,Combined TRACON& Tower with Radar,8,21,16,0,45,0,0,13,0,13,8,21,29,0,58,16,0,16,74
06/11/2014,ELM,NY,AEA,EN,Combined TRACON& Tower with Radar,8,16,18,0,42,0,0,4,0,4,8,16,22,0,46,2,0,2,48
06/12/2014,ELM,NY,AEA,EN,Combined TRACON& Tower with Radar,8,17,8,0,33,0,0,0,0,0,8,17,8,0,33,0,0,0,33
06/13/2014,ELM,NY,AEA,EN,Combined TRACON& Tower with Radar,11,20,23,0,54,0,0,6,0,6,11,20,29,0,60,8,0,8,68
06/14/2014,ELM,NY,AEA,EN,Combined TRACON& Tower with Radar,7,16,15,0,38,0,1,17,0,18,7,17,32,0,56,2,0,2,58
06/15/2014,ELM,NY,AEA,EN,Combined TRACON& Tower with Radar,11,12,16,0,39,0,0,18,0,18,11,12,34,0,57,6,0,6,63
06/16/2014,ELM,NY,AEA,EN,Combined TRACON& Tower with Radar,10,17,18,0,45,0,0,16,0,16,10,17,34,0,61,20,0,20,81
06/17/2014,ELM,NY,AEA,EN,Combined TRACON& Tower with Radar,8,19,14,0,41,0,0,5,0,5,8,19,19,0,46,22,0,22,68
06/18/2014,ELM,NY,AEA,EN,Combined TRACON& Tower with Radar,7,20,17,0,44,0,2,2,0,4,7,22,19,0,48,7,0,7,55
06/19/2014,ELM,NY,AEA,EN,Combined TRACON& Tower with Radar,10,19,18,2,49,0,0,4,0,4,10,19,22,2,53,20,0,20,73
06/20/2014,ELM,NY,AEA,EN,Combined TRACON& Tower with Radar,10,19,18,0,47,0,2,17,0,19,10,21,35,0,66,44,0,44,110
06/21/2014,ELM,NY,AEA,EN,Combined TRACON& Tower with Radar,7,16,10,0,33,0,0,15,0,15,7,16,25,0,48,14,0,14,62
06/22/2014,ELM,NY,AEA,EN,Combined TRACON& Tower with Radar,11,10,3,0,24,0,0,16,0,16,11,10,19,0,40,31,0,31,71
06/23/2014,ELM,NY,AEA,EN,Combined TRACON& Tower with Radar,10,20,23,0,53,0,0,7,0,7,10,20,30,0,60,0,0,0,60
06/24/2014,ELM,NY,AEA,EN,Combined TRACON& Tower with Radar,8,23,17,0,48,0,0,6,0,6,8,23,23,0,54,1,0,1,55
06/25/2014,ELM,NY,AEA,EN,Combined TRACON& Tower with Radar,8,23,33,0,64,0,0,0,0,0,8,23,33,0,64,0,0,0,64
06/26/2014,ELM,NY,AEA,EN,Combined TRACON& Tower with Radar,11,28,36,0,75,0,2,7,0,9,11,30,43,0,84,14,3,17,101
06/27/2014,ELM,NY,AEA,EN,Combined TRACON& Tower with Radar,10,22,28,0,60,0,0,11,0,11,10,22,39,0,71,64,0,64,135
06/28/2014,ELM,NY,AEA,EN,Combined TRACON& Tower with Radar,7,20,14,0,41,0,2,19,0,21,7,22,33,0,62,48,0,48,110
06/29/2014,ELM,NY,AEA,EN,Combined TRACON& Tower with Radar,10,11,28,0,49,0,0,14,2,16,10,11,42,2,65,1,0,1,66
06/30/2014,ELM,NY,AEA,EN,Combined TRACON& Tower with Radar,10,17,17,0,44,0,0,20,0,20,10,17,37,0,64,20,0,20,84
07/01/2014,ELM,NY,AEA,EN,Combined TRACON& Tower with Radar,7,20,14,0,41,0,0,9,0,9,7,20,23,0,50,2,0,2,52
07/02/2014,ELM,NY,AEA,EN,Combined TRACON& Tower with Radar,7,26,20,15,68,0,0,24,2,26,7,26,44,17,94,38,20,58,152
07/03/2014,ELM,NY,AEA,EN,Combined TRACON& Tower with Radar,10,18,13,0,41,0,0,0,0,0,10,18,13,0,41,11,0,11,52
07/04/2014,ELM,NY,AEA,EN,Combined TRACON& Tower with Radar,9,10,4,0,23,0,0,12,0,12,9,10,16,0,35,12,0,12,47
07/05/2014,ELM,NY,AEA,EN,Combined TRACON& Tower with Radar,7,14,5,0,26,0,2,19,0,21,7,16,24,0,47,25,0,25,72
07/06/2014,ELM,NY,AEA,EN,Combined TRACON& Tower with Radar,10,14,10,0,34,0,0,25,0,25,10,14,35,0,59,48,0,48,107
07/07/2014,ELM,NY,AEA,EN,Combined TRACON& Tower with Radar,10,21,14,0,45,0,0,5,0,5,10,21,19,0,50,15,0,15,65
07/08/2014,ELM,NY,AEA,EN,Combined TRACON& Tower with Radar,8,20,10,0,38,0,1,15,0,16,8,21,25,0,54,20,0,20,74
07/09/2014,ELM,NY,AEA,EN,Combined TRACON& Tower with Radar,8,19,10,0,37,0,0,2,0,2,8,19,12,0,39,6,0,6,45
07/10/2014,ELM,NY,AEA,EN,Combined TRACON& Tower with Radar,10,23,21,0,54,0,1,8,0,9,10,24,29,0,63,28,0,28,91
07/11/2014,ELM,NY,AEA,EN,Combined TRACON& Tower with Radar,10,18,21,0,49,0,0,9,0,9,10,18,30,0,58,39,0,39,97
07/12/2014,ELM,NY,AEA,EN,Combined TRACON& Tower with Radar,4,16,6,0,26,0,2,10,0,12,4,18,16,0,38,34,0,34,72
07/13/2014,ELM,NY,AEA,EN,Combined TRACON& Tower with Radar,10,11,11,0,32,0,0,7,0,7,10,11,18,0,39,0,0,0,39
07/14/2014,ELM,NY,AEA,EN,Combined TRACON& Tower with Radar,9,19,21,0,49,0,0,2,0,2,9,19,23,0,51,0,2,2,53
07/15/2014,ELM,NY,AEA,EN,Combined TRACON& Tower with Radar,8,22,12,0,42,0,0,0,0,0,8,22,12,0,42,0,0,0,42
07/16/2014,ELM,NY,AEA,EN,Combined TRACON& Tower with Radar,8,31,25,0,64,0,0,28,0,28,8,31,53,0,92,15,0,15,107
07/17/2014,ELM,NY,AEA,EN,Combined TRACON& Tower with Radar,10,19,18,0,47,0,1,10,0,11,10,20,28,0,58,12,0,12,70
07/18/2014,ELM,NY,AEA,EN,Combined TRACON& Tower with Radar,10,19,23,0,52,0,1,15,0,16,10,20,38,0,68,54,0,54,122
07/19/2014,ELM,NY,AEA,EN,Combined TRACON& Tower with Radar,4,20,2,0,26,0,0,16,0,16,4,20,18,0,42,24,0,24,66
07/20/2014,ELM,NY,AEA,EN,Combined TRACON& Tower with Radar,9,14,9,0,32,0,0,39,0,39,9,14,48,0,71,55,0,55,126
07/21/2014,ELM,NY,AEA,EN,Combined TRACON& Tower with Radar,9,21,19,0,49,0,0,3,0,3,9,21,22,0,52,27,0,27,79
07/22/2014,ELM,NY,AEA,EN,Combined TRACON& Tower with Radar,8,25,16,0,49,0,0,8,0,8,8,25,24,0,57,17,2,19,76
07/23/2014,ELM,NY,AEA,EN,Combined TRACON& Tower with Radar,8,18,22,0,48,0,0,6,0,6,8,18,28,0,54,12,0,12,66
07/24/2014,ELM,NY,AEA,EN,Combined TRACON& Tower with Radar,10,22,35,0,67,0,1,12,0,13,10,23,47,0,80,3,0,3,83
07/25/2014,ELM,NY,AEA,EN,Combined TRACON& Tower with Radar,10,20,26,0,56,0,0,25,0,25,10,20,51,0,81,28,0,28,109
07/26/2014,ELM,NY,AEA,EN,Combined TRACON& Tower with Radar,4,19,2,0,25,0,0,9,0,9,4,19,11,0,34,17,0,17,51
07/27/2014,ELM,NY,AEA,EN,Combined TRACON& Tower with Radar,8,13,7,0,28,0,0,2,0,2,8,13,9,0,30,10,0,10,40
07/28/2014,ELM,NY,AEA,EN,Combined TRACON& Tower with Radar,10,21,16,0,47,0,0,1,0,1,10,21,17,0,48,0,0,0,48
07/29/2014,ELM,NY,AEA,EN,Combined TRACON& Tower with Radar,8,22,23,0,53,0,0,9,4,13,8,22,32,4,66,52,4,56,122
07/30/2014,ELM,NY,AEA,EN,Combined TRACON& Tower with Radar,8,22,17,0,47,0,0,5,0,5,8,22,22,0,52,2,0,2,54
07/31/2014,ELM,NY,AEA,EN,Combined TRACON& Tower with Radar,11,21,32,0,64,0,0,6,0,6,11,21,38,0,70,16,0,16,86
08/01/2014,ELM,NY,AEA,EN,Combined TRACON& Tower with Radar,13,16,23,0,52,0,0,10,0,10,13,16,33,0,62,26,0,26,88
08/02/2014,ELM,NY,AEA,EN,Combined TRACON& Tower with Radar,4,23,10,0,37,0,0,18,0,18,4,23,28,0,55,48,0,48,103
08/03/2014,ELM,NY,AEA,EN,Combined TRACON& Tower with Radar,8,14,6,0,28,0,0,8,0,8,8,14,14,0,36,4,0,4,40
08/04/2014,ELM,NY,AEA,EN,Combined TRACON& Tower with Radar,10,19,18,0,47,0,0,4,0,4,10,19,22,0,51,16,0,16,67
08/05/2014,ELM,NY,AEA,EN,Combined TRACON& Tower with Radar,8,23,15,0,46,0,0,7,0,7,8,23,22,0,53,0,0,0,53
08/06/2014,ELM,NY,AEA,EN,Combined TRACON& Tower with Radar,8,23,21,0,52,0,0,13,0,13,8,23,34,0,65,34,0,34,99
08/07/2014,ELM,NY,AEA,EN,Combined TRACON& Tower with Radar,14,30,44,3,91,0,0,15,2,17,14,30,59,5,108,6,1,7,115
08/08/2014,ELM,NY,AEA,EN,Combined TRACON& Tower with Radar,10,31,23,0,64,0,0,9,0,9,10,31,32,0,73,22,0,22,95
08/09/2014,ELM,NY,AEA,EN,Combined TRACON& Tower with Radar,6,20,28,0,54,0,0,12,0,12,6,20,40,0,66,17,0,17,83
08/10/2014,ELM,NY,AEA,EN,Combined TRACON& Tower with Radar,15,15,60,2,92,0,0,21,0,21,15,15,81,2,113,35,0,35,148
08/11/2014,ELM,NY,AEA,EN,Combined TRACON& Tower with Radar,10,21,16,1,48,0,1,2,0,3,10,22,18,1,51,7,0,7,58
08/12/2014,ELM,NY,AEA,EN,Combined TRACON& Tower with Radar,8,20,9,0,37,0,0,0,0,0,8,20,9,0,37,0,0,0,37
08/13/2014,ELM,NY,AEA,EN,Combined TRACON& Tower with Radar,8,26,18,0,52,0,0,4,3,7,8,26,22,3,59,0,10,10,69
08/14/2014,ELM,NY,AEA,EN,Combined TRACON& Tower with Radar,9,22,21,0,52,0,0,5,0,5,9,22,26,0,57,0,0,0,57
08/15/2014,ELM,NY,AEA,EN,Combined TRACON& Tower with Radar,8,20,22,0,50,0,0,1,0,1,8,20,23,0,51,23,0,23,74
08/16/2014,ELM,NY,AEA,EN,Combined TRACON& Tower with Radar,4,17,11,0,32,0,2,10,0,12,4,19,21,0,44,12,0,12,56
08/17/2014,ELM,NY,AEA,EN,Combined TRACON& Tower with Radar,10,13,23,0,46,0,0,6,0,6,10,13,29,0,52,8,0,8,60
08/18/2014,ELM,NY,AEA,EN,Combined TRACON& Tower with Radar,8,19,19,0,46,0,0,8,0,8,8,19,27,0,54,30,0,30,84
08/19/2014,ELM,NY,AEA,EN,Combined TRACON& Tower with Radar,8,25,21,0,54,0,0,11,0,11,8,25,32,0,65,38,0,38,103
08/20/2014,ELM,NY,AEA,EN,Combined TRACON& Tower with Radar,8,20,21,0,49,0,0,0,0,0,8,20,21,0,49,7,0,7,56
08/21/2014,ELM,NY,AEA,EN,Combined TRACON& Tower with Radar,10,25,12,0,47,0,0,3,0,3,10,25,15,0,50,0,0,0,50
08/22/2014,ELM,NY,AEA,EN,Combined TRACON& Tower with Radar,8,19,16,0,43,0,1,4,0,5,8,20,20,0,48,24,0,24,72
08/23/2014,ELM,NY,AEA,EN,Combined TRACON& Tower with Radar,6,17,9,0,32,0,0,1,0,1,6,17,10,0,33,14,0,14,47
08/24/2014,ELM,NY,AEA,EN,Combined TRACON& Tower with Radar,11,13,4,0,28,0,0,17,0,17,11,13,21,0,45,29,0,29,74
08/25/2014,ELM,NY,AEA,EN,Combined TRACON& Tower with Radar,8,16,13,0,37,0,0,7,0,7,8,16,20,0,44,8,0,8,52
08/26/2014,ELM,NY,AEA,EN,Combined TRACON& Tower with Radar,8,18,14,0,40,0,1,11,0,12,8,19,25,0,52,12,0,12,64
08/27/2014,ELM,NY,AEA,EN,Combined TRACON& Tower with Radar,8,22,20,0,50,0,0,4,0,4,8,22,24,0,54,6,0,6,60
08/28/2014,ELM,NY,AEA,EN,Combined TRACON& Tower with Radar,10,21,18,0,49,0,0,5,0,5,10,21,23,0,54,16,0,16,70
08/29/2014,ELM,NY,AEA,EN,Combined TRACON& Tower with Radar,9,22,22,0,53,0,0,19,0,19,9,22,41,0,72,32,0,32,104
08/30/2014,ELM,NY,AEA,EN,Combined TRACON& Tower with Radar,7,16,7,0,30,0,0,13,0,13,7,16,20,0,43,10,0,10,53
08/31/2014,ELM,NY,AEA,EN,Combined TRACON& Tower with Radar,8,11,6,0,25,0,0,2,0,2,8,11,8,0,27,0,0,0,27
09/01/2014,ELM,NY,AEA,EN,Combined TRACON& Tower with Radar,10,13,15,0,38,0,0,1,0,1,10,13,16,0,39,6,0,6,45
09/02/2014,ELM,NY,AEA,EN,Combined TRACON& Tower with Radar,8,22,15,2,47,0,0,1,0,1,8,22,16,2,48,0,0,0,48
09/03/2014,ELM,NY,AEA,EN,Combined TRACON& Tower with Radar,7,22,15,0,44,0,1,8,0,9,7,23,23,0,53,20,0,20,73
09/04/2014,ELM,NY,AEA,EN,Combined TRACON& Tower with Radar,10,24,15,0,49,0,0,9,0,9,10,24,24,0,58,44,0,44,102
09/05/2014,ELM,NY,AEA,EN,Combined TRACON& Tower with Radar,10,19,18,0,47,0,0,4,0,4,10,19,22,0,51,1,0,1,52
09/06/2014,ELM,NY,AEA,EN,Combined TRACON& Tower with Radar,8,15,5,0,28,0,0,1,0,1,8,15,6,0,29,0,0,0,29
09/07/2014,ELM,NY,AEA,EN,Combined TRACON& Tower with Radar,11,19,11,0,41,0,0,27,0,27,11,19,38,0,68,56,0,56,124
09/08/2014,ELM,NY,AEA,EN,Combined TRACON& Tower with Radar,9,21,19,0,49,0,3,10,0,13,9,24,29,0,62,13,0,13,75
09/09/2014,ELM,NY,AEA,EN,Combined TRACON& Tower with Radar,9,23,19,0,51,0,0,5,0,5,9,23,24,0,56,22,0,22,78
09/10/2014,ELM,NY,AEA,EN,Combined TRACON& Tower with Radar,8,19,25,0,52,0,0,3,0,3,8,19,28,0,55,20,0,20,75
09/11/2014,ELM,NY,AEA,EN,Combined TRACON& Tower with Radar,10,22,24,0,56,0,0,0,0,0,10,22,24,0,56,12,0,12,68
09/12/2014,ELM,NY,AEA,EN,Combined TRACON& Tower with Radar,8,19,18,0,45,0,0,3,0,3,8,19,21,0,48,8,0,8,56
09/13/2014,ELM,NY,AEA,EN,Combined TRACON& Tower with Radar,9,16,8,0,33,0,0,0,0,0,9,16,8,0,33,1,0,1,34
09/14/2014,ELM,NY,AEA,EN,Combined TRACON& Tower with Radar,11,12,10,0,33,0,2,8,0,10,11,14,18,0,43,0,0,0,43
09/15/2014,ELM,NY,AEA,EN,Combined TRACON& Tower with Radar,8,16,13,0,37,0,1,10,0,11,8,17,23,0,48,32,0,32,80
09/16/2014,ELM,NY,AEA,EN,Combined TRACON& Tower with Radar,8,20,16,0,44,0,0,7,0,7,8,20,23,0,51,4,0,4,55
09/17/2014,ELM,NY,AEA,EN,Combined TRACON& Tower with Radar,8,22,23,0,53,0,0,14,0,14,8,22,37,0,67,19,0,19,86
09/18/2014,ELM,NY,AEA,EN,Combined TRACON& Tower with Radar,10,36,28,1,75,0,0,4,0,4,10,36,32,1,79,36,0,36,115
09/19/2014,ELM,NY,AEA,EN,Combined TRACON& Tower with Radar,8,19,20,0,47,0,0,8,0,8,8,19,28,0,55,0,0,0,55
09/20/2014,ELM,NY,AEA,EN,Combined TRACON& Tower with Radar,7,19,7,0,33,0,0,4,0,4,7,19,11,0,37,4,0,4,41
09/21/2014,ELM,NY,AEA,EN,Combined TRACON& Tower with Radar,11,16,14,0,41,0,0,4,0,4,11,16,18,0,45,10,0,10,55
09/22/2014,ELM,NY,AEA,EN,Combined TRACON& Tower with Radar,8,16,21,0,45,0,3,1,0,4,8,19,22,0,49,3,0,3,52
09/23/2014,ELM,NY,AEA,EN,Combined TRACON& Tower with Radar,8,19,14,0,41,0,0,12,0,12,8,19,26,0,53,13,0,13,66
09/24/2014,ELM,NY,AEA,EN,Combined TRACON& Tower with Radar,8,22,18,0,48,0,0,10,0,10,8,22,28,0,58,23,0,23,81
09/25/2014,ELM,NY,AEA,EN,Combined TRACON& Tower with Radar,10,18,20,0,48,0,0,12,0,12,10,18,32,0,60,0,0,0,60
09/26/2014,ELM,NY,AEA,EN,Combined TRACON& Tower with Radar,8,16,24,0,48,0,0,15,0,15,8,16,39,0,63,53,0,53,116
09/27/2014,ELM,NY,AEA,EN,Combined TRACON& Tower with Radar,7,13,5,0,25,0,0,13,0,13,7,13,18,0,38,5,0,5,43
09/28/2014,ELM,NY,AEA,EN,Combined TRACON& Tower with Radar,11,8,13,0,32,0,1,17,0,18,11,9,30,0,50,26,0,26,76
09/29/2014,ELM,NY,AEA,EN,Combined TRACON& Tower with Radar,8,17,15,0,40,0,1,8,0,9,8,18,23,0,49,8,0,8,57
09/30/2014,ELM,NY,AEA,EN,Combined TRACON& Tower with Radar,8,19,20,0,47,0,0,3,0,3,8,19,23,0,50,14,0,14,64
10/01/2014,ELM,NY,AEA,EN,Combined TRACON& Tower with Radar,8,20,23,0,51,0,0,0,0,0,8,20,23,0,51,12,0,12,63
10/02/2014,ELM,NY,AEA,EN,Combined TRACON& Tower with Radar,9,22,13,0,44,0,0,4,0,4,9,22,17,0,48,24,0,24,72
10/03/2014,ELM,NY,AEA,EN,Combined TRACON& Tower with Radar,8,20,25,0,53,0,0,0,0,0,8,20,25,0,53,3,0,3,56
10/04/2014,ELM,NY,AEA,EN,Combined TRACON& Tower with Radar,7,20,5,0,32,0,0,5,0,5,7,20,10,0,37,12,0,12,49
10/05/2014,ELM,NY,AEA,EN,Combined TRACON& Tower with Radar,11,12,11,0,34,0,1,12,0,13,11,13,23,0,47,10,0,10,57
10/06/2014,ELM,NY,AEA,EN,Combined TRACON& Tower with Radar,8,17,21,0,46,0,0,10,2,12,8,17,31,2,58,0,0,0,58
10/07/2014,ELM,NY,AEA,EN,Combined TRACON& Tower with Radar,8,22,14,0,44,0,0,6,0,6,8,22,20,0,50,8,0,8,58
10/08/2014,ELM,NY,AEA,EN,Combined TRACON& Tower with Radar,8,15,22,4,49,0,0,2,0,2,8,15,24,4,51,2,10,12,63
10/09/2014,ELM,NY,AEA,EN,Combined TRACON& Tower with Radar,10,21,22,0,53,0,3,13,0,16,10,24,35,0,69,0,0,0,69
10/10/2014,ELM,NY,AEA,EN,Combined TRACON& Tower with Radar,8,21,20,0,49,0,0,10,0,10,8,21,30,0,59,10,0,10,69
10/11/2014,ELM,NY,AEA,EN,Combined TRACON& Tower with Radar,5,18,3,0,26,0,0,9,0,9,5,18,12,0,35,11,0,11,46
10/12/2014,ELM,NY,AEA,EN,Combined TRACON& Tower with Radar,11,10,3,0,24,0,0,10,0,10,11,10,13,0,34,17,0,17,51
10/13/2014,ELM,NY,AEA,EN,Combined TRACON& Tower with Radar,8,19,18,0,45,0,0,0,0,0,8,19,18,0,45,0,0,0,45
10/14/2014,ELM,NY,AEA,EN,Combined TRACON& Tower with Radar,8,22,12,0,42,0,1,2,0,3,8,23,14,0,45,0,0,0,45
10/15/2014,ELM,NY,AEA,EN,Combined TRACON& Tower with Radar,7,18,18,0,43,0,0,0,0,0,7,18,18,0,43,0,0,0,43
10/16/2014,ELM,NY,AEA,EN,Combined TRACON& Tower with Radar,10,20,22,0,52,0,0,4,0,4,10,20,26,0,56,3,0,3,59
10/17/2014,ELM,NY,AEA,EN,Combined TRACON& Tower with Radar,8,19,24,0,51,0,1,9,0,10,8,20,33,0,61,0,0,0,61
10/18/2014,ELM,NY,AEA,EN,Combined TRACON& Tower with Radar,7,19,10,0,36,0,0,2,0,2,7,19,12,0,38,0,0,0,38
10/19/2014,ELM,NY,AEA,EN,Combined TRACON& Tower with Radar,11,12,11,0,34,0,0,6,0,6,11,12,17,0,40,4,0,4,44
10/20/2014,ELM,NY,AEA,EN,Combined TRACON& Tower with Radar,6,21,21,0,48,0,0,10,0,10,6,21,31,0,58,10,0,10,68
10/21/2014,ELM,NY,AEA,EN,Combined TRACON& Tower with Radar,8,19,10,0,37,0,0,0,0,0,8,19,10,0,37,0,0,0,37
10/22/2014,ELM,NY,AEA,EN,Combined TRACON& Tower with Radar,8,19,28,0,55,0,0,0,0,0,8,19,28,0,55,0,0,0,55
10/23/2014,ELM,NY,AEA,EN,Combined TRACON& Tower with Radar,10,20,21,0,51,0,0,0,0,0,10,20,21,0,51,0,0,0,51
10/24/2014,ELM,NY,AEA,EN,Combined TRACON& Tower with Radar,8,20,27,0,55,0,0,7,0,7,8,20,34,0,62,2,0,2,64
10/25/2014,ELM,NY,AEA,EN,Combined TRACON& Tower with Radar,7,19,9,0,35,0,1,18,0,19,7,20,27,0,54,77,0,77,131
10/26/2014,ELM,NY,AEA,EN,Combined TRACON& Tower with Radar,11,14,5,0,30,0,0,0,0,0,11,14,5,0,30,1,0,1,31
10/27/2014,ELM,NY,AEA,EN,Combined TRACON& Tower with Radar,7,19,20,0,46,0,0,16,0,16,7,19,36,0,62,18,0,18,80
10/28/2014,ELM,NY,AEA,EN,Combined TRACON& Tower with Radar,7,18,22,0,47,0,0,3,0,3,7,18,25,0,50,6,0,6,56
10/29/2014,ELM,NY,AEA,EN,Combined TRACON& Tower with Radar,6,22,18,0,46,0,0,5,0,5,6,22,23,0,51,12,0,12,63
10/30/2014,ELM,NY,AEA,EN,Combined TRACON& Tower with Radar,8,23,26,0,57,0,0,19,0,19,8,23,45,0,76,14,0,14,90
10/31/2014,ELM,NY,AEA,EN,Combined TRACON& Tower with Radar,8,20,12,1,41,0,0,9,0,9,8,20,21,1,50,18,0,18,68
11/01/2014,ELM,NY,AEA,EN,Combined TRACON& Tower with Radar,4,21,6,0,31,0,0,0,0,0,4,21,6,0,31,0,0,0,31
11/02/2014,ELM,NY,AEA,EN,Combined TRACON& Tower with Radar,11,10,2,0,23,0,0,3,0,3,11,10,5,0,26,0,0,0,26
11/03/2014,ELM,NY,AEA,EN,Combined TRACON& Tower with Radar,10,20,15,4,49,0,0,3,0,3,10,20,18,4,52,11,0,11,63
11/04/2014,ELM,NY,AEA,EN,Combined TRACON& Tower with Radar,7,22,14,0,43,0,0,9,0,9,7,22,23,0,52,19,0,19,71
11/05/2014,ELM,NY,AEA,EN,Combined TRACON& Tower with Radar,9,20,20,0,49,0,0,2,0,2,9,20,22,0,51,14,0,14,65
11/06/2014,ELM,NY,AEA,EN,Combined TRACON& Tower with Radar,10,19,18,0,47,0,0,0,0,0,10,19,18,0,47,0,0,0,47
11/07/2014,ELM,NY,AEA,EN,Combined TRACON& Tower with Radar,10,24,12,0,46,0,1,0,0,1,10,25,12,0,47,0,0,0,47
11/08/2014,ELM,NY,AEA,EN,Combined TRACON& Tower with Radar,5,15,3,0,23,0,2,11,0,13,5,17,14,0,36,0,0,0,36
11/09/2014,ELM,NY,AEA,EN,Combined TRACON& Tower with Radar,11,11,4,0,26,0,0,9,0,9,11,11,13,0,35,1,0,1,36
11/10/2014,ELM,NY,AEA,EN,Combined TRACON& Tower with Radar,10,19,14,0,43,0,1,10,0,11,10,20,24,0,54,15,0,15,69
11/11/2014,ELM,NY,AEA,EN,Combined TRACON& Tower with Radar,8,32,6,0,46,0,0,20,0,20,8,32,26,0,66,22,0,22,88
11/12/2014,ELM,NY,AEA,EN,Combined TRACON& Tower with Radar,8,23,15,0,46,0,1,0,0,1,8,24,15,0,47,11,0,11,58
11/13/2014,ELM,NY,AEA,EN,Combined TRACON& Tower with Radar,9,25,11,0,45,0,0,0,0,0,9,25,11,0,45,0,0,0,45
11/14/2014,ELM,NY,AEA,EN,Combined TRACON& Tower with Radar,10,26,17,3,56,0,0,2,0,2,10,26,19,3,58,0,8,8,66
11/15/2014,ELM,NY,AEA,EN,Combined TRACON& Tower with Radar,5,16,15,0,36,0,0,4,0,4,5,16,19,0,40,38,0,38,78
11/16/2014,ELM,NY,AEA,EN,Combined TRACON& Tower with Radar,11,11,6,0,28,0,0,5,0,5,11,11,11,0,33,9,0,9,42
11/17/2014,ELM,NY,AEA,EN,Combined TRACON& Tower with Radar,10,18,18,0,46,0,0,0,0,0,10,18,18,0,46,0,0,0,46
11/18/2014,ELM,NY,AEA,EN,Combined TRACON& Tower with Radar,8,22,13,0,43,0,0,0,0,0,8,22,13,0,43,0,0,0,43
11/19/2014,ELM,NY,AEA,EN,Combined TRACON& Tower with Radar,8,24,27,0,59,0,1,1,0,2,8,25,28,0,61,4,0,4,65
11/20/2014,ELM,NY,AEA,EN,Combined TRACON& Tower with Radar,10,22,23,0,55,0,0,6,0,6,10,22,29,0,61,0,0,0,61
11/21/2014,ELM,NY,AEA,EN,Combined TRACON& Tower with Radar,10,20,26,0,56,0,0,3,0,3,10,20,29,0,59,4,0,4,63
11/22/2014,ELM,NY,AEA,EN,Combined TRACON& Tower with Radar,5,21,8,0,34,0,0,14,0,14,5,21,22,0,48,11,0,11,59
11/23/2014,ELM,NY,AEA,EN,Combined TRACON& Tower with Radar,8,11,9,0,28,0,0,5,0,5,8,11,14,0,33,3,0,3,36
11/24/2014,ELM,NY,AEA,EN,Combined TRACON& Tower with Radar,9,15,11,0,35,0,0,1,0,1,9,15,12,0,36,0,0,0,36
11/25/2014,ELM,NY,AEA,EN,Combined TRACON& Tower with Radar,11,23,17,0,51,0,0,15,0,15,11,23,32,0,66,10,0,10,76
11/26/2014,ELM,NY,AEA,EN,Combined TRACON& Tower with Radar,11,18,7,0,36,0,0,0,0,0,11,18,7,0,36,0,0,0,36
11/27/2014,ELM,NY,AEA,EN,Combined TRACON& Tower with Radar,4,6,0,0,10,0,0,1,0,1,4,6,1,0,11,0,0,0,11
11/28/2014,ELM,NY,AEA,EN,Combined TRACON& Tower with Radar,5,14,6,0,25,0,0,6,0,6,5,14,12,0,31,28,0,28,59
11/29/2014,ELM,NY,AEA,EN,Combined TRACON& Tower with Radar,13,20,10,0,43,0,0,7,0,7,13,20,17,0,50,15,0,15,65
11/30/2014,ELM,NY,AEA,EN,Combined TRACON& Tower with Radar,10,13,13,0,36,0,0,1,0,1,10,13,14,0,37,0,0,0,37
12/01/2014,ELM,NY,AEA,EN,Combined TRACON& Tower with Radar,8,22,21,0,51,0,0,1,0,1,8,22,22,0,52,0,0,0,52
12/02/2014,ELM,NY,AEA,EN,Combined TRACON& Tower with Radar,7,20,16,0,43,0,0,8,0,8,7,20,24,0,51,0,0,0,51
12/03/2014,ELM,NY,AEA,EN,Combined TRACON& Tower with Radar,7,24,13,0,44,0,0,2,0,2,7,24,15,0,46,0,0,0,46
12/04/2014,ELM,NY,AEA,EN,Combined TRACON& Tower with Radar,8,23,17,0,48,0,0,9,0,9,8,23,26,0,57,2,0,2,59
12/05/2014,ELM,NY,AEA,EN,Combined TRACON& Tower with Radar,10,18,26,1,55,0,0,0,0,0,10,18,26,1,55,0,0,0,55
12/06/2014,ELM,NY,AEA,EN,Combined TRACON& Tower with Radar,8,14,7,0,29,0,0,0,0,0,8,14,7,0,29,0,0,0,29
12/07/2014,ELM,NY,AEA,EN,Combined TRACON& Tower with Radar,9,10,4,0,23,0,0,4,0,4,9,10,8,0,27,0,0,0,27
12/08/2014,ELM,NY,AEA,EN,Combined TRACON& Tower with Radar,10,19,17,0,46,0,0,1,0,1,10,19,18,0,47,6,0,6,53
12/09/2014,ELM,NY,AEA,EN,Combined TRACON& Tower with Radar,6,22,24,0,52,0,0,1,0,1,6,22,25,0,53,0,0,0,53
12/10/2014,ELM,NY,AEA,EN,Combined TRACON& Tower with Radar,8,27,11,0,46,0,0,0,0,0,8,27,11,0,46,0,0,0,46
12/11/2014,ELM,NY,AEA,EN,Combined TRACON& Tower with Radar,8,27,33,0,68,0,0,0,0,0,8,27,33,0,68,0,0,0,68
12/12/2014,ELM,NY,AEA,EN,Combined TRACON& Tower with Radar,10,19,13,0,42,0,0,0,0,0,10,19,13,0,42,0,0,0,42
12/13/2014,ELM,NY,AEA,EN,Combined TRACON& Tower with Radar,8,12,3,0,23,0,0,0,0,0,8,12,3,0,23,0,0,0,23
12/14/2014,ELM,NY,AEA,EN,Combined TRACON& Tower with Radar,8,10,6,0,24,0,0,0,0,0,8,10,6,0,24,0,0,0,24
12/15/2014,ELM,NY,AEA,EN,Combined TRACON& Tower with Radar,10,17,15,0,42,0,0,0,0,0,10,17,15,0,42,10,0,10,52
12/16/2014,ELM,NY,AEA,EN,Combined TRACON& Tower with Radar,8,26,16,0,50,0,0,1,1,2,8,26,17,1,52,8,0,8,60
12/17/2014,ELM,NY,AEA,EN,Combined TRACON& Tower with Radar,10,26,18,0,54,0,0,0,0,0,10,26,18,0,54,8,0,8,62
12/18/2014,ELM,NY,AEA,EN,Combined TRACON& Tower with Radar,10,24,16,0,50,0,0,1,0,1,10,24,17,0,51,0,0,0,51
12/19/2014,ELM,NY,AEA,EN,Combined TRACON& Tower with Radar,6,29,21,0,56,0,0,0,0,0,6,29,21,0,56,0,0,0,56
12/20/2014,ELM,NY,AEA,EN,Combined TRACON& Tower with Radar,4,19,14,0,37,0,0,9,0,9,4,19,23,0,46,4,0,4,50
12/21/2014,ELM,NY,AEA,EN,Combined TRACON& Tower with Radar,6,17,3,0,26,0,0,3,0,3,6,17,6,0,29,42,0,42,71
12/22/2014,ELM,NY,AEA,EN,Combined TRACON& Tower with Radar,6,25,1,0,32,0,0,17,0,17,6,25,18,0,49,8,0,8,57
12/23/2014,ELM,NY,AEA,EN,Combined TRACON& Tower with Radar,6,27,14,0,47,0,0,0,0,0,6,27,14,0,47,0,0,0,47
12/24/2014,ELM,NY,AEA,EN,Combined TRACON& Tower with Radar,6,23,6,0,35,0,0,0,0,0,6,23,6,0,35,0,0,0,35
12/25/2014,ELM,NY,AEA,EN,Combined TRACON& Tower with Radar,4,9,2,0,15,0,0,0,0,0,4,9,2,0,15,0,0,0,15
12/26/2014,ELM,NY,AEA,EN,Combined TRACON& Tower with Radar,6,22,13,0,41,0,1,14,0,15,6,23,27,0,56,18,0,18,74
12/27/2014,ELM,NY,AEA,EN,Combined TRACON& Tower with Radar,4,19,8,0,31,0,0,12,0,12,4,19,20,0,43,24,0,24,67
12/28/2014,ELM,NY,AEA,EN,Combined TRACON& Tower with Radar,8,17,4,0,29,0,0,0,0,0,8,17,4,0,29,6,0,6,35
12/29/2014,ELM,NY,AEA,EN,Combined TRACON& Tower with Radar,6,24,12,0,42,0,0,5,0,5,6,24,17,0,47,20,0,20,67
12/30/2014,ELM,NY,AEA,EN,Combined TRACON& Tower with Radar,6,24,3,0,33,0,0,0,0,0,6,24,3,0,33,10,0,10,43
12/31/2014,ELM,NY,AEA,EN,Combined TRACON& Tower with Radar,3,20,3,0,26,0,0,0,0,0,3,20,3,0,26,17,0,17,43
01/01/2015,ELM,NY,AEA,EN,Combined TRACON& Tower with Radar,3,15,2,0,20,0,0,3,0,3,3,15,5,0,23,17,0,17,40
01/02/2015,ELM,NY,AEA,EN,Combined TRACON& Tower with Radar,5,26,8,0,39,0,0,0,0,0,5,26,8,0,39,0,0,0,39
01/03/2015,ELM,NY,AEA,EN,Combined TRACON& Tower with Radar,4,20,7,0,31,0,0,0,0,0,4,20,7,0,31,0,0,0,31
01/04/2015,ELM,NY,AEA,EN,Combined TRACON& Tower with Radar,9,15,5,0,29,0,0,1,0,1,9,15,6,0,30,0,0,0,30
01/05/2015,ELM,NY,AEA,EN,Combined TRACON& Tower with Radar,11,19,18,0,48,0,0,1,0,1,11,19,19,0,49,0,0,0,49
01/06/2015,ELM,NY,AEA,EN,Combined TRACON& Tower with Radar,7,21,7,0,35,0,0,0,0,0,7,21,7,0,35,0,0,0,35
01/07/2015,ELM,NY,AEA,EN,Combined TRACON& Tower with Radar,7,19,14,0,40,0,0,1,0,1,7,19,15,0,41,0,0,0,41
01/08/2015,ELM,NY,AEA,EN,Combined TRACON& Tower with Radar,9,22,18,0,49,0,0,5,0,5,9,22,23,0,54,2,0,2,56
01/09/2015,ELM,NY,AEA,EN,Combined TRACON& Tower with Radar,10,18,13,0,41,0,0,1,0,1,10,18,14,0,42,0,0,0,42
01/10/2015,ELM,NY,AEA,EN,Combined TRACON& Tower with Radar,5,11,8,0,24,0,2,3,0,5,5,13,11,0,29,23,0,23,52
01/11/2015,ELM,NY,AEA,EN,Combined TRACON& Tower with Radar,11,9,5,0,25,0,0,6,0,6,11,9,11,0,31,8,0,8,39
01/12/2015,ELM,NY,AEA,EN,Combined TRACON& Tower with Radar,8,19,13,0,40,0,0,0,0,0,8,19,13,0,40,0,0,0,40
01/13/2015,ELM,NY,AEA,EN,Combined TRACON& Tower with Radar,8,23,12,0,43,0,0,6,0,6,8,23,18,0,49,4,0,4,53
01/14/2015,ELM,NY,AEA,EN,Combined TRACON& Tower with Radar,8,20,17,0,45,0,1,1,0,2,8,21,18,0,47,14,0,14,61
01/15/2015,ELM,NY,AEA,EN,Combined TRACON& Tower with Radar,10,18,16,0,44,0,0,11,0,11,10,18,27,0,55,0,0,0,55
01/16/2015,ELM,NY,AEA,EN,Combined TRACON& Tower with Radar,11,17,23,0,51,0,0,0,0,0,11,17,23,0,51,0,0,0,51
01/17/2015,ELM,NY,AEA,EN,Combined TRACON& Tower with Radar,5,14,4,0,23,0,0,14,0,14,5,14,18,0,37,4,0,4,41
01/18/2015,ELM,NY,AEA,EN,Combined TRACON& Tower with Radar,5,10,5,0,20,0,0,14,0,14,5,10,19,0,34,20,0,20,54
01/19/2015,ELM,NY,AEA,EN,Combined TRACON& Tower with Radar,10,16,11,0,37,0,0,0,0,0,10,16,11,0,37,1,0,1,38
01/20/2015,ELM,NY,AEA,EN,Combined TRACON& Tower with Radar,7,21,13,0,41,0,0,10,0,10,7,21,23,0,51,10,0,10,61
01/21/2015,ELM,NY,AEA,EN,Combined TRACON& Tower with Radar,8,20,23,0,51,0,0,1,0,1,8,20,24,0,52,0,0,0,52
01/22/2015,ELM,NY,AEA,EN,Combined TRACON& Tower with Radar,10,20,31,4,65,0,0,3,1,4,10,20,34,5,69,7,0,7,76
01/23/2015,ELM,NY,AEA,EN,Combined TRACON& Tower with Radar,8,19,32,1,60,0,0,5,3,8,8,19,37,4,68,6,0,6,74
01/24/2015,ELM,NY,AEA,EN,Combined TRACON& Tower with Radar,5,14,2,0,21,0,0,9,0,9,5,14,11,0,30,13,0,13,43
01/25/2015,ELM,NY,AEA,EN,Combined TRACON& Tower with Radar,11,8,10,0,29,0,0,22,0,22,11,8,32,0,51,28,0,28,79
01/26/2015,ELM,NY,AEA,EN,Combined TRACON& Tower with Radar,10,16,17,0,43,0,0,0,0,0,10,16,17,0,43,0,0,0,43
01/27/2015,ELM,NY,AEA,EN,Combined TRACON& Tower with Radar,8,13,10,0,31,0,0,4,1,5,8,13,14,1,36,1,0,1,37
01/28/2015,ELM,NY,AEA,EN,Combined TRACON& Tower with Radar,8,21,15,0,44,0,0,5,1,6,8,21,20,1,50,2,0,2,52
01/29/2015,ELM,NY,AEA,EN,Combined TRACON& Tower with Radar,10,19,21,0,50,0,0,0,0,0,10,19,21,0,50,0,0,0,50
01/30/2015,ELM,NY,AEA,EN,Combined TRACON& Tower with Radar,9,17,17,0,43,0,0,0,0,0,9,17,17,0,43,0,0,0,43
01/31/2015,ELM,NY,AEA,EN,Combined TRACON& Tower with Radar,4,15,2,0,21,0,0,8,1,9,4,15,10,1,30,14,0,14,44
02/01/2015,ELM,NY,AEA,EN,Combined TRACON& Tower with Radar,3,4,2,0,9,0,0,0,0,0,3,4,2,0,9,0,0,0,9
02/02/2015,ELM,NY,AEA,EN,Combined TRACON& Tower with Radar,7,12,17,0,36,0,0,0,0,0,7,12,17,0,36,0,0,0,36
02/03/2015,ELM,NY,AEA,EN,Combined TRACON& Tower with Radar,8,18,18,0,44,0,1,0,0,1,8,19,18,0,45,4,0,4,49
02/04/2015,ELM,NY,AEA,EN,Combined TRACON& Tower with Radar,4,19,16,0,39,0,0,0,0,0,4,19,16,0,39,0,0,0,39
02/05/2015,ELM,NY,AEA,EN,Combined TRACON& Tower with Radar,10,21,9,1,41,0,1,0,1,2,10,22,9,2,43,0,0,0,43
02/06/2015,ELM,NY,AEA,EN,Combined TRACON& Tower with Radar,10,20,24,0,54,0,0,4,0,4,10,20,28,0,58,24,0,24,82
02/07/2015,ELM,NY,AEA,EN,Combined TRACON& Tower with Radar,5,13,4,0,22,0,0,1,0,1,5,13,5,0,23,0,0,0,23
02/08/2015,ELM,NY,AEA,EN,Combined TRACON& Tower with Radar,11,8,4,0,23,0,0,0,0,0,11,8,4,0,23,0,0,0,23
02/09/2015,ELM,NY,AEA,EN,Combined TRACON& Tower with Radar,8,19,13,0,40,0,0,1,0,1,8,19,14,0,41,0,0,0,41
02/10/2015,ELM,NY,AEA,EN,Combined TRACON& Tower with Radar,8,18,17,0,43,0,0,2,0,2,8,18,19,0,45,2,0,2,47
02/11/2015,ELM,NY,AEA,EN,Combined TRACON& Tower with Radar,10,18,12,2,42,0,1,10,0,11,10,19,22,2,53,5,0,5,58
02/12/2015,ELM,NY,AEA,EN,Combined TRACON& Tower with Radar,10,20,11,0,41,0,0,0,0,0,10,20,11,0,41,0,0,0,41
02/13/2015,ELM,NY,AEA,EN,Combined TRACON& Tower with Radar,10,17,21,0,48,0,1,0,0,1,10,18,21,0,49,6,0,6,55
02/14/2015,ELM,NY,AEA,EN,Combined TRACON& Tower with Radar,3,13,4,0,20,0,0,1,0,1,3,13,5,0,21,0,0,0,21
02/15/2015,ELM,NY,AEA,EN,Combined TRACON& Tower with Radar,4,7,5,0,16,0,0,2,0,2,4,7,7,0,18,0,0,0,18
02/16/2015,ELM,NY,AEA,EN,Combined TRACON& Tower with Radar,10,17,13,0,40,0,0,2,0,2,10,17,15,0,42,0,0,0,42
02/17/2015,ELM,NY,AEA,EN,Combined TRACON& Tower with Radar,12,18,11,0,41,0,0,3,0,3,12,18,14,0,44,0,0,0,44
02/18/2015,ELM,NY,AEA,EN,Combined TRACON& Tower with Radar,10,15,15,0,40,0,0,2,0,2,10,15,17,0,42,4,0,4,46
02/19/2015,ELM,NY,AEA,EN,Combined TRACON& Tower with Radar,11,17,14,0,42,0,0,0,0,0,11,17,14,0,42,0,0,0,42
02/20/2015,ELM,NY,AEA,EN,Combined TRACON& Tower with Radar,12,18,10,0,40,0,0,4,0,4,12,18,14,0,44,14,0,14,58
02/21/2015,ELM,NY,AEA,EN,Combined TRACON& Tower with Radar,8,12,9,0,29,0,0,0,0,0,8,12,9,0,29,0,0,0,29
02/22/2015,ELM,NY,AEA,EN,Combined TRACON& Tower with Radar,12,7,8,0,27,0,0,0,0,0,12,7,8,0,27,2,0,2,29
02/23/2015,ELM,NY,AEA,EN,Combined TRACON& Tower with Radar,12,15,12,0,39,0,1,1,0,2,12,16,13,0,41,3,0,3,44
02/24/2015,ELM,NY,AEA,EN,Combined TRACON& Tower with Radar,10,16,14,0,40,0,1,6,0,7,10,17,20,0,47,12,0,12,59
02/25/2015,ELM,NY,AEA,EN,Combined TRACON& Tower with Radar,12,17,21,0,50,0,1,1,0,2,12,18,22,0,52,2,0,2,54
02/26/2015,ELM,NY,AEA,EN,Combined TRACON& Tower with Radar,14,16,22,0,52,0,0,2,0,2,14,16,24,0,54,8,0,8,62
02/27/2015,ELM,NY,AEA,EN,Combined TRACON& Tower with Radar,12,14,13,0,39,0,1,1,0,2,12,15,14,0,41,0,0,0,41
02/28/2015,ELM,NY,AEA,EN,Combined TRACON& Tower with Radar,8,12,5,0,25,0,0,14,3,17,8,12,19,3,42,24,0,24,66
03/01/2015,ELM,NY,AEA,EN,Combined TRACON& Tower with Radar,12,8,8,0,28,0,0,0,0,0,12,8,8,0,28,0,0,0,28
03/02/2015,ELM,NY,AEA,EN,Combined TRACON& Tower with Radar,12,16,23,0,51,0,0,0,0,0,12,16,23,0,51,6,0,6,57
03/03/2015,ELM,NY,AEA,EN,Combined TRACON& Tower with Radar,8,15,12,0,35,0,0,0,0,0,8,15,12,0,35,0,0,0,35
03/04/2015,ELM,NY,AEA,EN,Combined TRACON& Tower with Radar,12,16,12,0,40,0,0,0,0,0,12,16,12,0,40,6,0,6,46
03/05/2015,ELM,NY,AEA,EN,Combined TRACON& Tower with Radar,12,16,9,0,37,0,0,4,0,4,12,16,13,0,41,2,0,2,43
03/06/2015,ELM,NY,AEA,EN,Combined TRACON& Tower with Radar,12,14,27,0,53,0,1,6,0,7,12,15,33,0,60,18,0,18,78
03/07/2015,ELM,NY,AEA,EN,Combined TRACON& Tower with Radar,10,10,1,0,21,0,0,2,0,2,10,10,3,0,23,8,0,8,31
03/08/2015,ELM,NY,AEA,EN,Combined TRACON& Tower with Radar,12,9,8,0,29,0,2,0,0,2,12,11,8,0,31,9,0,9,40
03/09/2015,ELM,NY,AEA,EN,Combined TRACON& Tower with Radar,12,14,21,0,47,0,1,11,0,12,12,15,32,0,59,10,0,10,69
03/10/2015,ELM,NY,AEA,EN,Combined TRACON& Tower with Radar,11,18,21,0,50,0,0,6,0,6,11,18,27,0,56,0,0,0,56
03/11/2015,ELM,NY,AEA,EN,Combined TRACON& Tower with Radar,11,14,14,0,39,0,1,2,0,3,11,15,16,0,42,4,0,4,46
03/12/2015,ELM,NY,AEA,EN,Combined TRACON& Tower with Radar,9,19,8,0,36,0,0,10,0,10,9,19,18,0,46,8,0,8,54
03/13/2015,ELM,NY,AEA,EN,Combined TRACON& Tower with Radar,12,14,9,0,35,0,1,3,0,4,12,15,12,0,39,6,0,6,45
03/14/2015,ELM,NY,AEA,EN,Combined TRACON& Tower with Radar,12,13,7,0,32,0,0,0,0,0,12,13,7,0,32,10,0,10,42
03/15/2015,ELM,NY,AEA,EN,Combined TRACON& Tower with Radar,12,8,2,0,22,0,0,0,0,0,12,8,2,0,22,2,0,2,24
03/16/2015,ELM,NY,AEA,EN,Combined TRACON& Tower with Radar,12,14,13,0,39,0,0,7,0,7,12,14,20,0,46,10,0,10,56
03/17/2015,ELM,NY,AEA,EN,Combined TRACON& Tower with Radar,10,17,11,0,38,0,0,0,0,0,10,17,11,0,38,0,0,0,38
03/18/2015,ELM,NY,AEA,EN,Combined TRACON& Tower with Radar,12,17,9,0,38,0,0,4,0,4,12,17,13,0,42,2,4,6,48
03/19/2015,ELM,NY,AEA,EN,Combined TRACON& Tower with Radar,11,18,19,0,48,0,2,6,0,8,11,20,25,0,56,21,0,21,77
03/20/2015,ELM,NY,AEA,EN,Combined TRACON& Tower with Radar,12,16,13,0,41,0,0,0,0,0,12,16,13,0,41,0,0,0,41
03/21/2015,ELM,NY,AEA,EN,Combined TRACON& Tower with Radar,10,19,9,0,38,0,0,2,0,2,10,19,11,0,40,0,0,0,40
03/22/2015,ELM,NY,AEA,EN,Combined TRACON& Tower with Radar,12,9,9,0,30,0,0,12,0,12,12,9,21,0,42,10,0,10,52
03/23/2015,ELM,NY,AEA,EN,Combined TRACON& Tower with Radar,12,12,13,0,37,0,0,5,0,5,12,12,18,0,42,14,10,24,66
03/24/2015,ELM,NY,AEA,EN,Combined TRACON& Tower with Radar,9,16,16,0,41,0,1,24,0,25,9,17,40,0,66,6,0,6,72
03/25/2015,ELM,NY,AEA,EN,Combined TRACON& Tower with Radar,12,19,13,0,44,0,0,8,2,10,12,19,21,2,54,0,0,0,54
03/26/2015,ELM,NY,AEA,EN,Combined TRACON& Tower with Radar,12,30,28,0,70,0,0,0,0,0,12,30,28,0,70,0,0,0,70
03/27/2015,ELM,NY,AEA,EN,Combined TRACON& Tower with Radar,12,17,12,0,41,0,0,0,0,0,12,17,12,0,41,10,0,10,51
03/28/2015,ELM,NY,AEA,EN,Combined TRACON& Tower with Radar,10,10,10,0,30,0,1,0,0,1,10,11,10,0,31,2,0,2,33
03/29/2015,ELM,NY,AEA,EN,Combined TRACON& Tower with Radar,12,9,3,0,24,0,0,15,0,15,12,9,18,0,39,14,0,14,53
03/30/2015,ELM,NY,AEA,EN,Combined TRACON& Tower with Radar,12,15,12,0,39,0,0,0,0,0,12,15,12,0,39,9,0,9,48
03/31/2015,ELM,NY,AEA,EN,Combined TRACON& Tower with Radar,10,18,9,0,37,0,0,2,0,2,10,18,11,0,39,0,0,0,39
04/01/2015,ELM,NY,AEA,EN,Combined TRACON& Tower with Radar,10,16,14,0,40,0,0,14,0,14,10,16,28,0,54,35,0,35,89
04/02/2015,ELM,NY,AEA,EN,Combined TRACON& Tower with Radar,12,20,18,0,50,0,0,8,0,8,12,20,26,0,58,0,0,0,58
04/03/2015,ELM,NY,AEA,EN,Combined TRACON& Tower with Radar,10,14,9,0,33,0,0,8,0,8,10,14,17,0,41,0,0,0,41
04/04/2015,ELM,NY,AEA,EN,Combined TRACON& Tower with Radar,10,11,4,0,25,0,0,2,0,2,10,11,6,0,27,0,0,0,27
04/05/2015,ELM,NY,AEA,EN,Combined TRACON& Tower with Radar,10,12,7,0,29,0,0,0,0,0,10,12,7,0,29,0,0,0,29
04/06/2015,ELM,NY,AEA,EN,Combined TRACON& Tower with Radar,12,14,21,0,47,0,0,7,0,7,12,14,28,0,54,32,0,32,86
04/07/2015,ELM,NY,AEA,EN,Combined TRACON& Tower with Radar,10,19,14,0,43,0,0,0,0,0,10,19,14,0,43,10,0,10,53
04/08/2015,ELM,NY,AEA,EN,Combined TRACON& Tower with Radar,12,22,16,0,50,0,0,0,0,0,12,22,16,0,50,0,0,0,50
04/09/2015,ELM,NY,AEA,EN,Combined TRACON& Tower with Radar,10,23,22,0,55,0,0,0,0,0,10,23,22,0,55,0,0,0,55
04/10/2015,ELM,NY,AEA,EN,Combined TRACON& Tower with Radar,10,19,14,0,43,0,0,0,0,0,10,19,14,0,43,0,0,0,43
04/11/2015,ELM,NY,AEA,EN,Combined TRACON& Tower with Radar,10,12,4,0,26,0,1,8,0,9,10,13,12,0,35,14,0,14,49
04/12/2015,ELM,NY,AEA,EN,Combined TRACON& Tower with Radar,12,10,7,0,29,0,0,25,0,25,12,10,32,0,54,26,0,26,80
04/13/2015,ELM,NY,AEA,EN,Combined TRACON& Tower with Radar,10,14,15,0,39,0,3,6,0,9,10,17,21,0,48,4,0,4,52
04/14/2015,ELM,NY,AEA,EN,Combined TRACON& Tower with Radar,10,18,16,0,44,0,0,13,0,13,10,18,29,0,57,20,0,20,77
04/15/2015,ELM,NY,AEA,EN,Combined TRACON& Tower with Radar,10,16,11,0,37,0,0,14,0,14,10,16,25,0,51,0,0,0,51
04/16/2015,ELM,NY,AEA,EN,Combined TRACON& Tower with Radar,11,17,17,0,45,0,0,3,0,3,11,17,20,0,48,6,0,6,54
04/17/2015,ELM,NY,AEA,EN,Combined TRACON& Tower with Radar,12,14,31,0,57,0,0,7,0,7,12,14,38,0,64,0,0,0,64
04/18/2015,ELM,NY,AEA,EN,Combined TRACON& Tower with Radar,8,9,10,0,27,0,2,11,0,13,8,11,21,0,40,14,0,14,54
04/19/2015,ELM,NY,AEA,EN,Combined TRACON& Tower with Radar,12,7,3,0,22,0,0,10,0,10,12,7,13,0,32,14,0,14,46
04/20/2015,ELM,NY,AEA,EN,Combined TRACON& Tower with Radar,12,16,16,0,44,0,0,1,0,1,12,16,17,0,45,0,0,0,45
04/21/2015,ELM,NY,AEA,EN,Combined TRACON& Tower with Radar,10,17,24,0,51,0,0,0,0,0,10,17,24,0,51,0,0,0,51
04/22/2015,ELM,NY,AEA,EN,Combined TRACON& Tower with Radar,10,18,15,1,44,0,0,0,0,0,10,18,15,1,44,0,1,1,45
04/23/2015,ELM,NY,AEA,EN,Combined TRACON& Tower with Radar,11,22,23,2,58,0,0,1,0,1,11,22,24,2,59,0,0,0,59
04/24/2015,ELM,NY,AEA,EN,Combined TRACON& Tower with Radar,15,17,14,0,46,0,0,8,0,8,15,17,22,0,54,0,0,0,54
04/25/2015,ELM,NY,AEA,EN,Combined TRACON& Tower with Radar,8,13,5,0,26,0,2,14,0,16,8,15,19,0,42,36,0,36,78
04/26/2015,ELM,NY,AEA,EN,Combined TRACON& Tower with Radar,12,9,5,0,26,0,0,9,0,9,12,9,14,0,35,8,0,8,43
04/27/2015,ELM,NY,AEA,EN,Combined TRACON& Tower with Radar,14,14,18,0,46,0,0,2,0,2,14,14,20,0,48,16,0,16,64
04/28/2015,ELM,NY,AEA,EN,Combined TRACON& Tower with Radar,10,18,21,4,53,0,0,6,0,6,10,18,27,4,59,8,0,8,67
04/29/2015,ELM,NY,AEA,EN,Combined TRACON& Tower with Radar,10,16,26,0,52,0,0,13,0,13,10,16,39,0,65,28,0,28,93
04/30/2015,ELM,NY,AEA,EN,Combined TRACON& Tower with Radar,11,23,26,0,60,0,0,8,0,8,11,23,34,0,68,3,0,3,71
05/01/2015,ELM,NY,AEA,EN,Combined TRACON& Tower with Radar,13,16,17,0,46,0,1,8,0,9,13,17,25,0,55,2,0,2,57
05/02/2015,ELM,NY,AEA,EN,Combined TRACON& Tower with Radar,9,9,3,0,21,0,1,11,0,12,9,10,14,0,33,24,0,24,57
05/03/2015,ELM,NY,AEA,EN,Combined TRACON& Tower with Radar,10,11,11,0,32,0,0,18,0,18,10,11,29,0,50,55,0,55,105
05/04/2015,ELM,NY,AEA,EN,Combined TRACON& Tower with Radar,12,14,16,0,42,0,0,7,0,7,12,14,23,0,49,21,0,21,70
05/05/2015,ELM,NY,AEA,EN,Combined TRACON& Tower with Radar,8,17,17,0,42,0,0,1,0,1,8,17,18,0,43,0,0,0,43
05/06/2015,ELM,NY,AEA,EN,Combined TRACON& Tower with Radar,7,16,17,0,40,0,0,3,0,3,7,16,20,0,43,2,0,2,45
05/07/2015,ELM,NY,AEA,EN,Combined TRACON& Tower with Radar,8,16,19,0,43,0,1,9,0,10,8,17,28,0,53,18,0,18,71
05/08/2015,ELM,NY,AEA,EN,Combined TRACON& Tower with Radar,12,14,19,0,45,0,0,7,0,7,12,14,26,0,52,25,0,25,77
05/09/2015,ELM,NY,AEA,EN,Combined TRACON& Tower with Radar,8,11,5,0,24,0,0,34,0,34,8,11,39,0,58,76,0,76,134
05/10/2015,ELM,NY,AEA,EN,Combined TRACON& Tower with Radar,12,12,14,0,38,0,0,7,0,7,12,12,21,0,45,7,0,7,52
05/11/2015,ELM,NY,AEA,EN,Combined TRACON& Tower with Radar,12,16,13,0,41,0,0,1,0,1,12,16,14,0,42,0,0,0,42
05/12/2015,ELM,NY,AEA,EN,Combined TRACON& Tower with Radar,7,19,21,0,47,0,1,4,0,5,7,20,25,0,52,13,0,13,65
05/13/2015,ELM,NY,AEA,EN,Combined TRACON& Tower with Radar,8,17,19,0,44,0,0,3,0,3,8,17,22,0,47,8,0,8,55
05/14/2015,ELM,NY,AEA,EN,Combined TRACON& Tower with Radar,10,25,27,1,63,0,0,17,0,17,10,25,44,1,80,43,0,43,123
05/15/2015,ELM,NY,AEA,EN,Combined TRACON& Tower with Radar,12,14,19,0,45,0,2,11,0,13,12,16,30,0,58,32,0,32,90
05/16/2015,ELM,NY,AEA,EN,Combined TRACON& Tower with Radar,8,11,0,0,19,0,0,1,0,1,8,11,1,0,20,10,0,10,30
05/17/2015,ELM,NY,AEA,EN,Combined TRACON& Tower with Radar,9,11,13,0,33,0,0,18,0,18,9,11,31,0,51,23,0,23,74
05/18/2015,ELM,NY,AEA,EN,Combined TRACON& Tower with Radar,12,18,10,0,40,0,0,1,0,1,12,18,11,0,41,0,0,0,41
05/19/2015,ELM,NY,AEA,EN,Combined TRACON& Tower with Radar,8,20,17,0,45,0,1,6,0,7,8,21,23,0,52,0,0,0,52
05/20/2015,ELM,NY,AEA,EN,Combined TRACON& Tower with Radar,8,19,22,0,49,0,1,0,0,1,8,20,22,0,50,3,0,3,53
05/21/2015,ELM,NY,AEA,EN,Combined TRACON& Tower with Radar,12,18,25,0,55,0,0,5,0,5,12,18,30,0,60,22,0,22,82
05/22/2015,ELM,NY,AEA,EN,Combined TRACON& Tower with Radar,12,17,17,0,46,0,0,16,0,16,12,17,33,0,62,8,0,8,70
05/23/2015,ELM,NY,AEA,EN,Combined TRACON& Tower with Radar,8,13,12,0,33,0,0,17,0,17,8,13,29,0,50,55,0,55,105
05/24/2015,ELM,NY,AEA,EN,Combined TRACON& Tower with Radar,10,6,6,0,22,0,0,17,1,18,10,6,23,1,40,2,0,2,42
05/25/2015,ELM,NY,AEA,EN,Combined TRACON& Tower with Radar,12,12,5,0,29,0,0,15,0,15,12,12,20,0,44,7,0,7,51
05/26/2015,ELM,NY,AEA,EN,Combined TRACON& Tower with Radar,8,15,19,0,42,0,1,4,0,5,8,16,23,0,47,16,0,16,63
05/27/2015,ELM,NY,AEA,EN,Combined TRACON& Tower with Radar,8,23,16,0,47,0,1,4,0,5,8,24,20,0,52,31,0,31,83
05/28/2015,ELM,NY,AEA,EN,Combined TRACON& Tower with Radar,11,24,18,0,53,0,1,12,0,13,11,25,30,0,66,0,0,0,66
05/29/2015,ELM,NY,AEA,EN,Combined TRACON& Tower with Radar,12,20,18,0,50,0,0,18,0,18,12,20,36,0,68,18,0,18,86
05/30/2015,ELM,NY,AEA,EN,Combined TRACON& Tower with Radar,8,10,8,0,26,0,0,7,0,7,8,10,15,0,33,26,0,26,59
05/31/2015,ELM,NY,AEA,EN,Combined TRACON& Tower with Radar,13,14,15,0,42,0,0,0,0,0,13,14,15,0,42,0,0,0,42
06/01/2015,ELM,NY,AEA,EN,Combined TRACON& Tower with Radar,13,16,22,0,51,0,0,0,0,0,13,16,22,0,51,0,0,0,51
06/02/2015,ELM,NY,AEA,EN,Combined TRACON& Tower with Radar,8,18,21,0,47,0,0,4,1,5,8,18,25,1,52,10,0,10,62
06/03/2015,ELM,NY,AEA,EN,Combined TRACON& Tower with Radar,8,18,17,0,43,0,0,11,0,11,8,18,28,0,54,22,0,22,76
06/04/2015,ELM,NY,AEA,EN,Combined TRACON& Tower with Radar,6,16,22,2,46,0,0,3,0,3,6,16,25,2,49,32,0,32,81
06/05/2015,ELM,NY,AEA,EN,Combined TRACON& Tower with Radar,11,12,18,0,41,0,0,5,0,5,11,12,23,0,46,14,0,14,60
06/06/2015,ELM,NY,AEA,EN,Combined TRACON& Tower with Radar,8,12,8,0,28,0,0,2,0,2,8,12,10,0,30,6,0,6,36
06/07/2015,ELM,NY,AEA,EN,Combined TRACON& Tower with Radar,8,8,11,0,27,0,0,7,0,7,8,8,18,0,34,25,0,25,59
06/08/2015,ELM,NY,AEA,EN,Combined TRACON& Tower with Radar,10,8,11,0,29,0,0,0,1,1,10,8,11,1,30,0,0,0,30
06/09/2015,ELM,NY,AEA,EN,Combined TRACON& Tower with Radar,5,11,9,0,25,0,0,1,0,1,5,11,10,0,26,4,0,4,30
06/10/2015,ELM,NY,AEA,EN,Combined TRACON& Tower with Radar,6,10,8,0,24,0,1,2,0,3,6,11,10,0,27,12,0,12,39
06/11/2015,ELM,NY,AEA,EN,Combined TRACON& Tower with Radar,9,21,9,0,39,0,0,2,0,2,9,21,11,0,41,11,0,11,52
06/12/2015,ELM,NY,AEA,EN,Combined TRACON& Tower with Radar,10,10,12,0,32,0,0,3,0,3,10,10,15,0,35,16,0,16,51
06/13/2015,ELM,NY,AEA,EN,Combined TRACON& Tower with Radar,7,7,3,0,17,0,0,4,0,4,7,7,7,0,21,21,0,21,42
06/14/2015,ELM,NY,AEA,EN,Combined TRACON& Tower with Radar,9,6,1,0,16,0,0,4,0,4,9,6,5,0,20,4,0,4,24
06/15/2015,ELM,NY,AEA,EN,Combined TRACON& Tower with Radar,9,6,8,0,23,0,0,0,0,0,9,6,8,0,23,0,0,0,23
06/16/2015,ELM,NY,AEA,EN,Combined TRACON& Tower with Radar,8,11,10,0,29,0,2,1,0,3,8,13,11,0,32,0,0,0,32
06/17/2015,ELM,NY,AEA,EN,Combined TRACON& Tower with Radar,8,18,16,0,42,0,0,13,0,13,8,18,29,0,55,34,0,34,89
06/18/2015,ELM,NY,AEA,EN,Combined TRACON& Tower with Radar,10,11,9,0,30,0,0,1,0,1,10,11,10,0,31,4,0,4,35
06/19/2015,ELM,NY,AEA,EN,Combined TRACON& Tower with Radar,9,13,16,0,38,0,0,0,0,0,9,13,16,0,38,0,0,0,38
06/20/2015,ELM,NY,AEA,EN,Combined TRACON& Tower with Radar,6,6,4,0,16,0,0,3,0,3,6,6,7,0,19,9,0,9,28
06/21/2015,ELM,NY,AEA,EN,Combined TRACON& Tower with Radar,8,8,3,0,19,0,0,2,0,2,8,8,5,0,21,16,0,16,37
06/22/2015,ELM,NY,AEA,EN,Combined TRACON& Tower with Radar,10,11,10,0,31,0,2,3,0,5,10,13,13,0,36,35,0,35,71
06/23/2015,ELM,NY,AEA,EN,Combined TRACON& Tower with Radar,6,17,6,0,29,0,0,1,0,1,6,17,7,0,30,0,0,0,30
06/24/2015,ELM,NY,AEA,EN,Combined TRACON& Tower with Radar,10,19,21,0,50,0,1,16,0,17,10,20,37,0,67,36,0,36,103
06/25/2015,ELM,NY,AEA,EN,Combined TRACON& Tower with Radar,12,16,34,2,64,0,2,18,0,20,12,18,52,2,84,29,0,29,113
06/26/2015,ELM,NY,AEA,EN,Combined TRACON& Tower with Radar,13,21,28,0,62,0,2,7,0,9,13,23,35,0,71,3,0,3,74
06/27/2015,ELM,NY,AEA,EN,Combined TRACON& Tower with Radar,8,22,16,0,46,0,0,0,0,0,8,22,16,0,46,0,0,0,46
06/28/2015,ELM,NY,AEA,EN,Combined TRACON& Tower with Radar,12,15,34,0,61,0,0,0,0,0,12,15,34,0,61,8,0,8,69
06/29/2015,ELM,NY,AEA,EN,Combined TRACON& Tower with Radar,12,19,26,2,59,0,0,13,0,13,12,19,39,2,72,23,0,23,95
06/30/2015,ELM,NY,AEA,EN,Combined TRACON& Tower with Radar,8,16,15,0,39,0,0,2,0,2,8,16,17,0,41,8,0,8,49
07/01/2015,ELM,NY,AEA,EN,Combined TRACON& Tower with Radar,10,15,15,0,40,0,0,7,0,7,10,15,22,0,47,21,0,21,68
07/02/2015,ELM,NY,AEA,EN,Combined TRACON& Tower with Radar,12,17,33,0,62,0,0,4,0,4,12,17,37,0,66,6,0,6,72
07/03/2015,ELM,NY,AEA,EN,Combined TRACON& Tower with Radar,12,17,4,0,33,0,0,21,1,22,12,17,25,1,55,54,0,54,109
07/04/2015,ELM,NY,AEA,EN,Combined TRACON& Tower with Radar,6,5,3,0,14,0,0,1,0,1,6,5,4,0,15,5,0,5,20
07/05/2015,ELM,NY,AEA,EN,Combined TRACON& Tower with Radar,14,8,6,0,28,0,0,11,0,11,14,8,17,0,39,14,0,14,53
07/06/2015,ELM,NY,AEA,EN,Combined TRACON& Tower with Radar,12,15,27,0,54,0,0,10,0,10,12,15,37,0,64,4,0,4,68
07/07/2015,ELM,NY,AEA,EN,Combined TRACON& Tower with Radar,8,24,25,0,57,0,0,6,0,6,8,24,31,0,63,2,0,2,65
07/08/2015,ELM,NY,AEA,EN,Combined TRACON& Tower with Radar,10,22,14,0,46,0,0,1,0,1,10,22,15,0,47,2,0,2,49
07/09/2015,ELM,NY,AEA,EN,Combined TRACON& Tower with Radar,11,18,17,0,46,0,0,0,0,0,11,18,17,0,46,0,0,0,46
07/10/2015,ELM,NY,AEA,EN,Combined TRACON& Tower with Radar,12,19,24,0,55,0,1,16,0,17,12,20,40,0,72,32,0,32,104
07/11/2015,ELM,NY,AEA,EN,Combined TRACON& Tower with Radar,8,9,9,0,26,0,0,23,1,24,8,9,32,1,50,9,0,9,59
07/12/2015,ELM,NY,AEA,EN,Combined TRACON& Tower with Radar,10,12,6,0,28,0,0,13,0,13,10,12,19,0,41,40,0,40,81
07/13/2015,ELM,NY,AEA,EN,Combined TRACON& Tower with Radar,8,19,22,0,49,0,0,5,0,5,8,19,27,0,54,8,0,8,62
07/14/2015,ELM,NY,AEA,EN,Combined TRACON& Tower with Radar,10,23,12,0,45,0,0,3,0,3,10,23,15,0,48,0,0,0,48
07/15/2015,ELM,NY,AEA,EN,Combined TRACON& Tower with Radar,12,25,27,0,64,0,0,1,0,1,12,25,28,0,65,2,0,2,67
07/16/2015,ELM,NY,AEA,EN,Combined TRACON& Tower with Radar,10,19,15,0,44,0,0,17,0,17,10,19,32,0,61,26,0,26,87
07/17/2015,ELM,NY,AEA,EN,Combined TRACON& Tower with Radar,12,18,22,0,52,0,0,13,0,13,12,18,35,0,65,13,0,13,78
07/18/2015,ELM,NY,AEA,EN,Combined TRACON& Tower with Radar,8,11,5,2,26,0,1,3,0,4,8,12,8,2,30,18,0,18,48
07/19/2015,ELM,NY,AEA,EN,Combined TRACON& Tower with Radar,12,7,13,0,32,0,0,12,0,12,12,7,25,0,44,21,0,21,65
07/20/2015,ELM,NY,AEA,EN,Combined TRACON& Tower with Radar,10,15,30,0,55,0,1,6,0,7,10,16,36,0,62,20,0,20,82
07/21/2015,ELM,NY,AEA,EN,Combined TRACON& Tower with Radar,10,17,20,0,47,0,0,19,0,19,10,17,39,0,66,13,0,13,79
07/22/2015,ELM,NY,AEA,EN,Combined TRACON& Tower with Radar,12,16,21,0,49,0,1,15,0,16,12,17,36,0,65,21,0,21,86
07/23/2015,ELM,NY,AEA,EN,Combined TRACON& Tower with Radar,12,19,35,1,67,0,0,23,1,24,12,19,58,2,91,46,0,46,137
07/24/2015,ELM,NY,AEA,EN,Combined TRACON& Tower with Radar,14,19,35,2,70,0,0,12,0,12,14,19,47,2,82,32,0,32,114
07/25/2015,ELM,NY,AEA,EN,Combined TRACON& Tower with Radar,8,12,7,0,27,0,0,6,0,6,8,12,13,0,33,6,0,6,39
07/26/2015,ELM,NY,AEA,EN,Combined TRACON& Tower with Radar,12,7,10,0,29,0,0,9,0,9,12,7,19,0,38,18,0,18,56
07/27/2015,ELM,NY,AEA,EN,Combined TRACON& Tower with Radar,12,15,23,0,50,0,0,6,0,6,12,15,29,0,56,42,0,42,98
07/28/2015,ELM,NY,AEA,EN,Combined TRACON& Tower with Radar,8,22,14,0,44,0,0,22,0,22,8,22,36,0,66,62,0,62,128
07/29/2015,ELM,NY,AEA,EN,Combined TRACON& Tower with Radar,11,15,14,0,40,0,0,3,0,3,11,15,17,0,43,43,0,43,86
07/30/2015,ELM,NY,AEA,EN,Combined TRACON& Tower with Radar,11,20,15,2,48,0,0,8,0,8,11,20,23,2,56,15,0,15,71
07/31/2015,ELM,NY,AEA,EN,Combined TRACON& Tower with Radar,12,14,28,0,54,0,1,5,2,8,12,15,33,2,62,36,0,36,98
08/01/2015,ELM,NY,AEA,EN,Combined TRACON& Tower with Radar,8,12,14,0,34,0,0,8,0,8,8,12,22,0,42,27,0,27,69
08/02/2015,ELM,NY,AEA,EN,Combined TRACON& Tower with Radar,12,10,7,0,29,0,0,20,0,20,12,10,27,0,49,32,0,32,81
08/03/2015,ELM,NY,AEA,EN,Combined TRACON& Tower with Radar,10,17,12,0,39,0,0,5,0,5,10,17,17,0,44,22,0,22,66
08/04/2015,ELM,NY,AEA,EN,Combined TRACON& Tower with Radar,10,17,19,0,46,0,0,16,0,16,10,17,35,0,62,40,0,40,102
08/05/2015,ELM,NY,AEA,EN,Combined TRACON& Tower with Radar,12,21,17,0,50,0,0,11,0,11,12,21,28,0,61,30,0,30,91
08/06/2015,ELM,NY,AEA,EN,Combined TRACON& Tower with Radar,12,23,67,0,102,0,0,21,0,21,12,23,88,0,123,38,0,38,161
08/07/2015,ELM,NY,AEA,EN,Combined TRACON& Tower with Radar,12,21,27,2,62,0,0,15,0,15,12,21,42,2,77,39,0,39,116
08/08/2015,ELM,NY,AEA,EN,Combined TRACON& Tower with Radar,8,12,25,2,47,0,1,8,0,9,8,13,33,2,56,10,0,10,66
08/09/2015,ELM,NY,AEA,EN,Combined TRACON& Tower with Radar,12,16,65,2,95,0,0,17,0,17,12,16,82,2,112,60,0,60,172
08/10/2015,ELM,NY,AEA,EN,Combined TRACON& Tower with Radar,12,12,28,0,52,0,0,6,0,6,12,12,34,0,58,26,0,26,84
08/11/2015,ELM,NY,AEA,EN,Combined TRACON& Tower with Radar,10,17,20,4,51,0,2,4,0,6,10,19,24,4,57,24,0,24,81
08/12/2015,ELM,NY,AEA,EN,Combined TRACON& Tower with Radar,14,20,8,0,42,0,1,4,0,5,14,21,12,0,47,8,0,8,55
08/13/2015,ELM,NY,AEA,EN,Combined TRACON& Tower with Radar,12,18,10,0,40,0,0,24,0,24,12,18,34,0,64,22,0,22,86
08/14/2015,ELM,NY,AEA,EN,Combined TRACON& Tower with Radar,11,16,12,4,43,0,1,7,0,8,11,17,19,4,51,2,2,4,55
08/15/2015,ELM,NY,AEA,EN,Combined TRACON& Tower with Radar,6,12,7,0,25,0,0,7,0,7,6,12,14,0,32,8,0,8,40
08/16/2015,ELM,NY,AEA,EN,Combined TRACON& Tower with Radar,10,11,9,0,30,0,0,5,0,5,10,11,14,0,35,24,0,24,59
08/17/2015,ELM,NY,AEA,EN,Combined TRACON& Tower with Radar,11,15,19,0,45,0,1,10,0,11,11,16,29,0,56,40,0,40,96
08/18/2015,ELM,NY,AEA,EN,Combined TRACON& Tower with Radar,8,14,23,2,47,0,0,3,0,3,8,14,26,2,50,14,0,14,64
08/19/2015,ELM,NY,AEA,EN,Combined TRACON& Tower with Radar,8,16,19,2,45,0,0,2,0,2,8,16,21,2,47,16,2,18,65
08/20/2015,ELM,NY,AEA,EN,Combined TRACON& Tower with Radar,9,18,18,0,45,0,2,0,0,2,9,20,18,0,47,0,0,0,47
08/21/2015,ELM,NY,AEA,EN,Combined TRACON& Tower with Radar,12,15,19,0,46,0,1,21,0,22,12,16,40,0,68,24,0,24,92
08/22/2015,ELM,NY,AEA,EN,Combined TRACON& Tower with Radar,8,10,8,0,26,0,1,17,0,18,8,11,25,0,44,28,0,28,72
08/23/2015,ELM,NY,AEA,EN,Combined TRACON& Tower with Radar,10,9,8,0,27,0,0,13,0,13,10,9,21,0,40,10,0,10,50
08/24/2015,ELM,NY,AEA,EN,Combined TRACON& Tower with Radar,12,13,23,0,48,0,0,2,0,2,12,13,25,0,50,12,0,12,62
08/25/2015,ELM,NY,AEA,EN,Combined TRACON& Tower with Radar,8,17,14,0,39,0,0,12,0,12,8,17,26,0,51,2,0,2,53
08/26/2015,ELM,NY,AEA,EN,Combined TRACON& Tower with Radar,9,16,19,0,44,0,0,7,0,7,9,16,26,0,51,28,0,28,79
08/27/2015,ELM,NY,AEA,EN,Combined TRACON& Tower with Radar,11,16,19,1,47,0,2,4,0,6,11,18,23,1,53,8,0,8,61
08/28/2015,ELM,NY,AEA,EN,Combined TRACON& Tower with Radar,12,18,14,0,44,0,2,6,0,8,12,20,20,0,52,30,0,30,82
08/29/2015,ELM,NY,AEA,EN,Combined TRACON& Tower with Radar,8,10,5,0,23,0,0,11,0,11,8,10,16,0,34,6,0,6,40
08/30/2015,ELM,NY,AEA,EN,Combined TRACON& Tower with Radar,10,12,3,0,25,0,0,15,0,15,10,12,18,0,40,20,0,20,60
08/31/2015,ELM,NY,AEA,EN,Combined TRACON& Tower with Radar,12,14,13,0,39,0,0,9,0,9,12,14,22,0,48,12,0,12,60
09/01/2015,ELM,NY,AEA,EN,Combined TRACON& Tower with Radar,9,17,16,0,42,0,0,14,0,14,9,17,30,0,56,10,0,10,66
09/02/2015,ELM,NY,AEA,EN,Combined TRACON& Tower with Radar,8,15,19,1,43,0,0,3,2,5,8,15,22,3,48,8,0,8,56
09/03/2015,ELM,NY,AEA,EN,Combined TRACON& Tower with Radar,10,17,20,0,47,0,0,6,0,6,10,17,26,0,53,0,0,0,53
09/04/2015,ELM,NY,AEA,EN,Combined TRACON& Tower with Radar,12,18,22,0,52,0,0,7,0,7,12,18,29,0,59,22,0,22,81
09/05/2015,ELM,NY,AEA,EN,Combined TRACON& Tower with Radar,7,10,6,1,24,0,0,12,0,12,7,10,18,1,36,52,0,52,88
09/06/2015,ELM,NY,AEA,EN,Combined TRACON& Tower with Radar,8,4,3,0,15,0,0,12,0,12,8,4,15,0,27,16,0,16,43
09/07/2015,ELM,NY,AEA,EN,Combined TRACON& Tower with Radar,10,8,9,0,27,0,0,23,0,23,10,8,32,0,50,36,0,36,86
09/08/2015,ELM,NY,AEA,EN,Combined TRACON& Tower with Radar,8,16,21,0,45,0,0,6,0,6,8,16,27,0,51,25,0,25,76
09/09/2015,ELM,NY,AEA,EN,Combined TRACON& Tower with Radar,7,13,24,0,44,0,0,7,0,7,7,13,31,0,51,14,0,14,65
09/10/2015,ELM,NY,AEA,EN,Combined TRACON& Tower with Radar,8,14,17,0,39,0,0,7,0,7,8,14,24,0,46,1,0,1,47
09/11/2015,ELM,NY,AEA,EN,Combined TRACON& Tower with Radar,10,14,19,0,43,0,0,9,0,9,10,14,28,0,52,36,0,36,88
09/12/2015,ELM,NY,AEA,EN,Combined TRACON& Tower with Radar,8,11,5,0,24,0,0,0,0,0,8,11,5,0,24,0,0,0,24
09/13/2015,ELM,NY,AEA,EN,Combined TRACON& Tower with Radar,10,9,17,0,36,0,0,0,0,0,10,9,17,0,36,2,0,2,38
09/14/2015,ELM,NY,AEA,EN,Combined TRACON& Tower with Radar,12,14,9,0,35,0,0,6,0,6,12,14,15,0,41,0,0,0,41
09/15/2015,ELM,NY,AEA,EN,Combined TRACON& Tower with Radar,8,17,30,1,56,0,1,8,4,13,8,18,38,5,69,33,0,33,102
09/16/2015,ELM,NY,AEA,EN,Combined TRACON& Tower with Radar,8,16,18,0,42,0,0,13,0,13,8,16,31,0,55,37,0,37,92
09/17/2015,ELM,NY,AEA,EN,Combined TRACON& Tower with Radar,9,21,16,0,46,0,0,8,0,8,9,21,24,0,54,37,0,37,91
09/18/2015,ELM,NY,AEA,EN,Combined TRACON& Tower with Radar,12,14,21,0,47,0,1,13,0,14,12,15,34,0,61,42,0,42,103
09/19/2015,ELM,NY,AEA,EN,Combined TRACON& Tower with Radar,8,10,7,0,25,0,0,5,0,5,8,10,12,0,30,10,0,10,40
09/20/2015,ELM,NY,AEA,EN,Combined TRACON& Tower with Radar,11,8,4,0,23,0,0,4,0,4,11,8,8,0,27,10,0,10,37
09/21/2015,ELM,NY,AEA,EN,Combined TRACON& Tower with Radar,12,14,24,0,50,0,0,12,0,12,12,14,36,0,62,20,0,20,82
09/22/2015,ELM,NY,AEA,EN,Combined TRACON& Tower with Radar,8,14,25,0,47,0,0,8,0,8,8,14,33,0,55,6,2,8,63
09/23/2015,ELM,NY,AEA,EN,Combined TRACON& Tower with Radar,8,20,19,0,47,0,0,18,0,18,8,20,37,0,65,20,0,20,85
09/24/2015,ELM,NY,AEA,EN,Combined TRACON& Tower with Radar,10,14,15,0,39,0,3,18,0,21,10,17,33,0,60,22,0,22,82
09/25/2015,ELM,NY,AEA,EN,Combined TRACON& Tower with Radar,12,17,20,0,49,0,0,8,0,8,12,17,28,0,57,20,0,20,77
09/26/2015,ELM,NY,AEA,EN,Combined TRACON& Tower with Radar,8,13,4,0,25,0,1,12,0,13,8,14,16,0,38,31,0,31,69
09/27/2015,ELM,NY,AEA,EN,Combined TRACON& Tower with Radar,10,8,7,0,25,0,0,11,0,11,10,8,18,0,36,45,0,45,81
09/28/2015,ELM,NY,AEA,EN,Combined TRACON& Tower with Radar,10,15,23,0,48,0,0,1,0,1,10,15,24,0,49,1,0,1,50
09/29/2015,ELM,NY,AEA,EN,Combined TRACON& Tower with Radar,8,19,17,0,44,0,0,0,0,0,8,19,17,0,44,0,0,0,44
09/30/2015,ELM,NY,AEA,EN,Combined TRACON& Tower with Radar,10,18,11,0,39,0,0,0,0,0,10,18,11,0,39,0,0,0,39
10/01/2015,ELM,NY,AEA,EN,Combined TRACON& Tower with Radar,8,19,39,0,66,0,0,4,0,4,8,19,43,0,70,5,0,5,75
10/02/2015,ELM,NY,AEA,EN,Combined TRACON& Tower with Radar,13,16,17,0,46,0,0,3,0,3,13,16,20,0,49,14,0,14,63
10/03/2015,ELM,NY,AEA,EN,Combined TRACON& Tower with Radar,8,14,3,0,25,0,0,0,0,0,8,14,3,0,25,0,0,0,25
10/04/2015,ELM,NY,AEA,EN,Combined TRACON& Tower with Radar,10,9,6,0,25,0,0,16,0,16,10,9,22,0,41,6,0,6,47
10/05/2015,ELM,NY,AEA,EN,Combined TRACON& Tower with Radar,10,15,16,0,41,0,2,17,0,19,10,17,33,0,60,21,0,21,81
10/06/2015,ELM,NY,AEA,EN,Combined TRACON& Tower with Radar,10,18,17,0,45,0,1,0,0,1,10,19,17,0,46,0,0,0,46
10/07/2015,ELM,NY,AEA,EN,Combined TRACON& Tower with Radar,10,16,13,2,41,0,0,7,0,7,10,16,20,2,48,25,0,25,73
10/08/2015,ELM,NY,AEA,EN,Combined TRACON& Tower with Radar,12,22,24,0,58,0,0,8,0,8,12,22,32,0,66,24,0,24,90
10/09/2015,ELM,NY,AEA,EN,Combined TRACON& Tower with Radar,12,17,17,0,46,0,0,1,0,1,12,17,18,0,47,0,0,0,47
10/10/2015,ELM,NY,AEA,EN,Combined TRACON& Tower with Radar,8,12,12,0,32,0,0,10,0,10,8,12,22,0,42,20,0,20,62
10/11/2015,ELM,NY,AEA,EN,Combined TRACON& Tower with Radar,9,17,11,0,37,0,0,4,0,4,9,17,15,0,41,1,0,1,42
10/12/2015,ELM,NY,AEA,EN,Combined TRACON& Tower with Radar,9,19,18,0,46,0,0,16,1,17,9,19,34,1,63,28,0,28,91
10/13/2015,ELM,NY,AEA,EN,Combined TRACON& Tower with Radar,10,20,19,0,49,0,0,2,0,2,10,20,21,0,51,0,0,0,51
10/14/2015,ELM,NY,AEA,EN,Combined TRACON& Tower with Radar,11,15,22,0,48,0,0,6,0,6,11,15,28,0,54,12,0,12,66
10/15/2015,ELM,NY,AEA,EN,Combined TRACON& Tower with Radar,11,20,18,0,49,0,0,4,0,4,11,20,22,0,53,0,0,0,53
10/16/2015,ELM,NY,AEA,EN,Combined TRACON& Tower with Radar,12,15,24,0,51,0,1,0,0,1,12,16,24,0,52,0,0,0,52
10/17/2015,ELM,NY,AEA,EN,Combined TRACON& Tower with Radar,8,10,6,0,24,0,0,3,1,4,8,10,9,1,28,0,16,16,44
10/18/2015,ELM,NY,AEA,EN,Combined TRACON& Tower with Radar,10,10,1,0,21,0,0,0,0,0,10,10,1,0,21,4,0,4,25
10/19/2015,ELM,NY,AEA,EN,Combined TRACON& Tower with Radar,12,14,15,0,41,0,0,7,0,7,12,14,22,0,48,14,0,14,62
10/20/2015,ELM,NY,AEA,EN,Combined TRACON& Tower with Radar,10,18,27,0,55,0,1,12,0,13,10,19,39,0,68,17,0,17,85
10/21/2015,ELM,NY,AEA,EN,Combined TRACON& Tower with Radar,10,20,18,0,48,0,0,7,0,7,10,20,25,0,55,39,0,39,94
10/22/2015,ELM,NY,AEA,EN,Combined TRACON& Tower with Radar,12,17,23,0,52,0,2,6,0,8,12,19,29,0,60,32,0,32,92
10/23/2015,ELM,NY,AEA,EN,Combined TRACON& Tower with Radar,13,15,24,0,52,0,0,15,0,15,13,15,39,0,67,18,0,18,85
10/24/2015,ELM,NY,AEA,EN,Combined TRACON& Tower with Radar,8,12,7,0,27,0,0,4,0,4,8,12,11,0,31,2,0,2,33
10/25/2015,ELM,NY,AEA,EN,Combined TRACON& Tower with Radar,12,11,5,0,28,0,0,2,0,2,12,11,7,0,30,23,0,23,53
10/26/2015,ELM,NY,AEA,EN,Combined TRACON& Tower with Radar,12,17,20,0,49,0,1,11,0,12,12,18,31,0,61,33,0,33,94
10/27/2015,ELM,NY,AEA,EN,Combined TRACON& Tower with Radar,8,18,22,0,48,0,0,13,0,13,8,18,35,0,61,14,0,14,75
10/28/2015,ELM,NY,AEA,EN,Combined TRACON& Tower with Radar,8,15,16,0,39,0,0,0,0,0,8,15,16,0,39,0,0,0,39
10/29/2015,ELM,NY,AEA,EN,Combined TRACON& Tower with Radar,12,19,15,0,46,0,0,0,0,0,12,19,15,0,46,0,0,0,46
10/30/2015,ELM,NY,AEA,EN,Combined TRACON& Tower with Radar,10,15,14,0,39,0,0,7,0,7,10,15,21,0,46,14,0,14,60
10/31/2015,ELM,NY,AEA,EN,Combined TRACON& Tower with Radar,8,10,7,0,25,0,0,13,0,13,8,10,20,0,38,18,0,18,56
11/01/2015,ELM,NY,AEA,EN,Combined TRACON& Tower with Radar,12,8,9,0,29,0,0,3,0,3,12,8,12,0,32,0,0,0,32
11/02/2015,ELM,NY,AEA,EN,Combined TRACON& Tower with Radar,12,13,18,0,43,0,2,17,0,19,12,15,35,0,62,45,0,45,107
11/03/2015,ELM,NY,AEA,EN,Combined TRACON& Tower with Radar,10,14,18,0,42,0,2,17,0,19,10,16,35,0,61,13,0,13,74
11/04/2015,ELM,NY,AEA,EN,Combined TRACON& Tower with Radar,9,14,19,0,42,0,0,10,0,10,9,14,29,0,52,22,0,22,74
11/05/2015,ELM,NY,AEA,EN,Combined TRACON& Tower with Radar,12,17,21,0,50,0,0,4,0,4,12,17,25,0,54,20,0,20,74
11/06/2015,ELM,NY,AEA,EN,Combined TRACON& Tower with Radar,12,16,15,0,43,0,0,0,0,0,12,16,15,0,43,0,0,0,43
11/07/2015,ELM,NY,AEA,EN,Combined TRACON& Tower with Radar,8,11,3,0,22,0,0,2,0,2,8,11,5,0,24,0,0,0,24
11/08/2015,ELM,NY,AEA,EN,Combined TRACON& Tower with Radar,12,9,11,0,32,0,0,19,0,19,12,9,30,0,51,16,0,16,67
11/09/2015,ELM,NY,AEA,EN,Combined TRACON& Tower with Radar,12,13,18,0,43,0,0,10,0,10,12,13,28,0,53,6,0,6,59
11/10/2015,ELM,NY,AEA,EN,Combined TRACON& Tower with Radar,10,20,12,0,42,0,0,3,0,3,10,20,15,0,45,0,0,0,45
11/11/2015,ELM,NY,AEA,EN,Combined TRACON& Tower with Radar,10,16,16,0,42,0,0,6,0,6,10,16,22,0,48,25,0,25,73
11/12/2015,ELM,NY,AEA,EN,Combined TRACON& Tower with Radar,12,17,22,0,51,0,0,0,0,0,12,17,22,0,51,0,0,0,51
11/13/2015,ELM,NY,AEA,EN,Combined TRACON& Tower with Radar,12,15,22,0,49,0,0,0,0,0,12,15,22,0,49,0,0,0,49
11/14/2015,ELM,NY,AEA,EN,Combined TRACON& Tower with Radar,12,11,5,0,28,0,0,0,0,0,12,11,5,0,28,12,0,12,40
11/15/2015,ELM,NY,AEA,EN,Combined TRACON& Tower with Radar,12,9,12,0,33,0,0,9,0,9,12,9,21,0,42,14,0,14,56
11/16/2015,ELM,NY,AEA,EN,Combined TRACON& Tower with Radar,12,17,15,0,44,0,1,24,0,25,12,18,39,0,69,35,0,35,104
11/17/2015,ELM,NY,AEA,EN,Combined TRACON& Tower with Radar,10,15,17,0,42,0,0,15,0,15,10,15,32,0,57,19,0,19,76
11/18/2015,ELM,NY,AEA,EN,Combined TRACON& Tower with Radar,8,15,10,0,33,0,0,1,0,1,8,15,11,0,34,30,0,30,64
11/19/2015,ELM,NY,AEA,EN,Combined TRACON& Tower with Radar,12,19,18,1,50,0,0,0,0,0,12,19,18,1,50,0,0,0,50
11/20/2015,ELM,NY,AEA,EN,Combined TRACON& Tower with Radar,12,14,25,1,52,0,0,6,0,6,12,14,31,1,58,4,0,4,62
11/21/2015,ELM,NY,AEA,EN,Combined TRACON& Tower with Radar,5,9,8,0,22,0,2,4,0,6,5,11,12,0,28,8,0,8,36
11/22/2015,ELM,NY,AEA,EN,Combined TRACON& Tower with Radar,10,8,7,0,25,0,0,5,0,5,10,8,12,0,30,5,0,5,35
11/23/2015,ELM,NY,AEA,EN,Combined TRACON& Tower with Radar,11,16,14,0,41,0,0,13,0,13,11,16,27,0,54,12,0,12,66
11/24/2015,ELM,NY,AEA,EN,Combined TRACON& Tower with Radar,11,23,24,2,60,0,0,12,0,12,11,23,36,2,72,8,0,8,80
11/25/2015,ELM,NY,AEA,EN,Combined TRACON& Tower with Radar,12,18,17,0,47,0,0,14,0,14,12,18,31,0,61,6,0,6,67
11/26/2015,ELM,NY,AEA,EN,Combined TRACON& Tower with Radar,6,4,0,0,10,0,0,6,0,6,6,4,6,0,16,10,0,10,26
11/27/2015,ELM,NY,AEA,EN,Combined TRACON& Tower with Radar,6,10,2,0,18,0,0,10,0,10,6,10,12,0,28,3,0,3,31
11/28/2015,ELM,NY,AEA,EN,Combined TRACON& Tower with Radar,14,14,9,0,37,0,0,0,0,0,14,14,9,0,37,0,0,0,37
11/29/2015,ELM,NY,AEA,EN,Combined TRACON& Tower with Radar,16,12,19,0,47,0,0,1,0,1,16,12,20,0,48,0,0,0,48
11/30/2015,ELM,NY,AEA,EN,Combined TRACON& Tower with Radar,10,17,18,0,45,0,0,2,0,2,10,17,20,0,47,18,0,18,65
12/01/2015,ELM,NY,AEA,EN,Combined TRACON& Tower with Radar,10,18,13,0,41,0,0,0,0,0,10,18,13,0,41,0,0,0,41
12/02/2015,ELM,NY,AEA,EN,Combined TRACON& Tower with Radar,10,31,16,0,57,0,0,0,0,0,10,31,16,0,57,0,0,0,57
12/03/2015,ELM,NY,AEA,EN,Combined TRACON& Tower with Radar,10,24,14,0,48,0,0,2,0,2,10,24,16,0,50,0,0,0,50
12/04/2015,ELM,NY,AEA,EN,Combined TRACON& Tower with Radar,10,20,18,0,48,0,0,9,2,11,10,20,27,2,59,16,0,16,75
12/05/2015,ELM,NY,AEA,EN,Combined TRACON& Tower with Radar,8,13,11,0,32,0,0,5,0,5,8,13,16,0,37,28,0,28,65
12/06/2015,ELM,NY,AEA,EN,Combined TRACON& Tower with Radar,12,9,3,0,24,0,0,5,0,5,12,9,8,0,29,28,0,28,57
12/07/2015,ELM,NY,AEA,EN,Combined TRACON& Tower with Radar,12,15,22,0,49,0,0,4,0,4,12,15,26,0,53,12,0,12,65
12/08/2015,ELM,NY,AEA,EN,Combined TRACON& Tower with Radar,9,16,13,0,38,0,0,4,0,4,9,16,17,0,42,12,0,12,54
12/09/2015,ELM,NY,AEA,EN,Combined TRACON& Tower with Radar,10,17,12,0,39,0,0,5,0,5,10,17,17,0,44,10,0,10,54
12/10/2015,ELM,NY,AEA,EN,Combined TRACON& Tower with Radar,10,20,31,0,61,0,0,9,0,9,10,20,40,0,70,4,0,4,74
12/11/2015,ELM,NY,AEA,EN,Combined TRACON& Tower with Radar,12,16,17,0,45,0,0,3,0,3,12,16,20,0,48,0,0,0,48
12/12/2015,ELM,NY,AEA,EN,Combined TRACON& Tower with Radar,8,14,11,0,33,0,0,20,0,20,8,14,31,0,53,11,0,11,64
12/13/2015,ELM,NY,AEA,EN,Combined TRACON& Tower with Radar,12,10,7,0,29,0,0,4,0,4,12,10,11,0,33,14,0,14,47
12/14/2015,ELM,NY,AEA,EN,Combined TRACON& Tower with Radar,12,17,7,0,36,0,0,0,0,0,12,17,7,0,36,4,0,4,40
12/15/2015,ELM,NY,AEA,EN,Combined TRACON& Tower with Radar,10,21,13,0,44,0,0,0,0,0,10,21,13,0,44,0,0,0,44
12/16/2015,ELM,NY,AEA,EN,Combined TRACON& Tower with Radar,12,17,22,0,51,0,0,0,0,0,12,17,22,0,51,0,0,0,51
12/17/2015,ELM,NY,AEA,EN,Combined TRACON& Tower with Radar,12,22,19,0,53,0,0,0,0,0,12,22,19,0,53,0,0,0,53
12/18/2015,ELM,NY,AEA,EN,Combined TRACON& Tower with Radar,12,20,20,0,52,0,0,3,0,3,12,20,23,0,55,12,0,12,67
12/19/2015,ELM,NY,AEA,EN,Combined TRACON& Tower with Radar,5,19,2,0,26,0,0,0,0,0,5,19,2,0,26,0,0,0,26
12/20/2015,ELM,NY,AEA,EN,Combined TRACON& Tower with Radar,5,17,9,0,31,0,0,9,0,9,5,17,18,0,40,38,0,38,78
12/21/2015,ELM,NY,AEA,EN,Combined TRACON& Tower with Radar,5,25,10,0,40,0,0,12,0,12,5,25,22,0,52,12,0,12,64
12/22/2015,ELM,NY,AEA,EN,Combined TRACON& Tower with Radar,3,30,9,0,42,0,0,2,0,2,3,30,11,0,44,0,0,0,44
12/23/2015,ELM,NY,AEA,EN,Combined TRACON& Tower with Radar,8,34,4,0,46,0,0,1,0,1,8,34,5,0,47,0,0,0,47
12/24/2015,ELM,NY,AEA,EN,Combined TRACON& Tower with Radar,7,22,0,0,29,0,0,6,0,6,7,22,6,0,35,6,0,6,41
12/25/2015,ELM,NY,AEA,EN,Combined TRACON& Tower with Radar,7,5,1,0,13,0,0,11,0,11,7,5,12,0,24,4,0,4,28
12/26/2015,ELM,NY,AEA,EN,Combined TRACON& Tower with Radar,6,18,7,0,31,0,0,10,0,10,6,18,17,0,41,16,0,16,57
12/27/2015,ELM,NY,AEA,EN,Combined TRACON& Tower with Radar,8,19,4,0,31,0,0,0,0,0,8,19,4,0,31,0,0,0,31
12/28/2015,ELM,NY,AEA,EN,Combined TRACON& Tower with Radar,5,15,7,0,27,0,0,1,0,1,5,15,8,0,28,0,0,0,28
12/29/2015,ELM,NY,AEA,EN,Combined TRACON& Tower with Radar,7,31,6,0,44,0,0,0,0,0,7,31,6,0,44,0,0,0,44
12/30/2015,ELM,NY,AEA,EN,Combined TRACON& Tower with Radar,6,29,5,0,40,0,0,2,0,2,6,29,7,0,42,0,0,0,42
12/31/2015,ELM,NY,AEA,EN,Combined TRACON& Tower with Radar,7,17,4,0,28,0,0,7,0,7,7,17,11,0,35,0,0,0,35
01/01/2016,ELM,NY,AEA,EN,Combined TRACON& Tower with Radar,5,7,2,0,14,0,0,0,0,0,5,7,2,0,14,4,0,4,18
01/02/2016,ELM,NY,AEA,EN,Combined TRACON& Tower with Radar,6,19,6,0,31,0,0,0,0,0,6,19,6,0,31,8,0,8,39
01/03/2016,ELM,NY,AEA,EN,Combined TRACON& Tower with Radar,8,16,4,0,28,0,0,0,0,0,8,16,4,0,28,0,0,0,28
01/04/2016,ELM,NY,AEA,EN,Combined TRACON& Tower with Radar,5,23,10,0,38,0,0,0,0,0,5,23,10,0,38,0,0,0,38
01/05/2016,ELM,NY,AEA,EN,Combined TRACON& Tower with Radar,8,27,11,0,46,0,1,11,0,12,8,28,22,0,58,14,0,14,72
01/06/2016,ELM,NY,AEA,EN,Combined TRACON& Tower with Radar,8,20,8,2,38,0,0,15,0,15,8,20,23,2,53,18,0,18,71
01/07/2016,ELM,NY,AEA,EN,Combined TRACON& Tower with Radar,10,19,12,0,41,0,0,9,0,9,10,19,21,0,50,15,0,15,65
01/08/2016,ELM,NY,AEA,EN,Combined TRACON& Tower with Radar,10,17,14,0,41,0,0,7,0,7,10,17,21,0,48,28,0,28,76
01/09/2016,ELM,NY,AEA,EN,Combined TRACON& Tower with Radar,6,12,3,0,21,0,0,0,0,0,6,12,3,0,21,0,0,0,21
01/10/2016,ELM,NY,AEA,EN,Combined TRACON& Tower with Radar,12,9,0,0,21,0,0,0,0,0,12,9,0,0,21,0,0,0,21
01/11/2016,ELM,NY,AEA,EN,Combined TRACON& Tower with Radar,11,13,13,0,37,0,0,0,0,0,11,13,13,0,37,0,0,0,37
01/12/2016,ELM,NY,AEA,EN,Combined TRACON& Tower with Radar,10,17,11,0,38,0,0,0,0,0,10,17,11,0,38,0,0,0,38
01/13/2016,ELM,NY,AEA,EN,Combined TRACON& Tower with Radar,10,20,6,0,36,0,0,5,0,5,10,20,11,0,41,10,0,10,51
01/14/2016,ELM,NY,AEA,EN,Combined TRACON& Tower with Radar,12,22,11,0,45,0,0,5,0,5,12,22,16,0,50,4,0,4,54
01/15/2016,ELM,NY,AEA,EN,Combined TRACON& Tower with Radar,12,17,23,0,52,0,0,17,0,17,12,17,40,0,69,10,0,10,79
01/16/2016,ELM,NY,AEA,EN,Combined TRACON& Tower with Radar,9,11,1,0,21,0,0,1,0,1,9,11,2,0,22,0,0,0,22
01/17/2016,ELM,NY,AEA,EN,Combined TRACON& Tower with Radar,9,10,2,0,21,0,0,2,0,2,9,10,4,0,23,15,0,15,38
01/18/2016,ELM,NY,AEA,EN,Combined TRACON& Tower with Radar,12,19,15,0,46,0,0,1,0,1,12,19,16,0,47,0,0,0,47
01/19/2016,ELM,NY,AEA,EN,Combined TRACON& Tower with Radar,11,19,20,0,50,0,0,3,0,3,11,19,23,0,53,0,0,0,53
01/20/2016,ELM,NY,AEA,EN,Combined TRACON& Tower with Radar,10,17,19,0,46,0,0,4,0,4,10,17,23,0,50,5,0,5,55
01/21/2016,ELM,NY,AEA,EN,Combined TRACON& Tower with Radar,10,20,15,0,45,0,0,1,0,1,10,20,16,0,46,0,0,0,46
01/22/2016,ELM,NY,AEA,EN,Combined TRACON& Tower with Radar,12,18,15,0,45,0,0,4,0,4,12,18,19,0,49,2,0,2,51
01/23/2016,ELM,NY,AEA,EN,Combined TRACON& Tower with Radar,8,8,4,0,20,0,0,0,0,0,8,8,4,0,20,0,0,0,20
01/24/2016,ELM,NY,AEA,EN,Combined TRACON& Tower with Radar,12,7,1,0,20,0,0,6,0,6,12,7,7,0,26,18,0,18,44
01/25/2016,ELM,NY,AEA,EN,Combined TRACON& Tower with Radar,12,14,17,0,43,0,0,18,0,18,12,14,35,0,61,12,0,12,73
01/26/2016,ELM,NY,AEA,EN,Combined TRACON& Tower with Radar,10,14,17,0,41,0,0,6,0,6,10,14,23,0,47,0,0,0,47
01/27/2016,ELM,NY,AEA,EN,Combined TRACON& Tower with Radar,10,15,18,0,43,0,0,1,0,1,10,15,19,0,44,1,0,1,45
01/28/2016,ELM,NY,AEA,EN,Combined TRACON& Tower with Radar,12,21,12,0,45,0,0,0,0,0,12,21,12,0,45,0,0,0,45
01/29/2016,ELM,NY,AEA,EN,Combined TRACON& Tower with Radar,12,15,18,0,45,0,0,0,0,0,12,15,18,0,45,0,0,0,45
01/30/2016,ELM,NY,AEA,EN,Combined TRACON& Tower with Radar,8,11,2,0,21,0,0,2,0,2,8,11,4,0,23,4,0,4,27
01/31/2016,ELM,NY,AEA,EN,Combined TRACON& Tower with Radar,11,8,7,0,26,0,0,7,0,7,11,8,14,0,33,11,0,11,44
02/01/2016,ELM,NY,AEA,EN,Combined TRACON& Tower with Radar,12,15,14,0,41,0,0,0,0,0,12,15,14,0,41,0,0,0,41
02/02/2016,ELM,NY,AEA,EN,Combined TRACON& Tower with Radar,11,15,8,0,34,0,0,5,0,5,11,15,13,0,39,0,0,0,39
02/03/2016,ELM,NY,AEA,EN,Combined TRACON& Tower with Radar,10,13,7,0,30,0,0,0,0,0,10,13,7,0,30,0,0,0,30
02/04/2016,ELM,NY,AEA,EN,Combined TRACON& Tower with Radar,12,19,10,0,41,0,0,10,0,10,12,19,20,0,51,2,0,2,53
02/05/2016,ELM,NY,AEA,EN,Combined TRACON& Tower with Radar,12,14,23,1,50,0,0,7,1,8,12,14,30,2,58,6,0,6,64
02/06/2016,ELM,NY,AEA,EN,Combined TRACON& Tower with Radar,6,10,25,0,41,0,0,19,1,20,6,10,44,1,61,0,0,0,61
02/07/2016,ELM,NY,AEA,EN,Combined TRACON& Tower with Radar,8,6,2,0,16,0,0,22,0,22,8,6,24,0,38,76,0,76,114
02/08/2016,ELM,NY,AEA,EN,Combined TRACON& Tower with Radar,12,14,13,0,39,0,0,0,2,2,12,14,13,2,41,0,3,3,44
02/09/2016,ELM,NY,AEA,EN,Combined TRACON& Tower with Radar,8,15,16,0,39,0,0,0,0,0,8,15,16,0,39,0,0,0,39
02/10/2016,ELM,NY,AEA,EN,Combined TRACON& Tower with Radar,12,20,15,0,47,0,0,0,0,0,12,20,15,0,47,8,0,8,55
02/11/2016,ELM,NY,AEA,EN,Combined TRACON& Tower with Radar,12,16,16,0,44,0,0,0,0,0,12,16,16,0,44,2,0,2,46
02/12/2016,ELM,NY,AEA,EN,Combined TRACON& Tower with Radar,13,18,19,0,50,0,0,1,0,1,13,18,20,0,51,0,0,0,51
02/13/2016,ELM,NY,AEA,EN,Combined TRACON& Tower with Radar,11,13,4,0,28,0,0,0,0,0,11,13,4,0,28,0,0,0,28
02/14/2016,ELM,NY,AEA,EN,Combined TRACON& Tower with Radar,10,7,6,0,23,0,0,2,0,2,10,7,8,0,25,4,0,4,29
02/15/2016,ELM,NY,AEA,EN,Combined TRACON& Tower with Radar,12,14,7,0,33,0,0,0,0,0,12,14,7,0,33,8,0,8,41
02/16/2016,ELM,NY,AEA,EN,Combined TRACON& Tower with Radar,7,8,9,0,24,0,0,0,0,0,7,8,9,0,24,0,0,0,24
02/17/2016,ELM,NY,AEA,EN,Combined TRACON& Tower with Radar,12,13,14,0,39,0,0,0,0,0,12,13,14,0,39,0,0,0,39
02/18/2016,ELM,NY,AEA,EN,Combined TRACON& Tower with Radar,12,20,11,0,43,0,0,6,0,6,12,20,17,0,49,6,0,6,55
02/19/2016,ELM,NY,AEA,EN,Combined TRACON& Tower with Radar,12,14,15,0,41,0,0,5,0,5,12,14,20,0,46,0,0,0,46
02/20/2016,ELM,NY,AEA,EN,Combined TRACON& Tower with Radar,12,10,2,0,24,0,0,7,0,7,12,10,9,0,31,4,0,4,35
02/21/2016,ELM,NY,AEA,EN,Combined TRACON& Tower with Radar,12,9,9,0,30,0,0,1,0,1,12,9,10,0,31,22,0,22,53
02/22/2016,ELM,NY,AEA,EN,Combined TRACON& Tower with Radar,13,13,18,0,44,0,0,5,4,9,13,13,23,4,53,6,0,6,59
02/23/2016,ELM,NY,AEA,EN,Combined TRACON& Tower with Radar,12,16,20,0,48,0,0,3,0,3,12,16,23,0,51,18,0,18,69
02/24/2016,ELM,NY,AEA,EN,Combined TRACON& Tower with Radar,12,12,7,0,31,0,0,0,0,0,12,12,7,0,31,0,0,0,31
02/25/2016,ELM,NY,AEA,EN,Combined TRACON& Tower with Radar,12,16,16,0,44,0,0,3,0,3,12,16,19,0,47,0,0,0,47
02/26/2016,ELM,NY,AEA,EN,Combined TRACON& Tower with Radar,12,21,14,0,47,0,0,7,0,7,12,21,21,0,54,10,0,10,64
02/27/2016,ELM,NY,AEA,EN,Combined TRACON& Tower with Radar,10,8,2,0,20,0,1,5,0,6,10,9,7,0,26,9,0,9,35
02/28/2016,ELM,NY,AEA,EN,Combined TRACON& Tower with Radar,12,11,9,0,32,0,0,9,0,9,12,11,18,0,41,34,0,34,75
02/29/2016,ELM,NY,AEA,EN,Combined TRACON& Tower with Radar,12,12,21,0,45,0,0,0,0,0,12,12,21,0,45,1,0,1,46
03/01/2016,ELM,NY,AEA,EN,Combined TRACON& Tower with Radar,8,15,17,0,40,0,0,10,0,10,8,15,27,0,50,2,0,2,52
03/02/2016,ELM,NY,AEA,EN,Combined TRACON& Tower with Radar,10,15,17,0,42,0,0,0,0,0,10,15,17,0,42,0,4,4,46
03/03/2016,ELM,NY,AEA,EN,Combined TRACON& Tower with Radar,12,16,18,0,46,0,0,3,3,6,12,16,21,3,52,6,0,6,58
03/04/2016,ELM,NY,AEA,EN,Combined TRACON& Tower with Radar,12,15,26,0,53,0,0,0,0,0,12,15,26,0,53,8,0,8,61
03/05/2016,ELM,NY,AEA,EN,Combined TRACON& Tower with Radar,10,11,10,0,31,0,1,10,2,13,10,12,20,2,44,32,0,32,76
03/06/2016,ELM,NY,AEA,EN,Combined TRACON& Tower with Radar,12,7,10,0,29,0,0,3,0,3,12,7,13,0,32,38,0,38,70
03/07/2016,ELM,NY,AEA,EN,Combined TRACON& Tower with Radar,13,13,19,0,45,0,1,6,0,7,13,14,25,0,52,5,0,5,57
03/08/2016,ELM,NY,AEA,EN,Combined TRACON& Tower with Radar,10,16,21,3,50,0,0,18,0,18,10,16,39,3,68,30,0,30,98
03/09/2016,ELM,NY,AEA,EN,Combined TRACON& Tower with Radar,12,14,12,0,38,0,2,7,0,9,12,16,19,0,47,0,0,0,47
03/10/2016,ELM,NY,AEA,EN,Combined TRACON& Tower with Radar,11,16,17,0,44,0,0,0,0,0,11,16,17,0,44,0,0,0,44
03/11/2016,ELM,NY,AEA,EN,Combined TRACON& Tower with Radar,12,14,18,2,46,0,1,6,0,7,12,15,24,2,53,4,0,4,57
03/12/2016,ELM,NY,AEA,EN,Combined TRACON& Tower with Radar,10,14,2,0,26,0,0,17,0,17,10,14,19,0,43,15,0,15,58
03/13/2016,ELM,NY,AEA,EN,Combined TRACON& Tower with Radar,10,6,7,0,23,0,0,13,0,13,10,6,20,0,36,26,0,26,62
03/14/2016,ELM,NY,AEA,EN,Combined TRACON& Tower with Radar,13,12,18,0,43,0,0,1,0,1,13,12,19,0,44,0,0,0,44
03/15/2016,ELM,NY,AEA,EN,Combined TRACON& Tower with Radar,9,14,19,2,44,0,0,1,0,1,9,14,20,2,45,2,0,2,47
03/16/2016,ELM,NY,AEA,EN,Combined TRACON& Tower with Radar,11,17,16,0,44,0,0,2,0,2,11,17,18,0,46,0,0,0,46
03/17/2016,ELM,NY,AEA,EN,Combined TRACON& Tower with Radar,13,16,9,0,38,0,0,0,0,0,13,16,9,0,38,0,0,0,38
03/18/2016,ELM,NY,AEA,EN,Combined TRACON& Tower with Radar,12,18,8,0,38,0,0,0,0,0,12,18,8,0,38,0,0,0,38
03/19/2016,ELM,NY,AEA,EN,Combined TRACON& Tower with Radar,10,14,3,0,27,0,1,9,0,10,10,15,12,0,37,14,0,14,51
03/20/2016,ELM,NY,AEA,EN,Combined TRACON& Tower with Radar,12,8,6,0,26,0,0,9,0,9,12,8,15,0,35,0,0,0,35
03/21/2016,ELM,NY,AEA,EN,Combined TRACON& Tower with Radar,12,13,18,0,43,0,0,3,0,3,12,13,21,0,46,12,0,12,58
03/22/2016,ELM,NY,AEA,EN,Combined TRACON& Tower with Radar,10,16,14,0,40,0,0,2,0,2,10,16,16,0,42,4,0,4,46
03/23/2016,ELM,NY,AEA,EN,Combined TRACON& Tower with Radar,12,20,19,2,53,0,0,5,0,5,12,20,24,2,58,3,0,3,61
03/24/2016,ELM,NY,AEA,EN,Combined TRACON& Tower with Radar,12,17,14,0,43,0,0,2,0,2,12,17,16,0,45,0,0,0,45
03/25/2016,ELM,NY,AEA,EN,Combined TRACON& Tower with Radar,12,18,8,0,38,0,0,1,0,1,12,18,9,0,39,0,0,0,39
03/26/2016,ELM,NY,AEA,EN,Combined TRACON& Tower with Radar,14,16,2,0,32,0,0,18,0,18,14,16,20,0,50,38,0,38,88
03/27/2016,ELM,NY,AEA,EN,Combined TRACON& Tower with Radar,12,6,7,0,25,0,2,3,0,5,12,8,10,0,30,6,0,6,36
03/28/2016,ELM,NY,AEA,EN,Combined TRACON& Tower with Radar,12,15,12,0,39,0,0,0,0,0,12,15,12,0,39,0,0,0,39
03/29/2016,ELM,NY,AEA,EN,Combined TRACON& Tower with Radar,12,13,10,0,35,0,0,3,0,3,12,13,13,0,38,0,0,0,38
03/30/2016,ELM,NY,AEA,EN,Combined TRACON& Tower with Radar,12,17,24,0,53,0,0,16,0,16,12,17,40,0,69,10,0,10,79
03/31/2016,ELM,NY,AEA,EN,Combined TRACON& Tower with Radar,12,15,15,0,42,0,0,0,0,0,12,15,15,0,42,0,0,0,42
04/01/2016,ELM,NY,AEA,EN,Combined TRACON& Tower with Radar,12,16,16,0,44,0,0,2,0,2,12,16,18,0,46,0,0,0,46
04/02/2016,ELM,NY,AEA,EN,Combined TRACON& Tower with Radar,12,13,2,0,27,0,0,0,0,0,12,13,2,0,27,0,0,0,27
04/03/2016,ELM,NY,AEA,EN,Combined TRACON& Tower with Radar,12,10,7,0,29,0,0,0,0,0,12,10,7,0,29,0,0,0,29
04/04/2016,ELM,NY,AEA,EN,Combined TRACON& Tower with Radar,12,12,12,0,36,0,0,1,0,1,12,12,13,0,37,4,0,4,41
04/05/2016,ELM,NY,AEA,EN,Combined TRACON& Tower with Radar,10,15,17,0,42,0,2,13,0,15,10,17,30,0,57,9,0,9,66
04/06/2016,ELM,NY,AEA,EN,Combined TRACON& Tower with Radar,10,13,13,0,36,0,0,4,0,4,10,13,17,0,40,0,0,0,40
04/07/2016,ELM,NY,AEA,EN,Combined TRACON& Tower with Radar,12,13,13,0,38,0,0,4,0,4,12,13,17,0,42,8,0,8,50
04/08/2016,ELM,NY,AEA,EN,Combined TRACON& Tower with Radar,12,13,15,0,40,0,0,0,0,0,12,13,15,0,40,10,0,10,50
04/09/2016,ELM,NY,AEA,EN,Combined TRACON& Tower with Radar,8,9,4,0,21,0,0,1,0,1,8,9,5,0,22,4,0,4,26
04/10/2016,ELM,NY,AEA,EN,Combined TRACON& Tower with Radar,12,5,6,0,23,0,0,11,0,11,12,5,17,0,34,26,0,26,60
04/11/2016,ELM,NY,AEA,EN,Combined TRACON& Tower with Radar,12,12,8,0,32,0,0,1,0,1,12,12,9,0,33,2,0,2,35
04/12/2016,ELM,NY,AEA,EN,Combined TRACON& Tower with Radar,10,14,10,1,35,0,0,6,1,7,10,14,16,2,42,19,0,19,61
04/13/2016,ELM,NY,AEA,EN,Combined TRACON& Tower with Radar,9,11,19,0,39,0,0,23,0,23,9,11,42,0,62,25,0,25,87
04/14/2016,ELM,NY,AEA,EN,Combined TRACON& Tower with Radar,12,17,13,0,42,0,0,21,0,21,12,17,34,0,63,0,0,0,63
04/15/2016,ELM,NY,AEA,EN,Combined TRACON& Tower with Radar,12,10,17,0,39,0,0,13,0,13,12,10,30,0,52,6,0,6,58
04/16/2016,ELM,NY,AEA,EN,Combined TRACON& Tower with Radar,8,8,5,0,21,0,2,27,0,29,8,10,32,0,50,12,0,12,62
04/17/2016,ELM,NY,AEA,EN,Combined TRACON& Tower with Radar,12,6,6,0,24,0,0,26,0,26,12,6,32,0,50,31,0,31,81
04/18/2016,ELM,NY,AEA,EN,Combined TRACON& Tower with Radar,14,8,12,2,36,0,0,7,0,7,14,8,19,2,43,24,0,24,67
04/19/2016,ELM,NY,AEA,EN,Combined TRACON& Tower with Radar,10,11,13,0,34,0,0,5,0,5,10,11,18,0,39,8,0,8,47
04/20/2016,ELM,NY,AEA,EN,Combined TRACON& Tower with Radar,10,13,15,0,38,0,1,28,0,29,10,14,43,0,67,24,0,24,91
04/21/2016,ELM,NY,AEA,EN,Combined TRACON& Tower with Radar,12,17,17,0,46,0,0,14,2,16,12,17,31,2,62,20,0,20,82
04/22/2016,ELM,NY,AEA,EN,Combined TRACON& Tower with Radar,12,15,25,0,52,0,1,1,0,2,12,16,26,0,54,4,0,4,58
04/23/2016,ELM,NY,AEA,EN,Combined TRACON& Tower with Radar,8,8,4,0,20,0,0,4,0,4,8,8,8,0,24,0,0,0,24
04/24/2016,ELM,NY,AEA,EN,Combined TRACON& Tower with Radar,12,4,7,0,23,0,0,20,0,20,12,4,27,0,43,18,0,18,61
04/25/2016,ELM,NY,AEA,EN,Combined TRACON& Tower with Radar,13,8,9,0,30,0,0,8,0,8,13,8,17,0,38,16,0,16,54
04/26/2016,ELM,NY,AEA,EN,Combined TRACON& Tower with Radar,10,14,26,0,50,0,0,0,0,0,10,14,26,0,50,2,0,2,52
04/27/2016,ELM,NY,AEA,EN,Combined TRACON& Tower with Radar,9,13,18,0,40,0,0,5,0,5,9,13,23,0,45,15,0,15,60
04/28/2016,ELM,NY,AEA,EN,Combined TRACON& Tower with Radar,12,17,23,0,52,0,0,16,0,16,12,17,39,0,68,4,0,4,72
04/29/2016,ELM,NY,AEA,EN,Combined TRACON& Tower with Radar,12,16,12,0,40,0,0,0,0,0,12,16,12,0,40,2,0,2,42
04/30/2016,ELM,NY,AEA,EN,Combined TRACON& Tower with Radar,8,12,8,0,28,0,0,17,0,17,8,12,25,0,45,56,0,56,101
05/01/2016,ELM,NY,AEA,EN,Combined TRACON& Tower with Radar,12,6,6,0,24,0,0,0,0,0,12,6,6,0,24,0,0,0,24
05/02/2016,ELM,NY,AEA,EN,Combined TRACON& Tower with Radar,12,9,14,0,35,0,0,0,0,0,12,9,14,0,35,12,0,12,47
05/03/2016,ELM,NY,AEA,EN,Combined TRACON& Tower with Radar,10,19,31,0,60,0,0,1,0,1,10,19,32,0,61,28,0,28,89
05/04/2016,ELM,NY,AEA,EN,Combined TRACON& Tower with Radar,10,11,17,0,38,0,0,1,0,1,10,11,18,0,39,0,0,0,39
05/05/2016,ELM,NY,AEA,EN,Combined TRACON& Tower with Radar,12,14,21,0,47,0,0,2,0,2,12,14,23,0,49,0,0,0,49
05/06/2016,ELM,NY,AEA,EN,Combined TRACON& Tower with Radar,12,12,11,0,35,0,0,1,0,1,12,12,12,0,36,0,0,0,36
05/07/2016,ELM,NY,AEA,EN,Combined TRACON& Tower with Radar,8,11,2,0,21,0,0,11,0,11,8,11,13,0,32,59,0,59,91
05/08/2016,ELM,NY,AEA,EN,Combined TRACON& Tower with Radar,12,4,14,0,30,0,1,0,0,1,12,5,14,0,31,4,0,4,35
05/09/2016,ELM,NY,AEA,EN,Combined TRACON& Tower with Radar,12,10,25,0,47,0,0,3,0,3,12,10,28,0,50,2,0,2,52
05/10/2016,ELM,NY,AEA,EN,Combined TRACON& Tower with Radar,10,13,18,0,41,0,0,4,0,4,10,13,22,0,45,4,0,4,49
05/11/2016,ELM,NY,AEA,EN,Combined TRACON& Tower with Radar,11,12,30,0,53,0,0,10,0,10,11,12,40,0,63,20,0,20,83
05/12/2016,ELM,NY,AEA,EN,Combined TRACON& Tower with Radar,12,14,25,0,51,0,0,6,0,6,12,14,31,0,57,0,0,0,57
05/13/2016,ELM,NY,AEA,EN,Combined TRACON& Tower with Radar,12,17,16,0,45,0,0,2,0,2,12,17,18,0,47,26,0,26,73
05/14/2016,ELM,NY,AEA,EN,Combined TRACON& Tower with Radar,8,11,11,0,30,0,0,4,0,4,8,11,15,0,34,10,0,10,44
05/15/2016,ELM,NY,AEA,EN,Combined TRACON& Tower with Radar,12,7,14,0,33,0,0,0,0,0,12,7,14,0,33,0,0,0,33
05/16/2016,ELM,NY,AEA,EN,Combined TRACON& Tower with Radar,12,10,16,0,38,0,0,10,0,10,12,10,26,0,48,0,0,0,48
05/17/2016,ELM,NY,AEA,EN,Combined TRACON& Tower with Radar,10,14,13,2,39,0,0,11,2,13,10,14,24,4,52,4,0,4,56
05/18/2016,ELM,NY,AEA,EN,Combined TRACON& Tower with Radar,10,18,24,0,52,0,0,19,0,19,10,18,43,0,71,45,0,45,116
05/19/2016,ELM,NY,AEA,EN,Combined TRACON& Tower with Radar,12,21,18,0,51,0,0,15,0,15,12,21,33,0,66,0,0,0,66
05/20/2016,ELM,NY,AEA,EN,Combined TRACON& Tower with Radar,13,14,24,0,51,0,0,7,0,7,13,14,31,0,58,46,0,46,104
05/21/2016,ELM,NY,AEA,EN,Combined TRACON& Tower with Radar,8,10,13,0,31,0,0,3,0,3,8,10,16,0,34,28,0,28,62
05/22/2016,ELM,NY,AEA,EN,Combined TRACON& Tower with Radar,12,9,11,0,32,0,0,2,0,2,12,9,13,0,34,12,0,12,46
05/23/2016,ELM,NY,AEA,EN,Combined TRACON& Tower with Radar,12,10,17,0,39,0,1,5,0,6,12,11,22,0,45,25,0,25,70
05/24/2016,ELM,NY,AEA,EN,Combined TRACON& Tower with Radar,10,16,36,1,63,0,1,22,1,24,10,17,58,2,87,27,0,27,114
05/25/2016,ELM,NY,AEA,EN,Combined TRACON& Tower with Radar,10,23,21,0,54,0,0,7,0,7,10,23,28,0,61,14,0,14,75
05/26/2016,ELM,NY,AEA,EN,Combined TRACON& Tower with Radar,12,11,20,0,43,0,0,8,0,8,12,11,28,0,51,30,0,30,81
05/27/2016,ELM,NY,AEA,EN,Combined TRACON& Tower with Radar,12,14,13,0,39,0,0,8,0,8,12,14,21,0,47,2,0,2,49
05/28/2016,ELM,NY,AEA,EN,Combined TRACON& Tower with Radar,8,7,10,0,25,0,0,10,0,10,8,7,20,0,35,32,0,32,67
05/29/2016,ELM,NY,AEA,EN,Combined TRACON& Tower with Radar,10,3,1,0,14,0,0,4,0,4,10,3,5,0,18,2,0,2,20
05/30/2016,ELM,NY,AEA,EN,Combined TRACON& Tower with Radar,12,4,17,0,33,0,0,8,0,8,12,4,25,0,41,16,0,16,57
05/31/2016,ELM,NY,AEA,EN,Combined TRACON& Tower with Radar,10,13,14,0,37,0,0,4,0,4,10,13,18,0,41,56,0,56,97
06/01/2016,ELM,NY,AEA,EN,Combined TRACON& Tower with Radar,10,19,14,0,43,0,0,8,0,8,10,19,22,0,51,2,0,2,53
06/02/2016,ELM,NY,AEA,EN,Combined TRACON& Tower with Radar,12,14,20,0,46,0,0,2,0,2,12,14,22,0,48,0,0,0,48
06/03/2016,ELM,NY,AEA,EN,Combined TRACON& Tower with Radar,12,13,18,0,43,0,2,15,0,17,12,15,33,0,60,14,0,14,74
06/04/2016,ELM,NY,AEA,EN,Combined TRACON& Tower with Radar,9,11,7,0,27,0,5,36,0,41,9,16,43,0,68,70,0,70,138
06/05/2016,ELM,NY,AEA,EN,Combined TRACON& Tower with Radar,12,9,11,0,32,0,0,0,0,0,12,9,11,0,32,0,0,0,32
06/06/2016,ELM,NY,AEA,EN,Combined TRACON& Tower with Radar,12,11,12,0,35,0,1,4,0,5,12,12,16,0,40,8,0,8,48
06/07/2016,ELM,NY,AEA,EN,Combined TRACON& Tower with Radar,10,16,18,0,44,0,0,1,0,1,10,16,19,0,45,2,0,2,47
06/08/2016,ELM,NY,AEA,EN,Combined TRACON& Tower with Radar,10,12,18,0,40,0,0,2,0,2,10,12,20,0,42,1,0,1,43
06/09/2016,ELM,NY,AEA,EN,Combined TRACON& Tower with Radar,12,15,11,0,38,0,1,8,0,9,12,16,19,0,47,0,0,0,47
06/10/2016,ELM,NY,AEA,EN,Combined TRACON& Tower with Radar,13,14,11,0,38,0,2,17,0,19,13,16,28,0,57,6,0,6,63
06/11/2016,ELM,NY,AEA,EN,Combined TRACON& Tower with Radar,8,6,3,0,17,0,0,21,0,21,8,6,24,0,38,42,0,42,80
06/12/2016,ELM,NY,AEA,EN,Combined TRACON& Tower with Radar,12,5,6,0,23,0,0,5,0,5,12,5,11,0,28,0,0,0,28
06/13/2016,ELM,NY,AEA,EN,Combined TRACON& Tower with Radar,12,8,17,0,37,0,0,14,0,14,12,8,31,0,51,28,0,28,79
06/14/2016,ELM,NY,AEA,EN,Combined TRACON& Tower with Radar,11,16,14,0,41,0,1,25,0,26,11,17,39,0,67,6,0,6,73
06/15/2016,ELM,NY,AEA,EN,Combined TRACON& Tower with Radar,12,17,18,0,47,0,2,22,0,24,12,19,40,0,71,27,0,27,98
06/16/2016,ELM,NY,AEA,EN,Combined TRACON& Tower with Radar,12,15,20,0,47,0,0,0,0,0,12,15,20,0,47,48,0,48,95
06/17/2016,ELM,NY,AEA,EN,Combined TRACON& Tower with Radar,14,12,24,0,50,0,0,13,0,13,14,12,37,0,63,2,0,2,65
06/18/2016,ELM,NY,AEA,EN,Combined TRACON& Tower with Radar,8,7,7,0,22,0,0,11,0,11,8,7,18,0,33,30,0,30,63
06/19/2016,ELM,NY,AEA,EN,Combined TRACON& Tower with Radar,12,7,7,0,26,0,0,21,0,21,12,7,28,0,47,38,0,38,85
06/20/2016,ELM,NY,AEA,EN,Combined TRACON& Tower with Radar,12,11,12,0,35,0,0,8,0,8,12,11,20,0,43,8,0,8,51
06/21/2016,ELM,NY,AEA,EN,Combined TRACON& Tower with Radar,10,12,19,0,41,0,0,13,0,13,10,12,32,0,54,16,0,16,70
06/22/2016,ELM,NY,AEA,EN,Combined TRACON& Tower with Radar,11,13,19,0,43,0,1,7,0,8,11,14,26,0,51,8,0,8,59
06/23/2016,ELM,NY,AEA,EN,Combined TRACON& Tower with Radar,13,14,16,0,43,0,0,8,0,8,13,14,24,0,51,24,0,24,75
06/24/2016,ELM,NY,AEA,EN,Combined TRACON& Tower with Radar,12,12,11,0,35,0,3,15,0,18,12,15,26,0,53,0,0,0,53
06/25/2016,ELM,NY,AEA,EN,Combined TRACON& Tower with Radar,10,7,2,0,19,0,0,28,0,28,10,7,30,0,47,14,0,14,61
06/26/2016,ELM,NY,AEA,EN,Combined TRACON& Tower with Radar,12,7,6,0,25,0,2,18,0,20,12,9,24,0,45,17,0,17,62
06/27/2016,ELM,NY,AEA,EN,Combined TRACON& Tower with Radar,12,14,16,0,42,0,0,1,0,1,12,14,17,0,43,6,0,6,49
06/28/2016,ELM,NY,AEA,EN,Combined TRACON& Tower with Radar,11,12,16,0,39,0,0,0,0,0,11,12,16,0,39,0,0,0,39
06/29/2016,ELM,NY,AEA,EN,Combined TRACON& Tower with Radar,12,23,21,0,56,0,0,13,0,13,12,23,34,0,69,21,0,21,90
06/30/2016,ELM,NY,AEA,EN,Combined TRACON& Tower with Radar,12,23,42,0,77,0,2,32,0,34,12,25,74,0,111,20,0,20,131
07/01/2016,ELM,NY,AEA,EN,Combined TRACON& Tower with Radar,12,20,20,0,52,0,1,3,0,4,12,21,23,0,56,0,0,0,56
07/02/2016,ELM,NY,AEA,EN,Combined TRACON& Tower with Radar,12,13,19,0,44,0,2,18,1,21,12,15,37,1,65,52,0,52,117
07/03/2016,ELM,NY,AEA,EN,Combined TRACON& Tower with Radar,10,10,25,0,45,0,0,41,0,41,10,10,66,0,86,66,0,66,152
07/04/2016,ELM,NY,AEA,EN,Combined TRACON& Tower with Radar,10,5,6,0,21,0,0,10,0,10,10,5,16,0,31,17,0,17,48
07/05/2016,ELM,NY,AEA,EN,Combined TRACON& Tower with Radar,10,14,10,0,34,0,0,5,0,5,10,14,15,0,39,26,0,26,65
07/06/2016,ELM,NY,AEA,EN,Combined TRACON& Tower with Radar,12,15,20,0,47,0,0,7,0,7,12,15,27,0,54,13,0,13,67
07/07/2016,ELM,NY,AEA,EN,Combined TRACON& Tower with Radar,13,19,14,0,46,0,0,20,0,20,13,19,34,0,66,24,0,24,90
07/08/2016,ELM,NY,AEA,EN,Combined TRACON& Tower with Radar,12,12,11,0,35,0,0,10,0,10,12,12,21,0,45,26,0,26,71
07/09/2016,ELM,NY,AEA,EN,Combined TRACON& Tower with Radar,10,13,7,0,30,0,0,7,0,7,10,13,14,0,37,8,0,8,45
07/10/2016,ELM,NY,AEA,EN,Combined TRACON& Tower with Radar,12,12,9,0,33,0,2,2,0,4,12,14,11,0,37,38,0,38,75
07/11/2016,ELM,NY,AEA,EN,Combined TRACON& Tower with Radar,14,15,13,0,42,0,1,12,0,13,14,16,25,0,55,34,0,34,89
07/12/2016,ELM,NY,AEA,EN,Combined TRACON& Tower with Radar,10,19,14,0,43,0,0,19,0,19,10,19,33,0,62,40,0,40,102
07/13/2016,ELM,NY,AEA,EN,Combined TRACON& Tower with Radar,12,18,16,0,46,0,0,4,0,4,12,18,20,0,50,20,0,20,70
07/14/2016,ELM,NY,AEA,EN,Combined TRACON& Tower with Radar,12,21,29,0,62,0,0,1,2,3,12,21,30,2,65,22,0,22,87
07/15/2016,ELM,NY,AEA,EN,Combined TRACON& Tower with Radar,12,19,25,0,56,0,0,8,0,8,12,19,33,0,64,0,0,0,64
07/16/2016,ELM,NY,AEA,EN,Combined TRACON& Tower with Radar,11,11,5,0,27,0,0,14,0,14,11,11,19,0,41,25,0,25,66
07/17/2016,ELM,NY,AEA,EN,Combined TRACON& Tower with Radar,12,11,15,0,38,0,1,15,0,16,12,12,30,0,54,20,0,20,74
07/18/2016,ELM,NY,AEA,EN,Combined TRACON& Tower with Radar,12,11,16,0,39,0,0,2,0,2,12,11,18,0,41,0,0,0,41
07/19/2016,ELM,NY,AEA,EN,Combined TRACON& Tower with Radar,2,16,28,2,48,0,1,5,0,6,2,17,33,2,54,41,0,41,95
07/20/2016,ELM,NY,AEA,EN,Combined TRACON& Tower with Radar,12,16,28,0,56,0,0,24,1,25,12,16,52,1,81,35,0,35,116
07/21/2016,ELM,NY,AEA,EN,Combined TRACON& Tower with Radar,11,17,22,0,50,0,0,6,3,9,11,17,28,3,59,33,0,33,92
07/22/2016,ELM,NY,AEA,EN,Combined TRACON& Tower with Radar,12,17,9,0,38,0,0,12,4,16,12,17,21,4,54,18,0,18,72
07/23/2016,ELM,NY,AEA,EN,Combined TRACON& Tower with Radar,10,9,8,0,27,0,2,15,0,17,10,11,23,0,44,28,0,28,72
07/24/2016,ELM,NY,AEA,EN,Combined TRACON& Tower with Radar,12,6,8,0,26,0,0,11,0,11,12,6,19,0,37,2,0,2,39
07/25/2016,ELM,NY,AEA,EN,Combined TRACON& Tower with Radar,14,12,26,0,52,0,0,3,0,3,14,12,29,0,55,8,0,8,63
07/26/2016,ELM,NY,AEA,EN,Combined TRACON& Tower with Radar,10,18,19,0,47,0,0,4,0,4,10,18,23,0,51,21,0,21,72
07/27/2016,ELM,NY,AEA,EN,Combined TRACON& Tower with Radar,13,13,22,0,48,0,1,10,0,11,13,14,32,0,59,40,0,40,99
07/28/2016,ELM,NY,AEA,EN,Combined TRACON& Tower with Radar,11,16,21,0,48,0,0,13,0,13,11,16,34,0,61,10,0,10,71
07/29/2016,ELM,NY,AEA,EN,Combined TRACON& Tower with Radar,14,15,23,0,52,0,0,13,0,13,14,15,36,0,65,8,0,8,73
07/30/2016,ELM,NY,AEA,EN,Combined TRACON& Tower with Radar,10,8,4,0,22,0,0,0,0,0,10,8,4,0,22,22,0,22,44
07/31/2016,ELM,NY,AEA,EN,Combined TRACON& Tower with Radar,12,8,6,0,26,0,0,2,0,2,12,8,8,0,28,12,0,12,40
08/01/2016,ELM,NY,AEA,EN,Combined TRACON& Tower with Radar,12,16,14,0,42,0,0,0,0,0,12,16,14,0,42,18,0,18,60
08/02/2016,ELM,NY,AEA,EN,Combined TRACON& Tower with Radar,12,16,15,0,43,0,0,7,0,7,12,16,22,0,50,38,0,38,88
08/03/2016,ELM,NY,AEA,EN,Combined TRACON& Tower with Radar,12,15,16,0,43,0,0,7,0,7,12,15,23,0,50,27,0,27,77
08/04/2016,ELM,NY,AEA,EN,Combined TRACON& Tower with Radar,12,16,48,0,76,0,0,10,0,10,12,16,58,0,86,14,0,14,100
08/05/2016,ELM,NY,AEA,EN,Combined TRACON& Tower with Radar,12,17,23,1,53,0,0,23,0,23,12,17,46,1,76,20,0,20,96
08/06/2016,ELM,NY,AEA,EN,Combined TRACON& Tower with Radar,10,11,34,0,55,0,0,10,0,10,10,11,44,0,65,17,0,17,82
08/07/2016,ELM,NY,AEA,EN,Combined TRACON& Tower with Radar,10,16,52,3,81,0,0,19,0,19,10,16,71,3,100,28,0,28,128
08/08/2016,ELM,NY,AEA,EN,Combined TRACON& Tower with Radar,12,18,15,0,45,0,0,10,6,16,12,18,25,6,61,16,0,16,77
08/09/2016,ELM,NY,AEA,EN,Combined TRACON& Tower with Radar,10,17,21,0,48,0,0,29,0,29,10,17,50,0,77,22,0,22,99
08/10/2016,ELM,NY,AEA,EN,Combined TRACON& Tower with Radar,14,17,11,0,42,0,0,4,0,4,14,17,15,0,46,5,0,5,51
08/11/2016,ELM,NY,AEA,EN,Combined TRACON& Tower with Radar,14,15,26,0,55,0,0,6,0,6,14,15,32,0,61,16,0,16,77
08/12/2016,ELM,NY,AEA,EN,Combined TRACON& Tower with Radar,12,13,12,0,37,0,0,1,0,1,12,13,13,0,38,15,0,15,53
08/13/2016,ELM,NY,AEA,EN,Combined TRACON& Tower with Radar,10,8,6,0,24,0,0,8,0,8,10,8,14,0,32,34,0,34,66
08/14/2016,ELM,NY,AEA,EN,Combined TRACON& Tower with Radar,12,5,2,0,19,0,0,1,0,1,12,5,3,0,20,8,0,8,28
08/15/2016,ELM,NY,AEA,EN,Combined TRACON& Tower with Radar,12,10,22,0,44,0,0,5,0,5,12,10,27,0,49,62,0,62,111
08/16/2016,ELM,NY,AEA,EN,Combined TRACON& Tower with Radar,10,18,30,0,58,0,0,6,0,6,10,18,36,0,64,5,0,5,69
08/17/2016,ELM,NY,AEA,EN,Combined TRACON& Tower with Radar,14,16,22,0,52,0,0,10,0,10,14,16,32,0,62,22,0,22,84
08/18/2016,ELM,NY,AEA,EN,Combined TRACON& Tower with Radar,11,14,15,0,40,0,0,3,0,3,11,14,18,0,43,0,0,0,43
08/19/2016,ELM,NY,AEA,EN,Combined TRACON& Tower with Radar,12,10,16,7,45,0,1,10,0,11,12,11,26,7,56,36,2,38,94
08/20/2016,ELM,NY,AEA,EN,Combined TRACON& Tower with Radar,8,15,10,0,33,0,0,18,0,18,8,15,28,0,51,41,0,41,92
08/21/2016,ELM,NY,AEA,EN,Combined TRACON& Tower with Radar,12,9,11,0,32,0,0,0,0,0,12,9,11,0,32,2,0,2,34
08/22/2016,ELM,NY,AEA,EN,Combined TRACON& Tower with Radar,13,14,10,0,37,0,0,5,0,5,13,14,15,0,42,68,0,68,110
08/23/2016,ELM,NY,AEA,EN,Combined TRACON& Tower with Radar,10,12,23,0,45,0,0,20,0,20,10,12,43,0,65,87,0,87,152
08/24/2016,ELM,NY,AEA,EN,Combined TRACON& Tower with Radar,11,12,14,0,37,0,0,29,0,29,11,12,43,0,66,28,0,28,94
08/25/2016,ELM,NY,AEA,EN,Combined TRACON& Tower with Radar,12,11,14,0,37,0,0,4,0,4,12,11,18,0,41,0,0,0,41
08/26/2016,ELM,NY,AEA,EN,Combined TRACON& Tower with Radar,11,14,15,0,40,0,0,5,0,5,11,14,20,0,45,15,0,15,60
08/27/2016,ELM,NY,AEA,EN,Combined TRACON& Tower with Radar,8,10,5,0,23,0,4,12,0,16,8,14,17,0,39,2,0,2,41
08/28/2016,ELM,NY,AEA,EN,Combined TRACON& Tower with Radar,13,6,9,0,28,0,1,3,0,4,13,7,12,0,32,4,0,4,36
08/29/2016,ELM,NY,AEA,EN,Combined TRACON& Tower with Radar,13,11,23,0,47,0,0,5,0,5,13,11,28,0,52,31,0,31,83
08/30/2016,ELM,NY,AEA,EN,Combined TRACON& Tower with Radar,10,13,14,0,37,0,2,6,0,8,10,15,20,0,45,62,0,62,107
08/31/2016,ELM,NY,AEA,EN,Combined TRACON& Tower with Radar,12,14,12,1,39,0,0,5,1,6,12,14,17,2,45,18,0,18,63
09/01/2016,ELM,NY,AEA,EN,Combined TRACON& Tower with Radar,15,17,19,0,51,0,0,3,0,3,15,17,22,0,54,10,0,10,64
09/02/2016,ELM,NY,AEA,EN,Combined TRACON& Tower with Radar,13,18,21,0,52,0,0,19,0,19,13,18,40,0,71,16,0,16,87
09/03/2016,ELM,NY,AEA,EN,Combined TRACON& Tower with Radar,8,7,13,0,28,0,0,10,0,10,8,7,23,0,38,7,0,7,45
09/04/2016,ELM,NY,AEA,EN,Combined TRACON& Tower with Radar,12,19,26,0,57,0,0,14,0,14,12,19,40,0,71,66,0,66,137
09/05/2016,ELM,NY,AEA,EN,Combined TRACON& Tower with Radar,12,12,5,0,29,0,0,24,0,24,12,12,29,0,53,24,0,24,77
09/06/2016,ELM,NY,AEA,EN,Combined TRACON& Tower with Radar,10,12,26,0,48,0,0,24,0,24,10,12,50,0,72,19,0,19,91
09/07/2016,ELM,NY,AEA,EN,Combined TRACON& Tower with Radar,10,17,32,0,59,0,2,10,0,12,10,19,42,0,71,31,0,31,102
09/08/2016,ELM,NY,AEA,EN,Combined TRACON& Tower with Radar,14,15,25,0,54,0,0,3,0,3,14,15,28,0,57,0,0,0,57
09/09/2016,ELM,NY,AEA,EN,Combined TRACON& Tower with Radar,12,13,22,0,47,0,0,3,0,3,12,13,25,0,50,0,0,0,50
09/10/2016,ELM,NY,AEA,EN,Combined TRACON& Tower with Radar,8,12,11,0,31,0,0,6,0,6,8,12,17,0,37,14,0,14,51
09/11/2016,ELM,NY,AEA,EN,Combined TRACON& Tower with Radar,12,9,15,0,36,0,0,10,0,10,12,9,25,0,46,16,0,16,62
09/12/2016,ELM,NY,AEA,EN,Combined TRACON& Tower with Radar,11,8,20,0,39,0,1,6,1,8,11,9,26,1,47,11,0,11,58
09/13/2016,ELM,NY,AEA,EN,Combined TRACON& Tower with Radar,10,15,16,0,41,0,1,11,0,12,10,16,27,0,53,0,0,0,53
09/14/2016,ELM,NY,AEA,EN,Combined TRACON& Tower with Radar,13,16,16,2,47,0,2,6,0,8,13,18,22,2,55,6,0,6,61
09/15/2016,ELM,NY,AEA,EN,Combined TRACON& Tower with Radar,14,13,20,0,47,0,0,9,2,11,14,13,29,2,58,0,0,0,58
09/16/2016,ELM,NY,AEA,EN,Combined TRACON& Tower with Radar,12,10,29,0,51,0,0,13,0,13,12,10,42,0,64,35,0,35,99
09/17/2016,ELM,NY,AEA,EN,Combined TRACON& Tower with Radar,7,7,5,0,19,0,0,6,0,6,7,7,11,0,25,13,0,13,38
09/18/2016,ELM,NY,AEA,EN,Combined TRACON& Tower with Radar,12,4,13,0,29,0,0,2,0,2,12,4,15,0,31,17,0,17,48
09/19/2016,ELM,NY,AEA,EN,Combined TRACON& Tower with Radar,13,9,21,2,45,0,0,1,1,2,13,9,22,3,47,4,0,4,51
09/20/2016,ELM,NY,AEA,EN,Combined TRACON& Tower with Radar,10,12,10,0,32,0,0,5,0,5,10,12,15,0,37,50,0,50,87
09/21/2016,ELM,NY,AEA,EN,Combined TRACON& Tower with Radar,11,15,15,0,41,0,0,13,0,13,11,15,28,0,54,60,0,60,114
09/22/2016,ELM,NY,AEA,EN,Combined TRACON& Tower with Radar,12,12,17,0,41,0,2,15,0,17,12,14,32,0,58,8,0,8,66
09/23/2016,ELM,NY,AEA,EN,Combined TRACON& Tower with Radar,13,16,29,0,58,0,0,10,0,10,13,16,39,0,68,10,0,10,78
09/24/2016,ELM,NY,AEA,EN,Combined TRACON& Tower with Radar,8,9,7,0,24,0,0,13,0,13,8,9,20,0,37,24,0,24,61
09/25/2016,ELM,NY,AEA,EN,Combined TRACON& Tower with Radar,12,9,8,0,29,0,0,13,0,13,12,9,21,0,42,36,0,36,78
09/26/2016,ELM,NY,AEA,EN,Combined TRACON& Tower with Radar,12,11,18,0,41,0,0,4,0,4,12,11,22,0,45,0,0,0,45
09/27/2016,ELM,NY,AEA,EN,Combined TRACON& Tower with Radar,10,14,17,0,41,0,0,6,0,6,10,14,23,0,47,4,0,4,51
09/28/2016,ELM,NY,AEA,EN,Combined TRACON& Tower with Radar,10,13,20,0,43,0,3,10,0,13,10,16,30,0,56,9,0,9,65
09/29/2016,ELM,NY,AEA,EN,Combined TRACON& Tower with Radar,12,16,20,0,48,0,0,0,0,0,12,16,20,0,48,0,0,0,48
09/30/2016,ELM,NY,AEA,EN,Combined TRACON& Tower with Radar,13,15,23,0,51,0,0,0,0,0,13,15,23,0,51,8,0,8,59
10/01/2016,ELM,NY,AEA,EN,Combined TRACON& Tower with Radar,11,18,4,0,33,0,0,0,0,0,11,18,4,0,33,0,0,0,33
10/02/2016,ELM,NY,AEA,EN,Combined TRACON& Tower with Radar,12,10,10,0,32,0,0,1,0,1,12,10,11,0,33,26,0,26,59
10/03/2016,ELM,NY,AEA,EN,Combined TRACON& Tower with Radar,13,8,23,0,44,0,0,1,0,1,13,8,24,0,45,19,0,19,64
10/04/2016,ELM,NY,AEA,EN,Combined TRACON& Tower with Radar,11,15,19,0,45,0,0,5,0,5,11,15,24,0,50,27,2,29,79
10/05/2016,ELM,NY,AEA,EN,Combined TRACON& Tower with Radar,12,19,27,1,59,0,0,12,0,12,12,19,39,1,71,60,0,60,131
10/06/2016,ELM,NY,AEA,EN,Combined TRACON& Tower with Radar,12,11,16,0,39,0,2,9,0,11,12,13,25,0,50,0,0,0,50
10/07/2016,ELM,NY,AEA,EN,Combined TRACON& Tower with Radar,10,11,25,0,46,0,0,11,0,11,10,11,36,0,57,4,0,4,61
10/08/2016,ELM,NY,AEA,EN,Combined TRACON& Tower with Radar,8,8,5,0,21,0,0,0,0,0,8,8,5,0,21,0,0,0,21
10/09/2016,ELM,NY,AEA,EN,Combined TRACON& Tower with Radar,14,4,9,0,27,0,0,0,0,0,14,4,9,0,27,0,0,0,27
10/10/2016,ELM,NY,AEA,EN,Combined TRACON& Tower with Radar,13,11,17,0,41,0,1,9,0,10,13,12,26,0,51,30,0,30,81
10/11/2016,ELM,NY,AEA,EN,Combined TRACON& Tower with Radar,10,15,15,2,42,0,0,1,0,1,10,15,16,2,43,36,0,36,79
10/12/2016,ELM,NY,AEA,EN,Combined TRACON& Tower with Radar,12,11,18,0,41,0,1,19,0,20,12,12,37,0,61,19,0,19,80
10/13/2016,ELM,NY,AEA,EN,Combined TRACON& Tower with Radar,12,13,28,0,53,0,0,0,0,0,12,13,28,0,53,0,0,0,53
10/14/2016,ELM,NY,AEA,EN,Combined TRACON& Tower with Radar,12,13,16,0,41,0,0,24,0,24,12,13,40,0,65,27,0,27,92
10/15/2016,ELM,NY,AEA,EN,Combined TRACON& Tower with Radar,8,5,12,0,25,0,2,21,0,23,8,7,33,0,48,52,0,52,100
10/16/2016,ELM,NY,AEA,EN,Combined TRACON& Tower with Radar,12,6,7,0,25,0,0,15,0,15,12,6,22,0,40,20,0,20,60
10/17/2016,ELM,NY,AEA,EN,Combined TRACON& Tower with Radar,12,15,19,0,46,0,0,1,0,1,12,15,20,0,47,14,0,14,61
10/18/2016,ELM,NY,AEA,EN,Combined TRACON& Tower with Radar,10,14,11,0,35,0,0,10,0,10,10,14,21,0,45,8,0,8,53
10/19/2016,ELM,NY,AEA,EN,Combined TRACON& Tower with Radar,9,12,16,0,37,0,0,7,0,7,9,12,23,0,44,19,0,19,63
10/20/2016,ELM,NY,AEA,EN,Combined TRACON& Tower with Radar,12,12,20,0,44,0,0,0,0,0,12,12,20,0,44,0,0,0,44
10/21/2016,ELM,NY,AEA,EN,Combined TRACON& Tower with Radar,12,14,24,0,50,0,0,0,0,0,12,14,24,0,50,0,0,0,50
10/22/2016,ELM,NY,AEA,EN,Combined TRACON& Tower with Radar,11,7,3,0,21,0,0,1,0,1,11,7,4,0,22,4,0,4,26
10/23/2016,ELM,NY,AEA,EN,Combined TRACON& Tower with Radar,12,2,19,0,33,0,0,2,0,2,12,2,21,0,35,18,0,18,53
10/24/2016,ELM,NY,AEA,EN,Combined TRACON& Tower with Radar,12,9,11,0,32,0,1,2,0,3,12,10,13,0,35,0,0,0,35
10/25/2016,ELM,NY,AEA,EN,Combined TRACON& Tower with Radar,10,10,18,1,39,0,0,3,0,3,10,10,21,1,42,2,0,2,44
10/26/2016,ELM,NY,AEA,EN,Combined TRACON& Tower with Radar,11,11,19,0,41,0,0,3,0,3,11,11,22,0,44,2,0,2,46
10/27/2016,ELM,NY,AEA,EN,Combined TRACON& Tower with Radar,11,10,19,0,40,0,0,0,0,0,11,10,19,0,40,0,0,0,40
10/28/2016,ELM,NY,AEA,EN,Combined TRACON& Tower with Radar,12,16,21,0,49,0,0,10,0,10,12,16,31,0,59,0,0,0,59
10/29/2016,ELM,NY,AEA,EN,Combined TRACON& Tower with Radar,8,12,4,0,24,0,0,9,0,9,8,12,13,0,33,0,0,0,33
10/30/2016,ELM,NY,AEA,EN,Combined TRACON& Tower with Radar,12,3,13,0,28,0,0,1,0,1,12,3,14,0,29,0,0,0,29
10/31/2016,ELM,NY,AEA,EN,Combined TRACON& Tower with Radar,12,10,23,0,45,0,0,0,0,0,12,10,23,0,45,0,0,0,45
11/01/2016,ELM,NY,AEA,EN,Combined TRACON& Tower with Radar,10,10,19,0,39,0,0,11,0,11,10,10,30,0,50,13,0,13,63
11/02/2016,ELM,NY,AEA,EN,Combined TRACON& Tower with Radar,10,11,19,0,40,0,0,1,0,1,10,11,20,0,41,40,0,40,81
11/03/2016,ELM,NY,AEA,EN,Combined TRACON& Tower with Radar,12,14,16,0,42,0,0,0,0,0,12,14,16,0,42,0,0,0,42
11/04/2016,ELM,NY,AEA,EN,Combined TRACON& Tower with Radar,12,10,18,2,42,0,0,1,1,2,12,10,19,3,44,14,0,14,58
11/05/2016,ELM,NY,AEA,EN,Combined TRACON& Tower with Radar,6,8,14,0,28,0,1,13,0,14,6,9,27,0,42,4,0,4,46
11/06/2016,ELM,NY,AEA,EN,Combined TRACON& Tower with Radar,10,3,13,0,26,0,0,4,0,4,10,3,17,0,30,14,0,14,44
11/07/2016,ELM,NY,AEA,EN,Combined TRACON& Tower with Radar,10,8,23,0,41,0,0,13,0,13,10,8,36,0,54,14,0,14,68
11/08/2016,ELM,NY,AEA,EN,Combined TRACON& Tower with Radar,8,12,17,0,37,0,0,2,0,2,8,12,19,0,39,30,0,30,69
11/09/2016,ELM,NY,AEA,EN,Combined TRACON& Tower with Radar,10,20,18,0,48,0,0,2,0,2,10,20,20,0,50,0,0,0,50
11/10/2016,ELM,NY,AEA,EN,Combined TRACON& Tower with Radar,12,13,21,0,46,0,0,3,0,3,12,13,24,0,49,0,0,0,49
11/11/2016,ELM,NY,AEA,EN,Combined TRACON& Tower with Radar,11,11,15,0,37,0,2,3,0,5,11,13,18,0,42,12,0,12,54
11/12/2016,ELM,NY,AEA,EN,Combined TRACON& Tower with Radar,8,7,2,0,17,0,0,18,0,18,8,7,20,0,35,30,0,30,65
11/13/2016,ELM,NY,AEA,EN,Combined TRACON& Tower with Radar,12,9,11,0,32,0,0,37,0,37,12,9,48,0,69,104,0,104,173
11/14/2016,ELM,NY,AEA,EN,Combined TRACON& Tower with Radar,12,10,27,0,49,0,0,9,0,9,12,10,36,0,58,50,0,50,108
11/15/2016,ELM,NY,AEA,EN,Combined TRACON& Tower with Radar,8,14,14,1,37,0,0,2,0,2,8,14,16,1,39,20,0,20,59
11/16/2016,ELM,NY,AEA,EN,Combined TRACON& Tower with Radar,10,14,23,0,47,0,0,12,0,12,10,14,35,0,59,0,0,0,59
11/17/2016,ELM,NY,AEA,EN,Combined TRACON& Tower with Radar,12,10,16,0,38,0,0,8,0,8,12,10,24,0,46,14,0,14,60
11/18/2016,ELM,NY,AEA,EN,Combined TRACON& Tower with Radar,12,11,20,0,43,0,0,12,0,12,12,11,32,0,55,18,0,18,73
11/19/2016,ELM,NY,AEA,EN,Combined TRACON& Tower with Radar,8,11,5,0,24,0,0,10,0,10,8,11,15,0,34,36,0,36,70
11/20/2016,ELM,NY,AEA,EN,Combined TRACON& Tower with Radar,12,5,4,0,21,0,0,0,0,0,12,5,4,0,21,0,0,0,21
11/21/2016,ELM,NY,AEA,EN,Combined TRACON& Tower with Radar,10,13,18,0,41,0,0,0,0,0,10,13,18,0,41,0,0,0,41
11/22/2016,ELM,NY,AEA,EN,Combined TRACON& Tower with Radar,12,17,12,0,41,0,0,2,0,2,12,17,14,0,43,0,0,0,43
11/23/2016,ELM,NY,AEA,EN,Combined TRACON& Tower with Radar,12,17,11,0,40,0,0,6,0,6,12,17,17,0,46,20,0,20,66
11/24/2016,ELM,NY,AEA,EN,Combined TRACON& Tower with Radar,8,2,0,0,10,0,0,0,0,0,8,2,0,0,10,0,0,0,10
11/25/2016,ELM,NY,AEA,EN,Combined TRACON& Tower with Radar,6,8,3,0,17,0,0,0,0,0,6,8,3,0,17,0,0,0,17
11/26/2016,ELM,NY,AEA,EN,Combined TRACON& Tower with Radar,12,10,1,0,23,0,0,0,0,0,12,10,1,0,23,0,0,0,23
11/27/2016,ELM,NY,AEA,EN,Combined TRACON& Tower with Radar,14,7,13,0,34,0,0,2,0,2,14,7,15,0,36,16,0,16,52
11/28/2016,ELM,NY,AEA,EN,Combined TRACON& Tower with Radar,12,12,23,0,47,0,0,10,0,10,12,12,33,0,57,0,0,0,57
11/29/2016,ELM,NY,AEA,EN,Combined TRACON& Tower with Radar,10,10,22,0,42,0,0,0,0,0,10,10,22,0,42,4,0,4,46
11/30/2016,ELM,NY,AEA,EN,Combined TRACON& Tower with Radar,10,11,19,2,42,0,0,0,0,0,10,11,19,2,42,0,0,0,42
12/01/2016,ELM,NY,AEA,EN,Combined TRACON& Tower with Radar,10,14,12,0,36,0,0,0,0,0,10,14,12,0,36,2,0,2,38
12/02/2016,ELM,NY,AEA,EN,Combined TRACON& Tower with Radar,12,11,16,0,39,0,0,0,0,0,12,11,16,0,39,36,0,36,75
12/03/2016,ELM,NY,AEA,EN,Combined TRACON& Tower with Radar,8,8,3,0,19,0,0,5,0,5,8,8,8,0,24,4,0,4,28
12/04/2016,ELM,NY,AEA,EN,Combined TRACON& Tower with Radar,10,4,8,0,22,0,0,14,1,15,10,4,22,1,37,25,0,25,62
12/05/2016,ELM,NY,AEA,EN,Combined TRACON& Tower with Radar,12,11,19,0,42,0,0,0,0,0,12,11,19,0,42,8,0,8,50
12/06/2016,ELM,NY,AEA,EN,Combined TRACON& Tower with Radar,10,13,11,0,34,0,0,4,0,4,10,13,15,0,38,1,0,1,39
12/07/2016,ELM,NY,AEA,EN,Combined TRACON& Tower with Radar,10,13,15,0,38,0,0,2,0,2,10,13,17,0,40,0,0,0,40
12/08/2016,ELM,NY,AEA,EN,Combined TRACON& Tower with Radar,10,15,13,0,38,0,0,0,0,0,10,15,13,0,38,0,0,0,38
12/09/2016,ELM,NY,AEA,EN,Combined TRACON& Tower with Radar,12,17,18,3,50,0,0,2,4,6,12,17,20,7,56,2,0,2,58
12/10/2016,ELM,NY,AEA,EN,Combined TRACON& Tower with Radar,5,10,0,0,15,0,0,0,0,0,5,10,0,0,15,0,0,0,15
12/11/2016,ELM,NY,AEA,EN,Combined TRACON& Tower with Radar,8,5,8,0,21,0,0,1,0,1,8,5,9,0,22,15,0,15,37
12/12/2016,ELM,NY,AEA,EN,Combined TRACON& Tower with Radar,12,12,22,0,46,0,0,0,0,0,12,12,22,0,46,6,0,6,52
12/13/2016,ELM,NY,AEA,EN,Combined TRACON& Tower with Radar,10,12,15,0,37,0,0,0,0,0,10,12,15,0,37,1,0,1,38
12/14/2016,ELM,NY,AEA,EN,Combined TRACON& Tower with Radar,10,13,20,0,43,0,0,4,0,4,10,13,24,0,47,2,0,2,49
12/15/2016,ELM,NY,AEA,EN,Combined TRACON& Tower with Radar,12,12,22,0,46,0,0,0,0,0,12,12,22,0,46,0,0,0,46
12/16/2016,ELM,NY,AEA,EN,Combined TRACON& Tower with Radar,12,14,16,0,42,0,0,2,0,2,12,14,18,0,44,30,0,30,74
12/17/2016,ELM,NY,AEA,EN,Combined TRACON& Tower with Radar,2,14,8,0,24,0,0,0,0,0,2,14,8,0,24,0,0,0,24
12/18/2016,ELM,NY,AEA,EN,Combined TRACON& Tower with Radar,4,11,3,0,18,0,0,0,0,0,4,11,3,0,18,0,0,0,18
12/19/2016,ELM,NY,AEA,EN,Combined TRACON& Tower with Radar,4,17,13,0,34,0,1,6,1,8,4,18,19,1,42,4,0,4,46
12/20/2016,ELM,NY,AEA,EN,Combined TRACON& Tower with Radar,3,22,12,0,37,0,0,9,0,9,3,22,21,0,46,8,0,8,54
12/21/2016,ELM,NY,AEA,EN,Combined TRACON& Tower with Radar,8,22,12,0,42,0,2,18,0,20,8,24,30,0,62,12,0,12,74
12/22/2016,ELM,NY,AEA,EN,Combined TRACON& Tower with Radar,7,21,1,0,29,0,0,1,0,1,7,21,2,0,30,0,0,0,30
12/23/2016,ELM,NY,AEA,EN,Combined TRACON& Tower with Radar,7,21,7,0,35,0,0,9,0,9,7,21,16,0,44,4,0,4,48
12/24/2016,ELM,NY,AEA,EN,Combined TRACON& Tower with Radar,6,11,7,0,24,0,0,0,0,0,6,11,7,0,24,0,0,0,24
12/25/2016,ELM,NY,AEA,EN,Combined TRACON& Tower with Radar,8,5,0,0,13,0,0,1,0,1,8,5,1,0,14,7,0,7,21
12/26/2016,ELM,NY,AEA,EN,Combined TRACON& Tower with Radar,7,11,7,0,25,0,0,0,0,0,7,11,7,0,25,0,0,0,25
12/27/2016,ELM,NY,AEA,EN,Combined TRACON& Tower with Radar,8,19,7,0,34,0,0,3,0,3,8,19,10,0,37,6,0,6,43
12/28/2016,ELM,NY,AEA,EN,Combined TRACON& Tower with Radar,8,21,5,0,34,0,0,1,0,1,8,21,6,0,35,2,0,2,37
12/29/2016,ELM,NY,AEA,EN,Combined TRACON& Tower with Radar,6,20,3,0,29,0,0,0,0,0,6,20,3,0,29,0,0,0,29
12/30/2016,ELM,NY,AEA,EN,Combined TRACON& Tower with Radar,6,21,5,0,32,0,0,0,0,0,6,21,5,0,32,0,0,0,32
12/31/2016,ELM,NY,AEA,EN,Combined TRACON& Tower with Radar,5,12,2,0,19,0,0,4,0,4,5,12,6,0,23,4,0,4,27
01/01/2017,ELM,NY,AEA,EN,Combined TRACON& Tower with Radar,3,9,9,0,21,0,0,6,0,6,3,9,15,0,27,28,0,28,55
01/02/2017,ELM,NY,AEA,EN,Combined TRACON& Tower with Radar,7,18,10,0,35,0,0,0,0,0,7,18,10,0,35,14,0,14,49
01/03/2017,ELM,NY,AEA,EN,Combined TRACON& Tower with Radar,5,23,9,0,37,0,0,0,0,0,5,23,9,0,37,0,0,0,37
01/04/2017,ELM,NY,AEA,EN,Combined TRACON& Tower with Radar,4,17,14,0,35,0,1,2,0,3,4,18,16,0,38,4,0,4,42
01/05/2017,ELM,NY,AEA,EN,Combined TRACON& Tower with Radar,4,17,4,0,25,0,0,0,0,0,4,17,4,0,25,0,0,0,25
01/06/2017,ELM,NY,AEA,EN,Combined TRACON& Tower with Radar,3,16,15,0,34,0,0,5,0,5,3,16,20,0,39,6,0,6,45
01/07/2017,ELM,NY,AEA,EN,Combined TRACON& Tower with Radar,8,6,6,0,20,0,0,8,0,8,8,6,14,0,28,46,0,46,74
01/08/2017,ELM,NY,AEA,EN,Combined TRACON& Tower with Radar,12,4,2,0,18,0,0,0,0,0,12,4,2,0,18,4,0,4,22
01/09/2017,ELM,NY,AEA,EN,Combined TRACON& Tower with Radar,13,10,8,14,45,0,0,4,7,11,13,10,12,21,56,6,48,54,110
01/10/2017,ELM,NY,AEA,EN,Combined TRACON& Tower with Radar,8,12,19,0,39,0,0,0,0,0,8,12,19,0,39,0,0,0,39
01/11/2017,ELM,NY,AEA,EN,Combined TRACON& Tower with Radar,13,14,23,0,50,0,0,4,2,6,13,14,27,2,56,20,0,20,76
01/12/2017,ELM,NY,AEA,EN,Combined TRACON& Tower with Radar,12,14,24,1,51,0,0,0,0,0,12,14,24,1,51,0,0,0,51
01/13/2017,ELM,NY,AEA,EN,Combined TRACON& Tower with Radar,16,15,26,0,57,0,0,0,0,0,16,15,26,0,57,20,0,20,77
01/14/2017,ELM,NY,AEA,EN,Combined TRACON& Tower with Radar,10,10,7,0,27,0,0,7,0,7,10,10,14,0,34,6,0,6,40
01/15/2017,ELM,NY,AEA,EN,Combined TRACON& Tower with Radar,9,7,3,0,19,0,0,2,0,2,9,7,5,0,21,19,0,19,40
01/16/2017,ELM,NY,AEA,EN,Combined TRACON& Tower with Radar,15,10,21,0,46,0,0,14,0,14,15,10,35,0,60,11,0,11,71
01/17/2017,ELM,NY,AEA,EN,Combined TRACON& Tower with Radar,15,19,26,0,60,0,0,0,0,0,15,19,26,0,60,0,0,0,60
01/18/2017,ELM,NY,AEA,EN,Combined TRACON& Tower with Radar,13,15,10,0,38,0,0,0,0,0,13,15,10,0,38,0,0,0,38
01/19/2017,ELM,NY,AEA,EN,Combined TRACON& Tower with Radar,16,13,11,0,40,0,0,1,0,1,16,13,12,0,41,0,0,0,41
01/20/2017,ELM,NY,AEA,EN,Combined TRACON& Tower with Radar,15,17,21,0,53,0,0,0,0,0,15,17,21,0,53,0,0,0,53
01/21/2017,ELM,NY,AEA,EN,Combined TRACON& Tower with Radar,9,10,4,0,23,0,0,2,0,2,9,10,6,0,25,18,0,18,43
01/22/2017,ELM,NY,AEA,EN,Combined TRACON& Tower with Radar,10,8,7,0,25,0,0,5,0,5,10,8,12,0,30,8,0,8,38
01/23/2017,ELM,NY,AEA,EN,Combined TRACON& Tower with Radar,18,11,22,0,51,0,0,0,0,0,18,11,22,0,51,1,0,1,52
01/24/2017,ELM,NY,AEA,EN,Combined TRACON& Tower with Radar,12,21,11,0,44,0,0,0,0,0,12,21,11,0,44,0,0,0,44
01/25/2017,ELM,NY,AEA,EN,Combined TRACON& Tower with Radar,13,15,16,0,44,0,0,1,0,1,13,15,17,0,45,7,0,7,52
01/26/2017,ELM,NY,AEA,EN,Combined TRACON& Tower with Radar,12,15,12,0,39,0,0,0,0,0,12,15,12,0,39,0,0,0,39
01/27/2017,ELM,NY,AEA,EN,Combined TRACON& Tower with Radar,12,13,16,0,41,0,0,1,0,1,12,13,17,0,42,0,0,0,42
01/28/2017,ELM,NY,AEA,EN,Combined TRACON& Tower with Radar,8,10,4,0,22,0,0,3,0,3,8,10,7,0,25,6,0,6,31
01/29/2017,ELM,NY,AEA,EN,Combined TRACON& Tower with Radar,8,6,2,0,16,0,0,0,0,0,8,6,2,0,16,0,0,0,16
01/30/2017,ELM,NY,AEA,EN,Combined TRACON& Tower with Radar,13,9,18,0,40,0,2,3,0,5,13,11,21,0,45,11,0,11,56
01/31/2017,ELM,NY,AEA,EN,Combined TRACON& Tower with Radar,15,15,12,0,42,0,0,0,0,0,15,15,12,0,42,0,0,0,42
02/01/2017,ELM,NY,AEA,EN,Combined TRACON& Tower with Radar,12,13,17,0,42,0,0,1,0,1,12,13,18,0,43,6,0,6,49
02/02/2017,ELM,NY,AEA,EN,Combined TRACON& Tower with Radar,11,12,10,0,33,0,0,0,0,0,11,12,10,0,33,0,0,0,33
02/03/2017,ELM,NY,AEA,EN,Combined TRACON& Tower with Radar,12,14,20,0,46,0,0,0,0,0,12,14,20,0,46,32,0,32,78
02/04/2017,ELM,NY,AEA,EN,Combined TRACON& Tower with Radar,8,9,3,0,20,0,0,15,0,15,8,9,18,0,35,12,0,12,47
02/05/2017,ELM,NY,AEA,EN,Combined TRACON& Tower with Radar,8,5,9,0,22,0,0,1,0,1,8,5,10,0,23,1,0,1,24
02/06/2017,ELM,NY,AEA,EN,Combined TRACON& Tower with Radar,13,10,11,0,34,0,0,10,0,10,13,10,21,0,44,8,0,8,52
02/07/2017,ELM,NY,AEA,EN,Combined TRACON& Tower with Radar,13,18,10,0,41,0,0,0,0,0,13,18,10,0,41,0,0,0,41
02/08/2017,ELM,NY,AEA,EN,Combined TRACON& Tower with Radar,13,21,22,0,56,0,0,3,0,3,13,21,25,0,59,0,0,0,59
02/09/2017,ELM,NY,AEA,EN,Combined TRACON& Tower with Radar,13,19,11,0,43,0,0,0,0,0,13,19,11,0,43,0,0,0,43
02/10/2017,ELM,NY,AEA,EN,Combined TRACON& Tower with Radar,12,15,13,0,40,0,0,0,0,0,12,15,13,0,40,0,0,0,40
02/11/2017,ELM,NY,AEA,EN,Combined TRACON& Tower with Radar,11,9,2,0,22,0,0,6,0,6,11,9,8,0,28,48,0,48,76
02/12/2017,ELM,NY,AEA,EN,Combined TRACON& Tower with Radar,14,2,5,0,21,0,0,0,0,0,14,2,5,0,21,0,0,0,21
02/13/2017,ELM,NY,AEA,EN,Combined TRACON& Tower with Radar,14,13,17,0,44,0,1,0,0,1,14,14,17,0,45,2,0,2,47
02/14/2017,ELM,NY,AEA,EN,Combined TRACON& Tower with Radar,11,15,11,0,37,0,2,15,0,17,11,17,26,0,54,62,0,62,116
02/15/2017,ELM,NY,AEA,EN,Combined TRACON& Tower with Radar,13,13,14,0,40,0,0,0,0,0,13,13,14,0,40,0,0,0,40
02/16/2017,ELM,NY,AEA,EN,Combined TRACON& Tower with Radar,12,9,16,0,37,0,0,1,0,1,12,9,17,0,38,4,0,4,42
02/17/2017,ELM,NY,AEA,EN,Combined TRACON& Tower with Radar,14,12,25,0,51,0,2,9,0,11,14,14,34,0,62,28,0,28,90
02/18/2017,ELM,NY,AEA,EN,Combined TRACON& Tower with Radar,12,6,14,0,32,0,0,10,0,10,12,6,24,0,42,40,0,40,82
02/19/2017,ELM,NY,AEA,EN,Combined TRACON& Tower with Radar,7,1,14,0,22,0,1,18,0,19,7,2,32,0,41,14,0,14,55
02/20/2017,ELM,NY,AEA,EN,Combined TRACON& Tower with Radar,16,6,15,0,37,0,2,9,0,11,16,8,24,0,48,7,0,7,55
02/21/2017,ELM,NY,AEA,EN,Combined TRACON& Tower with Radar,12,10,13,0,35,0,0,4,0,4,12,10,17,0,39,8,0,8,47
02/22/2017,ELM,NY,AEA,EN,Combined TRACON& Tower with Radar,18,8,22,0,48,0,3,6,0,9,18,11,28,0,57,22,0,22,79
02/23/2017,ELM,NY,AEA,EN,Combined TRACON& Tower with Radar,12,10,16,0,38,0,0,4,0,4,12,10,20,0,42,0,0,0,42
02/24/2017,ELM,NY,AEA,EN,Combined TRACON& Tower with Radar,14,11,18,0,43,0,1,8,0,9,14,12,26,0,52,6,0,6,58
02/25/2017,ELM,NY,AEA,EN,Combined TRACON& Tower with Radar,12,11,5,0,28,0,0,0,0,0,12,11,5,0,28,0,0,0,28
02/26/2017,ELM,NY,AEA,EN,Combined TRACON& Tower with Radar,12,2,4,0,18,0,0,2,0,2,12,2,6,0,20,4,0,4,24
02/27/2017,ELM,NY,AEA,EN,Combined TRACON& Tower with Radar,12,5,14,0,31,0,0,0,0,0,12,5,14,0,31,12,0,12,43
02/28/2017,ELM,NY,AEA,EN,Combined TRACON& Tower with Radar,11,11,11,0,33,0,0,1,0,1,11,11,12,0,34,17,0,17,51
03/01/2017,ELM,NY,AEA,EN,Combined TRACON& Tower with Radar,13,8,14,0,35,0,0,5,0,5,13,8,19,0,40,2,0,2,42
03/02/2017,ELM,NY,AEA,EN,Combined TRACON& Tower with Radar,12,12,13,0,37,0,0,0,0,0,12,12,13,0,37,1,0,1,38
03/03/2017,ELM,NY,AEA,EN,Combined TRACON& Tower with Radar,11,10,20,0,41,0,0,0,0,0,11,10,20,0,41,1,0,1,42
03/04/2017,ELM,NY,AEA,EN,Combined TRACON& Tower with Radar,10,9,6,0,25,0,0,0,0,0,10,9,6,0,25,2,0,2,27
03/05/2017,ELM,NY,AEA,EN,Combined TRACON& Tower with Radar,14,0,6,0,20,0,0,23,0,23,14,0,29,0,43,32,0,32,75
03/06/2017,ELM,NY,AEA,EN,Combined TRACON& Tower with Radar,6,4,9,0,19,0,0,3,0,3,6,4,12,0,22,4,0,4,26
03/07/2017,ELM,NY,AEA,EN,Combined TRACON& Tower with Radar,6,4,5,0,15,0,0,0,0,0,6,4,5,0,15,0,0,0,15
03/08/2017,ELM,NY,AEA,EN,Combined TRACON& Tower with Radar,8,6,11,0,25,0,0,1,0,1,8,6,12,0,26,0,0,0,26
03/09/2017,ELM,NY,AEA,EN,Combined TRACON& Tower with Radar,9,6,24,0,39,0,0,0,0,0,9,6,24,0,39,0,0,0,39
03/10/2017,ELM,NY,AEA,EN,Combined TRACON& Tower with Radar,12,6,13,0,31,0,0,0,0,0,12,6,13,0,31,0,0,0,31
03/11/2017,ELM,NY,AEA,EN,Combined TRACON& Tower with Radar,9,6,2,0,17,0,0,0,0,0,9,6,2,0,17,0,0,0,17
03/12/2017,ELM,NY,AEA,EN,Combined TRACON& Tower with Radar,7,0,3,0,10,0,0,2,0,2,7,0,5,0,12,0,0,0,12
03/13/2017,ELM,NY,AEA,EN,Combined TRACON& Tower with Radar,11,5,16,0,32,0,0,5,0,5,11,5,21,0,37,70,0,70,107
03/14/2017,ELM,NY,AEA,EN,Combined TRACON& Tower with Radar,4,5,0,0,9,0,0,0,0,0,4,5,0,0,9,0,0,0,9
03/15/2017,ELM,NY,AEA,EN,Combined TRACON& Tower with Radar,10,5,7,0,22,0,0,0,0,0,10,5,7,0,22,0,0,0,22
03/16/2017,ELM,NY,AEA,EN,Combined TRACON& Tower with Radar,7,9,10,0,26,0,0,0,0,0,7,9,10,0,26,0,0,0,26
03/17/2017,ELM,NY,AEA,EN,Combined TRACON& Tower with Radar,9,6,14,0,29,0,0,0,0,0,9,6,14,0,29,21,0,21,50
03/18/2017,ELM,NY,AEA,EN,Combined TRACON& Tower with Radar,10,5,2,0,17,0,0,0,0,0,10,5,2,0,17,0,0,0,17
03/19/2017,ELM,NY,AEA,EN,Combined TRACON& Tower with Radar,11,3,5,0,19,0,1,3,0,4,11,4,8,0,23,52,0,52,75
03/20/2017,ELM,NY,AEA,EN,Combined TRACON& Tower with Radar,11,4,15,0,30,0,0,4,0,4,11,4,19,0,34,8,0,8,42
03/21/2017,ELM,NY,AEA,EN,Combined TRACON& Tower with Radar,8,9,11,0,28,0,0,2,0,2,8,9,13,0,30,26,0,26,56
03/22/2017,ELM,NY,AEA,EN,Combined TRACON& Tower with Radar,12,7,12,0,31,0,0,1,0,1,12,7,13,0,32,0,0,0,32
03/23/2017,ELM,NY,AEA,EN,Combined TRACON& Tower with Radar,11,6,15,0,32,0,1,5,0,6,11,7,20,0,38,9,0,9,47
03/24/2017,ELM,NY,AEA,EN,Combined TRACON& Tower with Radar,10,3,15,0,28,0,0,0,0,0,10,3,15,0,28,7,0,7,35
03/25/2017,ELM,NY,AEA,EN,Combined TRACON& Tower with Radar,8,13,1,0,22,0,0,0,0,0,8,13,1,0,22,0,0,0,22
03/26/2017,ELM,NY,AEA,EN,Combined TRACON& Tower with Radar,9,4,5,0,18,0,0,0,0,0,9,4,5,0,18,1,0,1,19
03/27/2017,ELM,NY,AEA,EN,Combined TRACON& Tower with Radar,9,5,11,0,25,0,0,2,0,2,9,5,13,0,27,8,0,8,35
03/28/2017,ELM,NY,AEA,EN,Combined TRACON& Tower with Radar,10,6,13,0,29,0,0,0,0,0,10,6,13,0,29,0,0,0,29
03/29/2017,ELM,NY,AEA,EN,Combined TRACON& Tower with Radar,12,8,10,2,32,0,0,2,0,2,12,8,12,2,34,29,0,29,63
03/30/2017,ELM,NY,AEA,EN,Combined TRACON& Tower with Radar,12,11,14,0,37,0,0,4,0,4,12,11,18,0,41,16,0,16,57
03/31/2017,ELM,NY,AEA,EN,Combined TRACON& Tower with Radar,11,6,26,0,43,0,0,0,0,0,11,6,26,0,43,0,0,0,43
04/01/2017,ELM,NY,AEA,EN,Combined TRACON& Tower with Radar,10,4,4,0,18,0,0,0,0,0,10,4,4,0,18,0,0,0,18
04/02/2017,ELM,NY,AEA,EN,Combined TRACON& Tower with Radar,9,2,2,0,13,0,0,8,0,8,9,2,10,0,21,20,0,20,41
04/03/2017,ELM,NY,AEA,EN,Combined TRACON& Tower with Radar,11,5,12,0,28,0,0,2,0,2,11,5,14,0,30,14,0,14,44
04/04/2017,ELM,NY,AEA,EN,Combined TRACON& Tower with Radar,7,9,7,0,23,0,0,0,0,0,7,9,7,0,23,0,0,0,23
04/05/2017,ELM,NY,AEA,EN,Combined TRACON& Tower with Radar,9,7,34,0,50,0,0,6,0,6,9,7,40,0,56,16,0,16,72
04/06/2017,ELM,NY,AEA,EN,Combined TRACON& Tower with Radar,10,6,13,0,29,0,0,0,0,0,10,6,13,0,29,0,0,0,29
04/07/2017,ELM,NY,AEA,EN,Combined TRACON& Tower with Radar,13,10,18,0,41,0,0,0,0,0,13,10,18,0,41,0,0,0,41
04/08/2017,ELM,NY,AEA,EN,Combined TRACON& Tower with Radar,8,6,4,0,18,0,0,8,0,8,8,6,12,0,26,7,0,7,33
04/09/2017,ELM,NY,AEA,EN,Combined TRACON& Tower with Radar,7,2,2,0,11,0,0,12,0,12,7,2,14,0,23,34,0,34,57
04/10/2017,ELM,NY,AEA,EN,Combined TRACON& Tower with Radar,10,4,9,0,23,0,0,1,0,1,10,4,10,0,24,50,0,50,74
04/11/2017,ELM,NY,AEA,EN,Combined TRACON& Tower with Radar,7,8,9,0,24,0,1,1,0,2,7,9,10,0,26,5,0,5,31
04/12/2017,ELM,NY,AEA,EN,Combined TRACON& Tower with Radar,9,13,15,0,37,0,0,1,0,1,9,13,16,0,38,16,0,16,54
04/13/2017,ELM,NY,AEA,EN,Combined TRACON& Tower with Radar,12,12,17,0,41,0,0,7,0,7,12,12,24,0,48,22,0,22,70
04/14/2017,ELM,NY,AEA,EN,Combined TRACON& Tower with Radar,12,7,9,0,28,0,1,10,0,11,12,8,19,0,39,59,0,59,98
04/15/2017,ELM,NY,AEA,EN,Combined TRACON& Tower with Radar,8,6,3,0,17,0,0,1,0,1,8,6,4,0,18,10,0,10,28
04/16/2017,ELM,NY,AEA,EN,Combined TRACON& Tower with Radar,5,1,6,0,12,0,0,1,0,1,5,1,7,0,13,0,0,0,13
04/17/2017,ELM,NY,AEA,EN,Combined TRACON& Tower with Radar,9,8,12,0,29,0,0,4,0,4,9,8,16,0,33,8,0,8,41
04/18/2017,ELM,NY,AEA,EN,Combined TRACON& Tower with Radar,12,8,14,0,34,0,0,13,0,13,12,8,27,0,47,15,0,15,62
04/19/2017,ELM,NY,AEA,EN,Combined TRACON& Tower with Radar,9,6,10,0,25,0,0,0,0,0,9,6,10,0,25,4,0,4,29
04/20/2017,ELM,NY,AEA,EN,Combined TRACON& Tower with Radar,11,9,20,0,40,0,0,0,0,0,11,9,20,0,40,0,0,0,40
04/21/2017,ELM,NY,AEA,EN,Combined TRACON& Tower with Radar,10,9,23,0,42,0,0,0,0,0,10,9,23,0,42,10,0,10,52
04/22/2017,ELM,NY,AEA,EN,Combined TRACON& Tower with Radar,9,2,2,0,13,0,1,0,0,1,9,3,2,0,14,22,0,22,36
04/23/2017,ELM,NY,AEA,EN,Combined TRACON& Tower with Radar,11,1,9,0,21,0,0,15,0,15,11,1,24,0,36,44,0,44,80
04/24/2017,ELM,NY,AEA,EN,Combined TRACON& Tower with Radar,11,4,17,0,32,0,2,8,0,10,11,6,25,0,42,42,0,42,84
04/25/2017,ELM,NY,AEA,EN,Combined TRACON& Tower with Radar,10,12,18,1,41,0,0,0,0,0,10,12,18,1,41,19,0,19,60
04/26/2017,ELM,NY,AEA,EN,Combined TRACON& Tower with Radar,11,12,22,0,45,0,0,1,0,1,11,12,23,0,46,25,0,25,71
04/27/2017,ELM,NY,AEA,EN,Combined TRACON& Tower with Radar,6,9,19,0,34,0,0,1,0,1,6,9,20,0,35,12,0,12,47
04/28/2017,ELM,NY,AEA,EN,Combined TRACON& Tower with Radar,8,7,11,0,26,0,0,8,0,8,8,7,19,0,34,24,0,24,58
04/29/2017,ELM,NY,AEA,EN,Combined TRACON& Tower with Radar,10,3,9,0,22,0,0,0,0,0,10,3,9,0,22,2,0,2,24
04/30/2017,ELM,NY,AEA,EN,Combined TRACON& Tower with Radar,11,0,8,0,19,0,0,2,0,2,11,0,10,0,21,41,0,41,62
05/01/2017,ELM,NY,AEA,EN,Combined TRACON& Tower with Radar,8,6,8,0,22,0,0,0,0,0,8,6,8,0,22,22,0,22,44
05/02/2017,ELM,NY,AEA,EN,Combined TRACON& Tower with Radar,6,10,11,0,27,0,1,0,0,1,6,11,11,0,28,2,0,2,30
05/03/2017,ELM,NY,AEA,EN,Combined TRACON& Tower with Radar,10,6,25,0,41,0,1,1,0,2,10,7,26,0,43,24,0,24,67
05/04/2017,ELM,NY,AEA,EN,Combined TRACON& Tower with Radar,11,9,17,0,37,0,0,2,0,2,11,9,19,0,39,4,0,4,43
05/05/2017,ELM,NY,AEA,EN,Combined TRACON& Tower with Radar,12,7,21,0,40,0,0,0,0,0,12,7,21,0,40,0,0,0,40
05/06/2017,ELM,NY,AEA,EN,Combined TRACON& Tower with Radar,5,2,2,0,9,0,0,1,0,1,5,2,3,0,10,0,0,0,10
05/07/2017,ELM,NY,AEA,EN,Combined TRACON& Tower with Radar,11,1,4,0,16,0,0,1,0,1,11,1,5,0,17,0,0,0,17
05/08/2017,ELM,NY,AEA,EN,Combined TRACON& Tower with Radar,10,4,9,0,23,0,0,4,0,4,10,4,13,0,27,8,0,8,35
05/09/2017,ELM,NY,AEA,EN,Combined TRACON& Tower with Radar,9,8,19,0,36,0,0,0,0,0,9,8,19,0,36,53,0,53,89
05/10/2017,ELM,NY,AEA,EN,Combined TRACON& Tower with Radar,10,7,28,0,45,0,0,11,0,11,10,7,39,0,56,56,0,56,112
05/11/2017,ELM,NY,AEA,EN,Combined TRACON& Tower with Radar,12,10,37,0,59,0,0,6,1,7,12,10,43,1,66,24,0,24,90
05/12/2017,ELM,NY,AEA,EN,Combined TRACON& Tower with Radar,9,7,15,0,31,0,2,4,0,6,9,9,19,0,37,36,0,36,73
05/13/2017,ELM,NY,AEA,EN,Combined TRACON& Tower with Radar,5,8,3,0,16,0,0,0,0,0,5,8,3,0,16,29,0,29,45
05/14/2017,ELM,NY,AEA,EN,Combined TRACON& Tower with Radar,7,4,8,0,19,0,0,0,0,0,7,4,8,0,19,0,0,0,19
05/15/2017,ELM,NY,AEA,EN,Combined TRACON& Tower with Radar,12,6,13,0,31,0,0,2,0,2,12,6,15,0,33,4,0,4,37
05/16/2017,ELM,NY,AEA,EN,Combined TRACON& Tower with Radar,10,8,21,0,39,0,0,14,0,14,10,8,35,0,53,80,0,80,133
05/17/2017,ELM,NY,AEA,EN,Combined TRACON& Tower with Radar,9,5,11,0,25,0,0,6,0,6,9,5,17,0,31,36,0,36,67
05/18/2017,ELM,NY,AEA,EN,Combined TRACON& Tower with Radar,9,7,14,0,30,0,0,4,0,4,9,7,18,0,34,0,0,0,34
05/19/2017,ELM,NY,AEA,EN,Combined TRACON& Tower with Radar,10,7,23,0,40,0,0,4,0,4,10,7,27,0,44,12,0,12,56
05/20/2017,ELM,NY,AEA,EN,Combined TRACON& Tower with Radar,10,3,4,0,17,0,0,5,0,5,10,3,9,0,22,14,0,14,36
05/21/2017,ELM,NY,AEA,EN,Combined TRACON& Tower with Radar,9,1,2,0,12,0,0,2,0,2,9,1,4,0,14,24,0,24,38
05/22/2017,ELM,NY,AEA,EN,Combined TRACON& Tower with Radar,7,7,10,0,24,0,0,2,0,2,7,7,12,0,26,10,0,10,36
05/23/2017,ELM,NY,AEA,EN,Combined TRACON& Tower with Radar,10,5,11,0,26,0,0,14,0,14,10,5,25,0,40,51,0,51,91
05/24/2017,ELM,NY,AEA,EN,Combined TRACON& Tower with Radar,12,9,20,0,41,0,0,7,0,7,12,9,27,0,48,24,0,24,72
05/25/2017,ELM,NY,AEA,EN,Combined TRACON& Tower with Radar,12,8,19,0,39,0,0,0,0,0,12,8,19,0,39,0,0,0,39
05/26/2017,ELM,NY,AEA,EN,Combined TRACON& Tower with Radar,8,6,21,0,35,0,0,0,0,0,8,6,21,0,35,5,0,5,40
05/27/2017,ELM,NY,AEA,EN,Combined TRACON& Tower with Radar,8,9,5,0,22,0,0,1,0,1,8,9,6,0,23,34,0,34,57
05/28/2017,ELM,NY,AEA,EN,Combined TRACON& Tower with Radar,6,1,0,0,7,0,0,7,0,7,6,1,7,0,14,6,0,6,20
05/29/2017,ELM,NY,AEA,EN,Combined TRACON& Tower with Radar,7,4,4,0,15,0,0,0,0,0,7,4,4,0,15,22,0,22,37
05/30/2017,ELM,NY,AEA,EN,Combined TRACON& Tower with Radar,9,9,16,0,34,0,0,0,0,0,9,9,16,0,34,0,0,0,34
05/31/2017,ELM,NY,AEA,EN,Combined TRACON& Tower with Radar,9,9,15,0,33,0,0,2,0,2,9,9,17,0,35,36,0,36,71
06/01/2017,ELM,NY,AEA,EN,Combined TRACON& Tower with Radar,7,6,13,0,26,0,1,8,0,9,7,7,21,0,35,20,0,20,55
06/02/2017,ELM,NY,AEA,EN,Combined TRACON& Tower with Radar,10,4,19,0,33,0,0,5,0,5,10,4,24,0,38,13,0,13,51
06/03/2017,ELM,NY,AEA,EN,Combined TRACON& Tower with Radar,10,5,6,0,21,0,0,9,0,9,10,5,15,0,30,14,0,14,44
06/04/2017,ELM,NY,AEA,EN,Combined TRACON& Tower with Radar,8,0,10,0,18,0,0,1,0,1,8,0,11,0,19,0,0,0,19
06/05/2017,ELM,NY,AEA,EN,Combined TRACON& Tower with Radar,10,19,16,0,45,0,0,0,0,0,10,19,16,0,45,0,0,0,45
06/06/2017,ELM,NY,AEA,EN,Combined TRACON& Tower with Radar,10,8,17,0,35,0,0,0,0,0,10,8,17,0,35,2,0,2,37
06/07/2017,ELM,NY,AEA,EN,Combined TRACON& Tower with Radar,12,8,21,0,41,0,0,7,0,7,12,8,28,0,48,34,0,34,82
06/08/2017,ELM,NY,AEA,EN,Combined TRACON& Tower with Radar,11,6,12,0,29,0,0,6,0,6,11,6,18,0,35,32,0,32,67
06/09/2017,ELM,NY,AEA,EN,Combined TRACON& Tower with Radar,10,12,29,0,51,0,0,3,0,3,10,12,32,0,54,14,0,14,68
06/10/2017,ELM,NY,AEA,EN,Combined TRACON& Tower with Radar,7,6,7,0,20,0,0,8,0,8,7,6,15,0,28,24,0,24,52
06/11/2017,ELM,NY,AEA,EN,Combined TRACON& Tower with Radar,9,1,7,0,17,0,0,8,0,8,9,1,15,0,25,24,0,24,49
06/12/2017,ELM,NY,AEA,EN,Combined TRACON& Tower with Radar,7,3,12,0,22,0,2,5,0,7,7,5,17,0,29,18,0,18,47
06/13/2017,ELM,NY,AEA,EN,Combined TRACON& Tower with Radar,9,7,12,0,28,0,1,0,0,1,9,8,12,0,29,38,0,38,67
06/14/2017,ELM,NY,AEA,EN,Combined TRACON& Tower with Radar,12,4,19,0,35,0,0,10,0,10,12,4,29,0,45,34,0,34,79
06/15/2017,ELM,NY,AEA,EN,Combined TRACON& Tower with Radar,10,5,13,0,28,0,0,4,0,4,10,5,17,0,32,2,0,2,34
06/16/2017,ELM,NY,AEA,EN,Combined TRACON& Tower with Radar,9,4,14,0,27,0,2,4,0,6,9,6,18,0,33,0,0,0,33
06/17/2017,ELM,NY,AEA,EN,Combined TRACON& Tower with Radar,8,3,5,0,16,0,0,2,0,2,8,3,7,0,18,38,0,38,56
06/18/2017,ELM,NY,AEA,EN,Combined TRACON& Tower with Radar,11,2,6,0,19,0,0,2,0,2,11,2,8,0,21,2,0,2,23
06/19/2017,ELM,NY,AEA,EN,Combined TRACON& Tower with Radar,8,4,21,0,33,0,0,0,0,0,8,4,21,0,33,2,0,2,35
06/20/2017,ELM,NY,AEA,EN,Combined TRACON& Tower with Radar,10,5,11,0,26,0,0,6,0,6,10,5,17,0,32,57,0,57,89
06/21/2017,ELM,NY,AEA,EN,Combined TRACON& Tower with Radar,10,5,8,0,23,0,0,2,0,2,10,5,10,0,25,14,0,14,39
06/22/2017,ELM,NY,AEA,EN,Combined TRACON& Tower with Radar,10,8,9,0,27,0,0,13,0,13,10,8,22,0,40,0,0,0,40
06/23/2017,ELM,NY,AEA,EN,Combined TRACON& Tower with Radar,7,3,14,0,24,0,1,0,0,1,7,4,14,0,25,10,0,10,35
06/24/2017,ELM,NY,AEA,EN,Combined TRACON& Tower with Radar,8,5,2,0,15,0,0,8,0,8,8,5,10,0,23,18,0,18,41
06/25/2017,ELM,NY,AEA,EN,Combined TRACON& Tower with Radar,11,1,5,0,17,0,0,5,0,5,11,1,10,0,22,18,0,18,40
06/26/2017,ELM,NY,AEA,EN,Combined TRACON& Tower with Radar,7,5,14,0,26,0,0,0,0,0,7,5,14,0,26,0,0,0,26
06/27/2017,ELM,NY,AEA,EN,Combined TRACON& Tower with Radar,7,10,12,0,29,0,0,6,0,6,7,10,18,0,35,59,0,59,94
06/28/2017,ELM,NY,AEA,EN,Combined TRACON& Tower with Radar,12,9,23,0,44,0,0,15,0,15,12,9,38,0,59,95,0,95,154
06/29/2017,ELM,NY,AEA,EN,Combined TRACON& Tower with Radar,7,14,23,0,44,0,0,8,0,8,7,14,31,0,52,3,0,3,55
06/30/2017,ELM,NY,AEA,EN,Combined TRACON& Tower with Radar,9,8,14,0,31,0,0,1,0,1,9,8,15,0,32,20,0,20,52
07/01/2017,ELM,NY,AEA,EN,Combined TRACON& Tower with Radar,9,5,25,0,39,0,0,3,0,3,9,5,28,0,42,6,0,6,48
07/02/2017,ELM,NY,AEA,EN,Combined TRACON& Tower with Radar,9,7,19,0,35,0,0,13,0,13,9,7,32,0,48,28,0,28,76
07/03/2017,ELM,NY,AEA,EN,Combined TRACON& Tower with Radar,8,4,5,0,17,0,0,9,0,9,8,4,14,0,26,45,0,45,71
07/04/2017,ELM,NY,AEA,EN,Combined TRACON& Tower with Radar,10,0,9,0,19,0,0,6,0,6,10,0,15,0,25,39,0,39,64
07/05/2017,ELM,NY,AEA,EN,Combined TRACON& Tower with Radar,8,8,5,0,21,0,0,4,0,4,8,8,9,0,25,31,0,31,56
07/06/2017,ELM,NY,AEA,EN,Combined TRACON& Tower with Radar,9,7,8,3,27,0,0,2,0,2,9,7,10,3,29,15,0,15,44
07/07/2017,ELM,NY,AEA,EN,Combined TRACON& Tower with Radar,9,5,12,1,27,0,0,1,0,1,9,5,13,1,28,43,0,43,71
07/08/2017,ELM,NY,AEA,EN,Combined TRACON& Tower with Radar,8,3,5,0,16,0,0,1,0,1,8,3,6,0,17,8,0,8,25
07/09/2017,ELM,NY,AEA,EN,Combined TRACON& Tower with Radar,10,0,6,0,16,0,0,8,0,8,10,0,14,0,24,0,0,0,24
07/10/2017,ELM,NY,AEA,EN,Combined TRACON& Tower with Radar,9,4,14,0,27,0,0,3,0,3,9,4,17,0,30,0,0,0,30
07/11/2017,ELM,NY,AEA,EN,Combined TRACON& Tower with Radar,11,7,11,0,29,0,0,1,0,1,11,7,12,0,30,18,0,18,48
07/12/2017,ELM,NY,AEA,EN,Combined TRACON& Tower with Radar,11,5,13,0,29,0,0,1,0,1,11,5,14,0,30,6,0,6,36
07/13/2017,ELM,NY,AEA,EN,Combined TRACON& Tower with Radar,9,7,7,0,23,0,0,3,0,3,9,7,10,0,26,0,0,0,26
07/14/2017,ELM,NY,AEA,EN,Combined TRACON& Tower with Radar,9,8,24,0,41,0,0,0,0,0,9,8,24,0,41,4,0,4,45
07/15/2017,ELM,NY,AEA,EN,Combined TRACON& Tower with Radar,10,1,9,0,20,0,0,0,0,0,10,1,9,0,20,6,0,6,26
07/16/2017,ELM,NY,AEA,EN,Combined TRACON& Tower with Radar,12,1,4,0,17,0,0,6,0,6,12,1,10,0,23,26,0,26,49
07/17/2017,ELM,NY,AEA,EN,Combined TRACON& Tower with Radar,9,4,18,0,31,0,0,2,0,2,9,4,20,0,33,12,0,12,45
07/18/2017,ELM,NY,AEA,EN,Combined TRACON& Tower with Radar,10,6,15,0,31,0,0,2,0,2,10,6,17,0,33,51,0,51,84
07/19/2017,ELM,NY,AEA,EN,Combined TRACON& Tower with Radar,11,9,18,0,38,0,0,9,0,9,11,9,27,0,47,50,0,50,97
07/20/2017,ELM,NY,AEA,EN,Combined TRACON& Tower with Radar,11,10,20,0,41,0,0,6,0,6,11,10,26,0,47,20,0,20,67
07/21/2017,ELM,NY,AEA,EN,Combined TRACON& Tower with Radar,9,3,20,0,32,0,1,4,1,6,9,4,24,1,38,7,0,7,45
07/22/2017,ELM,NY,AEA,EN,Combined TRACON& Tower with Radar,9,8,2,0,19,0,0,3,0,3,9,8,5,0,22,32,0,32,54
07/23/2017,ELM,NY,AEA,EN,Combined TRACON& Tower with Radar,9,0,10,0,19,0,0,0,0,0,9,0,10,0,19,13,0,13,32
07/24/2017,ELM,NY,AEA,EN,Combined TRACON& Tower with Radar,10,5,17,0,32,0,0,6,0,6,10,5,23,0,38,10,0,10,48
07/25/2017,ELM,NY,AEA,EN,Combined TRACON& Tower with Radar,12,7,9,0,28,0,0,0,0,0,12,7,9,0,28,0,0,0,28
07/26/2017,ELM,NY,AEA,EN,Combined TRACON& Tower with Radar,10,3,20,0,33,0,0,2,0,2,10,3,22,0,35,32,0,32,67
07/27/2017,ELM,NY,AEA,EN,Combined TRACON& Tower with Radar,11,8,15,0,34,0,0,5,0,5,11,8,20,0,39,0,0,0,39
07/28/2017,ELM,NY,AEA,EN,Combined TRACON& Tower with Radar,11,4,21,0,36,0,0,2,0,2,11,4,23,0,38,20,0,20,58
07/29/2017,ELM,NY,AEA,EN,Combined TRACON& Tower with Radar,10,4,4,0,18,0,0,9,0,9,10,4,13,0,27,12,0,12,39
07/30/2017,ELM,NY,AEA,EN,Combined TRACON& Tower with Radar,12,2,4,0,18,0,0,14,0,14,12,2,18,0,32,26,0,26,58
07/31/2017,ELM,NY,AEA,EN,Combined TRACON& Tower with Radar,8,7,11,0,26,0,0,8,0,8,8,7,19,0,34,10,0,10,44
08/01/2017,ELM,NY,AEA,EN,Combined TRACON& Tower with Radar,9,5,8,0,22,0,0,5,0,5,9,5,13,0,27,32,0,32,59
08/02/2017,ELM,NY,AEA,EN,Combined TRACON& Tower with Radar,11,7,15,0,33,0,0,5,0,5,11,7,20,0,38,12,0,12,50
08/03/2017,ELM,NY,AEA,EN,Combined TRACON& Tower with Radar,10,11,27,1,49,0,0,9,0,9,10,11,36,1,58,12,0,12,70
08/04/2017,ELM,NY,AEA,EN,Combined TRACON& Tower with Radar,8,8,26,0,42,0,0,1,0,1,8,8,27,0,43,4,0,4,47
08/05/2017,ELM,NY,AEA,EN,Combined TRACON& Tower with Radar,8,4,17,0,29,0,0,5,0,5,8,4,22,0,34,16,0,16,50
08/06/2017,ELM,NY,AEA,EN,Combined TRACON& Tower with Radar,9,5,44,1,59,0,0,13,0,13,9,5,57,1,72,88,0,88,160
08/07/2017,ELM,NY,AEA,EN,Combined TRACON& Tower with Radar,8,6,12,0,26,0,0,2,0,2,8,6,14,0,28,28,0,28,56
08/08/2017,ELM,NY,AEA,EN,Combined TRACON& Tower with Radar,9,8,16,0,33,0,0,8,0,8,9,8,24,0,41,30,0,30,71
08/09/2017,ELM,NY,AEA,EN,Combined TRACON& Tower with Radar,8,6,14,0,28,0,0,18,0,18,8,6,32,0,46,57,0,57,103
08/10/2017,ELM,NY,AEA,EN,Combined TRACON& Tower with Radar,10,8,9,0,27,0,0,13,0,13,10,8,22,0,40,8,0,8,48
08/11/2017,ELM,NY,AEA,EN,Combined TRACON& Tower with Radar,9,8,7,0,24,0,0,0,0,0,9,8,7,0,24,2,0,2,26
08/12/2017,ELM,NY,AEA,EN,Combined TRACON& Tower with Radar,8,2,4,0,14,0,0,3,0,3,8,2,7,0,17,0,0,0,17
08/13/2017,ELM,NY,AEA,EN,Combined TRACON& Tower with Radar,6,8,4,0,18,0,0,8,0,8,6,8,12,0,26,62,0,62,88
08/14/2017,ELM,NY,AEA,EN,Combined TRACON& Tower with Radar,0,6,8,0,14,0,1,0,0,1,0,7,8,0,15,86,0,86,101
08/15/2017,ELM,NY,AEA,EN,Combined TRACON& Tower with Radar,12,10,19,0,41,0,0,1,0,1,12,10,20,0,42,16,0,16,58
08/16/2017,ELM,NY,AEA,EN,Combined TRACON& Tower with Radar,11,8,13,0,32,0,0,8,0,8,11,8,21,0,40,39,0,39,79
08/17/2017,ELM,NY,AEA,EN,Combined TRACON& Tower with Radar,14,4,15,0,33,0,0,4,0,4,14,4,19,0,37,0,0,0,37
08/18/2017,ELM,NY,AEA,EN,Combined TRACON& Tower with Radar,7,8,7,0,22,0,1,0,0,1,7,9,7,0,23,0,0,0,23
08/19/2017,ELM,NY,AEA,EN,Combined TRACON& Tower with Radar,7,3,6,0,16,0,0,4,0,4,7,3,10,0,20,28,0,28,48
08/20/2017,ELM,NY,AEA,EN,Combined TRACON& Tower with Radar,8,0,11,0,19,0,0,7,0,7,8,0,18,0,26,22,0,22,48
08/21/2017,ELM,NY,AEA,EN,Combined TRACON& Tower with Radar,8,4,10,0,22,0,0,4,0,4,8,4,14,0,26,30,0,30,56
08/22/2017,ELM,NY,AEA,EN,Combined TRACON& Tower with Radar,9,7,10,0,26,0,0,1,0,1,9,7,11,0,27,14,0,14,41
08/23/2017,ELM,NY,AEA,EN,Combined TRACON& Tower with Radar,8,6,15,0,29,0,0,3,0,3,8,6,18,0,32,21,0,21,53
08/24/2017,ELM,NY,AEA,EN,Combined TRACON& Tower with Radar,8,8,14,0,30,0,0,4,0,4,8,8,18,0,34,0,0,0,34
08/25/2017,ELM,NY,AEA,EN,Combined TRACON& Tower with Radar,9,7,11,0,27,0,0,8,0,8,9,7,19,0,35,10,0,10,45
08/26/2017,ELM,NY,AEA,EN,Combined TRACON& Tower with Radar,9,4,2,2,17,0,0,6,0,6,9,4,8,2,23,48,2,50,73
08/27/2017,ELM,NY,AEA,EN,Combined TRACON& Tower with Radar,11,3,12,0,26,0,0,10,0,10,11,3,22,0,36,8,0,8,44
08/28/2017,ELM,NY,AEA,EN,Combined TRACON& Tower with Radar,10,5,19,0,34,0,0,3,0,3,10,5,22,0,37,2,0,2,39
08/29/2017,ELM,NY,AEA,EN,Combined TRACON& Tower with Radar,11,6,8,8,33,0,0,5,4,9,11,6,13,12,42,45,2,47,89
08/30/2017,ELM,NY,AEA,EN,Combined TRACON& Tower with Radar,11,7,18,1,37,0,0,2,0,2,11,7,20,1,39,40,0,40,79
08/31/2017,ELM,NY,AEA,EN,Combined TRACON& Tower with Radar,14,16,23,0,53,0,0,1,0,1,14,16,24,0,54,12,0,12,66
09/01/2017,ELM,NY,AEA,EN,Combined TRACON& Tower with Radar,10,8,20,0,38,0,0,2,0,2,10,8,22,0,40,16,0,16,56
09/02/2017,ELM,NY,AEA,EN,Combined TRACON& Tower with Radar,7,5,4,0,16,0,0,3,0,3,7,5,7,0,19,26,0,26,45
09/03/2017,ELM,NY,AEA,EN,Combined TRACON& Tower with Radar,8,10,16,0,34,0,0,1,0,1,8,10,17,0,35,2,0,2,37
09/04/2017,ELM,NY,AEA,EN,Combined TRACON& Tower with Radar,5,0,2,0,7,0,0,7,0,7,5,0,9,0,14,20,0,20,34
09/05/2017,ELM,NY,AEA,EN,Combined TRACON& Tower with Radar,12,6,12,0,30,0,0,0,0,0,12,6,12,0,30,0,0,0,30
09/06/2017,ELM,NY,AEA,EN,Combined TRACON& Tower with Radar,11,12,27,0,50,0,0,0,0,0,11,12,27,0,50,20,0,20,70
09/07/2017,ELM,NY,AEA,EN,Combined TRACON& Tower with Radar,11,6,13,0,30,0,0,6,0,6,11,6,19,0,36,0,0,0,36
09/08/2017,ELM,NY,AEA,EN,Combined TRACON& Tower with Radar,10,9,11,0,30,0,0,2,0,2,10,9,13,0,32,8,0,8,40
09/09/2017,ELM,NY,AEA,EN,Combined TRACON& Tower with Radar,6,5,10,0,21,0,0,2,0,2,6,5,12,0,23,15,0,15,38
09/10/2017,ELM,NY,AEA,EN,Combined TRACON& Tower with Radar,6,7,8,0,21,0,0,4,0,4,6,7,12,0,25,21,0,21,46
09/11/2017,ELM,NY,AEA,EN,Combined TRACON& Tower with Radar,0,15,13,0,28,0,0,6,0,6,0,15,19,0,34,64,0,64,98
09/12/2017,ELM,NY,AEA,EN,Combined TRACON& Tower with Radar,0,18,16,0,34,0,0,4,0,4,0,18,20,0,38,6,0,6,44
09/13/2017,ELM,NY,AEA,EN,Combined TRACON& Tower with Radar,8,10,26,0,44,0,0,2,0,2,8,10,28,0,46,20,0,20,66
09/14/2017,ELM,NY,AEA,EN,Combined TRACON& Tower with Radar,12,8,21,0,41,0,0,0,0,0,12,8,21,0,41,0,0,0,41
09/15/2017,ELM,NY,AEA,EN,Combined TRACON& Tower with Radar,10,14,25,0,49,0,0,4,0,4,10,14,29,0,53,1,0,1,54
09/16/2017,ELM,NY,AEA,EN,Combined TRACON& Tower with Radar,10,3,10,0,23,0,1,19,0,20,10,4,29,0,43,16,0,16,59
09/17/2017,ELM,NY,AEA,EN,Combined TRACON& Tower with Radar,12,2,13,0,27,0,0,13,0,13,12,2,26,0,40,36,0,36,76
09/18/2017,ELM,NY,AEA,EN,Combined TRACON& Tower with Radar,0,17,20,0,37,0,0,9,1,10,0,17,29,1,47,8,0,8,55
09/19/2017,ELM,NY,AEA,EN,Combined TRACON& Tower with Radar,0,20,19,0,39,0,0,3,0,3,0,20,22,0,42,0,0,0,42
09/20/2017,ELM,NY,AEA,EN,Combined TRACON& Tower with Radar,10,10,15,0,35,0,0,14,0,14,10,10,29,0,49,18,0,18,67
09/21/2017,ELM,NY,AEA,EN,Combined TRACON& Tower with Radar,12,12,30,0,54,0,1,10,0,11,12,13,40,0,65,5,0,5,70
09/22/2017,ELM,NY,AEA,EN,Combined TRACON& Tower with Radar,10,9,22,0,41,0,0,11,0,11,10,9,33,0,52,6,0,6,58
09/23/2017,ELM,NY,AEA,EN,Combined TRACON& Tower with Radar,10,4,8,0,22,0,0,7,0,7,10,4,15,0,29,11,0,11,40
09/24/2017,ELM,NY,AEA,EN,Combined TRACON& Tower with Radar,10,6,16,0,32,0,0,12,0,12,10,6,28,0,44,19,0,19,63
09/25/2017,ELM,NY,AEA,EN,Combined TRACON& Tower with Radar,0,15,16,2,33,0,2,7,0,9,0,17,23,2,42,8,0,8,50
09/26/2017,ELM,NY,AEA,EN,Combined TRACON& Tower with Radar,0,24,7,0,31,0,0,5,0,5,0,24,12,0,36,8,0,8,44
09/27/2017,ELM,NY,AEA,EN,Combined TRACON& Tower with Radar,10,11,12,0,33,0,0,4,0,4,10,11,16,0,37,17,0,17,54
09/28/2017,ELM,NY,AEA,EN,Combined TRACON& Tower with Radar,11,9,19,0,39,0,0,0,0,0,11,9,19,0,39,0,0,0,39
09/29/2017,ELM,NY,AEA,EN,Combined TRACON& Tower with Radar,10,9,27,0,46,0,0,3,0,3,10,9,30,0,49,7,0,7,56
09/30/2017,ELM,NY,AEA,EN,Combined TRACON& Tower with Radar,10,4,14,0,28,0,0,6,0,6,10,4,20,0,34,0,0,0,34
10/01/2017,ELM,NY,AEA,EN,Combined TRACON& Tower with Radar,10,2,6,0,18,0,0,16,0,16,10,2,22,0,34,22,0,22,56
10/02/2017,ELM,NY,AEA,EN,Combined TRACON& Tower with Radar,0,16,12,0,28,0,2,4,0,6,0,18,16,0,34,40,0,40,74
10/03/2017,ELM,NY,AEA,EN,Combined TRACON& Tower with Radar,0,18,19,0,37,0,4,23,0,27,0,22,42,0,64,36,0,36,100
10/04/2017,ELM,NY,AEA,EN,Combined TRACON& Tower with Radar,6,15,18,0,39,0,0,6,0,6,6,15,24,0,45,0,0,0,45
10/05/2017,ELM,NY,AEA,EN,Combined TRACON& Tower with Radar,12,9,19,0,40,0,0,5,0,5,12,9,24,0,45,19,0,19,64
10/06/2017,ELM,NY,AEA,EN,Combined TRACON& Tower with Radar,10,11,23,0,44,0,0,8,0,8,10,11,31,0,52,10,0,10,62
10/07/2017,ELM,NY,AEA,EN,Combined TRACON& Tower with Radar,10,6,10,0,26,0,0,12,0,12,10,6,22,0,38,8,0,8,46
10/08/2017,ELM,NY,AEA,EN,Combined TRACON& Tower with Radar,14,2,7,0,23,0,0,4,0,4,14,2,11,0,27,16,0,16,43
10/09/2017,ELM,NY,AEA,EN,Combined TRACON& Tower with Radar,10,11,19,0,40,0,0,0,0,0,10,11,19,0,40,18,0,18,58
10/10/2017,ELM,NY,AEA,EN,Combined TRACON& Tower with Radar,12,11,19,2,44,0,0,10,0,10,12,11,29,2,54,20,0,20,74
10/11/2017,ELM,NY,AEA,EN,Combined TRACON& Tower with Radar,12,12,23,0,47,0,0,1,0,1,12,12,24,0,48,0,0,0,48
10/12/2017,ELM,NY,AEA,EN,Combined TRACON& Tower with Radar,12,11,14,0,37,0,0,1,0,1,12,11,15,0,38,2,0,2,40
10/13/2017,ELM,NY,AEA,EN,Combined TRACON& Tower with Radar,10,9,27,0,46,0,0,2,0,2,10,9,29,0,48,0,0,0,48
10/14/2017,ELM,NY,AEA,EN,Combined TRACON& Tower with Radar,10,7,10,0,27,0,1,13,0,14,10,8,23,0,41,14,0,14,55
10/15/2017,ELM,NY,AEA,EN,Combined TRACON& Tower with Radar,12,3,13,0,28,0,0,7,0,7,12,3,20,0,35,12,0,12,47
10/16/2017,ELM,NY,AEA,EN,Combined TRACON& Tower with Radar,10,5,18,0,33,0,0,6,0,6,10,5,24,0,39,0,0,0,39
10/17/2017,ELM,NY,AEA,EN,Combined TRACON& Tower with Radar,12,13,17,0,42,0,2,7,0,9,12,15,24,0,51,0,0,0,51
10/18/2017,ELM,NY,AEA,EN,Combined TRACON& Tower with Radar,12,8,24,0,44,0,0,17,0,17,12,8,41,0,61,12,0,12,73
10/19/2017,ELM,NY,AEA,EN,Combined TRACON& Tower with Radar,14,9,17,0,40,0,0,16,0,16,14,9,33,0,56,21,0,21,77
10/20/2017,ELM,NY,AEA,EN,Combined TRACON& Tower with Radar,10,9,15,0,34,0,0,18,0,18,10,9,33,0,52,0,0,0,52
10/21/2017,ELM,NY,AEA,EN,Combined TRACON& Tower with Radar,10,7,6,0,23,0,0,21,0,21,10,7,27,0,44,14,0,14,58
10/22/2017,ELM,NY,AEA,EN,Combined TRACON& Tower with Radar,12,3,9,0,24,0,0,28,0,28,12,3,37,0,52,24,0,24,76
10/23/2017,ELM,NY,AEA,EN,Combined TRACON& Tower with Radar,10,8,17,0,35,0,0,0,0,0,10,8,17,0,35,4,0,4,39
10/24/2017,ELM,NY,AEA,EN,Combined TRACON& Tower with Radar,10,8,18,0,36,0,0,4,0,4,10,8,22,0,40,4,0,4,44
10/25/2017,ELM,NY,AEA,EN,Combined TRACON& Tower with Radar,13,10,19,0,42,0,0,19,0,19,13,10,38,0,61,6,0,6,67
10/26/2017,ELM,NY,AEA,EN,Combined TRACON& Tower with Radar,11,6,11,0,28,0,2,4,0,6,11,8,15,0,34,5,0,5,39
10/27/2017,ELM,NY,AEA,EN,Combined TRACON& Tower with Radar,10,7,32,0,49,0,0,24,0,24,10,7,56,0,73,14,0,14,87
10/28/2017,ELM,NY,AEA,EN,Combined TRACON& Tower with Radar,10,6,1,0,17,0,0,11,0,11,10,6,12,0,28,0,0,0,28
10/29/2017,ELM,NY,AEA,EN,Combined TRACON& Tower with Radar,12,2,5,0,19,0,0,0,0,0,12,2,5,0,19,0,0,0,19
10/30/2017,ELM,NY,AEA,EN,Combined TRACON& Tower with Radar,8,5,15,0,28,0,0,0,0,0,8,5,15,0,28,0,0,0,28
10/31/2017,ELM,NY,AEA,EN,Combined TRACON& Tower with Radar,8,13,24,0,45,0,0,6,0,6,8,13,30,0,51,0,0,0,51
11/01/2017,ELM,NY,AEA,EN,Combined TRACON& Tower with Radar,12,13,16,0,41,0,0,0,0,0,12,13,16,0,41,2,0,2,43
11/02/2017,ELM,NY,AEA,EN,Combined TRACON& Tower with Radar,12,13,27,0,52,0,0,7,0,7,12,13,34,0,59,2,0,2,61
11/03/2017,ELM,NY,AEA,EN,Combined TRACON& Tower with Radar,10,12,18,0,40,0,0,1,0,1,10,12,19,0,41,1,0,1,42
11/04/2017,ELM,NY,AEA,EN,Combined TRACON& Tower with Radar,10,4,11,0,25,0,0,23,0,23,10,4,34,0,48,38,0,38,86
11/05/2017,ELM,NY,AEA,EN,Combined TRACON& Tower with Radar,12,2,7,0,21,0,0,0,0,0,12,2,7,0,21,0,0,0,21
11/06/2017,ELM,NY,AEA,EN,Combined TRACON& Tower with Radar,10,5,20,0,35,0,0,0,0,0,10,5,20,0,35,0,0,0,35
11/07/2017,ELM,NY,AEA,EN,Combined TRACON& Tower with Radar,10,10,15,2,37,0,0,2,0,2,10,10,17,2,39,0,0,0,39
11/08/2017,ELM,NY,AEA,EN,Combined TRACON& Tower with Radar,12,9,19,0,40,0,1,4,0,5,12,10,23,0,45,8,0,8,53
11/09/2017,ELM,NY,AEA,EN,Combined TRACON& Tower with Radar,12,11,20,0,43,0,0,3,0,3,12,11,23,0,46,5,0,5,51
11/10/2017,ELM,NY,AEA,EN,Combined TRACON& Tower with Radar,10,12,15,0,37,0,0,2,0,2,10,12,17,0,39,0,0,0,39
11/11/2017,ELM,NY,AEA,EN,Combined TRACON& Tower with Radar,10,7,6,0,23,0,0,6,0,6,10,7,12,0,29,22,0,22,51
11/12/2017,ELM,NY,AEA,EN,Combined TRACON& Tower with Radar,12,0,13,0,25,0,0,16,0,16,12,0,29,0,41,12,0,12,53
11/13/2017,ELM,NY,AEA,EN,Combined TRACON& Tower with Radar,10,13,18,0,41,0,0,0,0,0,10,13,18,0,41,14,0,14,55
11/14/2017,ELM,NY,AEA,EN,Combined TRACON& Tower with Radar,10,9,17,0,36,0,0,1,0,1,10,9,18,0,37,2,0,2,39
11/15/2017,ELM,NY,AEA,EN,Combined TRACON& Tower with Radar,12,11,14,0,37,0,0,3,0,3,12,11,17,0,40,0,0,0,40
11/16/2017,ELM,NY,AEA,EN,Combined TRACON& Tower with Radar,10,10,14,0,34,0,0,0,0,0,10,10,14,0,34,0,0,0,34
11/17/2017,ELM,NY,AEA,EN,Combined TRACON& Tower with Radar,12,9,17,0,38,0,0,15,0,15,12,9,32,0,53,14,0,14,67
11/18/2017,ELM,NY,AEA,EN,Combined TRACON& Tower with Radar,10,6,6,0,22,0,0,0,0,0,10,6,6,0,22,0,0,0,22
11/19/2017,ELM,NY,AEA,EN,Combined TRACON& Tower with Radar,10,2,3,0,15,0,0,0,0,0,10,2,3,0,15,0,0,0,15
11/20/2017,ELM,NY,AEA,EN,Combined TRACON& Tower with Radar,12,5,15,0,32,0,0,3,0,3,12,5,18,0,35,30,0,30,65
11/21/2017,ELM,NY,AEA,EN,Combined TRACON& Tower with Radar,12,12,16,0,40,0,0,12,0,12,12,12,28,0,52,0,0,0,52
11/22/2017,ELM,NY,AEA,EN,Combined TRACON& Tower with Radar,12,11,13,0,36,0,0,1,0,1,12,11,14,0,37,0,0,0,37
11/23/2017,ELM,NY,AEA,EN,Combined TRACON& Tower with Radar,5,0,4,0,9,0,0,1,0,1,5,0,5,0,10,0,0,0,10
11/24/2017,ELM,NY,AEA,EN,Combined TRACON& Tower with Radar,9,6,2,0,17,0,0,8,0,8,9,6,10,0,25,0,0,0,25
11/25/2017,ELM,NY,AEA,EN,Combined TRACON& Tower with Radar,12,5,3,0,20,0,0,6,0,6,12,5,9,0,26,9,0,9,35
11/26/2017,ELM,NY,AEA,EN,Combined TRACON& Tower with Radar,12,1,18,0,31,0,0,8,0,8,12,1,26,0,39,14,0,14,53
11/27/2017,ELM,NY,AEA,EN,Combined TRACON& Tower with Radar,12,7,17,0,36,0,0,3,0,3,12,7,20,0,39,0,0,0,39
11/28/2017,ELM,NY,AEA,EN,Combined TRACON& Tower with Radar,10,12,17,0,39,0,0,3,0,3,10,12,20,0,42,0,0,0,42
11/29/2017,ELM,NY,AEA,EN,Combined TRACON& Tower with Radar,10,10,23,0,43,0,0,4,0,4,10,10,27,0,47,1,0,1,48
11/30/2017,ELM,NY,AEA,EN,Combined TRACON& Tower with Radar,10,11,21,0,42,0,4,4,0,8,10,15,25,0,50,0,0,0,50
12/01/2017,ELM,NY,AEA,EN,Combined TRACON& Tower with Radar,12,10,21,0,43,0,0,6,0,6,12,10,27,0,49,10,0,10,59
12/02/2017,ELM,NY,AEA,EN,Combined TRACON& Tower with Radar,10,5,7,0,22,0,0,18,6,24,10,5,25,6,46,38,0,38,84
12/03/2017,ELM,NY,AEA,EN,Combined TRACON& Tower with Radar,8,1,5,9,23,0,0,19,4,23,8,1,24,13,46,38,0,38,84
12/04/2017,ELM,NY,AEA,EN,Combined TRACON& Tower with Radar,12,6,27,0,45,0,0,15,0,15,12,6,42,0,60,25,0,25,85
12/05/2017,ELM,NY,AEA,EN,Combined TRACON& Tower with Radar,10,12,10,0,32,0,0,0,0,0,10,12,10,0,32,0,0,0,32
12/06/2017,ELM,NY,AEA,EN,Combined TRACON& Tower with Radar,10,12,19,0,41,0,0,4,2,6,10,12,23,2,47,1,0,1,48
12/07/2017,ELM,NY,AEA,EN,Combined TRACON& Tower with Radar,10,10,11,0,31,0,0,1,0,1,10,10,12,0,32,6,0,6,38
12/08/2017,ELM,NY,AEA,EN,Combined TRACON& Tower with Radar,12,8,17,0,37,0,0,3,0,3,12,8,20,0,40,10,0,10,50
12/09/2017,ELM,NY,AEA,EN,Combined TRACON& Tower with Radar,10,4,3,0,17,0,0,15,0,15,10,4,18,0,32,28,0,28,60
12/10/2017,ELM,NY,AEA,EN,Combined TRACON& Tower with Radar,9,2,9,0,20,0,0,2,0,2,9,2,11,0,22,0,0,0,22
12/11/2017,ELM,NY,AEA,EN,Combined TRACON& Tower with Radar,12,5,22,0,39,0,0,3,0,3,12,5,25,0,42,1,0,1,43
12/12/2017,ELM,NY,AEA,EN,Combined TRACON& Tower with Radar,10,10,8,0,28,0,0,0,0,0,10,10,8,0,28,0,0,0,28
12/13/2017,ELM,NY,AEA,EN,Combined TRACON& Tower with Radar,12,16,20,0,48,0,0,0,0,0,12,16,20,0,48,1,0,1,49
12/14/2017,ELM,NY,AEA,EN,Combined TRACON& Tower with Radar,9,11,9,0,29,0,1,0,0,1,9,12,9,0,30,0,0,0,30
12/15/2017,ELM,NY,AEA,EN,Combined TRACON& Tower with Radar,12,12,11,0,35,0,0,2,0,2,12,12,13,0,37,15,0,15,52
12/16/2017,ELM,NY,AEA,EN,Combined TRACON& Tower with Radar,10,5,4,0,19,0,0,0,0,0,10,5,4,0,19,0,0,0,19
12/17/2017,ELM,NY,AEA,EN,Combined TRACON& Tower with Radar,8,0,4,0,12,0,0,2,0,2,8,0,6,0,14,10,0,10,24
12/18/2017,ELM,NY,AEA,EN,Combined TRACON& Tower with Radar,12,6,16,0,34,0,0,0,0,0,12,6,16,0,34,10,0,10,44
12/19/2017,ELM,NY,AEA,EN,Combined TRACON& Tower with Radar,10,12,16,0,38,0,0,0,0,0,10,12,16,0,38,0,0,0,38
12/20/2017,ELM,NY,AEA,EN,Combined TRACON& Tower with Radar,14,10,15,0,39,0,0,4,0,4,14,10,19,0,43,0,0,0,43
12/21/2017,ELM,NY,AEA,EN,Combined TRACON& Tower with Radar,4,17,17,0,38,0,0,23,0,23,4,17,40,0,61,0,0,0,61
12/22/2017,ELM,NY,AEA,EN,Combined TRACON& Tower with Radar,6,16,15,0,37,0,0,0,0,0,6,16,15,0,37,0,0,0,37
12/23/2017,ELM,NY,AEA,EN,Combined TRACON& Tower with Radar,8,19,9,0,36,0,0,0,0,0,8,19,9,0,36,0,0,0,36
12/24/2017,ELM,NY,AEA,EN,Combined TRACON& Tower with Radar,6,2,2,0,10,0,0,2,0,2,6,2,4,0,12,0,0,0,12
12/25/2017,ELM,NY,AEA,EN,Combined TRACON& Tower with Radar,6,2,0,0,8,0,0,0,0,0,6,2,0,0,8,0,0,0,8
12/26/2017,ELM,NY,AEA,EN,Combined TRACON& Tower with Radar,6,19,3,0,28,0,0,1,0,1,6,19,4,0,29,0,0,0,29
12/27/2017,ELM,NY,AEA,EN,Combined TRACON& Tower with Radar,8,16,4,0,28,0,0,4,2,6,8,16,8,2,34,0,0,0,34
12/28/2017,ELM,NY,AEA,EN,Combined TRACON& Tower with Radar,4,14,0,0,18,0,0,11,0,11,4,14,11,0,29,0,0,0,29
12/29/2017,ELM,NY,AEA,EN,Combined TRACON& Tower with Radar,6,16,1,0,23,0,0,0,0,0,6,16,1,0,23,0,0,0,23
12/30/2017,ELM,NY,AEA,EN,Combined TRACON& Tower with Radar,8,12,1,0,21,0,0,0,0,0,8,12,1,0,21,0,0,0,21
12/31/2017,ELM,NY,AEA,EN,Combined TRACON& Tower with Radar,6,6,0,0,12,0,0,0,0,0,6,6,0,0,12,0,0,0,12
01/01/2018,ELM,NY,AEA,EN,Combined TRACON& Tower with Radar,4,4,3,0,11,0,0,2,0,2,4,4,5,0,13,0,0,0,13
01/02/2018,ELM,NY,AEA,EN,Combined TRACON& Tower with Radar,5,15,9,0,29,0,0,6,0,6,5,15,15,0,35,8,0,8,43
01/03/2018,ELM,NY,AEA,EN,Combined TRACON& Tower with Radar,11,9,5,0,25,0,0,2,0,2,11,9,7,0,27,14,0,14,41
01/04/2018,ELM,NY,AEA,EN,Combined TRACON& Tower with Radar,8,11,7,0,26,0,0,0,0,0,8,11,7,0,26,0,0,0,26
01/05/2018,ELM,NY,AEA,EN,Combined TRACON& Tower with Radar,11,7,9,0,27,0,0,0,0,0,11,7,9,0,27,0,0,0,27
01/06/2018,ELM,NY,AEA,EN,Combined TRACON& Tower with Radar,10,8,2,0,20,0,0,0,0,0,10,8,2,0,20,0,0,0,20
01/07/2018,ELM,NY,AEA,EN,Combined TRACON& Tower with Radar,10,1,4,0,15,0,0,3,0,3,10,1,7,0,18,0,0,0,18
01/08/2018,ELM,NY,AEA,EN,Combined TRACON& Tower with Radar,12,5,12,0,29,0,0,0,0,0,12,5,12,0,29,0,0,0,29
01/09/2018,ELM,NY,AEA,EN,Combined TRACON& Tower with Radar,10,11,12,0,33,0,1,3,0,4,10,12,15,0,37,0,0,0,37
01/10/2018,ELM,NY,AEA,EN,Combined TRACON& Tower with Radar,14,11,16,0,41,0,0,4,2,6,14,11,20,2,47,0,0,0,47
01/11/2018,ELM,NY,AEA,EN,Combined TRACON& Tower with Radar,9,12,22,0,43,0,0,3,0,3,9,12,25,0,46,0,0,0,46
01/12/2018,ELM,NY,AEA,EN,Combined TRACON& Tower with Radar,11,7,15,0,33,0,0,0,0,0,11,7,15,0,33,0,0,0,33
01/13/2018,ELM,NY,AEA,EN,Combined TRACON& Tower with Radar,10,5,3,0,18,0,0,0,0,0,10,5,3,0,18,0,0,0,18
01/14/2018,ELM,NY,AEA,EN,Combined TRACON& Tower with Radar,8,1,2,0,11,0,0,3,0,3,8,1,5,0,14,5,0,5,19
01/15/2018,ELM,NY,AEA,EN,Combined TRACON& Tower with Radar,12,5,14,0,31,0,0,1,0,1,12,5,15,0,32,0,0,0,32
01/16/2018,ELM,NY,AEA,EN,Combined TRACON& Tower with Radar,10,10,10,0,30,0,0,0,0,0,10,10,10,0,30,0,0,0,30
01/17/2018,ELM,NY,AEA,EN,Combined TRACON& Tower with Radar,10,8,7,0,25,0,0,0,0,0,10,8,7,0,25,4,0,4,29
01/18/2018,ELM,NY,AEA,EN,Combined TRACON& Tower with Radar,10,8,9,0,27,0,0,2,0,2,10,8,11,0,29,0,0,0,29
01/19/2018,ELM,NY,AEA,EN,Combined TRACON& Tower with Radar,12,10,18,0,40,0,0,0,0,0,12,10,18,0,40,0,0,0,40
01/20/2018,ELM,NY,AEA,EN,Combined TRACON& Tower with Radar,10,8,8,0,26,0,0,3,0,3,10,8,11,0,29,8,0,8,37
01/21/2018,ELM,NY,AEA,EN,Combined TRACON& Tower with Radar,9,0,3,0,12,0,0,0,0,0,9,0,3,0,12,24,0,24,36
01/22/2018,ELM,NY,AEA,EN,Combined TRACON& Tower with Radar,11,10,21,0,42,0,0,0,0,0,11,10,21,0,42,0,0,0,42
01/23/2018,ELM,NY,AEA,EN,Combined TRACON& Tower with Radar,10,8,16,0,34,0,0,0,0,0,10,8,16,0,34,0,0,0,34
01/24/2018,ELM,NY,AEA,EN,Combined TRACON& Tower with Radar,14,8,14,0,36,0,0,1,0,1,14,8,15,0,37,0,0,0,37
01/25/2018,ELM,NY,AEA,EN,Combined TRACON& Tower with Radar,10,8,17,0,35,0,0,19,0,19,10,8,36,0,54,4,0,4,58
01/26/2018,ELM,NY,AEA,EN,Combined TRACON& Tower with Radar,12,7,21,0,40,0,0,10,0,10,12,7,31,0,50,0,0,0,50
01/27/2018,ELM,NY,AEA,EN,Combined TRACON& Tower with Radar,10,6,6,0,22,0,0,5,1,6,10,6,11,1,28,0,0,0,28
01/28/2018,ELM,NY,AEA,EN,Combined TRACON& Tower with Radar,10,1,11,0,22,0,0,20,0,20,10,1,31,0,42,57,0,57,99
01/29/2018,ELM,NY,AEA,EN,Combined TRACON& Tower with Radar,11,6,23,0,40,0,0,2,0,2,11,6,25,0,42,0,0,0,42
01/30/2018,ELM,NY,AEA,EN,Combined TRACON& Tower with Radar,10,10,13,0,33,0,0,0,0,0,10,10,13,0,33,3,0,3,36
01/31/2018,ELM,NY,AEA,EN,Combined TRACON& Tower with Radar,16,7,19,0,42,0,2,3,0,5,16,9,22,0,47,0,0,0,47
02/01/2018,ELM,NY,AEA,EN,Combined TRACON& Tower with Radar,10,10,16,0,36,0,2,4,0,6,10,12,20,0,42,0,0,0,42
02/02/2018,ELM,NY,AEA,EN,Combined TRACON& Tower with Radar,12,9,24,0,45,0,0,1,0,1,12,9,25,0,46,0,0,0,46
02/03/2018,ELM,NY,AEA,EN,Combined TRACON& Tower with Radar,10,6,3,0,19,0,0,4,0,4,10,6,7,0,23,10,0,10,33
02/04/2018,ELM,NY,AEA,EN,Combined TRACON& Tower with Radar,8,3,3,0,14,0,0,0,0,0,8,3,3,0,14,0,0,0,14
02/05/2018,ELM,NY,AEA,EN,Combined TRACON& Tower with Radar,12,8,18,0,38,0,0,3,0,3,12,8,21,0,41,15,0,15,56
02/06/2018,ELM,NY,AEA,EN,Combined TRACON& Tower with Radar,10,10,11,0,31,0,0,2,0,2,10,10,13,0,33,18,0,18,51
02/07/2018,ELM,NY,AEA,EN,Combined TRACON& Tower with Radar,14,10,8,0,32,0,0,0,0,0,14,10,8,0,32,0,0,0,32
02/08/2018,ELM,NY,AEA,EN,Combined TRACON& Tower with Radar,10,7,15,0,32,0,1,13,0,14,10,8,28,0,46,38,0,38,84
02/09/2018,ELM,NY,AEA,EN,Combined TRACON& Tower with Radar,9,8,15,0,32,0,0,0,0,0,9,8,15,0,32,0,0,0,32
02/10/2018,ELM,NY,AEA,EN,Combined TRACON& Tower with Radar,9,6,0,0,15,0,0,0,0,0,9,6,0,0,15,0,0,0,15
02/11/2018,ELM,NY,AEA,EN,Combined TRACON& Tower with Radar,9,0,2,0,11,0,0,0,0,0,9,0,2,0,11,0,0,0,11
02/12/2018,ELM,NY,AEA,EN,Combined TRACON& Tower with Radar,12,5,28,0,45,0,0,0,0,0,12,5,28,0,45,0,0,0,45
02/13/2018,ELM,NY,AEA,EN,Combined TRACON& Tower with Radar,10,9,14,0,33,0,4,2,0,6,10,13,16,0,39,20,0,20,59
02/14/2018,ELM,NY,AEA,EN,Combined TRACON& Tower with Radar,12,9,20,0,41,0,3,7,0,10,12,12,27,0,51,6,0,6,57
02/15/2018,ELM,NY,AEA,EN,Combined TRACON& Tower with Radar,5,8,23,0,36,0,0,2,0,2,5,8,25,0,38,0,0,0,38
02/16/2018,ELM,NY,AEA,EN,Combined TRACON& Tower with Radar,14,13,17,0,44,0,0,0,0,0,14,13,17,0,44,0,0,0,44
02/17/2018,ELM,NY,AEA,EN,Combined TRACON& Tower with Radar,12,6,4,0,22,0,0,21,0,21,12,6,25,0,43,12,0,12,55
02/18/2018,ELM,NY,AEA,EN,Combined TRACON& Tower with Radar,8,0,8,0,16,0,0,14,0,14,8,0,22,0,30,10,0,10,40
02/19/2018,ELM,NY,AEA,EN,Combined TRACON& Tower with Radar,14,6,15,0,35,0,0,0,0,0,14,6,15,0,35,0,0,0,35
02/20/2018,ELM,NY,AEA,EN,Combined TRACON& Tower with Radar,12,11,23,0,46,0,0,1,0,1,12,11,24,0,47,0,0,0,47
02/21/2018,ELM,NY,AEA,EN,Combined TRACON& Tower with Radar,14,14,15,0,43,0,0,7,0,7,14,14,22,0,50,0,0,0,50
02/22/2018,ELM,NY,AEA,EN,Combined TRACON& Tower with Radar,10,8,12,0,30,0,0,0,0,0,10,8,12,0,30,0,0,0,30
02/23/2018,ELM,NY,AEA,EN,Combined TRACON& Tower with Radar,14,9,10,0,33,0,0,0,0,0,14,9,10,0,33,0,0,0,33
02/24/2018,ELM,NY,AEA,EN,Combined TRACON& Tower with Radar,12,9,7,0,28,0,0,0,0,0,12,9,7,0,28,8,0,8,36
02/25/2018,ELM,NY,AEA,EN,Combined TRACON& Tower with Radar,10,0,11,0,21,0,0,1,0,1,10,0,12,0,22,20,0,20,42
02/26/2018,ELM,NY,AEA,EN,Combined TRACON& Tower with Radar,14,6,14,0,34,0,0,5,0,5,14,6,19,0,39,2,0,2,41
02/27/2018,ELM,NY,AEA,EN,Combined TRACON& Tower with Radar,12,9,19,0,40,0,3,16,0,19,12,12,35,0,59,17,1,18,77
02/28/2018,ELM,NY,AEA,EN,Combined TRACON& Tower with Radar,14,10,26,3,53,0,5,9,13,27,14,15,35,16,80,21,14,35,115
03/01/2018,ELM,NY,AEA,EN,Combined TRACON& Tower with Radar,8,12,20,0,40,0,0,0,0,0,8,12,20,0,40,0,0,0,40
03/02/2018,ELM,NY,AEA,EN,Combined TRACON& Tower with Radar,16,11,4,0,31,0,0,0,0,0,16,11,4,0,31,3,0,3,34
03/03/2018,ELM,NY,AEA,EN,Combined TRACON& Tower with Radar,10,6,7,0,23,0,0,0,0,0,10,6,7,0,23,0,0,0,23
03/04/2018,ELM,NY,AEA,EN,Combined TRACON& Tower with Radar,10,0,2,0,12,0,0,18,0,18,10,0,20,0,30,26,0,26,56
03/05/2018,ELM,NY,AEA,EN,Combined TRACON& Tower with Radar,14,9,18,0,41,0,0,4,0,4,14,9,22,0,45,7,0,7,52
03/06/2018,ELM,NY,AEA,EN,Combined TRACON& Tower with Radar,12,9,16,2,39,0,0,8,0,8,12,9,24,2,47,21,0,21,68
03/07/2018,ELM,NY,AEA,EN,Combined TRACON& Tower with Radar,14,8,12,0,34,0,0,0,0,0,14,8,12,0,34,0,0,0,34
03/08/2018,ELM,NY,AEA,EN,Combined TRACON& Tower with Radar,10,10,13,0,33,0,0,5,0,5,10,10,18,0,38,0,0,0,38
03/09/2018,ELM,NY,AEA,EN,Combined TRACON& Tower with Radar,14,11,18,0,43,0,0,0,0,0,14,11,18,0,43,0,0,0,43
03/10/2018,ELM,NY,AEA,EN,Combined TRACON& Tower with Radar,10,5,2,0,17,0,0,6,0,6,10,5,8,0,23,4,0,4,27
03/11/2018,ELM,NY,AEA,EN,Combined TRACON& Tower with Radar,10,2,7,0,19,0,0,6,0,6,10,2,13,0,25,12,0,12,37
03/12/2018,ELM,NY,AEA,EN,Combined TRACON& Tower with Radar,13,7,19,0,39,0,0,8,0,8,13,7,27,0,47,20,0,20,67
03/13/2018,ELM,NY,AEA,EN,Combined TRACON& Tower with Radar,12,10,11,0,33,0,0,0,0,0,12,10,11,0,33,10,0,10,43
03/14/2018,ELM,NY,AEA,EN,Combined TRACON& Tower with Radar,14,9,15,0,38,0,0,0,0,0,14,9,15,0,38,0,0,0,38
03/15/2018,ELM,NY,AEA,EN,Combined TRACON& Tower with Radar,10,8,21,0,39,0,0,5,0,5,10,8,26,0,44,0,0,0,44
03/16/2018,ELM,NY,AEA,EN,Combined TRACON& Tower with Radar,16,7,13,0,36,0,0,3,0,3,16,7,16,0,39,10,0,10,49
03/17/2018,ELM,NY,AEA,EN,Combined TRACON& Tower with Radar,10,5,2,0,17,0,3,13,0,16,10,8,15,0,33,0,0,0,33
03/18/2018,ELM,NY,AEA,EN,Combined TRACON& Tower with Radar,10,3,12,0,25,0,0,25,0,25,10,3,37,0,50,36,0,36,86
03/19/2018,ELM,NY,AEA,EN,Combined TRACON& Tower with Radar,14,7,17,0,38,0,0,4,0,4,14,7,21,0,42,12,0,12,54
03/20/2018,ELM,NY,AEA,EN,Combined TRACON& Tower with Radar,12,17,16,0,45,0,0,6,0,6,12,17,22,0,51,11,0,11,62
03/21/2018,ELM,NY,AEA,EN,Combined TRACON& Tower with Radar,14,9,8,0,31,0,0,0,0,0,14,9,8,0,31,6,0,6,37
03/22/2018,ELM,NY,AEA,EN,Combined TRACON& Tower with Radar,9,11,14,0,34,0,0,7,0,7,9,11,21,0,41,6,0,6,47
03/23/2018,ELM,NY,AEA,EN,Combined TRACON& Tower with Radar,14,7,21,0,42,0,0,6,0,6,14,7,27,0,48,0,0,0,48
03/24/2018,ELM,NY,AEA,EN,Combined TRACON& Tower with Radar,10,7,4,0,21,0,0,14,0,14,10,7,18,0,35,16,0,16,51
03/25/2018,ELM,NY,AEA,EN,Combined TRACON& Tower with Radar,9,3,9,4,25,0,0,39,4,43,9,3,48,8,68,49,0,49,117
03/26/2018,ELM,NY,AEA,EN,Combined TRACON& Tower with Radar,13,5,14,0,32,0,0,11,0,11,13,5,25,0,43,20,0,20,63
03/27/2018,ELM,NY,AEA,EN,Combined TRACON& Tower with Radar,11,12,14,0,37,0,2,11,0,13,11,14,25,0,50,6,0,6,56
03/28/2018,ELM,NY,AEA,EN,Combined TRACON& Tower with Radar,14,11,15,0,40,0,0,0,0,0,14,11,15,0,40,2,0,2,42
03/29/2018,ELM,NY,AEA,EN,Combined TRACON& Tower with Radar,10,12,18,0,40,0,0,0,0,0,10,12,18,0,40,0,0,0,40
03/30/2018,ELM,NY,AEA,EN,Combined TRACON& Tower with Radar,14,9,3,0,26,0,0,2,0,2,14,9,5,0,28,0,0,0,28
03/31/2018,ELM,NY,AEA,EN,Combined TRACON& Tower with Radar,12,4,12,0,28,0,0,19,0,19,12,4,31,0,47,14,0,14,61
04/01/2018,ELM,NY,AEA,EN,Combined TRACON& Tower with Radar,10,0,6,0,16,0,0,7,0,7,10,0,13,0,23,44,0,44,67
04/02/2018,ELM,NY,AEA,EN,Combined TRACON& Tower with Radar,14,7,15,3,39,0,0,4,0,4,14,7,19,3,43,6,0,6,49
04/03/2018,ELM,NY,AEA,EN,Combined TRACON& Tower with Radar,12,11,15,0,38,0,0,0,0,0,12,11,15,0,38,0,0,0,38
04/04/2018,ELM,NY,AEA,EN,Combined TRACON& Tower with Radar,14,11,14,0,39,0,0,0,0,0,14,11,14,0,39,0,0,0,39
04/05/2018,ELM,NY,AEA,EN,Combined TRACON& Tower with Radar,10,9,22,0,41,0,0,3,0,3,10,9,25,0,44,0,0,0,44
04/06/2018,ELM,NY,AEA,EN,Combined TRACON& Tower with Radar,12,6,15,0,33,0,0,0,0,0,12,6,15,0,33,0,0,0,33
04/07/2018,ELM,NY,AEA,EN,Combined TRACON& Tower with Radar,12,4,1,0,17,0,0,5,0,5,12,4,6,0,22,14,0,14,36
04/08/2018,ELM,NY,AEA,EN,Combined TRACON& Tower with Radar,10,0,15,0,25,0,0,0,0,0,10,0,15,0,25,0,0,0,25
04/09/2018,ELM,NY,AEA,EN,Combined TRACON& Tower with Radar,12,8,29,0,49,0,0,0,0,0,12,8,29,0,49,6,0,6,55
04/10/2018,ELM,NY,AEA,EN,Combined TRACON& Tower with Radar,12,12,14,0,38,0,0,4,0,4,12,12,18,0,42,0,0,0,42
04/11/2018,ELM,NY,AEA,EN,Combined TRACON& Tower with Radar,14,14,18,0,46,0,0,3,0,3,14,14,21,0,49,8,0,8,57
04/12/2018,ELM,NY,AEA,EN,Combined TRACON& Tower with Radar,10,19,15,0,44,0,0,1,0,1,10,19,16,0,45,0,0,0,45
04/13/2018,ELM,NY,AEA,EN,Combined TRACON& Tower with Radar,12,17,24,1,54,0,2,4,1,7,12,19,28,2,61,2,0,2,63
04/14/2018,ELM,NY,AEA,EN,Combined TRACON& Tower with Radar,15,11,5,0,31,0,0,0,0,0,15,11,5,0,31,0,0,0,31
04/15/2018,ELM,NY,AEA,EN,Combined TRACON& Tower with Radar,10,9,3,0,22,0,0,0,0,0,10,9,3,0,22,0,0,0,22
04/16/2018,ELM,NY,AEA,EN,Combined TRACON& Tower with Radar,12,9,21,0,42,0,0,0,0,0,12,9,21,0,42,0,0,0,42
04/17/2018,ELM,NY,AEA,EN,Combined TRACON& Tower with Radar,14,18,16,0,48,0,0,0,0,0,14,18,16,0,48,0,0,0,48
04/18/2018,ELM,NY,AEA,EN,Combined TRACON& Tower with Radar,15,17,30,0,62,0,0,1,0,1,15,17,31,0,63,12,0,12,75
04/19/2018,ELM,NY,AEA,EN,Combined TRACON& Tower with Radar,10,18,17,0,45,0,0,0,0,0,10,18,17,0,45,0,0,0,45
04/20/2018,ELM,NY,AEA,EN,Combined TRACON& Tower with Radar,12,12,27,0,51,0,0,7,0,7,12,12,34,0,58,8,0,8,66
04/21/2018,ELM,NY,AEA,EN,Combined TRACON& Tower with Radar,12,9,6,0,27,0,0,11,0,11,12,9,17,0,38,26,0,26,64
04/22/2018,ELM,NY,AEA,EN,Combined TRACON& Tower with Radar,10,4,6,0,20,0,0,16,0,16,10,4,22,0,36,21,0,21,57
04/23/2018,ELM,NY,AEA,EN,Combined TRACON& Tower with Radar,12,11,23,0,46,0,2,9,0,11,12,13,32,0,57,8,0,8,65
04/24/2018,ELM,NY,AEA,EN,Combined TRACON& Tower with Radar,12,12,13,0,37,0,0,3,0,3,12,12,16,0,40,5,0,5,45
04/25/2018,ELM,NY,AEA,EN,Combined TRACON& Tower with Radar,15,15,27,0,57,0,0,0,0,0,15,15,27,0,57,0,0,0,57
04/26/2018,ELM,NY,AEA,EN,Combined TRACON& Tower with Radar,9,18,26,2,55,0,6,10,0,16,9,24,36,2,71,7,0,7,78
04/27/2018,ELM,NY,AEA,EN,Combined TRACON& Tower with Radar,10,13,13,0,36,0,0,0,0,0,10,13,13,0,36,0,0,0,36
04/28/2018,ELM,NY,AEA,EN,Combined TRACON& Tower with Radar,13,9,1,0,23,0,0,4,0,4,13,9,5,0,27,0,0,0,27
04/29/2018,ELM,NY,AEA,EN,Combined TRACON& Tower with Radar,10,6,7,0,23,0,0,0,0,0,10,6,7,0,23,13,0,13,36
04/30/2018,ELM,NY,AEA,EN,Combined TRACON& Tower with Radar,12,13,20,0,45,0,0,3,0,3,12,13,23,0,48,0,0,0,48
05/01/2018,ELM,NY,AEA,EN,Combined TRACON& Tower with Radar,10,12,11,3,36,0,4,20,7,31,10,16,31,10,67,30,0,30,97
05/02/2018,ELM,NY,AEA,EN,Combined TRACON& Tower with Radar,12,15,17,0,44,0,4,8,0,12,12,19,25,0,56,10,0,10,66
05/03/2018,ELM,NY,AEA,EN,Combined TRACON& Tower with Radar,10,14,19,0,43,0,0,8,0,8,10,14,27,0,51,20,0,20,71
05/04/2018,ELM,NY,AEA,EN,Combined TRACON& Tower with Radar,12,12,13,0,37,0,0,0,0,0,12,12,13,0,37,0,0,0,37
05/05/2018,ELM,NY,AEA,EN,Combined TRACON& Tower with Radar,10,10,5,0,25,0,2,19,0,21,10,12,24,0,46,19,1,20,66
05/06/2018,ELM,NY,AEA,EN,Combined TRACON& Tower with Radar,10,6,9,0,25,0,0,8,1,9,10,6,17,1,34,9,0,9,43
05/07/2018,ELM,NY,AEA,EN,Combined TRACON& Tower with Radar,12,13,20,0,45,0,1,19,5,25,12,14,39,5,70,4,0,4,74
05/08/2018,ELM,NY,AEA,EN,Combined TRACON& Tower with Radar,10,15,12,1,38,0,4,13,1,18,10,19,25,2,56,31,0,31,87
05/09/2018,ELM,NY,AEA,EN,Combined TRACON& Tower with Radar,12,13,19,0,44,0,6,15,0,21,12,19,34,0,65,40,0,40,105
05/10/2018,ELM,NY,AEA,EN,Combined TRACON& Tower with Radar,10,12,21,0,43,0,1,2,0,3,10,13,23,0,46,14,0,14,60
05/11/2018,ELM,NY,AEA,EN,Combined TRACON& Tower with Radar,11,13,10,2,36,0,0,19,0,19,11,13,29,2,55,0,0,0,55
05/12/2018,ELM,NY,AEA,EN,Combined TRACON& Tower with Radar,10,6,9,0,25,0,0,8,1,9,10,6,17,1,34,3,0,3,37
05/13/2018,ELM,NY,AEA,EN,Combined TRACON& Tower with Radar,11,8,19,0,38,0,1,11,5,17,11,9,30,5,55,0,0,0,55
05/14/2018,ELM,NY,AEA,EN,Combined TRACON& Tower with Radar,11,14,16,2,43,0,0,5,0,5,11,14,21,2,48,12,0,12,60
05/15/2018,ELM,NY,AEA,EN,Combined TRACON& Tower with Radar,10,16,21,0,47,0,0,0,0,0,10,16,21,0,47,0,0,0,47
05/16/2018,ELM,NY,AEA,EN,Combined TRACON& Tower with Radar,12,22,20,0,54,0,0,3,0,3,12,22,23,0,57,28,0,28,85
05/17/2018,ELM,NY,AEA,EN,Combined TRACON& Tower with Radar,10,16,16,0,42,0,0,5,0,5,10,16,21,0,47,0,0,0,47
05/18/2018,ELM,NY,AEA,EN,Combined TRACON& Tower with Radar,11,13,23,0,47,0,0,8,0,8,11,13,31,0,55,11,0,11,66
05/19/2018,ELM,NY,AEA,EN,Combined TRACON& Tower with Radar,10,13,4,0,27,0,0,0,0,0,10,13,4,0,27,0,0,0,27
05/20/2018,ELM,NY,AEA,EN,Combined TRACON& Tower with Radar,10,12,12,0,34,0,0,13,0,13,10,12,25,0,47,14,0,14,61
05/21/2018,ELM,NY,AEA,EN,Combined TRACON& Tower with Radar,12,10,22,0,44,0,0,11,0,11,12,10,33,0,55,0,0,0,55
05/22/2018,ELM,NY,AEA,EN,Combined TRACON& Tower with Radar,10,14,18,0,42,0,0,0,0,0,10,14,18,0,42,0,0,0,42
05/23/2018,ELM,NY,AEA,EN,Combined TRACON& Tower with Radar,12,15,21,0,48,0,0,12,0,12,12,15,33,0,60,42,0,42,102
05/24/2018,ELM,NY,AEA,EN,Combined TRACON& Tower with Radar,10,17,15,0,42,0,1,21,0,22,10,18,36,0,64,0,0,0,64
05/25/2018,ELM,NY,AEA,EN,Combined TRACON& Tower with Radar,12,17,21,0,50,0,0,16,0,16,12,17,37,0,66,40,0,40,106
05/26/2018,ELM,NY,AEA,EN,Combined TRACON& Tower with Radar,8,9,5,0,22,0,0,24,0,24,8,9,29,0,46,0,0,0,46
05/27/2018,ELM,NY,AEA,EN,Combined TRACON& Tower with Radar,5,4,0,0,9,0,0,0,0,0,5,4,0,0,9,0,0,0,9
05/28/2018,ELM,NY,AEA,EN,Combined TRACON& Tower with Radar,10,8,9,0,27,0,0,10,0,10,10,8,19,0,37,16,0,16,53
05/29/2018,ELM,NY,AEA,EN,Combined TRACON& Tower with Radar,11,13,9,0,33,0,2,4,0,6,11,15,13,0,39,8,0,8,47
05/30/2018,ELM,NY,AEA,EN,Combined TRACON& Tower with Radar,12,12,13,0,37,0,0,6,1,7,12,12,19,1,44,22,0,22,66
05/31/2018,ELM,NY,AEA,EN,Combined TRACON& Tower with Radar,9,13,18,0,40,0,0,6,0,6,9,13,24,0,46,6,0,6,52
06/01/2018,ELM,NY,AEA,EN,Combined TRACON& Tower with Radar,13,16,21,2,52,0,0,0,1,1,13,16,21,3,53,3,0,3,56
06/02/2018,ELM,NY,AEA,EN,Combined TRACON& Tower with Radar,10,10,23,0,43,0,0,4,0,4,10,10,27,0,47,16,0,16,63
06/03/2018,ELM,NY,AEA,EN,Combined TRACON& Tower with Radar,10,4,14,0,28,0,0,3,0,3,10,4,17,0,31,26,0,26,57
06/04/2018,ELM,NY,AEA,EN,Combined TRACON& Tower with Radar,12,9,17,2,40,0,0,9,4,13,12,9,26,6,53,38,0,38,91
06/05/2018,ELM,NY,AEA,EN,Combined TRACON& Tower with Radar,10,16,10,0,36,0,0,14,0,14,10,16,24,0,50,23,0,23,73
06/06/2018,ELM,NY,AEA,EN,Combined TRACON& Tower with Radar,12,18,27,4,61,0,0,14,1,15,12,18,41,5,76,7,0,7,83
06/07/2018,ELM,NY,AEA,EN,Combined TRACON& Tower with Radar,10,14,10,0,34,0,1,3,0,4,10,15,13,0,38,13,0,13,51
06/08/2018,ELM,NY,AEA,EN,Combined TRACON& Tower with Radar,15,12,19,0,46,0,0,18,0,18,15,12,37,0,64,9,0,9,73
06/09/2018,ELM,NY,AEA,EN,Combined TRACON& Tower with Radar,10,10,23,0,43,0,0,4,0,4,10,10,27,0,47,33,0,33,80
06/10/2018,ELM,NY,AEA,EN,Combined TRACON& Tower with Radar,10,4,14,0,28,0,0,3,0,3,10,4,17,0,31,63,0,63,94
06/11/2018,ELM,NY,AEA,EN,Combined TRACON& Tower with Radar,12,9,13,0,34,0,1,15,0,16,12,10,28,0,50,8,0,8,58
06/12/2018,ELM,NY,AEA,EN,Combined TRACON& Tower with Radar,9,16,16,0,41,0,1,5,2,8,9,17,21,2,49,8,0,8,57
06/13/2018,ELM,NY,AEA,EN,Combined TRACON& Tower with Radar,13,6,14,0,33,0,0,2,0,2,13,6,16,0,35,12,0,12,47
06/14/2018,ELM,NY,AEA,EN,Combined TRACON& Tower with Radar,9,11,13,0,33,0,0,2,0,2,9,11,15,0,35,22,0,22,57
06/15/2018,ELM,NY,AEA,EN,Combined TRACON& Tower with Radar,12,14,29,0,55,0,0,9,0,9,12,14,38,0,64,7,0,7,71
06/16/2018,ELM,NY,AEA,EN,Combined TRACON& Tower with Radar,9,9,6,0,24,0,0,9,0,9,9,9,15,0,33,5,0,5,38
06/17/2018,ELM,NY,AEA,EN,Combined TRACON& Tower with Radar,10,5,12,0,27,0,0,19,0,19,10,5,31,0,46,54,0,54,100
06/18/2018,ELM,NY,AEA,EN,Combined TRACON& Tower with Radar,12,10,14,0,36,0,1,0,0,1,12,11,14,0,37,1,0,1,38
06/19/2018,ELM,NY,AEA,EN,Combined TRACON& Tower with Radar,10,14,14,0,38,0,0,3,0,3,10,14,17,0,41,14,0,14,55
06/20/2018,ELM,NY,AEA,EN,Combined TRACON& Tower with Radar,14,13,24,0,51,0,0,8,0,8,14,13,32,0,59,14,0,14,73
06/21/2018,ELM,NY,AEA,EN,Combined TRACON& Tower with Radar,10,11,21,0,42,0,1,9,0,10,10,12,30,0,52,2,0,2,54
06/22/2018,ELM,NY,AEA,EN,Combined TRACON& Tower with Radar,12,11,20,0,43,0,0,12,0,12,12,11,32,0,55,23,0,23,78
06/23/2018,ELM,NY,AEA,EN,Combined TRACON& Tower with Radar,12,8,1,0,21,0,0,1,0,1,12,8,2,0,22,14,0,14,36
06/24/2018,ELM,NY,AEA,EN,Combined TRACON& Tower with Radar,10,5,13,0,28,0,0,0,0,0,10,5,13,0,28,35,0,35,63
06/25/2018,ELM,NY,AEA,EN,Combined TRACON& Tower with Radar,12,17,16,0,45,0,0,5,0,5,12,17,21,0,50,44,0,44,94
06/26/2018,ELM,NY,AEA,EN,Combined TRACON& Tower with Radar,10,21,18,0,49,0,0,11,0,11,10,21,29,0,60,25,0,25,85
06/27/2018,ELM,NY,AEA,EN,Combined TRACON& Tower with Radar,14,19,21,0,54,0,0,1,0,1,14,19,22,0,55,0,0,0,55
06/28/2018,ELM,NY,AEA,EN,Combined TRACON& Tower with Radar,9,27,42,0,78,0,0,3,0,3,9,27,45,0,81,0,0,0,81
06/29/2018,ELM,NY,AEA,EN,Combined TRACON& Tower with Radar,12,16,31,0,59,0,0,13,0,13,12,16,44,0,72,42,0,42,114
06/30/2018,ELM,NY,AEA,EN,Combined TRACON& Tower with Radar,12,14,25,0,51,0,0,25,0,25,12,14,50,0,76,43,0,43,119
07/01/2018,ELM,NY,AEA,EN,Combined TRACON& Tower with Radar,8,14,35,0,57,0,2,27,0,29,8,16,62,0,86,39,0,39,125
07/02/2018,ELM,NY,AEA,EN,Combined TRACON& Tower with Radar,10,16,14,0,40,0,1,8,0,9,10,17,22,0,49,39,0,39,88
07/03/2018,ELM,NY,AEA,EN,Combined TRACON& Tower with Radar,8,8,14,0,30,0,0,10,0,10,8,8,24,0,40,16,0,16,56
07/04/2018,ELM,NY,AEA,EN,Combined TRACON& Tower with Radar,12,8,4,0,24,0,0,8,0,8,12,8,12,0,32,20,0,20,52
07/05/2018,ELM,NY,AEA,EN,Combined TRACON& Tower with Radar,8,14,9,0,31,0,0,4,0,4,8,14,13,0,35,52,0,52,87
07/06/2018,ELM,NY,AEA,EN,Combined TRACON& Tower with Radar,10,13,16,0,39,0,0,2,0,2,10,13,18,0,41,56,0,56,97
07/07/2018,ELM,NY,AEA,EN,Combined TRACON& Tower with Radar,12,10,9,0,31,0,0,19,0,19,12,10,28,0,50,26,0,26,76
07/08/2018,ELM,NY,AEA,EN,Combined TRACON& Tower with Radar,10,6,20,0,36,0,0,14,0,14,10,6,34,0,50,36,0,36,86
07/09/2018,ELM,NY,AEA,EN,Combined TRACON& Tower with Radar,12,13,13,0,38,0,0,5,0,5,12,13,18,0,43,28,0,28,71
07/10/2018,ELM,NY,AEA,EN,Combined TRACON& Tower with Radar,10,19,18,0,47,0,0,2,0,2,10,19,20,0,49,38,0,38,87
07/11/2018,ELM,NY,AEA,EN,Combined TRACON& Tower with Radar,14,15,18,0,47,0,1,7,0,8,14,16,25,0,55,2,0,2,57
07/12/2018,ELM,NY,AEA,EN,Combined TRACON& Tower with Radar,10,14,16,0,40,0,1,8,0,9,10,15,24,0,49,0,0,0,49
07/13/2018,ELM,NY,AEA,EN,Combined TRACON& Tower with Radar,12,16,24,0,52,0,0,13,0,13,12,16,37,0,65,21,0,21,86
07/14/2018,ELM,NY,AEA,EN,Combined TRACON& Tower with Radar,12,10,9,0,31,0,1,4,0,5,12,11,13,0,36,18,0,18,54
07/15/2018,ELM,NY,AEA,EN,Combined TRACON& Tower with Radar,10,7,10,0,27,0,0,13,1,14,10,7,23,1,41,27,0,27,68
07/16/2018,ELM,NY,AEA,EN,Combined TRACON& Tower with Radar,12,13,16,0,41,0,0,3,0,3,12,13,19,0,44,24,0,24,68
07/17/2018,ELM,NY,AEA,EN,Combined TRACON& Tower with Radar,10,11,11,0,32,0,0,4,0,4,10,11,15,0,36,14,0,14,50
07/18/2018,ELM,NY,AEA,EN,Combined TRACON& Tower with Radar,14,13,18,0,45,0,0,13,0,13,14,13,31,0,58,26,0,26,84
07/19/2018,ELM,NY,AEA,EN,Combined TRACON& Tower with Radar,10,13,18,0,41,0,1,14,0,15,10,14,32,0,56,17,0,17,73
07/20/2018,ELM,NY,AEA,EN,Combined TRACON& Tower with Radar,12,16,25,0,53,0,0,11,0,11,12,16,36,0,64,19,2,21,85
07/21/2018,ELM,NY,AEA,EN,Combined TRACON& Tower with Radar,12,13,8,0,33,0,0,7,0,7,12,13,15,0,40,14,0,14,54
07/22/2018,ELM,NY,AEA,EN,Combined TRACON& Tower with Radar,10,3,7,0,20,0,0,2,0,2,10,3,9,0,22,0,0,0,22
07/23/2018,ELM,NY,AEA,EN,Combined TRACON& Tower with Radar,12,10,15,0,37,0,0,1,0,1,12,10,16,0,38,0,0,0,38
07/24/2018,ELM,NY,AEA,EN,Combined TRACON& Tower with Radar,10,12,22,0,44,0,0,0,0,0,10,12,22,0,44,0,0,0,44
07/25/2018,ELM,NY,AEA,EN,Combined TRACON& Tower with Radar,14,13,26,2,55,0,0,0,0,0,14,13,26,2,55,0,0,0,55
07/26/2018,ELM,NY,AEA,EN,Combined TRACON& Tower with Radar,10,17,28,0,55,0,0,7,0,7,10,17,35,0,62,5,0,5,67
07/27/2018,ELM,NY,AEA,EN,Combined TRACON& Tower with Radar,12,11,29,0,52,0,0,20,0,20,12,11,49,0,72,20,0,20,92
07/28/2018,ELM,NY,AEA,EN,Combined TRACON& Tower with Radar,12,10,5,0,27,0,0,14,1,15,12,10,19,1,42,28,0,28,70
07/29/2018,ELM,NY,AEA,EN,Combined TRACON& Tower with Radar,10,12,25,0,47,0,0,23,0,23,10,12,48,0,70,22,0,22,92
07/30/2018,ELM,NY,AEA,EN,Combined TRACON& Tower with Radar,12,15,15,0,42,0,0,0,2,2,12,15,15,2,44,0,0,0,44
07/31/2018,ELM,NY,AEA,EN,Combined TRACON& Tower with Radar,10,14,18,2,44,0,0,14,0,14,10,14,32,2,58,12,0,12,70
08/01/2018,ELM,NY,AEA,EN,Combined TRACON& Tower with Radar,14,13,17,0,44,0,0,2,0,2,14,13,19,0,46,19,0,19,65
08/02/2018,ELM,NY,AEA,EN,Combined TRACON& Tower with Radar,10,10,40,0,60,0,0,5,0,5,10,10,45,0,65,26,0,26,91
08/03/2018,ELM,NY,AEA,EN,Combined TRACON& Tower with Radar,12,14,51,0,77,0,0,2,0,2,12,14,53,0,79,29,0,29,108
08/04/2018,ELM,NY,AEA,EN,Combined TRACON& Tower with Radar,12,12,26,0,50,0,0,7,0,7,12,12,33,0,57,67,0,67,124
08/05/2018,ELM,NY,AEA,EN,Combined TRACON& Tower with Radar,10,10,54,0,74,0,2,28,2,32,10,12,82,2,106,43,2,45,151
08/06/2018,ELM,NY,AEA,EN,Combined TRACON& Tower with Radar,11,9,17,0,37,0,0,6,0,6,11,9,23,0,43,20,0,20,63
08/07/2018,ELM,NY,AEA,EN,Combined TRACON& Tower with Radar,10,13,15,0,38,0,0,2,0,2,10,13,17,0,40,25,0,25,65
08/08/2018,ELM,NY,AEA,EN,Combined TRACON& Tower with Radar,14,14,19,0,47,0,0,0,0,0,14,14,19,0,47,2,0,2,49
08/09/2018,ELM,NY,AEA,EN,Combined TRACON& Tower with Radar,10,14,18,0,42,0,0,6,0,6,10,14,24,0,48,1,0,1,49
08/10/2018,ELM,NY,AEA,EN,Combined TRACON& Tower with Radar,12,16,15,0,43,0,0,3,0,3,12,16,18,0,46,35,0,35,81
08/11/2018,ELM,NY,AEA,EN,Combined TRACON& Tower with Radar,12,12,5,0,29,0,0,6,0,6,12,12,11,0,35,10,0,10,45
08/12/2018,ELM,NY,AEA,EN,Combined TRACON& Tower with Radar,10,5,11,0,26,0,0,7,0,7,10,5,18,0,33,22,0,22,55
08/13/2018,ELM,NY,AEA,EN,Combined TRACON& Tower with Radar,12,10,15,0,37,0,0,0,0,0,12,10,15,0,37,0,0,0,37
08/14/2018,ELM,NY,AEA,EN,Combined TRACON& Tower with Radar,10,12,17,0,39,0,0,0,0,0,10,12,17,0,39,4,0,4,43
08/15/2018,ELM,NY,AEA,EN,Combined TRACON& Tower with Radar,14,14,16,2,46,0,0,8,0,8,14,14,24,2,54,41,0,41,95
08/16/2018,ELM,NY,AEA,EN,Combined TRACON& Tower with Radar,10,16,13,0,39,0,0,1,0,1,10,16,14,0,40,2,0,2,42
08/17/2018,ELM,NY,AEA,EN,Combined TRACON& Tower with Radar,12,11,12,0,35,0,0,3,0,3,12,11,15,0,38,16,0,16,54
08/18/2018,ELM,NY,AEA,EN,Combined TRACON& Tower with Radar,12,8,5,0,25,0,0,3,0,3,12,8,8,0,28,20,0,20,48
08/19/2018,ELM,NY,AEA,EN,Combined TRACON& Tower with Radar,10,3,6,0,19,0,0,5,0,5,10,3,11,0,24,18,0,18,42
08/20/2018,ELM,NY,AEA,EN,Combined TRACON& Tower with Radar,11,12,12,0,35,0,0,2,0,2,11,12,14,0,37,22,0,22,59
08/21/2018,ELM,NY,AEA,EN,Combined TRACON& Tower with Radar,10,15,17,0,42,0,0,0,0,0,10,15,17,0,42,0,0,0,42
08/22/2018,ELM,NY,AEA,EN,Combined TRACON& Tower with Radar,14,15,13,0,42,0,0,0,1,1,14,15,13,1,43,6,0,6,49
08/23/2018,ELM,NY,AEA,EN,Combined TRACON& Tower with Radar,10,13,13,0,36,0,0,12,0,12,10,13,25,0,48,16,0,16,64
08/24/2018,ELM,NY,AEA,EN,Combined TRACON& Tower with Radar,12,13,20,0,45,0,0,12,0,12,12,13,32,0,57,27,0,27,84
08/25/2018,ELM,NY,AEA,EN,Combined TRACON& Tower with Radar,12,10,6,0,28,0,0,17,0,17,12,10,23,0,45,6,0,6,51
08/26/2018,ELM,NY,AEA,EN,Combined TRACON& Tower with Radar,10,9,6,0,25,0,0,16,0,16,10,9,22,0,41,52,0,52,93
08/27/2018,ELM,NY,AEA,EN,Combined TRACON& Tower with Radar,14,10,13,0,37,0,1,2,1,4,14,11,15,1,41,9,0,9,50
08/28/2018,ELM,NY,AEA,EN,Combined TRACON& Tower with Radar,10,12,18,0,40,0,0,12,0,12,10,12,30,0,52,2,0,2,54
08/29/2018,ELM,NY,AEA,EN,Combined TRACON& Tower with Radar,14,12,22,0,48,0,0,7,0,7,14,12,29,0,55,12,0,12,67
08/30/2018,ELM,NY,AEA,EN,Combined TRACON& Tower with Radar,10,18,16,0,44,0,0,3,0,3,10,18,19,0,47,51,0,51,98
08/31/2018,ELM,NY,AEA,EN,Combined TRACON& Tower with Radar,12,17,25,0,54,0,0,0,0,0,12,17,25,0,54,24,0,24,78
09/01/2018,ELM,NY,AEA,EN,Combined TRACON& Tower with Radar,10,8,12,0,30,0,0,2,0,2,10,8,14,0,32,6,0,6,38
09/02/2018,ELM,NY,AEA,EN,Combined TRACON& Tower with Radar,6,6,13,0,25,0,0,11,0,11,6,6,24,0,36,34,0,34,70
09/03/2018,ELM,NY,AEA,EN,Combined TRACON& Tower with Radar,10,7,5,0,22,0,0,11,0,11,10,7,16,0,33,20,0,20,53
09/04/2018,ELM,NY,AEA,EN,Combined TRACON& Tower with Radar,10,14,14,0,38,0,0,5,0,5,10,14,19,0,43,14,0,14,57
09/05/2018,ELM,NY,AEA,EN,Combined TRACON& Tower with Radar,12,19,26,0,57,0,0,19,0,19,12,19,45,0,76,60,0,60,136
09/06/2018,ELM,NY,AEA,EN,Combined TRACON& Tower with Radar,10,17,14,0,41,0,0,1,0,1,10,17,15,0,42,0,0,0,42
09/07/2018,ELM,NY,AEA,EN,Combined TRACON& Tower with Radar,12,12,25,0,49,0,0,8,0,8,12,12,33,0,57,30,0,30,87
09/08/2018,ELM,NY,AEA,EN,Combined TRACON& Tower with Radar,8,11,7,0,26,0,0,16,0,16,8,11,23,0,42,40,0,40,82
09/09/2018,ELM,NY,AEA,EN,Combined TRACON& Tower with Radar,10,8,16,0,34,0,0,10,0,10,10,8,26,0,44,34,0,34,78
09/10/2018,ELM,NY,AEA,EN,Combined TRACON& Tower with Radar,13,11,17,0,41,0,0,0,0,0,13,11,17,0,41,0,0,0,41
09/11/2018,ELM,NY,AEA,EN,Combined TRACON& Tower with Radar,11,16,14,0,41,0,0,4,0,4,11,16,18,0,45,4,0,4,49
09/12/2018,ELM,NY,AEA,EN,Combined TRACON& Tower with Radar,12,14,15,0,41,0,0,9,0,9,12,14,24,0,50,21,0,21,71
09/13/2018,ELM,NY,AEA,EN,Combined TRACON& Tower with Radar,10,11,13,0,34,0,0,1,0,1,10,11,14,0,35,6,0,6,41
09/14/2018,ELM,NY,AEA,EN,Combined TRACON& Tower with Radar,12,13,26,0,51,0,0,11,0,11,12,13,37,0,62,17,0,17,79
09/15/2018,ELM,NY,AEA,EN,Combined TRACON& Tower with Radar,10,15,13,0,38,0,0,5,0,5,10,15,18,0,43,7,0,7,50
09/16/2018,ELM,NY,AEA,EN,Combined TRACON& Tower with Radar,10,4,15,0,29,0,0,34,0,34,10,4,49,0,63,46,0,46,109
09/17/2018,ELM,NY,AEA,EN,Combined TRACON& Tower with Radar,13,10,21,0,44,0,0,0,0,0,13,10,21,0,44,13,0,13,57
09/18/2018,ELM,NY,AEA,EN,Combined TRACON& Tower with Radar,11,22,8,1,42,0,0,0,0,0,11,22,8,1,42,22,0,22,64
09/19/2018,ELM,NY,AEA,EN,Combined TRACON& Tower with Radar,12,12,24,0,48,0,3,12,0,15,12,15,36,0,63,44,0,44,107
09/20/2018,ELM,NY,AEA,EN,Combined TRACON& Tower with Radar,10,18,21,0,49,0,0,17,0,17,10,18,38,0,66,0,0,0,66
09/21/2018,ELM,NY,AEA,EN,Combined TRACON& Tower with Radar,12,11,21,0,44,0,0,3,0,3,12,11,24,0,47,30,0,30,77
09/22/2018,ELM,NY,AEA,EN,Combined TRACON& Tower with Radar,12,9,14,0,35,0,0,11,3,14,12,9,25,3,49,18,0,18,67
09/23/2018,ELM,NY,AEA,EN,Combined TRACON& Tower with Radar,10,7,10,0,27,0,0,25,0,25,10,7,35,0,52,46,0,46,98
09/24/2018,ELM,NY,AEA,EN,Combined TRACON& Tower with Radar,12,13,13,0,38,0,0,3,0,3,12,13,16,0,41,26,0,26,67
09/25/2018,ELM,NY,AEA,EN,Combined TRACON& Tower with Radar,10,14,19,0,43,0,0,0,0,0,10,14,19,0,43,0,0,0,43
09/26/2018,ELM,NY,AEA,EN,Combined TRACON& Tower with Radar,12,13,13,2,40,0,0,1,0,1,12,13,14,2,41,18,0,18,59
09/27/2018,ELM,NY,AEA,EN,Combined TRACON& Tower with Radar,10,13,18,0,41,0,0,28,0,28,10,13,46,0,69,23,0,23,92
09/28/2018,ELM,NY,AEA,EN,Combined TRACON& Tower with Radar,12,14,22,0,48,0,0,4,0,4,12,14,26,0,52,6,0,6,58
09/29/2018,ELM,NY,AEA,EN,Combined TRACON& Tower with Radar,12,9,2,0,23,0,0,7,0,7,12,9,9,0,30,0,0,0,30
09/30/2018,ELM,NY,AEA,EN,Combined TRACON& Tower with Radar,10,7,12,0,29,0,0,2,0,2,10,7,14,0,31,0,0,0,31
10/01/2018,ELM,NY,AEA,EN,Combined TRACON& Tower with Radar,12,12,31,0,55,0,0,0,0,0,12,12,31,0,55,6,0,6,61
10/02/2018,ELM,NY,AEA,EN,Combined TRACON& Tower with Radar,9,13,14,0,36,0,0,0,0,0,9,13,14,0,36,0,0,0,36
10/03/2018,ELM,NY,AEA,EN,Combined TRACON& Tower with Radar,12,14,27,0,53,0,0,4,0,4,12,14,31,0,57,18,0,18,75
10/04/2018,ELM,NY,AEA,EN,Combined TRACON& Tower with Radar,10,13,23,0,46,0,0,3,0,3,10,13,26,0,49,20,0,20,69
10/05/2018,ELM,NY,AEA,EN,Combined TRACON& Tower with Radar,12,15,22,0,49,0,1,14,0,15,12,16,36,0,64,22,0,22,86
10/06/2018,ELM,NY,AEA,EN,Combined TRACON& Tower with Radar,12,11,8,0,31,0,0,0,0,0,12,11,8,0,31,28,0,28,59
10/07/2018,ELM,NY,AEA,EN,Combined TRACON& Tower with Radar,12,7,9,0,28,0,0,0,1,1,12,7,9,1,29,0,0,0,29
10/08/2018,ELM,NY,AEA,EN,Combined TRACON& Tower with Radar,12,17,30,0,59,0,0,3,0,3,12,17,33,0,62,0,0,0,62
10/09/2018,ELM,NY,AEA,EN,Combined TRACON& Tower with Radar,10,15,14,0,39,0,0,6,0,6,10,15,20,0,45,34,0,34,79
10/10/2018,ELM,NY,AEA,EN,Combined TRACON& Tower with Radar,12,17,16,1,46,0,0,8,1,9,12,17,24,2,55,0,16,16,71
10/11/2018,ELM,NY,AEA,EN,Combined TRACON& Tower with Radar,10,15,20,0,45,0,0,0,0,0,10,15,20,0,45,0,0,0,45
10/12/2018,ELM,NY,AEA,EN,Combined TRACON& Tower with Radar,12,12,22,0,46,0,0,0,0,0,12,12,22,0,46,0,0,0,46
10/13/2018,ELM,NY,AEA,EN,Combined TRACON& Tower with Radar,12,12,5,0,29,0,0,0,0,0,12,12,5,0,29,0,0,0,29
10/14/2018,ELM,NY,AEA,EN,Combined TRACON& Tower with Radar,10,5,9,0,24,0,0,28,0,28,10,5,37,0,52,66,0,66,118
10/15/2018,ELM,NY,AEA,EN,Combined TRACON& Tower with Radar,12,8,17,2,39,0,0,0,0,0,12,8,17,2,39,0,0,0,39
10/16/2018,ELM,NY,AEA,EN,Combined TRACON& Tower with Radar,10,17,19,0,46,0,0,10,0,10,10,17,29,0,56,18,0,18,74
10/17/2018,ELM,NY,AEA,EN,Combined TRACON& Tower with Radar,12,16,17,0,45,0,0,10,0,10,12,16,27,0,55,16,2,18,73
10/18/2018,ELM,NY,AEA,EN,Combined TRACON& Tower with Radar,10,14,15,0,39,0,0,9,0,9,10,14,24,0,48,0,0,0,48
10/19/2018,ELM,NY,AEA,EN,Combined TRACON& Tower with Radar,12,12,15,0,39,0,0,23,0,23,12,12,38,0,62,60,0,60,122
10/20/2018,ELM,NY,AEA,EN,Combined TRACON& Tower with Radar,12,10,6,0,28,0,0,1,0,1,12,10,7,0,29,10,0,10,39
10/21/2018,ELM,NY,AEA,EN,Combined TRACON& Tower with Radar,10,6,9,0,25,0,0,7,0,7,10,6,16,0,32,0,0,0,32
10/22/2018,ELM,NY,AEA,EN,Combined TRACON& Tower with Radar,11,11,15,0,37,0,0,5,0,5,11,11,20,0,42,0,0,0,42
10/23/2018,ELM,NY,AEA,EN,Combined TRACON& Tower with Radar,10,13,18,0,41,0,0,0,0,0,10,13,18,0,41,10,0,10,51
10/24/2018,ELM,NY,AEA,EN,Combined TRACON& Tower with Radar,12,16,19,0,47,0,4,4,0,8,12,20,23,0,55,0,0,0,55
10/25/2018,ELM,NY,AEA,EN,Combined TRACON& Tower with Radar,10,18,17,0,45,0,0,3,0,3,10,18,20,0,48,0,0,0,48
10/26/2018,ELM,NY,AEA,EN,Combined TRACON& Tower with Radar,12,14,17,0,43,0,0,16,0,16,12,14,33,0,59,28,0,28,87
10/27/2018,ELM,NY,AEA,EN,Combined TRACON& Tower with Radar,10,9,2,0,21,0,0,0,0,0,10,9,2,0,21,0,0,0,21
10/28/2018,ELM,NY,AEA,EN,Combined TRACON& Tower with Radar,8,5,6,0,19,0,0,2,0,2,8,5,8,0,21,0,0,0,21
10/29/2018,ELM,NY,AEA,EN,Combined TRACON& Tower with Radar,9,13,15,0,37,0,0,2,0,2,9,13,17,0,39,0,0,0,39
10/30/2018,ELM,NY,AEA,EN,Combined TRACON& Tower with Radar,8,16,22,2,48,0,2,8,0,10,8,18,30,2,58,41,0,41,99
10/31/2018,ELM,NY,AEA,EN,Combined TRACON& Tower with Radar,9,11,10,0,30,0,0,1,0,1,9,11,11,0,31,5,0,5,36
11/01/2018,ELM,NY,AEA,EN,Combined TRACON& Tower with Radar,8,13,17,0,38,0,0,0,0,0,8,13,17,0,38,0,0,0,38
11/02/2018,ELM,NY,AEA,EN,Combined TRACON& Tower with Radar,10,10,21,0,41,0,0,9,0,9,10,10,30,0,50,8,0,8,58
11/03/2018,ELM,NY,AEA,EN,Combined TRACON& Tower with Radar,9,9,3,0,21,0,0,0,0,0,9,9,3,0,21,18,0,18,39
11/04/2018,ELM,NY,AEA,EN,Combined TRACON& Tower with Radar,10,6,5,0,21,0,0,30,0,30,10,6,35,0,51,104,0,104,155
11/05/2018,ELM,NY,AEA,EN,Combined TRACON& Tower with Radar,12,8,22,0,42,0,0,0,0,0,12,8,22,0,42,0,0,0,42
11/06/2018,ELM,NY,AEA,EN,Combined TRACON& Tower with Radar,13,23,21,0,57,0,0,0,0,0,13,23,21,0,57,6,0,6,63
11/07/2018,ELM,NY,AEA,EN,Combined TRACON& Tower with Radar,12,15,14,0,41,0,5,14,0,19,12,20,28,0,60,20,0,20,80
11/08/2018,ELM,NY,AEA,EN,Combined TRACON& Tower with Radar,10,17,7,0,34,0,0,20,0,20,10,17,27,0,54,0,0,0,54
11/09/2018,ELM,NY,AEA,EN,Combined TRACON& Tower with Radar,11,9,18,0,38,0,0,1,0,1,11,9,19,0,39,0,0,0,39
11/10/2018,ELM,NY,AEA,EN,Combined TRACON& Tower with Radar,10,10,8,0,28,0,0,2,0,2,10,10,10,0,30,14,0,14,44
11/11/2018,ELM,NY,AEA,EN,Combined TRACON& Tower with Radar,10,6,10,0,26,0,0,13,0,13,10,6,23,0,39,20,0,20,59
11/12/2018,ELM,NY,AEA,EN,Combined TRACON& Tower with Radar,12,9,14,0,35,0,0,28,0,28,12,9,42,0,63,10,0,10,73
11/13/2018,ELM,NY,AEA,EN,Combined TRACON& Tower with Radar,10,11,22,0,43,0,0,0,0,0,10,11,22,0,43,0,0,0,43
11/14/2018,ELM,NY,AEA,EN,Combined TRACON& Tower with Radar,12,12,18,0,42,0,0,2,0,2,12,12,20,0,44,0,0,0,44
11/15/2018,ELM,NY,AEA,EN,Combined TRACON& Tower with Radar,10,12,10,0,32,0,0,8,0,8,10,12,18,0,40,0,0,0,40
11/16/2018,ELM,NY,AEA,EN,Combined TRACON& Tower with Radar,11,11,18,0,40,0,0,0,0,0,11,11,18,0,40,0,0,0,40
11/17/2018,ELM,NY,AEA,EN,Combined TRACON& Tower with Radar,12,10,3,0,25,0,0,0,0,0,12,10,3,0,25,0,0,0,25
11/18/2018,ELM,NY,AEA,EN,Combined TRACON& Tower with Radar,10,9,5,0,24,0,0,0,0,0,10,9,5,0,24,0,0,0,24
11/19/2018,ELM,NY,AEA,EN,Combined TRACON& Tower with Radar,12,11,13,0,36,0,0,0,0,0,12,11,13,0,36,0,0,0,36
11/20/2018,ELM,NY,AEA,EN,Combined TRACON& Tower with Radar,14,20,15,0,49,0,0,0,0,0,14,20,15,0,49,0,0,0,49
11/21/2018,ELM,NY,AEA,EN,Combined TRACON& Tower with Radar,12,13,15,0,40,0,0,2,0,2,12,13,17,0,42,0,0,0,42
11/22/2018,ELM,NY,AEA,EN,Combined TRACON& Tower with Radar,4,3,0,0,7,0,0,0,0,0,4,3,0,0,7,0,0,0,7
11/23/2018,ELM,NY,AEA,EN,Combined TRACON& Tower with Radar,4,12,1,0,17,0,2,19,0,21,4,14,20,0,38,42,0,42,80
11/24/2018,ELM,NY,AEA,EN,Combined TRACON& Tower with Radar,14,9,1,0,24,0,0,0,0,0,14,9,1,0,24,0,0,0,24
11/25/2018,ELM,NY,AEA,EN,Combined TRACON& Tower with Radar,10,3,11,0,24,0,0,9,0,9,10,3,20,0,33,0,0,0,33
11/26/2018,ELM,NY,AEA,EN,Combined TRACON& Tower with Radar,15,10,20,0,45,0,0,0,0,0,15,10,20,0,45,0,0,0,45
11/27/2018,ELM,NY,AEA,EN,Combined TRACON& Tower with Radar,10,14,13,0,37,0,0,0,0,0,10,14,13,0,37,0,0,0,37
11/28/2018,ELM,NY,AEA,EN,Combined TRACON& Tower with Radar,10,14,15,0,39,0,0,0,0,0,10,14,15,0,39,0,0,0,39
11/29/2018,ELM,NY,AEA,EN,Combined TRACON& Tower with Radar,10,15,17,0,42,0,0,0,0,0,10,15,17,0,42,0,0,0,42
11/30/2018,ELM,NY,AEA,EN,Combined TRACON& Tower with Radar,12,17,20,0,49,0,0,2,0,2,12,17,22,0,51,0,0,0,51
12/01/2018,ELM,NY,AEA,EN,Combined TRACON& Tower with Radar,12,10,1,0,23,0,0,2,0,2,12,10,3,0,25,0,0,0,25
12/02/2018,ELM,NY,AEA,EN,Combined TRACON& Tower with Radar,10,5,5,0,20,0,0,0,0,0,10,5,5,0,20,0,0,0,20
12/03/2018,ELM,NY,AEA,EN,Combined TRACON& Tower with Radar,12,9,17,0,38,0,1,0,0,1,12,10,17,0,39,1,0,1,40
12/04/2018,ELM,NY,AEA,EN,Combined TRACON& Tower with Radar,10,15,11,0,36,0,0,4,0,4,10,15,15,0,40,0,0,0,40
12/05/2018,ELM,NY,AEA,EN,Combined TRACON& Tower with Radar,10,15,17,0,42,0,0,11,0,11,10,15,28,0,53,0,0,0,53
12/06/2018,ELM,NY,AEA,EN,Combined TRACON& Tower with Radar,10,15,17,2,44,0,0,2,0,2,10,15,19,2,46,0,0,0,46
12/07/2018,ELM,NY,AEA,EN,Combined TRACON& Tower with Radar,12,12,14,0,38,0,0,4,0,4,12,12,18,0,42,0,0,0,42
12/08/2018,ELM,NY,AEA,EN,Combined TRACON& Tower with Radar,12,8,2,0,22,0,0,7,0,7,12,8,9,0,29,34,0,34,63
12/09/2018,ELM,NY,AEA,EN,Combined TRACON& Tower with Radar,12,7,9,0,28,0,0,30,0,30,12,7,39,0,58,24,0,24,82
12/10/2018,ELM,NY,AEA,EN,Combined TRACON& Tower with Radar,12,9,24,0,45,0,0,2,0,2,12,9,26,0,47,0,0,0,47
12/11/2018,ELM,NY,AEA,EN,Combined TRACON& Tower with Radar,9,18,13,0,40,0,0,3,0,3,9,18,16,0,43,0,0,0,43
12/12/2018,ELM,NY,AEA,EN,Combined TRACON& Tower with Radar,10,16,13,0,39,0,0,7,0,7,10,16,20,0,46,0,0,0,46
12/13/2018,ELM,NY,AEA,EN,Combined TRACON& Tower with Radar,10,15,15,0,40,0,0,0,0,0,10,15,15,0,40,0,0,0,40
12/14/2018,ELM,NY,AEA,EN,Combined TRACON& Tower with Radar,12,10,17,0,39,0,0,2,0,2,12,10,19,0,41,0,0,0,41
12/15/2018,ELM,NY,AEA,EN,Combined TRACON& Tower with Radar,12,9,5,0,26,0,0,0,0,0,12,9,5,0,26,10,0,10,36
12/16/2018,ELM,NY,AEA,EN,Combined TRACON& Tower with Radar,10,6,3,0,19,0,0,0,0,0,10,6,3,0,19,0,0,0,19
12/17/2018,ELM,NY,AEA,EN,Combined TRACON& Tower with Radar,12,8,16,0,36,0,0,2,0,2,12,8,18,0,38,0,0,0,38
12/18/2018,ELM,NY,AEA,EN,Combined TRACON& Tower with Radar,10,14,22,0,46,0,3,4,0,7,10,17,26,0,53,4,0,4,57
12/19/2018,ELM,NY,AEA,EN,Combined TRACON& Tower with Radar,13,14,23,0,50,0,0,22,0,22,13,14,45,0,72,23,0,23,95
12/20/2018,ELM,NY,AEA,EN,Combined TRACON& Tower with Radar,10,16,11,0,37,0,0,14,1,15,10,16,25,1,52,2,0,2,54
12/21/2018,ELM,NY,AEA,EN,Combined TRACON& Tower with Radar,12,14,14,0,40,0,0,0,0,0,12,14,14,0,40,0,0,0,40
12/22/2018,ELM,NY,AEA,EN,Combined TRACON& Tower with Radar,8,16,2,0,26,0,0,0,0,0,8,16,2,0,26,0,0,0,26
12/23/2018,ELM,NY,AEA,EN,Combined TRACON& Tower with Radar,4,13,3,0,20,0,0,8,0,8,4,13,11,0,28,20,0,20,48
12/24/2018,ELM,NY,AEA,EN,Combined TRACON& Tower with Radar,6,8,2,0,16,0,0,0,0,0,6,8,2,0,16,0,0,0,16
12/25/2018,ELM,NY,AEA,EN,Combined TRACON& Tower with Radar,4,7,1,0,12,0,0,1,0,1,4,7,2,0,13,10,0,10,23
12/26/2018,ELM,NY,AEA,EN,Combined TRACON& Tower with Radar,8,21,4,0,33,0,0,3,0,3,8,21,7,0,36,0,0,0,36
12/27/2018,ELM,NY,AEA,EN,Combined TRACON& Tower with Radar,4,22,7,0,33,0,0,6,0,6,4,22,13,0,39,0,0,0,39
12/28/2018,ELM,NY,AEA,EN,Combined TRACON& Tower with Radar,5,18,2,0,25,0,0,0,0,0,5,18,2,0,25,0,0,0,25
12/29/2018,ELM,NY,AEA,EN,Combined TRACON& Tower with Radar,7,15,5,0,27,0,0,0,0,0,7,15,5,0,27,4,0,4,31
12/30/2018,ELM,NY,AEA,EN,Combined TRACON& Tower with Radar,4,13,9,0,26,0,0,10,0,10,4,13,19,0,36,46,0,46,82
12/31/2018,ELM,NY,AEA,EN,Combined TRACON& Tower with Radar,6,8,3,0,17,0,0,6,0,6,6,8,9,0,23,0,0,0,23
01/01/2019,ELM,NY,AEA,EN,Combined TRACON& Tower with Radar,4,6,4,0,14,0,0,0,0,0,4,6,4,0,14,0,0,0,14
01/02/2019,ELM,NY,AEA,EN,Combined TRACON& Tower with Radar,7,18,10,0,35,0,0,2,0,2,7,18,12,0,37,0,0,0,37
01/03/2019,ELM,NY,AEA,EN,Combined TRACON& Tower with Radar,2,20,8,0,30,0,1,4,0,5,2,21,12,0,35,6,0,6,41
01/04/2019,ELM,NY,AEA,EN,Combined TRACON& Tower with Radar,5,20,15,0,40,0,0,18,0,18,5,20,33,0,58,2,0,2,60
01/05/2019,ELM,NY,AEA,EN,Combined TRACON& Tower with Radar,12,16,6,0,34,0,0,5,0,5,12,16,11,0,39,11,0,11,50
01/06/2019,ELM,NY,AEA,EN,Combined TRACON& Tower with Radar,10,5,2,0,17,0,0,1,0,1,10,5,3,0,18,0,0,0,18
01/07/2019,ELM,NY,AEA,EN,Combined TRACON& Tower with Radar,12,8,18,0,38,0,0,1,0,1,12,8,19,0,39,0,0,0,39
01/08/2019,ELM,NY,AEA,EN,Combined TRACON& Tower with Radar,10,13,11,0,34,0,0,0,0,0,10,13,11,0,34,0,0,0,34
01/09/2019,ELM,NY,AEA,EN,Combined TRACON& Tower with Radar,12,13,12,0,37,0,0,0,0,0,12,13,12,0,37,0,0,0,37
01/10/2019,ELM,NY,AEA,EN,Combined TRACON& Tower with Radar,11,13,17,0,41,0,0,1,0,1,11,13,18,0,42,0,0,0,42
01/11/2019,ELM,NY,AEA,EN,Combined TRACON& Tower with Radar,13,13,24,0,50,0,0,3,0,3,13,13,27,0,53,0,0,0,53
01/12/2019,ELM,NY,AEA,EN,Combined TRACON& Tower with Radar,12,7,2,0,21,0,0,4,0,4,12,7,6,0,25,0,0,0,25
01/13/2019,ELM,NY,AEA,EN,Combined TRACON& Tower with Radar,10,4,2,9,25,0,0,15,7,22,10,4,17,16,47,39,0,39,86
01/14/2019,ELM,NY,AEA,EN,Combined TRACON& Tower with Radar,12,9,11,0,32,0,0,12,0,12,12,9,23,0,44,6,0,6,50
01/15/2019,ELM,NY,AEA,EN,Combined TRACON& Tower with Radar,10,13,15,0,38,0,0,5,0,5,10,13,20,0,43,16,0,16,59
01/16/2019,ELM,NY,AEA,EN,Combined TRACON& Tower with Radar,12,11,12,0,35,0,0,0,0,0,12,11,12,0,35,0,0,0,35
01/17/2019,ELM,NY,AEA,EN,Combined TRACON& Tower with Radar,10,16,16,0,42,0,0,6,0,6,10,16,22,0,48,0,0,0,48
01/18/2019,ELM,NY,AEA,EN,Combined TRACON& Tower with Radar,12,15,17,0,44,0,0,0,0,0,12,15,17,0,44,0,0,0,44
01/19/2019,ELM,NY,AEA,EN,Combined TRACON& Tower with Radar,11,7,1,0,19,0,0,0,0,0,11,7,1,0,19,0,0,0,19
01/20/2019,ELM,NY,AEA,EN,Combined TRACON& Tower with Radar,7,4,0,0,11,0,0,0,0,0,7,4,0,0,11,4,0,4,15
01/21/2019,ELM,NY,AEA,EN,Combined TRACON& Tower with Radar,12,7,10,0,29,0,0,0,0,0,12,7,10,0,29,0,0,0,29
01/22/2019,ELM,NY,AEA,EN,Combined TRACON& Tower with Radar,9,12,7,0,28,0,0,7,0,7,9,12,14,0,35,2,0,2,37
01/23/2019,ELM,NY,AEA,EN,Combined TRACON& Tower with Radar,9,13,12,0,34,0,0,2,0,2,9,13,14,0,36,0,0,0,36
01/24/2019,ELM,NY,AEA,EN,Combined TRACON& Tower with Radar,5,11,14,0,30,0,0,0,0,0,5,11,14,0,30,0,0,0,30
01/25/2019,ELM,NY,AEA,EN,Combined TRACON& Tower with Radar,8,10,17,0,35,0,0,5,0,5,8,10,22,0,40,10,0,10,50
01/26/2019,ELM,NY,AEA,EN,Combined TRACON& Tower with Radar,8,4,1,1,14,0,0,13,1,14,8,4,14,2,28,46,0,46,74
01/27/2019,ELM,NY,AEA,EN,Combined TRACON& Tower with Radar,7,6,4,0,17,0,0,0,0,0,7,6,4,0,17,10,0,10,27
01/28/2019,ELM,NY,AEA,EN,Combined TRACON& Tower with Radar,7,7,12,0,26,0,0,4,0,4,7,7,16,0,30,16,0,16,46
01/29/2019,ELM,NY,AEA,EN,Combined TRACON& Tower with Radar,8,9,7,0,24,0,0,0,0,0,8,9,7,0,24,0,0,0,24
01/30/2019,ELM,NY,AEA,EN,Combined TRACON& Tower with Radar,12,13,12,0,37,0,0,0,0,0,12,13,12,0,37,0,0,0,37
01/31/2019,ELM,NY,AEA,EN,Combined TRACON& Tower with Radar,10,11,15,0,36,0,0,2,0,2,10,11,17,0,38,0,0,0,38
02/01/2019,ELM,NY,AEA,EN,Combined TRACON& Tower with Radar,12,13,17,0,42,0,0,17,0,17,12,13,34,0,59,14,0,14,73
02/02/2019,ELM,NY,AEA,EN,Combined TRACON& Tower with Radar,12,6,6,0,24,0,0,8,0,8,12,6,14,0,32,0,0,0,32
02/03/2019,ELM,NY,AEA,EN,Combined TRACON& Tower with Radar,8,4,3,0,15,0,0,20,0,20,8,4,23,0,35,12,0,12,47
02/04/2019,ELM,NY,AEA,EN,Combined TRACON& Tower with Radar,12,14,18,0,44,0,0,12,0,12,12,14,30,0,56,15,0,15,71
02/05/2019,ELM,NY,AEA,EN,Combined TRACON& Tower with Radar,10,16,11,0,37,0,1,1,0,2,10,17,12,0,39,0,0,0,39
02/06/2019,ELM,NY,AEA,EN,Combined TRACON& Tower with Radar,12,18,16,0,46,0,0,0,0,0,12,18,16,0,46,0,0,0,46
02/07/2019,ELM,NY,AEA,EN,Combined TRACON& Tower with Radar,9,15,21,0,45,0,0,0,0,0,9,15,21,0,45,0,0,0,45
02/08/2019,ELM,NY,AEA,EN,Combined TRACON& Tower with Radar,12,9,16,0,37,0,0,0,0,0,12,9,16,0,37,0,0,0,37
02/09/2019,ELM,NY,AEA,EN,Combined TRACON& Tower with Radar,12,7,3,0,22,0,0,3,0,3,12,7,6,0,25,1,0,1,26
02/10/2019,ELM,NY,AEA,EN,Combined TRACON& Tower with Radar,10,5,11,0,26,0,0,18,0,18,10,5,29,0,44,14,0,14,58
02/11/2019,ELM,NY,AEA,EN,Combined TRACON& Tower with Radar,12,9,19,0,40,0,0,2,0,2,12,9,21,0,42,4,0,4,46
02/12/2019,ELM,NY,AEA,EN,Combined TRACON& Tower with Radar,8,8,6,0,22,0,0,0,0,0,8,8,6,0,22,0,0,0,22
02/13/2019,ELM,NY,AEA,EN,Combined TRACON& Tower with Radar,12,16,16,0,44,0,0,0,3,3,12,16,16,3,47,0,0,0,47
02/14/2019,ELM,NY,AEA,EN,Combined TRACON& Tower with Radar,10,16,15,2,43,0,0,19,0,19,10,16,34,2,62,0,0,0,62
02/15/2019,ELM,NY,AEA,EN,Combined TRACON& Tower with Radar,12,11,13,0,36,0,0,3,0,3,12,11,16,0,39,14,0,14,53
02/16/2019,ELM,NY,AEA,EN,Combined TRACON& Tower with Radar,14,10,3,0,27,0,0,5,0,5,14,10,8,0,32,30,0,30,62
02/17/2019,ELM,NY,AEA,EN,Combined TRACON& Tower with Radar,8,2,10,0,20,0,0,14,0,14,8,2,24,0,34,10,0,10,44
02/18/2019,ELM,NY,AEA,EN,Combined TRACON& Tower with Radar,12,8,12,0,32,0,0,0,0,0,12,8,12,0,32,0,0,0,32
02/19/2019,ELM,NY,AEA,EN,Combined TRACON& Tower with Radar,12,15,20,0,47,0,0,8,0,8,12,15,28,0,55,12,0,12,67
02/20/2019,ELM,NY,AEA,EN,Combined TRACON& Tower with Radar,14,10,12,0,36,0,0,1,0,1,14,10,13,0,37,0,0,0,37
02/21/2019,ELM,NY,AEA,EN,Combined TRACON& Tower with Radar,10,14,16,2,42,0,1,8,0,9,10,15,24,2,51,0,0,0,51
02/22/2019,ELM,NY,AEA,EN,Combined TRACON& Tower with Radar,12,11,18,0,41,0,0,10,0,10,12,11,28,0,51,22,0,22,73
02/23/2019,ELM,NY,AEA,EN,Combined TRACON& Tower with Radar,14,9,9,0,32,0,0,18,0,18,14,9,27,0,50,1,0,1,51
02/24/2019,ELM,NY,AEA,EN,Combined TRACON& Tower with Radar,10,8,7,0,25,0,0,0,0,0,10,8,7,0,25,0,0,0,25
02/25/2019,ELM,NY,AEA,EN,Combined TRACON& Tower with Radar,11,10,10,0,31,0,0,0,0,0,11,10,10,0,31,0,0,0,31
02/26/2019,ELM,NY,AEA,EN,Combined TRACON& Tower with Radar,13,15,13,0,41,0,0,1,0,1,13,15,14,0,42,0,0,0,42
02/27/2019,ELM,NY,AEA,EN,Combined TRACON& Tower with Radar,13,15,18,0,46,0,0,0,0,0,13,15,18,0,46,0,0,0,46
02/28/2019,ELM,NY,AEA,EN,Combined TRACON& Tower with Radar,13,15,14,0,42,0,0,8,0,8,13,15,22,0,50,0,0,0,50
03/01/2019,ELM,NY,AEA,EN,Combined TRACON& Tower with Radar,12,12,21,0,45,0,0,8,0,8,12,12,29,0,53,21,0,21,74
03/02/2019,ELM,NY,AEA,EN,Combined TRACON& Tower with Radar,12,8,1,0,21,0,0,2,0,2,12,8,3,0,23,20,0,20,43
03/03/2019,ELM,NY,AEA,EN,Combined TRACON& Tower with Radar,10,8,9,0,27,0,0,9,0,9,10,8,18,0,36,0,0,0,36
03/04/2019,ELM,NY,AEA,EN,Combined TRACON& Tower with Radar,11,11,22,2,46,0,0,4,0,4,11,11,26,2,50,0,0,0,50
03/05/2019,ELM,NY,AEA,EN,Combined TRACON& Tower with Radar,12,14,16,0,42,0,0,5,0,5,12,14,21,0,47,22,0,22,69
03/06/2019,ELM,NY,AEA,EN,Combined TRACON& Tower with Radar,14,14,22,0,50,0,0,0,0,0,14,14,22,0,50,0,0,0,50
03/07/2019,ELM,NY,AEA,EN,Combined TRACON& Tower with Radar,10,13,22,0,45,0,0,5,0,5,10,13,27,0,50,0,0,0,50
03/08/2019,ELM,NY,AEA,EN,Combined TRACON& Tower with Radar,12,11,24,0,47,0,0,1,0,1,12,11,25,0,48,0,0,0,48
03/09/2019,ELM,NY,AEA,EN,Combined TRACON& Tower with Radar,12,7,1,0,20,0,0,21,0,21,12,7,22,0,41,50,0,50,91
03/10/2019,ELM,NY,AEA,EN,Combined TRACON& Tower with Radar,10,6,7,0,23,0,1,0,0,1,10,7,7,0,24,0,0,0,24
03/11/2019,ELM,NY,AEA,EN,Combined TRACON& Tower with Radar,12,10,13,0,35,0,0,2,0,2,12,10,15,0,37,8,0,8,45
03/12/2019,ELM,NY,AEA,EN,Combined TRACON& Tower with Radar,12,13,11,0,36,0,0,0,0,0,12,13,11,0,36,0,0,0,36
03/13/2019,ELM,NY,AEA,EN,Combined TRACON& Tower with Radar,10,10,19,1,40,0,0,7,0,7,10,10,26,1,47,7,0,7,54
03/14/2019,ELM,NY,AEA,EN,Combined TRACON& Tower with Radar,7,10,5,0,22,0,0,4,0,4,7,10,9,0,26,0,0,0,26
03/15/2019,ELM,NY,AEA,EN,Combined TRACON& Tower with Radar,9,6,10,0,25,0,0,1,0,1,9,6,11,0,26,17,0,17,43
03/16/2019,ELM,NY,AEA,EN,Combined TRACON& Tower with Radar,6,4,2,0,12,0,0,0,0,0,6,4,2,0,12,0,0,0,12
03/17/2019,ELM,NY,AEA,EN,Combined TRACON& Tower with Radar,6,1,8,0,15,0,0,6,0,6,6,1,14,0,21,40,0,40,61
03/18/2019,ELM,NY,AEA,EN,Combined TRACON& Tower with Radar,7,6,7,0,20,0,0,5,0,5,7,6,12,0,25,12,0,12,37
03/19/2019,ELM,NY,AEA,EN,Combined TRACON& Tower with Radar,11,12,23,0,46,0,0,19,0,19,11,12,42,0,65,22,0,22,87
03/20/2019,ELM,NY,AEA,EN,Combined TRACON& Tower with Radar,16,12,20,0,48,0,0,10,0,10,16,12,30,0,58,10,0,10,68
03/21/2019,ELM,NY,AEA,EN,Combined TRACON& Tower with Radar,10,14,15,0,39,0,0,0,0,0,10,14,15,0,39,0,0,0,39
03/22/2019,ELM,NY,AEA,EN,Combined TRACON& Tower with Radar,12,17,22,0,51,0,0,0,0,0,12,17,22,0,51,0,0,0,51
03/23/2019,ELM,NY,AEA,EN,Combined TRACON& Tower with Radar,12,5,6,0,23,0,1,4,0,5,12,6,10,0,28,0,0,0,28
03/24/2019,ELM,NY,AEA,EN,Combined TRACON& Tower with Radar,10,4,3,0,17,0,0,16,0,16,10,4,19,0,33,0,0,0,33
03/25/2019,ELM,NY,AEA,EN,Combined TRACON& Tower with Radar,12,9,15,0,36,0,0,8,0,8,12,9,23,0,44,14,0,14,58
03/26/2019,ELM,NY,AEA,EN,Combined TRACON& Tower with Radar,11,13,23,0,47,0,0,8,2,10,11,13,31,2,57,4,0,4,61
03/27/2019,ELM,NY,AEA,EN,Combined TRACON& Tower with Radar,14,18,13,0,45,0,0,21,0,21,14,18,34,0,66,10,0,10,76
03/28/2019,ELM,NY,AEA,EN,Combined TRACON& Tower with Radar,10,14,13,0,37,0,0,9,0,9,10,14,22,0,46,6,0,6,52
03/29/2019,ELM,NY,AEA,EN,Combined TRACON& Tower with Radar,12,11,20,0,43,0,0,0,0,0,12,11,20,0,43,4,0,4,47
03/30/2019,ELM,NY,AEA,EN,Combined TRACON& Tower with Radar,12,7,13,0,32,0,0,3,1,4,12,7,16,1,36,0,0,0,36
03/31/2019,ELM,NY,AEA,EN,Combined TRACON& Tower with Radar,10,4,5,0,19,0,0,4,0,4,10,4,9,0,23,0,0,0,23
04/01/2019,ELM,NY,AEA,EN,Combined TRACON& Tower with Radar,12,9,13,0,34,0,1,1,0,2,12,10,14,0,36,0,0,0,36
04/02/2019,ELM,NY,AEA,EN,Combined TRACON& Tower with Radar,12,12,15,3,42,0,0,10,13,23,12,12,25,16,65,28,26,54,119
04/03/2019,ELM,NY,AEA,EN,Combined TRACON& Tower with Radar,14,14,15,0,43,0,0,5,0,5,14,14,20,0,48,2,0,2,50
04/04/2019,ELM,NY,AEA,EN,Combined TRACON& Tower with Radar,10,12,25,0,47,0,0,24,0,24,10,12,49,0,71,2,0,2,73
04/05/2019,ELM,NY,AEA,EN,Combined TRACON& Tower with Radar,12,16,24,0,52,0,0,0,0,0,12,16,24,0,52,0,0,0,52
04/06/2019,ELM,NY,AEA,EN,Combined TRACON& Tower with Radar,12,12,8,0,32,0,0,23,0,23,12,12,31,0,55,46,0,46,101
04/07/2019,ELM,NY,AEA,EN,Combined TRACON& Tower with Radar,10,9,7,0,26,0,0,26,1,27,10,9,33,1,53,20,0,20,73
04/08/2019,ELM,NY,AEA,EN,Combined TRACON& Tower with Radar,12,16,18,0,46,0,0,2,2,4,12,16,20,2,50,0,0,0,50
04/09/2019,ELM,NY,AEA,EN,Combined TRACON& Tower with Radar,12,20,15,0,47,0,0,6,0,6,12,20,21,0,53,10,0,10,63
04/10/2019,ELM,NY,AEA,EN,Combined TRACON& Tower with Radar,14,13,18,0,45,0,0,2,3,5,14,13,20,3,50,12,0,12,62
04/11/2019,ELM,NY,AEA,EN,Combined TRACON& Tower with Radar,10,12,14,0,36,0,0,22,0,22,10,12,36,0,58,0,0,0,58
04/12/2019,ELM,NY,AEA,EN,Combined TRACON& Tower with Radar,12,11,16,0,39,0,0,4,0,4,12,11,20,0,43,5,0,5,48
04/13/2019,ELM,NY,AEA,EN,Combined TRACON& Tower with Radar,12,8,18,0,38,0,0,26,1,27,12,8,44,1,65,0,0,0,65
04/14/2019,ELM,NY,AEA,EN,Combined TRACON& Tower with Radar,10,5,0,0,15,0,0,2,0,2,10,5,2,0,17,22,0,22,39
04/15/2019,ELM,NY,AEA,EN,Combined TRACON& Tower with Radar,12,13,16,0,41,0,0,0,0,0,12,13,16,0,41,4,0,4,45
04/16/2019,ELM,NY,AEA,EN,Combined TRACON& Tower with Radar,12,14,16,0,42,0,0,37,0,37,12,14,53,0,79,18,0,18,97
04/17/2019,ELM,NY,AEA,EN,Combined TRACON& Tower with Radar,14,18,19,0,51,0,0,9,0,9,14,18,28,0,60,10,0,10,70
04/18/2019,ELM,NY,AEA,EN,Combined TRACON& Tower with Radar,10,13,15,0,38,0,0,0,0,0,10,13,15,0,38,0,0,0,38
04/19/2019,ELM,NY,AEA,EN,Combined TRACON& Tower with Radar,10,16,12,0,38,0,0,0,0,0,10,16,12,0,38,0,0,0,38
04/20/2019,ELM,NY,AEA,EN,Combined TRACON& Tower with Radar,12,9,4,0,25,0,0,7,1,8,12,9,11,1,33,0,0,0,33
04/21/2019,ELM,NY,AEA,EN,Combined TRACON& Tower with Radar,10,8,7,0,25,0,0,0,0,0,10,8,7,0,25,0,0,0,25
04/22/2019,ELM,NY,AEA,EN,Combined TRACON& Tower with Radar,12,13,30,0,55,0,0,18,0,18,12,13,48,0,73,14,0,14,87
04/23/2019,ELM,NY,AEA,EN,Combined TRACON& Tower with Radar,12,14,20,0,46,0,0,10,2,12,12,14,30,2,58,22,4,26,84
04/24/2019,ELM,NY,AEA,EN,Combined TRACON& Tower with Radar,14,13,29,12,68,0,0,12,0,12,14,13,41,12,80,23,0,23,103
04/25/2019,ELM,NY,AEA,EN,Combined TRACON& Tower with Radar,10,14,17,0,41,0,0,42,1,43,10,14,59,1,84,0,0,0,84
04/26/2019,ELM,NY,AEA,EN,Combined TRACON& Tower with Radar,12,14,19,0,45,0,0,0,0,0,12,14,19,0,45,0,0,0,45
04/27/2019,ELM,NY,AEA,EN,Combined TRACON& Tower with Radar,13,8,2,0,23,0,0,1,1,2,13,8,3,1,25,2,0,2,27
04/28/2019,ELM,NY,AEA,EN,Combined TRACON& Tower with Radar,10,5,1,0,16,0,0,4,0,4,10,5,5,0,20,22,0,22,42
04/29/2019,ELM,NY,AEA,EN,Combined TRACON& Tower with Radar,11,18,20,0,49,0,0,34,0,34,11,18,54,0,83,12,0,12,95
04/30/2019,ELM,NY,AEA,EN,Combined TRACON& Tower with Radar,13,12,20,0,45,0,0,5,0,5,13,12,25,0,50,18,0,18,68
05/01/2019,ELM,NY,AEA,EN,Combined TRACON& Tower with Radar,14,12,25,0,51,0,0,2,0,2,14,12,27,0,53,10,0,10,63
05/02/2019,ELM,NY,AEA,EN,Combined TRACON& Tower with Radar,10,16,27,0,53,0,0,7,0,7,10,16,34,0,60,14,0,14,74
05/03/2019,ELM,NY,AEA,EN,Combined TRACON& Tower with Radar,12,16,14,0,42,0,0,0,0,0,12,16,14,0,42,0,0,0,42
05/04/2019,ELM,NY,AEA,EN,Combined TRACON& Tower with Radar,12,11,11,0,34,0,0,0,0,0,12,11,11,0,34,0,0,0,34
05/05/2019,ELM,NY,AEA,EN,Combined TRACON& Tower with Radar,10,7,13,0,30,0,0,0,0,0,10,7,13,0,30,0,0,0,30
05/06/2019,ELM,NY,AEA,EN,Combined TRACON& Tower with Radar,12,10,27,0,49,0,1,26,0,27,12,11,53,0,76,30,0,30,106
05/07/2019,ELM,NY,AEA,EN,Combined TRACON& Tower with Radar,10,18,18,0,46,0,0,4,0,4,10,18,22,0,50,6,0,6,56
05/08/2019,ELM,NY,AEA,EN,Combined TRACON& Tower with Radar,14,15,26,0,55,0,0,15,2,17,14,15,41,2,72,16,0,16,88
05/09/2019,ELM,NY,AEA,EN,Combined TRACON& Tower with Radar,10,20,16,0,46,0,0,1,0,1,10,20,17,0,47,0,0,0,47
05/10/2019,ELM,NY,AEA,EN,Combined TRACON& Tower with Radar,12,15,20,0,47,0,0,6,0,6,12,15,26,0,53,1,0,1,54
05/11/2019,ELM,NY,AEA,EN,Combined TRACON& Tower with Radar,10,8,9,0,27,0,0,26,2,28,10,8,35,2,55,48,4,52,107
05/12/2019,ELM,NY,AEA,EN,Combined TRACON& Tower with Radar,8,9,8,0,25,0,0,0,0,0,8,9,8,0,25,0,0,0,25
05/13/2019,ELM,NY,AEA,EN,Combined TRACON& Tower with Radar,12,10,22,0,44,0,0,0,0,0,12,10,22,0,44,0,0,0,44
05/14/2019,ELM,NY,AEA,EN,Combined TRACON& Tower with Radar,10,14,21,0,45,0,0,0,0,0,10,14,21,0,45,4,0,4,49
05/15/2019,ELM,NY,AEA,EN,Combined TRACON& Tower with Radar,11,11,25,0,47,0,0,13,0,13,11,11,38,0,60,22,0,22,82
05/16/2019,ELM,NY,AEA,EN,Combined TRACON& Tower with Radar,8,11,18,3,40,0,0,3,0,3,8,11,21,3,43,12,32,44,87
05/17/2019,ELM,NY,AEA,EN,Combined TRACON& Tower with Radar,11,10,15,0,36,0,0,4,0,4,11,10,19,0,40,2,0,2,42
05/18/2019,ELM,NY,AEA,EN,Combined TRACON& Tower with Radar,10,8,8,0,26,0,0,6,0,6,10,8,14,0,32,0,0,0,32
05/19/2019,ELM,NY,AEA,EN,Combined TRACON& Tower with Radar,5,5,2,0,12,0,0,4,0,4,5,5,6,0,16,0,0,0,16
05/20/2019,ELM,NY,AEA,EN,Combined TRACON& Tower with Radar,6,7,10,0,23,0,0,0,0,0,6,7,10,0,23,10,10,20,43
05/21/2019,ELM,NY,AEA,EN,Combined TRACON& Tower with Radar,9,15,15,0,39,0,0,8,0,8,9,15,23,0,47,30,0,30,77
05/22/2019,ELM,NY,AEA,EN,Combined TRACON& Tower with Radar,8,12,10,0,30,0,0,5,0,5,8,12,15,0,35,14,0,14,49
05/23/2019,ELM,NY,AEA,EN,Combined TRACON& Tower with Radar,6,12,19,0,37,0,0,1,0,1,6,12,20,0,38,0,0,0,38
05/24/2019,ELM,NY,AEA,EN,Combined TRACON& Tower with Radar,11,10,19,0,40,0,0,5,1,6,11,10,24,1,46,18,0,18,64
05/25/2019,ELM,NY,AEA,EN,Combined TRACON& Tower with Radar,4,4,0,0,8,0,0,1,0,1,4,4,1,0,9,3,0,3,12
05/26/2019,ELM,NY,AEA,EN,Combined TRACON& Tower with Radar,3,3,4,0,10,0,0,1,0,1,3,3,5,0,11,0,0,0,11
05/27/2019,ELM,NY,AEA,EN,Combined TRACON& Tower with Radar,9,6,7,0,22,0,0,3,0,3,9,6,10,0,25,36,0,36,61
05/28/2019,ELM,NY,AEA,EN,Combined TRACON& Tower with Radar,7,6,10,0,23,0,0,0,0,0,7,6,10,0,23,0,1,1,24
05/29/2019,ELM,NY,AEA,EN,Combined TRACON& Tower with Radar,14,11,19,0,44,0,0,0,0,0,14,11,19,0,44,7,0,7,51
05/30/2019,ELM,NY,AEA,EN,Combined TRACON& Tower with Radar,8,7,16,0,31,0,0,1,0,1,8,7,17,0,32,30,0,30,62
05/31/2019,ELM,NY,AEA,EN,Combined TRACON& Tower with Radar,7,8,15,0,30,0,0,1,0,1,7,8,16,0,31,21,0,21,52
06/01/2019,ELM,NY,AEA,EN,Combined TRACON& Tower with Radar,6,4,2,0,12,0,0,1,0,1,6,4,3,0,13,0,0,0,13
06/02/2019,ELM,NY,AEA,EN,Combined TRACON& Tower with Radar,7,3,4,0,14,0,0,1,0,1,7,3,5,0,15,19,0,19,34
06/03/2019,ELM,NY,AEA,EN,Combined TRACON& Tower with Radar,6,8,9,0,23,0,0,0,0,0,6,8,9,0,23,24,0,24,47
06/04/2019,ELM,NY,AEA,EN,Combined TRACON& Tower with Radar,8,11,4,0,23,0,0,2,0,2,8,11,6,0,25,22,0,22,47
06/05/2019,ELM,NY,AEA,EN,Combined TRACON& Tower with Radar,8,8,10,0,26,0,0,0,0,0,8,8,10,0,26,10,0,10,36
06/06/2019,ELM,NY,AEA,EN,Combined TRACON& Tower with Radar,10,14,10,0,34,0,0,1,0,1,10,14,11,0,35,0,0,0,35
06/07/2019,ELM,NY,AEA,EN,Combined TRACON& Tower with Radar,11,7,17,0,35,0,0,2,0,2,11,7,19,0,37,38,0,38,75
06/08/2019,ELM,NY,AEA,EN,Combined TRACON& Tower with Radar,8,6,3,0,17,0,0,6,0,6,8,6,9,0,23,22,0,22,45
06/09/2019,ELM,NY,AEA,EN,Combined TRACON& Tower with Radar,9,6,5,0,20,44,0,3,1,48,53,6,8,1,68,0,0,0,68
06/10/2019,ELM,NY,AEA,EN,Combined TRACON& Tower with Radar,13,8,13,0,34,0,0,0,0,0,13,8,13,0,34,0,0,0,34
06/11/2019,ELM,NY,AEA,EN,Combined TRACON& Tower with Radar,9,8,9,0,26,0,0,2,0,2,9,8,11,0,28,4,0,4,32
06/12/2019,ELM,NY,AEA,EN,Combined TRACON& Tower with Radar,8,8,11,0,27,0,0,0,0,0,8,8,11,0,27,17,0,17,44
06/13/2019,ELM,NY,AEA,EN,Combined TRACON& Tower with Radar,7,6,11,1,25,0,0,0,0,0,7,6,11,1,25,0,0,0,25
06/14/2019,ELM,NY,AEA,EN,Combined TRACON& Tower with Radar,7,9,17,0,33,0,0,0,0,0,7,9,17,0,33,1,0,1,34
06/15/2019,ELM,NY,AEA,EN,Combined TRACON& Tower with Radar,5,5,7,0,17,0,0,7,0,7,5,5,14,0,24,14,0,14,38
06/16/2019,ELM,NY,AEA,EN,Combined TRACON& Tower with Radar,8,5,7,0,20,0,0,0,0,0,8,5,7,0,20,2,0,2,22
06/17/2019,ELM,NY,AEA,EN,Combined TRACON& Tower with Radar,9,6,13,0,28,0,0,5,0,5,9,6,18,0,33,16,0,16,49
06/18/2019,ELM,NY,AEA,EN,Combined TRACON& Tower with Radar,8,8,12,0,28,0,0,1,0,1,8,8,13,0,29,4,0,4,33
06/19/2019,ELM,NY,AEA,EN,Combined TRACON& Tower with Radar,9,5,11,0,25,0,1,1,0,2,9,6,12,0,27,19,0,19,46
06/20/2019,ELM,NY,AEA,EN,Combined TRACON& Tower with Radar,8,8,13,1,30,0,0,0,0,0,8,8,13,1,30,0,0,0,30
06/21/2019,ELM,NY,AEA,EN,Combined TRACON& Tower with Radar,9,14,18,0,41,0,0,4,0,4,9,14,22,0,45,10,0,10,55
06/22/2019,ELM,NY,AEA,EN,Combined TRACON& Tower with Radar,10,6,3,0,19,0,0,4,0,4,10,6,7,0,23,26,0,26,49
06/23/2019,ELM,NY,AEA,EN,Combined TRACON& Tower with Radar,9,8,5,0,22,0,0,5,0,5,9,8,10,0,27,42,0,42,69
06/24/2019,ELM,NY,AEA,EN,Combined TRACON& Tower with Radar,9,16,9,0,34,0,0,1,0,1,9,16,10,0,35,12,0,12,47
06/25/2019,ELM,NY,AEA,EN,Combined TRACON& Tower with Radar,7,10,11,1,29,0,0,2,0,2,7,10,13,1,31,4,0,4,35
06/26/2019,ELM,NY,AEA,EN,Combined TRACON& Tower with Radar,8,11,15,0,34,0,0,0,0,0,8,11,15,0,34,30,0,30,64
06/27/2019,ELM,NY,AEA,EN,Combined TRACON& Tower with Radar,7,9,13,0,29,0,0,0,0,0,7,9,13,0,29,16,0,16,45
06/28/2019,ELM,NY,AEA,EN,Combined TRACON& Tower with Radar,7,10,10,0,27,0,0,2,0,2,7,10,12,0,29,0,0,0,29
06/29/2019,ELM,NY,AEA,EN,Combined TRACON& Tower with Radar,8,6,12,0,26,0,0,2,0,2,8,6,14,0,28,10,0,10,38
06/30/2019,ELM,NY,AEA,EN,Combined TRACON& Tower with Radar,8,9,19,0,36,0,0,3,0,3,8,9,22,0,39,22,0,22,61
07/01/2019,ELM,NY,AEA,EN,Combined TRACON& Tower with Radar,8,7,9,0,24,0,0,2,0,2,8,7,11,0,26,14,0,14,40
07/02/2019,ELM,NY,AEA,EN,Combined TRACON& Tower with Radar,8,10,3,0,21,0,0,1,0,1,8,10,4,0,22,2,0,2,24
07/03/2019,ELM,NY,AEA,EN,Combined TRACON& Tower with Radar,8,7,8,0,23,0,0,2,0,2,8,7,10,0,25,20,0,20,45
07/04/2019,ELM,NY,AEA,EN,Combined TRACON& Tower with Radar,5,3,1,0,9,0,0,3,0,3,5,3,4,0,12,0,0,0,12
07/05/2019,ELM,NY,AEA,EN,Combined TRACON& Tower with Radar,5,4,6,0,15,0,0,1,0,1,5,4,7,0,16,10,0,10,26
07/06/2019,ELM,NY,AEA,EN,Combined TRACON& Tower with Radar,10,3,1,0,14,0,0,0,0,0,10,3,1,0,14,0,0,0,14
07/07/2019,ELM,NY,AEA,EN,Combined TRACON& Tower with Radar,10,5,5,0,20,0,0,5,0,5,10,5,10,0,25,8,0,8,33
07/08/2019,ELM,NY,AEA,EN,Combined TRACON& Tower with Radar,11,12,8,1,32,0,0,1,0,1,11,12,9,1,33,47,0,47,80
07/09/2019,ELM,NY,AEA,EN,Combined TRACON& Tower with Radar,9,10,8,0,27,0,0,1,0,1,9,10,9,0,28,24,0,24,52
07/10/2019,ELM,NY,AEA,EN,Combined TRACON& Tower with Radar,9,6,9,0,24,0,0,4,0,4,9,6,13,0,28,14,0,14,42
07/11/2019,ELM,NY,AEA,EN,Combined TRACON& Tower with Radar,6,8,9,1,24,0,0,0,0,0,6,8,9,1,24,0,0,0,24
07/12/2019,ELM,NY,AEA,EN,Combined TRACON& Tower with Radar,9,9,16,0,34,0,0,4,0,4,9,9,20,0,38,17,0,17,55
07/13/2019,ELM,NY,AEA,EN,Combined TRACON& Tower with Radar,6,4,4,0,14,0,0,3,2,5,6,4,7,2,19,28,0,28,47
07/14/2019,ELM,NY,AEA,EN,Combined TRACON& Tower with Radar,8,8,3,0,19,0,0,7,0,7,8,8,10,0,26,36,0,36,62
07/15/2019,ELM,NY,AEA,EN,Combined TRACON& Tower with Radar,8,10,11,0,29,0,0,6,0,6,8,10,17,0,35,23,0,23,58
07/16/2019,ELM,NY,AEA,EN,Combined TRACON& Tower with Radar,9,7,8,0,24,0,0,1,0,1,9,7,9,0,25,4,0,4,29
07/17/2019,ELM,NY,AEA,EN,Combined TRACON& Tower with Radar,10,7,11,0,28,0,0,0,0,0,10,7,11,0,28,6,0,6,34
07/18/2019,ELM,NY,AEA,EN,Combined TRACON& Tower with Radar,8,11,15,2,36,0,0,0,0,0,8,11,15,2,36,14,0,14,50
07/19/2019,ELM,NY,AEA,EN,Combined TRACON& Tower with Radar,7,5,8,0,20,0,0,0,0,0,7,5,8,0,20,28,0,28,48
07/20/2019,ELM,NY,AEA,EN,Combined TRACON& Tower with Radar,7,3,2,0,12,22,0,3,0,25,29,3,5,0,37,0,0,0,37
07/21/2019,ELM,NY,AEA,EN,Combined TRACON& Tower with Radar,8,3,4,1,16,0,0,0,0,0,8,3,4,1,16,8,12,20,36
07/22/2019,ELM,NY,AEA,EN,Combined TRACON& Tower with Radar,11,13,19,0,43,0,0,0,0,0,11,13,19,0,43,0,0,0,43
07/23/2019,ELM,NY,AEA,EN,Combined TRACON& Tower with Radar,10,12,16,0,38,0,0,1,0,1,10,12,17,0,39,0,0,0,39
07/24/2019,ELM,NY,AEA,EN,Combined TRACON& Tower with Radar,13,14,19,0,46,0,0,1,0,1,13,14,20,0,47,14,0,14,61
07/25/2019,ELM,NY,AEA,EN,Combined TRACON& Tower with Radar,8,9,11,0,28,0,0,1,0,1,8,9,12,0,29,33,0,33,62
07/26/2019,ELM,NY,AEA,EN,Combined TRACON& Tower with Radar,9,6,12,0,27,34,0,3,0,37,43,6,15,0,64,0,0,0,64
07/27/2019,ELM,NY,AEA,EN,Combined TRACON& Tower with Radar,10,3,6,0,19,0,0,0,0,0,10,3,6,0,19,18,0,18,37
07/28/2019,ELM,NY,AEA,EN,Combined TRACON& Tower with Radar,7,3,8,0,18,0,0,1,0,1,7,3,9,0,19,2,0,2,21
07/29/2019,ELM,NY,AEA,EN,Combined TRACON& Tower with Radar,8,7,10,0,25,0,0,0,0,0,8,7,10,0,25,9,0,9,34
07/30/2019,ELM,NY,AEA,EN,Combined TRACON& Tower with Radar,8,8,11,0,27,0,0,0,0,0,8,8,11,0,27,9,0,9,36
07/31/2019,ELM,NY,AEA,EN,Combined TRACON& Tower with Radar,11,10,11,0,32,0,0,1,0,1,11,10,12,0,33,18,0,18,51
08/01/2019,ELM,NY,AEA,EN,Combined TRACON& Tower with Radar,10,9,21,0,40,0,0,1,0,1,10,9,22,0,41,4,0,4,45
08/02/2019,ELM,NY,AEA,EN,Combined TRACON& Tower with Radar,10,8,34,0,52,0,0,7,0,7,10,8,41,0,59,0,0,0,59
08/03/2019,ELM,NY,AEA,EN,Combined TRACON& Tower with Radar,10,8,15,0,33,0,1,2,0,3,10,9,17,0,36,3,0,3,39
08/04/2019,ELM,NY,AEA,EN,Combined TRACON& Tower with Radar,9,5,49,0,63,0,0,3,0,3,9,5,52,0,66,23,0,23,89
08/05/2019,ELM,NY,AEA,EN,Combined TRACON& Tower with Radar,9,7,7,0,23,0,0,1,0,1,9,7,8,0,24,12,0,12,36
08/06/2019,ELM,NY,AEA,EN,Combined TRACON& Tower with Radar,9,7,8,0,24,0,0,2,0,2,9,7,10,0,26,11,0,11,37
08/07/2019,ELM,NY,AEA,EN,Combined TRACON& Tower with Radar,9,7,12,0,28,0,0,0,0,0,9,7,12,0,28,8,0,8,36
08/08/2019,ELM,NY,AEA,EN,Combined TRACON& Tower with Radar,6,7,15,0,28,0,0,1,0,1,6,7,16,0,29,0,0,0,29
08/09/2019,ELM,NY,AEA,EN,Combined TRACON& Tower with Radar,7,6,10,0,23,0,0,3,0,3,7,6,13,0,26,13,0,13,39
08/10/2019,ELM,NY,AEA,EN,Combined TRACON& Tower with Radar,7,4,5,0,16,0,0,3,0,3,7,4,8,0,19,8,0,8,27
08/11/2019,ELM,NY,AEA,EN,Combined TRACON& Tower with Radar,7,5,5,0,17,0,0,4,0,4,7,5,9,0,21,16,0,16,37
08/12/2019,ELM,NY,AEA,EN,Combined TRACON& Tower with Radar,7,7,12,0,26,0,0,1,0,1,7,7,13,0,27,20,0,20,47
08/13/2019,ELM,NY,AEA,EN,Combined TRACON& Tower with Radar,11,9,12,0,32,0,0,0,0,0,11,9,12,0,32,6,0,6,38
08/14/2019,ELM,NY,AEA,EN,Combined TRACON& Tower with Radar,14,13,17,3,47,0,0,4,4,8,14,13,21,7,55,48,12,60,115
08/15/2019,ELM,NY,AEA,EN,Combined TRACON& Tower with Radar,10,5,11,0,26,0,0,1,0,1,10,5,12,0,27,11,0,11,38
08/16/2019,ELM,NY,AEA,EN,Combined TRACON& Tower with Radar,7,7,9,0,23,0,0,0,0,0,7,7,9,0,23,3,0,3,26
08/17/2019,ELM,NY,AEA,EN,Combined TRACON& Tower with Radar,7,5,4,0,16,0,0,1,0,1,7,5,5,0,17,8,0,8,25
08/18/2019,ELM,NY,AEA,EN,Combined TRACON& Tower with Radar,6,2,6,0,14,0,0,1,0,1,6,2,7,0,15,2,0,2,17
08/19/2019,ELM,NY,AEA,EN,Combined TRACON& Tower with Radar,8,9,11,0,28,0,0,2,0,2,8,9,13,0,30,0,0,0,30
08/20/2019,ELM,NY,AEA,EN,Combined TRACON& Tower with Radar,7,9,14,0,30,0,0,1,0,1,7,9,15,0,31,62,0,62,93
08/21/2019,ELM,NY,AEA,EN,Combined TRACON& Tower with Radar,8,8,10,0,26,0,0,1,0,1,8,8,11,0,27,12,0,12,39
08/22/2019,ELM,NY,AEA,EN,Combined TRACON& Tower with Radar,10,9,14,0,33,0,0,4,0,4,10,9,18,0,37,14,0,14,51
08/23/2019,ELM,NY,AEA,EN,Combined TRACON& Tower with Radar,11,10,11,0,32,0,1,0,0,1,11,11,11,0,33,18,0,18,51
08/24/2019,ELM,NY,AEA,EN,Combined TRACON& Tower with Radar,12,12,5,0,29,0,0,3,0,3,12,12,8,0,32,30,0,30,62
08/25/2019,ELM,NY,AEA,EN,Combined TRACON& Tower with Radar,10,6,9,0,25,0,0,5,0,5,10,6,14,0,30,42,0,42,72
08/26/2019,ELM,NY,AEA,EN,Combined TRACON& Tower with Radar,10,15,10,0,35,0,0,4,0,4,10,15,14,0,39,12,0,12,51
08/27/2019,ELM,NY,AEA,EN,Combined TRACON& Tower with Radar,5,8,10,0,23,0,0,1,0,1,5,8,11,0,24,0,0,0,24
08/28/2019,ELM,NY,AEA,EN,Combined TRACON& Tower with Radar,11,8,13,0,32,0,0,0,0,0,11,8,13,0,32,2,0,2,34
08/29/2019,ELM,NY,AEA,EN,Combined TRACON& Tower with Radar,8,9,11,0,28,0,0,1,0,1,8,9,12,0,29,17,0,17,46
08/30/2019,ELM,NY,AEA,EN,Combined TRACON& Tower with Radar,8,7,10,0,25,0,0,1,0,1,8,7,11,0,26,20,0,20,46
08/31/2019,ELM,NY,AEA,EN,Combined TRACON& Tower with Radar,7,6,5,0,18,0,0,2,0,2,7,6,7,0,20,18,0,18,38
09/01/2019,ELM,NY,AEA,EN,Combined TRACON& Tower with Radar,6,3,7,0,16,0,0,3,0,3,6,3,10,0,19,0,0,0,19
09/02/2019,ELM,NY,AEA,EN,Combined TRACON& Tower with Radar,5,4,3,0,12,0,0,2,0,2,5,4,5,0,14,30,0,30,44
09/03/2019,ELM,NY,AEA,EN,Combined TRACON& Tower with Radar,7,10,16,0,33,0,0,1,0,1,7,10,17,0,34,0,0,0,34
09/04/2019,ELM,NY,AEA,EN,Combined TRACON& Tower with Radar,6,12,12,0,30,0,0,1,0,1,6,12,13,0,31,2,8,10,41
09/05/2019,ELM,NY,AEA,EN,Combined TRACON& Tower with Radar,10,11,10,0,31,0,0,4,1,5,10,11,14,1,36,21,0,21,57
09/06/2019,ELM,NY,AEA,EN,Combined TRACON& Tower with Radar,11,13,16,0,40,0,1,0,0,1,11,14,16,0,41,0,0,0,41
09/07/2019,ELM,NY,AEA,EN,Combined TRACON& Tower with Radar,4,5,2,0,11,0,0,4,0,4,4,5,6,0,15,2,0,2,17
09/08/2019,ELM,NY,AEA,EN,Combined TRACON& Tower with Radar,8,10,12,0,30,0,0,1,0,1,8,10,13,0,31,11,0,11,42
09/09/2019,ELM,NY,AEA,EN,Combined TRACON& Tower with Radar,12,10,14,0,36,0,0,2,0,2,12,10,16,0,38,0,0,0,38
09/10/2019,ELM,NY,AEA,EN,Combined TRACON& Tower with Radar,6,7,8,0,21,0,0,4,0,4,6,7,12,0,25,0,0,0,25
09/11/2019,ELM,NY,AEA,EN,Combined TRACON& Tower with Radar,8,9,11,0,28,0,0,1,0,1,8,9,12,0,29,18,0,18,47
09/12/2019,ELM,NY,AEA,EN,Combined TRACON& Tower with Radar,10,17,21,0,48,0,0,2,0,2,10,17,23,0,50,0,0,0,50
09/13/2019,ELM,NY,AEA,EN,Combined TRACON& Tower with Radar,7,10,16,0,33,0,0,0,0,0,7,10,16,0,33,9,0,9,42
09/14/2019,ELM,NY,AEA,EN,Combined TRACON& Tower with Radar,7,4,2,0,13,0,0,1,0,1,7,4,3,0,14,0,0,0,14
09/15/2019,ELM,NY,AEA,EN,Combined TRACON& Tower with Radar,7,3,3,0,13,0,0,5,0,5,7,3,8,0,18,0,0,0,18
09/16/2019,ELM,NY,AEA,EN,Combined TRACON& Tower with Radar,12,12,13,0,37,0,0,0,0,0,12,12,13,0,37,0,0,0,37
09/17/2019,ELM,NY,AEA,EN,Combined TRACON& Tower with Radar,9,13,12,0,34,0,0,5,0,5,9,13,17,0,39,0,4,4,43
09/18/2019,ELM,NY,AEA,EN,Combined TRACON& Tower with Radar,9,11,17,0,37,0,0,2,0,2,9,11,19,0,39,36,0,36,75
09/19/2019,ELM,NY,AEA,EN,Combined TRACON& Tower with Radar,7,9,8,0,24,0,0,2,0,2,7,9,10,0,26,17,0,17,43
09/20/2019,ELM,NY,AEA,EN,Combined TRACON& Tower with Radar,12,10,15,0,37,0,0,1,0,1,12,10,16,0,38,13,0,13,51
09/21/2019,ELM,NY,AEA,EN,Combined TRACON& Tower with Radar,7,5,3,0,15,0,0,2,0,2,7,5,5,0,17,26,0,26,43
09/22/2019,ELM,NY,AEA,EN,Combined TRACON& Tower with Radar,6,2,5,0,13,0,0,1,0,1,6,2,6,0,14,13,0,13,27
09/23/2019,ELM,NY,AEA,EN,Combined TRACON& Tower with Radar,7,7,10,0,24,0,0,2,0,2,7,7,12,0,26,11,0,11,37
09/24/2019,ELM,NY,AEA,EN,Combined TRACON& Tower with Radar,5,7,6,0,18,0,0,3,0,3,5,7,9,0,21,22,0,22,43
09/25/2019,ELM,NY,AEA,EN,Combined TRACON& Tower with Radar,6,8,5,0,19,0,0,0,0,0,6,8,5,0,19,6,0,6,25
09/26/2019,ELM,NY,AEA,EN,Combined TRACON& Tower with Radar,8,9,10,0,27,0,0,1,1,2,8,9,11,1,29,14,0,14,43
09/27/2019,ELM,NY,AEA,EN,Combined TRACON& Tower with Radar,7,6,15,0,28,0,0,1,0,1,7,6,16,0,29,12,0,12,41
09/28/2019,ELM,NY,AEA,EN,Combined TRACON& Tower with Radar,6,5,5,0,16,0,0,1,0,1,6,5,6,0,17,12,0,12,29
09/29/2019,ELM,NY,AEA,EN,Combined TRACON& Tower with Radar,10,8,4,0,22,0,0,2,0,2,10,8,6,0,24,0,0,0,24
09/30/2019,ELM,NY,AEA,EN,Combined TRACON& Tower with Radar,12,9,24,0,45,0,0,0,0,0,12,9,24,0,45,0,0,0,45
10/01/2019,ELM,NY,AEA,EN,Combined TRACON& Tower with Radar,5,8,9,0,22,0,0,1,0,1,5,8,10,0,23,0,0,0,23
10/02/2019,ELM,NY,AEA,EN,Combined TRACON& Tower with Radar,11,13,14,0,38,0,0,1,0,1,11,13,15,0,39,2,0,2,41
10/03/2019,ELM,NY,AEA,EN,Combined TRACON& Tower with Radar,10,13,21,0,44,0,0,0,0,0,10,13,21,0,44,0,0,0,44
10/04/2019,ELM,NY,AEA,EN,Combined TRACON& Tower with Radar,12,14,18,0,44,0,0,0,0,0,12,14,18,0,44,0,0,0,44
10/05/2019,ELM,NY,AEA,EN,Combined TRACON& Tower with Radar,7,4,2,0,13,0,0,2,1,3,7,4,4,1,16,0,0,0,16
10/06/2019,ELM,NY,AEA,EN,Combined TRACON& Tower with Radar,5,3,3,0,11,0,0,0,0,0,5,3,3,0,11,10,0,10,21
10/07/2019,ELM,NY,AEA,EN,Combined TRACON& Tower with Radar,7,7,10,0,24,0,0,0,0,0,7,7,10,0,24,0,0,0,24
10/08/2019,ELM,NY,AEA,EN,Combined TRACON& Tower with Radar,10,12,12,0,34,0,0,5,0,5,10,12,17,0,39,22,0,22,61
10/09/2019,ELM,NY,AEA,EN,Combined TRACON& Tower with Radar,11,9,12,0,32,0,0,0,0,0,11,9,12,0,32,10,0,10,42
10/10/2019,ELM,NY,AEA,EN,Combined TRACON& Tower with Radar,12,9,14,2,37,0,0,1,0,1,12,9,15,2,38,14,0,14,52
10/11/2019,ELM,NY,AEA,EN,Combined TRACON& Tower with Radar,8,10,18,0,36,0,0,0,0,0,8,10,18,0,36,20,0,20,56
10/12/2019,ELM,NY,AEA,EN,Combined TRACON& Tower with Radar,9,8,5,0,22,0,0,0,0,0,9,8,5,0,22,0,0,0,22
10/13/2019,ELM,NY,AEA,EN,Combined TRACON& Tower with Radar,9,6,6,0,21,0,0,2,0,2,9,6,8,0,23,0,0,0,23
10/14/2019,ELM,NY,AEA,EN,Combined TRACON& Tower with Radar,7,9,7,0,23,0,0,2,0,2,7,9,9,0,25,8,0,8,33
10/15/2019,ELM,NY,AEA,EN,Combined TRACON& Tower with Radar,7,9,7,0,23,0,0,3,0,3,7,9,10,0,26,2,0,2,28
10/16/2019,ELM,NY,AEA,EN,Combined TRACON& Tower with Radar,7,7,6,0,20,0,0,0,0,0,7,7,6,0,20,0,0,0,20
10/17/2019,ELM,NY,AEA,EN,Combined TRACON& Tower with Radar,5,6,9,0,20,0,0,0,0,0,5,6,9,0,20,0,0,0,20
10/18/2019,ELM,NY,AEA,EN,Combined TRACON& Tower with Radar,8,8,13,0,29,0,0,0,0,0,8,8,13,0,29,8,0,8,37
10/19/2019,ELM,NY,AEA,EN,Combined TRACON& Tower with Radar,8,5,3,0,16,0,0,3,0,3,8,5,6,0,19,18,0,18,37
10/20/2019,ELM,NY,AEA,EN,Combined TRACON& Tower with Radar,7,4,2,0,13,0,0,2,0,2,7,4,4,0,15,8,0,8,23
10/21/2019,ELM,NY,AEA,EN,Combined TRACON& Tower with Radar,11,10,11,0,32,0,0,1,0,1,11,10,12,0,33,10,0,10,43
10/22/2019,ELM,NY,AEA,EN,Combined TRACON& Tower with Radar,8,10,11,0,29,0,0,0,0,0,8,10,11,0,29,0,0,0,29
10/23/2019,ELM,NY,AEA,EN,Combined TRACON& Tower with Radar,7,7,8,0,22,0,0,1,0,1,7,7,9,0,23,0,0,0,23
10/24/2019,ELM,NY,AEA,EN,Combined TRACON& Tower with Radar,10,10,15,0,35,0,0,3,0,3,10,10,18,0,38,5,0,5,43
10/25/2019,ELM,NY,AEA,EN,Combined TRACON& Tower with Radar,11,10,19,0,40,0,0,0,0,0,11,10,19,0,40,12,0,12,52
10/26/2019,ELM,NY,AEA,EN,Combined TRACON& Tower with Radar,9,6,0,0,15,0,0,1,0,1,9,6,1,0,16,61,0,61,77
10/27/2019,ELM,NY,AEA,EN,Combined TRACON& Tower with Radar,4,2,4,0,10,0,0,0,0,0,4,2,4,0,10,0,0,0,10
10/28/2019,ELM,NY,AEA,EN,Combined TRACON& Tower with Radar,10,7,13,0,30,0,0,2,0,2,10,7,15,0,32,8,0,8,40
10/29/2019,ELM,NY,AEA,EN,Combined TRACON& Tower with Radar,4,8,14,0,26,0,0,0,0,0,4,8,14,0,26,0,0,0,26
10/30/2019,ELM,NY,AEA,EN,Combined TRACON& Tower with Radar,10,9,21,0,40,0,0,0,0,0,10,9,21,0,40,4,0,4,44
10/31/2019,ELM,NY,AEA,EN,Combined TRACON& Tower with Radar,4,5,9,0,18,0,0,0,0,0,4,5,9,0,18,0,0,0,18
11/01/2019,ELM,NY,AEA,EN,Combined TRACON& Tower with Radar,5,5,11,0,21,0,0,0,0,0,5,5,11,0,21,0,0,0,21
11/02/2019,ELM,NY,AEA,EN,Combined TRACON& Tower with Radar,7,3,2,0,12,0,1,1,0,2,7,4,3,0,14,20,0,20,34
11/03/2019,ELM,NY,AEA,EN,Combined TRACON& Tower with Radar,6,4,4,0,14,0,0,2,0,2,6,4,6,0,16,0,0,0,16
11/04/2019,ELM,NY,AEA,EN,Combined TRACON& Tower with Radar,7,7,5,0,19,0,0,1,0,1,7,7,6,0,20,16,0,16,36
11/05/2019,ELM,NY,AEA,EN,Combined TRACON& Tower with Radar,6,8,8,1,23,0,0,1,0,1,6,8,9,1,24,0,0,0,24
11/06/2019,ELM,NY,AEA,EN,Combined TRACON& Tower with Radar,8,11,4,0,23,0,0,3,0,3,8,11,7,0,26,24,0,24,50
11/07/2019,ELM,NY,AEA,EN,Combined TRACON& Tower with Radar,10,9,12,0,31,0,0,0,0,0,10,9,12,0,31,0,0,0,31
11/08/2019,ELM,NY,AEA,EN,Combined TRACON& Tower with Radar,9,10,11,0,30,0,0,0,0,0,9,10,11,0,30,12,0,12,42
11/09/2019,ELM,NY,AEA,EN,Combined TRACON& Tower with Radar,9,6,2,0,17,0,1,0,0,1,9,7,2,0,18,18,0,18,36
11/10/2019,ELM,NY,AEA,EN,Combined TRACON& Tower with Radar,6,4,4,0,14,0,0,2,0,2,6,4,6,0,16,23,0,23,39
11/11/2019,ELM,NY,AEA,EN,Combined TRACON& Tower with Radar,7,7,5,0,19,0,0,1,0,1,7,7,6,0,20,0,0,0,20
11/12/2019,ELM,NY,AEA,EN,Combined TRACON& Tower with Radar,11,11,12,1,35,0,0,1,0,1,11,11,13,1,36,0,0,0,36
11/13/2019,ELM,NY,AEA,EN,Combined TRACON& Tower with Radar,13,13,7,0,33,0,0,1,0,1,13,13,8,0,34,14,0,14,48
11/14/2019,ELM,NY,AEA,EN,Combined TRACON& Tower with Radar,6,10,13,0,29,0,0,1,0,1,6,10,14,0,30,8,0,8,38
11/15/2019,ELM,NY,AEA,EN,Combined TRACON& Tower with Radar,6,5,11,0,22,0,0,0,0,0,6,5,11,0,22,0,0,0,22
11/16/2019,ELM,NY,AEA,EN,Combined TRACON& Tower with Radar,14,5,2,0,21,0,0,1,0,1,14,5,3,0,22,4,0,4,26
11/17/2019,ELM,NY,AEA,EN,Combined TRACON& Tower with Radar,9,4,5,0,18,0,0,1,0,1,9,4,6,0,19,12,0,12,31
11/18/2019,ELM,NY,AEA,EN,Combined TRACON& Tower with Radar,9,9,12,0,30,0,0,0,0,0,9,9,12,0,30,14,0,14,44
11/19/2019,ELM,NY,AEA,EN,Combined TRACON& Tower with Radar,7,11,11,0,29,0,0,0,0,0,7,11,11,0,29,0,0,0,29
11/20/2019,ELM,NY,AEA,EN,Combined TRACON& Tower with Radar,8,7,5,0,20,0,0,0,0,0,8,7,5,0,20,0,0,0,20
11/21/2019,ELM,NY,AEA,EN,Combined TRACON& Tower with Radar,5,6,9,0,20,0,0,0,0,0,5,6,9,0,20,0,0,0,20
11/22/2019,ELM,NY,AEA,EN,Combined TRACON& Tower with Radar,6,6,10,0,22,0,0,0,0,0,6,6,10,0,22,0,0,0,22
11/23/2019,ELM,NY,AEA,EN,Combined TRACON& Tower with Radar,10,4,5,0,19,0,0,2,0,2,10,4,7,0,21,10,0,10,31
11/24/2019,ELM,NY,AEA,EN,Combined TRACON& Tower with Radar,5,4,1,0,10,0,0,2,0,2,5,4,3,0,12,0,0,0,12
11/25/2019,ELM,NY,AEA,EN,Combined TRACON& Tower with Radar,8,8,6,0,22,0,0,0,1,1,8,8,6,1,23,17,0,17,40
11/26/2019,ELM,NY,AEA,EN,Combined TRACON& Tower with Radar,10,9,12,0,31,0,0,2,0,2,10,9,14,0,33,38,0,38,71
11/27/2019,ELM,NY,AEA,EN,Combined TRACON& Tower with Radar,7,4,5,0,16,0,0,0,0,0,7,4,5,0,16,0,0,0,16
11/28/2019,ELM,NY,AEA,EN,Combined TRACON& Tower with Radar,4,4,1,0,9,0,0,0,0,0,4,4,1,0,9,0,0,0,9
11/29/2019,ELM,NY,AEA,EN,Combined TRACON& Tower with Radar,4,12,3,0,19,0,0,0,0,0,4,12,3,0,19,0,0,0,19
11/30/2019,ELM,NY,AEA,EN,Combined TRACON& Tower with Radar,16,9,9,0,34,0,0,2,0,2,16,9,11,0,36,26,0,26,62
12/01/2019,ELM,NY,AEA,EN,Combined TRACON& Tower with Radar,9,2,6,0,17,0,0,0,0,0,9,2,6,0,17,0,0,0,17
12/02/2019,ELM,NY,AEA,EN,Combined TRACON& Tower with Radar,9,10,12,0,31,0,0,0,0,0,9,10,12,0,31,0,0,0,31
12/03/2019,ELM,NY,AEA,EN,Combined TRACON& Tower with Radar,9,12,7,0,28,0,0,0,0,0,9,12,7,0,28,0,0,0,28
12/04/2019,ELM,NY,AEA,EN,Combined TRACON& Tower with Radar,7,9,1,0,17,0,0,0,0,0,7,9,1,0,17,0,0,0,17
12/05/2019,ELM,NY,AEA,EN,Combined TRACON& Tower with Radar,4,13,9,0,26,0,0,0,0,0,4,13,9,0,26,0,0,0,26
12/06/2019,ELM,NY,AEA,EN,Combined TRACON& Tower with Radar,7,7,12,0,26,0,0,0,0,0,7,7,12,0,26,2,0,2,28
12/07/2019,ELM,NY,AEA,EN,Combined TRACON& Tower with Radar,10,5,2,0,17,0,0,1,0,1,10,5,3,0,18,16,0,16,34
12/08/2019,ELM,NY,AEA,EN,Combined TRACON& Tower with Radar,6,4,6,0,16,0,0,0,0,0,6,4,6,0,16,20,0,20,36
12/09/2019,ELM,NY,AEA,EN,Combined TRACON& Tower with Radar,6,7,6,0,19,0,0,0,0,0,6,7,6,0,19,0,0,0,19
12/10/2019,ELM,NY,AEA,EN,Combined TRACON& Tower with Radar,7,12,15,0,34,0,0,0,0,0,7,12,15,0,34,12,0,12,46
12/11/2019,ELM,NY,AEA,EN,Combined TRACON& Tower with Radar,6,10,10,0,26,0,1,0,0,1,6,11,10,0,27,0,0,0,27
12/12/2019,ELM,NY,AEA,EN,Combined TRACON& Tower with Radar,6,9,12,0,27,0,0,1,1,2,6,9,13,1,29,0,0,0,29
12/13/2019,ELM,NY,AEA,EN,Combined TRACON& Tower with Radar,7,8,10,0,25,0,0,0,0,0,7,8,10,0,25,0,0,0,25
12/14/2019,ELM,NY,AEA,EN,Combined TRACON& Tower with Radar,6,4,4,0,14,0,0,0,0,0,6,4,4,0,14,0,0,0,14
12/15/2019,ELM,NY,AEA,EN,Combined TRACON& Tower with Radar,6,4,1,0,11,0,0,0,0,0,6,4,1,0,11,8,0,8,19
12/16/2019,ELM,NY,AEA,EN,Combined TRACON& Tower with Radar,9,9,12,0,30,0,0,1,0,1,9,9,13,0,31,10,0,10,41
12/17/2019,ELM,NY,AEA,EN,Combined TRACON& Tower with Radar,9,9,11,0,29,0,0,0,0,0,9,9,11,0,29,0,0,0,29
12/18/2019,ELM,NY,AEA,EN,Combined TRACON& Tower with Radar,7,8,6,0,21,0,0,0,0,0,7,8,6,0,21,0,0,0,21
12/19/2019,ELM,NY,AEA,EN,Combined TRACON& Tower with Radar,7,9,7,0,23,0,0,2,0,2,7,9,9,0,25,0,0,0,25
12/20/2019,ELM,NY,AEA,EN,Combined TRACON& Tower with Radar,11,8,16,0,35,0,0,1,0,1,11,8,17,0,36,4,0,4,40
12/21/2019,ELM,NY,AEA,EN,Combined TRACON& Tower with Radar,8,10,2,0,20,0,0,4,0,4,8,10,6,0,24,10,0,10,34
12/22/2019,ELM,NY,AEA,EN,Combined TRACON& Tower with Radar,7,4,2,0,13,0,0,4,0,4,7,4,6,0,17,38,0,38,55
12/23/2019,ELM,NY,AEA,EN,Combined TRACON& Tower with Radar,5,8,0,0,13,0,0,0,0,0,5,8,0,0,13,30,0,30,43
12/24/2019,ELM,NY,AEA,EN,Combined TRACON& Tower with Radar,12,14,2,0,28,0,0,0,0,0,12,14,2,0,28,6,0,6,34
12/25/2019,ELM,NY,AEA,EN,Combined TRACON& Tower with Radar,4,3,0,0,7,0,0,0,0,0,4,3,0,0,7,0,0,0,7
12/26/2019,ELM,NY,AEA,EN,Combined TRACON& Tower with Radar,7,13,7,0,27,0,0,1,0,1,7,13,8,0,28,22,0,22,50
12/27/2019,ELM,NY,AEA,EN,Combined TRACON& Tower with Radar,7,12,0,0,19,0,0,0,0,0,7,12,0,0,19,0,0,0,19
12/28/2019,ELM,NY,AEA,EN,Combined TRACON& Tower with Radar,8,6,2,0,16,0,0,0,0,0,8,6,2,0,16,24,0,24,40
12/29/2019,ELM,NY,AEA,EN,Combined TRACON& Tower with Radar,8,8,3,0,19,0,0,1,0,1,8,8,4,0,20,0,0,0,20
12/30/2019,ELM,NY,AEA,EN,Combined TRACON& Tower with Radar,10,12,1,0,23,0,0,0,0,0,10,12,1,0,23,0,0,0,23
12/31/2019,ELM,NY,AEA,EN,Combined TRACON& Tower with Radar,5,9,2,0,16,0,0,0,0,0,5,9,2,0,16,16,0,16,32
01/01/2020,ELM,NY,AEA,EN,Combined TRACON& Tower with Radar,3,2,1,0,6,0,0,1,0,1,3,2,2,0,7,0,0,0,7
01/02/2020,ELM,NY,AEA,EN,Combined TRACON& Tower with Radar,5,12,3,0,20,0,0,1,0,1,5,12,4,0,21,8,0,8,29
01/03/2020,ELM,NY,AEA,EN,Combined TRACON& Tower with Radar,5,10,6,0,21,0,0,0,0,0,5,10,6,0,21,0,0,0,21
01/04/2020,ELM,NY,AEA,EN,Combined TRACON& Tower with Radar,10,13,0,0,23,0,0,0,0,0,10,13,0,0,23,0,0,0,23
01/05/2020,ELM,NY,AEA,EN,Combined TRACON& Tower with Radar,3,5,2,0,10,0,0,0,0,0,3,5,2,0,10,0,0,0,10
01/06/2020,ELM,NY,AEA,EN,Combined TRACON& Tower with Radar,5,5,9,0,19,0,0,1,0,1,5,5,10,0,20,0,0,0,20
01/07/2020,ELM,NY,AEA,EN,Combined TRACON& Tower with Radar,6,7,9,0,22,0,0,0,0,0,6,7,9,0,22,0,0,0,22
01/08/2020,ELM,NY,AEA,EN,Combined TRACON& Tower with Radar,7,6,3,0,16,0,0,0,0,0,7,6,3,0,16,0,0,0,16
01/09/2020,ELM,NY,AEA,EN,Combined TRACON& Tower with Radar,6,6,9,0,21,0,0,1,0,1,6,6,10,0,22,0,0,0,22
01/10/2020,ELM,NY,AEA,EN,Combined TRACON& Tower with Radar,7,6,11,0,24,0,0,0,0,0,7,6,11,0,24,0,0,0,24
01/11/2020,ELM,NY,AEA,EN,Combined TRACON& Tower with Radar,7,1,0,0,8,0,0,0,0,0,7,1,0,0,8,0,0,0,8
01/12/2020,ELM,NY,AEA,EN,Combined TRACON& Tower with Radar,7,1,3,0,11,0,0,0,0,0,7,1,3,0,11,2,0,2,13
01/13/2020,ELM,NY,AEA,EN,Combined TRACON& Tower with Radar,11,9,14,0,34,0,0,0,0,0,11,9,14,0,34,0,0,0,34
01/14/2020,ELM,NY,AEA,EN,Combined TRACON& Tower with Radar,7,6,8,0,21,0,0,0,0,0,7,6,8,0,21,0,0,0,21
01/15/2020,ELM,NY,AEA,EN,Combined TRACON& Tower with Radar,9,8,8,0,25,0,0,3,0,3,9,8,11,0,28,17,0,17,45
01/16/2020,ELM,NY,AEA,EN,Combined TRACON& Tower with Radar,6,5,7,0,18,0,0,0,0,0,6,5,7,0,18,0,0,0,18
01/17/2020,ELM,NY,AEA,EN,Combined TRACON& Tower with Radar,12,7,15,0,34,0,0,3,0,3,12,7,18,0,37,5,0,5,42
01/18/2020,ELM,NY,AEA,EN,Combined TRACON& Tower with Radar,10,3,1,0,14,0,0,0,0,0,10,3,1,0,14,0,0,0,14
01/19/2020,ELM,NY,AEA,EN,Combined TRACON& Tower with Radar,4,0,2,0,6,0,0,0,0,0,4,0,2,0,6,0,0,0,6
01/20/2020,ELM,NY,AEA,EN,Combined TRACON& Tower with Radar,11,4,12,0,27,0,0,0,1,1,11,4,12,1,28,6,0,6,34
01/21/2020,ELM,NY,AEA,EN,Combined TRACON& Tower with Radar,5,8,14,0,27,0,0,0,0,0,5,8,14,0,27,0,0,0,27
01/22/2020,ELM,NY,AEA,EN,Combined TRACON& Tower with Radar,11,6,10,0,27,0,0,3,0,3,11,6,13,0,30,20,0,20,50
01/23/2020,ELM,NY,AEA,EN,Combined TRACON& Tower with Radar,9,8,11,0,28,0,0,0,0,0,9,8,11,0,28,0,0,0,28
01/24/2020,ELM,NY,AEA,EN,Combined TRACON& Tower with Radar,9,6,8,0,23,0,0,0,0,0,9,6,8,0,23,3,0,3,26
01/25/2020,ELM,NY,AEA,EN,Combined TRACON& Tower with Radar,10,6,0,0,16,0,0,0,0,0,10,6,0,0,16,0,0,0,16
01/26/2020,ELM,NY,AEA,EN,Combined TRACON& Tower with Radar,5,0,0,0,5,0,0,0,0,0,5,0,0,0,5,0,0,0,5
01/27/2020,ELM,NY,AEA,EN,Combined TRACON& Tower with Radar,7,5,7,0,19,0,0,0,0,0,7,5,7,0,19,0,0,0,19
01/28/2020,ELM,NY,AEA,EN,Combined TRACON& Tower with Radar,5,6,5,0,16,0,0,0,0,0,5,6,5,0,16,18,0,18,34
01/29/2020,ELM,NY,AEA,EN,Combined TRACON& Tower with Radar,14,7,15,0,36,0,0,2,0,2,14,7,17,0,38,6,0,6,44
01/30/2020,ELM,NY,AEA,EN,Combined TRACON& Tower with Radar,8,6,11,0,25,0,0,4,0,4,8,6,15,0,29,0,0,0,29
01/31/2020,ELM,NY,AEA,EN,Combined TRACON& Tower with Radar,8,7,8,1,24,0,0,1,0,1,8,7,9,1,25,0,0,0,25
02/01/2020,ELM,NY,AEA,EN,Combined TRACON& Tower with Radar,14,4,0,0,18,0,0,1,0,1,14,4,1,0,19,10,0,10,29
02/02/2020,ELM,NY,AEA,EN,Combined TRACON& Tower with Radar,4,1,4,0,9,0,0,0,0,0,4,1,4,0,9,0,0,0,9
02/03/2020,ELM,NY,AEA,EN,Combined TRACON& Tower with Radar,8,5,7,0,20,0,0,1,0,1,8,5,8,0,21,16,0,16,37
02/04/2020,ELM,NY,AEA,EN,Combined TRACON& Tower with Radar,9,7,19,0,35,0,0,0,0,0,9,7,19,0,35,10,0,10,45
02/05/2020,ELM,NY,AEA,EN,Combined TRACON& Tower with Radar,14,9,13,0,36,0,0,1,2,3,14,9,14,2,39,0,0,0,39
02/06/2020,ELM,NY,AEA,EN,Combined TRACON& Tower with Radar,10,8,10,2,30,0,0,0,0,0,10,8,10,2,30,0,0,0,30
02/07/2020,ELM,NY,AEA,EN,Combined TRACON& Tower with Radar,6,4,9,0,19,0,0,0,0,0,6,4,9,0,19,4,0,4,23
02/08/2020,ELM,NY,AEA,EN,Combined TRACON& Tower with Radar,12,4,2,0,18,0,0,1,0,1,12,4,3,0,19,0,2,2,21
02/09/2020,ELM,NY,AEA,EN,Combined TRACON& Tower with Radar,5,0,3,0,8,0,0,1,0,1,5,0,4,0,9,34,0,34,43
02/10/2020,ELM,NY,AEA,EN,Combined TRACON& Tower with Radar,11,8,11,0,30,0,0,0,0,0,11,8,11,0,30,0,0,0,30
02/11/2020,ELM,NY,AEA,EN,Combined TRACON& Tower with Radar,9,7,12,0,28,0,0,0,0,0,9,7,12,0,28,0,0,0,28
02/12/2020,ELM,NY,AEA,EN,Combined TRACON& Tower with Radar,6,6,7,0,19,0,0,0,0,0,6,6,7,0,19,14,0,14,33
02/13/2020,ELM,NY,AEA,EN,Combined TRACON& Tower with Radar,8,7,15,0,30,0,0,0,0,0,8,7,15,0,30,0,0,0,30
02/14/2020,ELM,NY,AEA,EN,Combined TRACON& Tower with Radar,11,6,8,0,25,0,0,0,0,0,11,6,8,0,25,0,0,0,25
02/15/2020,ELM,NY,AEA,EN,Combined TRACON& Tower with Radar,7,4,4,0,15,0,0,3,0,3,7,4,7,0,18,0,0,0,18
02/16/2020,ELM,NY,AEA,EN,Combined TRACON& Tower with Radar,7,0,2,0,9,0,0,0,0,0,7,0,2,0,9,0,0,0,9
02/17/2020,ELM,NY,AEA,EN,Combined TRACON& Tower with Radar,14,5,7,0,26,0,0,1,0,1,14,5,8,0,27,21,0,21,48
02/18/2020,ELM,NY,AEA,EN,Combined TRACON& Tower with Radar,6,6,5,0,17,0,0,0,0,0,6,6,5,0,17,0,0,0,17
02/19/2020,ELM,NY,AEA,EN,Combined TRACON& Tower with Radar,6,6,11,0,23,0,0,0,0,0,6,6,11,0,23,0,0,0,23
02/20/2020,ELM,NY,AEA,EN,Combined TRACON& Tower with Radar,9,8,13,0,30,0,0,0,0,0,9,8,13,0,30,0,0,0,30
02/21/2020,ELM,NY,AEA,EN,Combined TRACON& Tower with Radar,9,3,7,0,19,0,0,2,0,2,9,3,9,0,21,0,0,0,21
02/22/2020,ELM,NY,AEA,EN,Combined TRACON& Tower with Radar,7,2,1,0,10,0,0,6,0,6,7,2,7,0,16,0,0,0,16
02/23/2020,ELM,NY,AEA,EN,Combined TRACON& Tower with Radar,9,3,2,0,14,0,0,1,0,1,9,3,3,0,15,11,0,11,26
02/24/2020,ELM,NY,AEA,EN,Combined TRACON& Tower with Radar,10,8,10,0,28,0,0,0,0,0,10,8,10,0,28,0,0,0,28
02/25/2020,ELM,NY,AEA,EN,Combined TRACON& Tower with Radar,12,11,6,0,29,0,0,1,0,1,12,11,7,0,30,0,0,0,30
02/26/2020,ELM,NY,AEA,EN,Combined TRACON& Tower with Radar,9,7,10,2,28,0,0,0,0,0,9,7,10,2,28,0,0,0,28
02/27/2020,ELM,NY,AEA,EN,Combined TRACON& Tower with Radar,5,1,9,0,15,0,0,0,0,0,5,1,9,0,15,0,0,0,15
02/28/2020,ELM,NY,AEA,EN,Combined TRACON& Tower with Radar,8,4,7,0,19,0,0,0,0,0,8,4,7,0,19,0,0,0,19
02/29/2020,ELM,NY,AEA,EN,Combined TRACON& Tower with Radar,4,2,0,0,6,0,0,0,0,0,4,2,0,0,6,0,0,0,6
03/01/2020,ELM,NY,AEA,EN,Combined TRACON& Tower with Radar,6,2,8,0,16,0,0,1,0,1,6,2,9,0,17,8,0,8,25
03/02/2020,ELM,NY,AEA,EN,Combined TRACON& Tower with Radar,10,5,4,0,19,0,0,1,0,1,10,5,5,0,20,4,0,4,24
03/03/2020,ELM,NY,AEA,EN,Combined TRACON& Tower with Radar,6,7,9,0,22,0,0,0,0,0,6,7,9,0,22,12,0,12,34
03/04/2020,ELM,NY,AEA,EN,Combined TRACON& Tower with Radar,6,4,8,0,18,0,0,0,0,0,6,4,8,0,18,0,0,0,18
03/05/2020,ELM,NY,AEA,EN,Combined TRACON& Tower with Radar,7,8,7,0,22,0,0,3,0,3,7,8,10,0,25,38,0,38,63
03/06/2020,ELM,NY,AEA,EN,Combined TRACON& Tower with Radar,12,4,8,0,24,0,0,0,0,0,12,4,8,0,24,0,0,0,24
03/07/2020,ELM,NY,AEA,EN,Combined TRACON& Tower with Radar,9,4,1,0,14,0,0,3,0,3,9,4,4,0,17,34,0,34,51
03/08/2020,ELM,NY,AEA,EN,Combined TRACON& Tower with Radar,6,0,2,0,8,0,0,2,0,2,6,0,4,0,10,14,0,14,24
03/09/2020,ELM,NY,AEA,EN,Combined TRACON& Tower with Radar,9,6,8,1,24,0,0,0,0,0,9,6,8,1,24,0,14,14,38
03/10/2020,ELM,NY,AEA,EN,Combined TRACON& Tower with Radar,7,6,9,0,22,0,0,0,0,0,7,6,9,0,22,0,0,0,22
03/11/2020,ELM,NY,AEA,EN,Combined TRACON& Tower with Radar,12,9,8,0,29,0,0,1,0,1,12,9,9,0,30,7,0,7,37
03/12/2020,ELM,NY,AEA,EN,Combined TRACON& Tower with Radar,6,5,10,0,21,0,0,0,0,0,6,5,10,0,21,14,0,14,35
03/13/2020,ELM,NY,AEA,EN,Combined TRACON& Tower with Radar,8,4,9,0,21,0,0,0,0,0,8,4,9,0,21,6,0,6,27
03/14/2020,ELM,NY,AEA,EN,Combined TRACON& Tower with Radar,6,4,0,0,10,0,0,1,0,1,6,4,1,0,11,26,0,26,37
03/15/2020,ELM,NY,AEA,EN,Combined TRACON& Tower with Radar,10,0,4,0,14,0,0,4,0,4,10,0,8,0,18,2,0,2,20
03/16/2020,ELM,NY,AEA,EN,Combined TRACON& Tower with Radar,8,4,6,0,18,0,0,1,0,1,8,4,7,0,19,2,0,2,21
03/17/2020,ELM,NY,AEA,EN,Combined TRACON& Tower with Radar,6,5,2,0,13,0,0,0,0,0,6,5,2,0,13,8,0,8,21
03/18/2020,ELM,NY,AEA,EN,Combined TRACON& Tower with Radar,9,7,2,0,18,0,0,2,0,2,9,7,4,0,20,24,0,24,44
03/19/2020,ELM,NY,AEA,EN,Combined TRACON& Tower with Radar,9,7,5,0,21,0,0,0,0,0,9,7,5,0,21,0,0,0,21
03/20/2020,ELM,NY,AEA,EN,Combined TRACON& Tower with Radar,8,3,5,0,16,0,0,0,0,0,8,3,5,0,16,0,0,0,16
03/21/2020,ELM,NY,AEA,EN,Combined TRACON& Tower with Radar,10,5,4,0,19,0,0,0,0,0,10,5,4,0,19,7,0,7,26
03/22/2020,ELM,NY,AEA,EN,Combined TRACON& Tower with Radar,9,0,2,0,11,0,0,0,1,1,9,0,2,1,12,8,0,8,20
03/23/2020,ELM,NY,AEA,EN,Combined TRACON& Tower with Radar,15,5,7,0,27,0,0,0,0,0,15,5,7,0,27,0,0,0,27
03/24/2020,ELM,NY,AEA,EN,Combined TRACON& Tower with Radar,12,9,3,0,24,0,0,0,0,0,12,9,3,0,24,18,0,18,42
03/25/2020,ELM,NY,AEA,EN,Combined TRACON& Tower with Radar,4,6,5,0,15,0,0,0,0,0,4,6,5,0,15,0,0,0,15
03/26/2020,ELM,NY,AEA,EN,Combined TRACON& Tower with Radar,3,5,0,0,8,0,0,2,0,2,3,5,2,0,10,20,0,20,30
03/27/2020,ELM,NY,AEA,EN,Combined TRACON& Tower with Radar,8,6,4,0,18,0,0,0,0,0,8,6,4,0,18,0,0,0,18
03/28/2020,ELM,NY,AEA,EN,Combined TRACON& Tower with Radar,3,3,3,0,9,0,0,0,0,0,3,3,3,0,9,0,0,0,9
03/29/2020,ELM,NY,AEA,EN,Combined TRACON& Tower with Radar,5,1,1,0,7,0,0,0,0,0,5,1,1,0,7,9,0,9,16
03/30/2020,ELM,NY,AEA,EN,Combined TRACON& Tower with Radar,4,5,0,0,9,0,0,0,0,0,4,5,0,0,9,0,0,0,9
03/31/2020,ELM,NY,AEA,EN,Combined TRACON& Tower with Radar,2,7,0,0,9,0,0,0,0,0,2,7,0,0,9,8,24,32,41
04/01/2020,ELM,NY,AEA,EN,Combined TRACON& Tower with Radar,5,5,1,0,11,0,0,4,0,4,5,5,5,0,15,22,0,22,37
04/02/2020,ELM,NY,AEA,EN,Combined TRACON& Tower with Radar,1,5,0,0,6,0,0,1,0,1,1,5,1,0,7,4,0,4,11
04/03/2020,ELM,NY,AEA,EN,Combined TRACON& Tower with Radar,4,5,2,0,11,0,0,0,0,0,4,5,2,0,11,0,0,0,11
04/04/2020,ELM,NY,AEA,EN,Combined TRACON& Tower with Radar,2,2,4,0,8,0,0,2,0,2,2,2,6,0,10,9,0,9,19
04/05/2020,ELM,NY,AEA,EN,Combined TRACON& Tower with Radar,3,0,1,0,4,0,0,3,0,3,3,0,4,0,7,8,0,8,15
04/06/2020,ELM,NY,AEA,EN,Combined TRACON& Tower with Radar,3,5,1,0,9,0,0,6,0,6,3,5,7,0,15,14,0,14,29
04/07/2020,ELM,NY,AEA,EN,Combined TRACON& Tower with Radar,2,5,0,0,7,0,0,6,0,6,2,5,6,0,13,0,0,0,13
04/08/2020,ELM,NY,AEA,EN,Combined TRACON& Tower with Radar,4,6,1,0,11,0,0,0,0,0,4,6,1,0,11,10,0,10,21
04/09/2020,ELM,NY,AEA,EN,Combined TRACON& Tower with Radar,2,6,0,0,8,0,0,0,0,0,2,6,0,0,8,0,0,0,8
04/10/2020,ELM,NY,AEA,EN,Combined TRACON& Tower with Radar,3,3,0,0,6,0,0,0,0,0,3,3,0,0,6,2,0,2,8
04/11/2020,ELM,NY,AEA,EN,Combined TRACON& Tower with Radar,3,2,2,0,7,0,0,8,0,8,3,2,10,0,15,24,0,24,39
04/12/2020,ELM,NY,AEA,EN,Combined TRACON& Tower with Radar,2,1,2,0,5,0,0,3,0,3,2,1,5,0,8,2,0,2,10
04/13/2020,ELM,NY,AEA,EN,Combined TRACON& Tower with Radar,2,2,1,0,5,0,0,0,0,0,2,2,1,0,5,0,0,0,5
04/14/2020,ELM,NY,AEA,EN,Combined TRACON& Tower with Radar,2,6,0,0,8,0,0,0,0,0,2,6,0,0,8,0,0,0,8
04/15/2020,ELM,NY,AEA,EN,Combined TRACON& Tower with Radar,4,5,1,0,10,0,0,0,0,0,4,5,1,0,10,22,0,22,32
04/16/2020,ELM,NY,AEA,EN,Combined TRACON& Tower with Radar,3,6,2,0,11,0,0,1,0,1,3,6,3,0,12,0,0,0,12
04/17/2020,ELM,NY,AEA,EN,Combined TRACON& Tower with Radar,3,5,1,0,9,0,0,2,0,2,3,5,3,0,11,11,0,11,22
04/18/2020,ELM,NY,AEA,EN,Combined TRACON& Tower with Radar,3,2,2,0,7,0,0,0,0,0,3,2,2,0,7,6,0,6,13
04/19/2020,ELM,NY,AEA,EN,Combined TRACON& Tower with Radar,1,0,2,0,3,0,0,2,0,2,1,0,4,0,5,16,0,16,21
04/20/2020,ELM,NY,AEA,EN,Combined TRACON& Tower with Radar,3,5,1,0,9,0,0,4,0,4,3,5,5,0,13,17,0,17,30
04/21/2020,ELM,NY,AEA,EN,Combined TRACON& Tower with Radar,2,5,0,0,7,0,0,0,0,0,2,5,0,0,7,0,0,0,7
04/22/2020,ELM,NY,AEA,EN,Combined TRACON& Tower with Radar,3,4,0,0,7,0,0,0,0,0,3,4,0,0,7,0,0,0,7
04/23/2020,ELM,NY,AEA,EN,Combined TRACON& Tower with Radar,4,6,0,0,10,0,0,1,0,1,4,6,1,0,11,0,0,0,11
04/24/2020,ELM,NY,AEA,EN,Combined TRACON& Tower with Radar,4,8,0,0,12,0,0,0,0,0,4,8,0,0,12,0,0,0,12
04/25/2020,ELM,NY,AEA,EN,Combined TRACON& Tower with Radar,4,4,4,0,12,0,0,2,0,2,4,4,6,0,14,0,0,0,14
04/26/2020,ELM,NY,AEA,EN,Combined TRACON& Tower with Radar,2,2,0,0,4,0,0,0,0,0,2,2,0,0,4,0,0,0,4
04/27/2020,ELM,NY,AEA,EN,Combined TRACON& Tower with Radar,3,5,1,0,9,0,0,0,0,0,3,5,1,0,9,0,0,0,9
04/28/2020,ELM,NY,AEA,EN,Combined TRACON& Tower with Radar,1,6,1,3,11,0,0,2,0,2,1,6,3,3,13,24,0,24,37
04/29/2020,ELM,NY,AEA,EN,Combined TRACON& Tower with Radar,2,6,3,0,11,0,0,1,0,1,2,6,4,0,12,8,0,8,20
04/30/2020,ELM,NY,AEA,EN,Combined TRACON& Tower with Radar,2,6,1,0,9,0,0,0,0,0,2,6,1,0,9,0,0,0,9
05/01/2020,ELM,NY,AEA,EN,Combined TRACON& Tower with Radar,4,4,9,0,17,0,0,2,0,2,4,4,11,0,19,0,0,0,19
05/02/2020,ELM,NY,AEA,EN,Combined TRACON& Tower with Radar,1,2,3,0,6,0,0,4,0,4,1,2,7,0,10,12,0,12,22
05/03/2020,ELM,NY,AEA,EN,Combined TRACON& Tower with Radar,1,1,2,0,4,0,0,3,0,3,1,1,5,0,7,11,0,11,18
05/04/2020,ELM,NY,AEA,EN,Combined TRACON& Tower with Radar,2,2,3,0,7,0,0,0,0,0,2,2,3,0,7,2,0,2,9
05/05/2020,ELM,NY,AEA,EN,Combined TRACON& Tower with Radar,2,3,5,0,10,0,1,7,0,8,2,4,12,0,18,0,0,0,18
05/06/2020,ELM,NY,AEA,EN,Combined TRACON& Tower with Radar,2,1,5,0,8,0,0,0,0,0,2,1,5,0,8,0,0,0,8
05/07/2020,ELM,NY,AEA,EN,Combined TRACON& Tower with Radar,2,3,1,0,6,0,0,4,0,4,2,3,5,0,10,15,0,15,25
05/08/2020,ELM,NY,AEA,EN,Combined TRACON& Tower with Radar,6,6,0,0,12,0,0,1,0,1,6,6,1,0,13,0,0,0,13
05/09/2020,ELM,NY,AEA,EN,Combined TRACON& Tower with Radar,1,2,1,0,4,0,0,0,0,0,1,2,1,0,4,0,0,0,4
05/10/2020,ELM,NY,AEA,EN,Combined TRACON& Tower with Radar,1,1,0,0,2,0,0,0,0,0,1,1,0,0,2,0,0,0,2
05/11/2020,ELM,NY,AEA,EN,Combined TRACON& Tower with Radar,3,3,1,0,7,0,0,0,0,0,3,3,1,0,7,0,0,0,7
05/12/2020,ELM,NY,AEA,EN,Combined TRACON& Tower with Radar,1,4,4,0,9,1,0,2,0,3,2,4,6,0,12,0,0,0,12
05/13/2020,ELM,NY,AEA,EN,Combined TRACON& Tower with Radar,2,4,6,0,12,0,0,1,0,1,2,4,7,0,13,0,0,0,13
05/14/2020,ELM,NY,AEA,EN,Combined TRACON& Tower with Radar,0,3,5,0,8,0,0,2,0,2,0,3,7,0,10,11,0,11,21
05/15/2020,ELM,NY,AEA,EN,Combined TRACON& Tower with Radar,1,2,1,0,4,0,1,1,0,2,1,3,2,0,6,0,0,0,6
05/16/2020,ELM,NY,AEA,EN,Combined TRACON& Tower with Radar,4,4,11,0,19,0,0,4,0,4,4,4,15,0,23,6,0,6,29
05/17/2020,ELM,NY,AEA,EN,Combined TRACON& Tower with Radar,0,0,6,0,6,0,0,1,0,1,0,0,7,0,7,11,0,11,18
05/18/2020,ELM,NY,AEA,EN,Combined TRACON& Tower with Radar,4,4,4,0,12,0,0,1,0,1,4,4,5,0,13,0,0,0,13
05/19/2020,ELM,NY,AEA,EN,Combined TRACON& Tower with Radar,1,3,0,0,4,0,1,2,0,3,1,4,2,0,7,0,0,0,7
05/20/2020,ELM,NY,AEA,EN,Combined TRACON& Tower with Radar,2,6,5,0,13,0,1,1,0,2,2,7,6,0,15,0,0,0,15
05/21/2020,ELM,NY,AEA,EN,Combined TRACON& Tower with Radar,3,6,1,0,10,0,0,2,0,2,3,6,3,0,12,25,0,25,37
05/22/2020,ELM,NY,AEA,EN,Combined TRACON& Tower with Radar,2,2,4,0,8,0,0,1,0,1,2,2,5,0,9,0,0,0,9
05/23/2020,ELM,NY,AEA,EN,Combined TRACON& Tower with Radar,5,3,8,0,16,0,0,0,0,0,5,3,8,0,16,6,0,6,22
05/24/2020,ELM,NY,AEA,EN,Combined TRACON& Tower with Radar,2,1,1,0,4,0,0,4,1,5,2,1,5,1,9,20,0,20,29
05/25/2020,ELM,NY,AEA,EN,Combined TRACON& Tower with Radar,2,0,5,0,7,0,0,1,0,1,2,0,6,0,8,8,0,8,16
05/26/2020,ELM,NY,AEA,EN,Combined TRACON& Tower with Radar,1,2,4,0,7,0,0,1,0,1,1,2,5,0,8,55,0,55,63
05/27/2020,ELM,NY,AEA,EN,Combined TRACON& Tower with Radar,1,5,1,0,7,0,0,2,0,2,1,5,3,0,9,16,0,16,25
05/28/2020,ELM,NY,AEA,EN,Combined TRACON& Tower with Radar,1,2,2,0,5,0,0,1,0,1,1,2,3,0,6,4,0,4,10
05/29/2020,ELM,NY,AEA,EN,Combined TRACON& Tower with Radar,3,3,3,0,9,0,0,9,0,9,3,3,12,0,18,6,0,6,24
05/30/2020,ELM,NY,AEA,EN,Combined TRACON& Tower with Radar,3,0,3,0,6,0,0,3,0,3,3,0,6,0,9,8,0,8,17
05/31/2020,ELM,NY,AEA,EN,Combined TRACON& Tower with Radar,3,0,7,2,12,0,0,1,0,1,3,0,8,2,13,12,0,12,25
06/01/2020,ELM,NY,AEA,EN,Combined TRACON& Tower with Radar,3,2,0,0,5,0,0,1,0,1,3,2,1,0,6,16,0,16,22
06/02/2020,ELM,NY,AEA,EN,Combined TRACON& Tower with Radar,2,3,1,0,6,0,0,0,2,2,2,3,1,2,8,19,0,19,27
06/03/2020,ELM,NY,AEA,EN,Combined TRACON& Tower with Radar,2,3,3,0,8,0,0,2,0,2,2,3,5,0,10,0,0,0,10
06/04/2020,ELM,NY,AEA,EN,Combined TRACON& Tower with Radar,2,2,1,0,5,0,0,1,0,1,2,2,2,0,6,5,0,5,11
06/05/2020,ELM,NY,AEA,EN,Combined TRACON& Tower with Radar,3,3,5,0,11,0,0,5,0,5,3,3,10,0,16,28,0,28,44
06/06/2020,ELM,NY,AEA,EN,Combined TRACON& Tower with Radar,5,0,1,0,6,0,0,4,0,4,5,0,5,0,10,32,0,32,42
06/07/2020,ELM,NY,AEA,EN,Combined TRACON& Tower with Radar,1,0,3,0,4,0,0,0,0,0,1,0,3,0,4,8,0,8,12
06/08/2020,ELM,NY,AEA,EN,Combined TRACON& Tower with Radar,5,2,6,0,13,0,0,2,0,2,5,2,8,0,15,42,0,42,57
06/09/2020,ELM,NY,AEA,EN,Combined TRACON& Tower with Radar,3,4,1,0,8,0,0,1,0,1,3,4,2,0,9,0,0,0,9
06/10/2020,ELM,NY,AEA,EN,Combined TRACON& Tower with Radar,4,4,0,0,8,0,1,0,0,1,4,5,0,0,9,36,0,36,45
06/11/2020,ELM,NY,AEA,EN,Combined TRACON& Tower with Radar,2,3,2,0,7,0,0,0,0,0,2,3,2,0,7,2,0,2,9
06/12/2020,ELM,NY,AEA,EN,Combined TRACON& Tower with Radar,4,4,3,0,11,0,0,2,0,2,4,4,5,0,13,0,0,0,13
06/13/2020,ELM,NY,AEA,EN,Combined TRACON& Tower with Radar,6,8,2,0,16,0,0,14,0,14,6,8,16,0,30,0,0,0,30
06/14/2020,ELM,NY,AEA,EN,Combined TRACON& Tower with Radar,4,1,8,0,13,0,0,32,0,32,4,1,40,0,45,0,0,0,45
06/15/2020,ELM,NY,AEA,EN,Combined TRACON& Tower with Radar,6,1,1,0,8,0,2,4,0,6,6,3,5,0,14,15,0,15,29
06/16/2020,ELM,NY,AEA,EN,Combined TRACON& Tower with Radar,3,9,2,0,14,1,1,6,0,8,4,10,8,0,22,13,0,13,35
06/17/2020,ELM,NY,AEA,EN,Combined TRACON& Tower with Radar,6,9,5,0,20,0,0,0,0,0,6,9,5,0,20,12,0,12,32
06/18/2020,ELM,NY,AEA,EN,Combined TRACON& Tower with Radar,3,7,5,0,15,0,1,0,0,1,3,8,5,0,16,0,0,0,16
06/19/2020,ELM,NY,AEA,EN,Combined TRACON& Tower with Radar,3,3,2,0,8,0,0,0,0,0,3,3,2,0,8,17,0,17,25
06/20/2020,ELM,NY,AEA,EN,Combined TRACON& Tower with Radar,8,2,2,0,12,0,0,0,0,0,8,2,2,0,12,6,0,6,18
06/21/2020,ELM,NY,AEA,EN,Combined TRACON& Tower with Radar,2,0,2,0,4,0,0,3,0,3,2,0,5,0,7,2,0,2,9
06/22/2020,ELM,NY,AEA,EN,Combined TRACON& Tower with Radar,3,1,1,0,5,0,0,1,0,1,3,1,2,0,6,20,0,20,26
06/23/2020,ELM,NY,AEA,EN,Combined TRACON& Tower with Radar,2,7,1,1,11,0,0,0,0,0,2,7,1,1,11,0,0,0,11
06/24/2020,ELM,NY,AEA,EN,Combined TRACON& Tower with Radar,4,5,1,0,10,0,0,0,0,0,4,5,1,0,10,0,0,0,10
06/25/2020,ELM,NY,AEA,EN,Combined TRACON& Tower with Radar,3,4,3,0,10,0,0,0,0,0,3,4,3,0,10,4,0,4,14
06/26/2020,ELM,NY,AEA,EN,Combined TRACON& Tower with Radar,3,4,7,1,15,0,0,2,0,2,3,4,9,1,17,18,0,18,35
06/27/2020,ELM,NY,AEA,EN,Combined TRACON& Tower with Radar,6,2,0,0,8,0,0,0,0,0,6,2,0,0,8,0,0,0,8
06/28/2020,ELM,NY,AEA,EN,Combined TRACON& Tower with Radar,2,1,0,0,3,0,0,0,0,0,2,1,0,0,3,0,0,0,3
06/29/2020,ELM,NY,AEA,EN,Combined TRACON& Tower with Radar,5,1,8,0,14,0,1,2,0,3,5,2,10,0,17,32,0,32,49
06/30/2020,ELM,NY,AEA,EN,Combined TRACON& Tower with Radar,4,6,6,0,16,0,0,1,0,1,4,6,7,0,17,0,0,0,17
07/01/2020,ELM,NY,AEA,EN,Combined TRACON& Tower with Radar,6,6,9,0,21,0,1,2,0,3,6,7,11,0,24,0,0,0,24
07/02/2020,ELM,NY,AEA,EN,Combined TRACON& Tower with Radar,5,5,4,0,14,0,0,0,0,0,5,5,4,0,14,6,0,6,20
07/03/2020,ELM,NY,AEA,EN,Combined TRACON& Tower with Radar,6,2,3,0,11,0,1,0,0,1,6,3,3,0,12,6,0,6,18
07/04/2020,ELM,NY,AEA,EN,Combined TRACON& Tower with Radar,6,1,1,0,8,0,0,2,0,2,6,1,3,0,10,0,0,0,10
07/05/2020,ELM,NY,AEA,EN,Combined TRACON& Tower with Radar,3,0,2,0,5,0,0,1,0,1,3,0,3,0,6,18,0,18,24
07/06/2020,ELM,NY,AEA,EN,Combined TRACON& Tower with Radar,6,1,6,0,13,0,0,1,0,1,6,1,7,0,14,9,0,9,23
07/07/2020,ELM,NY,AEA,EN,Combined TRACON& Tower with Radar,3,3,2,0,8,0,0,0,0,0,3,3,2,0,8,20,0,20,28
07/08/2020,ELM,NY,AEA,EN,Combined TRACON& Tower with Radar,5,5,3,0,13,0,0,1,0,1,5,5,4,0,14,0,0,0,14
07/09/2020,ELM,NY,AEA,EN,Combined TRACON& Tower with Radar,6,5,2,0,13,0,0,1,0,1,6,5,3,0,14,0,0,0,14
07/10/2020,ELM,NY,AEA,EN,Combined TRACON& Tower with Radar,6,8,9,0,23,0,1,0,0,1,6,9,9,0,24,20,0,20,44
07/11/2020,ELM,NY,AEA,EN,Combined TRACON& Tower with Radar,5,0,4,0,9,0,0,0,0,0,5,0,4,0,9,10,0,10,19
07/12/2020,ELM,NY,AEA,EN,Combined TRACON& Tower with Radar,3,3,3,0,9,0,0,2,0,2,3,3,5,0,11,3,0,3,14
07/13/2020,ELM,NY,AEA,EN,Combined TRACON& Tower with Radar,6,3,2,0,11,0,0,2,0,2,6,3,4,0,13,10,0,10,23
07/14/2020,ELM,NY,AEA,EN,Combined TRACON& Tower with Radar,4,5,3,0,12,0,2,1,0,3,4,7,4,0,15,6,0,6,21
07/15/2020,ELM,NY,AEA,EN,Combined TRACON& Tower with Radar,6,2,0,0,8,1,0,3,0,4,7,2,3,0,12,17,0,17,29
07/16/2020,ELM,NY,AEA,EN,Combined TRACON& Tower with Radar,3,3,0,4,10,0,1,0,0,1,3,4,0,4,11,0,0,0,11
07/17/2020,ELM,NY,AEA,EN,Combined TRACON& Tower with Radar,4,3,5,0,12,0,0,0,0,0,4,3,5,0,12,19,0,19,31
07/18/2020,ELM,NY,AEA,EN,Combined TRACON& Tower with Radar,5,6,1,0,12,0,0,2,0,2,5,6,3,0,14,12,0,12,26
07/19/2020,ELM,NY,AEA,EN,Combined TRACON& Tower with Radar,3,0,4,0,7,0,0,3,0,3,3,0,7,0,10,31,0,31,41
07/20/2020,ELM,NY,AEA,EN,Combined TRACON& Tower with Radar,4,3,4,0,11,0,0,0,0,0,4,3,4,0,11,21,0,21,32
07/21/2020,ELM,NY,AEA,EN,Combined TRACON& Tower with Radar,4,4,5,2,15,0,1,0,0,1,4,5,5,2,16,22,0,22,38
07/22/2020,ELM,NY,AEA,EN,Combined TRACON& Tower with Radar,4,4,0,0,8,0,0,1,0,1,4,4,1,0,9,15,0,15,24
07/23/2020,ELM,NY,AEA,EN,Combined TRACON& Tower with Radar,4,6,1,0,11,0,0,0,0,0,4,6,1,0,11,0,0,0,11
07/24/2020,ELM,NY,AEA,EN,Combined TRACON& Tower with Radar,7,5,9,0,21,0,0,0,0,0,7,5,9,0,21,9,0,9,30
07/25/2020,ELM,NY,AEA,EN,Combined TRACON& Tower with Radar,4,3,2,0,9,0,0,1,0,1,4,3,3,0,10,37,0,37,47
07/26/2020,ELM,NY,AEA,EN,Combined TRACON& Tower with Radar,3,0,2,0,5,0,0,7,0,7,3,0,9,0,12,0,0,0,12
07/27/2020,ELM,NY,AEA,EN,Combined TRACON& Tower with Radar,4,2,3,0,9,0,0,0,0,0,4,2,3,0,9,43,0,43,52
07/28/2020,ELM,NY,AEA,EN,Combined TRACON& Tower with Radar,3,5,5,0,13,0,0,0,0,0,3,5,5,0,13,0,0,0,13
07/29/2020,ELM,NY,AEA,EN,Combined TRACON& Tower with Radar,5,4,3,0,12,0,2,1,0,3,5,6,4,0,15,4,0,4,19
07/30/2020,ELM,NY,AEA,EN,Combined TRACON& Tower with Radar,5,5,8,0,18,0,0,2,0,2,5,5,10,0,20,12,0,12,32
07/31/2020,ELM,NY,AEA,EN,Combined TRACON& Tower with Radar,8,5,6,0,19,0,0,2,0,2,8,5,8,0,21,24,0,24,45
08/01/2020,ELM,NY,AEA,EN,Combined TRACON& Tower with Radar,3,4,4,0,11,0,0,3,0,3,3,4,7,0,14,16,0,16,30
08/02/2020,ELM,NY,AEA,EN,Combined TRACON& Tower with Radar,2,0,1,0,3,0,0,0,0,0,2,0,1,0,3,0,0,0,3
08/03/2020,ELM,NY,AEA,EN,Combined TRACON& Tower with Radar,3,3,9,0,15,0,1,1,0,2,3,4,10,0,17,65,0,65,82
08/04/2020,ELM,NY,AEA,EN,Combined TRACON& Tower with Radar,2,7,3,0,12,0,0,0,0,0,2,7,3,0,12,0,0,0,12
08/05/2020,ELM,NY,AEA,EN,Combined TRACON& Tower with Radar,4,5,6,0,15,0,0,1,0,1,4,5,7,0,16,11,0,11,27
08/06/2020,ELM,NY,AEA,EN,Combined TRACON& Tower with Radar,4,9,3,0,16,0,1,3,0,4,4,10,6,0,20,19,0,19,39
08/07/2020,ELM,NY,AEA,EN,Combined TRACON& Tower with Radar,3,7,11,0,21,0,0,1,0,1,3,7,12,0,22,4,0,4,26
08/08/2020,ELM,NY,AEA,EN,Combined TRACON& Tower with Radar,5,3,2,0,10,0,0,0,0,0,5,3,2,0,10,29,0,29,39
08/09/2020,ELM,NY,AEA,EN,Combined TRACON& Tower with Radar,2,0,4,0,6,0,0,1,0,1,2,0,5,0,7,14,0,14,21
08/10/2020,ELM,NY,AEA,EN,Combined TRACON& Tower with Radar,2,3,4,0,9,0,0,1,0,1,2,3,5,0,10,26,0,26,36
08/11/2020,ELM,NY,AEA,EN,Combined TRACON& Tower with Radar,2,4,1,0,7,0,0,1,0,1,2,4,2,0,8,0,0,0,8
08/12/2020,ELM,NY,AEA,EN,Combined TRACON& Tower with Radar,6,9,10,0,25,1,0,1,0,2,7,9,11,0,27,14,0,14,41
08/13/2020,ELM,NY,AEA,EN,Combined TRACON& Tower with Radar,3,6,4,0,13,0,1,4,0,5,3,7,8,0,18,7,0,7,25
08/14/2020,ELM,NY,AEA,EN,Combined TRACON& Tower with Radar,5,5,3,0,13,0,1,2,1,4,5,6,5,1,17,4,0,4,21
08/15/2020,ELM,NY,AEA,EN,Combined TRACON& Tower with Radar,4,2,3,0,9,0,0,3,0,3,4,2,6,0,12,18,0,18,30
08/16/2020,ELM,NY,AEA,EN,Combined TRACON& Tower with Radar,4,0,13,0,17,0,0,1,0,1,4,0,14,0,18,6,0,6,24
08/17/2020,ELM,NY,AEA,EN,Combined TRACON& Tower with Radar,4,5,9,0,18,0,0,1,0,1,4,5,10,0,19,13,0,13,32
08/18/2020,ELM,NY,AEA,EN,Combined TRACON& Tower with Radar,1,5,3,0,9,0,0,0,0,0,1,5,3,0,9,4,0,4,13
08/19/2020,ELM,NY,AEA,EN,Combined TRACON& Tower with Radar,6,7,5,0,18,0,0,3,0,3,6,7,8,0,21,12,0,12,33
08/20/2020,ELM,NY,AEA,EN,Combined TRACON& Tower with Radar,2,6,4,0,12,0,0,2,0,2,2,6,6,0,14,6,0,6,20
08/21/2020,ELM,NY,AEA,EN,Combined TRACON& Tower with Radar,2,3,0,0,5,0,0,6,0,6,2,3,6,0,11,45,0,45,56
08/22/2020,ELM,NY,AEA,EN,Combined TRACON& Tower with Radar,7,1,2,0,10,0,0,3,0,3,7,1,5,0,13,15,0,15,28
08/23/2020,ELM,NY,AEA,EN,Combined TRACON& Tower with Radar,2,0,3,0,5,0,0,1,0,1,2,0,4,0,6,7,0,7,13
08/24/2020,ELM,NY,AEA,EN,Combined TRACON& Tower with Radar,2,2,3,0,7,0,0,0,0,0,2,2,3,0,7,17,0,17,24
08/25/2020,ELM,NY,AEA,EN,Combined TRACON& Tower with Radar,1,6,2,0,9,0,0,0,0,0,1,6,2,0,9,0,0,0,9
08/26/2020,ELM,NY,AEA,EN,Combined TRACON& Tower with Radar,4,4,2,0,10,0,1,2,0,3,4,5,4,0,13,1,0,1,14
08/27/2020,ELM,NY,AEA,EN,Combined TRACON& Tower with Radar,2,7,3,0,12,0,0,1,0,1,2,7,4,0,13,0,0,0,13
08/28/2020,ELM,NY,AEA,EN,Combined TRACON& Tower with Radar,6,5,4,0,15,0,1,0,0,1,6,6,4,0,16,5,0,5,21
08/29/2020,ELM,NY,AEA,EN,Combined TRACON& Tower with Radar,4,2,4,0,10,0,0,0,0,0,4,2,4,0,10,0,0,0,10
08/30/2020,ELM,NY,AEA,EN,Combined TRACON& Tower with Radar,3,0,4,0,7,1,0,4,0,5,4,0,8,0,12,6,0,6,18
08/31/2020,ELM,NY,AEA,EN,Combined TRACON& Tower with Radar,3,2,6,0,11,0,0,5,0,5,3,2,11,0,16,48,0,48,64
09/01/2020,ELM,NY,AEA,EN,Combined TRACON& Tower with Radar,1,3,7,0,11,0,0,0,0,0,1,3,7,0,11,10,0,10,21
09/02/2020,ELM,NY,AEA,EN,Combined TRACON& Tower with Radar,2,6,2,0,10,0,0,0,0,0,2,6,2,0,10,0,0,0,10
09/03/2020,ELM,NY,AEA,EN,Combined TRACON& Tower with Radar,2,6,6,0,14,0,0,0,0,0,2,6,6,0,14,14,0,14,28
09/04/2020,ELM,NY,AEA,EN,Combined TRACON& Tower with Radar,3,6,3,0,12,0,1,1,0,2,3,7,4,0,14,25,0,25,39
09/05/2020,ELM,NY,AEA,EN,Combined TRACON& Tower with Radar,2,3,2,0,7,0,0,1,0,1,2,3,3,0,8,26,0,26,34
09/06/2020,ELM,NY,AEA,EN,Combined TRACON& Tower with Radar,3,0,2,0,5,0,0,2,1,3,3,0,4,1,8,18,0,18,26
09/07/2020,ELM,NY,AEA,EN,Combined TRACON& Tower with Radar,5,3,2,0,10,0,0,0,0,0,5,3,2,0,10,0,0,0,10
09/08/2020,ELM,NY,AEA,EN,Combined TRACON& Tower with Radar,1,5,5,0,11,0,0,1,0,1,1,5,6,0,12,0,0,0,12
09/09/2020,ELM,NY,AEA,EN,Combined TRACON& Tower with Radar,1,5,2,0,8,0,0,3,0,3,1,5,5,0,11,11,0,11,22
09/10/2020,ELM,NY,AEA,EN,Combined TRACON& Tower with Radar,3,5,4,0,12,0,0,3,0,3,3,5,7,0,15,0,0,0,15
09/11/2020,ELM,NY,AEA,EN,Combined TRACON& Tower with Radar,6,8,9,2,25,0,1,0,0,1,6,9,9,2,26,4,0,4,30
09/12/2020,ELM,NY,AEA,EN,Combined TRACON& Tower with Radar,2,0,6,0,8,0,0,1,0,1,2,0,7,0,9,32,0,32,41
09/13/2020,ELM,NY,AEA,EN,Combined TRACON& Tower with Radar,2,0,2,0,4,0,0,0,0,0,2,0,2,0,4,0,0,0,4
09/14/2020,ELM,NY,AEA,EN,Combined TRACON& Tower with Radar,5,5,6,1,17,0,0,2,0,2,5,5,8,1,19,14,0,14,33
09/15/2020,ELM,NY,AEA,EN,Combined TRACON& Tower with Radar,1,10,5,0,16,0,0,1,0,1,1,10,6,0,17,0,0,0,17
09/16/2020,ELM,NY,AEA,EN,Combined TRACON& Tower with Radar,1,3,4,0,8,0,0,1,0,1,1,3,5,0,9,16,0,16,25
09/17/2020,ELM,NY,AEA,EN,Combined TRACON& Tower with Radar,3,5,6,0,14,0,0,1,0,1,3,5,7,0,15,0,0,0,15
09/18/2020,ELM,NY,AEA,EN,Combined TRACON& Tower with Radar,6,7,4,3,20,0,1,4,1,6,6,8,8,4,26,0,0,0,26
09/19/2020,ELM,NY,AEA,EN,Combined TRACON& Tower with Radar,4,3,8,0,15,0,0,1,0,1,4,3,9,0,16,16,0,16,32
09/20/2020,ELM,NY,AEA,EN,Combined TRACON& Tower with Radar,4,0,4,0,8,0,0,2,0,2,4,0,6,0,10,36,0,36,46
09/21/2020,ELM,NY,AEA,EN,Combined TRACON& Tower with Radar,5,3,4,0,12,0,0,1,1,2,5,3,5,1,14,9,0,9,23
09/22/2020,ELM,NY,AEA,EN,Combined TRACON& Tower with Radar,2,6,4,0,12,0,0,3,0,3,2,6,7,0,15,5,0,5,20
09/23/2020,ELM,NY,AEA,EN,Combined TRACON& Tower with Radar,2,8,3,2,15,0,0,0,0,0,2,8,3,2,15,26,0,26,41
09/24/2020,ELM,NY,AEA,EN,Combined TRACON& Tower with Radar,3,5,5,0,13,0,0,2,1,3,3,5,7,1,16,10,0,10,26
09/25/2020,ELM,NY,AEA,EN,Combined TRACON& Tower with Radar,5,8,6,0,19,0,0,2,0,2,5,8,8,0,21,14,0,14,35
09/26/2020,ELM,NY,AEA,EN,Combined TRACON& Tower with Radar,5,1,3,0,9,0,0,0,0,0,5,1,3,0,9,24,0,24,33
09/27/2020,ELM,NY,AEA,EN,Combined TRACON& Tower with Radar,2,0,0,0,2,0,0,1,0,1,2,0,1,0,3,12,0,12,15
09/28/2020,ELM,NY,AEA,EN,Combined TRACON& Tower with Radar,3,4,4,0,11,0,0,0,0,0,3,4,4,0,11,6,0,6,17
09/29/2020,ELM,NY,AEA,EN,Combined TRACON& Tower with Radar,0,4,4,1,9,0,0,0,0,0,0,4,4,1,9,0,0,0,9
09/30/2020,ELM,NY,AEA,EN,Combined TRACON& Tower with Radar,1,4,3,0,8,0,0,0,0,0,1,4,3,0,8,35,0,35,43
10/01/2020,ELM,NY,AEA,EN,Combined TRACON& Tower with Radar,2,5,2,1,10,0,0,0,0,0,2,5,2,1,10,38,7,45,55
10/02/2020,ELM,NY,AEA,EN,Combined TRACON& Tower with Radar,3,6,5,2,16,0,0,1,0,1,3,6,6,2,17,4,6,10,27
10/03/2020,ELM,NY,AEA,EN,Combined TRACON& Tower with Radar,3,1,4,0,8,0,0,7,0,7,3,1,11,0,15,20,0,20,35
10/04/2020,ELM,NY,AEA,EN,Combined TRACON& Tower with Radar,6,2,6,0,14,0,0,1,0,1,6,2,7,0,15,10,0,10,25
10/05/2020,ELM,NY,AEA,EN,Combined TRACON& Tower with Radar,4,3,5,0,12,0,0,0,0,0,4,3,5,0,12,0,0,0,12
10/06/2020,ELM,NY,AEA,EN,Combined TRACON& Tower with Radar,2,3,5,0,10,0,0,1,0,1,2,3,6,0,11,0,0,0,11
10/07/2020,ELM,NY,AEA,EN,Combined TRACON& Tower with Radar,3,6,4,0,13,0,0,0,0,0,3,6,4,0,13,0,0,0,13
10/08/2020,ELM,NY,AEA,EN,Combined TRACON& Tower with Radar,2,3,8,0,13,0,0,0,0,0,2,3,8,0,13,4,0,4,17
10/09/2020,ELM,NY,AEA,EN,Combined TRACON& Tower with Radar,3,4,4,0,11,0,0,1,0,1,3,4,5,0,12,26,0,26,38
10/10/2020,ELM,NY,AEA,EN,Combined TRACON& Tower with Radar,4,2,0,0,6,0,0,1,0,1,4,2,1,0,7,23,0,23,30
10/11/2020,ELM,NY,AEA,EN,Combined TRACON& Tower with Radar,4,1,6,0,11,0,0,7,0,7,4,1,13,0,18,15,0,15,33
10/12/2020,ELM,NY,AEA,EN,Combined TRACON& Tower with Radar,6,5,12,0,23,0,0,0,0,0,6,5,12,0,23,0,0,0,23
10/13/2020,ELM,NY,AEA,EN,Combined TRACON& Tower with Radar,2,6,5,0,13,0,0,1,0,1,2,6,6,0,14,0,0,0,14
10/14/2020,ELM,NY,AEA,EN,Combined TRACON& Tower with Radar,4,5,8,0,17,0,0,2,0,2,4,5,10,0,19,13,0,13,32
10/15/2020,ELM,NY,AEA,EN,Combined TRACON& Tower with Radar,3,5,3,0,11,0,0,0,0,0,3,5,3,0,11,2,0,2,13
10/16/2020,ELM,NY,AEA,EN,Combined TRACON& Tower with Radar,4,6,4,0,14,0,0,2,0,2,4,6,6,0,16,25,0,25,41
10/17/2020,ELM,NY,AEA,EN,Combined TRACON& Tower with Radar,4,2,0,0,6,0,0,2,0,2,4,2,2,0,8,49,0,49,57
10/18/2020,ELM,NY,AEA,EN,Combined TRACON& Tower with Radar,2,1,7,0,10,0,0,1,1,2,2,1,8,1,12,26,0,26,38
10/19/2020,ELM,NY,AEA,EN,Combined TRACON& Tower with Radar,5,4,3,0,12,0,0,0,0,0,5,4,3,0,12,0,0,0,12
10/20/2020,ELM,NY,AEA,EN,Combined TRACON& Tower with Radar,2,8,8,0,18,0,0,0,0,0,2,8,8,0,18,0,0,0,18
10/21/2020,ELM,NY,AEA,EN,Combined TRACON& Tower with Radar,3,7,4,1,15,0,0,1,0,1,3,7,5,1,16,7,6,13,29
10/22/2020,ELM,NY,AEA,EN,Combined TRACON& Tower with Radar,4,6,7,1,18,0,0,0,0,0,4,6,7,1,18,33,0,33,51
10/23/2020,ELM,NY,AEA,EN,Combined TRACON& Tower with Radar,3,3,4,0,10,0,0,1,0,1,3,3,5,0,11,8,0,8,19
10/24/2020,ELM,NY,AEA,EN,Combined TRACON& Tower with Radar,4,2,3,0,9,0,0,0,0,0,4,2,3,0,9,0,0,0,9
10/25/2020,ELM,NY,AEA,EN,Combined TRACON& Tower with Radar,2,3,4,0,9,0,0,2,0,2,2,3,6,0,11,40,0,40,51
10/26/2020,ELM,NY,AEA,EN,Combined TRACON& Tower with Radar,3,5,3,0,11,0,0,0,0,0,3,5,3,0,11,0,0,0,11
10/27/2020,ELM,NY,AEA,EN,Combined TRACON& Tower with Radar,2,9,4,2,17,0,0,0,0,0,2,9,4,2,17,0,0,0,17
10/28/2020,ELM,NY,AEA,EN,Combined TRACON& Tower with Radar,3,5,2,0,10,0,0,0,0,0,3,5,2,0,10,54,0,54,64
10/29/2020,ELM,NY,AEA,EN,Combined TRACON& Tower with Radar,2,7,5,0,14,0,0,0,0,0,2,7,5,0,14,0,0,0,14
10/30/2020,ELM,NY,AEA,EN,Combined TRACON& Tower with Radar,4,11,5,0,20,0,0,0,0,0,4,11,5,0,20,0,0,0,20
10/31/2020,ELM,NY,AEA,EN,Combined TRACON& Tower with Radar,3,1,1,0,5,0,0,2,0,2,3,1,3,0,7,27,0,27,34
11/01/2020,ELM,NY,AEA,EN,Combined TRACON& Tower with Radar,1,1,1,0,3,0,0,0,0,0,1,1,1,0,3,0,0,0,3
11/02/2020,ELM,NY,AEA,EN,Combined TRACON& Tower with Radar,2,3,1,0,6,0,0,0,0,0,2,3,1,0,6,0,0,0,6
11/03/2020,ELM,NY,AEA,EN,Combined TRACON& Tower with Radar,2,6,4,0,12,0,0,1,1,2,2,6,5,1,14,0,0,0,14
11/04/2020,ELM,NY,AEA,EN,Combined TRACON& Tower with Radar,4,7,4,1,16,0,0,3,0,3,4,7,7,1,19,52,0,52,71
11/05/2020,ELM,NY,AEA,EN,Combined TRACON& Tower with Radar,2,7,6,0,15,0,0,1,0,1,2,7,7,0,16,34,0,34,50
11/06/2020,ELM,NY,AEA,EN,Combined TRACON& Tower with Radar,3,6,5,0,14,0,0,3,0,3,3,6,8,0,17,26,0,26,43
11/07/2020,ELM,NY,AEA,EN,Combined TRACON& Tower with Radar,3,1,0,0,4,0,0,2,0,2,3,1,2,0,6,32,0,32,38
11/08/2020,ELM,NY,AEA,EN,Combined TRACON& Tower with Radar,4,0,5,0,9,0,0,2,1,3,4,0,7,1,12,12,0,12,24
11/09/2020,ELM,NY,AEA,EN,Combined TRACON& Tower with Radar,5,3,1,0,9,0,0,3,0,3,5,3,4,0,12,4,0,4,16
11/10/2020,ELM,NY,AEA,EN,Combined TRACON& Tower with Radar,1,3,2,0,6,0,0,2,0,2,1,3,4,0,8,36,0,36,44
11/11/2020,ELM,NY,AEA,EN,Combined TRACON& Tower with Radar,2,4,1,0,7,0,0,0,0,0,2,4,1,0,7,0,0,0,7
11/12/2020,ELM,NY,AEA,EN,Combined TRACON& Tower with Radar,4,5,6,0,15,0,0,3,0,3,4,5,9,0,18,42,0,42,60
11/13/2020,ELM,NY,AEA,EN,Combined TRACON& Tower with Radar,5,4,4,0,13,0,0,1,0,1,5,4,5,0,14,6,0,6,20
11/14/2020,ELM,NY,AEA,EN,Combined TRACON& Tower with Radar,5,4,2,0,11,0,0,2,0,2,5,4,4,0,13,37,0,37,50
11/15/2020,ELM,NY,AEA,EN,Combined TRACON& Tower with Radar,2,2,1,0,5,0,0,0,0,0,2,2,1,0,5,0,0,0,5
11/16/2020,ELM,NY,AEA,EN,Combined TRACON& Tower with Radar,3,4,6,0,13,0,0,1,0,1,3,4,7,0,14,4,0,4,18
11/17/2020,ELM,NY,AEA,EN,Combined TRACON& Tower with Radar,1,5,2,0,8,0,0,0,0,0,1,5,2,0,8,0,0,0,8
11/18/2020,ELM,NY,AEA,EN,Combined TRACON& Tower with Radar,3,4,4,0,11,0,0,1,1,2,3,4,5,1,13,4,0,4,17
11/19/2020,ELM,NY,AEA,EN,Combined TRACON& Tower with Radar,3,3,3,0,9,0,0,1,0,1,3,3,4,0,10,18,0,18,28
11/20/2020,ELM,NY,AEA,EN,Combined TRACON& Tower with Radar,4,5,6,0,15,0,0,0,0,0,4,5,6,0,15,14,0,14,29
11/21/2020,ELM,NY,AEA,EN,Combined TRACON& Tower with Radar,6,4,4,0,14,0,0,5,0,5,6,4,9,0,19,38,0,38,57
11/22/2020,ELM,NY,AEA,EN,Combined TRACON& Tower with Radar,5,1,3,0,9,0,0,0,0,0,5,1,3,0,9,0,0,0,9
11/23/2020,ELM,NY,AEA,EN,Combined TRACON& Tower with Radar,3,3,5,0,11,0,0,1,0,1,3,3,6,0,12,20,0,20,32
11/24/2020,ELM,NY,AEA,EN,Combined TRACON& Tower with Radar,5,8,6,0,19,0,0,1,0,1,5,8,7,0,20,8,0,8,28
11/25/2020,ELM,NY,AEA,EN,Combined TRACON& Tower with Radar,4,4,4,0,12,0,0,0,0,0,4,4,4,0,12,14,0,14,26
11/26/2020,ELM,NY,AEA,EN,Combined TRACON& Tower with Radar,1,0,0,0,1,0,0,0,0,0,1,0,0,0,1,0,0,0,1
11/27/2020,ELM,NY,AEA,EN,Combined TRACON& Tower with Radar,3,5,2,0,10,0,0,3,0,3,3,5,5,0,13,8,0,8,21
11/28/2020,ELM,NY,AEA,EN,Combined TRACON& Tower with Radar,5,0,4,0,9,0,0,0,0,0,5,0,4,0,9,8,0,8,17
11/29/2020,ELM,NY,AEA,EN,Combined TRACON& Tower with Radar,4,1,6,0,11,0,0,6,0,6,4,1,12,0,17,9,0,9,26
11/30/2020,ELM,NY,AEA,EN,Combined TRACON& Tower with Radar,7,8,5,0,20,0,0,0,0,0,7,8,5,0,20,0,0,0,20
12/01/2020,ELM,NY,AEA,EN,Combined TRACON& Tower with Radar,4,18,1,0,23,0,0,0,0,0,4,18,1,0,23,0,0,0,23
12/02/2020,ELM,NY,AEA,EN,Combined TRACON& Tower with Radar,2,11,4,0,17,0,0,0,0,0,2,11,4,0,17,0,0,0,17
12/03/2020,ELM,NY,AEA,EN,Combined TRACON& Tower with Radar,6,15,6,0,27,0,0,8,0,8,6,15,14,0,35,28,0,28,63
12/04/2020,ELM,NY,AEA,EN,Combined TRACON& Tower with Radar,6,11,11,0,28,0,0,5,0,5,6,11,16,0,33,18,0,18,51
12/05/2020,ELM,NY,AEA,EN,Combined TRACON& Tower with Radar,4,2,2,0,8,0,0,0,0,0,4,2,2,0,8,0,0,0,8
12/06/2020,ELM,NY,AEA,EN,Combined TRACON& Tower with Radar,6,0,5,0,11,0,0,0,0,0,6,0,5,0,11,0,0,0,11
12/07/2020,ELM,NY,AEA,EN,Combined TRACON& Tower with Radar,6,5,2,0,13,0,0,3,0,3,6,5,5,0,16,5,0,5,21
12/08/2020,ELM,NY,AEA,EN,Combined TRACON& Tower with Radar,2,10,6,0,18,0,0,8,0,8,2,10,14,0,26,24,0,24,50
12/09/2020,ELM,NY,AEA,EN,Combined TRACON& Tower with Radar,2,16,11,0,29,0,1,0,0,1,2,17,11,0,30,0,0,0,30
12/10/2020,ELM,NY,AEA,EN,Combined TRACON& Tower with Radar,4,10,8,0,22,0,0,3,0,3,4,10,11,0,25,6,0,6,31
12/11/2020,ELM,NY,AEA,EN,Combined TRACON& Tower with Radar,6,9,22,0,37,0,0,13,0,13,6,9,35,0,50,10,0,10,60
12/12/2020,ELM,NY,AEA,EN,Combined TRACON& Tower with Radar,4,3,2,0,9,0,1,5,0,6,4,4,7,0,15,4,0,4,19
12/13/2020,ELM,NY,AEA,EN,Combined TRACON& Tower with Radar,4,0,0,0,4,0,0,0,0,0,4,0,0,0,4,0,0,0,4
12/14/2020,ELM,NY,AEA,EN,Combined TRACON& Tower with Radar,6,7,10,0,23,0,0,0,0,0,6,7,10,0,23,1,34,35,58
12/15/2020,ELM,NY,AEA,EN,Combined TRACON& Tower with Radar,2,12,8,0,22,0,0,5,0,5,2,12,13,0,27,0,0,0,27
12/16/2020,ELM,NY,AEA,EN,Combined TRACON& Tower with Radar,1,10,2,0,13,0,0,2,0,2,1,10,4,0,15,0,0,0,15
12/17/2020,ELM,NY,AEA,EN,Combined TRACON& Tower with Radar,3,10,4,0,17,0,0,0,0,0,3,10,4,0,17,0,0,0,17
12/18/2020,ELM,NY,AEA,EN,Combined TRACON& Tower with Radar,6,13,4,0,23,0,0,0,1,1,6,13,4,1,24,0,0,0,24
12/19/2020,ELM,NY,AEA,EN,Combined TRACON& Tower with Radar,10,4,9,0,23,0,0,3,0,3,10,4,12,0,26,2,0,2,28
12/20/2020,ELM,NY,AEA,EN,Combined TRACON& Tower with Radar,4,2,1,0,7,0,0,0,0,0,4,2,1,0,7,0,0,0,7
12/21/2020,ELM,NY,AEA,EN,Combined TRACON& Tower with Radar,8,5,2,0,15,0,0,0,0,0,8,5,2,0,15,22,0,22,37
12/22/2020,ELM,NY,AEA,EN,Combined TRACON& Tower with Radar,6,16,0,2,24,0,0,3,0,3,6,16,3,2,27,0,0,0,27
12/23/2020,ELM,NY,AEA,EN,Combined TRACON& Tower with Radar,10,12,16,0,38,0,0,6,0,6,10,12,22,0,44,4,0,4,48
12/24/2020,ELM,NY,AEA,EN,Combined TRACON& Tower with Radar,2,12,0,0,14,0,0,0,0,0,2,12,0,0,14,0,0,0,14
12/25/2020,ELM,NY,AEA,EN,Combined TRACON& Tower with Radar,2,0,0,0,2,0,0,0,0,0,2,0,0,0,2,0,0,0,2
12/26/2020,ELM,NY,AEA,EN,Combined TRACON& Tower with Radar,10,3,4,0,17,0,0,0,0,0,10,3,4,0,17,0,0,0,17
12/27/2020,ELM,NY,AEA,EN,Combined TRACON& Tower with Radar,4,0,11,0,15,0,0,23,0,23,4,0,34,0,38,16,0,16,54
12/28/2020,ELM,NY,AEA,EN,Combined TRACON& Tower with Radar,6,4,5,0,15,0,0,2,0,2,6,4,7,0,17,0,0,0,17
12/29/2020,ELM,NY,AEA,EN,Combined TRACON& Tower with Radar,6,8,13,4,31,0,0,8,0,8,6,8,21,4,39,0,0,0,39
12/30/2020,ELM,NY,AEA,EN,Combined TRACON& Tower with Radar,10,8,9,0,27,0,0,3,0,3,10,8,12,0,30,0,0,0,30
12/31/2020,ELM,NY,AEA,EN,Combined TRACON& Tower with Radar,2,8,2,0,12,0,0,0,0,0,2,8,2,0,12,0,0,0,12
01/01/2021,ELM,NY,AEA,EN,Combined TRACON& Tower with Radar,4,0,2,0,6,0,0,5,0,5,4,0,7,0,11,11,0,11,22
01/02/2021,ELM,NY,AEA,EN,Combined TRACON& Tower with Radar,10,4,4,0,18,0,0,0,0,0,10,4,4,0,18,0,0,0,18
01/03/2021,ELM,NY,AEA,EN,Combined TRACON& Tower with Radar,4,0,1,0,5,0,0,0,0,0,4,0,1,0,5,0,0,0,5
01/04/2021,ELM,NY,AEA,EN,Combined TRACON& Tower with Radar,6,7,9,0,22,0,0,0,0,0,6,7,9,0,22,0,0,0,22
01/05/2021,ELM,NY,AEA,EN,Combined TRACON& Tower with Radar,2,11,2,0,15,0,0,0,0,0,2,11,2,0,15,0,0,0,15
01/06/2021,ELM,NY,AEA,EN,Combined TRACON& Tower with Radar,6,12,8,0,26,0,0,0,0,0,6,12,8,0,26,0,0,0,26
01/07/2021,ELM,NY,AEA,EN,Combined TRACON& Tower with Radar,4,9,5,0,18,0,0,0,0,0,4,9,5,0,18,6,0,6,24
01/08/2021,ELM,NY,AEA,EN,Combined TRACON& Tower with Radar,6,10,6,0,22,0,0,0,0,0,6,10,6,0,22,0,0,0,22
01/09/2021,ELM,NY,AEA,EN,Combined TRACON& Tower with Radar,6,2,5,0,13,0,0,13,0,13,6,2,18,0,26,20,0,20,46
01/10/2021,ELM,NY,AEA,EN,Combined TRACON& Tower with Radar,6,0,9,0,15,0,0,5,0,5,6,0,14,0,20,14,0,14,34
01/11/2021,ELM,NY,AEA,EN,Combined TRACON& Tower with Radar,6,9,10,0,25,0,0,2,2,4,6,9,12,2,29,14,0,14,43
01/12/2021,ELM,NY,AEA,EN,Combined TRACON& Tower with Radar,2,6,4,0,12,0,0,2,0,2,2,6,6,0,14,17,0,17,31
01/13/2021,ELM,NY,AEA,EN,Combined TRACON& Tower with Radar,4,6,18,1,29,0,0,2,3,5,4,6,20,4,34,63,8,71,105
01/14/2021,ELM,NY,AEA,EN,Combined TRACON& Tower with Radar,4,7,2,0,13,0,0,0,0,0,4,7,2,0,13,0,0,0,13
01/15/2021,ELM,NY,AEA,EN,Combined TRACON& Tower with Radar,6,10,16,0,32,0,0,4,0,4,6,10,20,0,36,0,0,0,36
01/16/2021,ELM,NY,AEA,EN,Combined TRACON& Tower with Radar,4,2,3,0,9,0,0,2,0,2,4,2,5,0,11,2,0,2,13
01/17/2021,ELM,NY,AEA,EN,Combined TRACON& Tower with Radar,2,0,1,0,3,0,0,0,0,0,2,0,1,0,3,0,0,0,3
01/18/2021,ELM,NY,AEA,EN,Combined TRACON& Tower with Radar,6,7,8,0,21,0,0,0,0,0,6,7,8,0,21,0,0,0,21
01/19/2021,ELM,NY,AEA,EN,Combined TRACON& Tower with Radar,2,9,2,0,13,0,0,4,0,4,2,9,6,0,17,31,0,31,48
01/20/2021,ELM,NY,AEA,EN,Combined TRACON& Tower with Radar,4,8,15,2,29,0,0,1,0,1,4,8,16,2,30,13,0,13,43
01/21/2021,ELM,NY,AEA,EN,Combined TRACON& Tower with Radar,3,6,8,0,17,0,0,2,2,4,3,6,10,2,21,13,0,13,34
01/22/2021,ELM,NY,AEA,EN,Combined TRACON& Tower with Radar,4,10,12,0,26,0,0,0,0,0,4,10,12,0,26,0,0,0,26
01/23/2021,ELM,NY,AEA,EN,Combined TRACON& Tower with Radar,4,2,7,0,13,0,0,1,0,1,4,2,8,0,14,0,0,0,14
01/24/2021,ELM,NY,AEA,EN,Combined TRACON& Tower with Radar,4,0,5,0,9,0,0,6,0,6,4,0,11,0,15,8,0,8,23
01/25/2021,ELM,NY,AEA,EN,Combined TRACON& Tower with Radar,4,4,10,0,18,0,0,11,0,11,4,4,21,0,29,8,0,8,37
01/26/2021,ELM,NY,AEA,EN,Combined TRACON& Tower with Radar,2,6,1,0,9,0,0,0,0,0,2,6,1,0,9,0,0,0,9
01/27/2021,ELM,NY,AEA,EN,Combined TRACON& Tower with Radar,4,13,8,0,25,0,0,0,0,0,4,13,8,0,25,0,0,0,25
01/28/2021,ELM,NY,AEA,EN,Combined TRACON& Tower with Radar,4,7,7,0,18,0,0,0,2,2,4,7,7,2,20,0,0,0,20
01/29/2021,ELM,NY,AEA,EN,Combined TRACON& Tower with Radar,6,9,10,0,25,0,0,0,0,0,6,9,10,0,25,0,0,0,25
01/30/2021,ELM,NY,AEA,EN,Combined TRACON& Tower with Radar,4,4,9,0,17,0,0,4,0,4,4,4,13,0,21,28,0,28,49
01/31/2021,ELM,NY,AEA,EN,Combined TRACON& Tower with Radar,4,0,2,0,6,0,0,2,0,2,4,0,4,0,8,0,0,0,8
02/01/2021,ELM,NY,AEA,EN,Combined TRACON& Tower with Radar,6,4,0,0,10,0,0,0,0,0,6,4,0,0,10,0,0,0,10
02/02/2021,ELM,NY,AEA,EN,Combined TRACON& Tower with Radar,2,6,1,0,9,0,0,0,0,0,2,6,1,0,9,0,0,0,9
02/03/2021,ELM,NY,AEA,EN,Combined TRACON& Tower with Radar,6,8,11,0,25,0,0,1,1,2,6,8,12,1,27,29,0,29,56
02/04/2021,ELM,NY,AEA,EN,Combined TRACON& Tower with Radar,3,7,10,0,20,0,0,8,0,8,3,7,18,0,28,42,0,42,70
02/05/2021,ELM,NY,AEA,EN,Combined TRACON& Tower with Radar,7,6,3,0,16,0,0,0,0,0,7,6,3,0,16,26,0,26,42
02/06/2021,ELM,NY,AEA,EN,Combined TRACON& Tower with Radar,6,2,1,0,9,0,0,8,0,8,6,2,9,0,17,10,0,10,27
02/07/2021,ELM,NY,AEA,EN,Combined TRACON& Tower with Radar,2,0,0,0,2,0,0,0,0,0,2,0,0,0,2,7,0,7,9
02/08/2021,ELM,NY,AEA,EN,Combined TRACON& Tower with Radar,6,6,13,0,25,0,1,5,0,6,6,7,18,0,31,38,0,38,69
02/09/2021,ELM,NY,AEA,EN,Combined TRACON& Tower with Radar,2,6,1,0,9,0,0,0,0,0,2,6,1,0,9,0,0,0,9
02/10/2021,ELM,NY,AEA,EN,Combined TRACON& Tower with Radar,6,6,12,0,24,0,0,4,0,4,6,6,16,0,28,30,0,30,58
02/11/2021,ELM,NY,AEA,EN,Combined TRACON& Tower with Radar,6,8,3,0,17,0,0,0,0,0,6,8,3,0,17,8,0,8,25
02/12/2021,ELM,NY,AEA,EN,Combined TRACON& Tower with Radar,8,7,15,0,30,0,0,9,0,9,8,7,24,0,39,59,0,59,98
02/13/2021,ELM,NY,AEA,EN,Combined TRACON& Tower with Radar,8,3,5,0,16,0,0,5,0,5,8,3,10,0,21,3,0,3,24
02/14/2021,ELM,NY,AEA,EN,Combined TRACON& Tower with Radar,4,0,3,0,7,0,0,3,0,3,4,0,6,0,10,10,0,10,20
02/15/2021,ELM,NY,AEA,EN,Combined TRACON& Tower with Radar,8,4,4,0,16,0,0,0,0,0,8,4,4,0,16,0,0,0,16
02/16/2021,ELM,NY,AEA,EN,Combined TRACON& Tower with Radar,2,6,0,0,8,0,1,0,0,1,2,7,0,0,9,0,0,0,9
02/17/2021,ELM,NY,AEA,EN,Combined TRACON& Tower with Radar,6,6,11,0,23,0,0,10,0,10,6,6,21,0,33,19,0,19,52
02/18/2021,ELM,NY,AEA,EN,Combined TRACON& Tower with Radar,8,4,2,0,14,0,0,0,0,0,8,4,2,0,14,0,0,0,14
02/19/2021,ELM,NY,AEA,EN,Combined TRACON& Tower with Radar,6,8,9,0,23,0,2,0,0,2,6,10,9,0,25,0,0,0,25
02/20/2021,ELM,NY,AEA,EN,Combined TRACON& Tower with Radar,6,2,3,0,11,0,0,0,0,0,6,2,3,0,11,4,0,4,15
02/21/2021,ELM,NY,AEA,EN,Combined TRACON& Tower with Radar,8,2,14,0,24,0,0,17,0,17,8,2,31,0,41,56,0,56,97
02/22/2021,ELM,NY,AEA,EN,Combined TRACON& Tower with Radar,8,4,8,0,20,0,0,0,0,0,8,4,8,0,20,0,0,0,20
02/23/2021,ELM,NY,AEA,EN,Combined TRACON& Tower with Radar,2,5,4,3,14,0,0,0,1,1,2,5,4,4,15,0,0,0,15
02/24/2021,ELM,NY,AEA,EN,Combined TRACON& Tower with Radar,6,6,21,0,33,0,0,4,0,4,6,6,25,0,37,10,0,10,47
02/25/2021,ELM,NY,AEA,EN,Combined TRACON& Tower with Radar,5,7,7,0,19,0,0,17,0,17,5,7,24,0,36,0,0,0,36
02/26/2021,ELM,NY,AEA,EN,Combined TRACON& Tower with Radar,8,10,11,2,31,0,0,11,0,11,8,10,22,2,42,10,0,10,52
02/27/2021,ELM,NY,AEA,EN,Combined TRACON& Tower with Radar,6,3,5,0,14,0,0,0,0,0,6,3,5,0,14,0,0,0,14
02/28/2021,ELM,NY,AEA,EN,Combined TRACON& Tower with Radar,6,0,5,0,11,0,0,2,0,2,6,0,7,0,13,6,0,6,19
03/01/2021,ELM,NY,AEA,EN,Combined TRACON& Tower with Radar,10,4,6,0,20,0,0,0,0,0,10,4,6,0,20,2,0,2,22
03/02/2021,ELM,NY,AEA,EN,Combined TRACON& Tower with Radar,2,6,1,0,9,0,0,7,0,7,2,6,8,0,16,7,0,7,23
03/03/2021,ELM,NY,AEA,EN,Combined TRACON& Tower with Radar,6,6,17,0,29,0,0,5,0,5,6,6,22,0,34,37,0,37,71
03/04/2021,ELM,NY,AEA,EN,Combined TRACON& Tower with Radar,6,7,6,0,19,0,0,1,0,1,6,7,7,0,20,0,0,0,20
03/05/2021,ELM,NY,AEA,EN,Combined TRACON& Tower with Radar,8,6,6,0,20,0,1,4,0,5,8,7,10,0,25,0,0,0,25
03/06/2021,ELM,NY,AEA,EN,Combined TRACON& Tower with Radar,7,2,5,0,14,0,0,0,0,0,7,2,5,0,14,0,0,0,14
03/07/2021,ELM,NY,AEA,EN,Combined TRACON& Tower with Radar,6,2,5,0,13,0,0,6,0,6,6,2,11,0,19,10,0,10,29
03/08/2021,ELM,NY,AEA,EN,Combined TRACON& Tower with Radar,8,4,9,0,21,0,0,12,0,12,8,4,21,0,33,23,0,23,56
03/09/2021,ELM,NY,AEA,EN,Combined TRACON& Tower with Radar,2,8,6,0,16,0,0,12,0,12,2,8,18,0,28,14,0,14,42
03/10/2021,ELM,NY,AEA,EN,Combined TRACON& Tower with Radar,6,6,25,0,37,0,0,16,0,16,6,6,41,0,53,34,0,34,87
03/11/2021,ELM,NY,AEA,EN,Combined TRACON& Tower with Radar,6,8,2,0,16,0,1,5,0,6,6,9,7,0,22,5,0,5,27
03/12/2021,ELM,NY,AEA,EN,Combined TRACON& Tower with Radar,10,6,8,0,24,0,0,4,0,4,10,6,12,0,28,6,0,6,34
03/13/2021,ELM,NY,AEA,EN,Combined TRACON& Tower with Radar,6,4,10,0,20,0,0,18,0,18,6,4,28,0,38,18,0,18,56
03/14/2021,ELM,NY,AEA,EN,Combined TRACON& Tower with Radar,6,0,4,0,10,0,0,0,0,0,6,0,4,0,10,0,0,0,10
03/15/2021,ELM,NY,AEA,EN,Combined TRACON& Tower with Radar,8,4,7,0,19,0,2,7,0,9,8,6,14,0,28,18,0,18,46
03/16/2021,ELM,NY,AEA,EN,Combined TRACON& Tower with Radar,2,7,3,0,12,0,0,5,0,5,2,7,8,0,17,0,0,0,17
03/17/2021,ELM,NY,AEA,EN,Combined TRACON& Tower with Radar,4,7,4,0,15,0,0,2,0,2,4,7,6,0,17,2,0,2,19
03/18/2021,ELM,NY,AEA,EN,Combined TRACON& Tower with Radar,6,6,4,2,18,0,0,0,0,0,6,6,4,2,18,0,0,0,18
03/19/2021,ELM,NY,AEA,EN,Combined TRACON& Tower with Radar,8,6,15,0,29,0,0,4,1,5,8,6,19,1,34,15,0,15,49
03/20/2021,ELM,NY,AEA,EN,Combined TRACON& Tower with Radar,4,3,8,0,15,0,0,16,0,16,4,3,24,0,31,22,0,22,53
03/21/2021,ELM,NY,AEA,EN,Combined TRACON& Tower with Radar,6,1,5,0,12,0,0,19,0,19,6,1,24,0,31,12,0,12,43
03/22/2021,ELM,NY,AEA,EN,Combined TRACON& Tower with Radar,6,4,11,0,21,0,0,9,0,9,6,4,20,0,30,51,0,51,81
03/23/2021,ELM,NY,AEA,EN,Combined TRACON& Tower with Radar,4,6,8,0,18,0,0,9,0,9,4,6,17,0,27,16,0,16,43
03/24/2021,ELM,NY,AEA,EN,Combined TRACON& Tower with Radar,4,6,6,0,16,0,1,0,0,1,4,7,6,0,17,0,0,0,17
03/25/2021,ELM,NY,AEA,EN,Combined TRACON& Tower with Radar,6,6,9,0,21,0,0,14,0,14,6,6,23,0,35,19,0,19,54
03/26/2021,ELM,NY,AEA,EN,Combined TRACON& Tower with Radar,8,6,19,0,33,0,0,0,0,0,8,6,19,0,33,6,0,6,39
03/27/2021,ELM,NY,AEA,EN,Combined TRACON& Tower with Radar,4,2,7,0,13,0,0,5,0,5,4,2,12,0,18,36,0,36,54
03/28/2021,ELM,NY,AEA,EN,Combined TRACON& Tower with Radar,6,0,3,0,9,0,0,0,0,0,6,0,3,0,9,0,0,0,9
03/29/2021,ELM,NY,AEA,EN,Combined TRACON& Tower with Radar,8,6,9,0,23,0,0,0,0,0,8,6,9,0,23,16,0,16,39
03/30/2021,ELM,NY,AEA,EN,Combined TRACON& Tower with Radar,2,4,1,0,7,0,2,3,0,5,2,6,4,0,12,0,0,0,12
03/31/2021,ELM,NY,AEA,EN,Combined TRACON& Tower with Radar,4,10,9,0,23,0,0,0,0,0,4,10,9,0,23,0,0,0,23
04/01/2021,ELM,NY,AEA,EN,Combined TRACON& Tower with Radar,6,8,11,0,25,0,0,0,0,0,6,8,11,0,25,0,0,0,25
04/02/2021,ELM,NY,AEA,EN,Combined TRACON& Tower with Radar,8,6,8,1,23,0,0,7,2,9,8,6,15,3,32,8,0,8,40
04/03/2021,ELM,NY,AEA,EN,Combined TRACON& Tower with Radar,8,2,7,0,17,0,0,76,3,79,8,2,83,3,96,0,0,0,96
04/04/2021,ELM,NY,AEA,EN,Combined TRACON& Tower with Radar,6,2,7,0,15,0,0,5,0,5,6,2,12,0,20,9,0,9,29
04/05/2021,ELM,NY,AEA,EN,Combined TRACON& Tower with Radar,8,7,19,0,34,0,0,9,0,9,8,7,28,0,43,36,0,36,79
04/06/2021,ELM,NY,AEA,EN,Combined TRACON& Tower with Radar,2,9,9,0,20,0,0,12,0,12,2,9,21,0,32,0,0,0,32
04/07/2021,ELM,NY,AEA,EN,Combined TRACON& Tower with Radar,6,6,17,0,29,0,1,17,0,18,6,7,34,0,47,10,0,10,57
04/08/2021,ELM,NY,AEA,EN,Combined TRACON& Tower with Radar,6,12,9,0,27,0,0,6,0,6,6,12,15,0,33,14,0,14,47
04/09/2021,ELM,NY,AEA,EN,Combined TRACON& Tower with Radar,8,8,16,0,32,0,0,2,0,2,8,8,18,0,34,14,0,14,48
04/10/2021,ELM,NY,AEA,EN,Combined TRACON& Tower with Radar,8,2,12,0,22,0,0,6,0,6,8,2,18,0,28,19,0,19,47
04/11/2021,ELM,NY,AEA,EN,Combined TRACON& Tower with Radar,4,0,8,0,12,0,0,0,0,0,4,0,8,0,12,0,0,0,12
04/12/2021,ELM,NY,AEA,EN,Combined TRACON& Tower with Radar,8,4,15,0,27,0,0,0,0,0,8,4,15,0,27,0,0,0,27
04/13/2021,ELM,NY,AEA,EN,Combined TRACON& Tower with Radar,4,6,9,0,19,0,0,4,0,4,4,6,13,0,23,28,0,28,51
04/14/2021,ELM,NY,AEA,EN,Combined TRACON& Tower with Radar,4,8,18,0,30,0,0,7,0,7,4,8,25,0,37,6,0,6,43
04/15/2021,ELM,NY,AEA,EN,Combined TRACON& Tower with Radar,4,10,11,0,25,0,0,0,0,0,4,10,11,0,25,0,0,0,25
04/16/2021,ELM,NY,AEA,EN,Combined TRACON& Tower with Radar,8,7,11,0,26,0,0,0,0,0,8,7,11,0,26,0,0,0,26
04/17/2021,ELM,NY,AEA,EN,Combined TRACON& Tower with Radar,2,3,8,0,13,0,0,0,0,0,2,3,8,0,13,4,0,4,17
04/18/2021,ELM,NY,AEA,EN,Combined TRACON& Tower with Radar,4,0,10,0,14,0,0,9,0,9,4,0,19,0,23,26,0,26,49
04/19/2021,ELM,NY,AEA,EN,Combined TRACON& Tower with Radar,8,3,12,0,23,0,2,7,0,9,8,5,19,0,32,6,0,6,38
04/20/2021,ELM,NY,AEA,EN,Combined TRACON& Tower with Radar,4,11,11,0,26,0,0,3,0,3,4,11,14,0,29,25,0,25,54
04/21/2021,ELM,NY,AEA,EN,Combined TRACON& Tower with Radar,4,8,9,0,21,0,0,0,0,0,4,8,9,0,21,0,0,0,21
04/22/2021,ELM,NY,AEA,EN,Combined TRACON& Tower with Radar,4,9,15,0,28,0,0,2,0,2,4,9,17,0,30,1,0,1,31
04/23/2021,ELM,NY,AEA,EN,Combined TRACON& Tower with Radar,8,6,11,0,25,0,0,18,0,18,8,6,29,0,43,4,0,4,47
04/24/2021,ELM,NY,AEA,EN,Combined TRACON& Tower with Radar,2,3,7,0,12,0,0,11,0,11,2,3,18,0,23,10,0,10,33
04/25/2021,ELM,NY,AEA,EN,Combined TRACON& Tower with Radar,4,3,10,0,17,0,1,2,0,3,4,4,12,0,20,8,0,8,28
04/26/2021,ELM,NY,AEA,EN,Combined TRACON& Tower with Radar,8,5,12,0,25,0,0,3,0,3,8,5,15,0,28,12,0,12,40
04/27/2021,ELM,NY,AEA,EN,Combined TRACON& Tower with Radar,4,6,7,0,17,0,0,6,0,6,4,6,13,0,23,9,4,13,36
04/28/2021,ELM,NY,AEA,EN,Combined TRACON& Tower with Radar,4,13,12,0,29,0,0,2,0,2,4,13,14,0,31,0,0,0,31
04/29/2021,ELM,NY,AEA,EN,Combined TRACON& Tower with Radar,4,10,18,0,32,0,0,0,0,0,4,10,18,0,32,0,0,0,32
04/30/2021,ELM,NY,AEA,EN,Combined TRACON& Tower with Radar,10,6,15,0,31,0,0,2,0,2,10,6,17,0,33,1,0,1,34
05/01/2021,ELM,NY,AEA,EN,Combined TRACON& Tower with Radar,2,2,9,0,13,0,0,18,1,19,2,2,27,1,32,30,0,30,62
05/02/2021,ELM,NY,AEA,EN,Combined TRACON& Tower with Radar,4,1,6,0,11,0,0,4,0,4,4,1,10,0,15,16,0,16,31
05/03/2021,ELM,NY,AEA,EN,Combined TRACON& Tower with Radar,8,7,12,0,27,0,0,3,3,6,8,7,15,3,33,6,0,6,39
05/04/2021,ELM,NY,AEA,EN,Combined TRACON& Tower with Radar,4,17,14,0,35,0,0,2,1,3,4,17,16,1,38,0,0,0,38
05/05/2021,ELM,NY,AEA,EN,Combined TRACON& Tower with Radar,4,10,14,0,28,0,0,0,0,0,4,10,14,0,28,0,0,0,28
05/06/2021,ELM,NY,AEA,EN,Combined TRACON& Tower with Radar,4,11,16,0,31,0,2,12,0,14,4,13,28,0,45,64,0,64,109
05/07/2021,ELM,NY,AEA,EN,Combined TRACON& Tower with Radar,8,8,20,0,36,0,0,1,0,1,8,8,21,0,37,2,0,2,39
05/08/2021,ELM,NY,AEA,EN,Combined TRACON& Tower with Radar,2,4,1,1,8,0,0,0,1,1,2,4,1,2,9,0,0,0,9
05/09/2021,ELM,NY,AEA,EN,Combined TRACON& Tower with Radar,4,0,13,0,17,0,0,5,0,5,4,0,18,0,22,22,0,22,44
05/10/2021,ELM,NY,AEA,EN,Combined TRACON& Tower with Radar,8,4,11,0,23,0,0,4,0,4,8,4,15,0,27,0,0,0,27
05/11/2021,ELM,NY,AEA,EN,Combined TRACON& Tower with Radar,4,7,10,0,21,0,1,4,0,5,4,8,14,0,26,0,0,0,26
05/12/2021,ELM,NY,AEA,EN,Combined TRACON& Tower with Radar,4,9,11,0,24,0,1,7,2,10,4,10,18,2,34,0,0,0,34
05/13/2021,ELM,NY,AEA,EN,Combined TRACON& Tower with Radar,4,8,10,4,26,0,0,9,0,9,4,8,19,4,35,17,0,17,52
05/14/2021,ELM,NY,AEA,EN,Combined TRACON& Tower with Radar,8,6,9,0,23,0,0,7,0,7,8,6,16,0,30,21,0,21,51
05/15/2021,ELM,NY,AEA,EN,Combined TRACON& Tower with Radar,2,5,8,0,15,0,0,17,0,17,2,5,25,0,32,0,0,0,32
05/16/2021,ELM,NY,AEA,EN,Combined TRACON& Tower with Radar,4,4,13,0,21,0,0,2,0,2,4,4,15,0,23,17,0,17,40
05/17/2021,ELM,NY,AEA,EN,Combined TRACON& Tower with Radar,8,8,12,0,28,0,2,8,0,10,8,10,20,0,38,39,0,39,77
05/18/2021,ELM,NY,AEA,EN,Combined TRACON& Tower with Radar,4,19,20,0,43,0,1,21,0,22,4,20,41,0,65,65,0,65,130
05/19/2021,ELM,NY,AEA,EN,Combined TRACON& Tower with Radar,4,11,17,2,34,0,2,11,0,13,4,13,28,2,47,62,0,62,109
05/20/2021,ELM,NY,AEA,EN,Combined TRACON& Tower with Radar,4,17,14,0,35,0,2,12,0,14,4,19,26,0,49,3,0,3,52
05/21/2021,ELM,NY,AEA,EN,Combined TRACON& Tower with Radar,8,6,13,0,27,0,0,23,0,23,8,6,36,0,50,13,0,13,63
05/22/2021,ELM,NY,AEA,EN,Combined TRACON& Tower with Radar,2,2,2,0,6,0,0,8,0,8,2,2,10,0,14,7,0,7,21
05/23/2021,ELM,NY,AEA,EN,Combined TRACON& Tower with Radar,4,17,26,0,47,0,0,1,0,1,4,17,27,0,48,6,0,6,54
05/24/2021,ELM,NY,AEA,EN,Combined TRACON& Tower with Radar,8,6,16,0,30,0,0,12,0,12,8,6,28,0,42,19,0,19,61
05/25/2021,ELM,NY,AEA,EN,Combined TRACON& Tower with Radar,4,11,20,0,35,0,2,2,0,4,4,13,22,0,39,0,0,0,39
05/26/2021,ELM,NY,AEA,EN,Combined TRACON& Tower with Radar,6,6,8,0,20,0,0,8,0,8,6,6,16,0,28,2,0,2,30
05/27/2021,ELM,NY,AEA,EN,Combined TRACON& Tower with Radar,4,9,9,0,22,0,0,12,0,12,4,9,21,0,34,14,0,14,48
05/28/2021,ELM,NY,AEA,EN,Combined TRACON& Tower with Radar,4,8,17,0,29,0,0,0,0,0,4,8,17,0,29,0,0,0,29
05/29/2021,ELM,NY,AEA,EN,Combined TRACON& Tower with Radar,6,5,6,0,17,0,0,2,0,2,6,5,8,0,19,0,0,0,19
05/30/2021,ELM,NY,AEA,EN,Combined TRACON& Tower with Radar,2,0,6,0,8,0,0,6,0,6,2,0,12,0,14,11,0,11,25
05/31/2021,ELM,NY,AEA,EN,Combined TRACON& Tower with Radar,6,3,6,0,15,0,0,18,0,18,6,3,24,0,33,1,0,1,34
06/01/2021,ELM,NY,AEA,EN,Combined TRACON& Tower with Radar,4,6,22,0,32,0,0,10,0,10,4,6,32,0,42,6,0,6,48
06/02/2021,ELM,NY,AEA,EN,Combined TRACON& Tower with Radar,6,9,17,0,32,0,1,1,0,2,6,10,18,0,34,10,0,10,44
06/03/2021,ELM,NY,AEA,EN,Combined TRACON& Tower with Radar,4,10,12,0,26,0,0,0,0,0,4,10,12,0,26,0,0,0,26
06/04/2021,ELM,NY,AEA,EN,Combined TRACON& Tower with Radar,5,12,19,0,36,0,0,6,0,6,5,12,25,0,42,19,0,19,61
06/05/2021,ELM,NY,AEA,EN,Combined TRACON& Tower with Radar,6,2,10,0,18,0,0,14,0,14,6,2,24,0,32,1,0,1,33
06/06/2021,ELM,NY,AEA,EN,Combined TRACON& Tower with Radar,4,7,16,0,27,0,0,16,0,16,4,7,32,0,43,4,0,4,47
06/07/2021,ELM,NY,AEA,EN,Combined TRACON& Tower with Radar,6,6,15,0,27,0,0,10,0,10,6,6,25,0,37,12,0,12,49
06/08/2021,ELM,NY,AEA,EN,Combined TRACON& Tower with Radar,4,15,14,2,35,0,0,2,0,2,4,15,16,2,37,0,0,0,37
06/09/2021,ELM,NY,AEA,EN,Combined TRACON& Tower with Radar,6,7,14,0,27,0,0,2,0,2,6,7,16,0,29,0,0,0,29
06/10/2021,ELM,NY,AEA,EN,Combined TRACON& Tower with Radar,4,9,12,0,25,0,0,7,0,7,4,9,19,0,32,8,0,8,40
06/11/2021,ELM,NY,AEA,EN,Combined TRACON& Tower with Radar,6,8,22,0,36,0,0,5,0,5,6,8,27,0,41,12,0,12,53
06/12/2021,ELM,NY,AEA,EN,Combined TRACON& Tower with Radar,6,2,9,0,17,0,0,6,0,6,6,2,15,0,23,4,0,4,27
06/13/2021,ELM,NY,AEA,EN,Combined TRACON& Tower with Radar,4,1,14,0,19,0,0,5,0,5,4,1,19,0,24,16,0,16,40
06/14/2021,ELM,NY,AEA,EN,Combined TRACON& Tower with Radar,6,4,17,0,27,0,0,6,0,6,6,4,23,0,33,20,0,20,53
06/15/2021,ELM,NY,AEA,EN,Combined TRACON& Tower with Radar,4,18,18,2,42,0,1,3,0,4,4,19,21,2,46,0,4,4,50
06/16/2021,ELM,NY,AEA,EN,Combined TRACON& Tower with Radar,6,12,20,0,38,0,0,19,0,19,6,12,39,0,57,6,0,6,63
06/17/2021,ELM,NY,AEA,EN,Combined TRACON& Tower with Radar,4,6,22,2,34,0,1,16,0,17,4,7,38,2,51,3,0,3,54
06/18/2021,ELM,NY,AEA,EN,Combined TRACON& Tower with Radar,6,8,13,0,27,0,0,3,0,3,6,8,16,0,30,0,0,0,30
06/19/2021,ELM,NY,AEA,EN,Combined TRACON& Tower with Radar,8,4,4,0,16,0,0,7,0,7,8,4,11,0,23,8,0,8,31
06/20/2021,ELM,NY,AEA,EN,Combined TRACON& Tower with Radar,4,0,22,0,26,0,0,9,0,9,4,0,31,0,35,0,0,0,35
06/21/2021,ELM,NY,AEA,EN,Combined TRACON& Tower with Radar,6,4,21,0,31,0,0,3,0,3,6,4,24,0,34,2,0,2,36
06/22/2021,ELM,NY,AEA,EN,Combined TRACON& Tower with Radar,4,10,21,2,37,0,0,1,0,1,4,10,22,2,38,0,0,0,38
06/23/2021,ELM,NY,AEA,EN,Combined TRACON& Tower with Radar,8,7,24,0,39,0,2,14,0,16,8,9,38,0,55,22,0,22,77
06/24/2021,ELM,NY,AEA,EN,Combined TRACON& Tower with Radar,4,10,38,1,53,0,1,13,1,15,4,11,51,2,68,22,0,22,90
06/25/2021,ELM,NY,AEA,EN,Combined TRACON& Tower with Radar,6,10,31,0,47,0,1,7,0,8,6,11,38,0,55,18,0,18,73
06/26/2021,ELM,NY,AEA,EN,Combined TRACON& Tower with Radar,8,7,30,0,45,0,0,8,0,8,8,7,38,0,53,2,0,2,55
06/27/2021,ELM,NY,AEA,EN,Combined TRACON& Tower with Radar,4,7,33,0,44,0,0,13,0,13,4,7,46,0,57,23,0,23,80
06/28/2021,ELM,NY,AEA,EN,Combined TRACON& Tower with Radar,6,4,27,0,37,0,0,4,0,4,6,4,31,0,41,4,0,4,45
06/29/2021,ELM,NY,AEA,EN,Combined TRACON& Tower with Radar,4,12,14,0,30,0,0,4,0,4,4,12,18,0,34,0,0,0,34
06/30/2021,ELM,NY,AEA,EN,Combined TRACON& Tower with Radar,8,11,26,0,45,0,0,2,0,2,8,11,28,0,47,10,0,10,57
07/01/2021,ELM,NY,AEA,EN,Combined TRACON& Tower with Radar,4,10,34,0,48,0,0,5,0,5,4,10,39,0,53,0,0,0,53
07/02/2021,ELM,NY,AEA,EN,Combined TRACON& Tower with Radar,6,16,29,0,51,0,1,2,0,3,6,17,31,0,54,0,0,0,54
07/03/2021,ELM,NY,AEA,EN,Combined TRACON& Tower with Radar,8,8,19,0,35,0,0,1,1,2,8,8,20,1,37,0,0,0,37
07/04/2021,ELM,NY,AEA,EN,Combined TRACON& Tower with Radar,4,0,6,0,10,0,0,6,0,6,4,0,12,0,16,9,0,9,25
07/05/2021,ELM,NY,AEA,EN,Combined TRACON& Tower with Radar,6,1,12,0,19,0,2,11,0,13,6,3,23,0,32,4,0,4,36
07/06/2021,ELM,NY,AEA,EN,Combined TRACON& Tower with Radar,6,7,6,0,19,0,0,5,3,8,6,7,11,3,27,0,0,0,27
07/07/2021,ELM,NY,AEA,EN,Combined TRACON& Tower with Radar,10,8,19,0,37,0,0,10,0,10,10,8,29,0,47,0,0,0,47
07/08/2021,ELM,NY,AEA,EN,Combined TRACON& Tower with Radar,4,9,26,0,39,0,0,0,0,0,4,9,26,0,39,0,0,0,39
07/09/2021,ELM,NY,AEA,EN,Combined TRACON& Tower with Radar,6,9,19,0,34,0,0,2,0,2,6,9,21,0,36,13,0,13,49
07/10/2021,ELM,NY,AEA,EN,Combined TRACON& Tower with Radar,8,4,11,0,23,0,0,7,0,7,8,4,18,0,30,0,0,0,30
07/11/2021,ELM,NY,AEA,EN,Combined TRACON& Tower with Radar,4,5,17,0,26,0,0,10,0,10,4,5,27,0,36,0,0,0,36
07/12/2021,ELM,NY,AEA,EN,Combined TRACON& Tower with Radar,6,7,14,0,27,0,0,2,0,2,6,7,16,0,29,8,0,8,37
07/13/2021,ELM,NY,AEA,EN,Combined TRACON& Tower with Radar,6,9,14,0,29,0,0,8,0,8,6,9,22,0,37,0,0,0,37
07/14/2021,ELM,NY,AEA,EN,Combined TRACON& Tower with Radar,8,9,11,0,28,0,1,4,0,5,8,10,15,0,33,0,0,0,33
07/15/2021,ELM,NY,AEA,EN,Combined TRACON& Tower with Radar,2,6,6,0,14,0,1,8,0,9,2,7,14,0,23,46,0,46,69
07/16/2021,ELM,NY,AEA,EN,Combined TRACON& Tower with Radar,6,8,29,0,43,0,0,8,0,8,6,8,37,0,51,3,0,3,54
07/17/2021,ELM,NY,AEA,EN,Combined TRACON& Tower with Radar,8,3,13,0,24,0,0,0,0,0,8,3,13,0,24,0,0,0,24
07/18/2021,ELM,NY,AEA,EN,Combined TRACON& Tower with Radar,4,3,7,0,14,0,0,1,0,1,4,3,8,0,15,0,0,0,15
07/19/2021,ELM,NY,AEA,EN,Combined TRACON& Tower with Radar,6,5,20,0,31,0,1,13,0,14,6,6,33,0,45,21,0,21,66
07/20/2021,ELM,NY,AEA,EN,Combined TRACON& Tower with Radar,5,17,8,0,30,0,0,6,0,6,5,17,14,0,36,3,0,3,39
07/21/2021,ELM,NY,AEA,EN,Combined TRACON& Tower with Radar,8,14,24,0,46,0,0,3,0,3,8,14,27,0,49,6,0,6,55
07/22/2021,ELM,NY,AEA,EN,Combined TRACON& Tower with Radar,4,10,14,0,28,0,1,14,0,15,4,11,28,0,43,8,0,8,51
07/23/2021,ELM,NY,AEA,EN,Combined TRACON& Tower with Radar,6,13,22,0,41,0,0,19,0,19,6,13,41,0,60,8,0,8,68
07/24/2021,ELM,NY,AEA,EN,Combined TRACON& Tower with Radar,8,4,6,0,18,0,0,18,0,18,8,4,24,0,36,4,0,4,40
07/25/2021,ELM,NY,AEA,EN,Combined TRACON& Tower with Radar,4,0,4,0,8,0,0,16,0,16,4,0,20,0,24,21,0,21,45
07/26/2021,ELM,NY,AEA,EN,Combined TRACON& Tower with Radar,6,5,17,4,32,0,0,14,0,14,6,5,31,4,46,14,0,14,60
07/27/2021,ELM,NY,AEA,EN,Combined TRACON& Tower with Radar,6,11,12,0,29,0,0,9,0,9,6,11,21,0,38,1,0,1,39
07/28/2021,ELM,NY,AEA,EN,Combined TRACON& Tower with Radar,8,7,30,2,47,0,0,11,2,13,8,7,41,4,60,14,0,14,74
07/29/2021,ELM,NY,AEA,EN,Combined TRACON& Tower with Radar,4,9,19,2,34,0,0,1,0,1,4,9,20,2,35,0,0,0,35
07/30/2021,ELM,NY,AEA,EN,Combined TRACON& Tower with Radar,6,6,18,0,30,0,1,10,0,11,6,7,28,0,41,13,0,13,54
07/31/2021,ELM,NY,AEA,EN,Combined TRACON& Tower with Radar,8,2,4,0,14,0,0,12,0,12,8,2,16,0,26,45,0,45,71
08/01/2021,ELM,NY,AEA,EN,Combined TRACON& Tower with Radar,4,1,18,0,23,0,0,8,0,8,4,1,26,0,31,7,0,7,38
08/02/2021,ELM,NY,AEA,EN,Combined TRACON& Tower with Radar,6,5,17,0,28,0,1,10,0,11,6,6,27,0,39,35,0,35,74
08/03/2021,ELM,NY,AEA,EN,Combined TRACON& Tower with Radar,6,8,11,0,25,0,0,4,0,4,6,8,15,0,29,20,0,20,49
08/04/2021,ELM,NY,AEA,EN,Combined TRACON& Tower with Radar,8,8,13,0,29,0,0,19,0,19,8,8,32,0,48,36,0,36,84
08/05/2021,ELM,NY,AEA,EN,Combined TRACON& Tower with Radar,7,8,20,0,35,0,0,12,0,12,7,8,32,0,47,38,0,38,85
08/06/2021,ELM,NY,AEA,EN,Combined TRACON& Tower with Radar,9,6,35,0,50,0,0,6,0,6,9,6,41,0,56,4,0,4,60
08/07/2021,ELM,NY,AEA,EN,Combined TRACON& Tower with Radar,8,7,45,0,60,0,0,7,2,9,8,7,52,2,69,1,0,1,70
08/08/2021,ELM,NY,AEA,EN,Combined TRACON& Tower with Radar,6,10,45,2,63,0,0,0,2,2,6,10,45,4,65,0,0,0,65
08/09/2021,ELM,NY,AEA,EN,Combined TRACON& Tower with Radar,8,4,13,0,25,0,0,6,0,6,8,4,19,0,31,14,0,14,45
08/10/2021,ELM,NY,AEA,EN,Combined TRACON& Tower with Radar,6,14,9,0,29,0,0,1,0,1,6,14,10,0,30,3,0,3,33
08/11/2021,ELM,NY,AEA,EN,Combined TRACON& Tower with Radar,8,7,22,0,37,0,0,10,0,10,8,7,32,0,47,3,0,3,50
08/12/2021,ELM,NY,AEA,EN,Combined TRACON& Tower with Radar,6,6,31,0,43,0,0,5,0,5,6,6,36,0,48,3,0,3,51
08/13/2021,ELM,NY,AEA,EN,Combined TRACON& Tower with Radar,8,6,13,0,27,0,0,2,0,2,8,6,15,0,29,0,0,0,29
08/14/2021,ELM,NY,AEA,EN,Combined TRACON& Tower with Radar,7,2,13,0,22,0,0,6,0,6,7,2,19,0,28,1,0,1,29
08/15/2021,ELM,NY,AEA,EN,Combined TRACON& Tower with Radar,6,0,15,0,21,0,0,11,0,11,6,0,26,0,32,9,0,9,41
08/16/2021,ELM,NY,AEA,EN,Combined TRACON& Tower with Radar,8,7,18,10,43,0,0,8,0,8,8,7,26,10,51,46,12,58,109
08/17/2021,ELM,NY,AEA,EN,Combined TRACON& Tower with Radar,4,17,11,0,32,0,0,1,0,1,4,17,12,0,33,1,0,1,34
08/18/2021,ELM,NY,AEA,EN,Combined TRACON& Tower with Radar,6,9,25,0,40,0,0,0,0,0,6,9,25,0,40,0,0,0,40
08/19/2021,ELM,NY,AEA,EN,Combined TRACON& Tower with Radar,6,15,15,0,36,0,0,1,0,1,6,15,16,0,37,3,0,3,40
08/20/2021,ELM,NY,AEA,EN,Combined TRACON& Tower with Radar,8,8,15,0,31,0,0,8,0,8,8,8,23,0,39,24,0,24,63
08/21/2021,ELM,NY,AEA,EN,Combined TRACON& Tower with Radar,6,2,10,0,18,0,0,0,0,0,6,2,10,0,18,2,0,2,20
08/22/2021,ELM,NY,AEA,EN,Combined TRACON& Tower with Radar,6,0,13,0,19,0,0,5,0,5,6,0,18,0,24,17,0,17,41
08/23/2021,ELM,NY,AEA,EN,Combined TRACON& Tower with Radar,8,4,16,0,28,0,0,0,0,0,8,4,16,0,28,14,0,14,42
08/24/2021,ELM,NY,AEA,EN,Combined TRACON& Tower with Radar,4,8,17,0,29,0,0,9,0,9,4,8,26,0,38,14,0,14,52
08/25/2021,ELM,NY,AEA,EN,Combined TRACON& Tower with Radar,6,7,18,0,31,0,0,10,0,10,6,7,28,0,41,0,0,0,41
08/26/2021,ELM,NY,AEA,EN,Combined TRACON& Tower with Radar,2,6,2,0,10,0,0,3,0,3,2,6,5,0,13,35,0,35,48
08/27/2021,ELM,NY,AEA,EN,Combined TRACON& Tower with Radar,8,10,20,0,38,0,0,4,0,4,8,10,24,0,42,0,0,0,42
08/28/2021,ELM,NY,AEA,EN,Combined TRACON& Tower with Radar,6,2,3,0,11,0,0,5,0,5,6,2,8,0,16,0,0,0,16
08/29/2021,ELM,NY,AEA,EN,Combined TRACON& Tower with Radar,5,0,9,0,14,0,0,0,0,0,5,0,9,0,14,0,0,0,14
08/30/2021,ELM,NY,AEA,EN,Combined TRACON& Tower with Radar,8,6,20,0,34,0,0,2,0,2,8,6,22,0,36,7,0,7,43
08/31/2021,ELM,NY,AEA,EN,Combined TRACON& Tower with Radar,4,12,6,0,22,0,0,9,0,9,4,12,15,0,31,2,0,2,33
09/01/2021,ELM,NY,AEA,EN,Combined TRACON& Tower with Radar,6,8,11,0,25,0,0,1,0,1,6,8,12,0,26,0,0,0,26
09/02/2021,ELM,NY,AEA,EN,Combined TRACON& Tower with Radar,6,8,24,0,38,0,1,7,0,8,6,9,31,0,46,10,0,10,56
09/03/2021,ELM,NY,AEA,EN,Combined TRACON& Tower with Radar,8,8,19,0,35,0,0,3,0,3,8,8,22,0,38,32,0,32,70
09/04/2021,ELM,NY,AEA,EN,Combined TRACON& Tower with Radar,6,3,10,0,19,0,2,15,0,17,6,5,25,0,36,22,0,22,58
09/05/2021,ELM,NY,AEA,EN,Combined TRACON& Tower with Radar,6,0,14,0,20,0,0,5,2,7,6,0,19,2,27,6,0,6,33
09/06/2021,ELM,NY,AEA,EN,Combined TRACON& Tower with Radar,8,0,4,0,12,0,0,9,0,9,8,0,13,0,21,10,0,10,31
09/07/2021,ELM,NY,AEA,EN,Combined TRACON& Tower with Radar,4,7,16,0,27,0,0,10,1,11,4,7,26,1,38,16,0,16,54
09/08/2021,ELM,NY,AEA,EN,Combined TRACON& Tower with Radar,6,18,18,0,42,0,0,5,0,5,6,18,23,0,47,0,0,0,47
09/09/2021,ELM,NY,AEA,EN,Combined TRACON& Tower with Radar,6,16,25,0,47,0,0,4,0,4,6,16,29,0,51,17,0,17,68
09/10/2021,ELM,NY,AEA,EN,Combined TRACON& Tower with Radar,8,6,22,0,36,0,0,11,0,11,8,6,33,0,47,0,0,0,47
09/11/2021,ELM,NY,AEA,EN,Combined TRACON& Tower with Radar,4,5,6,0,15,0,0,13,0,13,4,5,19,0,28,0,0,0,28
09/12/2021,ELM,NY,AEA,EN,Combined TRACON& Tower with Radar,6,7,19,0,32,0,0,7,0,7,6,7,26,0,39,10,0,10,49
09/13/2021,ELM,NY,AEA,EN,Combined TRACON& Tower with Radar,8,4,22,0,34,0,0,6,0,6,8,4,28,0,40,5,0,5,45
09/14/2021,ELM,NY,AEA,EN,Combined TRACON& Tower with Radar,4,12,14,1,31,0,0,6,0,6,4,12,20,1,37,0,0,0,37
09/15/2021,ELM,NY,AEA,EN,Combined TRACON& Tower with Radar,4,6,12,0,22,0,0,0,0,0,4,6,12,0,22,6,0,6,28
09/16/2021,ELM,NY,AEA,EN,Combined TRACON& Tower with Radar,6,13,32,4,55,0,2,4,0,6,6,15,36,4,61,25,0,25,86
09/17/2021,ELM,NY,AEA,EN,Combined TRACON& Tower with Radar,8,14,16,0,38,0,1,5,0,6,8,15,21,0,44,8,0,8,52
09/18/2021,ELM,NY,AEA,EN,Combined TRACON& Tower with Radar,4,6,21,0,31,0,1,6,0,7,4,7,27,0,38,7,0,7,45
09/19/2021,ELM,NY,AEA,EN,Combined TRACON& Tower with Radar,6,10,28,0,44,0,0,14,2,16,6,10,42,2,60,0,0,0,60
09/20/2021,ELM,NY,AEA,EN,Combined TRACON& Tower with Radar,8,3,17,4,32,0,0,11,0,11,8,3,28,4,43,0,0,0,43
09/21/2021,ELM,NY,AEA,EN,Combined TRACON& Tower with Radar,4,9,14,0,27,0,0,2,0,2,4,9,16,0,29,1,0,1,30
09/22/2021,ELM,NY,AEA,EN,Combined TRACON& Tower with Radar,4,7,16,3,30,0,0,0,0,0,4,7,16,3,30,0,0,0,30
09/23/2021,ELM,NY,AEA,EN,Combined TRACON& Tower with Radar,6,10,15,0,31,0,0,0,0,0,6,10,15,0,31,0,0,0,31
09/24/2021,ELM,NY,AEA,EN,Combined TRACON& Tower with Radar,8,5,27,0,40,0,0,10,4,14,8,5,37,4,54,7,0,7,61
09/25/2021,ELM,NY,AEA,EN,Combined TRACON& Tower with Radar,4,1,10,1,16,0,0,14,0,14,4,1,24,1,30,2,0,2,32
09/26/2021,ELM,NY,AEA,EN,Combined TRACON& Tower with Radar,6,2,16,0,24,0,0,4,0,4,6,2,20,0,28,0,0,0,28
09/27/2021,ELM,NY,AEA,EN,Combined TRACON& Tower with Radar,8,14,14,0,36,0,0,6,0,6,8,14,20,0,42,28,0,28,70
09/28/2021,ELM,NY,AEA,EN,Combined TRACON& Tower with Radar,4,7,14,0,25,0,1,0,0,1,4,8,14,0,26,1,0,1,27
09/29/2021,ELM,NY,AEA,EN,Combined TRACON& Tower with Radar,4,4,17,0,25,0,0,2,0,2,4,4,19,0,27,0,0,0,27
09/30/2021,ELM,NY,AEA,EN,Combined TRACON& Tower with Radar,6,4,17,0,27,0,0,4,0,4,6,4,21,0,31,0,0,0,31
10/01/2021,ELM,NY,AEA,EN,Combined TRACON& Tower with Radar,8,8,19,0,35,0,1,7,0,8,8,9,26,0,43,0,0,0,43
10/02/2021,ELM,NY,AEA,EN,Combined TRACON& Tower with Radar,4,1,15,0,20,0,0,15,0,15,4,1,30,0,35,8,0,8,43
10/03/2021,ELM,NY,AEA,EN,Combined TRACON& Tower with Radar,6,4,13,0,23,0,0,2,0,2,6,4,15,0,25,0,0,0,25
10/04/2021,ELM,NY,AEA,EN,Combined TRACON& Tower with Radar,8,5,22,0,35,0,0,0,0,0,8,5,22,0,35,0,0,0,35
10/05/2021,ELM,NY,AEA,EN,Combined TRACON& Tower with Radar,4,7,23,0,34,0,0,2,0,2,4,7,25,0,36,0,0,0,36
10/06/2021,ELM,NY,AEA,EN,Combined TRACON& Tower with Radar,6,8,21,2,37,0,0,0,0,0,6,8,21,2,37,0,0,0,37
10/07/2021,ELM,NY,AEA,EN,Combined TRACON& Tower with Radar,6,5,21,2,34,0,2,4,0,6,6,7,25,2,40,10,12,22,62
10/08/2021,ELM,NY,AEA,EN,Combined TRACON& Tower with Radar,8,4,26,0,38,0,0,4,0,4,8,4,30,0,42,1,0,1,43
10/09/2021,ELM,NY,AEA,EN,Combined TRACON& Tower with Radar,6,1,22,0,29,0,0,0,0,0,6,1,22,0,29,6,0,6,35
10/10/2021,ELM,NY,AEA,EN,Combined TRACON& Tower with Radar,6,6,11,0,23,0,0,1,0,1,6,6,12,0,24,0,0,0,24
10/11/2021,ELM,NY,AEA,EN,Combined TRACON& Tower with Radar,8,3,30,0,41,0,0,0,0,0,8,3,30,0,41,11,0,11,52
10/12/2021,ELM,NY,AEA,EN,Combined TRACON& Tower with Radar,4,8,15,0,27,0,2,2,0,4,4,10,17,0,31,8,0,8,39
10/13/2021,ELM,NY,AEA,EN,Combined TRACON& Tower with Radar,6,8,18,0,32,0,1,4,0,5,6,9,22,0,37,0,0,0,37
10/14/2021,ELM,NY,AEA,EN,Combined TRACON& Tower with Radar,6,3,17,2,28,0,1,13,0,14,6,4,30,2,42,16,0,16,58
10/15/2021,ELM,NY,AEA,EN,Combined TRACON& Tower with Radar,8,6,20,0,34,0,0,5,0,5,8,6,25,0,39,0,0,0,39
10/16/2021,ELM,NY,AEA,EN,Combined TRACON& Tower with Radar,6,1,14,0,21,0,0,1,0,1,6,1,15,0,22,0,0,0,22
10/17/2021,ELM,NY,AEA,EN,Combined TRACON& Tower with Radar,6,2,9,0,17,0,0,0,0,0,6,2,9,0,17,0,0,0,17
10/18/2021,ELM,NY,AEA,EN,Combined TRACON& Tower with Radar,8,3,16,0,27,0,0,2,0,2,8,3,18,0,29,8,0,8,37
10/19/2021,ELM,NY,AEA,EN,Combined TRACON& Tower with Radar,4,10,22,4,40,0,0,14,0,14,4,10,36,4,54,18,0,18,72
10/20/2021,ELM,NY,AEA,EN,Combined TRACON& Tower with Radar,6,7,15,2,30,0,2,8,0,10,6,9,23,2,40,2,0,2,42
10/21/2021,ELM,NY,AEA,EN,Combined TRACON& Tower with Radar,6,9,20,4,39,0,0,6,0,6,6,9,26,4,45,0,8,8,53
10/22/2021,ELM,NY,AEA,EN,Combined TRACON& Tower with Radar,7,11,19,0,37,0,0,3,0,3,7,11,22,0,40,6,0,6,46
10/23/2021,ELM,NY,AEA,EN,Combined TRACON& Tower with Radar,7,5,6,0,18,0,0,0,0,0,7,5,6,0,18,0,0,0,18
10/24/2021,ELM,NY,AEA,EN,Combined TRACON& Tower with Radar,7,2,10,0,19,0,0,5,0,5,7,2,15,0,24,3,0,3,27
10/25/2021,ELM,NY,AEA,EN,Combined TRACON& Tower with Radar,6,5,16,0,27,0,1,5,0,6,6,6,21,0,33,0,0,0,33
10/26/2021,ELM,NY,AEA,EN,Combined TRACON& Tower with Radar,6,11,7,0,24,0,0,0,0,0,6,11,7,0,24,0,0,0,24
10/27/2021,ELM,NY,AEA,EN,Combined TRACON& Tower with Radar,6,9,24,0,39,0,0,2,0,2,6,9,26,0,41,8,0,8,49
10/28/2021,ELM,NY,AEA,EN,Combined TRACON& Tower with Radar,6,8,24,4,42,0,1,12,0,13,6,9,36,4,55,1,0,1,56
10/29/2021,ELM,NY,AEA,EN,Combined TRACON& Tower with Radar,9,10,19,0,38,0,0,1,0,1,9,10,20,0,39,0,0,0,39
10/30/2021,ELM,NY,AEA,EN,Combined TRACON& Tower with Radar,6,2,6,0,14,0,0,0,0,0,6,2,6,0,14,0,0,0,14
10/31/2021,ELM,NY,AEA,EN,Combined TRACON& Tower with Radar,4,0,11,0,15,0,0,0,0,0,4,0,11,0,15,7,0,7,22
11/01/2021,ELM,NY,AEA,EN,Combined TRACON& Tower with Radar,8,3,21,6,38,0,2,5,0,7,8,5,26,6,45,20,0,20,65
11/02/2021,ELM,NY,AEA,EN,Combined TRACON& Tower with Radar,4,7,9,4,24,0,0,1,0,1,4,7,10,4,25,4,0,4,29
11/03/2021,ELM,NY,AEA,EN,Combined TRACON& Tower with Radar,6,7,14,0,27,0,0,10,0,10,6,7,24,0,37,4,0,4,41
11/04/2021,ELM,NY,AEA,EN,Combined TRACON& Tower with Radar,6,5,22,0,33,0,0,11,0,11,6,5,33,0,44,8,0,8,52
11/05/2021,ELM,NY,AEA,EN,Combined TRACON& Tower with Radar,8,5,16,0,29,0,1,2,0,3,8,6,18,0,32,0,0,0,32
11/06/2021,ELM,NY,AEA,EN,Combined TRACON& Tower with Radar,6,2,3,0,11,0,0,15,2,17,6,2,18,2,28,0,0,0,28
11/07/2021,ELM,NY,AEA,EN,Combined TRACON& Tower with Radar,6,1,11,0,18,0,0,12,0,12,6,1,23,0,30,14,0,14,44
11/08/2021,ELM,NY,AEA,EN,Combined TRACON& Tower with Radar,8,3,19,0,30,0,0,14,0,14,8,3,33,0,44,6,0,6,50
11/09/2021,ELM,NY,AEA,EN,Combined TRACON& Tower with Radar,4,8,11,0,23,0,0,9,0,9,4,8,20,0,32,0,0,0,32
11/10/2021,ELM,NY,AEA,EN,Combined TRACON& Tower with Radar,6,6,24,0,36,0,0,5,0,5,6,6,29,0,41,14,0,14,55
11/11/2021,ELM,NY,AEA,EN,Combined TRACON& Tower with Radar,6,7,12,0,25,0,0,6,0,6,6,7,18,0,31,0,0,0,31
11/12/2021,ELM,NY,AEA,EN,Combined TRACON& Tower with Radar,8,6,18,0,32,0,1,2,0,3,8,7,20,0,35,6,0,6,41
11/13/2021,ELM,NY,AEA,EN,Combined TRACON& Tower with Radar,6,1,6,0,13,0,0,1,0,1,6,1,7,0,14,0,0,0,14
11/14/2021,ELM,NY,AEA,EN,Combined TRACON& Tower with Radar,5,4,8,0,17,0,0,0,0,0,5,4,8,0,17,0,0,0,17
11/15/2021,ELM,NY,AEA,EN,Combined TRACON& Tower with Radar,7,4,18,2,31,0,0,0,0,0,7,4,18,2,31,0,0,0,31
11/16/2021,ELM,NY,AEA,EN,Combined TRACON& Tower with Radar,4,5,10,0,19,0,2,4,0,6,4,7,14,0,25,0,0,0,25
11/17/2021,ELM,NY,AEA,EN,Combined TRACON& Tower with Radar,1,1,11,0,13,0,1,2,0,3,1,2,13,0,16,6,0,6,22
11/18/2021,ELM,NY,AEA,EN,Combined TRACON& Tower with Radar,7,5,14,0,26,0,0,1,0,1,7,5,15,0,27,0,0,0,27
11/19/2021,ELM,NY,AEA,EN,Combined TRACON& Tower with Radar,8,6,20,0,34,0,2,5,0,7,8,8,25,0,41,4,0,4,45
11/20/2021,ELM,NY,AEA,EN,Combined TRACON& Tower with Radar,6,2,4,0,12,0,0,6,2,8,6,2,10,2,20,8,0,8,28
11/21/2021,ELM,NY,AEA,EN,Combined TRACON& Tower with Radar,8,3,3,0,14,0,0,3,0,3,8,3,6,0,17,14,0,14,31
11/22/2021,ELM,NY,AEA,EN,Combined TRACON& Tower with Radar,6,6,10,0,22,0,0,0,0,0,6,6,10,0,22,4,0,4,26
11/23/2021,ELM,NY,AEA,EN,Combined TRACON& Tower with Radar,6,10,6,2,24,0,0,3,1,4,6,10,9,3,28,0,0,0,28
11/24/2021,ELM,NY,AEA,EN,Combined TRACON& Tower with Radar,10,11,20,0,41,0,0,18,4,22,10,11,38,4,63,11,0,11,74
11/25/2021,ELM,NY,AEA,EN,Combined TRACON& Tower with Radar,2,0,0,0,2,0,0,1,0,1,2,0,1,0,3,0,0,0,3
11/26/2021,ELM,NY,AEA,EN,Combined TRACON& Tower with Radar,4,6,2,0,12,0,0,1,0,1,4,6,3,0,13,0,0,0,13
11/27/2021,ELM,NY,AEA,EN,Combined TRACON& Tower with Radar,10,5,9,0,24,0,0,2,0,2,10,5,11,0,26,0,0,0,26
11/28/2021,ELM,NY,AEA,EN,Combined TRACON& Tower with Radar,8,2,11,0,21,0,0,0,0,0,8,2,11,0,21,0,0,0,21
11/29/2021,ELM,NY,AEA,EN,Combined TRACON& Tower with Radar,10,8,19,0,37,0,0,0,0,0,10,8,19,0,37,4,0,4,41
11/30/2021,ELM,NY,AEA,EN,Combined TRACON& Tower with Radar,4,9,14,0,27,0,0,0,0,0,4,9,14,0,27,0,0,0,27
12/01/2021,ELM,NY,AEA,EN,Combined TRACON& Tower with Radar,6,10,26,0,42,0,0,2,4,6,6,10,28,4,48,2,0,2,50
12/02/2021,ELM,NY,AEA,EN,Combined TRACON& Tower with Radar,8,14,14,0,36,0,0,0,0,0,8,14,14,0,36,2,0,2,38
12/03/2021,ELM,NY,AEA,EN,Combined TRACON& Tower with Radar,8,10,14,0,32,0,0,2,0,2,8,10,16,0,34,6,0,6,40
12/04/2021,ELM,NY,AEA,EN,Combined TRACON& Tower with Radar,6,1,5,0,12,0,0,4,0,4,6,1,9,0,16,9,0,9,25
12/05/2021,ELM,NY,AEA,EN,Combined TRACON& Tower with Radar,8,1,12,0,21,0,0,19,0,19,8,1,31,0,40,14,0,14,54
12/06/2021,ELM,NY,AEA,EN,Combined TRACON& Tower with Radar,7,3,16,0,26,0,0,0,0,0,7,3,16,0,26,0,0,0,26
12/07/2021,ELM,NY,AEA,EN,Combined TRACON& Tower with Radar,4,11,11,0,26,0,0,2,0,2,4,11,13,0,28,0,0,0,28
12/08/2021,ELM,NY,AEA,EN,Combined TRACON& Tower with Radar,6,9,19,0,34,0,0,1,0,1,6,9,20,0,35,5,0,5,40
12/09/2021,ELM,NY,AEA,EN,Combined TRACON& Tower with Radar,8,13,16,0,37,0,0,5,0,5,8,13,21,0,42,10,0,10,52
12/10/2021,ELM,NY,AEA,EN,Combined TRACON& Tower with Radar,8,12,15,0,35,0,0,1,0,1,8,12,16,0,36,0,0,0,36
12/11/2021,ELM,NY,AEA,EN,Combined TRACON& Tower with Radar,6,1,3,0,10,0,0,0,0,0,6,1,3,0,10,0,0,0,10
12/12/2021,ELM,NY,AEA,EN,Combined TRACON& Tower with Radar,8,2,7,0,17,0,0,6,0,6,8,2,13,0,23,10,0,10,33
12/13/2021,ELM,NY,AEA,EN,Combined TRACON& Tower with Radar,8,5,18,0,31,0,0,3,1,4,8,5,21,1,35,5,8,13,48
12/14/2021,ELM,NY,AEA,EN,Combined TRACON& Tower with Radar,4,9,18,0,31,0,0,13,0,13,4,9,31,0,44,11,0,11,55
12/15/2021,ELM,NY,AEA,EN,Combined TRACON& Tower with Radar,4,8,15,0,27,0,1,0,0,1,4,9,15,0,28,0,0,0,28
12/16/2021,ELM,NY,AEA,EN,Combined TRACON& Tower with Radar,10,8,14,0,32,0,0,2,0,2,10,8,16,0,34,6,0,6,40
12/17/2021,ELM,NY,AEA,EN,Combined TRACON& Tower with Radar,10,10,16,0,36,0,1,8,1,10,10,11,24,1,46,10,0,10,56
12/18/2021,ELM,NY,AEA,EN,Combined TRACON& Tower with Radar,4,6,7,0,17,0,0,0,0,0,4,6,7,0,17,0,0,0,17
12/19/2021,ELM,NY,AEA,EN,Combined TRACON& Tower with Radar,10,0,6,0,16,0,1,1,0,2,10,1,7,0,18,7,0,7,25
12/20/2021,ELM,NY,AEA,EN,Combined TRACON& Tower with Radar,10,6,8,2,26,0,0,7,2,9,10,6,15,4,35,15,0,15,50
12/21/2021,ELM,NY,AEA,EN,Combined TRACON& Tower with Radar,8,12,16,2,38,0,0,14,0,14,8,12,30,2,52,2,0,2,54
12/22/2021,ELM,NY,AEA,EN,Combined TRACON& Tower with Radar,8,11,5,0,24,0,0,0,0,0,8,11,5,0,24,0,0,0,24
12/23/2021,ELM,NY,AEA,EN,Combined TRACON& Tower with Radar,12,13,15,0,40,0,0,0,0,0,12,13,15,0,40,0,0,0,40
12/24/2021,ELM,NY,AEA,EN,Combined TRACON& Tower with Radar,6,4,2,0,12,0,0,3,0,3,6,4,5,0,15,0,0,0,15
12/25/2021,ELM,NY,AEA,EN,Combined TRACON& Tower with Radar,4,1,2,0,7,0,0,0,0,0,4,1,2,0,7,0,0,0,7
12/26/2021,ELM,NY,AEA,EN,Combined TRACON& Tower with Radar,10,1,3,0,14,0,0,2,0,2,10,1,5,0,16,2,0,2,18
12/27/2021,ELM,NY,AEA,EN,Combined TRACON& Tower with Radar,8,7,11,0,26,0,0,0,0,0,8,7,11,0,26,0,0,0,26
12/28/2021,ELM,NY,AEA,EN,Combined TRACON& Tower with Radar,10,9,13,0,32,0,0,10,2,12,10,9,23,2,44,2,0,2,46
12/29/2021,ELM,NY,AEA,EN,Combined TRACON& Tower with Radar,5,6,4,0,15,0,0,0,0,0,5,6,4,0,15,0,0,0,15
12/30/2021,ELM,NY,AEA,EN,Combined TRACON& Tower with Radar,9,8,4,0,21,0,0,0,0,0,9,8,4,0,21,0,0,0,21
12/31/2021,ELM,NY,AEA,EN,Combined TRACON& Tower with Radar,5,9,3,0,17,0,0,4,0,4,5,9,7,0,21,0,0,0,21
01/01/2022,ELM,NY,AEA,EN,Combined TRACON& Tower with Radar,2,0,2,0,4,0,0,0,0,0,2,0,2,0,4,1,0,1,5
01/02/2022,ELM,NY,AEA,EN,Combined TRACON& Tower with Radar,5,0,7,0,12,0,0,0,0,0,5,0,7,0,12,0,0,0,12
01/03/2022,ELM,NY,AEA,EN,Combined TRACON& Tower with Radar,10,5,4,0,19,0,1,1,3,5,10,6,5,3,24,2,0,2,26
01/04/2022,ELM,NY,AEA,EN,Combined TRACON& Tower with Radar,6,11,14,2,33,0,0,8,4,12,6,11,22,6,45,3,0,3,48
01/05/2022,ELM,NY,AEA,EN,Combined TRACON& Tower with Radar,5,9,7,0,21,0,0,0,0,0,5,9,7,0,21,18,0,18,39
01/06/2022,ELM,NY,AEA,EN,Combined TRACON& Tower with Radar,4,10,8,0,22,0,0,2,0,2,4,10,10,0,24,10,0,10,34
01/07/2022,ELM,NY,AEA,EN,Combined TRACON& Tower with Radar,3,8,9,0,20,0,0,0,0,0,3,8,9,0,20,0,0,0,20
01/08/2022,ELM,NY,AEA,EN,Combined TRACON& Tower with Radar,4,2,11,0,17,0,1,19,2,22,4,3,30,2,39,7,0,7,46
01/09/2022,ELM,NY,AEA,EN,Combined TRACON& Tower with Radar,7,1,0,0,8,0,0,0,0,0,7,1,0,0,8,0,0,0,8
01/10/2022,ELM,NY,AEA,EN,Combined TRACON& Tower with Radar,4,5,16,0,25,0,0,1,0,1,4,5,17,0,26,0,0,0,26
01/11/2022,ELM,NY,AEA,EN,Combined TRACON& Tower with Radar,3,5,8,2,18,0,0,2,0,2,3,5,10,2,20,21,0,21,41
01/12/2022,ELM,NY,AEA,EN,Combined TRACON& Tower with Radar,6,8,9,0,23,0,0,4,0,4,6,8,13,0,27,11,0,11,38
01/13/2022,ELM,NY,AEA,EN,Combined TRACON& Tower with Radar,7,6,7,0,20,0,0,0,0,0,7,6,7,0,20,0,0,0,20
01/14/2022,ELM,NY,AEA,EN,Combined TRACON& Tower with Radar,8,10,12,0,30,0,0,0,0,0,8,10,12,0,30,0,0,0,30
01/15/2022,ELM,NY,AEA,EN,Combined TRACON& Tower with Radar,6,1,3,0,10,0,0,3,0,3,6,1,6,0,13,0,0,0,13
01/16/2022,ELM,NY,AEA,EN,Combined TRACON& Tower with Radar,3,3,2,0,8,0,0,6,0,6,3,3,8,0,14,0,0,0,14
01/17/2022,ELM,NY,AEA,EN,Combined TRACON& Tower with Radar,7,5,2,0,14,0,0,0,0,0,7,5,2,0,14,0,0,0,14
01/18/2022,ELM,NY,AEA,EN,Combined TRACON& Tower with Radar,4,6,10,0,20,0,1,0,2,3,4,7,10,2,23,4,0,4,27
01/19/2022,ELM,NY,AEA,EN,Combined TRACON& Tower with Radar,6,6,9,0,21,0,0,0,1,1,6,6,9,1,22,0,0,0,22
01/20/2022,ELM,NY,AEA,EN,Combined TRACON& Tower with Radar,8,7,12,0,27,0,1,0,0,1,8,8,12,0,28,0,0,0,28
01/21/2022,ELM,NY,AEA,EN,Combined TRACON& Tower with Radar,6,8,17,0,31,0,0,5,0,5,6,8,22,0,36,4,0,4,40
01/22/2022,ELM,NY,AEA,EN,Combined TRACON& Tower with Radar,6,1,9,0,16,0,0,16,0,16,6,1,25,0,32,20,0,20,52
01/23/2022,ELM,NY,AEA,EN,Combined TRACON& Tower with Radar,7,2,8,0,17,0,0,2,0,2,7,2,10,0,19,3,0,3,22
01/24/2022,ELM,NY,AEA,EN,Combined TRACON& Tower with Radar,7,6,17,0,30,0,0,0,0,0,7,6,17,0,30,0,0,0,30
01/25/2022,ELM,NY,AEA,EN,Combined TRACON& Tower with Radar,4,8,6,0,18,0,0,0,0,0,4,8,6,0,18,1,0,1,19
01/26/2022,ELM,NY,AEA,EN,Combined TRACON& Tower with Radar,6,8,14,0,28,0,1,0,1,2,6,9,14,1,30,22,0,22,52
01/27/2022,ELM,NY,AEA,EN,Combined TRACON& Tower with Radar,8,12,16,0,36,0,0,9,0,9,8,12,25,0,45,20,0,20,65
01/28/2022,ELM,NY,AEA,EN,Combined TRACON& Tower with Radar,7,8,14,0,29,0,0,0,0,0,7,8,14,0,29,0,0,0,29
01/29/2022,ELM,NY,AEA,EN,Combined TRACON& Tower with Radar,6,1,2,0,9,0,0,0,0,0,6,1,2,0,9,0,0,0,9
01/30/2022,ELM,NY,AEA,EN,Combined TRACON& Tower with Radar,8,1,12,0,21,0,0,13,0,13,8,1,25,0,34,3,0,3,37
01/31/2022,ELM,NY,AEA,EN,Combined TRACON& Tower with Radar,8,6,19,0,33,0,1,5,4,10,8,7,24,4,43,10,0,10,53
02/01/2022,ELM,NY,AEA,EN,Combined TRACON& Tower with Radar,4,8,4,0,16,0,0,4,2,6,4,8,8,2,22,0,0,0,22
02/02/2022,ELM,NY,AEA,EN,Combined TRACON& Tower with Radar,5,9,15,0,29,0,0,4,0,4,5,9,19,0,33,9,0,9,42
02/03/2022,ELM,NY,AEA,EN,Combined TRACON& Tower with Radar,2,4,4,0,10,0,0,0,0,0,2,4,4,0,10,0,0,0,10
02/04/2022,ELM,NY,AEA,EN,Combined TRACON& Tower with Radar,4,5,7,0,16,0,0,0,0,0,4,5,7,0,16,0,0,0,16
02/05/2022,ELM,NY,AEA,EN,Combined TRACON& Tower with Radar,4,1,5,0,10,0,0,2,0,2,4,1,7,0,12,0,0,0,12
02/06/2022,ELM,NY,AEA,EN,Combined TRACON& Tower with Radar,5,4,8,0,17,0,0,3,0,3,5,4,11,0,20,0,0,0,20
02/07/2022,ELM,NY,AEA,EN,Combined TRACON& Tower with Radar,4,6,15,0,25,0,1,8,0,9,4,7,23,0,34,0,0,0,34
02/08/2022,ELM,NY,AEA,EN,Combined TRACON& Tower with Radar,4,11,11,0,26,0,0,2,0,2,4,11,13,0,28,6,0,6,34
02/09/2022,ELM,NY,AEA,EN,Combined TRACON& Tower with Radar,6,8,13,2,29,0,0,6,2,8,6,8,19,4,37,12,0,12,49
02/10/2022,ELM,NY,AEA,EN,Combined TRACON& Tower with Radar,6,8,14,0,28,0,0,0,0,0,6,8,14,0,28,1,0,1,29
02/11/2022,ELM,NY,AEA,EN,Combined TRACON& Tower with Radar,6,8,18,0,32,0,0,3,0,3,6,8,21,0,35,7,0,7,42
02/12/2022,ELM,NY,AEA,EN,Combined TRACON& Tower with Radar,6,2,9,0,17,0,0,0,0,0,6,2,9,0,17,0,0,0,17
02/13/2022,ELM,NY,AEA,EN,Combined TRACON& Tower with Radar,5,2,11,0,18,0,0,1,0,1,5,2,12,0,19,0,0,0,19
02/14/2022,ELM,NY,AEA,EN,Combined TRACON& Tower with Radar,6,3,14,6,29,0,2,0,0,2,6,5,14,6,31,0,0,0,31
02/15/2022,ELM,NY,AEA,EN,Combined TRACON& Tower with Radar,4,8,11,0,23,0,0,1,0,1,4,8,12,0,24,3,0,3,27
02/16/2022,ELM,NY,AEA,EN,Combined TRACON& Tower with Radar,10,6,13,0,29,0,1,0,0,1,10,7,13,0,30,12,0,12,42
02/17/2022,ELM,NY,AEA,EN,Combined TRACON& Tower with Radar,4,5,12,0,21,0,0,0,0,0,4,5,12,0,21,18,0,18,39
02/18/2022,ELM,NY,AEA,EN,Combined TRACON& Tower with Radar,7,7,25,0,39,0,0,3,0,3,7,7,28,0,42,6,0,6,48
02/19/2022,ELM,NY,AEA,EN,Combined TRACON& Tower with Radar,10,3,8,0,21,0,0,0,0,0,10,3,8,0,21,0,0,0,21
02/20/2022,ELM,NY,AEA,EN,Combined TRACON& Tower with Radar,4,1,4,0,9,0,0,4,0,4,4,1,8,0,13,22,0,22,35
02/21/2022,ELM,NY,AEA,EN,Combined TRACON& Tower with Radar,8,5,23,0,36,0,2,27,0,29,8,7,50,0,65,26,0,26,91
02/22/2022,ELM,NY,AEA,EN,Combined TRACON& Tower with Radar,6,8,10,0,24,0,0,0,0,0,6,8,10,0,24,0,0,0,24
02/23/2022,ELM,NY,AEA,EN,Combined TRACON& Tower with Radar,10,9,9,0,28,2,0,0,0,2,12,9,9,0,30,0,0,0,30
02/24/2022,ELM,NY,AEA,EN,Combined TRACON& Tower with Radar,4,8,13,0,25,0,1,5,1,7,4,9,18,1,32,11,0,11,43
02/25/2022,ELM,NY,AEA,EN,Combined TRACON& Tower with Radar,7,11,7,2,27,0,0,0,0,0,7,11,7,2,27,0,0,0,27
02/26/2022,ELM,NY,AEA,EN,Combined TRACON& Tower with Radar,8,2,10,0,20,0,2,5,0,7,8,4,15,0,27,0,0,0,27
02/27/2022,ELM,NY,AEA,EN,Combined TRACON& Tower with Radar,4,2,9,0,15,0,0,2,0,2,4,2,11,0,17,0,0,0,17
02/28/2022,ELM,NY,AEA,EN,Combined TRACON& Tower with Radar,8,7,22,0,37,0,0,4,0,4,8,7,26,0,41,32,0,32,73
03/01/2022,ELM,NY,AEA,EN,Combined TRACON& Tower with Radar,4,10,14,0,28,0,1,9,0,10,4,11,23,0,38,0,0,0,38
03/02/2022,ELM,NY,AEA,EN,Combined TRACON& Tower with Radar,10,10,16,0,36,0,0,2,0,2,10,10,18,0,38,7,0,7,45
03/03/2022,ELM,NY,AEA,EN,Combined TRACON& Tower with Radar,4,15,16,0,35,0,0,0,0,0,4,15,16,0,35,1,0,1,36
03/04/2022,ELM,NY,AEA,EN,Combined TRACON& Tower with Radar,8,11,14,0,33,7,0,8,2,17,15,11,22,2,50,0,0,0,50
03/05/2022,ELM,NY,AEA,EN,Combined TRACON& Tower with Radar,8,3,6,0,17,0,2,13,0,15,8,5,19,0,32,33,0,33,65
03/06/2022,ELM,NY,AEA,EN,Combined TRACON& Tower with Radar,4,2,4,0,10,0,0,0,0,0,4,2,4,0,10,0,0,0,10
03/07/2022,ELM,NY,AEA,EN,Combined TRACON& Tower with Radar,8,7,16,0,31,0,0,0,0,0,8,7,16,0,31,0,0,0,31
03/08/2022,ELM,NY,AEA,EN,Combined TRACON& Tower with Radar,4,8,13,0,25,0,0,4,0,4,4,8,17,0,29,18,0,18,47
03/09/2022,ELM,NY,AEA,EN,Combined TRACON& Tower with Radar,9,6,12,0,27,0,0,0,0,0,9,6,12,0,27,0,0,0,27
03/10/2022,ELM,NY,AEA,EN,Combined TRACON& Tower with Radar,5,10,17,0,32,0,0,3,0,3,5,10,20,0,35,2,0,2,37
03/11/2022,ELM,NY,AEA,EN,Combined TRACON& Tower with Radar,8,5,12,0,25,0,0,2,0,2,8,5,14,0,27,0,0,0,27
03/12/2022,ELM,NY,AEA,EN,Combined TRACON& Tower with Radar,6,1,7,0,14,0,0,0,0,0,6,1,7,0,14,0,0,0,14
03/13/2022,ELM,NY,AEA,EN,Combined TRACON& Tower with Radar,4,4,6,0,14,0,0,4,0,4,4,4,10,0,18,0,0,0,18
03/14/2022,ELM,NY,AEA,EN,Combined TRACON& Tower with Radar,8,7,16,2,33,0,0,2,0,2,8,7,18,2,35,4,0,4,39
03/15/2022,ELM,NY,AEA,EN,Combined TRACON& Tower with Radar,4,6,9,0,19,0,0,2,0,2,4,6,11,0,21,0,0,0,21
03/16/2022,ELM,NY,AEA,EN,Combined TRACON& Tower with Radar,10,7,15,3,35,0,0,7,0,7,10,7,22,3,42,12,0,12,54
03/17/2022,ELM,NY,AEA,EN,Combined TRACON& Tower with Radar,4,15,9,0,28,0,0,6,0,6,4,15,15,0,34,5,0,5,39
03/18/2022,ELM,NY,AEA,EN,Combined TRACON& Tower with Radar,8,6,16,0,30,0,0,12,2,14,8,6,28,2,44,13,0,13,57
03/19/2022,ELM,NY,AEA,EN,Combined TRACON& Tower with Radar,6,1,8,0,15,0,0,1,0,1,6,1,9,0,16,1,0,1,17
03/20/2022,ELM,NY,AEA,EN,Combined TRACON& Tower with Radar,4,8,6,0,18,0,0,0,0,0,4,8,6,0,18,3,0,3,21
03/21/2022,ELM,NY,AEA,EN,Combined TRACON& Tower with Radar,8,10,17,0,35,0,0,5,0,5,8,10,22,0,40,2,0,2,42
03/22/2022,ELM,NY,AEA,EN,Combined TRACON& Tower with Radar,4,8,17,0,29,0,0,14,0,14,4,8,31,0,43,7,0,7,50
03/23/2022,ELM,NY,AEA,EN,Combined TRACON& Tower with Radar,10,5,17,0,32,0,0,0,0,0,10,5,17,0,32,0,0,0,32
03/24/2022,ELM,NY,AEA,EN,Combined TRACON& Tower with Radar,4,6,16,0,26,0,0,0,0,0,4,6,16,0,26,0,0,0,26
03/25/2022,ELM,NY,AEA,EN,Combined TRACON& Tower with Radar,8,10,17,0,35,0,0,6,0,6,8,10,23,0,41,6,0,6,47
03/26/2022,ELM,NY,AEA,EN,Combined TRACON& Tower with Radar,8,2,1,0,11,0,0,3,0,3,8,2,4,0,14,0,0,0,14
03/27/2022,ELM,NY,AEA,EN,Combined TRACON& Tower with Radar,4,0,5,0,9,0,0,0,0,0,4,0,5,0,9,0,0,0,9
03/28/2022,ELM,NY,AEA,EN,Combined TRACON& Tower with Radar,10,3,15,0,28,0,0,0,0,0,10,3,15,0,28,0,0,0,28
03/29/2022,ELM,NY,AEA,EN,Combined TRACON& Tower with Radar,4,6,22,0,32,0,0,1,0,1,4,6,23,0,33,4,0,4,37
03/30/2022,ELM,NY,AEA,EN,Combined TRACON& Tower with Radar,10,4,10,1,25,0,0,4,2,6,10,4,14,3,31,14,1,15,46
03/31/2022,ELM,NY,AEA,EN,Combined TRACON& Tower with Radar,4,5,13,0,22,0,0,2,2,4,4,5,15,2,26,2,0,2,28
04/01/2022,ELM,NY,AEA,EN,Combined TRACON& Tower with Radar,8,4,15,0,27,0,0,0,0,0,8,4,15,0,27,8,0,8,35
04/02/2022,ELM,NY,AEA,EN,Combined TRACON& Tower with Radar,8,1,5,0,14,0,0,15,0,15,8,1,20,0,29,20,0,20,49
04/03/2022,ELM,NY,AEA,EN,Combined TRACON& Tower with Radar,4,4,7,0,15,0,0,0,0,0,4,4,7,0,15,2,0,2,17
04/04/2022,ELM,NY,AEA,EN,Combined TRACON& Tower with Radar,8,11,24,0,43,0,2,2,0,4,8,13,26,0,47,10,0,10,57
04/05/2022,ELM,NY,AEA,EN,Combined TRACON& Tower with Radar,4,7,14,0,25,0,0,11,1,12,4,7,25,1,37,15,0,15,52
04/06/2022,ELM,NY,AEA,EN,Combined TRACON& Tower with Radar,10,7,20,0,37,0,0,0,0,0,10,7,20,0,37,0,0,0,37
04/07/2022,ELM,NY,AEA,EN,Combined TRACON& Tower with Radar,4,4,18,0,26,0,0,0,0,0,4,4,18,0,26,0,0,0,26
04/08/2022,ELM,NY,AEA,EN,Combined TRACON& Tower with Radar,8,6,18,0,32,0,1,9,0,10,8,7,27,0,42,0,0,0,42
04/09/2022,ELM,NY,AEA,EN,Combined TRACON& Tower with Radar,8,1,2,0,11,0,0,0,0,0,8,1,2,0,11,0,0,0,11
04/10/2022,ELM,NY,AEA,EN,Combined TRACON& Tower with Radar,4,1,1,0,6,0,1,0,0,1,4,2,1,0,7,0,0,0,7
04/11/2022,ELM,NY,AEA,EN,Combined TRACON& Tower with Radar,10,3,21,0,34,0,1,16,0,17,10,4,37,0,51,43,0,43,94
04/12/2022,ELM,NY,AEA,EN,Combined TRACON& Tower with Radar,6,6,15,2,29,0,0,13,1,14,6,6,28,3,43,43,0,43,86
04/13/2022,ELM,NY,AEA,EN,Combined TRACON& Tower with Radar,10,10,15,0,35,16,0,8,0,24,26,10,23,0,59,0,0,0,59
04/14/2022,ELM,NY,AEA,EN,Combined TRACON& Tower with Radar,4,5,16,0,25,0,0,6,0,6,4,5,22,0,31,1,0,1,32
04/15/2022,ELM,NY,AEA,EN,Combined TRACON& Tower with Radar,7,7,13,0,27,0,0,13,0,13,7,7,26,0,40,0,0,0,40
04/16/2022,ELM,NY,AEA,EN,Combined TRACON& Tower with Radar,7,1,2,0,10,0,0,0,0,0,7,1,2,0,10,0,0,0,10
04/17/2022,ELM,NY,AEA,EN,Combined TRACON& Tower with Radar,3,0,9,0,12,0,0,2,0,2,3,0,11,0,14,0,0,0,14
04/18/2022,ELM,NY,AEA,EN,Combined TRACON& Tower with Radar,7,5,14,0,26,0,0,9,0,9,7,5,23,0,35,5,0,5,40
04/19/2022,ELM,NY,AEA,EN,Combined TRACON& Tower with Radar,6,4,7,0,17,0,0,2,1,3,6,4,9,1,20,0,0,0,20
04/20/2022,ELM,NY,AEA,EN,Combined TRACON& Tower with Radar,7,4,15,0,26,2,0,15,0,17,9,4,30,0,43,0,0,0,43
04/21/2022,ELM,NY,AEA,EN,Combined TRACON& Tower with Radar,5,4,15,2,26,0,0,0,1,1,5,4,15,3,27,20,0,20,47
04/22/2022,ELM,NY,AEA,EN,Combined TRACON& Tower with Radar,8,4,20,0,32,0,0,15,0,15,8,4,35,0,47,17,0,17,64
04/23/2022,ELM,NY,AEA,EN,Combined TRACON& Tower with Radar,8,1,7,0,16,0,0,12,0,12,8,1,19,0,28,31,0,31,59
04/24/2022,ELM,NY,AEA,EN,Combined TRACON& Tower with Radar,4,0,16,0,20,0,0,20,0,20,4,0,36,0,40,7,0,7,47
04/25/2022,ELM,NY,AEA,EN,Combined TRACON& Tower with Radar,8,5,22,1,36,0,0,9,2,11,8,5,31,3,47,6,0,6,53
04/26/2022,ELM,NY,AEA,EN,Combined TRACON& Tower with Radar,4,9,20,0,33,0,0,0,0,0,4,9,20,0,33,0,0,0,33
04/27/2022,ELM,NY,AEA,EN,Combined TRACON& Tower with Radar,6,7,10,0,23,0,0,0,0,0,6,7,10,0,23,0,0,0,23
04/28/2022,ELM,NY,AEA,EN,Combined TRACON& Tower with Radar,4,12,17,0,33,0,0,5,0,5,4,12,22,0,38,1,0,1,39
04/29/2022,ELM,NY,AEA,EN,Combined TRACON& Tower with Radar,6,5,25,0,36,0,0,17,0,17,6,5,42,0,53,8,0,8,61
04/30/2022,ELM,NY,AEA,EN,Combined TRACON& Tower with Radar,5,6,7,0,18,0,0,13,0,13,5,6,20,0,31,5,0,5,36
05/01/2022,ELM,NY,AEA,EN,Combined TRACON& Tower with Radar,5,5,8,0,18,0,0,2,0,2,5,5,10,0,20,0,0,0,20
05/02/2022,ELM,NY,AEA,EN,Combined TRACON& Tower with Radar,6,9,20,0,35,0,0,1,0,1,6,9,21,0,36,0,0,0,36
05/03/2022,ELM,NY,AEA,EN,Combined TRACON& Tower with Radar,4,10,27,0,41,0,0,7,0,7,4,10,34,0,48,0,0,0,48
05/04/2022,ELM,NY,AEA,EN,Combined TRACON& Tower with Radar,6,5,18,0,29,0,0,0,0,0,6,5,18,0,29,0,0,0,29
05/05/2022,ELM,NY,AEA,EN,Combined TRACON& Tower with Radar,4,8,22,0,34,0,0,18,0,18,4,8,40,0,52,15,0,15,67
05/06/2022,ELM,NY,AEA,EN,Combined TRACON& Tower with Radar,6,6,20,0,32,0,0,0,0,0,6,6,20,0,32,0,0,0,32
05/07/2022,ELM,NY,AEA,EN,Combined TRACON& Tower with Radar,6,1,8,0,15,0,0,0,0,0,6,1,8,0,15,3,0,3,18
05/08/2022,ELM,NY,AEA,EN,Combined TRACON& Tower with Radar,4,0,6,0,10,0,1,19,0,20,4,1,25,0,30,0,0,0,30
05/09/2022,ELM,NY,AEA,EN,Combined TRACON& Tower with Radar,6,11,16,0,33,0,0,16,0,16,6,11,32,0,49,20,0,20,69
05/10/2022,ELM,NY,AEA,EN,Combined TRACON& Tower with Radar,4,10,20,0,34,0,1,15,0,16,4,11,35,0,50,13,0,13,63
05/11/2022,ELM,NY,AEA,EN,Combined TRACON& Tower with Radar,6,4,17,0,27,0,0,16,0,16,6,4,33,0,43,11,0,11,54
05/12/2022,ELM,NY,AEA,EN,Combined TRACON& Tower with Radar,4,7,20,0,31,0,4,10,0,14,4,11,30,0,45,19,0,19,64
05/13/2022,ELM,NY,AEA,EN,Combined TRACON& Tower with Radar,6,4,16,0,26,0,0,6,1,7,6,4,22,1,33,1,0,1,34
05/14/2022,ELM,NY,AEA,EN,Combined TRACON& Tower with Radar,6,7,6,0,19,0,0,7,0,7,6,7,13,0,26,0,0,0,26
05/15/2022,ELM,NY,AEA,EN,Combined TRACON& Tower with Radar,4,0,10,0,14,0,0,3,0,3,4,0,13,0,17,8,0,8,25
05/16/2022,ELM,NY,AEA,EN,Combined TRACON& Tower with Radar,6,3,15,0,24,0,0,1,0,1,6,3,16,0,25,0,0,0,25
05/17/2022,ELM,NY,AEA,EN,Combined TRACON& Tower with Radar,4,22,15,0,41,0,0,9,0,9,4,22,24,0,50,11,0,11,61
05/18/2022,ELM,NY,AEA,EN,Combined TRACON& Tower with Radar,4,11,23,0,38,0,0,5,0,5,4,11,28,0,43,8,0,8,51
05/19/2022,ELM,NY,AEA,EN,Combined TRACON& Tower with Radar,5,9,29,2,45,0,0,4,0,4,5,9,33,2,49,0,0,0,49
05/20/2022,ELM,NY,AEA,EN,Combined TRACON& Tower with Radar,9,9,19,0,37,0,1,7,0,8,9,10,26,0,45,9,0,9,54
05/21/2022,ELM,NY,AEA,EN,Combined TRACON& Tower with Radar,4,7,13,0,24,0,0,13,0,13,4,7,26,0,37,1,0,1,38
05/22/2022,ELM,NY,AEA,EN,Combined TRACON& Tower with Radar,6,27,33,0,66,0,3,5,0,8,6,30,38,0,74,0,0,0,74
05/23/2022,ELM,NY,AEA,EN,Combined TRACON& Tower with Radar,6,7,26,0,39,0,0,15,0,15,6,7,41,0,54,14,0,14,68
05/24/2022,ELM,NY,AEA,EN,Combined TRACON& Tower with Radar,4,5,6,0,15,0,1,9,0,10,4,6,15,0,25,8,0,8,33
05/25/2022,ELM,NY,AEA,EN,Combined TRACON& Tower with Radar,4,7,21,0,32,0,0,3,0,3,4,7,24,0,35,7,0,7,42
05/26/2022,ELM,NY,AEA,EN,Combined TRACON& Tower with Radar,6,8,23,0,37,0,0,4,0,4,6,8,27,0,41,0,0,0,41
05/27/2022,ELM,NY,AEA,EN,Combined TRACON& Tower with Radar,6,6,15,0,27,0,0,0,0,0,6,6,15,0,27,0,0,0,27
05/28/2022,ELM,NY,AEA,EN,Combined TRACON& Tower with Radar,4,1,7,0,12,0,0,0,0,0,4,1,7,0,12,0,0,0,12
05/29/2022,ELM,NY,AEA,EN,Combined TRACON& Tower with Radar,6,2,7,0,15,0,0,15,0,15,6,2,22,0,30,9,0,9,39
05/30/2022,ELM,NY,AEA,EN,Combined TRACON& Tower with Radar,6,2,11,0,19,0,1,6,0,7,6,3,17,0,26,5,0,5,31
05/31/2022,ELM,NY,AEA,EN,Combined TRACON& Tower with Radar,4,4,13,0,21,0,0,6,0,6,4,4,19,0,27,1,0,1,28
06/01/2022,ELM,NY,AEA,EN,Combined TRACON& Tower with Radar,4,7,16,0,27,0,0,3,0,3,4,7,19,0,30,8,0,8,38
06/02/2022,ELM,NY,AEA,EN,Combined TRACON& Tower with Radar,6,4,17,0,27,0,0,2,0,2,6,4,19,0,29,4,0,4,33
06/03/2022,ELM,NY,AEA,EN,Combined TRACON& Tower with Radar,6,8,22,0,36,0,0,3,0,3,6,8,25,0,39,18,0,18,57
06/04/2022,ELM,NY,AEA,EN,Combined TRACON& Tower with Radar,4,7,3,0,14,0,0,5,0,5,4,7,8,0,19,0,0,0,19
06/05/2022,ELM,NY,AEA,EN,Combined TRACON& Tower with Radar,6,4,12,0,22,0,1,15,0,16,6,5,27,0,38,37,0,37,75
06/06/2022,ELM,NY,AEA,EN,Combined TRACON& Tower with Radar,6,6,23,0,35,0,0,5,2,7,6,6,28,2,42,8,2,10,52
06/07/2022,ELM,NY,AEA,EN,Combined TRACON& Tower with Radar,4,10,21,0,35,0,0,1,0,1,4,10,22,0,36,0,0,0,36
06/08/2022,ELM,NY,AEA,EN,Combined TRACON& Tower with Radar,4,7,23,0,34,0,0,4,0,4,4,7,27,0,38,27,0,27,65
06/09/2022,ELM,NY,AEA,EN,Combined TRACON& Tower with Radar,6,10,19,0,35,0,0,1,0,1,6,10,20,0,36,12,0,12,48
06/10/2022,ELM,NY,AEA,EN,Combined TRACON& Tower with Radar,6,6,26,0,38,0,1,7,0,8,6,7,33,0,46,14,0,14,60
06/11/2022,ELM,NY,AEA,EN,Combined TRACON& Tower with Radar,4,5,4,0,13,0,0,5,0,5,4,5,9,0,18,2,0,2,20
06/12/2022,ELM,NY,AEA,EN,Combined TRACON& Tower with Radar,6,2,2,1,11,0,0,1,0,1,6,2,3,1,12,0,0,0,12
06/13/2022,ELM,NY,AEA,EN,Combined TRACON& Tower with Radar,6,3,25,0,34,0,1,8,0,9,6,4,33,0,43,12,0,12,55
06/14/2022,ELM,NY,AEA,EN,Combined TRACON& Tower with Radar,4,4,16,0,24,0,0,14,0,14,4,4,30,0,38,22,0,22,60
06/15/2022,ELM,NY,AEA,EN,Combined TRACON& Tower with Radar,4,6,14,0,24,0,2,13,0,15,4,8,27,0,39,17,0,17,56
06/16/2022,ELM,NY,AEA,EN,Combined TRACON& Tower with Radar,6,6,25,0,37,0,0,0,0,0,6,6,25,0,37,0,0,0,37
06/17/2022,ELM,NY,AEA,EN,Combined TRACON& Tower with Radar,6,5,23,0,34,0,0,1,0,1,6,5,24,0,35,0,0,0,35
06/18/2022,ELM,NY,AEA,EN,Combined TRACON& Tower with Radar,6,3,9,0,18,0,0,3,0,3,6,3,12,0,21,0,0,0,21
06/19/2022,ELM,NY,AEA,EN,Combined TRACON& Tower with Radar,6,0,13,0,19,0,0,5,0,5,6,0,18,0,24,0,0,0,24
06/20/2022,ELM,NY,AEA,EN,Combined TRACON& Tower with Radar,6,9,19,0,34,0,0,7,0,7,6,9,26,0,41,14,0,14,55
06/21/2022,ELM,NY,AEA,EN,Combined TRACON& Tower with Radar,4,9,12,0,25,0,0,7,0,7,4,9,19,0,32,23,0,23,55
06/22/2022,ELM,NY,AEA,EN,Combined TRACON& Tower with Radar,4,15,23,0,42,0,1,0,0,1,4,16,23,0,43,8,0,8,51
06/23/2022,ELM,NY,AEA,EN,Combined TRACON& Tower with Radar,6,15,28,0,49,0,0,5,0,5,6,15,33,0,54,8,0,8,62
06/24/2022,ELM,NY,AEA,EN,Combined TRACON& Tower with Radar,5,12,29,0,46,0,0,4,0,4,5,12,33,0,50,7,0,7,57
06/25/2022,ELM,NY,AEA,EN,Combined TRACON& Tower with Radar,7,21,15,0,43,0,4,17,1,22,7,25,32,1,65,0,0,0,65
06/26/2022,ELM,NY,AEA,EN,Combined TRACON& Tower with Radar,5,11,41,0,57,0,0,2,0,2,5,11,43,0,59,0,0,0,59
06/27/2022,ELM,NY,AEA,EN,Combined TRACON& Tower with Radar,4,8,20,7,39,0,0,2,0,2,4,8,22,7,41,4,14,18,59
06/28/2022,ELM,NY,AEA,EN,Combined TRACON& Tower with Radar,5,12,13,0,30,0,0,13,0,13,5,12,26,0,43,20,0,20,63
06/29/2022,ELM,NY,AEA,EN,Combined TRACON& Tower with Radar,4,8,19,0,31,0,0,11,0,11,4,8,30,0,42,25,0,25,67
06/30/2022,ELM,NY,AEA,EN,Combined TRACON& Tower with Radar,6,6,26,0,38,0,0,14,0,14,6,6,40,0,52,14,0,14,66
07/01/2022,ELM,NY,AEA,EN,Combined TRACON& Tower with Radar,5,7,22,0,34,0,4,7,1,12,5,11,29,1,46,0,0,0,46
07/02/2022,ELM,NY,AEA,EN,Combined TRACON& Tower with Radar,6,3,7,0,16,0,0,6,0,6,6,3,13,0,22,1,0,1,23
07/03/2022,ELM,NY,AEA,EN,Combined TRACON& Tower with Radar,6,4,2,0,12,0,1,17,1,19,6,5,19,1,31,18,0,18,49
07/04/2022,ELM,NY,AEA,EN,Combined TRACON& Tower with Radar,6,1,5,0,12,0,0,12,0,12,6,1,17,0,24,11,0,11,35
07/05/2022,ELM,NY,AEA,EN,Combined TRACON& Tower with Radar,4,3,20,0,27,0,0,5,0,5,4,3,25,0,32,4,0,4,36
07/06/2022,ELM,NY,AEA,EN,Combined TRACON& Tower with Radar,4,7,18,0,29,24,2,5,0,31,28,9,23,0,60,0,0,0,60
07/07/2022,ELM,NY,AEA,EN,Combined TRACON& Tower with Radar,6,9,15,0,30,20,0,8,0,28,26,9,23,0,58,0,0,0,58
07/08/2022,ELM,NY,AEA,EN,Combined TRACON& Tower with Radar,6,10,14,0,30,0,1,12,0,13,6,11,26,0,43,14,0,14,57
07/09/2022,ELM,NY,AEA,EN,Combined TRACON& Tower with Radar,6,3,11,0,20,0,1,12,0,13,6,4,23,0,33,3,0,3,36
07/10/2022,ELM,NY,AEA,EN,Combined TRACON& Tower with Radar,6,4,16,0,26,0,0,15,0,15,6,4,31,0,41,20,0,20,61
07/11/2022,ELM,NY,AEA,EN,Combined TRACON& Tower with Radar,6,5,17,4,32,0,0,5,0,5,6,5,22,4,37,14,0,14,51
07/12/2022,ELM,NY,AEA,EN,Combined TRACON& Tower with Radar,4,8,19,0,31,0,0,1,0,1,4,8,20,0,32,10,0,10,42
07/13/2022,ELM,NY,AEA,EN,Combined TRACON& Tower with Radar,4,8,19,0,31,0,0,10,0,10,4,8,29,0,41,36,0,36,77
07/14/2022,ELM,NY,AEA,EN,Combined TRACON& Tower with Radar,6,5,29,3,43,0,1,2,0,3,6,6,31,3,46,37,0,37,83
07/15/2022,ELM,NY,AEA,EN,Combined TRACON& Tower with Radar,6,7,16,0,29,0,1,13,0,14,6,8,29,0,43,18,0,18,61
07/16/2022,ELM,NY,AEA,EN,Combined TRACON& Tower with Radar,6,5,7,1,19,0,3,11,1,15,6,8,18,2,34,34,0,34,68
07/17/2022,ELM,NY,AEA,EN,Combined TRACON& Tower with Radar,6,2,6,0,14,0,0,9,2,11,6,2,15,2,25,4,0,4,29
07/18/2022,ELM,NY,AEA,EN,Combined TRACON& Tower with Radar,6,7,24,0,37,0,0,0,0,0,6,7,24,0,37,0,0,0,37
07/19/2022,ELM,NY,AEA,EN,Combined TRACON& Tower with Radar,4,6,22,0,32,0,0,12,2,14,4,6,34,2,46,28,0,28,74
07/20/2022,ELM,NY,AEA,EN,Combined TRACON& Tower with Radar,4,5,17,0,26,0,0,16,0,16,4,5,33,0,42,21,0,21,63
07/21/2022,ELM,NY,AEA,EN,Combined TRACON& Tower with Radar,6,14,40,0,60,0,2,6,0,8,6,16,46,0,68,0,0,0,68
07/22/2022,ELM,NY,AEA,EN,Combined TRACON& Tower with Radar,6,12,20,0,38,0,0,10,1,11,6,12,30,1,49,12,0,12,61
07/23/2022,ELM,NY,AEA,EN,Combined TRACON& Tower with Radar,6,8,13,0,27,0,1,8,2,11,6,9,21,2,38,2,0,2,40
07/24/2022,ELM,NY,AEA,EN,Combined TRACON& Tower with Radar,8,8,27,0,43,0,0,6,2,8,8,8,33,2,51,0,0,0,51
07/25/2022,ELM,NY,AEA,EN,Combined TRACON& Tower with Radar,6,7,25,0,38,0,0,9,0,9,6,7,34,0,47,15,0,15,62
07/26/2022,ELM,NY,AEA,EN,Combined TRACON& Tower with Radar,4,6,11,0,21,0,2,13,0,15,4,8,24,0,36,20,0,20,56
07/27/2022,ELM,NY,AEA,EN,Combined TRACON& Tower with Radar,4,8,12,0,24,0,0,12,1,13,4,8,24,1,37,25,0,25,62
07/28/2022,ELM,NY,AEA,EN,Combined TRACON& Tower with Radar,6,9,24,2,41,0,0,14,0,14,6,9,38,2,55,12,0,12,67
07/29/2022,ELM,NY,AEA,EN,Combined TRACON& Tower with Radar,6,4,27,0,37,0,0,3,0,3,6,4,30,0,40,2,0,2,42
07/30/2022,ELM,NY,AEA,EN,Combined TRACON& Tower with Radar,5,4,14,0,23,0,0,7,0,7,5,4,21,0,30,38,0,38,68
07/31/2022,ELM,NY,AEA,EN,Combined TRACON& Tower with Radar,6,1,8,0,15,0,0,2,0,2,6,1,10,0,17,9,0,9,26
08/01/2022,ELM,NY,AEA,EN,Combined TRACON& Tower with Radar,6,5,16,4,31,0,0,2,0,2,6,5,18,4,33,2,0,2,35
08/02/2022,ELM,NY,AEA,EN,Combined TRACON& Tower with Radar,4,4,12,7,27,0,0,12,0,12,4,4,24,7,39,16,0,16,55
08/03/2022,ELM,NY,AEA,EN,Combined TRACON& Tower with Radar,4,4,17,4,29,0,0,15,1,16,4,4,32,5,45,21,0,21,66
08/04/2022,ELM,NY,AEA,EN,Combined TRACON& Tower with Radar,6,4,14,0,24,0,0,2,0,2,6,4,16,0,26,0,0,0,26
08/05/2022,ELM,NY,AEA,EN,Combined TRACON& Tower with Radar,6,8,13,0,27,0,0,4,0,4,6,8,17,0,31,6,0,6,37
08/06/2022,ELM,NY,AEA,EN,Combined TRACON& Tower with Radar,6,3,0,0,9,0,0,7,0,7,6,3,7,0,16,21,0,21,37
08/07/2022,ELM,NY,AEA,EN,Combined TRACON& Tower with Radar,6,0,9,0,15,0,0,16,0,16,6,0,25,0,31,3,0,3,34
08/08/2022,ELM,NY,AEA,EN,Combined TRACON& Tower with Radar,6,3,18,2,29,0,0,4,0,4,6,3,22,2,33,4,1,5,38
08/09/2022,ELM,NY,AEA,EN,Combined TRACON& Tower with Radar,4,4,12,16,36,0,0,0,0,0,4,4,12,16,36,0,8,8,44
08/10/2022,ELM,NY,AEA,EN,Combined TRACON& Tower with Radar,4,5,14,0,23,0,0,1,0,1,4,5,15,0,24,58,0,58,82
08/11/2022,ELM,NY,AEA,EN,Combined TRACON& Tower with Radar,6,6,14,0,26,0,0,9,0,9,6,6,23,0,35,20,0,20,55
08/12/2022,ELM,NY,AEA,EN,Combined TRACON& Tower with Radar,6,5,25,0,36,0,0,10,0,10,6,5,35,0,46,9,0,9,55
08/13/2022,ELM,NY,AEA,EN,Combined TRACON& Tower with Radar,6,3,1,0,10,0,0,20,0,20,6,3,21,0,30,34,0,34,64
08/14/2022,ELM,NY,AEA,EN,Combined TRACON& Tower with Radar,6,0,13,0,19,0,0,8,0,8,6,0,21,0,27,0,0,0,27
08/15/2022,ELM,NY,AEA,EN,Combined TRACON& Tower with Radar,6,7,23,0,36,0,0,4,0,4,6,7,27,0,40,8,0,8,48
08/16/2022,ELM,NY,AEA,EN,Combined TRACON& Tower with Radar,4,4,15,0,23,0,1,4,0,5,4,5,19,0,28,2,0,2,30
08/17/2022,ELM,NY,AEA,EN,Combined TRACON& Tower with Radar,6,20,20,0,46,0,0,3,0,3,6,20,23,0,49,4,0,4,53
08/18/2022,ELM,NY,AEA,EN,Combined TRACON& Tower with Radar,4,8,23,0,35,0,0,2,0,2,4,8,25,0,37,0,0,0,37
08/19/2022,ELM,NY,AEA,EN,Combined TRACON& Tower with Radar,6,25,39,0,70,0,1,11,0,12,6,26,50,0,82,24,0,24,106
08/20/2022,ELM,NY,AEA,EN,Combined TRACON& Tower with Radar,8,14,20,0,42,0,1,2,0,3,8,15,22,0,45,2,9,11,56
08/21/2022,ELM,NY,AEA,EN,Combined TRACON& Tower with Radar,3,21,38,2,64,0,0,3,0,3,3,21,41,2,67,13,0,13,80
08/22/2022,ELM,NY,AEA,EN,Combined TRACON& Tower with Radar,6,5,15,0,26,0,0,0,0,0,6,5,15,0,26,0,0,0,26
08/23/2022,ELM,NY,AEA,EN,Combined TRACON& Tower with Radar,4,7,7,2,20,0,1,1,0,2,4,8,8,2,22,12,0,12,34
08/24/2022,ELM,NY,AEA,EN,Combined TRACON& Tower with Radar,6,4,20,0,30,0,1,10,16,27,6,5,30,16,57,12,0,12,69
08/25/2022,ELM,NY,AEA,EN,Combined TRACON& Tower with Radar,4,4,19,0,27,0,0,6,0,6,4,4,25,0,33,4,0,4,37
08/26/2022,ELM,NY,AEA,EN,Combined TRACON& Tower with Radar,6,6,26,0,38,0,0,4,0,4,6,6,30,0,42,11,0,11,53
08/27/2022,ELM,NY,AEA,EN,Combined TRACON& Tower with Radar,8,3,10,0,21,0,0,3,0,3,8,3,13,0,24,39,0,39,63
08/28/2022,ELM,NY,AEA,EN,Combined TRACON& Tower with Radar,4,2,3,0,9,0,0,4,0,4,4,2,7,0,13,22,0,22,35
08/29/2022,ELM,NY,AEA,EN,Combined TRACON& Tower with Radar,5,3,14,2,24,0,0,3,0,3,5,3,17,2,27,0,0,0,27
08/30/2022,ELM,NY,AEA,EN,Combined TRACON& Tower with Radar,4,6,9,0,19,0,0,1,0,1,4,6,10,0,20,0,0,0,20
08/31/2022,ELM,NY,AEA,EN,Combined TRACON& Tower with Radar,5,6,10,0,21,0,1,4,0,5,5,7,14,0,26,3,0,3,29
09/01/2022,ELM,NY,AEA,EN,Combined TRACON& Tower with Radar,4,10,20,0,34,0,0,10,1,11,4,10,30,1,45,62,0,62,107
09/02/2022,ELM,NY,AEA,EN,Combined TRACON& Tower with Radar,6,8,23,0,37,0,0,8,0,8,6,8,31,0,45,10,0,10,55
09/03/2022,ELM,NY,AEA,EN,Combined TRACON& Tower with Radar,8,3,5,1,17,0,0,6,1,7,8,3,11,2,24,51,0,51,75
09/04/2022,ELM,NY,AEA,EN,Combined TRACON& Tower with Radar,4,2,4,0,10,0,0,2,0,2,4,2,6,0,12,10,0,10,22
09/05/2022,ELM,NY,AEA,EN,Combined TRACON& Tower with Radar,6,0,6,0,12,0,0,0,0,0,6,0,6,0,12,0,0,0,12
09/06/2022,ELM,NY,AEA,EN,Combined TRACON& Tower with Radar,4,6,27,0,37,0,0,0,0,0,4,6,27,0,37,0,0,0,37
09/07/2022,ELM,NY,AEA,EN,Combined TRACON& Tower with Radar,6,11,21,0,38,0,0,0,0,0,6,11,21,0,38,1,0,1,39
09/08/2022,ELM,NY,AEA,EN,Combined TRACON& Tower with Radar,4,15,11,0,30,0,0,5,0,5,4,15,16,0,35,18,0,18,53
09/09/2022,ELM,NY,AEA,EN,Combined TRACON& Tower with Radar,4,13,27,0,44,0,0,8,0,8,4,13,35,0,52,17,0,17,69
09/10/2022,ELM,NY,AEA,EN,Combined TRACON& Tower with Radar,4,6,19,0,29,0,0,15,2,17,4,6,34,2,46,13,0,13,59
09/11/2022,ELM,NY,AEA,EN,Combined TRACON& Tower with Radar,4,4,16,0,24,0,0,0,0,0,4,4,16,0,24,0,0,0,24
09/12/2022,ELM,NY,AEA,EN,Combined TRACON& Tower with Radar,6,5,21,0,32,0,0,1,0,1,6,5,22,0,33,9,0,9,42
09/13/2022,ELM,NY,AEA,EN,Combined TRACON& Tower with Radar,4,10,8,0,22,0,1,2,0,3,4,11,10,0,25,0,0,0,25
09/14/2022,ELM,NY,AEA,EN,Combined TRACON& Tower with Radar,4,12,23,4,43,0,1,6,0,7,4,13,29,4,50,29,0,29,79
09/15/2022,ELM,NY,AEA,EN,Combined TRACON& Tower with Radar,4,4,11,0,19,0,0,11,0,11,4,4,22,0,30,15,0,15,45
09/16/2022,ELM,NY,AEA,EN,Combined TRACON& Tower with Radar,6,6,33,0,45,0,0,9,0,9,6,6,42,0,54,0,0,0,54
09/17/2022,ELM,NY,AEA,EN,Combined TRACON& Tower with Radar,4,9,12,0,25,0,1,12,0,13,4,10,24,0,38,25,0,25,63
09/18/2022,ELM,NY,AEA,EN,Combined TRACON& Tower with Radar,4,1,7,0,12,0,2,4,0,6,4,3,11,0,18,2,0,2,20
09/19/2022,ELM,NY,AEA,EN,Combined TRACON& Tower with Radar,4,5,20,0,29,0,0,6,0,6,4,5,26,0,35,6,0,6,41
09/20/2022,ELM,NY,AEA,EN,Combined TRACON& Tower with Radar,4,7,22,0,33,0,0,2,0,2,4,7,24,0,35,22,0,22,57
09/21/2022,ELM,NY,AEA,EN,Combined TRACON& Tower with Radar,4,7,19,2,32,0,0,9,0,9,4,7,28,2,41,12,0,12,53
09/22/2022,ELM,NY,AEA,EN,Combined TRACON& Tower with Radar,4,9,24,0,37,0,0,0,0,0,4,9,24,0,37,0,0,0,37
09/23/2022,ELM,NY,AEA,EN,Combined TRACON& Tower with Radar,6,7,23,0,36,0,0,7,0,7,6,7,30,0,43,1,0,1,44
09/24/2022,ELM,NY,AEA,EN,Combined TRACON& Tower with Radar,4,5,7,0,16,0,0,23,0,23,4,5,30,0,39,4,0,4,43
09/25/2022,ELM,NY,AEA,EN,Combined TRACON& Tower with Radar,4,2,11,0,17,0,0,1,0,1,4,2,12,0,18,0,0,0,18
09/26/2022,ELM,NY,AEA,EN,Combined TRACON& Tower with Radar,6,10,16,6,38,0,0,3,0,3,6,10,19,6,41,1,0,1,42
09/27/2022,ELM,NY,AEA,EN,Combined TRACON& Tower with Radar,4,6,19,2,31,0,0,0,0,0,4,6,19,2,31,0,0,0,31
09/28/2022,ELM,NY,AEA,EN,Combined TRACON& Tower with Radar,4,6,15,0,25,0,0,0,0,0,4,6,15,0,25,0,0,0,25
09/29/2022,ELM,NY,AEA,EN,Combined TRACON& Tower with Radar,4,12,32,0,48,0,0,5,1,6,4,12,37,1,54,33,0,33,87
09/30/2022,ELM,NY,AEA,EN,Combined TRACON& Tower with Radar,5,9,21,2,37,0,1,9,0,10,5,10,30,2,47,13,0,13,60
10/01/2022,ELM,NY,AEA,EN,Combined TRACON& Tower with Radar,7,5,12,0,24,0,0,10,0,10,7,5,22,0,34,2,0,2,36
10/02/2022,ELM,NY,AEA,EN,Combined TRACON& Tower with Radar,4,2,14,0,20,0,0,6,0,6,4,2,20,0,26,20,0,20,46
10/03/2022,ELM,NY,AEA,EN,Combined TRACON& Tower with Radar,6,7,19,0,32,0,0,4,2,6,6,7,23,2,38,16,0,16,54
10/04/2022,ELM,NY,AEA,EN,Combined TRACON& Tower with Radar,4,5,12,0,21,0,0,4,0,4,4,5,16,0,25,0,0,0,25
10/05/2022,ELM,NY,AEA,EN,Combined TRACON& Tower with Radar,6,9,15,0,30,0,0,13,0,13,6,9,28,0,43,18,0,18,61
10/06/2022,ELM,NY,AEA,EN,Combined TRACON& Tower with Radar,4,9,17,0,30,0,1,6,0,7,4,10,23,0,37,20,0,20,57
10/07/2022,ELM,NY,AEA,EN,Combined TRACON& Tower with Radar,6,7,20,0,33,0,1,0,0,1,6,8,20,0,34,6,0,6,40
10/08/2022,ELM,NY,AEA,EN,Combined TRACON& Tower with Radar,6,3,6,0,15,0,0,10,0,10,6,3,16,0,25,82,0,82,107
10/09/2022,ELM,NY,AEA,EN,Combined TRACON& Tower with Radar,4,4,5,0,13,0,3,5,0,8,4,7,10,0,21,12,0,12,33
10/10/2022,ELM,NY,AEA,EN,Combined TRACON& Tower with Radar,6,7,16,0,29,0,0,4,0,4,6,7,20,0,33,0,0,0,33
10/11/2022,ELM,NY,AEA,EN,Combined TRACON& Tower with Radar,4,8,20,0,32,0,0,5,0,5,4,8,25,0,37,31,0,31,68
10/12/2022,ELM,NY,AEA,EN,Combined TRACON& Tower with Radar,6,6,19,2,33,0,0,3,0,3,6,6,22,2,36,6,0,6,42
10/13/2022,ELM,NY,AEA,EN,Combined TRACON& Tower with Radar,4,4,21,0,29,0,0,0,0,0,4,4,21,0,29,0,0,0,29
10/14/2022,ELM,NY,AEA,EN,Combined TRACON& Tower with Radar,6,8,22,1,37,0,1,7,0,8,6,9,29,1,45,12,0,12,57
10/15/2022,ELM,NY,AEA,EN,Combined TRACON& Tower with Radar,6,6,8,0,20,0,1,3,0,4,6,7,11,0,24,4,0,4,28
10/16/2022,ELM,NY,AEA,EN,Combined TRACON& Tower with Radar,4,0,18,0,22,0,0,14,0,14,4,0,32,0,36,13,0,13,49
10/17/2022,ELM,NY,AEA,EN,Combined TRACON& Tower with Radar,6,10,21,0,37,0,0,1,0,1,6,10,22,0,38,6,0,6,44
10/18/2022,ELM,NY,AEA,EN,Combined TRACON& Tower with Radar,4,6,15,0,25,0,0,0,0,0,4,6,15,0,25,5,0,5,30
10/19/2022,ELM,NY,AEA,EN,Combined TRACON& Tower with Radar,6,18,15,0,39,0,0,1,0,1,6,18,16,0,40,2,0,2,42
10/20/2022,ELM,NY,AEA,EN,Combined TRACON& Tower with Radar,4,5,22,4,35,0,0,3,0,3,4,5,25,4,38,14,0,14,52
10/21/2022,ELM,NY,AEA,EN,Combined TRACON& Tower with Radar,6,6,19,0,31,0,0,7,0,7,6,6,26,0,38,18,0,18,56
10/22/2022,ELM,NY,AEA,EN,Combined TRACON& Tower with Radar,6,7,11,0,24,0,1,11,0,12,6,8,22,0,36,5,0,5,41
10/23/2022,ELM,NY,AEA,EN,Combined TRACON& Tower with Radar,4,0,12,0,16,0,1,5,0,6,4,1,17,0,22,14,0,14,36
10/24/2022,ELM,NY,AEA,EN,Combined TRACON& Tower with Radar,6,7,23,0,36,6,0,1,0,7,12,7,24,0,43,0,0,0,43
10/25/2022,ELM,NY,AEA,EN,Combined TRACON& Tower with Radar,4,10,8,0,22,0,0,0,0,0,4,10,8,0,22,0,0,0,22
10/26/2022,ELM,NY,AEA,EN,Combined TRACON& Tower with Radar,6,5,14,3,28,0,0,2,3,5,6,5,16,6,33,0,0,0,33
10/27/2022,ELM,NY,AEA,EN,Combined TRACON& Tower with Radar,4,5,19,1,29,0,2,7,0,9,4,7,26,1,38,32,2,34,72
10/28/2022,ELM,NY,AEA,EN,Combined TRACON& Tower with Radar,6,8,24,0,38,0,0,9,0,9,6,8,33,0,47,3,0,3,50
10/29/2022,ELM,NY,AEA,EN,Combined TRACON& Tower with Radar,6,5,2,0,13,0,1,6,2,9,6,6,8,2,22,0,0,0,22
10/30/2022,ELM,NY,AEA,EN,Combined TRACON& Tower with Radar,4,2,2,0,8,0,0,8,2,10,4,2,10,2,18,20,0,20,38
10/31/2022,ELM,NY,AEA,EN,Combined TRACON& Tower with Radar,6,9,15,4,34,0,0,1,0,1,6,9,16,4,35,42,0,42,77
11/01/2022,ELM,NY,AEA,EN,Combined TRACON& Tower with Radar,4,5,24,2,35,0,0,0,0,0,4,5,24,2,35,0,0,0,35
11/02/2022,ELM,NY,AEA,EN,Combined TRACON& Tower with Radar,6,11,16,0,33,0,0,4,0,4,6,11,20,0,37,12,0,12,49
11/03/2022,ELM,NY,AEA,EN,Combined TRACON& Tower with Radar,4,6,17,0,27,0,1,7,0,8,4,7,24,0,35,31,0,31,66
11/04/2022,ELM,NY,AEA,EN,Combined TRACON& Tower with Radar,6,7,18,0,31,0,0,3,0,3,6,7,21,0,34,9,0,9,43
11/05/2022,ELM,NY,AEA,EN,Combined TRACON& Tower with Radar,6,3,7,0,16,0,0,4,0,4,6,3,11,0,20,3,0,3,23
11/06/2022,ELM,NY,AEA,EN,Combined TRACON& Tower with Radar,4,1,6,0,11,0,0,2,0,2,4,1,8,0,13,0,0,0,13
11/07/2022,ELM,NY,AEA,EN,Combined TRACON& Tower with Radar,6,5,21,0,32,0,3,8,0,11,6,8,29,0,43,4,0,4,47
11/08/2022,ELM,NY,AEA,EN,Combined TRACON& Tower with Radar,4,6,17,0,27,0,2,10,0,12,4,8,27,0,39,1,0,1,40
11/09/2022,ELM,NY,AEA,EN,Combined TRACON& Tower with Radar,6,6,17,0,29,0,0,14,0,14,6,6,31,0,43,29,0,29,72
11/10/2022,ELM,NY,AEA,EN,Combined TRACON& Tower with Radar,4,6,22,0,32,0,1,15,0,16,4,7,37,0,48,21,0,21,69
11/11/2022,ELM,NY,AEA,EN,Combined TRACON& Tower with Radar,6,4,4,0,14,0,0,0,0,0,6,4,4,0,14,0,0,0,14
11/12/2022,ELM,NY,AEA,EN,Combined TRACON& Tower with Radar,6,6,9,0,21,0,0,1,0,1,6,6,10,0,22,32,0,32,54
11/13/2022,ELM,NY,AEA,EN,Combined TRACON& Tower with Radar,4,3,8,0,15,0,0,1,0,1,4,3,9,0,16,6,0,6,22
11/14/2022,ELM,NY,AEA,EN,Combined TRACON& Tower with Radar,6,6,21,0,33,0,0,5,0,5,6,6,26,0,38,24,0,24,62
11/15/2022,ELM,NY,AEA,EN,Combined TRACON& Tower with Radar,4,6,13,0,23,0,0,5,0,5,4,6,18,0,28,22,0,22,50
11/16/2022,ELM,NY,AEA,EN,Combined TRACON& Tower with Radar,6,10,11,0,27,0,0,0,0,0,6,10,11,0,27,0,0,0,27
11/17/2022,ELM,NY,AEA,EN,Combined TRACON& Tower with Radar,6,6,10,0,22,0,0,0,0,0,6,6,10,0,22,0,0,0,22
11/18/2022,ELM,NY,AEA,EN,Combined TRACON& Tower with Radar,4,5,14,0,23,0,0,0,0,0,4,5,14,0,23,10,0,10,33
11/19/2022,ELM,NY,AEA,EN,Combined TRACON& Tower with Radar,6,3,5,0,14,0,0,6,0,6,6,3,11,0,20,2,0,2,22
11/20/2022,ELM,NY,AEA,EN,Combined TRACON& Tower with Radar,6,2,7,0,15,0,0,1,0,1,6,2,8,0,16,0,0,0,16
11/21/2022,ELM,NY,AEA,EN,Combined TRACON& Tower with Radar,4,3,10,0,17,0,0,8,0,8,4,3,18,0,25,11,0,11,36
11/22/2022,ELM,NY,AEA,EN,Combined TRACON& Tower with Radar,6,8,12,2,28,0,0,5,4,9,6,8,17,6,37,1,0,1,38
11/23/2022,ELM,NY,AEA,EN,Combined TRACON& Tower with Radar,8,9,13,0,30,0,0,6,0,6,8,9,19,0,36,66,0,66,102
11/24/2022,ELM,NY,AEA,EN,Combined TRACON& Tower with Radar,2,1,2,0,5,0,0,3,0,3,2,1,5,0,8,0,0,0,8
11/25/2022,ELM,NY,AEA,EN,Combined TRACON& Tower with Radar,4,7,3,0,14,0,0,0,0,0,4,7,3,0,14,0,0,0,14
11/26/2022,ELM,NY,AEA,EN,Combined TRACON& Tower with Radar,8,4,6,0,18,0,0,5,0,5,8,4,11,0,23,71,0,71,94
11/27/2022,ELM,NY,AEA,EN,Combined TRACON& Tower with Radar,6,2,16,0,24,0,0,1,0,1,6,2,17,0,25,18,0,18,43
11/28/2022,ELM,NY,AEA,EN,Combined TRACON& Tower with Radar,8,7,16,0,31,0,0,0,0,0,8,7,16,0,31,0,0,0,31
11/29/2022,ELM,NY,AEA,EN,Combined TRACON& Tower with Radar,4,11,27,0,42,0,0,5,0,5,4,11,32,0,47,36,0,36,83
11/30/2022,ELM,NY,AEA,EN,Combined TRACON& Tower with Radar,4,6,8,0,18,0,0,0,0,0,4,6,8,0,18,0,0,0,18
12/01/2022,ELM,NY,AEA,EN,Combined TRACON& Tower with Radar,7,11,17,0,35,0,0,4,0,4,7,11,21,0,39,2,0,2,41
12/02/2022,ELM,NY,AEA,EN,Combined TRACON& Tower with Radar,6,8,25,0,39,0,0,9,0,9,6,8,34,0,48,12,0,12,60
12/03/2022,ELM,NY,AEA,EN,Combined TRACON& Tower with Radar,5,3,2,0,10,0,0,0,0,0,5,3,2,0,10,0,0,0,10
12/04/2022,ELM,NY,AEA,EN,Combined TRACON& Tower with Radar,6,0,20,0,26,0,0,18,0,18,6,0,38,0,44,92,0,92,136
12/05/2022,ELM,NY,AEA,EN,Combined TRACON& Tower with Radar,6,8,23,1,38,0,0,15,2,17,6,8,38,3,55,26,0,26,81
12/06/2022,ELM,NY,AEA,EN,Combined TRACON& Tower with Radar,4,8,11,0,23,0,0,0,0,0,4,8,11,0,23,0,0,0,23
12/07/2022,ELM,NY,AEA,EN,Combined TRACON& Tower with Radar,4,9,11,0,24,0,0,0,0,0,4,9,11,0,24,0,0,0,24
12/08/2022,ELM,NY,AEA,EN,Combined TRACON& Tower with Radar,6,9,15,6,36,0,0,0,0,0,6,9,15,6,36,33,0,33,69
12/09/2022,ELM,NY,AEA,EN,Combined TRACON& Tower with Radar,6,11,22,0,39,0,0,2,0,2,6,11,24,0,41,44,0,44,85
12/10/2022,ELM,NY,AEA,EN,Combined TRACON& Tower with Radar,4,7,4,0,15,0,0,10,0,10,4,7,14,0,25,18,0,18,43
12/11/2022,ELM,NY,AEA,EN,Combined TRACON& Tower with Radar,6,2,3,0,11,0,0,0,0,0,6,2,3,0,11,0,0,0,11
12/12/2022,ELM,NY,AEA,EN,Combined TRACON& Tower with Radar,4,6,18,0,28,0,0,0,1,1,4,6,18,1,29,0,0,0,29
12/13/2022,ELM,NY,AEA,EN,Combined TRACON& Tower with Radar,2,11,19,0,32,0,1,23,2,26,2,12,42,2,58,44,3,47,105
12/14/2022,ELM,NY,AEA,EN,Combined TRACON& Tower with Radar,2,9,19,0,30,0,0,17,0,17,2,9,36,0,47,10,0,10,57
12/15/2022,ELM,NY,AEA,EN,Combined TRACON& Tower with Radar,6,8,9,0,23,0,0,0,0,0,6,8,9,0,23,0,0,0,23
12/16/2022,ELM,NY,AEA,EN,Combined TRACON& Tower with Radar,4,6,15,0,25,0,0,0,0,0,4,6,15,0,25,0,0,0,25
12/17/2022,ELM,NY,AEA,EN,Combined TRACON& Tower with Radar,4,5,5,0,14,0,0,7,0,7,4,5,12,0,21,3,0,3,24
12/18/2022,ELM,NY,AEA,EN,Combined TRACON& Tower with Radar,6,1,7,0,14,0,0,7,0,7,6,1,14,0,21,8,0,8,29
12/19/2022,ELM,NY,AEA,EN,Combined TRACON& Tower with Radar,4,6,7,0,17,0,0,0,0,0,4,6,7,0,17,0,0,0,17
12/20/2022,ELM,NY,AEA,EN,Combined TRACON& Tower with Radar,4,10,7,4,25,0,0,0,0,0,4,10,7,4,25,6,0,6,31
12/21/2022,ELM,NY,AEA,EN,Combined TRACON& Tower with Radar,6,8,13,0,27,0,0,14,0,14,6,8,27,0,41,31,0,31,72
12/22/2022,ELM,NY,AEA,EN,Combined TRACON& Tower with Radar,3,11,7,0,21,0,1,3,0,4,3,12,10,0,25,0,0,0,25
12/23/2022,ELM,NY,AEA,EN,Combined TRACON& Tower with Radar,0,4,1,0,5,0,0,0,0,0,0,4,1,0,5,0,0,0,5
12/24/2022,ELM,NY,AEA,EN,Combined TRACON& Tower with Radar,5,3,1,0,9,0,0,0,0,0,5,3,1,0,9,0,0,0,9
12/25/2022,ELM,NY,AEA,EN,Combined TRACON& Tower with Radar,2,0,2,0,4,0,0,0,0,0,2,0,2,0,4,0,0,0,4
12/26/2022,ELM,NY,AEA,EN,Combined TRACON& Tower with Radar,4,4,9,0,17,0,0,3,0,3,4,4,12,0,20,1,0,1,21
12/27/2022,ELM,NY,AEA,EN,Combined TRACON& Tower with Radar,4,3,3,0,10,0,0,1,0,1,4,3,4,0,11,35,0,35,46
12/28/2022,ELM,NY,AEA,EN,Combined TRACON& Tower with Radar,6,4,7,0,17,0,0,5,0,5,6,4,12,0,22,7,0,7,29
12/29/2022,ELM,NY,AEA,EN,Combined TRACON& Tower with Radar,4,7,9,0,20,4,1,7,0,12,8,8,16,0,32,0,0,0,32
12/30/2022,ELM,NY,AEA,EN,Combined TRACON& Tower with Radar,6,7,8,1,22,41,0,10,2,53,47,7,18,3,75,0,0,0,75
12/31/2022,ELM,NY,AEA,EN,Combined TRACON& Tower with Radar,7,3,3,0,13,0,0,0,0,0,7,3,3,0,13,12,0,12,25
01/01/2023,ELM,NY,AEA,EN,Combined TRACON& Tower with Radar,3,0,2,0,5,0,0,2,0,2,3,0,4,0,7,2,0,2,9
01/02/2023,ELM,NY,AEA,EN,Combined TRACON& Tower with Radar,4,2,14,0,20,0,0,5,0,5,4,2,19,0,25,14,0,14,39
01/03/2023,ELM,NY,AEA,EN,Combined TRACON& Tower with Radar,4,5,9,0,18,0,0,0,0,0,4,5,9,0,18,0,0,0,18
01/04/2023,ELM,NY,AEA,EN,Combined TRACON& Tower with Radar,6,6,14,0,26,0,0,0,0,0,6,6,14,0,26,2,0,2,28
01/05/2023,ELM,NY,AEA,EN,Combined TRACON& Tower with Radar,3,10,12,0,25,4,0,6,0,10,7,10,18,0,35,0,0,0,35
01/06/2023,ELM,NY,AEA,EN,Combined TRACON& Tower with Radar,4,10,14,0,28,0,0,0,0,0,4,10,14,0,28,0,0,0,28
01/07/2023,ELM,NY,AEA,EN,Combined TRACON& Tower with Radar,4,3,4,0,11,0,0,0,0,0,4,3,4,0,11,0,0,0,11
01/08/2023,ELM,NY,AEA,EN,Combined TRACON& Tower with Radar,4,0,10,0,14,0,0,0,0,0,4,0,10,0,14,16,0,16,30
01/09/2023,ELM,NY,AEA,EN,Combined TRACON& Tower with Radar,6,5,21,0,32,0,0,8,0,8,6,5,29,0,40,30,0,30,70
01/10/2023,ELM,NY,AEA,EN,Combined TRACON& Tower with Radar,4,6,8,0,18,0,0,1,0,1,4,6,9,0,19,0,0,0,19
01/11/2023,ELM,NY,AEA,EN,Combined TRACON& Tower with Radar,6,7,7,2,22,11,0,2,14,27,17,7,9,16,49,0,0,0,49
01/12/2023,ELM,NY,AEA,EN,Combined TRACON& Tower with Radar,6,7,11,0,24,0,0,0,0,0,6,7,11,0,24,0,0,0,24
01/13/2023,ELM,NY,AEA,EN,Combined TRACON& Tower with Radar,6,4,16,0,26,0,0,0,0,0,6,4,16,0,26,0,0,0,26
01/14/2023,ELM,NY,AEA,EN,Combined TRACON& Tower with Radar,6,4,2,0,12,0,0,0,0,0,6,4,2,0,12,0,0,0,12
01/15/2023,ELM,NY,AEA,EN,Combined TRACON& Tower with Radar,6,0,4,0,10,0,0,2,0,2,6,0,6,0,12,2,0,2,14
01/16/2023,ELM,NY,AEA,EN,Combined TRACON& Tower with Radar,6,4,13,0,23,0,0,7,0,7,6,4,20,0,30,14,0,14,44
01/17/2023,ELM,NY,AEA,EN,Combined TRACON& Tower with Radar,4,5,13,0,22,0,0,0,0,0,4,5,13,0,22,0,0,0,22
01/18/2023,ELM,NY,AEA,EN,Combined TRACON& Tower with Radar,6,6,13,0,25,0,0,0,0,0,6,6,13,0,25,0,0,0,25
01/19/2023,ELM,NY,AEA,EN,Combined TRACON& Tower with Radar,6,5,13,0,24,0,0,0,0,0,6,5,13,0,24,0,0,0,24
01/20/2023,ELM,NY,AEA,EN,Combined TRACON& Tower with Radar,6,7,15,0,28,0,0,0,0,0,6,7,15,0,28,0,0,0,28
01/21/2023,ELM,NY,AEA,EN,Combined TRACON& Tower with Radar,6,3,7,0,16,0,0,0,2,2,6,3,7,2,18,0,0,0,18
01/22/2023,ELM,NY,AEA,EN,Combined TRACON& Tower with Radar,6,0,5,0,11,24,0,0,0,24,30,0,5,0,35,0,0,0,35
01/23/2023,ELM,NY,AEA,EN,Combined TRACON& Tower with Radar,6,4,12,0,22,0,0,0,0,0,6,4,12,0,22,0,0,0,22
01/24/2023,ELM,NY,AEA,EN,Combined TRACON& Tower with Radar,4,5,13,0,22,0,0,1,0,1,4,5,14,0,23,0,0,0,23
01/25/2023,ELM,NY,AEA,EN,Combined TRACON& Tower with Radar,6,4,8,0,18,0,0,0,0,0,6,4,8,0,18,0,0,0,18
01/26/2023,ELM,NY,AEA,EN,Combined TRACON& Tower with Radar,6,7,12,0,25,0,0,0,0,0,6,7,12,0,25,0,0,0,25
01/27/2023,ELM,NY,AEA,EN,Combined TRACON& Tower with Radar,5,7,17,0,29,0,0,6,3,9,5,7,23,3,38,0,13,13,51
01/28/2023,ELM,NY,AEA,EN,Combined TRACON& Tower with Radar,7,3,8,0,18,0,1,5,0,6,7,4,13,0,24,6,0,6,30
01/29/2023,ELM,NY,AEA,EN,Combined TRACON& Tower with Radar,6,1,2,0,9,0,0,0,0,0,6,1,2,0,9,0,0,0,9
01/30/2023,ELM,NY,AEA,EN,Combined TRACON& Tower with Radar,6,4,12,0,22,0,0,0,0,0,6,4,12,0,22,0,0,0,22
01/31/2023,ELM,NY,AEA,EN,Combined TRACON& Tower with Radar,4,6,12,0,22,0,0,2,0,2,4,6,14,0,24,16,0,16,40
02/01/2023,ELM,NY,AEA,EN,Combined TRACON& Tower with Radar,6,6,13,0,25,9,1,6,0,16,15,7,19,0,41,0,0,0,41
02/02/2023,ELM,NY,AEA,EN,Combined TRACON& Tower with Radar,6,7,10,0,23,0,1,9,0,10,6,8,19,0,33,0,0,0,33
02/03/2023,ELM,NY,AEA,EN,Combined TRACON& Tower with Radar,6,6,11,0,23,0,0,0,0,0,6,6,11,0,23,0,0,0,23
02/04/2023,ELM,NY,AEA,EN,Combined TRACON& Tower with Radar,6,4,8,0,18,0,1,3,0,4,6,5,11,0,22,0,0,0,22
02/05/2023,ELM,NY,AEA,EN,Combined TRACON& Tower with Radar,6,0,10,0,16,0,0,0,0,0,6,0,10,0,16,19,0,19,35
02/06/2023,ELM,NY,AEA,EN,Combined TRACON& Tower with Radar,6,7,19,10,42,0,0,1,1,2,6,7,20,11,44,0,0,0,44
02/07/2023,ELM,NY,AEA,EN,Combined TRACON& Tower with Radar,4,4,14,0,22,0,0,2,0,2,4,4,16,0,24,0,0,0,24
02/08/2023,ELM,NY,AEA,EN,Combined TRACON& Tower with Radar,6,6,21,2,35,0,0,11,0,11,6,6,32,2,46,6,0,6,52
02/09/2023,ELM,NY,AEA,EN,Combined TRACON& Tower with Radar,6,5,22,0,33,0,0,0,0,0,6,5,22,0,33,0,0,0,33
02/10/2023,ELM,NY,AEA,EN,Combined TRACON& Tower with Radar,6,7,12,0,25,0,0,1,0,1,6,7,13,0,26,0,0,0,26
02/11/2023,ELM,NY,AEA,EN,Combined TRACON& Tower with Radar,6,3,8,0,17,24,0,2,2,28,30,3,10,2,45,0,0,0,45
02/12/2023,ELM,NY,AEA,EN,Combined TRACON& Tower with Radar,6,0,13,0,19,0,0,16,0,16,6,0,29,0,35,6,0,6,41
02/13/2023,ELM,NY,AEA,EN,Combined TRACON& Tower with Radar,6,3,17,5,31,0,0,0,0,0,6,3,17,5,31,13,4,17,48
02/14/2023,ELM,NY,AEA,EN,Combined TRACON& Tower with Radar,4,7,7,0,18,0,4,10,0,14,4,11,17,0,32,17,0,17,49
02/15/2023,ELM,NY,AEA,EN,Combined TRACON& Tower with Radar,10,6,12,0,28,0,0,2,0,2,10,6,14,0,30,0,0,0,30
02/16/2023,ELM,NY,AEA,EN,Combined TRACON& Tower with Radar,4,8,12,2,26,0,0,4,0,4,4,8,16,2,30,26,0,26,56
02/17/2023,ELM,NY,AEA,EN,Combined TRACON& Tower with Radar,8,8,13,0,29,0,0,0,0,0,8,8,13,0,29,0,0,0,29
02/18/2023,ELM,NY,AEA,EN,Combined TRACON& Tower with Radar,10,11,10,0,31,0,0,5,0,5,10,11,15,0,36,9,0,9,45
02/19/2023,ELM,NY,AEA,EN,Combined TRACON& Tower with Radar,4,0,2,0,6,0,0,1,0,1,4,0,3,0,7,15,0,15,22
02/20/2023,ELM,NY,AEA,EN,Combined TRACON& Tower with Radar,8,3,21,0,32,0,0,2,0,2,8,3,23,0,34,34,0,34,68
02/21/2023,ELM,NY,AEA,EN,Combined TRACON& Tower with Radar,6,10,6,0,22,0,0,1,0,1,6,10,7,0,23,0,0,0,23
02/22/2023,ELM,NY,AEA,EN,Combined TRACON& Tower with Radar,7,7,5,2,21,0,0,2,0,2,7,7,7,2,23,0,0,0,23
02/23/2023,ELM,NY,AEA,EN,Combined TRACON& Tower with Radar,3,4,16,0,23,0,0,2,0,2,3,4,18,0,25,0,0,0,25
02/24/2023,ELM,NY,AEA,EN,Combined TRACON& Tower with Radar,8,7,14,0,29,0,0,0,0,0,8,7,14,0,29,0,0,0,29
02/25/2023,ELM,NY,AEA,EN,Combined TRACON& Tower with Radar,10,7,4,0,21,0,0,0,0,0,10,7,4,0,21,0,0,0,21
02/26/2023,ELM,NY,AEA,EN,Combined TRACON& Tower with Radar,4,3,7,0,14,0,0,0,0,0,4,3,7,0,14,17,0,17,31
02/27/2023,ELM,NY,AEA,EN,Combined TRACON& Tower with Radar,8,6,11,0,25,0,0,4,0,4,8,6,15,0,29,4,0,4,33
02/28/2023,ELM,NY,AEA,EN,Combined TRACON& Tower with Radar,4,6,9,0,19,0,0,0,0,0,4,6,9,0,19,3,0,3,22
03/01/2023,ELM,NY,AEA,EN,Combined TRACON& Tower with Radar,8,6,9,0,23,0,0,4,0,4,8,6,13,0,27,2,0,2,29
03/02/2023,ELM,NY,AEA,EN,Combined TRACON& Tower with Radar,4,4,15,0,23,0,0,0,0,0,4,4,15,0,23,0,0,0,23
03/03/2023,ELM,NY,AEA,EN,Combined TRACON& Tower with Radar,7,4,16,0,27,0,0,7,0,7,7,4,23,0,34,0,0,0,34
03/04/2023,ELM,NY,AEA,EN,Combined TRACON& Tower with Radar,7,3,5,0,15,0,0,1,0,1,7,3,6,0,16,0,0,0,16
03/05/2023,ELM,NY,AEA,EN,Combined TRACON& Tower with Radar,4,2,3,0,9,0,0,0,0,0,4,2,3,0,9,1,0,1,10
03/06/2023,ELM,NY,AEA,EN,Combined TRACON& Tower with Radar,8,11,18,0,37,0,0,8,0,8,8,11,26,0,45,65,0,65,110
03/07/2023,ELM,NY,AEA,EN,Combined TRACON& Tower with Radar,4,5,12,0,21,0,0,0,0,0,4,5,12,0,21,0,0,0,21
03/08/2023,ELM,NY,AEA,EN,Combined TRACON& Tower with Radar,8,7,7,0,22,5,0,5,0,10,13,7,12,0,32,0,0,0,32
03/09/2023,ELM,NY,AEA,EN,Combined TRACON& Tower with Radar,4,6,12,0,22,0,0,3,1,4,4,6,15,1,26,0,0,0,26
03/10/2023,ELM,NY,AEA,EN,Combined TRACON& Tower with Radar,8,6,15,0,29,6,0,0,0,6,14,6,15,0,35,0,0,0,35
03/11/2023,ELM,NY,AEA,EN,Combined TRACON& Tower with Radar,8,3,5,0,16,0,1,0,0,1,8,4,5,0,17,1,0,1,18
03/12/2023,ELM,NY,AEA,EN,Combined TRACON& Tower with Radar,4,4,8,0,16,0,0,2,0,2,4,4,10,0,18,27,0,27,45
03/13/2023,ELM,NY,AEA,EN,Combined TRACON& Tower with Radar,8,4,12,0,24,0,0,0,0,0,8,4,12,0,24,0,0,0,24
03/14/2023,ELM,NY,AEA,EN,Combined TRACON& Tower with Radar,4,4,8,0,16,0,0,0,0,0,4,4,8,0,16,0,0,0,16
03/15/2023,ELM,NY,AEA,EN,Combined TRACON& Tower with Radar,8,4,6,0,18,8,0,3,0,11,16,4,9,0,29,0,0,0,29
03/16/2023,ELM,NY,AEA,EN,Combined TRACON& Tower with Radar,4,4,9,0,17,0,0,15,1,16,4,4,24,1,33,4,0,4,37
03/17/2023,ELM,NY,AEA,EN,Combined TRACON& Tower with Radar,8,8,9,0,25,0,0,0,0,0,8,8,9,0,25,0,0,0,25
03/18/2023,ELM,NY,AEA,EN,Combined TRACON& Tower with Radar,8,4,4,0,16,18,0,7,0,25,26,4,11,0,41,0,0,0,41
03/19/2023,ELM,NY,AEA,EN,Combined TRACON& Tower with Radar,4,3,7,0,14,0,0,4,0,4,4,3,11,0,18,0,0,0,18
03/20/2023,ELM,NY,AEA,EN,Combined TRACON& Tower with Radar,8,4,10,4,26,0,0,8,0,8,8,4,18,4,34,19,0,19,53
03/21/2023,ELM,NY,AEA,EN,Combined TRACON& Tower with Radar,4,4,12,0,20,0,0,9,0,9,4,4,21,0,29,66,0,66,95
03/22/2023,ELM,NY,AEA,EN,Combined TRACON& Tower with Radar,8,8,11,0,27,8,0,6,0,14,16,8,17,0,41,0,0,0,41
03/23/2023,ELM,NY,AEA,EN,Combined TRACON& Tower with Radar,4,9,15,0,28,0,0,0,0,0,4,9,15,0,28,0,0,0,28
03/24/2023,ELM,NY,AEA,EN,Combined TRACON& Tower with Radar,8,4,20,0,32,21,0,14,0,35,29,4,34,0,67,0,0,0,67
03/25/2023,ELM,NY,AEA,EN,Combined TRACON& Tower with Radar,8,5,4,0,17,0,0,0,0,0,8,5,4,0,17,0,0,0,17
03/26/2023,ELM,NY,AEA,EN,Combined TRACON& Tower with Radar,4,0,2,0,6,0,1,10,0,11,4,1,12,0,17,6,0,6,23
03/27/2023,ELM,NY,AEA,EN,Combined TRACON& Tower with Radar,7,5,16,0,28,0,0,6,0,6,7,5,22,0,34,0,0,0,34
03/28/2023,ELM,NY,AEA,EN,Combined TRACON& Tower with Radar,5,5,12,2,24,0,0,0,0,0,5,5,12,2,24,11,0,11,35
03/29/2023,ELM,NY,AEA,EN,Combined TRACON& Tower with Radar,10,21,17,0,48,0,0,9,0,9,10,21,26,0,57,0,0,0,57
03/30/2023,ELM,NY,AEA,EN,Combined TRACON& Tower with Radar,4,9,14,0,27,0,0,13,0,13,4,9,27,0,40,11,0,11,51
03/31/2023,ELM,NY,AEA,EN,Combined TRACON& Tower with Radar,7,8,13,0,28,0,0,0,0,0,7,8,13,0,28,0,0,0,28
04/01/2023,ELM,NY,AEA,EN,Combined TRACON& Tower with Radar,8,5,5,0,18,0,0,5,0,5,8,5,10,0,23,5,0,5,28
04/02/2023,ELM,NY,AEA,EN,Combined TRACON& Tower with Radar,4,1,7,0,12,0,0,17,0,17,4,1,24,0,29,11,0,11,40
04/03/2023,ELM,NY,AEA,EN,Combined TRACON& Tower with Radar,8,3,7,0,18,0,1,10,0,11,8,4,17,0,29,12,0,12,41
04/04/2023,ELM,NY,AEA,EN,Combined TRACON& Tower with Radar,5,7,9,0,21,0,0,6,0,6,5,7,15,0,27,23,0,23,50
04/05/2023,ELM,NY,AEA,EN,Combined TRACON& Tower with Radar,11,5,7,0,23,2,0,0,0,2,13,5,7,0,25,0,0,0,25
04/06/2023,ELM,NY,AEA,EN,Combined TRACON& Tower with Radar,4,4,12,0,20,50,0,3,0,53,54,4,15,0,73,0,0,0,73
04/07/2023,ELM,NY,AEA,EN,Combined TRACON& Tower with Radar,8,4,7,0,19,4,0,8,0,12,12,4,15,0,31,0,0,0,31
04/08/2023,ELM,NY,AEA,EN,Combined TRACON& Tower with Radar,8,7,9,0,24,9,0,19,0,28,17,7,28,0,52,0,0,0,52
04/09/2023,ELM,NY,AEA,EN,Combined TRACON& Tower with Radar,4,0,7,0,11,0,0,7,0,7,4,0,14,0,18,9,0,9,27
04/10/2023,ELM,NY,AEA,EN,Combined TRACON& Tower with Radar,8,5,13,0,26,0,0,6,0,6,8,5,19,0,32,13,0,13,45
04/11/2023,ELM,NY,AEA,EN,Combined TRACON& Tower with Radar,6,9,15,0,30,0,0,7,0,7,6,9,22,0,37,22,0,22,59
04/12/2023,ELM,NY,AEA,EN,Combined TRACON& Tower with Radar,10,9,10,0,29,0,0,4,0,4,10,9,14,0,33,0,0,0,33
04/13/2023,ELM,NY,AEA,EN,Combined TRACON& Tower with Radar,4,8,14,0,26,0,1,15,1,17,4,9,29,1,43,0,0,0,43
04/14/2023,ELM,NY,AEA,EN,Combined TRACON& Tower with Radar,8,6,16,0,30,0,0,5,0,5,8,6,21,0,35,39,0,39,74
04/15/2023,ELM,NY,AEA,EN,Combined TRACON& Tower with Radar,8,6,7,0,21,0,1,5,0,6,8,7,12,0,27,6,0,6,33
04/16/2023,ELM,NY,AEA,EN,Combined TRACON& Tower with Radar,4,1,8,2,15,0,0,1,1,2,4,1,9,3,17,16,0,16,33
04/17/2023,ELM,NY,AEA,EN,Combined TRACON& Tower with Radar,8,6,16,0,30,0,0,0,0,0,8,6,16,0,30,17,0,17,47
04/18/2023,ELM,NY,AEA,EN,Combined TRACON& Tower with Radar,4,8,7,0,19,0,0,2,0,2,4,8,9,0,21,1,0,1,22
04/19/2023,ELM,NY,AEA,EN,Combined TRACON& Tower with Radar,8,4,21,0,33,0,0,6,0,6,8,4,27,0,39,28,0,28,67
04/20/2023,ELM,NY,AEA,EN,Combined TRACON& Tower with Radar,4,5,15,0,24,27,1,10,0,38,31,6,25,0,62,0,0,0,62
04/21/2023,ELM,NY,AEA,EN,Combined TRACON& Tower with Radar,6,4,18,0,28,22,0,13,0,35,28,4,31,0,63,0,0,0,63
04/22/2023,ELM,NY,AEA,EN,Combined TRACON& Tower with Radar,8,5,2,0,15,0,0,1,0,1,8,5,3,0,16,0,0,0,16
04/23/2023,ELM,NY,AEA,EN,Combined TRACON& Tower with Radar,4,3,8,0,15,0,0,7,0,7,4,3,15,0,22,2,0,2,24
04/24/2023,ELM,NY,AEA,EN,Combined TRACON& Tower with Radar,6,3,11,8,28,0,0,1,0,1,6,3,12,8,29,16,0,16,45
04/25/2023,ELM,NY,AEA,EN,Combined TRACON& Tower with Radar,4,6,16,2,28,0,0,10,0,10,4,6,26,2,38,16,0,16,54
04/26/2023,ELM,NY,AEA,EN,Combined TRACON& Tower with Radar,8,7,9,0,24,0,0,0,0,0,8,7,9,0,24,0,0,0,24
04/27/2023,ELM,NY,AEA,EN,Combined TRACON& Tower with Radar,4,9,23,0,36,62,0,15,0,77,66,9,38,0,113,0,0,0,113
04/28/2023,ELM,NY,AEA,EN,Combined TRACON& Tower with Radar,6,6,18,1,31,1,0,0,0,1,7,6,18,1,32,0,0,0,32
04/29/2023,ELM,NY,AEA,EN,Combined TRACON& Tower with Radar,8,6,8,0,22,0,0,0,0,0,8,6,8,0,22,0,0,0,22
04/30/2023,ELM,NY,AEA,EN,Combined TRACON& Tower with Radar,4,2,5,0,11,0,0,0,0,0,4,2,5,0,11,0,0,0,11
05/01/2023,ELM,NY,AEA,EN,Combined TRACON& Tower with Radar,6,4,18,0,28,0,0,2,0,2,6,4,20,0,30,0,0,0,30
05/02/2023,ELM,NY,AEA,EN,Combined TRACON& Tower with Radar,4,6,10,0,20,0,0,2,0,2,4,6,12,0,22,2,0,2,24
05/03/2023,ELM,NY,AEA,EN,Combined TRACON& Tower with Radar,8,6,19,0,33,0,0,0,0,0,8,6,19,0,33,1,0,1,34
05/04/2023,ELM,NY,AEA,EN,Combined TRACON& Tower with Radar,4,7,18,2,31,0,0,0,0,0,4,7,18,2,31,16,0,16,47
05/05/2023,ELM,NY,AEA,EN,Combined TRACON& Tower with Radar,5,6,13,0,24,2,0,1,0,3,7,6,14,0,27,0,0,0,27
05/06/2023,ELM,NY,AEA,EN,Combined TRACON& Tower with Radar,8,1,3,0,12,0,2,8,0,10,8,3,11,0,22,13,0,13,35
05/07/2023,ELM,NY,AEA,EN,Combined TRACON& Tower with Radar,4,2,6,0,12,0,1,3,0,4,4,3,9,0,16,15,0,15,31
05/08/2023,ELM,NY,AEA,EN,Combined TRACON& Tower with Radar,8,3,14,0,25,0,0,6,0,6,8,3,20,0,31,9,0,9,40
05/09/2023,ELM,NY,AEA,EN,Combined TRACON& Tower with Radar,4,7,7,2,20,0,0,12,0,12,4,7,19,2,32,6,0,6,38
05/10/2023,ELM,NY,AEA,EN,Combined TRACON& Tower with Radar,8,6,13,0,27,8,0,20,0,28,16,6,33,0,55,0,0,0,55
05/11/2023,ELM,NY,AEA,EN,Combined TRACON& Tower with Radar,4,5,16,0,25,17,0,14,0,31,21,5,30,0,56,0,0,0,56
05/12/2023,ELM,NY,AEA,EN,Combined TRACON& Tower with Radar,6,6,15,0,27,8,0,7,0,15,14,6,22,0,42,0,0,0,42
05/13/2023,ELM,NY,AEA,EN,Combined TRACON& Tower with Radar,8,2,8,0,18,0,1,10,0,11,8,3,18,0,29,6,0,6,35
05/14/2023,ELM,NY,AEA,EN,Combined TRACON& Tower with Radar,4,3,5,0,12,0,1,3,0,4,4,4,8,0,16,3,0,3,19
05/15/2023,ELM,NY,AEA,EN,Combined TRACON& Tower with Radar,6,10,16,0,32,0,0,6,0,6,6,10,22,0,38,12,0,12,50
05/16/2023,ELM,NY,AEA,EN,Combined TRACON& Tower with Radar,4,4,18,2,28,0,0,4,0,4,4,4,22,2,32,2,0,2,34
05/17/2023,ELM,NY,AEA,EN,Combined TRACON& Tower with Radar,4,8,15,1,28,0,0,9,0,9,4,8,24,1,37,0,0,0,37
05/18/2023,ELM,NY,AEA,EN,Combined TRACON& Tower with Radar,6,4,16,0,26,0,0,14,0,14,6,4,30,0,40,18,0,18,58
05/19/2023,ELM,NY,AEA,EN,Combined TRACON& Tower with Radar,6,8,17,0,31,0,0,4,0,4,6,8,21,0,35,0,0,0,35
05/20/2023,ELM,NY,AEA,EN,Combined TRACON& Tower with Radar,4,3,6,0,13,0,0,1,0,1,4,3,7,0,14,0,0,0,14
05/21/2023,ELM,NY,AEA,EN,Combined TRACON& Tower with Radar,6,5,5,0,16,0,0,3,1,4,6,5,8,1,20,9,0,9,29
05/22/2023,ELM,NY,AEA,EN,Combined TRACON& Tower with Radar,6,5,16,2,29,0,0,11,1,12,6,5,27,3,41,26,0,26,67
05/23/2023,ELM,NY,AEA,EN,Combined TRACON& Tower with Radar,4,11,18,2,35,0,3,10,2,15,4,14,28,4,50,2,0,2,52
05/24/2023,ELM,NY,AEA,EN,Combined TRACON& Tower with Radar,4,8,16,0,28,0,0,3,0,3,4,8,19,0,31,0,0,0,31
05/25/2023,ELM,NY,AEA,EN,Combined TRACON& Tower with Radar,6,8,17,0,31,0,0,7,0,7,6,8,24,0,38,0,0,0,38
05/26/2023,ELM,NY,AEA,EN,Combined TRACON& Tower with Radar,6,5,16,0,27,23,0,7,0,30,29,5,23,0,57,0,0,0,57
05/27/2023,ELM,NY,AEA,EN,Combined TRACON& Tower with Radar,4,7,6,0,17,0,0,9,0,9,4,7,15,0,26,13,0,13,39
05/28/2023,ELM,NY,AEA,EN,Combined TRACON& Tower with Radar,6,0,10,0,16,0,0,12,0,12,6,0,22,0,28,23,0,23,51
05/29/2023,ELM,NY,AEA,EN,Combined TRACON& Tower with Radar,6,4,7,0,17,0,0,6,1,7,6,4,13,1,24,1,0,1,25
05/30/2023,ELM,NY,AEA,EN,Combined TRACON& Tower with Radar,4,5,16,0,25,0,0,4,0,4,4,5,20,0,29,0,0,0,29
05/31/2023,ELM,NY,AEA,EN,Combined TRACON& Tower with Radar,4,7,10,3,24,12,1,8,1,22,16,8,18,4,46,0,0,0,46
06/01/2023,ELM,NY,AEA,EN,Combined TRACON& Tower with Radar,6,4,14,2,26,11,0,10,2,23,17,4,24,4,49,0,0,0,49
06/02/2023,ELM,NY,AEA,EN,Combined TRACON& Tower with Radar,7,7,14,0,28,0,2,12,2,16,7,9,26,2,44,12,0,12,56
06/03/2023,ELM,NY,AEA,EN,Combined TRACON& Tower with Radar,4,4,11,0,19,0,1,2,0,3,4,5,13,0,22,6,0,6,28
06/04/2023,ELM,NY,AEA,EN,Combined TRACON& Tower with Radar,7,9,14,0,30,0,2,25,0,27,7,11,39,0,57,0,0,0,57
06/05/2023,ELM,NY,AEA,EN,Combined TRACON& Tower with Radar,6,8,21,0,35,0,0,8,1,9,6,8,29,1,44,8,0,8,52
06/06/2023,ELM,NY,AEA,EN,Combined TRACON& Tower with Radar,4,21,10,0,35,0,0,0,0,0,4,21,10,0,35,8,0,8,43
06/07/2023,ELM,NY,AEA,EN,Combined TRACON& Tower with Radar,4,12,18,2,36,0,0,0,0,0,4,12,18,2,36,0,0,0,36
06/08/2023,ELM,NY,AEA,EN,Combined TRACON& Tower with Radar,6,11,18,0,35,0,0,1,0,1,6,11,19,0,36,0,0,0,36
06/09/2023,ELM,NY,AEA,EN,Combined TRACON& Tower with Radar,6,5,17,0,28,0,0,5,0,5,6,5,22,0,33,0,0,0,33
06/10/2023,ELM,NY,AEA,EN,Combined TRACON& Tower with Radar,4,5,7,1,17,0,0,4,0,4,4,5,11,1,21,5,0,5,26
06/11/2023,ELM,NY,AEA,EN,Combined TRACON& Tower with Radar,6,5,7,0,18,0,0,10,2,12,6,5,17,2,30,10,0,10,40
06/12/2023,ELM,NY,AEA,EN,Combined TRACON& Tower with Radar,6,9,18,0,33,0,0,0,0,0,6,9,18,0,33,0,0,0,33
06/13/2023,ELM,NY,AEA,EN,Combined TRACON& Tower with Radar,4,4,7,0,15,0,0,7,2,9,4,4,14,2,24,20,0,20,44
06/14/2023,ELM,NY,AEA,EN,Combined TRACON& Tower with Radar,4,8,17,0,29,0,0,2,0,2,4,8,19,0,31,0,0,0,31
06/15/2023,ELM,NY,AEA,EN,Combined TRACON& Tower with Radar,6,8,15,0,29,0,0,4,0,4,6,8,19,0,33,21,0,21,54
06/16/2023,ELM,NY,AEA,EN,Combined TRACON& Tower with Radar,6,11,18,0,35,0,0,0,0,0,6,11,18,0,35,0,0,0,35
06/17/2023,ELM,NY,AEA,EN,Combined TRACON& Tower with Radar,4,5,6,0,15,0,0,3,0,3,4,5,9,0,18,3,0,3,21
06/18/2023,ELM,NY,AEA,EN,Combined TRACON& Tower with Radar,6,0,6,0,12,0,0,1,0,1,6,0,7,0,13,13,0,13,26
06/19/2023,ELM,NY,AEA,EN,Combined TRACON& Tower with Radar,6,3,16,0,25,0,0,8,0,8,6,3,24,0,33,16,0,16,49
06/20/2023,ELM,NY,AEA,EN,Combined TRACON& Tower with Radar,4,8,15,0,27,0,0,6,0,6,4,8,21,0,33,0,0,0,33
06/21/2023,ELM,NY,AEA,EN,Combined TRACON& Tower with Radar,4,12,26,0,42,0,1,10,0,11,4,13,36,0,53,0,0,0,53
06/22/2023,ELM,NY,AEA,EN,Combined TRACON& Tower with Radar,6,19,31,0,56,0,0,3,0,3,6,19,34,0,59,0,0,0,59
06/23/2023,ELM,NY,AEA,EN,Combined TRACON& Tower with Radar,6,20,28,0,54,0,0,1,0,1,6,20,29,0,55,0,0,0,55
06/24/2023,ELM,NY,AEA,EN,Combined TRACON& Tower with Radar,6,18,15,0,39,0,0,1,1,2,6,18,16,1,41,10,0,10,51
06/25/2023,ELM,NY,AEA,EN,Combined TRACON& Tower with Radar,6,35,31,0,72,0,0,2,0,2,6,35,33,0,74,7,0,7,81
06/26/2023,ELM,NY,AEA,EN,Combined TRACON& Tower with Radar,6,7,15,0,28,0,1,4,0,5,6,8,19,0,33,3,0,3,36
06/27/2023,ELM,NY,AEA,EN,Combined TRACON& Tower with Radar,4,10,26,0,40,0,0,0,0,0,4,10,26,0,40,0,0,0,40
06/28/2023,ELM,NY,AEA,EN,Combined TRACON& Tower with Radar,4,6,21,2,33,0,0,0,0,0,4,6,21,2,33,0,0,0,33
06/29/2023,ELM,NY,AEA,EN,Combined TRACON& Tower with Radar,6,6,22,0,34,0,0,0,0,0,6,6,22,0,34,0,0,0,34
06/30/2023,ELM,NY,AEA,EN,Combined TRACON& Tower with Radar,6,8,22,0,36,0,0,1,0,1,6,8,23,0,37,0,0,0,37
07/01/2023,ELM,NY,AEA,EN,Combined TRACON& Tower with Radar,6,3,12,0,21,0,0,0,0,0,6,3,12,0,21,0,0,0,21
07/02/2023,ELM,NY,AEA,EN,Combined TRACON& Tower with Radar,5,2,6,0,13,0,0,1,0,1,5,2,7,0,14,4,0,4,18
07/03/2023,ELM,NY,AEA,EN,Combined TRACON& Tower with Radar,6,6,3,0,15,0,0,0,0,0,6,6,3,0,15,6,0,6,21
07/04/2023,ELM,NY,AEA,EN,Combined TRACON& Tower with Radar,4,0,4,0,8,9,0,1,1,11,13,0,5,1,19,0,0,0,19
07/05/2023,ELM,NY,AEA,EN,Combined TRACON& Tower with Radar,4,6,23,0,33,14,1,9,0,24,18,7,32,0,57,0,0,0,57
07/06/2023,ELM,NY,AEA,EN,Combined TRACON& Tower with Radar,6,4,7,8,25,0,0,4,0,4,6,4,11,8,29,0,0,0,29
07/07/2023,ELM,NY,AEA,EN,Combined TRACON& Tower with Radar,6,6,7,0,19,0,1,5,0,6,6,7,12,0,25,0,0,0,25
07/08/2023,ELM,NY,AEA,EN,Combined TRACON& Tower with Radar,5,5,10,0,20,0,0,6,0,6,5,5,16,0,26,0,0,0,26
07/09/2023,ELM,NY,AEA,EN,Combined TRACON& Tower with Radar,7,4,17,0,28,0,0,0,0,0,7,4,17,0,28,0,0,0,28
07/10/2023,ELM,NY,AEA,EN,Combined TRACON& Tower with Radar,6,4,14,0,24,0,0,1,0,1,6,4,15,0,25,9,0,9,34
07/11/2023,ELM,NY,AEA,EN,Combined TRACON& Tower with Radar,4,7,15,1,27,0,2,14,1,17,4,9,29,2,44,5,0,5,49
07/12/2023,ELM,NY,AEA,EN,Combined TRACON& Tower with Radar,4,4,22,0,30,0,0,0,0,0,4,4,22,0,30,0,0,0,30
07/13/2023,ELM,NY,AEA,EN,Combined TRACON& Tower with Radar,6,8,8,0,22,0,3,0,2,5,6,11,8,2,27,0,0,0,27
07/14/2023,ELM,NY,AEA,EN,Combined TRACON& Tower with Radar,6,7,21,0,34,0,0,23,0,23,6,7,44,0,57,0,0,0,57
07/15/2023,ELM,NY,AEA,EN,Combined TRACON& Tower with Radar,6,9,10,0,25,0,0,9,0,9,6,9,19,0,34,0,0,0,34
07/16/2023,ELM,NY,AEA,EN,Combined TRACON& Tower with Radar,6,6,4,0,16,0,0,3,0,3,6,6,7,0,19,21,0,21,40
07/17/2023,ELM,NY,AEA,EN,Combined TRACON& Tower with Radar,6,9,14,0,29,0,0,2,0,2,6,9,16,0,31,0,0,0,31
07/18/2023,ELM,NY,AEA,EN,Combined TRACON& Tower with Radar,4,6,11,0,21,0,0,1,0,1,4,6,12,0,22,0,0,0,22
07/19/2023,ELM,NY,AEA,EN,Combined TRACON& Tower with Radar,4,11,18,0,33,0,0,5,0,5,4,11,23,0,38,31,0,31,69
07/20/2023,ELM,NY,AEA,EN,Combined TRACON& Tower with Radar,5,11,10,0,26,0,1,5,0,6,5,12,15,0,32,0,0,0,32
07/21/2023,ELM,NY,AEA,EN,Combined TRACON& Tower with Radar,6,8,14,0,28,0,0,5,0,5,6,8,19,0,33,0,0,0,33
07/22/2023,ELM,NY,AEA,EN,Combined TRACON& Tower with Radar,6,3,6,0,15,0,1,8,0,9,6,4,14,0,24,3,0,3,27
07/23/2023,ELM,NY,AEA,EN,Combined TRACON& Tower with Radar,6,4,6,0,16,0,0,1,0,1,6,4,7,0,17,5,0,5,22
07/24/2023,ELM,NY,AEA,EN,Combined TRACON& Tower with Radar,6,9,17,4,36,0,0,3,0,3,6,9,20,4,39,8,0,8,47
07/25/2023,ELM,NY,AEA,EN,Combined TRACON& Tower with Radar,4,5,15,0,24,0,0,15,0,15,4,5,30,0,39,15,0,15,54
07/26/2023,ELM,NY,AEA,EN,Combined TRACON& Tower with Radar,4,9,21,0,34,0,0,9,0,9,4,9,30,0,43,62,0,62,105
07/27/2023,ELM,NY,AEA,EN,Combined TRACON& Tower with Radar,6,6,10,0,22,0,1,1,0,2,6,7,11,0,24,0,0,0,24
07/28/2023,ELM,NY,AEA,EN,Combined TRACON& Tower with Radar,6,4,24,2,36,0,0,33,0,33,6,4,57,2,69,0,0,0,69
07/29/2023,ELM,NY,AEA,EN,Combined TRACON& Tower with Radar,6,4,4,0,14,0,0,2,0,2,6,4,6,0,16,0,0,0,16
07/30/2023,ELM,NY,AEA,EN,Combined TRACON& Tower with Radar,6,3,7,0,16,0,0,12,0,12,6,3,19,0,28,19,0,19,47
07/31/2023,ELM,NY,AEA,EN,Combined TRACON& Tower with Radar,6,5,13,0,24,0,0,7,0,7,6,5,20,0,31,5,0,5,36
08/01/2023,ELM,NY,AEA,EN,Combined TRACON& Tower with Radar,4,4,10,4,22,0,1,7,0,8,4,5,17,4,30,14,0,14,44
08/02/2023,ELM,NY,AEA,EN,Combined TRACON& Tower with Radar,4,7,17,0,28,0,0,13,2,15,4,7,30,2,43,0,0,0,43
08/03/2023,ELM,NY,AEA,EN,Combined TRACON& Tower with Radar,6,6,7,0,19,0,0,5,0,5,6,6,12,0,24,9,0,9,33
08/04/2023,ELM,NY,AEA,EN,Combined TRACON& Tower with Radar,6,6,14,0,26,0,0,1,0,1,6,6,15,0,27,0,0,0,27
08/05/2023,ELM,NY,AEA,EN,Combined TRACON& Tower with Radar,6,3,2,0,11,0,0,8,0,8,6,3,10,0,19,0,0,0,19
08/06/2023,ELM,NY,AEA,EN,Combined TRACON& Tower with Radar,6,0,3,0,9,0,0,17,0,17,6,0,20,0,26,8,0,8,34
08/07/2023,ELM,NY,AEA,EN,Combined TRACON& Tower with Radar,6,5,20,0,31,0,0,0,0,0,6,5,20,0,31,0,0,0,31
08/08/2023,ELM,NY,AEA,EN,Combined TRACON& Tower with Radar,4,9,5,0,18,0,2,0,0,2,4,11,5,0,20,0,0,0,20
08/09/2023,ELM,NY,AEA,EN,Combined TRACON& Tower with Radar,4,6,20,2,32,2,0,9,1,12,6,6,29,3,44,38,0,38,82
08/10/2023,ELM,NY,AEA,EN,Combined TRACON& Tower with Radar,6,8,12,0,26,0,0,0,0,0,6,8,12,0,26,0,0,0,26
08/11/2023,ELM,NY,AEA,EN,Combined TRACON& Tower with Radar,6,6,16,0,28,0,0,11,2,13,6,6,27,2,41,19,0,19,60
08/12/2023,ELM,NY,AEA,EN,Combined TRACON& Tower with Radar,6,5,6,0,17,0,0,1,0,1,6,5,7,0,18,2,0,2,20
08/13/2023,ELM,NY,AEA,EN,Combined TRACON& Tower with Radar,6,0,4,0,10,0,0,0,0,0,6,0,4,0,10,0,0,0,10
08/14/2023,ELM,NY,AEA,EN,Combined TRACON& Tower with Radar,6,3,20,0,29,0,0,2,2,4,6,3,22,2,33,0,0,0,33
08/15/2023,ELM,NY,AEA,EN,Combined TRACON& Tower with Radar,4,4,12,0,20,0,0,0,0,0,4,4,12,0,20,0,0,0,20
08/16/2023,ELM,NY,AEA,EN,Combined TRACON& Tower with Radar,6,10,18,0,34,0,0,8,0,8,6,10,26,0,42,0,0,0,42
08/17/2023,ELM,NY,AEA,EN,Combined TRACON& Tower with Radar,3,7,24,0,34,0,1,9,0,10,3,8,33,0,44,1,0,1,45
08/18/2023,ELM,NY,AEA,EN,Combined TRACON& Tower with Radar,6,22,37,0,65,0,0,6,0,6,6,22,43,0,71,2,0,2,73
08/19/2023,ELM,NY,AEA,EN,Combined TRACON& Tower with Radar,8,16,22,0,46,0,0,13,0,13,8,16,35,0,59,0,0,0,59
08/20/2023,ELM,NY,AEA,EN,Combined TRACON& Tower with Radar,4,23,34,4,65,0,0,8,0,8,4,23,42,4,73,4,4,8,81
08/21/2023,ELM,NY,AEA,EN,Combined TRACON& Tower with Radar,6,3,22,1,32,0,0,2,0,2,6,3,24,1,34,0,0,0,34
08/22/2023,ELM,NY,AEA,EN,Combined TRACON& Tower with Radar,4,5,11,0,20,0,1,20,0,21,4,6,31,0,41,0,0,0,41
08/23/2023,ELM,NY,AEA,EN,Combined TRACON& Tower with Radar,6,7,12,0,25,0,0,5,0,5,6,7,17,0,30,2,0,2,32
08/24/2023,ELM,NY,AEA,EN,Combined TRACON& Tower with Radar,4,6,11,0,21,0,0,0,0,0,4,6,11,0,21,0,0,0,21
08/25/2023,ELM,NY,AEA,EN,Combined TRACON& Tower with Radar,6,5,15,0,26,0,0,0,0,0,6,5,15,0,26,0,0,0,26
08/26/2023,ELM,NY,AEA,EN,Combined TRACON& Tower with Radar,8,6,6,1,21,0,0,2,1,3,8,6,8,2,24,10,0,10,34
08/27/2023,ELM,NY,AEA,EN,Combined TRACON& Tower with Radar,4,0,7,2,13,0,0,10,0,10,4,0,17,2,23,29,0,29,52
08/28/2023,ELM,NY,AEA,EN,Combined TRACON& Tower with Radar,6,6,15,0,27,0,0,0,0,0,6,6,15,0,27,0,0,0,27
08/29/2023,ELM,NY,AEA,EN,Combined TRACON& Tower with Radar,4,6,6,0,16,0,0,0,0,0,4,6,6,0,16,0,0,0,16
08/30/2023,ELM,NY,AEA,EN,Combined TRACON& Tower with Radar,4,6,13,0,23,0,0,2,0,2,4,6,15,0,25,6,0,6,31
08/31/2023,ELM,NY,AEA,EN,Combined TRACON& Tower with Radar,4,7,11,0,22,0,0,11,0,11,4,7,22,0,33,12,0,12,45
