01/01/2000,ELP,TX,ASW,WE,Towers with Radar,95,17,8,0,120,3,0,37,0,40,98,17,45,0,160,56,0,56,216
01/02/2000,ELP,TX,ASW,WE,Towers with Radar,130,34,46,0,210,1,2,33,0,36,131,36,79,0,246,36,0,36,282
01/03/2000,ELP,TX,ASW,WE,Towers with Radar,159,44,51,3,257,2,1,40,0,43,161,45,91,3,300,2,2,4,304
01/04/2000,ELP,TX,ASW,WE,Towers with Radar,171,52,85,7,315,3,2,91,0,96,174,54,176,7,411,14,2,16,427
01/05/2000,ELP,TX,ASW,WE,Towers with Radar,179,62,81,22,344,3,4,89,0,96,182,66,170,22,440,26,0,26,466
01/06/2000,ELP,TX,ASW,WE,Towers with Radar,179,65,87,16,347,5,4,105,0,114,184,69,192,16,461,38,20,58,519
01/07/2000,ELP,TX,ASW,WE,Towers with Radar,180,54,102,40,376,1,3,92,2,98,181,57,194,42,474,60,0,60,534
01/08/2000,ELP,TX,ASW,WE,Towers with Radar,119,33,81,15,248,3,3,89,2,97,122,36,170,17,345,86,10,96,441
01/09/2000,ELP,TX,ASW,WE,Towers with Radar,134,26,56,11,227,1,3,41,0,45,135,29,97,11,272,4,0,4,276
01/10/2000,ELP,TX,ASW,WE,Towers with Radar,162,43,77,20,302,0,4,52,14,70,162,47,129,34,372,10,0,10,382
01/11/2000,ELP,TX,ASW,WE,Towers with Radar,184,53,76,17,330,2,4,111,7,124,186,57,187,24,454,6,4,10,464
01/12/2000,ELP,TX,ASW,WE,Towers with Radar,193,57,98,31,379,3,4,100,2,109,196,61,198,33,488,6,22,28,516
01/13/2000,ELP,TX,ASW,WE,Towers with Radar,201,56,126,16,399,4,3,104,14,125,205,59,230,30,524,64,0,64,588
01/14/2000,ELP,TX,ASW,WE,Towers with Radar,168,56,80,58,362,1,5,87,0,93,169,61,167,58,455,44,16,60,515
01/15/2000,ELP,TX,ASW,WE,Towers with Radar,130,22,59,15,226,18,0,42,3,63,148,22,101,18,289,32,0,32,321
01/16/2000,ELP,TX,ASW,WE,Towers with Radar,144,12,50,17,223,1,2,32,0,35,145,14,82,17,258,34,0,34,292
01/17/2000,ELP,TX,ASW,WE,Towers with Radar,140,35,64,3,242,14,0,37,0,51,154,35,101,3,293,62,0,62,355
01/18/2000,ELP,TX,ASW,WE,Towers with Radar,194,35,89,22,340,6,0,64,8,78,200,35,153,30,418,2,6,8,426
01/19/2000,ELP,TX,ASW,WE,Towers with Radar,180,47,85,21,333,0,0,122,16,138,180,47,207,37,471,66,30,96,567
01/20/2000,ELP,TX,ASW,WE,Towers with Radar,175,42,91,23,331,0,0,105,42,147,175,42,196,65,478,62,10,72,550
01/21/2000,ELP,TX,ASW,WE,Towers with Radar,173,46,81,21,321,0,14,65,2,81,173,60,146,23,402,14,2,16,418
01/22/2000,ELP,TX,ASW,WE,Towers with Radar,123,30,56,5,214,2,0,85,0,87,125,30,141,5,301,84,0,84,385
01/23/2000,ELP,TX,ASW,WE,Towers with Radar,130,25,62,8,225,1,2,57,2,62,131,27,119,10,287,28,0,28,315
01/24/2000,ELP,TX,ASW,WE,Towers with Radar,157,42,53,15,267,3,3,71,0,77,160,45,124,15,344,10,0,10,354
01/25/2000,ELP,TX,ASW,WE,Towers with Radar,174,44,90,9,317,2,5,90,3,100,176,49,180,12,417,20,0,20,437
01/26/2000,ELP,TX,ASW,WE,Towers with Radar,172,40,76,21,309,2,3,59,1,65,174,43,135,22,374,0,0,0,374
01/27/2000,ELP,TX,ASW,WE,Towers with Radar,162,61,71,28,322,2,3,85,0,90,164,64,156,28,412,18,14,32,444
01/28/2000,ELP,TX,ASW,WE,Towers with Radar,180,51,86,22,339,0,10,111,27,148,180,61,197,49,487,60,0,60,547
01/29/2000,ELP,TX,ASW,WE,Towers with Radar,129,31,74,1,235,3,3,61,1,68,132,34,135,2,303,56,0,56,359
01/30/2000,ELP,TX,ASW,WE,Towers with Radar,130,21,37,1,189,1,4,54,0,59,131,25,91,1,248,66,0,66,314
01/31/2000,ELP,TX,ASW,WE,Towers with Radar,161,41,65,9,276,1,1,62,2,66,162,42,127,11,342,14,0,14,356
02/01/2000,ELP,TX,ASW,WE,Towers with Radar,180,51,82,6,319,2,2,22,0,26,182,53,104,6,345,0,0,0,345
02/02/2000,ELP,TX,ASW,WE,Towers with Radar,183,62,84,9,338,0,2,94,4,100,183,64,178,13,438,18,0,18,456
02/03/2000,ELP,TX,ASW,WE,Towers with Radar,185,34,82,15,316,1,3,107,4,115,186,37,189,19,431,20,10,30,461
02/04/2000,ELP,TX,ASW,WE,Towers with Radar,154,32,69,13,268,21,0,49,5,75,175,32,118,18,343,0,0,0,343
02/05/2000,ELP,TX,ASW,WE,Towers with Radar,108,22,49,9,188,8,0,79,4,91,116,22,128,13,279,76,0,76,355
02/06/2000,ELP,TX,ASW,WE,Towers with Radar,131,19,58,6,214,3,2,60,3,68,134,21,118,9,282,24,10,34,316
02/07/2000,ELP,TX,ASW,WE,Towers with Radar,154,32,37,36,259,1,3,50,3,57,155,35,87,39,316,10,4,14,330
02/08/2000,ELP,TX,ASW,WE,Towers with Radar,169,40,67,9,285,2,3,87,9,101,171,43,154,18,386,18,24,42,428
02/09/2000,ELP,TX,ASW,WE,Towers with Radar,177,56,64,26,323,6,1,70,5,82,183,57,134,31,405,10,0,10,415
02/10/2000,ELP,TX,ASW,WE,Towers with Radar,170,52,78,21,321,1,2,61,12,76,171,54,139,33,397,32,0,32,429
02/11/2000,ELP,TX,ASW,WE,Towers with Radar,174,55,79,19,327,6,2,75,12,95,180,57,154,31,422,14,10,24,446
02/12/2000,ELP,TX,ASW,WE,Towers with Radar,115,30,48,0,193,1,1,57,2,61,116,31,105,2,254,40,0,40,294
02/13/2000,ELP,TX,ASW,WE,Towers with Radar,126,30,35,10,201,2,1,27,2,32,128,31,62,12,233,18,0,18,251
02/14/2000,ELP,TX,ASW,WE,Towers with Radar,138,34,62,8,242,15,2,48,0,65,153,36,110,8,307,0,0,0,307
02/15/2000,ELP,TX,ASW,WE,Towers with Radar,170,49,88,17,324,0,1,62,31,94,170,50,150,48,418,4,24,28,446
02/16/2000,ELP,TX,ASW,WE,Towers with Radar,161,45,79,7,292,2,3,95,3,103,163,48,174,10,395,26,0,26,421
02/17/2000,ELP,TX,ASW,WE,Towers with Radar,156,49,57,16,278,3,3,37,2,45,159,52,94,18,323,42,2,44,367
02/18/2000,ELP,TX,ASW,WE,Towers with Radar,146,38,78,35,297,2,4,59,5,70,148,42,137,40,367,46,8,54,421
02/19/2000,ELP,TX,ASW,WE,Towers with Radar,118,24,61,3,206,0,0,57,0,57,118,24,118,3,263,62,0,62,325
02/20/2000,ELP,TX,ASW,WE,Towers with Radar,119,22,62,5,208,2,1,47,0,50,121,23,109,5,258,12,0,12,270
02/21/2000,ELP,TX,ASW,WE,Towers with Radar,147,29,53,4,233,1,2,43,1,47,148,31,96,5,280,34,0,34,314
02/22/2000,ELP,TX,ASW,WE,Towers with Radar,168,43,78,16,305,0,3,10,27,40,168,46,88,43,345,0,0,0,345
02/23/2000,ELP,TX,ASW,WE,Towers with Radar,170,42,76,15,303,1,11,87,9,108,171,53,163,24,411,8,4,12,423
02/24/2000,ELP,TX,ASW,WE,Towers with Radar,165,46,83,16,310,0,6,69,1,76,165,52,152,17,386,56,2,58,444
02/25/2000,ELP,TX,ASW,WE,Towers with Radar,164,41,75,16,296,0,3,25,19,47,164,44,100,35,343,4,4,8,351
02/26/2000,ELP,TX,ASW,WE,Towers with Radar,108,25,49,9,191,14,0,58,0,72,122,25,107,9,263,0,0,0,263
02/27/2000,ELP,TX,ASW,WE,Towers with Radar,129,26,63,3,221,0,0,100,0,100,129,26,163,3,321,36,0,36,357
02/28/2000,ELP,TX,ASW,WE,Towers with Radar,140,34,63,13,250,16,2,37,8,63,156,36,100,21,313,12,2,14,327
02/29/2000,ELP,TX,ASW,WE,Towers with Radar,158,38,71,9,276,11,5,97,0,113,169,43,168,9,389,30,0,30,419
03/01/2000,ELP,TX,ASW,WE,Towers with Radar,170,50,88,17,325,0,2,99,13,114,170,52,187,30,439,8,8,16,455
03/02/2000,ELP,TX,ASW,WE,Towers with Radar,161,49,83,17,310,0,12,89,7,108,161,61,172,24,418,88,0,88,506
03/03/2000,ELP,TX,ASW,WE,Towers with Radar,156,44,75,10,285,3,12,83,0,98,159,56,158,10,383,80,0,80,463
03/04/2000,ELP,TX,ASW,WE,Towers with Radar,96,27,46,4,173,22,2,60,0,84,118,29,106,4,257,30,0,30,287
03/05/2000,ELP,TX,ASW,WE,Towers with Radar,112,28,54,11,205,10,0,20,6,36,122,28,74,17,241,0,0,0,241
03/06/2000,ELP,TX,ASW,WE,Towers with Radar,141,40,67,13,261,6,1,65,1,73,147,41,132,14,334,40,0,40,374
03/07/2000,ELP,TX,ASW,WE,Towers with Radar,140,40,59,6,245,23,21,0,0,44,163,61,59,6,289,0,0,0,289
03/08/2000,ELP,TX,ASW,WE,Towers with Radar,176,52,88,17,333,0,4,102,12,118,176,56,190,29,451,12,20,32,483
03/09/2000,ELP,TX,ASW,WE,Towers with Radar,169,48,81,16,314,6,1,85,11,103,175,49,166,27,417,76,0,76,493
03/10/2000,ELP,TX,ASW,WE,Towers with Radar,151,39,76,14,280,0,0,82,13,95,151,39,158,27,375,50,0,50,425
03/11/2000,ELP,TX,ASW,WE,Towers with Radar,125,22,60,12,219,4,0,116,6,126,129,22,176,18,345,64,0,64,409
03/12/2000,ELP,TX,ASW,WE,Towers with Radar,129,38,69,7,243,0,0,72,0,72,129,38,141,7,315,48,0,48,363
03/13/2000,ELP,TX,ASW,WE,Towers with Radar,153,46,80,16,295,0,0,65,15,80,153,46,145,31,375,48,0,48,423
03/14/2000,ELP,TX,ASW,WE,Towers with Radar,160,45,77,14,296,2,6,54,20,82,162,51,131,34,378,8,10,18,396
03/15/2000,ELP,TX,ASW,WE,Towers with Radar,162,46,78,15,301,8,8,68,5,89,170,54,146,20,390,7,10,17,407
03/16/2000,ELP,TX,ASW,WE,Towers with Radar,161,50,84,17,312,0,1,62,6,69,161,51,146,23,381,0,0,0,381
03/17/2000,ELP,TX,ASW,WE,Towers with Radar,163,48,81,16,308,0,4,71,9,84,163,52,152,25,392,32,4,36,428
03/18/2000,ELP,TX,ASW,WE,Towers with Radar,103,29,49,4,185,12,3,38,0,53,115,32,87,4,238,32,0,32,270
03/19/2000,ELP,TX,ASW,WE,Towers with Radar,131,24,62,10,227,4,0,68,0,72,135,24,130,10,299,22,0,22,321
03/20/2000,ELP,TX,ASW,WE,Towers with Radar,151,39,73,6,269,6,0,39,0,45,157,39,112,6,314,10,0,10,324
03/21/2000,ELP,TX,ASW,WE,Towers with Radar,160,44,77,6,287,8,16,47,0,71,168,60,124,6,358,14,0,14,372
03/22/2000,ELP,TX,ASW,WE,Towers with Radar,169,48,85,16,318,0,12,35,6,53,169,60,120,22,371,26,4,30,401
03/23/2000,ELP,TX,ASW,WE,Towers with Radar,173,48,84,16,321,0,2,67,3,72,173,50,151,19,393,4,0,4,397
03/24/2000,ELP,TX,ASW,WE,Towers with Radar,166,48,84,16,314,0,2,72,20,94,166,50,156,36,408,56,0,56,464
03/25/2000,ELP,TX,ASW,WE,Towers with Radar,103,28,50,4,185,13,1,90,0,104,116,29,140,4,289,44,0,44,333
03/26/2000,ELP,TX,ASW,WE,Towers with Radar,123,30,60,11,224,13,0,49,6,68,136,30,109,17,292,0,0,0,292
03/27/2000,ELP,TX,ASW,WE,Towers with Radar,149,40,72,13,274,8,0,69,4,81,157,40,141,17,355,4,10,14,369
03/28/2000,ELP,TX,ASW,WE,Towers with Radar,154,42,74,6,276,7,8,42,0,57,161,50,116,6,333,14,0,14,347
03/29/2000,ELP,TX,ASW,WE,Towers with Radar,167,48,85,16,316,0,14,82,9,105,167,62,167,25,421,15,0,15,436
03/30/2000,ELP,TX,ASW,WE,Towers with Radar,167,46,81,13,307,2,14,91,0,107,169,60,172,13,414,62,0,62,476
03/31/2000,ELP,TX,ASW,WE,Towers with Radar,168,47,82,15,312,0,6,46,15,67,168,53,128,30,379,50,12,62,441
04/01/2000,ELP,TX,ASW,WE,Towers with Radar,112,23,49,6,190,3,0,48,0,51,115,23,97,6,241,40,0,40,281
04/02/2000,ELP,TX,ASW,WE,Towers with Radar,110,28,47,8,193,19,32,30,1,82,129,60,77,9,275,52,0,52,327
04/03/2000,ELP,TX,ASW,WE,Towers with Radar,143,37,63,12,255,8,2,55,16,81,151,39,118,28,336,22,0,22,358
04/04/2000,ELP,TX,ASW,WE,Towers with Radar,161,30,71,13,275,15,0,92,20,127,176,30,163,33,402,58,0,58,460
04/05/2000,ELP,TX,ASW,WE,Towers with Radar,171,42,75,14,302,0,0,89,12,101,171,42,164,26,403,66,2,68,471
04/06/2000,ELP,TX,ASW,WE,Towers with Radar,161,42,71,13,287,9,14,71,8,102,170,56,142,21,389,0,0,0,389
04/07/2000,ELP,TX,ASW,WE,Towers with Radar,167,45,79,15,306,0,0,51,21,72,167,45,130,36,378,0,4,4,382
04/08/2000,ELP,TX,ASW,WE,Towers with Radar,101,26,44,6,177,12,4,28,0,44,113,30,72,6,221,48,6,54,275
04/09/2000,ELP,TX,ASW,WE,Towers with Radar,126,26,55,9,216,4,0,51,3,58,130,26,106,12,274,102,0,102,376
04/10/2000,ELP,TX,ASW,WE,Towers with Radar,153,43,74,13,283,0,9,84,0,93,153,52,158,13,376,24,0,24,400
04/11/2000,ELP,TX,ASW,WE,Towers with Radar,165,43,73,8,289,0,29,47,0,76,165,72,120,8,365,44,0,44,409
04/12/2000,ELP,TX,ASW,WE,Towers with Radar,174,48,81,9,312,0,20,113,0,133,174,68,194,9,445,60,0,60,505
04/13/2000,ELP,TX,ASW,WE,Towers with Radar,169,48,81,14,312,0,14,95,0,109,169,62,176,14,421,30,8,38,459
04/14/2000,ELP,TX,ASW,WE,Towers with Radar,167,49,85,15,316,0,3,73,23,99,167,52,158,38,415,64,18,82,497
04/15/2000,ELP,TX,ASW,WE,Towers with Radar,123,33,59,8,223,0,2,12,0,14,123,35,71,8,237,38,6,44,281
04/16/2000,ELP,TX,ASW,WE,Towers with Radar,126,18,56,9,209,7,0,64,20,91,133,18,120,29,300,20,12,32,332
04/17/2000,ELP,TX,ASW,WE,Towers with Radar,148,36,65,7,256,6,0,84,0,90,154,36,149,7,346,48,0,48,394
04/18/2000,ELP,TX,ASW,WE,Towers with Radar,161,46,80,5,292,0,8,89,0,97,161,54,169,5,389,34,0,34,423
04/19/2000,ELP,TX,ASW,WE,Towers with Radar,169,45,80,13,307,0,8,62,1,71,169,53,142,14,378,18,0,18,396
04/20/2000,ELP,TX,ASW,WE,Towers with Radar,160,40,71,2,273,2,8,83,0,93,162,48,154,2,366,40,0,40,406
04/21/2000,ELP,TX,ASW,WE,Towers with Radar,146,31,65,10,252,14,0,57,1,72,160,31,122,11,324,24,0,24,348
04/22/2000,ELP,TX,ASW,WE,Towers with Radar,86,21,38,3,148,21,5,17,0,43,107,26,55,3,191,0,0,0,191
04/23/2000,ELP,TX,ASW,WE,Towers with Radar,112,27,48,9,196,21,0,0,0,21,133,27,48,9,217,0,0,0,217
04/24/2000,ELP,TX,ASW,WE,Towers with Radar,150,40,71,13,274,0,0,62,14,76,150,40,133,27,350,38,18,56,406
04/25/2000,ELP,TX,ASW,WE,Towers with Radar,162,37,72,9,280,3,0,82,0,85,165,37,154,9,365,50,0,50,415
04/26/2000,ELP,TX,ASW,WE,Towers with Radar,160,40,71,11,282,5,5,78,0,88,165,45,149,11,370,46,0,46,416
04/27/2000,ELP,TX,ASW,WE,Towers with Radar,171,46,80,15,312,0,1,58,24,83,171,47,138,39,395,80,30,110,505
04/28/2000,ELP,TX,ASW,WE,Towers with Radar,163,41,72,13,289,8,3,47,0,58,171,44,119,13,347,60,0,60,407
04/29/2000,ELP,TX,ASW,WE,Towers with Radar,98,21,43,6,168,14,0,59,0,73,112,21,102,6,241,68,0,68,309
04/30/2000,ELP,TX,ASW,WE,Towers with Radar,128,21,57,10,216,0,0,55,9,64,128,21,112,19,280,30,8,38,318
05/01/2000,ELP,TX,ASW,WE,Towers with Radar,149,37,68,8,262,4,3,57,2,66,153,40,125,10,328,32,0,32,360
05/02/2000,ELP,TX,ASW,WE,Towers with Radar,170,40,76,9,295,0,5,90,1,96,170,45,166,10,391,62,0,62,453
05/03/2000,ELP,TX,ASW,WE,Towers with Radar,172,42,83,10,307,0,0,77,19,96,172,42,160,29,403,36,20,56,459
05/04/2000,ELP,TX,ASW,WE,Towers with Radar,168,40,75,6,289,0,7,62,2,71,168,47,137,8,360,62,0,62,422
05/05/2000,ELP,TX,ASW,WE,Towers with Radar,161,42,81,9,293,0,1,79,4,84,161,43,160,13,377,60,0,60,437
05/06/2000,ELP,TX,ASW,WE,Towers with Radar,119,15,58,4,196,0,7,70,0,77,119,22,128,4,273,46,0,46,319
05/07/2000,ELP,TX,ASW,WE,Towers with Radar,129,25,59,6,219,3,0,48,3,54,132,25,107,9,273,2,0,2,275
05/08/2000,ELP,TX,ASW,WE,Towers with Radar,156,30,63,1,250,0,7,55,4,66,156,37,118,5,316,22,0,22,338
05/09/2000,ELP,TX,ASW,WE,Towers with Radar,160,40,74,9,283,0,22,64,3,89,160,62,138,12,372,20,0,20,392
05/10/2000,ELP,TX,ASW,WE,Towers with Radar,171,38,93,12,314,0,8,78,3,89,171,46,171,15,403,40,0,40,443
05/11/2000,ELP,TX,ASW,WE,Towers with Radar,168,42,76,14,300,0,0,35,3,38,168,42,111,17,338,26,0,26,364
05/12/2000,ELP,TX,ASW,WE,Towers with Radar,163,43,94,3,303,0,8,62,3,73,163,51,156,6,376,20,0,20,396
05/13/2000,ELP,TX,ASW,WE,Towers with Radar,108,24,48,3,183,23,0,35,0,58,131,24,83,3,241,28,0,28,269
05/14/2000,ELP,TX,ASW,WE,Towers with Radar,110,18,48,6,182,21,0,60,5,86,131,18,108,11,268,10,0,10,278
05/15/2000,ELP,TX,ASW,WE,Towers with Radar,151,40,82,4,277,0,5,52,0,57,151,45,134,4,334,44,0,44,378
05/16/2000,ELP,TX,ASW,WE,Towers with Radar,169,70,71,13,323,0,5,39,0,44,169,75,110,13,367,0,0,0,367
05/17/2000,ELP,TX,ASW,WE,Towers with Radar,173,56,60,6,295,0,5,34,0,39,173,61,94,6,334,0,0,0,334
05/18/2000,ELP,TX,ASW,WE,Towers with Radar,158,63,93,5,319,0,5,59,1,65,158,68,152,6,384,58,2,60,444
05/19/2000,ELP,TX,ASW,WE,Towers with Radar,177,47,86,10,320,0,0,85,22,107,177,47,171,32,427,68,12,80,507
05/20/2000,ELP,TX,ASW,WE,Towers with Radar,112,22,50,4,188,23,0,50,0,73,135,22,100,4,261,34,6,40,301
05/21/2000,ELP,TX,ASW,WE,Towers with Radar,115,22,52,1,190,17,0,48,0,65,132,22,100,1,255,0,0,0,255
05/22/2000,ELP,TX,ASW,WE,Towers with Radar,156,40,83,6,285,1,8,80,1,90,157,48,163,7,375,18,0,18,393
05/23/2000,ELP,TX,ASW,WE,Towers with Radar,177,55,57,13,302,0,4,48,0,52,177,59,105,13,354,4,0,4,358
05/24/2000,ELP,TX,ASW,WE,Towers with Radar,170,55,76,3,304,0,6,71,1,78,170,61,147,4,382,0,0,0,382
05/25/2000,ELP,TX,ASW,WE,Towers with Radar,171,45,82,11,309,1,6,46,2,55,172,51,128,13,364,20,18,38,402
05/26/2000,ELP,TX,ASW,WE,Towers with Radar,167,46,84,11,308,0,3,73,6,82,167,49,157,17,390,28,0,28,418
05/27/2000,ELP,TX,ASW,WE,Towers with Radar,103,22,46,3,174,2,0,46,0,48,105,22,92,3,222,18,0,18,240
05/28/2000,ELP,TX,ASW,WE,Towers with Radar,108,16,48,5,177,9,0,38,0,47,117,16,86,5,224,28,0,28,252
05/29/2000,ELP,TX,ASW,WE,Towers with Radar,118,26,53,6,203,19,0,34,2,55,137,26,87,8,258,68,0,68,326
05/30/2000,ELP,TX,ASW,WE,Towers with Radar,153,40,73,2,268,0,11,51,0,62,153,51,124,2,330,22,0,22,352
05/31/2000,ELP,TX,ASW,WE,Towers with Radar,157,54,93,16,320,0,7,55,5,67,157,61,148,21,387,20,0,20,407
06/01/2000,ELP,TX,ASW,WE,Towers with Radar,169,54,89,1,313,0,6,86,3,95,169,60,175,4,408,8,0,8,416
06/02/2000,ELP,TX,ASW,WE,Towers with Radar,159,51,86,11,307,2,13,45,8,68,161,64,131,19,375,68,20,88,463
06/03/2000,ELP,TX,ASW,WE,Towers with Radar,106,25,57,8,196,9,0,45,1,55,115,25,102,9,251,60,0,60,311
06/04/2000,ELP,TX,ASW,WE,Towers with Radar,122,23,66,2,213,5,0,55,0,60,127,23,121,2,273,34,0,34,307
06/05/2000,ELP,TX,ASW,WE,Towers with Radar,155,42,91,4,292,0,8,41,1,50,155,50,132,5,342,46,16,62,404
06/06/2000,ELP,TX,ASW,WE,Towers with Radar,164,51,100,7,322,0,5,59,2,66,164,56,159,9,388,62,0,62,450
06/07/2000,ELP,TX,ASW,WE,Towers with Radar,194,64,108,14,380,0,11,104,6,121,194,75,212,20,501,120,0,120,621
06/08/2000,ELP,TX,ASW,WE,Towers with Radar,161,59,95,27,342,1,8,87,13,109,162,67,182,40,451,24,0,24,475
06/09/2000,ELP,TX,ASW,WE,Towers with Radar,164,48,85,45,342,0,8,59,5,72,164,56,144,50,414,8,0,8,422
06/10/2000,ELP,TX,ASW,WE,Towers with Radar,120,19,56,1,196,0,2,44,2,48,120,21,100,3,244,96,0,96,340
06/11/2000,ELP,TX,ASW,WE,Towers with Radar,135,28,74,10,247,36,0,28,5,69,171,28,102,15,316,98,0,98,414
06/12/2000,ELP,TX,ASW,WE,Towers with Radar,145,48,64,6,263,0,7,44,2,53,145,55,108,8,316,24,0,24,340
06/13/2000,ELP,TX,ASW,WE,Towers with Radar,162,63,84,11,320,0,5,88,4,97,162,68,172,15,417,44,0,44,461
06/14/2000,ELP,TX,ASW,WE,Towers with Radar,165,63,108,14,350,0,6,72,1,79,165,69,180,15,429,34,0,34,463
06/15/2000,ELP,TX,ASW,WE,Towers with Radar,161,62,105,13,341,0,26,92,12,130,161,88,197,25,471,58,10,68,539
06/16/2000,ELP,TX,ASW,WE,Towers with Radar,168,63,82,16,329,0,5,70,2,77,168,68,152,18,406,80,0,80,486
06/17/2000,ELP,TX,ASW,WE,Towers with Radar,108,34,49,3,194,7,0,0,0,7,115,34,49,3,201,66,0,66,267
06/18/2000,ELP,TX,ASW,WE,Towers with Radar,116,29,56,9,210,14,0,0,3,17,130,29,56,12,227,4,0,4,231
06/19/2000,ELP,TX,ASW,WE,Towers with Radar,156,42,83,15,296,0,4,74,4,82,156,46,157,19,378,32,0,32,410
06/20/2000,ELP,TX,ASW,WE,Towers with Radar,163,60,83,7,313,0,4,73,6,83,163,64,156,13,396,42,0,42,438
06/21/2000,ELP,TX,ASW,WE,Towers with Radar,167,71,116,6,360,4,9,75,4,92,171,80,191,10,452,64,0,64,516
06/22/2000,ELP,TX,ASW,WE,Towers with Radar,167,67,103,16,353,0,0,0,1,1,167,67,103,17,354,64,18,82,436
06/23/2000,ELP,TX,ASW,WE,Towers with Radar,129,29,100,13,271,0,0,40,9,49,129,29,140,22,320,32,0,32,352
06/24/2000,ELP,TX,ASW,WE,Towers with Radar,127,23,93,13,256,0,0,47,9,56,127,23,140,22,312,0,0,0,312
06/25/2000,ELP,TX,ASW,WE,Towers with Radar,115,23,63,8,209,9,0,65,0,74,124,23,128,8,283,28,0,28,311
06/26/2000,ELP,TX,ASW,WE,Towers with Radar,147,43,55,11,256,0,6,34,3,43,147,49,89,14,299,34,0,34,333
06/27/2000,ELP,TX,ASW,WE,Towers with Radar,167,57,84,5,313,0,8,79,8,95,167,65,163,13,408,38,0,38,446
06/28/2000,ELP,TX,ASW,WE,Towers with Radar,174,60,107,1,342,2,9,59,3,73,176,69,166,4,415,32,0,32,447
06/29/2000,ELP,TX,ASW,WE,Towers with Radar,167,79,100,5,351,0,5,41,2,48,167,84,141,7,399,44,0,44,443
06/30/2000,ELP,TX,ASW,WE,Towers with Radar,158,52,86,4,300,0,7,63,2,72,158,59,149,6,372,46,0,46,418
07/01/2000,ELP,TX,ASW,WE,Towers with Radar,124,24,64,0,212,1,1,1,0,3,125,25,65,0,215,46,0,46,261
07/02/2000,ELP,TX,ASW,WE,Towers with Radar,98,23,39,0,160,10,28,24,0,62,108,51,63,0,222,20,0,20,242
07/03/2000,ELP,TX,ASW,WE,Towers with Radar,114,27,46,7,194,2,4,64,0,70,116,31,110,7,264,0,0,0,264
07/04/2000,ELP,TX,ASW,WE,Towers with Radar,110,26,44,4,184,9,11,39,0,59,119,37,83,4,243,0,0,0,243
07/05/2000,ELP,TX,ASW,WE,Towers with Radar,154,29,76,10,269,1,7,62,0,70,155,36,138,10,339,64,0,64,403
07/06/2000,ELP,TX,ASW,WE,Towers with Radar,171,43,68,5,287,1,5,66,4,76,172,48,134,9,363,20,0,20,383
07/07/2000,ELP,TX,ASW,WE,Towers with Radar,164,38,70,12,284,0,0,52,15,67,164,38,122,27,351,40,18,58,409
07/08/2000,ELP,TX,ASW,WE,Towers with Radar,117,23,40,9,189,0,0,0,2,2,117,23,40,11,191,68,6,74,265
07/09/2000,ELP,TX,ASW,WE,Towers with Radar,126,22,52,10,210,0,0,29,24,53,126,22,81,34,263,6,0,6,269
07/10/2000,ELP,TX,ASW,WE,Towers with Radar,154,26,64,2,246,0,6,49,1,56,154,32,113,3,302,24,0,24,326
07/11/2000,ELP,TX,ASW,WE,Towers with Radar,160,38,57,3,258,1,2,56,1,60,161,40,113,4,318,82,0,82,400
07/12/2000,ELP,TX,ASW,WE,Towers with Radar,161,47,82,10,300,1,7,59,0,67,162,54,141,10,367,26,0,26,393
07/13/2000,ELP,TX,ASW,WE,Towers with Radar,168,65,67,2,302,2,9,61,2,74,170,74,128,4,376,46,8,54,430
07/14/2000,ELP,TX,ASW,WE,Towers with Radar,172,43,60,18,293,2,6,77,0,85,174,49,137,18,378,44,4,48,426
07/15/2000,ELP,TX,ASW,WE,Towers with Radar,118,22,24,0,164,0,2,63,0,65,118,24,87,0,229,62,0,62,291
07/16/2000,ELP,TX,ASW,WE,Towers with Radar,124,30,50,10,214,2,0,52,11,65,126,30,102,21,279,28,0,28,307
07/17/2000,ELP,TX,ASW,WE,Towers with Radar,144,35,58,0,237,9,6,62,0,77,153,41,120,0,314,34,0,34,348
07/18/2000,ELP,TX,ASW,WE,Towers with Radar,162,41,73,5,281,0,5,65,0,70,162,46,138,5,351,30,0,30,381
07/19/2000,ELP,TX,ASW,WE,Towers with Radar,155,40,62,4,261,2,6,61,2,71,157,46,123,6,332,52,0,52,384
07/20/2000,ELP,TX,ASW,WE,Towers with Radar,165,51,53,25,294,0,5,62,4,71,165,56,115,29,365,76,0,76,441
07/21/2000,ELP,TX,ASW,WE,Towers with Radar,166,43,39,16,264,1,5,62,5,73,167,48,101,21,337,82,0,82,419
07/22/2000,ELP,TX,ASW,WE,Towers with Radar,114,24,60,5,203,0,2,57,0,59,114,26,117,5,262,76,0,76,338
07/23/2000,ELP,TX,ASW,WE,Towers with Radar,126,30,61,10,227,0,0,44,16,60,126,30,105,26,287,28,0,28,315
07/24/2000,ELP,TX,ASW,WE,Towers with Radar,149,36,58,3,246,0,4,67,2,73,149,40,125,5,319,44,0,44,363
07/25/2000,ELP,TX,ASW,WE,Towers with Radar,165,44,71,12,292,0,0,89,2,91,165,44,160,14,383,68,0,68,451
07/26/2000,ELP,TX,ASW,WE,Towers with Radar,163,46,75,2,286,4,6,54,5,69,167,52,129,7,355,64,0,64,419
07/27/2000,ELP,TX,ASW,WE,Towers with Radar,158,46,91,13,308,1,3,60,9,73,159,49,151,22,381,38,6,44,425
07/28/2000,ELP,TX,ASW,WE,Towers with Radar,175,54,93,14,336,0,6,62,10,78,175,60,155,24,414,56,0,56,470
07/29/2000,ELP,TX,ASW,WE,Towers with Radar,138,25,47,1,211,0,3,50,3,56,138,28,97,4,267,88,0,88,355
07/30/2000,ELP,TX,ASW,WE,Towers with Radar,108,18,43,6,175,21,0,36,0,57,129,18,79,6,232,34,0,34,266
07/31/2000,ELP,TX,ASW,WE,Towers with Radar,148,49,56,6,259,0,4,57,0,61,148,53,113,6,320,4,0,4,324
08/01/2000,ELP,TX,ASW,WE,Towers with Radar,174,66,96,8,344,0,7,93,0,100,174,73,189,8,444,66,0,66,510
08/02/2000,ELP,TX,ASW,WE,Towers with Radar,180,68,76,3,327,1,7,60,1,69,181,75,136,4,396,40,0,40,436
08/03/2000,ELP,TX,ASW,WE,Towers with Radar,169,82,99,2,352,1,8,77,2,88,170,90,176,4,440,22,0,22,462
08/04/2000,ELP,TX,ASW,WE,Towers with Radar,173,73,83,16,345,3,13,102,17,135,176,86,185,33,480,86,0,86,566
08/05/2000,ELP,TX,ASW,WE,Towers with Radar,115,38,73,2,228,1,2,67,2,72,116,40,140,4,300,42,0,42,342
08/06/2000,ELP,TX,ASW,WE,Towers with Radar,112,31,55,5,203,18,0,22,0,40,130,31,77,5,243,0,0,0,243
08/07/2000,ELP,TX,ASW,WE,Towers with Radar,159,35,69,17,280,2,5,54,1,62,161,40,123,18,342,2,0,2,344
08/08/2000,ELP,TX,ASW,WE,Towers with Radar,171,62,77,4,314,4,7,64,4,79,175,69,141,8,393,44,0,44,437
08/09/2000,ELP,TX,ASW,WE,Towers with Radar,170,49,101,2,322,1,7,67,1,76,171,56,168,3,398,18,0,18,416
08/10/2000,ELP,TX,ASW,WE,Towers with Radar,185,67,84,7,343,4,4,54,1,63,189,71,138,8,406,0,0,0,406
08/11/2000,ELP,TX,ASW,WE,Towers with Radar,169,56,56,3,284,1,6,54,64,125,170,62,110,67,409,0,0,0,409
08/12/2000,ELP,TX,ASW,WE,Towers with Radar,116,33,71,3,223,5,2,59,4,70,121,35,130,7,293,76,0,76,369
08/13/2000,ELP,TX,ASW,WE,Towers with Radar,127,27,62,9,225,4,0,66,2,72,131,27,128,11,297,90,0,90,387
08/14/2000,ELP,TX,ASW,WE,Towers with Radar,152,58,76,5,291,1,4,62,2,69,153,62,138,7,360,6,0,6,366
08/15/2000,ELP,TX,ASW,WE,Towers with Radar,163,53,79,4,299,15,0,63,0,78,178,53,142,4,377,32,0,32,409
08/16/2000,ELP,TX,ASW,WE,Towers with Radar,165,55,72,3,295,4,5,71,1,81,169,60,143,4,376,58,0,58,434
08/17/2000,ELP,TX,ASW,WE,Towers with Radar,171,57,85,7,320,1,5,32,14,52,172,62,117,21,372,22,0,22,394
08/18/2000,ELP,TX,ASW,WE,Towers with Radar,168,60,77,26,331,6,8,54,0,68,174,68,131,26,399,138,8,146,545
08/19/2000,ELP,TX,ASW,WE,Towers with Radar,116,37,40,11,204,5,8,66,0,79,121,45,106,11,283,60,6,66,349
08/20/2000,ELP,TX,ASW,WE,Towers with Radar,132,31,64,10,237,0,0,59,8,67,132,31,123,18,304,124,0,124,428
08/21/2000,ELP,TX,ASW,WE,Towers with Radar,154,58,64,7,283,0,6,73,0,79,154,64,137,7,362,82,0,82,444
08/22/2000,ELP,TX,ASW,WE,Towers with Radar,173,60,86,6,325,0,5,69,0,74,173,65,155,6,399,60,0,60,459
08/23/2000,ELP,TX,ASW,WE,Towers with Radar,175,57,88,6,326,0,5,77,2,84,175,62,165,8,410,4,0,4,414
08/24/2000,ELP,TX,ASW,WE,Towers with Radar,173,63,91,13,340,0,10,68,19,97,173,73,159,32,437,50,22,72,509
08/25/2000,ELP,TX,ASW,WE,Towers with Radar,164,53,68,24,309,0,7,58,0,65,164,60,126,24,374,2,4,6,380
08/26/2000,ELP,TX,ASW,WE,Towers with Radar,116,39,54,17,226,0,3,59,4,66,116,42,113,21,292,70,0,70,362
08/27/2000,ELP,TX,ASW,WE,Towers with Radar,130,31,62,9,232,3,0,33,24,60,133,31,95,33,292,44,0,44,336
08/28/2000,ELP,TX,ASW,WE,Towers with Radar,151,35,60,12,258,0,5,39,2,46,151,40,99,14,304,2,0,2,306
08/29/2000,ELP,TX,ASW,WE,Towers with Radar,171,52,80,5,308,0,2,0,0,2,171,54,80,5,310,34,0,34,344
08/30/2000,ELP,TX,ASW,WE,Towers with Radar,176,47,89,4,316,0,5,56,0,61,176,52,145,4,377,26,0,26,403
08/31/2000,ELP,TX,ASW,WE,Towers with Radar,169,75,85,14,343,0,3,63,2,68,169,78,148,16,411,60,0,60,471
09/01/2000,ELP,TX,ASW,WE,Towers with Radar,169,53,63,40,325,1,2,63,6,72,170,55,126,46,397,8,4,12,409
09/02/2000,ELP,TX,ASW,WE,Towers with Radar,134,31,46,13,224,0,8,93,9,110,134,39,139,22,334,42,0,42,376
09/03/2000,ELP,TX,ASW,WE,Towers with Radar,90,21,37,1,149,27,0,13,0,40,117,21,50,1,189,36,0,36,225
09/04/2000,ELP,TX,ASW,WE,Towers with Radar,135,32,58,25,250,1,1,52,4,58,136,33,110,29,308,28,20,48,356
09/05/2000,ELP,TX,ASW,WE,Towers with Radar,157,65,66,9,297,2,4,88,2,96,159,69,154,11,393,26,0,26,419
09/06/2000,ELP,TX,ASW,WE,Towers with Radar,173,42,49,7,271,2,8,57,2,69,175,50,106,9,340,6,0,6,346
09/07/2000,ELP,TX,ASW,WE,Towers with Radar,167,49,53,5,274,1,4,65,3,73,168,53,118,8,347,18,0,18,365
09/08/2000,ELP,TX,ASW,WE,Towers with Radar,166,55,51,19,291,9,2,70,7,88,175,57,121,26,379,44,0,44,423
09/09/2000,ELP,TX,ASW,WE,Towers with Radar,122,39,49,12,222,0,0,70,15,85,122,39,119,27,307,69,0,69,376
09/10/2000,ELP,TX,ASW,WE,Towers with Radar,117,23,48,12,200,17,0,72,2,91,134,23,120,14,291,68,0,68,359
09/11/2000,ELP,TX,ASW,WE,Towers with Radar,153,51,45,12,261,0,5,59,5,69,153,56,104,17,330,6,10,16,346
09/12/2000,ELP,TX,ASW,WE,Towers with Radar,178,62,85,17,342,4,6,77,1,88,182,68,162,18,430,78,0,78,508
09/13/2000,ELP,TX,ASW,WE,Towers with Radar,170,58,74,6,308,3,6,86,0,95,173,64,160,6,403,4,0,4,407
09/14/2000,ELP,TX,ASW,WE,Towers with Radar,165,75,66,10,316,3,5,82,7,97,168,80,148,17,413,16,0,16,429
09/15/2000,ELP,TX,ASW,WE,Towers with Radar,176,62,76,18,332,0,9,52,12,73,176,71,128,30,405,51,0,51,456
09/16/2000,ELP,TX,ASW,WE,Towers with Radar,116,35,39,3,193,3,3,69,2,77,119,38,108,5,270,40,0,40,310
09/17/2000,ELP,TX,ASW,WE,Towers with Radar,131,28,45,26,230,1,3,75,0,79,132,31,120,26,309,2,0,2,311
09/18/2000,ELP,TX,ASW,WE,Towers with Radar,147,51,70,15,283,3,4,68,2,77,150,55,138,17,360,0,0,0,360
09/19/2000,ELP,TX,ASW,WE,Towers with Radar,175,60,71,3,309,1,4,62,3,70,176,64,133,6,379,12,0,12,391
09/20/2000,ELP,TX,ASW,WE,Towers with Radar,162,67,65,3,297,8,1,56,2,67,170,68,121,5,364,8,0,8,372
09/21/2000,ELP,TX,ASW,WE,Towers with Radar,170,71,94,12,347,5,4,57,4,70,175,75,151,16,417,16,0,16,433
09/22/2000,ELP,TX,ASW,WE,Towers with Radar,183,67,81,18,349,0,19,42,16,77,183,86,123,34,426,12,42,54,480
09/23/2000,ELP,TX,ASW,WE,Towers with Radar,118,40,49,2,209,0,4,65,0,69,118,44,114,2,278,60,0,60,338
09/24/2000,ELP,TX,ASW,WE,Towers with Radar,127,29,53,12,221,0,0,41,28,69,127,29,94,40,290,14,0,14,304
09/25/2000,ELP,TX,ASW,WE,Towers with Radar,155,56,61,36,308,3,5,50,5,63,158,61,111,41,371,24,6,30,401
09/26/2000,ELP,TX,ASW,WE,Towers with Radar,171,66,74,4,315,3,5,86,12,106,174,71,160,16,421,22,0,22,443
09/27/2000,ELP,TX,ASW,WE,Towers with Radar,172,68,94,6,340,1,9,66,10,86,173,77,160,16,426,48,0,48,474
09/28/2000,ELP,TX,ASW,WE,Towers with Radar,169,57,80,15,321,6,5,79,8,98,175,62,159,23,419,62,0,62,481
09/29/2000,ELP,TX,ASW,WE,Towers with Radar,167,60,84,18,329,3,6,52,0,61,170,66,136,18,390,10,0,10,400
09/30/2000,ELP,TX,ASW,WE,Towers with Radar,117,53,52,5,227,1,4,71,2,78,118,57,123,7,305,52,0,52,357
10/01/2000,ELP,TX,ASW,WE,Towers with Radar,128,44,56,12,240,0,0,65,11,76,128,44,121,23,316,28,0,28,344
10/02/2000,ELP,TX,ASW,WE,Towers with Radar,155,53,57,14,279,5,4,54,7,70,160,57,111,21,349,12,0,12,361
10/03/2000,ELP,TX,ASW,WE,Towers with Radar,170,68,84,6,328,5,5,70,7,87,175,73,154,13,415,54,0,54,469
10/04/2000,ELP,TX,ASW,WE,Towers with Radar,166,74,81,5,326,3,6,60,1,70,169,80,141,6,396,12,0,12,408
10/05/2000,ELP,TX,ASW,WE,Towers with Radar,170,83,81,15,349,5,6,88,0,99,175,89,169,15,448,60,0,60,508
10/06/2000,ELP,TX,ASW,WE,Towers with Radar,166,61,67,33,327,4,5,60,4,73,170,66,127,37,400,0,30,30,430
10/07/2000,ELP,TX,ASW,WE,Towers with Radar,117,50,29,0,196,0,5,23,0,28,117,55,52,0,224,18,0,18,242
10/08/2000,ELP,TX,ASW,WE,Towers with Radar,132,30,41,5,208,0,1,13,1,15,132,31,54,6,223,6,16,22,245
10/09/2000,ELP,TX,ASW,WE,Towers with Radar,157,42,42,14,255,0,1,27,2,30,157,43,69,16,285,24,0,24,309
10/10/2000,ELP,TX,ASW,WE,Towers with Radar,170,60,78,11,319,0,4,58,1,63,170,64,136,12,382,56,0,56,438
10/11/2000,ELP,TX,ASW,WE,Towers with Radar,170,73,82,13,338,5,0,72,0,77,175,73,154,13,415,14,0,14,429
10/12/2000,ELP,TX,ASW,WE,Towers with Radar,166,76,87,27,356,2,7,70,0,79,168,83,157,27,435,24,20,44,479
10/13/2000,ELP,TX,ASW,WE,Towers with Radar,179,68,81,6,334,0,0,57,0,57,179,68,138,6,391,10,8,18,409
10/14/2000,ELP,TX,ASW,WE,Towers with Radar,118,47,34,6,205,4,5,71,3,83,122,52,105,9,288,0,0,0,288
10/15/2000,ELP,TX,ASW,WE,Towers with Radar,102,26,42,9,179,20,0,54,33,107,122,26,96,42,286,20,0,20,306
10/16/2000,ELP,TX,ASW,WE,Towers with Radar,165,46,69,15,295,0,0,90,0,90,165,46,159,15,385,32,24,56,441
10/17/2000,ELP,TX,ASW,WE,Towers with Radar,178,52,57,10,297,6,4,101,5,116,184,56,158,15,413,6,0,6,419
10/18/2000,ELP,TX,ASW,WE,Towers with Radar,174,56,107,19,356,4,11,71,1,87,178,67,178,20,443,60,0,60,503
10/19/2000,ELP,TX,ASW,WE,Towers with Radar,181,67,79,0,327,3,3,49,0,55,184,70,128,0,382,2,0,2,384
10/20/2000,ELP,TX,ASW,WE,Towers with Radar,167,61,70,15,313,5,6,60,9,80,172,67,130,24,393,170,0,170,563
10/21/2000,ELP,TX,ASW,WE,Towers with Radar,122,43,46,0,211,1,2,68,5,76,123,45,114,5,287,0,0,0,287
10/22/2000,ELP,TX,ASW,WE,Towers with Radar,135,33,62,15,245,0,2,41,1,44,135,35,103,16,289,14,0,14,303
10/23/2000,ELP,TX,ASW,WE,Towers with Radar,162,56,51,22,291,3,1,31,3,38,165,57,82,25,329,0,4,4,333
10/24/2000,ELP,TX,ASW,WE,Towers with Radar,168,82,92,11,353,3,1,73,5,82,171,83,165,16,435,90,0,90,525
10/25/2000,ELP,TX,ASW,WE,Towers with Radar,187,71,80,17,355,0,10,122,0,132,187,81,202,17,487,22,0,22,509
10/26/2000,ELP,TX,ASW,WE,Towers with Radar,178,59,88,19,344,13,2,84,3,102,191,61,172,22,446,8,0,8,454
10/27/2000,ELP,TX,ASW,WE,Towers with Radar,168,67,59,21,315,2,9,70,7,88,170,76,129,28,403,43,0,43,446
10/28/2000,ELP,TX,ASW,WE,Towers with Radar,110,41,45,10,206,9,2,15,0,26,119,43,60,10,232,0,0,0,232
10/29/2000,ELP,TX,ASW,WE,Towers with Radar,130,32,74,9,245,0,0,85,5,90,130,32,159,14,335,48,0,48,383
10/30/2000,ELP,TX,ASW,WE,Towers with Radar,125,47,51,6,229,30,12,90,0,132,155,59,141,6,361,4,0,4,365
10/31/2000,ELP,TX,ASW,WE,Towers with Radar,170,71,66,21,328,3,8,56,5,72,173,79,122,26,400,50,0,50,450
11/01/2000,ELP,TX,ASW,WE,Towers with Radar,169,70,83,9,331,8,2,84,5,99,177,72,167,14,430,0,0,0,430
11/02/2000,ELP,TX,ASW,WE,Towers with Radar,167,59,71,18,315,8,9,71,0,88,175,68,142,18,403,20,4,24,427
11/03/2000,ELP,TX,ASW,WE,Towers with Radar,159,57,68,19,303,4,11,44,6,65,163,68,112,25,368,40,12,52,420
11/04/2000,ELP,TX,ASW,WE,Towers with Radar,124,47,56,16,243,0,9,5,33,47,124,56,61,49,290,0,28,28,318
11/05/2000,ELP,TX,ASW,WE,Towers with Radar,134,28,32,39,233,2,1,19,0,22,136,29,51,39,255,18,0,18,273
11/06/2000,ELP,TX,ASW,WE,Towers with Radar,153,55,65,14,287,0,2,38,0,40,153,57,103,14,327,0,0,0,327
11/07/2000,ELP,TX,ASW,WE,Towers with Radar,160,66,43,0,269,1,2,19,0,22,161,68,62,0,291,10,10,20,311
11/08/2000,ELP,TX,ASW,WE,Towers with Radar,160,61,85,9,315,1,4,62,9,76,161,65,147,18,391,25,2,27,418
11/09/2000,ELP,TX,ASW,WE,Towers with Radar,166,59,70,11,306,6,16,74,0,96,172,75,144,11,402,26,0,26,428
11/10/2000,ELP,TX,ASW,WE,Towers with Radar,166,59,71,19,315,0,8,93,3,104,166,67,164,22,419,52,0,52,471
11/11/2000,ELP,TX,ASW,WE,Towers with Radar,113,38,36,17,204,8,19,25,3,55,121,57,61,20,259,64,0,64,323
11/12/2000,ELP,TX,ASW,WE,Towers with Radar,109,26,45,7,187,17,0,48,0,65,126,26,93,7,252,18,0,18,270
11/13/2000,ELP,TX,ASW,WE,Towers with Radar,141,56,88,13,298,2,3,51,0,56,143,59,139,13,354,10,0,10,364
11/14/2000,ELP,TX,ASW,WE,Towers with Radar,161,61,57,1,280,5,3,75,0,83,166,64,132,1,363,36,0,36,399
11/15/2000,ELP,TX,ASW,WE,Towers with Radar,163,57,69,19,308,5,12,45,3,65,168,69,114,22,373,24,12,36,409
11/16/2000,ELP,TX,ASW,WE,Towers with Radar,163,54,85,21,323,5,0,80,4,89,168,54,165,25,412,68,0,68,480
11/17/2000,ELP,TX,ASW,WE,Towers with Radar,160,47,73,50,330,7,0,87,0,94,167,47,160,50,424,70,20,90,514
11/18/2000,ELP,TX,ASW,WE,Towers with Radar,81,28,34,11,154,13,2,18,2,35,94,30,52,13,189,58,0,58,247
11/19/2000,ELP,TX,ASW,WE,Towers with Radar,128,23,62,18,231,0,0,79,61,140,128,23,141,79,371,28,4,32,403
11/20/2000,ELP,TX,ASW,WE,Towers with Radar,138,33,62,6,239,3,5,82,5,95,141,38,144,11,334,10,0,10,344
11/21/2000,ELP,TX,ASW,WE,Towers with Radar,160,47,87,26,320,1,5,91,2,99,161,52,178,28,419,54,0,54,473
11/22/2000,ELP,TX,ASW,WE,Towers with Radar,153,59,86,17,315,3,3,77,10,93,156,62,163,27,408,38,0,38,446
11/23/2000,ELP,TX,ASW,WE,Towers with Radar,93,26,25,2,146,0,2,26,1,29,93,28,51,3,175,6,0,6,181
11/24/2000,ELP,TX,ASW,WE,Towers with Radar,120,55,59,5,239,7,5,57,3,72,127,60,116,8,311,18,10,28,339
11/25/2000,ELP,TX,ASW,WE,Towers with Radar,107,32,51,4,194,0,0,67,1,68,107,32,118,5,262,26,0,26,288
11/26/2000,ELP,TX,ASW,WE,Towers with Radar,125,31,54,6,216,0,1,48,0,49,125,32,102,6,265,0,0,0,265
11/27/2000,ELP,TX,ASW,WE,Towers with Radar,142,56,49,5,252,0,5,63,0,68,142,61,112,5,320,16,0,16,336
11/28/2000,ELP,TX,ASW,WE,Towers with Radar,162,57,70,5,294,0,0,99,0,99,162,57,169,5,393,20,0,20,413
11/29/2000,ELP,TX,ASW,WE,Towers with Radar,153,47,82,1,283,1,5,90,0,96,154,52,172,1,379,26,0,26,405
11/30/2000,ELP,TX,ASW,WE,Towers with Radar,167,61,64,17,309,4,8,80,3,95,171,69,144,20,404,40,4,44,448
12/01/2000,ELP,TX,ASW,WE,Towers with Radar,146,38,69,30,283,2,3,72,6,83,148,41,141,36,366,20,0,20,386
12/02/2000,ELP,TX,ASW,WE,Towers with Radar,111,34,42,2,189,2,0,40,2,44,113,34,82,4,233,28,0,28,261
12/03/2000,ELP,TX,ASW,WE,Towers with Radar,124,26,42,25,217,2,0,23,5,30,126,26,65,30,247,50,8,58,305
12/04/2000,ELP,TX,ASW,WE,Towers with Radar,140,45,84,26,295,3,4,70,6,83,143,49,154,32,378,14,0,14,392
12/05/2000,ELP,TX,ASW,WE,Towers with Radar,156,58,85,10,309,0,0,133,0,133,156,58,218,10,442,44,0,44,486
12/06/2000,ELP,TX,ASW,WE,Towers with Radar,153,67,105,26,351,6,5,84,8,103,159,72,189,34,454,64,0,64,518
12/07/2000,ELP,TX,ASW,WE,Towers with Radar,158,56,81,14,309,0,15,95,4,114,158,71,176,18,423,52,0,52,475
12/08/2000,ELP,TX,ASW,WE,Towers with Radar,156,62,89,15,322,0,4,69,41,114,156,66,158,56,436,78,40,118,554
12/09/2000,ELP,TX,ASW,WE,Towers with Radar,114,40,61,1,216,4,2,90,3,99,118,42,151,4,315,10,0,10,325
12/10/2000,ELP,TX,ASW,WE,Towers with Radar,112,28,55,9,204,18,0,75,9,102,130,28,130,18,306,24,0,24,330
12/11/2000,ELP,TX,ASW,WE,Towers with Radar,135,46,78,46,305,3,4,51,3,61,138,50,129,49,366,28,0,28,394
12/12/2000,ELP,TX,ASW,WE,Towers with Radar,150,53,57,3,263,1,2,41,3,47,151,55,98,6,310,6,2,8,318
12/13/2000,ELP,TX,ASW,WE,Towers with Radar,141,73,75,39,328,5,6,82,7,100,146,79,157,46,428,32,16,48,476
12/14/2000,ELP,TX,ASW,WE,Towers with Radar,154,78,72,4,308,2,6,71,10,89,156,84,143,14,397,44,0,44,441
12/15/2000,ELP,TX,ASW,WE,Towers with Radar,150,53,70,14,287,4,6,40,4,54,154,59,110,18,341,50,0,50,391
12/16/2000,ELP,TX,ASW,WE,Towers with Radar,117,46,47,3,213,2,2,76,1,81,119,48,123,4,294,16,0,16,310
12/17/2000,ELP,TX,ASW,WE,Towers with Radar,125,32,53,3,213,2,1,70,1,74,127,33,123,4,287,10,0,10,297
12/18/2000,ELP,TX,ASW,WE,Towers with Radar,143,44,67,10,264,7,6,51,5,69,150,50,118,15,333,6,0,6,339
12/19/2000,ELP,TX,ASW,WE,Towers with Radar,161,45,87,5,298,6,3,85,3,97,167,48,172,8,395,50,0,50,445
12/20/2000,ELP,TX,ASW,WE,Towers with Radar,163,55,79,5,302,6,14,70,0,90,169,69,149,5,392,180,6,186,578
12/21/2000,ELP,TX,ASW,WE,Towers with Radar,158,53,77,9,297,4,8,62,0,74,162,61,139,9,371,104,6,110,481
12/22/2000,ELP,TX,ASW,WE,Towers with Radar,159,52,77,4,292,8,0,85,0,93,167,52,162,4,385,10,0,10,395
12/23/2000,ELP,TX,ASW,WE,Towers with Radar,115,44,50,0,209,3,2,52,0,57,118,46,102,0,266,0,0,0,266
12/24/2000,ELP,TX,ASW,WE,Towers with Radar,112,23,29,0,164,1,3,32,0,36,113,26,61,0,200,14,0,14,214
12/25/2000,ELP,TX,ASW,WE,Towers with Radar,103,26,19,0,148,1,0,13,0,14,104,26,32,0,162,0,0,0,162
12/26/2000,ELP,TX,ASW,WE,Towers with Radar,131,48,46,0,225,1,0,2,1,4,132,48,48,1,229,0,0,0,229
12/27/2000,ELP,TX,ASW,WE,Towers with Radar,141,48,69,3,261,18,10,38,0,66,159,58,107,3,327,2,0,2,329
12/28/2000,ELP,TX,ASW,WE,Towers with Radar,154,52,75,11,292,10,2,67,0,79,164,54,142,11,371,18,0,18,389
12/29/2000,ELP,TX,ASW,WE,Towers with Radar,149,34,73,6,262,1,0,91,0,92,150,34,164,6,354,80,0,80,434
12/30/2000,ELP,TX,ASW,WE,Towers with Radar,119,30,60,0,209,1,0,60,0,61,120,30,120,0,270,2,0,2,272
12/31/2000,ELP,TX,ASW,WE,Towers with Radar,100,14,45,1,160,1,0,61,1,63,101,14,106,2,223,0,0,0,223
01/01/2001,ELP,TX,ASW,WE,Towers with Radar,111,24,61,0,196,3,2,22,0,27,114,26,83,0,223,4,0,4,227
01/02/2001,ELP,TX,ASW,WE,Towers with Radar,140,59,58,0,257,2,3,34,1,40,142,62,92,1,297,14,0,14,311
01/03/2001,ELP,TX,ASW,WE,Towers with Radar,154,60,63,27,304,3,3,57,1,64,157,63,120,28,368,12,0,12,380
01/04/2001,ELP,TX,ASW,WE,Towers with Radar,159,54,68,14,295,4,4,78,4,90,163,58,146,18,385,16,0,16,401
01/05/2001,ELP,TX,ASW,WE,Towers with Radar,161,54,74,22,311,1,0,64,13,78,162,54,138,35,389,60,10,70,459
01/06/2001,ELP,TX,ASW,WE,Towers with Radar,108,36,55,9,208,0,0,86,0,86,108,36,141,9,294,18,0,18,312
01/07/2001,ELP,TX,ASW,WE,Towers with Radar,116,29,54,16,215,8,0,87,3,98,124,29,141,19,313,64,0,64,377
01/08/2001,ELP,TX,ASW,WE,Towers with Radar,134,44,61,8,247,11,0,60,0,71,145,44,121,8,318,0,20,20,338
01/09/2001,ELP,TX,ASW,WE,Towers with Radar,142,47,65,10,264,16,7,40,0,63,158,54,105,10,327,0,0,0,327
01/10/2001,ELP,TX,ASW,WE,Towers with Radar,152,51,74,22,299,0,0,40,8,48,152,51,114,30,347,52,0,52,399
01/11/2001,ELP,TX,ASW,WE,Towers with Radar,154,49,71,10,284,0,0,101,0,101,154,49,172,10,385,28,12,40,425
01/12/2001,ELP,TX,ASW,WE,Towers with Radar,152,50,74,22,298,0,0,43,47,90,152,50,117,69,388,16,4,20,408
01/13/2001,ELP,TX,ASW,WE,Towers with Radar,103,34,48,14,199,3,0,22,2,27,106,34,70,16,226,10,4,14,240
01/14/2001,ELP,TX,ASW,WE,Towers with Radar,105,25,49,3,182,20,0,76,0,96,125,25,125,3,278,6,0,6,284
01/15/2001,ELP,TX,ASW,WE,Towers with Radar,140,32,55,15,242,2,1,60,7,70,142,33,115,22,312,40,0,40,352
01/16/2001,ELP,TX,ASW,WE,Towers with Radar,147,64,63,58,332,1,3,50,9,63,148,67,113,67,395,4,40,44,439
01/17/2001,ELP,TX,ASW,WE,Towers with Radar,159,46,62,25,292,2,2,14,4,22,161,48,76,29,314,18,6,24,338
01/18/2001,ELP,TX,ASW,WE,Towers with Radar,166,51,58,57,332,1,1,70,5,77,167,52,128,62,409,38,72,110,519
01/19/2001,ELP,TX,ASW,WE,Towers with Radar,154,51,56,24,285,3,1,69,3,76,157,52,125,27,361,24,0,24,385
01/20/2001,ELP,TX,ASW,WE,Towers with Radar,104,36,44,10,194,1,1,64,4,70,105,37,108,14,264,16,0,16,280
01/21/2001,ELP,TX,ASW,WE,Towers with Radar,114,33,39,24,210,1,0,56,5,62,115,33,95,29,272,56,0,56,328
01/22/2001,ELP,TX,ASW,WE,Towers with Radar,141,46,77,16,280,5,3,72,4,84,146,49,149,20,364,6,6,12,376
01/23/2001,ELP,TX,ASW,WE,Towers with Radar,155,51,89,3,298,3,0,69,5,77,158,51,158,8,375,6,0,6,381
01/24/2001,ELP,TX,ASW,WE,Towers with Radar,175,62,94,28,359,0,0,121,7,128,175,62,215,35,487,6,50,56,543
01/25/2001,ELP,TX,ASW,WE,Towers with Radar,155,53,72,21,301,0,7,67,2,76,155,60,139,23,377,14,0,14,391
01/26/2001,ELP,TX,ASW,WE,Towers with Radar,152,51,90,39,332,8,6,96,19,129,160,57,186,58,461,42,0,42,503
01/27/2001,ELP,TX,ASW,WE,Towers with Radar,95,34,20,5,154,2,0,16,2,20,97,34,36,7,174,0,0,0,174
01/28/2001,ELP,TX,ASW,WE,Towers with Radar,111,32,50,6,199,0,0,0,0,0,111,32,50,6,199,0,0,0,199
01/29/2001,ELP,TX,ASW,WE,Towers with Radar,145,50,49,15,259,1,2,35,1,39,146,52,84,16,298,0,2,2,300
01/30/2001,ELP,TX,ASW,WE,Towers with Radar,160,51,91,3,305,2,3,61,3,69,162,54,152,6,374,32,0,32,406
01/31/2001,ELP,TX,ASW,WE,Towers with Radar,158,54,73,23,308,3,13,91,0,107,161,67,164,23,415,64,0,64,479
02/01/2001,ELP,TX,ASW,WE,Towers with Radar,168,63,77,21,329,0,1,81,18,100,168,64,158,39,429,12,0,12,441
02/02/2001,ELP,TX,ASW,WE,Towers with Radar,156,55,66,18,295,3,5,87,2,97,159,60,153,20,392,44,14,58,450
02/03/2001,ELP,TX,ASW,WE,Towers with Radar,107,31,66,0,204,2,0,78,1,81,109,31,144,1,285,28,0,28,313
02/04/2001,ELP,TX,ASW,WE,Towers with Radar,114,24,49,13,200,0,0,61,3,64,114,24,110,16,264,24,8,32,296
02/05/2001,ELP,TX,ASW,WE,Towers with Radar,138,32,58,7,235,1,1,65,2,69,139,33,123,9,304,28,2,30,334
02/06/2001,ELP,TX,ASW,WE,Towers with Radar,156,57,65,6,284,1,0,72,6,79,157,57,137,12,363,28,20,48,411
02/07/2001,ELP,TX,ASW,WE,Towers with Radar,145,51,62,17,275,30,6,27,6,69,175,57,89,23,344,0,0,0,344
02/08/2001,ELP,TX,ASW,WE,Towers with Radar,169,60,75,13,317,0,0,17,4,21,169,60,92,17,338,2,20,22,360
02/09/2001,ELP,TX,ASW,WE,Towers with Radar,151,62,67,14,294,2,0,88,5,95,153,62,155,19,389,60,0,60,449
02/10/2001,ELP,TX,ASW,WE,Towers with Radar,98,33,53,1,185,0,0,64,0,64,98,33,117,1,249,24,0,24,273
02/11/2001,ELP,TX,ASW,WE,Towers with Radar,169,41,45,40,295,1,1,78,5,85,170,42,123,45,380,34,18,52,432
02/12/2001,ELP,TX,ASW,WE,Towers with Radar,141,45,64,26,276,2,0,63,2,67,143,45,127,28,343,0,22,22,365
02/13/2001,ELP,TX,ASW,WE,Towers with Radar,158,54,78,12,302,0,0,17,4,21,158,54,95,16,323,38,0,38,361
02/14/2001,ELP,TX,ASW,WE,Towers with Radar,157,45,49,19,270,1,0,70,4,75,158,45,119,23,345,14,0,14,359
02/15/2001,ELP,TX,ASW,WE,Towers with Radar,161,49,68,18,296,3,0,75,5,83,164,49,143,23,379,0,0,0,379
02/16/2001,ELP,TX,ASW,WE,Towers with Radar,159,47,100,23,329,1,0,86,3,90,160,47,186,26,419,28,0,28,447
02/17/2001,ELP,TX,ASW,WE,Towers with Radar,105,38,46,2,191,0,0,71,1,72,105,38,117,3,263,32,4,36,299
02/18/2001,ELP,TX,ASW,WE,Towers with Radar,111,30,48,12,201,0,0,50,0,50,111,30,98,12,251,14,12,26,277
02/19/2001,ELP,TX,ASW,WE,Towers with Radar,137,46,78,2,263,4,3,55,0,62,141,49,133,2,325,10,0,10,335
02/20/2001,ELP,TX,ASW,WE,Towers with Radar,167,63,73,2,305,4,0,96,5,105,171,63,169,7,410,28,20,48,458
02/21/2001,ELP,TX,ASW,WE,Towers with Radar,156,58,69,21,304,2,0,94,4,100,158,58,163,25,404,42,0,42,446
02/22/2001,ELP,TX,ASW,WE,Towers with Radar,144,41,61,17,263,12,0,49,13,74,156,41,110,30,337,62,0,62,399
02/23/2001,ELP,TX,ASW,WE,Towers with Radar,172,50,57,60,339,3,0,33,3,39,175,50,90,63,378,0,8,8,386
02/24/2001,ELP,TX,ASW,WE,Towers with Radar,83,30,36,1,150,20,3,86,0,109,103,33,122,1,259,12,0,12,271
02/25/2001,ELP,TX,ASW,WE,Towers with Radar,115,39,35,18,207,3,0,60,5,68,118,39,95,23,275,56,14,70,345
02/26/2001,ELP,TX,ASW,WE,Towers with Radar,155,63,48,35,301,5,0,52,3,60,160,63,100,38,361,24,38,62,423
02/27/2001,ELP,TX,ASW,WE,Towers with Radar,154,25,45,21,245,2,0,38,2,42,156,25,83,23,287,8,44,52,339
02/28/2001,ELP,TX,ASW,WE,Towers with Radar,164,61,76,16,317,2,2,61,3,68,166,63,137,19,385,48,0,48,433
03/01/2001,ELP,TX,ASW,WE,Towers with Radar,156,71,67,35,329,2,3,77,5,87,158,74,144,40,416,10,0,10,426
03/02/2001,ELP,TX,ASW,WE,Towers with Radar,157,63,58,22,300,0,1,41,5,47,157,64,99,27,347,50,20,70,417
03/03/2001,ELP,TX,ASW,WE,Towers with Radar,99,36,43,6,184,0,2,46,1,49,99,38,89,7,233,0,0,0,233
03/04/2001,ELP,TX,ASW,WE,Towers with Radar,113,24,47,9,193,0,2,98,3,103,113,26,145,12,296,98,4,102,398
03/05/2001,ELP,TX,ASW,WE,Towers with Radar,147,36,52,3,238,1,1,70,9,81,148,37,122,12,319,4,0,4,323
03/06/2001,ELP,TX,ASW,WE,Towers with Radar,161,52,59,2,274,1,3,80,6,90,162,55,139,8,364,38,20,58,422
03/07/2001,ELP,TX,ASW,WE,Towers with Radar,154,47,62,19,282,13,1,67,0,81,167,48,129,19,363,34,0,34,397
03/08/2001,ELP,TX,ASW,WE,Towers with Radar,159,57,79,9,304,0,2,31,10,43,159,59,110,19,347,0,8,8,355
03/09/2001,ELP,TX,ASW,WE,Towers with Radar,155,31,99,41,326,9,0,88,7,104,164,31,187,48,430,22,0,22,452
03/10/2001,ELP,TX,ASW,WE,Towers with Radar,86,26,35,7,154,79,0,54,0,133,165,26,89,7,287,46,0,46,333
03/11/2001,ELP,TX,ASW,WE,Towers with Radar,107,26,43,14,190,3,0,30,15,48,110,26,73,29,238,14,0,14,252
03/12/2001,ELP,TX,ASW,WE,Towers with Radar,146,34,48,14,242,0,3,69,13,85,146,37,117,27,327,26,0,26,353
03/13/2001,ELP,TX,ASW,WE,Towers with Radar,160,55,65,16,296,0,6,81,10,97,160,61,146,26,393,44,20,64,457
03/14/2001,ELP,TX,ASW,WE,Towers with Radar,152,57,57,33,299,0,3,57,10,70,152,60,114,43,369,18,2,20,389
03/15/2001,ELP,TX,ASW,WE,Towers with Radar,163,59,82,14,318,0,0,88,9,97,163,59,170,23,415,26,0,26,441
03/16/2001,ELP,TX,ASW,WE,Towers with Radar,160,51,67,25,303,0,0,80,14,94,160,51,147,39,397,30,20,50,447
03/17/2001,ELP,TX,ASW,WE,Towers with Radar,103,28,48,28,207,1,4,55,1,61,104,32,103,29,268,34,20,54,322
03/18/2001,ELP,TX,ASW,WE,Towers with Radar,117,35,47,16,215,4,0,54,13,71,121,35,101,29,286,36,4,40,326
03/19/2001,ELP,TX,ASW,WE,Towers with Radar,146,34,58,11,249,1,1,87,4,93,147,35,145,15,342,12,6,18,360
03/20/2001,ELP,TX,ASW,WE,Towers with Radar,154,58,52,3,267,0,0,96,7,103,154,58,148,10,370,42,0,42,412
03/21/2001,ELP,TX,ASW,WE,Towers with Radar,162,44,65,21,292,4,0,87,11,102,166,44,152,32,394,24,0,24,418
03/22/2001,ELP,TX,ASW,WE,Towers with Radar,159,51,64,21,295,0,3,95,0,98,159,54,159,21,393,24,0,24,417
03/23/2001,ELP,TX,ASW,WE,Towers with Radar,162,38,73,26,299,4,21,78,2,105,166,59,151,28,404,75,25,100,504
03/24/2001,ELP,TX,ASW,WE,Towers with Radar,99,31,39,10,179,8,10,55,0,73,107,41,94,10,252,42,8,50,302
03/25/2001,ELP,TX,ASW,WE,Towers with Radar,110,27,44,15,196,11,0,85,2,98,121,27,129,17,294,64,0,64,358
03/26/2001,ELP,TX,ASW,WE,Towers with Radar,143,43,54,18,258,3,3,45,1,52,146,46,99,19,310,0,0,0,310
03/27/2001,ELP,TX,ASW,WE,Towers with Radar,163,46,66,33,308,1,0,57,2,60,164,46,123,35,368,26,24,50,418
03/28/2001,ELP,TX,ASW,WE,Towers with Radar,162,55,60,49,326,2,1,34,10,47,164,56,94,59,373,36,28,64,437
03/29/2001,ELP,TX,ASW,WE,Towers with Radar,158,47,57,8,270,4,4,59,3,70,162,51,116,11,340,0,0,0,340
03/30/2001,ELP,TX,ASW,WE,Towers with Radar,152,44,62,33,291,2,2,62,1,67,154,46,124,34,358,16,0,16,374
03/31/2001,ELP,TX,ASW,WE,Towers with Radar,103,29,34,2,168,1,0,84,0,85,104,29,118,2,253,72,0,72,325
04/01/2001,ELP,TX,ASW,WE,Towers with Radar,116,29,44,10,199,0,0,57,0,57,116,29,101,10,256,34,0,34,290
04/02/2001,ELP,TX,ASW,WE,Towers with Radar,138,40,52,12,242,9,0,44,4,57,147,40,96,16,299,42,4,46,345
04/03/2001,ELP,TX,ASW,WE,Towers with Radar,159,47,71,9,286,4,1,80,4,89,163,48,151,13,375,58,0,58,433
04/04/2001,ELP,TX,ASW,WE,Towers with Radar,158,40,71,4,273,3,1,104,3,111,161,41,175,7,384,12,0,12,396
04/05/2001,ELP,TX,ASW,WE,Towers with Radar,163,49,86,6,304,0,2,75,2,79,163,51,161,8,383,28,0,28,411
04/06/2001,ELP,TX,ASW,WE,Towers with Radar,152,55,53,20,280,0,1,25,2,28,152,56,78,22,308,6,0,6,314
04/07/2001,ELP,TX,ASW,WE,Towers with Radar,101,54,67,6,228,1,1,73,5,80,102,55,140,11,308,10,12,22,330
04/08/2001,ELP,TX,ASW,WE,Towers with Radar,112,32,51,25,220,0,2,42,3,47,112,34,93,28,267,10,4,14,281
04/09/2001,ELP,TX,ASW,WE,Towers with Radar,144,49,62,8,263,1,4,57,2,64,145,53,119,10,327,12,0,12,339
04/10/2001,ELP,TX,ASW,WE,Towers with Radar,147,39,37,0,223,0,1,16,2,19,147,40,53,2,242,0,0,0,242
04/11/2001,ELP,TX,ASW,WE,Towers with Radar,156,67,55,14,292,3,1,48,6,58,159,68,103,20,350,2,0,2,352
04/12/2001,ELP,TX,ASW,WE,Towers with Radar,154,48,62,13,277,0,0,82,0,82,154,48,144,13,359,20,0,20,379
04/13/2001,ELP,TX,ASW,WE,Towers with Radar,145,36,57,13,251,0,0,69,1,70,145,36,126,14,321,62,0,62,383
04/14/2001,ELP,TX,ASW,WE,Towers with Radar,95,33,58,0,186,0,1,51,5,57,95,34,109,5,243,36,2,38,281
04/15/2001,ELP,TX,ASW,WE,Towers with Radar,102,32,40,9,183,12,12,47,4,75,114,44,87,13,258,8,20,28,286
04/16/2001,ELP,TX,ASW,WE,Towers with Radar,147,53,53,13,266,1,1,58,10,70,148,54,111,23,336,20,0,20,356
04/17/2001,ELP,TX,ASW,WE,Towers with Radar,157,56,51,24,288,0,1,21,13,35,157,57,72,37,323,28,30,58,381
04/18/2001,ELP,TX,ASW,WE,Towers with Radar,162,39,39,14,254,0,2,68,5,75,162,41,107,19,329,8,0,8,337
04/19/2001,ELP,TX,ASW,WE,Towers with Radar,158,52,54,27,291,2,3,83,9,97,160,55,137,36,388,12,0,12,400
04/20/2001,ELP,TX,ASW,WE,Towers with Radar,160,57,59,24,300,2,2,42,3,49,162,59,101,27,349,0,0,0,349
04/21/2001,ELP,TX,ASW,WE,Towers with Radar,98,33,34,3,168,2,1,28,3,34,100,34,62,6,202,8,2,10,212
04/22/2001,ELP,TX,ASW,WE,Towers with Radar,116,31,30,27,204,0,1,15,3,19,116,32,45,30,223,0,0,0,223
04/23/2001,ELP,TX,ASW,WE,Towers with Radar,145,39,54,10,248,4,0,75,2,81,149,39,129,12,329,46,0,46,375
04/24/2001,ELP,TX,ASW,WE,Towers with Radar,155,45,54,7,261,6,1,76,2,85,161,46,130,9,346,32,0,32,378
04/25/2001,ELP,TX,ASW,WE,Towers with Radar,161,54,80,8,303,8,0,75,2,85,169,54,155,10,388,36,2,38,426
04/26/2001,ELP,TX,ASW,WE,Towers with Radar,173,62,60,23,318,1,1,69,4,75,174,63,129,27,393,42,10,52,445
04/27/2001,ELP,TX,ASW,WE,Towers with Radar,156,53,59,14,282,2,1,70,1,74,158,54,129,15,356,18,0,18,374
04/28/2001,ELP,TX,ASW,WE,Towers with Radar,96,34,37,11,178,2,0,43,2,47,98,34,80,13,225,16,0,16,241
04/29/2001,ELP,TX,ASW,WE,Towers with Radar,116,29,47,24,216,0,0,60,0,60,116,29,107,24,276,44,28,72,348
04/30/2001,ELP,TX,ASW,WE,Towers with Radar,146,46,57,5,254,0,1,82,1,84,146,47,139,6,338,74,0,74,412
05/01/2001,ELP,TX,ASW,WE,Towers with Radar,152,56,51,3,262,0,5,58,2,65,152,61,109,5,327,36,0,36,363
05/02/2001,ELP,TX,ASW,WE,Towers with Radar,165,41,58,10,274,0,1,57,6,64,165,42,115,16,338,50,18,68,406
05/03/2001,ELP,TX,ASW,WE,Towers with Radar,167,47,54,37,305,0,1,54,4,59,167,48,108,41,364,0,12,12,376
05/04/2001,ELP,TX,ASW,WE,Towers with Radar,151,50,53,16,270,0,2,33,6,41,151,52,86,22,311,8,8,16,327
05/05/2001,ELP,TX,ASW,WE,Towers with Radar,108,30,36,4,178,0,2,62,0,64,108,32,98,4,242,38,0,38,280
05/06/2001,ELP,TX,ASW,WE,Towers with Radar,118,27,38,10,193,0,2,73,2,77,118,29,111,12,270,54,0,54,324
05/07/2001,ELP,TX,ASW,WE,Towers with Radar,144,43,64,12,263,2,4,68,0,74,146,47,132,12,337,66,0,66,403
05/08/2001,ELP,TX,ASW,WE,Towers with Radar,163,59,62,9,293,5,1,78,6,90,168,60,140,15,383,42,20,62,445
05/09/2001,ELP,TX,ASW,WE,Towers with Radar,164,59,58,4,285,3,1,60,2,66,167,60,118,6,351,14,0,14,365
05/10/2001,ELP,TX,ASW,WE,Towers with Radar,164,48,80,9,301,1,2,81,3,87,165,50,161,12,388,32,0,32,420
05/11/2001,ELP,TX,ASW,WE,Towers with Radar,158,49,56,12,275,3,3,75,0,81,161,52,131,12,356,34,0,34,390
05/12/2001,ELP,TX,ASW,WE,Towers with Radar,103,30,44,11,188,1,4,57,0,62,104,34,101,11,250,44,4,48,298
05/13/2001,ELP,TX,ASW,WE,Towers with Radar,107,35,36,10,188,22,0,22,18,62,129,35,58,28,250,22,6,28,278
05/14/2001,ELP,TX,ASW,WE,Towers with Radar,129,45,44,10,228,18,12,79,0,109,147,57,123,10,337,18,28,46,383
05/15/2001,ELP,TX,ASW,WE,Towers with Radar,156,54,54,13,277,0,4,80,0,84,156,58,134,13,361,26,4,30,391
05/16/2001,ELP,TX,ASW,WE,Towers with Radar,163,55,55,5,278,4,3,99,0,106,167,58,154,5,384,44,0,44,428
05/17/2001,ELP,TX,ASW,WE,Towers with Radar,168,82,68,9,327,9,2,85,4,100,177,84,153,13,427,18,0,18,445
05/18/2001,ELP,TX,ASW,WE,Towers with Radar,157,48,57,23,285,7,6,54,0,67,164,54,111,23,352,8,0,8,360
05/19/2001,ELP,TX,ASW,WE,Towers with Radar,100,36,34,4,174,6,1,36,0,43,106,37,70,4,217,20,0,20,237
05/20/2001,ELP,TX,ASW,WE,Towers with Radar,114,28,38,10,190,4,0,39,20,63,118,28,77,30,253,0,40,40,293
05/21/2001,ELP,TX,ASW,WE,Towers with Radar,143,77,51,15,286,0,4,51,6,61,143,81,102,21,347,2,18,20,367
05/22/2001,ELP,TX,ASW,WE,Towers with Radar,155,81,50,17,303,3,1,100,2,106,158,82,150,19,409,18,6,24,433
05/23/2001,ELP,TX,ASW,WE,Towers with Radar,158,73,55,7,293,0,3,97,3,103,158,76,152,10,396,12,0,12,408
05/24/2001,ELP,TX,ASW,WE,Towers with Radar,159,76,66,8,309,2,2,76,1,81,161,78,142,9,390,8,0,8,398
05/25/2001,ELP,TX,ASW,WE,Towers with Radar,153,64,51,22,290,3,1,76,13,93,156,65,127,35,383,64,4,68,451
05/26/2001,ELP,TX,ASW,WE,Towers with Radar,93,33,29,3,158,0,1,70,4,75,93,34,99,7,233,32,20,52,285
05/27/2001,ELP,TX,ASW,WE,Towers with Radar,83,21,28,7,139,21,0,35,5,61,104,21,63,12,200,52,0,52,252
05/28/2001,ELP,TX,ASW,WE,Towers with Radar,112,28,22,21,183,0,1,48,2,51,112,29,70,23,234,0,16,16,250
05/29/2001,ELP,TX,ASW,WE,Towers with Radar,148,51,65,10,274,3,3,56,3,65,151,54,121,13,339,44,8,52,391
05/30/2001,ELP,TX,ASW,WE,Towers with Radar,159,73,59,1,292,4,2,82,5,93,163,75,141,6,385,22,0,22,407
05/31/2001,ELP,TX,ASW,WE,Towers with Radar,161,52,57,7,277,2,5,70,10,87,163,57,127,17,364,4,0,4,368
06/01/2001,ELP,TX,ASW,WE,Towers with Radar,148,55,50,31,284,5,0,74,2,81,153,55,124,33,365,12,16,28,393
06/02/2001,ELP,TX,ASW,WE,Towers with Radar,110,27,30,1,168,1,1,44,1,47,111,28,74,2,215,54,2,56,271
06/03/2001,ELP,TX,ASW,WE,Towers with Radar,124,24,46,33,227,0,0,34,4,38,124,24,80,37,265,38,10,48,313
06/04/2001,ELP,TX,ASW,WE,Towers with Radar,139,47,66,9,261,3,1,45,3,52,142,48,111,12,313,0,0,0,313
06/05/2001,ELP,TX,ASW,WE,Towers with Radar,155,65,60,7,287,5,5,63,2,75,160,70,123,9,362,30,40,70,432
06/06/2001,ELP,TX,ASW,WE,Towers with Radar,165,59,73,8,305,1,0,77,17,95,166,59,150,25,400,8,0,8,408
06/07/2001,ELP,TX,ASW,WE,Towers with Radar,160,52,54,3,269,3,3,51,0,57,163,55,105,3,326,6,0,6,332
06/08/2001,ELP,TX,ASW,WE,Towers with Radar,156,42,62,31,291,2,1,61,1,65,158,43,123,32,356,0,4,4,360
06/09/2001,ELP,TX,ASW,WE,Towers with Radar,106,24,38,9,177,2,0,41,3,46,108,24,79,12,223,70,0,70,293
06/10/2001,ELP,TX,ASW,WE,Towers with Radar,119,32,43,13,207,8,0,43,3,54,127,32,86,16,261,42,0,42,303
06/11/2001,ELP,TX,ASW,WE,Towers with Radar,139,45,58,21,263,2,1,75,0,78,141,46,133,21,341,4,12,16,357
06/12/2001,ELP,TX,ASW,WE,Towers with Radar,151,49,55,4,259,7,1,64,1,73,158,50,119,5,332,4,0,4,336
06/13/2001,ELP,TX,ASW,WE,Towers with Radar,155,63,64,7,289,6,1,25,1,33,161,64,89,8,322,2,0,2,324
06/14/2001,ELP,TX,ASW,WE,Towers with Radar,145,78,68,35,326,5,1,81,5,92,150,79,149,40,418,4,12,16,434
06/15/2001,ELP,TX,ASW,WE,Towers with Radar,149,53,31,22,255,8,0,68,2,78,157,53,99,24,333,4,12,16,349
06/16/2001,ELP,TX,ASW,WE,Towers with Radar,129,34,12,1,176,3,0,46,3,52,132,34,58,4,228,10,0,10,238
06/17/2001,ELP,TX,ASW,WE,Towers with Radar,120,20,26,8,174,2,0,66,2,70,122,20,92,10,244,16,0,16,260
06/18/2001,ELP,TX,ASW,WE,Towers with Radar,137,37,44,8,226,6,0,60,0,66,143,37,104,8,292,26,0,26,318
06/19/2001,ELP,TX,ASW,WE,Towers with Radar,157,56,71,12,296,5,1,85,1,92,162,57,156,13,388,8,0,8,396
06/20/2001,ELP,TX,ASW,WE,Towers with Radar,153,73,66,14,306,7,0,60,5,72,160,73,126,19,378,30,0,30,408
06/21/2001,ELP,TX,ASW,WE,Towers with Radar,153,61,82,44,340,7,2,68,5,82,160,63,150,49,422,40,4,44,466
06/22/2001,ELP,TX,ASW,WE,Towers with Radar,155,54,61,18,288,0,0,93,91,184,155,54,154,109,472,26,8,34,506
06/23/2001,ELP,TX,ASW,WE,Towers with Radar,128,38,35,7,208,2,0,68,4,74,130,38,103,11,282,18,0,18,300
06/24/2001,ELP,TX,ASW,WE,Towers with Radar,120,29,29,27,205,1,1,45,0,47,121,30,74,27,252,52,0,52,304
06/25/2001,ELP,TX,ASW,WE,Towers with Radar,148,51,43,1,243,4,1,54,2,61,152,52,97,3,304,20,0,20,324
06/26/2001,ELP,TX,ASW,WE,Towers with Radar,151,54,43,5,253,3,2,46,1,52,154,56,89,6,305,26,0,26,331
06/27/2001,ELP,TX,ASW,WE,Towers with Radar,151,50,53,11,265,7,12,62,0,81,158,62,115,11,346,18,0,18,364
06/28/2001,ELP,TX,ASW,WE,Towers with Radar,160,55,59,18,292,0,14,64,2,80,160,69,123,20,372,2,0,2,374
06/29/2001,ELP,TX,ASW,WE,Towers with Radar,153,52,49,26,280,1,3,69,1,74,154,55,118,27,354,20,0,20,374
06/30/2001,ELP,TX,ASW,WE,Towers with Radar,130,29,35,4,198,0,2,63,0,65,130,31,98,4,263,56,0,56,319
07/01/2001,ELP,TX,ASW,WE,Towers with Radar,120,24,51,45,240,1,0,70,0,71,121,24,121,45,311,42,28,70,381
07/02/2001,ELP,TX,ASW,WE,Towers with Radar,138,40,43,9,230,4,2,54,2,62,142,42,97,11,292,0,0,0,292
07/03/2001,ELP,TX,ASW,WE,Towers with Radar,146,41,50,1,238,3,0,92,1,96,149,41,142,2,334,32,0,32,366
07/04/2001,ELP,TX,ASW,WE,Towers with Radar,124,38,16,2,180,0,3,74,1,78,124,41,90,3,258,14,0,14,272
07/05/2001,ELP,TX,ASW,WE,Towers with Radar,139,46,57,3,245,1,2,71,1,75,140,48,128,4,320,26,4,30,350
07/06/2001,ELP,TX,ASW,WE,Towers with Radar,149,48,42,24,263,3,4,37,0,44,152,52,79,24,307,0,0,0,307
07/07/2001,ELP,TX,ASW,WE,Towers with Radar,124,32,36,5,197,1,0,42,2,45,125,32,78,7,242,16,0,16,258
07/08/2001,ELP,TX,ASW,WE,Towers with Radar,119,24,38,7,188,0,0,47,0,47,119,24,85,7,235,16,0,16,251
07/09/2001,ELP,TX,ASW,WE,Towers with Radar,143,45,50,2,240,1,0,34,1,36,144,45,84,3,276,0,4,4,280
07/10/2001,ELP,TX,ASW,WE,Towers with Radar,148,60,29,7,244,5,4,56,2,67,153,64,85,9,311,14,0,14,325
07/11/2001,ELP,TX,ASW,WE,Towers with Radar,150,70,43,4,267,2,1,81,1,85,152,71,124,5,352,62,0,62,414
07/12/2001,ELP,TX,ASW,WE,Towers with Radar,153,52,68,8,281,6,1,71,2,80,159,53,139,10,361,4,0,4,365
07/13/2001,ELP,TX,ASW,WE,Towers with Radar,160,42,51,14,267,0,0,40,29,69,160,42,91,43,336,38,0,38,374
07/14/2001,ELP,TX,ASW,WE,Towers with Radar,122,31,45,8,206,0,2,77,2,81,122,33,122,10,287,10,0,10,297
07/15/2001,ELP,TX,ASW,WE,Towers with Radar,121,30,29,18,198,2,1,44,5,52,123,31,73,23,250,4,0,4,254
07/16/2001,ELP,TX,ASW,WE,Towers with Radar,143,38,42,3,226,0,2,40,2,44,143,40,82,5,270,2,0,2,272
07/17/2001,ELP,TX,ASW,WE,Towers with Radar,152,46,48,13,259,0,3,49,0,52,152,49,97,13,311,0,6,6,317
07/18/2001,ELP,TX,ASW,WE,Towers with Radar,148,45,46,4,243,6,10,50,0,66,154,55,96,4,309,8,0,8,317
07/19/2001,ELP,TX,ASW,WE,Towers with Radar,151,50,56,4,261,3,1,62,1,67,154,51,118,5,328,20,0,20,348
07/20/2001,ELP,TX,ASW,WE,Towers with Radar,146,52,57,14,269,4,4,41,1,50,150,56,98,15,319,10,0,10,329
07/21/2001,ELP,TX,ASW,WE,Towers with Radar,123,34,44,0,201,0,1,58,2,61,123,35,102,2,262,114,0,114,376
07/22/2001,ELP,TX,ASW,WE,Towers with Radar,120,34,53,15,222,1,2,45,6,54,121,36,98,21,276,22,4,26,302
07/23/2001,ELP,TX,ASW,WE,Towers with Radar,135,41,34,8,218,1,6,53,10,70,136,47,87,18,288,0,2,2,290
07/24/2001,ELP,TX,ASW,WE,Towers with Radar,151,52,38,8,249,4,5,44,2,55,155,57,82,10,304,28,0,28,332
07/25/2001,ELP,TX,ASW,WE,Towers with Radar,152,37,66,13,268,7,1,69,5,82,159,38,135,18,350,14,6,20,370
07/26/2001,ELP,TX,ASW,WE,Towers with Radar,153,42,43,24,262,5,3,35,6,49,158,45,78,30,311,14,0,14,325
07/27/2001,ELP,TX,ASW,WE,Towers with Radar,150,46,56,28,280,3,0,64,7,74,153,46,120,35,354,4,2,6,360
07/28/2001,ELP,TX,ASW,WE,Towers with Radar,123,28,39,5,195,2,0,41,21,64,125,28,80,26,259,40,0,40,299
07/29/2001,ELP,TX,ASW,WE,Towers with Radar,120,31,36,27,214,0,1,46,10,57,120,32,82,37,271,50,0,50,321
07/30/2001,ELP,TX,ASW,WE,Towers with Radar,141,38,28,11,218,1,1,68,6,76,142,39,96,17,294,4,4,8,302
07/31/2001,ELP,TX,ASW,WE,Towers with Radar,155,54,39,11,259,1,2,76,7,86,156,56,115,18,345,6,0,6,351
08/01/2001,ELP,TX,ASW,WE,Towers with Radar,153,43,56,12,264,5,0,61,8,74,158,43,117,20,338,6,0,6,344
08/02/2001,ELP,TX,ASW,WE,Towers with Radar,151,65,61,18,295,6,0,80,4,90,157,65,141,22,385,12,0,12,397
08/03/2001,ELP,TX,ASW,WE,Towers with Radar,159,40,56,31,286,4,1,67,0,72,163,41,123,31,358,36,12,48,406
08/04/2001,ELP,TX,ASW,WE,Towers with Radar,132,28,33,3,196,0,0,61,0,61,132,28,94,3,257,0,0,0,257
08/05/2001,ELP,TX,ASW,WE,Towers with Radar,129,19,32,23,203,0,0,47,2,49,129,19,79,25,252,22,0,22,274
08/06/2001,ELP,TX,ASW,WE,Towers with Radar,147,36,36,11,230,3,2,48,4,57,150,38,84,15,287,2,2,4,291
08/07/2001,ELP,TX,ASW,WE,Towers with Radar,162,49,30,8,249,2,1,47,4,54,164,50,77,12,303,30,0,30,333
08/08/2001,ELP,TX,ASW,WE,Towers with Radar,150,40,55,11,256,2,1,65,1,69,152,41,120,12,325,54,0,54,379
08/09/2001,ELP,TX,ASW,WE,Towers with Radar,157,37,54,37,285,7,0,53,2,62,164,37,107,39,347,6,0,6,353
08/10/2001,ELP,TX,ASW,WE,Towers with Radar,157,45,54,24,280,1,2,61,2,66,158,47,115,26,346,16,0,16,362
08/11/2001,ELP,TX,ASW,WE,Towers with Radar,120,28,27,2,177,2,3,48,4,57,122,31,75,6,234,42,0,42,276
08/12/2001,ELP,TX,ASW,WE,Towers with Radar,124,24,40,14,202,0,1,56,0,57,124,25,96,14,259,0,0,0,259
08/13/2001,ELP,TX,ASW,WE,Towers with Radar,136,36,53,23,248,0,2,73,4,79,136,38,126,27,327,6,8,14,341
08/14/2001,ELP,TX,ASW,WE,Towers with Radar,157,47,74,12,290,2,3,85,5,95,159,50,159,17,385,16,18,34,419
08/15/2001,ELP,TX,ASW,WE,Towers with Radar,162,59,80,10,311,1,2,61,4,68,163,61,141,14,379,28,0,28,407
08/16/2001,ELP,TX,ASW,WE,Towers with Radar,160,54,66,21,301,2,0,74,4,80,162,54,140,25,381,18,0,18,399
08/17/2001,ELP,TX,ASW,WE,Towers with Radar,147,55,34,11,247,7,1,73,2,83,154,56,107,13,330,24,0,24,354
08/18/2001,ELP,TX,ASW,WE,Towers with Radar,124,33,61,2,220,13,8,57,0,78,137,41,118,2,298,40,0,40,338
08/19/2001,ELP,TX,ASW,WE,Towers with Radar,124,22,51,7,204,13,0,48,0,61,137,22,99,7,265,0,2,2,267
08/20/2001,ELP,TX,ASW,WE,Towers with Radar,142,46,34,12,234,0,1,66,2,69,142,47,100,14,303,16,2,18,321
08/21/2001,ELP,TX,ASW,WE,Towers with Radar,162,58,66,10,296,2,3,58,2,65,164,61,124,12,361,46,6,52,413
08/22/2001,ELP,TX,ASW,WE,Towers with Radar,158,59,52,13,282,4,0,69,5,78,162,59,121,18,360,12,0,12,372
08/23/2001,ELP,TX,ASW,WE,Towers with Radar,159,57,44,7,267,8,2,100,2,112,167,59,144,9,379,2,0,2,381
08/24/2001,ELP,TX,ASW,WE,Towers with Radar,160,46,62,17,285,7,0,72,2,81,167,46,134,19,366,0,10,10,376
08/25/2001,ELP,TX,ASW,WE,Towers with Radar,120,26,57,0,203,1,1,40,0,42,121,27,97,0,245,40,0,40,285
08/26/2001,ELP,TX,ASW,WE,Towers with Radar,116,32,47,5,200,0,1,54,10,65,116,33,101,15,265,10,8,18,283
08/27/2001,ELP,TX,ASW,WE,Towers with Radar,149,43,65,8,265,3,1,67,3,74,152,44,132,11,339,12,0,12,351
08/28/2001,ELP,TX,ASW,WE,Towers with Radar,156,68,51,22,297,2,5,70,1,78,158,73,121,23,375,20,0,20,395
08/29/2001,ELP,TX,ASW,WE,Towers with Radar,165,62,63,5,295,6,3,60,4,73,171,65,123,9,368,0,0,0,368
08/30/2001,ELP,TX,ASW,WE,Towers with Radar,160,71,62,7,300,5,4,61,5,75,165,75,123,12,375,8,0,8,383
08/31/2001,ELP,TX,ASW,WE,Towers with Radar,159,66,60,10,295,6,1,69,3,79,165,67,129,13,374,36,0,36,410
09/01/2001,ELP,TX,ASW,WE,Towers with Radar,104,36,57,1,198,4,3,60,3,70,108,39,117,4,268,22,0,22,290
09/02/2001,ELP,TX,ASW,WE,Towers with Radar,87,28,44,8,167,17,0,40,1,58,104,28,84,9,225,0,14,14,239
09/03/2001,ELP,TX,ASW,WE,Towers with Radar,121,40,48,2,211,1,0,74,1,76,122,40,122,3,287,28,0,28,315
09/04/2001,ELP,TX,ASW,WE,Towers with Radar,147,69,52,2,270,2,1,85,2,90,149,70,137,4,360,18,0,18,378
09/05/2001,ELP,TX,ASW,WE,Towers with Radar,57,24,29,0,110,16,8,9,0,33,73,32,38,0,143,26,0,26,169
09/06/2001,ELP,TX,ASW,WE,Towers with Radar,157,66,78,39,340,4,1,75,11,91,161,67,153,50,431,38,32,70,501
09/07/2001,ELP,TX,ASW,WE,Towers with Radar,63,25,31,6,125,8,0,6,16,30,71,25,37,22,155,26,0,26,181
09/08/2001,ELP,TX,ASW,WE,Towers with Radar,123,24,16,17,180,0,0,51,0,51,123,24,67,17,231,0,0,0,231
09/09/2001,ELP,TX,ASW,WE,Towers with Radar,121,29,55,30,235,1,1,69,0,71,122,30,124,30,306,10,6,16,322
09/10/2001,ELP,TX,ASW,WE,Towers with Radar,142,37,51,18,248,2,0,71,7,80,144,37,122,25,328,0,14,14,342
09/11/2001,ELP,TX,ASW,WE,Towers with Radar,24,7,12,0,43,11,0,6,0,17,35,7,18,0,60,0,0,0,60
09/12/2001,ELP,TX,ASW,WE,Towers with Radar,1,0,8,2,11,0,0,0,0,0,1,0,8,2,11,0,0,0,11
09/13/2001,ELP,TX,ASW,WE,Towers with Radar,19,37,9,4,69,1,0,9,0,10,20,37,18,4,79,0,0,0,79
09/14/2001,ELP,TX,ASW,WE,Towers with Radar,102,74,13,10,199,2,0,0,0,2,104,74,13,10,201,26,0,26,227
09/15/2001,ELP,TX,ASW,WE,Towers with Radar,84,56,60,5,205,0,0,0,0,0,84,56,60,5,205,0,0,0,205
09/16/2001,ELP,TX,ASW,WE,Towers with Radar,106,38,100,2,246,0,0,0,0,0,106,38,100,2,246,0,0,0,246
09/17/2001,ELP,TX,ASW,WE,Towers with Radar,127,83,89,7,306,0,0,0,0,0,127,83,89,7,306,0,0,0,306
09/18/2001,ELP,TX,ASW,WE,Towers with Radar,144,69,89,11,313,0,18,30,0,48,144,87,119,11,361,0,4,4,365
09/19/2001,ELP,TX,ASW,WE,Towers with Radar,139,67,150,12,368,3,0,7,0,10,142,67,157,12,378,0,0,0,378
09/20/2001,ELP,TX,ASW,WE,Towers with Radar,138,64,106,23,331,2,2,62,0,66,140,66,168,23,397,0,20,20,417
09/21/2001,ELP,TX,ASW,WE,Towers with Radar,143,51,57,19,270,3,3,44,2,52,146,54,101,21,322,0,10,10,332
09/22/2001,ELP,TX,ASW,WE,Towers with Radar,95,30,33,1,159,2,0,36,0,38,97,30,69,1,197,28,0,28,225
09/23/2001,ELP,TX,ASW,WE,Towers with Radar,106,27,42,7,182,0,0,32,1,33,106,27,74,8,215,10,0,10,225
09/24/2001,ELP,TX,ASW,WE,Towers with Radar,127,41,65,12,245,0,3,68,3,74,127,44,133,15,319,42,0,42,361
09/25/2001,ELP,TX,ASW,WE,Towers with Radar,142,61,83,4,290,2,1,73,2,78,144,62,156,6,368,20,4,24,392
09/26/2001,ELP,TX,ASW,WE,Towers with Radar,143,53,60,6,262,6,2,77,5,90,149,55,137,11,352,4,0,4,356
09/27/2001,ELP,TX,ASW,WE,Towers with Radar,144,52,72,2,270,4,3,79,9,95,148,55,151,11,365,4,0,4,369
09/28/2001,ELP,TX,ASW,WE,Towers with Radar,143,47,61,18,269,3,2,57,4,66,146,49,118,22,335,40,0,40,375
09/29/2001,ELP,TX,ASW,WE,Towers with Radar,95,24,43,3,165,4,0,46,0,50,99,24,89,3,215,0,0,0,215
09/30/2001,ELP,TX,ASW,WE,Towers with Radar,108,20,49,12,189,2,2,27,3,34,110,22,76,15,223,0,0,0,223
10/01/2001,ELP,TX,ASW,WE,Towers with Radar,123,47,37,12,219,2,1,72,2,77,125,48,109,14,296,6,0,6,302
10/02/2001,ELP,TX,ASW,WE,Towers with Radar,139,63,45,18,265,5,0,51,1,57,144,63,96,19,322,8,0,8,330
10/03/2001,ELP,TX,ASW,WE,Towers with Radar,139,77,53,4,273,6,4,116,2,128,145,81,169,6,401,6,0,6,407
10/04/2001,ELP,TX,ASW,WE,Towers with Radar,138,60,56,2,256,4,1,63,3,71,142,61,119,5,327,6,0,6,333
10/05/2001,ELP,TX,ASW,WE,Towers with Radar,139,65,54,51,309,5,4,69,2,80,144,69,123,53,389,38,4,42,431
10/06/2001,ELP,TX,ASW,WE,Towers with Radar,93,32,40,1,166,3,0,44,2,49,96,32,84,3,215,104,0,104,319
10/07/2001,ELP,TX,ASW,WE,Towers with Radar,99,38,53,0,190,3,0,40,0,43,102,38,93,0,233,44,0,44,277
10/08/2001,ELP,TX,ASW,WE,Towers with Radar,123,46,46,3,218,2,1,45,1,49,125,47,91,4,267,0,0,0,267
10/09/2001,ELP,TX,ASW,WE,Towers with Radar,142,58,67,14,281,0,11,61,10,82,142,69,128,24,363,0,16,16,379
10/10/2001,ELP,TX,ASW,WE,Towers with Radar,135,70,69,17,291,2,4,70,4,80,137,74,139,21,371,8,4,12,383
10/11/2001,ELP,TX,ASW,WE,Towers with Radar,136,70,64,23,293,0,3,84,7,94,136,73,148,30,387,28,12,40,427
10/12/2001,ELP,TX,ASW,WE,Towers with Radar,145,57,51,14,267,3,4,23,0,30,148,61,74,14,297,2,0,2,299
10/13/2001,ELP,TX,ASW,WE,Towers with Radar,91,28,51,1,171,3,0,46,7,56,94,28,97,8,227,40,0,40,267
10/14/2001,ELP,TX,ASW,WE,Towers with Radar,101,33,58,3,195,2,1,63,3,69,103,34,121,6,264,10,0,10,274
10/15/2001,ELP,TX,ASW,WE,Towers with Radar,129,47,53,9,238,3,6,60,2,71,132,53,113,11,309,0,12,12,321
10/16/2001,ELP,TX,ASW,WE,Towers with Radar,141,59,55,3,258,1,4,44,3,52,142,63,99,6,310,12,10,22,332
10/17/2001,ELP,TX,ASW,WE,Towers with Radar,139,64,50,8,261,15,3,59,2,79,154,67,109,10,340,30,0,30,370
10/18/2001,ELP,TX,ASW,WE,Towers with Radar,140,65,56,57,318,5,2,68,3,78,145,67,124,60,396,6,14,20,416
10/19/2001,ELP,TX,ASW,WE,Towers with Radar,140,46,81,18,285,4,5,66,2,77,144,51,147,20,362,60,0,60,422
10/20/2001,ELP,TX,ASW,WE,Towers with Radar,94,25,74,0,193,0,1,72,2,75,94,26,146,2,268,44,0,44,312
10/21/2001,ELP,TX,ASW,WE,Towers with Radar,102,36,49,14,201,1,0,61,2,64,103,36,110,16,265,14,14,28,293
10/22/2001,ELP,TX,ASW,WE,Towers with Radar,126,40,78,7,251,1,2,50,2,55,127,42,128,9,306,20,0,20,326
10/23/2001,ELP,TX,ASW,WE,Towers with Radar,141,54,50,4,249,1,2,55,1,59,142,56,105,5,308,24,0,24,332
10/24/2001,ELP,TX,ASW,WE,Towers with Radar,138,52,74,8,272,4,2,63,14,83,142,54,137,22,355,14,0,14,369
10/25/2001,ELP,TX,ASW,WE,Towers with Radar,135,38,89,1,263,3,3,87,3,96,138,41,176,4,359,36,0,36,395
10/26/2001,ELP,TX,ASW,WE,Towers with Radar,141,57,47,9,254,1,4,52,5,62,142,61,99,14,316,10,0,10,326
10/27/2001,ELP,TX,ASW,WE,Towers with Radar,90,31,43,6,170,3,0,67,3,73,93,31,110,9,243,72,0,72,315
10/28/2001,ELP,TX,ASW,WE,Towers with Radar,98,41,65,29,233,2,2,37,1,42,100,43,102,30,275,0,0,0,275
10/29/2001,ELP,TX,ASW,WE,Towers with Radar,124,48,56,14,242,0,2,46,6,54,124,50,102,20,296,30,8,38,334
10/30/2001,ELP,TX,ASW,WE,Towers with Radar,136,58,73,10,277,1,3,52,8,64,137,61,125,18,341,20,10,30,371
10/31/2001,ELP,TX,ASW,WE,Towers with Radar,139,61,46,5,251,3,3,41,1,48,142,64,87,6,299,20,2,22,321
11/01/2001,ELP,TX,ASW,WE,Towers with Radar,143,64,74,20,301,3,0,62,3,68,146,64,136,23,369,16,0,16,385
11/02/2001,ELP,TX,ASW,WE,Towers with Radar,140,57,87,7,291,5,1,67,0,73,145,58,154,7,364,26,48,74,438
11/03/2001,ELP,TX,ASW,WE,Towers with Radar,95,36,41,3,175,2,0,79,0,81,97,36,120,3,256,74,0,74,330
11/04/2001,ELP,TX,ASW,WE,Towers with Radar,106,40,34,60,240,2,3,33,0,38,108,43,67,60,278,26,48,74,352
11/05/2001,ELP,TX,ASW,WE,Towers with Radar,126,44,51,17,238,2,4,20,7,33,128,48,71,24,271,0,0,0,271
11/06/2001,ELP,TX,ASW,WE,Towers with Radar,145,54,45,1,245,5,3,18,16,42,150,57,63,17,287,0,28,28,315
11/07/2001,ELP,TX,ASW,WE,Towers with Radar,137,68,77,34,316,3,1,53,11,68,140,69,130,45,384,42,6,48,432
11/08/2001,ELP,TX,ASW,WE,Towers with Radar,142,57,59,7,265,4,2,105,16,127,146,59,164,23,392,28,8,36,428
11/09/2001,ELP,TX,ASW,WE,Towers with Radar,158,48,61,21,288,4,3,61,1,69,162,51,122,22,357,26,0,26,383
11/10/2001,ELP,TX,ASW,WE,Towers with Radar,98,30,34,1,163,1,0,55,7,63,99,30,89,8,226,54,0,54,280
11/11/2001,ELP,TX,ASW,WE,Towers with Radar,105,32,54,4,195,1,0,65,0,66,106,32,119,4,261,0,10,10,271
11/12/2001,ELP,TX,ASW,WE,Towers with Radar,131,41,52,9,233,1,1,47,0,49,132,42,99,9,282,58,0,58,340
11/13/2001,ELP,TX,ASW,WE,Towers with Radar,150,53,92,21,316,2,3,94,5,104,152,56,186,26,420,16,2,18,438
11/14/2001,ELP,TX,ASW,WE,Towers with Radar,143,56,46,9,254,6,2,65,7,80,149,58,111,16,334,52,0,52,386
11/15/2001,ELP,TX,ASW,WE,Towers with Radar,145,69,62,29,305,1,2,30,2,35,146,71,92,31,340,0,18,18,358
11/16/2001,ELP,TX,ASW,WE,Towers with Radar,150,59,69,16,294,2,7,34,3,46,152,66,103,19,340,16,6,22,362
11/17/2001,ELP,TX,ASW,WE,Towers with Radar,94,35,62,6,197,1,0,78,2,81,95,35,140,8,278,82,24,106,384
11/18/2001,ELP,TX,ASW,WE,Towers with Radar,103,34,49,8,194,1,0,77,1,79,104,34,126,9,273,52,0,52,325
11/19/2001,ELP,TX,ASW,WE,Towers with Radar,131,48,51,19,249,2,4,56,14,76,133,52,107,33,325,12,20,32,357
11/20/2001,ELP,TX,ASW,WE,Towers with Radar,142,54,69,0,265,3,0,102,1,106,145,54,171,1,371,36,20,56,427
11/21/2001,ELP,TX,ASW,WE,Towers with Radar,140,54,84,1,279,4,2,81,1,88,144,56,165,2,367,8,0,8,375
11/22/2001,ELP,TX,ASW,WE,Towers with Radar,83,33,22,0,138,4,1,27,0,32,87,34,49,0,170,0,0,0,170
11/23/2001,ELP,TX,ASW,WE,Towers with Radar,103,37,29,2,171,1,0,3,0,4,104,37,32,2,175,0,0,0,175
11/24/2001,ELP,TX,ASW,WE,Towers with Radar,89,33,56,0,178,2,0,82,0,84,91,33,138,0,262,34,0,34,296
11/25/2001,ELP,TX,ASW,WE,Towers with Radar,109,35,73,3,220,2,0,25,0,27,111,35,98,3,247,0,0,0,247
11/26/2001,ELP,TX,ASW,WE,Towers with Radar,131,34,71,9,245,3,0,43,3,49,134,34,114,12,294,42,2,44,338
11/27/2001,ELP,TX,ASW,WE,Towers with Radar,148,57,55,38,298,4,1,38,3,46,152,58,93,41,344,18,0,18,362
11/28/2001,ELP,TX,ASW,WE,Towers with Radar,138,60,52,1,251,4,1,36,6,47,142,61,88,7,298,16,0,16,314
11/29/2001,ELP,TX,ASW,WE,Towers with Radar,161,72,86,19,338,0,26,54,15,95,161,98,140,34,433,60,10,70,503
11/30/2001,ELP,TX,ASW,WE,Towers with Radar,152,69,85,33,339,7,3,70,5,85,159,72,155,38,424,34,4,38,462
12/01/2001,ELP,TX,ASW,WE,Towers with Radar,95,40,72,9,216,0,4,65,6,75,95,44,137,15,291,40,6,46,337
12/02/2001,ELP,TX,ASW,WE,Towers with Radar,107,37,54,31,229,0,3,68,2,73,107,40,122,33,302,46,0,46,348
12/03/2001,ELP,TX,ASW,WE,Towers with Radar,135,41,100,10,286,0,4,49,10,63,135,45,149,20,349,16,4,20,369
12/04/2001,ELP,TX,ASW,WE,Towers with Radar,153,53,108,17,331,4,5,94,4,107,157,58,202,21,438,22,6,28,466
12/05/2001,ELP,TX,ASW,WE,Towers with Radar,145,52,102,9,308,4,5,84,12,105,149,57,186,21,413,4,0,4,417
12/06/2001,ELP,TX,ASW,WE,Towers with Radar,149,56,113,39,357,4,2,93,11,110,153,58,206,50,467,16,8,24,491
12/07/2001,ELP,TX,ASW,WE,Towers with Radar,145,57,72,21,295,2,8,69,9,88,147,65,141,30,383,0,0,0,383
12/08/2001,ELP,TX,ASW,WE,Towers with Radar,94,32,31,7,164,0,3,53,8,64,94,35,84,15,228,36,0,36,264
12/09/2001,ELP,TX,ASW,WE,Towers with Radar,109,34,38,28,209,0,1,53,2,56,109,35,91,30,265,30,16,46,311
12/10/2001,ELP,TX,ASW,WE,Towers with Radar,130,47,90,15,282,3,7,48,13,71,133,54,138,28,353,0,44,44,397
12/11/2001,ELP,TX,ASW,WE,Towers with Radar,149,58,68,13,288,3,5,55,2,65,152,63,123,15,353,56,10,66,419
12/12/2001,ELP,TX,ASW,WE,Towers with Radar,145,50,88,8,291,2,4,34,13,53,147,54,122,21,344,0,0,0,344
12/13/2001,ELP,TX,ASW,WE,Towers with Radar,151,56,92,6,305,1,6,86,13,106,152,62,178,19,411,22,0,22,433
12/14/2001,ELP,TX,ASW,WE,Towers with Radar,144,53,114,24,335,6,4,73,2,85,150,57,187,26,420,40,0,40,460
12/15/2001,ELP,TX,ASW,WE,Towers with Radar,93,39,73,3,208,0,2,51,4,57,93,41,124,7,265,62,0,62,327
12/16/2001,ELP,TX,ASW,WE,Towers with Radar,112,39,58,41,250,0,1,45,2,48,112,40,103,43,298,8,0,8,306
12/17/2001,ELP,TX,ASW,WE,Towers with Radar,135,56,72,8,271,2,1,56,5,64,137,57,128,13,335,14,0,14,349
12/18/2001,ELP,TX,ASW,WE,Towers with Radar,164,50,92,9,315,9,0,89,0,98,173,50,181,9,413,22,0,22,435
12/19/2001,ELP,TX,ASW,WE,Towers with Radar,149,68,92,1,310,5,3,75,5,88,154,71,167,6,398,22,0,22,420
12/20/2001,ELP,TX,ASW,WE,Towers with Radar,148,61,102,7,318,3,6,86,4,99,151,67,188,11,417,56,6,62,479
12/21/2001,ELP,TX,ASW,WE,Towers with Radar,191,86,80,0,357,0,3,22,2,27,191,89,102,2,384,18,0,18,402
12/22/2001,ELP,TX,ASW,WE,Towers with Radar,94,50,70,0,214,0,0,49,0,49,94,50,119,0,263,20,0,20,283
12/23/2001,ELP,TX,ASW,WE,Towers with Radar,137,44,42,4,227,0,1,36,1,38,137,45,78,5,265,4,0,4,269
12/24/2001,ELP,TX,ASW,WE,Towers with Radar,101,37,20,0,158,1,2,27,0,30,102,39,47,0,188,0,0,0,188
12/25/2001,ELP,TX,ASW,WE,Towers with Radar,99,32,23,0,154,0,3,18,0,21,99,35,41,0,175,0,0,0,175
12/26/2001,ELP,TX,ASW,WE,Towers with Radar,135,54,59,0,248,1,6,58,1,66,136,60,117,1,314,24,0,24,338
12/27/2001,ELP,TX,ASW,WE,Towers with Radar,142,44,61,5,252,1,3,59,15,78,143,47,120,20,330,4,0,4,334
12/28/2001,ELP,TX,ASW,WE,Towers with Radar,141,53,57,8,259,1,1,41,8,51,142,54,98,16,310,26,0,26,336
12/29/2001,ELP,TX,ASW,WE,Towers with Radar,100,40,45,0,185,0,0,44,0,44,100,40,89,0,229,84,0,84,313
12/30/2001,ELP,TX,ASW,WE,Towers with Radar,105,31,40,0,176,0,0,40,0,40,105,31,80,0,216,4,0,4,220
12/31/2001,ELP,TX,ASW,WE,Towers with Radar,111,35,78,4,228,1,1,39,1,42,112,36,117,5,270,38,4,42,312
01/01/2002,ELP,TX,ASW,WE,Towers with Radar,103,28,36,0,167,2,3,22,0,27,105,31,58,0,194,16,0,16,210
01/02/2002,ELP,TX,ASW,WE,Towers with Radar,135,72,94,24,325,3,5,36,0,44,138,77,130,24,369,16,16,32,401
01/03/2002,ELP,TX,ASW,WE,Towers with Radar,139,49,72,13,273,4,2,56,1,63,143,51,128,14,336,6,6,12,348
01/04/2002,ELP,TX,ASW,WE,Towers with Radar,144,55,54,32,285,3,6,39,0,48,147,61,93,32,333,4,0,4,337
01/05/2002,ELP,TX,ASW,WE,Towers with Radar,90,43,84,6,223,2,2,54,0,58,92,45,138,6,281,24,0,24,305
01/06/2002,ELP,TX,ASW,WE,Towers with Radar,106,33,73,9,221,1,1,58,2,62,107,34,131,11,283,16,0,16,299
01/07/2002,ELP,TX,ASW,WE,Towers with Radar,145,62,48,2,257,2,4,88,6,100,147,66,136,8,357,0,0,0,357
01/08/2002,ELP,TX,ASW,WE,Towers with Radar,142,49,46,15,252,6,6,69,5,86,148,55,115,20,338,4,16,20,358
01/09/2002,ELP,TX,ASW,WE,Towers with Radar,149,62,70,8,289,3,3,65,6,77,152,65,135,14,366,38,0,38,404
01/10/2002,ELP,TX,ASW,WE,Towers with Radar,151,57,77,25,310,0,8,43,32,83,151,65,120,57,393,30,6,36,429
01/11/2002,ELP,TX,ASW,WE,Towers with Radar,146,54,58,40,298,4,2,54,5,65,150,56,112,45,363,0,4,4,367
01/12/2002,ELP,TX,ASW,WE,Towers with Radar,89,36,68,14,207,2,0,79,2,83,91,36,147,16,290,86,0,86,376
01/13/2002,ELP,TX,ASW,WE,Towers with Radar,118,32,39,51,240,1,0,74,0,75,119,32,113,51,315,12,16,28,343
01/14/2002,ELP,TX,ASW,WE,Towers with Radar,129,48,63,7,247,4,4,68,0,76,133,52,131,7,323,54,0,54,377
01/15/2002,ELP,TX,ASW,WE,Towers with Radar,143,60,57,4,264,7,1,57,3,68,150,61,114,7,332,26,0,26,358
01/16/2002,ELP,TX,ASW,WE,Towers with Radar,141,46,121,12,320,6,0,79,4,89,147,46,200,16,409,28,0,28,437
01/17/2002,ELP,TX,ASW,WE,Towers with Radar,148,58,90,29,325,0,0,87,26,113,148,58,177,55,438,46,10,56,494
01/18/2002,ELP,TX,ASW,WE,Towers with Radar,141,50,80,71,342,5,8,38,2,53,146,58,118,73,395,0,0,0,395
01/19/2002,ELP,TX,ASW,WE,Towers with Radar,99,32,68,7,206,5,0,57,0,62,104,32,125,7,268,60,0,60,328
01/20/2002,ELP,TX,ASW,WE,Towers with Radar,102,34,34,10,180,3,0,43,1,47,105,34,77,11,227,0,0,0,227
01/21/2002,ELP,TX,ASW,WE,Towers with Radar,141,40,61,29,271,2,1,61,0,64,143,41,122,29,335,54,0,54,389
01/22/2002,ELP,TX,ASW,WE,Towers with Radar,140,54,71,23,288,4,16,38,7,65,144,70,109,30,353,10,16,26,379
01/23/2002,ELP,TX,ASW,WE,Towers with Radar,146,54,72,16,288,6,3,57,0,66,152,57,129,16,354,20,0,20,374
01/24/2002,ELP,TX,ASW,WE,Towers with Radar,140,45,67,17,269,7,3,50,1,61,147,48,117,18,330,20,2,22,352
01/25/2002,ELP,TX,ASW,WE,Towers with Radar,154,51,83,50,338,5,0,59,2,66,159,51,142,52,404,12,30,42,446
01/26/2002,ELP,TX,ASW,WE,Towers with Radar,93,31,35,10,169,8,2,78,0,88,101,33,113,10,257,30,0,30,287
01/27/2002,ELP,TX,ASW,WE,Towers with Radar,102,28,52,15,197,2,0,69,0,71,104,28,121,15,268,54,0,54,322
01/28/2002,ELP,TX,ASW,WE,Towers with Radar,129,41,77,6,253,3,7,39,3,52,132,48,116,9,305,14,0,14,319
01/29/2002,ELP,TX,ASW,WE,Towers with Radar,144,55,79,14,292,8,2,42,4,56,152,57,121,18,348,30,2,32,380
01/30/2002,ELP,TX,ASW,WE,Towers with Radar,144,70,49,18,281,4,4,23,1,32,148,74,72,19,313,10,0,10,323
01/31/2002,ELP,TX,ASW,WE,Towers with Radar,144,75,50,15,284,5,5,43,13,66,149,80,93,28,350,0,4,4,354
02/01/2002,ELP,TX,ASW,WE,Towers with Radar,137,80,70,8,295,5,7,66,4,82,142,87,136,12,377,40,0,40,417
02/02/2002,ELP,TX,ASW,WE,Towers with Radar,94,36,65,1,196,2,0,45,0,47,96,36,110,1,243,39,0,39,282
02/03/2002,ELP,TX,ASW,WE,Towers with Radar,119,36,38,9,202,1,1,5,1,8,120,37,43,10,210,0,0,0,210
02/04/2002,ELP,TX,ASW,WE,Towers with Radar,131,66,89,5,291,1,1,5,0,7,132,67,94,5,298,0,0,0,298
02/05/2002,ELP,TX,ASW,WE,Towers with Radar,138,48,41,2,229,4,0,20,8,32,142,48,61,10,261,0,0,0,261
02/06/2002,ELP,TX,ASW,WE,Towers with Radar,140,54,95,20,309,8,4,94,9,115,148,58,189,29,424,68,0,68,492
02/07/2002,ELP,TX,ASW,WE,Towers with Radar,146,56,69,51,322,3,4,49,12,68,149,60,118,63,390,20,8,28,418
02/08/2002,ELP,TX,ASW,WE,Towers with Radar,136,62,64,30,292,4,5,57,7,73,140,67,121,37,365,50,8,58,423
02/09/2002,ELP,TX,ASW,WE,Towers with Radar,97,47,45,3,192,1,2,29,5,37,98,49,74,8,229,0,0,0,229
02/10/2002,ELP,TX,ASW,WE,Towers with Radar,111,33,41,15,200,1,1,42,2,46,112,34,83,17,246,32,0,32,278
02/11/2002,ELP,TX,ASW,WE,Towers with Radar,125,51,84,11,271,3,5,56,3,67,128,56,140,14,338,22,0,22,360
02/12/2002,ELP,TX,ASW,WE,Towers with Radar,143,57,61,6,267,3,7,63,11,84,146,64,124,17,351,20,0,20,371
02/13/2002,ELP,TX,ASW,WE,Towers with Radar,143,56,76,2,277,1,6,69,2,78,144,62,145,4,355,38,0,38,393
02/14/2002,ELP,TX,ASW,WE,Towers with Radar,146,62,72,3,283,5,4,63,15,87,151,66,135,18,370,38,8,46,416
02/15/2002,ELP,TX,ASW,WE,Towers with Radar,134,70,73,22,299,5,6,71,6,88,139,76,144,28,387,6,2,8,395
02/16/2002,ELP,TX,ASW,WE,Towers with Radar,95,40,53,16,204,1,1,62,4,68,96,41,115,20,272,48,0,48,320
02/17/2002,ELP,TX,ASW,WE,Towers with Radar,105,50,25,25,205,0,1,57,2,60,105,51,82,27,265,38,2,40,305
02/18/2002,ELP,TX,ASW,WE,Towers with Radar,136,51,54,12,253,1,4,20,0,25,137,55,74,12,278,10,0,10,288
02/19/2002,ELP,TX,ASW,WE,Towers with Radar,141,57,68,17,283,4,7,25,4,40,145,64,93,21,323,32,0,32,355
02/20/2002,ELP,TX,ASW,WE,Towers with Radar,142,63,69,18,292,3,4,61,0,68,145,67,130,18,360,30,0,30,390
02/21/2002,ELP,TX,ASW,WE,Towers with Radar,140,64,43,4,251,3,2,32,0,37,143,66,75,4,288,2,0,2,290
02/22/2002,ELP,TX,ASW,WE,Towers with Radar,148,57,63,41,309,4,3,68,2,77,152,60,131,43,386,0,0,0,386
02/23/2002,ELP,TX,ASW,WE,Towers with Radar,94,37,77,12,220,1,2,50,0,53,95,39,127,12,273,74,6,80,353
02/24/2002,ELP,TX,ASW,WE,Towers with Radar,106,34,56,14,210,0,0,32,34,66,106,34,88,48,276,0,0,0,276
02/25/2002,ELP,TX,ASW,WE,Towers with Radar,134,56,64,16,270,1,10,41,0,52,135,66,105,16,322,30,26,56,378
02/26/2002,ELP,TX,ASW,WE,Towers with Radar,145,52,43,7,247,2,1,44,1,48,147,53,87,8,295,18,0,18,313
02/27/2002,ELP,TX,ASW,WE,Towers with Radar,140,44,58,17,259,4,3,79,0,86,144,47,137,17,345,0,0,0,345
02/28/2002,ELP,TX,ASW,WE,Towers with Radar,144,56,78,10,288,0,2,73,3,78,144,58,151,13,366,2,0,2,368
03/01/2002,ELP,TX,ASW,WE,Towers with Radar,135,61,53,47,296,4,2,16,3,25,139,63,69,50,321,0,4,4,325
03/02/2002,ELP,TX,ASW,WE,Towers with Radar,89,29,37,5,160,2,2,26,3,33,91,31,63,8,193,0,0,0,193
03/03/2002,ELP,TX,ASW,WE,Towers with Radar,105,36,58,20,219,3,2,42,2,49,108,38,100,22,268,10,0,10,278
03/04/2002,ELP,TX,ASW,WE,Towers with Radar,126,55,45,10,236,5,4,59,11,79,131,59,104,21,315,12,0,12,327
03/05/2002,ELP,TX,ASW,WE,Towers with Radar,146,46,69,8,269,8,4,46,12,70,154,50,115,20,339,22,0,22,361
03/06/2002,ELP,TX,ASW,WE,Towers with Radar,153,60,82,23,318,0,11,95,0,106,153,71,177,23,424,0,12,12,436
03/07/2002,ELP,TX,ASW,WE,Towers with Radar,146,68,69,10,293,6,5,46,24,81,152,73,115,34,374,0,24,24,398
03/08/2002,ELP,TX,ASW,WE,Towers with Radar,155,53,82,24,314,3,0,7,27,37,158,53,89,51,351,0,8,8,359
03/09/2002,ELP,TX,ASW,WE,Towers with Radar,100,36,55,16,207,0,0,45,13,58,100,36,100,29,265,38,0,38,303
03/10/2002,ELP,TX,ASW,WE,Towers with Radar,108,40,61,19,228,0,0,80,9,89,108,40,141,28,317,30,14,44,361
03/11/2002,ELP,TX,ASW,WE,Towers with Radar,139,52,78,25,294,0,0,12,56,68,139,52,90,81,362,0,2,2,364
03/12/2002,ELP,TX,ASW,WE,Towers with Radar,146,55,79,25,305,0,0,63,8,71,146,55,142,33,376,26,0,26,402
03/13/2002,ELP,TX,ASW,WE,Towers with Radar,142,50,75,7,274,15,0,71,0,86,157,50,146,7,360,18,0,18,378
03/14/2002,ELP,TX,ASW,WE,Towers with Radar,129,51,54,12,246,22,11,0,0,33,151,62,54,12,279,0,0,0,279
03/15/2002,ELP,TX,ASW,WE,Towers with Radar,145,55,76,24,300,1,9,61,15,86,146,64,137,39,386,46,10,56,442
03/16/2002,ELP,TX,ASW,WE,Towers with Radar,100,38,53,16,207,6,8,34,4,52,106,46,87,20,259,2,0,2,261
03/17/2002,ELP,TX,ASW,WE,Towers with Radar,106,26,56,17,205,4,0,33,22,59,110,26,89,39,264,6,4,10,274
03/18/2002,ELP,TX,ASW,WE,Towers with Radar,126,53,76,23,278,0,0,32,48,80,126,53,108,71,358,28,0,28,386
03/19/2002,ELP,TX,ASW,WE,Towers with Radar,128,49,67,16,260,15,18,43,0,76,143,67,110,16,336,2,0,2,338
03/20/2002,ELP,TX,ASW,WE,Towers with Radar,158,62,84,24,328,0,8,95,0,103,158,70,179,24,431,14,0,14,445
03/21/2002,ELP,TX,ASW,WE,Towers with Radar,153,59,80,24,316,0,19,23,5,47,153,78,103,29,363,0,0,0,363
03/22/2002,ELP,TX,ASW,WE,Towers with Radar,137,53,72,16,278,12,0,75,0,87,149,53,147,16,365,22,0,22,387
03/23/2002,ELP,TX,ASW,WE,Towers with Radar,98,39,54,11,202,0,6,69,0,75,98,45,123,11,277,16,2,18,295
03/24/2002,ELP,TX,ASW,WE,Towers with Radar,111,30,58,18,217,1,0,26,8,35,112,30,84,26,252,0,0,0,252
03/25/2002,ELP,TX,ASW,WE,Towers with Radar,136,55,74,22,287,0,1,50,35,86,136,56,124,57,373,10,0,10,383
03/26/2002,ELP,TX,ASW,WE,Towers with Radar,145,55,76,23,299,1,6,61,9,77,146,61,137,32,376,8,0,8,384
03/27/2002,ELP,TX,ASW,WE,Towers with Radar,149,61,84,11,305,0,14,93,0,107,149,75,177,11,412,20,0,20,432
03/28/2002,ELP,TX,ASW,WE,Towers with Radar,144,47,75,17,283,2,0,71,0,73,146,47,146,17,356,20,0,20,376
03/29/2002,ELP,TX,ASW,WE,Towers with Radar,119,34,62,13,228,16,0,50,0,66,135,34,112,13,294,12,0,12,306
03/30/2002,ELP,TX,ASW,WE,Towers with Radar,99,22,40,4,165,0,11,46,0,57,99,33,86,4,222,10,0,10,232
03/31/2002,ELP,TX,ASW,WE,Towers with Radar,87,33,46,4,170,20,18,20,0,58,107,51,66,4,228,0,0,0,228
04/01/2002,ELP,TX,ASW,WE,Towers with Radar,128,35,46,9,218,2,13,86,7,108,130,48,132,16,326,0,0,0,326
04/02/2002,ELP,TX,ASW,WE,Towers with Radar,137,44,36,5,222,2,12,75,13,102,139,56,111,18,324,0,0,0,324
04/03/2002,ELP,TX,ASW,WE,Towers with Radar,145,43,35,7,230,2,13,65,5,85,147,56,100,12,315,0,0,0,315
04/04/2002,ELP,TX,ASW,WE,Towers with Radar,137,47,46,18,248,11,38,73,2,124,148,85,119,20,372,0,0,0,372
04/05/2002,ELP,TX,ASW,WE,Towers with Radar,143,54,53,20,270,0,1,97,50,148,143,55,150,70,418,0,0,0,418
04/06/2002,ELP,TX,ASW,WE,Towers with Radar,99,39,57,11,206,2,3,45,10,60,101,42,102,21,266,0,0,0,266
04/07/2002,ELP,TX,ASW,WE,Towers with Radar,96,42,56,16,210,2,1,36,0,39,98,43,92,16,249,0,0,0,249
04/08/2002,ELP,TX,ASW,WE,Towers with Radar,137,39,42,14,232,1,8,64,3,76,138,47,106,17,308,0,0,0,308
04/09/2002,ELP,TX,ASW,WE,Towers with Radar,146,46,44,9,245,1,19,102,15,137,147,65,146,24,382,0,0,0,382
04/10/2002,ELP,TX,ASW,WE,Towers with Radar,138,63,58,6,265,1,19,86,25,131,139,82,144,31,396,0,0,0,396
04/11/2002,ELP,TX,ASW,WE,Towers with Radar,145,50,64,10,269,1,17,78,18,114,146,67,142,28,383,0,0,0,383
04/12/2002,ELP,TX,ASW,WE,Towers with Radar,143,51,54,20,268,0,0,71,43,114,143,51,125,63,382,0,0,0,382
04/13/2002,ELP,TX,ASW,WE,Towers with Radar,95,27,24,8,154,1,1,66,16,84,96,28,90,24,238,0,0,0,238
04/14/2002,ELP,TX,ASW,WE,Towers with Radar,99,34,35,14,182,0,1,65,9,75,99,35,100,23,257,0,0,0,257
04/15/2002,ELP,TX,ASW,WE,Towers with Radar,134,39,55,24,252,1,7,57,15,80,135,46,112,39,332,0,0,0,332
04/16/2002,ELP,TX,ASW,WE,Towers with Radar,141,50,59,18,268,1,13,65,23,102,142,63,124,41,370,0,0,0,370
04/17/2002,ELP,TX,ASW,WE,Towers with Radar,145,53,52,16,266,1,14,110,16,141,146,67,162,32,407,0,0,0,407
04/18/2002,ELP,TX,ASW,WE,Towers with Radar,147,50,39,10,246,1,12,85,20,118,148,62,124,30,364,0,0,0,364
04/19/2002,ELP,TX,ASW,WE,Towers with Radar,144,50,33,21,248,1,7,83,18,109,145,57,116,39,357,0,0,0,357
04/20/2002,ELP,TX,ASW,WE,Towers with Radar,94,27,26,3,150,1,1,50,9,61,95,28,76,12,211,0,0,0,211
04/21/2002,ELP,TX,ASW,WE,Towers with Radar,102,33,27,22,184,1,1,87,10,99,103,34,114,32,283,0,0,0,283
04/22/2002,ELP,TX,ASW,WE,Towers with Radar,134,43,29,14,220,1,8,82,24,115,135,51,111,38,335,0,0,0,335
04/23/2002,ELP,TX,ASW,WE,Towers with Radar,139,52,49,4,244,1,12,70,17,100,140,64,119,21,344,0,0,0,344
04/24/2002,ELP,TX,ASW,WE,Towers with Radar,142,45,51,6,244,1,12,82,32,127,143,57,133,38,371,0,0,0,371
04/25/2002,ELP,TX,ASW,WE,Towers with Radar,141,58,52,23,274,1,11,55,20,87,142,69,107,43,361,0,0,0,361
04/26/2002,ELP,TX,ASW,WE,Towers with Radar,145,52,53,19,269,0,4,46,26,76,145,56,99,45,345,0,0,0,345
04/27/2002,ELP,TX,ASW,WE,Towers with Radar,99,34,36,7,176,1,3,67,11,82,100,37,103,18,258,0,0,0,258
04/28/2002,ELP,TX,ASW,WE,Towers with Radar,111,34,37,14,196,1,0,91,28,120,112,34,128,42,316,0,0,0,316
04/29/2002,ELP,TX,ASW,WE,Towers with Radar,132,38,65,28,263,1,12,77,12,102,133,50,142,40,365,0,0,0,365
04/30/2002,ELP,TX,ASW,WE,Towers with Radar,152,40,40,6,238,1,15,91,10,117,153,55,131,16,355,0,0,0,355
05/01/2002,ELP,TX,ASW,WE,Towers with Radar,150,33,31,9,223,0,21,105,18,144,150,54,136,27,367,42,0,42,409
05/02/2002,ELP,TX,ASW,WE,Towers with Radar,152,42,39,10,243,0,30,184,42,256,152,72,223,52,499,4,0,4,503
05/03/2002,ELP,TX,ASW,WE,Towers with Radar,166,39,35,9,249,0,16,127,5,148,166,55,162,14,397,10,0,10,407
05/04/2002,ELP,TX,ASW,WE,Towers with Radar,103,18,20,5,146,20,0,69,3,92,123,18,89,8,238,40,18,58,296
05/05/2002,ELP,TX,ASW,WE,Towers with Radar,115,14,22,7,158,15,0,64,9,88,130,14,86,16,246,0,0,0,246
05/06/2002,ELP,TX,ASW,WE,Towers with Radar,146,27,28,8,209,16,0,89,6,111,162,27,117,14,320,30,22,52,372
05/07/2002,ELP,TX,ASW,WE,Towers with Radar,164,37,33,10,244,0,13,86,26,125,164,50,119,36,369,24,43,67,436
05/08/2002,ELP,TX,ASW,WE,Towers with Radar,152,36,32,6,226,0,12,114,0,126,152,48,146,6,352,18,7,25,377
05/09/2002,ELP,TX,ASW,WE,Towers with Radar,100,26,23,7,156,0,2,73,5,80,100,28,96,12,236,6,10,16,252
05/10/2002,ELP,TX,ASW,WE,Towers with Radar,164,39,35,9,247,0,17,88,5,110,164,56,123,14,357,2,0,2,359
05/11/2002,ELP,TX,ASW,WE,Towers with Radar,113,22,22,4,161,3,0,45,0,48,116,22,67,4,209,10,0,10,219
05/12/2002,ELP,TX,ASW,WE,Towers with Radar,126,13,24,7,170,4,0,67,11,82,130,13,91,18,252,8,0,8,260
05/13/2002,ELP,TX,ASW,WE,Towers with Radar,165,35,35,9,244,0,0,53,3,56,165,35,88,12,300,12,6,18,318
05/14/2002,ELP,TX,ASW,WE,Towers with Radar,174,35,35,9,253,0,0,90,1,91,174,35,125,10,344,16,12,28,372
05/15/2002,ELP,TX,ASW,WE,Towers with Radar,162,35,31,2,230,9,19,92,0,120,171,54,123,2,350,34,30,64,414
05/16/2002,ELP,TX,ASW,WE,Towers with Radar,171,37,33,1,242,3,16,86,0,105,174,53,119,1,347,44,12,56,403
05/17/2002,ELP,TX,ASW,WE,Towers with Radar,167,40,36,8,251,0,4,104,29,137,167,44,140,37,388,47,32,79,467
05/18/2002,ELP,TX,ASW,WE,Towers with Radar,112,15,23,6,156,13,0,49,0,62,125,15,72,6,218,0,0,0,218
05/19/2002,ELP,TX,ASW,WE,Towers with Radar,114,13,23,6,156,22,0,48,5,75,136,13,71,11,231,16,12,28,259
05/20/2002,ELP,TX,ASW,WE,Towers with Radar,159,35,32,9,235,2,1,111,3,117,161,36,143,12,352,0,58,58,410
05/21/2002,ELP,TX,ASW,WE,Towers with Radar,170,36,34,10,250,2,5,116,2,125,172,41,150,12,375,22,70,92,467
05/22/2002,ELP,TX,ASW,WE,Towers with Radar,179,39,37,5,260,0,5,127,0,132,179,44,164,5,392,0,10,10,402
05/23/2002,ELP,TX,ASW,WE,Towers with Radar,169,43,41,1,254,0,17,118,0,135,169,60,159,1,389,14,24,38,427
05/24/2002,ELP,TX,ASW,WE,Towers with Radar,158,33,31,5,227,14,10,88,0,112,172,43,119,5,339,12,16,28,367
05/25/2002,ELP,TX,ASW,WE,Towers with Radar,111,16,22,5,154,7,0,83,0,90,118,16,105,5,244,32,12,44,288
05/26/2002,ELP,TX,ASW,WE,Towers with Radar,104,15,21,4,144,14,0,58,0,72,118,15,79,4,216,26,23,49,265
05/27/2002,ELP,TX,ASW,WE,Towers with Radar,130,20,26,1,177,5,0,97,0,102,135,20,123,1,279,26,8,34,313
05/28/2002,ELP,TX,ASW,WE,Towers with Radar,151,32,30,3,216,11,3,107,0,121,162,35,137,3,337,16,0,16,353
05/29/2002,ELP,TX,ASW,WE,Towers with Radar,167,35,33,6,241,3,1,112,0,116,170,36,145,6,357,0,2,2,359
05/30/2002,ELP,TX,ASW,WE,Towers with Radar,149,31,30,2,212,21,9,128,0,158,170,40,158,2,370,10,4,14,384
05/31/2002,ELP,TX,ASW,WE,Towers with Radar,162,34,32,9,237,11,2,103,4,120,173,36,135,13,357,0,40,40,397
06/01/2002,ELP,TX,ASW,WE,Towers with Radar,118,15,22,1,156,0,1,83,4,88,118,16,105,5,244,32,12,44,288
06/02/2002,ELP,TX,ASW,WE,Towers with Radar,118,15,14,3,150,0,0,65,1,66,118,15,79,4,216,26,23,49,265
06/03/2002,ELP,TX,ASW,WE,Towers with Radar,135,20,31,1,187,0,0,92,0,92,135,20,123,1,279,26,8,34,313
06/04/2002,ELP,TX,ASW,WE,Towers with Radar,162,31,34,2,229,0,4,103,1,108,162,35,137,3,337,16,0,16,353
06/05/2002,ELP,TX,ASW,WE,Towers with Radar,170,32,23,1,226,0,4,122,5,131,170,36,145,6,357,0,2,2,359
06/06/2002,ELP,TX,ASW,WE,Towers with Radar,170,35,33,2,240,0,5,125,0,130,170,40,158,2,370,10,4,14,384
06/07/2002,ELP,TX,ASW,WE,Towers with Radar,166,50,46,10,272,0,5,116,4,125,166,55,162,14,397,10,0,10,407
06/08/2002,ELP,TX,ASW,WE,Towers with Radar,123,17,9,5,154,0,1,80,3,84,123,18,89,8,238,40,18,58,296
06/09/2002,ELP,TX,ASW,WE,Towers with Radar,130,14,18,12,174,0,0,68,4,72,130,14,86,16,246,0,0,0,246
06/10/2002,ELP,TX,ASW,WE,Towers with Radar,162,22,31,13,228,0,5,86,1,92,162,27,117,14,320,30,22,52,372
06/11/2002,ELP,TX,ASW,WE,Towers with Radar,164,43,29,36,272,0,7,90,0,97,164,50,119,36,369,24,43,67,436
06/12/2002,ELP,TX,ASW,WE,Towers with Radar,152,42,38,6,238,0,6,108,0,114,152,48,146,6,352,18,7,25,377
06/13/2002,ELP,TX,ASW,WE,Towers with Radar,100,21,33,9,163,0,7,63,3,73,100,28,96,12,236,6,10,16,252
06/14/2002,ELP,TX,ASW,WE,Towers with Radar,164,51,23,6,244,0,5,100,8,113,164,56,123,14,357,2,0,2,359
06/15/2002,ELP,TX,ASW,WE,Towers with Radar,116,21,14,1,152,0,1,53,3,57,116,22,67,4,209,10,0,10,219
06/16/2002,ELP,TX,ASW,WE,Towers with Radar,130,13,29,14,186,0,0,62,4,66,130,13,91,18,252,8,0,8,260
06/17/2002,ELP,TX,ASW,WE,Towers with Radar,165,32,33,10,240,0,3,55,2,60,165,35,88,12,300,12,6,18,318
06/18/2002,ELP,TX,ASW,WE,Towers with Radar,174,29,19,8,230,0,6,106,2,114,174,35,125,10,344,16,12,28,372
06/19/2002,ELP,TX,ASW,WE,Towers with Radar,171,45,19,1,236,0,9,104,1,114,171,54,123,2,350,34,30,64,414
06/20/2002,ELP,TX,ASW,WE,Towers with Radar,177,57,27,5,266,0,3,134,3,140,177,60,161,8,406,0,0,0,406
06/21/2002,ELP,TX,ASW,WE,Towers with Radar,167,38,28,37,270,0,6,112,0,118,167,44,140,37,388,47,32,79,467
06/22/2002,ELP,TX,ASW,WE,Towers with Radar,144,24,19,2,189,0,0,86,0,86,144,24,105,2,275,0,0,0,275
06/23/2002,ELP,TX,ASW,WE,Towers with Radar,136,13,16,11,176,0,0,55,0,55,136,13,71,11,231,16,12,28,259
06/24/2002,ELP,TX,ASW,WE,Towers with Radar,228,51,38,1,318,0,5,109,5,119,228,56,147,6,437,0,0,0,437
06/25/2002,ELP,TX,ASW,WE,Towers with Radar,161,32,39,10,242,0,4,104,2,110,161,36,143,12,352,0,58,58,410
06/26/2002,ELP,TX,ASW,WE,Towers with Radar,169,45,34,5,253,0,5,71,2,78,169,50,105,7,331,4,0,4,335
06/27/2002,ELP,TX,ASW,WE,Towers with Radar,177,60,44,8,289,0,2,87,5,94,177,62,131,13,383,0,0,0,383
06/28/2002,ELP,TX,ASW,WE,Towers with Radar,175,51,53,4,283,0,2,67,1,70,175,53,120,5,353,0,10,10,363
06/29/2002,ELP,TX,ASW,WE,Towers with Radar,139,18,28,0,185,0,4,89,0,93,139,22,117,0,278,38,0,38,316
06/30/2002,ELP,TX,ASW,WE,Towers with Radar,143,17,32,11,203,0,0,55,4,59,143,17,87,15,262,16,4,20,282
07/01/2002,ELP,TX,ASW,WE,Towers with Radar,162,24,40,0,226,1,2,54,5,62,163,26,94,5,288,6,0,6,294
07/02/2002,ELP,TX,ASW,WE,Towers with Radar,169,29,29,1,228,0,2,83,3,88,169,31,112,4,316,6,0,6,322
07/03/2002,ELP,TX,ASW,WE,Towers with Radar,176,50,30,3,259,0,3,59,3,65,176,53,89,6,324,28,0,28,352
07/04/2002,ELP,TX,ASW,WE,Towers with Radar,119,25,15,0,159,0,1,47,0,48,119,26,62,0,207,16,0,16,223
07/05/2002,ELP,TX,ASW,WE,Towers with Radar,136,22,33,0,191,0,1,59,0,60,136,23,92,0,251,22,0,22,273
07/06/2002,ELP,TX,ASW,WE,Towers with Radar,140,6,35,0,181,0,1,88,1,90,140,7,123,1,271,20,0,20,291
07/07/2002,ELP,TX,ASW,WE,Towers with Radar,145,11,20,4,180,0,1,35,2,38,145,12,55,6,218,6,0,6,224
07/08/2002,ELP,TX,ASW,WE,Towers with Radar,167,21,14,3,205,0,1,54,1,56,167,22,68,4,261,20,0,20,281
07/09/2002,ELP,TX,ASW,WE,Towers with Radar,154,27,34,5,220,19,6,83,0,108,173,33,117,5,328,68,0,68,396
07/10/2002,ELP,TX,ASW,WE,Towers with Radar,175,38,42,0,255,0,4,130,0,134,175,42,172,0,389,26,0,26,415
07/11/2002,ELP,TX,ASW,WE,Towers with Radar,171,39,39,55,304,0,2,90,2,94,171,41,129,57,398,70,82,152,550
07/12/2002,ELP,TX,ASW,WE,Towers with Radar,172,32,39,9,252,0,2,105,2,109,172,34,144,11,361,28,0,28,389
07/13/2002,ELP,TX,ASW,WE,Towers with Radar,142,19,49,0,210,0,0,62,0,62,142,19,111,0,272,6,0,6,278
07/14/2002,ELP,TX,ASW,WE,Towers with Radar,150,16,30,35,231,0,0,72,3,75,150,16,102,38,306,8,24,32,338
07/15/2002,ELP,TX,ASW,WE,Towers with Radar,157,29,34,37,257,0,1,58,1,60,157,30,92,38,317,2,4,6,323
07/16/2002,ELP,TX,ASW,WE,Towers with Radar,171,28,38,9,246,0,0,88,3,91,171,28,126,12,337,20,0,20,357
07/17/2002,ELP,TX,ASW,WE,Towers with Radar,170,39,63,18,290,0,4,102,3,109,170,43,165,21,399,64,0,64,463
07/18/2002,ELP,TX,ASW,WE,Towers with Radar,172,51,47,1,271,0,3,117,10,130,172,54,164,11,401,24,0,24,425
07/19/2002,ELP,TX,ASW,WE,Towers with Radar,175,31,29,17,252,0,0,78,1,79,175,31,107,18,331,10,0,10,341
07/20/2002,ELP,TX,ASW,WE,Towers with Radar,139,12,17,1,169,0,0,70,6,76,139,12,87,7,245,32,0,32,277
07/21/2002,ELP,TX,ASW,WE,Towers with Radar,125,22,28,5,180,11,0,47,0,58,136,22,75,5,238,16,0,16,254
07/22/2002,ELP,TX,ASW,WE,Towers with Radar,163,23,36,9,231,0,0,87,1,88,163,23,123,10,319,20,0,20,339
07/23/2002,ELP,TX,ASW,WE,Towers with Radar,173,38,33,11,255,0,4,92,2,98,173,42,125,13,353,28,0,28,381
07/24/2002,ELP,TX,ASW,WE,Towers with Radar,172,27,41,0,240,0,5,126,0,131,172,32,167,0,371,42,0,42,413
07/25/2002,ELP,TX,ASW,WE,Towers with Radar,174,35,42,6,257,0,5,122,0,127,174,40,164,6,384,38,0,38,422
07/26/2002,ELP,TX,ASW,WE,Towers with Radar,172,33,25,9,239,0,3,92,1,96,172,36,117,10,335,4,10,14,349
07/27/2002,ELP,TX,ASW,WE,Towers with Radar,140,21,13,1,175,0,0,58,6,64,140,21,71,7,239,6,8,14,253
07/28/2002,ELP,TX,ASW,WE,Towers with Radar,147,17,16,6,186,0,3,49,2,54,147,20,65,8,240,16,0,16,256
07/29/2002,ELP,TX,ASW,WE,Towers with Radar,162,30,36,5,233,0,4,91,0,95,162,34,127,5,328,2,0,2,330
07/30/2002,ELP,TX,ASW,WE,Towers with Radar,173,31,37,8,249,8,0,86,0,94,181,31,123,8,343,28,0,28,371
07/31/2002,ELP,TX,ASW,WE,Towers with Radar,170,34,62,0,266,0,5,96,4,105,170,39,158,4,371,10,0,10,381
08/01/2002,ELP,TX,ASW,WE,Towers with Radar,175,43,57,2,277,1,3,103,1,108,176,46,160,3,385,8,2,10,395
08/02/2002,ELP,TX,ASW,WE,Towers with Radar,174,34,32,5,245,0,24,35,0,59,174,58,67,5,304,0,0,0,304
08/03/2002,ELP,TX,ASW,WE,Towers with Radar,141,17,19,0,177,1,0,64,1,66,142,17,83,1,243,20,0,20,263
08/04/2002,ELP,TX,ASW,WE,Towers with Radar,147,12,26,4,189,0,0,63,1,64,147,12,89,5,253,2,0,2,255
08/05/2002,ELP,TX,ASW,WE,Towers with Radar,163,35,22,4,224,0,0,85,1,86,163,35,107,5,310,30,0,30,340
08/06/2002,ELP,TX,ASW,WE,Towers with Radar,176,35,32,6,249,0,8,117,0,125,176,43,149,6,374,62,0,62,436
08/07/2002,ELP,TX,ASW,WE,Towers with Radar,166,32,31,3,232,4,4,105,0,113,170,36,136,3,345,12,0,12,357
08/08/2002,ELP,TX,ASW,WE,Towers with Radar,174,37,37,8,256,0,1,104,4,109,174,38,141,12,365,10,0,10,375
08/09/2002,ELP,TX,ASW,WE,Towers with Radar,164,38,40,13,255,0,0,93,3,96,164,38,133,16,351,20,0,20,371
08/10/2002,ELP,TX,ASW,WE,Towers with Radar,132,15,18,1,166,0,0,58,1,59,132,15,76,2,225,30,0,30,255
08/11/2002,ELP,TX,ASW,WE,Towers with Radar,148,20,19,16,203,0,0,68,6,74,148,20,87,22,277,8,0,8,285
08/12/2002,ELP,TX,ASW,WE,Towers with Radar,152,18,24,6,200,1,0,80,1,82,153,18,104,7,282,18,0,18,300
08/13/2002,ELP,TX,ASW,WE,Towers with Radar,169,35,33,8,245,0,4,102,3,109,169,39,135,11,354,6,0,6,360
08/14/2002,ELP,TX,ASW,WE,Towers with Radar,163,45,45,3,256,1,1,125,2,129,164,46,170,5,385,22,0,22,407
08/15/2002,ELP,TX,ASW,WE,Towers with Radar,169,37,36,8,250,0,20,90,23,133,169,57,126,31,383,78,6,84,467
08/16/2002,ELP,TX,ASW,WE,Towers with Radar,176,43,17,11,247,1,0,71,5,77,177,43,88,16,324,0,0,0,324
08/17/2002,ELP,TX,ASW,WE,Towers with Radar,138,16,17,6,177,1,0,48,3,52,139,16,65,9,229,18,0,18,247
08/18/2002,ELP,TX,ASW,WE,Towers with Radar,145,17,18,6,186,1,0,56,0,57,146,17,74,6,243,0,0,0,243
08/19/2002,ELP,TX,ASW,WE,Towers with Radar,147,28,27,0,202,10,0,48,0,58,157,28,75,0,260,10,0,10,270
08/20/2002,ELP,TX,ASW,WE,Towers with Radar,172,33,32,4,241,0,0,60,0,60,172,33,92,4,301,38,0,38,339
08/21/2002,ELP,TX,ASW,WE,Towers with Radar,171,31,31,6,239,3,4,95,2,104,174,35,126,8,343,0,4,4,347
08/22/2002,ELP,TX,ASW,WE,Towers with Radar,173,27,44,10,254,1,3,124,0,128,174,30,168,10,382,30,0,30,412
08/23/2002,ELP,TX,ASW,WE,Towers with Radar,173,32,42,12,259,1,2,101,1,105,174,34,143,13,364,36,0,36,400
08/24/2002,ELP,TX,ASW,WE,Towers with Radar,134,11,21,0,166,1,0,70,2,73,135,11,91,2,239,13,0,13,252
08/25/2002,ELP,TX,ASW,WE,Towers with Radar,143,12,31,10,196,1,0,70,0,71,144,12,101,10,267,0,0,0,267
08/26/2002,ELP,TX,ASW,WE,Towers with Radar,155,21,38,8,222,1,3,91,4,99,156,24,129,12,321,16,0,16,337
08/27/2002,ELP,TX,ASW,WE,Towers with Radar,166,31,30,3,230,12,2,119,0,133,178,33,149,3,363,24,0,24,387
08/28/2002,ELP,TX,ASW,WE,Towers with Radar,176,28,37,3,244,0,2,85,1,88,176,30,122,4,332,58,8,66,398
08/29/2002,ELP,TX,ASW,WE,Towers with Radar,176,43,52,7,278,0,1,106,1,108,176,44,158,8,386,2,0,2,388
08/30/2002,ELP,TX,ASW,WE,Towers with Radar,171,34,16,7,228,0,0,101,1,102,171,34,117,8,330,0,0,0,330
08/31/2002,ELP,TX,ASW,WE,Towers with Radar,132,21,22,0,175,0,0,75,1,76,132,21,97,1,251,0,0,0,251
09/01/2002,ELP,TX,ASW,WE,Towers with Radar,90,11,24,5,130,23,0,47,0,70,113,11,71,5,200,16,0,16,216
09/02/2002,ELP,TX,ASW,WE,Towers with Radar,137,5,22,8,172,0,4,60,2,66,137,9,82,10,238,0,0,0,238
09/03/2002,ELP,TX,ASW,WE,Towers with Radar,158,21,41,5,225,8,0,97,0,105,166,21,138,5,330,8,0,8,338
09/04/2002,ELP,TX,ASW,WE,Towers with Radar,164,23,43,9,239,8,0,96,8,112,172,23,139,17,351,0,20,20,371
09/05/2002,ELP,TX,ASW,WE,Towers with Radar,167,22,36,12,237,1,7,93,1,102,168,29,129,13,339,0,0,0,339
09/06/2002,ELP,TX,ASW,WE,Towers with Radar,170,29,41,16,256,1,5,100,0,106,171,34,141,16,362,0,0,0,362
09/07/2002,ELP,TX,ASW,WE,Towers with Radar,134,18,31,4,187,1,1,84,1,87,135,19,115,5,274,10,0,10,284
09/08/2002,ELP,TX,ASW,WE,Towers with Radar,144,6,44,20,214,1,2,54,3,60,145,8,98,23,274,70,22,92,366
09/09/2002,ELP,TX,ASW,WE,Towers with Radar,163,30,44,10,247,0,0,55,15,70,163,30,99,25,317,30,0,30,347
09/10/2002,ELP,TX,ASW,WE,Towers with Radar,165,34,46,10,255,0,8,101,4,113,165,42,147,14,368,24,0,24,392
09/11/2002,ELP,TX,ASW,WE,Towers with Radar,148,31,54,4,237,1,5,80,3,89,149,36,134,7,326,22,0,22,348
09/12/2002,ELP,TX,ASW,WE,Towers with Radar,165,37,50,10,262,0,30,116,7,153,165,67,166,17,415,24,0,24,439
09/13/2002,ELP,TX,ASW,WE,Towers with Radar,167,45,58,14,284,1,2,89,1,93,168,47,147,15,377,14,0,14,391
09/14/2002,ELP,TX,ASW,WE,Towers with Radar,132,18,23,0,173,1,0,62,1,64,133,18,85,1,237,20,0,20,257
09/15/2002,ELP,TX,ASW,WE,Towers with Radar,144,11,31,14,200,1,0,79,1,81,145,11,110,15,281,30,0,30,311
09/16/2002,ELP,TX,ASW,WE,Towers with Radar,156,32,37,9,234,1,6,67,2,76,157,38,104,11,310,12,0,12,322
09/17/2002,ELP,TX,ASW,WE,Towers with Radar,170,39,57,0,266,1,20,84,5,110,171,59,141,5,376,26,0,26,402
09/18/2002,ELP,TX,ASW,WE,Towers with Radar,176,55,44,8,283,1,20,49,7,77,177,75,93,15,360,18,0,18,378
09/19/2002,ELP,TX,ASW,WE,Towers with Radar,181,54,70,18,323,1,15,82,6,104,182,69,152,24,427,8,26,34,461
09/20/2002,ELP,TX,ASW,WE,Towers with Radar,168,48,39,9,264,1,8,102,6,117,169,56,141,15,381,22,2,24,405
09/21/2002,ELP,TX,ASW,WE,Towers with Radar,134,31,26,0,191,1,1,81,5,88,135,32,107,5,279,34,0,34,313
09/22/2002,ELP,TX,ASW,WE,Towers with Radar,127,25,33,7,192,12,1,52,4,69,139,26,85,11,261,10,0,10,271
09/23/2002,ELP,TX,ASW,WE,Towers with Radar,162,28,35,7,232,1,14,79,13,107,163,42,114,20,339,24,0,24,363
09/24/2002,ELP,TX,ASW,WE,Towers with Radar,176,37,49,10,272,0,30,119,5,154,176,67,168,15,426,32,4,36,462
09/25/2002,ELP,TX,ASW,WE,Towers with Radar,179,37,44,9,269,0,15,77,16,108,179,52,121,25,377,32,0,32,409
09/26/2002,ELP,TX,ASW,WE,Towers with Radar,184,39,37,2,262,0,12,82,17,111,184,51,119,19,373,0,0,0,373
09/27/2002,ELP,TX,ASW,WE,Towers with Radar,177,48,54,4,283,0,18,78,8,104,177,66,132,12,387,0,0,0,387
09/28/2002,ELP,TX,ASW,WE,Towers with Radar,135,24,17,0,176,0,2,73,7,82,135,26,90,7,258,4,0,4,262
09/29/2002,ELP,TX,ASW,WE,Towers with Radar,139,22,35,6,202,0,2,72,4,78,139,24,107,10,280,18,0,18,298
09/30/2002,ELP,TX,ASW,WE,Towers with Radar,166,33,34,3,236,0,12,62,3,77,166,45,96,6,313,6,0,6,319
10/01/2002,ELP,TX,ASW,WE,Towers with Radar,176,57,34,5,272,1,19,83,5,108,177,76,117,10,380,0,0,0,380
10/02/2002,ELP,TX,ASW,WE,Towers with Radar,177,53,50,24,304,0,21,83,6,110,177,74,133,30,414,32,4,36,450
10/03/2002,ELP,TX,ASW,WE,Towers with Radar,180,60,40,27,307,0,17,98,2,117,180,77,138,29,424,24,32,56,480
10/04/2002,ELP,TX,ASW,WE,Towers with Radar,169,44,54,25,292,0,18,97,12,127,169,62,151,37,419,18,0,18,437
10/05/2002,ELP,TX,ASW,WE,Towers with Radar,133,36,15,15,199,0,5,68,3,76,133,41,83,18,275,68,0,68,343
10/06/2002,ELP,TX,ASW,WE,Towers with Radar,140,21,32,24,217,0,3,71,5,79,140,24,103,29,296,20,4,24,320
10/07/2002,ELP,TX,ASW,WE,Towers with Radar,160,38,16,0,214,0,8,37,3,48,160,46,53,3,262,0,0,0,262
10/08/2002,ELP,TX,ASW,WE,Towers with Radar,175,66,54,1,296,0,15,69,9,93,175,81,123,10,389,6,8,14,403
10/09/2002,ELP,TX,ASW,WE,Towers with Radar,179,54,33,5,271,0,9,79,18,106,179,63,112,23,377,0,6,6,383
10/10/2002,ELP,TX,ASW,WE,Towers with Radar,175,63,48,10,296,0,16,86,4,106,175,79,134,14,402,0,12,12,414
10/11/2002,ELP,TX,ASW,WE,Towers with Radar,171,57,48,46,322,0,5,55,1,61,171,62,103,47,383,8,52,60,443
10/12/2002,ELP,TX,ASW,WE,Towers with Radar,137,14,35,0,186,0,1,64,2,67,137,15,99,2,253,28,0,28,281
10/13/2002,ELP,TX,ASW,WE,Towers with Radar,138,7,27,3,175,0,1,33,5,39,138,8,60,8,214,0,0,0,214
10/14/2002,ELP,TX,ASW,WE,Towers with Radar,170,32,44,6,252,0,1,72,4,77,170,33,116,10,329,14,0,14,343
10/15/2002,ELP,TX,ASW,WE,Towers with Radar,165,39,43,6,253,10,1,101,0,112,175,40,144,6,365,0,0,0,365
10/16/2002,ELP,TX,ASW,WE,Towers with Radar,168,43,43,5,259,0,3,96,3,102,168,46,139,8,361,36,0,36,397
10/17/2002,ELP,TX,ASW,WE,Towers with Radar,179,40,43,16,278,0,5,69,0,74,179,45,112,16,352,20,0,20,372
10/18/2002,ELP,TX,ASW,WE,Towers with Radar,174,40,32,24,270,0,2,57,2,61,174,42,89,26,331,24,4,28,359
10/19/2002,ELP,TX,ASW,WE,Towers with Radar,138,28,27,1,194,0,1,79,1,81,138,29,106,2,275,34,0,34,309
10/20/2002,ELP,TX,ASW,WE,Towers with Radar,139,7,31,6,183,0,0,77,2,79,139,7,108,8,262,60,0,60,322
10/21/2002,ELP,TX,ASW,WE,Towers with Radar,161,23,48,15,247,0,2,42,4,48,161,25,90,19,295,0,2,2,297
10/22/2002,ELP,TX,ASW,WE,Towers with Radar,177,42,46,15,280,4,3,93,0,100,181,45,139,15,380,32,6,38,418
10/23/2002,ELP,TX,ASW,WE,Towers with Radar,171,38,74,28,311,0,3,99,4,106,171,41,173,32,417,8,40,48,465
10/24/2002,ELP,TX,ASW,WE,Towers with Radar,169,44,52,9,274,0,3,65,0,68,169,47,117,9,342,2,0,2,344
10/25/2002,ELP,TX,ASW,WE,Towers with Radar,165,45,38,76,324,0,5,95,6,106,165,50,133,82,430,34,48,82,512
10/26/2002,ELP,TX,ASW,WE,Towers with Radar,134,16,30,9,189,0,0,33,0,33,134,16,63,9,222,0,0,0,222
10/27/2002,ELP,TX,ASW,WE,Towers with Radar,130,18,61,27,236,0,0,38,2,40,130,18,99,29,276,4,0,4,280
10/28/2002,ELP,TX,ASW,WE,Towers with Radar,155,35,41,16,247,0,0,77,1,78,155,35,118,17,325,0,2,2,327
10/29/2002,ELP,TX,ASW,WE,Towers with Radar,180,32,44,18,274,0,4,90,7,101,180,36,134,25,375,8,0,8,383
10/30/2002,ELP,TX,ASW,WE,Towers with Radar,171,44,69,10,294,0,5,101,13,119,171,49,170,23,413,6,0,6,419
10/31/2002,ELP,TX,ASW,WE,Towers with Radar,168,44,55,17,284,0,5,53,2,60,168,49,108,19,344,44,0,44,388
11/01/2002,ELP,TX,ASW,WE,Towers with Radar,169,34,49,27,279,1,0,53,0,54,170,34,102,27,333,22,0,22,355
11/02/2002,ELP,TX,ASW,WE,Towers with Radar,128,14,54,5,201,0,0,33,0,33,128,14,87,5,234,10,0,10,244
11/03/2002,ELP,TX,ASW,WE,Towers with Radar,123,11,25,14,173,0,0,68,0,68,123,11,93,14,241,22,0,22,263
11/04/2002,ELP,TX,ASW,WE,Towers with Radar,161,17,41,8,227,0,0,45,0,45,161,17,86,8,272,0,0,0,272
11/05/2002,ELP,TX,ASW,WE,Towers with Radar,138,28,36,9,211,0,0,107,4,111,138,28,143,13,322,28,2,30,352
11/06/2002,ELP,TX,ASW,WE,Towers with Radar,168,33,42,8,251,0,9,113,0,122,168,42,155,8,373,8,0,8,381
11/07/2002,ELP,TX,ASW,WE,Towers with Radar,173,29,44,3,249,0,4,106,3,113,173,33,150,6,362,0,17,17,379
11/08/2002,ELP,TX,ASW,WE,Towers with Radar,172,33,49,14,268,1,2,69,1,73,173,35,118,15,341,6,0,6,347
11/09/2002,ELP,TX,ASW,WE,Towers with Radar,124,9,22,2,157,1,0,37,2,40,125,9,59,4,197,0,12,12,209
11/10/2002,ELP,TX,ASW,WE,Towers with Radar,125,14,19,2,160,1,0,34,2,37,126,14,53,4,197,12,0,12,209
11/11/2002,ELP,TX,ASW,WE,Towers with Radar,158,14,38,15,225,1,0,79,3,83,159,14,117,18,308,6,0,6,314
11/12/2002,ELP,TX,ASW,WE,Towers with Radar,166,29,42,12,249,0,0,95,21,116,166,29,137,33,365,28,0,28,393
11/13/2002,ELP,TX,ASW,WE,Towers with Radar,165,33,49,1,248,1,3,90,2,96,166,36,139,3,344,6,0,6,350
11/14/2002,ELP,TX,ASW,WE,Towers with Radar,149,37,49,4,239,1,5,73,1,80,150,42,122,5,319,12,0,12,331
11/15/2002,ELP,TX,ASW,WE,Towers with Radar,160,31,38,28,257,1,3,49,3,56,161,34,87,31,313,0,8,8,321
11/16/2002,ELP,TX,ASW,WE,Towers with Radar,108,14,18,12,152,1,0,47,1,49,109,14,65,13,201,8,0,8,209
11/17/2002,ELP,TX,ASW,WE,Towers with Radar,131,15,30,11,187,1,0,52,5,58,132,15,82,16,245,0,4,4,249
11/18/2002,ELP,TX,ASW,WE,Towers with Radar,61,9,12,5,87,1,1,32,0,34,62,10,44,5,121,10,0,10,131
11/19/2002,ELP,TX,ASW,WE,Towers with Radar,160,32,41,12,245,0,1,116,0,117,160,33,157,12,362,14,18,32,394
11/20/2002,ELP,TX,ASW,WE,Towers with Radar,152,29,37,3,221,15,2,96,0,113,167,31,133,3,334,18,0,18,352
11/21/2002,ELP,TX,ASW,WE,Towers with Radar,153,29,37,11,230,6,5,78,8,97,159,34,115,19,327,14,0,14,341
11/22/2002,ELP,TX,ASW,WE,Towers with Radar,171,34,46,14,265,0,0,88,15,103,171,34,134,29,368,18,0,18,386
11/23/2002,ELP,TX,ASW,WE,Towers with Radar,107,18,25,4,154,16,0,78,0,94,123,18,103,4,248,4,0,4,252
11/24/2002,ELP,TX,ASW,WE,Towers with Radar,130,9,25,23,187,0,0,60,2,62,130,9,85,25,249,10,2,12,261
11/25/2002,ELP,TX,ASW,WE,Towers with Radar,164,33,36,4,237,0,1,53,3,57,164,34,89,7,294,4,6,10,304
11/26/2002,ELP,TX,ASW,WE,Towers with Radar,168,32,41,0,241,0,19,45,0,64,168,51,86,0,305,12,0,12,317
11/27/2002,ELP,TX,ASW,WE,Towers with Radar,144,67,36,4,251,0,3,58,0,61,144,70,94,4,312,16,0,16,328
11/28/2002,ELP,TX,ASW,WE,Towers with Radar,85,23,12,0,120,0,1,37,0,38,85,24,49,0,158,20,0,20,178
11/29/2002,ELP,TX,ASW,WE,Towers with Radar,102,19,24,6,151,0,19,35,0,54,102,38,59,6,205,20,0,20,225
11/30/2002,ELP,TX,ASW,WE,Towers with Radar,92,38,20,2,152,0,0,61,2,63,92,38,81,4,215,2,4,6,221
12/01/2002,ELP,TX,ASW,WE,Towers with Radar,103,34,30,3,170,1,0,52,1,54,104,34,82,4,224,0,0,0,224
12/02/2002,ELP,TX,ASW,WE,Towers with Radar,131,48,47,19,245,0,0,49,12,61,131,48,96,31,306,0,0,0,306
12/03/2002,ELP,TX,ASW,WE,Towers with Radar,139,59,32,13,243,0,0,36,1,37,139,59,68,14,280,0,16,16,296
12/04/2002,ELP,TX,ASW,WE,Towers with Radar,143,58,61,22,284,0,1,86,1,88,143,59,147,23,372,8,58,66,438
12/05/2002,ELP,TX,ASW,WE,Towers with Radar,147,61,54,24,286,1,0,95,1,97,148,61,149,25,383,22,0,22,405
12/06/2002,ELP,TX,ASW,WE,Towers with Radar,135,47,50,13,245,0,3,81,2,86,135,50,131,15,331,0,0,0,331
12/07/2002,ELP,TX,ASW,WE,Towers with Radar,94,32,40,3,169,0,0,84,2,86,94,32,124,5,255,18,0,18,273
12/08/2002,ELP,TX,ASW,WE,Towers with Radar,104,39,22,28,193,0,0,33,3,36,104,39,55,31,229,0,0,0,229
12/09/2002,ELP,TX,ASW,WE,Towers with Radar,126,47,34,9,216,0,9,64,5,78,126,56,98,14,294,28,2,30,324
12/10/2002,ELP,TX,ASW,WE,Towers with Radar,147,59,42,12,260,0,5,109,7,121,147,64,151,19,381,4,8,12,393
12/11/2002,ELP,TX,ASW,WE,Towers with Radar,143,49,51,10,253,0,3,95,4,102,143,52,146,14,355,24,0,24,379
12/12/2002,ELP,TX,ASW,WE,Towers with Radar,151,63,54,18,286,0,2,87,2,91,151,65,141,20,377,12,0,12,389
12/13/2002,ELP,TX,ASW,WE,Towers with Radar,142,48,29,22,241,0,2,88,2,92,142,50,117,24,333,14,4,18,351
12/14/2002,ELP,TX,ASW,WE,Towers with Radar,93,32,23,3,151,0,0,76,1,77,93,32,99,4,228,36,2,38,266
12/15/2002,ELP,TX,ASW,WE,Towers with Radar,101,41,22,29,193,0,0,61,3,64,101,41,83,32,257,18,0,18,275
12/16/2002,ELP,TX,ASW,WE,Towers with Radar,126,49,30,2,207,0,4,93,2,99,126,53,123,4,306,6,0,6,312
12/17/2002,ELP,TX,ASW,WE,Towers with Radar,143,51,26,9,229,0,4,32,1,37,143,55,58,10,266,0,0,0,266
12/18/2002,ELP,TX,ASW,WE,Towers with Radar,141,51,36,3,231,1,5,25,0,31,142,56,61,3,262,0,0,0,262
12/19/2002,ELP,TX,ASW,WE,Towers with Radar,98,35,18,2,153,0,2,71,1,74,98,37,89,3,227,44,32,76,303
12/20/2002,ELP,TX,ASW,WE,Towers with Radar,139,63,33,20,255,0,3,97,4,104,139,66,130,24,359,4,30,34,393
12/21/2002,ELP,TX,ASW,WE,Towers with Radar,92,46,40,0,178,0,1,58,8,67,92,47,98,8,245,34,0,34,279
12/22/2002,ELP,TX,ASW,WE,Towers with Radar,106,37,16,0,159,0,0,63,2,65,106,37,79,2,224,26,0,26,250
12/23/2002,ELP,TX,ASW,WE,Towers with Radar,129,37,12,0,178,0,0,18,1,19,129,37,30,1,197,0,0,0,197
12/24/2002,ELP,TX,ASW,WE,Towers with Radar,94,34,24,1,153,11,7,14,0,32,105,41,38,1,185,0,0,0,185
12/25/2002,ELP,TX,ASW,WE,Towers with Radar,92,27,1,0,120,0,0,18,0,18,92,27,19,0,138,0,0,0,138
12/26/2002,ELP,TX,ASW,WE,Towers with Radar,143,50,37,0,230,0,2,67,0,69,143,52,104,0,299,10,0,10,309
12/27/2002,ELP,TX,ASW,WE,Towers with Radar,133,35,24,0,192,0,5,57,1,63,133,40,81,1,255,20,0,20,275
12/28/2002,ELP,TX,ASW,WE,Towers with Radar,91,36,34,0,161,0,0,56,4,60,91,36,90,4,221,0,0,0,221
12/29/2002,ELP,TX,ASW,WE,Towers with Radar,99,33,26,6,164,13,0,37,0,50,112,33,63,6,214,2,0,2,216
12/30/2002,ELP,TX,ASW,WE,Towers with Radar,122,35,21,0,178,0,2,40,2,44,122,37,61,2,222,0,0,0,222
12/31/2002,ELP,TX,ASW,WE,Towers with Radar,128,31,25,3,187,0,3,68,2,73,128,34,93,5,260,10,0,10,270
01/01/2003,ELP,TX,ASW,WE,Towers with Radar,96,30,22,1,149,3,0,31,2,36,99,30,53,3,185,0,0,0,185
01/02/2003,ELP,TX,ASW,WE,Towers with Radar,130,52,25,3,210,1,1,78,5,85,131,53,103,8,295,0,0,0,295
01/03/2003,ELP,TX,ASW,WE,Towers with Radar,131,50,29,21,231,1,4,83,6,94,132,54,112,27,325,0,0,0,325
01/04/2003,ELP,TX,ASW,WE,Towers with Radar,94,45,37,0,176,1,0,55,0,56,95,45,92,0,232,0,0,0,232
01/05/2003,ELP,TX,ASW,WE,Towers with Radar,108,44,46,9,207,0,11,63,1,75,108,55,109,10,282,20,2,22,304
01/06/2003,ELP,TX,ASW,WE,Towers with Radar,123,42,33,11,209,1,12,35,2,50,124,54,68,13,259,0,0,0,259
01/07/2003,ELP,TX,ASW,WE,Towers with Radar,133,53,55,6,247,0,28,41,0,69,133,81,96,6,316,0,0,0,316
01/08/2003,ELP,TX,ASW,WE,Towers with Radar,94,33,36,1,164,1,0,68,4,73,95,33,104,5,237,30,0,30,267
01/09/2003,ELP,TX,ASW,WE,Towers with Radar,128,49,56,0,233,1,5,70,2,78,129,54,126,2,311,2,0,2,313
01/10/2003,ELP,TX,ASW,WE,Towers with Radar,139,45,42,25,251,0,2,81,3,86,139,47,123,28,337,0,8,8,345
01/11/2003,ELP,TX,ASW,WE,Towers with Radar,88,30,29,11,158,0,0,69,6,75,88,30,98,17,233,14,8,22,255
01/12/2003,ELP,TX,ASW,WE,Towers with Radar,107,25,36,23,191,0,0,80,5,85,107,25,116,28,276,22,8,30,306
01/13/2003,ELP,TX,ASW,WE,Towers with Radar,128,43,40,11,222,0,1,57,4,62,128,44,97,15,284,10,0,10,294
01/14/2003,ELP,TX,ASW,WE,Towers with Radar,131,44,48,10,233,4,2,69,0,75,135,46,117,10,308,14,0,14,322
01/15/2003,ELP,TX,ASW,WE,Towers with Radar,135,43,58,32,268,0,2,66,6,74,135,45,124,38,342,4,0,4,346
01/16/2003,ELP,TX,ASW,WE,Towers with Radar,143,41,46,12,242,0,4,100,8,112,143,45,146,20,354,4,0,4,358
01/17/2003,ELP,TX,ASW,WE,Towers with Radar,139,45,41,50,275,0,8,102,4,114,139,53,143,54,389,12,0,12,401
01/18/2003,ELP,TX,ASW,WE,Towers with Radar,82,35,32,1,150,1,0,72,1,74,83,35,104,2,224,28,0,28,252
01/19/2003,ELP,TX,ASW,WE,Towers with Radar,111,30,27,5,173,1,0,64,3,68,112,30,91,8,241,16,0,16,257
01/20/2003,ELP,TX,ASW,WE,Towers with Radar,122,29,34,1,186,1,2,59,5,67,123,31,93,6,253,2,0,2,255
01/21/2003,ELP,TX,ASW,WE,Towers with Radar,137,39,51,8,235,0,0,98,0,98,137,39,149,8,333,32,0,32,365
01/22/2003,ELP,TX,ASW,WE,Towers with Radar,131,38,57,6,232,1,3,99,6,109,132,41,156,12,341,18,0,18,359
01/23/2003,ELP,TX,ASW,WE,Towers with Radar,143,47,77,17,284,1,6,102,6,115,144,53,179,23,399,0,14,14,413
01/24/2003,ELP,TX,ASW,WE,Towers with Radar,137,41,64,0,242,1,3,81,0,85,138,44,145,0,327,20,0,20,347
01/25/2003,ELP,TX,ASW,WE,Towers with Radar,81,31,38,0,150,1,0,62,10,73,82,31,100,10,223,34,6,40,263
01/26/2003,ELP,TX,ASW,WE,Towers with Radar,103,32,29,1,165,1,0,59,2,62,104,32,88,3,227,12,0,12,239
01/27/2003,ELP,TX,ASW,WE,Towers with Radar,130,42,45,1,218,1,5,81,14,101,131,47,126,15,319,6,0,6,325
01/28/2003,ELP,TX,ASW,WE,Towers with Radar,123,42,44,2,211,16,0,90,0,106,139,42,134,2,317,16,2,18,335
01/29/2003,ELP,TX,ASW,WE,Towers with Radar,133,45,61,4,243,1,5,98,3,107,134,50,159,7,350,38,0,38,388
01/30/2003,ELP,TX,ASW,WE,Towers with Radar,138,46,45,0,229,1,4,97,1,103,139,50,142,1,332,20,0,20,352
01/31/2003,ELP,TX,ASW,WE,Towers with Radar,130,38,28,19,215,1,3,75,1,80,131,41,103,20,295,16,2,18,313
02/01/2003,ELP,TX,ASW,WE,Towers with Radar,82,36,24,15,157,2,0,93,1,96,84,36,117,16,253,30,10,40,293
02/02/2003,ELP,TX,ASW,WE,Towers with Radar,107,35,34,13,189,1,0,22,10,33,108,35,56,23,222,4,0,4,226
02/03/2003,ELP,TX,ASW,WE,Towers with Radar,129,42,36,24,231,0,2,67,2,71,129,44,103,26,302,12,22,34,336
02/04/2003,ELP,TX,ASW,WE,Towers with Radar,138,50,40,5,233,0,9,101,0,110,138,59,141,5,343,44,2,46,389
02/05/2003,ELP,TX,ASW,WE,Towers with Radar,128,49,49,15,241,0,6,71,2,79,128,55,120,17,320,20,20,40,360
02/06/2003,ELP,TX,ASW,WE,Towers with Radar,137,46,42,27,252,0,6,99,6,111,137,52,141,33,363,4,26,30,393
02/07/2003,ELP,TX,ASW,WE,Towers with Radar,137,49,40,10,236,0,2,69,0,71,137,51,109,10,307,6,0,6,313
02/08/2003,ELP,TX,ASW,WE,Towers with Radar,84,29,23,8,144,0,0,7,1,8,84,29,30,9,152,2,0,2,154
02/09/2003,ELP,TX,ASW,WE,Towers with Radar,108,41,23,20,192,0,0,53,2,55,108,41,76,22,247,8,4,12,259
02/10/2003,ELP,TX,ASW,WE,Towers with Radar,132,44,42,15,233,0,7,63,2,72,132,51,105,17,305,44,0,44,349
02/11/2003,ELP,TX,ASW,WE,Towers with Radar,133,49,44,20,246,0,8,110,4,122,133,57,154,24,368,0,6,6,374
02/12/2003,ELP,TX,ASW,WE,Towers with Radar,134,50,60,0,244,0,5,97,6,108,134,55,157,6,352,0,10,10,362
02/13/2003,ELP,TX,ASW,WE,Towers with Radar,134,41,58,4,237,0,4,70,1,75,134,45,128,5,312,0,12,12,324
02/14/2003,ELP,TX,ASW,WE,Towers with Radar,148,49,33,12,242,0,1,59,1,61,148,50,92,13,303,20,4,24,327
02/15/2003,ELP,TX,ASW,WE,Towers with Radar,84,29,33,2,148,0,0,72,1,73,84,29,105,3,221,24,6,30,251
02/16/2003,ELP,TX,ASW,WE,Towers with Radar,115,23,23,4,165,0,0,93,0,93,115,23,116,4,258,8,0,8,266
02/17/2003,ELP,TX,ASW,WE,Towers with Radar,126,42,28,9,205,0,2,74,0,76,126,44,102,9,281,0,0,0,281
02/18/2003,ELP,TX,ASW,WE,Towers with Radar,139,47,43,10,239,4,6,38,0,48,143,53,81,10,287,48,10,58,345
02/19/2003,ELP,TX,ASW,WE,Towers with Radar,144,43,55,5,247,0,6,71,5,82,144,49,126,10,329,16,0,16,345
02/20/2003,ELP,TX,ASW,WE,Towers with Radar,142,44,40,33,259,0,0,36,1,37,142,44,76,34,296,0,0,0,296
02/21/2003,ELP,TX,ASW,WE,Towers with Radar,137,47,42,17,243,0,11,32,7,50,137,58,74,24,293,12,0,12,305
02/22/2003,ELP,TX,ASW,WE,Towers with Radar,84,25,43,6,158,0,0,49,6,55,84,25,92,12,213,12,0,12,225
02/23/2003,ELP,TX,ASW,WE,Towers with Radar,116,35,36,6,193,1,0,85,0,86,117,35,121,6,279,0,0,0,279
02/24/2003,ELP,TX,ASW,WE,Towers with Radar,135,35,37,61,268,0,2,89,1,92,135,37,126,62,360,2,2,4,364
02/25/2003,ELP,TX,ASW,WE,Towers with Radar,128,41,35,11,215,0,4,69,0,73,128,45,104,11,288,0,8,8,296
02/26/2003,ELP,TX,ASW,WE,Towers with Radar,142,55,38,31,266,0,2,44,0,46,142,57,82,31,312,32,8,40,352
02/27/2003,ELP,TX,ASW,WE,Towers with Radar,142,70,54,4,270,0,7,81,1,89,142,77,135,5,359,18,0,18,377
02/28/2003,ELP,TX,ASW,WE,Towers with Radar,139,47,47,18,251,0,5,82,2,89,139,52,129,20,340,26,6,32,372
03/01/2003,ELP,TX,ASW,WE,Towers with Radar,79,35,30,1,145,0,1,50,0,51,79,36,80,1,196,8,0,8,204
03/02/2003,ELP,TX,ASW,WE,Towers with Radar,108,31,44,10,193,0,1,71,1,73,108,32,115,11,266,30,0,30,296
03/03/2003,ELP,TX,ASW,WE,Towers with Radar,121,34,47,25,227,0,2,86,3,91,121,36,133,28,318,2,6,8,326
03/04/2003,ELP,TX,ASW,WE,Towers with Radar,138,48,38,17,241,0,5,55,7,67,138,53,93,24,308,0,0,0,308
03/05/2003,ELP,TX,ASW,WE,Towers with Radar,132,50,31,4,217,0,6,84,2,92,132,56,115,6,309,4,6,10,319
03/06/2003,ELP,TX,ASW,WE,Towers with Radar,147,38,43,23,251,0,13,117,7,137,147,51,160,30,388,0,4,4,392
03/07/2003,ELP,TX,ASW,WE,Towers with Radar,144,47,41,12,244,0,6,115,5,126,144,53,156,17,370,34,0,34,404
03/08/2003,ELP,TX,ASW,WE,Towers with Radar,85,40,40,11,176,0,4,92,13,109,85,44,132,24,285,68,0,68,353
03/09/2003,ELP,TX,ASW,WE,Towers with Radar,109,33,36,11,189,1,1,75,16,93,110,34,111,27,282,10,0,10,292
03/10/2003,ELP,TX,ASW,WE,Towers with Radar,126,34,38,20,218,0,7,65,7,79,126,41,103,27,297,6,0,6,303
03/11/2003,ELP,TX,ASW,WE,Towers with Radar,139,43,44,5,231,4,9,108,0,121,143,52,152,5,352,10,0,10,362
03/12/2003,ELP,TX,ASW,WE,Towers with Radar,137,42,56,24,259,0,7,109,1,117,137,49,165,25,376,0,18,18,394
03/13/2003,ELP,TX,ASW,WE,Towers with Radar,138,36,45,22,241,0,6,77,8,91,138,42,122,30,332,0,0,0,332
03/14/2003,ELP,TX,ASW,WE,Towers with Radar,140,38,33,8,219,0,5,87,6,98,140,43,120,14,317,28,0,28,345
03/15/2003,ELP,TX,ASW,WE,Towers with Radar,81,37,31,12,161,0,1,77,4,82,81,38,108,16,243,8,0,8,251
03/16/2003,ELP,TX,ASW,WE,Towers with Radar,110,32,22,8,172,0,1,26,5,32,110,33,48,13,204,2,6,8,212
03/17/2003,ELP,TX,ASW,WE,Towers with Radar,131,34,34,11,210,0,3,36,1,40,131,37,70,12,250,0,0,0,250
03/18/2003,ELP,TX,ASW,WE,Towers with Radar,142,37,46,14,239,3,0,33,9,45,145,37,79,23,284,0,0,0,284
03/19/2003,ELP,TX,ASW,WE,Towers with Radar,137,38,45,19,239,0,7,47,0,54,137,45,92,19,293,2,0,2,295
03/20/2003,ELP,TX,ASW,WE,Towers with Radar,143,49,44,14,250,0,4,103,1,108,143,53,147,15,358,0,0,0,358
03/21/2003,ELP,TX,ASW,WE,Towers with Radar,139,36,47,17,239,0,3,52,0,55,139,39,99,17,294,4,0,4,298
03/22/2003,ELP,TX,ASW,WE,Towers with Radar,82,25,30,13,150,0,0,73,2,75,82,25,103,15,225,30,0,30,255
03/23/2003,ELP,TX,ASW,WE,Towers with Radar,109,29,40,8,186,0,0,70,8,78,109,29,110,16,264,20,0,20,284
03/24/2003,ELP,TX,ASW,WE,Towers with Radar,108,34,35,3,180,18,3,53,0,74,126,37,88,3,254,10,0,10,264
03/25/2003,ELP,TX,ASW,WE,Towers with Radar,136,48,43,6,233,0,4,84,3,91,136,52,127,9,324,0,18,18,342
03/26/2003,ELP,TX,ASW,WE,Towers with Radar,150,42,54,5,251,0,9,96,3,108,150,51,150,8,359,34,0,34,393
03/27/2003,ELP,TX,ASW,WE,Towers with Radar,146,60,35,9,250,0,6,48,0,54,146,66,83,9,304,10,0,10,314
03/28/2003,ELP,TX,ASW,WE,Towers with Radar,138,43,40,22,243,0,4,53,1,58,138,47,93,23,301,0,0,0,301
03/29/2003,ELP,TX,ASW,WE,Towers with Radar,80,38,36,1,155,0,0,63,0,63,80,38,99,1,218,0,0,0,218
03/30/2003,ELP,TX,ASW,WE,Towers with Radar,110,26,36,14,186,0,0,68,0,68,110,26,104,14,254,22,0,22,276
03/31/2003,ELP,TX,ASW,WE,Towers with Radar,128,42,42,7,219,0,1,104,0,105,128,43,146,7,324,34,0,34,358
04/01/2003,ELP,TX,ASW,WE,Towers with Radar,147,45,24,2,218,0,6,103,0,109,147,51,127,2,327,6,0,6,333
04/02/2003,ELP,TX,ASW,WE,Towers with Radar,138,42,40,1,221,0,9,80,1,90,138,51,120,2,311,22,0,22,333
04/03/2003,ELP,TX,ASW,WE,Towers with Radar,137,39,25,7,208,0,7,54,1,62,137,46,79,8,270,20,0,20,290
04/04/2003,ELP,TX,ASW,WE,Towers with Radar,126,51,40,19,236,0,5,102,2,109,126,56,142,21,345,0,0,0,345
04/05/2003,ELP,TX,ASW,WE,Towers with Radar,87,31,19,21,158,0,0,46,3,49,87,31,65,24,207,0,2,2,209
04/06/2003,ELP,TX,ASW,WE,Towers with Radar,107,29,37,8,181,0,0,57,4,61,107,29,94,12,242,22,4,26,268
04/07/2003,ELP,TX,ASW,WE,Towers with Radar,124,32,24,6,186,0,1,83,2,86,124,33,107,8,272,0,0,0,272
04/08/2003,ELP,TX,ASW,WE,Towers with Radar,139,40,47,5,231,0,4,88,3,95,139,44,135,8,326,36,0,36,362
04/09/2003,ELP,TX,ASW,WE,Towers with Radar,134,39,53,6,232,0,6,79,4,89,134,45,132,10,321,52,0,52,373
04/10/2003,ELP,TX,ASW,WE,Towers with Radar,142,37,47,1,227,0,6,108,5,119,142,43,155,6,346,24,0,24,370
04/11/2003,ELP,TX,ASW,WE,Towers with Radar,134,46,33,6,219,0,7,82,0,89,134,53,115,6,308,16,0,16,324
04/12/2003,ELP,TX,ASW,WE,Towers with Radar,81,37,32,10,160,0,0,67,0,67,81,37,99,10,227,30,0,30,257
04/13/2003,ELP,TX,ASW,WE,Towers with Radar,112,30,35,9,186,0,1,67,1,69,112,31,102,10,255,0,0,0,255
04/14/2003,ELP,TX,ASW,WE,Towers with Radar,128,30,28,7,193,0,3,64,3,70,128,33,92,10,263,6,0,6,269
04/15/2003,ELP,TX,ASW,WE,Towers with Radar,125,29,31,3,188,0,5,21,0,26,125,34,52,3,214,0,0,0,214
04/16/2003,ELP,TX,ASW,WE,Towers with Radar,142,48,46,1,237,0,7,86,2,95,142,55,132,3,332,0,0,0,332
04/17/2003,ELP,TX,ASW,WE,Towers with Radar,133,40,32,0,205,0,3,55,1,59,133,43,87,1,264,0,0,0,264
04/18/2003,ELP,TX,ASW,WE,Towers with Radar,134,32,26,5,197,0,5,84,4,93,134,37,110,9,290,10,6,16,306
04/19/2003,ELP,TX,ASW,WE,Towers with Radar,79,27,26,0,132,0,0,48,0,48,79,27,74,0,180,0,0,0,180
04/20/2003,ELP,TX,ASW,WE,Towers with Radar,112,32,15,9,168,0,0,44,4,48,112,32,59,13,216,0,0,0,216
04/21/2003,ELP,TX,ASW,WE,Towers with Radar,128,36,38,3,205,0,4,56,1,61,128,40,94,4,266,0,0,0,266
04/22/2003,ELP,TX,ASW,WE,Towers with Radar,139,39,36,7,221,0,5,73,3,81,139,44,109,10,302,8,12,20,322
04/23/2003,ELP,TX,ASW,WE,Towers with Radar,133,37,45,9,224,0,7,40,1,48,133,44,85,10,272,56,0,56,328
04/24/2003,ELP,TX,ASW,WE,Towers with Radar,146,32,32,9,219,0,7,65,4,76,146,39,97,13,295,26,0,26,321
04/25/2003,ELP,TX,ASW,WE,Towers with Radar,142,35,27,17,221,0,5,58,5,68,142,40,85,22,289,0,0,0,289
04/26/2003,ELP,TX,ASW,WE,Towers with Radar,82,28,33,4,147,0,3,77,1,81,82,31,110,5,228,28,0,28,256
04/27/2003,ELP,TX,ASW,WE,Towers with Radar,112,24,29,20,185,0,0,84,1,85,112,24,113,21,270,12,0,12,282
04/28/2003,ELP,TX,ASW,WE,Towers with Radar,122,38,20,10,190,0,7,68,0,75,122,45,88,10,265,10,0,10,275
04/29/2003,ELP,TX,ASW,WE,Towers with Radar,139,27,35,2,203,0,8,69,0,77,139,35,104,2,280,34,0,34,314
04/30/2003,ELP,TX,ASW,WE,Towers with Radar,130,41,23,3,197,0,9,71,3,83,130,50,94,6,280,24,0,24,304
05/01/2003,ELP,TX,ASW,WE,Towers with Radar,134,43,36,6,219,0,6,76,1,83,134,49,112,7,302,34,4,38,340
05/02/2003,ELP,TX,ASW,WE,Towers with Radar,140,34,36,7,217,0,3,93,4,100,140,37,129,11,317,20,0,20,337
05/03/2003,ELP,TX,ASW,WE,Towers with Radar,82,20,18,7,127,0,0,55,0,55,82,20,73,7,182,14,0,14,196
05/04/2003,ELP,TX,ASW,WE,Towers with Radar,111,21,19,4,155,0,0,34,0,34,111,21,53,4,189,0,0,0,189
05/05/2003,ELP,TX,ASW,WE,Towers with Radar,125,36,37,7,205,0,3,60,0,63,125,39,97,7,268,4,0,4,272
05/06/2003,ELP,TX,ASW,WE,Towers with Radar,137,32,22,6,197,0,7,57,2,66,137,39,79,8,263,14,0,14,277
05/07/2003,ELP,TX,ASW,WE,Towers with Radar,140,37,38,4,219,0,6,64,0,70,140,43,102,4,289,0,0,0,289
05/08/2003,ELP,TX,ASW,WE,Towers with Radar,138,38,56,6,238,0,7,78,2,87,138,45,134,8,325,20,0,20,345
05/09/2003,ELP,TX,ASW,WE,Towers with Radar,135,36,34,16,221,0,5,61,4,70,135,41,95,20,291,26,0,26,317
05/10/2003,ELP,TX,ASW,WE,Towers with Radar,83,28,34,16,161,0,1,55,1,57,83,29,89,17,218,2,0,2,220
05/11/2003,ELP,TX,ASW,WE,Towers with Radar,108,25,22,3,158,0,0,71,1,72,108,25,93,4,230,24,0,24,254
05/12/2003,ELP,TX,ASW,WE,Towers with Radar,128,33,26,45,232,0,3,78,0,81,128,36,104,45,313,0,0,0,313
05/13/2003,ELP,TX,ASW,WE,Towers with Radar,141,36,49,8,234,0,8,102,1,111,141,44,151,9,345,4,8,12,357
05/14/2003,ELP,TX,ASW,WE,Towers with Radar,140,41,59,8,248,0,5,111,1,117,140,46,170,9,365,18,0,18,383
05/15/2003,ELP,TX,ASW,WE,Towers with Radar,142,39,41,23,245,0,8,78,2,88,142,47,119,25,333,24,0,24,357
05/16/2003,ELP,TX,ASW,WE,Towers with Radar,141,30,48,60,279,0,5,103,2,110,141,35,151,62,389,8,18,26,415
05/17/2003,ELP,TX,ASW,WE,Towers with Radar,81,25,20,2,128,0,0,49,4,53,81,25,69,6,181,0,0,0,181
05/18/2003,ELP,TX,ASW,WE,Towers with Radar,109,26,34,41,210,0,0,75,3,78,109,26,109,44,288,20,0,20,308
05/19/2003,ELP,TX,ASW,WE,Towers with Radar,123,27,31,11,192,0,5,83,3,91,123,32,114,14,283,0,0,0,283
05/20/2003,ELP,TX,ASW,WE,Towers with Radar,141,33,38,8,220,0,4,69,1,74,141,37,107,9,294,0,0,0,294
05/21/2003,ELP,TX,ASW,WE,Towers with Radar,137,40,35,6,218,0,3,99,3,105,137,43,134,9,323,34,0,34,357
05/22/2003,ELP,TX,ASW,WE,Towers with Radar,137,36,55,5,233,0,7,93,3,103,137,43,148,8,336,30,0,30,366
05/23/2003,ELP,TX,ASW,WE,Towers with Radar,133,43,47,22,245,0,1,100,0,101,133,44,147,22,346,20,34,54,400
05/24/2003,ELP,TX,ASW,WE,Towers with Radar,88,19,32,0,139,0,0,67,0,67,88,19,99,0,206,0,0,0,206
05/25/2003,ELP,TX,ASW,WE,Towers with Radar,91,22,15,6,134,0,0,39,0,39,91,22,54,6,173,12,0,12,185
05/26/2003,ELP,TX,ASW,WE,Towers with Radar,103,30,19,8,160,0,1,58,2,61,103,31,77,10,221,0,0,0,221
05/27/2003,ELP,TX,ASW,WE,Towers with Radar,138,46,18,3,205,0,2,77,2,81,138,48,95,5,286,8,0,8,294
05/28/2003,ELP,TX,ASW,WE,Towers with Radar,140,40,36,6,222,0,3,49,0,52,140,43,85,6,274,0,0,0,274
05/29/2003,ELP,TX,ASW,WE,Towers with Radar,136,52,33,3,224,0,5,99,2,106,136,57,132,5,330,28,2,30,360
05/30/2003,ELP,TX,ASW,WE,Towers with Radar,140,55,44,2,241,0,4,90,1,95,140,59,134,3,336,32,6,38,374
05/31/2003,ELP,TX,ASW,WE,Towers with Radar,83,31,12,0,126,0,0,78,6,84,83,31,90,6,210,8,0,8,218
06/01/2003,ELP,TX,ASW,WE,Towers with Radar,108,25,16,19,168,0,0,58,0,58,108,25,74,19,226,14,0,14,240
06/02/2003,ELP,TX,ASW,WE,Towers with Radar,129,30,45,24,228,0,10,52,5,67,129,40,97,29,295,8,0,8,303
06/03/2003,ELP,TX,ASW,WE,Towers with Radar,142,41,53,13,249,0,17,78,2,97,142,58,131,15,346,38,0,38,384
06/04/2003,ELP,TX,ASW,WE,Towers with Radar,131,34,61,19,245,0,7,75,4,86,131,41,136,23,331,14,0,14,345
06/05/2003,ELP,TX,ASW,WE,Towers with Radar,101,33,35,8,177,0,6,60,1,67,101,39,95,9,244,38,0,38,282
06/06/2003,ELP,TX,ASW,WE,Towers with Radar,120,47,30,25,222,0,7,51,2,60,120,54,81,27,282,8,0,8,290
06/07/2003,ELP,TX,ASW,WE,Towers with Radar,83,37,23,7,150,0,4,58,2,64,83,41,81,9,214,10,0,10,224
06/08/2003,ELP,TX,ASW,WE,Towers with Radar,103,38,26,17,184,0,1,47,5,53,103,39,73,22,237,32,0,32,269
06/09/2003,ELP,TX,ASW,WE,Towers with Radar,125,40,29,17,211,0,8,34,15,57,125,48,63,32,268,2,0,2,270
06/10/2003,ELP,TX,ASW,WE,Towers with Radar,145,54,31,28,258,0,12,62,2,76,145,66,93,30,334,33,20,53,387
06/11/2003,ELP,TX,ASW,WE,Towers with Radar,136,59,42,11,248,0,14,62,18,94,136,73,104,29,342,0,0,0,342
06/12/2003,ELP,TX,ASW,WE,Towers with Radar,118,65,25,10,218,0,12,54,18,84,118,77,79,28,302,40,0,40,342
06/13/2003,ELP,TX,ASW,WE,Towers with Radar,134,56,40,11,241,0,10,64,4,78,134,66,104,15,319,10,0,10,329
06/14/2003,ELP,TX,ASW,WE,Towers with Radar,94,30,34,3,161,0,4,62,3,69,94,34,96,6,230,0,0,0,230
06/15/2003,ELP,TX,ASW,WE,Towers with Radar,85,24,29,6,144,0,1,60,2,63,85,25,89,8,207,28,0,28,235
06/16/2003,ELP,TX,ASW,WE,Towers with Radar,123,43,31,10,207,1,16,69,6,92,124,59,100,16,299,10,0,10,309
06/17/2003,ELP,TX,ASW,WE,Towers with Radar,138,50,49,7,244,0,14,98,10,122,138,64,147,17,366,8,0,8,374
06/18/2003,ELP,TX,ASW,WE,Towers with Radar,143,48,45,29,265,0,14,70,9,93,143,62,115,38,358,42,2,44,402
06/19/2003,ELP,TX,ASW,WE,Towers with Radar,146,51,45,23,265,0,9,115,17,141,146,60,160,40,406,12,0,12,418
06/20/2003,ELP,TX,ASW,WE,Towers with Radar,142,45,44,39,270,0,13,91,11,115,142,58,135,50,385,40,0,40,425
06/21/2003,ELP,TX,ASW,WE,Towers with Radar,94,19,39,3,155,0,2,77,4,83,94,21,116,7,238,26,0,26,264
06/22/2003,ELP,TX,ASW,WE,Towers with Radar,103,40,25,21,189,0,8,68,0,76,103,48,93,21,265,30,4,34,299
06/23/2003,ELP,TX,ASW,WE,Towers with Radar,127,42,22,13,204,0,8,89,5,102,127,50,111,18,306,2,8,10,316
06/24/2003,ELP,TX,ASW,WE,Towers with Radar,139,46,39,7,231,0,10,102,7,119,139,56,141,14,350,34,2,36,386
06/25/2003,ELP,TX,ASW,WE,Towers with Radar,139,74,49,4,266,0,14,95,4,113,139,88,144,8,379,20,10,30,409
06/26/2003,ELP,TX,ASW,WE,Towers with Radar,135,50,37,5,227,1,14,46,3,64,136,64,83,8,291,0,0,0,291
06/27/2003,ELP,TX,ASW,WE,Towers with Radar,143,43,31,23,240,0,12,66,19,97,143,55,97,42,337,14,16,30,367
06/28/2003,ELP,TX,ASW,WE,Towers with Radar,102,34,43,3,182,0,0,63,3,66,102,34,106,6,248,16,0,16,264
06/29/2003,ELP,TX,ASW,WE,Towers with Radar,107,24,23,15,169,0,2,44,6,52,107,26,67,21,221,10,0,10,231
06/30/2003,ELP,TX,ASW,WE,Towers with Radar,131,33,35,2,201,0,10,67,4,81,131,43,102,6,282,16,0,16,298
07/01/2003,ELP,TX,ASW,WE,Towers with Radar,140,47,32,5,224,0,11,83,1,95,140,58,115,6,319,12,0,12,331
07/02/2003,ELP,TX,ASW,WE,Towers with Radar,141,44,44,0,229,0,11,93,1,105,141,55,137,1,334,30,0,30,364
07/03/2003,ELP,TX,ASW,WE,Towers with Radar,134,46,44,2,226,0,14,64,1,79,134,60,108,3,305,20,2,22,327
07/04/2003,ELP,TX,ASW,WE,Towers with Radar,91,30,26,0,147,0,1,51,1,53,91,31,77,1,200,6,0,6,206
07/05/2003,ELP,TX,ASW,WE,Towers with Radar,82,26,24,0,132,0,0,37,1,38,82,26,61,1,170,18,0,18,188
07/06/2003,ELP,TX,ASW,WE,Towers with Radar,104,32,20,6,162,0,1,71,2,74,104,33,91,8,236,10,0,10,246
07/07/2003,ELP,TX,ASW,WE,Towers with Radar,127,28,20,10,185,0,11,71,1,83,127,39,91,11,268,12,0,12,280
07/08/2003,ELP,TX,ASW,WE,Towers with Radar,136,36,40,2,214,0,12,84,0,96,136,48,124,2,310,30,0,30,340
07/09/2003,ELP,TX,ASW,WE,Towers with Radar,133,45,40,14,232,0,17,89,5,111,133,62,129,19,343,18,0,18,361
07/10/2003,ELP,TX,ASW,WE,Towers with Radar,132,49,26,3,210,0,12,55,6,73,132,61,81,9,283,0,0,0,283
07/11/2003,ELP,TX,ASW,WE,Towers with Radar,132,44,26,24,226,0,13,57,6,76,132,57,83,30,302,18,28,46,348
07/12/2003,ELP,TX,ASW,WE,Towers with Radar,94,25,21,16,156,0,1,54,1,56,94,26,75,17,212,0,0,0,212
07/13/2003,ELP,TX,ASW,WE,Towers with Radar,104,30,17,8,159,0,5,64,1,70,104,35,81,9,229,12,0,12,241
07/14/2003,ELP,TX,ASW,WE,Towers with Radar,126,36,29,9,200,0,14,70,0,84,126,50,99,9,284,24,8,32,316
07/15/2003,ELP,TX,ASW,WE,Towers with Radar,136,48,32,3,219,0,10,69,0,79,136,58,101,3,298,8,0,8,306
07/16/2003,ELP,TX,ASW,WE,Towers with Radar,132,51,49,1,233,0,14,56,0,70,132,65,105,1,303,38,0,38,341
07/17/2003,ELP,TX,ASW,WE,Towers with Radar,139,60,30,6,235,0,9,32,1,42,139,69,62,7,277,6,0,6,283
07/18/2003,ELP,TX,ASW,WE,Towers with Radar,131,56,38,8,233,0,8,47,13,68,131,64,85,21,301,34,16,50,351
07/19/2003,ELP,TX,ASW,WE,Towers with Radar,92,34,38,2,166,0,0,69,1,70,92,34,107,3,236,48,0,48,284
07/20/2003,ELP,TX,ASW,WE,Towers with Radar,104,38,19,2,163,0,1,66,0,67,104,39,85,2,230,10,0,10,240
07/21/2003,ELP,TX,ASW,WE,Towers with Radar,124,40,25,10,199,0,12,71,13,96,124,52,96,23,295,16,0,16,311
07/22/2003,ELP,TX,ASW,WE,Towers with Radar,136,50,55,5,246,0,12,60,12,84,136,62,115,17,330,28,0,28,358
07/23/2003,ELP,TX,ASW,WE,Towers with Radar,135,63,41,3,242,0,10,67,2,79,135,73,108,5,321,2,0,2,323
07/24/2003,ELP,TX,ASW,WE,Towers with Radar,133,71,43,9,256,0,17,92,1,110,133,88,135,10,366,40,0,40,406
07/25/2003,ELP,TX,ASW,WE,Towers with Radar,131,53,33,12,229,0,16,53,2,71,131,69,86,14,300,44,6,50,350
07/26/2003,ELP,TX,ASW,WE,Towers with Radar,92,32,13,2,139,0,1,39,0,40,92,33,52,2,179,0,0,0,179
07/27/2003,ELP,TX,ASW,WE,Towers with Radar,105,35,19,8,167,0,4,55,0,59,105,39,74,8,226,22,0,22,248
07/28/2003,ELP,TX,ASW,WE,Towers with Radar,123,31,40,10,204,0,7,70,11,88,123,38,110,21,292,4,0,4,296
07/29/2003,ELP,TX,ASW,WE,Towers with Radar,130,58,29,1,218,0,12,63,3,78,130,70,92,4,296,8,0,8,304
07/30/2003,ELP,TX,ASW,WE,Towers with Radar,134,49,41,19,243,0,22,79,7,108,134,71,120,26,351,54,24,78,429
07/31/2003,ELP,TX,ASW,WE,Towers with Radar,107,49,21,7,184,0,9,64,3,76,107,58,85,10,260,0,0,0,260
08/01/2003,ELP,TX,ASW,WE,Towers with Radar,131,45,34,19,229,0,11,70,4,85,131,56,104,23,314,16,0,16,330
08/02/2003,ELP,TX,ASW,WE,Towers with Radar,89,37,25,0,151,0,3,84,3,90,89,40,109,3,241,14,0,14,255
08/03/2003,ELP,TX,ASW,WE,Towers with Radar,106,25,37,8,176,0,4,72,2,78,106,29,109,10,254,10,0,10,264
08/04/2003,ELP,TX,ASW,WE,Towers with Radar,122,39,23,12,196,0,13,102,1,116,122,52,125,13,312,18,0,18,330
08/05/2003,ELP,TX,ASW,WE,Towers with Radar,132,67,54,8,261,0,11,91,5,107,132,78,145,13,368,38,0,38,406
08/06/2003,ELP,TX,ASW,WE,Towers with Radar,132,71,56,4,263,0,12,85,2,99,132,83,141,6,362,22,0,22,384
08/07/2003,ELP,TX,ASW,WE,Towers with Radar,131,54,62,19,266,0,11,81,1,93,131,65,143,20,359,16,0,16,375
08/08/2003,ELP,TX,ASW,WE,Towers with Radar,134,49,34,17,234,0,8,83,3,94,134,57,117,20,328,34,2,36,364
08/09/2003,ELP,TX,ASW,WE,Towers with Radar,88,35,26,6,155,0,1,68,4,73,88,36,94,10,228,0,0,0,228
08/10/2003,ELP,TX,ASW,WE,Towers with Radar,105,35,26,16,182,0,1,47,6,54,105,36,73,22,236,0,0,0,236
08/11/2003,ELP,TX,ASW,WE,Towers with Radar,125,51,27,3,206,0,9,73,2,84,125,60,100,5,290,26,0,26,316
08/12/2003,ELP,TX,ASW,WE,Towers with Radar,124,51,33,5,213,0,11,85,1,97,124,62,118,6,310,2,0,2,312
08/13/2003,ELP,TX,ASW,WE,Towers with Radar,137,74,36,8,255,0,14,57,3,74,137,88,93,11,329,6,0,6,335
08/14/2003,ELP,TX,ASW,WE,Towers with Radar,131,62,42,2,237,2,8,78,6,94,133,70,120,8,331,24,0,24,355
08/15/2003,ELP,TX,ASW,WE,Towers with Radar,131,49,28,7,215,0,12,67,2,81,131,61,95,9,296,58,0,58,354
08/16/2003,ELP,TX,ASW,WE,Towers with Radar,88,33,28,3,152,1,1,106,4,112,89,34,134,7,264,120,0,120,384
08/17/2003,ELP,TX,ASW,WE,Towers with Radar,105,26,19,12,162,0,3,92,1,96,105,29,111,13,258,30,0,30,288
08/18/2003,ELP,TX,ASW,WE,Towers with Radar,126,42,37,5,210,0,11,59,5,75,126,53,96,10,285,6,0,6,291
08/19/2003,ELP,TX,ASW,WE,Towers with Radar,133,54,48,5,240,0,12,85,6,103,133,66,133,11,343,26,0,26,369
08/20/2003,ELP,TX,ASW,WE,Towers with Radar,128,54,70,17,269,0,11,94,3,108,128,65,164,20,377,54,0,54,431
08/21/2003,ELP,TX,ASW,WE,Towers with Radar,137,52,57,8,254,0,10,103,10,123,137,62,160,18,377,52,14,66,443
08/22/2003,ELP,TX,ASW,WE,Towers with Radar,131,52,33,20,236,0,11,68,1,80,131,63,101,21,316,56,10,66,382
08/23/2003,ELP,TX,ASW,WE,Towers with Radar,91,31,27,2,151,0,1,63,4,68,91,32,90,6,219,16,0,16,235
08/24/2003,ELP,TX,ASW,WE,Towers with Radar,103,35,31,17,186,0,2,59,1,62,103,37,90,18,248,12,4,16,264
08/25/2003,ELP,TX,ASW,WE,Towers with Radar,122,53,50,17,242,0,7,61,2,70,122,60,111,19,312,14,0,14,326
08/26/2003,ELP,TX,ASW,WE,Towers with Radar,119,57,46,16,238,0,16,53,6,75,119,73,99,22,313,12,10,22,335
08/27/2003,ELP,TX,ASW,WE,Towers with Radar,134,74,45,7,260,0,14,45,6,65,134,88,90,13,325,22,6,28,353
08/28/2003,ELP,TX,ASW,WE,Towers with Radar,144,47,50,10,251,0,12,70,0,82,144,59,120,10,333,2,0,2,335
08/29/2003,ELP,TX,ASW,WE,Towers with Radar,131,45,43,12,231,0,13,97,0,110,131,58,140,12,341,30,2,32,373
08/30/2003,ELP,TX,ASW,WE,Towers with Radar,82,45,17,5,149,0,1,38,3,42,82,46,55,8,191,0,0,0,191
08/31/2003,ELP,TX,ASW,WE,Towers with Radar,92,13,26,2,133,0,2,45,2,49,92,15,71,4,182,24,0,24,206
09/01/2003,ELP,TX,ASW,WE,Towers with Radar,98,22,18,5,143,0,3,68,0,71,98,25,86,5,214,4,0,4,218
09/02/2003,ELP,TX,ASW,WE,Towers with Radar,120,39,32,6,197,0,17,73,0,90,120,56,105,6,287,10,0,10,297
09/03/2003,ELP,TX,ASW,WE,Towers with Radar,122,56,45,4,227,0,16,69,2,87,122,72,114,6,314,12,0,12,326
09/04/2003,ELP,TX,ASW,WE,Towers with Radar,124,55,22,4,205,0,19,65,5,89,124,74,87,9,294,24,0,24,318
09/05/2003,ELP,TX,ASW,WE,Towers with Radar,148,43,18,30,239,0,14,76,4,94,148,57,94,34,333,52,0,52,385
09/06/2003,ELP,TX,ASW,WE,Towers with Radar,89,30,31,0,150,0,1,66,0,67,89,31,97,0,217,14,0,14,231
09/07/2003,ELP,TX,ASW,WE,Towers with Radar,102,21,35,18,176,0,5,44,6,55,102,26,79,24,231,2,26,28,259
09/08/2003,ELP,TX,ASW,WE,Towers with Radar,112,42,13,2,169,0,11,52,1,64,112,53,65,3,233,24,0,24,257
09/09/2003,ELP,TX,ASW,WE,Towers with Radar,112,54,16,10,192,0,14,68,4,86,112,68,84,14,278,10,0,10,288
09/10/2003,ELP,TX,ASW,WE,Towers with Radar,121,63,45,10,239,0,15,65,16,96,121,78,110,26,335,12,0,12,347
09/11/2003,ELP,TX,ASW,WE,Towers with Radar,116,52,38,1,207,0,8,79,3,90,116,60,117,4,297,26,2,28,325
09/12/2003,ELP,TX,ASW,WE,Towers with Radar,126,54,30,5,215,0,13,88,2,103,126,67,118,7,318,22,0,22,340
09/13/2003,ELP,TX,ASW,WE,Towers with Radar,83,29,29,3,144,0,3,81,0,84,83,32,110,3,228,8,0,8,236
09/14/2003,ELP,TX,ASW,WE,Towers with Radar,103,28,29,6,166,0,0,59,0,59,103,28,88,6,225,24,0,24,249
09/15/2003,ELP,TX,ASW,WE,Towers with Radar,106,37,18,13,174,0,5,46,7,58,106,42,64,20,232,0,0,0,232
09/16/2003,ELP,TX,ASW,WE,Towers with Radar,111,44,30,9,194,0,8,68,3,79,111,52,98,12,273,8,0,8,281
09/17/2003,ELP,TX,ASW,WE,Towers with Radar,113,59,44,4,220,0,11,84,5,100,113,70,128,9,320,22,8,30,350
09/18/2003,ELP,TX,ASW,WE,Towers with Radar,126,54,46,6,232,0,14,95,5,114,126,68,141,11,346,22,2,24,370
09/19/2003,ELP,TX,ASW,WE,Towers with Radar,132,44,43,22,241,0,15,75,2,92,132,59,118,24,333,14,18,32,365
09/20/2003,ELP,TX,ASW,WE,Towers with Radar,87,31,23,10,151,0,6,85,0,91,87,37,108,10,242,18,0,18,260
09/21/2003,ELP,TX,ASW,WE,Towers with Radar,104,30,30,22,186,0,2,52,1,55,104,32,82,23,241,6,0,6,247
09/22/2003,ELP,TX,ASW,WE,Towers with Radar,114,40,39,12,205,0,8,51,4,63,114,48,90,16,268,20,0,20,288
09/23/2003,ELP,TX,ASW,WE,Towers with Radar,126,40,53,7,226,0,4,76,2,82,126,44,129,9,308,34,6,40,348
09/24/2003,ELP,TX,ASW,WE,Towers with Radar,124,59,45,8,236,0,13,75,8,96,124,72,120,16,332,0,0,0,332
09/25/2003,ELP,TX,ASW,WE,Towers with Radar,130,54,34,7,225,0,15,44,0,59,130,69,78,7,284,2,0,2,286
09/26/2003,ELP,TX,ASW,WE,Towers with Radar,131,42,46,5,224,0,9,73,0,82,131,51,119,5,306,20,8,28,334
09/27/2003,ELP,TX,ASW,WE,Towers with Radar,82,20,33,0,135,0,0,64,1,65,82,20,97,1,200,2,0,2,202
09/28/2003,ELP,TX,ASW,WE,Towers with Radar,108,24,29,11,172,0,3,43,5,51,108,27,72,16,223,10,0,10,233
09/29/2003,ELP,TX,ASW,WE,Towers with Radar,122,38,16,4,180,0,8,83,5,96,122,46,99,9,276,14,0,14,290
09/30/2003,ELP,TX,ASW,WE,Towers with Radar,124,42,45,2,213,0,21,70,1,92,124,63,115,3,305,12,0,12,317
10/01/2003,ELP,TX,ASW,WE,Towers with Radar,121,60,45,10,236,0,11,75,5,91,121,71,120,15,327,40,14,54,381
10/02/2003,ELP,TX,ASW,WE,Towers with Radar,123,55,52,7,237,0,14,63,2,79,123,69,115,9,316,5,10,15,331
10/03/2003,ELP,TX,ASW,WE,Towers with Radar,127,48,22,19,216,0,15,71,5,91,127,63,93,24,307,16,20,36,343
10/04/2003,ELP,TX,ASW,WE,Towers with Radar,86,18,11,2,117,0,2,32,2,36,86,20,43,4,153,0,0,0,153
10/05/2003,ELP,TX,ASW,WE,Towers with Radar,101,21,16,7,145,0,5,42,0,47,101,26,58,7,192,6,0,6,198
10/06/2003,ELP,TX,ASW,WE,Towers with Radar,115,40,24,23,202,0,17,46,0,63,115,57,70,23,265,6,0,6,271
10/07/2003,ELP,TX,ASW,WE,Towers with Radar,124,68,30,28,250,0,9,45,1,55,124,77,75,29,305,14,0,14,319
10/08/2003,ELP,TX,ASW,WE,Towers with Radar,140,67,62,23,292,0,15,47,2,64,140,82,109,25,356,32,0,32,388
10/09/2003,ELP,TX,ASW,WE,Towers with Radar,133,62,34,23,252,0,13,75,2,90,133,75,109,25,342,32,6,38,380
10/10/2003,ELP,TX,ASW,WE,Towers with Radar,149,58,34,12,253,0,11,37,3,51,149,69,71,15,304,0,0,0,304
10/11/2003,ELP,TX,ASW,WE,Towers with Radar,82,27,18,0,127,0,0,54,4,58,82,27,72,4,185,8,0,8,193
10/12/2003,ELP,TX,ASW,WE,Towers with Radar,102,25,29,5,161,0,3,49,4,56,102,28,78,9,217,4,8,12,229
10/13/2003,ELP,TX,ASW,WE,Towers with Radar,123,44,30,2,199,0,6,66,1,73,123,50,96,3,272,28,0,28,300
10/14/2003,ELP,TX,ASW,WE,Towers with Radar,127,46,42,7,222,0,7,83,3,93,127,53,125,10,315,8,10,18,333
10/15/2003,ELP,TX,ASW,WE,Towers with Radar,121,40,42,23,226,0,11,102,3,116,121,51,144,26,342,16,0,16,358
10/16/2003,ELP,TX,ASW,WE,Towers with Radar,122,46,42,10,220,0,19,82,6,107,122,65,124,16,327,40,4,44,371
10/17/2003,ELP,TX,ASW,WE,Towers with Radar,129,57,41,16,243,0,10,93,3,106,129,67,134,19,349,20,0,20,369
10/18/2003,ELP,TX,ASW,WE,Towers with Radar,82,24,25,3,134,0,3,93,1,97,82,27,118,4,231,18,0,18,249
10/19/2003,ELP,TX,ASW,WE,Towers with Radar,106,25,27,8,166,0,1,68,1,70,106,26,95,9,236,18,0,18,254
10/20/2003,ELP,TX,ASW,WE,Towers with Radar,126,50,33,22,231,0,12,53,1,66,126,62,86,23,297,0,0,0,297
10/21/2003,ELP,TX,ASW,WE,Towers with Radar,140,54,26,6,226,0,18,90,2,110,140,72,116,8,336,6,0,6,342
10/22/2003,ELP,TX,ASW,WE,Towers with Radar,139,61,40,7,247,0,16,96,2,114,139,77,136,9,361,0,0,0,361
10/23/2003,ELP,TX,ASW,WE,Towers with Radar,137,77,44,6,264,0,16,86,2,104,137,93,130,8,368,36,0,36,404
10/24/2003,ELP,TX,ASW,WE,Towers with Radar,131,49,41,9,230,0,11,52,3,66,131,60,93,12,296,7,4,11,307
10/25/2003,ELP,TX,ASW,WE,Towers with Radar,85,28,20,3,136,0,6,69,1,76,85,34,89,4,212,6,0,6,218
10/26/2003,ELP,TX,ASW,WE,Towers with Radar,107,46,24,8,185,0,1,53,2,56,107,47,77,10,241,0,0,0,241
10/27/2003,ELP,TX,ASW,WE,Towers with Radar,127,41,37,12,217,0,10,72,10,92,127,51,109,22,309,0,0,0,309
10/28/2003,ELP,TX,ASW,WE,Towers with Radar,130,52,40,12,234,0,19,93,2,114,130,71,133,14,348,4,6,10,358
10/29/2003,ELP,TX,ASW,WE,Towers with Radar,127,70,63,41,301,0,18,71,5,94,127,88,134,46,395,8,0,8,403
10/30/2003,ELP,TX,ASW,WE,Towers with Radar,130,58,42,3,233,2,20,47,3,72,132,78,89,6,305,0,0,0,305
10/31/2003,ELP,TX,ASW,WE,Towers with Radar,129,54,30,10,223,0,13,62,4,79,129,67,92,14,302,0,0,0,302
11/01/2003,ELP,TX,ASW,WE,Towers with Radar,90,29,30,1,150,0,0,58,1,59,90,29,88,2,209,6,0,6,215
11/02/2003,ELP,TX,ASW,WE,Towers with Radar,100,36,39,4,179,0,6,47,0,53,100,42,86,4,232,0,0,0,232
11/03/2003,ELP,TX,ASW,WE,Towers with Radar,117,47,63,12,239,0,10,47,8,65,117,57,110,20,304,6,2,8,312
11/04/2003,ELP,TX,ASW,WE,Towers with Radar,119,50,67,1,237,0,9,68,1,78,119,59,135,2,315,19,0,19,334
11/05/2003,ELP,TX,ASW,WE,Towers with Radar,132,63,59,2,256,0,9,63,5,77,132,72,122,7,333,18,10,28,361
11/06/2003,ELP,TX,ASW,WE,Towers with Radar,125,69,63,37,294,0,12,56,9,77,125,81,119,46,371,18,32,50,421
11/07/2003,ELP,TX,ASW,WE,Towers with Radar,124,65,73,43,305,0,12,47,6,65,124,77,120,49,370,12,2,14,384
11/08/2003,ELP,TX,ASW,WE,Towers with Radar,87,33,28,2,150,0,1,78,1,80,87,34,106,3,230,8,0,8,238
11/09/2003,ELP,TX,ASW,WE,Towers with Radar,105,32,39,11,187,0,2,90,3,95,105,34,129,14,282,38,0,38,320
11/10/2003,ELP,TX,ASW,WE,Towers with Radar,124,43,40,5,212,0,10,83,2,95,124,53,123,7,307,16,0,16,323
11/11/2003,ELP,TX,ASW,WE,Towers with Radar,138,53,33,1,225,0,10,88,0,98,138,63,121,1,323,26,0,26,349
11/12/2003,ELP,TX,ASW,WE,Towers with Radar,127,52,82,6,267,0,9,67,4,80,127,61,149,10,347,8,0,8,355
11/13/2003,ELP,TX,ASW,WE,Towers with Radar,190,63,88,12,353,2,9,17,8,36,192,72,105,20,389,0,0,0,389
11/14/2003,ELP,TX,ASW,WE,Towers with Radar,137,69,51,33,290,0,4,29,3,36,137,73,80,36,326,8,0,8,334
11/15/2003,ELP,TX,ASW,WE,Towers with Radar,95,36,28,7,166,0,0,57,3,60,95,36,85,10,226,0,0,0,226
11/16/2003,ELP,TX,ASW,WE,Towers with Radar,113,32,44,15,204,0,4,73,0,77,113,36,117,15,281,10,4,14,295
11/17/2003,ELP,TX,ASW,WE,Towers with Radar,116,43,34,13,206,0,12,52,3,67,116,55,86,16,273,0,0,0,273
11/18/2003,ELP,TX,ASW,WE,Towers with Radar,143,50,54,6,253,0,15,73,6,94,143,65,127,12,347,10,0,10,357
11/19/2003,ELP,TX,ASW,WE,Towers with Radar,145,55,53,9,262,0,14,75,6,95,145,69,128,15,357,14,10,24,381
11/20/2003,ELP,TX,ASW,WE,Towers with Radar,144,79,54,5,282,0,20,98,9,127,144,99,152,14,409,34,0,34,443
11/21/2003,ELP,TX,ASW,WE,Towers with Radar,138,56,32,23,249,0,15,74,1,90,138,71,106,24,339,2,0,2,341
11/22/2003,ELP,TX,ASW,WE,Towers with Radar,91,34,21,3,149,0,4,25,5,34,91,38,46,8,183,6,0,6,189
11/23/2003,ELP,TX,ASW,WE,Towers with Radar,113,44,20,40,217,0,4,56,4,64,113,48,76,44,281,0,6,6,287
11/24/2003,ELP,TX,ASW,WE,Towers with Radar,131,54,51,7,243,0,13,95,2,110,131,67,146,9,353,46,0,46,399
11/25/2003,ELP,TX,ASW,WE,Towers with Radar,139,68,63,6,276,0,10,66,6,82,139,78,129,12,358,4,0,4,362
11/26/2003,ELP,TX,ASW,WE,Towers with Radar,139,67,31,8,245,0,15,60,0,75,139,82,91,8,320,0,0,0,320
11/27/2003,ELP,TX,ASW,WE,Towers with Radar,85,33,8,0,126,0,4,24,1,29,85,37,32,1,155,0,0,0,155
11/28/2003,ELP,TX,ASW,WE,Towers with Radar,100,32,26,0,158,0,12,68,0,80,100,44,94,0,238,6,0,6,244
11/29/2003,ELP,TX,ASW,WE,Towers with Radar,86,29,25,2,142,0,1,43,1,45,86,30,68,3,187,12,0,12,199
11/30/2003,ELP,TX,ASW,WE,Towers with Radar,107,34,49,4,194,0,3,78,0,81,107,37,127,4,275,0,0,0,275
12/01/2003,ELP,TX,ASW,WE,Towers with Radar,125,38,32,0,195,0,11,40,0,51,125,49,72,0,246,0,0,0,246
12/02/2003,ELP,TX,ASW,WE,Towers with Radar,136,61,31,8,236,0,14,64,7,85,136,75,95,15,321,10,0,10,331
12/03/2003,ELP,TX,ASW,WE,Towers with Radar,135,62,62,14,273,0,11,65,5,81,135,73,127,19,354,2,0,2,356
12/04/2003,ELP,TX,ASW,WE,Towers with Radar,147,53,41,10,251,0,16,46,1,63,147,69,87,11,314,6,0,6,320
12/05/2003,ELP,TX,ASW,WE,Towers with Radar,133,40,40,11,224,0,11,81,3,95,133,51,121,14,319,20,8,28,347
12/06/2003,ELP,TX,ASW,WE,Towers with Radar,87,29,18,7,141,0,0,68,0,68,87,29,86,7,209,16,0,16,225
12/07/2003,ELP,TX,ASW,WE,Towers with Radar,106,37,27,16,186,0,6,76,0,82,106,43,103,16,268,0,0,0,268
12/08/2003,ELP,TX,ASW,WE,Towers with Radar,129,59,31,17,236,0,15,29,5,49,129,74,60,22,285,8,8,16,301
12/09/2003,ELP,TX,ASW,WE,Towers with Radar,128,60,40,22,250,0,15,64,3,82,128,75,104,25,332,20,0,20,352
12/10/2003,ELP,TX,ASW,WE,Towers with Radar,132,66,50,23,271,0,14,96,17,127,132,80,146,40,398,34,4,38,436
12/11/2003,ELP,TX,ASW,WE,Towers with Radar,132,74,60,4,270,0,22,82,11,115,132,96,142,15,385,14,0,14,399
12/12/2003,ELP,TX,ASW,WE,Towers with Radar,131,63,35,39,268,0,9,43,1,53,131,72,78,40,321,8,0,8,329
12/13/2003,ELP,TX,ASW,WE,Towers with Radar,87,47,22,11,167,0,3,59,11,73,87,50,81,22,240,4,8,12,252
12/14/2003,ELP,TX,ASW,WE,Towers with Radar,113,38,25,8,184,0,2,52,5,59,113,40,77,13,243,0,2,2,245
12/15/2003,ELP,TX,ASW,WE,Towers with Radar,131,69,22,8,230,0,12,11,1,24,131,81,33,9,254,0,0,0,254
12/16/2003,ELP,TX,ASW,WE,Towers with Radar,137,74,43,10,264,0,17,91,10,118,137,91,134,20,382,2,0,2,384
12/17/2003,ELP,TX,ASW,WE,Towers with Radar,135,73,40,14,262,0,19,83,3,105,135,92,123,17,367,28,4,32,399
12/18/2003,ELP,TX,ASW,WE,Towers with Radar,138,81,42,16,277,0,13,68,1,82,138,94,110,17,359,0,0,0,359
12/19/2003,ELP,TX,ASW,WE,Towers with Radar,134,85,51,17,287,0,22,88,7,117,134,107,139,24,404,30,6,36,440
12/20/2003,ELP,TX,ASW,WE,Towers with Radar,97,61,51,4,213,0,2,77,1,80,97,63,128,5,293,14,0,14,307
12/21/2003,ELP,TX,ASW,WE,Towers with Radar,116,34,39,8,197,0,4,65,1,70,116,38,104,9,267,0,0,0,267
12/22/2003,ELP,TX,ASW,WE,Towers with Radar,128,68,51,4,251,0,13,74,3,90,128,81,125,7,341,14,0,14,355
12/23/2003,ELP,TX,ASW,WE,Towers with Radar,137,57,36,5,235,0,10,107,3,120,137,67,143,8,355,12,0,12,367
12/24/2003,ELP,TX,ASW,WE,Towers with Radar,99,27,11,1,138,0,4,76,1,81,99,31,87,2,219,70,0,70,289
12/25/2003,ELP,TX,ASW,WE,Towers with Radar,85,30,15,1,131,0,0,24,1,25,85,30,39,2,156,0,0,0,156
12/26/2003,ELP,TX,ASW,WE,Towers with Radar,119,57,37,1,214,0,5,41,0,46,119,62,78,1,260,0,0,0,260
12/27/2003,ELP,TX,ASW,WE,Towers with Radar,91,35,48,0,174,0,2,41,0,43,91,37,89,0,217,0,0,0,217
12/28/2003,ELP,TX,ASW,WE,Towers with Radar,117,34,33,0,184,0,4,43,0,47,117,38,76,0,231,0,0,0,231
12/29/2003,ELP,TX,ASW,WE,Towers with Radar,129,36,45,4,214,0,6,44,0,50,129,42,89,4,264,0,0,0,264
12/30/2003,ELP,TX,ASW,WE,Towers with Radar,142,43,39,3,227,0,6,98,0,104,142,49,137,3,331,20,0,20,351
12/31/2003,ELP,TX,ASW,WE,Towers with Radar,114,36,35,1,186,0,6,45,1,52,114,42,80,2,238,6,0,6,244
01/01/2004,ELP,TX,ASW,WE,Towers with Radar,94,24,12,0,130,0,0,39,4,43,94,24,51,4,173,22,0,22,195
01/02/2004,ELP,TX,ASW,WE,Towers with Radar,118,46,28,2,194,0,5,82,1,88,118,51,110,3,282,28,0,28,310
01/03/2004,ELP,TX,ASW,WE,Towers with Radar,91,42,37,1,171,0,1,52,2,55,91,43,89,3,226,20,0,20,246
01/04/2004,ELP,TX,ASW,WE,Towers with Radar,109,42,55,5,211,0,0,44,2,46,109,42,99,7,257,2,0,2,259
01/05/2004,ELP,TX,ASW,WE,Towers with Radar,123,42,25,2,192,0,5,49,1,55,123,47,74,3,247,0,0,0,247
01/06/2004,ELP,TX,ASW,WE,Towers with Radar,125,54,31,20,230,0,7,55,1,63,125,61,86,21,293,0,0,0,293
01/07/2004,ELP,TX,ASW,WE,Towers with Radar,129,58,50,49,286,0,7,66,5,78,129,65,116,54,364,16,44,60,424
01/08/2004,ELP,TX,ASW,WE,Towers with Radar,126,67,24,8,225,0,8,71,7,86,126,75,95,15,311,0,0,0,311
01/09/2004,ELP,TX,ASW,WE,Towers with Radar,131,54,27,30,242,0,6,90,15,111,131,60,117,45,353,10,92,102,455
01/10/2004,ELP,TX,ASW,WE,Towers with Radar,85,31,10,6,132,0,0,68,17,85,85,31,78,23,217,6,38,44,261
01/11/2004,ELP,TX,ASW,WE,Towers with Radar,106,34,33,16,189,0,0,69,5,74,106,34,102,21,263,34,6,40,303
01/12/2004,ELP,TX,ASW,WE,Towers with Radar,117,44,43,10,214,0,15,62,3,80,117,59,105,13,294,0,54,54,348
01/13/2004,ELP,TX,ASW,WE,Towers with Radar,124,63,41,11,239,0,11,103,4,118,124,74,144,15,357,6,0,6,363
01/14/2004,ELP,TX,ASW,WE,Towers with Radar,127,75,42,1,245,0,4,21,2,27,127,79,63,3,272,0,0,0,272
01/15/2004,ELP,TX,ASW,WE,Towers with Radar,137,63,67,19,286,0,1,18,1,20,137,64,85,20,306,0,4,4,310
01/16/2004,ELP,TX,ASW,WE,Towers with Radar,124,69,55,43,291,0,6,29,3,38,124,75,84,46,329,22,72,94,423
01/17/2004,ELP,TX,ASW,WE,Towers with Radar,78,36,30,11,155,0,0,52,6,58,78,36,82,17,213,10,0,10,223
01/18/2004,ELP,TX,ASW,WE,Towers with Radar,105,31,44,2,182,0,2,65,3,70,105,33,109,5,252,4,0,4,256
01/19/2004,ELP,TX,ASW,WE,Towers with Radar,120,43,42,0,205,0,8,77,1,86,120,51,119,1,291,4,8,12,303
01/20/2004,ELP,TX,ASW,WE,Towers with Radar,127,46,60,10,243,0,6,65,0,71,127,52,125,10,314,12,0,12,326
01/21/2004,ELP,TX,ASW,WE,Towers with Radar,128,43,50,10,231,0,8,78,4,90,128,51,128,14,321,10,0,10,331
01/22/2004,ELP,TX,ASW,WE,Towers with Radar,128,49,67,10,254,0,8,69,3,80,128,57,136,13,334,38,0,38,372
01/23/2004,ELP,TX,ASW,WE,Towers with Radar,123,42,45,22,232,0,17,60,4,81,123,59,105,26,313,14,0,14,327
01/24/2004,ELP,TX,ASW,WE,Towers with Radar,86,33,29,4,152,0,6,31,1,38,86,39,60,5,190,0,0,0,190
01/25/2004,ELP,TX,ASW,WE,Towers with Radar,106,35,23,14,178,0,0,27,0,27,106,35,50,14,205,8,0,8,213
01/26/2004,ELP,TX,ASW,WE,Towers with Radar,121,47,23,2,193,0,15,45,2,62,121,62,68,4,255,0,0,0,255
01/27/2004,ELP,TX,ASW,WE,Towers with Radar,125,73,35,18,251,0,19,87,7,113,125,92,122,25,364,20,8,28,392
01/28/2004,ELP,TX,ASW,WE,Towers with Radar,129,68,27,8,232,0,15,80,7,102,129,83,107,15,334,8,0,8,342
01/29/2004,ELP,TX,ASW,WE,Towers with Radar,132,70,42,27,271,0,7,67,1,75,132,77,109,28,346,2,0,2,348
01/30/2004,ELP,TX,ASW,WE,Towers with Radar,133,68,42,29,272,0,13,78,6,97,133,81,120,35,369,12,42,54,423
01/31/2004,ELP,TX,ASW,WE,Towers with Radar,88,41,36,2,167,0,6,46,5,57,88,47,82,7,224,14,10,24,248
02/01/2004,ELP,TX,ASW,WE,Towers with Radar,110,33,28,9,180,0,0,20,0,20,110,33,48,9,200,0,0,0,200
02/02/2004,ELP,TX,ASW,WE,Towers with Radar,127,55,46,5,233,0,10,101,9,120,127,65,147,14,353,0,0,0,353
02/03/2004,ELP,TX,ASW,WE,Towers with Radar,128,44,47,5,224,1,10,63,0,74,129,54,110,5,298,0,0,0,298
02/04/2004,ELP,TX,ASW,WE,Towers with Radar,127,69,66,11,273,0,14,23,2,39,127,83,89,13,312,0,0,0,312
02/05/2004,ELP,TX,ASW,WE,Towers with Radar,130,70,56,8,264,0,12,68,3,83,130,82,124,11,347,0,0,0,347
02/06/2004,ELP,TX,ASW,WE,Towers with Radar,93,44,39,10,186,0,3,58,6,67,93,47,97,16,253,14,0,14,267
02/07/2004,ELP,TX,ASW,WE,Towers with Radar,84,34,28,5,151,0,3,77,6,86,84,37,105,11,237,2,12,14,251
02/08/2004,ELP,TX,ASW,WE,Towers with Radar,109,47,30,25,211,0,2,46,2,50,109,49,76,27,261,22,0,22,283
02/09/2004,ELP,TX,ASW,WE,Towers with Radar,102,39,38,17,196,0,9,48,4,61,102,48,86,21,257,0,10,10,267
02/10/2004,ELP,TX,ASW,WE,Towers with Radar,93,37,31,15,176,0,3,34,2,39,93,40,65,17,215,0,30,30,245
02/11/2004,ELP,TX,ASW,WE,Towers with Radar,132,65,50,54,301,0,5,47,8,60,132,70,97,62,361,16,114,130,491
02/12/2004,ELP,TX,ASW,WE,Towers with Radar,83,53,39,24,199,0,6,26,0,32,83,59,65,24,231,0,88,88,319
02/13/2004,ELP,TX,ASW,WE,Towers with Radar,134,68,37,5,244,0,8,17,3,28,134,76,54,8,272,0,0,0,272
02/14/2004,ELP,TX,ASW,WE,Towers with Radar,85,39,21,6,151,0,1,73,1,75,85,40,94,7,226,20,0,20,246
02/15/2004,ELP,TX,ASW,WE,Towers with Radar,107,39,36,2,184,0,0,72,1,73,107,39,108,3,257,38,0,38,295
02/16/2004,ELP,TX,ASW,WE,Towers with Radar,180,47,57,8,292,0,8,93,4,105,180,55,150,12,397,4,8,12,409
02/17/2004,ELP,TX,ASW,WE,Towers with Radar,131,60,56,30,277,0,10,88,2,100,131,70,144,32,377,2,16,18,395
02/18/2004,ELP,TX,ASW,WE,Towers with Radar,137,62,47,6,252,0,8,105,1,114,137,70,152,7,366,38,0,38,404
02/19/2004,ELP,TX,ASW,WE,Towers with Radar,132,63,55,10,260,0,9,31,0,40,132,72,86,10,300,0,0,0,300
02/20/2004,ELP,TX,ASW,WE,Towers with Radar,134,77,60,17,288,0,15,79,10,104,134,92,139,27,392,2,0,2,394
02/21/2004,ELP,TX,ASW,WE,Towers with Radar,89,46,63,18,216,0,3,63,11,77,89,49,126,29,293,52,0,52,345
02/22/2004,ELP,TX,ASW,WE,Towers with Radar,107,39,52,22,220,0,1,82,2,85,107,40,134,24,305,14,2,16,321
02/23/2004,ELP,TX,ASW,WE,Towers with Radar,118,52,50,6,226,0,10,37,15,62,118,62,87,21,288,32,24,56,344
02/24/2004,ELP,TX,ASW,WE,Towers with Radar,116,40,41,49,246,0,9,36,11,56,116,49,77,60,302,6,64,70,372
02/25/2004,ELP,TX,ASW,WE,Towers with Radar,113,54,49,13,229,0,14,59,12,85,113,68,108,25,314,4,4,8,322
02/26/2004,ELP,TX,ASW,WE,Towers with Radar,132,57,86,14,289,0,18,91,2,111,132,75,177,16,400,0,0,0,400
02/27/2004,ELP,TX,ASW,WE,Towers with Radar,132,64,61,26,283,0,12,64,3,79,132,76,125,29,362,0,0,0,362
02/28/2004,ELP,TX,ASW,WE,Towers with Radar,72,36,16,6,130,0,2,35,0,37,72,38,51,6,167,18,14,32,199
02/29/2004,ELP,TX,ASW,WE,Towers with Radar,108,33,43,20,204,0,0,39,4,43,108,33,82,24,247,0,0,0,247
03/01/2004,ELP,TX,ASW,WE,Towers with Radar,130,46,51,12,239,0,11,69,6,86,130,57,120,18,325,56,0,56,381
03/02/2004,ELP,TX,ASW,WE,Towers with Radar,158,70,74,29,331,0,19,76,3,98,158,89,150,32,429,0,0,0,429
03/03/2004,ELP,TX,ASW,WE,Towers with Radar,138,52,53,33,276,0,24,34,14,72,138,76,87,47,348,6,82,88,436
03/04/2004,ELP,TX,ASW,WE,Towers with Radar,135,64,53,5,257,0,6,21,2,29,135,70,74,7,286,0,0,0,286
03/05/2004,ELP,TX,ASW,WE,Towers with Radar,132,61,41,21,255,0,16,49,13,78,132,77,90,34,333,0,0,0,333
03/06/2004,ELP,TX,ASW,WE,Towers with Radar,91,41,43,3,178,0,7,113,5,125,91,48,156,8,303,82,8,90,393
03/07/2004,ELP,TX,ASW,WE,Towers with Radar,116,28,49,5,198,0,2,94,4,100,116,30,143,9,298,46,0,46,344
03/08/2004,ELP,TX,ASW,WE,Towers with Radar,131,40,55,7,233,0,7,70,4,81,131,47,125,11,314,40,0,40,354
03/09/2004,ELP,TX,ASW,WE,Towers with Radar,141,55,39,8,243,1,12,67,2,82,142,67,106,10,325,14,0,14,339
03/10/2004,ELP,TX,ASW,WE,Towers with Radar,139,58,49,8,254,0,9,74,12,95,139,67,123,20,349,20,0,20,369
03/11/2004,ELP,TX,ASW,WE,Towers with Radar,139,43,25,2,209,1,7,14,5,27,140,50,39,7,236,0,0,0,236
03/12/2004,ELP,TX,ASW,WE,Towers with Radar,141,54,54,11,260,0,8,28,1,37,141,62,82,12,297,0,8,8,305
03/13/2004,ELP,TX,ASW,WE,Towers with Radar,96,39,63,3,201,0,1,56,2,59,96,40,119,5,260,4,0,4,264
03/14/2004,ELP,TX,ASW,WE,Towers with Radar,118,34,43,13,208,0,0,80,0,80,118,34,123,13,288,26,0,26,314
03/15/2004,ELP,TX,ASW,WE,Towers with Radar,135,44,44,7,230,2,6,53,3,64,137,50,97,10,294,2,0,2,296
03/16/2004,ELP,TX,ASW,WE,Towers with Radar,144,61,48,6,259,0,8,108,1,117,144,69,156,7,376,6,0,6,382
03/17/2004,ELP,TX,ASW,WE,Towers with Radar,142,75,54,2,273,0,11,91,1,103,142,86,145,3,376,16,0,16,392
03/18/2004,ELP,TX,ASW,WE,Towers with Radar,141,67,46,9,263,0,14,101,1,116,141,81,147,10,379,16,0,16,395
03/19/2004,ELP,TX,ASW,WE,Towers with Radar,142,60,56,30,288,0,12,74,2,88,142,72,130,32,376,10,0,10,386
03/20/2004,ELP,TX,ASW,WE,Towers with Radar,86,51,41,14,192,0,2,71,2,75,86,53,112,16,267,14,8,22,289
03/21/2004,ELP,TX,ASW,WE,Towers with Radar,114,35,47,11,207,0,1,42,2,45,114,36,89,13,252,16,10,26,278
03/22/2004,ELP,TX,ASW,WE,Towers with Radar,134,44,36,8,222,0,8,27,0,35,134,52,63,8,257,0,0,0,257
03/23/2004,ELP,TX,ASW,WE,Towers with Radar,147,47,45,5,244,1,11,96,1,109,148,58,141,6,353,0,4,4,357
03/24/2004,ELP,TX,ASW,WE,Towers with Radar,143,57,70,8,278,0,16,99,4,119,143,73,169,12,397,14,0,14,411
03/25/2004,ELP,TX,ASW,WE,Towers with Radar,140,55,93,10,298,0,13,85,0,98,140,68,178,10,396,10,0,10,406
03/26/2004,ELP,TX,ASW,WE,Towers with Radar,136,53,71,23,283,0,9,76,2,87,136,62,147,25,370,26,0,26,396
03/27/2004,ELP,TX,ASW,WE,Towers with Radar,88,51,52,4,195,0,5,70,2,77,88,56,122,6,272,20,0,20,292
03/28/2004,ELP,TX,ASW,WE,Towers with Radar,120,40,43,15,218,0,1,55,2,58,120,41,98,17,276,12,0,12,288
03/29/2004,ELP,TX,ASW,WE,Towers with Radar,134,42,48,10,234,0,7,97,3,107,134,49,145,13,341,4,0,4,345
03/30/2004,ELP,TX,ASW,WE,Towers with Radar,150,63,65,9,287,0,8,104,7,119,150,71,169,16,406,4,6,10,416
03/31/2004,ELP,TX,ASW,WE,Towers with Radar,142,48,41,3,234,0,10,82,1,93,142,58,123,4,327,0,2,2,329
04/01/2004,ELP,TX,ASW,WE,Towers with Radar,137,64,38,10,249,0,13,85,4,102,137,77,123,14,351,122,0,122,473
04/02/2004,ELP,TX,ASW,WE,Towers with Radar,134,68,45,26,273,0,10,32,6,48,134,78,77,32,321,22,72,94,415
04/03/2004,ELP,TX,ASW,WE,Towers with Radar,87,66,28,9,190,0,4,63,4,71,87,70,91,13,261,24,0,24,285
04/04/2004,ELP,TX,ASW,WE,Towers with Radar,109,37,22,8,176,0,0,18,1,19,109,37,40,9,195,2,0,2,197
04/05/2004,ELP,TX,ASW,WE,Towers with Radar,127,52,40,7,226,0,4,23,1,28,127,56,63,8,254,0,0,0,254
04/06/2004,ELP,TX,ASW,WE,Towers with Radar,129,54,51,30,264,0,8,69,8,85,129,62,120,38,349,28,2,30,379
04/07/2004,ELP,TX,ASW,WE,Towers with Radar,129,61,55,16,261,0,16,66,6,88,129,77,121,22,349,24,4,28,377
04/08/2004,ELP,TX,ASW,WE,Towers with Radar,132,47,46,4,229,0,9,89,2,100,132,56,135,6,329,0,0,0,329
04/09/2004,ELP,TX,ASW,WE,Towers with Radar,132,38,35,9,214,0,4,60,5,69,132,42,95,14,283,0,0,0,283
04/10/2004,ELP,TX,ASW,WE,Towers with Radar,89,31,23,3,146,0,0,47,3,50,89,31,70,6,196,0,0,0,196
04/11/2004,ELP,TX,ASW,WE,Towers with Radar,106,39,27,2,174,0,0,15,0,15,106,39,42,2,189,0,0,0,189
04/12/2004,ELP,TX,ASW,WE,Towers with Radar,125,55,35,20,235,0,11,72,2,85,125,66,107,22,320,28,0,28,348
04/13/2004,ELP,TX,ASW,WE,Towers with Radar,134,48,38,9,229,0,11,91,5,107,134,59,129,14,336,0,0,0,336
04/14/2004,ELP,TX,ASW,WE,Towers with Radar,135,51,56,13,255,0,12,101,7,120,135,63,157,20,375,0,0,0,375
04/15/2004,ELP,TX,ASW,WE,Towers with Radar,128,59,49,11,247,1,10,68,1,80,129,69,117,12,327,0,0,0,327
04/16/2004,ELP,TX,ASW,WE,Towers with Radar,134,47,72,24,277,0,9,73,11,93,134,56,145,35,370,32,0,32,402
04/17/2004,ELP,TX,ASW,WE,Towers with Radar,87,42,36,2,167,0,3,33,2,38,87,45,69,4,205,8,0,8,213
04/18/2004,ELP,TX,ASW,WE,Towers with Radar,106,31,41,11,189,0,1,81,2,84,106,32,122,13,273,0,0,0,273
04/19/2004,ELP,TX,ASW,WE,Towers with Radar,124,43,71,5,243,0,6,69,1,76,124,49,140,6,319,20,0,20,339
04/20/2004,ELP,TX,ASW,WE,Towers with Radar,123,54,76,10,263,0,18,63,5,86,123,72,139,15,349,6,0,6,355
04/21/2004,ELP,TX,ASW,WE,Towers with Radar,132,50,45,19,246,0,17,86,5,108,132,67,131,24,354,6,6,12,366
04/22/2004,ELP,TX,ASW,WE,Towers with Radar,135,57,60,3,255,0,21,54,4,79,135,78,114,7,334,0,0,0,334
04/23/2004,ELP,TX,ASW,WE,Towers with Radar,126,54,56,51,287,0,9,77,0,86,126,63,133,51,373,30,40,70,443
04/24/2004,ELP,TX,ASW,WE,Towers with Radar,86,38,37,1,162,0,3,77,4,84,86,41,114,5,246,48,0,48,294
04/25/2004,ELP,TX,ASW,WE,Towers with Radar,106,32,29,36,203,0,1,72,1,74,106,33,101,37,277,32,10,42,319
04/26/2004,ELP,TX,ASW,WE,Towers with Radar,132,43,41,2,218,0,10,73,7,90,132,53,114,9,308,56,0,56,364
04/27/2004,ELP,TX,ASW,WE,Towers with Radar,116,54,51,9,230,0,12,105,1,118,116,66,156,10,348,18,0,18,366
04/28/2004,ELP,TX,ASW,WE,Towers with Radar,130,60,64,24,278,0,13,80,4,97,130,73,144,28,375,38,10,48,423
04/29/2004,ELP,TX,ASW,WE,Towers with Radar,137,48,66,19,270,0,11,55,2,68,137,59,121,21,338,8,0,8,346
04/30/2004,ELP,TX,ASW,WE,Towers with Radar,136,47,52,9,244,0,5,89,6,100,136,52,141,15,344,20,0,20,364
05/01/2004,ELP,TX,ASW,WE,Towers with Radar,87,39,33,2,161,0,0,71,0,71,87,39,104,2,232,0,0,0,232
05/02/2004,ELP,TX,ASW,WE,Towers with Radar,106,30,32,12,180,0,0,60,0,60,106,30,92,12,240,8,0,8,248
05/03/2004,ELP,TX,ASW,WE,Towers with Radar,125,40,42,2,209,0,5,76,4,85,125,45,118,6,294,34,0,34,328
05/04/2004,ELP,TX,ASW,WE,Towers with Radar,130,47,55,9,241,0,6,107,0,113,130,53,162,9,354,50,0,50,404
05/05/2004,ELP,TX,ASW,WE,Towers with Radar,139,61,84,8,292,0,19,87,3,109,139,80,171,11,401,10,0,10,411
05/06/2004,ELP,TX,ASW,WE,Towers with Radar,139,55,51,18,263,0,17,75,5,97,139,72,126,23,360,12,28,40,400
05/07/2004,ELP,TX,ASW,WE,Towers with Radar,135,52,47,17,251,1,7,73,5,86,136,59,120,22,337,26,0,26,363
05/08/2004,ELP,TX,ASW,WE,Towers with Radar,61,50,25,2,138,0,0,63,5,68,61,50,88,7,206,0,0,0,206
05/09/2004,ELP,TX,ASW,WE,Towers with Radar,87,36,30,7,160,0,0,42,1,43,87,36,72,8,203,22,0,22,225
05/10/2004,ELP,TX,ASW,WE,Towers with Radar,110,53,35,11,209,1,4,43,14,62,111,57,78,25,271,8,20,28,299
05/11/2004,ELP,TX,ASW,WE,Towers with Radar,132,64,27,16,239,0,15,50,1,66,132,79,77,17,305,0,4,4,309
05/12/2004,ELP,TX,ASW,WE,Towers with Radar,129,66,37,28,260,1,10,52,1,64,130,76,89,29,324,0,0,0,324
05/13/2004,ELP,TX,ASW,WE,Towers with Radar,125,76,46,22,269,0,9,39,1,49,125,85,85,23,318,24,18,42,360
05/14/2004,ELP,TX,ASW,WE,Towers with Radar,125,56,43,10,234,0,11,84,4,99,125,67,127,14,333,12,0,12,345
05/15/2004,ELP,TX,ASW,WE,Towers with Radar,74,56,33,0,163,0,1,65,5,71,74,57,98,5,234,22,0,22,256
05/16/2004,ELP,TX,ASW,WE,Towers with Radar,107,51,29,13,200,0,4,69,0,73,107,55,98,13,273,10,0,10,283
05/17/2004,ELP,TX,ASW,WE,Towers with Radar,113,58,29,10,210,0,12,52,1,65,113,70,81,11,275,64,0,64,339
05/18/2004,ELP,TX,ASW,WE,Towers with Radar,119,61,33,17,230,0,8,77,3,88,119,69,110,20,318,18,4,22,340
05/19/2004,ELP,TX,ASW,WE,Towers with Radar,128,65,44,13,250,0,8,56,5,69,128,73,100,18,319,16,0,16,335
05/20/2004,ELP,TX,ASW,WE,Towers with Radar,119,69,49,6,243,0,14,98,0,112,119,83,147,6,355,2,0,2,357
05/21/2004,ELP,TX,ASW,WE,Towers with Radar,120,55,30,21,226,0,11,64,3,78,120,66,94,24,304,24,0,24,328
05/22/2004,ELP,TX,ASW,WE,Towers with Radar,82,53,32,6,173,0,7,41,1,49,82,60,73,7,222,0,0,0,222
05/23/2004,ELP,TX,ASW,WE,Towers with Radar,99,51,36,11,197,0,2,58,3,63,99,53,94,14,260,48,4,52,312
05/24/2004,ELP,TX,ASW,WE,Towers with Radar,115,57,35,3,210,0,9,48,1,58,115,66,83,4,268,20,0,20,288
05/25/2004,ELP,TX,ASW,WE,Towers with Radar,118,59,31,6,214,0,9,57,4,70,118,68,88,10,284,50,0,50,334
05/26/2004,ELP,TX,ASW,WE,Towers with Radar,123,59,59,35,276,0,7,76,2,85,123,66,135,37,361,14,16,30,391
05/27/2004,ELP,TX,ASW,WE,Towers with Radar,121,76,41,9,247,0,8,55,3,66,121,84,96,12,313,4,10,14,327
05/28/2004,ELP,TX,ASW,WE,Towers with Radar,121,79,41,11,252,0,6,57,0,63,121,85,98,11,315,10,6,16,331
05/29/2004,ELP,TX,ASW,WE,Towers with Radar,79,51,28,1,159,0,2,33,0,35,79,53,61,1,194,0,0,0,194
05/30/2004,ELP,TX,ASW,WE,Towers with Radar,80,34,31,0,145,0,0,31,0,31,80,34,62,0,176,0,0,0,176
05/31/2004,ELP,TX,ASW,WE,Towers with Radar,93,43,27,4,167,0,3,70,0,73,93,46,97,4,240,20,0,20,260
06/01/2004,ELP,TX,ASW,WE,Towers with Radar,115,52,34,13,214,5,0,69,11,85,120,52,103,24,299,8,0,8,307
06/02/2004,ELP,TX,ASW,WE,Towers with Radar,119,57,35,8,219,6,8,53,0,67,125,65,88,8,286,2,0,2,288
06/03/2004,ELP,TX,ASW,WE,Towers with Radar,126,60,37,13,236,1,35,44,1,81,127,95,81,14,317,16,0,16,333
06/04/2004,ELP,TX,ASW,WE,Towers with Radar,129,73,45,18,265,0,5,55,24,84,129,78,100,42,349,6,0,6,355
06/05/2004,ELP,TX,ASW,WE,Towers with Radar,80,42,25,11,158,0,12,55,1,68,80,54,80,12,226,0,0,0,226
06/06/2004,ELP,TX,ASW,WE,Towers with Radar,91,45,26,10,172,11,4,41,0,56,102,49,67,10,228,2,0,2,230
06/07/2004,ELP,TX,ASW,WE,Towers with Radar,126,62,37,15,240,0,7,39,16,62,126,69,76,31,302,28,0,28,330
06/08/2004,ELP,TX,ASW,WE,Towers with Radar,131,64,38,16,249,2,6,62,5,75,133,70,100,21,324,66,12,78,402
06/09/2004,ELP,TX,ASW,WE,Towers with Radar,120,59,35,15,229,7,4,59,6,76,127,63,94,21,305,2,0,2,307
06/10/2004,ELP,TX,ASW,WE,Towers with Radar,134,70,41,17,262,0,9,61,15,85,134,79,102,32,347,0,0,0,347
06/11/2004,ELP,TX,ASW,WE,Towers with Radar,118,58,34,14,224,8,2,64,2,76,126,60,98,16,300,28,18,46,346
06/12/2004,ELP,TX,ASW,WE,Towers with Radar,84,42,24,7,157,4,5,73,0,82,88,47,97,7,239,76,0,76,315
06/13/2004,ELP,TX,ASW,WE,Towers with Radar,102,44,30,12,188,0,0,54,0,54,102,44,84,12,242,64,0,64,306
06/14/2004,ELP,TX,ASW,WE,Towers with Radar,114,56,33,6,209,11,13,38,0,62,125,69,71,6,271,56,0,56,327
06/15/2004,ELP,TX,ASW,WE,Towers with Radar,121,60,35,8,224,16,6,67,0,89,137,66,102,8,313,42,6,48,361
06/16/2004,ELP,TX,ASW,WE,Towers with Radar,122,60,36,9,227,5,13,82,0,100,127,73,118,9,327,12,0,12,339
06/17/2004,ELP,TX,ASW,WE,Towers with Radar,129,63,38,11,241,11,13,66,0,90,140,76,104,11,331,52,0,52,383
06/18/2004,ELP,TX,ASW,WE,Towers with Radar,138,69,41,17,265,0,18,54,0,72,138,87,95,17,337,2,0,2,339
06/19/2004,ELP,TX,ASW,WE,Towers with Radar,87,47,28,5,167,0,18,47,0,65,87,65,75,5,232,10,0,10,242
06/20/2004,ELP,TX,ASW,WE,Towers with Radar,104,51,32,8,195,0,0,67,0,67,104,51,99,8,262,22,0,22,284
06/21/2004,ELP,TX,ASW,WE,Towers with Radar,122,58,39,15,234,0,0,37,17,54,122,58,76,32,288,16,0,16,304
06/22/2004,ELP,TX,ASW,WE,Towers with Radar,121,58,36,7,222,14,21,27,0,62,135,79,63,7,284,0,0,0,284
06/23/2004,ELP,TX,ASW,WE,Towers with Radar,129,62,38,11,240,2,15,38,0,55,131,77,76,11,295,56,0,56,351
06/24/2004,ELP,TX,ASW,WE,Towers with Radar,134,68,42,16,260,0,22,89,2,113,134,90,131,18,373,28,10,38,411
06/25/2004,ELP,TX,ASW,WE,Towers with Radar,125,70,43,16,254,0,21,109,12,142,125,91,152,28,396,104,40,144,540
06/26/2004,ELP,TX,ASW,WE,Towers with Radar,84,42,27,10,163,0,0,73,3,76,84,42,100,13,239,68,16,84,323
06/27/2004,ELP,TX,ASW,WE,Towers with Radar,103,41,31,12,187,0,0,68,25,93,103,41,99,37,280,92,0,92,372
06/28/2004,ELP,TX,ASW,WE,Towers with Radar,119,59,36,11,225,0,5,61,0,66,119,64,97,11,291,42,0,42,333
06/29/2004,ELP,TX,ASW,WE,Towers with Radar,137,67,41,16,261,0,12,57,8,77,137,79,98,24,338,85,25,110,448
06/30/2004,ELP,TX,ASW,WE,Towers with Radar,135,66,41,15,257,0,7,66,5,78,135,73,107,20,335,46,4,50,385
07/01/2004,ELP,TX,ASW,WE,Towers with Radar,132,73,53,16,274,0,10,96,4,110,132,83,149,20,384,42,0,42,426
07/02/2004,ELP,TX,ASW,WE,Towers with Radar,126,66,48,10,250,0,10,95,0,105,126,76,143,10,355,34,12,46,401
07/03/2004,ELP,TX,ASW,WE,Towers with Radar,84,41,30,2,157,0,2,41,0,43,84,43,71,2,200,28,0,28,228
07/04/2004,ELP,TX,ASW,WE,Towers with Radar,62,28,21,1,112,9,8,34,0,51,71,36,55,1,163,6,0,6,169
07/05/2004,ELP,TX,ASW,WE,Towers with Radar,100,45,33,0,178,3,9,52,0,64,103,54,85,0,242,22,0,22,264
07/06/2004,ELP,TX,ASW,WE,Towers with Radar,120,55,40,12,227,2,3,78,4,87,122,58,118,16,314,16,0,16,330
07/07/2004,ELP,TX,ASW,WE,Towers with Radar,122,56,41,12,231,2,8,81,4,95,124,64,122,16,326,30,0,30,356
07/08/2004,ELP,TX,ASW,WE,Towers with Radar,126,63,46,14,249,0,9,78,14,101,126,72,124,28,350,10,0,10,360
07/09/2004,ELP,TX,ASW,WE,Towers with Radar,129,59,43,12,243,0,5,42,0,47,129,64,85,12,290,0,0,0,290
07/10/2004,ELP,TX,ASW,WE,Towers with Radar,84,39,29,1,153,0,4,83,0,87,84,43,112,1,240,122,0,122,362
07/11/2004,ELP,TX,ASW,WE,Towers with Radar,70,27,23,7,127,4,0,24,4,32,74,27,47,11,159,8,0,8,167
07/12/2004,ELP,TX,ASW,WE,Towers with Radar,118,55,38,13,224,2,17,61,1,81,120,72,99,14,305,38,0,38,343
07/13/2004,ELP,TX,ASW,WE,Towers with Radar,123,57,40,13,233,0,11,81,3,95,123,68,121,16,328,18,0,18,346
07/14/2004,ELP,TX,ASW,WE,Towers with Radar,127,59,42,14,242,0,13,81,9,103,127,72,123,23,345,58,4,62,407
07/15/2004,ELP,TX,ASW,WE,Towers with Radar,123,57,39,12,231,1,3,84,8,96,124,60,123,20,327,2,0,2,329
07/16/2004,ELP,TX,ASW,WE,Towers with Radar,126,48,41,14,229,6,0,79,11,96,132,48,120,25,325,52,26,78,403
07/17/2004,ELP,TX,ASW,WE,Towers with Radar,82,38,26,5,151,8,10,88,0,106,90,48,114,5,257,20,0,20,277
07/18/2004,ELP,TX,ASW,WE,Towers with Radar,104,49,34,11,198,0,2,76,11,89,104,51,110,22,287,44,0,44,331
07/19/2004,ELP,TX,ASW,WE,Towers with Radar,111,51,36,7,205,11,7,75,0,93,122,58,111,7,298,2,0,2,300
07/20/2004,ELP,TX,ASW,WE,Towers with Radar,123,57,40,13,233,7,8,79,17,111,130,65,119,30,344,0,36,36,380
07/21/2004,ELP,TX,ASW,WE,Towers with Radar,113,52,37,12,214,11,9,69,6,95,124,61,106,18,309,14,0,14,323
07/22/2004,ELP,TX,ASW,WE,Towers with Radar,128,63,44,15,250,0,11,81,17,109,128,74,125,32,359,6,0,6,365
07/23/2004,ELP,TX,ASW,WE,Towers with Radar,123,57,40,13,233,7,10,67,2,86,130,67,107,15,319,34,0,34,353
07/24/2004,ELP,TX,ASW,WE,Towers with Radar,86,42,29,0,157,0,15,55,0,70,86,57,84,0,227,14,0,14,241
07/25/2004,ELP,TX,ASW,WE,Towers with Radar,92,40,30,10,172,6,0,28,3,37,98,40,58,13,209,14,0,14,223
07/26/2004,ELP,TX,ASW,WE,Towers with Radar,122,55,39,13,229,7,1,23,7,38,129,56,62,20,267,0,0,0,267
07/27/2004,ELP,TX,ASW,WE,Towers with Radar,127,58,41,8,234,0,3,41,0,44,127,61,82,8,278,0,0,0,278
07/28/2004,ELP,TX,ASW,WE,Towers with Radar,119,60,42,14,235,0,11,68,21,100,119,71,110,35,335,42,0,42,377
07/29/2004,ELP,TX,ASW,WE,Towers with Radar,129,59,43,13,244,0,10,52,24,86,129,69,95,37,330,10,34,44,374
07/30/2004,ELP,TX,ASW,WE,Towers with Radar,114,51,38,11,214,12,16,59,4,91,126,67,97,15,305,44,0,44,349
07/31/2004,ELP,TX,ASW,WE,Towers with Radar,88,40,29,6,163,0,11,44,0,55,88,51,73,6,218,0,0,0,218
08/01/2004,ELP,TX,ASW,WE,Towers with Radar,85,38,24,10,157,15,0,34,2,51,100,38,58,12,208,0,0,0,208
08/02/2004,ELP,TX,ASW,WE,Towers with Radar,117,56,32,12,217,6,5,50,0,61,123,61,82,12,278,4,0,4,282
08/03/2004,ELP,TX,ASW,WE,Towers with Radar,124,59,34,10,227,7,13,52,0,72,131,72,86,10,299,0,0,0,299
08/04/2004,ELP,TX,ASW,WE,Towers with Radar,127,61,35,13,236,1,18,63,0,82,128,79,98,13,318,36,6,42,360
08/05/2004,ELP,TX,ASW,WE,Towers with Radar,128,62,35,5,230,8,8,49,0,65,136,70,84,5,295,24,0,24,319
08/06/2004,ELP,TX,ASW,WE,Towers with Radar,123,59,34,15,231,6,8,64,6,84,129,67,98,21,315,12,24,36,351
08/07/2004,ELP,TX,ASW,WE,Towers with Radar,127,51,35,15,228,18,0,45,0,63,145,51,80,15,291,10,6,16,307
08/08/2004,ELP,TX,ASW,WE,Towers with Radar,99,43,27,12,181,0,0,40,7,47,99,43,67,19,228,6,0,6,234
08/09/2004,ELP,TX,ASW,WE,Towers with Radar,122,60,34,16,232,0,18,51,4,73,122,78,85,20,305,2,0,2,307
08/10/2004,ELP,TX,ASW,WE,Towers with Radar,133,68,37,17,255,0,4,58,10,72,133,72,95,27,327,0,0,0,327
08/11/2004,ELP,TX,ASW,WE,Towers with Radar,124,61,33,7,225,4,28,33,0,65,128,89,66,7,290,28,0,28,318
08/12/2004,ELP,TX,ASW,WE,Towers with Radar,127,66,36,11,240,0,16,59,0,75,127,82,95,11,315,5,0,5,320
08/13/2004,ELP,TX,ASW,WE,Towers with Radar,128,62,34,4,228,1,10,31,0,42,129,72,65,4,270,30,6,36,306
08/14/2004,ELP,TX,ASW,WE,Towers with Radar,82,40,22,0,144,6,3,32,0,41,88,43,54,0,185,22,0,22,207
08/15/2004,ELP,TX,ASW,WE,Towers with Radar,94,46,25,7,172,8,2,19,0,29,102,48,44,7,201,12,0,12,213
08/16/2004,ELP,TX,ASW,WE,Towers with Radar,115,57,31,6,209,4,10,36,0,50,119,67,67,6,259,0,0,0,259
08/17/2004,ELP,TX,ASW,WE,Towers with Radar,123,63,37,17,240,0,0,65,19,84,123,63,102,36,324,18,0,18,342
08/18/2004,ELP,TX,ASW,WE,Towers with Radar,190,85,51,23,349,18,0,73,9,100,208,85,124,32,449,58,0,58,507
08/19/2004,ELP,TX,ASW,WE,Towers with Radar,128,72,40,18,258,0,17,83,2,102,128,89,123,20,360,18,0,18,378
08/20/2004,ELP,TX,ASW,WE,Towers with Radar,137,71,39,18,265,0,5,51,17,73,137,76,90,35,338,38,10,48,386
08/21/2004,ELP,TX,ASW,WE,Towers with Radar,81,48,26,12,167,0,27,52,2,81,81,75,78,14,248,32,20,52,300
08/22/2004,ELP,TX,ASW,WE,Towers with Radar,106,38,30,14,188,0,0,41,25,66,106,38,71,39,254,24,0,24,278
08/23/2004,ELP,TX,ASW,WE,Towers with Radar,185,76,51,23,335,0,0,56,25,81,185,76,107,48,416,0,0,0,416
08/24/2004,ELP,TX,ASW,WE,Towers with Radar,135,70,38,15,258,0,12,57,0,69,135,82,95,15,327,24,0,24,351
08/25/2004,ELP,TX,ASW,WE,Towers with Radar,132,70,39,15,256,0,19,75,0,94,132,89,114,15,350,30,0,30,380
08/26/2004,ELP,TX,ASW,WE,Towers with Radar,140,71,41,17,269,0,21,66,1,88,140,92,107,18,357,6,0,6,363
08/27/2004,ELP,TX,ASW,WE,Towers with Radar,119,57,33,14,223,8,17,73,4,102,127,74,106,18,325,30,16,46,371
08/28/2004,ELP,TX,ASW,WE,Towers with Radar,79,38,22,9,148,3,18,42,0,63,82,56,64,9,211,100,6,106,317
08/29/2004,ELP,TX,ASW,WE,Towers with Radar,95,45,26,11,177,12,6,56,2,76,107,51,82,13,253,30,0,30,283
08/30/2004,ELP,TX,ASW,WE,Towers with Radar,128,62,35,14,239,0,15,62,0,77,128,77,97,14,316,0,0,0,316
08/31/2004,ELP,TX,ASW,WE,Towers with Radar,138,71,41,17,267,0,14,48,16,78,138,85,89,33,345,80,24,104,449
09/01/2004,ELP,TX,ASW,WE,Towers with Radar,125,77,43,18,263,0,10,54,2,66,125,87,97,20,329,38,6,44,373
09/02/2004,ELP,TX,ASW,WE,Towers with Radar,137,74,29,30,270,0,12,82,2,96,137,86,111,32,366,0,0,0,366
09/03/2004,ELP,TX,ASW,WE,Towers with Radar,133,75,43,8,259,1,12,54,2,69,134,87,97,10,328,40,10,50,378
09/04/2004,ELP,TX,ASW,WE,Towers with Radar,79,38,18,5,140,0,1,41,4,46,79,39,59,9,186,50,0,50,236
09/05/2004,ELP,TX,ASW,WE,Towers with Radar,72,34,18,4,128,0,3,32,0,35,72,37,50,4,163,0,0,0,163
09/06/2004,ELP,TX,ASW,WE,Towers with Radar,98,45,33,16,192,0,2,50,3,55,98,47,83,19,247,12,0,12,259
09/07/2004,ELP,TX,ASW,WE,Towers with Radar,128,52,24,11,215,0,14,45,0,59,128,66,69,11,274,0,4,4,278
09/08/2004,ELP,TX,ASW,WE,Towers with Radar,129,77,56,10,272,1,11,73,0,85,130,88,129,10,357,18,0,18,375
09/09/2004,ELP,TX,ASW,WE,Towers with Radar,132,69,78,5,284,0,13,55,4,72,132,82,133,9,356,15,0,15,371
09/10/2004,ELP,TX,ASW,WE,Towers with Radar,131,61,19,24,235,0,13,59,6,78,131,74,78,30,313,42,18,60,373
09/11/2004,ELP,TX,ASW,WE,Towers with Radar,82,46,25,0,153,0,7,57,0,64,82,53,82,0,217,8,0,8,225
09/12/2004,ELP,TX,ASW,WE,Towers with Radar,102,35,41,19,197,0,2,48,5,55,102,37,89,24,252,16,0,16,268
09/13/2004,ELP,TX,ASW,WE,Towers with Radar,124,62,28,12,226,0,10,32,2,44,124,72,60,14,270,24,0,24,294
09/14/2004,ELP,TX,ASW,WE,Towers with Radar,146,59,42,7,254,0,13,53,9,75,146,72,95,16,329,0,0,0,329
09/15/2004,ELP,TX,ASW,WE,Towers with Radar,148,76,58,8,290,0,11,69,10,90,148,87,127,18,380,52,40,92,472
09/16/2004,ELP,TX,ASW,WE,Towers with Radar,145,70,61,4,280,0,9,51,4,64,145,79,112,8,344,62,0,62,406
09/17/2004,ELP,TX,ASW,WE,Towers with Radar,147,38,37,7,229,0,11,49,3,63,147,49,86,10,292,80,24,104,396
09/18/2004,ELP,TX,ASW,WE,Towers with Radar,105,31,17,1,154,0,2,55,3,60,105,33,72,4,214,48,4,52,266
09/19/2004,ELP,TX,ASW,WE,Towers with Radar,114,39,32,8,193,0,5,18,0,23,114,44,50,8,216,0,4,4,220
09/20/2004,ELP,TX,ASW,WE,Towers with Radar,131,53,41,8,233,0,8,55,8,71,131,61,96,16,304,4,0,4,308
09/21/2004,ELP,TX,ASW,WE,Towers with Radar,141,46,54,5,246,0,9,56,1,66,141,55,110,6,312,18,0,18,330
09/22/2004,ELP,TX,ASW,WE,Towers with Radar,146,47,41,7,241,1,9,64,14,88,147,56,105,21,329,32,0,32,361
09/23/2004,ELP,TX,ASW,WE,Towers with Radar,144,41,45,6,236,0,15,42,7,64,144,56,87,13,300,16,0,16,316
09/24/2004,ELP,TX,ASW,WE,Towers with Radar,141,44,41,18,244,0,13,38,4,55,141,57,79,22,299,6,0,6,305
09/25/2004,ELP,TX,ASW,WE,Towers with Radar,92,28,23,6,149,0,3,43,4,50,92,31,66,10,199,0,0,0,199
09/26/2004,ELP,TX,ASW,WE,Towers with Radar,114,33,41,16,204,0,1,25,1,27,114,34,66,17,231,8,0,8,239
09/27/2004,ELP,TX,ASW,WE,Towers with Radar,134,46,39,10,229,0,10,32,0,42,134,56,71,10,271,24,0,24,295
09/28/2004,ELP,TX,ASW,WE,Towers with Radar,143,54,34,3,234,0,9,38,1,48,143,63,72,4,282,2,0,2,284
09/29/2004,ELP,TX,ASW,WE,Towers with Radar,138,55,36,3,232,0,8,75,5,88,138,63,111,8,320,22,0,22,342
09/30/2004,ELP,TX,ASW,WE,Towers with Radar,160,58,53,11,282,0,5,50,1,56,160,63,103,12,338,0,0,0,338
10/01/2004,ELP,TX,ASW,WE,Towers with Radar,142,56,30,20,248,0,14,61,4,79,142,70,91,24,327,30,10,40,367
10/02/2004,ELP,TX,ASW,WE,Towers with Radar,95,25,21,1,142,0,2,36,0,38,95,27,57,1,180,68,8,76,256
10/03/2004,ELP,TX,ASW,WE,Towers with Radar,115,32,60,17,224,0,3,31,1,35,115,35,91,18,259,30,20,50,309
10/04/2004,ELP,TX,ASW,WE,Towers with Radar,135,54,24,12,225,0,11,40,4,55,135,65,64,16,280,16,14,30,310
10/05/2004,ELP,TX,ASW,WE,Towers with Radar,143,59,49,6,257,0,13,47,2,62,143,72,96,8,319,0,0,0,319
10/06/2004,ELP,TX,ASW,WE,Towers with Radar,146,71,37,6,260,0,16,36,3,55,146,87,73,9,315,28,0,28,343
10/07/2004,ELP,TX,ASW,WE,Towers with Radar,152,55,43,14,264,0,6,47,4,57,152,61,90,18,321,20,0,20,341
10/08/2004,ELP,TX,ASW,WE,Towers with Radar,150,52,33,14,249,0,10,67,2,79,150,62,100,16,328,46,36,82,410
10/09/2004,ELP,TX,ASW,WE,Towers with Radar,95,37,28,10,170,0,3,67,0,70,95,40,95,10,240,0,0,0,240
10/10/2004,ELP,TX,ASW,WE,Towers with Radar,113,34,44,2,193,0,2,50,1,53,113,36,94,3,246,0,0,0,246
10/11/2004,ELP,TX,ASW,WE,Towers with Radar,136,37,36,16,225,0,4,38,0,42,136,41,74,16,267,8,0,8,275
10/12/2004,ELP,TX,ASW,WE,Towers with Radar,176,47,48,17,288,0,10,46,3,59,176,57,94,20,347,30,2,32,379
10/13/2004,ELP,TX,ASW,WE,Towers with Radar,141,47,53,12,253,0,10,51,1,62,141,57,104,13,315,0,2,2,317
10/14/2004,ELP,TX,ASW,WE,Towers with Radar,155,53,46,11,265,0,11,74,2,87,155,64,120,13,352,16,0,16,368
10/15/2004,ELP,TX,ASW,WE,Towers with Radar,144,43,23,32,242,0,12,92,3,107,144,55,115,35,349,56,20,76,425
10/16/2004,ELP,TX,ASW,WE,Towers with Radar,93,25,31,3,152,0,0,43,2,45,93,25,74,5,197,42,0,42,239
10/17/2004,ELP,TX,ASW,WE,Towers with Radar,109,20,41,17,187,0,3,67,1,71,109,23,108,18,258,10,0,10,268
10/18/2004,ELP,TX,ASW,WE,Towers with Radar,141,45,24,14,224,0,14,55,6,75,141,59,79,20,299,2,20,22,321
10/19/2004,ELP,TX,ASW,WE,Towers with Radar,145,58,36,4,243,0,15,45,9,69,145,73,81,13,312,12,0,12,324
10/20/2004,ELP,TX,ASW,WE,Towers with Radar,148,55,61,1,265,0,8,82,7,97,148,63,143,8,362,10,0,10,372
10/21/2004,ELP,TX,ASW,WE,Towers with Radar,144,66,55,4,269,0,11,40,7,58,144,77,95,11,327,20,0,20,347
10/22/2004,ELP,TX,ASW,WE,Towers with Radar,143,51,51,11,256,0,13,36,1,50,143,64,87,12,306,0,0,0,306
10/23/2004,ELP,TX,ASW,WE,Towers with Radar,103,27,26,0,156,0,3,34,0,37,103,30,60,0,193,22,0,22,215
10/24/2004,ELP,TX,ASW,WE,Towers with Radar,108,29,45,2,184,0,5,39,0,44,108,34,84,2,228,0,0,0,228
10/25/2004,ELP,TX,ASW,WE,Towers with Radar,142,46,47,12,247,0,7,24,6,37,142,53,71,18,284,0,0,0,284
10/26/2004,ELP,TX,ASW,WE,Towers with Radar,141,66,47,7,261,0,11,44,5,60,141,77,91,12,321,0,0,0,321
10/27/2004,ELP,TX,ASW,WE,Towers with Radar,146,62,51,9,268,0,10,61,16,87,146,72,112,25,355,20,24,44,399
10/28/2004,ELP,TX,ASW,WE,Towers with Radar,149,59,63,21,292,0,11,65,4,80,149,70,128,25,372,0,10,10,382
10/29/2004,ELP,TX,ASW,WE,Towers with Radar,146,72,47,14,279,0,18,64,7,89,146,90,111,21,368,34,16,50,418
10/30/2004,ELP,TX,ASW,WE,Towers with Radar,98,36,22,18,174,0,2,52,0,54,98,38,74,18,228,8,0,8,236
10/31/2004,ELP,TX,ASW,WE,Towers with Radar,109,28,21,10,168,0,1,30,0,31,109,29,51,10,199,28,10,38,237
11/01/2004,ELP,TX,ASW,WE,Combined TRACON& Tower with Radar,136,40,22,1,199,0,4,14,2,20,136,44,36,3,219,0,0,0,219
11/02/2004,ELP,TX,ASW,WE,Combined TRACON& Tower with Radar,129,43,31,12,215,0,4,46,4,54,129,47,77,16,269,0,30,30,299
11/03/2004,ELP,TX,ASW,WE,Combined TRACON& Tower with Radar,129,52,39,17,237,0,9,54,2,65,129,61,93,19,302,10,28,38,340
11/04/2004,ELP,TX,ASW,WE,Combined TRACON& Tower with Radar,138,45,52,13,248,0,10,72,0,82,138,55,124,13,330,10,0,10,340
11/05/2004,ELP,TX,ASW,WE,Combined TRACON& Tower with Radar,143,41,57,6,247,0,14,71,5,90,143,55,128,11,337,42,14,56,393
11/06/2004,ELP,TX,ASW,WE,Combined TRACON& Tower with Radar,98,22,43,0,163,0,0,71,5,76,98,22,114,5,239,20,0,20,259
11/07/2004,ELP,TX,ASW,WE,Combined TRACON& Tower with Radar,112,24,39,5,180,0,2,74,2,78,112,26,113,7,258,48,0,48,306
11/08/2004,ELP,TX,ASW,WE,Combined TRACON& Tower with Radar,132,30,71,2,235,0,7,52,1,60,132,37,123,3,295,4,0,4,299
11/09/2004,ELP,TX,ASW,WE,Combined TRACON& Tower with Radar,0,0,0,0,0,0,0,0,0,0,0,0,0,0,0,44,8,52,52
11/10/2004,ELP,TX,ASW,WE,Combined TRACON& Tower with Radar,146,51,61,26,284,0,10,65,1,76,146,61,126,27,360,42,66,108,468
11/11/2004,ELP,TX,ASW,WE,Combined TRACON& Tower with Radar,142,35,65,1,243,0,5,90,2,97,142,40,155,3,340,4,0,4,344
11/12/2004,ELP,TX,ASW,WE,Combined TRACON& Tower with Radar,144,44,59,7,254,0,9,48,1,58,144,53,107,8,312,28,0,28,340
11/13/2004,ELP,TX,ASW,WE,Combined TRACON& Tower with Radar,99,30,28,6,163,0,0,9,0,9,99,30,37,6,172,10,0,10,182
11/14/2004,ELP,TX,ASW,WE,Combined TRACON& Tower with Radar,109,26,26,10,171,0,0,0,0,0,109,26,26,10,171,0,0,0,171
11/15/2004,ELP,TX,ASW,WE,Combined TRACON& Tower with Radar,125,45,26,3,199,0,0,10,0,10,125,45,36,3,209,0,0,0,209
11/16/2004,ELP,TX,ASW,WE,Combined TRACON& Tower with Radar,137,42,28,20,227,0,4,11,1,16,137,46,39,21,243,0,0,0,243
11/17/2004,ELP,TX,ASW,WE,Combined TRACON& Tower with Radar,133,47,59,4,243,0,13,61,6,80,133,60,120,10,323,58,18,76,399
11/18/2004,ELP,TX,ASW,WE,Combined TRACON& Tower with Radar,139,52,50,4,245,1,17,79,5,102,140,69,129,9,347,30,0,30,377
11/19/2004,ELP,TX,ASW,WE,Combined TRACON& Tower with Radar,147,61,63,17,288,0,8,93,4,105,147,69,156,21,393,38,10,48,441
11/20/2004,ELP,TX,ASW,WE,Combined TRACON& Tower with Radar,100,31,48,13,192,0,0,66,5,71,100,31,114,18,263,36,0,36,299
11/21/2004,ELP,TX,ASW,WE,Combined TRACON& Tower with Radar,108,31,33,10,182,0,3,46,2,51,108,34,79,12,233,6,0,6,239
11/22/2004,ELP,TX,ASW,WE,Combined TRACON& Tower with Radar,132,40,40,8,220,0,4,12,1,17,132,44,52,9,237,0,10,10,247
11/23/2004,ELP,TX,ASW,WE,Combined TRACON& Tower with Radar,145,52,57,11,265,0,9,27,2,38,145,61,84,13,303,0,0,0,303
11/24/2004,ELP,TX,ASW,WE,Combined TRACON& Tower with Radar,141,52,61,4,258,0,10,65,4,79,141,62,126,8,337,34,0,34,371
11/25/2004,ELP,TX,ASW,WE,Combined TRACON& Tower with Radar,80,33,10,0,123,0,4,29,0,33,80,37,39,0,156,10,0,10,166
11/26/2004,ELP,TX,ASW,WE,Combined TRACON& Tower with Radar,108,27,18,0,153,0,7,34,0,41,108,34,52,0,194,0,0,0,194
11/27/2004,ELP,TX,ASW,WE,Combined TRACON& Tower with Radar,99,24,34,1,158,0,3,61,0,64,99,27,95,1,222,0,4,4,226
11/28/2004,ELP,TX,ASW,WE,Combined TRACON& Tower with Radar,108,31,40,3,182,0,2,36,2,40,108,33,76,5,222,14,0,14,236
11/29/2004,ELP,TX,ASW,WE,Combined TRACON& Tower with Radar,140,42,34,43,259,0,9,36,5,50,140,51,70,48,309,2,32,34,343
11/30/2004,ELP,TX,ASW,WE,Combined TRACON& Tower with Radar,141,43,58,14,256,0,12,64,5,81,141,55,122,19,337,16,6,22,359
12/01/2004,ELP,TX,ASW,WE,Combined TRACON& Tower with Radar,136,55,55,6,252,1,14,79,6,100,137,69,134,12,352,18,0,18,370
12/02/2004,ELP,TX,ASW,WE,Combined TRACON& Tower with Radar,142,42,55,32,271,1,14,75,5,95,143,56,130,37,366,4,14,18,384
12/03/2004,ELP,TX,ASW,WE,Combined TRACON& Tower with Radar,142,53,36,6,237,0,15,59,7,81,142,68,95,13,318,0,0,0,318
12/04/2004,ELP,TX,ASW,WE,Combined TRACON& Tower with Radar,95,34,19,1,149,0,1,37,1,39,95,35,56,2,188,48,6,54,242
12/05/2004,ELP,TX,ASW,WE,Combined TRACON& Tower with Radar,110,27,32,10,179,0,1,35,1,37,110,28,67,11,216,6,0,6,222
12/06/2004,ELP,TX,ASW,WE,Combined TRACON& Tower with Radar,127,37,16,16,196,0,6,14,5,25,127,43,30,21,221,0,0,0,221
12/07/2004,ELP,TX,ASW,WE,Combined TRACON& Tower with Radar,145,51,64,4,264,0,10,64,5,79,145,61,128,9,343,28,6,34,377
12/08/2004,ELP,TX,ASW,WE,Combined TRACON& Tower with Radar,140,62,43,9,254,0,11,57,13,81,140,73,100,22,335,6,0,6,341
12/09/2004,ELP,TX,ASW,WE,Combined TRACON& Tower with Radar,151,45,75,12,283,0,12,60,9,81,151,57,135,21,364,18,0,18,382
12/10/2004,ELP,TX,ASW,WE,Combined TRACON& Tower with Radar,147,48,33,16,244,0,10,56,3,69,147,58,89,19,313,0,0,0,313
12/11/2004,ELP,TX,ASW,WE,Combined TRACON& Tower with Radar,94,31,46,6,177,0,1,69,5,75,94,32,115,11,252,86,0,86,338
12/12/2004,ELP,TX,ASW,WE,Combined TRACON& Tower with Radar,115,29,29,12,185,0,3,48,6,57,115,32,77,18,242,24,0,24,266
12/13/2004,ELP,TX,ASW,WE,Combined TRACON& Tower with Radar,130,37,33,4,204,0,13,46,4,63,130,50,79,8,267,22,0,22,289
12/14/2004,ELP,TX,ASW,WE,Combined TRACON& Tower with Radar,141,54,54,11,260,1,9,81,12,103,142,63,135,23,363,8,0,8,371
12/15/2004,ELP,TX,ASW,WE,Combined TRACON& Tower with Radar,141,55,55,16,267,0,11,76,6,93,141,66,131,22,360,34,30,64,424
12/16/2004,ELP,TX,ASW,WE,Combined TRACON& Tower with Radar,150,61,32,14,257,0,11,55,2,68,150,72,87,16,325,16,0,16,341
12/17/2004,ELP,TX,ASW,WE,Combined TRACON& Tower with Radar,140,58,74,19,291,0,11,53,9,73,140,69,127,28,364,0,0,0,364
12/18/2004,ELP,TX,ASW,WE,Combined TRACON& Tower with Radar,99,48,48,6,201,0,3,86,3,92,99,51,134,9,293,26,0,26,319
12/19/2004,ELP,TX,ASW,WE,Combined TRACON& Tower with Radar,105,48,32,16,201,0,1,36,0,37,105,49,68,16,238,20,10,30,268
12/20/2004,ELP,TX,ASW,WE,Combined TRACON& Tower with Radar,128,41,45,1,215,1,9,56,1,67,129,50,101,2,282,4,0,4,286
12/21/2004,ELP,TX,ASW,WE,Combined TRACON& Tower with Radar,145,52,49,2,248,0,14,71,3,88,145,66,120,5,336,22,0,22,358
12/22/2004,ELP,TX,ASW,WE,Combined TRACON& Tower with Radar,139,66,46,16,267,0,9,40,3,52,139,75,86,19,319,24,30,54,373
12/23/2004,ELP,TX,ASW,WE,Combined TRACON& Tower with Radar,125,44,26,9,204,0,3,6,0,9,125,47,32,9,213,0,0,0,213
12/24/2004,ELP,TX,ASW,WE,Combined TRACON& Tower with Radar,115,50,16,2,183,0,9,25,0,34,115,59,41,2,217,8,0,8,225
12/25/2004,ELP,TX,ASW,WE,Combined TRACON& Tower with Radar,100,36,13,2,151,0,3,15,2,20,100,39,28,4,171,0,0,0,171
12/26/2004,ELP,TX,ASW,WE,Combined TRACON& Tower with Radar,118,48,36,0,202,0,2,31,0,33,118,50,67,0,235,0,0,0,235
12/27/2004,ELP,TX,ASW,WE,Combined TRACON& Tower with Radar,129,51,35,7,222,0,9,64,3,76,129,60,99,10,298,8,0,8,306
12/28/2004,ELP,TX,ASW,WE,Combined TRACON& Tower with Radar,132,42,32,6,212,0,7,56,0,63,132,49,88,6,275,39,0,39,314
12/29/2004,ELP,TX,ASW,WE,Combined TRACON& Tower with Radar,140,46,35,7,228,0,6,44,2,52,140,52,79,9,280,30,0,30,310
12/30/2004,ELP,TX,ASW,WE,Combined TRACON& Tower with Radar,137,51,42,0,230,0,9,37,0,46,137,60,79,0,276,0,0,0,276
12/31/2004,ELP,TX,ASW,WE,Combined TRACON& Tower with Radar,131,41,42,0,214,0,11,50,1,62,131,52,92,1,276,0,0,0,276
01/01/2005,ELP,TX,ASW,WE,Combined TRACON& Tower with Radar,104,31,32,1,168,0,0,37,1,38,104,31,69,2,206,40,0,40,246
01/02/2005,ELP,TX,ASW,WE,Combined TRACON& Tower with Radar,114,50,53,0,217,0,3,19,1,23,114,53,72,1,240,0,0,0,240
01/03/2005,ELP,TX,ASW,WE,Combined TRACON& Tower with Radar,127,48,48,0,223,1,3,15,0,19,128,51,63,0,242,0,0,0,242
01/04/2005,ELP,TX,ASW,WE,Combined TRACON& Tower with Radar,146,66,39,0,251,0,3,15,2,20,146,69,54,2,271,14,0,14,285
01/05/2005,ELP,TX,ASW,WE,Combined TRACON& Tower with Radar,136,56,54,7,253,0,10,50,5,65,136,66,104,12,318,0,0,0,318
01/06/2005,ELP,TX,ASW,WE,Combined TRACON& Tower with Radar,132,57,57,3,249,0,10,83,8,101,132,67,140,11,350,18,0,18,368
01/07/2005,ELP,TX,ASW,WE,Combined TRACON& Tower with Radar,136,44,52,27,259,0,14,58,5,77,136,58,110,32,336,10,0,10,346
01/08/2005,ELP,TX,ASW,WE,Combined TRACON& Tower with Radar,99,40,41,6,186,6,4,74,4,88,105,44,115,10,274,52,0,52,326
01/09/2005,ELP,TX,ASW,WE,Combined TRACON& Tower with Radar,101,33,44,16,194,0,4,43,2,49,101,37,87,18,243,32,0,32,275
01/10/2005,ELP,TX,ASW,WE,Combined TRACON& Tower with Radar,122,44,38,12,216,0,9,35,3,47,122,53,73,15,263,0,0,0,263
01/11/2005,ELP,TX,ASW,WE,Combined TRACON& Tower with Radar,134,57,54,5,250,0,11,53,2,66,134,68,107,7,316,10,0,10,326
01/12/2005,ELP,TX,ASW,WE,Combined TRACON& Tower with Radar,138,64,40,2,244,0,10,20,1,31,138,74,60,3,275,0,0,0,275
01/13/2005,ELP,TX,ASW,WE,Combined TRACON& Tower with Radar,132,66,63,14,275,0,8,66,4,78,132,74,129,18,353,28,20,48,401
01/14/2005,ELP,TX,ASW,WE,Combined TRACON& Tower with Radar,139,46,46,39,270,0,8,68,1,77,139,54,114,40,347,10,20,30,377
01/15/2005,ELP,TX,ASW,WE,Combined TRACON& Tower with Radar,93,37,46,2,178,0,3,62,3,68,93,40,108,5,246,32,0,32,278
01/16/2005,ELP,TX,ASW,WE,Combined TRACON& Tower with Radar,104,42,35,3,184,0,0,62,4,66,104,42,97,7,250,34,0,34,284
01/17/2005,ELP,TX,ASW,WE,Combined TRACON& Tower with Radar,127,39,27,24,217,0,0,67,1,68,127,39,94,25,285,48,12,60,345
01/18/2005,ELP,TX,ASW,WE,Combined TRACON& Tower with Radar,133,38,65,19,255,0,10,91,1,102,133,48,156,20,357,24,16,40,397
01/19/2005,ELP,TX,ASW,WE,Combined TRACON& Tower with Radar,135,51,57,5,248,0,11,79,3,93,135,62,136,8,341,22,2,24,365
01/20/2005,ELP,TX,ASW,WE,Combined TRACON& Tower with Radar,134,56,79,24,293,0,12,77,5,94,134,68,156,29,387,0,0,0,387
01/21/2005,ELP,TX,ASW,WE,Combined TRACON& Tower with Radar,130,44,46,8,228,0,9,46,4,59,130,53,92,12,287,10,0,10,297
01/22/2005,ELP,TX,ASW,WE,Combined TRACON& Tower with Radar,93,30,22,7,152,0,0,37,0,37,93,30,59,7,189,0,0,0,189
01/23/2005,ELP,TX,ASW,WE,Combined TRACON& Tower with Radar,107,33,26,4,170,0,2,34,4,40,107,35,60,8,210,14,0,14,224
01/24/2005,ELP,TX,ASW,WE,Combined TRACON& Tower with Radar,124,43,40,1,208,0,7,43,8,58,124,50,83,9,266,24,0,24,290
01/25/2005,ELP,TX,ASW,WE,Combined TRACON& Tower with Radar,127,51,51,6,235,0,9,85,8,102,127,60,136,14,337,0,0,0,337
01/26/2005,ELP,TX,ASW,WE,Combined TRACON& Tower with Radar,131,52,73,2,258,1,4,29,10,44,132,56,102,12,302,0,0,0,302
01/27/2005,ELP,TX,ASW,WE,Combined TRACON& Tower with Radar,132,51,47,11,241,0,3,18,20,41,132,54,65,31,282,0,0,0,282
01/28/2005,ELP,TX,ASW,WE,Combined TRACON& Tower with Radar,130,51,47,42,270,0,11,83,19,113,130,62,130,61,383,0,6,6,389
01/29/2005,ELP,TX,ASW,WE,Combined TRACON& Tower with Radar,94,26,37,22,179,0,5,39,0,44,94,31,76,22,223,60,14,74,297
01/30/2005,ELP,TX,ASW,WE,Combined TRACON& Tower with Radar,131,52,73,2,258,1,4,29,10,44,132,56,102,12,302,36,66,102,404
01/31/2005,ELP,TX,ASW,WE,Combined TRACON& Tower with Radar,127,43,37,41,248,0,5,54,7,66,127,48,91,48,314,12,8,20,334
02/01/2005,ELP,TX,ASW,WE,Combined TRACON& Tower with Radar,135,42,46,16,239,0,4,41,7,52,135,46,87,23,291,48,10,58,349
02/02/2005,ELP,TX,ASW,WE,Combined TRACON& Tower with Radar,132,42,49,34,257,1,10,68,18,97,133,52,117,52,354,64,0,64,418
02/03/2005,ELP,TX,ASW,WE,Combined TRACON& Tower with Radar,130,56,45,9,240,0,12,71,12,95,130,68,116,21,335,10,2,12,347
02/04/2005,ELP,TX,ASW,WE,Combined TRACON& Tower with Radar,132,48,37,20,237,0,7,46,0,53,132,55,83,20,290,12,0,12,302
02/05/2005,ELP,TX,ASW,WE,Combined TRACON& Tower with Radar,93,39,19,0,151,0,0,6,0,6,93,39,25,0,157,0,0,0,157
02/06/2005,ELP,TX,ASW,WE,Combined TRACON& Tower with Radar,107,32,34,10,183,0,2,13,3,18,107,34,47,13,201,0,0,0,201
02/07/2005,ELP,TX,ASW,WE,Combined TRACON& Tower with Radar,124,51,43,13,231,0,6,74,9,89,124,57,117,22,320,30,20,50,370
02/08/2005,ELP,TX,ASW,WE,Combined TRACON& Tower with Radar,130,37,61,29,257,1,7,83,0,91,131,44,144,29,348,26,36,62,410
02/09/2005,ELP,TX,ASW,WE,Combined TRACON& Tower with Radar,132,44,34,39,249,0,9,67,1,77,132,53,101,40,326,0,60,60,386
02/10/2005,ELP,TX,ASW,WE,Combined TRACON& Tower with Radar,130,60,49,16,255,0,9,37,0,46,130,69,86,16,301,0,24,24,325
02/11/2005,ELP,TX,ASW,WE,Combined TRACON& Tower with Radar,128,55,40,9,232,0,4,21,0,25,128,59,61,9,257,0,0,0,257
02/12/2005,ELP,TX,ASW,WE,Combined TRACON& Tower with Radar,99,32,33,4,168,0,1,5,0,6,99,33,38,4,174,6,0,6,180
02/13/2005,ELP,TX,ASW,WE,Combined TRACON& Tower with Radar,105,41,30,9,185,0,0,37,1,38,105,41,67,10,223,4,0,4,227
02/14/2005,ELP,TX,ASW,WE,Combined TRACON& Tower with Radar,124,43,28,6,201,0,7,48,3,58,124,50,76,9,259,34,12,46,305
02/15/2005,ELP,TX,ASW,WE,Combined TRACON& Tower with Radar,132,46,44,14,236,0,8,53,2,63,132,54,97,16,299,13,0,13,312
02/16/2005,ELP,TX,ASW,WE,Combined TRACON& Tower with Radar,134,57,70,6,267,0,11,63,5,79,134,68,133,11,346,2,0,2,348
02/17/2005,ELP,TX,ASW,WE,Combined TRACON& Tower with Radar,134,57,60,17,268,0,10,41,13,64,134,67,101,30,332,12,0,12,344
02/18/2005,ELP,TX,ASW,WE,Combined TRACON& Tower with Radar,128,58,51,13,250,0,2,46,1,49,128,60,97,14,299,24,0,24,323
02/19/2005,ELP,TX,ASW,WE,Combined TRACON& Tower with Radar,91,31,33,6,161,0,4,26,1,31,91,35,59,7,192,0,6,6,198
02/20/2005,ELP,TX,ASW,WE,Combined TRACON& Tower with Radar,130,37,61,29,257,1,7,83,0,91,131,44,144,29,348,10,0,10,358
02/21/2005,ELP,TX,ASW,WE,Combined TRACON& Tower with Radar,122,49,49,2,222,0,1,55,3,59,122,50,104,5,281,28,0,28,309
02/22/2005,ELP,TX,ASW,WE,Combined TRACON& Tower with Radar,137,45,45,28,255,0,9,53,3,65,137,54,98,31,320,18,30,48,368
02/23/2005,ELP,TX,ASW,WE,Combined TRACON& Tower with Radar,135,59,55,1,250,0,6,50,10,66,135,65,105,11,316,12,0,12,328
02/24/2005,ELP,TX,ASW,WE,Combined TRACON& Tower with Radar,126,69,44,2,241,0,7,18,6,31,126,76,62,8,272,0,0,0,272
02/25/2005,ELP,TX,ASW,WE,Combined TRACON& Tower with Radar,129,55,48,16,248,0,7,19,5,31,129,62,67,21,279,0,0,0,279
02/26/2005,ELP,TX,ASW,WE,Combined TRACON& Tower with Radar,95,33,43,4,175,0,1,31,4,36,95,34,74,8,211,52,0,52,263
02/27/2005,ELP,TX,ASW,WE,Combined TRACON& Tower with Radar,106,42,27,1,176,0,1,50,2,53,106,43,77,3,229,20,0,20,249
02/28/2005,ELP,TX,ASW,WE,Combined TRACON& Tower with Radar,125,48,21,7,201,0,8,71,5,84,125,56,92,12,285,26,18,44,329
03/01/2005,ELP,TX,ASW,WE,Combined TRACON& Tower with Radar,133,49,56,8,246,0,9,73,6,88,133,58,129,14,334,24,0,24,358
03/02/2005,ELP,TX,ASW,WE,Combined TRACON& Tower with Radar,136,63,50,5,254,0,5,80,8,93,136,68,130,13,347,118,30,148,495
03/03/2005,ELP,TX,ASW,WE,Combined TRACON& Tower with Radar,138,56,39,16,249,0,10,59,8,77,138,66,98,24,326,148,36,184,510
03/04/2005,ELP,TX,ASW,WE,Combined TRACON& Tower with Radar,138,47,54,11,250,0,4,58,7,69,138,51,112,18,319,16,0,16,335
03/05/2005,ELP,TX,ASW,WE,Combined TRACON& Tower with Radar,95,38,42,1,176,0,0,56,4,60,95,38,98,5,236,84,0,84,320
03/06/2005,ELP,TX,ASW,WE,Combined TRACON& Tower with Radar,111,37,44,12,204,0,0,10,2,12,111,37,54,14,216,116,16,132,348
03/07/2005,ELP,TX,ASW,WE,Combined TRACON& Tower with Radar,123,46,32,8,209,0,16,56,9,81,123,62,88,17,290,0,0,0,290
03/08/2005,ELP,TX,ASW,WE,Combined TRACON& Tower with Radar,129,46,32,2,209,0,12,73,7,92,129,58,105,9,301,6,0,6,307
03/09/2005,ELP,TX,ASW,WE,Combined TRACON& Tower with Radar,138,61,40,4,243,0,15,88,12,115,138,76,128,16,358,14,0,14,372
03/10/2005,ELP,TX,ASW,WE,Combined TRACON& Tower with Radar,134,53,51,10,248,0,12,93,11,116,134,65,144,21,364,20,0,20,384
03/11/2005,ELP,TX,ASW,WE,Combined TRACON& Tower with Radar,129,58,49,18,254,0,9,61,7,77,129,67,110,25,331,12,2,14,345
03/12/2005,ELP,TX,ASW,WE,Combined TRACON& Tower with Radar,96,45,24,0,165,0,4,68,2,74,96,49,92,2,239,28,0,28,267
03/13/2005,ELP,TX,ASW,WE,Combined TRACON& Tower with Radar,108,43,31,27,209,0,6,35,3,44,108,49,66,30,253,8,0,8,261
03/14/2005,ELP,TX,ASW,WE,Combined TRACON& Tower with Radar,128,48,44,5,225,0,8,38,3,49,128,56,82,8,274,0,8,8,282
03/15/2005,ELP,TX,ASW,WE,Combined TRACON& Tower with Radar,142,56,43,7,248,0,6,40,7,53,142,62,83,14,301,22,0,22,323
03/16/2005,ELP,TX,ASW,WE,Combined TRACON& Tower with Radar,137,49,46,17,249,1,9,93,5,108,138,58,139,22,357,2,0,2,359
03/17/2005,ELP,TX,ASW,WE,Combined TRACON& Tower with Radar,136,67,57,20,280,0,7,77,18,102,136,74,134,38,382,28,0,28,410
03/18/2005,ELP,TX,ASW,WE,Combined TRACON& Tower with Radar,141,78,45,11,275,0,11,67,3,81,141,89,112,14,356,6,0,6,362
03/19/2005,ELP,TX,ASW,WE,Combined TRACON& Tower with Radar,92,70,59,5,226,0,6,43,14,63,92,76,102,19,289,26,0,26,315
03/20/2005,ELP,TX,ASW,WE,Combined TRACON& Tower with Radar,107,39,38,19,203,0,0,43,5,48,107,39,81,24,251,20,10,30,281
03/21/2005,ELP,TX,ASW,WE,Combined TRACON& Tower with Radar,130,57,23,19,229,0,8,42,1,51,130,65,65,20,280,0,0,0,280
03/22/2005,ELP,TX,ASW,WE,Combined TRACON& Tower with Radar,142,53,55,11,261,0,11,111,4,126,142,64,166,15,387,40,0,40,427
03/23/2005,ELP,TX,ASW,WE,Combined TRACON& Tower with Radar,137,56,51,8,252,0,8,69,5,82,137,64,120,13,334,38,10,48,382
03/24/2005,ELP,TX,ASW,WE,Combined TRACON& Tower with Radar,133,57,62,12,264,0,9,56,4,69,133,66,118,16,333,0,0,0,333
03/25/2005,ELP,TX,ASW,WE,Combined TRACON& Tower with Radar,127,39,70,15,251,0,7,58,11,76,127,46,128,26,327,8,8,16,343
03/26/2005,ELP,TX,ASW,WE,Combined TRACON& Tower with Radar,96,50,23,12,181,0,3,18,0,21,96,53,41,12,202,4,0,4,206
03/27/2005,ELP,TX,ASW,WE,Combined TRACON& Tower with Radar,108,65,35,2,210,0,7,49,0,56,108,72,84,2,266,40,0,40,306
03/28/2005,ELP,TX,ASW,WE,Combined TRACON& Tower with Radar,121,51,64,28,264,1,13,87,7,108,122,64,151,35,372,54,22,76,448
03/29/2005,ELP,TX,ASW,WE,Combined TRACON& Tower with Radar,127,39,70,15,251,0,7,58,11,76,127,46,128,26,327,0,0,0,327
03/30/2005,ELP,TX,ASW,WE,Combined TRACON& Tower with Radar,133,36,66,12,247,0,4,42,1,47,133,40,108,13,294,12,0,12,306
03/31/2005,ELP,TX,ASW,WE,Combined TRACON& Tower with Radar,137,59,70,15,281,1,10,51,6,68,138,69,121,21,349,0,0,0,349
04/01/2005,ELP,TX,ASW,WE,Combined TRACON& Tower with Radar,132,54,63,42,291,0,6,89,2,97,132,60,152,44,388,64,0,64,452
04/02/2005,ELP,TX,ASW,WE,Combined TRACON& Tower with Radar,92,41,23,2,158,0,7,74,0,81,92,48,97,2,239,56,0,56,295
04/03/2005,ELP,TX,ASW,WE,Combined TRACON& Tower with Radar,111,42,30,33,216,0,2,62,3,67,111,44,92,36,283,6,0,6,289
04/04/2005,ELP,TX,ASW,WE,Combined TRACON& Tower with Radar,129,45,44,2,220,0,12,27,4,43,129,57,71,6,263,18,0,18,281
04/05/2005,ELP,TX,ASW,WE,Combined TRACON& Tower with Radar,135,49,27,6,217,0,12,15,0,27,135,61,42,6,244,6,0,6,250
04/06/2005,ELP,TX,ASW,WE,Combined TRACON& Tower with Radar,135,49,27,6,217,0,12,15,0,27,135,61,42,6,244,60,0,60,304
04/07/2005,ELP,TX,ASW,WE,Combined TRACON& Tower with Radar,138,58,42,6,244,0,12,90,2,104,138,70,132,8,348,0,0,0,348
04/08/2005,ELP,TX,ASW,WE,Combined TRACON& Tower with Radar,137,56,31,20,244,0,10,45,4,59,137,66,76,24,303,6,0,6,309
04/09/2005,ELP,TX,ASW,WE,Combined TRACON& Tower with Radar,89,43,12,4,148,0,1,28,0,29,89,44,40,4,177,4,0,4,181
04/10/2005,ELP,TX,ASW,WE,Combined TRACON& Tower with Radar,107,29,28,31,195,0,1,25,1,27,107,30,53,32,222,0,0,0,222
04/11/2005,ELP,TX,ASW,WE,Combined TRACON& Tower with Radar,125,40,27,10,202,0,18,37,3,58,125,58,64,13,260,14,20,34,294
04/12/2005,ELP,TX,ASW,WE,Combined TRACON& Tower with Radar,125,40,27,10,202,0,18,37,3,58,125,58,64,13,260,60,16,76,336
04/13/2005,ELP,TX,ASW,WE,Combined TRACON& Tower with Radar,149,51,49,1,250,0,11,67,4,82,149,62,116,5,332,0,0,0,332
04/14/2005,ELP,TX,ASW,WE,Combined TRACON& Tower with Radar,136,62,58,1,257,0,12,75,3,90,136,74,133,4,347,8,0,8,355
04/15/2005,ELP,TX,ASW,WE,Combined TRACON& Tower with Radar,134,55,36,12,237,0,10,75,0,85,134,65,111,12,322,6,0,6,328
04/16/2005,ELP,TX,ASW,WE,Combined TRACON& Tower with Radar,95,43,16,17,171,0,4,35,0,39,95,47,51,17,210,32,24,56,266
04/17/2005,ELP,TX,ASW,WE,Combined TRACON& Tower with Radar,111,44,35,12,202,0,3,51,2,56,111,47,86,14,258,6,0,6,264
04/18/2005,ELP,TX,ASW,WE,Combined TRACON& Tower with Radar,111,44,35,12,202,0,3,51,2,56,111,47,86,14,258,0,0,0,258
04/19/2005,ELP,TX,ASW,WE,Combined TRACON& Tower with Radar,144,41,56,4,245,0,17,58,1,76,144,58,114,5,321,8,4,12,333
04/20/2005,ELP,TX,ASW,WE,Combined TRACON& Tower with Radar,143,50,56,2,251,0,10,75,6,91,143,60,131,8,342,76,20,96,438
04/21/2005,ELP,TX,ASW,WE,Combined TRACON& Tower with Radar,138,51,53,0,242,0,8,88,4,100,138,59,141,4,342,8,0,8,350
04/22/2005,ELP,TX,ASW,WE,Combined TRACON& Tower with Radar,132,50,30,6,218,0,15,77,2,94,132,65,107,8,312,22,0,22,334
04/23/2005,ELP,TX,ASW,WE,Combined TRACON& Tower with Radar,91,28,8,0,127,0,5,44,0,49,91,33,52,0,176,6,0,6,182
04/24/2005,ELP,TX,ASW,WE,Combined TRACON& Tower with Radar,109,48,26,15,198,0,4,23,3,30,109,52,49,18,228,0,0,0,228
04/25/2005,ELP,TX,ASW,WE,Combined TRACON& Tower with Radar,126,45,20,12,203,0,12,31,5,48,126,57,51,17,251,6,0,6,257
04/26/2005,ELP,TX,ASW,WE,Combined TRACON& Tower with Radar,137,44,41,7,229,0,15,74,9,98,137,59,115,16,327,26,24,50,377
04/27/2005,ELP,TX,ASW,WE,Combined TRACON& Tower with Radar,142,54,32,7,235,0,15,61,3,79,142,69,93,10,314,0,0,0,314
04/28/2005,ELP,TX,ASW,WE,Combined TRACON& Tower with Radar,140,44,37,11,232,0,12,58,1,71,140,56,95,12,303,36,0,36,339
04/29/2005,ELP,TX,ASW,WE,Combined TRACON& Tower with Radar,135,42,39,33,249,1,11,48,5,65,136,53,87,38,314,0,0,0,314
04/30/2005,ELP,TX,ASW,WE,Combined TRACON& Tower with Radar,89,32,25,2,148,0,3,86,18,107,89,35,111,20,255,0,0,0,255
05/01/2005,ELP,TX,ASW,WE,Combined TRACON& Tower with Radar,110,31,46,13,200,0,4,86,0,90,110,35,132,13,290,26,0,26,316
05/02/2005,ELP,TX,ASW,WE,Combined TRACON& Tower with Radar,129,47,18,4,198,0,10,48,5,63,129,57,66,9,261,42,4,46,307
05/03/2005,ELP,TX,ASW,WE,Combined TRACON& Tower with Radar,137,48,49,2,236,0,10,57,0,67,137,58,106,2,303,62,0,62,365
05/04/2005,ELP,TX,ASW,WE,Combined TRACON& Tower with Radar,143,61,51,33,288,0,10,75,3,88,143,71,126,36,376,12,16,28,404
05/05/2005,ELP,TX,ASW,WE,Combined TRACON& Tower with Radar,135,49,55,14,253,0,10,41,3,54,135,59,96,17,307,0,0,0,307
05/06/2005,ELP,TX,ASW,WE,Combined TRACON& Tower with Radar,138,59,56,44,297,0,7,63,5,75,138,66,119,49,372,0,6,6,378
05/07/2005,ELP,TX,ASW,WE,Combined TRACON& Tower with Radar,91,41,22,10,164,0,1,50,4,55,91,42,72,14,219,0,0,0,219
05/08/2005,ELP,TX,ASW,WE,Combined TRACON& Tower with Radar,108,42,18,13,181,0,4,31,0,35,108,46,49,13,216,8,0,8,224
05/09/2005,ELP,TX,ASW,WE,Combined TRACON& Tower with Radar,130,41,38,22,231,0,17,71,2,90,130,58,109,24,321,28,24,52,373
05/10/2005,ELP,TX,ASW,WE,Combined TRACON& Tower with Radar,156,54,37,14,261,0,11,83,2,96,156,65,120,16,357,54,40,94,451
05/11/2005,ELP,TX,ASW,WE,Combined TRACON& Tower with Radar,133,52,39,15,239,0,13,69,3,85,133,65,108,18,324,96,20,116,440
05/12/2005,ELP,TX,ASW,WE,Combined TRACON& Tower with Radar,139,45,46,7,237,0,15,78,26,119,139,60,124,33,356,30,16,46,402
05/13/2005,ELP,TX,ASW,WE,Combined TRACON& Tower with Radar,136,54,45,33,268,0,8,66,3,77,136,62,111,36,345,9,12,21,366
05/14/2005,ELP,TX,ASW,WE,Combined TRACON& Tower with Radar,89,33,33,3,158,0,5,57,0,62,89,38,90,3,220,8,0,8,228
05/15/2005,ELP,TX,ASW,WE,Combined TRACON& Tower with Radar,109,40,18,11,178,0,0,26,1,27,109,40,44,12,205,0,0,0,205
05/16/2005,ELP,TX,ASW,WE,Combined TRACON& Tower with Radar,127,48,42,7,224,0,12,66,6,84,127,60,108,13,308,104,36,140,448
05/17/2005,ELP,TX,ASW,WE,Combined TRACON& Tower with Radar,144,64,52,15,275,1,6,57,4,68,145,70,109,19,343,12,7,19,362
05/18/2005,ELP,TX,ASW,WE,Combined TRACON& Tower with Radar,142,64,41,4,251,0,6,66,5,77,142,70,107,9,328,0,0,0,328
05/19/2005,ELP,TX,ASW,WE,Combined TRACON& Tower with Radar,142,54,39,14,249,0,6,84,3,93,142,60,123,17,342,12,0,12,354
05/20/2005,ELP,TX,ASW,WE,Combined TRACON& Tower with Radar,122,51,47,7,227,0,0,0,0,0,122,51,47,7,227,24,0,24,251
05/21/2005,ELP,TX,ASW,WE,Combined TRACON& Tower with Radar,89,41,24,3,157,0,0,52,2,54,89,41,76,5,211,36,34,70,281
05/22/2005,ELP,TX,ASW,WE,Combined TRACON& Tower with Radar,111,37,18,2,168,0,11,46,0,57,111,48,64,2,225,12,0,12,237
05/23/2005,ELP,TX,ASW,WE,Combined TRACON& Tower with Radar,132,52,30,4,218,0,9,62,9,80,132,61,92,13,298,16,0,16,314
05/24/2005,ELP,TX,ASW,WE,Combined TRACON& Tower with Radar,138,57,40,2,237,0,17,59,1,77,138,74,99,3,314,22,0,22,336
05/25/2005,ELP,TX,ASW,WE,Combined TRACON& Tower with Radar,0,0,0,0,0,0,0,0,0,0,0,0,0,0,0,100,60,160,160
05/26/2005,ELP,TX,ASW,WE,Combined TRACON& Tower with Radar,143,53,29,5,230,0,6,35,1,42,143,59,64,6,272,2,0,2,274
05/27/2005,ELP,TX,ASW,WE,Combined TRACON& Tower with Radar,133,52,48,2,235,0,6,38,2,46,133,58,86,4,281,30,0,30,311
05/28/2005,ELP,TX,ASW,WE,Combined TRACON& Tower with Radar,91,31,16,0,138,0,1,19,1,21,91,32,35,1,159,12,0,12,171
05/29/2005,ELP,TX,ASW,WE,Combined TRACON& Tower with Radar,94,27,11,0,132,0,3,28,7,38,94,30,39,7,170,18,0,18,188
05/30/2005,ELP,TX,ASW,WE,Combined TRACON& Tower with Radar,103,38,30,6,177,0,6,58,1,65,103,44,88,7,242,14,0,14,256
05/31/2005,ELP,TX,ASW,WE,Combined TRACON& Tower with Radar,128,56,44,2,230,0,10,88,0,98,128,66,132,2,328,14,1,15,343
06/01/2005,ELP,TX,ASW,WE,Combined TRACON& Tower with Radar,142,58,52,1,253,0,14,135,13,162,142,72,187,14,415,122,40,162,577
06/02/2005,ELP,TX,ASW,WE,Combined TRACON& Tower with Radar,135,63,33,9,240,0,12,52,7,71,135,75,85,16,311,0,0,0,311
06/03/2005,ELP,TX,ASW,WE,Combined TRACON& Tower with Radar,130,47,30,37,244,0,11,75,15,101,130,58,105,52,345,8,34,42,387
06/04/2005,ELP,TX,ASW,WE,Combined TRACON& Tower with Radar,93,32,27,9,161,0,4,50,5,59,93,36,77,14,220,10,0,10,230
06/05/2005,ELP,TX,ASW,WE,Combined TRACON& Tower with Radar,109,44,32,37,222,0,3,71,2,76,109,47,103,39,298,22,0,22,320
06/06/2005,ELP,TX,ASW,WE,Combined TRACON& Tower with Radar,133,46,25,5,209,0,9,75,6,90,133,55,100,11,299,20,0,20,319
06/07/2005,ELP,TX,ASW,WE,Combined TRACON& Tower with Radar,143,48,33,5,229,0,16,67,19,102,143,64,100,24,331,18,0,18,349
06/08/2005,ELP,TX,ASW,WE,Combined TRACON& Tower with Radar,136,53,53,7,249,0,11,85,5,101,136,64,138,12,350,24,0,24,374
06/09/2005,ELP,TX,ASW,WE,Combined TRACON& Tower with Radar,143,63,66,9,281,1,7,56,4,68,144,70,122,13,349,0,11,11,360
06/10/2005,ELP,TX,ASW,WE,Combined TRACON& Tower with Radar,140,57,53,17,267,0,11,49,8,68,140,68,102,25,335,4,0,4,339
06/11/2005,ELP,TX,ASW,WE,Combined TRACON& Tower with Radar,104,47,21,2,174,0,8,46,3,57,104,55,67,5,231,8,0,8,239
06/12/2005,ELP,TX,ASW,WE,Combined TRACON& Tower with Radar,110,32,29,28,199,0,3,44,1,48,110,35,73,29,247,14,0,14,261
06/13/2005,ELP,TX,ASW,WE,Combined TRACON& Tower with Radar,134,51,32,9,226,0,5,45,0,50,134,56,77,9,276,18,18,36,312
06/14/2005,ELP,TX,ASW,WE,Combined TRACON& Tower with Radar,144,48,36,2,230,0,9,43,2,54,144,57,79,4,284,36,0,36,320
06/15/2005,ELP,TX,ASW,WE,Combined TRACON& Tower with Radar,143,60,41,5,249,0,8,48,3,59,143,68,89,8,308,16,0,16,324
06/16/2005,ELP,TX,ASW,WE,Combined TRACON& Tower with Radar,140,59,47,10,256,0,16,56,5,77,140,75,103,15,333,54,0,54,387
06/17/2005,ELP,TX,ASW,WE,Combined TRACON& Tower with Radar,135,62,25,25,247,0,10,55,6,71,135,72,80,31,318,8,0,8,326
06/18/2005,ELP,TX,ASW,WE,Combined TRACON& Tower with Radar,107,37,24,7,175,0,1,33,2,36,107,38,57,9,211,6,0,6,217
06/19/2005,ELP,TX,ASW,WE,Combined TRACON& Tower with Radar,112,35,14,6,167,0,3,44,1,48,112,38,58,7,215,16,0,16,231
06/20/2005,ELP,TX,ASW,WE,Combined TRACON& Tower with Radar,131,58,21,14,224,0,7,43,7,57,131,65,64,21,281,0,0,0,281
06/21/2005,ELP,TX,ASW,WE,Combined TRACON& Tower with Radar,144,56,24,5,229,0,9,52,3,64,144,65,76,8,293,14,0,14,307
06/22/2005,ELP,TX,ASW,WE,Combined TRACON& Tower with Radar,150,65,44,5,264,0,11,62,2,75,150,76,106,7,339,6,0,6,345
06/23/2005,ELP,TX,ASW,WE,Combined TRACON& Tower with Radar,144,77,45,17,283,1,12,60,6,79,145,89,105,23,362,14,0,14,376
06/24/2005,ELP,TX,ASW,WE,Combined TRACON& Tower with Radar,143,82,21,27,273,0,11,53,6,70,143,93,74,33,343,32,4,36,379
06/25/2005,ELP,TX,ASW,WE,Combined TRACON& Tower with Radar,106,36,25,20,187,0,2,40,0,42,106,38,65,20,229,14,40,54,283
06/26/2005,ELP,TX,ASW,WE,Combined TRACON& Tower with Radar,111,50,10,31,202,0,0,24,2,26,111,50,34,33,228,14,18,32,260
06/27/2005,ELP,TX,ASW,WE,Combined TRACON& Tower with Radar,133,50,23,1,207,0,10,47,0,57,133,60,70,1,264,20,6,26,290
06/28/2005,ELP,TX,ASW,WE,Combined TRACON& Tower with Radar,144,62,41,11,258,0,11,47,1,59,144,73,88,12,317,10,0,10,327
06/29/2005,ELP,TX,ASW,WE,Combined TRACON& Tower with Radar,156,53,30,2,241,0,9,41,1,51,156,62,71,3,292,16,0,16,308
06/30/2005,ELP,TX,ASW,WE,Combined TRACON& Tower with Radar,135,58,29,8,230,0,13,47,5,65,135,71,76,13,295,12,0,12,307
07/01/2005,ELP,TX,ASW,WE,Combined TRACON& Tower with Radar,135,50,38,10,233,0,10,63,1,74,135,60,101,11,307,24,0,24,331
07/02/2005,ELP,TX,ASW,WE,Combined TRACON& Tower with Radar,104,42,27,1,174,0,0,35,2,37,104,42,62,3,211,6,10,16,227
07/03/2005,ELP,TX,ASW,WE,Combined TRACON& Tower with Radar,104,42,27,1,174,0,0,35,2,37,104,42,62,3,211,0,0,0,211
07/04/2005,ELP,TX,ASW,WE,Combined TRACON& Tower with Radar,106,34,9,4,153,0,1,27,0,28,106,35,36,4,181,0,0,0,181
07/05/2005,ELP,TX,ASW,WE,Combined TRACON& Tower with Radar,128,48,41,8,225,0,4,44,0,48,128,52,85,8,273,6,0,6,279
07/06/2005,ELP,TX,ASW,WE,Combined TRACON& Tower with Radar,137,53,23,2,215,0,8,49,1,58,137,61,72,3,273,4,0,4,277
07/07/2005,ELP,TX,ASW,WE,Combined TRACON& Tower with Radar,144,77,45,17,283,1,12,60,6,79,145,89,105,23,362,2,0,2,364
07/08/2005,ELP,TX,ASW,WE,Combined TRACON& Tower with Radar,134,55,32,28,249,0,7,37,2,46,134,62,69,30,295,0,0,0,295
07/09/2005,ELP,TX,ASW,WE,Combined TRACON& Tower with Radar,105,37,42,6,190,0,2,35,2,39,105,39,77,8,229,16,0,16,245
07/10/2005,ELP,TX,ASW,WE,Combined TRACON& Tower with Radar,110,31,20,25,186,0,3,26,0,29,110,34,46,25,215,24,0,24,239
07/11/2005,ELP,TX,ASW,WE,Combined TRACON& Tower with Radar,126,46,26,11,209,0,4,32,2,38,126,50,58,13,247,2,8,10,257
07/12/2005,ELP,TX,ASW,WE,Combined TRACON& Tower with Radar,137,45,41,6,229,0,11,55,1,67,137,56,96,7,296,16,0,16,312
07/13/2005,ELP,TX,ASW,WE,Combined TRACON& Tower with Radar,140,40,37,5,222,0,6,39,4,49,140,46,76,9,271,34,0,34,305
07/14/2005,ELP,TX,ASW,WE,Combined TRACON& Tower with Radar,139,52,34,0,225,0,6,32,1,39,139,58,66,1,264,24,0,24,288
07/15/2005,ELP,TX,ASW,WE,Combined TRACON& Tower with Radar,139,52,34,0,225,0,6,32,1,39,139,58,66,1,264,0,0,0,264
07/16/2005,ELP,TX,ASW,WE,Combined TRACON& Tower with Radar,135,55,33,38,261,0,7,26,14,47,135,62,59,52,308,10,0,10,318
07/17/2005,ELP,TX,ASW,WE,Combined TRACON& Tower with Radar,104,40,24,4,172,0,4,66,1,71,104,44,90,5,243,42,0,42,285
07/18/2005,ELP,TX,ASW,WE,Combined TRACON& Tower with Radar,127,57,10,6,200,1,0,0,0,1,128,57,10,6,201,40,0,40,241
07/19/2005,ELP,TX,ASW,WE,Combined TRACON& Tower with Radar,127,57,10,6,200,1,4,41,1,47,128,61,51,7,247,18,0,18,265
07/20/2005,ELP,TX,ASW,WE,Combined TRACON& Tower with Radar,142,64,35,6,247,0,10,60,11,81,142,74,95,17,328,0,4,4,332
07/21/2005,ELP,TX,ASW,WE,Combined TRACON& Tower with Radar,143,54,46,13,256,0,9,30,8,47,143,63,76,21,303,18,22,40,343
07/22/2005,ELP,TX,ASW,WE,Combined TRACON& Tower with Radar,143,54,46,13,256,0,9,30,8,47,143,63,76,21,303,0,0,0,303
07/23/2005,ELP,TX,ASW,WE,Combined TRACON& Tower with Radar,103,37,17,0,157,0,0,33,1,34,103,37,50,1,191,36,0,36,227
07/24/2005,ELP,TX,ASW,WE,Combined TRACON& Tower with Radar,116,41,14,8,179,0,4,26,1,31,116,45,40,9,210,12,0,12,222
07/25/2005,ELP,TX,ASW,WE,Combined TRACON& Tower with Radar,129,51,21,11,212,0,9,29,1,39,129,60,50,12,251,14,0,14,265
07/26/2005,ELP,TX,ASW,WE,Combined TRACON& Tower with Radar,137,70,35,7,249,0,21,33,2,56,137,91,68,9,305,82,0,82,387
07/27/2005,ELP,TX,ASW,WE,Combined TRACON& Tower with Radar,136,55,32,4,227,0,10,40,1,51,136,65,72,5,278,2,0,2,280
07/28/2005,ELP,TX,ASW,WE,Combined TRACON& Tower with Radar,142,61,48,9,260,0,6,36,0,42,142,67,84,9,302,40,0,40,342
07/29/2005,ELP,TX,ASW,WE,Combined TRACON& Tower with Radar,141,55,20,14,230,0,11,24,1,36,141,66,44,15,266,12,4,16,282
07/30/2005,ELP,TX,ASW,WE,Combined TRACON& Tower with Radar,106,37,10,6,159,0,3,21,1,25,106,40,31,7,184,40,0,40,224
07/31/2005,ELP,TX,ASW,WE,Combined TRACON& Tower with Radar,110,37,19,18,184,0,1,37,0,38,110,38,56,18,222,0,0,0,222
08/01/2005,ELP,TX,ASW,WE,Combined TRACON& Tower with Radar,130,55,40,11,236,0,7,40,3,50,130,62,80,14,286,18,4,22,308
08/02/2005,ELP,TX,ASW,WE,Combined TRACON& Tower with Radar,138,60,47,3,248,0,10,31,4,45,138,70,78,7,293,26,0,26,319
08/03/2005,ELP,TX,ASW,WE,Combined TRACON& Tower with Radar,145,56,31,2,234,1,7,40,0,48,146,63,71,2,282,16,0,16,298
08/04/2005,ELP,TX,ASW,WE,Combined TRACON& Tower with Radar,139,49,39,14,241,1,6,41,0,48,140,55,80,14,289,24,0,24,313
08/05/2005,ELP,TX,ASW,WE,Combined TRACON& Tower with Radar,137,49,35,13,234,0,7,37,0,44,137,56,72,13,278,0,0,0,278
08/06/2005,ELP,TX,ASW,WE,Combined TRACON& Tower with Radar,107,45,28,12,192,0,1,41,0,42,107,46,69,12,234,20,0,20,254
08/07/2005,ELP,TX,ASW,WE,Combined TRACON& Tower with Radar,109,39,19,3,170,0,2,36,1,39,109,41,55,4,209,6,0,6,215
08/08/2005,ELP,TX,ASW,WE,Combined TRACON& Tower with Radar,130,46,27,10,213,0,7,39,2,48,130,53,66,12,261,0,0,0,261
08/09/2005,ELP,TX,ASW,WE,Combined TRACON& Tower with Radar,130,46,27,10,213,0,7,39,2,48,130,53,66,12,261,24,0,24,285
08/10/2005,ELP,TX,ASW,WE,Combined TRACON& Tower with Radar,130,46,27,10,213,0,7,39,2,48,130,53,66,12,261,12,0,12,273
08/11/2005,ELP,TX,ASW,WE,Combined TRACON& Tower with Radar,138,52,29,14,233,0,9,43,0,52,138,61,72,14,285,0,0,0,285
08/12/2005,ELP,TX,ASW,WE,Combined TRACON& Tower with Radar,141,55,27,7,230,0,6,19,2,27,141,61,46,9,257,16,0,16,273
08/13/2005,ELP,TX,ASW,WE,Combined TRACON& Tower with Radar,106,40,17,2,165,0,2,31,0,33,106,42,48,2,198,4,0,4,202
08/14/2005,ELP,TX,ASW,WE,Combined TRACON& Tower with Radar,109,43,20,7,179,0,0,9,1,10,109,43,29,8,189,16,0,16,205
08/15/2005,ELP,TX,ASW,WE,Combined TRACON& Tower with Radar,138,51,23,8,220,0,6,35,1,42,138,57,58,9,262,8,0,8,270
08/16/2005,ELP,TX,ASW,WE,Combined TRACON& Tower with Radar,143,65,31,3,242,0,12,45,2,59,143,77,76,5,301,68,0,68,369
08/17/2005,ELP,TX,ASW,WE,Combined TRACON& Tower with Radar,144,67,51,2,264,0,7,53,0,60,144,74,104,2,324,12,0,12,336
08/18/2005,ELP,TX,ASW,WE,Combined TRACON& Tower with Radar,143,54,39,11,247,0,5,45,1,51,143,59,84,12,298,22,4,26,324
08/19/2005,ELP,TX,ASW,WE,Combined TRACON& Tower with Radar,140,64,30,13,247,1,8,47,0,56,141,72,77,13,303,6,2,8,311
08/20/2005,ELP,TX,ASW,WE,Combined TRACON& Tower with Radar,107,51,17,0,175,0,4,33,2,39,107,55,50,2,214,4,0,4,218
08/21/2005,ELP,TX,ASW,WE,Combined TRACON& Tower with Radar,112,49,27,28,216,0,2,39,3,44,112,51,66,31,260,26,0,26,286
08/22/2005,ELP,TX,ASW,WE,Combined TRACON& Tower with Radar,129,50,19,2,200,0,5,25,0,30,129,55,44,2,230,36,0,36,266
08/23/2005,ELP,TX,ASW,WE,Combined TRACON& Tower with Radar,144,62,32,2,240,0,6,44,1,51,144,68,76,3,291,12,0,12,303
08/24/2005,ELP,TX,ASW,WE,Combined TRACON& Tower with Radar,147,59,33,5,244,0,4,48,3,55,147,63,81,8,299,10,0,10,309
08/25/2005,ELP,TX,ASW,WE,Combined TRACON& Tower with Radar,146,62,40,3,251,0,11,54,3,68,146,73,94,6,319,16,0,16,335
08/26/2005,ELP,TX,ASW,WE,Combined TRACON& Tower with Radar,136,64,27,13,240,0,7,55,1,63,136,71,82,14,303,2,8,10,313
08/27/2005,ELP,TX,ASW,WE,Combined TRACON& Tower with Radar,89,39,9,4,141,0,6,36,0,42,89,45,45,4,183,14,32,46,229
08/28/2005,ELP,TX,ASW,WE,Combined TRACON& Tower with Radar,106,36,12,9,163,0,0,31,0,31,106,36,43,9,194,80,0,80,274
08/29/2005,ELP,TX,ASW,WE,Combined TRACON& Tower with Radar,128,57,31,1,217,0,4,36,1,41,128,61,67,2,258,0,0,0,258
08/30/2005,ELP,TX,ASW,WE,Combined TRACON& Tower with Radar,142,62,55,10,269,1,9,51,2,63,143,71,106,12,332,32,8,40,372
08/31/2005,ELP,TX,ASW,WE,Combined TRACON& Tower with Radar,146,62,35,2,245,0,5,64,1,70,146,67,99,3,315,18,0,18,333
09/01/2005,ELP,TX,ASW,WE,Combined TRACON& Tower with Radar,158,64,36,1,259,1,10,42,0,53,159,74,78,1,312,2,0,2,314
09/02/2005,ELP,TX,ASW,WE,Combined TRACON& Tower with Radar,138,67,19,17,241,1,6,43,2,52,139,73,62,19,293,0,0,0,293
09/03/2005,ELP,TX,ASW,WE,Combined TRACON& Tower with Radar,97,36,18,2,153,0,0,19,3,22,97,36,37,5,175,28,4,32,207
09/04/2005,ELP,TX,ASW,WE,Combined TRACON& Tower with Radar,89,24,17,1,131,0,0,19,2,21,89,24,36,3,152,10,0,10,162
09/05/2005,ELP,TX,ASW,WE,Combined TRACON& Tower with Radar,109,49,20,2,180,0,0,32,1,33,109,49,52,3,213,20,0,20,233
09/06/2005,ELP,TX,ASW,WE,Combined TRACON& Tower with Radar,134,72,13,6,225,0,6,37,1,44,134,78,50,7,269,0,0,0,269
09/07/2005,ELP,TX,ASW,WE,Combined TRACON& Tower with Radar,146,49,39,6,240,0,6,41,1,48,146,55,80,7,288,34,0,34,322
09/08/2005,ELP,TX,ASW,WE,Combined TRACON& Tower with Radar,140,64,30,13,247,1,6,46,1,54,141,70,76,14,301,30,0,30,331
09/09/2005,ELP,TX,ASW,WE,Combined TRACON& Tower with Radar,143,64,23,11,241,0,8,50,1,59,143,72,73,12,300,2,0,2,302
09/10/2005,ELP,TX,ASW,WE,Combined TRACON& Tower with Radar,101,28,9,2,140,0,1,34,1,36,101,29,43,3,176,14,0,14,190
09/11/2005,ELP,TX,ASW,WE,Combined TRACON& Tower with Radar,111,32,12,5,160,0,1,34,8,43,111,33,46,13,203,54,0,54,257
09/12/2005,ELP,TX,ASW,WE,Combined TRACON& Tower with Radar,128,48,28,10,214,0,6,22,0,28,128,54,50,10,242,16,0,16,258
09/13/2005,ELP,TX,ASW,WE,Combined TRACON& Tower with Radar,142,61,25,1,229,0,7,31,0,38,142,68,56,1,267,6,0,6,273
09/14/2005,ELP,TX,ASW,WE,Combined TRACON& Tower with Radar,145,78,34,8,265,0,14,45,3,62,145,92,79,11,327,28,0,28,355
09/15/2005,ELP,TX,ASW,WE,Combined TRACON& Tower with Radar,139,77,35,22,273,1,7,40,0,48,140,84,75,22,321,0,2,2,323
09/16/2005,ELP,TX,ASW,WE,Combined TRACON& Tower with Radar,137,46,34,7,224,0,4,34,1,39,137,50,68,8,263,10,0,10,273
09/17/2005,ELP,TX,ASW,WE,Combined TRACON& Tower with Radar,99,28,28,0,155,0,4,48,2,54,99,32,76,2,209,52,0,52,261
09/18/2005,ELP,TX,ASW,WE,Combined TRACON& Tower with Radar,108,36,17,20,181,1,4,27,6,38,109,40,44,26,219,12,2,14,233
09/19/2005,ELP,TX,ASW,WE,Combined TRACON& Tower with Radar,141,64,19,4,228,1,8,40,8,57,142,72,59,12,285,14,0,14,299
09/20/2005,ELP,TX,ASW,WE,Combined TRACON& Tower with Radar,139,64,38,8,249,0,5,36,2,43,139,69,74,10,292,2,14,16,308
09/21/2005,ELP,TX,ASW,WE,Combined TRACON& Tower with Radar,149,80,50,8,287,0,7,41,11,59,149,87,91,19,346,14,0,14,360
09/22/2005,ELP,TX,ASW,WE,Combined TRACON& Tower with Radar,159,85,54,6,304,1,10,35,7,53,160,95,89,13,357,39,0,39,396
09/23/2005,ELP,TX,ASW,WE,Combined TRACON& Tower with Radar,159,85,54,6,304,1,10,35,7,53,160,95,89,13,357,48,0,48,405
09/24/2005,ELP,TX,ASW,WE,Combined TRACON& Tower with Radar,112,38,18,6,174,0,2,33,6,41,112,40,51,12,215,0,0,0,215
09/25/2005,ELP,TX,ASW,WE,Combined TRACON& Tower with Radar,113,26,23,5,167,0,7,37,1,45,113,33,60,6,212,16,0,16,228
09/26/2005,ELP,TX,ASW,WE,Combined TRACON& Tower with Radar,149,72,24,3,248,1,5,21,1,28,150,77,45,4,276,12,0,12,288
09/27/2005,ELP,TX,ASW,WE,Combined TRACON& Tower with Radar,156,59,56,1,272,1,12,39,0,52,157,71,95,1,324,12,6,18,342
09/28/2005,ELP,TX,ASW,WE,Combined TRACON& Tower with Radar,150,69,43,5,267,0,9,42,1,52,150,78,85,6,319,24,0,24,343
09/29/2005,ELP,TX,ASW,WE,Combined TRACON& Tower with Radar,162,78,39,1,280,0,5,39,2,46,162,83,78,3,326,0,0,0,326
09/30/2005,ELP,TX,ASW,WE,Combined TRACON& Tower with Radar,160,74,24,6,264,1,10,69,0,80,161,84,93,6,344,34,0,34,378
10/01/2005,ELP,TX,ASW,WE,Combined TRACON& Tower with Radar,102,46,9,4,161,0,6,50,0,56,102,52,59,4,217,14,0,14,231
10/02/2005,ELP,TX,ASW,WE,Combined TRACON& Tower with Radar,111,44,10,16,181,0,2,21,0,23,111,46,31,16,204,12,0,12,216
10/03/2005,ELP,TX,ASW,WE,Combined TRACON& Tower with Radar,148,63,25,17,253,1,7,21,1,30,149,70,46,18,283,10,4,14,297
10/04/2005,ELP,TX,ASW,WE,Combined TRACON& Tower with Radar,166,63,38,6,273,0,6,33,0,39,166,69,71,6,312,6,20,26,338
10/05/2005,ELP,TX,ASW,WE,Combined TRACON& Tower with Radar,148,65,38,6,257,0,10,53,4,67,148,75,91,10,324,12,0,12,336
10/06/2005,ELP,TX,ASW,WE,Combined TRACON& Tower with Radar,163,70,29,14,276,0,5,30,5,40,163,75,59,19,316,10,0,10,326
10/07/2005,ELP,TX,ASW,WE,Combined TRACON& Tower with Radar,153,61,36,16,266,0,8,26,4,38,153,69,62,20,304,0,0,0,304
10/08/2005,ELP,TX,ASW,WE,Combined TRACON& Tower with Radar,96,34,17,5,152,0,5,27,5,37,96,39,44,10,189,0,0,0,189
10/09/2005,ELP,TX,ASW,WE,Combined TRACON& Tower with Radar,106,41,16,2,165,0,4,14,0,18,106,45,30,2,183,0,0,0,183
10/10/2005,ELP,TX,ASW,WE,Combined TRACON& Tower with Radar,142,44,24,18,228,1,4,30,4,39,143,48,54,22,267,0,8,8,275
10/11/2005,ELP,TX,ASW,WE,Combined TRACON& Tower with Radar,142,44,24,18,228,1,4,30,4,39,143,48,54,22,267,50,38,88,355
10/12/2005,ELP,TX,ASW,WE,Combined TRACON& Tower with Radar,149,91,38,6,284,0,8,61,1,70,149,99,99,7,354,16,0,16,370
10/13/2005,ELP,TX,ASW,WE,Combined TRACON& Tower with Radar,152,73,29,4,258,0,5,8,1,14,152,78,37,5,272,0,0,0,272
10/14/2005,ELP,TX,ASW,WE,Combined TRACON& Tower with Radar,150,59,39,29,277,0,4,42,1,47,150,63,81,30,324,4,0,4,328
10/15/2005,ELP,TX,ASW,WE,Combined TRACON& Tower with Radar,102,33,25,0,160,0,1,17,0,18,102,34,42,0,178,24,0,24,202
10/16/2005,ELP,TX,ASW,WE,Combined TRACON& Tower with Radar,108,44,41,22,215,0,1,35,1,37,108,45,76,23,252,8,0,8,260
10/17/2005,ELP,TX,ASW,WE,Combined TRACON& Tower with Radar,141,55,50,10,256,0,6,40,7,53,141,61,90,17,309,2,26,28,337
10/18/2005,ELP,TX,ASW,WE,Combined TRACON& Tower with Radar,137,59,58,3,257,0,6,55,1,62,137,65,113,4,319,32,0,32,351
10/19/2005,ELP,TX,ASW,WE,Combined TRACON& Tower with Radar,151,70,50,7,278,0,5,45,1,51,151,75,95,8,329,0,0,0,329
10/20/2005,ELP,TX,ASW,WE,Combined TRACON& Tower with Radar,150,72,48,33,303,0,9,79,3,91,150,81,127,36,394,0,0,0,394
10/21/2005,ELP,TX,ASW,WE,Combined TRACON& Tower with Radar,142,57,34,16,249,1,6,77,1,85,143,63,111,17,334,44,0,44,378
10/22/2005,ELP,TX,ASW,WE,Combined TRACON& Tower with Radar,93,34,16,4,147,0,2,45,0,47,93,36,61,4,194,0,0,0,194
10/23/2005,ELP,TX,ASW,WE,Combined TRACON& Tower with Radar,107,43,23,9,182,1,1,35,2,39,108,44,58,11,221,2,2,4,225
10/24/2005,ELP,TX,ASW,WE,Combined TRACON& Tower with Radar,138,65,41,5,249,0,4,31,6,41,138,69,72,11,290,22,14,36,326
10/25/2005,ELP,TX,ASW,WE,Combined TRACON& Tower with Radar,138,65,43,5,251,0,4,31,6,41,138,69,74,11,292,10,0,10,302
10/26/2005,ELP,TX,ASW,WE,Combined TRACON& Tower with Radar,144,77,44,0,265,0,10,50,3,63,144,87,94,3,328,18,0,18,346
10/27/2005,ELP,TX,ASW,WE,Combined TRACON& Tower with Radar,147,68,44,1,260,0,9,46,0,55,147,77,90,1,315,12,0,12,327
10/28/2005,ELP,TX,ASW,WE,Combined TRACON& Tower with Radar,138,63,24,5,230,0,10,46,1,57,138,73,70,6,287,8,0,8,295
10/29/2005,ELP,TX,ASW,WE,Combined TRACON& Tower with Radar,94,33,28,2,157,0,3,45,1,49,94,36,73,3,206,14,0,14,220
10/30/2005,ELP,TX,ASW,WE,Combined TRACON& Tower with Radar,111,34,21,6,172,0,6,54,6,66,111,40,75,12,238,6,0,6,244
10/31/2005,ELP,TX,ASW,WE,Combined TRACON& Tower with Radar,122,53,27,2,204,0,10,30,5,45,122,63,57,7,249,0,0,0,249
11/01/2005,ELP,TX,ASW,WE,Combined TRACON& Tower with Radar,142,56,36,4,238,0,4,52,0,56,142,60,88,4,294,10,0,10,304
11/02/2005,ELP,TX,ASW,WE,Combined TRACON& Tower with Radar,138,62,48,2,250,0,10,61,3,74,138,72,109,5,324,6,0,6,330
11/03/2005,ELP,TX,ASW,WE,Combined TRACON& Tower with Radar,142,62,35,12,251,0,10,50,0,60,142,72,85,12,311,22,6,28,339
11/04/2005,ELP,TX,ASW,WE,Combined TRACON& Tower with Radar,142,62,35,12,251,0,10,50,0,60,142,72,85,12,311,48,0,48,359
11/05/2005,ELP,TX,ASW,WE,Combined TRACON& Tower with Radar,109,34,13,2,158,0,3,19,1,23,109,37,32,3,181,0,0,0,181
11/06/2005,ELP,TX,ASW,WE,Combined TRACON& Tower with Radar,109,34,13,2,158,0,3,19,1,23,109,37,32,3,181,12,2,14,195
11/07/2005,ELP,TX,ASW,WE,Combined TRACON& Tower with Radar,126,53,19,6,204,0,5,31,4,40,126,58,50,10,244,6,0,6,250
11/08/2005,ELP,TX,ASW,WE,Combined TRACON& Tower with Radar,126,53,19,6,204,0,5,31,4,40,126,58,50,10,244,34,6,40,284
11/09/2005,ELP,TX,ASW,WE,Combined TRACON& Tower with Radar,137,59,23,3,222,0,6,49,3,58,137,65,72,6,280,28,0,28,308
11/10/2005,ELP,TX,ASW,WE,Combined TRACON& Tower with Radar,138,61,43,23,265,0,12,36,9,57,138,73,79,32,322,20,0,20,342
11/11/2005,ELP,TX,ASW,WE,Combined TRACON& Tower with Radar,139,46,29,16,230,0,6,38,3,47,139,52,67,19,277,12,0,12,289
11/12/2005,ELP,TX,ASW,WE,Combined TRACON& Tower with Radar,107,23,23,1,154,0,5,46,2,53,107,28,69,3,207,4,0,4,211
11/13/2005,ELP,TX,ASW,WE,Combined TRACON& Tower with Radar,112,35,23,5,175,0,2,51,4,57,112,37,74,9,232,12,0,12,244
11/14/2005,ELP,TX,ASW,WE,Combined TRACON& Tower with Radar,126,50,33,6,215,0,4,41,2,47,126,54,74,8,262,28,0,28,290
11/15/2005,ELP,TX,ASW,WE,Combined TRACON& Tower with Radar,119,64,30,6,219,0,16,35,1,52,119,80,65,7,271,16,16,32,303
11/16/2005,ELP,TX,ASW,WE,Combined TRACON& Tower with Radar,133,65,32,1,231,1,4,49,4,58,134,69,81,5,289,8,0,8,297
11/17/2005,ELP,TX,ASW,WE,Combined TRACON& Tower with Radar,135,68,35,13,251,0,9,34,1,44,135,77,69,14,295,2,0,2,297
11/18/2005,ELP,TX,ASW,WE,Combined TRACON& Tower with Radar,138,56,34,26,254,0,4,65,3,72,138,60,99,29,326,0,0,0,326
11/19/2005,ELP,TX,ASW,WE,Combined TRACON& Tower with Radar,107,30,28,5,170,0,0,45,1,46,107,30,73,6,216,32,0,32,248
11/20/2005,ELP,TX,ASW,WE,Combined TRACON& Tower with Radar,113,47,19,22,201,0,2,58,1,61,113,49,77,23,262,36,0,36,298
11/21/2005,ELP,TX,ASW,WE,Combined TRACON& Tower with Radar,128,56,15,1,200,0,3,45,1,49,128,59,60,2,249,30,0,30,279
11/22/2005,ELP,TX,ASW,WE,Combined TRACON& Tower with Radar,138,62,41,1,242,1,8,48,0,57,139,70,89,1,299,24,0,24,323
11/23/2005,ELP,TX,ASW,WE,Combined TRACON& Tower with Radar,129,59,18,6,212,1,8,35,1,45,130,67,53,7,257,6,0,6,263
11/24/2005,ELP,TX,ASW,WE,Combined TRACON& Tower with Radar,129,59,18,6,212,1,8,35,1,45,130,67,53,7,257,4,0,4,261
11/25/2005,ELP,TX,ASW,WE,Combined TRACON& Tower with Radar,112,39,17,0,168,1,8,34,1,44,113,47,51,1,212,0,0,0,212
11/26/2005,ELP,TX,ASW,WE,Combined TRACON& Tower with Radar,104,26,19,2,151,0,3,26,0,29,104,29,45,2,180,8,0,8,188
11/27/2005,ELP,TX,ASW,WE,Combined TRACON& Tower with Radar,109,37,16,2,164,1,1,5,0,7,110,38,21,2,171,0,0,0,171
11/28/2005,ELP,TX,ASW,WE,Combined TRACON& Tower with Radar,130,46,19,3,198,0,4,35,0,39,130,50,54,3,237,18,0,18,255
11/29/2005,ELP,TX,ASW,WE,Combined TRACON& Tower with Radar,130,46,19,3,198,0,4,35,0,39,130,50,54,3,237,2,0,2,239
11/30/2005,ELP,TX,ASW,WE,Combined TRACON& Tower with Radar,131,70,30,7,238,0,4,35,1,40,131,74,65,8,278,14,20,34,312
12/01/2005,ELP,TX,ASW,WE,Combined TRACON& Tower with Radar,142,61,29,12,244,0,2,66,2,70,142,63,95,14,314,6,8,14,328
12/02/2005,ELP,TX,ASW,WE,Combined TRACON& Tower with Radar,137,55,29,56,277,0,7,38,8,53,137,62,67,64,330,4,0,4,334
12/03/2005,ELP,TX,ASW,WE,Combined TRACON& Tower with Radar,102,35,21,0,158,0,1,25,3,29,102,36,46,3,187,8,0,8,195
12/04/2005,ELP,TX,ASW,WE,Combined TRACON& Tower with Radar,109,34,30,14,187,0,3,35,0,38,109,37,65,14,225,6,0,6,231
12/05/2005,ELP,TX,ASW,WE,Combined TRACON& Tower with Radar,130,53,26,19,228,0,3,41,7,51,130,56,67,26,279,0,10,10,289
12/06/2005,ELP,TX,ASW,WE,Combined TRACON& Tower with Radar,130,53,26,19,228,0,3,41,7,51,130,56,67,26,279,0,0,0,279
12/07/2005,ELP,TX,ASW,WE,Combined TRACON& Tower with Radar,135,63,25,13,236,0,3,43,10,56,135,66,68,23,292,8,12,20,312
12/08/2005,ELP,TX,ASW,WE,Combined TRACON& Tower with Radar,149,65,28,8,250,1,6,45,9,61,150,71,73,17,311,32,0,32,343
12/09/2005,ELP,TX,ASW,WE,Combined TRACON& Tower with Radar,135,59,41,42,277,0,4,44,7,55,135,63,85,49,332,8,28,36,368
12/10/2005,ELP,TX,ASW,WE,Combined TRACON& Tower with Radar,107,44,21,1,173,0,0,43,3,46,107,44,64,4,219,2,0,2,221
12/11/2005,ELP,TX,ASW,WE,Combined TRACON& Tower with Radar,110,37,19,21,187,0,0,18,4,22,110,37,37,25,209,4,0,4,213
12/12/2005,ELP,TX,ASW,WE,Combined TRACON& Tower with Radar,123,51,38,13,225,1,7,20,3,31,124,58,58,16,256,10,16,26,282
12/13/2005,ELP,TX,ASW,WE,Combined TRACON& Tower with Radar,141,61,33,4,239,0,3,24,3,30,141,64,57,7,269,8,0,8,277
12/14/2005,ELP,TX,ASW,WE,Combined TRACON& Tower with Radar,149,71,50,7,277,0,10,44,1,55,149,81,94,8,332,12,0,12,344
12/15/2005,ELP,TX,ASW,WE,Combined TRACON& Tower with Radar,143,69,41,1,254,0,8,49,3,60,143,77,90,4,314,8,0,8,322
12/16/2005,ELP,TX,ASW,WE,Combined TRACON& Tower with Radar,139,63,35,39,276,0,9,38,8,55,139,72,73,47,331,26,24,50,381
12/17/2005,ELP,TX,ASW,WE,Combined TRACON& Tower with Radar,108,37,35,16,196,0,1,38,2,41,108,38,73,18,237,45,14,59,296
12/18/2005,ELP,TX,ASW,WE,Combined TRACON& Tower with Radar,115,30,13,10,168,0,2,41,3,46,115,32,54,13,214,0,8,8,222
12/19/2005,ELP,TX,ASW,WE,Combined TRACON& Tower with Radar,133,65,32,4,234,0,4,41,1,46,133,69,73,5,280,12,2,14,294
12/20/2005,ELP,TX,ASW,WE,Combined TRACON& Tower with Radar,133,65,32,4,234,0,4,41,1,46,133,69,73,5,280,16,32,48,328
12/21/2005,ELP,TX,ASW,WE,Combined TRACON& Tower with Radar,145,62,36,6,249,0,6,56,0,62,145,68,92,6,311,32,0,32,343
12/22/2005,ELP,TX,ASW,WE,Combined TRACON& Tower with Radar,145,60,51,2,258,0,7,43,1,51,145,67,94,3,309,8,0,8,317
12/23/2005,ELP,TX,ASW,WE,Combined TRACON& Tower with Radar,139,40,33,0,212,0,5,46,0,51,139,45,79,0,263,0,34,34,297
12/24/2005,ELP,TX,ASW,WE,Combined TRACON& Tower with Radar,106,29,2,0,137,0,2,18,0,20,106,31,20,0,157,0,0,0,157
12/25/2005,ELP,TX,ASW,WE,Combined TRACON& Tower with Radar,106,38,6,0,150,0,5,13,0,18,106,43,19,0,168,0,0,0,168
12/26/2005,ELP,TX,ASW,WE,Combined TRACON& Tower with Radar,124,52,30,0,206,0,5,27,0,32,124,57,57,0,238,10,0,10,248
12/27/2005,ELP,TX,ASW,WE,Combined TRACON& Tower with Radar,137,42,36,6,221,0,3,23,1,27,137,45,59,7,248,0,0,0,248
12/28/2005,ELP,TX,ASW,WE,Combined TRACON& Tower with Radar,146,34,30,1,211,0,3,42,1,46,146,37,72,2,257,16,0,16,273
12/29/2005,ELP,TX,ASW,WE,Combined TRACON& Tower with Radar,137,45,23,4,209,0,4,40,0,44,137,49,63,4,253,6,0,6,259
12/30/2005,ELP,TX,ASW,WE,Combined TRACON& Tower with Radar,137,45,23,4,209,0,4,40,0,44,137,49,63,4,253,14,0,14,267
12/31/2005,ELP,TX,ASW,WE,Combined TRACON& Tower with Radar,107,29,20,1,157,0,1,28,0,29,107,30,48,1,186,0,0,0,186
01/01/2006,ELP,TX,ASW,WE,Combined TRACON& Tower with Radar,108,45,24,0,177,0,1,9,0,10,108,46,33,0,187,6,0,6,193
01/02/2006,ELP,TX,ASW,WE,Combined TRACON& Tower with Radar,116,48,30,2,196,0,2,38,0,40,116,50,68,2,236,32,0,32,268
01/03/2006,ELP,TX,ASW,WE,Combined TRACON& Tower with Radar,135,58,43,6,242,0,6,50,2,58,135,64,93,8,300,22,16,38,338
01/04/2006,ELP,TX,ASW,WE,Combined TRACON& Tower with Radar,135,58,38,6,237,1,9,44,4,58,136,67,82,10,295,0,0,0,295
01/05/2006,ELP,TX,ASW,WE,Combined TRACON& Tower with Radar,136,65,61,5,267,0,7,68,3,78,136,72,129,8,345,26,2,28,373
01/06/2006,ELP,TX,ASW,WE,Combined TRACON& Tower with Radar,136,65,61,5,267,0,7,68,3,78,136,72,129,8,345,0,0,0,345
01/07/2006,ELP,TX,ASW,WE,Combined TRACON& Tower with Radar,103,37,41,20,201,0,1,38,1,40,103,38,79,21,241,20,22,42,283
01/08/2006,ELP,TX,ASW,WE,Combined TRACON& Tower with Radar,103,37,41,20,201,0,1,38,1,40,103,38,79,21,241,0,0,0,241
01/09/2006,ELP,TX,ASW,WE,Combined TRACON& Tower with Radar,130,44,19,2,195,0,5,27,0,32,130,49,46,2,227,28,0,28,255
01/10/2006,ELP,TX,ASW,WE,Combined TRACON& Tower with Radar,133,51,45,2,231,0,5,38,1,44,133,56,83,3,275,22,0,22,297
01/11/2006,ELP,TX,ASW,WE,Combined TRACON& Tower with Radar,127,55,53,14,249,0,8,49,4,61,127,63,102,18,310,6,12,18,328
01/12/2006,ELP,TX,ASW,WE,Combined TRACON& Tower with Radar,135,54,27,7,223,0,4,28,1,33,135,58,55,8,256,10,0,10,266
01/13/2006,ELP,TX,ASW,WE,Combined TRACON& Tower with Radar,130,49,36,14,229,1,10,60,7,78,131,59,96,21,307,42,16,58,365
01/14/2006,ELP,TX,ASW,WE,Combined TRACON& Tower with Radar,97,41,18,25,181,0,0,42,2,44,97,41,60,27,225,4,2,6,231
01/15/2006,ELP,TX,ASW,WE,Combined TRACON& Tower with Radar,110,35,17,2,164,0,0,0,0,0,110,35,17,2,164,0,0,0,164
01/16/2006,ELP,TX,ASW,WE,Combined TRACON& Tower with Radar,125,38,43,13,219,0,2,22,8,32,125,40,65,21,251,0,0,0,251
01/17/2006,ELP,TX,ASW,WE,Combined TRACON& Tower with Radar,132,44,44,7,227,0,10,49,2,61,132,54,93,9,288,14,0,14,302
01/18/2006,ELP,TX,ASW,WE,Combined TRACON& Tower with Radar,131,47,48,2,228,1,6,46,1,54,132,53,94,3,282,64,0,64,346
01/19/2006,ELP,TX,ASW,WE,Combined TRACON& Tower with Radar,130,57,36,17,240,0,6,32,0,38,130,63,68,17,278,2,4,6,284
01/20/2006,ELP,TX,ASW,WE,Combined TRACON& Tower with Radar,124,52,40,28,244,0,3,45,2,50,124,55,85,30,294,52,40,92,386
01/21/2006,ELP,TX,ASW,WE,Combined TRACON& Tower with Radar,99,33,25,6,163,0,0,29,0,29,99,33,54,6,192,10,0,10,202
01/22/2006,ELP,TX,ASW,WE,Combined TRACON& Tower with Radar,107,46,30,17,200,0,1,33,1,35,107,47,63,18,235,4,0,4,239
01/23/2006,ELP,TX,ASW,WE,Combined TRACON& Tower with Radar,119,56,38,4,217,0,5,34,2,41,119,61,72,6,258,12,6,18,276
01/24/2006,ELP,TX,ASW,WE,Combined TRACON& Tower with Radar,130,40,31,1,202,0,6,43,4,53,130,46,74,5,255,8,0,8,263
01/25/2006,ELP,TX,ASW,WE,Combined TRACON& Tower with Radar,126,46,39,2,213,0,2,41,3,46,126,48,80,5,259,6,0,6,265
01/26/2006,ELP,TX,ASW,WE,Combined TRACON& Tower with Radar,133,60,34,7,234,0,4,25,1,30,133,64,59,8,264,22,12,34,298
01/27/2006,ELP,TX,ASW,WE,Combined TRACON& Tower with Radar,133,60,34,7,234,0,5,37,1,43,133,65,71,8,277,12,10,22,299
01/28/2006,ELP,TX,ASW,WE,Combined TRACON& Tower with Radar,133,60,34,7,234,0,5,37,1,43,133,65,71,8,277,0,0,0,277
01/29/2006,ELP,TX,ASW,WE,Combined TRACON& Tower with Radar,107,39,30,18,194,0,1,25,1,27,107,40,55,19,221,0,30,30,251
01/30/2006,ELP,TX,ASW,WE,Combined TRACON& Tower with Radar,120,42,32,3,197,0,5,57,1,63,120,47,89,4,260,24,0,24,284
01/31/2006,ELP,TX,ASW,WE,Combined TRACON& Tower with Radar,130,39,38,17,224,0,3,48,0,51,130,42,86,17,275,0,0,0,275
02/01/2006,ELP,TX,ASW,WE,Combined TRACON& Tower with Radar,128,42,19,8,197,0,5,42,1,48,128,47,61,9,245,26,0,26,271
02/02/2006,ELP,TX,ASW,WE,Combined TRACON& Tower with Radar,131,62,35,7,235,0,3,48,4,55,131,65,83,11,290,2,0,2,292
02/03/2006,ELP,TX,ASW,WE,Combined TRACON& Tower with Radar,142,60,40,38,280,0,6,52,5,63,142,66,92,43,343,24,16,40,383
02/04/2006,ELP,TX,ASW,WE,Combined TRACON& Tower with Radar,102,42,21,8,173,0,6,38,4,48,102,48,59,12,221,0,0,0,221
02/05/2006,ELP,TX,ASW,WE,Combined TRACON& Tower with Radar,109,34,29,31,203,0,6,18,6,30,109,40,47,37,233,0,10,10,243
02/06/2006,ELP,TX,ASW,WE,Combined TRACON& Tower with Radar,116,56,37,16,225,0,7,43,5,55,116,63,80,21,280,36,0,36,316
02/07/2006,ELP,TX,ASW,WE,Combined TRACON& Tower with Radar,131,53,49,2,235,0,4,56,3,63,131,57,105,5,298,52,0,52,350
02/08/2006,ELP,TX,ASW,WE,Combined TRACON& Tower with Radar,128,51,38,7,224,0,6,58,2,66,128,57,96,9,290,44,0,44,334
02/09/2006,ELP,TX,ASW,WE,Combined TRACON& Tower with Radar,129,58,52,0,239,0,8,49,1,58,129,66,101,1,297,26,0,26,323
02/10/2006,ELP,TX,ASW,WE,Combined TRACON& Tower with Radar,128,46,42,20,236,0,3,48,5,56,128,49,90,25,292,12,6,18,310
02/11/2006,ELP,TX,ASW,WE,Combined TRACON& Tower with Radar,97,39,30,1,167,0,0,52,0,52,97,39,82,1,219,38,0,38,257
02/12/2006,ELP,TX,ASW,WE,Combined TRACON& Tower with Radar,108,37,48,6,199,0,0,53,0,53,108,37,101,6,252,28,0,28,280
02/13/2006,ELP,TX,ASW,WE,Combined TRACON& Tower with Radar,120,45,40,2,207,0,9,36,0,45,120,54,76,2,252,26,0,26,278
02/14/2006,ELP,TX,ASW,WE,Combined TRACON& Tower with Radar,128,58,29,3,218,0,3,57,4,64,128,61,86,7,282,62,14,76,358
02/15/2006,ELP,TX,ASW,WE,Combined TRACON& Tower with Radar,131,63,38,2,234,0,9,34,2,45,131,72,72,4,279,2,0,2,281
02/16/2006,ELP,TX,ASW,WE,Combined TRACON& Tower with Radar,133,54,49,4,240,0,5,61,1,67,133,59,110,5,307,2,0,2,309
02/17/2006,ELP,TX,ASW,WE,Combined TRACON& Tower with Radar,129,57,31,23,240,1,9,45,5,60,130,66,76,28,300,42,0,42,342
02/18/2006,ELP,TX,ASW,WE,Combined TRACON& Tower with Radar,93,36,37,7,173,0,0,40,2,42,93,36,77,9,215,2,0,2,217
02/19/2006,ELP,TX,ASW,WE,Combined TRACON& Tower with Radar,104,46,43,4,197,0,2,24,0,26,104,48,67,4,223,0,0,0,223
02/20/2006,ELP,TX,ASW,WE,Combined TRACON& Tower with Radar,122,53,39,7,221,0,9,34,0,43,122,62,73,7,264,2,0,2,266
02/21/2006,ELP,TX,ASW,WE,Combined TRACON& Tower with Radar,129,64,30,8,231,0,10,35,2,47,129,74,65,10,278,30,16,46,324
02/22/2006,ELP,TX,ASW,WE,Combined TRACON& Tower with Radar,128,47,31,10,216,0,10,59,2,71,128,57,90,12,287,18,2,20,307
02/23/2006,ELP,TX,ASW,WE,Combined TRACON& Tower with Radar,135,57,29,13,234,0,5,22,0,27,135,62,51,13,261,0,28,28,289
02/24/2006,ELP,TX,ASW,WE,Combined TRACON& Tower with Radar,126,65,50,29,270,0,3,38,1,42,126,68,88,30,312,76,10,86,398
02/25/2006,ELP,TX,ASW,WE,Combined TRACON& Tower with Radar,93,34,20,9,156,0,4,45,3,52,93,38,65,12,208,8,0,8,216
02/26/2006,ELP,TX,ASW,WE,Combined TRACON& Tower with Radar,108,56,29,34,227,0,2,35,2,39,108,58,64,36,266,4,0,4,270
02/27/2006,ELP,TX,ASW,WE,Combined TRACON& Tower with Radar,122,40,40,4,206,0,8,36,1,45,122,48,76,5,251,8,0,8,259
02/28/2006,ELP,TX,ASW,WE,Combined TRACON& Tower with Radar,122,40,40,4,206,0,8,36,1,45,122,48,76,5,251,6,0,6,257
03/01/2006,ELP,TX,ASW,WE,Combined TRACON& Tower with Radar,128,52,47,5,232,0,11,57,1,69,128,63,104,6,301,12,0,12,313
03/02/2006,ELP,TX,ASW,WE,Combined TRACON& Tower with Radar,130,61,44,4,239,0,13,69,2,84,130,74,113,6,323,14,0,14,337
03/03/2006,ELP,TX,ASW,WE,Combined TRACON& Tower with Radar,133,46,53,42,274,0,7,59,3,69,133,53,112,45,343,56,30,86,429
03/04/2006,ELP,TX,ASW,WE,Combined TRACON& Tower with Radar,94,38,42,2,176,0,1,32,2,35,94,39,74,4,211,0,0,0,211
03/05/2006,ELP,TX,ASW,WE,Combined TRACON& Tower with Radar,107,40,28,19,194,0,7,47,5,59,107,47,75,24,253,0,0,0,253
03/06/2006,ELP,TX,ASW,WE,Combined TRACON& Tower with Radar,126,35,35,3,199,0,11,46,3,60,126,46,81,6,259,16,0,16,275
03/07/2006,ELP,TX,ASW,WE,Combined TRACON& Tower with Radar,134,61,26,4,225,0,7,31,3,41,134,68,57,7,266,2,2,4,270
03/08/2006,ELP,TX,ASW,WE,Combined TRACON& Tower with Radar,121,54,32,8,215,0,7,17,0,24,121,61,49,8,239,4,0,4,243
03/09/2006,ELP,TX,ASW,WE,Combined TRACON& Tower with Radar,138,57,46,11,252,0,7,46,2,55,138,64,92,13,307,12,0,12,319
03/10/2006,ELP,TX,ASW,WE,Combined TRACON& Tower with Radar,136,47,26,9,218,0,10,24,1,35,136,57,50,10,253,18,4,22,275
03/11/2006,ELP,TX,ASW,WE,Combined TRACON& Tower with Radar,95,35,23,4,157,0,1,25,4,30,95,36,48,8,187,0,0,0,187
03/12/2006,ELP,TX,ASW,WE,Combined TRACON& Tower with Radar,102,39,15,5,161,0,0,0,0,0,102,39,15,5,161,2,0,2,163
03/13/2006,ELP,TX,ASW,WE,Combined TRACON& Tower with Radar,119,40,24,4,187,0,5,44,1,50,119,45,68,5,237,0,0,0,237
03/14/2006,ELP,TX,ASW,WE,Combined TRACON& Tower with Radar,129,43,32,7,211,1,10,63,4,78,130,53,95,11,289,4,6,10,299
03/15/2006,ELP,TX,ASW,WE,Combined TRACON& Tower with Radar,126,45,25,4,200,0,10,52,3,65,126,55,77,7,265,12,0,12,277
03/16/2006,ELP,TX,ASW,WE,Combined TRACON& Tower with Radar,130,43,63,9,245,0,7,53,3,63,130,50,116,12,308,14,0,14,322
03/17/2006,ELP,TX,ASW,WE,Combined TRACON& Tower with Radar,134,50,59,11,254,0,8,45,5,58,134,58,104,16,312,24,36,60,372
03/18/2006,ELP,TX,ASW,WE,Combined TRACON& Tower with Radar,96,48,23,5,172,0,0,32,2,34,96,48,55,7,206,0,0,0,206
03/19/2006,ELP,TX,ASW,WE,Combined TRACON& Tower with Radar,105,55,36,8,204,0,1,24,1,26,105,56,60,9,230,4,0,4,234
03/20/2006,ELP,TX,ASW,WE,Combined TRACON& Tower with Radar,126,41,34,17,218,0,8,31,7,46,126,49,65,24,264,0,0,0,264
03/21/2006,ELP,TX,ASW,WE,Combined TRACON& Tower with Radar,134,54,54,15,257,0,6,53,6,65,134,60,107,21,322,34,0,34,356
03/22/2006,ELP,TX,ASW,WE,Combined TRACON& Tower with Radar,139,72,46,7,264,0,13,51,12,76,139,85,97,19,340,10,4,14,354
03/23/2006,ELP,TX,ASW,WE,Combined TRACON& Tower with Radar,144,66,62,4,276,0,7,61,9,77,144,73,123,13,353,4,20,24,377
03/24/2006,ELP,TX,ASW,WE,Combined TRACON& Tower with Radar,131,53,56,19,259,0,5,60,6,71,131,58,116,25,330,28,18,46,376
03/25/2006,ELP,TX,ASW,WE,Combined TRACON& Tower with Radar,96,29,27,6,158,0,1,64,9,74,96,30,91,15,232,6,0,6,238
03/26/2006,ELP,TX,ASW,WE,Combined TRACON& Tower with Radar,111,43,31,16,201,0,0,47,5,52,111,43,78,21,253,4,0,4,257
03/27/2006,ELP,TX,ASW,WE,Combined TRACON& Tower with Radar,130,57,50,10,247,0,10,43,3,56,130,67,93,13,303,2,0,2,305
03/28/2006,ELP,TX,ASW,WE,Combined TRACON& Tower with Radar,126,51,39,24,240,0,8,49,4,61,126,59,88,28,301,30,48,78,379
03/29/2006,ELP,TX,ASW,WE,Combined TRACON& Tower with Radar,139,51,38,25,253,0,7,32,5,44,139,58,70,30,297,4,14,18,315
03/30/2006,ELP,TX,ASW,WE,Combined TRACON& Tower with Radar,105,64,37,2,208,0,4,47,5,56,105,68,84,7,264,0,0,0,264
03/31/2006,ELP,TX,ASW,WE,Combined TRACON& Tower with Radar,129,57,48,12,246,0,12,76,1,89,129,69,124,13,335,56,10,66,401
04/01/2006,ELP,TX,ASW,WE,Combined TRACON& Tower with Radar,95,31,48,1,175,0,3,39,0,42,95,34,87,1,217,6,0,6,223
04/02/2006,ELP,TX,ASW,WE,Combined TRACON& Tower with Radar,109,40,44,9,202,0,7,51,5,63,109,47,95,14,265,22,0,22,287
04/03/2006,ELP,TX,ASW,WE,Combined TRACON& Tower with Radar,123,43,35,9,210,0,13,44,1,58,123,56,79,10,268,12,0,12,280
04/04/2006,ELP,TX,ASW,WE,Combined TRACON& Tower with Radar,132,43,68,0,243,1,12,51,2,66,133,55,119,2,309,26,0,26,335
04/05/2006,ELP,TX,ASW,WE,Combined TRACON& Tower with Radar,136,62,23,7,228,0,8,49,0,57,136,70,72,7,285,34,24,58,343
04/06/2006,ELP,TX,ASW,WE,Combined TRACON& Tower with Radar,134,56,32,6,228,0,10,18,0,28,134,66,50,6,256,2,0,2,258
04/07/2006,ELP,TX,ASW,WE,Combined TRACON& Tower with Radar,133,59,49,18,259,0,13,48,3,64,133,72,97,21,323,18,12,30,353
04/08/2006,ELP,TX,ASW,WE,Combined TRACON& Tower with Radar,100,43,29,2,174,0,1,52,1,54,100,44,81,3,228,12,0,12,240
04/09/2006,ELP,TX,ASW,WE,Combined TRACON& Tower with Radar,111,41,75,30,257,0,1,0,0,1,111,42,75,30,258,2,0,2,260
04/10/2006,ELP,TX,ASW,WE,Combined TRACON& Tower with Radar,111,41,32,26,210,0,1,43,4,48,111,42,75,30,258,4,4,8,266
04/11/2006,ELP,TX,ASW,WE,Combined TRACON& Tower with Radar,126,52,36,7,221,2,6,56,4,68,128,58,92,11,289,22,0,22,311
04/12/2006,ELP,TX,ASW,WE,Combined TRACON& Tower with Radar,130,66,43,4,243,0,9,63,4,76,130,75,106,8,319,2,0,2,321
04/13/2006,ELP,TX,ASW,WE,Combined TRACON& Tower with Radar,130,60,48,4,242,0,9,51,1,61,130,69,99,5,303,10,0,10,313
04/14/2006,ELP,TX,ASW,WE,Combined TRACON& Tower with Radar,131,40,27,42,240,0,6,43,9,58,131,46,70,51,298,0,28,28,326
04/15/2006,ELP,TX,ASW,WE,Combined TRACON& Tower with Radar,93,39,24,8,164,2,0,23,3,28,95,39,47,11,192,14,0,14,206
04/16/2006,ELP,TX,ASW,WE,Combined TRACON& Tower with Radar,110,50,19,4,183,0,0,32,3,35,110,50,51,7,218,10,0,10,228
04/17/2006,ELP,TX,ASW,WE,Combined TRACON& Tower with Radar,124,54,23,15,216,0,11,63,1,75,124,65,86,16,291,0,0,0,291
04/18/2006,ELP,TX,ASW,WE,Combined TRACON& Tower with Radar,132,54,43,5,234,0,17,67,3,87,132,71,110,8,321,0,0,0,321
04/19/2006,ELP,TX,ASW,WE,Combined TRACON& Tower with Radar,128,63,36,6,233,0,11,59,3,73,128,74,95,9,306,4,0,4,310
04/20/2006,ELP,TX,ASW,WE,Combined TRACON& Tower with Radar,131,61,46,10,248,0,15,63,1,79,131,76,109,11,327,0,0,0,327
04/21/2006,ELP,TX,ASW,WE,Combined TRACON& Tower with Radar,131,48,44,20,243,0,8,65,2,75,131,56,109,22,318,28,10,38,356
04/22/2006,ELP,TX,ASW,WE,Combined TRACON& Tower with Radar,94,37,29,7,167,0,3,58,1,62,94,40,87,8,229,10,0,10,239
04/23/2006,ELP,TX,ASW,WE,Combined TRACON& Tower with Radar,111,47,30,22,210,0,1,47,4,52,111,48,77,26,262,46,0,46,308
04/24/2006,ELP,TX,ASW,WE,Combined TRACON& Tower with Radar,124,48,39,6,217,0,12,54,4,70,124,60,93,10,287,10,0,10,297
04/25/2006,ELP,TX,ASW,WE,Combined TRACON& Tower with Radar,132,56,32,6,226,1,13,68,2,84,133,69,100,8,310,18,0,18,328
04/26/2006,ELP,TX,ASW,WE,Combined TRACON& Tower with Radar,133,60,33,3,229,0,10,57,7,74,133,70,90,10,303,68,0,68,371
04/27/2006,ELP,TX,ASW,WE,Combined TRACON& Tower with Radar,138,54,28,0,220,0,5,42,1,48,138,59,70,1,268,22,0,22,290
04/28/2006,ELP,TX,ASW,WE,Combined TRACON& Tower with Radar,130,63,37,23,253,0,6,43,5,54,130,69,80,28,307,26,18,44,351
04/29/2006,ELP,TX,ASW,WE,Combined TRACON& Tower with Radar,97,47,20,22,186,0,0,45,1,46,97,47,65,23,232,30,0,30,262
04/30/2006,ELP,TX,ASW,WE,Combined TRACON& Tower with Radar,106,39,35,8,188,0,0,51,2,53,106,39,86,10,241,0,0,0,241
05/01/2006,ELP,TX,ASW,WE,Combined TRACON& Tower with Radar,123,40,29,4,196,0,7,62,1,70,123,47,91,5,266,0,0,0,266
05/02/2006,ELP,TX,ASW,WE,Combined TRACON& Tower with Radar,129,44,32,2,207,0,10,54,3,67,129,54,86,5,274,4,6,10,284
05/03/2006,ELP,TX,ASW,WE,Combined TRACON& Tower with Radar,131,59,41,13,244,0,11,63,5,79,131,70,104,18,323,72,26,98,421
05/04/2006,ELP,TX,ASW,WE,Combined TRACON& Tower with Radar,143,52,50,16,261,0,13,61,0,74,143,65,111,16,335,2,0,2,337
05/05/2006,ELP,TX,ASW,WE,Combined TRACON& Tower with Radar,130,47,47,46,270,0,7,43,4,54,130,54,90,50,324,0,4,4,328
05/06/2006,ELP,TX,ASW,WE,Combined TRACON& Tower with Radar,94,28,18,8,148,0,3,39,6,48,94,31,57,14,196,24,2,26,222
05/07/2006,ELP,TX,ASW,WE,Combined TRACON& Tower with Radar,106,37,32,22,197,0,2,57,3,62,106,39,89,25,259,0,4,4,263
05/08/2006,ELP,TX,ASW,WE,Combined TRACON& Tower with Radar,124,52,33,3,212,0,7,62,2,71,124,59,95,5,283,4,0,4,287
05/09/2006,ELP,TX,ASW,WE,Combined TRACON& Tower with Radar,139,53,36,6,234,0,8,52,2,62,139,61,88,8,296,74,0,74,370
05/10/2006,ELP,TX,ASW,WE,Combined TRACON& Tower with Radar,131,48,63,11,253,0,11,59,0,70,131,59,122,11,323,80,36,116,439
05/11/2006,ELP,TX,ASW,WE,Combined TRACON& Tower with Radar,137,51,28,5,221,0,12,52,2,66,137,63,80,7,287,6,20,26,313
05/12/2006,ELP,TX,ASW,WE,Combined TRACON& Tower with Radar,132,48,41,17,238,0,10,65,3,78,132,58,106,20,316,6,4,10,326
05/13/2006,ELP,TX,ASW,WE,Combined TRACON& Tower with Radar,94,38,36,2,170,1,2,48,5,56,95,40,84,7,226,6,6,12,238
05/14/2006,ELP,TX,ASW,WE,Combined TRACON& Tower with Radar,103,26,23,2,154,0,5,28,3,36,103,31,51,5,190,0,0,0,190
05/15/2006,ELP,TX,ASW,WE,Combined TRACON& Tower with Radar,112,36,29,4,181,0,2,41,3,46,112,38,70,7,227,12,0,12,239
05/16/2006,ELP,TX,ASW,WE,Combined TRACON& Tower with Radar,131,36,52,2,221,0,7,47,2,56,131,43,99,4,277,0,0,0,277
05/17/2006,ELP,TX,ASW,WE,Combined TRACON& Tower with Radar,134,58,60,4,256,0,5,50,4,59,134,63,110,8,315,46,2,48,363
05/18/2006,ELP,TX,ASW,WE,Combined TRACON& Tower with Radar,137,51,33,2,223,0,4,57,0,61,137,55,90,2,284,0,0,0,284
05/19/2006,ELP,TX,ASW,WE,Combined TRACON& Tower with Radar,132,47,37,17,233,1,7,56,6,70,133,54,93,23,303,24,6,30,333
05/20/2006,ELP,TX,ASW,WE,Combined TRACON& Tower with Radar,95,29,31,10,165,0,1,60,7,68,95,30,91,17,233,30,10,40,273
05/21/2006,ELP,TX,ASW,WE,Combined TRACON& Tower with Radar,100,48,31,8,187,0,1,55,1,57,100,49,86,9,244,0,0,0,244
05/22/2006,ELP,TX,ASW,WE,Combined TRACON& Tower with Radar,132,43,19,1,195,0,12,43,1,56,132,55,62,2,251,14,0,14,265
05/23/2006,ELP,TX,ASW,WE,Combined TRACON& Tower with Radar,132,32,40,2,206,0,9,42,5,56,132,41,82,7,262,6,12,18,280
05/24/2006,ELP,TX,ASW,WE,Combined TRACON& Tower with Radar,132,46,17,3,198,0,8,36,8,52,132,54,53,11,250,0,20,20,270
05/25/2006,ELP,TX,ASW,WE,Combined TRACON& Tower with Radar,136,46,47,2,231,0,10,34,1,45,136,56,81,3,276,0,0,0,276
05/26/2006,ELP,TX,ASW,WE,Combined TRACON& Tower with Radar,131,56,37,13,237,0,5,50,3,58,131,61,87,16,295,10,0,10,305
05/27/2006,ELP,TX,ASW,WE,Combined TRACON& Tower with Radar,93,32,19,1,145,0,2,42,2,46,93,34,61,3,191,0,0,0,191
05/28/2006,ELP,TX,ASW,WE,Combined TRACON& Tower with Radar,86,25,12,2,125,0,2,33,0,35,86,27,45,2,160,8,0,8,168
05/29/2006,ELP,TX,ASW,WE,Combined TRACON& Tower with Radar,103,32,17,4,156,0,2,55,2,59,103,34,72,6,215,42,0,42,257
05/30/2006,ELP,TX,ASW,WE,Combined TRACON& Tower with Radar,125,53,41,0,219,0,10,57,0,67,125,63,98,0,286,10,0,10,296
05/31/2006,ELP,TX,ASW,WE,Combined TRACON& Tower with Radar,135,45,32,0,212,0,8,37,2,47,135,53,69,2,259,0,0,0,259
06/01/2006,ELP,TX,ASW,WE,Combined TRACON& Tower with Radar,120,45,34,9,208,1,5,40,3,49,121,50,74,12,257,12,0,12,269
06/02/2006,ELP,TX,ASW,WE,Combined TRACON& Tower with Radar,132,39,31,20,222,0,8,33,9,50,132,47,64,29,272,4,12,16,288
06/03/2006,ELP,TX,ASW,WE,Combined TRACON& Tower with Radar,96,23,28,2,149,0,2,41,2,45,96,25,69,4,194,30,0,30,224
06/04/2006,ELP,TX,ASW,WE,Combined TRACON& Tower with Radar,109,27,42,5,183,0,0,49,1,50,109,27,91,6,233,26,0,26,259
06/05/2006,ELP,TX,ASW,WE,Combined TRACON& Tower with Radar,126,38,22,6,192,0,4,51,2,57,126,42,73,8,249,24,0,24,273
06/06/2006,ELP,TX,ASW,WE,Combined TRACON& Tower with Radar,129,46,47,2,224,0,6,49,3,58,129,52,96,5,282,6,0,6,288
06/07/2006,ELP,TX,ASW,WE,Combined TRACON& Tower with Radar,129,40,43,4,216,0,10,51,4,65,129,50,94,8,281,22,0,22,303
06/08/2006,ELP,TX,ASW,WE,Combined TRACON& Tower with Radar,131,55,39,14,239,0,7,70,3,80,131,62,109,17,319,0,0,0,319
06/09/2006,ELP,TX,ASW,WE,Combined TRACON& Tower with Radar,131,54,29,4,218,0,8,54,4,66,131,62,83,8,284,0,0,0,284
06/10/2006,ELP,TX,ASW,WE,Combined TRACON& Tower with Radar,88,35,14,0,137,0,2,31,0,33,88,37,45,0,170,14,0,14,184
06/11/2006,ELP,TX,ASW,WE,Combined TRACON& Tower with Radar,108,32,25,9,174,0,0,37,1,38,108,32,62,10,212,14,0,14,226
06/12/2006,ELP,TX,ASW,WE,Combined TRACON& Tower with Radar,124,55,21,2,202,0,5,51,1,57,124,60,72,3,259,16,0,16,275
06/13/2006,ELP,TX,ASW,WE,Combined TRACON& Tower with Radar,133,39,50,4,226,1,8,52,2,63,134,47,102,6,289,9,0,9,298
06/14/2006,ELP,TX,ASW,WE,Combined TRACON& Tower with Radar,133,62,32,8,235,0,7,57,2,66,133,69,89,10,301,0,0,0,301
06/15/2006,ELP,TX,ASW,WE,Combined TRACON& Tower with Radar,140,51,33,11,235,0,13,39,1,53,140,64,72,12,288,0,0,0,288
06/16/2006,ELP,TX,ASW,WE,Combined TRACON& Tower with Radar,135,54,27,20,236,0,14,59,4,77,135,68,86,24,313,20,18,38,351
06/17/2006,ELP,TX,ASW,WE,Combined TRACON& Tower with Radar,105,31,18,3,157,0,3,57,3,63,105,34,75,6,220,38,0,38,258
06/18/2006,ELP,TX,ASW,WE,Combined TRACON& Tower with Radar,112,33,29,11,185,0,4,42,1,47,112,37,71,12,232,2,0,2,234
06/19/2006,ELP,TX,ASW,WE,Combined TRACON& Tower with Radar,119,49,41,9,218,0,11,30,7,48,119,60,71,16,266,32,20,52,318
06/20/2006,ELP,TX,ASW,WE,Combined TRACON& Tower with Radar,129,36,39,5,209,1,6,46,2,55,130,42,85,7,264,16,0,16,280
06/21/2006,ELP,TX,ASW,WE,Combined TRACON& Tower with Radar,137,49,31,6,223,1,9,38,11,59,138,58,69,17,282,0,0,0,282
06/22/2006,ELP,TX,ASW,WE,Combined TRACON& Tower with Radar,133,67,31,9,240,0,8,48,8,64,133,75,79,17,304,0,0,0,304
06/23/2006,ELP,TX,ASW,WE,Combined TRACON& Tower with Radar,132,43,25,29,229,1,3,35,3,42,133,46,60,32,271,16,20,36,307
06/24/2006,ELP,TX,ASW,WE,Combined TRACON& Tower with Radar,101,53,23,3,180,0,1,34,4,39,101,54,57,7,219,2,0,2,221
06/25/2006,ELP,TX,ASW,WE,Combined TRACON& Tower with Radar,100,44,32,21,197,1,3,22,0,26,101,47,54,21,223,20,0,20,243
06/26/2006,ELP,TX,ASW,WE,Combined TRACON& Tower with Radar,115,57,22,2,196,1,5,22,0,28,116,62,44,2,224,33,0,33,257
06/27/2006,ELP,TX,ASW,WE,Combined TRACON& Tower with Radar,133,65,22,2,222,1,8,46,2,57,134,73,68,4,279,22,4,26,305
06/28/2006,ELP,TX,ASW,WE,Combined TRACON& Tower with Radar,131,49,27,1,208,0,7,56,2,65,131,56,83,3,273,0,0,0,273
06/29/2006,ELP,TX,ASW,WE,Combined TRACON& Tower with Radar,87,42,20,12,161,0,3,38,2,43,87,45,58,14,204,2,2,4,208
06/30/2006,ELP,TX,ASW,WE,Combined TRACON& Tower with Radar,136,56,43,14,249,0,5,51,4,60,136,61,94,18,309,28,0,28,337
07/01/2006,ELP,TX,ASW,WE,Combined TRACON& Tower with Radar,104,34,16,1,155,1,3,31,0,35,105,37,47,1,190,2,0,2,192
07/02/2006,ELP,TX,ASW,WE,Combined TRACON& Tower with Radar,108,28,23,2,161,0,1,15,0,16,108,29,38,2,177,14,0,14,191
07/03/2006,ELP,TX,ASW,WE,Combined TRACON& Tower with Radar,94,28,12,0,134,0,4,41,2,47,94,32,53,2,181,12,0,12,193
07/04/2006,ELP,TX,ASW,WE,Combined TRACON& Tower with Radar,88,22,9,0,119,0,0,40,0,40,88,22,49,0,159,8,0,8,167
07/05/2006,ELP,TX,ASW,WE,Combined TRACON& Tower with Radar,116,25,22,4,167,1,6,21,1,29,117,31,43,5,196,2,6,8,204
07/06/2006,ELP,TX,ASW,WE,Combined TRACON& Tower with Radar,122,40,28,3,193,0,1,27,2,30,122,41,55,5,223,0,0,0,223
07/07/2006,ELP,TX,ASW,WE,Combined TRACON& Tower with Radar,123,35,38,23,219,0,4,27,1,32,123,39,65,24,251,30,6,36,287
07/08/2006,ELP,TX,ASW,WE,Combined TRACON& Tower with Radar,94,37,30,10,171,0,0,36,5,41,94,37,66,15,212,18,0,18,230
07/09/2006,ELP,TX,ASW,WE,Combined TRACON& Tower with Radar,110,31,21,5,167,1,0,28,2,31,111,31,49,7,198,0,0,0,198
07/10/2006,ELP,TX,ASW,WE,Combined TRACON& Tower with Radar,125,31,20,11,187,0,6,45,2,53,125,37,65,13,240,12,0,12,252
07/11/2006,ELP,TX,ASW,WE,Combined TRACON& Tower with Radar,125,30,32,2,189,0,4,63,6,73,125,34,95,8,262,8,0,8,270
07/12/2006,ELP,TX,ASW,WE,Combined TRACON& Tower with Radar,121,26,33,12,192,0,5,66,2,73,121,31,99,14,265,10,10,20,285
07/13/2006,ELP,TX,ASW,WE,Combined TRACON& Tower with Radar,126,36,44,4,210,0,5,52,6,63,126,41,96,10,273,16,10,26,299
07/14/2006,ELP,TX,ASW,WE,Combined TRACON& Tower with Radar,119,34,38,8,199,0,9,54,6,69,119,43,92,14,268,10,0,10,278
07/15/2006,ELP,TX,ASW,WE,Combined TRACON& Tower with Radar,95,31,19,4,149,0,1,45,0,46,95,32,64,4,195,4,0,4,199
07/16/2006,ELP,TX,ASW,WE,Combined TRACON& Tower with Radar,107,34,31,12,184,0,2,31,2,35,107,36,62,14,219,20,0,20,239
07/17/2006,ELP,TX,ASW,WE,Combined TRACON& Tower with Radar,122,34,27,1,184,0,3,51,4,58,122,37,78,5,242,36,2,38,280
07/18/2006,ELP,TX,ASW,WE,Combined TRACON& Tower with Radar,129,45,15,8,197,0,6,59,1,66,129,51,74,9,263,16,0,16,279
07/19/2006,ELP,TX,ASW,WE,Combined TRACON& Tower with Radar,118,42,36,8,204,0,7,56,2,65,118,49,92,10,269,6,0,6,275
07/20/2006,ELP,TX,ASW,WE,Combined TRACON& Tower with Radar,110,45,35,9,199,0,9,53,3,65,110,54,88,12,264,26,14,40,304
07/21/2006,ELP,TX,ASW,WE,Combined TRACON& Tower with Radar,117,34,24,18,193,0,4,48,0,52,117,38,72,18,245,0,0,0,245
07/22/2006,ELP,TX,ASW,WE,Combined TRACON& Tower with Radar,93,25,14,5,137,0,0,31,4,35,93,25,45,9,172,10,0,10,182
07/23/2006,ELP,TX,ASW,WE,Combined TRACON& Tower with Radar,107,25,32,8,172,0,1,46,0,47,107,26,78,8,219,0,0,0,219
07/24/2006,ELP,TX,ASW,WE,Combined TRACON& Tower with Radar,118,44,16,4,182,0,8,38,0,46,118,52,54,4,228,0,0,0,228
07/25/2006,ELP,TX,ASW,WE,Combined TRACON& Tower with Radar,128,48,28,28,232,0,4,52,8,64,128,52,80,36,296,4,0,4,300
07/26/2006,ELP,TX,ASW,WE,Combined TRACON& Tower with Radar,125,52,31,14,222,0,9,49,5,63,125,61,80,19,285,10,10,20,305
07/27/2006,ELP,TX,ASW,WE,Combined TRACON& Tower with Radar,121,60,60,18,259,0,7,52,6,65,121,67,112,24,324,14,28,42,366
07/28/2006,ELP,TX,ASW,WE,Combined TRACON& Tower with Radar,128,60,28,17,233,0,6,35,1,42,128,66,63,18,275,24,24,48,323
07/29/2006,ELP,TX,ASW,WE,Combined TRACON& Tower with Radar,97,43,27,2,169,0,0,24,0,24,97,43,51,2,193,4,0,4,197
07/30/2006,ELP,TX,ASW,WE,Combined TRACON& Tower with Radar,109,38,33,3,183,0,0,26,0,26,109,38,59,3,209,0,0,0,209
07/31/2006,ELP,TX,ASW,WE,Combined TRACON& Tower with Radar,122,53,16,3,194,0,9,13,0,22,122,62,29,3,216,6,0,6,222
08/01/2006,ELP,TX,ASW,WE,Combined TRACON& Tower with Radar,125,47,17,2,191,0,0,9,1,10,125,47,26,3,201,0,0,0,201
08/02/2006,ELP,TX,ASW,WE,Combined TRACON& Tower with Radar,130,42,24,3,199,0,15,49,4,68,130,57,73,7,267,4,0,4,271
08/03/2006,ELP,TX,ASW,WE,Combined TRACON& Tower with Radar,120,41,38,0,199,0,7,50,2,59,120,48,88,2,258,30,0,30,288
08/04/2006,ELP,TX,ASW,WE,Combined TRACON& Tower with Radar,125,32,39,6,202,0,10,29,7,46,125,42,68,13,248,2,0,2,250
08/05/2006,ELP,TX,ASW,WE,Combined TRACON& Tower with Radar,94,30,13,0,137,0,7,29,1,37,94,37,42,1,174,8,0,8,182
08/06/2006,ELP,TX,ASW,WE,Combined TRACON& Tower with Radar,107,33,37,6,183,1,4,48,0,53,108,37,85,6,236,16,16,32,268
08/07/2006,ELP,TX,ASW,WE,Combined TRACON& Tower with Radar,119,41,24,1,185,0,17,44,0,61,119,58,68,1,246,30,0,30,276
08/08/2006,ELP,TX,ASW,WE,Combined TRACON& Tower with Radar,122,50,28,4,204,0,25,59,6,90,122,75,87,10,294,38,14,52,346
08/09/2006,ELP,TX,ASW,WE,Combined TRACON& Tower with Radar,127,52,22,1,202,0,15,66,2,83,127,67,88,3,285,0,0,0,285
08/10/2006,ELP,TX,ASW,WE,Combined TRACON& Tower with Radar,126,53,32,1,212,1,8,53,4,66,127,61,85,5,278,22,0,22,300
08/11/2006,ELP,TX,ASW,WE,Combined TRACON& Tower with Radar,132,49,46,13,240,0,18,42,6,66,132,67,88,19,306,42,6,48,354
08/12/2006,ELP,TX,ASW,WE,Combined TRACON& Tower with Radar,108,30,27,3,168,1,16,60,9,86,109,46,87,12,254,28,0,28,282
08/13/2006,ELP,TX,ASW,WE,Combined TRACON& Tower with Radar,112,36,32,13,193,0,11,31,0,42,112,47,63,13,235,8,0,8,243
08/14/2006,ELP,TX,ASW,WE,Combined TRACON& Tower with Radar,126,48,19,3,196,0,10,31,1,42,126,58,50,4,238,24,0,24,262
08/15/2006,ELP,TX,ASW,WE,Combined TRACON& Tower with Radar,126,43,43,1,213,0,18,26,3,47,126,61,69,4,260,4,0,4,264
08/16/2006,ELP,TX,ASW,WE,Combined TRACON& Tower with Radar,125,55,48,6,234,0,17,31,3,51,125,72,79,9,285,20,0,20,305
08/17/2006,ELP,TX,ASW,WE,Combined TRACON& Tower with Radar,126,69,41,4,240,0,5,30,2,37,126,74,71,6,277,20,0,20,297
08/18/2006,ELP,TX,ASW,WE,Combined TRACON& Tower with Radar,125,43,40,12,220,0,8,45,1,54,125,51,85,13,274,10,10,20,294
08/19/2006,ELP,TX,ASW,WE,Combined TRACON& Tower with Radar,96,33,14,0,143,0,1,36,1,38,96,34,50,1,181,4,0,4,185
08/20/2006,ELP,TX,ASW,WE,Combined TRACON& Tower with Radar,107,26,25,8,166,1,5,31,1,38,108,31,56,9,204,0,0,0,204
08/21/2006,ELP,TX,ASW,WE,Combined TRACON& Tower with Radar,119,49,32,3,203,0,7,39,1,47,119,56,71,4,250,38,0,38,288
08/22/2006,ELP,TX,ASW,WE,Combined TRACON& Tower with Radar,125,44,54,2,225,0,5,41,2,48,125,49,95,4,273,22,0,22,295
08/23/2006,ELP,TX,ASW,WE,Combined TRACON& Tower with Radar,121,56,32,1,210,0,3,63,6,72,121,59,95,7,282,14,6,20,302
08/24/2006,ELP,TX,ASW,WE,Combined TRACON& Tower with Radar,131,54,49,13,247,0,4,58,3,65,131,58,107,16,312,20,16,36,348
08/25/2006,ELP,TX,ASW,WE,Combined TRACON& Tower with Radar,129,58,28,14,229,0,7,57,6,70,129,65,85,20,299,0,2,2,301
08/26/2006,ELP,TX,ASW,WE,Combined TRACON& Tower with Radar,99,38,14,1,152,1,0,41,0,42,100,38,55,1,194,0,0,0,194
08/27/2006,ELP,TX,ASW,WE,Combined TRACON& Tower with Radar,108,40,20,20,188,0,3,45,0,48,108,43,65,20,236,4,16,20,256
08/28/2006,ELP,TX,ASW,WE,Combined TRACON& Tower with Radar,125,39,27,1,192,0,5,40,2,47,125,44,67,3,239,0,0,0,239
08/29/2006,ELP,TX,ASW,WE,Combined TRACON& Tower with Radar,131,47,25,9,212,0,7,39,3,49,131,54,64,12,261,4,4,8,269
08/30/2006,ELP,TX,ASW,WE,Combined TRACON& Tower with Radar,130,46,34,0,210,0,10,55,5,70,130,56,89,5,280,0,0,0,280
08/31/2006,ELP,TX,ASW,WE,Combined TRACON& Tower with Radar,134,52,37,7,230,0,5,49,6,60,134,57,86,13,290,0,0,0,290
09/01/2006,ELP,TX,ASW,WE,Combined TRACON& Tower with Radar,127,47,32,10,216,0,4,46,4,54,127,51,78,14,270,0,0,0,270
09/02/2006,ELP,TX,ASW,WE,Combined TRACON& Tower with Radar,97,35,19,0,151,0,1,7,0,8,97,36,26,0,159,0,0,0,159
09/03/2006,ELP,TX,ASW,WE,Combined TRACON& Tower with Radar,85,20,15,3,123,0,0,1,0,1,85,20,16,3,124,2,0,2,126
09/04/2006,ELP,TX,ASW,WE,Combined TRACON& Tower with Radar,117,32,17,9,175,0,2,3,1,6,117,34,20,10,181,4,0,4,185
09/05/2006,ELP,TX,ASW,WE,Combined TRACON& Tower with Radar,123,37,49,6,215,1,4,17,4,26,124,41,66,10,241,0,9,9,250
09/06/2006,ELP,TX,ASW,WE,Combined TRACON& Tower with Radar,130,51,29,0,210,0,9,65,1,75,130,60,94,1,285,26,0,26,311
09/07/2006,ELP,TX,ASW,WE,Combined TRACON& Tower with Radar,108,46,54,10,218,1,9,46,2,58,109,55,100,12,276,0,0,0,276
09/08/2006,ELP,TX,ASW,WE,Combined TRACON& Tower with Radar,136,34,36,2,208,0,6,48,3,57,136,40,84,5,265,0,0,0,265
09/09/2006,ELP,TX,ASW,WE,Combined TRACON& Tower with Radar,97,30,29,1,157,0,1,41,1,43,97,31,70,2,200,16,0,16,216
09/10/2006,ELP,TX,ASW,WE,Combined TRACON& Tower with Radar,108,32,41,6,187,0,0,35,2,37,108,32,76,8,224,4,0,4,228
09/11/2006,ELP,TX,ASW,WE,Combined TRACON& Tower with Radar,110,38,34,9,191,0,2,29,5,36,110,40,63,14,227,0,0,0,227
09/12/2006,ELP,TX,ASW,WE,Combined TRACON& Tower with Radar,100,37,36,1,174,0,9,39,1,49,100,46,75,2,223,14,10,24,247
09/13/2006,ELP,TX,ASW,WE,Combined TRACON& Tower with Radar,121,37,52,8,218,1,10,41,1,53,122,47,93,9,271,0,0,0,271
09/14/2006,ELP,TX,ASW,WE,Combined TRACON& Tower with Radar,132,41,57,2,232,0,7,61,5,73,132,48,118,7,305,20,0,20,325
09/15/2006,ELP,TX,ASW,WE,Combined TRACON& Tower with Radar,130,37,37,6,210,0,6,57,3,66,130,43,94,9,276,12,0,12,288
09/16/2006,ELP,TX,ASW,WE,Combined TRACON& Tower with Radar,95,22,22,2,141,0,5,48,0,53,95,27,70,2,194,14,8,22,216
09/17/2006,ELP,TX,ASW,WE,Combined TRACON& Tower with Radar,102,25,34,4,165,0,3,48,0,51,102,28,82,4,216,10,0,10,226
09/18/2006,ELP,TX,ASW,WE,Combined TRACON& Tower with Radar,120,40,38,4,202,0,13,54,7,74,120,53,92,11,276,0,0,0,276
09/19/2006,ELP,TX,ASW,WE,Combined TRACON& Tower with Radar,130,45,43,3,221,0,10,45,5,60,130,55,88,8,281,13,0,13,294
09/20/2006,ELP,TX,ASW,WE,Combined TRACON& Tower with Radar,130,43,27,8,208,1,9,51,8,69,131,52,78,16,277,0,0,0,277
09/21/2006,ELP,TX,ASW,WE,Combined TRACON& Tower with Radar,133,44,38,5,220,1,4,29,8,42,134,48,67,13,262,0,0,0,262
09/22/2006,ELP,TX,ASW,WE,Combined TRACON& Tower with Radar,130,47,32,11,220,0,5,26,1,32,130,52,58,12,252,0,0,0,252
09/23/2006,ELP,TX,ASW,WE,Combined TRACON& Tower with Radar,93,30,23,7,153,2,3,44,2,51,95,33,67,9,204,0,0,0,204
09/24/2006,ELP,TX,ASW,WE,Combined TRACON& Tower with Radar,105,26,22,2,155,0,1,27,6,34,105,27,49,8,189,14,0,14,203
09/25/2006,ELP,TX,ASW,WE,Combined TRACON& Tower with Radar,126,31,27,5,189,0,10,50,2,62,126,41,77,7,251,12,0,12,263
09/26/2006,ELP,TX,ASW,WE,Combined TRACON& Tower with Radar,131,48,55,4,238,1,7,75,2,85,132,55,130,6,323,34,2,36,359
09/27/2006,ELP,TX,ASW,WE,Combined TRACON& Tower with Radar,134,40,71,6,251,0,8,75,7,90,134,48,146,13,341,12,0,12,353
09/28/2006,ELP,TX,ASW,WE,Combined TRACON& Tower with Radar,136,44,46,0,226,0,6,47,1,54,136,50,93,1,280,8,0,8,288
09/29/2006,ELP,TX,ASW,WE,Combined TRACON& Tower with Radar,131,40,36,5,212,0,10,34,4,48,131,50,70,9,260,0,0,0,260
09/30/2006,ELP,TX,ASW,WE,Combined TRACON& Tower with Radar,95,20,12,0,127,0,1,43,0,44,95,21,55,0,171,0,0,0,171
10/01/2006,ELP,TX,ASW,WE,Combined TRACON& Tower with Radar,101,25,36,4,166,0,3,30,0,33,101,28,66,4,199,14,0,14,213
10/02/2006,ELP,TX,ASW,WE,Combined TRACON& Tower with Radar,122,35,34,3,194,0,6,48,0,54,122,41,82,3,248,2,0,2,250
10/03/2006,ELP,TX,ASW,WE,Combined TRACON& Tower with Radar,136,50,45,4,235,0,7,49,0,56,136,57,94,4,291,34,4,38,329
10/04/2006,ELP,TX,ASW,WE,Combined TRACON& Tower with Radar,135,54,50,6,245,0,7,41,4,52,135,61,91,10,297,6,0,6,303
10/05/2006,ELP,TX,ASW,WE,Combined TRACON& Tower with Radar,137,50,55,13,255,0,10,33,5,48,137,60,88,18,303,0,0,0,303
10/06/2006,ELP,TX,ASW,WE,Combined TRACON& Tower with Radar,144,36,34,20,234,0,12,49,2,63,144,48,83,22,297,0,0,0,297
10/07/2006,ELP,TX,ASW,WE,Combined TRACON& Tower with Radar,105,28,15,7,155,1,0,27,7,35,106,28,42,14,190,0,0,0,190
10/08/2006,ELP,TX,ASW,WE,Combined TRACON& Tower with Radar,102,35,28,2,167,0,4,28,8,40,102,39,56,10,207,0,0,0,207
10/09/2006,ELP,TX,ASW,WE,Combined TRACON& Tower with Radar,135,47,21,1,204,1,7,22,1,31,136,54,43,2,235,0,0,0,235
10/10/2006,ELP,TX,ASW,WE,Combined TRACON& Tower with Radar,144,32,59,19,254,0,7,44,4,55,144,39,103,23,309,20,40,60,369
10/11/2006,ELP,TX,ASW,WE,Combined TRACON& Tower with Radar,145,55,67,6,273,1,8,54,1,64,146,63,121,7,337,0,0,0,337
10/12/2006,ELP,TX,ASW,WE,Combined TRACON& Tower with Radar,141,43,43,3,230,0,4,53,3,60,141,47,96,6,290,12,0,12,302
10/13/2006,ELP,TX,ASW,WE,Combined TRACON& Tower with Radar,133,46,38,12,229,1,11,62,11,85,134,57,100,23,314,18,0,18,332
10/14/2006,ELP,TX,ASW,WE,Combined TRACON& Tower with Radar,95,33,24,6,158,0,1,20,2,23,95,34,44,8,181,0,0,0,181
10/15/2006,ELP,TX,ASW,WE,Combined TRACON& Tower with Radar,105,36,32,3,176,0,2,25,0,27,105,38,57,3,203,18,0,18,221
10/16/2006,ELP,TX,ASW,WE,Combined TRACON& Tower with Radar,125,38,45,25,233,0,6,53,9,68,125,44,98,34,301,10,30,40,341
10/17/2006,ELP,TX,ASW,WE,Combined TRACON& Tower with Radar,134,41,39,11,225,0,7,71,5,83,134,48,110,16,308,0,0,0,308
10/18/2006,ELP,TX,ASW,WE,Combined TRACON& Tower with Radar,141,34,40,12,227,0,5,56,9,70,141,39,96,21,297,20,12,32,329
10/19/2006,ELP,TX,ASW,WE,Combined TRACON& Tower with Radar,141,52,57,21,271,0,7,87,10,104,141,59,144,31,375,0,0,0,375
10/20/2006,ELP,TX,ASW,WE,Combined TRACON& Tower with Radar,135,55,42,29,261,1,8,69,11,89,136,63,111,40,350,0,48,48,398
10/21/2006,ELP,TX,ASW,WE,Combined TRACON& Tower with Radar,102,24,26,5,157,0,2,43,6,51,102,26,69,11,208,0,0,0,208
10/22/2006,ELP,TX,ASW,WE,Combined TRACON& Tower with Radar,110,22,39,19,190,0,5,35,6,46,110,27,74,25,236,0,2,2,238
10/23/2006,ELP,TX,ASW,WE,Combined TRACON& Tower with Radar,121,36,47,11,215,0,4,42,3,49,121,40,89,14,264,8,0,8,272
10/24/2006,ELP,TX,ASW,WE,Combined TRACON& Tower with Radar,131,40,42,3,216,0,3,16,2,21,131,43,58,5,237,0,0,0,237
10/25/2006,ELP,TX,ASW,WE,Combined TRACON& Tower with Radar,133,48,37,4,222,1,4,52,6,63,134,52,89,10,285,0,0,0,285
10/26/2006,ELP,TX,ASW,WE,Combined TRACON& Tower with Radar,139,52,29,14,234,0,3,51,2,56,139,55,80,16,290,6,14,20,310
10/27/2006,ELP,TX,ASW,WE,Combined TRACON& Tower with Radar,135,40,40,31,246,0,6,84,12,102,135,46,124,43,348,3,10,13,361
10/28/2006,ELP,TX,ASW,WE,Combined TRACON& Tower with Radar,103,26,20,3,152,0,5,50,0,55,103,31,70,3,207,44,6,50,257
10/29/2006,ELP,TX,ASW,WE,Combined TRACON& Tower with Radar,113,33,21,9,176,0,2,34,3,39,113,35,55,12,215,0,0,0,215
10/30/2006,ELP,TX,ASW,WE,Combined TRACON& Tower with Radar,124,47,29,6,206,0,8,51,0,59,124,55,80,6,265,2,0,2,267
10/31/2006,ELP,TX,ASW,WE,Combined TRACON& Tower with Radar,134,49,44,1,228,0,4,49,4,57,134,53,93,5,285,0,0,0,285
11/01/2006,ELP,TX,ASW,WE,Combined TRACON& Tower with Radar,134,45,45,3,227,1,5,63,8,77,135,50,108,11,304,4,0,4,308
11/02/2006,ELP,TX,ASW,WE,Combined TRACON& Tower with Radar,134,59,44,8,245,0,7,44,9,60,134,66,88,17,305,0,22,22,327
11/03/2006,ELP,TX,ASW,WE,Combined TRACON& Tower with Radar,138,43,62,42,285,1,11,60,11,83,139,54,122,53,368,20,12,32,400
11/04/2006,ELP,TX,ASW,WE,Combined TRACON& Tower with Radar,102,26,23,2,153,0,9,37,2,48,102,35,60,4,201,0,0,0,201
11/05/2006,ELP,TX,ASW,WE,Combined TRACON& Tower with Radar,110,34,35,15,194,0,1,45,2,48,110,35,80,17,242,38,36,74,316
11/06/2006,ELP,TX,ASW,WE,Combined TRACON& Tower with Radar,129,40,37,7,213,0,2,40,5,47,129,42,77,12,260,30,36,66,326
11/07/2006,ELP,TX,ASW,WE,Combined TRACON& Tower with Radar,136,40,44,3,223,0,3,50,0,53,136,43,94,3,276,0,0,0,276
11/08/2006,ELP,TX,ASW,WE,Combined TRACON& Tower with Radar,132,42,32,3,209,0,6,57,2,65,132,48,89,5,274,8,0,8,282
11/09/2006,ELP,TX,ASW,WE,Combined TRACON& Tower with Radar,133,48,46,13,240,0,3,52,10,65,133,51,98,23,305,8,0,8,313
11/10/2006,ELP,TX,ASW,WE,Combined TRACON& Tower with Radar,129,29,26,10,194,0,3,54,4,61,129,32,80,14,255,0,0,0,255
11/11/2006,ELP,TX,ASW,WE,Combined TRACON& Tower with Radar,100,31,18,0,149,0,3,46,1,50,100,34,64,1,199,16,0,16,215
11/12/2006,ELP,TX,ASW,WE,Combined TRACON& Tower with Radar,3,2,0,0,5,0,0,0,0,0,3,2,0,0,5,32,0,32,37
11/13/2006,ELP,TX,ASW,WE,Combined TRACON& Tower with Radar,123,51,32,8,214,0,8,62,2,72,123,59,94,10,286,0,0,0,286
11/14/2006,ELP,TX,ASW,WE,Combined TRACON& Tower with Radar,135,31,22,7,195,0,5,36,4,45,135,36,58,11,240,0,0,0,240
11/15/2006,ELP,TX,ASW,WE,Combined TRACON& Tower with Radar,121,44,50,10,225,0,7,57,3,67,121,51,107,13,292,0,0,0,292
11/16/2006,ELP,TX,ASW,WE,Combined TRACON& Tower with Radar,140,45,62,12,259,0,5,65,4,74,140,50,127,16,333,0,0,0,333
11/17/2006,ELP,TX,ASW,WE,Combined TRACON& Tower with Radar,135,55,43,47,280,0,12,59,14,85,135,67,102,61,365,2,0,2,367
11/18/2006,ELP,TX,ASW,WE,Combined TRACON& Tower with Radar,102,34,21,2,159,0,8,44,2,54,102,42,65,4,213,2,0,2,215
11/19/2006,ELP,TX,ASW,WE,Combined TRACON& Tower with Radar,115,35,16,25,191,1,6,37,3,47,116,41,53,28,238,4,0,4,242
11/20/2006,ELP,TX,ASW,WE,Combined TRACON& Tower with Radar,127,45,44,14,230,0,4,44,2,50,127,49,88,16,280,0,0,0,280
11/21/2006,ELP,TX,ASW,WE,Combined TRACON& Tower with Radar,136,50,34,4,224,1,6,45,2,54,137,56,79,6,278,0,0,0,278
11/22/2006,ELP,TX,ASW,WE,Combined TRACON& Tower with Radar,136,53,24,8,221,0,6,71,6,83,136,59,95,14,304,86,24,110,414
11/23/2006,ELP,TX,ASW,WE,Combined TRACON& Tower with Radar,75,33,10,1,119,0,4,30,4,38,75,37,40,5,157,0,0,0,157
11/24/2006,ELP,TX,ASW,WE,Combined TRACON& Tower with Radar,118,27,19,0,164,2,8,46,0,56,120,35,65,0,220,14,0,14,234
11/25/2006,ELP,TX,ASW,WE,Combined TRACON& Tower with Radar,101,30,28,0,159,2,4,45,2,53,103,34,73,2,212,0,0,0,212
11/26/2006,ELP,TX,ASW,WE,Combined TRACON& Tower with Radar,118,34,39,1,192,0,2,53,0,55,118,36,92,1,247,0,0,0,247
11/27/2006,ELP,TX,ASW,WE,Combined TRACON& Tower with Radar,128,35,32,7,202,0,5,21,2,28,128,40,53,9,230,12,12,24,254
11/28/2006,ELP,TX,ASW,WE,Combined TRACON& Tower with Radar,142,51,53,9,255,0,5,34,4,43,142,56,87,13,298,0,6,6,304
11/29/2006,ELP,TX,ASW,WE,Combined TRACON& Tower with Radar,144,41,49,3,237,0,5,35,0,40,144,46,84,3,277,12,8,20,297
11/30/2006,ELP,TX,ASW,WE,Combined TRACON& Tower with Radar,85,33,59,32,209,0,6,40,16,62,85,39,99,48,271,12,40,52,323
12/01/2006,ELP,TX,ASW,WE,Combined TRACON& Tower with Radar,130,54,38,28,250,0,10,65,14,89,130,64,103,42,339,7,0,7,346
12/02/2006,ELP,TX,ASW,WE,Combined TRACON& Tower with Radar,101,32,28,4,165,0,1,24,4,29,101,33,52,8,194,4,0,4,198
12/03/2006,ELP,TX,ASW,WE,Combined TRACON& Tower with Radar,105,37,29,20,191,1,3,45,7,56,106,40,74,27,247,0,0,0,247
12/04/2006,ELP,TX,ASW,WE,Combined TRACON& Tower with Radar,125,39,24,12,200,1,5,31,5,42,126,44,55,17,242,0,0,0,242
12/05/2006,ELP,TX,ASW,WE,Combined TRACON& Tower with Radar,145,53,37,3,238,1,9,61,5,76,146,62,98,8,314,0,0,0,314
12/06/2006,ELP,TX,ASW,WE,Combined TRACON& Tower with Radar,138,60,43,2,243,0,9,43,13,65,138,69,86,15,308,0,0,0,308
12/07/2006,ELP,TX,ASW,WE,Combined TRACON& Tower with Radar,10,10,1,0,21,0,2,3,0,5,10,12,4,0,26,0,0,0,26
12/08/2006,ELP,TX,ASW,WE,Combined TRACON& Tower with Radar,138,53,29,2,222,1,9,25,4,39,139,62,54,6,261,0,2,2,263
12/09/2006,ELP,TX,ASW,WE,Combined TRACON& Tower with Radar,104,36,19,6,165,0,3,15,14,32,104,39,34,20,197,0,6,6,203
12/10/2006,ELP,TX,ASW,WE,Combined TRACON& Tower with Radar,116,37,28,3,184,0,2,24,1,27,116,39,52,4,211,0,0,0,211
12/11/2006,ELP,TX,ASW,WE,Combined TRACON& Tower with Radar,126,52,28,4,210,1,7,40,6,54,127,59,68,10,264,0,0,0,264
12/12/2006,ELP,TX,ASW,WE,Combined TRACON& Tower with Radar,148,46,43,12,249,0,9,48,10,67,148,55,91,22,316,30,22,52,368
12/13/2006,ELP,TX,ASW,WE,Combined TRACON& Tower with Radar,141,60,43,9,253,1,11,60,8,80,142,71,103,17,333,0,0,0,333
12/14/2006,ELP,TX,ASW,WE,Combined TRACON& Tower with Radar,96,30,36,7,169,0,7,40,5,52,96,37,76,12,221,0,0,0,221
12/15/2006,ELP,TX,ASW,WE,Combined TRACON& Tower with Radar,153,75,31,17,276,0,9,50,7,66,153,84,81,24,342,0,0,0,342
12/16/2006,ELP,TX,ASW,WE,Combined TRACON& Tower with Radar,108,41,28,3,180,0,3,39,0,42,108,44,67,3,222,2,0,2,224
12/17/2006,ELP,TX,ASW,WE,Combined TRACON& Tower with Radar,112,31,14,8,165,0,1,30,3,34,112,32,44,11,199,46,0,46,245
12/18/2006,ELP,TX,ASW,WE,Combined TRACON& Tower with Radar,127,55,21,11,214,0,7,29,8,44,127,62,50,19,258,0,16,16,274
12/19/2006,ELP,TX,ASW,WE,Combined TRACON& Tower with Radar,157,92,34,11,294,0,8,10,9,27,157,100,44,20,321,0,24,24,345
12/20/2006,ELP,TX,ASW,WE,Combined TRACON& Tower with Radar,146,74,36,8,264,1,5,33,2,41,147,79,69,10,305,0,0,0,305
12/21/2006,ELP,TX,ASW,WE,Combined TRACON& Tower with Radar,145,65,41,4,255,0,12,47,3,62,145,77,88,7,317,0,0,0,317
12/22/2006,ELP,TX,ASW,WE,Combined TRACON& Tower with Radar,129,61,39,5,234,0,7,49,2,58,129,68,88,7,292,0,0,0,292
12/23/2006,ELP,TX,ASW,WE,Combined TRACON& Tower with Radar,104,37,20,1,162,0,4,22,3,29,104,41,42,4,191,0,0,0,191
12/24/2006,ELP,TX,ASW,WE,Combined TRACON& Tower with Radar,88,24,14,0,126,0,0,14,1,15,88,24,28,1,141,0,0,0,141
12/25/2006,ELP,TX,ASW,WE,Combined TRACON& Tower with Radar,94,30,11,0,135,0,2,18,1,21,94,32,29,1,156,0,0,0,156
12/26/2006,ELP,TX,ASW,WE,Combined TRACON& Tower with Radar,118,71,31,2,222,0,5,38,1,44,118,76,69,3,266,0,0,0,266
12/27/2006,ELP,TX,ASW,WE,Combined TRACON& Tower with Radar,135,47,37,8,227,0,4,51,1,56,135,51,88,9,283,0,0,0,283
12/28/2006,ELP,TX,ASW,WE,Combined TRACON& Tower with Radar,3,2,0,2,7,0,0,0,0,0,3,2,0,2,7,0,0,0,7
12/29/2006,ELP,TX,ASW,WE,Combined TRACON& Tower with Radar,143,56,64,9,272,0,5,31,2,38,143,61,95,11,310,0,0,0,310
12/30/2006,ELP,TX,ASW,WE,Combined TRACON& Tower with Radar,114,43,39,0,196,0,1,13,0,14,114,44,52,0,210,0,0,0,210
12/31/2006,ELP,TX,ASW,WE,Combined TRACON& Tower with Radar,100,36,19,0,155,0,0,31,0,31,100,36,50,0,186,2,0,2,188
01/01/2007,ELP,TX,ASW,WE,Combined TRACON& Tower with Radar,104,49,11,0,164,1,2,23,0,26,105,51,34,0,190,0,0,0,190
01/02/2007,ELP,TX,ASW,WE,Combined TRACON& Tower with Radar,118,64,26,0,208,0,2,5,0,7,118,66,31,0,215,8,0,8,223
01/03/2007,ELP,TX,ASW,WE,Combined TRACON& Tower with Radar,133,63,50,6,252,0,6,40,1,47,133,69,90,7,299,4,0,4,303
01/04/2007,ELP,TX,ASW,WE,Combined TRACON& Tower with Radar,138,53,49,8,248,0,4,59,5,68,138,57,108,13,316,0,0,0,316
01/05/2007,ELP,TX,ASW,WE,Combined TRACON& Tower with Radar,133,56,45,15,249,0,7,41,20,68,133,63,86,35,317,0,0,0,317
01/06/2007,ELP,TX,ASW,WE,Combined TRACON& Tower with Radar,96,47,32,2,177,0,5,22,2,29,96,52,54,4,206,21,0,21,227
01/07/2007,ELP,TX,ASW,WE,Combined TRACON& Tower with Radar,113,42,39,7,201,0,1,35,2,38,113,43,74,9,239,20,0,20,259
01/08/2007,ELP,TX,ASW,WE,Combined TRACON& Tower with Radar,124,41,39,7,211,0,10,50,11,71,124,51,89,18,282,46,32,78,360
01/09/2007,ELP,TX,ASW,WE,Combined TRACON& Tower with Radar,134,41,78,5,258,0,4,61,6,71,134,45,139,11,329,0,2,2,331
01/10/2007,ELP,TX,ASW,WE,Combined TRACON& Tower with Radar,137,43,34,14,228,0,2,64,10,76,137,45,98,24,304,16,0,16,320
01/11/2007,ELP,TX,ASW,WE,Combined TRACON& Tower with Radar,134,36,37,7,214,0,9,34,9,52,134,45,71,16,266,0,0,0,266
01/12/2007,ELP,TX,ASW,WE,Combined TRACON& Tower with Radar,129,53,26,17,225,0,7,25,7,39,129,60,51,24,264,0,0,0,264
01/13/2007,ELP,TX,ASW,WE,Combined TRACON& Tower with Radar,91,25,23,10,149,0,1,34,6,41,91,26,57,16,190,8,12,20,210
01/14/2007,ELP,TX,ASW,WE,Combined TRACON& Tower with Radar,96,47,17,7,167,0,2,29,1,32,96,49,46,8,199,0,0,0,199
01/15/2007,ELP,TX,ASW,WE,Combined TRACON& Tower with Radar,115,35,36,3,189,0,3,57,1,61,115,38,93,4,250,12,0,12,262
01/16/2007,ELP,TX,ASW,WE,Combined TRACON& Tower with Radar,134,34,41,1,210,0,4,14,3,21,134,38,55,4,231,10,0,10,241
01/17/2007,ELP,TX,ASW,WE,Combined TRACON& Tower with Radar,114,43,48,2,207,0,4,30,2,36,114,47,78,4,243,18,0,18,261
01/18/2007,ELP,TX,ASW,WE,Combined TRACON& Tower with Radar,6,6,0,0,12,0,0,0,0,0,6,6,0,0,12,0,0,0,12
01/19/2007,ELP,TX,ASW,WE,Combined TRACON& Tower with Radar,124,40,23,1,188,0,0,1,0,1,124,40,24,1,189,0,0,0,189
01/20/2007,ELP,TX,ASW,WE,Combined TRACON& Tower with Radar,98,34,14,7,153,0,0,13,0,13,98,34,27,7,166,0,0,0,166
01/21/2007,ELP,TX,ASW,WE,Combined TRACON& Tower with Radar,104,21,14,10,149,0,0,15,11,26,104,21,29,21,175,2,6,8,183
01/22/2007,ELP,TX,ASW,WE,Combined TRACON& Tower with Radar,126,39,26,4,195,0,1,4,0,5,126,40,30,4,200,2,0,2,202
01/23/2007,ELP,TX,ASW,WE,Combined TRACON& Tower with Radar,134,39,23,2,198,0,2,18,2,22,134,41,41,4,220,0,0,0,220
01/24/2007,ELP,TX,ASW,WE,Combined TRACON& Tower with Radar,127,47,30,10,214,2,4,52,15,73,129,51,82,25,287,2,0,2,289
01/25/2007,ELP,TX,ASW,WE,Combined TRACON& Tower with Radar,124,50,42,1,217,1,3,38,17,59,125,53,80,18,276,4,0,4,280
01/26/2007,ELP,TX,ASW,WE,Combined TRACON& Tower with Radar,133,44,27,2,206,0,2,14,8,24,133,46,41,10,230,0,0,0,230
01/27/2007,ELP,TX,ASW,WE,Combined TRACON& Tower with Radar,105,31,23,6,165,0,1,57,10,68,105,32,80,16,233,14,0,14,247
01/28/2007,ELP,TX,ASW,WE,Combined TRACON& Tower with Radar,102,29,36,10,177,1,2,43,9,55,103,31,79,19,232,0,0,0,232
01/29/2007,ELP,TX,ASW,WE,Combined TRACON& Tower with Radar,122,57,44,9,232,0,12,33,16,61,122,69,77,25,293,30,2,32,325
01/30/2007,ELP,TX,ASW,WE,Combined TRACON& Tower with Radar,134,48,29,5,216,1,6,11,11,29,135,54,40,16,245,0,0,0,245
01/31/2007,ELP,TX,ASW,WE,Combined TRACON& Tower with Radar,138,46,34,5,223,0,4,16,8,28,138,50,50,13,251,2,0,2,253
02/01/2007,ELP,TX,ASW,WE,Combined TRACON& Tower with Radar,126,64,57,14,261,0,9,23,8,40,126,73,80,22,301,0,0,0,301
02/02/2007,ELP,TX,ASW,WE,Combined TRACON& Tower with Radar,130,58,41,19,248,0,9,58,19,86,130,67,99,38,334,2,4,6,340
02/03/2007,ELP,TX,ASW,WE,Combined TRACON& Tower with Radar,103,38,31,6,178,0,2,45,5,52,103,40,76,11,230,72,0,72,302
02/04/2007,ELP,TX,ASW,WE,Combined TRACON& Tower with Radar,114,31,29,12,186,0,3,34,3,40,114,34,63,15,226,4,0,4,230
02/05/2007,ELP,TX,ASW,WE,Combined TRACON& Tower with Radar,121,50,69,5,245,0,2,63,6,71,121,52,132,11,316,4,2,6,322
02/06/2007,ELP,TX,ASW,WE,Combined TRACON& Tower with Radar,130,48,43,7,228,1,5,57,5,68,131,53,100,12,296,16,12,28,324
02/07/2007,ELP,TX,ASW,WE,Combined TRACON& Tower with Radar,135,57,49,16,257,3,6,61,5,75,138,63,110,21,332,8,0,8,340
02/08/2007,ELP,TX,ASW,WE,Combined TRACON& Tower with Radar,141,59,49,28,277,0,6,48,12,66,141,65,97,40,343,0,12,12,355
02/09/2007,ELP,TX,ASW,WE,Combined TRACON& Tower with Radar,132,70,42,54,298,0,11,43,20,74,132,81,85,74,372,26,18,44,416
02/10/2007,ELP,TX,ASW,WE,Combined TRACON& Tower with Radar,102,41,51,21,215,0,0,45,7,52,102,41,96,28,267,18,26,44,311
02/11/2007,ELP,TX,ASW,WE,Combined TRACON& Tower with Radar,104,47,48,40,239,0,0,45,3,48,104,47,93,43,287,0,0,0,287
02/12/2007,ELP,TX,ASW,WE,Combined TRACON& Tower with Radar,119,53,24,6,202,0,6,16,6,28,119,59,40,12,230,6,0,6,236
02/13/2007,ELP,TX,ASW,WE,Combined TRACON& Tower with Radar,132,56,38,6,232,0,14,22,5,41,132,70,60,11,273,0,0,0,273
02/14/2007,ELP,TX,ASW,WE,Combined TRACON& Tower with Radar,135,52,46,12,245,0,4,18,8,30,135,56,64,20,275,12,10,22,297
02/15/2007,ELP,TX,ASW,WE,Combined TRACON& Tower with Radar,133,57,58,5,253,0,9,49,18,76,133,66,107,23,329,0,0,0,329
02/16/2007,ELP,TX,ASW,WE,Combined TRACON& Tower with Radar,128,47,30,16,221,0,4,44,11,59,128,51,74,27,280,0,0,0,280
02/17/2007,ELP,TX,ASW,WE,Combined TRACON& Tower with Radar,96,37,24,8,165,0,6,56,3,65,96,43,80,11,230,26,0,26,256
02/18/2007,ELP,TX,ASW,WE,Combined TRACON& Tower with Radar,106,38,28,12,184,0,4,26,1,31,106,42,54,13,215,0,0,0,215
02/19/2007,ELP,TX,ASW,WE,Combined TRACON& Tower with Radar,122,57,62,2,243,0,5,34,10,49,122,62,96,12,292,0,0,0,292
02/20/2007,ELP,TX,ASW,WE,Combined TRACON& Tower with Radar,128,57,52,2,239,0,5,44,8,57,128,62,96,10,296,22,0,22,318
02/21/2007,ELP,TX,ASW,WE,Combined TRACON& Tower with Radar,135,60,46,10,251,0,8,66,11,85,135,68,112,21,336,16,0,16,352
02/22/2007,ELP,TX,ASW,WE,Combined TRACON& Tower with Radar,75,31,16,1,123,0,6,51,6,63,75,37,67,7,186,35,0,35,221
02/23/2007,ELP,TX,ASW,WE,Combined TRACON& Tower with Radar,136,56,40,17,249,0,9,16,6,31,136,65,56,23,280,0,0,0,280
02/24/2007,ELP,TX,ASW,WE,Combined TRACON& Tower with Radar,91,54,16,5,166,0,0,16,4,20,91,54,32,9,186,0,0,0,186
02/25/2007,ELP,TX,ASW,WE,Combined TRACON& Tower with Radar,103,52,34,3,192,0,2,56,2,60,103,54,90,5,252,14,0,14,266
02/26/2007,ELP,TX,ASW,WE,Combined TRACON& Tower with Radar,123,42,34,25,224,0,13,34,10,57,123,55,68,35,281,0,44,44,325
02/27/2007,ELP,TX,ASW,WE,Combined TRACON& Tower with Radar,126,47,47,4,224,0,7,40,11,58,126,54,87,15,282,0,6,6,288
02/28/2007,ELP,TX,ASW,WE,Combined TRACON& Tower with Radar,142,52,39,18,251,0,4,6,5,15,142,56,45,23,266,0,0,0,266
03/01/2007,ELP,TX,ASW,WE,Combined TRACON& Tower with Radar,138,56,51,8,253,0,6,60,9,75,138,62,111,17,328,0,0,0,328
03/02/2007,ELP,TX,ASW,WE,Combined TRACON& Tower with Radar,131,41,38,28,238,0,12,32,12,56,131,53,70,40,294,2,22,24,318
03/03/2007,ELP,TX,ASW,WE,Combined TRACON& Tower with Radar,99,30,34,8,171,0,1,36,6,43,99,31,70,14,214,10,0,10,224
03/04/2007,ELP,TX,ASW,WE,Combined TRACON& Tower with Radar,109,40,28,7,184,0,3,46,5,54,109,43,74,12,238,10,0,10,248
03/05/2007,ELP,TX,ASW,WE,Combined TRACON& Tower with Radar,126,39,45,21,231,1,11,41,10,63,127,50,86,31,294,0,2,2,296
03/06/2007,ELP,TX,ASW,WE,Combined TRACON& Tower with Radar,138,46,47,6,237,0,9,67,15,91,138,55,114,21,328,10,0,10,338
03/07/2007,ELP,TX,ASW,WE,Combined TRACON& Tower with Radar,136,47,39,7,229,1,13,77,12,103,137,60,116,19,332,0,0,0,332
03/08/2007,ELP,TX,ASW,WE,Combined TRACON& Tower with Radar,135,44,53,3,235,0,9,29,10,48,135,53,82,13,283,0,0,0,283
03/09/2007,ELP,TX,ASW,WE,Combined TRACON& Tower with Radar,133,45,42,24,244,0,11,36,22,69,133,56,78,46,313,14,52,66,379
03/10/2007,ELP,TX,ASW,WE,Combined TRACON& Tower with Radar,100,38,19,6,163,0,5,46,12,63,100,43,65,18,226,30,14,44,270
03/11/2007,ELP,TX,ASW,WE,Combined TRACON& Tower with Radar,109,39,38,28,214,0,5,18,5,28,109,44,56,33,242,0,4,4,246
03/12/2007,ELP,TX,ASW,WE,Combined TRACON& Tower with Radar,128,44,32,22,226,0,4,45,9,58,128,48,77,31,284,0,22,22,306
03/13/2007,ELP,TX,ASW,WE,Combined TRACON& Tower with Radar,137,53,52,12,254,0,8,40,6,54,137,61,92,18,308,0,0,0,308
03/14/2007,ELP,TX,ASW,WE,Combined TRACON& Tower with Radar,144,55,44,11,254,0,5,39,7,51,144,60,83,18,305,28,10,38,343
03/15/2007,ELP,TX,ASW,WE,Combined TRACON& Tower with Radar,139,55,55,7,256,0,9,51,12,72,139,64,106,19,328,0,4,4,332
03/16/2007,ELP,TX,ASW,WE,Combined TRACON& Tower with Radar,137,60,53,28,278,0,9,40,19,68,137,69,93,47,346,0,0,0,346
03/17/2007,ELP,TX,ASW,WE,Combined TRACON& Tower with Radar,95,46,49,8,198,1,2,41,1,45,96,48,90,9,243,20,0,20,263
03/18/2007,ELP,TX,ASW,WE,Combined TRACON& Tower with Radar,108,39,40,14,201,1,5,31,3,40,109,44,71,17,241,26,0,26,267
03/19/2007,ELP,TX,ASW,WE,Combined TRACON& Tower with Radar,123,52,38,12,225,0,13,37,13,63,123,65,75,25,288,4,32,36,324
03/20/2007,ELP,TX,ASW,WE,Combined TRACON& Tower with Radar,138,49,55,15,257,0,11,38,21,70,138,60,93,36,327,0,22,22,349
03/21/2007,ELP,TX,ASW,WE,Combined TRACON& Tower with Radar,145,57,59,1,262,2,13,45,21,81,147,70,104,22,343,0,0,0,343
03/22/2007,ELP,TX,ASW,WE,Combined TRACON& Tower with Radar,138,50,37,0,225,0,17,40,19,76,138,67,77,19,301,8,0,8,309
03/23/2007,ELP,TX,ASW,WE,Combined TRACON& Tower with Radar,124,49,34,4,211,0,10,22,11,43,124,59,56,15,254,10,0,10,264
03/24/2007,ELP,TX,ASW,WE,Combined TRACON& Tower with Radar,93,36,33,7,169,0,9,55,4,68,93,45,88,11,237,34,4,38,275
03/25/2007,ELP,TX,ASW,WE,Combined TRACON& Tower with Radar,111,25,28,4,168,1,2,24,3,30,112,27,52,7,198,0,0,0,198
03/26/2007,ELP,TX,ASW,WE,Combined TRACON& Tower with Radar,119,44,35,8,206,0,11,39,21,71,119,55,74,29,277,34,0,34,311
03/27/2007,ELP,TX,ASW,WE,Combined TRACON& Tower with Radar,130,46,51,17,244,0,9,62,13,84,130,55,113,30,328,0,0,0,328
03/28/2007,ELP,TX,ASW,WE,Combined TRACON& Tower with Radar,136,49,47,15,247,0,12,35,13,60,136,61,82,28,307,14,0,14,321
03/29/2007,ELP,TX,ASW,WE,Combined TRACON& Tower with Radar,129,39,45,4,217,0,9,53,16,78,129,48,98,20,295,0,0,0,295
03/30/2007,ELP,TX,ASW,WE,Combined TRACON& Tower with Radar,132,58,41,24,255,0,13,41,13,67,132,71,82,37,322,12,0,12,334
03/31/2007,ELP,TX,ASW,WE,Combined TRACON& Tower with Radar,92,65,47,0,204,0,5,42,4,51,92,70,89,4,255,40,0,40,295
04/01/2007,ELP,TX,ASW,WE,Combined TRACON& Tower with Radar,106,50,45,18,219,1,3,53,3,60,107,53,98,21,279,28,0,28,307
04/02/2007,ELP,TX,ASW,WE,Combined TRACON& Tower with Radar,129,36,39,10,214,0,10,45,8,63,129,46,84,18,277,20,0,20,297
04/03/2007,ELP,TX,ASW,WE,Combined TRACON& Tower with Radar,128,66,54,4,252,0,17,45,16,78,128,83,99,20,330,58,0,58,388
04/04/2007,ELP,TX,ASW,WE,Combined TRACON& Tower with Radar,137,62,48,4,251,0,15,46,14,75,137,77,94,18,326,14,0,14,340
04/05/2007,ELP,TX,ASW,WE,Combined TRACON& Tower with Radar,133,65,40,5,243,0,13,58,9,80,133,78,98,14,323,23,16,39,362
04/06/2007,ELP,TX,ASW,WE,Combined TRACON& Tower with Radar,121,35,36,6,198,0,16,47,12,75,121,51,83,18,273,0,0,0,273
04/07/2007,ELP,TX,ASW,WE,Combined TRACON& Tower with Radar,88,59,26,0,173,0,6,19,0,25,88,65,45,0,198,20,0,20,218
04/08/2007,ELP,TX,ASW,WE,Combined TRACON& Tower with Radar,106,46,48,9,209,0,8,27,2,37,106,54,75,11,246,14,0,14,260
04/09/2007,ELP,TX,ASW,WE,Combined TRACON& Tower with Radar,122,47,48,26,243,0,12,34,19,65,122,59,82,45,308,0,0,0,308
04/10/2007,ELP,TX,ASW,WE,Combined TRACON& Tower with Radar,134,57,42,20,253,0,14,30,7,51,134,71,72,27,304,4,0,4,308
04/11/2007,ELP,TX,ASW,WE,Combined TRACON& Tower with Radar,139,71,55,4,269,0,14,47,10,71,139,85,102,14,340,74,0,74,414
04/12/2007,ELP,TX,ASW,WE,Combined TRACON& Tower with Radar,139,67,21,6,233,1,6,23,4,34,140,73,44,10,267,0,0,0,267
04/13/2007,ELP,TX,ASW,WE,Combined TRACON& Tower with Radar,139,67,35,29,270,0,18,4,8,30,139,85,39,37,300,0,0,0,300
04/14/2007,ELP,TX,ASW,WE,Combined TRACON& Tower with Radar,104,36,38,17,195,0,6,50,4,60,104,42,88,21,255,10,0,10,265
04/15/2007,ELP,TX,ASW,WE,Combined TRACON& Tower with Radar,113,39,34,12,198,2,6,51,3,62,115,45,85,15,260,8,12,20,280
04/16/2007,ELP,TX,ASW,WE,Combined TRACON& Tower with Radar,131,42,27,11,211,0,6,21,3,30,131,48,48,14,241,6,0,6,247
04/17/2007,ELP,TX,ASW,WE,Combined TRACON& Tower with Radar,144,65,51,22,282,1,6,26,8,41,145,71,77,30,323,12,2,14,337
04/18/2007,ELP,TX,ASW,WE,Combined TRACON& Tower with Radar,145,62,53,4,264,0,7,50,5,62,145,69,103,9,326,16,0,16,342
04/19/2007,ELP,TX,ASW,WE,Combined TRACON& Tower with Radar,139,67,55,3,264,0,5,42,4,51,139,72,97,7,315,4,0,4,319
04/20/2007,ELP,TX,ASW,WE,Combined TRACON& Tower with Radar,139,68,42,22,271,0,5,65,14,84,139,73,107,36,355,18,16,34,389
04/21/2007,ELP,TX,ASW,WE,Combined TRACON& Tower with Radar,97,39,38,1,175,0,2,28,1,31,97,41,66,2,206,8,0,8,214
04/22/2007,ELP,TX,ASW,WE,Combined TRACON& Tower with Radar,105,31,24,12,172,1,1,42,3,47,106,32,66,15,219,0,0,0,219
04/23/2007,ELP,TX,ASW,WE,Combined TRACON& Tower with Radar,123,39,30,11,203,0,4,23,6,33,123,43,53,17,236,6,24,30,266
04/24/2007,ELP,TX,ASW,WE,Combined TRACON& Tower with Radar,132,60,56,1,249,0,6,21,1,28,132,66,77,2,277,0,0,0,277
04/25/2007,ELP,TX,ASW,WE,Combined TRACON& Tower with Radar,133,73,49,0,255,0,10,64,4,78,133,83,113,4,333,22,0,22,355
04/26/2007,ELP,TX,ASW,WE,Combined TRACON& Tower with Radar,134,67,63,4,268,0,5,61,7,73,134,72,124,11,341,0,0,0,341
04/27/2007,ELP,TX,ASW,WE,Combined TRACON& Tower with Radar,139,60,27,31,257,0,10,50,18,78,139,70,77,49,335,0,0,0,335
04/28/2007,ELP,TX,ASW,WE,Combined TRACON& Tower with Radar,96,39,23,14,172,0,1,22,6,29,96,40,45,20,201,0,0,0,201
04/29/2007,ELP,TX,ASW,WE,Combined TRACON& Tower with Radar,112,39,24,5,180,1,0,23,0,24,113,39,47,5,204,28,0,28,232
04/30/2007,ELP,TX,ASW,WE,Combined TRACON& Tower with Radar,124,43,21,12,200,0,8,23,4,35,124,51,44,16,235,12,18,30,265
05/01/2007,ELP,TX,ASW,WE,Combined TRACON& Tower with Radar,142,41,47,7,237,0,8,42,9,59,142,49,89,16,296,10,0,10,306
05/02/2007,ELP,TX,ASW,WE,Combined TRACON& Tower with Radar,132,66,27,10,235,0,10,33,9,52,132,76,60,19,287,4,0,4,291
05/03/2007,ELP,TX,ASW,WE,Combined TRACON& Tower with Radar,146,75,38,4,263,1,8,33,12,54,147,83,71,16,317,16,0,16,333
05/04/2007,ELP,TX,ASW,WE,Combined TRACON& Tower with Radar,137,56,37,34,264,0,13,27,21,61,137,69,64,55,325,6,28,34,359
05/05/2007,ELP,TX,ASW,WE,Combined TRACON& Tower with Radar,94,35,37,15,181,0,1,23,2,26,94,36,60,17,207,0,8,8,215
05/06/2007,ELP,TX,ASW,WE,Combined TRACON& Tower with Radar,111,41,40,13,205,0,3,38,0,41,111,44,78,13,246,4,0,4,250
05/07/2007,ELP,TX,ASW,WE,Combined TRACON& Tower with Radar,129,50,27,10,216,0,6,33,18,57,129,56,60,28,273,2,0,2,275
05/08/2007,ELP,TX,ASW,WE,Combined TRACON& Tower with Radar,142,60,42,2,246,1,5,33,23,62,143,65,75,25,308,8,0,8,316
05/09/2007,ELP,TX,ASW,WE,Combined TRACON& Tower with Radar,148,64,36,2,250,0,7,33,17,57,148,71,69,19,307,2,0,2,309
05/10/2007,ELP,TX,ASW,WE,Combined TRACON& Tower with Radar,140,69,62,2,273,0,7,58,4,69,140,76,120,6,342,24,0,24,366
05/11/2007,ELP,TX,ASW,WE,Combined TRACON& Tower with Radar,142,62,33,21,258,0,6,48,8,62,142,68,81,29,320,0,0,0,320
05/12/2007,ELP,TX,ASW,WE,Combined TRACON& Tower with Radar,98,43,20,2,163,0,2,45,2,49,98,45,65,4,212,12,8,20,232
05/13/2007,ELP,TX,ASW,WE,Combined TRACON& Tower with Radar,110,32,19,13,174,0,3,28,2,33,110,35,47,15,207,10,0,10,217
05/14/2007,ELP,TX,ASW,WE,Combined TRACON& Tower with Radar,134,58,22,1,215,0,9,29,14,52,134,67,51,15,267,0,0,0,267
05/15/2007,ELP,TX,ASW,WE,Combined TRACON& Tower with Radar,149,60,34,13,256,0,8,46,16,70,149,68,80,29,326,0,28,28,354
05/16/2007,ELP,TX,ASW,WE,Combined TRACON& Tower with Radar,149,66,36,3,254,0,6,30,10,46,149,72,66,13,300,8,0,8,308
05/17/2007,ELP,TX,ASW,WE,Combined TRACON& Tower with Radar,160,59,38,2,259,1,6,30,11,48,161,65,68,13,307,26,0,26,333
05/18/2007,ELP,TX,ASW,WE,Combined TRACON& Tower with Radar,148,54,32,25,259,0,6,38,9,53,148,60,70,34,312,10,2,12,324
05/19/2007,ELP,TX,ASW,WE,Combined TRACON& Tower with Radar,115,54,24,7,200,0,5,31,6,42,115,59,55,13,242,12,0,12,254
05/20/2007,ELP,TX,ASW,WE,Combined TRACON& Tower with Radar,110,51,22,11,194,0,0,33,1,34,110,51,55,12,228,36,0,36,264
05/21/2007,ELP,TX,ASW,WE,Combined TRACON& Tower with Radar,130,61,35,23,249,0,9,30,11,50,130,70,65,34,299,14,0,14,313
05/22/2007,ELP,TX,ASW,WE,Combined TRACON& Tower with Radar,142,45,34,15,236,0,10,50,1,61,142,55,84,16,297,0,0,0,297
05/23/2007,ELP,TX,ASW,WE,Combined TRACON& Tower with Radar,139,57,53,1,250,0,7,39,15,61,139,64,92,16,311,12,0,12,323
05/24/2007,ELP,TX,ASW,WE,Combined TRACON& Tower with Radar,138,56,51,10,255,0,13,28,11,52,138,69,79,21,307,6,0,6,313
05/25/2007,ELP,TX,ASW,WE,Combined TRACON& Tower with Radar,139,48,28,2,217,0,9,22,5,36,139,57,50,7,253,0,0,0,253
05/26/2007,ELP,TX,ASW,WE,Combined TRACON& Tower with Radar,102,35,32,2,171,0,3,30,2,35,102,38,62,4,206,60,0,60,266
05/27/2007,ELP,TX,ASW,WE,Combined TRACON& Tower with Radar,93,24,13,0,130,0,5,19,0,24,93,29,32,0,154,0,0,0,154
05/28/2007,ELP,TX,ASW,WE,Combined TRACON& Tower with Radar,104,33,32,1,170,1,1,38,4,44,105,34,70,5,214,38,0,38,252
05/29/2007,ELP,TX,ASW,WE,Combined TRACON& Tower with Radar,126,46,36,13,221,0,7,55,7,69,126,53,91,20,290,28,6,34,324
05/30/2007,ELP,TX,ASW,WE,Combined TRACON& Tower with Radar,130,61,56,9,256,0,7,54,7,68,130,68,110,16,324,32,0,32,356
05/31/2007,ELP,TX,ASW,WE,Combined TRACON& Tower with Radar,139,48,59,12,258,0,7,62,10,79,139,55,121,22,337,0,8,8,345
06/01/2007,ELP,TX,ASW,WE,Combined TRACON& Tower with Radar,131,53,38,19,241,0,4,37,15,56,131,57,75,34,297,0,0,0,297
06/02/2007,ELP,TX,ASW,WE,Combined TRACON& Tower with Radar,100,40,22,3,165,0,2,52,1,55,100,42,74,4,220,24,0,24,244
06/03/2007,ELP,TX,ASW,WE,Combined TRACON& Tower with Radar,106,41,21,14,182,0,1,26,5,32,106,42,47,19,214,22,0,22,236
06/04/2007,ELP,TX,ASW,WE,Combined TRACON& Tower with Radar,118,58,33,10,219,0,13,41,6,60,118,71,74,16,279,12,0,12,291
06/05/2007,ELP,TX,ASW,WE,Combined TRACON& Tower with Radar,142,46,28,5,221,0,4,45,8,57,142,50,73,13,278,15,8,23,301
06/06/2007,ELP,TX,ASW,WE,Combined TRACON& Tower with Radar,142,43,27,6,218,0,6,15,3,24,142,49,42,9,242,2,0,2,244
06/07/2007,ELP,TX,ASW,WE,Combined TRACON& Tower with Radar,140,55,38,17,250,0,6,38,5,49,140,61,76,22,299,30,0,30,329
06/08/2007,ELP,TX,ASW,WE,Combined TRACON& Tower with Radar,142,52,45,30,269,1,6,36,5,48,143,58,81,35,317,12,0,12,329
06/09/2007,ELP,TX,ASW,WE,Combined TRACON& Tower with Radar,102,50,14,1,167,1,1,25,0,27,103,51,39,1,194,20,0,20,214
06/10/2007,ELP,TX,ASW,WE,Combined TRACON& Tower with Radar,114,28,22,15,179,0,0,43,7,50,114,28,65,22,229,34,0,34,263
06/11/2007,ELP,TX,ASW,WE,Combined TRACON& Tower with Radar,128,37,38,2,205,0,8,18,3,29,128,45,56,5,234,0,0,0,234
06/12/2007,ELP,TX,ASW,WE,Combined TRACON& Tower with Radar,147,57,33,8,245,1,10,47,9,67,148,67,80,17,312,24,0,24,336
06/13/2007,ELP,TX,ASW,WE,Combined TRACON& Tower with Radar,141,55,35,12,243,0,9,35,4,48,141,64,70,16,291,0,12,12,303
06/14/2007,ELP,TX,ASW,WE,Combined TRACON& Tower with Radar,145,54,53,10,262,1,4,52,17,74,146,58,105,27,336,0,14,14,350
06/15/2007,ELP,TX,ASW,WE,Combined TRACON& Tower with Radar,146,53,32,17,248,0,5,49,8,62,146,58,81,25,310,0,0,0,310
06/16/2007,ELP,TX,ASW,WE,Combined TRACON& Tower with Radar,102,46,14,3,165,1,2,27,1,31,103,48,41,4,196,0,4,4,200
06/17/2007,ELP,TX,ASW,WE,Combined TRACON& Tower with Radar,118,36,28,9,191,0,2,37,2,41,118,38,65,11,232,4,0,4,236
06/18/2007,ELP,TX,ASW,WE,Combined TRACON& Tower with Radar,128,50,33,10,221,0,10,36,6,52,128,60,69,16,273,38,0,38,311
06/19/2007,ELP,TX,ASW,WE,Combined TRACON& Tower with Radar,144,58,48,6,256,0,14,62,13,89,144,72,110,19,345,8,2,10,355
06/20/2007,ELP,TX,ASW,WE,Combined TRACON& Tower with Radar,156,58,30,10,254,0,8,32,16,56,156,66,62,26,310,18,14,32,342
06/21/2007,ELP,TX,ASW,WE,Combined TRACON& Tower with Radar,155,63,42,10,270,0,7,36,16,59,155,70,78,26,329,0,0,0,329
06/22/2007,ELP,TX,ASW,WE,Combined TRACON& Tower with Radar,147,59,28,16,250,0,16,31,11,58,147,75,59,27,308,4,30,34,342
06/23/2007,ELP,TX,ASW,WE,Combined TRACON& Tower with Radar,116,52,27,2,197,0,2,24,13,39,116,54,51,15,236,0,0,0,236
06/24/2007,ELP,TX,ASW,WE,Combined TRACON& Tower with Radar,113,36,34,12,195,0,4,30,0,34,113,40,64,12,229,40,2,42,271
06/25/2007,ELP,TX,ASW,WE,Combined TRACON& Tower with Radar,133,49,37,16,235,2,11,34,17,64,135,60,71,33,299,0,54,54,353
06/26/2007,ELP,TX,ASW,WE,Combined TRACON& Tower with Radar,143,70,47,15,275,0,11,33,11,55,143,81,80,26,330,4,24,28,358
06/27/2007,ELP,TX,ASW,WE,Combined TRACON& Tower with Radar,151,72,39,9,271,0,4,36,10,50,151,76,75,19,321,12,0,12,333
06/28/2007,ELP,TX,ASW,WE,Combined TRACON& Tower with Radar,156,85,50,9,300,0,7,38,7,52,156,92,88,16,352,30,0,30,382
06/29/2007,ELP,TX,ASW,WE,Combined TRACON& Tower with Radar,141,73,50,11,275,0,18,32,10,60,141,91,82,21,335,0,14,14,349
06/30/2007,ELP,TX,ASW,WE,Combined TRACON& Tower with Radar,104,44,23,4,175,0,11,37,0,48,104,55,60,4,223,0,0,0,223
07/01/2007,ELP,TX,ASW,WE,Combined TRACON& Tower with Radar,108,29,35,5,177,1,4,44,2,51,109,33,79,7,228,16,0,16,244
07/02/2007,ELP,TX,ASW,WE,Combined TRACON& Tower with Radar,121,39,30,3,193,3,9,38,3,53,124,48,68,6,246,0,0,0,246
07/03/2007,ELP,TX,ASW,WE,Combined TRACON& Tower with Radar,134,39,32,12,217,0,9,48,3,60,134,48,80,15,277,4,14,18,295
07/04/2007,ELP,TX,ASW,WE,Combined TRACON& Tower with Radar,98,35,12,1,146,0,4,25,4,33,98,39,37,5,179,0,0,0,179
07/05/2007,ELP,TX,ASW,WE,Combined TRACON& Tower with Radar,134,35,40,1,210,0,8,33,3,44,134,43,73,4,254,0,0,0,254
07/06/2007,ELP,TX,ASW,WE,Combined TRACON& Tower with Radar,133,65,41,12,251,1,4,32,8,45,134,69,73,20,296,4,20,24,320
07/07/2007,ELP,TX,ASW,WE,Combined TRACON& Tower with Radar,109,49,37,3,198,0,1,46,0,47,109,50,83,3,245,0,0,0,245
07/08/2007,ELP,TX,ASW,WE,Combined TRACON& Tower with Radar,113,38,18,11,180,0,6,30,8,44,113,44,48,19,224,0,0,0,224
07/09/2007,ELP,TX,ASW,WE,Combined TRACON& Tower with Radar,126,37,32,11,206,0,12,33,9,54,126,49,65,20,260,0,0,0,260
07/10/2007,ELP,TX,ASW,WE,Combined TRACON& Tower with Radar,132,54,34,9,229,0,10,54,14,78,132,64,88,23,307,36,2,38,345
07/11/2007,ELP,TX,ASW,WE,Combined TRACON& Tower with Radar,137,54,28,10,229,0,8,35,18,61,137,62,63,28,290,10,0,10,300
07/12/2007,ELP,TX,ASW,WE,Combined TRACON& Tower with Radar,136,52,40,14,242,0,7,38,9,54,136,59,78,23,296,8,0,8,304
07/13/2007,ELP,TX,ASW,WE,Combined TRACON& Tower with Radar,131,50,32,41,254,0,8,45,16,69,131,58,77,57,323,22,36,58,381
07/14/2007,ELP,TX,ASW,WE,Combined TRACON& Tower with Radar,100,42,20,4,166,1,5,22,6,34,101,47,42,10,200,8,0,8,208
07/15/2007,ELP,TX,ASW,WE,Combined TRACON& Tower with Radar,109,32,24,11,176,0,8,44,7,59,109,40,68,18,235,8,0,8,243
07/16/2007,ELP,TX,ASW,WE,Combined TRACON& Tower with Radar,123,49,31,8,211,0,6,48,6,60,123,55,79,14,271,6,0,6,277
07/17/2007,ELP,TX,ASW,WE,Combined TRACON& Tower with Radar,136,42,30,6,214,2,9,40,12,63,138,51,70,18,277,0,2,2,279
07/18/2007,ELP,TX,ASW,WE,Combined TRACON& Tower with Radar,138,53,35,8,234,0,8,44,10,62,138,61,79,18,296,6,0,6,302
07/19/2007,ELP,TX,ASW,WE,Combined TRACON& Tower with Radar,143,38,42,5,228,0,10,64,13,87,143,48,106,18,315,16,0,16,331
07/20/2007,ELP,TX,ASW,WE,Combined TRACON& Tower with Radar,132,44,37,22,235,0,5,47,18,70,132,49,84,40,305,0,16,16,321
07/21/2007,ELP,TX,ASW,WE,Combined TRACON& Tower with Radar,101,29,18,1,149,0,2,30,7,39,101,31,48,8,188,0,0,0,188
07/22/2007,ELP,TX,ASW,WE,Combined TRACON& Tower with Radar,111,36,23,10,180,0,7,21,2,30,111,43,44,12,210,0,0,0,210
07/23/2007,ELP,TX,ASW,WE,Combined TRACON& Tower with Radar,125,53,28,6,212,0,8,28,4,40,125,61,56,10,252,0,0,0,252
07/24/2007,ELP,TX,ASW,WE,Combined TRACON& Tower with Radar,142,54,35,6,237,0,10,50,6,66,142,64,85,12,303,12,0,12,315
07/25/2007,ELP,TX,ASW,WE,Combined TRACON& Tower with Radar,140,73,52,1,266,3,8,47,10,68,143,81,99,11,334,64,0,64,398
07/26/2007,ELP,TX,ASW,WE,Combined TRACON& Tower with Radar,140,69,34,19,262,0,11,52,10,73,140,80,86,29,335,50,4,54,389
07/27/2007,ELP,TX,ASW,WE,Combined TRACON& Tower with Radar,135,45,30,20,230,0,6,61,7,74,135,51,91,27,304,0,0,0,304
07/28/2007,ELP,TX,ASW,WE,Combined TRACON& Tower with Radar,106,42,23,1,172,0,6,41,0,47,106,48,64,1,219,16,0,16,235
07/29/2007,ELP,TX,ASW,WE,Combined TRACON& Tower with Radar,107,36,15,16,174,0,2,30,2,34,107,38,45,18,208,0,0,0,208
07/30/2007,ELP,TX,ASW,WE,Combined TRACON& Tower with Radar,125,48,19,8,200,0,7,39,8,54,125,55,58,16,254,4,0,4,258
07/31/2007,ELP,TX,ASW,WE,Combined TRACON& Tower with Radar,135,52,37,9,233,1,4,40,15,60,136,56,77,24,293,18,0,18,311
08/01/2007,ELP,TX,ASW,WE,Combined TRACON& Tower with Radar,138,53,22,14,227,0,4,33,4,41,138,57,55,18,268,8,0,8,276
08/02/2007,ELP,TX,ASW,WE,Combined TRACON& Tower with Radar,139,54,25,23,241,0,4,30,12,46,139,58,55,35,287,0,0,0,287
08/03/2007,ELP,TX,ASW,WE,Combined TRACON& Tower with Radar,138,65,47,34,284,2,9,30,8,49,140,74,77,42,333,16,4,20,353
08/04/2007,ELP,TX,ASW,WE,Combined TRACON& Tower with Radar,104,38,21,7,170,0,1,40,2,43,104,39,61,9,213,14,18,32,245
08/05/2007,ELP,TX,ASW,WE,Combined TRACON& Tower with Radar,110,37,21,12,180,0,3,33,0,36,110,40,54,12,216,30,0,30,246
08/06/2007,ELP,TX,ASW,WE,Combined TRACON& Tower with Radar,124,44,28,7,203,0,7,36,6,49,124,51,64,13,252,0,0,0,252
08/07/2007,ELP,TX,ASW,WE,Combined TRACON& Tower with Radar,142,56,32,2,232,0,6,50,7,63,142,62,82,9,295,8,0,8,303
08/08/2007,ELP,TX,ASW,WE,Combined TRACON& Tower with Radar,144,38,38,3,223,0,7,48,8,63,144,45,86,11,286,36,0,36,322
08/09/2007,ELP,TX,ASW,WE,Combined TRACON& Tower with Radar,139,48,23,12,222,0,2,40,11,53,139,50,63,23,275,4,28,32,307
08/10/2007,ELP,TX,ASW,WE,Combined TRACON& Tower with Radar,137,63,23,31,254,0,5,49,4,58,137,68,72,35,312,6,6,12,324
08/11/2007,ELP,TX,ASW,WE,Combined TRACON& Tower with Radar,100,41,25,5,171,0,4,37,1,42,100,45,62,6,213,14,0,14,227
08/12/2007,ELP,TX,ASW,WE,Combined TRACON& Tower with Radar,107,35,15,13,170,1,2,40,2,45,108,37,55,15,215,6,0,6,221
08/13/2007,ELP,TX,ASW,WE,Combined TRACON& Tower with Radar,131,58,27,3,219,0,11,31,0,42,131,69,58,3,261,0,0,0,261
08/14/2007,ELP,TX,ASW,WE,Combined TRACON& Tower with Radar,135,46,34,9,224,1,4,56,2,63,136,50,90,11,287,10,2,12,299
08/15/2007,ELP,TX,ASW,WE,Combined TRACON& Tower with Radar,142,55,41,5,243,6,11,50,2,69,148,66,91,7,312,30,4,34,346
08/16/2007,ELP,TX,ASW,WE,Combined TRACON& Tower with Radar,148,59,47,4,258,0,10,44,5,59,148,69,91,9,317,18,0,18,335
08/17/2007,ELP,TX,ASW,WE,Combined TRACON& Tower with Radar,135,48,48,10,241,0,4,35,6,45,135,52,83,16,286,6,0,6,292
08/18/2007,ELP,TX,ASW,WE,Combined TRACON& Tower with Radar,103,49,20,10,182,0,5,42,10,57,103,54,62,20,239,12,30,42,281
08/19/2007,ELP,TX,ASW,WE,Combined TRACON& Tower with Radar,107,39,25,3,174,0,1,46,2,49,107,40,71,5,223,30,0,30,253
08/20/2007,ELP,TX,ASW,WE,Combined TRACON& Tower with Radar,129,45,28,2,204,0,3,28,3,34,129,48,56,5,238,16,0,16,254
08/21/2007,ELP,TX,ASW,WE,Combined TRACON& Tower with Radar,136,47,29,5,217,1,8,39,4,52,137,55,68,9,269,10,0,10,279
08/22/2007,ELP,TX,ASW,WE,Combined TRACON& Tower with Radar,138,57,36,4,235,0,8,34,0,42,138,65,70,4,277,18,0,18,295
08/23/2007,ELP,TX,ASW,WE,Combined TRACON& Tower with Radar,141,52,49,1,243,0,11,36,4,51,141,63,85,5,294,48,0,48,342
08/24/2007,ELP,TX,ASW,WE,Combined TRACON& Tower with Radar,136,43,54,12,245,1,5,42,5,53,137,48,96,17,298,2,0,2,300
08/25/2007,ELP,TX,ASW,WE,Combined TRACON& Tower with Radar,104,43,18,1,166,0,9,37,4,50,104,52,55,5,216,24,0,24,240
08/26/2007,ELP,TX,ASW,WE,Combined TRACON& Tower with Radar,107,23,23,6,159,0,10,33,1,44,107,33,56,7,203,0,0,0,203
08/27/2007,ELP,TX,ASW,WE,Combined TRACON& Tower with Radar,127,54,42,4,227,0,4,42,4,50,127,58,84,8,277,18,0,18,295
08/28/2007,ELP,TX,ASW,WE,Combined TRACON& Tower with Radar,147,49,47,1,244,0,7,40,5,52,147,56,87,6,296,20,0,20,316
08/29/2007,ELP,TX,ASW,WE,Combined TRACON& Tower with Radar,147,62,44,2,255,2,5,42,6,55,149,67,86,8,310,10,0,10,320
08/30/2007,ELP,TX,ASW,WE,Combined TRACON& Tower with Radar,155,44,47,6,252,0,8,44,10,62,155,52,91,16,314,0,0,0,314
08/31/2007,ELP,TX,ASW,WE,Combined TRACON& Tower with Radar,149,57,37,6,249,1,8,64,10,83,150,65,101,16,332,4,12,16,348
09/01/2007,ELP,TX,ASW,WE,Combined TRACON& Tower with Radar,92,42,12,0,146,0,3,34,6,43,92,45,46,6,189,0,0,0,189
09/02/2007,ELP,TX,ASW,WE,Combined TRACON& Tower with Radar,84,18,24,4,130,0,0,31,0,31,84,18,55,4,161,10,0,10,171
09/03/2007,ELP,TX,ASW,WE,Combined TRACON& Tower with Radar,118,39,29,4,190,0,3,39,1,43,118,42,68,5,233,0,0,0,233
09/04/2007,ELP,TX,ASW,WE,Combined TRACON& Tower with Radar,135,49,45,17,246,0,3,45,3,51,135,52,90,20,297,0,0,0,297
09/05/2007,ELP,TX,ASW,WE,Combined TRACON& Tower with Radar,143,43,24,17,227,0,10,47,10,67,143,53,71,27,294,0,34,34,328
09/06/2007,ELP,TX,ASW,WE,Combined TRACON& Tower with Radar,147,52,18,4,221,0,5,40,4,49,147,57,58,8,270,4,0,4,274
09/07/2007,ELP,TX,ASW,WE,Combined TRACON& Tower with Radar,144,48,32,18,242,0,4,44,6,54,144,52,76,24,296,30,0,30,326
09/08/2007,ELP,TX,ASW,WE,Combined TRACON& Tower with Radar,91,26,19,4,140,1,14,37,0,52,92,40,56,4,192,4,0,4,196
09/09/2007,ELP,TX,ASW,WE,Combined TRACON& Tower with Radar,107,37,14,1,159,0,0,25,1,26,107,37,39,2,185,26,0,26,211
09/10/2007,ELP,TX,ASW,WE,Combined TRACON& Tower with Radar,130,41,15,6,192,0,2,25,6,33,130,43,40,12,225,10,0,10,235
09/11/2007,ELP,TX,ASW,WE,Combined TRACON& Tower with Radar,145,41,31,0,217,0,11,23,3,37,145,52,54,3,254,0,0,0,254
09/12/2007,ELP,TX,ASW,WE,Combined TRACON& Tower with Radar,143,51,20,5,219,1,5,34,5,45,144,56,54,10,264,0,0,0,264
09/13/2007,ELP,TX,ASW,WE,Combined TRACON& Tower with Radar,148,53,44,0,245,1,6,44,17,68,149,59,88,17,313,10,0,10,323
09/14/2007,ELP,TX,ASW,WE,Combined TRACON& Tower with Radar,138,40,30,24,232,0,9,47,11,67,138,49,77,35,299,10,0,10,309
09/15/2007,ELP,TX,ASW,WE,Combined TRACON& Tower with Radar,96,34,29,5,164,0,6,39,2,47,96,40,68,7,211,4,6,10,221
09/16/2007,ELP,TX,ASW,WE,Combined TRACON& Tower with Radar,108,28,21,23,180,0,8,51,0,59,108,36,72,23,239,2,0,2,241
09/17/2007,ELP,TX,ASW,WE,Combined TRACON& Tower with Radar,131,40,41,11,223,1,10,27,18,56,132,50,68,29,279,26,10,36,315
09/18/2007,ELP,TX,ASW,WE,Combined TRACON& Tower with Radar,138,37,45,11,231,0,7,61,13,81,138,44,106,24,312,30,0,30,342
09/19/2007,ELP,TX,ASW,WE,Combined TRACON& Tower with Radar,149,53,32,11,245,0,6,64,18,88,149,59,96,29,333,60,18,78,411
09/20/2007,ELP,TX,ASW,WE,Combined TRACON& Tower with Radar,135,52,45,17,249,0,6,62,22,90,135,58,107,39,339,4,0,4,343
09/21/2007,ELP,TX,ASW,WE,Combined TRACON& Tower with Radar,148,43,45,25,261,0,9,75,16,100,148,52,120,41,361,20,8,28,389
09/22/2007,ELP,TX,ASW,WE,Combined TRACON& Tower with Radar,92,26,18,11,147,0,3,48,2,53,92,29,66,13,200,16,0,16,216
09/23/2007,ELP,TX,ASW,WE,Combined TRACON& Tower with Radar,110,25,9,5,149,1,1,28,1,31,111,26,37,6,180,10,0,10,190
09/24/2007,ELP,TX,ASW,WE,Combined TRACON& Tower with Radar,126,45,51,20,242,0,8,46,7,61,126,53,97,27,303,2,0,2,305
09/25/2007,ELP,TX,ASW,WE,Combined TRACON& Tower with Radar,139,48,59,5,251,1,9,46,13,69,140,57,105,18,320,12,4,16,336
09/26/2007,ELP,TX,ASW,WE,Combined TRACON& Tower with Radar,140,46,43,2,231,0,3,40,10,53,140,49,83,12,284,0,0,0,284
09/27/2007,ELP,TX,ASW,WE,Combined TRACON& Tower with Radar,138,57,36,6,237,0,4,45,15,64,138,61,81,21,301,0,10,10,311
09/28/2007,ELP,TX,ASW,WE,Combined TRACON& Tower with Radar,137,41,27,9,214,0,4,0,13,17,137,45,27,22,231,0,0,0,231
09/29/2007,ELP,TX,ASW,WE,Combined TRACON& Tower with Radar,99,28,28,0,155,0,2,45,5,52,99,30,73,5,207,10,0,10,217
09/30/2007,ELP,TX,ASW,WE,Combined TRACON& Tower with Radar,111,30,35,3,179,0,1,41,0,42,111,31,76,3,221,32,0,32,253
10/01/2007,ELP,TX,ASW,WE,Combined TRACON& Tower with Radar,124,48,34,4,210,0,11,35,8,54,124,59,69,12,264,8,0,8,272
10/02/2007,ELP,TX,ASW,WE,Combined TRACON& Tower with Radar,144,50,54,3,251,1,8,52,20,81,145,58,106,23,332,14,0,14,346
10/03/2007,ELP,TX,ASW,WE,Combined TRACON& Tower with Radar,142,56,24,3,225,0,10,41,14,65,142,66,65,17,290,4,0,4,294
10/04/2007,ELP,TX,ASW,WE,Combined TRACON& Tower with Radar,137,46,60,3,246,0,2,44,11,57,137,48,104,14,303,0,0,0,303
10/05/2007,ELP,TX,ASW,WE,Combined TRACON& Tower with Radar,133,40,30,44,247,0,8,28,18,54,133,48,58,62,301,4,70,74,375
10/06/2007,ELP,TX,ASW,WE,Combined TRACON& Tower with Radar,95,41,7,3,146,0,16,20,2,38,95,57,27,5,184,8,0,8,192
10/07/2007,ELP,TX,ASW,WE,Combined TRACON& Tower with Radar,104,37,33,6,180,1,1,49,0,51,105,38,82,6,231,0,0,0,231
10/08/2007,ELP,TX,ASW,WE,Combined TRACON& Tower with Radar,128,43,18,5,194,0,6,34,6,46,128,49,52,11,240,0,0,0,240
10/09/2007,ELP,TX,ASW,WE,Combined TRACON& Tower with Radar,138,53,33,11,235,0,4,39,16,59,138,57,72,27,294,16,2,18,312
10/10/2007,ELP,TX,ASW,WE,Combined TRACON& Tower with Radar,140,50,39,2,231,0,4,50,11,65,140,54,89,13,296,10,0,10,306
10/11/2007,ELP,TX,ASW,WE,Combined TRACON& Tower with Radar,139,50,55,10,254,0,4,42,9,55,139,54,97,19,309,0,0,0,309
10/12/2007,ELP,TX,ASW,WE,Combined TRACON& Tower with Radar,136,41,28,20,225,0,5,50,6,61,136,46,78,26,286,0,0,0,286
10/13/2007,ELP,TX,ASW,WE,Combined TRACON& Tower with Radar,95,39,33,4,171,0,0,34,8,42,95,39,67,12,213,0,0,0,213
10/14/2007,ELP,TX,ASW,WE,Combined TRACON& Tower with Radar,104,39,22,35,200,0,1,35,18,54,104,40,57,53,254,0,22,22,276
10/15/2007,ELP,TX,ASW,WE,Combined TRACON& Tower with Radar,115,48,39,4,206,0,6,39,10,55,115,54,78,14,261,0,0,0,261
10/16/2007,ELP,TX,ASW,WE,Combined TRACON& Tower with Radar,136,46,42,6,230,0,4,33,10,47,136,50,75,16,277,10,0,10,287
10/17/2007,ELP,TX,ASW,WE,Combined TRACON& Tower with Radar,136,51,35,14,236,0,3,22,6,31,136,54,57,20,267,4,4,8,275
10/18/2007,ELP,TX,ASW,WE,Combined TRACON& Tower with Radar,137,44,35,13,229,0,3,43,18,64,137,47,78,31,293,6,0,6,299
10/19/2007,ELP,TX,ASW,WE,Combined TRACON& Tower with Radar,132,46,34,26,238,0,2,43,7,52,132,48,77,33,290,0,0,0,290
10/20/2007,ELP,TX,ASW,WE,Combined TRACON& Tower with Radar,97,33,30,15,175,0,6,27,4,37,97,39,57,19,212,10,20,30,242
10/21/2007,ELP,TX,ASW,WE,Combined TRACON& Tower with Radar,104,44,17,22,187,0,3,36,5,44,104,47,53,27,231,0,0,0,231
10/22/2007,ELP,TX,ASW,WE,Combined TRACON& Tower with Radar,121,51,29,9,210,1,5,42,14,62,122,56,71,23,272,24,58,82,354
10/23/2007,ELP,TX,ASW,WE,Combined TRACON& Tower with Radar,138,40,29,5,212,1,5,38,9,53,139,45,67,14,265,0,0,0,265
10/24/2007,ELP,TX,ASW,WE,Combined TRACON& Tower with Radar,142,56,42,8,248,2,11,48,4,65,144,67,90,12,313,0,0,0,313
10/25/2007,ELP,TX,ASW,WE,Combined TRACON& Tower with Radar,153,47,34,15,249,0,5,38,13,56,153,52,72,28,305,0,0,0,305
10/26/2007,ELP,TX,ASW,WE,Combined TRACON& Tower with Radar,138,41,51,12,242,0,2,67,14,83,138,43,118,26,325,0,28,28,353
10/27/2007,ELP,TX,ASW,WE,Combined TRACON& Tower with Radar,101,33,25,0,159,0,2,37,2,41,101,35,62,2,200,0,0,0,200
10/28/2007,ELP,TX,ASW,WE,Combined TRACON& Tower with Radar,104,31,37,10,182,1,4,51,5,61,105,35,88,15,243,84,20,104,347
10/29/2007,ELP,TX,ASW,WE,Combined TRACON& Tower with Radar,120,60,48,3,231,0,9,38,8,55,120,69,86,11,286,8,0,8,294
10/30/2007,ELP,TX,ASW,WE,Combined TRACON& Tower with Radar,137,59,34,2,232,0,5,52,6,63,137,64,86,8,295,12,0,12,307
10/31/2007,ELP,TX,ASW,WE,Combined TRACON& Tower with Radar,140,59,33,3,235,1,8,46,3,58,141,67,79,6,293,0,0,0,293
11/01/2007,ELP,TX,ASW,WE,Combined TRACON& Tower with Radar,139,54,56,10,259,0,7,50,16,73,139,61,106,26,332,8,0,8,340
11/02/2007,ELP,TX,ASW,WE,Combined TRACON& Tower with Radar,131,49,25,12,217,1,4,29,19,53,132,53,54,31,270,0,0,0,270
11/03/2007,ELP,TX,ASW,WE,Combined TRACON& Tower with Radar,95,38,11,0,144,0,3,44,3,50,95,41,55,3,194,4,0,4,198
11/04/2007,ELP,TX,ASW,WE,Combined TRACON& Tower with Radar,101,38,20,18,177,0,5,49,7,61,101,43,69,25,238,28,0,28,266
11/05/2007,ELP,TX,ASW,WE,Combined TRACON& Tower with Radar,117,51,44,2,214,0,11,37,13,61,117,62,81,15,275,6,0,6,281
11/06/2007,ELP,TX,ASW,WE,Combined TRACON& Tower with Radar,130,37,30,2,199,0,3,34,15,52,130,40,64,17,251,0,0,0,251
11/07/2007,ELP,TX,ASW,WE,Combined TRACON& Tower with Radar,126,42,37,3,208,0,4,50,13,67,126,46,87,16,275,12,0,12,287
11/08/2007,ELP,TX,ASW,WE,Combined TRACON& Tower with Radar,126,58,32,12,228,1,9,33,7,50,127,67,65,19,278,14,0,14,292
11/09/2007,ELP,TX,ASW,WE,Combined TRACON& Tower with Radar,129,54,36,0,219,1,8,49,3,61,130,62,85,3,280,0,0,0,280
11/10/2007,ELP,TX,ASW,WE,Combined TRACON& Tower with Radar,87,37,34,0,158,0,10,46,3,59,87,47,80,3,217,0,0,0,217
11/11/2007,ELP,TX,ASW,WE,Combined TRACON& Tower with Radar,106,38,28,4,176,0,3,36,6,45,106,41,64,10,221,0,0,0,221
11/12/2007,ELP,TX,ASW,WE,Combined TRACON& Tower with Radar,116,44,27,8,195,0,2,32,4,38,116,46,59,12,233,0,0,0,233
11/13/2007,ELP,TX,ASW,WE,Combined TRACON& Tower with Radar,128,55,48,10,241,0,8,50,7,65,128,63,98,17,306,8,0,8,314
11/14/2007,ELP,TX,ASW,WE,Combined TRACON& Tower with Radar,128,54,46,28,256,0,5,43,8,56,128,59,89,36,312,14,2,16,328
11/15/2007,ELP,TX,ASW,WE,Combined TRACON& Tower with Radar,129,51,33,14,227,0,5,37,6,48,129,56,70,20,275,0,0,0,275
11/16/2007,ELP,TX,ASW,WE,Combined TRACON& Tower with Radar,127,53,52,15,247,0,7,33,0,40,127,60,85,15,287,6,0,6,293
11/17/2007,ELP,TX,ASW,WE,Combined TRACON& Tower with Radar,88,50,38,1,177,0,11,29,0,40,88,61,67,1,217,24,0,24,241
11/18/2007,ELP,TX,ASW,WE,Combined TRACON& Tower with Radar,103,33,35,18,189,0,5,52,1,58,103,38,87,19,247,8,0,8,255
11/19/2007,ELP,TX,ASW,WE,Combined TRACON& Tower with Radar,110,40,32,17,199,0,5,36,1,42,110,45,68,18,241,20,0,20,261
11/20/2007,ELP,TX,ASW,WE,Combined TRACON& Tower with Radar,125,64,44,1,234,0,7,37,9,53,125,71,81,10,287,4,0,4,291
11/21/2007,ELP,TX,ASW,WE,Combined TRACON& Tower with Radar,125,51,37,11,224,0,6,37,5,48,125,57,74,16,272,0,14,14,286
11/22/2007,ELP,TX,ASW,WE,Combined TRACON& Tower with Radar,81,20,11,0,112,1,1,10,0,12,82,21,21,0,124,4,0,4,128
11/23/2007,ELP,TX,ASW,WE,Combined TRACON& Tower with Radar,110,36,20,2,168,0,6,19,0,25,110,42,39,2,193,0,0,0,193
11/24/2007,ELP,TX,ASW,WE,Combined TRACON& Tower with Radar,90,28,4,2,124,1,0,0,0,1,91,28,4,2,125,0,0,0,125
11/25/2007,ELP,TX,ASW,WE,Combined TRACON& Tower with Radar,108,39,28,3,178,1,3,22,1,27,109,42,50,4,205,0,0,0,205
11/26/2007,ELP,TX,ASW,WE,Combined TRACON& Tower with Radar,123,44,32,2,201,0,5,28,6,39,123,49,60,8,240,4,0,4,244
11/27/2007,ELP,TX,ASW,WE,Combined TRACON& Tower with Radar,120,70,42,6,238,0,10,50,2,62,120,80,92,8,300,14,0,14,314
11/28/2007,ELP,TX,ASW,WE,Combined TRACON& Tower with Radar,126,59,39,9,233,1,9,61,7,78,127,68,100,16,311,8,0,8,319
11/29/2007,ELP,TX,ASW,WE,Combined TRACON& Tower with Radar,127,47,43,2,219,0,8,43,9,60,127,55,86,11,279,2,0,2,281
11/30/2007,ELP,TX,ASW,WE,Combined TRACON& Tower with Radar,121,42,38,17,218,0,10,20,12,42,121,52,58,29,260,24,0,24,284
12/01/2007,ELP,TX,ASW,WE,Combined TRACON& Tower with Radar,95,38,17,3,153,0,0,6,1,7,95,38,23,4,160,4,0,4,164
12/02/2007,ELP,TX,ASW,WE,Combined TRACON& Tower with Radar,101,35,24,11,171,0,3,32,4,39,101,38,56,15,210,0,0,0,210
12/03/2007,ELP,TX,ASW,WE,Combined TRACON& Tower with Radar,118,48,35,3,204,0,14,42,11,67,118,62,77,14,271,0,0,0,271
12/04/2007,ELP,TX,ASW,WE,Combined TRACON& Tower with Radar,123,48,45,4,220,0,7,44,7,58,123,55,89,11,278,4,0,4,282
12/05/2007,ELP,TX,ASW,WE,Combined TRACON& Tower with Radar,123,43,41,21,228,0,20,47,24,91,123,63,88,45,319,24,8,32,351
12/06/2007,ELP,TX,ASW,WE,Combined TRACON& Tower with Radar,121,41,60,13,235,0,13,36,10,59,121,54,96,23,294,0,0,0,294
12/07/2007,ELP,TX,ASW,WE,Combined TRACON& Tower with Radar,120,43,37,12,212,0,4,29,11,44,120,47,66,23,256,0,0,0,256
12/08/2007,ELP,TX,ASW,WE,Combined TRACON& Tower with Radar,91,29,16,0,136,0,2,30,4,36,91,31,46,4,172,44,0,44,216
12/09/2007,ELP,TX,ASW,WE,Combined TRACON& Tower with Radar,103,36,31,7,177,0,2,24,1,27,103,38,55,8,204,26,0,26,230
12/10/2007,ELP,TX,ASW,WE,Combined TRACON& Tower with Radar,119,59,30,5,213,0,3,3,1,7,119,62,33,6,220,10,0,10,230
12/11/2007,ELP,TX,ASW,WE,Combined TRACON& Tower with Radar,120,59,41,6,226,0,6,41,7,54,120,65,82,13,280,12,56,68,348
12/12/2007,ELP,TX,ASW,WE,Combined TRACON& Tower with Radar,121,61,38,51,271,1,4,31,26,62,122,65,69,77,333,6,64,70,403
12/13/2007,ELP,TX,ASW,WE,Combined TRACON& Tower with Radar,130,47,45,25,247,0,4,53,6,63,130,51,98,31,310,0,0,0,310
12/14/2007,ELP,TX,ASW,WE,Combined TRACON& Tower with Radar,117,64,26,39,246,0,4,23,16,43,117,68,49,55,289,0,20,20,309
12/15/2007,ELP,TX,ASW,WE,Combined TRACON& Tower with Radar,89,41,26,1,157,0,4,31,4,39,89,45,57,5,196,0,0,0,196
12/16/2007,ELP,TX,ASW,WE,Combined TRACON& Tower with Radar,106,33,22,11,172,0,8,48,2,58,106,41,70,13,230,30,20,50,280
12/17/2007,ELP,TX,ASW,WE,Combined TRACON& Tower with Radar,116,48,45,9,218,1,10,37,7,55,117,58,82,16,273,28,0,28,301
12/18/2007,ELP,TX,ASW,WE,Combined TRACON& Tower with Radar,137,50,40,7,234,0,5,46,16,67,137,55,86,23,301,76,0,76,377
12/19/2007,ELP,TX,ASW,WE,Combined TRACON& Tower with Radar,134,70,82,16,302,1,9,49,6,65,135,79,131,22,367,18,4,22,389
12/20/2007,ELP,TX,ASW,WE,Combined TRACON& Tower with Radar,134,59,54,5,252,0,4,43,10,57,134,63,97,15,309,34,0,34,343
12/21/2007,ELP,TX,ASW,WE,Combined TRACON& Tower with Radar,124,62,40,1,227,0,2,39,2,43,124,64,79,3,270,0,0,0,270
12/22/2007,ELP,TX,ASW,WE,Combined TRACON& Tower with Radar,92,49,25,1,167,0,9,22,0,31,92,58,47,1,198,4,0,4,202
12/23/2007,ELP,TX,ASW,WE,Combined TRACON& Tower with Radar,108,41,36,0,185,0,2,45,0,47,108,43,81,0,232,16,0,16,248
12/24/2007,ELP,TX,ASW,WE,Combined TRACON& Tower with Radar,91,32,8,0,131,0,5,34,1,40,91,37,42,1,171,0,0,0,171
12/25/2007,ELP,TX,ASW,WE,Combined TRACON& Tower with Radar,88,50,6,0,144,1,4,12,2,19,89,54,18,2,163,6,0,6,169
12/26/2007,ELP,TX,ASW,WE,Combined TRACON& Tower with Radar,121,69,36,0,226,0,11,32,2,45,121,80,68,2,271,22,0,22,293
12/27/2007,ELP,TX,ASW,WE,Combined TRACON& Tower with Radar,122,47,31,0,200,0,2,7,0,9,122,49,38,0,209,0,0,0,209
12/28/2007,ELP,TX,ASW,WE,Combined TRACON& Tower with Radar,120,58,44,2,224,0,9,40,1,50,120,67,84,3,274,0,0,0,274
12/29/2007,ELP,TX,ASW,WE,Combined TRACON& Tower with Radar,108,38,31,0,177,0,2,48,0,50,108,40,79,0,227,0,0,0,227
12/30/2007,ELP,TX,ASW,WE,Combined TRACON& Tower with Radar,110,47,28,0,185,0,2,42,0,44,110,49,70,0,229,14,0,14,243
12/31/2007,ELP,TX,ASW,WE,Combined TRACON& Tower with Radar,103,38,29,0,170,0,4,33,4,41,103,42,62,4,211,16,0,16,227
01/01/2008,ELP,TX,ASW,WE,Combined TRACON& Tower with Radar,105,52,26,0,183,0,4,33,4,41,105,56,59,4,224,0,0,0,224
01/02/2008,ELP,TX,ASW,WE,Combined TRACON& Tower with Radar,117,56,28,0,201,1,8,24,0,33,118,64,52,0,234,0,0,0,234
01/03/2008,ELP,TX,ASW,WE,Combined TRACON& Tower with Radar,122,59,53,2,236,0,5,36,0,41,122,64,89,2,277,0,0,0,277
01/04/2008,ELP,TX,ASW,WE,Combined TRACON& Tower with Radar,120,67,37,10,234,0,3,29,1,33,120,70,66,11,267,10,0,10,277
01/05/2008,ELP,TX,ASW,WE,Combined TRACON& Tower with Radar,85,69,33,21,208,0,3,22,4,29,85,72,55,25,237,0,36,36,273
01/06/2008,ELP,TX,ASW,WE,Combined TRACON& Tower with Radar,102,45,42,5,194,0,3,17,0,20,102,48,59,5,214,6,0,6,220
01/07/2008,ELP,TX,ASW,WE,Combined TRACON& Tower with Radar,106,45,30,7,188,0,6,12,3,21,106,51,42,10,209,0,8,8,217
01/08/2008,ELP,TX,ASW,WE,Combined TRACON& Tower with Radar,115,61,40,9,225,0,9,64,5,78,115,70,104,14,303,4,10,14,317
01/09/2008,ELP,TX,ASW,WE,Combined TRACON& Tower with Radar,116,56,41,2,215,0,10,43,5,58,116,66,84,7,273,0,0,0,273
01/10/2008,ELP,TX,ASW,WE,Combined TRACON& Tower with Radar,120,53,51,13,237,0,2,40,5,47,120,55,91,18,284,0,0,0,284
01/11/2008,ELP,TX,ASW,WE,Combined TRACON& Tower with Radar,113,43,39,37,232,0,11,41,7,59,113,54,80,44,291,14,0,14,305
01/12/2008,ELP,TX,ASW,WE,Combined TRACON& Tower with Radar,81,29,20,2,132,0,3,42,3,48,81,32,62,5,180,0,4,4,184
01/13/2008,ELP,TX,ASW,WE,Combined TRACON& Tower with Radar,97,34,31,23,185,0,3,14,2,19,97,37,45,25,204,16,0,16,220
01/14/2008,ELP,TX,ASW,WE,Combined TRACON& Tower with Radar,111,48,22,8,189,0,7,31,2,40,111,55,53,10,229,4,0,4,233
01/15/2008,ELP,TX,ASW,WE,Combined TRACON& Tower with Radar,121,53,39,1,214,0,10,36,16,62,121,63,75,17,276,22,0,22,298
01/16/2008,ELP,TX,ASW,WE,Combined TRACON& Tower with Radar,115,42,52,8,217,0,5,42,17,64,115,47,94,25,281,46,0,46,327
01/17/2008,ELP,TX,ASW,WE,Combined TRACON& Tower with Radar,114,52,56,8,230,1,2,46,16,65,115,54,102,24,295,20,0,20,315
01/18/2008,ELP,TX,ASW,WE,Combined TRACON& Tower with Radar,113,47,38,22,220,0,5,56,3,64,113,52,94,25,284,0,0,0,284
01/19/2008,ELP,TX,ASW,WE,Combined TRACON& Tower with Radar,76,39,26,0,141,0,4,66,3,73,76,43,92,3,214,32,0,32,246
01/20/2008,ELP,TX,ASW,WE,Combined TRACON& Tower with Radar,96,33,30,17,176,0,10,50,3,63,96,43,80,20,239,14,0,14,253
01/21/2008,ELP,TX,ASW,WE,Combined TRACON& Tower with Radar,104,42,23,15,184,0,4,38,3,45,104,46,61,18,229,50,0,50,279
01/22/2008,ELP,TX,ASW,WE,Combined TRACON& Tower with Radar,119,48,39,2,208,0,5,39,4,48,119,53,78,6,256,16,0,16,272
01/23/2008,ELP,TX,ASW,WE,Combined TRACON& Tower with Radar,114,50,38,14,216,0,3,35,25,63,114,53,73,39,279,34,20,54,333
01/24/2008,ELP,TX,ASW,WE,Combined TRACON& Tower with Radar,113,52,31,7,203,0,3,21,4,28,113,55,52,11,231,2,0,2,233
01/25/2008,ELP,TX,ASW,WE,Combined TRACON& Tower with Radar,112,56,39,11,218,0,4,26,13,43,112,60,65,24,261,2,28,30,291
01/26/2008,ELP,TX,ASW,WE,Combined TRACON& Tower with Radar,76,46,38,2,162,0,4,45,3,52,76,50,83,5,214,14,0,14,228
01/27/2008,ELP,TX,ASW,WE,Combined TRACON& Tower with Radar,95,44,48,12,199,0,3,36,1,40,95,47,84,13,239,16,2,18,257
01/28/2008,ELP,TX,ASW,WE,Combined TRACON& Tower with Radar,115,48,25,7,195,0,3,19,3,25,115,51,44,10,220,4,0,4,224
01/29/2008,ELP,TX,ASW,WE,Combined TRACON& Tower with Radar,117,66,53,41,277,0,8,31,10,49,117,74,84,51,326,0,40,40,366
01/30/2008,ELP,TX,ASW,WE,Combined TRACON& Tower with Radar,117,51,34,7,209,0,6,42,11,59,117,57,76,18,268,20,0,20,288
01/31/2008,ELP,TX,ASW,WE,Combined TRACON& Tower with Radar,117,60,53,24,254,0,3,47,22,72,117,63,100,46,326,32,20,52,378
02/01/2008,ELP,TX,ASW,WE,Combined TRACON& Tower with Radar,116,64,53,19,252,0,2,50,4,56,116,66,103,23,308,0,0,0,308
02/02/2008,ELP,TX,ASW,WE,Combined TRACON& Tower with Radar,79,45,36,18,178,0,3,42,3,48,79,48,78,21,226,0,8,8,234
02/03/2008,ELP,TX,ASW,WE,Combined TRACON& Tower with Radar,98,39,19,24,180,0,3,19,4,26,98,42,38,28,206,0,8,8,214
02/04/2008,ELP,TX,ASW,WE,Combined TRACON& Tower with Radar,118,54,30,0,202,0,6,17,2,25,118,60,47,2,227,36,0,36,263
02/05/2008,ELP,TX,ASW,WE,Combined TRACON& Tower with Radar,120,55,30,8,213,0,11,33,9,53,120,66,63,17,266,0,0,0,266
02/06/2008,ELP,TX,ASW,WE,Combined TRACON& Tower with Radar,121,47,41,8,217,0,5,59,8,72,121,52,100,16,289,86,0,86,375
02/07/2008,ELP,TX,ASW,WE,Combined TRACON& Tower with Radar,125,51,32,11,219,0,8,69,15,92,125,59,101,26,311,88,0,88,399
02/08/2008,ELP,TX,ASW,WE,Combined TRACON& Tower with Radar,124,49,26,26,225,0,4,50,10,64,124,53,76,36,289,16,0,16,305
02/09/2008,ELP,TX,ASW,WE,Combined TRACON& Tower with Radar,83,33,26,12,154,0,3,47,6,56,83,36,73,18,210,0,0,0,210
02/10/2008,ELP,TX,ASW,WE,Combined TRACON& Tower with Radar,101,38,23,24,186,0,4,64,14,82,101,42,87,38,268,70,0,70,338
02/11/2008,ELP,TX,ASW,WE,Combined TRACON& Tower with Radar,108,42,33,21,204,0,2,45,8,55,108,44,78,29,259,6,20,26,285
02/12/2008,ELP,TX,ASW,WE,Combined TRACON& Tower with Radar,120,47,29,21,217,0,3,49,15,67,120,50,78,36,284,0,6,6,290
02/13/2008,ELP,TX,ASW,WE,Combined TRACON& Tower with Radar,122,44,47,10,223,0,7,50,9,66,122,51,97,19,289,2,2,4,293
02/14/2008,ELP,TX,ASW,WE,Combined TRACON& Tower with Radar,119,52,35,11,217,0,3,32,15,50,119,55,67,26,267,20,0,20,287
02/15/2008,ELP,TX,ASW,WE,Combined TRACON& Tower with Radar,113,52,33,22,220,0,6,21,8,35,113,58,54,30,255,20,0,20,275
02/16/2008,ELP,TX,ASW,WE,Combined TRACON& Tower with Radar,74,38,38,6,156,1,4,28,7,40,75,42,66,13,196,0,0,0,196
02/17/2008,ELP,TX,ASW,WE,Combined TRACON& Tower with Radar,93,42,42,9,186,0,4,28,7,39,93,46,70,16,225,0,2,2,227
02/18/2008,ELP,TX,ASW,WE,Combined TRACON& Tower with Radar,117,46,52,0,215,0,6,57,9,72,117,52,109,9,287,10,0,10,297
02/19/2008,ELP,TX,ASW,WE,Combined TRACON& Tower with Radar,122,58,43,0,223,1,6,52,7,66,123,64,95,7,289,10,0,10,299
02/20/2008,ELP,TX,ASW,WE,Combined TRACON& Tower with Radar,88,37,28,10,163,0,5,44,9,58,88,42,72,19,221,14,2,16,237
02/21/2008,ELP,TX,ASW,WE,Combined TRACON& Tower with Radar,114,56,43,32,245,0,5,28,5,38,114,61,71,37,283,0,0,0,283
02/22/2008,ELP,TX,ASW,WE,Combined TRACON& Tower with Radar,111,78,40,42,271,0,5,35,19,59,111,83,75,61,330,0,0,0,330
02/23/2008,ELP,TX,ASW,WE,Combined TRACON& Tower with Radar,75,48,22,6,151,0,2,17,5,24,75,50,39,11,175,0,0,0,175
02/24/2008,ELP,TX,ASW,WE,Combined TRACON& Tower with Radar,94,42,34,31,201,1,6,64,6,77,95,48,98,37,278,16,0,16,294
02/25/2008,ELP,TX,ASW,WE,Combined TRACON& Tower with Radar,110,53,30,12,205,0,4,21,13,38,110,57,51,25,243,0,0,0,243
02/26/2008,ELP,TX,ASW,WE,Combined TRACON& Tower with Radar,115,65,56,3,239,0,11,70,13,94,115,76,126,16,333,0,0,0,333
02/27/2008,ELP,TX,ASW,WE,Combined TRACON& Tower with Radar,118,63,40,30,251,0,5,50,13,68,118,68,90,43,319,2,12,14,333
02/28/2008,ELP,TX,ASW,WE,Combined TRACON& Tower with Radar,118,63,59,15,255,0,15,77,14,106,118,78,136,29,361,62,0,62,423
02/29/2008,ELP,TX,ASW,WE,Combined TRACON& Tower with Radar,112,56,37,39,244,1,6,48,19,74,113,62,85,58,318,0,0,0,318
03/01/2008,ELP,TX,ASW,WE,Combined TRACON& Tower with Radar,76,47,31,11,165,0,2,32,4,38,76,49,63,15,203,2,0,2,205
03/02/2008,ELP,TX,ASW,WE,Combined TRACON& Tower with Radar,97,40,24,24,185,0,0,13,6,19,97,40,37,30,204,34,8,42,246
03/03/2008,ELP,TX,ASW,WE,Combined TRACON& Tower with Radar,104,56,30,6,196,0,15,19,16,50,104,71,49,22,246,10,0,10,256
03/04/2008,ELP,TX,ASW,WE,Combined TRACON& Tower with Radar,118,52,36,15,221,0,12,36,17,65,118,64,72,32,286,0,6,6,292
03/05/2008,ELP,TX,ASW,WE,Combined TRACON& Tower with Radar,114,68,50,31,263,0,14,55,15,84,114,82,105,46,347,8,18,26,373
03/06/2008,ELP,TX,ASW,WE,Combined TRACON& Tower with Radar,105,59,34,23,221,0,5,33,24,62,105,64,67,47,283,2,0,2,285
03/07/2008,ELP,TX,ASW,WE,Combined TRACON& Tower with Radar,110,53,38,16,217,0,9,49,15,73,110,62,87,31,290,52,6,58,348
03/08/2008,ELP,TX,ASW,WE,Combined TRACON& Tower with Radar,87,40,26,0,153,0,1,50,5,56,87,41,76,5,209,10,0,10,219
03/09/2008,ELP,TX,ASW,WE,Combined TRACON& Tower with Radar,100,41,31,14,186,0,2,37,6,45,100,43,68,20,231,10,0,10,241
03/10/2008,ELP,TX,ASW,WE,Combined TRACON& Tower with Radar,112,51,24,7,194,0,9,39,22,70,112,60,63,29,264,20,12,32,296
03/11/2008,ELP,TX,ASW,WE,Combined TRACON& Tower with Radar,118,45,34,3,200,0,11,35,25,71,118,56,69,28,271,4,0,4,275
03/12/2008,ELP,TX,ASW,WE,Combined TRACON& Tower with Radar,117,46,44,8,215,0,9,64,28,101,117,55,108,36,316,0,0,0,316
03/13/2008,ELP,TX,ASW,WE,Combined TRACON& Tower with Radar,113,58,32,14,217,0,8,36,19,63,113,66,68,33,280,72,0,72,352
03/14/2008,ELP,TX,ASW,WE,Combined TRACON& Tower with Radar,112,85,35,7,239,0,9,17,5,31,112,94,52,12,270,0,0,0,270
03/15/2008,ELP,TX,ASW,WE,Combined TRACON& Tower with Radar,88,65,46,4,203,0,5,34,9,48,88,70,80,13,251,0,0,0,251
03/16/2008,ELP,TX,ASW,WE,Combined TRACON& Tower with Radar,99,50,32,14,195,0,1,17,1,19,99,51,49,15,214,2,0,2,216
03/17/2008,ELP,TX,ASW,WE,Combined TRACON& Tower with Radar,111,50,24,13,198,1,12,23,28,64,112,62,47,41,262,0,22,22,284
03/18/2008,ELP,TX,ASW,WE,Combined TRACON& Tower with Radar,127,59,60,13,259,8,20,40,26,94,135,79,100,39,353,12,52,64,417
03/19/2008,ELP,TX,ASW,WE,Combined TRACON& Tower with Radar,117,58,60,11,246,0,10,72,11,93,117,68,132,22,339,22,4,26,365
03/20/2008,ELP,TX,ASW,WE,Combined TRACON& Tower with Radar,120,54,36,18,228,0,9,54,18,81,120,63,90,36,309,2,0,2,311
03/21/2008,ELP,TX,ASW,WE,Combined TRACON& Tower with Radar,109,46,33,2,190,0,11,46,12,69,109,57,79,14,259,0,0,0,259
03/22/2008,ELP,TX,ASW,WE,Combined TRACON& Tower with Radar,86,55,31,0,172,0,9,36,2,47,86,64,67,2,219,18,0,18,237
03/23/2008,ELP,TX,ASW,WE,Combined TRACON& Tower with Radar,95,60,24,4,183,1,5,16,0,22,96,65,40,4,205,0,0,0,205
03/24/2008,ELP,TX,ASW,WE,Combined TRACON& Tower with Radar,108,53,35,3,199,0,8,39,9,56,108,61,74,12,255,0,0,0,255
03/25/2008,ELP,TX,ASW,WE,Combined TRACON& Tower with Radar,121,50,50,14,235,0,11,44,22,77,121,61,94,36,312,0,0,0,312
03/26/2008,ELP,TX,ASW,WE,Combined TRACON& Tower with Radar,112,57,42,11,222,0,8,39,13,60,112,65,81,24,282,12,0,12,294
03/27/2008,ELP,TX,ASW,WE,Combined TRACON& Tower with Radar,113,67,44,2,226,0,8,49,9,66,113,75,93,11,292,26,0,26,318
03/28/2008,ELP,TX,ASW,WE,Combined TRACON& Tower with Radar,113,53,56,51,273,0,9,49,28,86,113,62,105,79,359,6,64,70,429
03/29/2008,ELP,TX,ASW,WE,Combined TRACON& Tower with Radar,85,44,33,5,167,0,2,35,3,40,85,46,68,8,207,60,0,60,267
03/30/2008,ELP,TX,ASW,WE,Combined TRACON& Tower with Radar,100,56,25,14,195,0,3,39,1,43,100,59,64,15,238,50,0,50,288
03/31/2008,ELP,TX,ASW,WE,Combined TRACON& Tower with Radar,108,57,31,11,207,0,5,47,12,64,108,62,78,23,271,16,4,20,291
04/01/2008,ELP,TX,ASW,WE,Combined TRACON& Tower with Radar,112,54,41,0,207,0,8,47,7,62,112,62,88,7,269,14,0,14,283
04/02/2008,ELP,TX,ASW,WE,Combined TRACON& Tower with Radar,115,45,36,2,198,0,7,46,12,65,115,52,82,14,263,4,16,20,283
04/03/2008,ELP,TX,ASW,WE,Combined TRACON& Tower with Radar,115,53,40,14,222,0,4,31,13,48,115,57,71,27,270,0,0,0,270
04/04/2008,ELP,TX,ASW,WE,Combined TRACON& Tower with Radar,119,58,38,8,223,0,9,56,15,80,119,67,94,23,303,0,0,0,303
04/05/2008,ELP,TX,ASW,WE,Combined TRACON& Tower with Radar,85,42,23,8,158,0,6,40,3,49,85,48,63,11,207,14,0,14,221
04/06/2008,ELP,TX,ASW,WE,Combined TRACON& Tower with Radar,100,46,26,17,189,0,3,36,5,44,100,49,62,22,233,26,8,34,267
04/07/2008,ELP,TX,ASW,WE,Combined TRACON& Tower with Radar,108,42,23,15,188,1,16,31,8,56,109,58,54,23,244,0,0,0,244
04/08/2008,ELP,TX,ASW,WE,Combined TRACON& Tower with Radar,112,51,33,17,213,0,10,54,7,71,112,61,87,24,284,0,0,0,284
04/09/2008,ELP,TX,ASW,WE,Combined TRACON& Tower with Radar,100,56,35,11,202,0,4,19,6,29,100,60,54,17,231,26,4,30,261
04/10/2008,ELP,TX,ASW,WE,Combined TRACON& Tower with Radar,99,45,30,17,191,1,8,18,14,41,100,53,48,31,232,2,42,44,276
04/11/2008,ELP,TX,ASW,WE,Combined TRACON& Tower with Radar,101,58,29,22,210,0,6,40,4,50,101,64,69,26,260,2,0,2,262
04/12/2008,ELP,TX,ASW,WE,Combined TRACON& Tower with Radar,83,39,25,4,151,0,9,42,3,54,83,48,67,7,205,26,0,26,231
04/13/2008,ELP,TX,ASW,WE,Combined TRACON& Tower with Radar,99,41,23,9,172,1,3,23,4,31,100,44,46,13,203,0,0,0,203
04/14/2008,ELP,TX,ASW,WE,Combined TRACON& Tower with Radar,108,45,31,14,198,1,8,39,8,56,109,53,70,22,254,0,0,0,254
04/15/2008,ELP,TX,ASW,WE,Combined TRACON& Tower with Radar,114,59,19,12,204,0,10,43,17,70,114,69,62,29,274,60,4,64,338
04/16/2008,ELP,TX,ASW,WE,Combined TRACON& Tower with Radar,112,64,37,25,238,0,7,33,11,51,112,71,70,36,289,10,8,18,307
04/17/2008,ELP,TX,ASW,WE,Combined TRACON& Tower with Radar,118,50,38,20,226,1,6,34,10,51,119,56,72,30,277,0,0,0,277
04/18/2008,ELP,TX,ASW,WE,Combined TRACON& Tower with Radar,118,55,27,26,226,1,10,62,23,96,119,65,89,49,322,10,18,28,350
04/19/2008,ELP,TX,ASW,WE,Combined TRACON& Tower with Radar,89,33,16,0,138,0,4,45,4,53,89,37,61,4,191,0,0,0,191
04/20/2008,ELP,TX,ASW,WE,Combined TRACON& Tower with Radar,106,46,19,10,181,0,0,15,5,20,106,46,34,15,201,0,0,0,201
04/21/2008,ELP,TX,ASW,WE,Combined TRACON& Tower with Radar,110,52,38,5,205,0,8,35,10,53,110,60,73,15,258,4,0,4,262
04/22/2008,ELP,TX,ASW,WE,Combined TRACON& Tower with Radar,121,50,45,1,217,0,8,53,13,74,121,58,98,14,291,0,0,0,291
04/23/2008,ELP,TX,ASW,WE,Combined TRACON& Tower with Radar,123,42,43,19,227,0,11,60,20,91,123,53,103,39,318,12,36,48,366
04/24/2008,ELP,TX,ASW,WE,Combined TRACON& Tower with Radar,124,35,36,7,202,0,8,58,11,77,124,43,94,18,279,0,0,0,279
04/25/2008,ELP,TX,ASW,WE,Combined TRACON& Tower with Radar,112,55,31,16,214,0,10,51,12,73,112,65,82,28,287,20,26,46,333
04/26/2008,ELP,TX,ASW,WE,Combined TRACON& Tower with Radar,86,37,22,0,145,0,4,41,1,46,86,41,63,1,191,14,0,14,205
04/27/2008,ELP,TX,ASW,WE,Combined TRACON& Tower with Radar,98,38,24,7,167,0,0,28,3,31,98,38,52,10,198,4,0,4,202
04/28/2008,ELP,TX,ASW,WE,Combined TRACON& Tower with Radar,111,43,44,3,201,0,7,54,6,67,111,50,98,9,268,4,0,4,272
04/29/2008,ELP,TX,ASW,WE,Combined TRACON& Tower with Radar,119,47,48,8,222,1,14,42,11,68,120,61,90,19,290,4,10,14,304
04/30/2008,ELP,TX,ASW,WE,Combined TRACON& Tower with Radar,121,38,42,1,202,0,10,26,7,43,121,48,68,8,245,0,0,0,245
05/01/2008,ELP,TX,ASW,WE,Combined TRACON& Tower with Radar,120,44,30,7,201,0,4,21,7,32,120,48,51,14,233,0,0,0,233
05/02/2008,ELP,TX,ASW,WE,Combined TRACON& Tower with Radar,117,53,41,16,227,0,19,48,9,76,117,72,89,25,303,0,0,0,303
05/03/2008,ELP,TX,ASW,WE,Combined TRACON& Tower with Radar,86,37,14,13,150,0,12,20,0,32,86,49,34,13,182,14,0,14,196
05/04/2008,ELP,TX,ASW,WE,Combined TRACON& Tower with Radar,101,36,20,24,181,0,3,48,5,56,101,39,68,29,237,54,0,54,291
05/05/2008,ELP,TX,ASW,WE,Combined TRACON& Tower with Radar,117,42,24,6,189,0,11,43,3,57,117,53,67,9,246,60,0,60,306
05/06/2008,ELP,TX,ASW,WE,Combined TRACON& Tower with Radar,131,38,43,12,224,0,7,36,4,47,131,45,79,16,271,40,18,58,329
05/07/2008,ELP,TX,ASW,WE,Combined TRACON& Tower with Radar,125,43,50,10,228,0,8,40,8,56,125,51,90,18,284,42,0,42,326
05/08/2008,ELP,TX,ASW,WE,Combined TRACON& Tower with Radar,128,38,32,17,215,0,9,44,11,64,128,47,76,28,279,0,0,0,279
05/09/2008,ELP,TX,ASW,WE,Combined TRACON& Tower with Radar,119,48,32,38,237,0,5,45,11,61,119,53,77,49,298,38,10,48,346
05/10/2008,ELP,TX,ASW,WE,Combined TRACON& Tower with Radar,91,39,24,10,164,0,6,47,1,54,91,45,71,11,218,18,0,18,236
05/11/2008,ELP,TX,ASW,WE,Combined TRACON& Tower with Radar,98,38,19,10,165,1,3,31,4,39,99,41,50,14,204,0,0,0,204
05/12/2008,ELP,TX,ASW,WE,Combined TRACON& Tower with Radar,113,56,10,20,199,0,11,36,9,56,113,67,46,29,255,0,0,0,255
05/13/2008,ELP,TX,ASW,WE,Combined TRACON& Tower with Radar,123,42,22,2,189,0,14,21,20,55,123,56,43,22,244,0,0,0,244
05/14/2008,ELP,TX,ASW,WE,Combined TRACON& Tower with Radar,118,44,48,21,231,0,7,32,22,61,118,51,80,43,292,16,4,20,312
05/15/2008,ELP,TX,ASW,WE,Combined TRACON& Tower with Radar,127,58,34,8,227,0,6,43,16,65,127,64,77,24,292,18,0,18,310
05/16/2008,ELP,TX,ASW,WE,Combined TRACON& Tower with Radar,115,52,34,25,226,2,10,36,10,58,117,62,70,35,284,4,10,14,298
05/17/2008,ELP,TX,ASW,WE,Combined TRACON& Tower with Radar,88,38,25,15,166,0,4,34,0,38,88,42,59,15,204,12,0,12,216
05/18/2008,ELP,TX,ASW,WE,Combined TRACON& Tower with Radar,100,40,16,7,163,0,4,48,2,54,100,44,64,9,217,32,0,32,249
05/19/2008,ELP,TX,ASW,WE,Combined TRACON& Tower with Radar,116,55,21,5,197,1,10,49,10,70,117,65,70,15,267,6,0,6,273
05/20/2008,ELP,TX,ASW,WE,Combined TRACON& Tower with Radar,122,49,27,10,208,2,5,38,13,58,124,54,65,23,266,28,0,28,294
05/21/2008,ELP,TX,ASW,WE,Combined TRACON& Tower with Radar,121,40,34,8,203,1,7,32,6,46,122,47,66,14,249,18,0,18,267
05/22/2008,ELP,TX,ASW,WE,Combined TRACON& Tower with Radar,120,45,39,10,214,0,8,22,5,35,120,53,61,15,249,0,0,0,249
05/23/2008,ELP,TX,ASW,WE,Combined TRACON& Tower with Radar,118,49,33,12,212,0,10,19,1,30,118,59,52,13,242,6,0,6,248
05/24/2008,ELP,TX,ASW,WE,Combined TRACON& Tower with Radar,87,40,19,25,171,0,1,50,3,54,87,41,69,28,225,32,0,32,257
05/25/2008,ELP,TX,ASW,WE,Combined TRACON& Tower with Radar,95,37,18,9,159,1,3,40,0,44,96,40,58,9,203,16,0,16,219
05/26/2008,ELP,TX,ASW,WE,Combined TRACON& Tower with Radar,94,36,42,2,174,0,7,35,3,45,94,43,77,5,219,0,0,0,219
05/27/2008,ELP,TX,ASW,WE,Combined TRACON& Tower with Radar,110,55,25,5,195,0,12,48,2,62,110,67,73,7,257,26,0,26,283
05/28/2008,ELP,TX,ASW,WE,Combined TRACON& Tower with Radar,119,63,31,7,220,2,9,21,10,42,121,72,52,17,262,10,0,10,272
05/29/2008,ELP,TX,ASW,WE,Combined TRACON& Tower with Radar,122,54,33,15,224,0,0,0,0,0,122,54,33,15,224,0,0,0,224
05/30/2008,ELP,TX,ASW,WE,Combined TRACON& Tower with Radar,116,49,51,11,227,0,12,67,4,83,116,61,118,15,310,0,0,0,310
05/31/2008,ELP,TX,ASW,WE,Combined TRACON& Tower with Radar,89,31,31,0,151,0,4,49,0,53,89,35,80,0,204,16,0,16,220
06/01/2008,ELP,TX,ASW,WE,Combined TRACON& Tower with Radar,101,40,31,7,179,0,6,34,1,41,101,46,65,8,220,22,0,22,242
06/02/2008,ELP,TX,ASW,WE,Combined TRACON& Tower with Radar,112,47,27,6,192,1,11,46,1,59,113,58,73,7,251,14,0,14,265
06/03/2008,ELP,TX,ASW,WE,Combined TRACON& Tower with Radar,118,45,31,7,201,0,7,40,4,51,118,52,71,11,252,0,14,14,266
06/04/2008,ELP,TX,ASW,WE,Combined TRACON& Tower with Radar,118,54,47,3,222,0,12,28,12,52,118,66,75,15,274,16,0,16,290
06/05/2008,ELP,TX,ASW,WE,Combined TRACON& Tower with Radar,128,51,36,8,223,0,8,23,3,34,128,59,59,11,257,0,0,0,257
06/06/2008,ELP,TX,ASW,WE,Combined TRACON& Tower with Radar,117,64,61,30,272,0,8,56,5,69,117,72,117,35,341,22,0,22,363
06/07/2008,ELP,TX,ASW,WE,Combined TRACON& Tower with Radar,92,36,24,6,158,0,2,29,1,32,92,38,53,7,190,12,0,12,202
06/08/2008,ELP,TX,ASW,WE,Combined TRACON& Tower with Radar,104,35,25,14,178,0,2,33,1,36,104,37,58,15,214,0,0,0,214
06/09/2008,ELP,TX,ASW,WE,Combined TRACON& Tower with Radar,115,39,37,12,203,0,11,55,6,72,115,50,92,18,275,20,2,22,297
06/10/2008,ELP,TX,ASW,WE,Combined TRACON& Tower with Radar,121,45,38,16,220,1,15,46,7,69,122,60,84,23,289,10,0,10,299
06/11/2008,ELP,TX,ASW,WE,Combined TRACON& Tower with Radar,127,50,24,8,209,0,11,28,14,53,127,61,52,22,262,0,0,0,262
06/12/2008,ELP,TX,ASW,WE,Combined TRACON& Tower with Radar,125,65,35,4,229,2,7,69,18,96,127,72,104,22,325,8,0,8,333
06/13/2008,ELP,TX,ASW,WE,Combined TRACON& Tower with Radar,119,50,32,11,212,0,11,39,8,58,119,61,71,19,270,54,0,54,324
06/14/2008,ELP,TX,ASW,WE,Combined TRACON& Tower with Radar,93,39,25,0,157,0,10,47,6,63,93,49,72,6,220,46,0,46,266
06/15/2008,ELP,TX,ASW,WE,Combined TRACON& Tower with Radar,105,28,29,6,168,0,1,42,5,48,105,29,71,11,216,0,0,0,216
06/16/2008,ELP,TX,ASW,WE,Combined TRACON& Tower with Radar,118,39,36,11,204,1,8,44,5,58,119,47,80,16,262,42,0,42,304
06/17/2008,ELP,TX,ASW,WE,Combined TRACON& Tower with Radar,124,48,44,3,219,2,14,36,4,56,126,62,80,7,275,2,0,2,277
06/18/2008,ELP,TX,ASW,WE,Combined TRACON& Tower with Radar,134,54,42,6,236,0,12,46,5,63,134,66,88,11,299,2,4,6,305
06/19/2008,ELP,TX,ASW,WE,Combined TRACON& Tower with Radar,121,54,27,12,214,0,12,39,5,56,121,66,66,17,270,2,0,2,272
06/20/2008,ELP,TX,ASW,WE,Combined TRACON& Tower with Radar,120,44,19,31,214,0,9,34,6,49,120,53,53,37,263,0,38,38,301
06/21/2008,ELP,TX,ASW,WE,Combined TRACON& Tower with Radar,101,34,19,17,171,0,0,24,4,28,101,34,43,21,199,38,0,38,237
06/22/2008,ELP,TX,ASW,WE,Combined TRACON& Tower with Radar,105,30,19,8,162,0,2,39,1,42,105,32,58,9,204,30,0,30,234
06/23/2008,ELP,TX,ASW,WE,Combined TRACON& Tower with Radar,115,51,51,7,224,0,12,42,13,67,115,63,93,20,291,70,0,70,361
06/24/2008,ELP,TX,ASW,WE,Combined TRACON& Tower with Radar,120,57,57,8,242,0,11,55,7,73,120,68,112,15,315,0,0,0,315
06/25/2008,ELP,TX,ASW,WE,Combined TRACON& Tower with Radar,123,49,35,0,207,7,12,46,7,72,130,61,81,7,279,20,0,20,299
06/26/2008,ELP,TX,ASW,WE,Combined TRACON& Tower with Radar,118,50,40,5,213,0,10,36,3,49,118,60,76,8,262,2,0,2,264
06/27/2008,ELP,TX,ASW,WE,Combined TRACON& Tower with Radar,121,39,32,10,202,0,7,38,2,47,121,46,70,12,249,2,0,2,251
06/28/2008,ELP,TX,ASW,WE,Combined TRACON& Tower with Radar,97,43,20,5,165,0,2,43,2,47,97,45,63,7,212,8,0,8,220
06/29/2008,ELP,TX,ASW,WE,Combined TRACON& Tower with Radar,108,43,16,3,170,0,2,40,1,43,108,45,56,4,213,60,0,60,273
06/30/2008,ELP,TX,ASW,WE,Combined TRACON& Tower with Radar,114,43,34,10,201,1,6,48,7,62,115,49,82,17,263,46,14,60,323
07/01/2008,ELP,TX,ASW,WE,Combined TRACON& Tower with Radar,131,47,22,7,207,0,11,58,7,76,131,58,80,14,283,68,0,68,351
07/02/2008,ELP,TX,ASW,WE,Combined TRACON& Tower with Radar,130,40,46,18,234,0,4,53,13,70,130,44,99,31,304,52,0,52,356
07/03/2008,ELP,TX,ASW,WE,Combined TRACON& Tower with Radar,117,52,26,18,213,0,5,62,2,69,117,57,88,20,282,34,0,34,316
07/04/2008,ELP,TX,ASW,WE,Combined TRACON& Tower with Radar,74,29,17,0,120,0,7,57,1,65,74,36,74,1,185,26,0,26,211
07/05/2008,ELP,TX,ASW,WE,Combined TRACON& Tower with Radar,93,40,18,0,151,0,7,56,1,64,93,47,74,1,215,12,0,12,227
07/06/2008,ELP,TX,ASW,WE,Combined TRACON& Tower with Radar,104,33,35,2,174,0,2,36,2,40,104,35,71,4,214,70,0,70,284
07/07/2008,ELP,TX,ASW,WE,Combined TRACON& Tower with Radar,115,39,33,6,193,0,9,50,0,59,115,48,83,6,252,4,2,6,258
07/08/2008,ELP,TX,ASW,WE,Combined TRACON& Tower with Radar,120,45,33,2,200,0,5,27,9,41,120,50,60,11,241,30,0,30,271
07/09/2008,ELP,TX,ASW,WE,Combined TRACON& Tower with Radar,122,55,36,8,221,0,2,7,5,14,122,57,43,13,235,7,1,8,243
07/10/2008,ELP,TX,ASW,WE,Combined TRACON& Tower with Radar,120,51,21,1,193,0,4,48,3,55,120,55,69,4,248,32,0,32,280
07/11/2008,ELP,TX,ASW,WE,Combined TRACON& Tower with Radar,127,37,32,25,221,0,7,45,9,61,127,44,77,34,282,8,22,30,312
07/12/2008,ELP,TX,ASW,WE,Combined TRACON& Tower with Radar,92,33,13,2,140,0,5,35,0,40,92,38,48,2,180,12,0,12,192
07/13/2008,ELP,TX,ASW,WE,Combined TRACON& Tower with Radar,104,30,12,20,166,0,3,18,1,22,104,33,30,21,188,22,6,28,216
07/14/2008,ELP,TX,ASW,WE,Combined TRACON& Tower with Radar,114,33,30,2,179,0,6,43,6,55,114,39,73,8,234,14,0,14,248
07/15/2008,ELP,TX,ASW,WE,Combined TRACON& Tower with Radar,125,41,36,15,217,0,8,47,7,62,125,49,83,22,279,24,20,44,323
07/16/2008,ELP,TX,ASW,WE,Combined TRACON& Tower with Radar,124,48,21,12,205,0,5,39,4,48,124,53,60,16,253,8,40,48,301
07/17/2008,ELP,TX,ASW,WE,Combined TRACON& Tower with Radar,118,42,26,4,190,0,2,63,8,73,118,44,89,12,263,36,0,36,299
07/18/2008,ELP,TX,ASW,WE,Combined TRACON& Tower with Radar,121,40,27,27,215,0,3,30,5,38,121,43,57,32,253,10,6,16,269
07/19/2008,ELP,TX,ASW,WE,Combined TRACON& Tower with Radar,95,39,26,6,166,0,8,39,3,50,95,47,65,9,216,10,0,10,226
07/20/2008,ELP,TX,ASW,WE,Combined TRACON& Tower with Radar,103,39,20,13,175,0,5,38,0,43,103,44,58,13,218,10,0,10,228
07/21/2008,ELP,TX,ASW,WE,Combined TRACON& Tower with Radar,117,40,22,10,189,0,5,52,10,67,117,45,74,20,256,0,2,2,258
07/22/2008,ELP,TX,ASW,WE,Combined TRACON& Tower with Radar,119,43,37,15,214,0,4,40,8,52,119,47,77,23,266,14,12,26,292
07/23/2008,ELP,TX,ASW,WE,Combined TRACON& Tower with Radar,118,49,48,35,250,0,5,43,10,58,118,54,91,45,308,0,42,42,350
07/24/2008,ELP,TX,ASW,WE,Combined TRACON& Tower with Radar,128,53,38,9,228,0,9,48,8,65,128,62,86,17,293,26,0,26,319
07/25/2008,ELP,TX,ASW,WE,Combined TRACON& Tower with Radar,117,60,30,10,217,0,3,38,6,47,117,63,68,16,264,10,0,10,274
07/26/2008,ELP,TX,ASW,WE,Combined TRACON& Tower with Radar,105,35,38,6,184,0,3,1,0,4,105,38,39,6,188,8,0,8,196
07/27/2008,ELP,TX,ASW,WE,Combined TRACON& Tower with Radar,105,35,19,3,162,0,2,0,0,2,105,37,19,3,164,0,0,0,164
07/28/2008,ELP,TX,ASW,WE,Combined TRACON& Tower with Radar,115,43,32,3,193,0,5,14,5,24,115,48,46,8,217,0,0,0,217
07/29/2008,ELP,TX,ASW,WE,Combined TRACON& Tower with Radar,127,37,20,7,191,0,3,35,5,43,127,40,55,12,234,0,0,0,234
07/30/2008,ELP,TX,ASW,WE,Combined TRACON& Tower with Radar,118,56,43,8,225,0,6,45,8,59,118,62,88,16,284,46,0,46,330
07/31/2008,ELP,TX,ASW,WE,Combined TRACON& Tower with Radar,122,45,33,2,202,0,5,42,4,51,122,50,75,6,253,4,0,4,257
08/01/2008,ELP,TX,ASW,WE,Combined TRACON& Tower with Radar,127,37,36,4,204,0,2,47,5,54,127,39,83,9,258,30,0,30,288
08/02/2008,ELP,TX,ASW,WE,Combined TRACON& Tower with Radar,102,35,28,3,168,0,6,31,5,42,102,41,59,8,210,22,0,22,232
08/03/2008,ELP,TX,ASW,WE,Combined TRACON& Tower with Radar,107,37,37,2,183,0,2,26,0,28,107,39,63,2,211,34,0,34,245
08/04/2008,ELP,TX,ASW,WE,Combined TRACON& Tower with Radar,112,38,27,8,185,0,2,38,7,47,112,40,65,15,232,0,0,0,232
08/05/2008,ELP,TX,ASW,WE,Combined TRACON& Tower with Radar,124,36,29,7,196,0,3,35,5,43,124,39,64,12,239,12,0,12,251
08/06/2008,ELP,TX,ASW,WE,Combined TRACON& Tower with Radar,127,37,47,10,221,0,7,39,6,52,127,44,86,16,273,6,0,6,279
08/07/2008,ELP,TX,ASW,WE,Combined TRACON& Tower with Radar,121,32,40,7,200,0,5,48,10,63,121,37,88,17,263,0,0,0,263
08/08/2008,ELP,TX,ASW,WE,Combined TRACON& Tower with Radar,124,41,24,23,212,0,6,22,10,38,124,47,46,33,250,6,0,6,256
08/09/2008,ELP,TX,ASW,WE,Combined TRACON& Tower with Radar,98,33,23,1,155,0,9,21,2,32,98,42,44,3,187,0,0,0,187
08/10/2008,ELP,TX,ASW,WE,Combined TRACON& Tower with Radar,102,33,15,7,157,0,1,38,0,39,102,34,53,7,196,12,0,12,208
08/11/2008,ELP,TX,ASW,WE,Combined TRACON& Tower with Radar,116,44,21,4,185,0,7,29,11,47,116,51,50,15,232,28,0,28,260
08/12/2008,ELP,TX,ASW,WE,Combined TRACON& Tower with Radar,125,45,29,4,203,0,7,37,11,55,125,52,66,15,258,54,0,54,312
08/13/2008,ELP,TX,ASW,WE,Combined TRACON& Tower with Radar,123,40,19,4,186,0,2,57,8,67,123,42,76,12,253,56,0,56,309
08/14/2008,ELP,TX,ASW,WE,Combined TRACON& Tower with Radar,117,52,36,6,211,0,5,37,6,48,117,57,73,12,259,20,0,20,279
08/15/2008,ELP,TX,ASW,WE,Combined TRACON& Tower with Radar,122,47,36,32,237,0,2,45,29,76,122,49,81,61,313,44,0,44,357
08/16/2008,ELP,TX,ASW,WE,Combined TRACON& Tower with Radar,95,34,24,8,161,0,3,35,3,41,95,37,59,11,202,24,4,28,230
08/17/2008,ELP,TX,ASW,WE,Combined TRACON& Tower with Radar,103,38,23,39,203,0,0,28,2,30,103,38,51,41,233,12,0,12,245
08/18/2008,ELP,TX,ASW,WE,Combined TRACON& Tower with Radar,118,36,28,25,207,0,7,43,9,59,118,43,71,34,266,6,56,62,328
08/19/2008,ELP,TX,ASW,WE,Combined TRACON& Tower with Radar,122,37,32,2,193,0,12,31,12,55,122,49,63,14,248,8,0,8,256
08/20/2008,ELP,TX,ASW,WE,Combined TRACON& Tower with Radar,123,46,36,2,207,0,3,47,14,64,123,49,83,16,271,12,0,12,283
08/21/2008,ELP,TX,ASW,WE,Combined TRACON& Tower with Radar,122,46,32,3,203,0,9,62,20,91,122,55,94,23,294,2,0,2,296
08/22/2008,ELP,TX,ASW,WE,Combined TRACON& Tower with Radar,123,44,48,12,227,0,6,63,7,76,123,50,111,19,303,80,6,86,389
08/23/2008,ELP,TX,ASW,WE,Combined TRACON& Tower with Radar,85,26,16,0,127,0,5,39,1,45,85,31,55,1,172,26,0,26,198
08/24/2008,ELP,TX,ASW,WE,Combined TRACON& Tower with Radar,102,28,22,18,170,0,6,27,7,40,102,34,49,25,210,14,22,36,246
08/25/2008,ELP,TX,ASW,WE,Combined TRACON& Tower with Radar,120,35,24,5,184,0,14,49,5,68,120,49,73,10,252,10,0,10,262
08/26/2008,ELP,TX,ASW,WE,Combined TRACON& Tower with Radar,126,41,36,2,205,0,6,35,7,48,126,47,71,9,253,88,0,88,341
08/27/2008,ELP,TX,ASW,WE,Combined TRACON& Tower with Radar,126,53,41,6,226,0,3,46,6,55,126,56,87,12,281,16,10,26,307
08/28/2008,ELP,TX,ASW,WE,Combined TRACON& Tower with Radar,120,40,30,3,193,0,7,42,3,52,120,47,72,6,245,32,0,32,277
08/29/2008,ELP,TX,ASW,WE,Combined TRACON& Tower with Radar,126,41,32,13,212,0,7,31,15,53,126,48,63,28,265,10,0,10,275
08/30/2008,ELP,TX,ASW,WE,Combined TRACON& Tower with Radar,81,36,23,1,141,0,4,13,0,17,81,40,36,1,158,0,0,0,158
08/31/2008,ELP,TX,ASW,WE,Combined TRACON& Tower with Radar,71,29,10,4,114,0,2,8,0,10,71,31,18,4,124,0,0,0,124
09/01/2008,ELP,TX,ASW,WE,Combined TRACON& Tower with Radar,102,38,25,2,167,0,4,41,2,47,102,42,66,4,214,0,0,0,214
09/02/2008,ELP,TX,ASW,WE,Combined TRACON& Tower with Radar,118,29,24,5,176,0,7,34,12,53,118,36,58,17,229,24,0,24,253
09/03/2008,ELP,TX,ASW,WE,Combined TRACON& Tower with Radar,125,30,26,8,189,0,1,42,7,50,125,31,68,15,239,44,0,44,283
09/04/2008,ELP,TX,ASW,WE,Combined TRACON& Tower with Radar,119,41,24,4,188,0,6,39,4,49,119,47,63,8,237,10,0,10,247
09/05/2008,ELP,TX,ASW,WE,Combined TRACON& Tower with Radar,120,39,64,15,238,0,4,60,9,73,120,43,124,24,311,20,0,20,331
09/06/2008,ELP,TX,ASW,WE,Combined TRACON& Tower with Radar,86,28,26,1,141,0,3,50,4,57,86,31,76,5,198,10,0,10,208
09/07/2008,ELP,TX,ASW,WE,Combined TRACON& Tower with Radar,101,32,38,7,178,0,0,26,5,31,101,32,64,12,209,0,0,0,209
09/08/2008,ELP,TX,ASW,WE,Combined TRACON& Tower with Radar,116,33,27,2,178,0,2,48,23,73,116,35,75,25,251,30,0,30,281
09/09/2008,ELP,TX,ASW,WE,Combined TRACON& Tower with Radar,121,40,39,13,213,0,6,36,16,58,121,46,75,29,271,22,0,22,293
09/10/2008,ELP,TX,ASW,WE,Combined TRACON& Tower with Radar,120,54,38,47,259,0,7,36,21,64,120,61,74,68,323,62,18,80,403
09/11/2008,ELP,TX,ASW,WE,Combined TRACON& Tower with Radar,128,51,32,26,237,0,3,17,8,28,128,54,49,34,265,18,0,18,283
09/12/2008,ELP,TX,ASW,WE,Combined TRACON& Tower with Radar,117,59,32,71,279,1,8,52,10,71,118,67,84,81,350,48,0,48,398
09/13/2008,ELP,TX,ASW,WE,Combined TRACON& Tower with Radar,65,29,33,15,142,0,1,42,11,54,65,30,75,26,196,20,0,20,216
09/14/2008,ELP,TX,ASW,WE,Combined TRACON& Tower with Radar,90,25,17,15,147,0,0,22,1,23,90,25,39,16,170,12,0,12,182
09/15/2008,ELP,TX,ASW,WE,Combined TRACON& Tower with Radar,116,45,17,26,204,0,3,44,13,60,116,48,61,39,264,20,0,20,284
09/16/2008,ELP,TX,ASW,WE,Combined TRACON& Tower with Radar,117,37,43,11,208,0,2,57,7,66,117,39,100,18,274,14,0,14,288
09/17/2008,ELP,TX,ASW,WE,Combined TRACON& Tower with Radar,119,38,29,9,195,1,3,36,2,42,120,41,65,11,237,54,0,54,291
09/18/2008,ELP,TX,ASW,WE,Combined TRACON& Tower with Radar,117,52,24,13,206,0,2,55,9,66,117,54,79,22,272,42,0,42,314
09/19/2008,ELP,TX,ASW,WE,Combined TRACON& Tower with Radar,117,45,39,44,245,0,2,52,3,57,117,47,91,47,302,56,18,74,376
09/20/2008,ELP,TX,ASW,WE,Combined TRACON& Tower with Radar,84,18,10,3,115,0,6,52,4,62,84,24,62,7,177,22,0,22,199
09/21/2008,ELP,TX,ASW,WE,Combined TRACON& Tower with Radar,102,29,22,26,179,0,4,43,4,51,102,33,65,30,230,0,4,4,234
09/22/2008,ELP,TX,ASW,WE,Combined TRACON& Tower with Radar,120,48,45,15,228,0,5,53,12,70,120,53,98,27,298,6,0,6,304
09/23/2008,ELP,TX,ASW,WE,Combined TRACON& Tower with Radar,119,30,41,18,208,0,3,34,3,40,119,33,75,21,248,8,0,8,256
09/24/2008,ELP,TX,ASW,WE,Combined TRACON& Tower with Radar,123,40,19,9,191,0,5,39,10,54,123,45,58,19,245,2,0,2,247
09/25/2008,ELP,TX,ASW,WE,Combined TRACON& Tower with Radar,120,43,56,8,227,0,4,56,24,84,120,47,112,32,311,28,0,28,339
09/26/2008,ELP,TX,ASW,WE,Combined TRACON& Tower with Radar,119,34,44,13,210,0,2,42,3,47,119,36,86,16,257,12,0,12,269
09/27/2008,ELP,TX,ASW,WE,Combined TRACON& Tower with Radar,85,20,24,47,176,0,3,41,6,50,85,23,65,53,226,24,0,24,250
09/28/2008,ELP,TX,ASW,WE,Combined TRACON& Tower with Radar,95,42,16,2,155,0,1,21,4,26,95,43,37,6,181,32,0,32,213
09/29/2008,ELP,TX,ASW,WE,Combined TRACON& Tower with Radar,117,47,24,4,192,0,5,54,7,66,117,52,78,11,258,18,0,18,276
09/30/2008,ELP,TX,ASW,WE,Combined TRACON& Tower with Radar,124,38,43,6,211,0,2,49,4,55,124,40,92,10,266,0,0,0,266
10/01/2008,ELP,TX,ASW,WE,Combined TRACON& Tower with Radar,125,44,34,12,215,0,12,51,8,71,125,56,85,20,286,24,2,26,312
10/02/2008,ELP,TX,ASW,WE,Combined TRACON& Tower with Radar,124,45,32,9,210,0,4,49,5,58,124,49,81,14,268,10,12,22,290
10/03/2008,ELP,TX,ASW,WE,Combined TRACON& Tower with Radar,123,35,24,6,188,0,5,38,4,47,123,40,62,10,235,0,0,0,235
10/04/2008,ELP,TX,ASW,WE,Combined TRACON& Tower with Radar,82,26,12,0,120,0,8,26,5,39,82,34,38,5,159,24,0,24,183
10/05/2008,ELP,TX,ASW,WE,Combined TRACON& Tower with Radar,101,35,20,2,158,0,0,11,4,15,101,35,31,6,173,4,12,16,189
10/06/2008,ELP,TX,ASW,WE,Combined TRACON& Tower with Radar,112,27,32,19,190,0,4,44,4,52,112,31,76,23,242,16,20,36,278
10/07/2008,ELP,TX,ASW,WE,Combined TRACON& Tower with Radar,119,28,39,6,192,0,3,58,2,63,119,31,97,8,255,24,0,24,279
10/08/2008,ELP,TX,ASW,WE,Combined TRACON& Tower with Radar,118,36,40,10,204,0,2,66,6,74,118,38,106,16,278,58,18,76,354
10/09/2008,ELP,TX,ASW,WE,Combined TRACON& Tower with Radar,117,36,34,24,211,0,4,57,17,78,117,40,91,41,289,8,0,8,297
10/10/2008,ELP,TX,ASW,WE,Combined TRACON& Tower with Radar,121,39,39,19,218,0,6,41,14,61,121,45,80,33,279,8,0,8,287
10/11/2008,ELP,TX,ASW,WE,Combined TRACON& Tower with Radar,81,21,22,8,132,0,2,28,7,37,81,23,50,15,169,0,0,0,169
10/12/2008,ELP,TX,ASW,WE,Combined TRACON& Tower with Radar,98,32,23,2,155,0,2,11,3,16,98,34,34,5,171,0,0,0,171
10/13/2008,ELP,TX,ASW,WE,Combined TRACON& Tower with Radar,112,38,33,15,198,0,2,34,9,45,112,40,67,24,243,56,6,62,305
10/14/2008,ELP,TX,ASW,WE,Combined TRACON& Tower with Radar,116,37,47,4,204,0,7,24,12,43,116,44,71,16,247,0,0,0,247
10/15/2008,ELP,TX,ASW,WE,Combined TRACON& Tower with Radar,115,33,29,13,190,0,5,62,11,78,115,38,91,24,268,26,0,26,294
10/16/2008,ELP,TX,ASW,WE,Combined TRACON& Tower with Radar,124,36,21,26,207,0,9,35,18,62,124,45,56,44,269,50,0,50,319
10/17/2008,ELP,TX,ASW,WE,Combined TRACON& Tower with Radar,124,49,29,23,225,0,2,68,11,81,124,51,97,34,306,18,0,18,324
10/18/2008,ELP,TX,ASW,WE,Combined TRACON& Tower with Radar,88,23,5,2,118,0,5,40,8,53,88,28,45,10,171,0,0,0,171
10/19/2008,ELP,TX,ASW,WE,Combined TRACON& Tower with Radar,96,37,24,34,191,0,1,18,4,23,96,38,42,38,214,12,12,24,238
10/20/2008,ELP,TX,ASW,WE,Combined TRACON& Tower with Radar,113,37,20,7,177,0,4,49,6,59,113,41,69,13,236,56,0,56,292
10/21/2008,ELP,TX,ASW,WE,Combined TRACON& Tower with Radar,118,47,45,3,213,0,7,46,9,62,118,54,91,12,275,52,0,52,327
10/22/2008,ELP,TX,ASW,WE,Combined TRACON& Tower with Radar,122,49,36,9,216,0,3,37,13,53,122,52,73,22,269,6,0,6,275
10/23/2008,ELP,TX,ASW,WE,Combined TRACON& Tower with Radar,122,52,53,1,228,0,9,56,14,79,122,61,109,15,307,42,10,52,359
10/24/2008,ELP,TX,ASW,WE,Combined TRACON& Tower with Radar,122,52,19,25,218,0,3,44,11,58,122,55,63,36,276,24,0,24,300
10/25/2008,ELP,TX,ASW,WE,Combined TRACON& Tower with Radar,79,33,23,4,139,0,0,35,5,40,79,33,58,9,179,16,0,16,195
10/26/2008,ELP,TX,ASW,WE,Combined TRACON& Tower with Radar,101,30,27,20,178,0,1,37,9,47,101,31,64,29,225,20,0,20,245
10/27/2008,ELP,TX,ASW,WE,Combined TRACON& Tower with Radar,116,44,19,4,183,0,7,40,26,73,116,51,59,30,256,0,0,0,256
10/28/2008,ELP,TX,ASW,WE,Combined TRACON& Tower with Radar,122,32,35,5,194,0,6,32,25,63,122,38,67,30,257,0,0,0,257
10/29/2008,ELP,TX,ASW,WE,Combined TRACON& Tower with Radar,122,34,28,14,198,0,4,55,9,68,122,38,83,23,266,28,12,40,306
10/30/2008,ELP,TX,ASW,WE,Combined TRACON& Tower with Radar,126,46,23,12,207,0,9,47,6,62,126,55,70,18,269,2,0,2,271
10/31/2008,ELP,TX,ASW,WE,Combined TRACON& Tower with Radar,116,37,20,27,200,0,2,52,4,58,116,39,72,31,258,10,0,10,268
11/01/2008,ELP,TX,ASW,WE,Combined TRACON& Tower with Radar,84,22,33,2,141,0,4,47,1,52,84,26,80,3,193,70,0,70,263
11/02/2008,ELP,TX,ASW,WE,Combined TRACON& Tower with Radar,102,39,15,8,164,0,8,48,2,58,102,47,63,10,222,32,0,32,254
11/03/2008,ELP,TX,ASW,WE,Combined TRACON& Tower with Radar,121,41,15,28,205,0,6,60,3,69,121,47,75,31,274,42,0,42,316
11/04/2008,ELP,TX,ASW,WE,Combined TRACON& Tower with Radar,123,34,27,12,196,0,4,32,13,49,123,38,59,25,245,20,10,30,275
11/05/2008,ELP,TX,ASW,WE,Combined TRACON& Tower with Radar,125,36,49,2,212,0,5,38,4,47,125,41,87,6,259,4,0,4,263
11/06/2008,ELP,TX,ASW,WE,Combined TRACON& Tower with Radar,115,38,52,39,244,0,8,56,21,85,115,46,108,60,329,0,0,0,329
11/07/2008,ELP,TX,ASW,WE,Combined TRACON& Tower with Radar,123,43,50,20,236,0,6,72,8,86,123,49,122,28,322,0,0,0,322
11/08/2008,ELP,TX,ASW,WE,Combined TRACON& Tower with Radar,85,26,28,0,139,0,2,44,1,47,85,28,72,1,186,8,0,8,194
11/09/2008,ELP,TX,ASW,WE,Combined TRACON& Tower with Radar,104,42,40,38,224,0,0,27,1,28,104,42,67,39,252,0,76,76,328
11/10/2008,ELP,TX,ASW,WE,Combined TRACON& Tower with Radar,123,51,33,20,227,0,6,41,7,54,123,57,74,27,281,64,0,64,345
11/11/2008,ELP,TX,ASW,WE,Combined TRACON& Tower with Radar,125,42,26,2,195,0,3,53,9,65,125,45,79,11,260,24,0,24,284
11/12/2008,ELP,TX,ASW,WE,Combined TRACON& Tower with Radar,120,31,33,9,193,0,12,47,8,67,120,43,80,17,260,14,0,14,274
11/13/2008,ELP,TX,ASW,WE,Combined TRACON& Tower with Radar,123,45,39,6,213,0,9,55,13,77,123,54,94,19,290,30,0,30,320
11/14/2008,ELP,TX,ASW,WE,Combined TRACON& Tower with Radar,114,44,41,52,251,0,9,46,23,78,114,53,87,75,329,4,16,20,349
11/15/2008,ELP,TX,ASW,WE,Combined TRACON& Tower with Radar,76,28,39,2,145,0,1,62,5,68,76,29,101,7,213,72,0,72,285
11/16/2008,ELP,TX,ASW,WE,Combined TRACON& Tower with Radar,101,37,16,15,169,0,3,52,8,63,101,40,68,23,232,22,0,22,254
11/17/2008,ELP,TX,ASW,WE,Combined TRACON& Tower with Radar,114,35,29,8,186,0,4,57,13,74,114,39,86,21,260,66,0,66,326
11/18/2008,ELP,TX,ASW,WE,Combined TRACON& Tower with Radar,122,44,38,23,227,0,9,50,8,67,122,53,88,31,294,10,8,18,312
11/19/2008,ELP,TX,ASW,WE,Combined TRACON& Tower with Radar,124,29,35,7,195,0,5,52,14,71,124,34,87,21,266,62,0,62,328
11/20/2008,ELP,TX,ASW,WE,Combined TRACON& Tower with Radar,120,47,41,29,237,0,8,52,14,74,120,55,93,43,311,16,0,16,327
11/21/2008,ELP,TX,ASW,WE,Combined TRACON& Tower with Radar,122,45,27,22,216,0,9,58,3,70,122,54,85,25,286,0,0,0,286
11/22/2008,ELP,TX,ASW,WE,Combined TRACON& Tower with Radar,85,26,23,1,135,0,4,52,1,57,85,30,75,2,192,26,0,26,218
11/23/2008,ELP,TX,ASW,WE,Combined TRACON& Tower with Radar,102,36,23,14,175,0,3,40,1,44,102,39,63,15,219,14,0,14,233
11/24/2008,ELP,TX,ASW,WE,Combined TRACON& Tower with Radar,114,31,42,4,191,0,8,43,9,60,114,39,85,13,251,0,4,4,255
11/25/2008,ELP,TX,ASW,WE,Combined TRACON& Tower with Radar,125,42,36,4,207,0,7,56,8,71,125,49,92,12,278,0,0,0,278
11/26/2008,ELP,TX,ASW,WE,Combined TRACON& Tower with Radar,127,55,21,0,203,0,13,45,2,60,127,68,66,2,263,26,0,26,289
11/27/2008,ELP,TX,ASW,WE,Combined TRACON& Tower with Radar,68,29,9,0,106,0,13,18,0,31,68,42,27,0,137,0,0,0,137
11/28/2008,ELP,TX,ASW,WE,Combined TRACON& Tower with Radar,97,27,20,0,144,0,6,19,1,26,97,33,39,1,170,0,0,0,170
11/29/2008,ELP,TX,ASW,WE,Combined TRACON& Tower with Radar,79,33,34,0,146,0,12,29,4,45,79,45,63,4,191,0,0,0,191
11/30/2008,ELP,TX,ASW,WE,Combined TRACON& Tower with Radar,104,37,61,0,202,0,4,26,0,30,104,41,87,0,232,4,0,4,236
12/01/2008,ELP,TX,ASW,WE,Combined TRACON& Tower with Radar,115,40,26,6,187,0,15,43,2,60,115,55,69,8,247,18,0,18,265
12/02/2008,ELP,TX,ASW,WE,Combined TRACON& Tower with Radar,124,31,44,19,218,0,4,34,11,49,124,35,78,30,267,4,0,4,271
12/03/2008,ELP,TX,ASW,WE,Combined TRACON& Tower with Radar,123,47,26,20,216,0,12,55,28,95,123,59,81,48,311,0,4,4,315
12/04/2008,ELP,TX,ASW,WE,Combined TRACON& Tower with Radar,124,43,43,1,211,0,12,53,23,88,124,55,96,24,299,26,0,26,325
12/05/2008,ELP,TX,ASW,WE,Combined TRACON& Tower with Radar,118,56,33,8,215,0,11,46,12,69,118,67,79,20,284,0,0,0,284
12/06/2008,ELP,TX,ASW,WE,Combined TRACON& Tower with Radar,78,25,21,2,126,0,4,33,7,44,78,29,54,9,170,52,0,52,222
12/07/2008,ELP,TX,ASW,WE,Combined TRACON& Tower with Radar,102,43,28,37,210,0,10,28,0,38,102,53,56,37,248,0,18,18,266
12/08/2008,ELP,TX,ASW,WE,Combined TRACON& Tower with Radar,121,41,29,20,211,0,15,11,6,32,121,56,40,26,243,0,0,0,243
12/09/2008,ELP,TX,ASW,WE,Combined TRACON& Tower with Radar,130,55,26,3,214,0,6,11,6,23,130,61,37,9,237,6,0,6,243
12/10/2008,ELP,TX,ASW,WE,Combined TRACON& Tower with Radar,115,54,25,11,205,0,10,55,28,93,115,64,80,39,298,0,0,0,298
12/11/2008,ELP,TX,ASW,WE,Combined TRACON& Tower with Radar,126,37,55,7,225,0,13,67,21,101,126,50,122,28,326,50,0,50,376
12/12/2008,ELP,TX,ASW,WE,Combined TRACON& Tower with Radar,113,41,26,49,229,0,4,48,31,83,113,45,74,80,312,12,28,40,352
12/13/2008,ELP,TX,ASW,WE,Combined TRACON& Tower with Radar,75,27,25,8,135,0,4,36,5,45,75,31,61,13,180,30,0,30,210
12/14/2008,ELP,TX,ASW,WE,Combined TRACON& Tower with Radar,97,37,13,46,193,0,2,8,4,14,97,39,21,50,207,0,0,0,207
12/15/2008,ELP,TX,ASW,WE,Combined TRACON& Tower with Radar,113,51,30,16,210,0,9,21,13,43,113,60,51,29,253,0,0,0,253
12/16/2008,ELP,TX,ASW,WE,Combined TRACON& Tower with Radar,123,42,36,13,214,0,7,28,11,46,123,49,64,24,260,12,0,12,272
12/17/2008,ELP,TX,ASW,WE,Combined TRACON& Tower with Radar,134,58,38,20,250,0,7,40,8,55,134,65,78,28,305,20,0,20,325
12/18/2008,ELP,TX,ASW,WE,Combined TRACON& Tower with Radar,120,62,48,26,256,0,7,21,8,36,120,69,69,34,292,10,0,10,302
12/19/2008,ELP,TX,ASW,WE,Combined TRACON& Tower with Radar,121,73,51,48,293,0,13,60,11,84,121,86,111,59,377,4,4,8,385
12/20/2008,ELP,TX,ASW,WE,Combined TRACON& Tower with Radar,81,49,35,1,166,0,2,54,4,60,81,51,89,5,226,16,0,16,242
12/21/2008,ELP,TX,ASW,WE,Combined TRACON& Tower with Radar,97,43,19,4,163,0,1,30,0,31,97,44,49,4,194,20,0,20,214
12/22/2008,ELP,TX,ASW,WE,Combined TRACON& Tower with Radar,108,57,29,9,203,0,11,48,10,69,108,68,77,19,272,4,0,4,276
12/23/2008,ELP,TX,ASW,WE,Combined TRACON& Tower with Radar,118,52,30,0,200,0,8,14,3,25,118,60,44,3,225,0,0,0,225
12/24/2008,ELP,TX,ASW,WE,Combined TRACON& Tower with Radar,105,34,11,2,152,0,14,54,7,75,105,48,65,9,227,46,2,48,275
12/25/2008,ELP,TX,ASW,WE,Combined TRACON& Tower with Radar,85,43,7,0,135,0,6,8,0,14,85,49,15,0,149,0,0,0,149
12/26/2008,ELP,TX,ASW,WE,Combined TRACON& Tower with Radar,116,58,28,2,204,0,10,11,0,21,116,68,39,2,225,24,0,24,249
12/27/2008,ELP,TX,ASW,WE,Combined TRACON& Tower with Radar,87,38,32,0,157,0,9,33,4,46,87,47,65,4,203,22,0,22,225
12/28/2008,ELP,TX,ASW,WE,Combined TRACON& Tower with Radar,99,44,27,0,170,0,6,39,0,45,99,50,66,0,215,44,0,44,259
12/29/2008,ELP,TX,ASW,WE,Combined TRACON& Tower with Radar,113,34,27,0,174,0,14,57,2,73,113,48,84,2,247,36,0,36,283
12/30/2008,ELP,TX,ASW,WE,Combined TRACON& Tower with Radar,118,38,35,2,193,0,8,50,5,63,118,46,85,7,256,22,0,22,278
12/31/2008,ELP,TX,ASW,WE,Combined TRACON& Tower with Radar,103,40,35,1,179,0,15,46,1,62,103,55,81,2,241,6,0,6,247
01/01/2009,ELP,TX,ASW,WE,Combined TRACON& Tower with Radar,93,52,11,0,156,0,7,29,0,36,93,59,40,0,192,76,0,76,268
01/02/2009,ELP,TX,ASW,WE,Combined TRACON& Tower with Radar,113,54,27,2,196,0,11,32,1,44,113,65,59,3,240,10,0,10,250
01/03/2009,ELP,TX,ASW,WE,Combined TRACON& Tower with Radar,89,43,34,0,166,0,7,29,4,40,89,50,63,4,206,12,0,12,218
01/04/2009,ELP,TX,ASW,WE,Combined TRACON& Tower with Radar,99,61,25,6,191,0,6,38,2,46,99,67,63,8,237,0,0,0,237
01/05/2009,ELP,TX,ASW,WE,Combined TRACON& Tower with Radar,111,47,24,22,204,0,12,51,6,69,111,59,75,28,273,26,0,26,299
01/06/2009,ELP,TX,ASW,WE,Combined TRACON& Tower with Radar,127,40,26,11,204,0,3,33,5,41,127,43,59,16,245,8,0,8,253
01/07/2009,ELP,TX,ASW,WE,Combined TRACON& Tower with Radar,118,28,40,37,223,0,7,63,11,81,118,35,103,48,304,20,0,20,324
01/08/2009,ELP,TX,ASW,WE,Combined TRACON& Tower with Radar,118,38,31,17,204,0,8,60,10,78,118,46,91,27,282,0,0,0,282
01/09/2009,ELP,TX,ASW,WE,Combined TRACON& Tower with Radar,117,36,48,34,235,0,7,42,20,69,117,43,90,54,304,44,0,44,348
01/10/2009,ELP,TX,ASW,WE,Combined TRACON& Tower with Radar,78,21,15,6,120,0,7,34,1,42,78,28,49,7,162,74,0,74,236
01/11/2009,ELP,TX,ASW,WE,Combined TRACON& Tower with Radar,99,32,22,10,163,0,9,46,5,60,99,41,68,15,223,8,0,8,231
01/12/2009,ELP,TX,ASW,WE,Combined TRACON& Tower with Radar,117,32,20,12,181,0,7,33,9,49,117,39,53,21,230,6,0,6,236
01/13/2009,ELP,TX,ASW,WE,Combined TRACON& Tower with Radar,119,44,33,12,208,0,9,47,8,64,119,53,80,20,272,40,0,40,312
01/14/2009,ELP,TX,ASW,WE,Combined TRACON& Tower with Radar,120,27,30,14,191,0,8,43,13,64,120,35,73,27,255,0,0,0,255
01/15/2009,ELP,TX,ASW,WE,Combined TRACON& Tower with Radar,117,49,48,15,229,0,10,58,19,87,117,59,106,34,316,24,0,24,340
01/16/2009,ELP,TX,ASW,WE,Combined TRACON& Tower with Radar,116,37,42,43,238,0,12,62,11,85,116,49,104,54,323,12,22,34,357
01/17/2009,ELP,TX,ASW,WE,Combined TRACON& Tower with Radar,73,23,29,14,139,0,4,71,1,76,73,27,100,15,215,32,4,36,251
01/18/2009,ELP,TX,ASW,WE,Combined TRACON& Tower with Radar,93,37,23,8,161,0,5,50,1,56,93,42,73,9,217,0,0,0,217
01/19/2009,ELP,TX,ASW,WE,Combined TRACON& Tower with Radar,114,43,17,8,182,0,5,41,2,48,114,48,58,10,230,12,0,12,242
01/20/2009,ELP,TX,ASW,WE,Combined TRACON& Tower with Radar,118,38,29,5,190,0,7,53,10,70,118,45,82,15,260,28,0,28,288
01/21/2009,ELP,TX,ASW,WE,Combined TRACON& Tower with Radar,119,30,38,13,200,0,7,48,10,65,119,37,86,23,265,0,0,0,265
01/22/2009,ELP,TX,ASW,WE,Combined TRACON& Tower with Radar,115,41,27,4,187,0,4,29,17,50,115,45,56,21,237,0,0,0,237
01/23/2009,ELP,TX,ASW,WE,Combined TRACON& Tower with Radar,118,35,21,16,190,0,12,45,19,76,118,47,66,35,266,8,4,12,278
01/24/2009,ELP,TX,ASW,WE,Combined TRACON& Tower with Radar,75,15,24,1,115,0,3,44,12,59,75,18,68,13,174,26,0,26,200
01/25/2009,ELP,TX,ASW,WE,Combined TRACON& Tower with Radar,98,32,34,17,181,0,4,31,9,44,98,36,65,26,225,34,0,34,259
01/26/2009,ELP,TX,ASW,WE,Combined TRACON& Tower with Radar,114,40,20,15,189,0,4,13,13,30,114,44,33,28,219,0,0,0,219
01/27/2009,ELP,TX,ASW,WE,Combined TRACON& Tower with Radar,113,34,36,52,235,0,8,41,17,66,113,42,77,69,301,16,0,16,317
01/28/2009,ELP,TX,ASW,WE,Combined TRACON& Tower with Radar,119,46,36,23,224,0,10,57,7,74,119,56,93,30,298,56,0,56,354
01/29/2009,ELP,TX,ASW,WE,Combined TRACON& Tower with Radar,117,50,51,19,237,0,10,67,13,90,117,60,118,32,327,17,0,17,344
01/30/2009,ELP,TX,ASW,WE,Combined TRACON& Tower with Radar,118,45,47,26,236,0,8,51,8,67,118,53,98,34,303,12,0,12,315
01/31/2009,ELP,TX,ASW,WE,Combined TRACON& Tower with Radar,70,26,27,8,131,0,3,49,3,55,70,29,76,11,186,46,4,50,236
02/01/2009,ELP,TX,ASW,WE,Combined TRACON& Tower with Radar,99,31,18,11,159,0,4,37,0,41,99,35,55,11,200,8,0,8,208
02/02/2009,ELP,TX,ASW,WE,Combined TRACON& Tower with Radar,111,34,37,6,188,0,20,56,3,79,111,54,93,9,267,48,0,48,315
02/03/2009,ELP,TX,ASW,WE,Combined TRACON& Tower with Radar,119,29,40,15,203,0,11,69,5,85,119,40,109,20,288,30,12,42,330
02/04/2009,ELP,TX,ASW,WE,Combined TRACON& Tower with Radar,115,38,31,5,189,0,8,57,12,77,115,46,88,17,266,40,0,40,306
02/05/2009,ELP,TX,ASW,WE,Combined TRACON& Tower with Radar,117,38,29,4,188,0,11,67,7,85,117,49,96,11,273,10,0,10,283
02/06/2009,ELP,TX,ASW,WE,Combined TRACON& Tower with Radar,119,35,38,18,210,0,6,52,9,67,119,41,90,27,277,0,0,0,277
02/07/2009,ELP,TX,ASW,WE,Combined TRACON& Tower with Radar,72,23,29,2,126,0,16,55,6,77,72,39,84,8,203,8,0,8,211
02/08/2009,ELP,TX,ASW,WE,Combined TRACON& Tower with Radar,96,30,20,4,150,0,10,25,0,35,96,40,45,4,185,0,0,0,185
02/09/2009,ELP,TX,ASW,WE,Combined TRACON& Tower with Radar,112,42,41,19,214,0,9,27,1,37,112,51,68,20,251,4,32,36,287
02/10/2009,ELP,TX,ASW,WE,Combined TRACON& Tower with Radar,118,31,18,0,167,0,11,3,0,14,118,42,21,0,181,0,0,0,181
02/11/2009,ELP,TX,ASW,WE,Combined TRACON& Tower with Radar,114,36,38,6,194,0,6,78,10,94,114,42,116,16,288,24,4,28,316
02/12/2009,ELP,TX,ASW,WE,Combined TRACON& Tower with Radar,111,47,36,5,199,0,12,41,9,62,111,59,77,14,261,4,4,8,269
02/13/2009,ELP,TX,ASW,WE,Combined TRACON& Tower with Radar,109,48,47,15,219,0,15,81,5,101,109,63,128,20,320,0,0,0,320
02/14/2009,ELP,TX,ASW,WE,Combined TRACON& Tower with Radar,65,24,15,6,110,0,4,42,2,48,65,28,57,8,158,8,0,8,166
02/15/2009,ELP,TX,ASW,WE,Combined TRACON& Tower with Radar,89,37,32,0,158,0,4,43,2,49,89,41,75,2,207,28,0,28,235
02/16/2009,ELP,TX,ASW,WE,Combined TRACON& Tower with Radar,104,49,30,9,192,0,13,38,3,54,104,62,68,12,246,14,2,16,262
02/17/2009,ELP,TX,ASW,WE,Combined TRACON& Tower with Radar,116,42,22,0,180,0,11,16,3,30,116,53,38,3,210,0,0,0,210
02/18/2009,ELP,TX,ASW,WE,Combined TRACON& Tower with Radar,114,32,48,22,216,0,10,59,7,76,114,42,107,29,292,6,0,6,298
02/19/2009,ELP,TX,ASW,WE,Combined TRACON& Tower with Radar,112,50,50,2,214,0,18,47,12,77,112,68,97,14,291,18,0,18,309
02/20/2009,ELP,TX,ASW,WE,Combined TRACON& Tower with Radar,113,43,36,29,221,0,11,65,14,90,113,54,101,43,311,16,0,16,327
02/21/2009,ELP,TX,ASW,WE,Combined TRACON& Tower with Radar,69,34,23,0,126,0,3,29,4,36,69,37,52,4,162,12,0,12,174
02/22/2009,ELP,TX,ASW,WE,Combined TRACON& Tower with Radar,88,31,47,10,176,0,6,53,3,62,88,37,100,13,238,6,4,10,248
02/23/2009,ELP,TX,ASW,WE,Combined TRACON& Tower with Radar,104,44,41,5,194,0,6,49,15,70,104,50,90,20,264,14,0,14,278
02/24/2009,ELP,TX,ASW,WE,Combined TRACON& Tower with Radar,116,33,39,23,211,0,13,91,10,114,116,46,130,33,325,16,4,20,345
02/25/2009,ELP,TX,ASW,WE,Combined TRACON& Tower with Radar,114,36,54,31,235,0,12,55,18,85,114,48,109,49,320,0,0,0,320
02/26/2009,ELP,TX,ASW,WE,Combined TRACON& Tower with Radar,113,44,51,7,215,0,13,61,8,82,113,57,112,15,297,0,0,0,297
02/27/2009,ELP,TX,ASW,WE,Combined TRACON& Tower with Radar,111,49,36,21,217,0,13,47,11,71,111,62,83,32,288,10,0,10,298
02/28/2009,ELP,TX,ASW,WE,Combined TRACON& Tower with Radar,68,31,19,15,133,0,4,37,4,45,68,35,56,19,178,6,0,6,184
03/01/2009,ELP,TX,ASW,WE,Combined TRACON& Tower with Radar,90,34,37,18,179,0,10,36,5,51,90,44,73,23,230,4,0,4,234
03/02/2009,ELP,TX,ASW,WE,Combined TRACON& Tower with Radar,104,40,15,8,167,0,8,60,6,74,104,48,75,14,241,0,0,0,241
03/03/2009,ELP,TX,ASW,WE,Combined TRACON& Tower with Radar,115,43,35,7,200,0,13,68,11,92,115,56,103,18,292,8,0,8,300
03/04/2009,ELP,TX,ASW,WE,Combined TRACON& Tower with Radar,114,37,42,14,207,0,11,33,14,58,114,48,75,28,265,0,4,4,269
03/05/2009,ELP,TX,ASW,WE,Combined TRACON& Tower with Radar,111,39,32,13,195,0,12,41,9,62,111,51,73,22,257,30,22,52,309
03/06/2009,ELP,TX,ASW,WE,Combined TRACON& Tower with Radar,112,40,38,9,199,0,9,31,5,45,112,49,69,14,244,0,0,0,244
03/07/2009,ELP,TX,ASW,WE,Combined TRACON& Tower with Radar,72,27,15,0,114,0,4,8,2,14,72,31,23,2,128,0,0,0,128
03/08/2009,ELP,TX,ASW,WE,Combined TRACON& Tower with Radar,95,24,16,13,148,0,5,48,7,60,95,29,64,20,208,6,0,6,214
03/09/2009,ELP,TX,ASW,WE,Combined TRACON& Tower with Radar,111,35,23,14,183,0,11,31,22,64,111,46,54,36,247,18,8,26,273
03/10/2009,ELP,TX,ASW,WE,Combined TRACON& Tower with Radar,115,34,34,7,190,0,12,49,16,77,115,46,83,23,267,10,0,10,277
03/11/2009,ELP,TX,ASW,WE,Combined TRACON& Tower with Radar,115,44,14,21,194,0,9,31,29,69,115,53,45,50,263,0,2,2,265
03/12/2009,ELP,TX,ASW,WE,Combined TRACON& Tower with Radar,115,69,25,26,235,0,20,54,22,96,115,89,79,48,331,4,28,32,363
03/13/2009,ELP,TX,ASW,WE,Combined TRACON& Tower with Radar,117,46,28,119,310,0,17,30,22,69,117,63,58,141,379,0,62,62,441
03/14/2009,ELP,TX,ASW,WE,Combined TRACON& Tower with Radar,75,35,36,3,149,0,2,38,2,42,75,37,74,5,191,16,0,16,207
03/15/2009,ELP,TX,ASW,WE,Combined TRACON& Tower with Radar,97,25,19,11,152,0,4,37,0,41,97,29,56,11,193,0,0,0,193
03/16/2009,ELP,TX,ASW,WE,Combined TRACON& Tower with Radar,106,47,35,10,198,0,15,54,19,88,106,62,89,29,286,4,0,4,290
03/17/2009,ELP,TX,ASW,WE,Combined TRACON& Tower with Radar,115,43,22,6,186,0,17,65,9,91,115,60,87,15,277,72,0,72,349
03/18/2009,ELP,TX,ASW,WE,Combined TRACON& Tower with Radar,112,40,41,18,211,0,18,65,6,89,112,58,106,24,300,20,0,20,320
03/19/2009,ELP,TX,ASW,WE,Combined TRACON& Tower with Radar,117,48,40,18,223,0,19,48,8,75,117,67,88,26,298,2,4,6,304
03/20/2009,ELP,TX,ASW,WE,Combined TRACON& Tower with Radar,116,32,34,6,188,0,11,40,11,62,116,43,74,17,250,8,0,8,258
03/21/2009,ELP,TX,ASW,WE,Combined TRACON& Tower with Radar,73,29,40,1,143,0,12,57,3,72,73,41,97,4,215,0,0,0,215
03/22/2009,ELP,TX,ASW,WE,Combined TRACON& Tower with Radar,95,26,27,11,159,0,7,35,0,42,95,33,62,11,201,0,0,0,201
03/23/2009,ELP,TX,ASW,WE,Combined TRACON& Tower with Radar,107,31,7,6,151,0,9,21,2,32,107,40,28,8,183,0,0,0,183
03/24/2009,ELP,TX,ASW,WE,Combined TRACON& Tower with Radar,116,50,35,6,207,1,18,83,13,115,117,68,118,19,322,4,6,10,332
03/25/2009,ELP,TX,ASW,WE,Combined TRACON& Tower with Radar,116,44,43,20,223,0,8,45,12,65,116,52,88,32,288,30,8,38,326
03/26/2009,ELP,TX,ASW,WE,Combined TRACON& Tower with Radar,117,37,26,20,200,0,10,29,8,47,117,47,55,28,247,10,0,10,257
03/27/2009,ELP,TX,ASW,WE,Combined TRACON& Tower with Radar,115,40,32,96,283,0,14,37,15,66,115,54,69,111,349,0,68,68,417
03/28/2009,ELP,TX,ASW,WE,Combined TRACON& Tower with Radar,76,38,25,7,146,0,7,51,3,61,76,45,76,10,207,26,0,26,233
03/29/2009,ELP,TX,ASW,WE,Combined TRACON& Tower with Radar,92,47,11,5,155,0,7,17,3,27,92,54,28,8,182,0,0,0,182
03/30/2009,ELP,TX,ASW,WE,Combined TRACON& Tower with Radar,107,31,17,10,165,0,16,16,7,39,107,47,33,17,204,0,0,0,204
03/31/2009,ELP,TX,ASW,WE,Combined TRACON& Tower with Radar,112,36,53,5,206,0,13,72,13,98,112,49,125,18,304,14,6,20,324
04/01/2009,ELP,TX,ASW,WE,Combined TRACON& Tower with Radar,113,36,17,5,171,0,15,31,6,52,113,51,48,11,223,0,0,0,223
04/02/2009,ELP,TX,ASW,WE,Combined TRACON& Tower with Radar,104,35,34,22,195,0,12,63,6,81,104,47,97,28,276,8,26,34,310
04/03/2009,ELP,TX,ASW,WE,Combined TRACON& Tower with Radar,108,46,28,13,195,0,17,24,7,48,108,63,52,20,243,0,0,0,243
04/04/2009,ELP,TX,ASW,WE,Combined TRACON& Tower with Radar,73,28,10,3,114,0,5,8,4,17,73,33,18,7,131,0,0,0,131
04/05/2009,ELP,TX,ASW,WE,Combined TRACON& Tower with Radar,92,33,40,2,167,0,6,26,1,33,92,39,66,3,200,0,0,0,200
04/06/2009,ELP,TX,ASW,WE,Combined TRACON& Tower with Radar,106,27,37,1,171,0,17,40,18,75,106,44,77,19,246,2,0,2,248
04/07/2009,ELP,TX,ASW,WE,Combined TRACON& Tower with Radar,114,38,46,3,201,0,19,68,10,97,114,57,114,13,298,6,0,6,304
04/08/2009,ELP,TX,ASW,WE,Combined TRACON& Tower with Radar,113,34,31,0,178,0,13,27,10,50,113,47,58,10,228,12,20,32,260
04/09/2009,ELP,TX,ASW,WE,Combined TRACON& Tower with Radar,109,32,27,28,196,0,9,37,6,52,109,41,64,34,248,0,10,10,258
04/10/2009,ELP,TX,ASW,WE,Combined TRACON& Tower with Radar,120,24,22,5,171,0,16,59,10,85,120,40,81,15,256,0,0,0,256
04/11/2009,ELP,TX,ASW,WE,Combined TRACON& Tower with Radar,83,22,14,4,123,0,6,28,2,36,83,28,42,6,159,2,0,2,161
04/12/2009,ELP,TX,ASW,WE,Combined TRACON& Tower with Radar,99,35,12,16,162,0,10,13,5,28,99,45,25,21,190,0,0,0,190
04/13/2009,ELP,TX,ASW,WE,Combined TRACON& Tower with Radar,110,25,37,8,180,0,11,71,9,91,110,36,108,17,271,80,0,80,351
04/14/2009,ELP,TX,ASW,WE,Combined TRACON& Tower with Radar,113,30,30,14,187,0,11,60,11,82,113,41,90,25,269,8,6,14,283
04/15/2009,ELP,TX,ASW,WE,Combined TRACON& Tower with Radar,115,32,48,43,238,0,10,39,3,52,115,42,87,46,290,0,0,0,290
04/16/2009,ELP,TX,ASW,WE,Combined TRACON& Tower with Radar,115,30,53,9,207,0,14,35,6,55,115,44,88,15,262,0,0,0,262
04/17/2009,ELP,TX,ASW,WE,Combined TRACON& Tower with Radar,105,38,34,61,238,0,18,49,15,82,105,56,83,76,320,0,0,0,320
04/18/2009,ELP,TX,ASW,WE,Combined TRACON& Tower with Radar,83,25,43,11,162,0,12,41,2,55,83,37,84,13,217,8,0,8,225
04/19/2009,ELP,TX,ASW,WE,Combined TRACON& Tower with Radar,95,26,29,32,182,0,8,46,1,55,95,34,75,33,237,26,0,26,263
04/20/2009,ELP,TX,ASW,WE,Combined TRACON& Tower with Radar,109,34,42,38,223,0,16,65,7,88,109,50,107,45,311,0,0,0,311
04/21/2009,ELP,TX,ASW,WE,Combined TRACON& Tower with Radar,113,37,45,8,203,0,9,71,13,93,113,46,116,21,296,16,24,40,336
04/22/2009,ELP,TX,ASW,WE,Combined TRACON& Tower with Radar,110,34,40,15,199,0,14,63,15,92,110,48,103,30,291,12,12,24,315
04/23/2009,ELP,TX,ASW,WE,Combined TRACON& Tower with Radar,118,36,30,9,193,0,10,60,15,85,118,46,90,24,278,10,0,10,288
04/24/2009,ELP,TX,ASW,WE,Combined TRACON& Tower with Radar,112,30,29,31,202,0,14,64,26,104,112,44,93,57,306,10,10,20,326
04/25/2009,ELP,TX,ASW,WE,Combined TRACON& Tower with Radar,75,24,18,0,117,0,8,58,4,70,75,32,76,4,187,10,0,10,197
04/26/2009,ELP,TX,ASW,WE,Combined TRACON& Tower with Radar,93,33,21,16,163,0,9,48,5,62,93,42,69,21,225,0,0,0,225
04/27/2009,ELP,TX,ASW,WE,Combined TRACON& Tower with Radar,112,33,31,3,179,1,24,79,5,109,113,57,110,8,288,4,0,4,292
04/28/2009,ELP,TX,ASW,WE,Combined TRACON& Tower with Radar,114,38,44,28,224,0,8,40,8,56,114,46,84,36,280,0,0,0,280
04/29/2009,ELP,TX,ASW,WE,Combined TRACON& Tower with Radar,115,40,24,23,202,0,11,46,14,71,115,51,70,37,273,0,12,12,285
04/30/2009,ELP,TX,ASW,WE,Combined TRACON& Tower with Radar,113,41,41,10,205,0,18,50,9,77,113,59,91,19,282,0,0,0,282
05/01/2009,ELP,TX,ASW,WE,Combined TRACON& Tower with Radar,120,52,35,32,239,0,11,50,15,76,120,63,85,47,315,4,0,4,319
05/02/2009,ELP,TX,ASW,WE,Combined TRACON& Tower with Radar,75,22,14,51,162,0,5,25,3,33,75,27,39,54,195,22,16,38,233
05/03/2009,ELP,TX,ASW,WE,Combined TRACON& Tower with Radar,94,31,18,12,155,0,6,31,1,38,94,37,49,13,193,0,0,0,193
05/04/2009,ELP,TX,ASW,WE,Combined TRACON& Tower with Radar,111,30,13,12,166,0,12,22,10,44,111,42,35,22,210,6,0,6,216
05/05/2009,ELP,TX,ASW,WE,Combined TRACON& Tower with Radar,112,27,20,31,190,0,24,33,3,60,112,51,53,34,250,24,28,52,302
05/06/2009,ELP,TX,ASW,WE,Combined TRACON& Tower with Radar,118,51,21,18,208,0,18,39,11,68,118,69,60,29,276,12,22,34,310
05/07/2009,ELP,TX,ASW,WE,Combined TRACON& Tower with Radar,115,37,17,35,204,0,16,47,16,79,115,53,64,51,283,12,36,48,331
05/08/2009,ELP,TX,ASW,WE,Combined TRACON& Tower with Radar,112,32,21,8,173,0,10,50,9,69,112,42,71,17,242,16,0,16,258
05/09/2009,ELP,TX,ASW,WE,Combined TRACON& Tower with Radar,83,23,12,3,121,0,6,35,2,43,83,29,47,5,164,0,0,0,164
05/10/2009,ELP,TX,ASW,WE,Combined TRACON& Tower with Radar,94,35,20,12,161,0,4,20,2,26,94,39,40,14,187,0,0,0,187
05/11/2009,ELP,TX,ASW,WE,Combined TRACON& Tower with Radar,120,31,42,8,201,0,11,60,7,78,120,42,102,15,279,0,0,0,279
05/12/2009,ELP,TX,ASW,WE,Combined TRACON& Tower with Radar,116,25,22,26,189,0,12,39,5,56,116,37,61,31,245,0,0,0,245
05/13/2009,ELP,TX,ASW,WE,Combined TRACON& Tower with Radar,117,33,24,20,194,0,12,55,10,77,117,45,79,30,271,20,0,20,291
05/14/2009,ELP,TX,ASW,WE,Combined TRACON& Tower with Radar,109,44,37,20,210,0,9,83,2,94,109,53,120,22,304,32,0,32,336
05/15/2009,ELP,TX,ASW,WE,Combined TRACON& Tower with Radar,118,37,34,14,203,0,14,67,7,88,118,51,101,21,291,18,8,26,317
05/16/2009,ELP,TX,ASW,WE,Combined TRACON& Tower with Radar,83,27,10,1,121,0,7,31,5,43,83,34,41,6,164,0,0,0,164
05/17/2009,ELP,TX,ASW,WE,Combined TRACON& Tower with Radar,96,32,13,16,157,0,4,32,3,39,96,36,45,19,196,36,0,36,232
05/18/2009,ELP,TX,ASW,WE,Combined TRACON& Tower with Radar,113,22,16,14,165,0,14,69,9,92,113,36,85,23,257,32,0,32,289
05/19/2009,ELP,TX,ASW,WE,Combined TRACON& Tower with Radar,119,38,19,21,197,0,13,39,10,62,119,51,58,31,259,0,20,20,279
05/20/2009,ELP,TX,ASW,WE,Combined TRACON& Tower with Radar,124,31,49,7,211,0,11,71,7,89,124,42,120,14,300,0,0,0,300
05/21/2009,ELP,TX,ASW,WE,Combined TRACON& Tower with Radar,116,26,16,6,164,0,7,46,7,60,116,33,62,13,224,16,0,16,240
05/22/2009,ELP,TX,ASW,WE,Combined TRACON& Tower with Radar,111,42,40,43,236,0,7,17,2,26,111,49,57,45,262,0,0,0,262
05/23/2009,ELP,TX,ASW,WE,Combined TRACON& Tower with Radar,83,18,27,2,130,0,24,48,1,73,83,42,75,3,203,40,0,40,243
05/24/2009,ELP,TX,ASW,WE,Combined TRACON& Tower with Radar,78,21,10,3,112,0,10,25,1,36,78,31,35,4,148,0,0,0,148
05/25/2009,ELP,TX,ASW,WE,Combined TRACON& Tower with Radar,96,29,18,6,149,0,8,70,2,80,96,37,88,8,229,22,0,22,251
05/26/2009,ELP,TX,ASW,WE,Combined TRACON& Tower with Radar,114,28,46,5,193,0,21,59,2,82,114,49,105,7,275,12,20,32,307
05/27/2009,ELP,TX,ASW,WE,Combined TRACON& Tower with Radar,112,34,31,5,182,0,28,63,14,105,112,62,94,19,287,22,0,22,309
05/28/2009,ELP,TX,ASW,WE,Combined TRACON& Tower with Radar,116,33,35,7,191,0,9,49,4,62,116,42,84,11,253,0,0,0,253
05/29/2009,ELP,TX,ASW,WE,Combined TRACON& Tower with Radar,115,29,33,15,192,0,18,61,2,81,115,47,94,17,273,4,0,4,277
05/30/2009,ELP,TX,ASW,WE,Combined TRACON& Tower with Radar,84,19,26,3,132,0,14,36,2,52,84,33,62,5,184,18,0,18,202
05/31/2009,ELP,TX,ASW,WE,Combined TRACON& Tower with Radar,96,30,32,28,186,0,8,31,2,41,96,38,63,30,227,4,0,4,231
06/01/2009,ELP,TX,ASW,WE,Combined TRACON& Tower with Radar,113,23,19,1,156,0,16,55,3,74,113,39,74,4,230,10,0,10,240
06/02/2009,ELP,TX,ASW,WE,Combined TRACON& Tower with Radar,115,28,23,3,169,0,18,38,2,58,115,46,61,5,227,4,0,4,231
06/03/2009,ELP,TX,ASW,WE,Combined TRACON& Tower with Radar,115,23,19,7,164,0,19,39,3,61,115,42,58,10,225,0,0,0,225
06/04/2009,ELP,TX,ASW,WE,Combined TRACON& Tower with Radar,115,44,36,11,206,0,13,50,3,66,115,57,86,14,272,4,0,4,276
06/05/2009,ELP,TX,ASW,WE,Combined TRACON& Tower with Radar,117,46,26,5,194,0,12,35,6,53,117,58,61,11,247,0,0,0,247
06/06/2009,ELP,TX,ASW,WE,Combined TRACON& Tower with Radar,86,27,27,6,146,0,3,19,6,28,86,30,46,12,174,0,0,0,174
06/07/2009,ELP,TX,ASW,WE,Combined TRACON& Tower with Radar,101,36,38,12,187,0,11,15,5,31,101,47,53,17,218,4,0,4,222
06/08/2009,ELP,TX,ASW,WE,Combined TRACON& Tower with Radar,109,40,14,9,172,0,15,33,5,53,109,55,47,14,225,20,0,20,245
06/09/2009,ELP,TX,ASW,WE,Combined TRACON& Tower with Radar,116,50,29,6,201,0,13,58,15,86,116,63,87,21,287,16,14,30,317
06/10/2009,ELP,TX,ASW,WE,Combined TRACON& Tower with Radar,116,36,20,3,175,0,14,32,9,55,116,50,52,12,230,0,0,0,230
06/11/2009,ELP,TX,ASW,WE,Combined TRACON& Tower with Radar,100,51,32,2,185,0,12,53,7,72,100,63,85,9,257,40,0,40,297
06/12/2009,ELP,TX,ASW,WE,Combined TRACON& Tower with Radar,120,43,37,8,208,0,13,35,9,57,120,56,72,17,265,0,0,0,265
06/13/2009,ELP,TX,ASW,WE,Combined TRACON& Tower with Radar,88,33,20,4,145,0,4,48,7,59,88,37,68,11,204,46,0,46,250
06/14/2009,ELP,TX,ASW,WE,Combined TRACON& Tower with Radar,101,36,16,3,156,0,5,39,6,50,101,41,55,9,206,14,0,14,220
06/15/2009,ELP,TX,ASW,WE,Combined TRACON& Tower with Radar,111,48,12,2,173,0,12,46,9,67,111,60,58,11,240,22,0,22,262
06/16/2009,ELP,TX,ASW,WE,Combined TRACON& Tower with Radar,120,48,33,4,205,0,18,43,14,75,120,66,76,18,280,0,0,0,280
06/17/2009,ELP,TX,ASW,WE,Combined TRACON& Tower with Radar,118,38,32,3,191,0,18,39,16,73,118,56,71,19,264,30,0,30,294
06/18/2009,ELP,TX,ASW,WE,Combined TRACON& Tower with Radar,114,42,37,9,202,0,22,49,11,82,114,64,86,20,284,18,20,38,322
06/19/2009,ELP,TX,ASW,WE,Combined TRACON& Tower with Radar,111,44,27,17,199,0,22,35,11,68,111,66,62,28,267,32,2,34,301
06/20/2009,ELP,TX,ASW,WE,Combined TRACON& Tower with Radar,88,42,13,0,143,0,7,50,4,61,88,49,63,4,204,16,0,16,220
06/21/2009,ELP,TX,ASW,WE,Combined TRACON& Tower with Radar,99,39,23,9,170,0,9,51,10,70,99,48,74,19,240,0,0,0,240
06/22/2009,ELP,TX,ASW,WE,Combined TRACON& Tower with Radar,111,49,21,4,185,0,16,26,7,49,111,65,47,11,234,4,0,4,238
06/23/2009,ELP,TX,ASW,WE,Combined TRACON& Tower with Radar,123,37,23,10,193,0,20,38,5,63,123,57,61,15,256,26,0,26,282
06/24/2009,ELP,TX,ASW,WE,Combined TRACON& Tower with Radar,114,57,42,3,216,0,20,62,4,86,114,77,104,7,302,20,0,20,322
06/25/2009,ELP,TX,ASW,WE,Combined TRACON& Tower with Radar,123,45,36,8,212,0,20,71,5,96,123,65,107,13,308,23,0,23,331
06/26/2009,ELP,TX,ASW,WE,Combined TRACON& Tower with Radar,115,37,26,9,187,0,24,56,5,85,115,61,82,14,272,0,0,0,272
06/27/2009,ELP,TX,ASW,WE,Combined TRACON& Tower with Radar,86,31,23,1,141,0,10,53,2,65,86,41,76,3,206,10,0,10,216
06/28/2009,ELP,TX,ASW,WE,Combined TRACON& Tower with Radar,105,33,18,8,164,0,7,18,0,25,105,40,36,8,189,8,0,8,197
06/29/2009,ELP,TX,ASW,WE,Combined TRACON& Tower with Radar,108,43,15,0,166,0,11,38,1,50,108,54,53,1,216,20,0,20,236
06/30/2009,ELP,TX,ASW,WE,Combined TRACON& Tower with Radar,122,43,29,3,197,0,11,46,6,63,122,54,75,9,260,40,0,40,300
07/01/2009,ELP,TX,ASW,WE,Combined TRACON& Tower with Radar,116,47,36,4,203,0,9,35,8,52,116,56,71,12,255,8,0,8,263
07/02/2009,ELP,TX,ASW,WE,Combined TRACON& Tower with Radar,114,49,39,16,218,0,9,45,12,66,114,58,84,28,284,40,30,70,354
07/03/2009,ELP,TX,ASW,WE,Combined TRACON& Tower with Radar,113,28,18,1,160,0,12,47,4,63,113,40,65,5,223,22,0,22,245
07/04/2009,ELP,TX,ASW,WE,Combined TRACON& Tower with Radar,74,30,13,2,119,0,4,15,0,19,74,34,28,2,138,0,0,0,138
07/05/2009,ELP,TX,ASW,WE,Combined TRACON& Tower with Radar,102,35,14,4,155,0,12,18,1,31,102,47,32,5,186,0,0,0,186
07/06/2009,ELP,TX,ASW,WE,Combined TRACON& Tower with Radar,111,48,19,0,178,0,12,49,1,62,111,60,68,1,240,8,0,8,248
07/07/2009,ELP,TX,ASW,WE,Combined TRACON& Tower with Radar,119,39,23,26,207,0,15,34,9,58,119,54,57,35,265,6,4,10,275
07/08/2009,ELP,TX,ASW,WE,Combined TRACON& Tower with Radar,113,54,19,1,187,0,13,49,10,72,113,67,68,11,259,0,0,0,259
07/09/2009,ELP,TX,ASW,WE,Combined TRACON& Tower with Radar,114,38,21,15,188,0,18,37,8,63,114,56,58,23,251,0,0,0,251
07/10/2009,ELP,TX,ASW,WE,Combined TRACON& Tower with Radar,116,40,30,39,225,0,20,42,7,69,116,60,72,46,294,0,20,20,314
07/11/2009,ELP,TX,ASW,WE,Combined TRACON& Tower with Radar,94,36,20,3,153,0,8,39,4,51,94,44,59,7,204,58,0,58,262
07/12/2009,ELP,TX,ASW,WE,Combined TRACON& Tower with Radar,102,30,16,4,152,0,17,37,0,54,102,47,53,4,206,62,0,62,268
07/13/2009,ELP,TX,ASW,WE,Combined TRACON& Tower with Radar,110,43,22,4,179,0,15,39,12,66,110,58,61,16,245,42,0,42,287
07/14/2009,ELP,TX,ASW,WE,Combined TRACON& Tower with Radar,121,36,25,4,186,0,14,51,8,73,121,50,76,12,259,2,0,2,261
07/15/2009,ELP,TX,ASW,WE,Combined TRACON& Tower with Radar,120,40,27,3,190,0,14,52,2,68,120,54,79,5,258,4,0,4,262
07/16/2009,ELP,TX,ASW,WE,Combined TRACON& Tower with Radar,118,43,23,6,190,0,11,50,5,66,118,54,73,11,256,6,0,6,262
07/17/2009,ELP,TX,ASW,WE,Combined TRACON& Tower with Radar,119,38,26,4,187,0,9,44,6,59,119,47,70,10,246,8,0,8,254
07/18/2009,ELP,TX,ASW,WE,Combined TRACON& Tower with Radar,88,36,28,2,154,0,4,25,2,31,88,40,53,4,185,0,0,0,185
07/19/2009,ELP,TX,ASW,WE,Combined TRACON& Tower with Radar,100,31,26,9,166,0,6,26,3,35,100,37,52,12,201,4,0,4,205
07/20/2009,ELP,TX,ASW,WE,Combined TRACON& Tower with Radar,121,58,28,9,216,0,9,55,3,67,121,67,83,12,283,36,0,36,319
07/21/2009,ELP,TX,ASW,WE,Combined TRACON& Tower with Radar,124,43,17,6,190,0,21,48,5,74,124,64,65,11,264,6,0,6,270
07/22/2009,ELP,TX,ASW,WE,Combined TRACON& Tower with Radar,114,49,22,7,192,0,12,36,6,54,114,61,58,13,246,0,0,0,246
07/23/2009,ELP,TX,ASW,WE,Combined TRACON& Tower with Radar,120,58,39,10,227,0,12,50,8,70,120,70,89,18,297,12,6,18,315
07/24/2009,ELP,TX,ASW,WE,Combined TRACON& Tower with Radar,114,39,38,26,217,0,27,70,12,109,114,66,108,38,326,8,16,24,350
07/25/2009,ELP,TX,ASW,WE,Combined TRACON& Tower with Radar,87,35,17,1,140,0,9,39,3,51,87,44,56,4,191,16,0,16,207
07/26/2009,ELP,TX,ASW,WE,Combined TRACON& Tower with Radar,99,27,17,6,149,0,5,38,1,44,99,32,55,7,193,0,4,4,197
07/27/2009,ELP,TX,ASW,WE,Combined TRACON& Tower with Radar,114,38,24,4,180,0,12,41,4,57,114,50,65,8,237,4,0,4,241
07/28/2009,ELP,TX,ASW,WE,Combined TRACON& Tower with Radar,117,46,28,13,204,0,14,45,3,62,117,60,73,16,266,16,0,16,282
07/29/2009,ELP,TX,ASW,WE,Combined TRACON& Tower with Radar,124,50,21,13,208,0,14,53,11,78,124,64,74,24,286,0,0,0,286
07/30/2009,ELP,TX,ASW,WE,Combined TRACON& Tower with Radar,114,54,19,7,194,0,19,47,10,76,114,73,66,17,270,0,0,0,270
07/31/2009,ELP,TX,ASW,WE,Combined TRACON& Tower with Radar,117,53,45,25,240,0,18,50,5,73,117,71,95,30,313,0,0,0,313
08/01/2009,ELP,TX,ASW,WE,Combined TRACON& Tower with Radar,89,35,23,3,150,0,7,42,1,50,89,42,65,4,200,0,0,0,200
08/02/2009,ELP,TX,ASW,WE,Combined TRACON& Tower with Radar,105,41,13,12,171,0,5,27,0,32,105,46,40,12,203,8,6,14,217
08/03/2009,ELP,TX,ASW,WE,Combined TRACON& Tower with Radar,114,36,27,5,182,0,9,39,10,58,114,45,66,15,240,0,10,10,250
08/04/2009,ELP,TX,ASW,WE,Combined TRACON& Tower with Radar,120,39,36,2,197,0,12,33,12,57,120,51,69,14,254,8,6,14,268
08/05/2009,ELP,TX,ASW,WE,Combined TRACON& Tower with Radar,117,53,27,6,203,0,16,55,6,77,117,69,82,12,280,22,0,22,302
08/06/2009,ELP,TX,ASW,WE,Combined TRACON& Tower with Radar,117,52,29,3,201,0,16,31,7,54,117,68,60,10,255,0,0,0,255
08/07/2009,ELP,TX,ASW,WE,Combined TRACON& Tower with Radar,117,45,31,4,197,0,18,39,10,67,117,63,70,14,264,26,0,26,290
08/08/2009,ELP,TX,ASW,WE,Combined TRACON& Tower with Radar,89,27,13,2,131,0,14,30,4,48,89,41,43,6,179,0,0,0,179
08/09/2009,ELP,TX,ASW,WE,Combined TRACON& Tower with Radar,101,43,16,16,176,0,5,47,1,53,101,48,63,17,229,0,0,0,229
08/10/2009,ELP,TX,ASW,WE,Combined TRACON& Tower with Radar,111,38,14,8,171,0,14,44,10,68,111,52,58,18,239,0,0,0,239
08/11/2009,ELP,TX,ASW,WE,Combined TRACON& Tower with Radar,118,44,20,10,192,0,10,50,3,63,118,54,70,13,255,20,0,20,275
08/12/2009,ELP,TX,ASW,WE,Combined TRACON& Tower with Radar,118,50,32,4,204,0,24,49,7,80,118,74,81,11,284,0,0,0,284
08/13/2009,ELP,TX,ASW,WE,Combined TRACON& Tower with Radar,121,50,48,5,224,0,15,48,10,73,121,65,96,15,297,20,0,20,317
08/14/2009,ELP,TX,ASW,WE,Combined TRACON& Tower with Radar,114,39,22,35,210,0,17,39,6,62,114,56,61,41,272,10,0,10,282
08/15/2009,ELP,TX,ASW,WE,Combined TRACON& Tower with Radar,89,34,19,0,142,0,12,46,2,60,89,46,65,2,202,4,0,4,206
08/16/2009,ELP,TX,ASW,WE,Combined TRACON& Tower with Radar,98,35,10,17,160,0,9,26,6,41,98,44,36,23,201,0,0,0,201
08/17/2009,ELP,TX,ASW,WE,Combined TRACON& Tower with Radar,111,50,24,6,191,0,9,45,17,71,111,59,69,23,262,38,0,38,300
08/18/2009,ELP,TX,ASW,WE,Combined TRACON& Tower with Radar,117,44,18,14,193,0,18,57,7,82,117,62,75,21,275,2,0,2,277
08/19/2009,ELP,TX,ASW,WE,Combined TRACON& Tower with Radar,117,45,29,8,199,0,18,63,18,99,117,63,92,26,298,22,0,22,320
08/20/2009,ELP,TX,ASW,WE,Combined TRACON& Tower with Radar,121,50,50,4,225,0,17,46,15,78,121,67,96,19,303,0,6,6,309
08/21/2009,ELP,TX,ASW,WE,Combined TRACON& Tower with Radar,115,40,29,11,195,0,13,59,10,82,115,53,88,21,277,48,0,48,325
08/22/2009,ELP,TX,ASW,WE,Combined TRACON& Tower with Radar,82,47,18,6,153,0,17,29,4,50,82,64,47,10,203,0,0,0,203
08/23/2009,ELP,TX,ASW,WE,Combined TRACON& Tower with Radar,100,33,22,1,156,0,7,43,1,51,100,40,65,2,207,0,0,0,207
08/24/2009,ELP,TX,ASW,WE,Combined TRACON& Tower with Radar,112,33,19,2,166,0,16,42,9,67,112,49,61,11,233,8,0,8,241
08/25/2009,ELP,TX,ASW,WE,Combined TRACON& Tower with Radar,117,35,30,5,187,0,10,50,9,69,117,45,80,14,256,0,0,0,256
08/26/2009,ELP,TX,ASW,WE,Combined TRACON& Tower with Radar,122,48,31,6,207,0,14,49,10,73,122,62,80,16,280,36,6,42,322
08/27/2009,ELP,TX,ASW,WE,Combined TRACON& Tower with Radar,122,45,35,5,207,0,13,40,11,64,122,58,75,16,271,0,0,0,271
08/28/2009,ELP,TX,ASW,WE,Combined TRACON& Tower with Radar,120,40,23,5,188,0,14,49,6,69,120,54,72,11,257,32,0,32,289
08/29/2009,ELP,TX,ASW,WE,Combined TRACON& Tower with Radar,78,41,17,2,138,0,6,60,12,78,78,47,77,14,216,46,0,46,262
08/30/2009,ELP,TX,ASW,WE,Combined TRACON& Tower with Radar,99,38,12,9,158,0,4,51,6,61,99,42,63,15,219,58,0,58,277
08/31/2009,ELP,TX,ASW,WE,Combined TRACON& Tower with Radar,114,33,22,11,180,0,9,35,13,57,114,42,57,24,237,34,12,46,283
09/01/2009,ELP,TX,ASW,WE,Combined TRACON& Tower with Radar,131,50,23,7,211,0,11,48,13,72,131,61,71,20,283,0,0,0,283
09/02/2009,ELP,TX,ASW,WE,Combined TRACON& Tower with Radar,137,41,32,2,212,1,9,61,7,78,138,50,93,9,290,32,0,32,322
09/03/2009,ELP,TX,ASW,WE,Combined TRACON& Tower with Radar,127,34,35,8,204,0,20,46,10,76,127,54,81,18,280,26,0,26,306
09/04/2009,ELP,TX,ASW,WE,Combined TRACON& Tower with Radar,125,37,18,3,183,0,6,40,13,59,125,43,58,16,242,8,0,8,250
09/05/2009,ELP,TX,ASW,WE,Combined TRACON& Tower with Radar,82,21,23,4,130,0,7,50,6,63,82,28,73,10,193,68,0,68,261
09/06/2009,ELP,TX,ASW,WE,Combined TRACON& Tower with Radar,79,28,11,1,119,0,12,31,2,45,79,40,42,3,164,38,0,38,202
09/07/2009,ELP,TX,ASW,WE,Combined TRACON& Tower with Radar,104,25,18,0,147,0,12,30,6,48,104,37,48,6,195,0,0,0,195
09/08/2009,ELP,TX,ASW,WE,Combined TRACON& Tower with Radar,121,37,28,3,189,0,6,58,13,77,121,43,86,16,266,54,8,62,328
09/09/2009,ELP,TX,ASW,WE,Combined TRACON& Tower with Radar,122,35,24,11,192,0,8,25,11,44,122,43,49,22,236,10,16,26,262
09/10/2009,ELP,TX,ASW,WE,Combined TRACON& Tower with Radar,126,40,27,4,197,0,15,32,9,56,126,55,59,13,253,4,0,4,257
09/11/2009,ELP,TX,ASW,WE,Combined TRACON& Tower with Radar,124,47,34,30,235,0,7,30,4,41,124,54,64,34,276,8,38,46,322
09/12/2009,ELP,TX,ASW,WE,Combined TRACON& Tower with Radar,88,24,22,37,171,0,5,33,12,50,88,29,55,49,221,30,78,108,329
09/13/2009,ELP,TX,ASW,WE,Combined TRACON& Tower with Radar,104,33,20,3,160,0,2,30,5,37,104,35,50,8,197,0,0,0,197
09/14/2009,ELP,TX,ASW,WE,Combined TRACON& Tower with Radar,122,32,32,3,189,0,16,71,17,104,122,48,103,20,293,0,0,0,293
09/15/2009,ELP,TX,ASW,WE,Combined TRACON& Tower with Radar,125,47,27,13,212,0,9,49,12,70,125,56,76,25,282,0,0,0,282
09/16/2009,ELP,TX,ASW,WE,Combined TRACON& Tower with Radar,126,47,50,8,231,0,17,75,6,98,126,64,125,14,329,16,0,16,345
09/17/2009,ELP,TX,ASW,WE,Combined TRACON& Tower with Radar,132,55,35,4,226,0,15,35,5,55,132,70,70,9,281,0,0,0,281
09/18/2009,ELP,TX,ASW,WE,Combined TRACON& Tower with Radar,125,50,29,21,225,0,9,40,8,57,125,59,69,29,282,0,0,0,282
09/19/2009,ELP,TX,ASW,WE,Combined TRACON& Tower with Radar,89,22,6,5,122,0,6,19,5,30,89,28,25,10,152,0,0,0,152
09/20/2009,ELP,TX,ASW,WE,Combined TRACON& Tower with Radar,105,35,26,19,185,0,11,34,9,54,105,46,60,28,239,26,62,88,327
09/21/2009,ELP,TX,ASW,WE,Combined TRACON& Tower with Radar,124,40,40,7,211,0,17,43,12,72,124,57,83,19,283,0,0,0,283
09/22/2009,ELP,TX,ASW,WE,Combined TRACON& Tower with Radar,128,56,26,5,215,0,15,47,10,72,128,71,73,15,287,14,0,14,301
09/23/2009,ELP,TX,ASW,WE,Combined TRACON& Tower with Radar,128,42,49,6,225,0,12,74,13,99,128,54,123,19,324,12,0,12,336
09/24/2009,ELP,TX,ASW,WE,Combined TRACON& Tower with Radar,128,45,51,15,239,0,11,39,8,58,128,56,90,23,297,22,28,50,347
09/25/2009,ELP,TX,ASW,WE,Combined TRACON& Tower with Radar,123,32,41,4,200,0,13,40,10,63,123,45,81,14,263,26,0,26,289
09/26/2009,ELP,TX,ASW,WE,Combined TRACON& Tower with Radar,96,19,15,1,131,0,11,51,1,63,96,30,66,2,194,0,0,0,194
09/27/2009,ELP,TX,ASW,WE,Combined TRACON& Tower with Radar,101,26,28,5,160,0,10,48,4,62,101,36,76,9,222,0,0,0,222
09/28/2009,ELP,TX,ASW,WE,Combined TRACON& Tower with Radar,123,38,33,10,204,0,11,58,10,79,123,49,91,20,283,6,0,6,289
09/29/2009,ELP,TX,ASW,WE,Combined TRACON& Tower with Radar,128,49,24,8,209,0,12,51,15,78,128,61,75,23,287,22,10,32,319
09/30/2009,ELP,TX,ASW,WE,Combined TRACON& Tower with Radar,122,63,42,6,233,0,13,28,6,47,122,76,70,12,280,0,0,0,280
10/01/2009,ELP,TX,ASW,WE,Combined TRACON& Tower with Radar,120,53,27,7,207,0,10,45,6,61,120,63,72,13,268,10,0,10,278
10/02/2009,ELP,TX,ASW,WE,Combined TRACON& Tower with Radar,123,55,36,31,245,0,9,36,9,54,123,64,72,40,299,22,0,22,321
10/03/2009,ELP,TX,ASW,WE,Combined TRACON& Tower with Radar,84,33,25,6,148,0,6,29,6,41,84,39,54,12,189,50,0,50,239
10/04/2009,ELP,TX,ASW,WE,Combined TRACON& Tower with Radar,105,37,13,12,167,0,2,9,3,14,105,39,22,15,181,0,0,0,181
10/05/2009,ELP,TX,ASW,WE,Combined TRACON& Tower with Radar,117,52,27,25,221,0,11,31,12,54,117,63,58,37,275,0,26,26,301
10/06/2009,ELP,TX,ASW,WE,Combined TRACON& Tower with Radar,121,49,54,30,254,0,16,49,15,80,121,65,103,45,334,20,24,44,378
10/07/2009,ELP,TX,ASW,WE,Combined TRACON& Tower with Radar,127,60,23,6,216,0,19,36,10,65,127,79,59,16,281,0,0,0,281
10/08/2009,ELP,TX,ASW,WE,Combined TRACON& Tower with Radar,127,64,31,49,271,0,10,40,6,56,127,74,71,55,327,0,0,0,327
10/09/2009,ELP,TX,ASW,WE,Combined TRACON& Tower with Radar,130,67,30,10,237,0,13,61,8,82,130,80,91,18,319,0,0,0,319
10/10/2009,ELP,TX,ASW,WE,Combined TRACON& Tower with Radar,89,29,12,1,131,0,8,48,2,58,89,37,60,3,189,52,0,52,241
10/11/2009,ELP,TX,ASW,WE,Combined TRACON& Tower with Radar,110,45,37,0,192,0,10,41,1,52,110,55,78,1,244,0,0,0,244
10/12/2009,ELP,TX,ASW,WE,Combined TRACON& Tower with Radar,114,62,17,5,198,0,17,42,6,65,114,79,59,11,263,0,0,0,263
10/13/2009,ELP,TX,ASW,WE,Combined TRACON& Tower with Radar,119,55,42,32,248,0,10,50,19,79,119,65,92,51,327,4,0,4,331
10/14/2009,ELP,TX,ASW,WE,Combined TRACON& Tower with Radar,118,64,44,8,234,0,14,63,6,83,118,78,107,14,317,14,0,14,331
10/15/2009,ELP,TX,ASW,WE,Combined TRACON& Tower with Radar,123,50,47,5,225,0,25,61,8,94,123,75,108,13,319,0,0,0,319
10/16/2009,ELP,TX,ASW,WE,Combined TRACON& Tower with Radar,120,44,35,10,209,0,15,64,14,93,120,59,99,24,302,0,0,0,302
10/17/2009,ELP,TX,ASW,WE,Combined TRACON& Tower with Radar,85,32,31,7,155,0,11,45,2,58,85,43,76,9,213,26,0,26,239
10/18/2009,ELP,TX,ASW,WE,Combined TRACON& Tower with Radar,102,35,32,6,175,0,13,50,10,73,102,48,82,16,248,20,0,20,268
10/19/2009,ELP,TX,ASW,WE,Combined TRACON& Tower with Radar,118,56,26,8,208,0,16,44,12,72,118,72,70,20,280,0,0,0,280
10/20/2009,ELP,TX,ASW,WE,Combined TRACON& Tower with Radar,129,67,28,9,233,0,9,31,5,45,129,76,59,14,278,12,0,12,290
10/21/2009,ELP,TX,ASW,WE,Combined TRACON& Tower with Radar,124,50,42,50,266,0,20,46,22,88,124,70,88,72,354,104,0,104,458
10/22/2009,ELP,TX,ASW,WE,Combined TRACON& Tower with Radar,121,57,39,12,229,0,14,95,5,114,121,71,134,17,343,0,0,0,343
10/23/2009,ELP,TX,ASW,WE,Combined TRACON& Tower with Radar,126,43,42,43,254,0,7,73,30,110,126,50,115,73,364,24,6,30,394
10/24/2009,ELP,TX,ASW,WE,Combined TRACON& Tower with Radar,83,42,21,2,148,0,7,66,6,79,83,49,87,8,227,0,0,0,227
10/25/2009,ELP,TX,ASW,WE,Combined TRACON& Tower with Radar,109,31,32,29,201,0,7,40,7,54,109,38,72,36,255,8,0,8,263
10/26/2009,ELP,TX,ASW,WE,Combined TRACON& Tower with Radar,129,36,48,5,218,0,18,27,9,54,129,54,75,14,272,0,0,0,272
10/27/2009,ELP,TX,ASW,WE,Combined TRACON& Tower with Radar,127,36,52,24,239,0,11,52,15,78,127,47,104,39,317,0,0,0,317
10/28/2009,ELP,TX,ASW,WE,Combined TRACON& Tower with Radar,121,44,34,1,200,0,9,17,3,29,121,53,51,4,229,0,0,0,229
10/29/2009,ELP,TX,ASW,WE,Combined TRACON& Tower with Radar,126,51,48,45,270,0,8,36,14,58,126,59,84,59,328,20,0,20,348
10/30/2009,ELP,TX,ASW,WE,Combined TRACON& Tower with Radar,130,60,67,12,269,0,15,43,9,67,130,75,110,21,336,8,10,18,354
10/31/2009,ELP,TX,ASW,WE,Combined TRACON& Tower with Radar,95,37,31,12,175,0,15,69,6,90,95,52,100,18,265,36,0,36,301
11/01/2009,ELP,TX,ASW,WE,Combined TRACON& Tower with Radar,1,1,0,0,2,0,0,0,0,0,1,1,0,0,2,22,28,50,52
11/02/2009,ELP,TX,ASW,WE,Combined TRACON& Tower with Radar,122,49,28,26,225,0,9,39,8,56,122,58,67,34,281,0,0,0,281
11/03/2009,ELP,TX,ASW,WE,Combined TRACON& Tower with Radar,125,28,40,5,198,0,14,67,14,95,125,42,107,19,293,26,0,26,319
11/04/2009,ELP,TX,ASW,WE,Combined TRACON& Tower with Radar,125,38,38,6,207,0,16,51,12,79,125,54,89,18,286,0,0,0,286
11/05/2009,ELP,TX,ASW,WE,Combined TRACON& Tower with Radar,131,48,43,8,230,0,18,53,7,78,131,66,96,15,308,8,0,8,316
11/06/2009,ELP,TX,ASW,WE,Combined TRACON& Tower with Radar,122,37,52,10,221,0,15,51,5,71,122,52,103,15,292,12,0,12,304
11/07/2009,ELP,TX,ASW,WE,Combined TRACON& Tower with Radar,86,24,17,1,128,0,3,51,6,60,86,27,68,7,188,10,0,10,198
11/08/2009,ELP,TX,ASW,WE,Combined TRACON& Tower with Radar,107,33,36,4,180,0,7,40,2,49,107,40,76,6,229,60,0,60,289
11/09/2009,ELP,TX,ASW,WE,Combined TRACON& Tower with Radar,118,32,31,32,213,0,15,43,23,81,118,47,74,55,294,18,50,68,362
11/10/2009,ELP,TX,ASW,WE,Combined TRACON& Tower with Radar,125,31,39,19,214,0,7,44,10,61,125,38,83,29,275,14,74,88,363
11/11/2009,ELP,TX,ASW,WE,Combined TRACON& Tower with Radar,121,33,41,6,201,0,7,71,14,92,121,40,112,20,293,20,0,20,313
11/12/2009,ELP,TX,ASW,WE,Combined TRACON& Tower with Radar,124,39,35,33,231,0,11,38,10,59,124,50,73,43,290,0,16,16,306
11/13/2009,ELP,TX,ASW,WE,Combined TRACON& Tower with Radar,124,46,45,33,248,0,7,46,14,67,124,53,91,47,315,14,0,14,329
11/14/2009,ELP,TX,ASW,WE,Combined TRACON& Tower with Radar,87,27,15,4,133,0,5,42,5,52,87,32,57,9,185,58,4,62,247
11/15/2009,ELP,TX,ASW,WE,Combined TRACON& Tower with Radar,106,29,33,37,205,0,15,42,4,61,106,44,75,41,266,52,50,102,368
11/16/2009,ELP,TX,ASW,WE,Combined TRACON& Tower with Radar,119,35,23,14,191,0,19,57,14,90,119,54,80,28,281,44,62,106,387
11/17/2009,ELP,TX,ASW,WE,Combined TRACON& Tower with Radar,122,51,35,6,214,0,27,44,13,84,122,78,79,19,298,16,0,16,314
11/18/2009,ELP,TX,ASW,WE,Combined TRACON& Tower with Radar,129,32,42,16,219,0,12,55,14,81,129,44,97,30,300,0,0,0,300
11/19/2009,ELP,TX,ASW,WE,Combined TRACON& Tower with Radar,128,40,41,19,228,0,11,46,25,82,128,51,87,44,310,12,4,16,326
11/20/2009,ELP,TX,ASW,WE,Combined TRACON& Tower with Radar,122,37,39,14,212,0,11,28,20,59,122,48,67,34,271,44,28,72,343
11/21/2009,ELP,TX,ASW,WE,Combined TRACON& Tower with Radar,84,27,27,1,139,0,16,50,6,72,84,43,77,7,211,0,0,0,211
11/22/2009,ELP,TX,ASW,WE,Combined TRACON& Tower with Radar,104,34,24,25,187,0,2,54,9,65,104,36,78,34,252,100,54,154,406
11/23/2009,ELP,TX,ASW,WE,Combined TRACON& Tower with Radar,113,30,45,12,200,0,11,51,15,77,113,41,96,27,277,12,0,12,289
11/24/2009,ELP,TX,ASW,WE,Combined TRACON& Tower with Radar,128,45,34,11,218,0,10,44,7,61,128,55,78,18,279,0,0,0,279
11/25/2009,ELP,TX,ASW,WE,Combined TRACON& Tower with Radar,124,35,19,0,178,0,13,44,7,64,124,48,63,7,242,0,0,0,242
11/26/2009,ELP,TX,ASW,WE,Combined TRACON& Tower with Radar,75,27,13,0,115,0,9,22,6,37,75,36,35,6,152,0,0,0,152
11/27/2009,ELP,TX,ASW,WE,Combined TRACON& Tower with Radar,100,27,27,2,156,0,13,46,8,67,100,40,73,10,223,0,0,0,223
11/28/2009,ELP,TX,ASW,WE,Combined TRACON& Tower with Radar,99,25,12,0,136,0,4,33,6,43,99,29,45,6,179,12,0,12,191
11/29/2009,ELP,TX,ASW,WE,Combined TRACON& Tower with Radar,116,33,42,1,192,0,3,14,3,20,116,36,56,4,212,0,0,0,212
11/30/2009,ELP,TX,ASW,WE,Combined TRACON& Tower with Radar,126,50,18,3,197,0,2,0,0,2,126,52,18,3,199,0,0,0,199
12/01/2009,ELP,TX,ASW,WE,Combined TRACON& Tower with Radar,130,55,33,2,220,0,2,18,5,25,130,57,51,7,245,20,0,20,265
12/02/2009,ELP,TX,ASW,WE,Combined TRACON& Tower with Radar,117,53,52,8,230,0,10,39,11,60,117,63,91,19,290,6,0,6,296
12/03/2009,ELP,TX,ASW,WE,Combined TRACON& Tower with Radar,134,61,39,8,242,0,8,16,14,38,134,69,55,22,280,0,0,0,280
12/04/2009,ELP,TX,ASW,WE,Combined TRACON& Tower with Radar,123,51,45,10,229,0,15,32,19,66,123,66,77,29,295,8,0,8,303
12/05/2009,ELP,TX,ASW,WE,Combined TRACON& Tower with Radar,86,35,14,4,139,0,14,55,6,75,86,49,69,10,214,0,0,0,214
12/06/2009,ELP,TX,ASW,WE,Combined TRACON& Tower with Radar,100,31,27,11,169,0,25,37,3,65,100,56,64,14,234,6,0,6,240
12/07/2009,ELP,TX,ASW,WE,Combined TRACON& Tower with Radar,124,51,33,43,251,0,12,18,10,40,124,63,51,53,291,36,58,94,385
12/08/2009,ELP,TX,ASW,WE,Combined TRACON& Tower with Radar,105,36,26,3,170,0,7,9,6,22,105,43,35,9,192,0,0,0,192
12/09/2009,ELP,TX,ASW,WE,Combined TRACON& Tower with Radar,130,49,31,13,223,0,8,58,14,80,130,57,89,27,303,6,0,6,309
12/10/2009,ELP,TX,ASW,WE,Combined TRACON& Tower with Radar,126,54,61,3,244,0,18,57,10,85,126,72,118,13,329,40,0,40,369
12/11/2009,ELP,TX,ASW,WE,Combined TRACON& Tower with Radar,120,43,34,29,226,0,15,42,14,71,120,58,76,43,297,30,0,30,327
12/12/2009,ELP,TX,ASW,WE,Combined TRACON& Tower with Radar,82,27,18,3,130,0,17,60,0,77,82,44,78,3,207,42,0,42,249
12/13/2009,ELP,TX,ASW,WE,Combined TRACON& Tower with Radar,104,32,42,10,188,0,19,37,1,57,104,51,79,11,245,0,0,0,245
12/14/2009,ELP,TX,ASW,WE,Combined TRACON& Tower with Radar,126,44,25,3,198,0,11,35,13,59,126,55,60,16,257,0,0,0,257
12/15/2009,ELP,TX,ASW,WE,Combined TRACON& Tower with Radar,135,52,54,10,251,0,15,54,13,82,135,67,108,23,333,20,0,20,353
12/16/2009,ELP,TX,ASW,WE,Combined TRACON& Tower with Radar,131,60,39,3,233,0,24,70,18,112,131,84,109,21,345,2,0,2,347
12/17/2009,ELP,TX,ASW,WE,Combined TRACON& Tower with Radar,123,57,57,18,255,0,14,55,23,92,123,71,112,41,347,10,0,10,357
12/18/2009,ELP,TX,ASW,WE,Combined TRACON& Tower with Radar,114,65,47,36,262,0,22,55,11,88,114,87,102,47,350,0,48,48,398
12/19/2009,ELP,TX,ASW,WE,Combined TRACON& Tower with Radar,87,52,19,0,158,0,10,34,9,53,87,62,53,9,211,2,0,2,213
12/20/2009,ELP,TX,ASW,WE,Combined TRACON& Tower with Radar,98,49,8,7,162,0,9,51,5,65,98,58,59,12,227,0,0,0,227
12/21/2009,ELP,TX,ASW,WE,Combined TRACON& Tower with Radar,111,55,27,3,196,0,14,64,5,83,111,69,91,8,279,46,0,46,325
12/22/2009,ELP,TX,ASW,WE,Combined TRACON& Tower with Radar,116,68,19,0,203,0,8,54,4,66,116,76,73,4,269,6,0,6,275
12/23/2009,ELP,TX,ASW,WE,Combined TRACON& Tower with Radar,114,68,13,0,195,0,5,8,1,14,114,73,21,1,209,0,0,0,209
12/24/2009,ELP,TX,ASW,WE,Combined TRACON& Tower with Radar,91,36,20,0,147,0,6,28,4,38,91,42,48,4,185,0,0,0,185
12/25/2009,ELP,TX,ASW,WE,Combined TRACON& Tower with Radar,71,39,8,0,118,0,6,12,3,21,71,45,20,3,139,0,0,0,139
12/26/2009,ELP,TX,ASW,WE,Combined TRACON& Tower with Radar,96,63,54,2,215,0,7,39,5,51,96,70,93,7,266,28,0,28,294
12/27/2009,ELP,TX,ASW,WE,Combined TRACON& Tower with Radar,103,46,37,0,186,0,8,36,0,44,103,54,73,0,230,6,0,6,236
12/28/2009,ELP,TX,ASW,WE,Combined TRACON& Tower with Radar,110,48,41,3,202,0,9,45,1,55,110,57,86,4,257,12,0,12,269
12/29/2009,ELP,TX,ASW,WE,Combined TRACON& Tower with Radar,115,49,12,1,177,0,0,2,1,3,115,49,14,2,180,0,0,0,180
12/30/2009,ELP,TX,ASW,WE,Combined TRACON& Tower with Radar,119,59,44,2,224,0,7,60,1,68,119,66,104,3,292,0,0,0,292
12/31/2009,ELP,TX,ASW,WE,Combined TRACON& Tower with Radar,98,43,43,0,184,0,20,44,3,67,98,63,87,3,251,0,0,0,251
01/01/2010,ELP,TX,ASW,WE,Combined TRACON& Tower with Radar,79,43,13,2,137,0,5,16,12,33,79,48,29,14,170,0,0,0,170
01/02/2010,ELP,TX,ASW,WE,Combined TRACON& Tower with Radar,92,57,30,0,179,0,8,61,2,71,92,65,91,2,250,0,0,0,250
01/03/2010,ELP,TX,ASW,WE,Combined TRACON& Tower with Radar,99,55,44,5,203,0,4,46,0,50,99,59,90,5,253,14,0,14,267
01/04/2010,ELP,TX,ASW,WE,Combined TRACON& Tower with Radar,127,59,15,4,205,0,11,59,5,75,127,70,74,9,280,0,0,0,280
01/05/2010,ELP,TX,ASW,WE,Combined TRACON& Tower with Radar,123,50,36,8,217,0,14,41,14,69,123,64,77,22,286,10,0,10,296
01/06/2010,ELP,TX,ASW,WE,Combined TRACON& Tower with Radar,115,58,56,8,237,0,20,69,17,106,115,78,125,25,343,44,0,44,387
01/07/2010,ELP,TX,ASW,WE,Combined TRACON& Tower with Radar,112,57,37,13,219,0,14,38,10,62,112,71,75,23,281,0,0,0,281
01/08/2010,ELP,TX,ASW,WE,Combined TRACON& Tower with Radar,118,48,37,12,215,0,9,20,19,48,118,57,57,31,263,0,0,0,263
01/09/2010,ELP,TX,ASW,WE,Combined TRACON& Tower with Radar,81,44,29,8,162,0,11,62,8,81,81,55,91,16,243,28,0,28,271
01/10/2010,ELP,TX,ASW,WE,Combined TRACON& Tower with Radar,99,43,29,30,201,0,7,38,4,49,99,50,67,34,250,28,64,92,342
01/11/2010,ELP,TX,ASW,WE,Combined TRACON& Tower with Radar,115,45,23,27,210,0,13,81,7,101,115,58,104,34,311,6,0,6,317
01/12/2010,ELP,TX,ASW,WE,Combined TRACON& Tower with Radar,116,47,30,10,203,0,13,67,24,104,116,60,97,34,307,10,0,10,317
01/13/2010,ELP,TX,ASW,WE,Combined TRACON& Tower with Radar,118,50,59,5,232,0,22,52,19,93,118,72,111,24,325,0,0,0,325
01/14/2010,ELP,TX,ASW,WE,Combined TRACON& Tower with Radar,116,49,52,48,265,0,20,48,16,84,116,69,100,64,349,6,12,18,367
01/15/2010,ELP,TX,ASW,WE,Combined TRACON& Tower with Radar,113,42,39,16,210,0,15,51,18,84,113,57,90,34,294,8,28,36,330
01/16/2010,ELP,TX,ASW,WE,Combined TRACON& Tower with Radar,80,26,48,38,192,0,5,59,15,79,80,31,107,53,271,42,46,88,359
01/17/2010,ELP,TX,ASW,WE,Combined TRACON& Tower with Radar,92,45,26,0,163,1,8,44,0,53,93,53,70,0,216,12,0,12,228
01/18/2010,ELP,TX,ASW,WE,Combined TRACON& Tower with Radar,110,31,19,25,185,0,6,41,5,52,110,37,60,30,237,10,0,10,247
01/19/2010,ELP,TX,ASW,WE,Combined TRACON& Tower with Radar,119,42,47,23,231,0,10,41,6,57,119,52,88,29,288,12,0,12,300
01/20/2010,ELP,TX,ASW,WE,Combined TRACON& Tower with Radar,111,36,25,5,177,0,9,18,10,37,111,45,43,15,214,0,0,0,214
01/21/2010,ELP,TX,ASW,WE,Combined TRACON& Tower with Radar,126,45,35,6,212,0,18,51,10,79,126,63,86,16,291,0,0,0,291
01/22/2010,ELP,TX,ASW,WE,Combined TRACON& Tower with Radar,118,62,19,2,201,0,7,3,0,10,118,69,22,2,211,0,0,0,211
01/23/2010,ELP,TX,ASW,WE,Combined TRACON& Tower with Radar,77,33,13,4,127,0,2,6,1,9,77,35,19,5,136,0,0,0,136
01/24/2010,ELP,TX,ASW,WE,Combined TRACON& Tower with Radar,96,38,10,4,148,0,6,39,3,48,96,44,49,7,196,4,0,4,200
01/25/2010,ELP,TX,ASW,WE,Combined TRACON& Tower with Radar,110,44,21,8,183,0,9,36,14,59,110,53,57,22,242,0,0,0,242
01/26/2010,ELP,TX,ASW,WE,Combined TRACON& Tower with Radar,112,54,47,21,234,0,12,98,12,122,112,66,145,33,356,14,0,14,370
01/27/2010,ELP,TX,ASW,WE,Combined TRACON& Tower with Radar,112,54,61,14,241,0,15,80,15,110,112,69,141,29,351,0,0,0,351
01/28/2010,ELP,TX,ASW,WE,Combined TRACON& Tower with Radar,111,65,39,5,220,0,1,7,6,14,111,66,46,11,234,0,0,0,234
01/29/2010,ELP,TX,ASW,WE,Combined TRACON& Tower with Radar,116,54,59,46,275,0,7,40,13,60,116,61,99,59,335,42,34,76,411
01/30/2010,ELP,TX,ASW,WE,Combined TRACON& Tower with Radar,77,34,26,6,143,0,9,70,4,83,77,43,96,10,226,34,0,34,260
01/31/2010,ELP,TX,ASW,WE,Combined TRACON& Tower with Radar,94,49,23,7,173,0,2,42,1,45,94,51,65,8,218,10,0,10,228
02/01/2010,ELP,TX,ASW,WE,Combined TRACON& Tower with Radar,106,43,46,39,234,0,9,64,15,88,106,52,110,54,322,0,0,0,322
02/02/2010,ELP,TX,ASW,WE,Combined TRACON& Tower with Radar,116,56,24,23,219,0,5,43,10,58,116,61,67,33,277,12,0,12,289
02/03/2010,ELP,TX,ASW,WE,Combined TRACON& Tower with Radar,118,49,11,2,180,0,0,2,2,4,118,49,13,4,184,0,0,0,184
02/04/2010,ELP,TX,ASW,WE,Combined TRACON& Tower with Radar,130,67,39,30,266,0,7,53,11,71,130,74,92,41,337,30,0,30,367
02/05/2010,ELP,TX,ASW,WE,Combined TRACON& Tower with Radar,118,58,33,50,259,0,20,53,28,101,118,78,86,78,360,0,0,0,360
02/06/2010,ELP,TX,ASW,WE,Combined TRACON& Tower with Radar,79,43,30,26,178,0,10,71,13,94,79,53,101,39,272,14,0,14,286
02/07/2010,ELP,TX,ASW,WE,Combined TRACON& Tower with Radar,103,50,20,58,231,0,4,28,5,37,103,54,48,63,268,8,0,8,276
02/08/2010,ELP,TX,ASW,WE,Combined TRACON& Tower with Radar,113,53,26,71,263,0,6,38,19,63,113,59,64,90,326,0,106,106,432
02/09/2010,ELP,TX,ASW,WE,Combined TRACON& Tower with Radar,118,60,58,21,257,0,2,57,23,82,118,62,115,44,339,26,8,34,373
02/10/2010,ELP,TX,ASW,WE,Combined TRACON& Tower with Radar,117,53,44,14,228,0,4,33,18,55,117,57,77,32,283,0,0,0,283
02/11/2010,ELP,TX,ASW,WE,Combined TRACON& Tower with Radar,109,60,34,41,244,0,1,28,18,47,109,61,62,59,291,16,0,16,307
02/12/2010,ELP,TX,ASW,WE,Combined TRACON& Tower with Radar,114,55,75,66,310,0,10,63,21,94,114,65,138,87,404,48,132,180,584
02/13/2010,ELP,TX,ASW,WE,Combined TRACON& Tower with Radar,80,42,23,2,147,0,14,86,6,106,80,56,109,8,253,54,38,92,345
02/14/2010,ELP,TX,ASW,WE,Combined TRACON& Tower with Radar,95,34,16,13,158,0,2,39,3,44,95,36,55,16,202,50,22,72,274
02/15/2010,ELP,TX,ASW,WE,Combined TRACON& Tower with Radar,114,46,42,32,234,0,11,53,6,70,114,57,95,38,304,26,0,26,330
02/16/2010,ELP,TX,ASW,WE,Combined TRACON& Tower with Radar,121,51,44,5,221,0,18,62,10,90,121,69,106,15,311,12,0,12,323
02/17/2010,ELP,TX,ASW,WE,Combined TRACON& Tower with Radar,117,50,33,6,206,0,14,79,12,105,117,64,112,18,311,14,0,14,325
02/18/2010,ELP,TX,ASW,WE,Combined TRACON& Tower with Radar,126,53,53,19,251,0,8,75,9,92,126,61,128,28,343,10,0,10,353
02/19/2010,ELP,TX,ASW,WE,Combined TRACON& Tower with Radar,120,39,44,25,228,0,12,66,24,102,120,51,110,49,330,34,68,102,432
02/20/2010,ELP,TX,ASW,WE,Combined TRACON& Tower with Radar,85,30,31,9,155,0,5,71,7,83,85,35,102,16,238,12,0,12,250
02/21/2010,ELP,TX,ASW,WE,Combined TRACON& Tower with Radar,97,38,38,9,182,0,10,51,6,67,97,48,89,15,249,8,12,20,269
02/22/2010,ELP,TX,ASW,WE,Combined TRACON& Tower with Radar,112,46,28,19,205,0,6,47,12,65,112,52,75,31,270,6,24,30,300
02/23/2010,ELP,TX,ASW,WE,Combined TRACON& Tower with Radar,114,46,32,16,208,0,9,24,10,43,114,55,56,26,251,0,0,0,251
02/24/2010,ELP,TX,ASW,WE,Combined TRACON& Tower with Radar,124,51,34,7,216,0,14,71,24,109,124,65,105,31,325,22,0,22,347
02/25/2010,ELP,TX,ASW,WE,Combined TRACON& Tower with Radar,125,44,42,5,216,0,2,38,3,43,125,46,80,8,259,0,0,0,259
02/26/2010,ELP,TX,ASW,WE,Combined TRACON& Tower with Radar,126,43,29,31,229,0,7,56,17,80,126,50,85,48,309,48,84,132,441
02/27/2010,ELP,TX,ASW,WE,Combined TRACON& Tower with Radar,82,32,25,3,142,0,6,54,14,74,82,38,79,17,216,0,0,0,216
02/28/2010,ELP,TX,ASW,WE,Combined TRACON& Tower with Radar,99,41,27,8,175,0,1,13,1,15,99,42,40,9,190,0,0,0,190
03/01/2010,ELP,TX,ASW,WE,Combined TRACON& Tower with Radar,112,51,29,44,236,0,9,31,8,48,112,60,60,52,284,0,12,12,296
03/02/2010,ELP,TX,ASW,WE,Combined TRACON& Tower with Radar,114,51,41,1,207,0,8,55,9,72,114,59,96,10,279,0,0,0,279
03/03/2010,ELP,TX,ASW,WE,Combined TRACON& Tower with Radar,123,38,47,1,209,0,8,49,15,72,123,46,96,16,281,0,0,0,281
03/04/2010,ELP,TX,ASW,WE,Combined TRACON& Tower with Radar,120,44,39,11,214,0,15,48,15,78,120,59,87,26,292,18,0,18,310
03/05/2010,ELP,TX,ASW,WE,Combined TRACON& Tower with Radar,120,59,39,12,230,0,15,63,13,91,120,74,102,25,321,4,0,4,325
03/06/2010,ELP,TX,ASW,WE,Combined TRACON& Tower with Radar,76,36,25,1,138,0,3,44,3,50,76,39,69,4,188,6,0,6,194
03/07/2010,ELP,TX,ASW,WE,Combined TRACON& Tower with Radar,97,31,33,35,196,0,7,33,1,41,97,38,66,36,237,24,30,54,291
03/08/2010,ELP,TX,ASW,WE,Combined TRACON& Tower with Radar,121,38,26,47,232,0,6,8,5,19,121,44,34,52,251,0,12,12,263
03/09/2010,ELP,TX,ASW,WE,Combined TRACON& Tower with Radar,114,42,37,9,202,0,13,49,11,73,114,55,86,20,275,50,0,50,325
03/10/2010,ELP,TX,ASW,WE,Combined TRACON& Tower with Radar,118,44,23,6,191,0,6,19,11,36,118,50,42,17,227,0,12,12,239
03/11/2010,ELP,TX,ASW,WE,Combined TRACON& Tower with Radar,114,45,37,8,204,0,7,42,9,58,114,52,79,17,262,10,0,10,272
03/12/2010,ELP,TX,ASW,WE,Combined TRACON& Tower with Radar,112,50,40,43,245,0,20,69,22,111,112,70,109,65,356,14,56,70,426
03/13/2010,ELP,TX,ASW,WE,Combined TRACON& Tower with Radar,81,41,27,14,163,0,5,49,12,66,81,46,76,26,229,12,0,12,241
03/14/2010,ELP,TX,ASW,WE,Combined TRACON& Tower with Radar,90,34,14,24,162,0,1,54,6,61,90,35,68,30,223,28,58,86,309
03/15/2010,ELP,TX,ASW,WE,Combined TRACON& Tower with Radar,113,36,35,10,194,0,8,11,13,32,113,44,46,23,226,0,0,0,226
03/16/2010,ELP,TX,ASW,WE,Combined TRACON& Tower with Radar,116,37,32,31,216,0,5,52,12,69,116,42,84,43,285,0,20,20,305
03/17/2010,ELP,TX,ASW,WE,Combined TRACON& Tower with Radar,125,53,45,4,227,0,13,66,19,98,125,66,111,23,325,38,0,38,363
03/18/2010,ELP,TX,ASW,WE,Combined TRACON& Tower with Radar,119,69,42,15,245,0,21,63,20,104,119,90,105,35,349,52,0,52,401
03/19/2010,ELP,TX,ASW,WE,Combined TRACON& Tower with Radar,127,48,38,40,253,0,9,39,6,54,127,57,77,46,307,24,20,44,351
03/20/2010,ELP,TX,ASW,WE,Combined TRACON& Tower with Radar,82,40,35,1,158,0,8,39,6,53,82,48,74,7,211,72,0,72,283
03/21/2010,ELP,TX,ASW,WE,Combined TRACON& Tower with Radar,93,36,26,11,166,0,10,49,5,64,93,46,75,16,230,8,0,8,238
03/22/2010,ELP,TX,ASW,WE,Combined TRACON& Tower with Radar,113,37,33,11,194,0,21,62,7,90,113,58,95,18,284,64,0,64,348
03/23/2010,ELP,TX,ASW,WE,Combined TRACON& Tower with Radar,113,42,28,8,191,0,10,36,12,58,113,52,64,20,249,6,0,6,255
03/24/2010,ELP,TX,ASW,WE,Combined TRACON& Tower with Radar,119,46,45,16,226,0,19,45,12,76,119,65,90,28,302,0,20,20,322
03/25/2010,ELP,TX,ASW,WE,Combined TRACON& Tower with Radar,123,55,44,7,229,0,13,45,14,72,123,68,89,21,301,6,0,6,307
03/26/2010,ELP,TX,ASW,WE,Combined TRACON& Tower with Radar,121,66,35,6,228,0,12,24,6,42,121,78,59,12,270,46,0,46,316
03/27/2010,ELP,TX,ASW,WE,Combined TRACON& Tower with Radar,83,59,27,4,173,0,6,32,7,45,83,65,59,11,218,0,0,0,218
03/28/2010,ELP,TX,ASW,WE,Combined TRACON& Tower with Radar,92,44,34,15,185,0,16,62,6,84,92,60,96,21,269,24,0,24,293
03/29/2010,ELP,TX,ASW,WE,Combined TRACON& Tower with Radar,113,55,22,3,193,0,6,55,5,66,113,61,77,8,259,40,0,40,299
03/30/2010,ELP,TX,ASW,WE,Combined TRACON& Tower with Radar,119,60,39,6,224,0,8,53,7,68,119,68,92,13,292,12,0,12,304
03/31/2010,ELP,TX,ASW,WE,Combined TRACON& Tower with Radar,115,60,17,7,199,0,12,28,8,48,115,72,45,15,247,54,0,54,301
04/01/2010,ELP,TX,ASW,WE,Combined TRACON& Tower with Radar,114,48,27,11,200,0,3,15,5,23,114,51,42,16,223,0,0,0,223
04/02/2010,ELP,TX,ASW,WE,Combined TRACON& Tower with Radar,108,42,30,20,200,0,3,36,5,44,108,45,66,25,244,30,0,30,274
04/03/2010,ELP,TX,ASW,WE,Combined TRACON& Tower with Radar,80,31,31,24,166,0,15,36,4,55,80,46,67,28,221,60,42,102,323
04/04/2010,ELP,TX,ASW,WE,Combined TRACON& Tower with Radar,89,51,23,20,183,0,6,32,3,41,89,57,55,23,224,10,0,10,234
04/05/2010,ELP,TX,ASW,WE,Combined TRACON& Tower with Radar,116,45,42,8,211,0,8,33,4,45,116,53,75,12,256,58,0,58,314
04/06/2010,ELP,TX,ASW,WE,Combined TRACON& Tower with Radar,127,41,28,28,224,0,14,29,7,50,127,55,57,35,274,10,96,106,380
04/07/2010,ELP,TX,ASW,WE,Combined TRACON& Tower with Radar,124,35,25,30,214,0,10,35,20,65,124,45,60,50,279,0,0,0,279
04/08/2010,ELP,TX,ASW,WE,Combined TRACON& Tower with Radar,121,44,29,3,197,0,10,65,14,89,121,54,94,17,286,6,0,6,292
04/09/2010,ELP,TX,ASW,WE,Combined TRACON& Tower with Radar,123,44,26,61,254,0,8,63,4,75,123,52,89,65,329,33,0,33,362
04/10/2010,ELP,TX,ASW,WE,Combined TRACON& Tower with Radar,92,27,17,2,138,0,8,63,8,79,92,35,80,10,217,86,0,86,303
04/11/2010,ELP,TX,ASW,WE,Combined TRACON& Tower with Radar,96,44,36,24,200,0,4,56,5,65,96,48,92,29,265,28,54,82,347
04/12/2010,ELP,TX,ASW,WE,Combined TRACON& Tower with Radar,120,36,34,13,203,0,6,43,7,56,120,42,77,20,259,30,0,30,289
04/13/2010,ELP,TX,ASW,WE,Combined TRACON& Tower with Radar,127,43,25,18,213,0,21,54,3,78,127,64,79,21,291,66,20,86,377
04/14/2010,ELP,TX,ASW,WE,Combined TRACON& Tower with Radar,123,43,42,4,212,0,11,39,10,60,123,54,81,14,272,4,0,4,276
04/15/2010,ELP,TX,ASW,WE,Combined TRACON& Tower with Radar,125,45,39,28,237,0,8,43,16,67,125,53,82,44,304,4,22,26,330
04/16/2010,ELP,TX,ASW,WE,Combined TRACON& Tower with Radar,121,53,42,31,247,0,8,41,8,57,121,61,83,39,304,0,0,0,304
04/17/2010,ELP,TX,ASW,WE,Combined TRACON& Tower with Radar,88,26,23,2,139,0,7,35,1,43,88,33,58,3,182,12,0,12,194
04/18/2010,ELP,TX,ASW,WE,Combined TRACON& Tower with Radar,97,36,37,27,197,0,6,44,6,56,97,42,81,33,253,62,0,62,315
04/19/2010,ELP,TX,ASW,WE,Combined TRACON& Tower with Radar,121,46,37,3,207,0,15,44,5,64,121,61,81,8,271,12,0,12,283
04/20/2010,ELP,TX,ASW,WE,Combined TRACON& Tower with Radar,124,45,25,15,209,0,10,55,9,74,124,55,80,24,283,32,0,32,315
04/21/2010,ELP,TX,ASW,WE,Combined TRACON& Tower with Radar,130,37,36,10,213,0,5,50,16,71,130,42,86,26,284,0,0,0,284
04/22/2010,ELP,TX,ASW,WE,Combined TRACON& Tower with Radar,126,50,32,13,221,0,5,37,5,47,126,55,69,18,268,12,0,12,280
04/23/2010,ELP,TX,ASW,WE,Combined TRACON& Tower with Radar,121,41,49,22,233,0,3,19,8,30,121,44,68,30,263,0,0,0,263
04/24/2010,ELP,TX,ASW,WE,Combined TRACON& Tower with Radar,87,28,21,4,140,0,8,50,4,62,87,36,71,8,202,32,38,70,272
04/25/2010,ELP,TX,ASW,WE,Combined TRACON& Tower with Radar,96,35,13,12,156,0,8,54,4,66,96,43,67,16,222,12,0,12,234
04/26/2010,ELP,TX,ASW,WE,Combined TRACON& Tower with Radar,121,34,23,16,194,0,10,55,5,70,121,44,78,21,264,18,0,18,282
04/27/2010,ELP,TX,ASW,WE,Combined TRACON& Tower with Radar,128,37,28,11,204,0,7,51,11,69,128,44,79,22,273,4,8,12,285
04/28/2010,ELP,TX,ASW,WE,Combined TRACON& Tower with Radar,126,40,43,28,237,0,8,32,15,55,126,48,75,43,292,4,0,4,296
04/29/2010,ELP,TX,ASW,WE,Combined TRACON& Tower with Radar,117,43,24,0,184,0,3,6,1,10,117,46,30,1,194,0,0,0,194
04/30/2010,ELP,TX,ASW,WE,Combined TRACON& Tower with Radar,118,49,31,45,243,0,10,24,4,38,118,59,55,49,281,10,0,10,291
05/01/2010,ELP,TX,ASW,WE,Combined TRACON& Tower with Radar,85,26,21,6,138,0,0,52,1,53,85,26,73,7,191,42,0,42,233
05/02/2010,ELP,TX,ASW,WE,Combined TRACON& Tower with Radar,96,45,28,17,186,0,6,16,7,29,96,51,44,24,215,26,0,26,241
05/03/2010,ELP,TX,ASW,WE,Combined TRACON& Tower with Radar,111,49,24,5,189,0,6,42,5,53,111,55,66,10,242,24,0,24,266
05/04/2010,ELP,TX,ASW,WE,Combined TRACON& Tower with Radar,120,33,23,12,188,0,7,58,12,77,120,40,81,24,265,0,0,0,265
05/05/2010,ELP,TX,ASW,WE,Combined TRACON& Tower with Radar,121,45,27,6,199,0,4,54,31,89,121,49,81,37,288,38,6,44,332
05/06/2010,ELP,TX,ASW,WE,Combined TRACON& Tower with Radar,124,49,26,3,202,0,6,25,30,61,124,55,51,33,263,16,0,16,279
05/07/2010,ELP,TX,ASW,WE,Combined TRACON& Tower with Radar,125,40,20,19,204,0,18,26,10,54,125,58,46,29,258,10,0,10,268
05/08/2010,ELP,TX,ASW,WE,Combined TRACON& Tower with Radar,89,31,19,5,144,0,2,13,8,23,89,33,32,13,167,0,0,0,167
05/09/2010,ELP,TX,ASW,WE,Combined TRACON& Tower with Radar,104,30,22,22,178,0,4,34,10,48,104,34,56,32,226,26,0,26,252
05/10/2010,ELP,TX,ASW,WE,Combined TRACON& Tower with Radar,120,34,32,4,190,0,4,13,4,21,120,38,45,8,211,0,0,0,211
05/11/2010,ELP,TX,ASW,WE,Combined TRACON& Tower with Radar,124,35,27,2,188,0,11,28,11,50,124,46,55,13,238,14,6,20,258
05/12/2010,ELP,TX,ASW,WE,Combined TRACON& Tower with Radar,130,55,35,4,224,0,17,40,17,74,130,72,75,21,298,16,0,16,314
05/13/2010,ELP,TX,ASW,WE,Combined TRACON& Tower with Radar,131,51,42,18,242,0,11,50,10,71,131,62,92,28,313,48,6,54,367
05/14/2010,ELP,TX,ASW,WE,Combined TRACON& Tower with Radar,139,45,42,66,292,0,11,45,20,76,139,56,87,86,368,8,76,84,452
05/15/2010,ELP,TX,ASW,WE,Combined TRACON& Tower with Radar,88,25,27,1,141,0,0,32,5,37,88,25,59,6,178,66,2,68,246
05/16/2010,ELP,TX,ASW,WE,Combined TRACON& Tower with Radar,108,32,28,15,183,0,2,38,3,43,108,34,66,18,226,58,60,118,344
05/17/2010,ELP,TX,ASW,WE,Combined TRACON& Tower with Radar,123,47,15,6,191,0,7,33,3,43,123,54,48,9,234,8,0,8,242
05/18/2010,ELP,TX,ASW,WE,Combined TRACON& Tower with Radar,124,49,36,4,213,0,20,28,9,57,124,69,64,13,270,0,0,0,270
05/19/2010,ELP,TX,ASW,WE,Combined TRACON& Tower with Radar,130,50,33,15,228,0,14,68,18,100,130,64,101,33,328,14,0,14,342
05/20/2010,ELP,TX,ASW,WE,Combined TRACON& Tower with Radar,129,47,24,25,225,0,6,36,12,54,129,53,60,37,279,46,0,46,325
05/21/2010,ELP,TX,ASW,WE,Combined TRACON& Tower with Radar,120,40,32,3,195,0,8,31,8,47,120,48,63,11,242,0,0,0,242
05/22/2010,ELP,TX,ASW,WE,Combined TRACON& Tower with Radar,89,36,19,8,152,0,5,32,6,43,89,41,51,14,195,46,0,46,241
05/23/2010,ELP,TX,ASW,WE,Combined TRACON& Tower with Radar,102,34,38,19,193,0,5,33,9,47,102,39,71,28,240,34,54,88,328
05/24/2010,ELP,TX,ASW,WE,Combined TRACON& Tower with Radar,120,43,26,7,196,0,8,28,10,46,120,51,54,17,242,4,0,4,246
05/25/2010,ELP,TX,ASW,WE,Combined TRACON& Tower with Radar,124,35,28,2,189,0,6,40,17,63,124,41,68,19,252,0,0,0,252
05/26/2010,ELP,TX,ASW,WE,Combined TRACON& Tower with Radar,130,45,26,10,211,0,9,27,14,50,130,54,53,24,261,4,10,14,275
05/27/2010,ELP,TX,ASW,WE,Combined TRACON& Tower with Radar,131,48,18,4,201,0,14,28,5,47,131,62,46,9,248,16,0,16,264
05/28/2010,ELP,TX,ASW,WE,Combined TRACON& Tower with Radar,124,48,32,5,209,0,4,27,1,32,124,52,59,6,241,0,0,0,241
05/29/2010,ELP,TX,ASW,WE,Combined TRACON& Tower with Radar,89,31,28,7,155,0,3,41,0,44,89,34,69,7,199,36,16,52,251
05/30/2010,ELP,TX,ASW,WE,Combined TRACON& Tower with Radar,80,28,21,0,129,0,10,36,0,46,80,38,57,0,175,0,0,0,175
05/31/2010,ELP,TX,ASW,WE,Combined TRACON& Tower with Radar,103,41,22,15,181,0,8,43,0,51,103,49,65,15,232,6,0,6,238
06/01/2010,ELP,TX,ASW,WE,Combined TRACON& Tower with Radar,123,34,29,6,192,0,14,27,3,44,123,48,56,9,236,34,16,50,286
06/02/2010,ELP,TX,ASW,WE,Combined TRACON& Tower with Radar,127,44,24,10,205,0,14,25,5,44,127,58,49,15,249,0,0,0,249
06/03/2010,ELP,TX,ASW,WE,Combined TRACON& Tower with Radar,125,41,30,13,209,0,6,41,8,55,125,47,71,21,264,0,14,14,278
06/04/2010,ELP,TX,ASW,WE,Combined TRACON& Tower with Radar,121,57,22,18,218,0,5,35,5,45,121,62,57,23,263,16,0,16,279
06/05/2010,ELP,TX,ASW,WE,Combined TRACON& Tower with Radar,89,36,26,0,151,0,4,46,3,53,89,40,72,3,204,0,0,0,204
06/06/2010,ELP,TX,ASW,WE,Combined TRACON& Tower with Radar,100,42,16,3,161,0,6,23,1,30,100,48,39,4,191,0,0,0,191
06/07/2010,ELP,TX,ASW,WE,Combined TRACON& Tower with Radar,124,41,29,2,196,0,10,18,6,34,124,51,47,8,230,16,0,16,246
06/08/2010,ELP,TX,ASW,WE,Combined TRACON& Tower with Radar,122,51,18,4,195,0,6,39,11,56,122,57,57,15,251,22,0,22,273
06/09/2010,ELP,TX,ASW,WE,Combined TRACON& Tower with Radar,128,44,33,16,221,0,11,58,13,82,128,55,91,29,303,10,0,10,313
06/10/2010,ELP,TX,ASW,WE,Combined TRACON& Tower with Radar,127,64,63,8,262,0,9,39,9,57,127,73,102,17,319,0,0,0,319
06/11/2010,ELP,TX,ASW,WE,Combined TRACON& Tower with Radar,125,62,28,14,229,0,10,63,15,88,125,72,91,29,317,4,0,4,321
06/12/2010,ELP,TX,ASW,WE,Combined TRACON& Tower with Radar,89,37,26,3,155,0,8,41,5,54,89,45,67,8,209,4,0,4,213
06/13/2010,ELP,TX,ASW,WE,Combined TRACON& Tower with Radar,107,49,35,27,218,0,3,42,5,50,107,52,77,32,268,0,0,0,268
06/14/2010,ELP,TX,ASW,WE,Combined TRACON& Tower with Radar,116,46,28,5,195,0,10,33,17,60,116,56,61,22,255,0,0,0,255
06/15/2010,ELP,TX,ASW,WE,Combined TRACON& Tower with Radar,127,49,26,24,226,0,11,39,19,69,127,60,65,43,295,24,0,24,319
06/16/2010,ELP,TX,ASW,WE,Combined TRACON& Tower with Radar,125,49,44,8,226,0,10,38,12,60,125,59,82,20,286,0,0,0,286
06/17/2010,ELP,TX,ASW,WE,Combined TRACON& Tower with Radar,128,53,50,24,255,0,7,47,11,65,128,60,97,35,320,12,50,62,382
06/18/2010,ELP,TX,ASW,WE,Combined TRACON& Tower with Radar,119,49,40,10,218,0,11,25,10,46,119,60,65,20,264,0,0,0,264
06/19/2010,ELP,TX,ASW,WE,Combined TRACON& Tower with Radar,92,34,14,6,146,0,2,44,11,57,92,36,58,17,203,0,0,0,203
06/20/2010,ELP,TX,ASW,WE,Combined TRACON& Tower with Radar,109,43,18,2,172,0,5,32,4,41,109,48,50,6,213,0,0,0,213
06/21/2010,ELP,TX,ASW,WE,Combined TRACON& Tower with Radar,114,45,31,1,191,0,12,45,12,69,114,57,76,13,260,0,0,0,260
06/22/2010,ELP,TX,ASW,WE,Combined TRACON& Tower with Radar,129,45,46,0,220,0,13,43,17,73,129,58,89,17,293,0,0,0,293
06/23/2010,ELP,TX,ASW,WE,Combined TRACON& Tower with Radar,129,69,35,0,233,0,7,40,11,58,129,76,75,11,291,9,0,9,300
06/24/2010,ELP,TX,ASW,WE,Combined TRACON& Tower with Radar,132,63,23,0,218,0,10,31,17,58,132,73,54,17,276,12,0,12,288
06/25/2010,ELP,TX,ASW,WE,Combined TRACON& Tower with Radar,129,60,24,16,229,0,7,35,21,63,129,67,59,37,292,0,0,0,292
06/26/2010,ELP,TX,ASW,WE,Combined TRACON& Tower with Radar,89,41,11,4,145,0,0,35,7,42,89,41,46,11,187,0,0,0,187
06/27/2010,ELP,TX,ASW,WE,Combined TRACON& Tower with Radar,105,31,14,13,163,0,8,40,7,55,105,39,54,20,218,32,0,32,250
06/28/2010,ELP,TX,ASW,WE,Combined TRACON& Tower with Radar,114,50,22,25,211,0,17,29,6,52,114,67,51,31,263,10,0,10,273
06/29/2010,ELP,TX,ASW,WE,Combined TRACON& Tower with Radar,132,50,23,10,215,0,4,32,21,57,132,54,55,31,272,46,0,46,318
06/30/2010,ELP,TX,ASW,WE,Combined TRACON& Tower with Radar,138,62,25,5,230,0,14,23,15,52,138,76,48,20,282,20,0,20,302
07/01/2010,ELP,TX,ASW,WE,Combined TRACON& Tower with Radar,134,60,43,5,242,0,5,26,10,41,134,65,69,15,283,10,0,10,293
07/02/2010,ELP,TX,ASW,WE,Combined TRACON& Tower with Radar,120,42,15,10,187,0,8,48,19,75,120,50,63,29,262,68,0,68,330
07/03/2010,ELP,TX,ASW,WE,Combined TRACON& Tower with Radar,95,26,6,0,127,0,1,39,3,43,95,27,45,3,170,40,0,40,210
07/04/2010,ELP,TX,ASW,WE,Combined TRACON& Tower with Radar,70,18,16,0,104,0,7,28,5,40,70,25,44,5,144,20,0,20,164
07/05/2010,ELP,TX,ASW,WE,Combined TRACON& Tower with Radar,100,32,21,0,153,0,15,44,1,60,100,47,65,1,213,42,0,42,255
07/06/2010,ELP,TX,ASW,WE,Combined TRACON& Tower with Radar,115,37,16,3,171,0,5,25,11,41,115,42,41,14,212,2,0,2,214
07/07/2010,ELP,TX,ASW,WE,Combined TRACON& Tower with Radar,127,42,33,9,211,0,8,41,12,61,127,50,74,21,272,0,0,0,272
07/08/2010,ELP,TX,ASW,WE,Combined TRACON& Tower with Radar,126,42,29,8,205,0,10,46,20,76,126,52,75,28,281,6,16,22,303
07/09/2010,ELP,TX,ASW,WE,Combined TRACON& Tower with Radar,125,36,25,32,218,0,11,49,10,70,125,47,74,42,288,36,40,76,364
07/10/2010,ELP,TX,ASW,WE,Combined TRACON& Tower with Radar,92,38,23,6,159,0,4,37,8,49,92,42,60,14,208,14,0,14,222
07/11/2010,ELP,TX,ASW,WE,Combined TRACON& Tower with Radar,105,38,12,6,161,0,1,25,3,29,105,39,37,9,190,0,0,0,190
07/12/2010,ELP,TX,ASW,WE,Combined TRACON& Tower with Radar,119,38,36,13,206,0,8,25,7,40,119,46,61,20,246,16,4,20,266
07/13/2010,ELP,TX,ASW,WE,Combined TRACON& Tower with Radar,128,34,45,2,209,0,10,38,9,57,128,44,83,11,266,6,0,6,272
07/14/2010,ELP,TX,ASW,WE,Combined TRACON& Tower with Radar,128,39,26,2,195,0,6,58,17,81,128,45,84,19,276,0,0,0,276
07/15/2010,ELP,TX,ASW,WE,Combined TRACON& Tower with Radar,123,37,32,5,197,0,9,28,9,46,123,46,60,14,243,0,0,0,243
07/16/2010,ELP,TX,ASW,WE,Combined TRACON& Tower with Radar,123,38,22,9,192,1,1,34,10,46,124,39,56,19,238,23,0,23,261
07/17/2010,ELP,TX,ASW,WE,Combined TRACON& Tower with Radar,90,34,10,8,142,0,12,55,2,69,90,46,65,10,211,4,0,4,215
07/18/2010,ELP,TX,ASW,WE,Combined TRACON& Tower with Radar,106,33,14,8,161,0,5,48,4,57,106,38,62,12,218,0,0,0,218
07/19/2010,ELP,TX,ASW,WE,Combined TRACON& Tower with Radar,113,35,25,6,179,0,8,50,7,65,113,43,75,13,244,24,0,24,268
07/20/2010,ELP,TX,ASW,WE,Combined TRACON& Tower with Radar,129,47,18,17,211,0,8,70,12,90,129,55,88,29,301,0,0,0,301
07/21/2010,ELP,TX,ASW,WE,Combined TRACON& Tower with Radar,123,50,27,9,209,0,4,49,18,71,123,54,76,27,280,8,0,8,288
07/22/2010,ELP,TX,ASW,WE,Combined TRACON& Tower with Radar,122,45,39,4,210,0,6,49,7,62,122,51,88,11,272,0,0,0,272
07/23/2010,ELP,TX,ASW,WE,Combined TRACON& Tower with Radar,113,41,14,23,191,2,10,62,8,82,115,51,76,31,273,70,0,70,343
07/24/2010,ELP,TX,ASW,WE,Combined TRACON& Tower with Radar,93,38,7,2,140,0,5,44,1,50,93,43,51,3,190,20,0,20,210
07/25/2010,ELP,TX,ASW,WE,Combined TRACON& Tower with Radar,102,35,22,7,166,0,5,46,0,51,102,40,68,7,217,24,0,24,241
07/26/2010,ELP,TX,ASW,WE,Combined TRACON& Tower with Radar,118,41,23,2,184,0,8,53,5,66,118,49,76,7,250,0,0,0,250
07/27/2010,ELP,TX,ASW,WE,Combined TRACON& Tower with Radar,128,50,19,0,197,0,8,44,7,59,128,58,63,7,256,4,4,8,264
07/28/2010,ELP,TX,ASW,WE,Combined TRACON& Tower with Radar,122,51,36,4,213,0,11,45,5,61,122,62,81,9,274,18,0,18,292
07/29/2010,ELP,TX,ASW,WE,Combined TRACON& Tower with Radar,125,43,27,1,196,0,13,53,3,69,125,56,80,4,265,30,0,30,295
07/30/2010,ELP,TX,ASW,WE,Combined TRACON& Tower with Radar,123,44,29,8,204,0,5,38,5,48,123,49,67,13,252,0,0,0,252
07/31/2010,ELP,TX,ASW,WE,Combined TRACON& Tower with Radar,93,36,15,0,144,0,2,48,1,51,93,38,63,1,195,50,0,50,245
08/01/2010,ELP,TX,ASW,WE,Combined TRACON& Tower with Radar,103,43,36,7,189,0,7,37,0,44,103,50,73,7,233,28,8,36,269
08/02/2010,ELP,TX,ASW,WE,Combined TRACON& Tower with Radar,120,34,26,13,193,1,11,39,2,53,121,45,65,15,246,0,0,0,246
08/03/2010,ELP,TX,ASW,WE,Combined TRACON& Tower with Radar,132,50,25,2,209,0,5,49,5,59,132,55,74,7,268,8,0,8,276
08/04/2010,ELP,TX,ASW,WE,Combined TRACON& Tower with Radar,129,50,30,3,212,0,2,46,3,51,129,52,76,6,263,16,0,16,279
08/05/2010,ELP,TX,ASW,WE,Combined TRACON& Tower with Radar,140,52,30,14,236,0,10,38,2,50,140,62,68,16,286,0,0,0,286
08/06/2010,ELP,TX,ASW,WE,Combined TRACON& Tower with Radar,124,46,24,16,210,0,4,46,1,51,124,50,70,17,261,0,0,0,261
08/07/2010,ELP,TX,ASW,WE,Combined TRACON& Tower with Radar,93,43,14,9,159,0,6,47,1,54,93,49,61,10,213,0,0,0,213
08/08/2010,ELP,TX,ASW,WE,Combined TRACON& Tower with Radar,107,39,20,3,169,0,5,36,2,43,107,44,56,5,212,0,0,0,212
08/09/2010,ELP,TX,ASW,WE,Combined TRACON& Tower with Radar,119,39,16,1,175,0,13,40,7,60,119,52,56,8,235,0,0,0,235
08/10/2010,ELP,TX,ASW,WE,Combined TRACON& Tower with Radar,125,50,19,0,194,0,6,48,5,59,125,56,67,5,253,11,0,11,264
08/11/2010,ELP,TX,ASW,WE,Combined TRACON& Tower with Radar,133,43,33,0,209,0,14,53,4,71,133,57,86,4,280,10,0,10,290
08/12/2010,ELP,TX,ASW,WE,Combined TRACON& Tower with Radar,129,54,31,10,224,0,7,65,0,72,129,61,96,10,296,0,0,0,296
08/13/2010,ELP,TX,ASW,WE,Combined TRACON& Tower with Radar,127,46,24,5,202,0,12,40,4,56,127,58,64,9,258,0,0,0,258
08/14/2010,ELP,TX,ASW,WE,Combined TRACON& Tower with Radar,88,38,19,2,147,0,13,39,2,54,88,51,58,4,201,20,0,20,221
08/15/2010,ELP,TX,ASW,WE,Combined TRACON& Tower with Radar,101,39,24,3,167,0,10,40,3,53,101,49,64,6,220,0,0,0,220
08/16/2010,ELP,TX,ASW,WE,Combined TRACON& Tower with Radar,116,50,46,0,212,0,16,21,3,40,116,66,67,3,252,0,0,0,252
08/17/2010,ELP,TX,ASW,WE,Combined TRACON& Tower with Radar,124,43,48,11,226,0,13,43,3,59,124,56,91,14,285,16,0,16,301
08/18/2010,ELP,TX,ASW,WE,Combined TRACON& Tower with Radar,131,51,29,1,212,0,8,29,5,42,131,59,58,6,254,0,0,0,254
08/19/2010,ELP,TX,ASW,WE,Combined TRACON& Tower with Radar,129,56,40,11,236,0,8,41,0,49,129,64,81,11,285,0,0,0,285
08/20/2010,ELP,TX,ASW,WE,Combined TRACON& Tower with Radar,126,39,37,8,210,0,6,31,4,41,126,45,68,12,251,0,0,0,251
08/21/2010,ELP,TX,ASW,WE,Combined TRACON& Tower with Radar,90,27,16,7,140,0,8,49,0,57,90,35,65,7,197,12,12,24,221
08/22/2010,ELP,TX,ASW,WE,Combined TRACON& Tower with Radar,103,33,14,8,158,0,5,28,4,37,103,38,42,12,195,0,16,16,211
08/23/2010,ELP,TX,ASW,WE,Combined TRACON& Tower with Radar,119,40,20,5,184,0,8,37,3,48,119,48,57,8,232,0,0,0,232
08/24/2010,ELP,TX,ASW,WE,Combined TRACON& Tower with Radar,123,51,30,5,209,0,11,19,1,31,123,62,49,6,240,0,0,0,240
08/25/2010,ELP,TX,ASW,WE,Combined TRACON& Tower with Radar,125,41,31,0,197,0,8,49,11,68,125,49,80,11,265,0,0,0,265
08/26/2010,ELP,TX,ASW,WE,Combined TRACON& Tower with Radar,124,55,29,0,208,0,20,57,6,83,124,75,86,6,291,26,0,26,317
08/27/2010,ELP,TX,ASW,WE,Combined TRACON& Tower with Radar,121,50,18,28,217,0,16,47,13,76,121,66,65,41,293,0,0,0,293
08/28/2010,ELP,TX,ASW,WE,Combined TRACON& Tower with Radar,88,30,19,2,139,0,16,49,2,67,88,46,68,4,206,24,0,24,230
08/29/2010,ELP,TX,ASW,WE,Combined TRACON& Tower with Radar,101,32,15,28,176,0,2,30,5,37,101,34,45,33,213,6,0,6,219
08/30/2010,ELP,TX,ASW,WE,Combined TRACON& Tower with Radar,115,40,16,2,173,0,9,34,4,47,115,49,50,6,220,0,0,0,220
08/31/2010,ELP,TX,ASW,WE,Combined TRACON& Tower with Radar,120,37,22,0,179,0,3,27,3,33,120,40,49,3,212,0,0,0,212
09/01/2010,ELP,TX,ASW,WE,Combined TRACON& Tower with Radar,126,43,22,5,196,0,9,50,4,63,126,52,72,9,259,0,0,0,259
09/02/2010,ELP,TX,ASW,WE,Combined TRACON& Tower with Radar,131,50,15,3,199,0,14,41,2,57,131,64,56,5,256,0,0,0,256
09/03/2010,ELP,TX,ASW,WE,Combined TRACON& Tower with Radar,130,46,29,1,206,0,14,37,2,53,130,60,66,3,259,0,0,0,259
09/04/2010,ELP,TX,ASW,WE,Combined TRACON& Tower with Radar,89,21,7,2,119,0,6,38,7,51,89,27,45,9,170,22,0,22,192
09/05/2010,ELP,TX,ASW,WE,Combined TRACON& Tower with Radar,81,21,7,0,109,0,4,22,0,26,81,25,29,0,135,0,0,0,135
09/06/2010,ELP,TX,ASW,WE,Combined TRACON& Tower with Radar,95,38,17,13,163,0,14,35,0,49,95,52,52,13,212,20,26,46,258
09/07/2010,ELP,TX,ASW,WE,Combined TRACON& Tower with Radar,120,49,28,6,203,0,10,47,10,67,120,59,75,16,270,20,0,20,290
09/08/2010,ELP,TX,ASW,WE,Combined TRACON& Tower with Radar,128,63,15,90,296,0,15,28,7,50,128,78,43,97,346,0,104,104,450
09/09/2010,ELP,TX,ASW,WE,Combined TRACON& Tower with Radar,123,45,43,19,230,0,8,53,8,69,123,53,96,27,299,0,48,48,347
09/10/2010,ELP,TX,ASW,WE,Combined TRACON& Tower with Radar,134,46,40,8,228,0,12,48,1,61,134,58,88,9,289,0,0,0,289
09/11/2010,ELP,TX,ASW,WE,Combined TRACON& Tower with Radar,89,24,17,1,131,0,11,40,5,56,89,35,57,6,187,0,0,0,187
09/12/2010,ELP,TX,ASW,WE,Combined TRACON& Tower with Radar,105,38,18,18,179,0,19,42,1,62,105,57,60,19,241,0,0,0,241
09/13/2010,ELP,TX,ASW,WE,Combined TRACON& Tower with Radar,122,38,43,9,212,0,9,26,1,36,122,47,69,10,248,10,0,10,258
09/14/2010,ELP,TX,ASW,WE,Combined TRACON& Tower with Radar,126,50,42,3,221,0,6,43,10,59,126,56,85,13,280,0,0,0,280
09/15/2010,ELP,TX,ASW,WE,Combined TRACON& Tower with Radar,122,48,28,8,206,0,14,54,4,72,122,62,82,12,278,0,0,0,278
09/16/2010,ELP,TX,ASW,WE,Combined TRACON& Tower with Radar,123,42,29,5,199,0,5,43,3,51,123,47,72,8,250,0,0,0,250
09/17/2010,ELP,TX,ASW,WE,Combined TRACON& Tower with Radar,124,52,31,11,218,0,11,37,4,52,124,63,68,15,270,0,0,0,270
09/18/2010,ELP,TX,ASW,WE,Combined TRACON& Tower with Radar,88,28,19,5,140,0,7,51,4,62,88,35,70,9,202,0,0,0,202
09/19/2010,ELP,TX,ASW,WE,Combined TRACON& Tower with Radar,99,48,20,6,173,0,0,33,0,33,99,48,53,6,206,10,0,10,216
09/20/2010,ELP,TX,ASW,WE,Combined TRACON& Tower with Radar,118,52,29,18,217,0,8,30,3,41,118,60,59,21,258,0,12,12,270
09/21/2010,ELP,TX,ASW,WE,Combined TRACON& Tower with Radar,131,57,29,8,225,0,11,32,2,45,131,68,61,10,270,6,0,6,276
09/22/2010,ELP,TX,ASW,WE,Combined TRACON& Tower with Radar,126,57,21,2,206,0,9,25,5,39,126,66,46,7,245,0,0,0,245
09/23/2010,ELP,TX,ASW,WE,Combined TRACON& Tower with Radar,123,59,42,13,237,0,8,22,7,37,123,67,64,20,274,0,20,20,294
09/24/2010,ELP,TX,ASW,WE,Combined TRACON& Tower with Radar,125,52,33,6,216,0,10,46,3,59,125,62,79,9,275,0,0,0,275
09/25/2010,ELP,TX,ASW,WE,Combined TRACON& Tower with Radar,86,28,19,2,135,0,0,35,10,45,86,28,54,12,180,20,0,20,200
09/26/2010,ELP,TX,ASW,WE,Combined TRACON& Tower with Radar,105,28,11,4,148,0,4,46,1,51,105,32,57,5,199,6,0,6,205
09/27/2010,ELP,TX,ASW,WE,Combined TRACON& Tower with Radar,126,43,18,6,193,0,4,46,3,53,126,47,64,9,246,18,0,18,264
09/28/2010,ELP,TX,ASW,WE,Combined TRACON& Tower with Radar,126,55,26,7,214,0,2,46,6,54,126,57,72,13,268,0,0,0,268
09/29/2010,ELP,TX,ASW,WE,Combined TRACON& Tower with Radar,130,49,38,6,223,0,0,65,4,69,130,49,103,10,292,0,0,0,292
09/30/2010,ELP,TX,ASW,WE,Combined TRACON& Tower with Radar,134,50,18,13,215,0,7,50,18,75,134,57,68,31,290,0,0,0,290
10/01/2010,ELP,TX,ASW,WE,Combined TRACON& Tower with Radar,124,60,12,79,275,0,11,40,11,62,124,71,52,90,337,0,0,0,337
10/02/2010,ELP,TX,ASW,WE,Combined TRACON& Tower with Radar,93,24,9,6,132,0,7,41,0,48,93,31,50,6,180,32,0,32,212
10/03/2010,ELP,TX,ASW,WE,Combined TRACON& Tower with Radar,99,38,18,14,169,0,9,37,2,48,99,47,55,16,217,12,0,12,229
10/04/2010,ELP,TX,ASW,WE,Combined TRACON& Tower with Radar,120,40,26,9,195,0,9,44,4,57,120,49,70,13,252,0,0,0,252
10/05/2010,ELP,TX,ASW,WE,Combined TRACON& Tower with Radar,127,48,22,2,199,0,8,41,1,50,127,56,63,3,249,60,0,60,309
10/06/2010,ELP,TX,ASW,WE,Combined TRACON& Tower with Radar,129,40,20,3,192,0,9,57,7,73,129,49,77,10,265,42,0,42,307
10/07/2010,ELP,TX,ASW,WE,Combined TRACON& Tower with Radar,129,44,20,2,195,0,6,74,4,84,129,50,94,6,279,8,0,8,287
10/08/2010,ELP,TX,ASW,WE,Combined TRACON& Tower with Radar,127,49,17,2,195,0,12,53,5,70,127,61,70,7,265,0,0,0,265
10/09/2010,ELP,TX,ASW,WE,Combined TRACON& Tower with Radar,87,32,13,1,133,0,14,43,4,61,87,46,56,5,194,0,0,0,194
10/10/2010,ELP,TX,ASW,WE,Combined TRACON& Tower with Radar,98,37,10,0,145,0,10,46,0,56,98,47,56,0,201,16,0,16,217
10/11/2010,ELP,TX,ASW,WE,Combined TRACON& Tower with Radar,118,51,20,1,190,0,7,45,1,53,118,58,65,2,243,10,0,10,253
10/12/2010,ELP,TX,ASW,WE,Combined TRACON& Tower with Radar,127,49,31,7,214,0,13,43,1,57,127,62,74,8,271,6,0,6,277
10/13/2010,ELP,TX,ASW,WE,Combined TRACON& Tower with Radar,127,42,26,10,205,0,13,42,4,59,127,55,68,14,264,0,0,0,264
10/14/2010,ELP,TX,ASW,WE,Combined TRACON& Tower with Radar,124,46,34,11,215,0,9,67,4,80,124,55,101,15,295,0,0,0,295
10/15/2010,ELP,TX,ASW,WE,Combined TRACON& Tower with Radar,129,48,16,10,203,0,16,46,3,65,129,64,62,13,268,0,0,0,268
10/16/2010,ELP,TX,ASW,WE,Combined TRACON& Tower with Radar,87,37,3,9,136,0,18,38,2,58,87,55,41,11,194,0,0,0,194
10/17/2010,ELP,TX,ASW,WE,Combined TRACON& Tower with Radar,100,33,12,3,148,0,3,36,4,43,100,36,48,7,191,0,0,0,191
10/18/2010,ELP,TX,ASW,WE,Combined TRACON& Tower with Radar,115,49,14,9,187,0,13,45,1,59,115,62,59,10,246,0,0,0,246
10/19/2010,ELP,TX,ASW,WE,Combined TRACON& Tower with Radar,127,53,25,7,212,0,20,48,3,71,127,73,73,10,283,0,0,0,283
10/20/2010,ELP,TX,ASW,WE,Combined TRACON& Tower with Radar,129,46,33,4,212,0,13,46,2,61,129,59,79,6,273,2,0,2,275
10/21/2010,ELP,TX,ASW,WE,Combined TRACON& Tower with Radar,124,55,31,12,222,0,7,37,4,48,124,62,68,16,270,0,0,0,270
10/22/2010,ELP,TX,ASW,WE,Combined TRACON& Tower with Radar,128,56,25,21,230,0,14,40,7,61,128,70,65,28,291,20,0,20,311
10/23/2010,ELP,TX,ASW,WE,Combined TRACON& Tower with Radar,98,35,20,4,157,0,12,32,6,50,98,47,52,10,207,36,0,36,243
10/24/2010,ELP,TX,ASW,WE,Combined TRACON& Tower with Radar,96,38,27,12,173,0,3,30,0,33,96,41,57,12,206,0,0,0,206
10/25/2010,ELP,TX,ASW,WE,Combined TRACON& Tower with Radar,125,51,25,3,204,0,6,19,0,25,125,57,44,3,229,0,0,0,229
10/26/2010,ELP,TX,ASW,WE,Combined TRACON& Tower with Radar,126,74,29,0,229,0,23,41,2,66,126,97,70,2,295,14,0,14,309
10/27/2010,ELP,TX,ASW,WE,Combined TRACON& Tower with Radar,139,69,32,0,240,0,22,49,0,71,139,91,81,0,311,0,0,0,311
10/28/2010,ELP,TX,ASW,WE,Combined TRACON& Tower with Radar,134,75,33,7,249,0,7,56,2,65,134,82,89,9,314,0,0,0,314
10/29/2010,ELP,TX,ASW,WE,Combined TRACON& Tower with Radar,132,52,34,8,226,0,19,56,3,78,132,71,90,11,304,12,0,12,316
10/30/2010,ELP,TX,ASW,WE,Combined TRACON& Tower with Radar,90,36,24,2,152,0,7,42,0,49,90,43,66,2,201,0,0,0,201
10/31/2010,ELP,TX,ASW,WE,Combined TRACON& Tower with Radar,92,28,14,8,142,0,19,57,1,77,92,47,71,9,219,30,0,30,249
11/01/2010,ELP,TX,ASW,WE,Combined TRACON& Tower with Radar,117,46,18,23,204,0,9,22,9,40,117,55,40,32,244,0,0,0,244
11/02/2010,ELP,TX,ASW,WE,Combined TRACON& Tower with Radar,126,43,16,21,206,0,8,53,7,68,126,51,69,28,274,22,0,22,296
11/03/2010,ELP,TX,ASW,WE,Combined TRACON& Tower with Radar,125,44,18,13,200,0,14,38,3,55,125,58,56,16,255,0,4,4,259
11/04/2010,ELP,TX,ASW,WE,Combined TRACON& Tower with Radar,127,52,28,1,208,0,7,65,3,75,127,59,93,4,283,8,0,8,291
11/05/2010,ELP,TX,ASW,WE,Combined TRACON& Tower with Radar,120,50,18,13,201,0,5,52,1,58,120,55,70,14,259,12,0,12,271
11/06/2010,ELP,TX,ASW,WE,Combined TRACON& Tower with Radar,84,37,17,8,146,0,10,37,1,48,84,47,54,9,194,2,0,2,196
11/07/2010,ELP,TX,ASW,WE,Combined TRACON& Tower with Radar,100,37,20,10,167,0,2,37,2,41,100,39,57,12,208,0,0,0,208
11/08/2010,ELP,TX,ASW,WE,Combined TRACON& Tower with Radar,109,64,28,45,246,0,11,23,4,38,109,75,51,49,284,4,16,20,304
11/09/2010,ELP,TX,ASW,WE,Combined TRACON& Tower with Radar,126,55,26,9,216,0,5,36,9,50,126,60,62,18,266,0,0,0,266
11/10/2010,ELP,TX,ASW,WE,Combined TRACON& Tower with Radar,118,65,25,17,225,0,4,65,2,71,118,69,90,19,296,72,0,72,368
11/11/2010,ELP,TX,ASW,WE,Combined TRACON& Tower with Radar,123,56,29,2,210,0,4,44,0,48,123,60,73,2,258,0,0,0,258
11/12/2010,ELP,TX,ASW,WE,Combined TRACON& Tower with Radar,116,65,27,66,274,0,7,41,7,55,116,72,68,73,329,6,36,42,371
11/13/2010,ELP,TX,ASW,WE,Combined TRACON& Tower with Radar,87,32,22,13,154,0,6,29,4,39,87,38,51,17,193,12,0,12,205
11/14/2010,ELP,TX,ASW,WE,Combined TRACON& Tower with Radar,98,39,29,5,171,0,2,25,3,30,98,41,54,8,201,10,0,10,211
11/15/2010,ELP,TX,ASW,WE,Combined TRACON& Tower with Radar,105,37,27,3,172,0,5,29,0,34,105,42,56,3,206,0,0,0,206
11/16/2010,ELP,TX,ASW,WE,Combined TRACON& Tower with Radar,120,49,32,9,210,0,6,49,3,58,120,55,81,12,268,32,10,42,310
11/17/2010,ELP,TX,ASW,WE,Combined TRACON& Tower with Radar,123,53,23,4,203,0,9,39,2,50,123,62,62,6,253,0,0,0,253
11/18/2010,ELP,TX,ASW,WE,Combined TRACON& Tower with Radar,116,55,35,22,228,0,8,80,5,93,116,63,115,27,321,34,0,34,355
11/19/2010,ELP,TX,ASW,WE,Combined TRACON& Tower with Radar,125,57,30,16,228,4,8,52,5,69,129,65,82,21,297,20,0,20,317
11/20/2010,ELP,TX,ASW,WE,Combined TRACON& Tower with Radar,94,38,29,5,166,0,12,47,1,60,94,50,76,6,226,24,0,24,250
11/21/2010,ELP,TX,ASW,WE,Combined TRACON& Tower with Radar,92,44,19,27,182,1,7,16,3,27,93,51,35,30,209,0,0,0,209
11/22/2010,ELP,TX,ASW,WE,Combined TRACON& Tower with Radar,120,71,47,6,244,0,6,31,7,44,120,77,78,13,288,24,0,24,312
11/23/2010,ELP,TX,ASW,WE,Combined TRACON& Tower with Radar,126,58,38,6,228,0,4,49,2,55,126,62,87,8,283,10,0,10,293
11/24/2010,ELP,TX,ASW,WE,Combined TRACON& Tower with Radar,127,47,25,5,204,0,1,41,0,42,127,48,66,5,246,4,0,4,250
11/25/2010,ELP,TX,ASW,WE,Combined TRACON& Tower with Radar,73,34,7,0,114,0,3,20,0,23,73,37,27,0,137,0,0,0,137
11/26/2010,ELP,TX,ASW,WE,Combined TRACON& Tower with Radar,105,43,14,7,169,0,3,49,2,54,105,46,63,9,223,14,0,14,237
11/27/2010,ELP,TX,ASW,WE,Combined TRACON& Tower with Radar,94,35,20,3,152,0,5,37,2,44,94,40,57,5,196,14,0,14,210
11/28/2010,ELP,TX,ASW,WE,Combined TRACON& Tower with Radar,111,41,16,0,168,0,6,18,1,25,111,47,34,1,193,6,0,6,199
11/29/2010,ELP,TX,ASW,WE,Combined TRACON& Tower with Radar,113,46,24,4,187,1,9,14,3,27,114,55,38,7,214,0,0,0,214
11/30/2010,ELP,TX,ASW,WE,Combined TRACON& Tower with Radar,115,50,23,5,193,0,11,38,1,50,115,61,61,6,243,4,0,4,247
12/01/2010,ELP,TX,ASW,WE,Combined TRACON& Tower with Radar,120,48,35,2,205,0,6,47,1,54,120,54,82,3,259,18,0,18,277
12/02/2010,ELP,TX,ASW,WE,Combined TRACON& Tower with Radar,118,61,22,11,212,0,12,41,4,57,118,73,63,15,269,0,0,0,269
12/03/2010,ELP,TX,ASW,WE,Combined TRACON& Tower with Radar,112,53,25,16,206,0,20,53,3,76,112,73,78,19,282,4,0,4,286
12/04/2010,ELP,TX,ASW,WE,Combined TRACON& Tower with Radar,83,26,15,5,129,0,15,29,2,46,83,41,44,7,175,4,0,4,179
12/05/2010,ELP,TX,ASW,WE,Combined TRACON& Tower with Radar,98,44,11,5,158,0,7,48,1,56,98,51,59,6,214,32,0,32,246
12/06/2010,ELP,TX,ASW,WE,Combined TRACON& Tower with Radar,107,52,20,10,189,0,13,33,2,48,107,65,53,12,237,60,0,60,297
12/07/2010,ELP,TX,ASW,WE,Combined TRACON& Tower with Radar,116,48,30,4,198,0,9,51,2,62,116,57,81,6,260,6,0,6,266
12/08/2010,ELP,TX,ASW,WE,Combined TRACON& Tower with Radar,123,42,26,10,201,0,9,50,5,64,123,51,76,15,265,0,0,0,265
12/09/2010,ELP,TX,ASW,WE,Combined TRACON& Tower with Radar,120,81,40,14,255,0,19,61,8,88,120,100,101,22,343,4,0,4,347
12/10/2010,ELP,TX,ASW,WE,Combined TRACON& Tower with Radar,118,52,16,28,214,0,11,41,4,56,118,63,57,32,270,18,0,18,288
12/11/2010,ELP,TX,ASW,WE,Combined TRACON& Tower with Radar,87,36,22,29,174,0,3,32,9,44,87,39,54,38,218,6,12,18,236
12/12/2010,ELP,TX,ASW,WE,Combined TRACON& Tower with Radar,94,47,17,11,169,0,12,44,4,60,94,59,61,15,229,0,0,0,229
12/13/2010,ELP,TX,ASW,WE,Combined TRACON& Tower with Radar,112,47,25,27,211,0,20,44,3,67,112,67,69,30,278,0,0,0,278
12/14/2010,ELP,TX,ASW,WE,Combined TRACON& Tower with Radar,118,55,34,9,216,0,8,65,1,74,118,63,99,10,290,0,0,0,290
12/15/2010,ELP,TX,ASW,WE,Combined TRACON& Tower with Radar,128,50,40,23,241,0,11,66,5,82,128,61,106,28,323,20,0,20,343
12/16/2010,ELP,TX,ASW,WE,Combined TRACON& Tower with Radar,137,80,30,10,257,0,20,78,5,103,137,100,108,15,360,14,0,14,374
12/17/2010,ELP,TX,ASW,WE,Combined TRACON& Tower with Radar,132,83,36,38,289,0,9,68,11,88,132,92,104,49,377,0,0,0,377
12/18/2010,ELP,TX,ASW,WE,Combined TRACON& Tower with Radar,84,52,35,6,177,0,5,50,2,57,84,57,85,8,234,12,0,12,246
12/19/2010,ELP,TX,ASW,WE,Combined TRACON& Tower with Radar,100,41,28,29,198,0,1,33,2,36,100,42,61,31,234,0,0,0,234
12/20/2010,ELP,TX,ASW,WE,Combined TRACON& Tower with Radar,110,60,31,8,209,0,9,38,0,47,110,69,69,8,256,4,0,4,260
12/21/2010,ELP,TX,ASW,WE,Combined TRACON& Tower with Radar,123,62,21,15,221,0,14,53,6,73,123,76,74,21,294,0,10,10,304
12/22/2010,ELP,TX,ASW,WE,Combined TRACON& Tower with Radar,130,79,26,5,240,0,4,50,1,55,130,83,76,6,295,30,4,34,329
12/23/2010,ELP,TX,ASW,WE,Combined TRACON& Tower with Radar,132,50,29,5,216,0,12,39,0,51,132,62,68,5,267,0,0,0,267
12/24/2010,ELP,TX,ASW,WE,Combined TRACON& Tower with Radar,87,35,4,1,127,0,8,24,0,32,87,43,28,1,159,0,0,0,159
12/25/2010,ELP,TX,ASW,WE,Combined TRACON& Tower with Radar,61,37,6,2,106,0,2,16,0,18,61,39,22,2,124,6,0,6,130
12/26/2010,ELP,TX,ASW,WE,Combined TRACON& Tower with Radar,102,57,47,1,207,0,2,45,0,47,102,59,92,1,254,20,0,20,274
12/27/2010,ELP,TX,ASW,WE,Combined TRACON& Tower with Radar,111,53,12,14,190,0,8,39,1,48,111,61,51,15,238,14,20,34,272
12/28/2010,ELP,TX,ASW,WE,Combined TRACON& Tower with Radar,117,48,8,4,177,0,8,46,0,54,117,56,54,4,231,14,0,14,245
12/29/2010,ELP,TX,ASW,WE,Combined TRACON& Tower with Radar,118,48,13,6,185,0,8,25,0,33,118,56,38,6,218,0,0,0,218
12/30/2010,ELP,TX,ASW,WE,Combined TRACON& Tower with Radar,122,56,26,0,204,0,2,6,0,8,122,58,32,0,212,0,0,0,212
12/31/2010,ELP,TX,ASW,WE,Combined TRACON& Tower with Radar,91,62,17,0,170,0,4,24,2,30,91,66,41,2,200,0,0,0,200
01/01/2011,ELP,TX,ASW,WE,Combined TRACON& Tower with Radar,73,50,16,2,141,0,7,20,0,27,73,57,36,2,168,6,0,6,174
01/02/2011,ELP,TX,ASW,WE,Combined TRACON& Tower with Radar,98,63,21,0,182,0,1,37,0,38,98,64,58,0,220,6,0,6,226
01/03/2011,ELP,TX,ASW,WE,Combined TRACON& Tower with Radar,114,55,31,2,202,0,8,34,1,43,114,63,65,3,245,14,0,14,259
01/04/2011,ELP,TX,ASW,WE,Combined TRACON& Tower with Radar,131,43,21,9,204,0,4,34,1,39,131,47,55,10,243,0,0,0,243
01/05/2011,ELP,TX,ASW,WE,Combined TRACON& Tower with Radar,123,38,23,10,194,0,2,37,2,41,123,40,60,12,235,0,0,0,235
01/06/2011,ELP,TX,ASW,WE,Combined TRACON& Tower with Radar,126,38,40,27,231,0,3,56,6,65,126,41,96,33,296,20,0,20,316
01/07/2011,ELP,TX,ASW,WE,Combined TRACON& Tower with Radar,121,51,15,44,231,0,7,33,8,48,121,58,48,52,279,0,0,0,279
01/08/2011,ELP,TX,ASW,WE,Combined TRACON& Tower with Radar,84,37,26,15,162,0,3,43,9,55,84,40,69,24,217,56,34,90,307
01/09/2011,ELP,TX,ASW,WE,Combined TRACON& Tower with Radar,90,30,14,1,135,0,3,22,3,28,90,33,36,4,163,0,0,0,163
01/10/2011,ELP,TX,ASW,WE,Combined TRACON& Tower with Radar,114,43,25,49,231,0,13,47,13,73,114,56,72,62,304,12,0,12,316
01/11/2011,ELP,TX,ASW,WE,Combined TRACON& Tower with Radar,117,52,35,10,214,0,8,49,2,59,117,60,84,12,273,36,14,50,323
01/12/2011,ELP,TX,ASW,WE,Combined TRACON& Tower with Radar,124,42,27,7,200,0,6,39,3,48,124,48,66,10,248,0,0,0,248
01/13/2011,ELP,TX,ASW,WE,Combined TRACON& Tower with Radar,123,47,41,7,218,0,11,52,6,69,123,58,93,13,287,0,0,0,287
01/14/2011,ELP,TX,ASW,WE,Combined TRACON& Tower with Radar,119,40,29,62,250,0,7,49,5,61,119,47,78,67,311,22,76,98,409
01/15/2011,ELP,TX,ASW,WE,Combined TRACON& Tower with Radar,83,22,30,13,148,0,2,57,0,59,83,24,87,13,207,48,18,66,273
01/16/2011,ELP,TX,ASW,WE,Combined TRACON& Tower with Radar,96,41,20,6,163,0,11,36,0,47,96,52,56,6,210,12,0,12,222
01/17/2011,ELP,TX,ASW,WE,Combined TRACON& Tower with Radar,103,37,29,22,191,0,8,45,4,57,103,45,74,26,248,8,0,8,256
01/18/2011,ELP,TX,ASW,WE,Combined TRACON& Tower with Radar,116,34,25,12,187,0,10,36,2,48,116,44,61,14,235,0,12,12,247
01/19/2011,ELP,TX,ASW,WE,Combined TRACON& Tower with Radar,123,50,52,6,231,0,5,32,0,37,123,55,84,6,268,0,0,0,268
01/20/2011,ELP,TX,ASW,WE,Combined TRACON& Tower with Radar,118,43,27,2,190,0,12,55,3,70,118,55,82,5,260,38,0,38,298
01/21/2011,ELP,TX,ASW,WE,Combined TRACON& Tower with Radar,121,41,17,44,223,0,2,59,7,68,121,43,76,51,291,34,28,62,353
01/22/2011,ELP,TX,ASW,WE,Combined TRACON& Tower with Radar,76,32,32,4,144,0,7,69,2,78,76,39,101,6,222,0,0,0,222
01/23/2011,ELP,TX,ASW,WE,Combined TRACON& Tower with Radar,96,37,17,3,153,0,2,29,3,34,96,39,46,6,187,2,0,2,189
01/24/2011,ELP,TX,ASW,WE,Combined TRACON& Tower with Radar,105,47,18,5,175,0,13,57,2,72,105,60,75,7,247,0,4,4,251
01/25/2011,ELP,TX,ASW,WE,Combined TRACON& Tower with Radar,117,43,37,11,208,0,9,69,3,81,117,52,106,14,289,4,0,4,293
01/26/2011,ELP,TX,ASW,WE,Combined TRACON& Tower with Radar,122,37,33,11,203,0,6,66,2,74,122,43,99,13,277,32,0,32,309
01/27/2011,ELP,TX,ASW,WE,Combined TRACON& Tower with Radar,126,54,36,11,227,0,6,69,4,79,126,60,105,15,306,34,0,34,340
01/28/2011,ELP,TX,ASW,WE,Combined TRACON& Tower with Radar,122,58,30,52,262,0,4,75,18,97,122,62,105,70,359,42,22,64,423
01/29/2011,ELP,TX,ASW,WE,Combined TRACON& Tower with Radar,82,28,19,6,135,0,10,45,2,57,82,38,64,8,192,8,0,8,200
01/30/2011,ELP,TX,ASW,WE,Combined TRACON& Tower with Radar,95,38,28,10,171,0,3,55,7,65,95,41,83,17,236,0,0,0,236
01/31/2011,ELP,TX,ASW,WE,Combined TRACON& Tower with Radar,117,49,36,6,208,0,9,44,6,59,117,58,80,12,267,36,0,36,303
02/01/2011,ELP,TX,ASW,WE,Combined TRACON& Tower with Radar,91,41,22,16,170,0,4,23,3,30,91,45,45,19,200,0,0,0,200
02/02/2011,ELP,TX,ASW,WE,Combined TRACON& Tower with Radar,100,54,12,2,168,0,1,0,0,1,100,55,12,2,169,0,0,0,169
02/03/2011,ELP,TX,ASW,WE,Combined TRACON& Tower with Radar,116,51,17,14,198,0,8,23,1,32,116,59,40,15,230,0,0,0,230
02/04/2011,ELP,TX,ASW,WE,Combined TRACON& Tower with Radar,109,71,21,91,292,0,14,25,13,52,109,85,46,104,344,0,42,42,386
02/05/2011,ELP,TX,ASW,WE,Combined TRACON& Tower with Radar,84,40,24,4,152,0,2,56,1,59,84,42,80,5,211,38,0,38,249
02/06/2011,ELP,TX,ASW,WE,Combined TRACON& Tower with Radar,91,41,17,31,180,0,11,27,2,40,91,52,44,33,220,0,6,6,226
02/07/2011,ELP,TX,ASW,WE,Combined TRACON& Tower with Radar,106,47,31,2,186,0,6,45,0,51,106,53,76,2,237,4,0,4,241
02/08/2011,ELP,TX,ASW,WE,Combined TRACON& Tower with Radar,118,58,48,8,232,0,9,20,11,40,118,67,68,19,272,0,0,0,272
02/09/2011,ELP,TX,ASW,WE,Combined TRACON& Tower with Radar,112,56,22,16,206,0,9,28,3,40,112,65,50,19,246,18,0,18,264
02/10/2011,ELP,TX,ASW,WE,Combined TRACON& Tower with Radar,130,57,36,33,256,0,14,57,10,81,130,71,93,43,337,8,12,20,357
02/11/2011,ELP,TX,ASW,WE,Combined TRACON& Tower with Radar,120,63,25,44,252,0,12,80,6,98,120,75,105,50,350,24,0,24,374
02/12/2011,ELP,TX,ASW,WE,Combined TRACON& Tower with Radar,83,29,18,9,139,0,8,70,1,79,83,37,88,10,218,14,6,20,238
02/13/2011,ELP,TX,ASW,WE,Combined TRACON& Tower with Radar,94,34,18,36,182,0,8,32,3,43,94,42,50,39,225,36,40,76,301
02/14/2011,ELP,TX,ASW,WE,Combined TRACON& Tower with Radar,119,47,26,10,202,0,26,49,6,81,119,73,75,16,283,76,0,76,359
02/15/2011,ELP,TX,ASW,WE,Combined TRACON& Tower with Radar,123,55,28,8,214,0,21,70,12,103,123,76,98,20,317,0,0,0,317
02/16/2011,ELP,TX,ASW,WE,Combined TRACON& Tower with Radar,131,48,22,17,218,0,8,40,5,53,131,56,62,22,271,10,10,20,291
02/17/2011,ELP,TX,ASW,WE,Combined TRACON& Tower with Radar,128,67,25,38,258,0,5,24,2,31,128,72,49,40,289,0,4,4,293
02/18/2011,ELP,TX,ASW,WE,Combined TRACON& Tower with Radar,122,53,27,3,205,0,17,34,2,53,122,70,61,5,258,18,0,18,276
02/19/2011,ELP,TX,ASW,WE,Combined TRACON& Tower with Radar,88,51,14,7,160,0,4,34,0,38,88,55,48,7,198,20,12,32,230
02/20/2011,ELP,TX,ASW,WE,Combined TRACON& Tower with Radar,92,32,19,2,145,0,4,16,0,20,92,36,35,2,165,0,0,0,165
02/21/2011,ELP,TX,ASW,WE,Combined TRACON& Tower with Radar,112,45,25,6,188,0,15,40,0,55,112,60,65,6,243,10,0,10,253
02/22/2011,ELP,TX,ASW,WE,Combined TRACON& Tower with Radar,121,57,27,40,245,0,10,44,7,61,121,67,71,47,306,0,0,0,306
02/23/2011,ELP,TX,ASW,WE,Combined TRACON& Tower with Radar,126,49,37,4,216,0,7,53,2,62,126,56,90,6,278,27,0,27,305
02/24/2011,ELP,TX,ASW,WE,Combined TRACON& Tower with Radar,139,61,32,10,242,0,7,24,0,31,139,68,56,10,273,0,0,0,273
02/25/2011,ELP,TX,ASW,WE,Combined TRACON& Tower with Radar,128,51,26,21,226,0,12,46,5,63,128,63,72,26,289,0,0,0,289
02/26/2011,ELP,TX,ASW,WE,Combined TRACON& Tower with Radar,91,51,14,4,160,0,11,27,1,39,91,62,41,5,199,52,0,52,251
02/27/2011,ELP,TX,ASW,WE,Combined TRACON& Tower with Radar,88,61,16,2,167,0,0,2,0,2,88,61,18,2,169,30,0,30,199
02/28/2011,ELP,TX,ASW,WE,Combined TRACON& Tower with Radar,117,43,22,6,188,0,11,40,2,53,117,54,62,8,241,12,0,12,253
03/01/2011,ELP,TX,ASW,WE,Combined TRACON& Tower with Radar,124,59,33,9,225,0,10,59,3,72,124,69,92,12,297,26,0,26,323
03/02/2011,ELP,TX,ASW,WE,Combined TRACON& Tower with Radar,126,49,30,14,219,0,7,45,9,61,126,56,75,23,280,16,0,16,296
03/03/2011,ELP,TX,ASW,WE,Combined TRACON& Tower with Radar,126,50,41,4,221,0,5,40,0,45,126,55,81,4,266,0,0,0,266
03/04/2011,ELP,TX,ASW,WE,Combined TRACON& Tower with Radar,126,54,27,43,250,0,4,28,4,36,126,58,55,47,286,0,0,0,286
03/05/2011,ELP,TX,ASW,WE,Combined TRACON& Tower with Radar,81,40,22,9,152,0,17,53,0,70,81,57,75,9,222,0,0,0,222
03/06/2011,ELP,TX,ASW,WE,Combined TRACON& Tower with Radar,92,43,13,34,182,0,6,32,4,42,92,49,45,38,224,10,20,30,254
03/07/2011,ELP,TX,ASW,WE,Combined TRACON& Tower with Radar,117,56,19,11,203,0,5,22,0,27,117,61,41,11,230,0,0,0,230
03/08/2011,ELP,TX,ASW,WE,Combined TRACON& Tower with Radar,119,59,25,11,214,0,3,22,1,26,119,62,47,12,240,0,16,16,256
03/09/2011,ELP,TX,ASW,WE,Combined TRACON& Tower with Radar,128,60,15,7,210,0,12,57,2,71,128,72,72,9,281,22,0,22,303
03/10/2011,ELP,TX,ASW,WE,Combined TRACON& Tower with Radar,125,60,24,11,220,0,9,59,1,69,125,69,83,12,289,30,0,30,319
03/11/2011,ELP,TX,ASW,WE,Combined TRACON& Tower with Radar,128,47,37,15,227,0,8,56,3,67,128,55,93,18,294,40,60,100,394
03/12/2011,ELP,TX,ASW,WE,Combined TRACON& Tower with Radar,87,46,13,8,154,0,10,33,1,44,87,56,46,9,198,40,8,48,246
03/13/2011,ELP,TX,ASW,WE,Combined TRACON& Tower with Radar,95,42,32,30,199,0,5,18,0,23,95,47,50,30,222,6,6,12,234
03/14/2011,ELP,TX,ASW,WE,Combined TRACON& Tower with Radar,121,55,17,9,202,0,10,38,1,49,121,65,55,10,251,0,0,0,251
03/15/2011,ELP,TX,ASW,WE,Combined TRACON& Tower with Radar,123,70,34,0,227,0,9,49,6,64,123,79,83,6,291,0,0,0,291
03/16/2011,ELP,TX,ASW,WE,Combined TRACON& Tower with Radar,124,63,22,17,226,0,6,48,3,57,124,69,70,20,283,0,15,15,298
03/17/2011,ELP,TX,ASW,WE,Combined TRACON& Tower with Radar,127,52,32,4,215,0,15,46,3,64,127,67,78,7,279,10,0,10,289
03/18/2011,ELP,TX,ASW,WE,Combined TRACON& Tower with Radar,122,57,48,26,253,0,8,69,1,78,122,65,117,27,331,54,0,54,385
03/19/2011,ELP,TX,ASW,WE,Combined TRACON& Tower with Radar,85,40,31,8,164,0,5,50,2,57,85,45,81,10,221,0,0,0,221
03/20/2011,ELP,TX,ASW,WE,Combined TRACON& Tower with Radar,92,48,35,11,186,0,18,50,3,71,92,66,85,14,257,14,0,14,271
03/21/2011,ELP,TX,ASW,WE,Combined TRACON& Tower with Radar,114,52,22,11,199,0,8,26,2,36,114,60,48,13,235,0,0,0,235
03/22/2011,ELP,TX,ASW,WE,Combined TRACON& Tower with Radar,125,61,24,11,221,0,9,24,1,34,125,70,48,12,255,0,0,0,255
03/23/2011,ELP,TX,ASW,WE,Combined TRACON& Tower with Radar,125,58,44,8,235,0,5,48,3,56,125,63,92,11,291,0,0,0,291
03/24/2011,ELP,TX,ASW,WE,Combined TRACON& Tower with Radar,130,69,39,25,263,0,5,35,0,40,130,74,74,25,303,8,0,8,311
03/25/2011,ELP,TX,ASW,WE,Combined TRACON& Tower with Radar,123,61,15,47,246,0,13,42,6,61,123,74,57,53,307,12,0,12,319
03/26/2011,ELP,TX,ASW,WE,Combined TRACON& Tower with Radar,85,41,10,4,140,0,7,39,0,46,85,48,49,4,186,0,0,0,186
03/27/2011,ELP,TX,ASW,WE,Combined TRACON& Tower with Radar,96,49,32,12,189,0,4,39,4,47,96,53,71,16,236,0,16,16,252
03/28/2011,ELP,TX,ASW,WE,Combined TRACON& Tower with Radar,124,51,18,33,226,0,10,48,5,63,124,61,66,38,289,0,60,60,349
03/29/2011,ELP,TX,ASW,WE,Combined TRACON& Tower with Radar,124,56,30,40,250,0,4,61,4,69,124,60,91,44,319,28,0,28,347
03/30/2011,ELP,TX,ASW,WE,Combined TRACON& Tower with Radar,128,55,30,13,226,0,13,44,6,63,128,68,74,19,289,18,0,18,307
03/31/2011,ELP,TX,ASW,WE,Combined TRACON& Tower with Radar,127,56,31,7,221,0,7,52,2,61,127,63,83,9,282,0,0,0,282
04/01/2011,ELP,TX,ASW,WE,Combined TRACON& Tower with Radar,128,43,51,4,226,0,22,30,6,58,128,65,81,10,284,0,0,0,284
04/02/2011,ELP,TX,ASW,WE,Combined TRACON& Tower with Radar,83,45,16,2,146,0,11,37,4,52,83,56,53,6,198,0,0,0,198
04/03/2011,ELP,TX,ASW,WE,Combined TRACON& Tower with Radar,98,37,10,7,152,0,9,20,1,30,98,46,30,8,182,0,0,0,182
04/04/2011,ELP,TX,ASW,WE,Combined TRACON& Tower with Radar,114,39,17,17,187,0,7,14,22,43,114,46,31,39,230,0,46,46,276
04/05/2011,ELP,TX,ASW,WE,Combined TRACON& Tower with Radar,121,48,33,9,211,0,13,68,1,82,121,61,101,10,293,0,0,0,293
04/06/2011,ELP,TX,ASW,WE,Combined TRACON& Tower with Radar,121,53,27,5,206,0,7,41,4,52,121,60,68,9,258,0,0,0,258
04/07/2011,ELP,TX,ASW,WE,Combined TRACON& Tower with Radar,124,59,27,3,213,0,7,41,0,48,124,66,68,3,261,0,0,0,261
04/08/2011,ELP,TX,ASW,WE,Combined TRACON& Tower with Radar,121,53,24,24,222,0,24,40,0,64,121,77,64,24,286,0,6,6,292
04/09/2011,ELP,TX,ASW,WE,Combined TRACON& Tower with Radar,80,32,14,8,134,0,3,10,0,13,80,35,24,8,147,0,12,12,159
04/10/2011,ELP,TX,ASW,WE,Combined TRACON& Tower with Radar,91,37,25,4,157,0,9,22,5,36,91,46,47,9,193,0,0,0,193
04/11/2011,ELP,TX,ASW,WE,Combined TRACON& Tower with Radar,115,45,22,9,191,0,10,50,2,62,115,55,72,11,253,0,0,0,253
04/12/2011,ELP,TX,ASW,WE,Combined TRACON& Tower with Radar,115,43,40,10,208,0,6,42,2,50,115,49,82,12,258,0,0,0,258
04/13/2011,ELP,TX,ASW,WE,Combined TRACON& Tower with Radar,123,49,36,11,219,0,6,44,4,54,123,55,80,15,273,0,10,10,283
04/14/2011,ELP,TX,ASW,WE,Combined TRACON& Tower with Radar,129,46,22,12,209,0,4,29,0,33,129,50,51,12,242,0,0,0,242
04/15/2011,ELP,TX,ASW,WE,Combined TRACON& Tower with Radar,120,50,34,17,221,7,9,70,6,92,127,59,104,23,313,0,0,0,313
04/16/2011,ELP,TX,ASW,WE,Combined TRACON& Tower with Radar,85,44,26,6,161,0,6,66,0,72,85,50,92,6,233,50,0,50,283
04/17/2011,ELP,TX,ASW,WE,Combined TRACON& Tower with Radar,93,50,16,8,167,0,9,40,1,50,93,59,56,9,217,4,0,4,221
04/18/2011,ELP,TX,ASW,WE,Combined TRACON& Tower with Radar,118,51,25,3,197,0,7,32,1,40,118,58,57,4,237,0,0,0,237
04/19/2011,ELP,TX,ASW,WE,Combined TRACON& Tower with Radar,120,51,23,4,198,0,4,35,10,49,120,55,58,14,247,20,0,20,267
04/20/2011,ELP,TX,ASW,WE,Combined TRACON& Tower with Radar,117,50,23,17,207,0,8,49,0,57,117,58,72,17,264,20,0,20,284
04/21/2011,ELP,TX,ASW,WE,Combined TRACON& Tower with Radar,126,43,30,38,237,0,4,36,12,52,126,47,66,50,289,0,50,50,339
04/22/2011,ELP,TX,ASW,WE,Combined TRACON& Tower with Radar,117,47,14,7,185,5,8,28,3,44,122,55,42,10,229,14,0,14,243
04/23/2011,ELP,TX,ASW,WE,Combined TRACON& Tower with Radar,75,35,14,0,124,0,4,33,2,39,75,39,47,2,163,20,0,20,183
04/24/2011,ELP,TX,ASW,WE,Combined TRACON& Tower with Radar,92,47,21,12,172,0,7,21,0,28,92,54,42,12,200,4,0,4,204
04/25/2011,ELP,TX,ASW,WE,Combined TRACON& Tower with Radar,112,57,23,3,195,0,7,11,1,19,112,64,34,4,214,0,0,0,214
04/26/2011,ELP,TX,ASW,WE,Combined TRACON& Tower with Radar,127,57,23,1,208,0,2,5,3,10,127,59,28,4,218,0,0,0,218
04/27/2011,ELP,TX,ASW,WE,Combined TRACON& Tower with Radar,125,57,27,7,216,0,6,65,1,72,125,63,92,8,288,0,0,0,288
04/28/2011,ELP,TX,ASW,WE,Combined TRACON& Tower with Radar,127,58,29,12,226,0,6,49,0,55,127,64,78,12,281,0,0,0,281
04/29/2011,ELP,TX,ASW,WE,Combined TRACON& Tower with Radar,119,60,21,15,215,0,5,29,2,36,119,65,50,17,251,0,0,0,251
04/30/2011,ELP,TX,ASW,WE,Combined TRACON& Tower with Radar,77,35,18,18,148,0,4,40,3,47,77,39,58,21,195,16,0,16,211
05/01/2011,ELP,TX,ASW,WE,Combined TRACON& Tower with Radar,99,51,17,22,189,0,5,31,1,37,99,56,48,23,226,0,12,12,238
05/02/2011,ELP,TX,ASW,WE,Combined TRACON& Tower with Radar,115,60,25,46,246,0,11,39,10,60,115,71,64,56,306,8,66,74,380
05/03/2011,ELP,TX,ASW,WE,Combined TRACON& Tower with Radar,128,51,27,6,212,0,2,50,4,56,128,53,77,10,268,18,0,18,286
05/04/2011,ELP,TX,ASW,WE,Combined TRACON& Tower with Radar,130,55,32,4,221,0,4,50,8,62,130,59,82,12,283,0,0,0,283
05/05/2011,ELP,TX,ASW,WE,Combined TRACON& Tower with Radar,132,44,27,6,209,0,7,38,1,46,132,51,65,7,255,0,0,0,255
05/06/2011,ELP,TX,ASW,WE,Combined TRACON& Tower with Radar,141,41,32,2,216,0,13,46,0,59,141,54,78,2,275,0,0,0,275
05/07/2011,ELP,TX,ASW,WE,Combined TRACON& Tower with Radar,85,29,26,1,141,0,9,20,4,33,85,38,46,5,174,4,0,4,178
05/08/2011,ELP,TX,ASW,WE,Combined TRACON& Tower with Radar,106,31,15,18,170,0,6,22,4,32,106,37,37,22,202,24,0,24,226
05/09/2011,ELP,TX,ASW,WE,Combined TRACON& Tower with Radar,118,45,22,6,191,0,11,23,0,34,118,56,45,6,225,10,0,10,235
05/10/2011,ELP,TX,ASW,WE,Combined TRACON& Tower with Radar,128,42,4,0,174,0,10,39,0,49,128,52,43,0,223,0,0,0,223
05/11/2011,ELP,TX,ASW,WE,Combined TRACON& Tower with Radar,113,41,13,9,176,0,13,52,2,67,113,54,65,11,243,8,0,8,251
05/12/2011,ELP,TX,ASW,WE,Combined TRACON& Tower with Radar,130,44,19,34,227,0,3,57,1,61,130,47,76,35,288,0,2,2,290
05/13/2011,ELP,TX,ASW,WE,Combined TRACON& Tower with Radar,131,55,18,6,210,0,8,46,4,58,131,63,64,10,268,0,0,0,268
05/14/2011,ELP,TX,ASW,WE,Combined TRACON& Tower with Radar,88,28,8,3,127,0,4,28,3,35,88,32,36,6,162,0,0,0,162
05/15/2011,ELP,TX,ASW,WE,Combined TRACON& Tower with Radar,101,37,15,4,157,0,12,45,5,62,101,49,60,9,219,2,0,2,221
05/16/2011,ELP,TX,ASW,WE,Combined TRACON& Tower with Radar,120,35,15,6,176,0,6,40,6,52,120,41,55,12,228,0,0,0,228
05/17/2011,ELP,TX,ASW,WE,Combined TRACON& Tower with Radar,122,47,24,7,200,0,8,36,3,47,122,55,60,10,247,0,0,0,247
05/18/2011,ELP,TX,ASW,WE,Combined TRACON& Tower with Radar,124,43,17,4,188,0,13,20,1,34,124,56,37,5,222,0,0,0,222
05/19/2011,ELP,TX,ASW,WE,Combined TRACON& Tower with Radar,128,46,30,6,210,0,5,39,2,46,128,51,69,8,256,28,0,28,284
05/20/2011,ELP,TX,ASW,WE,Combined TRACON& Tower with Radar,119,39,34,42,234,0,13,62,10,85,119,52,96,52,319,66,0,66,385
05/21/2011,ELP,TX,ASW,WE,Combined TRACON& Tower with Radar,86,34,19,4,143,0,11,77,2,90,86,45,96,6,233,6,0,6,239
05/22/2011,ELP,TX,ASW,WE,Combined TRACON& Tower with Radar,103,32,12,8,155,0,9,34,1,44,103,41,46,9,199,0,0,0,199
05/23/2011,ELP,TX,ASW,WE,Combined TRACON& Tower with Radar,121,39,19,19,198,0,13,35,3,51,121,52,54,22,249,0,0,0,249
05/24/2011,ELP,TX,ASW,WE,Combined TRACON& Tower with Radar,115,41,22,4,182,0,3,26,4,33,115,44,48,8,215,0,0,0,215
05/25/2011,ELP,TX,ASW,WE,Combined TRACON& Tower with Radar,118,40,24,6,188,0,9,52,6,67,118,49,76,12,255,0,0,0,255
05/26/2011,ELP,TX,ASW,WE,Combined TRACON& Tower with Radar,126,38,27,10,201,0,7,36,1,44,126,45,63,11,245,30,0,30,275
05/27/2011,ELP,TX,ASW,WE,Combined TRACON& Tower with Radar,133,48,23,34,238,0,9,58,6,73,133,57,81,40,311,14,6,20,331
05/28/2011,ELP,TX,ASW,WE,Combined TRACON& Tower with Radar,82,37,19,1,139,0,5,44,0,49,82,42,63,1,188,24,0,24,212
05/29/2011,ELP,TX,ASW,WE,Combined TRACON& Tower with Radar,79,21,5,0,105,0,4,13,0,17,79,25,18,0,122,34,20,54,176
05/30/2011,ELP,TX,ASW,WE,Combined TRACON& Tower with Radar,104,30,9,1,144,0,8,37,1,46,104,38,46,2,190,0,0,0,190
05/31/2011,ELP,TX,ASW,WE,Combined TRACON& Tower with Radar,116,45,29,2,192,0,12,54,4,70,116,57,83,6,262,0,0,0,262
06/01/2011,ELP,TX,ASW,WE,Combined TRACON& Tower with Radar,126,41,29,2,198,0,18,36,3,57,126,59,65,5,255,0,0,0,255
06/02/2011,ELP,TX,ASW,WE,Combined TRACON& Tower with Radar,129,47,26,5,207,0,4,43,0,47,129,51,69,5,254,10,0,10,264
06/03/2011,ELP,TX,ASW,WE,Combined TRACON& Tower with Radar,118,51,30,10,209,0,9,48,0,57,118,60,78,10,266,22,0,22,288
06/04/2011,ELP,TX,ASW,WE,Combined TRACON& Tower with Radar,88,29,29,5,151,0,2,34,0,36,88,31,63,5,187,8,0,8,195
06/05/2011,ELP,TX,ASW,WE,Combined TRACON& Tower with Radar,107,37,23,6,173,0,9,43,0,52,107,46,66,6,225,0,0,0,225
06/06/2011,ELP,TX,ASW,WE,Combined TRACON& Tower with Radar,120,45,11,7,183,0,8,29,3,40,120,53,40,10,223,0,0,0,223
06/07/2011,ELP,TX,ASW,WE,Combined TRACON& Tower with Radar,125,45,25,2,197,0,6,37,4,47,125,51,62,6,244,12,0,12,256
06/08/2011,ELP,TX,ASW,WE,Combined TRACON& Tower with Radar,123,53,20,4,200,0,14,40,1,55,123,67,60,5,255,0,0,0,255
06/09/2011,ELP,TX,ASW,WE,Combined TRACON& Tower with Radar,127,47,27,8,209,0,8,63,0,71,127,55,90,8,280,12,0,12,292
06/10/2011,ELP,TX,ASW,WE,Combined TRACON& Tower with Radar,124,47,10,9,190,0,14,47,1,62,124,61,57,10,252,24,0,24,276
06/11/2011,ELP,TX,ASW,WE,Combined TRACON& Tower with Radar,89,30,14,4,137,0,4,32,2,38,89,34,46,6,175,10,0,10,185
06/12/2011,ELP,TX,ASW,WE,Combined TRACON& Tower with Radar,100,35,25,0,160,0,7,22,1,30,100,42,47,1,190,2,0,2,192
06/13/2011,ELP,TX,ASW,WE,Combined TRACON& Tower with Radar,115,42,19,3,179,0,10,40,0,50,115,52,59,3,229,8,0,8,237
06/14/2011,ELP,TX,ASW,WE,Combined TRACON& Tower with Radar,124,58,26,8,216,0,18,45,3,66,124,76,71,11,282,20,0,20,302
06/15/2011,ELP,TX,ASW,WE,Combined TRACON& Tower with Radar,122,51,16,3,192,0,9,50,4,63,122,60,66,7,255,26,0,26,281
06/16/2011,ELP,TX,ASW,WE,Combined TRACON& Tower with Radar,127,58,25,10,220,0,18,36,5,59,127,76,61,15,279,0,0,0,279
06/17/2011,ELP,TX,ASW,WE,Combined TRACON& Tower with Radar,125,55,12,13,205,0,14,42,5,61,125,69,54,18,266,6,0,6,272
06/18/2011,ELP,TX,ASW,WE,Combined TRACON& Tower with Radar,89,26,14,2,131,0,14,29,0,43,89,40,43,2,174,2,0,2,176
06/19/2011,ELP,TX,ASW,WE,Combined TRACON& Tower with Radar,110,36,14,4,164,0,5,22,0,27,110,41,36,4,191,0,0,0,191
06/20/2011,ELP,TX,ASW,WE,Combined TRACON& Tower with Radar,130,46,17,4,197,0,13,23,3,39,130,59,40,7,236,0,0,0,236
06/21/2011,ELP,TX,ASW,WE,Combined TRACON& Tower with Radar,126,44,19,3,192,0,6,67,3,76,126,50,86,6,268,20,0,20,288
06/22/2011,ELP,TX,ASW,WE,Combined TRACON& Tower with Radar,127,49,22,4,202,0,9,42,0,51,127,58,64,4,253,10,0,10,263
06/23/2011,ELP,TX,ASW,WE,Combined TRACON& Tower with Radar,132,47,25,6,210,0,9,52,2,63,132,56,77,8,273,12,0,12,285
06/24/2011,ELP,TX,ASW,WE,Combined TRACON& Tower with Radar,124,36,24,10,194,0,9,48,3,60,124,45,72,13,254,26,0,26,280
06/25/2011,ELP,TX,ASW,WE,Combined TRACON& Tower with Radar,92,26,15,8,141,0,13,33,0,46,92,39,48,8,187,0,0,0,187
06/26/2011,ELP,TX,ASW,WE,Combined TRACON& Tower with Radar,105,47,20,20,192,0,5,45,0,50,105,52,65,20,242,20,0,20,262
06/27/2011,ELP,TX,ASW,WE,Combined TRACON& Tower with Radar,111,48,14,2,175,0,12,43,1,56,111,60,57,3,231,24,0,24,255
06/28/2011,ELP,TX,ASW,WE,Combined TRACON& Tower with Radar,129,43,27,4,203,0,12,52,6,70,129,55,79,10,273,10,0,10,283
06/29/2011,ELP,TX,ASW,WE,Combined TRACON& Tower with Radar,128,53,31,2,214,0,16,39,1,56,128,69,70,3,270,26,0,26,296
06/30/2011,ELP,TX,ASW,WE,Combined TRACON& Tower with Radar,124,64,23,9,220,0,6,53,2,61,124,70,76,11,281,0,0,0,281
07/01/2011,ELP,TX,ASW,WE,Combined TRACON& Tower with Radar,131,57,17,18,223,0,18,34,2,54,131,75,51,20,277,0,0,0,277
07/02/2011,ELP,TX,ASW,WE,Combined TRACON& Tower with Radar,91,30,10,1,132,0,5,31,1,37,91,35,41,2,169,10,0,10,179
07/03/2011,ELP,TX,ASW,WE,Combined TRACON& Tower with Radar,72,36,15,0,123,0,4,27,0,31,72,40,42,0,154,12,0,12,166
07/04/2011,ELP,TX,ASW,WE,Combined TRACON& Tower with Radar,101,28,12,0,141,0,2,24,0,26,101,30,36,0,167,8,0,8,175
07/05/2011,ELP,TX,ASW,WE,Combined TRACON& Tower with Radar,113,39,5,30,187,0,11,47,7,65,113,50,52,37,252,0,0,0,252
07/06/2011,ELP,TX,ASW,WE,Combined TRACON& Tower with Radar,129,31,13,3,176,0,6,53,2,61,129,37,66,5,237,2,0,2,239
07/07/2011,ELP,TX,ASW,WE,Combined TRACON& Tower with Radar,122,40,20,7,189,0,7,54,5,66,122,47,74,12,255,0,10,10,265
07/08/2011,ELP,TX,ASW,WE,Combined TRACON& Tower with Radar,127,42,16,17,202,0,8,44,3,55,127,50,60,20,257,12,4,16,273
07/09/2011,ELP,TX,ASW,WE,Combined TRACON& Tower with Radar,98,22,8,2,130,0,11,54,2,67,98,33,62,4,197,4,0,4,201
07/10/2011,ELP,TX,ASW,WE,Combined TRACON& Tower with Radar,97,34,23,4,158,0,8,29,0,37,97,42,52,4,195,0,0,0,195
07/11/2011,ELP,TX,ASW,WE,Combined TRACON& Tower with Radar,109,44,21,6,180,0,12,53,1,66,109,56,74,7,246,0,0,0,246
07/12/2011,ELP,TX,ASW,WE,Combined TRACON& Tower with Radar,128,45,19,2,194,0,9,18,1,28,128,54,37,3,222,0,0,0,222
07/13/2011,ELP,TX,ASW,WE,Combined TRACON& Tower with Radar,124,39,13,15,191,0,4,31,1,36,124,43,44,16,227,0,8,8,235
07/14/2011,ELP,TX,ASW,WE,Combined TRACON& Tower with Radar,125,37,20,12,194,0,9,57,2,68,125,46,77,14,262,0,0,0,262
07/15/2011,ELP,TX,ASW,WE,Combined TRACON& Tower with Radar,120,44,20,43,227,0,10,56,1,67,120,54,76,44,294,8,10,18,312
07/16/2011,ELP,TX,ASW,WE,Combined TRACON& Tower with Radar,92,25,18,0,135,0,9,46,0,55,92,34,64,0,190,22,0,22,212
07/17/2011,ELP,TX,ASW,WE,Combined TRACON& Tower with Radar,99,34,17,6,156,0,6,36,5,47,99,40,53,11,203,0,0,0,203
07/18/2011,ELP,TX,ASW,WE,Combined TRACON& Tower with Radar,113,40,13,7,173,0,19,58,0,77,113,59,71,7,250,4,0,4,254
07/19/2011,ELP,TX,ASW,WE,Combined TRACON& Tower with Radar,127,48,24,4,203,0,11,60,4,75,127,59,84,8,278,4,0,4,282
07/20/2011,ELP,TX,ASW,WE,Combined TRACON& Tower with Radar,121,52,10,6,189,0,8,49,5,62,121,60,59,11,251,0,0,0,251
07/21/2011,ELP,TX,ASW,WE,Combined TRACON& Tower with Radar,124,45,14,2,185,0,15,48,0,63,124,60,62,2,248,38,0,38,286
07/22/2011,ELP,TX,ASW,WE,Combined TRACON& Tower with Radar,122,41,20,26,209,0,4,39,3,46,122,45,59,29,255,12,0,12,267
07/23/2011,ELP,TX,ASW,WE,Combined TRACON& Tower with Radar,88,28,10,2,128,0,8,37,1,46,88,36,47,3,174,20,0,20,194
07/24/2011,ELP,TX,ASW,WE,Combined TRACON& Tower with Radar,100,29,23,4,156,0,11,23,2,36,100,40,46,6,192,0,0,0,192
07/25/2011,ELP,TX,ASW,WE,Combined TRACON& Tower with Radar,113,46,20,19,198,0,10,34,0,44,113,56,54,19,242,8,0,8,250
07/26/2011,ELP,TX,ASW,WE,Combined TRACON& Tower with Radar,121,54,25,4,204,0,5,42,3,50,121,59,67,7,254,12,0,12,266
07/27/2011,ELP,TX,ASW,WE,Combined TRACON& Tower with Radar,122,58,21,4,205,0,9,43,5,57,122,67,64,9,262,6,0,6,268
07/28/2011,ELP,TX,ASW,WE,Combined TRACON& Tower with Radar,128,56,22,12,218,0,10,62,1,73,128,66,84,13,291,8,0,8,299
07/29/2011,ELP,TX,ASW,WE,Combined TRACON& Tower with Radar,122,41,16,42,221,0,12,33,2,47,122,53,49,44,268,0,10,10,278
07/30/2011,ELP,TX,ASW,WE,Combined TRACON& Tower with Radar,92,32,18,2,144,0,14,43,2,59,92,46,61,4,203,34,0,34,237
07/31/2011,ELP,TX,ASW,WE,Combined TRACON& Tower with Radar,104,36,23,3,166,0,9,37,0,46,104,45,60,3,212,10,0,10,222
08/01/2011,ELP,TX,ASW,WE,Combined TRACON& Tower with Radar,111,47,22,4,184,0,17,35,1,53,111,64,57,5,237,0,0,0,237
08/02/2011,ELP,TX,ASW,WE,Combined TRACON& Tower with Radar,118,44,22,1,185,0,15,51,2,68,118,59,73,3,253,0,0,0,253
08/03/2011,ELP,TX,ASW,WE,Combined TRACON& Tower with Radar,125,48,16,4,193,0,6,48,1,55,125,54,64,5,248,26,0,26,274
08/04/2011,ELP,TX,ASW,WE,Combined TRACON& Tower with Radar,129,51,29,5,214,0,9,43,1,53,129,60,72,6,267,30,0,30,297
08/05/2011,ELP,TX,ASW,WE,Combined TRACON& Tower with Radar,122,56,31,18,227,0,12,21,1,34,122,68,52,19,261,0,0,0,261
08/06/2011,ELP,TX,ASW,WE,Combined TRACON& Tower with Radar,85,39,11,9,144,0,16,41,0,57,85,55,52,9,201,6,0,6,207
08/07/2011,ELP,TX,ASW,WE,Combined TRACON& Tower with Radar,104,42,18,12,176,0,12,29,1,42,104,54,47,13,218,6,0,6,224
08/08/2011,ELP,TX,ASW,WE,Combined TRACON& Tower with Radar,109,52,11,10,182,0,27,26,5,58,109,79,37,15,240,6,0,6,246
08/09/2011,ELP,TX,ASW,WE,Combined TRACON& Tower with Radar,124,57,17,7,205,0,10,38,2,50,124,67,55,9,255,22,0,22,277
08/10/2011,ELP,TX,ASW,WE,Combined TRACON& Tower with Radar,124,52,17,12,205,0,15,36,3,54,124,67,53,15,259,16,0,16,275
08/11/2011,ELP,TX,ASW,WE,Combined TRACON& Tower with Radar,120,50,15,2,187,0,18,28,1,47,120,68,43,3,234,16,0,16,250
08/12/2011,ELP,TX,ASW,WE,Combined TRACON& Tower with Radar,120,57,13,8,198,0,16,34,1,51,120,73,47,9,249,0,0,0,249
08/13/2011,ELP,TX,ASW,WE,Combined TRACON& Tower with Radar,87,37,23,1,148,0,9,37,0,46,87,46,60,1,194,15,0,15,209
08/14/2011,ELP,TX,ASW,WE,Combined TRACON& Tower with Radar,98,36,23,1,158,0,9,33,1,43,98,45,56,2,201,12,0,12,213
08/15/2011,ELP,TX,ASW,WE,Combined TRACON& Tower with Radar,112,50,20,1,183,0,11,35,2,48,112,61,55,3,231,14,0,14,245
08/16/2011,ELP,TX,ASW,WE,Combined TRACON& Tower with Radar,124,53,17,0,194,0,17,47,2,66,124,70,64,2,260,0,0,0,260
08/17/2011,ELP,TX,ASW,WE,Combined TRACON& Tower with Radar,124,56,29,2,211,0,14,39,5,58,124,70,68,7,269,38,0,38,307
08/18/2011,ELP,TX,ASW,WE,Combined TRACON& Tower with Radar,121,48,32,10,211,0,12,49,3,64,121,60,81,13,275,5,0,5,280
08/19/2011,ELP,TX,ASW,WE,Combined TRACON& Tower with Radar,123,45,19,33,220,0,9,43,2,54,123,54,62,35,274,8,0,8,282
08/20/2011,ELP,TX,ASW,WE,Combined TRACON& Tower with Radar,89,34,21,2,146,0,8,50,0,58,89,42,71,2,204,82,46,128,332
08/21/2011,ELP,TX,ASW,WE,Combined TRACON& Tower with Radar,96,40,34,12,182,0,4,65,4,73,96,44,99,16,255,42,0,42,297
08/22/2011,ELP,TX,ASW,WE,Combined TRACON& Tower with Radar,117,47,27,9,200,0,5,45,0,50,117,52,72,9,250,12,0,12,262
08/23/2011,ELP,TX,ASW,WE,Combined TRACON& Tower with Radar,120,49,18,6,193,0,12,53,0,65,120,61,71,6,258,16,0,16,274
08/24/2011,ELP,TX,ASW,WE,Combined TRACON& Tower with Radar,123,44,24,4,195,0,17,63,1,81,123,61,87,5,276,16,0,16,292
08/25/2011,ELP,TX,ASW,WE,Combined TRACON& Tower with Radar,131,59,44,11,245,0,11,54,2,67,131,70,98,13,312,18,0,18,330
08/26/2011,ELP,TX,ASW,WE,Combined TRACON& Tower with Radar,128,39,16,12,195,0,17,41,2,60,128,56,57,14,255,0,0,0,255
08/27/2011,ELP,TX,ASW,WE,Combined TRACON& Tower with Radar,84,30,7,2,123,0,11,56,2,69,84,41,63,4,192,0,0,0,192
08/28/2011,ELP,TX,ASW,WE,Combined TRACON& Tower with Radar,101,42,26,10,179,0,5,32,6,43,101,47,58,16,222,14,0,14,236
08/29/2011,ELP,TX,ASW,WE,Combined TRACON& Tower with Radar,111,40,25,0,176,0,9,37,6,52,111,49,62,6,228,0,0,0,228
08/30/2011,ELP,TX,ASW,WE,Combined TRACON& Tower with Radar,119,51,25,4,199,0,11,54,6,71,119,62,79,10,270,0,0,0,270
08/31/2011,ELP,TX,ASW,WE,Combined TRACON& Tower with Radar,117,57,31,11,216,0,19,52,3,74,117,76,83,14,290,12,0,12,302
09/01/2011,ELP,TX,ASW,WE,Combined TRACON& Tower with Radar,121,42,22,3,188,0,16,57,2,75,121,58,79,5,263,0,0,0,263
09/02/2011,ELP,TX,ASW,WE,Combined TRACON& Tower with Radar,125,49,14,21,209,0,7,60,2,69,125,56,74,23,278,14,0,14,292
09/03/2011,ELP,TX,ASW,WE,Combined TRACON& Tower with Radar,70,27,20,0,117,0,13,52,1,66,70,40,72,1,183,24,0,24,207
09/04/2011,ELP,TX,ASW,WE,Combined TRACON& Tower with Radar,75,23,10,2,110,0,11,20,3,34,75,34,30,5,144,12,0,12,156
09/05/2011,ELP,TX,ASW,WE,Combined TRACON& Tower with Radar,92,41,16,0,149,0,18,60,6,84,92,59,76,6,233,8,0,8,241
09/06/2011,ELP,TX,ASW,WE,Combined TRACON& Tower with Radar,110,50,22,7,189,0,6,36,4,46,110,56,58,11,235,2,0,2,237
09/07/2011,ELP,TX,ASW,WE,Combined TRACON& Tower with Radar,116,50,23,8,197,0,9,44,4,57,116,59,67,12,254,0,0,0,254
09/08/2011,ELP,TX,ASW,WE,Combined TRACON& Tower with Radar,118,45,23,2,188,0,8,29,7,44,118,53,52,9,232,12,0,12,244
09/09/2011,ELP,TX,ASW,WE,Combined TRACON& Tower with Radar,123,45,19,31,218,1,11,35,3,50,124,56,54,34,268,0,0,0,268
09/10/2011,ELP,TX,ASW,WE,Combined TRACON& Tower with Radar,81,27,13,4,125,0,14,43,4,61,81,41,56,8,186,26,0,26,212
09/11/2011,ELP,TX,ASW,WE,Combined TRACON& Tower with Radar,98,39,15,3,155,0,9,36,2,47,98,48,51,5,202,12,0,12,214
09/12/2011,ELP,TX,ASW,WE,Combined TRACON& Tower with Radar,112,39,24,8,183,0,15,41,1,57,112,54,65,9,240,3,0,3,243
09/13/2011,ELP,TX,ASW,WE,Combined TRACON& Tower with Radar,117,53,37,2,209,0,10,31,0,41,117,63,68,2,250,0,0,0,250
09/14/2011,ELP,TX,ASW,WE,Combined TRACON& Tower with Radar,116,48,19,4,187,0,12,28,6,46,116,60,47,10,233,24,0,24,257
09/15/2011,ELP,TX,ASW,WE,Combined TRACON& Tower with Radar,123,54,34,1,212,0,6,41,5,52,123,60,75,6,264,0,0,0,264
09/16/2011,ELP,TX,ASW,WE,Combined TRACON& Tower with Radar,111,51,23,11,196,0,5,38,2,45,111,56,61,13,241,5,0,5,246
09/17/2011,ELP,TX,ASW,WE,Combined TRACON& Tower with Radar,85,29,25,3,142,0,9,37,0,46,85,38,62,3,188,0,0,0,188
09/18/2011,ELP,TX,ASW,WE,Combined TRACON& Tower with Radar,95,39,27,3,164,0,6,50,3,59,95,45,77,6,223,0,0,0,223
09/19/2011,ELP,TX,ASW,WE,Combined TRACON& Tower with Radar,115,34,27,8,184,0,9,49,3,61,115,43,76,11,245,16,0,16,261
09/20/2011,ELP,TX,ASW,WE,Combined TRACON& Tower with Radar,115,52,13,3,183,0,16,47,3,66,115,68,60,6,249,64,0,64,313
09/21/2011,ELP,TX,ASW,WE,Combined TRACON& Tower with Radar,118,50,31,4,203,0,9,49,0,58,118,59,80,4,261,0,0,0,261
09/22/2011,ELP,TX,ASW,WE,Combined TRACON& Tower with Radar,115,50,25,2,192,0,16,63,0,79,115,66,88,2,271,70,0,70,341
09/23/2011,ELP,TX,ASW,WE,Combined TRACON& Tower with Radar,123,45,40,6,214,0,19,74,0,93,123,64,114,6,307,54,0,54,361
09/24/2011,ELP,TX,ASW,WE,Combined TRACON& Tower with Radar,81,30,11,0,122,0,6,45,0,51,81,36,56,0,173,28,0,28,201
09/25/2011,ELP,TX,ASW,WE,Combined TRACON& Tower with Radar,97,34,20,2,153,0,3,40,2,45,97,37,60,4,198,24,0,24,222
09/26/2011,ELP,TX,ASW,WE,Combined TRACON& Tower with Radar,109,45,15,1,170,0,16,53,1,70,109,61,68,2,240,0,0,0,240
09/27/2011,ELP,TX,ASW,WE,Combined TRACON& Tower with Radar,118,42,20,5,185,0,21,59,0,80,118,63,79,5,265,10,0,10,275
09/28/2011,ELP,TX,ASW,WE,Combined TRACON& Tower with Radar,126,47,45,4,222,0,14,48,0,62,126,61,93,4,284,10,0,10,294
09/29/2011,ELP,TX,ASW,WE,Combined TRACON& Tower with Radar,124,43,38,4,209,0,12,43,0,55,124,55,81,4,264,14,0,14,278
09/30/2011,ELP,TX,ASW,WE,Combined TRACON& Tower with Radar,122,56,14,15,207,0,19,26,1,46,122,75,40,16,253,24,0,24,277
10/01/2011,ELP,TX,ASW,WE,Combined TRACON& Tower with Radar,85,32,15,9,141,0,12,32,2,46,85,44,47,11,187,50,0,50,237
10/02/2011,ELP,TX,ASW,WE,Combined TRACON& Tower with Radar,92,33,20,0,145,0,4,26,3,33,92,37,46,3,178,0,0,0,178
10/03/2011,ELP,TX,ASW,WE,Combined TRACON& Tower with Radar,114,47,18,19,198,0,11,33,2,46,114,58,51,21,244,0,0,0,244
10/04/2011,ELP,TX,ASW,WE,Combined TRACON& Tower with Radar,123,46,29,2,200,0,14,40,1,55,123,60,69,3,255,44,0,44,299
10/05/2011,ELP,TX,ASW,WE,Combined TRACON& Tower with Radar,120,56,45,6,227,0,7,41,3,51,120,63,86,9,278,0,0,0,278
10/06/2011,ELP,TX,ASW,WE,Combined TRACON& Tower with Radar,120,52,34,12,218,0,6,39,0,45,120,58,73,12,263,6,0,6,269
10/07/2011,ELP,TX,ASW,WE,Combined TRACON& Tower with Radar,119,52,22,15,208,0,17,47,5,69,119,69,69,20,277,2,0,2,279
10/08/2011,ELP,TX,ASW,WE,Combined TRACON& Tower with Radar,84,35,10,8,137,0,20,43,0,63,84,55,53,8,200,46,8,54,254
10/09/2011,ELP,TX,ASW,WE,Combined TRACON& Tower with Radar,93,33,13,4,143,0,19,50,0,69,93,52,63,4,212,26,0,26,238
10/10/2011,ELP,TX,ASW,WE,Combined TRACON& Tower with Radar,114,57,34,11,216,0,19,40,1,60,114,76,74,12,276,18,46,64,340
10/11/2011,ELP,TX,ASW,WE,Combined TRACON& Tower with Radar,113,54,32,9,208,0,17,60,2,79,113,71,92,11,287,20,0,20,307
10/12/2011,ELP,TX,ASW,WE,Combined TRACON& Tower with Radar,121,44,34,29,228,0,11,51,7,69,121,55,85,36,297,8,0,8,305
10/13/2011,ELP,TX,ASW,WE,Combined TRACON& Tower with Radar,115,49,34,7,205,0,3,51,2,56,115,52,85,9,261,72,6,78,339
10/14/2011,ELP,TX,ASW,WE,Combined TRACON& Tower with Radar,121,50,40,6,217,0,20,64,2,86,121,70,104,8,303,36,0,36,339
10/15/2011,ELP,TX,ASW,WE,Combined TRACON& Tower with Radar,83,32,20,1,136,0,9,69,1,79,83,41,89,2,215,8,0,8,223
10/16/2011,ELP,TX,ASW,WE,Combined TRACON& Tower with Radar,95,35,27,7,164,0,11,60,11,82,95,46,87,18,246,49,0,49,295
10/17/2011,ELP,TX,ASW,WE,Combined TRACON& Tower with Radar,117,44,24,11,196,0,22,59,6,87,117,66,83,17,283,10,0,10,293
10/18/2011,ELP,TX,ASW,WE,Combined TRACON& Tower with Radar,116,47,30,5,198,0,11,82,8,101,116,58,112,13,299,0,0,0,299
10/19/2011,ELP,TX,ASW,WE,Combined TRACON& Tower with Radar,120,42,40,2,204,0,14,87,5,106,120,56,127,7,310,0,0,0,310
10/20/2011,ELP,TX,ASW,WE,Combined TRACON& Tower with Radar,119,64,35,3,221,0,14,54,6,74,119,78,89,9,295,0,0,0,295
10/21/2011,ELP,TX,ASW,WE,Combined TRACON& Tower with Radar,112,49,23,9,193,0,7,65,5,77,112,56,88,14,270,24,0,24,294
10/22/2011,ELP,TX,ASW,WE,Combined TRACON& Tower with Radar,84,34,29,0,147,0,8,37,2,47,84,42,66,2,194,24,6,30,224
10/23/2011,ELP,TX,ASW,WE,Combined TRACON& Tower with Radar,95,40,17,6,158,0,13,25,4,42,95,53,42,10,200,0,0,0,200
10/24/2011,ELP,TX,ASW,WE,Combined TRACON& Tower with Radar,110,48,25,2,185,0,20,49,1,70,110,68,74,3,255,0,0,0,255
10/25/2011,ELP,TX,ASW,WE,Combined TRACON& Tower with Radar,117,48,32,12,209,0,9,60,14,83,117,57,92,26,292,38,46,84,376
10/26/2011,ELP,TX,ASW,WE,Combined TRACON& Tower with Radar,117,45,30,22,214,0,6,33,3,42,117,51,63,25,256,20,0,20,276
10/27/2011,ELP,TX,ASW,WE,Combined TRACON& Tower with Radar,123,52,35,10,220,0,8,36,6,50,123,60,71,16,270,0,0,0,270
10/28/2011,ELP,TX,ASW,WE,Combined TRACON& Tower with Radar,124,49,36,10,219,0,6,62,3,71,124,55,98,13,290,0,0,0,290
10/29/2011,ELP,TX,ASW,WE,Combined TRACON& Tower with Radar,87,30,39,0,156,0,6,48,0,54,87,36,87,0,210,40,0,40,250
10/30/2011,ELP,TX,ASW,WE,Combined TRACON& Tower with Radar,95,36,21,2,154,0,2,38,3,43,95,38,59,5,197,2,0,2,199
10/31/2011,ELP,TX,ASW,WE,Combined TRACON& Tower with Radar,103,32,16,41,192,0,12,37,2,51,103,44,53,43,243,0,0,0,243
11/01/2011,ELP,TX,ASW,WE,Combined TRACON& Tower with Radar,120,53,25,49,247,0,14,45,6,65,120,67,70,55,312,6,0,6,318
11/02/2011,ELP,TX,ASW,WE,Combined TRACON& Tower with Radar,125,38,23,9,195,0,7,22,1,30,125,45,45,10,225,0,0,0,225
11/03/2011,ELP,TX,ASW,WE,Combined TRACON& Tower with Radar,127,39,18,7,191,0,9,44,4,57,127,48,62,11,248,0,0,0,248
11/04/2011,ELP,TX,ASW,WE,Combined TRACON& Tower with Radar,125,36,21,11,193,0,16,37,2,55,125,52,58,13,248,0,0,0,248
11/05/2011,ELP,TX,ASW,WE,Combined TRACON& Tower with Radar,86,26,12,0,124,0,5,17,0,22,86,31,29,0,146,4,0,4,150
11/06/2011,ELP,TX,ASW,WE,Combined TRACON& Tower with Radar,88,40,16,5,149,0,14,46,2,62,88,54,62,7,211,14,0,14,225
11/07/2011,ELP,TX,ASW,WE,Combined TRACON& Tower with Radar,107,42,36,9,194,0,17,25,6,48,107,59,61,15,242,0,0,0,242
11/08/2011,ELP,TX,ASW,WE,Combined TRACON& Tower with Radar,112,30,29,38,209,0,7,38,1,46,112,37,67,39,255,2,4,6,261
11/09/2011,ELP,TX,ASW,WE,Combined TRACON& Tower with Radar,120,41,30,16,207,0,22,49,6,77,120,63,79,22,284,0,0,0,284
11/10/2011,ELP,TX,ASW,WE,Combined TRACON& Tower with Radar,118,58,42,10,228,0,18,53,2,73,118,76,95,12,301,20,0,20,321
11/11/2011,ELP,TX,ASW,WE,Combined TRACON& Tower with Radar,118,43,46,2,209,0,7,30,2,39,118,50,76,4,248,0,0,0,248
11/12/2011,ELP,TX,ASW,WE,Combined TRACON& Tower with Radar,82,37,22,1,142,0,4,40,1,45,82,41,62,2,187,26,0,26,213
11/13/2011,ELP,TX,ASW,WE,Combined TRACON& Tower with Radar,92,35,35,7,169,0,9,39,1,49,92,44,74,8,218,8,0,8,226
11/14/2011,ELP,TX,ASW,WE,Combined TRACON& Tower with Radar,105,36,28,12,181,0,15,34,0,49,105,51,62,12,230,0,0,0,230
11/15/2011,ELP,TX,ASW,WE,Combined TRACON& Tower with Radar,121,37,30,11,199,0,11,51,2,64,121,48,81,13,263,22,0,22,285
11/16/2011,ELP,TX,ASW,WE,Combined TRACON& Tower with Radar,115,49,30,11,205,0,10,48,2,60,115,59,78,13,265,0,0,0,265
11/17/2011,ELP,TX,ASW,WE,Combined TRACON& Tower with Radar,116,59,40,8,223,0,13,40,4,57,116,72,80,12,280,28,0,28,308
11/18/2011,ELP,TX,ASW,WE,Combined TRACON& Tower with Radar,123,50,39,39,251,0,10,34,5,49,123,60,73,44,300,0,0,0,300
11/19/2011,ELP,TX,ASW,WE,Combined TRACON& Tower with Radar,84,46,26,2,158,0,7,34,1,42,84,53,60,3,200,0,0,0,200
11/20/2011,ELP,TX,ASW,WE,Combined TRACON& Tower with Radar,91,35,21,4,151,0,4,43,1,48,91,39,64,5,199,0,0,0,199
11/21/2011,ELP,TX,ASW,WE,Combined TRACON& Tower with Radar,106,47,13,28,194,0,4,30,0,34,106,51,43,28,228,0,0,0,228
11/22/2011,ELP,TX,ASW,WE,Combined TRACON& Tower with Radar,128,36,23,10,197,0,24,48,2,74,128,60,71,12,271,54,6,60,331
11/23/2011,ELP,TX,ASW,WE,Combined TRACON& Tower with Radar,129,38,19,4,190,0,8,69,0,77,129,46,88,4,267,152,0,152,419
11/24/2011,ELP,TX,ASW,WE,Combined TRACON& Tower with Radar,66,24,6,0,96,0,7,25,0,32,66,31,31,0,128,0,0,0,128
11/25/2011,ELP,TX,ASW,WE,Combined TRACON& Tower with Radar,91,29,11,0,131,0,6,8,0,14,91,35,19,0,145,0,0,0,145
11/26/2011,ELP,TX,ASW,WE,Combined TRACON& Tower with Radar,82,35,22,3,142,0,6,37,1,44,82,41,59,4,186,13,1,14,200
11/27/2011,ELP,TX,ASW,WE,Combined TRACON& Tower with Radar,29,9,11,0,49,0,1,5,1,7,29,10,16,1,56,0,0,0,56
11/28/2011,ELP,TX,ASW,WE,Combined TRACON& Tower with Radar,108,46,27,11,192,0,11,43,8,62,108,57,70,19,254,0,0,0,254
11/29/2011,ELP,TX,ASW,WE,Combined TRACON& Tower with Radar,111,41,35,10,197,0,20,59,8,87,111,61,94,18,284,52,0,52,336
11/30/2011,ELP,TX,ASW,WE,Combined TRACON& Tower with Radar,109,41,35,14,199,0,21,59,3,83,109,62,94,17,282,0,8,8,290
12/01/2011,ELP,TX,ASW,WE,Combined TRACON& Tower with Radar,112,43,19,16,190,0,20,54,4,78,112,63,73,20,268,10,0,10,278
12/02/2011,ELP,TX,ASW,WE,Combined TRACON& Tower with Radar,108,53,26,11,198,0,10,17,4,31,108,63,43,15,229,10,22,32,261
12/03/2011,ELP,TX,ASW,WE,Combined TRACON& Tower with Radar,75,27,11,14,127,0,7,30,1,38,75,34,41,15,165,0,0,0,165
12/04/2011,ELP,TX,ASW,WE,Combined TRACON& Tower with Radar,88,36,24,4,152,0,6,14,1,21,88,42,38,5,173,26,0,26,199
12/05/2011,ELP,TX,ASW,WE,Combined TRACON& Tower with Radar,109,41,23,3,176,0,9,3,1,13,109,50,26,4,189,0,0,0,189
12/06/2011,ELP,TX,ASW,WE,Combined TRACON& Tower with Radar,119,52,19,17,207,0,14,48,4,66,119,66,67,21,273,35,0,35,308
12/07/2011,ELP,TX,ASW,WE,Combined TRACON& Tower with Radar,112,39,28,18,197,0,17,46,3,66,112,56,74,21,263,0,0,0,263
12/08/2011,ELP,TX,ASW,WE,Combined TRACON& Tower with Radar,113,46,33,11,203,0,7,88,4,99,113,53,121,15,302,24,10,34,336
12/09/2011,ELP,TX,ASW,WE,Combined TRACON& Tower with Radar,114,44,24,27,209,0,19,51,24,94,114,63,75,51,303,10,0,10,313
12/10/2011,ELP,TX,ASW,WE,Combined TRACON& Tower with Radar,77,44,17,3,141,0,2,23,4,29,77,46,40,7,170,0,0,0,170
12/11/2011,ELP,TX,ASW,WE,Combined TRACON& Tower with Radar,85,47,40,55,227,0,5,28,7,40,85,52,68,62,267,0,0,0,267
12/12/2011,ELP,TX,ASW,WE,Combined TRACON& Tower with Radar,102,48,28,18,196,0,17,29,5,51,102,65,57,23,247,0,10,10,257
12/13/2011,ELP,TX,ASW,WE,Combined TRACON& Tower with Radar,116,49,17,13,195,0,18,34,1,53,116,67,51,14,248,10,0,10,258
12/14/2011,ELP,TX,ASW,WE,Combined TRACON& Tower with Radar,120,41,35,29,225,0,16,47,4,67,120,57,82,33,292,44,0,44,336
12/15/2011,ELP,TX,ASW,WE,Combined TRACON& Tower with Radar,124,46,31,40,241,0,22,47,5,74,124,68,78,45,315,0,54,54,369
12/16/2011,ELP,TX,ASW,WE,Combined TRACON& Tower with Radar,127,52,16,46,241,1,18,32,5,56,128,70,48,51,297,4,22,26,323
12/17/2011,ELP,TX,ASW,WE,Combined TRACON& Tower with Radar,90,48,16,2,156,0,9,35,2,46,90,57,51,4,202,0,0,0,202
12/18/2011,ELP,TX,ASW,WE,Combined TRACON& Tower with Radar,94,38,31,8,171,0,11,36,2,49,94,49,67,10,220,68,10,78,298
12/19/2011,ELP,TX,ASW,WE,Combined TRACON& Tower with Radar,121,51,31,0,203,0,1,9,0,10,121,52,40,0,213,0,0,0,213
12/20/2011,ELP,TX,ASW,WE,Combined TRACON& Tower with Radar,123,62,29,5,219,0,18,57,0,75,123,80,86,5,294,10,0,10,304
12/21/2011,ELP,TX,ASW,WE,Combined TRACON& Tower with Radar,126,56,28,12,222,0,8,41,1,50,126,64,69,13,272,0,20,20,292
12/22/2011,ELP,TX,ASW,WE,Combined TRACON& Tower with Radar,126,60,26,9,221,0,5,37,8,50,126,65,63,17,271,0,22,22,293
12/23/2011,ELP,TX,ASW,WE,Combined TRACON& Tower with Radar,121,56,10,0,187,0,1,1,0,2,121,57,11,0,189,0,0,0,189
12/24/2011,ELP,TX,ASW,WE,Combined TRACON& Tower with Radar,74,39,9,0,122,0,3,3,1,7,74,42,12,1,129,0,0,0,129
12/25/2011,ELP,TX,ASW,WE,Combined TRACON& Tower with Radar,73,42,11,1,127,0,5,13,0,18,73,47,24,1,145,0,0,0,145
12/26/2011,ELP,TX,ASW,WE,Combined TRACON& Tower with Radar,104,49,41,1,195,0,9,42,2,53,104,58,83,3,248,0,0,0,248
12/27/2011,ELP,TX,ASW,WE,Combined TRACON& Tower with Radar,112,45,13,5,175,0,17,42,1,60,112,62,55,6,235,34,0,34,269
12/28/2011,ELP,TX,ASW,WE,Combined TRACON& Tower with Radar,123,33,26,1,183,0,17,42,0,59,123,50,68,1,242,78,0,78,320
12/29/2011,ELP,TX,ASW,WE,Combined TRACON& Tower with Radar,117,40,16,5,178,0,16,46,0,62,117,56,62,5,240,0,0,0,240
12/30/2011,ELP,TX,ASW,WE,Combined TRACON& Tower with Radar,113,38,25,2,178,0,22,59,0,81,113,60,84,2,259,16,0,16,275
12/31/2011,ELP,TX,ASW,WE,Combined TRACON& Tower with Radar,81,35,23,0,139,0,20,30,1,51,81,55,53,1,190,0,0,0,190
01/01/2012,ELP,TX,ASW,WE,Combined TRACON& Tower with Radar,82,34,22,0,138,0,2,20,0,22,82,36,42,0,160,0,0,0,160
01/02/2012,ELP,TX,ASW,WE,Combined TRACON& Tower with Radar,103,45,28,0,176,0,0,50,1,51,103,45,78,1,227,0,0,0,227
01/03/2012,ELP,TX,ASW,WE,Combined TRACON& Tower with Radar,107,51,28,1,187,0,13,39,1,53,107,64,67,2,240,0,0,0,240
01/04/2012,ELP,TX,ASW,WE,Combined TRACON& Tower with Radar,112,41,46,27,226,0,22,59,2,83,112,63,105,29,309,0,24,24,333
01/05/2012,ELP,TX,ASW,WE,Combined TRACON& Tower with Radar,110,46,19,14,189,0,11,48,3,62,110,57,67,17,251,0,0,0,251
01/06/2012,ELP,TX,ASW,WE,Combined TRACON& Tower with Radar,109,50,36,19,214,0,17,58,0,75,109,67,94,19,289,32,0,32,321
01/07/2012,ELP,TX,ASW,WE,Combined TRACON& Tower with Radar,77,36,21,3,137,0,25,44,1,70,77,61,65,4,207,0,0,0,207
01/08/2012,ELP,TX,ASW,WE,Combined TRACON& Tower with Radar,85,34,20,9,148,0,8,27,0,35,85,42,47,9,183,50,0,50,233
01/09/2012,ELP,TX,ASW,WE,Combined TRACON& Tower with Radar,99,39,13,22,173,0,4,10,1,15,99,43,23,23,188,8,0,8,196
01/10/2012,ELP,TX,ASW,WE,Combined TRACON& Tower with Radar,108,34,28,10,180,0,15,37,8,60,108,49,65,18,240,48,12,60,300
01/11/2012,ELP,TX,ASW,WE,Combined TRACON& Tower with Radar,106,48,33,13,200,0,9,32,5,46,106,57,65,18,246,0,0,0,246
01/12/2012,ELP,TX,ASW,WE,Combined TRACON& Tower with Radar,102,47,43,7,199,0,7,40,1,48,102,54,83,8,247,16,0,16,263
01/13/2012,ELP,TX,ASW,WE,Combined TRACON& Tower with Radar,106,52,24,32,214,0,17,58,1,76,106,69,82,33,290,0,20,20,310
01/14/2012,ELP,TX,ASW,WE,Combined TRACON& Tower with Radar,74,39,27,1,141,0,15,59,3,77,74,54,86,4,218,0,0,0,218
01/15/2012,ELP,TX,ASW,WE,Combined TRACON& Tower with Radar,86,45,27,14,172,0,14,42,3,59,86,59,69,17,231,30,42,72,303
01/16/2012,ELP,TX,ASW,WE,Combined TRACON& Tower with Radar,101,48,26,49,224,0,13,24,4,41,101,61,50,53,265,40,54,94,359
01/17/2012,ELP,TX,ASW,WE,Combined TRACON& Tower with Radar,111,44,41,5,201,0,17,43,0,60,111,61,84,5,261,2,0,2,263
01/18/2012,ELP,TX,ASW,WE,Combined TRACON& Tower with Radar,104,55,24,6,189,0,23,55,2,80,104,78,79,8,269,0,0,0,269
01/19/2012,ELP,TX,ASW,WE,Combined TRACON& Tower with Radar,112,49,28,12,201,0,13,55,3,71,112,62,83,15,272,88,0,88,360
01/20/2012,ELP,TX,ASW,WE,Combined TRACON& Tower with Radar,101,41,27,4,173,0,18,45,24,87,101,59,72,28,260,0,0,0,260
01/21/2012,ELP,TX,ASW,WE,Combined TRACON& Tower with Radar,70,36,45,0,151,0,15,52,1,68,70,51,97,1,219,22,0,22,241
01/22/2012,ELP,TX,ASW,WE,Combined TRACON& Tower with Radar,83,34,20,25,162,0,9,20,0,29,83,43,40,25,191,0,0,0,191
01/23/2012,ELP,TX,ASW,WE,Combined TRACON& Tower with Radar,98,42,24,7,171,0,26,40,2,68,98,68,64,9,239,4,0,4,243
01/24/2012,ELP,TX,ASW,WE,Combined TRACON& Tower with Radar,113,53,27,9,202,0,13,36,4,53,113,66,63,13,255,70,6,76,331
01/25/2012,ELP,TX,ASW,WE,Combined TRACON& Tower with Radar,107,61,24,35,227,0,17,28,8,53,107,78,52,43,280,0,70,70,350
01/26/2012,ELP,TX,ASW,WE,Combined TRACON& Tower with Radar,102,60,44,8,214,0,7,58,2,67,102,67,102,10,281,10,0,10,291
01/27/2012,ELP,TX,ASW,WE,Combined TRACON& Tower with Radar,109,53,17,60,239,0,6,40,2,48,109,59,57,62,287,14,108,122,409
01/28/2012,ELP,TX,ASW,WE,Combined TRACON& Tower with Radar,72,43,20,14,149,0,12,48,1,61,72,55,68,15,210,22,0,22,232
01/29/2012,ELP,TX,ASW,WE,Combined TRACON& Tower with Radar,86,30,37,19,172,0,9,52,3,64,86,39,89,22,236,0,0,0,236
01/30/2012,ELP,TX,ASW,WE,Combined TRACON& Tower with Radar,100,44,14,7,165,0,4,39,2,45,100,48,53,9,210,0,0,0,210
01/31/2012,ELP,TX,ASW,WE,Combined TRACON& Tower with Radar,103,44,36,15,198,0,12,47,8,67,103,56,83,23,265,10,46,56,321
02/01/2012,ELP,TX,ASW,WE,Combined TRACON& Tower with Radar,104,45,37,15,201,0,22,54,3,79,104,67,91,18,280,17,12,29,309
02/02/2012,ELP,TX,ASW,WE,Combined TRACON& Tower with Radar,104,50,34,4,192,0,5,43,2,50,104,55,77,6,242,0,0,0,242
02/03/2012,ELP,TX,ASW,WE,Combined TRACON& Tower with Radar,105,49,35,36,225,0,17,58,15,90,105,66,93,51,315,24,0,24,339
02/04/2012,ELP,TX,ASW,WE,Combined TRACON& Tower with Radar,69,35,22,11,137,0,8,33,2,43,69,43,55,13,180,28,0,28,208
02/05/2012,ELP,TX,ASW,WE,Combined TRACON& Tower with Radar,76,34,18,18,146,0,6,14,4,24,76,40,32,22,170,0,0,0,170
02/06/2012,ELP,TX,ASW,WE,Combined TRACON& Tower with Radar,92,45,11,0,148,0,8,51,4,63,92,53,62,4,211,4,0,4,215
02/07/2012,ELP,TX,ASW,WE,Combined TRACON& Tower with Radar,107,55,33,12,207,0,3,59,4,66,107,58,92,16,273,10,0,10,283
02/08/2012,ELP,TX,ASW,WE,Combined TRACON& Tower with Radar,118,54,33,15,220,0,4,58,2,64,118,58,91,17,284,20,0,20,304
02/09/2012,ELP,TX,ASW,WE,Combined TRACON& Tower with Radar,105,57,17,12,191,0,7,35,4,46,105,64,52,16,237,12,25,37,274
02/10/2012,ELP,TX,ASW,WE,Combined TRACON& Tower with Radar,99,53,19,51,222,0,12,47,1,60,99,65,66,52,282,16,24,40,322
02/11/2012,ELP,TX,ASW,WE,Combined TRACON& Tower with Radar,75,37,45,10,167,0,8,48,13,69,75,45,93,23,236,8,22,30,266
02/12/2012,ELP,TX,ASW,WE,Combined TRACON& Tower with Radar,83,40,24,2,149,0,0,20,1,21,83,40,44,3,170,0,0,0,170
02/13/2012,ELP,TX,ASW,WE,Combined TRACON& Tower with Radar,100,61,18,24,203,0,6,36,7,49,100,67,54,31,252,0,38,38,290
02/14/2012,ELP,TX,ASW,WE,Combined TRACON& Tower with Radar,111,57,18,4,190,0,10,29,1,40,111,67,47,5,230,0,0,0,230
02/15/2012,ELP,TX,ASW,WE,Combined TRACON& Tower with Radar,109,53,38,6,206,0,11,49,0,60,109,64,87,6,266,30,0,30,296
02/16/2012,ELP,TX,ASW,WE,Combined TRACON& Tower with Radar,103,65,34,9,211,0,15,26,11,52,103,80,60,20,263,0,26,26,289
02/17/2012,ELP,TX,ASW,WE,Combined TRACON& Tower with Radar,108,73,26,31,238,0,15,36,1,52,108,88,62,32,290,30,38,68,358
02/18/2012,ELP,TX,ASW,WE,Combined TRACON& Tower with Radar,71,40,23,3,137,0,1,58,1,60,71,41,81,4,197,12,0,12,209
02/19/2012,ELP,TX,ASW,WE,Combined TRACON& Tower with Radar,77,39,28,11,155,0,6,20,0,26,77,45,48,11,181,6,0,6,187
02/20/2012,ELP,TX,ASW,WE,Combined TRACON& Tower with Radar,94,64,20,5,183,0,13,27,2,42,94,77,47,7,225,0,0,0,225
02/21/2012,ELP,TX,ASW,WE,Combined TRACON& Tower with Radar,106,57,22,3,188,1,19,46,1,67,107,76,68,4,255,10,0,10,265
02/22/2012,ELP,TX,ASW,WE,Combined TRACON& Tower with Radar,107,64,34,4,209,0,6,72,4,82,107,70,106,8,291,0,0,0,291
02/23/2012,ELP,TX,ASW,WE,Combined TRACON& Tower with Radar,104,52,25,14,195,0,11,23,1,35,104,63,48,15,230,0,0,0,230
02/24/2012,ELP,TX,ASW,WE,Combined TRACON& Tower with Radar,100,69,23,17,209,0,9,36,4,49,100,78,59,21,258,0,0,0,258
02/25/2012,ELP,TX,ASW,WE,Combined TRACON& Tower with Radar,73,34,27,6,140,0,1,43,21,65,73,35,70,27,205,18,34,52,257
02/26/2012,ELP,TX,ASW,WE,Combined TRACON& Tower with Radar,82,40,34,12,168,0,11,36,9,56,82,51,70,21,224,0,0,0,224
02/27/2012,ELP,TX,ASW,WE,Combined TRACON& Tower with Radar,104,62,18,41,225,0,13,35,2,50,104,75,53,43,275,0,60,60,335
02/28/2012,ELP,TX,ASW,WE,Combined TRACON& Tower with Radar,105,52,13,5,175,0,8,15,0,23,105,60,28,5,198,0,0,0,198
02/29/2012,ELP,TX,ASW,WE,Combined TRACON& Tower with Radar,105,51,40,6,202,0,5,62,0,67,105,56,102,6,269,16,0,16,285
03/01/2012,ELP,TX,ASW,WE,Combined TRACON& Tower with Radar,103,70,21,5,199,0,10,34,2,46,103,80,55,7,245,0,0,0,245
03/02/2012,ELP,TX,ASW,WE,Combined TRACON& Tower with Radar,106,61,19,19,205,0,9,28,1,38,106,70,47,20,243,24,2,26,269
03/03/2012,ELP,TX,ASW,WE,Combined TRACON& Tower with Radar,71,36,30,14,151,0,6,57,1,64,71,42,87,15,215,12,10,22,237
03/04/2012,ELP,TX,ASW,WE,Combined TRACON& Tower with Radar,86,37,25,1,149,0,12,35,1,48,86,49,60,2,197,0,0,0,197
03/05/2012,ELP,TX,ASW,WE,Combined TRACON& Tower with Radar,108,43,22,6,179,0,13,44,7,64,108,56,66,13,243,20,0,20,263
03/06/2012,ELP,TX,ASW,WE,Combined TRACON& Tower with Radar,113,45,16,13,187,0,27,23,1,51,113,72,39,14,238,0,8,8,246
03/07/2012,ELP,TX,ASW,WE,Combined TRACON& Tower with Radar,114,44,26,1,185,0,7,16,0,23,114,51,42,1,208,0,4,4,212
03/08/2012,ELP,TX,ASW,WE,Combined TRACON& Tower with Radar,114,55,19,26,214,0,9,36,8,53,114,64,55,34,267,0,38,38,305
03/09/2012,ELP,TX,ASW,WE,Combined TRACON& Tower with Radar,112,44,26,27,209,0,8,49,3,60,112,52,75,30,269,30,6,36,305
03/10/2012,ELP,TX,ASW,WE,Combined TRACON& Tower with Radar,78,32,22,5,137,0,4,15,2,21,78,36,37,7,158,8,0,8,166
03/11/2012,ELP,TX,ASW,WE,Combined TRACON& Tower with Radar,92,38,29,25,184,0,3,36,2,41,92,41,65,27,225,0,0,0,225
03/12/2012,ELP,TX,ASW,WE,Combined TRACON& Tower with Radar,107,37,14,13,171,0,14,62,4,80,107,51,76,17,251,12,0,12,263
03/13/2012,ELP,TX,ASW,WE,Combined TRACON& Tower with Radar,121,46,12,16,195,0,21,34,7,62,121,67,46,23,257,0,26,26,283
03/14/2012,ELP,TX,ASW,WE,Combined TRACON& Tower with Radar,122,44,20,22,208,0,21,48,3,72,122,65,68,25,280,48,14,62,342
03/15/2012,ELP,TX,ASW,WE,Combined TRACON& Tower with Radar,114,51,40,7,212,0,22,47,2,71,114,73,87,9,283,24,0,24,307
03/16/2012,ELP,TX,ASW,WE,Combined TRACON& Tower with Radar,124,64,26,64,278,0,10,47,18,75,124,74,73,82,353,0,32,32,385
03/17/2012,ELP,TX,ASW,WE,Combined TRACON& Tower with Radar,78,37,40,4,159,0,12,42,0,54,78,49,82,4,213,64,0,64,277
03/18/2012,ELP,TX,ASW,WE,Combined TRACON& Tower with Radar,94,38,11,2,145,0,3,8,1,12,94,41,19,3,157,0,0,0,157
03/19/2012,ELP,TX,ASW,WE,Combined TRACON& Tower with Radar,113,49,18,3,183,0,3,10,0,13,113,52,28,3,196,0,0,0,196
03/20/2012,ELP,TX,ASW,WE,Combined TRACON& Tower with Radar,111,55,24,8,198,0,21,56,1,78,111,76,80,9,276,0,0,0,276
03/21/2012,ELP,TX,ASW,WE,Combined TRACON& Tower with Radar,120,47,39,21,227,0,14,59,2,75,120,61,98,23,302,14,10,24,326
03/22/2012,ELP,TX,ASW,WE,Combined TRACON& Tower with Radar,118,48,31,29,226,0,17,73,2,92,118,65,104,31,318,20,0,20,338
03/23/2012,ELP,TX,ASW,WE,Combined TRACON& Tower with Radar,123,53,44,39,259,0,12,40,6,58,123,65,84,45,317,24,26,50,367
03/24/2012,ELP,TX,ASW,WE,Combined TRACON& Tower with Radar,80,41,30,2,153,0,17,54,3,74,80,58,84,5,227,0,0,0,227
03/25/2012,ELP,TX,ASW,WE,Combined TRACON& Tower with Radar,92,42,40,13,187,0,21,41,5,67,92,63,81,18,254,50,0,50,304
03/26/2012,ELP,TX,ASW,WE,Combined TRACON& Tower with Radar,109,43,11,5,168,0,15,38,5,58,109,58,49,10,226,10,0,10,236
03/27/2012,ELP,TX,ASW,WE,Combined TRACON& Tower with Radar,129,50,27,10,216,0,14,50,2,66,129,64,77,12,282,0,0,0,282
03/28/2012,ELP,TX,ASW,WE,Combined TRACON& Tower with Radar,121,40,34,6,201,0,12,38,2,52,121,52,72,8,253,0,0,0,253
03/29/2012,ELP,TX,ASW,WE,Combined TRACON& Tower with Radar,123,52,29,8,212,0,12,54,1,67,123,64,83,9,279,0,0,0,279
03/30/2012,ELP,TX,ASW,WE,Combined TRACON& Tower with Radar,114,52,33,10,209,0,22,41,1,64,114,74,74,11,273,10,0,10,283
03/31/2012,ELP,TX,ASW,WE,Combined TRACON& Tower with Radar,81,53,35,2,171,0,13,40,1,54,81,66,75,3,225,16,0,16,241
04/01/2012,ELP,TX,ASW,WE,Combined TRACON& Tower with Radar,86,48,25,0,159,0,9,23,4,36,86,57,48,4,195,16,0,16,211
04/02/2012,ELP,TX,ASW,WE,Combined TRACON& Tower with Radar,110,53,11,2,176,0,6,22,2,30,110,59,33,4,206,0,0,0,206
04/03/2012,ELP,TX,ASW,WE,Combined TRACON& Tower with Radar,117,53,44,4,218,0,4,68,2,74,117,57,112,6,292,5,0,5,297
04/04/2012,ELP,TX,ASW,WE,Combined TRACON& Tower with Radar,114,45,31,18,208,0,15,67,6,88,114,60,98,24,296,12,0,12,308
04/05/2012,ELP,TX,ASW,WE,Combined TRACON& Tower with Radar,105,52,24,2,183,0,20,41,4,65,105,72,65,6,248,24,0,24,272
04/06/2012,ELP,TX,ASW,WE,Combined TRACON& Tower with Radar,106,46,27,9,188,0,14,30,3,47,106,60,57,12,235,14,0,14,249
04/07/2012,ELP,TX,ASW,WE,Combined TRACON& Tower with Radar,70,35,36,0,141,0,11,40,0,51,70,46,76,0,192,12,0,12,204
04/08/2012,ELP,TX,ASW,WE,Combined TRACON& Tower with Radar,83,49,11,0,143,0,4,19,3,26,83,53,30,3,169,0,0,0,169
04/09/2012,ELP,TX,ASW,WE,Combined TRACON& Tower with Radar,111,62,22,32,227,0,23,42,14,79,111,85,64,46,306,0,0,0,306
04/10/2012,ELP,TX,ASW,WE,Combined TRACON& Tower with Radar,119,45,40,5,209,0,18,39,3,60,119,63,79,8,269,12,0,12,281
04/11/2012,ELP,TX,ASW,WE,Combined TRACON& Tower with Radar,116,38,25,2,181,0,21,31,3,55,116,59,56,5,236,0,0,0,236
04/12/2012,ELP,TX,ASW,WE,Combined TRACON& Tower with Radar,119,63,27,18,227,0,12,47,3,62,119,75,74,21,289,0,12,12,301
04/13/2012,ELP,TX,ASW,WE,Combined TRACON& Tower with Radar,115,57,31,21,224,0,13,29,3,45,115,70,60,24,269,0,36,36,305
04/14/2012,ELP,TX,ASW,WE,Combined TRACON& Tower with Radar,80,46,22,0,148,0,1,7,1,9,80,47,29,1,157,0,0,0,157
04/15/2012,ELP,TX,ASW,WE,Combined TRACON& Tower with Radar,92,46,40,2,180,0,18,27,0,45,92,64,67,2,225,0,0,0,225
04/16/2012,ELP,TX,ASW,WE,Combined TRACON& Tower with Radar,112,55,36,10,213,0,13,48,4,65,112,68,84,14,278,0,0,0,278
04/17/2012,ELP,TX,ASW,WE,Combined TRACON& Tower with Radar,111,49,20,6,186,0,19,49,1,69,111,68,69,7,255,10,0,10,265
04/18/2012,ELP,TX,ASW,WE,Combined TRACON& Tower with Radar,115,50,25,2,192,0,12,40,11,63,115,62,65,13,255,2,0,2,257
04/19/2012,ELP,TX,ASW,WE,Combined TRACON& Tower with Radar,121,54,12,5,192,0,12,52,7,71,121,66,64,12,263,4,0,4,267
04/20/2012,ELP,TX,ASW,WE,Combined TRACON& Tower with Radar,123,43,23,34,223,0,20,59,1,80,123,63,82,35,303,0,50,50,353
04/21/2012,ELP,TX,ASW,WE,Combined TRACON& Tower with Radar,77,47,20,1,145,0,7,47,1,55,77,54,67,2,200,0,0,0,200
04/22/2012,ELP,TX,ASW,WE,Combined TRACON& Tower with Radar,95,41,35,16,187,0,4,41,0,45,95,45,76,16,232,0,0,0,232
04/23/2012,ELP,TX,ASW,WE,Combined TRACON& Tower with Radar,111,51,24,5,191,0,18,49,4,71,111,69,73,9,262,12,0,12,274
04/24/2012,ELP,TX,ASW,WE,Combined TRACON& Tower with Radar,122,55,23,0,200,0,11,50,3,64,122,66,73,3,264,0,0,0,264
04/25/2012,ELP,TX,ASW,WE,Combined TRACON& Tower with Radar,117,68,17,14,216,0,19,36,4,59,117,87,53,18,275,0,0,0,275
04/26/2012,ELP,TX,ASW,WE,Combined TRACON& Tower with Radar,115,67,29,23,234,0,22,19,2,43,115,89,48,25,277,0,0,0,277
04/27/2012,ELP,TX,ASW,WE,Combined TRACON& Tower with Radar,116,55,33,13,217,0,27,35,4,66,116,82,68,17,283,12,2,14,297
04/28/2012,ELP,TX,ASW,WE,Combined TRACON& Tower with Radar,78,36,39,0,153,0,12,32,0,44,78,48,71,0,197,50,0,50,247
04/29/2012,ELP,TX,ASW,WE,Combined TRACON& Tower with Radar,90,43,31,16,180,0,17,44,1,62,90,60,75,17,242,20,0,20,262
04/30/2012,ELP,TX,ASW,WE,Combined TRACON& Tower with Radar,105,49,20,23,197,0,8,19,1,28,105,57,39,24,225,4,16,20,245
05/01/2012,ELP,TX,ASW,WE,Combined TRACON& Tower with Radar,113,42,8,11,174,0,22,35,5,62,113,64,43,16,236,0,0,0,236
05/02/2012,ELP,TX,ASW,WE,Combined TRACON& Tower with Radar,117,54,20,10,201,0,15,46,11,72,117,69,66,21,273,0,0,0,273
05/03/2012,ELP,TX,ASW,WE,Combined TRACON& Tower with Radar,117,59,29,7,212,0,10,57,1,68,117,69,86,8,280,8,0,8,288
05/04/2012,ELP,TX,ASW,WE,Combined TRACON& Tower with Radar,115,48,41,9,213,0,4,49,2,55,115,52,90,11,268,12,0,12,280
05/05/2012,ELP,TX,ASW,WE,Combined TRACON& Tower with Radar,83,40,21,1,145,0,7,36,1,44,83,47,57,2,189,14,0,14,203
05/06/2012,ELP,TX,ASW,WE,Combined TRACON& Tower with Radar,91,45,18,6,160,0,6,45,4,55,91,51,63,10,215,18,0,18,233
05/07/2012,ELP,TX,ASW,WE,Combined TRACON& Tower with Radar,106,54,25,44,229,0,4,55,3,62,106,58,80,47,291,23,0,23,314
05/08/2012,ELP,TX,ASW,WE,Combined TRACON& Tower with Radar,116,50,20,9,195,0,8,21,2,31,116,58,41,11,226,0,0,0,226
05/09/2012,ELP,TX,ASW,WE,Combined TRACON& Tower with Radar,126,54,31,6,217,0,6,27,4,37,126,60,58,10,254,54,0,54,308
05/10/2012,ELP,TX,ASW,WE,Combined TRACON& Tower with Radar,119,56,42,2,219,0,9,26,2,37,119,65,68,4,256,84,0,84,340
05/11/2012,ELP,TX,ASW,WE,Combined TRACON& Tower with Radar,125,52,31,29,237,0,12,31,2,45,125,64,62,31,282,0,0,0,282
05/12/2012,ELP,TX,ASW,WE,Combined TRACON& Tower with Radar,85,27,22,6,140,0,7,39,2,48,85,34,61,8,188,37,0,37,225
05/13/2012,ELP,TX,ASW,WE,Combined TRACON& Tower with Radar,96,34,21,17,168,0,7,29,1,37,96,41,50,18,205,23,0,23,228
05/14/2012,ELP,TX,ASW,WE,Combined TRACON& Tower with Radar,116,58,15,6,195,0,21,41,4,66,116,79,56,10,261,40,0,40,301
05/15/2012,ELP,TX,ASW,WE,Combined TRACON& Tower with Radar,115,59,18,4,196,0,18,67,6,91,115,77,85,10,287,34,0,34,321
05/16/2012,ELP,TX,ASW,WE,Combined TRACON& Tower with Radar,119,58,28,5,210,0,20,29,6,55,119,78,57,11,265,12,0,12,277
05/17/2012,ELP,TX,ASW,WE,Combined TRACON& Tower with Radar,118,69,35,10,232,0,23,50,5,78,118,92,85,15,310,35,0,35,345
05/18/2012,ELP,TX,ASW,WE,Combined TRACON& Tower with Radar,119,58,23,27,227,0,13,45,14,72,119,71,68,41,299,0,0,0,299
05/19/2012,ELP,TX,ASW,WE,Combined TRACON& Tower with Radar,81,29,16,2,128,0,8,25,3,36,81,37,41,5,164,0,0,0,164
05/20/2012,ELP,TX,ASW,WE,Combined TRACON& Tower with Radar,96,38,23,9,166,0,1,52,7,60,96,39,75,16,226,39,0,39,265
05/21/2012,ELP,TX,ASW,WE,Combined TRACON& Tower with Radar,105,54,16,15,190,0,33,27,2,62,105,87,43,17,252,0,0,0,252
05/22/2012,ELP,TX,ASW,WE,Combined TRACON& Tower with Radar,122,53,30,7,212,0,11,35,2,48,122,64,65,9,260,3,0,3,263
05/23/2012,ELP,TX,ASW,WE,Combined TRACON& Tower with Radar,117,53,18,18,206,0,7,31,1,39,117,60,49,19,245,4,0,4,249
05/24/2012,ELP,TX,ASW,WE,Combined TRACON& Tower with Radar,117,73,28,7,225,0,9,42,2,53,117,82,70,9,278,0,0,0,278
05/25/2012,ELP,TX,ASW,WE,Combined TRACON& Tower with Radar,128,50,25,12,215,0,18,47,5,70,128,68,72,17,285,0,0,0,285
05/26/2012,ELP,TX,ASW,WE,Combined TRACON& Tower with Radar,80,23,12,0,115,0,7,30,2,39,80,30,42,2,154,0,0,0,154
05/27/2012,ELP,TX,ASW,WE,Combined TRACON& Tower with Radar,70,22,19,7,118,0,11,42,3,56,70,33,61,10,174,40,0,40,214
05/28/2012,ELP,TX,ASW,WE,Combined TRACON& Tower with Radar,94,39,21,8,162,0,6,42,5,53,94,45,63,13,215,0,0,0,215
05/29/2012,ELP,TX,ASW,WE,Combined TRACON& Tower with Radar,118,37,20,11,186,0,13,50,4,67,118,50,70,15,253,5,0,5,258
05/30/2012,ELP,TX,ASW,WE,Combined TRACON& Tower with Radar,113,50,18,7,188,0,27,35,2,64,113,77,53,9,252,0,0,0,252
05/31/2012,ELP,TX,ASW,WE,Combined TRACON& Tower with Radar,124,56,21,6,207,0,21,45,6,72,124,77,66,12,279,0,0,0,279
06/01/2012,ELP,TX,ASW,WE,Combined TRACON& Tower with Radar,119,52,22,10,203,0,17,48,2,67,119,69,70,12,270,24,0,24,294
06/02/2012,ELP,TX,ASW,WE,Combined TRACON& Tower with Radar,81,31,23,2,137,0,15,43,3,61,81,46,66,5,198,28,0,28,226
06/03/2012,ELP,TX,ASW,WE,Combined TRACON& Tower with Radar,98,34,27,3,162,0,8,39,3,50,98,42,66,6,212,36,0,36,248
06/04/2012,ELP,TX,ASW,WE,Combined TRACON& Tower with Radar,112,48,17,6,183,0,11,44,6,61,112,59,61,12,244,99,0,99,343
06/05/2012,ELP,TX,ASW,WE,Combined TRACON& Tower with Radar,118,51,29,7,205,0,13,52,5,70,118,64,81,12,275,0,12,12,287
06/06/2012,ELP,TX,ASW,WE,Combined TRACON& Tower with Radar,114,60,34,3,211,0,22,37,4,63,114,82,71,7,274,34,0,34,308
06/07/2012,ELP,TX,ASW,WE,Combined TRACON& Tower with Radar,120,64,32,7,223,0,27,38,9,74,120,91,70,16,297,0,0,0,297
06/08/2012,ELP,TX,ASW,WE,Combined TRACON& Tower with Radar,115,67,39,11,232,0,17,40,1,58,115,84,79,12,290,3,0,3,293
06/09/2012,ELP,TX,ASW,WE,Combined TRACON& Tower with Radar,84,48,22,0,154,0,14,30,1,45,84,62,52,1,199,0,0,0,199
06/10/2012,ELP,TX,ASW,WE,Combined TRACON& Tower with Radar,95,36,14,2,147,0,8,34,1,43,95,44,48,3,190,31,0,31,221
06/11/2012,ELP,TX,ASW,WE,Combined TRACON& Tower with Radar,105,48,19,5,177,0,14,33,1,48,105,62,52,6,225,8,0,8,233
06/12/2012,ELP,TX,ASW,WE,Combined TRACON& Tower with Radar,123,50,29,9,211,0,22,42,2,66,123,72,71,11,277,38,0,38,315
06/13/2012,ELP,TX,ASW,WE,Combined TRACON& Tower with Radar,125,53,27,8,213,0,16,42,6,64,125,69,69,14,277,0,0,0,277
06/14/2012,ELP,TX,ASW,WE,Combined TRACON& Tower with Radar,122,50,25,11,208,0,13,28,5,46,122,63,53,16,254,0,0,0,254
06/15/2012,ELP,TX,ASW,WE,Combined TRACON& Tower with Radar,119,59,29,10,217,0,19,42,2,63,119,78,71,12,280,4,0,4,284
06/16/2012,ELP,TX,ASW,WE,Combined TRACON& Tower with Radar,81,43,21,5,150,0,9,33,1,43,81,52,54,6,193,17,0,17,210
06/17/2012,ELP,TX,ASW,WE,Combined TRACON& Tower with Radar,94,52,16,15,177,0,15,22,16,53,94,67,38,31,230,6,0,6,236
06/18/2012,ELP,TX,ASW,WE,Combined TRACON& Tower with Radar,113,43,16,10,182,0,9,35,3,47,113,52,51,13,229,8,0,8,237
06/19/2012,ELP,TX,ASW,WE,Combined TRACON& Tower with Radar,129,48,17,5,199,0,15,31,3,49,129,63,48,8,248,16,0,16,264
06/20/2012,ELP,TX,ASW,WE,Combined TRACON& Tower with Radar,120,55,27,14,216,0,21,42,6,69,120,76,69,20,285,32,0,32,317
06/21/2012,ELP,TX,ASW,WE,Combined TRACON& Tower with Radar,120,62,32,5,219,0,8,49,5,62,120,70,81,10,281,3,0,3,284
06/22/2012,ELP,TX,ASW,WE,Combined TRACON& Tower with Radar,118,38,20,22,198,0,4,37,15,56,118,42,57,37,254,2,0,2,256
06/23/2012,ELP,TX,ASW,WE,Combined TRACON& Tower with Radar,80,34,22,3,139,0,8,63,4,75,80,42,85,7,214,55,0,55,269
06/24/2012,ELP,TX,ASW,WE,Combined TRACON& Tower with Radar,95,46,22,11,174,0,4,41,6,51,95,50,63,17,225,12,0,12,237
06/25/2012,ELP,TX,ASW,WE,Combined TRACON& Tower with Radar,113,49,30,7,199,0,16,44,5,65,113,65,74,12,264,100,0,100,364
06/26/2012,ELP,TX,ASW,WE,Combined TRACON& Tower with Radar,126,62,16,3,207,0,6,42,1,49,126,68,58,4,256,22,0,22,278
06/27/2012,ELP,TX,ASW,WE,Combined TRACON& Tower with Radar,128,43,29,2,202,0,4,63,6,73,128,47,92,8,275,17,0,17,292
06/28/2012,ELP,TX,ASW,WE,Combined TRACON& Tower with Radar,121,51,46,7,225,0,10,43,4,57,121,61,89,11,282,6,0,6,288
06/29/2012,ELP,TX,ASW,WE,Combined TRACON& Tower with Radar,119,50,16,8,193,0,10,29,1,40,119,60,45,9,233,10,0,10,243
06/30/2012,ELP,TX,ASW,WE,Combined TRACON& Tower with Radar,83,43,26,6,158,0,13,52,1,66,83,56,78,7,224,48,0,48,272
07/01/2012,ELP,TX,ASW,WE,Combined TRACON& Tower with Radar,100,38,16,2,156,0,4,38,3,45,100,42,54,5,201,47,0,47,248
07/02/2012,ELP,TX,ASW,WE,Combined TRACON& Tower with Radar,106,32,21,4,163,0,9,43,1,53,106,41,64,5,216,36,0,36,252
07/03/2012,ELP,TX,ASW,WE,Combined TRACON& Tower with Radar,112,41,17,3,173,0,9,29,0,38,112,50,46,3,211,16,0,16,227
07/04/2012,ELP,TX,ASW,WE,Combined TRACON& Tower with Radar,91,31,23,0,145,0,6,17,3,26,91,37,40,3,171,44,0,44,215
07/05/2012,ELP,TX,ASW,WE,Combined TRACON& Tower with Radar,108,34,23,12,177,0,6,41,5,52,108,40,64,17,229,10,0,10,239
07/06/2012,ELP,TX,ASW,WE,Combined TRACON& Tower with Radar,109,34,19,21,183,0,11,35,1,47,109,45,54,22,230,0,0,0,230
07/07/2012,ELP,TX,ASW,WE,Combined TRACON& Tower with Radar,79,33,17,4,133,0,2,33,5,40,79,35,50,9,173,0,0,0,173
07/08/2012,ELP,TX,ASW,WE,Combined TRACON& Tower with Radar,94,38,22,5,159,0,13,47,3,63,94,51,69,8,222,1,0,1,223
07/09/2012,ELP,TX,ASW,WE,Combined TRACON& Tower with Radar,110,40,22,6,178,0,12,33,2,47,110,52,55,8,225,0,0,0,225
07/10/2012,ELP,TX,ASW,WE,Combined TRACON& Tower with Radar,114,42,19,12,187,0,12,25,2,39,114,54,44,14,226,41,0,41,267
07/11/2012,ELP,TX,ASW,WE,Combined TRACON& Tower with Radar,118,51,33,3,205,0,11,47,0,58,118,62,80,3,263,24,0,24,287
07/12/2012,ELP,TX,ASW,WE,Combined TRACON& Tower with Radar,113,59,23,6,201,0,17,55,0,72,113,76,78,6,273,25,0,25,298
07/13/2012,ELP,TX,ASW,WE,Combined TRACON& Tower with Radar,117,47,34,6,204,0,18,45,2,65,117,65,79,8,269,9,0,9,278
07/14/2012,ELP,TX,ASW,WE,Combined TRACON& Tower with Radar,80,33,30,3,146,0,14,61,0,75,80,47,91,3,221,46,0,46,267
07/15/2012,ELP,TX,ASW,WE,Combined TRACON& Tower with Radar,93,33,19,1,146,0,11,38,2,51,93,44,57,3,197,52,0,52,249
07/16/2012,ELP,TX,ASW,WE,Combined TRACON& Tower with Radar,104,52,28,5,189,0,13,32,2,47,104,65,60,7,236,46,6,52,288
07/17/2012,ELP,TX,ASW,WE,Combined TRACON& Tower with Radar,119,55,42,3,219,0,5,41,1,47,119,60,83,4,266,28,0,28,294
07/18/2012,ELP,TX,ASW,WE,Combined TRACON& Tower with Radar,118,66,21,6,211,0,19,38,3,60,118,85,59,9,271,40,0,40,311
07/19/2012,ELP,TX,ASW,WE,Combined TRACON& Tower with Radar,112,53,28,11,204,0,17,41,5,63,112,70,69,16,267,9,0,9,276
07/20/2012,ELP,TX,ASW,WE,Combined TRACON& Tower with Radar,116,51,24,20,211,0,11,46,3,60,116,62,70,23,271,2,0,2,273
07/21/2012,ELP,TX,ASW,WE,Combined TRACON& Tower with Radar,83,38,27,4,152,0,14,31,0,45,83,52,58,4,197,16,0,16,213
07/22/2012,ELP,TX,ASW,WE,Combined TRACON& Tower with Radar,91,46,22,7,166,0,13,21,1,35,91,59,43,8,201,26,0,26,227
07/23/2012,ELP,TX,ASW,WE,Combined TRACON& Tower with Radar,114,52,13,4,183,0,18,25,8,51,114,70,38,12,234,0,0,0,234
07/24/2012,ELP,TX,ASW,WE,Combined TRACON& Tower with Radar,121,50,22,8,201,0,20,51,1,72,121,70,73,9,273,18,0,18,291
07/25/2012,ELP,TX,ASW,WE,Combined TRACON& Tower with Radar,116,53,18,13,200,0,9,30,3,42,116,62,48,16,242,0,0,0,242
07/26/2012,ELP,TX,ASW,WE,Combined TRACON& Tower with Radar,115,58,28,10,211,0,11,25,0,36,115,69,53,10,247,0,0,0,247
07/27/2012,ELP,TX,ASW,WE,Combined TRACON& Tower with Radar,120,56,20,23,219,0,2,20,5,27,120,58,40,28,246,0,0,0,246
07/28/2012,ELP,TX,ASW,WE,Combined TRACON& Tower with Radar,88,40,13,1,142,0,5,34,0,39,88,45,47,1,181,16,0,16,197
07/29/2012,ELP,TX,ASW,WE,Combined TRACON& Tower with Radar,91,44,30,0,165,0,7,54,1,62,91,51,84,1,227,24,0,24,251
07/30/2012,ELP,TX,ASW,WE,Combined TRACON& Tower with Radar,108,52,30,10,200,0,16,46,9,71,108,68,76,19,271,6,0,6,277
07/31/2012,ELP,TX,ASW,WE,Combined TRACON& Tower with Radar,114,53,19,8,194,0,13,48,9,70,114,66,67,17,264,0,0,0,264
08/01/2012,ELP,TX,ASW,WE,Combined TRACON& Tower with Radar,111,55,23,4,193,0,18,59,8,85,111,73,82,12,278,0,0,0,278
08/02/2012,ELP,TX,ASW,WE,Combined TRACON& Tower with Radar,114,56,31,2,203,0,6,54,7,67,114,62,85,9,270,0,0,0,270
08/03/2012,ELP,TX,ASW,WE,Combined TRACON& Tower with Radar,113,51,35,4,203,0,4,41,6,51,113,55,76,10,254,39,0,39,293
08/04/2012,ELP,TX,ASW,WE,Combined TRACON& Tower with Radar,82,40,19,1,142,0,6,44,6,56,82,46,63,7,198,16,0,16,214
08/05/2012,ELP,TX,ASW,WE,Combined TRACON& Tower with Radar,94,35,25,5,159,0,8,37,3,48,94,43,62,8,207,20,0,20,227
08/06/2012,ELP,TX,ASW,WE,Combined TRACON& Tower with Radar,108,55,25,3,191,0,13,69,3,85,108,68,94,6,276,17,0,17,293
08/07/2012,ELP,TX,ASW,WE,Combined TRACON& Tower with Radar,112,55,16,1,184,0,13,64,3,80,112,68,80,4,264,0,0,0,264
08/08/2012,ELP,TX,ASW,WE,Combined TRACON& Tower with Radar,117,48,18,4,187,0,9,82,9,100,117,57,100,13,287,0,0,0,287
08/09/2012,ELP,TX,ASW,WE,Combined TRACON& Tower with Radar,113,73,27,1,214,0,10,75,4,89,113,83,102,5,303,35,0,35,338
08/10/2012,ELP,TX,ASW,WE,Combined TRACON& Tower with Radar,117,60,20,8,205,1,23,87,3,114,118,83,107,11,319,24,0,24,343
08/11/2012,ELP,TX,ASW,WE,Combined TRACON& Tower with Radar,84,39,33,3,159,0,20,66,9,95,84,59,99,12,254,40,18,58,312
08/12/2012,ELP,TX,ASW,WE,Combined TRACON& Tower with Radar,94,43,25,6,168,0,22,60,2,84,94,65,85,8,252,8,0,8,260
08/13/2012,ELP,TX,ASW,WE,Combined TRACON& Tower with Radar,101,52,30,5,188,0,7,43,1,51,101,59,73,6,239,22,0,22,261
08/14/2012,ELP,TX,ASW,WE,Combined TRACON& Tower with Radar,109,44,28,13,194,0,8,36,0,44,109,52,64,13,238,14,0,14,252
08/15/2012,ELP,TX,ASW,WE,Combined TRACON& Tower with Radar,113,58,18,7,196,0,13,43,5,61,113,71,61,12,257,0,0,0,257
08/16/2012,ELP,TX,ASW,WE,Combined TRACON& Tower with Radar,110,69,23,7,209,0,17,28,2,47,110,86,51,9,256,0,0,0,256
08/17/2012,ELP,TX,ASW,WE,Combined TRACON& Tower with Radar,111,67,19,14,211,0,5,28,2,35,111,72,47,16,246,0,0,0,246
08/18/2012,ELP,TX,ASW,WE,Combined TRACON& Tower with Radar,78,39,22,4,143,0,11,36,0,47,78,50,58,4,190,0,0,0,190
08/19/2012,ELP,TX,ASW,WE,Combined TRACON& Tower with Radar,90,49,9,3,151,0,4,28,1,33,90,53,37,4,184,0,0,0,184
08/20/2012,ELP,TX,ASW,WE,Combined TRACON& Tower with Radar,101,61,26,3,191,0,5,30,2,37,101,66,56,5,228,0,0,0,228
08/21/2012,ELP,TX,ASW,WE,Combined TRACON& Tower with Radar,117,63,25,1,206,0,7,49,4,60,117,70,74,5,266,0,0,0,266
08/22/2012,ELP,TX,ASW,WE,Combined TRACON& Tower with Radar,113,70,27,12,222,0,15,34,2,51,113,85,61,14,273,10,0,10,283
08/23/2012,ELP,TX,ASW,WE,Combined TRACON& Tower with Radar,107,64,18,5,194,0,8,33,2,43,107,72,51,7,237,0,0,0,237
08/24/2012,ELP,TX,ASW,WE,Combined TRACON& Tower with Radar,107,58,27,31,223,0,11,36,2,49,107,69,63,33,272,32,0,32,304
08/25/2012,ELP,TX,ASW,WE,Combined TRACON& Tower with Radar,72,42,16,3,133,0,20,41,2,63,72,62,57,5,196,60,0,60,256
08/26/2012,ELP,TX,ASW,WE,Combined TRACON& Tower with Radar,92,39,17,5,153,0,6,29,3,38,92,45,46,8,191,42,0,42,233
08/27/2012,ELP,TX,ASW,WE,Combined TRACON& Tower with Radar,103,46,21,20,190,0,15,35,6,56,103,61,56,26,246,0,0,0,246
08/28/2012,ELP,TX,ASW,WE,Combined TRACON& Tower with Radar,125,52,38,1,216,0,9,34,5,48,125,61,72,6,264,21,0,21,285
08/29/2012,ELP,TX,ASW,WE,Combined TRACON& Tower with Radar,119,44,29,1,193,0,10,50,0,60,119,54,79,1,253,83,0,83,336
08/30/2012,ELP,TX,ASW,WE,Combined TRACON& Tower with Radar,117,73,29,3,222,0,14,51,2,67,117,87,80,5,289,24,0,24,313
08/31/2012,ELP,TX,ASW,WE,Combined TRACON& Tower with Radar,111,57,18,2,188,0,11,45,5,61,111,68,63,7,249,30,0,30,279
09/01/2012,ELP,TX,ASW,WE,Combined TRACON& Tower with Radar,67,26,26,1,120,0,19,41,2,62,67,45,67,3,182,45,0,45,227
09/02/2012,ELP,TX,ASW,WE,Combined TRACON& Tower with Radar,67,33,25,2,127,0,9,25,0,34,67,42,50,2,161,42,0,42,203
09/03/2012,ELP,TX,ASW,WE,Combined TRACON& Tower with Radar,86,37,27,3,153,0,19,23,0,42,86,56,50,3,195,6,0,6,201
09/04/2012,ELP,TX,ASW,WE,Combined TRACON& Tower with Radar,107,51,33,6,197,0,5,31,0,36,107,56,64,6,233,80,0,80,313
09/05/2012,ELP,TX,ASW,WE,Combined TRACON& Tower with Radar,109,41,19,4,173,0,17,42,1,60,109,58,61,5,233,0,0,0,233
09/06/2012,ELP,TX,ASW,WE,Combined TRACON& Tower with Radar,112,55,27,6,200,0,18,20,5,43,112,73,47,11,243,0,0,0,243
09/07/2012,ELP,TX,ASW,WE,Combined TRACON& Tower with Radar,113,58,26,5,202,0,13,33,0,46,113,71,59,5,248,30,0,30,278
09/08/2012,ELP,TX,ASW,WE,Combined TRACON& Tower with Radar,73,35,8,4,120,0,4,24,1,29,73,39,32,5,149,38,0,38,187
09/09/2012,ELP,TX,ASW,WE,Combined TRACON& Tower with Radar,94,41,33,6,174,0,8,23,6,37,94,49,56,12,211,0,0,0,211
09/10/2012,ELP,TX,ASW,WE,Combined TRACON& Tower with Radar,109,37,32,10,188,0,10,43,6,59,109,47,75,16,247,84,0,84,331
09/11/2012,ELP,TX,ASW,WE,Combined TRACON& Tower with Radar,118,47,30,4,199,0,13,35,3,51,118,60,65,7,250,54,0,54,304
09/12/2012,ELP,TX,ASW,WE,Combined TRACON& Tower with Radar,111,44,22,5,182,0,11,43,3,57,111,55,65,8,239,8,0,8,247
09/13/2012,ELP,TX,ASW,WE,Combined TRACON& Tower with Radar,115,68,33,7,223,0,7,35,1,43,115,75,68,8,266,26,0,26,292
09/14/2012,ELP,TX,ASW,WE,Combined TRACON& Tower with Radar,107,53,33,21,214,0,8,35,0,43,107,61,68,21,257,48,0,48,305
09/15/2012,ELP,TX,ASW,WE,Combined TRACON& Tower with Radar,70,43,25,0,138,0,5,31,0,36,70,48,56,0,174,24,0,24,198
09/16/2012,ELP,TX,ASW,WE,Combined TRACON& Tower with Radar,92,33,23,7,155,0,1,26,1,28,92,34,49,8,183,16,0,16,199
09/17/2012,ELP,TX,ASW,WE,Combined TRACON& Tower with Radar,106,53,35,11,205,0,8,36,0,44,106,61,71,11,249,6,0,6,255
09/18/2012,ELP,TX,ASW,WE,Combined TRACON& Tower with Radar,125,68,22,4,219,0,12,51,2,65,125,80,73,6,284,16,0,16,300
09/19/2012,ELP,TX,ASW,WE,Combined TRACON& Tower with Radar,126,55,19,15,215,0,7,44,1,52,126,62,63,16,267,0,0,0,267
09/20/2012,ELP,TX,ASW,WE,Combined TRACON& Tower with Radar,123,63,14,3,203,0,11,63,3,77,123,74,77,6,280,34,0,34,314
09/21/2012,ELP,TX,ASW,WE,Combined TRACON& Tower with Radar,125,61,23,9,218,3,26,44,1,74,128,87,67,10,292,56,0,56,348
09/22/2012,ELP,TX,ASW,WE,Combined TRACON& Tower with Radar,82,27,26,3,138,0,14,39,2,55,82,41,65,5,193,16,0,16,209
09/23/2012,ELP,TX,ASW,WE,Combined TRACON& Tower with Radar,91,36,26,2,155,0,5,29,0,34,91,41,55,2,189,20,0,20,209
09/24/2012,ELP,TX,ASW,WE,Combined TRACON& Tower with Radar,112,44,23,3,182,0,9,35,1,45,112,53,58,4,227,48,0,48,275
09/25/2012,ELP,TX,ASW,WE,Combined TRACON& Tower with Radar,125,50,25,4,204,0,23,45,1,69,125,73,70,5,273,6,0,6,279
09/26/2012,ELP,TX,ASW,WE,Combined TRACON& Tower with Radar,124,44,29,10,207,0,13,41,4,58,124,57,70,14,265,8,0,8,273
09/27/2012,ELP,TX,ASW,WE,Combined TRACON& Tower with Radar,121,55,24,4,204,0,22,28,0,50,121,77,52,4,254,32,0,32,286
09/28/2012,ELP,TX,ASW,WE,Combined TRACON& Tower with Radar,124,52,22,17,215,0,12,19,0,31,124,64,41,17,246,0,0,0,246
09/29/2012,ELP,TX,ASW,WE,Combined TRACON& Tower with Radar,82,37,25,5,149,0,29,47,1,77,82,66,72,6,226,16,0,16,242
09/30/2012,ELP,TX,ASW,WE,Combined TRACON& Tower with Radar,98,34,25,8,165,1,10,35,2,48,99,44,60,10,213,0,0,0,213
10/01/2012,ELP,TX,ASW,WE,Combined TRACON& Tower with Radar,108,48,16,7,179,0,11,36,1,48,108,59,52,8,227,16,0,16,243
10/02/2012,ELP,TX,ASW,WE,Combined TRACON& Tower with Radar,123,73,36,16,248,0,18,39,9,66,123,91,75,25,314,40,0,40,354
10/03/2012,ELP,TX,ASW,WE,Combined TRACON& Tower with Radar,122,70,36,12,240,0,28,39,8,75,122,98,75,20,315,0,0,0,315
10/04/2012,ELP,TX,ASW,WE,Combined TRACON& Tower with Radar,128,68,35,9,240,0,26,36,4,66,128,94,71,13,306,14,0,14,320
10/05/2012,ELP,TX,ASW,WE,Combined TRACON& Tower with Radar,122,59,28,5,214,0,18,44,1,63,122,77,72,6,277,24,0,24,301
10/06/2012,ELP,TX,ASW,WE,Combined TRACON& Tower with Radar,87,31,26,1,145,0,14,36,1,51,87,45,62,2,196,20,0,20,216
10/07/2012,ELP,TX,ASW,WE,Combined TRACON& Tower with Radar,96,39,33,2,170,0,5,30,0,35,96,44,63,2,205,0,0,0,205
10/08/2012,ELP,TX,ASW,WE,Combined TRACON& Tower with Radar,114,52,28,2,196,0,12,51,4,67,114,64,79,6,263,16,0,16,279
10/09/2012,ELP,TX,ASW,WE,Combined TRACON& Tower with Radar,129,60,31,8,228,0,6,36,8,50,129,66,67,16,278,0,0,0,278
10/10/2012,ELP,TX,ASW,WE,Combined TRACON& Tower with Radar,122,54,33,3,212,0,18,50,5,73,122,72,83,8,285,98,0,98,383
10/11/2012,ELP,TX,ASW,WE,Combined TRACON& Tower with Radar,122,60,28,33,243,0,20,22,1,43,122,80,50,34,286,2,45,47,333
10/12/2012,ELP,TX,ASW,WE,Combined TRACON& Tower with Radar,123,66,31,21,241,0,12,35,3,50,123,78,66,24,291,0,0,0,291
10/13/2012,ELP,TX,ASW,WE,Combined TRACON& Tower with Radar,83,45,12,0,140,0,22,38,2,62,83,67,50,2,202,24,0,24,226
10/14/2012,ELP,TX,ASW,WE,Combined TRACON& Tower with Radar,93,42,28,4,167,0,0,34,0,34,93,42,62,4,201,0,0,0,201
10/15/2012,ELP,TX,ASW,WE,Combined TRACON& Tower with Radar,107,53,17,15,192,0,3,33,2,38,107,56,50,17,230,0,0,0,230
10/16/2012,ELP,TX,ASW,WE,Combined TRACON& Tower with Radar,125,60,28,25,238,0,15,25,5,45,125,75,53,30,283,2,0,2,285
10/17/2012,ELP,TX,ASW,WE,Combined TRACON& Tower with Radar,120,54,26,0,200,0,13,24,7,44,120,67,50,7,244,12,0,12,256
10/18/2012,ELP,TX,ASW,WE,Combined TRACON& Tower with Radar,111,64,19,10,204,0,23,31,5,59,111,87,50,15,263,0,0,0,263
10/19/2012,ELP,TX,ASW,WE,Combined TRACON& Tower with Radar,116,53,14,8,191,0,23,27,3,53,116,76,41,11,244,0,0,0,244
10/20/2012,ELP,TX,ASW,WE,Combined TRACON& Tower with Radar,76,30,12,0,118,0,7,32,0,39,76,37,44,0,157,6,0,6,163
10/21/2012,ELP,TX,ASW,WE,Combined TRACON& Tower with Radar,94,30,16,3,143,0,1,21,3,25,94,31,37,6,168,0,0,0,168
10/22/2012,ELP,TX,ASW,WE,Combined TRACON& Tower with Radar,112,63,17,5,197,0,9,45,4,58,112,72,62,9,255,0,0,0,255
10/23/2012,ELP,TX,ASW,WE,Combined TRACON& Tower with Radar,114,47,34,10,205,0,21,53,6,80,114,68,87,16,285,10,0,10,295
10/24/2012,ELP,TX,ASW,WE,Combined TRACON& Tower with Radar,122,54,34,10,220,0,15,55,1,71,122,69,89,11,291,8,0,8,299
10/25/2012,ELP,TX,ASW,WE,Combined TRACON& Tower with Radar,114,57,47,14,232,0,22,49,5,76,114,79,96,19,308,0,0,0,308
10/26/2012,ELP,TX,ASW,WE,Combined TRACON& Tower with Radar,119,46,34,24,223,0,14,28,2,44,119,60,62,26,267,0,6,6,273
10/27/2012,ELP,TX,ASW,WE,Combined TRACON& Tower with Radar,76,36,33,3,148,0,4,52,1,57,76,40,85,4,205,44,0,44,249
10/28/2012,ELP,TX,ASW,WE,Combined TRACON& Tower with Radar,96,35,19,27,177,0,4,36,1,41,96,39,55,28,218,4,0,4,222
10/29/2012,ELP,TX,ASW,WE,Combined TRACON& Tower with Radar,106,46,32,49,233,0,20,48,9,77,106,66,80,58,310,26,0,26,336
10/30/2012,ELP,TX,ASW,WE,Combined TRACON& Tower with Radar,117,33,37,2,189,0,17,60,8,85,117,50,97,10,274,20,0,20,294
10/31/2012,ELP,TX,ASW,WE,Combined TRACON& Tower with Radar,115,44,18,6,183,0,6,48,0,54,115,50,66,6,237,0,0,0,237
11/01/2012,ELP,TX,ASW,WE,Combined TRACON& Tower with Radar,113,50,34,8,205,0,14,46,7,67,113,64,80,15,272,0,0,0,272
11/02/2012,ELP,TX,ASW,WE,Combined TRACON& Tower with Radar,114,63,16,9,202,0,10,33,3,46,114,73,49,12,248,14,0,14,262
11/03/2012,ELP,TX,ASW,WE,Combined TRACON& Tower with Radar,76,29,24,1,130,0,17,34,0,51,76,46,58,1,181,4,0,4,185
11/04/2012,ELP,TX,ASW,WE,Combined TRACON& Tower with Radar,86,46,42,2,176,0,7,45,2,54,86,53,87,4,230,6,4,10,240
11/05/2012,ELP,TX,ASW,WE,Combined TRACON& Tower with Radar,98,51,32,8,189,0,23,40,3,66,98,74,72,11,255,0,0,0,255
11/06/2012,ELP,TX,ASW,WE,Combined TRACON& Tower with Radar,98,52,39,4,193,0,15,21,3,39,98,67,60,7,232,10,0,10,242
11/07/2012,ELP,TX,ASW,WE,Combined TRACON& Tower with Radar,119,46,14,1,180,0,27,50,0,77,119,73,64,1,257,32,2,34,291
11/08/2012,ELP,TX,ASW,WE,Combined TRACON& Tower with Radar,109,59,31,4,203,0,18,49,4,71,109,77,80,8,274,0,0,0,274
11/09/2012,ELP,TX,ASW,WE,Combined TRACON& Tower with Radar,105,69,27,7,208,0,21,40,3,64,105,90,67,10,272,22,2,24,296
11/10/2012,ELP,TX,ASW,WE,Combined TRACON& Tower with Radar,79,26,14,2,121,0,8,19,4,31,79,34,33,6,152,27,0,27,179
11/11/2012,ELP,TX,ASW,WE,Combined TRACON& Tower with Radar,85,35,19,2,141,0,2,24,2,28,85,37,43,4,169,0,0,0,169
11/12/2012,ELP,TX,ASW,WE,Combined TRACON& Tower with Radar,101,54,12,2,169,0,11,46,4,61,101,65,58,6,230,22,0,22,252
11/13/2012,ELP,TX,ASW,WE,Combined TRACON& Tower with Radar,116,57,18,3,194,0,13,48,3,64,116,70,66,6,258,16,0,16,274
11/14/2012,ELP,TX,ASW,WE,Combined TRACON& Tower with Radar,116,67,24,11,218,0,14,52,1,67,116,81,76,12,285,6,0,6,291
11/15/2012,ELP,TX,ASW,WE,Combined TRACON& Tower with Radar,110,66,37,30,243,0,13,54,6,73,110,79,91,36,316,24,14,38,354
11/16/2012,ELP,TX,ASW,WE,Combined TRACON& Tower with Radar,114,65,30,28,237,0,7,31,8,46,114,72,61,36,283,25,0,25,308
11/17/2012,ELP,TX,ASW,WE,Combined TRACON& Tower with Radar,79,47,14,9,149,0,4,61,0,65,79,51,75,9,214,30,4,34,248
11/18/2012,ELP,TX,ASW,WE,Combined TRACON& Tower with Radar,86,33,21,13,153,0,12,31,1,44,86,45,52,14,197,16,0,16,213
11/19/2012,ELP,TX,ASW,WE,Combined TRACON& Tower with Radar,105,54,22,18,199,0,11,49,0,60,105,65,71,18,259,0,0,0,259
11/20/2012,ELP,TX,ASW,WE,Combined TRACON& Tower with Radar,118,59,17,14,208,0,14,46,2,62,118,73,63,16,270,0,0,0,270
11/21/2012,ELP,TX,ASW,WE,Combined TRACON& Tower with Radar,110,69,17,1,197,0,8,37,0,45,110,77,54,1,242,14,0,14,256
11/22/2012,ELP,TX,ASW,WE,Combined TRACON& Tower with Radar,65,25,10,0,100,0,9,24,0,33,65,34,34,0,133,0,0,0,133
11/23/2012,ELP,TX,ASW,WE,Combined TRACON& Tower with Radar,93,23,4,0,120,0,8,19,0,27,93,31,23,0,147,0,0,0,147
11/24/2012,ELP,TX,ASW,WE,Combined TRACON& Tower with Radar,80,34,35,0,149,0,4,53,0,57,80,38,88,0,206,64,0,64,270
11/25/2012,ELP,TX,ASW,WE,Combined TRACON& Tower with Radar,103,44,24,2,173,0,11,37,0,48,103,55,61,2,221,32,0,32,253
11/26/2012,ELP,TX,ASW,WE,Combined TRACON& Tower with Radar,119,43,25,2,189,1,18,51,5,75,120,61,76,7,264,20,0,20,284
11/27/2012,ELP,TX,ASW,WE,Combined TRACON& Tower with Radar,117,32,26,2,177,0,9,56,4,69,117,41,82,6,246,0,0,0,246
11/28/2012,ELP,TX,ASW,WE,Combined TRACON& Tower with Radar,116,40,34,2,192,0,12,56,3,71,116,52,90,5,263,18,0,18,281
11/29/2012,ELP,TX,ASW,WE,Combined TRACON& Tower with Radar,114,59,22,2,197,0,21,78,0,99,114,80,100,2,296,0,0,0,296
11/30/2012,ELP,TX,ASW,WE,Combined TRACON& Tower with Radar,109,44,36,18,207,0,10,41,3,54,109,54,77,21,261,0,0,0,261
12/01/2012,ELP,TX,ASW,WE,Combined TRACON& Tower with Radar,80,26,17,19,142,0,7,31,1,39,80,33,48,20,181,24,0,24,205
12/02/2012,ELP,TX,ASW,WE,Combined TRACON& Tower with Radar,96,29,24,8,157,0,8,27,0,35,96,37,51,8,192,32,0,32,224
12/03/2012,ELP,TX,ASW,WE,Combined TRACON& Tower with Radar,103,49,22,9,183,0,18,39,2,59,103,67,61,11,242,0,0,0,242
12/04/2012,ELP,TX,ASW,WE,Combined TRACON& Tower with Radar,114,37,37,7,195,0,15,42,5,62,114,52,79,12,257,6,0,6,263
12/05/2012,ELP,TX,ASW,WE,Combined TRACON& Tower with Radar,112,42,25,9,188,0,20,46,3,69,112,62,71,12,257,14,22,36,293
12/06/2012,ELP,TX,ASW,WE,Combined TRACON& Tower with Radar,107,50,22,8,187,0,21,41,5,67,107,71,63,13,254,0,0,0,254
12/07/2012,ELP,TX,ASW,WE,Combined TRACON& Tower with Radar,108,55,33,22,218,0,12,37,2,51,108,67,70,24,269,0,0,0,269
12/08/2012,ELP,TX,ASW,WE,Combined TRACON& Tower with Radar,77,39,16,2,134,0,22,47,0,69,77,61,63,2,203,26,0,26,229
12/09/2012,ELP,TX,ASW,WE,Combined TRACON& Tower with Radar,89,27,21,25,162,0,5,18,1,24,89,32,39,26,186,8,12,20,206
12/10/2012,ELP,TX,ASW,WE,Combined TRACON& Tower with Radar,100,54,20,3,177,0,12,29,2,43,100,66,49,5,220,0,0,0,220
12/11/2012,ELP,TX,ASW,WE,Combined TRACON& Tower with Radar,121,66,37,2,226,0,24,28,4,56,121,90,65,6,282,0,0,0,282
12/12/2012,ELP,TX,ASW,WE,Combined TRACON& Tower with Radar,125,65,44,5,239,0,13,37,0,50,125,78,81,5,289,10,0,10,299
12/13/2012,ELP,TX,ASW,WE,Combined TRACON& Tower with Radar,113,58,36,4,211,0,19,26,0,45,113,77,62,4,256,0,0,0,256
12/14/2012,ELP,TX,ASW,WE,Combined TRACON& Tower with Radar,116,71,15,9,211,0,9,6,0,15,116,80,21,9,226,0,0,0,226
12/15/2012,ELP,TX,ASW,WE,Combined TRACON& Tower with Radar,77,41,28,2,148,0,7,35,0,42,77,48,63,2,190,20,0,20,210
12/16/2012,ELP,TX,ASW,WE,Combined TRACON& Tower with Radar,90,30,34,2,156,0,11,28,1,40,90,41,62,3,196,69,0,69,265
12/17/2012,ELP,TX,ASW,WE,Combined TRACON& Tower with Radar,115,61,26,5,207,0,13,41,1,55,115,74,67,6,262,0,0,0,262
12/18/2012,ELP,TX,ASW,WE,Combined TRACON& Tower with Radar,126,50,45,3,224,0,5,41,2,48,126,55,86,5,272,26,0,26,298
12/19/2012,ELP,TX,ASW,WE,Combined TRACON& Tower with Radar,127,72,21,2,222,0,9,6,2,17,127,81,27,4,239,0,0,0,239
12/20/2012,ELP,TX,ASW,WE,Combined TRACON& Tower with Radar,120,80,43,3,246,0,8,73,3,84,120,88,116,6,330,4,0,4,334
12/21/2012,ELP,TX,ASW,WE,Combined TRACON& Tower with Radar,121,72,36,0,229,0,14,48,1,63,121,86,84,1,292,18,0,18,310
12/22/2012,ELP,TX,ASW,WE,Combined TRACON& Tower with Radar,95,55,20,2,172,0,12,60,1,73,95,67,80,3,245,0,0,0,245
12/23/2012,ELP,TX,ASW,WE,Combined TRACON& Tower with Radar,86,56,14,0,156,0,4,32,0,36,86,60,46,0,192,36,0,36,228
12/24/2012,ELP,TX,ASW,WE,Combined TRACON& Tower with Radar,65,37,5,0,107,0,9,24,0,33,65,46,29,0,140,0,0,0,140
12/25/2012,ELP,TX,ASW,WE,Combined TRACON& Tower with Radar,62,41,9,0,112,0,7,7,0,14,62,48,16,0,126,0,0,0,126
12/26/2012,ELP,TX,ASW,WE,Combined TRACON& Tower with Radar,104,59,28,0,191,0,18,50,2,70,104,77,78,2,261,20,10,30,291
12/27/2012,ELP,TX,ASW,WE,Combined TRACON& Tower with Radar,112,50,28,3,193,0,7,48,3,58,112,57,76,6,251,24,0,24,275
12/28/2012,ELP,TX,ASW,WE,Combined TRACON& Tower with Radar,105,63,21,0,189,0,10,32,0,42,105,73,53,0,231,4,0,4,235
12/29/2012,ELP,TX,ASW,WE,Combined TRACON& Tower with Radar,82,43,29,0,154,0,9,44,4,57,82,52,73,4,211,26,0,26,237
12/30/2012,ELP,TX,ASW,WE,Combined TRACON& Tower with Radar,79,40,25,0,144,0,16,29,2,47,79,56,54,2,191,0,0,0,191
12/31/2012,ELP,TX,ASW,WE,Combined TRACON& Tower with Radar,85,48,23,0,156,0,14,20,2,36,85,62,43,2,192,16,0,16,208
01/01/2013,ELP,TX,ASW,WE,Combined TRACON& Tower with Radar,75,49,19,0,143,0,4,15,0,19,75,53,34,0,162,12,0,12,174
01/02/2013,ELP,TX,ASW,WE,Combined TRACON& Tower with Radar,103,59,25,10,197,0,4,46,3,53,103,63,71,13,250,38,0,38,288
01/03/2013,ELP,TX,ASW,WE,Combined TRACON& Tower with Radar,89,54,9,0,152,0,1,3,0,4,89,55,12,0,156,0,0,0,156
01/04/2013,ELP,TX,ASW,WE,Combined TRACON& Tower with Radar,92,62,24,3,181,0,11,8,0,19,92,73,32,3,200,0,0,0,200
01/05/2013,ELP,TX,ASW,WE,Combined TRACON& Tower with Radar,67,52,22,5,146,0,8,33,2,43,67,60,55,7,189,34,0,34,223
01/06/2013,ELP,TX,ASW,WE,Combined TRACON& Tower with Radar,76,59,12,9,156,0,7,25,5,37,76,66,37,14,193,0,0,0,193
01/07/2013,ELP,TX,ASW,WE,Combined TRACON& Tower with Radar,96,57,18,18,189,0,13,26,13,52,96,70,44,31,241,28,0,28,269
01/08/2013,ELP,TX,ASW,WE,Combined TRACON& Tower with Radar,107,45,18,29,199,0,6,22,6,34,107,51,40,35,233,0,0,0,233
01/09/2013,ELP,TX,ASW,WE,Combined TRACON& Tower with Radar,110,40,12,9,171,0,3,33,1,37,110,43,45,10,208,100,0,100,308
01/10/2013,ELP,TX,ASW,WE,Combined TRACON& Tower with Radar,104,62,29,21,216,0,13,48,4,65,104,75,77,25,281,110,0,110,391
01/11/2013,ELP,TX,ASW,WE,Combined TRACON& Tower with Radar,98,41,15,12,166,0,8,26,1,35,98,49,41,13,201,30,0,30,231
01/12/2013,ELP,TX,ASW,WE,Combined TRACON& Tower with Radar,59,35,23,8,125,0,17,44,0,61,59,52,67,8,186,32,0,32,218
01/13/2013,ELP,TX,ASW,WE,Combined TRACON& Tower with Radar,70,38,15,5,128,0,7,41,0,48,70,45,56,5,176,8,0,8,184
01/14/2013,ELP,TX,ASW,WE,Combined TRACON& Tower with Radar,94,40,24,2,160,0,11,37,6,54,94,51,61,8,214,34,0,34,248
01/15/2013,ELP,TX,ASW,WE,Combined TRACON& Tower with Radar,100,35,20,6,161,0,11,19,4,34,100,46,39,10,195,8,0,8,203
01/16/2013,ELP,TX,ASW,WE,Combined TRACON& Tower with Radar,108,41,35,4,188,0,9,42,9,60,108,50,77,13,248,38,0,38,286
01/17/2013,ELP,TX,ASW,WE,Combined TRACON& Tower with Radar,99,44,25,8,176,0,17,54,3,74,99,61,79,11,250,48,0,48,298
01/18/2013,ELP,TX,ASW,WE,Combined TRACON& Tower with Radar,97,50,29,4,180,0,13,42,4,59,97,63,71,8,239,26,0,26,265
01/19/2013,ELP,TX,ASW,WE,Combined TRACON& Tower with Radar,58,35,27,20,140,1,3,57,1,62,59,38,84,21,202,70,0,70,272
01/20/2013,ELP,TX,ASW,WE,Combined TRACON& Tower with Radar,74,39,20,0,133,0,0,39,0,39,74,39,59,0,172,14,0,14,186
01/21/2013,ELP,TX,ASW,WE,Combined TRACON& Tower with Radar,91,45,20,32,188,0,4,55,2,61,91,49,75,34,249,58,0,58,307
01/22/2013,ELP,TX,ASW,WE,Combined TRACON& Tower with Radar,105,34,25,2,166,0,6,43,1,50,105,40,68,3,216,0,0,0,216
01/23/2013,ELP,TX,ASW,WE,Combined TRACON& Tower with Radar,105,40,40,8,193,0,10,52,2,64,105,50,92,10,257,16,0,16,273
01/24/2013,ELP,TX,ASW,WE,Combined TRACON& Tower with Radar,103,58,39,12,212,0,6,45,0,51,103,64,84,12,263,54,0,54,317
01/25/2013,ELP,TX,ASW,WE,Combined TRACON& Tower with Radar,101,50,49,8,208,0,11,43,5,59,101,61,92,13,267,70,0,70,337
01/26/2013,ELP,TX,ASW,WE,Combined TRACON& Tower with Radar,59,28,21,5,113,0,18,45,3,66,59,46,66,8,179,60,0,60,239
01/27/2013,ELP,TX,ASW,WE,Combined TRACON& Tower with Radar,75,35,14,15,139,0,3,34,1,38,75,38,48,16,177,26,0,26,203
01/28/2013,ELP,TX,ASW,WE,Combined TRACON& Tower with Radar,96,43,24,19,182,0,17,30,2,49,96,60,54,21,231,10,0,10,241
01/29/2013,ELP,TX,ASW,WE,Combined TRACON& Tower with Radar,100,44,20,23,187,0,6,8,2,16,100,50,28,25,203,0,0,0,203
01/30/2013,ELP,TX,ASW,WE,Combined TRACON& Tower with Radar,109,48,48,6,211,0,20,55,5,80,109,68,103,11,291,6,0,6,297
01/31/2013,ELP,TX,ASW,WE,Combined TRACON& Tower with Radar,105,58,40,15,218,0,23,59,1,83,105,81,99,16,301,54,0,54,355
02/01/2013,ELP,TX,ASW,WE,Combined TRACON& Tower with Radar,95,52,41,45,233,0,21,53,7,81,95,73,94,52,314,50,22,72,386
02/02/2013,ELP,TX,ASW,WE,Combined TRACON& Tower with Radar,60,33,27,10,130,0,3,38,16,57,60,36,65,26,187,46,10,56,243
02/03/2013,ELP,TX,ASW,WE,Combined TRACON& Tower with Radar,69,42,12,6,129,0,16,32,9,57,69,58,44,15,186,0,0,0,186
02/04/2013,ELP,TX,ASW,WE,Combined TRACON& Tower with Radar,97,46,52,6,201,0,12,67,6,85,97,58,119,12,286,36,0,36,322
02/05/2013,ELP,TX,ASW,WE,Combined TRACON& Tower with Radar,108,44,26,14,192,0,6,52,6,64,108,50,78,20,256,10,0,10,266
02/06/2013,ELP,TX,ASW,WE,Combined TRACON& Tower with Radar,105,47,38,30,220,0,14,57,9,80,105,61,95,39,300,146,0,146,446
02/07/2013,ELP,TX,ASW,WE,Combined TRACON& Tower with Radar,104,57,35,6,202,0,18,35,4,57,104,75,70,10,259,30,0,30,289
02/08/2013,ELP,TX,ASW,WE,Combined TRACON& Tower with Radar,106,61,21,21,209,0,13,35,0,48,106,74,56,21,257,6,0,6,263
02/09/2013,ELP,TX,ASW,WE,Combined TRACON& Tower with Radar,63,34,8,0,105,0,13,15,0,28,63,47,23,0,133,16,0,16,149
02/10/2013,ELP,TX,ASW,WE,Combined TRACON& Tower with Radar,73,40,23,35,171,0,6,37,10,53,73,46,60,45,224,0,30,30,254
02/11/2013,ELP,TX,ASW,WE,Combined TRACON& Tower with Radar,95,38,22,22,177,0,9,36,6,51,95,47,58,28,228,80,0,80,308
02/12/2013,ELP,TX,ASW,WE,Combined TRACON& Tower with Radar,106,48,26,3,183,20,12,40,6,78,126,60,66,9,261,12,0,12,273
02/13/2013,ELP,TX,ASW,WE,Combined TRACON& Tower with Radar,107,44,24,16,191,0,16,53,2,71,107,60,77,18,262,54,36,90,352
02/14/2013,ELP,TX,ASW,WE,Combined TRACON& Tower with Radar,111,54,24,3,192,0,16,39,3,58,111,70,63,6,250,0,0,0,250
02/15/2013,ELP,TX,ASW,WE,Combined TRACON& Tower with Radar,103,54,26,11,194,0,18,44,5,67,103,72,70,16,261,10,0,10,271
02/16/2013,ELP,TX,ASW,WE,Combined TRACON& Tower with Radar,71,43,21,5,140,0,11,34,2,47,71,54,55,7,187,0,0,0,187
02/17/2013,ELP,TX,ASW,WE,Combined TRACON& Tower with Radar,81,33,23,1,138,0,13,35,4,52,81,46,58,5,190,30,0,30,220
02/18/2013,ELP,TX,ASW,WE,Combined TRACON& Tower with Radar,96,47,28,13,184,0,21,34,5,60,96,68,62,18,244,45,0,45,289
02/19/2013,ELP,TX,ASW,WE,Combined TRACON& Tower with Radar,108,43,24,25,200,0,13,30,1,44,108,56,54,26,244,12,0,12,256
02/20/2013,ELP,TX,ASW,WE,Combined TRACON& Tower with Radar,110,48,17,6,181,0,7,9,1,17,110,55,26,7,198,0,0,0,198
02/21/2013,ELP,TX,ASW,WE,Combined TRACON& Tower with Radar,108,53,32,3,196,0,15,15,14,44,108,68,47,17,240,22,0,22,262
02/22/2013,ELP,TX,ASW,WE,Combined TRACON& Tower with Radar,106,58,44,20,228,0,16,51,3,70,106,74,95,23,298,58,10,68,366
02/23/2013,ELP,TX,ASW,WE,Combined TRACON& Tower with Radar,72,36,33,3,144,0,6,73,4,83,72,42,106,7,227,68,0,68,295
02/24/2013,ELP,TX,ASW,WE,Combined TRACON& Tower with Radar,79,37,10,3,129,0,2,21,0,23,79,39,31,3,152,0,0,0,152
02/25/2013,ELP,TX,ASW,WE,Combined TRACON& Tower with Radar,101,52,38,5,196,0,9,38,4,51,101,61,76,9,247,10,0,10,257
02/26/2013,ELP,TX,ASW,WE,Combined TRACON& Tower with Radar,106,39,23,0,168,0,15,30,0,45,106,54,53,0,213,0,0,0,213
02/27/2013,ELP,TX,ASW,WE,Combined TRACON& Tower with Radar,112,55,38,2,207,0,16,56,8,80,112,71,94,10,287,42,0,42,329
02/28/2013,ELP,TX,ASW,WE,Combined TRACON& Tower with Radar,115,48,44,7,214,0,10,43,7,60,115,58,87,14,274,0,34,34,308
03/01/2013,ELP,TX,ASW,WE,Combined TRACON& Tower with Radar,112,70,26,17,225,0,14,53,7,74,112,84,79,24,299,18,0,18,317
03/02/2013,ELP,TX,ASW,WE,Combined TRACON& Tower with Radar,74,37,16,5,132,0,13,58,5,76,74,50,74,10,208,56,0,56,264
03/03/2013,ELP,TX,ASW,WE,Combined TRACON& Tower with Radar,81,38,22,7,148,0,7,35,7,49,81,45,57,14,197,36,0,36,233
03/04/2013,ELP,TX,ASW,WE,Combined TRACON& Tower with Radar,106,55,23,6,190,0,11,15,1,27,106,66,38,7,217,12,0,12,229
03/05/2013,ELP,TX,ASW,WE,Combined TRACON& Tower with Radar,113,51,23,5,192,0,8,30,6,44,113,59,53,11,236,0,0,0,236
03/06/2013,ELP,TX,ASW,WE,Combined TRACON& Tower with Radar,108,54,25,30,217,0,9,49,1,59,108,63,74,31,276,82,38,120,396
03/07/2013,ELP,TX,ASW,WE,Combined TRACON& Tower with Radar,112,63,22,19,216,0,16,45,5,66,112,79,67,24,282,12,0,12,294
03/08/2013,ELP,TX,ASW,WE,Combined TRACON& Tower with Radar,107,43,32,6,188,0,33,29,1,63,107,76,61,7,251,66,0,66,317
03/09/2013,ELP,TX,ASW,WE,Combined TRACON& Tower with Radar,78,44,23,2,147,0,0,13,0,13,78,44,36,2,160,0,0,0,160
03/10/2013,ELP,TX,ASW,WE,Combined TRACON& Tower with Radar,85,36,28,7,156,0,3,37,1,41,85,39,65,8,197,32,0,32,229
03/11/2013,ELP,TX,ASW,WE,Combined TRACON& Tower with Radar,110,56,19,3,188,0,7,48,0,55,110,63,67,3,243,36,0,36,279
03/12/2013,ELP,TX,ASW,WE,Combined TRACON& Tower with Radar,118,40,27,9,194,0,8,30,5,43,118,48,57,14,237,4,0,4,241
03/13/2013,ELP,TX,ASW,WE,Combined TRACON& Tower with Radar,121,43,24,10,198,0,8,44,2,54,121,51,68,12,252,16,0,16,268
03/14/2013,ELP,TX,ASW,WE,Combined TRACON& Tower with Radar,109,61,37,8,215,0,10,52,0,62,109,71,89,8,277,40,0,40,317
03/15/2013,ELP,TX,ASW,WE,Combined TRACON& Tower with Radar,109,53,27,5,194,0,19,38,4,61,109,72,65,9,255,74,0,74,329
03/16/2013,ELP,TX,ASW,WE,Combined TRACON& Tower with Radar,74,40,28,4,146,0,6,28,0,34,74,46,56,4,180,16,0,16,196
03/17/2013,ELP,TX,ASW,WE,Combined TRACON& Tower with Radar,83,35,19,2,139,0,1,17,3,21,83,36,36,5,160,0,0,0,160
03/18/2013,ELP,TX,ASW,WE,Combined TRACON& Tower with Radar,100,50,13,11,174,0,19,54,0,73,100,69,67,11,247,8,0,8,255
03/19/2013,ELP,TX,ASW,WE,Combined TRACON& Tower with Radar,116,43,28,5,192,0,9,29,4,42,116,52,57,9,234,28,0,28,262
03/20/2013,ELP,TX,ASW,WE,Combined TRACON& Tower with Radar,123,42,19,7,191,0,3,42,4,49,123,45,61,11,240,8,0,8,248
03/21/2013,ELP,TX,ASW,WE,Combined TRACON& Tower with Radar,114,49,27,3,193,0,9,15,8,32,114,58,42,11,225,4,0,4,229
03/22/2013,ELP,TX,ASW,WE,Combined TRACON& Tower with Radar,107,63,18,13,201,0,16,14,3,33,107,79,32,16,234,8,0,8,242
03/23/2013,ELP,TX,ASW,WE,Combined TRACON& Tower with Radar,73,61,28,0,162,0,4,18,2,24,73,65,46,2,186,0,0,0,186
03/24/2013,ELP,TX,ASW,WE,Combined TRACON& Tower with Radar,90,61,33,8,192,0,11,39,6,56,90,72,72,14,248,16,0,16,264
03/25/2013,ELP,TX,ASW,WE,Combined TRACON& Tower with Radar,107,50,25,19,201,0,14,45,3,62,107,64,70,22,263,10,0,10,273
03/26/2013,ELP,TX,ASW,WE,Combined TRACON& Tower with Radar,118,52,38,8,216,0,14,29,5,48,118,66,67,13,264,0,0,0,264
03/27/2013,ELP,TX,ASW,WE,Combined TRACON& Tower with Radar,115,63,37,6,221,0,4,49,0,53,115,67,86,6,274,4,0,4,278
03/28/2013,ELP,TX,ASW,WE,Combined TRACON& Tower with Radar,104,45,58,12,219,0,12,21,8,41,104,57,79,20,260,12,0,12,272
03/29/2013,ELP,TX,ASW,WE,Combined TRACON& Tower with Radar,102,44,52,22,220,0,13,44,0,57,102,57,96,22,277,30,40,70,347
03/30/2013,ELP,TX,ASW,WE,Combined TRACON& Tower with Radar,73,45,39,3,160,0,6,54,6,66,73,51,93,9,226,30,0,30,256
03/31/2013,ELP,TX,ASW,WE,Combined TRACON& Tower with Radar,85,43,26,1,155,0,3,49,2,54,85,46,75,3,209,24,0,24,233
04/01/2013,ELP,TX,ASW,WE,Combined TRACON& Tower with Radar,101,49,38,5,193,0,13,40,2,55,101,62,78,7,248,12,0,12,260
04/02/2013,ELP,TX,ASW,WE,Combined TRACON& Tower with Radar,107,49,30,27,213,0,16,36,13,65,107,65,66,40,278,32,28,60,338
04/03/2013,ELP,TX,ASW,WE,Combined TRACON& Tower with Radar,106,51,33,12,202,0,7,46,1,54,106,58,79,13,256,10,0,10,266
04/04/2013,ELP,TX,ASW,WE,Combined TRACON& Tower with Radar,109,68,28,19,224,0,6,55,4,65,109,74,83,23,289,0,0,0,289
04/05/2013,ELP,TX,ASW,WE,Combined TRACON& Tower with Radar,103,63,25,33,224,0,19,30,9,58,103,82,55,42,282,16,0,16,298
04/06/2013,ELP,TX,ASW,WE,Combined TRACON& Tower with Radar,77,40,9,3,129,0,0,48,1,49,77,40,57,4,178,22,0,22,200
04/07/2013,ELP,TX,ASW,WE,Combined TRACON& Tower with Radar,84,45,42,24,195,0,5,42,4,51,84,50,84,28,246,48,0,48,294
04/08/2013,ELP,TX,ASW,WE,Combined TRACON& Tower with Radar,100,48,13,0,161,0,5,19,2,26,100,53,32,2,187,0,0,0,187
04/09/2013,ELP,TX,ASW,WE,Combined TRACON& Tower with Radar,106,44,12,8,170,0,10,6,1,17,106,54,18,9,187,0,0,0,187
04/10/2013,ELP,TX,ASW,WE,Combined TRACON& Tower with Radar,103,50,33,9,195,0,28,31,7,66,103,78,64,16,261,0,0,0,261
04/11/2013,ELP,TX,ASW,WE,Combined TRACON& Tower with Radar,106,51,31,16,204,0,22,48,0,70,106,73,79,16,274,0,0,0,274
04/12/2013,ELP,TX,ASW,WE,Combined TRACON& Tower with Radar,109,51,25,19,204,0,30,54,1,85,109,81,79,20,289,0,0,0,289
04/13/2013,ELP,TX,ASW,WE,Combined TRACON& Tower with Radar,74,29,10,0,113,0,28,21,0,49,74,57,31,0,162,20,0,20,182
04/14/2013,ELP,TX,ASW,WE,Combined TRACON& Tower with Radar,83,41,23,22,169,0,16,19,0,35,83,57,42,22,204,0,0,0,204
04/15/2013,ELP,TX,ASW,WE,Combined TRACON& Tower with Radar,103,39,21,9,172,0,15,20,3,38,103,54,41,12,210,0,0,0,210
04/16/2013,ELP,TX,ASW,WE,Combined TRACON& Tower with Radar,103,43,21,9,176,0,25,30,1,56,103,68,51,10,232,0,0,0,232
04/17/2013,ELP,TX,ASW,WE,Combined TRACON& Tower with Radar,104,54,33,3,194,0,5,18,0,23,104,59,51,3,217,0,0,0,217
04/18/2013,ELP,TX,ASW,WE,Combined TRACON& Tower with Radar,107,61,24,5,197,0,17,44,4,65,107,78,68,9,262,12,0,12,274
04/19/2013,ELP,TX,ASW,WE,Combined TRACON& Tower with Radar,111,52,17,11,191,6,3,55,4,68,117,55,72,15,259,0,0,0,259
04/20/2013,ELP,TX,ASW,WE,Combined TRACON& Tower with Radar,78,43,15,0,136,0,18,51,11,80,78,61,66,11,216,12,0,12,228
04/21/2013,ELP,TX,ASW,WE,Combined TRACON& Tower with Radar,81,57,25,16,179,0,6,22,10,38,81,63,47,26,217,0,14,14,231
04/22/2013,ELP,TX,ASW,WE,Combined TRACON& Tower with Radar,101,50,11,0,162,0,12,26,7,45,101,62,37,7,207,6,0,6,213
04/23/2013,ELP,TX,ASW,WE,Combined TRACON& Tower with Radar,107,62,38,7,214,0,21,37,8,66,107,83,75,15,280,40,0,40,320
04/24/2013,ELP,TX,ASW,WE,Combined TRACON& Tower with Radar,105,46,31,12,194,0,18,50,6,74,105,64,81,18,268,10,0,10,278
04/25/2013,ELP,TX,ASW,WE,Combined TRACON& Tower with Radar,102,63,41,5,211,0,11,33,6,50,102,74,74,11,261,6,0,6,267
04/26/2013,ELP,TX,ASW,WE,Combined TRACON& Tower with Radar,104,59,23,31,217,0,15,30,2,47,104,74,53,33,264,40,0,40,304
04/27/2013,ELP,TX,ASW,WE,Combined TRACON& Tower with Radar,79,30,20,7,136,0,14,39,0,53,79,44,59,7,189,30,0,30,219
04/28/2013,ELP,TX,ASW,WE,Combined TRACON& Tower with Radar,84,44,25,14,167,0,13,29,2,44,84,57,54,16,211,22,0,22,233
04/29/2013,ELP,TX,ASW,WE,Combined TRACON& Tower with Radar,105,43,41,23,212,0,14,30,0,44,105,57,71,23,256,66,0,66,322
04/30/2013,ELP,TX,ASW,WE,Combined TRACON& Tower with Radar,110,47,28,3,188,0,23,39,5,67,110,70,67,8,255,16,0,16,271
05/01/2013,ELP,TX,ASW,WE,Combined TRACON& Tower with Radar,100,40,30,4,174,0,11,82,6,99,100,51,112,10,273,62,0,62,335
05/02/2013,ELP,TX,ASW,WE,Combined TRACON& Tower with Radar,109,59,18,28,214,0,6,19,2,27,109,65,37,30,241,8,0,8,249
05/03/2013,ELP,TX,ASW,WE,Combined TRACON& Tower with Radar,100,49,26,17,192,0,22,49,4,75,100,71,75,21,267,64,6,70,337
05/04/2013,ELP,TX,ASW,WE,Combined TRACON& Tower with Radar,70,42,9,2,123,0,6,49,0,55,70,48,58,2,178,76,0,76,254
05/05/2013,ELP,TX,ASW,WE,Combined TRACON& Tower with Radar,81,47,22,3,153,0,11,20,1,32,81,58,42,4,185,6,0,6,191
05/06/2013,ELP,TX,ASW,WE,Combined TRACON& Tower with Radar,107,60,15,5,187,0,15,23,5,43,107,75,38,10,230,8,0,8,238
05/07/2013,ELP,TX,ASW,WE,Combined TRACON& Tower with Radar,109,49,14,8,180,0,12,27,0,39,109,61,41,8,219,18,0,18,237
05/08/2013,ELP,TX,ASW,WE,Combined TRACON& Tower with Radar,108,55,40,1,204,0,9,40,0,49,108,64,80,1,253,0,0,0,253
05/09/2013,ELP,TX,ASW,WE,Combined TRACON& Tower with Radar,106,54,19,14,193,0,12,25,2,39,106,66,44,16,232,10,0,10,242
05/10/2013,ELP,TX,ASW,WE,Combined TRACON& Tower with Radar,101,52,19,6,178,0,15,26,6,47,101,67,45,12,225,0,0,0,225
05/11/2013,ELP,TX,ASW,WE,Combined TRACON& Tower with Radar,72,36,10,1,119,0,6,32,1,39,72,42,42,2,158,0,0,0,158
05/12/2013,ELP,TX,ASW,WE,Combined TRACON& Tower with Radar,86,43,23,2,154,0,6,30,9,45,86,49,53,11,199,0,0,0,199
05/13/2013,ELP,TX,ASW,WE,Combined TRACON& Tower with Radar,99,57,23,10,189,0,17,66,6,89,99,74,89,16,278,34,0,34,312
05/14/2013,ELP,TX,ASW,WE,Combined TRACON& Tower with Radar,103,47,39,3,192,0,11,34,5,50,103,58,73,8,242,0,0,0,242
05/15/2013,ELP,TX,ASW,WE,Combined TRACON& Tower with Radar,106,57,37,2,202,0,4,34,4,42,106,61,71,6,244,0,0,0,244
05/16/2013,ELP,TX,ASW,WE,Combined TRACON& Tower with Radar,103,53,46,8,210,0,18,39,6,63,103,71,85,14,273,10,12,22,295
05/17/2013,ELP,TX,ASW,WE,Combined TRACON& Tower with Radar,101,59,19,8,187,10,21,40,2,73,111,80,59,10,260,0,0,0,260
05/18/2013,ELP,TX,ASW,WE,Combined TRACON& Tower with Radar,72,34,23,11,140,0,5,25,1,31,72,39,48,12,171,0,0,0,171
05/19/2013,ELP,TX,ASW,WE,Combined TRACON& Tower with Radar,84,45,28,7,164,0,5,30,3,38,84,50,58,10,202,30,0,30,232
05/20/2013,ELP,TX,ASW,WE,Combined TRACON& Tower with Radar,93,45,21,2,161,0,15,26,2,43,93,60,47,4,204,0,0,0,204
05/21/2013,ELP,TX,ASW,WE,Combined TRACON& Tower with Radar,102,51,17,24,194,0,18,27,5,50,102,69,44,29,244,22,12,34,278
05/22/2013,ELP,TX,ASW,WE,Combined TRACON& Tower with Radar,101,55,30,8,194,0,13,38,3,54,101,68,68,11,248,0,0,0,248
05/23/2013,ELP,TX,ASW,WE,Combined TRACON& Tower with Radar,99,57,22,4,182,0,16,44,6,66,99,73,66,10,248,4,0,4,252
05/24/2013,ELP,TX,ASW,WE,Combined TRACON& Tower with Radar,101,62,21,14,198,0,8,36,2,46,101,70,57,16,244,0,0,0,244
05/25/2013,ELP,TX,ASW,WE,Combined TRACON& Tower with Radar,72,41,17,1,131,0,2,38,0,40,72,43,55,1,171,0,0,0,171
05/26/2013,ELP,TX,ASW,WE,Combined TRACON& Tower with Radar,64,33,12,0,109,0,1,33,1,35,64,34,45,1,144,10,0,10,154
05/27/2013,ELP,TX,ASW,WE,Combined TRACON& Tower with Radar,80,54,26,0,160,0,1,31,1,33,80,55,57,1,193,0,0,0,193
05/28/2013,ELP,TX,ASW,WE,Combined TRACON& Tower with Radar,101,51,34,9,195,0,14,22,3,39,101,65,56,12,234,24,0,24,258
05/29/2013,ELP,TX,ASW,WE,Combined TRACON& Tower with Radar,101,57,28,12,198,0,2,15,8,25,101,59,43,20,223,24,0,24,247
05/30/2013,ELP,TX,ASW,WE,Combined TRACON& Tower with Radar,107,57,45,13,222,0,8,45,4,57,107,65,90,17,279,82,14,96,375
05/31/2013,ELP,TX,ASW,WE,Combined TRACON& Tower with Radar,101,62,30,3,196,0,9,56,5,70,101,71,86,8,266,40,0,40,306
06/01/2013,ELP,TX,ASW,WE,Combined TRACON& Tower with Radar,71,32,25,2,130,0,11,35,4,50,71,43,60,6,180,24,0,24,204
06/02/2013,ELP,TX,ASW,WE,Combined TRACON& Tower with Radar,77,38,12,1,128,0,3,12,2,17,77,41,24,3,145,18,0,18,163
06/03/2013,ELP,TX,ASW,WE,Combined TRACON& Tower with Radar,92,69,34,2,197,0,6,46,2,54,92,75,80,4,251,0,0,0,251
06/04/2013,ELP,TX,ASW,WE,Combined TRACON& Tower with Radar,100,54,29,5,188,0,9,66,1,76,100,63,95,6,264,0,0,0,264
06/05/2013,ELP,TX,ASW,WE,Combined TRACON& Tower with Radar,103,55,20,13,191,0,17,72,5,94,103,72,92,18,285,20,0,20,305
06/06/2013,ELP,TX,ASW,WE,Combined TRACON& Tower with Radar,95,61,32,1,189,0,13,64,9,86,95,74,96,10,275,0,0,0,275
06/07/2013,ELP,TX,ASW,WE,Combined TRACON& Tower with Radar,95,53,15,6,169,0,15,49,9,73,95,68,64,15,242,52,0,52,294
06/08/2013,ELP,TX,ASW,WE,Combined TRACON& Tower with Radar,73,43,25,3,144,0,24,66,4,94,73,67,91,7,238,0,0,0,238
06/09/2013,ELP,TX,ASW,WE,Combined TRACON& Tower with Radar,79,46,27,2,154,0,12,40,6,58,79,58,67,8,212,26,0,26,238
06/10/2013,ELP,TX,ASW,WE,Combined TRACON& Tower with Radar,94,50,18,5,167,0,9,28,3,40,94,59,46,8,207,0,0,0,207
06/11/2013,ELP,TX,ASW,WE,Combined TRACON& Tower with Radar,97,54,18,1,170,0,5,23,0,28,97,59,41,1,198,50,38,88,286
06/12/2013,ELP,TX,ASW,WE,Combined TRACON& Tower with Radar,102,52,22,4,180,0,9,27,2,38,102,61,49,6,218,0,0,0,218
06/13/2013,ELP,TX,ASW,WE,Combined TRACON& Tower with Radar,101,54,32,2,189,0,3,35,4,42,101,57,67,6,231,0,0,0,231
06/14/2013,ELP,TX,ASW,WE,Combined TRACON& Tower with Radar,99,48,33,17,197,0,8,23,1,32,99,56,56,18,229,4,0,4,233
06/15/2013,ELP,TX,ASW,WE,Combined TRACON& Tower with Radar,75,38,14,12,139,0,0,45,3,48,75,38,59,15,187,52,0,52,239
06/16/2013,ELP,TX,ASW,WE,Combined TRACON& Tower with Radar,82,47,21,4,154,0,2,22,2,26,82,49,43,6,180,10,0,10,190
06/17/2013,ELP,TX,ASW,WE,Combined TRACON& Tower with Radar,100,43,22,17,182,0,11,35,3,49,100,54,57,20,231,30,0,30,261
06/18/2013,ELP,TX,ASW,WE,Combined TRACON& Tower with Radar,102,49,13,4,168,0,10,27,2,39,102,59,40,6,207,30,0,30,237
06/19/2013,ELP,TX,ASW,WE,Combined TRACON& Tower with Radar,105,51,19,3,178,0,6,41,1,48,105,57,60,4,226,4,0,4,230
06/20/2013,ELP,TX,ASW,WE,Combined TRACON& Tower with Radar,98,68,22,7,195,0,13,24,1,38,98,81,46,8,233,20,0,20,253
06/21/2013,ELP,TX,ASW,WE,Combined TRACON& Tower with Radar,95,57,20,8,180,0,13,40,3,56,95,70,60,11,236,8,0,8,244
06/22/2013,ELP,TX,ASW,WE,Combined TRACON& Tower with Radar,77,41,14,0,132,0,28,38,2,68,77,69,52,2,200,4,0,4,204
06/23/2013,ELP,TX,ASW,WE,Combined TRACON& Tower with Radar,81,36,27,6,150,0,15,24,1,40,81,51,51,7,190,10,0,10,200
06/24/2013,ELP,TX,ASW,WE,Combined TRACON& Tower with Radar,99,48,13,9,169,0,8,20,4,32,99,56,33,13,201,16,14,30,231
06/25/2013,ELP,TX,ASW,WE,Combined TRACON& Tower with Radar,112,56,23,11,202,0,10,42,8,60,112,66,65,19,262,24,0,24,286
06/26/2013,ELP,TX,ASW,WE,Combined TRACON& Tower with Radar,109,62,24,7,202,0,22,35,7,64,109,84,59,14,266,38,0,38,304
06/27/2013,ELP,TX,ASW,WE,Combined TRACON& Tower with Radar,99,60,20,6,185,0,11,30,3,44,99,71,50,9,229,4,0,4,233
06/28/2013,ELP,TX,ASW,WE,Combined TRACON& Tower with Radar,98,46,16,6,166,0,20,48,4,72,98,66,64,10,238,0,0,0,238
06/29/2013,ELP,TX,ASW,WE,Combined TRACON& Tower with Radar,73,38,13,6,130,0,0,33,0,33,73,38,46,6,163,0,0,0,163
06/30/2013,ELP,TX,ASW,WE,Combined TRACON& Tower with Radar,88,43,25,7,163,0,11,21,2,34,88,54,46,9,197,28,0,28,225
07/01/2013,ELP,TX,ASW,WE,Combined TRACON& Tower with Radar,97,42,13,3,155,0,14,20,3,37,97,56,33,6,192,0,0,0,192
07/02/2013,ELP,TX,ASW,WE,Combined TRACON& Tower with Radar,107,51,29,5,192,0,9,38,3,50,107,60,67,8,242,2,0,2,244
07/03/2013,ELP,TX,ASW,WE,Combined TRACON& Tower with Radar,101,55,17,3,176,0,13,36,4,53,101,68,53,7,229,0,0,0,229
07/04/2013,ELP,TX,ASW,WE,Combined TRACON& Tower with Radar,69,31,18,0,118,0,10,35,2,47,69,41,53,2,165,32,0,32,197
07/05/2013,ELP,TX,ASW,WE,Combined TRACON& Tower with Radar,91,37,13,2,143,0,10,21,1,32,91,47,34,3,175,0,0,0,175
07/06/2013,ELP,TX,ASW,WE,Combined TRACON& Tower with Radar,68,39,15,4,126,0,9,41,1,51,68,48,56,5,177,10,0,10,187
07/07/2013,ELP,TX,ASW,WE,Combined TRACON& Tower with Radar,81,45,22,2,150,0,10,23,2,35,81,55,45,4,185,8,0,8,193
07/08/2013,ELP,TX,ASW,WE,Combined TRACON& Tower with Radar,95,52,5,2,154,0,6,19,3,28,95,58,24,5,182,2,0,2,184
07/09/2013,ELP,TX,ASW,WE,Combined TRACON& Tower with Radar,103,44,19,35,201,0,22,24,7,53,103,66,43,42,254,4,0,4,258
07/10/2013,ELP,TX,ASW,WE,Combined TRACON& Tower with Radar,99,50,20,7,176,0,11,45,3,59,99,61,65,10,235,22,0,22,257
07/11/2013,ELP,TX,ASW,WE,Combined TRACON& Tower with Radar,101,54,31,10,196,0,22,35,2,59,101,76,66,12,255,12,0,12,267
07/12/2013,ELP,TX,ASW,WE,Combined TRACON& Tower with Radar,103,50,15,12,180,0,18,35,3,56,103,68,50,15,236,22,0,22,258
07/13/2013,ELP,TX,ASW,WE,Combined TRACON& Tower with Radar,70,41,16,0,127,0,8,46,5,59,70,49,62,5,186,44,0,44,230
07/14/2013,ELP,TX,ASW,WE,Combined TRACON& Tower with Radar,86,40,31,27,184,0,16,32,0,48,86,56,63,27,232,44,0,44,276
07/15/2013,ELP,TX,ASW,WE,Combined TRACON& Tower with Radar,101,50,27,28,206,0,7,21,0,28,101,57,48,28,234,30,0,30,264
07/16/2013,ELP,TX,ASW,WE,Combined TRACON& Tower with Radar,101,49,11,8,169,0,12,52,4,68,101,61,63,12,237,18,40,58,295
07/17/2013,ELP,TX,ASW,WE,Combined TRACON& Tower with Radar,99,53,18,31,201,0,9,31,7,47,99,62,49,38,248,14,60,74,322
07/18/2013,ELP,TX,ASW,WE,Combined TRACON& Tower with Radar,104,49,22,8,183,0,20,5,0,25,104,69,27,8,208,0,0,0,208
07/19/2013,ELP,TX,ASW,WE,Combined TRACON& Tower with Radar,98,48,26,13,185,0,18,22,3,43,98,66,48,16,228,28,0,28,256
07/20/2013,ELP,TX,ASW,WE,Combined TRACON& Tower with Radar,71,40,18,30,159,0,11,24,1,36,71,51,42,31,195,0,0,0,195
07/21/2013,ELP,TX,ASW,WE,Combined TRACON& Tower with Radar,81,45,22,2,150,0,8,24,0,32,81,53,46,2,182,56,0,56,238
07/22/2013,ELP,TX,ASW,WE,Combined TRACON& Tower with Radar,98,49,13,7,167,0,21,27,2,50,98,70,40,9,217,16,0,16,233
07/23/2013,ELP,TX,ASW,WE,Combined TRACON& Tower with Radar,104,45,17,5,171,0,7,34,1,42,104,52,51,6,213,20,0,20,233
07/24/2013,ELP,TX,ASW,WE,Combined TRACON& Tower with Radar,103,48,42,9,202,0,5,36,2,43,103,53,78,11,245,56,0,56,301
07/25/2013,ELP,TX,ASW,WE,Combined TRACON& Tower with Radar,105,63,17,18,203,0,13,31,5,49,105,76,48,23,252,6,0,6,258
07/26/2013,ELP,TX,ASW,WE,Combined TRACON& Tower with Radar,107,55,20,30,212,0,7,28,2,37,107,62,48,32,249,6,0,6,255
07/27/2013,ELP,TX,ASW,WE,Combined TRACON& Tower with Radar,72,44,8,0,124,0,3,24,0,27,72,47,32,0,151,4,0,4,155
07/28/2013,ELP,TX,ASW,WE,Combined TRACON& Tower with Radar,83,43,21,4,151,0,5,28,0,33,83,48,49,4,184,12,0,12,196
07/29/2013,ELP,TX,ASW,WE,Combined TRACON& Tower with Radar,94,51,20,6,171,0,13,47,4,64,94,64,67,10,235,46,0,46,281
07/30/2013,ELP,TX,ASW,WE,Combined TRACON& Tower with Radar,106,41,24,2,173,0,5,34,0,39,106,46,58,2,212,40,0,40,252
07/31/2013,ELP,TX,ASW,WE,Combined TRACON& Tower with Radar,104,39,24,5,172,0,22,60,5,87,104,61,84,10,259,32,0,32,291
08/01/2013,ELP,TX,ASW,WE,Combined TRACON& Tower with Radar,105,53,29,33,220,0,2,33,2,37,105,55,62,35,257,32,0,32,289
08/02/2013,ELP,TX,ASW,WE,Combined TRACON& Tower with Radar,97,60,23,0,180,0,8,36,3,47,97,68,59,3,227,0,0,0,227
08/03/2013,ELP,TX,ASW,WE,Combined TRACON& Tower with Radar,70,44,12,16,142,0,4,38,2,44,70,48,50,18,186,10,0,10,196
08/04/2013,ELP,TX,ASW,WE,Combined TRACON& Tower with Radar,79,48,39,5,171,0,12,26,4,42,79,60,65,9,213,16,0,16,229
08/05/2013,ELP,TX,ASW,WE,Combined TRACON& Tower with Radar,97,63,29,27,216,0,13,31,5,49,97,76,60,32,265,0,0,0,265
08/06/2013,ELP,TX,ASW,WE,Combined TRACON& Tower with Radar,97,63,19,3,182,0,16,44,5,65,97,79,63,8,247,20,0,20,267
08/07/2013,ELP,TX,ASW,WE,Combined TRACON& Tower with Radar,99,50,36,3,188,0,2,42,5,49,99,52,78,8,237,52,0,52,289
08/08/2013,ELP,TX,ASW,WE,Combined TRACON& Tower with Radar,109,54,23,25,211,0,9,57,1,67,109,63,80,26,278,4,0,4,282
08/09/2013,ELP,TX,ASW,WE,Combined TRACON& Tower with Radar,99,53,22,7,181,0,32,47,6,85,99,85,69,13,266,32,0,32,298
08/10/2013,ELP,TX,ASW,WE,Combined TRACON& Tower with Radar,70,40,13,0,123,0,17,33,0,50,70,57,46,0,173,40,0,40,213
08/11/2013,ELP,TX,ASW,WE,Combined TRACON& Tower with Radar,82,46,8,0,136,0,3,7,0,10,82,49,15,0,146,32,0,32,178
08/12/2013,ELP,TX,ASW,WE,Combined TRACON& Tower with Radar,95,43,22,6,166,0,18,34,1,53,95,61,56,7,219,10,0,10,229
08/13/2013,ELP,TX,ASW,WE,Combined TRACON& Tower with Radar,97,42,15,7,161,1,9,44,1,55,98,51,59,8,216,10,0,10,226
08/14/2013,ELP,TX,ASW,WE,Combined TRACON& Tower with Radar,100,59,19,24,202,0,14,43,6,63,100,73,62,30,265,0,16,16,281
08/15/2013,ELP,TX,ASW,WE,Combined TRACON& Tower with Radar,105,55,31,8,199,0,7,51,7,65,105,62,82,15,264,0,0,0,264
08/16/2013,ELP,TX,ASW,WE,Combined TRACON& Tower with Radar,98,49,28,4,179,0,19,49,2,70,98,68,77,6,249,34,0,34,283
08/17/2013,ELP,TX,ASW,WE,Combined TRACON& Tower with Radar,69,33,15,0,117,0,28,42,0,70,69,61,57,0,187,0,0,0,187
08/18/2013,ELP,TX,ASW,WE,Combined TRACON& Tower with Radar,77,40,10,7,134,0,7,35,4,46,77,47,45,11,180,42,0,42,222
08/19/2013,ELP,TX,ASW,WE,Combined TRACON& Tower with Radar,102,38,35,14,189,0,12,23,2,37,102,50,58,16,226,12,0,12,238
08/20/2013,ELP,TX,ASW,WE,Combined TRACON& Tower with Radar,100,50,19,3,172,0,8,32,0,40,100,58,51,3,212,14,0,14,226
08/21/2013,ELP,TX,ASW,WE,Combined TRACON& Tower with Radar,104,33,22,3,162,0,21,48,1,70,104,54,70,4,232,16,0,16,248
08/22/2013,ELP,TX,ASW,WE,Combined TRACON& Tower with Radar,102,44,33,22,201,0,22,27,1,50,102,66,60,23,251,14,0,14,265
08/23/2013,ELP,TX,ASW,WE,Combined TRACON& Tower with Radar,104,40,26,42,212,0,13,51,4,68,104,53,77,46,280,76,0,76,356
08/24/2013,ELP,TX,ASW,WE,Combined TRACON& Tower with Radar,65,34,9,0,108,0,13,39,2,54,65,47,48,2,162,50,0,50,212
08/25/2013,ELP,TX,ASW,WE,Combined TRACON& Tower with Radar,82,35,28,11,156,0,3,33,4,40,82,38,61,15,196,20,0,20,216
08/26/2013,ELP,TX,ASW,WE,Combined TRACON& Tower with Radar,98,40,28,2,168,0,11,44,7,62,98,51,72,9,230,16,0,16,246
08/27/2013,ELP,TX,ASW,WE,Combined TRACON& Tower with Radar,105,38,13,4,160,0,11,47,9,67,105,49,60,13,227,38,0,38,265
08/28/2013,ELP,TX,ASW,WE,Combined TRACON& Tower with Radar,103,43,36,19,201,0,19,34,4,57,103,62,70,23,258,32,4,36,294
08/29/2013,ELP,TX,ASW,WE,Combined TRACON& Tower with Radar,104,53,23,2,182,0,20,29,4,53,104,73,52,6,235,34,0,34,269
08/30/2013,ELP,TX,ASW,WE,Combined TRACON& Tower with Radar,104,45,18,0,167,0,17,71,1,89,104,62,89,1,256,26,0,26,282
08/31/2013,ELP,TX,ASW,WE,Combined TRACON& Tower with Radar,58,36,13,0,107,0,22,49,0,71,58,58,62,0,178,30,0,30,208
09/01/2013,ELP,TX,ASW,WE,Combined TRACON& Tower with Radar,62,33,10,3,108,0,8,17,5,30,62,41,27,8,138,0,0,0,138
09/02/2013,ELP,TX,ASW,WE,Combined TRACON& Tower with Radar,76,39,31,0,146,0,11,24,1,36,76,50,55,1,182,16,0,16,198
09/03/2013,ELP,TX,ASW,WE,Combined TRACON& Tower with Radar,103,35,14,1,153,0,7,45,4,56,103,42,59,5,209,4,0,4,213
09/04/2013,ELP,TX,ASW,WE,Combined TRACON& Tower with Radar,108,36,16,1,161,0,15,41,3,59,108,51,57,4,220,30,0,30,250
09/05/2013,ELP,TX,ASW,WE,Combined TRACON& Tower with Radar,101,49,14,4,168,0,8,40,2,50,101,57,54,6,218,50,0,50,268
09/06/2013,ELP,TX,ASW,WE,Combined TRACON& Tower with Radar,101,46,34,1,182,0,20,48,1,69,101,66,82,2,251,22,0,22,273
09/07/2013,ELP,TX,ASW,WE,Combined TRACON& Tower with Radar,64,33,17,4,118,0,6,44,0,50,64,39,61,4,168,22,0,22,190
09/08/2013,ELP,TX,ASW,WE,Combined TRACON& Tower with Radar,83,29,29,2,143,0,3,41,0,44,83,32,70,2,187,44,0,44,231
09/09/2013,ELP,TX,ASW,WE,Combined TRACON& Tower with Radar,100,41,24,0,165,0,8,26,4,38,100,49,50,4,203,28,0,28,231
09/10/2013,ELP,TX,ASW,WE,Combined TRACON& Tower with Radar,97,42,18,6,163,0,9,26,2,37,97,51,44,8,200,0,0,0,200
09/11/2013,ELP,TX,ASW,WE,Combined TRACON& Tower with Radar,105,41,31,2,179,0,3,13,5,21,105,44,44,7,200,0,0,0,200
09/12/2013,ELP,TX,ASW,WE,Combined TRACON& Tower with Radar,111,47,28,3,189,0,1,9,0,10,111,48,37,3,199,10,0,10,209
09/13/2013,ELP,TX,ASW,WE,Combined TRACON& Tower with Radar,104,61,19,48,232,0,14,21,2,37,104,75,40,50,269,0,0,0,269
09/14/2013,ELP,TX,ASW,WE,Combined TRACON& Tower with Radar,67,35,13,2,117,0,3,49,0,52,67,38,62,2,169,20,0,20,189
09/15/2013,ELP,TX,ASW,WE,Combined TRACON& Tower with Radar,86,39,15,0,140,0,6,23,4,33,86,45,38,4,173,10,0,10,183
09/16/2013,ELP,TX,ASW,WE,Combined TRACON& Tower with Radar,98,53,21,2,174,0,4,31,2,37,98,57,52,4,211,40,0,40,251
09/17/2013,ELP,TX,ASW,WE,Combined TRACON& Tower with Radar,103,45,32,16,196,0,4,31,3,38,103,49,63,19,234,14,0,14,248
09/18/2013,ELP,TX,ASW,WE,Combined TRACON& Tower with Radar,108,50,33,4,195,0,6,61,6,73,108,56,94,10,268,22,0,22,290
09/19/2013,ELP,TX,ASW,WE,Combined TRACON& Tower with Radar,107,44,21,40,212,0,4,29,4,37,107,48,50,44,249,0,0,0,249
09/20/2013,ELP,TX,ASW,WE,Combined TRACON& Tower with Radar,112,45,16,35,208,0,2,29,2,33,112,47,45,37,241,16,0,16,257
09/21/2013,ELP,TX,ASW,WE,Combined TRACON& Tower with Radar,64,43,12,2,121,0,12,33,2,47,64,55,45,4,168,0,0,0,168
09/22/2013,ELP,TX,ASW,WE,Combined TRACON& Tower with Radar,91,41,14,12,158,0,3,50,0,53,91,44,64,12,211,30,0,30,241
09/23/2013,ELP,TX,ASW,WE,Combined TRACON& Tower with Radar,103,40,15,1,159,0,8,29,2,39,103,48,44,3,198,14,0,14,212
09/24/2013,ELP,TX,ASW,WE,Combined TRACON& Tower with Radar,110,53,35,1,199,0,4,62,1,67,110,57,97,2,266,4,0,4,270
09/25/2013,ELP,TX,ASW,WE,Combined TRACON& Tower with Radar,105,47,45,5,202,0,3,63,2,68,105,50,108,7,270,34,0,34,304
09/26/2013,ELP,TX,ASW,WE,Combined TRACON& Tower with Radar,105,41,29,5,180,0,11,73,3,87,105,52,102,8,267,6,0,6,273
09/27/2013,ELP,TX,ASW,WE,Combined TRACON& Tower with Radar,102,44,21,7,174,0,7,77,2,86,102,51,98,9,260,16,0,16,276
09/28/2013,ELP,TX,ASW,WE,Combined TRACON& Tower with Radar,64,31,7,3,105,0,6,39,2,47,64,37,46,5,152,12,0,12,164
09/29/2013,ELP,TX,ASW,WE,Combined TRACON& Tower with Radar,83,38,16,2,139,0,1,40,1,42,83,39,56,3,181,0,0,0,181
09/30/2013,ELP,TX,ASW,WE,Combined TRACON& Tower with Radar,94,63,13,0,170,0,5,36,6,47,94,68,49,6,217,0,0,0,217
10/01/2013,ELP,TX,ASW,WE,Combined TRACON& Tower with Radar,97,50,18,4,169,0,11,64,2,77,97,61,82,6,246,28,0,28,274
10/02/2013,ELP,TX,ASW,WE,Combined TRACON& Tower with Radar,104,51,14,2,171,0,10,73,3,86,104,61,87,5,257,2,0,2,259
10/03/2013,ELP,TX,ASW,WE,Combined TRACON& Tower with Radar,104,59,25,2,190,0,7,53,1,61,104,66,78,3,251,0,0,0,251
10/04/2013,ELP,TX,ASW,WE,Combined TRACON& Tower with Radar,101,48,16,7,172,0,14,39,5,58,101,62,55,12,230,0,0,0,230
10/05/2013,ELP,TX,ASW,WE,Combined TRACON& Tower with Radar,67,33,16,0,116,0,22,33,0,55,67,55,49,0,171,36,0,36,207
10/06/2013,ELP,TX,ASW,WE,Combined TRACON& Tower with Radar,85,37,15,4,141,0,14,44,2,60,85,51,59,6,201,46,0,46,247
10/07/2013,ELP,TX,ASW,WE,Combined TRACON& Tower with Radar,99,41,12,0,152,0,19,63,1,83,99,60,75,1,235,22,0,22,257
10/08/2013,ELP,TX,ASW,WE,Combined TRACON& Tower with Radar,104,52,30,4,190,0,9,55,5,69,104,61,85,9,259,42,0,42,301
10/09/2013,ELP,TX,ASW,WE,Combined TRACON& Tower with Radar,105,54,21,0,180,0,17,41,7,65,105,71,62,7,245,6,0,6,251
10/10/2013,ELP,TX,ASW,WE,Combined TRACON& Tower with Radar,111,54,26,7,198,0,11,28,0,39,111,65,54,7,237,0,0,0,237
10/11/2013,ELP,TX,ASW,WE,Combined TRACON& Tower with Radar,99,54,14,21,188,0,11,37,0,48,99,65,51,21,236,10,0,10,246
10/12/2013,ELP,TX,ASW,WE,Combined TRACON& Tower with Radar,69,27,28,0,124,0,5,50,3,58,69,32,78,3,182,24,0,24,206
10/13/2013,ELP,TX,ASW,WE,Combined TRACON& Tower with Radar,88,41,30,2,161,0,3,41,7,51,88,44,71,9,212,2,0,2,214
10/14/2013,ELP,TX,ASW,WE,Combined TRACON& Tower with Radar,97,40,29,0,166,0,18,50,2,70,97,58,79,2,236,6,0,6,242
10/15/2013,ELP,TX,ASW,WE,Combined TRACON& Tower with Radar,98,39,27,3,167,0,29,48,0,77,98,68,75,3,244,54,0,54,298
10/16/2013,ELP,TX,ASW,WE,Combined TRACON& Tower with Radar,109,46,32,2,189,5,18,53,3,79,114,64,85,5,268,12,0,12,280
10/17/2013,ELP,TX,ASW,WE,Combined TRACON& Tower with Radar,107,45,38,4,194,0,13,62,0,75,107,58,100,4,269,26,0,26,295
10/18/2013,ELP,TX,ASW,WE,Combined TRACON& Tower with Radar,95,44,23,15,177,0,15,66,7,88,95,59,89,22,265,16,0,16,281
10/19/2013,ELP,TX,ASW,WE,Combined TRACON& Tower with Radar,73,36,28,1,138,0,8,57,3,68,73,44,85,4,206,48,0,48,254
10/20/2013,ELP,TX,ASW,WE,Combined TRACON& Tower with Radar,87,31,30,18,166,0,11,40,4,55,87,42,70,22,221,32,0,32,253
10/21/2013,ELP,TX,ASW,WE,Combined TRACON& Tower with Radar,101,42,17,4,164,0,22,52,1,75,101,64,69,5,239,0,0,0,239
10/22/2013,ELP,TX,ASW,WE,Combined TRACON& Tower with Radar,107,55,19,8,189,0,11,61,2,74,107,66,80,10,263,34,0,34,297
10/23/2013,ELP,TX,ASW,WE,Combined TRACON& Tower with Radar,100,49,22,1,172,0,11,46,2,59,100,60,68,3,231,18,0,18,249
10/24/2013,ELP,TX,ASW,WE,Combined TRACON& Tower with Radar,107,41,24,4,176,0,21,55,4,80,107,62,79,8,256,12,0,12,268
10/25/2013,ELP,TX,ASW,WE,Combined TRACON& Tower with Radar,103,51,26,50,230,0,20,37,6,63,103,71,63,56,293,0,0,0,293
10/26/2013,ELP,TX,ASW,WE,Combined TRACON& Tower with Radar,70,35,13,0,118,0,21,50,1,72,70,56,63,1,190,0,0,0,190
10/27/2013,ELP,TX,ASW,WE,Combined TRACON& Tower with Radar,82,32,19,8,141,0,3,54,4,61,82,35,73,12,202,10,0,10,212
10/28/2013,ELP,TX,ASW,WE,Combined TRACON& Tower with Radar,99,44,25,30,198,0,10,52,5,67,99,54,77,35,265,30,40,70,335
10/29/2013,ELP,TX,ASW,WE,Combined TRACON& Tower with Radar,102,51,27,12,192,0,10,41,3,54,102,61,68,15,246,32,0,32,278
10/30/2013,ELP,TX,ASW,WE,Combined TRACON& Tower with Radar,98,48,37,15,198,0,10,60,8,78,98,58,97,23,276,20,0,20,296
10/31/2013,ELP,TX,ASW,WE,Combined TRACON& Tower with Radar,98,46,26,13,183,0,12,59,10,81,98,58,85,23,264,18,16,34,298
11/01/2013,ELP,TX,ASW,WE,Combined TRACON& Tower with Radar,98,54,31,25,208,0,13,50,4,67,98,67,81,29,275,24,8,32,307
11/02/2013,ELP,TX,ASW,WE,Combined TRACON& Tower with Radar,69,32,27,0,128,0,10,66,0,76,69,42,93,0,204,24,0,24,228
11/03/2013,ELP,TX,ASW,WE,Combined TRACON& Tower with Radar,82,43,23,14,162,0,5,22,9,36,82,48,45,23,198,10,4,14,212
11/04/2013,ELP,TX,ASW,WE,Combined TRACON& Tower with Radar,97,45,27,32,201,0,4,45,7,56,97,49,72,39,257,10,0,10,267
11/05/2013,ELP,TX,ASW,WE,Combined TRACON& Tower with Radar,100,41,18,18,177,0,22,42,8,72,100,63,60,26,249,0,4,4,253
11/06/2013,ELP,TX,ASW,WE,Combined TRACON& Tower with Radar,101,46,18,10,175,0,24,64,18,106,101,70,82,28,281,26,0,26,307
11/07/2013,ELP,TX,ASW,WE,Combined TRACON& Tower with Radar,108,46,19,12,185,0,8,54,6,68,108,54,73,18,253,32,0,32,285
11/08/2013,ELP,TX,ASW,WE,Combined TRACON& Tower with Radar,101,47,18,2,168,0,11,53,1,65,101,58,71,3,233,12,0,12,245
11/09/2013,ELP,TX,ASW,WE,Combined TRACON& Tower with Radar,80,27,12,0,119,0,5,62,4,71,80,32,74,4,190,34,0,34,224
11/10/2013,ELP,TX,ASW,WE,Combined TRACON& Tower with Radar,81,36,23,4,144,0,10,51,4,65,81,46,74,8,209,4,0,4,213
11/11/2013,ELP,TX,ASW,WE,Combined TRACON& Tower with Radar,100,41,23,0,164,0,3,61,0,64,100,44,84,0,228,40,0,40,268
11/12/2013,ELP,TX,ASW,WE,Combined TRACON& Tower with Radar,101,40,22,9,172,0,3,30,5,38,101,43,52,14,210,44,20,64,274
11/13/2013,ELP,TX,ASW,WE,Combined TRACON& Tower with Radar,101,38,15,6,160,0,4,36,0,40,101,42,51,6,200,16,0,16,216
11/14/2013,ELP,TX,ASW,WE,Combined TRACON& Tower with Radar,107,64,39,7,217,0,6,49,7,62,107,70,88,14,279,20,0,20,299
11/15/2013,ELP,TX,ASW,WE,Combined TRACON& Tower with Radar,104,53,35,1,193,0,4,30,3,37,104,57,65,4,230,10,0,10,240
11/16/2013,ELP,TX,ASW,WE,Combined TRACON& Tower with Radar,77,24,28,5,134,0,6,28,1,35,77,30,56,6,169,42,0,42,211
11/17/2013,ELP,TX,ASW,WE,Combined TRACON& Tower with Radar,112,55,31,2,200,0,3,31,0,34,112,58,62,2,234,66,0,66,300
11/18/2013,ELP,TX,ASW,WE,Combined TRACON& Tower with Radar,131,55,47,8,241,0,6,52,4,62,131,61,99,12,303,0,0,0,303
11/19/2013,ELP,TX,ASW,WE,Combined TRACON& Tower with Radar,103,46,34,6,189,0,12,58,1,71,103,58,92,7,260,18,0,18,278
11/20/2013,ELP,TX,ASW,WE,Combined TRACON& Tower with Radar,98,48,28,9,183,0,7,33,7,47,98,55,61,16,230,0,0,0,230
11/21/2013,ELP,TX,ASW,WE,Combined TRACON& Tower with Radar,104,43,36,43,226,0,7,38,4,49,104,50,74,47,275,0,16,16,291
11/22/2013,ELP,TX,ASW,WE,Combined TRACON& Tower with Radar,104,46,22,14,186,0,10,16,2,28,104,56,38,16,214,16,0,16,230
11/23/2013,ELP,TX,ASW,WE,Combined TRACON& Tower with Radar,81,31,12,2,126,0,3,9,5,17,81,34,21,7,143,0,0,0,143
11/24/2013,ELP,TX,ASW,WE,Combined TRACON& Tower with Radar,74,29,9,0,112,0,2,5,0,7,74,31,14,0,119,0,0,0,119
11/25/2013,ELP,TX,ASW,WE,Combined TRACON& Tower with Radar,113,37,28,11,189,0,6,28,10,44,113,43,56,21,233,12,0,12,245
11/26/2013,ELP,TX,ASW,WE,Combined TRACON& Tower with Radar,111,52,34,8,205,0,2,67,3,72,111,54,101,11,277,30,0,30,307
11/27/2013,ELP,TX,ASW,WE,Combined TRACON& Tower with Radar,107,52,25,12,196,0,22,53,3,78,107,74,78,15,274,26,0,26,300
11/28/2013,ELP,TX,ASW,WE,Combined TRACON& Tower with Radar,62,31,5,0,98,0,5,24,0,29,62,36,29,0,127,0,0,0,127
11/29/2013,ELP,TX,ASW,WE,Combined TRACON& Tower with Radar,86,30,18,0,134,0,5,44,1,50,86,35,62,1,184,40,0,40,224
11/30/2013,ELP,TX,ASW,WE,Combined TRACON& Tower with Radar,87,28,20,0,135,0,0,57,0,57,87,28,77,0,192,36,0,36,228
12/01/2013,ELP,TX,ASW,WE,Combined TRACON& Tower with Radar,98,40,30,0,168,0,4,46,1,51,98,44,76,1,219,36,0,36,255
12/02/2013,ELP,TX,ASW,WE,Combined TRACON& Tower with Radar,102,39,21,5,167,0,14,43,6,63,102,53,64,11,230,60,14,74,304
12/03/2013,ELP,TX,ASW,WE,Combined TRACON& Tower with Radar,108,43,28,4,183,0,15,39,8,62,108,58,67,12,245,16,0,16,261
12/04/2013,ELP,TX,ASW,WE,Combined TRACON& Tower with Radar,117,41,24,3,185,1,22,12,5,40,118,63,36,8,225,16,0,16,241
12/05/2013,ELP,TX,ASW,WE,Combined TRACON& Tower with Radar,104,43,36,34,217,0,14,19,2,35,104,57,55,36,252,0,30,30,282
12/06/2013,ELP,TX,ASW,WE,Combined TRACON& Tower with Radar,84,46,12,93,235,0,22,51,6,79,84,68,63,99,314,12,26,38,352
12/07/2013,ELP,TX,ASW,WE,Combined TRACON& Tower with Radar,70,32,15,42,159,0,6,8,2,16,70,38,23,44,175,0,0,0,175
12/08/2013,ELP,TX,ASW,WE,Combined TRACON& Tower with Radar,70,26,26,6,128,0,2,48,3,53,70,28,74,9,181,60,0,60,241
12/09/2013,ELP,TX,ASW,WE,Combined TRACON& Tower with Radar,99,48,30,36,213,0,18,41,8,67,99,66,71,44,280,0,40,40,320
12/10/2013,ELP,TX,ASW,WE,Combined TRACON& Tower with Radar,103,56,31,5,195,0,14,43,2,59,103,70,74,7,254,20,0,20,274
12/11/2013,ELP,TX,ASW,WE,Combined TRACON& Tower with Radar,109,52,13,8,182,0,12,45,5,62,109,64,58,13,244,0,0,0,244
12/12/2013,ELP,TX,ASW,WE,Combined TRACON& Tower with Radar,110,49,36,5,200,18,18,19,1,56,128,67,55,6,256,0,0,0,256
12/13/2013,ELP,TX,ASW,WE,Combined TRACON& Tower with Radar,104,39,26,26,195,0,15,29,4,48,104,54,55,30,243,0,0,0,243
12/14/2013,ELP,TX,ASW,WE,Combined TRACON& Tower with Radar,77,30,24,3,134,0,4,44,1,49,77,34,68,4,183,14,0,14,197
12/15/2013,ELP,TX,ASW,WE,Combined TRACON& Tower with Radar,82,30,28,6,146,0,7,36,1,44,82,37,64,7,190,22,0,22,212
12/16/2013,ELP,TX,ASW,WE,Combined TRACON& Tower with Radar,104,53,36,1,194,0,14,51,5,70,104,67,87,6,264,38,0,38,302
12/17/2013,ELP,TX,ASW,WE,Combined TRACON& Tower with Radar,109,44,29,3,185,0,15,62,6,83,109,59,91,9,268,32,0,32,300
12/18/2013,ELP,TX,ASW,WE,Combined TRACON& Tower with Radar,114,53,34,1,202,0,10,58,2,70,114,63,92,3,272,68,0,68,340
12/19/2013,ELP,TX,ASW,WE,Combined TRACON& Tower with Radar,107,62,19,24,212,0,26,32,9,67,107,88,51,33,279,0,0,0,279
12/20/2013,ELP,TX,ASW,WE,Combined TRACON& Tower with Radar,103,62,24,10,199,0,10,32,0,42,103,72,56,10,241,22,0,22,263
12/21/2013,ELP,TX,ASW,WE,Combined TRACON& Tower with Radar,91,42,19,1,153,0,1,11,1,13,91,43,30,2,166,0,0,0,166
12/22/2013,ELP,TX,ASW,WE,Combined TRACON& Tower with Radar,87,35,54,1,177,0,6,60,1,67,87,41,114,2,244,78,0,78,322
12/23/2013,ELP,TX,ASW,WE,Combined TRACON& Tower with Radar,104,49,25,1,179,0,13,32,7,52,104,62,57,8,231,46,0,46,277
12/24/2013,ELP,TX,ASW,WE,Combined TRACON& Tower with Radar,81,29,9,0,119,0,7,24,1,32,81,36,33,1,151,0,0,0,151
12/25/2013,ELP,TX,ASW,WE,Combined TRACON& Tower with Radar,77,27,11,0,115,0,6,22,0,28,77,33,33,0,143,12,0,12,155
12/26/2013,ELP,TX,ASW,WE,Combined TRACON& Tower with Radar,101,60,24,3,188,0,9,45,3,57,101,69,69,6,245,30,0,30,275
12/27/2013,ELP,TX,ASW,WE,Combined TRACON& Tower with Radar,95,42,29,0,166,0,16,28,3,47,95,58,57,3,213,0,0,0,213
12/28/2013,ELP,TX,ASW,WE,Combined TRACON& Tower with Radar,86,34,26,0,146,0,8,34,1,43,86,42,60,1,189,10,0,10,199
12/29/2013,ELP,TX,ASW,WE,Combined TRACON& Tower with Radar,88,41,25,2,156,0,2,18,1,21,88,43,43,3,177,0,0,0,177
12/30/2013,ELP,TX,ASW,WE,Combined TRACON& Tower with Radar,94,33,19,0,146,0,12,39,3,54,94,45,58,3,200,24,0,24,224
12/31/2013,ELP,TX,ASW,WE,Combined TRACON& Tower with Radar,96,25,18,0,139,0,23,50,2,75,96,48,68,2,214,0,0,0,214
01/01/2014,ELP,TX,ASW,WE,Combined TRACON& Tower with Radar,78,31,20,0,129,0,22,15,2,39,78,53,35,2,168,0,0,0,168
01/02/2014,ELP,TX,ASW,WE,Combined TRACON& Tower with Radar,103,50,28,2,183,0,32,40,3,75,103,82,68,5,258,8,0,8,266
01/03/2014,ELP,TX,ASW,WE,Combined TRACON& Tower with Radar,98,52,17,2,169,0,25,41,4,70,98,77,58,6,239,10,0,10,249
01/04/2014,ELP,TX,ASW,WE,Combined TRACON& Tower with Radar,81,32,41,0,154,0,26,36,1,63,81,58,77,1,217,62,0,62,279
01/05/2014,ELP,TX,ASW,WE,Combined TRACON& Tower with Radar,81,38,20,1,140,0,10,28,4,42,81,48,48,5,182,10,0,10,192
01/06/2014,ELP,TX,ASW,WE,Combined TRACON& Tower with Radar,90,43,12,18,163,0,2,32,5,39,90,45,44,23,202,0,0,0,202
01/07/2014,ELP,TX,ASW,WE,Combined TRACON& Tower with Radar,97,52,24,19,192,0,10,19,10,39,97,62,43,29,231,0,0,0,231
01/08/2014,ELP,TX,ASW,WE,Combined TRACON& Tower with Radar,95,47,22,16,180,0,13,42,2,57,95,60,64,18,237,0,12,12,249
01/09/2014,ELP,TX,ASW,WE,Combined TRACON& Tower with Radar,86,41,25,4,156,0,19,46,4,69,86,60,71,8,225,16,0,16,241
01/10/2014,ELP,TX,ASW,WE,Combined TRACON& Tower with Radar,88,44,25,14,171,0,12,43,0,55,88,56,68,14,226,30,0,30,256
01/11/2014,ELP,TX,ASW,WE,Combined TRACON& Tower with Radar,51,35,18,0,104,0,11,47,1,59,51,46,65,1,163,10,0,10,173
01/12/2014,ELP,TX,ASW,WE,Combined TRACON& Tower with Radar,72,31,21,4,128,0,13,30,6,49,72,44,51,10,177,8,0,8,185
01/13/2014,ELP,TX,ASW,WE,Combined TRACON& Tower with Radar,87,44,21,3,155,0,9,45,2,56,87,53,66,5,211,6,0,6,217
01/14/2014,ELP,TX,ASW,WE,Combined TRACON& Tower with Radar,92,37,38,5,172,0,20,36,7,63,92,57,74,12,235,0,0,0,235
01/15/2014,ELP,TX,ASW,WE,Combined TRACON& Tower with Radar,91,46,25,3,165,0,19,61,2,82,91,65,86,5,247,22,0,22,269
01/16/2014,ELP,TX,ASW,WE,Combined TRACON& Tower with Radar,91,56,35,18,200,0,7,40,11,58,91,63,75,29,258,0,30,30,288
01/17/2014,ELP,TX,ASW,WE,Combined TRACON& Tower with Radar,89,55,41,0,185,0,12,86,5,103,89,67,127,5,288,24,0,24,312
01/18/2014,ELP,TX,ASW,WE,Combined TRACON& Tower with Radar,58,35,23,4,120,0,7,54,2,63,58,42,77,6,183,48,0,48,231
01/19/2014,ELP,TX,ASW,WE,Combined TRACON& Tower with Radar,71,31,25,1,128,0,9,46,0,55,71,40,71,1,183,24,0,24,207
01/20/2014,ELP,TX,ASW,WE,Combined TRACON& Tower with Radar,83,42,38,3,166,0,13,58,4,75,83,55,96,7,241,66,0,66,307
01/21/2014,ELP,TX,ASW,WE,Combined TRACON& Tower with Radar,91,42,34,10,177,0,10,43,8,61,91,52,77,18,238,12,0,12,250
01/22/2014,ELP,TX,ASW,WE,Combined TRACON& Tower with Radar,91,46,23,5,165,0,9,49,0,58,91,55,72,5,223,12,0,12,235
01/23/2014,ELP,TX,ASW,WE,Combined TRACON& Tower with Radar,87,45,27,2,161,0,5,22,0,27,87,50,49,2,188,0,0,0,188
01/24/2014,ELP,TX,ASW,WE,Combined TRACON& Tower with Radar,88,46,19,10,163,0,13,39,2,54,88,59,58,12,217,24,0,24,241
01/25/2014,ELP,TX,ASW,WE,Combined TRACON& Tower with Radar,55,28,23,0,106,0,1,70,0,71,55,29,93,0,177,42,0,42,219
01/26/2014,ELP,TX,ASW,WE,Combined TRACON& Tower with Radar,70,38,32,3,143,0,7,28,1,36,70,45,60,4,179,16,0,16,195
01/27/2014,ELP,TX,ASW,WE,Combined TRACON& Tower with Radar,89,42,32,9,172,0,16,38,8,62,89,58,70,17,234,0,0,0,234
01/28/2014,ELP,TX,ASW,WE,Combined TRACON& Tower with Radar,84,31,14,11,140,0,13,47,7,67,84,44,61,18,207,16,40,56,263
01/29/2014,ELP,TX,ASW,WE,Combined TRACON& Tower with Radar,89,48,34,24,195,0,11,49,10,70,89,59,83,34,265,0,66,66,331
01/30/2014,ELP,TX,ASW,WE,Combined TRACON& Tower with Radar,87,57,34,32,210,0,12,34,11,57,87,69,68,43,267,32,92,124,391
01/31/2014,ELP,TX,ASW,WE,Combined TRACON& Tower with Radar,95,53,24,17,189,0,11,31,2,44,95,64,55,19,233,30,0,30,263
02/01/2014,ELP,TX,ASW,WE,Combined TRACON& Tower with Radar,58,44,18,2,122,0,4,58,2,64,58,48,76,4,186,22,0,22,208
02/02/2014,ELP,TX,ASW,WE,Combined TRACON& Tower with Radar,60,29,15,14,118,0,8,45,0,53,60,37,60,14,171,20,0,20,191
02/03/2014,ELP,TX,ASW,WE,Combined TRACON& Tower with Radar,88,54,44,103,289,0,21,40,7,68,88,75,84,110,357,12,152,164,521
02/04/2014,ELP,TX,ASW,WE,Combined TRACON& Tower with Radar,92,52,36,31,211,0,17,38,8,63,92,69,74,39,274,0,66,66,340
02/05/2014,ELP,TX,ASW,WE,Combined TRACON& Tower with Radar,84,53,32,17,186,0,7,43,11,61,84,60,75,28,247,30,64,94,341
02/06/2014,ELP,TX,ASW,WE,Combined TRACON& Tower with Radar,85,52,31,53,221,0,15,50,18,83,85,67,81,71,304,5,115,120,424
02/07/2014,ELP,TX,ASW,WE,Combined TRACON& Tower with Radar,86,55,22,32,195,0,14,71,18,103,86,69,93,50,298,32,58,90,388
02/08/2014,ELP,TX,ASW,WE,Combined TRACON& Tower with Radar,55,35,26,12,128,0,18,44,4,66,55,53,70,16,194,0,0,0,194
02/09/2014,ELP,TX,ASW,WE,Combined TRACON& Tower with Radar,72,37,38,11,158,0,20,34,2,56,72,57,72,13,214,18,0,18,232
02/10/2014,ELP,TX,ASW,WE,Combined TRACON& Tower with Radar,80,70,24,70,244,0,10,31,24,65,80,80,55,94,309,44,54,98,407
02/11/2014,ELP,TX,ASW,WE,Combined TRACON& Tower with Radar,86,48,25,36,195,0,18,31,10,59,86,66,56,46,254,20,0,20,274
02/12/2014,ELP,TX,ASW,WE,Combined TRACON& Tower with Radar,85,44,32,7,168,0,22,55,6,83,85,66,87,13,251,12,0,12,263
02/13/2014,ELP,TX,ASW,WE,Combined TRACON& Tower with Radar,86,57,28,10,181,0,4,37,4,45,86,61,65,14,226,26,0,26,252
02/14/2014,ELP,TX,ASW,WE,Combined TRACON& Tower with Radar,86,59,31,37,213,0,19,50,1,70,86,78,81,38,283,24,0,24,307
02/15/2014,ELP,TX,ASW,WE,Combined TRACON& Tower with Radar,54,34,27,0,115,0,26,57,1,84,54,60,84,1,199,30,0,30,229
02/16/2014,ELP,TX,ASW,WE,Combined TRACON& Tower with Radar,68,47,24,27,166,0,11,56,3,70,68,58,80,30,236,34,0,34,270
02/17/2014,ELP,TX,ASW,WE,Combined TRACON& Tower with Radar,80,53,32,7,172,0,10,47,4,61,80,63,79,11,233,0,0,0,233
02/18/2014,ELP,TX,ASW,WE,Combined TRACON& Tower with Radar,90,52,26,10,178,0,9,43,0,52,90,61,69,10,230,0,0,0,230
02/19/2014,ELP,TX,ASW,WE,Combined TRACON& Tower with Radar,88,58,40,11,197,0,22,48,3,73,88,80,88,14,270,20,0,20,290
02/20/2014,ELP,TX,ASW,WE,Combined TRACON& Tower with Radar,88,51,30,5,174,0,18,46,8,72,88,69,76,13,246,38,0,38,284
02/21/2014,ELP,TX,ASW,WE,Combined TRACON& Tower with Radar,83,54,29,16,182,0,24,85,0,109,83,78,114,16,291,6,0,6,297
02/22/2014,ELP,TX,ASW,WE,Combined TRACON& Tower with Radar,55,40,27,14,136,0,12,66,2,80,55,52,93,16,216,44,0,44,260
02/23/2014,ELP,TX,ASW,WE,Combined TRACON& Tower with Radar,69,44,37,19,169,0,6,58,3,67,69,50,95,22,236,12,0,12,248
02/24/2014,ELP,TX,ASW,WE,Combined TRACON& Tower with Radar,78,61,28,33,200,0,21,19,18,58,78,82,47,51,258,14,22,36,294
02/25/2014,ELP,TX,ASW,WE,Combined TRACON& Tower with Radar,86,56,22,58,222,0,13,51,19,83,86,69,73,77,305,82,138,220,525
02/26/2014,ELP,TX,ASW,WE,Combined TRACON& Tower with Radar,86,54,29,8,177,0,25,36,20,81,86,79,65,28,258,18,28,46,304
02/27/2014,ELP,TX,ASW,WE,Combined TRACON& Tower with Radar,91,52,52,15,210,0,10,47,11,68,91,62,99,26,278,90,0,90,368
02/28/2014,ELP,TX,ASW,WE,Combined TRACON& Tower with Radar,89,68,22,9,188,0,10,55,6,71,89,78,77,15,259,100,10,110,369
03/01/2014,ELP,TX,ASW,WE,Combined TRACON& Tower with Radar,55,47,24,0,126,0,13,46,1,60,55,60,70,1,186,102,0,102,288
03/02/2014,ELP,TX,ASW,WE,Combined TRACON& Tower with Radar,62,39,28,16,145,0,7,21,1,29,62,46,49,17,174,0,0,0,174
03/03/2014,ELP,TX,ASW,WE,Combined TRACON& Tower with Radar,92,54,29,32,207,0,9,49,18,76,92,63,78,50,283,60,70,130,413
03/04/2014,ELP,TX,ASW,WE,Combined TRACON& Tower with Radar,91,61,22,9,183,0,17,45,11,73,91,78,67,20,256,0,0,0,256
03/05/2014,ELP,TX,ASW,WE,Combined TRACON& Tower with Radar,91,53,33,11,188,0,12,37,13,62,91,65,70,24,250,0,50,50,300
03/06/2014,ELP,TX,ASW,WE,Combined TRACON& Tower with Radar,96,69,33,26,224,0,18,55,4,77,96,87,88,30,301,40,0,40,341
03/07/2014,ELP,TX,ASW,WE,Combined TRACON& Tower with Radar,92,55,30,33,210,0,21,59,14,94,92,76,89,47,304,24,0,24,328
03/08/2014,ELP,TX,ASW,WE,Combined TRACON& Tower with Radar,71,35,15,12,133,0,8,43,1,52,71,43,58,13,185,10,8,18,203
03/09/2014,ELP,TX,ASW,WE,Combined TRACON& Tower with Radar,86,51,16,5,158,0,9,29,8,46,86,60,45,13,204,32,0,32,236
03/10/2014,ELP,TX,ASW,WE,Combined TRACON& Tower with Radar,99,57,32,3,191,0,7,26,9,42,99,64,58,12,233,46,0,46,279
03/11/2014,ELP,TX,ASW,WE,Combined TRACON& Tower with Radar,97,52,37,2,188,0,13,30,4,47,97,65,67,6,235,10,0,10,245
03/12/2014,ELP,TX,ASW,WE,Combined TRACON& Tower with Radar,94,50,25,0,169,0,8,34,4,46,94,58,59,4,215,0,0,0,215
03/13/2014,ELP,TX,ASW,WE,Combined TRACON& Tower with Radar,99,52,35,6,192,0,14,53,2,69,99,66,88,8,261,48,0,48,309
03/14/2014,ELP,TX,ASW,WE,Combined TRACON& Tower with Radar,102,55,29,16,202,0,13,39,5,57,102,68,68,21,259,4,0,4,263
03/15/2014,ELP,TX,ASW,WE,Combined TRACON& Tower with Radar,71,53,23,8,155,0,7,53,7,67,71,60,76,15,222,50,6,56,278
03/16/2014,ELP,TX,ASW,WE,Combined TRACON& Tower with Radar,83,39,31,0,153,0,14,47,1,62,83,53,78,1,215,22,0,22,237
03/17/2014,ELP,TX,ASW,WE,Combined TRACON& Tower with Radar,88,47,25,7,167,0,3,49,2,54,88,50,74,9,221,32,0,32,253
03/18/2014,ELP,TX,ASW,WE,Combined TRACON& Tower with Radar,102,48,28,7,185,0,9,30,6,45,102,57,58,13,230,22,4,26,256
03/19/2014,ELP,TX,ASW,WE,Combined TRACON& Tower with Radar,96,59,28,16,199,0,8,26,6,40,96,67,54,22,239,30,14,44,283
03/20/2014,ELP,TX,ASW,WE,Combined TRACON& Tower with Radar,96,58,41,5,200,0,3,62,3,68,96,61,103,8,268,82,0,82,350
03/21/2014,ELP,TX,ASW,WE,Combined TRACON& Tower with Radar,102,57,28,57,244,0,12,42,7,61,102,69,70,64,305,52,26,78,383
03/22/2014,ELP,TX,ASW,WE,Combined TRACON& Tower with Radar,67,48,32,2,149,0,19,92,7,118,67,67,124,9,267,122,0,122,389
03/23/2014,ELP,TX,ASW,WE,Combined TRACON& Tower with Radar,82,49,29,25,185,0,9,34,7,50,82,58,63,32,235,0,0,0,235
03/24/2014,ELP,TX,ASW,WE,Combined TRACON& Tower with Radar,96,50,23,13,182,0,9,41,3,53,96,59,64,16,235,12,0,12,247
03/25/2014,ELP,TX,ASW,WE,Combined TRACON& Tower with Radar,80,56,15,5,156,0,15,27,4,46,80,71,42,9,202,10,0,10,212
03/26/2014,ELP,TX,ASW,WE,Combined TRACON& Tower with Radar,102,54,43,2,201,0,17,38,4,59,102,71,81,6,260,0,0,0,260
03/27/2014,ELP,TX,ASW,WE,Combined TRACON& Tower with Radar,98,63,28,14,203,0,30,35,7,72,98,93,63,21,275,0,32,32,307
03/28/2014,ELP,TX,ASW,WE,Combined TRACON& Tower with Radar,97,50,31,36,214,0,8,39,3,50,97,58,70,39,264,22,38,60,324
03/29/2014,ELP,TX,ASW,WE,Combined TRACON& Tower with Radar,70,44,22,2,138,0,5,66,2,73,70,49,88,4,211,38,0,38,249
03/30/2014,ELP,TX,ASW,WE,Combined TRACON& Tower with Radar,82,41,24,4,151,0,4,42,4,50,82,45,66,8,201,64,0,64,265
03/31/2014,ELP,TX,ASW,WE,Combined TRACON& Tower with Radar,93,50,41,8,192,0,11,74,11,96,93,61,115,19,288,6,0,6,294
04/01/2014,ELP,TX,ASW,WE,Combined TRACON& Tower with Radar,94,58,42,10,204,0,17,62,9,88,94,75,104,19,292,50,0,50,342
04/02/2014,ELP,TX,ASW,WE,Combined TRACON& Tower with Radar,93,50,27,1,171,0,20,48,3,71,93,70,75,4,242,8,0,8,250
04/03/2014,ELP,TX,ASW,WE,Combined TRACON& Tower with Radar,92,49,38,46,225,0,18,48,7,73,92,67,86,53,298,0,0,0,298
04/04/2014,ELP,TX,ASW,WE,Combined TRACON& Tower with Radar,79,36,21,23,159,0,17,96,13,126,79,53,117,36,285,28,0,28,313
04/05/2014,ELP,TX,ASW,WE,Combined TRACON& Tower with Radar,68,39,26,1,134,0,5,55,2,62,68,44,81,3,196,32,0,32,228
04/06/2014,ELP,TX,ASW,WE,Combined TRACON& Tower with Radar,77,38,29,18,162,0,10,57,8,75,77,48,86,26,237,76,0,76,313
04/07/2014,ELP,TX,ASW,WE,Combined TRACON& Tower with Radar,92,52,33,14,191,0,11,57,5,73,92,63,90,19,264,22,0,22,286
04/08/2014,ELP,TX,ASW,WE,Combined TRACON& Tower with Radar,93,52,51,13,209,0,10,83,5,98,93,62,134,18,307,22,0,22,329
04/09/2014,ELP,TX,ASW,WE,Combined TRACON& Tower with Radar,97,65,74,29,265,0,12,86,7,105,97,77,160,36,370,98,0,98,468
04/10/2014,ELP,TX,ASW,WE,Combined TRACON& Tower with Radar,96,50,29,28,203,0,15,48,7,70,96,65,77,35,273,0,0,0,273
04/11/2014,ELP,TX,ASW,WE,Combined TRACON& Tower with Radar,90,58,25,17,190,0,12,48,6,66,90,70,73,23,256,0,0,0,256
04/12/2014,ELP,TX,ASW,WE,Combined TRACON& Tower with Radar,63,42,28,1,134,0,6,63,1,70,63,48,91,2,204,76,0,76,280
04/13/2014,ELP,TX,ASW,WE,Combined TRACON& Tower with Radar,76,41,33,9,159,0,12,29,1,42,76,53,62,10,201,16,0,16,217
04/14/2014,ELP,TX,ASW,WE,Combined TRACON& Tower with Radar,89,40,24,6,159,0,10,41,3,54,89,50,65,9,213,10,0,10,223
04/15/2014,ELP,TX,ASW,WE,Combined TRACON& Tower with Radar,90,50,20,18,178,0,9,56,2,67,90,59,76,20,245,20,0,20,265
04/16/2014,ELP,TX,ASW,WE,Combined TRACON& Tower with Radar,96,46,43,9,194,0,34,58,13,105,96,80,101,22,299,50,0,50,349
04/17/2014,ELP,TX,ASW,WE,Combined TRACON& Tower with Radar,88,50,34,4,176,0,23,39,3,65,88,73,73,7,241,0,0,0,241
04/18/2014,ELP,TX,ASW,WE,Combined TRACON& Tower with Radar,88,45,23,7,163,0,15,33,0,48,88,60,56,7,211,24,0,24,235
04/19/2014,ELP,TX,ASW,WE,Combined TRACON& Tower with Radar,62,35,9,0,106,0,3,25,0,28,62,38,34,0,134,4,0,4,138
04/20/2014,ELP,TX,ASW,WE,Combined TRACON& Tower with Radar,75,35,28,4,142,0,4,39,1,44,75,39,67,5,186,10,0,10,196
04/21/2014,ELP,TX,ASW,WE,Combined TRACON& Tower with Radar,87,41,33,6,167,0,12,41,3,56,87,53,74,9,223,34,0,34,257
04/22/2014,ELP,TX,ASW,WE,Combined TRACON& Tower with Radar,93,46,23,10,172,0,6,45,11,62,93,52,68,21,234,0,0,0,234
04/23/2014,ELP,TX,ASW,WE,Combined TRACON& Tower with Radar,94,46,32,8,180,0,17,37,4,58,94,63,69,12,238,20,0,20,258
04/24/2014,ELP,TX,ASW,WE,Combined TRACON& Tower with Radar,95,49,32,15,191,0,8,73,5,86,95,57,105,20,277,8,0,8,285
04/25/2014,ELP,TX,ASW,WE,Combined TRACON& Tower with Radar,91,49,29,21,190,0,18,53,12,83,91,67,82,33,273,10,0,10,283
04/26/2014,ELP,TX,ASW,WE,Combined TRACON& Tower with Radar,66,33,19,3,121,0,3,26,1,30,66,36,45,4,151,40,0,40,191
04/27/2014,ELP,TX,ASW,WE,Combined TRACON& Tower with Radar,76,34,19,5,134,0,5,7,0,12,76,39,26,5,146,0,0,0,146
04/28/2014,ELP,TX,ASW,WE,Combined TRACON& Tower with Radar,87,56,15,10,168,0,14,56,5,75,87,70,71,15,243,0,0,0,243
04/29/2014,ELP,TX,ASW,WE,Combined TRACON& Tower with Radar,94,50,49,8,201,0,14,64,3,81,94,64,113,11,282,12,0,12,294
04/30/2014,ELP,TX,ASW,WE,Combined TRACON& Tower with Radar,91,49,29,8,177,0,8,29,8,45,91,57,58,16,222,0,0,0,222
05/01/2014,ELP,TX,ASW,WE,Combined TRACON& Tower with Radar,91,43,33,14,181,0,23,39,11,73,91,66,72,25,254,30,0,30,284
05/02/2014,ELP,TX,ASW,WE,Combined TRACON& Tower with Radar,91,45,31,3,170,0,7,75,3,85,91,52,106,6,255,30,0,30,285
05/03/2014,ELP,TX,ASW,WE,Combined TRACON& Tower with Radar,62,32,16,10,120,0,26,74,5,105,62,58,90,15,225,20,0,20,245
05/04/2014,ELP,TX,ASW,WE,Combined TRACON& Tower with Radar,78,39,10,1,128,0,8,48,1,57,78,47,58,2,185,16,0,16,201
05/05/2014,ELP,TX,ASW,WE,Combined TRACON& Tower with Radar,90,46,14,22,172,0,9,63,1,73,90,55,77,23,245,0,0,0,245
05/06/2014,ELP,TX,ASW,WE,Combined TRACON& Tower with Radar,96,43,26,5,170,0,1,32,2,35,96,44,58,7,205,0,0,0,205
05/07/2014,ELP,TX,ASW,WE,Combined TRACON& Tower with Radar,95,73,30,2,200,0,9,30,1,40,95,82,60,3,240,4,0,4,244
05/08/2014,ELP,TX,ASW,WE,Combined TRACON& Tower with Radar,84,46,32,30,192,0,4,61,6,71,84,50,93,36,263,22,0,22,285
05/09/2014,ELP,TX,ASW,WE,Combined TRACON& Tower with Radar,92,53,26,4,175,0,14,108,1,123,92,67,134,5,298,46,0,46,344
05/10/2014,ELP,TX,ASW,WE,Combined TRACON& Tower with Radar,58,30,13,3,104,0,8,66,4,78,58,38,79,7,182,0,0,0,182
05/11/2014,ELP,TX,ASW,WE,Combined TRACON& Tower with Radar,81,28,13,1,123,0,3,15,1,19,81,31,28,2,142,4,0,4,146
05/12/2014,ELP,TX,ASW,WE,Combined TRACON& Tower with Radar,83,48,21,47,199,0,11,55,4,70,83,59,76,51,269,16,34,50,319
05/13/2014,ELP,TX,ASW,WE,Combined TRACON& Tower with Radar,95,48,18,16,177,0,13,34,5,52,95,61,52,21,229,0,0,0,229
05/14/2014,ELP,TX,ASW,WE,Combined TRACON& Tower with Radar,109,57,28,7,201,0,5,62,6,73,109,62,90,13,274,20,0,20,294
05/15/2014,ELP,TX,ASW,WE,Combined TRACON& Tower with Radar,99,61,20,7,187,0,5,66,3,74,99,66,86,10,261,34,0,34,295
05/16/2014,ELP,TX,ASW,WE,Combined TRACON& Tower with Radar,98,56,33,23,210,0,4,80,3,87,98,60,113,26,297,18,0,18,315
05/17/2014,ELP,TX,ASW,WE,Combined TRACON& Tower with Radar,65,38,16,10,129,0,15,58,2,75,65,53,74,12,204,10,0,10,214
05/18/2014,ELP,TX,ASW,WE,Combined TRACON& Tower with Radar,76,34,18,8,136,0,10,41,4,55,76,44,59,12,191,24,0,24,215
05/19/2014,ELP,TX,ASW,WE,Combined TRACON& Tower with Radar,95,53,18,38,204,0,4,37,6,47,95,57,55,44,251,12,0,12,263
05/20/2014,ELP,TX,ASW,WE,Combined TRACON& Tower with Radar,99,54,22,2,177,0,7,38,3,48,99,61,60,5,225,14,0,14,239
05/21/2014,ELP,TX,ASW,WE,Combined TRACON& Tower with Radar,99,58,27,12,196,0,12,39,6,57,99,70,66,18,253,20,0,20,273
05/22/2014,ELP,TX,ASW,WE,Combined TRACON& Tower with Radar,108,61,26,11,206,0,11,35,4,50,108,72,61,15,256,40,0,40,296
05/23/2014,ELP,TX,ASW,WE,Combined TRACON& Tower with Radar,102,56,23,17,198,0,3,46,1,50,102,59,69,18,248,28,18,46,294
05/24/2014,ELP,TX,ASW,WE,Combined TRACON& Tower with Radar,65,36,14,11,126,0,4,44,1,49,65,40,58,12,175,60,0,60,235
05/25/2014,ELP,TX,ASW,WE,Combined TRACON& Tower with Radar,64,33,14,2,113,0,9,33,2,44,64,42,47,4,157,20,0,20,177
05/26/2014,ELP,TX,ASW,WE,Combined TRACON& Tower with Radar,78,43,17,10,148,0,4,60,1,65,78,47,77,11,213,16,0,16,229
05/27/2014,ELP,TX,ASW,WE,Combined TRACON& Tower with Radar,95,43,24,3,165,0,14,40,2,56,95,57,64,5,221,22,0,22,243
05/28/2014,ELP,TX,ASW,WE,Combined TRACON& Tower with Radar,94,51,26,9,180,0,7,58,2,67,94,58,84,11,247,28,12,40,287
05/29/2014,ELP,TX,ASW,WE,Combined TRACON& Tower with Radar,95,59,25,1,180,0,19,71,6,96,95,78,96,7,276,8,0,8,284
05/30/2014,ELP,TX,ASW,WE,Combined TRACON& Tower with Radar,97,48,28,9,182,0,16,63,5,84,97,64,91,14,266,0,0,0,266
05/31/2014,ELP,TX,ASW,WE,Combined TRACON& Tower with Radar,63,35,27,9,134,0,14,54,0,68,63,49,81,9,202,0,0,0,202
06/01/2014,ELP,TX,ASW,WE,Combined TRACON& Tower with Radar,75,43,13,8,139,0,6,42,0,48,75,49,55,8,187,10,0,10,197
06/02/2014,ELP,TX,ASW,WE,Combined TRACON& Tower with Radar,88,45,16,6,155,0,8,32,5,45,88,53,48,11,200,6,0,6,206
06/03/2014,ELP,TX,ASW,WE,Combined TRACON& Tower with Radar,99,42,28,9,178,0,16,60,2,78,99,58,88,11,256,8,0,8,264
06/04/2014,ELP,TX,ASW,WE,Combined TRACON& Tower with Radar,98,40,14,2,154,0,14,40,6,60,98,54,54,8,214,28,0,28,242
06/05/2014,ELP,TX,ASW,WE,Combined TRACON& Tower with Radar,99,56,20,2,177,0,13,58,3,74,99,69,78,5,251,0,0,0,251
06/06/2014,ELP,TX,ASW,WE,Combined TRACON& Tower with Radar,96,41,20,16,173,0,12,39,3,54,96,53,59,19,227,6,0,6,233
06/07/2014,ELP,TX,ASW,WE,Combined TRACON& Tower with Radar,68,33,17,0,118,0,4,59,1,64,68,37,76,1,182,48,0,48,230
06/08/2014,ELP,TX,ASW,WE,Combined TRACON& Tower with Radar,77,41,17,13,148,0,8,48,1,57,77,49,65,14,205,44,0,44,249
06/09/2014,ELP,TX,ASW,WE,Combined TRACON& Tower with Radar,96,45,26,12,179,0,14,42,8,64,96,59,68,20,243,18,0,18,261
06/10/2014,ELP,TX,ASW,WE,Combined TRACON& Tower with Radar,102,45,33,4,184,0,13,57,5,75,102,58,90,9,259,24,0,24,283
06/11/2014,ELP,TX,ASW,WE,Combined TRACON& Tower with Radar,107,49,28,3,187,0,7,49,9,65,107,56,77,12,252,6,0,6,258
06/12/2014,ELP,TX,ASW,WE,Combined TRACON& Tower with Radar,110,48,8,6,172,0,7,57,3,67,110,55,65,9,239,44,0,44,283
06/13/2014,ELP,TX,ASW,WE,Combined TRACON& Tower with Radar,106,42,15,15,178,0,15,44,0,59,106,57,59,15,237,6,0,6,243
06/14/2014,ELP,TX,ASW,WE,Combined TRACON& Tower with Radar,86,31,21,3,141,0,3,47,2,52,86,34,68,5,193,40,0,40,233
06/15/2014,ELP,TX,ASW,WE,Combined TRACON& Tower with Radar,94,32,21,0,147,0,2,21,0,23,94,34,42,0,170,16,0,16,186
06/16/2014,ELP,TX,ASW,WE,Combined TRACON& Tower with Radar,101,46,9,1,157,0,11,58,8,77,101,57,67,9,234,36,0,36,270
06/17/2014,ELP,TX,ASW,WE,Combined TRACON& Tower with Radar,114,52,22,4,192,0,11,44,3,58,114,63,66,7,250,6,0,6,256
06/18/2014,ELP,TX,ASW,WE,Combined TRACON& Tower with Radar,107,64,25,0,196,0,4,64,1,69,107,68,89,1,265,25,0,25,290
06/19/2014,ELP,TX,ASW,WE,Combined TRACON& Tower with Radar,109,57,31,4,201,0,10,67,7,84,109,67,98,11,285,30,0,30,315
06/20/2014,ELP,TX,ASW,WE,Combined TRACON& Tower with Radar,105,40,18,4,167,0,18,48,2,68,105,58,66,6,235,18,0,18,253
06/21/2014,ELP,TX,ASW,WE,Combined TRACON& Tower with Radar,80,48,18,0,146,0,16,70,8,94,80,64,88,8,240,72,0,72,312
06/22/2014,ELP,TX,ASW,WE,Combined TRACON& Tower with Radar,88,31,12,0,131,0,5,19,0,24,88,36,31,0,155,38,0,38,193
06/23/2014,ELP,TX,ASW,WE,Combined TRACON& Tower with Radar,100,48,19,5,172,0,2,44,8,54,100,50,63,13,226,28,0,28,254
06/24/2014,ELP,TX,ASW,WE,Combined TRACON& Tower with Radar,108,49,28,3,188,0,20,52,2,74,108,69,80,5,262,34,0,34,296
06/25/2014,ELP,TX,ASW,WE,Combined TRACON& Tower with Radar,114,49,31,2,196,0,16,61,1,78,114,65,92,3,274,0,0,0,274
06/26/2014,ELP,TX,ASW,WE,Combined TRACON& Tower with Radar,116,51,55,11,233,0,8,51,7,66,116,59,106,18,299,32,0,32,331
06/27/2014,ELP,TX,ASW,WE,Combined TRACON& Tower with Radar,108,50,15,2,175,0,12,37,3,52,108,62,52,5,227,0,0,0,227
06/28/2014,ELP,TX,ASW,WE,Combined TRACON& Tower with Radar,82,32,32,3,149,0,7,54,0,61,82,39,86,3,210,30,0,30,240
06/29/2014,ELP,TX,ASW,WE,Combined TRACON& Tower with Radar,91,32,20,2,145,0,13,52,0,65,91,45,72,2,210,46,0,46,256
06/30/2014,ELP,TX,ASW,WE,Combined TRACON& Tower with Radar,96,39,15,2,152,0,10,46,1,57,96,49,61,3,209,20,0,20,229
07/01/2014,ELP,TX,ASW,WE,Combined TRACON& Tower with Radar,102,42,19,9,172,0,18,41,10,69,102,60,60,19,241,20,0,20,261
07/02/2014,ELP,TX,ASW,WE,Combined TRACON& Tower with Radar,106,40,32,12,190,0,14,80,5,99,106,54,112,17,289,14,0,14,303
07/03/2014,ELP,TX,ASW,WE,Combined TRACON& Tower with Radar,112,53,22,0,187,0,11,93,10,114,112,64,115,10,301,48,0,48,349
07/04/2014,ELP,TX,ASW,WE,Combined TRACON& Tower with Radar,64,31,16,0,111,0,9,55,4,68,64,40,71,4,179,42,0,42,221
07/05/2014,ELP,TX,ASW,WE,Combined TRACON& Tower with Radar,75,28,17,0,120,0,7,51,3,61,75,35,68,3,181,128,0,128,309
07/06/2014,ELP,TX,ASW,WE,Combined TRACON& Tower with Radar,88,33,10,0,131,0,7,32,5,44,88,40,42,5,175,16,0,16,191
07/07/2014,ELP,TX,ASW,WE,Combined TRACON& Tower with Radar,100,44,27,2,173,0,10,78,0,88,100,54,105,2,261,154,0,154,415
07/08/2014,ELP,TX,ASW,WE,Combined TRACON& Tower with Radar,105,53,19,61,238,0,10,71,7,88,105,63,90,68,326,44,0,44,370
07/09/2014,ELP,TX,ASW,WE,Combined TRACON& Tower with Radar,111,40,35,16,202,0,13,81,6,100,111,53,116,22,302,44,8,52,354
07/10/2014,ELP,TX,ASW,WE,Combined TRACON& Tower with Radar,108,51,24,19,202,0,4,47,6,57,108,55,71,25,259,20,0,20,279
07/11/2014,ELP,TX,ASW,WE,Combined TRACON& Tower with Radar,118,52,23,30,223,0,13,57,7,77,118,65,80,37,300,44,0,44,344
07/12/2014,ELP,TX,ASW,WE,Combined TRACON& Tower with Radar,78,38,14,4,134,0,13,62,2,77,78,51,76,6,211,132,0,132,343
07/13/2014,ELP,TX,ASW,WE,Combined TRACON& Tower with Radar,94,33,17,6,150,0,4,62,0,66,94,37,79,6,216,72,0,72,288
07/14/2014,ELP,TX,ASW,WE,Combined TRACON& Tower with Radar,98,45,19,2,164,0,13,29,4,46,98,58,48,6,210,30,0,30,240
07/15/2014,ELP,TX,ASW,WE,Combined TRACON& Tower with Radar,108,47,22,2,179,0,12,87,3,102,108,59,109,5,281,86,4,90,371
07/16/2014,ELP,TX,ASW,WE,Combined TRACON& Tower with Radar,108,51,29,6,194,0,19,55,4,78,108,70,84,10,272,92,0,92,364
07/17/2014,ELP,TX,ASW,WE,Combined TRACON& Tower with Radar,106,58,19,23,206,0,5,41,2,48,106,63,60,25,254,28,0,28,282
07/18/2014,ELP,TX,ASW,WE,Combined TRACON& Tower with Radar,105,58,23,47,233,0,9,60,2,71,105,67,83,49,304,26,130,156,460
07/19/2014,ELP,TX,ASW,WE,Combined TRACON& Tower with Radar,81,36,26,4,147,0,4,49,2,55,81,40,75,6,202,30,0,30,232
07/20/2014,ELP,TX,ASW,WE,Combined TRACON& Tower with Radar,89,33,10,4,136,0,16,41,1,58,89,49,51,5,194,42,0,42,236
07/21/2014,ELP,TX,ASW,WE,Combined TRACON& Tower with Radar,105,53,22,18,198,0,3,28,2,33,105,56,50,20,231,74,0,74,305
07/22/2014,ELP,TX,ASW,WE,Combined TRACON& Tower with Radar,105,61,31,5,202,0,1,47,1,49,105,62,78,6,251,34,0,34,285
07/23/2014,ELP,TX,ASW,WE,Combined TRACON& Tower with Radar,110,39,22,16,187,0,24,47,4,75,110,63,69,20,262,22,0,22,284
07/24/2014,ELP,TX,ASW,WE,Combined TRACON& Tower with Radar,114,61,37,5,217,0,23,67,5,95,114,84,104,10,312,68,0,68,380
07/25/2014,ELP,TX,ASW,WE,Combined TRACON& Tower with Radar,107,62,35,8,212,0,20,68,5,93,107,82,103,13,305,50,0,50,355
07/26/2014,ELP,TX,ASW,WE,Combined TRACON& Tower with Radar,81,53,14,8,156,0,8,61,2,71,81,61,75,10,227,14,0,14,241
07/27/2014,ELP,TX,ASW,WE,Combined TRACON& Tower with Radar,91,33,23,12,159,0,14,53,4,71,91,47,76,16,230,20,0,20,250
07/28/2014,ELP,TX,ASW,WE,Combined TRACON& Tower with Radar,108,47,21,4,180,0,7,59,0,66,108,54,80,4,246,76,0,76,322
07/29/2014,ELP,TX,ASW,WE,Combined TRACON& Tower with Radar,116,61,33,3,213,0,5,54,2,61,116,66,87,5,274,42,0,42,316
07/30/2014,ELP,TX,ASW,WE,Combined TRACON& Tower with Radar,110,46,29,3,188,0,7,75,0,82,110,53,104,3,270,24,0,24,294
07/31/2014,ELP,TX,ASW,WE,Combined TRACON& Tower with Radar,104,59,29,16,208,0,8,60,8,76,104,67,89,24,284,22,0,22,306
08/01/2014,ELP,TX,ASW,WE,Combined TRACON& Tower with Radar,114,59,7,12,192,0,3,15,2,20,114,62,22,14,212,0,0,0,212
08/02/2014,ELP,TX,ASW,WE,Combined TRACON& Tower with Radar,82,39,8,7,136,0,12,30,1,43,82,51,38,8,179,14,0,14,193
08/03/2014,ELP,TX,ASW,WE,Combined TRACON& Tower with Radar,85,34,17,8,144,0,2,46,5,53,85,36,63,13,197,12,0,12,209
08/04/2014,ELP,TX,ASW,WE,Combined TRACON& Tower with Radar,105,44,29,13,191,0,9,56,7,72,105,53,85,20,263,58,0,58,321
08/05/2014,ELP,TX,ASW,WE,Combined TRACON& Tower with Radar,111,58,21,6,196,0,6,65,8,79,111,64,86,14,275,26,0,26,301
08/06/2014,ELP,TX,ASW,WE,Combined TRACON& Tower with Radar,113,50,23,6,192,0,8,86,2,96,113,58,109,8,288,20,0,20,308
08/07/2014,ELP,TX,ASW,WE,Combined TRACON& Tower with Radar,104,54,14,0,172,0,10,54,3,67,104,64,68,3,239,12,0,12,251
08/08/2014,ELP,TX,ASW,WE,Combined TRACON& Tower with Radar,105,54,16,13,188,0,6,44,9,59,105,60,60,22,247,32,0,32,279
08/09/2014,ELP,TX,ASW,WE,Combined TRACON& Tower with Radar,80,47,21,2,150,0,15,38,4,57,80,62,59,6,207,44,0,44,251
08/10/2014,ELP,TX,ASW,WE,Combined TRACON& Tower with Radar,87,32,17,1,137,0,3,40,0,43,87,35,57,1,180,10,0,10,190
08/11/2014,ELP,TX,ASW,WE,Combined TRACON& Tower with Radar,104,45,13,7,169,0,8,33,3,44,104,53,46,10,213,10,0,10,223
08/12/2014,ELP,TX,ASW,WE,Combined TRACON& Tower with Radar,115,59,19,1,194,0,15,38,3,56,115,74,57,4,250,58,0,58,308
08/13/2014,ELP,TX,ASW,WE,Combined TRACON& Tower with Radar,112,48,36,16,212,0,11,51,4,66,112,59,87,20,278,46,0,46,324
08/14/2014,ELP,TX,ASW,WE,Combined TRACON& Tower with Radar,109,42,30,6,187,0,6,61,3,70,109,48,91,9,257,22,0,22,279
08/15/2014,ELP,TX,ASW,WE,Combined TRACON& Tower with Radar,102,47,19,5,173,0,13,51,3,67,102,60,70,8,240,52,0,52,292
08/16/2014,ELP,TX,ASW,WE,Combined TRACON& Tower with Radar,71,32,24,4,131,0,5,61,1,67,71,37,85,5,198,110,0,110,308
08/17/2014,ELP,TX,ASW,WE,Combined TRACON& Tower with Radar,79,35,19,2,135,0,3,57,3,63,79,38,76,5,198,50,0,50,248
08/18/2014,ELP,TX,ASW,WE,Combined TRACON& Tower with Radar,105,54,36,10,205,0,8,55,0,63,105,62,91,10,268,20,0,20,288
08/19/2014,ELP,TX,ASW,WE,Combined TRACON& Tower with Radar,98,66,13,38,215,0,13,47,4,64,98,79,60,42,279,24,40,64,343
08/20/2014,ELP,TX,ASW,WE,Combined TRACON& Tower with Radar,106,58,38,3,205,0,19,36,2,57,106,77,74,5,262,50,0,50,312
08/21/2014,ELP,TX,ASW,WE,Combined TRACON& Tower with Radar,109,69,28,7,213,0,13,49,2,64,109,82,77,9,277,26,0,26,303
08/22/2014,ELP,TX,ASW,WE,Combined TRACON& Tower with Radar,101,58,11,17,187,0,11,28,0,39,101,69,39,17,226,0,0,0,226
08/23/2014,ELP,TX,ASW,WE,Combined TRACON& Tower with Radar,65,32,10,1,108,0,15,79,2,96,65,47,89,3,204,68,0,68,272
08/24/2014,ELP,TX,ASW,WE,Combined TRACON& Tower with Radar,81,42,33,18,174,0,12,61,4,77,81,54,94,22,251,22,0,22,273
08/25/2014,ELP,TX,ASW,WE,Combined TRACON& Tower with Radar,94,47,21,14,176,0,14,45,5,64,94,61,66,19,240,0,0,0,240
08/26/2014,ELP,TX,ASW,WE,Combined TRACON& Tower with Radar,107,53,27,7,194,0,23,61,4,88,107,76,88,11,282,66,0,66,348
08/27/2014,ELP,TX,ASW,WE,Combined TRACON& Tower with Radar,103,44,23,14,184,0,16,50,3,69,103,60,73,17,253,73,0,73,326
08/28/2014,ELP,TX,ASW,WE,Combined TRACON& Tower with Radar,107,61,37,5,210,0,18,59,4,81,107,79,96,9,291,110,0,110,401
08/29/2014,ELP,TX,ASW,WE,Combined TRACON& Tower with Radar,102,68,24,50,244,0,11,66,2,79,102,79,90,52,323,84,20,104,427
08/30/2014,ELP,TX,ASW,WE,Combined TRACON& Tower with Radar,59,30,20,1,110,0,7,69,0,76,59,37,89,1,186,60,0,60,246
08/31/2014,ELP,TX,ASW,WE,Combined TRACON& Tower with Radar,60,28,30,0,118,0,9,46,1,56,60,37,76,1,174,50,0,50,224
09/01/2014,ELP,TX,ASW,WE,Combined TRACON& Tower with Radar,78,36,20,4,138,0,13,67,2,82,78,49,87,6,220,96,0,96,316
09/02/2014,ELP,TX,ASW,WE,Combined TRACON& Tower with Radar,100,39,15,7,161,0,11,40,6,57,100,50,55,13,218,8,0,8,226
09/03/2014,ELP,TX,ASW,WE,Combined TRACON& Tower with Radar,105,40,34,2,181,0,14,62,1,77,105,54,96,3,258,72,0,72,330
09/04/2014,ELP,TX,ASW,WE,Combined TRACON& Tower with Radar,107,37,13,0,157,0,4,50,3,57,107,41,63,3,214,20,0,20,234
09/05/2014,ELP,TX,ASW,WE,Combined TRACON& Tower with Radar,99,46,35,2,182,0,4,43,2,49,99,50,78,4,231,22,0,22,253
09/06/2014,ELP,TX,ASW,WE,Combined TRACON& Tower with Radar,61,30,18,0,109,0,12,48,0,60,61,42,66,0,169,14,0,14,183
09/07/2014,ELP,TX,ASW,WE,Combined TRACON& Tower with Radar,82,34,20,0,136,0,4,32,0,36,82,38,52,0,172,22,0,22,194
09/08/2014,ELP,TX,ASW,WE,Combined TRACON& Tower with Radar,97,39,22,4,162,0,19,40,3,62,97,58,62,7,224,12,0,12,236
09/09/2014,ELP,TX,ASW,WE,Combined TRACON& Tower with Radar,96,41,24,11,172,0,16,62,2,80,96,57,86,13,252,52,10,62,314
09/10/2014,ELP,TX,ASW,WE,Combined TRACON& Tower with Radar,100,32,25,13,170,0,11,68,0,79,100,43,93,13,249,42,4,46,295
09/11/2014,ELP,TX,ASW,WE,Combined TRACON& Tower with Radar,98,48,26,15,187,0,15,59,5,79,98,63,85,20,266,31,0,31,297
09/12/2014,ELP,TX,ASW,WE,Combined TRACON& Tower with Radar,96,45,9,18,168,0,8,33,2,43,96,53,42,20,211,20,0,20,231
09/13/2014,ELP,TX,ASW,WE,Combined TRACON& Tower with Radar,59,26,23,4,112,0,4,72,0,76,59,30,95,4,188,48,0,48,236
09/14/2014,ELP,TX,ASW,WE,Combined TRACON& Tower with Radar,80,42,25,15,162,0,10,44,4,58,80,52,69,19,220,78,0,78,298
09/15/2014,ELP,TX,ASW,WE,Combined TRACON& Tower with Radar,102,46,20,7,175,0,10,32,11,53,102,56,52,18,228,4,0,4,232
09/16/2014,ELP,TX,ASW,WE,Combined TRACON& Tower with Radar,102,40,24,2,168,0,7,5,1,13,102,47,29,3,181,16,0,16,197
09/17/2014,ELP,TX,ASW,WE,Combined TRACON& Tower with Radar,104,38,25,1,168,0,13,38,4,55,104,51,63,5,223,37,0,37,260
09/18/2014,ELP,TX,ASW,WE,Combined TRACON& Tower with Radar,107,49,35,1,192,0,1,5,5,11,107,50,40,6,203,0,0,0,203
09/19/2014,ELP,TX,ASW,WE,Combined TRACON& Tower with Radar,97,51,32,19,199,0,9,31,4,44,97,60,63,23,243,10,12,22,265
09/20/2014,ELP,TX,ASW,WE,Combined TRACON& Tower with Radar,65,24,9,10,108,0,14,55,7,76,65,38,64,17,184,22,0,22,206
09/21/2014,ELP,TX,ASW,WE,Combined TRACON& Tower with Radar,80,38,20,16,154,0,9,52,1,62,80,47,72,17,216,58,0,58,274
09/22/2014,ELP,TX,ASW,WE,Combined TRACON& Tower with Radar,94,42,11,3,150,0,7,8,0,15,94,49,19,3,165,0,0,0,165
09/23/2014,ELP,TX,ASW,WE,Combined TRACON& Tower with Radar,99,40,20,3,162,0,15,64,1,80,99,55,84,4,242,114,0,114,356
09/24/2014,ELP,TX,ASW,WE,Combined TRACON& Tower with Radar,103,55,25,3,186,0,8,40,6,54,103,63,65,9,240,0,0,0,240
09/25/2014,ELP,TX,ASW,WE,Combined TRACON& Tower with Radar,108,46,32,5,191,0,14,63,6,83,108,60,95,11,274,75,0,75,349
09/26/2014,ELP,TX,ASW,WE,Combined TRACON& Tower with Radar,100,41,25,0,166,0,17,54,3,74,100,58,79,3,240,70,0,70,310
09/27/2014,ELP,TX,ASW,WE,Combined TRACON& Tower with Radar,67,28,29,0,124,0,15,88,2,105,67,43,117,2,229,116,0,116,345
09/28/2014,ELP,TX,ASW,WE,Combined TRACON& Tower with Radar,81,35,25,4,145,0,3,47,1,51,81,38,72,5,196,40,0,40,236
09/29/2014,ELP,TX,ASW,WE,Combined TRACON& Tower with Radar,97,47,26,14,184,0,8,62,2,72,97,55,88,16,256,50,0,50,306
09/30/2014,ELP,TX,ASW,WE,Combined TRACON& Tower with Radar,97,47,20,5,169,0,8,58,5,71,97,55,78,10,240,18,0,18,258
10/01/2014,ELP,TX,ASW,WE,Combined TRACON& Tower with Radar,96,52,44,2,194,0,12,50,4,66,96,64,94,6,260,46,0,46,306
10/02/2014,ELP,TX,ASW,WE,Combined TRACON& Tower with Radar,104,51,32,3,190,0,12,50,5,67,104,63,82,8,257,78,0,78,335
10/03/2014,ELP,TX,ASW,WE,Combined TRACON& Tower with Radar,95,64,33,8,200,0,10,54,2,66,95,74,87,10,266,88,0,88,354
10/04/2014,ELP,TX,ASW,WE,Combined TRACON& Tower with Radar,57,25,27,18,127,0,8,70,3,81,57,33,97,21,208,76,0,76,284
10/05/2014,ELP,TX,ASW,WE,Combined TRACON& Tower with Radar,85,32,35,13,165,0,6,55,5,66,85,38,90,18,231,56,0,56,287
10/06/2014,ELP,TX,ASW,WE,Combined TRACON& Tower with Radar,92,47,58,8,205,0,6,72,6,84,92,53,130,14,289,40,0,40,329
10/07/2014,ELP,TX,ASW,WE,Combined TRACON& Tower with Radar,101,43,33,8,185,0,9,59,8,76,101,52,92,16,261,60,0,60,321
10/08/2014,ELP,TX,ASW,WE,Combined TRACON& Tower with Radar,95,45,48,17,205,0,8,68,9,85,95,53,116,26,290,62,0,62,352
10/09/2014,ELP,TX,ASW,WE,Combined TRACON& Tower with Radar,98,43,45,4,190,0,9,52,5,66,98,52,97,9,256,12,0,12,268
10/10/2014,ELP,TX,ASW,WE,Combined TRACON& Tower with Radar,99,54,40,10,203,0,10,58,6,74,99,64,98,16,277,44,0,44,321
10/11/2014,ELP,TX,ASW,WE,Combined TRACON& Tower with Radar,65,30,18,4,117,0,7,91,0,98,65,37,109,4,215,105,0,105,320
10/12/2014,ELP,TX,ASW,WE,Combined TRACON& Tower with Radar,78,29,22,3,132,0,4,51,2,57,78,33,73,5,189,24,0,24,213
10/13/2014,ELP,TX,ASW,WE,Combined TRACON& Tower with Radar,86,41,34,6,167,0,9,49,1,59,86,50,83,7,226,0,0,0,226
10/14/2014,ELP,TX,ASW,WE,Combined TRACON& Tower with Radar,101,45,23,6,175,0,2,62,1,65,101,47,85,7,240,86,0,86,326
10/15/2014,ELP,TX,ASW,WE,Combined TRACON& Tower with Radar,97,41,21,4,163,0,23,47,4,74,97,64,68,8,237,30,0,30,267
10/16/2014,ELP,TX,ASW,WE,Combined TRACON& Tower with Radar,98,46,26,15,185,0,27,45,7,79,98,73,71,22,264,22,0,22,286
10/17/2014,ELP,TX,ASW,WE,Combined TRACON& Tower with Radar,94,60,32,29,215,0,32,58,5,95,94,92,90,34,310,24,0,24,334
10/18/2014,ELP,TX,ASW,WE,Combined TRACON& Tower with Radar,59,29,16,1,105,0,10,47,4,61,59,39,63,5,166,60,0,60,226
10/19/2014,ELP,TX,ASW,WE,Combined TRACON& Tower with Radar,77,40,14,0,131,0,4,27,3,34,77,44,41,3,165,8,0,8,173
10/20/2014,ELP,TX,ASW,WE,Combined TRACON& Tower with Radar,86,45,12,4,147,0,14,27,4,45,86,59,39,8,192,80,0,80,272
10/21/2014,ELP,TX,ASW,WE,Combined TRACON& Tower with Radar,96,48,31,12,187,0,19,64,4,87,96,67,95,16,274,112,0,112,386
10/22/2014,ELP,TX,ASW,WE,Combined TRACON& Tower with Radar,94,41,38,10,183,0,10,58,2,70,94,51,96,12,253,50,6,56,309
10/23/2014,ELP,TX,ASW,WE,Combined TRACON& Tower with Radar,98,53,40,8,199,0,10,73,6,89,98,63,113,14,288,94,2,96,384
10/24/2014,ELP,TX,ASW,WE,Combined TRACON& Tower with Radar,100,45,25,8,178,0,6,68,2,76,100,51,93,10,254,46,0,46,300
10/25/2014,ELP,TX,ASW,WE,Combined TRACON& Tower with Radar,62,30,21,8,121,0,10,65,3,78,62,40,86,11,199,102,0,102,301
10/26/2014,ELP,TX,ASW,WE,Combined TRACON& Tower with Radar,78,33,38,6,155,0,1,57,1,59,78,34,95,7,214,44,0,44,258
10/27/2014,ELP,TX,ASW,WE,Combined TRACON& Tower with Radar,95,38,38,11,182,0,10,56,4,70,95,48,94,15,252,54,0,54,306
10/28/2014,ELP,TX,ASW,WE,Combined TRACON& Tower with Radar,95,35,26,21,177,0,6,79,5,90,95,41,105,26,267,128,0,128,395
10/29/2014,ELP,TX,ASW,WE,Combined TRACON& Tower with Radar,96,42,26,27,191,0,14,77,9,100,96,56,103,36,291,40,16,56,347
10/30/2014,ELP,TX,ASW,WE,Combined TRACON& Tower with Radar,100,44,42,12,198,0,8,86,7,101,100,52,128,19,299,72,0,72,371
10/31/2014,ELP,TX,ASW,WE,Combined TRACON& Tower with Radar,86,31,14,3,134,0,11,23,7,41,86,42,37,10,175,18,0,18,193
11/01/2014,ELP,TX,ASW,WE,Combined TRACON& Tower with Radar,56,29,16,2,103,0,6,52,1,59,56,35,68,3,162,56,0,56,218
11/02/2014,ELP,TX,ASW,WE,Combined TRACON& Tower with Radar,70,40,20,7,137,0,0,24,4,28,70,40,44,11,165,44,0,44,209
11/03/2014,ELP,TX,ASW,WE,Combined TRACON& Tower with Radar,79,45,30,8,162,0,7,26,8,41,79,52,56,16,203,40,0,40,243
11/04/2014,ELP,TX,ASW,WE,Combined TRACON& Tower with Radar,88,47,27,7,169,0,11,24,13,48,88,58,51,20,217,30,0,30,247
11/05/2014,ELP,TX,ASW,WE,Combined TRACON& Tower with Radar,84,59,34,2,179,0,5,80,6,91,84,64,114,8,270,78,0,78,348
11/06/2014,ELP,TX,ASW,WE,Combined TRACON& Tower with Radar,88,63,31,7,189,0,9,61,8,78,88,72,92,15,267,38,0,38,305
11/07/2014,ELP,TX,ASW,WE,Combined TRACON& Tower with Radar,92,59,34,31,216,0,10,90,4,104,92,69,124,35,320,54,0,54,374
11/08/2014,ELP,TX,ASW,WE,Combined TRACON& Tower with Radar,63,32,30,0,125,0,8,50,3,61,63,40,80,3,186,90,0,90,276
11/09/2014,ELP,TX,ASW,WE,Combined TRACON& Tower with Radar,73,37,36,6,152,0,4,77,5,86,73,41,113,11,238,120,0,120,358
11/10/2014,ELP,TX,ASW,WE,Combined TRACON& Tower with Radar,84,44,23,35,186,0,6,43,4,53,84,50,66,39,239,86,0,86,325
11/11/2014,ELP,TX,ASW,WE,Combined TRACON& Tower with Radar,81,58,32,0,171,0,20,76,1,97,81,78,108,1,268,60,0,60,328
11/12/2014,ELP,TX,ASW,WE,Combined TRACON& Tower with Radar,96,43,18,26,183,0,5,44,5,54,96,48,62,31,237,120,0,120,357
11/13/2014,ELP,TX,ASW,WE,Combined TRACON& Tower with Radar,89,53,32,5,179,0,10,48,6,64,89,63,80,11,243,34,0,34,277
11/14/2014,ELP,TX,ASW,WE,Combined TRACON& Tower with Radar,88,54,30,18,190,0,7,67,1,75,88,61,97,19,265,70,0,70,335
11/15/2014,ELP,TX,ASW,WE,Combined TRACON& Tower with Radar,63,37,31,3,134,0,7,60,3,70,63,44,91,6,204,100,0,100,304
11/16/2014,ELP,TX,ASW,WE,Combined TRACON& Tower with Radar,74,32,26,77,209,0,1,33,3,37,74,33,59,80,246,10,0,10,256
11/17/2014,ELP,TX,ASW,WE,Combined TRACON& Tower with Radar,81,44,45,35,205,0,13,97,2,112,81,57,142,37,317,124,0,124,441
11/18/2014,ELP,TX,ASW,WE,Combined TRACON& Tower with Radar,90,41,33,6,170,0,8,75,3,86,90,49,108,9,256,108,0,108,364
11/19/2014,ELP,TX,ASW,WE,Combined TRACON& Tower with Radar,93,51,45,0,189,0,14,65,1,80,93,65,110,1,269,100,0,100,369
11/20/2014,ELP,TX,ASW,WE,Combined TRACON& Tower with Radar,98,64,32,14,208,0,23,81,15,119,98,87,113,29,327,58,0,58,385
11/21/2014,ELP,TX,ASW,WE,Combined TRACON& Tower with Radar,92,61,27,41,221,0,8,53,7,68,92,69,80,48,289,128,20,148,437
11/22/2014,ELP,TX,ASW,WE,Combined TRACON& Tower with Radar,69,38,27,8,142,0,1,67,0,68,69,39,94,8,210,48,0,48,258
11/23/2014,ELP,TX,ASW,WE,Combined TRACON& Tower with Radar,70,41,12,13,136,0,5,7,1,13,70,46,19,14,149,0,0,0,149
11/24/2014,ELP,TX,ASW,WE,Combined TRACON& Tower with Radar,84,39,20,14,157,0,14,57,5,76,84,53,77,19,233,34,10,44,277
11/25/2014,ELP,TX,ASW,WE,Combined TRACON& Tower with Radar,93,60,23,0,176,0,5,45,8,58,93,65,68,8,234,2,0,2,236
11/26/2014,ELP,TX,ASW,WE,Combined TRACON& Tower with Radar,104,60,22,7,193,0,9,57,4,70,104,69,79,11,263,86,0,86,349
11/27/2014,ELP,TX,ASW,WE,Combined TRACON& Tower with Radar,58,27,4,0,89,0,10,29,4,43,58,37,33,4,132,0,0,0,132
11/28/2014,ELP,TX,ASW,WE,Combined TRACON& Tower with Radar,83,29,27,0,139,0,14,64,0,78,83,43,91,0,217,70,0,70,287
11/29/2014,ELP,TX,ASW,WE,Combined TRACON& Tower with Radar,81,41,29,1,152,0,0,68,0,68,81,41,97,1,220,120,0,120,340
11/30/2014,ELP,TX,ASW,WE,Combined TRACON& Tower with Radar,81,52,15,1,149,0,0,77,3,80,81,52,92,4,229,72,0,72,301
12/01/2014,ELP,TX,ASW,WE,Combined TRACON& Tower with Radar,88,47,14,18,167,0,5,36,7,48,88,52,50,25,215,26,2,28,243
12/02/2014,ELP,TX,ASW,WE,Combined TRACON& Tower with Radar,91,60,25,18,194,0,2,48,4,54,91,62,73,22,248,12,0,12,260
12/03/2014,ELP,TX,ASW,WE,Combined TRACON& Tower with Radar,95,45,40,10,190,0,12,42,12,66,95,57,82,22,256,60,10,70,326
12/04/2014,ELP,TX,ASW,WE,Combined TRACON& Tower with Radar,104,54,40,3,201,0,19,29,1,49,104,73,69,4,250,30,0,30,280
12/05/2014,ELP,TX,ASW,WE,Combined TRACON& Tower with Radar,90,46,40,13,189,0,20,36,7,63,90,66,76,20,252,22,0,22,274
12/06/2014,ELP,TX,ASW,WE,Combined TRACON& Tower with Radar,57,24,17,2,100,0,15,53,0,68,57,39,70,2,168,84,0,84,252
12/07/2014,ELP,TX,ASW,WE,Combined TRACON& Tower with Radar,74,30,47,5,156,0,14,87,0,101,74,44,134,5,257,84,0,84,341
12/08/2014,ELP,TX,ASW,WE,Combined TRACON& Tower with Radar,86,36,43,23,188,0,12,42,3,57,86,48,85,26,245,20,0,20,265
12/09/2014,ELP,TX,ASW,WE,Combined TRACON& Tower with Radar,87,53,20,24,184,0,6,37,5,48,87,59,57,29,232,18,0,18,250
12/10/2014,ELP,TX,ASW,WE,Combined TRACON& Tower with Radar,92,44,31,13,180,0,14,50,12,76,92,58,81,25,256,48,4,52,308
12/11/2014,ELP,TX,ASW,WE,Combined TRACON& Tower with Radar,102,52,40,22,216,0,14,56,13,83,102,66,96,35,299,0,26,26,325
12/12/2014,ELP,TX,ASW,WE,Combined TRACON& Tower with Radar,94,46,34,9,183,0,16,48,11,75,94,62,82,20,258,20,0,20,278
12/13/2014,ELP,TX,ASW,WE,Combined TRACON& Tower with Radar,65,35,15,7,122,0,26,47,6,79,65,61,62,13,201,20,16,36,237
12/14/2014,ELP,TX,ASW,WE,Combined TRACON& Tower with Radar,77,37,14,6,134,0,18,31,4,53,77,55,45,10,187,12,0,12,199
12/15/2014,ELP,TX,ASW,WE,Combined TRACON& Tower with Radar,87,41,34,4,166,0,8,71,9,88,87,49,105,13,254,76,0,76,330
12/16/2014,ELP,TX,ASW,WE,Combined TRACON& Tower with Radar,101,44,33,7,185,0,12,57,9,78,101,56,90,16,263,80,0,80,343
12/17/2014,ELP,TX,ASW,WE,Combined TRACON& Tower with Radar,99,61,39,13,212,0,20,28,5,53,99,81,67,18,265,36,16,52,317
12/18/2014,ELP,TX,ASW,WE,Combined TRACON& Tower with Radar,107,53,26,4,190,0,9,22,5,36,107,62,48,9,226,66,14,80,306
12/19/2014,ELP,TX,ASW,WE,Combined TRACON& Tower with Radar,104,58,31,24,217,0,9,57,6,72,104,67,88,30,289,64,0,64,353
12/20/2014,ELP,TX,ASW,WE,Combined TRACON& Tower with Radar,90,47,23,0,160,0,9,69,2,80,90,56,92,2,240,96,0,96,336
12/21/2014,ELP,TX,ASW,WE,Combined TRACON& Tower with Radar,82,43,19,0,144,0,3,44,3,50,82,46,63,3,194,52,0,52,246
12/22/2014,ELP,TX,ASW,WE,Combined TRACON& Tower with Radar,97,50,16,1,164,0,7,30,1,38,97,57,46,2,202,20,0,20,222
12/23/2014,ELP,TX,ASW,WE,Combined TRACON& Tower with Radar,102,40,20,21,183,0,5,24,2,31,102,45,44,23,214,0,24,24,238
12/24/2014,ELP,TX,ASW,WE,Combined TRACON& Tower with Radar,81,24,13,0,118,0,8,37,3,48,81,32,50,3,166,42,0,42,208
12/25/2014,ELP,TX,ASW,WE,Combined TRACON& Tower with Radar,63,29,8,0,100,0,0,9,0,9,63,29,17,0,109,0,0,0,109
12/26/2014,ELP,TX,ASW,WE,Combined TRACON& Tower with Radar,83,60,30,1,174,0,3,8,0,11,83,63,38,1,185,24,0,24,209
12/27/2014,ELP,TX,ASW,WE,Combined TRACON& Tower with Radar,81,37,43,1,162,0,7,9,0,16,81,44,52,1,178,10,0,10,188
12/28/2014,ELP,TX,ASW,WE,Combined TRACON& Tower with Radar,80,25,30,0,135,0,0,43,0,43,80,25,73,0,178,40,0,40,218
12/29/2014,ELP,TX,ASW,WE,Combined TRACON& Tower with Radar,84,37,38,12,171,0,8,40,0,48,84,45,78,12,219,10,0,10,229
12/30/2014,ELP,TX,ASW,WE,Combined TRACON& Tower with Radar,87,32,19,23,161,0,4,42,7,53,87,36,61,30,214,60,22,82,296
12/31/2014,ELP,TX,ASW,WE,Combined TRACON& Tower with Radar,75,24,13,2,114,0,3,4,0,7,75,27,17,2,121,22,0,22,143
01/01/2015,ELP,TX,ASW,WE,Combined TRACON& Tower with Radar,71,22,15,0,108,0,4,23,3,30,71,26,38,3,138,0,0,0,138
01/02/2015,ELP,TX,ASW,WE,Combined TRACON& Tower with Radar,92,34,23,1,150,0,5,24,2,31,92,39,47,3,181,22,0,22,203
01/03/2015,ELP,TX,ASW,WE,Combined TRACON& Tower with Radar,85,52,36,2,175,0,16,55,4,75,85,68,91,6,250,20,0,20,270
01/04/2015,ELP,TX,ASW,WE,Combined TRACON& Tower with Radar,86,45,32,1,164,0,21,113,2,136,86,66,145,3,300,114,0,114,414
01/05/2015,ELP,TX,ASW,WE,Combined TRACON& Tower with Radar,79,51,15,27,172,0,21,69,5,95,79,72,84,32,267,8,40,48,315
01/06/2015,ELP,TX,ASW,WE,Combined TRACON& Tower with Radar,84,42,34,8,168,0,18,86,9,113,84,60,120,17,281,46,0,46,327
01/07/2015,ELP,TX,ASW,WE,Combined TRACON& Tower with Radar,81,37,13,8,139,0,9,34,9,52,81,46,47,17,191,6,16,22,213
01/08/2015,ELP,TX,ASW,WE,Combined TRACON& Tower with Radar,81,48,21,6,156,0,5,45,2,52,81,53,66,8,208,22,0,22,230
01/09/2015,ELP,TX,ASW,WE,Combined TRACON& Tower with Radar,85,36,20,34,175,0,6,34,6,46,85,42,54,40,221,38,8,46,267
01/10/2015,ELP,TX,ASW,WE,Combined TRACON& Tower with Radar,56,31,21,2,110,0,4,33,2,39,56,35,54,4,149,28,0,28,177
01/11/2015,ELP,TX,ASW,WE,Combined TRACON& Tower with Radar,76,35,27,4,142,0,1,42,2,45,76,36,69,6,187,42,0,42,229
01/12/2015,ELP,TX,ASW,WE,Combined TRACON& Tower with Radar,82,35,18,56,191,0,17,43,20,80,82,52,61,76,271,30,82,112,383
01/13/2015,ELP,TX,ASW,WE,Combined TRACON& Tower with Radar,79,54,26,9,168,0,1,9,1,11,79,55,35,10,179,12,0,12,191
01/14/2015,ELP,TX,ASW,WE,Combined TRACON& Tower with Radar,87,54,34,8,183,0,3,25,6,34,87,57,59,14,217,70,6,76,293
01/15/2015,ELP,TX,ASW,WE,Combined TRACON& Tower with Radar,88,44,33,7,172,0,7,48,3,58,88,51,81,10,230,100,0,100,330
01/16/2015,ELP,TX,ASW,WE,Combined TRACON& Tower with Radar,91,54,36,22,203,0,9,66,6,81,91,63,102,28,284,74,0,74,358
01/17/2015,ELP,TX,ASW,WE,Combined TRACON& Tower with Radar,55,31,32,27,145,0,10,83,1,94,55,41,115,28,239,124,4,128,367
01/18/2015,ELP,TX,ASW,WE,Combined TRACON& Tower with Radar,72,32,26,6,136,0,13,69,1,83,72,45,95,7,219,98,0,98,317
01/19/2015,ELP,TX,ASW,WE,Combined TRACON& Tower with Radar,81,35,59,9,184,0,6,61,1,68,81,41,120,10,252,60,0,60,312
01/20/2015,ELP,TX,ASW,WE,Combined TRACON& Tower with Radar,88,35,31,9,163,0,6,56,5,67,88,41,87,14,230,46,6,52,282
01/21/2015,ELP,TX,ASW,WE,Combined TRACON& Tower with Radar,91,38,25,19,173,0,4,41,7,52,91,42,66,26,225,0,0,0,225
01/22/2015,ELP,TX,ASW,WE,Combined TRACON& Tower with Radar,93,55,10,1,159,0,0,0,2,2,93,55,10,3,161,0,0,0,161
01/23/2015,ELP,TX,ASW,WE,Combined TRACON& Tower with Radar,85,53,31,58,227,0,8,66,12,86,85,61,97,70,313,38,10,48,361
01/24/2015,ELP,TX,ASW,WE,Combined TRACON& Tower with Radar,56,23,34,12,125,0,7,77,0,84,56,30,111,12,209,102,0,102,311
01/25/2015,ELP,TX,ASW,WE,Combined TRACON& Tower with Radar,70,31,25,19,145,0,8,68,1,77,70,39,93,20,222,44,0,44,266
01/26/2015,ELP,TX,ASW,WE,Combined TRACON& Tower with Radar,79,41,21,40,181,0,3,62,7,72,79,44,83,47,253,58,0,58,311
01/27/2015,ELP,TX,ASW,WE,Combined TRACON& Tower with Radar,85,32,41,15,173,0,9,74,2,85,85,41,115,17,258,84,0,84,342
01/28/2015,ELP,TX,ASW,WE,Combined TRACON& Tower with Radar,91,43,49,24,207,0,8,68,6,82,91,51,117,30,289,66,22,88,377
01/29/2015,ELP,TX,ASW,WE,Combined TRACON& Tower with Radar,87,55,43,21,206,0,15,49,4,68,87,70,92,25,274,36,0,36,310
01/30/2015,ELP,TX,ASW,WE,Combined TRACON& Tower with Radar,86,55,33,20,194,0,1,20,1,22,86,56,53,21,216,68,0,68,284
01/31/2015,ELP,TX,ASW,WE,Combined TRACON& Tower with Radar,56,31,11,11,109,0,0,5,0,5,56,31,16,11,114,12,4,16,130
02/01/2015,ELP,TX,ASW,WE,Combined TRACON& Tower with Radar,63,40,21,11,135,0,2,45,1,48,63,42,66,12,183,32,0,32,215
02/02/2015,ELP,TX,ASW,WE,Combined TRACON& Tower with Radar,83,48,42,35,208,0,21,49,3,73,83,69,91,38,281,48,0,48,329
02/03/2015,ELP,TX,ASW,WE,Combined TRACON& Tower with Radar,89,50,26,19,184,0,5,51,11,67,89,55,77,30,251,12,2,14,265
02/04/2015,ELP,TX,ASW,WE,Combined TRACON& Tower with Radar,91,46,28,9,174,0,11,44,11,66,91,57,72,20,240,44,20,64,304
02/05/2015,ELP,TX,ASW,WE,Combined TRACON& Tower with Radar,86,49,37,45,217,0,7,57,5,69,86,56,94,50,286,102,50,152,438
02/06/2015,ELP,TX,ASW,WE,Combined TRACON& Tower with Radar,96,43,16,23,178,0,14,42,13,69,96,57,58,36,247,16,0,16,263
02/07/2015,ELP,TX,ASW,WE,Combined TRACON& Tower with Radar,60,31,19,2,112,0,15,63,2,80,60,46,82,4,192,46,0,46,238
02/08/2015,ELP,TX,ASW,WE,Combined TRACON& Tower with Radar,78,36,33,7,154,0,11,101,2,114,78,47,134,9,268,154,2,156,424
02/09/2015,ELP,TX,ASW,WE,Combined TRACON& Tower with Radar,82,40,28,9,159,0,5,51,5,61,82,45,79,14,220,30,0,30,250
02/10/2015,ELP,TX,ASW,WE,Combined TRACON& Tower with Radar,88,31,27,5,151,0,5,62,4,71,88,36,89,9,222,20,0,20,242
02/11/2015,ELP,TX,ASW,WE,Combined TRACON& Tower with Radar,84,42,24,7,157,0,10,44,3,57,84,52,68,10,214,36,0,36,250
02/12/2015,ELP,TX,ASW,WE,Combined TRACON& Tower with Radar,90,52,27,33,202,0,10,40,6,56,90,62,67,39,258,58,0,58,316
02/13/2015,ELP,TX,ASW,WE,Combined TRACON& Tower with Radar,89,54,55,20,218,0,2,107,0,109,89,56,162,20,327,96,0,96,423
02/14/2015,ELP,TX,ASW,WE,Combined TRACON& Tower with Radar,55,26,29,21,131,0,7,77,1,85,55,33,106,22,216,60,0,60,276
02/15/2015,ELP,TX,ASW,WE,Combined TRACON& Tower with Radar,67,22,27,0,116,0,6,61,6,73,67,28,88,6,189,54,0,54,243
02/16/2015,ELP,TX,ASW,WE,Combined TRACON& Tower with Radar,89,35,28,9,161,11,13,36,4,64,100,48,64,13,225,130,0,130,355
02/17/2015,ELP,TX,ASW,WE,Combined TRACON& Tower with Radar,85,53,44,12,194,0,20,35,7,62,85,73,79,19,256,44,6,50,306
02/18/2015,ELP,TX,ASW,WE,Combined TRACON& Tower with Radar,91,53,24,7,175,0,14,61,9,84,91,67,85,16,259,90,0,90,349
02/19/2015,ELP,TX,ASW,WE,Combined TRACON& Tower with Radar,90,41,48,16,195,0,7,49,2,58,90,48,97,18,253,13,2,15,268
02/20/2015,ELP,TX,ASW,WE,Combined TRACON& Tower with Radar,89,48,21,23,181,0,14,29,5,48,89,62,50,28,229,54,0,54,283
02/21/2015,ELP,TX,ASW,WE,Combined TRACON& Tower with Radar,56,33,31,10,130,0,5,45,6,56,56,38,76,16,186,56,4,60,246
02/22/2015,ELP,TX,ASW,WE,Combined TRACON& Tower with Radar,136,27,12,29,204,18,9,31,7,65,154,36,43,36,269,200,0,200,469
02/23/2015,ELP,TX,ASW,WE,Combined TRACON& Tower with Radar,72,45,13,46,176,0,7,23,9,39,72,52,36,55,215,0,40,40,255
02/24/2015,ELP,TX,ASW,WE,Combined TRACON& Tower with Radar,82,40,39,20,181,0,10,25,7,42,82,50,64,27,223,30,0,30,253
02/25/2015,ELP,TX,ASW,WE,Combined TRACON& Tower with Radar,91,55,34,7,187,0,11,69,10,90,91,66,103,17,277,38,0,38,315
02/26/2015,ELP,TX,ASW,WE,Combined TRACON& Tower with Radar,88,49,37,10,184,0,4,48,6,58,88,53,85,16,242,40,0,40,282
02/27/2015,ELP,TX,ASW,WE,Combined TRACON& Tower with Radar,78,62,18,31,189,0,33,29,7,69,78,95,47,38,258,12,90,102,360
02/28/2015,ELP,TX,ASW,WE,Combined TRACON& Tower with Radar,49,31,37,25,142,0,13,65,2,80,49,44,102,27,222,61,0,61,283
03/01/2015,ELP,TX,ASW,WE,Combined TRACON& Tower with Radar,67,38,28,21,154,1,15,39,1,56,68,53,67,22,210,28,0,28,238
03/02/2015,ELP,TX,ASW,WE,Combined TRACON& Tower with Radar,81,45,35,47,208,0,10,26,4,40,81,55,61,51,248,30,22,52,300
03/03/2015,ELP,TX,ASW,WE,Combined TRACON& Tower with Radar,97,44,35,34,210,0,11,56,4,71,97,55,91,38,281,46,12,58,339
03/04/2015,ELP,TX,ASW,WE,Combined TRACON& Tower with Radar,94,49,27,57,227,0,6,31,22,59,94,55,58,79,286,38,82,120,406
03/05/2015,ELP,TX,ASW,WE,Combined TRACON& Tower with Radar,93,49,28,41,211,0,6,62,9,77,93,55,90,50,288,76,42,118,406
03/06/2015,ELP,TX,ASW,WE,Combined TRACON& Tower with Radar,86,54,31,10,181,0,15,89,9,113,86,69,120,19,294,50,0,50,344
03/07/2015,ELP,TX,ASW,WE,Combined TRACON& Tower with Radar,61,36,23,22,142,0,1,66,1,68,61,37,89,23,210,10,0,10,220
03/08/2015,ELP,TX,ASW,WE,Combined TRACON& Tower with Radar,77,36,24,7,144,0,5,64,1,70,77,41,88,8,214,24,0,24,238
03/09/2015,ELP,TX,ASW,WE,Combined TRACON& Tower with Radar,90,40,17,28,175,0,14,31,8,53,90,54,48,36,228,26,24,50,278
03/10/2015,ELP,TX,ASW,WE,Combined TRACON& Tower with Radar,100,33,32,48,213,0,10,51,20,81,100,43,83,68,294,40,62,102,396
03/11/2015,ELP,TX,ASW,WE,Combined TRACON& Tower with Radar,92,48,45,9,194,0,21,66,7,94,92,69,111,16,288,28,0,28,316
03/12/2015,ELP,TX,ASW,WE,Combined TRACON& Tower with Radar,93,54,36,17,200,0,11,55,11,77,93,65,91,28,277,44,12,56,333
03/13/2015,ELP,TX,ASW,WE,Combined TRACON& Tower with Radar,95,47,33,68,243,0,6,45,2,53,95,53,78,70,296,40,42,82,378
03/14/2015,ELP,TX,ASW,WE,Combined TRACON& Tower with Radar,68,36,19,3,126,0,2,56,1,59,68,38,75,4,185,60,0,60,245
03/15/2015,ELP,TX,ASW,WE,Combined TRACON& Tower with Radar,72,34,26,16,148,0,10,51,3,64,72,44,77,19,212,60,0,60,272
03/16/2015,ELP,TX,ASW,WE,Combined TRACON& Tower with Radar,82,36,28,8,154,0,9,50,5,64,82,45,78,13,218,40,0,40,258
03/17/2015,ELP,TX,ASW,WE,Combined TRACON& Tower with Radar,97,48,44,4,193,0,6,23,2,31,97,54,67,6,224,20,0,20,244
03/18/2015,ELP,TX,ASW,WE,Combined TRACON& Tower with Radar,102,54,35,22,213,0,8,39,3,50,102,62,74,25,263,42,0,42,305
03/19/2015,ELP,TX,ASW,WE,Combined TRACON& Tower with Radar,102,45,68,34,249,0,15,68,4,87,102,60,136,38,336,44,0,44,380
03/20/2015,ELP,TX,ASW,WE,Combined TRACON& Tower with Radar,96,53,53,46,248,0,15,47,5,67,96,68,100,51,315,14,12,26,341
03/21/2015,ELP,TX,ASW,WE,Combined TRACON& Tower with Radar,66,36,40,2,144,0,7,55,3,65,66,43,95,5,209,104,0,104,313
03/22/2015,ELP,TX,ASW,WE,Combined TRACON& Tower with Radar,75,27,38,34,174,0,10,87,5,102,75,37,125,39,276,104,0,104,380
03/23/2015,ELP,TX,ASW,WE,Combined TRACON& Tower with Radar,95,32,29,19,175,0,17,60,5,82,95,49,89,24,257,64,0,64,321
03/24/2015,ELP,TX,ASW,WE,Combined TRACON& Tower with Radar,99,43,28,23,193,0,21,55,11,87,99,64,83,34,280,6,28,34,314
03/25/2015,ELP,TX,ASW,WE,Combined TRACON& Tower with Radar,98,43,37,17,195,0,7,41,3,51,98,50,78,20,246,0,8,8,254
03/26/2015,ELP,TX,ASW,WE,Combined TRACON& Tower with Radar,103,42,35,13,193,0,13,59,3,75,103,55,94,16,268,54,0,54,322
03/27/2015,ELP,TX,ASW,WE,Combined TRACON& Tower with Radar,101,52,41,30,224,0,23,61,3,87,101,75,102,33,311,24,0,24,335
03/28/2015,ELP,TX,ASW,WE,Combined TRACON& Tower with Radar,68,41,56,8,173,0,13,89,11,113,68,54,145,19,286,92,0,92,378
03/29/2015,ELP,TX,ASW,WE,Combined TRACON& Tower with Radar,80,40,16,6,142,0,24,72,11,107,80,64,88,17,249,34,0,34,283
03/30/2015,ELP,TX,ASW,WE,Combined TRACON& Tower with Radar,97,44,30,11,182,0,9,33,3,45,97,53,63,14,227,0,0,0,227
03/31/2015,ELP,TX,ASW,WE,Combined TRACON& Tower with Radar,105,44,24,23,196,0,5,32,1,38,105,49,56,24,234,42,4,46,280
04/01/2015,ELP,TX,ASW,WE,Combined TRACON& Tower with Radar,100,43,25,8,176,0,14,47,5,66,100,57,72,13,242,22,0,22,264
04/02/2015,ELP,TX,ASW,WE,Combined TRACON& Tower with Radar,94,37,21,22,174,0,5,52,2,59,94,42,73,24,233,40,0,40,273
04/03/2015,ELP,TX,ASW,WE,Combined TRACON& Tower with Radar,88,30,23,12,153,0,7,60,3,70,88,37,83,15,223,70,10,80,303
04/04/2015,ELP,TX,ASW,WE,Combined TRACON& Tower with Radar,61,25,20,0,106,0,8,50,3,61,61,33,70,3,167,72,0,72,239
04/05/2015,ELP,TX,ASW,WE,Combined TRACON& Tower with Radar,78,28,13,5,124,0,2,40,6,48,78,30,53,11,172,48,0,48,220
04/06/2015,ELP,TX,ASW,WE,Combined TRACON& Tower with Radar,88,49,26,31,194,0,8,26,2,36,88,57,52,33,230,52,0,52,282
04/07/2015,ELP,TX,ASW,WE,Combined TRACON& Tower with Radar,92,56,25,22,195,0,18,28,13,59,92,74,53,35,254,20,0,20,274
04/08/2015,ELP,TX,ASW,WE,Combined TRACON& Tower with Radar,87,43,34,3,167,0,19,58,6,83,87,62,92,9,250,100,0,100,350
04/09/2015,ELP,TX,ASW,WE,Combined TRACON& Tower with Radar,97,49,44,21,211,0,17,78,2,97,97,66,122,23,308,98,0,98,406
04/10/2015,ELP,TX,ASW,WE,Combined TRACON& Tower with Radar,93,31,20,21,165,0,3,49,7,59,93,34,69,28,224,78,0,78,302
04/11/2015,ELP,TX,ASW,WE,Combined TRACON& Tower with Radar,57,25,38,2,122,0,16,70,1,87,57,41,108,3,209,92,0,92,301
04/12/2015,ELP,TX,ASW,WE,Combined TRACON& Tower with Radar,79,38,20,10,147,0,2,38,2,42,79,40,58,12,189,24,0,24,213
04/13/2015,ELP,TX,ASW,WE,Combined TRACON& Tower with Radar,81,49,21,7,158,0,9,9,4,22,81,58,30,11,180,10,0,10,190
04/14/2015,ELP,TX,ASW,WE,Combined TRACON& Tower with Radar,95,39,22,6,162,0,11,70,10,91,95,50,92,16,253,22,0,22,275
04/15/2015,ELP,TX,ASW,WE,Combined TRACON& Tower with Radar,99,50,35,3,187,0,9,51,5,65,99,59,86,8,252,30,0,30,282
04/16/2015,ELP,TX,ASW,WE,Combined TRACON& Tower with Radar,97,46,31,10,184,0,14,39,1,54,97,60,70,11,238,30,0,30,268
04/17/2015,ELP,TX,ASW,WE,Combined TRACON& Tower with Radar,92,32,33,30,187,0,3,48,5,56,92,35,81,35,243,32,0,32,275
04/18/2015,ELP,TX,ASW,WE,Combined TRACON& Tower with Radar,60,27,14,1,102,0,13,51,1,65,60,40,65,2,167,16,0,16,183
04/19/2015,ELP,TX,ASW,WE,Combined TRACON& Tower with Radar,75,21,21,18,135,0,23,79,2,104,75,44,100,20,239,52,0,52,291
04/20/2015,ELP,TX,ASW,WE,Combined TRACON& Tower with Radar,91,36,33,3,163,0,15,53,2,70,91,51,86,5,233,50,0,50,283
04/21/2015,ELP,TX,ASW,WE,Combined TRACON& Tower with Radar,92,39,23,7,161,0,5,62,2,69,92,44,85,9,230,66,0,66,296
04/22/2015,ELP,TX,ASW,WE,Combined TRACON& Tower with Radar,92,35,23,9,159,0,17,31,4,52,92,52,54,13,211,44,0,44,255
04/23/2015,ELP,TX,ASW,WE,Combined TRACON& Tower with Radar,90,39,28,6,163,0,4,30,6,40,90,43,58,12,203,24,0,24,227
04/24/2015,ELP,TX,ASW,WE,Combined TRACON& Tower with Radar,92,34,32,50,208,0,6,23,7,36,92,40,55,57,244,0,6,6,250
04/25/2015,ELP,TX,ASW,WE,Combined TRACON& Tower with Radar,58,24,36,10,128,0,9,70,5,84,58,33,106,15,212,68,0,68,280
04/26/2015,ELP,TX,ASW,WE,Combined TRACON& Tower with Radar,79,27,15,13,134,0,3,12,1,16,79,30,27,14,150,6,0,6,156
04/27/2015,ELP,TX,ASW,WE,Combined TRACON& Tower with Radar,87,32,17,12,148,0,14,55,12,81,87,46,72,24,229,48,0,48,277
04/28/2015,ELP,TX,ASW,WE,Combined TRACON& Tower with Radar,95,39,36,17,187,0,11,47,5,63,95,50,83,22,250,74,0,74,324
04/29/2015,ELP,TX,ASW,WE,Combined TRACON& Tower with Radar,94,42,27,21,184,0,10,82,8,100,94,52,109,29,284,76,0,76,360
04/30/2015,ELP,TX,ASW,WE,Combined TRACON& Tower with Radar,95,43,32,31,201,0,22,66,7,95,95,65,98,38,296,98,0,98,394
05/01/2015,ELP,TX,ASW,WE,Combined TRACON& Tower with Radar,86,46,41,6,179,0,9,63,4,76,86,55,104,10,255,28,0,28,283
05/02/2015,ELP,TX,ASW,WE,Combined TRACON& Tower with Radar,61,28,21,2,112,0,14,63,5,82,61,42,84,7,194,40,0,40,234
05/03/2015,ELP,TX,ASW,WE,Combined TRACON& Tower with Radar,77,27,22,1,127,0,4,44,2,50,77,31,66,3,177,40,0,40,217
05/04/2015,ELP,TX,ASW,WE,Combined TRACON& Tower with Radar,95,38,20,2,155,0,3,20,3,26,95,41,40,5,181,42,0,42,223
05/05/2015,ELP,TX,ASW,WE,Combined TRACON& Tower with Radar,93,38,22,8,161,0,15,33,10,58,93,53,55,18,219,20,0,20,239
05/06/2015,ELP,TX,ASW,WE,Combined TRACON& Tower with Radar,105,54,63,23,245,0,15,36,8,59,105,69,99,31,304,60,0,60,364
05/07/2015,ELP,TX,ASW,WE,Combined TRACON& Tower with Radar,102,39,20,15,176,0,15,53,14,82,102,54,73,29,258,52,16,68,326
05/08/2015,ELP,TX,ASW,WE,Combined TRACON& Tower with Radar,98,33,19,41,191,0,10,52,9,71,98,43,71,50,262,40,0,40,302
05/09/2015,ELP,TX,ASW,WE,Combined TRACON& Tower with Radar,57,21,14,9,101,0,19,41,11,71,57,40,55,20,172,30,0,30,202
05/10/2015,ELP,TX,ASW,WE,Combined TRACON& Tower with Radar,69,25,19,23,136,0,5,46,9,60,69,30,65,32,196,18,0,18,214
05/11/2015,ELP,TX,ASW,WE,Combined TRACON& Tower with Radar,84,31,19,25,159,0,11,38,9,58,84,42,57,34,217,26,0,26,243
05/12/2015,ELP,TX,ASW,WE,Combined TRACON& Tower with Radar,102,33,22,47,204,0,13,12,1,26,102,46,34,48,230,0,120,120,350
05/13/2015,ELP,TX,ASW,WE,Combined TRACON& Tower with Radar,105,47,35,8,195,0,28,53,3,84,105,75,88,11,279,12,0,12,291
05/14/2015,ELP,TX,ASW,WE,Combined TRACON& Tower with Radar,99,65,32,3,199,0,15,36,5,56,99,80,68,8,255,100,0,100,355
05/15/2015,ELP,TX,ASW,WE,Combined TRACON& Tower with Radar,98,56,24,8,186,0,22,26,4,52,98,78,50,12,238,0,10,10,248
05/16/2015,ELP,TX,ASW,WE,Combined TRACON& Tower with Radar,69,23,16,3,111,0,19,19,2,40,69,42,35,5,151,20,0,20,171
05/17/2015,ELP,TX,ASW,WE,Combined TRACON& Tower with Radar,81,28,47,3,159,0,17,75,4,96,81,45,122,7,255,4,0,4,259
05/18/2015,ELP,TX,ASW,WE,Combined TRACON& Tower with Radar,93,38,22,16,169,0,11,37,8,56,93,49,59,24,225,16,5,21,246
05/19/2015,ELP,TX,ASW,WE,Combined TRACON& Tower with Radar,104,39,39,50,232,0,13,24,14,51,104,52,63,64,283,54,10,64,347
05/20/2015,ELP,TX,ASW,WE,Combined TRACON& Tower with Radar,134,43,26,26,229,0,16,50,8,74,134,59,76,34,303,80,0,80,383
05/21/2015,ELP,TX,ASW,WE,Combined TRACON& Tower with Radar,104,38,21,54,217,0,18,15,9,42,104,56,36,63,259,34,34,68,327
05/22/2015,ELP,TX,ASW,WE,Combined TRACON& Tower with Radar,98,49,35,7,189,0,4,45,3,52,98,53,80,10,241,56,0,56,297
05/23/2015,ELP,TX,ASW,WE,Combined TRACON& Tower with Radar,64,26,13,4,107,0,9,68,3,80,64,35,81,7,187,20,16,36,223
05/24/2015,ELP,TX,ASW,WE,Combined TRACON& Tower with Radar,76,15,18,0,109,0,4,48,1,53,76,19,66,1,162,82,0,82,244
05/25/2015,ELP,TX,ASW,WE,Combined TRACON& Tower with Radar,69,28,31,9,137,0,1,35,2,38,69,29,66,11,175,32,0,32,207
05/26/2015,ELP,TX,ASW,WE,Combined TRACON& Tower with Radar,97,26,27,42,192,0,19,38,9,66,97,45,65,51,258,12,0,12,270
05/27/2015,ELP,TX,ASW,WE,Combined TRACON& Tower with Radar,131,35,26,46,238,19,14,54,6,93,150,49,80,52,331,118,6,124,455
05/28/2015,ELP,TX,ASW,WE,Combined TRACON& Tower with Radar,103,24,28,23,178,0,25,47,18,90,103,49,75,41,268,74,10,84,352
05/29/2015,ELP,TX,ASW,WE,Combined TRACON& Tower with Radar,98,34,25,13,170,0,18,36,3,57,98,52,61,16,227,50,0,50,277
05/30/2015,ELP,TX,ASW,WE,Combined TRACON& Tower with Radar,62,14,15,4,95,0,15,35,0,50,62,29,50,4,145,40,0,40,185
05/31/2015,ELP,TX,ASW,WE,Combined TRACON& Tower with Radar,80,20,19,0,119,0,5,44,0,49,80,25,63,0,168,52,0,52,220
06/01/2015,ELP,TX,ASW,WE,Combined TRACON& Tower with Radar,85,35,15,1,136,0,15,58,2,75,85,50,73,3,211,33,0,33,244
06/02/2015,ELP,TX,ASW,WE,Combined TRACON& Tower with Radar,95,43,25,9,172,0,14,28,1,43,95,57,53,10,215,32,0,32,247
06/03/2015,ELP,TX,ASW,WE,Combined TRACON& Tower with Radar,97,42,23,9,171,0,8,37,8,53,97,50,60,17,224,56,0,56,280
06/04/2015,ELP,TX,ASW,WE,Combined TRACON& Tower with Radar,97,48,19,11,175,0,13,37,5,55,97,61,56,16,230,72,0,72,302
06/05/2015,ELP,TX,ASW,WE,Combined TRACON& Tower with Radar,93,50,20,5,168,0,7,47,3,57,93,57,67,8,225,8,0,8,233
06/06/2015,ELP,TX,ASW,WE,Combined TRACON& Tower with Radar,66,24,14,7,111,0,10,61,2,73,66,34,75,9,184,50,0,50,234
06/07/2015,ELP,TX,ASW,WE,Combined TRACON& Tower with Radar,80,27,20,9,136,0,1,54,4,59,80,28,74,13,195,74,0,74,269
06/08/2015,ELP,TX,ASW,WE,Combined TRACON& Tower with Radar,95,41,26,13,175,0,5,44,3,52,95,46,70,16,227,76,0,76,303
06/09/2015,ELP,TX,ASW,WE,Combined TRACON& Tower with Radar,99,43,15,15,172,0,4,48,6,58,99,47,63,21,230,100,0,100,330
06/10/2015,ELP,TX,ASW,WE,Combined TRACON& Tower with Radar,106,50,18,12,186,0,6,55,5,66,106,56,73,17,252,46,0,46,298
06/11/2015,ELP,TX,ASW,WE,Combined TRACON& Tower with Radar,103,49,30,3,185,0,20,76,18,114,103,69,106,21,299,26,0,26,325
06/12/2015,ELP,TX,ASW,WE,Combined TRACON& Tower with Radar,97,55,18,24,194,0,16,45,5,66,97,71,63,29,260,22,0,22,282
06/13/2015,ELP,TX,ASW,WE,Combined TRACON& Tower with Radar,74,29,24,25,152,0,9,66,8,83,74,38,90,33,235,38,0,38,273
06/14/2015,ELP,TX,ASW,WE,Combined TRACON& Tower with Radar,79,21,40,11,151,0,11,43,2,56,79,32,83,13,207,30,0,30,237
06/15/2015,ELP,TX,ASW,WE,Combined TRACON& Tower with Radar,84,37,25,8,154,0,12,45,6,63,84,49,70,14,217,18,0,18,235
06/16/2015,ELP,TX,ASW,WE,Combined TRACON& Tower with Radar,97,56,16,14,183,0,6,42,2,50,97,62,58,16,233,68,0,68,301
06/17/2015,ELP,TX,ASW,WE,Combined TRACON& Tower with Radar,94,58,22,28,202,0,17,62,7,86,94,75,84,35,288,106,22,128,416
06/18/2015,ELP,TX,ASW,WE,Combined TRACON& Tower with Radar,108,43,25,5,181,0,21,59,10,90,108,64,84,15,271,32,0,32,303
06/19/2015,ELP,TX,ASW,WE,Combined TRACON& Tower with Radar,100,35,27,9,171,0,17,70,2,89,100,52,97,11,260,64,0,64,324
06/20/2015,ELP,TX,ASW,WE,Combined TRACON& Tower with Radar,68,27,18,1,114,0,11,59,1,71,68,38,77,2,185,30,0,30,215
06/21/2015,ELP,TX,ASW,WE,Combined TRACON& Tower with Radar,86,23,18,6,133,0,6,45,1,52,86,29,63,7,185,32,0,32,217
06/22/2015,ELP,TX,ASW,WE,Combined TRACON& Tower with Radar,98,44,27,0,169,0,15,44,7,66,98,59,71,7,235,56,0,56,291
06/23/2015,ELP,TX,ASW,WE,Combined TRACON& Tower with Radar,102,46,24,9,181,0,10,48,3,61,102,56,72,12,242,32,10,42,284
06/24/2015,ELP,TX,ASW,WE,Combined TRACON& Tower with Radar,108,60,41,8,217,0,12,52,6,70,108,72,93,14,287,36,0,36,323
06/25/2015,ELP,TX,ASW,WE,Combined TRACON& Tower with Radar,112,51,45,6,214,0,7,51,0,58,112,58,96,6,272,68,0,68,340
06/26/2015,ELP,TX,ASW,WE,Combined TRACON& Tower with Radar,107,36,21,1,165,0,6,46,2,54,107,42,67,3,219,20,0,20,239
06/27/2015,ELP,TX,ASW,WE,Combined TRACON& Tower with Radar,79,18,10,0,107,0,7,54,3,64,79,25,64,3,171,42,0,42,213
06/28/2015,ELP,TX,ASW,WE,Combined TRACON& Tower with Radar,83,19,19,6,127,0,3,68,0,71,83,22,87,6,198,64,0,64,262
06/29/2015,ELP,TX,ASW,WE,Combined TRACON& Tower with Radar,96,33,36,28,193,0,19,55,11,85,96,52,91,39,278,66,8,74,352
06/30/2015,ELP,TX,ASW,WE,Combined TRACON& Tower with Radar,107,27,8,9,151,0,19,51,3,73,107,46,59,12,224,22,0,22,246
07/01/2015,ELP,TX,ASW,WE,Combined TRACON& Tower with Radar,109,36,31,1,177,0,6,57,5,68,109,42,88,6,245,32,0,32,277
07/02/2015,ELP,TX,ASW,WE,Combined TRACON& Tower with Radar,102,35,26,6,169,0,5,48,6,59,102,40,74,12,228,4,0,4,232
07/03/2015,ELP,TX,ASW,WE,Combined TRACON& Tower with Radar,88,24,22,0,134,0,8,39,1,48,88,32,61,1,182,26,0,26,208
07/04/2015,ELP,TX,ASW,WE,Combined TRACON& Tower with Radar,62,12,9,3,86,0,10,52,2,64,62,22,61,5,150,18,0,18,168
07/05/2015,ELP,TX,ASW,WE,Combined TRACON& Tower with Radar,82,25,22,0,129,0,5,28,1,34,82,30,50,1,163,32,0,32,195
07/06/2015,ELP,TX,ASW,WE,Combined TRACON& Tower with Radar,84,29,17,0,130,0,1,48,0,49,84,30,65,0,179,56,0,56,235
07/07/2015,ELP,TX,ASW,WE,Combined TRACON& Tower with Radar,96,24,18,14,152,0,7,32,6,45,96,31,50,20,197,26,0,26,223
07/08/2015,ELP,TX,ASW,WE,Combined TRACON& Tower with Radar,103,32,47,21,203,0,3,62,4,69,103,35,109,25,272,28,0,28,300
07/09/2015,ELP,TX,ASW,WE,Combined TRACON& Tower with Radar,97,37,34,12,180,0,8,65,2,75,97,45,99,14,255,44,2,46,301
07/10/2015,ELP,TX,ASW,WE,Combined TRACON& Tower with Radar,98,33,32,10,173,0,9,42,0,51,98,42,74,10,224,26,0,26,250
07/11/2015,ELP,TX,ASW,WE,Combined TRACON& Tower with Radar,70,30,17,6,123,0,1,66,1,68,70,31,83,7,191,62,0,62,253
07/12/2015,ELP,TX,ASW,WE,Combined TRACON& Tower with Radar,80,25,21,16,142,0,7,46,4,57,80,32,67,20,199,58,0,58,257
07/13/2015,ELP,TX,ASW,WE,Combined TRACON& Tower with Radar,85,28,18,9,140,0,19,58,5,82,85,47,76,14,222,42,0,42,264
07/14/2015,ELP,TX,ASW,WE,Combined TRACON& Tower with Radar,96,30,19,4,149,0,17,54,5,76,96,47,73,9,225,6,0,6,231
07/15/2015,ELP,TX,ASW,WE,Combined TRACON& Tower with Radar,103,27,14,17,161,0,16,38,11,65,103,43,52,28,226,4,0,4,230
07/16/2015,ELP,TX,ASW,WE,Combined TRACON& Tower with Radar,98,34,41,3,176,0,12,39,6,57,98,46,80,9,233,30,0,30,263
07/17/2015,ELP,TX,ASW,WE,Combined TRACON& Tower with Radar,100,54,19,7,180,0,6,38,12,56,100,60,57,19,236,20,0,20,256
07/18/2015,ELP,TX,ASW,WE,Combined TRACON& Tower with Radar,69,25,32,15,141,0,8,59,4,71,69,33,91,19,212,40,10,50,262
07/19/2015,ELP,TX,ASW,WE,Combined TRACON& Tower with Radar,86,26,20,2,134,0,2,61,2,65,86,28,81,4,199,46,0,46,245
07/20/2015,ELP,TX,ASW,WE,Combined TRACON& Tower with Radar,86,34,27,3,150,0,8,55,1,64,86,42,82,4,214,36,0,36,250
07/21/2015,ELP,TX,ASW,WE,Combined TRACON& Tower with Radar,98,34,34,3,169,0,15,49,3,67,98,49,83,6,236,54,0,54,290
07/22/2015,ELP,TX,ASW,WE,Combined TRACON& Tower with Radar,113,26,28,2,169,0,6,47,3,56,113,32,75,5,225,86,0,86,311
07/23/2015,ELP,TX,ASW,WE,Combined TRACON& Tower with Radar,99,28,28,10,165,0,5,67,4,76,99,33,95,14,241,98,0,98,339
07/24/2015,ELP,TX,ASW,WE,Combined TRACON& Tower with Radar,102,30,28,8,168,0,14,54,4,72,102,44,82,12,240,42,0,42,282
07/25/2015,ELP,TX,ASW,WE,Combined TRACON& Tower with Radar,71,19,17,3,110,0,12,52,1,65,71,31,69,4,175,46,0,46,221
07/26/2015,ELP,TX,ASW,WE,Combined TRACON& Tower with Radar,86,24,23,4,137,0,7,62,1,70,86,31,85,5,207,44,0,44,251
07/27/2015,ELP,TX,ASW,WE,Combined TRACON& Tower with Radar,88,25,20,10,143,0,6,45,5,56,88,31,65,15,199,10,0,10,209
07/28/2015,ELP,TX,ASW,WE,Combined TRACON& Tower with Radar,98,32,25,15,170,0,8,38,2,48,98,40,63,17,218,40,0,40,258
07/29/2015,ELP,TX,ASW,WE,Combined TRACON& Tower with Radar,110,34,11,13,168,0,14,35,4,53,110,48,46,17,221,0,4,4,225
07/30/2015,ELP,TX,ASW,WE,Combined TRACON& Tower with Radar,95,36,20,8,159,0,17,31,1,49,95,53,51,9,208,16,0,16,224
07/31/2015,ELP,TX,ASW,WE,Combined TRACON& Tower with Radar,99,25,14,15,153,0,18,52,8,78,99,43,66,23,231,40,0,40,271
08/01/2015,ELP,TX,ASW,WE,Combined TRACON& Tower with Radar,75,20,15,5,115,0,12,50,1,63,75,32,65,6,178,32,0,32,210
08/02/2015,ELP,TX,ASW,WE,Combined TRACON& Tower with Radar,80,16,26,3,125,0,3,40,0,43,80,19,66,3,168,70,0,70,238
08/03/2015,ELP,TX,ASW,WE,Combined TRACON& Tower with Radar,89,32,19,4,144,0,7,39,1,47,89,39,58,5,191,32,0,32,223
08/04/2015,ELP,TX,ASW,WE,Combined TRACON& Tower with Radar,99,34,15,10,158,0,12,29,0,41,99,46,44,10,199,54,0,54,253
08/05/2015,ELP,TX,ASW,WE,Combined TRACON& Tower with Radar,105,33,12,1,151,0,4,41,1,46,105,37,53,2,197,18,0,18,215
08/06/2015,ELP,TX,ASW,WE,Combined TRACON& Tower with Radar,106,31,25,1,163,0,10,44,8,62,106,41,69,9,225,28,0,28,253
08/07/2015,ELP,TX,ASW,WE,Combined TRACON& Tower with Radar,99,38,37,16,190,0,11,47,10,68,99,49,84,26,258,56,4,60,318
08/08/2015,ELP,TX,ASW,WE,Combined TRACON& Tower with Radar,69,23,19,19,130,1,7,48,9,65,70,30,67,28,195,4,0,4,199
08/09/2015,ELP,TX,ASW,WE,Combined TRACON& Tower with Radar,79,28,12,2,121,0,2,35,9,46,79,30,47,11,167,40,0,40,207
08/10/2015,ELP,TX,ASW,WE,Combined TRACON& Tower with Radar,86,30,17,7,140,0,9,35,5,49,86,39,52,12,189,14,0,14,203
08/11/2015,ELP,TX,ASW,WE,Combined TRACON& Tower with Radar,100,24,25,6,155,0,4,56,8,68,100,28,81,14,223,48,0,48,271
08/12/2015,ELP,TX,ASW,WE,Combined TRACON& Tower with Radar,108,31,30,6,175,0,5,46,8,59,108,36,76,14,234,40,0,40,274
08/13/2015,ELP,TX,ASW,WE,Combined TRACON& Tower with Radar,102,27,24,3,156,0,10,78,11,99,102,37,102,14,255,48,0,48,303
08/14/2015,ELP,TX,ASW,WE,Combined TRACON& Tower with Radar,95,28,36,20,179,0,13,56,5,74,95,41,92,25,253,46,10,56,309
08/15/2015,ELP,TX,ASW,WE,Combined TRACON& Tower with Radar,66,24,12,0,102,0,4,37,0,41,66,28,49,0,143,22,0,22,165
08/16/2015,ELP,TX,ASW,WE,Combined TRACON& Tower with Radar,80,17,19,1,117,0,0,50,0,50,80,17,69,1,167,44,0,44,211
08/17/2015,ELP,TX,ASW,WE,Combined TRACON& Tower with Radar,88,29,40,14,171,0,11,54,9,74,88,40,94,23,245,42,0,42,287
08/18/2015,ELP,TX,ASW,WE,Combined TRACON& Tower with Radar,99,46,36,4,185,0,7,39,3,49,99,53,75,7,234,0,0,0,234
08/19/2015,ELP,TX,ASW,WE,Combined TRACON& Tower with Radar,102,25,31,24,182,0,6,67,9,82,102,31,98,33,264,10,24,34,298
08/20/2015,ELP,TX,ASW,WE,Combined TRACON& Tower with Radar,97,41,37,5,180,0,4,61,8,73,97,45,98,13,253,80,0,80,333
08/21/2015,ELP,TX,ASW,WE,Combined TRACON& Tower with Radar,96,41,49,33,219,0,8,52,7,67,96,49,101,40,286,84,12,96,382
08/22/2015,ELP,TX,ASW,WE,Combined TRACON& Tower with Radar,69,19,17,2,107,0,13,63,4,80,69,32,80,6,187,66,0,66,253
08/23/2015,ELP,TX,ASW,WE,Combined TRACON& Tower with Radar,78,17,16,0,111,0,1,35,2,38,78,18,51,2,149,16,0,16,165
08/24/2015,ELP,TX,ASW,WE,Combined TRACON& Tower with Radar,94,36,26,6,162,0,5,32,5,42,94,41,58,11,204,0,0,0,204
08/25/2015,ELP,TX,ASW,WE,Combined TRACON& Tower with Radar,101,40,15,6,162,0,8,63,3,74,101,48,78,9,236,52,0,52,288
08/26/2015,ELP,TX,ASW,WE,Combined TRACON& Tower with Radar,101,22,32,9,164,0,3,43,0,46,101,25,75,9,210,28,0,28,238
08/27/2015,ELP,TX,ASW,WE,Combined TRACON& Tower with Radar,102,35,47,5,189,0,11,66,7,84,102,46,113,12,273,40,0,40,313
08/28/2015,ELP,TX,ASW,WE,Combined TRACON& Tower with Radar,107,38,24,8,177,0,2,57,3,62,107,40,81,11,239,26,0,26,265
08/29/2015,ELP,TX,ASW,WE,Combined TRACON& Tower with Radar,69,29,21,2,121,0,11,79,1,91,69,40,100,3,212,74,0,74,286
08/30/2015,ELP,TX,ASW,WE,Combined TRACON& Tower with Radar,83,16,17,1,117,0,4,53,0,57,83,20,70,1,174,16,0,16,190
08/31/2015,ELP,TX,ASW,WE,Combined TRACON& Tower with Radar,92,28,27,0,147,0,10,42,2,54,92,38,69,2,201,10,0,10,211
09/01/2015,ELP,TX,ASW,WE,Combined TRACON& Tower with Radar,100,42,22,4,168,0,3,36,1,40,100,45,58,5,208,26,0,26,234
09/02/2015,ELP,TX,ASW,WE,Combined TRACON& Tower with Radar,102,29,26,15,172,0,3,31,6,40,102,32,57,21,212,0,0,0,212
09/03/2015,ELP,TX,ASW,WE,Combined TRACON& Tower with Radar,105,37,33,13,188,0,4,34,3,41,105,41,67,16,229,14,0,14,243
09/04/2015,ELP,TX,ASW,WE,Combined TRACON& Tower with Radar,115,29,22,1,167,0,8,69,2,79,115,37,91,3,246,46,0,46,292
09/05/2015,ELP,TX,ASW,WE,Combined TRACON& Tower with Radar,57,24,15,1,97,0,3,53,2,58,57,27,68,3,155,68,0,68,223
09/06/2015,ELP,TX,ASW,WE,Combined TRACON& Tower with Radar,66,23,11,0,100,0,9,39,3,51,66,32,50,3,151,52,0,52,203
09/07/2015,ELP,TX,ASW,WE,Combined TRACON& Tower with Radar,77,21,18,2,118,0,1,30,1,32,77,22,48,3,150,14,0,14,164
09/08/2015,ELP,TX,ASW,WE,Combined TRACON& Tower with Radar,96,37,21,8,162,0,8,41,7,56,96,45,62,15,218,66,0,66,284
09/09/2015,ELP,TX,ASW,WE,Combined TRACON& Tower with Radar,102,35,44,8,189,0,7,51,5,63,102,42,95,13,252,40,0,40,292
09/10/2015,ELP,TX,ASW,WE,Combined TRACON& Tower with Radar,109,36,25,22,192,0,10,61,15,86,109,46,86,37,278,74,0,74,352
09/11/2015,ELP,TX,ASW,WE,Combined TRACON& Tower with Radar,108,32,24,13,177,0,7,34,4,45,108,39,58,17,222,36,0,36,258
09/12/2015,ELP,TX,ASW,WE,Combined TRACON& Tower with Radar,65,21,10,2,98,0,2,61,3,66,65,23,71,5,164,106,0,106,270
09/13/2015,ELP,TX,ASW,WE,Combined TRACON& Tower with Radar,84,22,16,0,122,0,13,55,1,69,84,35,71,1,191,46,0,46,237
09/14/2015,ELP,TX,ASW,WE,Combined TRACON& Tower with Radar,92,22,23,1,138,0,8,49,2,59,92,30,72,3,197,62,0,62,259
09/15/2015,ELP,TX,ASW,WE,Combined TRACON& Tower with Radar,100,39,22,24,185,0,19,62,7,88,100,58,84,31,273,34,14,48,321
09/16/2015,ELP,TX,ASW,WE,Combined TRACON& Tower with Radar,96,35,39,10,180,0,10,56,1,67,96,45,95,11,247,34,2,36,283
09/17/2015,ELP,TX,ASW,WE,Combined TRACON& Tower with Radar,103,51,26,10,190,0,12,49,9,70,103,63,75,19,260,14,0,14,274
09/18/2015,ELP,TX,ASW,WE,Combined TRACON& Tower with Radar,102,44,26,4,176,0,8,55,3,66,102,52,81,7,242,26,0,26,268
09/19/2015,ELP,TX,ASW,WE,Combined TRACON& Tower with Radar,62,19,7,0,88,0,3,14,0,17,62,22,21,0,105,22,0,22,127
09/20/2015,ELP,TX,ASW,WE,Combined TRACON& Tower with Radar,82,29,19,10,140,0,0,33,3,36,82,29,52,13,176,56,0,56,232
09/21/2015,ELP,TX,ASW,WE,Combined TRACON& Tower with Radar,104,27,16,28,175,0,7,43,15,65,104,34,59,43,240,64,0,64,304
09/22/2015,ELP,TX,ASW,WE,Combined TRACON& Tower with Radar,96,36,23,12,167,0,2,22,4,28,96,38,45,16,195,20,0,20,215
09/23/2015,ELP,TX,ASW,WE,Combined TRACON& Tower with Radar,101,44,27,4,176,0,12,48,4,64,101,56,75,8,240,10,2,12,252
09/24/2015,ELP,TX,ASW,WE,Combined TRACON& Tower with Radar,98,55,20,22,195,0,6,41,4,51,98,61,61,26,246,18,0,18,264
09/25/2015,ELP,TX,ASW,WE,Combined TRACON& Tower with Radar,110,39,23,7,179,0,7,57,5,69,110,46,80,12,248,54,0,54,302
09/26/2015,ELP,TX,ASW,WE,Combined TRACON& Tower with Radar,69,26,12,4,111,0,10,59,3,72,69,36,71,7,183,8,0,8,191
09/27/2015,ELP,TX,ASW,WE,Combined TRACON& Tower with Radar,83,17,29,1,130,0,8,46,4,58,83,25,75,5,188,44,0,44,232
09/28/2015,ELP,TX,ASW,WE,Combined TRACON& Tower with Radar,98,34,24,9,165,0,24,34,2,60,98,58,58,11,225,10,0,10,235
09/29/2015,ELP,TX,ASW,WE,Combined TRACON& Tower with Radar,101,25,29,14,169,0,15,52,5,72,101,40,81,19,241,0,0,0,241
09/30/2015,ELP,TX,ASW,WE,Combined TRACON& Tower with Radar,112,51,32,10,205,0,9,50,5,64,112,60,82,15,269,0,0,0,269
10/01/2015,ELP,TX,ASW,WE,Combined TRACON& Tower with Radar,121,45,51,10,227,0,15,63,7,85,121,60,114,17,312,22,0,22,334
10/02/2015,ELP,TX,ASW,WE,Combined TRACON& Tower with Radar,117,30,33,2,182,0,16,72,8,96,117,46,105,10,278,18,0,18,296
10/03/2015,ELP,TX,ASW,WE,Combined TRACON& Tower with Radar,71,18,20,2,111,0,6,78,2,86,71,24,98,4,197,64,0,64,261
10/04/2015,ELP,TX,ASW,WE,Combined TRACON& Tower with Radar,82,21,15,1,119,0,4,43,11,58,82,25,58,12,177,28,0,28,205
10/05/2015,ELP,TX,ASW,WE,Combined TRACON& Tower with Radar,92,25,33,14,164,0,15,70,7,92,92,40,103,21,256,56,0,56,312
10/06/2015,ELP,TX,ASW,WE,Combined TRACON& Tower with Radar,102,40,49,42,233,0,9,43,13,65,102,49,92,55,298,27,7,34,332
10/07/2015,ELP,TX,ASW,WE,Combined TRACON& Tower with Radar,105,35,31,19,190,0,1,37,4,42,105,36,68,23,232,0,0,0,232
10/08/2015,ELP,TX,ASW,WE,Combined TRACON& Tower with Radar,108,40,15,6,169,0,6,37,2,45,108,46,52,8,214,10,0,10,224
10/09/2015,ELP,TX,ASW,WE,Combined TRACON& Tower with Radar,97,39,27,0,163,0,5,64,2,71,97,44,91,2,234,114,0,114,348
10/10/2015,ELP,TX,ASW,WE,Combined TRACON& Tower with Radar,75,24,25,5,129,0,16,72,0,88,75,40,97,5,217,50,0,50,267
10/11/2015,ELP,TX,ASW,WE,Combined TRACON& Tower with Radar,78,17,19,6,120,0,3,66,2,71,78,20,85,8,191,53,0,53,244
10/12/2015,ELP,TX,ASW,WE,Combined TRACON& Tower with Radar,93,33,29,8,163,0,8,71,1,80,93,41,100,9,243,102,0,102,345
10/13/2015,ELP,TX,ASW,WE,Combined TRACON& Tower with Radar,95,48,22,12,177,0,11,44,4,59,95,59,66,16,236,10,0,10,246
10/14/2015,ELP,TX,ASW,WE,Combined TRACON& Tower with Radar,105,37,23,8,173,0,24,54,4,82,105,61,77,12,255,32,0,32,287
10/15/2015,ELP,TX,ASW,WE,Combined TRACON& Tower with Radar,108,45,38,23,214,0,10,49,0,59,108,55,87,23,273,32,0,32,305
10/16/2015,ELP,TX,ASW,WE,Combined TRACON& Tower with Radar,99,37,15,26,177,3,4,16,7,30,102,41,31,33,207,24,0,24,231
10/17/2015,ELP,TX,ASW,WE,Combined TRACON& Tower with Radar,65,22,18,0,105,0,8,82,2,92,65,30,100,2,197,160,0,160,357
10/18/2015,ELP,TX,ASW,WE,Combined TRACON& Tower with Radar,77,26,21,18,142,0,4,55,0,59,77,30,76,18,201,68,0,68,269
10/19/2015,ELP,TX,ASW,WE,Combined TRACON& Tower with Radar,93,49,16,7,165,0,4,31,2,37,93,53,47,9,202,10,0,10,212
10/20/2015,ELP,TX,ASW,WE,Combined TRACON& Tower with Radar,102,45,24,4,175,0,0,30,0,30,102,45,54,4,205,0,0,0,205
10/21/2015,ELP,TX,ASW,WE,Combined TRACON& Tower with Radar,104,38,21,3,166,0,5,36,2,43,104,43,57,5,209,56,0,56,265
10/22/2015,ELP,TX,ASW,WE,Combined TRACON& Tower with Radar,115,32,28,25,200,0,7,54,1,62,115,39,82,26,262,40,30,70,332
10/23/2015,ELP,TX,ASW,WE,Combined TRACON& Tower with Radar,104,48,28,106,286,0,5,68,3,76,104,53,96,109,362,36,62,98,460
10/24/2015,ELP,TX,ASW,WE,Combined TRACON& Tower with Radar,78,23,14,6,121,1,3,27,2,33,79,26,41,8,154,0,0,0,154
10/25/2015,ELP,TX,ASW,WE,Combined TRACON& Tower with Radar,85,18,26,16,145,0,8,51,1,60,85,26,77,17,205,6,0,6,211
10/26/2015,ELP,TX,ASW,WE,Combined TRACON& Tower with Radar,103,37,18,17,175,0,1,47,2,50,103,38,65,19,225,24,0,24,249
10/27/2015,ELP,TX,ASW,WE,Combined TRACON& Tower with Radar,108,46,38,23,215,0,8,66,8,82,108,54,104,31,297,78,0,78,375
10/28/2015,ELP,TX,ASW,WE,Combined TRACON& Tower with Radar,109,48,27,35,219,0,7,62,3,72,109,55,89,38,291,20,0,20,311
10/29/2015,ELP,TX,ASW,WE,Combined TRACON& Tower with Radar,107,42,31,34,214,0,1,47,5,53,107,43,78,39,267,34,0,34,301
10/30/2015,ELP,TX,ASW,WE,Combined TRACON& Tower with Radar,109,38,27,37,211,0,3,22,3,28,109,41,49,40,239,4,0,4,243
10/31/2015,ELP,TX,ASW,WE,Combined TRACON& Tower with Radar,69,36,13,7,125,0,7,63,1,71,69,43,76,8,196,16,10,26,222
11/01/2015,ELP,TX,ASW,WE,Combined TRACON& Tower with Radar,85,18,30,4,137,0,6,70,0,76,85,24,100,4,213,54,0,54,267
11/02/2015,ELP,TX,ASW,WE,Combined TRACON& Tower with Radar,93,36,28,19,176,0,3,56,4,63,93,39,84,23,239,28,28,56,295
11/03/2015,ELP,TX,ASW,WE,Combined TRACON& Tower with Radar,102,42,24,9,177,1,7,37,3,48,103,49,61,12,225,20,4,24,249
11/04/2015,ELP,TX,ASW,WE,Combined TRACON& Tower with Radar,111,57,12,25,205,0,10,32,22,64,111,67,44,47,269,0,76,76,345
11/05/2015,ELP,TX,ASW,WE,Combined TRACON& Tower with Radar,121,65,20,58,264,0,5,35,6,46,121,70,55,64,310,0,12,12,322
11/06/2015,ELP,TX,ASW,WE,Combined TRACON& Tower with Radar,118,52,21,18,209,0,4,59,1,64,118,56,80,19,273,40,0,40,313
11/07/2015,ELP,TX,ASW,WE,Combined TRACON& Tower with Radar,84,23,16,4,127,4,11,36,2,53,88,34,52,6,180,10,0,10,190
11/08/2015,ELP,TX,ASW,WE,Combined TRACON& Tower with Radar,87,38,20,3,148,0,3,47,1,51,87,41,67,4,199,58,0,58,257
11/09/2015,ELP,TX,ASW,WE,Combined TRACON& Tower with Radar,111,48,19,25,203,0,3,54,3,60,111,51,73,28,263,20,0,20,283
11/10/2015,ELP,TX,ASW,WE,Combined TRACON& Tower with Radar,115,46,30,21,212,0,2,48,4,54,115,48,78,25,266,56,0,56,322
11/11/2015,ELP,TX,ASW,WE,Combined TRACON& Tower with Radar,104,56,24,2,186,0,7,24,8,39,104,63,48,10,225,0,0,0,225
11/12/2015,ELP,TX,ASW,WE,Combined TRACON& Tower with Radar,111,41,17,10,179,0,4,44,2,50,111,45,61,12,229,10,0,10,239
11/13/2015,ELP,TX,ASW,WE,Combined TRACON& Tower with Radar,106,39,43,14,202,0,7,44,3,54,106,46,87,17,256,30,0,30,286
11/14/2015,ELP,TX,ASW,WE,Combined TRACON& Tower with Radar,74,32,17,4,127,0,3,48,3,54,74,35,65,7,181,70,0,70,251
11/15/2015,ELP,TX,ASW,WE,Combined TRACON& Tower with Radar,88,20,9,6,123,0,3,11,2,16,88,23,20,8,139,0,0,0,139
11/16/2015,ELP,TX,ASW,WE,Combined TRACON& Tower with Radar,109,39,24,46,218,0,0,17,4,21,109,39,41,50,239,80,140,220,459
11/17/2015,ELP,TX,ASW,WE,Combined TRACON& Tower with Radar,108,58,35,17,218,0,7,39,8,54,108,65,74,25,272,8,16,24,296
11/18/2015,ELP,TX,ASW,WE,Combined TRACON& Tower with Radar,102,42,33,14,191,0,7,79,5,91,102,49,112,19,282,54,4,58,340
11/19/2015,ELP,TX,ASW,WE,Combined TRACON& Tower with Radar,105,43,38,27,213,0,10,53,6,69,105,53,91,33,282,84,0,84,366
11/20/2015,ELP,TX,ASW,WE,Combined TRACON& Tower with Radar,102,58,49,51,260,0,8,63,5,76,102,66,112,56,336,30,0,30,366
11/21/2015,ELP,TX,ASW,WE,Combined TRACON& Tower with Radar,72,29,11,6,118,0,5,36,6,47,72,34,47,12,165,20,0,20,185
11/22/2015,ELP,TX,ASW,WE,Combined TRACON& Tower with Radar,83,17,17,18,135,0,5,58,3,66,83,22,75,21,201,24,0,24,225
11/23/2015,ELP,TX,ASW,WE,Combined TRACON& Tower with Radar,94,40,20,3,157,0,4,41,0,45,94,44,61,3,202,28,0,28,230
11/24/2015,ELP,TX,ASW,WE,Combined TRACON& Tower with Radar,110,70,42,20,242,0,10,56,5,71,110,80,98,25,313,6,0,6,319
11/25/2015,ELP,TX,ASW,WE,Combined TRACON& Tower with Radar,114,46,37,9,206,0,0,39,2,41,114,46,76,11,247,0,0,0,247
11/26/2015,ELP,TX,ASW,WE,Combined TRACON& Tower with Radar,65,27,8,1,101,0,0,19,0,19,65,27,27,1,120,8,0,8,128
11/27/2015,ELP,TX,ASW,WE,Combined TRACON& Tower with Radar,93,19,11,1,124,0,0,10,0,10,93,19,21,1,134,0,0,0,134
11/28/2015,ELP,TX,ASW,WE,Combined TRACON& Tower with Radar,101,28,17,2,148,0,0,8,0,8,101,28,25,2,156,0,0,0,156
11/29/2015,ELP,TX,ASW,WE,Combined TRACON& Tower with Radar,104,24,27,5,160,0,1,30,2,33,104,25,57,7,193,18,0,18,211
11/30/2015,ELP,TX,ASW,WE,Combined TRACON& Tower with Radar,111,39,30,60,240,0,5,58,13,76,111,44,88,73,316,0,30,30,346
12/01/2015,ELP,TX,ASW,WE,Combined TRACON& Tower with Radar,108,26,20,25,179,0,3,41,6,50,108,29,61,31,229,0,0,0,229
12/02/2015,ELP,TX,ASW,WE,Combined TRACON& Tower with Radar,101,36,22,10,169,0,6,42,9,57,101,42,64,19,226,0,0,0,226
12/03/2015,ELP,TX,ASW,WE,Combined TRACON& Tower with Radar,106,29,13,11,159,0,8,72,14,94,106,37,85,25,253,62,8,70,323
12/04/2015,ELP,TX,ASW,WE,Combined TRACON& Tower with Radar,101,37,24,34,196,0,7,60,9,76,101,44,84,43,272,20,0,20,292
12/05/2015,ELP,TX,ASW,WE,Combined TRACON& Tower with Radar,73,25,18,8,124,0,6,76,5,87,73,31,94,13,211,64,6,70,281
12/06/2015,ELP,TX,ASW,WE,Combined TRACON& Tower with Radar,89,22,17,17,145,0,0,42,9,51,89,22,59,26,196,4,0,4,200
12/07/2015,ELP,TX,ASW,WE,Combined TRACON& Tower with Radar,92,35,14,13,154,0,2,49,2,53,92,37,63,15,207,0,0,0,207
12/08/2015,ELP,TX,ASW,WE,Combined TRACON& Tower with Radar,101,20,9,5,135,0,1,61,4,66,101,21,70,9,201,0,0,0,201
12/09/2015,ELP,TX,ASW,WE,Combined TRACON& Tower with Radar,105,34,26,9,174,0,5,52,3,60,105,39,78,12,234,16,0,16,250
12/10/2015,ELP,TX,ASW,WE,Combined TRACON& Tower with Radar,111,39,19,12,181,0,6,48,7,61,111,45,67,19,242,66,0,66,308
12/11/2015,ELP,TX,ASW,WE,Combined TRACON& Tower with Radar,96,35,21,31,183,0,6,52,3,61,96,41,73,34,244,30,0,30,274
12/12/2015,ELP,TX,ASW,WE,Combined TRACON& Tower with Radar,70,19,11,30,130,0,4,4,1,9,70,23,15,31,139,0,0,0,139
12/13/2015,ELP,TX,ASW,WE,Combined TRACON& Tower with Radar,83,20,25,51,179,0,3,25,2,30,83,23,50,53,209,0,10,10,219
12/14/2015,ELP,TX,ASW,WE,Combined TRACON& Tower with Radar,88,25,31,16,160,0,3,32,3,38,88,28,63,19,198,0,0,0,198
12/15/2015,ELP,TX,ASW,WE,Combined TRACON& Tower with Radar,103,33,20,16,172,0,2,30,1,33,103,35,50,17,205,0,0,0,205
12/16/2015,ELP,TX,ASW,WE,Combined TRACON& Tower with Radar,108,48,31,13,200,0,2,44,3,49,108,50,75,16,249,10,0,10,259
12/17/2015,ELP,TX,ASW,WE,Combined TRACON& Tower with Radar,106,46,39,7,198,0,5,79,3,87,106,51,118,10,285,26,0,26,311
12/18/2015,ELP,TX,ASW,WE,Combined TRACON& Tower with Radar,110,54,32,25,221,0,13,67,10,90,110,67,99,35,311,0,0,0,311
12/19/2015,ELP,TX,ASW,WE,Combined TRACON& Tower with Radar,78,46,37,1,162,0,7,74,2,83,78,53,111,3,245,64,0,64,309
12/20/2015,ELP,TX,ASW,WE,Combined TRACON& Tower with Radar,91,40,20,4,155,0,4,30,4,38,91,44,50,8,193,10,0,10,203
12/21/2015,ELP,TX,ASW,WE,Combined TRACON& Tower with Radar,112,37,25,8,182,0,2,36,1,39,112,39,61,9,221,5,0,5,226
12/22/2015,ELP,TX,ASW,WE,Combined TRACON& Tower with Radar,117,33,13,7,170,0,6,33,2,41,117,39,46,9,211,0,0,0,211
12/23/2015,ELP,TX,ASW,WE,Combined TRACON& Tower with Radar,112,33,14,3,162,0,2,31,1,34,112,35,45,4,196,0,0,0,196
12/24/2015,ELP,TX,ASW,WE,Combined TRACON& Tower with Radar,88,30,9,3,130,0,10,53,6,69,88,40,62,9,199,46,0,46,245
12/25/2015,ELP,TX,ASW,WE,Combined TRACON& Tower with Radar,74,23,4,3,104,0,6,15,1,22,74,29,19,4,126,0,0,0,126
12/26/2015,ELP,TX,ASW,WE,Combined TRACON& Tower with Radar,86,30,26,0,142,0,1,3,1,5,86,31,29,1,147,0,0,0,147
12/27/2015,ELP,TX,ASW,WE,Combined TRACON& Tower with Radar,77,14,18,0,109,0,0,9,0,9,77,14,27,0,118,0,0,0,118
12/28/2015,ELP,TX,ASW,WE,Combined TRACON& Tower with Radar,87,35,26,1,149,0,1,35,5,41,87,36,61,6,190,34,0,34,224
12/29/2015,ELP,TX,ASW,WE,Combined TRACON& Tower with Radar,100,35,9,3,147,0,2,37,2,41,100,37,46,5,188,18,0,18,206
12/30/2015,ELP,TX,ASW,WE,Combined TRACON& Tower with Radar,103,39,12,12,166,0,2,60,2,64,103,41,72,14,230,0,0,0,230
12/31/2015,ELP,TX,ASW,WE,Combined TRACON& Tower with Radar,88,22,18,0,128,0,7,33,7,47,88,29,51,7,175,12,0,12,187
01/01/2016,ELP,TX,ASW,WE,Combined TRACON& Tower with Radar,75,30,8,2,115,0,0,7,0,7,75,30,15,2,122,0,0,0,122
01/02/2016,ELP,TX,ASW,WE,Combined TRACON& Tower with Radar,89,28,29,7,153,0,2,16,1,19,89,30,45,8,172,10,0,10,182
01/03/2016,ELP,TX,ASW,WE,Combined TRACON& Tower with Radar,96,33,35,0,164,0,5,63,0,68,96,38,98,0,232,42,0,42,274
01/04/2016,ELP,TX,ASW,WE,Combined TRACON& Tower with Radar,98,34,23,9,164,0,7,15,3,25,98,41,38,12,189,16,0,16,205
01/05/2016,ELP,TX,ASW,WE,Combined TRACON& Tower with Radar,94,54,21,19,188,0,0,10,0,10,94,54,31,19,198,0,0,0,198
01/06/2016,ELP,TX,ASW,WE,Combined TRACON& Tower with Radar,100,50,9,17,176,0,3,13,5,21,100,53,22,22,197,0,0,0,197
01/07/2016,ELP,TX,ASW,WE,Combined TRACON& Tower with Radar,98,49,37,29,213,0,7,29,12,48,98,56,66,41,261,0,0,0,261
01/08/2016,ELP,TX,ASW,WE,Combined TRACON& Tower with Radar,93,51,9,23,176,0,6,4,0,10,93,57,13,23,186,0,0,0,186
01/09/2016,ELP,TX,ASW,WE,Combined TRACON& Tower with Radar,61,42,20,2,125,0,13,61,4,78,61,55,81,6,203,30,0,30,233
01/10/2016,ELP,TX,ASW,WE,Combined TRACON& Tower with Radar,74,37,25,32,168,0,13,42,0,55,74,50,67,32,223,58,0,58,281
01/11/2016,ELP,TX,ASW,WE,Combined TRACON& Tower with Radar,85,48,23,7,163,0,13,58,14,85,85,61,81,21,248,26,0,26,274
01/12/2016,ELP,TX,ASW,WE,Combined TRACON& Tower with Radar,92,29,25,9,155,0,4,59,2,65,92,33,84,11,220,18,0,18,238
01/13/2016,ELP,TX,ASW,WE,Combined TRACON& Tower with Radar,96,33,29,14,172,0,5,56,1,62,96,38,85,15,234,60,0,60,294
01/14/2016,ELP,TX,ASW,WE,Combined TRACON& Tower with Radar,97,51,23,9,180,0,10,43,6,59,97,61,66,15,239,0,0,0,239
01/15/2016,ELP,TX,ASW,WE,Combined TRACON& Tower with Radar,98,32,16,60,206,0,10,36,4,50,98,42,52,64,256,0,0,0,256
01/16/2016,ELP,TX,ASW,WE,Combined TRACON& Tower with Radar,64,15,12,3,94,0,1,56,10,67,64,16,68,13,161,74,0,74,235
01/17/2016,ELP,TX,ASW,WE,Combined TRACON& Tower with Radar,74,26,15,8,123,0,2,51,7,60,74,28,66,15,183,36,0,36,219
01/18/2016,ELP,TX,ASW,WE,Combined TRACON& Tower with Radar,83,27,23,33,166,0,7,58,10,75,83,34,81,43,241,20,8,28,269
01/19/2016,ELP,TX,ASW,WE,Combined TRACON& Tower with Radar,91,27,39,17,174,0,9,32,6,47,91,36,71,23,221,0,0,0,221
01/20/2016,ELP,TX,ASW,WE,Combined TRACON& Tower with Radar,94,35,26,9,164,0,5,33,8,46,94,40,59,17,210,20,0,20,230
01/21/2016,ELP,TX,ASW,WE,Combined TRACON& Tower with Radar,90,37,24,12,163,0,4,34,9,47,90,41,58,21,210,4,0,4,214
01/22/2016,ELP,TX,ASW,WE,Combined TRACON& Tower with Radar,88,36,18,67,209,0,9,70,2,81,88,45,88,69,290,42,38,80,370
01/23/2016,ELP,TX,ASW,WE,Combined TRACON& Tower with Radar,61,24,27,7,119,0,2,76,2,80,61,26,103,9,199,26,0,26,225
01/24/2016,ELP,TX,ASW,WE,Combined TRACON& Tower with Radar,73,20,19,39,151,0,2,18,3,23,73,22,37,42,174,20,0,20,194
01/25/2016,ELP,TX,ASW,WE,Combined TRACON& Tower with Radar,82,34,13,17,146,0,2,39,5,46,82,36,52,22,192,12,0,12,204
01/26/2016,ELP,TX,ASW,WE,Combined TRACON& Tower with Radar,95,36,23,12,166,0,11,31,3,45,95,47,54,15,211,0,0,0,211
01/27/2016,ELP,TX,ASW,WE,Combined TRACON& Tower with Radar,96,38,21,10,165,0,10,46,6,62,96,48,67,16,227,0,0,0,227
01/28/2016,ELP,TX,ASW,WE,Combined TRACON& Tower with Radar,92,48,18,20,178,0,12,67,8,87,92,60,85,28,265,14,0,14,279
01/29/2016,ELP,TX,ASW,WE,Combined TRACON& Tower with Radar,87,38,21,37,183,0,6,55,14,75,87,44,76,51,258,10,0,10,268
01/30/2016,ELP,TX,ASW,WE,Combined TRACON& Tower with Radar,58,16,8,1,83,0,1,34,2,37,58,17,42,3,120,26,0,26,146
01/31/2016,ELP,TX,ASW,WE,Combined TRACON& Tower with Radar,73,29,17,4,123,0,2,17,3,22,73,31,34,7,145,14,0,14,159
02/01/2016,ELP,TX,ASW,WE,Combined TRACON& Tower with Radar,81,26,6,0,113,0,3,4,2,9,81,29,10,2,122,0,0,0,122
02/02/2016,ELP,TX,ASW,WE,Combined TRACON& Tower with Radar,94,31,15,15,155,0,12,15,9,36,94,43,30,24,191,0,0,0,191
02/03/2016,ELP,TX,ASW,WE,Combined TRACON& Tower with Radar,91,29,25,10,155,0,13,37,13,63,91,42,62,23,218,34,0,34,252
02/04/2016,ELP,TX,ASW,WE,Combined TRACON& Tower with Radar,92,35,44,18,189,0,12,65,4,81,92,47,109,22,270,42,0,42,312
02/05/2016,ELP,TX,ASW,WE,Combined TRACON& Tower with Radar,89,44,20,5,158,0,9,62,6,77,89,53,82,11,235,4,0,4,239
02/06/2016,ELP,TX,ASW,WE,Combined TRACON& Tower with Radar,63,20,13,12,108,0,4,63,2,69,63,24,76,14,177,56,0,56,233
02/07/2016,ELP,TX,ASW,WE,Combined TRACON& Tower with Radar,69,26,26,10,131,0,9,53,6,68,69,35,79,16,199,10,0,10,209
02/08/2016,ELP,TX,ASW,WE,Combined TRACON& Tower with Radar,82,44,30,9,165,0,10,62,1,73,82,54,92,10,238,12,0,12,250
02/09/2016,ELP,TX,ASW,WE,Combined TRACON& Tower with Radar,96,34,20,19,169,0,10,40,7,57,96,44,60,26,226,0,8,8,234
02/10/2016,ELP,TX,ASW,WE,Combined TRACON& Tower with Radar,97,32,29,23,181,0,5,49,9,63,97,37,78,32,244,0,0,0,244
02/11/2016,ELP,TX,ASW,WE,Combined TRACON& Tower with Radar,99,41,15,17,172,0,17,65,4,86,99,58,80,21,258,52,0,52,310
02/12/2016,ELP,TX,ASW,WE,Combined TRACON& Tower with Radar,89,38,28,22,177,0,18,75,9,102,89,56,103,31,279,81,0,81,360
02/13/2016,ELP,TX,ASW,WE,Combined TRACON& Tower with Radar,67,27,28,7,129,0,20,65,5,90,67,47,93,12,219,34,0,34,253
02/14/2016,ELP,TX,ASW,WE,Combined TRACON& Tower with Radar,74,29,14,8,125,0,29,53,2,84,74,58,67,10,209,64,0,64,273
02/15/2016,ELP,TX,ASW,WE,Combined TRACON& Tower with Radar,93,31,25,1,150,0,28,76,6,110,93,59,101,7,260,26,0,26,286
02/16/2016,ELP,TX,ASW,WE,Combined TRACON& Tower with Radar,92,39,30,5,166,0,36,80,13,129,92,75,110,18,295,0,32,32,327
02/17/2016,ELP,TX,ASW,WE,Combined TRACON& Tower with Radar,93,38,28,14,173,1,32,126,23,182,94,70,154,37,355,14,10,24,379
02/18/2016,ELP,TX,ASW,WE,Combined TRACON& Tower with Radar,96,38,16,30,180,0,11,50,7,68,96,49,66,37,248,0,6,6,254
02/19/2016,ELP,TX,ASW,WE,Combined TRACON& Tower with Radar,87,38,26,36,187,0,7,43,9,59,87,45,69,45,246,0,0,0,246
02/20/2016,ELP,TX,ASW,WE,Combined TRACON& Tower with Radar,61,34,30,12,137,0,2,71,2,75,61,36,101,14,212,120,0,120,332
02/21/2016,ELP,TX,ASW,WE,Combined TRACON& Tower with Radar,74,29,22,18,143,0,3,34,7,44,74,32,56,25,187,28,0,28,215
02/22/2016,ELP,TX,ASW,WE,Combined TRACON& Tower with Radar,84,30,14,16,144,0,5,31,3,39,84,35,45,19,183,12,0,12,195
02/23/2016,ELP,TX,ASW,WE,Combined TRACON& Tower with Radar,90,47,20,15,172,0,1,32,0,33,90,48,52,15,205,6,24,30,235
02/24/2016,ELP,TX,ASW,WE,Combined TRACON& Tower with Radar,89,45,31,14,179,0,18,57,6,81,89,63,88,20,260,0,0,0,260
02/25/2016,ELP,TX,ASW,WE,Combined TRACON& Tower with Radar,93,32,21,36,182,0,13,67,5,85,93,45,88,41,267,73,12,85,352
02/26/2016,ELP,TX,ASW,WE,Combined TRACON& Tower with Radar,87,42,23,30,182,0,8,63,9,80,87,50,86,39,262,64,0,64,326
02/27/2016,ELP,TX,ASW,WE,Combined TRACON& Tower with Radar,62,23,15,5,105,0,9,81,3,93,62,32,96,8,198,50,0,50,248
02/28/2016,ELP,TX,ASW,WE,Combined TRACON& Tower with Radar,73,35,20,12,140,0,8,54,4,66,73,43,74,16,206,4,0,4,210
02/29/2016,ELP,TX,ASW,WE,Combined TRACON& Tower with Radar,82,41,18,29,170,0,11,39,9,59,82,52,57,38,229,0,0,0,229
03/01/2016,ELP,TX,ASW,WE,Combined TRACON& Tower with Radar,92,31,12,18,153,0,7,49,12,68,92,38,61,30,221,32,16,48,269
03/02/2016,ELP,TX,ASW,WE,Combined TRACON& Tower with Radar,92,30,18,7,147,3,15,48,1,67,95,45,66,8,214,0,0,0,214
03/03/2016,ELP,TX,ASW,WE,Combined TRACON& Tower with Radar,94,30,24,38,186,0,17,44,2,63,94,47,68,40,249,40,0,40,289
03/04/2016,ELP,TX,ASW,WE,Combined TRACON& Tower with Radar,95,37,31,49,212,0,25,52,3,80,95,62,83,52,292,34,8,42,334
03/05/2016,ELP,TX,ASW,WE,Combined TRACON& Tower with Radar,69,29,27,10,135,0,19,41,2,62,69,48,68,12,197,118,0,118,315
03/06/2016,ELP,TX,ASW,WE,Combined TRACON& Tower with Radar,78,31,27,8,144,0,6,33,5,44,78,37,60,13,188,65,0,65,253
03/07/2016,ELP,TX,ASW,WE,Combined TRACON& Tower with Radar,86,51,33,106,276,0,6,26,31,63,86,57,59,137,339,28,104,132,471
03/08/2016,ELP,TX,ASW,WE,Combined TRACON& Tower with Radar,88,31,20,98,237,0,7,28,19,54,88,38,48,117,291,0,10,10,301
03/09/2016,ELP,TX,ASW,WE,Combined TRACON& Tower with Radar,92,35,27,29,183,0,7,32,11,50,92,42,59,40,233,8,0,8,241
03/10/2016,ELP,TX,ASW,WE,Combined TRACON& Tower with Radar,102,44,9,44,199,0,15,36,4,55,102,59,45,48,254,12,0,12,266
03/11/2016,ELP,TX,ASW,WE,Combined TRACON& Tower with Radar,92,35,29,57,213,0,12,25,3,40,92,47,54,60,253,8,0,8,261
03/12/2016,ELP,TX,ASW,WE,Combined TRACON& Tower with Radar,67,27,15,2,111,0,5,20,2,27,67,32,35,4,138,18,0,18,156
03/13/2016,ELP,TX,ASW,WE,Combined TRACON& Tower with Radar,82,31,26,12,151,0,3,33,6,42,82,34,59,18,193,8,0,8,201
03/14/2016,ELP,TX,ASW,WE,Combined TRACON& Tower with Radar,90,38,25,25,178,0,10,46,8,64,90,48,71,33,242,12,14,26,268
03/15/2016,ELP,TX,ASW,WE,Combined TRACON& Tower with Radar,101,44,27,8,180,0,12,39,10,61,101,56,66,18,241,20,0,20,261
03/16/2016,ELP,TX,ASW,WE,Combined TRACON& Tower with Radar,105,29,24,9,167,0,20,45,15,80,105,49,69,24,247,12,0,12,259
03/17/2016,ELP,TX,ASW,WE,Combined TRACON& Tower with Radar,98,32,26,2,158,0,17,43,5,65,98,49,69,7,223,4,0,4,227
03/18/2016,ELP,TX,ASW,WE,Combined TRACON& Tower with Radar,95,37,22,62,216,0,21,50,9,80,95,58,72,71,296,8,30,38,334
03/19/2016,ELP,TX,ASW,WE,Combined TRACON& Tower with Radar,76,49,17,0,142,0,3,34,5,42,76,52,51,5,184,38,0,38,222
03/20/2016,ELP,TX,ASW,WE,Combined TRACON& Tower with Radar,83,41,37,19,180,0,10,61,10,81,83,51,98,29,261,72,0,72,333
03/21/2016,ELP,TX,ASW,WE,Combined TRACON& Tower with Radar,92,33,21,6,152,0,10,38,3,51,92,43,59,9,203,0,0,0,203
03/22/2016,ELP,TX,ASW,WE,Combined TRACON& Tower with Radar,103,48,9,14,174,0,1,28,4,33,103,49,37,18,207,10,0,10,217
03/23/2016,ELP,TX,ASW,WE,Combined TRACON& Tower with Radar,104,46,15,16,181,0,4,12,2,18,104,50,27,18,199,0,0,0,199
03/24/2016,ELP,TX,ASW,WE,Combined TRACON& Tower with Radar,93,30,31,36,190,0,12,79,5,96,93,42,110,41,286,0,89,89,375
03/25/2016,ELP,TX,ASW,WE,Combined TRACON& Tower with Radar,93,26,23,7,149,0,8,55,3,66,93,34,78,10,215,62,0,62,277
03/26/2016,ELP,TX,ASW,WE,Combined TRACON& Tower with Radar,69,30,13,3,115,0,5,26,5,36,69,35,39,8,151,30,0,30,181
03/27/2016,ELP,TX,ASW,WE,Combined TRACON& Tower with Radar,80,26,15,2,123,0,15,49,3,67,80,41,64,5,190,128,0,128,318
03/28/2016,ELP,TX,ASW,WE,Combined TRACON& Tower with Radar,87,31,29,17,164,0,11,39,3,53,87,42,68,20,217,36,0,36,253
03/29/2016,ELP,TX,ASW,WE,Combined TRACON& Tower with Radar,104,37,21,33,195,0,2,26,4,32,104,39,47,37,227,0,0,0,227
03/30/2016,ELP,TX,ASW,WE,Combined TRACON& Tower with Radar,99,37,24,26,186,0,5,31,7,43,99,42,55,33,229,0,0,0,229
03/31/2016,ELP,TX,ASW,WE,Combined TRACON& Tower with Radar,104,44,34,23,205,0,6,35,2,43,104,50,69,25,248,0,0,0,248
04/01/2016,ELP,TX,ASW,WE,Combined TRACON& Tower with Radar,93,42,16,25,176,0,2,31,2,35,93,44,47,27,211,48,0,48,259
04/02/2016,ELP,TX,ASW,WE,Combined TRACON& Tower with Radar,71,22,13,2,108,0,6,39,0,45,71,28,52,2,153,42,0,42,195
04/03/2016,ELP,TX,ASW,WE,Combined TRACON& Tower with Radar,82,20,21,3,126,0,7,52,6,65,82,27,73,9,191,60,0,60,251
04/04/2016,ELP,TX,ASW,WE,Combined TRACON& Tower with Radar,93,32,21,10,156,0,10,59,2,71,93,42,80,12,227,28,0,28,255
04/05/2016,ELP,TX,ASW,WE,Combined TRACON& Tower with Radar,102,39,21,11,173,0,16,37,2,55,102,55,58,13,228,0,0,0,228
04/06/2016,ELP,TX,ASW,WE,Combined TRACON& Tower with Radar,111,37,12,17,177,0,18,36,6,60,111,55,48,23,237,0,0,0,237
04/07/2016,ELP,TX,ASW,WE,Combined TRACON& Tower with Radar,109,32,32,35,208,0,9,40,6,55,109,41,72,41,263,16,0,16,279
04/08/2016,ELP,TX,ASW,WE,Combined TRACON& Tower with Radar,103,29,16,39,187,0,3,20,2,25,103,32,36,41,212,0,8,8,220
04/09/2016,ELP,TX,ASW,WE,Combined TRACON& Tower with Radar,78,18,19,5,120,0,4,65,2,71,78,22,84,7,191,68,0,68,259
04/10/2016,ELP,TX,ASW,WE,Combined TRACON& Tower with Radar,96,27,9,14,146,0,4,26,3,33,96,31,35,17,179,48,8,56,235
04/11/2016,ELP,TX,ASW,WE,Combined TRACON& Tower with Radar,99,29,39,3,170,0,7,67,7,81,99,36,106,10,251,46,0,46,297
04/12/2016,ELP,TX,ASW,WE,Combined TRACON& Tower with Radar,106,39,20,9,174,0,4,10,2,16,106,43,30,11,190,0,0,0,190
04/13/2016,ELP,TX,ASW,WE,Combined TRACON& Tower with Radar,109,36,26,24,195,0,8,42,10,60,109,44,68,34,255,28,12,40,295
04/14/2016,ELP,TX,ASW,WE,Combined TRACON& Tower with Radar,103,39,23,23,188,0,9,49,11,69,103,48,72,34,257,16,0,16,273
04/15/2016,ELP,TX,ASW,WE,Combined TRACON& Tower with Radar,102,39,32,29,202,0,9,29,2,40,102,48,61,31,242,56,0,56,298
04/16/2016,ELP,TX,ASW,WE,Combined TRACON& Tower with Radar,70,20,15,5,110,0,3,13,1,17,70,23,28,6,127,16,0,16,143
04/17/2016,ELP,TX,ASW,WE,Combined TRACON& Tower with Radar,75,19,30,30,154,0,6,48,1,55,75,25,78,31,209,44,0,44,253
04/18/2016,ELP,TX,ASW,WE,Combined TRACON& Tower with Radar,87,34,17,42,180,0,3,35,0,38,87,37,52,42,218,0,22,22,240
04/19/2016,ELP,TX,ASW,WE,Combined TRACON& Tower with Radar,110,33,42,67,252,0,7,45,23,75,110,40,87,90,327,38,146,184,511
04/20/2016,ELP,TX,ASW,WE,Combined TRACON& Tower with Radar,109,44,18,31,202,0,6,31,7,44,109,50,49,38,246,4,8,12,258
04/21/2016,ELP,TX,ASW,WE,Combined TRACON& Tower with Radar,112,32,27,5,176,0,13,51,3,67,112,45,78,8,243,14,0,14,257
04/22/2016,ELP,TX,ASW,WE,Combined TRACON& Tower with Radar,104,31,15,14,164,0,13,54,2,69,104,44,69,16,233,0,0,0,233
04/23/2016,ELP,TX,ASW,WE,Combined TRACON& Tower with Radar,75,17,14,2,108,0,7,40,4,51,75,24,54,6,159,28,0,28,187
04/24/2016,ELP,TX,ASW,WE,Combined TRACON& Tower with Radar,83,13,12,1,109,0,2,27,1,30,83,15,39,2,139,0,0,0,139
04/25/2016,ELP,TX,ASW,WE,Combined TRACON& Tower with Radar,98,22,8,4,132,0,4,20,2,26,98,26,28,6,158,14,0,14,172
04/26/2016,ELP,TX,ASW,WE,Combined TRACON& Tower with Radar,106,26,17,18,167,0,5,20,4,29,106,31,37,22,196,0,0,0,196
04/27/2016,ELP,TX,ASW,WE,Combined TRACON& Tower with Radar,102,28,22,9,161,1,23,50,4,78,103,51,72,13,239,40,0,40,279
04/28/2016,ELP,TX,ASW,WE,Combined TRACON& Tower with Radar,108,37,14,14,173,0,16,34,5,55,108,53,48,19,228,0,0,0,228
04/29/2016,ELP,TX,ASW,WE,Combined TRACON& Tower with Radar,100,30,9,32,171,0,12,24,1,37,100,42,33,33,208,14,0,14,222
04/30/2016,ELP,TX,ASW,WE,Combined TRACON& Tower with Radar,65,16,8,20,109,0,2,58,12,72,65,18,66,32,181,36,22,58,239
05/01/2016,ELP,TX,ASW,WE,Combined TRACON& Tower with Radar,84,22,10,35,151,0,1,40,4,45,84,23,50,39,196,8,12,20,216
05/02/2016,ELP,TX,ASW,WE,Combined TRACON& Tower with Radar,92,25,35,11,163,0,9,61,4,74,92,34,96,15,237,40,0,40,277
05/03/2016,ELP,TX,ASW,WE,Combined TRACON& Tower with Radar,103,22,32,22,179,0,11,61,18,90,103,33,93,40,269,28,0,28,297
05/04/2016,ELP,TX,ASW,WE,Combined TRACON& Tower with Radar,105,30,29,4,168,0,11,66,5,82,105,41,95,9,250,12,0,12,262
05/05/2016,ELP,TX,ASW,WE,Combined TRACON& Tower with Radar,100,27,25,9,161,0,8,39,3,50,100,35,64,12,211,0,0,0,211
05/06/2016,ELP,TX,ASW,WE,Combined TRACON& Tower with Radar,108,26,27,8,169,0,6,28,5,39,108,32,55,13,208,14,0,14,222
05/07/2016,ELP,TX,ASW,WE,Combined TRACON& Tower with Radar,66,25,23,0,114,0,5,45,2,52,66,30,68,2,166,2,0,2,168
05/08/2016,ELP,TX,ASW,WE,Combined TRACON& Tower with Radar,81,34,21,0,136,0,9,24,3,36,81,43,45,3,172,0,0,0,172
05/09/2016,ELP,TX,ASW,WE,Combined TRACON& Tower with Radar,110,22,12,17,161,0,4,29,1,34,110,26,41,18,195,12,0,12,207
05/10/2016,ELP,TX,ASW,WE,Combined TRACON& Tower with Radar,107,36,25,26,194,0,8,55,7,70,107,44,80,33,264,28,0,28,292
05/11/2016,ELP,TX,ASW,WE,Combined TRACON& Tower with Radar,102,23,31,8,164,0,6,78,6,90,102,29,109,14,254,32,0,32,286
05/12/2016,ELP,TX,ASW,WE,Combined TRACON& Tower with Radar,104,30,15,20,169,0,12,45,10,67,104,42,60,30,236,6,30,36,272
05/13/2016,ELP,TX,ASW,WE,Combined TRACON& Tower with Radar,111,28,20,13,172,4,7,41,2,54,115,35,61,15,226,20,0,20,246
05/14/2016,ELP,TX,ASW,WE,Combined TRACON& Tower with Radar,69,14,6,6,95,0,7,50,2,59,69,21,56,8,154,52,0,52,206
05/15/2016,ELP,TX,ASW,WE,Combined TRACON& Tower with Radar,81,23,6,12,122,0,7,35,2,44,81,30,41,14,166,26,0,26,192
05/16/2016,ELP,TX,ASW,WE,Combined TRACON& Tower with Radar,106,27,18,3,154,0,9,19,2,30,106,36,37,5,184,0,0,0,184
05/17/2016,ELP,TX,ASW,WE,Combined TRACON& Tower with Radar,113,41,25,12,191,0,5,51,2,58,113,46,76,14,249,0,0,0,249
05/18/2016,ELP,TX,ASW,WE,Combined TRACON& Tower with Radar,111,35,23,41,210,1,16,34,19,70,112,51,57,60,280,18,128,146,426
05/19/2016,ELP,TX,ASW,WE,Combined TRACON& Tower with Radar,111,41,27,47,226,0,3,46,7,56,111,44,73,54,282,36,90,126,408
05/20/2016,ELP,TX,ASW,WE,Combined TRACON& Tower with Radar,110,24,15,29,178,0,14,57,44,115,110,38,72,73,293,20,330,350,643
05/21/2016,ELP,TX,ASW,WE,Combined TRACON& Tower with Radar,66,19,21,0,106,0,2,43,3,48,66,21,64,3,154,70,0,70,224
05/22/2016,ELP,TX,ASW,WE,Combined TRACON& Tower with Radar,80,25,11,5,121,0,5,29,7,41,80,30,40,12,162,34,0,34,196
05/23/2016,ELP,TX,ASW,WE,Combined TRACON& Tower with Radar,98,23,23,11,155,0,9,31,4,44,98,32,54,15,199,24,0,24,223
05/24/2016,ELP,TX,ASW,WE,Combined TRACON& Tower with Radar,106,42,30,35,213,0,10,38,3,51,106,52,68,38,264,34,0,34,298
05/25/2016,ELP,TX,ASW,WE,Combined TRACON& Tower with Radar,109,36,30,9,184,0,13,41,4,58,109,49,71,13,242,32,0,32,274
05/26/2016,ELP,TX,ASW,WE,Combined TRACON& Tower with Radar,107,37,21,12,177,1,6,45,6,58,108,43,66,18,235,24,0,24,259
05/27/2016,ELP,TX,ASW,WE,Combined TRACON& Tower with Radar,118,27,19,8,172,0,13,62,2,77,118,40,81,10,249,0,0,0,249
05/28/2016,ELP,TX,ASW,WE,Combined TRACON& Tower with Radar,71,15,28,0,114,0,5,48,0,53,71,20,76,0,167,52,0,52,219
05/29/2016,ELP,TX,ASW,WE,Combined TRACON& Tower with Radar,75,14,26,0,115,0,13,51,2,66,75,27,77,2,181,54,0,54,235
05/30/2016,ELP,TX,ASW,WE,Combined TRACON& Tower with Radar,95,24,16,0,135,0,3,26,1,30,95,27,42,1,165,12,0,12,177
05/31/2016,ELP,TX,ASW,WE,Combined TRACON& Tower with Radar,101,34,23,18,176,0,6,43,7,56,101,40,66,25,232,58,24,82,314
06/01/2016,ELP,TX,ASW,WE,Combined TRACON& Tower with Radar,100,41,21,5,167,0,4,40,4,48,100,45,61,9,215,0,0,0,215
06/02/2016,ELP,TX,ASW,WE,Combined TRACON& Tower with Radar,107,28,34,36,205,0,5,67,2,74,107,33,101,38,279,50,18,68,347
06/03/2016,ELP,TX,ASW,WE,Combined TRACON& Tower with Radar,110,32,16,19,177,0,7,60,0,67,110,39,76,19,244,32,0,32,276
06/04/2016,ELP,TX,ASW,WE,Combined TRACON& Tower with Radar,78,23,20,8,129,0,5,58,4,67,78,28,78,12,196,52,0,52,248
06/05/2016,ELP,TX,ASW,WE,Combined TRACON& Tower with Radar,83,21,24,20,148,0,6,51,6,63,83,27,75,26,211,166,0,166,377
06/06/2016,ELP,TX,ASW,WE,Combined TRACON& Tower with Radar,108,22,24,9,163,0,4,41,6,51,108,26,65,15,214,26,0,26,240
06/07/2016,ELP,TX,ASW,WE,Combined TRACON& Tower with Radar,99,35,26,9,169,0,5,39,6,50,99,40,65,15,219,16,0,16,235
06/08/2016,ELP,TX,ASW,WE,Combined TRACON& Tower with Radar,103,29,21,20,173,0,2,46,3,51,103,31,67,23,224,14,0,14,238
06/09/2016,ELP,TX,ASW,WE,Combined TRACON& Tower with Radar,114,26,37,6,183,0,8,29,4,41,114,34,66,10,224,42,0,42,266
06/10/2016,ELP,TX,ASW,WE,Combined TRACON& Tower with Radar,108,33,22,12,175,0,13,46,5,64,108,46,68,17,239,16,0,16,255
06/11/2016,ELP,TX,ASW,WE,Combined TRACON& Tower with Radar,80,18,13,1,112,0,7,44,2,53,80,25,57,3,165,22,0,22,187
06/12/2016,ELP,TX,ASW,WE,Combined TRACON& Tower with Radar,89,20,4,14,127,0,6,26,6,38,89,26,30,20,165,10,0,10,175
06/13/2016,ELP,TX,ASW,WE,Combined TRACON& Tower with Radar,110,20,15,19,164,0,9,34,12,55,110,29,49,31,219,22,0,22,241
06/14/2016,ELP,TX,ASW,WE,Combined TRACON& Tower with Radar,114,27,26,18,185,0,6,42,0,48,114,33,68,18,233,36,0,36,269
06/15/2016,ELP,TX,ASW,WE,Combined TRACON& Tower with Radar,108,55,19,19,201,0,3,55,6,64,108,58,74,25,265,8,10,18,283
06/16/2016,ELP,TX,ASW,WE,Combined TRACON& Tower with Radar,119,29,33,6,187,0,7,63,9,79,119,36,96,15,266,62,0,62,328
06/17/2016,ELP,TX,ASW,WE,Combined TRACON& Tower with Radar,120,25,15,8,168,0,5,44,1,50,120,30,59,9,218,0,0,0,218
06/18/2016,ELP,TX,ASW,WE,Combined TRACON& Tower with Radar,76,24,15,20,135,0,1,42,1,44,76,25,57,21,179,34,0,34,213
06/19/2016,ELP,TX,ASW,WE,Combined TRACON& Tower with Radar,95,19,10,3,127,0,0,38,2,40,95,19,48,5,167,10,0,10,177
06/20/2016,ELP,TX,ASW,WE,Combined TRACON& Tower with Radar,107,33,18,18,176,0,4,31,1,36,107,37,49,19,212,0,0,0,212
06/21/2016,ELP,TX,ASW,WE,Combined TRACON& Tower with Radar,110,31,24,11,176,0,8,37,4,49,110,39,61,15,225,12,0,12,237
06/22/2016,ELP,TX,ASW,WE,Combined TRACON& Tower with Radar,110,31,26,3,170,0,8,43,2,53,110,39,69,5,223,36,0,36,259
06/23/2016,ELP,TX,ASW,WE,Combined TRACON& Tower with Radar,112,46,16,7,181,0,8,34,0,42,112,54,50,7,223,42,0,42,265
06/24/2016,ELP,TX,ASW,WE,Combined TRACON& Tower with Radar,115,41,20,10,186,0,3,30,1,34,115,44,50,11,220,22,0,22,242
06/25/2016,ELP,TX,ASW,WE,Combined TRACON& Tower with Radar,82,22,9,4,117,0,2,34,2,38,82,24,43,6,155,0,0,0,155
06/26/2016,ELP,TX,ASW,WE,Combined TRACON& Tower with Radar,84,26,15,3,128,0,2,45,3,50,84,28,60,6,178,86,0,86,264
06/27/2016,ELP,TX,ASW,WE,Combined TRACON& Tower with Radar,108,25,21,6,160,0,9,39,3,51,108,34,60,9,211,12,0,12,223
06/28/2016,ELP,TX,ASW,WE,Combined TRACON& Tower with Radar,106,37,16,10,169,0,15,45,1,61,106,52,61,11,230,0,0,0,230
06/29/2016,ELP,TX,ASW,WE,Combined TRACON& Tower with Radar,118,41,25,27,211,0,16,43,0,59,118,57,68,27,270,10,0,10,280
06/30/2016,ELP,TX,ASW,WE,Combined TRACON& Tower with Radar,115,35,27,9,186,0,10,54,9,73,115,45,81,18,259,10,0,10,269
07/01/2016,ELP,TX,ASW,WE,Combined TRACON& Tower with Radar,117,31,9,4,161,0,6,36,3,45,117,37,45,7,206,12,0,12,218
07/02/2016,ELP,TX,ASW,WE,Combined TRACON& Tower with Radar,81,28,18,1,128,0,8,54,5,67,81,36,72,6,195,50,0,50,245
07/03/2016,ELP,TX,ASW,WE,Combined TRACON& Tower with Radar,86,15,8,0,109,0,1,37,2,40,86,16,45,2,149,4,0,4,153
07/04/2016,ELP,TX,ASW,WE,Combined TRACON& Tower with Radar,91,14,21,1,127,0,4,38,4,46,91,18,59,5,173,56,0,56,229
07/05/2016,ELP,TX,ASW,WE,Combined TRACON& Tower with Radar,101,21,18,1,141,0,5,35,1,41,101,26,53,2,182,10,0,10,192
07/06/2016,ELP,TX,ASW,WE,Combined TRACON& Tower with Radar,104,19,15,6,144,0,8,65,0,73,104,27,80,6,217,0,0,0,217
07/07/2016,ELP,TX,ASW,WE,Combined TRACON& Tower with Radar,107,23,21,9,160,0,5,51,5,61,107,28,72,14,221,20,0,20,241
07/08/2016,ELP,TX,ASW,WE,Combined TRACON& Tower with Radar,108,29,21,13,171,0,8,59,5,72,108,37,80,18,243,0,0,0,243
07/09/2016,ELP,TX,ASW,WE,Combined TRACON& Tower with Radar,76,16,21,6,119,0,7,76,1,84,76,23,97,7,203,175,0,175,378
07/10/2016,ELP,TX,ASW,WE,Combined TRACON& Tower with Radar,90,15,18,1,124,0,3,75,6,84,90,18,93,7,208,50,0,50,258
07/11/2016,ELP,TX,ASW,WE,Combined TRACON& Tower with Radar,109,30,32,14,185,0,9,86,7,102,109,39,118,21,287,20,0,20,307
07/12/2016,ELP,TX,ASW,WE,Combined TRACON& Tower with Radar,115,29,44,13,201,0,2,110,11,123,115,31,154,24,324,100,0,100,424
07/13/2016,ELP,TX,ASW,WE,Combined TRACON& Tower with Radar,112,25,27,21,185,2,12,108,9,131,114,37,135,30,316,55,0,55,371
07/14/2016,ELP,TX,ASW,WE,Combined TRACON& Tower with Radar,110,28,39,8,185,0,8,74,8,90,110,36,113,16,275,0,0,0,275
07/15/2016,ELP,TX,ASW,WE,Combined TRACON& Tower with Radar,114,30,27,21,192,0,4,49,1,54,114,34,76,22,246,24,16,40,286
07/16/2016,ELP,TX,ASW,WE,Combined TRACON& Tower with Radar,79,19,19,2,119,0,7,36,0,43,79,26,55,2,162,96,0,96,258
07/17/2016,ELP,TX,ASW,WE,Combined TRACON& Tower with Radar,90,25,13,14,142,0,6,49,4,59,90,31,62,18,201,84,0,84,285
07/18/2016,ELP,TX,ASW,WE,Combined TRACON& Tower with Radar,109,28,15,7,159,0,8,42,1,51,109,36,57,8,210,38,0,38,248
07/19/2016,ELP,TX,ASW,WE,Combined TRACON& Tower with Radar,102,36,24,1,163,0,9,38,3,50,102,45,62,4,213,16,0,16,229
07/20/2016,ELP,TX,ASW,WE,Combined TRACON& Tower with Radar,97,46,14,12,169,0,9,44,5,58,97,55,58,17,227,24,0,24,251
07/21/2016,ELP,TX,ASW,WE,Combined TRACON& Tower with Radar,93,48,18,13,172,0,8,41,16,65,93,56,59,29,237,20,0,20,257
07/22/2016,ELP,TX,ASW,WE,Combined TRACON& Tower with Radar,102,33,17,14,166,0,22,43,3,68,102,55,60,17,234,54,0,54,288
07/23/2016,ELP,TX,ASW,WE,Combined TRACON& Tower with Radar,72,21,20,1,114,0,10,63,0,73,72,31,83,1,187,42,0,42,229
07/24/2016,ELP,TX,ASW,WE,Combined TRACON& Tower with Radar,91,20,15,15,141,0,3,22,7,32,91,23,37,22,173,0,0,0,173
07/25/2016,ELP,TX,ASW,WE,Combined TRACON& Tower with Radar,107,29,11,7,154,0,11,45,4,60,107,40,56,11,214,4,0,4,218
07/26/2016,ELP,TX,ASW,WE,Combined TRACON& Tower with Radar,99,36,11,2,148,0,8,28,3,39,99,44,39,5,187,8,0,8,195
07/27/2016,ELP,TX,ASW,WE,Combined TRACON& Tower with Radar,96,36,21,21,174,0,15,41,8,64,96,51,62,29,238,30,0,30,268
07/28/2016,ELP,TX,ASW,WE,Combined TRACON& Tower with Radar,96,30,16,8,150,0,9,34,6,49,96,39,50,14,199,34,0,34,233
07/29/2016,ELP,TX,ASW,WE,Combined TRACON& Tower with Radar,117,36,13,19,185,0,10,40,5,55,117,46,53,24,240,100,0,100,340
07/30/2016,ELP,TX,ASW,WE,Combined TRACON& Tower with Radar,77,21,15,2,115,0,4,46,7,57,77,25,61,9,172,44,0,44,216
07/31/2016,ELP,TX,ASW,WE,Combined TRACON& Tower with Radar,83,17,18,6,124,0,3,27,1,31,83,20,45,7,155,28,0,28,183
08/01/2016,ELP,TX,ASW,WE,Combined TRACON& Tower with Radar,106,39,19,0,164,0,6,44,4,54,106,45,63,4,218,8,0,8,226
08/02/2016,ELP,TX,ASW,WE,Combined TRACON& Tower with Radar,96,46,14,14,170,0,6,39,4,49,96,52,53,18,219,0,0,0,219
08/03/2016,ELP,TX,ASW,WE,Combined TRACON& Tower with Radar,104,28,19,15,166,0,3,47,12,62,104,31,66,27,228,0,0,0,228
08/04/2016,ELP,TX,ASW,WE,Combined TRACON& Tower with Radar,99,40,14,9,162,0,4,50,4,58,99,44,64,13,220,0,0,0,220
08/05/2016,ELP,TX,ASW,WE,Combined TRACON& Tower with Radar,111,36,15,36,198,0,3,40,6,49,111,39,55,42,247,10,0,10,257
08/06/2016,ELP,TX,ASW,WE,Combined TRACON& Tower with Radar,75,25,11,1,112,0,3,29,0,32,75,28,40,1,144,10,0,10,154
08/07/2016,ELP,TX,ASW,WE,Combined TRACON& Tower with Radar,83,28,11,11,133,0,2,38,8,48,83,30,49,19,181,64,0,64,245
08/08/2016,ELP,TX,ASW,WE,Combined TRACON& Tower with Radar,97,22,12,14,145,0,8,31,6,45,97,30,43,20,190,40,0,40,230
08/09/2016,ELP,TX,ASW,WE,Combined TRACON& Tower with Radar,98,31,21,3,153,0,9,29,3,41,98,40,50,6,194,0,0,0,194
08/10/2016,ELP,TX,ASW,WE,Combined TRACON& Tower with Radar,100,35,28,7,170,0,9,36,2,47,100,44,64,9,217,12,0,12,229
08/11/2016,ELP,TX,ASW,WE,Combined TRACON& Tower with Radar,101,40,25,8,174,0,4,29,4,37,101,44,54,12,211,16,0,16,227
08/12/2016,ELP,TX,ASW,WE,Combined TRACON& Tower with Radar,105,33,5,7,150,0,10,26,0,36,105,43,31,7,186,0,0,0,186
08/13/2016,ELP,TX,ASW,WE,Combined TRACON& Tower with Radar,66,13,13,5,97,0,2,33,1,36,66,15,46,6,133,16,0,16,149
08/14/2016,ELP,TX,ASW,WE,Combined TRACON& Tower with Radar,82,17,27,23,149,0,2,33,1,36,82,19,60,24,185,44,0,44,229
08/15/2016,ELP,TX,ASW,WE,Combined TRACON& Tower with Radar,98,25,20,5,148,0,6,30,11,47,98,31,50,16,195,12,0,12,207
08/16/2016,ELP,TX,ASW,WE,Combined TRACON& Tower with Radar,101,32,27,16,176,0,18,52,4,74,101,50,79,20,250,62,0,62,312
08/17/2016,ELP,TX,ASW,WE,Combined TRACON& Tower with Radar,104,31,12,13,160,0,6,23,2,31,104,37,35,15,191,16,6,22,213
08/18/2016,ELP,TX,ASW,WE,Combined TRACON& Tower with Radar,110,22,18,11,161,0,24,46,0,70,110,46,64,11,231,0,0,0,231
08/19/2016,ELP,TX,ASW,WE,Combined TRACON& Tower with Radar,101,29,15,55,200,0,1,45,1,47,101,30,60,56,247,14,8,22,269
08/20/2016,ELP,TX,ASW,WE,Combined TRACON& Tower with Radar,67,20,16,9,112,0,6,61,3,70,67,26,77,12,182,91,0,91,273
08/21/2016,ELP,TX,ASW,WE,Combined TRACON& Tower with Radar,89,16,14,9,128,0,8,21,4,33,89,24,35,13,161,10,0,10,171
08/22/2016,ELP,TX,ASW,WE,Combined TRACON& Tower with Radar,102,17,18,9,146,0,10,31,11,52,102,27,49,20,198,10,0,10,208
08/23/2016,ELP,TX,ASW,WE,Combined TRACON& Tower with Radar,100,27,27,4,158,0,4,30,5,39,100,31,57,9,197,16,0,16,213
08/24/2016,ELP,TX,ASW,WE,Combined TRACON& Tower with Radar,108,22,34,13,177,0,17,46,1,64,108,39,80,14,241,50,0,50,291
08/25/2016,ELP,TX,ASW,WE,Combined TRACON& Tower with Radar,115,35,41,6,197,0,4,61,8,73,115,39,102,14,270,50,0,50,320
08/26/2016,ELP,TX,ASW,WE,Combined TRACON& Tower with Radar,103,30,32,38,203,0,12,58,7,77,103,42,90,45,280,12,10,22,302
08/27/2016,ELP,TX,ASW,WE,Combined TRACON& Tower with Radar,71,14,22,8,115,0,1,43,3,47,71,15,65,11,162,70,0,70,232
08/28/2016,ELP,TX,ASW,WE,Combined TRACON& Tower with Radar,86,16,30,7,139,0,1,42,2,45,86,17,72,9,184,60,0,60,244
08/29/2016,ELP,TX,ASW,WE,Combined TRACON& Tower with Radar,99,29,22,12,162,0,3,27,3,33,99,32,49,15,195,4,0,4,199
08/30/2016,ELP,TX,ASW,WE,Combined TRACON& Tower with Radar,107,34,26,1,168,0,1,23,3,27,107,35,49,4,195,0,0,0,195
08/31/2016,ELP,TX,ASW,WE,Combined TRACON& Tower with Radar,108,30,23,4,165,0,7,29,4,40,108,37,52,8,205,0,0,0,205
09/01/2016,ELP,TX,ASW,WE,Combined TRACON& Tower with Radar,115,39,14,9,177,0,2,23,1,26,115,41,37,10,203,0,0,0,203
09/02/2016,ELP,TX,ASW,WE,Combined TRACON& Tower with Radar,108,29,23,5,165,0,10,26,1,37,108,39,49,6,202,32,0,32,234
09/03/2016,ELP,TX,ASW,WE,Combined TRACON& Tower with Radar,64,21,13,1,99,0,2,34,1,37,64,23,47,2,136,0,0,0,136
09/04/2016,ELP,TX,ASW,WE,Combined TRACON& Tower with Radar,74,15,24,7,120,0,10,29,2,41,74,25,53,9,161,52,0,52,213
09/05/2016,ELP,TX,ASW,WE,Combined TRACON& Tower with Radar,89,21,16,9,135,0,8,43,4,55,89,29,59,13,190,22,0,22,212
09/06/2016,ELP,TX,ASW,WE,Combined TRACON& Tower with Radar,97,28,21,13,159,0,8,26,0,34,97,36,47,13,193,0,0,0,193
09/07/2016,ELP,TX,ASW,WE,Combined TRACON& Tower with Radar,108,38,16,12,174,0,7,13,5,25,108,45,29,17,199,0,0,0,199
09/08/2016,ELP,TX,ASW,WE,Combined TRACON& Tower with Radar,109,22,18,9,158,0,8,34,2,44,109,30,52,11,202,20,0,20,222
09/09/2016,ELP,TX,ASW,WE,Combined TRACON& Tower with Radar,105,27,15,18,165,0,9,65,6,80,105,36,80,24,245,20,0,20,265
09/10/2016,ELP,TX,ASW,WE,Combined TRACON& Tower with Radar,69,22,7,0,98,0,1,18,6,25,69,23,25,6,123,0,4,4,127
09/11/2016,ELP,TX,ASW,WE,Combined TRACON& Tower with Radar,93,21,14,18,146,0,3,72,6,81,93,24,86,24,227,186,0,186,413
09/12/2016,ELP,TX,ASW,WE,Combined TRACON& Tower with Radar,104,27,19,2,152,0,3,43,6,52,104,30,62,8,204,26,0,26,230
09/13/2016,ELP,TX,ASW,WE,Combined TRACON& Tower with Radar,106,32,17,3,158,0,5,20,2,27,106,37,37,5,185,21,0,21,206
09/14/2016,ELP,TX,ASW,WE,Combined TRACON& Tower with Radar,113,39,25,11,188,0,7,32,5,44,113,46,57,16,232,0,30,30,262
09/15/2016,ELP,TX,ASW,WE,Combined TRACON& Tower with Radar,117,33,34,6,190,0,1,54,4,59,117,34,88,10,249,26,0,26,275
09/16/2016,ELP,TX,ASW,WE,Combined TRACON& Tower with Radar,112,26,18,10,166,0,9,41,5,55,112,35,59,15,221,30,20,50,271
09/17/2016,ELP,TX,ASW,WE,Combined TRACON& Tower with Radar,67,23,23,1,114,0,6,54,6,66,67,29,77,7,180,54,0,54,234
09/18/2016,ELP,TX,ASW,WE,Combined TRACON& Tower with Radar,93,21,19,3,136,0,9,35,4,48,93,30,54,7,184,0,0,0,184
09/19/2016,ELP,TX,ASW,WE,Combined TRACON& Tower with Radar,101,25,23,17,166,0,7,54,4,65,101,32,77,21,231,0,0,0,231
09/20/2016,ELP,TX,ASW,WE,Combined TRACON& Tower with Radar,110,30,8,6,154,0,8,44,6,58,110,38,52,12,212,0,0,0,212
09/21/2016,ELP,TX,ASW,WE,Combined TRACON& Tower with Radar,110,31,19,7,167,0,17,56,2,75,110,48,75,9,242,18,0,18,260
09/22/2016,ELP,TX,ASW,WE,Combined TRACON& Tower with Radar,122,36,21,6,185,0,6,44,12,62,122,42,65,18,247,73,0,73,320
09/23/2016,ELP,TX,ASW,WE,Combined TRACON& Tower with Radar,109,30,33,11,183,0,20,41,5,66,109,50,74,16,249,55,8,63,312
09/24/2016,ELP,TX,ASW,WE,Combined TRACON& Tower with Radar,66,33,14,14,127,0,5,34,5,44,66,38,48,19,171,10,0,10,181
09/25/2016,ELP,TX,ASW,WE,Combined TRACON& Tower with Radar,88,17,21,14,140,0,6,38,3,47,88,23,59,17,187,22,0,22,209
09/26/2016,ELP,TX,ASW,WE,Combined TRACON& Tower with Radar,115,29,19,19,182,0,1,18,0,19,115,30,37,19,201,6,0,6,207
09/27/2016,ELP,TX,ASW,WE,Combined TRACON& Tower with Radar,112,34,17,16,179,0,6,43,4,53,112,40,60,20,232,60,0,60,292
09/28/2016,ELP,TX,ASW,WE,Combined TRACON& Tower with Radar,115,51,26,1,193,0,6,62,4,72,115,57,88,5,265,41,0,41,306
09/29/2016,ELP,TX,ASW,WE,Combined TRACON& Tower with Radar,125,45,27,10,207,0,3,52,2,57,125,48,79,12,264,54,0,54,318
09/30/2016,ELP,TX,ASW,WE,Combined TRACON& Tower with Radar,118,40,25,0,183,1,5,40,6,52,119,45,65,6,235,22,0,22,257
10/01/2016,ELP,TX,ASW,WE,Combined TRACON& Tower with Radar,71,31,12,12,126,0,0,54,1,55,71,31,66,13,181,74,94,168,349
10/02/2016,ELP,TX,ASW,WE,Combined TRACON& Tower with Radar,95,16,32,2,145,0,2,49,0,51,95,18,81,2,196,60,48,108,304
10/03/2016,ELP,TX,ASW,WE,Combined TRACON& Tower with Radar,107,34,17,12,170,0,4,35,5,44,107,38,52,17,214,32,142,174,388
10/04/2016,ELP,TX,ASW,WE,Combined TRACON& Tower with Radar,105,30,28,14,177,0,19,35,16,70,105,49,63,30,247,30,136,166,413
10/05/2016,ELP,TX,ASW,WE,Combined TRACON& Tower with Radar,118,31,18,11,178,0,16,43,6,65,118,47,61,17,243,48,84,132,375
10/06/2016,ELP,TX,ASW,WE,Combined TRACON& Tower with Radar,124,32,25,20,201,0,12,48,3,63,124,44,73,23,264,68,90,158,422
10/07/2016,ELP,TX,ASW,WE,Combined TRACON& Tower with Radar,118,27,24,49,218,0,5,37,7,49,118,32,61,56,267,46,3,49,316
10/08/2016,ELP,TX,ASW,WE,Combined TRACON& Tower with Radar,77,13,11,5,106,0,6,45,0,51,77,19,56,5,157,28,0,28,185
10/09/2016,ELP,TX,ASW,WE,Combined TRACON& Tower with Radar,92,14,26,7,139,0,2,31,3,36,92,16,57,10,175,40,0,40,215
10/10/2016,ELP,TX,ASW,WE,Combined TRACON& Tower with Radar,116,33,18,2,169,0,3,35,2,40,116,36,53,4,209,24,0,24,233
10/11/2016,ELP,TX,ASW,WE,Combined TRACON& Tower with Radar,114,34,31,26,205,0,7,44,3,54,114,41,75,29,259,0,231,231,490
10/12/2016,ELP,TX,ASW,WE,Combined TRACON& Tower with Radar,119,47,26,15,207,1,6,43,2,52,120,53,69,17,259,50,242,292,551
10/13/2016,ELP,TX,ASW,WE,Combined TRACON& Tower with Radar,132,32,26,21,211,0,7,33,3,43,132,39,59,24,254,14,176,190,444
10/14/2016,ELP,TX,ASW,WE,Combined TRACON& Tower with Radar,109,32,34,40,215,0,2,39,7,48,109,34,73,47,263,53,130,183,446
10/15/2016,ELP,TX,ASW,WE,Combined TRACON& Tower with Radar,75,21,8,3,107,0,4,36,0,40,75,25,44,3,147,44,25,69,216
10/16/2016,ELP,TX,ASW,WE,Combined TRACON& Tower with Radar,92,16,12,33,153,0,11,35,1,47,92,27,47,34,200,60,19,79,279
10/17/2016,ELP,TX,ASW,WE,Combined TRACON& Tower with Radar,115,43,24,8,190,0,9,28,8,45,115,52,52,16,235,20,79,99,334
10/18/2016,ELP,TX,ASW,WE,Combined TRACON& Tower with Radar,111,34,40,6,191,0,11,43,3,57,111,45,83,9,248,94,120,214,462
10/19/2016,ELP,TX,ASW,WE,Combined TRACON& Tower with Radar,112,35,19,4,170,1,6,38,2,47,113,41,57,6,217,67,131,198,415
10/20/2016,ELP,TX,ASW,WE,Combined TRACON& Tower with Radar,120,38,31,8,197,0,12,26,2,40,120,50,57,10,237,52,139,191,428
10/21/2016,ELP,TX,ASW,WE,Combined TRACON& Tower with Radar,114,33,30,58,235,1,3,27,3,34,115,36,57,61,269,74,123,197,466
10/22/2016,ELP,TX,ASW,WE,Combined TRACON& Tower with Radar,72,12,20,4,108,0,5,53,1,59,72,17,73,5,167,50,8,58,225
10/23/2016,ELP,TX,ASW,WE,Combined TRACON& Tower with Radar,95,16,27,9,147,0,2,31,4,37,95,18,58,13,184,42,64,106,290
10/24/2016,ELP,TX,ASW,WE,Combined TRACON& Tower with Radar,114,26,12,14,166,0,9,39,22,70,114,35,51,36,236,0,261,261,497
10/25/2016,ELP,TX,ASW,WE,Combined TRACON& Tower with Radar,111,35,29,11,186,1,5,40,8,54,112,40,69,19,240,26,224,250,490
10/26/2016,ELP,TX,ASW,WE,Combined TRACON& Tower with Radar,119,51,20,13,203,0,5,50,9,64,119,56,70,22,267,32,195,227,494
10/27/2016,ELP,TX,ASW,WE,Combined TRACON& Tower with Radar,127,44,11,25,207,0,7,43,20,70,127,51,54,45,277,16,210,226,503
10/28/2016,ELP,TX,ASW,WE,Combined TRACON& Tower with Radar,116,41,17,39,213,0,1,48,10,59,116,42,65,49,272,2,36,38,310
10/29/2016,ELP,TX,ASW,WE,Combined TRACON& Tower with Radar,70,35,16,6,127,0,1,35,10,46,70,36,51,16,173,48,6,54,227
10/30/2016,ELP,TX,ASW,WE,Combined TRACON& Tower with Radar,96,17,11,5,129,1,1,29,1,32,97,18,40,6,161,10,0,10,171
10/31/2016,ELP,TX,ASW,WE,Combined TRACON& Tower with Radar,104,25,17,4,150,3,5,29,3,40,107,30,46,7,190,50,135,185,375
11/01/2016,ELP,TX,ASW,WE,Combined TRACON& Tower with Radar,113,52,25,28,218,0,1,38,8,47,113,53,63,36,265,40,237,277,542
11/02/2016,ELP,TX,ASW,WE,Combined TRACON& Tower with Radar,135,44,26,6,211,0,5,31,0,36,135,49,57,6,247,50,166,216,463
11/03/2016,ELP,TX,ASW,WE,Combined TRACON& Tower with Radar,122,47,23,45,237,0,3,21,7,31,122,50,44,52,268,0,140,140,408
11/04/2016,ELP,TX,ASW,WE,Combined TRACON& Tower with Radar,116,30,19,4,169,0,4,10,0,14,116,34,29,4,183,8,96,104,287
11/05/2016,ELP,TX,ASW,WE,Combined TRACON& Tower with Radar,72,16,16,0,104,0,3,15,0,18,72,19,31,0,122,26,0,26,148
11/06/2016,ELP,TX,ASW,WE,Combined TRACON& Tower with Radar,92,19,17,1,129,0,0,42,1,43,92,19,59,2,172,25,3,28,200
11/07/2016,ELP,TX,ASW,WE,Combined TRACON& Tower with Radar,112,39,10,29,190,0,4,49,12,65,112,43,59,41,255,52,347,399,654
11/08/2016,ELP,TX,ASW,WE,Combined TRACON& Tower with Radar,109,32,25,21,187,0,11,48,9,68,109,43,73,30,255,22,172,194,449
11/09/2016,ELP,TX,ASW,WE,Combined TRACON& Tower with Radar,121,31,22,17,191,0,13,43,14,70,121,44,65,31,261,16,106,122,383
11/10/2016,ELP,TX,ASW,WE,Combined TRACON& Tower with Radar,119,30,32,12,193,0,14,35,5,54,119,44,67,17,247,48,9,57,304
11/11/2016,ELP,TX,ASW,WE,Combined TRACON& Tower with Radar,117,23,19,4,163,0,11,28,0,39,117,34,47,4,202,55,24,79,281
11/12/2016,ELP,TX,ASW,WE,Combined TRACON& Tower with Radar,81,14,18,0,113,0,5,56,1,62,81,19,74,1,175,60,32,92,267
11/13/2016,ELP,TX,ASW,WE,Combined TRACON& Tower with Radar,100,16,29,5,150,0,3,35,2,40,100,19,64,7,190,58,22,80,270
11/14/2016,ELP,TX,ASW,WE,Combined TRACON& Tower with Radar,102,20,14,6,142,0,3,39,2,44,102,23,53,8,186,16,67,83,269
11/15/2016,ELP,TX,ASW,WE,Combined TRACON& Tower with Radar,99,39,28,11,177,0,6,56,6,68,99,45,84,17,245,16,213,229,474
11/16/2016,ELP,TX,ASW,WE,Combined TRACON& Tower with Radar,114,45,18,20,197,2,17,45,13,77,116,62,63,33,274,64,211,275,549
11/17/2016,ELP,TX,ASW,WE,Combined TRACON& Tower with Radar,110,33,26,8,177,0,14,34,10,58,110,47,60,18,235,0,131,131,366
11/18/2016,ELP,TX,ASW,WE,Combined TRACON& Tower with Radar,109,34,23,9,175,0,7,40,10,57,109,41,63,19,232,0,63,63,295
11/19/2016,ELP,TX,ASW,WE,Combined TRACON& Tower with Radar,88,24,22,0,134,0,9,60,4,73,88,33,82,4,207,138,9,147,354
11/20/2016,ELP,TX,ASW,WE,Combined TRACON& Tower with Radar,85,15,11,6,117,0,6,67,4,77,85,21,78,10,194,58,0,58,252
11/21/2016,ELP,TX,ASW,WE,Combined TRACON& Tower with Radar,99,24,21,9,153,0,3,28,4,35,99,27,49,13,188,136,163,299,487
11/22/2016,ELP,TX,ASW,WE,Combined TRACON& Tower with Radar,118,41,20,8,187,0,9,31,5,45,118,50,51,13,232,96,110,206,438
11/23/2016,ELP,TX,ASW,WE,Combined TRACON& Tower with Radar,113,41,17,3,174,0,8,43,2,53,113,49,60,5,227,48,26,74,301
11/24/2016,ELP,TX,ASW,WE,Combined TRACON& Tower with Radar,66,15,7,2,90,0,3,13,1,17,66,18,20,3,107,34,0,34,141
11/25/2016,ELP,TX,ASW,WE,Combined TRACON& Tower with Radar,91,19,3,0,113,0,4,30,0,34,91,23,33,0,147,10,0,10,157
11/26/2016,ELP,TX,ASW,WE,Combined TRACON& Tower with Radar,99,27,17,2,145,0,7,34,2,43,99,34,51,4,188,50,0,50,238
11/27/2016,ELP,TX,ASW,WE,Combined TRACON& Tower with Radar,111,36,21,3,171,0,3,19,1,23,111,39,40,4,194,8,0,8,202
11/28/2016,ELP,TX,ASW,WE,Combined TRACON& Tower with Radar,113,24,21,4,162,0,8,12,0,20,113,32,33,4,182,16,54,70,252
11/29/2016,ELP,TX,ASW,WE,Combined TRACON& Tower with Radar,107,33,33,4,177,0,5,25,4,34,107,38,58,8,211,0,72,72,283
11/30/2016,ELP,TX,ASW,WE,Combined TRACON& Tower with Radar,108,29,19,2,158,0,6,42,7,55,108,35,61,9,213,30,151,181,394
12/01/2016,ELP,TX,ASW,WE,Combined TRACON& Tower with Radar,106,24,26,7,163,0,6,42,6,54,106,30,68,13,217,28,226,254,471
12/02/2016,ELP,TX,ASW,WE,Combined TRACON& Tower with Radar,115,28,23,12,178,0,2,38,0,40,115,30,61,12,218,52,67,119,337
12/03/2016,ELP,TX,ASW,WE,Combined TRACON& Tower with Radar,70,30,5,0,105,0,0,2,0,2,70,30,7,0,107,0,0,0,107
12/04/2016,ELP,TX,ASW,WE,Combined TRACON& Tower with Radar,87,14,10,29,140,0,6,39,4,49,87,20,49,33,189,6,12,18,207
12/05/2016,ELP,TX,ASW,WE,Combined TRACON& Tower with Radar,107,39,27,2,175,0,5,32,12,49,107,44,59,14,224,28,121,149,373
12/06/2016,ELP,TX,ASW,WE,Combined TRACON& Tower with Radar,107,36,20,5,168,0,13,48,7,68,107,49,68,12,236,12,207,219,455
12/07/2016,ELP,TX,ASW,WE,Combined TRACON& Tower with Radar,119,34,24,16,193,0,6,33,0,39,119,40,57,16,232,10,205,215,447
12/08/2016,ELP,TX,ASW,WE,Combined TRACON& Tower with Radar,123,35,29,16,203,0,12,52,30,94,123,47,81,46,297,56,285,341,638
12/09/2016,ELP,TX,ASW,WE,Combined TRACON& Tower with Radar,114,36,26,18,194,0,11,33,3,47,114,47,59,21,241,106,55,161,402
12/10/2016,ELP,TX,ASW,WE,Combined TRACON& Tower with Radar,69,35,22,4,130,0,5,34,0,39,69,40,56,4,169,62,35,97,266
12/11/2016,ELP,TX,ASW,WE,Combined TRACON& Tower with Radar,92,21,12,21,146,0,1,35,4,40,92,22,47,25,186,50,19,69,255
12/12/2016,ELP,TX,ASW,WE,Combined TRACON& Tower with Radar,108,34,17,10,169,0,13,41,9,63,108,47,58,19,232,106,190,296,528
12/13/2016,ELP,TX,ASW,WE,Combined TRACON& Tower with Radar,113,34,21,3,171,0,19,43,7,69,113,53,64,10,240,138,94,232,472
12/14/2016,ELP,TX,ASW,WE,Combined TRACON& Tower with Radar,123,38,24,3,188,0,19,62,4,85,123,57,86,7,273,26,132,158,431
12/15/2016,ELP,TX,ASW,WE,Combined TRACON& Tower with Radar,123,60,44,28,255,0,15,38,13,66,123,75,82,41,321,60,189,249,570
12/16/2016,ELP,TX,ASW,WE,Combined TRACON& Tower with Radar,103,55,37,8,203,0,18,31,5,54,103,73,68,13,257,8,13,21,278
12/17/2016,ELP,TX,ASW,WE,Combined TRACON& Tower with Radar,84,42,10,1,137,0,4,4,1,9,84,46,14,2,146,20,0,20,166
12/18/2016,ELP,TX,ASW,WE,Combined TRACON& Tower with Radar,87,24,23,1,135,0,2,41,0,43,87,26,64,1,178,38,1,39,217
12/19/2016,ELP,TX,ASW,WE,Combined TRACON& Tower with Radar,120,26,15,8,169,0,9,46,6,61,120,35,61,14,230,108,59,167,397
12/20/2016,ELP,TX,ASW,WE,Combined TRACON& Tower with Radar,113,55,16,19,203,0,11,64,7,82,113,66,80,26,285,118,39,157,442
12/21/2016,ELP,TX,ASW,WE,Combined TRACON& Tower with Radar,117,59,18,16,210,0,5,46,4,55,117,64,64,20,265,38,48,86,351
12/22/2016,ELP,TX,ASW,WE,Combined TRACON& Tower with Radar,113,65,14,1,193,0,4,14,0,18,113,69,28,1,211,16,33,49,260
12/23/2016,ELP,TX,ASW,WE,Combined TRACON& Tower with Radar,113,38,16,0,167,0,10,48,0,58,113,48,64,0,225,40,3,43,268
12/24/2016,ELP,TX,ASW,WE,Combined TRACON& Tower with Radar,75,20,10,0,105,0,4,24,0,28,75,24,34,0,133,20,0,20,153
12/25/2016,ELP,TX,ASW,WE,Combined TRACON& Tower with Radar,65,19,8,0,92,0,0,7,0,7,65,19,15,0,99,20,0,20,119
12/26/2016,ELP,TX,ASW,WE,Combined TRACON& Tower with Radar,87,47,27,1,162,0,7,33,0,40,87,54,60,1,202,0,0,0,202
12/27/2016,ELP,TX,ASW,WE,Combined TRACON& Tower with Radar,101,38,23,1,163,0,7,62,0,69,101,45,85,1,232,126,22,148,380
12/28/2016,ELP,TX,ASW,WE,Combined TRACON& Tower with Radar,98,42,21,4,165,1,12,36,0,49,99,54,57,4,214,52,61,113,327
12/29/2016,ELP,TX,ASW,WE,Combined TRACON& Tower with Radar,104,33,23,3,163,0,6,31,1,38,104,39,54,4,201,16,0,16,217
12/30/2016,ELP,TX,ASW,WE,Combined TRACON& Tower with Radar,107,43,35,3,188,0,9,38,1,48,107,52,73,4,236,20,0,20,256
12/31/2016,ELP,TX,ASW,WE,Combined TRACON& Tower with Radar,72,21,13,0,106,0,0,11,0,11,72,21,24,0,117,0,0,0,117
01/01/2017,ELP,TX,ASW,WE,Combined TRACON& Tower with Radar,70,34,5,2,111,0,3,10,0,13,70,37,15,2,124,16,0,16,140
01/02/2017,ELP,TX,ASW,WE,Combined TRACON& Tower with Radar,88,42,20,0,150,0,6,39,0,45,88,48,59,0,195,26,5,31,226
01/03/2017,ELP,TX,ASW,WE,Combined TRACON& Tower with Radar,93,39,18,5,155,0,15,55,8,78,93,54,73,13,233,26,89,115,348
01/04/2017,ELP,TX,ASW,WE,Combined TRACON& Tower with Radar,119,39,20,3,181,0,6,35,2,43,119,45,55,5,224,16,200,216,440
01/05/2017,ELP,TX,ASW,WE,Combined TRACON& Tower with Radar,105,53,14,14,186,0,5,40,4,49,105,58,54,18,235,112,155,267,502
01/06/2017,ELP,TX,ASW,WE,Combined TRACON& Tower with Radar,103,45,16,7,171,0,8,41,2,51,103,53,57,9,222,36,126,162,384
01/07/2017,ELP,TX,ASW,WE,Combined TRACON& Tower with Radar,71,41,23,3,138,0,12,77,3,92,71,53,100,6,230,28,44,72,302
01/08/2017,ELP,TX,ASW,WE,Combined TRACON& Tower with Radar,74,30,20,2,126,0,5,68,6,79,74,35,88,8,205,22,0,22,227
01/09/2017,ELP,TX,ASW,WE,Combined TRACON& Tower with Radar,86,27,24,34,171,0,12,48,7,67,86,39,72,41,238,28,181,209,447
01/10/2017,ELP,TX,ASW,WE,Combined TRACON& Tower with Radar,90,37,31,6,164,0,28,42,3,73,90,65,73,9,237,0,156,156,393
01/11/2017,ELP,TX,ASW,WE,Combined TRACON& Tower with Radar,94,39,31,6,170,0,24,50,4,78,94,63,81,10,248,12,179,191,439
01/12/2017,ELP,TX,ASW,WE,Combined TRACON& Tower with Radar,94,30,24,1,149,0,18,60,13,91,94,48,84,14,240,100,85,185,425
01/13/2017,ELP,TX,ASW,WE,Combined TRACON& Tower with Radar,99,34,15,19,167,0,8,57,6,71,99,42,72,25,238,44,153,197,435
01/14/2017,ELP,TX,ASW,WE,Combined TRACON& Tower with Radar,66,16,10,3,95,0,0,40,0,40,66,16,50,3,135,42,0,42,177
01/15/2017,ELP,TX,ASW,WE,Combined TRACON& Tower with Radar,66,25,29,4,124,0,1,7,0,8,66,26,36,4,132,0,0,0,132
01/16/2017,ELP,TX,ASW,WE,Combined TRACON& Tower with Radar,87,30,24,2,143,0,8,55,3,66,87,38,79,5,209,76,0,76,285
01/17/2017,ELP,TX,ASW,WE,Combined TRACON& Tower with Radar,91,39,24,2,156,0,8,30,4,42,91,47,54,6,198,20,117,137,335
01/18/2017,ELP,TX,ASW,WE,Combined TRACON& Tower with Radar,93,28,24,11,156,0,6,50,8,64,93,34,74,19,220,52,258,310,530
01/19/2017,ELP,TX,ASW,WE,Combined TRACON& Tower with Radar,94,30,31,10,165,0,15,42,4,61,94,45,73,14,226,44,141,185,411
01/20/2017,ELP,TX,ASW,WE,Combined TRACON& Tower with Radar,91,31,17,2,141,0,4,39,3,46,91,35,56,5,187,40,29,69,256
01/21/2017,ELP,TX,ASW,WE,Combined TRACON& Tower with Radar,70,15,5,2,92,0,1,1,1,3,70,16,6,3,95,6,0,6,101
01/22/2017,ELP,TX,ASW,WE,Combined TRACON& Tower with Radar,67,21,20,0,108,0,0,35,1,36,67,21,55,1,144,10,25,35,179
01/23/2017,ELP,TX,ASW,WE,Combined TRACON& Tower with Radar,92,27,28,8,155,0,4,37,4,45,92,31,65,12,200,28,181,209,409
01/24/2017,ELP,TX,ASW,WE,Combined TRACON& Tower with Radar,95,25,18,5,143,0,7,37,5,49,95,32,55,10,192,26,111,137,329
01/25/2017,ELP,TX,ASW,WE,Combined TRACON& Tower with Radar,88,26,29,2,145,0,3,49,7,59,88,29,78,9,204,28,114,142,346
01/26/2017,ELP,TX,ASW,WE,Combined TRACON& Tower with Radar,93,28,22,7,150,0,14,47,1,62,93,42,69,8,212,68,100,168,380
01/27/2017,ELP,TX,ASW,WE,Combined TRACON& Tower with Radar,96,34,29,3,162,0,12,30,6,48,96,46,59,9,210,46,91,137,347
01/28/2017,ELP,TX,ASW,WE,Combined TRACON& Tower with Radar,64,13,20,6,103,0,1,50,3,54,64,14,70,9,157,88,0,88,245
01/29/2017,ELP,TX,ASW,WE,Combined TRACON& Tower with Radar,68,14,22,19,123,0,5,59,5,69,68,19,81,24,192,76,11,87,279
01/30/2017,ELP,TX,ASW,WE,Combined TRACON& Tower with Radar,87,23,24,22,156,0,14,36,8,58,87,37,60,30,214,90,110,200,414
01/31/2017,ELP,TX,ASW,WE,Combined TRACON& Tower with Radar,93,29,32,4,158,0,19,36,4,59,93,48,68,8,217,16,92,108,325
02/01/2017,ELP,TX,ASW,WE,Combined TRACON& Tower with Radar,95,36,23,21,175,0,9,34,6,49,95,45,57,27,224,6,69,75,299
02/02/2017,ELP,TX,ASW,WE,Combined TRACON& Tower with Radar,106,40,46,6,198,0,8,37,13,58,106,48,83,19,256,38,166,204,460
02/03/2017,ELP,TX,ASW,WE,Combined TRACON& Tower with Radar,102,26,25,10,163,0,9,48,13,70,102,35,73,23,233,80,99,179,412
02/04/2017,ELP,TX,ASW,WE,Combined TRACON& Tower with Radar,62,28,21,4,115,0,4,40,1,45,62,32,61,5,160,68,4,72,232
02/05/2017,ELP,TX,ASW,WE,Combined TRACON& Tower with Radar,60,24,8,5,97,0,4,33,2,39,60,28,41,7,136,71,6,77,213
02/06/2017,ELP,TX,ASW,WE,Combined TRACON& Tower with Radar,90,27,25,25,167,0,10,41,2,53,90,37,66,27,220,22,20,42,262
02/07/2017,ELP,TX,ASW,WE,Combined TRACON& Tower with Radar,100,20,19,9,148,0,11,43,17,71,100,31,62,26,219,26,190,216,435
02/08/2017,ELP,TX,ASW,WE,Combined TRACON& Tower with Radar,92,40,25,6,163,0,11,66,12,89,92,51,91,18,252,42,159,201,453
02/09/2017,ELP,TX,ASW,WE,Combined TRACON& Tower with Radar,99,46,22,9,176,0,6,65,1,72,99,52,87,10,248,30,146,176,424
02/10/2017,ELP,TX,ASW,WE,Combined TRACON& Tower with Radar,96,41,31,4,172,0,10,41,13,64,96,51,72,17,236,44,125,169,405
02/11/2017,ELP,TX,ASW,WE,Combined TRACON& Tower with Radar,66,22,14,1,103,0,13,47,1,61,66,35,61,2,164,38,4,42,206
02/12/2017,ELP,TX,ASW,WE,Combined TRACON& Tower with Radar,74,25,18,4,121,0,7,18,1,26,74,32,36,5,147,10,5,15,162
02/13/2017,ELP,TX,ASW,WE,Combined TRACON& Tower with Radar,90,39,14,0,143,0,0,11,1,12,90,39,25,1,155,18,0,18,173
02/14/2017,ELP,TX,ASW,WE,Combined TRACON& Tower with Radar,95,42,16,12,165,0,8,26,12,46,95,50,42,24,211,10,90,100,311
02/15/2017,ELP,TX,ASW,WE,Combined TRACON& Tower with Radar,96,45,31,9,181,0,5,54,6,65,96,50,85,15,246,36,4,40,286
02/16/2017,ELP,TX,ASW,WE,Combined TRACON& Tower with Radar,100,45,32,18,195,0,13,62,1,76,100,58,94,19,271,24,0,24,295
02/17/2017,ELP,TX,ASW,WE,Combined TRACON& Tower with Radar,97,36,18,32,183,0,17,32,8,57,97,53,50,40,240,0,0,0,240
02/18/2017,ELP,TX,ASW,WE,Combined TRACON& Tower with Radar,63,25,12,10,110,0,13,53,3,69,63,38,65,13,179,106,0,106,285
02/19/2017,ELP,TX,ASW,WE,Combined TRACON& Tower with Radar,68,24,9,0,101,0,0,27,0,27,68,24,36,0,128,48,0,48,176
02/20/2017,ELP,TX,ASW,WE,Combined TRACON& Tower with Radar,89,35,28,3,155,0,12,26,5,43,89,47,54,8,198,38,0,38,236
02/21/2017,ELP,TX,ASW,WE,Combined TRACON& Tower with Radar,94,39,22,13,168,0,15,49,5,69,94,54,71,18,237,55,0,55,292
02/22/2017,ELP,TX,ASW,WE,Combined TRACON& Tower with Radar,96,35,25,20,176,0,11,55,8,74,96,46,80,28,250,8,0,8,258
02/23/2017,ELP,TX,ASW,WE,Combined TRACON& Tower with Radar,93,36,25,8,162,0,11,14,1,26,93,47,39,9,188,0,0,0,188
02/24/2017,ELP,TX,ASW,WE,Combined TRACON& Tower with Radar,98,40,25,21,184,0,7,42,11,60,98,47,67,32,244,12,0,12,256
02/25/2017,ELP,TX,ASW,WE,Combined TRACON& Tower with Radar,66,28,9,7,110,0,7,53,2,62,66,35,62,9,172,42,0,42,214
02/26/2017,ELP,TX,ASW,WE,Combined TRACON& Tower with Radar,73,24,24,17,138,0,6,13,4,23,73,30,37,21,161,0,0,0,161
02/27/2017,ELP,TX,ASW,WE,Combined TRACON& Tower with Radar,96,40,9,4,149,0,10,46,16,72,96,50,55,20,221,36,0,36,257
02/28/2017,ELP,TX,ASW,WE,Combined TRACON& Tower with Radar,93,32,13,13,151,0,4,25,5,34,93,36,38,18,185,4,32,36,221
03/01/2017,ELP,TX,ASW,WE,Combined TRACON& Tower with Radar,95,31,19,10,155,0,13,60,4,77,95,44,79,14,232,60,140,200,432
03/02/2017,ELP,TX,ASW,WE,Combined TRACON& Tower with Radar,101,37,27,4,169,0,23,36,13,72,101,60,63,17,241,32,160,192,433
03/03/2017,ELP,TX,ASW,WE,Combined TRACON& Tower with Radar,103,35,30,39,207,0,11,42,2,55,103,46,72,41,262,16,0,16,278
03/04/2017,ELP,TX,ASW,WE,Combined TRACON& Tower with Radar,69,30,9,0,108,0,4,57,4,65,69,34,66,4,173,50,5,55,228
03/05/2017,ELP,TX,ASW,WE,Combined TRACON& Tower with Radar,70,30,18,15,133,0,0,29,2,31,70,30,47,17,164,70,0,70,234
03/06/2017,ELP,TX,ASW,WE,Combined TRACON& Tower with Radar,95,28,16,20,159,0,8,35,18,61,95,36,51,38,220,18,168,186,406
03/07/2017,ELP,TX,ASW,WE,Combined TRACON& Tower with Radar,92,41,20,9,162,0,11,53,11,75,92,52,73,20,237,70,180,250,487
03/08/2017,ELP,TX,ASW,WE,Combined TRACON& Tower with Radar,90,42,42,9,183,0,11,69,8,88,90,53,111,17,271,20,102,122,393
03/09/2017,ELP,TX,ASW,WE,Combined TRACON& Tower with Radar,104,38,19,17,178,0,4,65,18,87,104,42,84,35,265,86,101,187,452
03/10/2017,ELP,TX,ASW,WE,Combined TRACON& Tower with Radar,108,39,18,14,179,0,11,78,6,95,108,50,96,20,274,26,116,142,416
03/11/2017,ELP,TX,ASW,WE,Combined TRACON& Tower with Radar,69,18,18,4,109,0,2,39,8,49,69,20,57,12,158,22,0,22,180
03/12/2017,ELP,TX,ASW,WE,Combined TRACON& Tower with Radar,79,22,17,16,134,0,4,40,6,50,79,26,57,22,184,78,0,78,262
03/13/2017,ELP,TX,ASW,WE,Combined TRACON& Tower with Radar,102,36,18,1,157,0,6,44,2,52,102,42,62,3,209,6,112,118,327
03/14/2017,ELP,TX,ASW,WE,Combined TRACON& Tower with Radar,97,34,18,3,152,0,12,55,8,75,97,46,73,11,227,38,147,185,412
03/15/2017,ELP,TX,ASW,WE,Combined TRACON& Tower with Radar,103,38,15,0,156,0,5,57,5,67,103,43,72,5,223,48,63,111,334
03/16/2017,ELP,TX,ASW,WE,Combined TRACON& Tower with Radar,109,36,18,4,167,0,5,47,0,52,109,41,65,4,219,2,100,102,321
03/17/2017,ELP,TX,ASW,WE,Combined TRACON& Tower with Radar,108,41,25,2,176,0,8,62,2,72,108,49,87,4,248,54,49,103,351
03/18/2017,ELP,TX,ASW,WE,Combined TRACON& Tower with Radar,70,35,16,2,123,0,9,49,5,63,70,44,65,7,186,36,18,54,240
03/19/2017,ELP,TX,ASW,WE,Combined TRACON& Tower with Radar,79,26,31,0,136,0,2,28,7,37,79,28,59,7,173,46,2,48,221
03/20/2017,ELP,TX,ASW,WE,Combined TRACON& Tower with Radar,98,17,31,0,146,0,10,54,9,73,98,27,85,9,219,0,153,153,372
03/21/2017,ELP,TX,ASW,WE,Combined TRACON& Tower with Radar,104,22,26,9,161,1,4,64,2,71,105,26,90,11,232,40,219,259,491
03/22/2017,ELP,TX,ASW,WE,Combined TRACON& Tower with Radar,101,28,37,9,175,0,7,56,6,69,101,35,93,15,244,120,173,293,537
03/23/2017,ELP,TX,ASW,WE,Combined TRACON& Tower with Radar,107,24,20,1,152,0,2,28,1,31,107,26,48,2,183,22,35,57,240
03/24/2017,ELP,TX,ASW,WE,Combined TRACON& Tower with Radar,113,29,16,22,180,0,7,47,4,58,113,36,63,26,238,0,47,47,285
03/25/2017,ELP,TX,ASW,WE,Combined TRACON& Tower with Radar,75,22,43,2,142,0,4,54,5,63,75,26,97,7,205,24,0,24,229
03/26/2017,ELP,TX,ASW,WE,Combined TRACON& Tower with Radar,83,32,28,16,159,0,1,19,2,22,83,33,47,18,181,56,34,90,271
03/27/2017,ELP,TX,ASW,WE,Combined TRACON& Tower with Radar,104,32,13,8,157,0,7,40,2,49,104,39,53,10,206,42,139,181,387
03/28/2017,ELP,TX,ASW,WE,Combined TRACON& Tower with Radar,104,30,27,6,167,0,2,23,2,27,104,32,50,8,194,30,151,181,375
03/29/2017,ELP,TX,ASW,WE,Combined TRACON& Tower with Radar,102,24,29,3,158,0,11,32,11,54,102,35,61,14,212,44,237,281,493
03/30/2017,ELP,TX,ASW,WE,Combined TRACON& Tower with Radar,104,37,32,15,188,0,21,48,2,71,104,58,80,17,259,104,84,188,447
03/31/2017,ELP,TX,ASW,WE,Combined TRACON& Tower with Radar,106,35,11,8,160,0,4,14,8,26,106,39,25,16,186,8,11,19,205
04/01/2017,ELP,TX,ASW,WE,Combined TRACON& Tower with Radar,67,21,29,1,118,0,16,46,0,62,67,37,75,1,180,36,0,36,216
04/02/2017,ELP,TX,ASW,WE,Combined TRACON& Tower with Radar,78,21,17,3,119,0,2,25,0,27,78,23,42,3,146,32,0,32,178
04/03/2017,ELP,TX,ASW,WE,Combined TRACON& Tower with Radar,98,33,44,13,188,0,9,29,24,62,98,42,73,37,250,80,0,80,330
04/04/2017,ELP,TX,ASW,WE,Combined TRACON& Tower with Radar,101,16,10,5,132,0,7,29,6,42,101,23,39,11,174,0,0,0,174
04/05/2017,ELP,TX,ASW,WE,Combined TRACON& Tower with Radar,98,25,33,12,168,0,23,111,11,145,98,48,144,23,313,146,0,146,459
04/06/2017,ELP,TX,ASW,WE,Combined TRACON& Tower with Radar,102,25,33,15,175,0,22,96,10,128,102,47,129,25,303,54,0,54,357
04/07/2017,ELP,TX,ASW,WE,Combined TRACON& Tower with Radar,110,39,50,26,225,0,21,91,17,129,110,60,141,43,354,26,20,46,400
04/08/2017,ELP,TX,ASW,WE,Combined TRACON& Tower with Radar,71,38,27,1,137,0,9,80,12,101,71,47,107,13,238,76,0,76,314
04/09/2017,ELP,TX,ASW,WE,Combined TRACON& Tower with Radar,81,24,22,16,143,0,5,46,6,57,81,29,68,22,200,18,0,18,218
04/10/2017,ELP,TX,ASW,WE,Combined TRACON& Tower with Radar,103,25,28,9,165,0,2,50,3,55,103,27,78,12,220,38,0,38,258
04/11/2017,ELP,TX,ASW,WE,Combined TRACON& Tower with Radar,100,29,28,27,184,0,6,45,11,62,100,35,73,38,246,138,50,188,434
04/12/2017,ELP,TX,ASW,WE,Combined TRACON& Tower with Radar,101,38,16,6,161,0,3,37,7,47,101,41,53,13,208,54,0,54,262
04/13/2017,ELP,TX,ASW,WE,Combined TRACON& Tower with Radar,101,37,27,12,177,0,6,46,10,62,101,43,73,22,239,26,0,26,265
04/14/2017,ELP,TX,ASW,WE,Combined TRACON& Tower with Radar,105,32,23,16,176,1,4,30,2,37,106,36,53,18,213,36,0,36,249
04/15/2017,ELP,TX,ASW,WE,Combined TRACON& Tower with Radar,70,21,8,1,100,0,12,46,3,61,70,33,54,4,161,28,0,28,189
04/16/2017,ELP,TX,ASW,WE,Combined TRACON& Tower with Radar,76,27,10,0,113,0,3,15,1,19,76,30,25,1,132,46,0,46,178
04/17/2017,ELP,TX,ASW,WE,Combined TRACON& Tower with Radar,97,29,19,5,150,0,5,28,3,36,97,34,47,8,186,58,0,58,244
04/18/2017,ELP,TX,ASW,WE,Combined TRACON& Tower with Radar,106,24,11,6,147,0,9,37,4,50,106,33,48,10,197,22,0,22,219
04/19/2017,ELP,TX,ASW,WE,Combined TRACON& Tower with Radar,100,30,26,10,166,0,9,46,4,59,100,39,72,14,225,6,0,6,231
04/20/2017,ELP,TX,ASW,WE,Combined TRACON& Tower with Radar,105,28,17,21,171,0,16,60,12,88,105,44,77,33,259,10,8,18,277
04/21/2017,ELP,TX,ASW,WE,Combined TRACON& Tower with Radar,108,29,36,1,174,0,5,49,0,54,108,34,85,1,228,0,0,0,228
04/22/2017,ELP,TX,ASW,WE,Combined TRACON& Tower with Radar,73,20,6,2,101,0,7,32,1,40,73,27,38,3,141,30,0,30,171
04/23/2017,ELP,TX,ASW,WE,Combined TRACON& Tower with Radar,81,24,18,2,125,0,0,41,4,45,81,24,59,6,170,90,0,90,260
04/24/2017,ELP,TX,ASW,WE,Combined TRACON& Tower with Radar,109,24,28,3,164,0,9,31,2,42,109,33,59,5,206,8,0,8,214
04/25/2017,ELP,TX,ASW,WE,Combined TRACON& Tower with Radar,104,30,39,1,174,0,4,19,5,28,104,34,58,6,202,6,0,6,208
04/26/2017,ELP,TX,ASW,WE,Combined TRACON& Tower with Radar,105,28,26,8,167,0,4,40,4,48,105,32,66,12,215,0,0,0,215
04/27/2017,ELP,TX,ASW,WE,Combined TRACON& Tower with Radar,110,34,34,6,184,0,4,27,1,32,110,38,61,7,216,16,0,16,232
04/28/2017,ELP,TX,ASW,WE,Combined TRACON& Tower with Radar,122,26,14,27,189,0,5,21,3,29,122,31,35,30,218,0,0,0,218
04/29/2017,ELP,TX,ASW,WE,Combined TRACON& Tower with Radar,70,23,16,0,109,0,0,8,4,12,70,23,24,4,121,0,0,0,121
04/30/2017,ELP,TX,ASW,WE,Combined TRACON& Tower with Radar,79,22,7,34,142,0,4,34,0,38,79,26,41,34,180,10,0,10,190
05/01/2017,ELP,TX,ASW,WE,Combined TRACON& Tower with Radar,113,28,10,4,155,0,9,29,2,40,113,37,39,6,195,26,0,26,221
05/02/2017,ELP,TX,ASW,WE,Combined TRACON& Tower with Radar,106,35,21,6,168,0,16,52,3,71,106,51,73,9,239,10,0,10,249
05/03/2017,ELP,TX,ASW,WE,Combined TRACON& Tower with Radar,99,33,14,7,153,0,11,51,7,69,99,44,65,14,222,34,0,34,256
05/04/2017,ELP,TX,ASW,WE,Combined TRACON& Tower with Radar,110,36,33,0,179,0,16,56,7,79,110,52,89,7,258,42,0,42,300
05/05/2017,ELP,TX,ASW,WE,Combined TRACON& Tower with Radar,110,39,26,10,185,0,12,45,5,62,110,51,71,15,247,64,0,64,311
05/06/2017,ELP,TX,ASW,WE,Combined TRACON& Tower with Radar,78,17,27,0,122,0,4,44,2,50,78,21,71,2,172,32,0,32,204
05/07/2017,ELP,TX,ASW,WE,Combined TRACON& Tower with Radar,82,21,19,26,148,0,7,37,8,52,82,28,56,34,200,26,0,26,226
05/08/2017,ELP,TX,ASW,WE,Combined TRACON& Tower with Radar,109,38,22,6,175,0,9,43,5,57,109,47,65,11,232,0,0,0,232
05/09/2017,ELP,TX,ASW,WE,Combined TRACON& Tower with Radar,102,37,19,30,188,0,5,38,11,54,102,42,57,41,242,60,50,110,352
05/10/2017,ELP,TX,ASW,WE,Combined TRACON& Tower with Radar,108,37,17,7,169,0,10,27,12,49,108,47,44,19,218,24,0,24,242
05/11/2017,ELP,TX,ASW,WE,Combined TRACON& Tower with Radar,104,26,25,4,159,0,9,73,11,93,104,35,98,15,252,6,40,46,298
05/12/2017,ELP,TX,ASW,WE,Combined TRACON& Tower with Radar,118,34,18,5,175,0,8,55,3,66,118,42,73,8,241,24,0,24,265
05/13/2017,ELP,TX,ASW,WE,Combined TRACON& Tower with Radar,75,20,19,0,114,0,11,32,2,45,75,31,51,2,159,32,0,32,191
05/14/2017,ELP,TX,ASW,WE,Combined TRACON& Tower with Radar,83,27,10,3,123,0,4,13,2,19,83,31,23,5,142,20,0,20,162
05/15/2017,ELP,TX,ASW,WE,Combined TRACON& Tower with Radar,106,21,20,9,156,0,1,43,1,45,106,22,63,10,201,24,0,24,225
05/16/2017,ELP,TX,ASW,WE,Combined TRACON& Tower with Radar,103,26,21,0,150,0,5,22,6,33,103,31,43,6,183,0,0,0,183
05/17/2017,ELP,TX,ASW,WE,Combined TRACON& Tower with Radar,105,41,26,8,180,0,9,55,5,69,105,50,81,13,249,20,0,20,269
05/18/2017,ELP,TX,ASW,WE,Combined TRACON& Tower with Radar,102,34,17,5,158,0,7,42,10,59,102,41,59,15,217,44,0,44,261
05/19/2017,ELP,TX,ASW,WE,Combined TRACON& Tower with Radar,113,30,13,20,176,0,14,48,13,75,113,44,61,33,251,0,30,30,281
05/20/2017,ELP,TX,ASW,WE,Combined TRACON& Tower with Radar,75,18,5,2,100,0,0,52,8,60,75,18,57,10,160,48,0,48,208
05/21/2017,ELP,TX,ASW,WE,Combined TRACON& Tower with Radar,89,25,17,10,141,0,2,24,8,34,89,27,41,18,175,20,0,20,195
05/22/2017,ELP,TX,ASW,WE,Combined TRACON& Tower with Radar,105,28,23,9,165,0,2,38,4,44,105,30,61,13,209,36,0,36,245
05/23/2017,ELP,TX,ASW,WE,Combined TRACON& Tower with Radar,101,33,21,3,158,0,11,54,9,74,101,44,75,12,232,78,0,78,310
05/24/2017,ELP,TX,ASW,WE,Combined TRACON& Tower with Radar,106,38,29,8,181,0,12,48,3,63,106,50,77,11,244,40,0,40,284
05/25/2017,ELP,TX,ASW,WE,Combined TRACON& Tower with Radar,108,34,28,3,173,0,13,40,1,54,108,47,68,4,227,46,0,46,273
05/26/2017,ELP,TX,ASW,WE,Combined TRACON& Tower with Radar,115,27,17,4,163,0,9,40,5,54,115,36,57,9,217,26,0,26,243
05/27/2017,ELP,TX,ASW,WE,Combined TRACON& Tower with Radar,75,24,7,6,112,0,8,38,3,49,75,32,45,9,161,46,0,46,207
05/28/2017,ELP,TX,ASW,WE,Combined TRACON& Tower with Radar,80,15,12,8,115,0,4,34,0,38,80,19,46,8,153,44,0,44,197
05/29/2017,ELP,TX,ASW,WE,Combined TRACON& Tower with Radar,92,25,18,2,137,0,3,23,0,26,92,28,41,2,163,30,0,30,193
05/30/2017,ELP,TX,ASW,WE,Combined TRACON& Tower with Radar,103,34,19,8,164,0,10,50,1,61,103,44,69,9,225,58,0,58,283
05/31/2017,ELP,TX,ASW,WE,Combined TRACON& Tower with Radar,118,32,22,5,177,0,3,33,8,44,118,35,55,13,221,12,0,12,233
06/01/2017,ELP,TX,ASW,WE,Combined TRACON& Tower with Radar,110,33,18,5,166,0,3,45,0,48,110,36,63,5,214,24,0,24,238
06/02/2017,ELP,TX,ASW,WE,Combined TRACON& Tower with Radar,103,33,18,3,157,0,4,61,0,65,103,37,79,3,222,28,0,28,250
06/03/2017,ELP,TX,ASW,WE,Combined TRACON& Tower with Radar,75,29,9,6,119,0,0,44,4,48,75,29,53,10,167,0,0,0,167
06/04/2017,ELP,TX,ASW,WE,Combined TRACON& Tower with Radar,87,24,12,17,140,0,8,28,7,43,87,32,40,24,183,20,0,20,203
06/05/2017,ELP,TX,ASW,WE,Combined TRACON& Tower with Radar,105,29,18,6,158,0,6,25,4,35,105,35,43,10,193,20,0,20,213
06/06/2017,ELP,TX,ASW,WE,Combined TRACON& Tower with Radar,107,36,17,0,160,0,5,32,2,39,107,41,49,2,199,8,0,8,207
06/07/2017,ELP,TX,ASW,WE,Combined TRACON& Tower with Radar,112,31,21,1,165,0,3,42,2,47,112,34,63,3,212,60,0,60,272
06/08/2017,ELP,TX,ASW,WE,Combined TRACON& Tower with Radar,110,42,35,1,188,0,3,38,0,41,110,45,73,1,229,2,0,2,231
06/09/2017,ELP,TX,ASW,WE,Combined TRACON& Tower with Radar,108,32,15,11,166,0,4,42,5,51,108,36,57,16,217,20,0,20,237
06/10/2017,ELP,TX,ASW,WE,Combined TRACON& Tower with Radar,83,32,14,0,129,0,12,27,0,39,83,44,41,0,168,30,0,30,198
06/11/2017,ELP,TX,ASW,WE,Combined TRACON& Tower with Radar,83,22,11,2,118,0,4,23,5,32,83,26,34,7,150,12,0,12,162
06/12/2017,ELP,TX,ASW,WE,Combined TRACON& Tower with Radar,110,26,25,1,162,0,8,29,3,40,110,34,54,4,202,0,0,0,202
06/13/2017,ELP,TX,ASW,WE,Combined TRACON& Tower with Radar,106,36,22,4,168,0,6,33,3,42,106,42,55,7,210,10,0,10,220
06/14/2017,ELP,TX,ASW,WE,Combined TRACON& Tower with Radar,117,44,26,5,192,0,5,39,7,51,117,49,65,12,243,38,24,62,305
06/15/2017,ELP,TX,ASW,WE,Combined TRACON& Tower with Radar,111,42,44,2,199,0,12,36,7,55,111,54,80,9,254,6,0,6,260
06/16/2017,ELP,TX,ASW,WE,Combined TRACON& Tower with Radar,116,34,30,2,182,0,3,33,4,40,116,37,63,6,222,0,0,0,222
06/17/2017,ELP,TX,ASW,WE,Combined TRACON& Tower with Radar,84,25,8,0,117,0,4,31,0,35,84,29,39,0,152,0,0,0,152
06/18/2017,ELP,TX,ASW,WE,Combined TRACON& Tower with Radar,81,26,13,9,129,0,6,31,1,38,81,32,44,10,167,0,0,0,167
06/19/2017,ELP,TX,ASW,WE,Combined TRACON& Tower with Radar,111,38,28,6,183,0,10,39,9,58,111,48,67,15,241,10,0,10,251
06/20/2017,ELP,TX,ASW,WE,Combined TRACON& Tower with Radar,108,35,24,3,170,0,8,42,6,56,108,43,66,9,226,38,0,38,264
06/21/2017,ELP,TX,ASW,WE,Combined TRACON& Tower with Radar,116,40,23,1,180,0,9,42,2,53,116,49,65,3,233,36,0,36,269
06/22/2017,ELP,TX,ASW,WE,Combined TRACON& Tower with Radar,107,33,30,2,172,0,4,41,9,54,107,37,71,11,226,34,0,34,260
06/23/2017,ELP,TX,ASW,WE,Combined TRACON& Tower with Radar,111,30,16,6,163,0,3,32,3,38,111,33,48,9,201,18,0,18,219
06/24/2017,ELP,TX,ASW,WE,Combined TRACON& Tower with Radar,80,20,10,4,114,0,0,31,0,31,80,20,41,4,145,20,0,20,165
06/25/2017,ELP,TX,ASW,WE,Combined TRACON& Tower with Radar,91,29,12,4,136,0,0,29,2,31,91,29,41,6,167,32,0,32,199
06/26/2017,ELP,TX,ASW,WE,Combined TRACON& Tower with Radar,111,33,27,2,173,0,7,35,2,44,111,40,62,4,217,10,0,10,227
06/27/2017,ELP,TX,ASW,WE,Combined TRACON& Tower with Radar,109,38,25,4,176,0,2,27,0,29,109,40,52,4,205,0,0,0,205
06/28/2017,ELP,TX,ASW,WE,Combined TRACON& Tower with Radar,112,36,17,19,184,0,9,37,8,54,112,45,54,27,238,8,10,18,256
06/29/2017,ELP,TX,ASW,WE,Combined TRACON& Tower with Radar,116,44,22,6,188,0,9,37,11,57,116,53,59,17,245,46,0,46,291
06/30/2017,ELP,TX,ASW,WE,Combined TRACON& Tower with Radar,112,24,14,4,154,1,14,43,4,62,113,38,57,8,216,12,0,12,228
07/01/2017,ELP,TX,ASW,WE,Combined TRACON& Tower with Radar,87,22,21,6,136,0,4,39,1,44,87,26,60,7,180,54,0,54,234
07/02/2017,ELP,TX,ASW,WE,Combined TRACON& Tower with Radar,84,21,13,12,130,0,8,36,2,46,84,29,49,14,176,28,2,30,206
07/03/2017,ELP,TX,ASW,WE,Combined TRACON& Tower with Radar,100,19,14,12,145,0,12,38,0,50,100,31,52,12,195,26,2,28,223
07/04/2017,ELP,TX,ASW,WE,Combined TRACON& Tower with Radar,84,13,3,2,102,0,3,33,1,37,84,16,36,3,139,46,0,46,185
07/05/2017,ELP,TX,ASW,WE,Combined TRACON& Tower with Radar,102,23,12,6,143,0,11,37,4,52,102,34,49,10,195,15,177,192,387
07/06/2017,ELP,TX,ASW,WE,Combined TRACON& Tower with Radar,100,44,20,7,171,0,6,38,7,51,100,50,58,14,222,24,211,235,457
07/07/2017,ELP,TX,ASW,WE,Combined TRACON& Tower with Radar,102,36,12,9,159,0,12,37,4,53,102,48,49,13,212,32,83,115,327
07/08/2017,ELP,TX,ASW,WE,Combined TRACON& Tower with Radar,85,29,9,3,126,0,14,54,2,70,85,43,63,5,196,42,24,66,262
07/09/2017,ELP,TX,ASW,WE,Combined TRACON& Tower with Radar,88,27,16,12,143,0,4,23,2,29,88,31,39,14,172,22,9,31,203
07/10/2017,ELP,TX,ASW,WE,Combined TRACON& Tower with Radar,103,21,16,12,152,0,2,32,3,37,103,23,48,15,189,38,84,122,311
07/11/2017,ELP,TX,ASW,WE,Combined TRACON& Tower with Radar,108,27,18,9,162,0,5,44,6,55,108,32,62,15,217,14,31,45,262
07/12/2017,ELP,TX,ASW,WE,Combined TRACON& Tower with Radar,113,38,23,4,178,0,7,44,8,59,113,45,67,12,237,44,116,160,397
07/13/2017,ELP,TX,ASW,WE,Combined TRACON& Tower with Radar,109,40,22,4,175,0,2,37,7,46,109,42,59,11,221,34,275,309,530
07/14/2017,ELP,TX,ASW,WE,Combined TRACON& Tower with Radar,108,27,28,13,176,0,5,31,8,44,108,32,59,21,220,24,267,291,511
07/15/2017,ELP,TX,ASW,WE,Combined TRACON& Tower with Radar,82,16,6,8,112,0,4,19,5,28,82,20,25,13,140,10,12,22,162
07/16/2017,ELP,TX,ASW,WE,Combined TRACON& Tower with Radar,86,21,27,2,136,0,2,27,1,30,86,23,54,3,166,0,39,39,205
07/17/2017,ELP,TX,ASW,WE,Combined TRACON& Tower with Radar,111,28,16,3,158,0,5,26,2,33,111,33,42,5,191,0,0,0,191
07/18/2017,ELP,TX,ASW,WE,Combined TRACON& Tower with Radar,107,39,10,11,167,0,19,31,1,51,107,58,41,12,218,40,0,40,258
07/19/2017,ELP,TX,ASW,WE,Combined TRACON& Tower with Radar,104,38,12,13,167,0,8,21,9,38,104,46,33,22,205,16,0,16,221
07/20/2017,ELP,TX,ASW,WE,Combined TRACON& Tower with Radar,106,32,9,15,162,0,2,26,5,33,106,34,35,20,195,0,0,0,195
07/21/2017,ELP,TX,ASW,WE,Combined TRACON& Tower with Radar,104,35,15,4,158,0,2,20,5,27,104,37,35,9,185,26,0,26,211
07/22/2017,ELP,TX,ASW,WE,Combined TRACON& Tower with Radar,83,19,9,6,117,0,1,33,4,38,83,20,42,10,155,20,0,20,175
07/23/2017,ELP,TX,ASW,WE,Combined TRACON& Tower with Radar,89,26,6,1,122,0,0,17,2,19,89,26,23,3,141,39,0,39,180
07/24/2017,ELP,TX,ASW,WE,Combined TRACON& Tower with Radar,105,26,16,6,153,0,10,37,5,52,105,36,53,11,205,0,0,0,205
07/25/2017,ELP,TX,ASW,WE,Combined TRACON& Tower with Radar,106,40,18,1,165,0,4,40,5,49,106,44,58,6,214,22,0,22,236
07/26/2017,ELP,TX,ASW,WE,Combined TRACON& Tower with Radar,110,42,25,6,183,0,11,29,6,46,110,53,54,12,229,0,0,0,229
07/27/2017,ELP,TX,ASW,WE,Combined TRACON& Tower with Radar,106,35,29,7,177,0,1,36,4,41,106,36,65,11,218,72,0,72,290
07/28/2017,ELP,TX,ASW,WE,Combined TRACON& Tower with Radar,114,36,24,6,180,0,1,40,0,41,114,37,64,6,221,40,0,40,261
07/29/2017,ELP,TX,ASW,WE,Combined TRACON& Tower with Radar,81,21,14,5,121,0,3,31,3,37,81,24,45,8,158,14,0,14,172
07/30/2017,ELP,TX,ASW,WE,Combined TRACON& Tower with Radar,92,28,16,1,137,0,4,29,2,35,92,32,45,3,172,0,0,0,172
07/31/2017,ELP,TX,ASW,WE,Combined TRACON& Tower with Radar,108,26,15,2,151,0,11,20,1,32,108,37,35,3,183,32,0,32,215
08/01/2017,ELP,TX,ASW,WE,Combined TRACON& Tower with Radar,113,34,20,1,168,0,11,26,3,40,113,45,46,4,208,28,0,28,236
08/02/2017,ELP,TX,ASW,WE,Combined TRACON& Tower with Radar,107,31,8,5,151,0,5,48,10,63,107,36,56,15,214,36,0,36,250
08/03/2017,ELP,TX,ASW,WE,Combined TRACON& Tower with Radar,109,43,19,7,178,0,8,43,5,56,109,51,62,12,234,36,0,36,270
08/04/2017,ELP,TX,ASW,WE,Combined TRACON& Tower with Radar,106,47,16,12,181,0,9,40,4,53,106,56,56,16,234,30,0,30,264
08/05/2017,ELP,TX,ASW,WE,Combined TRACON& Tower with Radar,84,24,7,0,115,0,4,35,6,45,84,28,42,6,160,40,0,40,200
08/06/2017,ELP,TX,ASW,WE,Combined TRACON& Tower with Radar,85,16,12,0,113,0,4,33,3,40,85,20,45,3,153,14,0,14,167
08/07/2017,ELP,TX,ASW,WE,Combined TRACON& Tower with Radar,113,38,14,4,169,0,4,30,0,34,113,42,44,4,203,30,0,30,233
08/08/2017,ELP,TX,ASW,WE,Combined TRACON& Tower with Radar,107,38,15,6,166,0,12,41,11,64,107,50,56,17,230,10,16,26,256
08/09/2017,ELP,TX,ASW,WE,Combined TRACON& Tower with Radar,108,40,23,3,174,0,13,45,5,63,108,53,68,8,237,42,0,42,279
08/10/2017,ELP,TX,ASW,WE,Combined TRACON& Tower with Radar,104,47,21,2,174,0,14,51,1,66,104,61,72,3,240,46,0,46,286
08/11/2017,ELP,TX,ASW,WE,Combined TRACON& Tower with Radar,113,38,25,0,176,0,5,35,7,47,113,43,60,7,223,80,0,80,303
08/12/2017,ELP,TX,ASW,WE,Combined TRACON& Tower with Radar,78,22,17,0,117,0,5,46,4,55,78,27,63,4,172,30,0,30,202
08/13/2017,ELP,TX,ASW,WE,Combined TRACON& Tower with Radar,82,25,12,12,131,0,1,34,0,35,82,26,46,12,166,68,20,88,254
08/14/2017,ELP,TX,ASW,WE,Combined TRACON& Tower with Radar,109,36,16,27,188,0,3,50,3,56,109,39,66,30,244,50,0,50,294
08/15/2017,ELP,TX,ASW,WE,Combined TRACON& Tower with Radar,103,32,20,1,156,0,18,32,4,54,103,50,52,5,210,0,0,0,210
08/16/2017,ELP,TX,ASW,WE,Combined TRACON& Tower with Radar,111,30,15,6,162,0,11,41,3,55,111,41,56,9,217,0,0,0,217
08/17/2017,ELP,TX,ASW,WE,Combined TRACON& Tower with Radar,125,42,23,6,196,0,11,44,4,59,125,53,67,10,255,26,0,26,281
08/18/2017,ELP,TX,ASW,WE,Combined TRACON& Tower with Radar,114,35,24,5,178,0,3,31,0,34,114,38,55,5,212,16,0,16,228
08/19/2017,ELP,TX,ASW,WE,Combined TRACON& Tower with Radar,79,20,7,6,112,0,0,34,0,34,79,20,41,6,146,32,0,32,178
08/20/2017,ELP,TX,ASW,WE,Combined TRACON& Tower with Radar,94,16,17,0,127,0,0,10,0,10,94,16,27,0,137,0,0,0,137
08/21/2017,ELP,TX,ASW,WE,Combined TRACON& Tower with Radar,106,22,21,0,149,0,9,31,1,41,106,31,52,1,190,56,0,56,246
08/22/2017,ELP,TX,ASW,WE,Combined TRACON& Tower with Radar,107,35,32,20,194,0,2,42,14,58,107,37,74,34,252,20,0,20,272
08/23/2017,ELP,TX,ASW,WE,Combined TRACON& Tower with Radar,108,30,19,0,157,0,13,24,1,38,108,43,43,1,195,10,0,10,205
08/24/2017,ELP,TX,ASW,WE,Combined TRACON& Tower with Radar,120,45,28,11,204,0,6,35,4,45,120,51,63,15,249,8,0,8,257
08/25/2017,ELP,TX,ASW,WE,Combined TRACON& Tower with Radar,120,37,22,7,186,0,1,42,3,46,120,38,64,10,232,10,20,30,262
08/26/2017,ELP,TX,ASW,WE,Combined TRACON& Tower with Radar,69,12,13,13,107,0,0,35,5,40,69,12,48,18,147,10,0,10,157
08/27/2017,ELP,TX,ASW,WE,Combined TRACON& Tower with Radar,80,12,10,0,102,0,3,26,3,32,80,15,36,3,134,0,0,0,134
08/28/2017,ELP,TX,ASW,WE,Combined TRACON& Tower with Radar,94,26,28,2,150,0,11,41,4,56,94,37,69,6,206,29,0,29,235
08/29/2017,ELP,TX,ASW,WE,Combined TRACON& Tower with Radar,102,28,21,13,164,0,11,30,3,44,102,39,51,16,208,12,0,12,220
08/30/2017,ELP,TX,ASW,WE,Combined TRACON& Tower with Radar,99,29,18,2,148,0,4,41,9,54,99,33,59,11,202,32,12,44,246
08/31/2017,ELP,TX,ASW,WE,Combined TRACON& Tower with Radar,106,28,37,1,172,0,8,49,2,59,106,36,86,3,231,14,0,14,245
09/01/2017,ELP,TX,ASW,WE,Combined TRACON& Tower with Radar,104,23,23,6,156,0,6,29,2,37,104,29,52,8,193,24,0,24,217
09/02/2017,ELP,TX,ASW,WE,Combined TRACON& Tower with Radar,74,12,10,1,97,0,3,47,1,51,74,15,57,2,148,10,0,10,158
09/03/2017,ELP,TX,ASW,WE,Combined TRACON& Tower with Radar,70,5,13,0,88,0,2,17,2,21,70,7,30,2,109,22,0,22,131
09/04/2017,ELP,TX,ASW,WE,Combined TRACON& Tower with Radar,95,22,16,0,133,0,4,32,4,40,95,26,48,4,173,58,20,78,251
09/05/2017,ELP,TX,ASW,WE,Combined TRACON& Tower with Radar,99,17,16,12,144,0,3,30,2,35,99,20,46,14,179,20,60,80,259
09/06/2017,ELP,TX,ASW,WE,Combined TRACON& Tower with Radar,98,17,22,1,138,0,4,49,6,59,98,21,71,7,197,20,0,20,217
09/07/2017,ELP,TX,ASW,WE,Combined TRACON& Tower with Radar,114,21,20,9,164,0,10,31,8,49,114,31,51,17,213,14,0,14,227
09/08/2017,ELP,TX,ASW,WE,Combined TRACON& Tower with Radar,117,22,21,14,174,0,5,40,5,50,117,27,61,19,224,10,0,10,234
09/09/2017,ELP,TX,ASW,WE,Combined TRACON& Tower with Radar,85,22,19,0,126,0,2,51,9,62,85,24,70,9,188,32,0,32,220
09/10/2017,ELP,TX,ASW,WE,Combined TRACON& Tower with Radar,82,17,6,5,110,0,3,22,9,34,82,20,28,14,144,20,0,20,164
09/11/2017,ELP,TX,ASW,WE,Combined TRACON& Tower with Radar,110,18,23,7,158,0,13,31,13,57,110,31,54,20,215,40,0,40,255
09/12/2017,ELP,TX,ASW,WE,Combined TRACON& Tower with Radar,111,25,20,17,173,0,11,36,23,70,111,36,56,40,243,8,0,8,251
09/13/2017,ELP,TX,ASW,WE,Combined TRACON& Tower with Radar,118,31,24,9,182,0,4,49,16,69,118,35,73,25,251,28,0,28,279
09/14/2017,ELP,TX,ASW,WE,Combined TRACON& Tower with Radar,122,34,50,8,214,0,10,38,5,53,122,44,88,13,267,2,0,2,269
09/15/2017,ELP,TX,ASW,WE,Combined TRACON& Tower with Radar,120,31,28,16,195,0,4,28,4,36,120,35,56,20,231,18,0,18,249
09/16/2017,ELP,TX,ASW,WE,Combined TRACON& Tower with Radar,79,20,15,4,118,0,7,24,2,33,79,27,39,6,151,22,0,22,173
09/17/2017,ELP,TX,ASW,WE,Combined TRACON& Tower with Radar,90,21,19,31,161,0,0,52,2,54,90,21,71,33,215,62,0,62,277
09/18/2017,ELP,TX,ASW,WE,Combined TRACON& Tower with Radar,109,21,26,8,164,0,3,36,0,39,109,24,62,8,203,0,0,0,203
09/19/2017,ELP,TX,ASW,WE,Combined TRACON& Tower with Radar,113,21,25,4,163,0,13,32,6,51,113,34,57,10,214,0,0,0,214
09/20/2017,ELP,TX,ASW,WE,Combined TRACON& Tower with Radar,108,31,32,7,178,0,8,42,6,56,108,39,74,13,234,20,0,20,254
09/21/2017,ELP,TX,ASW,WE,Combined TRACON& Tower with Radar,126,31,33,7,197,0,14,38,5,57,126,45,71,12,254,32,0,32,286
09/22/2017,ELP,TX,ASW,WE,Combined TRACON& Tower with Radar,120,26,27,15,188,4,4,42,11,61,124,30,69,26,249,14,0,14,263
09/23/2017,ELP,TX,ASW,WE,Combined TRACON& Tower with Radar,75,19,10,0,104,0,12,38,1,51,75,31,48,1,155,28,0,28,183
09/24/2017,ELP,TX,ASW,WE,Combined TRACON& Tower with Radar,92,17,26,11,146,0,7,42,3,52,92,24,68,14,198,56,0,56,254
09/25/2017,ELP,TX,ASW,WE,Combined TRACON& Tower with Radar,106,19,17,16,158,0,8,47,9,64,106,27,64,25,222,20,0,20,242
09/26/2017,ELP,TX,ASW,WE,Combined TRACON& Tower with Radar,111,32,29,1,173,0,8,43,1,52,111,40,72,2,225,52,0,52,277
09/27/2017,ELP,TX,ASW,WE,Combined TRACON& Tower with Radar,120,29,62,2,213,0,11,9,2,22,120,40,71,4,235,0,0,0,235
09/28/2017,ELP,TX,ASW,WE,Combined TRACON& Tower with Radar,124,49,44,1,218,0,10,26,3,39,124,59,70,4,257,34,0,34,291
09/29/2017,ELP,TX,ASW,WE,Combined TRACON& Tower with Radar,116,38,23,2,179,0,10,22,0,32,116,48,45,2,211,32,0,32,243
09/30/2017,ELP,TX,ASW,WE,Combined TRACON& Tower with Radar,76,15,25,1,117,0,2,28,4,34,76,17,53,5,151,28,0,28,179
10/01/2017,ELP,TX,ASW,WE,Combined TRACON& Tower with Radar,92,16,16,3,127,0,9,27,3,39,92,25,43,6,166,16,0,16,182
10/02/2017,ELP,TX,ASW,WE,Combined TRACON& Tower with Radar,108,33,21,11,173,0,12,38,12,62,108,45,59,23,235,8,20,28,263
10/03/2017,ELP,TX,ASW,WE,Combined TRACON& Tower with Radar,107,22,25,22,176,0,12,53,9,74,107,34,78,31,250,12,34,46,296
10/04/2017,ELP,TX,ASW,WE,Combined TRACON& Tower with Radar,114,28,30,4,176,0,9,51,8,68,114,37,81,12,244,0,0,0,244
10/05/2017,ELP,TX,ASW,WE,Combined TRACON& Tower with Radar,128,23,24,10,185,0,15,59,5,79,128,38,83,15,264,30,0,30,294
10/06/2017,ELP,TX,ASW,WE,Combined TRACON& Tower with Radar,116,30,11,13,170,0,10,52,6,68,116,40,63,19,238,30,0,30,268
10/07/2017,ELP,TX,ASW,WE,Combined TRACON& Tower with Radar,75,34,15,5,129,0,8,48,0,56,75,42,63,5,185,12,0,12,197
10/08/2017,ELP,TX,ASW,WE,Combined TRACON& Tower with Radar,86,24,9,16,135,0,4,22,7,33,86,28,31,23,168,32,0,32,200
10/09/2017,ELP,TX,ASW,WE,Combined TRACON& Tower with Radar,107,38,23,0,168,0,6,36,0,42,107,44,59,0,210,22,0,22,232
10/10/2017,ELP,TX,ASW,WE,Combined TRACON& Tower with Radar,112,23,13,2,150,0,6,44,0,50,112,29,57,2,200,0,0,0,200
10/11/2017,ELP,TX,ASW,WE,Combined TRACON& Tower with Radar,112,26,17,4,159,0,9,54,1,64,112,35,71,5,223,0,0,0,223
10/12/2017,ELP,TX,ASW,WE,Combined TRACON& Tower with Radar,120,32,13,1,166,0,8,53,6,67,120,40,66,7,233,26,0,26,259
10/13/2017,ELP,TX,ASW,WE,Combined TRACON& Tower with Radar,115,28,16,6,165,0,9,44,4,57,115,37,60,10,222,22,0,22,244
10/14/2017,ELP,TX,ASW,WE,Combined TRACON& Tower with Radar,75,24,7,2,108,0,4,33,3,40,75,28,40,5,148,52,0,52,200
10/15/2017,ELP,TX,ASW,WE,Combined TRACON& Tower with Radar,92,22,20,3,137,0,1,29,0,30,92,23,49,3,167,30,0,30,197
10/16/2017,ELP,TX,ASW,WE,Combined TRACON& Tower with Radar,109,22,19,4,154,0,10,34,7,51,109,32,53,11,205,0,0,0,205
10/17/2017,ELP,TX,ASW,WE,Combined TRACON& Tower with Radar,111,31,18,0,160,0,7,42,0,49,111,38,60,0,209,14,0,14,223
10/18/2017,ELP,TX,ASW,WE,Combined TRACON& Tower with Radar,109,35,19,2,165,0,10,40,14,64,109,45,59,16,229,24,0,24,253
10/19/2017,ELP,TX,ASW,WE,Combined TRACON& Tower with Radar,125,39,13,20,197,0,5,27,4,36,125,44,40,24,233,0,32,32,265
10/20/2017,ELP,TX,ASW,WE,Combined TRACON& Tower with Radar,115,24,16,1,156,0,11,36,1,48,115,35,52,2,204,38,0,38,242
10/21/2017,ELP,TX,ASW,WE,Combined TRACON& Tower with Radar,77,21,6,0,104,0,7,22,0,29,77,28,28,0,133,30,0,30,163
10/22/2017,ELP,TX,ASW,WE,Combined TRACON& Tower with Radar,85,24,14,1,124,0,4,23,4,31,85,28,37,5,155,10,0,10,165
10/23/2017,ELP,TX,ASW,WE,Combined TRACON& Tower with Radar,104,18,22,2,146,0,8,42,0,50,104,26,64,2,196,20,0,20,216
10/24/2017,ELP,TX,ASW,WE,Combined TRACON& Tower with Radar,114,32,12,1,159,0,9,51,6,66,114,41,63,7,225,0,0,0,225
10/25/2017,ELP,TX,ASW,WE,Combined TRACON& Tower with Radar,110,26,20,3,159,0,7,43,7,57,110,33,63,10,216,0,0,0,216
10/26/2017,ELP,TX,ASW,WE,Combined TRACON& Tower with Radar,119,20,22,6,167,0,10,46,2,58,119,30,68,8,225,34,0,34,259
10/27/2017,ELP,TX,ASW,WE,Combined TRACON& Tower with Radar,114,27,22,2,165,0,5,45,0,50,114,32,67,2,215,0,0,0,215
10/28/2017,ELP,TX,ASW,WE,Combined TRACON& Tower with Radar,86,13,10,2,111,0,6,47,3,56,86,19,57,5,167,10,0,10,177
10/29/2017,ELP,TX,ASW,WE,Combined TRACON& Tower with Radar,93,13,16,5,127,0,4,50,3,57,93,17,66,8,184,4,0,4,188
10/30/2017,ELP,TX,ASW,WE,Combined TRACON& Tower with Radar,106,27,18,5,156,0,2,31,3,36,106,29,49,8,192,0,0,0,192
10/31/2017,ELP,TX,ASW,WE,Combined TRACON& Tower with Radar,101,19,18,23,161,0,13,59,6,78,101,32,77,29,239,8,20,28,267
11/01/2017,ELP,TX,ASW,WE,Combined TRACON& Tower with Radar,115,26,20,20,181,0,9,42,4,55,115,35,62,24,236,0,0,0,236
11/02/2017,ELP,TX,ASW,WE,Combined TRACON& Tower with Radar,122,29,21,16,188,0,6,42,2,50,122,35,63,18,238,16,38,54,292
11/03/2017,ELP,TX,ASW,WE,Combined TRACON& Tower with Radar,112,27,35,6,180,0,20,45,8,73,112,47,80,14,253,26,0,26,279
11/04/2017,ELP,TX,ASW,WE,Combined TRACON& Tower with Radar,83,10,8,5,106,0,5,28,2,35,83,15,36,7,141,18,0,18,159
11/05/2017,ELP,TX,ASW,WE,Combined TRACON& Tower with Radar,89,24,11,7,131,0,7,23,3,33,89,31,34,10,164,12,0,12,176
11/06/2017,ELP,TX,ASW,WE,Combined TRACON& Tower with Radar,99,29,11,10,149,0,6,17,1,24,99,35,28,11,173,0,0,0,173
11/07/2017,ELP,TX,ASW,WE,Combined TRACON& Tower with Radar,102,37,29,0,168,0,3,14,0,17,102,40,43,0,185,0,0,0,185
11/08/2017,ELP,TX,ASW,WE,Combined TRACON& Tower with Radar,105,27,34,1,167,0,1,17,3,21,105,28,51,4,188,16,0,16,204
11/09/2017,ELP,TX,ASW,WE,Combined TRACON& Tower with Radar,121,29,32,5,187,0,3,46,4,53,121,32,78,9,240,10,0,10,250
11/10/2017,ELP,TX,ASW,WE,Combined TRACON& Tower with Radar,112,28,15,1,156,0,0,38,0,38,112,28,53,1,194,0,0,0,194
11/11/2017,ELP,TX,ASW,WE,Combined TRACON& Tower with Radar,81,13,11,34,139,0,1,23,4,28,81,14,34,38,167,10,0,10,177
11/12/2017,ELP,TX,ASW,WE,Combined TRACON& Tower with Radar,91,31,30,3,155,0,8,25,3,36,91,39,55,6,191,0,0,0,191
11/13/2017,ELP,TX,ASW,WE,Combined TRACON& Tower with Radar,109,19,25,22,175,0,5,26,3,34,109,24,51,25,209,60,0,60,269
11/14/2017,ELP,TX,ASW,WE,Combined TRACON& Tower with Radar,103,34,24,8,169,0,5,36,1,42,103,39,60,9,211,2,0,2,213
11/15/2017,ELP,TX,ASW,WE,Combined TRACON& Tower with Radar,110,45,25,10,190,0,9,25,7,41,110,54,50,17,231,0,0,0,231
11/16/2017,ELP,TX,ASW,WE,Combined TRACON& Tower with Radar,119,30,23,10,182,0,15,37,4,56,119,45,60,14,238,6,0,6,244
11/17/2017,ELP,TX,ASW,WE,Combined TRACON& Tower with Radar,122,34,34,14,204,0,21,40,9,70,122,55,74,23,274,18,0,18,292
11/18/2017,ELP,TX,ASW,WE,Combined TRACON& Tower with Radar,88,22,18,1,129,0,4,30,3,37,88,26,48,4,166,52,0,52,218
11/19/2017,ELP,TX,ASW,WE,Combined TRACON& Tower with Radar,87,26,19,5,137,0,2,48,3,53,87,28,67,8,190,0,0,0,190
11/20/2017,ELP,TX,ASW,WE,Combined TRACON& Tower with Radar,104,32,17,3,156,0,9,57,5,71,104,41,74,8,227,24,0,24,251
11/21/2017,ELP,TX,ASW,WE,Combined TRACON& Tower with Radar,109,38,15,0,162,0,15,51,9,75,109,53,66,9,237,0,0,0,237
11/22/2017,ELP,TX,ASW,WE,Combined TRACON& Tower with Radar,118,34,13,0,165,0,7,68,3,78,118,41,81,3,243,2,0,2,245
11/23/2017,ELP,TX,ASW,WE,Combined TRACON& Tower with Radar,58,16,5,0,79,0,11,46,1,58,58,27,51,1,137,30,0,30,167
11/24/2017,ELP,TX,ASW,WE,Combined TRACON& Tower with Radar,91,14,14,1,120,0,3,33,1,37,91,17,47,2,157,0,0,0,157
11/25/2017,ELP,TX,ASW,WE,Combined TRACON& Tower with Radar,99,12,20,3,134,0,3,69,0,72,99,15,89,3,206,0,0,0,206
11/26/2017,ELP,TX,ASW,WE,Combined TRACON& Tower with Radar,106,24,20,0,150,0,2,41,0,43,106,26,61,0,193,38,0,38,231
11/27/2017,ELP,TX,ASW,WE,Combined TRACON& Tower with Radar,108,23,20,5,156,0,8,38,1,47,108,31,58,6,203,0,0,0,203
11/28/2017,ELP,TX,ASW,WE,Combined TRACON& Tower with Radar,110,33,28,4,175,0,14,43,12,69,110,47,71,16,244,0,0,0,244
11/29/2017,ELP,TX,ASW,WE,Combined TRACON& Tower with Radar,107,39,26,7,179,0,2,49,5,56,107,41,75,12,235,0,26,26,261
11/30/2017,ELP,TX,ASW,WE,Combined TRACON& Tower with Radar,115,34,13,2,164,0,12,46,6,64,115,46,59,8,228,0,0,0,228
12/01/2017,ELP,TX,ASW,WE,Combined TRACON& Tower with Radar,111,25,33,13,182,0,3,36,4,43,111,28,69,17,225,36,46,82,307
12/02/2017,ELP,TX,ASW,WE,Combined TRACON& Tower with Radar,81,16,11,0,108,0,5,35,0,40,81,21,46,0,148,20,0,20,168
12/03/2017,ELP,TX,ASW,WE,Combined TRACON& Tower with Radar,92,11,22,7,132,0,8,28,3,39,92,19,50,10,171,20,0,20,191
12/04/2017,ELP,TX,ASW,WE,Combined TRACON& Tower with Radar,105,30,24,12,171,0,6,34,11,51,105,36,58,23,222,20,0,20,242
12/05/2017,ELP,TX,ASW,WE,Combined TRACON& Tower with Radar,107,37,28,0,172,0,8,54,3,65,107,45,82,3,237,20,0,20,257
12/06/2017,ELP,TX,ASW,WE,Combined TRACON& Tower with Radar,102,38,17,0,157,0,2,5,1,8,102,40,22,1,165,0,0,0,165
12/07/2017,ELP,TX,ASW,WE,Combined TRACON& Tower with Radar,107,35,9,3,154,0,1,4,0,5,107,36,13,3,159,0,0,0,159
12/08/2017,ELP,TX,ASW,WE,Combined TRACON& Tower with Radar,113,33,18,35,199,0,3,41,5,49,113,36,59,40,248,0,0,0,248
12/09/2017,ELP,TX,ASW,WE,Combined TRACON& Tower with Radar,80,19,17,3,119,0,0,20,0,20,80,19,37,3,139,50,0,50,189
12/10/2017,ELP,TX,ASW,WE,Combined TRACON& Tower with Radar,86,22,20,11,139,0,0,22,0,22,86,22,42,11,161,44,0,44,205
12/11/2017,ELP,TX,ASW,WE,Combined TRACON& Tower with Radar,108,29,19,2,158,0,10,34,7,51,108,39,53,9,209,0,0,0,209
12/12/2017,ELP,TX,ASW,WE,Combined TRACON& Tower with Radar,109,46,18,4,177,0,6,46,9,61,109,52,64,13,238,0,0,0,238
12/13/2017,ELP,TX,ASW,WE,Combined TRACON& Tower with Radar,104,39,20,10,173,0,13,44,3,60,104,52,64,13,233,0,0,0,233
12/14/2017,ELP,TX,ASW,WE,Combined TRACON& Tower with Radar,113,45,26,2,186,0,10,33,2,45,113,55,59,4,231,10,0,10,241
12/15/2017,ELP,TX,ASW,WE,Combined TRACON& Tower with Radar,120,27,14,4,165,0,11,40,5,56,120,38,54,9,221,0,0,0,221
12/16/2017,ELP,TX,ASW,WE,Combined TRACON& Tower with Radar,83,27,9,2,121,0,1,35,0,36,83,28,44,2,157,0,0,0,157
12/17/2017,ELP,TX,ASW,WE,Combined TRACON& Tower with Radar,92,21,21,2,136,0,4,19,3,26,92,25,40,5,162,26,0,26,188
12/18/2017,ELP,TX,ASW,WE,Combined TRACON& Tower with Radar,124,34,16,0,174,0,4,32,0,36,124,38,48,0,210,4,0,4,214
12/19/2017,ELP,TX,ASW,WE,Combined TRACON& Tower with Radar,119,43,31,4,197,0,12,41,2,55,119,55,72,6,252,28,0,28,280
12/20/2017,ELP,TX,ASW,WE,Combined TRACON& Tower with Radar,112,65,28,10,215,0,23,35,3,61,112,88,63,13,276,22,0,22,298
12/21/2017,ELP,TX,ASW,WE,Combined TRACON& Tower with Radar,114,58,24,5,201,0,8,35,4,47,114,66,59,9,248,18,0,18,266
12/22/2017,ELP,TX,ASW,WE,Combined TRACON& Tower with Radar,121,45,21,0,187,0,6,28,0,34,121,51,49,0,221,10,0,10,231
12/23/2017,ELP,TX,ASW,WE,Combined TRACON& Tower with Radar,103,28,21,2,154,0,4,28,0,32,103,32,49,2,186,42,0,42,228
12/24/2017,ELP,TX,ASW,WE,Combined TRACON& Tower with Radar,70,17,5,0,92,0,9,17,1,27,70,26,22,1,119,12,0,12,131
12/25/2017,ELP,TX,ASW,WE,Combined TRACON& Tower with Radar,70,39,4,0,113,0,2,10,2,14,70,41,14,2,127,2,0,2,129
12/26/2017,ELP,TX,ASW,WE,Combined TRACON& Tower with Radar,112,41,13,0,166,0,6,38,5,49,112,47,51,5,215,0,0,0,215
12/27/2017,ELP,TX,ASW,WE,Combined TRACON& Tower with Radar,117,35,16,2,170,0,6,28,2,36,117,41,44,4,206,0,0,0,206
12/28/2017,ELP,TX,ASW,WE,Combined TRACON& Tower with Radar,115,26,34,0,175,0,9,21,6,36,115,35,55,6,211,20,0,20,231
12/29/2017,ELP,TX,ASW,WE,Combined TRACON& Tower with Radar,120,33,20,0,173,0,8,42,2,52,120,41,62,2,225,38,0,38,263
12/30/2017,ELP,TX,ASW,WE,Combined TRACON& Tower with Radar,95,39,15,0,149,0,7,32,3,42,95,46,47,3,191,64,0,64,255
12/31/2017,ELP,TX,ASW,WE,Combined TRACON& Tower with Radar,70,25,11,0,106,0,0,11,2,13,70,25,22,2,119,8,0,8,127
01/01/2018,ELP,TX,ASW,WE,Combined TRACON& Tower with Radar,80,26,15,0,121,0,3,34,0,37,80,29,49,0,158,0,0,0,158
01/02/2018,ELP,TX,ASW,WE,Combined TRACON& Tower with Radar,117,47,27,3,194,0,3,32,1,36,117,50,59,4,230,0,0,0,230
01/03/2018,ELP,TX,ASW,WE,Combined TRACON& Tower with Radar,105,38,17,7,167,0,11,32,3,46,105,49,49,10,213,20,0,20,233
01/04/2018,ELP,TX,ASW,WE,Combined TRACON& Tower with Radar,117,44,11,1,173,0,10,28,1,39,117,54,39,2,212,8,0,8,220
01/05/2018,ELP,TX,ASW,WE,Combined TRACON& Tower with Radar,107,36,22,18,183,0,14,47,10,71,107,50,69,28,254,38,26,64,318
01/06/2018,ELP,TX,ASW,WE,Combined TRACON& Tower with Radar,83,33,23,3,142,0,19,51,3,73,83,52,74,6,215,52,0,52,267
01/07/2018,ELP,TX,ASW,WE,Combined TRACON& Tower with Radar,83,27,14,7,131,0,3,45,3,51,83,30,59,10,182,8,0,8,190
01/08/2018,ELP,TX,ASW,WE,Combined TRACON& Tower with Radar,102,22,27,10,161,0,21,47,10,78,102,43,74,20,239,16,0,16,255
01/09/2018,ELP,TX,ASW,WE,Combined TRACON& Tower with Radar,107,40,29,19,195,0,16,76,14,106,107,56,105,33,301,0,44,44,345
01/10/2018,ELP,TX,ASW,WE,Combined TRACON& Tower with Radar,101,27,27,1,156,0,11,17,1,29,101,38,44,2,185,0,0,0,185
01/11/2018,ELP,TX,ASW,WE,Combined TRACON& Tower with Radar,102,34,34,5,175,0,20,49,12,81,102,54,83,17,256,26,0,26,282
01/12/2018,ELP,TX,ASW,WE,Combined TRACON& Tower with Radar,94,31,29,6,160,0,9,71,5,85,94,40,100,11,245,12,0,12,257
01/13/2018,ELP,TX,ASW,WE,Combined TRACON& Tower with Radar,75,16,21,0,112,0,6,32,4,42,75,22,53,4,154,38,0,38,192
01/14/2018,ELP,TX,ASW,WE,Combined TRACON& Tower with Radar,76,14,7,0,97,0,8,18,1,27,76,22,25,1,124,0,0,0,124
01/15/2018,ELP,TX,ASW,WE,Combined TRACON& Tower with Radar,97,24,30,7,158,0,8,39,6,53,97,32,69,13,211,18,0,18,229
01/16/2018,ELP,TX,ASW,WE,Combined TRACON& Tower with Radar,89,27,15,6,137,0,22,24,6,52,89,49,39,12,189,0,0,0,189
01/17/2018,ELP,TX,ASW,WE,Combined TRACON& Tower with Radar,97,26,12,17,152,0,26,13,5,44,97,52,25,22,196,10,0,10,206
01/18/2018,ELP,TX,ASW,WE,Combined TRACON& Tower with Radar,107,27,13,12,159,0,17,21,5,43,107,44,34,17,202,28,0,28,230
01/19/2018,ELP,TX,ASW,WE,Combined TRACON& Tower with Radar,102,22,17,26,167,0,18,34,2,54,102,40,51,28,221,16,0,16,237
01/20/2018,ELP,TX,ASW,WE,Combined TRACON& Tower with Radar,76,17,10,9,112,0,10,30,1,41,76,27,40,10,153,14,0,14,167
01/21/2018,ELP,TX,ASW,WE,Combined TRACON& Tower with Radar,79,8,9,5,101,0,2,5,4,11,79,10,14,9,112,0,0,0,112
01/22/2018,ELP,TX,ASW,WE,Combined TRACON& Tower with Radar,107,21,23,4,155,0,6,31,2,39,107,27,54,6,194,20,0,20,214
01/23/2018,ELP,TX,ASW,WE,Combined TRACON& Tower with Radar,96,39,27,5,167,0,15,43,5,63,96,54,70,10,230,2,10,12,242
01/24/2018,ELP,TX,ASW,WE,Combined TRACON& Tower with Radar,100,34,14,5,153,0,7,32,7,46,100,41,46,12,199,16,0,16,215
01/25/2018,ELP,TX,ASW,WE,Combined TRACON& Tower with Radar,103,31,27,7,168,0,10,35,3,48,103,41,62,10,216,10,0,10,226
01/26/2018,ELP,TX,ASW,WE,Combined TRACON& Tower with Radar,106,48,18,28,200,0,10,35,4,49,106,58,53,32,249,0,10,10,259
01/27/2018,ELP,TX,ASW,WE,Combined TRACON& Tower with Radar,79,12,14,8,113,0,8,50,1,59,79,20,64,9,172,0,0,0,172
01/28/2018,ELP,TX,ASW,WE,Combined TRACON& Tower with Radar,80,15,20,13,128,0,6,43,3,52,80,21,63,16,180,50,4,54,234
01/29/2018,ELP,TX,ASW,WE,Combined TRACON& Tower with Radar,104,24,25,4,157,0,7,40,2,49,104,31,65,6,206,4,0,4,210
01/30/2018,ELP,TX,ASW,WE,Combined TRACON& Tower with Radar,104,23,14,4,145,0,7,60,11,78,104,30,74,15,223,10,0,10,233
01/31/2018,ELP,TX,ASW,WE,Combined TRACON& Tower with Radar,101,29,35,4,169,0,13,47,8,68,101,42,82,12,237,0,0,0,237
02/01/2018,ELP,TX,ASW,WE,Combined TRACON& Tower with Radar,105,41,25,8,179,0,25,41,12,78,105,66,66,20,257,28,0,28,285
02/02/2018,ELP,TX,ASW,WE,Combined TRACON& Tower with Radar,107,26,20,29,182,0,7,31,13,51,107,33,51,42,233,0,4,4,237
02/03/2018,ELP,TX,ASW,WE,Combined TRACON& Tower with Radar,75,22,16,6,119,0,10,32,3,45,75,32,48,9,164,10,0,10,174
02/04/2018,ELP,TX,ASW,WE,Combined TRACON& Tower with Radar,68,20,12,5,105,0,1,39,2,42,68,21,51,7,147,54,0,54,201
02/05/2018,ELP,TX,ASW,WE,Combined TRACON& Tower with Radar,99,28,12,1,140,0,14,22,5,41,99,42,34,6,181,8,0,8,189
02/06/2018,ELP,TX,ASW,WE,Combined TRACON& Tower with Radar,100,20,19,3,142,0,3,41,11,55,100,23,60,14,197,6,0,6,203
02/07/2018,ELP,TX,ASW,WE,Combined TRACON& Tower with Radar,101,29,30,5,165,0,11,20,11,42,101,40,50,16,207,0,0,0,207
02/08/2018,ELP,TX,ASW,WE,Combined TRACON& Tower with Radar,107,31,22,0,160,0,24,38,11,73,107,55,60,11,233,22,0,22,255
02/09/2018,ELP,TX,ASW,WE,Combined TRACON& Tower with Radar,102,18,23,11,154,0,13,43,4,60,102,31,66,15,214,18,0,18,232
02/10/2018,ELP,TX,ASW,WE,Combined TRACON& Tower with Radar,80,29,9,0,118,0,8,14,3,25,80,37,23,3,143,24,0,24,167
02/11/2018,ELP,TX,ASW,WE,Combined TRACON& Tower with Radar,80,23,11,1,115,0,3,10,2,15,80,26,21,3,130,16,0,16,146
02/12/2018,ELP,TX,ASW,WE,Combined TRACON& Tower with Radar,104,32,12,2,150,0,10,46,14,70,104,42,58,16,220,8,0,8,228
02/13/2018,ELP,TX,ASW,WE,Combined TRACON& Tower with Radar,103,18,11,2,134,0,9,52,13,74,103,27,63,15,208,16,0,16,224
02/14/2018,ELP,TX,ASW,WE,Combined TRACON& Tower with Radar,96,37,17,1,151,0,13,35,13,61,96,50,52,14,212,32,0,32,244
02/15/2018,ELP,TX,ASW,WE,Combined TRACON& Tower with Radar,103,42,26,27,198,0,8,23,11,42,103,50,49,38,240,19,0,19,259
02/16/2018,ELP,TX,ASW,WE,Combined TRACON& Tower with Radar,104,25,20,9,158,0,3,14,2,19,104,28,34,11,177,0,0,0,177
02/17/2018,ELP,TX,ASW,WE,Combined TRACON& Tower with Radar,72,19,14,0,105,0,8,45,1,54,72,27,59,1,159,14,0,14,173
02/18/2018,ELP,TX,ASW,WE,Combined TRACON& Tower with Radar,80,28,16,0,124,0,5,28,0,33,80,33,44,0,157,10,0,10,167
02/19/2018,ELP,TX,ASW,WE,Combined TRACON& Tower with Radar,100,45,27,1,173,0,3,23,0,26,100,48,50,1,199,0,0,0,199
02/20/2018,ELP,TX,ASW,WE,Combined TRACON& Tower with Radar,91,34,20,23,168,0,12,24,7,43,91,46,44,30,211,0,6,6,217
02/21/2018,ELP,TX,ASW,WE,Combined TRACON& Tower with Radar,100,36,24,5,165,0,21,40,4,65,100,57,64,9,230,0,0,0,230
02/22/2018,ELP,TX,ASW,WE,Combined TRACON& Tower with Radar,112,46,20,31,209,0,16,27,10,53,112,62,47,41,262,0,22,22,284
02/23/2018,ELP,TX,ASW,WE,Combined TRACON& Tower with Radar,104,34,36,16,190,0,11,32,1,44,104,45,68,17,234,10,0,10,244
02/24/2018,ELP,TX,ASW,WE,Combined TRACON& Tower with Radar,71,25,26,0,122,0,5,21,0,26,71,30,47,0,148,28,12,40,188
02/25/2018,ELP,TX,ASW,WE,Combined TRACON& Tower with Radar,83,26,25,32,166,0,3,32,3,38,83,29,57,35,204,0,4,4,208
02/26/2018,ELP,TX,ASW,WE,Combined TRACON& Tower with Radar,99,40,24,5,168,0,12,46,3,61,99,52,70,8,229,10,0,10,239
02/27/2018,ELP,TX,ASW,WE,Combined TRACON& Tower with Radar,101,38,32,10,181,0,12,45,3,60,101,50,77,13,241,72,0,72,313
02/28/2018,ELP,TX,ASW,WE,Combined TRACON& Tower with Radar,104,40,30,8,182,0,15,32,2,49,104,55,62,10,231,46,0,46,277
03/01/2018,ELP,TX,ASW,WE,Combined TRACON& Tower with Radar,115,58,27,2,202,0,16,71,5,92,115,74,98,7,294,20,0,20,314
03/02/2018,ELP,TX,ASW,WE,Combined TRACON& Tower with Radar,108,37,29,9,183,0,19,72,1,92,108,56,101,10,275,26,0,26,301
03/03/2018,ELP,TX,ASW,WE,Combined TRACON& Tower with Radar,73,30,32,8,143,0,17,39,2,58,73,47,71,10,201,36,0,36,237
03/04/2018,ELP,TX,ASW,WE,Combined TRACON& Tower with Radar,83,27,12,7,129,0,1,29,3,33,83,28,41,10,162,44,0,44,206
03/05/2018,ELP,TX,ASW,WE,Combined TRACON& Tower with Radar,105,23,23,23,174,0,10,41,15,66,105,33,64,38,240,8,0,8,248
03/06/2018,ELP,TX,ASW,WE,Combined TRACON& Tower with Radar,112,47,26,24,209,0,14,72,11,97,112,61,98,35,306,40,0,40,346
03/07/2018,ELP,TX,ASW,WE,Combined TRACON& Tower with Radar,113,45,24,1,183,0,20,49,16,85,113,65,73,17,268,95,16,111,379
03/08/2018,ELP,TX,ASW,WE,Combined TRACON& Tower with Radar,107,47,31,1,186,0,7,61,8,76,107,54,92,9,262,102,0,102,364
03/09/2018,ELP,TX,ASW,WE,Combined TRACON& Tower with Radar,100,54,28,9,191,0,14,35,5,54,100,68,63,14,245,0,0,0,245
03/10/2018,ELP,TX,ASW,WE,Combined TRACON& Tower with Radar,73,29,21,1,124,0,4,39,1,44,73,33,60,2,168,8,0,8,176
03/11/2018,ELP,TX,ASW,WE,Combined TRACON& Tower with Radar,82,35,26,2,145,0,5,21,1,27,82,40,47,3,172,32,0,32,204
03/12/2018,ELP,TX,ASW,WE,Combined TRACON& Tower with Radar,102,42,14,13,171,0,9,58,7,74,102,51,72,20,245,12,0,12,257
03/13/2018,ELP,TX,ASW,WE,Combined TRACON& Tower with Radar,98,46,23,2,169,0,14,63,1,78,98,60,86,3,247,94,0,94,341
03/14/2018,ELP,TX,ASW,WE,Combined TRACON& Tower with Radar,103,42,30,8,183,0,30,45,9,84,103,72,75,17,267,12,0,12,279
03/15/2018,ELP,TX,ASW,WE,Combined TRACON& Tower with Radar,107,45,25,1,178,0,10,17,1,28,107,55,42,2,206,0,0,0,206
03/16/2018,ELP,TX,ASW,WE,Combined TRACON& Tower with Radar,108,46,35,28,217,0,16,42,16,74,108,62,77,44,291,20,0,20,311
03/17/2018,ELP,TX,ASW,WE,Combined TRACON& Tower with Radar,76,23,22,0,121,0,7,41,8,56,76,30,63,8,177,38,0,38,215
03/18/2018,ELP,TX,ASW,WE,Combined TRACON& Tower with Radar,86,27,12,12,137,0,1,11,4,16,86,28,23,16,153,0,6,6,159
03/19/2018,ELP,TX,ASW,WE,Combined TRACON& Tower with Radar,100,42,18,7,167,0,4,41,7,52,100,46,59,14,219,26,0,26,245
03/20/2018,ELP,TX,ASW,WE,Combined TRACON& Tower with Radar,110,34,25,7,176,0,16,41,20,77,110,50,66,27,253,10,4,14,267
03/21/2018,ELP,TX,ASW,WE,Combined TRACON& Tower with Radar,95,43,26,2,166,0,22,36,10,68,95,65,62,12,234,24,0,24,258
03/22/2018,ELP,TX,ASW,WE,Combined TRACON& Tower with Radar,112,49,24,2,187,0,14,45,1,60,112,63,69,3,247,4,0,4,251
03/23/2018,ELP,TX,ASW,WE,Combined TRACON& Tower with Radar,101,38,36,0,175,0,7,27,6,40,101,45,63,6,215,20,0,20,235
03/24/2018,ELP,TX,ASW,WE,Combined TRACON& Tower with Radar,86,48,15,2,151,0,5,20,3,28,86,53,35,5,179,30,0,30,209
03/25/2018,ELP,TX,ASW,WE,Combined TRACON& Tower with Radar,88,32,16,0,136,0,0,16,6,22,88,32,32,6,158,0,0,0,158
03/26/2018,ELP,TX,ASW,WE,Combined TRACON& Tower with Radar,113,39,46,1,199,0,14,24,8,46,113,53,70,9,245,0,0,0,245
03/27/2018,ELP,TX,ASW,WE,Combined TRACON& Tower with Radar,100,53,25,16,194,0,9,52,14,75,100,62,77,30,269,16,0,16,285
03/28/2018,ELP,TX,ASW,WE,Combined TRACON& Tower with Radar,111,46,50,29,236,0,10,29,9,48,111,56,79,38,284,0,0,0,284
03/29/2018,ELP,TX,ASW,WE,Combined TRACON& Tower with Radar,113,63,34,11,221,0,17,63,0,80,113,80,97,11,301,67,0,67,368
03/30/2018,ELP,TX,ASW,WE,Combined TRACON& Tower with Radar,97,33,14,31,175,0,13,43,6,62,97,46,57,37,237,22,0,22,259
03/31/2018,ELP,TX,ASW,WE,Combined TRACON& Tower with Radar,75,28,22,6,131,1,14,44,0,59,76,42,66,6,190,22,0,22,212
04/01/2018,ELP,TX,ASW,WE,Combined TRACON& Tower with Radar,81,28,15,13,137,0,2,28,1,31,81,30,43,14,168,14,0,14,182
04/02/2018,ELP,TX,ASW,WE,Combined TRACON& Tower with Radar,99,33,15,0,147,0,13,25,3,41,99,46,40,3,188,0,0,0,188
04/03/2018,ELP,TX,ASW,WE,Combined TRACON& Tower with Radar,104,37,23,1,165,0,6,29,6,41,104,43,52,7,206,76,0,76,282
04/04/2018,ELP,TX,ASW,WE,Combined TRACON& Tower with Radar,108,49,26,5,188,0,17,49,1,67,108,66,75,6,255,18,12,30,285
04/05/2018,ELP,TX,ASW,WE,Combined TRACON& Tower with Radar,110,41,25,8,184,0,18,52,12,82,110,59,77,20,266,86,0,86,352
04/06/2018,ELP,TX,ASW,WE,Combined TRACON& Tower with Radar,106,45,28,38,217,0,13,31,19,63,106,58,59,57,280,0,0,0,280
04/07/2018,ELP,TX,ASW,WE,Combined TRACON& Tower with Radar,79,25,17,24,145,0,2,37,7,46,79,27,54,31,191,22,80,102,293
04/08/2018,ELP,TX,ASW,WE,Combined TRACON& Tower with Radar,87,21,10,8,126,0,4,20,8,32,87,25,30,16,158,0,0,0,158
04/09/2018,ELP,TX,ASW,WE,Combined TRACON& Tower with Radar,118,31,17,9,175,0,14,42,5,61,118,45,59,14,236,12,0,12,248
04/10/2018,ELP,TX,ASW,WE,Combined TRACON& Tower with Radar,118,17,30,5,170,0,13,38,10,61,118,30,68,15,231,20,0,20,251
04/11/2018,ELP,TX,ASW,WE,Combined TRACON& Tower with Radar,118,22,20,12,172,0,33,35,5,73,118,55,55,17,245,36,0,36,281
04/12/2018,ELP,TX,ASW,WE,Combined TRACON& Tower with Radar,117,27,46,2,192,0,5,27,6,38,117,32,73,8,230,0,0,0,230
04/13/2018,ELP,TX,ASW,WE,Combined TRACON& Tower with Radar,119,29,10,4,162,0,3,7,1,11,119,32,17,5,173,0,0,0,173
04/14/2018,ELP,TX,ASW,WE,Combined TRACON& Tower with Radar,86,16,20,2,124,0,10,50,3,63,86,26,70,5,187,12,0,12,199
04/15/2018,ELP,TX,ASW,WE,Combined TRACON& Tower with Radar,99,18,29,2,148,0,7,55,3,65,99,25,84,5,213,18,0,18,231
04/16/2018,ELP,TX,ASW,WE,Combined TRACON& Tower with Radar,115,25,22,5,167,0,16,42,10,68,115,41,64,15,235,2,0,2,237
04/17/2018,ELP,TX,ASW,WE,Combined TRACON& Tower with Radar,123,30,18,8,179,0,11,25,12,48,123,41,43,20,227,8,0,8,235
04/18/2018,ELP,TX,ASW,WE,Combined TRACON& Tower with Radar,122,28,28,1,179,0,23,54,7,84,122,51,82,8,263,32,0,32,295
04/19/2018,ELP,TX,ASW,WE,Combined TRACON& Tower with Radar,123,39,21,5,188,0,15,44,1,60,123,54,65,6,248,4,0,4,252
04/20/2018,ELP,TX,ASW,WE,Combined TRACON& Tower with Radar,125,29,27,37,218,0,7,35,6,48,125,36,62,43,266,0,0,0,266
04/21/2018,ELP,TX,ASW,WE,Combined TRACON& Tower with Radar,79,16,14,3,112,0,4,31,1,36,79,20,45,4,148,104,0,104,252
04/22/2018,ELP,TX,ASW,WE,Combined TRACON& Tower with Radar,99,24,19,3,145,0,11,57,6,74,99,35,76,9,219,34,0,34,253
04/23/2018,ELP,TX,ASW,WE,Combined TRACON& Tower with Radar,119,24,29,1,173,0,7,42,9,58,119,31,71,10,231,62,0,62,293
04/24/2018,ELP,TX,ASW,WE,Combined TRACON& Tower with Radar,117,27,30,7,181,0,8,52,11,71,117,35,82,18,252,0,0,0,252
04/25/2018,ELP,TX,ASW,WE,Combined TRACON& Tower with Radar,122,34,29,5,190,0,18,47,13,78,122,52,76,18,268,0,0,0,268
04/26/2018,ELP,TX,ASW,WE,Combined TRACON& Tower with Radar,119,19,22,4,164,0,9,49,6,64,119,28,71,10,228,10,0,10,238
04/27/2018,ELP,TX,ASW,WE,Combined TRACON& Tower with Radar,127,31,12,11,181,0,27,48,7,82,127,58,60,18,263,0,0,0,263
04/28/2018,ELP,TX,ASW,WE,Combined TRACON& Tower with Radar,82,18,16,0,116,0,3,39,0,42,82,21,55,0,158,0,0,0,158
04/29/2018,ELP,TX,ASW,WE,Combined TRACON& Tower with Radar,104,18,25,25,172,0,4,30,3,37,104,22,55,28,209,100,0,100,309
04/30/2018,ELP,TX,ASW,WE,Combined TRACON& Tower with Radar,119,24,19,5,167,0,13,36,1,50,119,37,55,6,217,4,0,4,221
05/01/2018,ELP,TX,ASW,WE,Combined TRACON& Tower with Radar,110,14,17,5,146,0,10,46,5,61,110,24,63,10,207,0,0,0,207
05/02/2018,ELP,TX,ASW,WE,Combined TRACON& Tower with Radar,109,40,32,0,181,0,5,32,6,43,109,45,64,6,224,0,0,0,224
05/03/2018,ELP,TX,ASW,WE,Combined TRACON& Tower with Radar,121,34,21,6,182,0,17,49,5,71,121,51,70,11,253,0,0,0,253
05/04/2018,ELP,TX,ASW,WE,Combined TRACON& Tower with Radar,121,21,20,0,162,0,11,49,1,61,121,32,69,1,223,18,0,18,241
05/05/2018,ELP,TX,ASW,WE,Combined TRACON& Tower with Radar,88,14,17,4,123,0,7,42,8,57,88,21,59,12,180,32,0,32,212
05/06/2018,ELP,TX,ASW,WE,Combined TRACON& Tower with Radar,96,21,26,9,152,0,5,35,4,44,96,26,61,13,196,66,0,66,262
05/07/2018,ELP,TX,ASW,WE,Combined TRACON& Tower with Radar,120,18,20,7,165,0,10,56,3,69,120,28,76,10,234,40,0,40,274
05/08/2018,ELP,TX,ASW,WE,Combined TRACON& Tower with Radar,120,22,26,5,173,0,9,45,8,62,120,31,71,13,235,16,0,16,251
05/09/2018,ELP,TX,ASW,WE,Combined TRACON& Tower with Radar,120,32,25,8,185,0,8,56,6,70,120,40,81,14,255,0,0,0,255
05/10/2018,ELP,TX,ASW,WE,Combined TRACON& Tower with Radar,119,25,19,6,169,0,21,36,2,59,119,46,55,8,228,10,0,10,238
05/11/2018,ELP,TX,ASW,WE,Combined TRACON& Tower with Radar,130,15,22,23,190,0,10,22,5,37,130,25,44,28,227,16,0,16,243
05/12/2018,ELP,TX,ASW,WE,Combined TRACON& Tower with Radar,94,18,16,4,132,0,1,46,3,50,94,19,62,7,182,34,0,34,216
05/13/2018,ELP,TX,ASW,WE,Combined TRACON& Tower with Radar,95,23,15,24,157,0,2,18,5,25,95,25,33,29,182,18,0,18,200
05/14/2018,ELP,TX,ASW,WE,Combined TRACON& Tower with Radar,122,30,47,10,209,0,23,46,3,72,122,53,93,13,281,12,0,12,293
05/15/2018,ELP,TX,ASW,WE,Combined TRACON& Tower with Radar,122,40,30,2,194,0,8,46,7,61,122,48,76,9,255,8,0,8,263
05/16/2018,ELP,TX,ASW,WE,Combined TRACON& Tower with Radar,118,20,30,0,168,0,15,39,0,54,118,35,69,0,222,4,0,4,226
05/17/2018,ELP,TX,ASW,WE,Combined TRACON& Tower with Radar,127,24,36,9,196,0,4,50,9,63,127,28,86,18,259,6,0,6,265
05/18/2018,ELP,TX,ASW,WE,Combined TRACON& Tower with Radar,128,27,18,6,179,0,21,42,4,67,128,48,60,10,246,0,0,0,246
05/19/2018,ELP,TX,ASW,WE,Combined TRACON& Tower with Radar,88,11,14,0,113,0,10,32,0,42,88,21,46,0,155,10,0,10,165
05/20/2018,ELP,TX,ASW,WE,Combined TRACON& Tower with Radar,87,19,13,4,123,0,5,26,1,32,87,24,39,5,155,20,0,20,175
05/21/2018,ELP,TX,ASW,WE,Combined TRACON& Tower with Radar,124,36,27,4,191,0,6,34,4,44,124,42,61,8,235,40,0,40,275
05/22/2018,ELP,TX,ASW,WE,Combined TRACON& Tower with Radar,124,36,35,8,203,0,9,43,7,59,124,45,78,15,262,8,0,8,270
05/23/2018,ELP,TX,ASW,WE,Combined TRACON& Tower with Radar,120,45,17,7,189,0,13,32,8,53,120,58,49,15,242,6,0,6,248
05/24/2018,ELP,TX,ASW,WE,Combined TRACON& Tower with Radar,125,40,25,8,198,0,6,44,12,62,125,46,69,20,260,20,0,20,280
05/25/2018,ELP,TX,ASW,WE,Combined TRACON& Tower with Radar,134,15,26,0,175,0,17,39,2,58,134,32,65,2,233,34,0,34,267
05/26/2018,ELP,TX,ASW,WE,Combined TRACON& Tower with Radar,90,18,19,2,129,0,18,31,3,52,90,36,50,5,181,12,0,12,193
05/27/2018,ELP,TX,ASW,WE,Combined TRACON& Tower with Radar,90,16,15,0,121,0,7,35,0,42,90,23,50,0,163,12,0,12,175
05/28/2018,ELP,TX,ASW,WE,Combined TRACON& Tower with Radar,105,18,19,2,144,0,13,43,0,56,105,31,62,2,200,30,0,30,230
05/29/2018,ELP,TX,ASW,WE,Combined TRACON& Tower with Radar,115,20,31,3,169,0,14,55,4,73,115,34,86,7,242,12,0,12,254
05/30/2018,ELP,TX,ASW,WE,Combined TRACON& Tower with Radar,117,17,22,9,165,0,21,49,8,78,117,38,71,17,243,40,0,40,283
05/31/2018,ELP,TX,ASW,WE,Combined TRACON& Tower with Radar,117,27,26,17,187,0,7,67,4,78,117,34,93,21,265,40,0,40,305
06/01/2018,ELP,TX,ASW,WE,Combined TRACON& Tower with Radar,123,22,46,4,195,0,12,68,1,81,123,34,114,5,276,0,0,0,276
06/02/2018,ELP,TX,ASW,WE,Combined TRACON& Tower with Radar,87,16,12,3,118,0,3,47,7,57,87,19,59,10,175,20,0,20,195
06/03/2018,ELP,TX,ASW,WE,Combined TRACON& Tower with Radar,103,16,4,4,127,0,2,8,8,18,103,18,12,12,145,0,0,0,145
06/04/2018,ELP,TX,ASW,WE,Combined TRACON& Tower with Radar,123,19,25,3,170,0,9,53,3,65,123,28,78,6,235,0,0,0,235
06/05/2018,ELP,TX,ASW,WE,Combined TRACON& Tower with Radar,116,30,15,10,171,0,7,31,4,42,116,37,46,14,213,0,0,0,213
06/06/2018,ELP,TX,ASW,WE,Combined TRACON& Tower with Radar,124,24,15,7,170,0,10,30,11,51,124,34,45,18,221,10,0,10,231
06/07/2018,ELP,TX,ASW,WE,Combined TRACON& Tower with Radar,118,32,27,8,185,0,4,35,8,47,118,36,62,16,232,4,0,4,236
06/08/2018,ELP,TX,ASW,WE,Combined TRACON& Tower with Radar,122,28,17,9,176,0,5,48,7,60,122,33,65,16,236,0,0,0,236
06/09/2018,ELP,TX,ASW,WE,Combined TRACON& Tower with Radar,94,21,15,3,133,0,2,32,0,34,94,23,47,3,167,0,0,0,167
06/10/2018,ELP,TX,ASW,WE,Combined TRACON& Tower with Radar,93,12,19,2,126,0,1,31,5,37,93,13,50,7,163,0,0,0,163
06/11/2018,ELP,TX,ASW,WE,Combined TRACON& Tower with Radar,124,23,29,6,182,0,8,38,1,47,124,31,67,7,229,16,0,16,245
06/12/2018,ELP,TX,ASW,WE,Combined TRACON& Tower with Radar,119,25,26,2,172,0,4,49,1,54,119,29,75,3,226,4,0,4,230
06/13/2018,ELP,TX,ASW,WE,Combined TRACON& Tower with Radar,121,27,25,2,175,0,5,44,5,54,121,32,69,7,229,0,0,0,229
06/14/2018,ELP,TX,ASW,WE,Combined TRACON& Tower with Radar,120,17,22,3,162,0,9,51,4,64,120,26,73,7,226,20,0,20,246
06/15/2018,ELP,TX,ASW,WE,Combined TRACON& Tower with Radar,124,23,17,1,165,0,11,38,1,50,124,34,55,2,215,0,0,0,215
06/16/2018,ELP,TX,ASW,WE,Combined TRACON& Tower with Radar,99,21,12,2,134,0,0,16,2,18,99,21,28,4,152,0,0,0,152
06/17/2018,ELP,TX,ASW,WE,Combined TRACON& Tower with Radar,93,16,17,1,127,0,2,37,2,41,93,18,54,3,168,28,0,28,196
06/18/2018,ELP,TX,ASW,WE,Combined TRACON& Tower with Radar,121,22,21,0,164,0,3,59,2,64,121,25,80,2,228,42,0,42,270
06/19/2018,ELP,TX,ASW,WE,Combined TRACON& Tower with Radar,117,25,24,7,173,0,5,41,17,63,117,30,65,24,236,0,20,20,256
06/20/2018,ELP,TX,ASW,WE,Combined TRACON& Tower with Radar,126,25,19,3,173,0,11,27,5,43,126,36,46,8,216,24,0,24,240
06/21/2018,ELP,TX,ASW,WE,Combined TRACON& Tower with Radar,123,26,17,1,167,0,8,41,8,57,123,34,58,9,224,0,0,0,224
06/22/2018,ELP,TX,ASW,WE,Combined TRACON& Tower with Radar,121,34,25,13,193,0,9,31,7,47,121,43,56,20,240,0,0,0,240
06/23/2018,ELP,TX,ASW,WE,Combined TRACON& Tower with Radar,95,33,20,8,156,0,7,49,3,59,95,40,69,11,215,6,0,6,221
06/24/2018,ELP,TX,ASW,WE,Combined TRACON& Tower with Radar,95,28,19,15,157,0,6,22,7,35,95,34,41,22,192,0,6,6,198
06/25/2018,ELP,TX,ASW,WE,Combined TRACON& Tower with Radar,121,28,13,9,171,0,15,37,7,59,121,43,50,16,230,4,0,4,234
06/26/2018,ELP,TX,ASW,WE,Combined TRACON& Tower with Radar,116,35,18,14,183,0,14,39,5,58,116,49,57,19,241,0,0,0,241
06/27/2018,ELP,TX,ASW,WE,Combined TRACON& Tower with Radar,120,25,29,4,178,0,9,30,15,54,120,34,59,19,232,4,0,4,236
06/28/2018,ELP,TX,ASW,WE,Combined TRACON& Tower with Radar,120,35,15,3,173,0,7,32,28,67,120,42,47,31,240,0,0,0,240
06/29/2018,ELP,TX,ASW,WE,Combined TRACON& Tower with Radar,129,28,9,12,178,0,7,22,5,34,129,35,31,17,212,8,0,8,220
06/30/2018,ELP,TX,ASW,WE,Combined TRACON& Tower with Radar,99,23,7,0,129,0,1,31,4,36,99,24,38,4,165,0,0,0,165
07/01/2018,ELP,TX,ASW,WE,Combined TRACON& Tower with Radar,96,18,12,4,130,0,1,23,1,25,96,19,35,5,155,10,0,10,165
07/02/2018,ELP,TX,ASW,WE,Combined TRACON& Tower with Radar,129,11,10,3,153,0,6,34,3,43,129,17,44,6,196,0,0,0,196
07/03/2018,ELP,TX,ASW,WE,Combined TRACON& Tower with Radar,121,13,10,2,146,0,12,31,2,45,121,25,41,4,191,8,0,8,199
07/04/2018,ELP,TX,ASW,WE,Combined TRACON& Tower with Radar,90,8,4,2,104,0,1,22,4,27,90,9,26,6,131,24,0,24,155
07/05/2018,ELP,TX,ASW,WE,Combined TRACON& Tower with Radar,105,10,36,5,156,0,10,32,6,48,105,20,68,11,204,40,0,40,244
07/06/2018,ELP,TX,ASW,WE,Combined TRACON& Tower with Radar,129,19,6,13,167,0,8,31,12,51,129,27,37,25,218,0,0,0,218
07/07/2018,ELP,TX,ASW,WE,Combined TRACON& Tower with Radar,96,22,12,0,130,0,12,28,1,41,96,34,40,1,171,0,0,0,171
07/08/2018,ELP,TX,ASW,WE,Combined TRACON& Tower with Radar,102,23,8,0,133,0,0,20,1,21,102,23,28,1,154,24,0,24,178
07/09/2018,ELP,TX,ASW,WE,Combined TRACON& Tower with Radar,120,22,13,2,157,0,6,24,1,31,120,28,37,3,188,40,0,40,228
07/10/2018,ELP,TX,ASW,WE,Combined TRACON& Tower with Radar,125,30,13,4,172,0,9,31,1,41,125,39,44,5,213,40,0,40,253
07/11/2018,ELP,TX,ASW,WE,Combined TRACON& Tower with Radar,121,30,26,5,182,0,2,48,6,56,121,32,74,11,238,32,0,32,270
07/12/2018,ELP,TX,ASW,WE,Combined TRACON& Tower with Radar,117,24,15,6,162,0,10,44,0,54,117,34,59,6,216,0,0,0,216
07/13/2018,ELP,TX,ASW,WE,Combined TRACON& Tower with Radar,129,29,14,8,180,0,9,50,1,60,129,38,64,9,240,12,0,12,252
07/14/2018,ELP,TX,ASW,WE,Combined TRACON& Tower with Radar,99,23,17,1,140,0,2,47,3,52,99,25,64,4,192,30,0,30,222
07/15/2018,ELP,TX,ASW,WE,Combined TRACON& Tower with Radar,99,20,4,1,124,0,3,22,1,26,99,23,26,2,150,0,4,4,154
07/16/2018,ELP,TX,ASW,WE,Combined TRACON& Tower with Radar,133,20,15,4,172,0,5,23,3,31,133,25,38,7,203,10,0,10,213
07/17/2018,ELP,TX,ASW,WE,Combined TRACON& Tower with Radar,129,21,10,1,161,0,11,37,5,53,129,32,47,6,214,18,0,18,232
07/18/2018,ELP,TX,ASW,WE,Combined TRACON& Tower with Radar,124,24,15,7,170,0,17,34,20,71,124,41,49,27,241,6,0,6,247
07/19/2018,ELP,TX,ASW,WE,Combined TRACON& Tower with Radar,118,23,27,12,180,0,10,23,11,44,118,33,50,23,224,0,0,0,224
07/20/2018,ELP,TX,ASW,WE,Combined TRACON& Tower with Radar,125,22,15,9,171,0,9,36,5,50,125,31,51,14,221,28,0,28,249
07/21/2018,ELP,TX,ASW,WE,Combined TRACON& Tower with Radar,101,20,12,0,133,0,1,41,4,46,101,21,53,4,179,12,0,12,191
07/22/2018,ELP,TX,ASW,WE,Combined TRACON& Tower with Radar,89,20,22,10,141,0,9,27,10,46,89,29,49,20,187,20,0,20,207
07/23/2018,ELP,TX,ASW,WE,Combined TRACON& Tower with Radar,117,35,39,3,194,0,16,39,18,73,117,51,78,21,267,30,0,30,297
07/24/2018,ELP,TX,ASW,WE,Combined TRACON& Tower with Radar,124,28,34,18,204,0,8,37,15,60,124,36,71,33,264,10,0,10,274
07/25/2018,ELP,TX,ASW,WE,Combined TRACON& Tower with Radar,124,38,30,16,208,0,6,72,18,96,124,44,102,34,304,30,0,30,334
07/26/2018,ELP,TX,ASW,WE,Combined TRACON& Tower with Radar,122,41,23,14,200,0,11,45,14,70,122,52,68,28,270,0,0,0,270
07/27/2018,ELP,TX,ASW,WE,Combined TRACON& Tower with Radar,132,24,20,17,193,0,3,47,9,59,132,27,67,26,252,0,0,0,252
07/28/2018,ELP,TX,ASW,WE,Combined TRACON& Tower with Radar,99,21,8,15,143,0,5,49,3,57,99,26,57,18,200,8,0,8,208
07/29/2018,ELP,TX,ASW,WE,Combined TRACON& Tower with Radar,94,16,23,9,142,0,7,49,14,70,94,23,72,23,212,16,12,28,240
07/30/2018,ELP,TX,ASW,WE,Combined TRACON& Tower with Radar,118,20,11,4,153,0,8,32,3,43,118,28,43,7,196,20,0,20,216
07/31/2018,ELP,TX,ASW,WE,Combined TRACON& Tower with Radar,126,31,17,2,176,0,7,37,11,55,126,38,54,13,231,6,0,6,237
08/01/2018,ELP,TX,ASW,WE,Combined TRACON& Tower with Radar,114,31,16,3,164,0,4,36,13,53,114,35,52,16,217,18,0,18,235
08/02/2018,ELP,TX,ASW,WE,Combined TRACON& Tower with Radar,110,33,22,5,170,0,15,46,11,72,110,48,68,16,242,42,0,42,284
08/03/2018,ELP,TX,ASW,WE,Combined TRACON& Tower with Radar,127,26,15,5,173,0,8,32,7,47,127,34,47,12,220,6,0,6,226
08/04/2018,ELP,TX,ASW,WE,Combined TRACON& Tower with Radar,94,20,10,11,135,0,10,30,4,44,94,30,40,15,179,16,0,16,195
08/05/2018,ELP,TX,ASW,WE,Combined TRACON& Tower with Radar,98,15,9,19,141,0,9,39,10,58,98,24,48,29,199,30,0,30,229
08/06/2018,ELP,TX,ASW,WE,Combined TRACON& Tower with Radar,120,23,27,5,175,0,6,42,4,52,120,29,69,9,227,6,0,6,233
08/07/2018,ELP,TX,ASW,WE,Combined TRACON& Tower with Radar,118,21,9,4,152,0,23,48,9,80,118,44,57,13,232,0,0,0,232
08/08/2018,ELP,TX,ASW,WE,Combined TRACON& Tower with Radar,126,24,14,4,168,0,18,42,3,63,126,42,56,7,231,0,0,0,231
08/09/2018,ELP,TX,ASW,WE,Combined TRACON& Tower with Radar,119,26,19,27,191,0,10,37,7,54,119,36,56,34,245,0,0,0,245
08/10/2018,ELP,TX,ASW,WE,Combined TRACON& Tower with Radar,127,21,28,8,184,0,5,27,4,36,127,26,55,12,220,10,0,10,230
08/11/2018,ELP,TX,ASW,WE,Combined TRACON& Tower with Radar,80,17,11,8,116,0,10,30,2,42,80,27,41,10,158,12,10,22,180
08/12/2018,ELP,TX,ASW,WE,Combined TRACON& Tower with Radar,98,18,14,4,134,0,2,28,0,30,98,20,42,4,164,0,0,0,164
08/13/2018,ELP,TX,ASW,WE,Combined TRACON& Tower with Radar,118,17,14,22,171,0,5,39,4,48,118,22,53,26,219,30,0,30,249
08/14/2018,ELP,TX,ASW,WE,Combined TRACON& Tower with Radar,119,46,32,24,221,0,5,34,17,56,119,51,66,41,277,18,0,18,295
08/15/2018,ELP,TX,ASW,WE,Combined TRACON& Tower with Radar,120,26,20,4,170,0,2,42,9,53,120,28,62,13,223,0,0,0,223
08/16/2018,ELP,TX,ASW,WE,Combined TRACON& Tower with Radar,121,27,24,6,178,0,4,44,24,72,121,31,68,30,250,40,0,40,290
08/17/2018,ELP,TX,ASW,WE,Combined TRACON& Tower with Radar,122,18,22,22,184,0,4,44,10,58,122,22,66,32,242,6,0,6,248
08/18/2018,ELP,TX,ASW,WE,Combined TRACON& Tower with Radar,87,19,16,3,125,0,4,30,10,44,87,23,46,13,169,12,0,12,181
08/19/2018,ELP,TX,ASW,WE,Combined TRACON& Tower with Radar,98,23,11,2,134,0,3,53,23,79,98,26,64,25,213,40,0,40,253
08/20/2018,ELP,TX,ASW,WE,Combined TRACON& Tower with Radar,115,21,20,0,156,0,14,23,15,52,115,35,43,15,208,0,0,0,208
08/21/2018,ELP,TX,ASW,WE,Combined TRACON& Tower with Radar,122,25,10,4,161,0,9,25,12,46,122,34,35,16,207,4,0,4,211
08/22/2018,ELP,TX,ASW,WE,Combined TRACON& Tower with Radar,123,20,19,2,164,0,8,43,15,66,123,28,62,17,230,14,0,14,244
08/23/2018,ELP,TX,ASW,WE,Combined TRACON& Tower with Radar,122,22,12,1,157,0,9,28,6,43,122,31,40,7,200,12,0,12,212
08/24/2018,ELP,TX,ASW,WE,Combined TRACON& Tower with Radar,122,23,15,13,173,0,13,36,15,64,122,36,51,28,237,20,0,20,257
08/25/2018,ELP,TX,ASW,WE,Combined TRACON& Tower with Radar,82,17,23,5,127,0,8,37,6,51,82,25,60,11,178,16,0,16,194
08/26/2018,ELP,TX,ASW,WE,Combined TRACON& Tower with Radar,95,19,8,11,133,0,8,46,1,55,95,27,54,12,188,16,6,22,210
08/27/2018,ELP,TX,ASW,WE,Combined TRACON& Tower with Radar,114,24,14,5,157,0,11,31,8,50,114,35,45,13,207,30,0,30,237
08/28/2018,ELP,TX,ASW,WE,Combined TRACON& Tower with Radar,120,33,27,10,190,0,5,42,5,52,120,38,69,15,242,10,0,10,252
08/29/2018,ELP,TX,ASW,WE,Combined TRACON& Tower with Radar,118,25,29,20,192,0,9,54,8,71,118,34,83,28,263,42,0,42,305
08/30/2018,ELP,TX,ASW,WE,Combined TRACON& Tower with Radar,129,36,18,16,199,0,10,50,3,63,129,46,68,19,262,8,0,8,270
08/31/2018,ELP,TX,ASW,WE,Combined TRACON& Tower with Radar,120,24,13,5,162,0,15,46,0,61,120,39,59,5,223,0,0,0,223
09/01/2018,ELP,TX,ASW,WE,Combined TRACON& Tower with Radar,78,14,17,0,109,0,0,29,0,29,78,14,46,0,138,8,0,8,146
09/02/2018,ELP,TX,ASW,WE,Combined TRACON& Tower with Radar,83,13,20,4,120,0,5,27,1,33,83,18,47,5,153,0,0,0,153
09/03/2018,ELP,TX,ASW,WE,Combined TRACON& Tower with Radar,95,25,29,0,149,0,6,29,0,35,95,31,58,0,184,0,0,0,184
09/04/2018,ELP,TX,ASW,WE,Combined TRACON& Tower with Radar,115,20,18,15,168,0,15,35,1,51,115,35,53,16,219,0,0,0,219
09/05/2018,ELP,TX,ASW,WE,Combined TRACON& Tower with Radar,123,39,11,3,176,0,9,35,26,70,123,48,46,29,246,42,20,62,308
09/06/2018,ELP,TX,ASW,WE,Combined TRACON& Tower with Radar,119,30,32,2,183,0,17,30,11,58,119,47,62,13,241,46,0,46,287
09/07/2018,ELP,TX,ASW,WE,Combined TRACON& Tower with Radar,121,24,28,11,184,0,24,32,5,61,121,48,60,16,245,16,0,16,261
09/08/2018,ELP,TX,ASW,WE,Combined TRACON& Tower with Radar,83,15,8,4,110,0,24,34,3,61,83,39,42,7,171,8,0,8,179
09/09/2018,ELP,TX,ASW,WE,Combined TRACON& Tower with Radar,101,23,24,12,160,0,1,43,2,46,101,24,67,14,206,56,0,56,262
09/10/2018,ELP,TX,ASW,WE,Combined TRACON& Tower with Radar,116,23,11,17,167,0,15,25,3,43,116,38,36,20,210,0,0,0,210
09/11/2018,ELP,TX,ASW,WE,Combined TRACON& Tower with Radar,119,27,29,22,197,0,17,45,18,80,119,44,74,40,277,60,20,80,357
09/12/2018,ELP,TX,ASW,WE,Combined TRACON& Tower with Radar,118,29,25,10,182,0,9,48,10,67,118,38,73,20,249,34,0,34,283
09/13/2018,ELP,TX,ASW,WE,Combined TRACON& Tower with Radar,125,30,55,10,220,0,4,45,3,52,125,34,100,13,272,6,0,6,278
09/14/2018,ELP,TX,ASW,WE,Combined TRACON& Tower with Radar,124,32,25,19,200,0,3,40,7,50,124,35,65,26,250,8,0,8,258
09/15/2018,ELP,TX,ASW,WE,Combined TRACON& Tower with Radar,85,22,8,4,119,0,14,25,1,40,85,36,33,5,159,6,0,6,165
09/16/2018,ELP,TX,ASW,WE,Combined TRACON& Tower with Radar,97,17,15,4,133,0,9,21,4,34,97,26,36,8,167,16,0,16,183
09/17/2018,ELP,TX,ASW,WE,Combined TRACON& Tower with Radar,120,26,27,23,196,0,12,37,9,58,120,38,64,32,254,0,0,0,254
09/18/2018,ELP,TX,ASW,WE,Combined TRACON& Tower with Radar,119,24,32,0,175,0,7,35,54,96,119,31,67,54,271,32,0,32,303
09/19/2018,ELP,TX,ASW,WE,Combined TRACON& Tower with Radar,120,33,22,6,181,0,7,32,6,45,120,40,54,12,226,6,0,6,232
09/20/2018,ELP,TX,ASW,WE,Combined TRACON& Tower with Radar,123,30,19,11,183,0,8,21,4,33,123,38,40,15,216,18,0,18,234
09/21/2018,ELP,TX,ASW,WE,Combined TRACON& Tower with Radar,118,31,14,12,175,0,18,21,16,55,118,49,35,28,230,0,4,4,234
09/22/2018,ELP,TX,ASW,WE,Combined TRACON& Tower with Radar,83,10,23,0,116,0,5,32,10,47,83,15,55,10,163,16,0,16,179
09/23/2018,ELP,TX,ASW,WE,Combined TRACON& Tower with Radar,92,10,20,10,132,0,6,44,3,53,92,16,64,13,185,8,0,8,193
09/24/2018,ELP,TX,ASW,WE,Combined TRACON& Tower with Radar,113,22,17,17,169,0,12,35,8,55,113,34,52,25,224,0,0,0,224
09/25/2018,ELP,TX,ASW,WE,Combined TRACON& Tower with Radar,126,26,22,9,183,0,21,51,16,88,126,47,73,25,271,26,0,26,297
09/26/2018,ELP,TX,ASW,WE,Combined TRACON& Tower with Radar,120,37,22,8,187,0,11,33,4,48,120,48,55,12,235,6,0,6,241
09/27/2018,ELP,TX,ASW,WE,Combined TRACON& Tower with Radar,120,32,25,7,184,0,19,44,8,71,120,51,69,15,255,46,0,46,301
09/28/2018,ELP,TX,ASW,WE,Combined TRACON& Tower with Radar,123,26,21,5,175,0,11,52,17,80,123,37,73,22,255,10,0,10,265
09/29/2018,ELP,TX,ASW,WE,Combined TRACON& Tower with Radar,82,17,16,4,119,0,13,37,1,51,82,30,53,5,170,28,0,28,198
09/30/2018,ELP,TX,ASW,WE,Combined TRACON& Tower with Radar,93,20,18,0,131,0,0,31,1,32,93,20,49,1,163,36,0,36,199
10/01/2018,ELP,TX,ASW,WE,Combined TRACON& Tower with Radar,120,23,20,4,167,0,4,35,0,39,120,27,55,4,206,10,0,10,216
10/02/2018,ELP,TX,ASW,WE,Combined TRACON& Tower with Radar,118,24,13,0,155,0,18,50,6,74,118,42,63,6,229,24,0,24,253
10/03/2018,ELP,TX,ASW,WE,Combined TRACON& Tower with Radar,120,31,30,5,186,0,17,66,3,86,120,48,96,8,272,66,56,122,394
10/04/2018,ELP,TX,ASW,WE,Combined TRACON& Tower with Radar,118,23,26,9,176,0,13,43,8,64,118,36,69,17,240,44,0,44,284
10/05/2018,ELP,TX,ASW,WE,Combined TRACON& Tower with Radar,123,22,24,2,171,0,4,51,7,62,123,26,75,9,233,4,0,4,237
10/06/2018,ELP,TX,ASW,WE,Combined TRACON& Tower with Radar,88,26,38,2,154,0,8,51,2,61,88,34,89,4,215,0,0,0,215
10/07/2018,ELP,TX,ASW,WE,Combined TRACON& Tower with Radar,95,26,25,6,152,0,2,23,2,27,95,28,48,8,179,0,0,0,179
10/08/2018,ELP,TX,ASW,WE,Combined TRACON& Tower with Radar,119,26,25,5,175,0,2,47,2,51,119,28,72,7,226,0,0,0,226
10/09/2018,ELP,TX,ASW,WE,Combined TRACON& Tower with Radar,118,33,25,21,197,0,5,65,18,88,118,38,90,39,285,0,0,0,285
10/10/2018,ELP,TX,ASW,WE,Combined TRACON& Tower with Radar,130,43,45,3,221,0,17,73,8,98,130,60,118,11,319,20,0,20,339
10/11/2018,ELP,TX,ASW,WE,Combined TRACON& Tower with Radar,126,31,27,4,188,0,14,84,5,103,126,45,111,9,291,52,0,52,343
10/12/2018,ELP,TX,ASW,WE,Combined TRACON& Tower with Radar,127,35,20,15,197,0,6,28,2,36,127,41,48,17,233,0,0,0,233
10/13/2018,ELP,TX,ASW,WE,Combined TRACON& Tower with Radar,90,20,30,13,153,0,0,14,3,17,90,20,44,16,170,6,0,6,176
10/14/2018,ELP,TX,ASW,WE,Combined TRACON& Tower with Radar,94,24,43,13,174,0,1,34,7,42,94,25,77,20,216,0,0,0,216
10/15/2018,ELP,TX,ASW,WE,Combined TRACON& Tower with Radar,114,30,17,2,163,0,0,18,4,22,114,30,35,6,185,0,0,0,185
10/16/2018,ELP,TX,ASW,WE,Combined TRACON& Tower with Radar,127,37,14,4,182,0,2,15,3,20,127,39,29,7,202,0,0,0,202
10/17/2018,ELP,TX,ASW,WE,Combined TRACON& Tower with Radar,131,27,16,6,180,0,1,35,14,50,131,28,51,20,230,30,0,30,260
10/18/2018,ELP,TX,ASW,WE,Combined TRACON& Tower with Radar,127,34,34,0,195,0,1,4,0,5,127,35,38,0,200,0,0,0,200
10/19/2018,ELP,TX,ASW,WE,Combined TRACON& Tower with Radar,124,23,22,14,183,0,0,27,10,37,124,23,49,24,220,0,0,0,220
10/20/2018,ELP,TX,ASW,WE,Combined TRACON& Tower with Radar,94,21,14,9,138,0,3,25,1,29,94,24,39,10,167,12,0,12,179
10/21/2018,ELP,TX,ASW,WE,Combined TRACON& Tower with Radar,93,23,20,4,140,0,0,25,6,31,93,23,45,10,171,26,0,26,197
10/22/2018,ELP,TX,ASW,WE,Combined TRACON& Tower with Radar,120,29,27,5,181,0,3,37,7,47,120,32,64,12,228,26,0,26,254
10/23/2018,ELP,TX,ASW,WE,Combined TRACON& Tower with Radar,119,40,10,2,171,0,0,15,2,17,119,40,25,4,188,18,0,18,206
10/24/2018,ELP,TX,ASW,WE,Combined TRACON& Tower with Radar,134,47,23,24,228,0,1,48,11,60,134,48,71,35,288,80,24,104,392
10/25/2018,ELP,TX,ASW,WE,Combined TRACON& Tower with Radar,128,48,23,7,206,0,3,48,6,57,128,51,71,13,263,38,42,80,343
10/26/2018,ELP,TX,ASW,WE,Combined TRACON& Tower with Radar,128,41,31,10,210,0,5,51,3,59,128,46,82,13,269,62,0,62,331
10/27/2018,ELP,TX,ASW,WE,Combined TRACON& Tower with Radar,96,18,29,11,154,0,4,52,1,57,96,22,81,12,211,4,0,4,215
10/28/2018,ELP,TX,ASW,WE,Combined TRACON& Tower with Radar,98,16,21,11,146,0,2,32,1,35,98,18,53,12,181,68,18,86,267
10/29/2018,ELP,TX,ASW,WE,Combined TRACON& Tower with Radar,128,20,11,8,167,0,7,41,1,49,128,27,52,9,216,66,0,66,282
10/30/2018,ELP,TX,ASW,WE,Combined TRACON& Tower with Radar,129,24,17,8,178,0,6,47,2,55,129,30,64,10,233,0,0,0,233
10/31/2018,ELP,TX,ASW,WE,Combined TRACON& Tower with Radar,108,24,20,5,157,0,6,23,2,31,108,30,43,7,188,0,0,0,188
11/01/2018,ELP,TX,ASW,WE,Combined TRACON& Tower with Radar,123,31,43,10,207,0,11,58,2,71,123,42,101,12,278,58,0,58,336
11/02/2018,ELP,TX,ASW,WE,Combined TRACON& Tower with Radar,126,28,20,6,180,0,5,59,3,67,126,33,79,9,247,0,0,0,247
11/03/2018,ELP,TX,ASW,WE,Combined TRACON& Tower with Radar,95,15,19,7,136,0,8,54,2,64,95,23,73,9,200,36,16,52,252
11/04/2018,ELP,TX,ASW,WE,Combined TRACON& Tower with Radar,96,19,12,1,128,0,6,32,0,38,96,25,44,1,166,20,0,20,186
11/05/2018,ELP,TX,ASW,WE,Combined TRACON& Tower with Radar,131,22,27,0,180,0,9,43,3,55,131,31,70,3,235,4,0,4,239
11/06/2018,ELP,TX,ASW,WE,Combined TRACON& Tower with Radar,126,26,18,4,174,0,7,47,1,55,126,33,65,5,229,66,0,66,295
11/07/2018,ELP,TX,ASW,WE,Combined TRACON& Tower with Radar,128,28,20,15,191,0,11,54,2,67,128,39,74,17,258,36,0,36,294
11/08/2018,ELP,TX,ASW,WE,Combined TRACON& Tower with Radar,125,50,20,13,208,0,7,47,9,63,125,57,67,22,271,4,30,34,305
11/09/2018,ELP,TX,ASW,WE,Combined TRACON& Tower with Radar,138,26,23,5,192,0,1,36,0,37,138,27,59,5,229,4,0,4,233
11/10/2018,ELP,TX,ASW,WE,Combined TRACON& Tower with Radar,86,16,14,0,116,0,3,35,4,42,86,19,49,4,158,0,0,0,158
11/11/2018,ELP,TX,ASW,WE,Combined TRACON& Tower with Radar,99,15,26,10,150,0,4,32,0,36,99,19,58,10,186,12,0,12,198
11/12/2018,ELP,TX,ASW,WE,Combined TRACON& Tower with Radar,125,17,21,2,165,0,4,23,2,29,125,21,44,4,194,0,0,0,194
11/13/2018,ELP,TX,ASW,WE,Combined TRACON& Tower with Radar,130,15,22,4,171,0,2,38,2,42,130,17,60,6,213,0,0,0,213
11/14/2018,ELP,TX,ASW,WE,Combined TRACON& Tower with Radar,128,22,28,11,189,0,8,54,7,69,128,30,82,18,258,0,0,0,258
11/15/2018,ELP,TX,ASW,WE,Combined TRACON& Tower with Radar,126,21,30,4,181,0,6,37,0,43,126,27,67,4,224,44,0,44,268
11/16/2018,ELP,TX,ASW,WE,Combined TRACON& Tower with Radar,135,23,43,2,203,0,6,41,3,50,135,29,84,5,253,68,0,68,321
11/17/2018,ELP,TX,ASW,WE,Combined TRACON& Tower with Radar,98,19,22,3,142,0,9,35,1,45,98,28,57,4,187,4,0,4,191
11/18/2018,ELP,TX,ASW,WE,Combined TRACON& Tower with Radar,113,25,18,1,157,0,0,21,2,23,113,25,39,3,180,0,0,0,180
11/19/2018,ELP,TX,ASW,WE,Combined TRACON& Tower with Radar,122,28,27,2,179,0,3,47,6,56,122,31,74,8,235,80,0,80,315
11/20/2018,ELP,TX,ASW,WE,Combined TRACON& Tower with Radar,128,34,20,7,189,1,5,62,4,72,129,39,82,11,261,0,0,0,261
11/21/2018,ELP,TX,ASW,WE,Combined TRACON& Tower with Radar,145,31,19,1,196,0,8,36,0,44,145,39,55,1,240,34,0,34,274
11/22/2018,ELP,TX,ASW,WE,Combined TRACON& Tower with Radar,77,12,9,0,98,0,3,17,0,20,77,15,26,0,118,32,0,32,150
11/23/2018,ELP,TX,ASW,WE,Combined TRACON& Tower with Radar,105,12,6,6,129,0,10,34,0,44,105,22,40,6,173,6,0,6,179
11/24/2018,ELP,TX,ASW,WE,Combined TRACON& Tower with Radar,120,10,16,0,146,0,2,38,0,40,120,12,54,0,186,26,0,26,212
11/25/2018,ELP,TX,ASW,WE,Combined TRACON& Tower with Radar,115,23,32,4,174,0,1,18,1,20,115,24,50,5,194,0,0,0,194
11/26/2018,ELP,TX,ASW,WE,Combined TRACON& Tower with Radar,131,18,21,4,174,0,8,35,0,43,131,26,56,4,217,4,0,4,221
11/27/2018,ELP,TX,ASW,WE,Combined TRACON& Tower with Radar,131,20,31,9,191,0,5,37,1,43,131,25,68,10,234,8,0,8,242
11/28/2018,ELP,TX,ASW,WE,Combined TRACON& Tower with Radar,126,30,27,3,186,0,5,35,4,44,126,35,62,7,230,6,0,6,236
11/29/2018,ELP,TX,ASW,WE,Combined TRACON& Tower with Radar,126,25,36,4,191,0,13,49,4,66,126,38,85,8,257,10,0,10,267
11/30/2018,ELP,TX,ASW,WE,Combined TRACON& Tower with Radar,124,36,26,16,202,0,3,15,1,19,124,39,41,17,221,0,0,0,221
12/01/2018,ELP,TX,ASW,WE,Combined TRACON& Tower with Radar,85,11,9,9,114,0,4,13,3,20,85,15,22,12,134,0,0,0,134
12/02/2018,ELP,TX,ASW,WE,Combined TRACON& Tower with Radar,93,17,15,4,129,0,3,21,1,25,93,20,36,5,154,4,0,4,158
12/03/2018,ELP,TX,ASW,WE,Combined TRACON& Tower with Radar,118,31,29,3,181,0,5,38,9,52,118,36,67,12,233,82,0,82,315
12/04/2018,ELP,TX,ASW,WE,Combined TRACON& Tower with Radar,118,36,32,3,189,0,7,44,10,61,118,43,76,13,250,8,0,8,258
12/05/2018,ELP,TX,ASW,WE,Combined TRACON& Tower with Radar,121,43,38,2,204,0,6,42,1,49,121,49,80,3,253,14,0,14,267
12/06/2018,ELP,TX,ASW,WE,Combined TRACON& Tower with Radar,125,24,15,1,165,0,0,32,0,32,125,24,47,1,197,20,0,20,217
12/07/2018,ELP,TX,ASW,WE,Combined TRACON& Tower with Radar,125,32,4,6,167,0,2,5,0,7,125,34,9,6,174,0,0,0,174
12/08/2018,ELP,TX,ASW,WE,Combined TRACON& Tower with Radar,90,24,23,0,137,0,0,16,2,18,90,24,39,2,155,0,0,0,155
12/09/2018,ELP,TX,ASW,WE,Combined TRACON& Tower with Radar,98,27,14,6,145,0,3,22,0,25,98,30,36,6,170,10,0,10,180
12/10/2018,ELP,TX,ASW,WE,Combined TRACON& Tower with Radar,116,30,20,2,168,0,7,37,4,48,116,37,57,6,216,20,0,20,236
12/11/2018,ELP,TX,ASW,WE,Combined TRACON& Tower with Radar,136,38,23,0,197,0,9,58,4,71,136,47,81,4,268,90,0,90,358
12/12/2018,ELP,TX,ASW,WE,Combined TRACON& Tower with Radar,126,48,19,11,204,1,7,30,7,45,127,55,49,18,249,30,0,30,279
12/13/2018,ELP,TX,ASW,WE,Combined TRACON& Tower with Radar,130,46,21,4,201,0,6,37,5,48,130,52,58,9,249,18,0,18,267
12/14/2018,ELP,TX,ASW,WE,Combined TRACON& Tower with Radar,131,39,19,13,202,0,5,44,13,62,131,44,63,26,264,42,28,70,334
12/15/2018,ELP,TX,ASW,WE,Combined TRACON& Tower with Radar,92,44,21,1,158,0,10,58,3,71,92,54,79,4,229,48,0,48,277
12/16/2018,ELP,TX,ASW,WE,Combined TRACON& Tower with Radar,96,28,30,2,156,0,3,46,3,52,96,31,76,5,208,18,0,18,226
12/17/2018,ELP,TX,ASW,WE,Combined TRACON& Tower with Radar,119,34,31,2,186,0,4,38,2,44,119,38,69,4,230,10,0,10,240
12/18/2018,ELP,TX,ASW,WE,Combined TRACON& Tower with Radar,131,51,12,2,196,0,6,20,3,29,131,57,32,5,225,10,0,10,235
12/19/2018,ELP,TX,ASW,WE,Combined TRACON& Tower with Radar,142,69,20,4,235,1,9,46,2,58,143,78,66,6,293,22,0,22,315
12/20/2018,ELP,TX,ASW,WE,Combined TRACON& Tower with Radar,133,50,26,7,216,0,7,77,3,87,133,57,103,10,303,40,30,70,373
12/21/2018,ELP,TX,ASW,WE,Combined TRACON& Tower with Radar,135,51,24,1,211,0,7,52,4,63,135,58,76,5,274,22,0,22,296
12/22/2018,ELP,TX,ASW,WE,Combined TRACON& Tower with Radar,110,37,21,1,169,0,5,31,2,38,110,42,52,3,207,12,0,12,219
12/23/2018,ELP,TX,ASW,WE,Combined TRACON& Tower with Radar,109,28,14,0,151,0,2,16,1,19,109,30,30,1,170,4,0,4,174
12/24/2018,ELP,TX,ASW,WE,Combined TRACON& Tower with Radar,92,16,9,0,117,0,3,18,0,21,92,19,27,0,138,0,0,0,138
12/25/2018,ELP,TX,ASW,WE,Combined TRACON& Tower with Radar,79,26,2,0,107,0,1,16,0,17,79,27,18,0,124,0,0,0,124
12/26/2018,ELP,TX,ASW,WE,Combined TRACON& Tower with Radar,122,45,25,4,196,0,2,4,0,6,122,47,29,4,202,0,24,24,226
12/27/2018,ELP,TX,ASW,WE,Combined TRACON& Tower with Radar,111,34,21,0,166,0,7,45,0,52,111,41,66,0,218,18,0,18,236
12/28/2018,ELP,TX,ASW,WE,Combined TRACON& Tower with Radar,118,31,23,1,173,0,0,9,0,9,118,31,32,1,182,0,0,0,182
12/29/2018,ELP,TX,ASW,WE,Combined TRACON& Tower with Radar,104,30,26,1,161,0,3,7,2,12,104,33,33,3,173,40,0,40,213
12/30/2018,ELP,TX,ASW,WE,Combined TRACON& Tower with Radar,110,29,23,0,162,0,0,32,1,33,110,29,55,1,195,0,0,0,195
12/31/2018,ELP,TX,ASW,WE,Combined TRACON& Tower with Radar,105,24,14,0,143,0,1,29,0,30,105,25,43,0,173,0,0,0,173
01/01/2019,ELP,TX,ASW,WE,Combined TRACON& Tower with Radar,90,33,10,0,133,0,0,30,0,30,90,33,40,0,163,4,0,4,167
01/02/2019,ELP,TX,ASW,WE,Combined TRACON& Tower with Radar,127,42,24,0,193,0,3,12,0,15,127,45,36,0,208,0,0,0,208
01/03/2019,ELP,TX,ASW,WE,Combined TRACON& Tower with Radar,118,47,20,3,188,0,10,41,3,54,118,57,61,6,242,10,0,10,252
01/04/2019,ELP,TX,ASW,WE,Combined TRACON& Tower with Radar,117,41,31,5,194,0,13,30,7,50,117,54,61,12,244,26,0,26,270
01/05/2019,ELP,TX,ASW,WE,Combined TRACON& Tower with Radar,82,46,25,6,159,0,2,42,4,48,82,48,67,10,207,0,0,0,207
01/06/2019,ELP,TX,ASW,WE,Combined TRACON& Tower with Radar,94,33,19,9,155,0,2,14,6,22,94,35,33,15,177,0,0,0,177
01/07/2019,ELP,TX,ASW,WE,Combined TRACON& Tower with Radar,100,30,24,18,172,0,14,35,9,58,100,44,59,27,230,20,0,20,250
01/08/2019,ELP,TX,ASW,WE,Combined TRACON& Tower with Radar,104,48,21,2,175,0,11,41,4,56,104,59,62,6,231,18,0,18,249
01/09/2019,ELP,TX,ASW,WE,Combined TRACON& Tower with Radar,108,37,31,4,180,0,4,45,6,55,108,41,76,10,235,4,22,26,261
01/10/2019,ELP,TX,ASW,WE,Combined TRACON& Tower with Radar,101,33,25,2,161,0,2,23,2,27,101,35,48,4,188,16,0,16,204
01/11/2019,ELP,TX,ASW,WE,Combined TRACON& Tower with Radar,105,28,26,30,189,0,6,26,5,37,105,34,52,35,226,0,38,38,264
01/12/2019,ELP,TX,ASW,WE,Combined TRACON& Tower with Radar,79,24,25,0,128,0,3,48,7,58,79,27,73,7,186,0,0,0,186
01/13/2019,ELP,TX,ASW,WE,Combined TRACON& Tower with Radar,90,24,17,19,150,0,1,24,6,31,90,25,41,25,181,0,44,44,225
01/14/2019,ELP,TX,ASW,WE,Combined TRACON& Tower with Radar,97,48,31,11,187,0,4,41,7,52,97,52,72,18,239,40,0,40,279
01/15/2019,ELP,TX,ASW,WE,Combined TRACON& Tower with Radar,101,42,24,16,183,0,13,45,8,66,101,55,69,24,249,10,80,90,339
01/16/2019,ELP,TX,ASW,WE,Combined TRACON& Tower with Radar,110,46,28,9,193,0,9,34,3,46,110,55,62,12,239,20,0,20,259
01/17/2019,ELP,TX,ASW,WE,Combined TRACON& Tower with Radar,113,37,23,11,184,0,17,55,9,81,113,54,78,20,265,92,50,142,407
01/18/2019,ELP,TX,ASW,WE,Combined TRACON& Tower with Radar,108,33,18,22,181,0,3,24,0,27,108,36,42,22,208,0,0,0,208
01/19/2019,ELP,TX,ASW,WE,Combined TRACON& Tower with Radar,73,24,14,15,126,0,0,32,3,35,73,24,46,18,161,0,0,0,161
01/20/2019,ELP,TX,ASW,WE,Combined TRACON& Tower with Radar,91,20,13,9,133,0,4,33,4,41,91,24,46,13,174,8,0,8,182
01/21/2019,ELP,TX,ASW,WE,Combined TRACON& Tower with Radar,99,30,26,2,157,0,5,24,1,30,99,35,50,3,187,56,0,56,243
01/22/2019,ELP,TX,ASW,WE,Combined TRACON& Tower with Radar,97,33,10,10,150,0,9,31,5,45,97,42,41,15,195,0,0,0,195
01/23/2019,ELP,TX,ASW,WE,Combined TRACON& Tower with Radar,106,25,24,5,160,0,12,36,8,56,106,37,60,13,216,0,0,0,216
01/24/2019,ELP,TX,ASW,WE,Combined TRACON& Tower with Radar,109,34,55,2,200,0,9,63,2,74,109,43,118,4,274,22,0,22,296
01/25/2019,ELP,TX,ASW,WE,Combined TRACON& Tower with Radar,106,31,36,10,183,0,5,45,1,51,106,36,81,11,234,14,0,14,248
01/26/2019,ELP,TX,ASW,WE,Combined TRACON& Tower with Radar,81,26,12,2,121,0,5,45,5,55,81,31,57,7,176,16,0,16,192
01/27/2019,ELP,TX,ASW,WE,Combined TRACON& Tower with Radar,92,21,27,29,169,0,8,56,5,69,92,29,83,34,238,36,10,46,284
01/28/2019,ELP,TX,ASW,WE,Combined TRACON& Tower with Radar,99,26,20,8,153,0,5,45,4,54,99,31,65,12,207,14,0,14,221
01/29/2019,ELP,TX,ASW,WE,Combined TRACON& Tower with Radar,101,36,23,3,163,0,13,52,2,67,101,49,75,5,230,62,0,62,292
01/30/2019,ELP,TX,ASW,WE,Combined TRACON& Tower with Radar,100,56,24,14,194,0,7,60,2,69,100,63,84,16,263,20,0,20,283
01/31/2019,ELP,TX,ASW,WE,Combined TRACON& Tower with Radar,98,34,23,28,183,0,11,65,6,82,98,45,88,34,265,20,0,20,285
02/01/2019,ELP,TX,ASW,WE,Combined TRACON& Tower with Radar,108,42,22,35,207,0,8,51,1,60,108,50,73,36,267,0,0,0,267
02/02/2019,ELP,TX,ASW,WE,Combined TRACON& Tower with Radar,78,25,12,6,121,0,0,37,0,37,78,25,49,6,158,10,0,10,168
02/03/2019,ELP,TX,ASW,WE,Combined TRACON& Tower with Radar,91,16,14,5,126,0,2,20,2,24,91,18,34,7,150,12,0,12,162
02/04/2019,ELP,TX,ASW,WE,Combined TRACON& Tower with Radar,100,39,25,7,171,0,4,35,1,40,100,43,60,8,211,46,0,46,257
02/05/2019,ELP,TX,ASW,WE,Combined TRACON& Tower with Radar,103,37,26,7,173,0,5,54,2,61,103,42,80,9,234,28,20,48,282
02/06/2019,ELP,TX,ASW,WE,Combined TRACON& Tower with Radar,108,25,10,11,154,0,3,29,1,33,108,28,39,12,187,0,0,0,187
02/07/2019,ELP,TX,ASW,WE,Combined TRACON& Tower with Radar,107,28,18,17,170,0,8,42,3,53,107,36,60,20,223,2,0,2,225
02/08/2019,ELP,TX,ASW,WE,Combined TRACON& Tower with Radar,105,26,19,21,171,0,8,58,7,73,105,34,77,28,244,10,0,10,254
02/09/2019,ELP,TX,ASW,WE,Combined TRACON& Tower with Radar,80,25,19,11,135,0,2,47,2,51,80,27,66,13,186,8,0,8,194
02/10/2019,ELP,TX,ASW,WE,Combined TRACON& Tower with Radar,89,21,20,3,133,0,0,25,1,26,89,21,45,4,159,0,0,0,159
02/11/2019,ELP,TX,ASW,WE,Combined TRACON& Tower with Radar,103,39,27,8,177,0,5,25,2,32,103,44,52,10,209,10,0,10,219
02/12/2019,ELP,TX,ASW,WE,Combined TRACON& Tower with Radar,103,37,23,0,163,0,7,48,6,61,103,44,71,6,224,30,0,30,254
02/13/2019,ELP,TX,ASW,WE,Combined TRACON& Tower with Radar,109,35,23,6,173,0,8,43,5,56,109,43,66,11,229,48,0,48,277
02/14/2019,ELP,TX,ASW,WE,Combined TRACON& Tower with Radar,113,54,28,24,219,0,6,48,2,56,113,60,76,26,275,12,0,12,287
02/15/2019,ELP,TX,ASW,WE,Combined TRACON& Tower with Radar,105,30,42,16,193,0,7,32,2,41,105,37,74,18,234,0,0,0,234
02/16/2019,ELP,TX,ASW,WE,Combined TRACON& Tower with Radar,83,30,16,0,129,0,4,29,0,33,83,34,45,0,162,0,0,0,162
02/17/2019,ELP,TX,ASW,WE,Combined TRACON& Tower with Radar,94,23,16,0,133,0,0,31,5,36,94,23,47,5,169,10,0,10,179
02/18/2019,ELP,TX,ASW,WE,Combined TRACON& Tower with Radar,100,35,17,0,152,0,3,44,1,48,100,38,61,1,200,20,0,20,220
02/19/2019,ELP,TX,ASW,WE,Combined TRACON& Tower with Radar,110,34,24,3,171,0,2,18,2,22,110,36,42,5,193,38,0,38,231
02/20/2019,ELP,TX,ASW,WE,Combined TRACON& Tower with Radar,108,38,36,13,195,0,16,56,6,78,108,54,92,19,273,24,26,50,323
02/21/2019,ELP,TX,ASW,WE,Combined TRACON& Tower with Radar,118,33,18,11,180,0,8,41,6,55,118,41,59,17,235,10,0,10,245
02/22/2019,ELP,TX,ASW,WE,Combined TRACON& Tower with Radar,111,39,14,10,174,0,0,18,2,20,111,39,32,12,194,12,0,12,206
02/23/2019,ELP,TX,ASW,WE,Combined TRACON& Tower with Radar,90,26,10,5,131,0,2,18,11,31,90,28,28,16,162,20,0,20,182
02/24/2019,ELP,TX,ASW,WE,Combined TRACON& Tower with Radar,98,29,24,8,159,0,3,42,4,49,98,32,66,12,208,12,0,12,220
02/25/2019,ELP,TX,ASW,WE,Combined TRACON& Tower with Radar,107,42,27,8,184,0,5,35,2,42,107,47,62,10,226,0,0,0,226
02/26/2019,ELP,TX,ASW,WE,Combined TRACON& Tower with Radar,110,46,25,0,181,0,11,41,3,55,110,57,66,3,236,12,0,12,248
02/27/2019,ELP,TX,ASW,WE,Combined TRACON& Tower with Radar,114,34,22,19,189,0,10,34,6,50,114,44,56,25,239,14,0,14,253
02/28/2019,ELP,TX,ASW,WE,Combined TRACON& Tower with Radar,115,35,31,11,192,0,10,33,6,49,115,45,64,17,241,18,50,68,309
03/01/2019,ELP,TX,ASW,WE,Combined TRACON& Tower with Radar,108,41,42,11,202,0,7,49,0,56,108,48,91,11,258,14,0,14,272
03/02/2019,ELP,TX,ASW,WE,Combined TRACON& Tower with Radar,85,41,30,33,189,0,5,34,23,62,85,46,64,56,251,8,18,26,277
03/03/2019,ELP,TX,ASW,WE,Combined TRACON& Tower with Radar,96,32,24,9,161,0,7,14,4,25,96,39,38,13,186,8,0,8,194
03/04/2019,ELP,TX,ASW,WE,Combined TRACON& Tower with Radar,104,31,22,13,170,0,7,35,8,50,104,38,57,21,220,8,0,8,228
03/05/2019,ELP,TX,ASW,WE,Combined TRACON& Tower with Radar,112,36,19,3,170,0,11,57,11,79,112,47,76,14,249,28,0,28,277
03/06/2019,ELP,TX,ASW,WE,Combined TRACON& Tower with Radar,114,33,27,16,190,0,7,40,5,52,114,40,67,21,242,16,0,16,258
03/07/2019,ELP,TX,ASW,WE,Combined TRACON& Tower with Radar,116,31,37,11,195,0,3,26,2,31,116,34,63,13,226,0,0,0,226
03/08/2019,ELP,TX,ASW,WE,Combined TRACON& Tower with Radar,118,29,18,12,177,0,4,25,4,33,118,33,43,16,210,16,0,16,226
03/09/2019,ELP,TX,ASW,WE,Combined TRACON& Tower with Radar,81,21,18,11,131,0,8,43,7,58,81,29,61,18,189,34,0,34,223
03/10/2019,ELP,TX,ASW,WE,Combined TRACON& Tower with Radar,102,31,18,10,161,0,1,33,4,38,102,32,51,14,199,34,0,34,233
03/11/2019,ELP,TX,ASW,WE,Combined TRACON& Tower with Radar,115,32,20,11,178,0,2,38,12,52,115,34,58,23,230,38,0,38,268
03/12/2019,ELP,TX,ASW,WE,Combined TRACON& Tower with Radar,118,44,18,3,183,0,0,12,1,13,118,44,30,4,196,0,0,0,196
03/13/2019,ELP,TX,ASW,WE,Combined TRACON& Tower with Radar,91,32,12,1,136,1,1,2,0,4,92,33,14,1,140,10,0,10,150
03/14/2019,ELP,TX,ASW,WE,Combined TRACON& Tower with Radar,113,40,17,36,206,0,5,50,12,67,113,45,67,48,273,24,0,24,297
03/15/2019,ELP,TX,ASW,WE,Combined TRACON& Tower with Radar,114,46,34,27,221,0,6,38,7,51,114,52,72,34,272,6,0,6,278
03/16/2019,ELP,TX,ASW,WE,Combined TRACON& Tower with Radar,82,41,14,1,138,0,1,10,8,19,82,42,24,9,157,8,0,8,165
03/17/2019,ELP,TX,ASW,WE,Combined TRACON& Tower with Radar,96,27,21,11,155,0,3,48,7,58,96,30,69,18,213,0,0,0,213
03/18/2019,ELP,TX,ASW,WE,Combined TRACON& Tower with Radar,105,21,25,1,152,0,11,42,2,55,105,32,67,3,207,24,0,24,231
03/19/2019,ELP,TX,ASW,WE,Combined TRACON& Tower with Radar,114,37,28,10,189,0,10,54,8,72,114,47,82,18,261,18,0,18,279
03/20/2019,ELP,TX,ASW,WE,Combined TRACON& Tower with Radar,119,39,27,3,188,0,10,30,8,48,119,49,57,11,236,6,0,6,242
03/21/2019,ELP,TX,ASW,WE,Combined TRACON& Tower with Radar,113,50,21,10,194,0,10,35,11,56,113,60,56,21,250,0,22,22,272
03/22/2019,ELP,TX,ASW,WE,Combined TRACON& Tower with Radar,108,38,28,46,220,0,5,40,8,53,108,43,68,54,273,0,4,4,277
03/23/2019,ELP,TX,ASW,WE,Combined TRACON& Tower with Radar,82,33,18,13,146,0,3,32,0,35,82,36,50,13,181,8,0,8,189
03/24/2019,ELP,TX,ASW,WE,Combined TRACON& Tower with Radar,107,29,18,18,172,0,10,51,10,71,107,39,69,28,243,32,18,50,293
03/25/2019,ELP,TX,ASW,WE,Combined TRACON& Tower with Radar,115,31,21,5,172,0,8,49,12,69,115,39,70,17,241,18,0,18,259
03/26/2019,ELP,TX,ASW,WE,Combined TRACON& Tower with Radar,118,25,26,8,177,0,4,40,3,47,118,29,66,11,224,8,0,8,232
03/27/2019,ELP,TX,ASW,WE,Combined TRACON& Tower with Radar,120,29,41,2,192,0,6,53,0,59,120,35,94,2,251,42,0,42,293
03/28/2019,ELP,TX,ASW,WE,Combined TRACON& Tower with Radar,118,39,25,2,184,0,6,37,6,49,118,45,62,8,233,8,0,8,241
03/29/2019,ELP,TX,ASW,WE,Combined TRACON& Tower with Radar,114,25,21,31,191,0,5,50,1,56,114,30,71,32,247,6,0,6,253
03/30/2019,ELP,TX,ASW,WE,Combined TRACON& Tower with Radar,84,22,14,4,124,0,1,30,1,32,84,23,44,5,156,10,0,10,166
03/31/2019,ELP,TX,ASW,WE,Combined TRACON& Tower with Radar,98,25,17,2,142,0,3,23,0,26,98,28,40,2,168,12,0,12,180
04/01/2019,ELP,TX,ASW,WE,Combined TRACON& Tower with Radar,108,31,19,0,158,0,7,45,3,55,108,38,64,3,213,0,0,0,213
04/02/2019,ELP,TX,ASW,WE,Combined TRACON& Tower with Radar,118,28,22,12,180,0,13,53,8,74,118,41,75,20,254,36,0,36,290
04/03/2019,ELP,TX,ASW,WE,Combined TRACON& Tower with Radar,116,24,23,23,186,0,4,28,8,40,116,28,51,31,226,0,0,0,226
04/04/2019,ELP,TX,ASW,WE,Combined TRACON& Tower with Radar,123,37,23,11,194,0,9,58,4,71,123,46,81,15,265,14,0,14,279
04/05/2019,ELP,TX,ASW,WE,Combined TRACON& Tower with Radar,133,29,14,37,213,0,3,32,2,37,133,32,46,39,250,6,0,6,256
04/06/2019,ELP,TX,ASW,WE,Combined TRACON& Tower with Radar,102,21,13,3,139,0,0,44,5,49,102,21,57,8,188,34,0,34,222
04/07/2019,ELP,TX,ASW,WE,Combined TRACON& Tower with Radar,103,24,28,2,157,0,11,32,6,49,103,35,60,8,206,20,0,20,226
04/08/2019,ELP,TX,ASW,WE,Combined TRACON& Tower with Radar,114,23,14,6,157,0,10,65,7,82,114,33,79,13,239,12,0,12,251
04/09/2019,ELP,TX,ASW,WE,Combined TRACON& Tower with Radar,124,38,18,4,184,0,11,38,12,61,124,49,56,16,245,28,0,28,273
04/10/2019,ELP,TX,ASW,WE,Combined TRACON& Tower with Radar,106,38,22,4,170,0,1,7,4,12,106,39,29,8,182,0,16,16,198
04/11/2019,ELP,TX,ASW,WE,Combined TRACON& Tower with Radar,129,45,42,16,232,0,6,27,8,41,129,51,69,24,273,0,22,22,295
04/12/2019,ELP,TX,ASW,WE,Combined TRACON& Tower with Radar,121,29,26,63,239,0,5,33,3,41,121,34,59,66,280,6,0,6,286
04/13/2019,ELP,TX,ASW,WE,Combined TRACON& Tower with Radar,88,29,24,8,149,0,0,31,1,32,88,29,55,9,181,12,0,12,193
04/14/2019,ELP,TX,ASW,WE,Combined TRACON& Tower with Radar,103,19,20,14,156,0,7,51,6,64,103,26,71,20,220,44,0,44,264
04/15/2019,ELP,TX,ASW,WE,Combined TRACON& Tower with Radar,116,22,5,6,149,0,7,32,4,43,116,29,37,10,192,8,0,8,200
04/16/2019,ELP,TX,ASW,WE,Combined TRACON& Tower with Radar,126,29,30,9,194,0,9,37,8,54,126,38,67,17,248,0,0,0,248
04/17/2019,ELP,TX,ASW,WE,Combined TRACON& Tower with Radar,116,36,32,11,195,0,1,11,2,14,116,37,43,13,209,10,0,10,219
04/18/2019,ELP,TX,ASW,WE,Combined TRACON& Tower with Radar,119,20,24,2,165,0,5,63,6,74,119,25,87,8,239,34,0,34,273
04/19/2019,ELP,TX,ASW,WE,Combined TRACON& Tower with Radar,120,22,32,36,210,2,10,40,3,55,122,32,72,39,265,4,0,4,269
04/20/2019,ELP,TX,ASW,WE,Combined TRACON& Tower with Radar,90,21,12,8,131,0,5,23,0,28,90,26,35,8,159,0,0,0,159
04/21/2019,ELP,TX,ASW,WE,Combined TRACON& Tower with Radar,101,26,5,5,137,0,3,16,2,21,101,29,21,7,158,20,0,20,178
04/22/2019,ELP,TX,ASW,WE,Combined TRACON& Tower with Radar,116,20,23,4,163,0,2,50,0,52,116,22,73,4,215,18,0,18,233
04/23/2019,ELP,TX,ASW,WE,Combined TRACON& Tower with Radar,117,34,22,10,183,0,2,34,5,41,117,36,56,15,224,12,0,12,236
04/24/2019,ELP,TX,ASW,WE,Combined TRACON& Tower with Radar,124,33,21,3,181,0,2,42,5,49,124,35,63,8,230,14,0,14,244
04/25/2019,ELP,TX,ASW,WE,Combined TRACON& Tower with Radar,120,40,27,10,197,0,3,52,7,62,120,43,79,17,259,22,0,22,281
04/26/2019,ELP,TX,ASW,WE,Combined TRACON& Tower with Radar,116,34,27,17,194,0,4,55,6,65,116,38,82,23,259,20,0,20,279
04/27/2019,ELP,TX,ASW,WE,Combined TRACON& Tower with Radar,93,18,7,6,124,0,8,54,2,64,93,26,61,8,188,28,0,28,216
04/28/2019,ELP,TX,ASW,WE,Combined TRACON& Tower with Radar,110,22,28,11,171,0,8,32,3,43,110,30,60,14,214,69,0,69,283
04/29/2019,ELP,TX,ASW,WE,Combined TRACON& Tower with Radar,118,33,28,8,187,0,4,54,3,61,118,37,82,11,248,8,0,8,256
04/30/2019,ELP,TX,ASW,WE,Combined TRACON& Tower with Radar,120,33,8,5,166,0,12,44,5,61,120,45,52,10,227,8,0,8,235
05/01/2019,ELP,TX,ASW,WE,Combined TRACON& Tower with Radar,118,29,19,4,170,0,8,38,15,61,118,37,57,19,231,10,28,38,269
05/02/2019,ELP,TX,ASW,WE,Combined TRACON& Tower with Radar,118,30,17,26,191,0,10,49,9,68,118,40,66,35,259,30,44,74,333
05/03/2019,ELP,TX,ASW,WE,Combined TRACON& Tower with Radar,120,33,26,32,211,0,0,49,10,59,120,33,75,42,270,60,0,60,330
05/04/2019,ELP,TX,ASW,WE,Combined TRACON& Tower with Radar,97,21,16,1,135,2,2,56,2,62,99,23,72,3,197,18,0,18,215
05/05/2019,ELP,TX,ASW,WE,Combined TRACON& Tower with Radar,110,37,19,35,201,0,6,32,5,43,110,43,51,40,244,20,0,20,264
05/06/2019,ELP,TX,ASW,WE,Combined TRACON& Tower with Radar,115,21,23,7,166,0,14,55,13,82,115,35,78,20,248,50,0,50,298
05/07/2019,ELP,TX,ASW,WE,Combined TRACON& Tower with Radar,120,42,20,35,217,0,10,44,7,61,120,52,64,42,278,10,40,50,328
05/08/2019,ELP,TX,ASW,WE,Combined TRACON& Tower with Radar,110,41,21,24,196,0,7,39,4,50,110,48,60,28,246,8,28,36,282
05/09/2019,ELP,TX,ASW,WE,Combined TRACON& Tower with Radar,123,41,41,7,212,0,14,47,5,66,123,55,88,12,278,20,0,20,298
05/10/2019,ELP,TX,ASW,WE,Combined TRACON& Tower with Radar,122,36,27,21,206,0,4,16,10,30,122,40,43,31,236,136,0,136,372
05/11/2019,ELP,TX,ASW,WE,Combined TRACON& Tower with Radar,90,15,14,0,119,0,7,46,1,54,90,22,60,1,173,30,0,30,203
05/12/2019,ELP,TX,ASW,WE,Combined TRACON& Tower with Radar,110,22,9,14,155,0,0,17,0,17,110,22,26,14,172,0,0,0,172
05/13/2019,ELP,TX,ASW,WE,Combined TRACON& Tower with Radar,127,21,27,0,175,0,9,42,3,54,127,30,69,3,229,38,0,38,267
05/14/2019,ELP,TX,ASW,WE,Combined TRACON& Tower with Radar,120,29,21,34,204,0,8,38,6,52,120,37,59,40,256,0,50,50,306
05/15/2019,ELP,TX,ASW,WE,Combined TRACON& Tower with Radar,118,29,13,3,163,0,16,43,5,64,118,45,56,8,227,94,0,94,321
05/16/2019,ELP,TX,ASW,WE,Combined TRACON& Tower with Radar,129,33,28,7,197,0,8,29,4,41,129,41,57,11,238,12,0,12,250
05/17/2019,ELP,TX,ASW,WE,Combined TRACON& Tower with Radar,125,31,22,101,279,0,9,20,7,36,125,40,42,108,315,0,80,80,395
05/18/2019,ELP,TX,ASW,WE,Combined TRACON& Tower with Radar,85,15,12,10,122,0,6,27,4,37,85,21,39,14,159,0,0,0,159
05/19/2019,ELP,TX,ASW,WE,Combined TRACON& Tower with Radar,115,18,13,23,169,0,10,38,10,58,115,28,51,33,227,16,6,22,249
05/20/2019,ELP,TX,ASW,WE,Combined TRACON& Tower with Radar,119,30,16,6,171,0,8,27,9,44,119,38,43,15,215,20,24,44,259
05/21/2019,ELP,TX,ASW,WE,Combined TRACON& Tower with Radar,121,24,24,6,175,0,4,29,0,33,121,28,53,6,208,18,0,18,226
05/22/2019,ELP,TX,ASW,WE,Combined TRACON& Tower with Radar,125,36,35,16,212,0,5,38,3,46,125,41,73,19,258,12,0,12,270
05/23/2019,ELP,TX,ASW,WE,Combined TRACON& Tower with Radar,124,37,33,20,214,0,3,27,2,32,124,40,60,22,246,66,0,66,312
05/24/2019,ELP,TX,ASW,WE,Combined TRACON& Tower with Radar,127,31,19,7,184,0,3,41,8,52,127,34,60,15,236,6,0,6,242
05/25/2019,ELP,TX,ASW,WE,Combined TRACON& Tower with Radar,86,10,22,13,131,0,2,46,8,56,86,12,68,21,187,24,0,24,211
05/26/2019,ELP,TX,ASW,WE,Combined TRACON& Tower with Radar,98,17,15,4,134,0,2,23,2,27,98,19,38,6,161,8,0,8,169
05/27/2019,ELP,TX,ASW,WE,Combined TRACON& Tower with Radar,95,13,14,6,128,0,7,27,4,38,95,20,41,10,166,0,0,0,166
05/28/2019,ELP,TX,ASW,WE,Combined TRACON& Tower with Radar,117,25,14,3,159,0,11,33,3,47,117,36,47,6,206,8,0,8,214
05/29/2019,ELP,TX,ASW,WE,Combined TRACON& Tower with Radar,117,28,31,36,212,0,7,34,3,44,117,35,65,39,256,52,0,52,308
05/30/2019,ELP,TX,ASW,WE,Combined TRACON& Tower with Radar,131,25,18,5,179,0,4,39,1,44,131,29,57,6,223,0,30,30,253
05/31/2019,ELP,TX,ASW,WE,Combined TRACON& Tower with Radar,128,31,16,3,178,0,6,44,1,51,128,37,60,4,229,8,0,8,237
06/01/2019,ELP,TX,ASW,WE,Combined TRACON& Tower with Radar,96,24,17,1,138,0,0,46,0,46,96,24,63,1,184,28,0,28,212
06/02/2019,ELP,TX,ASW,WE,Combined TRACON& Tower with Radar,115,20,24,6,165,0,8,27,2,37,115,28,51,8,202,16,0,16,218
06/03/2019,ELP,TX,ASW,WE,Combined TRACON& Tower with Radar,116,32,10,3,161,0,1,41,2,44,116,33,51,5,205,0,0,0,205
06/04/2019,ELP,TX,ASW,WE,Combined TRACON& Tower with Radar,130,28,12,3,173,0,4,33,7,44,130,32,45,10,217,2,0,2,219
06/05/2019,ELP,TX,ASW,WE,Combined TRACON& Tower with Radar,124,34,35,1,194,0,19,31,5,55,124,53,66,6,249,16,0,16,265
06/06/2019,ELP,TX,ASW,WE,Combined TRACON& Tower with Radar,129,32,24,10,195,0,8,44,3,55,129,40,68,13,250,26,0,26,276
06/07/2019,ELP,TX,ASW,WE,Combined TRACON& Tower with Radar,114,25,22,23,184,0,4,41,7,52,114,29,63,30,236,2,0,2,238
06/08/2019,ELP,TX,ASW,WE,Combined TRACON& Tower with Radar,88,15,13,4,120,0,3,43,2,48,88,18,56,6,168,0,0,0,168
06/09/2019,ELP,TX,ASW,WE,Combined TRACON& Tower with Radar,95,20,6,3,124,0,0,32,4,36,95,20,38,7,160,14,0,14,174
06/10/2019,ELP,TX,ASW,WE,Combined TRACON& Tower with Radar,110,28,10,6,154,0,1,11,2,14,110,29,21,8,168,0,0,0,168
06/11/2019,ELP,TX,ASW,WE,Combined TRACON& Tower with Radar,130,24,22,2,178,0,7,34,6,47,130,31,56,8,225,0,14,14,239
06/12/2019,ELP,TX,ASW,WE,Combined TRACON& Tower with Radar,128,35,21,13,197,0,6,40,19,65,128,41,61,32,262,10,32,42,304
06/13/2019,ELP,TX,ASW,WE,Combined TRACON& Tower with Radar,127,35,19,7,188,1,10,40,2,53,128,45,59,9,241,12,0,12,253
06/14/2019,ELP,TX,ASW,WE,Combined TRACON& Tower with Radar,122,24,17,29,192,0,10,42,0,52,122,34,59,29,244,4,0,4,248
06/15/2019,ELP,TX,ASW,WE,Combined TRACON& Tower with Radar,103,15,16,1,135,0,2,38,1,41,103,17,54,2,176,4,0,4,180
06/16/2019,ELP,TX,ASW,WE,Combined TRACON& Tower with Radar,102,25,21,17,165,0,0,40,5,45,102,25,61,22,210,16,0,16,226
06/17/2019,ELP,TX,ASW,WE,Combined TRACON& Tower with Radar,112,20,19,5,156,0,12,45,8,65,112,32,64,13,221,46,12,58,279
06/18/2019,ELP,TX,ASW,WE,Combined TRACON& Tower with Radar,125,33,39,2,199,0,4,44,4,52,125,37,83,6,251,10,0,10,261
06/19/2019,ELP,TX,ASW,WE,Combined TRACON& Tower with Radar,124,35,26,8,193,0,9,39,13,61,124,44,65,21,254,16,0,16,270
06/20/2019,ELP,TX,ASW,WE,Combined TRACON& Tower with Radar,133,39,31,23,226,0,9,41,12,62,133,48,72,35,288,16,40,56,344
06/21/2019,ELP,TX,ASW,WE,Combined TRACON& Tower with Radar,116,30,14,21,181,0,4,42,18,64,116,34,56,39,245,0,0,0,245
06/22/2019,ELP,TX,ASW,WE,Combined TRACON& Tower with Radar,107,18,13,6,144,0,9,40,2,51,107,27,53,8,195,2,0,2,197
06/23/2019,ELP,TX,ASW,WE,Combined TRACON& Tower with Radar,102,18,14,16,150,3,4,38,8,53,105,22,52,24,203,4,0,4,207
06/24/2019,ELP,TX,ASW,WE,Combined TRACON& Tower with Radar,116,23,17,3,159,0,5,47,3,55,116,28,64,6,214,42,0,42,256
06/25/2019,ELP,TX,ASW,WE,Combined TRACON& Tower with Radar,129,39,9,8,185,0,5,35,7,47,129,44,44,15,232,26,0,26,258
06/26/2019,ELP,TX,ASW,WE,Combined TRACON& Tower with Radar,129,38,29,10,206,0,11,61,14,86,129,49,90,24,292,18,0,18,310
06/27/2019,ELP,TX,ASW,WE,Combined TRACON& Tower with Radar,129,43,14,7,193,0,7,70,7,84,129,50,84,14,277,54,0,54,331
06/28/2019,ELP,TX,ASW,WE,Combined TRACON& Tower with Radar,118,33,13,9,173,0,3,57,6,66,118,36,70,15,239,16,0,16,255
06/29/2019,ELP,TX,ASW,WE,Combined TRACON& Tower with Radar,101,33,21,2,157,0,5,78,11,94,101,38,99,13,251,30,0,30,281
06/30/2019,ELP,TX,ASW,WE,Combined TRACON& Tower with Radar,103,18,21,2,144,0,8,51,9,68,103,26,72,11,212,6,0,6,218
07/01/2019,ELP,TX,ASW,WE,Combined TRACON& Tower with Radar,121,33,13,4,171,0,11,58,17,86,121,44,71,21,257,10,0,10,267
07/02/2019,ELP,TX,ASW,WE,Combined TRACON& Tower with Radar,119,28,21,1,169,0,7,58,14,79,119,35,79,15,248,12,0,12,260
07/03/2019,ELP,TX,ASW,WE,Combined TRACON& Tower with Radar,120,22,16,1,159,0,11,63,9,83,120,33,79,10,242,72,0,72,314
07/04/2019,ELP,TX,ASW,WE,Combined TRACON& Tower with Radar,91,20,22,3,136,0,3,41,3,47,91,23,63,6,183,0,0,0,183
07/05/2019,ELP,TX,ASW,WE,Combined TRACON& Tower with Radar,101,17,18,1,137,0,6,19,3,28,101,23,37,4,165,20,0,20,185
07/06/2019,ELP,TX,ASW,WE,Combined TRACON& Tower with Radar,90,25,9,1,125,0,3,17,1,21,90,28,26,2,146,0,0,0,146
07/07/2019,ELP,TX,ASW,WE,Combined TRACON& Tower with Radar,101,23,12,0,136,0,7,18,0,25,101,30,30,0,161,20,0,20,181
07/08/2019,ELP,TX,ASW,WE,Combined TRACON& Tower with Radar,119,26,23,1,169,0,8,44,3,55,119,34,67,4,224,56,0,56,280
07/09/2019,ELP,TX,ASW,WE,Combined TRACON& Tower with Radar,121,19,32,3,175,0,7,28,3,38,121,26,60,6,213,26,0,26,239
07/10/2019,ELP,TX,ASW,WE,Combined TRACON& Tower with Radar,118,27,19,3,167,0,9,33,6,48,118,36,52,9,215,20,0,20,235
07/11/2019,ELP,TX,ASW,WE,Combined TRACON& Tower with Radar,135,25,28,1,189,0,5,28,3,36,135,30,56,4,225,44,0,44,269
07/12/2019,ELP,TX,ASW,WE,Combined TRACON& Tower with Radar,114,26,13,8,161,0,8,33,3,44,114,34,46,11,205,20,0,20,225
07/13/2019,ELP,TX,ASW,WE,Combined TRACON& Tower with Radar,99,19,16,0,134,0,1,32,3,36,99,20,48,3,170,40,0,40,210
07/14/2019,ELP,TX,ASW,WE,Combined TRACON& Tower with Radar,102,22,21,3,148,0,5,34,1,40,102,27,55,4,188,22,0,22,210
07/15/2019,ELP,TX,ASW,WE,Combined TRACON& Tower with Radar,112,18,10,4,144,0,4,37,9,50,112,22,47,13,194,28,0,28,222
07/16/2019,ELP,TX,ASW,WE,Combined TRACON& Tower with Radar,124,34,13,2,173,0,3,31,8,42,124,37,44,10,215,0,0,0,215
07/17/2019,ELP,TX,ASW,WE,Combined TRACON& Tower with Radar,126,30,16,4,176,0,6,35,1,42,126,36,51,5,218,8,0,8,226
07/18/2019,ELP,TX,ASW,WE,Combined TRACON& Tower with Radar,119,30,13,4,166,0,6,49,2,57,119,36,62,6,223,32,0,32,255
07/19/2019,ELP,TX,ASW,WE,Combined TRACON& Tower with Radar,123,23,18,10,174,0,2,40,3,45,123,25,58,13,219,22,0,22,241
07/20/2019,ELP,TX,ASW,WE,Combined TRACON& Tower with Radar,104,23,20,3,150,0,5,54,1,60,104,28,74,4,210,40,0,40,250
07/21/2019,ELP,TX,ASW,WE,Combined TRACON& Tower with Radar,106,28,17,4,155,0,4,37,0,41,106,32,54,4,196,0,0,0,196
07/22/2019,ELP,TX,ASW,WE,Combined TRACON& Tower with Radar,120,34,19,3,176,0,6,39,1,46,120,40,58,4,222,12,0,12,234
07/23/2019,ELP,TX,ASW,WE,Combined TRACON& Tower with Radar,126,33,32,1,192,0,6,40,10,56,126,39,72,11,248,14,14,28,276
07/24/2019,ELP,TX,ASW,WE,Combined TRACON& Tower with Radar,123,28,27,3,181,0,12,43,6,61,123,40,70,9,242,72,0,72,314
07/25/2019,ELP,TX,ASW,WE,Combined TRACON& Tower with Radar,125,24,23,3,175,0,6,51,5,62,125,30,74,8,237,18,0,18,255
07/26/2019,ELP,TX,ASW,WE,Combined TRACON& Tower with Radar,114,22,23,14,173,0,7,34,1,42,114,29,57,15,215,42,0,42,257
07/27/2019,ELP,TX,ASW,WE,Combined TRACON& Tower with Radar,101,24,10,6,141,0,11,53,1,65,101,35,63,7,206,12,0,12,218
07/28/2019,ELP,TX,ASW,WE,Combined TRACON& Tower with Radar,106,24,14,0,144,0,2,34,0,36,106,26,48,0,180,16,0,16,196
07/29/2019,ELP,TX,ASW,WE,Combined TRACON& Tower with Radar,119,23,21,0,163,1,4,31,2,38,120,27,52,2,201,4,0,4,205
07/30/2019,ELP,TX,ASW,WE,Combined TRACON& Tower with Radar,122,31,13,1,167,0,5,31,4,40,122,36,44,5,207,30,0,30,237
07/31/2019,ELP,TX,ASW,WE,Combined TRACON& Tower with Radar,131,17,15,4,167,0,5,28,0,33,131,22,43,4,200,50,0,50,250
08/01/2019,ELP,TX,ASW,WE,Combined TRACON& Tower with Radar,125,32,18,8,183,0,3,27,4,34,125,35,45,12,217,10,0,10,227
08/02/2019,ELP,TX,ASW,WE,Combined TRACON& Tower with Radar,112,20,8,0,140,0,2,33,1,36,112,22,41,1,176,8,0,8,184
08/03/2019,ELP,TX,ASW,WE,Combined TRACON& Tower with Radar,97,18,18,5,138,0,8,46,2,56,97,26,64,7,194,24,0,24,218
08/04/2019,ELP,TX,ASW,WE,Combined TRACON& Tower with Radar,105,17,7,2,131,0,1,7,5,13,105,18,14,7,144,4,0,4,148
08/05/2019,ELP,TX,ASW,WE,Combined TRACON& Tower with Radar,113,23,23,3,162,0,7,30,10,47,113,30,53,13,209,20,0,20,229
08/06/2019,ELP,TX,ASW,WE,Combined TRACON& Tower with Radar,124,21,30,9,184,0,7,41,10,58,124,28,71,19,242,20,0,20,262
08/07/2019,ELP,TX,ASW,WE,Combined TRACON& Tower with Radar,127,20,19,5,171,0,4,26,7,37,127,24,45,12,208,40,0,40,248
08/08/2019,ELP,TX,ASW,WE,Combined TRACON& Tower with Radar,127,30,19,10,186,0,10,30,7,47,127,40,49,17,233,16,0,16,249
08/09/2019,ELP,TX,ASW,WE,Combined TRACON& Tower with Radar,116,38,11,8,173,0,4,24,2,30,116,42,35,10,203,0,0,0,203
08/10/2019,ELP,TX,ASW,WE,Combined TRACON& Tower with Radar,86,19,7,9,121,0,4,33,0,37,86,23,40,9,158,0,0,0,158
08/11/2019,ELP,TX,ASW,WE,Combined TRACON& Tower with Radar,104,22,12,4,142,0,1,31,0,32,104,23,43,4,174,20,0,20,194
08/12/2019,ELP,TX,ASW,WE,Combined TRACON& Tower with Radar,109,19,19,4,151,0,8,35,7,50,109,27,54,11,201,8,0,8,209
08/13/2019,ELP,TX,ASW,WE,Combined TRACON& Tower with Radar,121,16,21,1,159,0,3,31,1,35,121,19,52,2,194,18,0,18,212
08/14/2019,ELP,TX,ASW,WE,Combined TRACON& Tower with Radar,116,20,27,8,171,0,6,44,3,53,116,26,71,11,224,10,0,10,234
08/15/2019,ELP,TX,ASW,WE,Combined TRACON& Tower with Radar,131,31,36,12,210,0,2,40,5,47,131,33,76,17,257,8,8,16,273
08/16/2019,ELP,TX,ASW,WE,Combined TRACON& Tower with Radar,117,24,24,7,172,0,3,46,5,54,117,27,70,12,226,16,0,16,242
08/17/2019,ELP,TX,ASW,WE,Combined TRACON& Tower with Radar,83,27,15,7,132,0,5,32,0,37,83,32,47,7,169,20,0,20,189
08/18/2019,ELP,TX,ASW,WE,Combined TRACON& Tower with Radar,107,14,7,6,134,0,2,27,1,30,107,16,34,7,164,12,0,12,176
08/19/2019,ELP,TX,ASW,WE,Combined TRACON& Tower with Radar,124,25,21,2,172,0,7,32,3,42,124,32,53,5,214,0,0,0,214
08/20/2019,ELP,TX,ASW,WE,Combined TRACON& Tower with Radar,119,38,34,12,203,0,4,29,5,38,119,42,63,17,241,0,0,0,241
08/21/2019,ELP,TX,ASW,WE,Combined TRACON& Tower with Radar,131,47,23,2,203,0,7,35,0,42,131,54,58,2,245,0,0,0,245
08/22/2019,ELP,TX,ASW,WE,Combined TRACON& Tower with Radar,121,28,25,4,178,0,4,34,1,39,121,32,59,5,217,0,0,0,217
08/23/2019,ELP,TX,ASW,WE,Combined TRACON& Tower with Radar,118,31,25,0,174,0,7,36,2,45,118,38,61,2,219,6,0,6,225
08/24/2019,ELP,TX,ASW,WE,Combined TRACON& Tower with Radar,94,18,17,2,131,0,1,31,2,34,94,19,48,4,165,20,0,20,185
08/25/2019,ELP,TX,ASW,WE,Combined TRACON& Tower with Radar,109,22,14,0,145,0,4,39,0,43,109,26,53,0,188,0,0,0,188
08/26/2019,ELP,TX,ASW,WE,Combined TRACON& Tower with Radar,114,27,25,4,170,0,7,42,7,56,114,34,67,11,226,0,0,0,226
08/27/2019,ELP,TX,ASW,WE,Combined TRACON& Tower with Radar,122,21,16,4,163,0,4,28,4,36,122,25,44,8,199,0,0,0,199
08/28/2019,ELP,TX,ASW,WE,Combined TRACON& Tower with Radar,131,32,12,3,178,0,7,27,1,35,131,39,39,4,213,18,0,18,231
08/29/2019,ELP,TX,ASW,WE,Combined TRACON& Tower with Radar,127,46,25,22,220,0,8,36,8,52,127,54,61,30,272,10,0,10,282
08/30/2019,ELP,TX,ASW,WE,Combined TRACON& Tower with Radar,114,40,21,5,180,0,7,45,5,57,114,47,66,10,237,18,0,18,255
08/31/2019,ELP,TX,ASW,WE,Combined TRACON& Tower with Radar,93,18,16,0,127,0,2,35,1,38,93,20,51,1,165,6,0,6,171
09/01/2019,ELP,TX,ASW,WE,Combined TRACON& Tower with Radar,80,18,19,1,118,0,3,28,1,32,80,21,47,2,150,13,0,13,163
09/02/2019,ELP,TX,ASW,WE,Combined TRACON& Tower with Radar,100,23,7,6,136,0,3,32,4,39,100,26,39,10,175,10,0,10,185
09/03/2019,ELP,TX,ASW,WE,Combined TRACON& Tower with Radar,115,34,8,6,163,0,7,16,3,26,115,41,24,9,189,0,0,0,189
09/04/2019,ELP,TX,ASW,WE,Combined TRACON& Tower with Radar,122,31,21,21,195,0,16,31,7,54,122,47,52,28,249,0,0,0,249
09/05/2019,ELP,TX,ASW,WE,Combined TRACON& Tower with Radar,124,34,19,7,184,0,11,43,5,59,124,45,62,12,243,12,0,12,255
09/06/2019,ELP,TX,ASW,WE,Combined TRACON& Tower with Radar,121,26,12,7,166,0,7,37,4,48,121,33,49,11,214,0,0,0,214
09/07/2019,ELP,TX,ASW,WE,Combined TRACON& Tower with Radar,91,28,10,1,130,0,2,16,5,23,91,30,26,6,153,0,0,0,153
09/08/2019,ELP,TX,ASW,WE,Combined TRACON& Tower with Radar,109,25,12,5,151,0,1,24,2,27,109,26,36,7,178,40,0,40,218
09/09/2019,ELP,TX,ASW,WE,Combined TRACON& Tower with Radar,118,21,27,3,169,0,4,15,5,24,118,25,42,8,193,0,0,0,193
09/10/2019,ELP,TX,ASW,WE,Combined TRACON& Tower with Radar,124,25,34,2,185,0,3,36,3,42,124,28,70,5,227,6,0,6,233
09/11/2019,ELP,TX,ASW,WE,Combined TRACON& Tower with Radar,122,36,29,8,195,0,9,43,4,56,122,45,72,12,251,6,0,6,257
09/12/2019,ELP,TX,ASW,WE,Combined TRACON& Tower with Radar,129,29,12,9,179,0,1,45,7,53,129,30,57,16,232,0,0,0,232
09/13/2019,ELP,TX,ASW,WE,Combined TRACON& Tower with Radar,124,18,20,21,183,0,4,39,9,52,124,22,59,30,235,4,0,4,239
09/14/2019,ELP,TX,ASW,WE,Combined TRACON& Tower with Radar,92,20,9,9,130,0,1,21,3,25,92,21,30,12,155,0,0,0,155
09/15/2019,ELP,TX,ASW,WE,Combined TRACON& Tower with Radar,107,25,13,4,149,0,0,18,5,23,107,25,31,9,172,0,0,0,172
09/16/2019,ELP,TX,ASW,WE,Combined TRACON& Tower with Radar,115,22,13,7,157,0,6,32,9,47,115,28,45,16,204,0,0,0,204
09/17/2019,ELP,TX,ASW,WE,Combined TRACON& Tower with Radar,129,38,45,10,222,0,3,48,4,55,129,41,93,14,277,2,0,2,279
09/18/2019,ELP,TX,ASW,WE,Combined TRACON& Tower with Radar,125,35,24,6,190,0,9,30,7,46,125,44,54,13,236,0,0,0,236
09/19/2019,ELP,TX,ASW,WE,Combined TRACON& Tower with Radar,121,36,28,2,187,0,9,44,2,55,121,45,72,4,242,0,0,0,242
09/20/2019,ELP,TX,ASW,WE,Combined TRACON& Tower with Radar,116,29,19,35,199,0,4,47,14,65,116,33,66,49,264,0,0,0,264
09/21/2019,ELP,TX,ASW,WE,Combined TRACON& Tower with Radar,94,29,17,0,140,0,0,16,1,17,94,29,33,1,157,0,0,0,157
09/22/2019,ELP,TX,ASW,WE,Combined TRACON& Tower with Radar,123,22,17,7,169,0,2,30,3,35,123,24,47,10,204,0,0,0,204
09/23/2019,ELP,TX,ASW,WE,Combined TRACON& Tower with Radar,131,15,22,4,172,0,4,51,7,62,131,19,73,11,234,10,0,10,244
09/24/2019,ELP,TX,ASW,WE,Combined TRACON& Tower with Radar,126,39,20,6,191,0,6,32,5,43,126,45,52,11,234,0,0,0,234
09/25/2019,ELP,TX,ASW,WE,Combined TRACON& Tower with Radar,121,30,47,9,207,0,8,42,11,61,121,38,89,20,268,24,24,48,316
09/26/2019,ELP,TX,ASW,WE,Combined TRACON& Tower with Radar,128,36,23,7,194,0,6,48,7,61,128,42,71,14,255,0,0,0,255
09/27/2019,ELP,TX,ASW,WE,Combined TRACON& Tower with Radar,113,28,19,16,176,0,4,32,6,42,113,32,51,22,218,0,0,0,218
09/28/2019,ELP,TX,ASW,WE,Combined TRACON& Tower with Radar,95,21,5,0,121,0,3,45,3,51,95,24,50,3,172,0,0,0,172
09/29/2019,ELP,TX,ASW,WE,Combined TRACON& Tower with Radar,112,18,17,12,159,0,0,28,0,28,112,18,45,12,187,14,0,14,201
09/30/2019,ELP,TX,ASW,WE,Combined TRACON& Tower with Radar,117,33,13,6,169,0,2,34,0,36,117,35,47,6,205,0,0,0,205
10/01/2019,ELP,TX,ASW,WE,Combined TRACON& Tower with Radar,122,49,25,39,235,0,8,21,4,33,122,57,46,43,268,0,0,0,268
10/02/2019,ELP,TX,ASW,WE,Combined TRACON& Tower with Radar,124,37,33,11,205,0,6,52,5,63,124,43,85,16,268,14,0,14,282
10/03/2019,ELP,TX,ASW,WE,Combined TRACON& Tower with Radar,126,37,20,8,191,0,0,36,5,41,126,37,56,13,232,20,0,20,252
10/04/2019,ELP,TX,ASW,WE,Combined TRACON& Tower with Radar,121,34,24,8,187,0,4,24,6,34,121,38,48,14,221,54,0,54,275
10/05/2019,ELP,TX,ASW,WE,Combined TRACON& Tower with Radar,96,20,14,1,131,0,4,47,1,52,96,24,61,2,183,18,0,18,201
10/06/2019,ELP,TX,ASW,WE,Combined TRACON& Tower with Radar,108,18,13,2,141,0,0,38,0,38,108,18,51,2,179,56,0,56,235
10/07/2019,ELP,TX,ASW,WE,Combined TRACON& Tower with Radar,121,25,17,1,164,0,4,39,9,52,121,29,56,10,216,30,0,30,246
10/08/2019,ELP,TX,ASW,WE,Combined TRACON& Tower with Radar,125,26,35,7,193,0,6,37,16,59,125,32,72,23,252,7,0,7,259
10/09/2019,ELP,TX,ASW,WE,Combined TRACON& Tower with Radar,125,22,33,1,181,1,7,51,9,68,126,29,84,10,249,20,0,20,269
10/10/2019,ELP,TX,ASW,WE,Combined TRACON& Tower with Radar,119,19,12,13,163,0,6,49,20,75,119,25,61,33,238,10,0,10,248
10/11/2019,ELP,TX,ASW,WE,Combined TRACON& Tower with Radar,116,21,20,21,178,0,7,33,9,49,116,28,53,30,227,10,8,18,245
10/12/2019,ELP,TX,ASW,WE,Combined TRACON& Tower with Radar,92,21,7,0,120,0,5,24,0,29,92,26,31,0,149,16,0,16,165
10/13/2019,ELP,TX,ASW,WE,Combined TRACON& Tower with Radar,103,24,8,5,140,0,4,25,0,29,103,28,33,5,169,52,0,52,221
10/14/2019,ELP,TX,ASW,WE,Combined TRACON& Tower with Radar,113,34,18,0,165,0,9,34,0,43,113,43,52,0,208,0,0,0,208
10/15/2019,ELP,TX,ASW,WE,Combined TRACON& Tower with Radar,128,20,27,22,197,0,9,38,5,52,128,29,65,27,249,14,0,14,263
10/16/2019,ELP,TX,ASW,WE,Combined TRACON& Tower with Radar,121,26,29,4,180,0,10,40,2,52,121,36,69,6,232,0,0,0,232
10/17/2019,ELP,TX,ASW,WE,Combined TRACON& Tower with Radar,124,22,40,5,191,0,6,50,1,57,124,28,90,6,248,44,0,44,292
10/18/2019,ELP,TX,ASW,WE,Combined TRACON& Tower with Radar,117,30,44,7,198,0,6,27,3,36,117,36,71,10,234,18,0,18,252
10/19/2019,ELP,TX,ASW,WE,Combined TRACON& Tower with Radar,92,23,12,3,130,0,3,36,2,41,92,26,48,5,171,12,0,12,183
10/20/2019,ELP,TX,ASW,WE,Combined TRACON& Tower with Radar,107,26,16,2,151,0,2,36,4,42,107,28,52,6,193,26,0,26,219
10/21/2019,ELP,TX,ASW,WE,Combined TRACON& Tower with Radar,116,28,17,3,164,0,13,54,6,73,116,41,71,9,237,0,0,0,237
10/22/2019,ELP,TX,ASW,WE,Combined TRACON& Tower with Radar,125,17,17,10,169,0,11,51,9,71,125,28,68,19,240,90,2,92,332
10/23/2019,ELP,TX,ASW,WE,Combined TRACON& Tower with Radar,124,23,14,12,173,0,10,41,5,56,124,33,55,17,229,28,0,28,257
10/24/2019,ELP,TX,ASW,WE,Combined TRACON& Tower with Radar,118,34,17,8,177,0,2,20,3,25,118,36,37,11,202,0,0,0,202
10/25/2019,ELP,TX,ASW,WE,Combined TRACON& Tower with Radar,123,35,20,44,222,0,4,42,8,54,123,39,62,52,276,16,10,26,302
10/26/2019,ELP,TX,ASW,WE,Combined TRACON& Tower with Radar,98,14,14,18,144,0,3,40,0,43,98,17,54,18,187,6,0,6,193
10/27/2019,ELP,TX,ASW,WE,Combined TRACON& Tower with Radar,105,24,4,2,135,0,3,39,2,44,105,27,43,4,179,0,0,0,179
10/28/2019,ELP,TX,ASW,WE,Combined TRACON& Tower with Radar,122,27,11,11,171,0,5,24,6,35,122,32,35,17,206,4,0,4,210
10/29/2019,ELP,TX,ASW,WE,Combined TRACON& Tower with Radar,123,42,34,17,216,0,4,50,14,68,123,46,84,31,284,0,0,0,284
10/30/2019,ELP,TX,ASW,WE,Combined TRACON& Tower with Radar,119,32,22,6,179,0,7,31,2,40,119,39,53,8,219,8,0,8,227
10/31/2019,ELP,TX,ASW,WE,Combined TRACON& Tower with Radar,119,30,23,11,183,0,9,52,5,66,119,39,75,16,249,16,0,16,265
11/01/2019,ELP,TX,ASW,WE,Combined TRACON& Tower with Radar,114,32,30,14,190,0,11,42,2,55,114,43,72,16,245,28,0,28,273
11/02/2019,ELP,TX,ASW,WE,Combined TRACON& Tower with Radar,98,19,15,0,132,0,6,29,1,36,98,25,44,1,168,22,0,22,190
11/03/2019,ELP,TX,ASW,WE,Combined TRACON& Tower with Radar,114,18,21,8,161,0,4,23,2,29,114,22,44,10,190,12,0,12,202
11/04/2019,ELP,TX,ASW,WE,Combined TRACON& Tower with Radar,117,26,29,11,183,0,3,42,10,55,117,29,71,21,238,8,0,8,246
11/05/2019,ELP,TX,ASW,WE,Combined TRACON& Tower with Radar,130,21,29,7,187,0,10,50,6,66,130,31,79,13,253,32,0,32,285
11/06/2019,ELP,TX,ASW,WE,Combined TRACON& Tower with Radar,126,39,32,4,201,0,6,28,4,38,126,45,60,8,239,10,0,10,249
11/07/2019,ELP,TX,ASW,WE,Combined TRACON& Tower with Radar,127,43,40,1,211,0,5,39,7,51,127,48,79,8,262,0,0,0,262
11/08/2019,ELP,TX,ASW,WE,Combined TRACON& Tower with Radar,123,71,20,55,269,0,9,42,1,52,123,80,62,56,321,8,18,26,347
11/09/2019,ELP,TX,ASW,WE,Combined TRACON& Tower with Radar,102,18,18,1,139,0,4,41,0,45,102,22,59,1,184,8,0,8,192
11/10/2019,ELP,TX,ASW,WE,Combined TRACON& Tower with Radar,109,33,11,0,153,0,7,22,1,30,109,40,33,1,183,0,0,0,183
11/11/2019,ELP,TX,ASW,WE,Combined TRACON& Tower with Radar,113,27,30,6,176,0,4,22,3,29,113,31,52,9,205,20,0,20,225
11/12/2019,ELP,TX,ASW,WE,Combined TRACON& Tower with Radar,127,26,23,0,176,1,10,28,3,42,128,36,51,3,218,0,0,0,218
11/13/2019,ELP,TX,ASW,WE,Combined TRACON& Tower with Radar,123,43,27,5,198,0,7,29,6,42,123,50,56,11,240,27,0,27,267
11/14/2019,ELP,TX,ASW,WE,Combined TRACON& Tower with Radar,131,48,23,5,207,0,7,52,6,65,131,55,75,11,272,18,0,18,290
11/15/2019,ELP,TX,ASW,WE,Combined TRACON& Tower with Radar,118,39,36,21,214,0,10,55,10,75,118,49,91,31,289,22,8,30,319
11/16/2019,ELP,TX,ASW,WE,Combined TRACON& Tower with Radar,99,25,9,3,136,0,1,30,2,33,99,26,39,5,169,30,0,30,199
11/17/2019,ELP,TX,ASW,WE,Combined TRACON& Tower with Radar,112,30,19,9,170,0,3,35,0,38,112,33,54,9,208,0,22,22,230
11/18/2019,ELP,TX,ASW,WE,Combined TRACON& Tower with Radar,108,42,20,16,186,0,7,54,1,62,108,49,74,17,248,56,0,56,304
11/19/2019,ELP,TX,ASW,WE,Combined TRACON& Tower with Radar,131,29,25,7,192,0,5,48,5,58,131,34,73,12,250,30,0,30,280
11/20/2019,ELP,TX,ASW,WE,Combined TRACON& Tower with Radar,126,49,28,8,211,0,12,24,8,44,126,61,52,16,255,26,0,26,281
11/21/2019,ELP,TX,ASW,WE,Combined TRACON& Tower with Radar,138,40,30,15,223,0,3,41,2,46,138,43,71,17,269,0,0,0,269
11/22/2019,ELP,TX,ASW,WE,Combined TRACON& Tower with Radar,117,48,28,20,213,0,14,44,28,86,117,62,72,48,299,42,104,146,445
11/23/2019,ELP,TX,ASW,WE,Combined TRACON& Tower with Radar,115,36,25,5,181,0,7,49,2,58,115,43,74,7,239,68,0,68,307
11/24/2019,ELP,TX,ASW,WE,Combined TRACON& Tower with Radar,120,26,24,7,177,0,6,34,2,42,120,32,58,9,219,20,0,20,239
11/25/2019,ELP,TX,ASW,WE,Combined TRACON& Tower with Radar,118,41,26,2,187,0,5,32,2,39,118,46,58,4,226,26,0,26,252
11/26/2019,ELP,TX,ASW,WE,Combined TRACON& Tower with Radar,141,53,29,2,225,0,12,21,0,33,141,65,50,2,258,0,0,0,258
11/27/2019,ELP,TX,ASW,WE,Combined TRACON& Tower with Radar,134,49,12,4,199,0,1,14,0,15,134,50,26,4,214,14,0,14,228
11/28/2019,ELP,TX,ASW,WE,Combined TRACON& Tower with Radar,76,23,9,0,108,0,0,1,0,1,76,23,10,0,109,0,0,0,109
11/29/2019,ELP,TX,ASW,WE,Combined TRACON& Tower with Radar,98,18,8,0,124,0,0,19,0,19,98,18,27,0,143,4,0,4,147
11/30/2019,ELP,TX,ASW,WE,Combined TRACON& Tower with Radar,118,27,18,0,163,0,8,17,0,25,118,35,35,0,188,22,0,22,210
12/01/2019,ELP,TX,ASW,WE,Combined TRACON& Tower with Radar,120,34,23,0,177,0,4,34,3,41,120,38,57,3,218,18,0,18,236
12/02/2019,ELP,TX,ASW,WE,Combined TRACON& Tower with Radar,127,34,20,10,191,0,12,32,5,49,127,46,52,15,240,0,0,0,240
12/03/2019,ELP,TX,ASW,WE,Combined TRACON& Tower with Radar,134,33,15,6,188,0,7,62,3,72,134,40,77,9,260,0,0,0,260
12/04/2019,ELP,TX,ASW,WE,Combined TRACON& Tower with Radar,127,37,15,2,181,0,12,52,4,68,127,49,67,6,249,4,0,4,253
12/05/2019,ELP,TX,ASW,WE,Combined TRACON& Tower with Radar,133,29,20,0,182,0,7,35,6,48,133,36,55,6,230,23,0,23,253
12/06/2019,ELP,TX,ASW,WE,Combined TRACON& Tower with Radar,122,31,31,30,214,0,8,44,8,60,122,39,75,38,274,58,18,76,350
12/07/2019,ELP,TX,ASW,WE,Combined TRACON& Tower with Radar,102,25,17,4,148,0,7,38,0,45,102,32,55,4,193,78,0,78,271
12/08/2019,ELP,TX,ASW,WE,Combined TRACON& Tower with Radar,114,20,12,17,163,0,4,24,5,33,114,24,36,22,196,0,0,0,196
12/09/2019,ELP,TX,ASW,WE,Combined TRACON& Tower with Radar,116,21,22,1,160,0,1,2,5,8,116,22,24,6,168,0,0,0,168
12/10/2019,ELP,TX,ASW,WE,Combined TRACON& Tower with Radar,133,42,24,8,207,0,6,57,8,71,133,48,81,16,278,0,0,0,278
12/11/2019,ELP,TX,ASW,WE,Combined TRACON& Tower with Radar,119,44,25,12,200,0,10,56,5,71,119,54,81,17,271,7,0,7,278
12/12/2019,ELP,TX,ASW,WE,Combined TRACON& Tower with Radar,138,44,43,2,227,0,9,30,3,42,138,53,73,5,269,12,0,12,281
12/13/2019,ELP,TX,ASW,WE,Combined TRACON& Tower with Radar,120,29,26,12,187,0,10,43,7,60,120,39,69,19,247,28,0,28,275
12/14/2019,ELP,TX,ASW,WE,Combined TRACON& Tower with Radar,102,35,27,2,166,0,6,41,1,48,102,41,68,3,214,0,0,0,214
12/15/2019,ELP,TX,ASW,WE,Combined TRACON& Tower with Radar,110,33,19,27,189,0,16,24,1,41,110,49,43,28,230,0,0,0,230
12/16/2019,ELP,TX,ASW,WE,Combined TRACON& Tower with Radar,123,42,26,11,202,0,6,36,4,46,123,48,62,15,248,0,0,0,248
12/17/2019,ELP,TX,ASW,WE,Combined TRACON& Tower with Radar,137,33,16,1,187,0,8,59,6,73,137,41,75,7,260,22,0,22,282
12/18/2019,ELP,TX,ASW,WE,Combined TRACON& Tower with Radar,131,33,28,2,194,0,8,34,3,45,131,41,62,5,239,0,0,0,239
12/19/2019,ELP,TX,ASW,WE,Combined TRACON& Tower with Radar,132,44,27,6,209,0,9,50,4,63,132,53,77,10,272,64,0,64,336
12/20/2019,ELP,TX,ASW,WE,Combined TRACON& Tower with Radar,126,28,22,2,178,0,8,36,2,46,126,36,58,4,224,16,0,16,240
12/21/2019,ELP,TX,ASW,WE,Combined TRACON& Tower with Radar,129,16,14,0,159,0,4,45,4,53,129,20,59,4,212,60,0,60,272
12/22/2019,ELP,TX,ASW,WE,Combined TRACON& Tower with Radar,125,22,14,2,163,0,5,20,1,26,125,27,34,3,189,0,0,0,189
12/23/2019,ELP,TX,ASW,WE,Combined TRACON& Tower with Radar,128,22,16,1,167,0,7,33,0,40,128,29,49,1,207,48,0,48,255
12/24/2019,ELP,TX,ASW,WE,Combined TRACON& Tower with Radar,115,15,7,1,138,0,5,18,0,23,115,20,25,1,161,0,0,0,161
12/25/2019,ELP,TX,ASW,WE,Combined TRACON& Tower with Radar,91,28,11,0,130,0,3,8,2,13,91,31,19,2,143,0,0,0,143
12/26/2019,ELP,TX,ASW,WE,Combined TRACON& Tower with Radar,123,51,23,1,198,0,1,32,1,34,123,52,55,2,232,6,0,6,238
12/27/2019,ELP,TX,ASW,WE,Combined TRACON& Tower with Radar,117,34,30,7,188,0,2,17,0,19,117,36,47,7,207,24,0,24,231
12/28/2019,ELP,TX,ASW,WE,Combined TRACON& Tower with Radar,116,42,16,6,180,0,7,9,0,16,116,49,25,6,196,0,0,0,196
12/29/2019,ELP,TX,ASW,WE,Combined TRACON& Tower with Radar,119,23,14,0,156,0,7,11,0,18,119,30,25,0,174,40,0,40,214
12/30/2019,ELP,TX,ASW,WE,Combined TRACON& Tower with Radar,118,14,23,0,155,0,14,36,1,51,118,28,59,1,206,20,0,20,226
12/31/2019,ELP,TX,ASW,WE,Combined TRACON& Tower with Radar,120,26,23,0,169,0,12,34,0,46,120,38,57,0,215,4,0,4,219
01/01/2020,ELP,TX,ASW,WE,Combined TRACON& Tower with Radar,99,21,7,0,127,0,1,19,0,20,99,22,26,0,147,0,0,0,147
01/02/2020,ELP,TX,ASW,WE,Combined TRACON& Tower with Radar,123,31,25,0,179,0,1,9,0,10,123,32,34,0,189,0,0,0,189
01/03/2020,ELP,TX,ASW,WE,Combined TRACON& Tower with Radar,122,27,30,0,179,0,14,40,3,57,122,41,70,3,236,7,0,7,243
01/04/2020,ELP,TX,ASW,WE,Combined TRACON& Tower with Radar,99,45,29,1,174,0,13,43,2,58,99,58,72,3,232,46,8,54,286
01/05/2020,ELP,TX,ASW,WE,Combined TRACON& Tower with Radar,115,38,13,3,169,0,8,21,2,31,115,46,34,5,200,7,0,7,207
01/06/2020,ELP,TX,ASW,WE,Combined TRACON& Tower with Radar,111,32,14,20,177,0,8,27,14,49,111,40,41,34,226,0,0,0,226
01/07/2020,ELP,TX,ASW,WE,Combined TRACON& Tower with Radar,109,39,10,6,164,0,10,28,7,45,109,49,38,13,209,7,0,7,216
01/08/2020,ELP,TX,ASW,WE,Combined TRACON& Tower with Radar,106,27,27,4,164,0,9,49,5,63,106,36,76,9,227,20,0,20,247
01/09/2020,ELP,TX,ASW,WE,Combined TRACON& Tower with Radar,116,27,29,7,179,0,14,51,13,78,116,41,80,20,257,0,24,24,281
01/10/2020,ELP,TX,ASW,WE,Combined TRACON& Tower with Radar,93,39,25,65,222,0,9,26,3,38,93,48,51,68,260,0,28,28,288
01/11/2020,ELP,TX,ASW,WE,Combined TRACON& Tower with Radar,74,26,17,13,130,0,12,37,3,52,74,38,54,16,182,48,0,48,230
01/12/2020,ELP,TX,ASW,WE,Combined TRACON& Tower with Radar,99,30,14,61,204,0,8,28,4,40,99,38,42,65,244,0,0,0,244
01/13/2020,ELP,TX,ASW,WE,Combined TRACON& Tower with Radar,100,36,25,15,176,0,10,40,3,53,100,46,65,18,229,20,0,20,249
01/14/2020,ELP,TX,ASW,WE,Combined TRACON& Tower with Radar,104,35,22,7,168,0,9,32,3,44,104,44,54,10,212,0,0,0,212
01/15/2020,ELP,TX,ASW,WE,Combined TRACON& Tower with Radar,111,26,18,11,166,0,13,31,14,58,111,39,49,25,224,0,0,0,224
01/16/2020,ELP,TX,ASW,WE,Combined TRACON& Tower with Radar,116,37,23,7,183,0,3,25,8,36,116,40,48,15,219,0,0,0,219
01/17/2020,ELP,TX,ASW,WE,Combined TRACON& Tower with Radar,107,36,23,21,187,0,8,30,9,47,107,44,53,30,234,0,0,0,234
01/18/2020,ELP,TX,ASW,WE,Combined TRACON& Tower with Radar,78,25,18,1,122,0,8,40,4,52,78,33,58,5,174,58,0,58,232
01/19/2020,ELP,TX,ASW,WE,Combined TRACON& Tower with Radar,97,19,9,4,129,0,8,32,2,42,97,27,41,6,171,8,0,8,179
01/20/2020,ELP,TX,ASW,WE,Combined TRACON& Tower with Radar,100,21,24,1,146,0,10,53,1,64,100,31,77,2,210,34,0,34,244
01/21/2020,ELP,TX,ASW,WE,Combined TRACON& Tower with Radar,109,28,30,13,180,0,6,26,6,38,109,34,56,19,218,16,0,16,234
01/22/2020,ELP,TX,ASW,WE,Combined TRACON& Tower with Radar,109,27,46,14,196,0,8,39,15,62,109,35,85,29,258,0,50,50,308
01/23/2020,ELP,TX,ASW,WE,Combined TRACON& Tower with Radar,122,35,41,30,228,0,14,72,19,105,122,49,113,49,333,50,38,88,421
01/24/2020,ELP,TX,ASW,WE,Combined TRACON& Tower with Radar,110,30,38,67,245,0,11,62,7,80,110,41,100,74,325,16,4,20,345
01/25/2020,ELP,TX,ASW,WE,Combined TRACON& Tower with Radar,77,22,26,10,135,0,12,47,5,64,77,34,73,15,199,0,0,0,199
01/26/2020,ELP,TX,ASW,WE,Combined TRACON& Tower with Radar,101,20,28,43,192,0,5,23,6,34,101,25,51,49,226,6,0,6,232
01/27/2020,ELP,TX,ASW,WE,Combined TRACON& Tower with Radar,96,23,10,12,141,0,8,28,5,41,96,31,38,17,182,0,0,0,182
01/28/2020,ELP,TX,ASW,WE,Combined TRACON& Tower with Radar,110,28,45,12,195,0,8,37,37,82,110,36,82,49,277,0,70,70,347
01/29/2020,ELP,TX,ASW,WE,Combined TRACON& Tower with Radar,110,32,41,38,221,0,5,35,32,72,110,37,76,70,293,36,94,130,423
01/30/2020,ELP,TX,ASW,WE,Combined TRACON& Tower with Radar,123,42,36,17,218,0,5,46,21,72,123,47,82,38,290,6,46,52,342
01/31/2020,ELP,TX,ASW,WE,Combined TRACON& Tower with Radar,109,38,38,40,225,0,13,32,12,57,109,51,70,52,282,0,8,8,290
02/01/2020,ELP,TX,ASW,CE,Combined TRACON& Tower with Radar,81,24,24,7,136,0,5,52,2,59,81,29,76,9,195,24,6,30,225
02/02/2020,ELP,TX,ASW,CE,Combined TRACON& Tower with Radar,100,19,18,15,152,0,5,31,4,40,100,24,49,19,192,24,8,32,224
02/03/2020,ELP,TX,ASW,CE,Combined TRACON& Tower with Radar,102,29,12,6,149,0,4,16,7,27,102,33,28,13,176,0,0,0,176
02/04/2020,ELP,TX,ASW,CE,Combined TRACON& Tower with Radar,117,39,32,14,202,0,5,9,5,19,117,44,41,19,221,0,0,0,221
02/05/2020,ELP,TX,ASW,CE,Combined TRACON& Tower with Radar,108,41,22,10,181,0,4,9,8,21,108,45,31,18,202,0,16,16,218
02/06/2020,ELP,TX,ASW,CE,Combined TRACON& Tower with Radar,117,40,21,12,190,0,6,34,13,53,117,46,55,25,243,10,14,24,267
02/07/2020,ELP,TX,ASW,CE,Combined TRACON& Tower with Radar,111,31,40,34,216,0,15,56,8,79,111,46,96,42,295,20,10,30,325
02/08/2020,ELP,TX,ASW,CE,Combined TRACON& Tower with Radar,77,19,13,5,114,0,8,47,2,57,77,27,60,7,171,24,0,24,195
02/09/2020,ELP,TX,ASW,CE,Combined TRACON& Tower with Radar,103,23,20,8,154,0,8,24,3,35,103,31,44,11,189,6,0,6,195
02/10/2020,ELP,TX,ASW,CE,Combined TRACON& Tower with Radar,105,37,31,10,183,0,4,21,8,33,105,41,52,18,216,18,0,18,234
02/11/2020,ELP,TX,ASW,CE,Combined TRACON& Tower with Radar,110,29,19,13,171,0,0,6,1,7,110,29,25,14,178,0,0,0,178
02/12/2020,ELP,TX,ASW,CE,Combined TRACON& Tower with Radar,109,37,25,24,195,0,12,19,23,54,109,49,44,47,249,20,38,58,307
02/13/2020,ELP,TX,ASW,CE,Combined TRACON& Tower with Radar,110,43,21,11,185,0,9,53,10,72,110,52,74,21,257,44,6,50,307
02/14/2020,ELP,TX,ASW,CE,Combined TRACON& Tower with Radar,109,39,27,10,185,0,8,47,7,62,109,47,74,17,247,14,0,14,261
02/15/2020,ELP,TX,ASW,CE,Combined TRACON& Tower with Radar,78,28,28,10,144,0,16,56,3,75,78,44,84,13,219,0,0,0,219
02/16/2020,ELP,TX,ASW,CE,Combined TRACON& Tower with Radar,98,24,23,0,145,0,15,44,3,62,98,39,67,3,207,0,0,0,207
02/17/2020,ELP,TX,ASW,CE,Combined TRACON& Tower with Radar,110,38,28,7,183,0,10,24,4,38,110,48,52,11,221,20,0,20,241
02/18/2020,ELP,TX,ASW,CE,Combined TRACON& Tower with Radar,115,53,20,31,219,0,18,33,12,63,115,71,53,43,282,0,0,0,282
02/19/2020,ELP,TX,ASW,CE,Combined TRACON& Tower with Radar,110,41,23,18,192,0,11,31,24,66,110,52,54,42,258,46,0,46,304
02/20/2020,ELP,TX,ASW,CE,Combined TRACON& Tower with Radar,112,39,14,18,183,0,4,21,24,49,112,43,35,42,232,0,38,38,270
02/21/2020,ELP,TX,ASW,CE,Combined TRACON& Tower with Radar,110,31,26,28,195,0,8,12,20,40,110,39,38,48,235,22,32,54,289
02/22/2020,ELP,TX,ASW,CE,Combined TRACON& Tower with Radar,76,37,21,5,139,0,18,40,5,63,76,55,61,10,202,26,0,26,228
02/23/2020,ELP,TX,ASW,CE,Combined TRACON& Tower with Radar,101,29,17,11,158,0,10,16,0,26,101,39,33,11,184,0,0,0,184
02/24/2020,ELP,TX,ASW,CE,Combined TRACON& Tower with Radar,110,39,48,22,219,0,11,61,13,85,110,50,109,35,304,0,0,0,304
02/25/2020,ELP,TX,ASW,CE,Combined TRACON& Tower with Radar,113,29,31,18,191,0,4,33,16,53,113,33,64,34,244,0,0,0,244
02/26/2020,ELP,TX,ASW,CE,Combined TRACON& Tower with Radar,110,35,36,22,203,0,17,50,19,86,110,52,86,41,289,48,0,48,337
02/27/2020,ELP,TX,ASW,CE,Combined TRACON& Tower with Radar,122,42,27,12,203,0,10,44,14,68,122,52,71,26,271,14,12,26,297
02/28/2020,ELP,TX,ASW,CE,Combined TRACON& Tower with Radar,109,28,13,27,177,0,19,39,7,65,109,47,52,34,242,34,10,44,286
02/29/2020,ELP,TX,ASW,CE,Combined TRACON& Tower with Radar,79,25,15,2,121,1,13,41,5,60,80,38,56,7,181,24,0,24,205
03/01/2020,ELP,TX,ASW,CE,Combined TRACON& Tower with Radar,106,29,15,18,168,0,11,27,5,43,106,40,42,23,211,0,0,0,211
03/02/2020,ELP,TX,ASW,CE,Combined TRACON& Tower with Radar,108,20,8,10,146,0,5,33,13,51,108,25,41,23,197,0,0,0,197
03/03/2020,ELP,TX,ASW,CE,Combined TRACON& Tower with Radar,117,36,17,3,173,0,0,11,0,11,117,36,28,3,184,52,0,52,236
03/04/2020,ELP,TX,ASW,CE,Combined TRACON& Tower with Radar,106,37,22,12,177,1,15,22,10,48,107,52,44,22,225,0,20,20,245
03/05/2020,ELP,TX,ASW,CE,Combined TRACON& Tower with Radar,114,36,31,23,204,0,13,47,20,80,114,49,78,43,284,26,14,40,324
03/06/2020,ELP,TX,ASW,CE,Combined TRACON& Tower with Radar,108,28,12,25,173,1,12,28,12,53,109,40,40,37,226,68,0,68,294
03/07/2020,ELP,TX,ASW,CE,Combined TRACON& Tower with Radar,92,25,12,6,135,0,8,56,0,64,92,33,68,6,199,20,0,20,219
03/08/2020,ELP,TX,ASW,CE,Combined TRACON& Tower with Radar,102,28,22,5,157,0,1,7,0,8,102,29,29,5,165,0,0,0,165
03/09/2020,ELP,TX,ASW,CE,Combined TRACON& Tower with Radar,114,29,15,18,176,0,13,31,11,55,114,42,46,29,231,8,24,32,263
03/10/2020,ELP,TX,ASW,CE,Combined TRACON& Tower with Radar,123,25,27,10,185,0,12,31,20,63,123,37,58,30,248,12,0,12,260
03/11/2020,ELP,TX,ASW,CE,Combined TRACON& Tower with Radar,109,28,20,6,163,0,16,30,10,56,109,44,50,16,219,17,40,57,276
03/12/2020,ELP,TX,ASW,CE,Combined TRACON& Tower with Radar,111,46,15,16,188,0,3,24,11,38,111,49,39,27,226,16,8,24,250
03/13/2020,ELP,TX,ASW,CE,Combined TRACON& Tower with Radar,104,43,13,6,166,0,4,5,1,10,104,47,18,7,176,0,0,0,176
03/14/2020,ELP,TX,ASW,CE,Combined TRACON& Tower with Radar,84,44,21,2,151,0,13,39,0,52,84,57,60,2,203,38,0,38,241
03/15/2020,ELP,TX,ASW,CE,Combined TRACON& Tower with Radar,95,35,21,2,153,0,14,40,1,55,95,49,61,3,208,0,0,0,208
03/16/2020,ELP,TX,ASW,CE,Combined TRACON& Tower with Radar,109,36,31,5,181,0,7,47,24,78,109,43,78,29,259,10,0,10,269
03/17/2020,ELP,TX,ASW,CE,Combined TRACON& Tower with Radar,121,39,32,11,203,0,7,25,13,45,121,46,57,24,248,2,22,24,272
03/18/2020,ELP,TX,ASW,CE,Combined TRACON& Tower with Radar,116,37,27,14,194,0,3,28,21,52,116,40,55,35,246,8,54,62,308
03/19/2020,ELP,TX,ASW,CE,Combined TRACON& Tower with Radar,107,27,14,6,154,0,9,33,11,53,107,36,47,17,207,6,0,6,213
03/20/2020,ELP,TX,ASW,CE,Combined TRACON& Tower with Radar,96,36,28,14,174,0,10,81,15,106,96,46,109,29,280,0,8,8,288
03/21/2020,ELP,TX,ASW,CE,Combined TRACON& Tower with Radar,74,21,29,5,129,0,9,72,11,92,74,30,101,16,221,0,0,0,221
03/22/2020,ELP,TX,ASW,CE,Combined TRACON& Tower with Radar,84,21,27,1,133,0,7,44,5,56,84,28,71,6,189,4,0,4,193
03/23/2020,ELP,TX,ASW,CE,Combined TRACON& Tower with Radar,90,16,12,11,129,0,8,15,19,42,90,24,27,30,171,0,52,52,223
03/24/2020,ELP,TX,ASW,CE,Combined TRACON& Tower with Radar,100,18,14,15,147,0,12,22,23,57,100,30,36,38,204,16,0,16,220
03/25/2020,ELP,TX,ASW,CE,Combined TRACON& Tower with Radar,97,7,12,19,135,0,10,34,24,68,97,17,46,43,203,0,2,2,205
03/26/2020,ELP,TX,ASW,CE,Combined TRACON& Tower with Radar,86,13,10,16,125,0,10,33,17,60,86,23,43,33,185,0,56,56,241
03/27/2020,ELP,TX,ASW,CE,Combined TRACON& Tower with Radar,74,8,7,5,94,0,2,14,2,18,74,10,21,7,112,8,8,16,128
03/28/2020,ELP,TX,ASW,CE,Combined TRACON& Tower with Radar,57,9,10,4,80,0,6,34,8,48,57,15,44,12,128,0,0,0,128
03/29/2020,ELP,TX,ASW,CE,Combined TRACON& Tower with Radar,71,5,6,2,84,0,6,21,2,29,71,11,27,4,113,6,0,6,119
03/30/2020,ELP,TX,ASW,CE,Combined TRACON& Tower with Radar,61,5,8,10,84,0,7,18,12,37,61,12,26,22,121,0,0,0,121
03/31/2020,ELP,TX,ASW,CE,Combined TRACON& Tower with Radar,61,11,10,18,100,0,6,39,23,68,61,17,49,41,168,0,28,28,196
04/01/2020,ELP,TX,ASW,CE,Combined TRACON& Tower with Radar,68,12,9,4,93,0,7,35,15,57,68,19,44,19,150,10,34,44,194
04/02/2020,ELP,TX,ASW,CE,Combined TRACON& Tower with Radar,71,9,5,15,100,0,5,33,15,53,71,14,38,30,153,0,38,38,191
04/03/2020,ELP,TX,ASW,CE,Combined TRACON& Tower with Radar,58,15,7,7,87,0,4,48,11,63,58,19,55,18,150,0,26,26,176
04/04/2020,ELP,TX,ASW,CE,Combined TRACON& Tower with Radar,56,8,6,2,72,0,7,29,4,40,56,15,35,6,112,0,0,0,112
04/05/2020,ELP,TX,ASW,CE,Combined TRACON& Tower with Radar,44,5,4,3,56,0,4,29,4,37,44,9,33,7,93,14,0,14,107
04/06/2020,ELP,TX,ASW,CE,Combined TRACON& Tower with Radar,56,7,9,8,80,0,2,23,13,38,56,9,32,21,118,0,0,0,118
04/07/2020,ELP,TX,ASW,CE,Combined TRACON& Tower with Radar,67,12,1,21,101,0,6,36,21,63,67,18,37,42,164,8,38,46,210
04/08/2020,ELP,TX,ASW,CE,Combined TRACON& Tower with Radar,67,5,15,16,103,0,10,39,23,72,67,15,54,39,175,10,20,30,205
04/09/2020,ELP,TX,ASW,CE,Combined TRACON& Tower with Radar,56,20,4,15,95,0,6,29,14,49,56,26,33,29,144,0,31,31,175
04/10/2020,ELP,TX,ASW,CE,Combined TRACON& Tower with Radar,48,7,13,14,82,0,9,33,3,45,48,16,46,17,127,30,0,30,157
04/11/2020,ELP,TX,ASW,CE,Combined TRACON& Tower with Radar,38,10,6,3,57,0,6,39,1,46,38,16,45,4,103,8,0,8,111
04/12/2020,ELP,TX,ASW,CE,Combined TRACON& Tower with Radar,42,8,2,0,52,0,2,15,0,17,42,10,17,0,69,0,0,0,69
04/13/2020,ELP,TX,ASW,CE,Combined TRACON& Tower with Radar,52,7,7,0,66,0,6,20,8,34,52,13,27,8,100,4,44,48,148
04/14/2020,ELP,TX,ASW,CE,Combined TRACON& Tower with Radar,47,10,22,6,85,0,12,31,21,64,47,22,53,27,149,36,58,94,243
04/15/2020,ELP,TX,ASW,CE,Combined TRACON& Tower with Radar,50,7,8,15,80,0,16,41,23,80,50,23,49,38,160,0,12,12,172
04/16/2020,ELP,TX,ASW,CE,Combined TRACON& Tower with Radar,44,6,6,17,73,0,12,33,28,73,44,18,39,45,146,28,52,80,226
04/17/2020,ELP,TX,ASW,CE,Combined TRACON& Tower with Radar,46,9,9,9,73,0,5,34,22,61,46,14,43,31,134,38,0,38,172
04/18/2020,ELP,TX,ASW,CE,Combined TRACON& Tower with Radar,31,10,1,18,60,0,2,20,2,24,31,12,21,20,84,0,0,0,84
04/19/2020,ELP,TX,ASW,CE,Combined TRACON& Tower with Radar,35,5,5,2,47,0,7,17,2,26,35,12,22,4,73,0,0,0,73
04/20/2020,ELP,TX,ASW,CE,Combined TRACON& Tower with Radar,32,8,10,33,83,0,11,24,34,69,32,19,34,67,152,22,34,56,208
04/21/2020,ELP,TX,ASW,CE,Combined TRACON& Tower with Radar,51,10,10,29,100,0,7,23,18,48,51,17,33,47,148,0,20,20,168
04/22/2020,ELP,TX,ASW,CE,Combined TRACON& Tower with Radar,47,5,7,27,86,0,11,35,14,60,47,16,42,41,146,0,4,4,150
04/23/2020,ELP,TX,ASW,CE,Combined TRACON& Tower with Radar,49,9,8,21,87,1,12,36,15,64,50,21,44,36,151,0,10,10,161
04/24/2020,ELP,TX,ASW,CE,Combined TRACON& Tower with Radar,46,19,16,25,106,0,13,39,17,69,46,32,55,42,175,0,26,26,201
04/25/2020,ELP,TX,ASW,CE,Combined TRACON& Tower with Radar,19,13,2,2,36,0,6,36,1,43,19,19,38,3,79,0,0,0,79
04/26/2020,ELP,TX,ASW,CE,Combined TRACON& Tower with Radar,33,11,9,5,58,0,8,25,0,33,33,19,34,5,91,0,0,0,91
04/27/2020,ELP,TX,ASW,CE,Combined TRACON& Tower with Radar,36,15,6,28,85,0,6,19,45,70,36,21,25,73,155,0,52,52,207
04/28/2020,ELP,TX,ASW,CE,Combined TRACON& Tower with Radar,47,8,5,27,87,0,8,13,25,46,47,16,18,52,133,0,31,31,164
04/29/2020,ELP,TX,ASW,CE,Combined TRACON& Tower with Radar,45,3,7,20,75,0,6,21,37,64,45,9,28,57,139,0,58,58,197
04/30/2020,ELP,TX,ASW,CE,Combined TRACON& Tower with Radar,52,7,10,25,94,0,7,29,20,56,52,14,39,45,150,6,0,6,156
05/01/2020,ELP,TX,ASW,CE,Combined TRACON& Tower with Radar,38,6,9,16,69,0,11,36,26,73,38,17,45,42,142,0,78,78,220
05/02/2020,ELP,TX,ASW,CE,Combined TRACON& Tower with Radar,25,5,2,0,32,0,14,19,1,34,25,19,21,1,66,6,0,6,72
05/03/2020,ELP,TX,ASW,CE,Combined TRACON& Tower with Radar,28,9,6,0,43,0,5,24,0,29,28,14,30,0,72,16,0,16,88
05/04/2020,ELP,TX,ASW,CE,Combined TRACON& Tower with Radar,40,5,6,17,68,0,7,19,13,39,40,12,25,30,107,10,16,26,133
05/05/2020,ELP,TX,ASW,CE,Combined TRACON& Tower with Radar,46,5,11,18,80,1,9,17,26,53,47,14,28,44,133,12,0,12,145
05/06/2020,ELP,TX,ASW,CE,Combined TRACON& Tower with Radar,55,14,14,31,114,0,7,24,23,54,55,21,38,54,168,30,92,122,290
05/07/2020,ELP,TX,ASW,CE,Combined TRACON& Tower with Radar,50,10,8,32,100,0,10,26,32,68,50,20,34,64,168,26,22,48,216
05/08/2020,ELP,TX,ASW,CE,Combined TRACON& Tower with Radar,43,15,10,22,90,0,6,34,13,53,43,21,44,35,143,20,0,20,163
05/09/2020,ELP,TX,ASW,CE,Combined TRACON& Tower with Radar,34,3,7,8,52,0,6,67,5,78,34,9,74,13,130,76,0,76,206
05/10/2020,ELP,TX,ASW,CE,Combined TRACON& Tower with Radar,29,9,10,2,50,0,2,15,0,17,29,11,25,2,67,0,0,0,67
05/11/2020,ELP,TX,ASW,CE,Combined TRACON& Tower with Radar,41,12,20,17,90,0,5,16,35,56,41,17,36,52,146,0,30,30,176
05/12/2020,ELP,TX,ASW,CE,Combined TRACON& Tower with Radar,54,14,20,40,128,5,13,48,30,96,59,27,68,70,224,12,60,72,296
05/13/2020,ELP,TX,ASW,CE,Combined TRACON& Tower with Radar,50,14,12,25,101,1,13,45,21,80,51,27,57,46,181,34,22,56,237
05/14/2020,ELP,TX,ASW,CE,Combined TRACON& Tower with Radar,54,13,12,23,102,0,7,33,32,72,54,20,45,55,174,8,34,42,216
05/15/2020,ELP,TX,ASW,CE,Combined TRACON& Tower with Radar,40,9,13,22,84,0,11,37,24,72,40,20,50,46,156,16,40,56,212
05/16/2020,ELP,TX,ASW,CE,Combined TRACON& Tower with Radar,31,14,6,12,63,0,3,31,3,37,31,17,37,15,100,4,4,8,108
05/17/2020,ELP,TX,ASW,CE,Combined TRACON& Tower with Radar,42,10,12,0,64,0,3,31,2,36,42,13,43,2,100,10,0,10,110
05/18/2020,ELP,TX,ASW,CE,Combined TRACON& Tower with Radar,42,6,14,30,92,0,16,27,59,102,42,22,41,89,194,10,28,38,232
05/19/2020,ELP,TX,ASW,CE,Combined TRACON& Tower with Radar,52,16,8,30,106,0,12,27,20,59,52,28,35,50,165,0,12,12,177
05/20/2020,ELP,TX,ASW,CE,Combined TRACON& Tower with Radar,51,12,9,21,93,0,9,22,21,52,51,21,31,42,145,0,40,40,185
05/21/2020,ELP,TX,ASW,CE,Combined TRACON& Tower with Radar,60,9,21,17,107,0,7,29,14,50,60,16,50,31,157,0,0,0,157
05/22/2020,ELP,TX,ASW,CE,Combined TRACON& Tower with Radar,45,19,13,14,91,0,11,28,14,53,45,30,41,28,144,0,0,0,144
05/23/2020,ELP,TX,ASW,CE,Combined TRACON& Tower with Radar,31,9,18,1,59,0,4,36,1,41,31,13,54,2,100,0,0,0,100
05/24/2020,ELP,TX,ASW,CE,Combined TRACON& Tower with Radar,39,5,11,2,57,0,6,35,0,41,39,11,46,2,98,0,0,0,98
05/25/2020,ELP,TX,ASW,CE,Combined TRACON& Tower with Radar,43,16,11,1,71,0,7,31,1,39,43,23,42,2,110,16,0,16,126
05/26/2020,ELP,TX,ASW,CE,Combined TRACON& Tower with Radar,40,16,27,51,134,0,6,35,31,72,40,22,62,82,206,24,130,154,360
05/27/2020,ELP,TX,ASW,CE,Combined TRACON& Tower with Radar,57,15,10,15,97,0,11,41,46,98,57,26,51,61,195,18,100,118,313
05/28/2020,ELP,TX,ASW,CE,Combined TRACON& Tower with Radar,58,17,11,30,116,0,14,31,22,67,58,31,42,52,183,4,16,20,203
05/29/2020,ELP,TX,ASW,CE,Combined TRACON& Tower with Radar,42,16,25,16,99,0,5,34,26,65,42,21,59,42,164,0,24,24,188
05/30/2020,ELP,TX,ASW,CE,Combined TRACON& Tower with Radar,32,11,6,4,53,0,7,28,3,38,32,18,34,7,91,2,0,2,93
05/31/2020,ELP,TX,ASW,CE,Combined TRACON& Tower with Radar,55,10,17,14,96,0,2,32,0,34,55,12,49,14,130,8,0,8,138
06/01/2020,ELP,TX,ASW,CE,Combined TRACON& Tower with Radar,48,15,10,35,108,0,5,24,28,57,48,20,34,63,165,18,40,58,223
06/02/2020,ELP,TX,ASW,CE,Combined TRACON& Tower with Radar,50,23,9,43,125,0,12,36,18,66,50,35,45,61,191,10,0,10,201
06/03/2020,ELP,TX,ASW,CE,Combined TRACON& Tower with Radar,55,21,18,18,112,0,6,32,18,56,55,27,50,36,168,28,16,44,212
06/04/2020,ELP,TX,ASW,CE,Combined TRACON& Tower with Radar,63,22,25,23,133,0,10,41,13,64,63,32,66,36,197,0,22,22,219
06/05/2020,ELP,TX,ASW,CE,Combined TRACON& Tower with Radar,51,20,7,10,88,0,10,36,17,63,51,30,43,27,151,0,0,0,151
06/06/2020,ELP,TX,ASW,CE,Combined TRACON& Tower with Radar,36,18,14,6,74,0,7,29,1,37,36,25,43,7,111,0,0,0,111
06/07/2020,ELP,TX,ASW,CE,Combined TRACON& Tower with Radar,48,6,6,4,64,0,4,26,0,30,48,10,32,4,94,0,0,0,94
06/08/2020,ELP,TX,ASW,CE,Combined TRACON& Tower with Radar,46,10,14,23,93,0,16,29,15,60,46,26,43,38,153,0,0,0,153
06/09/2020,ELP,TX,ASW,CE,Combined TRACON& Tower with Radar,63,19,9,28,119,0,7,34,10,51,63,26,43,38,170,12,0,12,182
06/10/2020,ELP,TX,ASW,CE,Combined TRACON& Tower with Radar,58,26,14,28,126,0,16,51,15,82,58,42,65,43,208,10,22,32,240
06/11/2020,ELP,TX,ASW,CE,Combined TRACON& Tower with Radar,67,39,17,12,135,0,16,22,4,42,67,55,39,16,177,12,0,12,189
06/12/2020,ELP,TX,ASW,CE,Combined TRACON& Tower with Radar,48,25,29,19,121,0,2,41,19,62,48,27,70,38,183,6,4,10,193
06/13/2020,ELP,TX,ASW,CE,Combined TRACON& Tower with Radar,41,8,8,3,60,0,0,41,0,41,41,8,49,3,101,22,0,22,123
06/14/2020,ELP,TX,ASW,CE,Combined TRACON& Tower with Radar,48,11,14,0,73,0,6,17,1,24,48,17,31,1,97,0,0,0,97
06/15/2020,ELP,TX,ASW,CE,Combined TRACON& Tower with Radar,54,18,15,6,93,0,8,23,1,32,54,26,38,7,125,30,0,30,155
06/16/2020,ELP,TX,ASW,CE,Combined TRACON& Tower with Radar,64,25,8,33,130,0,5,30,18,53,64,30,38,51,183,8,0,8,191
06/17/2020,ELP,TX,ASW,CE,Combined TRACON& Tower with Radar,58,12,22,25,117,0,10,33,12,55,58,22,55,37,172,12,28,40,212
06/18/2020,ELP,TX,ASW,CE,Combined TRACON& Tower with Radar,70,16,7,20,113,0,16,38,31,85,70,32,45,51,198,0,42,42,240
06/19/2020,ELP,TX,ASW,CE,Combined TRACON& Tower with Radar,52,26,23,27,128,0,17,33,21,71,52,43,56,48,199,52,90,142,341
06/20/2020,ELP,TX,ASW,CE,Combined TRACON& Tower with Radar,43,11,10,7,71,0,9,41,5,55,43,20,51,12,126,0,0,0,126
06/21/2020,ELP,TX,ASW,CE,Combined TRACON& Tower with Radar,63,10,3,1,77,0,10,24,1,35,63,20,27,2,112,0,0,0,112
06/22/2020,ELP,TX,ASW,CE,Combined TRACON& Tower with Radar,53,17,6,34,110,0,10,24,11,45,53,27,30,45,155,0,0,0,155
06/23/2020,ELP,TX,ASW,CE,Combined TRACON& Tower with Radar,65,23,11,14,113,0,15,30,22,67,65,38,41,36,180,0,0,0,180
06/24/2020,ELP,TX,ASW,CE,Combined TRACON& Tower with Radar,59,24,15,20,118,0,8,39,7,54,59,32,54,27,172,4,0,4,176
06/25/2020,ELP,TX,ASW,CE,Combined TRACON& Tower with Radar,73,23,15,38,149,0,8,42,10,60,73,31,57,48,209,8,26,34,243
06/26/2020,ELP,TX,ASW,CE,Combined TRACON& Tower with Radar,57,19,25,34,135,0,17,39,12,68,57,36,64,46,203,14,8,22,225
06/27/2020,ELP,TX,ASW,CE,Combined TRACON& Tower with Radar,40,13,15,4,72,0,10,48,1,59,40,23,63,5,131,6,0,6,137
06/28/2020,ELP,TX,ASW,CE,Combined TRACON& Tower with Radar,53,16,8,0,77,0,5,12,1,18,53,21,20,1,95,0,0,0,95
06/29/2020,ELP,TX,ASW,CE,Combined TRACON& Tower with Radar,53,15,9,24,101,0,8,26,6,40,53,23,35,30,141,0,0,0,141
06/30/2020,ELP,TX,ASW,CE,Combined TRACON& Tower with Radar,70,33,25,32,160,0,9,21,34,64,70,42,46,66,224,10,34,44,268
07/01/2020,ELP,TX,ASW,CE,Combined TRACON& Tower with Radar,63,22,22,8,115,0,11,39,5,55,63,33,61,13,170,20,10,30,200
07/02/2020,ELP,TX,ASW,CE,Combined TRACON& Tower with Radar,71,16,31,0,118,0,7,45,1,53,71,23,76,1,171,26,0,26,197
07/03/2020,ELP,TX,ASW,CE,Combined TRACON& Tower with Radar,61,12,16,0,89,0,10,41,2,53,61,22,57,2,142,0,0,0,142
07/04/2020,ELP,TX,ASW,CE,Combined TRACON& Tower with Radar,45,4,6,4,59,0,4,20,0,24,45,8,26,4,83,0,0,0,83
07/05/2020,ELP,TX,ASW,CE,Combined TRACON& Tower with Radar,58,3,12,0,73,0,3,26,0,29,58,6,38,0,102,0,0,0,102
07/06/2020,ELP,TX,ASW,CE,Combined TRACON& Tower with Radar,56,23,15,3,97,0,10,24,1,35,56,33,39,4,132,10,0,10,142
07/07/2020,ELP,TX,ASW,CE,Combined TRACON& Tower with Radar,70,15,14,13,112,0,7,35,11,53,70,22,49,24,165,0,0,0,165
07/08/2020,ELP,TX,ASW,CE,Combined TRACON& Tower with Radar,71,30,21,25,147,0,11,29,16,56,71,41,50,41,203,26,0,26,229
07/09/2020,ELP,TX,ASW,CE,Combined TRACON& Tower with Radar,70,21,9,19,119,0,10,28,9,47,70,31,37,28,166,40,0,40,206
07/10/2020,ELP,TX,ASW,CE,Combined TRACON& Tower with Radar,59,9,13,17,98,0,9,33,21,63,59,18,46,38,161,0,18,18,179
07/11/2020,ELP,TX,ASW,CE,Combined TRACON& Tower with Radar,51,12,15,2,80,0,1,46,0,47,51,13,61,2,127,0,0,0,127
07/12/2020,ELP,TX,ASW,CE,Combined TRACON& Tower with Radar,54,14,12,2,82,0,2,29,0,31,54,16,41,2,113,0,0,0,113
07/13/2020,ELP,TX,ASW,CE,Combined TRACON& Tower with Radar,68,19,19,11,117,0,4,24,7,35,68,23,43,18,152,26,0,26,178
07/14/2020,ELP,TX,ASW,CE,Combined TRACON& Tower with Radar,64,16,9,17,106,0,8,30,17,55,64,24,39,34,161,8,0,8,169
07/15/2020,ELP,TX,ASW,CE,Combined TRACON& Tower with Radar,68,23,20,12,123,0,5,33,5,43,68,28,53,17,166,12,0,12,178
07/16/2020,ELP,TX,ASW,CE,Combined TRACON& Tower with Radar,78,20,9,26,133,0,7,50,8,65,78,27,59,34,198,0,0,0,198
07/17/2020,ELP,TX,ASW,CE,Combined TRACON& Tower with Radar,67,25,10,23,125,0,7,46,6,59,67,32,56,29,184,0,0,0,184
07/18/2020,ELP,TX,ASW,CE,Combined TRACON& Tower with Radar,54,18,16,7,95,0,3,32,5,40,54,21,48,12,135,0,0,0,135
07/19/2020,ELP,TX,ASW,CE,Combined TRACON& Tower with Radar,60,9,13,3,85,0,4,26,2,32,60,13,39,5,117,0,0,0,117
07/20/2020,ELP,TX,ASW,CE,Combined TRACON& Tower with Radar,68,30,17,16,131,0,3,26,11,40,68,33,43,27,171,0,0,0,171
07/21/2020,ELP,TX,ASW,CE,Combined TRACON& Tower with Radar,69,19,23,21,132,0,5,28,16,49,69,24,51,37,181,0,30,30,211
07/22/2020,ELP,TX,ASW,CE,Combined TRACON& Tower with Radar,62,18,18,16,114,0,8,44,20,72,62,26,62,36,186,34,16,50,236
07/23/2020,ELP,TX,ASW,CE,Combined TRACON& Tower with Radar,76,13,18,26,133,0,8,50,17,75,76,21,68,43,208,0,0,0,208
07/24/2020,ELP,TX,ASW,CE,Combined TRACON& Tower with Radar,66,14,13,11,104,0,5,34,8,47,66,19,47,19,151,44,8,52,203
07/25/2020,ELP,TX,ASW,CE,Combined TRACON& Tower with Radar,58,10,5,3,76,0,0,28,0,28,58,10,33,3,104,18,0,18,122
07/26/2020,ELP,TX,ASW,CE,Combined TRACON& Tower with Radar,55,10,16,2,83,0,1,35,0,36,55,11,51,2,119,10,0,10,129
07/27/2020,ELP,TX,ASW,CE,Combined TRACON& Tower with Radar,63,13,15,14,105,0,6,39,7,52,63,19,54,21,157,6,0,6,163
07/28/2020,ELP,TX,ASW,CE,Combined TRACON& Tower with Radar,60,17,24,36,137,0,13,32,12,57,60,30,56,48,194,6,0,6,200
07/29/2020,ELP,TX,ASW,CE,Combined TRACON& Tower with Radar,66,16,25,12,119,0,13,58,11,82,66,29,83,23,201,0,40,40,241
07/30/2020,ELP,TX,ASW,CE,Combined TRACON& Tower with Radar,66,18,40,18,142,0,9,42,23,74,66,27,82,41,216,16,0,16,232
07/31/2020,ELP,TX,ASW,CE,Combined TRACON& Tower with Radar,63,28,16,17,124,0,7,46,6,59,63,35,62,23,183,0,0,0,183
08/01/2020,ELP,TX,ASW,CE,Combined TRACON& Tower with Radar,57,20,17,6,100,0,3,21,0,24,57,23,38,6,124,0,0,0,124
08/02/2020,ELP,TX,ASW,CE,Combined TRACON& Tower with Radar,62,11,21,2,96,0,6,37,1,44,62,17,58,3,140,0,0,0,140
08/03/2020,ELP,TX,ASW,CE,Combined TRACON& Tower with Radar,74,22,27,28,151,0,8,32,12,52,74,30,59,40,203,0,0,0,203
08/04/2020,ELP,TX,ASW,CE,Combined TRACON& Tower with Radar,72,30,17,12,131,0,7,39,14,60,72,37,56,26,191,68,10,78,269
08/05/2020,ELP,TX,ASW,CE,Combined TRACON& Tower with Radar,68,23,26,9,126,0,6,39,11,56,68,29,65,20,182,16,18,34,216
08/06/2020,ELP,TX,ASW,CE,Combined TRACON& Tower with Radar,76,27,15,21,139,0,8,46,30,84,76,35,61,51,223,36,50,86,309
08/07/2020,ELP,TX,ASW,CE,Combined TRACON& Tower with Radar,63,35,19,13,130,0,3,39,6,48,63,38,58,19,178,38,0,38,216
08/08/2020,ELP,TX,ASW,CE,Combined TRACON& Tower with Radar,49,17,15,6,87,0,4,38,0,42,49,21,53,6,129,0,0,0,129
08/09/2020,ELP,TX,ASW,CE,Combined TRACON& Tower with Radar,64,10,24,4,102,0,0,28,0,28,64,10,52,4,130,4,0,4,134
08/10/2020,ELP,TX,ASW,CE,Combined TRACON& Tower with Radar,75,35,18,42,170,0,7,28,19,54,75,42,46,61,224,0,0,0,224
08/11/2020,ELP,TX,ASW,CE,Combined TRACON& Tower with Radar,87,32,14,19,152,0,8,43,2,53,87,40,57,21,205,8,0,8,213
08/12/2020,ELP,TX,ASW,CE,Combined TRACON& Tower with Radar,87,31,20,12,150,4,10,80,8,102,91,41,100,20,252,6,44,50,302
08/13/2020,ELP,TX,ASW,CE,Combined TRACON& Tower with Radar,96,34,33,25,188,0,7,38,18,63,96,41,71,43,251,18,10,28,279
08/14/2020,ELP,TX,ASW,CE,Combined TRACON& Tower with Radar,81,29,18,18,146,0,7,68,11,86,81,36,86,29,232,0,0,0,232
08/15/2020,ELP,TX,ASW,CE,Combined TRACON& Tower with Radar,71,32,21,4,128,3,4,41,4,52,74,36,62,8,180,0,0,0,180
08/16/2020,ELP,TX,ASW,CE,Combined TRACON& Tower with Radar,81,29,17,3,130,0,1,33,3,37,81,30,50,6,167,0,0,0,167
08/17/2020,ELP,TX,ASW,CE,Combined TRACON& Tower with Radar,89,26,13,8,136,0,5,22,4,31,89,31,35,12,167,14,0,14,181
08/18/2020,ELP,TX,ASW,CE,Combined TRACON& Tower with Radar,89,35,16,46,186,1,8,47,12,68,90,43,63,58,254,20,20,40,294
08/19/2020,ELP,TX,ASW,CE,Combined TRACON& Tower with Radar,89,33,17,22,161,0,15,52,20,87,89,48,69,42,248,92,0,92,340
08/20/2020,ELP,TX,ASW,CE,Combined TRACON& Tower with Radar,91,42,22,18,173,0,8,40,27,75,91,50,62,45,248,56,26,82,330
08/21/2020,ELP,TX,ASW,CE,Combined TRACON& Tower with Radar,87,19,15,19,140,4,8,44,7,63,91,27,59,26,203,24,16,40,243
08/22/2020,ELP,TX,ASW,CE,Combined TRACON& Tower with Radar,72,11,9,31,123,0,5,39,9,53,72,16,48,40,176,20,0,20,196
08/23/2020,ELP,TX,ASW,CE,Combined TRACON& Tower with Radar,82,12,15,0,109,0,0,36,6,42,82,12,51,6,151,32,0,32,183
08/24/2020,ELP,TX,ASW,CE,Combined TRACON& Tower with Radar,91,20,15,16,142,0,12,31,16,59,91,32,46,32,201,4,0,4,205
08/25/2020,ELP,TX,ASW,CE,Combined TRACON& Tower with Radar,100,30,34,30,194,0,9,45,25,79,100,39,79,55,273,0,90,90,363
08/26/2020,ELP,TX,ASW,CE,Combined TRACON& Tower with Radar,83,28,14,33,158,1,13,41,17,72,84,41,55,50,230,14,0,14,244
08/27/2020,ELP,TX,ASW,CE,Combined TRACON& Tower with Radar,97,28,16,21,162,0,8,44,13,65,97,36,60,34,227,12,0,12,239
08/28/2020,ELP,TX,ASW,CE,Combined TRACON& Tower with Radar,84,29,26,22,161,0,15,47,25,87,84,44,73,47,248,12,24,36,284
08/29/2020,ELP,TX,ASW,CE,Combined TRACON& Tower with Radar,68,16,13,1,98,0,5,37,7,49,68,21,50,8,147,0,0,0,147
08/30/2020,ELP,TX,ASW,CE,Combined TRACON& Tower with Radar,76,10,18,13,117,0,3,27,5,35,76,13,45,18,152,50,20,70,222
08/31/2020,ELP,TX,ASW,CE,Combined TRACON& Tower with Radar,84,19,15,13,131,0,7,38,43,88,84,26,53,56,219,20,0,20,239
09/01/2020,ELP,TX,ASW,CE,Combined TRACON& Tower with Radar,93,36,20,24,173,0,5,33,12,50,93,41,53,36,223,0,0,0,223
09/02/2020,ELP,TX,ASW,CE,Combined TRACON& Tower with Radar,81,32,24,16,153,0,11,65,26,102,81,43,89,42,255,46,32,78,333
09/03/2020,ELP,TX,ASW,CE,Combined TRACON& Tower with Radar,82,40,24,23,169,0,15,61,7,83,82,55,85,30,252,58,0,58,310
09/04/2020,ELP,TX,ASW,CE,Combined TRACON& Tower with Radar,80,34,37,20,171,0,11,61,29,101,80,45,98,49,272,44,24,68,340
09/05/2020,ELP,TX,ASW,CE,Combined TRACON& Tower with Radar,62,22,10,1,95,0,6,42,4,52,62,28,52,5,147,56,0,56,203
09/06/2020,ELP,TX,ASW,CE,Combined TRACON& Tower with Radar,46,13,13,3,75,0,10,36,1,47,46,23,49,4,122,14,0,14,136
09/07/2020,ELP,TX,ASW,CE,Combined TRACON& Tower with Radar,62,21,12,2,97,0,7,24,2,33,62,28,36,4,130,46,0,46,176
09/08/2020,ELP,TX,ASW,CE,Combined TRACON& Tower with Radar,58,21,23,11,113,0,9,18,2,29,58,30,41,13,142,0,0,0,142
09/09/2020,ELP,TX,ASW,CE,Combined TRACON& Tower with Radar,68,37,20,18,143,0,2,11,38,51,68,39,31,56,194,0,26,26,220
09/10/2020,ELP,TX,ASW,CE,Combined TRACON& Tower with Radar,74,28,42,23,167,0,5,25,37,67,74,33,67,60,234,20,102,122,356
09/11/2020,ELP,TX,ASW,CE,Combined TRACON& Tower with Radar,70,29,24,23,146,0,11,51,18,80,70,40,75,41,226,20,4,24,250
09/12/2020,ELP,TX,ASW,CE,Combined TRACON& Tower with Radar,60,16,8,19,103,0,6,45,5,56,60,22,53,24,159,14,0,14,173
09/13/2020,ELP,TX,ASW,CE,Combined TRACON& Tower with Radar,65,17,13,5,100,0,8,30,12,50,65,25,43,17,150,0,0,0,150
09/14/2020,ELP,TX,ASW,CE,Combined TRACON& Tower with Radar,64,23,16,31,134,0,7,28,25,60,64,30,44,56,194,0,40,40,234
09/15/2020,ELP,TX,ASW,CE,Combined TRACON& Tower with Radar,69,24,14,15,122,0,10,42,17,69,69,34,56,32,191,32,0,32,223
09/16/2020,ELP,TX,ASW,CE,Combined TRACON& Tower with Radar,76,24,15,9,124,0,9,48,5,62,76,33,63,14,186,0,38,38,224
09/17/2020,ELP,TX,ASW,CE,Combined TRACON& Tower with Radar,73,25,21,8,127,0,10,62,3,75,73,35,83,11,202,38,0,38,240
09/18/2020,ELP,TX,ASW,CE,Combined TRACON& Tower with Radar,66,25,37,32,160,2,9,57,7,75,68,34,94,39,235,56,56,112,347
09/19/2020,ELP,TX,ASW,CE,Combined TRACON& Tower with Radar,59,17,9,2,87,0,10,58,4,72,59,27,67,6,159,24,0,24,183
09/20/2020,ELP,TX,ASW,CE,Combined TRACON& Tower with Radar,57,26,19,10,112,0,3,60,1,64,57,29,79,11,176,32,0,32,208
09/21/2020,ELP,TX,ASW,CE,Combined TRACON& Tower with Radar,62,31,30,5,128,0,5,45,7,57,62,36,75,12,185,42,0,42,227
09/22/2020,ELP,TX,ASW,CE,Combined TRACON& Tower with Radar,66,46,23,1,136,0,6,48,8,62,66,52,71,9,198,30,0,30,228
09/23/2020,ELP,TX,ASW,CE,Combined TRACON& Tower with Radar,69,43,11,13,136,0,8,37,2,47,69,51,48,15,183,10,0,10,193
09/24/2020,ELP,TX,ASW,CE,Combined TRACON& Tower with Radar,77,33,26,10,146,0,15,49,2,66,77,48,75,12,212,10,0,10,222
09/25/2020,ELP,TX,ASW,CE,Combined TRACON& Tower with Radar,63,49,14,17,143,0,10,52,2,64,63,59,66,19,207,70,4,74,281
09/26/2020,ELP,TX,ASW,CE,Combined TRACON& Tower with Radar,56,30,7,4,97,0,2,28,2,32,56,32,35,6,129,48,0,48,177
09/27/2020,ELP,TX,ASW,CE,Combined TRACON& Tower with Radar,56,26,21,4,107,0,3,33,7,43,56,29,54,11,150,16,0,16,166
09/28/2020,ELP,TX,ASW,CE,Combined TRACON& Tower with Radar,64,28,18,5,115,0,10,22,8,40,64,38,40,13,155,12,0,12,167
09/29/2020,ELP,TX,ASW,CE,Combined TRACON& Tower with Radar,67,31,17,5,120,0,14,47,6,67,67,45,64,11,187,96,0,96,283
09/30/2020,ELP,TX,ASW,CE,Combined TRACON& Tower with Radar,68,35,16,4,123,0,10,51,5,66,68,45,67,9,189,30,0,30,219
10/01/2020,ELP,TX,ASW,CE,Combined TRACON& Tower with Radar,73,33,38,5,149,0,8,50,5,63,73,41,88,10,212,20,0,20,232
10/02/2020,ELP,TX,ASW,CE,Combined TRACON& Tower with Radar,64,35,22,55,176,0,10,40,8,58,64,45,62,63,234,24,0,24,258
10/03/2020,ELP,TX,ASW,CE,Combined TRACON& Tower with Radar,54,19,13,6,92,0,7,47,2,56,54,26,60,8,148,44,0,44,192
10/04/2020,ELP,TX,ASW,CE,Combined TRACON& Tower with Radar,56,30,10,0,96,0,6,45,1,52,56,36,55,1,148,14,0,14,162
10/05/2020,ELP,TX,ASW,CE,Combined TRACON& Tower with Radar,65,14,9,12,100,0,9,33,5,47,65,23,42,17,147,12,8,20,167
10/06/2020,ELP,TX,ASW,CE,Combined TRACON& Tower with Radar,69,28,23,14,134,0,7,35,11,53,69,35,58,25,187,10,36,46,233
10/07/2020,ELP,TX,ASW,CE,Combined TRACON& Tower with Radar,70,25,24,16,135,0,12,65,18,95,70,37,89,34,230,10,0,10,240
10/08/2020,ELP,TX,ASW,CE,Combined TRACON& Tower with Radar,80,34,44,7,165,0,9,45,7,61,80,43,89,14,226,0,0,0,226
10/09/2020,ELP,TX,ASW,CE,Combined TRACON& Tower with Radar,72,21,32,7,132,2,6,43,5,56,74,27,75,12,188,12,0,12,200
10/10/2020,ELP,TX,ASW,CE,Combined TRACON& Tower with Radar,57,16,30,1,104,1,9,47,1,58,58,25,77,2,162,0,0,0,162
10/11/2020,ELP,TX,ASW,CE,Combined TRACON& Tower with Radar,71,25,12,0,108,0,7,27,1,35,71,32,39,1,143,0,0,0,143
10/12/2020,ELP,TX,ASW,CE,Combined TRACON& Tower with Radar,67,23,37,7,134,0,7,44,3,54,67,30,81,10,188,14,0,14,202
10/13/2020,ELP,TX,ASW,CE,Combined TRACON& Tower with Radar,75,29,53,4,161,0,8,43,2,53,75,37,96,6,214,0,0,0,214
10/14/2020,ELP,TX,ASW,CE,Combined TRACON& Tower with Radar,70,31,22,14,137,0,16,52,8,76,70,47,74,22,213,40,0,40,253
10/15/2020,ELP,TX,ASW,CE,Combined TRACON& Tower with Radar,73,36,34,20,163,0,27,53,16,96,73,63,87,36,259,24,16,40,299
10/16/2020,ELP,TX,ASW,CE,Combined TRACON& Tower with Radar,70,35,55,14,174,0,14,48,8,70,70,49,103,22,244,20,18,38,282
10/17/2020,ELP,TX,ASW,CE,Combined TRACON& Tower with Radar,59,17,17,0,93,0,9,38,5,52,59,26,55,5,145,28,0,28,173
10/18/2020,ELP,TX,ASW,CE,Combined TRACON& Tower with Radar,69,21,16,12,118,0,14,32,2,48,69,35,48,14,166,0,0,0,166
10/19/2020,ELP,TX,ASW,CE,Combined TRACON& Tower with Radar,69,16,32,15,132,0,8,32,7,47,69,24,64,22,179,72,0,72,251
10/20/2020,ELP,TX,ASW,CE,Combined TRACON& Tower with Radar,75,32,33,21,161,0,21,55,16,92,75,53,88,37,253,20,46,66,319
10/21/2020,ELP,TX,ASW,CE,Combined TRACON& Tower with Radar,69,33,31,1,134,0,14,59,15,88,69,47,90,16,222,0,0,0,222
10/22/2020,ELP,TX,ASW,CE,Combined TRACON& Tower with Radar,75,30,27,34,166,0,11,65,19,95,75,41,92,53,261,44,0,44,305
10/23/2020,ELP,TX,ASW,CE,Combined TRACON& Tower with Radar,69,39,36,9,153,0,12,50,3,65,69,51,86,12,218,10,0,10,228
10/24/2020,ELP,TX,ASW,CE,Combined TRACON& Tower with Radar,61,11,17,1,90,0,12,46,2,60,61,23,63,3,150,0,4,4,154
10/25/2020,ELP,TX,ASW,CE,Combined TRACON& Tower with Radar,63,12,22,9,106,1,0,28,0,29,64,12,50,9,135,10,0,10,145
10/26/2020,ELP,TX,ASW,CE,Combined TRACON& Tower with Radar,69,30,32,11,142,0,4,26,3,33,69,34,58,14,175,0,0,0,175
10/27/2020,ELP,TX,ASW,CE,Combined TRACON& Tower with Radar,77,47,12,8,144,0,0,2,1,3,77,47,14,9,147,4,0,4,151
10/28/2020,ELP,TX,ASW,CE,Combined TRACON& Tower with Radar,69,41,23,14,147,0,13,43,8,64,69,54,66,22,211,10,0,10,221
10/29/2020,ELP,TX,ASW,CE,Combined TRACON& Tower with Radar,83,46,38,13,180,2,5,66,14,87,85,51,104,27,267,24,6,30,297
10/30/2020,ELP,TX,ASW,CE,Combined TRACON& Tower with Radar,75,35,20,27,157,0,12,61,15,88,75,47,81,42,245,0,0,0,245
10/31/2020,ELP,TX,ASW,CE,Combined TRACON& Tower with Radar,50,20,12,0,82,0,11,55,2,68,50,31,67,2,150,6,0,6,156
11/01/2020,ELP,TX,ASW,CE,Combined TRACON& Tower with Radar,60,24,14,11,109,0,9,29,2,40,60,33,43,13,149,0,0,0,149
11/02/2020,ELP,TX,ASW,CE,Combined TRACON& Tower with Radar,65,28,21,12,126,0,13,44,10,67,65,41,65,22,193,8,0,8,201
11/03/2020,ELP,TX,ASW,CE,Combined TRACON& Tower with Radar,76,42,21,7,146,0,18,41,7,66,76,60,62,14,212,8,0,8,220
11/04/2020,ELP,TX,ASW,CE,Combined TRACON& Tower with Radar,67,55,19,10,151,0,10,61,16,87,67,65,80,26,238,0,0,0,238
11/05/2020,ELP,TX,ASW,CE,Combined TRACON& Tower with Radar,81,49,18,5,153,0,19,59,6,84,81,68,77,11,237,16,0,16,253
11/06/2020,ELP,TX,ASW,CE,Combined TRACON& Tower with Radar,73,36,32,30,171,0,13,47,16,76,73,49,79,46,247,12,0,12,259
11/07/2020,ELP,TX,ASW,CE,Combined TRACON& Tower with Radar,59,33,14,8,114,0,1,30,6,37,59,34,44,14,151,0,0,0,151
11/08/2020,ELP,TX,ASW,CE,Combined TRACON& Tower with Radar,57,20,25,0,102,0,2,12,2,16,57,22,37,2,118,0,0,0,118
11/09/2020,ELP,TX,ASW,CE,Combined TRACON& Tower with Radar,62,45,17,3,127,0,5,24,12,41,62,50,41,15,168,0,0,0,168
11/10/2020,ELP,TX,ASW,CE,Combined TRACON& Tower with Radar,67,44,26,11,148,0,12,45,10,67,67,56,71,21,215,26,0,26,241
11/11/2020,ELP,TX,ASW,CE,Combined TRACON& Tower with Radar,71,51,28,3,153,0,8,51,3,62,71,59,79,6,215,0,0,0,215
11/12/2020,ELP,TX,ASW,CE,Combined TRACON& Tower with Radar,80,56,23,12,171,0,9,43,12,64,80,65,66,24,235,26,0,26,261
11/13/2020,ELP,TX,ASW,CE,Combined TRACON& Tower with Radar,70,59,24,60,213,0,8,42,8,58,70,67,66,68,271,6,16,22,293
11/14/2020,ELP,TX,ASW,CE,Combined TRACON& Tower with Radar,63,39,13,1,116,0,1,12,2,15,63,40,25,3,131,0,0,0,131
11/15/2020,ELP,TX,ASW,CE,Combined TRACON& Tower with Radar,63,27,22,9,121,0,6,33,7,46,63,33,55,16,167,36,0,36,203
11/16/2020,ELP,TX,ASW,CE,Combined TRACON& Tower with Radar,61,54,21,10,146,0,14,44,11,69,61,68,65,21,215,0,22,22,237
11/17/2020,ELP,TX,ASW,CE,Combined TRACON& Tower with Radar,74,77,22,12,185,1,12,53,9,75,75,89,75,21,260,20,0,20,280
11/18/2020,ELP,TX,ASW,CE,Combined TRACON& Tower with Radar,73,71,25,9,178,0,7,41,6,54,73,78,66,15,232,6,0,6,238
11/19/2020,ELP,TX,ASW,CE,Combined TRACON& Tower with Radar,77,83,34,12,206,0,8,28,6,42,77,91,62,18,248,0,0,0,248
11/20/2020,ELP,TX,ASW,CE,Combined TRACON& Tower with Radar,73,85,38,8,204,0,7,31,2,40,73,92,69,10,244,0,0,0,244
11/21/2020,ELP,TX,ASW,CE,Combined TRACON& Tower with Radar,72,43,29,13,157,0,2,31,1,34,72,45,60,14,191,0,0,0,191
11/22/2020,ELP,TX,ASW,CE,Combined TRACON& Tower with Radar,66,45,26,2,139,0,2,19,0,21,66,47,45,2,160,22,0,22,182
11/23/2020,ELP,TX,ASW,CE,Combined TRACON& Tower with Radar,68,71,17,16,172,0,4,21,2,27,68,75,38,18,199,0,0,0,199
11/24/2020,ELP,TX,ASW,CE,Combined TRACON& Tower with Radar,94,73,15,6,188,0,3,16,1,20,94,76,31,7,208,0,0,0,208
11/25/2020,ELP,TX,ASW,CE,Combined TRACON& Tower with Radar,79,77,20,9,185,0,10,56,4,70,79,87,76,13,255,16,0,16,271
11/26/2020,ELP,TX,ASW,CE,Combined TRACON& Tower with Radar,42,19,10,0,71,0,4,17,1,22,42,23,27,1,93,0,0,0,93
11/27/2020,ELP,TX,ASW,CE,Combined TRACON& Tower with Radar,68,28,14,1,111,0,3,23,1,27,68,31,37,2,138,12,0,12,150
11/28/2020,ELP,TX,ASW,CE,Combined TRACON& Tower with Radar,78,32,17,0,127,0,2,22,1,25,78,34,39,1,152,26,0,26,178
11/29/2020,ELP,TX,ASW,CE,Combined TRACON& Tower with Radar,69,46,16,1,132,0,4,25,7,36,69,50,41,8,168,0,0,0,168
11/30/2020,ELP,TX,ASW,CE,Combined TRACON& Tower with Radar,77,45,32,2,156,0,15,36,12,63,77,60,68,14,219,0,0,0,219
12/01/2020,ELP,TX,ASW,CE,Combined TRACON& Tower with Radar,75,58,31,7,171,0,10,41,20,71,75,68,72,27,242,0,0,0,242
12/02/2020,ELP,TX,ASW,CE,Combined TRACON& Tower with Radar,74,63,10,14,161,0,9,49,14,72,74,72,59,28,233,0,30,30,263
12/03/2020,ELP,TX,ASW,CE,Combined TRACON& Tower with Radar,79,61,20,14,174,0,9,52,12,73,79,70,72,26,247,26,0,26,273
12/04/2020,ELP,TX,ASW,CE,Combined TRACON& Tower with Radar,73,48,41,8,170,1,8,32,11,52,74,56,73,19,222,15,0,15,237
12/05/2020,ELP,TX,ASW,CE,Combined TRACON& Tower with Radar,52,33,14,0,99,0,3,64,7,74,52,36,78,7,173,14,0,14,187
12/06/2020,ELP,TX,ASW,CE,Combined TRACON& Tower with Radar,54,31,17,1,103,0,2,37,1,40,54,33,54,2,143,6,0,6,149
12/07/2020,ELP,TX,ASW,CE,Combined TRACON& Tower with Radar,57,40,31,17,145,0,5,57,11,73,57,45,88,28,218,2,0,2,220
12/08/2020,ELP,TX,ASW,CE,Combined TRACON& Tower with Radar,73,59,17,17,166,0,15,42,20,77,73,74,59,37,243,10,0,10,253
12/09/2020,ELP,TX,ASW,CE,Combined TRACON& Tower with Radar,69,66,18,10,163,0,12,46,12,70,69,78,64,22,233,2,0,2,235
12/10/2020,ELP,TX,ASW,CE,Combined TRACON& Tower with Radar,75,65,38,5,183,0,12,28,6,46,75,77,66,11,229,12,0,12,241
12/11/2020,ELP,TX,ASW,CE,Combined TRACON& Tower with Radar,66,61,47,10,184,0,19,34,8,61,66,80,81,18,245,22,0,22,267
12/12/2020,ELP,TX,ASW,CE,Combined TRACON& Tower with Radar,56,39,21,1,117,0,7,66,6,79,56,46,87,7,196,0,0,0,196
12/13/2020,ELP,TX,ASW,CE,Combined TRACON& Tower with Radar,56,22,18,4,100,0,7,37,0,44,56,29,55,4,144,10,0,10,154
12/14/2020,ELP,TX,ASW,CE,Combined TRACON& Tower with Radar,64,31,29,12,136,0,19,34,6,59,64,50,63,18,195,12,0,12,207
12/15/2020,ELP,TX,ASW,CE,Combined TRACON& Tower with Radar,70,78,21,9,178,0,17,33,3,53,70,95,54,12,231,24,0,24,255
12/16/2020,ELP,TX,ASW,CE,Combined TRACON& Tower with Radar,77,72,29,6,184,0,15,40,10,65,77,87,69,16,249,22,0,22,271
12/17/2020,ELP,TX,ASW,CE,Combined TRACON& Tower with Radar,99,57,25,6,187,0,14,41,12,67,99,71,66,18,254,38,0,38,292
12/18/2020,ELP,TX,ASW,CE,Combined TRACON& Tower with Radar,86,55,27,14,182,1,5,47,8,61,87,60,74,22,243,34,0,34,277
12/19/2020,ELP,TX,ASW,CE,Combined TRACON& Tower with Radar,87,44,23,0,154,0,7,52,1,60,87,51,75,1,214,27,0,27,241
12/20/2020,ELP,TX,ASW,CE,Combined TRACON& Tower with Radar,70,37,13,4,124,0,5,28,1,34,70,42,41,5,158,6,0,6,164
12/21/2020,ELP,TX,ASW,CE,Combined TRACON& Tower with Radar,80,60,15,10,165,0,13,42,13,68,80,73,57,23,233,38,0,38,271
12/22/2020,ELP,TX,ASW,CE,Combined TRACON& Tower with Radar,92,62,18,6,178,0,9,53,10,72,92,71,71,16,250,58,0,58,308
12/23/2020,ELP,TX,ASW,CE,Combined TRACON& Tower with Radar,96,40,18,9,163,0,7,22,5,34,96,47,40,14,197,14,0,14,211
12/24/2020,ELP,TX,ASW,CE,Combined TRACON& Tower with Radar,63,17,14,3,97,0,5,33,7,45,63,22,47,10,142,10,0,10,152
12/25/2020,ELP,TX,ASW,CE,Combined TRACON& Tower with Radar,34,19,9,1,63,0,5,9,4,18,34,24,18,5,81,6,0,6,87
12/26/2020,ELP,TX,ASW,CE,Combined TRACON& Tower with Radar,69,30,22,0,121,0,5,26,2,33,69,35,48,2,154,14,0,14,168
12/27/2020,ELP,TX,ASW,CE,Combined TRACON& Tower with Radar,69,34,31,0,134,0,4,34,2,40,69,38,65,2,174,8,0,8,182
12/28/2020,ELP,TX,ASW,CE,Combined TRACON& Tower with Radar,66,23,14,2,105,0,11,30,5,46,66,34,44,7,151,0,0,0,151
12/29/2020,ELP,TX,ASW,CE,Combined TRACON& Tower with Radar,75,29,18,6,128,0,9,33,8,50,75,38,51,14,178,10,0,10,188
12/30/2020,ELP,TX,ASW,CE,Combined TRACON& Tower with Radar,82,33,15,5,135,0,2,22,8,32,82,35,37,13,167,22,0,22,189
12/31/2020,ELP,TX,ASW,CE,Combined TRACON& Tower with Radar,58,14,22,1,95,0,10,20,10,40,58,24,42,11,135,28,0,28,163
01/01/2021,ELP,TX,ASW,CE,Combined TRACON& Tower with Radar,42,19,16,1,78,0,4,26,7,37,42,23,42,8,115,43,0,43,158
01/02/2021,ELP,TX,ASW,CE,Combined TRACON& Tower with Radar,67,26,12,0,105,2,0,38,4,44,69,26,50,4,149,16,0,16,165
01/03/2021,ELP,TX,ASW,CE,Combined TRACON& Tower with Radar,69,32,22,0,123,0,2,31,1,34,69,34,53,1,157,50,0,50,207
01/04/2021,ELP,TX,ASW,CE,Combined TRACON& Tower with Radar,65,44,19,8,136,0,7,23,14,44,65,51,42,22,180,8,27,35,215
01/05/2021,ELP,TX,ASW,CE,Combined TRACON& Tower with Radar,76,30,9,13,128,0,11,28,14,53,76,41,37,27,181,20,16,36,217
01/06/2021,ELP,TX,ASW,CE,Combined TRACON& Tower with Radar,76,43,20,15,154,0,10,23,20,53,76,53,43,35,207,6,38,44,251
01/07/2021,ELP,TX,ASW,CE,Combined TRACON& Tower with Radar,71,35,23,5,134,0,13,23,13,49,71,48,46,18,183,24,0,24,207
01/08/2021,ELP,TX,ASW,CE,Combined TRACON& Tower with Radar,61,33,22,0,116,0,5,28,10,43,61,38,50,10,159,10,0,10,169
01/09/2021,ELP,TX,ASW,CE,Combined TRACON& Tower with Radar,51,33,19,11,114,8,3,35,1,47,59,36,54,12,161,14,6,20,181
01/10/2021,ELP,TX,ASW,CE,Combined TRACON& Tower with Radar,50,37,10,1,98,0,4,12,8,24,50,41,22,9,122,6,0,6,128
01/11/2021,ELP,TX,ASW,CE,Combined TRACON& Tower with Radar,53,28,24,13,118,0,8,21,19,48,53,36,45,32,166,6,0,6,172
01/12/2021,ELP,TX,ASW,CE,Combined TRACON& Tower with Radar,71,31,8,9,119,0,14,23,18,55,71,45,31,27,174,62,34,96,270
01/13/2021,ELP,TX,ASW,CE,Combined TRACON& Tower with Radar,61,28,6,8,103,0,9,25,18,52,61,37,31,26,155,30,0,30,185
01/14/2021,ELP,TX,ASW,CE,Combined TRACON& Tower with Radar,69,36,23,12,140,1,5,46,19,71,70,41,69,31,211,23,0,23,234
01/15/2021,ELP,TX,ASW,CE,Combined TRACON& Tower with Radar,58,37,18,8,121,0,5,34,10,49,58,42,52,18,170,10,0,10,180
01/16/2021,ELP,TX,ASW,CE,Combined TRACON& Tower with Radar,47,28,21,6,102,2,8,45,11,66,49,36,66,17,168,28,0,28,196
01/17/2021,ELP,TX,ASW,CE,Combined TRACON& Tower with Radar,57,22,15,1,95,0,4,29,7,40,57,26,44,8,135,15,0,15,150
01/18/2021,ELP,TX,ASW,CE,Combined TRACON& Tower with Radar,51,38,22,3,114,0,10,31,7,48,51,48,53,10,162,4,0,4,166
01/19/2021,ELP,TX,ASW,CE,Combined TRACON& Tower with Radar,61,34,22,10,127,0,5,15,9,29,61,39,37,19,156,0,0,0,156
01/20/2021,ELP,TX,ASW,CE,Combined TRACON& Tower with Radar,62,50,18,17,147,0,6,11,29,46,62,56,29,46,193,6,42,48,241
01/21/2021,ELP,TX,ASW,CE,Combined TRACON& Tower with Radar,66,45,24,5,140,0,5,20,26,51,66,50,44,31,191,5,0,5,196
01/22/2021,ELP,TX,ASW,CE,Combined TRACON& Tower with Radar,58,46,16,40,160,0,4,32,26,62,58,50,48,66,222,20,30,50,272
01/23/2021,ELP,TX,ASW,CE,Combined TRACON& Tower with Radar,52,21,21,0,94,0,9,48,8,65,52,30,69,8,159,23,0,23,182
01/24/2021,ELP,TX,ASW,CE,Combined TRACON& Tower with Radar,53,25,22,3,103,0,1,3,10,14,53,26,25,13,117,0,0,0,117
01/25/2021,ELP,TX,ASW,CE,Combined TRACON& Tower with Radar,52,42,33,2,129,0,8,27,8,43,52,50,60,10,172,10,10,20,192
01/26/2021,ELP,TX,ASW,CE,Combined TRACON& Tower with Radar,61,31,26,2,120,0,6,13,4,23,61,37,39,6,143,2,0,2,145
01/27/2021,ELP,TX,ASW,CE,Combined TRACON& Tower with Radar,64,40,20,18,142,0,11,37,26,74,64,51,57,44,216,8,49,57,273
01/28/2021,ELP,TX,ASW,CE,Combined TRACON& Tower with Radar,68,40,31,45,184,0,13,32,36,81,68,53,63,81,265,0,20,20,285
01/29/2021,ELP,TX,ASW,CE,Combined TRACON& Tower with Radar,57,34,27,6,124,0,6,21,12,39,57,40,48,18,163,6,24,30,193
01/30/2021,ELP,TX,ASW,CE,Combined TRACON& Tower with Radar,47,20,21,8,96,0,11,17,16,44,47,31,38,24,140,0,0,0,140
01/31/2021,ELP,TX,ASW,CE,Combined TRACON& Tower with Radar,58,15,19,1,93,0,6,29,7,42,58,21,48,8,135,26,0,26,161
02/01/2021,ELP,TX,ASW,CE,Combined TRACON& Tower with Radar,49,27,15,8,99,0,8,38,7,53,49,35,53,15,152,8,22,30,182
02/02/2021,ELP,TX,ASW,CE,Combined TRACON& Tower with Radar,61,32,18,22,133,0,10,48,18,76,61,42,66,40,209,39,7,46,255
02/03/2021,ELP,TX,ASW,CE,Combined TRACON& Tower with Radar,60,48,21,11,140,0,21,39,21,81,60,69,60,32,221,44,30,74,295
02/04/2021,ELP,TX,ASW,CE,Combined TRACON& Tower with Radar,65,37,16,7,125,0,14,16,13,43,65,51,32,20,168,6,0,6,174
02/05/2021,ELP,TX,ASW,CE,Combined TRACON& Tower with Radar,58,30,25,7,120,0,17,29,14,60,58,47,54,21,180,0,0,0,180
02/06/2021,ELP,TX,ASW,CE,Combined TRACON& Tower with Radar,47,25,13,3,88,0,12,37,5,54,47,37,50,8,142,22,0,22,164
02/07/2021,ELP,TX,ASW,CE,Combined TRACON& Tower with Radar,56,23,13,6,98,0,4,16,4,24,56,27,29,10,122,11,0,11,133
02/08/2021,ELP,TX,ASW,CE,Combined TRACON& Tower with Radar,49,43,23,8,123,0,11,20,15,46,49,54,43,23,169,8,12,20,189
02/09/2021,ELP,TX,ASW,CE,Combined TRACON& Tower with Radar,61,45,15,15,136,1,7,31,20,59,62,52,46,35,195,43,0,43,238
02/10/2021,ELP,TX,ASW,CE,Combined TRACON& Tower with Radar,65,55,24,90,234,0,9,38,28,75,65,64,62,118,309,18,34,52,361
02/11/2021,ELP,TX,ASW,CE,Combined TRACON& Tower with Radar,67,61,22,17,167,1,9,39,13,62,68,70,61,30,229,29,23,52,281
02/12/2021,ELP,TX,ASW,CE,Combined TRACON& Tower with Radar,66,43,38,63,210,0,3,25,20,48,66,46,63,83,258,12,28,40,298
02/13/2021,ELP,TX,ASW,CE,Combined TRACON& Tower with Radar,53,34,19,10,116,0,4,23,6,33,53,38,42,16,149,20,0,20,169
02/14/2021,ELP,TX,ASW,CE,Combined TRACON& Tower with Radar,45,8,5,0,58,0,0,1,0,1,45,8,6,0,59,0,0,0,59
02/15/2021,ELP,TX,ASW,CE,Combined TRACON& Tower with Radar,33,32,14,1,80,0,1,11,6,18,33,33,25,7,98,0,0,0,98
02/16/2021,ELP,TX,ASW,CE,Combined TRACON& Tower with Radar,50,52,23,2,127,0,10,8,5,23,50,62,31,7,150,0,0,0,150
02/17/2021,ELP,TX,ASW,CE,Combined TRACON& Tower with Radar,51,42,19,14,126,0,2,18,16,36,51,44,37,30,162,0,0,0,162
02/18/2021,ELP,TX,ASW,CE,Combined TRACON& Tower with Radar,70,59,31,10,170,0,5,35,10,50,70,64,66,20,220,0,0,0,220
02/19/2021,ELP,TX,ASW,CE,Combined TRACON& Tower with Radar,72,67,30,51,220,1,10,55,10,76,73,77,85,61,296,0,0,0,296
02/20/2021,ELP,TX,ASW,CE,Combined TRACON& Tower with Radar,58,52,20,7,137,0,4,42,2,48,58,56,62,9,185,0,0,0,185
02/21/2021,ELP,TX,ASW,CE,Combined TRACON& Tower with Radar,62,22,18,2,104,0,13,13,8,34,62,35,31,10,138,0,0,0,138
02/22/2021,ELP,TX,ASW,CE,Combined TRACON& Tower with Radar,64,53,58,8,183,0,11,38,15,64,64,64,96,23,247,0,0,0,247
02/23/2021,ELP,TX,ASW,CE,Combined TRACON& Tower with Radar,66,52,37,6,161,0,14,41,32,87,66,66,78,38,248,16,0,16,264
02/24/2021,ELP,TX,ASW,CE,Combined TRACON& Tower with Radar,65,71,26,9,171,0,7,53,13,73,65,78,79,22,244,34,0,34,278
02/25/2021,ELP,TX,ASW,CE,Combined TRACON& Tower with Radar,70,64,45,12,191,0,13,47,14,74,70,77,92,26,265,7,2,9,274
02/26/2021,ELP,TX,ASW,CE,Combined TRACON& Tower with Radar,64,41,34,7,146,0,5,35,10,50,64,46,69,17,196,11,0,11,207
02/27/2021,ELP,TX,ASW,CE,Combined TRACON& Tower with Radar,57,27,29,13,126,0,6,40,12,58,57,33,69,25,184,0,0,0,184
02/28/2021,ELP,TX,ASW,CE,Combined TRACON& Tower with Radar,51,26,22,21,120,0,4,11,9,24,51,30,33,30,144,0,6,6,150
03/01/2021,ELP,TX,ASW,CE,Combined TRACON& Tower with Radar,66,50,26,23,165,0,7,14,22,43,66,57,40,45,208,0,6,6,214
03/02/2021,ELP,TX,ASW,CE,Combined TRACON& Tower with Radar,70,52,28,8,158,0,13,48,21,82,70,65,76,29,240,24,0,24,264
03/03/2021,ELP,TX,ASW,CE,Combined TRACON& Tower with Radar,65,45,43,21,174,0,7,36,22,65,65,52,79,43,239,24,0,24,263
03/04/2021,ELP,TX,ASW,CE,Combined TRACON& Tower with Radar,74,61,31,30,196,0,8,36,21,65,74,69,67,51,261,0,13,13,274
03/05/2021,ELP,TX,ASW,CE,Combined TRACON& Tower with Radar,79,53,11,21,164,0,10,36,15,61,79,63,47,36,225,4,6,10,235
03/06/2021,ELP,TX,ASW,CE,Combined TRACON& Tower with Radar,62,41,16,5,124,0,7,41,5,53,62,48,57,10,177,11,5,16,193
03/07/2021,ELP,TX,ASW,CE,Combined TRACON& Tower with Radar,75,34,17,18,144,0,8,34,6,48,75,42,51,24,192,22,6,28,220
03/08/2021,ELP,TX,ASW,CE,Combined TRACON& Tower with Radar,75,47,44,2,168,0,7,46,14,67,75,54,90,16,235,18,0,18,253
03/09/2021,ELP,TX,ASW,CE,Combined TRACON& Tower with Radar,78,58,28,9,173,0,12,18,7,37,78,70,46,16,210,0,0,0,210
03/10/2021,ELP,TX,ASW,CE,Combined TRACON& Tower with Radar,75,57,40,17,189,0,5,30,10,45,75,62,70,27,234,4,0,4,238
03/11/2021,ELP,TX,ASW,CE,Combined TRACON& Tower with Radar,87,59,31,2,179,0,11,24,24,59,87,70,55,26,238,14,80,94,332
03/12/2021,ELP,TX,ASW,CE,Combined TRACON& Tower with Radar,86,41,42,11,180,0,9,30,7,46,86,50,72,18,226,26,0,26,252
03/13/2021,ELP,TX,ASW,CE,Combined TRACON& Tower with Radar,73,41,26,7,147,0,3,7,5,15,73,44,33,12,162,0,0,0,162
03/14/2021,ELP,TX,ASW,CE,Combined TRACON& Tower with Radar,72,25,21,0,118,0,1,11,5,17,72,26,32,5,135,0,0,0,135
03/15/2021,ELP,TX,ASW,CE,Combined TRACON& Tower with Radar,73,33,38,9,153,0,12,38,13,63,73,45,76,22,216,14,0,14,230
03/16/2021,ELP,TX,ASW,CE,Combined TRACON& Tower with Radar,89,45,20,5,159,0,0,21,3,24,89,45,41,8,183,4,0,4,187
03/17/2021,ELP,TX,ASW,CE,Combined TRACON& Tower with Radar,83,59,49,24,215,0,7,38,43,88,83,66,87,67,303,34,46,80,383
03/18/2021,ELP,TX,ASW,CE,Combined TRACON& Tower with Radar,93,51,31,6,181,0,8,55,26,89,93,59,86,32,270,46,0,46,316
03/19/2021,ELP,TX,ASW,CE,Combined TRACON& Tower with Radar,84,41,18,13,156,1,8,36,16,61,85,49,54,29,217,6,0,6,223
03/20/2021,ELP,TX,ASW,CE,Combined TRACON& Tower with Radar,75,27,31,8,141,0,15,63,5,83,75,42,94,13,224,46,0,46,270
03/21/2021,ELP,TX,ASW,CE,Combined TRACON& Tower with Radar,78,36,26,6,146,0,3,30,9,42,78,39,56,15,188,0,0,0,188
03/22/2021,ELP,TX,ASW,CE,Combined TRACON& Tower with Radar,75,46,30,2,153,0,11,12,2,25,75,57,42,4,178,2,0,2,180
03/23/2021,ELP,TX,ASW,CE,Combined TRACON& Tower with Radar,91,53,23,13,180,0,12,39,17,68,91,65,62,30,248,15,0,15,263
03/24/2021,ELP,TX,ASW,CE,Combined TRACON& Tower with Radar,87,54,36,8,185,0,8,22,14,44,87,62,58,22,229,0,20,20,249
03/25/2021,ELP,TX,ASW,CE,Combined TRACON& Tower with Radar,97,53,46,9,205,0,8,17,28,53,97,61,63,37,258,8,0,8,266
03/26/2021,ELP,TX,ASW,CE,Combined TRACON& Tower with Radar,84,39,50,15,188,0,13,37,10,60,84,52,87,25,248,23,0,23,271
03/27/2021,ELP,TX,ASW,CE,Combined TRACON& Tower with Radar,69,34,40,3,146,0,5,55,13,73,69,39,95,16,219,21,0,21,240
03/28/2021,ELP,TX,ASW,CE,Combined TRACON& Tower with Radar,74,22,35,3,134,1,4,42,11,58,75,26,77,14,192,0,0,0,192
03/29/2021,ELP,TX,ASW,CE,Combined TRACON& Tower with Radar,73,48,15,8,144,0,8,32,19,59,73,56,47,27,203,5,0,5,208
03/30/2021,ELP,TX,ASW,CE,Combined TRACON& Tower with Radar,91,53,39,14,197,0,14,30,29,73,91,67,69,43,270,45,0,45,315
03/31/2021,ELP,TX,ASW,CE,Combined TRACON& Tower with Radar,94,45,18,14,171,0,9,35,22,66,94,54,53,36,237,8,50,58,295
04/01/2021,ELP,TX,ASW,CE,Combined TRACON& Tower with Radar,88,32,34,7,161,0,7,37,14,58,88,39,71,21,219,11,20,31,250
04/02/2021,ELP,TX,ASW,CE,Combined TRACON& Tower with Radar,75,26,27,6,134,0,5,42,8,55,75,31,69,14,189,33,0,33,222
04/03/2021,ELP,TX,ASW,CE,Combined TRACON& Tower with Radar,66,21,15,6,108,0,8,37,11,56,66,29,52,17,164,8,0,8,172
04/04/2021,ELP,TX,ASW,CE,Combined TRACON& Tower with Radar,79,30,20,3,132,0,8,37,5,50,79,38,57,8,182,4,0,4,186
04/05/2021,ELP,TX,ASW,CE,Combined TRACON& Tower with Radar,78,50,38,5,171,0,16,23,7,46,78,66,61,12,217,20,0,20,237
04/06/2021,ELP,TX,ASW,CE,Combined TRACON& Tower with Radar,84,33,23,3,143,0,7,19,7,33,84,40,42,10,176,14,0,14,190
04/07/2021,ELP,TX,ASW,CE,Combined TRACON& Tower with Radar,75,40,27,8,150,0,14,41,33,88,75,54,68,41,238,69,0,69,307
04/08/2021,ELP,TX,ASW,CE,Combined TRACON& Tower with Radar,97,29,35,16,177,0,8,27,15,50,97,37,62,31,227,0,0,0,227
04/09/2021,ELP,TX,ASW,CE,Combined TRACON& Tower with Radar,81,34,20,5,140,0,11,37,15,63,81,45,57,20,203,0,0,0,203
04/10/2021,ELP,TX,ASW,CE,Combined TRACON& Tower with Radar,68,30,15,15,128,0,8,47,22,77,68,38,62,37,205,56,0,56,261
04/11/2021,ELP,TX,ASW,CE,Combined TRACON& Tower with Radar,78,31,23,20,152,0,7,36,11,54,78,38,59,31,206,18,0,18,224
04/12/2021,ELP,TX,ASW,CE,Combined TRACON& Tower with Radar,82,35,26,43,186,0,13,34,23,70,82,48,60,66,256,8,38,46,302
04/13/2021,ELP,TX,ASW,CE,Combined TRACON& Tower with Radar,77,40,27,37,181,0,6,29,29,64,77,46,56,66,245,26,0,26,271
04/14/2021,ELP,TX,ASW,CE,Combined TRACON& Tower with Radar,77,40,45,65,227,0,6,26,21,53,77,46,71,86,280,16,42,58,338
04/15/2021,ELP,TX,ASW,CE,Combined TRACON& Tower with Radar,87,39,44,49,219,0,6,31,12,49,87,45,75,61,268,52,0,52,320
04/16/2021,ELP,TX,ASW,CE,Combined TRACON& Tower with Radar,82,32,22,40,176,0,10,36,14,60,82,42,58,54,236,15,0,15,251
04/17/2021,ELP,TX,ASW,CE,Combined TRACON& Tower with Radar,76,19,10,4,109,0,6,27,13,46,76,25,37,17,155,12,0,12,167
04/18/2021,ELP,TX,ASW,CE,Combined TRACON& Tower with Radar,75,25,29,4,133,0,6,24,13,43,75,31,53,17,176,21,0,21,197
04/19/2021,ELP,TX,ASW,CE,Combined TRACON& Tower with Radar,77,30,36,37,180,0,8,48,24,80,77,38,84,61,260,24,5,29,289
04/20/2021,ELP,TX,ASW,CE,Combined TRACON& Tower with Radar,68,26,24,13,131,0,7,34,19,60,68,33,58,32,191,12,0,12,203
04/21/2021,ELP,TX,ASW,CE,Combined TRACON& Tower with Radar,81,39,10,24,154,0,7,36,6,49,81,46,46,30,203,24,0,24,227
04/22/2021,ELP,TX,ASW,CE,Combined TRACON& Tower with Radar,90,42,41,49,222,0,10,23,18,51,90,52,64,67,273,40,0,40,313
04/23/2021,ELP,TX,ASW,CE,Combined TRACON& Tower with Radar,78,33,17,49,177,0,8,27,18,53,78,41,44,67,230,7,0,7,237
04/24/2021,ELP,TX,ASW,CE,Combined TRACON& Tower with Radar,69,23,17,22,131,0,8,57,7,72,69,31,74,29,203,24,8,32,235
04/25/2021,ELP,TX,ASW,CE,Combined TRACON& Tower with Radar,80,26,27,5,138,0,8,38,4,50,80,34,65,9,188,8,0,8,196
04/26/2021,ELP,TX,ASW,CE,Combined TRACON& Tower with Radar,76,30,22,13,141,0,8,15,27,50,76,38,37,40,191,14,50,64,255
04/27/2021,ELP,TX,ASW,CE,Combined TRACON& Tower with Radar,72,38,27,16,153,0,6,23,12,41,72,44,50,28,194,12,16,28,222
04/28/2021,ELP,TX,ASW,CE,Combined TRACON& Tower with Radar,71,31,45,50,197,0,7,34,25,66,71,38,79,75,263,7,80,87,350
04/29/2021,ELP,TX,ASW,CE,Combined TRACON& Tower with Radar,91,43,38,22,194,0,1,24,8,33,91,44,62,30,227,0,44,44,271
04/30/2021,ELP,TX,ASW,CE,Combined TRACON& Tower with Radar,82,33,30,10,155,0,8,45,7,60,82,41,75,17,215,10,0,10,225
05/01/2021,ELP,TX,ASW,CE,Combined TRACON& Tower with Radar,70,17,24,17,128,0,8,55,8,71,70,25,79,25,199,22,0,22,221
05/02/2021,ELP,TX,ASW,CE,Combined TRACON& Tower with Radar,83,22,27,20,152,0,7,10,5,22,83,29,37,25,174,0,0,0,174
05/03/2021,ELP,TX,ASW,CE,Combined TRACON& Tower with Radar,78,18,40,11,147,0,11,26,19,56,78,29,66,30,203,12,22,34,237
05/04/2021,ELP,TX,ASW,CE,Combined TRACON& Tower with Radar,82,26,15,16,139,0,9,44,16,69,82,35,59,32,208,28,0,28,236
05/05/2021,ELP,TX,ASW,CE,Combined TRACON& Tower with Radar,80,30,35,10,155,0,9,58,22,89,80,39,93,32,244,28,24,52,296
05/06/2021,ELP,TX,ASW,CE,Combined TRACON& Tower with Radar,96,31,41,4,172,0,7,32,16,55,96,38,73,20,227,0,0,0,227
05/07/2021,ELP,TX,ASW,CE,Combined TRACON& Tower with Radar,87,32,29,41,189,0,13,29,17,59,87,45,58,58,248,4,0,4,252
05/08/2021,ELP,TX,ASW,CE,Combined TRACON& Tower with Radar,74,28,12,1,115,0,6,31,5,42,74,34,43,6,157,12,0,12,169
05/09/2021,ELP,TX,ASW,CE,Combined TRACON& Tower with Radar,76,22,22,1,121,0,1,31,8,40,76,23,53,9,161,40,0,40,201
05/10/2021,ELP,TX,ASW,CE,Combined TRACON& Tower with Radar,74,29,18,19,140,0,5,21,38,64,74,34,39,57,204,14,81,95,299
05/11/2021,ELP,TX,ASW,CE,Combined TRACON& Tower with Radar,96,36,37,15,184,0,9,22,16,47,96,45,59,31,231,11,0,11,242
05/12/2021,ELP,TX,ASW,CE,Combined TRACON& Tower with Radar,86,37,23,12,158,0,14,25,21,60,86,51,48,33,218,12,14,26,244
05/13/2021,ELP,TX,ASW,CE,Combined TRACON& Tower with Radar,88,43,35,9,175,0,6,19,12,37,88,49,54,21,212,28,0,28,240
05/14/2021,ELP,TX,ASW,CE,Combined TRACON& Tower with Radar,84,31,25,25,165,0,8,42,6,56,84,39,67,31,221,14,0,14,235
05/15/2021,ELP,TX,ASW,CE,Combined TRACON& Tower with Radar,74,26,20,10,130,0,3,48,6,57,74,29,68,16,187,21,0,21,208
05/16/2021,ELP,TX,ASW,CE,Combined TRACON& Tower with Radar,70,29,20,1,120,0,2,37,9,48,70,31,57,10,168,44,0,44,212
05/17/2021,ELP,TX,ASW,CE,Combined TRACON& Tower with Radar,86,36,11,65,198,0,9,24,28,61,86,45,35,93,259,20,0,20,279
05/18/2021,ELP,TX,ASW,CE,Combined TRACON& Tower with Radar,94,47,22,16,179,0,6,37,25,68,94,53,59,41,247,90,4,94,341
05/19/2021,ELP,TX,ASW,CE,Combined TRACON& Tower with Radar,95,48,22,4,169,0,11,32,20,63,95,59,54,24,232,24,44,68,300
05/20/2021,ELP,TX,ASW,CE,Combined TRACON& Tower with Radar,91,44,34,10,179,0,5,51,6,62,91,49,85,16,241,26,0,26,267
05/21/2021,ELP,TX,ASW,CE,Combined TRACON& Tower with Radar,87,61,36,95,279,0,12,49,23,84,87,73,85,118,363,14,15,29,392
05/22/2021,ELP,TX,ASW,CE,Combined TRACON& Tower with Radar,78,17,17,10,122,0,1,41,7,49,78,18,58,17,171,65,0,65,236
05/23/2021,ELP,TX,ASW,CE,Combined TRACON& Tower with Radar,82,28,28,25,163,0,6,37,9,52,82,34,65,34,215,6,8,14,229
05/24/2021,ELP,TX,ASW,CE,Combined TRACON& Tower with Radar,73,28,25,16,142,0,6,56,19,81,73,34,81,35,223,63,0,63,286
05/25/2021,ELP,TX,ASW,CE,Combined TRACON& Tower with Radar,86,47,37,29,199,0,5,68,13,86,86,52,105,42,285,7,20,27,312
05/26/2021,ELP,TX,ASW,CE,Combined TRACON& Tower with Radar,95,43,22,19,179,0,10,43,21,74,95,53,65,40,253,22,0,22,275
05/27/2021,ELP,TX,ASW,CE,Combined TRACON& Tower with Radar,88,46,29,6,169,0,15,44,11,70,88,61,73,17,239,6,0,6,245
05/28/2021,ELP,TX,ASW,CE,Combined TRACON& Tower with Radar,86,39,38,27,190,0,12,37,23,72,86,51,75,50,262,19,0,19,281
05/29/2021,ELP,TX,ASW,CE,Combined TRACON& Tower with Radar,79,27,22,28,156,0,6,40,5,51,79,33,62,33,207,62,0,62,269
05/30/2021,ELP,TX,ASW,CE,Combined TRACON& Tower with Radar,84,21,22,28,155,0,3,18,19,40,84,24,40,47,195,12,16,28,223
05/31/2021,ELP,TX,ASW,CE,Combined TRACON& Tower with Radar,72,35,26,13,146,0,1,31,17,49,72,36,57,30,195,0,36,36,231
06/01/2021,ELP,TX,ASW,CE,Combined TRACON& Tower with Radar,88,37,23,9,157,0,10,24,14,48,88,47,47,23,205,38,0,38,243
06/02/2021,ELP,TX,ASW,CE,Combined TRACON& Tower with Radar,93,43,21,7,164,0,5,33,10,48,93,48,54,17,212,8,0,8,220
06/03/2021,ELP,TX,ASW,CE,Combined TRACON& Tower with Radar,107,27,33,12,179,0,2,32,17,51,107,29,65,29,230,6,10,16,246
06/04/2021,ELP,TX,ASW,CE,Combined TRACON& Tower with Radar,95,28,46,5,174,0,2,46,16,64,95,30,92,21,238,30,0,30,268
06/05/2021,ELP,TX,ASW,CE,Combined TRACON& Tower with Radar,80,23,24,6,133,0,1,42,9,52,80,24,66,15,185,25,0,25,210
06/06/2021,ELP,TX,ASW,CE,Combined TRACON& Tower with Radar,101,23,18,4,146,0,2,18,7,27,101,25,36,11,173,15,0,15,188
06/07/2021,ELP,TX,ASW,CE,Combined TRACON& Tower with Radar,96,36,41,6,179,0,14,34,16,64,96,50,75,22,243,26,0,26,269
06/08/2021,ELP,TX,ASW,CE,Combined TRACON& Tower with Radar,114,37,17,3,171,0,8,28,22,58,114,45,45,25,229,12,0,12,241
06/09/2021,ELP,TX,ASW,CE,Combined TRACON& Tower with Radar,106,32,53,9,200,0,12,44,14,70,106,44,97,23,270,28,0,28,298
06/10/2021,ELP,TX,ASW,CE,Combined TRACON& Tower with Radar,104,44,42,8,198,0,14,31,12,57,104,58,73,20,255,6,0,6,261
06/11/2021,ELP,TX,ASW,CE,Combined TRACON& Tower with Radar,103,21,25,38,187,0,15,43,6,64,103,36,68,44,251,8,2,10,261
06/12/2021,ELP,TX,ASW,CE,Combined TRACON& Tower with Radar,78,20,28,3,129,0,5,30,2,37,78,25,58,5,166,21,0,21,187
06/13/2021,ELP,TX,ASW,CE,Combined TRACON& Tower with Radar,95,17,22,11,145,0,3,30,7,40,95,20,52,18,185,30,0,30,215
06/14/2021,ELP,TX,ASW,CE,Combined TRACON& Tower with Radar,92,14,24,23,153,0,8,32,18,58,92,22,56,41,211,25,68,93,304
06/15/2021,ELP,TX,ASW,CE,Combined TRACON& Tower with Radar,98,22,28,8,156,0,5,40,17,62,98,27,68,25,218,2,0,2,220
06/16/2021,ELP,TX,ASW,CE,Combined TRACON& Tower with Radar,105,35,28,12,180,0,10,37,22,69,105,45,65,34,249,0,0,0,249
06/17/2021,ELP,TX,ASW,CE,Combined TRACON& Tower with Radar,109,47,26,15,197,1,10,60,21,92,110,57,86,36,289,51,12,63,352
06/18/2021,ELP,TX,ASW,CE,Combined TRACON& Tower with Radar,102,43,29,15,189,0,14,65,14,93,102,57,94,29,282,66,0,66,348
06/19/2021,ELP,TX,ASW,CE,Combined TRACON& Tower with Radar,75,22,22,3,122,0,8,75,8,91,75,30,97,11,213,0,0,0,213
06/20/2021,ELP,TX,ASW,CE,Combined TRACON& Tower with Radar,93,22,24,1,140,0,7,55,6,68,93,29,79,7,208,31,0,31,239
06/21/2021,ELP,TX,ASW,CE,Combined TRACON& Tower with Radar,103,31,41,11,186,0,11,51,23,85,103,42,92,34,271,24,0,24,295
06/22/2021,ELP,TX,ASW,CE,Combined TRACON& Tower with Radar,101,31,37,6,175,0,7,22,9,38,101,38,59,15,213,10,0,10,223
06/23/2021,ELP,TX,ASW,CE,Combined TRACON& Tower with Radar,111,42,29,25,207,0,6,33,28,67,111,48,62,53,274,0,0,0,274
06/24/2021,ELP,TX,ASW,CE,Combined TRACON& Tower with Radar,108,30,32,24,194,0,7,34,9,50,108,37,66,33,244,40,0,40,284
06/25/2021,ELP,TX,ASW,CE,Combined TRACON& Tower with Radar,102,31,27,27,187,0,11,24,13,48,102,42,51,40,235,0,0,0,235
06/26/2021,ELP,TX,ASW,CE,Combined TRACON& Tower with Radar,77,30,20,30,157,0,14,47,5,66,77,44,67,35,223,14,0,14,237
06/27/2021,ELP,TX,ASW,CE,Combined TRACON& Tower with Radar,85,14,25,13,137,0,4,23,9,36,85,18,48,22,173,12,16,28,201
06/28/2021,ELP,TX,ASW,CE,Combined TRACON& Tower with Radar,96,24,32,10,162,0,1,9,1,11,96,25,41,11,173,0,0,0,173
06/29/2021,ELP,TX,ASW,CE,Combined TRACON& Tower with Radar,104,33,33,16,186,0,0,10,8,18,104,33,43,24,204,0,0,0,204
06/30/2021,ELP,TX,ASW,CE,Combined TRACON& Tower with Radar,102,48,27,13,190,0,2,13,16,31,102,50,40,29,221,10,40,50,271
07/01/2021,ELP,TX,ASW,CE,Combined TRACON& Tower with Radar,106,46,43,28,223,0,11,27,2,40,106,57,70,30,263,18,0,18,281
07/02/2021,ELP,TX,ASW,CE,Combined TRACON& Tower with Radar,94,46,25,7,172,0,10,33,18,61,94,56,58,25,233,8,0,8,241
07/03/2021,ELP,TX,ASW,CE,Combined TRACON& Tower with Radar,77,30,19,0,126,0,1,37,1,39,77,31,56,1,165,8,0,8,173
07/04/2021,ELP,TX,ASW,CE,Combined TRACON& Tower with Radar,81,18,17,1,117,0,17,21,4,42,81,35,38,5,159,38,0,38,197
07/05/2021,ELP,TX,ASW,CE,Combined TRACON& Tower with Radar,94,23,19,3,139,0,5,25,4,34,94,28,44,7,173,18,0,18,191
07/06/2021,ELP,TX,ASW,CE,Combined TRACON& Tower with Radar,101,24,20,6,151,0,5,23,8,36,101,29,43,14,187,11,3,14,201
07/07/2021,ELP,TX,ASW,CE,Combined TRACON& Tower with Radar,102,33,32,2,169,0,4,37,8,49,102,37,69,10,218,58,0,58,276
07/08/2021,ELP,TX,ASW,CE,Combined TRACON& Tower with Radar,102,41,23,41,207,0,8,41,22,71,102,49,64,63,278,8,1,9,287
07/09/2021,ELP,TX,ASW,CE,Combined TRACON& Tower with Radar,104,41,33,1,179,0,7,53,15,75,104,48,86,16,254,44,0,44,298
07/10/2021,ELP,TX,ASW,CE,Combined TRACON& Tower with Radar,80,32,26,1,139,0,5,33,5,43,80,37,59,6,182,49,5,54,236
07/11/2021,ELP,TX,ASW,CE,Combined TRACON& Tower with Radar,85,25,22,2,134,0,1,31,5,37,85,26,53,7,171,28,0,28,199
07/12/2021,ELP,TX,ASW,CE,Combined TRACON& Tower with Radar,102,50,28,15,195,0,1,13,11,25,102,51,41,26,220,9,0,9,229
07/13/2021,ELP,TX,ASW,CE,Combined TRACON& Tower with Radar,102,35,32,3,172,0,5,26,14,45,102,40,58,17,217,16,0,16,233
07/14/2021,ELP,TX,ASW,CE,Combined TRACON& Tower with Radar,100,34,27,7,168,0,11,35,17,63,100,45,62,24,231,52,34,86,317
07/15/2021,ELP,TX,ASW,CE,Combined TRACON& Tower with Radar,105,43,23,9,180,0,14,27,17,58,105,57,50,26,238,4,2,6,244
07/16/2021,ELP,TX,ASW,CE,Combined TRACON& Tower with Radar,107,38,47,18,210,0,11,36,16,63,107,49,83,34,273,35,6,41,314
07/17/2021,ELP,TX,ASW,CE,Combined TRACON& Tower with Radar,78,27,12,0,117,0,5,27,1,33,78,32,39,1,150,61,1,62,212
07/18/2021,ELP,TX,ASW,CE,Combined TRACON& Tower with Radar,97,32,14,1,144,0,4,24,4,32,97,36,38,5,176,0,0,0,176
07/19/2021,ELP,TX,ASW,CE,Combined TRACON& Tower with Radar,104,31,32,12,179,0,13,22,21,56,104,44,54,33,235,0,0,0,235
07/20/2021,ELP,TX,ASW,CE,Combined TRACON& Tower with Radar,120,32,36,11,199,0,10,39,19,68,120,42,75,30,267,0,24,24,291
07/21/2021,ELP,TX,ASW,CE,Combined TRACON& Tower with Radar,104,38,20,5,167,0,14,27,17,58,104,52,47,22,225,10,28,38,263
07/22/2021,ELP,TX,ASW,CE,Combined TRACON& Tower with Radar,113,47,27,10,197,2,21,47,24,94,115,68,74,34,291,48,10,58,349
07/23/2021,ELP,TX,ASW,CE,Combined TRACON& Tower with Radar,111,40,21,16,188,0,2,25,17,44,111,42,46,33,232,46,2,48,280
07/24/2021,ELP,TX,ASW,CE,Combined TRACON& Tower with Radar,76,32,18,5,131,0,4,30,4,38,76,36,48,9,169,32,0,32,201
07/25/2021,ELP,TX,ASW,CE,Combined TRACON& Tower with Radar,94,29,20,12,155,0,3,21,5,29,94,32,41,17,184,0,0,0,184
07/26/2021,ELP,TX,ASW,CE,Combined TRACON& Tower with Radar,101,35,18,10,164,0,4,27,8,39,101,39,45,18,203,9,0,9,212
07/27/2021,ELP,TX,ASW,CE,Combined TRACON& Tower with Radar,107,28,20,9,164,0,7,45,16,68,107,35,65,25,232,56,0,56,288
07/28/2021,ELP,TX,ASW,CE,Combined TRACON& Tower with Radar,114,39,25,41,219,0,6,34,20,60,114,45,59,61,279,22,2,24,303
07/29/2021,ELP,TX,ASW,CE,Combined TRACON& Tower with Radar,115,45,15,20,195,0,14,28,13,55,115,59,43,33,250,6,0,6,256
07/30/2021,ELP,TX,ASW,CE,Combined TRACON& Tower with Radar,109,36,22,17,184,0,8,22,16,46,109,44,44,33,230,4,0,4,234
07/31/2021,ELP,TX,ASW,CE,Combined TRACON& Tower with Radar,78,24,21,2,125,0,14,37,5,56,78,38,58,7,181,4,0,4,185
08/01/2021,ELP,TX,ASW,CE,Combined TRACON& Tower with Radar,85,31,15,14,145,0,4,19,12,35,85,35,34,26,180,0,0,0,180
08/02/2021,ELP,TX,ASW,CE,Combined TRACON& Tower with Radar,93,45,21,3,162,0,12,28,13,53,93,57,49,16,215,30,0,30,245
08/03/2021,ELP,TX,ASW,CE,Combined TRACON& Tower with Radar,97,43,46,19,205,0,11,42,28,81,97,54,88,47,286,46,14,60,346
08/04/2021,ELP,TX,ASW,CE,Combined TRACON& Tower with Radar,111,46,27,4,188,0,9,42,15,66,111,55,69,19,254,58,8,66,320
08/05/2021,ELP,TX,ASW,CE,Combined TRACON& Tower with Radar,113,39,18,17,187,0,12,38,18,68,113,51,56,35,255,6,24,30,285
08/06/2021,ELP,TX,ASW,CE,Combined TRACON& Tower with Radar,106,56,18,18,198,0,15,30,26,71,106,71,48,44,269,8,29,37,306
08/07/2021,ELP,TX,ASW,CE,Combined TRACON& Tower with Radar,76,31,13,8,128,0,11,29,0,40,76,42,42,8,168,0,0,0,168
08/08/2021,ELP,TX,ASW,CE,Combined TRACON& Tower with Radar,93,30,26,2,151,0,5,11,6,22,93,35,37,8,173,11,0,11,184
08/09/2021,ELP,TX,ASW,CE,Combined TRACON& Tower with Radar,94,39,32,6,171,0,5,20,7,32,94,44,52,13,203,4,0,4,207
08/10/2021,ELP,TX,ASW,CE,Combined TRACON& Tower with Radar,104,41,17,6,168,0,8,14,7,29,104,49,31,13,197,0,0,0,197
08/11/2021,ELP,TX,ASW,CE,Combined TRACON& Tower with Radar,101,32,32,12,177,0,6,25,14,45,101,38,57,26,222,0,36,36,258
08/12/2021,ELP,TX,ASW,CE,Combined TRACON& Tower with Radar,108,51,49,7,215,0,4,31,9,44,108,55,80,16,259,30,2,32,291
08/13/2021,ELP,TX,ASW,CE,Combined TRACON& Tower with Radar,109,49,38,18,214,0,3,10,5,18,109,52,48,23,232,42,2,44,276
08/14/2021,ELP,TX,ASW,CE,Combined TRACON& Tower with Radar,75,38,21,3,137,0,0,5,5,10,75,38,26,8,147,0,0,0,147
08/15/2021,ELP,TX,ASW,CE,Combined TRACON& Tower with Radar,88,30,26,0,144,0,1,5,6,12,88,31,31,6,156,0,0,0,156
08/16/2021,ELP,TX,ASW,CE,Combined TRACON& Tower with Radar,97,40,35,26,198,0,7,19,10,36,97,47,54,36,234,6,29,35,269
08/17/2021,ELP,TX,ASW,CE,Combined TRACON& Tower with Radar,105,45,31,7,188,0,11,44,17,72,105,56,75,24,260,32,0,32,292
08/18/2021,ELP,TX,ASW,CE,Combined TRACON& Tower with Radar,111,60,30,14,215,0,12,39,19,70,111,72,69,33,285,50,0,50,335
08/19/2021,ELP,TX,ASW,CE,Combined TRACON& Tower with Radar,105,41,22,18,186,6,21,53,14,94,111,62,75,32,280,49,0,49,329
08/20/2021,ELP,TX,ASW,CE,Combined TRACON& Tower with Radar,104,53,22,15,194,1,15,38,12,66,105,68,60,27,260,8,24,32,292
08/21/2021,ELP,TX,ASW,CE,Combined TRACON& Tower with Radar,79,24,7,8,118,0,4,34,4,42,79,28,41,12,160,10,0,10,170
08/22/2021,ELP,TX,ASW,CE,Combined TRACON& Tower with Radar,86,24,10,5,125,0,13,28,10,51,86,37,38,15,176,22,0,22,198
08/23/2021,ELP,TX,ASW,CE,Combined TRACON& Tower with Radar,100,33,17,17,167,0,7,46,14,67,100,40,63,31,234,8,0,8,242
08/24/2021,ELP,TX,ASW,CE,Combined TRACON& Tower with Radar,107,42,22,9,180,0,11,40,13,64,107,53,62,22,244,76,22,98,342
08/25/2021,ELP,TX,ASW,CE,Combined TRACON& Tower with Radar,107,46,20,8,181,0,10,23,14,47,107,56,43,22,228,15,55,70,298
08/26/2021,ELP,TX,ASW,CE,Combined TRACON& Tower with Radar,103,41,20,23,187,0,6,31,16,53,103,47,51,39,240,96,0,96,336
08/27/2021,ELP,TX,ASW,CE,Combined TRACON& Tower with Radar,106,48,19,58,231,3,17,31,12,63,109,65,50,70,294,44,36,80,374
08/28/2021,ELP,TX,ASW,CE,Combined TRACON& Tower with Radar,85,34,17,0,136,0,10,35,0,45,85,44,52,0,181,37,0,37,218
08/29/2021,ELP,TX,ASW,CE,Combined TRACON& Tower with Radar,89,28,14,7,138,0,3,39,7,49,89,31,53,14,187,108,0,108,295
08/30/2021,ELP,TX,ASW,CE,Combined TRACON& Tower with Radar,103,37,29,26,195,0,6,29,18,53,103,43,58,44,248,34,6,40,288
08/31/2021,ELP,TX,ASW,CE,Combined TRACON& Tower with Radar,106,48,19,7,180,0,10,31,12,53,106,58,50,19,233,59,0,59,292
09/01/2021,ELP,TX,ASW,CE,Combined TRACON& Tower with Radar,108,46,43,5,202,0,6,30,19,55,108,52,73,24,257,108,0,108,365
09/02/2021,ELP,TX,ASW,CE,Combined TRACON& Tower with Radar,106,47,33,6,192,6,17,30,17,70,112,64,63,23,262,28,4,32,294
09/03/2021,ELP,TX,ASW,CE,Combined TRACON& Tower with Radar,103,38,35,10,186,0,4,33,5,42,103,42,68,15,228,45,0,45,273
09/04/2021,ELP,TX,ASW,CE,Combined TRACON& Tower with Radar,81,34,29,14,158,0,6,28,3,37,81,40,57,17,195,64,0,64,259
09/05/2021,ELP,TX,ASW,CE,Combined TRACON& Tower with Radar,82,21,8,5,116,0,12,18,5,35,82,33,26,10,151,0,0,0,151
09/06/2021,ELP,TX,ASW,CE,Combined TRACON& Tower with Radar,88,36,29,5,158,4,8,33,8,53,92,44,62,13,211,10,4,14,225
09/07/2021,ELP,TX,ASW,CE,Combined TRACON& Tower with Radar,92,36,20,9,157,0,8,24,11,43,92,44,44,20,200,20,0,20,220
09/08/2021,ELP,TX,ASW,CE,Combined TRACON& Tower with Radar,102,33,32,10,177,1,6,20,21,48,103,39,52,31,225,0,10,10,235
09/09/2021,ELP,TX,ASW,CE,Combined TRACON& Tower with Radar,125,40,17,8,190,7,15,32,11,65,132,55,49,19,255,13,0,13,268
09/10/2021,ELP,TX,ASW,CE,Combined TRACON& Tower with Radar,111,34,18,13,176,0,14,35,9,58,111,48,53,22,234,47,0,47,281
09/11/2021,ELP,TX,ASW,CE,Combined TRACON& Tower with Radar,92,33,20,1,146,0,10,36,2,48,92,43,56,3,194,21,0,21,215
09/12/2021,ELP,TX,ASW,CE,Combined TRACON& Tower with Radar,98,28,17,2,145,2,9,36,9,56,100,37,53,11,201,36,0,36,237
09/13/2021,ELP,TX,ASW,CE,Combined TRACON& Tower with Radar,106,33,15,12,166,0,15,37,10,62,106,48,52,22,228,27,0,27,255
09/14/2021,ELP,TX,ASW,CE,Combined TRACON& Tower with Radar,102,53,27,12,194,0,15,50,20,85,102,68,77,32,279,0,0,0,279
09/15/2021,ELP,TX,ASW,CE,Combined TRACON& Tower with Radar,112,44,32,6,194,0,7,34,12,53,112,51,66,18,247,36,3,39,286
09/16/2021,ELP,TX,ASW,CE,Combined TRACON& Tower with Radar,119,52,24,11,206,0,21,36,22,79,119,73,60,33,285,6,12,18,303
09/17/2021,ELP,TX,ASW,CE,Combined TRACON& Tower with Radar,120,42,46,16,224,0,27,34,11,72,120,69,80,27,296,4,12,16,312
09/18/2021,ELP,TX,ASW,CE,Combined TRACON& Tower with Radar,90,28,14,6,138,3,16,40,5,64,93,44,54,11,202,52,12,64,266
09/19/2021,ELP,TX,ASW,CE,Combined TRACON& Tower with Radar,102,25,18,6,151,0,4,31,11,46,102,29,49,17,197,10,0,10,207
09/20/2021,ELP,TX,ASW,CE,Combined TRACON& Tower with Radar,111,30,34,22,197,0,8,30,22,60,111,38,64,44,257,22,0,22,279
09/21/2021,ELP,TX,ASW,CE,Combined TRACON& Tower with Radar,106,30,29,12,177,0,17,14,15,46,106,47,43,27,223,0,0,0,223
09/22/2021,ELP,TX,ASW,CE,Combined TRACON& Tower with Radar,110,38,29,16,193,0,6,41,14,61,110,44,70,30,254,14,0,14,268
09/23/2021,ELP,TX,ASW,CE,Combined TRACON& Tower with Radar,120,43,38,19,220,0,14,36,17,67,120,57,74,36,287,0,0,0,287
09/24/2021,ELP,TX,ASW,CE,Combined TRACON& Tower with Radar,123,31,25,12,191,0,8,47,9,64,123,39,72,21,255,0,10,10,265
09/25/2021,ELP,TX,ASW,CE,Combined TRACON& Tower with Radar,91,30,9,3,133,0,2,22,2,26,91,32,31,5,159,0,0,0,159
09/26/2021,ELP,TX,ASW,CE,Combined TRACON& Tower with Radar,110,31,35,8,184,1,11,26,10,48,111,42,61,18,232,16,0,16,248
09/27/2021,ELP,TX,ASW,CE,Combined TRACON& Tower with Radar,108,50,29,7,194,1,11,29,7,48,109,61,58,14,242,0,0,0,242
09/28/2021,ELP,TX,ASW,CE,Combined TRACON& Tower with Radar,107,41,29,5,182,0,10,40,13,63,107,51,69,18,245,26,16,42,287
09/29/2021,ELP,TX,ASW,CE,Combined TRACON& Tower with Radar,114,46,55,6,221,0,9,37,12,58,114,55,92,18,279,38,14,52,331
09/30/2021,ELP,TX,ASW,CE,Combined TRACON& Tower with Radar,114,52,35,5,206,0,5,18,9,32,114,57,53,14,238,0,0,0,238
10/01/2021,ELP,TX,ASW,CE,Combined TRACON& Tower with Radar,115,56,25,86,282,0,10,41,22,73,115,66,66,108,355,8,2,10,365
10/02/2021,ELP,TX,ASW,CE,Combined TRACON& Tower with Radar,90,34,17,3,144,0,6,31,2,39,90,40,48,5,183,0,0,0,183
10/03/2021,ELP,TX,ASW,CE,Combined TRACON& Tower with Radar,104,35,24,32,195,0,8,35,20,63,104,43,59,52,258,0,0,0,258
10/04/2021,ELP,TX,ASW,CE,Combined TRACON& Tower with Radar,110,35,21,31,197,0,16,23,7,46,110,51,44,38,243,0,0,0,243
10/05/2021,ELP,TX,ASW,CE,Combined TRACON& Tower with Radar,115,39,34,7,195,0,12,16,4,32,115,51,50,11,227,0,0,0,227
10/06/2021,ELP,TX,ASW,CE,Combined TRACON& Tower with Radar,119,37,40,18,214,0,7,28,16,51,119,44,68,34,265,0,0,0,265
10/07/2021,ELP,TX,ASW,CE,Combined TRACON& Tower with Radar,128,49,24,8,209,0,14,27,9,50,128,63,51,17,259,14,0,14,273
10/08/2021,ELP,TX,ASW,CE,Combined TRACON& Tower with Radar,130,53,26,3,212,0,14,34,11,59,130,67,60,14,271,32,0,32,303
10/09/2021,ELP,TX,ASW,CE,Combined TRACON& Tower with Radar,76,48,19,10,153,1,8,29,5,43,77,56,48,15,196,52,0,52,248
10/10/2021,ELP,TX,ASW,CE,Combined TRACON& Tower with Radar,89,18,23,3,133,0,7,14,4,25,89,25,37,7,158,8,0,8,166
10/11/2021,ELP,TX,ASW,CE,Combined TRACON& Tower with Radar,112,48,25,5,190,0,7,61,10,78,112,55,86,15,268,6,0,6,274
10/12/2021,ELP,TX,ASW,CE,Combined TRACON& Tower with Radar,128,65,26,14,233,0,13,13,10,36,128,78,39,24,269,8,0,8,277
10/13/2021,ELP,TX,ASW,CE,Combined TRACON& Tower with Radar,122,47,23,11,203,0,10,25,16,51,122,57,48,27,254,48,6,54,308
10/14/2021,ELP,TX,ASW,CE,Combined TRACON& Tower with Radar,134,56,30,32,252,2,15,24,19,60,136,71,54,51,312,8,0,8,320
10/15/2021,ELP,TX,ASW,CE,Combined TRACON& Tower with Radar,128,41,25,9,203,0,10,31,17,58,128,51,56,26,261,24,0,24,285
10/16/2021,ELP,TX,ASW,CE,Combined TRACON& Tower with Radar,89,32,23,15,159,0,6,48,7,61,89,38,71,22,220,0,0,0,220
10/17/2021,ELP,TX,ASW,CE,Combined TRACON& Tower with Radar,106,21,32,10,169,0,3,33,8,44,106,24,65,18,213,36,0,36,249
10/18/2021,ELP,TX,ASW,CE,Combined TRACON& Tower with Radar,119,40,33,42,234,0,6,35,27,68,119,46,68,69,302,10,0,10,312
10/19/2021,ELP,TX,ASW,CE,Combined TRACON& Tower with Radar,123,44,35,6,208,0,4,29,11,44,123,48,64,17,252,0,0,0,252
10/20/2021,ELP,TX,ASW,CE,Combined TRACON& Tower with Radar,131,50,50,17,248,0,5,48,21,74,131,55,98,38,322,34,0,34,356
10/21/2021,ELP,TX,ASW,CE,Combined TRACON& Tower with Radar,129,57,42,16,244,0,17,34,12,63,129,74,76,28,307,0,0,0,307
10/22/2021,ELP,TX,ASW,CE,Combined TRACON& Tower with Radar,121,50,18,10,199,1,5,42,12,60,122,55,60,22,259,38,0,38,297
10/23/2021,ELP,TX,ASW,CE,Combined TRACON& Tower with Radar,87,27,24,2,140,0,2,29,2,33,87,29,53,4,173,6,0,6,179
10/24/2021,ELP,TX,ASW,CE,Combined TRACON& Tower with Radar,102,23,37,4,166,1,2,36,14,53,103,25,73,18,219,48,0,48,267
10/25/2021,ELP,TX,ASW,CE,Combined TRACON& Tower with Radar,116,43,24,17,200,0,13,28,13,54,116,56,52,30,254,8,0,8,262
10/26/2021,ELP,TX,ASW,CE,Combined TRACON& Tower with Radar,127,41,13,6,187,1,5,16,2,24,128,46,29,8,211,0,0,0,211
10/27/2021,ELP,TX,ASW,CE,Combined TRACON& Tower with Radar,123,52,28,2,205,0,6,36,17,59,123,58,64,19,264,0,0,0,264
10/28/2021,ELP,TX,ASW,CE,Combined TRACON& Tower with Radar,130,54,23,4,211,1,12,64,8,85,131,66,87,12,296,12,0,12,308
10/29/2021,ELP,TX,ASW,CE,Combined TRACON& Tower with Radar,119,45,33,4,201,0,13,72,14,99,119,58,105,18,300,42,0,42,342
10/30/2021,ELP,TX,ASW,CE,Combined TRACON& Tower with Radar,86,21,13,8,128,0,6,56,0,62,86,27,69,8,190,6,0,6,196
10/31/2021,ELP,TX,ASW,CE,Combined TRACON& Tower with Radar,90,19,21,0,130,0,7,52,3,62,90,26,73,3,192,4,0,4,196
11/01/2021,ELP,TX,ASW,CE,Combined TRACON& Tower with Radar,112,32,24,9,177,0,15,40,16,71,112,47,64,25,248,0,0,0,248
11/02/2021,ELP,TX,ASW,CE,Combined TRACON& Tower with Radar,122,39,34,18,213,0,10,27,19,56,122,49,61,37,269,10,22,32,301
11/03/2021,ELP,TX,ASW,CE,Combined TRACON& Tower with Radar,135,46,31,14,226,0,5,22,24,51,135,51,53,38,277,0,0,0,277
11/04/2021,ELP,TX,ASW,CE,Combined TRACON& Tower with Radar,136,50,35,15,236,0,9,25,18,52,136,59,60,33,288,20,34,54,342
11/05/2021,ELP,TX,ASW,CE,Combined TRACON& Tower with Radar,134,43,34,24,235,0,8,47,25,80,134,51,81,49,315,0,0,0,315
11/06/2021,ELP,TX,ASW,CE,Combined TRACON& Tower with Radar,99,28,28,14,169,0,10,41,20,71,99,38,69,34,240,32,0,32,272
11/07/2021,ELP,TX,ASW,CE,Combined TRACON& Tower with Radar,106,18,35,9,168,0,10,48,8,66,106,28,83,17,234,0,0,0,234
11/08/2021,ELP,TX,ASW,CE,Combined TRACON& Tower with Radar,115,50,46,12,223,0,9,39,18,66,115,59,85,30,289,32,0,32,321
11/09/2021,ELP,TX,ASW,CE,Combined TRACON& Tower with Radar,123,46,43,9,221,0,8,47,19,74,123,54,90,28,295,10,11,21,316
11/10/2021,ELP,TX,ASW,CE,Combined TRACON& Tower with Radar,120,49,36,6,211,1,8,42,14,65,121,57,78,20,276,16,20,36,312
11/11/2021,ELP,TX,ASW,CE,Combined TRACON& Tower with Radar,127,34,35,0,196,0,15,22,13,50,127,49,57,13,246,0,0,0,246
11/12/2021,ELP,TX,ASW,CE,Combined TRACON& Tower with Radar,121,33,14,13,181,0,7,37,9,53,121,40,51,22,234,12,0,12,246
11/13/2021,ELP,TX,ASW,CE,Combined TRACON& Tower with Radar,99,20,20,15,154,0,4,37,13,54,99,24,57,28,208,0,26,26,234
11/14/2021,ELP,TX,ASW,CE,Combined TRACON& Tower with Radar,108,21,34,9,172,0,7,26,8,41,108,28,60,17,213,14,0,14,227
11/15/2021,ELP,TX,ASW,CE,Combined TRACON& Tower with Radar,105,35,27,5,172,0,6,39,17,62,105,41,66,22,234,27,20,47,281
11/16/2021,ELP,TX,ASW,CE,Combined TRACON& Tower with Radar,116,51,31,9,207,0,13,32,15,60,116,64,63,24,267,0,0,0,267
11/17/2021,ELP,TX,ASW,CE,Combined TRACON& Tower with Radar,122,59,57,3,241,3,14,29,16,62,125,73,86,19,303,0,42,42,345
11/18/2021,ELP,TX,ASW,CE,Combined TRACON& Tower with Radar,131,68,36,7,242,0,8,30,16,54,131,76,66,23,296,0,0,0,296
11/19/2021,ELP,TX,ASW,CE,Combined TRACON& Tower with Radar,131,41,21,12,205,0,10,52,11,73,131,51,73,23,278,0,0,0,278
11/20/2021,ELP,TX,ASW,CE,Combined TRACON& Tower with Radar,94,42,30,2,168,1,7,50,3,61,95,49,80,5,229,34,0,34,263
11/21/2021,ELP,TX,ASW,CE,Combined TRACON& Tower with Radar,108,39,34,10,191,1,9,26,3,39,109,48,60,13,230,0,0,0,230
11/22/2021,ELP,TX,ASW,CE,Combined TRACON& Tower with Radar,111,47,27,14,199,0,7,39,6,52,111,54,66,20,251,0,0,0,251
11/23/2021,ELP,TX,ASW,CE,Combined TRACON& Tower with Radar,139,40,26,8,213,1,9,47,19,76,140,49,73,27,289,8,0,8,297
11/24/2021,ELP,TX,ASW,CE,Combined TRACON& Tower with Radar,137,50,33,9,229,0,9,20,14,43,137,59,53,23,272,6,0,6,278
11/25/2021,ELP,TX,ASW,CE,Combined TRACON& Tower with Radar,66,18,15,0,99,0,3,11,3,17,66,21,26,3,116,0,0,0,116
11/26/2021,ELP,TX,ASW,CE,Combined TRACON& Tower with Radar,93,26,15,1,135,0,7,18,7,32,93,33,33,8,167,0,0,0,167
11/27/2021,ELP,TX,ASW,CE,Combined TRACON& Tower with Radar,103,23,21,2,149,0,6,17,0,23,103,29,38,2,172,0,0,0,172
11/28/2021,ELP,TX,ASW,CE,Combined TRACON& Tower with Radar,117,28,30,0,175,0,1,40,2,43,117,29,70,2,218,0,0,0,218
11/29/2021,ELP,TX,ASW,CE,Combined TRACON& Tower with Radar,117,27,31,4,179,0,5,40,15,60,117,32,71,19,239,12,0,12,251
11/30/2021,ELP,TX,ASW,CE,Combined TRACON& Tower with Radar,127,45,33,5,210,0,6,33,15,54,127,51,66,20,264,12,0,12,276
12/01/2021,ELP,TX,ASW,CE,Combined TRACON& Tower with Radar,113,29,42,12,196,0,5,48,18,71,113,34,90,30,267,0,0,0,267
12/02/2021,ELP,TX,ASW,CE,Combined TRACON& Tower with Radar,125,41,28,6,200,1,7,36,15,59,126,48,64,21,259,0,0,0,259
12/03/2021,ELP,TX,ASW,CE,Combined TRACON& Tower with Radar,102,26,27,23,178,0,14,35,9,58,102,40,62,32,236,26,0,26,262
12/04/2021,ELP,TX,ASW,CE,Combined TRACON& Tower with Radar,94,33,12,3,142,0,2,27,3,32,94,35,39,6,174,36,0,36,210
12/05/2021,ELP,TX,ASW,CE,Combined TRACON& Tower with Radar,107,27,18,8,160,0,9,28,9,46,107,36,46,17,206,0,0,0,206
12/06/2021,ELP,TX,ASW,CE,Combined TRACON& Tower with Radar,101,40,26,6,173,0,15,30,14,59,101,55,56,20,232,18,0,18,250
12/07/2021,ELP,TX,ASW,CE,Combined TRACON& Tower with Radar,115,46,19,15,195,1,9,42,13,65,116,55,61,28,260,0,0,0,260
12/08/2021,ELP,TX,ASW,CE,Combined TRACON& Tower with Radar,112,49,47,16,224,0,8,32,26,66,112,57,79,42,290,10,0,10,300
12/09/2021,ELP,TX,ASW,CE,Combined TRACON& Tower with Radar,113,64,28,23,228,0,9,39,11,59,113,73,67,34,287,0,30,30,317
12/10/2021,ELP,TX,ASW,CE,Combined TRACON& Tower with Radar,101,44,35,31,211,0,5,10,7,22,101,49,45,38,233,0,0,0,233
12/11/2021,ELP,TX,ASW,CE,Combined TRACON& Tower with Radar,91,25,24,13,153,0,10,45,6,61,91,35,69,19,214,0,0,0,214
12/12/2021,ELP,TX,ASW,CE,Combined TRACON& Tower with Radar,108,28,28,9,173,0,6,38,6,50,108,34,66,15,223,0,0,0,223
12/13/2021,ELP,TX,ASW,CE,Combined TRACON& Tower with Radar,95,38,24,14,171,0,5,42,15,62,95,43,66,29,233,0,0,0,233
12/14/2021,ELP,TX,ASW,CE,Combined TRACON& Tower with Radar,106,62,52,7,227,0,8,25,18,51,106,70,77,25,278,0,0,0,278
12/15/2021,ELP,TX,ASW,CE,Combined TRACON& Tower with Radar,103,46,33,9,191,0,8,22,9,39,103,54,55,18,230,0,0,0,230
12/16/2021,ELP,TX,ASW,CE,Combined TRACON& Tower with Radar,121,56,31,7,215,0,8,41,22,71,121,64,72,29,286,0,0,0,286
12/17/2021,ELP,TX,ASW,CE,Combined TRACON& Tower with Radar,114,56,28,4,202,0,7,41,17,65,114,63,69,21,267,0,0,0,267
12/18/2021,ELP,TX,ASW,CE,Combined TRACON& Tower with Radar,92,53,36,2,183,0,3,35,4,42,92,56,71,6,225,34,0,34,259
12/19/2021,ELP,TX,ASW,CE,Combined TRACON& Tower with Radar,101,35,30,0,166,0,3,25,6,34,101,38,55,6,200,0,0,0,200
12/20/2021,ELP,TX,ASW,CE,Combined TRACON& Tower with Radar,97,49,26,4,176,0,5,31,10,46,97,54,57,14,222,0,0,0,222
12/21/2021,ELP,TX,ASW,CE,Combined TRACON& Tower with Radar,114,59,38,9,220,0,6,45,14,65,114,65,83,23,285,8,10,18,303
12/22/2021,ELP,TX,ASW,CE,Combined TRACON& Tower with Radar,103,55,27,4,189,0,16,46,7,69,103,71,73,11,258,0,0,0,258
12/23/2021,ELP,TX,ASW,CE,Combined TRACON& Tower with Radar,114,50,24,2,190,0,9,33,5,47,114,59,57,7,237,0,0,0,237
12/24/2021,ELP,TX,ASW,CE,Combined TRACON& Tower with Radar,81,25,14,1,121,0,5,7,8,20,81,30,21,9,141,0,0,0,141
12/25/2021,ELP,TX,ASW,CE,Combined TRACON& Tower with Radar,76,22,13,0,111,3,5,18,0,26,79,27,31,0,137,0,0,0,137
12/26/2021,ELP,TX,ASW,CE,Combined TRACON& Tower with Radar,82,48,31,0,161,0,7,17,2,26,82,55,48,2,187,0,0,0,187
12/27/2021,ELP,TX,ASW,CE,Combined TRACON& Tower with Radar,92,45,47,0,184,0,8,24,6,38,92,53,71,6,222,0,0,0,222
12/28/2021,ELP,TX,ASW,CE,Combined TRACON& Tower with Radar,106,29,28,0,163,0,5,34,13,52,106,34,62,13,215,6,0,6,221
12/29/2021,ELP,TX,ASW,CE,Combined TRACON& Tower with Radar,98,35,26,2,161,0,5,46,13,64,98,40,72,15,225,0,0,0,225
12/30/2021,ELP,TX,ASW,CE,Combined TRACON& Tower with Radar,96,37,30,2,165,0,8,32,8,48,96,45,62,10,213,10,0,10,223
12/31/2021,ELP,TX,ASW,CE,Combined TRACON& Tower with Radar,84,24,29,0,137,0,1,9,0,10,84,25,38,0,147,6,0,6,153
01/01/2022,ELP,TX,ASW,CE,Combined TRACON& Tower with Radar,72,23,18,0,113,0,1,4,0,5,72,24,22,0,118,0,0,0,118
01/02/2022,ELP,TX,ASW,CE,Combined TRACON& Tower with Radar,77,39,35,1,152,0,7,26,2,35,77,46,61,3,187,0,0,0,187
01/03/2022,ELP,TX,ASW,CE,Combined TRACON& Tower with Radar,78,46,28,2,154,0,1,31,15,47,78,47,59,17,201,0,0,0,201
01/04/2022,ELP,TX,ASW,CE,Combined TRACON& Tower with Radar,96,46,46,1,189,0,4,37,7,48,96,50,83,8,237,14,22,36,273
01/05/2022,ELP,TX,ASW,CE,Combined TRACON& Tower with Radar,90,54,28,18,190,0,9,54,10,73,90,63,82,28,263,62,10,72,335
01/06/2022,ELP,TX,ASW,CE,Combined TRACON& Tower with Radar,92,59,44,9,204,2,5,38,9,54,94,64,82,18,258,10,0,10,268
01/07/2022,ELP,TX,ASW,CE,Combined TRACON& Tower with Radar,86,36,36,12,170,0,9,31,14,54,86,45,67,26,224,0,0,0,224
01/08/2022,ELP,TX,ASW,CE,Combined TRACON& Tower with Radar,73,25,21,9,128,2,6,31,3,42,75,31,52,12,170,26,0,26,196
01/09/2022,ELP,TX,ASW,CE,Combined TRACON& Tower with Radar,94,29,30,39,192,0,5,28,16,49,94,34,58,55,241,38,28,66,307
01/10/2022,ELP,TX,ASW,CE,Combined TRACON& Tower with Radar,96,36,21,6,159,0,5,17,4,26,96,41,38,10,185,10,0,10,195
01/11/2022,ELP,TX,ASW,CE,Combined TRACON& Tower with Radar,98,51,28,2,179,2,8,39,13,62,100,59,67,15,241,20,26,46,287
01/12/2022,ELP,TX,ASW,CE,Combined TRACON& Tower with Radar,97,52,29,6,184,1,11,37,18,67,98,63,66,24,251,14,0,14,265
01/13/2022,ELP,TX,ASW,CE,Combined TRACON& Tower with Radar,104,54,30,9,197,1,8,38,15,62,105,62,68,24,259,0,0,0,259
01/14/2022,ELP,TX,ASW,CE,Combined TRACON& Tower with Radar,95,51,39,6,191,0,7,35,0,42,95,58,74,6,233,0,0,0,233
01/15/2022,ELP,TX,ASW,CE,Combined TRACON& Tower with Radar,79,26,25,11,141,0,6,32,3,41,79,32,57,14,182,36,0,36,218
01/16/2022,ELP,TX,ASW,CE,Combined TRACON& Tower with Radar,83,34,31,1,149,0,0,28,2,30,83,34,59,3,179,18,0,18,197
01/17/2022,ELP,TX,ASW,CE,Combined TRACON& Tower with Radar,93,47,19,6,165,0,11,33,15,59,93,58,52,21,224,28,0,28,252
01/18/2022,ELP,TX,ASW,CE,Combined TRACON& Tower with Radar,104,37,30,7,178,0,3,31,9,43,104,40,61,16,221,30,40,70,291
01/19/2022,ELP,TX,ASW,CE,Combined TRACON& Tower with Radar,101,36,26,14,177,0,10,27,20,57,101,46,53,34,234,4,6,10,244
01/20/2022,ELP,TX,ASW,CE,Combined TRACON& Tower with Radar,108,42,30,6,186,0,6,24,13,43,108,48,54,19,229,32,10,42,271
01/21/2022,ELP,TX,ASW,CE,Combined TRACON& Tower with Radar,101,47,23,53,224,0,7,40,8,55,101,54,63,61,279,22,14,36,315
01/22/2022,ELP,TX,ASW,CE,Combined TRACON& Tower with Radar,81,24,29,5,139,0,3,28,2,33,81,27,57,7,172,14,0,14,186
01/23/2022,ELP,TX,ASW,CE,Combined TRACON& Tower with Radar,95,27,23,6,151,0,5,35,2,42,95,32,58,8,193,0,0,0,193
01/24/2022,ELP,TX,ASW,CE,Combined TRACON& Tower with Radar,95,36,19,24,174,0,4,37,20,61,95,40,56,44,235,28,36,64,299
01/25/2022,ELP,TX,ASW,CE,Combined TRACON& Tower with Radar,103,49,24,20,196,2,5,47,9,63,105,54,71,29,259,0,0,0,259
01/26/2022,ELP,TX,ASW,CE,Combined TRACON& Tower with Radar,104,52,36,16,208,0,4,49,21,74,104,56,85,37,282,14,0,14,296
01/27/2022,ELP,TX,ASW,CE,Combined TRACON& Tower with Radar,115,64,18,10,207,2,9,42,7,60,117,73,60,17,267,50,0,50,317
01/28/2022,ELP,TX,ASW,CE,Combined TRACON& Tower with Radar,102,45,31,62,240,1,6,36,7,50,103,51,67,69,290,72,24,96,386
01/29/2022,ELP,TX,ASW,CE,Combined TRACON& Tower with Radar,78,30,27,5,140,0,12,57,1,70,78,42,84,6,210,8,0,8,218
01/30/2022,ELP,TX,ASW,CE,Combined TRACON& Tower with Radar,93,27,29,8,157,8,4,29,8,49,101,31,58,16,206,0,0,0,206
01/31/2022,ELP,TX,ASW,CE,Combined TRACON& Tower with Radar,100,38,17,11,166,0,13,39,12,64,100,51,56,23,230,16,0,16,246
02/01/2022,ELP,TX,ASW,CE,Combined TRACON& Tower with Radar,104,59,32,23,218,0,20,32,16,68,104,79,64,39,286,0,0,0,286
02/02/2022,ELP,TX,ASW,CE,Combined TRACON& Tower with Radar,88,54,35,35,212,0,11,25,4,40,88,65,60,39,252,0,0,0,252
02/03/2022,ELP,TX,ASW,CE,Combined TRACON& Tower with Radar,68,63,25,7,163,0,3,5,4,12,68,66,30,11,175,0,0,0,175
02/04/2022,ELP,TX,ASW,CE,Combined TRACON& Tower with Radar,81,48,54,52,235,0,9,35,18,62,81,57,89,70,297,0,0,0,297
02/05/2022,ELP,TX,ASW,CE,Combined TRACON& Tower with Radar,61,33,23,7,124,0,12,54,2,68,61,45,77,9,192,10,0,10,202
02/06/2022,ELP,TX,ASW,CE,Combined TRACON& Tower with Radar,87,36,38,31,192,2,10,60,2,74,89,46,98,33,266,0,0,0,266
02/07/2022,ELP,TX,ASW,CE,Combined TRACON& Tower with Radar,96,38,44,4,182,0,7,42,5,54,96,45,86,9,236,0,0,0,236
02/08/2022,ELP,TX,ASW,CE,Combined TRACON& Tower with Radar,91,49,34,14,188,0,11,35,9,55,91,60,69,23,243,0,0,0,243
02/09/2022,ELP,TX,ASW,CE,Combined TRACON& Tower with Radar,99,50,42,32,223,0,15,41,15,71,99,65,83,47,294,60,16,76,370
02/10/2022,ELP,TX,ASW,CE,Combined TRACON& Tower with Radar,113,60,18,10,201,1,11,36,11,59,114,71,54,21,260,0,0,0,260
02/11/2022,ELP,TX,ASW,CE,Combined TRACON& Tower with Radar,101,51,44,35,231,0,8,42,5,55,101,59,86,40,286,10,6,16,302
02/12/2022,ELP,TX,ASW,CE,Combined TRACON& Tower with Radar,77,40,31,8,156,0,5,22,3,30,77,45,53,11,186,0,0,0,186
02/13/2022,ELP,TX,ASW,CE,Combined TRACON& Tower with Radar,92,19,16,5,132,0,2,39,1,42,92,21,55,6,174,0,0,0,174
02/14/2022,ELP,TX,ASW,CE,Combined TRACON& Tower with Radar,95,28,20,15,158,0,6,50,11,67,95,34,70,26,225,0,0,0,225
02/15/2022,ELP,TX,ASW,CE,Combined TRACON& Tower with Radar,96,44,24,0,164,0,13,41,15,69,96,57,65,15,233,46,0,46,279
02/16/2022,ELP,TX,ASW,CE,Combined TRACON& Tower with Radar,105,49,18,0,172,1,3,8,0,12,106,52,26,0,184,0,0,0,184
02/17/2022,ELP,TX,ASW,CE,Combined TRACON& Tower with Radar,121,39,31,10,201,0,10,23,8,41,121,49,54,18,242,0,0,0,242
02/18/2022,ELP,TX,ASW,CE,Combined TRACON& Tower with Radar,104,31,42,12,189,0,4,43,6,53,104,35,85,18,242,0,0,0,242
02/19/2022,ELP,TX,ASW,CE,Combined TRACON& Tower with Radar,78,17,27,3,125,0,5,51,6,62,78,22,78,9,187,40,0,40,227
02/20/2022,ELP,TX,ASW,CE,Combined TRACON& Tower with Radar,90,29,42,8,169,0,4,49,1,54,90,33,91,9,223,32,0,32,255
02/21/2022,ELP,TX,ASW,CE,Combined TRACON& Tower with Radar,92,48,25,8,173,0,4,19,1,24,92,52,44,9,197,48,0,48,245
02/22/2022,ELP,TX,ASW,CE,Combined TRACON& Tower with Radar,108,33,39,5,185,2,13,31,5,51,110,46,70,10,236,10,0,10,246
02/23/2022,ELP,TX,ASW,CE,Combined TRACON& Tower with Radar,94,43,22,7,166,0,1,16,2,19,94,44,38,9,185,0,0,0,185
02/24/2022,ELP,TX,ASW,CE,Combined TRACON& Tower with Radar,91,46,37,21,195,0,7,24,12,43,91,53,61,33,238,8,0,8,246
02/25/2022,ELP,TX,ASW,CE,Combined TRACON& Tower with Radar,105,40,36,28,209,0,5,41,6,52,105,45,77,34,261,14,0,14,275
02/26/2022,ELP,TX,ASW,CE,Combined TRACON& Tower with Radar,84,28,31,12,155,0,1,44,10,55,84,29,75,22,210,18,12,30,240
02/27/2022,ELP,TX,ASW,CE,Combined TRACON& Tower with Radar,91,27,49,24,191,0,1,44,13,58,91,28,93,37,249,34,6,40,289
02/28/2022,ELP,TX,ASW,CE,Combined TRACON& Tower with Radar,99,40,33,4,176,0,8,20,3,31,99,48,53,7,207,0,0,0,207
03/01/2022,ELP,TX,ASW,CE,Combined TRACON& Tower with Radar,102,31,23,7,163,0,9,45,13,67,102,40,68,20,230,0,0,0,230
03/02/2022,ELP,TX,ASW,CE,Combined TRACON& Tower with Radar,102,34,20,7,163,0,7,31,16,54,102,41,51,23,217,26,0,26,243
03/03/2022,ELP,TX,ASW,CE,Combined TRACON& Tower with Radar,112,32,31,7,182,0,6,34,12,52,112,38,65,19,234,12,4,16,250
03/04/2022,ELP,TX,ASW,CE,Combined TRACON& Tower with Radar,105,43,25,11,184,1,3,25,4,33,106,46,50,15,217,26,0,26,243
03/05/2022,ELP,TX,ASW,CE,Combined TRACON& Tower with Radar,88,39,35,9,171,0,6,28,1,35,88,45,63,10,206,10,0,10,216
03/06/2022,ELP,TX,ASW,CE,Combined TRACON& Tower with Radar,94,33,30,16,173,2,2,15,3,22,96,35,45,19,195,16,0,16,211
03/07/2022,ELP,TX,ASW,CE,Combined TRACON& Tower with Radar,97,38,21,6,162,0,12,49,11,72,97,50,70,17,234,0,0,0,234
03/08/2022,ELP,TX,ASW,CE,Combined TRACON& Tower with Radar,112,42,31,12,197,0,7,49,5,61,112,49,80,17,258,32,0,32,290
03/09/2022,ELP,TX,ASW,CE,Combined TRACON& Tower with Radar,109,40,31,6,186,0,9,26,11,46,109,49,57,17,232,0,0,0,232
03/10/2022,ELP,TX,ASW,CE,Combined TRACON& Tower with Radar,118,46,46,15,225,0,12,40,8,60,118,58,86,23,285,38,0,38,323
03/11/2022,ELP,TX,ASW,CE,Combined TRACON& Tower with Radar,108,39,21,17,185,0,5,26,1,32,108,44,47,18,217,6,0,6,223
03/12/2022,ELP,TX,ASW,CE,Combined TRACON& Tower with Radar,83,31,21,6,141,0,5,42,2,49,83,36,63,8,190,14,0,14,204
03/13/2022,ELP,TX,ASW,CE,Combined TRACON& Tower with Radar,99,28,24,11,162,0,3,35,9,47,99,31,59,20,209,22,0,22,231
03/14/2022,ELP,TX,ASW,CE,Combined TRACON& Tower with Radar,99,39,30,12,180,0,5,14,11,30,99,44,44,23,210,6,0,6,216
03/15/2022,ELP,TX,ASW,CE,Combined TRACON& Tower with Radar,112,34,33,3,182,0,8,37,4,49,112,42,70,7,231,30,0,30,261
03/16/2022,ELP,TX,ASW,CE,Combined TRACON& Tower with Radar,115,53,28,5,201,0,5,36,9,50,115,58,64,14,251,9,0,9,260
03/17/2022,ELP,TX,ASW,CE,Combined TRACON& Tower with Radar,113,39,37,5,194,0,6,24,2,32,113,45,61,7,226,0,0,0,226
03/18/2022,ELP,TX,ASW,CE,Combined TRACON& Tower with Radar,109,50,21,6,186,0,8,44,2,54,109,58,65,8,240,16,0,16,256
03/19/2022,ELP,TX,ASW,CE,Combined TRACON& Tower with Radar,86,33,28,7,154,0,11,42,1,54,86,44,70,8,208,0,0,0,208
03/20/2022,ELP,TX,ASW,CE,Combined TRACON& Tower with Radar,101,43,18,33,195,0,6,15,3,24,101,49,33,36,219,22,0,22,241
03/21/2022,ELP,TX,ASW,CE,Combined TRACON& Tower with Radar,94,45,31,12,182,0,1,8,1,10,94,46,39,13,192,0,0,0,192
03/22/2022,ELP,TX,ASW,CE,Combined TRACON& Tower with Radar,115,54,50,4,223,0,2,15,10,27,115,56,65,14,250,39,36,75,325
03/23/2022,ELP,TX,ASW,CE,Combined TRACON& Tower with Radar,107,49,39,6,201,0,7,52,5,64,107,56,91,11,265,18,0,18,283
03/24/2022,ELP,TX,ASW,CE,Combined TRACON& Tower with Radar,110,59,37,7,213,0,11,53,6,70,110,70,90,13,283,0,0,0,283
03/25/2022,ELP,TX,ASW,CE,Combined TRACON& Tower with Radar,105,35,41,8,189,0,7,63,5,75,105,42,104,13,264,0,0,0,264
03/26/2022,ELP,TX,ASW,CE,Combined TRACON& Tower with Radar,85,31,26,13,155,2,12,43,2,59,87,43,69,15,214,12,0,12,226
03/27/2022,ELP,TX,ASW,CE,Combined TRACON& Tower with Radar,102,17,16,14,149,0,16,51,13,80,102,33,67,27,229,75,0,75,304
03/28/2022,ELP,TX,ASW,CE,Combined TRACON& Tower with Radar,103,27,31,2,163,0,4,41,4,49,103,31,72,6,212,22,0,22,234
03/29/2022,ELP,TX,ASW,CE,Combined TRACON& Tower with Radar,115,31,30,2,178,0,5,15,1,21,115,36,45,3,199,0,0,0,199
03/30/2022,ELP,TX,ASW,CE,Combined TRACON& Tower with Radar,111,49,29,2,191,0,6,14,12,32,111,55,43,14,223,0,0,0,223
03/31/2022,ELP,TX,ASW,CE,Combined TRACON& Tower with Radar,107,55,39,3,204,0,18,35,7,60,107,73,74,10,264,46,0,46,310
04/01/2022,ELP,TX,ASW,CE,Combined TRACON& Tower with Radar,119,41,38,5,203,0,10,32,8,50,119,51,70,13,253,6,0,6,259
04/02/2022,ELP,TX,ASW,CE,Combined TRACON& Tower with Radar,83,34,15,0,132,0,4,66,2,72,83,38,81,2,204,76,0,76,280
04/03/2022,ELP,TX,ASW,CE,Combined TRACON& Tower with Radar,103,34,31,0,168,0,9,41,3,53,103,43,72,3,221,0,0,0,221
04/04/2022,ELP,TX,ASW,CE,Combined TRACON& Tower with Radar,107,32,23,7,169,0,10,30,5,45,107,42,53,12,214,6,20,26,240
04/05/2022,ELP,TX,ASW,CE,Combined TRACON& Tower with Radar,117,53,17,4,191,0,8,27,12,47,117,61,44,16,238,0,14,14,252
04/06/2022,ELP,TX,ASW,CE,Combined TRACON& Tower with Radar,115,49,33,6,203,0,15,36,20,71,115,64,69,26,274,0,51,51,325
04/07/2022,ELP,TX,ASW,CE,Combined TRACON& Tower with Radar,118,60,26,10,214,0,11,39,12,62,118,71,65,22,276,0,0,0,276
04/08/2022,ELP,TX,ASW,CE,Combined TRACON& Tower with Radar,107,43,20,21,191,0,11,43,6,60,107,54,63,27,251,18,0,18,269
04/09/2022,ELP,TX,ASW,CE,Combined TRACON& Tower with Radar,87,28,24,0,139,0,5,43,9,57,87,33,67,9,196,58,0,58,254
04/10/2022,ELP,TX,ASW,CE,Combined TRACON& Tower with Radar,98,25,36,8,167,5,4,19,2,30,103,29,55,10,197,12,0,12,209
04/11/2022,ELP,TX,ASW,CE,Combined TRACON& Tower with Radar,107,23,34,16,180,0,10,30,5,45,107,33,64,21,225,0,0,0,225
04/12/2022,ELP,TX,ASW,CE,Combined TRACON& Tower with Radar,124,40,31,3,198,0,6,16,1,23,124,46,47,4,221,10,0,10,231
04/13/2022,ELP,TX,ASW,CE,Combined TRACON& Tower with Radar,117,58,27,9,211,0,12,28,5,45,117,70,55,14,256,0,0,0,256
04/14/2022,ELP,TX,ASW,CE,Combined TRACON& Tower with Radar,124,47,47,11,229,0,9,42,16,67,124,56,89,27,296,14,0,14,310
04/15/2022,ELP,TX,ASW,CE,Combined TRACON& Tower with Radar,104,39,20,0,163,0,4,36,4,44,104,43,56,4,207,48,0,48,255
04/16/2022,ELP,TX,ASW,CE,Combined TRACON& Tower with Radar,87,37,22,3,149,0,4,35,4,43,87,41,57,7,192,10,0,10,202
04/17/2022,ELP,TX,ASW,CE,Combined TRACON& Tower with Radar,102,23,15,4,144,0,13,12,1,26,102,36,27,5,170,0,0,0,170
04/18/2022,ELP,TX,ASW,CE,Combined TRACON& Tower with Radar,108,26,22,2,158,0,11,27,5,43,108,37,49,7,201,13,0,13,214
04/19/2022,ELP,TX,ASW,CE,Combined TRACON& Tower with Radar,121,30,30,4,185,0,4,21,7,32,121,34,51,11,217,4,0,4,221
04/20/2022,ELP,TX,ASW,CE,Combined TRACON& Tower with Radar,112,37,37,7,193,0,4,25,13,42,112,41,62,20,235,0,0,0,235
04/21/2022,ELP,TX,ASW,CE,Combined TRACON& Tower with Radar,130,44,32,6,212,0,8,37,10,55,130,52,69,16,267,0,0,0,267
04/22/2022,ELP,TX,ASW,CE,Combined TRACON& Tower with Radar,117,33,28,44,222,0,9,21,7,37,117,42,49,51,259,16,4,20,279
04/23/2022,ELP,TX,ASW,CE,Combined TRACON& Tower with Radar,89,24,26,13,152,0,7,32,3,42,89,31,58,16,194,40,18,58,252
04/24/2022,ELP,TX,ASW,CE,Combined TRACON& Tower with Radar,96,27,37,42,202,0,8,23,11,42,96,35,60,53,244,16,0,16,260
04/25/2022,ELP,TX,ASW,CE,Combined TRACON& Tower with Radar,106,39,19,9,173,0,17,33,26,76,106,56,52,35,249,0,0,0,249
04/26/2022,ELP,TX,ASW,CE,Combined TRACON& Tower with Radar,132,43,29,12,216,0,8,34,5,47,132,51,63,17,263,0,0,0,263
04/27/2022,ELP,TX,ASW,CE,Combined TRACON& Tower with Radar,124,34,28,11,197,0,3,37,25,65,124,37,65,36,262,0,0,0,262
04/28/2022,ELP,TX,ASW,CE,Combined TRACON& Tower with Radar,118,35,45,43,241,0,13,33,14,60,118,48,78,57,301,0,0,0,301
04/29/2022,ELP,TX,ASW,CE,Combined TRACON& Tower with Radar,120,36,32,19,207,0,7,37,12,56,120,43,69,31,263,0,0,0,263
04/30/2022,ELP,TX,ASW,CE,Combined TRACON& Tower with Radar,88,31,14,3,136,0,7,46,8,61,88,38,60,11,197,44,0,44,241
05/01/2022,ELP,TX,ASW,CE,Combined TRACON& Tower with Radar,100,22,32,23,177,0,2,33,10,45,100,24,65,33,222,50,0,50,272
05/02/2022,ELP,TX,ASW,CE,Combined TRACON& Tower with Radar,114,31,28,9,182,0,10,39,12,61,114,41,67,21,243,50,4,54,297
05/03/2022,ELP,TX,ASW,CE,Combined TRACON& Tower with Radar,119,43,52,2,216,0,7,31,9,47,119,50,83,11,263,0,18,18,281
05/04/2022,ELP,TX,ASW,CE,Combined TRACON& Tower with Radar,115,39,37,8,199,0,4,48,10,62,115,43,85,18,261,8,0,8,269
05/05/2022,ELP,TX,ASW,CE,Combined TRACON& Tower with Radar,118,49,40,24,231,0,21,48,8,77,118,70,88,32,308,28,0,28,336
05/06/2022,ELP,TX,ASW,CE,Combined TRACON& Tower with Radar,125,36,35,16,212,0,11,39,9,59,125,47,74,25,271,37,0,37,308
05/07/2022,ELP,TX,ASW,CE,Combined TRACON& Tower with Radar,100,24,11,4,139,0,5,23,1,29,100,29,34,5,168,0,0,0,168
05/08/2022,ELP,TX,ASW,CE,Combined TRACON& Tower with Radar,103,10,26,1,140,0,8,18,9,35,103,18,44,10,175,14,10,24,199
05/09/2022,ELP,TX,ASW,CE,Combined TRACON& Tower with Radar,113,31,33,5,182,0,17,33,6,56,113,48,66,11,238,0,0,0,238
05/10/2022,ELP,TX,ASW,CE,Combined TRACON& Tower with Radar,128,31,25,10,194,0,9,40,18,67,128,40,65,28,261,50,8,58,319
05/11/2022,ELP,TX,ASW,CE,Combined TRACON& Tower with Radar,130,44,35,3,212,0,19,33,19,71,130,63,68,22,283,8,0,8,291
05/12/2022,ELP,TX,ASW,CE,Combined TRACON& Tower with Radar,124,30,35,2,191,0,12,37,11,60,124,42,72,13,251,4,0,4,255
05/13/2022,ELP,TX,ASW,CE,Combined TRACON& Tower with Radar,122,37,12,22,193,0,9,24,9,42,122,46,36,31,235,32,4,36,271
05/14/2022,ELP,TX,ASW,CE,Combined TRACON& Tower with Radar,96,16,18,2,132,0,4,29,2,35,96,20,47,4,167,0,0,0,167
05/15/2022,ELP,TX,ASW,CE,Combined TRACON& Tower with Radar,104,26,25,17,172,0,11,39,6,56,104,37,64,23,228,22,0,22,250
05/16/2022,ELP,TX,ASW,CE,Combined TRACON& Tower with Radar,124,19,32,10,185,0,9,27,12,48,124,28,59,22,233,12,0,12,245
05/17/2022,ELP,TX,ASW,CE,Combined TRACON& Tower with Radar,128,40,37,2,207,0,13,40,8,61,128,53,77,10,268,0,14,14,282
05/18/2022,ELP,TX,ASW,CE,Combined TRACON& Tower with Radar,126,40,24,2,192,0,17,27,17,61,126,57,51,19,253,0,0,0,253
05/19/2022,ELP,TX,ASW,CE,Combined TRACON& Tower with Radar,130,27,46,6,209,0,20,36,6,62,130,47,82,12,271,14,0,14,285
05/20/2022,ELP,TX,ASW,CE,Combined TRACON& Tower with Radar,119,36,21,9,185,0,14,19,3,36,119,50,40,12,221,0,0,0,221
05/21/2022,ELP,TX,ASW,CE,Combined TRACON& Tower with Radar,101,25,27,19,172,0,3,32,5,40,101,28,59,24,212,6,16,22,234
05/22/2022,ELP,TX,ASW,CE,Combined TRACON& Tower with Radar,110,22,21,18,171,0,9,22,5,36,110,31,43,23,207,20,0,20,227
05/23/2022,ELP,TX,ASW,CE,Combined TRACON& Tower with Radar,117,24,41,5,187,0,10,37,1,48,117,34,78,6,235,34,0,34,269
05/24/2022,ELP,TX,ASW,CE,Combined TRACON& Tower with Radar,122,35,34,9,200,0,16,32,2,50,122,51,66,11,250,0,0,0,250
05/25/2022,ELP,TX,ASW,CE,Combined TRACON& Tower with Radar,125,38,29,11,203,0,11,50,5,66,125,49,79,16,269,0,18,18,287
05/26/2022,ELP,TX,ASW,CE,Combined TRACON& Tower with Radar,126,32,51,2,211,1,14,39,13,67,127,46,90,15,278,14,25,39,317
05/27/2022,ELP,TX,ASW,CE,Combined TRACON& Tower with Radar,122,29,37,3,191,0,19,46,4,69,122,48,83,7,260,6,0,6,266
05/28/2022,ELP,TX,ASW,CE,Combined TRACON& Tower with Radar,100,22,12,0,134,0,7,32,0,39,100,29,44,0,173,0,0,0,173
05/29/2022,ELP,TX,ASW,CE,Combined TRACON& Tower with Radar,107,14,20,1,142,0,6,9,1,16,107,20,29,2,158,0,0,0,158
05/30/2022,ELP,TX,ASW,CE,Combined TRACON& Tower with Radar,112,19,33,3,167,0,5,34,5,44,112,24,67,8,211,0,0,0,211
05/31/2022,ELP,TX,ASW,CE,Combined TRACON& Tower with Radar,118,23,48,2,191,0,10,41,12,63,118,33,89,14,254,22,26,48,302
06/01/2022,ELP,TX,ASW,CE,Combined TRACON& Tower with Radar,127,38,42,4,211,0,9,38,10,57,127,47,80,14,268,31,0,31,299
06/02/2022,ELP,TX,ASW,CE,Combined TRACON& Tower with Radar,116,43,35,0,194,1,11,32,8,52,117,54,67,8,246,10,0,10,256
06/03/2022,ELP,TX,ASW,CE,Combined TRACON& Tower with Radar,114,38,35,1,188,0,9,37,2,48,114,47,72,3,236,0,0,0,236
06/04/2022,ELP,TX,ASW,CE,Combined TRACON& Tower with Radar,92,31,24,1,148,0,4,50,0,54,92,35,74,1,202,82,0,82,284
06/05/2022,ELP,TX,ASW,CE,Combined TRACON& Tower with Radar,109,30,27,0,166,2,2,30,2,36,111,32,57,2,202,14,0,14,216
06/06/2022,ELP,TX,ASW,CE,Combined TRACON& Tower with Radar,111,37,37,14,199,0,16,46,5,67,111,53,83,19,266,0,0,0,266
06/07/2022,ELP,TX,ASW,CE,Combined TRACON& Tower with Radar,124,39,21,0,184,0,5,36,4,45,124,44,57,4,229,30,0,30,259
06/08/2022,ELP,TX,ASW,CE,Combined TRACON& Tower with Radar,127,51,20,2,200,0,6,37,16,59,127,57,57,18,259,0,0,0,259
06/09/2022,ELP,TX,ASW,CE,Combined TRACON& Tower with Radar,129,49,23,2,203,0,3,32,15,50,129,52,55,17,253,42,0,42,295
06/10/2022,ELP,TX,ASW,CE,Combined TRACON& Tower with Radar,124,33,19,6,182,0,4,45,5,54,124,37,64,11,236,8,0,8,244
06/11/2022,ELP,TX,ASW,CE,Combined TRACON& Tower with Radar,113,35,20,5,173,0,1,33,6,40,113,36,53,11,213,0,0,0,213
06/12/2022,ELP,TX,ASW,CE,Combined TRACON& Tower with Radar,102,19,34,4,159,0,2,35,4,41,102,21,69,8,200,22,0,22,222
06/13/2022,ELP,TX,ASW,CE,Combined TRACON& Tower with Radar,114,31,33,2,180,0,3,30,7,40,114,34,63,9,220,8,0,8,228
06/14/2022,ELP,TX,ASW,CE,Combined TRACON& Tower with Radar,134,47,31,2,214,0,16,40,10,66,134,63,71,12,280,10,10,20,300
06/15/2022,ELP,TX,ASW,CE,Combined TRACON& Tower with Radar,133,60,47,4,244,0,17,71,12,100,133,77,118,16,344,18,0,18,362
06/16/2022,ELP,TX,ASW,CE,Combined TRACON& Tower with Radar,123,66,28,3,220,1,11,19,7,38,124,77,47,10,258,30,0,30,288
06/17/2022,ELP,TX,ASW,CE,Combined TRACON& Tower with Radar,134,51,36,12,233,0,8,63,15,86,134,59,99,27,319,50,0,50,369
06/18/2022,ELP,TX,ASW,CE,Combined TRACON& Tower with Radar,114,25,19,13,171,0,6,65,13,84,114,31,84,26,255,31,0,31,286
06/19/2022,ELP,TX,ASW,CE,Combined TRACON& Tower with Radar,109,26,20,0,155,0,6,59,8,73,109,32,79,8,228,26,0,26,254
06/20/2022,ELP,TX,ASW,CE,Combined TRACON& Tower with Radar,123,31,25,5,184,0,1,61,15,77,123,32,86,20,261,12,0,12,273
06/21/2022,ELP,TX,ASW,CE,Combined TRACON& Tower with Radar,136,42,27,19,224,0,7,17,12,36,136,49,44,31,260,0,26,26,286
06/22/2022,ELP,TX,ASW,CE,Combined TRACON& Tower with Radar,135,61,38,6,240,0,5,33,21,59,135,66,71,27,299,20,0,20,319
06/23/2022,ELP,TX,ASW,CE,Combined TRACON& Tower with Radar,121,60,14,2,197,0,9,53,10,72,121,69,67,12,269,0,0,0,269
06/24/2022,ELP,TX,ASW,CE,Combined TRACON& Tower with Radar,131,37,28,34,230,1,8,36,4,49,132,45,64,38,279,0,0,0,279
06/25/2022,ELP,TX,ASW,CE,Combined TRACON& Tower with Radar,108,37,15,2,162,0,2,42,3,47,108,39,57,5,209,34,2,36,245
06/26/2022,ELP,TX,ASW,CE,Combined TRACON& Tower with Radar,111,18,21,6,156,0,2,22,2,26,111,20,43,8,182,2,0,2,184
06/27/2022,ELP,TX,ASW,CE,Combined TRACON& Tower with Radar,110,36,18,3,167,0,3,39,11,53,110,39,57,14,220,0,0,0,220
06/28/2022,ELP,TX,ASW,CE,Combined TRACON& Tower with Radar,125,33,26,4,188,0,17,43,8,68,125,50,69,12,256,6,0,6,262
06/29/2022,ELP,TX,ASW,CE,Combined TRACON& Tower with Radar,124,47,15,4,190,0,7,47,7,61,124,54,62,11,251,62,0,62,313
06/30/2022,ELP,TX,ASW,CE,Combined TRACON& Tower with Radar,125,42,24,3,194,0,7,42,10,59,125,49,66,13,253,71,0,71,324
07/01/2022,ELP,TX,ASW,CE,Combined TRACON& Tower with Radar,121,32,24,3,180,0,2,31,5,38,121,34,55,8,218,34,0,34,252
07/02/2022,ELP,TX,ASW,CE,Combined TRACON& Tower with Radar,102,23,22,3,150,0,1,38,4,43,102,24,60,7,193,42,0,42,235
07/03/2022,ELP,TX,ASW,CE,Combined TRACON& Tower with Radar,100,17,9,2,128,0,6,26,1,33,100,23,35,3,161,8,0,8,169
07/04/2022,ELP,TX,ASW,CE,Combined TRACON& Tower with Radar,105,19,11,1,136,0,2,32,1,35,105,21,43,2,171,0,0,0,171
07/05/2022,ELP,TX,ASW,CE,Combined TRACON& Tower with Radar,110,33,37,1,181,0,11,39,3,53,110,44,76,4,234,38,0,38,272
07/06/2022,ELP,TX,ASW,CE,Combined TRACON& Tower with Radar,117,32,34,17,200,0,12,27,38,77,117,44,61,55,277,34,0,34,311
07/07/2022,ELP,TX,ASW,CE,Combined TRACON& Tower with Radar,127,34,17,4,182,0,4,39,7,50,127,38,56,11,232,10,0,10,242
07/08/2022,ELP,TX,ASW,CE,Combined TRACON& Tower with Radar,119,29,48,9,205,0,6,23,10,39,119,35,71,19,244,36,0,36,280
07/09/2022,ELP,TX,ASW,CE,Combined TRACON& Tower with Radar,94,28,27,0,149,0,3,39,2,44,94,31,66,2,193,28,0,28,221
07/10/2022,ELP,TX,ASW,CE,Combined TRACON& Tower with Radar,108,21,20,4,153,0,3,39,5,47,108,24,59,9,200,0,0,0,200
07/11/2022,ELP,TX,ASW,CE,Combined TRACON& Tower with Radar,114,41,22,0,177,0,5,49,4,58,114,46,71,4,235,36,0,36,271
07/12/2022,ELP,TX,ASW,CE,Combined TRACON& Tower with Radar,120,36,22,6,184,0,7,36,12,55,120,43,58,18,239,28,2,30,269
07/13/2022,ELP,TX,ASW,CE,Combined TRACON& Tower with Radar,115,44,19,9,187,0,7,31,14,52,115,51,50,23,239,26,0,26,265
07/14/2022,ELP,TX,ASW,CE,Combined TRACON& Tower with Radar,122,41,23,9,195,0,3,28,8,39,122,44,51,17,234,32,10,42,276
07/15/2022,ELP,TX,ASW,CE,Combined TRACON& Tower with Radar,125,31,22,1,179,0,6,34,3,43,125,37,56,4,222,0,0,0,222
07/16/2022,ELP,TX,ASW,CE,Combined TRACON& Tower with Radar,102,31,6,6,145,0,9,31,2,42,102,40,37,8,187,10,0,10,197
07/17/2022,ELP,TX,ASW,CE,Combined TRACON& Tower with Radar,105,24,25,6,160,0,5,34,9,48,105,29,59,15,208,0,0,0,208
07/18/2022,ELP,TX,ASW,CE,Combined TRACON& Tower with Radar,114,40,43,16,213,0,12,43,8,63,114,52,86,24,276,13,12,25,301
07/19/2022,ELP,TX,ASW,CE,Combined TRACON& Tower with Radar,130,49,26,5,210,0,15,48,4,67,130,64,74,9,277,26,0,26,303
07/20/2022,ELP,TX,ASW,CE,Combined TRACON& Tower with Radar,120,44,21,4,189,0,2,31,8,41,120,46,52,12,230,24,0,24,254
07/21/2022,ELP,TX,ASW,CE,Combined TRACON& Tower with Radar,132,45,19,3,199,0,7,38,6,51,132,52,57,9,250,32,0,32,282
07/22/2022,ELP,TX,ASW,CE,Combined TRACON& Tower with Radar,127,35,31,12,205,0,7,27,7,41,127,42,58,19,246,32,0,32,278
07/23/2022,ELP,TX,ASW,CE,Combined TRACON& Tower with Radar,103,35,10,3,151,0,8,40,2,50,103,43,50,5,201,16,0,16,217
07/24/2022,ELP,TX,ASW,CE,Combined TRACON& Tower with Radar,107,20,28,8,163,0,3,29,6,38,107,23,57,14,201,14,0,14,215
07/25/2022,ELP,TX,ASW,CE,Combined TRACON& Tower with Radar,107,31,25,6,169,0,6,32,17,55,107,37,57,23,224,14,44,58,282
07/26/2022,ELP,TX,ASW,CE,Combined TRACON& Tower with Radar,126,48,23,2,199,0,11,44,7,62,126,59,67,9,261,0,0,0,261
07/27/2022,ELP,TX,ASW,CE,Combined TRACON& Tower with Radar,122,38,24,0,184,0,6,39,7,52,122,44,63,7,236,6,0,6,242
07/28/2022,ELP,TX,ASW,CE,Combined TRACON& Tower with Radar,121,42,21,6,190,0,6,31,6,43,121,48,52,12,233,18,0,18,251
07/29/2022,ELP,TX,ASW,CE,Combined TRACON& Tower with Radar,121,43,17,22,203,0,8,43,3,54,121,51,60,25,257,24,0,24,281
07/30/2022,ELP,TX,ASW,CE,Combined TRACON& Tower with Radar,102,40,18,1,161,0,10,36,5,51,102,50,54,6,212,20,0,20,232
07/31/2022,ELP,TX,ASW,CE,Combined TRACON& Tower with Radar,111,31,21,26,189,0,6,35,11,52,111,37,56,37,241,14,14,28,269
08/01/2022,ELP,TX,ASW,CE,Combined TRACON& Tower with Radar,115,33,23,3,174,0,7,42,14,63,115,40,65,17,237,0,0,0,237
08/02/2022,ELP,TX,ASW,CE,Combined TRACON& Tower with Radar,122,37,29,1,189,0,10,63,17,90,122,47,92,18,279,24,1,25,304
08/03/2022,ELP,TX,ASW,CE,Combined TRACON& Tower with Radar,128,47,24,0,199,0,9,45,15,69,128,56,69,15,268,0,0,0,268
08/04/2022,ELP,TX,ASW,CE,Combined TRACON& Tower with Radar,125,48,38,6,217,0,6,31,14,51,125,54,69,20,268,32,0,32,300
08/05/2022,ELP,TX,ASW,CE,Combined TRACON& Tower with Radar,113,24,24,15,176,0,4,41,2,47,113,28,65,17,223,50,0,50,273
08/06/2022,ELP,TX,ASW,CE,Combined TRACON& Tower with Radar,92,23,15,3,133,0,7,42,0,49,92,30,57,3,182,28,0,28,210
08/07/2022,ELP,TX,ASW,CE,Combined TRACON& Tower with Radar,105,20,23,6,154,0,6,26,3,35,105,26,49,9,189,0,0,0,189
08/08/2022,ELP,TX,ASW,CE,Combined TRACON& Tower with Radar,112,27,28,4,171,0,2,19,3,24,112,29,47,7,195,0,0,0,195
08/09/2022,ELP,TX,ASW,CE,Combined TRACON& Tower with Radar,118,34,14,2,168,0,7,38,3,48,118,41,52,5,216,18,0,18,234
08/10/2022,ELP,TX,ASW,CE,Combined TRACON& Tower with Radar,113,36,32,13,194,1,15,35,16,67,114,51,67,29,261,30,0,30,291
08/11/2022,ELP,TX,ASW,CE,Combined TRACON& Tower with Radar,116,44,31,12,203,0,4,30,14,48,116,48,61,26,251,14,0,14,265
08/12/2022,ELP,TX,ASW,CE,Combined TRACON& Tower with Radar,120,28,30,19,197,0,2,31,5,38,120,30,61,24,235,22,0,22,257
08/13/2022,ELP,TX,ASW,CE,Combined TRACON& Tower with Radar,98,28,20,2,148,0,12,58,0,70,98,40,78,2,218,90,0,90,308
08/14/2022,ELP,TX,ASW,CE,Combined TRACON& Tower with Radar,104,35,20,1,160,0,8,34,1,43,104,43,54,2,203,22,0,22,225
08/15/2022,ELP,TX,ASW,CE,Combined TRACON& Tower with Radar,121,31,25,0,177,0,6,36,1,43,121,37,61,1,220,10,0,10,230
08/16/2022,ELP,TX,ASW,CE,Combined TRACON& Tower with Radar,123,30,27,3,183,0,5,39,5,49,123,35,66,8,232,15,0,15,247
08/17/2022,ELP,TX,ASW,CE,Combined TRACON& Tower with Radar,117,40,12,6,175,0,3,11,2,16,117,43,23,8,191,0,0,0,191
08/18/2022,ELP,TX,ASW,CE,Combined TRACON& Tower with Radar,121,48,37,6,212,0,5,18,14,37,121,53,55,20,249,0,0,0,249
08/19/2022,ELP,TX,ASW,CE,Combined TRACON& Tower with Radar,128,37,28,8,201,0,5,22,1,28,128,42,50,9,229,0,0,0,229
08/20/2022,ELP,TX,ASW,CE,Combined TRACON& Tower with Radar,100,27,19,0,146,0,0,17,0,17,100,27,36,0,163,12,0,12,175
08/21/2022,ELP,TX,ASW,CE,Combined TRACON& Tower with Radar,101,21,20,2,144,0,1,25,0,26,101,22,45,2,170,6,0,6,176
08/22/2022,ELP,TX,ASW,CE,Combined TRACON& Tower with Radar,108,36,30,5,179,0,4,27,6,37,108,40,57,11,216,40,0,40,256
08/23/2022,ELP,TX,ASW,CE,Combined TRACON& Tower with Radar,122,52,23,0,197,0,6,33,8,47,122,58,56,8,244,6,0,6,250
08/24/2022,ELP,TX,ASW,CE,Combined TRACON& Tower with Radar,124,57,27,6,214,0,5,38,6,49,124,62,65,12,263,8,0,8,271
08/25/2022,ELP,TX,ASW,CE,Combined TRACON& Tower with Radar,125,48,31,4,208,0,6,61,2,69,125,54,92,6,277,34,20,54,331
08/26/2022,ELP,TX,ASW,CE,Combined TRACON& Tower with Radar,122,39,37,16,214,1,13,55,4,73,123,52,92,20,287,20,0,20,307
08/27/2022,ELP,TX,ASW,CE,Combined TRACON& Tower with Radar,98,34,13,3,148,0,2,33,0,35,98,36,46,3,183,18,0,18,201
08/28/2022,ELP,TX,ASW,CE,Combined TRACON& Tower with Radar,114,41,19,4,178,0,3,25,0,28,114,44,44,4,206,6,0,6,212
08/29/2022,ELP,TX,ASW,CE,Combined TRACON& Tower with Radar,116,42,42,4,204,0,6,33,2,41,116,48,75,6,245,6,0,6,251
08/30/2022,ELP,TX,ASW,CE,Combined TRACON& Tower with Radar,126,37,24,2,189,0,10,40,5,55,126,47,64,7,244,20,0,20,264
08/31/2022,ELP,TX,ASW,CE,Combined TRACON& Tower with Radar,135,60,17,7,219,0,3,25,13,41,135,63,42,20,260,0,0,0,260
09/01/2022,ELP,TX,ASW,CE,Combined TRACON& Tower with Radar,126,48,21,3,198,0,2,26,3,31,126,50,47,6,229,8,0,8,237
09/02/2022,ELP,TX,ASW,CE,Combined TRACON& Tower with Radar,125,48,29,10,212,0,9,28,1,38,125,57,57,11,250,0,0,0,250
09/03/2022,ELP,TX,ASW,CE,Combined TRACON& Tower with Radar,97,28,22,2,149,0,7,23,2,32,97,35,45,4,181,0,0,0,181
09/04/2022,ELP,TX,ASW,CE,Combined TRACON& Tower with Radar,90,15,6,0,111,0,7,26,0,33,90,22,32,0,144,12,0,12,156
09/05/2022,ELP,TX,ASW,CE,Combined TRACON& Tower with Radar,112,26,24,2,164,0,14,39,3,56,112,40,63,5,220,19,0,19,239
09/06/2022,ELP,TX,ASW,CE,Combined TRACON& Tower with Radar,113,40,26,2,181,0,11,33,3,47,113,51,59,5,228,0,0,0,228
09/07/2022,ELP,TX,ASW,CE,Combined TRACON& Tower with Radar,116,28,21,0,165,0,3,39,13,55,116,31,60,13,220,0,0,0,220
09/08/2022,ELP,TX,ASW,CE,Combined TRACON& Tower with Radar,134,46,25,4,209,0,10,29,11,50,134,56,54,15,259,10,5,15,274
09/09/2022,ELP,TX,ASW,CE,Combined TRACON& Tower with Radar,126,50,28,2,206,0,12,49,10,71,126,62,77,12,277,12,0,12,289
09/10/2022,ELP,TX,ASW,CE,Combined TRACON& Tower with Radar,103,22,30,2,157,2,6,56,1,65,105,28,86,3,222,47,0,47,269
09/11/2022,ELP,TX,ASW,CE,Combined TRACON& Tower with Radar,113,29,19,0,161,0,3,30,2,35,113,32,49,2,196,34,0,34,230
09/12/2022,ELP,TX,ASW,CE,Combined TRACON& Tower with Radar,130,38,12,4,184,0,6,28,3,37,130,44,40,7,221,44,0,44,265
09/13/2022,ELP,TX,ASW,CE,Combined TRACON& Tower with Radar,120,38,15,2,175,0,11,20,2,33,120,49,35,4,208,26,0,26,234
09/14/2022,ELP,TX,ASW,CE,Combined TRACON& Tower with Radar,124,45,24,2,195,0,14,39,16,69,124,59,63,18,264,24,0,24,288
09/15/2022,ELP,TX,ASW,CE,Combined TRACON& Tower with Radar,134,43,18,1,196,2,7,44,3,56,136,50,62,4,252,0,0,0,252
09/16/2022,ELP,TX,ASW,CE,Combined TRACON& Tower with Radar,131,35,12,5,183,0,8,54,1,63,131,43,66,6,246,0,0,0,246
09/17/2022,ELP,TX,ASW,CE,Combined TRACON& Tower with Radar,102,23,26,4,155,0,8,37,2,47,102,31,63,6,202,0,0,0,202
09/18/2022,ELP,TX,ASW,CE,Combined TRACON& Tower with Radar,115,24,22,1,162,0,10,52,4,66,115,34,74,5,228,18,0,18,246
09/19/2022,ELP,TX,ASW,CE,Combined TRACON& Tower with Radar,127,39,27,4,197,0,1,29,0,30,127,40,56,4,227,0,0,0,227
09/20/2022,ELP,TX,ASW,CE,Combined TRACON& Tower with Radar,124,39,20,4,187,0,4,35,3,42,124,43,55,7,229,2,0,2,231
09/21/2022,ELP,TX,ASW,CE,Combined TRACON& Tower with Radar,125,42,29,11,207,0,14,46,6,66,125,56,75,17,273,12,0,12,285
09/22/2022,ELP,TX,ASW,CE,Combined TRACON& Tower with Radar,145,35,23,7,210,0,10,42,7,59,145,45,65,14,269,4,0,4,273
09/23/2022,ELP,TX,ASW,CE,Combined TRACON& Tower with Radar,133,51,23,29,236,0,7,39,5,51,133,58,62,34,287,20,0,20,307
09/24/2022,ELP,TX,ASW,CE,Combined TRACON& Tower with Radar,113,25,17,1,156,2,9,57,1,69,115,34,74,2,225,60,0,60,285
09/25/2022,ELP,TX,ASW,CE,Combined TRACON& Tower with Radar,111,26,22,0,159,0,3,27,0,30,111,29,49,0,189,24,0,24,213
09/26/2022,ELP,TX,ASW,CE,Combined TRACON& Tower with Radar,135,58,16,2,211,0,8,30,19,57,135,66,46,21,268,0,0,0,268
09/27/2022,ELP,TX,ASW,CE,Combined TRACON& Tower with Radar,138,57,27,2,224,0,11,45,10,66,138,68,72,12,290,50,0,50,340
09/28/2022,ELP,TX,ASW,CE,Combined TRACON& Tower with Radar,134,41,28,4,207,0,12,48,15,75,134,53,76,19,282,0,0,0,282
09/29/2022,ELP,TX,ASW,CE,Combined TRACON& Tower with Radar,140,37,30,2,209,0,10,65,13,88,140,47,95,15,297,11,0,11,308
09/30/2022,ELP,TX,ASW,CE,Combined TRACON& Tower with Radar,148,31,29,18,226,0,10,46,2,58,148,41,75,20,284,24,0,24,308
10/01/2022,ELP,TX,ASW,CE,Combined TRACON& Tower with Radar,108,16,26,4,154,0,7,49,5,61,108,23,75,9,215,58,0,58,273
10/02/2022,ELP,TX,ASW,CE,Combined TRACON& Tower with Radar,127,14,27,19,187,0,4,35,5,44,127,18,62,24,231,6,0,6,237
10/03/2022,ELP,TX,ASW,CE,Combined TRACON& Tower with Radar,130,24,23,19,196,0,7,26,3,36,130,31,49,22,232,24,0,24,256
10/04/2022,ELP,TX,ASW,CE,Combined TRACON& Tower with Radar,129,26,35,3,193,0,8,36,1,45,129,34,71,4,238,0,0,0,238
10/05/2022,ELP,TX,ASW,CE,Combined TRACON& Tower with Radar,134,41,33,7,215,0,5,20,10,35,134,46,53,17,250,16,0,16,266
10/06/2022,ELP,TX,ASW,CE,Combined TRACON& Tower with Radar,149,40,36,4,229,0,6,27,2,35,149,46,63,6,264,0,0,0,264
10/07/2022,ELP,TX,ASW,CE,Combined TRACON& Tower with Radar,142,38,24,7,211,0,3,37,11,51,142,41,61,18,262,18,0,18,280
10/08/2022,ELP,TX,ASW,CE,Combined TRACON& Tower with Radar,110,17,34,1,162,0,3,21,2,26,110,20,55,3,188,32,0,32,220
10/09/2022,ELP,TX,ASW,CE,Combined TRACON& Tower with Radar,121,15,24,6,166,0,3,35,1,39,121,18,59,7,205,0,0,0,205
10/10/2022,ELP,TX,ASW,CE,Combined TRACON& Tower with Radar,126,30,29,10,195,0,9,34,7,50,126,39,63,17,245,0,0,0,245
10/11/2022,ELP,TX,ASW,CE,Combined TRACON& Tower with Radar,134,51,29,16,230,0,10,47,32,89,134,61,76,48,319,28,0,28,347
10/12/2022,ELP,TX,ASW,CE,Combined TRACON& Tower with Radar,145,51,44,0,240,1,10,58,7,76,146,61,102,7,316,0,0,0,316
10/13/2022,ELP,TX,ASW,CE,Combined TRACON& Tower with Radar,139,43,40,3,225,0,8,46,8,62,139,51,86,11,287,0,0,0,287
10/14/2022,ELP,TX,ASW,CE,Combined TRACON& Tower with Radar,142,53,27,9,231,0,9,46,7,62,142,62,73,16,293,36,0,36,329
10/15/2022,ELP,TX,ASW,CE,Combined TRACON& Tower with Radar,115,31,32,0,178,2,6,57,2,67,117,37,89,2,245,0,0,0,245
10/16/2022,ELP,TX,ASW,CE,Combined TRACON& Tower with Radar,119,26,31,2,178,0,1,24,2,27,119,27,55,4,205,14,0,14,219
10/17/2022,ELP,TX,ASW,CE,Combined TRACON& Tower with Radar,133,57,37,1,228,0,4,18,4,26,133,61,55,5,254,0,0,0,254
10/18/2022,ELP,TX,ASW,CE,Combined TRACON& Tower with Radar,141,57,19,10,227,0,4,36,7,47,141,61,55,17,274,30,0,30,304
10/19/2022,ELP,TX,ASW,CE,Combined TRACON& Tower with Radar,141,45,23,4,213,0,14,43,12,69,141,59,66,16,282,26,0,26,308
10/20/2022,ELP,TX,ASW,CE,Combined TRACON& Tower with Radar,138,60,37,0,235,0,15,62,8,85,138,75,99,8,320,33,0,33,353
10/21/2022,ELP,TX,ASW,CE,Combined TRACON& Tower with Radar,135,29,26,13,203,0,6,55,8,69,135,35,81,21,272,4,0,4,276
10/22/2022,ELP,TX,ASW,CE,Combined TRACON& Tower with Radar,105,21,26,2,154,1,11,46,4,62,106,32,72,6,216,0,0,0,216
10/23/2022,ELP,TX,ASW,CE,Combined TRACON& Tower with Radar,115,28,26,9,178,0,2,19,8,29,115,30,45,17,207,0,0,0,207
10/24/2022,ELP,TX,ASW,CE,Combined TRACON& Tower with Radar,123,35,27,6,191,0,4,10,9,23,123,39,37,15,214,0,0,0,214
10/25/2022,ELP,TX,ASW,CE,Combined TRACON& Tower with Radar,137,32,36,11,216,0,14,62,9,85,137,46,98,20,301,26,0,26,327
10/26/2022,ELP,TX,ASW,CE,Combined TRACON& Tower with Radar,133,55,35,5,228,0,6,62,9,77,133,61,97,14,305,20,0,20,325
10/27/2022,ELP,TX,ASW,CE,Combined TRACON& Tower with Radar,142,33,39,1,215,0,4,36,2,42,142,37,75,3,257,0,0,0,257
10/28/2022,ELP,TX,ASW,CE,Combined TRACON& Tower with Radar,123,45,29,7,204,0,9,73,8,90,123,54,102,15,294,20,0,20,314
10/29/2022,ELP,TX,ASW,CE,Combined TRACON& Tower with Radar,100,32,21,0,153,0,4,52,0,56,100,36,73,0,209,0,0,0,209
10/30/2022,ELP,TX,ASW,CE,Combined TRACON& Tower with Radar,120,28,13,0,161,0,9,50,0,59,120,37,63,0,220,18,0,18,238
10/31/2022,ELP,TX,ASW,CE,Combined TRACON& Tower with Radar,119,33,17,2,171,0,13,43,11,67,119,46,60,13,238,12,0,12,250
11/01/2022,ELP,TX,ASW,CE,Combined TRACON& Tower with Radar,137,47,24,8,216,0,14,50,27,91,137,61,74,35,307,40,0,40,347
11/02/2022,ELP,TX,ASW,CE,Combined TRACON& Tower with Radar,136,39,35,7,217,0,18,65,12,95,136,57,100,19,312,30,0,30,342
11/03/2022,ELP,TX,ASW,CE,Combined TRACON& Tower with Radar,136,44,32,12,224,0,4,30,8,42,136,48,62,20,266,0,0,0,266
11/04/2022,ELP,TX,ASW,CE,Combined TRACON& Tower with Radar,129,31,31,48,239,1,7,21,17,46,130,38,52,65,285,0,6,6,291
11/05/2022,ELP,TX,ASW,CE,Combined TRACON& Tower with Radar,104,33,31,5,173,0,13,59,2,74,104,46,90,7,247,0,0,0,247
11/06/2022,ELP,TX,ASW,CE,Combined TRACON& Tower with Radar,125,25,19,29,198,0,9,61,2,72,125,34,80,31,270,48,0,48,318
11/07/2022,ELP,TX,ASW,CE,Combined TRACON& Tower with Radar,122,37,30,3,192,0,6,53,2,61,122,43,83,5,253,64,0,64,317
11/08/2022,ELP,TX,ASW,CE,Combined TRACON& Tower with Radar,147,41,41,3,232,1,17,63,7,88,148,58,104,10,320,14,0,14,334
11/09/2022,ELP,TX,ASW,CE,Combined TRACON& Tower with Radar,140,42,35,4,221,0,9,42,3,54,140,51,77,7,275,0,0,0,275
11/10/2022,ELP,TX,ASW,CE,Combined TRACON& Tower with Radar,140,40,46,4,230,1,6,73,4,84,141,46,119,8,314,0,0,0,314
11/11/2022,ELP,TX,ASW,CE,Combined TRACON& Tower with Radar,133,32,31,2,198,0,6,39,6,51,133,38,70,8,249,20,0,20,269
11/12/2022,ELP,TX,ASW,CE,Combined TRACON& Tower with Radar,111,33,28,4,176,0,5,34,2,41,111,38,62,6,217,0,0,0,217
11/13/2022,ELP,TX,ASW,CE,Combined TRACON& Tower with Radar,125,19,34,4,182,0,5,27,3,35,125,24,61,7,217,14,0,14,231
11/14/2022,ELP,TX,ASW,CE,Combined TRACON& Tower with Radar,126,40,34,1,201,0,5,25,2,32,126,45,59,3,233,0,0,0,233
11/15/2022,ELP,TX,ASW,CE,Combined TRACON& Tower with Radar,151,27,35,5,218,1,4,24,4,33,152,31,59,9,251,0,0,0,251
11/16/2022,ELP,TX,ASW,CE,Combined TRACON& Tower with Radar,141,43,29,9,222,0,5,27,15,47,141,48,56,24,269,0,0,0,269
11/17/2022,ELP,TX,ASW,CE,Combined TRACON& Tower with Radar,139,38,30,5,212,0,8,43,11,62,139,46,73,16,274,0,0,0,274
11/18/2022,ELP,TX,ASW,CE,Combined TRACON& Tower with Radar,137,49,31,29,246,0,10,30,12,52,137,59,61,41,298,0,0,0,298
11/19/2022,ELP,TX,ASW,CE,Combined TRACON& Tower with Radar,125,45,31,7,208,0,7,35,3,45,125,52,66,10,253,92,0,92,345
11/20/2022,ELP,TX,ASW,CE,Combined TRACON& Tower with Radar,137,20,27,5,189,0,5,18,0,23,137,25,45,5,212,0,0,0,212
11/21/2022,ELP,TX,ASW,CE,Combined TRACON& Tower with Radar,123,34,26,10,193,0,11,36,2,49,123,45,62,12,242,20,0,20,262
11/22/2022,ELP,TX,ASW,CE,Combined TRACON& Tower with Radar,155,57,27,10,249,0,12,39,8,59,155,69,66,18,308,56,0,56,364
11/23/2022,ELP,TX,ASW,CE,Combined TRACON& Tower with Radar,155,42,30,2,229,0,5,30,7,42,155,47,60,9,271,16,2,18,289
11/24/2022,ELP,TX,ASW,CE,Combined TRACON& Tower with Radar,108,27,6,2,143,0,2,1,7,10,108,29,7,9,153,0,0,0,153
11/25/2022,ELP,TX,ASW,CE,Combined TRACON& Tower with Radar,149,17,16,0,182,0,1,5,0,6,149,18,21,0,188,0,0,0,188
11/26/2022,ELP,TX,ASW,CE,Combined TRACON& Tower with Radar,113,31,13,0,157,0,4,27,1,32,113,35,40,1,189,0,0,0,189
11/27/2022,ELP,TX,ASW,CE,Combined TRACON& Tower with Radar,130,30,31,0,191,0,2,36,3,41,130,32,67,3,232,20,0,20,252
11/28/2022,ELP,TX,ASW,CE,Combined TRACON& Tower with Radar,132,47,28,0,207,0,13,26,1,40,132,60,54,1,247,0,0,0,247
11/29/2022,ELP,TX,ASW,CE,Combined TRACON& Tower with Radar,149,38,14,12,213,0,7,19,1,27,149,45,33,13,240,8,18,26,266
11/30/2022,ELP,TX,ASW,CE,Combined TRACON& Tower with Radar,135,53,31,6,225,0,15,40,27,82,135,68,71,33,307,20,10,30,337
12/01/2022,ELP,TX,ASW,CE,Combined TRACON& Tower with Radar,154,52,40,8,254,0,11,35,9,55,154,63,75,17,309,38,0,38,347
12/02/2022,ELP,TX,ASW,CE,Combined TRACON& Tower with Radar,140,52,29,2,223,0,9,31,12,52,140,61,60,14,275,20,0,20,295
12/03/2022,ELP,TX,ASW,CE,Combined TRACON& Tower with Radar,123,48,22,4,197,0,8,34,1,43,123,56,56,5,240,0,0,0,240
12/04/2022,ELP,TX,ASW,CE,Combined TRACON& Tower with Radar,136,32,30,9,207,2,9,43,6,60,138,41,73,15,267,48,0,48,315
12/05/2022,ELP,TX,ASW,CE,Combined TRACON& Tower with Radar,140,39,30,8,217,3,9,49,1,62,143,48,79,9,279,14,8,22,301
12/06/2022,ELP,TX,ASW,CE,Combined TRACON& Tower with Radar,151,35,40,6,232,0,5,45,4,54,151,40,85,10,286,6,0,6,292
12/07/2022,ELP,TX,ASW,CE,Combined TRACON& Tower with Radar,141,66,37,8,252,0,11,41,5,57,141,77,78,13,309,30,0,30,339
12/08/2022,ELP,TX,ASW,CE,Combined TRACON& Tower with Radar,149,53,38,11,251,0,8,67,11,86,149,61,105,22,337,0,0,0,337
12/09/2022,ELP,TX,ASW,CE,Combined TRACON& Tower with Radar,132,36,31,27,226,0,2,50,9,61,132,38,81,36,287,35,0,35,322
12/10/2022,ELP,TX,ASW,CE,Combined TRACON& Tower with Radar,116,26,18,9,169,0,2,42,2,46,116,28,60,11,215,22,0,22,237
12/11/2022,ELP,TX,ASW,CE,Combined TRACON& Tower with Radar,127,33,24,40,224,0,1,42,15,58,127,34,66,55,282,8,12,20,302
12/12/2022,ELP,TX,ASW,CE,Combined TRACON& Tower with Radar,124,45,40,21,230,0,3,7,7,17,124,48,47,28,247,0,0,0,247
12/13/2022,ELP,TX,ASW,CE,Combined TRACON& Tower with Radar,148,59,22,4,233,1,6,28,1,36,149,65,50,5,269,0,0,0,269
12/14/2022,ELP,TX,ASW,CE,Combined TRACON& Tower with Radar,148,54,38,10,250,0,13,27,3,43,148,67,65,13,293,0,0,0,293
12/15/2022,ELP,TX,ASW,CE,Combined TRACON& Tower with Radar,142,66,34,6,248,1,9,36,2,48,143,75,70,8,296,0,0,0,296
12/16/2022,ELP,TX,ASW,CE,Combined TRACON& Tower with Radar,134,56,23,28,241,0,6,35,4,45,134,62,58,32,286,40,0,40,326
12/17/2022,ELP,TX,ASW,CE,Combined TRACON& Tower with Radar,112,52,24,6,194,0,7,34,0,41,112,59,58,6,235,0,0,0,235
12/18/2022,ELP,TX,ASW,CE,Combined TRACON& Tower with Radar,127,31,11,29,198,0,4,37,9,50,127,35,48,38,248,34,6,40,288
12/19/2022,ELP,TX,ASW,CE,Combined TRACON& Tower with Radar,117,49,22,16,204,1,10,34,3,48,118,59,56,19,252,28,14,42,294
12/20/2022,ELP,TX,ASW,CE,Combined TRACON& Tower with Radar,151,45,36,8,240,1,12,62,14,89,152,57,98,22,329,20,20,40,369
12/21/2022,ELP,TX,ASW,CE,Combined TRACON& Tower with Radar,139,39,29,0,207,8,7,56,7,78,147,46,85,7,285,38,0,38,323
12/22/2022,ELP,TX,ASW,CE,Combined TRACON& Tower with Radar,138,43,31,9,221,0,5,45,10,60,138,48,76,19,281,0,0,0,281
12/23/2022,ELP,TX,ASW,CE,Combined TRACON& Tower with Radar,103,43,24,0,170,0,5,28,4,37,103,48,52,4,207,28,0,28,235
12/24/2022,ELP,TX,ASW,CE,Combined TRACON& Tower with Radar,78,27,13,0,118,2,5,19,1,27,80,32,32,1,145,0,0,0,145
12/25/2022,ELP,TX,ASW,CE,Combined TRACON& Tower with Radar,68,26,14,0,108,0,6,14,3,23,68,32,28,3,131,12,0,12,143
12/26/2022,ELP,TX,ASW,CE,Combined TRACON& Tower with Radar,67,56,47,0,170,0,7,50,4,61,67,63,97,4,231,20,0,20,251
12/27/2022,ELP,TX,ASW,CE,Combined TRACON& Tower with Radar,89,45,33,4,171,0,15,31,1,47,89,60,64,5,218,0,0,0,218
12/28/2022,ELP,TX,ASW,CE,Combined TRACON& Tower with Radar,101,32,40,2,175,0,6,13,20,39,101,38,53,22,214,0,0,0,214
12/29/2022,ELP,TX,ASW,CE,Combined TRACON& Tower with Radar,97,43,48,0,188,0,13,50,14,77,97,56,98,14,265,10,0,10,275
12/30/2022,ELP,TX,ASW,CE,Combined TRACON& Tower with Radar,130,47,52,2,231,0,4,28,3,35,130,51,80,5,266,0,0,0,266
12/31/2022,ELP,TX,ASW,CE,Combined TRACON& Tower with Radar,94,25,32,0,151,0,4,21,3,28,94,29,53,3,179,0,0,0,179
01/01/2023,ELP,TX,ASW,CE,Combined TRACON& Tower with Radar,96,45,28,1,170,0,1,21,0,22,96,46,49,1,192,0,0,0,192
01/02/2023,ELP,TX,ASW,CE,Combined TRACON& Tower with Radar,109,30,44,0,183,0,2,8,0,10,109,32,52,0,193,0,0,0,193
01/03/2023,ELP,TX,ASW,CE,Combined TRACON& Tower with Radar,118,47,40,1,206,0,7,21,5,33,118,54,61,6,239,0,0,0,239
01/04/2023,ELP,TX,ASW,CE,Combined TRACON& Tower with Radar,125,58,28,5,216,0,14,43,7,64,125,72,71,12,280,0,0,0,280
01/05/2023,ELP,TX,ASW,CE,Combined TRACON& Tower with Radar,124,44,32,4,204,0,7,53,10,70,124,51,85,14,274,6,0,6,280
01/06/2023,ELP,TX,ASW,CE,Combined TRACON& Tower with Radar,113,33,38,3,187,0,14,27,2,43,113,47,65,5,230,0,0,0,230
01/07/2023,ELP,TX,ASW,CE,Combined TRACON& Tower with Radar,94,32,27,3,156,0,7,36,1,44,94,39,63,4,200,36,0,36,236
01/08/2023,ELP,TX,ASW,CE,Combined TRACON& Tower with Radar,102,13,4,8,127,3,10,21,6,40,105,23,25,14,167,0,0,0,167
01/09/2023,ELP,TX,ASW,CE,Combined TRACON& Tower with Radar,110,36,36,18,200,0,6,29,5,40,110,42,65,23,240,30,0,30,270
01/10/2023,ELP,TX,ASW,CE,Combined TRACON& Tower with Radar,121,48,47,6,222,0,11,70,8,89,121,59,117,14,311,0,0,0,311
01/11/2023,ELP,TX,ASW,CE,Combined TRACON& Tower with Radar,111,34,39,5,189,0,4,38,8,50,111,38,77,13,239,0,0,0,239
01/12/2023,ELP,TX,ASW,CE,Combined TRACON& Tower with Radar,133,38,22,3,196,0,4,72,13,89,133,42,94,16,285,0,0,0,285
01/13/2023,ELP,TX,ASW,CE,Combined TRACON& Tower with Radar,119,45,21,8,193,0,10,52,22,84,119,55,73,30,277,12,0,12,289
01/14/2023,ELP,TX,ASW,CE,Combined TRACON& Tower with Radar,85,34,19,4,142,0,4,53,3,60,85,38,72,7,202,22,0,22,224
01/15/2023,ELP,TX,ASW,CE,Combined TRACON& Tower with Radar,105,32,16,0,153,0,3,2,1,6,105,35,18,1,159,0,0,0,159
01/16/2023,ELP,TX,ASW,CE,Combined TRACON& Tower with Radar,110,31,25,2,168,0,1,25,0,26,110,32,50,2,194,28,0,28,222
01/17/2023,ELP,TX,ASW,CE,Combined TRACON& Tower with Radar,116,35,41,6,198,0,6,13,5,24,116,41,54,11,222,0,0,0,222
01/18/2023,ELP,TX,ASW,CE,Combined TRACON& Tower with Radar,111,28,28,11,178,0,12,29,11,52,111,40,57,22,230,12,0,12,242
01/19/2023,ELP,TX,ASW,CE,Combined TRACON& Tower with Radar,123,56,30,4,213,0,12,60,14,86,123,68,90,18,299,26,0,26,325
01/20/2023,ELP,TX,ASW,CE,Combined TRACON& Tower with Radar,116,42,25,7,190,0,6,39,7,52,116,48,64,14,242,8,0,8,250
01/21/2023,ELP,TX,ASW,CE,Combined TRACON& Tower with Radar,83,27,27,7,144,0,11,42,9,62,83,38,69,16,206,16,0,16,222
01/22/2023,ELP,TX,ASW,CE,Combined TRACON& Tower with Radar,107,29,13,3,152,2,3,33,5,43,109,32,46,8,195,4,0,4,199
01/23/2023,ELP,TX,ASW,CE,Combined TRACON& Tower with Radar,116,32,39,19,206,0,1,23,8,32,116,33,62,27,238,0,0,0,238
01/24/2023,ELP,TX,ASW,CE,Combined TRACON& Tower with Radar,116,39,33,12,200,0,6,20,13,39,116,45,53,25,239,0,0,0,239
01/25/2023,ELP,TX,ASW,CE,Combined TRACON& Tower with Radar,126,51,27,8,212,0,7,54,9,70,126,58,81,17,282,32,0,32,314
01/26/2023,ELP,TX,ASW,CE,Combined TRACON& Tower with Radar,125,44,34,4,207,0,16,42,7,65,125,60,76,11,272,0,0,0,272
01/27/2023,ELP,TX,ASW,CE,Combined TRACON& Tower with Radar,129,34,26,65,254,0,10,61,20,91,129,44,87,85,345,0,0,0,345
01/28/2023,ELP,TX,ASW,CE,Combined TRACON& Tower with Radar,85,22,22,7,136,1,9,46,6,62,86,31,68,13,198,42,0,42,240
01/29/2023,ELP,TX,ASW,CE,Combined TRACON& Tower with Radar,110,17,37,48,212,3,5,44,5,57,113,22,81,53,269,4,0,4,273
01/30/2023,ELP,TX,ASW,CE,Combined TRACON& Tower with Radar,109,39,26,25,199,0,4,41,24,69,109,43,67,49,268,32,0,32,300
01/31/2023,ELP,TX,ASW,CE,Combined TRACON& Tower with Radar,113,53,39,11,216,0,5,35,19,59,113,58,74,30,275,0,0,0,275
02/01/2023,ELP,TX,ASW,CE,Combined TRACON& Tower with Radar,100,51,47,0,198,0,5,21,4,30,100,56,68,4,228,6,0,6,234
02/02/2023,ELP,TX,ASW,CE,Combined TRACON& Tower with Radar,134,54,37,22,247,0,9,59,3,71,134,63,96,25,318,0,0,0,318
02/03/2023,ELP,TX,ASW,CE,Combined TRACON& Tower with Radar,126,35,33,72,266,0,14,55,13,82,126,49,88,85,348,0,0,0,348
02/04/2023,ELP,TX,ASW,CE,Combined TRACON& Tower with Radar,91,26,21,26,164,0,11,54,4,69,91,37,75,30,233,28,0,28,261
02/05/2023,ELP,TX,ASW,CE,Combined TRACON& Tower with Radar,111,21,19,10,161,0,7,40,6,53,111,28,59,16,214,0,0,0,214
02/06/2023,ELP,TX,ASW,CE,Combined TRACON& Tower with Radar,119,35,34,28,216,0,6,21,12,39,119,41,55,40,255,0,0,0,255
02/07/2023,ELP,TX,ASW,CE,Combined TRACON& Tower with Radar,125,41,24,8,198,0,3,18,13,34,125,44,42,21,232,0,0,0,232
02/08/2023,ELP,TX,ASW,CE,Combined TRACON& Tower with Radar,120,32,32,28,212,0,8,43,11,62,120,40,75,39,274,0,0,0,274
02/09/2023,ELP,TX,ASW,CE,Combined TRACON& Tower with Radar,138,39,34,5,216,0,4,21,4,29,138,43,55,9,245,0,0,0,245
02/10/2023,ELP,TX,ASW,CE,Combined TRACON& Tower with Radar,124,46,33,7,210,0,4,55,5,64,124,50,88,12,274,10,0,10,284
02/11/2023,ELP,TX,ASW,CE,Combined TRACON& Tower with Radar,89,21,23,12,145,0,5,34,10,49,89,26,57,22,194,0,0,0,194
02/12/2023,ELP,TX,ASW,CE,Combined TRACON& Tower with Radar,113,17,22,4,156,0,2,28,3,33,113,19,50,7,189,6,0,6,195
02/13/2023,ELP,TX,ASW,CE,Combined TRACON& Tower with Radar,135,27,31,3,196,0,4,18,1,23,135,31,49,4,219,0,0,0,219
02/14/2023,ELP,TX,ASW,CE,Combined TRACON& Tower with Radar,136,36,18,2,192,0,4,11,3,18,136,40,29,5,210,0,0,0,210
02/15/2023,ELP,TX,ASW,CE,Combined TRACON& Tower with Radar,121,37,40,3,201,0,3,10,0,13,121,40,50,3,214,0,0,0,214
02/16/2023,ELP,TX,ASW,CE,Combined TRACON& Tower with Radar,135,55,32,14,236,0,3,55,12,70,135,58,87,26,306,16,0,16,322
02/17/2023,ELP,TX,ASW,CE,Combined TRACON& Tower with Radar,136,33,38,10,217,0,1,43,6,50,136,34,81,16,267,14,0,14,281
02/18/2023,ELP,TX,ASW,CE,Combined TRACON& Tower with Radar,93,36,13,4,146,0,5,44,1,50,93,41,57,5,196,54,0,54,250
02/19/2023,ELP,TX,ASW,CE,Combined TRACON& Tower with Radar,105,30,21,1,157,0,3,11,1,15,105,33,32,2,172,6,0,6,178
02/20/2023,ELP,TX,ASW,CE,Combined TRACON& Tower with Radar,124,45,26,16,211,0,4,30,5,39,124,49,56,21,250,0,0,0,250
02/21/2023,ELP,TX,ASW,CE,Combined TRACON& Tower with Radar,134,43,25,6,208,0,6,21,6,33,134,49,46,12,241,20,8,28,269
02/22/2023,ELP,TX,ASW,CE,Combined TRACON& Tower with Radar,129,34,28,2,193,0,1,6,0,7,129,35,34,2,200,0,0,0,200
02/23/2023,ELP,TX,ASW,CE,Combined TRACON& Tower with Radar,134,49,35,5,223,0,12,58,8,78,134,61,93,13,301,0,0,0,301
02/24/2023,ELP,TX,ASW,CE,Combined TRACON& Tower with Radar,131,53,34,48,266,0,10,63,19,92,131,63,97,67,358,0,16,16,374
02/25/2023,ELP,TX,ASW,CE,Combined TRACON& Tower with Radar,96,46,35,18,195,0,10,56,4,70,96,56,91,22,265,22,0,22,287
02/26/2023,ELP,TX,ASW,CE,Combined TRACON& Tower with Radar,104,20,11,6,141,0,3,4,0,7,104,23,15,6,148,0,0,0,148
02/27/2023,ELP,TX,ASW,CE,Combined TRACON& Tower with Radar,137,47,30,25,239,0,14,43,10,67,137,61,73,35,306,34,0,34,340
02/28/2023,ELP,TX,ASW,CE,Combined TRACON& Tower with Radar,129,46,35,2,212,0,14,44,6,64,129,60,79,8,276,18,0,18,294
03/01/2023,ELP,TX,ASW,CE,Combined TRACON& Tower with Radar,130,45,40,3,218,0,4,25,4,33,130,49,65,7,251,0,0,0,251
03/02/2023,ELP,TX,ASW,CE,Combined TRACON& Tower with Radar,121,32,19,5,177,1,3,11,0,15,122,35,30,5,192,0,0,0,192
03/03/2023,ELP,TX,ASW,CE,Combined TRACON& Tower with Radar,135,34,28,38,235,0,6,41,13,60,135,40,69,51,295,38,10,48,343
03/04/2023,ELP,TX,ASW,CE,Combined TRACON& Tower with Radar,99,29,29,18,175,0,7,69,2,78,99,36,98,20,253,20,4,24,277
03/05/2023,ELP,TX,ASW,CE,Combined TRACON& Tower with Radar,109,24,21,27,181,0,11,27,2,40,109,35,48,29,221,26,0,26,247
03/06/2023,ELP,TX,ASW,CE,Combined TRACON& Tower with Radar,129,28,31,3,191,0,6,46,10,62,129,34,77,13,253,14,23,37,290
03/07/2023,ELP,TX,ASW,CE,Combined TRACON& Tower with Radar,126,30,27,18,201,0,9,39,5,53,126,39,66,23,254,29,0,29,283
03/08/2023,ELP,TX,ASW,CE,Combined TRACON& Tower with Radar,130,36,43,6,215,0,6,42,4,52,130,42,85,10,267,0,0,0,267
03/09/2023,ELP,TX,ASW,CE,Combined TRACON& Tower with Radar,128,32,39,8,207,0,9,46,7,62,128,41,85,15,269,0,0,0,269
03/10/2023,ELP,TX,ASW,CE,Combined TRACON& Tower with Radar,137,46,33,25,241,0,15,57,13,85,137,61,90,38,326,0,0,0,326
03/11/2023,ELP,TX,ASW,CE,Combined TRACON& Tower with Radar,91,25,31,1,148,0,10,30,0,40,91,35,61,1,188,24,0,24,212
03/12/2023,ELP,TX,ASW,CE,Combined TRACON& Tower with Radar,98,15,34,15,162,0,7,32,5,44,98,22,66,20,206,0,0,0,206
03/13/2023,ELP,TX,ASW,CE,Combined TRACON& Tower with Radar,140,36,25,7,208,0,4,48,8,60,140,40,73,15,268,0,36,36,304
03/14/2023,ELP,TX,ASW,CE,Combined TRACON& Tower with Radar,127,39,48,3,217,1,24,61,5,91,128,63,109,8,308,34,40,74,382
03/15/2023,ELP,TX,ASW,CE,Combined TRACON& Tower with Radar,148,28,37,4,217,0,6,38,8,52,148,34,75,12,269,20,0,20,289
03/16/2023,ELP,TX,ASW,CE,Combined TRACON& Tower with Radar,124,41,29,4,198,0,3,22,0,25,124,44,51,4,223,0,0,0,223
03/17/2023,ELP,TX,ASW,CE,Combined TRACON& Tower with Radar,136,46,26,33,241,0,3,44,12,59,136,49,70,45,300,0,0,0,300
03/18/2023,ELP,TX,ASW,CE,Combined TRACON& Tower with Radar,98,30,20,2,150,0,2,24,0,26,98,32,44,2,176,30,0,30,206
03/19/2023,ELP,TX,ASW,CE,Combined TRACON& Tower with Radar,101,31,28,18,178,0,3,38,1,42,101,34,66,19,220,30,0,30,250
03/20/2023,ELP,TX,ASW,CE,Combined TRACON& Tower with Radar,136,23,20,19,198,0,7,41,5,53,136,30,61,24,251,24,0,24,275
03/21/2023,ELP,TX,ASW,CE,Combined TRACON& Tower with Radar,133,30,28,5,196,0,16,37,3,56,133,46,65,8,252,12,22,34,286
03/22/2023,ELP,TX,ASW,CE,Combined TRACON& Tower with Radar,137,51,48,6,242,0,10,47,7,64,137,61,95,13,306,8,0,8,314
03/23/2023,ELP,TX,ASW,CE,Combined TRACON& Tower with Radar,126,53,41,22,242,0,6,44,22,72,126,59,85,44,314,8,0,8,322
03/24/2023,ELP,TX,ASW,CE,Combined TRACON& Tower with Radar,131,32,31,56,250,0,4,33,18,55,131,36,64,74,305,0,10,10,315
03/25/2023,ELP,TX,ASW,CE,Combined TRACON& Tower with Radar,101,20,38,0,159,0,6,56,0,62,101,26,94,0,221,34,0,34,255
03/26/2023,ELP,TX,ASW,CE,Combined TRACON& Tower with Radar,102,11,43,2,158,0,12,34,7,53,102,23,77,9,211,0,0,0,211
03/27/2023,ELP,TX,ASW,CE,Combined TRACON& Tower with Radar,124,42,26,5,197,0,10,61,6,77,124,52,87,11,274,84,4,88,362
03/28/2023,ELP,TX,ASW,CE,Combined TRACON& Tower with Radar,126,32,36,8,202,0,7,36,9,52,126,39,72,17,254,0,0,0,254
03/29/2023,ELP,TX,ASW,CE,Combined TRACON& Tower with Radar,133,43,28,2,206,0,11,63,18,92,133,54,91,20,298,72,0,72,370
03/30/2023,ELP,TX,ASW,CE,Combined TRACON& Tower with Radar,135,44,24,1,204,0,4,18,7,29,135,48,42,8,233,0,0,0,233
03/31/2023,ELP,TX,ASW,CE,Combined TRACON& Tower with Radar,137,36,22,30,225,0,11,31,9,51,137,47,53,39,276,16,8,24,300
04/01/2023,ELP,TX,ASW,CE,Combined TRACON& Tower with Radar,97,36,40,3,176,0,7,50,0,57,97,43,90,3,233,22,0,22,255
04/02/2023,ELP,TX,ASW,CE,Combined TRACON& Tower with Radar,106,21,25,9,161,0,8,30,4,42,106,29,55,13,203,0,0,0,203
04/03/2023,ELP,TX,ASW,CE,Combined TRACON& Tower with Radar,130,14,19,2,165,0,2,25,0,27,130,16,44,2,192,0,0,0,192
04/04/2023,ELP,TX,ASW,CE,Combined TRACON& Tower with Radar,134,31,19,0,184,0,5,11,1,17,134,36,30,1,201,0,0,0,201
04/05/2023,ELP,TX,ASW,CE,Combined TRACON& Tower with Radar,128,37,30,6,201,0,9,58,10,77,128,46,88,16,278,10,0,10,288
04/06/2023,ELP,TX,ASW,CE,Combined TRACON& Tower with Radar,126,15,22,3,166,0,8,45,8,61,126,23,67,11,227,16,0,16,243
04/07/2023,ELP,TX,ASW,CE,Combined TRACON& Tower with Radar,132,20,19,10,181,0,12,41,10,63,132,32,60,20,244,48,20,68,312
04/08/2023,ELP,TX,ASW,CE,Combined TRACON& Tower with Radar,94,21,24,4,143,0,4,37,2,43,94,25,61,6,186,26,0,26,212
04/09/2023,ELP,TX,ASW,CE,Combined TRACON& Tower with Radar,105,26,20,2,153,0,8,29,2,39,105,34,49,4,192,0,0,0,192
04/10/2023,ELP,TX,ASW,CE,Combined TRACON& Tower with Radar,134,19,34,18,205,0,9,51,22,82,134,28,85,40,287,30,0,30,317
04/11/2023,ELP,TX,ASW,CE,Combined TRACON& Tower with Radar,134,40,26,21,221,0,7,33,15,55,134,47,59,36,276,0,0,0,276
04/12/2023,ELP,TX,ASW,CE,Combined TRACON& Tower with Radar,145,32,32,15,224,1,8,59,10,78,146,40,91,25,302,0,0,0,302
04/13/2023,ELP,TX,ASW,CE,Combined TRACON& Tower with Radar,133,31,34,3,201,0,10,56,11,77,133,41,90,14,278,12,0,12,290
04/14/2023,ELP,TX,ASW,CE,Combined TRACON& Tower with Radar,138,27,29,17,211,0,7,33,5,45,138,34,62,22,256,6,1,7,263
04/15/2023,ELP,TX,ASW,CE,Combined TRACON& Tower with Radar,105,31,21,6,163,0,7,58,4,69,105,38,79,10,232,0,0,0,232
04/16/2023,ELP,TX,ASW,CE,Combined TRACON& Tower with Radar,119,32,18,5,174,0,9,42,2,53,119,41,60,7,227,0,0,0,227
04/17/2023,ELP,TX,ASW,CE,Combined TRACON& Tower with Radar,140,46,20,5,211,0,11,52,10,73,140,57,72,15,284,8,0,8,292
04/18/2023,ELP,TX,ASW,CE,Combined TRACON& Tower with Radar,144,42,20,5,211,0,7,34,11,52,144,49,54,16,263,6,0,6,269
04/19/2023,ELP,TX,ASW,CE,Combined TRACON& Tower with Radar,143,45,22,8,218,0,14,33,7,54,143,59,55,15,272,0,0,0,272
04/20/2023,ELP,TX,ASW,CE,Combined TRACON& Tower with Radar,137,30,28,6,201,0,5,48,13,66,137,35,76,19,267,10,0,10,277
04/21/2023,ELP,TX,ASW,CE,Combined TRACON& Tower with Radar,144,33,30,13,220,0,4,33,4,41,144,37,63,17,261,0,0,0,261
04/22/2023,ELP,TX,ASW,CE,Combined TRACON& Tower with Radar,107,22,22,2,153,0,5,49,2,56,107,27,71,4,209,2,0,2,211
04/23/2023,ELP,TX,ASW,CE,Combined TRACON& Tower with Radar,124,31,31,12,198,0,5,31,8,44,124,36,62,20,242,25,10,35,277
04/24/2023,ELP,TX,ASW,CE,Combined TRACON& Tower with Radar,137,29,28,6,200,0,8,29,11,48,137,37,57,17,248,0,0,0,248
04/25/2023,ELP,TX,ASW,CE,Combined TRACON& Tower with Radar,137,29,25,4,195,0,7,46,6,59,137,36,71,10,254,10,0,10,264
04/26/2023,ELP,TX,ASW,CE,Combined TRACON& Tower with Radar,142,23,47,7,219,0,5,45,7,57,142,28,92,14,276,0,0,0,276
04/27/2023,ELP,TX,ASW,CE,Combined TRACON& Tower with Radar,136,28,31,11,206,1,7,46,9,63,137,35,77,20,269,24,8,32,301
04/28/2023,ELP,TX,ASW,CE,Combined TRACON& Tower with Radar,132,33,23,55,243,0,6,30,6,42,132,39,53,61,285,0,0,0,285
04/29/2023,ELP,TX,ASW,CE,Combined TRACON& Tower with Radar,103,32,17,6,158,3,18,51,2,74,106,50,68,8,232,0,0,0,232
04/30/2023,ELP,TX,ASW,CE,Combined TRACON& Tower with Radar,110,23,25,24,182,1,19,37,2,59,111,42,62,26,241,8,0,8,249
05/01/2023,ELP,TX,ASW,CE,Combined TRACON& Tower with Radar,130,19,27,2,178,0,11,29,1,41,130,30,56,3,219,41,0,41,260
05/02/2023,ELP,TX,ASW,CE,Combined TRACON& Tower with Radar,128,37,34,2,201,0,5,35,5,45,128,42,69,7,246,0,10,10,256
05/03/2023,ELP,TX,ASW,CE,Combined TRACON& Tower with Radar,135,34,27,0,196,0,7,29,7,43,135,41,56,7,239,28,0,28,267
05/04/2023,ELP,TX,ASW,CE,Combined TRACON& Tower with Radar,133,38,31,4,206,0,10,47,21,78,133,48,78,25,284,13,6,19,303
05/05/2023,ELP,TX,ASW,CE,Combined TRACON& Tower with Radar,134,14,23,52,223,0,10,57,8,75,134,24,80,60,298,0,0,0,298
05/06/2023,ELP,TX,ASW,CE,Combined TRACON& Tower with Radar,95,16,15,7,133,0,18,45,9,72,95,34,60,16,205,0,0,0,205
05/07/2023,ELP,TX,ASW,CE,Combined TRACON& Tower with Radar,106,14,16,8,144,0,9,28,5,42,106,23,44,13,186,0,0,0,186
05/08/2023,ELP,TX,ASW,CE,Combined TRACON& Tower with Radar,126,46,21,29,222,0,8,45,25,78,126,54,66,54,300,30,10,40,340
05/09/2023,ELP,TX,ASW,CE,Combined TRACON& Tower with Radar,133,23,23,2,181,0,9,42,6,57,133,32,65,8,238,24,0,24,262
05/10/2023,ELP,TX,ASW,CE,Combined TRACON& Tower with Radar,132,33,21,8,194,2,5,37,7,51,134,38,58,15,245,32,0,32,277
05/11/2023,ELP,TX,ASW,CE,Combined TRACON& Tower with Radar,141,24,32,33,230,0,9,68,10,87,141,33,100,43,317,18,0,18,335
05/12/2023,ELP,TX,ASW,CE,Combined TRACON& Tower with Radar,133,26,19,24,202,0,20,50,21,91,133,46,69,45,293,6,0,6,299
05/13/2023,ELP,TX,ASW,CE,Combined TRACON& Tower with Radar,96,8,15,5,124,0,14,36,5,55,96,22,51,10,179,0,0,0,179
05/14/2023,ELP,TX,ASW,CE,Combined TRACON& Tower with Radar,106,19,16,27,168,1,9,18,19,47,107,28,34,46,215,0,0,0,215
05/15/2023,ELP,TX,ASW,CE,Combined TRACON& Tower with Radar,131,25,30,9,195,0,4,42,11,57,131,29,72,20,252,20,0,20,272
05/16/2023,ELP,TX,ASW,CE,Combined TRACON& Tower with Radar,134,31,23,8,196,0,8,37,6,51,134,39,60,14,247,0,0,0,247
05/17/2023,ELP,TX,ASW,CE,Combined TRACON& Tower with Radar,133,30,55,24,242,0,5,51,8,64,133,35,106,32,306,20,0,20,326
05/18/2023,ELP,TX,ASW,CE,Combined TRACON& Tower with Radar,141,36,43,9,229,0,8,45,11,64,141,44,88,20,293,28,0,28,321
05/19/2023,ELP,TX,ASW,CE,Combined TRACON& Tower with Radar,133,27,21,16,197,0,2,40,14,56,133,29,61,30,253,54,12,66,319
05/20/2023,ELP,TX,ASW,CE,Combined TRACON& Tower with Radar,100,17,31,4,152,0,2,35,0,37,100,19,66,4,189,34,0,34,223
05/21/2023,ELP,TX,ASW,CE,Combined TRACON& Tower with Radar,121,23,16,12,172,0,4,51,3,58,121,27,67,15,230,0,0,0,230
05/22/2023,ELP,TX,ASW,CE,Combined TRACON& Tower with Radar,127,30,32,21,210,0,7,41,16,64,127,37,73,37,274,30,32,62,336
05/23/2023,ELP,TX,ASW,CE,Combined TRACON& Tower with Radar,131,36,36,40,243,0,7,64,4,75,131,43,100,44,318,54,4,58,376
05/24/2023,ELP,TX,ASW,CE,Combined TRACON& Tower with Radar,134,31,33,11,209,0,12,48,6,66,134,43,81,17,275,30,0,30,305
05/25/2023,ELP,TX,ASW,CE,Combined TRACON& Tower with Radar,148,30,38,5,221,0,10,69,8,87,148,40,107,13,308,24,0,24,332
05/26/2023,ELP,TX,ASW,CE,Combined TRACON& Tower with Radar,132,29,25,10,196,0,8,50,3,61,132,37,75,13,257,0,0,0,257
05/27/2023,ELP,TX,ASW,CE,Combined TRACON& Tower with Radar,91,19,20,2,132,0,6,50,4,60,91,25,70,6,192,0,0,0,192
05/28/2023,ELP,TX,ASW,CE,Combined TRACON& Tower with Radar,105,21,11,0,137,0,11,49,3,63,105,32,60,3,200,14,50,64,264
05/29/2023,ELP,TX,ASW,CE,Combined TRACON& Tower with Radar,123,21,19,3,166,0,8,50,14,72,123,29,69,17,238,16,0,16,254
05/30/2023,ELP,TX,ASW,CE,Combined TRACON& Tower with Radar,122,24,22,5,173,0,7,46,12,65,122,31,68,17,238,50,26,76,314
05/31/2023,ELP,TX,ASW,CE,Combined TRACON& Tower with Radar,131,28,35,5,199,0,8,41,11,60,131,36,76,16,259,18,0,18,277
06/01/2023,ELP,TX,ASW,CE,Combined TRACON& Tower with Radar,134,33,40,11,218,0,5,64,10,79,134,38,104,21,297,14,0,14,311
06/02/2023,ELP,TX,ASW,CE,Combined TRACON& Tower with Radar,131,31,34,31,227,0,10,45,16,71,131,41,79,47,298,16,0,16,314
06/03/2023,ELP,TX,ASW,CE,Combined TRACON& Tower with Radar,87,13,24,2,126,0,9,61,1,71,87,22,85,3,197,8,0,8,205
06/04/2023,ELP,TX,ASW,CE,Combined TRACON& Tower with Radar,107,28,14,6,155,0,8,38,7,53,107,36,52,13,208,42,0,42,250
06/05/2023,ELP,TX,ASW,CE,Combined TRACON& Tower with Radar,129,25,15,7,176,0,13,31,11,55,129,38,46,18,231,28,9,37,268
06/06/2023,ELP,TX,ASW,CE,Combined TRACON& Tower with Radar,128,32,31,3,194,0,2,19,13,34,128,34,50,16,228,4,0,4,232
06/07/2023,ELP,TX,ASW,CE,Combined TRACON& Tower with Radar,138,41,34,1,214,0,6,50,8,64,138,47,84,9,278,36,0,36,314
06/08/2023,ELP,TX,ASW,CE,Combined TRACON& Tower with Radar,133,36,34,4,207,0,6,57,7,70,133,42,91,11,277,0,0,0,277
06/09/2023,ELP,TX,ASW,CE,Combined TRACON& Tower with Radar,132,43,20,18,213,0,15,58,5,78,132,58,78,23,291,16,0,16,307
06/10/2023,ELP,TX,ASW,CE,Combined TRACON& Tower with Radar,103,19,30,3,155,0,4,34,4,42,103,23,64,7,197,52,0,52,249
06/11/2023,ELP,TX,ASW,CE,Combined TRACON& Tower with Radar,109,17,22,12,160,0,15,32,6,53,109,32,54,18,213,20,0,20,233
06/12/2023,ELP,TX,ASW,CE,Combined TRACON& Tower with Radar,117,25,30,9,181,0,10,28,4,42,117,35,58,13,223,0,0,0,223
06/13/2023,ELP,TX,ASW,CE,Combined TRACON& Tower with Radar,128,38,24,8,198,0,15,60,8,83,128,53,84,16,281,35,0,35,316
06/14/2023,ELP,TX,ASW,CE,Combined TRACON& Tower with Radar,138,38,35,0,211,0,25,60,14,99,138,63,95,14,310,42,0,42,352
06/15/2023,ELP,TX,ASW,CE,Combined TRACON& Tower with Radar,137,32,27,9,205,0,9,43,12,64,137,41,70,21,269,24,0,24,293
06/16/2023,ELP,TX,ASW,CE,Combined TRACON& Tower with Radar,140,39,28,32,239,0,11,72,17,100,140,50,100,49,339,0,0,0,339
06/17/2023,ELP,TX,ASW,CE,Combined TRACON& Tower with Radar,105,19,25,1,150,0,10,61,14,85,105,29,86,15,235,0,0,0,235
06/18/2023,ELP,TX,ASW,CE,Combined TRACON& Tower with Radar,104,17,16,1,138,0,7,66,13,86,104,24,82,14,224,6,0,6,230
06/19/2023,ELP,TX,ASW,CE,Combined TRACON& Tower with Radar,124,43,30,5,202,0,11,63,13,87,124,54,93,18,289,4,0,4,293
06/20/2023,ELP,TX,ASW,CE,Combined TRACON& Tower with Radar,143,33,27,5,208,0,8,69,16,93,143,41,96,21,301,16,0,16,317
06/21/2023,ELP,TX,ASW,CE,Combined TRACON& Tower with Radar,137,50,32,15,234,0,9,56,3,68,137,59,88,18,302,20,6,26,328
06/22/2023,ELP,TX,ASW,CE,Combined TRACON& Tower with Radar,148,50,33,31,262,0,13,44,12,69,148,63,77,43,331,41,0,41,372
06/23/2023,ELP,TX,ASW,CE,Combined TRACON& Tower with Radar,141,22,27,11,201,0,10,50,10,70,141,32,77,21,271,6,0,6,277
06/24/2023,ELP,TX,ASW,CE,Combined TRACON& Tower with Radar,101,15,9,2,127,0,8,50,17,75,101,23,59,19,202,64,12,76,278
06/25/2023,ELP,TX,ASW,CE,Combined TRACON& Tower with Radar,103,19,21,7,150,0,4,32,4,40,103,23,53,11,190,8,0,8,198
06/26/2023,ELP,TX,ASW,CE,Combined TRACON& Tower with Radar,135,36,27,11,209,0,7,22,8,37,135,43,49,19,246,0,0,0,246
06/27/2023,ELP,TX,ASW,CE,Combined TRACON& Tower with Radar,139,36,28,3,206,0,9,36,8,53,139,45,64,11,259,0,2,2,261
06/28/2023,ELP,TX,ASW,CE,Combined TRACON& Tower with Radar,133,40,35,14,222,0,12,40,11,63,133,52,75,25,285,6,0,6,291
06/29/2023,ELP,TX,ASW,CE,Combined TRACON& Tower with Radar,144,36,24,10,214,0,12,60,5,77,144,48,84,15,291,6,0,6,297
06/30/2023,ELP,TX,ASW,CE,Combined TRACON& Tower with Radar,132,32,30,11,205,0,10,43,2,55,132,42,73,13,260,2,0,2,262
07/01/2023,ELP,TX,ASW,CE,Combined TRACON& Tower with Radar,101,28,9,2,140,0,8,29,1,38,101,36,38,3,178,0,0,0,178
07/02/2023,ELP,TX,ASW,CE,Combined TRACON& Tower with Radar,106,18,20,2,146,0,7,29,2,38,106,25,49,4,184,0,0,0,184
07/03/2023,ELP,TX,ASW,CE,Combined TRACON& Tower with Radar,118,13,11,11,153,0,5,25,3,33,118,18,36,14,186,6,0,6,192
07/04/2023,ELP,TX,ASW,CE,Combined TRACON& Tower with Radar,109,14,21,2,146,0,12,32,10,54,109,26,53,12,200,0,0,0,200
07/05/2023,ELP,TX,ASW,CE,Combined TRACON& Tower with Radar,128,21,15,3,167,0,9,32,7,48,128,30,47,10,215,12,0,12,227
07/06/2023,ELP,TX,ASW,CE,Combined TRACON& Tower with Radar,132,15,22,0,169,0,17,34,4,55,132,32,56,4,224,14,0,14,238
07/07/2023,ELP,TX,ASW,CE,Combined TRACON& Tower with Radar,130,20,39,23,212,0,5,44,6,55,130,25,83,29,267,62,0,62,329
07/08/2023,ELP,TX,ASW,CE,Combined TRACON& Tower with Radar,118,20,21,0,159,0,5,24,0,29,118,25,45,0,188,6,0,6,194
07/09/2023,ELP,TX,ASW,CE,Combined TRACON& Tower with Radar,117,14,10,1,142,0,7,21,1,29,117,21,31,2,171,30,0,30,201
07/10/2023,ELP,TX,ASW,CE,Combined TRACON& Tower with Radar,121,14,19,22,176,0,4,22,30,56,121,18,41,52,232,62,0,62,294
07/11/2023,ELP,TX,ASW,CE,Combined TRACON& Tower with Radar,135,32,21,0,188,0,6,38,8,52,135,38,59,8,240,0,0,0,240
07/12/2023,ELP,TX,ASW,CE,Combined TRACON& Tower with Radar,135,31,21,4,191,1,10,41,10,62,136,41,62,14,253,0,0,0,253
07/13/2023,ELP,TX,ASW,CE,Combined TRACON& Tower with Radar,138,17,27,2,184,0,7,39,2,48,138,24,66,4,232,10,0,10,242
07/14/2023,ELP,TX,ASW,CE,Combined TRACON& Tower with Radar,131,17,37,3,188,0,12,56,8,76,131,29,93,11,264,0,0,0,264
07/15/2023,ELP,TX,ASW,CE,Combined TRACON& Tower with Radar,106,14,18,3,141,0,7,37,1,45,106,21,55,4,186,20,0,20,206
07/16/2023,ELP,TX,ASW,CE,Combined TRACON& Tower with Radar,106,18,13,0,137,0,3,35,2,40,106,21,48,2,177,10,0,10,187
07/17/2023,ELP,TX,ASW,CE,Combined TRACON& Tower with Radar,121,15,19,13,168,0,5,32,12,49,121,20,51,25,217,24,16,40,257
07/18/2023,ELP,TX,ASW,CE,Combined TRACON& Tower with Radar,133,22,39,4,198,1,1,36,12,50,134,23,75,16,248,0,28,28,276
07/19/2023,ELP,TX,ASW,CE,Combined TRACON& Tower with Radar,134,18,39,3,194,1,4,53,12,70,135,22,92,15,264,9,0,9,273
07/20/2023,ELP,TX,ASW,CE,Combined TRACON& Tower with Radar,138,23,27,2,190,0,13,39,9,61,138,36,66,11,251,6,0,6,257
07/21/2023,ELP,TX,ASW,CE,Combined TRACON& Tower with Radar,135,24,25,9,193,0,5,41,5,51,135,29,66,14,244,0,0,0,244
07/22/2023,ELP,TX,ASW,CE,Combined TRACON& Tower with Radar,100,17,22,3,142,0,5,43,0,48,100,22,65,3,190,16,0,16,206
07/23/2023,ELP,TX,ASW,CE,Combined TRACON& Tower with Radar,108,34,19,6,167,0,8,22,3,33,108,42,41,9,200,0,0,0,200
07/24/2023,ELP,TX,ASW,CE,Combined TRACON& Tower with Radar,130,19,37,6,192,0,10,32,17,59,130,29,69,23,251,0,0,0,251
07/25/2023,ELP,TX,ASW,CE,Combined TRACON& Tower with Radar,137,28,19,9,193,0,6,33,19,58,137,34,52,28,251,12,0,12,263
07/26/2023,ELP,TX,ASW,CE,Combined TRACON& Tower with Radar,133,40,23,20,216,0,11,38,16,65,133,51,61,36,281,0,0,0,281
07/27/2023,ELP,TX,ASW,CE,Combined TRACON& Tower with Radar,138,22,23,23,206,0,15,37,11,63,138,37,60,34,269,16,0,16,285
07/28/2023,ELP,TX,ASW,CE,Combined TRACON& Tower with Radar,140,27,16,16,199,0,6,49,4,59,140,33,65,20,258,0,0,0,258
07/29/2023,ELP,TX,ASW,CE,Combined TRACON& Tower with Radar,106,11,17,2,136,0,5,26,4,35,106,16,43,6,171,0,0,0,171
07/30/2023,ELP,TX,ASW,CE,Combined TRACON& Tower with Radar,110,19,22,0,151,0,4,33,2,39,110,23,55,2,190,0,0,0,190
07/31/2023,ELP,TX,ASW,CE,Combined TRACON& Tower with Radar,128,23,23,0,174,0,4,26,10,40,128,27,49,10,214,0,0,0,214
08/01/2023,ELP,TX,ASW,CE,Combined TRACON& Tower with Radar,138,16,21,13,188,0,6,47,15,68,138,22,68,28,256,64,12,76,332
08/02/2023,ELP,TX,ASW,CE,Combined TRACON& Tower with Radar,137,29,31,6,203,0,7,42,2,51,137,36,73,8,254,8,0,8,262
08/03/2023,ELP,TX,ASW,CE,Combined TRACON& Tower with Radar,132,28,26,12,198,0,6,46,13,65,132,34,72,25,263,0,0,0,263
08/04/2023,ELP,TX,ASW,CE,Combined TRACON& Tower with Radar,143,22,38,10,213,0,5,48,4,57,143,27,86,14,270,4,0,4,274
08/05/2023,ELP,TX,ASW,CE,Combined TRACON& Tower with Radar,106,11,28,1,146,1,8,47,2,58,107,19,75,3,204,0,0,0,204
08/06/2023,ELP,TX,ASW,CE,Combined TRACON& Tower with Radar,108,29,29,8,174,0,6,34,4,44,108,35,63,12,218,0,0,0,218
08/07/2023,ELP,TX,ASW,CE,Combined TRACON& Tower with Radar,123,23,18,4,168,0,4,31,5,40,123,27,49,9,208,14,0,14,222
08/08/2023,ELP,TX,ASW,CE,Combined TRACON& Tower with Radar,131,23,20,6,180,0,16,26,24,66,131,39,46,30,246,0,0,0,246
08/09/2023,ELP,TX,ASW,CE,Combined TRACON& Tower with Radar,130,34,27,9,200,0,3,57,12,72,130,37,84,21,272,30,0,30,302
08/10/2023,ELP,TX,ASW,CE,Combined TRACON& Tower with Radar,136,21,21,17,195,0,17,37,14,68,136,38,58,31,263,24,40,64,327
08/11/2023,ELP,TX,ASW,CE,Combined TRACON& Tower with Radar,144,24,25,0,193,0,11,53,4,68,144,35,78,4,261,12,0,12,273
08/12/2023,ELP,TX,ASW,CE,Combined TRACON& Tower with Radar,99,21,19,1,140,0,5,38,1,44,99,26,57,2,184,16,0,16,200
08/13/2023,ELP,TX,ASW,CE,Combined TRACON& Tower with Radar,110,14,15,1,140,0,3,24,3,30,110,17,39,4,170,0,0,0,170
08/14/2023,ELP,TX,ASW,CE,Combined TRACON& Tower with Radar,125,23,13,3,164,0,3,21,7,31,125,26,34,10,195,0,0,0,195
08/15/2023,ELP,TX,ASW,CE,Combined TRACON& Tower with Radar,132,29,28,2,191,2,11,59,3,75,134,40,87,5,266,10,0,10,276
08/16/2023,ELP,TX,ASW,CE,Combined TRACON& Tower with Radar,131,25,25,5,186,4,3,36,15,58,135,28,61,20,244,0,0,0,244
08/17/2023,ELP,TX,ASW,CE,Combined TRACON& Tower with Radar,138,40,29,11,218,0,5,39,12,56,138,45,68,23,274,46,2,48,322
08/18/2023,ELP,TX,ASW,CE,Combined TRACON& Tower with Radar,132,31,32,8,203,0,15,34,5,54,132,46,66,13,257,18,0,18,275
08/19/2023,ELP,TX,ASW,CE,Combined TRACON& Tower with Radar,112,21,11,1,145,14,7,28,0,49,126,28,39,1,194,26,0,26,220
08/20/2023,ELP,TX,ASW,CE,Combined TRACON& Tower with Radar,108,20,8,4,140,0,3,36,1,40,108,23,44,5,180,0,0,0,180
08/21/2023,ELP,TX,ASW,CE,Combined TRACON& Tower with Radar,123,20,33,13,189,0,14,30,10,54,123,34,63,23,243,4,12,16,259
08/22/2023,ELP,TX,ASW,CE,Combined TRACON& Tower with Radar,134,34,30,4,202,2,11,41,12,66,136,45,71,16,268,35,0,35,303
08/23/2023,ELP,TX,ASW,CE,Combined TRACON& Tower with Radar,134,43,21,9,207,0,0,4,3,7,134,43,25,12,214,0,24,24,238
08/24/2023,ELP,TX,ASW,CE,Combined TRACON& Tower with Radar,138,41,42,13,234,0,7,52,17,76,138,48,94,30,310,8,0,8,318
08/25/2023,ELP,TX,ASW,CE,Combined TRACON& Tower with Radar,135,34,34,11,214,0,2,54,7,63,135,36,88,18,277,0,0,0,277
08/26/2023,ELP,TX,ASW,CE,Combined TRACON& Tower with Radar,103,24,30,13,170,0,3,40,2,45,103,27,70,15,215,38,0,38,253
08/27/2023,ELP,TX,ASW,CE,Combined TRACON& Tower with Radar,131,13,12,3,159,0,3,24,6,33,131,16,36,9,192,30,0,30,222
08/28/2023,ELP,TX,ASW,CE,Combined TRACON& Tower with Radar,130,23,22,15,190,0,3,29,12,44,130,26,51,27,234,26,20,46,280
08/29/2023,ELP,TX,ASW,CE,Combined TRACON& Tower with Radar,134,23,26,8,191,0,11,40,7,58,134,34,66,15,249,0,0,0,249
08/30/2023,ELP,TX,ASW,CE,Combined TRACON& Tower with Radar,133,44,24,9,210,0,4,37,16,57,133,48,61,25,267,12,8,20,287
08/31/2023,ELP,TX,ASW,CE,Combined TRACON& Tower with Radar,136,34,32,5,207,22,4,56,15,97,158,38,88,20,304,28,8,36,340
