01/01/2000,EMT,CA,AWP,WE,Towers with Display (VFR),0,0,5,0,5,0,0,234,12,246,0,0,239,12,251,29,0,29,280
01/02/2000,EMT,CA,AWP,WE,Towers with Display (VFR),0,0,3,0,3,0,0,147,0,147,0,0,150,0,150,32,0,32,182
01/03/2000,EMT,CA,AWP,WE,Towers with Display (VFR),0,3,4,0,7,0,8,262,0,270,0,11,266,0,277,200,0,200,477
01/04/2000,EMT,CA,AWP,WE,Towers with Display (VFR),0,4,6,0,10,0,6,287,0,293,0,10,293,0,303,207,0,207,510
01/05/2000,EMT,CA,AWP,WE,Towers with Display (VFR),0,4,5,0,9,0,8,272,0,280,0,12,277,0,289,297,0,297,586
01/06/2000,EMT,CA,AWP,WE,Towers with Display (VFR),0,0,2,1,3,0,7,177,21,205,0,7,179,22,208,189,0,189,397
01/07/2000,EMT,CA,AWP,WE,Towers with Display (VFR),0,4,13,0,17,0,6,300,0,306,0,10,313,0,323,164,0,164,487
01/08/2000,EMT,CA,AWP,WE,Towers with Display (VFR),0,0,5,0,5,0,0,247,0,247,0,0,252,0,252,180,0,180,432
01/09/2000,EMT,CA,AWP,WE,Towers with Display (VFR),0,0,12,0,12,0,0,182,0,182,0,0,194,0,194,278,0,278,472
01/10/2000,EMT,CA,AWP,WE,Towers with Display (VFR),0,0,4,0,4,0,6,317,0,323,0,6,321,0,327,248,0,248,575
01/11/2000,EMT,CA,AWP,WE,Towers with Display (VFR),0,2,8,0,10,0,5,213,0,218,0,7,221,0,228,99,1,100,328
01/12/2000,EMT,CA,AWP,WE,Towers with Display (VFR),0,1,16,0,17,0,0,141,0,141,0,1,157,0,158,23,0,23,181
01/13/2000,EMT,CA,AWP,WE,Towers with Display (VFR),0,1,7,0,8,0,7,294,0,301,0,8,301,0,309,210,0,210,519
01/14/2000,EMT,CA,AWP,WE,Towers with Display (VFR),0,1,4,0,5,0,2,258,0,260,0,3,262,0,265,129,0,129,394
01/15/2000,EMT,CA,AWP,WE,Towers with Display (VFR),0,0,8,0,8,0,0,267,0,267,0,0,275,0,275,301,0,301,576
01/16/2000,EMT,CA,AWP,WE,Towers with Display (VFR),0,0,8,0,8,0,0,154,0,154,0,0,162,0,162,170,0,170,332
01/17/2000,EMT,CA,AWP,WE,Towers with Display (VFR),0,2,7,0,9,0,0,243,0,243,0,2,250,0,252,86,0,86,338
01/18/2000,EMT,CA,AWP,WE,Towers with Display (VFR),0,2,7,0,9,0,15,239,0,254,0,17,246,0,263,82,0,82,345
01/19/2000,EMT,CA,AWP,WE,Towers with Display (VFR),0,2,7,0,9,0,12,256,0,268,0,14,263,0,277,125,0,125,402
01/20/2000,EMT,CA,AWP,WE,Towers with Display (VFR),0,2,8,0,10,0,10,301,0,311,0,12,309,0,321,160,0,160,481
01/21/2000,EMT,CA,AWP,WE,Towers with Display (VFR),0,5,17,0,22,0,5,232,0,237,0,10,249,0,259,194,0,194,453
01/22/2000,EMT,CA,AWP,WE,Towers with Display (VFR),0,0,16,0,16,0,0,157,0,157,0,0,173,0,173,234,0,234,407
01/23/2000,EMT,CA,AWP,WE,Towers with Display (VFR),0,0,14,0,14,0,0,144,0,144,0,0,158,0,158,215,0,215,373
01/24/2000,EMT,CA,AWP,WE,Towers with Display (VFR),0,2,8,0,10,0,11,211,0,222,0,13,219,0,232,130,0,130,362
01/25/2000,EMT,CA,AWP,WE,Towers with Display (VFR),0,4,15,0,19,0,5,144,0,149,0,9,159,0,168,18,0,18,186
01/26/2000,EMT,CA,AWP,WE,Towers with Display (VFR),0,1,4,0,5,0,11,373,2,386,0,12,377,2,391,154,0,154,545
01/27/2000,EMT,CA,AWP,WE,Towers with Display (VFR),0,2,9,0,11,0,10,328,0,338,0,12,337,0,349,206,0,206,555
01/28/2000,EMT,CA,AWP,WE,Towers with Display (VFR),0,2,7,0,9,0,9,277,0,286,0,11,284,0,295,162,0,162,457
01/29/2000,EMT,CA,AWP,WE,Towers with Display (VFR),0,0,7,0,7,0,0,261,0,261,0,0,268,0,268,245,0,245,513
01/30/2000,EMT,CA,AWP,WE,Towers with Display (VFR),0,0,12,0,12,0,0,114,0,114,0,0,126,0,126,111,0,111,237
01/31/2000,EMT,CA,AWP,WE,Towers with Display (VFR),0,5,19,0,24,0,4,250,4,258,0,9,269,4,282,110,0,110,392
02/01/2000,EMT,CA,AWP,WE,Towers with Display (VFR),0,3,7,0,10,0,8,338,4,350,0,11,345,4,360,142,0,142,502
02/02/2000,EMT,CA,AWP,WE,Towers with Display (VFR),0,4,5,0,9,0,12,318,0,330,0,16,323,0,339,129,4,133,472
02/03/2000,EMT,CA,AWP,WE,Towers with Display (VFR),0,4,5,0,9,0,4,275,0,279,0,8,280,0,288,181,0,181,469
02/04/2000,EMT,CA,AWP,WE,Towers with Display (VFR),0,7,12,0,19,0,5,301,0,306,0,12,313,0,325,203,0,203,528
02/05/2000,EMT,CA,AWP,WE,Towers with Display (VFR),0,0,15,0,15,0,0,204,0,204,0,0,219,0,219,246,0,246,465
02/06/2000,EMT,CA,AWP,WE,Towers with Display (VFR),0,0,9,0,9,0,0,225,0,225,0,0,234,0,234,186,0,186,420
02/07/2000,EMT,CA,AWP,WE,Towers with Display (VFR),0,4,7,0,11,0,9,249,0,258,0,13,256,0,269,88,0,88,357
02/08/2000,EMT,CA,AWP,WE,Towers with Display (VFR),0,4,7,0,11,0,9,286,0,295,0,13,293,0,306,213,0,213,519
02/09/2000,EMT,CA,AWP,WE,Towers with Display (VFR),0,5,16,0,21,0,10,257,0,267,0,15,273,0,288,241,0,241,529
02/10/2000,EMT,CA,AWP,WE,Towers with Display (VFR),0,4,13,0,17,0,6,93,0,99,0,10,106,0,116,17,0,17,133
02/11/2000,EMT,CA,AWP,WE,Towers with Display (VFR),0,7,18,0,25,0,7,212,0,219,0,14,230,0,244,68,0,68,312
02/12/2000,EMT,CA,AWP,WE,Towers with Display (VFR),0,0,11,0,11,0,0,185,0,185,0,0,196,0,196,189,0,189,385
02/13/2000,EMT,CA,AWP,WE,Towers with Display (VFR),0,0,5,0,5,0,0,35,0,35,0,0,40,0,40,16,0,16,56
02/14/2000,EMT,CA,AWP,WE,Towers with Display (VFR),0,5,13,0,18,0,4,122,0,126,0,9,135,0,144,50,0,50,194
02/15/2000,EMT,CA,AWP,WE,Towers with Display (VFR),0,3,8,0,11,0,9,304,0,313,0,12,312,0,324,386,0,386,710
02/16/2000,EMT,CA,AWP,WE,Towers with Display (VFR),0,3,10,0,13,0,2,37,0,39,0,5,47,0,52,36,0,36,88
02/17/2000,EMT,CA,AWP,WE,Towers with Display (VFR),0,3,9,0,12,0,8,357,0,365,0,11,366,0,377,192,0,192,569
02/18/2000,EMT,CA,AWP,WE,Towers with Display (VFR),0,2,7,0,9,0,10,303,0,313,0,12,310,0,322,164,0,164,486
02/19/2000,EMT,CA,AWP,WE,Towers with Display (VFR),0,0,9,0,9,0,0,293,0,293,0,0,302,0,302,209,0,209,511
02/20/2000,EMT,CA,AWP,WE,Towers with Display (VFR),0,0,9,0,9,0,0,37,0,37,0,0,46,0,46,24,0,24,70
02/21/2000,EMT,CA,AWP,WE,Towers with Display (VFR),0,0,0,0,0,0,0,105,0,105,0,0,105,0,105,18,0,18,123
02/22/2000,EMT,CA,AWP,WE,Towers with Display (VFR),0,5,14,0,19,0,19,340,0,359,0,24,354,0,378,222,0,222,600
02/23/2000,EMT,CA,AWP,WE,Towers with Display (VFR),0,1,6,0,7,0,12,126,0,138,0,13,132,0,145,14,0,14,159
02/24/2000,EMT,CA,AWP,WE,Towers with Display (VFR),0,2,8,0,10,0,12,367,0,379,0,14,375,0,389,253,0,253,642
02/25/2000,EMT,CA,AWP,WE,Towers with Display (VFR),0,5,13,0,18,0,9,196,0,205,0,14,209,0,223,227,0,227,450
02/26/2000,EMT,CA,AWP,WE,Towers with Display (VFR),0,0,18,0,18,0,0,261,0,261,0,0,279,0,279,239,0,239,518
02/27/2000,EMT,CA,AWP,WE,Towers with Display (VFR),0,0,11,0,11,0,0,33,0,33,0,0,44,0,44,66,0,66,110
02/28/2000,EMT,CA,AWP,WE,Towers with Display (VFR),0,4,11,0,15,0,5,277,0,282,0,9,288,0,297,203,0,203,500
02/29/2000,EMT,CA,AWP,WE,Towers with Display (VFR),0,3,9,0,12,0,8,235,0,243,0,11,244,0,255,246,0,246,501
03/01/2000,EMT,CA,AWP,WE,Towers with Display (VFR),0,3,8,0,11,0,8,221,0,229,0,11,229,0,240,187,0,187,427
03/02/2000,EMT,CA,AWP,WE,Towers with Display (VFR),0,5,7,0,12,0,8,178,0,186,0,13,185,0,198,183,0,183,381
03/03/2000,EMT,CA,AWP,WE,Towers with Display (VFR),0,4,6,0,10,0,0,149,0,149,0,4,155,0,159,218,0,218,377
03/04/2000,EMT,CA,AWP,WE,Towers with Display (VFR),0,0,7,0,7,0,0,172,0,172,0,0,179,0,179,360,0,360,539
03/05/2000,EMT,CA,AWP,WE,Towers with Display (VFR),0,0,0,0,0,0,0,27,0,27,0,0,27,0,27,8,0,8,35
03/06/2000,EMT,CA,AWP,WE,Towers with Display (VFR),0,4,6,0,10,0,7,218,0,225,0,11,224,0,235,120,0,120,355
03/07/2000,EMT,CA,AWP,WE,Towers with Display (VFR),0,4,6,0,10,0,4,208,0,212,0,8,214,0,222,291,1,292,514
03/08/2000,EMT,CA,AWP,WE,Towers with Display (VFR),0,1,5,0,6,95,0,17,0,112,95,1,22,0,118,74,0,74,192
03/09/2000,EMT,CA,AWP,WE,Towers with Display (VFR),0,5,10,0,15,0,1,251,0,252,0,6,261,0,267,260,0,260,527
03/10/2000,EMT,CA,AWP,WE,Towers with Display (VFR),0,3,9,0,12,0,7,273,0,280,0,10,282,0,292,201,0,201,493
03/11/2000,EMT,CA,AWP,WE,Towers with Display (VFR),0,0,6,0,6,0,0,295,0,295,0,0,301,0,301,226,0,226,527
03/12/2000,EMT,CA,AWP,WE,Towers with Display (VFR),0,0,8,0,8,0,0,213,0,213,0,0,221,0,221,176,0,176,397
03/13/2000,EMT,CA,AWP,WE,Towers with Display (VFR),0,2,9,0,11,0,9,208,0,217,0,11,217,0,228,115,0,115,343
03/14/2000,EMT,CA,AWP,WE,Towers with Display (VFR),0,1,5,0,6,0,11,237,0,248,0,12,242,0,254,209,0,209,463
03/15/2000,EMT,CA,AWP,WE,Towers with Display (VFR),0,4,12,0,16,0,8,122,0,130,0,12,134,0,146,75,0,75,221
03/16/2000,EMT,CA,AWP,WE,Towers with Display (VFR),0,2,6,0,8,0,10,179,0,189,0,12,185,0,197,121,0,121,318
03/17/2000,EMT,CA,AWP,WE,Towers with Display (VFR),0,2,9,0,11,0,13,196,0,209,0,15,205,0,220,148,0,148,368
03/18/2000,EMT,CA,AWP,WE,Towers with Display (VFR),0,0,9,0,9,0,0,279,0,279,0,0,288,0,288,280,0,280,568
03/19/2000,EMT,CA,AWP,WE,Towers with Display (VFR),0,0,5,0,5,0,0,224,0,224,0,0,229,0,229,270,30,300,529
03/20/2000,EMT,CA,AWP,WE,Towers with Display (VFR),0,0,2,0,2,0,9,152,0,161,0,9,154,0,163,10,0,10,173
03/21/2000,EMT,CA,AWP,WE,Towers with Display (VFR),0,1,3,0,4,0,11,248,0,259,0,12,251,0,263,102,2,104,367
03/22/2000,EMT,CA,AWP,WE,Towers with Display (VFR),0,4,12,0,16,0,8,257,0,265,0,12,269,0,281,208,0,208,489
03/23/2000,EMT,CA,AWP,WE,Towers with Display (VFR),0,0,0,0,0,0,10,262,0,272,0,10,262,0,272,154,0,154,426
03/24/2000,EMT,CA,AWP,WE,Towers with Display (VFR),0,3,10,0,13,1,7,176,0,184,1,10,186,0,197,152,0,152,349
03/25/2000,EMT,CA,AWP,WE,Towers with Display (VFR),0,0,14,0,14,0,0,221,0,221,0,0,235,0,235,252,0,252,487
03/26/2000,EMT,CA,AWP,WE,Towers with Display (VFR),0,0,10,0,10,0,0,209,0,209,0,0,219,0,219,255,0,255,474
03/27/2000,EMT,CA,AWP,WE,Towers with Display (VFR),0,4,14,0,18,0,6,208,0,214,0,10,222,0,232,223,0,223,455
03/28/2000,EMT,CA,AWP,WE,Towers with Display (VFR),0,5,17,0,22,0,8,245,0,253,0,13,262,0,275,232,0,232,507
03/29/2000,EMT,CA,AWP,WE,Towers with Display (VFR),0,5,14,0,19,0,9,207,0,216,0,14,221,0,235,367,0,367,602
03/30/2000,EMT,CA,AWP,WE,Towers with Display (VFR),0,0,0,0,0,0,7,248,0,255,0,7,248,0,255,171,0,171,426
03/31/2000,EMT,CA,AWP,WE,Towers with Display (VFR),0,0,1,0,1,0,9,97,0,106,0,9,98,0,107,6,0,6,113
04/01/2000,EMT,CA,AWP,WE,Towers with Display (VFR),0,0,5,0,5,0,0,162,0,162,0,0,167,0,167,115,0,115,282
04/02/2000,EMT,CA,AWP,WE,Towers with Display (VFR),0,0,8,0,8,0,0,239,0,239,0,0,247,0,247,250,0,250,497
04/03/2000,EMT,CA,AWP,WE,Towers with Display (VFR),0,3,3,0,6,0,9,201,0,210,0,12,204,0,216,114,0,114,330
04/04/2000,EMT,CA,AWP,WE,Towers with Display (VFR),0,3,5,0,8,0,8,300,0,308,0,11,305,0,316,149,0,149,465
04/05/2000,EMT,CA,AWP,WE,Towers with Display (VFR),0,4,7,0,11,0,11,264,0,275,0,15,271,0,286,222,0,222,508
04/06/2000,EMT,CA,AWP,WE,Towers with Display (VFR),0,6,15,0,21,2,1,191,2,196,2,7,206,2,217,197,0,197,414
04/07/2000,EMT,CA,AWP,WE,Towers with Display (VFR),0,5,16,0,21,2,6,203,0,211,2,11,219,0,232,229,0,229,461
04/08/2000,EMT,CA,AWP,WE,Towers with Display (VFR),0,0,0,0,0,2,0,252,0,254,2,0,252,0,254,196,0,196,450
04/09/2000,EMT,CA,AWP,WE,Towers with Display (VFR),0,0,7,0,7,0,0,280,0,280,0,0,287,0,287,222,0,222,509
04/10/2000,EMT,CA,AWP,WE,Towers with Display (VFR),0,2,8,0,10,0,11,221,0,232,0,13,229,0,242,235,0,235,477
04/11/2000,EMT,CA,AWP,WE,Towers with Display (VFR),0,1,6,0,7,0,8,292,2,302,0,9,298,2,309,152,0,152,461
04/12/2000,EMT,CA,AWP,WE,Towers with Display (VFR),0,2,8,0,10,16,11,362,2,391,16,13,370,2,401,210,2,212,613
04/13/2000,EMT,CA,AWP,WE,Towers with Display (VFR),0,3,13,0,16,0,11,235,0,246,0,14,248,0,262,173,0,173,435
04/14/2000,EMT,CA,AWP,WE,Towers with Display (VFR),0,3,14,0,17,0,10,216,2,228,0,13,230,2,245,153,0,153,398
04/15/2000,EMT,CA,AWP,WE,Towers with Display (VFR),0,0,10,0,10,0,0,174,0,174,0,0,184,0,184,258,0,258,442
04/16/2000,EMT,CA,AWP,WE,Towers with Display (VFR),0,0,14,0,14,0,0,253,0,253,0,0,267,0,267,326,0,326,593
04/17/2000,EMT,CA,AWP,WE,Towers with Display (VFR),0,3,13,0,16,0,13,154,0,167,0,16,167,0,183,8,0,8,191
04/18/2000,EMT,CA,AWP,WE,Towers with Display (VFR),0,2,10,0,12,0,8,227,0,235,0,10,237,0,247,165,0,165,412
04/19/2000,EMT,CA,AWP,WE,Towers with Display (VFR),0,2,10,0,12,0,11,330,0,341,0,13,340,0,353,228,0,228,581
04/20/2000,EMT,CA,AWP,WE,Towers with Display (VFR),0,1,7,0,8,0,11,288,0,299,0,12,295,0,307,134,0,134,441
04/21/2000,EMT,CA,AWP,WE,Towers with Display (VFR),0,6,23,0,29,0,5,232,0,237,0,11,255,0,266,280,0,280,546
04/22/2000,EMT,CA,AWP,WE,Towers with Display (VFR),0,0,13,0,13,0,0,171,0,171,0,0,184,0,184,224,0,224,408
04/23/2000,EMT,CA,AWP,WE,Towers with Display (VFR),0,0,17,0,17,0,0,223,0,223,0,0,240,0,240,401,0,401,641
04/24/2000,EMT,CA,AWP,WE,Towers with Display (VFR),0,0,0,0,0,0,10,358,0,368,0,10,358,0,368,251,0,251,619
04/25/2000,EMT,CA,AWP,WE,Towers with Display (VFR),0,1,8,0,9,0,9,322,0,331,0,10,330,0,340,237,0,237,577
04/26/2000,EMT,CA,AWP,WE,Towers with Display (VFR),0,1,5,0,6,0,13,336,0,349,0,14,341,0,355,264,0,264,619
04/27/2000,EMT,CA,AWP,WE,Towers with Display (VFR),0,2,10,0,12,2,4,282,0,288,2,6,292,0,300,218,0,218,518
04/28/2000,EMT,CA,AWP,WE,Towers with Display (VFR),0,3,15,0,18,0,12,167,0,179,0,15,182,0,197,237,0,237,434
04/29/2000,EMT,CA,AWP,WE,Towers with Display (VFR),0,0,11,0,11,0,0,224,0,224,0,0,235,0,235,222,0,222,457
04/30/2000,EMT,CA,AWP,WE,Towers with Display (VFR),0,0,13,0,13,0,0,351,0,351,0,0,364,0,364,195,0,195,559
05/01/2000,EMT,CA,AWP,WE,Towers with Display (VFR),0,2,6,0,8,0,12,261,0,273,0,14,267,0,281,171,0,171,452
05/02/2000,EMT,CA,AWP,WE,Towers with Display (VFR),0,3,6,0,9,0,8,370,0,378,0,11,376,0,387,209,0,209,596
05/03/2000,EMT,CA,AWP,WE,Towers with Display (VFR),0,1,4,0,5,0,11,286,0,297,0,12,290,0,302,190,0,190,492
05/04/2000,EMT,CA,AWP,WE,Towers with Display (VFR),0,3,6,0,9,0,7,287,0,294,0,10,293,0,303,172,0,172,475
05/05/2000,EMT,CA,AWP,WE,Towers with Display (VFR),0,8,24,0,32,0,3,182,0,185,0,11,206,0,217,183,0,183,400
05/06/2000,EMT,CA,AWP,WE,Towers with Display (VFR),0,0,12,0,12,0,0,196,0,196,0,0,208,0,208,220,0,220,428
05/07/2000,EMT,CA,AWP,WE,Towers with Display (VFR),0,0,8,0,8,0,0,229,0,229,0,0,237,0,237,144,0,144,381
05/08/2000,EMT,CA,AWP,WE,Towers with Display (VFR),0,6,21,0,27,0,7,314,0,321,0,13,335,0,348,234,0,234,582
05/09/2000,EMT,CA,AWP,WE,Towers with Display (VFR),0,6,20,0,26,0,3,208,2,213,0,9,228,2,239,130,4,134,373
05/10/2000,EMT,CA,AWP,WE,Towers with Display (VFR),0,4,15,0,19,0,8,278,0,286,0,12,293,0,305,187,0,187,492
05/11/2000,EMT,CA,AWP,WE,Towers with Display (VFR),0,2,8,0,10,0,4,309,0,313,0,6,317,0,323,188,0,188,511
05/12/2000,EMT,CA,AWP,WE,Towers with Display (VFR),0,4,12,0,16,0,12,282,0,294,0,16,294,0,310,163,0,163,473
05/13/2000,EMT,CA,AWP,WE,Towers with Display (VFR),0,1,8,0,9,0,0,222,0,222,0,1,230,0,231,197,0,197,428
05/14/2000,EMT,CA,AWP,WE,Towers with Display (VFR),0,0,11,0,11,0,0,219,0,219,0,0,230,0,230,150,0,150,380
05/15/2000,EMT,CA,AWP,WE,Towers with Display (VFR),0,2,9,0,11,0,12,201,0,213,0,14,210,0,224,172,0,172,396
05/16/2000,EMT,CA,AWP,WE,Towers with Display (VFR),0,1,6,0,7,0,13,228,2,243,0,14,234,2,250,216,0,216,466
05/17/2000,EMT,CA,AWP,WE,Towers with Display (VFR),0,1,9,0,10,0,11,277,0,288,0,12,286,0,298,224,0,224,522
05/18/2000,EMT,CA,AWP,WE,Towers with Display (VFR),0,1,5,0,6,0,17,301,0,318,0,18,306,0,324,237,0,237,561
05/19/2000,EMT,CA,AWP,WE,Towers with Display (VFR),0,1,8,0,9,0,14,241,0,255,0,15,249,0,264,201,0,201,465
05/20/2000,EMT,CA,AWP,WE,Towers with Display (VFR),0,0,9,0,9,0,0,183,0,183,0,0,192,0,192,279,0,279,471
05/21/2000,EMT,CA,AWP,WE,Towers with Display (VFR),0,0,7,0,7,0,0,209,0,209,0,0,216,0,216,191,0,191,407
05/22/2000,EMT,CA,AWP,WE,Towers with Display (VFR),0,2,10,0,12,0,11,247,0,258,0,13,257,0,270,215,0,215,485
05/23/2000,EMT,CA,AWP,WE,Towers with Display (VFR),0,5,25,0,30,0,8,106,0,114,0,13,131,0,144,309,0,309,453
05/24/2000,EMT,CA,AWP,WE,Towers with Display (VFR),0,5,23,0,28,0,7,140,0,147,0,12,163,0,175,242,0,242,417
05/25/2000,EMT,CA,AWP,WE,Towers with Display (VFR),0,6,27,0,33,0,6,82,0,88,0,12,109,0,121,34,0,34,155
05/26/2000,EMT,CA,AWP,WE,Towers with Display (VFR),0,2,12,0,14,0,10,244,4,258,0,12,256,4,272,292,0,292,564
05/27/2000,EMT,CA,AWP,WE,Towers with Display (VFR),0,0,9,0,9,0,0,212,0,212,0,0,221,0,221,215,0,215,436
05/28/2000,EMT,CA,AWP,WE,Towers with Display (VFR),0,0,8,0,8,0,0,202,0,202,0,0,210,0,210,155,0,155,365
05/29/2000,EMT,CA,AWP,WE,Towers with Display (VFR),0,0,15,0,15,0,0,221,4,225,0,0,236,4,240,185,0,185,425
05/30/2000,EMT,CA,AWP,WE,Towers with Display (VFR),0,2,12,0,14,0,9,185,0,194,0,11,197,0,208,70,0,70,278
05/31/2000,EMT,CA,AWP,WE,Towers with Display (VFR),0,1,9,0,10,0,0,219,0,219,0,1,228,0,229,292,0,292,521
06/01/2000,EMT,CA,AWP,WE,Towers with Display (VFR),0,2,11,0,13,0,10,242,0,252,0,12,253,0,265,271,0,271,536
06/02/2000,EMT,CA,AWP,WE,Towers with Display (VFR),0,2,9,0,11,0,9,183,0,192,0,11,192,0,203,242,0,242,445
06/03/2000,EMT,CA,AWP,WE,Towers with Display (VFR),0,0,11,0,11,0,0,237,0,237,0,0,248,0,248,246,0,246,494
06/04/2000,EMT,CA,AWP,WE,Towers with Display (VFR),0,0,8,0,8,0,0,232,0,232,0,0,240,0,240,172,0,172,412
06/05/2000,EMT,CA,AWP,WE,Towers with Display (VFR),0,1,4,0,5,0,8,229,0,237,0,9,233,0,242,245,0,245,487
06/06/2000,EMT,CA,AWP,WE,Towers with Display (VFR),0,1,4,0,5,0,7,234,0,241,0,8,238,0,246,247,0,247,493
06/07/2000,EMT,CA,AWP,WE,Towers with Display (VFR),0,1,2,0,3,0,12,309,0,321,0,13,311,0,324,138,2,140,464
06/08/2000,EMT,CA,AWP,WE,Towers with Display (VFR),0,3,18,0,21,0,10,258,0,268,0,13,276,0,289,160,0,160,449
06/09/2000,EMT,CA,AWP,WE,Towers with Display (VFR),0,1,9,0,10,0,12,258,0,270,0,13,267,0,280,181,0,181,461
06/10/2000,EMT,CA,AWP,WE,Towers with Display (VFR),0,0,18,0,18,0,0,341,0,341,0,0,359,0,359,199,0,199,558
06/11/2000,EMT,CA,AWP,WE,Towers with Display (VFR),0,0,13,0,13,0,0,268,2,270,0,0,281,2,283,219,0,219,502
06/12/2000,EMT,CA,AWP,WE,Towers with Display (VFR),0,2,10,0,12,0,10,322,0,332,0,12,332,0,344,207,0,207,551
06/13/2000,EMT,CA,AWP,WE,Towers with Display (VFR),0,1,10,0,11,0,11,340,8,359,0,12,350,8,370,197,0,197,567
06/14/2000,EMT,CA,AWP,WE,Towers with Display (VFR),0,0,6,0,6,0,2,337,0,339,0,2,343,0,345,198,0,198,543
06/15/2000,EMT,CA,AWP,WE,Towers with Display (VFR),0,0,2,0,2,0,11,252,0,263,0,11,254,0,265,240,0,240,505
06/16/2000,EMT,CA,AWP,WE,Towers with Display (VFR),0,0,10,0,10,0,13,162,0,175,0,13,172,0,185,187,0,187,372
06/17/2000,EMT,CA,AWP,WE,Towers with Display (VFR),0,0,13,0,13,0,0,187,0,187,0,0,200,0,200,281,0,281,481
06/18/2000,EMT,CA,AWP,WE,Towers with Display (VFR),0,0,0,0,0,0,0,175,0,175,0,0,175,0,175,273,0,273,448
06/19/2000,EMT,CA,AWP,WE,Towers with Display (VFR),0,0,6,0,6,0,11,220,0,231,0,11,226,0,237,274,0,274,511
06/20/2000,EMT,CA,AWP,WE,Towers with Display (VFR),0,0,9,0,9,0,11,208,0,219,0,11,217,0,228,179,0,179,407
06/21/2000,EMT,CA,AWP,WE,Towers with Display (VFR),0,0,6,0,6,0,12,186,0,198,0,12,192,0,204,191,0,191,395
06/22/2000,EMT,CA,AWP,WE,Towers with Display (VFR),0,1,10,0,11,0,14,187,18,219,0,15,197,18,230,146,0,146,376
06/23/2000,EMT,CA,AWP,WE,Towers with Display (VFR),0,1,11,0,12,0,16,206,0,222,0,17,217,0,234,242,0,242,476
06/24/2000,EMT,CA,AWP,WE,Towers with Display (VFR),0,0,13,0,13,0,0,201,0,201,0,0,214,0,214,230,0,230,444
06/25/2000,EMT,CA,AWP,WE,Towers with Display (VFR),0,0,11,0,11,0,0,248,0,248,0,0,259,0,259,274,0,274,533
06/26/2000,EMT,CA,AWP,WE,Towers with Display (VFR),0,0,5,0,5,0,12,190,25,227,0,12,195,25,232,193,0,193,425
06/27/2000,EMT,CA,AWP,WE,Towers with Display (VFR),0,1,10,0,11,0,10,316,0,326,0,11,326,0,337,233,2,235,572
06/28/2000,EMT,CA,AWP,WE,Towers with Display (VFR),0,0,8,0,8,0,12,340,0,352,0,12,348,0,360,191,0,191,551
06/29/2000,EMT,CA,AWP,WE,Towers with Display (VFR),0,0,7,0,7,0,9,254,0,263,0,9,261,0,270,214,0,214,484
06/30/2000,EMT,CA,AWP,WE,Towers with Display (VFR),0,1,13,0,14,0,0,200,0,200,0,1,213,0,214,214,0,214,428
07/01/2000,EMT,CA,AWP,WE,Towers with Display (VFR),0,0,13,0,13,0,0,178,0,178,0,0,191,0,191,248,0,248,439
07/02/2000,EMT,CA,AWP,WE,Towers with Display (VFR),0,0,9,0,9,0,0,236,0,236,0,0,245,0,245,238,0,238,483
07/03/2000,EMT,CA,AWP,WE,Towers with Display (VFR),0,1,0,0,1,0,11,253,0,264,0,12,253,0,265,149,0,149,414
07/04/2000,EMT,CA,AWP,WE,Towers with Display (VFR),0,0,0,0,0,0,0,250,0,250,0,0,250,0,250,77,0,77,327
07/05/2000,EMT,CA,AWP,WE,Towers with Display (VFR),0,1,3,0,4,0,11,239,0,250,0,12,242,0,254,227,0,227,481
07/06/2000,EMT,CA,AWP,WE,Towers with Display (VFR),0,2,7,0,9,0,11,252,0,263,0,13,259,0,272,246,0,246,518
07/07/2000,EMT,CA,AWP,WE,Towers with Display (VFR),0,2,7,0,9,0,8,246,0,254,0,10,253,0,263,204,0,204,467
07/08/2000,EMT,CA,AWP,WE,Towers with Display (VFR),0,0,9,0,9,0,0,163,1,164,0,0,172,1,173,282,0,282,455
07/09/2000,EMT,CA,AWP,WE,Towers with Display (VFR),0,0,5,0,5,0,0,194,0,194,0,0,199,0,199,203,0,203,402
07/10/2000,EMT,CA,AWP,WE,Towers with Display (VFR),0,2,12,0,14,0,7,200,0,207,0,9,212,0,221,167,0,167,388
07/11/2000,EMT,CA,AWP,WE,Towers with Display (VFR),0,2,9,0,11,0,11,291,0,302,0,13,300,0,313,278,0,278,591
07/12/2000,EMT,CA,AWP,WE,Towers with Display (VFR),0,1,15,0,16,0,0,193,0,193,0,1,208,0,209,192,0,192,401
07/13/2000,EMT,CA,AWP,WE,Towers with Display (VFR),0,0,0,0,0,0,1,175,0,176,0,1,175,0,176,92,0,92,268
07/14/2000,EMT,CA,AWP,WE,Towers with Display (VFR),0,1,10,0,11,0,13,304,2,319,0,14,314,2,330,206,0,206,536
07/15/2000,EMT,CA,AWP,WE,Towers with Display (VFR),0,0,9,0,9,4,0,252,0,256,4,0,261,0,265,196,0,196,461
07/16/2000,EMT,CA,AWP,WE,Towers with Display (VFR),0,0,15,0,15,0,0,248,0,248,0,0,263,0,263,221,0,221,484
07/17/2000,EMT,CA,AWP,WE,Towers with Display (VFR),0,0,5,0,5,0,14,270,0,284,0,14,275,0,289,192,0,192,481
07/18/2000,EMT,CA,AWP,WE,Towers with Display (VFR),0,0,4,0,4,0,14,303,0,317,0,14,307,0,321,154,0,154,475
07/19/2000,EMT,CA,AWP,WE,Towers with Display (VFR),0,0,6,0,6,0,12,346,2,360,0,12,352,2,366,281,0,281,647
07/20/2000,EMT,CA,AWP,WE,Towers with Display (VFR),0,0,5,0,5,0,14,268,0,282,0,14,273,0,287,201,0,201,488
07/21/2000,EMT,CA,AWP,WE,Towers with Display (VFR),0,1,11,0,12,0,11,189,0,200,0,12,200,0,212,195,0,195,407
07/22/2000,EMT,CA,AWP,WE,Towers with Display (VFR),0,0,12,0,12,0,0,230,0,230,0,0,242,0,242,246,0,246,488
07/23/2000,EMT,CA,AWP,WE,Towers with Display (VFR),0,0,6,0,6,0,0,197,0,197,0,0,203,0,203,246,2,248,451
07/24/2000,EMT,CA,AWP,WE,Towers with Display (VFR),0,0,0,0,0,0,13,269,0,282,0,13,269,0,282,176,0,176,458
07/25/2000,EMT,CA,AWP,WE,Towers with Display (VFR),0,0,5,0,5,0,14,264,0,278,0,14,269,0,283,167,0,167,450
07/26/2000,EMT,CA,AWP,WE,Towers with Display (VFR),0,0,7,0,7,0,12,253,0,265,0,12,260,0,272,103,0,103,375
07/27/2000,EMT,CA,AWP,WE,Towers with Display (VFR),0,1,10,0,11,0,10,203,0,213,0,11,213,0,224,145,0,145,369
07/28/2000,EMT,CA,AWP,WE,Towers with Display (VFR),0,2,19,0,21,0,10,241,0,251,0,12,260,0,272,194,0,194,466
07/29/2000,EMT,CA,AWP,WE,Towers with Display (VFR),0,0,0,0,0,0,0,217,0,217,0,0,217,0,217,215,0,215,432
07/30/2000,EMT,CA,AWP,WE,Towers with Display (VFR),0,0,0,0,0,0,0,288,0,288,0,0,288,0,288,263,0,263,551
07/31/2000,EMT,CA,AWP,WE,Towers with Display (VFR),0,1,8,0,9,0,13,228,0,241,0,14,236,0,250,96,0,96,346
08/01/2000,EMT,CA,AWP,WE,Towers with Display (VFR),0,2,8,0,10,0,11,248,0,259,0,13,256,0,269,151,0,151,420
08/02/2000,EMT,CA,AWP,WE,Towers with Display (VFR),0,1,5,0,6,0,11,284,0,295,0,12,289,0,301,161,0,161,462
08/03/2000,EMT,CA,AWP,WE,Towers with Display (VFR),0,3,7,0,10,0,7,266,0,273,0,10,273,0,283,149,0,149,432
08/04/2000,EMT,CA,AWP,WE,Towers with Display (VFR),0,1,1,0,2,0,13,256,0,269,0,14,257,0,271,98,0,98,369
08/05/2000,EMT,CA,AWP,WE,Towers with Display (VFR),0,0,6,0,6,0,0,214,1,215,0,0,220,1,221,188,0,188,409
08/06/2000,EMT,CA,AWP,WE,Towers with Display (VFR),0,0,7,0,7,0,0,219,0,219,0,0,226,0,226,197,0,197,423
08/07/2000,EMT,CA,AWP,WE,Towers with Display (VFR),0,3,13,0,16,0,10,256,0,266,0,13,269,0,282,173,0,173,455
08/08/2000,EMT,CA,AWP,WE,Towers with Display (VFR),0,2,10,0,12,0,9,261,0,270,0,11,271,0,282,214,1,215,497
08/09/2000,EMT,CA,AWP,WE,Towers with Display (VFR),0,2,7,0,9,0,10,372,0,382,0,12,379,0,391,281,0,281,672
08/10/2000,EMT,CA,AWP,WE,Towers with Display (VFR),0,1,9,0,10,0,11,272,4,287,0,12,281,4,297,235,0,235,532
08/11/2000,EMT,CA,AWP,WE,Towers with Display (VFR),0,0,5,0,5,0,14,235,0,249,0,14,240,0,254,134,0,134,388
08/12/2000,EMT,CA,AWP,WE,Towers with Display (VFR),0,1,8,0,9,0,0,204,0,204,0,1,212,0,213,130,0,130,343
08/13/2000,EMT,CA,AWP,WE,Towers with Display (VFR),0,0,8,0,8,0,0,295,0,295,0,0,303,0,303,202,0,202,505
08/14/2000,EMT,CA,AWP,WE,Towers with Display (VFR),0,0,0,0,0,0,12,258,0,270,0,12,258,0,270,84,0,84,354
08/15/2000,EMT,CA,AWP,WE,Towers with Display (VFR),0,1,7,0,8,0,4,363,0,367,0,5,370,0,375,188,0,188,563
08/16/2000,EMT,CA,AWP,WE,Towers with Display (VFR),0,0,0,0,0,0,13,342,2,357,0,13,342,2,357,191,2,193,550
08/17/2000,EMT,CA,AWP,WE,Towers with Display (VFR),0,0,3,0,3,0,12,255,2,269,0,12,258,2,272,154,4,158,430
08/18/2000,EMT,CA,AWP,WE,Towers with Display (VFR),0,0,6,0,6,0,19,262,1,282,0,19,268,1,288,136,0,136,424
08/19/2000,EMT,CA,AWP,WE,Towers with Display (VFR),0,0,0,0,0,0,0,241,0,241,0,0,241,0,241,197,0,197,438
08/20/2000,EMT,CA,AWP,WE,Towers with Display (VFR),0,0,7,0,7,0,0,249,0,249,0,0,256,0,256,133,0,133,389
08/21/2000,EMT,CA,AWP,WE,Towers with Display (VFR),0,1,12,0,13,0,11,170,4,185,0,12,182,4,198,179,0,179,377
08/22/2000,EMT,CA,AWP,WE,Towers with Display (VFR),0,0,4,0,4,0,12,266,0,278,0,12,270,0,282,348,2,350,632
08/23/2000,EMT,CA,AWP,WE,Towers with Display (VFR),0,0,1,0,1,0,7,296,0,303,0,7,297,0,304,227,0,227,531
08/24/2000,EMT,CA,AWP,WE,Towers with Display (VFR),0,1,8,0,9,0,11,224,0,235,0,12,232,0,244,289,0,289,533
08/25/2000,EMT,CA,AWP,WE,Towers with Display (VFR),0,1,10,0,11,0,11,298,0,309,0,12,308,0,320,145,0,145,465
08/26/2000,EMT,CA,AWP,WE,Towers with Display (VFR),0,0,10,0,10,0,0,228,0,228,0,0,238,0,238,175,0,175,413
08/27/2000,EMT,CA,AWP,WE,Towers with Display (VFR),0,0,11,0,11,0,0,195,0,195,0,0,206,0,206,235,0,235,441
08/28/2000,EMT,CA,AWP,WE,Towers with Display (VFR),0,3,22,0,25,0,9,215,0,224,0,12,237,0,249,186,0,186,435
08/29/2000,EMT,CA,AWP,WE,Towers with Display (VFR),0,4,35,0,39,4,10,121,0,135,4,14,156,0,174,137,0,137,311
08/30/2000,EMT,CA,AWP,WE,Towers with Display (VFR),0,0,21,0,21,0,0,196,0,196,0,0,217,0,217,189,0,189,406
08/31/2000,EMT,CA,AWP,WE,Towers with Display (VFR),0,0,7,0,7,0,10,222,0,232,0,10,229,0,239,131,0,131,370
09/01/2000,EMT,CA,AWP,WE,Towers with Display (VFR),0,2,12,0,14,0,0,248,0,248,0,2,260,0,262,208,0,208,470
09/02/2000,EMT,CA,AWP,WE,Towers with Display (VFR),0,0,0,0,0,0,0,265,0,265,0,0,265,0,265,222,0,222,487
09/03/2000,EMT,CA,AWP,WE,Towers with Display (VFR),0,0,4,0,4,0,0,237,0,237,0,0,241,0,241,124,0,124,365
09/04/2000,EMT,CA,AWP,WE,Towers with Display (VFR),0,0,0,0,0,0,0,276,0,276,0,0,276,0,276,186,0,186,462
09/05/2000,EMT,CA,AWP,WE,Towers with Display (VFR),0,1,1,0,2,0,11,314,0,325,0,12,315,0,327,123,0,123,450
09/06/2000,EMT,CA,AWP,WE,Towers with Display (VFR),0,3,6,0,9,0,12,296,6,314,0,15,302,6,323,197,0,197,520
09/07/2000,EMT,CA,AWP,WE,Towers with Display (VFR),0,3,6,0,9,0,9,253,0,262,0,12,259,0,271,184,0,184,455
09/08/2000,EMT,CA,AWP,WE,Towers with Display (VFR),0,3,11,0,14,0,9,223,0,232,0,12,234,0,246,224,0,224,470
09/09/2000,EMT,CA,AWP,WE,Towers with Display (VFR),0,0,4,0,4,0,0,219,16,235,0,0,223,16,239,185,0,185,424
09/10/2000,EMT,CA,AWP,WE,Towers with Display (VFR),0,0,9,0,9,0,0,220,0,220,0,0,229,0,229,205,0,205,434
09/11/2000,EMT,CA,AWP,WE,Towers with Display (VFR),0,2,6,0,8,0,10,231,0,241,0,12,237,0,249,138,0,138,387
09/12/2000,EMT,CA,AWP,WE,Towers with Display (VFR),0,1,1,0,2,0,10,235,0,245,0,11,236,0,247,140,0,140,387
09/13/2000,EMT,CA,AWP,WE,Towers with Display (VFR),0,1,2,0,3,0,9,229,0,238,0,10,231,0,241,109,4,113,354
09/14/2000,EMT,CA,AWP,WE,Towers with Display (VFR),0,2,5,0,7,0,9,18,0,27,0,11,23,0,34,108,0,108,142
09/15/2000,EMT,CA,AWP,WE,Towers with Display (VFR),0,2,5,0,7,0,14,238,0,252,0,16,243,0,259,127,0,127,386
09/16/2000,EMT,CA,AWP,WE,Towers with Display (VFR),0,0,5,0,5,0,0,202,2,204,0,0,207,2,209,99,0,99,308
09/17/2000,EMT,CA,AWP,WE,Towers with Display (VFR),0,0,5,0,5,0,0,266,0,266,0,0,271,0,271,117,0,117,388
09/18/2000,EMT,CA,AWP,WE,Towers with Display (VFR),0,1,5,0,6,0,11,269,0,280,0,12,274,0,286,185,0,185,471
09/19/2000,EMT,CA,AWP,WE,Towers with Display (VFR),0,2,13,0,15,0,9,307,0,316,0,11,320,0,331,184,0,184,515
09/20/2000,EMT,CA,AWP,WE,Towers with Display (VFR),0,1,13,0,14,0,0,230,0,230,0,1,243,0,244,205,0,205,449
09/21/2000,EMT,CA,AWP,WE,Towers with Display (VFR),0,6,27,0,33,0,2,129,3,134,0,8,156,3,167,118,0,118,285
09/22/2000,EMT,CA,AWP,WE,Towers with Display (VFR),0,4,19,0,23,0,6,195,0,201,0,10,214,0,224,162,0,162,386
09/23/2000,EMT,CA,AWP,WE,Towers with Display (VFR),0,0,14,0,14,0,0,242,0,242,0,0,256,0,256,272,0,272,528
09/24/2000,EMT,CA,AWP,WE,Towers with Display (VFR),0,0,5,0,5,0,0,260,0,260,0,0,265,0,265,326,0,326,591
09/25/2000,EMT,CA,AWP,WE,Towers with Display (VFR),0,3,13,0,16,0,8,268,0,276,0,11,281,0,292,121,2,123,415
09/26/2000,EMT,CA,AWP,WE,Towers with Display (VFR),0,3,18,0,21,0,10,281,0,291,0,13,299,0,312,157,0,157,469
09/27/2000,EMT,CA,AWP,WE,Towers with Display (VFR),0,1,32,0,33,0,0,171,0,171,0,1,203,0,204,212,0,212,416
09/28/2000,EMT,CA,AWP,WE,Towers with Display (VFR),0,4,20,0,24,0,6,149,0,155,0,10,169,0,179,140,0,140,319
09/29/2000,EMT,CA,AWP,WE,Towers with Display (VFR),0,3,17,0,20,0,11,189,0,200,0,14,206,0,220,271,0,271,491
09/30/2000,EMT,CA,AWP,WE,Towers with Display (VFR),0,0,13,0,13,0,0,177,0,177,0,0,190,0,190,295,0,295,485
10/01/2000,EMT,CA,AWP,WE,Towers with Display (VFR),0,0,10,0,10,0,0,171,0,171,0,0,181,0,181,156,0,156,337
10/02/2000,EMT,CA,AWP,WE,Towers with Display (VFR),0,4,5,0,9,0,5,171,0,176,0,9,176,0,185,167,0,167,352
10/03/2000,EMT,CA,AWP,WE,Towers with Display (VFR),0,9,24,0,33,0,1,203,3,207,0,10,227,3,240,204,0,204,444
10/04/2000,EMT,CA,AWP,WE,Towers with Display (VFR),0,7,17,0,24,0,2,204,0,206,0,9,221,0,230,230,0,230,460
10/05/2000,EMT,CA,AWP,WE,Towers with Display (VFR),0,4,7,0,11,0,8,274,0,282,0,12,281,0,293,231,0,231,524
10/06/2000,EMT,CA,AWP,WE,Towers with Display (VFR),0,9,30,0,39,0,0,132,0,132,0,9,162,0,171,186,0,186,357
10/07/2000,EMT,CA,AWP,WE,Towers with Display (VFR),0,0,13,0,13,0,0,175,0,175,0,0,188,0,188,198,0,198,386
10/08/2000,EMT,CA,AWP,WE,Towers with Display (VFR),0,0,10,0,10,0,0,146,0,146,0,0,156,0,156,218,0,218,374
10/09/2000,EMT,CA,AWP,WE,Towers with Display (VFR),0,0,8,0,8,0,0,115,0,115,0,0,123,0,123,96,0,96,219
10/10/2000,EMT,CA,AWP,WE,Towers with Display (VFR),0,3,10,0,13,0,9,238,0,247,0,12,248,0,260,237,0,237,497
10/11/2000,EMT,CA,AWP,WE,Towers with Display (VFR),0,2,5,0,7,0,12,233,0,245,0,14,238,0,252,319,1,320,572
10/12/2000,EMT,CA,AWP,WE,Towers with Display (VFR),0,2,7,0,9,0,7,282,0,289,0,9,289,0,298,201,0,201,499
10/13/2000,EMT,CA,AWP,WE,Towers with Display (VFR),0,3,13,0,16,0,7,269,0,276,0,10,282,0,292,194,0,194,486
10/14/2000,EMT,CA,AWP,WE,Towers with Display (VFR),0,0,5,0,5,0,0,258,0,258,0,0,263,0,263,209,0,209,472
10/15/2000,EMT,CA,AWP,WE,Towers with Display (VFR),0,0,7,0,7,0,0,241,0,241,0,0,248,0,248,339,0,339,587
10/16/2000,EMT,CA,AWP,WE,Towers with Display (VFR),0,0,0,0,0,0,10,298,0,308,0,10,298,0,308,291,0,291,599
10/17/2000,EMT,CA,AWP,WE,Towers with Display (VFR),0,1,7,0,8,0,7,320,0,327,0,8,327,0,335,321,0,321,656
10/18/2000,EMT,CA,AWP,WE,Towers with Display (VFR),0,4,16,0,20,0,3,126,0,129,0,7,142,0,149,20,0,20,169
10/19/2000,EMT,CA,AWP,WE,Towers with Display (VFR),0,5,19,0,24,0,4,190,0,194,0,9,209,0,218,30,0,30,248
10/20/2000,EMT,CA,AWP,WE,Towers with Display (VFR),0,6,23,0,29,0,6,48,0,54,0,12,71,0,83,0,0,0,83
10/21/2000,EMT,CA,AWP,WE,Towers with Display (VFR),0,0,20,0,20,0,0,169,0,169,0,0,189,0,189,193,0,193,382
10/22/2000,EMT,CA,AWP,WE,Towers with Display (VFR),0,0,4,0,4,0,0,219,0,219,0,0,223,0,223,280,0,280,503
10/23/2000,EMT,CA,AWP,WE,Towers with Display (VFR),0,1,7,0,8,0,7,279,0,286,0,8,286,0,294,344,0,344,638
10/24/2000,EMT,CA,AWP,WE,Towers with Display (VFR),0,1,6,0,7,0,11,297,0,308,0,12,303,0,315,269,0,269,584
10/25/2000,EMT,CA,AWP,WE,Towers with Display (VFR),0,1,6,0,7,0,12,253,0,265,0,13,259,0,272,233,0,233,505
10/26/2000,EMT,CA,AWP,WE,Towers with Display (VFR),0,0,0,0,0,0,1,188,0,189,0,1,188,0,189,190,0,190,379
10/27/2000,EMT,CA,AWP,WE,Towers with Display (VFR),0,6,24,0,30,0,8,279,29,316,0,14,303,29,346,300,0,300,646
10/28/2000,EMT,CA,AWP,WE,Towers with Display (VFR),0,0,12,0,12,0,0,217,0,217,0,0,229,0,229,248,0,248,477
10/29/2000,EMT,CA,AWP,WE,Towers with Display (VFR),0,0,7,0,7,0,0,99,0,99,0,0,106,0,106,115,0,115,221
10/30/2000,EMT,CA,AWP,WE,Towers with Display (VFR),0,2,10,0,12,0,13,245,0,258,0,15,255,0,270,232,0,232,502
10/31/2000,EMT,CA,AWP,WE,Towers with Display (VFR),0,2,11,0,13,0,10,264,0,274,0,12,275,0,287,192,2,194,481
11/01/2000,EMT,CA,AWP,WE,Towers with Display (VFR),0,5,10,0,15,0,2,327,0,329,0,7,337,0,344,174,2,176,520
11/02/2000,EMT,CA,AWP,WE,Towers with Display (VFR),0,3,4,0,7,0,5,298,0,303,0,8,302,0,310,120,0,120,430
11/03/2000,EMT,CA,AWP,WE,Towers with Display (VFR),0,3,3,0,6,0,9,235,0,244,0,12,238,0,250,102,0,102,352
11/04/2000,EMT,CA,AWP,WE,Towers with Display (VFR),0,0,2,0,2,0,0,296,0,296,0,0,298,0,298,219,0,219,517
11/05/2000,EMT,CA,AWP,WE,Towers with Display (VFR),0,0,9,0,9,0,0,201,0,201,0,0,210,0,210,208,0,208,418
11/06/2000,EMT,CA,AWP,WE,Towers with Display (VFR),0,5,9,0,14,0,6,232,0,238,0,11,241,0,252,271,0,271,523
11/07/2000,EMT,CA,AWP,WE,Towers with Display (VFR),0,4,5,0,9,0,10,279,2,291,0,14,284,2,300,243,0,243,543
11/08/2000,EMT,CA,AWP,WE,Towers with Display (VFR),0,1,2,0,3,0,12,298,0,310,0,13,300,0,313,148,0,148,461
11/09/2000,EMT,CA,AWP,WE,Towers with Display (VFR),0,4,7,0,11,0,7,279,0,286,0,11,286,0,297,248,0,248,545
11/10/2000,EMT,CA,AWP,WE,Towers with Display (VFR),0,5,7,0,12,0,6,239,0,245,0,11,246,0,257,166,0,166,423
11/11/2000,EMT,CA,AWP,WE,Towers with Display (VFR),0,0,7,0,7,0,0,222,0,222,0,0,229,0,229,209,0,209,438
11/12/2000,EMT,CA,AWP,WE,Towers with Display (VFR),0,0,9,0,9,0,0,240,0,240,0,0,249,0,249,250,0,250,499
11/13/2000,EMT,CA,AWP,WE,Towers with Display (VFR),0,0,1,0,1,0,8,258,0,266,0,8,259,0,267,162,0,162,429
11/14/2000,EMT,CA,AWP,WE,Towers with Display (VFR),0,3,10,0,13,0,9,292,0,301,0,12,302,0,314,157,2,159,473
11/15/2000,EMT,CA,AWP,WE,Towers with Display (VFR),0,4,12,0,16,0,4,242,0,246,0,8,254,0,262,102,0,102,364
11/16/2000,EMT,CA,AWP,WE,Towers with Display (VFR),0,2,8,0,10,0,8,294,0,302,0,10,302,0,312,161,0,161,473
11/17/2000,EMT,CA,AWP,WE,Towers with Display (VFR),0,2,7,0,9,0,8,233,0,241,0,10,240,0,250,162,0,162,412
11/18/2000,EMT,CA,AWP,WE,Towers with Display (VFR),0,0,3,0,3,0,0,231,0,231,0,0,234,0,234,221,0,221,455
11/19/2000,EMT,CA,AWP,WE,Towers with Display (VFR),0,0,10,0,10,0,0,294,0,294,0,0,304,0,304,213,0,213,517
11/20/2000,EMT,CA,AWP,WE,Towers with Display (VFR),0,1,6,0,7,0,9,251,0,260,0,10,257,0,267,276,0,276,543
11/21/2000,EMT,CA,AWP,WE,Towers with Display (VFR),0,3,9,0,12,0,8,294,0,302,0,11,303,0,314,216,0,216,530
11/22/2000,EMT,CA,AWP,WE,Towers with Display (VFR),0,5,14,0,19,0,7,292,0,299,0,12,306,0,318,326,0,326,644
11/23/2000,EMT,CA,AWP,WE,Towers with Display (VFR),0,0,5,0,5,0,0,149,0,149,0,0,154,0,154,160,0,160,314
11/24/2000,EMT,CA,AWP,WE,Towers with Display (VFR),0,3,10,0,13,0,9,297,0,306,0,12,307,0,319,240,0,240,559
11/25/2000,EMT,CA,AWP,WE,Towers with Display (VFR),0,0,6,0,6,0,0,235,0,235,0,0,241,0,241,232,0,232,473
11/26/2000,EMT,CA,AWP,WE,Towers with Display (VFR),0,0,0,0,0,0,0,211,0,211,0,0,211,0,211,233,0,233,444
11/27/2000,EMT,CA,AWP,WE,Towers with Display (VFR),0,2,9,0,11,0,8,250,0,258,0,10,259,0,269,212,0,212,481
11/28/2000,EMT,CA,AWP,WE,Towers with Display (VFR),0,2,9,0,11,0,9,304,0,313,0,11,313,0,324,269,0,269,593
11/29/2000,EMT,CA,AWP,WE,Towers with Display (VFR),0,2,9,0,11,0,7,168,0,175,0,9,177,0,186,215,0,215,401
11/30/2000,EMT,CA,AWP,WE,Towers with Display (VFR),0,5,17,0,22,0,5,235,0,240,0,10,252,0,262,155,0,155,417
12/01/2000,EMT,CA,AWP,WE,Towers with Display (VFR),0,5,12,0,17,0,5,147,0,152,0,10,159,0,169,67,0,67,236
12/02/2000,EMT,CA,AWP,WE,Towers with Display (VFR),0,0,11,0,11,0,0,186,0,186,0,0,197,0,197,73,0,73,270
12/03/2000,EMT,CA,AWP,WE,Towers with Display (VFR),0,0,8,0,8,0,0,252,0,252,0,0,260,0,260,206,0,206,466
12/04/2000,EMT,CA,AWP,WE,Towers with Display (VFR),0,5,6,0,11,0,7,276,0,283,0,12,282,0,294,153,0,153,447
12/05/2000,EMT,CA,AWP,WE,Towers with Display (VFR),0,4,5,0,9,0,6,328,0,334,0,10,333,0,343,184,0,184,527
12/06/2000,EMT,CA,AWP,WE,Towers with Display (VFR),0,2,5,0,7,0,10,283,0,293,0,12,288,0,300,188,0,188,488
12/07/2000,EMT,CA,AWP,WE,Towers with Display (VFR),0,0,0,0,0,0,10,289,0,299,0,10,289,0,299,193,0,193,492
12/08/2000,EMT,CA,AWP,WE,Towers with Display (VFR),0,9,23,0,32,0,3,156,0,159,0,12,179,0,191,116,0,116,307
12/09/2000,EMT,CA,AWP,WE,Towers with Display (VFR),0,0,10,0,10,0,0,167,4,171,0,0,177,4,181,332,0,332,513
12/10/2000,EMT,CA,AWP,WE,Towers with Display (VFR),0,0,14,0,14,0,0,240,0,240,0,0,254,0,254,277,0,277,531
12/11/2000,EMT,CA,AWP,WE,Towers with Display (VFR),0,3,6,0,9,0,7,229,0,236,0,10,235,0,245,253,0,253,498
12/12/2000,EMT,CA,AWP,WE,Towers with Display (VFR),0,4,10,0,14,0,6,224,0,230,0,10,234,0,244,203,0,203,447
12/13/2000,EMT,CA,AWP,WE,Towers with Display (VFR),0,3,7,0,10,0,7,409,0,416,0,10,416,0,426,252,0,252,678
12/14/2000,EMT,CA,AWP,WE,Towers with Display (VFR),0,6,12,0,18,0,4,270,2,276,0,10,282,2,294,203,0,203,497
12/15/2000,EMT,CA,AWP,WE,Towers with Display (VFR),0,6,17,0,23,0,5,223,0,228,0,11,240,0,251,276,0,276,527
12/16/2000,EMT,CA,AWP,WE,Towers with Display (VFR),0,0,8,0,8,0,0,292,0,292,0,0,300,0,300,268,0,268,568
12/17/2000,EMT,CA,AWP,WE,Towers with Display (VFR),0,0,7,0,7,0,0,279,24,303,0,0,286,24,310,292,0,292,602
12/18/2000,EMT,CA,AWP,WE,Towers with Display (VFR),0,1,5,0,6,0,5,232,0,237,0,6,237,0,243,134,0,134,377
12/19/2000,EMT,CA,AWP,WE,Towers with Display (VFR),0,3,10,0,13,0,7,317,0,324,0,10,327,0,337,180,0,180,517
12/20/2000,EMT,CA,AWP,WE,Towers with Display (VFR),0,3,8,0,11,0,11,285,0,296,0,14,293,0,307,138,0,138,445
12/21/2000,EMT,CA,AWP,WE,Towers with Display (VFR),0,3,10,0,13,0,9,269,0,278,0,12,279,0,291,283,0,283,574
12/22/2000,EMT,CA,AWP,WE,Towers with Display (VFR),0,3,11,0,14,0,7,245,0,252,0,10,256,0,266,305,0,305,571
12/23/2000,EMT,CA,AWP,WE,Towers with Display (VFR),0,0,6,0,6,0,0,198,0,198,0,0,204,0,204,296,0,296,500
12/24/2000,EMT,CA,AWP,WE,Towers with Display (VFR),0,0,2,0,2,0,2,109,0,111,0,2,111,0,113,118,0,118,231
12/25/2000,EMT,CA,AWP,WE,Towers with Display (VFR),0,0,2,0,2,0,0,59,0,59,0,0,61,0,61,45,0,45,106
12/26/2000,EMT,CA,AWP,WE,Towers with Display (VFR),0,3,11,0,14,0,9,262,0,271,0,12,273,0,285,242,0,242,527
12/27/2000,EMT,CA,AWP,WE,Towers with Display (VFR),0,3,9,0,12,0,8,300,0,308,0,11,309,0,320,238,0,238,558
12/28/2000,EMT,CA,AWP,WE,Towers with Display (VFR),0,1,6,0,7,0,8,240,0,248,0,9,246,0,255,269,0,269,524
12/29/2000,EMT,CA,AWP,WE,Towers with Display (VFR),0,3,10,0,13,0,8,220,0,228,0,11,230,0,241,154,0,154,395
12/30/2000,EMT,CA,AWP,WE,Towers with Display (VFR),0,0,10,0,10,0,0,252,0,252,0,0,262,0,262,214,0,214,476
12/31/2000,EMT,CA,AWP,WE,Towers with Display (VFR),0,0,3,0,3,0,0,192,0,192,0,0,195,0,195,168,0,168,363
01/01/2001,EMT,CA,AWP,WE,Towers with Display (VFR),0,0,5,0,5,0,0,318,0,318,0,0,323,0,323,28,0,28,351
01/02/2001,EMT,CA,AWP,WE,Towers with Display (VFR),0,3,1,0,4,0,8,230,0,238,0,11,231,0,242,190,0,190,432
01/03/2001,EMT,CA,AWP,WE,Towers with Display (VFR),0,4,4,0,8,0,8,247,0,255,0,12,251,0,263,234,0,234,497
01/04/2001,EMT,CA,AWP,WE,Towers with Display (VFR),0,6,5,0,11,0,3,275,2,280,0,9,280,2,291,120,2,122,413
01/05/2001,EMT,CA,AWP,WE,Towers with Display (VFR),0,6,5,0,11,0,6,261,0,267,0,12,266,0,278,243,0,243,521
01/06/2001,EMT,CA,AWP,WE,Towers with Display (VFR),0,0,0,0,0,0,0,260,0,260,0,0,260,0,260,225,0,225,485
01/07/2001,EMT,CA,AWP,WE,Towers with Display (VFR),0,0,0,0,0,0,0,238,0,238,0,0,238,0,238,390,0,390,628
01/08/2001,EMT,CA,AWP,WE,Towers with Display (VFR),0,5,8,0,13,0,4,145,0,149,0,9,153,0,162,100,0,100,262
01/09/2001,EMT,CA,AWP,WE,Towers with Display (VFR),0,3,5,0,8,0,6,276,0,282,0,9,281,0,290,273,0,273,563
01/10/2001,EMT,CA,AWP,WE,Towers with Display (VFR),0,9,13,0,22,0,0,199,0,199,0,9,212,0,221,92,0,92,313
01/11/2001,EMT,CA,AWP,WE,Towers with Display (VFR),0,2,6,0,8,0,10,120,2,132,0,12,126,2,140,54,0,54,194
01/12/2001,EMT,CA,AWP,WE,Towers with Display (VFR),0,4,9,0,13,0,10,196,0,206,0,14,205,0,219,94,0,94,313
01/13/2001,EMT,CA,AWP,WE,Towers with Display (VFR),0,0,4,0,4,0,0,294,0,294,0,0,298,0,298,314,0,314,612
01/14/2001,EMT,CA,AWP,WE,Towers with Display (VFR),0,0,6,0,6,0,0,194,0,194,0,0,200,0,200,240,0,240,440
01/15/2001,EMT,CA,AWP,WE,Towers with Display (VFR),0,0,9,0,9,0,0,224,14,238,0,0,233,14,247,176,0,176,423
01/16/2001,EMT,CA,AWP,WE,Towers with Display (VFR),0,2,5,0,7,0,10,278,0,288,0,12,283,0,295,175,0,175,470
01/17/2001,EMT,CA,AWP,WE,Towers with Display (VFR),0,2,6,0,8,0,6,255,1,262,0,8,261,1,270,195,0,195,465
01/18/2001,EMT,CA,AWP,WE,Towers with Display (VFR),0,2,5,0,7,0,6,334,4,344,0,8,339,4,351,221,0,221,572
01/19/2001,EMT,CA,AWP,WE,Towers with Display (VFR),0,4,7,0,11,0,14,264,0,278,0,18,271,0,289,112,0,112,401
01/20/2001,EMT,CA,AWP,WE,Towers with Display (VFR),0,0,10,0,10,0,0,254,0,254,0,0,264,0,264,264,0,264,528
01/21/2001,EMT,CA,AWP,WE,Towers with Display (VFR),0,0,7,0,7,0,0,334,0,334,0,0,341,0,341,266,0,266,607
01/22/2001,EMT,CA,AWP,WE,Towers with Display (VFR),0,3,7,0,10,0,5,316,0,321,0,8,323,0,331,265,0,265,596
01/23/2001,EMT,CA,AWP,WE,Towers with Display (VFR),0,5,10,0,15,0,4,298,0,302,0,9,308,0,317,349,0,349,666
01/24/2001,EMT,CA,AWP,WE,Towers with Display (VFR),0,1,6,0,7,0,0,7,0,7,0,1,13,0,14,21,0,21,35
01/25/2001,EMT,CA,AWP,WE,Towers with Display (VFR),0,5,9,0,14,0,8,383,0,391,0,13,392,0,405,286,0,286,691
01/26/2001,EMT,CA,AWP,WE,Towers with Display (VFR),0,2,5,0,7,0,9,117,0,126,0,11,122,0,133,80,0,80,213
01/27/2001,EMT,CA,AWP,WE,Towers with Display (VFR),0,0,2,0,2,0,0,214,0,214,0,0,216,0,216,423,0,423,639
01/28/2001,EMT,CA,AWP,WE,Towers with Display (VFR),0,0,0,0,0,0,0,272,0,272,0,0,272,0,272,304,0,304,576
01/29/2001,EMT,CA,AWP,WE,Towers with Display (VFR),0,5,9,0,14,1,5,293,0,299,1,10,302,0,313,297,0,297,610
01/30/2001,EMT,CA,AWP,WE,Towers with Display (VFR),0,5,9,0,14,0,2,315,0,317,0,7,324,0,331,319,0,319,650
01/31/2001,EMT,CA,AWP,WE,Towers with Display (VFR),0,1,4,0,5,0,9,352,0,361,0,10,356,0,366,321,0,321,687
02/01/2001,EMT,CA,AWP,WE,Towers with Display (VFR),0,3,6,0,9,0,4,297,0,301,0,7,303,0,310,305,0,305,615
02/02/2001,EMT,CA,AWP,WE,Towers with Display (VFR),0,6,7,0,13,0,7,206,0,213,0,13,213,0,226,208,0,208,434
02/03/2001,EMT,CA,AWP,WE,Towers with Display (VFR),0,0,6,0,6,0,0,314,0,314,0,0,320,0,320,225,0,225,545
02/04/2001,EMT,CA,AWP,WE,Towers with Display (VFR),0,0,3,0,3,0,0,338,0,338,0,0,341,0,341,205,0,205,546
02/05/2001,EMT,CA,AWP,WE,Towers with Display (VFR),0,5,6,0,11,0,7,318,0,325,0,12,324,0,336,197,0,197,533
02/06/2001,EMT,CA,AWP,WE,Towers with Display (VFR),0,8,13,0,21,0,4,380,0,384,0,12,393,0,405,216,2,218,623
02/07/2001,EMT,CA,AWP,WE,Towers with Display (VFR),0,3,3,0,6,0,5,261,0,266,0,8,264,0,272,154,0,154,426
02/08/2001,EMT,CA,AWP,WE,Towers with Display (VFR),0,2,3,0,5,0,8,325,0,333,0,10,328,0,338,224,0,224,562
02/09/2001,EMT,CA,AWP,WE,Towers with Display (VFR),0,4,8,0,12,0,7,298,0,305,0,11,306,0,317,139,0,139,456
02/10/2001,EMT,CA,AWP,WE,Towers with Display (VFR),0,1,7,0,8,0,0,98,0,98,0,1,105,0,106,112,0,112,218
02/11/2001,EMT,CA,AWP,WE,Towers with Display (VFR),0,0,7,0,7,0,0,252,0,252,0,0,259,0,259,298,0,298,557
02/12/2001,EMT,CA,AWP,WE,Towers with Display (VFR),0,4,11,0,15,0,7,85,0,92,0,11,96,0,107,18,0,18,125
02/13/2001,EMT,CA,AWP,WE,Towers with Display (VFR),0,1,5,0,6,0,8,137,0,145,0,9,142,0,151,90,4,94,245
02/14/2001,EMT,CA,AWP,WE,Towers with Display (VFR),0,2,5,0,7,0,6,319,0,325,0,8,324,0,332,249,0,249,581
02/15/2001,EMT,CA,AWP,WE,Towers with Display (VFR),0,1,5,0,6,0,6,273,0,279,0,7,278,0,285,320,0,320,605
02/16/2001,EMT,CA,AWP,WE,Towers with Display (VFR),0,3,8,0,11,0,5,338,0,343,0,8,346,0,354,267,0,267,621
02/17/2001,EMT,CA,AWP,WE,Towers with Display (VFR),0,0,5,0,5,0,0,283,0,283,0,0,288,0,288,272,0,272,560
02/18/2001,EMT,CA,AWP,WE,Towers with Display (VFR),0,0,13,0,13,0,0,200,0,200,0,0,213,0,213,314,0,314,527
02/19/2001,EMT,CA,AWP,WE,Towers with Display (VFR),0,0,7,0,7,0,0,133,0,133,0,0,140,0,140,152,0,152,292
02/20/2001,EMT,CA,AWP,WE,Towers with Display (VFR),0,5,11,0,16,0,5,218,2,225,0,10,229,2,241,269,0,269,510
02/21/2001,EMT,CA,AWP,WE,Towers with Display (VFR),0,3,7,0,10,0,7,257,0,264,0,10,264,0,274,257,0,257,531
02/22/2001,EMT,CA,AWP,WE,Towers with Display (VFR),0,6,13,0,19,0,0,292,0,292,0,6,305,0,311,287,2,289,600
02/23/2001,EMT,CA,AWP,WE,Towers with Display (VFR),0,3,9,0,12,0,6,182,0,188,0,9,191,0,200,186,0,186,386
02/24/2001,EMT,CA,AWP,WE,Towers with Display (VFR),0,0,2,0,2,0,0,74,0,74,0,0,76,0,76,100,0,100,176
02/25/2001,EMT,CA,AWP,WE,Towers with Display (VFR),0,0,6,0,6,0,0,39,0,39,0,0,45,0,45,130,0,130,175
02/26/2001,EMT,CA,AWP,WE,Towers with Display (VFR),0,2,7,0,9,0,6,249,0,255,0,8,256,0,264,150,0,150,414
02/27/2001,EMT,CA,AWP,WE,Towers with Display (VFR),0,2,7,0,9,0,5,164,0,169,0,7,171,0,178,68,0,68,246
02/28/2001,EMT,CA,AWP,WE,Towers with Display (VFR),0,4,9,0,13,0,6,183,0,189,0,10,192,0,202,160,0,160,362
03/01/2001,EMT,CA,AWP,WE,Towers with Display (VFR),0,3,10,0,13,0,7,386,0,393,0,10,396,0,406,247,0,247,653
03/02/2001,EMT,CA,AWP,WE,Towers with Display (VFR),0,4,15,0,19,0,5,324,0,329,0,9,339,0,348,266,0,266,614
03/03/2001,EMT,CA,AWP,WE,Towers with Display (VFR),0,0,13,0,13,0,0,288,0,288,0,0,301,0,301,247,0,247,548
03/04/2001,EMT,CA,AWP,WE,Towers with Display (VFR),0,0,9,0,9,0,0,155,0,155,0,0,164,0,164,322,0,322,486
03/05/2001,EMT,CA,AWP,WE,Towers with Display (VFR),0,2,6,0,8,0,9,217,0,226,0,11,223,0,234,288,0,288,522
03/06/2001,EMT,CA,AWP,WE,Towers with Display (VFR),0,3,7,0,10,0,5,220,0,225,0,8,227,0,235,355,0,355,590
03/07/2001,EMT,CA,AWP,WE,Towers with Display (VFR),0,3,8,0,11,0,5,261,0,266,0,8,269,0,277,366,0,366,643
03/08/2001,EMT,CA,AWP,WE,Towers with Display (VFR),0,3,11,0,14,0,7,289,0,296,0,10,300,0,310,292,0,292,602
03/09/2001,EMT,CA,AWP,WE,Towers with Display (VFR),6,10,27,0,43,20,0,225,0,245,26,10,252,0,288,228,0,228,516
03/10/2001,EMT,CA,AWP,WE,Towers with Display (VFR),0,0,3,0,3,0,0,312,0,312,0,0,315,0,315,282,0,282,597
03/11/2001,EMT,CA,AWP,WE,Towers with Display (VFR),0,0,11,0,11,0,0,211,0,211,0,0,222,0,222,359,0,359,581
03/12/2001,EMT,CA,AWP,WE,Towers with Display (VFR),0,2,5,0,7,0,8,254,0,262,0,10,259,0,269,357,0,357,626
03/13/2001,EMT,CA,AWP,WE,Towers with Display (VFR),0,3,7,0,10,0,0,321,0,321,0,3,328,0,331,334,0,334,665
03/14/2001,EMT,CA,AWP,WE,Towers with Display (VFR),2,2,5,0,9,10,10,289,0,309,12,12,294,0,318,184,0,184,502
03/15/2001,EMT,CA,AWP,WE,Towers with Display (VFR),3,6,17,0,26,9,4,224,0,237,12,10,241,0,263,255,0,255,518
03/16/2001,EMT,CA,AWP,WE,Towers with Display (VFR),0,8,24,0,32,0,3,252,0,255,0,11,276,0,287,174,0,174,461
03/17/2001,EMT,CA,AWP,WE,Towers with Display (VFR),0,0,7,0,7,0,0,254,0,254,0,0,261,0,261,439,0,439,700
03/18/2001,EMT,CA,AWP,WE,Towers with Display (VFR),0,0,4,0,4,0,0,295,0,295,0,0,299,0,299,319,0,319,618
03/19/2001,EMT,CA,AWP,WE,Towers with Display (VFR),0,2,8,0,10,0,5,301,0,306,0,7,309,0,316,235,0,235,551
03/20/2001,EMT,CA,AWP,WE,Towers with Display (VFR),0,5,16,0,21,0,5,386,0,391,0,10,402,0,412,305,0,305,717
03/21/2001,EMT,CA,AWP,WE,Towers with Display (VFR),2,6,15,0,23,1,1,287,0,289,3,7,302,0,312,66,0,66,378
03/22/2001,EMT,CA,AWP,WE,Towers with Display (VFR),3,6,18,0,27,3,3,166,4,176,6,9,184,4,203,494,0,494,697
03/23/2001,EMT,CA,AWP,WE,Towers with Display (VFR),0,6,18,0,24,0,3,215,0,218,0,9,233,0,242,356,0,356,598
03/24/2001,EMT,CA,AWP,WE,Towers with Display (VFR),0,0,12,0,12,0,0,129,0,129,0,0,141,0,141,120,0,120,261
03/25/2001,EMT,CA,AWP,WE,Towers with Display (VFR),0,0,15,0,15,0,0,236,0,236,0,0,251,0,251,440,0,440,691
03/26/2001,EMT,CA,AWP,WE,Towers with Display (VFR),0,4,10,0,14,0,4,280,0,284,0,8,290,0,298,563,2,565,863
03/27/2001,EMT,CA,AWP,WE,Towers with Display (VFR),0,2,6,0,8,0,7,350,0,357,0,9,356,0,365,304,2,306,671
03/28/2001,EMT,CA,AWP,WE,Towers with Display (VFR),0,5,13,0,18,0,7,168,0,175,0,12,181,0,193,109,0,109,302
03/29/2001,EMT,CA,AWP,WE,Towers with Display (VFR),3,6,19,0,28,8,2,228,0,238,11,8,247,0,266,263,0,263,529
03/30/2001,EMT,CA,AWP,WE,Towers with Display (VFR),0,5,15,0,20,0,6,284,0,290,0,11,299,0,310,287,0,287,597
03/31/2001,EMT,CA,AWP,WE,Towers with Display (VFR),0,0,14,0,14,0,0,158,0,158,0,0,172,0,172,0,0,0,172
04/01/2001,EMT,CA,AWP,WE,Towers with Display (VFR),0,0,18,0,18,0,0,50,0,50,0,0,68,0,68,32,0,32,100
04/02/2001,EMT,CA,AWP,WE,Towers with Display (VFR),0,5,8,0,13,0,3,271,0,274,0,8,279,0,287,213,0,213,500
04/03/2001,EMT,CA,AWP,WE,Towers with Display (VFR),0,5,6,0,11,0,3,265,0,268,0,8,271,0,279,259,0,259,538
04/04/2001,EMT,CA,AWP,WE,Towers with Display (VFR),0,1,18,0,19,0,0,287,0,287,0,1,305,0,306,425,0,425,731
04/05/2001,EMT,CA,AWP,WE,Towers with Display (VFR),0,0,17,0,17,0,6,297,2,305,0,6,314,2,322,322,0,322,644
04/06/2001,EMT,CA,AWP,WE,Towers with Display (VFR),0,5,11,0,16,0,3,287,0,290,0,8,298,0,306,333,0,333,639
04/07/2001,EMT,CA,AWP,WE,Towers with Display (VFR),0,0,9,0,9,0,0,49,0,49,0,0,58,0,58,114,0,114,172
04/08/2001,EMT,CA,AWP,WE,Towers with Display (VFR),0,0,10,0,10,0,0,353,0,353,0,0,363,0,363,344,0,344,707
04/09/2001,EMT,CA,AWP,WE,Towers with Display (VFR),0,4,5,0,9,0,6,198,0,204,0,10,203,0,213,248,0,248,461
04/10/2001,EMT,CA,AWP,WE,Towers with Display (VFR),0,3,5,0,8,0,2,340,10,352,0,5,345,10,360,296,2,298,658
04/11/2001,EMT,CA,AWP,WE,Towers with Display (VFR),0,5,5,0,10,0,7,270,4,281,0,12,275,4,291,473,10,483,774
04/12/2001,EMT,CA,AWP,WE,Towers with Display (VFR),0,6,13,0,19,12,1,291,10,314,12,7,304,10,333,466,0,466,799
04/13/2001,EMT,CA,AWP,WE,Towers with Display (VFR),0,6,9,0,15,0,5,293,2,300,0,11,302,2,315,325,0,325,640
04/14/2001,EMT,CA,AWP,WE,Towers with Display (VFR),0,0,5,0,5,0,0,322,0,322,0,0,327,0,327,322,0,322,649
04/15/2001,EMT,CA,AWP,WE,Towers with Display (VFR),0,0,6,0,6,0,0,216,0,216,0,0,222,0,222,291,0,291,513
04/16/2001,EMT,CA,AWP,WE,Towers with Display (VFR),0,1,7,0,8,2,11,307,0,320,2,12,314,0,328,337,0,337,665
04/17/2001,EMT,CA,AWP,WE,Towers with Display (VFR),0,0,2,0,2,0,8,327,0,335,0,8,329,0,337,231,0,231,568
04/18/2001,EMT,CA,AWP,WE,Towers with Display (VFR),0,0,4,0,4,0,8,382,0,390,0,8,386,0,394,338,0,338,732
04/19/2001,EMT,CA,AWP,WE,Towers with Display (VFR),0,6,17,0,23,2,1,202,0,205,2,7,219,0,228,239,0,239,467
04/20/2001,EMT,CA,AWP,WE,Towers with Display (VFR),0,8,8,0,16,4,0,330,0,334,4,8,338,0,350,153,0,153,503
04/21/2001,EMT,CA,AWP,WE,Towers with Display (VFR),0,0,4,0,4,0,0,226,0,226,0,0,230,0,230,204,0,204,434
04/22/2001,EMT,CA,AWP,WE,Towers with Display (VFR),0,0,12,0,12,0,0,379,0,379,0,0,391,0,391,272,0,272,663
04/23/2001,EMT,CA,AWP,WE,Towers with Display (VFR),0,1,8,0,9,0,6,284,0,290,0,7,292,0,299,231,0,231,530
04/24/2001,EMT,CA,AWP,WE,Towers with Display (VFR),0,0,9,0,9,0,8,357,0,365,0,8,366,0,374,203,0,203,577
04/25/2001,EMT,CA,AWP,WE,Towers with Display (VFR),0,1,11,0,12,0,2,343,0,345,0,3,354,0,357,169,0,169,526
04/26/2001,EMT,CA,AWP,WE,Towers with Display (VFR),6,3,11,0,20,0,7,210,0,217,6,10,221,0,237,280,0,280,517
04/27/2001,EMT,CA,AWP,WE,Towers with Display (VFR),0,7,16,0,23,0,0,244,0,244,0,7,260,0,267,210,0,210,477
04/28/2001,EMT,CA,AWP,WE,Towers with Display (VFR),0,0,19,0,19,2,0,136,0,138,2,0,155,0,157,167,0,167,324
04/29/2001,EMT,CA,AWP,WE,Towers with Display (VFR),0,0,17,0,17,0,0,247,0,247,0,0,264,0,264,403,0,403,667
04/30/2001,EMT,CA,AWP,WE,Towers with Display (VFR),0,6,13,0,19,0,0,303,0,303,0,6,316,0,322,273,0,273,595
05/01/2001,EMT,CA,AWP,WE,Towers with Display (VFR),0,7,63,0,70,0,1,188,0,189,0,8,251,0,259,196,0,196,455
05/02/2001,EMT,CA,AWP,WE,Towers with Display (VFR),1,6,15,0,22,0,7,195,0,202,1,13,210,0,224,417,0,417,641
05/03/2001,EMT,CA,AWP,WE,Towers with Display (VFR),0,2,1,0,3,0,5,314,0,319,0,7,315,0,322,231,0,231,553
05/04/2001,EMT,CA,AWP,WE,Towers with Display (VFR),0,3,4,0,7,0,9,360,0,369,0,12,364,0,376,236,0,236,612
05/05/2001,EMT,CA,AWP,WE,Towers with Display (VFR),0,0,9,0,9,0,0,267,0,267,0,0,276,0,276,197,0,197,473
05/06/2001,EMT,CA,AWP,WE,Towers with Display (VFR),0,0,13,0,13,0,0,343,0,343,0,0,356,0,356,261,0,261,617
05/07/2001,EMT,CA,AWP,WE,Towers with Display (VFR),0,4,13,0,17,0,5,318,0,323,0,9,331,0,340,183,0,183,523
05/08/2001,EMT,CA,AWP,WE,Towers with Display (VFR),0,2,7,0,9,0,6,343,0,349,0,8,350,0,358,309,0,309,667
05/09/2001,EMT,CA,AWP,WE,Towers with Display (VFR),0,2,13,0,15,0,7,314,0,321,0,9,327,0,336,206,0,206,542
05/10/2001,EMT,CA,AWP,WE,Towers with Display (VFR),0,4,7,0,11,0,5,289,0,294,0,9,296,0,305,411,0,411,716
05/11/2001,EMT,CA,AWP,WE,Towers with Display (VFR),0,3,20,0,23,0,6,204,0,210,0,9,224,0,233,241,0,241,474
05/12/2001,EMT,CA,AWP,WE,Towers with Display (VFR),0,0,17,0,17,4,0,132,0,136,4,0,149,0,153,74,0,74,227
05/13/2001,EMT,CA,AWP,WE,Towers with Display (VFR),0,0,20,0,20,0,0,190,0,190,0,0,210,0,210,279,0,279,489
05/14/2001,EMT,CA,AWP,WE,Towers with Display (VFR),0,4,8,0,12,0,1,200,0,201,0,5,208,0,213,366,0,366,579
05/15/2001,EMT,CA,AWP,WE,Towers with Display (VFR),0,6,20,0,26,6,2,248,0,256,6,8,268,0,282,290,0,290,572
05/16/2001,EMT,CA,AWP,WE,Towers with Display (VFR),0,5,95,0,100,15,0,116,0,131,15,5,211,0,231,273,0,273,504
05/17/2001,EMT,CA,AWP,WE,Towers with Display (VFR),0,2,13,0,15,1,6,243,0,250,1,8,256,0,265,305,0,305,570
05/18/2001,EMT,CA,AWP,WE,Towers with Display (VFR),0,8,12,0,20,0,2,210,0,212,0,10,222,0,232,266,0,266,498
05/19/2001,EMT,CA,AWP,WE,Towers with Display (VFR),0,0,14,0,14,0,0,183,2,185,0,0,197,2,199,216,0,216,415
05/20/2001,EMT,CA,AWP,WE,Towers with Display (VFR),0,0,11,0,11,20,0,160,4,184,20,0,171,4,195,469,0,469,664
05/21/2001,EMT,CA,AWP,WE,Towers with Display (VFR),0,5,14,0,19,2,4,182,0,188,2,9,196,0,207,313,0,313,520
05/22/2001,EMT,CA,AWP,WE,Towers with Display (VFR),0,4,23,0,27,0,5,213,0,218,0,9,236,0,245,355,0,355,600
05/23/2001,EMT,CA,AWP,WE,Towers with Display (VFR),0,2,11,0,13,0,7,258,0,265,0,9,269,0,278,204,0,204,482
05/24/2001,EMT,CA,AWP,WE,Towers with Display (VFR),0,5,16,0,21,0,3,199,0,202,0,8,215,0,223,264,0,264,487
05/25/2001,EMT,CA,AWP,WE,Towers with Display (VFR),0,3,19,0,22,0,7,215,0,222,0,10,234,0,244,261,0,261,505
05/26/2001,EMT,CA,AWP,WE,Towers with Display (VFR),0,0,15,0,15,0,0,97,0,97,0,0,112,0,112,279,0,279,391
05/27/2001,EMT,CA,AWP,WE,Towers with Display (VFR),0,0,25,0,25,0,0,73,0,73,0,0,98,0,98,271,0,271,369
05/28/2001,EMT,CA,AWP,WE,Towers with Display (VFR),0,0,31,0,31,0,1,298,0,299,0,1,329,0,330,363,0,363,693
05/29/2001,EMT,CA,AWP,WE,Towers with Display (VFR),0,2,8,0,10,0,6,267,0,273,0,8,275,0,283,267,0,267,550
05/30/2001,EMT,CA,AWP,WE,Towers with Display (VFR),0,3,8,0,11,0,5,286,0,291,0,8,294,0,302,310,0,310,612
05/31/2001,EMT,CA,AWP,WE,Towers with Display (VFR),0,5,11,0,16,2,6,293,0,301,2,11,304,0,317,277,0,277,594
06/01/2001,EMT,CA,AWP,WE,Towers with Display (VFR),0,11,15,0,26,6,4,170,2,182,6,15,185,2,208,317,0,317,525
06/02/2001,EMT,CA,AWP,WE,Towers with Display (VFR),0,0,26,0,26,0,0,86,0,86,0,0,112,0,112,304,0,304,416
06/03/2001,EMT,CA,AWP,WE,Towers with Display (VFR),0,0,7,0,7,4,0,101,5,110,4,0,108,5,117,304,0,304,421
06/04/2001,EMT,CA,AWP,WE,Towers with Display (VFR),0,4,14,0,18,0,2,182,0,184,0,6,196,0,202,344,0,344,546
06/05/2001,EMT,CA,AWP,WE,Towers with Display (VFR),0,4,17,0,21,0,3,176,0,179,0,7,193,0,200,334,0,334,534
06/06/2001,EMT,CA,AWP,WE,Towers with Display (VFR),3,3,15,0,21,0,6,185,0,191,3,9,200,0,212,387,0,387,599
06/07/2001,EMT,CA,AWP,WE,Towers with Display (VFR),0,3,22,0,25,0,7,193,0,200,0,10,215,0,225,172,0,172,397
06/08/2001,EMT,CA,AWP,WE,Towers with Display (VFR),0,3,17,0,20,0,6,186,0,192,0,9,203,0,212,198,0,198,410
06/09/2001,EMT,CA,AWP,WE,Towers with Display (VFR),0,0,11,0,11,0,0,170,0,170,0,0,181,0,181,213,0,213,394
06/10/2001,EMT,CA,AWP,WE,Towers with Display (VFR),0,0,28,0,28,0,0,210,1,211,0,0,238,1,239,182,0,182,421
06/11/2001,EMT,CA,AWP,WE,Towers with Display (VFR),0,3,16,0,19,0,4,200,1,205,0,7,216,1,224,230,0,230,454
06/12/2001,EMT,CA,AWP,WE,Towers with Display (VFR),16,6,13,0,35,0,2,114,0,116,16,8,127,0,151,345,0,345,496
06/13/2001,EMT,CA,AWP,WE,Towers with Display (VFR),0,1,15,0,16,0,0,201,0,201,0,1,216,0,217,255,0,255,472
06/14/2001,EMT,CA,AWP,WE,Towers with Display (VFR),0,0,12,0,12,0,8,244,1,253,0,8,256,1,265,150,0,150,415
06/15/2001,EMT,CA,AWP,WE,Towers with Display (VFR),0,3,14,0,17,0,6,290,0,296,0,9,304,0,313,196,0,196,509
06/16/2001,EMT,CA,AWP,WE,Towers with Display (VFR),0,0,10,0,10,0,0,234,0,234,0,0,244,0,244,247,0,247,491
06/17/2001,EMT,CA,AWP,WE,Towers with Display (VFR),0,0,17,0,17,0,0,204,0,204,0,0,221,0,221,149,0,149,370
06/18/2001,EMT,CA,AWP,WE,Towers with Display (VFR),0,3,6,0,9,0,3,192,0,195,0,6,198,0,204,282,0,282,486
06/19/2001,EMT,CA,AWP,WE,Towers with Display (VFR),0,2,9,0,11,0,7,217,0,224,0,9,226,0,235,269,0,269,504
06/20/2001,EMT,CA,AWP,WE,Towers with Display (VFR),0,1,14,0,15,0,4,277,0,281,0,5,291,0,296,297,0,297,593
06/21/2001,EMT,CA,AWP,WE,Towers with Display (VFR),0,2,13,0,15,1,6,256,2,265,1,8,269,2,280,313,0,313,593
06/22/2001,EMT,CA,AWP,WE,Towers with Display (VFR),0,2,11,0,13,0,7,237,0,244,0,9,248,0,257,236,0,236,493
06/23/2001,EMT,CA,AWP,WE,Towers with Display (VFR),0,0,21,0,21,0,0,187,0,187,0,0,208,0,208,227,0,227,435
06/24/2001,EMT,CA,AWP,WE,Towers with Display (VFR),0,0,13,0,13,0,0,247,1,248,0,0,260,1,261,271,0,271,532
06/25/2001,EMT,CA,AWP,WE,Towers with Display (VFR),0,3,5,0,8,1,4,222,0,227,1,7,227,0,235,192,0,192,427
06/26/2001,EMT,CA,AWP,WE,Towers with Display (VFR),0,2,12,0,14,0,4,216,0,220,0,6,228,0,234,268,0,268,502
06/27/2001,EMT,CA,AWP,WE,Towers with Display (VFR),0,3,17,0,20,0,8,198,0,206,0,11,215,0,226,208,0,208,434
06/28/2001,EMT,CA,AWP,WE,Towers with Display (VFR),0,2,14,0,16,0,6,234,0,240,0,8,248,0,256,185,0,185,441
06/29/2001,EMT,CA,AWP,WE,Towers with Display (VFR),0,6,12,0,18,0,2,257,0,259,0,8,269,0,277,277,1,278,555
06/30/2001,EMT,CA,AWP,WE,Towers with Display (VFR),0,0,11,0,11,0,0,197,0,197,0,0,208,0,208,259,0,259,467
07/01/2001,EMT,CA,AWP,WE,Towers with Display (VFR),0,0,15,0,15,0,0,228,0,228,0,0,243,0,243,295,0,295,538
07/02/2001,EMT,CA,AWP,WE,Towers with Display (VFR),0,2,15,0,17,0,4,221,0,225,0,6,236,0,242,196,0,196,438
07/03/2001,EMT,CA,AWP,WE,Towers with Display (VFR),0,3,11,0,14,0,4,222,0,226,0,7,233,0,240,271,0,271,511
07/04/2001,EMT,CA,AWP,WE,Towers with Display (VFR),0,0,17,0,17,0,0,161,0,161,0,0,178,0,178,133,0,133,311
07/05/2001,EMT,CA,AWP,WE,Towers with Display (VFR),0,3,10,0,13,0,2,201,0,203,0,5,211,0,216,242,0,242,458
07/06/2001,EMT,CA,AWP,WE,Towers with Display (VFR),0,6,17,0,23,0,0,139,0,139,0,6,156,0,162,333,0,333,495
07/07/2001,EMT,CA,AWP,WE,Towers with Display (VFR),0,0,11,0,11,0,0,216,0,216,0,0,227,0,227,359,0,359,586
07/08/2001,EMT,CA,AWP,WE,Towers with Display (VFR),0,0,13,0,13,0,0,271,0,271,0,0,284,0,284,292,0,292,576
07/09/2001,EMT,CA,AWP,WE,Towers with Display (VFR),0,1,12,0,13,0,7,291,0,298,0,8,303,0,311,198,0,198,509
07/10/2001,EMT,CA,AWP,WE,Towers with Display (VFR),0,3,13,1,17,0,4,208,0,212,0,7,221,1,229,321,2,323,552
07/11/2001,EMT,CA,AWP,WE,Towers with Display (VFR),0,3,15,0,18,0,6,139,0,145,0,9,154,0,163,168,0,168,331
07/12/2001,EMT,CA,AWP,WE,Towers with Display (VFR),0,1,0,0,1,0,4,238,0,242,0,5,238,0,243,307,0,307,550
07/13/2001,EMT,CA,AWP,WE,Towers with Display (VFR),0,6,12,0,18,0,1,226,0,227,0,7,238,0,245,269,0,269,514
07/14/2001,EMT,CA,AWP,WE,Towers with Display (VFR),0,0,8,0,8,0,0,223,0,223,0,0,231,0,231,304,0,304,535
07/15/2001,EMT,CA,AWP,WE,Towers with Display (VFR),0,0,6,0,6,1,0,255,0,256,1,0,261,0,262,331,0,331,593
07/16/2001,EMT,CA,AWP,WE,Towers with Display (VFR),3,4,10,0,17,0,3,207,0,210,3,7,217,0,227,253,0,253,480
07/17/2001,EMT,CA,AWP,WE,Towers with Display (VFR),0,3,7,0,10,0,6,244,0,250,0,9,251,0,260,289,0,289,549
07/18/2001,EMT,CA,AWP,WE,Towers with Display (VFR),0,4,12,0,16,0,5,178,0,183,0,9,190,0,199,227,0,227,426
07/19/2001,EMT,CA,AWP,WE,Towers with Display (VFR),0,5,18,0,23,0,0,211,0,211,0,5,229,0,234,263,0,263,497
07/20/2001,EMT,CA,AWP,WE,Towers with Display (VFR),0,3,10,0,13,0,6,246,0,252,0,9,256,0,265,253,0,253,518
07/21/2001,EMT,CA,AWP,WE,Towers with Display (VFR),0,0,7,0,7,0,0,221,0,221,0,0,228,0,228,314,0,314,542
07/22/2001,EMT,CA,AWP,WE,Towers with Display (VFR),0,0,13,0,13,0,0,261,0,261,0,0,274,0,274,318,0,318,592
07/23/2001,EMT,CA,AWP,WE,Towers with Display (VFR),0,3,13,0,16,0,1,204,0,205,0,4,217,0,221,336,0,336,557
07/24/2001,EMT,CA,AWP,WE,Towers with Display (VFR),8,2,16,0,26,0,1,218,0,219,8,3,234,0,245,355,0,355,600
07/25/2001,EMT,CA,AWP,WE,Towers with Display (VFR),0,5,15,0,20,2,1,172,0,175,2,6,187,0,195,196,0,196,391
07/26/2001,EMT,CA,AWP,WE,Towers with Display (VFR),0,4,15,0,19,0,3,178,0,181,0,7,193,0,200,294,0,294,494
07/27/2001,EMT,CA,AWP,WE,Towers with Display (VFR),0,5,9,0,14,0,1,166,0,167,0,6,175,0,181,217,0,217,398
07/28/2001,EMT,CA,AWP,WE,Towers with Display (VFR),0,0,16,0,16,0,0,210,0,210,0,0,226,0,226,211,0,211,437
07/29/2001,EMT,CA,AWP,WE,Towers with Display (VFR),0,0,14,0,14,0,0,210,2,212,0,0,224,2,226,140,0,140,366
07/30/2001,EMT,CA,AWP,WE,Towers with Display (VFR),2,4,11,0,17,0,4,148,0,152,2,8,159,0,169,270,0,270,439
07/31/2001,EMT,CA,AWP,WE,Towers with Display (VFR),1,5,12,0,18,0,3,190,0,193,1,8,202,0,211,199,0,199,410
08/01/2001,EMT,CA,AWP,WE,Towers with Display (VFR),0,5,17,0,22,2,0,178,0,180,2,5,195,0,202,262,0,262,464
08/02/2001,EMT,CA,AWP,WE,Towers with Display (VFR),0,5,11,0,16,1,0,196,0,197,1,5,207,0,213,245,0,245,458
08/03/2001,EMT,CA,AWP,WE,Towers with Display (VFR),2,5,6,0,13,0,0,226,0,226,2,5,232,0,239,249,0,249,488
08/04/2001,EMT,CA,AWP,WE,Towers with Display (VFR),0,0,10,0,10,0,0,155,0,155,0,0,165,0,165,191,0,191,356
08/05/2001,EMT,CA,AWP,WE,Towers with Display (VFR),0,0,7,0,7,0,0,256,0,256,0,0,263,0,263,283,0,283,546
08/06/2001,EMT,CA,AWP,WE,Towers with Display (VFR),0,2,8,0,10,0,8,215,0,223,0,10,223,0,233,277,0,277,510
08/07/2001,EMT,CA,AWP,WE,Towers with Display (VFR),0,2,8,0,10,0,5,264,6,275,0,7,272,6,285,382,0,382,667
08/08/2001,EMT,CA,AWP,WE,Towers with Display (VFR),0,2,9,0,11,0,2,242,0,244,0,4,251,0,255,295,0,295,550
08/09/2001,EMT,CA,AWP,WE,Towers with Display (VFR),0,3,1,0,4,0,5,246,6,257,0,8,247,6,261,188,0,188,449
08/10/2001,EMT,CA,AWP,WE,Towers with Display (VFR),0,4,20,0,24,0,9,209,0,218,0,13,229,0,242,271,0,271,513
08/11/2001,EMT,CA,AWP,WE,Towers with Display (VFR),0,0,16,0,16,0,0,227,0,227,0,0,243,0,243,393,0,393,636
08/12/2001,EMT,CA,AWP,WE,Towers with Display (VFR),0,0,10,0,10,0,0,214,0,214,0,0,224,0,224,326,0,326,550
08/13/2001,EMT,CA,AWP,WE,Towers with Display (VFR),0,3,16,0,19,0,7,201,0,208,0,10,217,0,227,324,0,324,551
08/14/2001,EMT,CA,AWP,WE,Towers with Display (VFR),0,3,14,0,17,0,8,250,0,258,0,11,264,0,275,335,0,335,610
08/15/2001,EMT,CA,AWP,WE,Towers with Display (VFR),0,4,6,0,10,0,1,228,0,229,0,5,234,0,239,474,0,474,713
08/16/2001,EMT,CA,AWP,WE,Towers with Display (VFR),4,2,11,0,17,0,10,256,1,267,4,12,267,1,284,396,0,396,680
08/17/2001,EMT,CA,AWP,WE,Towers with Display (VFR),0,7,5,0,12,0,4,259,0,263,0,11,264,0,275,309,0,309,584
08/18/2001,EMT,CA,AWP,WE,Towers with Display (VFR),0,0,6,0,6,0,0,215,0,215,0,0,221,0,221,284,0,284,505
08/19/2001,EMT,CA,AWP,WE,Towers with Display (VFR),0,0,9,0,9,0,0,279,0,279,0,0,288,0,288,205,0,205,493
08/20/2001,EMT,CA,AWP,WE,Towers with Display (VFR),0,1,10,0,11,0,8,248,0,256,0,9,258,0,267,365,0,365,632
08/21/2001,EMT,CA,AWP,WE,Towers with Display (VFR),0,2,19,0,21,1,6,245,0,252,1,8,264,0,273,289,0,289,562
08/22/2001,EMT,CA,AWP,WE,Towers with Display (VFR),0,2,16,0,18,0,6,181,1,188,0,8,197,1,206,332,0,332,538
08/23/2001,EMT,CA,AWP,WE,Towers with Display (VFR),0,2,13,0,15,0,6,222,0,228,0,8,235,0,243,291,0,291,534
08/24/2001,EMT,CA,AWP,WE,Towers with Display (VFR),0,3,9,0,12,0,7,214,0,221,0,10,223,0,233,313,0,313,546
08/25/2001,EMT,CA,AWP,WE,Towers with Display (VFR),0,0,13,0,13,0,0,220,0,220,0,0,233,0,233,313,0,313,546
08/26/2001,EMT,CA,AWP,WE,Towers with Display (VFR),0,0,16,0,16,0,0,272,0,272,0,0,288,0,288,256,0,256,544
08/27/2001,EMT,CA,AWP,WE,Towers with Display (VFR),0,2,12,0,14,0,7,157,0,164,0,9,169,0,178,209,0,209,387
08/28/2001,EMT,CA,AWP,WE,Towers with Display (VFR),0,1,18,0,19,0,4,173,0,177,0,5,191,0,196,233,0,233,429
08/29/2001,EMT,CA,AWP,WE,Towers with Display (VFR),0,2,19,0,21,0,11,204,1,216,0,13,223,1,237,278,0,278,515
08/30/2001,EMT,CA,AWP,WE,Towers with Display (VFR),0,3,11,0,14,0,3,143,0,146,0,6,154,0,160,280,0,280,440
08/31/2001,EMT,CA,AWP,WE,Towers with Display (VFR),0,1,8,0,9,0,4,253,0,257,0,5,261,0,266,270,0,270,536
09/01/2001,EMT,CA,AWP,WE,Towers with Display (VFR),0,0,15,0,15,0,0,212,0,212,0,0,227,0,227,218,0,218,445
09/02/2001,EMT,CA,AWP,WE,Towers with Display (VFR),0,0,4,0,4,0,0,242,0,242,0,0,246,0,246,284,0,284,530
09/03/2001,EMT,CA,AWP,WE,Towers with Display (VFR),2,0,18,0,20,0,0,203,0,203,2,0,221,0,223,245,0,245,468
09/04/2001,EMT,CA,AWP,WE,Towers with Display (VFR),0,4,15,0,19,0,4,149,0,153,0,8,164,0,172,216,0,216,388
09/05/2001,EMT,CA,AWP,WE,Towers with Display (VFR),0,3,14,0,17,0,5,188,0,193,0,8,202,0,210,139,0,139,349
09/06/2001,EMT,CA,AWP,WE,Towers with Display (VFR),0,4,13,0,17,6,5,137,0,148,6,9,150,0,165,271,0,271,436
09/07/2001,EMT,CA,AWP,WE,Towers with Display (VFR),0,3,15,0,18,0,2,185,2,189,0,5,200,2,207,221,0,221,428
09/08/2001,EMT,CA,AWP,WE,Towers with Display (VFR),0,0,17,0,17,0,0,174,0,174,0,0,191,0,191,295,0,295,486
09/09/2001,EMT,CA,AWP,WE,Towers with Display (VFR),0,1,24,0,25,0,0,146,0,146,0,1,170,0,171,291,0,291,462
09/10/2001,EMT,CA,AWP,WE,Towers with Display (VFR),0,4,19,0,23,0,0,154,0,154,0,4,173,0,177,173,0,173,350
09/11/2001,EMT,CA,AWP,WE,Towers with Display (VFR),0,0,0,0,0,0,0,33,0,33,0,0,33,0,33,0,0,0,33
09/12/2001,EMT,CA,AWP,WE,Towers with Display (VFR),0,0,0,0,0,0,0,32,0,32,0,0,32,0,32,0,0,0,32
09/13/2001,EMT,CA,AWP,WE,Towers with Display (VFR),0,1,0,0,1,0,1,25,0,26,0,2,25,0,27,0,0,0,27
09/14/2001,EMT,CA,AWP,WE,Towers with Display (VFR),0,3,0,0,3,0,0,60,0,60,0,3,60,0,63,0,0,0,63
09/15/2001,EMT,CA,AWP,WE,Towers with Display (VFR),0,0,25,0,25,0,0,28,0,28,0,0,53,0,53,0,0,0,53
09/16/2001,EMT,CA,AWP,WE,Towers with Display (VFR),0,0,0,0,0,0,0,21,0,21,0,0,21,0,21,0,0,0,21
09/17/2001,EMT,CA,AWP,WE,Towers with Display (VFR),0,7,31,0,38,0,1,54,0,55,0,8,85,0,93,0,0,0,93
09/18/2001,EMT,CA,AWP,WE,Towers with Display (VFR),0,8,24,0,32,0,0,58,0,58,0,8,82,0,90,0,0,0,90
09/19/2001,EMT,CA,AWP,WE,Towers with Display (VFR),0,6,23,0,29,0,3,52,0,55,0,9,75,0,84,0,0,0,84
09/20/2001,EMT,CA,AWP,WE,Towers with Display (VFR),0,7,13,0,20,0,3,70,0,73,0,10,83,0,93,0,0,0,93
09/21/2001,EMT,CA,AWP,WE,Towers with Display (VFR),0,4,25,0,29,0,6,65,0,71,0,10,90,0,100,1,0,1,101
09/22/2001,EMT,CA,AWP,WE,Towers with Display (VFR),0,0,21,0,21,0,0,195,0,195,0,0,216,0,216,253,0,253,469
09/23/2001,EMT,CA,AWP,WE,Towers with Display (VFR),0,0,20,0,20,0,0,168,0,168,0,0,188,0,188,159,0,159,347
09/24/2001,EMT,CA,AWP,WE,Towers with Display (VFR),0,4,24,0,28,0,6,158,1,165,0,10,182,1,193,253,0,253,446
09/25/2001,EMT,CA,AWP,WE,Towers with Display (VFR),0,3,8,0,11,0,6,185,0,191,0,9,193,0,202,155,0,155,357
09/26/2001,EMT,CA,AWP,WE,Towers with Display (VFR),0,3,24,0,27,0,7,147,0,154,0,10,171,0,181,104,0,104,285
09/27/2001,EMT,CA,AWP,WE,Towers with Display (VFR),0,5,17,0,22,0,7,190,0,197,0,12,207,0,219,201,0,201,420
09/28/2001,EMT,CA,AWP,WE,Towers with Display (VFR),0,9,21,0,30,0,0,214,0,214,0,9,235,0,244,180,0,180,424
09/29/2001,EMT,CA,AWP,WE,Towers with Display (VFR),0,0,13,0,13,0,0,213,0,213,0,0,226,0,226,238,0,238,464
09/30/2001,EMT,CA,AWP,WE,Towers with Display (VFR),0,0,14,0,14,0,0,181,0,181,0,0,195,0,195,256,0,256,451
10/01/2001,EMT,CA,AWP,WE,Towers with Display (VFR),0,5,16,0,21,0,6,208,0,214,0,11,224,0,235,162,0,162,397
10/02/2001,EMT,CA,AWP,WE,Towers with Display (VFR),1,4,14,0,19,0,4,185,0,189,1,8,199,0,208,167,0,167,375
10/03/2001,EMT,CA,AWP,WE,Towers with Display (VFR),0,5,17,0,22,0,3,167,0,170,0,8,184,0,192,189,0,189,381
10/04/2001,EMT,CA,AWP,WE,Towers with Display (VFR),0,6,25,0,31,0,4,200,2,206,0,10,225,2,237,169,0,169,406
10/05/2001,EMT,CA,AWP,WE,Towers with Display (VFR),0,6,22,0,28,0,5,226,0,231,0,11,248,0,259,210,0,210,469
10/06/2001,EMT,CA,AWP,WE,Towers with Display (VFR),0,0,15,0,15,0,0,167,0,167,0,0,182,0,182,266,2,268,450
10/07/2001,EMT,CA,AWP,WE,Towers with Display (VFR),0,0,27,0,27,0,0,202,0,202,0,0,229,0,229,276,0,276,505
10/08/2001,EMT,CA,AWP,WE,Towers with Display (VFR),0,0,15,0,15,0,0,196,0,196,0,0,211,0,211,222,0,222,433
10/09/2001,EMT,CA,AWP,WE,Towers with Display (VFR),0,8,13,0,21,0,4,159,0,163,0,12,172,0,184,184,0,184,368
10/10/2001,EMT,CA,AWP,WE,Towers with Display (VFR),0,3,17,0,20,0,8,216,0,224,0,11,233,0,244,220,0,220,464
10/11/2001,EMT,CA,AWP,WE,Towers with Display (VFR),0,9,27,0,36,0,3,168,0,171,0,12,195,0,207,294,0,294,501
10/12/2001,EMT,CA,AWP,WE,Towers with Display (VFR),0,8,12,0,20,0,1,170,0,171,0,9,182,0,191,181,0,181,372
10/13/2001,EMT,CA,AWP,WE,Towers with Display (VFR),0,0,15,0,15,0,0,176,0,176,0,0,191,0,191,240,0,240,431
10/14/2001,EMT,CA,AWP,WE,Towers with Display (VFR),0,0,27,0,27,0,0,154,0,154,0,0,181,0,181,279,0,279,460
10/15/2001,EMT,CA,AWP,WE,Towers with Display (VFR),0,5,19,0,24,0,1,202,0,203,0,6,221,0,227,61,0,61,288
10/16/2001,EMT,CA,AWP,WE,Towers with Display (VFR),0,7,22,0,29,0,5,146,0,151,0,12,168,0,180,270,0,270,450
10/17/2001,EMT,CA,AWP,WE,Towers with Display (VFR),0,3,19,0,22,0,0,191,0,191,0,3,210,0,213,166,0,166,379
10/18/2001,EMT,CA,AWP,WE,Towers with Display (VFR),0,4,15,0,19,0,6,190,0,196,0,10,205,0,215,279,0,279,494
10/19/2001,EMT,CA,AWP,WE,Towers with Display (VFR),0,6,22,0,28,0,0,193,0,193,0,6,215,0,221,284,0,284,505
10/20/2001,EMT,CA,AWP,WE,Towers with Display (VFR),0,0,21,0,21,0,0,101,0,101,0,0,122,0,122,95,0,95,217
10/21/2001,EMT,CA,AWP,WE,Towers with Display (VFR),0,0,23,0,23,0,0,107,0,107,0,0,130,0,130,138,0,138,268
10/22/2001,EMT,CA,AWP,WE,Towers with Display (VFR),0,6,21,0,27,0,6,159,0,165,0,12,180,0,192,158,0,158,350
10/23/2001,EMT,CA,AWP,WE,Towers with Display (VFR),0,0,0,0,0,0,5,202,0,207,0,5,202,0,207,0,0,0,207
10/24/2001,EMT,CA,AWP,WE,Towers with Display (VFR),0,6,19,0,25,0,4,166,0,170,0,10,185,0,195,86,0,86,281
10/25/2001,EMT,CA,AWP,WE,Towers with Display (VFR),0,6,12,0,18,0,6,107,0,113,0,12,119,0,131,167,0,167,298
10/26/2001,EMT,CA,AWP,WE,Towers with Display (VFR),0,2,25,0,27,0,0,182,2,184,0,2,207,2,211,238,0,238,449
10/27/2001,EMT,CA,AWP,WE,Towers with Display (VFR),0,0,15,0,15,0,0,220,4,224,0,0,235,4,239,277,0,277,516
10/28/2001,EMT,CA,AWP,WE,Towers with Display (VFR),0,2,38,0,40,0,0,115,0,115,0,2,153,0,155,332,0,332,487
10/29/2001,EMT,CA,AWP,WE,Towers with Display (VFR),0,6,11,0,17,0,8,225,0,233,0,14,236,0,250,163,0,163,413
10/30/2001,EMT,CA,AWP,WE,Towers with Display (VFR),0,4,17,0,21,0,6,200,0,206,0,10,217,0,227,134,0,134,361
10/31/2001,EMT,CA,AWP,WE,Towers with Display (VFR),0,6,24,0,30,0,7,139,0,146,0,13,163,0,176,179,0,179,355
11/01/2001,EMT,CA,AWP,WE,Towers with Display (VFR),0,3,17,0,20,0,0,179,0,179,0,3,196,0,199,200,0,200,399
11/02/2001,EMT,CA,AWP,WE,Towers with Display (VFR),0,6,25,0,31,0,0,130,0,130,0,6,155,0,161,76,0,76,237
11/03/2001,EMT,CA,AWP,WE,Towers with Display (VFR),0,0,6,0,6,0,0,185,0,185,0,0,191,0,191,336,0,336,527
11/04/2001,EMT,CA,AWP,WE,Towers with Display (VFR),0,0,40,0,40,0,2,141,1,144,0,2,181,1,184,9,0,9,193
11/05/2001,EMT,CA,AWP,WE,Towers with Display (VFR),0,9,19,0,28,2,0,136,0,138,2,9,155,0,166,83,0,83,249
11/06/2001,EMT,CA,AWP,WE,Towers with Display (VFR),0,11,25,0,36,0,0,124,0,124,0,11,149,0,160,0,0,0,160
11/07/2001,EMT,CA,AWP,WE,Towers with Display (VFR),0,10,30,0,40,0,0,232,2,234,0,10,262,2,274,0,0,0,274
11/08/2001,EMT,CA,AWP,WE,Towers with Display (VFR),0,7,13,0,20,0,3,202,0,205,0,10,215,0,225,201,0,201,426
11/09/2001,EMT,CA,AWP,WE,Towers with Display (VFR),0,8,18,0,26,0,0,256,0,256,0,8,274,0,282,187,0,187,469
11/10/2001,EMT,CA,AWP,WE,Towers with Display (VFR),0,0,15,0,15,0,0,181,0,181,0,0,196,0,196,240,0,240,436
11/11/2001,EMT,CA,AWP,WE,Towers with Display (VFR),0,0,12,0,12,0,0,177,2,179,0,0,189,2,191,227,0,227,418
11/12/2001,EMT,CA,AWP,WE,Towers with Display (VFR),0,0,14,0,14,0,20,121,0,141,0,20,135,0,155,283,0,283,438
11/13/2001,EMT,CA,AWP,WE,Towers with Display (VFR),0,6,10,0,16,0,4,273,0,277,0,10,283,0,293,258,0,258,551
11/14/2001,EMT,CA,AWP,WE,Towers with Display (VFR),0,7,10,0,17,0,4,224,2,230,0,11,234,2,247,215,0,215,462
11/15/2001,EMT,CA,AWP,WE,Towers with Display (VFR),0,7,10,0,17,0,2,303,1,306,0,9,313,1,323,269,0,269,592
11/16/2001,EMT,CA,AWP,WE,Towers with Display (VFR),0,5,14,0,19,0,0,195,0,195,0,5,209,0,214,238,0,238,452
11/17/2001,EMT,CA,AWP,WE,Towers with Display (VFR),0,0,11,0,11,0,0,209,8,217,0,0,220,8,228,208,0,208,436
11/18/2001,EMT,CA,AWP,WE,Towers with Display (VFR),0,0,8,0,8,0,0,186,0,186,0,0,194,0,194,228,0,228,422
11/19/2001,EMT,CA,AWP,WE,Towers with Display (VFR),0,8,19,0,27,0,0,203,0,203,0,8,222,0,230,169,0,169,399
11/20/2001,EMT,CA,AWP,WE,Towers with Display (VFR),0,6,18,0,24,0,4,200,0,204,0,10,218,0,228,157,0,157,385
11/21/2001,EMT,CA,AWP,WE,Towers with Display (VFR),0,9,11,0,20,0,5,271,0,276,0,14,282,0,296,259,0,259,555
11/22/2001,EMT,CA,AWP,WE,Towers with Display (VFR),0,0,14,0,14,0,0,113,0,113,0,0,127,0,127,166,1,167,294
11/23/2001,EMT,CA,AWP,WE,Towers with Display (VFR),0,8,21,0,29,0,0,224,0,224,0,8,245,0,253,234,0,234,487
11/24/2001,EMT,CA,AWP,WE,Towers with Display (VFR),0,0,13,0,13,0,0,86,0,86,0,0,99,0,99,71,0,71,170
11/25/2001,EMT,CA,AWP,WE,Towers with Display (VFR),0,0,28,0,28,0,0,229,0,229,0,0,257,0,257,214,0,214,471
11/26/2001,EMT,CA,AWP,WE,Towers with Display (VFR),0,7,13,0,20,0,3,205,0,208,0,10,218,0,228,277,0,277,505
11/27/2001,EMT,CA,AWP,WE,Towers with Display (VFR),0,4,2,0,6,0,6,155,0,161,0,10,157,0,167,28,0,28,195
11/28/2001,EMT,CA,AWP,WE,Towers with Display (VFR),0,5,5,0,10,0,0,141,0,141,0,5,146,0,151,6,0,6,157
11/29/2001,EMT,CA,AWP,WE,Towers with Display (VFR),0,7,13,0,20,0,0,117,0,117,0,7,130,0,137,137,0,137,274
11/30/2001,EMT,CA,AWP,WE,Towers with Display (VFR),0,11,17,1,29,0,0,218,2,220,0,11,235,3,249,262,0,262,511
12/01/2001,EMT,CA,AWP,WE,Towers with Display (VFR),0,0,10,0,10,0,0,251,0,251,0,0,261,0,261,294,0,294,555
12/02/2001,EMT,CA,AWP,WE,Towers with Display (VFR),0,0,10,0,10,0,0,139,0,139,0,0,149,0,149,167,0,167,316
12/03/2001,EMT,CA,AWP,WE,Towers with Display (VFR),0,6,2,0,8,0,0,158,0,158,0,6,160,0,166,143,0,143,309
12/04/2001,EMT,CA,AWP,WE,Towers with Display (VFR),0,7,6,0,13,0,0,126,0,126,0,7,132,0,139,33,0,33,172
12/05/2001,EMT,CA,AWP,WE,Towers with Display (VFR),0,8,6,0,14,0,4,183,0,187,0,12,189,0,201,140,0,140,341
12/06/2001,EMT,CA,AWP,WE,Towers with Display (VFR),0,7,8,0,15,0,0,237,0,237,0,7,245,0,252,207,0,207,459
12/07/2001,EMT,CA,AWP,WE,Towers with Display (VFR),0,13,5,0,18,0,4,215,0,219,0,17,220,0,237,263,0,263,500
12/08/2001,EMT,CA,AWP,WE,Towers with Display (VFR),0,0,6,0,6,0,0,185,0,185,0,0,191,0,191,240,0,240,431
12/09/2001,EMT,CA,AWP,WE,Towers with Display (VFR),0,0,12,0,12,0,0,208,0,208,0,0,220,0,220,223,0,223,443
12/10/2001,EMT,CA,AWP,WE,Towers with Display (VFR),0,7,9,0,16,0,0,168,0,168,0,7,177,0,184,197,0,197,381
12/11/2001,EMT,CA,AWP,WE,Towers with Display (VFR),0,9,12,0,21,0,3,190,2,195,0,12,202,2,216,116,0,116,332
12/12/2001,EMT,CA,AWP,WE,Towers with Display (VFR),0,0,19,0,19,0,8,206,0,214,0,8,225,0,233,261,0,261,494
12/13/2001,EMT,CA,AWP,WE,Towers with Display (VFR),0,7,10,0,17,0,1,223,0,224,0,8,233,0,241,184,0,184,425
12/14/2001,EMT,CA,AWP,WE,Towers with Display (VFR),0,5,11,0,16,0,6,101,0,107,0,11,112,0,123,30,0,30,153
12/15/2001,EMT,CA,AWP,WE,Towers with Display (VFR),0,0,8,0,8,0,0,220,0,220,0,0,228,0,228,274,0,274,502
12/16/2001,EMT,CA,AWP,WE,Towers with Display (VFR),0,0,18,0,18,0,0,216,0,216,0,0,234,0,234,209,0,209,443
12/17/2001,EMT,CA,AWP,WE,Towers with Display (VFR),0,4,11,0,15,0,6,182,0,188,0,10,193,0,203,191,0,191,394
12/18/2001,EMT,CA,AWP,WE,Towers with Display (VFR),0,6,19,0,25,0,3,208,0,211,0,9,227,0,236,152,0,152,388
12/19/2001,EMT,CA,AWP,WE,Towers with Display (VFR),0,4,22,0,26,0,3,206,0,209,0,7,228,0,235,196,0,196,431
12/20/2001,EMT,CA,AWP,WE,Towers with Display (VFR),0,8,17,0,25,0,9,154,0,163,0,17,171,0,188,179,0,179,367
12/21/2001,EMT,CA,AWP,WE,Towers with Display (VFR),0,5,13,0,18,0,0,131,0,131,0,5,144,0,149,170,0,170,319
12/22/2001,EMT,CA,AWP,WE,Towers with Display (VFR),0,0,18,0,18,4,0,180,0,184,4,0,198,0,202,208,0,208,410
12/23/2001,EMT,CA,AWP,WE,Towers with Display (VFR),0,0,13,0,13,0,0,175,0,175,0,0,188,0,188,126,0,126,314
12/24/2001,EMT,CA,AWP,WE,Towers with Display (VFR),0,5,7,0,12,0,4,148,0,152,0,9,155,0,164,137,0,137,301
12/25/2001,EMT,CA,AWP,WE,Towers with Display (VFR),0,0,9,0,9,0,0,78,0,78,0,0,87,0,87,23,0,23,110
12/26/2001,EMT,CA,AWP,WE,Towers with Display (VFR),0,7,9,0,16,0,2,224,2,228,0,9,233,2,244,123,0,123,367
12/27/2001,EMT,CA,AWP,WE,Towers with Display (VFR),0,7,8,0,15,0,4,280,0,284,0,11,288,0,299,235,0,235,534
12/28/2001,EMT,CA,AWP,WE,Towers with Display (VFR),0,12,20,0,32,0,4,296,4,304,0,16,316,4,336,130,0,130,466
12/29/2001,EMT,CA,AWP,WE,Towers with Display (VFR),0,0,8,0,8,0,0,61,0,61,0,0,69,0,69,151,0,151,220
12/30/2001,EMT,CA,AWP,WE,Towers with Display (VFR),0,0,19,0,19,0,0,173,0,173,0,0,192,0,192,164,0,164,356
12/31/2001,EMT,CA,AWP,WE,Towers with Display (VFR),0,10,23,0,33,0,1,90,0,91,0,11,113,0,124,43,0,43,167
01/01/2002,EMT,CA,AWP,WE,Towers with Display (VFR),0,0,3,0,3,0,0,125,0,125,0,0,128,0,128,85,0,85,213
01/02/2002,EMT,CA,AWP,WE,Towers with Display (VFR),0,8,24,0,32,0,3,101,0,104,0,11,125,0,136,107,0,107,243
01/03/2002,EMT,CA,AWP,WE,Towers with Display (VFR),0,8,21,0,29,0,0,126,0,126,0,8,147,0,155,124,0,124,279
01/04/2002,EMT,CA,AWP,WE,Towers with Display (VFR),0,8,27,0,35,0,0,204,0,204,0,8,231,0,239,176,0,176,415
01/05/2002,EMT,CA,AWP,WE,Towers with Display (VFR),0,0,7,0,7,0,0,211,0,211,0,0,218,0,218,280,0,280,498
01/06/2002,EMT,CA,AWP,WE,Towers with Display (VFR),0,0,15,0,15,0,0,274,0,274,0,0,289,0,289,243,0,243,532
01/07/2002,EMT,CA,AWP,WE,Towers with Display (VFR),0,6,10,0,16,0,2,214,0,216,0,8,224,0,232,96,0,96,328
01/08/2002,EMT,CA,AWP,WE,Towers with Display (VFR),0,6,24,0,30,0,7,198,2,207,0,13,222,2,237,130,0,130,367
01/09/2002,EMT,CA,AWP,WE,Towers with Display (VFR),0,8,14,0,22,0,2,200,0,202,0,10,214,0,224,197,0,197,421
01/10/2002,EMT,CA,AWP,WE,Towers with Display (VFR),0,5,12,1,18,0,1,178,1,180,0,6,190,2,198,241,0,241,439
01/11/2002,EMT,CA,AWP,WE,Towers with Display (VFR),0,5,14,0,19,0,3,223,0,226,0,8,237,0,245,171,0,171,416
01/12/2002,EMT,CA,AWP,WE,Towers with Display (VFR),0,0,12,0,12,0,0,283,1,284,0,0,295,1,296,209,0,209,505
01/13/2002,EMT,CA,AWP,WE,Towers with Display (VFR),0,0,4,0,4,0,0,222,0,222,0,0,226,0,226,276,0,276,502
01/14/2002,EMT,CA,AWP,WE,Towers with Display (VFR),0,7,18,0,25,0,3,117,0,120,0,10,135,0,145,38,0,38,183
01/15/2002,EMT,CA,AWP,WE,Towers with Display (VFR),0,9,9,0,18,0,3,130,0,133,0,12,139,0,151,187,0,187,338
01/16/2002,EMT,CA,AWP,WE,Towers with Display (VFR),0,7,7,0,14,0,3,160,0,163,0,10,167,0,177,138,0,138,315
01/17/2002,EMT,CA,AWP,WE,Towers with Display (VFR),0,7,14,0,21,0,2,227,0,229,0,9,241,0,250,159,0,159,409
01/18/2002,EMT,CA,AWP,WE,Towers with Display (VFR),0,8,6,0,14,0,0,222,0,222,0,8,228,0,236,181,0,181,417
01/19/2002,EMT,CA,AWP,WE,Towers with Display (VFR),0,0,14,0,14,0,0,182,0,182,0,0,196,0,196,243,0,243,439
01/20/2002,EMT,CA,AWP,WE,Towers with Display (VFR),0,0,15,0,15,0,0,189,0,189,0,0,204,0,204,154,0,154,358
01/21/2002,EMT,CA,AWP,WE,Towers with Display (VFR),0,2,20,0,22,0,0,221,0,221,0,2,241,0,243,175,0,175,418
01/22/2002,EMT,CA,AWP,WE,Towers with Display (VFR),0,8,11,0,19,0,3,163,2,168,0,11,174,2,187,130,0,130,317
01/23/2002,EMT,CA,AWP,WE,Towers with Display (VFR),0,7,5,0,12,0,2,195,0,197,0,9,200,0,209,149,0,149,358
01/24/2002,EMT,CA,AWP,WE,Towers with Display (VFR),0,5,1,0,6,0,0,174,0,174,0,5,175,0,180,208,0,208,388
01/25/2002,EMT,CA,AWP,WE,Towers with Display (VFR),0,7,8,0,15,0,1,211,0,212,0,8,219,0,227,123,0,123,350
01/26/2002,EMT,CA,AWP,WE,Towers with Display (VFR),0,0,10,0,10,0,0,227,0,227,0,0,237,0,237,303,0,303,540
01/27/2002,EMT,CA,AWP,WE,Towers with Display (VFR),0,0,13,0,13,0,0,92,1,93,0,0,105,1,106,228,0,228,334
01/28/2002,EMT,CA,AWP,WE,Towers with Display (VFR),0,8,3,0,11,0,2,161,0,163,0,10,164,0,174,176,0,176,350
01/29/2002,EMT,CA,AWP,WE,Towers with Display (VFR),0,8,9,0,17,0,3,199,0,202,0,11,208,0,219,33,0,33,252
01/30/2002,EMT,CA,AWP,WE,Towers with Display (VFR),0,6,11,0,17,0,1,203,0,204,0,7,214,0,221,87,0,87,308
01/31/2002,EMT,CA,AWP,WE,Towers with Display (VFR),0,5,8,0,13,0,9,217,2,228,0,14,225,2,241,120,0,120,361
02/01/2002,EMT,CA,AWP,WE,Towers with Display (VFR),0,8,7,0,15,0,0,218,0,218,0,8,225,0,233,169,0,169,402
02/02/2002,EMT,CA,AWP,WE,Towers with Display (VFR),0,0,11,0,11,0,0,219,7,226,0,0,230,7,237,157,0,157,394
02/03/2002,EMT,CA,AWP,WE,Towers with Display (VFR),0,0,6,0,6,0,0,258,1,259,0,0,264,1,265,180,0,180,445
02/04/2002,EMT,CA,AWP,WE,Towers with Display (VFR),0,2,4,0,6,0,0,244,2,246,0,2,248,2,252,155,0,155,407
02/05/2002,EMT,CA,AWP,WE,Towers with Display (VFR),0,6,18,0,24,0,2,194,0,196,0,8,212,0,220,128,0,128,348
02/06/2002,EMT,CA,AWP,WE,Towers with Display (VFR),0,5,5,0,10,0,5,193,0,198,0,10,198,0,208,121,0,121,329
02/07/2002,EMT,CA,AWP,WE,Towers with Display (VFR),0,7,3,0,10,0,4,174,0,178,0,11,177,0,188,154,0,154,342
02/08/2002,EMT,CA,AWP,WE,Towers with Display (VFR),0,10,16,0,26,0,1,159,0,160,0,11,175,0,186,167,0,167,353
02/09/2002,EMT,CA,AWP,WE,Towers with Display (VFR),0,0,3,0,3,0,0,150,0,150,0,0,153,0,153,306,0,306,459
02/10/2002,EMT,CA,AWP,WE,Towers with Display (VFR),0,0,8,0,8,0,0,213,0,213,0,0,221,0,221,172,0,172,393
02/11/2002,EMT,CA,AWP,WE,Towers with Display (VFR),0,0,1,0,1,0,0,154,0,154,0,0,155,0,155,4,0,4,159
02/12/2002,EMT,CA,AWP,WE,Towers with Display (VFR),0,0,0,0,0,0,0,128,0,128,0,0,128,0,128,0,0,0,128
02/13/2002,EMT,CA,AWP,WE,Towers with Display (VFR),0,0,0,0,0,0,0,111,0,111,0,0,111,0,111,0,0,0,111
02/14/2002,EMT,CA,AWP,WE,Towers with Display (VFR),0,4,8,0,12,0,0,214,0,214,0,4,222,0,226,139,0,139,365
02/15/2002,EMT,CA,AWP,WE,Towers with Display (VFR),0,4,13,0,17,0,15,155,0,170,0,19,168,0,187,155,0,155,342
02/16/2002,EMT,CA,AWP,WE,Towers with Display (VFR),0,0,29,0,29,0,0,102,0,102,0,0,131,0,131,55,0,55,186
02/17/2002,EMT,CA,AWP,WE,Towers with Display (VFR),0,0,14,0,14,0,0,73,0,73,0,0,87,0,87,95,0,95,182
02/18/2002,EMT,CA,AWP,WE,Towers with Display (VFR),0,0,16,0,16,0,0,284,0,284,0,0,300,0,300,203,0,203,503
02/19/2002,EMT,CA,AWP,WE,Towers with Display (VFR),0,6,12,0,18,0,1,204,0,205,0,7,216,0,223,56,0,56,279
02/20/2002,EMT,CA,AWP,WE,Towers with Display (VFR),0,0,1,0,1,0,0,108,3,111,0,0,109,3,112,3,1,4,116
02/21/2002,EMT,CA,AWP,WE,Towers with Display (VFR),0,0,3,0,3,0,0,163,0,163,0,0,166,0,166,0,0,0,166
02/22/2002,EMT,CA,AWP,WE,Towers with Display (VFR),0,9,11,0,20,0,1,232,0,233,0,10,243,0,253,184,1,185,438
02/23/2002,EMT,CA,AWP,WE,Towers with Display (VFR),0,0,17,0,17,0,0,231,0,231,0,0,248,0,248,256,0,256,504
02/24/2002,EMT,CA,AWP,WE,Towers with Display (VFR),0,0,17,0,17,0,0,270,0,270,0,0,287,0,287,283,0,283,570
02/25/2002,EMT,CA,AWP,WE,Towers with Display (VFR),0,0,0,0,0,0,0,109,0,109,0,0,109,0,109,0,0,0,109
02/26/2002,EMT,CA,AWP,WE,Towers with Display (VFR),0,0,1,0,1,0,0,138,0,138,0,0,139,0,139,0,0,0,139
02/27/2002,EMT,CA,AWP,WE,Towers with Display (VFR),0,0,0,0,0,0,0,170,0,170,0,0,170,0,170,0,0,0,170
02/28/2002,EMT,CA,AWP,WE,Towers with Display (VFR),0,0,8,0,8,0,0,132,0,132,0,0,140,0,140,122,0,122,262
03/01/2002,EMT,CA,AWP,WE,Towers with Display (VFR),0,9,13,0,22,0,5,174,0,179,0,14,187,0,201,248,1,249,450
03/02/2002,EMT,CA,AWP,WE,Towers with Display (VFR),0,0,8,0,8,0,0,241,11,252,0,0,249,11,260,193,0,193,453
03/03/2002,EMT,CA,AWP,WE,Towers with Display (VFR),0,0,6,0,6,0,0,259,0,259,0,0,265,0,265,131,0,131,396
03/04/2002,EMT,CA,AWP,WE,Towers with Display (VFR),0,5,3,0,8,0,7,283,0,290,0,12,286,0,298,206,0,206,504
03/05/2002,EMT,CA,AWP,WE,Towers with Display (VFR),0,6,12,0,18,0,2,265,0,267,0,8,277,0,285,168,0,168,453
03/06/2002,EMT,CA,AWP,WE,Towers with Display (VFR),0,10,9,0,19,0,0,163,0,163,0,10,172,0,182,124,0,124,306
03/07/2002,EMT,CA,AWP,WE,Towers with Display (VFR),0,9,0,0,9,0,2,118,0,120,0,11,118,0,129,136,0,136,265
03/08/2002,EMT,CA,AWP,WE,Towers with Display (VFR),0,10,13,0,23,0,13,230,0,243,0,23,243,0,266,248,0,248,514
03/09/2002,EMT,CA,AWP,WE,Towers with Display (VFR),0,0,12,0,12,0,0,262,0,262,0,0,274,0,274,284,0,284,558
03/10/2002,EMT,CA,AWP,WE,Towers with Display (VFR),0,0,12,0,12,0,2,260,0,262,0,2,272,0,274,230,0,230,504
03/11/2002,EMT,CA,AWP,WE,Towers with Display (VFR),0,4,9,0,13,0,4,257,0,261,0,8,266,0,274,221,0,221,495
03/12/2002,EMT,CA,AWP,WE,Towers with Display (VFR),0,6,12,0,18,0,4,222,0,226,0,10,234,0,244,135,0,135,379
03/13/2002,EMT,CA,AWP,WE,Towers with Display (VFR),0,9,12,0,21,0,0,134,0,134,0,9,146,0,155,170,0,170,325
03/14/2002,EMT,CA,AWP,WE,Towers with Display (VFR),0,5,0,0,5,0,0,245,0,245,0,5,245,0,250,244,0,244,494
03/15/2002,EMT,CA,AWP,WE,Towers with Display (VFR),0,8,11,0,19,0,1,241,0,242,0,9,252,0,261,191,0,191,452
03/16/2002,EMT,CA,AWP,WE,Towers with Display (VFR),0,0,15,0,15,0,0,209,0,209,0,0,224,0,224,211,0,211,435
03/17/2002,EMT,CA,AWP,WE,Towers with Display (VFR),0,0,11,0,11,0,0,228,0,228,0,0,239,0,239,201,0,201,440
03/18/2002,EMT,CA,AWP,WE,Towers with Display (VFR),0,6,5,0,11,0,4,169,0,173,0,10,174,0,184,221,0,221,405
03/19/2002,EMT,CA,AWP,WE,Towers with Display (VFR),0,6,11,1,18,0,3,234,1,238,0,9,245,2,256,204,0,204,460
03/20/2002,EMT,CA,AWP,WE,Towers with Display (VFR),0,6,10,0,16,0,5,231,0,236,0,11,241,0,252,233,1,234,486
03/21/2002,EMT,CA,AWP,WE,Towers with Display (VFR),0,4,4,0,8,0,7,212,0,219,0,11,216,0,227,202,0,202,429
03/22/2002,EMT,CA,AWP,WE,Towers with Display (VFR),0,3,19,0,22,0,0,193,27,220,0,3,212,27,242,236,0,236,478
03/23/2002,EMT,CA,AWP,WE,Towers with Display (VFR),0,0,7,0,7,0,0,143,1,144,0,0,150,1,151,253,0,253,404
03/24/2002,EMT,CA,AWP,WE,Towers with Display (VFR),0,0,23,0,23,3,0,202,0,205,3,0,225,0,228,298,0,298,526
03/25/2002,EMT,CA,AWP,WE,Towers with Display (VFR),0,5,15,0,20,0,2,216,0,218,0,7,231,0,238,205,0,205,443
03/26/2002,EMT,CA,AWP,WE,Towers with Display (VFR),0,6,9,0,15,0,5,247,0,252,0,11,256,0,267,229,0,229,496
03/27/2002,EMT,CA,AWP,WE,Towers with Display (VFR),0,10,20,0,30,0,0,238,0,238,0,10,258,0,268,341,0,341,609
03/28/2002,EMT,CA,AWP,WE,Towers with Display (VFR),0,9,17,0,26,0,0,156,0,156,0,9,173,0,182,297,0,297,479
03/29/2002,EMT,CA,AWP,WE,Towers with Display (VFR),0,10,24,0,34,0,2,152,0,154,0,12,176,0,188,294,0,294,482
03/30/2002,EMT,CA,AWP,WE,Towers with Display (VFR),0,0,16,0,16,0,0,161,0,161,0,0,177,0,177,205,0,205,382
03/31/2002,EMT,CA,AWP,WE,Towers with Display (VFR),0,0,14,0,14,0,0,284,0,284,0,0,298,0,298,59,0,59,357
04/01/2002,EMT,CA,AWP,WE,Towers with Display (VFR),0,8,3,0,11,0,2,85,0,87,0,10,88,0,98,33,0,33,131
04/02/2002,EMT,CA,AWP,WE,Towers with Display (VFR),0,8,3,0,11,0,0,75,0,75,0,8,78,0,86,44,0,44,130
04/03/2002,EMT,CA,AWP,WE,Towers with Display (VFR),0,10,21,0,31,0,0,159,0,159,0,10,180,0,190,331,0,331,521
04/04/2002,EMT,CA,AWP,WE,Towers with Display (VFR),0,10,13,0,23,0,0,178,1,179,0,10,191,1,202,175,0,175,377
04/05/2002,EMT,CA,AWP,WE,Towers with Display (VFR),0,11,30,0,41,0,0,171,0,171,0,11,201,0,212,208,0,208,420
04/06/2002,EMT,CA,AWP,WE,Towers with Display (VFR),0,0,20,0,20,0,0,153,0,153,0,0,173,0,173,274,0,274,447
04/07/2002,EMT,CA,AWP,WE,Towers with Display (VFR),0,0,27,0,27,0,0,208,0,208,0,0,235,0,235,268,0,268,503
04/08/2002,EMT,CA,AWP,WE,Towers with Display (VFR),0,4,15,0,19,0,0,161,0,161,0,4,176,0,180,246,0,246,426
04/09/2002,EMT,CA,AWP,WE,Towers with Display (VFR),0,6,18,0,24,0,0,201,0,201,0,6,219,0,225,178,0,178,403
04/10/2002,EMT,CA,AWP,WE,Towers with Display (VFR),0,9,20,0,29,0,6,237,0,243,0,15,257,0,272,270,0,270,542
04/11/2002,EMT,CA,AWP,WE,Towers with Display (VFR),0,9,20,0,29,0,0,187,0,187,0,9,207,0,216,73,0,73,289
04/12/2002,EMT,CA,AWP,WE,Towers with Display (VFR),0,9,8,0,17,0,0,183,0,183,0,9,191,0,200,119,0,119,319
04/13/2002,EMT,CA,AWP,WE,Towers with Display (VFR),0,0,12,0,12,0,0,195,0,195,0,0,207,0,207,228,0,228,435
04/14/2002,EMT,CA,AWP,WE,Towers with Display (VFR),0,0,23,0,23,0,0,179,0,179,0,0,202,0,202,47,0,47,249
04/15/2002,EMT,CA,AWP,WE,Towers with Display (VFR),0,7,2,0,9,0,0,138,0,138,0,7,140,0,147,274,0,274,421
04/16/2002,EMT,CA,AWP,WE,Towers with Display (VFR),0,9,9,0,18,0,1,195,0,196,0,10,204,0,214,241,0,241,455
04/17/2002,EMT,CA,AWP,WE,Towers with Display (VFR),0,7,13,0,20,0,3,236,2,241,0,10,249,2,261,180,0,180,441
04/18/2002,EMT,CA,AWP,WE,Towers with Display (VFR),0,5,16,0,21,0,7,218,0,225,0,12,234,0,246,294,0,294,540
04/19/2002,EMT,CA,AWP,WE,Towers with Display (VFR),0,5,19,0,24,0,0,259,4,263,0,5,278,4,287,170,0,170,457
04/20/2002,EMT,CA,AWP,WE,Towers with Display (VFR),0,0,9,0,9,0,0,270,0,270,0,0,279,0,279,278,0,278,557
04/21/2002,EMT,CA,AWP,WE,Towers with Display (VFR),0,0,14,0,14,0,0,305,0,305,0,0,319,0,319,285,0,285,604
04/22/2002,EMT,CA,AWP,WE,Towers with Display (VFR),0,5,13,0,18,0,0,286,0,286,0,5,299,0,304,196,0,196,500
04/23/2002,EMT,CA,AWP,WE,Towers with Display (VFR),0,4,8,0,12,0,6,236,0,242,0,10,244,0,254,285,0,285,539
04/24/2002,EMT,CA,AWP,WE,Towers with Display (VFR),0,6,12,0,18,0,1,192,0,193,0,7,204,0,211,227,0,227,438
04/25/2002,EMT,CA,AWP,WE,Towers with Display (VFR),0,4,8,0,12,0,0,225,0,225,0,4,233,0,237,196,0,196,433
04/26/2002,EMT,CA,AWP,WE,Towers with Display (VFR),0,4,12,0,16,1,7,170,4,182,1,11,182,4,198,188,0,188,386
04/27/2002,EMT,CA,AWP,WE,Towers with Display (VFR),0,0,14,0,14,0,2,209,0,211,0,2,223,0,225,336,0,336,561
04/28/2002,EMT,CA,AWP,WE,Towers with Display (VFR),0,0,10,0,10,0,0,317,0,317,0,0,327,0,327,274,0,274,601
04/29/2002,EMT,CA,AWP,WE,Towers with Display (VFR),0,6,12,0,18,0,1,305,3,309,0,7,317,3,327,186,0,186,513
04/30/2002,EMT,CA,AWP,WE,Towers with Display (VFR),0,8,7,0,15,0,0,229,0,229,0,8,236,0,244,157,0,157,401
05/01/2002,EMT,CA,AWP,WE,Towers with Display (VFR),0,7,6,0,13,0,4,217,0,221,0,11,223,0,234,169,0,169,403
05/02/2002,EMT,CA,AWP,WE,Towers with Display (VFR),0,5,15,0,20,0,5,239,0,244,0,10,254,0,264,136,0,136,400
05/03/2002,EMT,CA,AWP,WE,Towers with Display (VFR),0,3,7,0,10,0,0,238,0,238,0,3,245,0,248,260,0,260,508
05/04/2002,EMT,CA,AWP,WE,Towers with Display (VFR),0,0,3,0,3,0,0,252,0,252,0,0,255,0,255,283,0,283,538
05/05/2002,EMT,CA,AWP,WE,Towers with Display (VFR),0,0,15,0,15,0,0,165,0,165,0,0,180,0,180,255,0,255,435
05/06/2002,EMT,CA,AWP,WE,Towers with Display (VFR),0,8,21,0,29,0,1,159,0,160,0,9,180,0,189,282,0,282,471
05/07/2002,EMT,CA,AWP,WE,Towers with Display (VFR),0,10,16,0,26,0,2,191,2,195,0,12,207,2,221,153,0,153,374
05/08/2002,EMT,CA,AWP,WE,Towers with Display (VFR),0,6,23,0,29,0,0,221,0,221,0,6,244,0,250,243,0,243,493
05/09/2002,EMT,CA,AWP,WE,Towers with Display (VFR),0,5,5,0,10,0,3,274,0,277,0,8,279,0,287,186,0,186,473
05/10/2002,EMT,CA,AWP,WE,Towers with Display (VFR),0,9,10,0,19,0,1,132,12,145,0,10,142,12,164,248,0,248,412
05/11/2002,EMT,CA,AWP,WE,Towers with Display (VFR),0,0,8,0,8,0,0,271,0,271,0,0,279,0,279,167,0,167,446
05/12/2002,EMT,CA,AWP,WE,Towers with Display (VFR),0,0,7,0,7,0,0,219,0,219,0,0,226,0,226,139,0,139,365
05/13/2002,EMT,CA,AWP,WE,Towers with Display (VFR),0,5,6,0,11,0,2,276,5,283,0,7,282,5,294,144,0,144,438
05/14/2002,EMT,CA,AWP,WE,Towers with Display (VFR),0,7,13,0,20,0,3,274,0,277,0,10,287,0,297,194,0,194,491
05/15/2002,EMT,CA,AWP,WE,Towers with Display (VFR),0,8,12,0,20,0,1,240,0,241,0,9,252,0,261,279,0,279,540
05/16/2002,EMT,CA,AWP,WE,Towers with Display (VFR),0,5,14,0,19,0,0,158,0,158,0,5,172,0,177,175,0,175,352
05/17/2002,EMT,CA,AWP,WE,Towers with Display (VFR),0,10,14,0,24,0,2,146,0,148,0,12,160,0,172,136,0,136,308
05/18/2002,EMT,CA,AWP,WE,Towers with Display (VFR),0,0,37,0,37,0,0,144,0,144,0,0,181,0,181,239,0,239,420
05/19/2002,EMT,CA,AWP,WE,Towers with Display (VFR),0,0,20,0,20,0,0,145,0,145,0,0,165,0,165,181,0,181,346
05/20/2002,EMT,CA,AWP,WE,Towers with Display (VFR),0,5,13,0,18,0,0,144,0,144,0,5,157,0,162,153,0,153,315
05/21/2002,EMT,CA,AWP,WE,Towers with Display (VFR),0,5,7,0,12,0,0,236,0,236,0,5,243,0,248,237,0,237,485
05/22/2002,EMT,CA,AWP,WE,Towers with Display (VFR),0,5,5,0,10,0,4,247,1,252,0,9,252,1,262,215,0,215,477
05/23/2002,EMT,CA,AWP,WE,Towers with Display (VFR),0,4,2,0,6,0,4,209,2,215,0,8,211,2,221,128,0,128,349
05/24/2002,EMT,CA,AWP,WE,Towers with Display (VFR),0,9,12,0,21,0,2,224,0,226,0,11,236,0,247,163,0,163,410
05/25/2002,EMT,CA,AWP,WE,Towers with Display (VFR),0,0,19,0,19,0,0,218,0,218,0,0,237,0,237,125,0,125,362
05/26/2002,EMT,CA,AWP,WE,Towers with Display (VFR),0,0,16,0,16,0,0,231,2,233,0,0,247,2,249,274,0,274,523
05/27/2002,EMT,CA,AWP,WE,Towers with Display (VFR),0,0,12,0,12,0,0,211,2,213,0,0,223,2,225,153,0,153,378
05/28/2002,EMT,CA,AWP,WE,Towers with Display (VFR),0,5,10,0,15,0,8,157,0,165,0,13,167,0,180,251,0,251,431
05/29/2002,EMT,CA,AWP,WE,Towers with Display (VFR),0,5,12,0,17,1,6,240,3,250,1,11,252,3,267,221,0,221,488
05/30/2002,EMT,CA,AWP,WE,Towers with Display (VFR),0,8,20,0,28,1,2,179,0,182,1,10,199,0,210,140,0,140,350
05/31/2002,EMT,CA,AWP,WE,Towers with Display (VFR),0,9,12,0,21,0,1,223,0,224,0,10,235,0,245,256,0,256,501
06/01/2002,EMT,CA,AWP,WE,Towers with Display (VFR),0,0,23,0,23,0,0,254,4,258,0,0,277,4,281,270,0,270,551
06/02/2002,EMT,CA,AWP,WE,Towers with Display (VFR),0,0,18,0,18,2,0,200,0,202,2,0,218,0,220,267,0,267,487
06/03/2002,EMT,CA,AWP,WE,Towers with Display (VFR),0,6,18,0,24,0,2,201,0,203,0,8,219,0,227,378,0,378,605
06/04/2002,EMT,CA,AWP,WE,Towers with Display (VFR),0,5,10,0,15,0,2,231,0,233,0,7,241,0,248,316,0,316,564
06/05/2002,EMT,CA,AWP,WE,Towers with Display (VFR),0,6,13,0,19,0,3,241,1,245,0,9,254,1,264,262,0,262,526
06/06/2002,EMT,CA,AWP,WE,Towers with Display (VFR),0,7,12,0,19,0,4,179,0,183,0,11,191,0,202,232,0,232,434
06/07/2002,EMT,CA,AWP,WE,Towers with Display (VFR),0,7,20,0,27,0,5,152,0,157,0,12,172,0,184,0,0,0,184
06/08/2002,EMT,CA,AWP,WE,Towers with Display (VFR),0,0,19,0,19,0,0,148,2,150,0,0,167,2,169,130,0,130,299
06/09/2002,EMT,CA,AWP,WE,Towers with Display (VFR),2,0,23,0,25,0,0,227,1,228,2,0,250,1,253,181,0,181,434
06/10/2002,EMT,CA,AWP,WE,Towers with Display (VFR),0,6,28,0,34,0,0,197,0,197,0,6,225,0,231,210,0,210,441
06/11/2002,EMT,CA,AWP,WE,Towers with Display (VFR),0,9,17,0,26,0,7,210,0,217,0,16,227,0,243,191,0,191,434
06/12/2002,EMT,CA,AWP,WE,Towers with Display (VFR),0,7,13,0,20,0,2,218,0,220,0,9,231,0,240,219,0,219,459
06/13/2002,EMT,CA,AWP,WE,Towers with Display (VFR),0,6,22,0,28,0,2,230,0,232,0,8,252,0,260,223,0,223,483
06/14/2002,EMT,CA,AWP,WE,Towers with Display (VFR),0,7,6,0,13,0,7,251,0,258,0,14,257,0,271,188,0,188,459
06/15/2002,EMT,CA,AWP,WE,Towers with Display (VFR),0,0,10,0,10,0,0,323,0,323,0,0,333,0,333,218,6,224,557
06/16/2002,EMT,CA,AWP,WE,Towers with Display (VFR),0,0,7,0,7,0,0,282,0,282,0,0,289,0,289,133,1,134,423
06/17/2002,EMT,CA,AWP,WE,Towers with Display (VFR),0,5,6,0,11,0,4,233,0,237,0,9,239,0,248,125,0,125,373
06/18/2002,EMT,CA,AWP,WE,Towers with Display (VFR),0,3,13,0,16,0,0,249,0,249,0,3,262,0,265,202,0,202,467
06/19/2002,EMT,CA,AWP,WE,Towers with Display (VFR),0,8,8,0,16,0,2,199,0,201,0,10,207,0,217,160,0,160,377
06/20/2002,EMT,CA,AWP,WE,Towers with Display (VFR),0,8,17,0,25,0,5,166,0,171,0,13,183,0,196,158,0,158,354
06/21/2002,EMT,CA,AWP,WE,Towers with Display (VFR),0,5,21,0,26,0,0,191,0,191,0,5,212,0,217,73,0,73,290
06/22/2002,EMT,CA,AWP,WE,Towers with Display (VFR),0,0,12,0,12,0,0,190,0,190,0,0,202,0,202,305,0,305,507
06/23/2002,EMT,CA,AWP,WE,Towers with Display (VFR),2,0,4,0,6,0,0,226,0,226,2,0,230,0,232,186,0,186,418
06/24/2002,EMT,CA,AWP,WE,Towers with Display (VFR),0,7,9,0,16,0,3,226,0,229,0,10,235,0,245,174,0,174,419
06/25/2002,EMT,CA,AWP,WE,Towers with Display (VFR),0,9,13,0,22,0,3,183,0,186,0,12,196,0,208,126,0,126,334
06/26/2002,EMT,CA,AWP,WE,Towers with Display (VFR),0,6,12,0,18,0,4,214,0,218,0,10,226,0,236,114,0,114,350
06/27/2002,EMT,CA,AWP,WE,Towers with Display (VFR),0,7,9,0,16,0,1,203,0,204,0,8,212,0,220,192,4,196,416
06/28/2002,EMT,CA,AWP,WE,Towers with Display (VFR),0,9,7,0,16,0,0,170,0,170,0,9,177,0,186,200,0,200,386
06/29/2002,EMT,CA,AWP,WE,Towers with Display (VFR),0,0,7,0,7,0,0,377,0,377,0,0,384,0,384,144,0,144,528
06/30/2002,EMT,CA,AWP,WE,Towers with Display (VFR),0,0,20,0,20,0,0,407,0,407,0,0,427,0,427,195,2,197,624
07/01/2002,EMT,CA,AWP,WE,Towers with Display (VFR),0,4,12,0,16,0,4,218,0,222,0,8,230,0,238,333,0,333,571
07/02/2002,EMT,CA,AWP,WE,Towers with Display (VFR),0,6,9,0,15,0,8,248,0,256,0,14,257,0,271,327,0,327,598
07/03/2002,EMT,CA,AWP,WE,Towers with Display (VFR),0,5,12,0,17,0,2,270,0,272,0,7,282,0,289,261,0,261,550
07/04/2002,EMT,CA,AWP,WE,Towers with Display (VFR),0,0,4,0,4,0,0,201,0,201,0,0,205,0,205,158,0,158,363
07/05/2002,EMT,CA,AWP,WE,Towers with Display (VFR),0,5,23,0,28,0,0,186,0,186,0,5,209,0,214,133,0,133,347
07/06/2002,EMT,CA,AWP,WE,Towers with Display (VFR),0,0,13,0,13,0,0,175,0,175,0,0,188,0,188,294,0,294,482
07/07/2002,EMT,CA,AWP,WE,Towers with Display (VFR),0,0,19,0,19,0,0,231,0,231,0,0,250,0,250,221,0,221,471
07/08/2002,EMT,CA,AWP,WE,Towers with Display (VFR),0,5,15,0,20,0,4,245,0,249,0,9,260,0,269,364,0,364,633
07/09/2002,EMT,CA,AWP,WE,Towers with Display (VFR),0,5,9,0,14,0,6,248,0,254,0,11,257,0,268,234,0,234,502
07/10/2002,EMT,CA,AWP,WE,Towers with Display (VFR),0,6,4,0,10,0,4,223,0,227,0,10,227,0,237,223,0,223,460
07/11/2002,EMT,CA,AWP,WE,Towers with Display (VFR),0,3,8,0,11,2,6,210,1,219,2,9,218,1,230,225,0,225,455
07/12/2002,EMT,CA,AWP,WE,Towers with Display (VFR),0,8,9,0,17,0,3,236,0,239,0,11,245,0,256,315,0,315,571
07/13/2002,EMT,CA,AWP,WE,Towers with Display (VFR),0,0,6,0,6,0,0,241,0,241,0,0,247,0,247,305,0,305,552
07/14/2002,EMT,CA,AWP,WE,Towers with Display (VFR),0,0,9,0,9,0,0,245,12,257,0,0,254,12,266,355,0,355,621
07/15/2002,EMT,CA,AWP,WE,Towers with Display (VFR),0,4,8,0,12,0,7,243,0,250,0,11,251,0,262,227,1,228,490
07/16/2002,EMT,CA,AWP,WE,Towers with Display (VFR),0,5,8,0,13,0,7,234,0,241,0,12,242,0,254,289,0,289,543
07/17/2002,EMT,CA,AWP,WE,Towers with Display (VFR),0,3,16,0,19,0,7,275,10,292,0,10,291,10,311,316,0,316,627
07/18/2002,EMT,CA,AWP,WE,Towers with Display (VFR),0,5,23,0,28,0,6,249,0,255,0,11,272,0,283,335,0,335,618
07/19/2002,EMT,CA,AWP,WE,Towers with Display (VFR),0,7,10,0,17,0,0,220,0,220,0,7,230,0,237,147,0,147,384
07/20/2002,EMT,CA,AWP,WE,Towers with Display (VFR),0,0,18,0,18,0,0,172,0,172,0,0,190,0,190,266,0,266,456
07/21/2002,EMT,CA,AWP,WE,Towers with Display (VFR),0,0,11,0,11,0,0,242,0,242,0,0,253,0,253,254,0,254,507
07/22/2002,EMT,CA,AWP,WE,Towers with Display (VFR),0,5,5,0,10,0,3,207,0,210,0,8,212,0,220,266,0,266,486
07/23/2002,EMT,CA,AWP,WE,Towers with Display (VFR),0,5,12,0,17,0,4,297,0,301,0,9,309,0,318,213,0,213,531
07/24/2002,EMT,CA,AWP,WE,Towers with Display (VFR),0,1,8,0,9,0,10,192,7,209,0,11,200,7,218,309,0,309,527
07/25/2002,EMT,CA,AWP,WE,Towers with Display (VFR),0,6,7,0,13,0,4,278,0,282,0,10,285,0,295,220,0,220,515
07/26/2002,EMT,CA,AWP,WE,Towers with Display (VFR),0,9,7,0,16,0,2,222,0,224,0,11,229,0,240,197,0,197,437
07/27/2002,EMT,CA,AWP,WE,Towers with Display (VFR),0,0,19,0,19,0,0,172,1,173,0,0,191,1,192,309,0,309,501
07/28/2002,EMT,CA,AWP,WE,Towers with Display (VFR),0,0,15,0,15,0,0,203,0,203,0,0,218,0,218,233,0,233,451
07/29/2002,EMT,CA,AWP,WE,Towers with Display (VFR),0,6,5,0,11,0,2,213,0,215,0,8,218,0,226,159,0,159,385
07/30/2002,EMT,CA,AWP,WE,Towers with Display (VFR),0,6,4,0,10,0,6,231,0,237,0,12,235,0,247,223,1,224,471
07/31/2002,EMT,CA,AWP,WE,Towers with Display (VFR),0,5,22,0,27,0,7,226,0,233,0,12,248,0,260,202,0,202,462
08/01/2002,EMT,CA,AWP,WE,Towers with Display (VFR),0,6,7,0,13,0,5,225,0,230,0,11,232,0,243,162,0,162,405
08/02/2002,EMT,CA,AWP,WE,Towers with Display (VFR),0,11,8,0,19,0,0,258,0,258,0,11,266,0,277,146,0,146,423
08/03/2002,EMT,CA,AWP,WE,Towers with Display (VFR),0,0,17,0,17,0,0,216,0,216,0,0,233,0,233,226,0,226,459
08/04/2002,EMT,CA,AWP,WE,Towers with Display (VFR),0,0,6,0,6,0,0,174,0,174,0,0,180,0,180,198,0,198,378
08/05/2002,EMT,CA,AWP,WE,Towers with Display (VFR),0,5,9,0,14,0,5,239,0,244,0,10,248,0,258,166,0,166,424
08/06/2002,EMT,CA,AWP,WE,Towers with Display (VFR),0,6,10,0,16,0,6,277,0,283,0,12,287,0,299,221,0,221,520
08/07/2002,EMT,CA,AWP,WE,Towers with Display (VFR),0,4,10,0,14,0,4,201,0,205,0,8,211,0,219,232,0,232,451
08/08/2002,EMT,CA,AWP,WE,Towers with Display (VFR),0,6,14,0,20,0,5,245,0,250,0,11,259,0,270,265,0,265,535
08/09/2002,EMT,CA,AWP,WE,Towers with Display (VFR),0,10,2,0,12,0,1,244,0,245,0,11,246,0,257,217,0,217,474
08/10/2002,EMT,CA,AWP,WE,Towers with Display (VFR),0,0,12,0,12,0,0,212,0,212,0,0,224,0,224,164,0,164,388
08/11/2002,EMT,CA,AWP,WE,Towers with Display (VFR),0,0,8,0,8,0,0,238,0,238,0,0,246,0,246,272,0,272,518
08/12/2002,EMT,CA,AWP,WE,Towers with Display (VFR),0,6,12,0,18,0,2,288,0,290,0,8,300,0,308,261,0,261,569
08/13/2002,EMT,CA,AWP,WE,Towers with Display (VFR),0,6,15,0,21,0,4,221,2,227,0,10,236,2,248,236,2,238,486
08/14/2002,EMT,CA,AWP,WE,Towers with Display (VFR),0,3,15,0,18,0,8,237,0,245,0,11,252,0,263,260,0,260,523
08/15/2002,EMT,CA,AWP,WE,Towers with Display (VFR),0,1,24,0,25,0,0,175,0,175,0,1,199,0,200,200,0,200,400
08/16/2002,EMT,CA,AWP,WE,Towers with Display (VFR),0,10,2,0,12,0,4,198,0,202,0,14,200,0,214,135,0,135,349
08/17/2002,EMT,CA,AWP,WE,Towers with Display (VFR),0,0,27,0,27,0,0,112,0,112,0,0,139,0,139,144,0,144,283
08/18/2002,EMT,CA,AWP,WE,Towers with Display (VFR),0,0,26,0,26,0,0,137,6,143,0,0,163,6,169,194,0,194,363
08/19/2002,EMT,CA,AWP,WE,Towers with Display (VFR),0,7,18,0,25,0,4,136,0,140,0,11,154,0,165,186,0,186,351
08/20/2002,EMT,CA,AWP,WE,Towers with Display (VFR),0,8,16,0,24,0,3,129,0,132,0,11,145,0,156,179,0,179,335
08/21/2002,EMT,CA,AWP,WE,Towers with Display (VFR),0,5,16,0,21,1,2,140,0,143,1,7,156,0,164,248,0,248,412
08/22/2002,EMT,CA,AWP,WE,Towers with Display (VFR),0,5,7,0,12,0,5,218,0,223,0,10,225,0,235,116,0,116,351
08/23/2002,EMT,CA,AWP,WE,Towers with Display (VFR),0,7,13,0,20,0,4,267,0,271,0,11,280,0,291,179,0,179,470
08/24/2002,EMT,CA,AWP,WE,Towers with Display (VFR),0,0,4,0,4,0,0,309,0,309,0,0,313,0,313,244,0,244,557
08/25/2002,EMT,CA,AWP,WE,Towers with Display (VFR),0,0,12,0,12,0,0,275,0,275,0,0,287,0,287,254,0,254,541
08/26/2002,EMT,CA,AWP,WE,Towers with Display (VFR),0,5,12,0,17,0,5,211,0,216,0,10,223,0,233,260,0,260,493
08/27/2002,EMT,CA,AWP,WE,Towers with Display (VFR),0,5,6,0,11,0,8,194,2,204,0,13,200,2,215,347,0,347,562
08/28/2002,EMT,CA,AWP,WE,Towers with Display (VFR),0,6,9,0,15,0,4,204,0,208,0,10,213,0,223,330,0,330,553
08/29/2002,EMT,CA,AWP,WE,Towers with Display (VFR),0,7,12,0,19,0,2,236,0,238,0,9,248,0,257,275,0,275,532
08/30/2002,EMT,CA,AWP,WE,Towers with Display (VFR),0,6,18,0,24,0,6,234,0,240,0,12,252,0,264,269,0,269,533
08/31/2002,EMT,CA,AWP,WE,Towers with Display (VFR),0,0,7,0,7,0,0,274,0,274,0,0,281,0,281,333,0,333,614
09/01/2002,EMT,CA,AWP,WE,Towers with Display (VFR),0,0,12,0,12,0,0,221,0,221,0,0,233,0,233,162,0,162,395
09/02/2002,EMT,CA,AWP,WE,Towers with Display (VFR),0,0,7,0,7,0,0,240,0,240,0,0,247,0,247,169,0,169,416
09/03/2002,EMT,CA,AWP,WE,Towers with Display (VFR),0,3,10,0,13,0,5,201,0,206,0,8,211,0,219,272,0,272,491
09/04/2002,EMT,CA,AWP,WE,Towers with Display (VFR),0,5,12,0,17,0,9,241,0,250,0,14,253,0,267,236,0,236,503
09/05/2002,EMT,CA,AWP,WE,Towers with Display (VFR),0,2,11,0,13,0,6,253,0,259,0,8,264,0,272,273,0,273,545
09/06/2002,EMT,CA,AWP,WE,Towers with Display (VFR),0,2,9,0,11,0,6,243,0,249,0,8,252,0,260,226,0,226,486
09/07/2002,EMT,CA,AWP,WE,Towers with Display (VFR),0,0,8,0,8,0,0,287,0,287,0,0,295,0,295,326,0,326,621
09/08/2002,EMT,CA,AWP,WE,Towers with Display (VFR),0,0,20,0,20,0,0,290,0,290,0,0,310,0,310,211,0,211,521
09/09/2002,EMT,CA,AWP,WE,Towers with Display (VFR),0,2,7,0,9,0,8,265,0,273,0,10,272,0,282,296,0,296,578
09/10/2002,EMT,CA,AWP,WE,Towers with Display (VFR),0,4,15,0,19,0,6,246,0,252,0,10,261,0,271,195,0,195,466
09/11/2002,EMT,CA,AWP,WE,Towers with Display (VFR),0,4,17,0,21,0,3,257,0,260,0,7,274,0,281,275,0,275,556
09/12/2002,EMT,CA,AWP,WE,Towers with Display (VFR),0,3,10,0,13,0,7,245,0,252,0,10,255,0,265,249,0,249,514
09/13/2002,EMT,CA,AWP,WE,Towers with Display (VFR),0,2,9,0,11,0,3,219,0,222,0,5,228,0,233,163,0,163,396
09/14/2002,EMT,CA,AWP,WE,Towers with Display (VFR),0,0,13,0,13,0,0,209,0,209,0,0,222,0,222,113,0,113,335
09/15/2002,EMT,CA,AWP,WE,Towers with Display (VFR),0,0,9,0,9,0,0,205,0,205,0,0,214,0,214,168,0,168,382
09/16/2002,EMT,CA,AWP,WE,Towers with Display (VFR),0,4,6,0,10,0,7,275,0,282,0,11,281,0,292,143,0,143,435
09/17/2002,EMT,CA,AWP,WE,Towers with Display (VFR),0,6,17,0,23,0,4,242,2,248,0,10,259,2,271,184,0,184,455
09/18/2002,EMT,CA,AWP,WE,Towers with Display (VFR),0,6,15,0,21,0,6,193,0,199,0,12,208,0,220,266,0,266,486
09/19/2002,EMT,CA,AWP,WE,Towers with Display (VFR),0,6,9,0,15,0,12,214,0,226,0,18,223,0,241,274,0,274,515
09/20/2002,EMT,CA,AWP,WE,Towers with Display (VFR),0,9,11,0,20,0,5,182,3,190,0,14,193,3,210,107,0,107,317
09/21/2002,EMT,CA,AWP,WE,Towers with Display (VFR),0,0,8,0,8,0,0,239,0,239,0,0,247,0,247,266,0,266,513
09/22/2002,EMT,CA,AWP,WE,Towers with Display (VFR),0,0,15,0,15,0,0,209,0,209,0,0,224,0,224,175,0,175,399
09/23/2002,EMT,CA,AWP,WE,Towers with Display (VFR),0,3,9,0,12,0,6,204,2,212,0,9,213,2,224,246,0,246,470
09/24/2002,EMT,CA,AWP,WE,Towers with Display (VFR),0,5,5,0,10,0,3,208,0,211,0,8,213,0,221,172,0,172,393
09/25/2002,EMT,CA,AWP,WE,Towers with Display (VFR),0,5,12,0,17,0,5,176,0,181,0,10,188,0,198,144,0,144,342
09/26/2002,EMT,CA,AWP,WE,Towers with Display (VFR),0,6,22,0,28,0,1,134,0,135,0,7,156,0,163,44,0,44,207
09/27/2002,EMT,CA,AWP,WE,Towers with Display (VFR),0,9,21,0,30,0,0,177,1,178,0,9,198,1,208,108,0,108,316
09/28/2002,EMT,CA,AWP,WE,Towers with Display (VFR),0,0,21,0,21,0,0,138,0,138,0,0,159,0,159,313,0,313,472
09/29/2002,EMT,CA,AWP,WE,Towers with Display (VFR),0,0,18,0,18,0,0,211,0,211,0,0,229,0,229,245,0,245,474
09/30/2002,EMT,CA,AWP,WE,Towers with Display (VFR),0,8,11,0,19,0,1,202,0,203,0,9,213,0,222,261,0,261,483
10/01/2002,EMT,CA,AWP,WE,Towers with Display (VFR),0,3,19,0,22,0,0,133,0,133,0,3,152,0,155,305,0,305,460
10/02/2002,EMT,CA,AWP,WE,Towers with Display (VFR),0,9,9,0,18,0,0,229,0,229,0,9,238,0,247,308,0,308,555
10/03/2002,EMT,CA,AWP,WE,Towers with Display (VFR),0,5,7,0,12,0,6,197,0,203,0,11,204,0,215,180,0,180,395
10/04/2002,EMT,CA,AWP,WE,Towers with Display (VFR),0,6,16,0,22,0,0,258,0,258,0,6,274,0,280,131,0,131,411
10/05/2002,EMT,CA,AWP,WE,Towers with Display (VFR),0,0,12,0,12,0,0,251,0,251,0,0,263,0,263,237,0,237,500
10/06/2002,EMT,CA,AWP,WE,Towers with Display (VFR),0,0,11,0,11,0,0,282,0,282,0,0,293,0,293,245,0,245,538
10/07/2002,EMT,CA,AWP,WE,Towers with Display (VFR),0,5,5,0,10,0,5,268,0,273,0,10,273,0,283,150,7,157,440
10/08/2002,EMT,CA,AWP,WE,Towers with Display (VFR),0,3,6,0,9,0,3,213,0,216,0,6,219,0,225,246,0,246,471
10/09/2002,EMT,CA,AWP,WE,Towers with Display (VFR),0,5,22,0,27,0,20,262,0,282,0,25,284,0,309,163,0,163,472
10/10/2002,EMT,CA,AWP,WE,Towers with Display (VFR),0,6,16,0,22,0,4,235,0,239,0,10,251,0,261,57,0,57,318
10/11/2002,EMT,CA,AWP,WE,Towers with Display (VFR),0,5,15,0,20,0,7,183,0,190,0,12,198,0,210,203,0,203,413
10/12/2002,EMT,CA,AWP,WE,Towers with Display (VFR),0,0,12,0,12,0,0,201,0,201,0,0,213,0,213,293,0,293,506
10/13/2002,EMT,CA,AWP,WE,Towers with Display (VFR),0,0,20,0,20,0,0,128,0,128,0,0,148,0,148,120,0,120,268
10/14/2002,EMT,CA,AWP,WE,Towers with Display (VFR),0,0,15,0,15,0,0,69,0,69,0,0,84,0,84,139,0,139,223
10/15/2002,EMT,CA,AWP,WE,Towers with Display (VFR),0,0,16,0,16,0,0,72,0,72,0,0,88,0,88,0,0,0,88
10/16/2002,EMT,CA,AWP,WE,Towers with Display (VFR),0,10,18,0,28,0,0,234,0,234,0,10,252,0,262,339,0,339,601
10/17/2002,EMT,CA,AWP,WE,Towers with Display (VFR),0,5,13,0,18,0,5,178,0,183,0,10,191,0,201,199,0,199,400
10/18/2002,EMT,CA,AWP,WE,Towers with Display (VFR),0,10,19,0,29,0,0,202,0,202,0,10,221,0,231,313,0,313,544
10/19/2002,EMT,CA,AWP,WE,Towers with Display (VFR),0,0,9,0,9,0,0,198,0,198,0,0,207,0,207,182,0,182,389
10/20/2002,EMT,CA,AWP,WE,Towers with Display (VFR),0,0,23,0,23,0,1,182,0,183,0,1,205,0,206,198,0,198,404
10/21/2002,EMT,CA,AWP,WE,Towers with Display (VFR),0,8,11,0,19,0,4,112,0,116,0,12,123,0,135,45,0,45,180
10/22/2002,EMT,CA,AWP,WE,Towers with Display (VFR),0,9,14,0,23,0,2,169,0,171,0,11,183,0,194,300,0,300,494
10/23/2002,EMT,CA,AWP,WE,Towers with Display (VFR),0,8,21,0,29,0,1,255,0,256,0,9,276,0,285,269,0,269,554
10/24/2002,EMT,CA,AWP,WE,Towers with Display (VFR),0,10,18,0,28,0,1,196,0,197,0,11,214,0,225,168,0,168,393
10/25/2002,EMT,CA,AWP,WE,Towers with Display (VFR),0,11,19,0,30,0,4,144,0,148,0,15,163,0,178,163,0,163,341
10/26/2002,EMT,CA,AWP,WE,Towers with Display (VFR),0,0,4,0,4,0,0,170,0,170,0,0,174,0,174,223,0,223,397
10/27/2002,EMT,CA,AWP,WE,Towers with Display (VFR),0,0,19,0,19,0,0,226,0,226,0,0,245,0,245,146,0,146,391
10/28/2002,EMT,CA,AWP,WE,Towers with Display (VFR),0,5,15,0,20,0,3,222,0,225,0,8,237,0,245,232,0,232,477
10/29/2002,EMT,CA,AWP,WE,Towers with Display (VFR),0,10,15,0,25,0,4,275,0,279,0,14,290,0,304,232,0,232,536
10/30/2002,EMT,CA,AWP,WE,Towers with Display (VFR),0,8,24,0,32,1,2,293,0,296,1,10,317,0,328,217,0,217,545
10/31/2002,EMT,CA,AWP,WE,Towers with Display (VFR),0,9,26,0,35,0,0,240,0,240,0,9,266,0,275,282,0,282,557
11/01/2002,EMT,CA,AWP,WE,Towers with Display (VFR),0,12,14,0,26,0,62,184,0,246,0,74,198,0,272,191,0,191,463
11/02/2002,EMT,CA,AWP,WE,Towers with Display (VFR),0,0,6,0,6,0,0,165,0,165,0,0,171,0,171,298,0,298,469
11/03/2002,EMT,CA,AWP,WE,Towers with Display (VFR),0,0,7,0,7,0,0,277,0,277,0,0,284,0,284,234,0,234,518
11/04/2002,EMT,CA,AWP,WE,Towers with Display (VFR),0,6,9,0,15,0,3,208,0,211,0,9,217,0,226,212,0,212,438
11/05/2002,EMT,CA,AWP,WE,Towers with Display (VFR),0,4,10,0,14,0,10,227,0,237,0,14,237,0,251,277,0,277,528
11/06/2002,EMT,CA,AWP,WE,Towers with Display (VFR),0,3,16,0,19,0,9,315,0,324,0,12,331,0,343,284,0,284,627
11/07/2002,EMT,CA,AWP,WE,Towers with Display (VFR),0,5,14,0,19,0,0,225,0,225,0,5,239,0,244,148,0,148,392
11/08/2002,EMT,CA,AWP,WE,Towers with Display (VFR),0,5,5,0,10,0,0,1,0,1,0,5,6,0,11,0,0,0,11
11/09/2002,EMT,CA,AWP,WE,Towers with Display (VFR),0,0,6,0,6,0,0,0,0,0,0,0,6,0,6,6,0,6,12
11/10/2002,EMT,CA,AWP,WE,Towers with Display (VFR),0,0,14,0,14,0,0,240,0,240,0,0,254,0,254,263,0,263,517
11/11/2002,EMT,CA,AWP,WE,Towers with Display (VFR),0,0,3,0,3,0,0,200,2,202,0,0,203,2,205,223,0,223,428
11/12/2002,EMT,CA,AWP,WE,Towers with Display (VFR),0,7,5,0,12,0,5,239,0,244,0,12,244,0,256,253,0,253,509
11/13/2002,EMT,CA,AWP,WE,Towers with Display (VFR),0,6,10,0,16,0,9,310,0,319,0,15,320,0,335,200,0,200,535
11/14/2002,EMT,CA,AWP,WE,Towers with Display (VFR),0,1,14,0,15,0,0,235,0,235,0,1,249,0,250,183,9,192,442
11/15/2002,EMT,CA,AWP,WE,Towers with Display (VFR),0,1,6,0,7,0,12,243,0,255,0,13,249,0,262,191,0,191,453
11/16/2002,EMT,CA,AWP,WE,Towers with Display (VFR),0,0,13,0,13,0,0,283,0,283,0,0,296,0,296,325,0,325,621
11/17/2002,EMT,CA,AWP,WE,Towers with Display (VFR),0,0,13,0,13,0,0,333,0,333,0,0,346,0,346,227,0,227,573
11/18/2002,EMT,CA,AWP,WE,Towers with Display (VFR),0,4,0,0,4,0,5,184,0,189,0,9,184,0,193,176,0,176,369
11/19/2002,EMT,CA,AWP,WE,Towers with Display (VFR),0,4,10,0,14,0,9,246,1,256,0,13,256,1,270,264,0,264,534
11/20/2002,EMT,CA,AWP,WE,Towers with Display (VFR),0,5,14,0,19,0,0,251,0,251,0,5,265,0,270,317,0,317,587
11/21/2002,EMT,CA,AWP,WE,Towers with Display (VFR),0,3,8,0,11,0,7,346,0,353,0,10,354,0,364,273,0,273,637
11/22/2002,EMT,CA,AWP,WE,Towers with Display (VFR),0,6,14,0,20,0,6,294,0,300,0,12,308,0,320,218,0,218,538
11/23/2002,EMT,CA,AWP,WE,Towers with Display (VFR),0,0,18,0,18,0,0,236,0,236,0,0,254,0,254,232,0,232,486
11/24/2002,EMT,CA,AWP,WE,Towers with Display (VFR),0,0,18,0,18,0,0,282,0,282,0,0,300,0,300,340,0,340,640
11/25/2002,EMT,CA,AWP,WE,Towers with Display (VFR),0,5,6,0,11,0,3,113,0,116,0,8,119,0,127,64,0,64,191
11/26/2002,EMT,CA,AWP,WE,Towers with Display (VFR),0,2,1,0,3,0,3,217,0,220,0,5,218,0,223,176,0,176,399
11/27/2002,EMT,CA,AWP,WE,Towers with Display (VFR),0,5,2,0,7,0,9,265,0,274,0,14,267,0,281,246,0,246,527
11/28/2002,EMT,CA,AWP,WE,Towers with Display (VFR),0,0,6,0,6,0,0,117,0,117,0,0,123,0,123,185,0,185,308
11/29/2002,EMT,CA,AWP,WE,Towers with Display (VFR),0,10,8,0,18,0,2,154,0,156,0,12,162,0,174,179,0,179,353
11/30/2002,EMT,CA,AWP,WE,Towers with Display (VFR),0,0,0,0,0,0,0,172,0,172,0,0,172,0,172,131,0,131,303
12/01/2002,EMT,CA,AWP,WE,Towers with Display (VFR),0,0,10,0,10,0,0,334,0,334,0,0,344,0,344,133,0,133,477
12/02/2002,EMT,CA,AWP,WE,Towers with Display (VFR),0,7,2,0,9,0,4,266,0,270,0,11,268,0,279,153,0,153,432
12/03/2002,EMT,CA,AWP,WE,Towers with Display (VFR),0,6,8,0,14,0,8,262,0,270,0,14,270,0,284,190,0,190,474
12/04/2002,EMT,CA,AWP,WE,Towers with Display (VFR),0,9,13,0,22,0,1,309,0,310,0,10,322,0,332,219,0,219,551
12/05/2002,EMT,CA,AWP,WE,Towers with Display (VFR),0,6,8,0,14,0,2,276,1,279,0,8,284,1,293,183,0,183,476
12/06/2002,EMT,CA,AWP,WE,Towers with Display (VFR),0,7,4,0,11,0,3,258,9,270,0,10,262,9,281,187,0,187,468
12/07/2002,EMT,CA,AWP,WE,Towers with Display (VFR),0,0,17,0,17,0,0,154,0,154,0,0,171,0,171,158,0,158,329
12/08/2002,EMT,CA,AWP,WE,Towers with Display (VFR),0,0,11,0,11,0,0,337,0,337,0,0,348,0,348,214,0,214,562
12/09/2002,EMT,CA,AWP,WE,Towers with Display (VFR),0,7,13,0,20,0,3,225,0,228,0,10,238,0,248,212,0,212,460
12/10/2002,EMT,CA,AWP,WE,Towers with Display (VFR),0,10,10,0,20,0,3,269,0,272,0,13,279,0,292,113,0,113,405
12/11/2002,EMT,CA,AWP,WE,Towers with Display (VFR),0,9,9,0,18,0,1,216,1,218,0,10,225,1,236,196,0,196,432
12/12/2002,EMT,CA,AWP,WE,Towers with Display (VFR),0,8,2,0,10,0,1,206,0,207,0,9,208,0,217,151,0,151,368
12/13/2002,EMT,CA,AWP,WE,Towers with Display (VFR),0,8,16,0,24,0,2,282,0,284,0,10,298,0,308,132,0,132,440
12/14/2002,EMT,CA,AWP,WE,Towers with Display (VFR),0,0,15,0,15,0,0,186,0,186,0,0,201,0,201,214,0,214,415
12/15/2002,EMT,CA,AWP,WE,Towers with Display (VFR),0,0,17,0,17,0,0,254,0,254,0,0,271,0,271,126,0,126,397
12/16/2002,EMT,CA,AWP,WE,Towers with Display (VFR),0,6,10,0,16,0,5,122,0,127,0,11,132,0,143,146,0,146,289
12/17/2002,EMT,CA,AWP,WE,Towers with Display (VFR),0,6,4,0,10,0,1,194,0,195,0,7,198,0,205,177,0,177,382
12/18/2002,EMT,CA,AWP,WE,Towers with Display (VFR),0,9,24,0,33,0,2,238,2,242,0,11,262,2,275,186,0,186,461
12/19/2002,EMT,CA,AWP,WE,Towers with Display (VFR),0,3,11,0,14,0,3,304,0,307,0,6,315,0,321,168,0,168,489
12/20/2002,EMT,CA,AWP,WE,Towers with Display (VFR),0,12,11,0,23,1,2,163,3,169,1,14,174,3,192,116,0,116,308
12/21/2002,EMT,CA,AWP,WE,Towers with Display (VFR),0,0,5,0,5,0,0,176,0,176,0,0,181,0,181,209,0,209,390
12/22/2002,EMT,CA,AWP,WE,Towers with Display (VFR),0,0,10,0,10,0,0,245,0,245,0,0,255,0,255,204,0,204,459
12/23/2002,EMT,CA,AWP,WE,Towers with Display (VFR),0,10,3,0,13,0,1,266,0,267,0,11,269,0,280,310,0,310,590
12/24/2002,EMT,CA,AWP,WE,Towers with Display (VFR),0,11,7,0,18,0,1,277,0,278,0,12,284,0,296,227,0,227,523
12/25/2002,EMT,CA,AWP,WE,Towers with Display (VFR),0,0,5,0,5,0,0,156,0,156,0,0,161,0,161,69,0,69,230
12/26/2002,EMT,CA,AWP,WE,Towers with Display (VFR),0,7,5,0,12,0,3,252,0,255,0,10,257,0,267,195,0,195,462
12/27/2002,EMT,CA,AWP,WE,Towers with Display (VFR),0,2,4,0,6,0,0,218,24,242,0,2,222,24,248,214,0,214,462
12/28/2002,EMT,CA,AWP,WE,Towers with Display (VFR),0,0,9,0,9,0,0,263,0,263,0,0,272,0,272,246,0,246,518
12/29/2002,EMT,CA,AWP,WE,Towers with Display (VFR),0,0,4,0,4,0,0,171,0,171,0,0,175,0,175,205,0,205,380
12/30/2002,EMT,CA,AWP,WE,Towers with Display (VFR),0,7,6,0,13,0,3,288,0,291,0,10,294,0,304,203,0,203,507
12/31/2002,EMT,CA,AWP,WE,Towers with Display (VFR),0,8,6,0,14,0,4,248,0,252,0,12,254,0,266,209,0,209,475
01/01/2003,EMT,CA,AWP,WE,Towers with Display (VFR),0,0,3,0,3,0,0,300,0,300,0,0,303,0,303,244,0,244,547
01/02/2003,EMT,CA,AWP,WE,Towers with Display (VFR),0,6,3,0,9,0,4,260,1,265,0,10,263,1,274,251,0,251,525
01/03/2003,EMT,CA,AWP,WE,Towers with Display (VFR),0,7,10,0,17,0,2,228,0,230,0,9,238,0,247,119,0,119,366
01/04/2003,EMT,CA,AWP,WE,Towers with Display (VFR),0,0,8,0,8,0,0,261,0,261,0,0,269,0,269,266,0,266,535
01/05/2003,EMT,CA,AWP,WE,Towers with Display (VFR),0,0,7,0,7,0,0,238,0,238,0,0,245,0,245,187,0,187,432
01/06/2003,EMT,CA,AWP,WE,Towers with Display (VFR),0,4,1,0,5,0,7,91,11,109,0,11,92,11,114,103,0,103,217
01/07/2003,EMT,CA,AWP,WE,Towers with Display (VFR),0,5,4,0,9,0,7,201,0,208,0,12,205,0,217,164,0,164,381
01/08/2003,EMT,CA,AWP,WE,Towers with Display (VFR),0,5,12,0,17,0,5,254,0,259,0,10,266,0,276,271,0,271,547
01/09/2003,EMT,CA,AWP,WE,Towers with Display (VFR),0,5,20,0,25,0,8,168,0,176,0,13,188,0,201,172,0,172,373
01/10/2003,EMT,CA,AWP,WE,Towers with Display (VFR),0,8,18,0,26,0,0,167,0,167,0,8,185,0,193,43,0,43,236
01/11/2003,EMT,CA,AWP,WE,Towers with Display (VFR),0,0,9,0,9,0,0,191,3,194,0,0,200,3,203,220,0,220,423
01/12/2003,EMT,CA,AWP,WE,Towers with Display (VFR),0,0,7,0,7,0,0,147,0,147,0,0,154,0,154,157,0,157,311
01/13/2003,EMT,CA,AWP,WE,Towers with Display (VFR),0,0,17,0,17,0,5,146,0,151,0,5,163,0,168,171,0,171,339
01/14/2003,EMT,CA,AWP,WE,Towers with Display (VFR),0,6,7,0,13,0,3,206,0,209,0,9,213,0,222,117,0,117,339
01/15/2003,EMT,CA,AWP,WE,Towers with Display (VFR),0,9,4,0,13,0,5,319,2,326,0,14,323,2,339,216,0,216,555
01/16/2003,EMT,CA,AWP,WE,Towers with Display (VFR),0,6,5,0,11,0,3,215,0,218,0,9,220,0,229,166,0,166,395
01/17/2003,EMT,CA,AWP,WE,Towers with Display (VFR),0,3,9,0,12,0,5,242,0,247,0,8,251,0,259,182,0,182,441
01/18/2003,EMT,CA,AWP,WE,Towers with Display (VFR),0,0,13,0,13,0,0,248,0,248,0,0,261,0,261,258,0,258,519
01/19/2003,EMT,CA,AWP,WE,Towers with Display (VFR),0,0,1,0,1,0,0,282,0,282,0,0,283,0,283,146,0,146,429
01/20/2003,EMT,CA,AWP,WE,Towers with Display (VFR),0,0,7,0,7,0,0,222,0,222,0,0,229,0,229,206,0,206,435
01/21/2003,EMT,CA,AWP,WE,Towers with Display (VFR),0,9,19,0,28,0,3,232,0,235,0,12,251,0,263,181,0,181,444
01/22/2003,EMT,CA,AWP,WE,Towers with Display (VFR),0,10,14,0,24,0,1,166,0,167,0,11,180,0,191,181,0,181,372
01/23/2003,EMT,CA,AWP,WE,Towers with Display (VFR),0,1,15,0,16,0,0,229,0,229,0,1,244,0,245,157,0,157,402
01/24/2003,EMT,CA,AWP,WE,Towers with Display (VFR),0,6,12,0,18,0,0,247,0,247,0,6,259,0,265,147,0,147,412
01/25/2003,EMT,CA,AWP,WE,Towers with Display (VFR),0,0,11,0,11,0,0,235,0,235,0,0,246,0,246,176,0,176,422
01/26/2003,EMT,CA,AWP,WE,Towers with Display (VFR),0,0,6,0,6,0,0,295,0,295,0,0,301,0,301,205,0,205,506
01/27/2003,EMT,CA,AWP,WE,Towers with Display (VFR),0,6,7,0,13,0,7,244,2,253,0,13,251,2,266,154,0,154,420
01/28/2003,EMT,CA,AWP,WE,Towers with Display (VFR),0,7,9,0,16,0,2,234,0,236,0,9,243,0,252,250,0,250,502
01/29/2003,EMT,CA,AWP,WE,Towers with Display (VFR),0,7,9,0,16,0,5,301,0,306,0,12,310,0,322,167,0,167,489
01/30/2003,EMT,CA,AWP,WE,Towers with Display (VFR),0,6,12,0,18,0,6,298,0,304,0,12,310,0,322,170,0,170,492
01/31/2003,EMT,CA,AWP,WE,Towers with Display (VFR),0,8,6,0,14,0,0,281,0,281,0,8,287,0,295,216,0,216,511
02/01/2003,EMT,CA,AWP,WE,Towers with Display (VFR),0,0,12,0,12,0,0,249,0,249,0,0,261,0,261,166,0,166,427
02/02/2003,EMT,CA,AWP,WE,Towers with Display (VFR),0,0,6,0,6,0,0,266,0,266,0,0,272,0,272,260,0,260,532
02/03/2003,EMT,CA,AWP,WE,Towers with Display (VFR),0,7,8,0,15,0,4,332,0,336,0,11,340,0,351,259,0,259,610
02/04/2003,EMT,CA,AWP,WE,Towers with Display (VFR),0,7,6,0,13,0,6,247,2,255,0,13,253,2,268,230,0,230,498
02/05/2003,EMT,CA,AWP,WE,Towers with Display (VFR),0,6,5,0,11,0,0,291,0,291,0,6,296,0,302,303,0,303,605
02/06/2003,EMT,CA,AWP,WE,Towers with Display (VFR),0,1,2,0,3,0,0,271,0,271,0,1,273,0,274,210,0,210,484
02/07/2003,EMT,CA,AWP,WE,Towers with Display (VFR),0,10,13,0,23,0,2,216,0,218,0,12,229,0,241,180,0,180,421
02/08/2003,EMT,CA,AWP,WE,Towers with Display (VFR),0,0,8,0,8,0,0,220,0,220,0,0,228,0,228,301,0,301,529
02/09/2003,EMT,CA,AWP,WE,Towers with Display (VFR),0,0,3,0,3,0,0,292,0,292,0,0,295,0,295,196,0,196,491
02/10/2003,EMT,CA,AWP,WE,Towers with Display (VFR),0,7,8,0,15,0,0,266,0,266,0,7,274,0,281,158,0,158,439
02/11/2003,EMT,CA,AWP,WE,Towers with Display (VFR),0,8,4,0,12,0,0,76,0,76,0,8,80,0,88,21,0,21,109
02/12/2003,EMT,CA,AWP,WE,Towers with Display (VFR),0,7,5,0,12,0,0,19,0,19,0,7,24,0,31,0,0,0,31
02/13/2003,EMT,CA,AWP,WE,Towers with Display (VFR),0,4,18,0,22,0,0,132,0,132,0,4,150,0,154,52,0,52,206
02/14/2003,EMT,CA,AWP,WE,Towers with Display (VFR),0,7,13,0,20,0,0,185,0,185,0,7,198,0,205,157,0,157,362
02/15/2003,EMT,CA,AWP,WE,Towers with Display (VFR),0,0,26,0,26,0,0,176,0,176,0,0,202,0,202,266,0,266,468
02/16/2003,EMT,CA,AWP,WE,Towers with Display (VFR),0,0,21,0,21,0,0,195,0,195,0,0,216,0,216,181,0,181,397
02/17/2003,EMT,CA,AWP,WE,Towers with Display (VFR),0,0,10,0,10,0,0,249,0,249,0,0,259,0,259,396,0,396,655
02/18/2003,EMT,CA,AWP,WE,Towers with Display (VFR),0,10,4,0,14,0,1,229,0,230,0,11,233,0,244,253,0,253,497
02/19/2003,EMT,CA,AWP,WE,Towers with Display (VFR),0,4,8,0,12,0,0,220,0,220,0,4,228,0,232,236,0,236,468
02/20/2003,EMT,CA,AWP,WE,Towers with Display (VFR),0,7,11,0,18,0,4,260,0,264,0,11,271,0,282,147,0,147,429
02/21/2003,EMT,CA,AWP,WE,Towers with Display (VFR),0,8,9,0,17,0,2,302,0,304,0,10,311,0,321,131,0,131,452
02/22/2003,EMT,CA,AWP,WE,Towers with Display (VFR),0,0,11,0,11,0,0,233,0,233,0,0,244,0,244,163,0,163,407
02/23/2003,EMT,CA,AWP,WE,Towers with Display (VFR),0,0,40,0,40,0,0,186,0,186,0,0,226,0,226,163,0,163,389
02/24/2003,EMT,CA,AWP,WE,Towers with Display (VFR),0,9,9,0,18,0,1,202,0,203,0,10,211,0,221,168,0,168,389
02/25/2003,EMT,CA,AWP,WE,Towers with Display (VFR),0,9,8,0,17,0,1,179,0,180,0,10,187,0,197,79,0,79,276
02/26/2003,EMT,CA,AWP,WE,Towers with Display (VFR),0,10,2,0,12,0,1,273,0,274,0,11,275,0,286,454,0,454,740
02/27/2003,EMT,CA,AWP,WE,Towers with Display (VFR),0,7,15,0,22,0,0,233,0,233,0,7,248,0,255,302,0,302,557
02/28/2003,EMT,CA,AWP,WE,Towers with Display (VFR),0,12,13,0,25,0,0,215,0,215,0,12,228,0,240,226,3,229,469
03/01/2003,EMT,CA,AWP,WE,Towers with Display (VFR),0,0,13,0,13,0,2,267,0,269,0,2,280,0,282,328,0,328,610
03/02/2003,EMT,CA,AWP,WE,Towers with Display (VFR),0,0,11,0,11,0,0,286,0,286,0,0,297,0,297,290,0,290,587
03/03/2003,EMT,CA,AWP,WE,Towers with Display (VFR),0,5,10,0,15,0,0,262,0,262,0,5,272,0,277,258,0,258,535
03/04/2003,EMT,CA,AWP,WE,Towers with Display (VFR),0,9,6,0,15,0,5,219,0,224,0,14,225,0,239,285,2,287,526
03/05/2003,EMT,CA,AWP,WE,Towers with Display (VFR),0,8,14,0,22,0,4,285,2,291,0,12,299,2,313,218,0,218,531
03/06/2003,EMT,CA,AWP,WE,Towers with Display (VFR),0,6,12,0,18,0,6,333,0,339,0,12,345,0,357,310,0,310,667
03/07/2003,EMT,CA,AWP,WE,Towers with Display (VFR),0,8,8,0,16,0,11,257,0,268,0,19,265,0,284,214,0,214,498
03/08/2003,EMT,CA,AWP,WE,Towers with Display (VFR),0,0,4,0,4,0,0,223,0,223,0,0,227,0,227,249,0,249,476
03/09/2003,EMT,CA,AWP,WE,Towers with Display (VFR),0,0,8,0,8,0,0,257,0,257,0,0,265,0,265,249,0,249,514
03/10/2003,EMT,CA,AWP,WE,Towers with Display (VFR),0,7,7,0,14,0,3,207,0,210,0,10,214,0,224,162,0,162,386
03/11/2003,EMT,CA,AWP,WE,Towers with Display (VFR),0,8,5,0,13,0,1,204,0,205,0,9,209,0,218,316,0,316,534
03/12/2003,EMT,CA,AWP,WE,Towers with Display (VFR),0,8,12,0,20,0,4,221,0,225,0,12,233,0,245,120,0,120,365
03/13/2003,EMT,CA,AWP,WE,Towers with Display (VFR),0,10,12,0,22,0,2,209,0,211,0,12,221,0,233,131,0,131,364
03/14/2003,EMT,CA,AWP,WE,Towers with Display (VFR),0,11,20,0,31,0,2,133,0,135,0,13,153,0,166,93,0,93,259
03/15/2003,EMT,CA,AWP,WE,Towers with Display (VFR),0,0,5,0,5,0,0,3,0,3,0,0,8,0,8,6,0,6,14
03/16/2003,EMT,CA,AWP,WE,Towers with Display (VFR),0,0,14,0,14,0,0,243,0,243,0,0,257,0,257,252,0,252,509
03/17/2003,EMT,CA,AWP,WE,Towers with Display (VFR),0,4,7,0,11,0,7,177,0,184,0,11,184,0,195,24,2,26,221
03/18/2003,EMT,CA,AWP,WE,Towers with Display (VFR),0,8,8,0,16,0,4,218,0,222,0,12,226,0,238,134,4,138,376
03/19/2003,EMT,CA,AWP,WE,Towers with Display (VFR),0,7,11,0,18,0,1,272,9,282,0,8,283,9,300,358,0,358,658
03/20/2003,EMT,CA,AWP,WE,Towers with Display (VFR),0,9,9,0,18,0,5,213,8,226,0,14,222,8,244,270,0,270,514
03/21/2003,EMT,CA,AWP,WE,Towers with Display (VFR),0,9,12,0,21,0,1,259,2,262,0,10,271,2,283,159,0,159,442
03/22/2003,EMT,CA,AWP,WE,Towers with Display (VFR),0,0,9,0,9,0,0,238,0,238,0,0,247,0,247,309,0,309,556
03/23/2003,EMT,CA,AWP,WE,Towers with Display (VFR),0,0,5,0,5,0,0,198,0,198,0,0,203,0,203,247,0,247,450
03/24/2003,EMT,CA,AWP,WE,Towers with Display (VFR),0,10,12,0,22,0,1,173,0,174,0,11,185,0,196,318,4,322,518
03/25/2003,EMT,CA,AWP,WE,Towers with Display (VFR),0,8,12,0,20,0,7,258,0,265,0,15,270,0,285,257,2,259,544
03/26/2003,EMT,CA,AWP,WE,Towers with Display (VFR),0,9,9,0,18,0,5,279,2,286,0,14,288,2,304,351,2,353,657
03/27/2003,EMT,CA,AWP,WE,Towers with Display (VFR),0,7,8,0,15,0,0,301,0,301,0,7,309,0,316,215,0,215,531
03/28/2003,EMT,CA,AWP,WE,Towers with Display (VFR),0,8,2,0,10,0,1,181,1,183,0,9,183,1,193,272,0,272,465
03/29/2003,EMT,CA,AWP,WE,Towers with Display (VFR),0,0,6,0,6,0,0,228,45,273,0,0,234,45,279,222,0,222,501
03/30/2003,EMT,CA,AWP,WE,Towers with Display (VFR),0,0,14,0,14,0,0,307,0,307,0,0,321,0,321,345,0,345,666
03/31/2003,EMT,CA,AWP,WE,Towers with Display (VFR),0,7,8,0,15,0,5,290,8,303,0,12,298,8,318,194,0,194,512
04/01/2003,EMT,CA,AWP,WE,Towers with Display (VFR),0,7,20,0,27,0,5,258,0,263,0,12,278,0,290,275,0,275,565
04/02/2003,EMT,CA,AWP,WE,Towers with Display (VFR),0,7,10,0,17,0,7,287,0,294,0,14,297,0,311,229,0,229,540
04/03/2003,EMT,CA,AWP,WE,Towers with Display (VFR),0,7,9,0,16,0,3,345,0,348,0,10,354,0,364,227,0,227,591
04/04/2003,EMT,CA,AWP,WE,Towers with Display (VFR),0,9,4,0,13,0,4,192,0,196,0,13,196,0,209,205,0,205,414
04/05/2003,EMT,CA,AWP,WE,Towers with Display (VFR),0,0,7,0,7,0,0,180,0,180,0,0,187,0,187,143,0,143,330
04/06/2003,EMT,CA,AWP,WE,Towers with Display (VFR),0,0,8,0,8,0,0,221,0,221,0,0,229,0,229,227,0,227,456
04/07/2003,EMT,CA,AWP,WE,Towers with Display (VFR),0,4,11,0,15,0,7,218,0,225,0,11,229,0,240,197,0,197,437
04/08/2003,EMT,CA,AWP,WE,Towers with Display (VFR),0,5,10,0,15,0,5,309,0,314,0,10,319,0,329,223,0,223,552
04/09/2003,EMT,CA,AWP,WE,Towers with Display (VFR),0,5,15,0,20,0,5,282,0,287,0,10,297,0,307,193,0,193,500
04/10/2003,EMT,CA,AWP,WE,Towers with Display (VFR),0,6,8,0,14,0,5,310,0,315,0,11,318,0,329,287,0,287,616
04/11/2003,EMT,CA,AWP,WE,Towers with Display (VFR),0,5,15,0,20,0,0,187,0,187,0,5,202,0,207,162,0,162,369
04/12/2003,EMT,CA,AWP,WE,Towers with Display (VFR),0,0,17,0,17,0,0,184,0,184,0,0,201,0,201,199,0,199,400
04/13/2003,EMT,CA,AWP,WE,Towers with Display (VFR),0,0,11,0,11,0,0,152,0,152,0,0,163,0,163,173,0,173,336
04/14/2003,EMT,CA,AWP,WE,Towers with Display (VFR),0,10,7,0,17,0,0,82,0,82,0,10,89,0,99,55,0,55,154
04/15/2003,EMT,CA,AWP,WE,Towers with Display (VFR),0,8,16,0,24,0,6,298,0,304,0,14,314,0,328,245,0,245,573
04/16/2003,EMT,CA,AWP,WE,Towers with Display (VFR),0,6,16,0,22,0,6,345,0,351,0,12,361,0,373,219,0,219,592
04/17/2003,EMT,CA,AWP,WE,Towers with Display (VFR),0,9,5,0,14,0,0,214,0,214,0,9,219,0,228,225,0,225,453
04/18/2003,EMT,CA,AWP,WE,Towers with Display (VFR),0,14,8,0,22,0,0,212,0,212,0,14,220,0,234,204,0,204,438
04/19/2003,EMT,CA,AWP,WE,Towers with Display (VFR),0,0,13,0,13,0,0,215,0,215,0,0,228,0,228,226,0,226,454
04/20/2003,EMT,CA,AWP,WE,Towers with Display (VFR),0,0,7,0,7,0,0,263,0,263,0,0,270,0,270,132,0,132,402
04/21/2003,EMT,CA,AWP,WE,Towers with Display (VFR),0,5,13,0,18,0,9,189,0,198,0,14,202,0,216,229,0,229,445
04/22/2003,EMT,CA,AWP,WE,Towers with Display (VFR),0,7,11,0,18,0,3,201,0,204,0,10,212,0,222,352,0,352,574
04/23/2003,EMT,CA,AWP,WE,Towers with Display (VFR),0,7,20,1,28,0,1,267,1,269,0,8,287,2,297,298,0,298,595
04/24/2003,EMT,CA,AWP,WE,Towers with Display (VFR),0,8,16,0,24,0,2,306,0,308,0,10,322,0,332,271,0,271,603
04/25/2003,EMT,CA,AWP,WE,Towers with Display (VFR),0,9,13,0,22,0,0,228,0,228,0,9,241,0,250,192,0,192,442
04/26/2003,EMT,CA,AWP,WE,Towers with Display (VFR),0,0,9,0,9,0,0,227,6,233,0,0,236,6,242,283,0,283,525
04/27/2003,EMT,CA,AWP,WE,Towers with Display (VFR),0,0,20,0,20,0,0,321,23,344,0,0,341,23,364,229,0,229,593
04/28/2003,EMT,CA,AWP,WE,Towers with Display (VFR),0,3,9,0,12,0,7,204,0,211,0,10,213,0,223,207,0,207,430
04/29/2003,EMT,CA,AWP,WE,Towers with Display (VFR),0,8,8,0,16,0,4,241,0,245,0,12,249,0,261,241,0,241,502
04/30/2003,EMT,CA,AWP,WE,Towers with Display (VFR),0,5,13,0,18,0,7,267,0,274,0,12,280,0,292,236,0,236,528
05/01/2003,EMT,CA,AWP,WE,Towers with Display (VFR),0,3,9,1,13,0,7,244,3,254,0,10,253,4,267,290,0,290,557
05/02/2003,EMT,CA,AWP,WE,Towers with Display (VFR),0,9,19,0,28,0,2,140,6,148,0,11,159,6,176,163,0,163,339
05/03/2003,EMT,CA,AWP,WE,Towers with Display (VFR),0,0,8,0,8,0,1,56,0,57,0,1,64,0,65,25,0,25,90
05/04/2003,EMT,CA,AWP,WE,Towers with Display (VFR),0,0,20,0,20,0,0,178,0,178,0,0,198,0,198,202,0,202,400
05/05/2003,EMT,CA,AWP,WE,Towers with Display (VFR),0,4,20,0,24,0,9,232,0,241,0,13,252,0,265,292,0,292,557
05/06/2003,EMT,CA,AWP,WE,Towers with Display (VFR),0,8,25,0,33,0,8,181,0,189,0,16,206,0,222,318,0,318,540
05/07/2003,EMT,CA,AWP,WE,Towers with Display (VFR),0,5,27,0,32,0,5,259,0,264,0,10,286,0,296,186,0,186,482
05/08/2003,EMT,CA,AWP,WE,Towers with Display (VFR),0,5,17,0,22,0,3,243,0,246,0,8,260,0,268,280,0,280,548
05/09/2003,EMT,CA,AWP,WE,Towers with Display (VFR),0,5,14,0,19,0,4,254,0,258,0,9,268,0,277,269,0,269,546
05/10/2003,EMT,CA,AWP,WE,Towers with Display (VFR),0,0,12,0,12,0,0,264,0,264,0,0,276,0,276,311,0,311,587
05/11/2003,EMT,CA,AWP,WE,Towers with Display (VFR),0,0,8,0,8,0,0,228,0,228,0,0,236,0,236,210,0,210,446
05/12/2003,EMT,CA,AWP,WE,Towers with Display (VFR),0,3,14,0,17,0,10,269,0,279,0,13,283,0,296,237,0,237,533
05/13/2003,EMT,CA,AWP,WE,Towers with Display (VFR),0,3,9,0,12,0,6,271,0,277,0,9,280,0,289,460,0,460,749
05/14/2003,EMT,CA,AWP,WE,Towers with Display (VFR),0,5,22,0,27,2,6,155,0,163,2,11,177,0,190,102,0,102,292
05/15/2003,EMT,CA,AWP,WE,Towers with Display (VFR),0,2,10,0,12,0,0,345,0,345,0,2,355,0,357,237,0,237,594
05/16/2003,EMT,CA,AWP,WE,Towers with Display (VFR),0,9,9,0,18,0,1,252,0,253,0,10,261,0,271,242,0,242,513
05/17/2003,EMT,CA,AWP,WE,Towers with Display (VFR),0,0,8,0,8,0,0,241,4,245,0,0,249,4,253,258,0,258,511
05/18/2003,EMT,CA,AWP,WE,Towers with Display (VFR),0,0,22,0,22,0,0,188,0,188,0,0,210,0,210,297,0,297,507
05/19/2003,EMT,CA,AWP,WE,Towers with Display (VFR),0,2,12,0,14,1,8,257,0,266,1,10,269,0,280,233,0,233,513
05/20/2003,EMT,CA,AWP,WE,Towers with Display (VFR),0,3,14,0,17,4,9,280,0,293,4,12,294,0,310,183,0,183,493
05/21/2003,EMT,CA,AWP,WE,Towers with Display (VFR),0,5,10,0,15,0,5,263,0,268,0,10,273,0,283,307,0,307,590
05/22/2003,EMT,CA,AWP,WE,Towers with Display (VFR),0,1,9,0,10,0,0,208,0,208,0,1,217,0,218,184,0,184,402
05/23/2003,EMT,CA,AWP,WE,Towers with Display (VFR),0,6,7,0,13,0,2,159,0,161,0,8,166,0,174,112,0,112,286
05/24/2003,EMT,CA,AWP,WE,Towers with Display (VFR),0,0,24,0,24,0,0,119,0,119,0,0,143,0,143,158,0,158,301
05/25/2003,EMT,CA,AWP,WE,Towers with Display (VFR),0,0,13,0,13,0,0,133,0,133,0,0,146,0,146,262,0,262,408
05/26/2003,EMT,CA,AWP,WE,Towers with Display (VFR),0,0,22,0,22,0,2,247,2,251,0,2,269,2,273,204,0,204,477
05/27/2003,EMT,CA,AWP,WE,Towers with Display (VFR),0,6,7,0,13,0,4,220,0,224,0,10,227,0,237,324,0,324,561
05/28/2003,EMT,CA,AWP,WE,Towers with Display (VFR),0,5,10,0,15,0,5,264,0,269,0,10,274,0,284,157,0,157,441
05/29/2003,EMT,CA,AWP,WE,Towers with Display (VFR),0,4,9,0,13,0,8,195,0,203,0,12,204,0,216,212,0,212,428
05/30/2003,EMT,CA,AWP,WE,Towers with Display (VFR),0,6,5,0,11,0,2,174,0,176,0,8,179,0,187,152,0,152,339
05/31/2003,EMT,CA,AWP,WE,Towers with Display (VFR),0,0,15,0,15,0,0,210,0,210,0,0,225,0,225,262,0,262,487
06/01/2003,EMT,CA,AWP,WE,Towers with Display (VFR),0,0,9,0,9,0,0,189,0,189,0,0,198,0,198,172,0,172,370
06/02/2003,EMT,CA,AWP,WE,Towers with Display (VFR),0,5,10,0,15,0,13,223,0,236,0,18,233,0,251,120,0,120,371
06/03/2003,EMT,CA,AWP,WE,Towers with Display (VFR),2,6,25,0,33,0,3,166,0,169,2,9,191,0,202,191,0,191,393
06/04/2003,EMT,CA,AWP,WE,Towers with Display (VFR),0,5,20,0,25,0,5,208,7,220,0,10,228,7,245,252,0,252,497
06/05/2003,EMT,CA,AWP,WE,Towers with Display (VFR),0,9,28,0,37,4,3,174,0,181,4,12,202,0,218,274,0,274,492
06/06/2003,EMT,CA,AWP,WE,Towers with Display (VFR),0,10,21,0,31,0,0,132,0,132,0,10,153,0,163,249,0,249,412
06/07/2003,EMT,CA,AWP,WE,Towers with Display (VFR),0,0,17,0,17,0,0,168,0,168,0,0,185,0,185,255,0,255,440
06/08/2003,EMT,CA,AWP,WE,Towers with Display (VFR),0,0,34,0,34,0,0,151,0,151,0,0,185,0,185,299,0,299,484
06/09/2003,EMT,CA,AWP,WE,Towers with Display (VFR),0,6,14,0,20,0,0,89,0,89,0,6,103,0,109,194,0,194,303
06/10/2003,EMT,CA,AWP,WE,Towers with Display (VFR),0,10,18,0,28,0,1,160,0,161,0,11,178,0,189,139,0,139,328
06/11/2003,EMT,CA,AWP,WE,Towers with Display (VFR),0,9,25,0,34,0,2,227,0,229,0,11,252,0,263,327,0,327,590
06/12/2003,EMT,CA,AWP,WE,Towers with Display (VFR),0,8,29,0,37,0,2,251,0,253,0,10,280,0,290,199,0,199,489
06/13/2003,EMT,CA,AWP,WE,Towers with Display (VFR),0,5,20,0,25,0,3,217,0,220,0,8,237,0,245,184,0,184,429
06/14/2003,EMT,CA,AWP,WE,Towers with Display (VFR),0,0,6,0,6,0,0,234,0,234,0,0,240,0,240,208,0,208,448
06/15/2003,EMT,CA,AWP,WE,Towers with Display (VFR),0,0,18,0,18,0,0,218,0,218,0,0,236,0,236,210,0,210,446
06/16/2003,EMT,CA,AWP,WE,Towers with Display (VFR),0,6,13,0,19,0,5,311,0,316,0,11,324,0,335,157,0,157,492
06/17/2003,EMT,CA,AWP,WE,Towers with Display (VFR),0,5,16,0,21,0,7,290,0,297,0,12,306,0,318,165,0,165,483
06/18/2003,EMT,CA,AWP,WE,Towers with Display (VFR),0,8,22,0,30,0,1,225,0,226,0,9,247,0,256,174,0,174,430
06/19/2003,EMT,CA,AWP,WE,Towers with Display (VFR),0,10,30,0,40,0,0,215,0,215,0,10,245,0,255,117,0,117,372
06/20/2003,EMT,CA,AWP,WE,Towers with Display (VFR),0,1,35,0,36,0,0,166,0,166,0,1,201,0,202,114,0,114,316
06/21/2003,EMT,CA,AWP,WE,Towers with Display (VFR),0,4,23,0,27,0,0,51,0,51,0,4,74,0,78,54,0,54,132
06/22/2003,EMT,CA,AWP,WE,Towers with Display (VFR),0,0,31,0,31,0,0,146,0,146,0,0,177,0,177,221,0,221,398
06/23/2003,EMT,CA,AWP,WE,Towers with Display (VFR),0,6,17,0,23,0,5,195,0,200,0,11,212,0,223,241,2,243,466
06/24/2003,EMT,CA,AWP,WE,Towers with Display (VFR),0,6,11,0,17,0,5,250,0,255,0,11,261,0,272,209,0,209,481
06/25/2003,EMT,CA,AWP,WE,Towers with Display (VFR),0,4,11,0,15,0,6,315,0,321,0,10,326,0,336,347,0,347,683
06/26/2003,EMT,CA,AWP,WE,Towers with Display (VFR),0,4,10,0,14,0,7,298,0,305,0,11,308,0,319,253,0,253,572
06/27/2003,EMT,CA,AWP,WE,Towers with Display (VFR),0,8,11,0,19,0,3,216,0,219,0,11,227,0,238,148,0,148,386
06/28/2003,EMT,CA,AWP,WE,Towers with Display (VFR),0,0,7,0,7,0,0,187,0,187,0,0,194,0,194,177,0,177,371
06/29/2003,EMT,CA,AWP,WE,Towers with Display (VFR),0,0,11,0,11,0,0,231,0,231,0,0,242,0,242,315,0,315,557
06/30/2003,EMT,CA,AWP,WE,Towers with Display (VFR),0,4,8,0,12,0,6,203,0,209,0,10,211,0,221,188,2,190,411
07/01/2003,EMT,CA,AWP,WE,Towers with Display (VFR),0,5,9,0,14,0,6,250,0,256,0,11,259,0,270,227,2,229,499
07/02/2003,EMT,CA,AWP,WE,Towers with Display (VFR),0,6,15,0,21,0,6,230,3,239,0,12,245,3,260,223,0,223,483
07/03/2003,EMT,CA,AWP,WE,Towers with Display (VFR),0,8,4,0,12,0,0,374,0,374,0,8,378,0,386,229,0,229,615
07/04/2003,EMT,CA,AWP,WE,Towers with Display (VFR),0,0,7,0,7,0,0,252,0,252,0,0,259,0,259,279,0,279,538
07/05/2003,EMT,CA,AWP,WE,Towers with Display (VFR),0,0,4,0,4,0,0,221,0,221,0,0,225,0,225,246,0,246,471
07/06/2003,EMT,CA,AWP,WE,Towers with Display (VFR),0,0,4,0,4,0,0,213,0,213,0,0,217,0,217,156,0,156,373
07/07/2003,EMT,CA,AWP,WE,Towers with Display (VFR),0,3,13,0,16,0,6,177,0,183,0,9,190,0,199,282,0,282,481
07/08/2003,EMT,CA,AWP,WE,Towers with Display (VFR),0,6,14,0,20,0,3,228,0,231,0,9,242,0,251,182,0,182,433
07/09/2003,EMT,CA,AWP,WE,Towers with Display (VFR),0,7,18,0,25,0,3,187,0,190,0,10,205,0,215,245,0,245,460
07/10/2003,EMT,CA,AWP,WE,Towers with Display (VFR),0,5,13,0,18,0,7,275,0,282,0,12,288,0,300,270,0,270,570
07/11/2003,EMT,CA,AWP,WE,Towers with Display (VFR),0,6,7,0,13,0,4,201,0,205,0,10,208,0,218,225,0,225,443
07/12/2003,EMT,CA,AWP,WE,Towers with Display (VFR),0,0,4,0,4,0,0,217,6,223,0,0,221,6,227,257,2,259,486
07/13/2003,EMT,CA,AWP,WE,Towers with Display (VFR),0,0,9,0,9,0,0,232,0,232,0,0,241,0,241,215,0,215,456
07/14/2003,EMT,CA,AWP,WE,Towers with Display (VFR),0,4,4,0,8,0,5,272,0,277,0,9,276,0,285,260,0,260,545
07/15/2003,EMT,CA,AWP,WE,Towers with Display (VFR),0,5,3,0,8,0,5,284,0,289,0,10,287,0,297,220,0,220,517
07/16/2003,EMT,CA,AWP,WE,Towers with Display (VFR),0,3,10,0,13,0,9,256,0,265,0,12,266,0,278,256,0,256,534
07/17/2003,EMT,CA,AWP,WE,Towers with Display (VFR),0,4,4,0,8,0,6,284,0,290,0,10,288,0,298,233,0,233,531
07/18/2003,EMT,CA,AWP,WE,Towers with Display (VFR),0,9,11,0,20,0,2,245,0,247,0,11,256,0,267,237,0,237,504
07/19/2003,EMT,CA,AWP,WE,Towers with Display (VFR),0,0,2,0,2,0,0,168,0,168,0,0,170,0,170,168,0,168,338
07/20/2003,EMT,CA,AWP,WE,Towers with Display (VFR),0,0,16,0,16,0,0,274,0,274,0,0,290,0,290,272,0,272,562
07/21/2003,EMT,CA,AWP,WE,Towers with Display (VFR),0,3,6,0,9,0,8,199,2,209,0,11,205,2,218,233,0,233,451
07/22/2003,EMT,CA,AWP,WE,Towers with Display (VFR),0,7,7,0,14,0,2,268,0,270,0,9,275,0,284,200,0,200,484
07/23/2003,EMT,CA,AWP,WE,Towers with Display (VFR),0,5,13,0,18,0,6,240,0,246,0,11,253,0,264,264,0,264,528
07/24/2003,EMT,CA,AWP,WE,Towers with Display (VFR),0,5,14,0,19,0,6,169,0,175,0,11,183,0,194,226,0,226,420
07/25/2003,EMT,CA,AWP,WE,Towers with Display (VFR),0,6,12,0,18,0,3,223,0,226,0,9,235,0,244,306,0,306,550
07/26/2003,EMT,CA,AWP,WE,Towers with Display (VFR),0,0,14,0,14,0,0,236,0,236,0,0,250,0,250,225,0,225,475
07/27/2003,EMT,CA,AWP,WE,Towers with Display (VFR),0,0,15,0,15,0,0,292,0,292,0,0,307,0,307,290,0,290,597
07/28/2003,EMT,CA,AWP,WE,Towers with Display (VFR),0,6,5,0,11,0,8,249,0,257,0,14,254,0,268,308,0,308,576
07/29/2003,EMT,CA,AWP,WE,Towers with Display (VFR),0,7,10,0,17,0,4,201,0,205,0,11,211,0,222,154,0,154,376
07/30/2003,EMT,CA,AWP,WE,Towers with Display (VFR),0,7,11,0,18,0,3,216,0,219,0,10,227,0,237,240,0,240,477
07/31/2003,EMT,CA,AWP,WE,Towers with Display (VFR),0,6,15,0,21,0,3,304,0,307,0,9,319,0,328,282,0,282,610
08/01/2003,EMT,CA,AWP,WE,Towers with Display (VFR),0,5,1,0,6,0,7,226,0,233,0,12,227,0,239,275,0,275,514
08/02/2003,EMT,CA,AWP,WE,Towers with Display (VFR),0,0,7,0,7,0,0,225,0,225,0,0,232,0,232,347,0,347,579
08/03/2003,EMT,CA,AWP,WE,Towers with Display (VFR),0,0,7,0,7,0,0,232,0,232,0,0,239,0,239,143,0,143,382
08/04/2003,EMT,CA,AWP,WE,Towers with Display (VFR),0,6,10,0,16,0,6,217,0,223,0,12,227,0,239,214,0,214,453
08/05/2003,EMT,CA,AWP,WE,Towers with Display (VFR),0,6,5,0,11,0,5,293,0,298,0,11,298,0,309,221,0,221,530
08/06/2003,EMT,CA,AWP,WE,Towers with Display (VFR),0,4,4,0,8,0,5,227,0,232,0,9,231,0,240,207,0,207,447
08/07/2003,EMT,CA,AWP,WE,Towers with Display (VFR),0,6,6,0,12,0,3,254,0,257,0,9,260,0,269,279,0,279,548
08/08/2003,EMT,CA,AWP,WE,Towers with Display (VFR),0,7,7,0,14,0,0,252,0,252,0,7,259,0,266,233,0,233,499
08/09/2003,EMT,CA,AWP,WE,Towers with Display (VFR),0,0,6,0,6,0,0,179,0,179,0,0,185,0,185,280,0,280,465
08/10/2003,EMT,CA,AWP,WE,Towers with Display (VFR),0,0,10,0,10,0,0,248,35,283,0,0,258,35,293,219,0,219,512
08/11/2003,EMT,CA,AWP,WE,Towers with Display (VFR),0,5,7,0,12,0,6,200,0,206,0,11,207,0,218,192,0,192,410
08/12/2003,EMT,CA,AWP,WE,Towers with Display (VFR),0,6,4,0,10,0,4,205,0,209,0,10,209,0,219,288,2,290,509
08/13/2003,EMT,CA,AWP,WE,Towers with Display (VFR),0,5,11,0,16,0,5,224,0,229,0,10,235,0,245,166,0,166,411
08/14/2003,EMT,CA,AWP,WE,Towers with Display (VFR),0,2,6,0,8,0,3,214,0,217,0,5,220,0,225,145,0,145,370
08/15/2003,EMT,CA,AWP,WE,Towers with Display (VFR),0,4,4,0,8,0,8,167,0,175,0,12,171,0,183,187,0,187,370
08/16/2003,EMT,CA,AWP,WE,Towers with Display (VFR),0,0,2,0,2,0,0,169,0,169,0,0,171,0,171,226,0,226,397
08/17/2003,EMT,CA,AWP,WE,Towers with Display (VFR),0,0,5,0,5,0,0,210,0,210,0,0,215,0,215,231,0,231,446
08/18/2003,EMT,CA,AWP,WE,Towers with Display (VFR),0,6,9,0,15,0,7,257,0,264,0,13,266,0,279,168,0,168,447
08/19/2003,EMT,CA,AWP,WE,Towers with Display (VFR),0,5,7,0,12,0,7,251,6,264,0,12,258,6,276,258,0,258,534
08/20/2003,EMT,CA,AWP,WE,Towers with Display (VFR),0,6,7,0,13,0,3,236,0,239,0,9,243,0,252,155,0,155,407
08/21/2003,EMT,CA,AWP,WE,Towers with Display (VFR),0,7,5,0,12,0,1,238,2,241,0,8,243,2,253,264,0,264,517
08/22/2003,EMT,CA,AWP,WE,Towers with Display (VFR),0,7,5,0,12,0,8,224,0,232,0,15,229,0,244,170,0,170,414
08/23/2003,EMT,CA,AWP,WE,Towers with Display (VFR),0,0,10,0,10,0,0,218,0,218,0,0,228,0,228,217,0,217,445
08/24/2003,EMT,CA,AWP,WE,Towers with Display (VFR),0,0,14,0,14,0,0,243,0,243,0,0,257,0,257,254,0,254,511
08/25/2003,EMT,CA,AWP,WE,Towers with Display (VFR),0,6,8,0,14,0,8,267,0,275,0,14,275,0,289,153,0,153,442
08/26/2003,EMT,CA,AWP,WE,Towers with Display (VFR),0,7,5,0,12,0,6,272,0,278,0,13,277,0,290,301,0,301,591
08/27/2003,EMT,CA,AWP,WE,Towers with Display (VFR),0,4,9,0,13,0,7,258,0,265,0,11,267,0,278,217,0,217,495
08/28/2003,EMT,CA,AWP,WE,Towers with Display (VFR),0,6,9,0,15,0,5,310,0,315,0,11,319,0,330,220,0,220,550
08/29/2003,EMT,CA,AWP,WE,Towers with Display (VFR),0,7,6,0,13,0,5,248,0,253,0,12,254,0,266,237,0,237,503
08/30/2003,EMT,CA,AWP,WE,Towers with Display (VFR),0,0,4,0,4,0,0,247,0,247,0,0,251,0,251,239,0,239,490
08/31/2003,EMT,CA,AWP,WE,Towers with Display (VFR),0,0,9,0,9,0,0,213,0,213,0,0,222,0,222,290,0,290,512
09/01/2003,EMT,CA,AWP,WE,Towers with Display (VFR),0,0,8,0,8,0,0,236,0,236,0,0,244,0,244,275,0,275,519
09/02/2003,EMT,CA,AWP,WE,Towers with Display (VFR),0,1,3,0,4,0,0,222,0,222,0,1,225,0,226,222,0,222,448
09/03/2003,EMT,CA,AWP,WE,Towers with Display (VFR),0,5,8,0,13,0,6,250,0,256,0,11,258,0,269,215,0,215,484
09/04/2003,EMT,CA,AWP,WE,Towers with Display (VFR),0,6,12,0,18,0,5,277,2,284,0,11,289,2,302,248,0,248,550
09/05/2003,EMT,CA,AWP,WE,Towers with Display (VFR),0,5,1,0,6,0,7,227,0,234,0,12,228,0,240,215,0,215,455
09/06/2003,EMT,CA,AWP,WE,Towers with Display (VFR),0,0,4,0,4,0,0,178,0,178,0,0,182,0,182,320,0,320,502
09/07/2003,EMT,CA,AWP,WE,Towers with Display (VFR),0,0,9,0,9,0,0,277,1,278,0,0,286,1,287,324,0,324,611
09/08/2003,EMT,CA,AWP,WE,Towers with Display (VFR),0,4,8,0,12,0,7,248,0,255,0,11,256,0,267,223,0,223,490
09/09/2003,EMT,CA,AWP,WE,Towers with Display (VFR),0,5,16,0,21,0,8,219,0,227,0,13,235,0,248,253,2,255,503
09/10/2003,EMT,CA,AWP,WE,Towers with Display (VFR),0,5,14,0,19,0,6,239,0,245,0,11,253,0,264,326,0,326,590
09/11/2003,EMT,CA,AWP,WE,Towers with Display (VFR),0,6,13,0,19,0,6,286,0,292,0,12,299,0,311,189,0,189,500
09/12/2003,EMT,CA,AWP,WE,Towers with Display (VFR),0,7,17,0,24,0,2,221,0,223,0,9,238,0,247,169,0,169,416
09/13/2003,EMT,CA,AWP,WE,Towers with Display (VFR),0,0,17,0,17,0,0,175,0,175,0,0,192,0,192,171,0,171,363
09/14/2003,EMT,CA,AWP,WE,Towers with Display (VFR),0,0,16,0,16,0,0,213,0,213,0,0,229,0,229,197,0,197,426
09/15/2003,EMT,CA,AWP,WE,Towers with Display (VFR),0,8,5,0,13,0,1,165,0,166,0,9,170,0,179,102,0,102,281
09/16/2003,EMT,CA,AWP,WE,Towers with Display (VFR),0,5,15,0,20,0,3,228,0,231,0,8,243,0,251,111,0,111,362
09/17/2003,EMT,CA,AWP,WE,Towers with Display (VFR),0,5,17,0,22,0,7,199,0,206,0,12,216,0,228,189,0,189,417
09/18/2003,EMT,CA,AWP,WE,Towers with Display (VFR),0,7,19,0,26,0,0,199,0,199,0,7,218,0,225,116,0,116,341
09/19/2003,EMT,CA,AWP,WE,Towers with Display (VFR),0,5,9,0,14,0,4,300,0,304,0,9,309,0,318,281,0,281,599
09/20/2003,EMT,CA,AWP,WE,Towers with Display (VFR),0,0,7,0,7,0,0,169,0,169,0,0,176,0,176,145,0,145,321
09/21/2003,EMT,CA,AWP,WE,Towers with Display (VFR),0,0,10,0,10,0,0,235,0,235,0,0,245,0,245,291,0,291,536
09/22/2003,EMT,CA,AWP,WE,Towers with Display (VFR),0,5,5,0,10,0,4,199,0,203,0,9,204,0,213,178,0,178,391
09/23/2003,EMT,CA,AWP,WE,Towers with Display (VFR),0,5,13,0,18,0,5,195,4,204,0,10,208,4,222,156,0,156,378
09/24/2003,EMT,CA,AWP,WE,Towers with Display (VFR),0,7,22,0,29,0,5,145,0,150,0,12,167,0,179,186,0,186,365
09/25/2003,EMT,CA,AWP,WE,Towers with Display (VFR),0,5,13,0,18,0,10,165,0,175,0,15,178,0,193,162,0,162,355
09/26/2003,EMT,CA,AWP,WE,Towers with Display (VFR),0,6,17,0,23,0,4,159,0,163,0,10,176,0,186,177,0,177,363
09/27/2003,EMT,CA,AWP,WE,Towers with Display (VFR),0,0,16,0,16,0,0,140,0,140,0,0,156,0,156,108,0,108,264
09/28/2003,EMT,CA,AWP,WE,Towers with Display (VFR),0,0,14,0,14,0,0,191,0,191,0,0,205,0,205,109,0,109,314
09/29/2003,EMT,CA,AWP,WE,Towers with Display (VFR),0,3,16,0,19,0,7,181,0,188,0,10,197,0,207,122,0,122,329
09/30/2003,EMT,CA,AWP,WE,Towers with Display (VFR),0,4,16,0,20,0,0,219,0,219,0,4,235,0,239,134,0,134,373
10/01/2003,EMT,CA,AWP,WE,Towers with Display (VFR),0,7,15,0,22,0,4,141,2,147,0,11,156,2,169,227,2,229,398
10/02/2003,EMT,CA,AWP,WE,Towers with Display (VFR),0,10,26,0,36,0,1,214,0,215,0,11,240,0,251,78,0,78,329
10/03/2003,EMT,CA,AWP,WE,Towers with Display (VFR),0,9,27,0,36,0,0,186,0,186,0,9,213,0,222,214,0,214,436
10/04/2003,EMT,CA,AWP,WE,Towers with Display (VFR),0,0,4,0,4,0,0,186,3,189,0,0,190,3,193,240,0,240,433
10/05/2003,EMT,CA,AWP,WE,Towers with Display (VFR),0,0,8,0,8,0,0,158,0,158,0,0,166,0,166,260,0,260,426
10/06/2003,EMT,CA,AWP,WE,Towers with Display (VFR),0,7,18,0,25,0,3,159,0,162,0,10,177,0,187,165,0,165,352
10/07/2003,EMT,CA,AWP,WE,Towers with Display (VFR),0,7,18,0,25,0,4,171,0,175,0,11,189,0,200,7,0,7,207
10/08/2003,EMT,CA,AWP,WE,Towers with Display (VFR),0,8,18,0,26,0,1,223,0,224,0,9,241,0,250,146,0,146,396
10/09/2003,EMT,CA,AWP,WE,Towers with Display (VFR),0,7,16,0,23,1,4,61,0,66,1,11,77,0,89,2,0,2,91
10/10/2003,EMT,CA,AWP,WE,Towers with Display (VFR),0,8,19,0,27,0,3,173,0,176,0,11,192,0,203,409,0,409,612
10/11/2003,EMT,CA,AWP,WE,Towers with Display (VFR),0,0,10,0,10,0,0,200,0,200,0,0,210,0,210,294,0,294,504
10/12/2003,EMT,CA,AWP,WE,Towers with Display (VFR),0,0,13,0,13,0,0,254,0,254,0,0,267,0,267,274,0,274,541
10/13/2003,EMT,CA,AWP,WE,Towers with Display (VFR),0,0,7,0,7,0,0,243,0,243,0,0,250,0,250,233,0,233,483
10/14/2003,EMT,CA,AWP,WE,Towers with Display (VFR),0,4,9,0,13,0,2,227,0,229,0,6,236,0,242,167,2,169,411
10/15/2003,EMT,CA,AWP,WE,Towers with Display (VFR),0,5,15,0,20,0,6,160,0,166,0,11,175,0,186,231,0,231,417
10/16/2003,EMT,CA,AWP,WE,Towers with Display (VFR),0,5,14,0,19,0,3,143,0,146,0,8,157,0,165,174,0,174,339
10/17/2003,EMT,CA,AWP,WE,Towers with Display (VFR),0,3,8,0,11,0,5,236,0,241,0,8,244,0,252,319,0,319,571
10/18/2003,EMT,CA,AWP,WE,Towers with Display (VFR),0,0,11,0,11,0,0,217,0,217,0,0,228,0,228,237,0,237,465
10/19/2003,EMT,CA,AWP,WE,Towers with Display (VFR),0,0,12,0,12,0,0,200,0,200,0,0,212,0,212,251,0,251,463
10/20/2003,EMT,CA,AWP,WE,Towers with Display (VFR),0,1,4,0,5,0,10,250,0,260,0,11,254,0,265,227,0,227,492
10/21/2003,EMT,CA,AWP,WE,Towers with Display (VFR),0,4,13,0,17,0,6,194,0,200,0,10,207,0,217,246,0,246,463
10/22/2003,EMT,CA,AWP,WE,Towers with Display (VFR),0,6,16,0,22,0,4,301,0,305,0,10,317,0,327,155,0,155,482
10/23/2003,EMT,CA,AWP,WE,Towers with Display (VFR),0,4,11,0,15,0,6,286,0,292,0,10,297,0,307,292,0,292,599
10/24/2003,EMT,CA,AWP,WE,Towers with Display (VFR),0,4,13,0,17,0,8,175,0,183,0,12,188,0,200,254,0,254,454
10/25/2003,EMT,CA,AWP,WE,Towers with Display (VFR),0,0,13,0,13,0,0,243,0,243,0,0,256,0,256,255,0,255,511
10/26/2003,EMT,CA,AWP,WE,Towers with Display (VFR),0,0,1,0,1,0,0,174,0,174,0,0,175,0,175,206,0,206,381
10/27/2003,EMT,CA,AWP,WE,Towers with Display (VFR),0,0,3,0,3,0,8,139,0,147,0,8,142,0,150,85,0,85,235
10/28/2003,EMT,CA,AWP,WE,Towers with Display (VFR),0,5,14,0,19,0,5,180,0,185,0,10,194,0,204,45,0,45,249
10/29/2003,EMT,CA,AWP,WE,Towers with Display (VFR),0,7,21,0,28,0,6,182,0,188,0,13,203,0,216,155,0,155,371
10/30/2003,EMT,CA,AWP,WE,Towers with Display (VFR),0,4,11,0,15,1,4,165,0,170,1,8,176,0,185,258,0,258,443
10/31/2003,EMT,CA,AWP,WE,Towers with Display (VFR),0,6,19,0,25,0,4,222,0,226,0,10,241,0,251,201,0,201,452
11/01/2003,EMT,CA,AWP,WE,Towers with Display (VFR),0,0,9,0,9,0,0,219,0,219,0,0,228,0,228,211,0,211,439
11/02/2003,EMT,CA,AWP,WE,Towers with Display (VFR),0,0,24,0,24,0,0,288,0,288,0,0,312,0,312,321,0,321,633
11/03/2003,EMT,CA,AWP,WE,Towers with Display (VFR),0,7,16,0,23,0,4,134,0,138,0,11,150,0,161,183,0,183,344
11/04/2003,EMT,CA,AWP,WE,Towers with Display (VFR),0,7,16,0,23,0,5,240,0,245,0,12,256,0,268,140,0,140,408
11/05/2003,EMT,CA,AWP,WE,Towers with Display (VFR),0,6,14,0,20,0,4,264,8,276,0,10,278,8,296,186,0,186,482
11/06/2003,EMT,CA,AWP,WE,Towers with Display (VFR),0,5,13,0,18,0,3,176,0,179,0,8,189,0,197,181,0,181,378
11/07/2003,EMT,CA,AWP,WE,Towers with Display (VFR),0,5,17,0,22,0,10,221,0,231,0,15,238,0,253,158,0,158,411
11/08/2003,EMT,CA,AWP,WE,Towers with Display (VFR),0,1,10,0,11,0,0,320,0,320,0,1,330,0,331,219,0,219,550
11/09/2003,EMT,CA,AWP,WE,Towers with Display (VFR),0,0,10,0,10,0,0,190,2,192,0,0,200,2,202,338,0,338,540
11/10/2003,EMT,CA,AWP,WE,Towers with Display (VFR),0,4,11,0,15,0,4,241,0,245,0,8,252,0,260,217,0,217,477
11/11/2003,EMT,CA,AWP,WE,Towers with Display (VFR),0,0,11,0,11,0,0,237,0,237,0,0,248,0,248,257,0,257,505
11/12/2003,EMT,CA,AWP,WE,Towers with Display (VFR),0,1,5,0,6,2,3,152,0,157,2,4,157,0,163,160,0,160,323
11/13/2003,EMT,CA,AWP,WE,Towers with Display (VFR),0,4,17,0,21,0,4,309,0,313,0,8,326,0,334,300,0,300,634
11/14/2003,EMT,CA,AWP,WE,Towers with Display (VFR),0,2,9,0,11,0,4,259,0,263,0,6,268,0,274,334,2,336,610
11/15/2003,EMT,CA,AWP,WE,Towers with Display (VFR),0,0,11,0,11,0,0,184,0,184,0,0,195,0,195,181,0,181,376
11/16/2003,EMT,CA,AWP,WE,Towers with Display (VFR),0,0,9,0,9,0,0,242,0,242,0,0,251,0,251,283,0,283,534
11/17/2003,EMT,CA,AWP,WE,Towers with Display (VFR),0,3,11,0,14,0,9,157,0,166,0,12,168,0,180,198,0,198,378
11/18/2003,EMT,CA,AWP,WE,Towers with Display (VFR),0,2,11,0,13,0,8,215,0,223,0,10,226,0,236,134,0,134,370
11/19/2003,EMT,CA,AWP,WE,Towers with Display (VFR),0,4,16,0,20,0,11,296,0,307,0,15,312,0,327,196,0,196,523
11/20/2003,EMT,CA,AWP,WE,Towers with Display (VFR),0,3,13,0,16,0,7,181,0,188,0,10,194,0,204,265,0,265,469
11/21/2003,EMT,CA,AWP,WE,Towers with Display (VFR),0,9,31,0,40,0,3,136,0,139,0,12,167,0,179,305,0,305,484
11/22/2003,EMT,CA,AWP,WE,Towers with Display (VFR),0,0,4,0,4,0,0,207,0,207,0,0,211,0,211,222,0,222,433
11/23/2003,EMT,CA,AWP,WE,Towers with Display (VFR),0,0,9,0,9,0,0,224,4,228,0,0,233,4,237,306,0,306,543
11/24/2003,EMT,CA,AWP,WE,Towers with Display (VFR),0,3,11,0,14,0,10,229,0,239,0,13,240,0,253,224,0,224,477
11/25/2003,EMT,CA,AWP,WE,Towers with Display (VFR),0,5,19,0,24,0,6,249,20,275,0,11,268,20,299,185,0,185,484
11/26/2003,EMT,CA,AWP,WE,Towers with Display (VFR),0,3,12,0,15,0,7,229,0,236,0,10,241,0,251,171,0,171,422
11/27/2003,EMT,CA,AWP,WE,Towers with Display (VFR),0,0,7,0,7,0,0,171,0,171,0,0,178,0,178,73,0,73,251
11/28/2003,EMT,CA,AWP,WE,Towers with Display (VFR),0,3,14,0,17,0,11,234,0,245,0,14,248,0,262,189,0,189,451
11/29/2003,EMT,CA,AWP,WE,Towers with Display (VFR),0,0,12,0,12,0,0,225,0,225,0,0,237,0,237,155,0,155,392
11/30/2003,EMT,CA,AWP,WE,Towers with Display (VFR),0,0,0,0,0,0,0,0,0,0,0,0,0,0,0,0,0,0,0
12/01/2003,EMT,CA,AWP,WE,Towers with Display (VFR),0,3,4,0,7,0,12,177,0,189,0,15,181,0,196,167,0,167,363
12/02/2003,EMT,CA,AWP,WE,Towers with Display (VFR),0,9,15,0,24,0,5,180,0,185,0,14,195,0,209,150,0,150,359
12/03/2003,EMT,CA,AWP,WE,Towers with Display (VFR),0,7,9,0,16,0,8,223,0,231,0,15,232,0,247,139,0,139,386
12/04/2003,EMT,CA,AWP,WE,Towers with Display (VFR),0,8,13,0,21,0,1,220,0,221,0,9,233,0,242,86,0,86,328
12/05/2003,EMT,CA,AWP,WE,Towers with Display (VFR),0,6,9,0,15,0,3,193,0,196,0,9,202,0,211,233,0,233,444
12/06/2003,EMT,CA,AWP,WE,Towers with Display (VFR),0,0,7,0,7,0,0,165,0,165,0,0,172,0,172,129,0,129,301
12/07/2003,EMT,CA,AWP,WE,Towers with Display (VFR),0,0,8,0,8,0,0,19,0,19,0,0,27,0,27,0,0,0,27
12/08/2003,EMT,CA,AWP,WE,Towers with Display (VFR),0,5,10,0,15,0,6,237,0,243,0,11,247,0,258,104,0,104,362
12/09/2003,EMT,CA,AWP,WE,Towers with Display (VFR),0,7,13,0,20,0,4,247,0,251,0,11,260,0,271,178,0,178,449
12/10/2003,EMT,CA,AWP,WE,Towers with Display (VFR),0,6,11,0,17,0,7,195,0,202,0,13,206,0,219,116,0,116,335
12/11/2003,EMT,CA,AWP,WE,Towers with Display (VFR),0,5,10,0,15,0,2,128,0,130,0,7,138,0,145,89,0,89,234
12/12/2003,EMT,CA,AWP,WE,Towers with Display (VFR),0,4,8,0,12,0,8,233,0,241,0,12,241,0,253,135,2,137,390
12/13/2003,EMT,CA,AWP,WE,Towers with Display (VFR),0,0,6,0,6,0,0,224,0,224,0,0,230,0,230,188,0,188,418
12/14/2003,EMT,CA,AWP,WE,Towers with Display (VFR),0,0,16,0,16,0,0,131,0,131,0,0,147,0,147,145,0,145,292
12/15/2003,EMT,CA,AWP,WE,Towers with Display (VFR),0,2,7,0,9,0,8,218,2,228,0,10,225,2,237,174,2,176,413
12/16/2003,EMT,CA,AWP,WE,Towers with Display (VFR),0,4,11,0,15,0,9,215,4,228,0,13,226,4,243,147,0,147,390
12/17/2003,EMT,CA,AWP,WE,Towers with Display (VFR),0,2,5,0,7,0,11,176,0,187,0,13,181,0,194,158,0,158,352
12/18/2003,EMT,CA,AWP,WE,Towers with Display (VFR),0,3,7,0,10,0,12,190,0,202,0,15,197,0,212,113,1,114,326
12/19/2003,EMT,CA,AWP,WE,Towers with Display (VFR),0,4,10,0,14,0,10,249,0,259,0,14,259,0,273,174,0,174,447
12/20/2003,EMT,CA,AWP,WE,Towers with Display (VFR),0,0,12,0,12,0,0,216,0,216,0,0,228,0,228,227,0,227,455
12/21/2003,EMT,CA,AWP,WE,Towers with Display (VFR),0,0,16,0,16,0,0,157,0,157,0,0,173,0,173,314,0,314,487
12/22/2003,EMT,CA,AWP,WE,Towers with Display (VFR),0,5,12,0,17,0,5,169,0,174,0,10,181,0,191,141,0,141,332
12/23/2003,EMT,CA,AWP,WE,Towers with Display (VFR),0,5,13,0,18,0,5,121,0,126,0,10,134,0,144,118,0,118,262
12/24/2003,EMT,CA,AWP,WE,Towers with Display (VFR),0,5,13,0,18,0,5,173,0,178,0,10,186,0,196,143,0,143,339
12/25/2003,EMT,CA,AWP,WE,Towers with Display (VFR),0,0,0,0,0,0,0,2,0,2,0,0,2,0,2,0,0,0,2
12/26/2003,EMT,CA,AWP,WE,Towers with Display (VFR),0,6,13,0,19,0,7,215,0,222,0,13,228,0,241,157,0,157,398
12/27/2003,EMT,CA,AWP,WE,Towers with Display (VFR),0,0,7,0,7,0,0,241,0,241,0,0,248,0,248,164,0,164,412
12/28/2003,EMT,CA,AWP,WE,Towers with Display (VFR),0,0,9,0,9,0,0,188,0,188,0,0,197,0,197,253,0,253,450
12/29/2003,EMT,CA,AWP,WE,Towers with Display (VFR),0,3,9,0,12,0,6,239,0,245,0,9,248,0,257,126,2,128,385
12/30/2003,EMT,CA,AWP,WE,Towers with Display (VFR),0,6,13,0,19,0,3,187,0,190,0,9,200,0,209,140,0,140,349
12/31/2003,EMT,CA,AWP,WE,Towers with Display (VFR),0,6,14,0,20,0,6,207,0,213,0,12,221,0,233,214,0,214,447
01/01/2004,EMT,CA,AWP,WE,Towers with Display (VFR),0,0,2,0,2,0,0,102,6,108,0,0,104,6,110,43,0,43,153
01/02/2004,EMT,CA,AWP,WE,Towers with Display (VFR),0,1,13,0,14,0,0,25,0,25,0,1,38,0,39,6,0,6,45
01/03/2004,EMT,CA,AWP,WE,Towers with Display (VFR),0,0,6,0,6,0,0,179,0,179,0,0,185,0,185,277,0,277,462
01/04/2004,EMT,CA,AWP,WE,Towers with Display (VFR),0,0,6,0,6,0,0,227,0,227,0,0,233,0,233,216,0,216,449
01/05/2004,EMT,CA,AWP,WE,Towers with Display (VFR),0,4,10,0,14,0,7,208,0,215,0,11,218,0,229,193,0,193,422
01/06/2004,EMT,CA,AWP,WE,Towers with Display (VFR),0,7,18,0,25,0,2,205,0,207,0,9,223,0,232,100,0,100,332
01/07/2004,EMT,CA,AWP,WE,Towers with Display (VFR),0,5,14,0,19,0,0,280,0,280,0,5,294,0,299,160,0,160,459
01/08/2004,EMT,CA,AWP,WE,Towers with Display (VFR),0,6,14,0,20,0,3,213,0,216,0,9,227,0,236,108,0,108,344
01/09/2004,EMT,CA,AWP,WE,Towers with Display (VFR),0,6,14,0,20,0,7,220,0,227,0,13,234,0,247,334,0,334,581
01/10/2004,EMT,CA,AWP,WE,Towers with Display (VFR),0,0,14,0,14,0,0,318,0,318,0,0,332,0,332,238,0,238,570
01/11/2004,EMT,CA,AWP,WE,Towers with Display (VFR),0,0,10,0,10,0,0,258,0,258,0,0,268,0,268,286,0,286,554
01/12/2004,EMT,CA,AWP,WE,Towers with Display (VFR),0,4,9,0,13,0,4,176,0,180,0,8,185,0,193,157,0,157,350
01/13/2004,EMT,CA,AWP,WE,Towers with Display (VFR),0,4,11,0,15,0,12,190,5,207,0,16,201,5,222,212,0,212,434
01/14/2004,EMT,CA,AWP,WE,Towers with Display (VFR),0,3,11,0,14,0,8,192,0,200,0,11,203,0,214,230,0,230,444
01/15/2004,EMT,CA,AWP,WE,Towers with Display (VFR),0,4,12,0,16,0,6,232,0,238,0,10,244,0,254,180,0,180,434
01/16/2004,EMT,CA,AWP,WE,Towers with Display (VFR),0,7,22,0,29,0,7,206,0,213,0,14,228,0,242,82,0,82,324
01/17/2004,EMT,CA,AWP,WE,Towers with Display (VFR),0,0,14,0,14,0,0,185,0,185,0,0,199,0,199,196,0,196,395
01/18/2004,EMT,CA,AWP,WE,Towers with Display (VFR),0,0,17,0,17,0,0,154,0,154,0,0,171,0,171,71,0,71,242
01/19/2004,EMT,CA,AWP,WE,Towers with Display (VFR),0,0,14,0,14,0,0,157,0,157,0,0,171,0,171,151,0,151,322
01/20/2004,EMT,CA,AWP,WE,Towers with Display (VFR),0,6,16,0,22,0,4,194,0,198,0,10,210,0,220,222,0,222,442
01/21/2004,EMT,CA,AWP,WE,Towers with Display (VFR),0,5,14,0,19,0,4,186,0,190,0,9,200,0,209,213,0,213,422
01/22/2004,EMT,CA,AWP,WE,Towers with Display (VFR),0,4,13,0,17,0,8,231,0,239,0,12,244,0,256,150,0,150,406
01/23/2004,EMT,CA,AWP,WE,Towers with Display (VFR),0,5,16,0,21,0,5,281,0,286,0,10,297,0,307,137,0,137,444
01/24/2004,EMT,CA,AWP,WE,Towers with Display (VFR),0,0,16,0,16,0,0,155,0,155,0,0,171,0,171,311,0,311,482
01/25/2004,EMT,CA,AWP,WE,Towers with Display (VFR),0,0,12,0,12,0,0,246,0,246,0,0,258,0,258,265,0,265,523
01/26/2004,EMT,CA,AWP,WE,Towers with Display (VFR),0,6,16,0,22,0,2,212,0,214,0,8,228,0,236,207,0,207,443
01/27/2004,EMT,CA,AWP,WE,Towers with Display (VFR),0,8,22,0,30,0,4,201,0,205,0,12,223,0,235,161,0,161,396
01/28/2004,EMT,CA,AWP,WE,Towers with Display (VFR),0,7,20,0,27,0,5,216,0,221,0,12,236,0,248,179,0,179,427
01/29/2004,EMT,CA,AWP,WE,Towers with Display (VFR),0,4,13,0,17,0,10,263,0,273,0,14,276,0,290,114,0,114,404
01/30/2004,EMT,CA,AWP,WE,Towers with Display (VFR),0,1,15,0,16,0,0,195,0,195,0,1,210,0,211,203,0,203,414
01/31/2004,EMT,CA,AWP,WE,Towers with Display (VFR),0,0,7,0,7,0,0,206,0,206,0,0,213,0,213,269,0,269,482
02/01/2004,EMT,CA,AWP,WE,Towers with Display (VFR),0,0,10,0,10,0,0,274,0,274,0,0,284,0,284,229,0,229,513
02/02/2004,EMT,CA,AWP,WE,Towers with Display (VFR),0,6,9,0,15,0,5,176,0,181,0,11,185,0,196,79,0,79,275
02/03/2004,EMT,CA,AWP,WE,Towers with Display (VFR),0,6,11,0,17,0,3,189,0,192,0,9,200,0,209,77,0,77,286
02/04/2004,EMT,CA,AWP,WE,Towers with Display (VFR),0,4,8,0,12,0,7,217,0,224,0,11,225,0,236,88,0,88,324
02/05/2004,EMT,CA,AWP,WE,Towers with Display (VFR),0,6,11,0,17,0,1,274,2,277,0,7,285,2,294,213,0,213,507
02/06/2004,EMT,CA,AWP,WE,Towers with Display (VFR),0,6,11,0,17,0,5,296,0,301,0,11,307,0,318,160,0,160,478
02/07/2004,EMT,CA,AWP,WE,Towers with Display (VFR),0,0,8,0,8,0,0,234,0,234,0,0,242,0,242,214,0,214,456
02/08/2004,EMT,CA,AWP,WE,Towers with Display (VFR),0,0,6,0,6,0,0,226,0,226,0,0,232,0,232,244,0,244,476
02/09/2004,EMT,CA,AWP,WE,Towers with Display (VFR),0,4,7,0,11,0,9,191,0,200,0,13,198,0,211,98,0,98,309
02/10/2004,EMT,CA,AWP,WE,Towers with Display (VFR),0,4,8,0,12,0,7,143,0,150,0,11,151,0,162,115,0,115,277
02/11/2004,EMT,CA,AWP,WE,Towers with Display (VFR),0,5,10,1,16,0,4,273,1,278,0,9,283,2,294,219,0,219,513
02/12/2004,EMT,CA,AWP,WE,Towers with Display (VFR),0,5,11,0,16,0,3,272,0,275,0,8,283,0,291,153,0,153,444
02/13/2004,EMT,CA,AWP,WE,Towers with Display (VFR),0,5,11,0,16,0,4,285,0,289,0,9,296,0,305,208,0,208,513
02/14/2004,EMT,CA,AWP,WE,Towers with Display (VFR),0,0,6,0,6,0,0,203,0,203,0,0,209,0,209,212,0,212,421
02/15/2004,EMT,CA,AWP,WE,Towers with Display (VFR),0,0,13,0,13,0,0,231,0,231,0,0,244,0,244,224,0,224,468
02/16/2004,EMT,CA,AWP,WE,Towers with Display (VFR),0,1,8,0,9,0,0,204,0,204,0,1,212,0,213,202,0,202,415
02/17/2004,EMT,CA,AWP,WE,Towers with Display (VFR),0,8,21,0,29,0,0,227,0,227,0,8,248,0,256,165,0,165,421
02/18/2004,EMT,CA,AWP,WE,Towers with Display (VFR),0,7,15,0,22,4,0,115,0,119,4,7,130,0,141,44,0,44,185
02/19/2004,EMT,CA,AWP,WE,Towers with Display (VFR),0,6,14,0,20,0,3,188,1,192,0,9,202,1,212,167,0,167,379
02/20/2004,EMT,CA,AWP,WE,Towers with Display (VFR),0,1,11,0,12,0,0,221,2,223,0,1,232,2,235,155,0,155,390
02/21/2004,EMT,CA,AWP,WE,Towers with Display (VFR),0,0,9,0,9,0,0,135,0,135,0,0,144,0,144,214,0,214,358
02/22/2004,EMT,CA,AWP,WE,Towers with Display (VFR),0,0,3,0,3,0,0,86,0,86,0,0,89,0,89,109,0,109,198
02/23/2004,EMT,CA,AWP,WE,Towers with Display (VFR),0,5,12,0,17,0,7,204,0,211,0,12,216,0,228,207,0,207,435
02/24/2004,EMT,CA,AWP,WE,Towers with Display (VFR),0,9,19,0,28,0,0,239,0,239,0,9,258,0,267,162,0,162,429
02/25/2004,EMT,CA,AWP,WE,Towers with Display (VFR),0,3,9,0,12,0,7,157,0,164,0,10,166,0,176,119,0,119,295
02/26/2004,EMT,CA,AWP,WE,Towers with Display (VFR),0,7,16,0,23,0,4,203,0,207,0,11,219,0,230,102,0,102,332
02/27/2004,EMT,CA,AWP,WE,Towers with Display (VFR),0,5,11,0,16,0,2,177,0,179,0,7,188,0,195,164,0,164,359
02/28/2004,EMT,CA,AWP,WE,Towers with Display (VFR),0,0,8,0,8,0,0,271,0,271,0,0,279,0,279,211,0,211,490
02/29/2004,EMT,CA,AWP,WE,Towers with Display (VFR),0,0,8,0,8,0,0,250,0,250,0,0,258,0,258,302,0,302,560
03/01/2004,EMT,CA,AWP,WE,Towers with Display (VFR),0,8,17,0,25,0,7,106,0,113,0,15,123,0,138,104,0,104,242
03/02/2004,EMT,CA,AWP,WE,Towers with Display (VFR),0,6,11,0,17,0,4,190,0,194,0,10,201,0,211,151,0,151,362
03/03/2004,EMT,CA,AWP,WE,Towers with Display (VFR),0,6,13,0,19,0,4,161,0,165,0,10,174,0,184,96,0,96,280
03/04/2004,EMT,CA,AWP,WE,Towers with Display (VFR),0,8,18,0,26,0,3,227,0,230,0,11,245,0,256,184,0,184,440
03/05/2004,EMT,CA,AWP,WE,Towers with Display (VFR),0,7,14,0,21,0,3,225,0,228,0,10,239,0,249,256,0,256,505
03/06/2004,EMT,CA,AWP,WE,Towers with Display (VFR),0,3,6,0,9,0,0,220,0,220,0,3,226,0,229,301,0,301,530
03/07/2004,EMT,CA,AWP,WE,Towers with Display (VFR),0,0,4,0,4,0,0,300,0,300,0,0,304,0,304,196,0,196,500
03/08/2004,EMT,CA,AWP,WE,Towers with Display (VFR),0,4,8,0,12,0,6,249,0,255,0,10,257,0,267,208,0,208,475
03/09/2004,EMT,CA,AWP,WE,Towers with Display (VFR),0,5,10,0,15,0,5,205,1,211,0,10,215,1,226,140,0,140,366
03/10/2004,EMT,CA,AWP,WE,Towers with Display (VFR),0,6,13,0,19,0,3,171,0,174,0,9,184,0,193,95,0,95,288
03/11/2004,EMT,CA,AWP,WE,Towers with Display (VFR),0,5,10,0,15,0,6,219,1,226,0,11,229,1,241,110,0,110,351
03/12/2004,EMT,CA,AWP,WE,Towers with Display (VFR),0,7,13,0,20,0,3,198,0,201,0,10,211,0,221,128,0,128,349
03/13/2004,EMT,CA,AWP,WE,Towers with Display (VFR),0,0,0,0,0,0,0,198,0,198,0,0,198,0,198,277,0,277,475
03/14/2004,EMT,CA,AWP,WE,Towers with Display (VFR),0,0,11,0,11,0,0,185,0,185,0,0,196,0,196,191,0,191,387
03/15/2004,EMT,CA,AWP,WE,Towers with Display (VFR),0,4,12,0,16,0,6,110,0,116,0,10,122,0,132,117,0,117,249
03/16/2004,EMT,CA,AWP,WE,Towers with Display (VFR),0,7,18,0,25,0,2,215,0,217,0,9,233,0,242,229,0,229,471
03/17/2004,EMT,CA,AWP,WE,Towers with Display (VFR),0,6,14,0,20,0,3,183,1,187,0,9,197,1,207,157,0,157,364
03/18/2004,EMT,CA,AWP,WE,Towers with Display (VFR),0,6,16,0,22,0,5,241,0,246,0,11,257,0,268,91,0,91,359
03/19/2004,EMT,CA,AWP,WE,Towers with Display (VFR),0,7,17,0,24,0,1,159,0,160,0,8,176,0,184,68,0,68,252
03/20/2004,EMT,CA,AWP,WE,Towers with Display (VFR),0,0,12,0,12,0,0,139,0,139,0,0,151,0,151,29,0,29,180
03/21/2004,EMT,CA,AWP,WE,Towers with Display (VFR),0,0,15,0,15,0,0,141,0,141,0,0,156,0,156,62,0,62,218
03/22/2004,EMT,CA,AWP,WE,Towers with Display (VFR),0,4,11,0,15,0,4,160,0,164,0,8,171,0,179,69,0,69,248
03/23/2004,EMT,CA,AWP,WE,Towers with Display (VFR),0,11,26,0,37,0,0,140,0,140,0,11,166,0,177,230,0,230,407
03/24/2004,EMT,CA,AWP,WE,Towers with Display (VFR),0,8,24,0,32,4,0,188,0,192,4,8,212,0,224,196,0,196,420
03/25/2004,EMT,CA,AWP,WE,Towers with Display (VFR),0,8,22,0,30,0,0,180,4,184,0,8,202,4,214,149,0,149,363
03/26/2004,EMT,CA,AWP,WE,Towers with Display (VFR),0,10,23,0,33,0,1,212,0,213,0,11,235,0,246,188,0,188,434
03/27/2004,EMT,CA,AWP,WE,Towers with Display (VFR),0,0,8,0,8,0,0,227,0,227,0,0,235,0,235,202,0,202,437
03/28/2004,EMT,CA,AWP,WE,Towers with Display (VFR),0,0,11,0,11,0,0,336,0,336,0,0,347,0,347,258,0,258,605
03/29/2004,EMT,CA,AWP,WE,Towers with Display (VFR),0,5,12,0,17,0,2,243,0,245,0,7,255,0,262,190,0,190,452
03/30/2004,EMT,CA,AWP,WE,Towers with Display (VFR),0,6,14,0,20,0,6,291,0,297,0,12,305,0,317,263,0,263,580
03/31/2004,EMT,CA,AWP,WE,Towers with Display (VFR),0,8,19,0,27,0,0,189,0,189,0,8,208,0,216,188,0,188,404
04/01/2004,EMT,CA,AWP,WE,Towers with Display (VFR),0,6,17,0,23,0,3,138,0,141,0,9,155,0,164,112,0,112,276
04/02/2004,EMT,CA,AWP,WE,Towers with Display (VFR),0,9,23,0,32,0,0,172,0,172,0,9,195,0,204,264,0,264,468
04/03/2004,EMT,CA,AWP,WE,Towers with Display (VFR),0,2,14,0,16,0,0,141,0,141,0,2,155,0,157,216,0,216,373
04/04/2004,EMT,CA,AWP,WE,Towers with Display (VFR),0,2,20,0,22,0,0,240,0,240,0,2,260,0,262,276,0,276,538
04/05/2004,EMT,CA,AWP,WE,Towers with Display (VFR),0,9,24,0,33,0,5,215,0,220,0,14,239,0,253,242,0,242,495
04/06/2004,EMT,CA,AWP,WE,Towers with Display (VFR),0,8,22,0,30,0,3,209,0,212,0,11,231,0,242,157,2,159,401
04/07/2004,EMT,CA,AWP,WE,Towers with Display (VFR),0,8,21,0,29,0,4,195,0,199,0,12,216,0,228,139,0,139,367
04/08/2004,EMT,CA,AWP,WE,Towers with Display (VFR),0,8,22,0,30,2,1,154,0,157,2,9,176,0,187,125,0,125,312
04/09/2004,EMT,CA,AWP,WE,Towers with Display (VFR),0,8,22,0,30,0,3,200,0,203,0,11,222,0,233,342,0,342,575
04/10/2004,EMT,CA,AWP,WE,Towers with Display (VFR),0,0,29,0,29,0,0,59,0,59,0,0,88,0,88,9,0,9,97
04/11/2004,EMT,CA,AWP,WE,Towers with Display (VFR),0,0,7,0,7,0,0,162,0,162,0,0,169,0,169,138,0,138,307
04/12/2004,EMT,CA,AWP,WE,Towers with Display (VFR),0,5,13,0,18,0,5,243,0,248,0,10,256,0,266,205,0,205,471
04/13/2004,EMT,CA,AWP,WE,Towers with Display (VFR),0,3,9,0,12,0,6,187,0,193,0,9,196,0,205,208,0,208,413
04/14/2004,EMT,CA,AWP,WE,Towers with Display (VFR),0,4,14,0,18,0,6,180,0,186,0,10,194,0,204,186,0,186,390
04/15/2004,EMT,CA,AWP,WE,Towers with Display (VFR),0,1,7,0,8,0,0,242,9,251,0,1,249,9,259,205,0,205,464
04/16/2004,EMT,CA,AWP,WE,Towers with Display (VFR),0,6,20,0,26,0,7,163,0,170,0,13,183,0,196,180,0,180,376
04/17/2004,EMT,CA,AWP,WE,Towers with Display (VFR),0,0,12,0,12,0,0,108,0,108,0,0,120,0,120,199,0,199,319
04/18/2004,EMT,CA,AWP,WE,Towers with Display (VFR),0,0,4,0,4,0,0,247,0,247,0,0,251,0,251,228,0,228,479
04/19/2004,EMT,CA,AWP,WE,Towers with Display (VFR),0,5,15,0,20,0,4,258,2,264,0,9,273,2,284,169,0,169,453
04/20/2004,EMT,CA,AWP,WE,Towers with Display (VFR),0,3,11,0,14,0,6,207,2,215,0,9,218,2,229,193,1,194,423
04/21/2004,EMT,CA,AWP,WE,Towers with Display (VFR),0,2,8,0,10,0,5,204,0,209,0,7,212,0,219,238,0,238,457
04/22/2004,EMT,CA,AWP,WE,Towers with Display (VFR),0,4,13,0,17,0,7,198,0,205,0,11,211,0,222,209,0,209,431
04/23/2004,EMT,CA,AWP,WE,Towers with Display (VFR),0,2,8,0,10,0,7,213,0,220,0,9,221,0,230,200,0,200,430
04/24/2004,EMT,CA,AWP,WE,Towers with Display (VFR),0,0,5,0,5,0,0,261,3,264,0,0,266,3,269,233,0,233,502
04/25/2004,EMT,CA,AWP,WE,Towers with Display (VFR),0,0,5,0,5,0,0,318,0,318,0,0,323,0,323,233,0,233,556
04/26/2004,EMT,CA,AWP,WE,Towers with Display (VFR),0,4,14,0,18,0,6,220,0,226,0,10,234,0,244,166,0,166,410
04/27/2004,EMT,CA,AWP,WE,Towers with Display (VFR),0,4,13,0,17,0,8,248,0,256,0,12,261,0,273,176,0,176,449
04/28/2004,EMT,CA,AWP,WE,Towers with Display (VFR),0,4,15,0,19,0,5,210,0,215,0,9,225,0,234,270,0,270,504
04/29/2004,EMT,CA,AWP,WE,Towers with Display (VFR),0,2,22,0,24,0,0,235,0,235,0,2,257,0,259,294,0,294,553
04/30/2004,EMT,CA,AWP,WE,Towers with Display (VFR),0,4,15,0,19,0,0,194,0,194,0,4,209,0,213,201,0,201,414
05/01/2004,EMT,CA,AWP,WE,Towers with Display (VFR),0,0,5,0,5,0,0,211,0,211,0,0,216,0,216,174,0,174,390
05/02/2004,EMT,CA,AWP,WE,Towers with Display (VFR),0,0,7,0,7,0,0,237,0,237,0,0,244,0,244,144,0,144,388
05/03/2004,EMT,CA,AWP,WE,Towers with Display (VFR),0,4,7,0,11,0,5,217,0,222,0,9,224,0,233,84,0,84,317
05/04/2004,EMT,CA,AWP,WE,Towers with Display (VFR),0,6,16,0,22,0,5,245,0,250,0,11,261,0,272,141,0,141,413
05/05/2004,EMT,CA,AWP,WE,Towers with Display (VFR),0,4,11,0,15,0,4,257,0,261,0,8,268,0,276,220,0,220,496
05/06/2004,EMT,CA,AWP,WE,Towers with Display (VFR),0,3,4,0,7,0,5,250,0,255,0,8,254,0,262,239,0,239,501
05/07/2004,EMT,CA,AWP,WE,Towers with Display (VFR),0,5,20,0,25,0,5,211,0,216,0,10,231,0,241,180,0,180,421
05/08/2004,EMT,CA,AWP,WE,Towers with Display (VFR),0,0,8,0,8,0,0,234,0,234,0,0,242,0,242,238,0,238,480
05/09/2004,EMT,CA,AWP,WE,Towers with Display (VFR),0,0,5,0,5,0,0,223,0,223,0,0,228,0,228,213,0,213,441
05/10/2004,EMT,CA,AWP,WE,Towers with Display (VFR),0,3,12,0,15,0,8,220,0,228,0,11,232,0,243,194,0,194,437
05/11/2004,EMT,CA,AWP,WE,Towers with Display (VFR),0,4,15,0,19,0,7,197,0,204,0,11,212,0,223,192,0,192,415
05/12/2004,EMT,CA,AWP,WE,Towers with Display (VFR),0,6,21,0,27,0,2,264,0,266,0,8,285,0,293,227,0,227,520
05/13/2004,EMT,CA,AWP,WE,Towers with Display (VFR),0,3,12,0,15,0,8,221,0,229,0,11,233,0,244,265,0,265,509
05/14/2004,EMT,CA,AWP,WE,Towers with Display (VFR),0,3,11,0,14,0,4,220,1,225,0,7,231,1,239,169,0,169,408
05/15/2004,EMT,CA,AWP,WE,Towers with Display (VFR),0,0,7,0,7,0,0,192,0,192,0,0,199,0,199,165,0,165,364
05/16/2004,EMT,CA,AWP,WE,Towers with Display (VFR),0,0,13,0,13,0,0,256,0,256,0,0,269,0,269,301,0,301,570
05/17/2004,EMT,CA,AWP,WE,Towers with Display (VFR),0,5,23,0,28,0,2,144,0,146,0,7,167,0,174,171,0,171,345
05/18/2004,EMT,CA,AWP,WE,Towers with Display (VFR),0,5,22,0,27,0,7,258,2,267,0,12,280,2,294,270,2,272,566
05/19/2004,EMT,CA,AWP,WE,Towers with Display (VFR),0,2,13,0,15,0,6,233,0,239,0,8,246,0,254,213,0,213,467
05/20/2004,EMT,CA,AWP,WE,Towers with Display (VFR),0,2,12,0,14,0,9,224,0,233,0,11,236,0,247,236,0,236,483
05/21/2004,EMT,CA,AWP,WE,Towers with Display (VFR),0,6,27,0,33,0,3,198,3,204,0,9,225,3,237,102,0,102,339
05/22/2004,EMT,CA,AWP,WE,Towers with Display (VFR),0,0,26,0,26,0,0,260,0,260,0,0,286,0,286,273,0,273,559
05/23/2004,EMT,CA,AWP,WE,Towers with Display (VFR),0,0,20,0,20,0,0,201,0,201,0,0,221,0,221,303,0,303,524
05/24/2004,EMT,CA,AWP,WE,Towers with Display (VFR),0,3,13,0,16,0,4,211,0,215,0,7,224,0,231,192,2,194,425
05/25/2004,EMT,CA,AWP,WE,Towers with Display (VFR),0,5,25,0,30,0,4,220,0,224,0,9,245,0,254,141,0,141,395
05/26/2004,EMT,CA,AWP,WE,Towers with Display (VFR),0,4,22,0,26,0,4,227,0,231,0,8,249,0,257,202,0,202,459
05/27/2004,EMT,CA,AWP,WE,Towers with Display (VFR),0,1,21,0,22,0,0,241,0,241,0,1,262,0,263,162,0,162,425
05/28/2004,EMT,CA,AWP,WE,Towers with Display (VFR),0,8,35,0,43,0,0,130,0,130,0,8,165,0,173,230,0,230,403
05/29/2004,EMT,CA,AWP,WE,Towers with Display (VFR),0,0,21,0,21,0,0,205,0,205,0,0,226,0,226,226,0,226,452
05/30/2004,EMT,CA,AWP,WE,Towers with Display (VFR),0,0,12,0,12,0,0,268,0,268,0,0,280,0,280,211,0,211,491
05/31/2004,EMT,CA,AWP,WE,Towers with Display (VFR),0,0,9,0,9,0,0,266,0,266,0,0,275,0,275,207,0,207,482
06/01/2004,EMT,CA,AWP,WE,Towers with Display (VFR),0,3,9,0,12,0,9,196,0,205,0,12,205,0,217,185,0,185,402
06/02/2004,EMT,CA,AWP,WE,Towers with Display (VFR),0,7,17,0,24,0,2,204,0,206,0,9,221,0,230,252,0,252,482
06/03/2004,EMT,CA,AWP,WE,Towers with Display (VFR),0,3,12,0,15,0,0,206,0,206,0,3,218,0,221,230,0,230,451
06/04/2004,EMT,CA,AWP,WE,Towers with Display (VFR),0,5,9,0,14,0,6,199,0,205,0,11,208,0,219,213,0,213,432
06/05/2004,EMT,CA,AWP,WE,Towers with Display (VFR),0,0,10,0,10,0,0,174,0,174,0,0,184,0,184,164,0,164,348
06/06/2004,EMT,CA,AWP,WE,Towers with Display (VFR),0,0,13,0,13,0,0,209,0,209,0,0,222,0,222,217,0,217,439
06/07/2004,EMT,CA,AWP,WE,Towers with Display (VFR),0,9,25,0,34,0,1,125,7,133,0,10,150,7,167,197,0,197,364
06/08/2004,EMT,CA,AWP,WE,Towers with Display (VFR),0,10,30,0,40,1,2,233,0,236,1,12,263,0,276,162,0,162,438
06/09/2004,EMT,CA,AWP,WE,Towers with Display (VFR),0,3,9,0,12,0,22,218,0,240,0,25,227,0,252,202,0,202,454
06/10/2004,EMT,CA,AWP,WE,Towers with Display (VFR),0,4,10,0,14,0,7,298,0,305,0,11,308,0,319,201,0,201,520
06/11/2004,EMT,CA,AWP,WE,Towers with Display (VFR),0,2,11,0,13,1,6,206,0,213,1,8,217,0,226,282,0,282,508
06/12/2004,EMT,CA,AWP,WE,Towers with Display (VFR),0,0,15,0,15,0,0,194,0,194,0,0,209,0,209,215,0,215,424
06/13/2004,EMT,CA,AWP,WE,Towers with Display (VFR),0,0,10,0,10,0,0,261,0,261,0,0,271,0,271,246,0,246,517
06/14/2004,EMT,CA,AWP,WE,Towers with Display (VFR),0,2,11,0,13,0,8,161,0,169,0,10,172,0,182,244,0,244,426
06/15/2004,EMT,CA,AWP,WE,Towers with Display (VFR),0,5,18,0,23,0,3,178,2,183,0,8,196,2,206,278,0,278,484
06/16/2004,EMT,CA,AWP,WE,Towers with Display (VFR),0,9,35,0,44,0,0,194,0,194,0,9,229,0,238,187,0,187,425
06/17/2004,EMT,CA,AWP,WE,Towers with Display (VFR),0,5,21,0,26,0,5,179,0,184,0,10,200,0,210,243,0,243,453
06/18/2004,EMT,CA,AWP,WE,Towers with Display (VFR),0,4,15,0,19,0,5,181,0,186,0,9,196,0,205,188,0,188,393
06/19/2004,EMT,CA,AWP,WE,Towers with Display (VFR),0,0,23,0,23,1,0,126,0,127,1,0,149,0,150,303,0,303,453
06/20/2004,EMT,CA,AWP,WE,Towers with Display (VFR),0,0,17,0,17,0,0,127,0,127,0,0,144,0,144,248,0,248,392
06/21/2004,EMT,CA,AWP,WE,Towers with Display (VFR),0,6,25,0,31,0,3,199,0,202,0,9,224,0,233,199,0,199,432
06/22/2004,EMT,CA,AWP,WE,Towers with Display (VFR),0,4,16,0,20,0,5,174,0,179,0,9,190,0,199,145,0,145,344
06/23/2004,EMT,CA,AWP,WE,Towers with Display (VFR),0,6,25,0,31,0,5,168,0,173,0,11,193,0,204,178,0,178,382
06/24/2004,EMT,CA,AWP,WE,Towers with Display (VFR),0,3,13,0,16,0,7,195,0,202,0,10,208,0,218,127,0,127,345
06/25/2004,EMT,CA,AWP,WE,Towers with Display (VFR),0,3,11,0,14,0,5,197,0,202,0,8,208,0,216,278,0,278,494
06/26/2004,EMT,CA,AWP,WE,Towers with Display (VFR),0,0,10,0,10,0,0,162,0,162,0,0,172,0,172,219,0,219,391
06/27/2004,EMT,CA,AWP,WE,Towers with Display (VFR),0,0,15,0,15,0,0,169,0,169,0,0,184,0,184,162,0,162,346
06/28/2004,EMT,CA,AWP,WE,Towers with Display (VFR),0,3,13,0,16,0,9,212,0,221,0,12,225,0,237,273,2,275,512
06/29/2004,EMT,CA,AWP,WE,Towers with Display (VFR),0,5,19,0,24,0,1,190,2,193,0,6,209,2,217,191,0,191,408
06/30/2004,EMT,CA,AWP,WE,Towers with Display (VFR),0,4,17,0,21,0,5,177,0,182,0,9,194,0,203,108,0,108,311
07/01/2004,EMT,CA,AWP,WE,Towers with Display (VFR),0,4,10,0,14,3,6,202,0,211,3,10,212,0,225,270,0,270,495
07/02/2004,EMT,CA,AWP,WE,Towers with Display (VFR),0,5,10,0,15,0,4,189,0,193,0,9,199,0,208,202,0,202,410
07/03/2004,EMT,CA,AWP,WE,Towers with Display (VFR),0,0,12,0,12,0,0,135,0,135,0,0,147,0,147,313,0,313,460
07/04/2004,EMT,CA,AWP,WE,Towers with Display (VFR),0,0,8,0,8,0,0,153,0,153,0,0,161,0,161,168,0,168,329
07/05/2004,EMT,CA,AWP,WE,Towers with Display (VFR),0,0,14,0,14,0,0,244,0,244,0,0,258,0,258,171,0,171,429
07/06/2004,EMT,CA,AWP,WE,Towers with Display (VFR),0,6,13,0,19,0,1,225,0,226,0,7,238,0,245,263,2,265,510
07/07/2004,EMT,CA,AWP,WE,Towers with Display (VFR),0,7,16,0,23,0,2,220,0,222,0,9,236,0,245,139,0,139,384
07/08/2004,EMT,CA,AWP,WE,Towers with Display (VFR),0,6,16,0,22,0,6,231,0,237,0,12,247,0,259,290,0,290,549
07/09/2004,EMT,CA,AWP,WE,Towers with Display (VFR),0,6,19,0,25,0,0,175,0,175,0,6,194,0,200,300,0,300,500
07/10/2004,EMT,CA,AWP,WE,Towers with Display (VFR),0,0,3,0,3,0,0,226,0,226,0,0,229,0,229,201,0,201,430
07/11/2004,EMT,CA,AWP,WE,Towers with Display (VFR),0,0,4,0,4,0,0,273,0,273,0,0,277,0,277,252,0,252,529
07/12/2004,EMT,CA,AWP,WE,Towers with Display (VFR),0,1,4,0,5,0,14,248,1,263,0,15,252,1,268,208,0,208,476
07/13/2004,EMT,CA,AWP,WE,Towers with Display (VFR),0,2,10,0,12,0,12,208,0,220,0,14,218,0,232,185,0,185,417
07/14/2004,EMT,CA,AWP,WE,Towers with Display (VFR),0,2,9,0,11,0,7,233,5,245,0,9,242,5,256,199,2,201,457
07/15/2004,EMT,CA,AWP,WE,Towers with Display (VFR),0,2,11,0,13,0,9,254,1,264,0,11,265,1,277,270,0,270,547
07/16/2004,EMT,CA,AWP,WE,Towers with Display (VFR),0,2,12,0,14,0,0,187,0,187,0,2,199,0,201,281,0,281,482
07/17/2004,EMT,CA,AWP,WE,Towers with Display (VFR),0,0,5,0,5,0,0,226,0,226,0,0,231,0,231,352,0,352,583
07/18/2004,EMT,CA,AWP,WE,Towers with Display (VFR),0,0,9,0,9,0,0,220,0,220,0,0,229,0,229,281,0,281,510
07/19/2004,EMT,CA,AWP,WE,Towers with Display (VFR),0,2,10,0,12,0,7,245,0,252,0,9,255,0,264,258,0,258,522
07/20/2004,EMT,CA,AWP,WE,Towers with Display (VFR),0,2,10,0,12,0,8,216,0,224,0,10,226,0,236,251,0,251,487
07/21/2004,EMT,CA,AWP,WE,Towers with Display (VFR),0,3,14,0,17,0,9,257,3,269,0,12,271,3,286,128,0,128,414
07/22/2004,EMT,CA,AWP,WE,Towers with Display (VFR),0,1,7,0,8,0,9,220,0,229,0,10,227,0,237,219,0,219,456
07/23/2004,EMT,CA,AWP,WE,Towers with Display (VFR),0,2,9,0,11,0,9,203,0,212,0,11,212,0,223,338,0,338,561
07/24/2004,EMT,CA,AWP,WE,Towers with Display (VFR),0,0,8,0,8,0,0,180,0,180,0,0,188,0,188,269,0,269,457
07/25/2004,EMT,CA,AWP,WE,Towers with Display (VFR),0,0,3,0,3,0,0,271,0,271,0,0,274,0,274,356,0,356,630
07/26/2004,EMT,CA,AWP,WE,Towers with Display (VFR),0,3,13,0,16,0,6,235,0,241,0,9,248,0,257,251,0,251,508
07/27/2004,EMT,CA,AWP,WE,Towers with Display (VFR),0,3,14,0,17,0,6,185,0,191,0,9,199,0,208,315,0,315,523
07/28/2004,EMT,CA,AWP,WE,Towers with Display (VFR),0,3,14,0,17,0,3,214,0,217,0,6,228,0,234,203,0,203,437
07/29/2004,EMT,CA,AWP,WE,Towers with Display (VFR),0,2,11,0,13,0,11,226,0,237,0,13,237,0,250,389,0,389,639
07/30/2004,EMT,CA,AWP,WE,Towers with Display (VFR),0,3,14,0,17,0,4,207,0,211,0,7,221,0,228,398,0,398,626
07/31/2004,EMT,CA,AWP,WE,Towers with Display (VFR),0,0,18,0,18,0,0,175,0,175,0,0,193,0,193,278,0,278,471
08/01/2004,EMT,CA,AWP,WE,Towers with Display (VFR),0,0,11,0,11,0,0,211,0,211,0,0,222,0,222,247,0,247,469
08/02/2004,EMT,CA,AWP,WE,Towers with Display (VFR),0,5,9,0,14,0,1,217,0,218,0,6,226,0,232,271,0,271,503
08/03/2004,EMT,CA,AWP,WE,Towers with Display (VFR),0,5,13,0,18,0,4,203,0,207,0,9,216,0,225,269,0,269,494
08/04/2004,EMT,CA,AWP,WE,Towers with Display (VFR),0,4,7,0,11,0,5,266,0,271,0,9,273,0,282,213,0,213,495
08/05/2004,EMT,CA,AWP,WE,Towers with Display (VFR),0,6,14,0,20,0,1,175,0,176,0,7,189,0,196,259,0,259,455
08/06/2004,EMT,CA,AWP,WE,Towers with Display (VFR),0,2,7,0,9,0,6,199,0,205,0,8,206,0,214,282,0,282,496
08/07/2004,EMT,CA,AWP,WE,Towers with Display (VFR),0,0,3,0,3,0,0,229,0,229,0,0,232,0,232,273,0,273,505
08/08/2004,EMT,CA,AWP,WE,Towers with Display (VFR),0,0,6,0,6,0,0,230,0,230,0,0,236,0,236,310,0,310,546
08/09/2004,EMT,CA,AWP,WE,Towers with Display (VFR),0,3,12,0,15,0,5,189,0,194,0,8,201,0,209,179,0,179,388
08/10/2004,EMT,CA,AWP,WE,Towers with Display (VFR),0,2,8,0,10,0,7,214,0,221,0,9,222,0,231,189,2,191,422
08/11/2004,EMT,CA,AWP,WE,Towers with Display (VFR),0,3,12,0,15,0,5,208,0,213,0,8,220,0,228,195,0,195,423
08/12/2004,EMT,CA,AWP,WE,Towers with Display (VFR),0,3,10,0,13,0,4,198,0,202,0,7,208,0,215,128,0,128,343
08/13/2004,EMT,CA,AWP,WE,Towers with Display (VFR),0,3,14,0,17,0,5,157,0,162,0,8,171,0,179,149,4,153,332
08/14/2004,EMT,CA,AWP,WE,Towers with Display (VFR),0,0,8,0,8,0,0,189,0,189,0,0,197,0,197,229,0,229,426
08/15/2004,EMT,CA,AWP,WE,Towers with Display (VFR),0,0,8,0,8,0,0,187,0,187,0,0,195,0,195,246,0,246,441
08/16/2004,EMT,CA,AWP,WE,Towers with Display (VFR),0,2,8,0,10,0,6,186,0,192,0,8,194,0,202,140,0,140,342
08/17/2004,EMT,CA,AWP,WE,Towers with Display (VFR),0,2,10,0,12,0,7,170,0,177,0,9,180,0,189,208,0,208,397
08/18/2004,EMT,CA,AWP,WE,Towers with Display (VFR),0,2,11,0,13,1,8,186,0,195,1,10,197,0,208,187,0,187,395
08/19/2004,EMT,CA,AWP,WE,Towers with Display (VFR),0,2,11,0,13,0,4,185,3,192,0,6,196,3,205,281,0,281,486
08/20/2004,EMT,CA,AWP,WE,Towers with Display (VFR),0,4,15,0,19,0,4,243,5,252,0,8,258,5,271,184,0,184,455
08/21/2004,EMT,CA,AWP,WE,Towers with Display (VFR),0,0,18,0,18,0,0,152,0,152,0,0,170,0,170,272,0,272,442
08/22/2004,EMT,CA,AWP,WE,Towers with Display (VFR),0,0,7,0,7,0,0,166,0,166,0,0,173,0,173,266,0,266,439
08/23/2004,EMT,CA,AWP,WE,Towers with Display (VFR),0,2,11,0,13,0,6,201,0,207,0,8,212,0,220,163,0,163,383
08/24/2004,EMT,CA,AWP,WE,Towers with Display (VFR),0,3,11,0,14,0,6,220,1,227,0,9,231,1,241,323,0,323,564
08/25/2004,EMT,CA,AWP,WE,Towers with Display (VFR),0,4,18,0,22,0,2,246,0,248,0,6,264,0,270,185,0,185,455
08/26/2004,EMT,CA,AWP,WE,Towers with Display (VFR),0,4,18,0,22,0,3,181,1,185,0,7,199,1,207,274,0,274,481
08/27/2004,EMT,CA,AWP,WE,Towers with Display (VFR),0,3,12,0,15,0,8,216,2,226,0,11,228,2,241,202,0,202,443
08/28/2004,EMT,CA,AWP,WE,Towers with Display (VFR),0,3,11,0,14,0,0,189,5,194,0,3,200,5,208,208,0,208,416
08/29/2004,EMT,CA,AWP,WE,Towers with Display (VFR),0,0,15,0,15,0,0,174,1,175,0,0,189,1,190,127,0,127,317
08/30/2004,EMT,CA,AWP,WE,Towers with Display (VFR),0,2,11,0,13,0,8,143,0,151,0,10,154,0,164,163,0,163,327
08/31/2004,EMT,CA,AWP,WE,Towers with Display (VFR),0,3,15,0,18,0,7,216,0,223,0,10,231,0,241,282,0,282,523
09/01/2004,EMT,CA,AWP,WE,Towers with Display (VFR),0,4,10,0,14,0,5,202,0,207,0,9,212,0,221,266,0,266,487
09/02/2004,EMT,CA,AWP,WE,Towers with Display (VFR),0,5,10,0,15,0,6,198,0,204,0,11,208,0,219,299,0,299,518
09/03/2004,EMT,CA,AWP,WE,Towers with Display (VFR),0,7,17,0,24,0,3,178,0,181,0,10,195,0,205,230,0,230,435
09/04/2004,EMT,CA,AWP,WE,Towers with Display (VFR),0,0,9,0,9,0,0,190,0,190,0,0,199,0,199,280,0,280,479
09/05/2004,EMT,CA,AWP,WE,Towers with Display (VFR),0,0,9,0,9,0,0,254,0,254,0,0,263,0,263,139,0,139,402
09/06/2004,EMT,CA,AWP,WE,Towers with Display (VFR),0,0,5,0,5,0,0,191,0,191,0,0,196,0,196,206,0,206,402
09/07/2004,EMT,CA,AWP,WE,Towers with Display (VFR),0,5,9,0,14,0,6,193,0,199,0,11,202,0,213,260,0,260,473
09/08/2004,EMT,CA,AWP,WE,Towers with Display (VFR),0,3,9,0,12,0,6,190,0,196,0,9,199,0,208,128,0,128,336
09/09/2004,EMT,CA,AWP,WE,Towers with Display (VFR),0,4,9,0,13,0,9,192,0,201,0,13,201,0,214,175,0,175,389
09/10/2004,EMT,CA,AWP,WE,Towers with Display (VFR),0,5,12,0,17,0,5,186,0,191,0,10,198,0,208,89,0,89,297
09/11/2004,EMT,CA,AWP,WE,Towers with Display (VFR),0,0,3,0,3,0,0,236,0,236,0,0,239,0,239,226,0,226,465
09/12/2004,EMT,CA,AWP,WE,Towers with Display (VFR),0,0,8,0,8,0,0,203,0,203,0,0,211,0,211,288,0,288,499
09/13/2004,EMT,CA,AWP,WE,Towers with Display (VFR),0,4,14,0,18,0,6,137,1,144,0,10,151,1,162,109,0,109,271
09/14/2004,EMT,CA,AWP,WE,Towers with Display (VFR),0,4,18,0,22,0,0,188,5,193,0,4,206,5,215,196,0,196,411
09/15/2004,EMT,CA,AWP,WE,Towers with Display (VFR),0,5,17,0,22,0,5,166,0,171,0,10,183,0,193,222,0,222,415
09/16/2004,EMT,CA,AWP,WE,Towers with Display (VFR),0,3,13,0,16,0,5,166,0,171,0,8,179,0,187,202,0,202,389
09/17/2004,EMT,CA,AWP,WE,Towers with Display (VFR),0,6,20,0,26,0,1,114,0,115,0,7,134,0,141,170,0,170,311
09/18/2004,EMT,CA,AWP,WE,Towers with Display (VFR),0,0,13,0,13,0,0,173,0,173,0,0,186,0,186,184,0,184,370
09/19/2004,EMT,CA,AWP,WE,Towers with Display (VFR),0,0,10,0,10,0,0,200,0,200,0,0,210,0,210,233,0,233,443
09/20/2004,EMT,CA,AWP,WE,Towers with Display (VFR),0,2,10,0,12,0,8,219,0,227,0,10,229,0,239,152,0,152,391
09/21/2004,EMT,CA,AWP,WE,Towers with Display (VFR),0,3,10,0,13,0,6,174,0,180,0,9,184,0,193,219,0,219,412
09/22/2004,EMT,CA,AWP,WE,Towers with Display (VFR),0,3,11,0,14,0,5,220,0,225,0,8,231,0,239,191,0,191,430
09/23/2004,EMT,CA,AWP,WE,Towers with Display (VFR),0,3,10,0,13,0,6,285,0,291,0,9,295,0,304,206,0,206,510
09/24/2004,EMT,CA,AWP,WE,Towers with Display (VFR),0,4,16,0,20,0,3,219,0,222,0,7,235,0,242,194,0,194,436
09/25/2004,EMT,CA,AWP,WE,Towers with Display (VFR),0,0,10,0,10,0,0,238,0,238,0,0,248,0,248,327,0,327,575
09/26/2004,EMT,CA,AWP,WE,Towers with Display (VFR),0,0,11,0,11,0,0,267,0,267,0,0,278,0,278,271,0,271,549
09/27/2004,EMT,CA,AWP,WE,Towers with Display (VFR),0,4,14,0,18,0,3,149,0,152,0,7,163,0,170,126,0,126,296
09/28/2004,EMT,CA,AWP,WE,Towers with Display (VFR),0,5,17,0,22,0,5,173,0,178,0,10,190,0,200,226,0,226,426
09/29/2004,EMT,CA,AWP,WE,Towers with Display (VFR),0,6,22,0,28,2,4,208,0,214,2,10,230,0,242,240,0,240,482
09/30/2004,EMT,CA,AWP,WE,Towers with Display (VFR),0,3,12,0,15,0,6,189,0,195,0,9,201,0,210,208,0,208,418
10/01/2004,EMT,CA,AWP,WE,Towers with Display (VFR),0,4,25,0,29,0,7,227,0,234,0,11,252,0,263,176,0,176,439
10/02/2004,EMT,CA,AWP,WE,Towers with Display (VFR),0,0,14,0,14,0,0,194,0,194,0,0,208,0,208,147,0,147,355
10/03/2004,EMT,CA,AWP,WE,Towers with Display (VFR),0,0,16,0,16,0,0,208,2,210,0,0,224,2,226,299,0,299,525
10/04/2004,EMT,CA,AWP,WE,Towers with Display (VFR),0,3,8,0,11,0,0,121,0,121,0,3,129,0,132,122,0,122,254
10/05/2004,EMT,CA,AWP,WE,Towers with Display (VFR),0,7,21,0,28,0,0,199,1,200,0,7,220,1,228,246,0,246,474
10/06/2004,EMT,CA,AWP,WE,Towers with Display (VFR),0,1,5,0,6,0,0,260,0,260,0,1,265,0,266,66,0,66,332
10/07/2004,EMT,CA,AWP,WE,Towers with Display (VFR),0,7,14,0,21,0,1,204,0,205,0,8,218,0,226,80,0,80,306
10/08/2004,EMT,CA,AWP,WE,Towers with Display (VFR),0,1,8,0,9,0,0,187,0,187,0,1,195,0,196,177,0,177,373
10/09/2004,EMT,CA,AWP,WE,Towers with Display (VFR),0,0,7,0,7,0,0,119,0,119,0,0,126,0,126,190,0,190,316
10/10/2004,EMT,CA,AWP,WE,Towers with Display (VFR),0,0,14,0,14,0,0,215,0,215,0,0,229,0,229,270,0,270,499
10/11/2004,EMT,CA,AWP,WE,Towers with Display (VFR),0,0,6,0,6,0,2,215,0,217,0,2,221,0,223,241,0,241,464
10/12/2004,EMT,CA,AWP,WE,Towers with Display (VFR),0,7,6,0,13,0,0,236,0,236,0,7,242,0,249,314,0,314,563
10/13/2004,EMT,CA,AWP,WE,Towers with Display (VFR),0,6,10,0,16,0,1,196,0,197,0,7,206,0,213,277,0,277,490
10/14/2004,EMT,CA,AWP,WE,Towers with Display (VFR),0,1,5,0,6,0,0,240,0,240,0,1,245,0,246,188,0,188,434
10/15/2004,EMT,CA,AWP,WE,Towers with Display (VFR),0,1,12,0,13,0,0,225,0,225,0,1,237,0,238,158,0,158,396
10/16/2004,EMT,CA,AWP,WE,Towers with Display (VFR),0,0,20,0,20,0,0,120,0,120,0,0,140,0,140,300,0,300,440
10/17/2004,EMT,CA,AWP,WE,Towers with Display (VFR),0,0,12,0,12,0,0,204,0,204,0,0,216,0,216,171,0,171,387
10/18/2004,EMT,CA,AWP,WE,Towers with Display (VFR),0,8,10,0,18,0,0,77,0,77,0,8,87,0,95,59,0,59,154
10/19/2004,EMT,CA,AWP,WE,Towers with Display (VFR),0,8,9,0,17,0,1,95,2,98,0,9,104,2,115,134,2,136,251
10/20/2004,EMT,CA,AWP,WE,Towers with Display (VFR),0,8,8,0,16,0,0,93,0,93,0,8,101,0,109,0,0,0,109
10/21/2004,EMT,CA,AWP,WE,Towers with Display (VFR),0,6,6,0,12,0,2,211,2,215,0,8,217,2,227,240,0,240,467
10/22/2004,EMT,CA,AWP,WE,Towers with Display (VFR),0,5,5,0,10,0,11,245,0,256,0,16,250,0,266,251,0,251,517
10/23/2004,EMT,CA,AWP,WE,Towers with Display (VFR),0,0,9,0,9,0,0,241,0,241,0,0,250,0,250,284,0,284,534
10/24/2004,EMT,CA,AWP,WE,Towers with Display (VFR),0,2,11,0,13,0,1,195,0,196,0,3,206,0,209,339,0,339,548
10/25/2004,EMT,CA,AWP,WE,Towers with Display (VFR),0,7,14,0,21,0,3,231,0,234,0,10,245,0,255,175,0,175,430
10/26/2004,EMT,CA,AWP,WE,Towers with Display (VFR),0,6,16,0,22,0,0,124,0,124,0,6,140,0,146,217,0,217,363
10/27/2004,EMT,CA,AWP,WE,Towers with Display (VFR),0,8,16,0,24,0,1,126,0,127,0,9,142,0,151,107,0,107,258
10/28/2004,EMT,CA,AWP,WE,Towers with Display (VFR),0,8,10,0,18,0,2,264,0,266,0,10,274,0,284,222,0,222,506
10/29/2004,EMT,CA,AWP,WE,Towers with Display (VFR),0,3,7,0,10,0,4,229,0,233,0,7,236,0,243,270,0,270,513
10/30/2004,EMT,CA,AWP,WE,Towers with Display (VFR),0,0,2,0,2,0,0,203,0,203,0,0,205,0,205,290,0,290,495
10/31/2004,EMT,CA,AWP,WE,Towers with Display (VFR),0,0,8,0,8,0,0,269,0,269,0,0,277,0,277,274,0,274,551
11/01/2004,EMT,CA,AWP,WE,Towers with Radar,0,6,5,0,11,0,2,188,0,190,0,8,193,0,201,123,0,123,324
11/02/2004,EMT,CA,AWP,WE,Towers with Radar,0,6,15,0,21,0,5,216,4,225,0,11,231,4,246,203,0,203,449
11/03/2004,EMT,CA,AWP,WE,Towers with Radar,0,6,16,0,22,0,0,211,0,211,0,6,227,0,233,267,0,267,500
11/04/2004,EMT,CA,AWP,WE,Towers with Radar,0,5,14,0,19,0,4,244,0,248,0,9,258,0,267,205,0,205,472
11/05/2004,EMT,CA,AWP,WE,Towers with Radar,0,5,7,0,12,0,6,228,0,234,0,11,235,0,246,187,0,187,433
11/06/2004,EMT,CA,AWP,WE,Towers with Radar,0,0,16,0,16,0,0,234,0,234,0,0,250,0,250,261,0,261,511
11/07/2004,EMT,CA,AWP,WE,Towers with Radar,0,0,11,0,11,0,0,139,0,139,0,0,150,0,150,162,0,162,312
11/08/2004,EMT,CA,AWP,WE,Towers with Radar,0,6,5,0,11,0,2,137,0,139,0,8,142,0,150,234,0,234,384
11/09/2004,EMT,CA,AWP,WE,Towers with Radar,0,7,25,0,32,0,3,199,2,204,0,10,224,2,236,207,0,207,443
11/10/2004,EMT,CA,AWP,WE,Towers with Radar,0,4,6,0,10,0,4,300,0,304,0,8,306,0,314,131,0,131,445
11/11/2004,EMT,CA,AWP,WE,Towers with Radar,0,0,9,0,9,0,0,198,2,200,0,0,207,2,209,174,0,174,383
11/12/2004,EMT,CA,AWP,WE,Towers with Radar,0,5,14,0,19,0,7,298,0,305,0,12,312,0,324,218,0,218,542
11/13/2004,EMT,CA,AWP,WE,Towers with Radar,0,0,12,0,12,0,0,189,0,189,0,0,201,0,201,271,0,271,472
11/14/2004,EMT,CA,AWP,WE,Towers with Radar,0,0,12,0,12,0,0,227,0,227,0,0,239,0,239,195,0,195,434
11/15/2004,EMT,CA,AWP,WE,Towers with Radar,0,6,10,0,16,0,4,212,0,216,0,10,222,0,232,201,0,201,433
11/16/2004,EMT,CA,AWP,WE,Towers with Radar,0,4,16,0,20,0,5,207,3,215,0,9,223,3,235,126,0,126,361
11/17/2004,EMT,CA,AWP,WE,Towers with Radar,0,2,10,0,12,0,0,279,1,280,0,2,289,1,292,243,0,243,535
11/18/2004,EMT,CA,AWP,WE,Towers with Radar,0,5,6,0,11,0,0,229,0,229,0,5,235,0,240,164,0,164,404
11/19/2004,EMT,CA,AWP,WE,Towers with Radar,0,5,13,0,18,0,2,214,0,216,0,7,227,0,234,279,0,279,513
11/20/2004,EMT,CA,AWP,WE,Towers with Radar,0,0,31,0,31,0,0,176,0,176,0,0,207,0,207,272,0,272,479
11/21/2004,EMT,CA,AWP,WE,Towers with Radar,0,0,8,0,8,0,0,119,0,119,0,0,127,0,127,192,0,192,319
11/22/2004,EMT,CA,AWP,WE,Towers with Radar,0,6,12,0,18,0,5,186,0,191,0,11,198,0,209,188,0,188,397
11/23/2004,EMT,CA,AWP,WE,Towers with Radar,0,6,27,0,33,0,3,245,0,248,0,9,272,0,281,194,0,194,475
11/24/2004,EMT,CA,AWP,WE,Towers with Radar,0,6,12,0,18,0,6,332,0,338,0,12,344,0,356,351,0,351,707
11/25/2004,EMT,CA,AWP,WE,Towers with Radar,0,0,8,0,8,0,0,155,0,155,0,0,163,0,163,82,0,82,245
11/26/2004,EMT,CA,AWP,WE,Towers with Radar,0,6,13,0,19,1,6,216,0,223,1,12,229,0,242,287,0,287,529
11/27/2004,EMT,CA,AWP,WE,Towers with Radar,0,0,0,0,0,0,0,75,0,75,0,0,75,0,75,0,0,0,75
11/28/2004,EMT,CA,AWP,WE,Towers with Radar,0,0,8,0,8,0,0,202,0,202,0,0,210,0,210,229,0,229,439
11/29/2004,EMT,CA,AWP,WE,Towers with Radar,0,6,6,0,12,0,8,243,0,251,0,14,249,0,263,228,0,228,491
11/30/2004,EMT,CA,AWP,WE,Towers with Radar,0,6,9,0,15,0,5,224,4,233,0,11,233,4,248,257,0,257,505
12/01/2004,EMT,CA,AWP,WE,Towers with Radar,0,5,11,0,16,0,8,232,0,240,0,13,243,0,256,194,0,194,450
12/02/2004,EMT,CA,AWP,WE,Towers with Radar,0,6,9,0,15,0,3,218,0,221,0,9,227,0,236,257,0,257,493
12/03/2004,EMT,CA,AWP,WE,Towers with Radar,0,5,4,0,9,0,6,180,0,186,0,11,184,0,195,246,4,250,445
12/04/2004,EMT,CA,AWP,WE,Towers with Radar,0,0,8,0,8,0,0,205,0,205,0,0,213,0,213,270,0,270,483
12/05/2004,EMT,CA,AWP,WE,Towers with Radar,0,0,7,0,7,0,0,52,0,52,0,0,59,0,59,25,0,25,84
12/06/2004,EMT,CA,AWP,WE,Towers with Radar,0,8,13,0,21,0,4,181,0,185,0,12,194,0,206,214,0,214,420
12/07/2004,EMT,CA,AWP,WE,Towers with Radar,0,8,2,0,10,2,3,158,0,163,2,11,160,0,173,242,2,244,417
12/08/2004,EMT,CA,AWP,WE,Towers with Radar,0,8,16,0,24,0,0,195,0,195,0,8,211,0,219,256,0,256,475
12/09/2004,EMT,CA,AWP,WE,Towers with Radar,0,7,5,0,12,0,2,178,0,180,0,9,183,0,192,203,0,203,395
12/10/2004,EMT,CA,AWP,WE,Towers with Radar,0,5,13,0,18,0,5,247,0,252,0,10,260,0,270,264,0,264,534
12/11/2004,EMT,CA,AWP,WE,Towers with Radar,0,0,9,0,9,0,0,262,0,262,0,0,271,0,271,280,0,280,551
12/12/2004,EMT,CA,AWP,WE,Towers with Radar,0,0,9,0,9,0,0,262,0,262,0,0,271,0,271,280,0,280,551
12/13/2004,EMT,CA,AWP,WE,Towers with Radar,0,7,9,0,16,0,9,159,0,168,0,16,168,0,184,206,0,206,390
12/14/2004,EMT,CA,AWP,WE,Towers with Radar,0,6,7,0,13,0,3,219,0,222,0,9,226,0,235,291,0,291,526
12/15/2004,EMT,CA,AWP,WE,Towers with Radar,0,5,8,0,13,0,5,217,0,222,0,10,225,0,235,159,0,159,394
12/16/2004,EMT,CA,AWP,WE,Towers with Radar,0,6,7,0,13,0,4,134,0,138,0,10,141,0,151,319,0,319,470
12/17/2004,EMT,CA,AWP,WE,Towers with Radar,0,3,5,0,8,0,0,163,0,163,0,3,168,0,171,185,0,185,356
12/18/2004,EMT,CA,AWP,WE,Towers with Radar,0,0,12,0,12,0,0,249,0,249,0,0,261,0,261,298,0,298,559
12/19/2004,EMT,CA,AWP,WE,Towers with Radar,0,0,8,0,8,0,0,232,0,232,0,0,240,0,240,183,0,183,423
12/20/2004,EMT,CA,AWP,WE,Towers with Radar,0,6,5,0,11,0,7,269,0,276,0,13,274,0,287,220,0,220,507
12/21/2004,EMT,CA,AWP,WE,Towers with Radar,0,6,4,0,10,0,4,210,0,214,0,10,214,0,224,254,0,254,478
12/22/2004,EMT,CA,AWP,WE,Towers with Radar,0,6,9,0,15,0,1,169,0,170,0,7,178,0,185,328,0,328,513
12/23/2004,EMT,CA,AWP,WE,Towers with Radar,0,6,4,0,10,0,4,162,0,166,0,10,166,0,176,195,0,195,371
12/24/2004,EMT,CA,AWP,WE,Towers with Radar,0,3,4,0,7,0,5,126,0,131,0,8,130,0,138,143,0,143,281
12/25/2004,EMT,CA,AWP,WE,Towers with Radar,0,0,1,0,1,0,0,121,0,121,0,0,122,0,122,58,0,58,180
12/26/2004,EMT,CA,AWP,WE,Towers with Radar,0,0,14,0,14,0,0,163,1,164,0,0,177,1,178,97,0,97,275
12/27/2004,EMT,CA,AWP,WE,Towers with Radar,0,8,3,0,11,0,1,142,0,143,0,9,145,0,154,105,0,105,259
12/28/2004,EMT,CA,AWP,WE,Towers with Radar,0,7,3,0,10,0,0,34,0,34,0,7,37,0,44,12,0,12,56
12/29/2004,EMT,CA,AWP,WE,Towers with Radar,0,8,3,0,11,0,4,87,1,92,0,12,90,1,103,81,0,81,184
12/30/2004,EMT,CA,AWP,WE,Towers with Radar,0,6,20,0,26,0,3,207,0,210,0,9,227,0,236,264,0,264,500
12/31/2004,EMT,CA,AWP,WE,Towers with Radar,0,9,2,0,11,0,1,68,0,69,0,10,70,0,80,40,0,40,120
01/01/2005,EMT,CA,AWP,WE,Towers with Radar,0,0,1,0,1,0,0,114,0,114,0,0,115,0,115,45,0,45,160
01/02/2005,EMT,CA,AWP,WE,Towers with Radar,0,0,9,0,9,0,0,137,0,137,0,0,146,0,146,181,0,181,327
01/03/2005,EMT,CA,AWP,WE,Towers with Radar,0,7,5,0,12,0,0,114,0,114,0,7,119,0,126,83,0,83,209
01/04/2005,EMT,CA,AWP,WE,Towers with Radar,0,10,2,0,12,0,2,107,0,109,0,12,109,0,121,80,0,80,201
01/05/2005,EMT,CA,AWP,WE,Towers with Radar,0,6,19,0,25,0,4,232,0,236,0,10,251,0,261,215,0,215,476
01/06/2005,EMT,CA,AWP,WE,Towers with Radar,0,7,9,0,16,0,5,173,0,178,0,12,182,0,194,199,0,199,393
01/07/2005,EMT,CA,AWP,WE,Towers with Radar,0,7,1,0,8,0,0,20,0,20,0,7,21,0,28,0,0,0,28
01/08/2005,EMT,CA,AWP,WE,Towers with Radar,0,0,4,0,4,0,0,29,0,29,0,0,33,0,33,2,0,2,35
01/09/2005,EMT,CA,AWP,WE,Towers with Radar,0,0,0,0,0,21,0,0,0,21,21,0,0,0,21,0,0,0,21
01/10/2005,EMT,CA,AWP,WE,Towers with Radar,0,1,2,0,3,0,0,9,0,9,0,1,11,0,12,0,0,0,12
01/11/2005,EMT,CA,AWP,WE,Towers with Radar,0,5,2,0,7,0,0,182,0,182,0,5,184,0,189,114,0,114,303
01/12/2005,EMT,CA,AWP,WE,Towers with Radar,0,8,9,0,17,0,1,295,0,296,0,9,304,0,313,323,0,323,636
01/13/2005,EMT,CA,AWP,WE,Towers with Radar,0,7,15,0,22,0,0,216,2,218,0,7,231,2,240,202,0,202,442
01/14/2005,EMT,CA,AWP,WE,Towers with Radar,0,1,6,0,7,0,0,244,0,244,0,1,250,0,251,194,0,194,445
01/15/2005,EMT,CA,AWP,WE,Towers with Radar,0,0,8,0,8,0,0,332,0,332,0,0,340,0,340,298,0,298,638
01/16/2005,EMT,CA,AWP,WE,Towers with Radar,0,0,8,0,8,0,0,361,0,361,0,0,369,0,369,307,0,307,676
01/17/2005,EMT,CA,AWP,WE,Towers with Radar,0,0,1,0,1,0,0,232,0,232,0,0,233,0,233,198,0,198,431
01/18/2005,EMT,CA,AWP,WE,Towers with Radar,0,3,7,0,10,0,0,214,0,214,0,3,221,0,224,154,0,154,378
01/19/2005,EMT,CA,AWP,WE,Towers with Radar,0,8,11,0,19,0,1,204,0,205,0,9,215,0,224,195,0,195,419
01/20/2005,EMT,CA,AWP,WE,Towers with Radar,0,5,10,0,15,0,2,198,0,200,0,7,208,0,215,225,0,225,440
01/21/2005,EMT,CA,AWP,WE,Towers with Radar,0,3,11,0,14,0,0,252,0,252,0,3,263,0,266,212,0,212,478
01/22/2005,EMT,CA,AWP,WE,Towers with Radar,0,0,11,0,11,0,0,205,0,205,0,0,216,0,216,296,0,296,512
01/23/2005,EMT,CA,AWP,WE,Towers with Radar,0,0,4,0,4,0,0,282,0,282,0,0,286,0,286,325,0,325,611
01/24/2005,EMT,CA,AWP,WE,Towers with Radar,0,7,4,0,11,0,5,248,0,253,0,12,252,0,264,245,0,245,509
01/25/2005,EMT,CA,AWP,WE,Towers with Radar,0,8,9,0,17,0,3,189,0,192,0,11,198,0,209,188,0,188,397
01/26/2005,EMT,CA,AWP,WE,Towers with Radar,0,12,9,0,21,0,0,76,0,76,0,12,85,0,97,124,0,124,221
01/27/2005,EMT,CA,AWP,WE,Towers with Radar,0,8,20,0,28,0,1,198,0,199,0,9,218,0,227,215,0,215,442
01/28/2005,EMT,CA,AWP,WE,Towers with Radar,0,6,8,0,14,0,0,58,0,58,0,6,66,0,72,102,0,102,174
01/29/2005,EMT,CA,AWP,WE,Towers with Radar,0,0,11,0,11,0,0,265,0,265,0,0,276,0,276,231,0,231,507
01/30/2005,EMT,CA,AWP,WE,Towers with Radar,0,0,13,0,13,0,0,292,0,292,0,0,305,0,305,332,0,332,637
01/31/2005,EMT,CA,AWP,WE,Towers with Radar,0,6,3,0,9,0,6,157,2,165,0,12,160,2,174,164,0,164,338
02/01/2005,EMT,CA,AWP,WE,Towers with Radar,0,6,9,0,15,0,3,181,0,184,0,9,190,0,199,261,0,261,460
02/02/2005,EMT,CA,AWP,WE,Towers with Radar,0,6,5,0,11,0,1,246,0,247,0,7,251,0,258,343,0,343,601
02/03/2005,EMT,CA,AWP,WE,Towers with Radar,0,5,5,0,10,0,4,171,0,175,0,9,176,0,185,255,0,255,440
02/04/2005,EMT,CA,AWP,WE,Towers with Radar,0,5,13,0,18,0,5,257,0,262,0,10,270,0,280,199,0,199,479
02/05/2005,EMT,CA,AWP,WE,Towers with Radar,0,0,8,0,8,0,0,273,0,273,0,0,281,0,281,284,0,284,565
02/06/2005,EMT,CA,AWP,WE,Towers with Radar,0,0,21,0,21,0,0,163,0,163,0,0,184,0,184,253,0,253,437
02/07/2005,EMT,CA,AWP,WE,Towers with Radar,0,7,17,0,24,0,0,190,0,190,0,7,207,0,214,123,0,123,337
02/08/2005,EMT,CA,AWP,WE,Towers with Radar,0,4,13,0,17,0,0,241,0,241,0,4,254,0,258,175,0,175,433
02/09/2005,EMT,CA,AWP,WE,Towers with Radar,0,6,9,0,15,0,7,244,4,255,0,13,253,4,270,347,0,347,617
02/10/2005,EMT,CA,AWP,WE,Towers with Radar,0,5,6,0,11,0,6,207,0,213,0,11,213,0,224,157,0,157,381
02/11/2005,EMT,CA,AWP,WE,Towers with Radar,0,7,7,0,14,0,1,56,0,57,0,8,63,0,71,0,0,0,71
02/12/2005,EMT,CA,AWP,WE,Towers with Radar,0,0,11,0,11,0,0,192,0,192,0,0,203,0,203,266,0,266,469
02/13/2005,EMT,CA,AWP,WE,Towers with Radar,0,0,29,0,29,0,0,244,0,244,0,0,273,0,273,339,0,339,612
02/14/2005,EMT,CA,AWP,WE,Towers with Radar,0,7,12,0,19,0,0,228,0,228,0,7,240,0,247,154,0,154,401
02/15/2005,EMT,CA,AWP,WE,Towers with Radar,0,6,14,0,20,0,2,178,0,180,0,8,192,0,200,235,0,235,435
02/16/2005,EMT,CA,AWP,WE,Towers with Radar,0,6,12,0,18,0,0,243,0,243,0,6,255,0,261,234,0,234,495
02/17/2005,EMT,CA,AWP,WE,Towers with Radar,0,7,11,0,18,0,5,157,0,162,0,12,168,0,180,148,0,148,328
02/18/2005,EMT,CA,AWP,WE,Towers with Radar,0,3,5,0,8,0,0,50,0,50,0,3,55,0,58,30,0,30,88
02/19/2005,EMT,CA,AWP,WE,Towers with Radar,0,0,5,0,5,0,0,99,0,99,0,0,104,0,104,97,0,97,201
02/20/2005,EMT,CA,AWP,WE,Towers with Radar,0,0,10,0,10,0,1,124,0,125,0,1,134,0,135,69,0,69,204
02/21/2005,EMT,CA,AWP,WE,Towers with Radar,0,0,2,0,2,0,0,92,0,92,0,0,94,0,94,16,0,16,110
02/22/2005,EMT,CA,AWP,WE,Towers with Radar,0,1,0,0,1,0,3,53,0,56,0,4,53,0,57,0,0,0,57
02/23/2005,EMT,CA,AWP,WE,Towers with Radar,0,6,7,0,13,0,6,159,0,165,0,12,166,0,178,92,0,92,270
02/24/2005,EMT,CA,AWP,WE,Towers with Radar,0,9,3,0,12,0,0,217,0,217,0,9,220,0,229,157,0,157,386
02/25/2005,EMT,CA,AWP,WE,Towers with Radar,0,3,23,0,26,0,0,144,0,144,0,3,167,0,170,167,0,167,337
02/26/2005,EMT,CA,AWP,WE,Towers with Radar,0,0,24,0,24,0,0,174,0,174,0,0,198,0,198,273,0,273,471
02/27/2005,EMT,CA,AWP,WE,Towers with Radar,0,0,16,0,16,0,1,344,0,345,0,1,360,0,361,319,0,319,680
02/28/2005,EMT,CA,AWP,WE,Towers with Radar,0,8,7,0,15,0,3,235,0,238,0,11,242,0,253,232,0,232,485
03/01/2005,EMT,CA,AWP,WE,Towers with Radar,0,6,15,0,21,0,4,267,0,271,0,10,282,0,292,207,0,207,499
03/02/2005,EMT,CA,AWP,WE,Towers with Radar,0,9,19,0,28,0,2,180,0,182,0,11,199,0,210,184,0,184,394
03/03/2005,EMT,CA,AWP,WE,Towers with Radar,0,10,18,0,28,0,3,203,0,206,0,13,221,0,234,136,0,136,370
03/04/2005,EMT,CA,AWP,WE,Towers with Radar,0,6,9,0,15,0,4,101,1,106,0,10,110,1,121,14,0,14,135
03/05/2005,EMT,CA,AWP,WE,Towers with Radar,0,0,9,0,9,0,0,186,0,186,0,0,195,0,195,321,0,321,516
03/06/2005,EMT,CA,AWP,WE,Towers with Radar,0,0,18,0,18,4,0,321,0,325,4,0,339,0,343,293,0,293,636
03/07/2005,EMT,CA,AWP,WE,Towers with Radar,0,6,8,0,14,0,2,236,0,238,0,8,244,0,252,158,4,162,414
03/08/2005,EMT,CA,AWP,WE,Towers with Radar,0,3,15,0,18,0,0,161,0,161,0,3,176,0,179,108,0,108,287
03/09/2005,EMT,CA,AWP,WE,Towers with Radar,0,6,14,0,20,0,0,162,0,162,0,6,176,0,182,82,0,82,264
03/10/2005,EMT,CA,AWP,WE,Towers with Radar,0,7,10,0,17,0,3,129,0,132,0,10,139,0,149,34,0,34,183
03/11/2005,EMT,CA,AWP,WE,Towers with Radar,0,6,15,0,21,0,3,165,0,168,0,9,180,0,189,116,0,116,305
03/12/2005,EMT,CA,AWP,WE,Towers with Radar,0,0,16,0,16,0,0,139,0,139,0,0,155,0,155,170,0,170,325
03/13/2005,EMT,CA,AWP,WE,Towers with Radar,0,0,43,0,43,0,0,144,0,144,0,0,187,0,187,178,0,178,365
03/14/2005,EMT,CA,AWP,WE,Towers with Radar,0,5,4,0,9,0,5,200,0,205,0,10,204,0,214,171,0,171,385
03/15/2005,EMT,CA,AWP,WE,Towers with Radar,0,5,9,0,14,0,5,294,0,299,0,10,303,0,313,221,0,221,534
03/16/2005,EMT,CA,AWP,WE,Towers with Radar,0,4,13,0,17,0,3,250,0,253,0,7,263,0,270,333,0,333,603
03/17/2005,EMT,CA,AWP,WE,Towers with Radar,0,5,16,0,21,0,10,285,0,295,0,15,301,0,316,259,0,259,575
03/18/2005,EMT,CA,AWP,WE,Towers with Radar,0,5,24,0,29,0,7,128,0,135,0,12,152,0,164,130,0,130,294
03/19/2005,EMT,CA,AWP,WE,Towers with Radar,0,0,24,0,24,0,0,114,0,114,0,0,138,0,138,178,0,178,316
03/20/2005,EMT,CA,AWP,WE,Towers with Radar,0,0,19,0,19,0,0,223,0,223,0,0,242,0,242,159,0,159,401
03/21/2005,EMT,CA,AWP,WE,Towers with Radar,0,5,12,0,17,0,3,255,0,258,0,8,267,0,275,130,30,160,435
03/22/2005,EMT,CA,AWP,WE,Towers with Radar,0,8,5,0,13,0,0,135,0,135,0,8,140,0,148,166,0,166,314
03/23/2005,EMT,CA,AWP,WE,Towers with Radar,0,7,19,0,26,0,2,192,0,194,0,9,211,0,220,153,0,153,373
03/24/2005,EMT,CA,AWP,WE,Towers with Radar,0,7,9,0,16,0,2,150,0,152,0,9,159,0,168,264,0,264,432
03/25/2005,EMT,CA,AWP,WE,Towers with Radar,0,4,14,0,18,0,2,299,0,301,0,6,313,0,319,232,0,232,551
03/26/2005,EMT,CA,AWP,WE,Towers with Radar,0,0,15,0,15,0,0,276,0,276,0,0,291,0,291,110,0,110,401
03/27/2005,EMT,CA,AWP,WE,Towers with Radar,0,0,16,0,16,0,0,225,2,227,0,0,241,2,243,192,0,192,435
03/28/2005,EMT,CA,AWP,WE,Towers with Radar,0,4,3,0,7,0,0,150,4,154,0,4,153,4,161,140,0,140,301
03/29/2005,EMT,CA,AWP,WE,Towers with Radar,0,0,3,0,3,0,0,195,0,195,0,0,198,0,198,262,0,262,460
03/30/2005,EMT,CA,AWP,WE,Towers with Radar,0,6,6,0,12,0,0,188,0,188,0,6,194,0,200,381,0,381,581
03/31/2005,EMT,CA,AWP,WE,Towers with Radar,0,5,3,0,8,0,4,187,1,192,0,9,190,1,200,318,0,318,518
04/01/2005,EMT,CA,AWP,WE,Towers with Radar,0,5,5,0,10,0,6,246,0,252,0,11,251,0,262,280,0,280,542
04/02/2005,EMT,CA,AWP,WE,Towers with Radar,0,0,2,0,2,0,0,232,0,232,0,0,234,0,234,178,0,178,412
04/03/2005,EMT,CA,AWP,WE,Towers with Radar,0,0,12,0,12,0,0,234,0,234,0,0,246,0,246,217,0,217,463
04/04/2005,EMT,CA,AWP,WE,Towers with Radar,0,5,15,0,20,0,0,201,0,201,0,5,216,0,221,127,0,127,348
04/05/2005,EMT,CA,AWP,WE,Towers with Radar,0,4,9,0,13,0,4,221,0,225,0,8,230,0,238,162,0,162,400
04/06/2005,EMT,CA,AWP,WE,Towers with Radar,0,3,9,0,12,0,1,203,0,204,0,4,212,0,216,268,0,268,484
04/07/2005,EMT,CA,AWP,WE,Towers with Radar,0,5,6,0,11,0,0,210,0,210,0,5,216,0,221,143,0,143,364
04/08/2005,EMT,CA,AWP,WE,Towers with Radar,0,9,7,0,16,0,0,221,0,221,0,9,228,0,237,367,0,367,604
04/09/2005,EMT,CA,AWP,WE,Towers with Radar,0,0,6,0,6,0,0,178,0,178,0,0,184,0,184,148,0,148,332
04/10/2005,EMT,CA,AWP,WE,Towers with Radar,0,0,9,0,9,0,0,264,0,264,0,0,273,0,273,219,0,219,492
04/11/2005,EMT,CA,AWP,WE,Towers with Radar,0,5,7,0,12,0,5,264,0,269,0,10,271,0,281,195,0,195,476
04/12/2005,EMT,CA,AWP,WE,Towers with Radar,0,5,13,0,18,0,6,299,0,305,0,11,312,0,323,214,0,214,537
04/13/2005,EMT,CA,AWP,WE,Towers with Radar,0,5,12,0,17,0,8,261,0,269,0,13,273,0,286,233,0,233,519
04/14/2005,EMT,CA,AWP,WE,Towers with Radar,0,5,10,0,15,0,3,254,0,257,0,8,264,0,272,204,0,204,476
04/15/2005,EMT,CA,AWP,WE,Towers with Radar,0,5,4,0,9,0,1,213,0,214,0,6,217,0,223,221,0,221,444
04/16/2005,EMT,CA,AWP,WE,Towers with Radar,0,0,13,0,13,0,0,227,0,227,0,0,240,0,240,213,0,213,453
04/17/2005,EMT,CA,AWP,WE,Towers with Radar,0,0,13,0,13,0,0,203,0,203,0,0,216,0,216,229,0,229,445
04/18/2005,EMT,CA,AWP,WE,Towers with Radar,0,9,21,0,30,0,0,198,0,198,0,9,219,0,228,258,0,258,486
04/19/2005,EMT,CA,AWP,WE,Towers with Radar,0,6,18,0,24,0,1,163,0,164,0,7,181,0,188,82,0,82,270
04/20/2005,EMT,CA,AWP,WE,Towers with Radar,0,4,6,0,10,0,5,224,0,229,0,9,230,0,239,231,0,231,470
04/21/2005,EMT,CA,AWP,WE,Towers with Radar,0,4,12,0,16,0,5,254,0,259,0,9,266,0,275,208,0,208,483
04/22/2005,EMT,CA,AWP,WE,Towers with Radar,0,4,12,0,16,0,3,264,0,267,0,7,276,0,283,246,0,246,529
04/23/2005,EMT,CA,AWP,WE,Towers with Radar,0,0,12,0,12,0,0,144,0,144,0,0,156,0,156,186,0,186,342
04/24/2005,EMT,CA,AWP,WE,Towers with Radar,0,0,25,0,25,0,0,112,0,112,0,0,137,0,137,210,0,210,347
04/25/2005,EMT,CA,AWP,WE,Towers with Radar,2,9,7,0,18,0,2,212,0,214,2,11,219,0,232,127,0,127,359
04/26/2005,EMT,CA,AWP,WE,Towers with Radar,0,7,15,0,22,0,0,248,0,248,0,7,263,0,270,218,0,218,488
04/27/2005,EMT,CA,AWP,WE,Towers with Radar,0,6,13,0,19,0,0,184,4,188,0,6,197,4,207,274,0,274,481
04/28/2005,EMT,CA,AWP,WE,Towers with Radar,0,6,14,0,20,0,2,205,0,207,0,8,219,0,227,188,0,188,415
04/29/2005,EMT,CA,AWP,WE,Towers with Radar,0,6,15,0,21,0,1,198,0,199,0,7,213,0,220,340,0,340,560
04/30/2005,EMT,CA,AWP,WE,Towers with Radar,0,0,11,0,11,0,0,192,0,192,0,0,203,0,203,259,0,259,462
05/01/2005,EMT,CA,AWP,WE,Towers with Radar,0,0,7,0,7,0,1,153,0,154,0,1,160,0,161,312,0,312,473
05/02/2005,EMT,CA,AWP,WE,Towers with Radar,0,5,8,0,13,0,1,233,0,234,0,6,241,0,247,260,0,260,507
05/03/2005,EMT,CA,AWP,WE,Towers with Radar,0,5,6,0,11,0,4,208,0,212,0,9,214,0,223,252,0,252,475
05/04/2005,EMT,CA,AWP,WE,Towers with Radar,0,8,8,0,16,0,0,168,2,170,0,8,176,2,186,278,0,278,464
05/05/2005,EMT,CA,AWP,WE,Towers with Radar,0,7,11,0,18,0,1,120,0,121,0,8,131,0,139,21,0,21,160
05/06/2005,EMT,CA,AWP,WE,Towers with Radar,0,6,12,0,18,0,1,219,0,220,0,7,231,0,238,213,0,213,451
05/07/2005,EMT,CA,AWP,WE,Towers with Radar,0,0,21,0,21,0,0,187,0,187,0,0,208,0,208,103,0,103,311
05/08/2005,EMT,CA,AWP,WE,Towers with Radar,0,0,17,0,17,0,0,240,0,240,0,0,257,0,257,263,0,263,520
05/09/2005,EMT,CA,AWP,WE,Towers with Radar,0,7,13,0,20,0,4,185,0,189,0,11,198,0,209,94,0,94,303
05/10/2005,EMT,CA,AWP,WE,Towers with Radar,0,4,9,0,13,0,7,280,2,289,0,11,289,2,302,232,2,234,536
05/11/2005,EMT,CA,AWP,WE,Towers with Radar,0,5,10,0,15,0,0,259,0,259,0,5,269,0,274,359,0,359,633
05/12/2005,EMT,CA,AWP,WE,Towers with Radar,0,5,20,0,25,0,4,318,0,322,0,9,338,0,347,228,0,228,575
05/13/2005,EMT,CA,AWP,WE,Towers with Radar,0,0,7,0,7,0,0,212,0,212,0,0,219,0,219,154,0,154,373
05/14/2005,EMT,CA,AWP,WE,Towers with Radar,0,0,19,0,19,0,0,216,0,216,0,0,235,0,235,240,0,240,475
05/15/2005,EMT,CA,AWP,WE,Towers with Radar,0,0,8,0,8,0,0,210,0,210,0,0,218,0,218,153,0,153,371
05/16/2005,EMT,CA,AWP,WE,Towers with Radar,0,9,30,0,39,0,0,171,0,171,0,9,201,0,210,205,0,205,415
05/17/2005,EMT,CA,AWP,WE,Towers with Radar,0,5,17,0,22,0,3,236,2,241,0,8,253,2,263,242,0,242,505
05/18/2005,EMT,CA,AWP,WE,Towers with Radar,0,5,14,0,19,0,7,259,0,266,0,12,273,0,285,333,0,333,618
05/19/2005,EMT,CA,AWP,WE,Towers with Radar,0,5,17,0,22,0,3,268,0,271,0,8,285,0,293,198,0,198,491
05/20/2005,EMT,CA,AWP,WE,Towers with Radar,0,3,8,0,11,0,0,203,0,203,0,3,211,0,214,279,0,279,493
05/21/2005,EMT,CA,AWP,WE,Towers with Radar,0,0,13,0,13,0,0,198,0,198,0,0,211,0,211,229,3,232,443
05/22/2005,EMT,CA,AWP,WE,Towers with Radar,0,0,8,0,8,0,0,139,0,139,0,0,147,0,147,220,0,220,367
05/23/2005,EMT,CA,AWP,WE,Towers with Radar,0,6,9,0,15,0,3,217,0,220,0,9,226,0,235,112,0,112,347
05/24/2005,EMT,CA,AWP,WE,Towers with Radar,0,4,19,0,23,0,0,169,2,171,0,4,188,2,194,185,0,185,379
05/25/2005,EMT,CA,AWP,WE,Towers with Radar,0,5,19,0,24,0,0,176,0,176,0,5,195,0,200,158,0,158,358
05/26/2005,EMT,CA,AWP,WE,Towers with Radar,0,7,11,0,18,0,2,150,0,152,0,9,161,0,170,134,0,134,304
05/27/2005,EMT,CA,AWP,WE,Towers with Radar,0,6,22,0,28,0,0,181,0,181,0,6,203,0,209,84,0,84,293
05/28/2005,EMT,CA,AWP,WE,Towers with Radar,0,0,26,0,26,0,0,155,0,155,0,0,181,0,181,274,0,274,455
05/29/2005,EMT,CA,AWP,WE,Towers with Radar,0,0,25,0,25,0,0,98,0,98,0,0,123,0,123,135,0,135,258
05/30/2005,EMT,CA,AWP,WE,Towers with Radar,0,0,19,0,19,0,0,199,0,199,0,0,218,0,218,197,0,197,415
05/31/2005,EMT,CA,AWP,WE,Towers with Radar,0,6,11,0,17,0,2,139,0,141,0,8,150,0,158,167,0,167,325
06/01/2005,EMT,CA,AWP,WE,Towers with Radar,0,5,21,0,26,0,3,113,0,116,0,8,134,0,142,167,0,167,309
06/02/2005,EMT,CA,AWP,WE,Towers with Radar,0,8,33,0,41,0,3,137,0,140,0,11,170,0,181,141,0,141,322
06/03/2005,EMT,CA,AWP,WE,Towers with Radar,0,5,11,0,16,3,3,206,0,212,3,8,217,0,228,205,0,205,433
06/04/2005,EMT,CA,AWP,WE,Towers with Radar,0,0,24,0,24,0,0,140,0,140,0,0,164,0,164,166,0,166,330
06/05/2005,EMT,CA,AWP,WE,Towers with Radar,0,0,30,0,30,0,0,143,0,143,0,0,173,0,173,212,0,212,385
06/06/2005,EMT,CA,AWP,WE,Towers with Radar,0,5,23,0,28,0,3,234,0,237,0,8,257,0,265,209,0,209,474
06/07/2005,EMT,CA,AWP,WE,Towers with Radar,0,4,10,0,14,0,2,269,0,271,0,6,279,0,285,211,0,211,496
06/08/2005,EMT,CA,AWP,WE,Towers with Radar,0,5,5,0,10,0,3,173,1,177,0,8,178,1,187,265,0,265,452
06/09/2005,EMT,CA,AWP,WE,Towers with Radar,0,6,29,0,35,0,2,201,0,203,0,8,230,0,238,265,0,265,503
06/10/2005,EMT,CA,AWP,WE,Towers with Radar,0,5,18,0,23,0,0,147,0,147,0,5,165,0,170,291,0,291,461
06/11/2005,EMT,CA,AWP,WE,Towers with Radar,0,0,37,0,37,0,0,73,0,73,0,0,110,0,110,135,0,135,245
06/12/2005,EMT,CA,AWP,WE,Towers with Radar,0,0,18,0,18,0,0,158,0,158,0,0,176,0,176,255,0,255,431
06/13/2005,EMT,CA,AWP,WE,Towers with Radar,0,5,17,0,22,0,5,212,0,217,0,10,229,0,239,166,0,166,405
06/14/2005,EMT,CA,AWP,WE,Towers with Radar,0,5,14,0,19,0,7,188,0,195,0,12,202,0,214,173,0,173,387
06/15/2005,EMT,CA,AWP,WE,Towers with Radar,0,5,22,0,27,0,1,156,0,157,0,6,178,0,184,266,0,266,450
06/16/2005,EMT,CA,AWP,WE,Towers with Radar,0,1,22,0,23,3,0,129,0,132,3,1,151,0,155,245,0,245,400
06/17/2005,EMT,CA,AWP,WE,Towers with Radar,0,4,23,0,27,1,1,154,0,156,1,5,177,0,183,222,0,222,405
06/18/2005,EMT,CA,AWP,WE,Towers with Radar,0,0,12,0,12,0,0,212,0,212,0,0,224,0,224,208,0,208,432
06/19/2005,EMT,CA,AWP,WE,Towers with Radar,0,0,15,0,15,0,0,177,0,177,0,0,192,0,192,204,0,204,396
06/20/2005,EMT,CA,AWP,WE,Towers with Radar,0,3,8,0,11,0,3,199,0,202,0,6,207,0,213,106,0,106,319
06/21/2005,EMT,CA,AWP,WE,Towers with Radar,0,3,11,0,14,0,4,202,0,206,0,7,213,0,220,202,0,202,422
06/22/2005,EMT,CA,AWP,WE,Towers with Radar,0,4,14,0,18,0,2,216,0,218,0,6,230,0,236,164,0,164,400
06/23/2005,EMT,CA,AWP,WE,Towers with Radar,0,4,12,0,16,0,3,193,0,196,0,7,205,0,212,189,0,189,401
06/24/2005,EMT,CA,AWP,WE,Towers with Radar,0,3,5,0,8,0,5,239,0,244,0,8,244,0,252,203,0,203,455
06/25/2005,EMT,CA,AWP,WE,Towers with Radar,0,0,11,0,11,0,0,199,0,199,0,0,210,0,210,304,0,304,514
06/26/2005,EMT,CA,AWP,WE,Towers with Radar,0,0,5,0,5,0,0,190,0,190,0,0,195,0,195,283,0,283,478
06/27/2005,EMT,CA,AWP,WE,Towers with Radar,0,4,11,0,15,0,5,140,0,145,0,9,151,0,160,148,0,148,308
06/28/2005,EMT,CA,AWP,WE,Towers with Radar,0,4,14,0,18,0,3,185,0,188,0,7,199,0,206,246,0,246,452
06/29/2005,EMT,CA,AWP,WE,Towers with Radar,0,4,12,0,16,0,4,211,0,215,0,8,223,0,231,206,0,206,437
06/30/2005,EMT,CA,AWP,WE,Towers with Radar,0,4,16,0,20,0,5,162,0,167,0,9,178,0,187,266,0,266,453
07/01/2005,EMT,CA,AWP,WE,Towers with Radar,0,3,13,0,16,0,4,134,0,138,0,7,147,0,154,175,0,175,329
07/02/2005,EMT,CA,AWP,WE,Towers with Radar,0,0,8,0,8,0,0,146,0,146,0,0,154,0,154,142,0,142,296
07/03/2005,EMT,CA,AWP,WE,Towers with Radar,0,0,11,0,11,0,0,133,0,133,0,0,144,0,144,173,0,173,317
07/04/2005,EMT,CA,AWP,WE,Towers with Radar,0,0,10,0,10,0,0,156,0,156,0,0,166,0,166,79,0,79,245
07/05/2005,EMT,CA,AWP,WE,Towers with Radar,0,6,19,0,25,0,1,154,0,155,0,7,173,0,180,109,0,109,289
07/06/2005,EMT,CA,AWP,WE,Towers with Radar,0,6,13,0,19,0,2,200,0,202,0,8,213,0,221,222,0,222,443
07/07/2005,EMT,CA,AWP,WE,Towers with Radar,0,3,17,0,20,0,1,167,0,168,0,4,184,0,188,191,0,191,379
07/08/2005,EMT,CA,AWP,WE,Towers with Radar,0,5,7,0,12,0,7,186,0,193,0,12,193,0,205,191,0,191,396
07/09/2005,EMT,CA,AWP,WE,Towers with Radar,0,0,15,0,15,0,2,204,0,206,0,2,219,0,221,156,0,156,377
07/10/2005,EMT,CA,AWP,WE,Towers with Radar,0,0,23,0,23,0,0,200,0,200,0,0,223,0,223,184,0,184,407
07/11/2005,EMT,CA,AWP,WE,Towers with Radar,0,7,14,0,21,0,1,137,0,138,0,8,151,0,159,200,0,200,359
07/12/2005,EMT,CA,AWP,WE,Towers with Radar,0,4,15,0,19,0,6,194,0,200,0,10,209,0,219,217,0,217,436
07/13/2005,EMT,CA,AWP,WE,Towers with Radar,0,4,16,0,20,0,5,216,0,221,0,9,232,0,241,208,0,208,449
07/14/2005,EMT,CA,AWP,WE,Towers with Radar,0,6,11,0,17,0,4,216,0,220,0,10,227,0,237,309,0,309,546
07/15/2005,EMT,CA,AWP,WE,Towers with Radar,0,5,22,0,27,0,0,190,0,190,0,5,212,0,217,273,0,273,490
07/16/2005,EMT,CA,AWP,WE,Towers with Radar,0,0,17,0,17,0,0,147,0,147,0,0,164,0,164,178,0,178,342
07/17/2005,EMT,CA,AWP,WE,Towers with Radar,0,2,16,0,18,0,0,159,0,159,0,2,175,0,177,131,0,131,308
07/18/2005,EMT,CA,AWP,WE,Towers with Radar,0,6,11,0,17,0,5,187,2,194,0,11,198,2,211,288,0,288,499
07/19/2005,EMT,CA,AWP,WE,Towers with Radar,0,3,12,0,15,0,5,200,0,205,0,8,212,0,220,206,0,206,426
07/20/2005,EMT,CA,AWP,WE,Towers with Radar,0,7,15,0,22,0,4,230,0,234,0,11,245,0,256,170,0,170,426
07/21/2005,EMT,CA,AWP,WE,Towers with Radar,0,3,15,0,18,0,6,214,0,220,0,9,229,0,238,208,0,208,446
07/22/2005,EMT,CA,AWP,WE,Towers with Radar,0,1,12,0,13,0,0,195,0,195,0,1,207,0,208,223,0,223,431
07/23/2005,EMT,CA,AWP,WE,Towers with Radar,0,0,13,0,13,0,0,179,0,179,0,0,192,0,192,199,0,199,391
07/24/2005,EMT,CA,AWP,WE,Towers with Radar,0,0,13,0,13,0,0,140,0,140,0,0,153,0,153,121,0,121,274
07/25/2005,EMT,CA,AWP,WE,Towers with Radar,0,5,4,0,9,0,7,184,0,191,0,12,188,0,200,154,0,154,354
07/26/2005,EMT,CA,AWP,WE,Towers with Radar,0,4,9,0,13,0,0,225,0,225,0,4,234,0,238,195,0,195,433
07/27/2005,EMT,CA,AWP,WE,Towers with Radar,0,3,12,0,15,0,6,214,0,220,0,9,226,0,235,278,0,278,513
07/28/2005,EMT,CA,AWP,WE,Towers with Radar,0,1,10,0,11,0,0,198,0,198,0,1,208,0,209,268,0,268,477
07/29/2005,EMT,CA,AWP,WE,Towers with Radar,0,2,8,0,10,0,9,233,0,242,0,11,241,0,252,243,0,243,495
07/30/2005,EMT,CA,AWP,WE,Towers with Radar,0,0,16,0,16,0,0,231,0,231,0,0,247,0,247,198,0,198,445
07/31/2005,EMT,CA,AWP,WE,Towers with Radar,0,0,5,0,5,0,0,182,0,182,0,0,187,0,187,186,0,186,373
08/01/2005,EMT,CA,AWP,WE,Towers with Radar,0,5,6,0,11,0,5,167,0,172,0,10,173,0,183,214,0,214,397
08/02/2005,EMT,CA,AWP,WE,Towers with Radar,0,5,12,0,17,1,4,176,0,181,1,9,188,0,198,142,0,142,340
08/03/2005,EMT,CA,AWP,WE,Towers with Radar,0,5,16,0,21,0,2,215,1,218,0,7,231,1,239,177,0,177,416
08/04/2005,EMT,CA,AWP,WE,Towers with Radar,0,6,10,0,16,0,0,217,0,217,0,6,227,0,233,185,0,185,418
08/05/2005,EMT,CA,AWP,WE,Towers with Radar,0,5,9,0,14,0,0,213,0,213,0,5,222,0,227,194,0,194,421
08/06/2005,EMT,CA,AWP,WE,Towers with Radar,0,0,12,0,12,0,0,178,0,178,0,0,190,0,190,216,0,216,406
08/07/2005,EMT,CA,AWP,WE,Towers with Radar,0,0,6,0,6,0,0,168,0,168,0,0,174,0,174,171,0,171,345
08/08/2005,EMT,CA,AWP,WE,Towers with Radar,0,2,4,0,6,0,7,189,0,196,0,9,193,0,202,123,0,123,325
08/09/2005,EMT,CA,AWP,WE,Towers with Radar,0,2,13,0,15,0,6,210,0,216,0,8,223,0,231,187,0,187,418
08/10/2005,EMT,CA,AWP,WE,Towers with Radar,0,4,3,0,7,0,2,191,0,193,0,6,194,0,200,201,0,201,401
08/11/2005,EMT,CA,AWP,WE,Towers with Radar,0,5,11,0,16,0,1,181,0,182,0,6,192,0,198,243,0,243,441
08/12/2005,EMT,CA,AWP,WE,Towers with Radar,0,6,9,0,15,0,0,190,0,190,0,6,199,0,205,160,0,160,365
08/13/2005,EMT,CA,AWP,WE,Towers with Radar,0,0,17,0,17,0,0,109,0,109,0,0,126,0,126,157,0,157,283
08/14/2005,EMT,CA,AWP,WE,Towers with Radar,0,0,15,0,15,0,0,166,0,166,0,0,181,0,181,166,0,166,347
08/15/2005,EMT,CA,AWP,WE,Towers with Radar,0,5,15,0,20,2,5,172,0,179,2,10,187,0,199,163,0,163,362
08/16/2005,EMT,CA,AWP,WE,Towers with Radar,0,5,11,0,16,0,2,167,0,169,0,7,178,0,185,336,0,336,521
08/17/2005,EMT,CA,AWP,WE,Towers with Radar,0,4,13,0,17,0,3,214,0,217,0,7,227,0,234,257,0,257,491
08/18/2005,EMT,CA,AWP,WE,Towers with Radar,0,5,15,0,20,0,3,185,0,188,0,8,200,0,208,208,0,208,416
08/19/2005,EMT,CA,AWP,WE,Towers with Radar,0,2,9,0,11,0,3,234,0,237,0,5,243,0,248,242,0,242,490
08/20/2005,EMT,CA,AWP,WE,Towers with Radar,0,0,10,0,10,0,0,150,0,150,0,0,160,0,160,222,0,222,382
08/21/2005,EMT,CA,AWP,WE,Towers with Radar,0,0,14,0,14,0,0,182,0,182,0,0,196,0,196,209,0,209,405
08/22/2005,EMT,CA,AWP,WE,Towers with Radar,0,4,10,0,14,0,8,182,0,190,0,12,192,0,204,218,0,218,422
08/23/2005,EMT,CA,AWP,WE,Towers with Radar,0,5,14,0,19,0,3,180,0,183,0,8,194,0,202,153,0,153,355
08/24/2005,EMT,CA,AWP,WE,Towers with Radar,0,4,13,0,17,0,3,187,0,190,0,7,200,0,207,269,0,269,476
08/25/2005,EMT,CA,AWP,WE,Towers with Radar,0,4,14,0,18,0,5,202,0,207,0,9,216,0,225,268,0,268,493
08/26/2005,EMT,CA,AWP,WE,Towers with Radar,0,4,8,0,12,0,5,227,0,232,0,9,235,0,244,225,0,225,469
08/27/2005,EMT,CA,AWP,WE,Towers with Radar,0,0,8,0,8,0,0,201,0,201,0,0,209,0,209,179,0,179,388
08/28/2005,EMT,CA,AWP,WE,Towers with Radar,0,0,8,0,8,0,0,195,0,195,0,0,203,0,203,147,0,147,350
08/29/2005,EMT,CA,AWP,WE,Towers with Radar,0,2,10,0,12,0,5,120,4,129,0,7,130,4,141,37,0,37,178
08/30/2005,EMT,CA,AWP,WE,Towers with Radar,0,6,7,0,13,0,3,210,0,213,0,9,217,0,226,116,0,116,342
08/31/2005,EMT,CA,AWP,WE,Towers with Radar,0,5,2,0,7,0,1,193,0,194,0,6,195,0,201,155,0,155,356
09/01/2005,EMT,CA,AWP,WE,Towers with Radar,0,4,11,0,15,0,5,186,0,191,0,9,197,0,206,161,0,161,367
09/02/2005,EMT,CA,AWP,WE,Towers with Radar,0,5,4,0,9,0,2,209,0,211,0,7,213,0,220,212,0,212,432
09/03/2005,EMT,CA,AWP,WE,Towers with Radar,0,0,11,0,11,0,0,212,0,212,0,0,223,0,223,148,0,148,371
09/04/2005,EMT,CA,AWP,WE,Towers with Radar,0,0,7,0,7,0,0,238,0,238,0,0,245,0,245,295,0,295,540
09/05/2005,EMT,CA,AWP,WE,Towers with Radar,0,0,7,0,7,0,0,223,0,223,0,0,230,0,230,256,0,256,486
09/06/2005,EMT,CA,AWP,WE,Towers with Radar,0,3,6,0,9,0,5,202,0,207,0,8,208,0,216,176,0,176,392
09/07/2005,EMT,CA,AWP,WE,Towers with Radar,0,5,8,0,13,0,7,221,0,228,0,12,229,0,241,250,0,250,491
09/08/2005,EMT,CA,AWP,WE,Towers with Radar,0,1,9,0,10,0,0,205,0,205,0,1,214,0,215,185,0,185,400
09/09/2005,EMT,CA,AWP,WE,Towers with Radar,0,6,20,0,26,0,4,135,1,140,0,10,155,1,166,297,0,297,463
09/10/2005,EMT,CA,AWP,WE,Towers with Radar,0,0,10,0,10,0,0,172,2,174,0,0,182,2,184,209,0,209,393
09/11/2005,EMT,CA,AWP,WE,Towers with Radar,0,0,16,0,16,0,0,144,0,144,0,0,160,0,160,264,0,264,424
09/12/2005,EMT,CA,AWP,WE,Towers with Radar,0,4,5,0,9,0,2,129,0,131,0,6,134,0,140,237,1,238,378
09/13/2005,EMT,CA,AWP,WE,Towers with Radar,0,8,10,0,18,0,1,161,0,162,0,9,171,0,180,225,0,225,405
09/14/2005,EMT,CA,AWP,WE,Towers with Radar,0,6,15,0,21,0,4,166,0,170,0,10,181,0,191,237,0,237,428
09/15/2005,EMT,CA,AWP,WE,Towers with Radar,0,4,7,0,11,0,1,181,0,182,0,5,188,0,193,265,0,265,458
09/16/2005,EMT,CA,AWP,WE,Towers with Radar,0,4,8,0,12,0,5,188,0,193,0,9,196,0,205,179,0,179,384
09/17/2005,EMT,CA,AWP,WE,Towers with Radar,0,0,5,0,5,0,0,177,0,177,0,0,182,0,182,235,0,235,417
09/18/2005,EMT,CA,AWP,WE,Towers with Radar,0,0,12,0,12,0,0,153,0,153,0,0,165,0,165,105,0,105,270
09/19/2005,EMT,CA,AWP,WE,Towers with Radar,0,7,9,0,16,1,2,167,0,170,1,9,176,0,186,186,0,186,372
09/20/2005,EMT,CA,AWP,WE,Towers with Radar,0,4,7,0,11,0,5,112,0,117,0,9,119,0,128,70,0,70,198
09/21/2005,EMT,CA,AWP,WE,Towers with Radar,0,4,8,0,12,0,3,204,0,207,0,7,212,0,219,256,0,256,475
09/22/2005,EMT,CA,AWP,WE,Towers with Radar,0,4,4,0,8,0,9,216,0,225,0,13,220,0,233,261,0,261,494
09/23/2005,EMT,CA,AWP,WE,Towers with Radar,0,6,11,0,17,0,2,164,0,166,0,8,175,0,183,167,0,167,350
09/24/2005,EMT,CA,AWP,WE,Towers with Radar,0,0,18,0,18,0,0,117,0,117,0,0,135,0,135,202,0,202,337
09/25/2005,EMT,CA,AWP,WE,Towers with Radar,0,0,11,0,11,0,0,197,0,197,0,0,208,0,208,217,0,217,425
09/26/2005,EMT,CA,AWP,WE,Towers with Radar,0,4,2,0,6,0,6,149,0,155,0,10,151,0,161,268,0,268,429
09/27/2005,EMT,CA,AWP,WE,Towers with Radar,0,4,9,0,13,0,9,189,0,198,0,13,198,0,211,196,0,196,407
09/28/2005,EMT,CA,AWP,WE,Towers with Radar,0,4,5,0,9,0,4,157,0,161,0,8,162,0,170,254,0,254,424
09/29/2005,EMT,CA,AWP,WE,Towers with Radar,0,4,4,0,8,0,6,171,0,177,0,10,175,0,185,116,0,116,301
09/30/2005,EMT,CA,AWP,WE,Towers with Radar,0,5,12,0,17,0,0,237,0,237,0,5,249,0,254,237,0,237,491
10/01/2005,EMT,CA,AWP,WE,Towers with Radar,0,0,12,0,12,0,0,201,1,202,0,0,213,1,214,219,0,219,433
10/02/2005,EMT,CA,AWP,WE,Towers with Radar,0,0,15,0,15,0,0,217,0,217,0,0,232,0,232,167,0,167,399
10/03/2005,EMT,CA,AWP,WE,Towers with Radar,0,6,10,0,16,0,5,150,0,155,0,11,160,0,171,171,0,171,342
10/04/2005,EMT,CA,AWP,WE,Towers with Radar,0,5,9,0,14,0,3,232,0,235,0,8,241,0,249,214,0,214,463
10/05/2005,EMT,CA,AWP,WE,Towers with Radar,0,3,5,0,8,0,7,214,0,221,0,10,219,0,229,180,0,180,409
10/06/2005,EMT,CA,AWP,WE,Towers with Radar,0,6,7,0,13,0,3,205,0,208,0,9,212,0,221,180,0,180,401
10/07/2005,EMT,CA,AWP,WE,Towers with Radar,0,3,7,0,10,0,5,229,0,234,0,8,236,0,244,153,0,153,397
10/08/2005,EMT,CA,AWP,WE,Towers with Radar,0,0,20,0,20,0,0,180,0,180,0,0,200,0,200,252,0,252,452
10/09/2005,EMT,CA,AWP,WE,Towers with Radar,0,0,13,0,13,0,0,201,0,201,0,0,214,0,214,209,0,209,423
10/10/2005,EMT,CA,AWP,WE,Towers with Radar,0,0,5,0,5,0,0,164,0,164,0,0,169,0,169,273,1,274,443
10/11/2005,EMT,CA,AWP,WE,Towers with Radar,0,3,11,0,14,0,7,179,0,186,0,10,190,0,200,103,0,103,303
10/12/2005,EMT,CA,AWP,WE,Towers with Radar,0,3,10,0,13,0,5,179,0,184,0,8,189,0,197,90,0,90,287
10/13/2005,EMT,CA,AWP,WE,Towers with Radar,0,5,9,0,14,0,3,225,0,228,0,8,234,0,242,236,0,236,478
10/14/2005,EMT,CA,AWP,WE,Towers with Radar,0,5,21,0,26,0,3,198,0,201,0,8,219,0,227,259,0,259,486
10/15/2005,EMT,CA,AWP,WE,Towers with Radar,0,0,16,0,16,0,0,244,0,244,0,0,260,0,260,241,0,241,501
10/16/2005,EMT,CA,AWP,WE,Towers with Radar,0,0,5,0,5,0,0,178,0,178,0,0,183,0,183,263,0,263,446
10/17/2005,EMT,CA,AWP,WE,Towers with Radar,0,2,1,0,3,0,0,67,0,67,0,2,68,0,70,18,0,18,88
10/18/2005,EMT,CA,AWP,WE,Towers with Radar,0,7,9,0,16,0,0,74,0,74,0,7,83,0,90,68,0,68,158
10/19/2005,EMT,CA,AWP,WE,Towers with Radar,0,9,5,0,14,0,0,142,0,142,0,9,147,0,156,156,0,156,312
10/20/2005,EMT,CA,AWP,WE,Towers with Radar,0,5,12,0,17,0,3,154,1,158,0,8,166,1,175,197,0,197,372
10/21/2005,EMT,CA,AWP,WE,Towers with Radar,0,8,15,0,23,0,0,67,0,67,0,8,82,0,90,3,0,3,93
10/22/2005,EMT,CA,AWP,WE,Towers with Radar,0,0,25,0,25,0,0,31,0,31,0,0,56,0,56,3,0,3,59
10/23/2005,EMT,CA,AWP,WE,Towers with Radar,0,0,16,0,16,0,0,98,0,98,0,0,114,0,114,86,0,86,200
10/24/2005,EMT,CA,AWP,WE,Towers with Radar,0,6,19,0,25,0,0,97,0,97,0,6,116,0,122,54,0,54,176
10/25/2005,EMT,CA,AWP,WE,Towers with Radar,0,7,21,0,28,0,4,159,0,163,0,11,180,0,191,253,0,253,444
10/26/2005,EMT,CA,AWP,WE,Towers with Radar,0,5,30,0,35,0,0,117,0,117,0,5,147,0,152,180,0,180,332
10/27/2005,EMT,CA,AWP,WE,Towers with Radar,0,9,43,0,52,0,0,125,0,125,0,9,168,0,177,124,0,124,301
10/28/2005,EMT,CA,AWP,WE,Towers with Radar,0,4,22,0,26,0,4,181,0,185,0,8,203,0,211,167,0,167,378
10/29/2005,EMT,CA,AWP,WE,Towers with Radar,0,0,10,0,10,0,0,249,0,249,0,0,259,0,259,279,0,279,538
10/30/2005,EMT,CA,AWP,WE,Towers with Radar,0,0,14,0,14,0,0,258,0,258,0,0,272,0,272,332,0,332,604
10/31/2005,EMT,CA,AWP,WE,Towers with Radar,0,4,7,0,11,0,4,198,0,202,0,8,205,0,213,243,0,243,456
11/01/2005,EMT,CA,AWP,WE,Towers with Radar,0,4,4,0,8,0,0,219,0,219,0,4,223,0,227,271,0,271,498
11/02/2005,EMT,CA,AWP,WE,Towers with Radar,0,5,14,0,19,0,2,222,0,224,0,7,236,0,243,243,0,243,486
11/03/2005,EMT,CA,AWP,WE,Towers with Radar,0,7,15,0,22,0,4,206,0,210,0,11,221,0,232,331,0,331,563
11/04/2005,EMT,CA,AWP,WE,Towers with Radar,0,7,26,0,33,0,0,211,0,211,0,7,237,0,244,290,0,290,534
11/05/2005,EMT,CA,AWP,WE,Towers with Radar,0,0,11,0,11,0,0,208,0,208,0,0,219,0,219,292,0,292,511
11/06/2005,EMT,CA,AWP,WE,Towers with Radar,0,1,8,0,9,0,0,214,0,214,0,1,222,0,223,335,0,335,558
11/07/2005,EMT,CA,AWP,WE,Towers with Radar,0,3,4,0,7,0,6,149,0,155,0,9,153,0,162,174,0,174,336
11/08/2005,EMT,CA,AWP,WE,Towers with Radar,0,3,11,0,14,0,0,157,0,157,0,3,168,0,171,314,0,314,485
11/09/2005,EMT,CA,AWP,WE,Towers with Radar,0,1,22,0,23,0,0,144,0,144,0,1,166,0,167,120,0,120,287
11/10/2005,EMT,CA,AWP,WE,Towers with Radar,0,7,12,1,20,0,0,123,1,124,0,7,135,2,144,201,0,201,345
11/11/2005,EMT,CA,AWP,WE,Towers with Radar,0,0,17,0,17,0,0,240,0,240,0,0,257,0,257,418,0,418,675
11/12/2005,EMT,CA,AWP,WE,Towers with Radar,0,0,15,0,15,0,0,209,0,209,0,0,224,0,224,261,0,261,485
11/13/2005,EMT,CA,AWP,WE,Towers with Radar,0,0,10,0,10,0,0,266,0,266,0,0,276,0,276,252,0,252,528
11/14/2005,EMT,CA,AWP,WE,Towers with Radar,0,5,15,0,20,0,3,209,0,212,0,8,224,0,232,152,0,152,384
11/15/2005,EMT,CA,AWP,WE,Towers with Radar,0,5,5,0,10,0,3,195,0,198,0,8,200,0,208,325,0,325,533
11/16/2005,EMT,CA,AWP,WE,Towers with Radar,0,0,13,0,13,0,0,299,0,299,0,0,312,0,312,373,0,373,685
11/17/2005,EMT,CA,AWP,WE,Towers with Radar,0,5,6,0,11,0,1,251,0,252,0,6,257,0,263,340,0,340,603
11/18/2005,EMT,CA,AWP,WE,Towers with Radar,0,4,11,0,15,0,0,217,0,217,0,4,228,0,232,301,0,301,533
11/19/2005,EMT,CA,AWP,WE,Towers with Radar,0,0,9,0,9,0,0,256,0,256,0,0,265,0,265,165,0,165,430
11/20/2005,EMT,CA,AWP,WE,Towers with Radar,0,0,13,0,13,0,0,233,0,233,0,0,246,0,246,229,0,229,475
11/21/2005,EMT,CA,AWP,WE,Towers with Radar,0,4,10,0,14,0,3,244,0,247,0,7,254,0,261,304,0,304,565
11/22/2005,EMT,CA,AWP,WE,Towers with Radar,0,5,6,0,11,0,3,234,2,239,0,8,240,2,250,250,0,250,500
11/23/2005,EMT,CA,AWP,WE,Towers with Radar,0,5,6,0,11,0,3,224,0,227,0,8,230,0,238,215,0,215,453
11/24/2005,EMT,CA,AWP,WE,Towers with Radar,0,0,2,0,2,0,0,134,0,134,0,0,136,0,136,47,0,47,183
11/25/2005,EMT,CA,AWP,WE,Towers with Radar,0,0,10,0,10,0,0,111,0,111,0,0,121,0,121,52,0,52,173
11/26/2005,EMT,CA,AWP,WE,Towers with Radar,0,0,10,0,10,0,0,128,0,128,0,0,138,0,138,95,0,95,233
11/27/2005,EMT,CA,AWP,WE,Towers with Radar,0,0,11,0,11,0,0,266,0,266,0,0,277,0,277,291,0,291,568
11/28/2005,EMT,CA,AWP,WE,Towers with Radar,0,5,5,0,10,0,3,178,0,181,0,8,183,0,191,210,0,210,401
11/29/2005,EMT,CA,AWP,WE,Towers with Radar,0,2,1,0,3,0,0,194,0,194,0,2,195,0,197,213,0,213,410
11/30/2005,EMT,CA,AWP,WE,Towers with Radar,0,1,11,0,12,0,0,245,0,245,0,1,256,0,257,296,0,296,553
12/01/2005,EMT,CA,AWP,WE,Towers with Radar,0,5,11,0,16,0,0,189,0,189,0,5,200,0,205,136,0,136,341
12/02/2005,EMT,CA,AWP,WE,Towers with Radar,0,7,13,0,20,0,0,67,0,67,0,7,80,0,87,149,0,149,236
12/03/2005,EMT,CA,AWP,WE,Towers with Radar,0,0,13,0,13,0,0,181,0,181,0,0,194,0,194,226,0,226,420
12/04/2005,EMT,CA,AWP,WE,Towers with Radar,0,0,7,0,7,0,0,216,0,216,0,0,223,0,223,291,0,291,514
12/05/2005,EMT,CA,AWP,WE,Towers with Radar,0,4,12,0,16,0,4,213,2,219,0,8,225,2,235,203,0,203,438
12/06/2005,EMT,CA,AWP,WE,Towers with Radar,0,1,7,0,8,0,0,204,0,204,0,1,211,0,212,324,0,324,536
12/07/2005,EMT,CA,AWP,WE,Towers with Radar,0,1,11,0,12,0,0,234,0,234,0,1,245,0,246,196,0,196,442
12/08/2005,EMT,CA,AWP,WE,Towers with Radar,0,6,8,0,14,0,3,172,0,175,0,9,180,0,189,108,0,108,297
12/09/2005,EMT,CA,AWP,WE,Towers with Radar,0,4,6,0,10,0,5,187,0,192,0,9,193,0,202,170,0,170,372
12/10/2005,EMT,CA,AWP,WE,Towers with Radar,0,0,11,0,11,0,0,225,0,225,0,0,236,0,236,187,0,187,423
12/11/2005,EMT,CA,AWP,WE,Towers with Radar,0,0,8,0,8,0,0,216,0,216,0,0,224,0,224,185,0,185,409
12/12/2005,EMT,CA,AWP,WE,Towers with Radar,0,5,8,0,13,0,7,206,0,213,0,12,214,0,226,212,0,212,438
12/13/2005,EMT,CA,AWP,WE,Towers with Radar,0,6,11,0,17,0,3,153,2,158,0,9,164,2,175,207,0,207,382
12/14/2005,EMT,CA,AWP,WE,Towers with Radar,0,4,14,0,18,0,0,189,0,189,0,4,203,0,207,184,0,184,391
12/15/2005,EMT,CA,AWP,WE,Towers with Radar,0,7,19,0,26,0,0,138,0,138,0,7,157,0,164,142,0,142,306
12/16/2005,EMT,CA,AWP,WE,Towers with Radar,0,1,8,0,9,0,0,154,0,154,0,1,162,0,163,220,0,220,383
12/17/2005,EMT,CA,AWP,WE,Towers with Radar,0,0,13,0,13,0,0,138,1,139,0,0,151,1,152,239,0,239,391
12/18/2005,EMT,CA,AWP,WE,Towers with Radar,0,0,11,0,11,0,0,114,0,114,0,0,125,0,125,242,0,242,367
12/19/2005,EMT,CA,AWP,WE,Towers with Radar,0,5,6,0,11,0,4,176,0,180,0,9,182,0,191,227,0,227,418
12/20/2005,EMT,CA,AWP,WE,Towers with Radar,0,5,11,0,16,0,2,206,0,208,0,7,217,0,224,200,0,200,424
12/21/2005,EMT,CA,AWP,WE,Towers with Radar,0,5,12,0,17,0,3,177,0,180,0,8,189,0,197,209,0,209,406
12/22/2005,EMT,CA,AWP,WE,Towers with Radar,0,5,12,0,17,0,1,224,0,225,0,6,236,0,242,150,0,150,392
12/23/2005,EMT,CA,AWP,WE,Towers with Radar,0,5,13,0,18,0,0,170,0,170,0,5,183,0,188,196,0,196,384
12/24/2005,EMT,CA,AWP,WE,Towers with Radar,0,0,13,0,13,0,0,206,0,206,0,0,219,0,219,134,0,134,353
12/25/2005,EMT,CA,AWP,WE,Towers with Radar,0,0,7,0,7,0,0,79,0,79,0,0,86,0,86,44,0,44,130
12/26/2005,EMT,CA,AWP,WE,Towers with Radar,0,0,5,0,5,2,0,40,0,42,2,0,45,0,47,107,0,107,154
12/27/2005,EMT,CA,AWP,WE,Towers with Radar,0,6,13,0,19,0,2,169,0,171,0,8,182,0,190,331,0,331,521
12/28/2005,EMT,CA,AWP,WE,Towers with Radar,0,5,15,0,20,0,0,197,0,197,0,5,212,0,217,198,0,198,415
12/29/2005,EMT,CA,AWP,WE,Towers with Radar,0,9,9,0,18,0,0,178,0,178,0,9,187,0,196,266,0,266,462
12/30/2005,EMT,CA,AWP,WE,Towers with Radar,0,4,16,0,20,0,7,171,0,178,0,11,187,0,198,243,0,243,441
12/31/2005,EMT,CA,AWP,WE,Towers with Radar,0,0,12,0,12,0,0,31,0,31,0,0,43,0,43,0,0,0,43
01/01/2006,EMT,CA,AWP,WE,Towers with Radar,0,0,7,0,7,0,0,63,0,63,0,0,70,0,70,162,0,162,232
01/02/2006,EMT,CA,AWP,WE,Towers with Radar,0,5,8,0,13,0,6,172,0,178,0,11,180,0,191,160,0,160,351
01/03/2006,EMT,CA,AWP,WE,Towers with Radar,0,8,5,0,13,0,3,175,0,178,0,11,180,0,191,160,0,160,351
01/04/2006,EMT,CA,AWP,WE,Towers with Radar,0,1,15,0,16,0,0,234,0,234,0,1,249,0,250,181,0,181,431
01/05/2006,EMT,CA,AWP,WE,Towers with Radar,0,5,11,0,16,0,2,186,0,188,0,7,197,0,204,220,0,220,424
01/06/2006,EMT,CA,AWP,WE,Towers with Radar,0,4,12,0,16,0,4,231,0,235,0,8,243,0,251,145,0,145,396
01/07/2006,EMT,CA,AWP,WE,Towers with Radar,0,0,14,0,14,0,0,230,0,230,0,0,244,0,244,174,0,174,418
01/08/2006,EMT,CA,AWP,WE,Towers with Radar,0,0,17,0,17,0,0,248,0,248,0,0,265,0,265,273,0,273,538
01/09/2006,EMT,CA,AWP,WE,Towers with Radar,0,5,4,0,9,0,4,140,0,144,0,9,144,0,153,105,0,105,258
01/10/2006,EMT,CA,AWP,WE,Towers with Radar,0,3,8,0,11,0,0,181,0,181,0,3,189,0,192,178,0,178,370
01/11/2006,EMT,CA,AWP,WE,Towers with Radar,0,5,7,0,12,0,3,207,0,210,0,8,214,0,222,184,0,184,406
01/12/2006,EMT,CA,AWP,WE,Towers with Radar,0,6,11,0,17,0,6,178,0,184,0,12,189,0,201,184,0,184,385
01/13/2006,EMT,CA,AWP,WE,Towers with Radar,0,6,23,0,29,0,6,202,0,208,0,12,225,0,237,195,0,195,432
01/14/2006,EMT,CA,AWP,WE,Towers with Radar,0,0,3,0,3,0,0,59,0,59,0,0,62,0,62,75,0,75,137
01/15/2006,EMT,CA,AWP,WE,Towers with Radar,0,0,5,0,5,0,0,176,0,176,0,0,181,0,181,219,0,219,400
01/16/2006,EMT,CA,AWP,WE,Towers with Radar,0,0,12,0,12,0,0,182,0,182,0,0,194,0,194,199,0,199,393
01/17/2006,EMT,CA,AWP,WE,Towers with Radar,0,5,10,0,15,0,1,199,0,200,0,6,209,0,215,178,0,178,393
01/18/2006,EMT,CA,AWP,WE,Towers with Radar,0,7,15,0,22,0,3,201,0,204,0,10,216,0,226,260,0,260,486
01/19/2006,EMT,CA,AWP,WE,Towers with Radar,0,5,17,0,22,0,1,175,0,176,0,6,192,0,198,132,0,132,330
01/20/2006,EMT,CA,AWP,WE,Towers with Radar,0,5,7,0,12,0,5,236,0,241,0,10,243,0,253,204,0,204,457
01/21/2006,EMT,CA,AWP,WE,Towers with Radar,0,0,15,0,15,0,0,252,2,254,0,0,267,2,269,269,0,269,538
01/22/2006,EMT,CA,AWP,WE,Towers with Radar,0,0,4,0,4,0,0,231,0,231,0,0,235,0,235,170,0,170,405
01/23/2006,EMT,CA,AWP,WE,Towers with Radar,0,1,8,0,9,0,3,8,0,11,0,4,16,0,20,0,0,0,20
01/24/2006,EMT,CA,AWP,WE,Towers with Radar,0,5,5,0,10,0,0,168,0,168,0,5,173,0,178,154,0,154,332
01/25/2006,EMT,CA,AWP,WE,Towers with Radar,0,6,11,0,17,0,0,201,0,201,0,6,212,0,218,183,0,183,401
01/26/2006,EMT,CA,AWP,WE,Towers with Radar,0,5,13,0,18,0,0,192,0,192,0,5,205,0,210,190,0,190,400
01/27/2006,EMT,CA,AWP,WE,Towers with Radar,0,5,10,0,15,0,4,146,0,150,0,9,156,0,165,243,0,243,408
01/28/2006,EMT,CA,AWP,WE,Towers with Radar,0,0,12,0,12,0,0,216,0,216,0,0,228,0,228,257,0,257,485
01/29/2006,EMT,CA,AWP,WE,Towers with Radar,0,0,19,0,19,0,0,222,0,222,0,0,241,0,241,187,0,187,428
01/30/2006,EMT,CA,AWP,WE,Towers with Radar,0,6,6,0,12,0,3,157,0,160,0,9,163,0,172,170,0,170,342
01/31/2006,EMT,CA,AWP,WE,Towers with Radar,0,3,6,0,9,0,5,113,0,118,0,8,119,0,127,141,0,141,268
02/01/2006,EMT,CA,AWP,WE,Towers with Radar,0,4,15,0,19,0,0,202,0,202,0,4,217,0,221,156,0,156,377
02/02/2006,EMT,CA,AWP,WE,Towers with Radar,0,5,3,0,8,0,1,195,0,196,0,6,198,0,204,101,0,101,305
02/03/2006,EMT,CA,AWP,WE,Towers with Radar,0,7,10,0,17,0,2,215,0,217,0,9,225,0,234,185,0,185,419
02/04/2006,EMT,CA,AWP,WE,Towers with Radar,0,0,12,0,12,0,0,137,0,137,0,0,149,0,149,97,0,97,246
02/05/2006,EMT,CA,AWP,WE,Towers with Radar,0,0,5,0,5,0,0,154,0,154,0,0,159,0,159,159,0,159,318
02/06/2006,EMT,CA,AWP,WE,Towers with Radar,0,4,12,0,16,0,3,164,0,167,0,7,176,0,183,225,0,225,408
02/07/2006,EMT,CA,AWP,WE,Towers with Radar,0,4,14,0,18,0,0,200,0,200,0,4,214,0,218,263,0,263,481
02/08/2006,EMT,CA,AWP,WE,Towers with Radar,0,3,11,0,14,0,1,200,0,201,0,4,211,0,215,161,0,161,376
02/09/2006,EMT,CA,AWP,WE,Towers with Radar,0,3,9,0,12,0,6,202,0,208,0,9,211,0,220,170,0,170,390
02/10/2006,EMT,CA,AWP,WE,Towers with Radar,0,1,7,0,8,0,0,213,0,213,0,1,220,0,221,92,0,92,313
02/11/2006,EMT,CA,AWP,WE,Towers with Radar,0,0,8,0,8,0,0,148,1,149,0,0,156,1,157,176,0,176,333
02/12/2006,EMT,CA,AWP,WE,Towers with Radar,0,0,13,0,13,0,0,294,0,294,0,0,307,0,307,238,0,238,545
02/13/2006,EMT,CA,AWP,WE,Towers with Radar,0,4,4,0,8,0,4,176,0,180,0,8,180,0,188,106,0,106,294
02/14/2006,EMT,CA,AWP,WE,Towers with Radar,0,2,14,0,16,0,0,203,4,207,0,2,217,4,223,226,0,226,449
02/15/2006,EMT,CA,AWP,WE,Towers with Radar,0,3,10,0,13,0,5,214,0,219,0,8,224,0,232,234,0,234,466
02/16/2006,EMT,CA,AWP,WE,Towers with Radar,0,4,11,0,15,0,1,235,0,236,0,5,246,0,251,162,0,162,413
02/17/2006,EMT,CA,AWP,WE,Towers with Radar,0,2,15,0,17,0,0,173,0,173,0,2,188,0,190,112,0,112,302
02/18/2006,EMT,CA,AWP,WE,Towers with Radar,0,0,6,0,6,0,0,127,0,127,0,0,133,0,133,188,0,188,321
02/19/2006,EMT,CA,AWP,WE,Towers with Radar,0,0,5,0,5,0,0,148,0,148,0,0,153,0,153,266,0,266,419
02/20/2006,EMT,CA,AWP,WE,Towers with Radar,0,0,9,0,9,0,0,179,0,179,0,0,188,0,188,216,0,216,404
02/21/2006,EMT,CA,AWP,WE,Towers with Radar,0,4,6,0,10,0,3,181,0,184,0,7,187,0,194,124,0,124,318
02/22/2006,EMT,CA,AWP,WE,Towers with Radar,0,4,4,0,8,0,3,190,0,193,0,7,194,0,201,130,0,130,331
02/23/2006,EMT,CA,AWP,WE,Towers with Radar,0,4,6,0,10,0,1,214,0,215,0,5,220,0,225,125,0,125,350
02/24/2006,EMT,CA,AWP,WE,Towers with Radar,0,5,5,0,10,0,4,173,0,177,0,9,178,0,187,137,0,137,324
02/25/2006,EMT,CA,AWP,WE,Towers with Radar,0,0,4,0,4,0,0,225,0,225,0,0,229,0,229,196,0,196,425
02/26/2006,EMT,CA,AWP,WE,Towers with Radar,0,0,9,0,9,0,0,246,0,246,0,0,255,0,255,300,0,300,555
02/27/2006,EMT,CA,AWP,WE,Towers with Radar,0,3,10,0,13,0,0,96,0,96,0,3,106,0,109,84,0,84,193
02/28/2006,EMT,CA,AWP,WE,Towers with Radar,0,5,7,0,12,0,3,146,0,149,0,8,153,0,161,164,0,164,325
03/01/2006,EMT,CA,AWP,WE,Towers with Radar,0,5,3,0,8,0,4,196,0,200,0,9,199,0,208,168,0,168,376
03/02/2006,EMT,CA,AWP,WE,Towers with Radar,0,4,3,0,7,0,2,203,0,205,0,6,206,0,212,169,0,169,381
03/03/2006,EMT,CA,AWP,WE,Towers with Radar,0,3,1,0,4,0,0,84,0,84,0,3,85,0,88,91,0,91,179
03/04/2006,EMT,CA,AWP,WE,Towers with Radar,0,0,9,0,9,0,0,239,0,239,0,0,248,0,248,196,0,196,444
03/05/2006,EMT,CA,AWP,WE,Towers with Radar,0,0,9,0,9,0,0,225,1,226,0,0,234,1,235,344,0,344,579
03/06/2006,EMT,CA,AWP,WE,Towers with Radar,0,5,9,0,14,0,4,94,0,98,0,9,103,0,112,57,0,57,169
03/07/2006,EMT,CA,AWP,WE,Towers with Radar,0,5,9,0,14,0,2,150,0,152,0,7,159,0,166,120,0,120,286
03/08/2006,EMT,CA,AWP,WE,Towers with Radar,0,4,5,0,9,0,4,220,0,224,0,8,225,0,233,208,0,208,441
03/09/2006,EMT,CA,AWP,WE,Towers with Radar,0,6,25,0,31,0,0,203,0,203,0,6,228,0,234,174,0,174,408
03/10/2006,EMT,CA,AWP,WE,Towers with Radar,0,1,4,0,5,0,0,84,0,84,0,1,88,0,89,122,0,122,211
03/11/2006,EMT,CA,AWP,WE,Towers with Radar,0,0,0,0,0,0,2,44,0,46,0,2,44,0,46,85,0,85,131
03/12/2006,EMT,CA,AWP,WE,Towers with Radar,0,0,11,0,11,0,0,204,1,205,0,0,215,1,216,264,0,264,480
03/13/2006,EMT,CA,AWP,WE,Towers with Radar,0,3,6,0,9,0,12,208,0,220,0,15,214,0,229,236,0,236,465
03/14/2006,EMT,CA,AWP,WE,Towers with Radar,0,6,6,0,12,0,5,230,2,237,0,11,236,2,249,254,0,254,503
03/15/2006,EMT,CA,AWP,WE,Towers with Radar,0,3,11,0,14,0,4,217,2,223,0,7,228,2,237,330,0,330,567
03/16/2006,EMT,CA,AWP,WE,Towers with Radar,0,5,10,0,15,0,0,222,0,222,0,5,232,0,237,249,0,249,486
03/17/2006,EMT,CA,AWP,WE,Towers with Radar,0,4,6,0,10,0,0,110,0,110,0,4,116,0,120,104,0,104,224
03/18/2006,EMT,CA,AWP,WE,Towers with Radar,0,0,11,0,11,0,0,139,0,139,0,0,150,0,150,225,0,225,375
03/19/2006,EMT,CA,AWP,WE,Towers with Radar,0,0,17,0,17,0,0,237,0,237,0,0,254,0,254,260,0,260,514
03/20/2006,EMT,CA,AWP,WE,Towers with Radar,0,5,6,0,11,0,3,168,0,171,0,8,174,0,182,115,0,115,297
03/21/2006,EMT,CA,AWP,WE,Towers with Radar,0,2,8,0,10,0,0,158,0,158,0,2,166,0,168,156,0,156,324
03/22/2006,EMT,CA,AWP,WE,Towers with Radar,0,3,3,0,6,0,3,200,0,203,0,6,203,0,209,251,0,251,460
03/23/2006,EMT,CA,AWP,WE,Towers with Radar,0,3,7,0,10,0,9,240,0,249,0,12,247,0,259,222,0,222,481
03/24/2006,EMT,CA,AWP,WE,Towers with Radar,0,3,14,0,17,0,15,200,0,215,0,18,214,0,232,134,0,134,366
03/25/2006,EMT,CA,AWP,WE,Towers with Radar,0,0,11,0,11,0,5,178,0,183,0,5,189,0,194,178,0,178,372
03/26/2006,EMT,CA,AWP,WE,Towers with Radar,0,1,10,0,11,0,0,261,0,261,0,1,271,0,272,184,0,184,456
03/27/2006,EMT,CA,AWP,WE,Towers with Radar,0,5,14,0,19,0,4,224,0,228,0,9,238,0,247,193,0,193,440
03/28/2006,EMT,CA,AWP,WE,Towers with Radar,0,6,3,0,9,0,2,37,0,39,0,8,40,0,48,35,0,35,83
03/29/2006,EMT,CA,AWP,WE,Towers with Radar,0,6,17,0,23,0,4,235,0,239,0,10,252,0,262,316,0,316,578
03/30/2006,EMT,CA,AWP,WE,Towers with Radar,0,5,11,0,16,0,7,243,0,250,0,12,254,0,266,288,0,288,554
03/31/2006,EMT,CA,AWP,WE,Towers with Radar,0,5,12,0,17,0,4,134,0,138,0,9,146,0,155,131,0,131,286
04/01/2006,EMT,CA,AWP,WE,Towers with Radar,0,0,19,0,19,0,0,91,0,91,0,0,110,0,110,163,0,163,273
04/02/2006,EMT,CA,AWP,WE,Towers with Radar,0,0,5,0,5,0,0,244,0,244,0,0,249,0,249,245,0,245,494
04/03/2006,EMT,CA,AWP,WE,Towers with Radar,0,4,5,0,9,0,8,151,6,165,0,12,156,6,174,203,0,203,377
04/04/2006,EMT,CA,AWP,WE,Towers with Radar,0,3,5,0,8,0,0,30,0,30,0,3,35,0,38,4,0,4,42
04/05/2006,EMT,CA,AWP,WE,Towers with Radar,0,5,5,0,10,1,0,105,0,106,1,5,110,0,116,23,0,23,139
04/06/2006,EMT,CA,AWP,WE,Towers with Radar,0,5,12,0,17,0,5,239,1,245,0,10,251,1,262,157,0,157,419
04/07/2006,EMT,CA,AWP,WE,Towers with Radar,0,4,18,0,22,0,5,235,1,241,0,9,253,1,263,240,2,242,505
04/08/2006,EMT,CA,AWP,WE,Towers with Radar,0,0,16,0,16,0,0,187,0,187,0,0,203,0,203,187,0,187,390
04/09/2006,EMT,CA,AWP,WE,Towers with Radar,0,0,17,0,17,0,0,190,3,193,0,0,207,3,210,330,0,330,540
04/10/2006,EMT,CA,AWP,WE,Towers with Radar,0,7,12,0,19,0,3,171,0,174,0,10,183,0,193,165,1,166,359
04/11/2006,EMT,CA,AWP,WE,Towers with Radar,0,1,9,0,10,0,0,186,0,186,0,1,195,0,196,154,0,154,350
04/12/2006,EMT,CA,AWP,WE,Towers with Radar,0,4,9,0,13,0,5,219,0,224,0,9,228,0,237,239,0,239,476
04/13/2006,EMT,CA,AWP,WE,Towers with Radar,0,1,13,0,14,0,0,207,0,207,0,1,220,0,221,216,0,216,437
04/14/2006,EMT,CA,AWP,WE,Towers with Radar,0,6,7,0,13,0,1,84,0,85,0,7,91,0,98,68,0,68,166
04/15/2006,EMT,CA,AWP,WE,Towers with Radar,0,0,31,0,31,0,0,154,0,154,0,0,185,0,185,234,0,234,419
04/16/2006,EMT,CA,AWP,WE,Towers with Radar,0,0,20,0,20,0,0,155,0,155,0,0,175,0,175,173,0,173,348
04/17/2006,EMT,CA,AWP,WE,Towers with Radar,0,7,6,0,13,0,4,236,2,242,0,11,242,2,255,151,0,151,406
04/18/2006,EMT,CA,AWP,WE,Towers with Radar,0,4,7,0,11,0,1,234,1,236,0,5,241,1,247,143,1,144,391
04/19/2006,EMT,CA,AWP,WE,Towers with Radar,0,5,8,0,13,0,2,323,0,325,0,7,331,0,338,139,0,139,477
04/20/2006,EMT,CA,AWP,WE,Towers with Radar,0,5,12,0,17,0,1,198,0,199,0,6,210,0,216,160,0,160,376
04/21/2006,EMT,CA,AWP,WE,Towers with Radar,0,5,14,0,19,0,2,184,2,188,0,7,198,2,207,220,0,220,427
04/22/2006,EMT,CA,AWP,WE,Towers with Radar,0,0,21,0,21,0,0,220,0,220,0,0,241,0,241,254,0,254,495
04/23/2006,EMT,CA,AWP,WE,Towers with Radar,0,0,19,0,19,0,0,251,0,251,0,0,270,0,270,273,0,273,543
04/24/2006,EMT,CA,AWP,WE,Towers with Radar,0,6,8,0,14,0,7,207,0,214,0,13,215,0,228,145,0,145,373
04/25/2006,EMT,CA,AWP,WE,Towers with Radar,0,6,14,0,20,0,3,192,0,195,0,9,206,0,215,334,0,334,549
04/26/2006,EMT,CA,AWP,WE,Towers with Radar,0,6,19,0,25,0,1,225,0,226,0,7,244,0,251,300,0,300,551
04/27/2006,EMT,CA,AWP,WE,Towers with Radar,0,7,13,0,20,0,0,177,0,177,0,7,190,0,197,197,0,197,394
04/28/2006,EMT,CA,AWP,WE,Towers with Radar,0,8,20,0,28,0,0,92,0,92,0,8,112,0,120,176,0,176,296
04/29/2006,EMT,CA,AWP,WE,Towers with Radar,0,0,25,0,25,0,0,130,0,130,0,0,155,0,155,260,0,260,415
04/30/2006,EMT,CA,AWP,WE,Towers with Radar,0,0,21,0,21,0,0,232,0,232,0,0,253,0,253,202,0,202,455
05/01/2006,EMT,CA,AWP,WE,Towers with Radar,0,0,6,0,6,0,7,127,0,134,0,7,133,0,140,107,0,107,247
05/02/2006,EMT,CA,AWP,WE,Towers with Radar,0,1,13,0,14,0,0,99,0,99,0,1,112,0,113,191,0,191,304
05/03/2006,EMT,CA,AWP,WE,Towers with Radar,0,8,21,1,30,0,1,124,1,126,0,9,145,2,156,176,0,176,332
05/04/2006,EMT,CA,AWP,WE,Towers with Radar,0,7,26,0,33,0,0,185,1,186,0,7,211,1,219,164,0,164,383
05/05/2006,EMT,CA,AWP,WE,Towers with Radar,0,5,0,0,5,0,199,0,0,199,0,204,0,0,204,256,0,256,460
05/06/2006,EMT,CA,AWP,WE,Towers with Radar,0,0,20,0,20,0,0,161,0,161,0,0,181,0,181,341,0,341,522
05/07/2006,EMT,CA,AWP,WE,Towers with Radar,0,0,32,0,32,0,0,168,0,168,0,0,200,0,200,179,0,179,379
05/08/2006,EMT,CA,AWP,WE,Towers with Radar,0,5,19,0,24,0,0,145,0,145,0,5,164,0,169,118,1,119,288
05/09/2006,EMT,CA,AWP,WE,Towers with Radar,0,6,22,0,28,0,2,159,0,161,0,8,181,0,189,151,0,151,340
05/10/2006,EMT,CA,AWP,WE,Towers with Radar,0,1,11,0,12,0,0,249,2,251,0,1,260,2,263,224,0,224,487
05/11/2006,EMT,CA,AWP,WE,Towers with Radar,0,4,10,0,14,0,0,136,0,136,0,4,146,0,150,131,0,131,281
05/12/2006,EMT,CA,AWP,WE,Towers with Radar,0,8,9,0,17,0,0,207,0,207,0,8,216,0,224,127,0,127,351
05/13/2006,EMT,CA,AWP,WE,Towers with Radar,0,0,22,0,22,0,0,147,0,147,0,0,169,0,169,304,0,304,473
05/14/2006,EMT,CA,AWP,WE,Towers with Radar,0,0,22,0,22,0,0,204,0,204,0,0,226,0,226,211,0,211,437
05/15/2006,EMT,CA,AWP,WE,Towers with Radar,0,7,4,0,11,0,2,187,0,189,0,9,191,0,200,257,0,257,457
05/16/2006,EMT,CA,AWP,WE,Towers with Radar,0,3,15,0,18,0,0,211,0,211,0,3,226,0,229,225,0,225,454
05/17/2006,EMT,CA,AWP,WE,Towers with Radar,0,4,15,0,19,0,1,147,0,148,0,5,162,0,167,155,0,155,322
05/18/2006,EMT,CA,AWP,WE,Towers with Radar,0,5,12,0,17,0,3,161,0,164,0,8,173,0,181,146,0,146,327
05/19/2006,EMT,CA,AWP,WE,Towers with Radar,0,5,15,0,20,0,2,190,0,192,0,7,205,0,212,224,0,224,436
05/20/2006,EMT,CA,AWP,WE,Towers with Radar,0,0,19,0,19,0,0,163,0,163,0,0,182,0,182,279,0,279,461
05/21/2006,EMT,CA,AWP,WE,Towers with Radar,0,0,8,0,8,1,0,120,0,121,1,0,128,0,129,341,0,341,470
05/22/2006,EMT,CA,AWP,WE,Towers with Radar,0,6,10,0,16,0,0,102,0,102,0,6,112,0,118,102,0,102,220
05/23/2006,EMT,CA,AWP,WE,Towers with Radar,0,4,16,0,20,0,3,246,1,250,0,7,262,1,270,267,2,269,539
05/24/2006,EMT,CA,AWP,WE,Towers with Radar,0,4,9,0,13,0,3,210,0,213,0,7,219,0,226,222,0,222,448
05/25/2006,EMT,CA,AWP,WE,Towers with Radar,0,1,11,0,12,0,0,225,2,227,0,1,236,2,239,145,1,146,385
05/26/2006,EMT,CA,AWP,WE,Towers with Radar,0,5,15,0,20,0,2,142,0,144,0,7,157,0,164,309,0,309,473
05/27/2006,EMT,CA,AWP,WE,Towers with Radar,0,0,25,0,25,0,0,228,3,231,0,0,253,3,256,194,0,194,450
05/28/2006,EMT,CA,AWP,WE,Towers with Radar,0,0,9,0,9,0,0,235,0,235,0,0,244,0,244,309,0,309,553
05/29/2006,EMT,CA,AWP,WE,Towers with Radar,0,0,11,0,11,0,1,242,0,243,0,1,253,0,254,176,0,176,430
05/30/2006,EMT,CA,AWP,WE,Towers with Radar,0,4,9,0,13,0,3,242,0,245,0,7,251,0,258,218,0,218,476
05/31/2006,EMT,CA,AWP,WE,Towers with Radar,0,8,10,0,18,0,3,196,2,201,0,11,206,2,219,269,0,269,488
06/01/2006,EMT,CA,AWP,WE,Towers with Radar,0,4,7,0,11,0,2,228,0,230,0,6,235,0,241,301,0,301,542
06/02/2006,EMT,CA,AWP,WE,Towers with Radar,0,4,3,0,7,0,4,184,0,188,0,8,187,0,195,187,0,187,382
06/03/2006,EMT,CA,AWP,WE,Towers with Radar,0,0,5,0,5,0,0,210,0,210,0,0,215,0,215,225,0,225,440
06/04/2006,EMT,CA,AWP,WE,Towers with Radar,0,0,12,0,12,0,0,212,0,212,0,0,224,0,224,267,0,267,491
06/05/2006,EMT,CA,AWP,WE,Towers with Radar,0,6,16,0,22,0,3,175,1,179,0,9,191,1,201,239,0,239,440
06/06/2006,EMT,CA,AWP,WE,Towers with Radar,0,5,14,0,19,0,1,143,0,144,0,6,157,0,163,153,0,153,316
06/07/2006,EMT,CA,AWP,WE,Towers with Radar,0,8,22,0,30,0,0,184,0,184,0,8,206,0,214,192,0,192,406
06/08/2006,EMT,CA,AWP,WE,Towers with Radar,0,7,24,0,31,0,0,118,0,118,0,7,142,0,149,169,0,169,318
06/09/2006,EMT,CA,AWP,WE,Towers with Radar,0,6,20,0,26,0,5,143,0,148,0,11,163,0,174,187,0,187,361
06/10/2006,EMT,CA,AWP,WE,Towers with Radar,0,0,19,0,19,0,0,226,0,226,0,0,245,0,245,280,0,280,525
06/11/2006,EMT,CA,AWP,WE,Towers with Radar,0,0,28,0,28,3,0,207,0,210,3,0,235,0,238,214,0,214,452
06/12/2006,EMT,CA,AWP,WE,Towers with Radar,0,4,13,0,17,0,0,207,0,207,0,4,220,0,224,243,0,243,467
06/13/2006,EMT,CA,AWP,WE,Towers with Radar,0,5,4,0,9,0,2,214,1,217,0,7,218,1,226,245,0,245,471
06/14/2006,EMT,CA,AWP,WE,Towers with Radar,0,4,4,0,8,0,0,228,0,228,0,4,232,0,236,233,0,233,469
06/15/2006,EMT,CA,AWP,WE,Towers with Radar,0,4,6,0,10,0,0,202,0,202,0,4,208,0,212,193,0,193,405
06/16/2006,EMT,CA,AWP,WE,Towers with Radar,0,4,16,0,20,0,3,208,0,211,0,7,224,0,231,276,0,276,507
06/17/2006,EMT,CA,AWP,WE,Towers with Radar,0,0,15,0,15,0,0,144,0,144,0,0,159,0,159,101,0,101,260
06/18/2006,EMT,CA,AWP,WE,Towers with Radar,0,0,16,0,16,0,0,166,0,166,0,0,182,0,182,190,0,190,372
06/19/2006,EMT,CA,AWP,WE,Towers with Radar,0,6,8,0,14,0,2,177,0,179,0,8,185,0,193,142,0,142,335
06/20/2006,EMT,CA,AWP,WE,Towers with Radar,0,3,16,0,19,0,7,215,0,222,0,10,231,0,241,196,0,196,437
06/21/2006,EMT,CA,AWP,WE,Towers with Radar,0,4,6,0,10,0,4,205,1,210,0,8,211,1,220,251,0,251,471
06/22/2006,EMT,CA,AWP,WE,Towers with Radar,0,0,4,0,4,0,0,158,0,158,0,0,162,0,162,256,0,256,418
06/23/2006,EMT,CA,AWP,WE,Towers with Radar,0,4,10,0,14,0,5,227,1,233,0,9,237,1,247,180,0,180,427
06/24/2006,EMT,CA,AWP,WE,Towers with Radar,0,0,9,0,9,0,0,197,0,197,0,0,206,0,206,234,0,234,440
06/25/2006,EMT,CA,AWP,WE,Towers with Radar,0,0,12,0,12,0,0,167,0,167,0,0,179,0,179,251,0,251,430
06/26/2006,EMT,CA,AWP,WE,Towers with Radar,0,1,16,0,17,0,0,215,0,215,0,1,231,0,232,183,0,183,415
06/27/2006,EMT,CA,AWP,WE,Towers with Radar,0,0,14,0,14,0,0,203,0,203,0,0,217,0,217,178,0,178,395
06/28/2006,EMT,CA,AWP,WE,Towers with Radar,0,4,10,0,14,0,3,226,0,229,0,7,236,0,243,214,0,214,457
06/29/2006,EMT,CA,AWP,WE,Towers with Radar,0,2,15,0,17,0,0,257,0,257,0,2,272,0,274,279,0,279,553
06/30/2006,EMT,CA,AWP,WE,Towers with Radar,0,3,6,0,9,0,5,251,0,256,0,8,257,0,265,210,0,210,475
07/01/2006,EMT,CA,AWP,WE,Towers with Radar,0,0,11,0,11,0,0,185,0,185,0,0,196,0,196,212,0,212,408
07/02/2006,EMT,CA,AWP,WE,Towers with Radar,0,0,7,0,7,0,0,198,0,198,0,0,205,0,205,302,0,302,507
07/03/2006,EMT,CA,AWP,WE,Towers with Radar,0,4,3,0,7,0,4,222,0,226,0,8,225,0,233,287,0,287,520
07/04/2006,EMT,CA,AWP,WE,Towers with Radar,0,0,4,0,4,0,0,152,0,152,0,0,156,0,156,123,0,123,279
07/05/2006,EMT,CA,AWP,WE,Towers with Radar,0,5,8,0,13,0,4,217,0,221,0,9,225,0,234,249,1,250,484
07/06/2006,EMT,CA,AWP,WE,Towers with Radar,0,4,7,0,11,0,2,237,0,239,0,6,244,0,250,225,0,225,475
07/07/2006,EMT,CA,AWP,WE,Towers with Radar,0,4,1,0,5,0,1,189,1,191,0,5,190,1,196,195,0,195,391
07/08/2006,EMT,CA,AWP,WE,Towers with Radar,0,0,1,0,1,0,0,196,0,196,0,0,197,0,197,206,0,206,403
07/09/2006,EMT,CA,AWP,WE,Towers with Radar,0,0,9,0,9,0,0,223,0,223,0,0,232,0,232,208,0,208,440
07/10/2006,EMT,CA,AWP,WE,Towers with Radar,0,4,7,0,11,0,3,174,0,177,0,7,181,0,188,270,0,270,458
07/11/2006,EMT,CA,AWP,WE,Towers with Radar,0,4,7,0,11,0,2,237,0,239,0,6,244,0,250,258,0,258,508
07/12/2006,EMT,CA,AWP,WE,Towers with Radar,0,4,7,0,11,0,2,257,0,259,0,6,264,0,270,221,0,221,491
07/13/2006,EMT,CA,AWP,WE,Towers with Radar,0,4,8,0,12,0,4,182,0,186,0,8,190,0,198,113,0,113,311
07/14/2006,EMT,CA,AWP,WE,Towers with Radar,0,3,6,0,9,0,0,199,0,199,0,3,205,0,208,204,0,204,412
07/15/2006,EMT,CA,AWP,WE,Towers with Radar,0,0,4,0,4,0,0,147,1,148,0,0,151,1,152,282,0,282,434
07/16/2006,EMT,CA,AWP,WE,Towers with Radar,0,0,10,0,10,0,0,240,0,240,0,0,250,0,250,230,0,230,480
07/17/2006,EMT,CA,AWP,WE,Towers with Radar,0,5,5,0,10,0,3,160,0,163,0,8,165,0,173,133,0,133,306
07/18/2006,EMT,CA,AWP,WE,Towers with Radar,0,5,4,0,9,0,3,167,0,170,0,8,171,0,179,217,0,217,396
07/19/2006,EMT,CA,AWP,WE,Towers with Radar,0,5,5,0,10,0,4,197,3,204,0,9,202,3,214,179,2,181,395
07/20/2006,EMT,CA,AWP,WE,Towers with Radar,0,5,10,0,15,1,4,190,0,195,1,9,200,0,210,257,0,257,467
07/21/2006,EMT,CA,AWP,WE,Towers with Radar,0,3,3,0,6,0,5,199,1,205,0,8,202,1,211,135,0,135,346
07/22/2006,EMT,CA,AWP,WE,Towers with Radar,0,0,9,0,9,0,0,185,0,185,0,0,194,0,194,189,0,189,383
07/23/2006,EMT,CA,AWP,WE,Towers with Radar,0,0,6,0,6,0,0,161,0,161,0,0,167,0,167,191,0,191,358
07/24/2006,EMT,CA,AWP,WE,Towers with Radar,0,5,5,0,10,0,4,223,7,234,0,9,228,7,244,132,0,132,376
07/25/2006,EMT,CA,AWP,WE,Towers with Radar,0,5,8,0,13,0,3,180,0,183,0,8,188,0,196,294,0,294,490
07/26/2006,EMT,CA,AWP,WE,Towers with Radar,0,4,13,0,17,0,1,193,0,194,0,5,206,0,211,233,0,233,444
07/27/2006,EMT,CA,AWP,WE,Towers with Radar,0,4,17,0,21,0,1,204,0,205,0,5,221,0,226,225,0,225,451
07/28/2006,EMT,CA,AWP,WE,Towers with Radar,0,4,12,0,16,0,0,155,0,155,0,4,167,0,171,225,0,225,396
07/29/2006,EMT,CA,AWP,WE,Towers with Radar,0,0,24,0,24,0,0,111,0,111,0,0,135,0,135,309,0,309,444
07/30/2006,EMT,CA,AWP,WE,Towers with Radar,0,0,25,0,25,0,0,113,0,113,0,0,138,0,138,314,0,314,452
07/31/2006,EMT,CA,AWP,WE,Towers with Radar,0,5,15,0,20,0,1,176,0,177,0,6,191,0,197,227,0,227,424
08/01/2006,EMT,CA,AWP,WE,Towers with Radar,0,2,25,0,27,0,0,188,0,188,0,2,213,0,215,197,0,197,412
08/02/2006,EMT,CA,AWP,WE,Towers with Radar,0,4,15,0,19,0,3,256,0,259,0,7,271,0,278,249,0,249,527
08/03/2006,EMT,CA,AWP,WE,Towers with Radar,0,4,24,0,28,0,4,114,0,118,0,8,138,0,146,347,0,347,493
08/04/2006,EMT,CA,AWP,WE,Towers with Radar,0,3,15,0,18,0,3,151,0,154,0,6,166,0,172,158,0,158,330
08/05/2006,EMT,CA,AWP,WE,Towers with Radar,0,0,13,0,13,0,0,170,1,171,0,0,183,1,184,153,0,153,337
08/06/2006,EMT,CA,AWP,WE,Towers with Radar,0,0,19,0,19,0,2,208,0,210,0,2,227,0,229,224,0,224,453
08/07/2006,EMT,CA,AWP,WE,Towers with Radar,0,0,7,0,7,0,0,194,2,196,0,0,201,2,203,103,0,103,306
08/08/2006,EMT,CA,AWP,WE,Towers with Radar,0,4,12,0,16,0,2,206,4,212,0,6,218,4,228,164,0,164,392
08/09/2006,EMT,CA,AWP,WE,Towers with Radar,0,4,11,0,15,0,4,215,0,219,0,8,226,0,234,239,0,239,473
08/10/2006,EMT,CA,AWP,WE,Towers with Radar,0,3,10,0,13,0,1,206,0,207,0,4,216,0,220,271,0,271,491
08/11/2006,EMT,CA,AWP,WE,Towers with Radar,0,3,12,0,15,0,4,161,0,165,0,7,173,0,180,213,0,213,393
08/12/2006,EMT,CA,AWP,WE,Towers with Radar,0,0,18,0,18,0,0,184,0,184,0,0,202,0,202,206,0,206,408
08/13/2006,EMT,CA,AWP,WE,Towers with Radar,0,1,10,0,11,0,0,182,0,182,0,1,192,0,193,281,0,281,474
08/14/2006,EMT,CA,AWP,WE,Towers with Radar,0,7,10,0,17,0,5,228,0,233,0,12,238,0,250,183,0,183,433
08/15/2006,EMT,CA,AWP,WE,Towers with Radar,0,4,8,0,12,0,0,190,1,191,0,4,198,1,203,247,0,247,450
08/16/2006,EMT,CA,AWP,WE,Towers with Radar,0,4,15,0,19,0,1,170,0,171,0,5,185,0,190,219,0,219,409
08/17/2006,EMT,CA,AWP,WE,Towers with Radar,0,4,9,0,13,0,1,156,0,157,0,5,165,0,170,217,0,217,387
08/18/2006,EMT,CA,AWP,WE,Towers with Radar,0,5,12,0,17,0,1,156,0,157,0,6,168,0,174,236,0,236,410
08/19/2006,EMT,CA,AWP,WE,Towers with Radar,0,0,6,0,6,0,0,161,0,161,0,0,167,0,167,214,0,214,381
08/20/2006,EMT,CA,AWP,WE,Towers with Radar,0,0,14,0,14,0,0,195,0,195,0,0,209,0,209,169,0,169,378
08/21/2006,EMT,CA,AWP,WE,Towers with Radar,0,4,6,0,10,0,4,189,1,194,0,8,195,1,204,216,0,216,420
08/22/2006,EMT,CA,AWP,WE,Towers with Radar,0,4,8,0,12,0,1,200,0,201,0,5,208,0,213,237,0,237,450
08/23/2006,EMT,CA,AWP,WE,Towers with Radar,0,4,2,0,6,0,3,221,1,225,0,7,223,1,231,264,0,264,495
08/24/2006,EMT,CA,AWP,WE,Towers with Radar,0,5,9,0,14,0,3,218,0,221,0,8,227,0,235,269,0,269,504
08/25/2006,EMT,CA,AWP,WE,Towers with Radar,0,2,10,0,12,0,0,157,0,157,0,2,167,0,169,177,0,177,346
08/26/2006,EMT,CA,AWP,WE,Towers with Radar,0,0,14,0,14,0,0,196,0,196,0,0,210,0,210,261,0,261,471
08/27/2006,EMT,CA,AWP,WE,Towers with Radar,0,0,10,0,10,0,1,203,2,206,0,1,213,2,216,216,0,216,432
08/28/2006,EMT,CA,AWP,WE,Towers with Radar,0,6,5,0,11,0,6,180,0,186,0,12,185,0,197,79,0,79,276
08/29/2006,EMT,CA,AWP,WE,Towers with Radar,0,1,15,0,16,0,0,123,0,123,0,1,138,0,139,138,0,138,277
08/30/2006,EMT,CA,AWP,WE,Towers with Radar,0,4,13,0,17,0,0,136,3,139,0,4,149,3,156,197,0,197,353
08/31/2006,EMT,CA,AWP,WE,Towers with Radar,0,3,12,0,15,0,5,198,0,203,0,8,210,0,218,110,0,110,328
09/01/2006,EMT,CA,AWP,WE,Towers with Radar,0,4,6,0,10,0,3,231,0,234,0,7,237,0,244,146,0,146,390
09/02/2006,EMT,CA,AWP,WE,Towers with Radar,0,0,8,0,8,0,0,210,0,210,0,0,218,0,218,235,0,235,453
09/03/2006,EMT,CA,AWP,WE,Towers with Radar,0,0,12,0,12,0,0,190,0,190,0,0,202,0,202,180,0,180,382
09/04/2006,EMT,CA,AWP,WE,Towers with Radar,0,2,6,0,8,0,0,192,0,192,0,2,198,0,200,204,0,204,404
09/05/2006,EMT,CA,AWP,WE,Towers with Radar,0,0,7,0,7,0,0,174,0,174,0,0,181,0,181,180,0,180,361
09/06/2006,EMT,CA,AWP,WE,Towers with Radar,0,3,6,0,9,0,3,215,0,218,0,6,221,0,227,256,0,256,483
09/07/2006,EMT,CA,AWP,WE,Towers with Radar,0,4,7,0,11,0,0,210,0,210,0,4,217,0,221,279,0,279,500
09/08/2006,EMT,CA,AWP,WE,Towers with Radar,0,3,9,0,12,0,0,154,0,154,0,3,163,0,166,267,0,267,433
09/09/2006,EMT,CA,AWP,WE,Towers with Radar,0,0,16,0,16,0,0,159,0,159,0,0,175,0,175,169,0,169,344
09/10/2006,EMT,CA,AWP,WE,Towers with Radar,0,0,7,0,7,2,0,182,0,184,2,0,189,0,191,260,0,260,451
09/11/2006,EMT,CA,AWP,WE,Towers with Radar,0,4,4,0,8,0,4,192,0,196,0,8,196,0,204,135,0,135,339
09/12/2006,EMT,CA,AWP,WE,Towers with Radar,0,2,1,0,3,0,0,197,0,197,0,2,198,0,200,249,0,249,449
09/13/2006,EMT,CA,AWP,WE,Towers with Radar,0,3,8,0,11,0,1,200,0,201,0,4,208,0,212,247,0,247,459
09/14/2006,EMT,CA,AWP,WE,Towers with Radar,0,7,29,0,36,0,0,154,0,154,0,7,183,0,190,284,0,284,474
09/15/2006,EMT,CA,AWP,WE,Towers with Radar,0,5,19,0,24,0,1,192,0,193,0,6,211,0,217,232,0,232,449
09/16/2006,EMT,CA,AWP,WE,Towers with Radar,0,0,7,0,7,0,0,210,0,210,0,0,217,0,217,257,0,257,474
09/17/2006,EMT,CA,AWP,WE,Towers with Radar,0,1,8,0,9,0,0,230,0,230,0,1,238,0,239,234,0,234,473
09/18/2006,EMT,CA,AWP,WE,Towers with Radar,0,6,7,0,13,0,2,190,0,192,0,8,197,0,205,147,0,147,352
09/19/2006,EMT,CA,AWP,WE,Towers with Radar,0,4,5,0,9,0,5,229,0,234,0,9,234,0,243,295,0,295,538
09/20/2006,EMT,CA,AWP,WE,Towers with Radar,0,4,5,0,9,0,3,222,0,225,0,7,227,0,234,212,0,212,446
09/21/2006,EMT,CA,AWP,WE,Towers with Radar,0,4,11,0,15,0,4,179,0,183,0,8,190,0,198,219,0,219,417
09/22/2006,EMT,CA,AWP,WE,Towers with Radar,0,6,11,0,17,0,1,174,0,175,0,7,185,0,192,229,0,229,421
09/23/2006,EMT,CA,AWP,WE,Towers with Radar,0,1,8,0,9,0,2,167,0,169,0,3,175,0,178,219,0,219,397
09/24/2006,EMT,CA,AWP,WE,Towers with Radar,0,0,9,0,9,0,0,216,0,216,0,0,225,0,225,374,0,374,599
09/25/2006,EMT,CA,AWP,WE,Towers with Radar,0,4,12,0,16,0,2,153,0,155,0,6,165,0,171,137,0,137,308
09/26/2006,EMT,CA,AWP,WE,Towers with Radar,0,4,12,0,16,0,3,166,2,171,0,7,178,2,187,167,0,167,354
09/27/2006,EMT,CA,AWP,WE,Towers with Radar,0,5,2,0,7,0,2,177,0,179,0,7,179,0,186,189,0,189,375
09/28/2006,EMT,CA,AWP,WE,Towers with Radar,0,4,4,0,8,0,3,212,0,215,0,7,216,0,223,239,0,239,462
09/29/2006,EMT,CA,AWP,WE,Towers with Radar,0,5,7,0,12,0,2,190,0,192,0,7,197,0,204,217,0,217,421
09/30/2006,EMT,CA,AWP,WE,Towers with Radar,0,1,10,0,11,0,0,217,0,217,0,1,227,0,228,254,0,254,482
10/01/2006,EMT,CA,AWP,WE,Towers with Radar,0,0,14,0,14,0,0,159,0,159,0,0,173,0,173,198,0,198,371
10/02/2006,EMT,CA,AWP,WE,Towers with Radar,0,4,7,0,11,0,4,226,2,232,0,8,233,2,243,165,0,165,408
10/03/2006,EMT,CA,AWP,WE,Towers with Radar,0,5,7,0,12,0,0,197,0,197,0,5,204,0,209,182,0,182,391
10/04/2006,EMT,CA,AWP,WE,Towers with Radar,0,4,17,0,21,0,4,226,0,230,0,8,243,0,251,209,0,209,460
10/05/2006,EMT,CA,AWP,WE,Towers with Radar,0,4,7,0,11,0,4,161,0,165,0,8,168,0,176,341,0,341,517
10/06/2006,EMT,CA,AWP,WE,Towers with Radar,0,4,13,0,17,0,4,172,0,176,0,8,185,0,193,177,0,177,370
10/07/2006,EMT,CA,AWP,WE,Towers with Radar,0,0,11,0,11,0,0,178,0,178,0,0,189,0,189,177,0,177,366
10/08/2006,EMT,CA,AWP,WE,Towers with Radar,0,0,8,0,8,0,0,198,0,198,0,0,206,0,206,228,0,228,434
10/09/2006,EMT,CA,AWP,WE,Towers with Radar,0,0,15,0,15,2,0,132,0,134,2,0,147,0,149,323,0,323,472
10/10/2006,EMT,CA,AWP,WE,Towers with Radar,0,0,10,0,10,0,0,193,0,193,0,0,203,0,203,219,0,219,422
10/11/2006,EMT,CA,AWP,WE,Towers with Radar,0,5,7,0,12,0,1,210,0,211,0,6,217,0,223,240,0,240,463
10/12/2006,EMT,CA,AWP,WE,Towers with Radar,0,5,15,0,20,0,5,242,1,248,0,10,257,1,268,209,0,209,477
10/13/2006,EMT,CA,AWP,WE,Towers with Radar,0,2,8,0,10,0,3,191,1,195,0,5,199,1,205,190,0,190,395
10/14/2006,EMT,CA,AWP,WE,Towers with Radar,0,0,23,0,23,0,0,123,2,125,0,0,146,2,148,285,0,285,433
10/15/2006,EMT,CA,AWP,WE,Towers with Radar,0,0,25,0,25,0,0,168,0,168,0,0,193,0,193,261,0,261,454
10/16/2006,EMT,CA,AWP,WE,Towers with Radar,0,8,27,0,35,0,4,167,0,171,0,12,194,0,206,179,0,179,385
10/17/2006,EMT,CA,AWP,WE,Towers with Radar,0,4,8,0,12,0,5,230,0,235,0,9,238,0,247,365,0,365,612
10/18/2006,EMT,CA,AWP,WE,Towers with Radar,0,4,5,0,9,0,5,193,0,198,0,9,198,0,207,226,0,226,433
10/19/2006,EMT,CA,AWP,WE,Towers with Radar,0,6,8,0,14,0,0,258,0,258,0,6,266,0,272,213,0,213,485
10/20/2006,EMT,CA,AWP,WE,Towers with Radar,0,4,6,0,10,0,4,229,0,233,0,8,235,0,243,118,0,118,361
10/21/2006,EMT,CA,AWP,WE,Towers with Radar,0,0,11,0,11,0,0,229,0,229,0,0,240,0,240,243,0,243,483
10/22/2006,EMT,CA,AWP,WE,Towers with Radar,0,0,13,0,13,0,0,199,0,199,0,0,212,0,212,155,0,155,367
10/23/2006,EMT,CA,AWP,WE,Towers with Radar,0,5,5,0,10,0,4,196,0,200,0,9,201,0,210,143,0,143,353
10/24/2006,EMT,CA,AWP,WE,Towers with Radar,0,4,10,0,14,0,5,181,1,187,0,9,191,1,201,201,0,201,402
10/25/2006,EMT,CA,AWP,WE,Towers with Radar,0,4,5,0,9,0,4,148,1,153,0,8,153,1,162,155,0,155,317
10/26/2006,EMT,CA,AWP,WE,Towers with Radar,0,5,16,0,21,0,2,241,0,243,0,7,257,0,264,153,0,153,417
10/27/2006,EMT,CA,AWP,WE,Towers with Radar,0,4,4,0,8,0,4,182,0,186,0,8,186,0,194,149,0,149,343
10/28/2006,EMT,CA,AWP,WE,Towers with Radar,0,0,9,0,9,0,0,222,0,222,0,0,231,0,231,177,0,177,408
10/29/2006,EMT,CA,AWP,WE,Towers with Radar,0,0,9,0,9,0,0,178,0,178,0,0,187,0,187,273,0,273,460
10/30/2006,EMT,CA,AWP,WE,Towers with Radar,0,7,6,0,13,0,1,144,0,145,0,8,150,0,158,153,0,153,311
10/31/2006,EMT,CA,AWP,WE,Towers with Radar,0,5,15,0,20,0,2,154,0,156,0,7,169,0,176,199,0,199,375
11/01/2006,EMT,CA,AWP,WE,Towers with Radar,0,4,9,0,13,0,6,178,0,184,0,10,187,0,197,185,0,185,382
11/02/2006,EMT,CA,AWP,WE,Towers with Radar,0,4,12,0,16,0,3,210,0,213,0,7,222,0,229,222,0,222,451
11/03/2006,EMT,CA,AWP,WE,Towers with Radar,0,0,12,1,13,0,0,133,1,134,0,0,145,2,147,198,0,198,345
11/04/2006,EMT,CA,AWP,WE,Towers with Radar,0,0,16,0,16,0,0,159,0,159,0,0,175,0,175,206,0,206,381
11/05/2006,EMT,CA,AWP,WE,Towers with Radar,0,0,11,0,11,0,0,253,0,253,0,0,264,0,264,237,0,237,501
11/06/2006,EMT,CA,AWP,WE,Towers with Radar,0,3,2,0,5,0,4,178,0,182,0,7,180,0,187,211,0,211,398
11/07/2006,EMT,CA,AWP,WE,Towers with Radar,0,5,12,0,17,0,6,233,0,239,0,11,245,0,256,296,0,296,552
11/08/2006,EMT,CA,AWP,WE,Towers with Radar,0,4,12,0,16,0,4,236,0,240,0,8,248,0,256,224,0,224,480
11/09/2006,EMT,CA,AWP,WE,Towers with Radar,0,4,12,0,16,0,5,167,0,172,0,9,179,0,188,161,0,161,349
11/10/2006,EMT,CA,AWP,WE,Towers with Radar,0,3,3,0,6,0,4,256,0,260,0,7,259,0,266,194,0,194,460
11/11/2006,EMT,CA,AWP,WE,Towers with Radar,0,2,6,0,8,0,4,200,0,204,0,6,206,0,212,195,0,195,407
11/12/2006,EMT,CA,AWP,WE,Towers with Radar,0,0,13,0,13,0,0,230,0,230,0,0,243,0,243,274,0,274,517
11/13/2006,EMT,CA,AWP,WE,Towers with Radar,0,5,5,0,10,0,4,231,0,235,0,9,236,0,245,210,0,210,455
11/14/2006,EMT,CA,AWP,WE,Towers with Radar,0,5,10,0,15,0,2,168,0,170,0,7,178,0,185,185,0,185,370
11/15/2006,EMT,CA,AWP,WE,Towers with Radar,0,3,6,0,9,0,0,186,0,186,0,3,192,0,195,162,2,164,359
11/16/2006,EMT,CA,AWP,WE,Towers with Radar,0,5,5,0,10,0,2,196,0,198,0,7,201,0,208,243,0,243,451
11/17/2006,EMT,CA,AWP,WE,Towers with Radar,0,2,14,0,16,0,2,202,0,204,0,4,216,0,220,146,0,146,366
11/18/2006,EMT,CA,AWP,WE,Towers with Radar,0,0,10,0,10,0,8,252,0,260,0,8,262,0,270,231,0,231,501
11/19/2006,EMT,CA,AWP,WE,Towers with Radar,0,0,18,0,18,0,0,267,0,267,0,0,285,0,285,254,0,254,539
11/20/2006,EMT,CA,AWP,WE,Towers with Radar,0,5,10,0,15,0,3,205,1,209,0,8,215,1,224,154,0,154,378
11/21/2006,EMT,CA,AWP,WE,Towers with Radar,0,5,8,0,13,0,3,197,0,200,0,8,205,0,213,199,0,199,412
11/22/2006,EMT,CA,AWP,WE,Towers with Radar,0,5,7,0,12,0,7,190,0,197,0,12,197,0,209,202,0,202,411
11/23/2006,EMT,CA,AWP,WE,Towers with Radar,0,0,5,0,5,0,0,107,0,107,0,0,112,0,112,40,0,40,152
11/24/2006,EMT,CA,AWP,WE,Towers with Radar,0,0,9,0,9,0,0,121,0,121,0,0,130,0,130,47,0,47,177
11/25/2006,EMT,CA,AWP,WE,Towers with Radar,0,0,15,0,15,0,0,166,0,166,0,0,181,0,181,155,0,155,336
11/26/2006,EMT,CA,AWP,WE,Towers with Radar,0,0,16,0,16,0,0,243,0,243,0,0,259,0,259,326,0,326,585
11/27/2006,EMT,CA,AWP,WE,Towers with Radar,0,5,10,0,15,0,2,130,0,132,0,7,140,0,147,69,0,69,216
11/28/2006,EMT,CA,AWP,WE,Towers with Radar,0,5,10,0,15,0,1,213,0,214,0,6,223,0,229,222,0,222,451
11/29/2006,EMT,CA,AWP,WE,Towers with Radar,0,5,4,0,9,0,0,167,0,167,0,5,171,0,176,203,0,203,379
11/30/2006,EMT,CA,AWP,WE,Towers with Radar,0,6,15,0,21,0,0,244,0,244,0,6,259,0,265,162,0,162,427
12/01/2006,EMT,CA,AWP,WE,Towers with Radar,0,3,5,0,8,0,1,188,0,189,0,4,193,0,197,183,0,183,380
12/02/2006,EMT,CA,AWP,WE,Towers with Radar,0,0,5,0,5,0,0,149,0,149,0,0,154,0,154,243,0,243,397
12/03/2006,EMT,CA,AWP,WE,Towers with Radar,0,0,7,0,7,0,0,182,0,182,0,0,189,0,189,185,0,185,374
12/04/2006,EMT,CA,AWP,WE,Towers with Radar,0,4,6,0,10,0,3,175,0,178,0,7,181,0,188,221,0,221,409
12/05/2006,EMT,CA,AWP,WE,Towers with Radar,0,4,9,0,13,0,2,242,0,244,0,6,251,0,257,280,0,280,537
12/06/2006,EMT,CA,AWP,WE,Towers with Radar,0,3,13,0,16,0,3,271,1,275,0,6,284,1,291,197,0,197,488
12/07/2006,EMT,CA,AWP,WE,Towers with Radar,0,4,5,0,9,0,4,260,0,264,0,8,265,0,273,295,0,295,568
12/08/2006,EMT,CA,AWP,WE,Towers with Radar,0,2,7,0,9,0,0,194,0,194,0,2,201,0,203,222,0,222,425
12/09/2006,EMT,CA,AWP,WE,Towers with Radar,0,0,16,0,16,0,0,159,0,159,0,0,175,0,175,218,0,218,393
12/10/2006,EMT,CA,AWP,WE,Towers with Radar,0,0,16,0,16,0,0,159,0,159,0,0,175,0,175,294,0,294,469
12/11/2006,EMT,CA,AWP,WE,Towers with Radar,0,4,5,0,9,0,2,198,0,200,0,6,203,0,209,255,0,255,464
12/12/2006,EMT,CA,AWP,WE,Towers with Radar,0,4,21,0,25,0,2,241,0,243,0,6,262,0,268,221,0,221,489
12/13/2006,EMT,CA,AWP,WE,Towers with Radar,0,4,8,0,12,0,3,216,0,219,0,7,224,0,231,280,0,280,511
12/14/2006,EMT,CA,AWP,WE,Towers with Radar,0,4,4,0,8,0,12,206,0,218,0,16,210,0,226,300,0,300,526
12/15/2006,EMT,CA,AWP,WE,Towers with Radar,0,2,10,0,12,0,0,162,0,162,0,2,172,0,174,131,0,131,305
12/16/2006,EMT,CA,AWP,WE,Towers with Radar,0,0,14,0,14,0,0,71,0,71,0,0,85,0,85,90,0,90,175
12/17/2006,EMT,CA,AWP,WE,Towers with Radar,0,0,12,0,12,5,0,176,0,181,5,0,188,0,193,210,0,210,403
12/18/2006,EMT,CA,AWP,WE,Towers with Radar,0,4,1,0,5,0,5,185,0,190,0,9,186,0,195,188,0,188,383
12/19/2006,EMT,CA,AWP,WE,Towers with Radar,0,2,11,0,13,0,7,212,0,219,0,9,223,0,232,206,0,206,438
12/20/2006,EMT,CA,AWP,WE,Towers with Radar,0,4,12,0,16,0,1,173,0,174,0,5,185,0,190,129,0,129,319
12/21/2006,EMT,CA,AWP,WE,Towers with Radar,0,3,10,0,13,0,4,201,0,205,0,7,211,0,218,139,0,139,357
12/22/2006,EMT,CA,AWP,WE,Towers with Radar,0,1,9,0,10,0,0,133,0,133,0,1,142,0,143,117,0,117,260
12/23/2006,EMT,CA,AWP,WE,Towers with Radar,0,0,10,0,10,0,0,152,0,152,0,0,162,0,162,175,0,175,337
12/24/2006,EMT,CA,AWP,WE,Towers with Radar,0,0,6,0,6,0,0,142,0,142,0,0,148,0,148,74,0,74,222
12/25/2006,EMT,CA,AWP,WE,Towers with Radar,0,0,3,0,3,0,0,96,0,96,0,0,99,0,99,2,0,2,101
12/26/2006,EMT,CA,AWP,WE,Towers with Radar,0,4,12,0,16,0,2,246,0,248,0,6,258,0,264,173,0,173,437
12/27/2006,EMT,CA,AWP,WE,Towers with Radar,0,5,6,0,11,0,2,105,0,107,0,7,111,0,118,95,0,95,213
12/28/2006,EMT,CA,AWP,WE,Towers with Radar,0,4,1,0,5,0,2,97,0,99,0,6,98,0,104,70,0,70,174
12/29/2006,EMT,CA,AWP,WE,Towers with Radar,0,2,2,0,4,0,0,204,0,204,0,2,206,0,208,276,0,276,484
12/30/2006,EMT,CA,AWP,WE,Towers with Radar,0,0,20,0,20,0,0,251,0,251,0,0,271,0,271,142,0,142,413
12/31/2006,EMT,CA,AWP,WE,Towers with Radar,0,0,8,0,8,0,0,206,0,206,0,0,214,0,214,257,0,257,471
01/01/2007,EMT,CA,AWP,WE,Towers with Radar,0,0,4,0,4,0,0,112,0,112,0,0,116,0,116,25,0,25,141
01/02/2007,EMT,CA,AWP,WE,Towers with Radar,0,5,7,0,12,0,3,211,0,214,0,8,218,0,226,205,0,205,431
01/03/2007,EMT,CA,AWP,WE,Towers with Radar,0,5,17,0,22,0,2,206,0,208,0,7,223,0,230,178,0,178,408
01/04/2007,EMT,CA,AWP,WE,Towers with Radar,0,6,22,0,28,0,0,133,0,133,0,6,155,0,161,188,0,188,349
01/05/2007,EMT,CA,AWP,WE,Towers with Radar,0,3,3,0,6,0,0,75,0,75,0,3,78,0,81,23,0,23,104
01/06/2007,EMT,CA,AWP,WE,Towers with Radar,0,0,14,0,14,0,0,165,0,165,0,0,179,0,179,163,0,163,342
01/07/2007,EMT,CA,AWP,WE,Towers with Radar,0,0,7,0,7,0,0,174,0,174,0,0,181,0,181,236,0,236,417
01/08/2007,EMT,CA,AWP,WE,Towers with Radar,0,4,4,0,8,0,4,168,0,172,0,8,172,0,180,285,1,286,466
01/09/2007,EMT,CA,AWP,WE,Towers with Radar,0,8,5,0,13,0,10,254,0,264,0,18,259,0,277,211,0,211,488
01/10/2007,EMT,CA,AWP,WE,Towers with Radar,0,5,6,0,11,0,3,235,1,239,0,8,241,1,250,262,0,262,512
01/11/2007,EMT,CA,AWP,WE,Towers with Radar,0,4,6,0,10,0,0,141,0,141,0,4,147,0,151,149,0,149,300
01/12/2007,EMT,CA,AWP,WE,Towers with Radar,0,3,3,0,6,0,0,198,0,198,0,3,201,0,204,155,0,155,359
01/13/2007,EMT,CA,AWP,WE,Towers with Radar,0,0,7,0,7,0,0,168,0,168,0,0,175,0,175,213,0,213,388
01/14/2007,EMT,CA,AWP,WE,Towers with Radar,0,0,14,0,14,0,0,223,0,223,0,0,237,0,237,181,0,181,418
01/15/2007,EMT,CA,AWP,WE,Towers with Radar,0,1,8,0,9,0,0,218,17,235,0,1,226,17,244,241,0,241,485
01/16/2007,EMT,CA,AWP,WE,Towers with Radar,0,4,5,0,9,0,5,209,0,214,0,9,214,0,223,220,1,221,444
01/17/2007,EMT,CA,AWP,WE,Towers with Radar,0,4,19,0,23,0,0,153,0,153,0,4,172,0,176,183,0,183,359
01/18/2007,EMT,CA,AWP,WE,Towers with Radar,0,4,2,0,6,0,2,201,0,203,0,6,203,0,209,173,0,173,382
01/19/2007,EMT,CA,AWP,WE,Towers with Radar,0,2,1,0,3,0,0,179,0,179,0,2,180,0,182,198,0,198,380
01/20/2007,EMT,CA,AWP,WE,Towers with Radar,0,0,16,0,16,0,0,199,0,199,0,0,215,0,215,307,0,307,522
01/21/2007,EMT,CA,AWP,WE,Towers with Radar,0,0,4,0,4,0,0,157,0,157,0,0,161,0,161,208,0,208,369
01/22/2007,EMT,CA,AWP,WE,Towers with Radar,0,4,5,0,9,0,2,217,0,219,0,6,222,0,228,271,0,271,499
01/23/2007,EMT,CA,AWP,WE,Towers with Radar,0,4,19,0,23,0,1,230,0,231,0,5,249,0,254,199,0,199,453
01/24/2007,EMT,CA,AWP,WE,Towers with Radar,0,5,14,1,20,0,1,258,2,261,0,6,272,3,281,242,1,243,524
01/25/2007,EMT,CA,AWP,WE,Towers with Radar,0,4,5,0,9,0,4,226,2,232,0,8,231,2,241,113,0,113,354
01/26/2007,EMT,CA,AWP,WE,Towers with Radar,0,4,9,0,13,0,2,208,2,212,0,6,217,2,225,191,0,191,416
01/27/2007,EMT,CA,AWP,WE,Towers with Radar,0,0,24,0,24,0,0,125,0,125,0,0,149,0,149,255,0,255,404
01/28/2007,EMT,CA,AWP,WE,Towers with Radar,0,0,20,0,20,0,0,167,0,167,0,0,187,0,187,281,0,281,468
01/29/2007,EMT,CA,AWP,WE,Towers with Radar,0,3,3,0,6,0,3,173,0,176,0,6,176,0,182,136,0,136,318
01/30/2007,EMT,CA,AWP,WE,Towers with Radar,0,5,10,0,15,0,1,154,0,155,0,6,164,0,170,121,0,121,291
01/31/2007,EMT,CA,AWP,WE,Towers with Radar,0,4,8,0,12,0,0,48,0,48,0,4,56,0,60,173,0,173,233
02/01/2007,EMT,CA,AWP,WE,Towers with Radar,0,5,15,0,20,0,0,108,1,109,0,5,123,1,129,158,0,158,287
02/02/2007,EMT,CA,AWP,WE,Towers with Radar,0,5,25,0,30,0,4,117,0,121,0,9,142,0,151,228,0,228,379
02/03/2007,EMT,CA,AWP,WE,Towers with Radar,0,0,15,0,15,0,0,186,0,186,0,0,201,0,201,234,0,234,435
02/04/2007,EMT,CA,AWP,WE,Towers with Radar,0,0,15,0,15,0,0,141,0,141,0,0,156,0,156,216,0,216,372
02/05/2007,EMT,CA,AWP,WE,Towers with Radar,0,4,7,0,11,0,3,138,0,141,0,7,145,0,152,244,0,244,396
02/06/2007,EMT,CA,AWP,WE,Towers with Radar,0,4,10,0,14,0,0,104,2,106,0,4,114,2,120,187,0,187,307
02/07/2007,EMT,CA,AWP,WE,Towers with Radar,0,4,9,0,13,0,0,93,0,93,0,4,102,0,106,94,9,103,209
02/08/2007,EMT,CA,AWP,WE,Towers with Radar,0,2,9,0,11,0,0,71,0,71,0,2,80,0,82,124,0,124,206
02/09/2007,EMT,CA,AWP,WE,Towers with Radar,0,2,12,0,14,0,3,78,0,81,0,5,90,0,95,168,0,168,263
02/10/2007,EMT,CA,AWP,WE,Towers with Radar,0,0,7,0,7,0,0,92,0,92,0,0,99,0,99,301,0,301,400
02/11/2007,EMT,CA,AWP,WE,Towers with Radar,0,0,5,0,5,0,0,61,0,61,0,0,66,0,66,119,0,119,185
02/12/2007,EMT,CA,AWP,WE,Towers with Radar,0,4,13,0,17,0,1,72,0,73,0,5,85,0,90,183,0,183,273
02/13/2007,EMT,CA,AWP,WE,Towers with Radar,0,5,16,0,21,0,0,99,0,99,0,5,115,0,120,213,0,213,333
02/14/2007,EMT,CA,AWP,WE,Towers with Radar,0,4,11,0,15,0,2,122,0,124,0,6,133,0,139,113,0,113,252
02/15/2007,EMT,CA,AWP,WE,Towers with Radar,0,3,7,0,10,0,6,133,0,139,0,9,140,0,149,130,0,130,279
02/16/2007,EMT,CA,AWP,WE,Towers with Radar,0,3,12,0,15,0,3,136,0,139,0,6,148,0,154,227,0,227,381
02/17/2007,EMT,CA,AWP,WE,Towers with Radar,0,0,5,1,6,0,0,130,1,131,0,0,135,2,137,236,0,236,373
02/18/2007,EMT,CA,AWP,WE,Towers with Radar,0,0,13,0,13,0,0,155,0,155,0,0,168,0,168,264,0,264,432
02/19/2007,EMT,CA,AWP,WE,Towers with Radar,0,0,1,0,1,0,0,54,0,54,0,0,55,0,55,177,0,177,232
02/20/2007,EMT,CA,AWP,WE,Towers with Radar,0,5,10,0,15,0,1,89,0,90,0,6,99,0,105,215,0,215,320
02/21/2007,EMT,CA,AWP,WE,Towers with Radar,0,3,10,0,13,0,1,114,0,115,0,4,124,0,128,189,0,189,317
02/22/2007,EMT,CA,AWP,WE,Towers with Radar,0,0,8,0,8,0,0,32,0,32,0,0,40,0,40,29,0,29,69
02/23/2007,EMT,CA,AWP,WE,Towers with Radar,0,3,9,0,12,0,1,68,0,69,0,4,77,0,81,72,0,72,153
02/24/2007,EMT,CA,AWP,WE,Towers with Radar,0,0,8,0,8,0,0,189,0,189,0,0,197,0,197,245,0,245,442
02/25/2007,EMT,CA,AWP,WE,Towers with Radar,0,0,15,0,15,0,0,196,2,198,0,0,211,2,213,224,0,224,437
02/26/2007,EMT,CA,AWP,WE,Towers with Radar,0,7,9,0,16,0,2,108,0,110,0,9,117,0,126,214,0,214,340
02/27/2007,EMT,CA,AWP,WE,Towers with Radar,0,4,6,0,10,0,2,46,0,48,0,6,52,0,58,102,0,102,160
02/28/2007,EMT,CA,AWP,WE,Towers with Radar,0,5,4,0,9,0,2,89,0,91,0,7,93,0,100,109,0,109,209
03/01/2007,EMT,CA,AWP,WE,Towers with Radar,0,2,11,0,13,0,0,142,0,142,0,2,153,0,155,130,0,130,285
03/02/2007,EMT,CA,AWP,WE,Towers with Radar,0,3,10,0,13,0,2,137,0,139,0,5,147,0,152,269,0,269,421
03/03/2007,EMT,CA,AWP,WE,Towers with Radar,0,0,12,0,12,0,0,147,0,147,0,0,159,0,159,217,0,217,376
03/04/2007,EMT,CA,AWP,WE,Towers with Radar,0,0,9,0,9,0,0,197,0,197,0,0,206,0,206,309,0,309,515
03/05/2007,EMT,CA,AWP,WE,Towers with Radar,0,4,5,0,9,0,2,138,0,140,0,6,143,0,149,117,0,117,266
03/06/2007,EMT,CA,AWP,WE,Towers with Radar,0,4,10,0,14,0,2,136,0,138,0,6,146,0,152,184,0,184,336
03/07/2007,EMT,CA,AWP,WE,Towers with Radar,0,4,9,0,13,0,2,140,0,142,0,6,149,0,155,197,0,197,352
03/08/2007,EMT,CA,AWP,WE,Towers with Radar,0,3,12,0,15,0,2,116,0,118,0,5,128,0,133,209,0,209,342
03/09/2007,EMT,CA,AWP,WE,Towers with Radar,0,2,19,0,21,0,0,94,0,94,0,2,113,0,115,222,0,222,337
03/10/2007,EMT,CA,AWP,WE,Towers with Radar,0,0,20,0,20,0,0,135,0,135,0,0,155,0,155,262,0,262,417
03/11/2007,EMT,CA,AWP,WE,Towers with Radar,0,0,10,0,10,0,0,208,0,208,0,0,218,0,218,216,0,216,434
03/12/2007,EMT,CA,AWP,WE,Towers with Radar,0,4,5,0,9,0,4,143,0,147,0,8,148,0,156,198,0,198,354
03/13/2007,EMT,CA,AWP,WE,Towers with Radar,0,4,7,0,11,0,1,132,0,133,0,5,139,0,144,222,0,222,366
03/14/2007,EMT,CA,AWP,WE,Towers with Radar,0,4,9,0,13,0,1,94,0,95,0,5,103,0,108,149,0,149,257
03/15/2007,EMT,CA,AWP,WE,Towers with Radar,0,2,8,0,10,0,0,110,2,112,0,2,118,2,122,110,1,111,233
03/16/2007,EMT,CA,AWP,WE,Towers with Radar,0,3,12,0,15,0,1,79,0,80,0,4,91,0,95,19,0,19,114
03/17/2007,EMT,CA,AWP,WE,Towers with Radar,0,0,15,0,15,0,0,118,0,118,0,0,133,0,133,75,0,75,208
03/18/2007,EMT,CA,AWP,WE,Towers with Radar,0,0,25,0,25,0,0,44,0,44,0,0,69,0,69,200,0,200,269
03/19/2007,EMT,CA,AWP,WE,Towers with Radar,0,5,13,0,18,0,1,53,0,54,0,6,66,0,72,222,0,222,294
03/20/2007,EMT,CA,AWP,WE,Towers with Radar,0,6,19,0,25,0,0,41,0,41,0,6,60,0,66,113,0,113,179
03/21/2007,EMT,CA,AWP,WE,Towers with Radar,0,3,12,0,15,0,0,61,0,61,0,3,73,0,76,178,0,178,254
03/22/2007,EMT,CA,AWP,WE,Towers with Radar,0,3,9,0,12,0,0,109,0,109,0,3,118,0,121,154,0,154,275
03/23/2007,EMT,CA,AWP,WE,Towers with Radar,0,3,15,0,18,0,0,134,0,134,0,3,149,0,152,209,0,209,361
03/24/2007,EMT,CA,AWP,WE,Towers with Radar,0,0,16,0,16,0,0,110,0,110,0,0,126,0,126,311,0,311,437
03/25/2007,EMT,CA,AWP,WE,Towers with Radar,0,0,14,0,14,0,0,152,0,152,0,0,166,0,166,332,0,332,498
03/26/2007,EMT,CA,AWP,WE,Towers with Radar,0,5,11,0,16,0,0,66,0,66,0,5,77,0,82,147,0,147,229
03/27/2007,EMT,CA,AWP,WE,Towers with Radar,0,4,2,0,6,0,3,27,0,30,0,7,29,0,36,62,0,62,98
03/28/2007,EMT,CA,AWP,WE,Towers with Radar,0,4,17,0,21,0,1,149,4,154,0,5,166,4,175,182,0,182,357
03/29/2007,EMT,CA,AWP,WE,Towers with Radar,0,5,10,0,15,0,5,123,0,128,0,10,133,0,143,196,0,196,339
03/30/2007,EMT,CA,AWP,WE,Towers with Radar,0,3,16,0,19,0,0,145,0,145,0,3,161,0,164,227,0,227,391
03/31/2007,EMT,CA,AWP,WE,Towers with Radar,0,0,15,0,15,0,0,191,0,191,0,0,206,0,206,207,0,207,413
04/01/2007,EMT,CA,AWP,WE,Towers with Radar,0,0,15,0,15,0,0,151,0,151,0,0,166,0,166,199,0,199,365
04/02/2007,EMT,CA,AWP,WE,Towers with Radar,0,4,9,0,13,0,2,110,0,112,0,6,119,0,125,155,0,155,280
04/03/2007,EMT,CA,AWP,WE,Towers with Radar,0,4,7,0,11,0,3,110,0,113,0,7,117,0,124,125,0,125,249
04/04/2007,EMT,CA,AWP,WE,Towers with Radar,0,4,13,0,17,0,1,84,0,85,0,5,97,0,102,157,0,157,259
04/05/2007,EMT,CA,AWP,WE,Towers with Radar,0,1,20,0,21,0,3,102,0,105,0,4,122,0,126,123,0,123,249
04/06/2007,EMT,CA,AWP,WE,Towers with Radar,0,0,26,0,26,0,0,50,0,50,0,0,76,0,76,259,0,259,335
04/07/2007,EMT,CA,AWP,WE,Towers with Radar,0,0,37,0,37,0,0,27,0,27,0,0,64,0,64,129,0,129,193
04/08/2007,EMT,CA,AWP,WE,Towers with Radar,0,0,19,0,19,0,0,30,0,30,0,0,49,0,49,187,0,187,236
04/09/2007,EMT,CA,AWP,WE,Towers with Radar,0,2,10,0,12,0,0,72,0,72,0,2,82,0,84,147,0,147,231
04/10/2007,EMT,CA,AWP,WE,Towers with Radar,0,4,11,0,15,0,1,102,3,106,0,5,113,3,121,146,0,146,267
04/11/2007,EMT,CA,AWP,WE,Towers with Radar,0,4,10,0,14,0,2,107,0,109,0,6,117,0,123,263,0,263,386
04/12/2007,EMT,CA,AWP,WE,Towers with Radar,0,2,10,0,12,0,0,40,0,40,0,2,50,0,52,111,0,111,163
04/13/2007,EMT,CA,AWP,WE,Towers with Radar,0,3,13,0,16,0,1,144,0,145,0,4,157,0,161,251,0,251,412
04/14/2007,EMT,CA,AWP,WE,Towers with Radar,0,0,5,0,5,0,0,167,0,167,0,0,172,0,172,238,0,238,410
04/15/2007,EMT,CA,AWP,WE,Towers with Radar,0,0,8,0,8,0,0,114,0,114,0,0,122,0,122,287,0,287,409
04/16/2007,EMT,CA,AWP,WE,Towers with Radar,0,4,14,0,18,0,1,120,0,121,0,5,134,0,139,194,0,194,333
04/17/2007,EMT,CA,AWP,WE,Towers with Radar,0,4,15,0,19,0,2,93,0,95,0,6,108,0,114,150,0,150,264
04/18/2007,EMT,CA,AWP,WE,Towers with Radar,0,4,6,0,10,0,2,59,0,61,0,6,65,0,71,61,0,61,132
04/19/2007,EMT,CA,AWP,WE,Towers with Radar,0,2,7,0,9,0,0,158,0,158,0,2,165,0,167,185,0,185,352
04/20/2007,EMT,CA,AWP,WE,Towers with Radar,0,4,5,0,9,0,2,10,0,12,0,6,15,0,21,49,0,49,70
04/21/2007,EMT,CA,AWP,WE,Towers with Radar,0,0,11,0,11,0,0,134,0,134,0,0,145,0,145,226,0,226,371
04/22/2007,EMT,CA,AWP,WE,Towers with Radar,0,0,18,0,18,0,0,113,0,113,0,0,131,0,131,219,1,220,351
04/23/2007,EMT,CA,AWP,WE,Towers with Radar,0,3,8,1,12,0,3,116,0,119,0,6,124,1,131,195,0,195,326
04/24/2007,EMT,CA,AWP,WE,Towers with Radar,0,2,16,0,18,0,3,188,0,191,0,5,204,0,209,222,0,222,431
04/25/2007,EMT,CA,AWP,WE,Towers with Radar,0,3,7,0,10,0,1,141,0,142,0,4,148,0,152,207,0,207,359
04/26/2007,EMT,CA,AWP,WE,Towers with Radar,0,2,23,0,25,0,2,124,0,126,0,4,147,0,151,206,0,206,357
04/27/2007,EMT,CA,AWP,WE,Towers with Radar,0,5,16,0,21,0,0,164,0,164,0,5,180,0,185,222,0,222,407
04/28/2007,EMT,CA,AWP,WE,Towers with Radar,0,0,15,0,15,0,0,165,0,165,0,0,180,0,180,211,0,211,391
04/29/2007,EMT,CA,AWP,WE,Towers with Radar,0,0,14,0,14,0,0,110,0,110,0,0,124,0,124,237,0,237,361
04/30/2007,EMT,CA,AWP,WE,Towers with Radar,0,3,5,0,8,0,0,80,0,80,0,3,85,0,88,81,0,81,169
05/01/2007,EMT,CA,AWP,WE,Towers with Radar,0,4,16,0,20,0,0,93,0,93,0,4,109,0,113,158,0,158,271
05/02/2007,EMT,CA,AWP,WE,Towers with Radar,0,3,9,0,12,0,3,101,0,104,0,6,110,0,116,207,0,207,323
05/03/2007,EMT,CA,AWP,WE,Towers with Radar,0,3,17,0,20,0,0,87,0,87,0,3,104,0,107,105,0,105,212
05/04/2007,EMT,CA,AWP,WE,Towers with Radar,0,3,9,0,12,0,2,90,0,92,0,5,99,0,104,150,0,150,254
05/05/2007,EMT,CA,AWP,WE,Towers with Radar,0,0,7,0,7,0,0,126,0,126,0,0,133,0,133,174,0,174,307
05/06/2007,EMT,CA,AWP,WE,Towers with Radar,0,0,17,0,17,0,0,205,0,205,0,0,222,0,222,195,0,195,417
05/07/2007,EMT,CA,AWP,WE,Towers with Radar,0,3,6,0,9,0,5,89,0,94,0,8,95,0,103,130,0,130,233
05/08/2007,EMT,CA,AWP,WE,Towers with Radar,0,3,11,0,14,0,2,153,0,155,0,5,164,0,169,137,0,137,306
05/09/2007,EMT,CA,AWP,WE,Towers with Radar,0,0,36,2,38,0,2,103,0,105,0,2,139,2,143,280,0,280,423
05/10/2007,EMT,CA,AWP,WE,Towers with Radar,0,2,13,0,15,0,3,102,0,105,0,5,115,0,120,193,0,193,313
05/11/2007,EMT,CA,AWP,WE,Towers with Radar,0,4,9,0,13,0,1,141,0,142,0,5,150,0,155,199,0,199,354
05/12/2007,EMT,CA,AWP,WE,Towers with Radar,0,0,17,0,17,0,0,120,0,120,0,0,137,0,137,235,0,235,372
05/13/2007,EMT,CA,AWP,WE,Towers with Radar,0,0,11,0,11,0,0,134,0,134,0,0,145,0,145,251,0,251,396
05/14/2007,EMT,CA,AWP,WE,Towers with Radar,0,3,16,0,19,0,6,106,2,114,0,9,122,2,133,216,0,216,349
05/15/2007,EMT,CA,AWP,WE,Towers with Radar,0,4,11,0,15,0,0,117,0,117,0,4,128,0,132,159,2,161,293
05/16/2007,EMT,CA,AWP,WE,Towers with Radar,0,3,14,0,17,0,0,80,0,80,0,3,94,0,97,216,0,216,313
05/17/2007,EMT,CA,AWP,WE,Towers with Radar,0,3,18,0,21,0,0,77,0,77,0,3,95,0,98,267,0,267,365
05/18/2007,EMT,CA,AWP,WE,Towers with Radar,0,2,19,0,21,0,2,84,0,86,0,4,103,0,107,142,0,142,249
05/19/2007,EMT,CA,AWP,WE,Towers with Radar,0,0,19,0,19,0,0,91,0,91,0,0,110,0,110,155,0,155,265
05/20/2007,EMT,CA,AWP,WE,Towers with Radar,0,0,14,0,14,0,0,102,0,102,0,0,116,0,116,175,0,175,291
05/21/2007,EMT,CA,AWP,WE,Towers with Radar,0,5,12,0,17,0,1,46,0,47,0,6,58,0,64,203,0,203,267
05/22/2007,EMT,CA,AWP,WE,Towers with Radar,0,4,22,0,26,0,1,66,2,69,0,5,88,2,95,255,0,255,350
05/23/2007,EMT,CA,AWP,WE,Towers with Radar,0,2,13,0,15,0,1,118,0,119,0,3,131,0,134,249,0,249,383
05/24/2007,EMT,CA,AWP,WE,Towers with Radar,0,2,18,0,20,0,0,161,1,162,0,2,179,1,182,224,0,224,406
05/25/2007,EMT,CA,AWP,WE,Towers with Radar,0,4,21,0,25,0,3,154,0,157,0,7,175,0,182,241,0,241,423
05/26/2007,EMT,CA,AWP,WE,Towers with Radar,0,0,9,0,9,0,0,142,0,142,0,0,151,0,151,339,0,339,490
05/27/2007,EMT,CA,AWP,WE,Towers with Radar,0,0,7,0,7,0,0,114,0,114,0,0,121,0,121,173,0,173,294
05/28/2007,EMT,CA,AWP,WE,Towers with Radar,0,0,18,0,18,0,0,118,0,118,0,0,136,0,136,350,0,350,486
05/29/2007,EMT,CA,AWP,WE,Towers with Radar,0,3,11,0,14,0,2,103,0,105,0,5,114,0,119,246,0,246,365
05/30/2007,EMT,CA,AWP,WE,Towers with Radar,0,4,8,0,12,0,3,85,0,88,0,7,93,0,100,222,0,222,322
05/31/2007,EMT,CA,AWP,WE,Towers with Radar,0,2,13,0,15,0,2,117,0,119,0,4,130,0,134,188,0,188,322
06/01/2007,EMT,CA,AWP,WE,Towers with Radar,0,2,17,0,19,0,0,122,0,122,0,2,139,0,141,283,0,283,424
06/02/2007,EMT,CA,AWP,WE,Towers with Radar,0,0,21,0,21,0,0,113,0,113,0,0,134,0,134,176,0,176,310
06/03/2007,EMT,CA,AWP,WE,Towers with Radar,0,0,6,0,6,0,0,112,0,112,0,0,118,0,118,325,0,325,443
06/04/2007,EMT,CA,AWP,WE,Towers with Radar,0,3,11,0,14,0,1,151,0,152,0,4,162,0,166,206,0,206,372
06/05/2007,EMT,CA,AWP,WE,Towers with Radar,0,0,18,0,18,0,0,39,0,39,0,0,57,0,57,165,0,165,222
06/06/2007,EMT,CA,AWP,WE,Towers with Radar,0,2,15,0,17,0,4,148,0,152,0,6,163,0,169,224,0,224,393
06/07/2007,EMT,CA,AWP,WE,Towers with Radar,0,4,15,0,19,0,0,151,0,151,0,4,166,0,170,268,0,268,438
06/08/2007,EMT,CA,AWP,WE,Towers with Radar,0,1,10,0,11,0,0,123,0,123,0,1,133,0,134,241,0,241,375
06/09/2007,EMT,CA,AWP,WE,Towers with Radar,0,0,14,0,14,0,0,163,0,163,0,0,177,0,177,314,0,314,491
06/10/2007,EMT,CA,AWP,WE,Towers with Radar,0,0,11,0,11,0,0,148,0,148,0,0,159,0,159,287,0,287,446
06/11/2007,EMT,CA,AWP,WE,Towers with Radar,0,3,7,0,10,0,2,95,0,97,0,5,102,0,107,258,0,258,365
06/12/2007,EMT,CA,AWP,WE,Towers with Radar,0,3,14,0,17,0,0,133,0,133,0,3,147,0,150,210,0,210,360
06/13/2007,EMT,CA,AWP,WE,Towers with Radar,0,3,15,0,18,0,3,118,0,121,0,6,133,0,139,230,0,230,369
06/14/2007,EMT,CA,AWP,WE,Towers with Radar,0,4,13,0,17,0,0,131,2,133,0,4,144,2,150,259,0,259,409
06/15/2007,EMT,CA,AWP,WE,Towers with Radar,0,0,14,0,14,0,0,118,0,118,0,0,132,0,132,201,0,201,333
06/16/2007,EMT,CA,AWP,WE,Towers with Radar,0,0,8,0,8,0,0,139,0,139,0,0,147,0,147,203,0,203,350
06/17/2007,EMT,CA,AWP,WE,Towers with Radar,0,0,8,0,8,0,0,166,1,167,0,0,174,1,175,139,0,139,314
06/18/2007,EMT,CA,AWP,WE,Towers with Radar,0,5,13,0,18,0,0,129,1,130,0,5,142,1,148,159,0,159,307
06/19/2007,EMT,CA,AWP,WE,Towers with Radar,0,3,8,0,11,0,2,146,0,148,0,5,154,0,159,194,0,194,353
06/20/2007,EMT,CA,AWP,WE,Towers with Radar,0,3,10,0,13,0,2,113,0,115,0,5,123,0,128,147,0,147,275
06/21/2007,EMT,CA,AWP,WE,Towers with Radar,0,3,7,0,10,0,0,152,1,153,0,3,159,1,163,202,0,202,365
06/22/2007,EMT,CA,AWP,WE,Towers with Radar,0,1,6,0,7,0,0,129,0,129,0,1,135,0,136,140,0,140,276
06/23/2007,EMT,CA,AWP,WE,Towers with Radar,0,0,7,0,7,0,0,135,0,135,0,0,142,0,142,181,0,181,323
06/24/2007,EMT,CA,AWP,WE,Towers with Radar,0,0,7,0,7,0,0,146,1,147,0,0,153,1,154,216,0,216,370
06/25/2007,EMT,CA,AWP,WE,Towers with Radar,0,0,9,0,9,0,0,144,0,144,0,0,153,0,153,165,0,165,318
06/26/2007,EMT,CA,AWP,WE,Towers with Radar,0,2,13,0,15,0,2,156,0,158,0,4,169,0,173,275,0,275,448
06/27/2007,EMT,CA,AWP,WE,Towers with Radar,0,2,6,0,8,0,1,101,0,102,0,3,107,0,110,116,0,116,226
06/28/2007,EMT,CA,AWP,WE,Towers with Radar,0,2,8,0,10,0,0,158,1,159,0,2,166,1,169,206,0,206,375
06/29/2007,EMT,CA,AWP,WE,Towers with Radar,0,0,9,0,9,0,2,140,0,142,0,2,149,0,151,183,0,183,334
06/30/2007,EMT,CA,AWP,WE,Towers with Radar,0,0,9,0,9,0,0,134,0,134,0,0,143,0,143,179,0,179,322
07/01/2007,EMT,CA,AWP,WE,Towers with Radar,0,0,8,0,8,0,0,151,0,151,0,0,159,0,159,197,0,197,356
07/02/2007,EMT,CA,AWP,WE,Towers with Radar,0,0,6,0,6,0,0,100,0,100,0,0,106,0,106,126,0,126,232
07/03/2007,EMT,CA,AWP,WE,Towers with Radar,0,3,8,0,11,0,0,96,0,96,0,3,104,0,107,194,0,194,301
07/04/2007,EMT,CA,AWP,WE,Towers with Radar,0,0,2,0,2,0,0,95,0,95,0,0,97,0,97,146,0,146,243
07/05/2007,EMT,CA,AWP,WE,Towers with Radar,0,2,30,0,32,0,2,24,0,26,0,4,54,0,58,29,0,29,87
07/06/2007,EMT,CA,AWP,WE,Towers with Radar,0,0,14,0,14,0,0,69,0,69,0,0,83,0,83,149,0,149,232
07/07/2007,EMT,CA,AWP,WE,Towers with Radar,0,0,20,0,20,0,0,111,0,111,0,0,131,0,131,151,0,151,282
07/08/2007,EMT,CA,AWP,WE,Towers with Radar,0,0,7,0,7,0,0,82,0,82,0,0,89,0,89,255,0,255,344
07/09/2007,EMT,CA,AWP,WE,Towers with Radar,0,1,6,0,7,0,6,79,0,85,0,7,85,0,92,123,0,123,215
07/10/2007,EMT,CA,AWP,WE,Towers with Radar,0,1,17,0,18,0,1,64,0,65,0,2,81,0,83,163,0,163,246
07/11/2007,EMT,CA,AWP,WE,Towers with Radar,0,3,9,0,12,0,0,94,0,94,0,3,103,0,106,228,0,228,334
07/12/2007,EMT,CA,AWP,WE,Towers with Radar,0,3,11,0,14,0,4,85,0,89,0,7,96,0,103,185,0,185,288
07/13/2007,EMT,CA,AWP,WE,Towers with Radar,0,2,9,0,11,0,2,81,0,83,0,4,90,0,94,228,0,228,322
07/14/2007,EMT,CA,AWP,WE,Towers with Radar,0,0,10,0,10,0,0,144,0,144,0,0,154,0,154,93,0,93,247
07/15/2007,EMT,CA,AWP,WE,Towers with Radar,0,0,15,0,15,0,0,110,0,110,0,0,125,0,125,200,0,200,325
07/16/2007,EMT,CA,AWP,WE,Towers with Radar,0,2,3,0,5,0,0,61,0,61,0,2,64,0,66,132,0,132,198
07/17/2007,EMT,CA,AWP,WE,Towers with Radar,0,2,14,0,16,0,1,79,0,80,0,3,93,0,96,168,1,169,265
07/18/2007,EMT,CA,AWP,WE,Towers with Radar,0,1,13,0,14,0,0,84,0,84,0,1,97,0,98,250,0,250,348
07/19/2007,EMT,CA,AWP,WE,Towers with Radar,0,3,13,0,16,0,0,91,0,91,0,3,104,0,107,207,0,207,314
07/20/2007,EMT,CA,AWP,WE,Towers with Radar,0,0,22,0,22,0,0,92,0,92,0,0,114,0,114,210,0,210,324
07/21/2007,EMT,CA,AWP,WE,Towers with Radar,0,0,17,0,17,0,0,89,0,89,0,0,106,0,106,145,0,145,251
07/22/2007,EMT,CA,AWP,WE,Towers with Radar,0,0,16,0,16,0,0,123,0,123,0,0,139,0,139,238,0,238,377
07/23/2007,EMT,CA,AWP,WE,Towers with Radar,0,1,4,0,5,0,4,77,0,81,0,5,81,0,86,123,0,123,209
07/24/2007,EMT,CA,AWP,WE,Towers with Radar,0,0,11,0,11,0,3,129,0,132,0,3,140,0,143,184,0,184,327
07/25/2007,EMT,CA,AWP,WE,Towers with Radar,0,2,11,0,13,0,0,88,0,88,0,2,99,0,101,169,0,169,270
07/26/2007,EMT,CA,AWP,WE,Towers with Radar,0,0,8,0,8,0,5,84,0,89,0,5,92,0,97,98,0,98,195
07/27/2007,EMT,CA,AWP,WE,Towers with Radar,0,0,8,0,8,0,2,97,0,99,0,2,105,0,107,158,0,158,265
07/28/2007,EMT,CA,AWP,WE,Towers with Radar,0,0,7,0,7,0,0,133,0,133,0,0,140,0,140,128,0,128,268
07/29/2007,EMT,CA,AWP,WE,Towers with Radar,0,0,6,0,6,0,0,130,0,130,0,0,136,0,136,232,2,234,370
07/30/2007,EMT,CA,AWP,WE,Towers with Radar,0,3,5,0,8,0,0,64,0,64,0,3,69,0,72,169,0,169,241
07/31/2007,EMT,CA,AWP,WE,Towers with Radar,0,3,14,0,17,0,0,70,0,70,0,3,84,0,87,86,0,86,173
08/01/2007,EMT,CA,AWP,WE,Towers with Radar,0,2,5,0,7,0,2,63,0,65,0,4,68,0,72,145,0,145,217
08/02/2007,EMT,CA,AWP,WE,Towers with Radar,0,3,4,0,7,0,0,72,0,72,0,3,76,0,79,140,0,140,219
08/03/2007,EMT,CA,AWP,WE,Towers with Radar,0,2,27,0,29,0,0,61,0,61,0,2,88,0,90,105,0,105,195
08/04/2007,EMT,CA,AWP,WE,Towers with Radar,0,0,17,0,17,0,0,96,0,96,0,0,113,0,113,126,0,126,239
08/05/2007,EMT,CA,AWP,WE,Towers with Radar,0,0,14,0,14,0,0,90,0,90,0,0,104,0,104,256,0,256,360
08/06/2007,EMT,CA,AWP,WE,Towers with Radar,0,2,9,0,11,0,3,83,0,86,0,5,92,0,97,149,0,149,246
08/07/2007,EMT,CA,AWP,WE,Towers with Radar,0,3,10,0,13,0,1,78,0,79,0,4,88,0,92,206,0,206,298
08/08/2007,EMT,CA,AWP,WE,Towers with Radar,0,2,5,0,7,0,1,96,0,97,0,3,101,0,104,144,0,144,248
08/09/2007,EMT,CA,AWP,WE,Towers with Radar,0,1,5,0,6,0,2,94,0,96,0,3,99,0,102,192,0,192,294
08/10/2007,EMT,CA,AWP,WE,Towers with Radar,0,0,7,0,7,0,0,105,0,105,0,0,112,0,112,185,0,185,297
08/11/2007,EMT,CA,AWP,WE,Towers with Radar,0,0,27,0,27,0,1,55,0,56,0,1,82,0,83,154,0,154,237
08/12/2007,EMT,CA,AWP,WE,Towers with Radar,0,0,11,0,11,0,0,139,0,139,0,0,150,0,150,291,0,291,441
08/13/2007,EMT,CA,AWP,WE,Towers with Radar,0,2,3,0,5,0,0,110,0,110,0,2,113,0,115,238,0,238,353
08/14/2007,EMT,CA,AWP,WE,Towers with Radar,0,3,2,0,5,0,0,0,0,0,0,3,2,0,5,177,0,177,182
08/15/2007,EMT,CA,AWP,WE,Towers with Radar,0,2,2,0,4,0,2,104,0,106,0,4,106,0,110,145,0,145,255
08/16/2007,EMT,CA,AWP,WE,Towers with Radar,0,2,6,0,8,0,0,102,0,102,0,2,108,0,110,170,0,170,280
08/17/2007,EMT,CA,AWP,WE,Towers with Radar,0,0,11,0,11,0,0,81,0,81,0,0,92,0,92,285,0,285,377
08/18/2007,EMT,CA,AWP,WE,Towers with Radar,0,0,3,0,3,0,0,136,0,136,0,0,139,0,139,286,0,286,425
08/19/2007,EMT,CA,AWP,WE,Towers with Radar,0,0,7,0,7,0,1,117,0,118,0,1,124,0,125,287,0,287,412
08/20/2007,EMT,CA,AWP,WE,Towers with Radar,0,3,6,0,9,0,0,84,0,84,0,3,90,0,93,186,0,186,279
08/21/2007,EMT,CA,AWP,WE,Towers with Radar,0,2,4,0,6,0,0,118,0,118,0,2,122,0,124,163,0,163,287
08/22/2007,EMT,CA,AWP,WE,Towers with Radar,0,2,11,0,13,0,0,85,0,85,0,2,96,0,98,100,0,100,198
08/23/2007,EMT,CA,AWP,WE,Towers with Radar,0,1,8,0,9,0,0,60,0,60,0,1,68,0,69,178,0,178,247
08/24/2007,EMT,CA,AWP,WE,Towers with Radar,0,0,8,0,8,0,0,87,0,87,0,0,95,0,95,128,0,128,223
08/25/2007,EMT,CA,AWP,WE,Towers with Radar,0,0,5,0,5,0,0,119,0,119,0,0,124,0,124,166,0,166,290
08/26/2007,EMT,CA,AWP,WE,Towers with Radar,0,0,14,0,14,0,0,109,0,109,0,0,123,0,123,249,0,249,372
08/27/2007,EMT,CA,AWP,WE,Towers with Radar,0,2,6,0,8,0,1,81,0,82,0,3,87,0,90,187,0,187,277
08/28/2007,EMT,CA,AWP,WE,Towers with Radar,0,2,4,0,6,0,0,82,0,82,0,2,86,0,88,172,0,172,260
08/29/2007,EMT,CA,AWP,WE,Towers with Radar,0,3,3,0,6,0,1,77,0,78,0,4,80,0,84,159,0,159,243
08/30/2007,EMT,CA,AWP,WE,Towers with Radar,0,3,2,0,5,0,0,93,0,93,0,3,95,0,98,122,0,122,220
08/31/2007,EMT,CA,AWP,WE,Towers with Radar,0,0,4,0,4,0,1,103,0,104,0,1,107,0,108,152,0,152,260
09/01/2007,EMT,CA,AWP,WE,Towers with Radar,0,0,8,0,8,0,0,101,0,101,0,0,109,0,109,213,0,213,322
09/02/2007,EMT,CA,AWP,WE,Towers with Radar,0,0,6,0,6,0,0,73,0,73,0,0,79,0,79,124,0,124,203
09/03/2007,EMT,CA,AWP,WE,Towers with Radar,0,0,5,0,5,0,0,92,0,92,0,0,97,0,97,123,0,123,220
09/04/2007,EMT,CA,AWP,WE,Towers with Radar,0,2,2,0,4,0,3,77,0,80,0,5,79,0,84,166,0,166,250
09/05/2007,EMT,CA,AWP,WE,Towers with Radar,0,1,4,0,5,0,3,85,0,88,0,4,89,0,93,119,0,119,212
09/06/2007,EMT,CA,AWP,WE,Towers with Radar,0,1,13,0,14,0,1,76,0,77,0,2,89,0,91,150,0,150,241
09/07/2007,EMT,CA,AWP,WE,Towers with Radar,0,1,7,0,8,0,1,96,0,97,0,2,103,0,105,131,0,131,236
09/08/2007,EMT,CA,AWP,WE,Towers with Radar,0,0,6,0,6,0,0,125,0,125,0,0,131,0,131,229,0,229,360
09/09/2007,EMT,CA,AWP,WE,Towers with Radar,0,0,5,0,5,0,0,176,0,176,0,0,181,0,181,173,0,173,354
09/10/2007,EMT,CA,AWP,WE,Towers with Radar,0,3,2,0,5,0,0,94,0,94,0,3,96,0,99,133,0,133,232
09/11/2007,EMT,CA,AWP,WE,Towers with Radar,0,2,8,0,10,0,0,101,0,101,0,2,109,0,111,207,0,207,318
09/12/2007,EMT,CA,AWP,WE,Towers with Radar,0,1,8,0,9,0,0,91,0,91,0,1,99,0,100,158,0,158,258
09/13/2007,EMT,CA,AWP,WE,Towers with Radar,0,2,14,0,16,0,2,112,0,114,0,4,126,0,130,218,0,218,348
09/14/2007,EMT,CA,AWP,WE,Towers with Radar,0,0,11,0,11,0,2,86,0,88,0,2,97,0,99,149,0,149,248
09/15/2007,EMT,CA,AWP,WE,Towers with Radar,0,0,6,0,6,0,0,130,0,130,0,0,136,0,136,262,0,262,398
09/16/2007,EMT,CA,AWP,WE,Towers with Radar,0,0,8,0,8,0,0,141,0,141,0,0,149,0,149,230,0,230,379
09/17/2007,EMT,CA,AWP,WE,Towers with Radar,0,3,6,0,9,0,0,79,0,79,0,3,85,0,88,143,0,143,231
09/18/2007,EMT,CA,AWP,WE,Towers with Radar,0,3,5,0,8,0,2,73,0,75,0,5,78,0,83,158,0,158,241
09/19/2007,EMT,CA,AWP,WE,Towers with Radar,0,2,18,0,20,0,0,35,0,35,0,2,53,0,55,130,0,130,185
09/20/2007,EMT,CA,AWP,WE,Towers with Radar,0,1,15,0,16,0,1,67,0,68,0,2,82,0,84,119,0,119,203
09/21/2007,EMT,CA,AWP,WE,Towers with Radar,0,0,4,0,4,0,2,95,0,97,0,2,99,0,101,91,0,91,192
09/22/2007,EMT,CA,AWP,WE,Towers with Radar,0,0,5,0,5,0,0,32,0,32,0,0,37,0,37,157,0,157,194
09/23/2007,EMT,CA,AWP,WE,Towers with Radar,0,0,5,0,5,0,0,185,0,185,0,0,190,0,190,251,0,251,441
09/24/2007,EMT,CA,AWP,WE,Towers with Radar,0,0,10,0,10,0,0,138,0,138,0,0,148,0,148,166,0,166,314
09/25/2007,EMT,CA,AWP,WE,Towers with Radar,0,2,17,0,19,0,0,96,0,96,0,2,113,0,115,179,0,179,294
09/26/2007,EMT,CA,AWP,WE,Towers with Radar,0,2,12,0,14,0,1,104,0,105,0,3,116,0,119,117,0,117,236
09/27/2007,EMT,CA,AWP,WE,Towers with Radar,0,2,8,0,10,0,0,99,0,99,0,2,107,0,109,90,0,90,199
09/28/2007,EMT,CA,AWP,WE,Towers with Radar,0,0,14,0,14,0,0,40,0,40,0,0,54,0,54,89,0,89,143
09/29/2007,EMT,CA,AWP,WE,Towers with Radar,0,0,8,0,8,0,0,109,2,111,0,0,117,2,119,117,0,117,236
09/30/2007,EMT,CA,AWP,WE,Towers with Radar,0,0,5,0,5,0,0,136,0,136,0,0,141,0,141,187,0,187,328
10/01/2007,EMT,CA,AWP,WE,Towers with Radar,0,3,3,0,6,0,2,91,0,93,0,5,94,0,99,120,0,120,219
10/02/2007,EMT,CA,AWP,WE,Towers with Radar,0,3,4,0,7,0,0,93,0,93,0,3,97,0,100,146,0,146,246
10/03/2007,EMT,CA,AWP,WE,Towers with Radar,0,2,10,0,12,0,0,82,0,82,0,2,92,0,94,153,0,153,247
10/04/2007,EMT,CA,AWP,WE,Towers with Radar,0,2,10,0,12,0,0,93,0,93,0,2,103,0,105,143,0,143,248
10/05/2007,EMT,CA,AWP,WE,Towers with Radar,0,0,8,0,8,0,0,66,0,66,0,0,74,0,74,183,0,183,257
10/06/2007,EMT,CA,AWP,WE,Towers with Radar,0,0,6,0,6,0,0,124,0,124,0,0,130,0,130,130,0,130,260
10/07/2007,EMT,CA,AWP,WE,Towers with Radar,0,0,2,0,2,0,0,140,0,140,0,0,142,0,142,110,0,110,252
10/08/2007,EMT,CA,AWP,WE,Towers with Radar,0,0,12,0,12,0,0,108,0,108,0,0,120,0,120,138,0,138,258
10/09/2007,EMT,CA,AWP,WE,Towers with Radar,0,2,13,0,15,0,0,96,0,96,0,2,109,0,111,147,0,147,258
10/10/2007,EMT,CA,AWP,WE,Towers with Radar,0,0,11,0,11,0,0,99,0,99,0,0,110,0,110,203,0,203,313
10/11/2007,EMT,CA,AWP,WE,Towers with Radar,0,2,5,0,7,0,0,104,0,104,0,2,109,0,111,124,0,124,235
10/12/2007,EMT,CA,AWP,WE,Towers with Radar,0,0,15,0,15,0,0,69,0,69,0,0,84,0,84,117,0,117,201
10/13/2007,EMT,CA,AWP,WE,Towers with Radar,0,0,19,0,19,0,0,66,0,66,0,0,85,0,85,155,0,155,240
10/14/2007,EMT,CA,AWP,WE,Towers with Radar,0,0,12,0,12,0,0,117,0,117,0,0,129,0,129,236,0,236,365
10/15/2007,EMT,CA,AWP,WE,Towers with Radar,0,0,9,0,9,0,0,0,0,0,0,0,9,0,9,0,0,0,9
10/16/2007,EMT,CA,AWP,WE,Towers with Radar,0,3,12,0,15,0,0,32,0,32,0,3,44,0,47,190,0,190,237
10/17/2007,EMT,CA,AWP,WE,Towers with Radar,0,2,18,0,20,0,0,57,0,57,0,2,75,0,77,113,0,113,190
10/18/2007,EMT,CA,AWP,WE,Towers with Radar,0,1,15,0,16,0,0,90,0,90,0,1,105,0,106,62,0,62,168
10/19/2007,EMT,CA,AWP,WE,Towers with Radar,0,0,16,0,16,0,0,118,0,118,0,0,134,0,134,170,0,170,304
10/20/2007,EMT,CA,AWP,WE,Towers with Radar,0,0,15,0,15,0,0,139,0,139,0,0,154,0,154,139,0,139,293
10/21/2007,EMT,CA,AWP,WE,Towers with Radar,0,0,5,0,5,0,0,87,0,87,0,0,92,0,92,144,0,144,236
10/22/2007,EMT,CA,AWP,WE,Towers with Radar,0,2,0,0,2,0,0,34,0,34,0,2,34,0,36,73,0,73,109
10/23/2007,EMT,CA,AWP,WE,Towers with Radar,0,2,3,0,5,0,0,46,0,46,0,2,49,0,51,156,0,156,207
10/24/2007,EMT,CA,AWP,WE,Towers with Radar,0,2,4,0,6,0,0,76,0,76,0,2,80,0,82,166,0,166,248
10/25/2007,EMT,CA,AWP,WE,Towers with Radar,0,2,15,0,17,0,0,73,0,73,0,2,88,0,90,182,0,182,272
10/26/2007,EMT,CA,AWP,WE,Towers with Radar,0,0,30,0,30,0,0,9,0,9,0,0,39,0,39,67,0,67,106
10/27/2007,EMT,CA,AWP,WE,Towers with Radar,0,0,12,0,12,0,0,131,0,131,0,0,143,0,143,172,0,172,315
10/28/2007,EMT,CA,AWP,WE,Towers with Radar,0,0,9,0,9,0,0,131,0,131,0,0,140,0,140,275,0,275,415
10/29/2007,EMT,CA,AWP,WE,Towers with Radar,0,3,4,0,7,0,0,66,0,66,0,3,70,0,73,112,0,112,185
10/30/2007,EMT,CA,AWP,WE,Towers with Radar,0,3,13,0,16,0,1,81,0,82,0,4,94,0,98,172,0,172,270
10/31/2007,EMT,CA,AWP,WE,Towers with Radar,0,0,10,0,10,0,0,87,0,87,0,0,97,0,97,171,0,171,268
11/01/2007,EMT,CA,AWP,WE,Towers with Radar,0,2,29,0,31,0,0,15,0,15,0,2,44,0,46,111,0,111,157
11/02/2007,EMT,CA,AWP,WE,Towers with Radar,0,0,32,0,32,0,0,39,0,39,0,0,71,0,71,80,0,80,151
11/03/2007,EMT,CA,AWP,WE,Towers with Radar,0,0,7,0,7,0,0,86,0,86,0,0,93,0,93,115,0,115,208
11/04/2007,EMT,CA,AWP,WE,Towers with Radar,0,0,25,0,25,0,0,80,0,80,0,0,105,0,105,118,0,118,223
11/05/2007,EMT,CA,AWP,WE,Towers with Radar,0,3,15,0,18,0,2,15,0,17,0,5,30,0,35,97,0,97,132
11/06/2007,EMT,CA,AWP,WE,Towers with Radar,0,2,36,0,38,0,0,0,0,0,0,2,36,0,38,80,0,80,118
11/07/2007,EMT,CA,AWP,WE,Towers with Radar,0,0,23,0,23,0,0,22,0,22,0,0,45,0,45,68,0,68,113
11/08/2007,EMT,CA,AWP,WE,Towers with Radar,0,1,10,0,11,0,0,0,0,0,0,1,10,0,11,53,0,53,64
11/09/2007,EMT,CA,AWP,WE,Towers with Radar,0,0,21,0,21,0,0,8,0,8,0,0,29,0,29,186,0,186,215
11/10/2007,EMT,CA,AWP,WE,Towers with Radar,0,0,18,0,18,0,0,122,0,122,0,0,140,0,140,240,0,240,380
11/11/2007,EMT,CA,AWP,WE,Towers with Radar,0,0,15,0,15,0,0,57,0,57,0,0,72,0,72,177,0,177,249
11/12/2007,EMT,CA,AWP,WE,Towers with Radar,0,0,9,0,9,0,0,125,0,125,0,0,134,0,134,178,0,178,312
11/13/2007,EMT,CA,AWP,WE,Towers with Radar,0,1,10,0,11,0,3,101,0,104,0,4,111,0,115,141,0,141,256
11/14/2007,EMT,CA,AWP,WE,Towers with Radar,0,0,9,0,9,0,4,90,0,94,0,4,99,0,103,122,0,122,225
11/15/2007,EMT,CA,AWP,WE,Towers with Radar,0,0,13,0,13,0,0,131,0,131,0,0,144,0,144,185,0,185,329
11/16/2007,EMT,CA,AWP,WE,Towers with Radar,0,0,21,0,21,0,0,77,0,77,0,0,98,0,98,133,0,133,231
11/17/2007,EMT,CA,AWP,WE,Towers with Radar,0,0,26,0,26,0,0,28,0,28,0,0,54,0,54,139,0,139,193
11/18/2007,EMT,CA,AWP,WE,Towers with Radar,0,0,13,0,13,0,0,0,0,0,0,0,13,0,13,0,0,0,13
11/19/2007,EMT,CA,AWP,WE,Towers with Radar,0,1,12,0,13,0,0,0,0,0,0,1,12,0,13,8,0,8,21
11/20/2007,EMT,CA,AWP,WE,Towers with Radar,0,0,12,0,12,0,0,0,0,0,0,0,12,0,12,27,0,27,39
11/21/2007,EMT,CA,AWP,WE,Towers with Radar,0,1,24,0,25,0,0,16,0,16,0,1,40,0,41,68,0,68,109
11/22/2007,EMT,CA,AWP,WE,Towers with Radar,0,0,9,0,9,0,0,21,0,21,0,0,30,0,30,90,0,90,120
11/23/2007,EMT,CA,AWP,WE,Towers with Radar,0,0,3,0,3,0,0,103,0,103,0,0,106,0,106,60,0,60,166
11/24/2007,EMT,CA,AWP,WE,Towers with Radar,0,0,6,0,6,0,0,128,0,128,0,0,134,0,134,234,0,234,368
11/25/2007,EMT,CA,AWP,WE,Towers with Radar,0,0,13,0,13,0,0,148,0,148,0,0,161,0,161,144,0,144,305
11/26/2007,EMT,CA,AWP,WE,Towers with Radar,0,2,7,0,9,0,0,85,0,85,0,2,92,0,94,128,0,128,222
11/27/2007,EMT,CA,AWP,WE,Towers with Radar,0,3,9,0,12,0,1,88,0,89,0,4,97,0,101,190,0,190,291
11/28/2007,EMT,CA,AWP,WE,Towers with Radar,0,2,10,0,12,0,0,84,0,84,0,2,94,0,96,196,0,196,292
11/29/2007,EMT,CA,AWP,WE,Towers with Radar,0,3,11,0,14,0,0,113,0,113,0,3,124,0,127,195,0,195,322
11/30/2007,EMT,CA,AWP,WE,Towers with Radar,0,0,9,0,9,0,0,0,0,0,0,0,9,0,9,18,0,18,27
12/01/2007,EMT,CA,AWP,WE,Towers with Radar,0,0,9,0,9,0,0,102,0,102,0,0,111,0,111,153,0,153,264
12/02/2007,EMT,CA,AWP,WE,Towers with Radar,0,0,15,0,15,0,0,121,0,121,0,0,136,0,136,138,0,138,274
12/03/2007,EMT,CA,AWP,WE,Towers with Radar,0,1,8,0,9,0,0,103,0,103,0,1,111,0,112,89,0,89,201
12/04/2007,EMT,CA,AWP,WE,Towers with Radar,0,2,5,0,7,0,1,106,0,107,0,3,111,0,114,220,0,220,334
12/05/2007,EMT,CA,AWP,WE,Towers with Radar,0,2,6,0,8,0,1,113,0,114,0,3,119,0,122,161,0,161,283
12/06/2007,EMT,CA,AWP,WE,Towers with Radar,0,2,36,0,38,0,0,0,0,0,0,2,36,0,38,80,0,80,118
12/07/2007,EMT,CA,AWP,WE,Towers with Radar,0,0,6,0,6,0,0,6,0,6,0,0,12,0,12,82,0,82,94
12/08/2007,EMT,CA,AWP,WE,Towers with Radar,0,0,13,0,13,0,2,85,0,87,0,2,98,0,100,241,0,241,341
12/09/2007,EMT,CA,AWP,WE,Towers with Radar,0,0,8,0,8,0,0,147,0,147,0,0,155,0,155,216,0,216,371
12/10/2007,EMT,CA,AWP,WE,Towers with Radar,0,2,9,0,11,0,0,85,0,85,0,2,94,0,96,121,0,121,217
12/11/2007,EMT,CA,AWP,WE,Towers with Radar,0,2,3,0,5,0,0,84,0,84,0,2,87,0,89,109,0,109,198
12/12/2007,EMT,CA,AWP,WE,Towers with Radar,0,1,13,0,14,0,2,109,0,111,0,3,122,0,125,88,0,88,213
12/13/2007,EMT,CA,AWP,WE,Towers with Radar,0,2,3,0,5,0,1,122,0,123,0,3,125,0,128,211,0,211,339
12/14/2007,EMT,CA,AWP,WE,Towers with Radar,0,1,8,0,9,0,0,79,0,79,0,1,87,0,88,168,0,168,256
12/15/2007,EMT,CA,AWP,WE,Towers with Radar,0,0,14,0,14,0,0,137,0,137,0,0,151,0,151,130,0,130,281
12/16/2007,EMT,CA,AWP,WE,Towers with Radar,0,0,10,0,10,0,0,144,0,144,0,0,154,0,154,230,0,230,384
12/17/2007,EMT,CA,AWP,WE,Towers with Radar,0,2,3,0,5,0,2,99,0,101,0,4,102,0,106,128,0,128,234
12/18/2007,EMT,CA,AWP,WE,Towers with Radar,0,0,4,0,4,0,0,5,0,5,0,0,9,0,9,41,0,41,50
12/19/2007,EMT,CA,AWP,WE,Towers with Radar,0,1,7,0,8,0,0,15,0,15,0,1,22,0,23,89,0,89,112
12/20/2007,EMT,CA,AWP,WE,Towers with Radar,0,0,7,0,7,0,0,18,0,18,0,0,25,0,25,43,0,43,68
12/21/2007,EMT,CA,AWP,WE,Towers with Radar,0,1,8,0,9,0,0,80,0,80,0,1,88,0,89,189,0,189,278
12/22/2007,EMT,CA,AWP,WE,Towers with Radar,0,0,13,0,13,0,0,132,0,132,0,0,145,0,145,149,0,149,294
12/23/2007,EMT,CA,AWP,WE,Towers with Radar,0,0,9,0,9,0,0,130,0,130,0,0,139,0,139,153,0,153,292
12/24/2007,EMT,CA,AWP,WE,Towers with Radar,0,1,4,0,5,0,1,95,0,96,0,2,99,0,101,83,0,83,184
12/25/2007,EMT,CA,AWP,WE,Towers with Radar,0,0,1,0,1,0,0,46,0,46,0,0,47,0,47,27,0,27,74
12/26/2007,EMT,CA,AWP,WE,Towers with Radar,0,0,11,0,11,0,0,110,0,110,0,0,121,0,121,95,0,95,216
12/27/2007,EMT,CA,AWP,WE,Towers with Radar,0,3,3,0,6,0,0,89,0,89,0,3,92,0,95,136,0,136,231
12/28/2007,EMT,CA,AWP,WE,Towers with Radar,0,1,17,0,18,0,0,59,0,59,0,1,76,0,77,114,0,114,191
12/29/2007,EMT,CA,AWP,WE,Towers with Radar,0,0,15,0,15,0,0,106,0,106,0,0,121,0,121,211,0,211,332
12/30/2007,EMT,CA,AWP,WE,Towers with Radar,0,0,16,0,16,0,0,70,0,70,0,0,86,0,86,192,0,192,278
12/31/2007,EMT,CA,AWP,WE,Towers with Radar,0,0,11,0,11,0,3,95,0,98,0,3,106,0,109,112,0,112,221
01/01/2008,EMT,CA,AWP,WE,Towers with Radar,0,0,4,0,4,0,0,68,0,68,0,0,72,0,72,57,0,57,129
01/02/2008,EMT,CA,AWP,WE,Towers with Radar,0,1,12,0,13,0,0,92,0,92,0,1,104,0,105,102,0,102,207
01/03/2008,EMT,CA,AWP,WE,Towers with Radar,0,3,9,0,12,0,0,63,0,63,0,3,72,0,75,97,0,97,172
01/04/2008,EMT,CA,AWP,WE,Towers with Radar,0,0,4,0,4,0,0,8,0,8,0,0,12,0,12,72,0,72,84
01/05/2008,EMT,CA,AWP,WE,Towers with Radar,0,0,6,0,6,0,0,3,0,3,0,0,9,0,9,0,0,0,9
01/06/2008,EMT,CA,AWP,WE,Towers with Radar,0,0,8,0,8,0,0,0,0,0,0,0,8,0,8,53,0,53,61
01/07/2008,EMT,CA,AWP,WE,Towers with Radar,0,2,5,0,7,0,1,83,0,84,0,3,88,0,91,74,0,74,165
01/08/2008,EMT,CA,AWP,WE,Towers with Radar,0,2,5,0,7,0,2,69,0,71,0,4,74,0,78,89,0,89,167
01/09/2008,EMT,CA,AWP,WE,Towers with Radar,0,2,11,0,13,0,2,39,0,41,0,4,50,0,54,118,0,118,172
01/10/2008,EMT,CA,AWP,WE,Towers with Radar,0,2,9,0,11,0,0,109,0,109,0,2,118,0,120,95,0,95,215
01/11/2008,EMT,CA,AWP,WE,Towers with Radar,0,0,10,0,10,0,0,102,0,102,0,0,112,0,112,117,0,117,229
01/12/2008,EMT,CA,AWP,WE,Towers with Radar,0,0,5,0,5,0,0,146,0,146,0,0,151,0,151,158,0,158,309
01/13/2008,EMT,CA,AWP,WE,Towers with Radar,0,0,12,0,12,0,0,133,0,133,0,0,145,0,145,238,0,238,383
01/14/2008,EMT,CA,AWP,WE,Towers with Radar,0,2,6,0,8,0,1,86,0,87,0,3,92,0,95,141,0,141,236
01/15/2008,EMT,CA,AWP,WE,Towers with Radar,0,2,11,0,13,0,0,89,0,89,0,2,100,0,102,136,0,136,238
01/16/2008,EMT,CA,AWP,WE,Towers with Radar,0,2,6,0,8,0,0,66,0,66,0,2,72,0,74,143,0,143,217
01/17/2008,EMT,CA,AWP,WE,Towers with Radar,0,2,4,0,6,0,1,76,0,77,0,3,80,0,83,155,0,155,238
01/18/2008,EMT,CA,AWP,WE,Towers with Radar,0,0,12,0,12,0,0,111,0,111,0,0,123,0,123,150,0,150,273
01/19/2008,EMT,CA,AWP,WE,Towers with Radar,0,0,12,0,12,0,0,168,0,168,0,0,180,0,180,148,0,148,328
01/20/2008,EMT,CA,AWP,WE,Towers with Radar,0,0,13,0,13,0,0,123,0,123,0,0,136,0,136,177,0,177,313
01/21/2008,EMT,CA,AWP,WE,Towers with Radar,0,0,4,0,4,0,0,59,0,59,0,0,63,0,63,165,0,165,228
01/22/2008,EMT,CA,AWP,WE,Towers with Radar,0,2,8,0,10,0,0,40,0,40,0,2,48,0,50,95,0,95,145
01/23/2008,EMT,CA,AWP,WE,Towers with Radar,0,0,5,0,5,0,0,36,0,36,0,0,41,0,41,53,2,55,96
01/24/2008,EMT,CA,AWP,WE,Towers with Radar,0,1,2,0,3,0,0,12,0,12,0,1,14,0,15,33,2,35,50
01/25/2008,EMT,CA,AWP,WE,Towers with Radar,0,1,7,0,8,0,0,28,0,28,0,1,35,0,36,52,0,52,88
01/26/2008,EMT,CA,AWP,WE,Towers with Radar,0,0,18,0,18,0,0,129,0,129,0,0,147,0,147,101,0,101,248
01/27/2008,EMT,CA,AWP,WE,Towers with Radar,0,0,6,0,6,0,0,8,0,8,0,0,14,0,14,13,0,13,27
01/28/2008,EMT,CA,AWP,WE,Towers with Radar,0,2,0,0,2,0,0,29,0,29,0,2,29,0,31,17,0,17,48
01/29/2008,EMT,CA,AWP,WE,Towers with Radar,0,2,14,0,16,0,0,65,0,65,0,2,79,0,81,128,0,128,209
01/30/2008,EMT,CA,AWP,WE,Towers with Radar,0,2,6,0,8,0,1,43,0,44,0,3,49,0,52,62,0,62,114
01/31/2008,EMT,CA,AWP,WE,Towers with Radar,0,2,7,0,9,0,0,101,1,102,0,2,108,1,111,123,0,123,234
02/01/2008,EMT,CA,AWP,WE,Towers with Radar,0,0,24,0,24,0,0,44,0,44,0,0,68,0,68,107,0,107,175
02/02/2008,EMT,CA,AWP,WE,Towers with Radar,0,0,19,0,19,0,0,107,0,107,0,0,126,0,126,169,0,169,295
02/03/2008,EMT,CA,AWP,WE,Towers with Radar,0,0,5,0,5,0,0,2,0,2,0,0,7,0,7,36,0,36,43
02/04/2008,EMT,CA,AWP,WE,Towers with Radar,0,1,11,0,12,0,0,36,0,36,0,1,47,0,48,79,0,79,127
02/05/2008,EMT,CA,AWP,WE,Towers with Radar,0,3,11,0,14,0,0,99,0,99,0,3,110,0,113,72,0,72,185
02/06/2008,EMT,CA,AWP,WE,Towers with Radar,0,3,8,0,11,0,1,97,0,98,0,4,105,0,109,174,0,174,283
02/07/2008,EMT,CA,AWP,WE,Towers with Radar,0,2,4,0,6,0,1,136,0,137,0,3,140,0,143,167,0,167,310
02/08/2008,EMT,CA,AWP,WE,Towers with Radar,0,1,13,0,14,0,0,120,0,120,0,1,133,0,134,151,0,151,285
02/09/2008,EMT,CA,AWP,WE,Towers with Radar,0,0,17,0,17,0,0,180,0,180,0,0,197,0,197,148,0,148,345
02/10/2008,EMT,CA,AWP,WE,Towers with Radar,0,0,7,0,7,0,0,154,0,154,0,0,161,0,161,161,0,161,322
02/11/2008,EMT,CA,AWP,WE,Towers with Radar,0,2,6,0,8,0,1,99,0,100,0,3,105,0,108,38,0,38,146
02/12/2008,EMT,CA,AWP,WE,Towers with Radar,0,3,4,0,7,0,2,131,0,133,0,5,135,0,140,92,0,92,232
02/13/2008,EMT,CA,AWP,WE,Towers with Radar,0,0,11,0,11,0,0,61,0,61,0,0,72,0,72,99,0,99,171
02/14/2008,EMT,CA,AWP,WE,Towers with Radar,0,4,2,0,6,0,0,48,0,48,0,4,50,0,54,66,0,66,120
02/15/2008,EMT,CA,AWP,WE,Towers with Radar,0,1,0,0,1,0,0,107,0,107,0,1,107,0,108,174,0,174,282
02/16/2008,EMT,CA,AWP,WE,Towers with Radar,0,0,14,0,14,0,0,131,0,131,0,0,145,0,145,182,0,182,327
02/17/2008,EMT,CA,AWP,WE,Towers with Radar,0,0,9,0,9,0,0,99,0,99,0,0,108,0,108,214,0,214,322
02/18/2008,EMT,CA,AWP,WE,Towers with Radar,0,0,12,0,12,0,0,91,0,91,0,0,103,0,103,187,0,187,290
02/19/2008,EMT,CA,AWP,WE,Towers with Radar,0,0,13,0,13,0,0,0,0,0,0,0,13,0,13,0,0,0,13
02/20/2008,EMT,CA,AWP,WE,Towers with Radar,0,2,8,0,10,0,0,3,0,3,0,2,11,0,13,25,0,25,38
02/21/2008,EMT,CA,AWP,WE,Towers with Radar,0,0,21,0,21,0,0,21,0,21,0,0,42,0,42,62,0,62,104
02/22/2008,EMT,CA,AWP,WE,Towers with Radar,0,0,9,0,9,0,0,16,0,16,0,0,25,0,25,34,0,34,59
02/23/2008,EMT,CA,AWP,WE,Towers with Radar,0,0,7,0,7,0,0,102,0,102,0,0,109,0,109,131,0,131,240
02/24/2008,EMT,CA,AWP,WE,Towers with Radar,0,0,6,0,6,0,0,14,0,14,0,0,20,0,20,20,0,20,40
02/25/2008,EMT,CA,AWP,WE,Towers with Radar,0,2,8,0,10,0,1,98,0,99,0,3,106,0,109,106,0,106,215
02/26/2008,EMT,CA,AWP,WE,Towers with Radar,0,2,10,0,12,0,4,105,0,109,0,6,115,0,121,103,0,103,224
02/27/2008,EMT,CA,AWP,WE,Towers with Radar,0,1,16,0,17,0,3,119,0,122,0,4,135,0,139,90,0,90,229
02/28/2008,EMT,CA,AWP,WE,Towers with Radar,0,1,16,0,17,0,3,92,0,95,0,4,108,0,112,135,0,135,247
02/29/2008,EMT,CA,AWP,WE,Towers with Radar,0,1,23,0,24,0,0,47,0,47,0,1,70,0,71,56,0,56,127
03/01/2008,EMT,CA,AWP,WE,Towers with Radar,0,0,4,0,4,0,0,0,0,0,0,0,4,0,4,22,0,22,26
03/02/2008,EMT,CA,AWP,WE,Towers with Radar,0,0,4,0,4,0,0,124,0,124,0,0,128,0,128,205,0,205,333
03/03/2008,EMT,CA,AWP,WE,Towers with Radar,0,3,4,0,7,0,2,93,0,95,0,5,97,0,102,163,0,163,265
03/04/2008,EMT,CA,AWP,WE,Towers with Radar,0,3,5,0,8,0,0,95,0,95,0,3,100,0,103,149,0,149,252
03/05/2008,EMT,CA,AWP,WE,Towers with Radar,0,2,9,0,11,0,4,103,0,107,0,6,112,0,118,150,0,150,268
03/06/2008,EMT,CA,AWP,WE,Towers with Radar,0,2,0,0,2,0,1,0,0,1,0,3,0,0,3,123,0,123,126
03/07/2008,EMT,CA,AWP,WE,Towers with Radar,0,0,18,0,18,0,0,113,0,113,0,0,131,0,131,164,0,164,295
03/08/2008,EMT,CA,AWP,WE,Towers with Radar,0,0,14,0,14,0,0,142,0,142,0,0,156,0,156,199,0,199,355
03/09/2008,EMT,CA,AWP,WE,Towers with Radar,0,0,9,0,9,0,0,124,0,124,0,0,133,0,133,201,0,201,334
03/10/2008,EMT,CA,AWP,WE,Towers with Radar,0,4,4,0,8,0,0,97,0,97,0,4,101,0,105,161,0,161,266
03/11/2008,EMT,CA,AWP,WE,Towers with Radar,0,2,6,0,8,0,0,83,0,83,0,2,89,0,91,75,0,75,166
03/12/2008,EMT,CA,AWP,WE,Towers with Radar,0,0,10,0,10,0,4,128,0,132,0,4,138,0,142,211,0,211,353
03/13/2008,EMT,CA,AWP,WE,Towers with Radar,0,1,8,0,9,0,2,76,0,78,0,3,84,0,87,149,0,149,236
03/14/2008,EMT,CA,AWP,WE,Towers with Radar,0,0,14,0,14,0,0,45,0,45,0,0,59,0,59,153,0,153,212
03/15/2008,EMT,CA,AWP,WE,Towers with Radar,0,0,14,0,14,0,0,57,0,57,0,0,71,0,71,188,0,188,259
03/16/2008,EMT,CA,AWP,WE,Towers with Radar,0,0,9,0,9,0,0,94,0,94,0,0,103,0,103,131,0,131,234
03/17/2008,EMT,CA,AWP,WE,Towers with Radar,0,2,0,0,2,0,2,76,0,78,0,4,76,0,80,46,0,46,126
03/18/2008,EMT,CA,AWP,WE,Towers with Radar,0,3,15,0,18,0,0,96,0,96,0,3,111,0,114,178,0,178,292
03/19/2008,EMT,CA,AWP,WE,Towers with Radar,0,3,8,0,11,0,1,119,0,120,0,4,127,0,131,88,0,88,219
03/20/2008,EMT,CA,AWP,WE,Towers with Radar,0,2,12,0,14,0,0,73,4,77,0,2,85,4,91,89,0,89,180
03/21/2008,EMT,CA,AWP,WE,Towers with Radar,0,0,16,0,16,0,0,129,0,129,0,0,145,0,145,166,0,166,311
03/22/2008,EMT,CA,AWP,WE,Towers with Radar,0,0,8,0,8,0,0,144,0,144,0,0,152,0,152,194,0,194,346
03/23/2008,EMT,CA,AWP,WE,Towers with Radar,0,0,8,0,8,0,0,110,0,110,0,0,118,0,118,111,0,111,229
03/24/2008,EMT,CA,AWP,WE,Towers with Radar,0,2,7,0,9,0,0,81,0,81,0,2,88,0,90,143,0,143,233
03/25/2008,EMT,CA,AWP,WE,Towers with Radar,0,2,20,0,22,0,0,90,2,92,0,2,110,2,114,101,0,101,215
03/26/2008,EMT,CA,AWP,WE,Towers with Radar,0,1,12,0,13,0,3,70,0,73,0,4,82,0,86,74,0,74,160
03/27/2008,EMT,CA,AWP,WE,Towers with Radar,0,3,20,0,23,0,0,101,1,102,0,3,121,1,125,153,0,153,278
03/28/2008,EMT,CA,AWP,WE,Towers with Radar,0,0,14,0,14,0,0,116,0,116,0,0,130,0,130,147,0,147,277
03/29/2008,EMT,CA,AWP,WE,Towers with Radar,0,0,24,0,24,0,0,45,0,45,0,0,69,0,69,234,0,234,303
03/30/2008,EMT,CA,AWP,WE,Towers with Radar,0,0,10,0,10,0,0,42,0,42,0,0,52,0,52,118,0,118,170
03/31/2008,EMT,CA,AWP,WE,Towers with Radar,0,1,6,0,7,0,4,87,0,91,0,5,93,0,98,93,0,93,191
04/01/2008,EMT,CA,AWP,WE,Towers with Radar,0,3,15,0,18,0,2,65,0,67,0,5,80,0,85,188,0,188,273
04/02/2008,EMT,CA,AWP,WE,Towers with Radar,0,2,18,0,20,0,0,35,0,35,0,2,53,0,55,108,0,108,163
04/03/2008,EMT,CA,AWP,WE,Towers with Radar,0,3,12,0,15,0,0,52,0,52,0,3,64,0,67,114,0,114,181
04/04/2008,EMT,CA,AWP,WE,Towers with Radar,0,0,14,0,14,0,0,91,0,91,0,0,105,0,105,136,0,136,241
04/05/2008,EMT,CA,AWP,WE,Towers with Radar,0,0,23,0,23,0,0,25,0,25,0,0,48,0,48,290,0,290,338
04/06/2008,EMT,CA,AWP,WE,Towers with Radar,0,0,34,0,34,0,0,56,0,56,0,0,90,0,90,377,0,377,467
04/07/2008,EMT,CA,AWP,WE,Towers with Radar,0,2,13,0,15,0,0,45,0,45,0,2,58,0,60,208,0,208,268
04/08/2008,EMT,CA,AWP,WE,Towers with Radar,0,0,26,0,26,0,4,41,0,45,0,4,67,0,71,206,0,206,277
04/09/2008,EMT,CA,AWP,WE,Towers with Radar,0,0,8,0,8,0,3,117,1,121,0,3,125,1,129,192,0,192,321
04/10/2008,EMT,CA,AWP,WE,Towers with Radar,0,3,13,0,16,0,1,120,0,121,0,4,133,0,137,216,0,216,353
04/11/2008,EMT,CA,AWP,WE,Towers with Radar,0,1,12,0,13,0,0,129,0,129,0,1,141,0,142,139,0,139,281
04/12/2008,EMT,CA,AWP,WE,Towers with Radar,0,0,9,0,9,0,0,107,0,107,0,0,116,0,116,158,0,158,274
04/13/2008,EMT,CA,AWP,WE,Towers with Radar,0,0,9,0,9,0,0,140,0,140,0,0,149,0,149,158,0,158,307
04/14/2008,EMT,CA,AWP,WE,Towers with Radar,0,2,4,0,6,0,1,86,0,87,0,3,90,0,93,96,0,96,189
04/15/2008,EMT,CA,AWP,WE,Towers with Radar,0,1,14,0,15,0,3,55,0,58,0,4,69,0,73,152,0,152,225
04/16/2008,EMT,CA,AWP,WE,Towers with Radar,0,2,13,0,15,0,0,122,0,122,0,2,135,0,137,142,0,142,279
04/17/2008,EMT,CA,AWP,WE,Towers with Radar,0,2,12,0,14,0,1,102,0,103,0,3,114,0,117,113,0,113,230
04/18/2008,EMT,CA,AWP,WE,Towers with Radar,0,0,19,0,19,0,0,103,0,103,0,0,122,0,122,94,0,94,216
04/19/2008,EMT,CA,AWP,WE,Towers with Radar,0,0,18,0,18,0,0,56,0,56,0,0,74,0,74,231,0,231,305
04/20/2008,EMT,CA,AWP,WE,Towers with Radar,0,0,12,0,12,0,0,89,0,89,0,0,101,0,101,185,0,185,286
04/21/2008,EMT,CA,AWP,WE,Towers with Radar,0,3,9,0,12,0,3,117,0,120,0,6,126,0,132,197,0,197,329
04/22/2008,EMT,CA,AWP,WE,Towers with Radar,0,2,9,0,11,0,2,82,0,84,0,4,91,0,95,94,0,94,189
04/23/2008,EMT,CA,AWP,WE,Towers with Radar,0,3,12,0,15,0,0,111,0,111,0,3,123,0,126,229,0,229,355
04/24/2008,EMT,CA,AWP,WE,Towers with Radar,0,2,8,0,10,0,0,103,0,103,0,2,111,0,113,145,0,145,258
04/25/2008,EMT,CA,AWP,WE,Towers with Radar,0,0,7,0,7,0,0,116,0,116,0,0,123,0,123,122,0,122,245
04/26/2008,EMT,CA,AWP,WE,Towers with Radar,0,0,14,0,14,0,0,144,0,144,0,0,158,0,158,173,0,173,331
04/27/2008,EMT,CA,AWP,WE,Towers with Radar,0,0,14,0,14,0,0,127,0,127,0,0,141,0,141,140,0,140,281
04/28/2008,EMT,CA,AWP,WE,Towers with Radar,0,0,9,0,9,0,0,58,0,58,0,0,67,0,67,39,0,39,106
04/29/2008,EMT,CA,AWP,WE,Towers with Radar,0,2,8,0,10,0,0,93,0,93,0,2,101,0,103,0,0,0,103
04/30/2008,EMT,CA,AWP,WE,Towers with Radar,0,2,11,0,13,0,1,56,0,57,0,3,67,0,70,132,0,132,202
05/01/2008,EMT,CA,AWP,WE,Towers with Radar,0,0,9,0,9,0,0,83,0,83,0,0,92,0,92,118,0,118,210
05/02/2008,EMT,CA,AWP,WE,Towers with Radar,0,0,13,0,13,0,0,92,0,92,0,0,105,0,105,143,0,143,248
05/03/2008,EMT,CA,AWP,WE,Towers with Radar,0,0,7,0,7,0,0,109,0,109,0,0,116,0,116,112,0,112,228
05/04/2008,EMT,CA,AWP,WE,Towers with Radar,0,0,11,0,11,0,0,104,0,104,0,0,115,0,115,186,0,186,301
05/05/2008,EMT,CA,AWP,WE,Towers with Radar,0,2,13,0,15,0,0,53,0,53,0,2,66,0,68,125,0,125,193
05/06/2008,EMT,CA,AWP,WE,Towers with Radar,0,2,23,0,25,0,0,19,0,19,0,2,42,0,44,168,0,168,212
05/07/2008,EMT,CA,AWP,WE,Towers with Radar,0,1,21,0,22,0,0,0,0,0,0,1,21,0,22,139,0,139,161
05/08/2008,EMT,CA,AWP,WE,Towers with Radar,0,2,10,0,12,0,0,52,0,52,0,2,62,0,64,99,0,99,163
05/09/2008,EMT,CA,AWP,WE,Towers with Radar,0,1,34,0,35,0,0,2,0,2,0,1,36,0,37,69,0,69,106
05/10/2008,EMT,CA,AWP,WE,Towers with Radar,0,0,20,0,20,0,0,61,0,61,0,0,81,0,81,169,0,169,250
05/11/2008,EMT,CA,AWP,WE,Towers with Radar,0,0,12,0,12,0,0,48,0,48,0,0,60,0,60,173,0,173,233
05/12/2008,EMT,CA,AWP,WE,Towers with Radar,0,2,12,0,14,0,0,5,0,5,0,2,17,0,19,84,0,84,103
05/13/2008,EMT,CA,AWP,WE,Towers with Radar,0,3,3,0,6,0,0,92,0,92,0,3,95,0,98,106,0,106,204
05/14/2008,EMT,CA,AWP,WE,Towers with Radar,0,3,10,0,13,0,0,94,0,94,0,3,104,0,107,124,0,124,231
05/15/2008,EMT,CA,AWP,WE,Towers with Radar,0,1,6,0,7,0,2,106,0,108,0,3,112,0,115,146,0,146,261
05/16/2008,EMT,CA,AWP,WE,Towers with Radar,0,0,9,0,9,0,0,87,0,87,0,0,96,0,96,149,0,149,245
05/17/2008,EMT,CA,AWP,WE,Towers with Radar,0,0,9,0,9,0,0,119,0,119,0,0,128,0,128,57,0,57,185
05/18/2008,EMT,CA,AWP,WE,Towers with Radar,0,0,10,0,10,0,0,144,0,144,0,0,154,0,154,108,0,108,262
05/19/2008,EMT,CA,AWP,WE,Towers with Radar,0,3,14,0,17,0,0,123,0,123,0,3,137,0,140,119,0,119,259
05/20/2008,EMT,CA,AWP,WE,Towers with Radar,0,2,16,0,18,0,2,93,0,95,0,4,109,0,113,117,0,117,230
05/21/2008,EMT,CA,AWP,WE,Towers with Radar,0,2,4,0,6,0,1,58,0,59,0,3,62,0,65,125,0,125,190
05/22/2008,EMT,CA,AWP,WE,Towers with Radar,0,2,8,0,10,0,0,44,0,44,0,2,52,0,54,59,0,59,113
05/23/2008,EMT,CA,AWP,WE,Towers with Radar,0,0,2,0,2,0,0,14,0,14,0,0,16,0,16,54,0,54,70
05/24/2008,EMT,CA,AWP,WE,Towers with Radar,0,0,17,0,17,0,0,53,0,53,0,0,70,0,70,151,0,151,221
05/25/2008,EMT,CA,AWP,WE,Towers with Radar,0,0,10,0,10,0,0,79,0,79,0,0,89,0,89,171,0,171,260
05/26/2008,EMT,CA,AWP,WE,Towers with Radar,0,0,21,0,21,0,0,112,0,112,0,0,133,0,133,186,0,186,319
05/27/2008,EMT,CA,AWP,WE,Towers with Radar,0,1,5,0,6,0,3,70,0,73,0,4,75,0,79,101,0,101,180
05/28/2008,EMT,CA,AWP,WE,Towers with Radar,0,2,14,0,16,0,1,96,0,97,0,3,110,0,113,135,0,135,248
05/29/2008,EMT,CA,AWP,WE,Towers with Radar,0,2,5,0,7,0,0,103,0,103,0,2,108,0,110,166,0,166,276
05/30/2008,EMT,CA,AWP,WE,Towers with Radar,0,0,14,0,14,0,0,114,0,114,0,0,128,0,128,142,0,142,270
05/31/2008,EMT,CA,AWP,WE,Towers with Radar,0,0,4,0,4,0,0,117,0,117,0,0,121,0,121,209,0,209,330
06/01/2008,EMT,CA,AWP,WE,Towers with Radar,0,0,12,0,12,0,0,135,0,135,0,0,147,0,147,187,0,187,334
06/02/2008,EMT,CA,AWP,WE,Towers with Radar,0,3,13,0,16,0,1,76,0,77,0,4,89,0,93,18,0,18,111
06/03/2008,EMT,CA,AWP,WE,Towers with Radar,0,0,17,0,17,0,0,49,0,49,0,0,66,0,66,156,0,156,222
06/04/2008,EMT,CA,AWP,WE,Towers with Radar,0,3,26,0,29,0,0,21,0,21,0,3,47,0,50,92,0,92,142
06/05/2008,EMT,CA,AWP,WE,Towers with Radar,0,1,11,0,12,0,2,91,0,93,0,3,102,0,105,130,0,130,235
06/06/2008,EMT,CA,AWP,WE,Towers with Radar,0,0,7,0,7,0,0,106,0,106,0,0,113,0,113,85,0,85,198
06/07/2008,EMT,CA,AWP,WE,Towers with Radar,0,0,5,0,5,0,0,137,0,137,0,0,142,0,142,154,0,154,296
06/08/2008,EMT,CA,AWP,WE,Towers with Radar,0,0,7,0,7,0,0,101,0,101,0,0,108,0,108,136,0,136,244
06/09/2008,EMT,CA,AWP,WE,Towers with Radar,0,2,6,0,8,0,0,88,0,88,0,2,94,0,96,190,0,190,286
06/10/2008,EMT,CA,AWP,WE,Towers with Radar,0,1,12,0,13,0,0,66,0,66,0,1,78,0,79,167,0,167,246
06/11/2008,EMT,CA,AWP,WE,Towers with Radar,0,2,7,0,9,0,0,82,0,82,0,2,89,0,91,230,0,230,321
06/12/2008,EMT,CA,AWP,WE,Towers with Radar,0,1,12,0,13,0,0,80,0,80,0,1,92,0,93,143,0,143,236
06/13/2008,EMT,CA,AWP,WE,Towers with Radar,0,0,7,0,7,0,0,107,0,107,0,0,114,0,114,176,0,176,290
06/14/2008,EMT,CA,AWP,WE,Towers with Radar,0,0,4,0,4,0,0,136,0,136,0,0,140,0,140,204,0,204,344
06/15/2008,EMT,CA,AWP,WE,Towers with Radar,0,0,7,0,7,0,0,106,0,106,0,0,113,0,113,146,0,146,259
06/16/2008,EMT,CA,AWP,WE,Towers with Radar,0,0,9,0,9,0,2,88,0,90,0,2,97,0,99,105,0,105,204
06/17/2008,EMT,CA,AWP,WE,Towers with Radar,0,3,11,0,14,0,0,125,0,125,0,3,136,0,139,96,0,96,235
06/18/2008,EMT,CA,AWP,WE,Towers with Radar,0,3,11,0,14,0,0,85,0,85,0,3,96,0,99,146,0,146,245
06/19/2008,EMT,CA,AWP,WE,Towers with Radar,0,3,3,0,6,0,0,101,0,101,0,3,104,0,107,154,0,154,261
06/20/2008,EMT,CA,AWP,WE,Towers with Radar,0,1,7,0,8,0,0,107,0,107,0,1,114,0,115,130,0,130,245
06/21/2008,EMT,CA,AWP,WE,Towers with Radar,0,0,6,0,6,0,0,107,0,107,0,0,113,0,113,151,0,151,264
06/22/2008,EMT,CA,AWP,WE,Towers with Radar,0,0,5,0,5,0,0,79,0,79,0,0,84,0,84,116,0,116,200
06/23/2008,EMT,CA,AWP,WE,Towers with Radar,0,2,5,0,7,0,0,95,0,95,0,2,100,0,102,110,0,110,212
06/24/2008,EMT,CA,AWP,WE,Towers with Radar,0,2,9,0,11,0,0,89,0,89,0,2,98,0,100,195,0,195,295
06/25/2008,EMT,CA,AWP,WE,Towers with Radar,0,2,10,0,12,0,0,83,0,83,0,2,93,0,95,243,0,243,338
06/26/2008,EMT,CA,AWP,WE,Towers with Radar,0,2,16,0,18,0,0,85,0,85,0,2,101,0,103,233,0,233,336
06/27/2008,EMT,CA,AWP,WE,Towers with Radar,0,0,11,0,11,0,0,85,0,85,0,0,96,0,96,184,0,184,280
06/28/2008,EMT,CA,AWP,WE,Towers with Radar,0,0,5,0,5,0,0,96,0,96,0,0,101,0,101,187,0,187,288
06/29/2008,EMT,CA,AWP,WE,Towers with Radar,0,0,9,0,9,0,0,121,0,121,0,0,130,0,130,118,0,118,248
06/30/2008,EMT,CA,AWP,WE,Towers with Radar,0,1,11,0,12,0,0,89,0,89,0,1,100,0,101,115,0,115,216
07/01/2008,EMT,CA,AWP,WE,Towers with Radar,0,2,8,0,10,0,0,117,0,117,0,2,125,0,127,186,0,186,313
07/02/2008,EMT,CA,AWP,WE,Towers with Radar,0,0,123,0,123,0,3,12,0,15,0,3,135,0,138,160,0,160,298
07/03/2008,EMT,CA,AWP,WE,Towers with Radar,0,4,5,0,9,0,3,144,0,147,0,7,149,0,156,194,0,194,350
07/04/2008,EMT,CA,AWP,WE,Towers with Radar,0,0,6,0,6,0,0,93,0,93,0,0,99,0,99,130,0,130,229
07/05/2008,EMT,CA,AWP,WE,Towers with Radar,0,1,10,0,11,0,0,118,0,118,0,1,128,0,129,108,0,108,237
07/06/2008,EMT,CA,AWP,WE,Towers with Radar,0,0,7,0,7,0,0,115,0,115,0,0,122,0,122,130,0,130,252
07/07/2008,EMT,CA,AWP,WE,Towers with Radar,0,3,10,0,13,0,1,89,0,90,0,4,99,0,103,137,0,137,240
07/08/2008,EMT,CA,AWP,WE,Towers with Radar,0,4,6,0,10,0,1,99,0,100,0,5,105,0,110,189,0,189,299
07/09/2008,EMT,CA,AWP,WE,Towers with Radar,0,4,9,0,13,0,2,88,0,90,0,6,97,0,103,231,0,231,334
07/10/2008,EMT,CA,AWP,WE,Towers with Radar,0,2,6,0,8,0,4,114,0,118,0,6,120,0,126,199,0,199,325
07/11/2008,EMT,CA,AWP,WE,Towers with Radar,0,2,6,0,8,0,2,82,0,84,0,4,88,0,92,125,0,125,217
07/12/2008,EMT,CA,AWP,WE,Towers with Radar,0,0,7,0,7,0,0,127,0,127,0,0,134,0,134,168,0,168,302
07/13/2008,EMT,CA,AWP,WE,Towers with Radar,0,0,8,0,8,0,0,106,0,106,0,0,114,0,114,144,0,144,258
07/14/2008,EMT,CA,AWP,WE,Towers with Radar,0,4,7,0,11,0,0,90,0,90,0,4,97,0,101,185,0,185,286
07/15/2008,EMT,CA,AWP,WE,Towers with Radar,0,4,10,0,14,0,0,97,0,97,0,4,107,0,111,215,0,215,326
07/16/2008,EMT,CA,AWP,WE,Towers with Radar,0,4,3,0,7,0,0,128,0,128,0,4,131,0,135,119,0,119,254
07/17/2008,EMT,CA,AWP,WE,Towers with Radar,0,4,12,0,16,0,1,96,0,97,0,5,108,0,113,129,0,129,242
07/18/2008,EMT,CA,AWP,WE,Towers with Radar,0,2,19,0,21,0,1,84,0,85,0,3,103,0,106,123,0,123,229
07/19/2008,EMT,CA,AWP,WE,Towers with Radar,0,0,10,0,10,0,0,105,0,105,0,0,115,0,115,101,0,101,216
07/20/2008,EMT,CA,AWP,WE,Towers with Radar,0,0,16,0,16,0,0,97,0,97,0,0,113,0,113,166,0,166,279
07/21/2008,EMT,CA,AWP,WE,Towers with Radar,0,1,12,0,13,0,1,103,0,104,0,2,115,0,117,137,0,137,254
07/22/2008,EMT,CA,AWP,WE,Towers with Radar,0,3,13,0,16,0,2,98,2,102,0,5,111,2,118,153,0,153,271
07/23/2008,EMT,CA,AWP,WE,Towers with Radar,0,5,6,0,11,0,2,94,0,96,0,7,100,0,107,172,0,172,279
07/24/2008,EMT,CA,AWP,WE,Towers with Radar,0,3,14,1,18,0,1,111,0,112,0,4,125,1,130,123,0,123,253
07/25/2008,EMT,CA,AWP,WE,Towers with Radar,0,2,8,0,10,0,0,104,0,104,0,2,112,0,114,118,0,118,232
07/26/2008,EMT,CA,AWP,WE,Towers with Radar,0,0,6,0,6,0,0,119,0,119,0,0,125,0,125,0,149,149,274
07/27/2008,EMT,CA,AWP,WE,Towers with Radar,0,0,47,0,47,0,1,138,0,139,0,1,185,0,186,169,0,169,355
07/28/2008,EMT,CA,AWP,WE,Towers with Radar,0,2,6,0,8,0,1,66,0,67,0,3,72,0,75,148,0,148,223
07/29/2008,EMT,CA,AWP,WE,Towers with Radar,0,1,13,0,14,0,4,69,0,73,0,5,82,0,87,112,0,112,199
07/30/2008,EMT,CA,AWP,WE,Towers with Radar,0,1,12,0,13,0,2,89,0,91,0,3,101,0,104,160,2,162,266
07/31/2008,EMT,CA,AWP,WE,Towers with Radar,0,2,11,0,13,0,3,65,0,68,0,5,76,0,81,145,0,145,226
08/01/2008,EMT,CA,AWP,WE,Towers with Radar,0,0,15,0,15,0,1,89,0,90,0,1,104,0,105,158,0,158,263
08/02/2008,EMT,CA,AWP,WE,Towers with Radar,0,0,15,0,15,0,0,119,0,119,0,0,134,0,134,107,0,107,241
08/03/2008,EMT,CA,AWP,WE,Towers with Radar,0,0,14,0,14,0,0,98,0,98,0,0,112,0,112,247,0,247,359
08/04/2008,EMT,CA,AWP,WE,Towers with Radar,0,1,6,0,7,0,2,98,0,100,0,3,104,0,107,153,0,153,260
08/05/2008,EMT,CA,AWP,WE,Towers with Radar,0,3,15,0,18,0,1,79,0,80,0,4,94,0,98,99,0,99,197
08/06/2008,EMT,CA,AWP,WE,Towers with Radar,0,3,11,0,14,0,1,97,0,98,0,4,108,0,112,206,0,206,318
08/07/2008,EMT,CA,AWP,WE,Towers with Radar,0,5,6,0,11,0,1,83,0,84,0,6,89,0,95,171,0,171,266
08/08/2008,EMT,CA,AWP,WE,Towers with Radar,0,2,17,0,19,0,0,95,0,95,0,2,112,0,114,117,0,117,231
08/09/2008,EMT,CA,AWP,WE,Towers with Radar,0,0,8,0,8,0,0,143,0,143,0,0,151,0,151,157,0,157,308
08/10/2008,EMT,CA,AWP,WE,Towers with Radar,0,0,8,0,8,0,0,132,0,132,0,0,140,0,140,206,0,206,346
08/11/2008,EMT,CA,AWP,WE,Towers with Radar,0,2,8,0,10,0,1,83,0,84,0,3,91,0,94,196,0,196,290
08/12/2008,EMT,CA,AWP,WE,Towers with Radar,0,3,16,0,19,0,1,83,0,84,0,4,99,0,103,164,0,164,267
08/13/2008,EMT,CA,AWP,WE,Towers with Radar,0,4,7,0,11,0,0,125,0,125,0,4,132,0,136,191,0,191,327
08/14/2008,EMT,CA,AWP,WE,Towers with Radar,0,2,14,0,16,0,2,101,0,103,0,4,115,0,119,187,0,187,306
08/15/2008,EMT,CA,AWP,WE,Towers with Radar,0,2,10,0,12,0,1,108,0,109,0,3,118,0,121,121,0,121,242
08/16/2008,EMT,CA,AWP,WE,Towers with Radar,0,0,15,0,15,0,0,107,0,107,0,0,122,0,122,182,0,182,304
08/17/2008,EMT,CA,AWP,WE,Towers with Radar,0,0,3,0,3,0,0,125,0,125,0,0,128,0,128,157,0,157,285
08/18/2008,EMT,CA,AWP,WE,Towers with Radar,0,3,15,0,18,0,1,77,0,78,0,4,92,0,96,146,0,146,242
08/19/2008,EMT,CA,AWP,WE,Towers with Radar,0,2,9,0,11,0,0,70,0,70,0,2,79,0,81,218,0,218,299
08/20/2008,EMT,CA,AWP,WE,Towers with Radar,0,4,15,0,19,0,2,91,0,93,0,6,106,0,112,215,0,215,327
08/21/2008,EMT,CA,AWP,WE,Towers with Radar,0,3,14,0,17,0,2,76,0,78,0,5,90,0,95,192,0,192,287
08/22/2008,EMT,CA,AWP,WE,Towers with Radar,0,1,10,0,11,0,0,86,0,86,0,1,96,0,97,164,0,164,261
08/23/2008,EMT,CA,AWP,WE,Towers with Radar,0,0,17,0,17,0,0,76,0,76,0,0,93,0,93,88,0,88,181
08/24/2008,EMT,CA,AWP,WE,Towers with Radar,0,0,9,0,9,0,0,102,0,102,0,0,111,0,111,121,0,121,232
08/25/2008,EMT,CA,AWP,WE,Towers with Radar,0,3,5,0,8,0,1,113,0,114,0,4,118,0,122,132,0,132,254
08/26/2008,EMT,CA,AWP,WE,Towers with Radar,0,1,6,0,7,0,1,83,0,84,0,2,89,0,91,172,0,172,263
08/27/2008,EMT,CA,AWP,WE,Towers with Radar,0,3,5,0,8,0,1,81,0,82,0,4,86,0,90,245,0,245,335
08/28/2008,EMT,CA,AWP,WE,Towers with Radar,0,1,12,0,13,0,2,73,0,75,0,3,85,0,88,118,0,118,206
08/29/2008,EMT,CA,AWP,WE,Towers with Radar,0,2,11,0,13,0,0,74,0,74,0,2,85,0,87,166,0,166,253
08/30/2008,EMT,CA,AWP,WE,Towers with Radar,0,0,5,0,5,0,0,84,0,84,0,0,89,0,89,113,0,113,202
08/31/2008,EMT,CA,AWP,WE,Towers with Radar,0,0,10,0,10,0,0,100,0,100,0,0,110,0,110,142,0,142,252
09/01/2008,EMT,CA,AWP,WE,Towers with Radar,0,0,6,0,6,0,0,108,0,108,0,0,114,0,114,101,0,101,215
09/02/2008,EMT,CA,AWP,WE,Towers with Radar,0,1,10,0,11,0,2,80,0,82,0,3,90,0,93,164,0,164,257
09/03/2008,EMT,CA,AWP,WE,Towers with Radar,0,2,9,0,11,0,2,100,0,102,0,4,109,0,113,185,0,185,298
09/04/2008,EMT,CA,AWP,WE,Towers with Radar,0,1,14,0,15,0,1,98,0,99,0,2,112,0,114,110,0,110,224
09/05/2008,EMT,CA,AWP,WE,Towers with Radar,0,1,14,0,15,0,0,114,0,114,0,1,128,0,129,131,0,131,260
09/06/2008,EMT,CA,AWP,WE,Towers with Radar,0,0,12,0,12,0,0,147,0,147,0,0,159,0,159,193,0,193,352
09/07/2008,EMT,CA,AWP,WE,Towers with Radar,0,0,14,0,14,0,0,115,0,115,0,0,129,0,129,119,0,119,248
09/08/2008,EMT,CA,AWP,WE,Towers with Radar,0,1,15,0,16,0,1,90,0,91,0,2,105,0,107,158,0,158,265
09/09/2008,EMT,CA,AWP,WE,Towers with Radar,0,2,16,0,18,0,1,68,0,69,0,3,84,0,87,121,0,121,208
09/10/2008,EMT,CA,AWP,WE,Towers with Radar,0,1,20,0,21,0,2,78,0,80,0,3,98,0,101,284,0,284,385
09/11/2008,EMT,CA,AWP,WE,Towers with Radar,0,1,16,0,17,0,2,66,0,68,0,3,82,0,85,85,0,85,170
09/12/2008,EMT,CA,AWP,WE,Towers with Radar,0,0,24,0,24,0,0,60,0,60,0,0,84,0,84,162,0,162,246
09/13/2008,EMT,CA,AWP,WE,Towers with Radar,0,0,16,0,16,0,0,46,0,46,0,0,62,0,62,108,0,108,170
09/14/2008,EMT,CA,AWP,WE,Towers with Radar,0,0,21,0,21,0,0,75,0,75,0,0,96,0,96,130,0,130,226
09/15/2008,EMT,CA,AWP,WE,Towers with Radar,0,2,10,0,12,0,0,81,0,81,0,2,91,0,93,106,0,106,199
09/16/2008,EMT,CA,AWP,WE,Towers with Radar,0,2,15,0,17,0,3,92,0,95,0,5,107,0,112,106,0,106,218
09/17/2008,EMT,CA,AWP,WE,Towers with Radar,0,2,13,0,15,0,3,88,0,91,0,5,101,0,106,132,0,132,238
09/18/2008,EMT,CA,AWP,WE,Towers with Radar,0,3,11,0,14,0,2,97,0,99,0,5,108,0,113,127,0,127,240
09/19/2008,EMT,CA,AWP,WE,Towers with Radar,0,2,11,0,13,0,0,128,0,128,0,2,139,0,141,83,0,83,224
09/20/2008,EMT,CA,AWP,WE,Towers with Radar,0,0,11,0,11,0,0,143,0,143,0,0,154,0,154,214,0,214,368
09/21/2008,EMT,CA,AWP,WE,Towers with Radar,0,0,14,0,14,0,0,110,0,110,0,0,124,0,124,113,0,113,237
09/22/2008,EMT,CA,AWP,WE,Towers with Radar,0,2,9,0,11,0,0,78,0,78,0,2,87,0,89,120,0,120,209
09/23/2008,EMT,CA,AWP,WE,Towers with Radar,0,3,6,0,9,0,2,88,0,90,0,5,94,0,99,205,0,205,304
09/24/2008,EMT,CA,AWP,WE,Towers with Radar,0,3,6,0,9,0,2,70,2,74,0,5,76,2,83,174,0,174,257
09/25/2008,EMT,CA,AWP,WE,Towers with Radar,0,2,8,0,10,0,2,78,0,80,0,4,86,0,90,154,0,154,244
09/26/2008,EMT,CA,AWP,WE,Towers with Radar,0,2,3,0,5,0,0,83,0,83,0,2,86,0,88,136,0,136,224
09/27/2008,EMT,CA,AWP,WE,Towers with Radar,0,0,12,0,12,0,0,141,0,141,0,0,153,0,153,177,0,177,330
09/28/2008,EMT,CA,AWP,WE,Towers with Radar,0,0,12,0,12,0,0,136,0,136,0,0,148,0,148,177,0,177,325
09/29/2008,EMT,CA,AWP,WE,Towers with Radar,0,2,2,0,4,0,3,56,0,59,0,5,58,0,63,75,0,75,138
09/30/2008,EMT,CA,AWP,WE,Towers with Radar,0,3,6,0,9,0,2,98,0,100,0,5,104,0,109,139,0,139,248
10/01/2008,EMT,CA,AWP,WE,Towers with Radar,0,1,8,0,9,0,2,106,0,108,0,3,114,0,117,158,0,158,275
10/02/2008,EMT,CA,AWP,WE,Towers with Radar,0,2,10,0,12,0,0,99,0,99,0,2,109,0,111,124,0,124,235
10/03/2008,EMT,CA,AWP,WE,Towers with Radar,0,2,16,0,18,0,0,91,0,91,0,2,107,0,109,146,0,146,255
10/04/2008,EMT,CA,AWP,WE,Towers with Radar,0,0,11,0,11,0,0,20,0,20,0,0,31,0,31,98,0,98,129
10/05/2008,EMT,CA,AWP,WE,Towers with Radar,0,0,0,0,0,0,0,115,0,115,0,0,115,0,115,147,0,147,262
10/06/2008,EMT,CA,AWP,WE,Towers with Radar,0,2,9,0,11,0,2,105,0,107,0,4,114,0,118,81,0,81,199
10/07/2008,EMT,CA,AWP,WE,Towers with Radar,0,3,7,0,10,0,1,98,0,99,0,4,105,0,109,73,0,73,182
10/08/2008,EMT,CA,AWP,WE,Towers with Radar,0,2,3,0,5,0,2,108,0,110,0,4,111,0,115,130,0,130,245
10/09/2008,EMT,CA,AWP,WE,Towers with Radar,0,2,10,0,12,0,0,106,0,106,0,2,116,0,118,100,0,100,218
10/10/2008,EMT,CA,AWP,WE,Towers with Radar,0,2,8,0,10,0,0,91,0,91,0,2,99,0,101,115,0,115,216
10/11/2008,EMT,CA,AWP,WE,Towers with Radar,0,0,10,0,10,0,0,98,0,98,0,0,108,0,108,199,0,199,307
10/12/2008,EMT,CA,AWP,WE,Towers with Radar,0,0,9,0,9,0,0,155,0,155,0,0,164,0,164,200,0,200,364
10/13/2008,EMT,CA,AWP,WE,Towers with Radar,0,0,3,0,3,0,0,36,0,36,0,0,39,0,39,189,0,189,228
10/14/2008,EMT,CA,AWP,WE,Towers with Radar,0,3,6,0,9,0,0,60,0,60,0,3,66,0,69,182,0,182,251
10/15/2008,EMT,CA,AWP,WE,Towers with Radar,0,3,13,0,16,0,0,103,0,103,0,3,116,0,119,123,0,123,242
10/16/2008,EMT,CA,AWP,WE,Towers with Radar,0,2,12,0,14,0,1,114,0,115,0,3,126,0,129,114,0,114,243
10/17/2008,EMT,CA,AWP,WE,Towers with Radar,0,2,2,0,4,0,0,107,0,107,0,2,109,0,111,185,0,185,296
10/18/2008,EMT,CA,AWP,WE,Towers with Radar,0,0,12,0,12,0,0,136,0,136,0,0,148,0,148,84,0,84,232
10/19/2008,EMT,CA,AWP,WE,Towers with Radar,0,0,10,0,10,0,0,122,0,122,0,0,132,0,132,85,0,85,217
10/20/2008,EMT,CA,AWP,WE,Towers with Radar,0,3,8,0,11,0,1,68,0,69,0,4,76,0,80,100,0,100,180
10/21/2008,EMT,CA,AWP,WE,Towers with Radar,0,3,9,0,12,0,2,93,0,95,0,5,102,0,107,136,0,136,243
10/22/2008,EMT,CA,AWP,WE,Towers with Radar,0,3,6,0,9,0,2,93,0,95,0,5,99,0,104,124,0,124,228
10/23/2008,EMT,CA,AWP,WE,Towers with Radar,0,3,14,0,17,0,1,92,0,93,0,4,106,0,110,156,0,156,266
10/24/2008,EMT,CA,AWP,WE,Towers with Radar,0,2,18,0,20,0,0,112,0,112,0,2,130,0,132,143,0,143,275
10/25/2008,EMT,CA,AWP,WE,Towers with Radar,0,0,11,0,11,0,0,145,0,145,0,0,156,0,156,186,0,186,342
10/26/2008,EMT,CA,AWP,WE,Towers with Radar,0,0,13,0,13,0,0,169,0,169,0,0,182,0,182,139,0,139,321
10/27/2008,EMT,CA,AWP,WE,Towers with Radar,0,3,14,0,17,0,0,88,0,88,0,3,102,0,105,159,0,159,264
10/28/2008,EMT,CA,AWP,WE,Towers with Radar,0,3,9,0,12,0,2,100,1,103,0,5,109,1,115,124,0,124,239
10/29/2008,EMT,CA,AWP,WE,Towers with Radar,0,3,19,0,22,0,0,153,2,155,0,3,172,2,177,154,0,154,331
10/30/2008,EMT,CA,AWP,WE,Towers with Radar,0,0,7,0,7,0,1,89,0,90,0,1,96,0,97,131,2,133,230
10/31/2008,EMT,CA,AWP,WE,Towers with Radar,0,2,5,0,7,0,0,66,0,66,0,2,71,0,73,124,0,124,197
11/01/2008,EMT,CA,AWP,WE,Towers with Radar,0,0,10,0,10,0,0,93,0,93,0,0,103,0,103,126,0,126,229
11/02/2008,EMT,CA,AWP,WE,Towers with Radar,0,0,26,0,26,0,0,77,0,77,0,0,103,0,103,144,0,144,247
11/03/2008,EMT,CA,AWP,WE,Towers with Radar,0,1,17,0,18,0,1,97,4,102,0,2,114,4,120,147,0,147,267
11/04/2008,EMT,CA,AWP,WE,Towers with Radar,0,2,12,0,14,0,3,41,0,44,0,5,53,0,58,121,0,121,179
11/05/2008,EMT,CA,AWP,WE,Towers with Radar,0,3,1,0,4,0,2,92,0,94,0,5,93,0,98,288,0,288,386
11/06/2008,EMT,CA,AWP,WE,Towers with Radar,0,1,8,1,10,0,1,121,0,122,0,2,129,1,132,194,0,194,326
11/07/2008,EMT,CA,AWP,WE,Towers with Radar,0,2,6,0,8,0,0,122,0,122,0,2,128,0,130,132,0,132,262
11/08/2008,EMT,CA,AWP,WE,Towers with Radar,0,0,15,0,15,0,0,183,0,183,0,0,198,0,198,114,0,114,312
11/09/2008,EMT,CA,AWP,WE,Towers with Radar,0,0,7,0,7,0,0,70,0,70,0,0,77,0,77,121,0,121,198
11/10/2008,EMT,CA,AWP,WE,Towers with Radar,0,3,7,0,10,0,0,135,2,137,0,3,142,2,147,228,2,230,377
11/11/2008,EMT,CA,AWP,WE,Towers with Radar,0,0,7,0,7,0,0,109,0,109,0,0,116,0,116,219,0,219,335
11/12/2008,EMT,CA,AWP,WE,Towers with Radar,0,3,6,0,9,0,2,108,0,110,0,5,114,0,119,167,0,167,286
11/13/2008,EMT,CA,AWP,WE,Towers with Radar,0,1,6,0,7,0,3,111,0,114,0,4,117,0,121,199,0,199,320
11/14/2008,EMT,CA,AWP,WE,Towers with Radar,0,2,5,0,7,0,0,84,0,84,0,2,89,0,91,257,0,257,348
11/15/2008,EMT,CA,AWP,WE,Towers with Radar,0,0,10,0,10,0,0,120,0,120,0,0,130,0,130,151,0,151,281
11/16/2008,EMT,CA,AWP,WE,Towers with Radar,0,0,17,0,17,0,0,60,0,60,0,0,77,0,77,36,0,36,113
11/17/2008,EMT,CA,AWP,WE,Towers with Radar,0,1,4,0,5,0,2,82,0,84,0,3,86,0,89,200,0,200,289
11/18/2008,EMT,CA,AWP,WE,Towers with Radar,0,3,14,0,17,0,1,102,0,103,0,4,116,0,120,174,0,174,294
11/19/2008,EMT,CA,AWP,WE,Towers with Radar,0,2,5,0,7,0,2,112,0,114,0,4,117,0,121,156,0,156,277
11/20/2008,EMT,CA,AWP,WE,Towers with Radar,0,3,6,0,9,0,2,111,2,115,0,5,117,2,124,152,0,152,276
11/21/2008,EMT,CA,AWP,WE,Towers with Radar,0,1,13,0,14,0,1,128,0,129,0,2,141,0,143,141,0,141,284
11/22/2008,EMT,CA,AWP,WE,Towers with Radar,0,0,19,0,19,0,0,161,0,161,0,0,180,0,180,185,19,204,384
11/23/2008,EMT,CA,AWP,WE,Towers with Radar,0,0,24,0,24,0,0,57,0,57,0,0,81,0,81,74,0,74,155
11/24/2008,EMT,CA,AWP,WE,Towers with Radar,0,1,10,0,11,0,1,74,0,75,0,2,84,0,86,86,0,86,172
11/25/2008,EMT,CA,AWP,WE,Towers with Radar,0,3,5,0,8,0,1,83,0,84,0,4,88,0,92,107,0,107,199
11/26/2008,EMT,CA,AWP,WE,Towers with Radar,0,4,4,0,8,0,0,18,0,18,0,4,22,0,26,64,0,64,90
11/27/2008,EMT,CA,AWP,WE,Towers with Radar,0,0,9,0,9,0,0,53,0,53,0,0,62,0,62,130,0,130,192
11/28/2008,EMT,CA,AWP,WE,Towers with Radar,0,2,32,0,34,0,0,105,0,105,0,2,137,0,139,177,0,177,316
11/29/2008,EMT,CA,AWP,WE,Towers with Radar,0,0,10,0,10,0,0,139,0,139,0,0,149,0,149,248,0,248,397
11/30/2008,EMT,CA,AWP,WE,Towers with Radar,0,0,15,0,15,0,0,133,0,133,0,0,148,0,148,279,0,279,427
12/01/2008,EMT,CA,AWP,WE,Towers with Radar,0,0,7,0,7,0,2,85,0,87,0,2,92,0,94,130,0,130,224
12/02/2008,EMT,CA,AWP,WE,Towers with Radar,0,4,8,0,12,0,0,20,0,20,0,4,28,0,32,46,0,46,78
12/03/2008,EMT,CA,AWP,WE,Towers with Radar,0,3,12,0,15,0,0,64,0,64,0,3,76,0,79,96,0,96,175
12/04/2008,EMT,CA,AWP,WE,Towers with Radar,0,3,14,0,17,0,1,59,0,60,0,4,73,0,77,230,0,230,307
12/05/2008,EMT,CA,AWP,WE,Towers with Radar,0,0,17,0,17,0,0,139,0,139,0,0,156,0,156,178,0,178,334
12/06/2008,EMT,CA,AWP,WE,Towers with Radar,0,0,9,0,9,0,0,117,1,118,0,0,126,1,127,168,0,168,295
12/07/2008,EMT,CA,AWP,WE,Towers with Radar,0,0,22,0,22,0,0,71,0,71,0,0,93,0,93,131,0,131,224
12/08/2008,EMT,CA,AWP,WE,Towers with Radar,0,2,15,0,17,0,1,57,0,58,0,3,72,0,75,203,0,203,278
12/09/2008,EMT,CA,AWP,WE,Towers with Radar,0,3,3,0,6,0,3,89,2,94,0,6,92,2,100,176,0,176,276
12/10/2008,EMT,CA,AWP,WE,Towers with Radar,0,3,16,0,19,0,2,93,0,95,0,5,109,0,114,190,0,190,304
12/11/2008,EMT,CA,AWP,WE,Towers with Radar,0,3,9,0,12,0,2,107,0,109,0,5,116,0,121,209,0,209,330
12/12/2008,EMT,CA,AWP,WE,Towers with Radar,0,2,9,0,11,0,0,99,0,99,0,2,108,0,110,145,1,146,256
12/13/2008,EMT,CA,AWP,WE,Towers with Radar,0,0,16,0,16,0,0,41,0,41,0,0,57,0,57,159,0,159,216
12/14/2008,EMT,CA,AWP,WE,Towers with Radar,0,0,7,0,7,0,0,115,0,115,0,0,122,0,122,153,0,153,275
12/15/2008,EMT,CA,AWP,WE,Towers with Radar,0,2,7,0,9,0,0,7,0,7,0,2,14,0,16,0,0,0,16
12/16/2008,EMT,CA,AWP,WE,Towers with Radar,0,2,11,0,13,0,2,57,0,59,0,4,68,0,72,147,0,147,219
12/17/2008,EMT,CA,AWP,WE,Towers with Radar,0,0,2,0,2,0,0,7,0,7,0,0,9,0,9,4,0,4,13
12/18/2008,EMT,CA,AWP,WE,Towers with Radar,0,3,9,0,12,0,0,113,0,113,0,3,122,0,125,107,0,107,232
12/19/2008,EMT,CA,AWP,WE,Towers with Radar,0,1,5,0,6,0,1,122,0,123,0,2,127,0,129,239,0,239,368
12/20/2008,EMT,CA,AWP,WE,Towers with Radar,0,0,7,0,7,0,0,179,0,179,0,0,186,0,186,199,0,199,385
12/21/2008,EMT,CA,AWP,WE,Towers with Radar,0,0,11,0,11,0,0,126,0,126,0,0,137,0,137,168,0,168,305
12/22/2008,EMT,CA,AWP,WE,Towers with Radar,0,2,3,0,5,0,2,4,0,6,0,4,7,0,11,52,0,52,63
12/23/2008,EMT,CA,AWP,WE,Towers with Radar,0,3,19,0,22,0,1,110,0,111,0,4,129,0,133,110,0,110,243
12/24/2008,EMT,CA,AWP,WE,Towers with Radar,0,0,6,0,6,0,3,53,0,56,0,3,59,0,62,97,0,97,159
12/25/2008,EMT,CA,AWP,WE,Towers with Radar,0,0,1,0,1,0,0,2,0,2,0,0,3,0,3,10,0,10,13
12/26/2008,EMT,CA,AWP,WE,Towers with Radar,0,2,7,0,9,0,0,46,0,46,0,2,53,0,55,35,0,35,90
12/27/2008,EMT,CA,AWP,WE,Towers with Radar,0,0,12,0,12,0,0,153,0,153,0,0,165,0,165,159,0,159,324
12/28/2008,EMT,CA,AWP,WE,Towers with Radar,0,0,11,0,11,0,0,137,0,137,0,0,148,0,148,137,0,137,285
12/29/2008,EMT,CA,AWP,WE,Towers with Radar,0,0,10,0,10,0,4,92,0,96,0,4,102,0,106,184,0,184,290
12/30/2008,EMT,CA,AWP,WE,Towers with Radar,0,3,8,0,11,0,1,151,0,152,0,4,159,0,163,203,0,203,366
12/31/2008,EMT,CA,AWP,WE,Towers with Radar,0,3,7,0,10,0,1,103,0,104,0,4,110,0,114,97,0,97,211
01/01/2009,EMT,CA,AWP,WE,Towers with Radar,0,0,6,0,6,0,0,71,0,71,0,0,77,0,77,39,0,39,116
01/02/2009,EMT,CA,AWP,WE,Towers with Radar,0,2,47,0,49,0,0,0,0,0,0,2,47,0,49,0,0,0,49
01/03/2009,EMT,CA,AWP,WE,Towers with Radar,0,0,23,0,23,0,0,44,0,44,0,0,67,0,67,172,0,172,239
01/04/2009,EMT,CA,AWP,WE,Towers with Radar,0,0,8,0,8,0,1,135,0,136,0,1,143,0,144,195,0,195,339
01/05/2009,EMT,CA,AWP,WE,Towers with Radar,0,0,14,0,14,0,1,102,0,103,0,1,116,0,117,93,0,93,210
01/06/2009,EMT,CA,AWP,WE,Towers with Radar,0,1,14,0,15,0,1,103,0,104,0,2,117,0,119,78,0,78,197
01/07/2009,EMT,CA,AWP,WE,Towers with Radar,0,2,7,0,9,0,2,91,0,93,0,4,98,0,102,89,0,89,191
01/08/2009,EMT,CA,AWP,WE,Towers with Radar,0,3,10,0,13,0,2,100,0,102,0,5,110,0,115,69,0,69,184
01/09/2009,EMT,CA,AWP,WE,Towers with Radar,0,2,7,0,9,0,0,42,0,42,0,2,49,0,51,158,0,158,209
01/10/2009,EMT,CA,AWP,WE,Towers with Radar,0,0,1,0,1,0,0,104,0,104,0,0,105,0,105,197,2,199,304
01/11/2009,EMT,CA,AWP,WE,Towers with Radar,0,0,3,0,3,0,0,99,0,99,0,0,102,0,102,123,0,123,225
01/12/2009,EMT,CA,AWP,WE,Towers with Radar,0,3,5,0,8,0,3,89,0,92,0,6,94,0,100,107,0,107,207
01/13/2009,EMT,CA,AWP,WE,Towers with Radar,0,3,10,0,13,0,2,80,0,82,0,5,90,0,95,175,0,175,270
01/14/2009,EMT,CA,AWP,WE,Towers with Radar,0,3,7,0,10,0,2,122,0,124,0,5,129,0,134,103,0,103,237
01/15/2009,EMT,CA,AWP,WE,Towers with Radar,0,2,15,0,17,0,2,94,0,96,0,4,109,0,113,139,0,139,252
01/16/2009,EMT,CA,AWP,WE,Towers with Radar,0,2,12,0,14,0,0,119,0,119,0,2,131,0,133,208,0,208,341
01/17/2009,EMT,CA,AWP,WE,Towers with Radar,0,0,10,0,10,0,0,184,0,184,0,0,194,0,194,212,0,212,406
01/18/2009,EMT,CA,AWP,WE,Towers with Radar,0,0,9,0,9,0,0,129,0,129,0,0,138,0,138,166,0,166,304
01/19/2009,EMT,CA,AWP,WE,Towers with Radar,0,0,11,0,11,0,0,145,0,145,0,0,156,0,156,144,0,144,300
01/20/2009,EMT,CA,AWP,WE,Towers with Radar,0,1,13,0,14,0,2,92,0,94,0,3,105,0,108,110,0,110,218
01/21/2009,EMT,CA,AWP,WE,Towers with Radar,0,3,17,0,20,0,1,82,0,83,0,4,99,0,103,109,0,109,212
01/22/2009,EMT,CA,AWP,WE,Towers with Radar,0,2,14,0,16,0,0,50,0,50,0,2,64,0,66,184,0,184,250
01/23/2009,EMT,CA,AWP,WE,Towers with Radar,0,2,9,0,11,0,0,3,0,3,0,2,12,0,14,0,0,0,14
01/24/2009,EMT,CA,AWP,WE,Towers with Radar,0,0,27,0,27,0,0,17,0,17,0,0,44,0,44,12,0,12,56
01/25/2009,EMT,CA,AWP,WE,Towers with Radar,0,0,24,0,24,0,0,98,0,98,0,0,122,0,122,196,0,196,318
01/26/2009,EMT,CA,AWP,WE,Towers with Radar,0,2,18,0,20,0,1,75,0,76,0,3,93,0,96,143,0,143,239
01/27/2009,EMT,CA,AWP,WE,Towers with Radar,0,3,3,0,6,0,3,97,0,100,0,6,100,0,106,179,0,179,285
01/28/2009,EMT,CA,AWP,WE,Towers with Radar,0,3,9,0,12,0,0,97,0,97,0,3,106,0,109,94,0,94,203
01/29/2009,EMT,CA,AWP,WE,Towers with Radar,0,1,2,0,3,0,1,66,0,67,0,2,68,0,70,164,0,164,234
01/30/2009,EMT,CA,AWP,WE,Towers with Radar,0,2,15,0,17,0,0,97,0,97,0,2,112,0,114,152,0,152,266
01/31/2009,EMT,CA,AWP,WE,Towers with Radar,0,0,21,0,21,0,0,142,0,142,0,0,163,0,163,153,0,153,316
02/01/2009,EMT,CA,AWP,WE,Towers with Radar,0,0,10,0,10,0,0,126,0,126,0,0,136,0,136,62,0,62,198
02/02/2009,EMT,CA,AWP,WE,Towers with Radar,0,2,8,0,10,0,1,100,0,101,0,3,108,0,111,86,0,86,197
02/03/2009,EMT,CA,AWP,WE,Towers with Radar,0,3,17,0,20,0,1,90,0,91,0,4,107,0,111,135,0,135,246
02/04/2009,EMT,CA,AWP,WE,Towers with Radar,0,3,11,0,14,0,1,122,0,123,0,4,133,0,137,156,0,156,293
02/05/2009,EMT,CA,AWP,WE,Towers with Radar,0,0,10,0,10,0,0,44,0,44,0,0,54,0,54,46,0,46,100
02/06/2009,EMT,CA,AWP,WE,Towers with Radar,0,2,6,0,8,0,0,12,0,12,0,2,18,0,20,9,0,9,29
02/07/2009,EMT,CA,AWP,WE,Towers with Radar,0,0,3,0,3,0,0,45,0,45,0,0,48,0,48,108,0,108,156
02/08/2009,EMT,CA,AWP,WE,Towers with Radar,0,0,10,0,10,0,0,34,0,34,0,0,44,0,44,97,0,97,141
02/09/2009,EMT,CA,AWP,WE,Towers with Radar,0,2,0,0,2,0,0,13,0,13,0,2,13,0,15,26,0,26,41
02/10/2009,EMT,CA,AWP,WE,Towers with Radar,0,3,8,0,11,0,3,119,0,122,0,6,127,0,133,116,0,116,249
02/11/2009,EMT,CA,AWP,WE,Towers with Radar,0,5,9,0,14,0,0,87,0,87,0,5,96,0,101,111,0,111,212
02/12/2009,EMT,CA,AWP,WE,Towers with Radar,0,3,9,2,14,0,2,81,0,83,0,5,90,2,97,98,0,98,195
02/13/2009,EMT,CA,AWP,WE,Towers with Radar,0,2,1,0,3,0,0,18,0,18,0,2,19,0,21,0,0,0,21
02/14/2009,EMT,CA,AWP,WE,Towers with Radar,0,0,12,0,12,0,0,132,0,132,0,0,144,0,144,128,0,128,272
02/15/2009,EMT,CA,AWP,WE,Towers with Radar,0,0,9,0,9,0,0,89,0,89,0,0,98,0,98,113,0,113,211
02/16/2009,EMT,CA,AWP,WE,Towers with Radar,0,0,0,0,0,0,0,6,0,6,0,0,6,0,6,22,0,22,28
02/17/2009,EMT,CA,AWP,WE,Towers with Radar,0,0,8,0,8,0,2,32,0,34,0,2,40,0,42,64,0,64,106
02/18/2009,EMT,CA,AWP,WE,Towers with Radar,0,3,11,0,14,0,2,110,0,112,0,5,121,0,126,111,0,111,237
02/19/2009,EMT,CA,AWP,WE,Towers with Radar,0,3,3,0,6,0,1,122,0,123,0,4,125,0,129,107,0,107,236
02/20/2009,EMT,CA,AWP,WE,Towers with Radar,0,2,10,0,12,0,0,126,0,126,0,2,136,0,138,132,0,132,270
02/21/2009,EMT,CA,AWP,WE,Towers with Radar,0,0,15,0,15,0,0,157,0,157,0,0,172,0,172,143,0,143,315
02/22/2009,EMT,CA,AWP,WE,Towers with Radar,0,0,14,0,14,0,0,129,0,129,0,0,143,0,143,113,0,113,256
02/23/2009,EMT,CA,AWP,WE,Towers with Radar,0,2,7,0,9,0,2,70,0,72,0,4,77,0,81,126,0,126,207
02/24/2009,EMT,CA,AWP,WE,Towers with Radar,0,3,10,0,13,0,2,90,0,92,0,5,100,0,105,137,0,137,242
02/25/2009,EMT,CA,AWP,WE,Towers with Radar,0,3,13,0,16,0,2,48,0,50,0,5,61,0,66,110,0,110,176
02/26/2009,EMT,CA,AWP,WE,Towers with Radar,0,4,25,0,29,0,1,63,0,64,0,5,88,0,93,130,0,130,223
02/27/2009,EMT,CA,AWP,WE,Towers with Radar,0,2,15,0,17,0,0,78,0,78,0,2,93,0,95,121,0,121,216
02/28/2009,EMT,CA,AWP,WE,Towers with Radar,0,0,16,0,16,0,0,149,0,149,0,0,165,0,165,138,0,138,303
03/01/2009,EMT,CA,AWP,WE,Towers with Radar,0,0,10,0,10,0,0,162,0,162,0,0,172,0,172,104,0,104,276
03/02/2009,EMT,CA,AWP,WE,Towers with Radar,0,3,6,0,9,0,2,51,0,53,0,5,57,0,62,95,0,95,157
03/03/2009,EMT,CA,AWP,WE,Towers with Radar,0,0,6,0,6,0,2,90,0,92,0,2,96,0,98,162,0,162,260
03/04/2009,EMT,CA,AWP,WE,Towers with Radar,0,4,11,0,15,0,1,21,0,22,0,5,32,0,37,2,0,2,39
03/05/2009,EMT,CA,AWP,WE,Towers with Radar,0,3,12,0,15,0,2,99,0,101,0,5,111,0,116,76,0,76,192
03/06/2009,EMT,CA,AWP,WE,Towers with Radar,0,2,17,0,19,0,0,62,0,62,0,2,79,0,81,146,0,146,227
03/07/2009,EMT,CA,AWP,WE,Towers with Radar,0,0,6,0,6,0,0,148,0,148,0,0,154,0,154,151,0,151,305
03/08/2009,EMT,CA,AWP,WE,Towers with Radar,0,0,13,0,13,0,0,119,0,119,0,0,132,0,132,120,0,120,252
03/09/2009,EMT,CA,AWP,WE,Towers with Radar,0,3,14,0,17,0,0,46,0,46,0,3,60,0,63,112,0,112,175
03/10/2009,EMT,CA,AWP,WE,Towers with Radar,0,3,8,0,11,0,2,109,0,111,0,5,117,0,122,81,0,81,203
03/11/2009,EMT,CA,AWP,WE,Towers with Radar,0,6,9,0,15,0,0,73,0,73,0,6,82,0,88,168,0,168,256
03/12/2009,EMT,CA,AWP,WE,Towers with Radar,0,3,1,0,4,0,1,79,0,80,0,4,80,0,84,173,0,173,257
03/13/2009,EMT,CA,AWP,WE,Towers with Radar,0,1,10,0,11,0,0,106,0,106,0,1,116,0,117,134,0,134,251
03/14/2009,EMT,CA,AWP,WE,Towers with Radar,0,0,27,0,27,0,0,23,0,23,0,0,50,0,50,114,0,114,164
03/15/2009,EMT,CA,AWP,WE,Towers with Radar,0,0,30,0,30,0,0,48,1,49,0,0,78,1,79,96,0,96,175
03/16/2009,EMT,CA,AWP,WE,Towers with Radar,0,2,4,0,6,0,1,102,0,103,0,3,106,0,109,127,0,127,236
03/17/2009,EMT,CA,AWP,WE,Towers with Radar,0,1,5,0,6,0,4,99,0,103,0,5,104,0,109,163,0,163,272
03/18/2009,EMT,CA,AWP,WE,Towers with Radar,0,4,7,0,11,0,1,63,0,64,0,5,70,0,75,40,0,40,115
03/19/2009,EMT,CA,AWP,WE,Towers with Radar,0,5,6,0,11,0,0,27,0,27,0,5,33,0,38,2,0,2,40
03/20/2009,EMT,CA,AWP,WE,Towers with Radar,0,0,29,0,29,0,0,66,0,66,0,0,95,0,95,95,0,95,190
03/21/2009,EMT,CA,AWP,WE,Towers with Radar,0,0,13,0,13,0,0,52,0,52,0,0,65,0,65,150,0,150,215
03/22/2009,EMT,CA,AWP,WE,Towers with Radar,0,0,4,0,4,0,0,23,0,23,0,0,27,0,27,16,0,16,43
03/23/2009,EMT,CA,AWP,WE,Towers with Radar,0,1,6,0,7,0,0,102,0,102,0,1,108,0,109,122,0,122,231
03/24/2009,EMT,CA,AWP,WE,Towers with Radar,0,1,11,0,12,0,2,125,0,127,0,3,136,0,139,106,0,106,245
03/25/2009,EMT,CA,AWP,WE,Towers with Radar,0,1,11,0,12,0,2,120,0,122,0,3,131,0,134,109,0,109,243
03/26/2009,EMT,CA,AWP,WE,Towers with Radar,0,0,8,0,8,0,1,76,0,77,0,1,84,0,85,104,0,104,189
03/27/2009,EMT,CA,AWP,WE,Towers with Radar,0,2,12,0,14,0,0,110,0,110,0,2,122,0,124,116,0,116,240
03/28/2009,EMT,CA,AWP,WE,Towers with Radar,0,0,10,0,10,0,0,177,0,177,0,0,187,0,187,168,0,168,355
03/29/2009,EMT,CA,AWP,WE,Towers with Radar,0,0,16,0,16,0,0,80,0,80,0,0,96,0,96,70,0,70,166
03/30/2009,EMT,CA,AWP,WE,Towers with Radar,0,2,9,1,12,0,3,70,1,74,0,5,79,2,86,132,0,132,218
03/31/2009,EMT,CA,AWP,WE,Towers with Radar,0,2,4,0,6,0,1,132,0,133,0,3,136,0,139,91,0,91,230
04/01/2009,EMT,CA,AWP,WE,Towers with Radar,0,3,4,0,7,0,2,103,0,105,0,5,107,0,112,116,0,116,228
04/02/2009,EMT,CA,AWP,WE,Towers with Radar,0,3,16,0,19,0,3,50,0,53,0,6,66,0,72,90,0,90,162
04/03/2009,EMT,CA,AWP,WE,Towers with Radar,0,1,8,0,9,0,0,53,0,53,0,1,61,0,62,100,0,100,162
04/04/2009,EMT,CA,AWP,WE,Towers with Radar,0,0,10,0,10,0,0,129,0,129,0,0,139,0,139,164,0,164,303
04/05/2009,EMT,CA,AWP,WE,Towers with Radar,0,0,14,0,14,0,0,139,0,139,0,0,153,0,153,129,0,129,282
04/06/2009,EMT,CA,AWP,WE,Towers with Radar,0,2,16,0,18,0,1,105,0,106,0,3,121,0,124,72,0,72,196
04/07/2009,EMT,CA,AWP,WE,Towers with Radar,0,1,9,0,10,0,7,72,2,81,0,8,81,2,91,116,2,118,209
04/08/2009,EMT,CA,AWP,WE,Towers with Radar,0,2,4,0,6,0,2,55,0,57,0,4,59,0,63,88,0,88,151
04/09/2009,EMT,CA,AWP,WE,Towers with Radar,0,2,12,0,14,0,1,73,0,74,0,3,85,0,88,125,0,125,213
04/10/2009,EMT,CA,AWP,WE,Towers with Radar,0,2,13,0,15,0,0,33,0,33,0,2,46,0,48,84,0,84,132
04/11/2009,EMT,CA,AWP,WE,Towers with Radar,0,0,13,0,13,0,0,80,0,80,0,0,93,0,93,195,0,195,288
04/12/2009,EMT,CA,AWP,WE,Towers with Radar,0,0,5,0,5,0,0,109,0,109,0,0,114,0,114,136,0,136,250
04/13/2009,EMT,CA,AWP,WE,Towers with Radar,0,2,3,0,5,0,3,72,0,75,0,5,75,0,80,139,0,139,219
04/14/2009,EMT,CA,AWP,WE,Towers with Radar,0,2,9,0,11,0,3,51,0,54,0,5,60,0,65,56,0,56,121
04/15/2009,EMT,CA,AWP,WE,Towers with Radar,0,2,2,0,4,0,2,43,0,45,0,4,45,0,49,12,0,12,61
04/16/2009,EMT,CA,AWP,WE,Towers with Radar,0,1,13,0,14,0,2,107,0,109,0,3,120,0,123,172,0,172,295
04/17/2009,EMT,CA,AWP,WE,Towers with Radar,0,2,8,0,10,0,0,107,0,107,0,2,115,0,117,151,0,151,268
04/18/2009,EMT,CA,AWP,WE,Towers with Radar,0,2,12,0,14,0,0,126,0,126,0,2,138,0,140,177,0,177,317
04/19/2009,EMT,CA,AWP,WE,Towers with Radar,0,0,10,0,10,0,0,129,0,129,0,0,139,0,139,114,0,114,253
04/20/2009,EMT,CA,AWP,WE,Towers with Radar,0,2,3,0,5,0,2,91,0,93,0,4,94,0,98,77,0,77,175
04/21/2009,EMT,CA,AWP,WE,Towers with Radar,0,2,3,0,5,0,3,73,0,76,0,5,76,0,81,111,0,111,192
04/22/2009,EMT,CA,AWP,WE,Towers with Radar,0,2,11,0,13,0,3,102,0,105,0,5,113,0,118,107,0,107,225
04/23/2009,EMT,CA,AWP,WE,Towers with Radar,0,6,16,0,22,0,1,45,0,46,0,7,61,0,68,78,0,78,146
04/24/2009,EMT,CA,AWP,WE,Towers with Radar,0,2,24,0,26,0,0,59,0,59,0,2,83,0,85,159,0,159,244
04/25/2009,EMT,CA,AWP,WE,Towers with Radar,0,0,11,0,11,0,0,102,0,102,0,0,113,0,113,140,0,140,253
04/26/2009,EMT,CA,AWP,WE,Towers with Radar,0,0,14,0,14,0,0,163,0,163,0,0,177,0,177,156,0,156,333
04/27/2009,EMT,CA,AWP,WE,Towers with Radar,0,2,14,0,16,0,0,48,0,48,0,2,62,0,64,146,0,146,210
04/28/2009,EMT,CA,AWP,WE,Towers with Radar,0,2,8,0,10,0,3,83,0,86,0,5,91,0,96,128,0,128,224
04/29/2009,EMT,CA,AWP,WE,Towers with Radar,0,1,3,0,4,0,4,69,0,73,0,5,72,0,77,184,0,184,261
04/30/2009,EMT,CA,AWP,WE,Towers with Radar,0,2,9,0,11,0,4,115,0,119,0,6,124,0,130,125,0,125,255
05/01/2009,EMT,CA,AWP,WE,Towers with Radar,0,2,7,0,9,0,0,86,0,86,0,2,93,0,95,76,0,76,171
05/02/2009,EMT,CA,AWP,WE,Towers with Radar,0,0,14,0,14,0,0,89,0,89,0,0,103,0,103,150,0,150,253
05/03/2009,EMT,CA,AWP,WE,Towers with Radar,0,0,15,0,15,0,0,69,0,69,0,0,84,0,84,106,0,106,190
05/04/2009,EMT,CA,AWP,WE,Towers with Radar,0,2,10,0,12,0,3,77,0,80,0,5,87,0,92,159,0,159,251
05/05/2009,EMT,CA,AWP,WE,Towers with Radar,0,2,8,0,10,0,2,100,0,102,0,4,108,0,112,80,0,80,192
05/06/2009,EMT,CA,AWP,WE,Towers with Radar,0,2,5,0,7,0,2,90,0,92,0,4,95,0,99,111,0,111,210
05/07/2009,EMT,CA,AWP,WE,Towers with Radar,0,2,7,0,9,0,2,86,0,88,0,4,93,0,97,86,0,86,183
05/08/2009,EMT,CA,AWP,WE,Towers with Radar,0,2,7,0,9,0,0,116,1,117,0,2,123,1,126,146,0,146,272
05/09/2009,EMT,CA,AWP,WE,Towers with Radar,0,0,6,0,6,0,0,81,0,81,0,0,87,0,87,79,0,79,166
05/10/2009,EMT,CA,AWP,WE,Towers with Radar,0,0,6,0,6,0,0,55,0,55,0,0,61,0,61,111,0,111,172
05/11/2009,EMT,CA,AWP,WE,Towers with Radar,0,4,10,0,14,0,1,55,0,56,0,5,65,0,70,78,0,78,148
05/12/2009,EMT,CA,AWP,WE,Towers with Radar,0,3,10,0,13,0,2,61,0,63,0,5,71,0,76,113,0,113,189
05/13/2009,EMT,CA,AWP,WE,Towers with Radar,0,3,9,0,12,0,3,84,0,87,0,6,93,0,99,86,0,86,185
05/14/2009,EMT,CA,AWP,WE,Towers with Radar,0,1,14,0,15,0,3,88,0,91,0,4,102,0,106,76,0,76,182
05/15/2009,EMT,CA,AWP,WE,Towers with Radar,0,1,7,0,8,0,1,69,0,70,0,2,76,0,78,44,0,44,122
05/16/2009,EMT,CA,AWP,WE,Towers with Radar,0,0,12,0,12,0,0,114,0,114,0,0,126,0,126,109,0,109,235
05/17/2009,EMT,CA,AWP,WE,Towers with Radar,0,0,13,0,13,0,0,83,0,83,0,0,96,0,96,108,0,108,204
05/18/2009,EMT,CA,AWP,WE,Towers with Radar,0,2,11,0,13,0,1,81,0,82,0,3,92,0,95,70,0,70,165
05/19/2009,EMT,CA,AWP,WE,Towers with Radar,0,3,3,0,6,0,2,84,0,86,0,5,87,0,92,138,0,138,230
05/20/2009,EMT,CA,AWP,WE,Towers with Radar,0,3,7,0,10,0,1,88,0,89,0,4,95,0,99,118,0,118,217
05/21/2009,EMT,CA,AWP,WE,Towers with Radar,0,2,5,0,7,0,1,96,0,97,0,3,101,0,104,112,0,112,216
05/22/2009,EMT,CA,AWP,WE,Towers with Radar,0,2,7,0,9,0,0,99,0,99,0,2,106,0,108,138,0,138,246
05/23/2009,EMT,CA,AWP,WE,Towers with Radar,0,0,15,0,15,0,0,110,0,110,0,0,125,0,125,114,0,114,239
05/24/2009,EMT,CA,AWP,WE,Towers with Radar,0,0,8,0,8,0,0,93,0,93,0,0,101,0,101,75,0,75,176
05/25/2009,EMT,CA,AWP,WE,Towers with Radar,0,0,14,0,14,0,0,79,0,79,0,0,93,0,93,79,0,79,172
05/26/2009,EMT,CA,AWP,WE,Towers with Radar,0,2,13,0,15,0,0,71,0,71,0,2,84,0,86,187,0,187,273
05/27/2009,EMT,CA,AWP,WE,Towers with Radar,0,4,15,0,19,0,0,27,4,31,0,4,42,4,50,34,0,34,84
05/28/2009,EMT,CA,AWP,WE,Towers with Radar,0,1,2,0,3,0,0,74,0,74,0,1,76,0,77,38,0,38,115
05/29/2009,EMT,CA,AWP,WE,Towers with Radar,0,2,13,0,15,0,0,22,0,22,0,2,35,0,37,46,0,46,83
05/30/2009,EMT,CA,AWP,WE,Towers with Radar,0,0,21,0,21,0,0,36,0,36,0,0,57,0,57,108,0,108,165
05/31/2009,EMT,CA,AWP,WE,Towers with Radar,0,0,16,0,16,0,0,33,0,33,0,0,49,0,49,159,0,159,208
06/01/2009,EMT,CA,AWP,WE,Towers with Radar,0,3,11,0,14,0,1,59,0,60,0,4,70,0,74,76,0,76,150
06/02/2009,EMT,CA,AWP,WE,Towers with Radar,0,3,9,0,12,0,1,99,0,100,0,4,108,0,112,106,0,106,218
06/03/2009,EMT,CA,AWP,WE,Towers with Radar,0,3,6,0,9,0,1,27,0,28,0,4,33,0,37,46,0,46,83
06/04/2009,EMT,CA,AWP,WE,Towers with Radar,0,2,16,2,20,0,0,75,0,75,0,2,91,2,95,100,0,100,195
06/05/2009,EMT,CA,AWP,WE,Towers with Radar,0,3,14,0,17,0,0,23,0,23,0,3,37,0,40,40,0,40,80
06/06/2009,EMT,CA,AWP,WE,Towers with Radar,0,0,10,0,10,0,0,86,0,86,0,0,96,0,96,142,0,142,238
06/07/2009,EMT,CA,AWP,WE,Towers with Radar,0,0,13,0,13,0,0,108,0,108,0,0,121,0,121,116,0,116,237
06/08/2009,EMT,CA,AWP,WE,Towers with Radar,0,2,13,0,15,0,0,59,0,59,0,2,72,0,74,160,0,160,234
06/09/2009,EMT,CA,AWP,WE,Towers with Radar,0,4,12,1,17,0,1,26,0,27,0,5,38,1,44,158,0,158,202
06/10/2009,EMT,CA,AWP,WE,Towers with Radar,0,4,16,0,20,0,1,49,0,50,0,5,65,0,70,207,0,207,277
06/11/2009,EMT,CA,AWP,WE,Towers with Radar,0,5,28,0,33,0,0,38,0,38,0,5,66,0,71,192,0,192,263
06/12/2009,EMT,CA,AWP,WE,Towers with Radar,0,2,24,0,26,0,0,45,0,45,0,2,69,0,71,135,4,139,210
06/13/2009,EMT,CA,AWP,WE,Towers with Radar,0,0,22,0,22,0,0,54,0,54,0,0,76,0,76,129,0,129,205
06/14/2009,EMT,CA,AWP,WE,Towers with Radar,0,0,11,0,11,0,0,96,0,96,0,0,107,0,107,184,0,184,291
06/15/2009,EMT,CA,AWP,WE,Towers with Radar,0,3,16,0,19,0,1,66,0,67,0,4,82,0,86,76,0,76,162
06/16/2009,EMT,CA,AWP,WE,Towers with Radar,0,4,16,0,20,0,1,101,0,102,0,5,117,0,122,106,0,106,228
06/17/2009,EMT,CA,AWP,WE,Towers with Radar,0,3,15,0,18,0,1,103,0,104,0,4,118,0,122,189,0,189,311
06/18/2009,EMT,CA,AWP,WE,Towers with Radar,0,3,13,0,16,0,0,100,0,100,0,3,113,0,116,111,0,111,227
06/19/2009,EMT,CA,AWP,WE,Towers with Radar,0,1,10,0,11,0,1,101,0,102,0,2,111,0,113,102,0,102,215
06/20/2009,EMT,CA,AWP,WE,Towers with Radar,0,0,20,0,20,0,0,37,0,37,0,0,57,0,57,230,0,230,287
06/21/2009,EMT,CA,AWP,WE,Towers with Radar,0,0,12,0,12,0,0,96,0,96,0,0,108,0,108,84,0,84,192
06/22/2009,EMT,CA,AWP,WE,Towers with Radar,0,3,4,0,7,0,1,110,0,111,0,4,114,0,118,97,0,97,215
06/23/2009,EMT,CA,AWP,WE,Towers with Radar,0,3,18,0,21,0,0,94,0,94,0,3,112,0,115,110,0,110,225
06/24/2009,EMT,CA,AWP,WE,Towers with Radar,0,3,6,0,9,0,0,78,0,78,0,3,84,0,87,119,0,119,206
06/25/2009,EMT,CA,AWP,WE,Towers with Radar,0,3,10,0,13,0,0,107,0,107,0,3,117,0,120,27,0,27,147
06/26/2009,EMT,CA,AWP,WE,Towers with Radar,0,2,6,0,8,0,0,103,0,103,0,2,109,0,111,74,0,74,185
06/27/2009,EMT,CA,AWP,WE,Towers with Radar,0,0,8,0,8,0,0,123,0,123,0,0,131,0,131,80,0,80,211
06/28/2009,EMT,CA,AWP,WE,Towers with Radar,0,0,11,0,11,0,0,125,0,125,0,0,136,0,136,78,0,78,214
06/29/2009,EMT,CA,AWP,WE,Towers with Radar,0,3,4,0,7,0,1,66,0,67,0,4,70,0,74,111,0,111,185
06/30/2009,EMT,CA,AWP,WE,Towers with Radar,0,3,9,0,12,0,2,91,0,93,0,5,100,0,105,73,0,73,178
07/01/2009,EMT,CA,AWP,WE,Towers with Radar,0,3,2,0,5,0,1,101,0,102,0,4,103,0,107,64,1,65,172
07/02/2009,EMT,CA,AWP,WE,Towers with Radar,0,2,8,0,10,0,0,116,0,116,0,2,124,0,126,122,0,122,248
07/03/2009,EMT,CA,AWP,WE,Towers with Radar,0,2,9,0,11,0,0,157,0,157,0,2,166,0,168,101,0,101,269
07/04/2009,EMT,CA,AWP,WE,Towers with Radar,0,0,2,0,2,0,0,108,8,116,0,0,110,8,118,88,0,88,206
07/05/2009,EMT,CA,AWP,WE,Towers with Radar,0,0,8,0,8,0,0,115,0,115,0,0,123,0,123,130,0,130,253
07/06/2009,EMT,CA,AWP,WE,Towers with Radar,0,3,13,0,16,0,1,107,0,108,0,4,120,0,124,115,0,115,239
07/07/2009,EMT,CA,AWP,WE,Towers with Radar,0,1,10,0,11,0,4,67,0,71,0,5,77,0,82,104,0,104,186
07/08/2009,EMT,CA,AWP,WE,Towers with Radar,0,3,5,0,8,0,2,102,0,104,0,5,107,0,112,138,0,138,250
07/09/2009,EMT,CA,AWP,WE,Towers with Radar,0,3,8,0,11,0,1,81,0,82,0,4,89,0,93,106,0,106,199
07/10/2009,EMT,CA,AWP,WE,Towers with Radar,0,1,8,0,9,0,0,119,0,119,0,1,127,0,128,137,0,137,265
07/11/2009,EMT,CA,AWP,WE,Towers with Radar,0,0,8,0,8,0,0,131,1,132,0,0,139,1,140,126,0,126,266
07/12/2009,EMT,CA,AWP,WE,Towers with Radar,0,0,10,0,10,0,0,111,0,111,0,0,121,0,121,147,0,147,268
07/13/2009,EMT,CA,AWP,WE,Towers with Radar,0,2,10,0,12,0,1,113,0,114,0,3,123,0,126,133,0,133,259
07/14/2009,EMT,CA,AWP,WE,Towers with Radar,0,3,7,0,10,0,1,95,0,96,0,4,102,0,106,155,0,155,261
07/15/2009,EMT,CA,AWP,WE,Towers with Radar,0,3,7,0,10,0,1,95,0,96,0,4,102,0,106,130,0,130,236
07/16/2009,EMT,CA,AWP,WE,Towers with Radar,0,1,5,1,7,0,1,127,0,128,0,2,132,1,135,126,1,127,262
07/17/2009,EMT,CA,AWP,WE,Towers with Radar,0,1,12,0,13,0,1,151,0,152,0,2,163,0,165,130,0,130,295
07/18/2009,EMT,CA,AWP,WE,Towers with Radar,0,0,7,0,7,0,0,145,0,145,0,0,152,0,152,105,0,105,257
07/19/2009,EMT,CA,AWP,WE,Towers with Radar,0,0,7,0,7,0,0,125,0,125,0,0,132,0,132,142,0,142,274
07/20/2009,EMT,CA,AWP,WE,Towers with Radar,0,2,7,0,9,0,0,88,0,88,0,2,95,0,97,119,0,119,216
07/21/2009,EMT,CA,AWP,WE,Towers with Radar,0,1,6,0,7,0,0,97,0,97,0,1,103,0,104,96,0,96,200
07/22/2009,EMT,CA,AWP,WE,Towers with Radar,0,1,14,0,15,0,1,85,0,86,0,2,99,0,101,182,0,182,283
07/23/2009,EMT,CA,AWP,WE,Towers with Radar,0,1,12,0,13,0,0,97,0,97,0,1,109,0,110,144,0,144,254
07/24/2009,EMT,CA,AWP,WE,Towers with Radar,0,2,17,0,19,0,0,80,0,80,0,2,97,0,99,182,0,182,281
07/25/2009,EMT,CA,AWP,WE,Towers with Radar,0,0,10,0,10,0,0,123,0,123,0,0,133,0,133,120,0,120,253
07/26/2009,EMT,CA,AWP,WE,Towers with Radar,0,0,8,0,8,0,0,153,0,153,0,0,161,0,161,122,0,122,283
07/27/2009,EMT,CA,AWP,WE,Towers with Radar,0,3,7,0,10,0,2,115,0,117,0,5,122,0,127,105,0,105,232
07/28/2009,EMT,CA,AWP,WE,Towers with Radar,0,1,6,0,7,0,1,91,0,92,0,2,97,0,99,119,0,119,218
07/29/2009,EMT,CA,AWP,WE,Towers with Radar,0,1,6,0,7,0,1,76,0,77,0,2,82,0,84,156,0,156,240
07/30/2009,EMT,CA,AWP,WE,Towers with Radar,0,1,13,0,14,0,1,87,0,88,0,2,100,0,102,112,0,112,214
07/31/2009,EMT,CA,AWP,WE,Towers with Radar,0,2,9,0,11,0,0,83,0,83,0,2,92,0,94,110,0,110,204
08/01/2009,EMT,CA,AWP,WE,Towers with Radar,0,0,14,0,14,0,0,98,0,98,0,0,112,0,112,110,0,110,222
08/02/2009,EMT,CA,AWP,WE,Towers with Radar,0,0,4,0,4,0,0,94,0,94,0,0,98,0,98,134,0,134,232
08/03/2009,EMT,CA,AWP,WE,Towers with Radar,0,1,5,0,6,0,3,89,0,92,0,4,94,0,98,72,0,72,170
08/04/2009,EMT,CA,AWP,WE,Towers with Radar,0,1,9,0,10,0,3,117,0,120,0,4,126,0,130,62,0,62,192
08/05/2009,EMT,CA,AWP,WE,Towers with Radar,0,1,5,0,6,0,1,100,0,101,0,2,105,0,107,82,0,82,189
08/06/2009,EMT,CA,AWP,WE,Towers with Radar,0,1,6,0,7,0,0,96,0,96,0,1,102,0,103,167,0,167,270
08/07/2009,EMT,CA,AWP,WE,Towers with Radar,0,2,10,0,12,0,0,112,0,112,0,2,122,0,124,130,0,130,254
08/08/2009,EMT,CA,AWP,WE,Towers with Radar,0,0,9,0,9,0,0,143,0,143,0,0,152,0,152,162,0,162,314
08/09/2009,EMT,CA,AWP,WE,Towers with Radar,0,0,9,0,9,0,0,120,0,120,0,0,129,0,129,145,0,145,274
08/10/2009,EMT,CA,AWP,WE,Towers with Radar,0,3,4,0,7,0,1,90,0,91,0,4,94,0,98,115,0,115,213
08/11/2009,EMT,CA,AWP,WE,Towers with Radar,0,1,4,0,5,0,1,85,0,86,0,2,89,0,91,231,0,231,322
08/12/2009,EMT,CA,AWP,WE,Towers with Radar,0,1,10,0,11,0,1,102,0,103,0,2,112,0,114,146,0,146,260
08/13/2009,EMT,CA,AWP,WE,Towers with Radar,0,1,22,0,23,0,1,82,0,83,0,2,104,0,106,152,0,152,258
08/14/2009,EMT,CA,AWP,WE,Towers with Radar,0,2,14,0,16,0,0,97,0,97,0,2,111,0,113,199,0,199,312
08/15/2009,EMT,CA,AWP,WE,Towers with Radar,0,0,13,0,13,0,0,87,0,87,0,0,100,0,100,138,0,138,238
08/16/2009,EMT,CA,AWP,WE,Towers with Radar,0,0,11,0,11,0,0,103,0,103,0,0,114,0,114,104,0,104,218
08/17/2009,EMT,CA,AWP,WE,Towers with Radar,0,3,21,0,24,0,2,53,0,55,0,5,74,0,79,82,0,82,161
08/18/2009,EMT,CA,AWP,WE,Towers with Radar,0,1,13,0,14,0,1,57,0,58,0,2,70,0,72,162,0,162,234
08/19/2009,EMT,CA,AWP,WE,Towers with Radar,0,1,24,0,25,0,1,67,0,68,0,2,91,0,93,164,0,164,257
08/20/2009,EMT,CA,AWP,WE,Towers with Radar,0,1,6,0,7,0,1,69,2,72,0,2,75,2,79,137,2,139,218
08/21/2009,EMT,CA,AWP,WE,Towers with Radar,0,2,6,0,8,0,0,95,0,95,0,2,101,0,103,152,0,152,255
08/22/2009,EMT,CA,AWP,WE,Towers with Radar,0,0,7,0,7,0,0,106,0,106,0,0,113,0,113,76,0,76,189
08/23/2009,EMT,CA,AWP,WE,Towers with Radar,0,0,4,0,4,0,0,137,0,137,0,0,141,0,141,142,0,142,283
08/24/2009,EMT,CA,AWP,WE,Towers with Radar,0,3,4,0,7,0,0,85,0,85,0,3,89,0,92,136,0,136,228
08/25/2009,EMT,CA,AWP,WE,Towers with Radar,0,1,4,0,5,0,1,108,0,109,0,2,112,0,114,100,0,100,214
08/26/2009,EMT,CA,AWP,WE,Towers with Radar,0,1,3,0,4,0,1,82,0,83,0,2,85,0,87,80,0,80,167
08/27/2009,EMT,CA,AWP,WE,Towers with Radar,0,2,3,0,5,0,0,97,0,97,0,2,100,0,102,110,0,110,212
08/28/2009,EMT,CA,AWP,WE,Towers with Radar,0,2,7,0,9,0,0,79,0,79,0,2,86,0,88,97,0,97,185
08/29/2009,EMT,CA,AWP,WE,Towers with Radar,0,0,10,0,10,0,0,126,0,126,0,0,136,0,136,96,0,96,232
08/30/2009,EMT,CA,AWP,WE,Towers with Radar,0,0,2,0,2,0,0,81,0,81,0,0,83,0,83,142,0,142,225
08/31/2009,EMT,CA,AWP,WE,Towers with Radar,0,5,4,0,9,0,1,85,0,86,0,6,89,0,95,92,0,92,187
09/01/2009,EMT,CA,AWP,WE,Towers with Radar,0,1,7,0,8,0,1,70,0,71,0,2,77,0,79,79,0,79,158
09/02/2009,EMT,CA,AWP,WE,Towers with Radar,0,1,14,0,15,0,1,75,0,76,0,2,89,0,91,91,0,91,182
09/03/2009,EMT,CA,AWP,WE,Towers with Radar,0,1,4,0,5,0,2,75,0,77,0,3,79,0,82,118,0,118,200
09/04/2009,EMT,CA,AWP,WE,Towers with Radar,0,2,8,0,10,0,0,90,0,90,0,2,98,0,100,80,0,80,180
09/05/2009,EMT,CA,AWP,WE,Towers with Radar,0,0,3,0,3,0,0,87,0,87,0,0,90,0,90,96,0,96,186
09/06/2009,EMT,CA,AWP,WE,Towers with Radar,0,0,6,0,6,0,0,84,0,84,0,0,90,0,90,55,0,55,145
09/07/2009,EMT,CA,AWP,WE,Towers with Radar,0,0,10,0,10,0,0,129,0,129,0,0,139,0,139,141,0,141,280
09/08/2009,EMT,CA,AWP,WE,Towers with Radar,0,4,7,0,11,0,1,94,0,95,0,5,101,0,106,115,0,115,221
09/09/2009,EMT,CA,AWP,WE,Towers with Radar,0,1,4,0,5,0,1,74,0,75,0,2,78,0,80,232,0,232,312
09/10/2009,EMT,CA,AWP,WE,Towers with Radar,0,3,11,0,14,0,1,95,0,96,0,4,106,0,110,168,0,168,278
09/11/2009,EMT,CA,AWP,WE,Towers with Radar,0,2,8,0,10,0,0,71,0,71,0,2,79,0,81,178,0,178,259
09/12/2009,EMT,CA,AWP,WE,Towers with Radar,0,0,6,0,6,0,0,114,0,114,0,0,120,0,120,78,0,78,198
09/13/2009,EMT,CA,AWP,WE,Towers with Radar,0,0,10,0,10,0,0,58,0,58,0,0,68,0,68,150,0,150,218
09/14/2009,EMT,CA,AWP,WE,Towers with Radar,0,5,7,0,12,0,0,58,0,58,0,5,65,0,70,118,0,118,188
09/15/2009,EMT,CA,AWP,WE,Towers with Radar,0,1,0,0,1,0,2,76,0,78,0,3,76,0,79,150,0,150,229
09/16/2009,EMT,CA,AWP,WE,Towers with Radar,0,1,6,0,7,0,2,94,0,96,0,3,100,0,103,163,0,163,266
09/17/2009,EMT,CA,AWP,WE,Towers with Radar,0,1,2,0,3,0,2,97,0,99,0,3,99,0,102,184,0,184,286
09/18/2009,EMT,CA,AWP,WE,Towers with Radar,0,2,6,0,8,0,1,109,0,110,0,3,115,0,118,161,0,161,279
09/19/2009,EMT,CA,AWP,WE,Towers with Radar,0,0,12,0,12,0,0,79,0,79,0,0,91,0,91,165,0,165,256
09/20/2009,EMT,CA,AWP,WE,Towers with Radar,0,0,8,0,8,0,0,88,0,88,0,0,96,0,96,182,0,182,278
09/21/2009,EMT,CA,AWP,WE,Towers with Radar,0,5,9,0,14,0,0,63,0,63,0,5,72,0,77,168,0,168,245
09/22/2009,EMT,CA,AWP,WE,Towers with Radar,0,0,8,0,8,0,4,88,0,92,0,4,96,0,100,173,0,173,273
09/23/2009,EMT,CA,AWP,WE,Towers with Radar,0,1,9,0,10,0,4,64,0,68,0,5,73,0,78,282,0,282,360
09/24/2009,EMT,CA,AWP,WE,Towers with Radar,0,1,9,0,10,0,3,103,0,106,0,4,112,0,116,186,0,186,302
09/25/2009,EMT,CA,AWP,WE,Towers with Radar,0,0,7,0,7,0,1,86,0,87,0,1,93,0,94,161,0,161,255
09/26/2009,EMT,CA,AWP,WE,Towers with Radar,0,0,5,0,5,0,0,126,0,126,0,0,131,0,131,138,0,138,269
09/27/2009,EMT,CA,AWP,WE,Towers with Radar,0,0,12,0,12,0,0,74,0,74,0,0,86,0,86,165,0,165,251
09/28/2009,EMT,CA,AWP,WE,Towers with Radar,0,3,10,0,13,0,3,73,0,76,0,6,83,0,89,128,0,128,217
09/29/2009,EMT,CA,AWP,WE,Towers with Radar,0,1,7,0,8,0,3,74,0,77,0,4,81,0,85,148,0,148,233
09/30/2009,EMT,CA,AWP,WE,Towers with Radar,0,1,3,0,4,0,4,109,0,113,0,5,112,0,117,251,0,251,368
10/01/2009,EMT,CA,AWP,WE,Towers with Radar,0,1,12,0,13,0,2,120,0,122,0,3,132,0,135,178,0,178,313
10/02/2009,EMT,CA,AWP,WE,Towers with Radar,0,2,13,0,15,0,0,123,0,123,0,2,136,0,138,218,0,218,356
10/03/2009,EMT,CA,AWP,WE,Towers with Radar,0,0,13,0,13,0,0,150,0,150,0,0,163,0,163,201,0,201,364
10/04/2009,EMT,CA,AWP,WE,Towers with Radar,0,0,6,0,6,0,0,83,0,83,0,0,89,0,89,279,0,279,368
10/05/2009,EMT,CA,AWP,WE,Towers with Radar,0,3,8,0,11,0,2,92,0,94,0,5,100,0,105,103,0,103,208
10/06/2009,EMT,CA,AWP,WE,Towers with Radar,0,1,7,0,8,0,2,78,0,80,0,3,85,0,88,106,0,106,194
10/07/2009,EMT,CA,AWP,WE,Towers with Radar,0,1,6,0,7,0,2,81,0,83,0,3,87,0,90,33,0,33,123
10/08/2009,EMT,CA,AWP,WE,Towers with Radar,0,1,10,0,11,0,1,98,0,99,0,2,108,0,110,163,0,163,273
10/09/2009,EMT,CA,AWP,WE,Towers with Radar,0,2,14,0,16,0,0,67,0,67,0,2,81,0,83,114,0,114,197
10/10/2009,EMT,CA,AWP,WE,Towers with Radar,0,0,11,0,11,0,0,73,0,73,0,0,84,0,84,124,0,124,208
10/11/2009,EMT,CA,AWP,WE,Towers with Radar,0,0,13,0,13,0,0,106,0,106,0,0,119,0,119,135,0,135,254
10/12/2009,EMT,CA,AWP,WE,Towers with Radar,0,0,13,0,13,0,0,40,0,40,0,0,53,0,53,124,0,124,177
10/13/2009,EMT,CA,AWP,WE,Towers with Radar,0,2,7,0,9,0,0,10,0,10,0,2,17,0,19,18,0,18,37
10/14/2009,EMT,CA,AWP,WE,Towers with Radar,0,3,11,0,14,0,0,10,0,10,0,3,21,0,24,50,0,50,74
10/15/2009,EMT,CA,AWP,WE,Towers with Radar,0,0,12,0,12,0,0,88,0,88,0,0,100,0,100,114,0,114,214
10/16/2009,EMT,CA,AWP,WE,Towers with Radar,0,2,8,0,10,0,0,107,0,107,0,2,115,0,117,168,0,168,285
10/17/2009,EMT,CA,AWP,WE,Towers with Radar,0,0,8,0,8,0,0,131,0,131,0,0,139,0,139,114,0,114,253
10/18/2009,EMT,CA,AWP,WE,Towers with Radar,0,0,12,0,12,0,0,106,0,106,0,0,118,0,118,63,0,63,181
10/19/2009,EMT,CA,AWP,WE,Towers with Radar,0,4,13,0,17,0,0,49,0,49,0,4,62,0,66,105,0,105,171
10/20/2009,EMT,CA,AWP,WE,Towers with Radar,0,1,10,0,11,0,2,96,0,98,0,3,106,0,109,152,0,152,261
10/21/2009,EMT,CA,AWP,WE,Towers with Radar,0,1,3,0,4,0,3,95,0,98,0,4,98,0,102,136,0,136,238
10/22/2009,EMT,CA,AWP,WE,Towers with Radar,0,1,16,0,17,0,0,147,0,147,0,1,163,0,164,120,0,120,284
10/23/2009,EMT,CA,AWP,WE,Towers with Radar,0,2,13,0,15,0,0,113,0,113,0,2,126,0,128,136,0,136,264
10/24/2009,EMT,CA,AWP,WE,Towers with Radar,0,0,8,0,8,0,0,140,0,140,0,0,148,0,148,196,0,196,344
10/25/2009,EMT,CA,AWP,WE,Towers with Radar,0,0,20,0,20,0,0,138,0,138,0,0,158,0,158,163,0,163,321
10/26/2009,EMT,CA,AWP,WE,Towers with Radar,0,3,11,0,14,0,2,110,0,112,0,5,121,0,126,80,0,80,206
10/27/2009,EMT,CA,AWP,WE,Towers with Radar,0,1,4,0,5,0,1,40,0,41,0,2,44,0,46,116,0,116,162
10/28/2009,EMT,CA,AWP,WE,Towers with Radar,0,1,2,0,3,0,2,49,0,51,0,3,51,0,54,36,0,36,90
10/29/2009,EMT,CA,AWP,WE,Towers with Radar,0,1,9,0,10,0,2,90,0,92,0,3,99,0,102,188,0,188,290
10/30/2009,EMT,CA,AWP,WE,Towers with Radar,0,2,7,0,9,0,0,131,0,131,0,2,138,0,140,173,0,173,313
10/31/2009,EMT,CA,AWP,WE,Towers with Radar,0,0,8,0,8,0,0,133,0,133,0,0,141,0,141,152,0,152,293
11/01/2009,EMT,CA,AWP,WE,Towers with Radar,0,0,9,0,9,0,0,106,0,106,0,0,115,0,115,88,0,88,203
11/02/2009,EMT,CA,AWP,WE,Towers with Radar,0,1,10,0,11,0,1,89,0,90,0,2,99,0,101,92,0,92,193
11/03/2009,EMT,CA,AWP,WE,Towers with Radar,0,1,6,0,7,0,2,90,0,92,0,3,96,0,99,206,0,206,305
11/04/2009,EMT,CA,AWP,WE,Towers with Radar,0,1,12,0,13,0,4,72,0,76,0,5,84,0,89,149,0,149,238
11/05/2009,EMT,CA,AWP,WE,Towers with Radar,0,2,10,0,12,0,1,66,0,67,0,3,76,0,79,82,0,82,161
11/06/2009,EMT,CA,AWP,WE,Towers with Radar,0,3,19,0,22,0,0,103,0,103,0,3,122,0,125,164,0,164,289
11/07/2009,EMT,CA,AWP,WE,Towers with Radar,0,1,20,0,21,0,0,88,0,88,0,1,108,0,109,181,0,181,290
11/08/2009,EMT,CA,AWP,WE,Towers with Radar,0,0,23,0,23,0,0,62,0,62,0,0,85,0,85,114,0,114,199
11/09/2009,EMT,CA,AWP,WE,Towers with Radar,0,5,5,0,10,0,1,117,0,118,0,6,122,0,128,186,0,186,314
11/10/2009,EMT,CA,AWP,WE,Towers with Radar,0,2,9,0,11,0,2,108,0,110,0,4,117,0,121,132,0,132,253
11/11/2009,EMT,CA,AWP,WE,Towers with Radar,0,0,9,0,9,0,0,133,0,133,0,0,142,0,142,142,0,142,284
11/12/2009,EMT,CA,AWP,WE,Towers with Radar,0,3,6,0,9,0,1,93,0,94,0,4,99,0,103,156,0,156,259
11/13/2009,EMT,CA,AWP,WE,Towers with Radar,0,2,7,0,9,0,0,79,0,79,0,2,86,0,88,190,0,190,278
11/14/2009,EMT,CA,AWP,WE,Towers with Radar,0,0,6,1,7,0,0,143,0,143,0,0,149,1,150,114,0,114,264
11/15/2009,EMT,CA,AWP,WE,Towers with Radar,0,0,2,0,2,0,0,180,0,180,0,0,182,0,182,96,0,96,278
11/16/2009,EMT,CA,AWP,WE,Towers with Radar,0,3,11,0,14,0,2,94,0,96,0,5,105,0,110,114,0,114,224
11/17/2009,EMT,CA,AWP,WE,Towers with Radar,0,1,4,0,5,0,2,117,0,119,0,3,121,0,124,198,0,198,322
11/18/2009,EMT,CA,AWP,WE,Towers with Radar,0,1,9,0,10,0,3,98,0,101,0,4,107,0,111,148,0,148,259
11/19/2009,EMT,CA,AWP,WE,Towers with Radar,0,0,8,0,8,0,0,118,0,118,0,0,126,0,126,126,0,126,252
11/20/2009,EMT,CA,AWP,WE,Towers with Radar,0,1,10,0,11,0,0,118,0,118,0,1,128,0,129,112,0,112,241
11/21/2009,EMT,CA,AWP,WE,Towers with Radar,0,0,16,0,16,0,0,118,0,118,0,0,134,0,134,82,0,82,216
11/22/2009,EMT,CA,AWP,WE,Towers with Radar,0,0,11,0,11,0,0,130,0,130,0,0,141,0,141,114,0,114,255
11/23/2009,EMT,CA,AWP,WE,Towers with Radar,0,3,6,0,9,0,2,100,0,102,0,5,106,0,111,142,0,142,253
11/24/2009,EMT,CA,AWP,WE,Towers with Radar,0,1,10,0,11,0,2,79,0,81,0,3,89,0,92,147,0,147,239
11/25/2009,EMT,CA,AWP,WE,Towers with Radar,0,1,2,0,3,0,2,96,0,98,0,3,98,0,101,111,0,111,212
11/26/2009,EMT,CA,AWP,WE,Towers with Radar,0,0,5,0,5,0,0,79,0,79,0,0,84,0,84,52,0,52,136
11/27/2009,EMT,CA,AWP,WE,Towers with Radar,0,2,8,0,10,0,0,93,0,93,0,2,101,0,103,124,0,124,227
11/28/2009,EMT,CA,AWP,WE,Towers with Radar,0,0,11,0,11,0,0,59,0,59,0,0,70,0,70,136,0,136,206
11/29/2009,EMT,CA,AWP,WE,Towers with Radar,0,0,6,0,6,0,0,74,0,74,0,0,80,0,80,80,0,80,160
11/30/2009,EMT,CA,AWP,WE,Towers with Radar,0,5,5,0,10,0,1,98,0,99,0,6,103,0,109,127,0,127,236
12/01/2009,EMT,CA,AWP,WE,Towers with Radar,0,2,12,0,14,0,0,103,0,103,0,2,115,0,117,173,0,173,290
12/02/2009,EMT,CA,AWP,WE,Towers with Radar,0,2,11,0,13,0,1,80,0,81,0,3,91,0,94,147,0,147,241
12/03/2009,EMT,CA,AWP,WE,Towers with Radar,0,3,8,0,11,0,1,96,0,97,0,4,104,0,108,126,0,126,234
12/04/2009,EMT,CA,AWP,WE,Towers with Radar,0,1,11,0,12,0,0,123,0,123,0,1,134,0,135,128,0,128,263
12/05/2009,EMT,CA,AWP,WE,Towers with Radar,0,0,21,0,21,0,0,60,0,60,0,0,81,0,81,190,0,190,271
12/06/2009,EMT,CA,AWP,WE,Towers with Radar,0,0,6,0,6,0,0,78,0,78,0,0,84,0,84,158,0,158,242
12/07/2009,EMT,CA,AWP,WE,Towers with Radar,0,1,0,0,1,0,0,5,0,5,0,1,5,0,6,19,0,19,25
12/08/2009,EMT,CA,AWP,WE,Towers with Radar,0,1,6,0,7,0,3,104,0,107,0,4,110,0,114,168,0,168,282
12/09/2009,EMT,CA,AWP,WE,Towers with Radar,0,1,5,0,6,0,2,102,2,106,0,3,107,2,112,95,0,95,207
12/10/2009,EMT,CA,AWP,WE,Towers with Radar,0,1,9,0,10,0,1,92,0,93,0,2,101,0,103,130,0,130,233
12/11/2009,EMT,CA,AWP,WE,Towers with Radar,0,2,8,0,10,0,0,4,0,4,0,2,12,0,14,0,0,0,14
12/12/2009,EMT,CA,AWP,WE,Towers with Radar,0,0,5,0,5,0,0,0,0,0,0,0,5,0,5,0,0,0,5
12/13/2009,EMT,CA,AWP,WE,Towers with Radar,0,0,4,0,4,0,0,46,0,46,0,0,50,0,50,80,0,80,130
12/14/2009,EMT,CA,AWP,WE,Towers with Radar,0,3,2,0,5,0,4,75,0,79,0,7,77,0,84,168,0,168,252
12/15/2009,EMT,CA,AWP,WE,Towers with Radar,0,1,7,0,8,0,5,106,0,111,0,6,113,0,119,175,0,175,294
12/16/2009,EMT,CA,AWP,WE,Towers with Radar,0,1,5,0,6,0,2,95,0,97,0,3,100,0,103,199,0,199,302
12/17/2009,EMT,CA,AWP,WE,Towers with Radar,0,2,10,0,12,0,3,96,0,99,0,5,106,0,111,127,0,127,238
12/18/2009,EMT,CA,AWP,WE,Towers with Radar,0,2,9,0,11,0,0,117,0,117,0,2,126,0,128,135,0,135,263
12/19/2009,EMT,CA,AWP,WE,Towers with Radar,0,0,14,0,14,0,0,126,0,126,0,0,140,0,140,138,0,138,278
12/20/2009,EMT,CA,AWP,WE,Towers with Radar,0,0,7,0,7,0,0,146,0,146,0,0,153,0,153,104,0,104,257
12/21/2009,EMT,CA,AWP,WE,Towers with Radar,0,3,1,0,4,0,3,93,0,96,0,6,94,0,100,124,0,124,224
12/22/2009,EMT,CA,AWP,WE,Towers with Radar,0,2,0,0,2,0,3,20,0,23,0,5,20,0,25,14,0,14,39
12/23/2009,EMT,CA,AWP,WE,Towers with Radar,0,1,3,2,6,0,6,96,0,102,0,7,99,2,108,187,0,187,295
12/24/2009,EMT,CA,AWP,WE,Towers with Radar,0,1,15,0,16,0,2,94,0,96,0,3,109,0,112,66,0,66,178
12/25/2009,EMT,CA,AWP,WE,Towers with Radar,0,0,3,0,3,0,0,60,0,60,0,0,63,0,63,10,0,10,73
12/26/2009,EMT,CA,AWP,WE,Towers with Radar,0,0,8,0,8,0,0,131,0,131,0,0,139,0,139,70,0,70,209
12/27/2009,EMT,CA,AWP,WE,Towers with Radar,0,0,13,0,13,0,0,120,0,120,0,0,133,0,133,150,0,150,283
12/28/2009,EMT,CA,AWP,WE,Towers with Radar,0,3,7,0,10,0,4,105,0,109,0,7,112,0,119,123,0,123,242
12/29/2009,EMT,CA,AWP,WE,Towers with Radar,0,1,6,0,7,0,2,103,0,105,0,3,109,0,112,131,0,131,243
12/30/2009,EMT,CA,AWP,WE,Towers with Radar,0,3,6,0,9,0,0,3,0,3,0,3,9,0,12,10,0,10,22
12/31/2009,EMT,CA,AWP,WE,Towers with Radar,0,1,8,0,9,0,3,96,0,99,0,4,104,0,108,130,0,130,238
01/01/2010,EMT,CA,AWP,WE,Towers with Radar,0,0,4,0,4,0,0,63,0,63,0,0,67,0,67,16,0,16,83
01/02/2010,EMT,CA,AWP,WE,Towers with Radar,0,0,6,0,6,0,0,128,0,128,0,0,134,0,134,179,0,179,313
01/03/2010,EMT,CA,AWP,WE,Towers with Radar,0,0,6,0,6,0,0,129,0,129,0,0,135,0,135,158,0,158,293
01/04/2010,EMT,CA,AWP,WE,Towers with Radar,0,3,8,0,11,0,4,132,0,136,0,7,140,0,147,190,0,190,337
01/05/2010,EMT,CA,AWP,WE,Towers with Radar,0,1,10,0,11,0,4,106,0,110,0,5,116,0,121,114,0,114,235
01/06/2010,EMT,CA,AWP,WE,Towers with Radar,0,1,17,0,18,0,4,113,0,117,0,5,130,0,135,154,0,154,289
01/07/2010,EMT,CA,AWP,WE,Towers with Radar,0,2,18,0,20,0,2,98,0,100,0,4,116,0,120,130,0,130,250
01/08/2010,EMT,CA,AWP,WE,Towers with Radar,0,2,10,0,12,0,0,107,0,107,0,2,117,0,119,114,0,114,233
01/09/2010,EMT,CA,AWP,WE,Towers with Radar,0,0,11,0,11,0,0,137,0,137,0,0,148,0,148,162,0,162,310
01/10/2010,EMT,CA,AWP,WE,Towers with Radar,0,0,7,0,7,0,0,120,0,120,0,0,127,0,127,142,0,142,269
01/11/2010,EMT,CA,AWP,WE,Towers with Radar,0,2,7,0,9,0,3,85,0,88,0,5,92,0,97,185,0,185,282
01/12/2010,EMT,CA,AWP,WE,Towers with Radar,0,2,3,0,5,0,2,107,0,109,0,4,110,0,114,114,0,114,228
01/13/2010,EMT,CA,AWP,WE,Towers with Radar,0,1,9,0,10,0,4,40,0,44,0,5,49,0,54,40,0,40,94
01/14/2010,EMT,CA,AWP,WE,Towers with Radar,0,1,6,0,7,0,3,101,0,104,0,4,107,0,111,153,0,153,264
01/15/2010,EMT,CA,AWP,WE,Towers with Radar,0,2,16,0,18,0,0,136,0,136,0,2,152,0,154,146,0,146,300
01/16/2010,EMT,CA,AWP,WE,Towers with Radar,0,0,11,0,11,0,0,170,0,170,0,0,181,0,181,138,0,138,319
01/17/2010,EMT,CA,AWP,WE,Towers with Radar,0,0,11,0,11,0,0,91,0,91,0,0,102,0,102,108,0,108,210
01/18/2010,EMT,CA,AWP,WE,Towers with Radar,0,0,0,0,0,0,0,1,0,1,0,0,1,0,1,0,0,0,1
01/19/2010,EMT,CA,AWP,WE,Towers with Radar,0,2,0,0,2,0,4,3,0,7,0,6,3,0,9,2,0,2,11
01/20/2010,EMT,CA,AWP,WE,Towers with Radar,0,0,7,0,7,0,0,2,0,2,0,0,9,0,9,0,0,0,9
01/21/2010,EMT,CA,AWP,WE,Towers with Radar,0,2,0,0,2,0,0,2,0,2,0,2,2,0,4,0,0,0,4
01/22/2010,EMT,CA,AWP,WE,Towers with Radar,0,2,0,0,2,0,0,7,0,7,0,2,7,0,9,14,0,14,23
01/23/2010,EMT,CA,AWP,WE,Towers with Radar,0,0,10,0,10,0,0,123,0,123,0,0,133,0,133,162,0,162,295
01/24/2010,EMT,CA,AWP,WE,Towers with Radar,0,0,2,0,2,0,0,154,0,154,0,0,156,0,156,116,0,116,272
01/25/2010,EMT,CA,AWP,WE,Towers with Radar,0,3,15,0,18,0,3,84,0,87,0,6,99,0,105,87,0,87,192
01/26/2010,EMT,CA,AWP,WE,Towers with Radar,0,0,5,0,5,0,1,49,0,50,0,1,54,0,55,32,0,32,87
01/27/2010,EMT,CA,AWP,WE,Towers with Radar,0,1,7,0,8,0,3,116,0,119,0,4,123,0,127,72,0,72,199
01/28/2010,EMT,CA,AWP,WE,Towers with Radar,0,1,7,0,8,0,5,131,0,136,0,6,138,0,144,136,0,136,280
01/29/2010,EMT,CA,AWP,WE,Towers with Radar,0,1,12,0,13,0,0,123,0,123,0,1,135,0,136,139,0,139,275
01/30/2010,EMT,CA,AWP,WE,Towers with Radar,0,0,10,0,10,0,0,126,0,126,0,0,136,0,136,106,0,106,242
01/31/2010,EMT,CA,AWP,WE,Towers with Radar,0,0,11,0,11,0,0,151,0,151,0,0,162,0,162,98,0,98,260
02/01/2010,EMT,CA,AWP,WE,Towers with Radar,0,2,20,0,22,0,3,95,0,98,0,5,115,0,120,108,0,108,228
02/02/2010,EMT,CA,AWP,WE,Towers with Radar,0,1,18,0,19,0,5,80,0,85,0,6,98,0,104,147,0,147,251
02/03/2010,EMT,CA,AWP,WE,Towers with Radar,0,1,18,0,19,0,3,96,0,99,0,4,114,0,118,148,2,150,268
02/04/2010,EMT,CA,AWP,WE,Towers with Radar,0,3,9,0,12,0,1,37,0,38,0,4,46,0,50,48,2,50,100
02/05/2010,EMT,CA,AWP,WE,Towers with Radar,0,2,3,0,5,0,0,6,0,6,0,2,9,0,11,8,0,8,19
02/06/2010,EMT,CA,AWP,WE,Towers with Radar,0,0,3,0,3,0,0,14,0,14,0,0,17,0,17,22,0,22,39
02/07/2010,EMT,CA,AWP,WE,Towers with Radar,0,0,8,0,8,0,0,107,0,107,0,0,115,0,115,72,0,72,187
02/08/2010,EMT,CA,AWP,WE,Towers with Radar,0,4,22,0,26,0,4,114,0,118,0,8,136,0,144,136,0,136,280
02/09/2010,EMT,CA,AWP,WE,Towers with Radar,0,1,4,0,5,0,0,13,0,13,0,1,17,0,18,64,0,64,82
02/10/2010,EMT,CA,AWP,WE,Towers with Radar,0,0,14,0,14,0,5,87,0,92,0,5,101,0,106,80,0,80,186
02/11/2010,EMT,CA,AWP,WE,Towers with Radar,0,4,19,0,23,0,2,122,0,124,0,6,141,0,147,133,0,133,280
02/12/2010,EMT,CA,AWP,WE,Towers with Radar,0,2,15,0,17,0,0,76,0,76,0,2,91,0,93,130,0,130,223
02/13/2010,EMT,CA,AWP,WE,Towers with Radar,0,0,11,0,11,0,0,107,0,107,0,0,118,0,118,151,0,151,269
02/14/2010,EMT,CA,AWP,WE,Towers with Radar,0,0,1,0,1,0,0,124,0,124,0,0,125,0,125,86,0,86,211
02/15/2010,EMT,CA,AWP,WE,Towers with Radar,0,3,19,0,22,0,3,127,0,130,0,6,146,0,152,150,0,150,302
02/16/2010,EMT,CA,AWP,WE,Towers with Radar,0,1,6,0,7,0,3,120,0,123,0,4,126,0,130,69,4,73,203
02/17/2010,EMT,CA,AWP,WE,Towers with Radar,0,1,9,0,10,0,2,146,0,148,0,3,155,0,158,118,0,118,276
02/18/2010,EMT,CA,AWP,WE,Towers with Radar,0,1,10,0,11,0,3,97,0,100,0,4,107,0,111,150,0,150,261
02/19/2010,EMT,CA,AWP,WE,Towers with Radar,0,2,10,0,12,0,0,49,0,49,0,2,59,0,61,130,0,130,191
02/20/2010,EMT,CA,AWP,WE,Towers with Radar,0,0,13,0,13,0,0,93,0,93,0,0,106,0,106,120,0,120,226
02/21/2010,EMT,CA,AWP,WE,Towers with Radar,0,0,5,0,5,0,0,26,0,26,0,0,31,0,31,45,0,45,76
02/22/2010,EMT,CA,AWP,WE,Towers with Radar,0,3,9,0,12,0,4,67,0,71,0,7,76,0,83,114,0,114,197
02/23/2010,EMT,CA,AWP,WE,Towers with Radar,0,1,9,0,10,0,4,98,0,102,0,5,107,0,112,165,0,165,277
02/24/2010,EMT,CA,AWP,WE,Towers with Radar,0,5,13,0,18,0,0,57,0,57,0,5,70,0,75,186,0,186,261
02/25/2010,EMT,CA,AWP,WE,Towers with Radar,0,0,14,0,14,0,5,101,0,106,0,5,115,0,120,176,0,176,296
02/26/2010,EMT,CA,AWP,WE,Towers with Radar,0,2,15,0,17,0,0,142,0,142,0,2,157,0,159,195,0,195,354
02/27/2010,EMT,CA,AWP,WE,Towers with Radar,0,0,3,0,3,0,0,3,0,3,0,0,6,0,6,0,0,0,6
02/28/2010,EMT,CA,AWP,WE,Towers with Radar,0,0,18,0,18,0,0,179,0,179,0,0,197,0,197,208,0,208,405
03/01/2010,EMT,CA,AWP,WE,Towers with Radar,0,1,6,0,7,0,5,25,0,30,0,6,31,0,37,10,0,10,47
03/02/2010,EMT,CA,AWP,WE,Towers with Radar,0,2,4,0,6,0,3,17,0,20,0,5,21,0,26,47,0,47,73
03/03/2010,EMT,CA,AWP,WE,Towers with Radar,0,2,9,0,11,0,0,28,0,28,0,2,37,0,39,12,0,12,51
03/04/2010,EMT,CA,AWP,WE,Towers with Radar,0,5,3,0,8,0,3,24,0,27,0,8,27,0,35,62,0,62,97
03/05/2010,EMT,CA,AWP,WE,Towers with Radar,0,2,7,0,9,0,0,76,0,76,0,2,83,0,85,72,0,72,157
03/06/2010,EMT,CA,AWP,WE,Towers with Radar,0,0,6,0,6,0,0,35,0,35,0,0,41,0,41,98,0,98,139
03/07/2010,EMT,CA,AWP,WE,Towers with Radar,0,0,8,0,8,0,0,114,0,114,0,0,122,0,122,132,0,132,254
03/08/2010,EMT,CA,AWP,WE,Towers with Radar,0,4,22,0,26,0,3,64,0,67,0,7,86,0,93,138,0,138,231
03/09/2010,EMT,CA,AWP,WE,Towers with Radar,0,1,6,0,7,0,3,16,0,19,0,4,22,0,26,20,0,20,46
03/10/2010,EMT,CA,AWP,WE,Towers with Radar,0,1,4,0,5,0,2,72,0,74,0,3,76,0,79,143,0,143,222
03/11/2010,EMT,CA,AWP,WE,Towers with Radar,0,1,9,0,10,0,6,122,0,128,0,7,131,0,138,134,0,134,272
03/12/2010,EMT,CA,AWP,WE,Towers with Radar,0,2,13,0,15,0,0,158,0,158,0,2,171,0,173,198,0,198,371
03/13/2010,EMT,CA,AWP,WE,Towers with Radar,0,0,10,0,10,0,0,106,0,106,0,0,116,0,116,151,0,151,267
03/14/2010,EMT,CA,AWP,WE,Towers with Radar,0,0,18,0,18,0,0,177,0,177,0,0,195,0,195,116,0,116,311
03/15/2010,EMT,CA,AWP,WE,Towers with Radar,0,2,8,0,10,0,2,113,0,115,0,4,121,0,125,84,0,84,209
03/16/2010,EMT,CA,AWP,WE,Towers with Radar,0,0,5,0,5,0,2,25,2,29,0,2,30,2,34,32,0,32,66
03/17/2010,EMT,CA,AWP,WE,Towers with Radar,0,1,7,0,8,0,4,53,0,57,0,5,60,0,65,68,0,68,133
03/18/2010,EMT,CA,AWP,WE,Towers with Radar,0,1,9,0,10,0,3,167,0,170,0,4,176,0,180,158,0,158,338
03/19/2010,EMT,CA,AWP,WE,Towers with Radar,0,2,7,0,9,0,0,137,0,137,0,2,144,0,146,272,0,272,418
03/20/2010,EMT,CA,AWP,WE,Towers with Radar,0,0,6,0,6,0,0,234,0,234,0,0,240,0,240,218,0,218,458
03/21/2010,EMT,CA,AWP,WE,Towers with Radar,0,0,14,0,14,0,0,187,0,187,0,0,201,0,201,228,0,228,429
03/22/2010,EMT,CA,AWP,WE,Towers with Radar,0,3,9,0,12,0,0,98,0,98,0,3,107,0,110,242,0,242,352
03/23/2010,EMT,CA,AWP,WE,Towers with Radar,0,2,2,0,4,0,3,91,0,94,0,5,93,0,98,222,0,222,320
03/24/2010,EMT,CA,AWP,WE,Towers with Radar,0,1,9,0,10,0,3,136,0,139,0,4,145,0,149,160,0,160,309
03/25/2010,EMT,CA,AWP,WE,Towers with Radar,0,1,9,0,10,0,3,49,0,52,0,4,58,0,62,138,0,138,200
03/26/2010,EMT,CA,AWP,WE,Towers with Radar,0,2,9,0,11,0,0,105,0,105,0,2,114,0,116,193,1,194,310
03/27/2010,EMT,CA,AWP,WE,Towers with Radar,0,0,8,0,8,0,0,159,0,159,0,0,167,0,167,251,0,251,418
03/28/2010,EMT,CA,AWP,WE,Towers with Radar,0,0,10,0,10,0,0,131,0,131,0,0,141,0,141,120,0,120,261
03/29/2010,EMT,CA,AWP,WE,Towers with Radar,0,4,8,0,12,0,1,93,0,94,0,5,101,0,106,208,0,208,314
03/30/2010,EMT,CA,AWP,WE,Towers with Radar,0,1,5,0,6,0,3,38,0,41,0,4,43,0,47,178,0,178,225
03/31/2010,EMT,CA,AWP,WE,Towers with Radar,0,1,7,0,8,0,3,51,0,54,0,4,58,0,62,106,0,106,168
04/01/2010,EMT,CA,AWP,WE,Towers with Radar,0,1,5,0,6,0,3,66,0,69,0,4,71,0,75,104,0,104,179
04/02/2010,EMT,CA,AWP,WE,Towers with Radar,0,0,13,0,13,0,0,143,0,143,0,0,156,0,156,133,0,133,289
04/03/2010,EMT,CA,AWP,WE,Towers with Radar,0,0,11,0,11,0,0,122,0,122,0,0,133,0,133,148,0,148,281
04/04/2010,EMT,CA,AWP,WE,Towers with Radar,0,0,9,0,9,0,0,63,0,63,0,0,72,0,72,88,0,88,160
04/05/2010,EMT,CA,AWP,WE,Towers with Radar,0,3,0,0,3,0,3,11,0,14,0,6,11,0,17,48,0,48,65
04/06/2010,EMT,CA,AWP,WE,Towers with Radar,0,2,13,0,15,0,3,132,0,135,0,5,145,0,150,252,0,252,402
04/07/2010,EMT,CA,AWP,WE,Towers with Radar,0,1,17,0,18,0,3,115,0,118,0,4,132,0,136,340,0,340,476
04/08/2010,EMT,CA,AWP,WE,Towers with Radar,0,1,7,0,8,0,3,128,0,131,0,4,135,0,139,144,0,144,283
04/09/2010,EMT,CA,AWP,WE,Towers with Radar,0,2,12,0,14,0,0,143,0,143,0,2,155,0,157,257,0,257,414
04/10/2010,EMT,CA,AWP,WE,Towers with Radar,0,0,14,0,14,0,0,114,0,114,0,0,128,0,128,214,0,214,342
04/11/2010,EMT,CA,AWP,WE,Towers with Radar,0,0,9,0,9,0,0,42,0,42,0,0,51,0,51,66,0,66,117
04/12/2010,EMT,CA,AWP,WE,Towers with Radar,0,4,7,0,11,0,0,29,0,29,0,4,36,0,40,64,0,64,104
04/13/2010,EMT,CA,AWP,WE,Towers with Radar,0,1,4,0,5,0,4,94,0,98,0,5,98,0,103,194,0,194,297
04/14/2010,EMT,CA,AWP,WE,Towers with Radar,0,1,14,0,15,0,3,126,0,129,0,4,140,0,144,152,0,152,296
04/15/2010,EMT,CA,AWP,WE,Towers with Radar,0,0,6,0,6,0,3,119,0,122,0,3,125,0,128,211,0,211,339
04/16/2010,EMT,CA,AWP,WE,Towers with Radar,0,2,18,0,20,0,0,108,0,108,0,2,126,0,128,212,0,212,340
04/17/2010,EMT,CA,AWP,WE,Towers with Radar,0,0,5,0,5,0,0,176,0,176,0,0,181,0,181,208,0,208,389
04/18/2010,EMT,CA,AWP,WE,Towers with Radar,0,0,17,0,17,0,0,143,0,143,0,0,160,0,160,158,0,158,318
04/19/2010,EMT,CA,AWP,WE,Towers with Radar,0,4,18,0,22,0,2,71,0,73,0,6,89,0,95,190,0,190,285
04/20/2010,EMT,CA,AWP,WE,Towers with Radar,0,1,11,0,12,0,0,41,0,41,0,1,52,0,53,70,0,70,123
04/21/2010,EMT,CA,AWP,WE,Towers with Radar,0,2,6,0,8,0,2,40,0,42,0,4,46,0,50,94,0,94,144
04/22/2010,EMT,CA,AWP,WE,Towers with Radar,0,2,10,0,12,0,3,81,0,84,0,5,91,0,96,222,0,222,318
04/23/2010,EMT,CA,AWP,WE,Towers with Radar,0,1,11,0,12,0,1,159,0,160,0,2,170,0,172,172,0,172,344
04/24/2010,EMT,CA,AWP,WE,Towers with Radar,0,0,21,0,21,0,0,116,0,116,0,0,137,0,137,152,0,152,289
04/25/2010,EMT,CA,AWP,WE,Towers with Radar,0,0,9,0,9,0,0,164,0,164,0,0,173,0,173,214,0,214,387
04/26/2010,EMT,CA,AWP,WE,Towers with Radar,0,3,7,0,10,0,4,83,0,87,0,7,90,0,97,244,0,244,341
04/27/2010,EMT,CA,AWP,WE,Towers with Radar,0,3,18,0,21,0,1,66,0,67,0,4,84,0,88,180,0,180,268
04/28/2010,EMT,CA,AWP,WE,Towers with Radar,0,2,16,0,18,0,3,50,0,53,0,5,66,0,71,72,0,72,143
04/29/2010,EMT,CA,AWP,WE,Towers with Radar,0,1,7,0,8,0,3,24,0,27,0,4,31,0,35,12,0,12,47
04/30/2010,EMT,CA,AWP,WE,Towers with Radar,0,2,21,0,23,0,0,83,0,83,0,2,104,0,106,146,0,146,252
05/01/2010,EMT,CA,AWP,WE,Towers with Radar,0,0,17,0,17,0,0,136,0,136,0,0,153,0,153,117,0,117,270
05/02/2010,EMT,CA,AWP,WE,Towers with Radar,0,0,13,0,13,0,0,108,0,108,0,0,121,0,121,140,0,140,261
05/03/2010,EMT,CA,AWP,WE,Towers with Radar,0,5,9,0,14,0,2,116,0,118,0,7,125,0,132,162,0,162,294
05/04/2010,EMT,CA,AWP,WE,Towers with Radar,0,2,14,0,16,0,2,136,0,138,0,4,150,0,154,231,0,231,385
05/05/2010,EMT,CA,AWP,WE,Towers with Radar,0,2,7,0,9,0,3,123,0,126,0,5,130,0,135,148,2,150,285
05/06/2010,EMT,CA,AWP,WE,Towers with Radar,0,2,11,0,13,0,3,98,0,101,0,5,109,0,114,188,0,188,302
05/07/2010,EMT,CA,AWP,WE,Towers with Radar,0,2,19,0,21,0,0,135,0,135,0,2,154,0,156,228,0,228,384
05/08/2010,EMT,CA,AWP,WE,Towers with Radar,0,0,6,0,6,0,0,163,0,163,0,0,169,0,169,232,0,232,401
05/09/2010,EMT,CA,AWP,WE,Towers with Radar,0,0,5,0,5,0,0,53,0,53,0,0,58,0,58,174,0,174,232
05/10/2010,EMT,CA,AWP,WE,Towers with Radar,0,2,19,0,21,0,4,78,0,82,0,6,97,0,103,162,0,162,265
05/11/2010,EMT,CA,AWP,WE,Towers with Radar,0,1,6,0,7,0,5,71,0,76,0,6,77,0,83,90,0,90,173
05/12/2010,EMT,CA,AWP,WE,Towers with Radar,0,2,12,0,14,0,4,136,0,140,0,6,148,0,154,210,0,210,364
05/13/2010,EMT,CA,AWP,WE,Towers with Radar,0,2,10,0,12,0,3,130,0,133,0,5,140,0,145,196,0,196,341
05/14/2010,EMT,CA,AWP,WE,Towers with Radar,0,2,8,0,10,0,0,118,0,118,0,2,126,0,128,240,0,240,368
05/15/2010,EMT,CA,AWP,WE,Towers with Radar,0,0,9,0,9,0,0,136,0,136,0,0,145,0,145,142,0,142,287
05/16/2010,EMT,CA,AWP,WE,Towers with Radar,0,0,16,0,16,0,0,79,0,79,0,0,95,0,95,166,0,166,261
05/17/2010,EMT,CA,AWP,WE,Towers with Radar,0,7,28,0,35,0,0,15,0,15,0,7,43,0,50,98,0,98,148
05/18/2010,EMT,CA,AWP,WE,Towers with Radar,0,2,8,0,10,0,1,37,0,38,0,3,45,0,48,108,0,108,156
05/19/2010,EMT,CA,AWP,WE,Towers with Radar,0,1,13,0,14,0,4,88,0,92,0,5,101,0,106,237,0,237,343
05/20/2010,EMT,CA,AWP,WE,Towers with Radar,0,1,19,0,20,0,4,113,0,117,0,5,132,0,137,152,0,152,289
05/21/2010,EMT,CA,AWP,WE,Towers with Radar,0,2,17,0,19,0,0,78,0,78,0,2,95,0,97,68,0,68,165
05/22/2010,EMT,CA,AWP,WE,Towers with Radar,0,0,10,0,10,0,0,85,0,85,0,0,95,0,95,100,0,100,195
05/23/2010,EMT,CA,AWP,WE,Towers with Radar,0,0,13,0,13,0,0,61,0,61,0,0,74,0,74,82,0,82,156
05/24/2010,EMT,CA,AWP,WE,Towers with Radar,0,2,13,0,15,0,5,118,0,123,0,7,131,0,138,158,0,158,296
05/25/2010,EMT,CA,AWP,WE,Towers with Radar,0,2,9,0,11,0,3,84,0,87,0,5,93,0,98,250,0,250,348
05/26/2010,EMT,CA,AWP,WE,Towers with Radar,0,1,17,0,18,0,2,78,0,80,0,3,95,0,98,170,0,170,268
05/27/2010,EMT,CA,AWP,WE,Towers with Radar,0,3,15,0,18,0,2,72,0,74,0,5,87,0,92,218,0,218,310
05/28/2010,EMT,CA,AWP,WE,Towers with Radar,0,2,8,0,10,0,0,111,0,111,0,2,119,0,121,192,0,192,313
05/29/2010,EMT,CA,AWP,WE,Towers with Radar,0,0,2,0,2,0,0,132,0,132,0,0,134,0,134,160,0,160,294
05/30/2010,EMT,CA,AWP,WE,Towers with Radar,0,0,12,0,12,0,0,112,0,112,0,0,124,0,124,154,0,154,278
05/31/2010,EMT,CA,AWP,WE,Towers with Radar,0,0,14,0,14,0,0,141,0,141,0,0,155,0,155,178,0,178,333
06/01/2010,EMT,CA,AWP,WE,Towers with Radar,0,3,7,0,10,0,4,97,0,101,0,7,104,0,111,229,0,229,340
06/02/2010,EMT,CA,AWP,WE,Towers with Radar,0,1,10,0,11,0,4,91,0,95,0,5,101,0,106,254,0,254,360
06/03/2010,EMT,CA,AWP,WE,Towers with Radar,0,0,16,0,16,0,4,96,0,100,0,4,112,0,116,142,0,142,258
06/04/2010,EMT,CA,AWP,WE,Towers with Radar,0,2,18,0,20,0,0,105,0,105,0,2,123,0,125,132,0,132,257
06/05/2010,EMT,CA,AWP,WE,Towers with Radar,0,0,13,0,13,0,0,81,0,81,0,0,94,0,94,144,0,144,238
06/06/2010,EMT,CA,AWP,WE,Towers with Radar,0,0,18,0,18,0,0,106,0,106,0,0,124,0,124,138,0,138,262
06/07/2010,EMT,CA,AWP,WE,Towers with Radar,0,3,9,0,12,0,0,87,0,87,0,3,96,0,99,192,0,192,291
06/08/2010,EMT,CA,AWP,WE,Towers with Radar,0,1,14,0,15,0,3,68,0,71,0,4,82,0,86,190,0,190,276
06/09/2010,EMT,CA,AWP,WE,Towers with Radar,0,1,11,0,12,0,3,94,0,97,0,4,105,0,109,127,0,127,236
06/10/2010,EMT,CA,AWP,WE,Towers with Radar,0,3,24,0,27,0,2,66,0,68,0,5,90,0,95,235,0,235,330
06/11/2010,EMT,CA,AWP,WE,Towers with Radar,0,0,29,0,29,0,0,77,0,77,0,0,106,0,106,220,0,220,326
06/12/2010,EMT,CA,AWP,WE,Towers with Radar,0,0,17,0,17,0,0,76,0,76,0,0,93,0,93,148,0,148,241
06/13/2010,EMT,CA,AWP,WE,Towers with Radar,0,0,18,0,18,0,0,150,0,150,0,0,168,0,168,200,0,200,368
06/14/2010,EMT,CA,AWP,WE,Towers with Radar,0,3,6,0,9,0,4,155,0,159,0,7,161,0,168,220,0,220,388
06/15/2010,EMT,CA,AWP,WE,Towers with Radar,0,1,14,0,15,0,3,139,0,142,0,4,153,0,157,162,0,162,319
06/16/2010,EMT,CA,AWP,WE,Towers with Radar,0,1,16,0,17,0,2,118,2,122,0,3,134,2,139,204,0,204,343
06/17/2010,EMT,CA,AWP,WE,Towers with Radar,0,1,9,0,10,0,3,107,0,110,0,4,116,0,120,196,0,196,316
06/18/2010,EMT,CA,AWP,WE,Towers with Radar,0,2,9,0,11,0,0,106,0,106,0,2,115,0,117,242,0,242,359
06/19/2010,EMT,CA,AWP,WE,Towers with Radar,0,0,6,0,6,0,0,153,0,153,0,0,159,0,159,186,0,186,345
06/20/2010,EMT,CA,AWP,WE,Towers with Radar,0,0,1,0,1,0,0,148,0,148,0,0,149,0,149,196,0,196,345
06/21/2010,EMT,CA,AWP,WE,Towers with Radar,0,2,12,0,14,0,3,98,0,101,0,5,110,0,115,158,0,158,273
06/22/2010,EMT,CA,AWP,WE,Towers with Radar,0,1,10,0,11,0,0,108,0,108,0,1,118,0,119,168,0,168,287
06/23/2010,EMT,CA,AWP,WE,Towers with Radar,0,1,12,0,13,0,3,102,0,105,0,4,114,0,118,190,0,190,308
06/24/2010,EMT,CA,AWP,WE,Towers with Radar,0,1,9,0,10,0,4,107,0,111,0,5,116,0,121,194,0,194,315
06/25/2010,EMT,CA,AWP,WE,Towers with Radar,0,0,9,0,9,0,2,105,0,107,0,2,114,0,116,156,0,156,272
06/26/2010,EMT,CA,AWP,WE,Towers with Radar,0,0,9,0,9,0,0,95,0,95,0,0,104,0,104,242,0,242,346
06/27/2010,EMT,CA,AWP,WE,Towers with Radar,0,0,11,0,11,0,0,110,0,110,0,0,121,0,121,158,0,158,279
06/28/2010,EMT,CA,AWP,WE,Towers with Radar,0,3,11,0,14,0,4,69,0,73,0,7,80,0,87,198,0,198,285
06/29/2010,EMT,CA,AWP,WE,Towers with Radar,0,1,11,0,12,0,4,77,0,81,0,5,88,0,93,150,0,150,243
06/30/2010,EMT,CA,AWP,WE,Towers with Radar,0,0,13,0,13,0,4,82,0,86,0,4,95,0,99,206,0,206,305
07/01/2010,EMT,CA,AWP,WE,Towers with Radar,0,1,18,0,19,0,5,94,0,99,0,6,112,0,118,177,0,177,295
07/02/2010,EMT,CA,AWP,WE,Towers with Radar,0,2,9,0,11,0,0,116,0,116,0,2,125,0,127,152,0,152,279
07/03/2010,EMT,CA,AWP,WE,Towers with Radar,0,0,13,0,13,0,0,111,0,111,0,0,124,0,124,116,0,116,240
07/04/2010,EMT,CA,AWP,WE,Towers with Radar,0,0,9,0,9,0,0,57,0,57,0,0,66,0,66,118,0,118,184
07/05/2010,EMT,CA,AWP,WE,Towers with Radar,0,0,22,0,22,0,0,108,0,108,0,0,130,0,130,178,0,178,308
07/06/2010,EMT,CA,AWP,WE,Towers with Radar,0,2,21,0,23,0,4,43,0,47,0,6,64,0,70,120,0,120,190
07/07/2010,EMT,CA,AWP,WE,Towers with Radar,0,1,6,0,7,0,4,34,2,40,0,5,40,2,47,136,6,142,189
07/08/2010,EMT,CA,AWP,WE,Towers with Radar,0,4,11,0,15,0,1,63,0,64,0,5,74,0,79,159,0,159,238
07/09/2010,EMT,CA,AWP,WE,Towers with Radar,0,2,14,0,16,0,0,79,0,79,0,2,93,0,95,118,0,118,213
07/10/2010,EMT,CA,AWP,WE,Towers with Radar,0,0,11,0,11,0,0,127,0,127,0,0,138,0,138,132,0,132,270
07/11/2010,EMT,CA,AWP,WE,Towers with Radar,0,0,13,0,13,0,0,66,0,66,0,0,79,0,79,128,0,128,207
07/12/2010,EMT,CA,AWP,WE,Towers with Radar,0,3,7,0,10,0,1,95,0,96,0,4,102,0,106,138,0,138,244
07/13/2010,EMT,CA,AWP,WE,Towers with Radar,0,1,7,0,8,0,4,131,0,135,0,5,138,0,143,119,0,119,262
07/14/2010,EMT,CA,AWP,WE,Towers with Radar,0,1,4,0,5,0,3,71,0,74,0,4,75,0,79,52,0,52,131
07/15/2010,EMT,CA,AWP,WE,Towers with Radar,0,1,7,0,8,0,4,109,0,113,0,5,116,0,121,112,0,112,233
07/16/2010,EMT,CA,AWP,WE,Towers with Radar,0,1,15,0,16,0,1,105,0,106,0,2,120,0,122,131,0,131,253
07/17/2010,EMT,CA,AWP,WE,Towers with Radar,0,0,12,0,12,0,0,115,0,115,0,0,127,0,127,92,0,92,219
07/18/2010,EMT,CA,AWP,WE,Towers with Radar,0,0,7,0,7,0,0,137,0,137,0,0,144,0,144,122,0,122,266
07/19/2010,EMT,CA,AWP,WE,Towers with Radar,0,3,9,0,12,0,4,133,0,137,0,7,142,0,149,132,0,132,281
07/20/2010,EMT,CA,AWP,WE,Towers with Radar,0,1,7,0,8,0,4,88,0,92,0,5,95,0,100,142,0,142,242
07/21/2010,EMT,CA,AWP,WE,Towers with Radar,0,1,22,0,23,0,3,84,0,87,0,4,106,0,110,254,0,254,364
07/22/2010,EMT,CA,AWP,WE,Towers with Radar,0,1,21,0,22,0,4,83,0,87,0,5,104,0,109,152,0,152,261
07/23/2010,EMT,CA,AWP,WE,Towers with Radar,0,1,13,0,14,0,1,118,0,119,0,2,131,0,133,160,0,160,293
07/24/2010,EMT,CA,AWP,WE,Towers with Radar,0,0,7,0,7,0,0,123,0,123,0,0,130,0,130,152,0,152,282
07/25/2010,EMT,CA,AWP,WE,Towers with Radar,0,0,10,0,10,0,0,154,0,154,0,0,164,0,164,130,0,130,294
07/26/2010,EMT,CA,AWP,WE,Towers with Radar,0,3,8,0,11,0,4,56,0,60,0,7,64,0,71,60,0,60,131
07/27/2010,EMT,CA,AWP,WE,Towers with Radar,0,1,15,0,16,0,4,92,0,96,0,5,107,0,112,212,0,212,324
07/28/2010,EMT,CA,AWP,WE,Towers with Radar,0,1,16,0,17,0,4,116,0,120,0,5,132,0,137,112,0,112,249
07/29/2010,EMT,CA,AWP,WE,Towers with Radar,0,1,15,0,16,0,5,110,0,115,0,6,125,0,131,202,0,202,333
07/30/2010,EMT,CA,AWP,WE,Towers with Radar,0,2,10,0,12,0,0,110,0,110,0,2,120,0,122,115,0,115,237
07/31/2010,EMT,CA,AWP,WE,Towers with Radar,0,0,16,0,16,0,0,104,0,104,0,0,120,0,120,126,0,126,246
08/01/2010,EMT,CA,AWP,WE,Towers with Radar,0,0,13,0,13,0,0,102,0,102,0,0,115,0,115,128,0,128,243
08/02/2010,EMT,CA,AWP,WE,Towers with Radar,0,2,9,0,11,0,2,101,0,103,0,4,110,0,114,104,0,104,218
08/03/2010,EMT,CA,AWP,WE,Towers with Radar,0,1,11,0,12,0,1,86,2,89,0,2,97,2,101,24,2,26,127
08/04/2010,EMT,CA,AWP,WE,Towers with Radar,0,0,10,0,10,0,3,119,0,122,0,3,129,0,132,64,0,64,196
08/05/2010,EMT,CA,AWP,WE,Towers with Radar,0,1,11,0,12,0,3,106,0,109,0,4,117,0,121,102,0,102,223
08/06/2010,EMT,CA,AWP,WE,Towers with Radar,0,1,9,0,10,0,0,91,0,91,0,1,100,0,101,159,0,159,260
08/07/2010,EMT,CA,AWP,WE,Towers with Radar,0,0,15,0,15,0,0,123,0,123,0,0,138,0,138,102,0,102,240
08/08/2010,EMT,CA,AWP,WE,Towers with Radar,0,0,12,0,12,0,0,97,0,97,0,0,109,0,109,90,0,90,199
08/09/2010,EMT,CA,AWP,WE,Towers with Radar,0,2,5,0,7,0,3,87,0,90,0,5,92,0,97,90,0,90,187
08/10/2010,EMT,CA,AWP,WE,Towers with Radar,0,1,7,0,8,0,3,96,0,99,0,4,103,0,107,104,0,104,211
08/11/2010,EMT,CA,AWP,WE,Towers with Radar,0,1,10,0,11,0,4,108,0,112,0,5,118,0,123,168,0,168,291
08/12/2010,EMT,CA,AWP,WE,Towers with Radar,0,0,8,0,8,0,5,115,0,120,0,5,123,0,128,152,0,152,280
08/13/2010,EMT,CA,AWP,WE,Towers with Radar,0,2,10,0,12,0,0,131,0,131,0,2,141,0,143,188,0,188,331
08/14/2010,EMT,CA,AWP,WE,Towers with Radar,0,0,8,0,8,0,0,147,0,147,0,0,155,0,155,164,0,164,319
08/15/2010,EMT,CA,AWP,WE,Towers with Radar,0,0,13,0,13,0,0,140,0,140,0,0,153,0,153,106,0,106,259
08/16/2010,EMT,CA,AWP,WE,Towers with Radar,0,6,4,0,10,0,0,73,0,73,0,6,77,0,83,108,0,108,191
08/17/2010,EMT,CA,AWP,WE,Towers with Radar,0,2,10,0,12,0,4,88,0,92,0,6,98,0,104,136,0,136,240
08/18/2010,EMT,CA,AWP,WE,Towers with Radar,0,1,5,0,6,0,3,105,0,108,0,4,110,0,114,98,0,98,212
08/19/2010,EMT,CA,AWP,WE,Towers with Radar,0,1,6,0,7,0,3,100,0,103,0,4,106,0,110,116,0,116,226
08/20/2010,EMT,CA,AWP,WE,Towers with Radar,0,2,8,0,10,0,0,115,0,115,0,2,123,0,125,118,0,118,243
08/21/2010,EMT,CA,AWP,WE,Towers with Radar,0,0,12,0,12,0,0,155,0,155,0,0,167,0,167,94,0,94,261
08/22/2010,EMT,CA,AWP,WE,Towers with Radar,0,0,9,0,9,0,0,127,0,127,0,0,136,0,136,120,0,120,256
08/23/2010,EMT,CA,AWP,WE,Towers with Radar,0,0,6,0,6,0,7,101,0,108,0,7,107,0,114,112,0,112,226
08/24/2010,EMT,CA,AWP,WE,Towers with Radar,0,1,10,0,11,0,4,95,0,99,0,5,105,0,110,100,0,100,210
08/25/2010,EMT,CA,AWP,WE,Towers with Radar,0,1,11,0,12,0,4,111,0,115,0,5,122,0,127,100,0,100,227
08/26/2010,EMT,CA,AWP,WE,Towers with Radar,0,1,4,0,5,0,3,69,0,72,0,4,73,0,77,136,0,136,213
08/27/2010,EMT,CA,AWP,WE,Towers with Radar,0,0,16,0,16,0,0,107,0,107,0,0,123,0,123,168,0,168,291
08/28/2010,EMT,CA,AWP,WE,Towers with Radar,0,0,8,0,8,0,0,91,0,91,0,0,99,0,99,180,0,180,279
08/29/2010,EMT,CA,AWP,WE,Towers with Radar,0,0,15,0,15,0,0,97,0,97,0,0,112,0,112,118,0,118,230
08/30/2010,EMT,CA,AWP,WE,Towers with Radar,0,2,4,0,6,0,5,79,0,84,0,7,83,0,90,104,0,104,194
08/31/2010,EMT,CA,AWP,WE,Towers with Radar,0,1,5,0,6,0,3,108,0,111,0,4,113,0,117,88,0,88,205
09/01/2010,EMT,CA,AWP,WE,Towers with Radar,0,1,5,0,6,0,5,101,0,106,0,6,106,0,112,164,0,164,276
09/02/2010,EMT,CA,AWP,WE,Towers with Radar,0,1,9,0,10,0,4,116,0,120,0,5,125,0,130,78,0,78,208
09/03/2010,EMT,CA,AWP,WE,Towers with Radar,0,0,7,0,7,0,0,109,0,109,0,0,116,0,116,116,0,116,232
09/04/2010,EMT,CA,AWP,WE,Towers with Radar,0,0,5,0,5,0,0,122,0,122,0,0,127,0,127,86,0,86,213
09/05/2010,EMT,CA,AWP,WE,Towers with Radar,0,0,8,0,8,0,0,116,0,116,0,0,124,0,124,68,0,68,192
09/06/2010,EMT,CA,AWP,WE,Towers with Radar,0,0,13,0,13,0,0,117,0,117,0,0,130,0,130,166,0,166,296
09/07/2010,EMT,CA,AWP,WE,Towers with Radar,0,4,20,0,24,0,2,16,0,18,0,6,36,0,42,86,0,86,128
09/08/2010,EMT,CA,AWP,WE,Towers with Radar,0,3,29,0,32,0,2,45,0,47,0,5,74,0,79,186,0,186,265
09/09/2010,EMT,CA,AWP,WE,Towers with Radar,0,0,8,0,8,0,4,53,0,57,0,4,61,0,65,114,0,114,179
09/10/2010,EMT,CA,AWP,WE,Towers with Radar,0,1,10,0,11,0,1,146,0,147,0,2,156,0,158,108,0,108,266
09/11/2010,EMT,CA,AWP,WE,Towers with Radar,0,0,9,0,9,0,0,135,0,135,0,0,144,0,144,112,0,112,256
09/12/2010,EMT,CA,AWP,WE,Towers with Radar,0,0,15,0,15,0,0,113,0,113,0,0,128,0,128,164,0,164,292
09/13/2010,EMT,CA,AWP,WE,Towers with Radar,0,2,14,0,16,0,5,108,0,113,0,7,122,0,129,122,0,122,251
09/14/2010,EMT,CA,AWP,WE,Towers with Radar,0,1,18,0,19,0,4,89,0,93,0,5,107,0,112,142,0,142,254
09/15/2010,EMT,CA,AWP,WE,Towers with Radar,0,1,10,0,11,0,3,124,0,127,0,4,134,0,138,132,0,132,270
09/16/2010,EMT,CA,AWP,WE,Towers with Radar,0,1,6,0,7,0,4,148,0,152,0,5,154,0,159,166,0,166,325
09/17/2010,EMT,CA,AWP,WE,Towers with Radar,0,1,9,0,10,0,0,84,0,84,0,1,93,0,94,139,0,139,233
09/18/2010,EMT,CA,AWP,WE,Towers with Radar,0,0,19,0,19,0,0,100,0,100,0,0,119,0,119,119,0,119,238
09/19/2010,EMT,CA,AWP,WE,Towers with Radar,0,0,6,0,6,0,0,135,0,135,0,0,141,0,141,132,0,132,273
09/20/2010,EMT,CA,AWP,WE,Towers with Radar,0,3,12,0,15,0,4,107,0,111,0,7,119,0,126,90,0,90,216
09/21/2010,EMT,CA,AWP,WE,Towers with Radar,0,1,17,0,18,0,3,33,0,36,0,4,50,0,54,62,0,62,116
09/22/2010,EMT,CA,AWP,WE,Towers with Radar,0,1,16,0,17,0,4,29,0,33,0,5,45,0,50,162,0,162,212
09/23/2010,EMT,CA,AWP,WE,Towers with Radar,0,1,6,0,7,0,4,108,0,112,0,5,114,0,119,64,0,64,183
09/24/2010,EMT,CA,AWP,WE,Towers with Radar,0,2,7,0,9,0,0,133,0,133,0,2,140,0,142,102,0,102,244
09/25/2010,EMT,CA,AWP,WE,Towers with Radar,0,0,4,0,4,0,0,117,0,117,0,0,121,0,121,88,0,88,209
09/26/2010,EMT,CA,AWP,WE,Towers with Radar,0,0,3,0,3,0,0,106,0,106,0,0,109,0,109,40,0,40,149
09/27/2010,EMT,CA,AWP,WE,Towers with Radar,0,2,6,0,8,0,6,103,0,109,0,8,109,0,117,68,0,68,185
09/28/2010,EMT,CA,AWP,WE,Towers with Radar,0,1,5,0,6,0,3,100,0,103,0,4,105,0,109,78,0,78,187
09/29/2010,EMT,CA,AWP,WE,Towers with Radar,0,0,9,0,9,0,3,64,0,67,0,3,73,0,76,66,0,66,142
09/30/2010,EMT,CA,AWP,WE,Towers with Radar,0,1,5,0,6,0,3,87,0,90,0,4,92,0,96,66,0,66,162
10/01/2010,EMT,CA,AWP,WE,Towers with Radar,0,2,4,0,6,0,0,67,0,67,0,2,71,0,73,92,0,92,165
10/02/2010,EMT,CA,AWP,WE,Towers with Radar,0,0,11,0,11,0,0,96,0,96,0,0,107,0,107,116,0,116,223
10/03/2010,EMT,CA,AWP,WE,Towers with Radar,0,0,8,0,8,0,0,85,0,85,0,0,93,0,93,159,0,159,252
10/04/2010,EMT,CA,AWP,WE,Towers with Radar,0,2,26,0,28,0,0,0,0,0,0,2,26,0,28,4,0,4,32
10/05/2010,EMT,CA,AWP,WE,Towers with Radar,0,4,15,0,19,0,0,44,0,44,0,4,59,0,63,152,0,152,215
10/06/2010,EMT,CA,AWP,WE,Towers with Radar,0,3,10,0,13,0,1,15,0,16,0,4,25,0,29,2,0,2,31
10/07/2010,EMT,CA,AWP,WE,Towers with Radar,0,2,12,0,14,0,4,125,0,129,0,6,137,0,143,94,0,94,237
10/08/2010,EMT,CA,AWP,WE,Towers with Radar,0,2,15,0,17,0,0,170,0,170,0,2,185,0,187,102,0,102,289
10/09/2010,EMT,CA,AWP,WE,Towers with Radar,0,0,10,0,10,0,0,151,0,151,0,0,161,0,161,106,0,106,267
10/10/2010,EMT,CA,AWP,WE,Towers with Radar,0,0,9,0,9,0,0,135,0,135,0,0,144,0,144,132,0,132,276
10/11/2010,EMT,CA,AWP,WE,Towers with Radar,0,1,8,0,9,0,4,116,0,120,0,5,124,0,129,116,0,116,245
10/12/2010,EMT,CA,AWP,WE,Towers with Radar,0,2,17,0,19,0,2,89,0,91,0,4,106,0,110,98,0,98,208
10/13/2010,EMT,CA,AWP,WE,Towers with Radar,0,0,0,0,0,0,0,0,0,0,0,0,0,0,0,0,0,0,0
10/14/2010,EMT,CA,AWP,WE,Towers with Radar,0,0,0,0,0,0,0,0,0,0,0,0,0,0,0,0,0,0,0
10/15/2010,EMT,CA,AWP,WE,Towers with Radar,0,0,1,0,1,0,0,0,0,0,0,0,1,0,1,0,0,0,1
10/16/2010,EMT,CA,AWP,WE,Towers with Radar,0,0,1,0,1,0,0,0,0,0,0,0,1,0,1,0,0,0,1
10/17/2010,EMT,CA,AWP,WE,Towers with Radar,0,0,0,0,0,0,0,0,0,0,0,0,0,0,0,0,0,0,0
10/18/2010,EMT,CA,AWP,WE,Towers with Radar,0,0,0,0,0,0,0,0,0,0,0,0,0,0,0,0,0,0,0
10/19/2010,EMT,CA,AWP,WE,Towers with Radar,0,0,0,0,0,0,0,0,0,0,0,0,0,0,0,0,0,0,0
10/20/2010,EMT,CA,AWP,WE,Towers with Radar,0,0,0,0,0,0,0,0,0,0,0,0,0,0,0,0,0,0,0
10/21/2010,EMT,CA,AWP,WE,Towers with Radar,0,0,0,0,0,0,0,0,0,0,0,0,0,0,0,0,0,0,0
10/22/2010,EMT,CA,AWP,WE,Towers with Radar,0,0,0,0,0,0,0,7,0,7,0,0,7,0,7,0,0,0,7
10/23/2010,EMT,CA,AWP,WE,Towers with Radar,0,0,0,0,0,0,0,0,0,0,0,0,0,0,0,0,0,0,0
10/24/2010,EMT,CA,AWP,WE,Towers with Radar,0,0,0,0,0,0,0,0,0,0,0,0,0,0,0,0,0,0,0
10/25/2010,EMT,CA,AWP,WE,Towers with Radar,0,0,1,0,1,0,0,10,0,10,0,0,11,0,11,0,0,0,11
10/26/2010,EMT,CA,AWP,WE,Towers with Radar,0,0,0,0,0,0,0,14,0,14,0,0,14,0,14,0,0,0,14
10/27/2010,EMT,CA,AWP,WE,Towers with Radar,0,0,1,0,1,0,0,12,0,12,0,0,13,0,13,0,0,0,13
10/28/2010,EMT,CA,AWP,WE,Towers with Radar,0,0,1,0,1,0,0,11,0,11,0,0,12,0,12,6,0,6,18
10/29/2010,EMT,CA,AWP,WE,Towers with Radar,0,0,0,0,0,0,0,18,0,18,0,0,18,0,18,0,0,0,18
10/30/2010,EMT,CA,AWP,WE,Towers with Radar,0,0,9,0,9,0,0,121,0,121,0,0,130,0,130,112,0,112,242
10/31/2010,EMT,CA,AWP,WE,Towers with Radar,0,0,10,0,10,0,0,106,0,106,0,0,116,0,116,118,0,118,234
11/01/2010,EMT,CA,AWP,WE,Towers with Radar,0,2,7,0,9,0,2,67,0,69,0,4,74,0,78,108,0,108,186
11/02/2010,EMT,CA,AWP,WE,Towers with Radar,0,2,10,0,12,0,2,92,0,94,0,4,102,0,106,156,0,156,262
11/03/2010,EMT,CA,AWP,WE,Towers with Radar,0,2,10,0,12,0,2,92,0,94,0,4,102,0,106,132,0,132,238
11/04/2010,EMT,CA,AWP,WE,Towers with Radar,0,2,7,0,9,0,3,107,0,110,0,5,114,0,119,66,0,66,185
11/05/2010,EMT,CA,AWP,WE,Towers with Radar,0,2,10,0,12,0,0,129,0,129,0,2,139,0,141,166,0,166,307
11/06/2010,EMT,CA,AWP,WE,Towers with Radar,0,0,5,0,5,0,0,92,0,92,0,0,97,0,97,80,0,80,177
11/07/2010,EMT,CA,AWP,WE,Towers with Radar,0,0,11,0,11,0,0,129,0,129,0,0,140,0,140,202,0,202,342
11/08/2010,EMT,CA,AWP,WE,Towers with Radar,0,2,1,0,3,0,3,44,0,47,0,5,45,0,50,50,0,50,100
11/09/2010,EMT,CA,AWP,WE,Towers with Radar,0,2,8,0,10,0,0,2,104,106,0,2,10,104,116,182,0,182,298
11/10/2010,EMT,CA,AWP,WE,Towers with Radar,0,1,12,0,13,0,3,90,0,93,0,4,102,0,106,154,0,154,260
11/11/2010,EMT,CA,AWP,WE,Towers with Radar,0,0,3,0,3,0,0,62,0,62,0,0,65,0,65,116,0,116,181
11/12/2010,EMT,CA,AWP,WE,Towers with Radar,0,2,2,0,4,0,0,99,0,99,0,2,101,0,103,136,0,136,239
11/13/2010,EMT,CA,AWP,WE,Towers with Radar,0,0,4,0,4,0,0,144,0,144,0,0,148,0,148,52,0,52,200
11/14/2010,EMT,CA,AWP,WE,Towers with Radar,0,0,15,0,15,0,0,137,0,137,0,0,152,0,152,70,0,70,222
11/15/2010,EMT,CA,AWP,WE,Towers with Radar,0,3,15,0,18,0,3,122,0,125,0,6,137,0,143,124,0,124,267
11/16/2010,EMT,CA,AWP,WE,Towers with Radar,0,1,6,0,7,0,2,127,0,129,0,3,133,0,136,120,26,146,282
11/17/2010,EMT,CA,AWP,WE,Towers with Radar,0,2,15,0,17,0,2,94,0,96,0,4,109,0,113,86,0,86,199
11/18/2010,EMT,CA,AWP,WE,Towers with Radar,0,2,4,0,6,0,4,118,0,122,0,6,122,0,128,172,0,172,300
11/19/2010,EMT,CA,AWP,WE,Towers with Radar,0,2,17,0,19,0,0,42,0,42,0,2,59,0,61,70,0,70,131
11/20/2010,EMT,CA,AWP,WE,Towers with Radar,0,0,2,0,2,0,0,11,0,11,0,0,13,0,13,60,0,60,73
11/21/2010,EMT,CA,AWP,WE,Towers with Radar,0,0,7,0,7,0,0,54,0,54,0,0,61,0,61,110,0,110,171
11/22/2010,EMT,CA,AWP,WE,Towers with Radar,0,3,11,0,14,0,2,105,0,107,0,5,116,0,121,180,0,180,301
11/23/2010,EMT,CA,AWP,WE,Towers with Radar,0,1,3,0,4,0,1,45,0,46,0,2,48,0,50,226,0,226,276
11/24/2010,EMT,CA,AWP,WE,Towers with Radar,0,2,9,0,11,0,1,76,0,77,0,3,85,0,88,178,0,178,266
11/25/2010,EMT,CA,AWP,WE,Towers with Radar,0,0,0,0,0,0,0,36,0,36,0,0,36,0,36,28,0,28,64
11/26/2010,EMT,CA,AWP,WE,Towers with Radar,0,2,6,0,8,0,0,116,0,116,0,2,122,0,124,118,0,118,242
11/27/2010,EMT,CA,AWP,WE,Towers with Radar,0,0,8,0,8,0,0,120,0,120,0,0,128,0,128,86,0,86,214
11/28/2010,EMT,CA,AWP,WE,Towers with Radar,0,0,7,0,7,0,0,69,0,69,0,0,76,0,76,34,0,34,110
11/29/2010,EMT,CA,AWP,WE,Towers with Radar,0,1,4,0,5,0,2,23,0,25,0,3,27,0,30,34,0,34,64
11/30/2010,EMT,CA,AWP,WE,Towers with Radar,0,0,14,0,14,0,2,95,0,97,0,2,109,0,111,140,0,140,251
12/01/2010,EMT,CA,AWP,WE,Towers with Radar,0,1,7,0,8,0,2,73,0,75,0,3,80,0,83,104,0,104,187
12/02/2010,EMT,CA,AWP,WE,Towers with Radar,0,1,9,0,10,0,2,97,1,100,0,3,106,1,110,105,0,105,215
12/03/2010,EMT,CA,AWP,WE,Towers with Radar,0,2,6,0,8,0,0,98,0,98,0,2,104,0,106,112,0,112,218
12/04/2010,EMT,CA,AWP,WE,Towers with Radar,0,0,11,0,11,0,0,105,0,105,0,0,116,0,116,152,0,152,268
12/05/2010,EMT,CA,AWP,WE,Towers with Radar,0,0,6,0,6,0,0,85,0,85,0,0,91,0,91,0,86,86,177
12/06/2010,EMT,CA,AWP,WE,Towers with Radar,0,3,6,0,9,0,2,96,0,98,0,5,102,0,107,132,0,132,239
12/07/2010,EMT,CA,AWP,WE,Towers with Radar,0,2,15,0,17,0,2,111,0,113,0,4,126,0,130,122,0,122,252
12/08/2010,EMT,CA,AWP,WE,Towers with Radar,0,2,7,0,9,0,2,100,0,102,0,4,107,0,111,146,0,146,257
12/09/2010,EMT,CA,AWP,WE,Towers with Radar,0,1,9,0,10,0,2,103,0,105,0,3,112,0,115,186,0,186,301
12/10/2010,EMT,CA,AWP,WE,Towers with Radar,0,2,8,0,10,0,0,101,0,101,0,2,109,0,111,168,0,168,279
12/11/2010,EMT,CA,AWP,WE,Towers with Radar,0,0,4,0,4,0,0,121,0,121,0,0,125,0,125,141,0,141,266
12/12/2010,EMT,CA,AWP,WE,Towers with Radar,0,0,9,0,9,0,0,131,0,131,0,0,140,0,140,132,0,132,272
12/13/2010,EMT,CA,AWP,WE,Towers with Radar,0,1,10,0,11,0,3,103,0,106,0,4,113,0,117,96,0,96,213
12/14/2010,EMT,CA,AWP,WE,Towers with Radar,0,3,10,0,13,0,0,21,0,21,0,3,31,0,34,98,0,98,132
12/15/2010,EMT,CA,AWP,WE,Towers with Radar,0,2,14,0,16,0,0,6,0,6,0,2,20,0,22,6,0,6,28
12/16/2010,EMT,CA,AWP,WE,Towers with Radar,0,4,13,0,17,0,1,77,0,78,0,5,90,0,95,162,0,162,257
12/17/2010,EMT,CA,AWP,WE,Towers with Radar,0,2,14,0,16,0,0,3,0,3,0,2,17,0,19,6,0,6,25
12/18/2010,EMT,CA,AWP,WE,Towers with Radar,0,0,3,0,3,0,0,0,0,0,0,0,3,0,3,0,0,0,3
12/19/2010,EMT,CA,AWP,WE,Towers with Radar,0,0,0,0,0,0,0,0,0,0,0,0,0,0,0,0,0,0,0
12/20/2010,EMT,CA,AWP,WE,Towers with Radar,0,1,1,0,2,0,0,4,0,4,0,1,5,0,6,0,0,0,6
12/21/2010,EMT,CA,AWP,WE,Towers with Radar,0,3,2,0,5,0,0,6,0,6,0,3,8,0,11,0,0,0,11
12/22/2010,EMT,CA,AWP,WE,Towers with Radar,0,0,6,0,6,0,0,9,0,9,0,0,15,0,15,0,0,0,15
12/23/2010,EMT,CA,AWP,WE,Towers with Radar,0,3,8,0,11,0,2,104,0,106,0,5,112,0,117,124,0,124,241
12/24/2010,EMT,CA,AWP,WE,Towers with Radar,0,2,5,0,7,0,4,120,0,124,0,6,125,0,131,126,0,126,257
12/25/2010,EMT,CA,AWP,WE,Towers with Radar,0,0,3,0,3,0,0,20,0,20,0,0,23,0,23,28,0,28,51
12/26/2010,EMT,CA,AWP,WE,Towers with Radar,0,0,11,0,11,0,0,56,0,56,0,0,67,0,67,54,0,54,121
12/27/2010,EMT,CA,AWP,WE,Towers with Radar,0,2,12,0,14,0,2,151,0,153,0,4,163,0,167,176,0,176,343
12/28/2010,EMT,CA,AWP,WE,Towers with Radar,0,2,15,0,17,0,2,113,0,115,0,4,128,0,132,175,0,175,307
12/29/2010,EMT,CA,AWP,WE,Towers with Radar,0,2,3,0,5,0,2,8,0,10,0,4,11,0,15,48,0,48,63
12/30/2010,EMT,CA,AWP,WE,Towers with Radar,0,1,0,0,1,0,2,53,0,55,0,3,53,0,56,44,0,44,100
12/31/2010,EMT,CA,AWP,WE,Towers with Radar,0,2,10,0,12,0,4,138,0,142,0,6,148,0,154,153,0,153,307
01/01/2011,EMT,CA,AWP,WE,Towers with Radar,0,0,3,0,3,0,0,44,0,44,0,0,47,0,47,20,0,20,67
01/02/2011,EMT,CA,AWP,WE,Towers with Radar,0,0,8,0,8,0,0,40,0,40,0,0,48,0,48,30,0,30,78
01/03/2011,EMT,CA,AWP,WE,Towers with Radar,0,2,0,0,2,0,2,27,0,29,0,4,27,0,31,68,0,68,99
01/04/2011,EMT,CA,AWP,WE,Towers with Radar,0,2,3,0,5,0,3,135,2,140,0,5,138,2,145,168,0,168,313
01/05/2011,EMT,CA,AWP,WE,Towers with Radar,0,2,7,0,9,0,2,100,0,102,0,4,107,0,111,106,0,106,217
01/06/2011,EMT,CA,AWP,WE,Towers with Radar,0,2,5,0,7,0,3,107,0,110,0,5,112,0,117,58,0,58,175
01/07/2011,EMT,CA,AWP,WE,Towers with Radar,0,2,5,0,7,0,0,75,0,75,0,2,80,0,82,212,0,212,294
01/08/2011,EMT,CA,AWP,WE,Towers with Radar,0,0,13,0,13,0,0,89,0,89,0,0,102,0,102,150,0,150,252
01/09/2011,EMT,CA,AWP,WE,Towers with Radar,0,0,22,0,22,0,0,91,0,91,0,0,113,0,113,194,0,194,307
01/10/2011,EMT,CA,AWP,WE,Towers with Radar,0,3,2,0,5,0,3,96,0,99,0,6,98,0,104,266,0,266,370
01/11/2011,EMT,CA,AWP,WE,Towers with Radar,0,2,6,0,8,0,3,97,0,100,0,5,103,0,108,208,0,208,316
01/12/2011,EMT,CA,AWP,WE,Towers with Radar,0,2,9,0,11,0,1,113,0,114,0,3,122,0,125,117,0,117,242
01/13/2011,EMT,CA,AWP,WE,Towers with Radar,0,0,6,0,6,0,3,113,0,116,0,3,119,0,122,146,0,146,268
01/14/2011,EMT,CA,AWP,WE,Towers with Radar,0,1,6,0,7,0,0,97,0,97,0,1,103,0,104,201,0,201,305
01/15/2011,EMT,CA,AWP,WE,Towers with Radar,0,0,3,0,3,0,0,166,0,166,0,0,169,0,169,84,0,84,253
01/16/2011,EMT,CA,AWP,WE,Towers with Radar,0,0,9,0,9,0,0,113,0,113,0,0,122,0,122,93,0,93,215
01/17/2011,EMT,CA,AWP,WE,Towers with Radar,0,0,7,0,7,0,0,142,0,142,0,0,149,0,149,112,0,112,261
01/18/2011,EMT,CA,AWP,WE,Towers with Radar,0,3,6,0,9,0,2,106,0,108,0,5,112,0,117,86,0,86,203
01/19/2011,EMT,CA,AWP,WE,Towers with Radar,0,2,3,0,5,0,0,113,0,113,0,2,116,0,118,92,0,92,210
01/20/2011,EMT,CA,AWP,WE,Towers with Radar,0,1,6,0,7,0,2,64,0,66,0,3,70,0,73,164,0,164,237
01/21/2011,EMT,CA,AWP,WE,Towers with Radar,0,2,8,0,10,0,0,130,0,130,0,2,138,0,140,196,0,196,336
01/22/2011,EMT,CA,AWP,WE,Towers with Radar,0,0,7,0,7,0,0,149,0,149,0,0,156,0,156,158,0,158,314
01/23/2011,EMT,CA,AWP,WE,Towers with Radar,0,0,4,0,4,0,0,136,0,136,0,0,140,0,140,200,0,200,340
01/24/2011,EMT,CA,AWP,WE,Towers with Radar,0,3,4,0,7,0,2,88,0,90,0,5,92,0,97,62,0,62,159
01/25/2011,EMT,CA,AWP,WE,Towers with Radar,0,2,5,0,7,0,2,90,0,92,0,4,95,0,99,140,0,140,239
01/26/2011,EMT,CA,AWP,WE,Towers with Radar,0,1,3,0,4,0,2,77,0,79,0,3,80,0,83,146,0,146,229
01/27/2011,EMT,CA,AWP,WE,Towers with Radar,0,1,10,0,11,0,2,100,0,102,0,3,110,0,113,94,0,94,207
01/28/2011,EMT,CA,AWP,WE,Towers with Radar,0,2,8,0,10,0,0,121,0,121,0,2,129,0,131,70,0,70,201
01/29/2011,EMT,CA,AWP,WE,Towers with Radar,0,0,5,0,5,0,0,144,0,144,0,0,149,0,149,148,0,148,297
01/30/2011,EMT,CA,AWP,WE,Towers with Radar,0,0,7,0,7,0,0,18,0,18,0,0,25,0,25,50,0,50,75
01/31/2011,EMT,CA,AWP,WE,Towers with Radar,0,1,7,0,8,0,4,86,0,90,0,5,93,0,98,120,0,120,218
02/01/2011,EMT,CA,AWP,WE,Towers with Radar,0,1,5,0,6,0,2,90,0,92,0,3,95,0,98,140,0,140,238
02/02/2011,EMT,CA,AWP,WE,Towers with Radar,0,2,1,0,3,0,2,57,0,59,0,4,58,0,62,100,0,100,162
02/03/2011,EMT,CA,AWP,WE,Towers with Radar,0,1,2,0,3,0,2,84,0,86,0,3,86,0,89,92,0,92,181
02/04/2011,EMT,CA,AWP,WE,Towers with Radar,0,2,7,0,9,0,0,98,0,98,0,2,105,0,107,158,0,158,265
02/05/2011,EMT,CA,AWP,WE,Towers with Radar,0,0,2,0,2,0,0,123,0,123,0,0,125,0,125,106,0,106,231
02/06/2011,EMT,CA,AWP,WE,Towers with Radar,0,0,5,0,5,0,0,108,0,108,0,0,113,0,113,88,0,88,201
02/07/2011,EMT,CA,AWP,WE,Towers with Radar,0,3,5,0,8,0,4,94,0,98,0,7,99,0,106,54,0,54,160
02/08/2011,EMT,CA,AWP,WE,Towers with Radar,0,1,2,0,3,0,2,41,0,43,0,3,43,0,46,134,0,134,180
02/09/2011,EMT,CA,AWP,WE,Towers with Radar,0,1,1,0,2,0,2,59,0,61,0,3,60,0,63,85,0,85,148
02/10/2011,EMT,CA,AWP,WE,Towers with Radar,0,0,10,0,10,0,3,79,1,83,0,3,89,1,93,150,0,150,243
02/11/2011,EMT,CA,AWP,WE,Towers with Radar,0,1,7,0,8,0,0,113,0,113,0,1,120,0,121,156,0,156,277
02/12/2011,EMT,CA,AWP,WE,Towers with Radar,0,0,12,0,12,0,0,152,0,152,0,0,164,0,164,113,0,113,277
02/13/2011,EMT,CA,AWP,WE,Towers with Radar,0,0,8,0,8,0,0,139,0,139,0,0,147,0,147,146,0,146,293
02/14/2011,EMT,CA,AWP,WE,Towers with Radar,0,1,8,0,9,0,4,76,0,80,0,5,84,0,89,122,0,122,211
02/15/2011,EMT,CA,AWP,WE,Towers with Radar,0,4,7,0,11,0,0,30,0,30,0,4,37,0,41,70,0,70,111
02/16/2011,EMT,CA,AWP,WE,Towers with Radar,0,1,1,0,2,0,1,7,0,8,0,2,8,0,10,26,0,26,36
02/17/2011,EMT,CA,AWP,WE,Towers with Radar,0,0,13,0,13,0,2,100,0,102,0,2,113,0,115,76,0,76,191
02/18/2011,EMT,CA,AWP,WE,Towers with Radar,0,2,7,0,9,0,0,16,0,16,0,2,23,0,25,54,0,54,79
02/19/2011,EMT,CA,AWP,WE,Towers with Radar,0,0,4,0,4,0,0,68,0,68,0,0,72,0,72,82,0,82,154
02/20/2011,EMT,CA,AWP,WE,Towers with Radar,0,0,7,0,7,0,0,116,0,116,0,0,123,0,123,82,0,82,205
02/21/2011,EMT,CA,AWP,WE,Towers with Radar,0,2,8,0,10,0,3,154,0,157,0,5,162,0,167,119,0,119,286
02/22/2011,EMT,CA,AWP,WE,Towers with Radar,0,2,6,0,8,0,2,109,0,111,0,4,115,0,119,120,0,120,239
02/23/2011,EMT,CA,AWP,WE,Towers with Radar,0,3,3,0,6,0,1,74,0,75,0,4,77,0,81,184,0,184,265
02/24/2011,EMT,CA,AWP,WE,Towers with Radar,0,3,6,0,9,0,2,96,0,98,0,5,102,0,107,200,0,200,307
02/25/2011,EMT,CA,AWP,WE,Towers with Radar,0,2,6,0,8,0,0,25,0,25,0,2,31,0,33,84,0,84,117
02/26/2011,EMT,CA,AWP,WE,Towers with Radar,0,0,0,0,0,0,0,38,0,38,0,0,38,0,38,100,0,100,138
02/27/2011,EMT,CA,AWP,WE,Towers with Radar,0,0,9,0,9,0,0,162,0,162,0,0,171,0,171,144,0,144,315
02/28/2011,EMT,CA,AWP,WE,Towers with Radar,0,3,12,0,15,0,2,97,0,99,0,5,109,0,114,109,2,111,225
03/01/2011,EMT,CA,AWP,WE,Towers with Radar,0,0,7,0,7,0,2,89,0,91,0,2,96,0,98,112,0,112,210
03/02/2011,EMT,CA,AWP,WE,Towers with Radar,0,2,9,0,11,0,1,73,0,74,0,3,82,0,85,65,0,65,150
03/03/2011,EMT,CA,AWP,WE,Towers with Radar,0,1,11,0,12,0,2,35,0,37,0,3,46,0,49,56,0,56,105
03/04/2011,EMT,CA,AWP,WE,Towers with Radar,0,2,2,0,4,0,0,88,0,88,0,2,90,0,92,78,0,78,170
03/05/2011,EMT,CA,AWP,WE,Towers with Radar,0,0,7,0,7,0,0,162,0,162,0,0,169,0,169,84,0,84,253
03/06/2011,EMT,CA,AWP,WE,Towers with Radar,0,0,11,0,11,0,0,115,0,115,0,0,126,0,126,128,0,128,254
03/07/2011,EMT,CA,AWP,WE,Towers with Radar,0,2,6,0,8,0,2,41,0,43,0,4,47,0,51,89,0,89,140
03/08/2011,EMT,CA,AWP,WE,Towers with Radar,0,2,4,0,6,0,2,103,0,105,0,4,107,0,111,132,0,132,243
03/09/2011,EMT,CA,AWP,WE,Towers with Radar,0,2,8,0,10,0,2,128,0,130,0,4,136,0,140,106,0,106,246
03/10/2011,EMT,CA,AWP,WE,Towers with Radar,0,2,12,0,14,0,3,104,0,107,0,5,116,0,121,180,0,180,301
03/11/2011,EMT,CA,AWP,WE,Towers with Radar,0,2,11,0,13,0,0,113,0,113,0,2,124,0,126,176,0,176,302
03/12/2011,EMT,CA,AWP,WE,Towers with Radar,0,0,15,0,15,0,0,79,0,79,0,0,94,0,94,144,0,144,238
03/13/2011,EMT,CA,AWP,WE,Towers with Radar,0,0,16,0,16,0,0,104,0,104,0,0,120,0,120,94,0,94,214
03/14/2011,EMT,CA,AWP,WE,Towers with Radar,0,1,8,0,9,0,1,114,0,115,0,2,122,0,124,104,0,104,228
03/15/2011,EMT,CA,AWP,WE,Towers with Radar,0,0,9,0,9,0,2,89,0,91,0,2,98,0,100,98,0,98,198
03/16/2011,EMT,CA,AWP,WE,Towers with Radar,0,2,16,0,18,0,2,75,0,77,0,4,91,0,95,84,0,84,179
03/17/2011,EMT,CA,AWP,WE,Towers with Radar,0,2,10,0,12,0,2,101,0,103,0,4,111,0,115,138,0,138,253
03/18/2011,EMT,CA,AWP,WE,Towers with Radar,0,2,11,0,13,0,0,78,0,78,0,2,89,0,91,138,0,138,229
03/19/2011,EMT,CA,AWP,WE,Towers with Radar,0,0,1,0,1,0,0,61,0,61,0,0,62,0,62,78,0,78,140
03/20/2011,EMT,CA,AWP,WE,Towers with Radar,0,0,2,0,2,0,0,3,0,3,0,0,5,0,5,12,0,12,17
03/21/2011,EMT,CA,AWP,WE,Towers with Radar,0,6,3,0,9,0,1,20,0,21,0,7,23,0,30,22,0,22,52
03/22/2011,EMT,CA,AWP,WE,Towers with Radar,0,3,13,0,16,0,2,102,0,104,0,5,115,0,120,73,0,73,193
03/23/2011,EMT,CA,AWP,WE,Towers with Radar,0,3,5,0,8,0,0,43,0,43,0,3,48,0,51,64,0,64,115
03/24/2011,EMT,CA,AWP,WE,Towers with Radar,0,3,4,0,7,0,1,53,0,54,0,4,57,0,61,50,0,50,111
03/25/2011,EMT,CA,AWP,WE,Towers with Radar,0,2,6,0,8,0,0,26,0,26,0,2,32,0,34,96,0,96,130
03/26/2011,EMT,CA,AWP,WE,Towers with Radar,0,0,4,0,4,0,0,72,0,72,0,0,76,0,76,164,0,164,240
03/27/2011,EMT,CA,AWP,WE,Towers with Radar,0,0,9,0,9,0,0,53,0,53,0,0,62,0,62,140,0,140,202
03/28/2011,EMT,CA,AWP,WE,Towers with Radar,0,2,9,0,11,0,1,36,0,37,0,3,45,0,48,114,0,114,162
03/29/2011,EMT,CA,AWP,WE,Towers with Radar,0,1,8,0,9,0,2,92,0,94,0,3,100,0,103,96,0,96,199
03/30/2011,EMT,CA,AWP,WE,Towers with Radar,0,3,4,0,7,0,1,114,0,115,0,4,118,0,122,106,0,106,228
03/31/2011,EMT,CA,AWP,WE,Towers with Radar,0,2,9,0,11,0,0,92,0,92,0,2,101,0,103,138,0,138,241
04/01/2011,EMT,CA,AWP,WE,Towers with Radar,0,2,8,0,10,0,0,106,0,106,0,2,114,0,116,96,0,96,212
04/02/2011,EMT,CA,AWP,WE,Towers with Radar,0,0,4,0,4,0,0,111,0,111,0,0,115,0,115,168,0,168,283
04/03/2011,EMT,CA,AWP,WE,Towers with Radar,0,0,18,0,18,0,0,79,0,79,0,0,97,0,97,118,0,118,215
04/04/2011,EMT,CA,AWP,WE,Towers with Radar,0,4,4,0,8,0,2,91,0,93,0,6,95,0,101,112,0,112,213
04/05/2011,EMT,CA,AWP,WE,Towers with Radar,0,2,8,0,10,0,2,96,0,98,0,4,104,0,108,92,0,92,200
04/06/2011,EMT,CA,AWP,WE,Towers with Radar,0,2,8,0,10,0,2,63,0,65,0,4,71,0,75,60,0,60,135
04/07/2011,EMT,CA,AWP,WE,Towers with Radar,0,1,2,0,3,0,1,17,0,18,0,2,19,0,21,36,0,36,57
04/08/2011,EMT,CA,AWP,WE,Towers with Radar,0,2,2,0,4,0,0,47,0,47,0,2,49,0,51,54,0,54,105
04/09/2011,EMT,CA,AWP,WE,Towers with Radar,0,0,3,0,3,0,0,109,0,109,0,0,112,0,112,64,0,64,176
04/10/2011,EMT,CA,AWP,WE,Towers with Radar,0,0,15,0,15,0,0,116,0,116,0,0,131,0,131,86,0,86,217
04/11/2011,EMT,CA,AWP,WE,Towers with Radar,0,1,7,0,8,0,3,111,0,114,0,4,118,0,122,123,0,123,245
04/12/2011,EMT,CA,AWP,WE,Towers with Radar,0,0,6,0,6,0,3,74,0,77,0,3,80,0,83,110,0,110,193
04/13/2011,EMT,CA,AWP,WE,Towers with Radar,0,0,3,0,3,0,4,56,0,60,0,4,59,0,63,99,0,99,162
04/14/2011,EMT,CA,AWP,WE,Towers with Radar,0,1,9,0,10,0,3,94,0,97,0,4,103,0,107,143,0,143,250
04/15/2011,EMT,CA,AWP,WE,Towers with Radar,0,1,10,0,11,0,0,112,0,112,0,1,122,0,123,140,0,140,263
04/16/2011,EMT,CA,AWP,WE,Towers with Radar,0,0,4,0,4,0,0,124,0,124,0,0,128,0,128,100,0,100,228
04/17/2011,EMT,CA,AWP,WE,Towers with Radar,0,0,9,0,9,0,0,115,0,115,0,0,124,0,124,96,0,96,220
04/18/2011,EMT,CA,AWP,WE,Towers with Radar,0,6,17,0,23,0,0,14,0,14,0,6,31,0,37,20,0,20,57
04/19/2011,EMT,CA,AWP,WE,Towers with Radar,0,3,11,0,14,0,1,52,0,53,0,4,63,0,67,104,0,104,171
04/20/2011,EMT,CA,AWP,WE,Towers with Radar,0,4,7,0,11,0,0,32,0,32,0,4,39,0,43,78,0,78,121
04/21/2011,EMT,CA,AWP,WE,Towers with Radar,0,4,10,0,14,0,0,12,0,12,0,4,22,0,26,94,0,94,120
04/22/2011,EMT,CA,AWP,WE,Towers with Radar,0,1,9,0,10,0,0,56,0,56,0,1,65,0,66,80,0,80,146
04/23/2011,EMT,CA,AWP,WE,Towers with Radar,0,0,11,0,11,0,0,64,0,64,0,0,75,0,75,174,0,174,249
04/24/2011,EMT,CA,AWP,WE,Towers with Radar,0,0,10,0,10,0,0,19,0,19,0,0,29,0,29,16,0,16,45
04/25/2011,EMT,CA,AWP,WE,Towers with Radar,0,1,10,0,11,0,4,84,0,88,0,5,94,0,99,96,0,96,195
04/26/2011,EMT,CA,AWP,WE,Towers with Radar,0,2,10,0,12,0,1,91,0,92,0,3,101,0,104,130,0,130,234
04/27/2011,EMT,CA,AWP,WE,Towers with Radar,0,2,5,0,7,0,1,118,0,119,0,3,123,0,126,90,0,90,216
04/28/2011,EMT,CA,AWP,WE,Towers with Radar,0,2,6,0,8,0,3,113,0,116,0,5,119,0,124,80,0,80,204
04/29/2011,EMT,CA,AWP,WE,Towers with Radar,0,1,11,0,12,0,1,77,0,78,0,2,88,0,90,100,0,100,190
04/30/2011,EMT,CA,AWP,WE,Towers with Radar,0,0,7,0,7,0,0,129,0,129,0,0,136,0,136,101,0,101,237
05/01/2011,EMT,CA,AWP,WE,Towers with Radar,0,0,2,0,2,0,0,103,0,103,0,0,105,0,105,152,0,152,257
05/02/2011,EMT,CA,AWP,WE,Towers with Radar,0,3,7,0,10,0,0,89,0,89,0,3,96,0,99,130,0,130,229
05/03/2011,EMT,CA,AWP,WE,Towers with Radar,0,1,7,0,8,0,1,100,0,101,0,2,107,0,109,106,0,106,215
05/04/2011,EMT,CA,AWP,WE,Towers with Radar,0,1,5,0,6,0,1,83,2,86,0,2,88,2,92,82,0,82,174
05/05/2011,EMT,CA,AWP,WE,Towers with Radar,0,1,4,0,5,0,0,85,0,85,0,1,89,0,90,158,0,158,248
05/06/2011,EMT,CA,AWP,WE,Towers with Radar,0,0,16,0,16,0,0,73,0,73,0,0,89,0,89,142,0,142,231
05/07/2011,EMT,CA,AWP,WE,Towers with Radar,0,0,17,0,17,0,0,55,0,55,0,0,72,0,72,148,0,148,220
05/08/2011,EMT,CA,AWP,WE,Towers with Radar,0,0,14,0,14,0,0,23,0,23,0,0,37,0,37,78,0,78,115
05/09/2011,EMT,CA,AWP,WE,Towers with Radar,0,1,5,0,6,0,2,56,0,58,0,3,61,0,64,31,0,31,95
05/10/2011,EMT,CA,AWP,WE,Towers with Radar,0,1,14,0,15,0,2,71,0,73,0,3,85,0,88,102,0,102,190
05/11/2011,EMT,CA,AWP,WE,Towers with Radar,0,1,4,0,5,0,3,87,0,90,0,4,91,0,95,152,0,152,247
05/12/2011,EMT,CA,AWP,WE,Towers with Radar,0,1,5,0,6,0,2,145,0,147,0,3,150,0,153,132,0,132,285
05/13/2011,EMT,CA,AWP,WE,Towers with Radar,0,2,8,0,10,0,0,100,0,100,0,2,108,0,110,82,0,82,192
05/14/2011,EMT,CA,AWP,WE,Towers with Radar,0,0,10,0,10,0,0,73,0,73,0,0,83,0,83,114,0,114,197
05/15/2011,EMT,CA,AWP,WE,Towers with Radar,0,0,3,0,3,0,0,47,0,47,0,0,50,0,50,68,0,68,118
05/16/2011,EMT,CA,AWP,WE,Towers with Radar,0,3,5,0,8,0,2,62,0,64,0,5,67,0,72,98,0,98,170
05/17/2011,EMT,CA,AWP,WE,Towers with Radar,0,2,6,0,8,0,1,20,0,21,0,3,26,0,29,94,0,94,123
05/18/2011,EMT,CA,AWP,WE,Towers with Radar,0,2,7,0,9,0,2,37,0,39,0,4,44,0,48,110,0,110,158
05/19/2011,EMT,CA,AWP,WE,Towers with Radar,0,2,6,0,8,0,1,82,0,83,0,3,88,0,91,152,0,152,243
05/20/2011,EMT,CA,AWP,WE,Towers with Radar,0,2,11,0,13,0,0,95,0,95,0,2,106,0,108,98,0,98,206
05/21/2011,EMT,CA,AWP,WE,Towers with Radar,0,0,11,0,11,0,0,108,0,108,0,0,119,0,119,142,0,142,261
05/22/2011,EMT,CA,AWP,WE,Towers with Radar,0,0,20,0,20,0,0,39,0,39,0,0,59,0,59,86,0,86,145
05/23/2011,EMT,CA,AWP,WE,Towers with Radar,0,4,0,0,4,0,1,38,0,39,0,5,38,0,43,76,0,76,119
05/24/2011,EMT,CA,AWP,WE,Towers with Radar,0,2,4,0,6,0,1,73,0,74,0,3,77,0,80,120,0,120,200
05/25/2011,EMT,CA,AWP,WE,Towers with Radar,0,2,6,0,8,0,1,108,0,109,0,3,114,0,117,74,0,74,191
05/26/2011,EMT,CA,AWP,WE,Towers with Radar,0,2,6,0,8,0,2,103,0,105,0,4,109,0,113,118,0,118,231
05/27/2011,EMT,CA,AWP,WE,Towers with Radar,0,0,4,0,4,0,0,107,0,107,0,0,111,0,111,116,0,116,227
05/28/2011,EMT,CA,AWP,WE,Towers with Radar,0,0,9,0,9,0,0,76,0,76,0,0,85,0,85,158,0,158,243
05/29/2011,EMT,CA,AWP,WE,Towers with Radar,0,0,1,0,1,0,0,34,0,34,0,0,35,0,35,32,0,32,67
05/30/2011,EMT,CA,AWP,WE,Towers with Radar,0,0,2,0,2,0,0,135,0,135,0,0,137,0,137,134,0,134,271
05/31/2011,EMT,CA,AWP,WE,Towers with Radar,0,3,3,0,6,0,2,135,0,137,0,5,138,0,143,120,0,120,263
06/01/2011,EMT,CA,AWP,WE,Towers with Radar,0,2,1,0,3,0,1,84,0,85,0,3,85,0,88,134,0,134,222
06/02/2011,EMT,CA,AWP,WE,Towers with Radar,0,1,6,0,7,0,0,102,0,102,0,1,108,0,109,84,0,84,193
06/03/2011,EMT,CA,AWP,WE,Towers with Radar,0,2,9,0,11,0,0,84,0,84,0,2,93,0,95,124,0,124,219
06/04/2011,EMT,CA,AWP,WE,Towers with Radar,0,0,3,0,3,0,0,91,0,91,0,0,94,0,94,172,0,172,266
06/05/2011,EMT,CA,AWP,WE,Towers with Radar,0,0,9,0,9,0,0,120,0,120,0,0,129,0,129,147,0,147,276
06/06/2011,EMT,CA,AWP,WE,Towers with Radar,0,3,5,0,8,0,2,38,0,40,0,5,43,0,48,125,0,125,173
06/07/2011,EMT,CA,AWP,WE,Towers with Radar,0,1,8,0,9,0,2,91,0,93,0,3,99,0,102,94,0,94,196
06/08/2011,EMT,CA,AWP,WE,Towers with Radar,0,3,10,1,14,0,0,26,0,26,0,3,36,1,40,100,0,100,140
06/09/2011,EMT,CA,AWP,WE,Towers with Radar,0,2,13,0,15,0,1,28,0,29,0,3,41,0,44,92,0,92,136
06/10/2011,EMT,CA,AWP,WE,Towers with Radar,0,1,16,0,17,0,0,42,0,42,0,1,58,0,59,128,0,128,187
06/11/2011,EMT,CA,AWP,WE,Towers with Radar,0,1,13,0,14,0,0,33,0,33,0,1,46,0,47,114,0,114,161
06/12/2011,EMT,CA,AWP,WE,Towers with Radar,0,0,21,0,21,0,0,66,0,66,0,0,87,0,87,114,0,114,201
06/13/2011,EMT,CA,AWP,WE,Towers with Radar,0,3,10,0,13,0,0,63,0,63,0,3,73,0,76,116,0,116,192
06/14/2011,EMT,CA,AWP,WE,Towers with Radar,0,1,16,0,17,0,3,93,0,96,0,4,109,0,113,70,0,70,183
06/15/2011,EMT,CA,AWP,WE,Towers with Radar,0,1,13,0,14,0,1,112,0,113,0,2,125,0,127,122,0,122,249
06/16/2011,EMT,CA,AWP,WE,Towers with Radar,0,1,8,0,9,0,2,41,0,43,0,3,49,0,52,72,0,72,124
06/17/2011,EMT,CA,AWP,WE,Towers with Radar,0,2,10,0,12,0,0,64,0,64,0,2,74,0,76,140,0,140,216
06/18/2011,EMT,CA,AWP,WE,Towers with Radar,0,0,19,0,19,0,0,98,0,98,0,0,117,0,117,58,0,58,175
06/19/2011,EMT,CA,AWP,WE,Towers with Radar,0,0,15,0,15,0,0,67,0,67,0,0,82,0,82,94,0,94,176
06/20/2011,EMT,CA,AWP,WE,Towers with Radar,0,4,4,0,8,0,2,75,0,77,0,6,79,0,85,124,0,124,209
06/21/2011,EMT,CA,AWP,WE,Towers with Radar,0,1,7,0,8,0,2,83,0,85,0,3,90,0,93,58,0,58,151
06/22/2011,EMT,CA,AWP,WE,Towers with Radar,0,2,4,0,6,0,2,90,0,92,0,4,94,0,98,92,0,92,190
06/23/2011,EMT,CA,AWP,WE,Towers with Radar,0,0,11,0,11,0,0,93,0,93,0,0,104,0,104,64,0,64,168
06/24/2011,EMT,CA,AWP,WE,Towers with Radar,0,2,10,0,12,0,0,95,0,95,0,2,105,0,107,96,0,96,203
06/25/2011,EMT,CA,AWP,WE,Towers with Radar,0,0,6,0,6,0,0,157,0,157,0,0,163,0,163,102,0,102,265
06/26/2011,EMT,CA,AWP,WE,Towers with Radar,0,0,6,0,6,0,0,139,0,139,0,0,145,0,145,104,0,104,249
06/27/2011,EMT,CA,AWP,WE,Towers with Radar,0,3,3,0,6,0,6,85,0,91,0,9,88,0,97,76,0,76,173
06/28/2011,EMT,CA,AWP,WE,Towers with Radar,0,2,4,0,6,0,3,96,0,99,0,5,100,0,105,84,0,84,189
06/29/2011,EMT,CA,AWP,WE,Towers with Radar,0,4,2,0,6,0,1,95,0,96,0,5,97,0,102,162,0,162,264
06/30/2011,EMT,CA,AWP,WE,Towers with Radar,0,3,4,0,7,0,1,123,0,124,0,4,127,0,131,192,0,192,323
07/01/2011,EMT,CA,AWP,WE,Towers with Radar,0,2,12,0,14,0,0,153,0,153,0,2,165,0,167,160,0,160,327
07/02/2011,EMT,CA,AWP,WE,Towers with Radar,0,0,7,0,7,0,0,117,0,117,0,0,124,0,124,130,0,130,254
07/03/2011,EMT,CA,AWP,WE,Towers with Radar,0,0,11,0,11,0,0,74,0,74,0,0,85,0,85,114,0,114,199
07/04/2011,EMT,CA,AWP,WE,Towers with Radar,0,0,2,0,2,0,0,84,0,84,0,0,86,0,86,56,0,56,142
07/05/2011,EMT,CA,AWP,WE,Towers with Radar,0,3,21,0,24,0,4,101,0,105,0,7,122,0,129,78,0,78,207
07/06/2011,EMT,CA,AWP,WE,Towers with Radar,0,1,6,0,7,0,0,89,0,89,0,1,95,0,96,86,0,86,182
07/07/2011,EMT,CA,AWP,WE,Towers with Radar,0,2,7,0,9,0,3,106,0,109,0,5,113,0,118,137,0,137,255
07/08/2011,EMT,CA,AWP,WE,Towers with Radar,0,2,11,1,14,0,1,131,1,133,0,3,142,2,147,124,0,124,271
07/09/2011,EMT,CA,AWP,WE,Towers with Radar,0,0,7,0,7,0,0,115,0,115,0,0,122,0,122,218,0,218,340
07/10/2011,EMT,CA,AWP,WE,Towers with Radar,0,0,8,0,8,0,0,132,0,132,0,0,140,0,140,66,0,66,206
07/11/2011,EMT,CA,AWP,WE,Towers with Radar,0,4,12,0,16,0,2,54,0,56,0,6,66,0,72,82,0,82,154
07/12/2011,EMT,CA,AWP,WE,Towers with Radar,0,2,2,0,4,0,2,77,0,79,0,4,79,0,83,124,0,124,207
07/13/2011,EMT,CA,AWP,WE,Towers with Radar,0,1,14,0,15,0,4,69,0,73,0,5,83,0,88,146,0,146,234
07/14/2011,EMT,CA,AWP,WE,Towers with Radar,0,0,28,0,28,0,5,80,0,85,0,5,108,0,113,156,0,156,269
07/15/2011,EMT,CA,AWP,WE,Towers with Radar,0,3,13,0,16,0,1,91,0,92,0,4,104,0,108,58,0,58,166
07/16/2011,EMT,CA,AWP,WE,Towers with Radar,0,0,18,0,18,0,0,106,0,106,0,0,124,0,124,147,0,147,271
07/17/2011,EMT,CA,AWP,WE,Towers with Radar,0,0,13,0,13,0,0,157,0,157,0,0,170,0,170,60,0,60,230
07/18/2011,EMT,CA,AWP,WE,Towers with Radar,0,2,4,0,6,0,2,86,0,88,0,4,90,0,94,58,0,58,152
07/19/2011,EMT,CA,AWP,WE,Towers with Radar,0,1,6,0,7,0,2,102,0,104,0,3,108,0,111,100,0,100,211
07/20/2011,EMT,CA,AWP,WE,Towers with Radar,0,2,8,0,10,0,1,73,0,74,0,3,81,0,84,168,0,168,252
07/21/2011,EMT,CA,AWP,WE,Towers with Radar,0,1,7,0,8,0,2,81,0,83,0,3,88,0,91,134,0,134,225
07/22/2011,EMT,CA,AWP,WE,Towers with Radar,0,1,10,0,11,0,0,84,0,84,0,1,94,0,95,110,0,110,205
07/23/2011,EMT,CA,AWP,WE,Towers with Radar,0,0,8,0,8,0,0,125,0,125,0,0,133,0,133,98,0,98,231
07/24/2011,EMT,CA,AWP,WE,Towers with Radar,0,0,5,0,5,0,0,102,0,102,0,0,107,0,107,150,0,150,257
07/25/2011,EMT,CA,AWP,WE,Towers with Radar,0,2,5,0,7,0,3,110,0,113,0,5,115,0,120,60,0,60,180
07/26/2011,EMT,CA,AWP,WE,Towers with Radar,0,0,6,0,6,0,0,84,0,84,0,0,90,0,90,136,0,136,226
07/27/2011,EMT,CA,AWP,WE,Towers with Radar,0,1,8,0,9,0,1,76,0,77,0,2,84,0,86,112,0,112,198
07/28/2011,EMT,CA,AWP,WE,Towers with Radar,0,1,5,0,6,0,1,104,0,105,0,2,109,0,111,112,0,112,223
07/29/2011,EMT,CA,AWP,WE,Towers with Radar,0,2,14,0,16,0,0,95,0,95,0,2,109,0,111,120,0,120,231
07/30/2011,EMT,CA,AWP,WE,Towers with Radar,0,0,17,0,17,0,0,128,0,128,0,0,145,0,145,127,0,127,272
07/31/2011,EMT,CA,AWP,WE,Towers with Radar,0,0,4,0,4,0,0,131,0,131,0,0,135,0,135,105,0,105,240
08/01/2011,EMT,CA,AWP,WE,Towers with Radar,0,2,5,0,7,0,2,96,0,98,0,4,101,0,105,130,0,130,235
08/02/2011,EMT,CA,AWP,WE,Towers with Radar,0,1,10,0,11,0,1,115,0,116,0,2,125,0,127,138,0,138,265
08/03/2011,EMT,CA,AWP,WE,Towers with Radar,0,1,10,0,11,0,2,110,0,112,0,3,120,0,123,136,0,136,259
08/04/2011,EMT,CA,AWP,WE,Towers with Radar,0,1,8,0,9,0,1,88,1,90,0,2,96,1,99,158,0,158,257
08/05/2011,EMT,CA,AWP,WE,Towers with Radar,0,2,19,0,21,0,1,99,0,100,0,3,118,0,121,144,0,144,265
08/06/2011,EMT,CA,AWP,WE,Towers with Radar,0,0,12,0,12,0,0,116,0,116,0,0,128,0,128,124,0,124,252
08/07/2011,EMT,CA,AWP,WE,Towers with Radar,0,0,10,0,10,0,0,109,0,109,0,0,119,0,119,76,0,76,195
08/08/2011,EMT,CA,AWP,WE,Towers with Radar,0,2,10,0,12,0,2,88,0,90,0,4,98,0,102,100,0,100,202
08/09/2011,EMT,CA,AWP,WE,Towers with Radar,0,1,16,0,17,0,0,64,0,64,0,1,80,0,81,80,0,80,161
08/10/2011,EMT,CA,AWP,WE,Towers with Radar,0,1,14,0,15,0,4,73,0,77,0,5,87,0,92,118,0,118,210
08/11/2011,EMT,CA,AWP,WE,Towers with Radar,0,2,20,0,22,0,1,120,0,121,0,3,140,0,143,132,0,132,275
08/12/2011,EMT,CA,AWP,WE,Towers with Radar,0,1,14,0,15,0,1,86,0,87,0,2,100,0,102,140,0,140,242
08/13/2011,EMT,CA,AWP,WE,Towers with Radar,0,0,13,0,13,0,0,111,0,111,0,0,124,0,124,131,0,131,255
08/14/2011,EMT,CA,AWP,WE,Towers with Radar,0,0,7,0,7,0,1,125,0,126,0,1,132,0,133,140,0,140,273
08/15/2011,EMT,CA,AWP,WE,Towers with Radar,0,3,5,0,8,0,2,85,0,87,0,5,90,0,95,76,0,76,171
08/16/2011,EMT,CA,AWP,WE,Towers with Radar,0,2,8,0,10,0,2,118,0,120,0,4,126,0,130,135,0,135,265
08/17/2011,EMT,CA,AWP,WE,Towers with Radar,0,1,11,0,12,0,4,136,1,141,0,5,147,1,153,128,0,128,281
08/18/2011,EMT,CA,AWP,WE,Towers with Radar,0,1,4,0,5,0,4,100,0,104,0,5,104,0,109,100,0,100,209
08/19/2011,EMT,CA,AWP,WE,Towers with Radar,0,2,9,0,11,0,0,88,0,88,0,2,97,0,99,90,0,90,189
08/20/2011,EMT,CA,AWP,WE,Towers with Radar,0,0,18,0,18,0,0,82,0,82,0,0,100,0,100,132,0,132,232
08/21/2011,EMT,CA,AWP,WE,Towers with Radar,0,0,2,0,2,0,0,124,0,124,0,0,126,0,126,86,0,86,212
08/22/2011,EMT,CA,AWP,WE,Towers with Radar,0,3,5,0,8,0,2,89,0,91,0,5,94,0,99,122,0,122,221
08/23/2011,EMT,CA,AWP,WE,Towers with Radar,0,1,11,0,12,0,7,108,0,115,0,8,119,0,127,115,0,115,242
08/24/2011,EMT,CA,AWP,WE,Towers with Radar,0,3,10,0,13,0,0,98,0,98,0,3,108,0,111,76,0,76,187
08/25/2011,EMT,CA,AWP,WE,Towers with Radar,0,1,12,0,13,0,2,105,0,107,0,3,117,0,120,82,0,82,202
08/26/2011,EMT,CA,AWP,WE,Towers with Radar,0,2,14,0,16,0,0,102,0,102,0,2,116,0,118,110,0,110,228
08/27/2011,EMT,CA,AWP,WE,Towers with Radar,0,0,4,0,4,0,0,76,0,76,0,0,80,0,80,100,0,100,180
08/28/2011,EMT,CA,AWP,WE,Towers with Radar,0,0,9,0,9,0,0,109,0,109,0,0,118,0,118,114,0,114,232
08/29/2011,EMT,CA,AWP,WE,Towers with Radar,0,3,3,0,6,0,0,62,0,62,0,3,65,0,68,102,0,102,170
08/30/2011,EMT,CA,AWP,WE,Towers with Radar,0,1,20,0,21,0,0,46,0,46,0,1,66,0,67,92,0,92,159
08/31/2011,EMT,CA,AWP,WE,Towers with Radar,0,2,24,0,26,0,0,79,0,79,0,2,103,0,105,56,0,56,161
09/01/2011,EMT,CA,AWP,WE,Towers with Radar,0,3,11,0,14,0,1,92,0,93,0,4,103,0,107,124,0,124,231
09/02/2011,EMT,CA,AWP,WE,Towers with Radar,0,2,11,0,13,0,0,99,0,99,0,2,110,0,112,108,0,108,220
09/03/2011,EMT,CA,AWP,WE,Towers with Radar,0,0,3,0,3,0,0,141,0,141,0,0,144,0,144,102,0,102,246
09/04/2011,EMT,CA,AWP,WE,Towers with Radar,0,0,4,0,4,0,0,93,0,93,0,0,97,0,97,180,0,180,277
09/05/2011,EMT,CA,AWP,WE,Towers with Radar,0,0,4,0,4,0,0,112,0,112,0,0,116,0,116,80,0,80,196
09/06/2011,EMT,CA,AWP,WE,Towers with Radar,0,4,7,0,11,0,0,85,0,85,0,4,92,0,96,139,1,140,236
09/07/2011,EMT,CA,AWP,WE,Towers with Radar,0,2,8,0,10,0,2,64,0,66,0,4,72,0,76,102,0,102,178
09/08/2011,EMT,CA,AWP,WE,Towers with Radar,0,2,9,0,11,0,0,75,0,75,0,2,84,0,86,116,0,116,202
09/09/2011,EMT,CA,AWP,WE,Towers with Radar,0,2,7,0,9,0,0,111,0,111,0,2,118,0,120,174,0,174,294
09/10/2011,EMT,CA,AWP,WE,Towers with Radar,0,0,2,0,2,0,0,40,0,40,0,0,42,0,42,108,0,108,150
09/11/2011,EMT,CA,AWP,WE,Towers with Radar,0,0,11,0,11,0,0,90,0,90,0,0,101,0,101,126,0,126,227
09/12/2011,EMT,CA,AWP,WE,Towers with Radar,0,3,5,0,8,0,3,88,0,91,0,6,93,0,99,96,0,96,195
09/13/2011,EMT,CA,AWP,WE,Towers with Radar,0,1,6,0,7,0,2,82,1,85,0,3,88,1,92,152,0,152,244
09/14/2011,EMT,CA,AWP,WE,Towers with Radar,0,1,8,0,9,0,1,54,0,55,0,2,62,0,64,108,0,108,172
09/15/2011,EMT,CA,AWP,WE,Towers with Radar,0,1,10,0,11,0,2,81,0,83,0,3,91,0,94,106,0,106,200
09/16/2011,EMT,CA,AWP,WE,Towers with Radar,0,2,19,0,21,0,0,33,0,33,0,2,52,0,54,140,0,140,194
09/17/2011,EMT,CA,AWP,WE,Towers with Radar,0,0,15,0,15,0,0,49,0,49,0,0,64,0,64,106,0,106,170
09/18/2011,EMT,CA,AWP,WE,Towers with Radar,0,0,6,0,6,0,0,124,0,124,0,0,130,0,130,144,0,144,274
09/19/2011,EMT,CA,AWP,WE,Towers with Radar,0,4,9,0,13,0,2,94,0,96,0,6,103,0,109,136,0,136,245
09/20/2011,EMT,CA,AWP,WE,Towers with Radar,0,1,11,0,12,0,2,67,0,69,0,3,78,0,81,136,0,136,217
09/21/2011,EMT,CA,AWP,WE,Towers with Radar,0,1,14,0,15,0,2,80,0,82,0,3,94,0,97,80,0,80,177
09/22/2011,EMT,CA,AWP,WE,Towers with Radar,0,1,16,0,17,0,1,58,0,59,0,2,74,0,76,118,0,118,194
09/23/2011,EMT,CA,AWP,WE,Towers with Radar,0,2,14,0,16,0,0,104,0,104,0,2,118,0,120,144,0,144,264
09/24/2011,EMT,CA,AWP,WE,Towers with Radar,0,0,6,0,6,0,0,44,0,44,0,0,50,0,50,90,0,90,140
09/25/2011,EMT,CA,AWP,WE,Towers with Radar,0,0,13,0,13,0,0,40,0,40,0,0,53,0,53,180,0,180,233
09/26/2011,EMT,CA,AWP,WE,Towers with Radar,0,4,7,0,11,0,0,20,0,20,0,4,27,0,31,38,0,38,69
09/27/2011,EMT,CA,AWP,WE,Towers with Radar,0,2,10,0,12,0,0,75,0,75,0,2,85,0,87,151,0,151,238
09/28/2011,EMT,CA,AWP,WE,Towers with Radar,0,2,15,0,17,0,0,55,2,57,0,2,70,2,74,92,0,92,166
09/29/2011,EMT,CA,AWP,WE,Towers with Radar,0,1,15,0,16,0,0,90,0,90,0,1,105,0,106,128,0,128,234
09/30/2011,EMT,CA,AWP,WE,Towers with Radar,0,2,10,0,12,0,0,85,0,85,0,2,95,0,97,108,0,108,205
10/01/2011,EMT,CA,AWP,WE,Towers with Radar,0,0,13,0,13,0,0,113,0,113,0,0,126,0,126,108,0,108,234
10/02/2011,EMT,CA,AWP,WE,Towers with Radar,0,0,8,0,8,0,0,115,0,115,0,0,123,0,123,230,0,230,353
10/03/2011,EMT,CA,AWP,WE,Towers with Radar,0,2,8,0,10,0,2,94,0,96,0,4,102,0,106,93,0,93,199
10/04/2011,EMT,CA,AWP,WE,Towers with Radar,0,5,8,0,13,0,1,46,0,47,0,6,54,0,60,234,0,234,294
10/05/2011,EMT,CA,AWP,WE,Towers with Radar,0,1,3,0,4,0,2,1,0,3,0,3,4,0,7,0,0,0,7
10/06/2011,EMT,CA,AWP,WE,Towers with Radar,0,4,14,0,18,0,3,89,0,92,0,7,103,0,110,214,0,214,324
10/07/2011,EMT,CA,AWP,WE,Towers with Radar,0,2,15,0,17,0,0,122,0,122,0,2,137,0,139,230,0,230,369
10/08/2011,EMT,CA,AWP,WE,Towers with Radar,0,0,10,0,10,0,1,179,0,180,0,1,189,0,190,132,0,132,322
10/09/2011,EMT,CA,AWP,WE,Towers with Radar,0,0,11,0,11,0,0,192,0,192,0,0,203,0,203,132,0,132,335
10/10/2011,EMT,CA,AWP,WE,Towers with Radar,0,3,8,0,11,0,2,81,0,83,0,5,89,0,94,96,0,96,190
10/11/2011,EMT,CA,AWP,WE,Towers with Radar,0,4,14,0,18,0,1,80,0,81,0,5,94,0,99,118,0,118,217
10/12/2011,EMT,CA,AWP,WE,Towers with Radar,0,2,11,0,13,0,4,120,0,124,0,6,131,0,137,128,0,128,265
10/13/2011,EMT,CA,AWP,WE,Towers with Radar,0,2,9,0,11,0,0,101,0,101,0,2,110,0,112,92,0,92,204
10/14/2011,EMT,CA,AWP,WE,Towers with Radar,0,2,12,0,14,0,0,91,0,91,0,2,103,0,105,88,0,88,193
10/15/2011,EMT,CA,AWP,WE,Towers with Radar,0,0,15,0,15,0,0,119,0,119,0,0,134,0,134,178,0,178,312
10/16/2011,EMT,CA,AWP,WE,Towers with Radar,0,1,11,0,12,0,0,107,0,107,0,1,118,0,119,192,0,192,311
10/17/2011,EMT,CA,AWP,WE,Towers with Radar,0,2,4,0,6,0,2,90,0,92,0,4,94,0,98,120,0,120,218
10/18/2011,EMT,CA,AWP,WE,Towers with Radar,0,1,8,0,9,0,0,60,0,60,0,1,68,0,69,136,0,136,205
10/19/2011,EMT,CA,AWP,WE,Towers with Radar,0,1,8,0,9,0,1,44,0,45,0,2,52,0,54,88,0,88,142
10/20/2011,EMT,CA,AWP,WE,Towers with Radar,0,1,14,0,15,0,2,51,0,53,0,3,65,0,68,156,0,156,224
10/21/2011,EMT,CA,AWP,WE,Towers with Radar,0,2,32,0,34,0,0,50,0,50,0,2,82,0,84,122,0,122,206
10/22/2011,EMT,CA,AWP,WE,Towers with Radar,0,0,20,0,20,0,0,153,0,153,0,0,173,0,173,114,0,114,287
10/23/2011,EMT,CA,AWP,WE,Towers with Radar,0,0,20,0,20,0,0,121,0,121,0,0,141,0,141,168,0,168,309
10/24/2011,EMT,CA,AWP,WE,Towers with Radar,0,1,25,0,26,0,1,10,0,11,0,2,35,0,37,0,0,0,37
10/25/2011,EMT,CA,AWP,WE,Towers with Radar,0,6,10,0,16,0,0,21,0,21,0,6,31,0,37,146,0,146,183
10/26/2011,EMT,CA,AWP,WE,Towers with Radar,0,1,9,0,10,0,1,107,0,108,0,2,116,0,118,116,0,116,234
10/27/2011,EMT,CA,AWP,WE,Towers with Radar,0,1,6,0,7,0,3,89,0,92,0,4,95,0,99,162,0,162,261
10/28/2011,EMT,CA,AWP,WE,Towers with Radar,0,2,12,0,14,0,0,143,0,143,0,2,155,0,157,122,0,122,279
10/29/2011,EMT,CA,AWP,WE,Towers with Radar,0,0,17,0,17,0,0,162,0,162,0,0,179,0,179,112,0,112,291
10/30/2011,EMT,CA,AWP,WE,Towers with Radar,0,0,10,0,10,0,0,145,0,145,0,0,155,0,155,140,0,140,295
10/31/2011,EMT,CA,AWP,WE,Towers with Radar,0,3,7,0,10,0,2,80,0,82,0,5,87,0,92,88,0,88,180
11/01/2011,EMT,CA,AWP,WE,Towers with Radar,0,2,14,0,16,0,2,54,0,56,0,4,68,0,72,128,0,128,200
11/02/2011,EMT,CA,AWP,WE,Towers with Radar,0,1,4,0,5,0,0,58,0,58,0,1,62,0,63,175,0,175,238
11/03/2011,EMT,CA,AWP,WE,Towers with Radar,0,4,15,0,19,0,0,130,0,130,0,4,145,0,149,142,0,142,291
11/04/2011,EMT,CA,AWP,WE,Towers with Radar,0,2,11,0,13,0,0,16,0,16,0,2,27,0,29,132,0,132,161
11/05/2011,EMT,CA,AWP,WE,Towers with Radar,0,0,5,0,5,0,0,166,0,166,0,0,171,0,171,140,0,140,311
11/06/2011,EMT,CA,AWP,WE,Towers with Radar,0,0,2,0,2,0,0,18,0,18,0,0,20,0,20,56,0,56,76
11/07/2011,EMT,CA,AWP,WE,Towers with Radar,0,2,8,0,10,0,1,76,0,77,0,3,84,0,87,78,0,78,165
11/08/2011,EMT,CA,AWP,WE,Towers with Radar,0,3,8,0,11,0,0,132,0,132,0,3,140,0,143,134,0,134,277
11/09/2011,EMT,CA,AWP,WE,Towers with Radar,0,1,3,0,4,0,4,120,0,124,0,5,123,0,128,167,0,167,295
11/10/2011,EMT,CA,AWP,WE,Towers with Radar,0,1,19,0,20,0,2,122,0,124,0,3,141,0,144,134,0,134,278
11/11/2011,EMT,CA,AWP,WE,Towers with Radar,0,0,6,2,8,0,0,89,2,91,0,0,95,4,99,78,0,78,177
11/12/2011,EMT,CA,AWP,WE,Towers with Radar,0,0,3,0,3,0,0,44,0,44,0,0,47,0,47,42,0,42,89
11/13/2011,EMT,CA,AWP,WE,Towers with Radar,0,0,7,0,7,0,0,151,0,151,0,0,158,0,158,162,0,162,320
11/14/2011,EMT,CA,AWP,WE,Towers with Radar,0,5,8,0,13,0,0,69,0,69,0,5,77,0,82,150,0,150,232
11/15/2011,EMT,CA,AWP,WE,Towers with Radar,0,1,10,0,11,0,4,83,0,87,0,5,93,0,98,164,0,164,262
11/16/2011,EMT,CA,AWP,WE,Towers with Radar,0,1,22,0,23,0,2,63,0,65,0,3,85,0,88,120,0,120,208
11/17/2011,EMT,CA,AWP,WE,Towers with Radar,0,1,12,0,13,0,3,104,0,107,0,4,116,0,120,90,0,90,210
11/18/2011,EMT,CA,AWP,WE,Towers with Radar,0,2,30,0,32,0,0,13,0,13,0,2,43,0,45,25,0,25,70
11/19/2011,EMT,CA,AWP,WE,Towers with Radar,0,0,22,0,22,0,0,71,0,71,0,0,93,0,93,98,0,98,191
11/20/2011,EMT,CA,AWP,WE,Towers with Radar,0,0,3,0,3,0,0,16,0,16,0,0,19,0,19,48,0,48,67
11/21/2011,EMT,CA,AWP,WE,Towers with Radar,0,3,6,0,9,0,1,72,0,73,0,4,78,0,82,151,0,151,233
11/22/2011,EMT,CA,AWP,WE,Towers with Radar,0,1,11,0,12,0,2,116,1,119,0,3,127,1,131,130,0,130,261
11/23/2011,EMT,CA,AWP,WE,Towers with Radar,0,2,12,0,14,0,0,97,0,97,0,2,109,0,111,104,0,104,215
11/24/2011,EMT,CA,AWP,WE,Towers with Radar,0,0,3,0,3,0,0,21,0,21,0,0,24,0,24,38,0,38,62
11/25/2011,EMT,CA,AWP,WE,Towers with Radar,0,2,13,0,15,0,0,94,0,94,0,2,107,0,109,62,0,62,171
11/26/2011,EMT,CA,AWP,WE,Towers with Radar,0,0,4,0,4,0,0,111,0,111,0,0,115,0,115,80,0,80,195
11/27/2011,EMT,CA,AWP,WE,Towers with Radar,0,0,8,0,8,0,1,143,0,144,0,1,151,0,152,168,0,168,320
11/28/2011,EMT,CA,AWP,WE,Towers with Radar,0,3,4,0,7,0,2,111,0,113,0,5,115,0,120,158,0,158,278
11/29/2011,EMT,CA,AWP,WE,Towers with Radar,0,1,10,0,11,0,1,104,0,105,0,2,114,0,116,146,0,146,262
11/30/2011,EMT,CA,AWP,WE,Towers with Radar,0,1,6,0,7,0,2,85,0,87,0,3,91,0,94,124,0,124,218
12/01/2011,EMT,CA,AWP,WE,Towers with Radar,0,0,2,0,2,0,1,2,0,3,0,1,4,0,5,0,0,0,5
12/02/2011,EMT,CA,AWP,WE,Towers with Radar,0,4,5,0,9,0,0,18,0,18,0,4,23,0,27,0,0,0,27
12/03/2011,EMT,CA,AWP,WE,Towers with Radar,0,0,4,0,4,0,0,46,0,46,0,0,50,0,50,60,0,60,110
12/04/2011,EMT,CA,AWP,WE,Towers with Radar,0,0,6,0,6,0,0,101,0,101,0,0,107,0,107,90,0,90,197
12/05/2011,EMT,CA,AWP,WE,Towers with Radar,0,2,4,0,6,0,1,61,0,62,0,3,65,0,68,41,0,41,109
12/06/2011,EMT,CA,AWP,WE,Towers with Radar,0,1,6,0,7,0,2,106,0,108,0,3,112,0,115,124,0,124,239
12/07/2011,EMT,CA,AWP,WE,Towers with Radar,0,1,10,0,11,0,3,92,0,95,0,4,102,0,106,160,0,160,266
12/08/2011,EMT,CA,AWP,WE,Towers with Radar,0,1,3,0,4,0,2,110,0,112,0,3,113,0,116,120,0,120,236
12/09/2011,EMT,CA,AWP,WE,Towers with Radar,0,4,5,0,9,0,0,133,0,133,0,4,138,0,142,130,0,130,272
12/10/2011,EMT,CA,AWP,WE,Towers with Radar,0,0,7,0,7,0,0,123,0,123,0,0,130,0,130,108,0,108,238
12/11/2011,EMT,CA,AWP,WE,Towers with Radar,0,0,14,0,14,0,0,79,0,79,0,0,93,0,93,144,0,144,237
12/12/2011,EMT,CA,AWP,WE,Towers with Radar,0,4,0,0,4,0,0,2,0,2,0,4,2,0,6,0,0,0,6
12/13/2011,EMT,CA,AWP,WE,Towers with Radar,0,1,1,0,2,0,2,75,0,77,0,3,76,0,79,80,0,80,159
12/14/2011,EMT,CA,AWP,WE,Towers with Radar,0,2,5,0,7,0,1,110,0,111,0,3,115,0,118,101,0,101,219
12/15/2011,EMT,CA,AWP,WE,Towers with Radar,0,1,1,0,2,0,0,81,0,81,0,1,82,0,83,54,0,54,137
12/16/2011,EMT,CA,AWP,WE,Towers with Radar,0,0,3,0,3,0,0,59,0,59,0,0,62,0,62,126,0,126,188
12/17/2011,EMT,CA,AWP,WE,Towers with Radar,0,0,7,0,7,0,0,72,0,72,0,0,79,0,79,92,0,92,171
12/18/2011,EMT,CA,AWP,WE,Towers with Radar,0,0,20,0,20,0,1,114,0,115,0,1,134,0,135,100,0,100,235
12/19/2011,EMT,CA,AWP,WE,Towers with Radar,0,3,13,0,16,0,0,53,0,53,0,3,66,0,69,168,0,168,237
12/20/2011,EMT,CA,AWP,WE,Towers with Radar,0,1,13,0,14,0,0,126,1,127,0,1,139,1,141,172,0,172,313
12/21/2011,EMT,CA,AWP,WE,Towers with Radar,0,1,19,0,20,0,1,93,0,94,0,2,112,0,114,156,0,156,270
12/22/2011,EMT,CA,AWP,WE,Towers with Radar,0,0,1,0,1,0,5,34,0,39,0,5,35,0,40,106,0,106,146
12/23/2011,EMT,CA,AWP,WE,Towers with Radar,0,2,6,0,8,0,0,78,0,78,0,2,84,0,86,76,0,76,162
12/24/2011,EMT,CA,AWP,WE,Towers with Radar,0,0,7,0,7,0,0,113,0,113,0,0,120,0,120,84,0,84,204
12/25/2011,EMT,CA,AWP,WE,Towers with Radar,0,0,1,0,1,0,0,51,0,51,0,0,52,0,52,88,0,88,140
12/26/2011,EMT,CA,AWP,WE,Towers with Radar,0,0,10,0,10,0,0,132,0,132,0,0,142,0,142,120,0,120,262
12/27/2011,EMT,CA,AWP,WE,Towers with Radar,0,3,7,0,10,0,1,115,0,116,0,4,122,0,126,117,0,117,243
12/28/2011,EMT,CA,AWP,WE,Towers with Radar,0,1,5,0,6,0,3,118,0,121,0,4,123,0,127,208,0,208,335
12/29/2011,EMT,CA,AWP,WE,Towers with Radar,0,0,7,0,7,0,2,113,0,115,0,2,120,0,122,110,0,110,232
12/30/2011,EMT,CA,AWP,WE,Towers with Radar,0,1,21,0,22,0,1,90,0,91,0,2,111,0,113,92,0,92,205
12/31/2011,EMT,CA,AWP,WE,Towers with Radar,0,0,14,0,14,0,0,141,0,141,0,0,155,0,155,92,0,92,247
01/01/2012,EMT,CA,AWP,WE,Towers with Radar,0,0,8,0,8,0,0,79,0,79,0,0,87,0,87,22,0,22,109
01/02/2012,EMT,CA,AWP,WE,Towers with Radar,0,0,8,0,8,0,0,66,0,66,0,0,74,0,74,60,0,60,134
01/03/2012,EMT,CA,AWP,WE,Towers with Radar,0,3,11,0,14,0,2,78,0,80,0,5,89,0,94,96,0,96,190
01/04/2012,EMT,CA,AWP,WE,Towers with Radar,0,1,9,0,10,0,3,92,2,97,0,4,101,2,107,111,0,111,218
01/05/2012,EMT,CA,AWP,WE,Towers with Radar,0,2,10,0,12,0,2,107,0,109,0,4,117,0,121,150,0,150,271
01/06/2012,EMT,CA,AWP,WE,Towers with Radar,0,2,9,0,11,0,1,78,1,80,0,3,87,1,91,162,0,162,253
01/07/2012,EMT,CA,AWP,WE,Towers with Radar,0,0,16,0,16,0,0,60,0,60,0,0,76,0,76,62,0,62,138
01/08/2012,EMT,CA,AWP,WE,Towers with Radar,0,0,1,0,1,0,0,60,0,60,0,0,61,0,61,194,0,194,255
01/09/2012,EMT,CA,AWP,WE,Towers with Radar,0,3,8,0,11,0,1,95,0,96,0,4,103,0,107,114,0,114,221
01/10/2012,EMT,CA,AWP,WE,Towers with Radar,0,1,8,0,9,0,4,87,0,91,0,5,95,0,100,190,0,190,290
01/11/2012,EMT,CA,AWP,WE,Towers with Radar,0,1,12,0,13,0,3,106,0,109,0,4,118,0,122,154,0,154,276
01/12/2012,EMT,CA,AWP,WE,Towers with Radar,0,1,9,0,10,0,2,94,0,96,0,3,103,0,106,151,0,151,257
01/13/2012,EMT,CA,AWP,WE,Towers with Radar,0,2,5,0,7,0,1,85,0,86,0,3,90,0,93,200,0,200,293
01/14/2012,EMT,CA,AWP,WE,Towers with Radar,0,0,6,0,6,0,0,113,0,113,0,0,119,0,119,158,0,158,277
01/15/2012,EMT,CA,AWP,WE,Towers with Radar,0,0,15,0,15,0,0,101,0,101,0,0,116,0,116,86,0,86,202
01/16/2012,EMT,CA,AWP,WE,Towers with Radar,0,0,10,0,10,0,0,68,0,68,0,0,78,0,78,162,0,162,240
01/17/2012,EMT,CA,AWP,WE,Towers with Radar,0,4,10,0,14,0,3,72,0,75,0,7,82,0,89,132,0,132,221
01/18/2012,EMT,CA,AWP,WE,Towers with Radar,0,4,7,0,11,0,1,104,2,107,0,5,111,2,118,182,0,182,300
01/19/2012,EMT,CA,AWP,WE,Towers with Radar,0,1,7,0,8,0,2,86,0,88,0,3,93,0,96,137,0,137,233
01/20/2012,EMT,CA,AWP,WE,Towers with Radar,0,2,7,0,9,0,0,75,0,75,0,2,82,0,84,162,0,162,246
01/21/2012,EMT,CA,AWP,WE,Towers with Radar,0,0,5,0,5,0,0,20,0,20,0,0,25,0,25,78,0,78,103
01/22/2012,EMT,CA,AWP,WE,Towers with Radar,0,0,9,0,9,0,0,102,0,102,0,0,111,0,111,96,0,96,207
01/23/2012,EMT,CA,AWP,WE,Towers with Radar,0,3,8,0,11,0,1,8,0,9,0,4,16,0,20,8,0,8,28
01/24/2012,EMT,CA,AWP,WE,Towers with Radar,0,1,2,0,3,0,3,71,0,74,0,4,73,0,77,104,0,104,181
01/25/2012,EMT,CA,AWP,WE,Towers with Radar,0,1,15,0,16,0,2,106,0,108,0,3,121,0,124,154,0,154,278
01/26/2012,EMT,CA,AWP,WE,Towers with Radar,0,1,8,0,9,0,2,78,0,80,0,3,86,0,89,122,0,122,211
01/27/2012,EMT,CA,AWP,WE,Towers with Radar,0,2,9,0,11,0,1,54,0,55,0,3,63,0,66,152,0,152,218
01/28/2012,EMT,CA,AWP,WE,Towers with Radar,0,0,6,0,6,0,0,127,0,127,0,0,133,0,133,102,0,102,235
01/29/2012,EMT,CA,AWP,WE,Towers with Radar,0,0,9,0,9,0,0,144,0,144,0,0,153,0,153,138,0,138,291
01/30/2012,EMT,CA,AWP,WE,Towers with Radar,0,4,5,0,9,0,2,73,0,75,0,6,78,0,84,105,0,105,189
01/31/2012,EMT,CA,AWP,WE,Towers with Radar,0,1,3,0,4,0,1,87,0,88,0,2,90,0,92,70,0,70,162
02/01/2012,EMT,CA,AWP,WE,Towers with Radar,0,1,5,0,6,0,0,89,0,89,0,1,94,0,95,133,0,133,228
02/02/2012,EMT,CA,AWP,WE,Towers with Radar,0,2,7,0,9,0,1,89,0,90,0,3,96,0,99,131,0,131,230
02/03/2012,EMT,CA,AWP,WE,Towers with Radar,0,2,8,0,10,0,0,101,0,101,0,2,109,0,111,126,0,126,237
02/04/2012,EMT,CA,AWP,WE,Towers with Radar,0,0,10,0,10,0,0,140,0,140,0,0,150,0,150,136,0,136,286
02/05/2012,EMT,CA,AWP,WE,Towers with Radar,0,4,9,0,13,0,0,91,0,91,0,4,100,0,104,86,0,86,190
02/06/2012,EMT,CA,AWP,WE,Towers with Radar,0,3,3,0,6,0,2,85,0,87,0,5,88,0,93,100,0,100,193
02/07/2012,EMT,CA,AWP,WE,Towers with Radar,0,2,4,0,6,0,0,29,0,29,0,2,33,0,35,34,0,34,69
02/08/2012,EMT,CA,AWP,WE,Towers with Radar,0,1,5,0,6,0,0,78,1,79,0,1,83,1,85,146,0,146,231
02/09/2012,EMT,CA,AWP,WE,Towers with Radar,0,3,10,0,13,0,2,123,0,125,0,5,133,0,138,88,0,88,226
02/10/2012,EMT,CA,AWP,WE,Towers with Radar,0,2,10,0,12,0,0,132,0,132,0,2,142,0,144,202,0,202,346
02/11/2012,EMT,CA,AWP,WE,Towers with Radar,0,0,20,0,20,0,0,49,0,49,0,0,69,0,69,36,0,36,105
02/12/2012,EMT,CA,AWP,WE,Towers with Radar,0,0,18,0,18,0,0,71,0,71,0,0,89,0,89,130,0,130,219
02/13/2012,EMT,CA,AWP,WE,Towers with Radar,0,3,2,0,5,0,2,17,0,19,0,5,19,0,24,76,0,76,100
02/14/2012,EMT,CA,AWP,WE,Towers with Radar,0,2,5,0,7,0,2,81,0,83,0,4,86,0,90,74,0,74,164
02/15/2012,EMT,CA,AWP,WE,Towers with Radar,0,3,6,0,9,0,0,4,0,4,0,3,10,0,13,0,0,0,13
02/16/2012,EMT,CA,AWP,WE,Towers with Radar,0,2,4,0,6,0,1,7,0,8,0,3,11,0,14,31,0,31,45
02/17/2012,EMT,CA,AWP,WE,Towers with Radar,0,2,7,0,9,0,0,119,0,119,0,2,126,0,128,42,0,42,170
02/18/2012,EMT,CA,AWP,WE,Towers with Radar,0,0,6,0,6,0,0,121,0,121,0,0,127,0,127,133,0,133,260
02/19/2012,EMT,CA,AWP,WE,Towers with Radar,0,0,8,0,8,0,0,79,0,79,0,0,87,0,87,86,0,86,173
02/20/2012,EMT,CA,AWP,WE,Towers with Radar,0,4,18,0,22,0,1,80,0,81,0,5,98,0,103,129,0,129,232
02/21/2012,EMT,CA,AWP,WE,Towers with Radar,0,1,6,0,7,0,3,91,2,96,0,4,97,2,103,64,0,64,167
02/22/2012,EMT,CA,AWP,WE,Towers with Radar,0,1,15,0,16,0,2,95,0,97,0,3,110,0,113,70,0,70,183
02/23/2012,EMT,CA,AWP,WE,Towers with Radar,0,2,7,0,9,0,2,85,0,87,0,4,92,0,96,130,0,130,226
02/24/2012,EMT,CA,AWP,WE,Towers with Radar,0,2,9,0,11,0,0,107,0,107,0,2,116,0,118,115,0,115,233
02/25/2012,EMT,CA,AWP,WE,Towers with Radar,0,0,9,0,9,0,0,110,0,110,0,0,119,0,119,202,0,202,321
02/26/2012,EMT,CA,AWP,WE,Towers with Radar,0,0,17,0,17,0,0,97,0,97,0,0,114,0,114,84,0,84,198
02/27/2012,EMT,CA,AWP,WE,Towers with Radar,0,3,7,0,10,0,1,10,0,11,0,4,17,0,21,0,0,0,21
02/28/2012,EMT,CA,AWP,WE,Towers with Radar,0,2,7,1,10,0,2,79,1,82,0,4,86,2,92,186,0,186,278
02/29/2012,EMT,CA,AWP,WE,Towers with Radar,0,5,6,0,11,0,1,91,0,92,0,6,97,0,103,98,0,98,201
03/01/2012,EMT,CA,AWP,WE,Towers with Radar,0,2,7,0,9,0,3,63,0,66,0,5,70,0,75,56,0,56,131
03/02/2012,EMT,CA,AWP,WE,Towers with Radar,0,2,9,0,11,0,1,96,0,97,0,3,105,0,108,75,0,75,183
03/03/2012,EMT,CA,AWP,WE,Towers with Radar,0,0,8,0,8,0,0,144,0,144,0,0,152,0,152,112,0,112,264
03/04/2012,EMT,CA,AWP,WE,Towers with Radar,0,0,13,0,13,0,0,141,0,141,0,0,154,0,154,114,0,114,268
03/05/2012,EMT,CA,AWP,WE,Towers with Radar,0,3,6,0,9,0,1,68,0,69,0,4,74,0,78,58,0,58,136
03/06/2012,EMT,CA,AWP,WE,Towers with Radar,0,4,10,0,14,0,3,21,0,24,0,7,31,0,38,92,0,92,130
03/07/2012,EMT,CA,AWP,WE,Towers with Radar,0,1,2,0,3,0,3,66,0,69,0,4,68,0,72,80,0,80,152
03/08/2012,EMT,CA,AWP,WE,Towers with Radar,0,1,6,0,7,0,4,97,0,101,0,5,103,0,108,144,0,144,252
03/09/2012,EMT,CA,AWP,WE,Towers with Radar,0,2,8,0,10,0,2,95,0,97,0,4,103,0,107,90,0,90,197
03/10/2012,EMT,CA,AWP,WE,Towers with Radar,0,0,7,0,7,0,0,129,0,129,0,0,136,0,136,120,0,120,256
03/11/2012,EMT,CA,AWP,WE,Towers with Radar,0,0,8,0,8,0,0,82,0,82,0,0,90,0,90,76,0,76,166
03/12/2012,EMT,CA,AWP,WE,Towers with Radar,0,3,4,0,7,0,3,74,0,77,0,6,78,0,84,66,0,66,150
03/13/2012,EMT,CA,AWP,WE,Towers with Radar,0,2,3,0,5,0,2,52,0,54,0,4,55,0,59,84,0,84,143
03/14/2012,EMT,CA,AWP,WE,Towers with Radar,0,1,3,0,4,0,1,64,0,65,0,2,67,0,69,162,0,162,231
03/15/2012,EMT,CA,AWP,WE,Towers with Radar,0,1,5,0,6,0,1,64,0,65,0,2,69,0,71,138,0,138,209
03/16/2012,EMT,CA,AWP,WE,Towers with Radar,0,2,11,0,13,0,0,21,0,21,0,2,32,0,34,76,0,76,110
03/17/2012,EMT,CA,AWP,WE,Towers with Radar,0,0,4,0,4,0,0,4,0,4,0,0,8,0,8,6,0,6,14
03/18/2012,EMT,CA,AWP,WE,Towers with Radar,0,0,1,0,1,0,0,27,0,27,0,0,28,0,28,114,0,114,142
03/19/2012,EMT,CA,AWP,WE,Towers with Radar,0,4,3,0,7,0,1,147,0,148,0,5,150,0,155,196,0,196,351
03/20/2012,EMT,CA,AWP,WE,Towers with Radar,0,0,6,0,6,0,3,100,0,103,0,3,106,0,109,88,0,88,197
03/21/2012,EMT,CA,AWP,WE,Towers with Radar,0,1,7,0,8,0,3,101,1,105,0,4,108,1,113,110,0,110,223
03/22/2012,EMT,CA,AWP,WE,Towers with Radar,0,2,6,0,8,0,2,100,0,102,0,4,106,0,110,64,0,64,174
03/23/2012,EMT,CA,AWP,WE,Towers with Radar,0,2,6,0,8,0,0,77,0,77,0,2,83,0,85,112,0,112,197
03/24/2012,EMT,CA,AWP,WE,Towers with Radar,0,0,12,0,12,0,0,99,0,99,0,0,111,0,111,64,0,64,175
03/25/2012,EMT,CA,AWP,WE,Towers with Radar,0,0,0,0,0,0,0,10,0,10,0,0,10,0,10,22,0,22,32
03/26/2012,EMT,CA,AWP,WE,Towers with Radar,0,3,1,0,4,0,4,70,0,74,0,7,71,0,78,122,0,122,200
03/27/2012,EMT,CA,AWP,WE,Towers with Radar,0,2,7,0,9,0,1,121,1,123,0,3,128,1,132,135,0,135,267
03/28/2012,EMT,CA,AWP,WE,Towers with Radar,0,1,5,0,6,0,0,102,0,102,0,1,107,0,108,114,0,114,222
03/29/2012,EMT,CA,AWP,WE,Towers with Radar,0,1,7,0,8,0,3,40,0,43,0,4,47,0,51,96,0,96,147
03/30/2012,EMT,CA,AWP,WE,Towers with Radar,0,2,15,0,17,0,0,32,0,32,0,2,47,0,49,70,0,70,119
03/31/2012,EMT,CA,AWP,WE,Towers with Radar,0,0,23,0,23,0,0,14,0,14,0,0,37,0,37,90,0,90,127
04/01/2012,EMT,CA,AWP,WE,Towers with Radar,0,0,14,0,14,0,0,103,0,103,0,0,117,0,117,116,0,116,233
04/02/2012,EMT,CA,AWP,WE,Towers with Radar,0,1,2,0,3,0,3,58,0,61,0,4,60,0,64,104,0,104,168
04/03/2012,EMT,CA,AWP,WE,Towers with Radar,0,1,4,0,5,0,3,113,0,116,0,4,117,0,121,122,0,122,243
04/04/2012,EMT,CA,AWP,WE,Towers with Radar,0,2,10,0,12,0,1,113,0,114,0,3,123,0,126,156,0,156,282
04/05/2012,EMT,CA,AWP,WE,Towers with Radar,0,1,8,0,9,0,3,69,0,72,0,4,77,0,81,192,0,192,273
04/06/2012,EMT,CA,AWP,WE,Towers with Radar,0,2,6,0,8,0,0,137,0,137,0,2,143,0,145,152,0,152,297
04/07/2012,EMT,CA,AWP,WE,Towers with Radar,0,0,10,0,10,0,0,158,0,158,0,0,168,0,168,104,0,104,272
04/08/2012,EMT,CA,AWP,WE,Towers with Radar,0,0,1,0,1,0,0,104,0,104,0,0,105,0,105,158,0,158,263
04/09/2012,EMT,CA,AWP,WE,Towers with Radar,0,2,4,0,6,0,3,99,0,102,0,5,103,0,108,121,0,121,229
04/10/2012,EMT,CA,AWP,WE,Towers with Radar,0,1,9,0,10,0,0,89,2,91,0,1,98,2,101,184,0,184,285
04/11/2012,EMT,CA,AWP,WE,Towers with Radar,0,1,11,0,12,0,2,17,0,19,0,3,28,0,31,44,0,44,75
04/12/2012,EMT,CA,AWP,WE,Towers with Radar,0,2,4,0,6,0,3,61,0,64,0,5,65,0,70,102,0,102,172
04/13/2012,EMT,CA,AWP,WE,Towers with Radar,0,2,3,0,5,0,0,0,0,0,0,2,3,0,5,0,0,0,5
04/14/2012,EMT,CA,AWP,WE,Towers with Radar,0,0,9,0,9,0,0,112,2,114,0,0,121,2,123,121,0,121,244
04/15/2012,EMT,CA,AWP,WE,Towers with Radar,0,0,6,0,6,0,0,179,0,179,0,0,185,0,185,160,0,160,345
04/16/2012,EMT,CA,AWP,WE,Towers with Radar,0,4,7,0,11,0,2,95,0,97,0,6,102,0,108,73,0,73,181
04/17/2012,EMT,CA,AWP,WE,Towers with Radar,0,2,10,0,12,0,2,91,0,93,0,4,101,0,105,184,0,184,289
04/18/2012,EMT,CA,AWP,WE,Towers with Radar,0,2,7,0,9,0,1,73,1,75,0,3,80,1,84,146,0,146,230
04/19/2012,EMT,CA,AWP,WE,Towers with Radar,0,1,8,0,9,0,2,58,0,60,0,3,66,0,69,138,0,138,207
04/20/2012,EMT,CA,AWP,WE,Towers with Radar,0,2,11,0,13,0,0,104,0,104,0,2,115,0,117,118,0,118,235
04/21/2012,EMT,CA,AWP,WE,Towers with Radar,0,0,15,0,15,0,0,117,0,117,0,0,132,0,132,52,0,52,184
04/22/2012,EMT,CA,AWP,WE,Towers with Radar,0,0,8,0,8,0,0,88,0,88,0,0,96,0,96,86,0,86,182
04/23/2012,EMT,CA,AWP,WE,Towers with Radar,0,3,10,0,13,0,2,19,0,21,0,5,29,0,34,0,0,0,34
04/24/2012,EMT,CA,AWP,WE,Towers with Radar,0,1,8,0,9,0,2,89,2,93,0,3,97,2,102,119,0,119,221
04/25/2012,EMT,CA,AWP,WE,Towers with Radar,0,1,5,0,6,0,0,45,0,45,0,1,50,0,51,126,0,126,177
04/26/2012,EMT,CA,AWP,WE,Towers with Radar,0,1,17,0,18,0,1,9,0,10,0,2,26,0,28,77,0,77,105
04/27/2012,EMT,CA,AWP,WE,Towers with Radar,0,2,19,0,21,0,0,95,2,97,0,2,114,2,118,158,0,158,276
04/28/2012,EMT,CA,AWP,WE,Towers with Radar,0,0,6,0,6,0,0,124,0,124,0,0,130,0,130,117,0,117,247
04/29/2012,EMT,CA,AWP,WE,Towers with Radar,0,0,10,0,10,0,0,132,0,132,0,0,142,0,142,138,0,138,280
04/30/2012,EMT,CA,AWP,WE,Towers with Radar,0,4,6,0,10,0,0,47,0,47,0,4,53,0,57,82,0,82,139
05/01/2012,EMT,CA,AWP,WE,Towers with Radar,0,2,12,0,14,0,0,16,0,16,0,2,28,0,30,104,0,104,134
05/02/2012,EMT,CA,AWP,WE,Towers with Radar,0,2,18,0,20,0,1,25,0,26,0,3,43,0,46,146,0,146,192
05/03/2012,EMT,CA,AWP,WE,Towers with Radar,0,2,13,0,15,0,0,62,0,62,0,2,75,0,77,144,0,144,221
05/04/2012,EMT,CA,AWP,WE,Towers with Radar,0,2,9,0,11,0,0,85,0,85,0,2,94,0,96,112,0,112,208
05/05/2012,EMT,CA,AWP,WE,Towers with Radar,0,0,8,0,8,0,0,108,0,108,0,0,116,0,116,94,0,94,210
05/06/2012,EMT,CA,AWP,WE,Towers with Radar,0,0,12,0,12,0,0,90,0,90,0,0,102,0,102,58,0,58,160
05/07/2012,EMT,CA,AWP,WE,Towers with Radar,0,4,8,0,12,0,2,89,0,91,0,6,97,0,103,70,0,70,173
05/08/2012,EMT,CA,AWP,WE,Towers with Radar,0,3,1,0,4,0,3,102,0,105,0,6,103,0,109,86,0,86,195
05/09/2012,EMT,CA,AWP,WE,Towers with Radar,0,1,4,0,5,0,5,89,0,94,0,6,93,0,99,142,0,142,241
05/10/2012,EMT,CA,AWP,WE,Towers with Radar,0,2,11,0,13,0,1,74,0,75,0,3,85,0,88,121,0,121,209
05/11/2012,EMT,CA,AWP,WE,Towers with Radar,0,5,19,2,26,0,0,89,0,89,0,5,108,2,115,94,0,94,209
05/12/2012,EMT,CA,AWP,WE,Towers with Radar,0,0,13,0,13,0,0,130,0,130,0,0,143,0,143,95,0,95,238
05/13/2012,EMT,CA,AWP,WE,Towers with Radar,0,1,12,0,13,0,0,96,0,96,0,1,108,0,109,104,0,104,213
05/14/2012,EMT,CA,AWP,WE,Towers with Radar,0,1,9,0,10,0,3,106,0,109,0,4,115,0,119,108,4,112,231
05/15/2012,EMT,CA,AWP,WE,Towers with Radar,0,1,13,0,14,0,3,114,0,117,0,4,127,0,131,80,0,80,211
05/16/2012,EMT,CA,AWP,WE,Towers with Radar,0,1,8,0,9,0,2,112,0,114,0,3,120,0,123,114,0,114,237
05/17/2012,EMT,CA,AWP,WE,Towers with Radar,0,2,7,0,9,0,1,101,0,102,0,3,108,0,111,111,0,111,222
05/18/2012,EMT,CA,AWP,WE,Towers with Radar,1,2,18,0,21,0,0,76,0,76,1,2,94,0,97,118,0,118,215
05/19/2012,EMT,CA,AWP,WE,Towers with Radar,0,0,10,0,10,0,1,153,0,154,0,1,163,0,164,151,0,151,315
05/20/2012,EMT,CA,AWP,WE,Towers with Radar,0,0,3,0,3,0,0,140,0,140,0,0,143,0,143,174,0,174,317
05/21/2012,EMT,CA,AWP,WE,Towers with Radar,0,3,12,0,15,0,0,73,0,73,0,3,85,0,88,158,0,158,246
05/22/2012,EMT,CA,AWP,WE,Towers with Radar,0,1,8,0,9,0,2,87,0,89,0,3,95,0,98,82,0,82,180
05/23/2012,EMT,CA,AWP,WE,Towers with Radar,0,1,4,0,5,0,3,71,0,74,0,4,75,0,79,66,0,66,145
05/24/2012,EMT,CA,AWP,WE,Towers with Radar,0,2,10,0,12,0,0,56,0,56,0,2,66,0,68,88,0,88,156
05/25/2012,EMT,CA,AWP,WE,Towers with Radar,0,2,2,0,4,0,2,32,0,34,0,4,34,0,38,66,0,66,104
05/26/2012,EMT,CA,AWP,WE,Towers with Radar,0,0,6,0,6,0,1,103,2,106,0,1,109,2,112,223,0,223,335
05/27/2012,EMT,CA,AWP,WE,Towers with Radar,0,0,10,0,10,0,0,148,0,148,0,0,158,0,158,90,0,90,248
05/28/2012,EMT,CA,AWP,WE,Towers with Radar,0,0,4,0,4,0,0,115,0,115,0,0,119,0,119,78,0,78,197
05/29/2012,EMT,CA,AWP,WE,Towers with Radar,0,2,8,0,10,0,5,96,0,101,0,7,104,0,111,138,0,138,249
05/30/2012,EMT,CA,AWP,WE,Towers with Radar,0,0,2,0,2,0,1,97,0,98,0,1,99,0,100,70,0,70,170
05/31/2012,EMT,CA,AWP,WE,Towers with Radar,0,2,10,0,12,0,0,82,0,82,0,2,92,0,94,100,0,100,194
06/01/2012,EMT,CA,AWP,WE,Towers with Radar,0,2,2,0,4,0,0,88,0,88,0,2,90,0,92,94,0,94,186
06/02/2012,EMT,CA,AWP,WE,Towers with Radar,0,0,6,0,6,0,0,95,0,95,0,0,101,0,101,120,0,120,221
06/03/2012,EMT,CA,AWP,WE,Towers with Radar,0,0,12,0,12,0,1,99,0,100,0,1,111,0,112,144,0,144,256
06/04/2012,EMT,CA,AWP,WE,Towers with Radar,0,3,6,0,9,0,0,46,0,46,0,3,52,0,55,86,0,86,141
06/05/2012,EMT,CA,AWP,WE,Towers with Radar,0,1,6,0,7,0,1,83,0,84,0,2,89,0,91,96,0,96,187
06/06/2012,EMT,CA,AWP,WE,Towers with Radar,0,3,5,3,11,0,1,64,0,65,0,4,69,3,76,74,0,74,150
06/07/2012,EMT,CA,AWP,WE,Towers with Radar,0,1,16,3,20,0,3,86,1,90,0,4,102,4,110,80,0,80,190
06/08/2012,EMT,CA,AWP,WE,Towers with Radar,0,2,10,0,12,0,3,150,0,153,0,5,160,0,165,187,2,189,354
06/09/2012,EMT,CA,AWP,WE,Towers with Radar,0,0,6,0,6,0,0,123,0,123,0,0,129,0,129,75,0,75,204
06/10/2012,EMT,CA,AWP,WE,Towers with Radar,0,0,8,0,8,0,1,88,0,89,0,1,96,0,97,70,0,70,167
06/11/2012,EMT,CA,AWP,WE,Towers with Radar,0,3,8,0,11,0,0,79,0,79,0,3,87,0,90,99,0,99,189
06/12/2012,EMT,CA,AWP,WE,Towers with Radar,0,1,8,0,9,0,4,105,0,109,0,5,113,0,118,58,0,58,176
06/13/2012,EMT,CA,AWP,WE,Towers with Radar,0,1,8,0,9,0,2,77,1,80,0,3,85,1,89,100,0,100,189
06/14/2012,EMT,CA,AWP,WE,Towers with Radar,0,2,17,0,19,0,1,102,0,103,0,3,119,0,122,106,0,106,228
06/15/2012,EMT,CA,AWP,WE,Towers with Radar,0,2,20,0,22,0,1,92,0,93,0,3,112,0,115,116,0,116,231
06/16/2012,EMT,CA,AWP,WE,Towers with Radar,0,0,10,0,10,0,0,146,0,146,0,0,156,0,156,110,0,110,266
06/17/2012,EMT,CA,AWP,WE,Towers with Radar,0,0,14,0,14,0,0,123,0,123,0,0,137,0,137,76,0,76,213
06/18/2012,EMT,CA,AWP,WE,Towers with Radar,0,5,10,0,15,0,0,79,0,79,0,5,89,0,94,80,0,80,174
06/19/2012,EMT,CA,AWP,WE,Towers with Radar,0,1,10,0,11,0,0,85,0,85,0,1,95,0,96,76,0,76,172
06/20/2012,EMT,CA,AWP,WE,Towers with Radar,0,1,8,0,9,0,1,101,0,102,0,2,109,0,111,94,0,94,205
06/21/2012,EMT,CA,AWP,WE,Towers with Radar,0,1,12,0,13,0,0,107,0,107,0,1,119,0,120,147,0,147,267
06/22/2012,EMT,CA,AWP,WE,Towers with Radar,0,2,9,0,11,0,0,80,0,80,0,2,89,0,91,94,0,94,185
06/23/2012,EMT,CA,AWP,WE,Towers with Radar,0,0,7,0,7,0,0,134,0,134,0,0,141,0,141,100,0,100,241
06/24/2012,EMT,CA,AWP,WE,Towers with Radar,0,0,5,0,5,0,1,148,0,149,0,1,153,0,154,66,0,66,220
06/25/2012,EMT,CA,AWP,WE,Towers with Radar,0,3,2,0,5,0,2,111,0,113,0,5,113,0,118,98,0,98,216
06/26/2012,EMT,CA,AWP,WE,Towers with Radar,1,0,14,1,16,1,3,135,2,141,2,3,149,3,157,144,0,144,301
06/27/2012,EMT,CA,AWP,WE,Towers with Radar,0,1,9,0,10,0,2,105,0,107,0,3,114,0,117,126,0,126,243
06/28/2012,EMT,CA,AWP,WE,Towers with Radar,1,1,12,0,14,0,2,101,0,103,1,3,113,0,117,118,0,118,235
06/29/2012,EMT,CA,AWP,WE,Towers with Radar,0,1,11,0,12,0,1,121,0,122,0,2,132,0,134,94,0,94,228
06/30/2012,EMT,CA,AWP,WE,Towers with Radar,0,0,15,0,15,0,0,120,0,120,0,0,135,0,135,101,0,101,236
07/01/2012,EMT,CA,AWP,WE,Towers with Radar,1,0,6,0,7,1,0,135,0,136,2,0,141,0,143,122,0,122,265
07/02/2012,EMT,CA,AWP,WE,Towers with Radar,0,2,3,1,6,0,2,93,0,95,0,4,96,1,101,98,0,98,199
07/03/2012,EMT,CA,AWP,WE,Towers with Radar,0,1,7,0,8,0,2,71,0,73,0,3,78,0,81,92,0,92,173
07/04/2012,EMT,CA,AWP,WE,Towers with Radar,0,0,8,0,8,1,0,59,0,60,1,0,67,0,68,74,0,74,142
07/05/2012,EMT,CA,AWP,WE,Towers with Radar,1,1,7,0,9,0,3,42,0,45,1,4,49,0,54,124,0,124,178
07/06/2012,EMT,CA,AWP,WE,Towers with Radar,0,2,7,0,9,0,0,87,0,87,0,2,94,0,96,182,0,182,278
07/07/2012,EMT,CA,AWP,WE,Towers with Radar,0,0,4,0,4,0,0,105,0,105,0,0,109,0,109,112,0,112,221
07/08/2012,EMT,CA,AWP,WE,Towers with Radar,0,0,3,0,3,0,1,127,0,128,0,1,130,0,131,174,0,174,305
07/09/2012,EMT,CA,AWP,WE,Towers with Radar,0,3,11,0,14,0,2,101,0,103,0,5,112,0,117,150,0,150,267
07/10/2012,EMT,CA,AWP,WE,Towers with Radar,0,1,3,0,4,0,2,118,0,120,0,3,121,0,124,153,0,153,277
07/11/2012,EMT,CA,AWP,WE,Towers with Radar,0,1,5,0,6,0,1,93,0,94,0,2,98,0,100,113,0,113,213
07/12/2012,EMT,CA,AWP,WE,Towers with Radar,0,2,9,0,11,0,1,65,0,66,0,3,74,0,77,91,0,91,168
07/13/2012,EMT,CA,AWP,WE,Towers with Radar,0,2,9,0,11,0,7,72,0,79,0,9,81,0,90,165,0,165,255
07/14/2012,EMT,CA,AWP,WE,Towers with Radar,0,0,8,0,8,0,0,131,0,131,0,0,139,0,139,206,0,206,345
07/15/2012,EMT,CA,AWP,WE,Towers with Radar,0,0,10,0,10,0,0,134,0,134,0,0,144,0,144,232,0,232,376
07/16/2012,EMT,CA,AWP,WE,Towers with Radar,0,2,6,0,8,0,0,104,0,104,0,2,110,0,112,86,0,86,198
07/17/2012,EMT,CA,AWP,WE,Towers with Radar,0,2,6,0,8,0,2,98,0,100,0,4,104,0,108,95,0,95,203
07/18/2012,EMT,CA,AWP,WE,Towers with Radar,0,2,9,0,11,0,1,120,0,121,0,3,129,0,132,193,0,193,325
07/19/2012,EMT,CA,AWP,WE,Towers with Radar,0,1,7,0,8,0,0,98,0,98,0,1,105,0,106,266,0,266,372
07/20/2012,EMT,CA,AWP,WE,Towers with Radar,0,1,10,0,11,0,1,112,0,113,0,2,122,0,124,133,0,133,257
07/21/2012,EMT,CA,AWP,WE,Towers with Radar,0,0,7,0,7,0,0,129,0,129,0,0,136,0,136,191,0,191,327
07/22/2012,EMT,CA,AWP,WE,Towers with Radar,0,0,5,0,5,0,0,131,0,131,0,0,136,0,136,108,0,108,244
07/23/2012,EMT,CA,AWP,WE,Towers with Radar,0,3,7,0,10,0,0,78,0,78,0,3,85,0,88,178,0,178,266
07/24/2012,EMT,CA,AWP,WE,Towers with Radar,0,1,15,0,16,0,0,114,0,114,0,1,129,0,130,95,0,95,225
07/25/2012,EMT,CA,AWP,WE,Towers with Radar,0,1,7,0,8,0,2,89,0,91,0,3,96,0,99,184,0,184,283
07/26/2012,EMT,CA,AWP,WE,Towers with Radar,0,1,2,0,3,0,1,76,1,78,0,2,78,1,81,143,0,143,224
07/27/2012,EMT,CA,AWP,WE,Towers with Radar,0,2,9,0,11,0,0,92,1,93,0,2,101,1,104,171,0,171,275
07/28/2012,EMT,CA,AWP,WE,Towers with Radar,0,1,4,0,5,0,1,114,0,115,0,2,118,0,120,196,0,196,316
07/29/2012,EMT,CA,AWP,WE,Towers with Radar,1,0,0,0,1,1,0,122,0,123,2,0,122,0,124,149,0,149,273
07/30/2012,EMT,CA,AWP,WE,Towers with Radar,0,3,2,0,5,0,2,95,0,97,0,5,97,0,102,249,0,249,351
07/31/2012,EMT,CA,AWP,WE,Towers with Radar,0,1,9,0,10,0,4,85,0,89,0,5,94,0,99,152,0,152,251
08/01/2012,EMT,CA,AWP,WE,Towers with Radar,0,1,7,0,8,0,2,89,0,91,0,3,96,0,99,186,0,186,285
08/02/2012,EMT,CA,AWP,WE,Towers with Radar,0,1,8,0,9,0,1,111,1,113,0,2,119,1,122,136,0,136,258
08/03/2012,EMT,CA,AWP,WE,Towers with Radar,0,2,16,0,18,0,0,102,1,103,0,2,118,1,121,201,0,201,322
08/04/2012,EMT,CA,AWP,WE,Towers with Radar,0,1,12,0,13,0,0,106,1,107,0,1,118,1,120,179,0,179,299
08/05/2012,EMT,CA,AWP,WE,Towers with Radar,0,0,7,0,7,0,1,162,6,169,0,1,169,6,176,169,0,169,345
08/06/2012,EMT,CA,AWP,WE,Towers with Radar,0,2,3,0,5,0,1,92,0,93,0,3,95,0,98,147,0,147,245
08/07/2012,EMT,CA,AWP,WE,Towers with Radar,0,1,9,0,10,0,2,85,0,87,0,3,94,0,97,133,0,133,230
08/08/2012,EMT,CA,AWP,WE,Towers with Radar,0,1,10,0,11,0,2,81,0,83,0,3,91,0,94,110,0,110,204
08/09/2012,EMT,CA,AWP,WE,Towers with Radar,0,1,5,0,6,0,0,127,0,127,0,1,132,0,133,122,0,122,255
08/10/2012,EMT,CA,AWP,WE,Towers with Radar,0,2,14,0,16,0,0,118,0,118,0,2,132,0,134,89,0,89,223
08/11/2012,EMT,CA,AWP,WE,Towers with Radar,0,0,6,0,6,1,0,144,0,145,1,0,150,0,151,135,0,135,286
08/12/2012,EMT,CA,AWP,WE,Towers with Radar,0,1,2,0,3,0,1,115,0,116,0,2,117,0,119,101,0,101,220
08/13/2012,EMT,CA,AWP,WE,Towers with Radar,0,3,11,0,14,0,1,82,0,83,0,4,93,0,97,92,0,92,189
08/14/2012,EMT,CA,AWP,WE,Towers with Radar,0,1,7,0,8,0,2,91,0,93,0,3,98,0,101,173,0,173,274
08/15/2012,EMT,CA,AWP,WE,Towers with Radar,0,2,7,0,9,0,1,97,0,98,0,3,104,0,107,272,0,272,379
08/16/2012,EMT,CA,AWP,WE,Towers with Radar,0,1,6,0,7,0,0,121,0,121,0,1,127,0,128,289,0,289,417
08/17/2012,EMT,CA,AWP,WE,Towers with Radar,0,1,5,0,6,0,0,115,0,115,0,1,120,0,121,151,0,151,272
08/18/2012,EMT,CA,AWP,WE,Towers with Radar,0,0,6,0,6,0,0,129,0,129,0,0,135,0,135,134,0,134,269
08/19/2012,EMT,CA,AWP,WE,Towers with Radar,0,0,1,0,1,0,0,106,0,106,0,0,107,0,107,119,0,119,226
08/20/2012,EMT,CA,AWP,WE,Towers with Radar,0,3,6,0,9,0,1,75,0,76,0,4,81,0,85,110,0,110,195
08/21/2012,EMT,CA,AWP,WE,Towers with Radar,0,1,8,2,11,0,4,70,0,74,0,5,78,2,85,107,0,107,192
08/22/2012,EMT,CA,AWP,WE,Towers with Radar,0,1,6,0,7,0,3,127,0,130,0,4,133,0,137,178,0,178,315
08/23/2012,EMT,CA,AWP,WE,Towers with Radar,0,2,7,0,9,0,0,88,1,89,0,2,95,1,98,139,0,139,237
08/24/2012,EMT,CA,AWP,WE,Towers with Radar,0,2,20,0,22,0,0,81,2,83,0,2,101,2,105,129,0,129,234
08/25/2012,EMT,CA,AWP,WE,Towers with Radar,0,0,24,0,24,0,0,138,0,138,0,0,162,0,162,291,0,291,453
08/26/2012,EMT,CA,AWP,WE,Towers with Radar,0,0,5,0,5,0,0,152,0,152,0,0,157,0,157,90,0,90,247
08/27/2012,EMT,CA,AWP,WE,Towers with Radar,0,2,9,0,11,0,1,84,0,85,0,3,93,0,96,145,0,145,241
08/28/2012,EMT,CA,AWP,WE,Towers with Radar,0,2,6,0,8,0,3,76,1,80,0,5,82,1,88,88,0,88,176
08/29/2012,EMT,CA,AWP,WE,Towers with Radar,0,1,10,0,11,0,1,85,0,86,0,2,95,0,97,119,0,119,216
08/30/2012,EMT,CA,AWP,WE,Towers with Radar,0,1,7,0,8,0,3,88,0,91,0,4,95,0,99,124,0,124,223
08/31/2012,EMT,CA,AWP,WE,Towers with Radar,0,2,18,0,20,0,2,104,0,106,0,4,122,0,126,142,0,142,268
09/01/2012,EMT,CA,AWP,WE,Towers with Radar,0,0,18,0,18,0,0,128,0,128,0,0,146,0,146,172,0,172,318
09/02/2012,EMT,CA,AWP,WE,Towers with Radar,0,0,3,0,3,0,2,125,0,127,0,2,128,0,130,159,0,159,289
09/03/2012,EMT,CA,AWP,WE,Towers with Radar,0,0,12,0,12,1,0,113,0,114,1,0,125,0,126,216,0,216,342
09/04/2012,EMT,CA,AWP,WE,Towers with Radar,0,3,9,0,12,0,2,80,0,82,0,5,89,0,94,211,0,211,305
09/05/2012,EMT,CA,AWP,WE,Towers with Radar,0,1,21,0,22,0,1,78,0,79,0,2,99,0,101,158,0,158,259
09/06/2012,EMT,CA,AWP,WE,Towers with Radar,0,1,13,0,14,0,3,110,0,113,0,4,123,0,127,159,0,159,286
09/07/2012,EMT,CA,AWP,WE,Towers with Radar,0,2,23,0,25,0,0,132,1,133,0,2,155,1,158,178,0,178,336
09/08/2012,EMT,CA,AWP,WE,Towers with Radar,0,0,6,0,6,0,0,136,1,137,0,0,142,1,143,179,0,179,322
09/09/2012,EMT,CA,AWP,WE,Towers with Radar,0,0,2,0,2,0,0,121,0,121,0,0,123,0,123,188,0,188,311
09/10/2012,EMT,CA,AWP,WE,Towers with Radar,0,2,2,0,4,0,3,77,1,81,0,5,79,1,85,146,0,146,231
09/11/2012,EMT,CA,AWP,WE,Towers with Radar,0,1,14,0,15,0,2,62,1,65,0,3,76,1,80,220,0,220,300
09/12/2012,EMT,CA,AWP,WE,Towers with Radar,0,1,17,0,18,0,0,78,0,78,0,1,95,0,96,124,0,124,220
09/13/2012,EMT,CA,AWP,WE,Towers with Radar,0,1,11,0,12,1,1,83,0,85,1,2,94,0,97,91,0,91,188
09/14/2012,EMT,CA,AWP,WE,Towers with Radar,0,1,13,0,14,0,4,105,0,109,0,5,118,0,123,157,0,157,280
09/15/2012,EMT,CA,AWP,WE,Towers with Radar,0,0,11,0,11,0,0,105,0,105,0,0,116,0,116,207,0,207,323
09/16/2012,EMT,CA,AWP,WE,Towers with Radar,0,0,8,0,8,0,0,112,0,112,0,0,120,0,120,149,0,149,269
09/17/2012,EMT,CA,AWP,WE,Towers with Radar,0,2,9,0,11,0,3,103,0,106,0,5,112,0,117,101,0,101,218
09/18/2012,EMT,CA,AWP,WE,Towers with Radar,0,3,8,0,11,0,2,99,0,101,0,5,107,0,112,139,0,139,251
09/19/2012,EMT,CA,AWP,WE,Towers with Radar,0,1,11,0,12,0,0,97,0,97,0,1,108,0,109,98,0,98,207
09/20/2012,EMT,CA,AWP,WE,Towers with Radar,0,2,2,0,4,0,0,88,0,88,0,2,90,0,92,130,0,130,222
09/21/2012,EMT,CA,AWP,WE,Towers with Radar,0,2,10,0,12,0,0,102,0,102,0,2,112,0,114,69,0,69,183
09/22/2012,EMT,CA,AWP,WE,Towers with Radar,0,0,5,0,5,0,0,140,0,140,0,0,145,0,145,236,0,236,381
09/23/2012,EMT,CA,AWP,WE,Towers with Radar,0,0,2,0,2,0,0,196,0,196,0,0,198,0,198,133,0,133,331
09/24/2012,EMT,CA,AWP,WE,Towers with Radar,0,2,8,0,10,0,1,110,0,111,0,3,118,0,121,127,0,127,248
09/25/2012,EMT,CA,AWP,WE,Towers with Radar,0,1,10,0,11,0,1,75,2,78,0,2,85,2,89,149,0,149,238
09/26/2012,EMT,CA,AWP,WE,Towers with Radar,0,2,8,0,10,0,2,73,0,75,0,4,81,0,85,204,0,204,289
09/27/2012,EMT,CA,AWP,WE,Towers with Radar,0,1,3,0,4,0,2,105,0,107,0,3,108,0,111,107,0,107,218
09/28/2012,EMT,CA,AWP,WE,Towers with Radar,0,1,6,0,7,0,0,134,0,134,0,1,140,0,141,143,0,143,284
09/29/2012,EMT,CA,AWP,WE,Towers with Radar,0,0,10,0,10,0,0,123,1,124,0,0,133,1,134,187,0,187,321
09/30/2012,EMT,CA,AWP,WE,Towers with Radar,0,0,3,0,3,0,1,114,0,115,0,1,117,0,118,249,0,249,367
10/01/2012,EMT,CA,AWP,WE,Towers with Radar,0,2,3,0,5,0,0,99,0,99,0,2,102,0,104,99,0,99,203
10/02/2012,EMT,CA,AWP,WE,Towers with Radar,0,1,7,0,8,0,1,89,0,90,0,2,96,0,98,161,0,161,259
10/03/2012,EMT,CA,AWP,WE,Towers with Radar,0,1,4,0,5,0,5,81,0,86,0,6,85,0,91,148,0,148,239
10/04/2012,EMT,CA,AWP,WE,Towers with Radar,1,1,9,0,11,0,2,122,0,124,1,3,131,0,135,249,0,249,384
10/05/2012,EMT,CA,AWP,WE,Towers with Radar,0,2,13,0,15,1,0,100,1,102,1,2,113,1,117,119,0,119,236
10/06/2012,EMT,CA,AWP,WE,Towers with Radar,0,0,12,0,12,0,2,127,0,129,0,2,139,0,141,144,0,144,285
10/07/2012,EMT,CA,AWP,WE,Towers with Radar,0,0,7,0,7,0,0,53,0,53,0,0,60,0,60,163,0,163,223
10/08/2012,EMT,CA,AWP,WE,Towers with Radar,0,2,12,0,14,0,1,73,0,74,0,3,85,0,88,174,0,174,262
10/09/2012,EMT,CA,AWP,WE,Towers with Radar,0,1,12,0,13,0,1,95,0,96,0,2,107,0,109,174,0,174,283
10/10/2012,EMT,CA,AWP,WE,Towers with Radar,0,1,7,0,8,0,3,78,0,81,0,4,85,0,89,194,0,194,283
10/11/2012,EMT,CA,AWP,WE,Towers with Radar,0,1,2,0,3,0,0,21,0,21,0,1,23,0,24,68,0,68,92
10/12/2012,EMT,CA,AWP,WE,Towers with Radar,0,2,8,0,10,0,0,90,1,91,0,2,98,1,101,140,0,140,241
10/13/2012,EMT,CA,AWP,WE,Towers with Radar,0,0,12,0,12,0,0,160,0,160,0,0,172,0,172,233,0,233,405
10/14/2012,EMT,CA,AWP,WE,Towers with Radar,0,0,5,0,5,0,1,137,1,139,0,1,142,1,144,162,0,162,306
10/15/2012,EMT,CA,AWP,WE,Towers with Radar,0,1,5,0,6,1,4,120,0,125,1,5,125,0,131,164,0,164,295
10/16/2012,EMT,CA,AWP,WE,Towers with Radar,0,3,8,3,14,0,1,111,1,113,0,4,119,4,127,201,0,201,328
10/17/2012,EMT,CA,AWP,WE,Towers with Radar,0,1,8,0,9,1,1,89,0,91,1,2,97,0,100,140,0,140,240
10/18/2012,EMT,CA,AWP,WE,Towers with Radar,0,2,10,0,12,0,0,85,0,85,0,2,95,0,97,282,0,282,379
10/19/2012,EMT,CA,AWP,WE,Towers with Radar,0,2,11,0,13,0,0,122,0,122,0,2,133,0,135,130,0,130,265
10/20/2012,EMT,CA,AWP,WE,Towers with Radar,0,0,36,0,36,0,0,39,0,39,0,0,75,0,75,268,0,268,343
10/21/2012,EMT,CA,AWP,WE,Towers with Radar,0,1,10,0,11,0,1,131,0,132,0,2,141,0,143,129,0,129,272
10/22/2012,EMT,CA,AWP,WE,Towers with Radar,0,4,17,0,21,0,1,82,0,83,0,5,99,0,104,209,0,209,313
10/23/2012,EMT,CA,AWP,WE,Towers with Radar,0,1,9,0,10,1,0,76,0,77,1,1,85,0,87,163,0,163,250
10/24/2012,EMT,CA,AWP,WE,Towers with Radar,0,2,6,0,8,0,0,107,0,107,0,2,113,0,115,156,0,156,271
10/25/2012,EMT,CA,AWP,WE,Towers with Radar,0,1,9,0,10,0,1,113,0,114,0,2,122,0,124,132,0,132,256
10/26/2012,EMT,CA,AWP,WE,Towers with Radar,0,2,5,0,7,0,0,124,0,124,0,2,129,0,131,200,0,200,331
10/27/2012,EMT,CA,AWP,WE,Towers with Radar,0,0,13,0,13,0,0,177,0,177,0,0,190,0,190,198,0,198,388
10/28/2012,EMT,CA,AWP,WE,Towers with Radar,0,0,5,0,5,0,0,163,0,163,0,0,168,0,168,132,0,132,300
10/29/2012,EMT,CA,AWP,WE,Towers with Radar,0,2,10,0,12,0,1,76,0,77,0,3,86,0,89,146,0,146,235
10/30/2012,EMT,CA,AWP,WE,Towers with Radar,0,1,6,0,7,0,1,97,0,98,0,2,103,0,105,172,0,172,277
10/31/2012,EMT,CA,AWP,WE,Towers with Radar,0,3,33,0,36,0,0,68,0,68,0,3,101,0,104,56,0,56,160
11/01/2012,EMT,CA,AWP,WE,Towers with Radar,0,1,20,0,21,0,1,65,0,66,0,2,85,0,87,121,0,121,208
11/02/2012,EMT,CA,AWP,WE,Towers with Radar,0,1,12,0,13,0,1,93,0,94,0,2,105,0,107,263,0,263,370
11/03/2012,EMT,CA,AWP,WE,Towers with Radar,0,0,13,0,13,0,0,141,0,141,0,0,154,0,154,154,0,154,308
11/04/2012,EMT,CA,AWP,WE,Towers with Radar,0,0,12,0,12,0,2,142,0,144,0,2,154,0,156,175,0,175,331
11/05/2012,EMT,CA,AWP,WE,Towers with Radar,0,3,6,0,9,0,1,111,0,112,0,4,117,0,121,114,0,114,235
11/06/2012,EMT,CA,AWP,WE,Towers with Radar,0,1,12,0,13,0,2,126,0,128,0,3,138,0,141,186,0,186,327
11/07/2012,EMT,CA,AWP,WE,Towers with Radar,0,2,13,0,15,0,1,91,0,92,0,3,104,0,107,144,0,144,251
11/08/2012,EMT,CA,AWP,WE,Towers with Radar,0,3,4,0,7,1,0,36,2,39,1,3,40,2,46,189,0,189,235
11/09/2012,EMT,CA,AWP,WE,Towers with Radar,0,2,3,0,5,0,0,81,0,81,0,2,84,0,86,90,0,90,176
11/10/2012,EMT,CA,AWP,WE,Towers with Radar,0,0,3,0,3,0,0,87,0,87,0,0,90,0,90,71,0,71,161
11/11/2012,EMT,CA,AWP,WE,Towers with Radar,0,0,9,0,9,1,0,158,0,159,1,0,167,0,168,217,0,217,385
11/12/2012,EMT,CA,AWP,WE,Towers with Radar,1,0,11,0,12,0,0,121,2,123,1,0,132,2,135,140,6,146,281
11/13/2012,EMT,CA,AWP,WE,Towers with Radar,0,3,9,0,12,0,3,88,1,92,0,6,97,1,104,138,0,138,242
11/14/2012,EMT,CA,AWP,WE,Towers with Radar,0,1,6,0,7,0,1,108,2,111,0,2,114,2,118,209,0,209,327
11/15/2012,EMT,CA,AWP,WE,Towers with Radar,0,2,8,0,10,0,0,122,0,122,0,2,130,0,132,182,0,182,314
11/16/2012,EMT,CA,AWP,WE,Towers with Radar,0,2,8,0,10,0,0,83,0,83,0,2,91,0,93,151,0,151,244
11/17/2012,EMT,CA,AWP,WE,Towers with Radar,0,0,12,0,12,0,0,36,0,36,0,0,48,0,48,63,0,63,111
11/18/2012,EMT,CA,AWP,WE,Towers with Radar,0,0,12,0,12,0,1,93,0,94,0,1,105,0,106,183,0,183,289
11/19/2012,EMT,CA,AWP,WE,Towers with Radar,0,3,10,0,13,0,2,97,0,99,0,5,107,0,112,118,0,118,230
11/20/2012,EMT,CA,AWP,WE,Towers with Radar,0,1,8,0,9,0,2,115,2,119,0,3,123,2,128,153,0,153,281
11/21/2012,EMT,CA,AWP,WE,Towers with Radar,0,1,8,0,9,0,0,136,0,136,0,1,144,0,145,159,0,159,304
11/22/2012,EMT,CA,AWP,WE,Towers with Radar,0,0,1,0,1,0,0,128,0,128,0,0,129,0,129,165,0,165,294
11/23/2012,EMT,CA,AWP,WE,Towers with Radar,0,3,4,0,7,0,1,146,0,147,0,4,150,0,154,177,0,177,331
11/24/2012,EMT,CA,AWP,WE,Towers with Radar,0,0,1,0,1,0,1,167,0,168,0,1,168,0,169,111,0,111,280
11/25/2012,EMT,CA,AWP,WE,Towers with Radar,0,0,7,0,7,0,0,100,0,100,0,0,107,0,107,131,0,131,238
11/26/2012,EMT,CA,AWP,WE,Towers with Radar,0,3,15,0,18,0,1,54,1,56,0,4,69,1,74,174,0,174,248
11/27/2012,EMT,CA,AWP,WE,Towers with Radar,0,1,10,0,11,0,1,49,0,50,0,2,59,0,61,123,0,123,184
11/28/2012,EMT,CA,AWP,WE,Towers with Radar,0,2,7,0,9,0,0,32,0,32,0,2,39,0,41,170,0,170,211
11/29/2012,EMT,CA,AWP,WE,Towers with Radar,0,2,6,0,8,0,0,4,0,4,0,2,10,0,12,15,0,15,27
11/30/2012,EMT,CA,AWP,WE,Towers with Radar,0,3,9,0,12,0,0,0,0,0,0,3,9,0,12,0,0,0,12
12/01/2012,EMT,CA,AWP,WE,Towers with Radar,0,0,13,0,13,0,0,33,0,33,0,0,46,0,46,200,0,200,246
12/02/2012,EMT,CA,AWP,WE,Towers with Radar,0,0,9,0,9,0,0,5,0,5,0,0,14,0,14,15,0,15,29
12/03/2012,EMT,CA,AWP,WE,Towers with Radar,0,3,4,0,7,0,0,28,0,28,0,3,32,0,35,104,0,104,139
12/04/2012,EMT,CA,AWP,WE,Towers with Radar,0,1,15,0,16,0,1,100,0,101,0,2,115,0,117,159,0,159,276
12/05/2012,EMT,CA,AWP,WE,Towers with Radar,0,1,16,0,17,0,1,77,0,78,0,2,93,0,95,104,0,104,199
12/06/2012,EMT,CA,AWP,WE,Towers with Radar,0,2,9,0,11,0,0,59,3,62,0,2,68,3,73,209,0,209,282
12/07/2012,EMT,CA,AWP,WE,Towers with Radar,0,2,8,0,10,0,0,79,1,80,0,2,87,1,90,86,36,122,212
12/08/2012,EMT,CA,AWP,WE,Towers with Radar,0,0,34,0,34,0,0,68,0,68,0,0,102,0,102,149,0,149,251
12/09/2012,EMT,CA,AWP,WE,Towers with Radar,0,0,15,0,15,0,0,89,0,89,0,0,104,0,104,138,0,138,242
12/10/2012,EMT,CA,AWP,WE,Towers with Radar,0,3,5,0,8,0,1,84,0,85,0,4,89,0,93,88,0,88,181
12/11/2012,EMT,CA,AWP,WE,Towers with Radar,0,1,11,0,12,0,0,118,2,120,0,1,129,2,132,142,0,142,274
12/12/2012,EMT,CA,AWP,WE,Towers with Radar,0,1,20,0,21,0,1,38,0,39,0,2,58,0,60,231,0,231,291
12/13/2012,EMT,CA,AWP,WE,Towers with Radar,0,1,11,0,12,0,1,40,0,41,0,2,51,0,53,69,0,69,122
12/14/2012,EMT,CA,AWP,WE,Towers with Radar,0,2,12,0,14,0,1,100,0,101,0,3,112,0,115,173,0,173,288
12/15/2012,EMT,CA,AWP,WE,Towers with Radar,0,0,11,0,11,0,0,137,0,137,0,0,148,0,148,110,8,118,266
12/16/2012,EMT,CA,AWP,WE,Towers with Radar,0,0,13,0,13,0,0,51,0,51,0,0,64,0,64,204,0,204,268
12/17/2012,EMT,CA,AWP,WE,Towers with Radar,0,5,16,0,21,1,0,53,0,54,1,5,69,0,75,97,0,97,172
12/18/2012,EMT,CA,AWP,WE,Towers with Radar,0,1,8,0,9,1,1,24,0,26,1,2,32,0,35,70,0,70,105
12/19/2012,EMT,CA,AWP,WE,Towers with Radar,0,2,12,0,14,0,2,106,0,108,0,4,118,0,122,58,0,58,180
12/20/2012,EMT,CA,AWP,WE,Towers with Radar,0,1,8,0,9,0,1,109,0,110,0,2,117,0,119,54,0,54,173
12/21/2012,EMT,CA,AWP,WE,Towers with Radar,0,2,14,0,16,0,0,111,0,111,0,2,125,0,127,94,0,94,221
12/22/2012,EMT,CA,AWP,WE,Towers with Radar,0,0,7,0,7,0,1,132,0,133,0,1,139,0,140,182,0,182,322
12/23/2012,EMT,CA,AWP,WE,Towers with Radar,0,0,9,0,9,0,0,64,0,64,0,0,73,0,73,130,0,130,203
12/24/2012,EMT,CA,AWP,WE,Towers with Radar,0,2,15,0,17,0,1,18,0,19,0,3,33,0,36,31,0,31,67
12/25/2012,EMT,CA,AWP,WE,Towers with Radar,0,0,3,0,3,0,0,38,0,38,0,0,41,0,41,30,0,30,71
12/26/2012,EMT,CA,AWP,WE,Towers with Radar,0,1,2,0,3,0,1,44,0,45,0,2,46,0,48,59,0,59,107
12/27/2012,EMT,CA,AWP,WE,Towers with Radar,0,2,9,0,11,0,0,121,0,121,0,2,130,0,132,90,0,90,222
12/28/2012,EMT,CA,AWP,WE,Towers with Radar,0,2,7,0,9,0,0,150,0,150,0,2,157,0,159,150,0,150,309
12/29/2012,EMT,CA,AWP,WE,Towers with Radar,0,0,1,0,1,0,0,18,1,19,0,0,19,1,20,10,0,10,30
12/30/2012,EMT,CA,AWP,WE,Towers with Radar,0,0,4,0,4,0,0,89,0,89,0,0,93,0,93,157,0,157,250
12/31/2012,EMT,CA,AWP,WE,Towers with Radar,0,2,9,0,11,0,5,144,0,149,0,7,153,0,160,100,0,100,260
01/01/2013,EMT,CA,AWP,WE,Towers with Radar,0,0,3,0,3,0,0,68,0,68,0,0,71,0,71,33,0,33,104
01/02/2013,EMT,CA,AWP,WE,Towers with Radar,0,1,6,0,7,0,1,108,2,111,0,2,114,2,118,153,0,153,271
01/03/2013,EMT,CA,AWP,WE,Towers with Radar,0,1,7,0,8,0,1,121,0,122,0,2,128,0,130,81,0,81,211
01/04/2013,EMT,CA,AWP,WE,Towers with Radar,0,2,6,0,8,0,0,91,0,91,0,2,97,0,99,219,0,219,318
01/05/2013,EMT,CA,AWP,WE,Towers with Radar,0,0,8,0,8,0,0,194,0,194,0,0,202,0,202,235,0,235,437
01/06/2013,EMT,CA,AWP,WE,Towers with Radar,0,0,10,0,10,0,0,40,0,40,0,0,50,0,50,107,0,107,157
01/07/2013,EMT,CA,AWP,WE,Towers with Radar,0,3,5,0,8,0,2,68,0,70,0,5,73,0,78,196,0,196,274
01/08/2013,EMT,CA,AWP,WE,Towers with Radar,0,1,11,0,12,0,2,91,0,93,0,3,102,0,105,84,0,84,189
01/09/2013,EMT,CA,AWP,WE,Towers with Radar,0,1,8,0,9,0,0,93,1,94,0,1,101,1,103,126,0,126,229
01/10/2013,EMT,CA,AWP,WE,Towers with Radar,0,3,1,0,4,1,1,26,0,28,1,4,27,0,32,77,0,77,109
01/11/2013,EMT,CA,AWP,WE,Towers with Radar,0,2,11,0,13,0,0,78,0,78,0,2,89,0,91,44,0,44,135
01/12/2013,EMT,CA,AWP,WE,Towers with Radar,0,0,9,0,9,0,1,131,0,132,0,1,140,0,141,77,0,77,218
01/13/2013,EMT,CA,AWP,WE,Towers with Radar,0,0,3,0,3,0,1,150,0,151,0,1,153,0,154,151,0,151,305
01/14/2013,EMT,CA,AWP,WE,Towers with Radar,0,2,6,0,8,0,2,65,0,67,0,4,71,0,75,185,0,185,260
01/15/2013,EMT,CA,AWP,WE,Towers with Radar,0,1,12,0,13,0,2,76,2,80,0,3,88,2,93,164,0,164,257
01/16/2013,EMT,CA,AWP,WE,Towers with Radar,0,1,9,0,10,0,2,99,0,101,0,3,108,0,111,170,0,170,281
01/17/2013,EMT,CA,AWP,WE,Towers with Radar,0,1,12,0,13,0,1,103,0,104,0,2,115,0,117,146,0,146,263
01/18/2013,EMT,CA,AWP,WE,Towers with Radar,0,2,7,0,9,0,1,105,0,106,0,3,112,0,115,176,0,176,291
01/19/2013,EMT,CA,AWP,WE,Towers with Radar,0,1,9,0,10,0,1,165,0,166,0,2,174,0,176,159,0,159,335
01/20/2013,EMT,CA,AWP,WE,Towers with Radar,0,0,5,0,5,0,0,158,0,158,0,0,163,0,163,288,0,288,451
01/21/2013,EMT,CA,AWP,WE,Towers with Radar,0,0,5,0,5,0,0,122,0,122,0,0,127,0,127,163,0,163,290
01/22/2013,EMT,CA,AWP,WE,Towers with Radar,0,2,9,1,12,1,1,101,0,103,1,3,110,1,115,183,0,183,298
01/23/2013,EMT,CA,AWP,WE,Towers with Radar,0,1,19,0,20,0,3,114,0,117,0,4,133,0,137,160,0,160,297
01/24/2013,EMT,CA,AWP,WE,Towers with Radar,0,1,9,0,10,0,1,16,0,17,0,2,25,0,27,93,0,93,120
01/25/2013,EMT,CA,AWP,WE,Towers with Radar,0,2,6,0,8,0,0,28,0,28,0,2,34,0,36,162,0,162,198
01/26/2013,EMT,CA,AWP,WE,Towers with Radar,0,0,20,0,20,0,0,41,0,41,0,0,61,0,61,230,0,230,291
01/27/2013,EMT,CA,AWP,WE,Towers with Radar,0,0,12,0,12,0,0,38,0,38,0,0,50,0,50,129,0,129,179
01/28/2013,EMT,CA,AWP,WE,Towers with Radar,0,3,6,0,9,0,1,79,3,83,0,4,85,3,92,92,0,92,184
01/29/2013,EMT,CA,AWP,WE,Towers with Radar,0,3,13,1,17,0,1,95,0,96,0,4,108,1,113,189,0,189,302
01/30/2013,EMT,CA,AWP,WE,Towers with Radar,0,1,10,0,11,0,3,113,1,117,0,4,123,1,128,91,0,91,219
01/31/2013,EMT,CA,AWP,WE,Towers with Radar,0,1,4,0,5,0,2,128,0,130,0,3,132,0,135,230,0,230,365
02/01/2013,EMT,CA,AWP,WE,Towers with Radar,0,2,9,0,11,1,0,128,0,129,1,2,137,0,140,182,0,182,322
02/02/2013,EMT,CA,AWP,WE,Towers with Radar,0,0,9,0,9,0,0,142,0,142,0,0,151,0,151,210,0,210,361
02/03/2013,EMT,CA,AWP,WE,Towers with Radar,0,0,5,0,5,0,2,111,0,113,0,2,116,0,118,76,0,76,194
02/04/2013,EMT,CA,AWP,WE,Towers with Radar,0,3,9,0,12,0,1,78,0,79,0,4,87,0,91,42,0,42,133
02/05/2013,EMT,CA,AWP,WE,Towers with Radar,0,3,10,0,13,0,0,6,0,6,0,3,16,0,19,36,0,36,55
02/06/2013,EMT,CA,AWP,WE,Towers with Radar,0,1,9,0,10,0,1,56,0,57,0,2,65,0,67,216,0,216,283
02/07/2013,EMT,CA,AWP,WE,Towers with Radar,0,2,6,0,8,0,0,39,1,40,0,2,45,1,48,115,0,115,163
02/08/2013,EMT,CA,AWP,WE,Towers with Radar,0,2,4,0,6,0,0,12,0,12,0,2,16,0,18,23,0,23,41
02/09/2013,EMT,CA,AWP,WE,Towers with Radar,0,0,11,0,11,0,0,112,0,112,0,0,123,0,123,166,0,166,289
02/10/2013,EMT,CA,AWP,WE,Towers with Radar,0,1,14,0,15,0,0,99,0,99,0,1,113,0,114,216,0,216,330
02/11/2013,EMT,CA,AWP,WE,Towers with Radar,0,3,4,0,7,0,1,102,0,103,0,4,106,0,110,128,0,128,238
02/12/2013,EMT,CA,AWP,WE,Towers with Radar,0,1,14,0,15,0,2,96,0,98,0,3,110,0,113,114,1,115,228
02/13/2013,EMT,CA,AWP,WE,Towers with Radar,0,1,4,0,5,0,2,100,0,102,0,3,104,0,107,139,0,139,246
02/14/2013,EMT,CA,AWP,WE,Towers with Radar,1,2,6,0,9,0,1,114,1,116,1,3,120,1,125,144,0,144,269
02/15/2013,EMT,CA,AWP,WE,Towers with Radar,0,1,4,0,5,0,2,111,0,113,0,3,115,0,118,108,0,108,226
02/16/2013,EMT,CA,AWP,WE,Towers with Radar,0,0,5,0,5,0,0,183,0,183,0,0,188,0,188,115,0,115,303
02/17/2013,EMT,CA,AWP,WE,Towers with Radar,0,0,16,0,16,0,0,146,1,147,0,0,162,1,163,98,0,98,261
02/18/2013,EMT,CA,AWP,WE,Towers with Radar,0,5,11,0,16,0,0,63,0,63,0,5,74,0,79,235,0,235,314
02/19/2013,EMT,CA,AWP,WE,Towers with Radar,0,3,4,0,7,1,0,14,0,15,1,3,18,0,22,49,0,49,71
02/20/2013,EMT,CA,AWP,WE,Towers with Radar,0,3,7,0,10,0,1,62,0,63,0,4,69,0,73,83,0,83,156
02/21/2013,EMT,CA,AWP,WE,Towers with Radar,0,1,10,0,11,0,2,102,0,104,0,3,112,0,115,117,0,117,232
02/22/2013,EMT,CA,AWP,WE,Towers with Radar,3,2,8,0,13,0,1,128,0,129,3,3,136,0,142,165,0,165,307
02/23/2013,EMT,CA,AWP,WE,Towers with Radar,0,0,4,0,4,0,0,150,0,150,0,0,154,0,154,139,0,139,293
02/24/2013,EMT,CA,AWP,WE,Towers with Radar,0,0,7,0,7,0,0,103,0,103,0,0,110,0,110,170,0,170,280
02/25/2013,EMT,CA,AWP,WE,Towers with Radar,0,5,2,0,7,0,3,72,0,75,0,8,74,0,82,93,0,93,175
02/26/2013,EMT,CA,AWP,WE,Towers with Radar,0,3,5,0,8,0,1,101,0,102,0,4,106,0,110,145,0,145,255
02/27/2013,EMT,CA,AWP,WE,Towers with Radar,0,2,5,0,7,0,1,127,0,128,0,3,132,0,135,141,0,141,276
02/28/2013,EMT,CA,AWP,WE,Towers with Radar,0,1,10,0,11,0,0,91,0,91,0,1,101,0,102,107,0,107,209
03/01/2013,EMT,CA,AWP,WE,Towers with Radar,0,2,9,0,11,0,2,101,0,103,0,4,110,0,114,117,0,117,231
03/02/2013,EMT,CA,AWP,WE,Towers with Radar,0,0,8,0,8,0,1,214,0,215,0,1,222,0,223,200,0,200,423
03/03/2013,EMT,CA,AWP,WE,Towers with Radar,0,0,10,0,10,0,0,100,0,100,0,0,110,0,110,190,0,190,300
03/04/2013,EMT,CA,AWP,WE,Towers with Radar,0,3,14,0,17,0,1,77,0,78,0,4,91,0,95,179,0,179,274
03/05/2013,EMT,CA,AWP,WE,Towers with Radar,0,2,10,0,12,0,0,37,0,37,0,2,47,0,49,102,0,102,151
03/06/2013,EMT,CA,AWP,WE,Towers with Radar,0,2,11,0,13,0,1,61,0,62,0,3,72,0,75,185,0,185,260
03/07/2013,EMT,CA,AWP,WE,Towers with Radar,0,1,5,0,6,0,0,32,0,32,0,1,37,0,38,115,0,115,153
03/08/2013,EMT,CA,AWP,WE,Towers with Radar,0,2,8,0,10,0,0,30,1,31,0,2,38,1,41,105,0,105,146
03/09/2013,EMT,CA,AWP,WE,Towers with Radar,0,0,8,0,8,0,0,92,0,92,0,0,100,0,100,210,0,210,310
03/10/2013,EMT,CA,AWP,WE,Towers with Radar,0,0,10,0,10,0,0,110,0,110,0,0,120,0,120,96,0,96,216
03/11/2013,EMT,CA,AWP,WE,Towers with Radar,0,3,15,0,18,0,1,94,0,95,0,4,109,0,113,119,0,119,232
03/12/2013,EMT,CA,AWP,WE,Towers with Radar,0,1,8,0,9,0,1,74,0,75,0,2,82,0,84,112,0,112,196
03/13/2013,EMT,CA,AWP,WE,Towers with Radar,0,1,10,0,11,0,1,94,0,95,0,2,104,0,106,132,0,132,238
03/14/2013,EMT,CA,AWP,WE,Towers with Radar,0,2,11,0,13,0,2,89,0,91,0,4,100,0,104,201,0,201,305
03/15/2013,EMT,CA,AWP,WE,Towers with Radar,0,1,9,0,10,0,0,101,0,101,0,1,110,0,111,185,0,185,296
03/16/2013,EMT,CA,AWP,WE,Towers with Radar,0,0,5,0,5,0,0,90,0,90,0,0,95,0,95,165,0,165,260
03/17/2013,EMT,CA,AWP,WE,Towers with Radar,0,0,15,0,15,0,0,86,0,86,0,0,101,0,101,143,0,143,244
03/18/2013,EMT,CA,AWP,WE,Towers with Radar,0,4,14,0,18,0,1,39,2,42,0,5,53,2,60,134,0,134,194
03/19/2013,EMT,CA,AWP,WE,Towers with Radar,0,1,21,0,22,0,3,45,0,48,0,4,66,0,70,132,0,132,202
03/20/2013,EMT,CA,AWP,WE,Towers with Radar,0,2,6,0,8,0,1,60,0,61,0,3,66,0,69,148,0,148,217
03/21/2013,EMT,CA,AWP,WE,Towers with Radar,0,2,7,0,9,0,1,112,0,113,0,3,119,0,122,204,0,204,326
03/22/2013,EMT,CA,AWP,WE,Towers with Radar,0,2,10,0,12,0,0,79,0,79,0,2,89,0,91,98,0,98,189
03/23/2013,EMT,CA,AWP,WE,Towers with Radar,0,0,6,0,6,0,0,117,0,117,0,0,123,0,123,165,0,165,288
03/24/2013,EMT,CA,AWP,WE,Towers with Radar,0,0,13,0,13,0,0,146,0,146,0,0,159,0,159,167,0,167,326
03/25/2013,EMT,CA,AWP,WE,Towers with Radar,0,3,7,0,10,0,2,83,0,85,0,5,90,0,95,43,0,43,138
03/26/2013,EMT,CA,AWP,WE,Towers with Radar,0,1,10,0,11,0,1,82,0,83,0,2,92,0,94,60,0,60,154
03/27/2013,EMT,CA,AWP,WE,Towers with Radar,0,1,13,0,14,0,2,77,0,79,0,3,90,0,93,115,0,115,208
03/28/2013,EMT,CA,AWP,WE,Towers with Radar,0,3,9,0,12,2,2,90,0,94,2,5,99,0,106,95,0,95,201
03/29/2013,EMT,CA,AWP,WE,Towers with Radar,0,2,12,0,14,0,0,110,0,110,0,2,122,0,124,154,0,154,278
03/30/2013,EMT,CA,AWP,WE,Towers with Radar,0,0,13,0,13,0,0,112,0,112,0,0,125,0,125,113,0,113,238
03/31/2013,EMT,CA,AWP,WE,Towers with Radar,0,0,7,0,7,0,0,52,0,52,0,0,59,0,59,162,0,162,221
04/01/2013,EMT,CA,AWP,WE,Towers with Radar,0,3,15,0,18,0,2,44,0,46,0,5,59,0,64,95,0,95,159
04/02/2013,EMT,CA,AWP,WE,Towers with Radar,0,1,13,0,14,0,0,68,0,68,0,1,81,0,82,108,0,108,190
04/03/2013,EMT,CA,AWP,WE,Towers with Radar,0,1,7,0,8,0,2,128,0,130,0,3,135,0,138,69,0,69,207
04/04/2013,EMT,CA,AWP,WE,Towers with Radar,0,2,9,0,11,0,2,64,0,66,0,4,73,0,77,204,0,204,281
04/05/2013,EMT,CA,AWP,WE,Towers with Radar,0,2,15,0,17,0,0,72,0,72,0,2,87,0,89,139,0,139,228
04/06/2013,EMT,CA,AWP,WE,Towers with Radar,0,0,10,0,10,0,0,75,1,76,0,0,85,1,86,137,0,137,223
04/07/2013,EMT,CA,AWP,WE,Towers with Radar,0,0,8,0,8,0,0,57,0,57,0,0,65,0,65,92,0,92,157
04/08/2013,EMT,CA,AWP,WE,Towers with Radar,0,3,4,0,7,0,1,3,0,4,0,4,7,0,11,0,0,0,11
04/09/2013,EMT,CA,AWP,WE,Towers with Radar,0,2,7,0,9,0,2,65,2,69,0,4,72,2,78,102,0,102,180
04/10/2013,EMT,CA,AWP,WE,Towers with Radar,0,1,11,0,12,0,1,110,0,111,0,2,121,0,123,103,0,103,226
04/11/2013,EMT,CA,AWP,WE,Towers with Radar,0,2,13,0,15,0,1,114,0,115,0,3,127,0,130,218,0,218,348
04/12/2013,EMT,CA,AWP,WE,Towers with Radar,0,2,11,0,13,0,0,72,0,72,0,2,83,0,85,129,0,129,214
04/13/2013,EMT,CA,AWP,WE,Towers with Radar,0,0,12,0,12,0,0,27,0,27,0,0,39,0,39,158,0,158,197
04/14/2013,EMT,CA,AWP,WE,Towers with Radar,0,0,19,0,19,0,0,42,0,42,0,0,61,0,61,175,0,175,236
04/15/2013,EMT,CA,AWP,WE,Towers with Radar,0,3,5,0,8,0,2,22,0,24,0,5,27,0,32,63,0,63,95
04/16/2013,EMT,CA,AWP,WE,Towers with Radar,0,1,9,0,10,0,1,41,0,42,0,2,50,0,52,84,0,84,136
04/17/2013,EMT,CA,AWP,WE,Towers with Radar,0,1,6,0,7,0,2,75,0,77,0,3,81,0,84,116,0,116,200
04/18/2013,EMT,CA,AWP,WE,Towers with Radar,0,1,10,0,11,0,1,86,0,87,0,2,96,0,98,132,0,132,230
04/19/2013,EMT,CA,AWP,WE,Towers with Radar,1,2,11,0,14,0,1,120,1,122,1,3,131,1,136,98,0,98,234
04/20/2013,EMT,CA,AWP,WE,Towers with Radar,0,0,8,0,8,0,0,163,1,164,0,0,171,1,172,165,0,165,337
04/21/2013,EMT,CA,AWP,WE,Towers with Radar,0,0,9,0,9,0,1,120,0,121,0,1,129,0,130,74,0,74,204
04/22/2013,EMT,CA,AWP,WE,Towers with Radar,0,3,9,0,12,0,1,64,0,65,0,4,73,0,77,125,0,125,202
04/23/2013,EMT,CA,AWP,WE,Towers with Radar,0,1,17,0,18,0,4,76,0,80,0,5,93,0,98,177,0,177,275
04/24/2013,EMT,CA,AWP,WE,Towers with Radar,0,0,12,0,12,0,2,30,0,32,0,2,42,0,44,56,0,56,100
04/25/2013,EMT,CA,AWP,WE,Towers with Radar,0,1,6,0,7,0,1,79,0,80,0,2,85,0,87,243,0,243,330
04/26/2013,EMT,CA,AWP,WE,Towers with Radar,0,1,12,0,13,0,1,129,0,130,0,2,141,0,143,143,0,143,286
04/27/2013,EMT,CA,AWP,WE,Towers with Radar,0,0,2,0,2,0,0,174,0,174,0,0,176,0,176,172,0,172,348
04/28/2013,EMT,CA,AWP,WE,Towers with Radar,0,0,4,0,4,2,0,119,0,121,2,0,123,0,125,209,0,209,334
04/29/2013,EMT,CA,AWP,WE,Towers with Radar,0,3,11,0,14,0,1,55,0,56,0,4,66,0,70,63,0,63,133
04/30/2013,EMT,CA,AWP,WE,Towers with Radar,0,1,13,0,14,0,2,72,0,74,0,3,85,0,88,160,0,160,248
05/01/2013,EMT,CA,AWP,WE,Towers with Radar,0,1,11,0,12,0,1,78,0,79,0,2,89,0,91,143,0,143,234
05/02/2013,EMT,CA,AWP,WE,Towers with Radar,0,1,8,0,9,0,1,81,0,82,0,2,89,0,91,233,0,233,324
05/03/2013,EMT,CA,AWP,WE,Towers with Radar,0,2,7,0,9,0,0,90,0,90,0,2,97,0,99,116,0,116,215
05/04/2013,EMT,CA,AWP,WE,Towers with Radar,0,0,9,0,9,0,0,88,0,88,0,0,97,0,97,117,0,117,214
05/05/2013,EMT,CA,AWP,WE,Towers with Radar,0,0,13,0,13,0,0,37,1,38,0,0,50,1,51,36,0,36,87
05/06/2013,EMT,CA,AWP,WE,Towers with Radar,0,4,10,0,14,0,0,12,0,12,0,4,22,0,26,11,0,11,37
05/07/2013,EMT,CA,AWP,WE,Towers with Radar,0,1,15,0,16,0,2,50,0,52,0,3,65,0,68,92,2,94,162
05/08/2013,EMT,CA,AWP,WE,Towers with Radar,0,1,18,0,19,0,1,91,2,94,0,2,109,2,113,141,0,141,254
05/09/2013,EMT,CA,AWP,WE,Towers with Radar,0,1,10,0,11,0,1,96,0,97,0,2,106,0,108,128,0,128,236
05/10/2013,EMT,CA,AWP,WE,Towers with Radar,0,2,13,0,15,0,0,102,1,103,0,2,115,1,118,107,0,107,225
05/11/2013,EMT,CA,AWP,WE,Towers with Radar,0,0,5,0,5,0,0,133,0,133,0,0,138,0,138,60,0,60,198
05/12/2013,EMT,CA,AWP,WE,Towers with Radar,0,0,8,0,8,0,0,88,0,88,0,0,96,0,96,29,0,29,125
05/13/2013,EMT,CA,AWP,WE,Towers with Radar,0,3,6,0,9,0,0,60,0,60,0,3,66,0,69,97,0,97,166
05/14/2013,EMT,CA,AWP,WE,Towers with Radar,0,2,4,0,6,0,2,107,0,109,0,4,111,0,115,119,0,119,234
05/15/2013,EMT,CA,AWP,WE,Towers with Radar,0,2,6,0,8,0,2,95,0,97,0,4,101,0,105,249,0,249,354
05/16/2013,EMT,CA,AWP,WE,Towers with Radar,0,1,14,0,15,0,2,66,0,68,0,3,80,0,83,127,0,127,210
05/17/2013,EMT,CA,AWP,WE,Towers with Radar,0,3,19,0,22,0,1,49,0,50,0,4,68,0,72,177,0,177,249
05/18/2013,EMT,CA,AWP,WE,Towers with Radar,0,0,7,0,7,0,0,104,0,104,0,0,111,0,111,116,0,116,227
05/19/2013,EMT,CA,AWP,WE,Towers with Radar,0,1,9,0,10,0,0,125,0,125,0,1,134,0,135,116,0,116,251
05/20/2013,EMT,CA,AWP,WE,Towers with Radar,0,3,12,0,15,0,1,88,1,90,0,4,100,1,105,115,0,115,220
05/21/2013,EMT,CA,AWP,WE,Towers with Radar,0,1,13,0,14,0,2,93,0,95,0,3,106,0,109,103,0,103,212
05/22/2013,EMT,CA,AWP,WE,Towers with Radar,0,1,9,0,10,0,0,68,0,68,0,1,77,0,78,275,0,275,353
05/23/2013,EMT,CA,AWP,WE,Towers with Radar,0,2,6,0,8,0,1,64,0,65,0,3,70,0,73,252,0,252,325
05/24/2013,EMT,CA,AWP,WE,Towers with Radar,0,1,10,0,11,0,1,82,0,83,0,2,92,0,94,151,0,151,245
05/25/2013,EMT,CA,AWP,WE,Towers with Radar,0,0,10,0,10,0,0,82,2,84,0,0,92,2,94,121,0,121,215
05/26/2013,EMT,CA,AWP,WE,Towers with Radar,0,0,16,0,16,0,0,101,0,101,0,0,117,0,117,144,0,144,261
05/27/2013,EMT,CA,AWP,WE,Towers with Radar,0,0,8,0,8,0,0,101,4,105,0,0,109,4,113,148,0,148,261
05/28/2013,EMT,CA,AWP,WE,Towers with Radar,0,3,3,0,6,0,0,53,0,53,0,3,56,0,59,136,0,136,195
05/29/2013,EMT,CA,AWP,WE,Towers with Radar,0,1,7,0,8,0,3,83,0,86,0,4,90,0,94,143,0,143,237
05/30/2013,EMT,CA,AWP,WE,Towers with Radar,0,2,14,1,17,0,0,86,0,86,0,2,100,1,103,108,0,108,211
05/31/2013,EMT,CA,AWP,WE,Towers with Radar,0,1,10,0,11,0,2,100,0,102,0,3,110,0,113,170,0,170,283
06/01/2013,EMT,CA,AWP,WE,Towers with Radar,0,0,10,0,10,0,0,122,0,122,0,0,132,0,132,202,0,202,334
06/02/2013,EMT,CA,AWP,WE,Towers with Radar,0,0,14,0,14,0,0,89,0,89,0,0,103,0,103,128,0,128,231
06/03/2013,EMT,CA,AWP,WE,Towers with Radar,1,2,11,0,14,1,0,37,0,38,2,2,48,0,52,206,0,206,258
06/04/2013,EMT,CA,AWP,WE,Towers with Radar,0,0,16,0,16,0,2,59,0,61,0,2,75,0,77,223,0,223,300
06/05/2013,EMT,CA,AWP,WE,Towers with Radar,0,1,13,0,14,0,1,75,0,76,0,2,88,0,90,147,0,147,237
06/06/2013,EMT,CA,AWP,WE,Towers with Radar,0,0,7,0,7,0,5,56,0,61,0,5,63,0,68,184,0,184,252
06/07/2013,EMT,CA,AWP,WE,Towers with Radar,0,2,7,0,9,0,1,62,0,63,0,3,69,0,72,44,0,44,116
06/08/2013,EMT,CA,AWP,WE,Towers with Radar,0,0,9,0,9,0,0,75,0,75,0,0,84,0,84,148,0,148,232
06/09/2013,EMT,CA,AWP,WE,Towers with Radar,0,0,7,0,7,0,1,74,0,75,0,1,81,0,82,152,0,152,234
06/10/2013,EMT,CA,AWP,WE,Towers with Radar,0,3,2,0,5,0,3,88,0,91,0,6,90,0,96,64,0,64,160
06/11/2013,EMT,CA,AWP,WE,Towers with Radar,0,0,11,0,11,0,1,106,0,107,0,1,117,0,118,126,0,126,244
06/12/2013,EMT,CA,AWP,WE,Towers with Radar,0,4,2,0,6,0,3,64,0,67,0,7,66,0,73,59,0,59,132
06/13/2013,EMT,CA,AWP,WE,Towers with Radar,1,1,6,0,8,1,2,84,0,87,2,3,90,0,95,175,0,175,270
06/14/2013,EMT,CA,AWP,WE,Towers with Radar,0,2,16,0,18,0,1,99,0,100,0,3,115,0,118,121,0,121,239
06/15/2013,EMT,CA,AWP,WE,Towers with Radar,0,0,9,0,9,0,0,116,0,116,0,0,125,0,125,192,0,192,317
06/16/2013,EMT,CA,AWP,WE,Towers with Radar,0,0,8,0,8,0,0,97,0,97,0,0,105,0,105,92,0,92,197
06/17/2013,EMT,CA,AWP,WE,Towers with Radar,0,3,6,0,9,1,2,119,0,122,1,5,125,0,131,138,0,138,269
06/18/2013,EMT,CA,AWP,WE,Towers with Radar,0,2,3,0,5,0,1,89,0,90,0,3,92,0,95,182,0,182,277
06/19/2013,EMT,CA,AWP,WE,Towers with Radar,0,1,7,0,8,0,4,78,0,82,0,5,85,0,90,126,0,126,216
06/20/2013,EMT,CA,AWP,WE,Towers with Radar,0,0,2,0,2,0,2,65,1,68,0,2,67,1,70,160,0,160,230
06/21/2013,EMT,CA,AWP,WE,Towers with Radar,0,1,10,0,11,0,0,7,0,7,0,1,17,0,18,0,0,0,18
06/22/2013,EMT,CA,AWP,WE,Towers with Radar,0,0,7,0,7,0,0,122,0,122,0,0,129,0,129,128,0,128,257
06/23/2013,EMT,CA,AWP,WE,Towers with Radar,0,0,6,0,6,0,0,111,0,111,0,0,117,0,117,123,0,123,240
06/24/2013,EMT,CA,AWP,WE,Towers with Radar,0,2,13,0,15,0,5,51,0,56,0,7,64,0,71,81,0,81,152
06/25/2013,EMT,CA,AWP,WE,Towers with Radar,0,1,10,0,11,0,2,42,0,44,0,3,52,0,55,278,0,278,333
06/26/2013,EMT,CA,AWP,WE,Towers with Radar,0,0,8,0,8,0,4,92,0,96,0,4,100,0,104,161,0,161,265
06/27/2013,EMT,CA,AWP,WE,Towers with Radar,1,1,2,0,4,1,0,68,0,69,2,1,70,0,73,171,0,171,244
06/28/2013,EMT,CA,AWP,WE,Towers with Radar,0,1,4,0,5,0,1,98,0,99,0,2,102,0,104,194,0,194,298
06/29/2013,EMT,CA,AWP,WE,Towers with Radar,0,0,4,0,4,0,0,83,0,83,0,0,87,0,87,142,0,142,229
06/30/2013,EMT,CA,AWP,WE,Towers with Radar,0,0,8,0,8,0,0,89,0,89,0,0,97,0,97,142,0,142,239
07/01/2013,EMT,CA,AWP,WE,Towers with Radar,0,2,7,0,9,0,2,63,0,65,0,4,70,0,74,152,0,152,226
07/02/2013,EMT,CA,AWP,WE,Towers with Radar,0,1,2,0,3,0,2,79,0,81,0,3,81,0,84,122,0,122,206
07/03/2013,EMT,CA,AWP,WE,Towers with Radar,0,2,8,0,10,0,1,112,0,113,0,3,120,0,123,150,0,150,273
07/04/2013,EMT,CA,AWP,WE,Towers with Radar,0,0,5,0,5,0,0,112,1,113,0,0,117,1,118,78,0,78,196
07/05/2013,EMT,CA,AWP,WE,Towers with Radar,0,1,13,0,14,2,1,57,0,60,2,2,70,0,74,120,0,120,194
07/06/2013,EMT,CA,AWP,WE,Towers with Radar,0,0,6,0,6,0,0,107,0,107,0,0,113,0,113,140,0,140,253
07/07/2013,EMT,CA,AWP,WE,Towers with Radar,0,0,8,0,8,0,0,105,0,105,0,0,113,0,113,242,0,242,355
07/08/2013,EMT,CA,AWP,WE,Towers with Radar,0,2,4,0,6,0,4,63,0,67,0,6,67,0,73,108,0,108,181
07/09/2013,EMT,CA,AWP,WE,Towers with Radar,0,1,9,0,10,0,4,85,0,89,0,5,94,0,99,172,0,172,271
07/10/2013,EMT,CA,AWP,WE,Towers with Radar,0,1,4,0,5,0,2,98,0,100,0,3,102,0,105,163,0,163,268
07/11/2013,EMT,CA,AWP,WE,Towers with Radar,0,1,8,0,9,0,0,95,1,96,0,1,103,1,105,239,0,239,344
07/12/2013,EMT,CA,AWP,WE,Towers with Radar,0,2,8,0,10,0,0,72,0,72,0,2,80,0,82,131,0,131,213
07/13/2013,EMT,CA,AWP,WE,Towers with Radar,0,0,10,0,10,0,0,129,0,129,0,0,139,0,139,130,0,130,269
07/14/2013,EMT,CA,AWP,WE,Towers with Radar,0,0,5,0,5,0,0,117,0,117,0,0,122,0,122,183,0,183,305
07/15/2013,EMT,CA,AWP,WE,Towers with Radar,0,3,3,0,6,0,1,69,0,70,0,4,72,0,76,186,0,186,262
07/16/2013,EMT,CA,AWP,WE,Towers with Radar,0,1,9,0,10,0,1,91,0,92,0,2,100,0,102,139,0,139,241
07/17/2013,EMT,CA,AWP,WE,Towers with Radar,0,2,6,0,8,0,2,112,1,115,0,4,118,1,123,219,0,219,342
07/18/2013,EMT,CA,AWP,WE,Towers with Radar,0,1,3,0,4,0,2,95,0,97,0,3,98,0,101,156,0,156,257
07/19/2013,EMT,CA,AWP,WE,Towers with Radar,0,2,6,0,8,0,0,108,0,108,0,2,114,0,116,179,0,179,295
07/20/2013,EMT,CA,AWP,WE,Towers with Radar,0,0,11,0,11,0,0,98,0,98,0,0,109,0,109,148,0,148,257
07/21/2013,EMT,CA,AWP,WE,Towers with Radar,0,0,7,0,7,0,0,110,0,110,0,0,117,0,117,153,0,153,270
07/22/2013,EMT,CA,AWP,WE,Towers with Radar,0,3,12,0,15,0,1,63,0,64,0,4,75,0,79,87,0,87,166
07/23/2013,EMT,CA,AWP,WE,Towers with Radar,0,1,9,0,10,0,4,96,0,100,0,5,105,0,110,152,0,152,262
07/24/2013,EMT,CA,AWP,WE,Towers with Radar,0,1,5,0,6,0,1,88,0,89,0,2,93,0,95,173,0,173,268
07/25/2013,EMT,CA,AWP,WE,Towers with Radar,0,1,6,0,7,0,0,95,0,95,0,1,101,0,102,248,0,248,350
07/26/2013,EMT,CA,AWP,WE,Towers with Radar,0,2,5,0,7,0,0,91,1,92,0,2,96,1,99,177,0,177,276
07/27/2013,EMT,CA,AWP,WE,Towers with Radar,0,0,7,0,7,0,0,110,0,110,0,0,117,0,117,95,0,95,212
07/28/2013,EMT,CA,AWP,WE,Towers with Radar,0,0,6,0,6,0,0,98,0,98,0,0,104,0,104,112,0,112,216
07/29/2013,EMT,CA,AWP,WE,Towers with Radar,0,2,11,0,13,0,7,67,0,74,0,9,78,0,87,213,0,213,300
07/30/2013,EMT,CA,AWP,WE,Towers with Radar,0,1,7,0,8,0,3,73,0,76,0,4,80,0,84,213,0,213,297
07/31/2013,EMT,CA,AWP,WE,Towers with Radar,0,1,7,0,8,0,4,75,0,79,0,5,82,0,87,156,0,156,243
08/01/2013,EMT,CA,AWP,WE,Towers with Radar,0,0,5,0,5,0,1,59,0,60,0,1,64,0,65,130,0,130,195
08/02/2013,EMT,CA,AWP,WE,Towers with Radar,0,2,13,0,15,0,1,110,0,111,0,3,123,0,126,160,0,160,286
08/03/2013,EMT,CA,AWP,WE,Towers with Radar,0,1,7,0,8,0,1,106,0,107,0,2,113,0,115,110,0,110,225
08/04/2013,EMT,CA,AWP,WE,Towers with Radar,0,0,15,0,15,0,0,117,1,118,0,0,132,1,133,54,0,54,187
08/05/2013,EMT,CA,AWP,WE,Towers with Radar,0,3,11,0,14,0,2,69,0,71,0,5,80,0,85,88,0,88,173
08/06/2013,EMT,CA,AWP,WE,Towers with Radar,0,1,11,0,12,0,2,46,0,48,0,3,57,0,60,91,0,91,151
08/07/2013,EMT,CA,AWP,WE,Towers with Radar,0,2,6,0,8,0,0,69,0,69,0,2,75,0,77,75,0,75,152
08/08/2013,EMT,CA,AWP,WE,Towers with Radar,0,2,11,0,13,0,3,100,0,103,0,5,111,0,116,146,0,146,262
08/09/2013,EMT,CA,AWP,WE,Towers with Radar,0,3,16,0,19,0,0,91,0,91,0,3,107,0,110,138,0,138,248
08/10/2013,EMT,CA,AWP,WE,Towers with Radar,0,0,17,0,17,0,0,115,0,115,0,0,132,0,132,99,0,99,231
08/11/2013,EMT,CA,AWP,WE,Towers with Radar,0,0,18,0,18,0,0,98,0,98,0,0,116,0,116,165,0,165,281
08/12/2013,EMT,CA,AWP,WE,Towers with Radar,0,3,7,0,10,0,3,64,0,67,0,6,71,0,77,85,0,85,162
08/13/2013,EMT,CA,AWP,WE,Towers with Radar,0,2,6,0,8,0,1,109,0,110,0,3,115,0,118,98,0,98,216
08/14/2013,EMT,CA,AWP,WE,Towers with Radar,0,1,11,0,12,0,3,94,2,99,0,4,105,2,111,178,0,178,289
08/15/2013,EMT,CA,AWP,WE,Towers with Radar,0,2,11,0,13,0,2,113,0,115,0,4,124,0,128,170,0,170,298
08/16/2013,EMT,CA,AWP,WE,Towers with Radar,0,2,8,0,10,0,0,93,0,93,0,2,101,0,103,187,0,187,290
08/17/2013,EMT,CA,AWP,WE,Towers with Radar,0,0,5,0,5,0,0,133,0,133,0,0,138,0,138,171,0,171,309
08/18/2013,EMT,CA,AWP,WE,Towers with Radar,0,0,9,0,9,0,0,129,0,129,0,0,138,0,138,77,0,77,215
08/19/2013,EMT,CA,AWP,WE,Towers with Radar,0,2,10,0,12,0,4,91,0,95,0,6,101,0,107,57,0,57,164
08/20/2013,EMT,CA,AWP,WE,Towers with Radar,0,2,12,0,14,0,4,92,0,96,0,6,104,0,110,246,0,246,356
08/21/2013,EMT,CA,AWP,WE,Towers with Radar,0,1,4,0,5,0,2,83,1,86,0,3,87,1,91,100,0,100,191
08/22/2013,EMT,CA,AWP,WE,Towers with Radar,0,1,11,0,12,0,2,127,0,129,0,3,138,0,141,92,0,92,233
08/23/2013,EMT,CA,AWP,WE,Towers with Radar,0,2,15,0,17,0,0,117,0,117,0,2,132,0,134,98,0,98,232
08/24/2013,EMT,CA,AWP,WE,Towers with Radar,0,0,6,0,6,0,0,128,0,128,0,0,134,0,134,141,0,141,275
08/25/2013,EMT,CA,AWP,WE,Towers with Radar,0,0,13,0,13,0,0,103,0,103,0,0,116,0,116,116,0,116,232
08/26/2013,EMT,CA,AWP,WE,Towers with Radar,0,3,6,0,9,0,3,74,0,77,0,6,80,0,86,99,0,99,185
08/27/2013,EMT,CA,AWP,WE,Towers with Radar,0,0,9,0,9,0,1,84,0,85,0,1,93,0,94,99,0,99,193
08/28/2013,EMT,CA,AWP,WE,Towers with Radar,0,1,5,0,6,0,0,88,1,89,0,1,93,1,95,166,0,166,261
08/29/2013,EMT,CA,AWP,WE,Towers with Radar,0,2,5,0,7,0,0,91,0,91,0,2,96,0,98,90,0,90,188
08/30/2013,EMT,CA,AWP,WE,Towers with Radar,0,2,3,0,5,0,0,84,0,84,0,2,87,0,89,104,0,104,193
08/31/2013,EMT,CA,AWP,WE,Towers with Radar,0,0,9,0,9,0,0,111,0,111,0,0,120,0,120,51,0,51,171
09/01/2013,EMT,CA,AWP,WE,Towers with Radar,0,1,3,0,4,0,0,87,1,88,0,1,90,1,92,87,0,87,179
09/02/2013,EMT,CA,AWP,WE,Towers with Radar,0,0,7,0,7,0,0,143,0,143,0,0,150,0,150,176,0,176,326
09/03/2013,EMT,CA,AWP,WE,Towers with Radar,0,3,4,0,7,0,3,79,2,84,0,6,83,2,91,153,0,153,244
09/04/2013,EMT,CA,AWP,WE,Towers with Radar,0,1,9,0,10,0,3,82,0,85,0,4,91,0,95,160,0,160,255
09/05/2013,EMT,CA,AWP,WE,Towers with Radar,0,1,3,0,4,0,0,82,0,82,0,1,85,0,86,130,0,130,216
09/06/2013,EMT,CA,AWP,WE,Towers with Radar,0,2,3,0,5,0,0,87,0,87,0,2,90,0,92,110,0,110,202
09/07/2013,EMT,CA,AWP,WE,Towers with Radar,0,0,4,0,4,0,0,102,0,102,0,0,106,0,106,140,0,140,246
09/08/2013,EMT,CA,AWP,WE,Towers with Radar,0,0,4,0,4,0,0,84,0,84,0,0,88,0,88,149,0,149,237
09/09/2013,EMT,CA,AWP,WE,Towers with Radar,0,3,4,0,7,0,0,88,0,88,0,3,92,0,95,86,0,86,181
09/10/2013,EMT,CA,AWP,WE,Towers with Radar,0,1,5,0,6,0,2,109,2,113,0,3,114,2,119,115,0,115,234
09/11/2013,EMT,CA,AWP,WE,Towers with Radar,0,1,10,1,12,0,2,111,0,113,0,3,121,1,125,143,0,143,268
09/12/2013,EMT,CA,AWP,WE,Towers with Radar,0,2,4,0,6,0,2,107,0,109,0,4,111,0,115,111,0,111,226
09/13/2013,EMT,CA,AWP,WE,Towers with Radar,0,2,7,0,9,0,0,90,0,90,0,2,97,0,99,198,0,198,297
09/14/2013,EMT,CA,AWP,WE,Towers with Radar,0,0,7,0,7,0,0,97,0,97,0,0,104,0,104,178,0,178,282
09/15/2013,EMT,CA,AWP,WE,Towers with Radar,0,1,6,0,7,0,1,114,1,116,0,2,120,1,123,148,0,148,271
09/16/2013,EMT,CA,AWP,WE,Towers with Radar,0,4,13,0,17,0,2,76,0,78,0,6,89,0,95,188,0,188,283
09/17/2013,EMT,CA,AWP,WE,Towers with Radar,0,0,5,0,5,0,3,91,0,94,0,3,96,0,99,125,0,125,224
09/18/2013,EMT,CA,AWP,WE,Towers with Radar,0,2,6,0,8,0,2,84,0,86,0,4,90,0,94,175,0,175,269
09/19/2013,EMT,CA,AWP,WE,Towers with Radar,0,2,4,1,7,0,0,69,0,69,0,2,73,1,76,165,0,165,241
09/20/2013,EMT,CA,AWP,WE,Towers with Radar,0,2,26,0,28,0,0,35,0,35,0,2,61,0,63,105,0,105,168
09/21/2013,EMT,CA,AWP,WE,Towers with Radar,0,0,11,0,11,0,0,128,0,128,0,0,139,0,139,142,0,142,281
09/22/2013,EMT,CA,AWP,WE,Towers with Radar,0,0,2,0,2,0,0,244,2,246,0,0,246,2,248,205,0,205,453
09/23/2013,EMT,CA,AWP,WE,Towers with Radar,0,3,5,0,8,0,1,127,1,129,0,4,132,1,137,84,0,84,221
09/24/2013,EMT,CA,AWP,WE,Towers with Radar,0,2,5,0,7,0,1,101,0,102,0,3,106,0,109,193,0,193,302
09/25/2013,EMT,CA,AWP,WE,Towers with Radar,0,1,3,0,4,0,2,90,0,92,0,3,93,0,96,237,0,237,333
09/26/2013,EMT,CA,AWP,WE,Towers with Radar,0,1,8,0,9,0,0,83,0,83,0,1,91,0,92,120,0,120,212
09/27/2013,EMT,CA,AWP,WE,Towers with Radar,0,2,13,0,15,0,0,132,0,132,0,2,145,0,147,169,0,169,316
09/28/2013,EMT,CA,AWP,WE,Towers with Radar,0,0,7,0,7,0,0,153,0,153,0,0,160,0,160,217,0,217,377
09/29/2013,EMT,CA,AWP,WE,Towers with Radar,0,0,5,0,5,0,0,112,0,112,0,0,117,0,117,84,0,84,201
09/30/2013,EMT,CA,AWP,WE,Towers with Radar,0,4,6,0,10,0,2,100,1,103,0,6,106,1,113,128,0,128,241
10/01/2013,EMT,CA,AWP,WE,Towers with Radar,0,3,6,0,9,0,2,85,0,87,0,5,91,0,96,60,0,60,156
10/02/2013,EMT,CA,AWP,WE,Towers with Radar,0,2,7,0,9,0,0,69,0,69,0,2,76,0,78,149,0,149,227
10/03/2013,EMT,CA,AWP,WE,Towers with Radar,0,1,14,0,15,0,2,89,0,91,0,3,103,0,106,91,0,91,197
10/04/2013,EMT,CA,AWP,WE,Towers with Radar,0,2,1,0,3,0,0,52,0,52,0,2,53,0,55,137,0,137,192
10/05/2013,EMT,CA,AWP,WE,Towers with Radar,0,0,3,0,3,0,0,68,0,68,0,0,71,0,71,131,0,131,202
10/06/2013,EMT,CA,AWP,WE,Towers with Radar,0,0,5,0,5,0,0,97,0,97,0,0,102,0,102,148,0,148,250
10/07/2013,EMT,CA,AWP,WE,Towers with Radar,0,2,6,0,8,0,3,81,0,84,0,5,87,0,92,115,0,115,207
10/08/2013,EMT,CA,AWP,WE,Towers with Radar,1,1,12,0,14,0,0,83,0,83,1,1,95,0,97,125,0,125,222
10/09/2013,EMT,CA,AWP,WE,Towers with Radar,0,1,5,0,6,0,1,15,0,16,0,2,20,0,22,95,0,95,117
10/10/2013,EMT,CA,AWP,WE,Towers with Radar,0,0,10,0,10,0,2,81,0,83,0,2,91,0,93,88,0,88,181
10/11/2013,EMT,CA,AWP,WE,Towers with Radar,0,2,10,0,12,0,2,99,0,101,0,4,109,0,113,147,0,147,260
10/12/2013,EMT,CA,AWP,WE,Towers with Radar,0,0,12,0,12,1,0,120,0,121,1,0,132,0,133,236,0,236,369
10/13/2013,EMT,CA,AWP,WE,Towers with Radar,0,0,4,0,4,0,2,212,0,214,0,2,216,0,218,128,0,128,346
10/14/2013,EMT,CA,AWP,WE,Towers with Radar,0,3,4,0,7,0,2,86,0,88,0,5,90,0,95,138,0,138,233
10/15/2013,EMT,CA,AWP,WE,Towers with Radar,0,1,6,0,7,0,1,109,1,111,0,2,115,1,118,77,0,77,195
10/16/2013,EMT,CA,AWP,WE,Towers with Radar,0,1,7,0,8,0,3,104,0,107,0,4,111,0,115,150,0,150,265
10/17/2013,EMT,CA,AWP,WE,Towers with Radar,0,1,8,0,9,0,2,103,0,105,0,3,111,0,114,89,0,89,203
10/18/2013,EMT,CA,AWP,WE,Towers with Radar,0,1,19,0,20,0,3,95,0,98,0,4,114,0,118,109,0,109,227
10/19/2013,EMT,CA,AWP,WE,Towers with Radar,0,0,9,0,9,0,0,139,0,139,0,0,148,0,148,130,0,130,278
10/20/2013,EMT,CA,AWP,WE,Towers with Radar,0,0,9,0,9,0,0,113,0,113,0,0,122,0,122,80,0,80,202
10/21/2013,EMT,CA,AWP,WE,Towers with Radar,0,3,17,0,20,0,1,74,0,75,0,4,91,0,95,41,0,41,136
10/22/2013,EMT,CA,AWP,WE,Towers with Radar,0,0,7,0,7,0,3,77,0,80,0,3,84,0,87,224,0,224,311
10/23/2013,EMT,CA,AWP,WE,Towers with Radar,0,2,14,0,16,0,1,37,0,38,0,3,51,0,54,145,0,145,199
10/24/2013,EMT,CA,AWP,WE,Towers with Radar,0,2,21,0,23,0,0,35,0,35,0,2,56,0,58,143,0,143,201
10/25/2013,EMT,CA,AWP,WE,Towers with Radar,0,2,11,0,13,0,0,68,0,68,0,2,79,0,81,172,0,172,253
10/26/2013,EMT,CA,AWP,WE,Towers with Radar,1,0,15,0,16,1,1,101,0,103,2,1,116,0,119,163,0,163,282
10/27/2013,EMT,CA,AWP,WE,Towers with Radar,0,0,9,0,9,0,0,68,1,69,0,0,77,1,78,112,0,112,190
10/28/2013,EMT,CA,AWP,WE,Towers with Radar,0,3,7,0,10,0,2,31,0,33,0,5,38,0,43,47,0,47,90
10/29/2013,EMT,CA,AWP,WE,Towers with Radar,0,1,9,0,10,0,3,67,3,73,0,4,76,3,83,194,0,194,277
10/30/2013,EMT,CA,AWP,WE,Towers with Radar,0,2,10,0,12,1,2,112,3,118,1,4,122,3,130,162,0,162,292
10/31/2013,EMT,CA,AWP,WE,Towers with Radar,0,0,2,0,2,0,3,99,0,102,0,3,101,0,104,68,0,68,172
11/01/2013,EMT,CA,AWP,WE,Towers with Radar,0,0,8,0,8,0,0,133,1,134,0,0,141,1,142,131,0,131,273
11/02/2013,EMT,CA,AWP,WE,Towers with Radar,0,0,9,0,9,0,0,115,0,115,0,0,124,0,124,127,0,127,251
11/03/2013,EMT,CA,AWP,WE,Towers with Radar,0,0,12,0,12,0,0,106,0,106,0,0,118,0,118,162,0,162,280
11/04/2013,EMT,CA,AWP,WE,Towers with Radar,0,2,9,1,12,0,3,52,0,55,0,5,61,1,67,164,0,164,231
11/05/2013,EMT,CA,AWP,WE,Towers with Radar,0,2,9,0,11,0,1,78,0,79,0,3,87,0,90,204,0,204,294
11/06/2013,EMT,CA,AWP,WE,Towers with Radar,0,2,5,0,7,0,3,112,0,115,0,5,117,0,122,152,0,152,274
11/07/2013,EMT,CA,AWP,WE,Towers with Radar,0,2,5,0,7,0,2,102,1,105,0,4,107,1,112,57,0,57,169
11/08/2013,EMT,CA,AWP,WE,Towers with Radar,0,2,9,0,11,0,1,125,0,126,0,3,134,0,137,165,0,165,302
11/09/2013,EMT,CA,AWP,WE,Towers with Radar,0,0,8,0,8,0,0,95,0,95,0,0,103,0,103,236,0,236,339
11/10/2013,EMT,CA,AWP,WE,Towers with Radar,0,0,7,0,7,0,1,127,0,128,0,1,134,0,135,152,0,152,287
11/11/2013,EMT,CA,AWP,WE,Towers with Radar,0,0,14,0,14,0,1,128,4,133,0,1,142,4,147,158,0,158,305
11/12/2013,EMT,CA,AWP,WE,Towers with Radar,0,4,7,0,11,0,1,88,0,89,0,5,95,0,100,205,0,205,305
11/13/2013,EMT,CA,AWP,WE,Towers with Radar,0,1,7,0,8,0,3,106,0,109,0,4,113,0,117,172,0,172,289
11/14/2013,EMT,CA,AWP,WE,Towers with Radar,0,1,7,0,8,0,2,99,1,102,0,3,106,1,110,115,0,115,225
11/15/2013,EMT,CA,AWP,WE,Towers with Radar,0,2,21,0,23,0,0,63,0,63,0,2,84,0,86,160,0,160,246
11/16/2013,EMT,CA,AWP,WE,Towers with Radar,0,0,13,0,13,0,0,72,0,72,0,0,85,0,85,161,0,161,246
11/17/2013,EMT,CA,AWP,WE,Towers with Radar,0,0,12,0,12,0,0,119,1,120,0,0,131,1,132,159,0,159,291
11/18/2013,EMT,CA,AWP,WE,Towers with Radar,0,5,9,0,14,0,1,81,0,82,0,6,90,0,96,129,0,129,225
11/19/2013,EMT,CA,AWP,WE,Towers with Radar,0,3,18,0,21,1,0,43,1,45,1,3,61,1,66,86,0,86,152
11/20/2013,EMT,CA,AWP,WE,Towers with Radar,0,0,12,0,12,0,1,52,2,55,0,1,64,2,67,173,0,173,240
11/21/2013,EMT,CA,AWP,WE,Towers with Radar,0,1,8,0,9,0,4,19,2,25,0,5,27,2,34,92,0,92,126
11/22/2013,EMT,CA,AWP,WE,Towers with Radar,0,2,15,0,17,0,0,66,0,66,0,2,81,0,83,147,0,147,230
11/23/2013,EMT,CA,AWP,WE,Towers with Radar,0,0,15,0,15,0,1,90,2,93,0,1,105,2,108,240,0,240,348
11/24/2013,EMT,CA,AWP,WE,Towers with Radar,0,0,12,0,12,0,0,136,0,136,0,0,148,0,148,239,0,239,387
11/25/2013,EMT,CA,AWP,WE,Towers with Radar,0,4,4,0,8,0,1,87,0,88,0,5,91,0,96,68,0,68,164
11/26/2013,EMT,CA,AWP,WE,Towers with Radar,0,1,8,0,9,0,2,67,1,70,0,3,75,1,79,81,0,81,160
11/27/2013,EMT,CA,AWP,WE,Towers with Radar,0,1,9,0,10,0,2,118,0,120,0,3,127,0,130,245,0,245,375
11/28/2013,EMT,CA,AWP,WE,Towers with Radar,0,0,2,0,2,0,0,54,0,54,0,0,56,0,56,98,0,98,154
11/29/2013,EMT,CA,AWP,WE,Towers with Radar,0,2,7,0,9,0,0,35,1,36,0,2,42,1,45,94,0,94,139
11/30/2013,EMT,CA,AWP,WE,Towers with Radar,0,2,7,0,9,0,1,141,0,142,0,3,148,0,151,86,0,86,237
12/01/2013,EMT,CA,AWP,WE,Towers with Radar,0,0,7,0,7,0,0,99,0,99,0,0,106,0,106,109,0,109,215
12/02/2013,EMT,CA,AWP,WE,Towers with Radar,0,3,6,0,9,0,1,69,0,70,0,4,75,0,79,94,0,94,173
12/03/2013,EMT,CA,AWP,WE,Towers with Radar,0,2,11,0,13,0,0,56,2,58,0,2,67,2,71,208,0,208,279
12/04/2013,EMT,CA,AWP,WE,Towers with Radar,0,2,9,0,11,0,2,121,3,126,0,4,130,3,137,157,0,157,294
12/05/2013,EMT,CA,AWP,WE,Towers with Radar,0,2,4,0,6,0,1,112,0,113,0,3,116,0,119,170,0,170,289
12/06/2013,EMT,CA,AWP,WE,Towers with Radar,0,2,4,0,6,0,1,78,0,79,0,3,82,0,85,148,0,148,233
12/07/2013,EMT,CA,AWP,WE,Towers with Radar,0,0,8,0,8,0,0,31,0,31,0,0,39,0,39,87,0,87,126
12/08/2013,EMT,CA,AWP,WE,Towers with Radar,0,0,3,0,3,0,0,101,0,101,0,0,104,0,104,179,0,179,283
12/09/2013,EMT,CA,AWP,WE,Towers with Radar,0,3,6,0,9,0,1,55,0,56,0,4,61,0,65,138,0,138,203
12/10/2013,EMT,CA,AWP,WE,Towers with Radar,0,3,6,0,9,0,1,87,1,89,0,4,93,1,98,157,0,157,255
12/11/2013,EMT,CA,AWP,WE,Towers with Radar,0,2,9,0,11,0,2,106,0,108,0,4,115,0,119,160,0,160,279
12/12/2013,EMT,CA,AWP,WE,Towers with Radar,0,3,9,0,12,0,2,84,0,86,0,5,93,0,98,46,0,46,144
12/13/2013,EMT,CA,AWP,WE,Towers with Radar,0,2,11,2,15,0,0,114,0,114,0,2,125,2,129,127,0,127,256
12/14/2013,EMT,CA,AWP,WE,Towers with Radar,0,0,4,0,4,0,0,102,0,102,0,0,106,0,106,137,0,137,243
12/15/2013,EMT,CA,AWP,WE,Towers with Radar,0,0,6,0,6,0,0,103,0,103,0,0,109,0,109,208,0,208,317
12/16/2013,EMT,CA,AWP,WE,Towers with Radar,0,3,5,0,8,0,2,97,0,99,0,5,102,0,107,90,0,90,197
12/17/2013,EMT,CA,AWP,WE,Towers with Radar,0,2,10,0,12,0,2,125,0,127,0,4,135,0,139,124,0,124,263
12/18/2013,EMT,CA,AWP,WE,Towers with Radar,0,3,13,0,16,0,0,104,1,105,0,3,117,1,121,85,0,85,206
12/19/2013,EMT,CA,AWP,WE,Towers with Radar,0,1,8,0,9,0,1,10,4,15,0,2,18,4,24,23,0,23,47
12/20/2013,EMT,CA,AWP,WE,Towers with Radar,0,2,6,2,10,0,0,109,3,112,0,2,115,5,122,85,0,85,207
12/21/2013,EMT,CA,AWP,WE,Towers with Radar,0,0,13,0,13,0,0,83,0,83,0,0,96,0,96,243,0,243,339
12/22/2013,EMT,CA,AWP,WE,Towers with Radar,0,0,4,0,4,0,0,100,0,100,0,0,104,0,104,158,0,158,262
12/23/2013,EMT,CA,AWP,WE,Towers with Radar,0,4,4,0,8,0,1,101,1,103,0,5,105,1,111,108,0,108,219
12/24/2013,EMT,CA,AWP,WE,Towers with Radar,0,2,2,0,4,0,2,67,4,73,0,4,69,4,77,45,0,45,122
12/25/2013,EMT,CA,AWP,WE,Towers with Radar,0,0,1,0,1,0,0,60,0,60,0,0,61,0,61,64,0,64,125
12/26/2013,EMT,CA,AWP,WE,Towers with Radar,0,2,11,0,13,0,3,82,3,88,0,5,93,3,101,134,0,134,235
12/27/2013,EMT,CA,AWP,WE,Towers with Radar,0,3,6,1,10,0,1,98,0,99,0,4,104,1,109,118,0,118,227
12/28/2013,EMT,CA,AWP,WE,Towers with Radar,0,0,6,0,6,0,0,107,0,107,0,0,113,0,113,138,0,138,251
12/29/2013,EMT,CA,AWP,WE,Towers with Radar,0,0,7,0,7,0,0,91,0,91,0,0,98,0,98,47,0,47,145
12/30/2013,EMT,CA,AWP,WE,Towers with Radar,0,3,7,0,10,0,1,122,2,125,0,4,129,2,135,82,0,82,217
12/31/2013,EMT,CA,AWP,WE,Towers with Radar,0,2,5,0,7,0,2,104,1,107,0,4,109,1,114,84,0,84,198
01/01/2014,EMT,CA,AWP,WE,Towers with Radar,0,0,8,0,8,0,0,76,3,79,0,0,84,3,87,21,0,21,108
01/02/2014,EMT,CA,AWP,WE,Towers with Radar,0,1,6,0,7,0,2,131,2,135,0,3,137,2,142,123,0,123,265
01/03/2014,EMT,CA,AWP,WE,Towers with Radar,0,1,5,0,6,1,0,109,0,110,1,1,114,0,116,198,0,198,314
01/04/2014,EMT,CA,AWP,WE,Towers with Radar,0,0,11,0,11,0,0,106,0,106,0,0,117,0,117,150,0,150,267
01/05/2014,EMT,CA,AWP,WE,Towers with Radar,0,0,4,0,4,0,0,130,0,130,0,0,134,0,134,163,0,163,297
01/06/2014,EMT,CA,AWP,WE,Towers with Radar,0,5,5,0,10,0,2,83,0,85,0,7,88,0,95,103,0,103,198
01/07/2014,EMT,CA,AWP,WE,Towers with Radar,0,2,4,0,6,0,1,16,0,17,0,3,20,0,23,0,0,0,23
01/08/2014,EMT,CA,AWP,WE,Towers with Radar,0,1,6,0,7,0,0,11,0,11,0,1,17,0,18,0,0,0,18
01/09/2014,EMT,CA,AWP,WE,Towers with Radar,0,2,10,0,12,1,1,40,0,42,1,3,50,0,54,142,0,142,196
01/10/2014,EMT,CA,AWP,WE,Towers with Radar,0,2,8,0,10,0,0,84,1,85,0,2,92,1,95,167,0,167,262
01/11/2014,EMT,CA,AWP,WE,Towers with Radar,0,0,13,0,13,0,0,123,0,123,0,0,136,0,136,188,0,188,324
01/12/2014,EMT,CA,AWP,WE,Towers with Radar,0,0,3,0,3,0,1,70,4,75,0,1,73,4,78,179,0,179,257
01/13/2014,EMT,CA,AWP,WE,Towers with Radar,0,2,4,0,6,0,0,70,0,70,0,2,74,0,76,71,0,71,147
01/14/2014,EMT,CA,AWP,WE,Towers with Radar,1,0,7,0,8,1,3,49,0,53,2,3,56,0,61,105,0,105,166
01/15/2014,EMT,CA,AWP,WE,Towers with Radar,0,1,6,0,7,0,2,111,0,113,0,3,117,0,120,111,0,111,231
01/16/2014,EMT,CA,AWP,WE,Towers with Radar,0,1,7,0,8,0,1,96,1,98,0,2,103,1,106,127,0,127,233
01/17/2014,EMT,CA,AWP,WE,Towers with Radar,0,3,3,0,6,0,0,86,0,86,0,3,89,0,92,101,0,101,193
01/18/2014,EMT,CA,AWP,WE,Towers with Radar,0,0,4,0,4,0,0,113,1,114,0,0,117,1,118,268,0,268,386
01/19/2014,EMT,CA,AWP,WE,Towers with Radar,0,0,9,0,9,0,0,100,0,100,0,0,109,0,109,232,0,232,341
01/20/2014,EMT,CA,AWP,WE,Towers with Radar,0,0,11,0,11,0,0,110,0,110,0,0,121,0,121,159,0,159,280
01/21/2014,EMT,CA,AWP,WE,Towers with Radar,0,3,8,0,11,1,0,89,0,90,1,3,97,0,101,95,0,95,196
01/22/2014,EMT,CA,AWP,WE,Towers with Radar,0,1,10,0,11,0,4,128,0,132,0,5,138,0,143,53,0,53,196
01/23/2014,EMT,CA,AWP,WE,Towers with Radar,0,2,7,0,9,0,1,114,0,115,0,3,121,0,124,78,0,78,202
01/24/2014,EMT,CA,AWP,WE,Towers with Radar,0,2,8,0,10,0,0,100,0,100,0,2,108,0,110,172,0,172,282
01/25/2014,EMT,CA,AWP,WE,Towers with Radar,0,0,6,0,6,0,1,138,0,139,0,1,144,0,145,234,0,234,379
01/26/2014,EMT,CA,AWP,WE,Towers with Radar,0,0,11,0,11,0,0,125,0,125,0,0,136,0,136,221,0,221,357
01/27/2014,EMT,CA,AWP,WE,Towers with Radar,0,3,10,0,13,0,1,78,0,79,0,4,88,0,92,103,0,103,195
01/28/2014,EMT,CA,AWP,WE,Towers with Radar,0,1,10,0,11,0,1,82,0,83,0,2,92,0,94,182,0,182,276
01/29/2014,EMT,CA,AWP,WE,Towers with Radar,0,2,7,0,9,0,3,83,0,86,0,5,90,0,95,55,0,55,150
01/30/2014,EMT,CA,AWP,WE,Towers with Radar,0,2,9,0,11,0,1,14,2,17,0,3,23,2,28,16,0,16,44
01/31/2014,EMT,CA,AWP,WE,Towers with Radar,0,2,14,0,16,0,0,38,0,38,0,2,52,0,54,44,0,44,98
02/01/2014,EMT,CA,AWP,WE,Towers with Radar,0,0,7,0,7,0,0,126,0,126,0,0,133,0,133,224,0,224,357
02/02/2014,EMT,CA,AWP,WE,Towers with Radar,0,0,10,0,10,0,0,88,1,89,0,0,98,1,99,113,0,113,212
02/03/2014,EMT,CA,AWP,WE,Towers with Radar,0,3,5,0,8,0,0,45,0,45,0,3,50,0,53,124,0,124,177
02/04/2014,EMT,CA,AWP,WE,Towers with Radar,0,2,5,0,7,0,1,53,0,54,0,3,58,0,61,181,0,181,242
02/05/2014,EMT,CA,AWP,WE,Towers with Radar,0,1,3,0,4,0,1,116,0,117,0,2,119,0,121,161,0,161,282
02/06/2014,EMT,CA,AWP,WE,Towers with Radar,0,2,3,0,5,0,0,28,0,28,0,2,31,0,33,118,0,118,151
02/07/2014,EMT,CA,AWP,WE,Towers with Radar,0,2,9,0,11,0,0,58,0,58,0,2,67,0,69,212,0,212,281
02/08/2014,EMT,CA,AWP,WE,Towers with Radar,0,1,8,0,9,1,1,101,0,103,1,2,109,0,112,189,0,189,301
02/09/2014,EMT,CA,AWP,WE,Towers with Radar,0,0,9,0,9,0,0,46,0,46,0,0,55,0,55,281,0,281,336
02/10/2014,EMT,CA,AWP,WE,Towers with Radar,0,4,10,2,16,0,1,72,0,73,0,5,82,2,89,132,0,132,221
02/11/2014,EMT,CA,AWP,WE,Towers with Radar,0,2,7,0,9,0,1,100,0,101,0,3,107,0,110,128,0,128,238
02/12/2014,EMT,CA,AWP,WE,Towers with Radar,0,2,14,0,16,0,1,115,0,116,0,3,129,0,132,105,0,105,237
02/13/2014,EMT,CA,AWP,WE,Towers with Radar,0,1,6,0,7,0,3,102,0,105,0,4,108,0,112,86,0,86,198
02/14/2014,EMT,CA,AWP,WE,Towers with Radar,0,0,8,0,8,0,1,79,5,85,0,1,87,5,93,128,0,128,221
02/15/2014,EMT,CA,AWP,WE,Towers with Radar,0,0,12,0,12,0,0,141,9,150,0,0,153,9,162,230,0,230,392
02/16/2014,EMT,CA,AWP,WE,Towers with Radar,0,0,10,0,10,0,0,135,2,137,0,0,145,2,147,248,0,248,395
02/17/2014,EMT,CA,AWP,WE,Towers with Radar,0,4,8,0,12,0,1,116,0,117,0,5,124,0,129,153,0,153,282
02/18/2014,EMT,CA,AWP,WE,Towers with Radar,0,2,6,0,8,0,2,82,0,84,0,4,88,0,92,239,0,239,331
02/19/2014,EMT,CA,AWP,WE,Towers with Radar,0,1,10,0,11,0,0,59,1,60,0,1,69,1,71,178,0,178,249
02/20/2014,EMT,CA,AWP,WE,Towers with Radar,0,1,11,0,12,0,2,115,0,117,0,3,126,0,129,193,0,193,322
02/21/2014,EMT,CA,AWP,WE,Towers with Radar,1,2,9,0,12,0,1,124,0,125,1,3,133,0,137,148,0,148,285
02/22/2014,EMT,CA,AWP,WE,Towers with Radar,0,0,11,0,11,0,0,148,0,148,0,0,159,0,159,165,0,165,324
02/23/2014,EMT,CA,AWP,WE,Towers with Radar,0,0,10,0,10,0,2,131,0,133,0,2,141,0,143,188,0,188,331
02/24/2014,EMT,CA,AWP,WE,Towers with Radar,0,3,3,0,6,0,2,118,1,121,0,5,121,1,127,144,0,144,271
02/25/2014,EMT,CA,AWP,WE,Towers with Radar,0,1,7,2,10,0,2,94,0,96,0,3,101,2,106,181,0,181,287
02/26/2014,EMT,CA,AWP,WE,Towers with Radar,0,1,3,0,4,0,1,57,0,58,0,2,60,0,62,117,0,117,179
02/27/2014,EMT,CA,AWP,WE,Towers with Radar,0,1,10,0,11,0,1,46,0,47,0,2,56,0,58,35,0,35,93
02/28/2014,EMT,CA,AWP,WE,Towers with Radar,0,2,3,0,5,0,0,2,0,2,0,2,5,0,7,3,0,3,10
03/01/2014,EMT,CA,AWP,WE,Towers with Radar,0,0,1,0,1,0,0,4,0,4,0,0,5,0,5,0,0,0,5
03/02/2014,EMT,CA,AWP,WE,Towers with Radar,0,0,11,0,11,0,0,17,0,17,0,0,28,0,28,74,0,74,102
03/03/2014,EMT,CA,AWP,WE,Towers with Radar,0,3,7,0,10,0,0,93,0,93,0,3,100,0,103,188,0,188,291
03/04/2014,EMT,CA,AWP,WE,Towers with Radar,0,1,9,0,10,0,1,50,1,52,0,2,59,1,62,216,0,216,278
03/05/2014,EMT,CA,AWP,WE,Towers with Radar,0,2,18,0,20,0,1,87,0,88,0,3,105,0,108,149,0,149,257
03/06/2014,EMT,CA,AWP,WE,Towers with Radar,0,2,10,0,12,0,1,83,0,84,0,3,93,0,96,146,0,146,242
03/07/2014,EMT,CA,AWP,WE,Towers with Radar,0,2,22,0,24,0,0,102,0,102,0,2,124,0,126,258,0,258,384
03/08/2014,EMT,CA,AWP,WE,Towers with Radar,2,1,11,0,14,0,0,151,0,151,2,1,162,0,165,202,0,202,367
03/09/2014,EMT,CA,AWP,WE,Towers with Radar,0,0,7,0,7,0,0,92,0,92,0,0,99,0,99,274,0,274,373
03/10/2014,EMT,CA,AWP,WE,Towers with Radar,0,3,3,0,6,0,0,61,0,61,0,3,64,0,67,156,0,156,223
03/11/2014,EMT,CA,AWP,WE,Towers with Radar,0,2,4,0,6,0,3,97,0,100,0,5,101,0,106,192,0,192,298
03/12/2014,EMT,CA,AWP,WE,Towers with Radar,0,1,11,0,12,0,2,45,0,47,0,3,56,0,59,84,0,84,143
03/13/2014,EMT,CA,AWP,WE,Towers with Radar,0,1,8,0,9,0,2,87,4,93,0,3,95,4,102,134,0,134,236
03/14/2014,EMT,CA,AWP,WE,Towers with Radar,0,1,4,0,5,0,2,107,0,109,0,3,111,0,114,125,0,125,239
03/15/2014,EMT,CA,AWP,WE,Towers with Radar,0,0,12,0,12,0,0,157,0,157,0,0,169,0,169,282,0,282,451
03/16/2014,EMT,CA,AWP,WE,Towers with Radar,0,0,5,0,5,0,0,124,0,124,0,0,129,0,129,81,0,81,210
03/17/2014,EMT,CA,AWP,WE,Towers with Radar,0,5,8,0,13,0,1,52,0,53,0,6,60,0,66,140,0,140,206
03/18/2014,EMT,CA,AWP,WE,Towers with Radar,0,2,10,0,12,0,3,67,0,70,0,5,77,0,82,162,0,162,244
03/19/2014,EMT,CA,AWP,WE,Towers with Radar,0,1,6,0,7,0,4,100,1,105,0,5,106,1,112,182,0,182,294
03/20/2014,EMT,CA,AWP,WE,Towers with Radar,0,1,8,0,9,0,2,109,0,111,0,3,117,0,120,180,0,180,300
03/21/2014,EMT,CA,AWP,WE,Towers with Radar,0,2,7,0,9,0,1,71,1,73,0,3,78,1,82,170,0,170,252
03/22/2014,EMT,CA,AWP,WE,Towers with Radar,0,0,19,0,19,0,0,80,0,80,0,0,99,0,99,188,0,188,287
03/23/2014,EMT,CA,AWP,WE,Towers with Radar,0,0,2,0,2,0,0,88,0,88,0,0,90,0,90,166,0,166,256
03/24/2014,EMT,CA,AWP,WE,Towers with Radar,0,3,9,0,12,0,1,39,0,40,0,4,48,0,52,164,0,164,216
03/25/2014,EMT,CA,AWP,WE,Towers with Radar,0,3,7,0,10,0,0,17,0,17,0,3,24,0,27,205,0,205,232
03/26/2014,EMT,CA,AWP,WE,Towers with Radar,0,2,3,0,5,1,4,17,0,22,1,6,20,0,27,71,0,71,98
03/27/2014,EMT,CA,AWP,WE,Towers with Radar,0,1,10,0,11,2,2,88,2,94,2,3,98,2,105,167,0,167,272
03/28/2014,EMT,CA,AWP,WE,Towers with Radar,2,2,12,0,16,0,0,129,3,132,2,2,141,3,148,250,0,250,398
03/29/2014,EMT,CA,AWP,WE,Towers with Radar,0,2,12,0,14,0,0,133,0,133,0,2,145,0,147,143,0,143,290
03/30/2014,EMT,CA,AWP,WE,Towers with Radar,0,0,7,0,7,0,0,86,0,86,0,0,93,0,93,118,0,118,211
03/31/2014,EMT,CA,AWP,WE,Towers with Radar,0,2,6,0,8,0,2,82,0,84,0,4,88,0,92,151,0,151,243
04/01/2014,EMT,CA,AWP,WE,Towers with Radar,0,2,5,0,7,0,4,36,0,40,0,6,41,0,47,130,0,130,177
04/02/2014,EMT,CA,AWP,WE,Towers with Radar,0,2,1,0,3,0,3,45,2,50,0,5,46,2,53,101,0,101,154
04/03/2014,EMT,CA,AWP,WE,Towers with Radar,0,2,9,0,11,0,2,101,0,103,0,4,110,0,114,139,0,139,253
04/04/2014,EMT,CA,AWP,WE,Towers with Radar,0,1,6,0,7,0,1,99,0,100,0,2,105,0,107,152,0,152,259
04/05/2014,EMT,CA,AWP,WE,Towers with Radar,0,0,11,0,11,0,0,88,0,88,0,0,99,0,99,132,0,132,231
04/06/2014,EMT,CA,AWP,WE,Towers with Radar,0,0,6,0,6,0,0,94,0,94,0,0,100,0,100,157,0,157,257
04/07/2014,EMT,CA,AWP,WE,Towers with Radar,0,3,5,0,8,0,0,91,0,91,0,3,96,0,99,199,0,199,298
04/08/2014,EMT,CA,AWP,WE,Towers with Radar,0,4,5,0,9,0,3,85,0,88,0,7,90,0,97,245,0,245,342
04/09/2014,EMT,CA,AWP,WE,Towers with Radar,0,4,17,0,21,0,4,99,0,103,0,8,116,0,124,214,0,214,338
04/10/2014,EMT,CA,AWP,WE,Towers with Radar,0,2,5,0,7,0,4,111,0,115,0,6,116,0,122,208,0,208,330
04/11/2014,EMT,CA,AWP,WE,Towers with Radar,0,2,6,0,8,0,0,107,0,107,0,2,113,0,115,270,0,270,385
04/12/2014,EMT,CA,AWP,WE,Towers with Radar,0,0,16,0,16,0,0,90,0,90,0,0,106,0,106,223,0,223,329
04/13/2014,EMT,CA,AWP,WE,Towers with Radar,1,0,19,0,20,1,0,97,2,100,2,0,116,2,120,244,0,244,364
04/14/2014,EMT,CA,AWP,WE,Towers with Radar,0,2,7,0,9,0,0,83,0,83,0,2,90,0,92,172,0,172,264
04/15/2014,EMT,CA,AWP,WE,Towers with Radar,0,3,7,0,10,0,0,85,0,85,0,3,92,0,95,182,0,182,277
04/16/2014,EMT,CA,AWP,WE,Towers with Radar,0,1,12,0,13,0,1,67,0,68,0,2,79,0,81,218,0,218,299
04/17/2014,EMT,CA,AWP,WE,Towers with Radar,0,1,14,0,15,0,1,74,2,77,0,2,88,2,92,174,0,174,266
04/18/2014,EMT,CA,AWP,WE,Towers with Radar,0,2,11,0,13,0,0,81,0,81,0,2,92,0,94,189,0,189,283
04/19/2014,EMT,CA,AWP,WE,Towers with Radar,0,0,9,0,9,0,3,136,0,139,0,3,145,0,148,177,0,177,325
04/20/2014,EMT,CA,AWP,WE,Towers with Radar,0,0,7,0,7,0,1,103,0,104,0,1,110,0,111,113,0,113,224
04/21/2014,EMT,CA,AWP,WE,Towers with Radar,0,3,6,0,9,0,1,83,0,84,0,4,89,0,93,134,0,134,227
04/22/2014,EMT,CA,AWP,WE,Towers with Radar,0,1,7,0,8,0,1,74,0,75,0,2,81,0,83,169,0,169,252
04/23/2014,EMT,CA,AWP,WE,Towers with Radar,0,1,7,0,8,0,2,76,0,78,0,3,83,0,86,138,0,138,224
04/24/2014,EMT,CA,AWP,WE,Towers with Radar,0,0,10,0,10,0,3,96,0,99,0,3,106,0,109,86,0,86,195
04/25/2014,EMT,CA,AWP,WE,Towers with Radar,0,2,14,0,16,0,0,38,0,38,0,2,52,0,54,308,0,308,362
04/26/2014,EMT,CA,AWP,WE,Towers with Radar,0,0,8,0,8,0,0,80,0,80,0,0,88,0,88,72,0,72,160
04/27/2014,EMT,CA,AWP,WE,Towers with Radar,0,0,11,0,11,0,0,120,0,120,0,0,131,0,131,217,0,217,348
04/28/2014,EMT,CA,AWP,WE,Towers with Radar,0,3,7,0,10,2,1,81,0,84,2,4,88,0,94,184,0,184,278
04/29/2014,EMT,CA,AWP,WE,Towers with Radar,0,1,4,0,5,0,2,46,0,48,0,3,50,0,53,234,0,234,287
04/30/2014,EMT,CA,AWP,WE,Towers with Radar,0,1,4,0,5,0,3,41,0,44,0,4,45,0,49,231,0,231,280
05/01/2014,EMT,CA,AWP,WE,Towers with Radar,0,2,6,0,8,0,12,63,1,76,0,14,69,1,84,243,0,243,327
05/02/2014,EMT,CA,AWP,WE,Towers with Radar,0,2,10,0,12,0,3,134,1,138,0,5,144,1,150,176,0,176,326
05/03/2014,EMT,CA,AWP,WE,Towers with Radar,0,0,5,0,5,0,0,102,0,102,0,0,107,0,107,219,0,219,326
05/04/2014,EMT,CA,AWP,WE,Towers with Radar,0,0,11,0,11,0,0,129,0,129,0,0,140,0,140,163,0,163,303
05/05/2014,EMT,CA,AWP,WE,Towers with Radar,0,3,9,0,12,0,0,78,1,79,0,3,87,1,91,96,0,96,187
05/06/2014,EMT,CA,AWP,WE,Towers with Radar,0,1,1,0,2,0,2,44,0,46,0,3,45,0,48,155,0,155,203
05/07/2014,EMT,CA,AWP,WE,Towers with Radar,0,4,10,0,14,0,0,42,0,42,0,4,52,0,56,206,0,206,262
05/08/2014,EMT,CA,AWP,WE,Towers with Radar,0,1,14,0,15,0,0,64,0,64,0,1,78,0,79,108,0,108,187
05/09/2014,EMT,CA,AWP,WE,Towers with Radar,1,2,10,0,13,1,0,131,0,132,2,2,141,0,145,185,0,185,330
05/10/2014,EMT,CA,AWP,WE,Towers with Radar,0,0,5,1,6,0,0,128,1,129,0,0,133,2,135,220,0,220,355
05/11/2014,EMT,CA,AWP,WE,Towers with Radar,0,0,6,0,6,0,1,70,0,71,0,1,76,0,77,133,0,133,210
05/12/2014,EMT,CA,AWP,WE,Towers with Radar,0,3,8,0,11,0,2,57,0,59,0,5,65,0,70,70,0,70,140
05/13/2014,EMT,CA,AWP,WE,Towers with Radar,0,2,7,0,9,0,0,78,0,78,0,2,85,0,87,197,0,197,284
05/14/2014,EMT,CA,AWP,WE,Towers with Radar,0,1,6,0,7,0,4,99,0,103,0,5,105,0,110,195,0,195,305
05/15/2014,EMT,CA,AWP,WE,Towers with Radar,0,1,13,0,14,0,1,85,0,86,0,2,98,0,100,124,0,124,224
05/16/2014,EMT,CA,AWP,WE,Towers with Radar,0,2,11,0,13,0,0,98,0,98,0,2,109,0,111,148,0,148,259
05/17/2014,EMT,CA,AWP,WE,Towers with Radar,0,0,10,0,10,0,0,142,0,142,0,0,152,0,152,151,0,151,303
05/18/2014,EMT,CA,AWP,WE,Towers with Radar,0,0,9,0,9,0,0,106,0,106,0,0,115,0,115,88,0,88,203
05/19/2014,EMT,CA,AWP,WE,Towers with Radar,0,4,14,0,18,0,2,65,0,67,0,6,79,0,85,137,0,137,222
05/20/2014,EMT,CA,AWP,WE,Towers with Radar,0,2,20,0,22,0,3,79,0,82,0,5,99,0,104,207,0,207,311
05/21/2014,EMT,CA,AWP,WE,Towers with Radar,0,1,10,0,11,0,0,85,0,85,0,1,95,0,96,191,0,191,287
05/22/2014,EMT,CA,AWP,WE,Towers with Radar,0,3,8,0,11,0,2,49,2,53,0,5,57,2,64,162,0,162,226
05/23/2014,EMT,CA,AWP,WE,Towers with Radar,0,2,16,0,18,0,0,80,0,80,0,2,96,0,98,301,0,301,399
05/24/2014,EMT,CA,AWP,WE,Towers with Radar,0,0,19,0,19,0,0,51,0,51,0,0,70,0,70,170,0,170,240
05/25/2014,EMT,CA,AWP,WE,Towers with Radar,0,0,11,0,11,0,2,109,0,111,0,2,120,0,122,133,0,133,255
05/26/2014,EMT,CA,AWP,WE,Towers with Radar,0,0,6,0,6,0,0,147,0,147,0,0,153,0,153,108,0,108,261
05/27/2014,EMT,CA,AWP,WE,Towers with Radar,0,3,7,0,10,0,1,85,0,86,0,4,92,0,96,95,0,95,191
05/28/2014,EMT,CA,AWP,WE,Towers with Radar,0,1,10,0,11,0,0,69,0,69,0,1,79,0,80,144,0,144,224
05/29/2014,EMT,CA,AWP,WE,Towers with Radar,0,1,14,0,15,0,0,99,0,99,0,1,113,0,114,175,0,175,289
05/30/2014,EMT,CA,AWP,WE,Towers with Radar,0,2,9,0,11,0,0,115,0,115,0,2,124,0,126,142,0,142,268
05/31/2014,EMT,CA,AWP,WE,Towers with Radar,0,0,17,0,17,0,0,154,1,155,0,0,171,1,172,195,0,195,367
06/01/2014,EMT,CA,AWP,WE,Towers with Radar,0,0,8,0,8,0,0,103,1,104,0,0,111,1,112,109,0,109,221
06/02/2014,EMT,CA,AWP,WE,Towers with Radar,0,3,7,0,10,0,0,96,2,98,0,3,103,2,108,149,0,149,257
06/03/2014,EMT,CA,AWP,WE,Towers with Radar,0,1,4,0,5,0,0,80,0,80,0,1,84,0,85,124,0,124,209
06/04/2014,EMT,CA,AWP,WE,Towers with Radar,0,1,7,0,8,0,1,119,0,120,0,2,126,0,128,168,0,168,296
06/05/2014,EMT,CA,AWP,WE,Towers with Radar,0,1,7,0,8,0,1,94,1,96,0,2,101,1,104,104,0,104,208
06/06/2014,EMT,CA,AWP,WE,Towers with Radar,0,2,13,0,15,0,0,100,1,101,0,2,113,1,116,185,0,185,301
06/07/2014,EMT,CA,AWP,WE,Towers with Radar,0,0,15,0,15,0,0,102,2,104,0,0,117,2,119,247,0,247,366
06/08/2014,EMT,CA,AWP,WE,Towers with Radar,0,0,13,0,13,0,1,99,0,100,0,1,112,0,113,237,0,237,350
06/09/2014,EMT,CA,AWP,WE,Towers with Radar,0,2,11,0,13,0,1,43,0,44,0,3,54,0,57,107,0,107,164
06/10/2014,EMT,CA,AWP,WE,Towers with Radar,0,2,13,0,15,0,1,74,1,76,0,3,87,1,91,187,0,187,278
06/11/2014,EMT,CA,AWP,WE,Towers with Radar,0,3,15,0,18,1,1,105,0,107,1,4,120,0,125,239,0,239,364
06/12/2014,EMT,CA,AWP,WE,Towers with Radar,0,1,7,0,8,0,1,125,0,126,0,2,132,0,134,236,0,236,370
06/13/2014,EMT,CA,AWP,WE,Towers with Radar,0,2,10,0,12,0,0,92,0,92,0,2,102,0,104,242,0,242,346
06/14/2014,EMT,CA,AWP,WE,Towers with Radar,0,1,8,0,9,0,1,36,0,37,0,2,44,0,46,48,0,48,94
06/15/2014,EMT,CA,AWP,WE,Towers with Radar,0,0,12,0,12,0,0,85,0,85,0,0,97,0,97,251,0,251,348
06/16/2014,EMT,CA,AWP,WE,Towers with Radar,0,4,18,0,22,0,1,83,0,84,0,5,101,0,106,178,0,178,284
06/17/2014,EMT,CA,AWP,WE,Towers with Radar,0,1,15,0,16,0,2,75,0,77,0,3,90,0,93,210,0,210,303
06/18/2014,EMT,CA,AWP,WE,Towers with Radar,0,2,3,0,5,0,2,83,0,85,0,4,86,0,90,140,0,140,230
06/19/2014,EMT,CA,AWP,WE,Towers with Radar,0,1,12,0,13,0,1,100,0,101,0,2,112,0,114,116,0,116,230
06/20/2014,EMT,CA,AWP,WE,Towers with Radar,1,2,11,0,14,0,0,104,0,104,1,2,115,0,118,250,0,250,368
06/21/2014,EMT,CA,AWP,WE,Towers with Radar,0,0,3,0,3,0,0,125,0,125,0,0,128,0,128,222,0,222,350
06/22/2014,EMT,CA,AWP,WE,Towers with Radar,0,0,5,0,5,0,0,129,0,129,0,0,134,0,134,205,0,205,339
06/23/2014,EMT,CA,AWP,WE,Towers with Radar,0,2,8,0,10,0,1,91,0,92,0,3,99,0,102,172,0,172,274
06/24/2014,EMT,CA,AWP,WE,Towers with Radar,0,1,12,0,13,0,1,103,0,104,0,2,115,0,117,167,0,167,284
06/25/2014,EMT,CA,AWP,WE,Towers with Radar,0,1,16,0,17,0,0,96,0,96,0,1,112,0,113,164,0,164,277
06/26/2014,EMT,CA,AWP,WE,Towers with Radar,0,1,11,0,12,0,0,60,0,60,0,1,71,0,72,141,0,141,213
06/27/2014,EMT,CA,AWP,WE,Towers with Radar,0,2,7,0,9,0,2,77,0,79,0,4,84,0,88,129,0,129,217
06/28/2014,EMT,CA,AWP,WE,Towers with Radar,0,0,12,0,12,0,0,83,0,83,0,0,95,0,95,205,0,205,300
06/29/2014,EMT,CA,AWP,WE,Towers with Radar,0,0,15,0,15,0,0,139,0,139,0,0,154,0,154,179,0,179,333
06/30/2014,EMT,CA,AWP,WE,Towers with Radar,0,4,9,0,13,0,2,57,0,59,0,6,66,0,72,85,0,85,157
07/01/2014,EMT,CA,AWP,WE,Towers with Radar,0,1,11,0,12,0,2,72,0,74,0,3,83,0,86,194,0,194,280
07/02/2014,EMT,CA,AWP,WE,Towers with Radar,0,1,8,0,9,0,1,86,0,87,0,2,94,0,96,153,0,153,249
07/03/2014,EMT,CA,AWP,WE,Towers with Radar,0,1,3,2,6,0,1,110,1,112,0,2,113,3,118,152,0,152,270
07/04/2014,EMT,CA,AWP,WE,Towers with Radar,0,0,6,0,6,0,0,67,0,67,0,0,73,0,73,123,0,123,196
07/05/2014,EMT,CA,AWP,WE,Towers with Radar,0,0,4,0,4,0,0,87,0,87,0,0,91,0,91,128,0,128,219
07/06/2014,EMT,CA,AWP,WE,Towers with Radar,0,0,2,0,2,0,1,100,0,101,0,1,102,0,103,150,0,150,253
07/07/2014,EMT,CA,AWP,WE,Towers with Radar,0,3,4,0,7,0,1,98,1,100,0,4,102,1,107,52,0,52,159
07/08/2014,EMT,CA,AWP,WE,Towers with Radar,0,1,8,0,9,0,1,92,0,93,0,2,100,0,102,258,0,258,360
07/09/2014,EMT,CA,AWP,WE,Towers with Radar,0,1,9,0,10,0,1,98,2,101,0,2,107,2,111,189,0,189,300
07/10/2014,EMT,CA,AWP,WE,Towers with Radar,0,1,9,0,10,0,1,81,0,82,0,2,90,0,92,162,0,162,254
07/11/2014,EMT,CA,AWP,WE,Towers with Radar,0,2,16,0,18,0,1,107,0,108,0,3,123,0,126,253,0,253,379
07/12/2014,EMT,CA,AWP,WE,Towers with Radar,0,0,7,0,7,0,0,127,0,127,0,0,134,0,134,258,0,258,392
07/13/2014,EMT,CA,AWP,WE,Towers with Radar,0,0,7,0,7,0,0,99,0,99,0,0,106,0,106,179,0,179,285
07/14/2014,EMT,CA,AWP,WE,Towers with Radar,0,3,11,0,14,0,2,76,0,78,0,5,87,0,92,186,0,186,278
07/15/2014,EMT,CA,AWP,WE,Towers with Radar,0,2,12,0,14,0,0,88,2,90,0,2,100,2,104,163,0,163,267
07/16/2014,EMT,CA,AWP,WE,Towers with Radar,0,1,14,0,15,0,1,83,0,84,0,2,97,0,99,135,0,135,234
07/17/2014,EMT,CA,AWP,WE,Towers with Radar,0,1,14,0,15,0,0,53,0,53,0,1,67,0,68,132,0,132,200
07/18/2014,EMT,CA,AWP,WE,Towers with Radar,0,1,12,0,13,0,1,113,0,114,0,2,125,0,127,216,0,216,343
07/19/2014,EMT,CA,AWP,WE,Towers with Radar,0,0,6,0,6,0,0,122,0,122,0,0,128,0,128,173,0,173,301
07/20/2014,EMT,CA,AWP,WE,Towers with Radar,0,0,16,0,16,0,0,84,0,84,0,0,100,0,100,163,0,163,263
07/21/2014,EMT,CA,AWP,WE,Towers with Radar,0,3,13,0,16,0,1,87,0,88,0,4,100,0,104,158,0,158,262
07/22/2014,EMT,CA,AWP,WE,Towers with Radar,0,1,8,0,9,0,2,83,0,85,0,3,91,0,94,149,0,149,243
07/23/2014,EMT,CA,AWP,WE,Towers with Radar,0,2,5,0,7,0,0,70,0,70,0,2,75,0,77,85,0,85,162
07/24/2014,EMT,CA,AWP,WE,Towers with Radar,0,1,7,0,8,0,1,29,0,30,0,2,36,0,38,42,0,42,80
07/25/2014,EMT,CA,AWP,WE,Towers with Radar,0,2,14,0,16,0,1,91,0,92,0,3,105,0,108,217,0,217,325
07/26/2014,EMT,CA,AWP,WE,Towers with Radar,0,0,5,0,5,0,0,125,0,125,0,0,130,0,130,165,0,165,295
07/27/2014,EMT,CA,AWP,WE,Towers with Radar,0,0,0,0,0,0,0,128,0,128,0,0,128,0,128,189,0,189,317
07/28/2014,EMT,CA,AWP,WE,Towers with Radar,0,4,7,0,11,0,1,70,0,71,0,5,77,0,82,205,0,205,287
07/29/2014,EMT,CA,AWP,WE,Towers with Radar,0,1,13,0,14,0,2,72,0,74,0,3,85,0,88,207,0,207,295
07/30/2014,EMT,CA,AWP,WE,Towers with Radar,0,1,12,0,13,0,1,124,1,126,0,2,136,1,139,148,0,148,287
07/31/2014,EMT,CA,AWP,WE,Towers with Radar,0,2,8,0,10,0,2,106,0,108,0,4,114,0,118,185,0,185,303
08/01/2014,EMT,CA,AWP,WE,Towers with Radar,0,2,13,0,15,0,0,109,0,109,0,2,122,0,124,123,0,123,247
08/02/2014,EMT,CA,AWP,WE,Towers with Radar,0,0,6,0,6,0,1,79,0,80,0,1,85,0,86,137,0,137,223
08/03/2014,EMT,CA,AWP,WE,Towers with Radar,0,0,10,0,10,0,0,106,0,106,0,0,116,0,116,249,0,249,365
08/04/2014,EMT,CA,AWP,WE,Towers with Radar,0,3,3,1,7,0,2,77,0,79,0,5,80,1,86,146,0,146,232
08/05/2014,EMT,CA,AWP,WE,Towers with Radar,0,1,4,0,5,0,1,110,0,111,0,2,114,0,116,157,0,157,273
08/06/2014,EMT,CA,AWP,WE,Towers with Radar,0,4,10,0,14,0,1,74,0,75,0,5,84,0,89,166,0,166,255
08/07/2014,EMT,CA,AWP,WE,Towers with Radar,0,1,10,0,11,0,1,86,0,87,0,2,96,0,98,152,0,152,250
08/08/2014,EMT,CA,AWP,WE,Towers with Radar,0,2,10,0,12,0,1,58,0,59,0,3,68,0,71,230,0,230,301
08/09/2014,EMT,CA,AWP,WE,Towers with Radar,0,0,8,0,8,0,0,89,0,89,0,0,97,0,97,129,0,129,226
08/10/2014,EMT,CA,AWP,WE,Towers with Radar,0,0,6,0,6,0,0,105,0,105,0,0,111,0,111,141,0,141,252
08/11/2014,EMT,CA,AWP,WE,Towers with Radar,0,3,10,0,13,0,1,88,0,89,0,4,98,0,102,136,0,136,238
08/12/2014,EMT,CA,AWP,WE,Towers with Radar,0,1,2,0,3,0,2,93,0,95,0,3,95,0,98,269,0,269,367
08/13/2014,EMT,CA,AWP,WE,Towers with Radar,0,1,10,0,11,0,1,100,0,101,0,2,110,0,112,191,0,191,303
08/14/2014,EMT,CA,AWP,WE,Towers with Radar,0,1,7,0,8,0,1,76,0,77,0,2,83,0,85,159,0,159,244
08/15/2014,EMT,CA,AWP,WE,Towers with Radar,0,2,6,0,8,0,0,108,1,109,0,2,114,1,117,264,0,264,381
08/16/2014,EMT,CA,AWP,WE,Towers with Radar,0,0,5,0,5,0,0,139,0,139,0,0,144,0,144,197,0,197,341
08/17/2014,EMT,CA,AWP,WE,Towers with Radar,0,0,8,0,8,1,0,120,0,121,1,0,128,0,129,216,0,216,345
08/18/2014,EMT,CA,AWP,WE,Towers with Radar,0,3,7,0,10,0,1,73,0,74,0,4,80,0,84,154,0,154,238
08/19/2014,EMT,CA,AWP,WE,Towers with Radar,0,2,13,0,15,0,1,76,0,77,0,3,89,0,92,228,0,228,320
08/20/2014,EMT,CA,AWP,WE,Towers with Radar,0,1,11,0,12,0,1,75,0,76,0,2,86,0,88,176,0,176,264
08/21/2014,EMT,CA,AWP,WE,Towers with Radar,0,1,6,0,7,0,1,89,0,90,0,2,95,0,97,156,0,156,253
08/22/2014,EMT,CA,AWP,WE,Towers with Radar,0,2,13,0,15,0,1,113,0,114,0,3,126,0,129,235,0,235,364
08/23/2014,EMT,CA,AWP,WE,Towers with Radar,0,0,8,0,8,0,0,140,0,140,0,0,148,0,148,194,0,194,342
08/24/2014,EMT,CA,AWP,WE,Towers with Radar,0,0,12,0,12,0,0,109,0,109,0,0,121,0,121,228,0,228,349
08/25/2014,EMT,CA,AWP,WE,Towers with Radar,0,3,6,0,9,0,4,61,0,65,0,7,67,0,74,257,0,257,331
08/26/2014,EMT,CA,AWP,WE,Towers with Radar,0,1,11,0,12,0,2,92,0,94,0,3,103,0,106,177,0,177,283
08/27/2014,EMT,CA,AWP,WE,Towers with Radar,0,2,11,0,13,0,1,114,0,115,0,3,125,0,128,173,0,173,301
08/28/2014,EMT,CA,AWP,WE,Towers with Radar,0,1,6,0,7,0,0,85,0,85,0,1,91,0,92,145,0,145,237
08/29/2014,EMT,CA,AWP,WE,Towers with Radar,0,2,9,0,11,0,0,120,0,120,0,2,129,0,131,234,0,234,365
08/30/2014,EMT,CA,AWP,WE,Towers with Radar,0,0,7,0,7,0,0,91,0,91,0,0,98,0,98,85,0,85,183
08/31/2014,EMT,CA,AWP,WE,Towers with Radar,0,0,5,0,5,0,0,93,0,93,0,0,98,0,98,71,0,71,169
09/01/2014,EMT,CA,AWP,WE,Towers with Radar,0,0,3,0,3,0,0,106,0,106,0,0,109,0,109,136,0,136,245
09/02/2014,EMT,CA,AWP,WE,Towers with Radar,0,3,10,0,13,1,1,91,0,93,1,4,101,0,106,125,0,125,231
09/03/2014,EMT,CA,AWP,WE,Towers with Radar,0,1,10,0,11,0,1,76,0,77,0,2,86,0,88,268,0,268,356
09/04/2014,EMT,CA,AWP,WE,Towers with Radar,0,1,17,0,18,0,3,60,0,63,0,4,77,0,81,167,0,167,248
09/05/2014,EMT,CA,AWP,WE,Towers with Radar,0,2,12,0,14,0,0,75,1,76,0,2,87,1,90,137,0,137,227
09/06/2014,EMT,CA,AWP,WE,Towers with Radar,0,0,13,0,13,0,0,108,0,108,0,0,121,0,121,109,0,109,230
09/07/2014,EMT,CA,AWP,WE,Towers with Radar,0,0,6,0,6,0,0,99,1,100,0,0,105,1,106,195,0,195,301
09/08/2014,EMT,CA,AWP,WE,Towers with Radar,0,3,3,0,6,0,3,63,0,66,0,6,66,0,72,79,0,79,151
09/09/2014,EMT,CA,AWP,WE,Towers with Radar,0,1,16,0,17,0,2,89,0,91,0,3,105,0,108,179,0,179,287
09/10/2014,EMT,CA,AWP,WE,Towers with Radar,0,1,8,0,9,0,1,103,0,104,0,2,111,0,113,147,0,147,260
09/11/2014,EMT,CA,AWP,WE,Towers with Radar,0,0,8,0,8,0,3,83,0,86,0,3,91,0,94,59,0,59,153
09/12/2014,EMT,CA,AWP,WE,Towers with Radar,0,2,6,0,8,0,0,116,1,117,0,2,122,1,125,161,0,161,286
09/13/2014,EMT,CA,AWP,WE,Towers with Radar,0,0,3,0,3,0,0,126,0,126,0,0,129,0,129,161,0,161,290
09/14/2014,EMT,CA,AWP,WE,Towers with Radar,0,0,5,0,5,0,0,95,1,96,0,0,100,1,101,103,0,103,204
09/15/2014,EMT,CA,AWP,WE,Towers with Radar,0,3,6,0,9,0,1,55,1,57,0,4,61,1,66,129,0,129,195
09/16/2014,EMT,CA,AWP,WE,Towers with Radar,0,2,2,0,4,0,1,73,0,74,0,3,75,0,78,174,0,174,252
09/17/2014,EMT,CA,AWP,WE,Towers with Radar,0,2,6,0,8,0,2,96,0,98,0,4,102,0,106,103,0,103,209
09/18/2014,EMT,CA,AWP,WE,Towers with Radar,0,1,3,0,4,0,1,109,3,113,0,2,112,3,117,166,0,166,283
09/19/2014,EMT,CA,AWP,WE,Towers with Radar,0,2,5,0,7,0,0,100,0,100,0,2,105,0,107,245,0,245,352
09/20/2014,EMT,CA,AWP,WE,Towers with Radar,0,0,19,0,19,0,0,85,0,85,0,0,104,0,104,276,0,276,380
09/21/2014,EMT,CA,AWP,WE,Towers with Radar,0,0,8,0,8,0,0,89,0,89,0,0,97,0,97,171,0,171,268
09/22/2014,EMT,CA,AWP,WE,Towers with Radar,0,4,8,0,12,0,1,103,0,104,0,5,111,0,116,215,0,215,331
09/23/2014,EMT,CA,AWP,WE,Towers with Radar,0,1,9,0,10,0,1,98,0,99,0,2,107,0,109,216,0,216,325
09/24/2014,EMT,CA,AWP,WE,Towers with Radar,0,5,6,0,11,0,2,112,0,114,0,7,118,0,125,242,0,242,367
09/25/2014,EMT,CA,AWP,WE,Towers with Radar,0,2,13,0,15,0,1,100,0,101,0,3,113,0,116,111,0,111,227
09/26/2014,EMT,CA,AWP,WE,Towers with Radar,0,2,9,0,11,0,0,82,0,82,0,2,91,0,93,171,0,171,264
09/27/2014,EMT,CA,AWP,WE,Towers with Radar,0,0,8,0,8,0,0,107,0,107,0,0,115,0,115,153,0,153,268
09/28/2014,EMT,CA,AWP,WE,Towers with Radar,0,0,14,0,14,0,0,121,1,122,0,0,135,1,136,134,0,134,270
09/29/2014,EMT,CA,AWP,WE,Towers with Radar,0,4,21,0,25,0,2,88,0,90,0,6,109,0,115,155,0,155,270
09/30/2014,EMT,CA,AWP,WE,Towers with Radar,0,1,6,0,7,1,1,128,0,130,1,2,134,0,137,245,0,245,382
10/01/2014,EMT,CA,AWP,WE,Towers with Radar,1,2,12,0,15,1,1,120,0,122,2,3,132,0,137,248,0,248,385
10/02/2014,EMT,CA,AWP,WE,Towers with Radar,0,1,5,0,6,0,1,88,0,89,0,2,93,0,95,213,0,213,308
10/03/2014,EMT,CA,AWP,WE,Towers with Radar,0,3,7,1,11,0,1,97,0,98,0,4,104,1,109,194,0,194,303
10/04/2014,EMT,CA,AWP,WE,Towers with Radar,0,0,9,0,9,0,0,122,0,122,0,0,131,0,131,127,0,127,258
10/05/2014,EMT,CA,AWP,WE,Towers with Radar,0,0,4,0,4,0,0,100,0,100,0,0,104,0,104,99,0,99,203
10/06/2014,EMT,CA,AWP,WE,Towers with Radar,0,3,3,0,6,0,1,72,1,74,0,4,75,1,80,59,0,59,139
10/07/2014,EMT,CA,AWP,WE,Towers with Radar,0,2,14,0,16,0,1,114,0,115,0,3,128,0,131,260,0,260,391
10/08/2014,EMT,CA,AWP,WE,Towers with Radar,0,3,11,0,14,0,1,128,0,129,0,4,139,0,143,189,0,189,332
10/09/2014,EMT,CA,AWP,WE,Towers with Radar,0,2,12,0,14,0,1,47,0,48,0,3,59,0,62,115,0,115,177
10/10/2014,EMT,CA,AWP,WE,Towers with Radar,0,2,6,1,9,0,0,48,0,48,0,2,54,1,57,40,0,40,97
10/11/2014,EMT,CA,AWP,WE,Towers with Radar,0,0,7,0,7,0,0,79,0,79,0,0,86,0,86,155,0,155,241
10/12/2014,EMT,CA,AWP,WE,Towers with Radar,0,0,16,0,16,0,0,85,0,85,0,0,101,0,101,170,0,170,271
10/13/2014,EMT,CA,AWP,WE,Towers with Radar,0,3,8,0,11,0,2,86,0,88,0,5,94,0,99,72,0,72,171
10/14/2014,EMT,CA,AWP,WE,Towers with Radar,0,4,18,0,22,0,2,49,0,51,0,6,67,0,73,115,0,115,188
10/15/2014,EMT,CA,AWP,WE,Towers with Radar,0,1,16,0,17,0,1,82,0,83,0,2,98,0,100,99,0,99,199
10/16/2014,EMT,CA,AWP,WE,Towers with Radar,0,1,9,0,10,0,2,106,0,108,0,3,115,0,118,234,0,234,352
10/17/2014,EMT,CA,AWP,WE,Towers with Radar,0,2,9,0,11,0,0,96,1,97,0,2,105,1,108,148,0,148,256
10/18/2014,EMT,CA,AWP,WE,Towers with Radar,0,0,13,0,13,0,0,119,0,119,0,0,132,0,132,113,0,113,245
10/19/2014,EMT,CA,AWP,WE,Towers with Radar,1,0,6,0,7,1,0,139,0,140,2,0,145,0,147,133,0,133,280
10/20/2014,EMT,CA,AWP,WE,Towers with Radar,0,4,16,0,20,0,1,59,0,60,0,5,75,0,80,34,0,34,114
10/21/2014,EMT,CA,AWP,WE,Towers with Radar,0,1,19,0,20,0,3,58,0,61,0,4,77,0,81,75,0,75,156
10/22/2014,EMT,CA,AWP,WE,Towers with Radar,0,0,6,0,6,0,4,108,0,112,0,4,114,0,118,106,0,106,224
10/23/2014,EMT,CA,AWP,WE,Towers with Radar,0,2,9,0,11,1,1,117,0,119,1,3,126,0,130,179,0,179,309
10/24/2014,EMT,CA,AWP,WE,Towers with Radar,0,2,5,0,7,0,0,126,2,128,0,2,131,2,135,107,0,107,242
10/25/2014,EMT,CA,AWP,WE,Towers with Radar,0,2,7,0,9,0,0,160,0,160,0,2,167,0,169,192,0,192,361
10/26/2014,EMT,CA,AWP,WE,Towers with Radar,0,0,16,0,16,0,0,120,1,121,0,0,136,1,137,154,0,154,291
10/27/2014,EMT,CA,AWP,WE,Towers with Radar,0,4,10,0,14,0,1,80,0,81,0,5,90,0,95,86,0,86,181
10/28/2014,EMT,CA,AWP,WE,Towers with Radar,0,2,8,0,10,0,2,103,0,105,0,4,111,0,115,147,0,147,262
10/29/2014,EMT,CA,AWP,WE,Towers with Radar,0,1,10,0,11,0,2,94,0,96,0,3,104,0,107,125,0,125,232
10/30/2014,EMT,CA,AWP,WE,Towers with Radar,0,2,8,0,10,0,1,97,1,99,0,3,105,1,109,183,0,183,292
10/31/2014,EMT,CA,AWP,WE,Towers with Radar,1,2,13,0,16,1,0,66,0,67,2,2,79,0,83,208,0,208,291
11/01/2014,EMT,CA,AWP,WE,Towers with Radar,0,0,9,0,9,0,0,64,0,64,0,0,73,0,73,113,0,113,186
11/02/2014,EMT,CA,AWP,WE,Towers with Radar,0,0,7,0,7,0,0,174,1,175,0,0,181,1,182,181,0,181,363
11/03/2014,EMT,CA,AWP,WE,Towers with Radar,0,4,5,0,9,0,1,86,0,87,0,5,91,0,96,91,0,91,187
11/04/2014,EMT,CA,AWP,WE,Towers with Radar,0,1,8,0,9,0,0,88,0,88,0,1,96,0,97,141,0,141,238
11/05/2014,EMT,CA,AWP,WE,Towers with Radar,0,2,8,0,10,0,2,118,0,120,0,4,126,0,130,161,0,161,291
11/06/2014,EMT,CA,AWP,WE,Towers with Radar,0,3,9,0,12,0,1,114,3,118,0,4,123,3,130,209,0,209,339
11/07/2014,EMT,CA,AWP,WE,Towers with Radar,0,2,6,0,8,0,0,118,0,118,0,2,124,0,126,143,0,143,269
11/08/2014,EMT,CA,AWP,WE,Towers with Radar,0,0,7,0,7,0,0,133,0,133,0,0,140,0,140,181,0,181,321
11/09/2014,EMT,CA,AWP,WE,Towers with Radar,0,0,10,0,10,0,0,130,0,130,0,0,140,0,140,190,0,190,330
11/10/2014,EMT,CA,AWP,WE,Towers with Radar,0,3,8,0,11,0,1,60,0,61,0,4,68,0,72,120,0,120,192
11/11/2014,EMT,CA,AWP,WE,Towers with Radar,0,0,11,0,11,0,0,100,0,100,0,0,111,0,111,165,0,165,276
11/12/2014,EMT,CA,AWP,WE,Towers with Radar,0,4,14,0,18,0,1,87,2,90,0,5,101,2,108,215,0,215,323
11/13/2014,EMT,CA,AWP,WE,Towers with Radar,0,1,12,0,13,0,2,93,0,95,0,3,105,0,108,187,0,187,295
11/14/2014,EMT,CA,AWP,WE,Towers with Radar,0,3,16,0,19,0,0,62,0,62,0,3,78,0,81,136,0,136,217
11/15/2014,EMT,CA,AWP,WE,Towers with Radar,0,0,16,0,16,0,0,89,0,89,0,0,105,0,105,157,0,157,262
11/16/2014,EMT,CA,AWP,WE,Towers with Radar,0,2,4,0,6,0,1,184,0,185,0,3,188,0,191,181,0,181,372
11/17/2014,EMT,CA,AWP,WE,Towers with Radar,0,3,2,0,5,0,2,76,0,78,0,5,78,0,83,208,0,208,291
11/18/2014,EMT,CA,AWP,WE,Towers with Radar,0,2,7,0,9,2,2,134,0,138,2,4,141,0,147,117,0,117,264
11/19/2014,EMT,CA,AWP,WE,Towers with Radar,0,1,7,0,8,0,1,120,0,121,0,2,127,0,129,129,0,129,258
11/20/2014,EMT,CA,AWP,WE,Towers with Radar,0,1,11,0,12,0,1,107,0,108,0,2,118,0,120,181,0,181,301
11/21/2014,EMT,CA,AWP,WE,Towers with Radar,0,2,11,0,13,0,0,105,0,105,0,2,116,0,118,173,0,173,291
11/22/2014,EMT,CA,AWP,WE,Towers with Radar,0,2,11,0,13,0,0,150,0,150,0,2,161,0,163,178,0,178,341
11/23/2014,EMT,CA,AWP,WE,Towers with Radar,0,0,7,0,7,0,0,97,1,98,0,0,104,1,105,202,0,202,307
11/24/2014,EMT,CA,AWP,WE,Towers with Radar,0,4,8,0,12,0,0,82,0,82,0,4,90,0,94,171,0,171,265
11/25/2014,EMT,CA,AWP,WE,Towers with Radar,0,1,6,0,7,0,1,118,0,119,0,2,124,0,126,118,0,118,244
11/26/2014,EMT,CA,AWP,WE,Towers with Radar,0,1,10,0,11,0,1,115,0,116,0,2,125,0,127,173,0,173,300
11/27/2014,EMT,CA,AWP,WE,Towers with Radar,0,0,2,0,2,0,0,58,0,58,0,0,60,0,60,64,0,64,124
11/28/2014,EMT,CA,AWP,WE,Towers with Radar,0,0,4,0,4,0,0,151,0,151,0,0,155,0,155,88,0,88,243
11/29/2014,EMT,CA,AWP,WE,Towers with Radar,0,0,11,0,11,0,0,112,0,112,0,0,123,0,123,136,0,136,259
11/30/2014,EMT,CA,AWP,WE,Towers with Radar,0,0,10,0,10,0,0,11,0,11,0,0,21,0,21,96,0,96,117
12/01/2014,EMT,CA,AWP,WE,Towers with Radar,0,3,14,0,17,0,1,77,1,79,0,4,91,1,96,148,0,148,244
12/02/2014,EMT,CA,AWP,WE,Towers with Radar,0,2,0,0,2,0,0,4,0,4,0,2,4,0,6,0,0,0,6
12/03/2014,EMT,CA,AWP,WE,Towers with Radar,0,2,18,0,20,0,0,4,0,4,0,2,22,0,24,99,0,99,123
12/04/2014,EMT,CA,AWP,WE,Towers with Radar,0,1,14,0,15,0,1,66,0,67,0,2,80,0,82,204,2,206,288
12/05/2014,EMT,CA,AWP,WE,Towers with Radar,0,3,10,0,13,1,0,111,0,112,1,3,121,0,125,213,0,213,338
12/06/2014,EMT,CA,AWP,WE,Towers with Radar,0,2,10,0,12,0,0,107,1,108,0,2,117,1,120,181,0,181,301
12/07/2014,EMT,CA,AWP,WE,Towers with Radar,0,0,9,0,9,1,0,149,1,151,1,0,158,1,160,257,0,257,417
12/08/2014,EMT,CA,AWP,WE,Towers with Radar,0,5,11,0,16,0,2,117,1,120,0,7,128,1,136,69,0,69,205
12/09/2014,EMT,CA,AWP,WE,Towers with Radar,0,2,7,0,9,0,1,123,0,124,0,3,130,0,133,143,0,143,276
12/10/2014,EMT,CA,AWP,WE,Towers with Radar,0,2,11,0,13,0,1,138,0,139,0,3,149,0,152,165,0,165,317
12/11/2014,EMT,CA,AWP,WE,Towers with Radar,0,1,12,0,13,0,1,38,3,42,0,2,50,3,55,150,0,150,205
12/12/2014,EMT,CA,AWP,WE,Towers with Radar,0,2,7,0,9,0,0,8,0,8,0,2,15,0,17,31,0,31,48
12/13/2014,EMT,CA,AWP,WE,Towers with Radar,0,0,9,0,9,2,0,159,0,161,2,0,168,0,170,116,0,116,286
12/14/2014,EMT,CA,AWP,WE,Towers with Radar,0,0,5,0,5,1,0,111,1,113,1,0,116,1,118,220,0,220,338
12/15/2014,EMT,CA,AWP,WE,Towers with Radar,0,4,17,0,21,0,1,85,2,88,0,5,102,2,109,167,0,167,276
12/16/2014,EMT,CA,AWP,WE,Towers with Radar,0,2,8,0,10,0,1,39,0,40,0,3,47,0,50,57,0,57,107
12/17/2014,EMT,CA,AWP,WE,Towers with Radar,0,2,8,0,10,0,1,59,2,62,0,3,67,2,72,196,0,196,268
12/18/2014,EMT,CA,AWP,WE,Towers with Radar,0,1,7,1,9,0,2,113,1,116,0,3,120,2,125,74,1,75,200
12/19/2014,EMT,CA,AWP,WE,Towers with Radar,0,2,8,0,10,0,0,86,0,86,0,2,94,0,96,107,0,107,203
12/20/2014,EMT,CA,AWP,WE,Towers with Radar,0,0,8,0,8,1,0,114,0,115,1,0,122,0,123,247,0,247,370
12/21/2014,EMT,CA,AWP,WE,Towers with Radar,0,0,8,0,8,0,0,153,0,153,0,0,161,0,161,175,0,175,336
12/22/2014,EMT,CA,AWP,WE,Towers with Radar,0,3,12,0,15,0,2,97,0,99,0,5,109,0,114,141,0,141,255
12/23/2014,EMT,CA,AWP,WE,Towers with Radar,0,1,3,0,4,0,1,116,0,117,0,2,119,0,121,160,0,160,281
12/24/2014,EMT,CA,AWP,WE,Towers with Radar,0,2,8,0,10,0,3,108,0,111,0,5,116,0,121,146,0,146,267
12/25/2014,EMT,CA,AWP,WE,Towers with Radar,0,0,1,0,1,0,0,32,0,32,0,0,33,0,33,8,0,8,41
12/26/2014,EMT,CA,AWP,WE,Towers with Radar,0,2,10,0,12,0,2,106,0,108,0,4,116,0,120,225,0,225,345
12/27/2014,EMT,CA,AWP,WE,Towers with Radar,0,0,3,0,3,0,0,125,0,125,0,0,128,0,128,174,0,174,302
12/28/2014,EMT,CA,AWP,WE,Towers with Radar,0,0,10,0,10,0,0,131,0,131,0,0,141,0,141,166,0,166,307
12/29/2014,EMT,CA,AWP,WE,Towers with Radar,0,4,21,1,26,0,1,104,0,105,0,5,125,1,131,172,0,172,303
12/30/2014,EMT,CA,AWP,WE,Towers with Radar,0,1,5,0,6,0,1,30,0,31,0,2,35,0,37,85,0,85,122
12/31/2014,EMT,CA,AWP,WE,Towers with Radar,0,2,3,0,5,0,2,65,0,67,0,4,68,0,72,64,0,64,136
01/01/2015,EMT,CA,AWP,WE,Towers with Radar,0,0,2,0,2,0,0,32,0,32,0,0,34,0,34,25,0,25,59
01/02/2015,EMT,CA,AWP,WE,Towers with Radar,0,2,4,0,6,0,0,139,0,139,0,2,143,0,145,208,0,208,353
01/03/2015,EMT,CA,AWP,WE,Towers with Radar,0,0,7,0,7,0,0,125,0,125,0,0,132,0,132,233,0,233,365
01/04/2015,EMT,CA,AWP,WE,Towers with Radar,0,0,7,0,7,0,0,109,0,109,0,0,116,0,116,204,0,204,320
01/05/2015,EMT,CA,AWP,WE,Towers with Radar,0,3,2,0,5,0,2,89,0,91,0,5,91,0,96,190,0,190,286
01/06/2015,EMT,CA,AWP,WE,Towers with Radar,0,4,12,0,16,0,1,85,0,86,0,5,97,0,102,181,0,181,283
01/07/2015,EMT,CA,AWP,WE,Towers with Radar,0,2,7,0,9,0,2,145,0,147,0,4,152,0,156,131,0,131,287
01/08/2015,EMT,CA,AWP,WE,Towers with Radar,0,1,2,2,5,0,1,87,1,89,0,2,89,3,94,151,0,151,245
01/09/2015,EMT,CA,AWP,WE,Towers with Radar,0,2,9,0,11,0,0,113,0,113,0,2,122,0,124,148,0,148,272
01/10/2015,EMT,CA,AWP,WE,Towers with Radar,0,0,10,0,10,0,0,83,0,83,0,0,93,0,93,151,0,151,244
01/11/2015,EMT,CA,AWP,WE,Towers with Radar,0,0,16,0,16,0,0,10,0,10,0,0,26,0,26,23,0,23,49
01/12/2015,EMT,CA,AWP,WE,Towers with Radar,0,3,12,0,15,0,1,32,0,33,0,4,44,0,48,83,0,83,131
01/13/2015,EMT,CA,AWP,WE,Towers with Radar,0,1,7,0,8,0,1,100,0,101,0,2,107,0,109,124,0,124,233
01/14/2015,EMT,CA,AWP,WE,Towers with Radar,0,1,11,0,12,0,0,128,0,128,0,1,139,0,140,254,0,254,394
01/15/2015,EMT,CA,AWP,WE,Towers with Radar,0,1,9,0,10,0,2,120,0,122,0,3,129,0,132,163,0,163,295
01/16/2015,EMT,CA,AWP,WE,Towers with Radar,0,0,4,0,4,0,0,121,0,121,0,0,125,0,125,106,0,106,231
01/17/2015,EMT,CA,AWP,WE,Towers with Radar,1,0,8,0,9,1,1,150,0,152,2,1,158,0,161,195,0,195,356
01/18/2015,EMT,CA,AWP,WE,Towers with Radar,0,0,7,0,7,0,0,154,0,154,0,0,161,0,161,232,0,232,393
01/19/2015,EMT,CA,AWP,WE,Towers with Radar,0,0,10,0,10,0,1,129,0,130,0,1,139,0,140,244,0,244,384
01/20/2015,EMT,CA,AWP,WE,Towers with Radar,0,3,49,1,53,0,0,14,0,14,0,3,63,1,67,15,0,15,82
01/21/2015,EMT,CA,AWP,WE,Towers with Radar,0,1,22,0,23,0,0,60,0,60,0,1,82,0,83,58,0,58,141
01/22/2015,EMT,CA,AWP,WE,Towers with Radar,0,1,17,0,18,0,2,117,0,119,0,3,134,0,137,248,0,248,385
01/23/2015,EMT,CA,AWP,WE,Towers with Radar,0,2,13,0,15,0,1,120,0,121,0,3,133,0,136,182,0,182,318
01/24/2015,EMT,CA,AWP,WE,Towers with Radar,0,0,5,0,5,0,0,63,0,63,0,0,68,0,68,183,0,183,251
01/25/2015,EMT,CA,AWP,WE,Towers with Radar,0,0,13,0,13,0,0,121,0,121,0,0,134,0,134,213,0,213,347
01/26/2015,EMT,CA,AWP,WE,Towers with Radar,0,3,11,0,14,0,0,71,0,71,0,3,82,0,85,152,0,152,237
01/27/2015,EMT,CA,AWP,WE,Towers with Radar,0,1,12,0,13,0,0,133,0,133,0,1,145,0,146,214,0,214,360
01/28/2015,EMT,CA,AWP,WE,Towers with Radar,0,1,4,0,5,0,1,115,0,116,0,2,119,0,121,149,0,149,270
01/29/2015,EMT,CA,AWP,WE,Towers with Radar,0,1,4,0,5,0,2,113,0,115,0,3,117,0,120,169,0,169,289
01/30/2015,EMT,CA,AWP,WE,Towers with Radar,0,3,11,0,14,0,0,122,0,122,0,3,133,0,136,304,0,304,440
01/31/2015,EMT,CA,AWP,WE,Towers with Radar,0,0,8,0,8,0,0,112,4,116,0,0,120,4,124,316,0,316,440
02/01/2015,EMT,CA,AWP,WE,Towers with Radar,0,0,7,0,7,0,0,140,0,140,0,0,147,0,147,248,0,248,395
02/02/2015,EMT,CA,AWP,WE,Towers with Radar,0,3,14,0,17,0,4,123,0,127,0,7,137,0,144,196,0,196,340
02/03/2015,EMT,CA,AWP,WE,Towers with Radar,0,1,14,0,15,0,2,84,0,86,0,3,98,0,101,319,0,319,420
02/04/2015,EMT,CA,AWP,WE,Towers with Radar,0,1,17,0,18,0,1,80,0,81,0,2,97,0,99,100,0,100,199
02/05/2015,EMT,CA,AWP,WE,Towers with Radar,0,3,20,0,23,0,0,92,0,92,0,3,112,0,115,163,0,163,278
02/06/2015,EMT,CA,AWP,WE,Towers with Radar,0,2,19,0,21,0,0,90,0,90,0,2,109,0,111,353,0,353,464
02/07/2015,EMT,CA,AWP,WE,Towers with Radar,0,0,22,0,22,0,0,106,0,106,0,0,128,0,128,166,0,166,294
02/08/2015,EMT,CA,AWP,WE,Towers with Radar,0,0,16,0,16,0,0,149,0,149,0,0,165,0,165,112,0,112,277
02/09/2015,EMT,CA,AWP,WE,Towers with Radar,0,2,7,0,9,0,2,93,1,96,0,4,100,1,105,156,0,156,261
02/10/2015,EMT,CA,AWP,WE,Towers with Radar,0,1,10,0,11,0,2,112,0,114,0,3,122,0,125,197,0,197,322
02/11/2015,EMT,CA,AWP,WE,Towers with Radar,0,1,8,0,9,0,0,97,1,98,0,1,105,1,107,184,0,184,291
02/12/2015,EMT,CA,AWP,WE,Towers with Radar,0,1,10,0,11,0,1,109,0,110,0,2,119,0,121,178,0,178,299
02/13/2015,EMT,CA,AWP,WE,Towers with Radar,0,2,7,0,9,0,0,128,0,128,0,2,135,0,137,185,0,185,322
02/14/2015,EMT,CA,AWP,WE,Towers with Radar,0,0,6,2,8,0,0,126,0,126,0,0,132,2,134,176,0,176,310
02/15/2015,EMT,CA,AWP,WE,Towers with Radar,0,0,3,0,3,0,0,116,0,116,0,0,119,0,119,227,0,227,346
02/16/2015,EMT,CA,AWP,WE,Towers with Radar,0,4,22,0,26,0,2,139,1,142,0,6,161,1,168,274,0,274,442
02/17/2015,EMT,CA,AWP,WE,Towers with Radar,0,1,10,0,11,1,0,81,0,82,1,1,91,0,93,253,0,253,346
02/18/2015,EMT,CA,AWP,WE,Towers with Radar,0,1,22,0,23,0,0,80,0,80,0,1,102,0,103,124,0,124,227
02/19/2015,EMT,CA,AWP,WE,Towers with Radar,0,1,10,0,11,0,1,81,0,82,0,2,91,0,93,69,0,69,162
02/20/2015,EMT,CA,AWP,WE,Towers with Radar,0,2,13,0,15,0,0,80,3,83,0,2,93,3,98,227,0,227,325
02/21/2015,EMT,CA,AWP,WE,Towers with Radar,0,0,15,0,15,0,0,106,0,106,0,0,121,0,121,212,0,212,333
02/22/2015,EMT,CA,AWP,WE,Towers with Radar,0,0,14,0,14,0,0,29,0,29,0,0,43,0,43,158,0,158,201
02/23/2015,EMT,CA,AWP,WE,Towers with Radar,0,3,5,0,8,0,1,46,0,47,0,4,51,0,55,172,0,172,227
02/24/2015,EMT,CA,AWP,WE,Towers with Radar,0,1,14,0,15,0,1,96,0,97,0,2,110,0,112,169,0,169,281
02/25/2015,EMT,CA,AWP,WE,Towers with Radar,0,1,4,0,5,0,2,121,0,123,0,3,125,0,128,128,0,128,256
02/26/2015,EMT,CA,AWP,WE,Towers with Radar,0,1,11,0,12,0,1,114,0,115,0,2,125,0,127,146,0,146,273
02/27/2015,EMT,CA,AWP,WE,Towers with Radar,0,1,22,0,23,0,0,52,0,52,0,1,74,0,75,206,0,206,281
02/28/2015,EMT,CA,AWP,WE,Towers with Radar,0,0,7,0,7,0,0,44,0,44,0,0,51,0,51,162,0,162,213
03/01/2015,EMT,CA,AWP,WE,Towers with Radar,0,0,6,0,6,0,0,55,0,55,0,0,61,0,61,101,0,101,162
03/02/2015,EMT,CA,AWP,WE,Towers with Radar,0,3,2,0,5,0,2,41,0,43,0,5,43,0,48,97,0,97,145
03/03/2015,EMT,CA,AWP,WE,Towers with Radar,0,0,12,0,12,0,0,116,0,116,0,0,128,0,128,92,0,92,220
03/04/2015,EMT,CA,AWP,WE,Towers with Radar,1,1,18,0,20,1,1,127,1,130,2,2,145,1,150,189,0,189,339
03/05/2015,EMT,CA,AWP,WE,Towers with Radar,0,1,10,0,11,0,0,128,0,128,0,1,138,0,139,190,0,190,329
03/06/2015,EMT,CA,AWP,WE,Towers with Radar,0,2,5,0,7,0,0,109,0,109,0,2,114,0,116,137,0,137,253
03/07/2015,EMT,CA,AWP,WE,Towers with Radar,0,0,3,0,3,1,0,131,0,132,1,0,134,0,135,171,0,171,306
03/08/2015,EMT,CA,AWP,WE,Towers with Radar,0,0,4,0,4,1,0,125,0,126,1,0,129,0,130,347,0,347,477
03/09/2015,EMT,CA,AWP,WE,Towers with Radar,0,3,8,0,11,0,1,78,2,81,0,4,86,2,92,188,0,188,280
03/10/2015,EMT,CA,AWP,WE,Towers with Radar,0,1,14,0,15,0,2,109,1,112,0,3,123,1,127,184,0,184,311
03/11/2015,EMT,CA,AWP,WE,Towers with Radar,0,0,12,0,12,0,0,86,0,86,0,0,98,0,98,119,0,119,217
03/12/2015,EMT,CA,AWP,WE,Towers with Radar,0,2,15,0,17,0,0,61,0,61,0,2,76,0,78,101,0,101,179
03/13/2015,EMT,CA,AWP,WE,Towers with Radar,0,0,10,0,10,0,0,68,0,68,0,0,78,0,78,155,0,155,233
03/14/2015,EMT,CA,AWP,WE,Towers with Radar,0,0,11,0,11,2,0,127,0,129,2,0,138,0,140,163,0,163,303
03/15/2015,EMT,CA,AWP,WE,Towers with Radar,0,0,13,0,13,0,1,131,0,132,0,1,144,0,145,242,0,242,387
03/16/2015,EMT,CA,AWP,WE,Towers with Radar,0,1,12,0,13,0,1,103,0,104,0,2,115,0,117,253,0,253,370
03/17/2015,EMT,CA,AWP,WE,Towers with Radar,0,2,9,0,11,0,1,112,0,113,0,3,121,0,124,264,0,264,388
03/18/2015,EMT,CA,AWP,WE,Towers with Radar,0,1,13,0,14,0,2,119,0,121,0,3,132,0,135,238,0,238,373
03/19/2015,EMT,CA,AWP,WE,Towers with Radar,0,3,15,0,18,0,0,80,0,80,0,3,95,0,98,199,0,199,297
03/20/2015,EMT,CA,AWP,WE,Towers with Radar,0,0,18,0,18,0,1,111,0,112,0,1,129,0,130,255,0,255,385
03/21/2015,EMT,CA,AWP,WE,Towers with Radar,0,0,12,0,12,0,0,87,0,87,0,0,99,0,99,205,0,205,304
03/22/2015,EMT,CA,AWP,WE,Towers with Radar,0,0,19,0,19,0,0,83,0,83,0,0,102,0,102,142,0,142,244
03/23/2015,EMT,CA,AWP,WE,Towers with Radar,0,1,10,0,11,0,2,78,0,80,0,3,88,0,91,185,0,185,276
03/24/2015,EMT,CA,AWP,WE,Towers with Radar,0,1,10,0,11,0,0,114,0,114,0,1,124,0,125,210,0,210,335
03/25/2015,EMT,CA,AWP,WE,Towers with Radar,0,1,15,0,16,0,1,127,0,128,0,2,142,0,144,234,0,234,378
03/26/2015,EMT,CA,AWP,WE,Towers with Radar,0,1,12,0,13,0,1,120,0,121,0,2,132,0,134,294,0,294,428
03/27/2015,EMT,CA,AWP,WE,Towers with Radar,0,0,9,0,9,0,0,114,0,114,0,0,123,0,123,274,0,274,397
03/28/2015,EMT,CA,AWP,WE,Towers with Radar,0,0,10,0,10,0,0,131,0,131,0,0,141,0,141,216,0,216,357
03/29/2015,EMT,CA,AWP,WE,Towers with Radar,0,0,11,0,11,0,0,145,0,145,0,0,156,0,156,224,0,224,380
03/30/2015,EMT,CA,AWP,WE,Towers with Radar,0,1,9,0,10,0,2,91,0,93,0,3,100,0,103,287,0,287,390
03/31/2015,EMT,CA,AWP,WE,Towers with Radar,0,1,6,0,7,0,2,83,0,85,0,3,89,0,92,144,0,144,236
04/01/2015,EMT,CA,AWP,WE,Towers with Radar,0,1,15,0,16,0,1,92,0,93,0,2,107,0,109,240,0,240,349
04/02/2015,EMT,CA,AWP,WE,Towers with Radar,0,3,16,0,19,0,1,84,0,85,0,4,100,0,104,280,0,280,384
04/03/2015,EMT,CA,AWP,WE,Towers with Radar,0,0,8,0,8,0,0,133,1,134,0,0,141,1,142,213,0,213,355
04/04/2015,EMT,CA,AWP,WE,Towers with Radar,0,1,11,0,12,0,0,128,0,128,0,1,139,0,140,165,0,165,305
04/05/2015,EMT,CA,AWP,WE,Towers with Radar,0,0,8,0,8,0,0,67,0,67,0,0,75,0,75,226,0,226,301
04/06/2015,EMT,CA,AWP,WE,Towers with Radar,0,1,8,0,9,0,1,63,0,64,0,2,71,0,73,232,0,232,305
04/07/2015,EMT,CA,AWP,WE,Towers with Radar,0,1,9,0,10,0,0,58,0,58,0,1,67,0,68,68,0,68,136
04/08/2015,EMT,CA,AWP,WE,Towers with Radar,0,1,16,0,17,0,1,115,2,118,0,2,131,2,135,238,0,238,373
04/09/2015,EMT,CA,AWP,WE,Towers with Radar,0,1,19,0,20,0,1,109,0,110,0,2,128,0,130,287,0,287,417
04/10/2015,EMT,CA,AWP,WE,Towers with Radar,0,0,12,0,12,0,0,116,0,116,0,0,128,0,128,240,0,240,368
04/11/2015,EMT,CA,AWP,WE,Towers with Radar,0,0,11,0,11,0,0,143,0,143,0,0,154,0,154,156,0,156,310
04/12/2015,EMT,CA,AWP,WE,Towers with Radar,0,0,8,0,8,0,0,131,0,131,0,0,139,0,139,150,0,150,289
04/13/2015,EMT,CA,AWP,WE,Towers with Radar,0,1,12,0,13,0,1,95,0,96,0,2,107,0,109,181,0,181,290
04/14/2015,EMT,CA,AWP,WE,Towers with Radar,0,1,10,0,11,0,0,84,0,84,0,1,94,0,95,231,0,231,326
04/15/2015,EMT,CA,AWP,WE,Towers with Radar,0,1,10,0,11,0,1,87,0,88,0,2,97,0,99,255,0,255,354
04/16/2015,EMT,CA,AWP,WE,Towers with Radar,0,1,7,0,8,0,1,111,0,112,0,2,118,0,120,171,0,171,291
04/17/2015,EMT,CA,AWP,WE,Towers with Radar,0,0,15,0,15,0,0,133,0,133,0,0,148,0,148,158,0,158,306
04/18/2015,EMT,CA,AWP,WE,Towers with Radar,0,0,8,0,8,0,0,145,0,145,0,0,153,0,153,175,0,175,328
04/19/2015,EMT,CA,AWP,WE,Towers with Radar,0,0,11,0,11,0,0,153,3,156,0,0,164,3,167,147,0,147,314
04/20/2015,EMT,CA,AWP,WE,Towers with Radar,0,1,9,0,10,0,1,81,0,82,0,2,90,0,92,290,0,290,382
04/21/2015,EMT,CA,AWP,WE,Towers with Radar,0,1,16,0,17,0,1,75,0,76,0,2,91,0,93,206,0,206,299
04/22/2015,EMT,CA,AWP,WE,Towers with Radar,0,1,19,0,20,0,0,116,0,116,0,1,135,0,136,188,0,188,324
04/23/2015,EMT,CA,AWP,WE,Towers with Radar,0,0,14,0,14,0,2,82,0,84,0,2,96,0,98,191,0,191,289
04/24/2015,EMT,CA,AWP,WE,Towers with Radar,1,0,24,0,25,0,1,67,0,68,1,1,91,0,93,280,0,280,373
04/25/2015,EMT,CA,AWP,WE,Towers with Radar,0,0,12,0,12,0,0,56,0,56,0,0,68,0,68,142,0,142,210
04/26/2015,EMT,CA,AWP,WE,Towers with Radar,0,0,4,0,4,0,0,181,0,181,0,0,185,0,185,197,0,197,382
04/27/2015,EMT,CA,AWP,WE,Towers with Radar,0,1,10,0,11,0,2,99,0,101,0,3,109,0,112,136,0,136,248
04/28/2015,EMT,CA,AWP,WE,Towers with Radar,1,1,17,0,19,1,1,153,0,155,2,2,170,0,174,165,0,165,339
04/29/2015,EMT,CA,AWP,WE,Towers with Radar,0,1,18,0,19,0,1,92,0,93,0,2,110,0,112,137,0,137,249
04/30/2015,EMT,CA,AWP,WE,Towers with Radar,0,3,2,0,5,0,1,141,0,142,0,4,143,0,147,169,0,169,316
05/01/2015,EMT,CA,AWP,WE,Towers with Radar,0,0,5,0,5,0,0,102,0,102,0,0,107,0,107,233,0,233,340
05/02/2015,EMT,CA,AWP,WE,Towers with Radar,0,0,5,0,5,0,0,113,0,113,0,0,118,0,118,87,0,87,205
05/03/2015,EMT,CA,AWP,WE,Towers with Radar,0,0,10,0,10,0,0,109,0,109,0,0,119,0,119,186,0,186,305
05/04/2015,EMT,CA,AWP,WE,Towers with Radar,0,1,7,0,8,0,1,74,0,75,0,2,81,0,83,107,0,107,190
05/05/2015,EMT,CA,AWP,WE,Towers with Radar,0,1,18,0,19,0,0,78,0,78,0,1,96,0,97,202,0,202,299
05/06/2015,EMT,CA,AWP,WE,Towers with Radar,0,3,10,0,13,1,0,80,0,81,1,3,90,0,94,213,0,213,307
05/07/2015,EMT,CA,AWP,WE,Towers with Radar,0,1,8,0,9,0,1,56,0,57,0,2,64,0,66,121,0,121,187
05/08/2015,EMT,CA,AWP,WE,Towers with Radar,0,0,18,0,18,0,0,65,0,65,0,0,83,0,83,234,0,234,317
05/09/2015,EMT,CA,AWP,WE,Towers with Radar,1,0,19,0,20,0,0,76,0,76,1,0,95,0,96,292,0,292,388
05/10/2015,EMT,CA,AWP,WE,Towers with Radar,0,0,13,0,13,1,0,131,0,132,1,0,144,0,145,148,0,148,293
05/11/2015,EMT,CA,AWP,WE,Towers with Radar,0,0,13,0,13,0,0,131,0,131,0,0,144,0,144,217,0,217,361
05/12/2015,EMT,CA,AWP,WE,Towers with Radar,0,1,13,0,14,0,0,101,0,101,0,1,114,0,115,190,0,190,305
05/13/2015,EMT,CA,AWP,WE,Towers with Radar,0,0,11,0,11,0,0,109,0,109,0,0,120,0,120,163,0,163,283
05/14/2015,EMT,CA,AWP,WE,Towers with Radar,0,0,11,0,11,0,0,36,0,36,0,0,47,0,47,91,0,91,138
05/15/2015,EMT,CA,AWP,WE,Towers with Radar,0,0,2,0,2,0,0,25,0,25,0,0,27,0,27,164,0,164,191
05/16/2015,EMT,CA,AWP,WE,Towers with Radar,0,0,14,0,14,0,0,100,0,100,0,0,114,0,114,206,0,206,320
05/17/2015,EMT,CA,AWP,WE,Towers with Radar,0,0,9,0,9,0,0,94,0,94,0,0,103,0,103,194,0,194,297
05/18/2015,EMT,CA,AWP,WE,Towers with Radar,0,0,7,0,7,0,0,77,0,77,0,0,84,0,84,272,0,272,356
05/19/2015,EMT,CA,AWP,WE,Towers with Radar,0,0,14,0,14,0,0,116,0,116,0,0,130,0,130,196,0,196,326
05/20/2015,EMT,CA,AWP,WE,Towers with Radar,0,0,10,0,10,1,0,102,0,103,1,0,112,0,113,238,0,238,351
05/21/2015,EMT,CA,AWP,WE,Towers with Radar,0,0,14,0,14,1,0,91,2,94,1,0,105,2,108,179,0,179,287
05/22/2015,EMT,CA,AWP,WE,Towers with Radar,0,0,20,0,20,0,0,62,1,63,0,0,82,1,83,91,0,91,174
05/23/2015,EMT,CA,AWP,WE,Towers with Radar,0,0,10,0,10,0,0,76,0,76,0,0,86,0,86,166,0,166,252
05/24/2015,EMT,CA,AWP,WE,Towers with Radar,0,0,10,0,10,0,0,76,0,76,0,0,86,0,86,246,0,246,332
05/25/2015,EMT,CA,AWP,WE,Towers with Radar,0,0,14,0,14,0,0,66,0,66,0,0,80,0,80,228,0,228,308
05/26/2015,EMT,CA,AWP,WE,Towers with Radar,0,0,15,0,15,0,0,75,0,75,0,0,90,0,90,250,0,250,340
05/27/2015,EMT,CA,AWP,WE,Towers with Radar,0,0,13,0,13,1,0,74,0,75,1,0,87,0,88,297,0,297,385
05/28/2015,EMT,CA,AWP,WE,Towers with Radar,0,0,11,0,11,0,0,106,1,107,0,0,117,1,118,157,0,157,275
05/29/2015,EMT,CA,AWP,WE,Towers with Radar,0,0,8,0,8,0,0,85,0,85,0,0,93,0,93,263,0,263,356
05/30/2015,EMT,CA,AWP,WE,Towers with Radar,0,0,16,0,16,0,0,123,0,123,0,0,139,0,139,176,0,176,315
05/31/2015,EMT,CA,AWP,WE,Towers with Radar,0,0,21,0,21,0,0,87,0,87,0,0,108,0,108,207,0,207,315
06/01/2015,EMT,CA,AWP,WE,Towers with Radar,0,0,10,0,10,0,0,87,0,87,0,0,97,0,97,272,0,272,369
06/02/2015,EMT,CA,AWP,WE,Towers with Radar,0,0,5,0,5,0,0,92,0,92,0,0,97,0,97,285,0,285,382
06/03/2015,EMT,CA,AWP,WE,Towers with Radar,0,0,8,0,8,0,0,70,0,70,0,0,78,0,78,208,0,208,286
06/04/2015,EMT,CA,AWP,WE,Towers with Radar,0,0,23,0,23,0,0,60,1,61,0,0,83,1,84,220,0,220,304
06/05/2015,EMT,CA,AWP,WE,Towers with Radar,0,0,9,0,9,0,0,75,0,75,0,0,84,0,84,152,0,152,236
06/06/2015,EMT,CA,AWP,WE,Towers with Radar,0,1,12,0,13,0,1,102,1,104,0,2,114,1,117,196,0,196,313
06/07/2015,EMT,CA,AWP,WE,Towers with Radar,0,0,10,0,10,0,0,127,0,127,0,0,137,0,137,150,0,150,287
06/08/2015,EMT,CA,AWP,WE,Towers with Radar,0,0,3,0,3,0,1,98,0,99,0,1,101,0,102,169,0,169,271
06/09/2015,EMT,CA,AWP,WE,Towers with Radar,0,0,11,0,11,1,0,101,0,102,1,0,112,0,113,147,0,147,260
06/10/2015,EMT,CA,AWP,WE,Towers with Radar,0,0,7,0,7,0,0,74,1,75,0,0,81,1,82,216,0,216,298
06/11/2015,EMT,CA,AWP,WE,Towers with Radar,0,0,13,0,13,0,0,46,0,46,0,0,59,0,59,204,0,204,263
06/12/2015,EMT,CA,AWP,WE,Towers with Radar,0,0,13,0,13,0,0,43,0,43,0,0,56,0,56,194,0,194,250
06/13/2015,EMT,CA,AWP,WE,Towers with Radar,0,2,16,0,18,1,0,45,0,46,1,2,61,0,64,186,0,186,250
06/14/2015,EMT,CA,AWP,WE,Towers with Radar,0,0,16,0,16,0,0,95,0,95,0,0,111,0,111,142,0,142,253
06/15/2015,EMT,CA,AWP,WE,Towers with Radar,0,1,12,0,13,0,0,131,0,131,0,1,143,0,144,277,0,277,421
06/16/2015,EMT,CA,AWP,WE,Towers with Radar,0,0,15,0,15,0,0,133,0,133,0,0,148,0,148,107,0,107,255
06/17/2015,EMT,CA,AWP,WE,Towers with Radar,0,0,7,0,7,0,0,142,0,142,0,0,149,0,149,182,0,182,331
06/18/2015,EMT,CA,AWP,WE,Towers with Radar,0,0,4,0,4,0,0,52,0,52,0,0,56,0,56,160,0,160,216
06/19/2015,EMT,CA,AWP,WE,Towers with Radar,0,0,8,0,8,0,0,90,0,90,0,0,98,0,98,163,0,163,261
06/20/2015,EMT,CA,AWP,WE,Towers with Radar,0,0,5,0,5,0,0,105,1,106,0,0,110,1,111,196,0,196,307
06/21/2015,EMT,CA,AWP,WE,Towers with Radar,1,0,12,0,13,1,0,125,0,126,2,0,137,0,139,198,0,198,337
06/22/2015,EMT,CA,AWP,WE,Towers with Radar,0,0,6,0,6,0,0,92,0,92,0,0,98,0,98,150,0,150,248
06/23/2015,EMT,CA,AWP,WE,Towers with Radar,0,0,4,0,4,0,0,108,0,108,0,0,112,0,112,127,0,127,239
06/24/2015,EMT,CA,AWP,WE,Towers with Radar,0,0,1,0,1,0,0,90,0,90,0,0,91,0,91,162,0,162,253
06/25/2015,EMT,CA,AWP,WE,Towers with Radar,0,0,10,0,10,0,0,132,0,132,0,0,142,0,142,216,0,216,358
06/26/2015,EMT,CA,AWP,WE,Towers with Radar,0,0,11,0,11,0,0,90,0,90,0,0,101,0,101,242,0,242,343
06/27/2015,EMT,CA,AWP,WE,Towers with Radar,0,0,11,0,11,0,0,131,0,131,0,0,142,0,142,178,0,178,320
06/28/2015,EMT,CA,AWP,WE,Towers with Radar,0,2,12,0,14,0,0,135,0,135,0,2,147,0,149,225,0,225,374
06/29/2015,EMT,CA,AWP,WE,Towers with Radar,0,0,10,0,10,0,0,97,0,97,0,0,107,0,107,168,0,168,275
06/30/2015,EMT,CA,AWP,WE,Towers with Radar,0,0,6,0,6,0,0,96,0,96,0,0,102,0,102,109,0,109,211
07/01/2015,EMT,CA,AWP,WE,Towers with Radar,0,0,4,0,4,0,0,115,0,115,0,0,119,0,119,246,0,246,365
07/02/2015,EMT,CA,AWP,WE,Towers with Radar,0,0,6,0,6,0,0,85,0,85,0,0,91,0,91,161,0,161,252
07/03/2015,EMT,CA,AWP,WE,Towers with Radar,1,0,13,0,14,1,0,125,0,126,2,0,138,0,140,274,0,274,414
07/04/2015,EMT,CA,AWP,WE,Towers with Radar,0,0,1,0,1,0,0,67,1,68,0,0,68,1,69,67,0,67,136
07/05/2015,EMT,CA,AWP,WE,Towers with Radar,0,0,11,0,11,0,0,55,0,55,0,0,66,0,66,47,0,47,113
07/06/2015,EMT,CA,AWP,WE,Towers with Radar,0,0,3,0,3,0,0,82,0,82,0,0,85,0,85,280,0,280,365
07/07/2015,EMT,CA,AWP,WE,Towers with Radar,0,0,8,0,8,0,0,48,0,48,0,0,56,0,56,78,1,79,135
07/08/2015,EMT,CA,AWP,WE,Towers with Radar,0,0,8,0,8,0,0,62,0,62,0,0,70,0,70,179,0,179,249
07/09/2015,EMT,CA,AWP,WE,Towers with Radar,0,0,13,0,13,0,0,84,0,84,0,0,97,0,97,180,0,180,277
07/10/2015,EMT,CA,AWP,WE,Towers with Radar,0,0,3,0,3,0,0,115,1,116,0,0,118,1,119,236,0,236,355
07/11/2015,EMT,CA,AWP,WE,Towers with Radar,0,0,12,0,12,0,0,105,0,105,0,0,117,0,117,136,0,136,253
07/12/2015,EMT,CA,AWP,WE,Towers with Radar,0,0,6,0,6,0,0,121,0,121,0,0,127,0,127,102,0,102,229
07/13/2015,EMT,CA,AWP,WE,Towers with Radar,0,1,10,0,11,0,0,100,0,100,0,1,110,0,111,112,0,112,223
07/14/2015,EMT,CA,AWP,WE,Towers with Radar,0,0,9,0,9,1,0,104,0,105,1,0,113,0,114,201,0,201,315
07/15/2015,EMT,CA,AWP,WE,Towers with Radar,0,0,6,0,6,0,0,95,0,95,0,0,101,0,101,154,0,154,255
07/16/2015,EMT,CA,AWP,WE,Towers with Radar,0,0,18,0,18,0,0,76,0,76,0,0,94,0,94,108,0,108,202
07/17/2015,EMT,CA,AWP,WE,Towers with Radar,0,2,6,0,8,0,0,105,0,105,0,2,111,0,113,227,0,227,340
07/18/2015,EMT,CA,AWP,WE,Towers with Radar,0,0,2,0,2,0,0,46,0,46,0,0,48,0,48,117,0,117,165
07/19/2015,EMT,CA,AWP,WE,Towers with Radar,0,0,7,0,7,0,0,73,0,73,0,0,80,0,80,139,0,139,219
07/20/2015,EMT,CA,AWP,WE,Towers with Radar,0,0,9,0,9,0,0,90,0,90,0,0,99,0,99,290,0,290,389
07/21/2015,EMT,CA,AWP,WE,Towers with Radar,0,3,16,0,19,0,0,44,0,44,0,3,60,0,63,262,0,262,325
07/22/2015,EMT,CA,AWP,WE,Towers with Radar,0,0,14,0,14,0,0,82,0,82,0,0,96,0,96,216,0,216,312
07/23/2015,EMT,CA,AWP,WE,Towers with Radar,0,1,12,0,13,0,1,73,0,74,0,2,85,0,87,182,0,182,269
07/24/2015,EMT,CA,AWP,WE,Towers with Radar,0,0,8,0,8,0,0,118,0,118,0,0,126,0,126,122,0,122,248
07/25/2015,EMT,CA,AWP,WE,Towers with Radar,0,0,13,0,13,0,0,90,0,90,0,0,103,0,103,160,0,160,263
07/26/2015,EMT,CA,AWP,WE,Towers with Radar,0,0,4,0,4,0,0,139,0,139,0,0,143,0,143,195,0,195,338
07/27/2015,EMT,CA,AWP,WE,Towers with Radar,0,0,10,0,10,0,0,85,0,85,0,0,95,0,95,223,0,223,318
07/28/2015,EMT,CA,AWP,WE,Towers with Radar,0,0,7,0,7,0,0,80,0,80,0,0,87,0,87,218,0,218,305
07/29/2015,EMT,CA,AWP,WE,Towers with Radar,0,0,4,0,4,0,1,51,0,52,0,1,55,0,56,201,0,201,257
07/30/2015,EMT,CA,AWP,WE,Towers with Radar,0,0,7,0,7,0,0,65,0,65,0,0,72,0,72,180,0,180,252
07/31/2015,EMT,CA,AWP,WE,Towers with Radar,0,0,4,0,4,0,0,93,1,94,0,0,97,1,98,199,0,199,297
08/01/2015,EMT,CA,AWP,WE,Towers with Radar,0,1,4,0,5,0,2,128,0,130,0,3,132,0,135,184,0,184,319
08/02/2015,EMT,CA,AWP,WE,Towers with Radar,0,0,4,0,4,0,1,127,3,131,0,1,131,3,135,136,0,136,271
08/03/2015,EMT,CA,AWP,WE,Towers with Radar,0,0,6,0,6,0,0,95,0,95,0,0,101,0,101,216,0,216,317
08/04/2015,EMT,CA,AWP,WE,Towers with Radar,0,0,6,0,6,0,2,133,0,135,0,2,139,0,141,98,0,98,239
08/05/2015,EMT,CA,AWP,WE,Towers with Radar,0,0,7,0,7,0,0,111,0,111,0,0,118,0,118,135,0,135,253
08/06/2015,EMT,CA,AWP,WE,Towers with Radar,0,0,3,0,3,0,0,112,0,112,0,0,115,0,115,119,0,119,234
08/07/2015,EMT,CA,AWP,WE,Towers with Radar,0,0,7,0,7,0,2,108,0,110,0,2,115,0,117,153,0,153,270
08/08/2015,EMT,CA,AWP,WE,Towers with Radar,0,0,2,0,2,0,1,94,0,95,0,1,96,0,97,102,0,102,199
08/09/2015,EMT,CA,AWP,WE,Towers with Radar,0,0,10,0,10,0,0,116,0,116,0,0,126,0,126,228,0,228,354
08/10/2015,EMT,CA,AWP,WE,Towers with Radar,0,0,9,0,9,0,1,53,0,54,0,1,62,0,63,175,0,175,238
08/11/2015,EMT,CA,AWP,WE,Towers with Radar,0,0,7,0,7,0,0,63,0,63,0,0,70,0,70,181,0,181,251
08/12/2015,EMT,CA,AWP,WE,Towers with Radar,0,2,4,0,6,0,0,136,0,136,0,2,140,0,142,246,0,246,388
08/13/2015,EMT,CA,AWP,WE,Towers with Radar,0,0,6,0,6,0,0,95,0,95,0,0,101,0,101,158,0,158,259
08/14/2015,EMT,CA,AWP,WE,Towers with Radar,0,1,8,0,9,0,0,93,0,93,0,1,101,0,102,116,0,116,218
08/15/2015,EMT,CA,AWP,WE,Towers with Radar,0,0,9,0,9,0,0,135,0,135,0,0,144,0,144,136,0,136,280
08/16/2015,EMT,CA,AWP,WE,Towers with Radar,0,0,6,0,6,0,0,100,0,100,0,0,106,0,106,84,0,84,190
08/17/2015,EMT,CA,AWP,WE,Towers with Radar,0,0,7,0,7,0,0,114,3,117,0,0,121,3,124,282,0,282,406
08/18/2015,EMT,CA,AWP,WE,Towers with Radar,0,0,7,0,7,0,0,82,0,82,0,0,89,0,89,230,0,230,319
08/19/2015,EMT,CA,AWP,WE,Towers with Radar,0,0,8,0,8,0,0,81,0,81,0,0,89,0,89,219,0,219,308
08/20/2015,EMT,CA,AWP,WE,Towers with Radar,0,1,11,0,12,0,0,88,0,88,0,1,99,0,100,224,0,224,324
08/21/2015,EMT,CA,AWP,WE,Towers with Radar,0,0,12,0,12,0,0,60,0,60,0,0,72,0,72,176,0,176,248
08/22/2015,EMT,CA,AWP,WE,Towers with Radar,0,0,6,0,6,0,0,97,0,97,0,0,103,0,103,277,0,277,380
08/23/2015,EMT,CA,AWP,WE,Towers with Radar,0,0,5,0,5,0,0,141,0,141,0,0,146,0,146,222,0,222,368
08/24/2015,EMT,CA,AWP,WE,Towers with Radar,0,0,7,0,7,0,0,96,0,96,0,0,103,0,103,206,0,206,309
08/25/2015,EMT,CA,AWP,WE,Towers with Radar,0,0,6,0,6,0,0,92,0,92,0,0,98,0,98,179,0,179,277
08/26/2015,EMT,CA,AWP,WE,Towers with Radar,0,0,5,0,5,0,0,117,0,117,0,0,122,0,122,178,0,178,300
08/27/2015,EMT,CA,AWP,WE,Towers with Radar,0,0,6,0,6,0,1,99,0,100,0,1,105,0,106,85,0,85,191
08/28/2015,EMT,CA,AWP,WE,Towers with Radar,0,0,4,0,4,0,0,85,0,85,0,0,89,0,89,123,0,123,212
08/29/2015,EMT,CA,AWP,WE,Towers with Radar,0,0,6,0,6,0,0,126,0,126,0,0,132,0,132,213,0,213,345
08/30/2015,EMT,CA,AWP,WE,Towers with Radar,0,0,5,0,5,0,1,147,0,148,0,1,152,0,153,194,0,194,347
08/31/2015,EMT,CA,AWP,WE,Towers with Radar,0,0,2,0,2,0,1,96,0,97,0,1,98,0,99,187,0,187,286
09/01/2015,EMT,CA,AWP,WE,Towers with Radar,0,0,5,0,5,0,0,90,0,90,0,0,95,0,95,149,0,149,244
09/02/2015,EMT,CA,AWP,WE,Towers with Radar,0,0,6,0,6,0,0,92,1,93,0,0,98,1,99,183,0,183,282
09/03/2015,EMT,CA,AWP,WE,Towers with Radar,0,2,6,0,8,0,1,93,0,94,0,3,99,0,102,228,0,228,330
09/04/2015,EMT,CA,AWP,WE,Towers with Radar,0,0,9,0,9,0,0,107,1,108,0,0,116,1,117,206,0,206,323
09/05/2015,EMT,CA,AWP,WE,Towers with Radar,0,0,8,0,8,0,0,119,0,119,0,0,127,0,127,149,0,149,276
09/06/2015,EMT,CA,AWP,WE,Towers with Radar,0,0,3,0,3,0,0,109,0,109,0,0,112,0,112,127,0,127,239
09/07/2015,EMT,CA,AWP,WE,Towers with Radar,0,0,9,0,9,0,0,134,0,134,0,0,143,0,143,101,0,101,244
09/08/2015,EMT,CA,AWP,WE,Towers with Radar,0,0,8,0,8,0,0,77,0,77,0,0,85,0,85,95,0,95,180
09/09/2015,EMT,CA,AWP,WE,Towers with Radar,0,0,6,0,6,0,0,76,0,76,0,0,82,0,82,103,0,103,185
09/10/2015,EMT,CA,AWP,WE,Towers with Radar,0,0,5,0,5,0,0,88,0,88,0,0,93,0,93,97,0,97,190
09/11/2015,EMT,CA,AWP,WE,Towers with Radar,0,0,5,0,5,0,2,99,0,101,0,2,104,0,106,86,0,86,192
09/12/2015,EMT,CA,AWP,WE,Towers with Radar,0,0,5,0,5,0,0,103,0,103,0,0,108,0,108,151,0,151,259
09/13/2015,EMT,CA,AWP,WE,Towers with Radar,0,0,3,0,3,0,1,128,0,129,0,1,131,0,132,111,0,111,243
09/14/2015,EMT,CA,AWP,WE,Towers with Radar,0,0,8,0,8,0,1,80,0,81,0,1,88,0,89,141,0,141,230
09/15/2015,EMT,CA,AWP,WE,Towers with Radar,0,0,8,0,8,3,0,15,0,18,3,0,23,0,26,137,0,137,163
09/16/2015,EMT,CA,AWP,WE,Towers with Radar,0,0,8,0,8,0,0,105,0,105,0,0,113,0,113,187,0,187,300
09/17/2015,EMT,CA,AWP,WE,Towers with Radar,0,0,4,0,4,0,0,121,0,121,0,0,125,0,125,137,0,137,262
09/18/2015,EMT,CA,AWP,WE,Towers with Radar,0,0,8,0,8,0,0,100,0,100,0,0,108,0,108,130,0,130,238
09/19/2015,EMT,CA,AWP,WE,Towers with Radar,0,0,7,0,7,0,0,91,0,91,0,0,98,0,98,90,0,90,188
09/20/2015,EMT,CA,AWP,WE,Towers with Radar,0,0,2,0,2,0,1,113,0,114,0,1,115,0,116,196,0,196,312
09/21/2015,EMT,CA,AWP,WE,Towers with Radar,0,2,5,0,7,0,2,113,0,115,0,4,118,0,122,135,0,135,257
09/22/2015,EMT,CA,AWP,WE,Towers with Radar,0,0,10,0,10,0,0,97,0,97,0,0,107,0,107,193,0,193,300
09/23/2015,EMT,CA,AWP,WE,Towers with Radar,0,0,3,0,3,0,0,104,0,104,0,0,107,0,107,87,0,87,194
09/24/2015,EMT,CA,AWP,WE,Towers with Radar,0,0,8,0,8,0,0,91,0,91,0,0,99,0,99,135,0,135,234
09/25/2015,EMT,CA,AWP,WE,Towers with Radar,0,0,9,0,9,0,0,87,0,87,0,0,96,0,96,154,0,154,250
09/26/2015,EMT,CA,AWP,WE,Towers with Radar,0,0,5,0,5,0,0,115,0,115,0,0,120,0,120,101,0,101,221
09/27/2015,EMT,CA,AWP,WE,Towers with Radar,0,0,10,0,10,0,0,149,0,149,0,0,159,0,159,114,0,114,273
09/28/2015,EMT,CA,AWP,WE,Towers with Radar,0,0,7,0,7,0,0,114,0,114,0,0,121,0,121,162,0,162,283
09/29/2015,EMT,CA,AWP,WE,Towers with Radar,0,0,7,0,7,0,1,88,0,89,0,1,95,0,96,161,0,161,257
09/30/2015,EMT,CA,AWP,WE,Towers with Radar,0,0,9,0,9,0,2,127,0,129,0,2,136,0,138,134,0,134,272
10/01/2015,EMT,CA,AWP,WE,Towers with Radar,0,0,3,0,3,0,0,89,0,89,0,0,92,0,92,164,0,164,256
10/02/2015,EMT,CA,AWP,WE,Towers with Radar,0,0,8,0,8,0,0,105,1,106,0,0,113,1,114,147,0,147,261
10/03/2015,EMT,CA,AWP,WE,Towers with Radar,0,0,5,0,5,0,0,116,0,116,0,0,121,0,121,142,0,142,263
10/04/2015,EMT,CA,AWP,WE,Towers with Radar,0,0,2,0,2,0,0,38,0,38,0,0,40,0,40,56,0,56,96
10/05/2015,EMT,CA,AWP,WE,Towers with Radar,0,0,3,0,3,0,0,47,0,47,0,0,50,0,50,55,0,55,105
10/06/2015,EMT,CA,AWP,WE,Towers with Radar,0,0,7,0,7,0,0,84,0,84,0,0,91,0,91,133,0,133,224
10/07/2015,EMT,CA,AWP,WE,Towers with Radar,0,0,8,0,8,0,0,117,0,117,0,0,125,0,125,122,0,122,247
10/08/2015,EMT,CA,AWP,WE,Towers with Radar,0,0,6,0,6,0,0,102,0,102,0,0,108,0,108,144,0,144,252
10/09/2015,EMT,CA,AWP,WE,Towers with Radar,0,0,5,0,5,0,0,103,1,104,0,0,108,1,109,101,0,101,210
10/10/2015,EMT,CA,AWP,WE,Towers with Radar,0,0,9,0,9,0,0,57,0,57,0,0,66,0,66,68,0,68,134
10/11/2015,EMT,CA,AWP,WE,Towers with Radar,0,0,6,2,8,0,0,143,0,143,0,0,149,2,151,108,0,108,259
10/12/2015,EMT,CA,AWP,WE,Towers with Radar,0,0,3,0,3,0,0,98,0,98,0,0,101,0,101,159,0,159,260
10/13/2015,EMT,CA,AWP,WE,Towers with Radar,0,0,3,0,3,0,0,79,2,81,0,0,82,2,84,187,0,187,271
10/14/2015,EMT,CA,AWP,WE,Towers with Radar,0,0,4,0,4,0,0,89,1,90,0,0,93,1,94,237,0,237,331
10/15/2015,EMT,CA,AWP,WE,Towers with Radar,0,0,11,0,11,0,0,51,0,51,0,0,62,0,62,60,0,60,122
10/16/2015,EMT,CA,AWP,WE,Towers with Radar,0,0,17,0,17,0,0,25,1,26,0,0,42,1,43,150,0,150,193
10/17/2015,EMT,CA,AWP,WE,Towers with Radar,0,1,12,0,13,0,0,94,0,94,0,1,106,0,107,221,0,221,328
10/18/2015,EMT,CA,AWP,WE,Towers with Radar,0,0,17,0,17,0,0,45,0,45,0,0,62,0,62,97,0,97,159
10/19/2015,EMT,CA,AWP,WE,Towers with Radar,0,0,3,0,3,0,0,83,0,83,0,0,86,0,86,228,0,228,314
10/20/2015,EMT,CA,AWP,WE,Towers with Radar,0,0,5,0,5,0,0,82,0,82,0,0,87,0,87,217,0,217,304
10/21/2015,EMT,CA,AWP,WE,Towers with Radar,0,0,6,0,6,0,0,131,0,131,0,0,137,0,137,184,0,184,321
10/22/2015,EMT,CA,AWP,WE,Towers with Radar,0,0,12,0,12,0,0,115,0,115,0,0,127,0,127,181,0,181,308
10/23/2015,EMT,CA,AWP,WE,Towers with Radar,0,0,15,0,15,0,0,126,0,126,0,0,141,0,141,116,0,116,257
10/24/2015,EMT,CA,AWP,WE,Towers with Radar,0,0,10,0,10,0,0,123,0,123,0,0,133,0,133,195,0,195,328
10/25/2015,EMT,CA,AWP,WE,Towers with Radar,0,0,4,0,4,0,0,200,0,200,0,0,204,0,204,77,0,77,281
10/26/2015,EMT,CA,AWP,WE,Towers with Radar,0,0,4,0,4,0,0,140,0,140,0,0,144,0,144,130,0,130,274
10/27/2015,EMT,CA,AWP,WE,Towers with Radar,0,0,4,0,4,0,0,103,0,103,0,0,107,0,107,114,0,114,221
10/28/2015,EMT,CA,AWP,WE,Towers with Radar,0,0,5,0,5,0,0,92,0,92,0,0,97,0,97,166,0,166,263
10/29/2015,EMT,CA,AWP,WE,Towers with Radar,0,0,3,0,3,0,1,52,0,53,0,1,55,0,56,130,0,130,186
10/30/2015,EMT,CA,AWP,WE,Towers with Radar,0,0,2,0,2,0,0,60,0,60,0,0,62,0,62,105,0,105,167
10/31/2015,EMT,CA,AWP,WE,Towers with Radar,0,0,2,0,2,0,0,212,0,212,0,0,214,0,214,133,0,133,347
11/01/2015,EMT,CA,AWP,WE,Towers with Radar,0,0,6,0,6,0,0,131,0,131,0,0,137,0,137,171,0,171,308
11/02/2015,EMT,CA,AWP,WE,Towers with Radar,0,0,4,0,4,0,0,41,0,41,0,0,45,0,45,126,0,126,171
11/03/2015,EMT,CA,AWP,WE,Towers with Radar,0,0,11,0,11,0,0,61,0,61,0,0,72,0,72,138,0,138,210
11/04/2015,EMT,CA,AWP,WE,Towers with Radar,0,0,8,0,8,0,0,99,0,99,0,0,107,0,107,108,0,108,215
11/05/2015,EMT,CA,AWP,WE,Towers with Radar,0,0,7,0,7,0,0,139,1,140,0,0,146,1,147,142,0,142,289
11/06/2015,EMT,CA,AWP,WE,Towers with Radar,0,0,8,1,9,0,0,120,0,120,0,0,128,1,129,121,0,121,250
11/07/2015,EMT,CA,AWP,WE,Towers with Radar,0,2,7,0,9,0,0,117,0,117,0,2,124,0,126,79,0,79,205
11/08/2015,EMT,CA,AWP,WE,Towers with Radar,0,0,6,0,6,0,0,96,0,96,0,0,102,0,102,220,0,220,322
11/09/2015,EMT,CA,AWP,WE,Towers with Radar,0,0,9,0,9,0,0,44,0,44,0,0,53,0,53,103,0,103,156
11/10/2015,EMT,CA,AWP,WE,Towers with Radar,0,0,0,0,0,0,0,64,0,64,0,0,64,0,64,61,0,61,125
11/11/2015,EMT,CA,AWP,WE,Towers with Radar,0,0,6,0,6,0,1,144,1,146,0,1,150,1,152,196,0,196,348
11/12/2015,EMT,CA,AWP,WE,Towers with Radar,0,0,10,0,10,0,0,118,4,122,0,0,128,4,132,153,0,153,285
11/13/2015,EMT,CA,AWP,WE,Towers with Radar,0,0,3,0,3,0,0,110,4,114,0,0,113,4,117,176,0,176,293
11/14/2015,EMT,CA,AWP,WE,Towers with Radar,0,0,5,0,5,0,0,138,4,142,0,0,143,4,147,128,0,128,275
11/15/2015,EMT,CA,AWP,WE,Towers with Radar,0,0,6,0,6,0,0,64,0,64,0,0,70,0,70,76,0,76,146
11/16/2015,EMT,CA,AWP,WE,Towers with Radar,0,0,0,0,0,0,0,37,0,37,0,0,37,0,37,11,0,11,48
11/17/2015,EMT,CA,AWP,WE,Towers with Radar,0,1,8,0,9,0,0,80,0,80,0,1,88,0,89,183,0,183,272
11/18/2015,EMT,CA,AWP,WE,Towers with Radar,0,0,11,0,11,0,2,117,0,119,0,2,128,0,130,126,0,126,256
11/19/2015,EMT,CA,AWP,WE,Towers with Radar,0,0,3,0,3,0,0,115,1,116,0,0,118,1,119,216,0,216,335
11/20/2015,EMT,CA,AWP,WE,Towers with Radar,0,0,10,0,10,0,0,149,0,149,0,0,159,0,159,168,0,168,327
11/21/2015,EMT,CA,AWP,WE,Towers with Radar,0,0,8,0,8,0,0,160,0,160,0,0,168,0,168,178,0,178,346
11/22/2015,EMT,CA,AWP,WE,Towers with Radar,0,0,3,0,3,0,1,120,0,121,0,1,123,0,124,108,0,108,232
11/23/2015,EMT,CA,AWP,WE,Towers with Radar,0,0,6,0,6,0,0,128,1,129,0,0,134,1,135,173,0,173,308
11/24/2015,EMT,CA,AWP,WE,Towers with Radar,1,0,13,0,14,0,0,101,0,101,1,0,114,0,115,149,0,149,264
11/25/2015,EMT,CA,AWP,WE,Towers with Radar,0,0,4,0,4,0,0,69,0,69,0,0,73,0,73,100,0,100,173
11/26/2015,EMT,CA,AWP,WE,Towers with Radar,0,0,1,0,1,0,0,35,0,35,0,0,36,0,36,28,0,28,64
11/27/2015,EMT,CA,AWP,WE,Towers with Radar,0,0,0,0,0,0,0,88,0,88,0,0,88,0,88,122,0,122,210
11/28/2015,EMT,CA,AWP,WE,Towers with Radar,0,0,4,0,4,0,0,111,0,111,0,0,115,0,115,148,0,148,263
11/29/2015,EMT,CA,AWP,WE,Towers with Radar,0,0,5,0,5,0,0,126,0,126,0,0,131,0,131,129,0,129,260
11/30/2015,EMT,CA,AWP,WE,Towers with Radar,0,0,13,0,13,0,0,110,0,110,0,0,123,0,123,110,0,110,233
12/01/2015,EMT,CA,AWP,WE,Towers with Radar,0,0,8,2,10,0,0,67,0,67,0,0,75,2,77,165,0,165,242
12/02/2015,EMT,CA,AWP,WE,Towers with Radar,0,0,5,0,5,0,1,103,0,104,0,1,108,0,109,124,0,124,233
12/03/2015,EMT,CA,AWP,WE,Towers with Radar,0,0,8,0,8,0,0,118,0,118,0,0,126,0,126,116,0,116,242
12/04/2015,EMT,CA,AWP,WE,Towers with Radar,0,0,7,0,7,0,0,97,0,97,0,0,104,0,104,152,0,152,256
12/05/2015,EMT,CA,AWP,WE,Towers with Radar,0,0,13,0,13,0,0,128,0,128,0,0,141,0,141,182,0,182,323
12/06/2015,EMT,CA,AWP,WE,Towers with Radar,0,0,7,0,7,0,0,124,0,124,0,0,131,0,131,181,0,181,312
12/07/2015,EMT,CA,AWP,WE,Towers with Radar,0,0,9,0,9,0,0,107,0,107,0,0,116,0,116,103,0,103,219
12/08/2015,EMT,CA,AWP,WE,Towers with Radar,0,0,10,0,10,0,0,93,0,93,0,0,103,0,103,144,0,144,247
12/09/2015,EMT,CA,AWP,WE,Towers with Radar,0,0,14,0,14,0,0,118,0,118,0,0,132,0,132,129,0,129,261
12/10/2015,EMT,CA,AWP,WE,Towers with Radar,0,0,8,1,9,0,0,56,0,56,0,0,64,1,65,98,0,98,163
12/11/2015,EMT,CA,AWP,WE,Towers with Radar,0,0,3,0,3,0,0,50,0,50,0,0,53,0,53,82,0,82,135
12/12/2015,EMT,CA,AWP,WE,Towers with Radar,0,1,9,0,10,0,0,119,0,119,0,1,128,0,129,188,0,188,317
12/13/2015,EMT,CA,AWP,WE,Towers with Radar,0,0,3,0,3,0,0,86,0,86,0,0,89,0,89,148,0,148,237
12/14/2015,EMT,CA,AWP,WE,Towers with Radar,0,0,6,0,6,0,0,49,0,49,0,0,55,0,55,41,0,41,96
12/15/2015,EMT,CA,AWP,WE,Towers with Radar,0,0,5,0,5,0,0,109,0,109,0,0,114,0,114,163,0,163,277
12/16/2015,EMT,CA,AWP,WE,Towers with Radar,0,0,5,0,5,0,0,98,1,99,0,0,103,1,104,68,0,68,172
12/17/2015,EMT,CA,AWP,WE,Towers with Radar,0,0,12,0,12,0,0,125,0,125,0,0,137,0,137,108,0,108,245
12/18/2015,EMT,CA,AWP,WE,Towers with Radar,0,0,7,0,7,0,0,110,0,110,0,0,117,0,117,132,0,132,249
12/19/2015,EMT,CA,AWP,WE,Towers with Radar,0,0,6,0,6,0,0,66,0,66,0,0,72,0,72,166,0,166,238
12/20/2015,EMT,CA,AWP,WE,Towers with Radar,0,0,3,0,3,0,0,94,0,94,0,0,97,0,97,109,0,109,206
12/21/2015,EMT,CA,AWP,WE,Towers with Radar,0,0,5,0,5,0,0,78,0,78,0,0,83,0,83,146,0,146,229
12/22/2015,EMT,CA,AWP,WE,Towers with Radar,0,0,0,0,0,0,0,1,0,1,0,0,1,0,1,20,0,20,21
12/23/2015,EMT,CA,AWP,WE,Towers with Radar,0,0,5,0,5,0,0,52,0,52,0,0,57,0,57,151,0,151,208
12/24/2015,EMT,CA,AWP,WE,Towers with Radar,0,0,5,0,5,0,0,82,0,82,0,0,87,0,87,134,0,134,221
12/25/2015,EMT,CA,AWP,WE,Towers with Radar,0,0,1,0,1,0,0,20,0,20,0,0,21,0,21,58,0,58,79
12/26/2015,EMT,CA,AWP,WE,Towers with Radar,0,0,4,0,4,0,0,55,0,55,0,0,59,0,59,137,0,137,196
12/27/2015,EMT,CA,AWP,WE,Towers with Radar,0,0,8,0,8,0,0,115,1,116,0,0,123,1,124,173,0,173,297
12/28/2015,EMT,CA,AWP,WE,Towers with Radar,0,0,5,0,5,0,0,83,0,83,0,0,88,0,88,91,0,91,179
12/29/2015,EMT,CA,AWP,WE,Towers with Radar,0,0,4,0,4,0,0,116,0,116,0,0,120,0,120,166,0,166,286
12/30/2015,EMT,CA,AWP,WE,Towers with Radar,0,0,9,0,9,0,0,124,0,124,0,0,133,0,133,184,0,184,317
12/31/2015,EMT,CA,AWP,WE,Towers with Radar,0,1,2,0,3,0,0,123,1,124,0,1,125,1,127,198,0,198,325
01/01/2016,EMT,CA,AWP,WE,Towers with Radar,0,0,4,0,4,0,0,53,0,53,0,0,57,0,57,62,0,62,119
01/02/2016,EMT,CA,AWP,WE,Towers with Radar,0,0,11,0,11,0,0,120,0,120,0,0,131,0,131,204,0,204,335
01/03/2016,EMT,CA,AWP,WE,Towers with Radar,0,0,2,0,2,0,0,99,0,99,0,0,101,0,101,120,0,120,221
01/04/2016,EMT,CA,AWP,WE,Towers with Radar,0,0,5,0,5,0,0,75,0,75,0,0,80,0,80,101,0,101,181
01/05/2016,EMT,CA,AWP,WE,Towers with Radar,0,0,4,0,4,0,0,3,0,3,0,0,7,0,7,14,0,14,21
01/06/2016,EMT,CA,AWP,WE,Towers with Radar,0,0,1,0,1,0,0,8,0,8,0,0,9,0,9,0,0,0,9
01/07/2016,EMT,CA,AWP,WE,Towers with Radar,0,2,4,0,6,0,0,57,0,57,0,2,61,0,63,89,0,89,152
01/08/2016,EMT,CA,AWP,WE,Towers with Radar,0,0,10,0,10,0,0,102,0,102,0,0,112,0,112,138,0,138,250
01/09/2016,EMT,CA,AWP,WE,Towers with Radar,0,1,13,0,14,0,1,95,0,96,0,2,108,0,110,176,0,176,286
01/10/2016,EMT,CA,AWP,WE,Towers with Radar,0,0,9,0,9,0,0,61,0,61,0,0,70,0,70,200,0,200,270
01/11/2016,EMT,CA,AWP,WE,Towers with Radar,0,1,5,0,6,0,0,99,0,99,0,1,104,0,105,141,0,141,246
01/12/2016,EMT,CA,AWP,WE,Towers with Radar,0,0,9,0,9,0,0,100,2,102,0,0,109,2,111,157,0,157,268
01/13/2016,EMT,CA,AWP,WE,Towers with Radar,0,0,8,0,8,0,0,93,0,93,0,0,101,0,101,115,0,115,216
01/14/2016,EMT,CA,AWP,WE,Towers with Radar,0,0,12,0,12,0,0,73,0,73,0,0,85,0,85,206,0,206,291
01/15/2016,EMT,CA,AWP,WE,Towers with Radar,0,0,11,0,11,0,0,50,0,50,0,0,61,0,61,193,0,193,254
01/16/2016,EMT,CA,AWP,WE,Towers with Radar,0,0,4,0,4,0,0,67,0,67,0,0,71,0,71,175,0,175,246
01/17/2016,EMT,CA,AWP,WE,Towers with Radar,0,0,6,1,7,0,0,104,0,104,0,0,110,1,111,91,0,91,202
01/18/2016,EMT,CA,AWP,WE,Towers with Radar,0,0,4,0,4,0,0,20,0,20,0,0,24,0,24,74,0,74,98
01/19/2016,EMT,CA,AWP,WE,Towers with Radar,0,0,7,0,7,0,0,72,0,72,0,0,79,0,79,104,0,104,183
01/20/2016,EMT,CA,AWP,WE,Towers with Radar,0,2,9,0,11,0,0,68,0,68,0,2,77,0,79,214,0,214,293
01/21/2016,EMT,CA,AWP,WE,Towers with Radar,0,0,8,0,8,0,0,108,0,108,0,0,116,0,116,60,0,60,176
01/22/2016,EMT,CA,AWP,WE,Towers with Radar,0,0,1,0,1,0,0,103,0,103,0,0,104,0,104,197,0,197,301
01/23/2016,EMT,CA,AWP,WE,Towers with Radar,0,0,6,0,6,0,0,57,0,57,0,0,63,0,63,134,0,134,197
01/24/2016,EMT,CA,AWP,WE,Towers with Radar,0,0,13,0,13,0,0,154,0,154,0,0,167,0,167,158,0,158,325
01/25/2016,EMT,CA,AWP,WE,Towers with Radar,0,0,5,0,5,0,0,97,0,97,0,0,102,0,102,45,0,45,147
01/26/2016,EMT,CA,AWP,WE,Towers with Radar,0,0,7,0,7,0,0,116,0,116,0,0,123,0,123,163,0,163,286
01/27/2016,EMT,CA,AWP,WE,Towers with Radar,0,0,4,0,4,0,0,118,1,119,0,0,122,1,123,108,0,108,231
01/28/2016,EMT,CA,AWP,WE,Towers with Radar,0,0,9,0,9,0,0,91,0,91,0,0,100,0,100,150,0,150,250
01/29/2016,EMT,CA,AWP,WE,Towers with Radar,0,0,7,0,7,0,0,109,0,109,0,0,116,0,116,148,0,148,264
01/30/2016,EMT,CA,AWP,WE,Towers with Radar,0,0,30,0,30,0,0,29,0,29,0,0,59,0,59,221,0,221,280
01/31/2016,EMT,CA,AWP,WE,Towers with Radar,0,0,3,0,3,0,0,0,0,0,0,0,3,0,3,0,0,0,3
02/01/2016,EMT,CA,AWP,WE,Towers with Radar,0,0,4,0,4,0,0,32,0,32,0,0,36,0,36,36,0,36,72
02/02/2016,EMT,CA,AWP,WE,Towers with Radar,0,0,9,0,9,0,0,130,0,130,0,0,139,0,139,112,0,112,251
02/03/2016,EMT,CA,AWP,WE,Towers with Radar,0,0,8,0,8,0,0,129,0,129,0,0,137,0,137,111,0,111,248
02/04/2016,EMT,CA,AWP,WE,Towers with Radar,0,0,10,0,10,0,0,124,0,124,0,0,134,0,134,124,0,124,258
02/05/2016,EMT,CA,AWP,WE,Towers with Radar,0,0,14,0,14,0,0,108,0,108,0,0,122,0,122,100,0,100,222
02/06/2016,EMT,CA,AWP,WE,Towers with Radar,0,0,13,0,13,0,0,116,0,116,0,0,129,0,129,177,0,177,306
02/07/2016,EMT,CA,AWP,WE,Towers with Radar,0,0,2,0,2,0,0,66,0,66,0,0,68,0,68,80,0,80,148
02/08/2016,EMT,CA,AWP,WE,Towers with Radar,0,1,7,0,8,0,0,68,0,68,0,1,75,0,76,114,0,114,190
02/09/2016,EMT,CA,AWP,WE,Towers with Radar,0,0,6,0,6,0,0,119,0,119,0,0,125,0,125,104,0,104,229
02/10/2016,EMT,CA,AWP,WE,Towers with Radar,0,0,7,0,7,0,0,136,0,136,0,0,143,0,143,158,0,158,301
02/11/2016,EMT,CA,AWP,WE,Towers with Radar,0,0,3,0,3,0,0,63,0,63,0,0,66,0,66,78,0,78,144
02/12/2016,EMT,CA,AWP,WE,Towers with Radar,0,0,9,0,9,0,0,66,0,66,0,0,75,0,75,108,0,108,183
02/13/2016,EMT,CA,AWP,WE,Towers with Radar,0,0,8,0,8,0,0,114,0,114,0,0,122,0,122,244,0,244,366
02/14/2016,EMT,CA,AWP,WE,Towers with Radar,0,0,8,0,8,0,0,111,0,111,0,0,119,0,119,87,0,87,206
02/15/2016,EMT,CA,AWP,WE,Towers with Radar,0,1,5,0,6,0,0,108,0,108,0,1,113,0,114,144,0,144,258
02/16/2016,EMT,CA,AWP,WE,Towers with Radar,0,0,6,0,6,0,0,119,0,119,0,0,125,0,125,114,0,114,239
02/17/2016,EMT,CA,AWP,WE,Towers with Radar,0,0,6,0,6,0,0,66,0,66,0,0,72,0,72,131,0,131,203
02/18/2016,EMT,CA,AWP,WE,Towers with Radar,0,0,7,0,7,0,0,68,0,68,0,0,75,0,75,123,0,123,198
02/19/2016,EMT,CA,AWP,WE,Towers with Radar,0,0,7,0,7,0,1,111,0,112,0,1,118,0,119,104,0,104,223
02/20/2016,EMT,CA,AWP,WE,Towers with Radar,0,1,6,0,7,0,0,111,0,111,0,1,117,0,118,157,0,157,275
02/21/2016,EMT,CA,AWP,WE,Towers with Radar,0,0,5,0,5,0,0,136,0,136,0,0,141,0,141,86,0,86,227
02/22/2016,EMT,CA,AWP,WE,Towers with Radar,0,0,3,0,3,0,0,89,0,89,0,0,92,0,92,216,0,216,308
02/23/2016,EMT,CA,AWP,WE,Towers with Radar,0,0,4,0,4,0,0,125,0,125,0,0,129,0,129,198,0,198,327
02/24/2016,EMT,CA,AWP,WE,Towers with Radar,0,0,10,0,10,0,0,96,0,96,0,0,106,0,106,217,0,217,323
02/25/2016,EMT,CA,AWP,WE,Towers with Radar,0,0,3,0,3,0,0,87,1,88,0,0,90,1,91,154,0,154,245
02/26/2016,EMT,CA,AWP,WE,Towers with Radar,0,1,7,0,8,0,0,102,0,102,0,1,109,0,110,200,0,200,310
02/27/2016,EMT,CA,AWP,WE,Towers with Radar,0,0,7,0,7,0,0,109,0,109,0,0,116,0,116,151,0,151,267
02/28/2016,EMT,CA,AWP,WE,Towers with Radar,0,0,6,0,6,0,0,89,0,89,0,0,95,0,95,173,0,173,268
02/29/2016,EMT,CA,AWP,WE,Towers with Radar,0,0,9,0,9,0,0,59,0,59,0,0,68,0,68,172,0,172,240
03/01/2016,EMT,CA,AWP,WE,Towers with Radar,0,0,12,0,12,0,0,83,0,83,0,0,95,0,95,112,0,112,207
03/02/2016,EMT,CA,AWP,WE,Towers with Radar,0,0,11,0,11,0,0,85,0,85,0,0,96,0,96,132,0,132,228
03/03/2016,EMT,CA,AWP,WE,Towers with Radar,0,2,11,0,13,0,0,94,0,94,0,2,105,0,107,165,0,165,272
03/04/2016,EMT,CA,AWP,WE,Towers with Radar,0,0,8,0,8,0,1,73,0,74,0,1,81,0,82,249,0,249,331
03/05/2016,EMT,CA,AWP,WE,Towers with Radar,0,0,14,0,14,0,0,52,0,52,0,0,66,0,66,257,0,257,323
03/06/2016,EMT,CA,AWP,WE,Towers with Radar,0,0,4,0,4,0,0,22,0,22,0,0,26,0,26,128,0,128,154
03/07/2016,EMT,CA,AWP,WE,Towers with Radar,0,0,2,0,2,0,0,4,0,4,0,0,6,0,6,12,0,12,18
03/08/2016,EMT,CA,AWP,WE,Towers with Radar,0,0,5,0,5,0,0,130,0,130,0,0,135,0,135,179,0,179,314
03/09/2016,EMT,CA,AWP,WE,Towers with Radar,0,0,11,0,11,0,0,119,0,119,0,0,130,0,130,174,0,174,304
03/10/2016,EMT,CA,AWP,WE,Towers with Radar,0,0,7,0,7,0,0,91,0,91,0,0,98,0,98,183,0,183,281
03/11/2016,EMT,CA,AWP,WE,Towers with Radar,0,0,7,0,7,0,0,34,1,35,0,0,41,1,42,123,0,123,165
03/12/2016,EMT,CA,AWP,WE,Towers with Radar,0,0,8,0,8,0,0,106,0,106,0,0,114,0,114,187,0,187,301
03/13/2016,EMT,CA,AWP,WE,Towers with Radar,0,0,11,0,11,0,0,89,0,89,0,0,100,0,100,206,0,206,306
03/14/2016,EMT,CA,AWP,WE,Towers with Radar,0,0,3,0,3,0,0,50,0,50,0,0,53,0,53,109,0,109,162
03/15/2016,EMT,CA,AWP,WE,Towers with Radar,0,0,12,0,12,0,0,105,0,105,0,0,117,0,117,143,0,143,260
03/16/2016,EMT,CA,AWP,WE,Towers with Radar,0,0,11,0,11,0,0,114,0,114,0,0,125,0,125,127,0,127,252
03/17/2016,EMT,CA,AWP,WE,Towers with Radar,0,0,13,0,13,0,0,110,0,110,0,0,123,0,123,140,0,140,263
03/18/2016,EMT,CA,AWP,WE,Towers with Radar,0,0,13,0,13,0,1,87,0,88,0,1,100,0,101,156,0,156,257
03/19/2016,EMT,CA,AWP,WE,Towers with Radar,0,0,8,0,8,0,0,83,0,83,0,0,91,0,91,200,0,200,291
03/20/2016,EMT,CA,AWP,WE,Towers with Radar,0,0,5,0,5,0,0,64,0,64,0,0,69,0,69,97,0,97,166
03/21/2016,EMT,CA,AWP,WE,Towers with Radar,0,0,7,0,7,0,0,42,0,42,0,0,49,0,49,84,0,84,133
03/22/2016,EMT,CA,AWP,WE,Towers with Radar,0,0,3,0,3,0,0,59,0,59,0,0,62,0,62,72,0,72,134
03/23/2016,EMT,CA,AWP,WE,Towers with Radar,0,0,8,0,8,0,0,104,0,104,0,0,112,0,112,163,0,163,275
03/24/2016,EMT,CA,AWP,WE,Towers with Radar,0,0,7,0,7,0,1,104,0,105,0,1,111,0,112,114,0,114,226
03/25/2016,EMT,CA,AWP,WE,Towers with Radar,0,0,8,0,8,0,0,109,0,109,0,0,117,0,117,147,0,147,264
03/26/2016,EMT,CA,AWP,WE,Towers with Radar,0,0,7,0,7,0,0,120,0,120,0,0,127,0,127,171,0,171,298
03/27/2016,EMT,CA,AWP,WE,Towers with Radar,0,0,17,0,17,0,0,85,0,85,0,0,102,0,102,114,0,114,216
03/28/2016,EMT,CA,AWP,WE,Towers with Radar,0,0,7,0,7,0,0,19,0,19,0,0,26,0,26,96,0,96,122
03/29/2016,EMT,CA,AWP,WE,Towers with Radar,0,0,4,0,4,0,0,80,0,80,0,0,84,0,84,132,0,132,216
03/30/2016,EMT,CA,AWP,WE,Towers with Radar,0,0,8,1,9,0,0,78,1,79,0,0,86,2,88,101,0,101,189
03/31/2016,EMT,CA,AWP,WE,Towers with Radar,0,0,8,0,8,0,0,118,2,120,0,0,126,2,128,190,0,190,318
04/01/2016,EMT,CA,AWP,WE,Towers with Radar,0,0,9,0,9,0,1,103,1,105,0,1,112,1,114,132,0,132,246
04/02/2016,EMT,CA,AWP,WE,Towers with Radar,0,0,12,0,12,0,0,139,0,139,0,0,151,0,151,164,0,164,315
04/03/2016,EMT,CA,AWP,WE,Towers with Radar,0,0,5,0,5,0,0,122,0,122,0,0,127,0,127,101,0,101,228
04/04/2016,EMT,CA,AWP,WE,Towers with Radar,0,0,12,0,12,0,0,89,0,89,0,0,101,0,101,143,0,143,244
04/05/2016,EMT,CA,AWP,WE,Towers with Radar,0,0,11,0,11,0,0,115,0,115,0,0,126,0,126,153,0,153,279
04/06/2016,EMT,CA,AWP,WE,Towers with Radar,0,0,12,0,12,0,0,75,0,75,0,0,87,0,87,107,0,107,194
04/07/2016,EMT,CA,AWP,WE,Towers with Radar,0,0,16,0,16,0,0,41,0,41,0,0,57,0,57,149,0,149,206
04/08/2016,EMT,CA,AWP,WE,Towers with Radar,0,0,4,0,4,1,0,3,0,4,1,0,7,0,8,16,0,16,24
04/09/2016,EMT,CA,AWP,WE,Towers with Radar,0,0,5,0,5,0,0,30,0,30,0,0,35,0,35,94,0,94,129
04/10/2016,EMT,CA,AWP,WE,Towers with Radar,0,0,5,0,5,0,0,40,0,40,0,0,45,0,45,48,0,48,93
04/11/2016,EMT,CA,AWP,WE,Towers with Radar,0,0,12,0,12,0,0,80,0,80,0,0,92,0,92,143,0,143,235
04/12/2016,EMT,CA,AWP,WE,Towers with Radar,0,0,4,0,4,0,0,97,0,97,0,0,101,0,101,144,0,144,245
04/13/2016,EMT,CA,AWP,WE,Towers with Radar,0,0,14,0,14,0,0,100,0,100,0,0,114,0,114,94,0,94,208
04/14/2016,EMT,CA,AWP,WE,Towers with Radar,0,0,6,0,6,0,0,63,0,63,0,0,69,0,69,153,0,153,222
04/15/2016,EMT,CA,AWP,WE,Towers with Radar,0,0,2,0,2,0,0,87,0,87,0,0,89,0,89,124,0,124,213
04/16/2016,EMT,CA,AWP,WE,Towers with Radar,0,0,6,0,6,0,0,95,0,95,0,0,101,0,101,165,0,165,266
04/17/2016,EMT,CA,AWP,WE,Towers with Radar,0,0,8,0,8,0,0,98,1,99,0,0,106,1,107,126,0,126,233
04/18/2016,EMT,CA,AWP,WE,Towers with Radar,0,1,5,0,6,0,0,105,0,105,0,1,110,0,111,114,0,114,225
04/19/2016,EMT,CA,AWP,WE,Towers with Radar,0,0,12,0,12,0,0,115,0,115,0,0,127,0,127,89,0,89,216
04/20/2016,EMT,CA,AWP,WE,Towers with Radar,0,0,9,0,9,0,1,123,0,124,0,1,132,0,133,81,0,81,214
04/21/2016,EMT,CA,AWP,WE,Towers with Radar,0,0,6,0,6,0,0,102,1,103,0,0,108,1,109,111,0,111,220
04/22/2016,EMT,CA,AWP,WE,Towers with Radar,0,0,6,0,6,0,0,95,1,96,0,0,101,1,102,102,0,102,204
04/23/2016,EMT,CA,AWP,WE,Towers with Radar,0,0,7,0,7,0,0,109,0,109,0,0,116,0,116,195,0,195,311
04/24/2016,EMT,CA,AWP,WE,Towers with Radar,0,0,7,0,7,0,0,137,0,137,0,0,144,0,144,193,0,193,337
04/25/2016,EMT,CA,AWP,WE,Towers with Radar,0,0,4,0,4,0,0,50,0,50,0,0,54,0,54,77,0,77,131
04/26/2016,EMT,CA,AWP,WE,Towers with Radar,0,0,12,0,12,0,0,118,0,118,0,0,130,0,130,122,0,122,252
04/27/2016,EMT,CA,AWP,WE,Towers with Radar,0,0,7,0,7,0,0,108,2,110,0,0,115,2,117,109,0,109,226
04/28/2016,EMT,CA,AWP,WE,Towers with Radar,0,0,6,0,6,0,0,75,0,75,0,0,81,0,81,84,0,84,165
04/29/2016,EMT,CA,AWP,WE,Towers with Radar,0,0,9,0,9,0,0,84,0,84,0,0,93,0,93,262,0,262,355
04/30/2016,EMT,CA,AWP,WE,Towers with Radar,0,0,5,0,5,0,0,36,0,36,0,0,41,0,41,232,0,232,273
05/01/2016,EMT,CA,AWP,WE,Towers with Radar,0,0,6,0,6,0,1,97,0,98,0,1,103,0,104,152,0,152,256
05/02/2016,EMT,CA,AWP,WE,Towers with Radar,0,0,7,0,7,0,0,100,0,100,0,0,107,0,107,161,0,161,268
05/03/2016,EMT,CA,AWP,WE,Towers with Radar,0,1,5,0,6,0,0,134,1,135,0,1,139,1,141,160,0,160,301
05/04/2016,EMT,CA,AWP,WE,Towers with Radar,0,0,9,0,9,0,0,48,0,48,0,0,57,0,57,112,0,112,169
05/05/2016,EMT,CA,AWP,WE,Towers with Radar,0,0,9,0,9,0,0,52,0,52,0,0,61,0,61,228,0,228,289
05/06/2016,EMT,CA,AWP,WE,Towers with Radar,0,0,6,0,6,0,0,8,1,9,0,0,14,1,15,64,0,64,79
05/07/2016,EMT,CA,AWP,WE,Towers with Radar,0,0,7,0,7,0,0,72,0,72,0,0,79,0,79,158,0,158,237
05/08/2016,EMT,CA,AWP,WE,Towers with Radar,0,0,10,0,10,0,0,57,0,57,0,0,67,0,67,134,0,134,201
05/09/2016,EMT,CA,AWP,WE,Towers with Radar,0,1,13,0,14,0,0,63,0,63,0,1,76,0,77,155,0,155,232
05/10/2016,EMT,CA,AWP,WE,Towers with Radar,0,0,5,0,5,0,0,55,0,55,0,0,60,0,60,143,0,143,203
05/11/2016,EMT,CA,AWP,WE,Towers with Radar,0,0,16,0,16,0,1,88,0,89,0,1,104,0,105,101,0,101,206
05/12/2016,EMT,CA,AWP,WE,Towers with Radar,0,0,9,0,9,0,0,134,2,136,0,0,143,2,145,125,0,125,270
05/13/2016,EMT,CA,AWP,WE,Towers with Radar,0,0,8,0,8,0,0,123,0,123,0,0,131,0,131,129,0,129,260
05/14/2016,EMT,CA,AWP,WE,Towers with Radar,0,0,14,0,14,0,0,70,0,70,0,0,84,0,84,220,0,220,304
05/15/2016,EMT,CA,AWP,WE,Towers with Radar,0,0,17,0,17,0,0,46,0,46,0,0,63,0,63,190,0,190,253
05/16/2016,EMT,CA,AWP,WE,Towers with Radar,0,1,17,0,18,0,0,51,1,52,0,1,68,1,70,187,0,187,257
05/17/2016,EMT,CA,AWP,WE,Towers with Radar,0,0,5,0,5,0,0,74,1,75,0,0,79,1,80,148,0,148,228
05/18/2016,EMT,CA,AWP,WE,Towers with Radar,0,0,8,0,8,0,0,98,0,98,0,0,106,0,106,104,0,104,210
05/19/2016,EMT,CA,AWP,WE,Towers with Radar,0,0,12,0,12,0,0,71,0,71,0,0,83,0,83,169,0,169,252
05/20/2016,EMT,CA,AWP,WE,Towers with Radar,0,0,6,0,6,0,0,75,0,75,0,0,81,0,81,107,0,107,188
05/21/2016,EMT,CA,AWP,WE,Towers with Radar,0,0,14,0,14,0,0,101,0,101,0,0,115,0,115,131,0,131,246
05/22/2016,EMT,CA,AWP,WE,Towers with Radar,0,0,8,0,8,0,0,127,0,127,0,0,135,0,135,176,0,176,311
05/23/2016,EMT,CA,AWP,WE,Towers with Radar,0,0,6,0,6,0,0,100,0,100,0,0,106,0,106,124,0,124,230
05/24/2016,EMT,CA,AWP,WE,Towers with Radar,0,0,11,0,11,0,0,78,0,78,0,0,89,0,89,156,0,156,245
05/25/2016,EMT,CA,AWP,WE,Towers with Radar,0,0,8,0,8,0,0,110,1,111,0,0,118,1,119,157,0,157,276
05/26/2016,EMT,CA,AWP,WE,Towers with Radar,0,0,6,0,6,0,0,95,0,95,0,0,101,0,101,142,0,142,243
05/27/2016,EMT,CA,AWP,WE,Towers with Radar,0,0,10,0,10,0,0,103,1,104,0,0,113,1,114,170,0,170,284
05/28/2016,EMT,CA,AWP,WE,Towers with Radar,0,0,9,0,9,0,1,76,0,77,0,1,85,0,86,186,0,186,272
05/29/2016,EMT,CA,AWP,WE,Towers with Radar,0,0,14,0,14,0,0,54,0,54,0,0,68,0,68,112,0,112,180
05/30/2016,EMT,CA,AWP,WE,Towers with Radar,0,0,17,0,17,0,0,67,2,69,0,0,84,2,86,182,0,182,268
05/31/2016,EMT,CA,AWP,WE,Towers with Radar,0,0,5,0,5,0,0,79,0,79,0,0,84,0,84,66,0,66,150
06/01/2016,EMT,CA,AWP,WE,Towers with Radar,0,0,13,0,13,0,0,84,0,84,0,0,97,0,97,163,0,163,260
06/02/2016,EMT,CA,AWP,WE,Towers with Radar,0,0,15,0,15,0,0,94,0,94,0,0,109,0,109,142,0,142,251
06/03/2016,EMT,CA,AWP,WE,Towers with Radar,0,2,3,0,5,1,1,109,0,111,1,3,112,0,116,146,0,146,262
06/04/2016,EMT,CA,AWP,WE,Towers with Radar,0,0,9,0,9,0,0,107,2,109,0,0,116,2,118,93,0,93,211
06/05/2016,EMT,CA,AWP,WE,Towers with Radar,0,0,10,0,10,1,0,101,1,103,1,0,111,1,113,63,0,63,176
06/06/2016,EMT,CA,AWP,WE,Towers with Radar,0,0,6,0,6,0,0,69,0,69,0,0,75,0,75,134,0,134,209
06/07/2016,EMT,CA,AWP,WE,Towers with Radar,0,0,4,0,4,0,0,98,0,98,0,0,102,0,102,97,0,97,199
06/08/2016,EMT,CA,AWP,WE,Towers with Radar,0,0,16,0,16,0,0,103,0,103,0,0,119,0,119,145,0,145,264
06/09/2016,EMT,CA,AWP,WE,Towers with Radar,0,2,17,0,19,0,0,61,0,61,0,2,78,0,80,122,0,122,202
06/10/2016,EMT,CA,AWP,WE,Towers with Radar,0,0,16,0,16,0,0,84,0,84,0,0,100,0,100,162,0,162,262
06/11/2016,EMT,CA,AWP,WE,Towers with Radar,0,0,11,0,11,0,0,31,0,31,0,0,42,0,42,170,0,170,212
06/12/2016,EMT,CA,AWP,WE,Towers with Radar,0,0,17,0,17,0,0,70,1,71,0,0,87,1,88,135,0,135,223
06/13/2016,EMT,CA,AWP,WE,Towers with Radar,0,0,4,0,4,0,0,76,0,76,0,0,80,0,80,115,0,115,195
06/14/2016,EMT,CA,AWP,WE,Towers with Radar,0,0,19,0,19,0,1,83,2,86,0,1,102,2,105,133,0,133,238
06/15/2016,EMT,CA,AWP,WE,Towers with Radar,0,0,10,0,10,0,0,75,0,75,0,0,85,0,85,213,0,213,298
06/16/2016,EMT,CA,AWP,WE,Towers with Radar,0,0,7,0,7,0,0,107,0,107,0,0,114,0,114,130,0,130,244
06/17/2016,EMT,CA,AWP,WE,Towers with Radar,0,0,7,0,7,0,0,111,0,111,0,0,118,0,118,97,0,97,215
06/18/2016,EMT,CA,AWP,WE,Towers with Radar,0,0,5,0,5,0,0,118,0,118,0,0,123,0,123,96,0,96,219
06/19/2016,EMT,CA,AWP,WE,Towers with Radar,0,0,8,0,8,0,0,86,0,86,0,0,94,0,94,75,0,75,169
06/20/2016,EMT,CA,AWP,WE,Towers with Radar,0,0,3,0,3,0,1,52,2,55,0,1,55,2,58,52,16,68,126
06/21/2016,EMT,CA,AWP,WE,Towers with Radar,0,0,4,0,4,0,0,78,0,78,0,0,82,0,82,190,0,190,272
06/22/2016,EMT,CA,AWP,WE,Towers with Radar,0,0,4,0,4,0,0,92,0,92,0,0,96,0,96,95,0,95,191
06/23/2016,EMT,CA,AWP,WE,Towers with Radar,0,0,8,0,8,0,0,97,0,97,0,0,105,0,105,120,0,120,225
06/24/2016,EMT,CA,AWP,WE,Towers with Radar,0,1,12,0,13,0,0,102,0,102,0,1,114,0,115,112,0,112,227
06/25/2016,EMT,CA,AWP,WE,Towers with Radar,0,2,10,0,12,0,0,120,0,120,0,2,130,0,132,210,0,210,342
06/26/2016,EMT,CA,AWP,WE,Towers with Radar,0,0,9,0,9,0,0,127,0,127,0,0,136,0,136,102,0,102,238
06/27/2016,EMT,CA,AWP,WE,Towers with Radar,0,0,8,0,8,0,0,86,0,86,0,0,94,0,94,96,0,96,190
06/28/2016,EMT,CA,AWP,WE,Towers with Radar,0,1,9,0,10,0,0,91,0,91,0,1,100,0,101,174,0,174,275
06/29/2016,EMT,CA,AWP,WE,Towers with Radar,0,0,12,0,12,0,0,94,0,94,0,0,106,0,106,207,0,207,313
06/30/2016,EMT,CA,AWP,WE,Towers with Radar,0,0,5,0,5,0,0,108,0,108,0,0,113,0,113,132,0,132,245
07/01/2016,EMT,CA,AWP,WE,Towers with Radar,0,0,6,0,6,0,0,111,1,112,0,0,117,1,118,158,0,158,276
07/02/2016,EMT,CA,AWP,WE,Towers with Radar,0,0,12,0,12,0,0,131,0,131,0,0,143,0,143,140,0,140,283
07/03/2016,EMT,CA,AWP,WE,Towers with Radar,0,0,5,0,5,0,0,109,0,109,0,0,114,0,114,81,0,81,195
07/04/2016,EMT,CA,AWP,WE,Towers with Radar,0,0,5,0,5,0,0,49,0,49,0,0,54,0,54,50,0,50,104
07/05/2016,EMT,CA,AWP,WE,Towers with Radar,0,0,5,0,5,0,0,89,0,89,0,0,94,0,94,93,0,93,187
07/06/2016,EMT,CA,AWP,WE,Towers with Radar,0,0,6,1,7,0,0,101,1,102,0,0,107,2,109,172,0,172,281
07/07/2016,EMT,CA,AWP,WE,Towers with Radar,0,0,3,0,3,0,0,106,0,106,0,0,109,0,109,117,0,117,226
07/08/2016,EMT,CA,AWP,WE,Towers with Radar,0,0,13,0,13,0,0,92,0,92,0,0,105,0,105,122,0,122,227
07/09/2016,EMT,CA,AWP,WE,Towers with Radar,0,0,11,0,11,0,0,137,0,137,0,0,148,0,148,147,0,147,295
07/10/2016,EMT,CA,AWP,WE,Towers with Radar,0,0,9,0,9,0,0,136,0,136,0,0,145,0,145,139,0,139,284
07/11/2016,EMT,CA,AWP,WE,Towers with Radar,0,0,7,0,7,0,0,115,0,115,0,0,122,0,122,82,0,82,204
07/12/2016,EMT,CA,AWP,WE,Towers with Radar,0,0,11,0,11,0,0,72,0,72,0,0,83,0,83,102,0,102,185
07/13/2016,EMT,CA,AWP,WE,Towers with Radar,0,0,6,1,7,0,0,89,0,89,0,0,95,1,96,128,0,128,224
07/14/2016,EMT,CA,AWP,WE,Towers with Radar,0,1,12,0,13,0,0,93,0,93,0,1,105,0,106,114,0,114,220
07/15/2016,EMT,CA,AWP,WE,Towers with Radar,0,0,9,0,9,0,0,115,1,116,0,0,124,1,125,189,0,189,314
07/16/2016,EMT,CA,AWP,WE,Towers with Radar,0,0,2,0,2,0,0,114,0,114,0,0,116,0,116,140,0,140,256
07/17/2016,EMT,CA,AWP,WE,Towers with Radar,0,0,5,0,5,0,0,102,0,102,0,0,107,0,107,192,0,192,299
07/18/2016,EMT,CA,AWP,WE,Towers with Radar,0,0,12,0,12,0,0,96,0,96,0,0,108,0,108,61,0,61,169
07/19/2016,EMT,CA,AWP,WE,Towers with Radar,0,0,17,0,17,0,0,88,1,89,0,0,105,1,106,76,0,76,182
07/20/2016,EMT,CA,AWP,WE,Towers with Radar,0,0,4,0,4,0,0,98,1,99,0,0,102,1,103,100,0,100,203
07/21/2016,EMT,CA,AWP,WE,Towers with Radar,0,0,2,0,2,0,0,99,1,100,0,0,101,1,102,117,0,117,219
07/22/2016,EMT,CA,AWP,WE,Towers with Radar,0,0,3,0,3,0,0,94,0,94,0,0,97,0,97,118,0,118,215
07/23/2016,EMT,CA,AWP,WE,Towers with Radar,0,1,8,0,9,0,0,65,0,65,0,1,73,0,74,122,0,122,196
07/24/2016,EMT,CA,AWP,WE,Towers with Radar,0,0,1,0,1,0,0,106,0,106,0,0,107,0,107,108,0,108,215
07/25/2016,EMT,CA,AWP,WE,Towers with Radar,0,2,8,0,10,0,0,59,0,59,0,2,67,0,69,101,0,101,170
07/26/2016,EMT,CA,AWP,WE,Towers with Radar,0,0,8,0,8,0,0,75,1,76,0,0,83,1,84,113,0,113,197
07/27/2016,EMT,CA,AWP,WE,Towers with Radar,0,2,8,0,10,0,0,87,0,87,0,2,95,0,97,102,0,102,199
07/28/2016,EMT,CA,AWP,WE,Towers with Radar,0,0,4,0,4,0,0,90,2,92,0,0,94,2,96,80,0,80,176
07/29/2016,EMT,CA,AWP,WE,Towers with Radar,0,0,13,0,13,0,0,68,0,68,0,0,81,0,81,166,0,166,247
07/30/2016,EMT,CA,AWP,WE,Towers with Radar,0,0,14,0,14,0,0,87,0,87,0,0,101,0,101,164,0,164,265
07/31/2016,EMT,CA,AWP,WE,Towers with Radar,0,0,8,0,8,0,1,112,1,114,0,1,120,1,122,162,0,162,284
08/01/2016,EMT,CA,AWP,WE,Towers with Radar,0,0,4,0,4,0,0,89,0,89,0,0,93,0,93,84,0,84,177
08/02/2016,EMT,CA,AWP,WE,Towers with Radar,0,0,6,0,6,0,0,84,0,84,0,0,90,0,90,92,0,92,182
08/03/2016,EMT,CA,AWP,WE,Towers with Radar,0,0,6,0,6,0,0,100,0,100,0,0,106,0,106,147,0,147,253
08/04/2016,EMT,CA,AWP,WE,Towers with Radar,0,0,8,0,8,0,1,120,0,121,0,1,128,0,129,121,0,121,250
08/05/2016,EMT,CA,AWP,WE,Towers with Radar,0,0,10,0,10,0,0,98,2,100,0,0,108,2,110,177,0,177,287
08/06/2016,EMT,CA,AWP,WE,Towers with Radar,0,0,9,0,9,0,0,100,0,100,0,0,109,0,109,177,0,177,286
08/07/2016,EMT,CA,AWP,WE,Towers with Radar,0,1,6,0,7,0,4,93,0,97,0,5,99,0,104,124,0,124,228
08/08/2016,EMT,CA,AWP,WE,Towers with Radar,0,0,14,0,14,0,0,74,0,74,0,0,88,0,88,156,0,156,244
08/09/2016,EMT,CA,AWP,WE,Towers with Radar,0,0,7,0,7,0,1,99,0,100,0,1,106,0,107,116,0,116,223
08/10/2016,EMT,CA,AWP,WE,Towers with Radar,0,0,6,0,6,0,0,80,0,80,0,0,86,0,86,145,0,145,231
08/11/2016,EMT,CA,AWP,WE,Towers with Radar,0,0,3,0,3,0,0,100,0,100,0,0,103,0,103,136,0,136,239
08/12/2016,EMT,CA,AWP,WE,Towers with Radar,0,0,7,0,7,0,2,112,0,114,0,2,119,0,121,118,0,118,239
08/13/2016,EMT,CA,AWP,WE,Towers with Radar,0,0,4,0,4,0,1,152,0,153,0,1,156,0,157,131,0,131,288
08/14/2016,EMT,CA,AWP,WE,Towers with Radar,0,0,1,1,2,0,1,106,2,109,0,1,107,3,111,100,0,100,211
08/15/2016,EMT,CA,AWP,WE,Towers with Radar,0,0,3,0,3,0,0,74,0,74,0,0,77,0,77,96,0,96,173
08/16/2016,EMT,CA,AWP,WE,Towers with Radar,0,0,5,0,5,0,0,66,0,66,0,0,71,0,71,124,0,124,195
08/17/2016,EMT,CA,AWP,WE,Towers with Radar,0,0,7,0,7,0,1,103,0,104,0,1,110,0,111,121,0,121,232
08/18/2016,EMT,CA,AWP,WE,Towers with Radar,0,1,9,0,10,0,0,108,0,108,0,1,117,0,118,152,0,152,270
08/19/2016,EMT,CA,AWP,WE,Towers with Radar,0,0,6,0,6,0,0,118,0,118,0,0,124,0,124,198,0,198,322
08/20/2016,EMT,CA,AWP,WE,Towers with Radar,0,0,11,0,11,0,0,110,0,110,0,0,121,0,121,125,0,125,246
08/21/2016,EMT,CA,AWP,WE,Towers with Radar,0,0,2,0,2,0,0,94,0,94,0,0,96,0,96,110,0,110,206
08/22/2016,EMT,CA,AWP,WE,Towers with Radar,0,0,5,0,5,0,0,108,0,108,0,0,113,0,113,176,0,176,289
08/23/2016,EMT,CA,AWP,WE,Towers with Radar,0,0,5,0,5,0,0,95,0,95,0,0,100,0,100,131,0,131,231
08/24/2016,EMT,CA,AWP,WE,Towers with Radar,0,0,3,0,3,0,0,141,0,141,0,0,144,0,144,208,0,208,352
08/25/2016,EMT,CA,AWP,WE,Towers with Radar,0,0,5,0,5,0,0,129,0,129,0,0,134,0,134,187,0,187,321
08/26/2016,EMT,CA,AWP,WE,Towers with Radar,0,0,13,0,13,0,0,72,0,72,0,0,85,0,85,225,0,225,310
08/27/2016,EMT,CA,AWP,WE,Towers with Radar,0,0,18,0,18,0,0,93,0,93,0,0,111,0,111,198,0,198,309
08/28/2016,EMT,CA,AWP,WE,Towers with Radar,0,0,7,0,7,0,0,121,0,121,0,0,128,0,128,210,0,210,338
08/29/2016,EMT,CA,AWP,WE,Towers with Radar,0,0,10,0,10,0,0,69,0,69,0,0,79,0,79,166,0,166,245
08/30/2016,EMT,CA,AWP,WE,Towers with Radar,0,0,4,0,4,0,0,92,0,92,0,0,96,0,96,172,0,172,268
08/31/2016,EMT,CA,AWP,WE,Towers with Radar,0,0,11,0,11,0,0,92,0,92,0,0,103,0,103,196,0,196,299
09/01/2016,EMT,CA,AWP,WE,Towers with Radar,0,0,7,0,7,0,0,102,0,102,0,0,109,0,109,198,0,198,307
09/02/2016,EMT,CA,AWP,WE,Towers with Radar,0,0,7,0,7,0,0,85,0,85,0,0,92,0,92,118,0,118,210
09/03/2016,EMT,CA,AWP,WE,Towers with Radar,0,0,10,0,10,0,0,102,0,102,0,0,112,0,112,134,0,134,246
09/04/2016,EMT,CA,AWP,WE,Towers with Radar,0,0,7,0,7,0,0,81,0,81,0,0,88,0,88,90,0,90,178
09/05/2016,EMT,CA,AWP,WE,Towers with Radar,0,0,4,0,4,0,0,133,0,133,0,0,137,0,137,150,0,150,287
09/06/2016,EMT,CA,AWP,WE,Towers with Radar,0,0,3,0,3,0,0,91,0,91,0,0,94,0,94,138,0,138,232
09/07/2016,EMT,CA,AWP,WE,Towers with Radar,0,0,8,0,8,0,0,124,0,124,0,0,132,0,132,212,0,212,344
09/08/2016,EMT,CA,AWP,WE,Towers with Radar,0,0,7,0,7,0,0,103,0,103,0,0,110,0,110,223,0,223,333
09/09/2016,EMT,CA,AWP,WE,Towers with Radar,0,0,5,0,5,0,0,95,0,95,0,0,100,0,100,122,0,122,222
09/10/2016,EMT,CA,AWP,WE,Towers with Radar,0,0,6,0,6,0,0,118,0,118,0,0,124,0,124,122,0,122,246
09/11/2016,EMT,CA,AWP,WE,Towers with Radar,0,0,6,0,6,0,0,117,0,117,0,0,123,0,123,104,0,104,227
09/12/2016,EMT,CA,AWP,WE,Towers with Radar,0,0,11,0,11,0,0,64,0,64,0,0,75,0,75,40,0,40,115
09/13/2016,EMT,CA,AWP,WE,Towers with Radar,0,0,3,0,3,0,0,50,0,50,0,0,53,0,53,92,0,92,145
09/14/2016,EMT,CA,AWP,WE,Towers with Radar,0,0,8,0,8,0,0,98,0,98,0,0,106,0,106,146,0,146,252
09/15/2016,EMT,CA,AWP,WE,Towers with Radar,0,0,5,0,5,0,0,87,0,87,0,0,92,0,92,128,0,128,220
09/16/2016,EMT,CA,AWP,WE,Towers with Radar,0,2,10,0,12,0,0,109,0,109,0,2,119,0,121,146,0,146,267
09/17/2016,EMT,CA,AWP,WE,Towers with Radar,0,0,8,0,8,0,0,158,0,158,0,0,166,0,166,133,0,133,299
09/18/2016,EMT,CA,AWP,WE,Towers with Radar,0,0,4,0,4,0,0,140,0,140,0,0,144,0,144,230,0,230,374
09/19/2016,EMT,CA,AWP,WE,Towers with Radar,0,0,7,0,7,0,0,66,0,66,0,0,73,0,73,146,0,146,219
09/20/2016,EMT,CA,AWP,WE,Towers with Radar,0,0,17,0,17,0,1,84,0,85,0,1,101,0,102,90,0,90,192
09/21/2016,EMT,CA,AWP,WE,Towers with Radar,0,0,2,0,2,0,0,108,0,108,0,0,110,0,110,185,0,185,295
09/22/2016,EMT,CA,AWP,WE,Towers with Radar,0,0,6,0,6,0,0,60,0,60,0,0,66,0,66,159,0,159,225
09/23/2016,EMT,CA,AWP,WE,Towers with Radar,0,0,7,0,7,0,0,114,1,115,0,0,121,1,122,193,0,193,315
09/24/2016,EMT,CA,AWP,WE,Towers with Radar,0,0,3,0,3,0,1,117,1,119,0,1,120,1,122,225,0,225,347
09/25/2016,EMT,CA,AWP,WE,Towers with Radar,0,0,1,0,1,0,0,81,0,81,0,0,82,0,82,160,0,160,242
09/26/2016,EMT,CA,AWP,WE,Towers with Radar,0,0,3,0,3,0,0,71,0,71,0,0,74,0,74,102,0,102,176
09/27/2016,EMT,CA,AWP,WE,Towers with Radar,0,0,4,0,4,0,0,88,0,88,0,0,92,0,92,107,0,107,199
09/28/2016,EMT,CA,AWP,WE,Towers with Radar,0,0,2,0,2,0,0,87,0,87,0,0,89,0,89,160,0,160,249
09/29/2016,EMT,CA,AWP,WE,Towers with Radar,0,0,4,0,4,0,0,97,0,97,0,0,101,0,101,136,0,136,237
09/30/2016,EMT,CA,AWP,WE,Towers with Radar,0,0,3,0,3,0,0,121,2,123,0,0,124,2,126,195,0,195,321
10/01/2016,EMT,CA,AWP,WE,Towers with Radar,0,0,8,0,8,0,0,98,0,98,0,0,106,0,106,194,0,194,300
10/02/2016,EMT,CA,AWP,WE,Towers with Radar,0,0,8,0,8,0,0,82,0,82,0,0,90,0,90,164,0,164,254
10/03/2016,EMT,CA,AWP,WE,Towers with Radar,0,0,5,0,5,0,0,89,0,89,0,0,94,0,94,136,0,136,230
10/04/2016,EMT,CA,AWP,WE,Towers with Radar,0,0,13,0,13,0,0,78,0,78,0,0,91,0,91,168,0,168,259
10/05/2016,EMT,CA,AWP,WE,Towers with Radar,0,0,9,0,9,0,0,97,0,97,0,0,106,0,106,369,0,369,475
10/06/2016,EMT,CA,AWP,WE,Towers with Radar,0,0,7,0,7,0,0,107,0,107,0,0,114,0,114,150,0,150,264
10/07/2016,EMT,CA,AWP,WE,Towers with Radar,0,3,13,0,16,0,0,115,0,115,0,3,128,0,131,150,0,150,281
10/08/2016,EMT,CA,AWP,WE,Towers with Radar,0,0,11,0,11,0,0,122,0,122,0,0,133,0,133,226,0,226,359
10/09/2016,EMT,CA,AWP,WE,Towers with Radar,0,0,1,0,1,0,0,173,0,173,0,0,174,0,174,82,0,82,256
10/10/2016,EMT,CA,AWP,WE,Towers with Radar,0,0,9,0,9,0,0,125,0,125,0,0,134,0,134,152,0,152,286
10/11/2016,EMT,CA,AWP,WE,Towers with Radar,0,0,8,0,8,0,0,69,0,69,0,0,77,0,77,74,0,74,151
10/12/2016,EMT,CA,AWP,WE,Towers with Radar,0,0,5,0,5,0,0,55,0,55,0,0,60,0,60,103,0,103,163
10/13/2016,EMT,CA,AWP,WE,Towers with Radar,0,0,8,0,8,0,0,82,0,82,0,0,90,0,90,170,0,170,260
10/14/2016,EMT,CA,AWP,WE,Towers with Radar,0,0,14,0,14,0,0,77,1,78,0,0,91,1,92,217,0,217,309
10/15/2016,EMT,CA,AWP,WE,Towers with Radar,0,0,9,0,9,0,0,190,0,190,0,0,199,0,199,88,0,88,287
10/16/2016,EMT,CA,AWP,WE,Towers with Radar,0,0,18,0,18,0,1,68,0,69,0,1,86,0,87,101,0,101,188
10/17/2016,EMT,CA,AWP,WE,Towers with Radar,0,0,7,0,7,2,0,52,0,54,2,0,59,0,61,104,0,104,165
10/18/2016,EMT,CA,AWP,WE,Towers with Radar,0,0,4,0,4,0,0,129,0,129,0,0,133,0,133,215,0,215,348
10/19/2016,EMT,CA,AWP,WE,Towers with Radar,0,0,8,0,8,0,2,121,0,123,0,2,129,0,131,205,0,205,336
10/20/2016,EMT,CA,AWP,WE,Towers with Radar,0,0,12,0,12,0,0,109,0,109,0,0,121,0,121,192,0,192,313
10/21/2016,EMT,CA,AWP,WE,Towers with Radar,0,0,14,0,14,0,0,133,0,133,0,0,147,0,147,94,0,94,241
10/22/2016,EMT,CA,AWP,WE,Towers with Radar,0,0,4,0,4,0,0,140,0,140,0,0,144,0,144,170,0,170,314
10/23/2016,EMT,CA,AWP,WE,Towers with Radar,0,0,3,0,3,0,0,102,0,102,0,0,105,0,105,134,0,134,239
10/24/2016,EMT,CA,AWP,WE,Towers with Radar,0,0,4,0,4,0,0,21,0,21,0,0,25,0,25,52,0,52,77
10/25/2016,EMT,CA,AWP,WE,Towers with Radar,0,0,7,0,7,0,0,63,0,63,0,0,70,0,70,177,0,177,247
10/26/2016,EMT,CA,AWP,WE,Towers with Radar,0,0,9,0,9,0,0,118,1,119,0,0,127,1,128,240,0,240,368
10/27/2016,EMT,CA,AWP,WE,Towers with Radar,0,0,7,0,7,0,0,105,0,105,0,0,112,0,112,138,0,138,250
10/28/2016,EMT,CA,AWP,WE,Towers with Radar,0,0,13,0,13,0,0,86,1,87,0,0,99,1,100,219,0,219,319
10/29/2016,EMT,CA,AWP,WE,Towers with Radar,0,0,10,0,10,0,0,108,0,108,0,0,118,0,118,278,0,278,396
10/30/2016,EMT,CA,AWP,WE,Towers with Radar,0,0,13,0,13,1,0,35,0,36,1,0,48,0,49,186,0,186,235
10/31/2016,EMT,CA,AWP,WE,Towers with Radar,0,0,14,0,14,0,0,51,0,51,0,0,65,0,65,186,0,186,251
11/01/2016,EMT,CA,AWP,WE,Towers with Radar,0,0,7,0,7,0,0,63,0,63,0,0,70,0,70,240,0,240,310
11/02/2016,EMT,CA,AWP,WE,Towers with Radar,0,0,5,0,5,0,0,95,0,95,0,0,100,0,100,212,0,212,312
11/03/2016,EMT,CA,AWP,WE,Towers with Radar,0,0,13,0,13,0,0,116,0,116,0,0,129,0,129,206,0,206,335
11/04/2016,EMT,CA,AWP,WE,Towers with Radar,0,0,15,0,15,0,0,122,0,122,0,0,137,0,137,187,0,187,324
11/05/2016,EMT,CA,AWP,WE,Towers with Radar,0,4,9,0,13,0,1,147,0,148,0,5,156,0,161,220,0,220,381
11/06/2016,EMT,CA,AWP,WE,Towers with Radar,0,0,8,0,8,0,0,92,0,92,0,0,100,0,100,86,0,86,186
11/07/2016,EMT,CA,AWP,WE,Towers with Radar,0,0,11,0,11,0,0,90,0,90,0,0,101,0,101,157,0,157,258
11/08/2016,EMT,CA,AWP,WE,Towers with Radar,0,0,9,0,9,0,0,96,0,96,0,0,105,0,105,208,0,208,313
11/09/2016,EMT,CA,AWP,WE,Towers with Radar,0,0,6,0,6,0,0,95,0,95,0,0,101,0,101,125,0,125,226
11/10/2016,EMT,CA,AWP,WE,Towers with Radar,0,0,12,0,12,0,0,138,0,138,0,0,150,0,150,149,0,149,299
11/11/2016,EMT,CA,AWP,WE,Towers with Radar,0,0,4,0,4,0,0,133,0,133,0,0,137,0,137,157,0,157,294
11/12/2016,EMT,CA,AWP,WE,Towers with Radar,0,0,9,0,9,0,0,124,0,124,0,0,133,0,133,218,0,218,351
11/13/2016,EMT,CA,AWP,WE,Towers with Radar,0,0,10,0,10,0,2,103,0,105,0,2,113,0,115,166,0,166,281
11/14/2016,EMT,CA,AWP,WE,Towers with Radar,0,2,3,0,5,0,0,83,0,83,0,2,86,0,88,120,0,120,208
11/15/2016,EMT,CA,AWP,WE,Towers with Radar,0,0,12,0,12,0,0,79,3,82,0,0,91,3,94,128,0,128,222
11/16/2016,EMT,CA,AWP,WE,Towers with Radar,0,0,24,0,24,2,0,35,0,37,2,0,59,0,61,178,0,178,239
11/17/2016,EMT,CA,AWP,WE,Towers with Radar,0,0,8,0,8,0,0,116,0,116,0,0,124,0,124,101,0,101,225
11/18/2016,EMT,CA,AWP,WE,Towers with Radar,0,0,6,0,6,0,0,100,0,100,0,0,106,0,106,159,0,159,265
11/19/2016,EMT,CA,AWP,WE,Towers with Radar,0,0,9,0,9,0,0,116,0,116,0,0,125,0,125,204,0,204,329
11/20/2016,EMT,CA,AWP,WE,Towers with Radar,0,0,14,0,14,0,0,32,1,33,0,0,46,1,47,110,0,110,157
11/21/2016,EMT,CA,AWP,WE,Towers with Radar,0,1,11,0,12,0,0,52,0,52,0,1,63,0,64,142,0,142,206
11/22/2016,EMT,CA,AWP,WE,Towers with Radar,0,0,7,0,7,0,0,121,0,121,0,0,128,0,128,177,0,177,305
11/23/2016,EMT,CA,AWP,WE,Towers with Radar,0,0,16,0,16,0,0,120,0,120,0,0,136,0,136,291,0,291,427
11/24/2016,EMT,CA,AWP,WE,Towers with Radar,0,0,5,0,5,0,0,55,0,55,0,0,60,0,60,74,0,74,134
11/25/2016,EMT,CA,AWP,WE,Towers with Radar,0,0,5,0,5,0,0,116,0,116,0,0,121,0,121,197,0,197,318
11/26/2016,EMT,CA,AWP,WE,Towers with Radar,0,0,6,0,6,0,0,33,0,33,0,0,39,0,39,104,0,104,143
11/27/2016,EMT,CA,AWP,WE,Towers with Radar,0,0,6,0,6,0,0,24,0,24,0,0,30,0,30,146,0,146,176
11/28/2016,EMT,CA,AWP,WE,Towers with Radar,0,0,9,0,9,0,0,51,0,51,0,0,60,0,60,196,0,196,256
11/29/2016,EMT,CA,AWP,WE,Towers with Radar,0,0,5,0,5,0,0,94,0,94,0,0,99,0,99,148,0,148,247
11/30/2016,EMT,CA,AWP,WE,Towers with Radar,0,0,6,0,6,0,0,151,1,152,0,0,157,1,158,191,0,191,349
12/01/2016,EMT,CA,AWP,WE,Towers with Radar,0,0,13,1,14,0,1,90,1,92,0,1,103,2,106,139,0,139,245
12/02/2016,EMT,CA,AWP,WE,Towers with Radar,0,0,5,0,5,0,0,32,0,32,0,0,37,0,37,134,0,134,171
12/03/2016,EMT,CA,AWP,WE,Towers with Radar,0,0,5,0,5,0,0,108,0,108,0,0,113,0,113,185,0,185,298
12/04/2016,EMT,CA,AWP,WE,Towers with Radar,0,0,10,0,10,0,0,117,0,117,0,0,127,0,127,230,0,230,357
12/05/2016,EMT,CA,AWP,WE,Towers with Radar,0,0,4,0,4,0,0,76,0,76,0,0,80,0,80,169,0,169,249
12/06/2016,EMT,CA,AWP,WE,Towers with Radar,0,0,11,0,11,0,0,74,0,74,0,0,85,0,85,190,0,190,275
12/07/2016,EMT,CA,AWP,WE,Towers with Radar,0,0,9,0,9,0,0,74,0,74,0,0,83,0,83,214,0,214,297
12/08/2016,EMT,CA,AWP,WE,Towers with Radar,0,1,7,0,8,0,1,107,0,108,0,2,114,0,116,111,0,111,227
12/09/2016,EMT,CA,AWP,WE,Towers with Radar,0,2,18,0,20,0,0,117,0,117,0,2,135,0,137,224,0,224,361
12/10/2016,EMT,CA,AWP,WE,Towers with Radar,0,0,9,0,9,0,0,43,0,43,0,0,52,0,52,221,0,221,273
12/11/2016,EMT,CA,AWP,WE,Towers with Radar,0,0,18,0,18,0,0,44,0,44,0,0,62,0,62,104,0,104,166
12/12/2016,EMT,CA,AWP,WE,Towers with Radar,0,0,3,0,3,0,0,35,0,35,0,0,38,0,38,214,0,214,252
12/13/2016,EMT,CA,AWP,WE,Towers with Radar,0,2,13,0,15,0,0,37,5,42,0,2,50,5,57,136,0,136,193
12/14/2016,EMT,CA,AWP,WE,Towers with Radar,0,0,9,0,9,0,0,111,0,111,0,0,120,0,120,102,0,102,222
12/15/2016,EMT,CA,AWP,WE,Towers with Radar,0,0,4,0,4,0,0,26,2,28,0,0,30,2,32,73,0,73,105
12/16/2016,EMT,CA,AWP,WE,Towers with Radar,0,0,3,0,3,0,0,22,0,22,0,0,25,0,25,76,0,76,101
12/17/2016,EMT,CA,AWP,WE,Towers with Radar,0,2,10,0,12,0,0,109,0,109,0,2,119,0,121,177,0,177,298
12/18/2016,EMT,CA,AWP,WE,Towers with Radar,0,0,2,0,2,0,0,99,0,99,0,0,101,0,101,150,0,150,251
12/19/2016,EMT,CA,AWP,WE,Towers with Radar,0,0,7,0,7,0,0,70,0,70,0,0,77,0,77,136,0,136,213
12/20/2016,EMT,CA,AWP,WE,Towers with Radar,0,0,11,0,11,0,0,95,0,95,0,0,106,0,106,82,0,82,188
12/21/2016,EMT,CA,AWP,WE,Towers with Radar,0,0,8,0,8,0,0,68,0,68,0,0,76,0,76,116,0,116,192
12/22/2016,EMT,CA,AWP,WE,Towers with Radar,0,0,12,0,12,0,0,34,0,34,0,0,46,0,46,96,0,96,142
12/23/2016,EMT,CA,AWP,WE,Towers with Radar,0,1,12,0,13,0,0,9,0,9,0,1,21,0,22,78,0,78,100
12/24/2016,EMT,CA,AWP,WE,Towers with Radar,0,0,5,0,5,0,1,55,0,56,0,1,60,0,61,52,0,52,113
12/25/2016,EMT,CA,AWP,WE,Towers with Radar,0,0,1,0,1,0,0,41,0,41,0,0,42,0,42,14,0,14,56
12/26/2016,EMT,CA,AWP,WE,Towers with Radar,0,1,9,0,10,0,0,98,0,98,0,1,107,0,108,125,0,125,233
12/27/2016,EMT,CA,AWP,WE,Towers with Radar,0,0,9,0,9,0,0,120,0,120,0,0,129,0,129,126,0,126,255
12/28/2016,EMT,CA,AWP,WE,Towers with Radar,0,0,10,0,10,0,1,121,0,122,0,1,131,0,132,142,0,142,274
12/29/2016,EMT,CA,AWP,WE,Towers with Radar,0,0,9,0,9,0,0,125,0,125,0,0,134,0,134,140,0,140,274
12/30/2016,EMT,CA,AWP,WE,Towers with Radar,0,0,9,0,9,0,2,37,0,39,0,2,46,0,48,90,0,90,138
12/31/2016,EMT,CA,AWP,WE,Towers with Radar,0,0,7,0,7,0,0,11,0,11,0,0,18,0,18,0,0,0,18
01/01/2017,EMT,CA,AWP,WE,Towers with Radar,0,0,4,0,4,0,0,50,1,51,0,0,54,1,55,60,9,69,124
01/02/2017,EMT,CA,AWP,WE,Towers with Radar,0,0,8,0,8,0,0,63,0,63,0,0,71,0,71,132,0,132,203
01/03/2017,EMT,CA,AWP,WE,Towers with Radar,0,0,8,0,8,0,0,70,0,70,0,0,78,0,78,128,16,144,222
01/04/2017,EMT,CA,AWP,WE,Towers with Radar,0,0,8,2,10,0,0,75,0,75,0,0,83,2,85,175,0,175,260
01/05/2017,EMT,CA,AWP,WE,Towers with Radar,0,0,3,0,3,0,0,5,0,5,0,0,8,0,8,2,0,2,10
01/06/2017,EMT,CA,AWP,WE,Towers with Radar,0,0,13,0,13,0,0,105,0,105,0,0,118,0,118,160,0,160,278
01/07/2017,EMT,CA,AWP,WE,Towers with Radar,0,0,9,0,9,0,0,53,0,53,0,0,62,0,62,102,0,102,164
01/08/2017,EMT,CA,AWP,WE,Towers with Radar,0,0,8,0,8,0,0,129,0,129,0,0,137,0,137,64,0,64,201
01/09/2017,EMT,CA,AWP,WE,Towers with Radar,0,2,7,0,9,0,0,11,0,11,0,2,18,0,20,132,0,132,152
01/10/2017,EMT,CA,AWP,WE,Towers with Radar,0,0,2,0,2,0,0,15,0,15,0,0,17,0,17,140,0,140,157
01/11/2017,EMT,CA,AWP,WE,Towers with Radar,0,0,4,0,4,0,0,32,0,32,0,0,36,0,36,200,0,200,236
01/12/2017,EMT,CA,AWP,WE,Towers with Radar,0,0,2,0,2,0,0,2,0,2,0,0,4,0,4,0,0,0,4
01/13/2017,EMT,CA,AWP,WE,Towers with Radar,0,0,1,0,1,0,0,81,0,81,0,0,82,0,82,162,0,162,244
01/14/2017,EMT,CA,AWP,WE,Towers with Radar,0,0,14,0,14,0,0,150,0,150,0,0,164,0,164,182,0,182,346
01/15/2017,EMT,CA,AWP,WE,Towers with Radar,0,0,7,0,7,0,0,87,0,87,0,0,94,0,94,294,0,294,388
01/16/2017,EMT,CA,AWP,WE,Towers with Radar,0,0,6,0,6,0,0,121,0,121,0,0,127,0,127,209,0,209,336
01/17/2017,EMT,CA,AWP,WE,Towers with Radar,0,0,8,0,8,0,0,105,1,106,0,0,113,1,114,101,0,101,215
01/18/2017,EMT,CA,AWP,WE,Towers with Radar,0,2,8,0,10,0,0,81,0,81,0,2,89,0,91,152,0,152,243
01/19/2017,EMT,CA,AWP,WE,Towers with Radar,0,0,2,0,2,0,0,23,0,23,0,0,25,0,25,132,0,132,157
01/20/2017,EMT,CA,AWP,WE,Towers with Radar,0,0,2,0,2,0,0,10,0,10,0,0,12,0,12,4,0,4,16
01/21/2017,EMT,CA,AWP,WE,Towers with Radar,0,0,9,0,9,0,0,144,0,144,0,0,153,0,153,300,0,300,453
01/22/2017,EMT,CA,AWP,WE,Towers with Radar,0,0,0,0,0,0,0,4,0,4,0,0,4,0,4,0,0,0,4
01/23/2017,EMT,CA,AWP,WE,Towers with Radar,0,0,0,0,0,0,0,18,0,18,0,0,18,0,18,58,0,58,76
01/24/2017,EMT,CA,AWP,WE,Towers with Radar,0,0,10,0,10,0,0,104,1,105,0,0,114,1,115,132,0,132,247
01/25/2017,EMT,CA,AWP,WE,Towers with Radar,0,0,10,0,10,0,0,126,1,127,0,0,136,1,137,184,0,184,321
01/26/2017,EMT,CA,AWP,WE,Towers with Radar,0,0,5,0,5,0,0,24,0,24,0,0,29,0,29,0,0,0,29
01/27/2017,EMT,CA,AWP,WE,Towers with Radar,0,0,6,0,6,0,0,80,0,80,0,0,86,0,86,132,0,132,218
01/28/2017,EMT,CA,AWP,WE,Towers with Radar,0,0,8,0,8,0,0,137,0,137,0,0,145,0,145,194,0,194,339
01/29/2017,EMT,CA,AWP,WE,Towers with Radar,0,0,14,0,14,0,1,129,0,130,0,1,143,0,144,142,0,142,286
01/30/2017,EMT,CA,AWP,WE,Towers with Radar,0,0,8,0,8,0,0,95,0,95,0,0,103,0,103,110,0,110,213
01/31/2017,EMT,CA,AWP,WE,Towers with Radar,0,2,5,0,7,0,0,79,0,79,0,2,84,0,86,130,0,130,216
02/01/2017,EMT,CA,AWP,WE,Towers with Radar,0,0,14,0,14,0,0,116,0,116,0,0,130,0,130,120,0,120,250
02/02/2017,EMT,CA,AWP,WE,Towers with Radar,0,0,11,0,11,0,0,85,0,85,0,0,96,0,96,132,0,132,228
02/03/2017,EMT,CA,AWP,WE,Towers with Radar,0,0,9,0,9,0,0,13,0,13,0,0,22,0,22,96,0,96,118
02/04/2017,EMT,CA,AWP,WE,Towers with Radar,0,0,10,0,10,0,0,86,0,86,0,0,96,0,96,306,0,306,402
02/05/2017,EMT,CA,AWP,WE,Towers with Radar,0,0,12,0,12,0,0,11,0,11,0,0,23,0,23,66,0,66,89
02/06/2017,EMT,CA,AWP,WE,Towers with Radar,0,0,8,0,8,0,0,4,0,4,0,0,12,0,12,78,0,78,90
02/07/2017,EMT,CA,AWP,WE,Towers with Radar,0,0,2,0,2,0,0,7,0,7,0,0,9,0,9,26,0,26,35
02/08/2017,EMT,CA,AWP,WE,Towers with Radar,0,0,12,0,12,0,0,49,0,49,0,0,61,0,61,122,0,122,183
02/09/2017,EMT,CA,AWP,WE,Towers with Radar,0,0,7,0,7,0,0,114,1,115,0,0,121,1,122,166,0,166,288
02/10/2017,EMT,CA,AWP,WE,Towers with Radar,0,0,11,0,11,0,0,28,0,28,0,0,39,0,39,76,0,76,115
02/11/2017,EMT,CA,AWP,WE,Towers with Radar,0,0,6,0,6,0,0,29,0,29,0,0,35,0,35,194,0,194,229
02/12/2017,EMT,CA,AWP,WE,Towers with Radar,0,0,12,0,12,0,0,162,0,162,0,0,174,0,174,92,0,92,266
02/13/2017,EMT,CA,AWP,WE,Towers with Radar,0,0,6,0,6,0,0,110,0,110,0,0,116,0,116,138,0,138,254
02/14/2017,EMT,CA,AWP,WE,Towers with Radar,0,0,7,0,7,0,0,100,0,100,0,0,107,0,107,176,0,176,283
02/15/2017,EMT,CA,AWP,WE,Towers with Radar,0,0,10,0,10,0,0,138,0,138,0,0,148,0,148,231,0,231,379
02/16/2017,EMT,CA,AWP,WE,Towers with Radar,0,0,8,0,8,0,0,125,1,126,0,0,133,1,134,218,0,218,352
02/17/2017,EMT,CA,AWP,WE,Towers with Radar,0,0,3,0,3,0,0,2,0,2,0,0,5,0,5,0,0,0,5
02/18/2017,EMT,CA,AWP,WE,Towers with Radar,0,0,9,0,9,0,0,45,0,45,0,0,54,0,54,146,0,146,200
02/19/2017,EMT,CA,AWP,WE,Towers with Radar,0,0,9,0,9,0,0,55,0,55,0,0,64,0,64,176,0,176,240
02/20/2017,EMT,CA,AWP,WE,Towers with Radar,0,1,5,0,6,0,0,24,0,24,0,1,29,0,30,183,0,183,213
02/21/2017,EMT,CA,AWP,WE,Towers with Radar,0,0,9,0,9,0,0,68,1,69,0,0,77,1,78,78,0,78,156
02/22/2017,EMT,CA,AWP,WE,Towers with Radar,0,0,6,0,6,0,0,77,0,77,0,0,83,0,83,136,0,136,219
02/23/2017,EMT,CA,AWP,WE,Towers with Radar,0,0,7,0,7,0,0,90,0,90,0,0,97,0,97,140,0,140,237
02/24/2017,EMT,CA,AWP,WE,Towers with Radar,0,0,9,0,9,0,0,119,0,119,0,0,128,0,128,150,0,150,278
02/25/2017,EMT,CA,AWP,WE,Towers with Radar,0,0,12,0,12,0,0,145,0,145,0,0,157,0,157,136,0,136,293
02/26/2017,EMT,CA,AWP,WE,Towers with Radar,0,0,12,1,13,0,0,47,0,47,0,0,59,1,60,136,0,136,196
02/27/2017,EMT,CA,AWP,WE,Towers with Radar,0,0,16,0,16,0,0,35,0,35,0,0,51,0,51,91,0,91,142
02/28/2017,EMT,CA,AWP,WE,Towers with Radar,0,0,5,0,5,0,1,103,0,104,0,1,108,0,109,162,0,162,271
03/01/2017,EMT,CA,AWP,WE,Towers with Radar,0,0,9,0,9,0,0,115,0,115,0,0,124,0,124,160,0,160,284
03/02/2017,EMT,CA,AWP,WE,Towers with Radar,0,0,7,0,7,0,0,89,0,89,0,0,96,0,96,118,0,118,214
03/03/2017,EMT,CA,AWP,WE,Towers with Radar,0,0,16,0,16,0,0,115,1,116,0,0,131,1,132,108,0,108,240
03/04/2017,EMT,CA,AWP,WE,Towers with Radar,0,0,7,0,7,0,0,112,0,112,0,0,119,0,119,180,0,180,299
03/05/2017,EMT,CA,AWP,WE,Towers with Radar,0,2,9,0,11,0,0,47,0,47,0,2,56,0,58,116,0,116,174
03/06/2017,EMT,CA,AWP,WE,Towers with Radar,0,1,4,0,5,0,0,98,0,98,0,1,102,0,103,158,0,158,261
03/07/2017,EMT,CA,AWP,WE,Towers with Radar,0,0,6,0,6,0,0,109,0,109,0,0,115,0,115,234,0,234,349
03/08/2017,EMT,CA,AWP,WE,Towers with Radar,0,0,7,0,7,0,1,99,0,100,0,1,106,0,107,150,0,150,257
03/09/2017,EMT,CA,AWP,WE,Towers with Radar,0,0,7,1,8,0,0,114,1,115,0,0,121,2,123,117,0,117,240
03/10/2017,EMT,CA,AWP,WE,Towers with Radar,0,0,5,0,5,0,0,112,0,112,0,0,117,0,117,154,0,154,271
03/11/2017,EMT,CA,AWP,WE,Towers with Radar,0,0,16,0,16,0,0,142,0,142,0,0,158,0,158,156,0,156,314
03/12/2017,EMT,CA,AWP,WE,Towers with Radar,0,0,9,0,9,0,0,96,0,96,0,0,105,0,105,122,0,122,227
03/13/2017,EMT,CA,AWP,WE,Towers with Radar,0,0,5,0,5,0,0,97,0,97,0,0,102,0,102,112,0,112,214
03/14/2017,EMT,CA,AWP,WE,Towers with Radar,0,0,7,0,7,0,0,106,0,106,0,0,113,0,113,78,0,78,191
03/15/2017,EMT,CA,AWP,WE,Towers with Radar,0,0,11,0,11,0,0,83,0,83,0,0,94,0,94,117,0,117,211
03/16/2017,EMT,CA,AWP,WE,Towers with Radar,0,0,13,0,13,0,0,126,0,126,0,0,139,0,139,198,0,198,337
03/17/2017,EMT,CA,AWP,WE,Towers with Radar,0,0,9,0,9,0,0,103,0,103,0,0,112,0,112,214,0,214,326
03/18/2017,EMT,CA,AWP,WE,Towers with Radar,0,0,14,0,14,0,0,99,0,99,0,0,113,0,113,142,0,142,255
03/19/2017,EMT,CA,AWP,WE,Towers with Radar,0,0,10,0,10,0,0,94,0,94,0,0,104,0,104,190,0,190,294
03/20/2017,EMT,CA,AWP,WE,Towers with Radar,0,0,11,0,11,0,0,86,0,86,0,0,97,0,97,119,0,119,216
03/21/2017,EMT,CA,AWP,WE,Towers with Radar,0,0,18,0,18,0,0,32,0,32,0,0,50,0,50,74,0,74,124
03/22/2017,EMT,CA,AWP,WE,Towers with Radar,0,0,3,2,5,0,0,38,0,38,0,0,41,2,43,112,0,112,155
03/23/2017,EMT,CA,AWP,WE,Towers with Radar,0,0,9,0,9,0,0,89,0,89,0,0,98,0,98,126,0,126,224
03/24/2017,EMT,CA,AWP,WE,Towers with Radar,0,0,13,0,13,0,0,99,0,99,0,0,112,0,112,114,0,114,226
03/25/2017,EMT,CA,AWP,WE,Towers with Radar,0,0,13,0,13,0,0,67,0,67,0,0,80,0,80,164,0,164,244
03/26/2017,EMT,CA,AWP,WE,Towers with Radar,0,1,19,0,20,0,0,94,0,94,0,1,113,0,114,196,0,196,310
03/27/2017,EMT,CA,AWP,WE,Towers with Radar,0,2,2,0,4,0,0,31,0,31,0,2,33,0,35,144,0,144,179
03/28/2017,EMT,CA,AWP,WE,Towers with Radar,0,0,8,0,8,0,0,74,0,74,0,0,82,0,82,64,0,64,146
03/29/2017,EMT,CA,AWP,WE,Towers with Radar,0,0,11,0,11,0,1,101,0,102,0,1,112,0,113,106,0,106,219
03/30/2017,EMT,CA,AWP,WE,Towers with Radar,0,0,12,0,12,0,0,72,0,72,0,0,84,0,84,130,0,130,214
03/31/2017,EMT,CA,AWP,WE,Towers with Radar,0,0,4,0,4,0,0,101,0,101,0,0,105,0,105,154,0,154,259
04/01/2017,EMT,CA,AWP,WE,Towers with Radar,0,0,8,0,8,0,0,150,0,150,0,0,158,0,158,124,0,124,282
04/02/2017,EMT,CA,AWP,WE,Towers with Radar,0,2,10,0,12,0,1,137,0,138,0,3,147,0,150,154,0,154,304
04/03/2017,EMT,CA,AWP,WE,Towers with Radar,0,0,6,0,6,0,0,54,0,54,0,0,60,0,60,118,0,118,178
04/04/2017,EMT,CA,AWP,WE,Towers with Radar,0,0,8,0,8,0,0,98,0,98,0,0,106,0,106,70,0,70,176
04/05/2017,EMT,CA,AWP,WE,Towers with Radar,0,0,11,0,11,0,0,130,2,132,0,0,141,2,143,126,0,126,269
04/06/2017,EMT,CA,AWP,WE,Towers with Radar,0,0,9,0,9,0,0,99,0,99,0,0,108,0,108,186,0,186,294
04/07/2017,EMT,CA,AWP,WE,Towers with Radar,0,0,6,0,6,0,0,83,0,83,0,0,89,0,89,146,0,146,235
04/08/2017,EMT,CA,AWP,WE,Towers with Radar,0,1,8,0,9,0,1,90,0,91,0,2,98,0,100,130,0,130,230
04/09/2017,EMT,CA,AWP,WE,Towers with Radar,0,0,15,0,15,0,1,113,0,114,0,1,128,0,129,144,0,144,273
04/10/2017,EMT,CA,AWP,WE,Towers with Radar,0,0,6,0,6,0,1,73,0,74,0,1,79,0,80,177,0,177,257
04/11/2017,EMT,CA,AWP,WE,Towers with Radar,0,0,5,0,5,0,0,93,0,93,0,0,98,0,98,112,0,112,210
04/12/2017,EMT,CA,AWP,WE,Towers with Radar,0,0,6,0,6,0,0,101,0,101,0,0,107,0,107,194,0,194,301
04/13/2017,EMT,CA,AWP,WE,Towers with Radar,0,0,10,0,10,0,0,75,0,75,0,0,85,0,85,135,0,135,220
04/14/2017,EMT,CA,AWP,WE,Towers with Radar,0,2,5,0,7,0,0,105,0,105,0,2,110,0,112,144,0,144,256
04/15/2017,EMT,CA,AWP,WE,Towers with Radar,0,0,10,0,10,0,0,130,1,131,0,0,140,1,141,134,0,134,275
04/16/2017,EMT,CA,AWP,WE,Towers with Radar,0,0,8,0,8,0,0,101,0,101,0,0,109,0,109,74,0,74,183
04/17/2017,EMT,CA,AWP,WE,Towers with Radar,0,1,4,0,5,0,1,54,0,55,0,2,58,0,60,84,0,84,144
04/18/2017,EMT,CA,AWP,WE,Towers with Radar,0,0,6,0,6,0,0,45,0,45,0,0,51,0,51,162,0,162,213
04/19/2017,EMT,CA,AWP,WE,Towers with Radar,0,0,6,0,6,0,0,100,0,100,0,0,106,0,106,238,0,238,344
04/20/2017,EMT,CA,AWP,WE,Towers with Radar,0,1,15,0,16,0,0,90,0,90,0,1,105,0,106,148,0,148,254
04/21/2017,EMT,CA,AWP,WE,Towers with Radar,0,1,9,0,10,0,0,108,0,108,0,1,117,0,118,104,0,104,222
04/22/2017,EMT,CA,AWP,WE,Towers with Radar,0,0,6,0,6,0,0,112,0,112,0,0,118,0,118,103,0,103,221
04/23/2017,EMT,CA,AWP,WE,Towers with Radar,0,0,6,0,6,0,0,129,0,129,0,0,135,0,135,134,0,134,269
04/24/2017,EMT,CA,AWP,WE,Towers with Radar,0,0,9,0,9,0,0,43,0,43,0,0,52,0,52,264,0,264,316
04/25/2017,EMT,CA,AWP,WE,Towers with Radar,0,0,4,0,4,0,0,89,0,89,0,0,93,0,93,104,0,104,197
04/26/2017,EMT,CA,AWP,WE,Towers with Radar,0,0,7,0,7,0,0,104,0,104,0,0,111,0,111,96,0,96,207
04/27/2017,EMT,CA,AWP,WE,Towers with Radar,0,0,10,0,10,0,0,62,0,62,0,0,72,0,72,152,0,152,224
04/28/2017,EMT,CA,AWP,WE,Towers with Radar,0,0,3,0,3,0,0,66,0,66,0,0,69,0,69,136,0,136,205
04/29/2017,EMT,CA,AWP,WE,Towers with Radar,0,0,7,0,7,0,1,77,0,78,0,1,84,0,85,58,0,58,143
04/30/2017,EMT,CA,AWP,WE,Towers with Radar,0,0,11,0,11,0,0,111,0,111,0,0,122,0,122,104,0,104,226
05/01/2017,EMT,CA,AWP,WE,Towers with Radar,0,0,9,0,9,0,0,83,0,83,0,0,92,0,92,144,0,144,236
05/02/2017,EMT,CA,AWP,WE,Towers with Radar,0,0,7,0,7,0,0,110,0,110,0,0,117,0,117,81,0,81,198
05/03/2017,EMT,CA,AWP,WE,Towers with Radar,0,0,3,0,3,0,0,118,0,118,0,0,121,0,121,166,0,166,287
05/04/2017,EMT,CA,AWP,WE,Towers with Radar,0,0,10,2,12,0,0,132,1,133,0,0,142,3,145,168,0,168,313
05/05/2017,EMT,CA,AWP,WE,Towers with Radar,0,0,12,0,12,0,0,70,0,70,0,0,82,0,82,172,0,172,254
05/06/2017,EMT,CA,AWP,WE,Towers with Radar,0,0,29,0,29,0,0,28,0,28,0,0,57,0,57,136,0,136,193
05/07/2017,EMT,CA,AWP,WE,Towers with Radar,0,0,4,0,4,0,0,29,0,29,0,0,33,0,33,53,0,53,86
05/08/2017,EMT,CA,AWP,WE,Towers with Radar,0,2,9,0,11,0,0,112,1,113,0,2,121,1,124,94,0,94,218
05/09/2017,EMT,CA,AWP,WE,Towers with Radar,0,2,9,0,11,0,0,58,0,58,0,2,67,0,69,186,0,186,255
05/10/2017,EMT,CA,AWP,WE,Towers with Radar,0,0,12,0,12,0,0,42,0,42,0,0,54,0,54,248,0,248,302
05/11/2017,EMT,CA,AWP,WE,Towers with Radar,0,0,8,0,8,0,1,115,0,116,0,1,123,0,124,106,0,106,230
05/12/2017,EMT,CA,AWP,WE,Towers with Radar,0,0,30,0,30,0,0,94,0,94,0,0,124,0,124,114,0,114,238
05/13/2017,EMT,CA,AWP,WE,Towers with Radar,0,0,10,0,10,0,1,113,0,114,0,1,123,0,124,132,0,132,256
05/14/2017,EMT,CA,AWP,WE,Towers with Radar,0,0,7,0,7,0,0,109,0,109,0,0,116,0,116,56,0,56,172
05/15/2017,EMT,CA,AWP,WE,Towers with Radar,0,0,5,0,5,0,0,67,0,67,0,0,72,0,72,215,0,215,287
05/16/2017,EMT,CA,AWP,WE,Towers with Radar,0,0,8,1,9,0,0,74,0,74,0,0,82,1,83,126,0,126,209
05/17/2017,EMT,CA,AWP,WE,Towers with Radar,0,0,12,0,12,0,0,68,0,68,0,0,80,0,80,206,0,206,286
05/18/2017,EMT,CA,AWP,WE,Towers with Radar,0,0,9,0,9,0,0,126,0,126,0,0,135,0,135,148,0,148,283
05/19/2017,EMT,CA,AWP,WE,Towers with Radar,0,3,7,0,10,0,0,127,0,127,0,3,134,0,137,98,0,98,235
05/20/2017,EMT,CA,AWP,WE,Towers with Radar,1,0,15,0,16,0,0,158,0,158,1,0,173,0,174,118,0,118,292
05/21/2017,EMT,CA,AWP,WE,Towers with Radar,0,0,11,0,11,0,0,159,0,159,0,0,170,0,170,140,0,140,310
05/22/2017,EMT,CA,AWP,WE,Towers with Radar,0,0,2,0,2,0,0,92,0,92,0,0,94,0,94,84,0,84,178
05/23/2017,EMT,CA,AWP,WE,Towers with Radar,0,0,15,0,15,0,0,84,1,85,0,0,99,1,100,74,0,74,174
05/24/2017,EMT,CA,AWP,WE,Towers with Radar,0,0,12,0,12,0,0,93,0,93,0,0,105,0,105,146,0,146,251
05/25/2017,EMT,CA,AWP,WE,Towers with Radar,0,0,9,0,9,0,0,68,0,68,0,0,77,0,77,175,0,175,252
05/26/2017,EMT,CA,AWP,WE,Towers with Radar,0,0,9,0,9,0,0,101,0,101,0,0,110,0,110,144,0,144,254
05/27/2017,EMT,CA,AWP,WE,Towers with Radar,0,0,9,0,9,0,0,114,0,114,0,0,123,0,123,130,0,130,253
05/28/2017,EMT,CA,AWP,WE,Towers with Radar,0,0,7,0,7,0,0,121,0,121,0,0,128,0,128,198,0,198,326
05/29/2017,EMT,CA,AWP,WE,Towers with Radar,0,0,9,0,9,0,0,102,0,102,0,0,111,0,111,146,0,146,257
05/30/2017,EMT,CA,AWP,WE,Towers with Radar,0,0,5,0,5,0,0,66,0,66,0,0,71,0,71,102,0,102,173
05/31/2017,EMT,CA,AWP,WE,Towers with Radar,0,0,12,0,12,0,0,32,0,32,0,0,44,0,44,129,0,129,173
06/01/2017,EMT,CA,AWP,WE,Towers with Radar,0,0,15,0,15,0,0,77,0,77,0,0,92,0,92,194,0,194,286
06/02/2017,EMT,CA,AWP,WE,Towers with Radar,0,0,9,0,9,0,0,105,0,105,0,0,114,0,114,183,0,183,297
06/03/2017,EMT,CA,AWP,WE,Towers with Radar,0,2,10,0,12,0,1,110,0,111,0,3,120,0,123,208,0,208,331
06/04/2017,EMT,CA,AWP,WE,Towers with Radar,0,0,7,0,7,0,0,89,0,89,0,0,96,0,96,114,0,114,210
06/05/2017,EMT,CA,AWP,WE,Towers with Radar,0,0,4,0,4,0,0,82,0,82,0,0,86,0,86,84,0,84,170
06/06/2017,EMT,CA,AWP,WE,Towers with Radar,0,0,3,0,3,0,0,65,0,65,0,0,68,0,68,132,0,132,200
06/07/2017,EMT,CA,AWP,WE,Towers with Radar,0,0,10,0,10,0,0,62,0,62,0,0,72,0,72,164,0,164,236
06/08/2017,EMT,CA,AWP,WE,Towers with Radar,0,0,12,0,12,0,1,60,0,61,0,1,72,0,73,204,0,204,277
06/09/2017,EMT,CA,AWP,WE,Towers with Radar,0,0,8,0,8,0,0,106,1,107,0,0,114,1,115,142,0,142,257
06/10/2017,EMT,CA,AWP,WE,Towers with Radar,0,1,17,0,18,0,0,74,0,74,0,1,91,0,92,158,0,158,250
06/11/2017,EMT,CA,AWP,WE,Towers with Radar,0,0,13,0,13,0,0,69,0,69,0,0,82,0,82,132,0,132,214
06/12/2017,EMT,CA,AWP,WE,Towers with Radar,0,0,6,0,6,0,0,81,0,81,0,0,87,0,87,114,0,114,201
06/13/2017,EMT,CA,AWP,WE,Towers with Radar,0,0,3,0,3,0,0,98,0,98,0,0,101,0,101,168,0,168,269
06/14/2017,EMT,CA,AWP,WE,Towers with Radar,0,0,8,0,8,0,0,97,1,98,0,0,105,1,106,102,0,102,208
06/15/2017,EMT,CA,AWP,WE,Towers with Radar,0,0,10,0,10,0,0,111,0,111,0,0,121,0,121,162,0,162,283
06/16/2017,EMT,CA,AWP,WE,Towers with Radar,0,0,10,0,10,0,1,135,0,136,0,1,145,0,146,160,0,160,306
06/17/2017,EMT,CA,AWP,WE,Towers with Radar,0,0,15,0,15,0,0,128,0,128,0,0,143,0,143,158,0,158,301
06/18/2017,EMT,CA,AWP,WE,Towers with Radar,0,0,8,0,8,0,0,102,0,102,0,0,110,0,110,78,0,78,188
06/19/2017,EMT,CA,AWP,WE,Towers with Radar,0,1,11,0,12,0,0,107,0,107,0,1,118,0,119,178,0,178,297
06/20/2017,EMT,CA,AWP,WE,Towers with Radar,0,0,7,0,7,0,0,110,0,110,0,0,117,0,117,136,0,136,253
06/21/2017,EMT,CA,AWP,WE,Towers with Radar,0,0,8,0,8,0,0,90,0,90,0,0,98,0,98,114,0,114,212
06/22/2017,EMT,CA,AWP,WE,Towers with Radar,0,0,5,0,5,0,0,82,1,83,0,0,87,1,88,140,0,140,228
06/23/2017,EMT,CA,AWP,WE,Towers with Radar,0,0,14,0,14,0,0,104,0,104,0,0,118,0,118,166,0,166,284
06/24/2017,EMT,CA,AWP,WE,Towers with Radar,0,0,4,0,4,0,1,102,0,103,0,1,106,0,107,180,0,180,287
06/25/2017,EMT,CA,AWP,WE,Towers with Radar,0,0,8,0,8,0,0,116,0,116,0,0,124,0,124,122,0,122,246
06/26/2017,EMT,CA,AWP,WE,Towers with Radar,0,0,10,0,10,0,0,65,0,65,0,0,75,0,75,108,0,108,183
06/27/2017,EMT,CA,AWP,WE,Towers with Radar,0,1,11,0,12,0,0,102,0,102,0,1,113,0,114,144,0,144,258
06/28/2017,EMT,CA,AWP,WE,Towers with Radar,0,0,9,0,9,0,0,99,0,99,0,0,108,0,108,84,0,84,192
06/29/2017,EMT,CA,AWP,WE,Towers with Radar,0,0,7,0,7,0,0,99,0,99,0,0,106,0,106,176,0,176,282
06/30/2017,EMT,CA,AWP,WE,Towers with Radar,0,0,7,0,7,0,0,90,1,91,0,0,97,1,98,160,0,160,258
07/01/2017,EMT,CA,AWP,WE,Towers with Radar,0,0,13,0,13,0,0,87,0,87,0,0,100,0,100,130,0,130,230
07/02/2017,EMT,CA,AWP,WE,Towers with Radar,0,0,7,0,7,0,0,95,0,95,0,0,102,0,102,216,0,216,318
07/03/2017,EMT,CA,AWP,WE,Towers with Radar,0,0,5,0,5,0,0,95,0,95,0,0,100,0,100,112,0,112,212
07/04/2017,EMT,CA,AWP,WE,Towers with Radar,0,0,6,0,6,0,0,99,0,99,0,0,105,0,105,96,0,96,201
07/05/2017,EMT,CA,AWP,WE,Towers with Radar,0,0,6,0,6,0,0,71,0,71,0,0,77,0,77,122,0,122,199
07/06/2017,EMT,CA,AWP,WE,Towers with Radar,0,0,7,0,7,0,0,91,0,91,0,0,98,0,98,48,0,48,146
07/07/2017,EMT,CA,AWP,WE,Towers with Radar,0,0,2,0,2,0,0,90,0,90,0,0,92,0,92,88,0,88,180
07/08/2017,EMT,CA,AWP,WE,Towers with Radar,0,0,7,0,7,0,0,92,0,92,0,0,99,0,99,110,0,110,209
07/09/2017,EMT,CA,AWP,WE,Towers with Radar,0,0,5,0,5,0,2,78,0,80,0,2,83,0,85,64,0,64,149
07/10/2017,EMT,CA,AWP,WE,Towers with Radar,0,1,5,0,6,0,0,97,0,97,0,1,102,0,103,174,0,174,277
07/11/2017,EMT,CA,AWP,WE,Towers with Radar,0,0,3,0,3,0,0,88,0,88,0,0,91,0,91,176,0,176,267
07/12/2017,EMT,CA,AWP,WE,Towers with Radar,0,0,8,1,9,0,1,99,0,100,0,1,107,1,109,188,0,188,297
07/13/2017,EMT,CA,AWP,WE,Towers with Radar,0,0,7,0,7,0,0,109,0,109,0,0,116,0,116,220,0,220,336
07/14/2017,EMT,CA,AWP,WE,Towers with Radar,0,0,9,0,9,0,0,124,0,124,0,0,133,0,133,102,0,102,235
07/15/2017,EMT,CA,AWP,WE,Towers with Radar,0,0,13,0,13,0,1,96,0,97,0,1,109,0,110,112,0,112,222
07/16/2017,EMT,CA,AWP,WE,Towers with Radar,0,0,9,0,9,0,0,87,0,87,0,0,96,0,96,104,0,104,200
07/17/2017,EMT,CA,AWP,WE,Towers with Radar,0,0,5,0,5,0,0,69,0,69,0,0,74,0,74,186,0,186,260
07/18/2017,EMT,CA,AWP,WE,Towers with Radar,0,0,7,1,8,0,0,89,2,91,0,0,96,3,99,204,0,204,303
07/19/2017,EMT,CA,AWP,WE,Towers with Radar,0,0,5,0,5,0,0,108,0,108,0,0,113,0,113,198,0,198,311
07/20/2017,EMT,CA,AWP,WE,Towers with Radar,0,0,9,0,9,0,0,100,0,100,0,0,109,0,109,106,0,106,215
07/21/2017,EMT,CA,AWP,WE,Towers with Radar,0,0,7,0,7,0,0,114,0,114,0,0,121,0,121,176,0,176,297
07/22/2017,EMT,CA,AWP,WE,Towers with Radar,0,0,8,0,8,0,0,88,0,88,0,0,96,0,96,128,0,128,224
07/23/2017,EMT,CA,AWP,WE,Towers with Radar,0,0,5,0,5,0,0,109,0,109,0,0,114,0,114,184,0,184,298
07/24/2017,EMT,CA,AWP,WE,Towers with Radar,0,0,4,0,4,0,0,66,0,66,0,0,70,0,70,157,0,157,227
07/25/2017,EMT,CA,AWP,WE,Towers with Radar,0,0,2,0,2,0,0,84,0,84,0,0,86,0,86,168,0,168,254
07/26/2017,EMT,CA,AWP,WE,Towers with Radar,0,0,2,0,2,0,0,80,0,80,0,0,82,0,82,136,0,136,218
07/27/2017,EMT,CA,AWP,WE,Towers with Radar,0,0,3,0,3,0,0,91,0,91,0,0,94,0,94,161,0,161,255
07/28/2017,EMT,CA,AWP,WE,Towers with Radar,0,2,5,0,7,0,0,87,0,87,0,2,92,0,94,136,0,136,230
07/29/2017,EMT,CA,AWP,WE,Towers with Radar,0,0,6,0,6,0,0,121,0,121,0,0,127,0,127,154,0,154,281
07/30/2017,EMT,CA,AWP,WE,Towers with Radar,0,0,7,0,7,0,0,108,1,109,0,0,115,1,116,174,0,174,290
07/31/2017,EMT,CA,AWP,WE,Towers with Radar,0,0,6,0,6,0,0,72,0,72,0,0,78,0,78,76,0,76,154
08/01/2017,EMT,CA,AWP,WE,Towers with Radar,0,0,4,0,4,0,0,47,0,47,0,0,51,0,51,199,0,199,250
08/02/2017,EMT,CA,AWP,WE,Towers with Radar,0,0,5,0,5,0,0,71,1,72,0,0,76,1,77,118,0,118,195
08/03/2017,EMT,CA,AWP,WE,Towers with Radar,0,0,7,0,7,0,0,77,0,77,0,0,84,0,84,138,0,138,222
08/04/2017,EMT,CA,AWP,WE,Towers with Radar,0,0,5,0,5,0,0,97,0,97,0,0,102,0,102,126,0,126,228
08/05/2017,EMT,CA,AWP,WE,Towers with Radar,0,0,6,0,6,0,0,100,0,100,0,0,106,0,106,178,0,178,284
08/06/2017,EMT,CA,AWP,WE,Towers with Radar,0,0,6,0,6,0,0,117,0,117,0,0,123,0,123,144,0,144,267
08/07/2017,EMT,CA,AWP,WE,Towers with Radar,0,0,5,0,5,0,0,93,0,93,0,0,98,0,98,120,0,120,218
08/08/2017,EMT,CA,AWP,WE,Towers with Radar,0,0,6,0,6,0,0,105,0,105,0,0,111,0,111,154,0,154,265
08/09/2017,EMT,CA,AWP,WE,Towers with Radar,0,0,5,0,5,0,0,71,0,71,0,0,76,0,76,208,0,208,284
08/10/2017,EMT,CA,AWP,WE,Towers with Radar,0,0,3,0,3,0,0,92,0,92,0,0,95,0,95,175,0,175,270
08/11/2017,EMT,CA,AWP,WE,Towers with Radar,0,0,8,0,8,0,0,86,0,86,0,0,94,0,94,232,0,232,326
08/12/2017,EMT,CA,AWP,WE,Towers with Radar,0,0,6,0,6,0,0,105,0,105,0,0,111,0,111,172,0,172,283
08/13/2017,EMT,CA,AWP,WE,Towers with Radar,0,0,11,0,11,0,0,106,0,106,0,0,117,0,117,204,0,204,321
08/14/2017,EMT,CA,AWP,WE,Towers with Radar,0,0,5,0,5,0,0,64,0,64,0,0,69,0,69,150,0,150,219
08/15/2017,EMT,CA,AWP,WE,Towers with Radar,0,1,8,0,9,0,0,50,1,51,0,1,58,1,60,203,0,203,263
08/16/2017,EMT,CA,AWP,WE,Towers with Radar,0,0,9,0,9,0,0,88,1,89,0,0,97,1,98,252,0,252,350
08/17/2017,EMT,CA,AWP,WE,Towers with Radar,0,0,9,0,9,0,0,98,2,100,0,0,107,2,109,130,0,130,239
08/18/2017,EMT,CA,AWP,WE,Towers with Radar,0,0,11,0,11,0,0,115,0,115,0,0,126,0,126,96,0,96,222
08/19/2017,EMT,CA,AWP,WE,Towers with Radar,0,0,6,0,6,0,0,77,0,77,0,0,83,0,83,150,0,150,233
08/20/2017,EMT,CA,AWP,WE,Towers with Radar,0,0,1,1,2,0,1,82,1,84,0,1,83,2,86,141,0,141,227
08/21/2017,EMT,CA,AWP,WE,Towers with Radar,0,0,10,0,10,0,0,71,0,71,0,0,81,0,81,112,0,112,193
08/22/2017,EMT,CA,AWP,WE,Towers with Radar,0,0,12,0,12,0,0,90,0,90,0,0,102,0,102,130,0,130,232
08/23/2017,EMT,CA,AWP,WE,Towers with Radar,0,0,4,0,4,0,0,60,0,60,0,0,64,0,64,173,0,173,237
08/24/2017,EMT,CA,AWP,WE,Towers with Radar,0,0,3,0,3,0,0,65,0,65,0,0,68,0,68,106,0,106,174
08/25/2017,EMT,CA,AWP,WE,Towers with Radar,0,0,12,0,12,0,0,63,0,63,0,0,75,0,75,82,0,82,157
08/26/2017,EMT,CA,AWP,WE,Towers with Radar,0,0,11,0,11,0,0,108,0,108,0,0,119,0,119,180,0,180,299
08/27/2017,EMT,CA,AWP,WE,Towers with Radar,0,0,6,0,6,0,0,110,0,110,0,0,116,0,116,66,0,66,182
08/28/2017,EMT,CA,AWP,WE,Towers with Radar,0,0,2,0,2,0,0,59,0,59,0,0,61,0,61,102,0,102,163
08/29/2017,EMT,CA,AWP,WE,Towers with Radar,0,0,10,0,10,0,0,70,0,70,0,0,80,0,80,116,0,116,196
08/30/2017,EMT,CA,AWP,WE,Towers with Radar,0,0,3,0,3,0,0,80,0,80,0,0,83,0,83,168,0,168,251
08/31/2017,EMT,CA,AWP,WE,Towers with Radar,0,0,3,0,3,0,0,76,0,76,0,0,79,0,79,69,0,69,148
09/01/2017,EMT,CA,AWP,WE,Towers with Radar,0,0,8,0,8,0,0,77,0,77,0,0,85,0,85,55,0,55,140
09/02/2017,EMT,CA,AWP,WE,Towers with Radar,0,0,4,0,4,0,0,69,0,69,0,0,73,0,73,166,0,166,239
09/03/2017,EMT,CA,AWP,WE,Towers with Radar,0,0,3,0,3,0,0,50,0,50,0,0,53,0,53,98,0,98,151
09/04/2017,EMT,CA,AWP,WE,Towers with Radar,0,0,13,0,13,0,0,75,0,75,0,0,88,0,88,108,0,108,196
09/05/2017,EMT,CA,AWP,WE,Towers with Radar,0,0,9,0,9,0,0,84,0,84,0,0,93,0,93,193,0,193,286
09/06/2017,EMT,CA,AWP,WE,Towers with Radar,0,2,3,0,5,0,0,95,0,95,0,2,98,0,100,108,0,108,208
09/07/2017,EMT,CA,AWP,WE,Towers with Radar,0,2,13,0,15,0,0,71,1,72,0,2,84,1,87,120,0,120,207
09/08/2017,EMT,CA,AWP,WE,Towers with Radar,0,0,8,0,8,0,0,113,0,113,0,0,121,0,121,102,0,102,223
09/09/2017,EMT,CA,AWP,WE,Towers with Radar,0,0,5,0,5,0,0,134,0,134,0,0,139,0,139,128,0,128,267
09/10/2017,EMT,CA,AWP,WE,Towers with Radar,0,3,8,0,11,0,0,102,0,102,0,3,110,0,113,188,0,188,301
09/11/2017,EMT,CA,AWP,WE,Towers with Radar,0,0,8,0,8,0,0,71,0,71,0,0,79,0,79,128,0,128,207
09/12/2017,EMT,CA,AWP,WE,Towers with Radar,0,0,12,0,12,0,0,80,1,81,0,0,92,1,93,62,0,62,155
09/13/2017,EMT,CA,AWP,WE,Towers with Radar,0,0,14,0,14,0,0,84,0,84,0,0,98,0,98,194,0,194,292
09/14/2017,EMT,CA,AWP,WE,Towers with Radar,0,0,4,0,4,0,0,64,0,64,0,0,68,0,68,232,0,232,300
09/15/2017,EMT,CA,AWP,WE,Towers with Radar,0,0,16,0,16,0,0,89,0,89,0,0,105,0,105,182,0,182,287
09/16/2017,EMT,CA,AWP,WE,Towers with Radar,0,0,14,0,14,0,0,99,0,99,0,0,113,0,113,148,0,148,261
09/17/2017,EMT,CA,AWP,WE,Towers with Radar,0,0,15,0,15,0,0,64,0,64,0,0,79,0,79,98,0,98,177
09/18/2017,EMT,CA,AWP,WE,Towers with Radar,0,0,20,0,20,0,0,49,1,50,0,0,69,1,70,74,0,74,144
09/19/2017,EMT,CA,AWP,WE,Towers with Radar,0,0,18,0,18,0,0,77,0,77,0,0,95,0,95,186,0,186,281
09/20/2017,EMT,CA,AWP,WE,Towers with Radar,0,0,6,0,6,0,0,70,0,70,0,0,76,0,76,120,0,120,196
09/21/2017,EMT,CA,AWP,WE,Towers with Radar,0,1,12,0,13,0,0,34,0,34,0,1,46,0,47,154,0,154,201
09/22/2017,EMT,CA,AWP,WE,Towers with Radar,0,0,10,0,10,0,1,79,0,80,0,1,89,0,90,168,0,168,258
09/23/2017,EMT,CA,AWP,WE,Towers with Radar,0,0,6,0,6,0,0,91,0,91,0,0,97,0,97,104,0,104,201
09/24/2017,EMT,CA,AWP,WE,Towers with Radar,0,0,16,0,16,0,0,142,0,142,0,0,158,0,158,104,0,104,262
09/25/2017,EMT,CA,AWP,WE,Towers with Radar,0,0,5,0,5,0,0,82,0,82,0,0,87,0,87,104,0,104,191
09/26/2017,EMT,CA,AWP,WE,Towers with Radar,0,0,5,0,5,0,0,92,0,92,0,0,97,0,97,76,0,76,173
09/27/2017,EMT,CA,AWP,WE,Towers with Radar,0,0,7,0,7,0,0,99,0,99,0,0,106,0,106,84,0,84,190
09/28/2017,EMT,CA,AWP,WE,Towers with Radar,0,0,7,0,7,0,0,81,0,81,0,0,88,0,88,125,0,125,213
09/29/2017,EMT,CA,AWP,WE,Towers with Radar,0,0,13,0,13,0,0,110,0,110,0,0,123,0,123,123,0,123,246
09/30/2017,EMT,CA,AWP,WE,Towers with Radar,0,3,11,0,14,0,2,128,0,130,0,5,139,0,144,154,0,154,298
10/01/2017,EMT,CA,AWP,WE,Towers with Radar,0,1,8,0,9,0,0,102,0,102,0,1,110,0,111,174,0,174,285
10/02/2017,EMT,CA,AWP,WE,Towers with Radar,0,0,12,0,12,0,0,44,0,44,0,0,56,0,56,82,0,82,138
10/03/2017,EMT,CA,AWP,WE,Towers with Radar,0,0,10,0,10,0,0,66,0,66,0,0,76,0,76,168,0,168,244
10/04/2017,EMT,CA,AWP,WE,Towers with Radar,0,0,13,0,13,0,0,113,0,113,0,0,126,0,126,134,0,134,260
10/05/2017,EMT,CA,AWP,WE,Towers with Radar,0,0,11,0,11,0,1,85,1,87,0,1,96,1,98,115,0,115,213
10/06/2017,EMT,CA,AWP,WE,Towers with Radar,0,0,8,0,8,0,0,110,0,110,0,0,118,0,118,136,0,136,254
10/07/2017,EMT,CA,AWP,WE,Towers with Radar,0,0,10,0,10,0,0,115,0,115,0,0,125,0,125,170,0,170,295
10/08/2017,EMT,CA,AWP,WE,Towers with Radar,0,1,8,0,9,0,0,98,0,98,0,1,106,0,107,128,0,128,235
10/09/2017,EMT,CA,AWP,WE,Towers with Radar,0,0,3,0,3,0,0,65,0,65,0,0,68,0,68,88,0,88,156
10/10/2017,EMT,CA,AWP,WE,Towers with Radar,0,0,7,0,7,0,0,118,0,118,0,0,125,0,125,126,0,126,251
10/11/2017,EMT,CA,AWP,WE,Towers with Radar,0,0,11,0,11,0,0,101,0,101,0,0,112,0,112,130,0,130,242
10/12/2017,EMT,CA,AWP,WE,Towers with Radar,0,0,11,0,11,0,0,68,1,69,0,0,79,1,80,180,0,180,260
10/13/2017,EMT,CA,AWP,WE,Towers with Radar,0,0,12,0,12,0,0,91,0,91,0,0,103,0,103,134,0,134,237
10/14/2017,EMT,CA,AWP,WE,Towers with Radar,0,0,19,0,19,0,0,117,0,117,0,0,136,0,136,116,0,116,252
10/15/2017,EMT,CA,AWP,WE,Towers with Radar,0,0,4,0,4,0,0,158,0,158,0,0,162,0,162,106,0,106,268
10/16/2017,EMT,CA,AWP,WE,Towers with Radar,0,0,6,0,6,0,0,73,0,73,0,0,79,0,79,130,0,130,209
10/17/2017,EMT,CA,AWP,WE,Towers with Radar,0,0,8,0,8,0,0,114,0,114,0,0,122,0,122,166,0,166,288
10/18/2017,EMT,CA,AWP,WE,Towers with Radar,0,0,9,0,9,0,0,114,0,114,0,0,123,0,123,162,0,162,285
10/19/2017,EMT,CA,AWP,WE,Towers with Radar,0,0,6,0,6,0,0,72,0,72,0,0,78,0,78,178,0,178,256
10/20/2017,EMT,CA,AWP,WE,Towers with Radar,0,5,9,0,14,0,0,54,0,54,0,5,63,0,68,116,0,116,184
10/21/2017,EMT,CA,AWP,WE,Towers with Radar,0,4,7,0,11,0,0,134,0,134,0,4,141,0,145,130,0,130,275
10/22/2017,EMT,CA,AWP,WE,Towers with Radar,0,1,14,0,15,0,0,123,0,123,0,1,137,0,138,128,0,128,266
10/23/2017,EMT,CA,AWP,WE,Towers with Radar,0,0,3,0,3,0,0,61,0,61,0,0,64,0,64,36,0,36,100
10/24/2017,EMT,CA,AWP,WE,Towers with Radar,0,0,9,0,9,0,0,72,3,75,0,0,81,3,84,73,0,73,157
10/25/2017,EMT,CA,AWP,WE,Towers with Radar,0,0,12,0,12,0,0,73,0,73,0,0,85,0,85,74,0,74,159
10/26/2017,EMT,CA,AWP,WE,Towers with Radar,0,0,10,0,10,0,0,92,0,92,0,0,102,0,102,98,0,98,200
10/27/2017,EMT,CA,AWP,WE,Towers with Radar,0,0,7,0,7,0,0,142,0,142,0,0,149,0,149,160,0,160,309
10/28/2017,EMT,CA,AWP,WE,Towers with Radar,0,0,6,0,6,0,0,91,0,91,0,0,97,0,97,131,0,131,228
10/29/2017,EMT,CA,AWP,WE,Towers with Radar,0,0,37,0,37,0,0,93,0,93,0,0,130,0,130,238,0,238,368
10/30/2017,EMT,CA,AWP,WE,Towers with Radar,0,0,10,0,10,0,0,58,0,58,0,0,68,0,68,162,0,162,230
10/31/2017,EMT,CA,AWP,WE,Towers with Radar,0,0,20,1,21,0,0,63,0,63,0,0,83,1,84,82,0,82,166
11/01/2017,EMT,CA,AWP,WE,Towers with Radar,0,0,14,0,14,0,0,101,0,101,0,0,115,0,115,46,0,46,161
11/02/2017,EMT,CA,AWP,WE,Towers with Radar,0,0,12,0,12,0,0,55,0,55,0,0,67,0,67,104,0,104,171
11/03/2017,EMT,CA,AWP,WE,Towers with Radar,0,0,8,0,8,0,0,91,0,91,0,0,99,0,99,136,0,136,235
11/04/2017,EMT,CA,AWP,WE,Towers with Radar,0,0,4,0,4,0,0,107,0,107,0,0,111,0,111,122,0,122,233
11/05/2017,EMT,CA,AWP,WE,Towers with Radar,0,0,9,0,9,0,0,50,1,51,0,0,59,1,60,87,0,87,147
11/06/2017,EMT,CA,AWP,WE,Towers with Radar,0,0,6,0,6,0,0,70,0,70,0,0,76,0,76,66,0,66,142
11/07/2017,EMT,CA,AWP,WE,Towers with Radar,0,0,6,0,6,0,0,102,0,102,0,0,108,0,108,92,0,92,200
11/08/2017,EMT,CA,AWP,WE,Towers with Radar,0,0,10,0,10,0,0,122,0,122,0,0,132,0,132,110,0,110,242
11/09/2017,EMT,CA,AWP,WE,Towers with Radar,0,0,9,0,9,0,0,79,0,79,0,0,88,0,88,104,0,104,192
11/10/2017,EMT,CA,AWP,WE,Towers with Radar,0,0,7,0,7,0,0,92,1,93,0,0,99,1,100,151,0,151,251
11/11/2017,EMT,CA,AWP,WE,Towers with Radar,0,0,11,0,11,0,1,156,0,157,0,1,167,0,168,82,0,82,250
11/12/2017,EMT,CA,AWP,WE,Towers with Radar,0,0,11,0,11,0,0,111,0,111,0,0,122,0,122,81,0,81,203
11/13/2017,EMT,CA,AWP,WE,Towers with Radar,0,0,14,0,14,0,0,99,0,99,0,0,113,0,113,130,0,130,243
11/14/2017,EMT,CA,AWP,WE,Towers with Radar,0,0,9,0,9,0,0,104,0,104,0,0,113,0,113,94,0,94,207
11/15/2017,EMT,CA,AWP,WE,Towers with Radar,0,0,11,0,11,0,0,94,0,94,0,0,105,0,105,68,0,68,173
11/16/2017,EMT,CA,AWP,WE,Towers with Radar,0,0,8,0,8,0,0,88,0,88,0,0,96,0,96,98,0,98,194
11/17/2017,EMT,CA,AWP,WE,Towers with Radar,0,0,13,0,13,0,0,106,0,106,0,0,119,0,119,162,0,162,281
11/18/2017,EMT,CA,AWP,WE,Towers with Radar,0,0,6,0,6,0,0,112,0,112,0,0,118,0,118,88,0,88,206
11/19/2017,EMT,CA,AWP,WE,Towers with Radar,0,0,4,0,4,0,0,133,0,133,0,0,137,0,137,148,0,148,285
11/20/2017,EMT,CA,AWP,WE,Towers with Radar,0,0,9,0,9,0,0,84,0,84,0,0,93,0,93,104,0,104,197
11/21/2017,EMT,CA,AWP,WE,Towers with Radar,0,0,10,0,10,0,0,85,0,85,0,0,95,0,95,126,0,126,221
11/22/2017,EMT,CA,AWP,WE,Towers with Radar,0,0,8,0,8,0,0,116,0,116,0,0,124,0,124,78,0,78,202
11/23/2017,EMT,CA,AWP,WE,Towers with Radar,0,0,7,0,7,0,0,62,0,62,0,0,69,0,69,66,0,66,135
11/24/2017,EMT,CA,AWP,WE,Towers with Radar,0,0,8,0,8,0,0,80,0,80,0,0,88,0,88,72,0,72,160
11/25/2017,EMT,CA,AWP,WE,Towers with Radar,0,0,10,0,10,0,0,92,0,92,0,0,102,0,102,100,0,100,202
11/26/2017,EMT,CA,AWP,WE,Towers with Radar,0,0,13,0,13,0,0,92,0,92,0,0,105,0,105,62,0,62,167
11/27/2017,EMT,CA,AWP,WE,Towers with Radar,0,2,3,0,5,0,1,59,0,60,0,3,62,0,65,96,0,96,161
11/28/2017,EMT,CA,AWP,WE,Towers with Radar,0,0,4,0,4,0,0,86,2,88,0,0,90,2,92,126,0,126,218
11/29/2017,EMT,CA,AWP,WE,Towers with Radar,0,0,6,0,6,0,0,92,0,92,0,0,98,0,98,126,0,126,224
11/30/2017,EMT,CA,AWP,WE,Towers with Radar,0,0,4,0,4,0,0,112,0,112,0,0,116,0,116,92,0,92,208
12/01/2017,EMT,CA,AWP,WE,Towers with Radar,0,0,6,0,6,0,0,103,0,103,0,0,109,0,109,114,0,114,223
12/02/2017,EMT,CA,AWP,WE,Towers with Radar,0,0,10,0,10,0,0,131,0,131,0,0,141,0,141,132,0,132,273
12/03/2017,EMT,CA,AWP,WE,Towers with Radar,0,1,7,0,8,0,0,106,0,106,0,1,113,0,114,90,0,90,204
12/04/2017,EMT,CA,AWP,WE,Towers with Radar,0,0,11,0,11,0,0,84,3,87,0,0,95,3,98,108,0,108,206
12/05/2017,EMT,CA,AWP,WE,Towers with Radar,0,0,2,0,2,0,0,49,2,51,0,0,51,2,53,52,0,52,105
12/06/2017,EMT,CA,AWP,WE,Towers with Radar,0,0,8,0,8,0,0,67,0,67,0,0,75,0,75,144,0,144,219
12/07/2017,EMT,CA,AWP,WE,Towers with Radar,0,0,1,0,1,0,1,29,0,30,0,1,30,0,31,200,0,200,231
12/08/2017,EMT,CA,AWP,WE,Towers with Radar,0,0,5,0,5,0,0,85,0,85,0,0,90,0,90,168,0,168,258
12/09/2017,EMT,CA,AWP,WE,Towers with Radar,0,0,17,0,17,0,0,100,0,100,0,0,117,0,117,198,0,198,315
12/10/2017,EMT,CA,AWP,WE,Towers with Radar,0,0,9,0,9,0,0,103,0,103,0,0,112,0,112,96,0,96,208
12/11/2017,EMT,CA,AWP,WE,Towers with Radar,0,0,8,0,8,0,0,112,0,112,0,0,120,0,120,154,0,154,274
12/12/2017,EMT,CA,AWP,WE,Towers with Radar,0,0,7,0,7,0,0,110,0,110,0,0,117,0,117,96,0,96,213
12/13/2017,EMT,CA,AWP,WE,Towers with Radar,0,0,11,0,11,0,0,88,0,88,0,0,99,0,99,134,0,134,233
12/14/2017,EMT,CA,AWP,WE,Towers with Radar,0,0,1,0,1,0,0,57,0,57,0,0,58,0,58,89,0,89,147
12/15/2017,EMT,CA,AWP,WE,Towers with Radar,0,0,5,0,5,0,0,96,0,96,0,0,101,0,101,158,0,158,259
12/16/2017,EMT,CA,AWP,WE,Towers with Radar,0,0,13,0,13,0,0,114,0,114,0,0,127,0,127,194,0,194,321
12/17/2017,EMT,CA,AWP,WE,Towers with Radar,0,0,1,0,1,0,0,57,0,57,0,0,58,0,58,166,0,166,224
12/18/2017,EMT,CA,AWP,WE,Towers with Radar,0,0,8,0,8,0,0,83,0,83,0,0,91,0,91,98,0,98,189
12/19/2017,EMT,CA,AWP,WE,Towers with Radar,0,0,12,0,12,0,0,94,0,94,0,0,106,0,106,94,0,94,200
12/20/2017,EMT,CA,AWP,WE,Towers with Radar,0,0,10,0,10,0,0,67,0,67,0,0,77,0,77,106,0,106,183
12/21/2017,EMT,CA,AWP,WE,Towers with Radar,0,0,3,0,3,0,0,90,0,90,0,0,93,0,93,40,0,40,133
12/22/2017,EMT,CA,AWP,WE,Towers with Radar,0,0,15,0,15,0,0,103,0,103,0,0,118,0,118,60,0,60,178
12/23/2017,EMT,CA,AWP,WE,Towers with Radar,0,0,7,0,7,0,0,76,0,76,0,0,83,0,83,76,0,76,159
12/24/2017,EMT,CA,AWP,WE,Towers with Radar,0,0,3,0,3,0,1,79,1,81,0,1,82,1,84,72,0,72,156
12/25/2017,EMT,CA,AWP,WE,Towers with Radar,0,0,3,0,3,0,0,40,0,40,0,0,43,0,43,20,0,20,63
12/26/2017,EMT,CA,AWP,WE,Towers with Radar,0,0,8,0,8,0,0,84,0,84,0,0,92,0,92,39,0,39,131
12/27/2017,EMT,CA,AWP,WE,Towers with Radar,0,0,10,0,10,0,0,105,0,105,0,0,115,0,115,128,0,128,243
12/28/2017,EMT,CA,AWP,WE,Towers with Radar,0,0,9,0,9,0,0,88,2,90,0,0,97,2,99,54,0,54,153
12/29/2017,EMT,CA,AWP,WE,Towers with Radar,0,0,5,0,5,0,0,110,0,110,0,0,115,0,115,104,0,104,219
12/30/2017,EMT,CA,AWP,WE,Towers with Radar,0,0,7,0,7,0,0,127,0,127,0,0,134,0,134,121,0,121,255
12/31/2017,EMT,CA,AWP,WE,Towers with Radar,0,0,7,0,7,0,0,70,0,70,0,0,77,0,77,40,0,40,117
01/01/2018,EMT,CA,AWP,WE,Towers with Radar,0,0,3,0,3,0,0,68,0,68,0,0,71,0,71,67,0,67,138
01/02/2018,EMT,CA,AWP,WE,Towers with Radar,0,1,3,0,4,0,0,82,0,82,0,1,85,0,86,152,0,152,238
01/03/2018,EMT,CA,AWP,WE,Towers with Radar,0,0,4,0,4,0,0,83,1,84,0,0,87,1,88,60,0,60,148
01/04/2018,EMT,CA,AWP,WE,Towers with Radar,0,0,8,0,8,0,0,95,0,95,0,0,103,0,103,96,0,96,199
01/05/2018,EMT,CA,AWP,WE,Towers with Radar,0,0,12,0,12,0,0,105,0,105,0,0,117,0,117,120,0,120,237
01/06/2018,EMT,CA,AWP,WE,Towers with Radar,0,0,4,0,4,0,0,107,0,107,0,0,111,0,111,148,0,148,259
01/07/2018,EMT,CA,AWP,WE,Towers with Radar,0,0,10,0,10,0,0,82,0,82,0,0,92,0,92,120,0,120,212
01/08/2018,EMT,CA,AWP,WE,Towers with Radar,0,0,4,0,4,0,0,12,0,12,0,0,16,0,16,15,0,15,31
01/09/2018,EMT,CA,AWP,WE,Towers with Radar,0,0,0,0,0,0,0,8,0,8,0,0,8,0,8,22,0,22,30
01/10/2018,EMT,CA,AWP,WE,Towers with Radar,0,0,2,1,3,0,0,66,2,68,0,0,68,3,71,98,0,98,169
01/11/2018,EMT,CA,AWP,WE,Towers with Radar,0,0,5,0,5,0,0,98,1,99,0,0,103,1,104,156,0,156,260
01/12/2018,EMT,CA,AWP,WE,Towers with Radar,0,0,9,0,9,0,0,100,0,100,0,0,109,0,109,164,0,164,273
01/13/2018,EMT,CA,AWP,WE,Towers with Radar,0,0,8,0,8,0,0,151,0,151,0,0,159,0,159,182,0,182,341
01/14/2018,EMT,CA,AWP,WE,Towers with Radar,0,0,5,0,5,0,0,119,0,119,0,0,124,0,124,128,0,128,252
01/15/2018,EMT,CA,AWP,WE,Towers with Radar,0,0,5,0,5,0,0,120,0,120,0,0,125,0,125,142,0,142,267
01/16/2018,EMT,CA,AWP,WE,Towers with Radar,0,0,4,0,4,0,0,82,0,82,0,0,86,0,86,146,0,146,232
01/17/2018,EMT,CA,AWP,WE,Towers with Radar,0,0,4,0,4,0,0,92,0,92,0,0,96,0,96,130,0,130,226
01/18/2018,EMT,CA,AWP,WE,Towers with Radar,0,0,8,0,8,0,0,100,0,100,0,0,108,0,108,94,0,94,202
01/19/2018,EMT,CA,AWP,WE,Towers with Radar,0,0,11,0,11,0,1,36,0,37,0,1,47,0,48,110,0,110,158
01/20/2018,EMT,CA,AWP,WE,Towers with Radar,0,0,10,0,10,0,0,91,0,91,0,0,101,0,101,112,0,112,213
01/21/2018,EMT,CA,AWP,WE,Towers with Radar,0,0,7,0,7,0,0,135,0,135,0,0,142,0,142,118,0,118,260
01/22/2018,EMT,CA,AWP,WE,Towers with Radar,0,0,3,0,3,0,0,106,0,106,0,0,109,0,109,168,0,168,277
01/23/2018,EMT,CA,AWP,WE,Towers with Radar,0,0,6,0,6,0,0,108,1,109,0,0,114,1,115,186,0,186,301
01/24/2018,EMT,CA,AWP,WE,Towers with Radar,0,1,5,0,6,0,0,97,0,97,0,1,102,0,103,93,0,93,196
01/25/2018,EMT,CA,AWP,WE,Towers with Radar,0,0,8,0,8,0,0,56,0,56,0,0,64,0,64,132,0,132,196
01/26/2018,EMT,CA,AWP,WE,Towers with Radar,0,0,7,0,7,0,0,112,0,112,0,0,119,0,119,178,0,178,297
01/27/2018,EMT,CA,AWP,WE,Towers with Radar,0,0,11,0,11,0,0,126,2,128,0,0,137,2,139,196,0,196,335
01/28/2018,EMT,CA,AWP,WE,Towers with Radar,0,0,4,0,4,0,0,86,0,86,0,0,90,0,90,202,0,202,292
01/29/2018,EMT,CA,AWP,WE,Towers with Radar,0,0,6,0,6,0,1,76,0,77,0,1,82,0,83,208,0,208,291
01/30/2018,EMT,CA,AWP,WE,Towers with Radar,0,0,5,0,5,0,0,101,0,101,0,0,106,0,106,234,0,234,340
01/31/2018,EMT,CA,AWP,WE,Towers with Radar,0,0,11,0,11,0,0,124,0,124,0,0,135,0,135,182,0,182,317
02/01/2018,EMT,CA,AWP,WE,Towers with Radar,0,1,9,0,10,0,0,98,1,99,0,1,107,1,109,112,0,112,221
02/02/2018,EMT,CA,AWP,WE,Towers with Radar,0,0,11,0,11,0,0,103,1,104,0,0,114,1,115,188,0,188,303
02/03/2018,EMT,CA,AWP,WE,Towers with Radar,0,0,4,0,4,0,0,105,0,105,0,0,109,0,109,79,0,79,188
02/04/2018,EMT,CA,AWP,WE,Towers with Radar,0,0,12,0,12,0,0,77,0,77,0,0,89,0,89,136,0,136,225
02/05/2018,EMT,CA,AWP,WE,Towers with Radar,0,0,4,0,4,0,0,109,0,109,0,0,113,0,113,146,0,146,259
02/06/2018,EMT,CA,AWP,WE,Towers with Radar,1,0,5,0,6,0,0,78,0,78,1,0,83,0,84,126,0,126,210
02/07/2018,EMT,CA,AWP,WE,Towers with Radar,0,0,5,0,5,0,0,93,0,93,0,0,98,0,98,234,0,234,332
02/08/2018,EMT,CA,AWP,WE,Towers with Radar,0,0,7,0,7,0,0,109,2,111,0,0,116,2,118,126,0,126,244
02/09/2018,EMT,CA,AWP,WE,Towers with Radar,0,0,7,0,7,0,0,107,0,107,0,0,114,0,114,170,0,170,284
02/10/2018,EMT,CA,AWP,WE,Towers with Radar,0,0,16,0,16,0,0,57,0,57,0,0,73,0,73,168,0,168,241
02/11/2018,EMT,CA,AWP,WE,Towers with Radar,0,0,7,0,7,0,0,114,2,116,0,0,121,2,123,182,0,182,305
02/12/2018,EMT,CA,AWP,WE,Towers with Radar,0,0,8,2,10,0,0,47,0,47,0,0,55,2,57,155,0,155,212
02/13/2018,EMT,CA,AWP,WE,Towers with Radar,0,0,4,0,4,0,0,89,0,89,0,0,93,0,93,154,0,154,247
02/14/2018,EMT,CA,AWP,WE,Towers with Radar,0,0,7,0,7,0,0,77,0,77,0,0,84,0,84,184,0,184,268
02/15/2018,EMT,CA,AWP,WE,Towers with Radar,0,0,8,0,8,0,0,64,0,64,0,0,72,0,72,194,0,194,266
02/16/2018,EMT,CA,AWP,WE,Towers with Radar,0,0,10,0,10,0,0,108,0,108,0,0,118,0,118,104,0,104,222
02/17/2018,EMT,CA,AWP,WE,Towers with Radar,0,0,11,0,11,0,0,133,0,133,0,0,144,0,144,172,0,172,316
02/18/2018,EMT,CA,AWP,WE,Towers with Radar,0,0,10,0,10,0,0,86,0,86,0,0,96,0,96,174,0,174,270
02/19/2018,EMT,CA,AWP,WE,Towers with Radar,0,0,2,0,2,0,0,30,0,30,0,0,32,0,32,23,0,23,55
02/20/2018,EMT,CA,AWP,WE,Towers with Radar,0,0,8,0,8,0,0,99,0,99,0,0,107,0,107,182,0,182,289
02/21/2018,EMT,CA,AWP,WE,Towers with Radar,0,0,9,0,9,0,0,92,1,93,0,0,101,1,102,154,0,154,256
02/22/2018,EMT,CA,AWP,WE,Towers with Radar,0,0,9,0,9,0,0,81,0,81,0,0,90,0,90,122,0,122,212
02/23/2018,EMT,CA,AWP,WE,Towers with Radar,0,0,8,0,8,0,0,51,0,51,0,0,59,0,59,38,0,38,97
02/24/2018,EMT,CA,AWP,WE,Towers with Radar,0,0,15,0,15,0,0,137,0,137,0,0,152,0,152,138,0,138,290
02/25/2018,EMT,CA,AWP,WE,Towers with Radar,0,0,5,0,5,0,0,102,0,102,0,0,107,0,107,220,0,220,327
02/26/2018,EMT,CA,AWP,WE,Towers with Radar,0,0,2,0,2,0,0,72,0,72,0,0,74,0,74,114,0,114,188
02/27/2018,EMT,CA,AWP,WE,Towers with Radar,0,0,7,0,7,0,0,48,0,48,0,0,55,0,55,146,0,146,201
02/28/2018,EMT,CA,AWP,WE,Towers with Radar,0,0,7,0,7,0,0,107,0,107,0,0,114,0,114,212,0,212,326
03/01/2018,EMT,CA,AWP,WE,Towers with Radar,0,0,9,0,9,0,0,81,0,81,0,0,90,0,90,168,0,168,258
03/02/2018,EMT,CA,AWP,WE,Towers with Radar,0,0,7,0,7,0,0,2,0,2,0,0,9,0,9,0,0,0,9
03/03/2018,EMT,CA,AWP,WE,Towers with Radar,0,0,5,0,5,0,0,40,0,40,0,0,45,0,45,154,0,154,199
03/04/2018,EMT,CA,AWP,WE,Towers with Radar,0,0,17,0,17,0,0,116,0,116,0,0,133,0,133,202,0,202,335
03/05/2018,EMT,CA,AWP,WE,Towers with Radar,0,0,3,0,3,0,0,86,0,86,0,0,89,0,89,238,0,238,327
03/06/2018,EMT,CA,AWP,WE,Towers with Radar,0,0,11,0,11,0,0,114,0,114,0,0,125,0,125,162,0,162,287
03/07/2018,EMT,CA,AWP,WE,Towers with Radar,0,0,5,0,5,0,0,109,0,109,0,0,114,0,114,164,0,164,278
03/08/2018,EMT,CA,AWP,WE,Towers with Radar,0,0,13,0,13,0,0,135,1,136,0,0,148,1,149,214,0,214,363
03/09/2018,EMT,CA,AWP,WE,Towers with Radar,0,0,19,0,19,0,0,118,0,118,0,0,137,0,137,194,0,194,331
03/10/2018,EMT,CA,AWP,WE,Towers with Radar,0,0,3,0,3,0,0,0,0,0,0,0,3,0,3,6,0,6,9
03/11/2018,EMT,CA,AWP,WE,Towers with Radar,0,0,5,0,5,0,0,28,0,28,0,0,33,0,33,142,0,142,175
03/12/2018,EMT,CA,AWP,WE,Towers with Radar,0,0,13,0,13,0,0,59,0,59,0,0,72,0,72,106,0,106,178
03/13/2018,EMT,CA,AWP,WE,Towers with Radar,0,0,6,0,6,0,1,6,0,7,0,1,12,0,13,38,0,38,51
03/14/2018,EMT,CA,AWP,WE,Towers with Radar,0,2,7,0,9,0,0,55,0,55,0,2,62,0,64,72,0,72,136
03/15/2018,EMT,CA,AWP,WE,Towers with Radar,0,0,6,0,6,0,0,79,0,79,0,0,85,0,85,206,0,206,291
03/16/2018,EMT,CA,AWP,WE,Towers with Radar,0,0,8,0,8,0,0,59,0,59,0,0,67,0,67,208,0,208,275
03/17/2018,EMT,CA,AWP,WE,Towers with Radar,0,0,6,0,6,0,0,70,0,70,0,0,76,0,76,126,0,126,202
03/18/2018,EMT,CA,AWP,WE,Towers with Radar,0,0,10,0,10,0,0,136,0,136,0,0,146,0,146,138,0,138,284
03/19/2018,EMT,CA,AWP,WE,Towers with Radar,0,0,10,0,10,0,0,89,0,89,0,0,99,0,99,144,0,144,243
03/20/2018,EMT,CA,AWP,WE,Towers with Radar,0,0,12,0,12,0,0,109,0,109,0,0,121,0,121,171,0,171,292
03/21/2018,EMT,CA,AWP,WE,Towers with Radar,0,0,5,0,5,0,0,26,0,26,0,0,31,0,31,72,2,74,105
03/22/2018,EMT,CA,AWP,WE,Towers with Radar,0,0,4,0,4,0,0,7,0,7,0,0,11,0,11,0,0,0,11
03/23/2018,EMT,CA,AWP,WE,Towers with Radar,0,0,12,0,12,0,0,54,0,54,0,0,66,0,66,175,0,175,241
03/24/2018,EMT,CA,AWP,WE,Towers with Radar,0,0,26,0,26,0,0,93,0,93,0,0,119,0,119,182,0,182,301
03/25/2018,EMT,CA,AWP,WE,Towers with Radar,0,1,13,0,14,0,0,129,0,129,0,1,142,0,143,158,0,158,301
03/26/2018,EMT,CA,AWP,WE,Towers with Radar,0,0,7,0,7,0,0,89,0,89,0,0,96,0,96,152,0,152,248
03/27/2018,EMT,CA,AWP,WE,Towers with Radar,0,4,4,0,8,0,0,85,0,85,0,4,89,0,93,164,0,164,257
03/28/2018,EMT,CA,AWP,WE,Towers with Radar,0,1,14,0,15,0,1,93,1,95,0,2,107,1,110,92,0,92,202
03/29/2018,EMT,CA,AWP,WE,Towers with Radar,0,0,13,0,13,0,0,90,0,90,0,0,103,0,103,162,0,162,265
03/30/2018,EMT,CA,AWP,WE,Towers with Radar,0,0,12,0,12,0,0,113,0,113,0,0,125,0,125,88,0,88,213
03/31/2018,EMT,CA,AWP,WE,Towers with Radar,0,0,12,0,12,0,0,95,0,95,0,0,107,0,107,160,0,160,267
04/01/2018,EMT,CA,AWP,WE,Towers with Radar,0,0,5,0,5,0,0,54,0,54,0,0,59,0,59,150,0,150,209
04/02/2018,EMT,CA,AWP,WE,Towers with Radar,0,0,10,0,10,0,0,70,0,70,0,0,80,0,80,174,0,174,254
04/03/2018,EMT,CA,AWP,WE,Towers with Radar,0,0,8,0,8,0,0,72,0,72,0,0,80,0,80,155,0,155,235
04/04/2018,EMT,CA,AWP,WE,Towers with Radar,0,1,14,0,15,0,0,69,0,69,0,1,83,0,84,88,0,88,172
04/05/2018,EMT,CA,AWP,WE,Towers with Radar,0,0,11,0,11,0,0,55,0,55,0,0,66,0,66,84,0,84,150
04/06/2018,EMT,CA,AWP,WE,Towers with Radar,0,0,3,0,3,0,0,121,0,121,0,0,124,0,124,140,0,140,264
04/07/2018,EMT,CA,AWP,WE,Towers with Radar,0,0,8,0,8,0,0,91,1,92,0,0,99,1,100,144,0,144,244
04/08/2018,EMT,CA,AWP,WE,Towers with Radar,0,0,15,0,15,0,0,101,0,101,0,0,116,0,116,122,0,122,238
04/09/2018,EMT,CA,AWP,WE,Towers with Radar,0,0,11,0,11,0,0,101,0,101,0,0,112,0,112,84,0,84,196
04/10/2018,EMT,CA,AWP,WE,Towers with Radar,0,0,10,0,10,0,0,103,0,103,0,0,113,0,113,105,0,105,218
04/11/2018,EMT,CA,AWP,WE,Towers with Radar,0,0,8,0,8,0,0,121,0,121,0,0,129,0,129,103,0,103,232
04/12/2018,EMT,CA,AWP,WE,Towers with Radar,0,0,5,0,5,0,0,63,0,63,0,0,68,0,68,54,0,54,122
04/13/2018,EMT,CA,AWP,WE,Towers with Radar,0,0,12,0,12,0,0,121,1,122,0,0,133,1,134,166,0,166,300
04/14/2018,EMT,CA,AWP,WE,Towers with Radar,0,0,1,0,1,0,0,129,0,129,0,0,130,0,130,182,0,182,312
04/15/2018,EMT,CA,AWP,WE,Towers with Radar,0,0,8,0,8,0,0,120,0,120,0,0,128,0,128,214,0,214,342
04/16/2018,EMT,CA,AWP,WE,Towers with Radar,0,0,11,0,11,0,0,48,0,48,0,0,59,0,59,90,0,90,149
04/17/2018,EMT,CA,AWP,WE,Towers with Radar,0,0,9,0,9,0,0,89,0,89,0,0,98,0,98,148,0,148,246
04/18/2018,EMT,CA,AWP,WE,Towers with Radar,0,0,3,0,3,0,0,100,0,100,0,0,103,0,103,150,0,150,253
04/19/2018,EMT,CA,AWP,WE,Towers with Radar,0,0,6,0,6,0,0,64,0,64,0,0,70,0,70,201,0,201,271
04/20/2018,EMT,CA,AWP,WE,Towers with Radar,0,0,14,0,14,0,1,126,0,127,0,1,140,0,141,156,0,156,297
04/21/2018,EMT,CA,AWP,WE,Towers with Radar,0,0,8,0,8,0,0,146,0,146,0,0,154,0,154,130,0,130,284
04/22/2018,EMT,CA,AWP,WE,Towers with Radar,0,0,9,0,9,0,0,123,0,123,0,0,132,0,132,192,0,192,324
04/23/2018,EMT,CA,AWP,WE,Towers with Radar,0,0,12,0,12,0,0,70,0,70,0,0,82,0,82,186,0,186,268
04/24/2018,EMT,CA,AWP,WE,Towers with Radar,0,0,7,0,7,0,0,81,4,85,0,0,88,4,92,120,0,120,212
04/25/2018,EMT,CA,AWP,WE,Towers with Radar,0,0,10,0,10,0,0,102,0,102,0,0,112,0,112,186,0,186,298
04/26/2018,EMT,CA,AWP,WE,Towers with Radar,0,0,10,0,10,0,0,75,0,75,0,0,85,0,85,122,0,122,207
04/27/2018,EMT,CA,AWP,WE,Towers with Radar,0,0,12,0,12,0,0,70,0,70,0,0,82,0,82,158,0,158,240
04/28/2018,EMT,CA,AWP,WE,Towers with Radar,0,2,9,0,11,0,2,93,0,95,0,4,102,0,106,138,0,138,244
04/29/2018,EMT,CA,AWP,WE,Towers with Radar,0,1,17,0,18,0,0,63,0,63,0,1,80,0,81,144,0,144,225
04/30/2018,EMT,CA,AWP,WE,Towers with Radar,0,0,8,0,8,0,0,62,0,62,0,0,70,0,70,142,0,142,212
05/01/2018,EMT,CA,AWP,WE,Towers with Radar,0,0,7,0,7,0,0,24,0,24,0,0,31,0,31,92,0,92,123
05/02/2018,EMT,CA,AWP,WE,Towers with Radar,0,0,5,0,5,0,0,15,0,15,0,0,20,0,20,150,0,150,170
05/03/2018,EMT,CA,AWP,WE,Towers with Radar,0,0,6,0,6,0,0,109,0,109,0,0,115,0,115,156,0,156,271
05/04/2018,EMT,CA,AWP,WE,Towers with Radar,0,2,13,0,15,0,0,95,0,95,0,2,108,0,110,142,0,142,252
05/05/2018,EMT,CA,AWP,WE,Towers with Radar,0,0,8,0,8,0,0,135,0,135,0,0,143,0,143,162,0,162,305
05/06/2018,EMT,CA,AWP,WE,Towers with Radar,0,0,11,0,11,0,0,133,0,133,0,0,144,0,144,152,0,152,296
05/07/2018,EMT,CA,AWP,WE,Towers with Radar,0,0,5,0,5,0,0,80,0,80,0,0,85,0,85,110,8,118,203
05/08/2018,EMT,CA,AWP,WE,Towers with Radar,0,0,9,0,9,0,0,110,0,110,0,0,119,0,119,96,0,96,215
05/09/2018,EMT,CA,AWP,WE,Towers with Radar,0,0,4,0,4,0,1,109,0,110,0,1,113,0,114,166,0,166,280
05/10/2018,EMT,CA,AWP,WE,Towers with Radar,0,0,10,0,10,0,0,88,1,89,0,0,98,1,99,112,0,112,211
05/11/2018,EMT,CA,AWP,WE,Towers with Radar,0,0,19,0,19,0,0,13,0,13,0,0,32,0,32,138,0,138,170
05/12/2018,EMT,CA,AWP,WE,Towers with Radar,0,0,19,0,19,0,0,24,0,24,0,0,43,0,43,144,0,144,187
05/13/2018,EMT,CA,AWP,WE,Towers with Radar,0,0,13,0,13,0,0,26,0,26,0,0,39,0,39,58,0,58,97
05/14/2018,EMT,CA,AWP,WE,Towers with Radar,0,0,13,2,15,0,0,91,0,91,0,0,104,2,106,234,0,234,340
05/15/2018,EMT,CA,AWP,WE,Towers with Radar,0,0,11,0,11,0,0,86,0,86,0,0,97,0,97,120,0,120,217
05/16/2018,EMT,CA,AWP,WE,Towers with Radar,0,0,9,0,9,0,0,153,0,153,0,0,162,0,162,247,0,247,409
05/17/2018,EMT,CA,AWP,WE,Towers with Radar,0,0,10,0,10,0,1,121,0,122,0,1,131,0,132,130,0,130,262
05/18/2018,EMT,CA,AWP,WE,Towers with Radar,0,0,14,0,14,0,1,81,0,82,0,1,95,0,96,258,0,258,354
05/19/2018,EMT,CA,AWP,WE,Towers with Radar,0,1,13,0,14,0,0,29,0,29,0,1,42,0,43,98,0,98,141
05/20/2018,EMT,CA,AWP,WE,Towers with Radar,0,0,16,0,16,0,0,44,0,44,0,0,60,0,60,118,0,118,178
05/21/2018,EMT,CA,AWP,WE,Towers with Radar,0,0,26,0,26,0,1,19,2,22,0,1,45,2,48,31,0,31,79
05/22/2018,EMT,CA,AWP,WE,Towers with Radar,0,0,18,0,18,0,0,45,0,45,0,0,63,0,63,176,0,176,239
05/23/2018,EMT,CA,AWP,WE,Towers with Radar,0,0,9,0,9,0,0,33,1,34,0,0,42,1,43,298,0,298,341
05/24/2018,EMT,CA,AWP,WE,Towers with Radar,0,0,22,0,22,0,0,29,0,29,0,0,51,0,51,136,0,136,187
05/25/2018,EMT,CA,AWP,WE,Towers with Radar,0,0,13,0,13,0,0,76,0,76,0,0,89,0,89,246,0,246,335
05/26/2018,EMT,CA,AWP,WE,Towers with Radar,0,0,14,0,14,0,0,79,0,79,0,0,93,0,93,160,0,160,253
05/27/2018,EMT,CA,AWP,WE,Towers with Radar,0,0,12,0,12,0,0,110,0,110,0,0,122,0,122,202,0,202,324
05/28/2018,EMT,CA,AWP,WE,Towers with Radar,0,1,14,0,15,0,1,124,0,125,0,2,138,0,140,158,0,158,298
05/29/2018,EMT,CA,AWP,WE,Towers with Radar,0,0,13,0,13,0,0,71,0,71,0,0,84,0,84,98,0,98,182
05/30/2018,EMT,CA,AWP,WE,Towers with Radar,0,0,12,0,12,0,0,28,0,28,0,0,40,0,40,80,0,80,120
05/31/2018,EMT,CA,AWP,WE,Towers with Radar,0,1,19,0,20,0,0,70,2,72,0,1,89,2,92,136,0,136,228
06/01/2018,EMT,CA,AWP,WE,Towers with Radar,0,1,10,0,11,0,0,99,1,100,0,1,109,1,111,112,0,112,223
06/02/2018,EMT,CA,AWP,WE,Towers with Radar,0,0,7,0,7,0,0,126,0,126,0,0,133,0,133,144,0,144,277
06/03/2018,EMT,CA,AWP,WE,Towers with Radar,0,0,6,0,6,0,0,96,0,96,0,0,102,0,102,168,0,168,270
06/04/2018,EMT,CA,AWP,WE,Towers with Radar,0,0,9,0,9,0,0,113,0,113,0,0,122,0,122,134,0,134,256
06/05/2018,EMT,CA,AWP,WE,Towers with Radar,0,2,10,1,13,0,0,53,0,53,0,2,63,1,66,70,0,70,136
06/06/2018,EMT,CA,AWP,WE,Towers with Radar,0,0,15,0,15,0,1,58,0,59,0,1,73,0,74,146,0,146,220
06/07/2018,EMT,CA,AWP,WE,Towers with Radar,0,0,10,0,10,0,0,74,0,74,0,0,84,0,84,114,0,114,198
06/08/2018,EMT,CA,AWP,WE,Towers with Radar,0,3,3,0,6,0,1,92,0,93,0,4,95,0,99,122,0,122,221
06/09/2018,EMT,CA,AWP,WE,Towers with Radar,0,0,12,0,12,0,0,125,0,125,0,0,137,0,137,156,0,156,293
06/10/2018,EMT,CA,AWP,WE,Towers with Radar,0,0,14,1,15,0,0,117,0,117,0,0,131,1,132,116,0,116,248
06/11/2018,EMT,CA,AWP,WE,Towers with Radar,0,0,6,0,6,0,0,134,0,134,0,0,140,0,140,222,0,222,362
06/12/2018,EMT,CA,AWP,WE,Towers with Radar,0,0,3,0,3,0,0,105,0,105,0,0,108,0,108,156,0,156,264
06/13/2018,EMT,CA,AWP,WE,Towers with Radar,0,0,12,0,12,0,0,88,0,88,0,0,100,0,100,94,0,94,194
06/14/2018,EMT,CA,AWP,WE,Towers with Radar,0,0,10,0,10,0,1,100,0,101,0,1,110,0,111,88,0,88,199
06/15/2018,EMT,CA,AWP,WE,Towers with Radar,0,0,4,0,4,0,0,80,0,80,0,0,84,0,84,142,0,142,226
06/16/2018,EMT,CA,AWP,WE,Towers with Radar,0,0,5,0,5,0,0,78,0,78,0,0,83,0,83,132,0,132,215
06/17/2018,EMT,CA,AWP,WE,Towers with Radar,0,0,17,0,17,0,0,59,0,59,0,0,76,0,76,112,0,112,188
06/18/2018,EMT,CA,AWP,WE,Towers with Radar,0,0,2,0,2,0,0,73,0,73,0,0,75,0,75,90,0,90,165
06/19/2018,EMT,CA,AWP,WE,Towers with Radar,0,0,8,0,8,0,0,72,0,72,0,0,80,0,80,100,0,100,180
06/20/2018,EMT,CA,AWP,WE,Towers with Radar,0,0,3,0,3,0,0,81,0,81,0,0,84,0,84,128,0,128,212
06/21/2018,EMT,CA,AWP,WE,Towers with Radar,0,0,9,0,9,0,0,96,2,98,0,0,105,2,107,186,0,186,293
06/22/2018,EMT,CA,AWP,WE,Towers with Radar,0,2,11,0,13,0,2,76,0,78,0,4,87,0,91,114,0,114,205
06/23/2018,EMT,CA,AWP,WE,Towers with Radar,0,0,20,0,20,0,0,70,0,70,0,0,90,0,90,80,0,80,170
06/24/2018,EMT,CA,AWP,WE,Towers with Radar,0,0,10,0,10,0,0,90,0,90,0,0,100,0,100,58,0,58,158
06/25/2018,EMT,CA,AWP,WE,Towers with Radar,0,0,6,0,6,0,0,102,0,102,0,0,108,0,108,116,0,116,224
06/26/2018,EMT,CA,AWP,WE,Towers with Radar,0,0,7,0,7,0,0,119,0,119,0,0,126,0,126,132,0,132,258
06/27/2018,EMT,CA,AWP,WE,Towers with Radar,0,0,5,0,5,0,0,110,0,110,0,0,115,0,115,75,0,75,190
06/28/2018,EMT,CA,AWP,WE,Towers with Radar,0,0,15,0,15,0,0,93,0,93,0,0,108,0,108,112,0,112,220
06/29/2018,EMT,CA,AWP,WE,Towers with Radar,0,0,10,0,10,0,0,82,0,82,0,0,92,0,92,164,0,164,256
06/30/2018,EMT,CA,AWP,WE,Towers with Radar,0,0,10,0,10,0,0,107,0,107,0,0,117,0,117,134,0,134,251
07/01/2018,EMT,CA,AWP,WE,Towers with Radar,0,0,10,0,10,0,0,89,0,89,0,0,99,0,99,130,0,130,229
07/02/2018,EMT,CA,AWP,WE,Towers with Radar,0,0,6,0,6,0,0,104,3,107,0,0,110,3,113,106,0,106,219
07/03/2018,EMT,CA,AWP,WE,Towers with Radar,0,0,6,0,6,0,0,76,0,76,0,0,82,0,82,132,0,132,214
07/04/2018,EMT,CA,AWP,WE,Towers with Radar,0,0,6,0,6,0,0,70,0,70,0,0,76,0,76,72,0,72,148
07/05/2018,EMT,CA,AWP,WE,Towers with Radar,0,0,7,0,7,0,0,92,1,93,0,0,99,1,100,108,0,108,208
07/06/2018,EMT,CA,AWP,WE,Towers with Radar,0,0,2,0,2,0,0,49,0,49,0,0,51,0,51,26,0,26,77
07/07/2018,EMT,CA,AWP,WE,Towers with Radar,0,0,1,0,1,0,0,50,0,50,0,0,51,0,51,81,0,81,132
07/08/2018,EMT,CA,AWP,WE,Towers with Radar,0,0,2,0,2,0,0,89,1,90,0,0,91,1,92,82,0,82,174
07/09/2018,EMT,CA,AWP,WE,Towers with Radar,0,0,12,1,13,0,0,51,2,53,0,0,63,3,66,112,0,112,178
07/10/2018,EMT,CA,AWP,WE,Towers with Radar,0,0,9,0,9,0,0,68,0,68,0,0,77,0,77,134,0,134,211
07/11/2018,EMT,CA,AWP,WE,Towers with Radar,0,0,4,0,4,0,0,101,0,101,0,0,105,0,105,96,0,96,201
07/12/2018,EMT,CA,AWP,WE,Towers with Radar,0,0,4,0,4,0,0,81,0,81,0,0,85,0,85,140,0,140,225
07/13/2018,EMT,CA,AWP,WE,Towers with Radar,0,0,7,0,7,0,0,96,0,96,0,0,103,0,103,142,0,142,245
07/14/2018,EMT,CA,AWP,WE,Towers with Radar,0,0,8,0,8,0,0,138,0,138,0,0,146,0,146,148,0,148,294
07/15/2018,EMT,CA,AWP,WE,Towers with Radar,0,0,7,0,7,0,0,114,0,114,0,0,121,0,121,128,0,128,249
07/16/2018,EMT,CA,AWP,WE,Towers with Radar,0,0,7,1,8,0,0,100,0,100,0,0,107,1,108,248,0,248,356
07/17/2018,EMT,CA,AWP,WE,Towers with Radar,0,0,9,0,9,0,0,74,0,74,0,0,83,0,83,196,0,196,279
07/18/2018,EMT,CA,AWP,WE,Towers with Radar,0,0,11,0,11,0,0,91,0,91,0,0,102,0,102,260,0,260,362
07/19/2018,EMT,CA,AWP,WE,Towers with Radar,0,0,9,0,9,0,0,88,0,88,0,0,97,0,97,197,0,197,294
07/20/2018,EMT,CA,AWP,WE,Towers with Radar,0,0,9,0,9,0,0,96,0,96,0,0,105,0,105,170,0,170,275
07/21/2018,EMT,CA,AWP,WE,Towers with Radar,0,0,11,0,11,0,1,122,0,123,0,1,133,0,134,136,0,136,270
07/22/2018,EMT,CA,AWP,WE,Towers with Radar,0,0,6,0,6,0,0,104,0,104,0,0,110,0,110,112,0,112,222
07/23/2018,EMT,CA,AWP,WE,Towers with Radar,0,0,7,0,7,0,0,82,0,82,0,0,89,0,89,168,0,168,257
07/24/2018,EMT,CA,AWP,WE,Towers with Radar,0,0,1,0,1,0,0,68,0,68,0,0,69,0,69,184,0,184,253
07/25/2018,EMT,CA,AWP,WE,Towers with Radar,0,0,4,0,4,0,1,81,0,82,0,1,85,0,86,132,0,132,218
07/26/2018,EMT,CA,AWP,WE,Towers with Radar,0,0,8,0,8,0,0,97,1,98,0,0,105,1,106,67,0,67,173
07/27/2018,EMT,CA,AWP,WE,Towers with Radar,0,0,7,0,7,0,0,87,0,87,0,0,94,0,94,134,0,134,228
07/28/2018,EMT,CA,AWP,WE,Towers with Radar,0,0,13,0,13,0,0,88,0,88,0,0,101,0,101,122,0,122,223
07/29/2018,EMT,CA,AWP,WE,Towers with Radar,0,0,6,0,6,0,0,110,0,110,0,0,116,0,116,114,0,114,230
07/30/2018,EMT,CA,AWP,WE,Towers with Radar,0,0,9,0,9,0,0,85,0,85,0,0,94,0,94,78,0,78,172
07/31/2018,EMT,CA,AWP,WE,Towers with Radar,0,0,7,0,7,0,0,105,0,105,0,0,112,0,112,160,0,160,272
08/01/2018,EMT,CA,AWP,WE,Towers with Radar,0,0,5,0,5,0,0,91,0,91,0,0,96,0,96,88,0,88,184
08/02/2018,EMT,CA,AWP,WE,Towers with Radar,0,1,7,0,8,0,0,114,0,114,0,1,121,0,122,198,0,198,320
08/03/2018,EMT,CA,AWP,WE,Towers with Radar,0,4,7,0,11,0,1,89,0,90,0,5,96,0,101,98,0,98,199
08/04/2018,EMT,CA,AWP,WE,Towers with Radar,0,0,10,0,10,0,0,134,0,134,0,0,144,0,144,162,0,162,306
08/05/2018,EMT,CA,AWP,WE,Towers with Radar,0,0,0,0,0,0,0,97,1,98,0,0,97,1,98,132,0,132,230
08/06/2018,EMT,CA,AWP,WE,Towers with Radar,0,0,6,0,6,0,0,71,0,71,0,0,77,0,77,96,0,96,173
08/07/2018,EMT,CA,AWP,WE,Towers with Radar,0,0,6,0,6,0,0,81,0,81,0,0,87,0,87,138,0,138,225
08/08/2018,EMT,CA,AWP,WE,Towers with Radar,0,0,4,0,4,0,0,72,0,72,0,0,76,0,76,168,0,168,244
08/09/2018,EMT,CA,AWP,WE,Towers with Radar,0,0,13,0,13,0,0,102,0,102,0,0,115,0,115,146,0,146,261
08/10/2018,EMT,CA,AWP,WE,Towers with Radar,0,0,5,0,5,0,0,76,0,76,0,0,81,0,81,132,0,132,213
08/11/2018,EMT,CA,AWP,WE,Towers with Radar,0,0,2,0,2,0,0,114,0,114,0,0,116,0,116,138,0,138,254
08/12/2018,EMT,CA,AWP,WE,Towers with Radar,0,0,4,0,4,0,0,97,0,97,0,0,101,0,101,168,0,168,269
08/13/2018,EMT,CA,AWP,WE,Towers with Radar,0,0,6,0,6,0,0,112,0,112,0,0,118,0,118,122,0,122,240
08/14/2018,EMT,CA,AWP,WE,Towers with Radar,0,0,10,0,10,0,0,88,0,88,0,0,98,0,98,96,0,96,194
08/15/2018,EMT,CA,AWP,WE,Towers with Radar,0,0,5,0,5,0,0,70,0,70,0,0,75,0,75,166,0,166,241
08/16/2018,EMT,CA,AWP,WE,Towers with Radar,0,0,2,0,2,0,0,74,0,74,0,0,76,0,76,174,0,174,250
08/17/2018,EMT,CA,AWP,WE,Towers with Radar,0,0,6,0,6,0,0,85,0,85,0,0,91,0,91,96,0,96,187
08/18/2018,EMT,CA,AWP,WE,Towers with Radar,0,0,20,0,20,0,0,80,0,80,0,0,100,0,100,96,0,96,196
08/19/2018,EMT,CA,AWP,WE,Towers with Radar,0,0,4,0,4,0,0,114,0,114,0,0,118,0,118,120,0,120,238
08/20/2018,EMT,CA,AWP,WE,Towers with Radar,0,0,16,0,16,0,0,66,0,66,0,0,82,0,82,78,0,78,160
08/21/2018,EMT,CA,AWP,WE,Towers with Radar,0,0,13,0,13,0,0,82,0,82,0,0,95,0,95,194,0,194,289
08/22/2018,EMT,CA,AWP,WE,Towers with Radar,0,0,7,0,7,0,0,105,0,105,0,0,112,0,112,140,0,140,252
08/23/2018,EMT,CA,AWP,WE,Towers with Radar,0,0,10,0,10,0,0,80,1,81,0,0,90,1,91,84,0,84,175
08/24/2018,EMT,CA,AWP,WE,Towers with Radar,0,1,25,0,26,0,0,73,0,73,0,1,98,0,99,94,0,94,193
08/25/2018,EMT,CA,AWP,WE,Towers with Radar,0,0,8,0,8,0,0,87,0,87,0,0,95,0,95,120,0,120,215
08/26/2018,EMT,CA,AWP,WE,Towers with Radar,0,0,7,0,7,0,0,75,0,75,0,0,82,0,82,142,0,142,224
08/27/2018,EMT,CA,AWP,WE,Towers with Radar,0,0,11,0,11,0,0,68,0,68,0,0,79,0,79,100,0,100,179
08/28/2018,EMT,CA,AWP,WE,Towers with Radar,0,0,8,0,8,0,1,77,0,78,0,1,85,0,86,110,0,110,196
08/29/2018,EMT,CA,AWP,WE,Towers with Radar,0,0,7,0,7,0,0,98,0,98,0,0,105,0,105,142,0,142,247
08/30/2018,EMT,CA,AWP,WE,Towers with Radar,0,0,5,0,5,0,1,90,0,91,0,1,95,0,96,158,0,158,254
08/31/2018,EMT,CA,AWP,WE,Towers with Radar,0,0,11,0,11,0,0,97,0,97,0,0,108,0,108,112,0,112,220
09/01/2018,EMT,CA,AWP,WE,Towers with Radar,0,1,12,0,13,0,0,102,0,102,0,1,114,0,115,120,0,120,235
09/02/2018,EMT,CA,AWP,WE,Towers with Radar,0,0,21,0,21,0,0,61,0,61,0,0,82,0,82,112,0,112,194
09/03/2018,EMT,CA,AWP,WE,Towers with Radar,0,0,12,0,12,0,0,81,0,81,0,0,93,0,93,94,0,94,187
09/04/2018,EMT,CA,AWP,WE,Towers with Radar,0,0,18,0,18,0,0,86,0,86,0,0,104,0,104,176,0,176,280
09/05/2018,EMT,CA,AWP,WE,Towers with Radar,0,0,10,0,10,0,0,82,0,82,0,0,92,0,92,148,0,148,240
09/06/2018,EMT,CA,AWP,WE,Towers with Radar,0,0,9,0,9,0,0,81,0,81,0,0,90,0,90,162,0,162,252
09/07/2018,EMT,CA,AWP,WE,Towers with Radar,0,0,8,0,8,0,0,76,0,76,0,0,84,0,84,70,0,70,154
09/08/2018,EMT,CA,AWP,WE,Towers with Radar,0,0,18,0,18,0,0,87,0,87,0,0,105,0,105,120,0,120,225
09/09/2018,EMT,CA,AWP,WE,Towers with Radar,0,0,12,0,12,0,2,85,0,87,0,2,97,0,99,48,0,48,147
09/10/2018,EMT,CA,AWP,WE,Towers with Radar,0,0,19,0,19,0,0,76,0,76,0,0,95,0,95,168,0,168,263
09/11/2018,EMT,CA,AWP,WE,Towers with Radar,0,1,16,0,17,0,0,77,1,78,0,1,93,1,95,166,0,166,261
09/12/2018,EMT,CA,AWP,WE,Towers with Radar,0,0,18,0,18,0,0,92,0,92,0,0,110,0,110,190,0,190,300
09/13/2018,EMT,CA,AWP,WE,Towers with Radar,0,0,3,0,3,0,2,74,0,76,0,2,77,0,79,172,0,172,251
09/14/2018,EMT,CA,AWP,WE,Towers with Radar,0,0,12,0,12,0,0,106,0,106,0,0,118,0,118,164,0,164,282
09/15/2018,EMT,CA,AWP,WE,Towers with Radar,0,0,6,0,6,0,0,132,0,132,0,0,138,0,138,174,0,174,312
09/16/2018,EMT,CA,AWP,WE,Towers with Radar,0,0,12,0,12,0,0,85,0,85,0,0,97,0,97,102,0,102,199
09/17/2018,EMT,CA,AWP,WE,Towers with Radar,0,0,13,0,13,0,0,92,2,94,0,0,105,2,107,134,0,134,241
09/18/2018,EMT,CA,AWP,WE,Towers with Radar,0,0,5,0,5,0,0,101,0,101,0,0,106,0,106,158,0,158,264
09/19/2018,EMT,CA,AWP,WE,Towers with Radar,0,0,4,0,4,0,0,96,0,96,0,0,100,0,100,190,0,190,290
09/20/2018,EMT,CA,AWP,WE,Towers with Radar,0,0,11,0,11,0,0,97,0,97,0,0,108,0,108,174,0,174,282
09/21/2018,EMT,CA,AWP,WE,Towers with Radar,0,0,8,0,8,0,0,122,0,122,0,0,130,0,130,114,0,114,244
09/22/2018,EMT,CA,AWP,WE,Towers with Radar,0,0,7,0,7,0,0,131,0,131,0,0,138,0,138,148,0,148,286
09/23/2018,EMT,CA,AWP,WE,Towers with Radar,0,0,3,0,3,0,0,118,0,118,0,0,121,0,121,144,0,144,265
09/24/2018,EMT,CA,AWP,WE,Towers with Radar,0,0,10,0,10,0,0,61,0,61,0,0,71,0,71,120,0,120,191
09/25/2018,EMT,CA,AWP,WE,Towers with Radar,0,0,15,0,15,0,0,45,0,45,0,0,60,0,60,126,0,126,186
09/26/2018,EMT,CA,AWP,WE,Towers with Radar,0,0,8,0,8,0,0,99,0,99,0,0,107,0,107,200,0,200,307
09/27/2018,EMT,CA,AWP,WE,Towers with Radar,0,0,16,0,16,0,0,99,0,99,0,0,115,0,115,142,0,142,257
09/28/2018,EMT,CA,AWP,WE,Towers with Radar,0,0,15,0,15,0,0,76,0,76,0,0,91,0,91,160,0,160,251
09/29/2018,EMT,CA,AWP,WE,Towers with Radar,0,0,8,0,8,0,0,72,0,72,0,0,80,0,80,216,0,216,296
09/30/2018,EMT,CA,AWP,WE,Towers with Radar,0,0,8,0,8,0,0,120,0,120,0,0,128,0,128,150,0,150,278
10/01/2018,EMT,CA,AWP,WE,Towers with Radar,0,0,6,0,6,0,0,91,0,91,0,0,97,0,97,140,0,140,237
10/02/2018,EMT,CA,AWP,WE,Towers with Radar,0,0,10,0,10,0,0,54,0,54,0,0,64,0,64,152,0,152,216
10/03/2018,EMT,CA,AWP,WE,Towers with Radar,0,0,12,0,12,0,0,28,0,28,0,0,40,0,40,113,0,113,153
10/04/2018,EMT,CA,AWP,WE,Towers with Radar,0,0,9,0,9,0,0,61,0,61,0,0,70,0,70,148,0,148,218
10/05/2018,EMT,CA,AWP,WE,Towers with Radar,0,1,17,0,18,0,0,85,0,85,0,1,102,0,103,180,0,180,283
10/06/2018,EMT,CA,AWP,WE,Towers with Radar,0,1,14,0,15,0,0,76,0,76,0,1,90,0,91,182,0,182,273
10/07/2018,EMT,CA,AWP,WE,Towers with Radar,0,0,15,0,15,0,0,81,0,81,0,0,96,0,96,192,0,192,288
10/08/2018,EMT,CA,AWP,WE,Towers with Radar,0,0,23,0,23,0,0,116,0,116,0,0,139,0,139,188,0,188,327
10/09/2018,EMT,CA,AWP,WE,Towers with Radar,0,0,17,0,17,0,0,55,0,55,0,0,72,0,72,128,0,128,200
10/10/2018,EMT,CA,AWP,WE,Towers with Radar,0,0,13,0,13,0,0,103,0,103,0,0,116,0,116,196,0,196,312
10/11/2018,EMT,CA,AWP,WE,Towers with Radar,0,0,12,0,12,0,1,110,0,111,0,1,122,0,123,193,0,193,316
10/12/2018,EMT,CA,AWP,WE,Towers with Radar,0,2,20,0,22,0,1,116,0,117,0,3,136,0,139,86,0,86,225
10/13/2018,EMT,CA,AWP,WE,Towers with Radar,0,0,6,0,6,0,0,11,0,11,0,0,17,0,17,50,0,50,67
10/14/2018,EMT,CA,AWP,WE,Towers with Radar,0,0,8,0,8,0,0,155,0,155,0,0,163,0,163,152,0,152,315
10/15/2018,EMT,CA,AWP,WE,Towers with Radar,0,0,2,0,2,0,0,15,0,15,0,0,17,0,17,36,0,36,53
10/16/2018,EMT,CA,AWP,WE,Towers with Radar,0,0,7,0,7,0,0,98,0,98,0,0,105,0,105,198,0,198,303
10/17/2018,EMT,CA,AWP,WE,Towers with Radar,0,0,9,0,9,0,1,98,0,99,0,1,107,0,108,109,0,109,217
10/18/2018,EMT,CA,AWP,WE,Towers with Radar,0,0,9,0,9,0,3,122,0,125,0,3,131,0,134,170,0,170,304
10/19/2018,EMT,CA,AWP,WE,Towers with Radar,0,0,11,0,11,0,1,96,0,97,0,1,107,0,108,204,0,204,312
10/20/2018,EMT,CA,AWP,WE,Towers with Radar,0,0,10,0,10,0,1,120,0,121,0,1,130,0,131,166,0,166,297
10/21/2018,EMT,CA,AWP,WE,Towers with Radar,0,0,7,0,7,0,0,109,0,109,0,0,116,0,116,34,0,34,150
10/22/2018,EMT,CA,AWP,WE,Towers with Radar,0,0,18,0,18,0,0,80,0,80,0,0,98,0,98,146,0,146,244
10/23/2018,EMT,CA,AWP,WE,Towers with Radar,0,0,8,0,8,0,0,82,0,82,0,0,90,0,90,108,0,108,198
10/24/2018,EMT,CA,AWP,WE,Towers with Radar,0,0,13,0,13,0,0,99,0,99,0,0,112,0,112,224,0,224,336
10/25/2018,EMT,CA,AWP,WE,Towers with Radar,0,0,23,0,23,0,1,71,0,72,0,1,94,0,95,130,0,130,225
10/26/2018,EMT,CA,AWP,WE,Towers with Radar,0,0,16,0,16,0,0,121,2,123,0,0,137,2,139,140,0,140,279
10/27/2018,EMT,CA,AWP,WE,Towers with Radar,0,0,6,0,6,0,1,251,1,253,0,1,257,1,259,50,0,50,309
10/28/2018,EMT,CA,AWP,WE,Towers with Radar,0,0,6,0,6,0,0,181,0,181,0,0,187,0,187,74,0,74,261
10/29/2018,EMT,CA,AWP,WE,Towers with Radar,0,0,14,0,14,0,0,84,0,84,0,0,98,0,98,62,0,62,160
10/30/2018,EMT,CA,AWP,WE,Towers with Radar,0,0,4,0,4,0,0,63,0,63,0,0,67,0,67,170,0,170,237
10/31/2018,EMT,CA,AWP,WE,Towers with Radar,0,0,11,0,11,0,0,82,0,82,0,0,93,0,93,160,0,160,253
11/01/2018,EMT,CA,AWP,WE,Towers with Radar,0,0,13,0,13,0,0,116,0,116,0,0,129,0,129,136,0,136,265
11/02/2018,EMT,CA,AWP,WE,Towers with Radar,0,0,17,0,17,0,0,96,0,96,0,0,113,0,113,206,0,206,319
11/03/2018,EMT,CA,AWP,WE,Towers with Radar,0,0,12,0,12,0,0,121,0,121,0,0,133,0,133,120,0,120,253
11/04/2018,EMT,CA,AWP,WE,Towers with Radar,0,0,12,0,12,0,0,124,0,124,0,0,136,0,136,170,0,170,306
11/05/2018,EMT,CA,AWP,WE,Towers with Radar,0,0,14,0,14,0,0,78,0,78,0,0,92,0,92,100,0,100,192
11/06/2018,EMT,CA,AWP,WE,Towers with Radar,0,0,9,0,9,0,0,99,0,99,0,0,108,0,108,162,0,162,270
11/07/2018,EMT,CA,AWP,WE,Towers with Radar,0,0,12,0,12,0,0,58,1,59,0,0,70,1,71,166,0,166,237
11/08/2018,EMT,CA,AWP,WE,Towers with Radar,0,0,12,0,12,0,0,40,0,40,0,0,52,0,52,124,0,124,176
11/09/2018,EMT,CA,AWP,WE,Towers with Radar,0,0,6,0,6,0,0,71,1,72,0,0,77,1,78,192,0,192,270
11/10/2018,EMT,CA,AWP,WE,Towers with Radar,0,0,12,0,12,0,0,99,0,99,0,0,111,0,111,140,0,140,251
11/11/2018,EMT,CA,AWP,WE,Towers with Radar,0,0,5,0,5,0,0,78,0,78,0,0,83,0,83,242,0,242,325
11/12/2018,EMT,CA,AWP,WE,Towers with Radar,0,0,9,0,9,0,0,99,0,99,0,0,108,0,108,218,0,218,326
11/13/2018,EMT,CA,AWP,WE,Towers with Radar,0,0,9,0,9,0,0,84,0,84,0,0,93,0,93,238,0,238,331
11/14/2018,EMT,CA,AWP,WE,Towers with Radar,0,0,17,0,17,0,0,107,0,107,0,0,124,0,124,224,0,224,348
11/15/2018,EMT,CA,AWP,WE,Towers with Radar,0,0,12,0,12,0,0,87,0,87,0,0,99,0,99,134,0,134,233
11/16/2018,EMT,CA,AWP,WE,Towers with Radar,0,0,12,0,12,0,0,90,0,90,0,0,102,0,102,202,0,202,304
11/17/2018,EMT,CA,AWP,WE,Towers with Radar,0,0,12,0,12,0,0,123,0,123,0,0,135,0,135,216,0,216,351
11/18/2018,EMT,CA,AWP,WE,Towers with Radar,0,0,3,0,3,0,0,104,0,104,0,0,107,0,107,196,0,196,303
11/19/2018,EMT,CA,AWP,WE,Towers with Radar,0,0,17,0,17,0,0,99,1,100,0,0,116,1,117,164,0,164,281
11/20/2018,EMT,CA,AWP,WE,Towers with Radar,0,1,12,0,13,0,0,97,0,97,0,1,109,0,110,188,0,188,298
11/21/2018,EMT,CA,AWP,WE,Towers with Radar,0,2,17,0,19,0,0,86,0,86,0,2,103,0,105,124,0,124,229
11/22/2018,EMT,CA,AWP,WE,Towers with Radar,0,0,5,0,5,0,0,26,0,26,0,0,31,0,31,106,0,106,137
11/23/2018,EMT,CA,AWP,WE,Towers with Radar,0,0,6,0,6,0,0,68,0,68,0,0,74,0,74,180,0,180,254
11/24/2018,EMT,CA,AWP,WE,Towers with Radar,0,2,9,0,11,0,0,86,0,86,0,2,95,0,97,175,0,175,272
11/25/2018,EMT,CA,AWP,WE,Towers with Radar,0,0,8,0,8,0,0,136,0,136,0,0,144,0,144,128,0,128,272
11/26/2018,EMT,CA,AWP,WE,Towers with Radar,0,0,5,0,5,0,0,111,1,112,0,0,116,1,117,126,0,126,243
11/27/2018,EMT,CA,AWP,WE,Towers with Radar,0,0,9,0,9,0,0,79,0,79,0,0,88,0,88,160,0,160,248
11/28/2018,EMT,CA,AWP,WE,Towers with Radar,0,0,9,0,9,0,4,92,0,96,0,4,101,0,105,134,0,134,239
11/29/2018,EMT,CA,AWP,WE,Towers with Radar,0,0,2,0,2,0,0,6,0,6,0,0,8,0,8,4,0,4,12
11/30/2018,EMT,CA,AWP,WE,Towers with Radar,0,0,4,0,4,0,0,89,0,89,0,0,93,0,93,162,0,162,255
12/01/2018,EMT,CA,AWP,WE,Towers with Radar,0,0,3,0,3,0,0,107,0,107,0,0,110,0,110,125,0,125,235
12/02/2018,EMT,CA,AWP,WE,Towers with Radar,0,1,9,0,10,0,0,100,0,100,0,1,109,0,110,184,0,184,294
12/03/2018,EMT,CA,AWP,WE,Towers with Radar,0,0,7,0,7,0,2,105,0,107,0,2,112,0,114,124,0,124,238
12/04/2018,EMT,CA,AWP,WE,Towers with Radar,0,0,5,0,5,0,0,102,0,102,0,0,107,0,107,150,0,150,257
12/05/2018,EMT,CA,AWP,WE,Towers with Radar,0,2,9,0,11,0,0,32,0,32,0,2,41,0,43,150,0,150,193
12/06/2018,EMT,CA,AWP,WE,Towers with Radar,0,0,0,0,0,0,0,4,0,4,0,0,4,0,4,10,0,10,14
12/07/2018,EMT,CA,AWP,WE,Towers with Radar,0,0,12,0,12,0,0,101,0,101,0,0,113,0,113,183,0,183,296
12/08/2018,EMT,CA,AWP,WE,Towers with Radar,0,0,13,0,13,0,0,131,0,131,0,0,144,0,144,96,0,96,240
12/09/2018,EMT,CA,AWP,WE,Towers with Radar,0,0,10,0,10,0,1,117,0,118,0,1,127,0,128,128,0,128,256
12/10/2018,EMT,CA,AWP,WE,Towers with Radar,0,0,13,0,13,0,0,90,0,90,0,0,103,0,103,106,0,106,209
12/11/2018,EMT,CA,AWP,WE,Towers with Radar,0,0,13,0,13,0,2,119,0,121,0,2,132,0,134,166,0,166,300
12/12/2018,EMT,CA,AWP,WE,Towers with Radar,0,0,14,0,14,0,2,87,0,89,0,2,101,0,103,128,0,128,231
12/13/2018,EMT,CA,AWP,WE,Towers with Radar,0,1,9,0,10,0,0,114,0,114,0,1,123,0,124,158,0,158,282
12/14/2018,EMT,CA,AWP,WE,Towers with Radar,0,0,14,0,14,0,0,74,0,74,0,0,88,0,88,112,0,112,200
12/15/2018,EMT,CA,AWP,WE,Towers with Radar,0,0,6,0,6,0,1,110,0,111,0,1,116,0,117,186,0,186,303
12/16/2018,EMT,CA,AWP,WE,Towers with Radar,0,0,8,0,8,0,0,154,0,154,0,0,162,0,162,116,0,116,278
12/17/2018,EMT,CA,AWP,WE,Towers with Radar,0,0,12,0,12,0,0,75,1,76,0,0,87,1,88,78,0,78,166
12/18/2018,EMT,CA,AWP,WE,Towers with Radar,0,0,7,0,7,0,0,80,0,80,0,0,87,0,87,164,0,164,251
12/19/2018,EMT,CA,AWP,WE,Towers with Radar,0,0,15,0,15,0,0,100,0,100,0,0,115,0,115,126,0,126,241
12/20/2018,EMT,CA,AWP,WE,Towers with Radar,0,0,10,0,10,0,0,99,0,99,0,0,109,0,109,184,0,184,293
12/21/2018,EMT,CA,AWP,WE,Towers with Radar,0,0,10,0,10,0,0,100,0,100,0,0,110,0,110,112,0,112,222
12/22/2018,EMT,CA,AWP,WE,Towers with Radar,0,0,7,0,7,0,0,103,0,103,0,0,110,0,110,132,0,132,242
12/23/2018,EMT,CA,AWP,WE,Towers with Radar,0,0,12,0,12,0,1,44,0,45,0,1,56,0,57,57,0,57,114
12/24/2018,EMT,CA,AWP,WE,Towers with Radar,0,0,11,0,11,0,0,47,0,47,0,0,58,0,58,68,0,68,126
12/25/2018,EMT,CA,AWP,WE,Towers with Radar,0,1,2,0,3,0,0,14,0,14,0,1,16,0,17,8,0,8,25
12/26/2018,EMT,CA,AWP,WE,Towers with Radar,0,0,9,0,9,0,0,99,0,99,0,0,108,0,108,192,0,192,300
12/27/2018,EMT,CA,AWP,WE,Towers with Radar,0,0,24,0,24,0,0,81,0,81,0,0,105,0,105,92,0,92,197
12/28/2018,EMT,CA,AWP,WE,Towers with Radar,0,0,3,0,3,0,0,48,2,50,0,0,51,2,53,77,0,77,130
12/29/2018,EMT,CA,AWP,WE,Towers with Radar,0,0,9,0,9,0,2,132,0,134,0,2,141,0,143,164,0,164,307
12/30/2018,EMT,CA,AWP,WE,Towers with Radar,0,0,11,0,11,0,2,82,0,84,0,2,93,0,95,140,0,140,235
12/31/2018,EMT,CA,AWP,WE,Towers with Radar,0,0,9,0,9,0,0,62,0,62,0,0,71,0,71,102,0,102,173
01/01/2019,EMT,CA,AWP,WE,Towers with Radar,0,0,7,0,7,0,0,35,0,35,0,0,42,0,42,72,0,72,114
01/02/2019,EMT,CA,AWP,WE,Towers with Radar,0,0,15,0,15,0,0,92,0,92,0,0,107,0,107,156,0,156,263
01/03/2019,EMT,CA,AWP,WE,Towers with Radar,0,0,22,0,22,0,0,139,0,139,0,0,161,0,161,126,0,126,287
01/04/2019,EMT,CA,AWP,WE,Towers with Radar,0,0,8,0,8,0,0,105,0,105,0,0,113,0,113,202,0,202,315
01/05/2019,EMT,CA,AWP,WE,Towers with Radar,0,0,5,0,5,0,0,55,0,55,0,0,60,0,60,188,0,188,248
01/06/2019,EMT,CA,AWP,WE,Towers with Radar,0,0,5,0,5,0,0,69,0,69,0,0,74,0,74,180,0,180,254
01/07/2019,EMT,CA,AWP,WE,Towers with Radar,0,0,13,0,13,0,0,49,0,49,0,0,62,0,62,166,0,166,228
01/08/2019,EMT,CA,AWP,WE,Towers with Radar,0,0,5,0,5,0,0,104,0,104,0,0,109,0,109,206,0,206,315
01/09/2019,EMT,CA,AWP,WE,Towers with Radar,0,0,10,0,10,0,0,91,0,91,0,0,101,0,101,132,0,132,233
01/10/2019,EMT,CA,AWP,WE,Towers with Radar,0,0,13,0,13,0,0,75,0,75,0,0,88,0,88,190,0,190,278
01/11/2019,EMT,CA,AWP,WE,Towers with Radar,0,0,11,0,11,0,0,84,1,85,0,0,95,1,96,66,0,66,162
01/12/2019,EMT,CA,AWP,WE,Towers with Radar,0,0,7,0,7,0,0,42,0,42,0,0,49,0,49,194,0,194,243
01/13/2019,EMT,CA,AWP,WE,Towers with Radar,0,0,7,0,7,0,4,139,0,143,0,4,146,0,150,202,0,202,352
01/14/2019,EMT,CA,AWP,WE,Towers with Radar,0,0,3,0,3,0,0,3,0,3,0,0,6,0,6,40,0,40,46
01/15/2019,EMT,CA,AWP,WE,Towers with Radar,0,0,4,0,4,0,0,9,0,9,0,0,13,0,13,50,0,50,63
01/16/2019,EMT,CA,AWP,WE,Towers with Radar,0,0,3,0,3,0,0,0,0,0,0,0,3,0,3,0,0,0,3
01/17/2019,EMT,CA,AWP,WE,Towers with Radar,0,0,3,0,3,0,0,2,0,2,0,0,5,0,5,0,0,0,5
01/18/2019,EMT,CA,AWP,WE,Towers with Radar,0,0,15,0,15,0,0,67,0,67,0,0,82,0,82,274,0,274,356
01/19/2019,EMT,CA,AWP,WE,Towers with Radar,0,0,7,0,7,0,4,152,0,156,0,4,159,0,163,160,0,160,323
01/20/2019,EMT,CA,AWP,WE,Towers with Radar,0,2,8,0,10,0,0,144,0,144,0,2,152,0,154,158,0,158,312
01/21/2019,EMT,CA,AWP,WE,Towers with Radar,0,0,9,0,9,0,0,26,1,27,0,0,35,1,36,44,0,44,80
01/22/2019,EMT,CA,AWP,WE,Towers with Radar,0,0,4,0,4,0,3,54,0,57,0,3,58,0,61,177,0,177,238
01/23/2019,EMT,CA,AWP,WE,Towers with Radar,0,0,17,0,17,0,1,104,0,105,0,1,121,0,122,215,0,215,337
01/24/2019,EMT,CA,AWP,WE,Towers with Radar,0,1,11,0,12,0,0,116,0,116,0,1,127,0,128,118,0,118,246
01/25/2019,EMT,CA,AWP,WE,Towers with Radar,0,0,9,0,9,0,0,121,0,121,0,0,130,0,130,156,0,156,286
01/26/2019,EMT,CA,AWP,WE,Towers with Radar,0,0,8,0,8,0,0,112,0,112,0,0,120,0,120,184,0,184,304
01/27/2019,EMT,CA,AWP,WE,Towers with Radar,0,1,5,0,6,0,0,140,0,140,0,1,145,0,146,204,0,204,350
01/28/2019,EMT,CA,AWP,WE,Towers with Radar,0,0,8,0,8,0,0,126,0,126,0,0,134,0,134,200,0,200,334
01/29/2019,EMT,CA,AWP,WE,Towers with Radar,0,0,10,0,10,0,0,78,0,78,0,0,88,0,88,158,0,158,246
01/30/2019,EMT,CA,AWP,WE,Towers with Radar,0,0,12,0,12,0,0,63,0,63,0,0,75,0,75,142,0,142,217
01/31/2019,EMT,CA,AWP,WE,Towers with Radar,0,0,2,0,2,0,0,2,0,2,0,0,4,0,4,0,0,0,4
02/01/2019,EMT,CA,AWP,WE,Towers with Radar,0,0,17,0,17,0,0,61,0,61,0,0,78,0,78,113,0,113,191
02/02/2019,EMT,CA,AWP,WE,Towers with Radar,0,0,1,0,1,0,0,0,0,0,0,0,1,0,1,2,0,2,3
02/03/2019,EMT,CA,AWP,WE,Towers with Radar,0,0,2,0,2,0,0,2,0,2,0,0,4,0,4,2,0,2,6
02/04/2019,EMT,CA,AWP,WE,Towers with Radar,0,0,1,0,1,0,0,0,0,0,0,0,1,0,1,0,0,0,1
02/05/2019,EMT,CA,AWP,WE,Towers with Radar,0,0,5,0,5,0,0,21,0,21,0,0,26,0,26,20,0,20,46
02/06/2019,EMT,CA,AWP,WE,Towers with Radar,0,0,18,0,18,0,0,67,0,67,0,0,85,0,85,76,0,76,161
02/07/2019,EMT,CA,AWP,WE,Towers with Radar,0,0,7,0,7,0,2,113,0,115,0,2,120,0,122,112,0,112,234
02/08/2019,EMT,CA,AWP,WE,Towers with Radar,0,0,9,0,9,0,1,113,0,114,0,1,122,0,123,234,0,234,357
02/09/2019,EMT,CA,AWP,WE,Towers with Radar,0,0,7,0,7,0,0,59,0,59,0,0,66,0,66,140,0,140,206
02/10/2019,EMT,CA,AWP,WE,Towers with Radar,0,0,6,0,6,0,0,22,0,22,0,0,28,0,28,112,0,112,140
02/11/2019,EMT,CA,AWP,WE,Towers with Radar,0,0,11,0,11,0,0,99,0,99,0,0,110,0,110,196,0,196,306
02/12/2019,EMT,CA,AWP,WE,Towers with Radar,0,0,8,0,8,0,0,106,0,106,0,0,114,0,114,102,0,102,216
02/13/2019,EMT,CA,AWP,WE,Towers with Radar,0,0,2,0,2,0,0,11,0,11,0,0,13,0,13,58,0,58,71
02/14/2019,EMT,CA,AWP,WE,Towers with Radar,0,0,2,0,2,0,0,1,0,1,0,0,3,0,3,0,0,0,3
02/15/2019,EMT,CA,AWP,WE,Towers with Radar,0,0,4,0,4,0,0,15,0,15,0,0,19,0,19,96,0,96,115
02/16/2019,EMT,CA,AWP,WE,Towers with Radar,0,0,7,0,7,0,0,118,0,118,0,0,125,0,125,130,0,130,255
02/17/2019,EMT,CA,AWP,WE,Towers with Radar,0,0,6,0,6,0,0,48,1,49,0,0,54,1,55,70,0,70,125
02/18/2019,EMT,CA,AWP,WE,Towers with Radar,0,0,7,0,7,0,0,102,0,102,0,0,109,0,109,99,0,99,208
02/19/2019,EMT,CA,AWP,WE,Towers with Radar,0,0,7,0,7,0,6,114,0,120,0,6,121,0,127,152,0,152,279
02/20/2019,EMT,CA,AWP,WE,Towers with Radar,0,0,6,0,6,0,0,59,0,59,0,0,65,0,65,120,0,120,185
02/21/2019,EMT,CA,AWP,WE,Towers with Radar,0,0,3,0,3,0,0,21,1,22,0,0,24,1,25,62,0,62,87
02/22/2019,EMT,CA,AWP,WE,Towers with Radar,0,0,15,1,16,0,3,92,1,96,0,3,107,2,112,154,0,154,266
02/23/2019,EMT,CA,AWP,WE,Towers with Radar,0,0,12,0,12,0,0,145,0,145,0,0,157,0,157,172,0,172,329
02/24/2019,EMT,CA,AWP,WE,Towers with Radar,0,1,9,0,10,0,0,147,0,147,0,1,156,0,157,150,0,150,307
02/25/2019,EMT,CA,AWP,WE,Towers with Radar,0,0,8,0,8,0,0,79,0,79,0,0,87,0,87,176,0,176,263
02/26/2019,EMT,CA,AWP,WE,Towers with Radar,0,0,12,0,12,0,0,84,0,84,0,0,96,0,96,156,0,156,252
02/27/2019,EMT,CA,AWP,WE,Towers with Radar,0,0,7,0,7,0,0,59,0,59,0,0,66,0,66,100,0,100,166
02/28/2019,EMT,CA,AWP,WE,Towers with Radar,0,0,4,0,4,0,0,22,0,22,0,0,26,0,26,124,0,124,150
03/01/2019,EMT,CA,AWP,WE,Towers with Radar,0,0,14,0,14,0,0,28,0,28,0,0,42,0,42,136,0,136,178
03/02/2019,EMT,CA,AWP,WE,Towers with Radar,0,0,5,0,5,0,0,0,0,0,0,0,5,0,5,0,0,0,5
03/03/2019,EMT,CA,AWP,WE,Towers with Radar,0,0,12,0,12,0,0,26,0,26,0,0,38,0,38,202,0,202,240
03/04/2019,EMT,CA,AWP,WE,Towers with Radar,0,0,13,0,13,0,0,77,0,77,0,0,90,0,90,158,0,158,248
03/05/2019,EMT,CA,AWP,WE,Towers with Radar,0,0,7,0,7,0,0,78,0,78,0,0,85,0,85,102,0,102,187
03/06/2019,EMT,CA,AWP,WE,Towers with Radar,0,0,3,0,3,0,0,3,0,3,0,0,6,0,6,0,0,0,6
03/07/2019,EMT,CA,AWP,WE,Towers with Radar,0,0,7,0,7,0,0,45,1,46,0,0,52,1,53,280,0,280,333
03/08/2019,EMT,CA,AWP,WE,Towers with Radar,0,0,12,0,12,0,0,76,0,76,0,0,88,0,88,122,0,122,210
03/09/2019,EMT,CA,AWP,WE,Towers with Radar,0,0,5,0,5,0,0,126,0,126,0,0,131,0,131,161,0,161,292
03/10/2019,EMT,CA,AWP,WE,Towers with Radar,0,0,10,0,10,0,0,90,0,90,0,0,100,0,100,196,0,196,296
03/11/2019,EMT,CA,AWP,WE,Towers with Radar,0,0,10,0,10,0,0,57,0,57,0,0,67,0,67,90,0,90,157
03/12/2019,EMT,CA,AWP,WE,Towers with Radar,0,0,15,0,15,0,1,110,3,114,0,1,125,3,129,162,0,162,291
03/13/2019,EMT,CA,AWP,WE,Towers with Radar,0,0,16,0,16,0,0,86,0,86,0,0,102,0,102,102,0,102,204
03/14/2019,EMT,CA,AWP,WE,Towers with Radar,0,0,12,0,12,0,0,84,0,84,0,0,96,0,96,198,0,198,294
03/15/2019,EMT,CA,AWP,WE,Towers with Radar,0,0,3,0,3,0,0,96,0,96,0,0,99,0,99,134,0,134,233
03/16/2019,EMT,CA,AWP,WE,Towers with Radar,0,0,5,0,5,0,0,92,0,92,0,0,97,0,97,158,0,158,255
03/17/2019,EMT,CA,AWP,WE,Towers with Radar,0,0,5,0,5,0,0,146,0,146,0,0,151,0,151,114,0,114,265
03/18/2019,EMT,CA,AWP,WE,Towers with Radar,0,0,6,0,6,0,0,109,0,109,0,0,115,0,115,154,0,154,269
03/19/2019,EMT,CA,AWP,WE,Towers with Radar,0,2,9,0,11,0,1,93,0,94,0,3,102,0,105,152,0,152,257
03/20/2019,EMT,CA,AWP,WE,Towers with Radar,0,2,0,0,2,0,0,32,0,32,0,2,32,0,34,98,0,98,132
03/21/2019,EMT,CA,AWP,WE,Towers with Radar,0,0,7,0,7,0,0,25,0,25,0,0,32,0,32,68,0,68,100
03/22/2019,EMT,CA,AWP,WE,Towers with Radar,0,0,6,0,6,0,0,108,0,108,0,0,114,0,114,162,0,162,276
03/23/2019,EMT,CA,AWP,WE,Towers with Radar,0,1,10,0,11,0,0,66,0,66,0,1,76,0,77,104,0,104,181
03/24/2019,EMT,CA,AWP,WE,Towers with Radar,0,1,4,0,5,0,1,145,0,146,0,2,149,0,151,134,0,134,285
03/25/2019,EMT,CA,AWP,WE,Towers with Radar,0,0,7,0,7,0,4,111,0,115,0,4,118,0,122,70,0,70,192
03/26/2019,EMT,CA,AWP,WE,Towers with Radar,0,0,4,0,4,0,0,87,0,87,0,0,91,0,91,126,0,126,217
03/27/2019,EMT,CA,AWP,WE,Towers with Radar,0,0,3,0,3,0,0,82,1,83,0,0,85,1,86,74,0,74,160
03/28/2019,EMT,CA,AWP,WE,Towers with Radar,0,0,9,0,9,0,0,74,0,74,0,0,83,0,83,113,0,113,196
03/29/2019,EMT,CA,AWP,WE,Towers with Radar,0,0,6,0,6,0,0,125,0,125,0,0,131,0,131,204,0,204,335
03/30/2019,EMT,CA,AWP,WE,Towers with Radar,0,1,13,0,14,0,0,128,0,128,0,1,141,0,142,116,0,116,258
03/31/2019,EMT,CA,AWP,WE,Towers with Radar,0,0,7,0,7,0,0,147,0,147,0,0,154,0,154,74,0,74,228
04/01/2019,EMT,CA,AWP,WE,Towers with Radar,0,0,8,0,8,0,0,130,0,130,0,0,138,0,138,114,0,114,252
04/02/2019,EMT,CA,AWP,WE,Towers with Radar,0,0,9,0,9,0,4,97,0,101,0,4,106,0,110,264,0,264,374
04/03/2019,EMT,CA,AWP,WE,Towers with Radar,0,0,8,0,8,0,0,69,0,69,0,0,77,0,77,256,0,256,333
04/04/2019,EMT,CA,AWP,WE,Towers with Radar,0,2,5,0,7,0,0,60,0,60,0,2,65,0,67,188,0,188,255
04/05/2019,EMT,CA,AWP,WE,Towers with Radar,0,0,12,0,12,0,0,52,0,52,0,0,64,0,64,96,0,96,160
04/06/2019,EMT,CA,AWP,WE,Towers with Radar,0,0,10,0,10,0,0,126,2,128,0,0,136,2,138,128,0,128,266
04/07/2019,EMT,CA,AWP,WE,Towers with Radar,0,0,14,0,14,0,0,144,1,145,0,0,158,1,159,76,0,76,235
04/08/2019,EMT,CA,AWP,WE,Towers with Radar,0,0,13,0,13,0,0,78,0,78,0,0,91,0,91,178,0,178,269
04/09/2019,EMT,CA,AWP,WE,Towers with Radar,0,0,6,0,6,0,0,51,0,51,0,0,57,0,57,92,0,92,149
04/10/2019,EMT,CA,AWP,WE,Towers with Radar,0,0,10,0,10,0,0,94,0,94,0,0,104,0,104,86,0,86,190
04/11/2019,EMT,CA,AWP,WE,Towers with Radar,1,0,12,0,13,0,7,134,0,141,1,7,146,0,154,188,0,188,342
04/12/2019,EMT,CA,AWP,WE,Towers with Radar,0,0,16,0,16,0,0,126,0,126,0,0,142,0,142,207,0,207,349
04/13/2019,EMT,CA,AWP,WE,Towers with Radar,0,0,18,0,18,0,0,105,0,105,0,0,123,0,123,155,0,155,278
04/14/2019,EMT,CA,AWP,WE,Towers with Radar,0,0,10,0,10,0,0,127,0,127,0,0,137,0,137,72,0,72,209
04/15/2019,EMT,CA,AWP,WE,Towers with Radar,0,0,6,0,6,0,1,141,0,142,0,1,147,0,148,117,0,117,265
04/16/2019,EMT,CA,AWP,WE,Towers with Radar,0,0,9,0,9,0,0,41,0,41,0,0,50,0,50,172,0,172,222
04/17/2019,EMT,CA,AWP,WE,Towers with Radar,0,0,15,0,15,0,0,105,0,105,0,0,120,0,120,101,0,101,221
04/18/2019,EMT,CA,AWP,WE,Towers with Radar,0,0,5,0,5,0,2,139,1,142,0,2,144,1,147,134,0,134,281
04/19/2019,EMT,CA,AWP,WE,Towers with Radar,0,0,16,0,16,0,0,102,0,102,0,0,118,0,118,148,0,148,266
04/20/2019,EMT,CA,AWP,WE,Towers with Radar,0,0,9,1,10,0,0,56,0,56,0,0,65,1,66,206,0,206,272
04/21/2019,EMT,CA,AWP,WE,Towers with Radar,0,0,14,0,14,0,0,66,0,66,0,0,80,0,80,200,0,200,280
04/22/2019,EMT,CA,AWP,WE,Towers with Radar,0,0,7,0,7,0,0,111,0,111,0,0,118,0,118,128,0,128,246
04/23/2019,EMT,CA,AWP,WE,Towers with Radar,0,0,5,0,5,0,0,93,0,93,0,0,98,0,98,124,0,124,222
04/24/2019,EMT,CA,AWP,WE,Towers with Radar,0,0,9,0,9,0,4,129,1,134,0,4,138,1,143,148,0,148,291
04/25/2019,EMT,CA,AWP,WE,Towers with Radar,0,0,10,0,10,0,2,120,0,122,0,2,130,0,132,102,0,102,234
04/26/2019,EMT,CA,AWP,WE,Towers with Radar,0,1,9,0,10,0,0,70,0,70,0,1,79,0,80,112,0,112,192
04/27/2019,EMT,CA,AWP,WE,Towers with Radar,0,0,9,0,9,0,0,43,0,43,0,0,52,0,52,82,0,82,134
04/28/2019,EMT,CA,AWP,WE,Towers with Radar,0,0,16,0,16,0,0,82,0,82,0,0,98,0,98,188,0,188,286
04/29/2019,EMT,CA,AWP,WE,Towers with Radar,0,0,8,0,8,0,0,49,0,49,0,0,57,0,57,194,0,194,251
04/30/2019,EMT,CA,AWP,WE,Towers with Radar,0,2,13,0,15,0,0,61,1,62,0,2,74,1,77,283,0,283,360
05/01/2019,EMT,CA,AWP,WE,Towers with Radar,0,0,5,0,5,0,2,123,0,125,0,2,128,0,130,180,0,180,310
05/02/2019,EMT,CA,AWP,WE,Towers with Radar,0,1,14,0,15,0,1,101,0,102,0,2,115,0,117,200,0,200,317
05/03/2019,EMT,CA,AWP,WE,Towers with Radar,0,0,8,0,8,0,0,118,0,118,0,0,126,0,126,142,0,142,268
05/04/2019,EMT,CA,AWP,WE,Towers with Radar,0,2,11,0,13,0,0,110,0,110,0,2,121,0,123,165,0,165,288
05/05/2019,EMT,CA,AWP,WE,Towers with Radar,0,0,12,0,12,0,0,78,0,78,0,0,90,0,90,136,0,136,226
05/06/2019,EMT,CA,AWP,WE,Towers with Radar,0,0,11,0,11,0,0,56,0,56,0,0,67,0,67,204,0,204,271
05/07/2019,EMT,CA,AWP,WE,Towers with Radar,0,0,16,0,16,0,0,68,0,68,0,0,84,0,84,258,0,258,342
05/08/2019,EMT,CA,AWP,WE,Towers with Radar,0,0,17,0,17,0,0,55,0,55,0,0,72,0,72,292,0,292,364
05/09/2019,EMT,CA,AWP,WE,Towers with Radar,0,0,6,0,6,0,0,40,0,40,0,0,46,0,46,200,0,200,246
05/10/2019,EMT,CA,AWP,WE,Towers with Radar,0,0,9,0,9,0,1,49,0,50,0,1,58,0,59,170,0,170,229
05/11/2019,EMT,CA,AWP,WE,Towers with Radar,0,0,10,0,10,0,0,116,0,116,0,0,126,0,126,172,0,172,298
05/12/2019,EMT,CA,AWP,WE,Towers with Radar,0,0,8,0,8,0,0,113,0,113,0,0,121,0,121,120,0,120,241
05/13/2019,EMT,CA,AWP,WE,Towers with Radar,0,0,13,0,13,0,0,48,0,48,0,0,61,0,61,126,0,126,187
05/14/2019,EMT,CA,AWP,WE,Towers with Radar,0,0,4,0,4,0,0,101,0,101,0,0,105,0,105,220,0,220,325
05/15/2019,EMT,CA,AWP,WE,Towers with Radar,0,0,10,0,10,0,0,47,0,47,0,0,57,0,57,246,0,246,303
05/16/2019,EMT,CA,AWP,WE,Towers with Radar,0,0,3,0,3,0,0,24,0,24,0,0,27,0,27,44,0,44,71
05/17/2019,EMT,CA,AWP,WE,Towers with Radar,0,0,7,0,7,0,0,100,0,100,0,0,107,0,107,105,0,105,212
05/18/2019,EMT,CA,AWP,WE,Towers with Radar,0,1,5,0,6,0,1,113,0,114,0,2,118,0,120,106,0,106,226
05/19/2019,EMT,CA,AWP,WE,Towers with Radar,0,0,9,0,9,0,0,37,0,37,0,0,46,0,46,84,0,84,130
05/20/2019,EMT,CA,AWP,WE,Towers with Radar,0,0,3,0,3,0,0,68,0,68,0,0,71,0,71,178,0,178,249
05/21/2019,EMT,CA,AWP,WE,Towers with Radar,0,1,4,0,5,0,0,44,0,44,0,1,48,0,49,260,0,260,309
05/22/2019,EMT,CA,AWP,WE,Towers with Radar,0,1,4,0,5,0,0,52,0,52,0,1,56,0,57,110,0,110,167
05/23/2019,EMT,CA,AWP,WE,Towers with Radar,0,0,12,0,12,0,0,35,0,35,0,0,47,0,47,256,0,256,303
05/24/2019,EMT,CA,AWP,WE,Towers with Radar,0,1,9,0,10,0,0,121,0,121,0,1,130,0,131,146,0,146,277
05/25/2019,EMT,CA,AWP,WE,Towers with Radar,0,2,13,0,15,0,0,131,0,131,0,2,144,0,146,214,0,214,360
05/26/2019,EMT,CA,AWP,WE,Towers with Radar,0,0,15,0,15,0,0,6,0,6,0,0,21,0,21,60,0,60,81
05/27/2019,EMT,CA,AWP,WE,Towers with Radar,0,0,18,0,18,0,0,118,2,120,0,0,136,2,138,199,0,199,337
05/28/2019,EMT,CA,AWP,WE,Towers with Radar,0,0,9,0,9,0,0,131,0,131,0,0,140,0,140,178,0,178,318
05/29/2019,EMT,CA,AWP,WE,Towers with Radar,0,0,8,0,8,0,0,149,0,149,0,0,157,0,157,198,0,198,355
05/30/2019,EMT,CA,AWP,WE,Towers with Radar,0,0,9,0,9,0,0,93,0,93,0,0,102,0,102,106,0,106,208
05/31/2019,EMT,CA,AWP,WE,Towers with Radar,0,0,7,0,7,0,0,117,0,117,0,0,124,0,124,164,0,164,288
06/01/2019,EMT,CA,AWP,WE,Towers with Radar,0,1,15,0,16,0,1,31,0,32,0,2,46,0,48,182,0,182,230
06/02/2019,EMT,CA,AWP,WE,Towers with Radar,0,0,21,0,21,0,0,50,0,50,0,0,71,0,71,244,0,244,315
06/03/2019,EMT,CA,AWP,WE,Towers with Radar,0,0,15,0,15,0,0,49,0,49,0,0,64,0,64,144,0,144,208
06/04/2019,EMT,CA,AWP,WE,Towers with Radar,0,0,9,0,9,0,0,83,0,83,0,0,92,0,92,158,0,158,250
06/05/2019,EMT,CA,AWP,WE,Towers with Radar,0,0,16,0,16,0,0,81,0,81,0,0,97,0,97,154,0,154,251
06/06/2019,EMT,CA,AWP,WE,Towers with Radar,0,0,12,0,12,0,0,94,0,94,0,0,106,0,106,224,0,224,330
06/07/2019,EMT,CA,AWP,WE,Towers with Radar,0,0,13,0,13,0,0,67,0,67,0,0,80,0,80,206,0,206,286
06/08/2019,EMT,CA,AWP,WE,Towers with Radar,0,1,11,0,12,0,1,112,0,113,0,2,123,0,125,91,0,91,216
06/09/2019,EMT,CA,AWP,WE,Towers with Radar,0,0,11,0,11,0,0,127,0,127,0,0,138,0,138,154,0,154,292
06/10/2019,EMT,CA,AWP,WE,Towers with Radar,0,0,5,0,5,0,0,102,0,102,0,0,107,0,107,226,0,226,333
06/11/2019,EMT,CA,AWP,WE,Towers with Radar,0,0,2,0,2,0,0,105,0,105,0,0,107,0,107,174,0,174,281
06/12/2019,EMT,CA,AWP,WE,Towers with Radar,0,0,2,0,2,0,0,107,1,108,0,0,109,1,110,148,0,148,258
06/13/2019,EMT,CA,AWP,WE,Towers with Radar,0,0,7,0,7,0,0,54,0,54,0,0,61,0,61,122,0,122,183
06/14/2019,EMT,CA,AWP,WE,Towers with Radar,0,0,11,0,11,0,0,48,1,49,0,0,59,1,60,214,0,214,274
06/15/2019,EMT,CA,AWP,WE,Towers with Radar,0,0,20,0,20,0,0,75,0,75,0,0,95,0,95,199,0,199,294
06/16/2019,EMT,CA,AWP,WE,Towers with Radar,0,4,10,0,14,0,1,45,0,46,0,5,55,0,60,200,0,200,260
06/17/2019,EMT,CA,AWP,WE,Towers with Radar,0,0,5,0,5,0,0,42,0,42,0,0,47,0,47,178,0,178,225
06/18/2019,EMT,CA,AWP,WE,Towers with Radar,0,0,10,0,10,0,0,72,0,72,0,0,82,0,82,208,0,208,290
06/19/2019,EMT,CA,AWP,WE,Towers with Radar,0,0,13,0,13,0,2,84,0,86,0,2,97,0,99,146,0,146,245
06/20/2019,EMT,CA,AWP,WE,Towers with Radar,0,1,19,0,20,0,0,68,0,68,0,1,87,0,88,142,0,142,230
06/21/2019,EMT,CA,AWP,WE,Towers with Radar,0,0,12,0,12,0,0,41,0,41,0,0,53,0,53,64,0,64,117
06/22/2019,EMT,CA,AWP,WE,Towers with Radar,0,0,9,0,9,0,0,60,0,60,0,0,69,0,69,209,0,209,278
06/23/2019,EMT,CA,AWP,WE,Towers with Radar,0,1,11,0,12,0,3,106,0,109,0,4,117,0,121,136,0,136,257
06/24/2019,EMT,CA,AWP,WE,Towers with Radar,0,0,8,0,8,0,0,54,0,54,0,0,62,0,62,140,0,140,202
06/25/2019,EMT,CA,AWP,WE,Towers with Radar,0,2,14,0,16,0,0,62,0,62,0,2,76,0,78,226,0,226,304
06/26/2019,EMT,CA,AWP,WE,Towers with Radar,0,0,9,0,9,0,1,92,0,93,0,1,101,0,102,116,0,116,218
06/27/2019,EMT,CA,AWP,WE,Towers with Radar,0,0,11,0,11,0,0,139,1,140,0,0,150,1,151,118,0,118,269
06/28/2019,EMT,CA,AWP,WE,Towers with Radar,0,1,10,0,11,0,2,87,0,89,0,3,97,0,100,170,0,170,270
06/29/2019,EMT,CA,AWP,WE,Towers with Radar,0,0,11,0,11,0,0,148,0,148,0,0,159,0,159,136,0,136,295
06/30/2019,EMT,CA,AWP,WE,Towers with Radar,0,0,1,0,1,0,0,127,0,127,0,0,128,0,128,150,0,150,278
07/01/2019,EMT,CA,AWP,WE,Towers with Radar,0,0,12,0,12,0,2,106,0,108,0,2,118,0,120,88,0,88,208
07/02/2019,EMT,CA,AWP,WE,Towers with Radar,0,0,9,0,9,0,6,107,0,113,0,6,116,0,122,164,0,164,286
07/03/2019,EMT,CA,AWP,WE,Towers with Radar,0,0,5,0,5,0,0,106,0,106,0,0,111,0,111,156,0,156,267
07/04/2019,EMT,CA,AWP,WE,Towers with Radar,0,0,11,0,11,0,0,46,0,46,0,0,57,0,57,54,0,54,111
07/05/2019,EMT,CA,AWP,WE,Towers with Radar,0,0,15,0,15,0,0,65,0,65,0,0,80,0,80,140,0,140,220
07/06/2019,EMT,CA,AWP,WE,Towers with Radar,0,0,11,0,11,0,1,81,2,84,0,1,92,2,95,65,0,65,160
07/07/2019,EMT,CA,AWP,WE,Towers with Radar,0,0,15,0,15,0,0,66,0,66,0,0,81,0,81,148,0,148,229
07/08/2019,EMT,CA,AWP,WE,Towers with Radar,0,0,7,0,7,0,0,79,0,79,0,0,86,0,86,222,0,222,308
07/09/2019,EMT,CA,AWP,WE,Towers with Radar,0,0,5,0,5,0,0,125,0,125,0,0,130,0,130,190,0,190,320
07/10/2019,EMT,CA,AWP,WE,Towers with Radar,0,0,2,0,2,0,0,115,0,115,0,0,117,0,117,156,0,156,273
07/11/2019,EMT,CA,AWP,WE,Towers with Radar,0,0,6,0,6,0,0,123,0,123,0,0,129,0,129,164,0,164,293
07/12/2019,EMT,CA,AWP,WE,Towers with Radar,0,0,13,0,13,0,0,101,0,101,0,0,114,0,114,132,0,132,246
07/13/2019,EMT,CA,AWP,WE,Towers with Radar,0,0,11,0,11,0,0,97,0,97,0,0,108,0,108,156,0,156,264
07/14/2019,EMT,CA,AWP,WE,Towers with Radar,0,0,12,0,12,0,1,107,1,109,0,1,119,1,121,142,0,142,263
07/15/2019,EMT,CA,AWP,WE,Towers with Radar,0,0,6,0,6,0,0,86,0,86,0,0,92,0,92,178,0,178,270
07/16/2019,EMT,CA,AWP,WE,Towers with Radar,0,0,8,0,8,0,0,89,0,89,0,0,97,0,97,144,0,144,241
07/17/2019,EMT,CA,AWP,WE,Towers with Radar,0,0,8,0,8,0,0,93,0,93,0,0,101,0,101,214,0,214,315
07/18/2019,EMT,CA,AWP,WE,Towers with Radar,0,0,6,0,6,0,0,113,0,113,0,0,119,0,119,166,0,166,285
07/19/2019,EMT,CA,AWP,WE,Towers with Radar,0,0,14,0,14,0,0,85,0,85,0,0,99,0,99,126,0,126,225
07/20/2019,EMT,CA,AWP,WE,Towers with Radar,0,0,5,0,5,0,0,90,0,90,0,0,95,0,95,168,0,168,263
07/21/2019,EMT,CA,AWP,WE,Towers with Radar,0,0,8,0,8,0,2,119,0,121,0,2,127,0,129,108,0,108,237
07/22/2019,EMT,CA,AWP,WE,Towers with Radar,0,0,8,0,8,0,0,77,0,77,0,0,85,0,85,126,0,126,211
07/23/2019,EMT,CA,AWP,WE,Towers with Radar,0,0,11,0,11,0,0,93,2,95,0,0,104,2,106,154,0,154,260
07/24/2019,EMT,CA,AWP,WE,Towers with Radar,0,0,7,0,7,0,0,88,0,88,0,0,95,0,95,74,0,74,169
07/25/2019,EMT,CA,AWP,WE,Towers with Radar,0,0,6,0,6,0,1,73,0,74,0,1,79,0,80,190,0,190,270
07/26/2019,EMT,CA,AWP,WE,Towers with Radar,0,0,7,0,7,0,0,87,0,87,0,0,94,0,94,98,0,98,192
07/27/2019,EMT,CA,AWP,WE,Towers with Radar,0,0,6,0,6,0,1,100,0,101,0,1,106,0,107,104,0,104,211
07/28/2019,EMT,CA,AWP,WE,Towers with Radar,0,0,6,0,6,0,0,129,0,129,0,0,135,0,135,160,0,160,295
07/29/2019,EMT,CA,AWP,WE,Towers with Radar,0,0,8,0,8,0,0,83,0,83,0,0,91,0,91,84,0,84,175
07/30/2019,EMT,CA,AWP,WE,Towers with Radar,0,0,8,0,8,0,0,105,0,105,0,0,113,0,113,162,0,162,275
07/31/2019,EMT,CA,AWP,WE,Towers with Radar,0,0,8,0,8,0,2,79,0,81,0,2,87,0,89,84,0,84,173
08/01/2019,EMT,CA,AWP,WE,Towers with Radar,0,0,6,0,6,0,4,101,0,105,0,4,107,0,111,226,0,226,337
08/02/2019,EMT,CA,AWP,WE,Towers with Radar,0,0,5,0,5,0,0,122,0,122,0,0,127,0,127,132,0,132,259
08/03/2019,EMT,CA,AWP,WE,Towers with Radar,0,0,10,0,10,0,0,78,0,78,0,0,88,0,88,158,0,158,246
08/04/2019,EMT,CA,AWP,WE,Towers with Radar,0,0,11,0,11,0,4,123,0,127,0,4,134,0,138,204,0,204,342
08/05/2019,EMT,CA,AWP,WE,Towers with Radar,0,0,5,0,5,0,0,81,1,82,0,0,86,1,87,148,0,148,235
08/06/2019,EMT,CA,AWP,WE,Towers with Radar,0,0,7,0,7,0,0,94,0,94,0,0,101,0,101,134,0,134,235
08/07/2019,EMT,CA,AWP,WE,Towers with Radar,0,0,11,0,11,0,0,85,0,85,0,0,96,0,96,174,0,174,270
08/08/2019,EMT,CA,AWP,WE,Towers with Radar,0,0,7,0,7,0,0,90,0,90,0,0,97,0,97,172,0,172,269
08/09/2019,EMT,CA,AWP,WE,Towers with Radar,0,0,11,0,11,0,2,93,0,95,0,2,104,0,106,142,0,142,248
08/10/2019,EMT,CA,AWP,WE,Towers with Radar,0,0,7,0,7,0,0,110,0,110,0,0,117,0,117,152,0,152,269
08/11/2019,EMT,CA,AWP,WE,Towers with Radar,0,0,7,0,7,0,0,120,0,120,0,0,127,0,127,184,0,184,311
08/12/2019,EMT,CA,AWP,WE,Towers with Radar,0,0,4,0,4,0,0,84,0,84,0,0,88,0,88,178,0,178,266
08/13/2019,EMT,CA,AWP,WE,Towers with Radar,0,0,7,0,7,0,0,93,0,93,0,0,100,0,100,184,0,184,284
08/14/2019,EMT,CA,AWP,WE,Towers with Radar,0,0,6,0,6,0,0,83,0,83,0,0,89,0,89,176,0,176,265
08/15/2019,EMT,CA,AWP,WE,Towers with Radar,0,0,11,0,11,0,1,78,0,79,0,1,89,0,90,138,0,138,228
08/16/2019,EMT,CA,AWP,WE,Towers with Radar,0,0,8,0,8,0,3,91,0,94,0,3,99,0,102,232,0,232,334
08/17/2019,EMT,CA,AWP,WE,Towers with Radar,0,5,8,0,13,0,2,85,0,87,0,7,93,0,100,100,0,100,200
08/18/2019,EMT,CA,AWP,WE,Towers with Radar,0,0,8,0,8,0,2,120,0,122,0,2,128,0,130,192,0,192,322
08/19/2019,EMT,CA,AWP,WE,Towers with Radar,0,0,7,0,7,0,0,62,0,62,0,0,69,0,69,146,0,146,215
08/20/2019,EMT,CA,AWP,WE,Towers with Radar,0,0,6,0,6,0,1,79,0,80,0,1,85,0,86,244,0,244,330
08/21/2019,EMT,CA,AWP,WE,Towers with Radar,0,2,4,0,6,0,1,115,0,116,0,3,119,0,122,96,0,96,218
08/22/2019,EMT,CA,AWP,WE,Towers with Radar,0,0,6,2,8,0,0,100,0,100,0,0,106,2,108,123,0,123,231
08/23/2019,EMT,CA,AWP,WE,Towers with Radar,0,2,8,0,10,0,0,74,0,74,0,2,82,0,84,118,0,118,202
08/24/2019,EMT,CA,AWP,WE,Towers with Radar,0,0,7,0,7,0,0,113,0,113,0,0,120,0,120,118,0,118,238
08/25/2019,EMT,CA,AWP,WE,Towers with Radar,0,0,2,0,2,0,0,89,0,89,0,0,91,0,91,130,0,130,221
08/26/2019,EMT,CA,AWP,WE,Towers with Radar,0,1,5,0,6,0,0,91,0,91,0,1,96,0,97,68,0,68,165
08/27/2019,EMT,CA,AWP,WE,Towers with Radar,0,0,5,0,5,0,2,79,0,81,0,2,84,0,86,200,0,200,286
08/28/2019,EMT,CA,AWP,WE,Towers with Radar,0,0,15,0,15,0,0,57,2,59,0,0,72,2,74,124,2,126,200
08/29/2019,EMT,CA,AWP,WE,Towers with Radar,0,0,10,0,10,0,0,83,2,85,0,0,93,2,95,138,0,138,233
08/30/2019,EMT,CA,AWP,WE,Towers with Radar,0,1,6,0,7,0,2,89,0,91,0,3,95,0,98,156,0,156,254
08/31/2019,EMT,CA,AWP,WE,Towers with Radar,0,0,6,0,6,0,0,105,0,105,0,0,111,0,111,102,0,102,213
09/01/2019,EMT,CA,AWP,WE,Towers with Radar,0,0,6,0,6,0,0,92,0,92,0,0,98,0,98,140,0,140,238
09/02/2019,EMT,CA,AWP,WE,Towers with Radar,0,0,2,0,2,0,0,87,0,87,0,0,89,0,89,96,0,96,185
09/03/2019,EMT,CA,AWP,WE,Towers with Radar,0,0,7,0,7,0,0,58,0,58,0,0,65,0,65,104,0,104,169
09/04/2019,EMT,CA,AWP,WE,Towers with Radar,0,0,10,0,10,0,1,90,0,91,0,1,100,0,101,144,0,144,245
09/05/2019,EMT,CA,AWP,WE,Towers with Radar,0,0,3,0,3,0,2,83,0,85,0,2,86,0,88,170,0,170,258
09/06/2019,EMT,CA,AWP,WE,Towers with Radar,0,0,11,0,11,0,0,72,0,72,0,0,83,0,83,298,0,298,381
09/07/2019,EMT,CA,AWP,WE,Towers with Radar,0,1,11,0,12,0,0,127,0,127,0,1,138,0,139,131,0,131,270
09/08/2019,EMT,CA,AWP,WE,Towers with Radar,0,0,11,0,11,0,1,106,0,107,0,1,117,0,118,182,0,182,300
09/09/2019,EMT,CA,AWP,WE,Towers with Radar,0,0,4,0,4,0,0,73,0,73,0,0,77,0,77,104,0,104,181
09/10/2019,EMT,CA,AWP,WE,Towers with Radar,0,1,9,0,10,0,0,43,1,44,0,1,52,1,54,128,0,128,182
09/11/2019,EMT,CA,AWP,WE,Towers with Radar,0,0,4,0,4,0,0,103,1,104,0,0,107,1,108,197,0,197,305
09/12/2019,EMT,CA,AWP,WE,Towers with Radar,0,1,12,0,13,0,0,85,0,85,0,1,97,0,98,118,0,118,216
09/13/2019,EMT,CA,AWP,WE,Towers with Radar,0,2,6,0,8,0,0,88,0,88,0,2,94,0,96,144,0,144,240
09/14/2019,EMT,CA,AWP,WE,Towers with Radar,0,0,10,0,10,0,0,108,0,108,0,0,118,0,118,56,0,56,174
09/15/2019,EMT,CA,AWP,WE,Towers with Radar,0,0,6,0,6,0,0,81,0,81,0,0,87,0,87,172,0,172,259
09/16/2019,EMT,CA,AWP,WE,Towers with Radar,0,0,4,0,4,0,2,64,0,66,0,2,68,0,70,142,0,142,212
09/17/2019,EMT,CA,AWP,WE,Towers with Radar,0,2,3,0,5,0,0,40,1,41,0,2,43,1,46,126,0,126,172
09/18/2019,EMT,CA,AWP,WE,Towers with Radar,0,0,6,0,6,0,0,72,0,72,0,0,78,0,78,138,0,138,216
09/19/2019,EMT,CA,AWP,WE,Towers with Radar,0,0,6,0,6,0,0,71,0,71,0,0,77,0,77,138,0,138,215
09/20/2019,EMT,CA,AWP,WE,Towers with Radar,0,2,7,1,10,0,3,116,0,119,0,5,123,1,129,182,0,182,311
09/21/2019,EMT,CA,AWP,WE,Towers with Radar,0,2,3,0,5,0,0,133,0,133,0,2,136,0,138,131,0,131,269
09/22/2019,EMT,CA,AWP,WE,Towers with Radar,0,0,9,0,9,0,0,102,0,102,0,0,111,0,111,180,0,180,291
09/23/2019,EMT,CA,AWP,WE,Towers with Radar,0,0,9,0,9,0,0,85,0,85,0,0,94,0,94,68,0,68,162
09/24/2019,EMT,CA,AWP,WE,Towers with Radar,0,0,1,0,1,0,0,73,0,73,0,0,74,0,74,110,0,110,184
09/25/2019,EMT,CA,AWP,WE,Towers with Radar,0,0,12,0,12,0,0,104,0,104,0,0,116,0,116,148,0,148,264
09/26/2019,EMT,CA,AWP,WE,Towers with Radar,0,0,15,0,15,0,0,36,0,36,0,0,51,0,51,210,0,210,261
09/27/2019,EMT,CA,AWP,WE,Towers with Radar,0,0,19,0,19,0,1,47,0,48,0,1,66,0,67,162,0,162,229
09/28/2019,EMT,CA,AWP,WE,Towers with Radar,0,0,10,0,10,0,0,33,0,33,0,0,43,0,43,140,0,140,183
09/29/2019,EMT,CA,AWP,WE,Towers with Radar,0,0,7,0,7,0,0,86,0,86,0,0,93,0,93,118,0,118,211
09/30/2019,EMT,CA,AWP,WE,Towers with Radar,0,0,11,0,11,0,0,92,0,92,0,0,103,0,103,112,0,112,215
10/01/2019,EMT,CA,AWP,WE,Towers with Radar,0,0,5,0,5,0,1,76,1,78,0,1,81,1,83,144,0,144,227
10/02/2019,EMT,CA,AWP,WE,Towers with Radar,0,0,6,0,6,0,1,95,0,96,0,1,101,0,102,214,0,214,316
10/03/2019,EMT,CA,AWP,WE,Towers with Radar,0,0,9,0,9,0,3,90,0,93,0,3,99,0,102,176,0,176,278
10/04/2019,EMT,CA,AWP,WE,Towers with Radar,0,1,6,0,7,0,0,99,1,100,0,1,105,1,107,166,0,166,273
10/05/2019,EMT,CA,AWP,WE,Towers with Radar,0,0,13,0,13,0,0,124,0,124,0,0,137,0,137,230,0,230,367
10/06/2019,EMT,CA,AWP,WE,Towers with Radar,0,3,6,0,9,0,0,114,0,114,0,3,120,0,123,152,0,152,275
10/07/2019,EMT,CA,AWP,WE,Towers with Radar,0,2,11,0,13,0,0,77,0,77,0,2,88,0,90,132,0,132,222
10/08/2019,EMT,CA,AWP,WE,Towers with Radar,0,2,7,0,9,0,2,95,0,97,0,4,102,0,106,150,0,150,256
10/09/2019,EMT,CA,AWP,WE,Towers with Radar,0,0,9,0,9,0,0,110,0,110,0,0,119,0,119,248,0,248,367
10/10/2019,EMT,CA,AWP,WE,Towers with Radar,0,0,1,0,1,0,0,75,0,75,0,0,76,0,76,210,0,210,286
10/11/2019,EMT,CA,AWP,WE,Towers with Radar,0,0,3,0,3,0,3,77,0,80,0,3,80,0,83,144,0,144,227
10/12/2019,EMT,CA,AWP,WE,Towers with Radar,0,0,8,0,8,0,0,111,0,111,0,0,119,0,119,134,0,134,253
10/13/2019,EMT,CA,AWP,WE,Towers with Radar,0,0,5,0,5,0,0,178,0,178,0,0,183,0,183,234,0,234,417
10/14/2019,EMT,CA,AWP,WE,Towers with Radar,0,0,4,0,4,0,0,94,0,94,0,0,98,0,98,218,0,218,316
10/15/2019,EMT,CA,AWP,WE,Towers with Radar,0,0,6,0,6,0,0,94,0,94,0,0,100,0,100,252,0,252,352
10/16/2019,EMT,CA,AWP,WE,Towers with Radar,0,0,9,0,9,0,1,102,0,103,0,1,111,0,112,281,0,281,393
10/17/2019,EMT,CA,AWP,WE,Towers with Radar,0,0,5,0,5,0,0,84,0,84,0,0,89,0,89,142,0,142,231
10/18/2019,EMT,CA,AWP,WE,Towers with Radar,0,0,6,0,6,0,0,85,0,85,0,0,91,0,91,172,0,172,263
10/19/2019,EMT,CA,AWP,WE,Towers with Radar,0,0,8,0,8,0,0,109,0,109,0,0,117,0,117,156,0,156,273
10/20/2019,EMT,CA,AWP,WE,Towers with Radar,0,0,10,0,10,0,0,130,0,130,0,0,140,0,140,166,0,166,306
10/21/2019,EMT,CA,AWP,WE,Towers with Radar,0,0,6,0,6,0,0,109,0,109,0,0,115,0,115,144,0,144,259
10/22/2019,EMT,CA,AWP,WE,Towers with Radar,0,0,10,0,10,0,0,89,0,89,0,0,99,0,99,94,0,94,193
10/23/2019,EMT,CA,AWP,WE,Towers with Radar,0,0,7,0,7,0,0,134,0,134,0,0,141,0,141,206,0,206,347
10/24/2019,EMT,CA,AWP,WE,Towers with Radar,0,0,6,0,6,0,0,84,0,84,0,0,90,0,90,178,0,178,268
10/25/2019,EMT,CA,AWP,WE,Towers with Radar,0,0,9,0,9,0,0,104,0,104,0,0,113,0,113,207,0,207,320
10/26/2019,EMT,CA,AWP,WE,Towers with Radar,0,0,8,0,8,0,0,282,0,282,0,0,290,0,290,26,0,26,316
10/27/2019,EMT,CA,AWP,WE,Towers with Radar,0,0,11,0,11,0,0,147,0,147,0,0,158,0,158,54,0,54,212
10/28/2019,EMT,CA,AWP,WE,Towers with Radar,0,0,9,0,9,0,1,96,0,97,0,1,105,0,106,160,0,160,266
10/29/2019,EMT,CA,AWP,WE,Towers with Radar,0,0,8,0,8,0,0,85,0,85,0,0,93,0,93,216,0,216,309
10/30/2019,EMT,CA,AWP,WE,Towers with Radar,0,0,3,0,3,0,0,29,0,29,0,0,32,0,32,82,0,82,114
10/31/2019,EMT,CA,AWP,WE,Towers with Radar,0,0,13,0,13,0,0,99,0,99,0,0,112,0,112,214,0,214,326
11/01/2019,EMT,CA,AWP,WE,Towers with Radar,0,0,13,0,13,0,1,125,0,126,0,1,138,0,139,180,0,180,319
11/02/2019,EMT,CA,AWP,WE,Towers with Radar,0,0,6,0,6,0,0,110,0,110,0,0,116,0,116,106,0,106,222
11/03/2019,EMT,CA,AWP,WE,Towers with Radar,0,0,6,0,6,0,0,139,0,139,0,0,145,0,145,122,0,122,267
11/04/2019,EMT,CA,AWP,WE,Towers with Radar,0,1,5,0,6,0,1,89,0,90,0,2,94,0,96,178,0,178,274
11/05/2019,EMT,CA,AWP,WE,Towers with Radar,0,1,3,0,4,0,3,125,0,128,0,4,128,0,132,372,0,372,504
11/06/2019,EMT,CA,AWP,WE,Towers with Radar,0,0,8,0,8,0,0,122,0,122,0,0,130,0,130,184,0,184,314
11/07/2019,EMT,CA,AWP,WE,Towers with Radar,0,0,10,0,10,0,0,119,0,119,0,0,129,0,129,122,0,122,251
11/08/2019,EMT,CA,AWP,WE,Towers with Radar,0,0,11,0,11,0,1,104,0,105,0,1,115,0,116,94,0,94,210
11/09/2019,EMT,CA,AWP,WE,Towers with Radar,0,0,6,0,6,0,0,119,0,119,0,0,125,0,125,116,0,116,241
11/10/2019,EMT,CA,AWP,WE,Towers with Radar,0,1,12,0,13,0,1,134,0,135,0,2,146,0,148,116,0,116,264
11/11/2019,EMT,CA,AWP,WE,Towers with Radar,0,0,8,0,8,0,1,121,1,123,0,1,129,1,131,130,0,130,261
11/12/2019,EMT,CA,AWP,WE,Towers with Radar,0,0,11,0,11,0,0,86,2,88,0,0,97,2,99,116,0,116,215
11/13/2019,EMT,CA,AWP,WE,Towers with Radar,0,0,8,0,8,0,4,71,0,75,0,4,79,0,83,156,0,156,239
11/14/2019,EMT,CA,AWP,WE,Towers with Radar,0,0,18,0,18,0,0,40,0,40,0,0,58,0,58,90,0,90,148
11/15/2019,EMT,CA,AWP,WE,Towers with Radar,0,0,6,0,6,0,2,65,0,67,0,2,71,0,73,146,0,146,219
11/16/2019,EMT,CA,AWP,WE,Towers with Radar,0,0,13,0,13,0,0,122,0,122,0,0,135,0,135,190,0,190,325
11/17/2019,EMT,CA,AWP,WE,Towers with Radar,0,0,7,0,7,0,0,152,0,152,0,0,159,0,159,160,0,160,319
11/18/2019,EMT,CA,AWP,WE,Towers with Radar,0,0,4,0,4,0,2,74,0,76,0,2,78,0,80,156,0,156,236
11/19/2019,EMT,CA,AWP,WE,Towers with Radar,0,0,11,0,11,0,0,86,0,86,0,0,97,0,97,238,0,238,335
11/20/2019,EMT,CA,AWP,WE,Towers with Radar,0,0,2,0,2,0,1,9,0,10,0,1,11,0,12,0,0,0,12
11/21/2019,EMT,CA,AWP,WE,Towers with Radar,0,2,8,0,10,0,0,74,0,74,0,2,82,0,84,126,0,126,210
11/22/2019,EMT,CA,AWP,WE,Towers with Radar,0,0,13,0,13,0,2,84,0,86,0,2,97,0,99,170,0,170,269
11/23/2019,EMT,CA,AWP,WE,Towers with Radar,0,0,4,0,4,0,0,137,0,137,0,0,141,0,141,210,0,210,351
11/24/2019,EMT,CA,AWP,WE,Towers with Radar,0,0,4,0,4,0,0,158,0,158,0,0,162,0,162,148,0,148,310
11/25/2019,EMT,CA,AWP,WE,Towers with Radar,0,0,6,0,6,0,2,92,0,94,0,2,98,0,100,222,0,222,322
11/26/2019,EMT,CA,AWP,WE,Towers with Radar,0,0,13,0,13,0,6,85,0,91,0,6,98,0,104,194,0,194,298
11/27/2019,EMT,CA,AWP,WE,Towers with Radar,0,0,1,0,1,0,0,6,0,6,0,0,7,0,7,0,0,0,7
11/28/2019,EMT,CA,AWP,WE,Towers with Radar,0,0,0,0,0,0,0,4,0,4,0,0,4,0,4,0,0,0,4
11/29/2019,EMT,CA,AWP,WE,Towers with Radar,0,0,0,0,0,0,0,43,0,43,0,0,43,0,43,142,0,142,185
11/30/2019,EMT,CA,AWP,WE,Towers with Radar,0,0,8,0,8,0,0,93,0,93,0,0,101,0,101,156,0,156,257
12/01/2019,EMT,CA,AWP,WE,Towers with Radar,0,0,8,0,8,0,0,93,0,93,0,0,101,0,101,154,0,154,255
12/02/2019,EMT,CA,AWP,WE,Towers with Radar,0,0,10,0,10,0,0,68,0,68,0,0,78,0,78,230,0,230,308
12/03/2019,EMT,CA,AWP,WE,Towers with Radar,0,0,2,0,2,0,0,57,0,57,0,0,59,0,59,178,0,178,237
12/04/2019,EMT,CA,AWP,WE,Towers with Radar,0,0,1,0,1,0,0,1,0,1,0,0,2,0,2,10,0,10,12
12/05/2019,EMT,CA,AWP,WE,Towers with Radar,0,0,8,0,8,0,0,71,0,71,0,0,79,0,79,136,0,136,215
12/06/2019,EMT,CA,AWP,WE,Towers with Radar,0,0,8,0,8,0,0,74,0,74,0,0,82,0,82,142,0,142,224
12/07/2019,EMT,CA,AWP,WE,Towers with Radar,0,0,7,0,7,0,0,11,0,11,0,0,18,0,18,76,0,76,94
12/08/2019,EMT,CA,AWP,WE,Towers with Radar,0,0,0,0,0,0,0,5,0,5,0,0,5,0,5,8,0,8,13
12/09/2019,EMT,CA,AWP,WE,Towers with Radar,0,0,20,0,20,0,1,73,0,74,0,1,93,0,94,200,0,200,294
12/10/2019,EMT,CA,AWP,WE,Towers with Radar,0,0,5,0,5,0,1,117,0,118,0,1,122,0,123,174,0,174,297
12/11/2019,EMT,CA,AWP,WE,Towers with Radar,0,2,9,0,11,0,1,125,0,126,0,3,134,0,137,182,0,182,319
12/12/2019,EMT,CA,AWP,WE,Towers with Radar,0,0,6,0,6,0,2,87,0,89,0,2,93,0,95,132,0,132,227
12/13/2019,EMT,CA,AWP,WE,Towers with Radar,0,0,8,0,8,0,0,96,0,96,0,0,104,0,104,186,0,186,290
12/14/2019,EMT,CA,AWP,WE,Towers with Radar,0,1,17,0,18,0,0,18,0,18,0,1,35,0,36,54,0,54,90
12/15/2019,EMT,CA,AWP,WE,Towers with Radar,0,0,5,0,5,0,0,120,0,120,0,0,125,0,125,186,0,186,311
12/16/2019,EMT,CA,AWP,WE,Towers with Radar,0,0,6,0,6,0,2,88,0,90,0,2,94,0,96,162,0,162,258
12/17/2019,EMT,CA,AWP,WE,Towers with Radar,0,0,7,0,7,0,2,70,0,72,0,2,77,0,79,202,0,202,281
12/18/2019,EMT,CA,AWP,WE,Towers with Radar,0,0,11,0,11,0,5,126,1,132,0,5,137,1,143,136,0,136,279
12/19/2019,EMT,CA,AWP,WE,Towers with Radar,0,0,8,0,8,0,0,113,0,113,0,0,121,0,121,178,0,178,299
12/20/2019,EMT,CA,AWP,WE,Towers with Radar,0,0,6,0,6,0,0,118,0,118,0,0,124,0,124,186,0,186,310
12/21/2019,EMT,CA,AWP,WE,Towers with Radar,0,0,12,0,12,0,0,97,0,97,0,0,109,0,109,160,0,160,269
12/22/2019,EMT,CA,AWP,WE,Towers with Radar,0,0,6,0,6,0,0,104,0,104,0,0,110,0,110,98,0,98,208
12/23/2019,EMT,CA,AWP,WE,Towers with Radar,0,0,6,0,6,0,0,11,0,11,0,0,17,0,17,8,0,8,25
12/24/2019,EMT,CA,AWP,WE,Towers with Radar,0,0,8,0,8,0,0,70,0,70,0,0,78,0,78,44,0,44,122
12/25/2019,EMT,CA,AWP,WE,Towers with Radar,0,0,2,0,2,0,0,12,0,12,0,0,14,0,14,54,0,54,68
12/26/2019,EMT,CA,AWP,WE,Towers with Radar,0,0,5,0,5,0,0,13,0,13,0,0,18,0,18,60,0,60,78
12/27/2019,EMT,CA,AWP,WE,Towers with Radar,0,1,12,0,13,0,1,116,0,117,0,2,128,0,130,144,0,144,274
12/28/2019,EMT,CA,AWP,WE,Towers with Radar,0,0,9,0,9,0,0,122,0,122,0,0,131,0,131,170,0,170,301
12/29/2019,EMT,CA,AWP,WE,Towers with Radar,0,0,10,0,10,0,0,89,0,89,0,0,99,0,99,146,0,146,245
12/30/2019,EMT,CA,AWP,WE,Towers with Radar,0,0,7,0,7,0,0,72,0,72,0,0,79,0,79,204,0,204,283
12/31/2019,EMT,CA,AWP,WE,Towers with Radar,0,0,7,0,7,0,0,83,0,83,0,0,90,0,90,174,0,174,264
01/01/2020,EMT,CA,AWP,WE,Towers with Radar,0,0,5,0,5,0,0,54,0,54,0,0,59,0,59,54,0,54,113
01/02/2020,EMT,CA,AWP,WE,Towers with Radar,0,0,8,0,8,0,0,92,0,92,0,0,100,0,100,120,0,120,220
01/03/2020,EMT,CA,AWP,WE,Towers with Radar,0,0,12,0,12,0,4,97,0,101,0,4,109,0,113,126,0,126,239
01/04/2020,EMT,CA,AWP,WE,Towers with Radar,0,0,14,0,14,0,0,125,0,125,0,0,139,0,139,162,0,162,301
01/05/2020,EMT,CA,AWP,WE,Towers with Radar,0,0,10,0,10,0,0,107,0,107,0,0,117,0,117,156,0,156,273
01/06/2020,EMT,CA,AWP,WE,Towers with Radar,0,0,11,0,11,0,2,70,0,72,0,2,81,0,83,136,0,136,219
01/07/2020,EMT,CA,AWP,WE,Towers with Radar,0,0,10,0,10,0,0,90,0,90,0,0,100,0,100,134,0,134,234
01/08/2020,EMT,CA,AWP,WE,Towers with Radar,0,0,14,0,14,0,0,86,0,86,0,0,100,0,100,144,0,144,244
01/09/2020,EMT,CA,AWP,WE,Towers with Radar,0,0,13,0,13,0,0,56,0,56,0,0,69,0,69,136,0,136,205
01/10/2020,EMT,CA,AWP,WE,Towers with Radar,0,0,6,0,6,0,0,130,0,130,0,0,136,0,136,124,0,124,260
01/11/2020,EMT,CA,AWP,WE,Towers with Radar,0,0,21,0,21,0,0,104,0,104,0,0,125,0,125,168,0,168,293
01/12/2020,EMT,CA,AWP,WE,Towers with Radar,0,0,12,0,12,0,0,135,0,135,0,0,147,0,147,182,0,182,329
01/13/2020,EMT,CA,AWP,WE,Towers with Radar,0,0,11,0,11,0,2,69,0,71,0,2,80,0,82,156,0,156,238
01/14/2020,EMT,CA,AWP,WE,Towers with Radar,0,0,5,0,5,0,0,78,2,80,0,0,83,2,85,184,0,184,269
01/15/2020,EMT,CA,AWP,WE,Towers with Radar,0,1,10,0,11,0,0,47,0,47,0,1,57,0,58,162,0,162,220
01/16/2020,EMT,CA,AWP,WE,Towers with Radar,0,0,15,0,15,0,0,20,0,20,0,0,35,0,35,128,0,128,163
01/17/2020,EMT,CA,AWP,WE,Towers with Radar,0,1,9,0,10,0,0,79,0,79,0,1,88,0,89,162,0,162,251
01/18/2020,EMT,CA,AWP,WE,Towers with Radar,0,0,5,0,5,0,0,141,0,141,0,0,146,0,146,154,0,154,300
01/19/2020,EMT,CA,AWP,WE,Towers with Radar,0,0,9,0,9,0,0,125,0,125,0,0,134,0,134,144,0,144,278
01/20/2020,EMT,CA,AWP,WE,Towers with Radar,0,1,9,0,10,0,2,104,0,106,0,3,113,0,116,140,0,140,256
01/21/2020,EMT,CA,AWP,WE,Towers with Radar,0,2,16,0,18,0,0,33,0,33,0,2,49,0,51,180,0,180,231
01/22/2020,EMT,CA,AWP,WE,Towers with Radar,0,1,5,0,6,0,2,100,0,102,0,3,105,0,108,188,0,188,296
01/23/2020,EMT,CA,AWP,WE,Towers with Radar,0,0,12,0,12,0,2,111,0,113,0,2,123,0,125,124,0,124,249
01/24/2020,EMT,CA,AWP,WE,Towers with Radar,0,0,7,0,7,0,0,105,0,105,0,0,112,0,112,246,0,246,358
01/25/2020,EMT,CA,AWP,WE,Towers with Radar,0,2,9,0,11,0,0,101,0,101,0,2,110,0,112,166,0,166,278
01/26/2020,EMT,CA,AWP,WE,Towers with Radar,0,0,24,0,24,0,0,4,0,4,0,0,28,0,28,32,0,32,60
01/27/2020,EMT,CA,AWP,WE,Towers with Radar,0,0,5,0,5,0,1,65,0,66,0,1,70,0,71,188,0,188,259
01/28/2020,EMT,CA,AWP,WE,Towers with Radar,0,0,4,0,4,0,1,97,0,98,0,1,101,0,102,188,0,188,290
01/29/2020,EMT,CA,AWP,WE,Towers with Radar,0,0,2,0,2,0,1,39,0,40,0,1,41,0,42,142,0,142,184
01/30/2020,EMT,CA,AWP,WE,Towers with Radar,0,1,13,0,14,0,0,95,0,95,0,1,108,0,109,188,0,188,297
01/31/2020,EMT,CA,AWP,WE,Towers with Radar,0,0,8,0,8,0,0,102,0,102,0,0,110,0,110,200,0,200,310
02/01/2020,EMT,CA,AWP,WE,Towers with Radar,0,0,9,0,9,0,0,118,0,118,0,0,127,0,127,154,0,154,281
02/02/2020,EMT,CA,AWP,WE,Towers with Radar,0,0,3,0,3,0,0,91,0,91,0,0,94,0,94,180,0,180,274
02/03/2020,EMT,CA,AWP,WE,Towers with Radar,0,0,3,0,3,0,0,30,0,30,0,0,33,0,33,86,0,86,119
02/04/2020,EMT,CA,AWP,WE,Towers with Radar,0,0,4,0,4,0,0,44,0,44,0,0,48,0,48,174,0,174,222
02/05/2020,EMT,CA,AWP,WE,Towers with Radar,0,0,8,0,8,0,3,97,0,100,0,3,105,0,108,116,0,116,224
02/06/2020,EMT,CA,AWP,WE,Towers with Radar,0,0,9,0,9,0,0,109,0,109,0,0,118,0,118,192,0,192,310
02/07/2020,EMT,CA,AWP,WE,Towers with Radar,0,0,15,0,15,0,2,120,0,122,0,2,135,0,137,162,0,162,299
02/08/2020,EMT,CA,AWP,WE,Towers with Radar,0,0,14,0,14,0,0,113,0,113,0,0,127,0,127,148,0,148,275
02/09/2020,EMT,CA,AWP,WE,Towers with Radar,0,0,6,0,6,0,1,18,0,19,0,1,24,0,25,90,0,90,115
02/10/2020,EMT,CA,AWP,WE,Towers with Radar,0,0,2,0,2,0,0,48,0,48,0,0,50,0,50,144,0,144,194
02/11/2020,EMT,CA,AWP,WE,Towers with Radar,0,0,3,0,3,0,2,73,0,75,0,2,76,0,78,228,0,228,306
02/12/2020,EMT,CA,AWP,WE,Towers with Radar,0,0,8,0,8,0,1,107,0,108,0,1,115,0,116,212,0,212,328
02/13/2020,EMT,CA,AWP,WE,Towers with Radar,0,0,7,0,7,0,0,123,0,123,0,0,130,0,130,136,0,136,266
02/14/2020,EMT,CA,AWP,WE,Towers with Radar,0,0,14,0,14,0,0,115,0,115,0,0,129,0,129,130,0,130,259
02/15/2020,EMT,CA,AWP,WE,Towers with Radar,0,0,4,0,4,0,0,133,0,133,0,0,137,0,137,200,0,200,337
02/16/2020,EMT,CA,AWP,WE,Towers with Radar,0,0,9,0,9,0,1,112,0,113,0,1,121,0,122,190,0,190,312
02/17/2020,EMT,CA,AWP,WE,Towers with Radar,0,0,13,0,13,0,0,86,0,86,0,0,99,0,99,148,0,148,247
02/18/2020,EMT,CA,AWP,WE,Towers with Radar,0,1,5,0,6,0,0,41,0,41,0,1,46,0,47,74,0,74,121
02/19/2020,EMT,CA,AWP,WE,Towers with Radar,0,0,5,0,5,0,1,82,0,83,0,1,87,0,88,210,0,210,298
02/20/2020,EMT,CA,AWP,WE,Towers with Radar,0,0,7,0,7,0,2,84,0,86,0,2,91,0,93,134,0,134,227
02/21/2020,EMT,CA,AWP,WE,Towers with Radar,0,0,13,0,13,0,0,86,0,86,0,0,99,0,99,190,0,190,289
02/22/2020,EMT,CA,AWP,WE,Towers with Radar,0,0,12,0,12,0,0,33,0,33,0,0,45,0,45,120,0,120,165
02/23/2020,EMT,CA,AWP,WE,Towers with Radar,0,1,14,0,15,0,0,92,0,92,0,1,106,0,107,270,0,270,377
02/24/2020,EMT,CA,AWP,WE,Towers with Radar,0,0,14,0,14,0,1,87,0,88,0,1,101,0,102,154,0,154,256
02/25/2020,EMT,CA,AWP,WE,Towers with Radar,0,0,7,0,7,0,0,93,0,93,0,0,100,0,100,160,0,160,260
02/26/2020,EMT,CA,AWP,WE,Towers with Radar,0,0,9,0,9,0,2,127,0,129,0,2,136,0,138,194,0,194,332
02/27/2020,EMT,CA,AWP,WE,Towers with Radar,0,0,11,0,11,0,2,84,0,86,0,2,95,0,97,190,0,190,287
02/28/2020,EMT,CA,AWP,WE,Towers with Radar,0,0,12,0,12,0,2,115,0,117,0,2,127,0,129,172,0,172,301
02/29/2020,EMT,CA,AWP,WE,Towers with Radar,0,0,8,0,8,0,0,111,0,111,0,0,119,0,119,214,0,214,333
03/01/2020,EMT,CA,AWP,WE,Towers with Radar,0,0,12,0,12,0,0,31,0,31,0,0,43,0,43,92,0,92,135
03/02/2020,EMT,CA,AWP,WE,Towers with Radar,0,0,3,0,3,0,0,49,0,49,0,0,52,0,52,60,0,60,112
03/03/2020,EMT,CA,AWP,WE,Towers with Radar,0,0,8,0,8,0,0,107,0,107,0,0,115,0,115,192,0,192,307
03/04/2020,EMT,CA,AWP,WE,Towers with Radar,0,0,13,0,13,0,1,84,1,86,0,1,97,1,99,102,0,102,201
03/05/2020,EMT,CA,AWP,WE,Towers with Radar,0,0,14,0,14,0,0,141,0,141,0,0,155,0,155,244,0,244,399
03/06/2020,EMT,CA,AWP,WE,Towers with Radar,0,0,13,0,13,0,0,86,6,92,0,0,99,6,105,106,0,106,211
03/07/2020,EMT,CA,AWP,WE,Towers with Radar,0,0,14,0,14,0,0,64,0,64,0,0,78,0,78,286,0,286,364
03/08/2020,EMT,CA,AWP,WE,Towers with Radar,0,0,8,0,8,0,0,84,0,84,0,0,92,0,92,232,0,232,324
03/09/2020,EMT,CA,AWP,WE,Towers with Radar,0,0,8,0,8,0,0,89,0,89,0,0,97,0,97,92,0,92,189
03/10/2020,EMT,CA,AWP,WE,Towers with Radar,0,2,4,0,6,0,0,3,0,3,0,2,7,0,9,2,0,2,11
03/11/2020,EMT,CA,AWP,WE,Towers with Radar,0,0,16,0,16,0,0,51,0,51,0,0,67,0,67,142,0,142,209
03/12/2020,EMT,CA,AWP,WE,Towers with Radar,0,0,1,0,1,0,0,6,0,6,0,0,7,0,7,0,0,0,7
03/13/2020,EMT,CA,AWP,WE,Towers with Radar,0,0,2,0,2,0,0,1,0,1,0,0,3,0,3,0,0,0,3
03/14/2020,EMT,CA,AWP,WE,Towers with Radar,0,0,7,0,7,0,0,6,0,6,0,0,13,0,13,62,0,62,75
03/15/2020,EMT,CA,AWP,WE,Towers with Radar,0,0,5,0,5,0,0,65,0,65,0,0,70,0,70,224,0,224,294
03/16/2020,EMT,CA,AWP,WE,Towers with Radar,0,0,2,0,2,0,0,9,0,9,0,0,11,0,11,26,0,26,37
03/17/2020,EMT,CA,AWP,WE,Towers with Radar,0,2,13,0,15,0,0,63,0,63,0,2,76,0,78,148,0,148,226
03/18/2020,EMT,CA,AWP,WE,Towers with Radar,0,1,9,0,10,0,1,73,0,74,0,2,82,0,84,190,0,190,274
03/19/2020,EMT,CA,AWP,WE,Towers with Radar,0,0,3,0,3,0,0,7,0,7,0,0,10,0,10,32,0,32,42
03/20/2020,EMT,CA,AWP,WE,Towers with Radar,0,0,4,0,4,0,0,52,0,52,0,0,56,0,56,152,0,152,208
03/21/2020,EMT,CA,AWP,WE,Towers with Radar,0,0,4,0,4,0,0,88,0,88,0,0,92,0,92,162,0,162,254
03/22/2020,EMT,CA,AWP,WE,Towers with Radar,0,0,4,0,4,0,0,39,0,39,0,0,43,0,43,47,0,47,90
03/23/2020,EMT,CA,AWP,WE,Towers with Radar,0,0,0,0,0,0,0,18,0,18,0,0,18,0,18,96,0,96,114
03/24/2020,EMT,CA,AWP,WE,Towers with Radar,0,0,4,0,4,0,0,12,0,12,0,0,16,0,16,24,0,24,40
03/25/2020,EMT,CA,AWP,WE,Towers with Radar,0,0,6,0,6,0,0,23,0,23,0,0,29,0,29,52,0,52,81
03/26/2020,EMT,CA,AWP,WE,Towers with Radar,0,0,2,0,2,0,0,31,0,31,0,0,33,0,33,20,0,20,53
03/27/2020,EMT,CA,AWP,WE,Towers with Radar,0,0,6,0,6,0,0,38,0,38,0,0,44,0,44,50,0,50,94
03/28/2020,EMT,CA,AWP,WE,Towers with Radar,0,0,1,0,1,0,0,63,0,63,0,0,64,0,64,104,0,104,168
03/29/2020,EMT,CA,AWP,WE,Towers with Radar,0,0,0,0,0,0,0,37,0,37,0,0,37,0,37,104,0,104,141
03/30/2020,EMT,CA,AWP,WE,Towers with Radar,0,0,4,0,4,0,0,50,2,52,0,0,54,2,56,46,0,46,102
03/31/2020,EMT,CA,AWP,WE,Towers with Radar,0,0,5,0,5,0,0,43,0,43,0,0,48,0,48,122,0,122,170
04/01/2020,EMT,CA,AWP,WE,Towers with Radar,0,0,3,0,3,0,0,45,0,45,0,0,48,0,48,100,0,100,148
04/02/2020,EMT,CA,AWP,WE,Towers with Radar,0,0,0,0,0,0,2,27,0,29,0,2,27,0,29,36,0,36,65
04/03/2020,EMT,CA,AWP,WE,Towers with Radar,0,0,4,0,4,0,0,59,0,59,0,0,63,0,63,40,0,40,103
04/04/2020,EMT,CA,AWP,WE,Towers with Radar,0,0,3,0,3,0,0,42,0,42,0,0,45,0,45,96,0,96,141
04/05/2020,EMT,CA,AWP,WE,Towers with Radar,0,0,2,0,2,0,0,8,0,8,0,0,10,0,10,12,0,12,22
04/06/2020,EMT,CA,AWP,WE,Towers with Radar,0,0,0,0,0,0,0,0,0,0,0,0,0,0,0,0,0,0,0
04/07/2020,EMT,CA,AWP,WE,Towers with Radar,0,0,4,0,4,0,0,5,0,5,0,0,9,0,9,22,0,22,31
04/08/2020,EMT,CA,AWP,WE,Towers with Radar,0,0,0,0,0,0,0,10,0,10,0,0,10,0,10,0,0,0,10
04/09/2020,EMT,CA,AWP,WE,Towers with Radar,0,0,4,0,4,0,0,0,0,0,0,0,4,0,4,40,0,40,44
04/10/2020,EMT,CA,AWP,WE,Towers with Radar,0,0,0,0,0,0,0,9,0,9,0,0,9,0,9,22,0,22,31
04/11/2020,EMT,CA,AWP,WE,Towers with Radar,0,1,5,0,6,0,1,84,0,85,0,2,89,0,91,136,0,136,227
04/12/2020,EMT,CA,AWP,WE,Towers with Radar,0,0,2,0,2,0,0,8,2,10,0,0,10,2,12,28,0,28,40
04/13/2020,EMT,CA,AWP,WE,Towers with Radar,0,0,4,0,4,0,0,15,0,15,0,0,19,0,19,96,0,96,115
04/14/2020,EMT,CA,AWP,WE,Towers with Radar,0,0,11,0,11,0,0,54,0,54,0,0,65,0,65,76,0,76,141
04/15/2020,EMT,CA,AWP,WE,Towers with Radar,0,0,4,0,4,0,0,83,0,83,0,0,87,0,87,86,0,86,173
04/16/2020,EMT,CA,AWP,WE,Towers with Radar,0,1,1,0,2,0,1,63,0,64,0,2,64,0,66,92,0,92,158
04/17/2020,EMT,CA,AWP,WE,Towers with Radar,0,0,3,0,3,0,0,24,0,24,0,0,27,0,27,42,0,42,69
04/18/2020,EMT,CA,AWP,WE,Towers with Radar,0,0,7,0,7,0,0,41,0,41,0,0,48,0,48,198,0,198,246
04/19/2020,EMT,CA,AWP,WE,Towers with Radar,0,0,5,0,5,0,0,47,0,47,0,0,52,0,52,64,0,64,116
04/20/2020,EMT,CA,AWP,WE,Towers with Radar,0,0,6,0,6,0,0,26,0,26,0,0,32,0,32,68,0,68,100
04/21/2020,EMT,CA,AWP,WE,Towers with Radar,0,0,3,0,3,0,0,63,0,63,0,0,66,0,66,158,0,158,224
04/22/2020,EMT,CA,AWP,WE,Towers with Radar,0,0,7,0,7,0,0,76,0,76,0,0,83,0,83,98,0,98,181
04/23/2020,EMT,CA,AWP,WE,Towers with Radar,0,1,4,0,5,0,0,77,0,77,0,1,81,0,82,124,0,124,206
04/24/2020,EMT,CA,AWP,WE,Towers with Radar,0,0,5,0,5,0,0,55,0,55,0,0,60,0,60,100,0,100,160
04/25/2020,EMT,CA,AWP,WE,Towers with Radar,0,0,4,0,4,0,0,71,0,71,0,0,75,0,75,108,0,108,183
04/26/2020,EMT,CA,AWP,WE,Towers with Radar,0,0,6,0,6,0,0,86,0,86,0,0,92,0,92,139,0,139,231
04/27/2020,EMT,CA,AWP,WE,Towers with Radar,0,0,3,0,3,0,1,56,0,57,0,1,59,0,60,124,0,124,184
04/28/2020,EMT,CA,AWP,WE,Towers with Radar,0,0,3,0,3,0,0,77,2,79,0,0,80,2,82,70,0,70,152
04/29/2020,EMT,CA,AWP,WE,Towers with Radar,0,0,7,0,7,0,0,35,0,35,0,0,42,0,42,146,0,146,188
04/30/2020,EMT,CA,AWP,WE,Towers with Radar,0,0,5,0,5,0,0,35,0,35,0,0,40,0,40,102,0,102,142
05/01/2020,EMT,CA,AWP,WE,Towers with Radar,0,0,3,0,3,0,0,76,0,76,0,0,79,0,79,142,0,142,221
05/02/2020,EMT,CA,AWP,WE,Towers with Radar,0,0,7,0,7,0,0,76,0,76,0,0,83,0,83,150,0,150,233
05/03/2020,EMT,CA,AWP,WE,Towers with Radar,0,0,3,0,3,0,0,83,0,83,0,0,86,0,86,122,0,122,208
05/04/2020,EMT,CA,AWP,WE,Towers with Radar,0,0,2,0,2,0,0,51,0,51,0,0,53,0,53,40,0,40,93
05/05/2020,EMT,CA,AWP,WE,Towers with Radar,0,0,4,0,4,0,0,78,0,78,0,0,82,0,82,88,0,88,170
05/06/2020,EMT,CA,AWP,WE,Towers with Radar,0,0,7,0,7,0,0,42,0,42,0,0,49,0,49,94,0,94,143
05/07/2020,EMT,CA,AWP,WE,Towers with Radar,0,0,5,0,5,0,0,49,0,49,0,0,54,0,54,128,0,128,182
05/08/2020,EMT,CA,AWP,WE,Towers with Radar,0,0,1,0,1,0,0,84,2,86,0,0,85,2,87,92,0,92,179
05/09/2020,EMT,CA,AWP,WE,Towers with Radar,0,0,8,0,8,0,0,82,0,82,0,0,90,0,90,118,0,118,208
05/10/2020,EMT,CA,AWP,WE,Towers with Radar,0,0,4,0,4,0,0,38,0,38,0,0,42,0,42,76,0,76,118
05/11/2020,EMT,CA,AWP,WE,Towers with Radar,0,0,7,0,7,0,0,53,0,53,0,0,60,0,60,60,0,60,120
05/12/2020,EMT,CA,AWP,WE,Towers with Radar,0,0,6,0,6,0,0,45,0,45,0,0,51,0,51,148,0,148,199
05/13/2020,EMT,CA,AWP,WE,Towers with Radar,0,0,6,0,6,0,0,66,0,66,0,0,72,0,72,122,0,122,194
05/14/2020,EMT,CA,AWP,WE,Towers with Radar,0,0,10,0,10,0,2,87,0,89,0,2,97,0,99,120,0,120,219
05/15/2020,EMT,CA,AWP,WE,Towers with Radar,0,0,9,0,9,0,0,70,0,70,0,0,79,0,79,148,0,148,227
05/16/2020,EMT,CA,AWP,WE,Towers with Radar,0,0,4,0,4,0,0,97,0,97,0,0,101,0,101,154,0,154,255
05/17/2020,EMT,CA,AWP,WE,Towers with Radar,0,1,13,0,14,0,0,73,0,73,0,1,86,0,87,116,0,116,203
05/18/2020,EMT,CA,AWP,WE,Towers with Radar,0,0,2,0,2,0,0,9,0,9,0,0,11,0,11,12,0,12,23
05/19/2020,EMT,CA,AWP,WE,Towers with Radar,0,0,11,0,11,0,0,79,0,79,0,0,90,0,90,218,0,218,308
05/20/2020,EMT,CA,AWP,WE,Towers with Radar,0,0,9,0,9,0,0,91,0,91,0,0,100,0,100,186,0,186,286
05/21/2020,EMT,CA,AWP,WE,Towers with Radar,0,0,9,0,9,0,2,101,2,105,0,2,110,2,114,184,0,184,298
05/22/2020,EMT,CA,AWP,WE,Towers with Radar,0,0,4,0,4,0,0,80,0,80,0,0,84,0,84,174,0,174,258
05/23/2020,EMT,CA,AWP,WE,Towers with Radar,0,0,12,0,12,0,0,87,0,87,0,0,99,0,99,140,0,140,239
05/24/2020,EMT,CA,AWP,WE,Towers with Radar,0,0,7,0,7,0,0,107,0,107,0,0,114,0,114,164,0,164,278
05/25/2020,EMT,CA,AWP,WE,Towers with Radar,0,0,6,0,6,0,0,78,2,80,0,0,84,2,86,264,0,264,350
05/26/2020,EMT,CA,AWP,WE,Towers with Radar,0,0,5,0,5,0,2,60,1,63,0,2,65,1,68,96,0,96,164
05/27/2020,EMT,CA,AWP,WE,Towers with Radar,0,0,4,0,4,0,0,82,0,82,0,0,86,0,86,142,0,142,228
05/28/2020,EMT,CA,AWP,WE,Towers with Radar,0,2,8,0,10,0,0,70,0,70,0,2,78,0,80,134,0,134,214
05/29/2020,EMT,CA,AWP,WE,Towers with Radar,0,0,9,0,9,0,0,34,0,34,0,0,43,0,43,158,0,158,201
05/30/2020,EMT,CA,AWP,WE,Towers with Radar,0,0,13,0,13,0,1,119,0,120,0,1,132,0,133,110,0,110,243
05/31/2020,EMT,CA,AWP,WE,Towers with Radar,0,0,10,0,10,0,0,119,0,119,0,0,129,0,129,142,0,142,271
06/01/2020,EMT,CA,AWP,WE,Towers with Radar,0,0,3,0,3,0,0,93,0,93,0,0,96,0,96,92,0,92,188
06/02/2020,EMT,CA,AWP,WE,Towers with Radar,0,0,10,0,10,0,0,81,0,81,0,0,91,0,91,118,0,118,209
06/03/2020,EMT,CA,AWP,WE,Towers with Radar,0,0,7,0,7,0,0,91,0,91,0,0,98,0,98,168,0,168,266
06/04/2020,EMT,CA,AWP,WE,Towers with Radar,0,0,4,0,4,0,0,106,0,106,0,0,110,0,110,116,0,116,226
06/05/2020,EMT,CA,AWP,WE,Towers with Radar,0,0,13,0,13,0,0,24,0,24,0,0,37,0,37,208,0,208,245
06/06/2020,EMT,CA,AWP,WE,Towers with Radar,0,0,16,0,16,0,0,36,0,36,0,0,52,0,52,250,0,250,302
06/07/2020,EMT,CA,AWP,WE,Towers with Radar,0,0,2,0,2,0,0,97,0,97,0,0,99,0,99,172,0,172,271
06/08/2020,EMT,CA,AWP,WE,Towers with Radar,0,0,4,0,4,0,0,49,0,49,0,0,53,0,53,112,0,112,165
06/09/2020,EMT,CA,AWP,WE,Towers with Radar,0,0,10,0,10,0,0,110,0,110,0,0,120,0,120,168,0,168,288
06/10/2020,EMT,CA,AWP,WE,Towers with Radar,0,0,4,0,4,0,0,83,0,83,0,0,87,0,87,178,0,178,265
06/11/2020,EMT,CA,AWP,WE,Towers with Radar,0,0,10,0,10,0,0,108,0,108,0,0,118,0,118,196,0,196,314
06/12/2020,EMT,CA,AWP,WE,Towers with Radar,0,0,8,0,8,0,0,106,0,106,0,0,114,0,114,184,0,184,298
06/13/2020,EMT,CA,AWP,WE,Towers with Radar,0,0,5,0,5,0,1,91,0,92,0,1,96,0,97,264,0,264,361
06/14/2020,EMT,CA,AWP,WE,Towers with Radar,0,0,13,0,13,0,0,118,0,118,0,0,131,0,131,136,0,136,267
06/15/2020,EMT,CA,AWP,WE,Towers with Radar,0,0,8,0,8,0,0,92,2,94,0,0,100,2,102,178,0,178,280
06/16/2020,EMT,CA,AWP,WE,Towers with Radar,0,0,20,0,20,0,0,51,0,51,0,0,71,0,71,214,0,214,285
06/17/2020,EMT,CA,AWP,WE,Towers with Radar,0,0,8,0,8,0,0,80,0,80,0,0,88,0,88,238,0,238,326
06/18/2020,EMT,CA,AWP,WE,Towers with Radar,0,2,8,0,10,0,0,51,0,51,0,2,59,0,61,168,0,168,229
06/19/2020,EMT,CA,AWP,WE,Towers with Radar,0,0,9,0,9,0,0,85,0,85,0,0,94,0,94,180,0,180,274
06/20/2020,EMT,CA,AWP,WE,Towers with Radar,0,0,17,0,17,0,0,73,0,73,0,0,90,0,90,224,0,224,314
06/21/2020,EMT,CA,AWP,WE,Towers with Radar,0,0,12,0,12,0,0,79,0,79,0,0,91,0,91,264,0,264,355
06/22/2020,EMT,CA,AWP,WE,Towers with Radar,0,0,9,0,9,0,0,59,0,59,0,0,68,0,68,82,0,82,150
06/23/2020,EMT,CA,AWP,WE,Towers with Radar,0,0,8,0,8,0,2,74,1,77,0,2,82,1,85,152,0,152,237
06/24/2020,EMT,CA,AWP,WE,Towers with Radar,0,0,9,0,9,0,0,67,0,67,0,0,76,0,76,170,0,170,246
06/25/2020,EMT,CA,AWP,WE,Towers with Radar,0,0,8,0,8,0,0,60,0,60,0,0,68,0,68,120,0,120,188
06/26/2020,EMT,CA,AWP,WE,Towers with Radar,0,0,7,0,7,0,0,99,2,101,0,0,106,2,108,202,0,202,310
06/27/2020,EMT,CA,AWP,WE,Towers with Radar,0,0,7,0,7,0,0,117,0,117,0,0,124,0,124,164,0,164,288
06/28/2020,EMT,CA,AWP,WE,Towers with Radar,0,0,16,0,16,0,0,38,0,38,0,0,54,0,54,280,0,280,334
06/29/2020,EMT,CA,AWP,WE,Towers with Radar,0,0,9,0,9,0,0,70,0,70,0,0,79,0,79,122,0,122,201
06/30/2020,EMT,CA,AWP,WE,Towers with Radar,0,0,12,0,12,0,0,121,0,121,0,0,133,0,133,210,0,210,343
07/01/2020,EMT,CA,AWP,WE,Towers with Radar,0,0,9,0,9,0,0,67,0,67,0,0,76,0,76,198,0,198,274
07/02/2020,EMT,CA,AWP,WE,Towers with Radar,0,0,12,0,12,0,0,95,0,95,0,0,107,0,107,134,0,134,241
07/03/2020,EMT,CA,AWP,WE,Towers with Radar,0,0,5,0,5,0,0,122,0,122,0,0,127,0,127,194,0,194,321
07/04/2020,EMT,CA,AWP,WE,Towers with Radar,0,0,6,0,6,0,0,71,0,71,0,0,77,0,77,80,0,80,157
07/05/2020,EMT,CA,AWP,WE,Towers with Radar,0,0,10,0,10,0,0,82,0,82,0,0,92,0,92,130,0,130,222
07/06/2020,EMT,CA,AWP,WE,Towers with Radar,0,0,3,0,3,0,1,72,0,73,0,1,75,0,76,182,0,182,258
07/07/2020,EMT,CA,AWP,WE,Towers with Radar,0,0,5,0,5,0,0,96,0,96,0,0,101,0,101,120,0,120,221
07/08/2020,EMT,CA,AWP,WE,Towers with Radar,0,1,9,0,10,0,1,96,0,97,0,2,105,0,107,124,0,124,231
07/09/2020,EMT,CA,AWP,WE,Towers with Radar,0,0,4,0,4,0,2,95,0,97,0,2,99,0,101,218,0,218,319
07/10/2020,EMT,CA,AWP,WE,Towers with Radar,0,0,4,0,4,0,0,123,0,123,0,0,127,0,127,138,0,138,265
07/11/2020,EMT,CA,AWP,WE,Towers with Radar,0,0,5,0,5,0,0,95,0,95,0,0,100,0,100,102,0,102,202
07/12/2020,EMT,CA,AWP,WE,Towers with Radar,0,0,5,0,5,0,0,77,0,77,0,0,82,0,82,108,0,108,190
07/13/2020,EMT,CA,AWP,WE,Towers with Radar,0,0,4,0,4,0,2,72,0,74,0,2,76,0,78,132,0,132,210
07/14/2020,EMT,CA,AWP,WE,Towers with Radar,0,0,8,0,8,0,0,71,0,71,0,0,79,0,79,158,0,158,237
07/15/2020,EMT,CA,AWP,WE,Towers with Radar,0,0,4,0,4,0,0,78,0,78,0,0,82,0,82,176,0,176,258
07/16/2020,EMT,CA,AWP,WE,Towers with Radar,0,0,8,0,8,0,0,108,0,108,0,0,116,0,116,234,0,234,350
07/17/2020,EMT,CA,AWP,WE,Towers with Radar,0,0,5,0,5,0,0,112,0,112,0,0,117,0,117,118,0,118,235
07/18/2020,EMT,CA,AWP,WE,Towers with Radar,0,0,8,0,8,0,0,135,0,135,0,0,143,0,143,184,0,184,327
07/19/2020,EMT,CA,AWP,WE,Towers with Radar,0,0,5,0,5,0,0,125,0,125,0,0,130,0,130,134,0,134,264
07/20/2020,EMT,CA,AWP,WE,Towers with Radar,0,1,4,0,5,0,0,115,0,115,0,1,119,0,120,102,0,102,222
07/21/2020,EMT,CA,AWP,WE,Towers with Radar,0,0,8,0,8,0,0,79,0,79,0,0,87,0,87,210,0,210,297
07/22/2020,EMT,CA,AWP,WE,Towers with Radar,0,0,3,0,3,0,0,98,0,98,0,0,101,0,101,190,0,190,291
07/23/2020,EMT,CA,AWP,WE,Towers with Radar,0,2,10,0,12,0,0,66,0,66,0,2,76,0,78,236,0,236,314
07/24/2020,EMT,CA,AWP,WE,Towers with Radar,0,0,8,0,8,0,1,58,0,59,0,1,66,0,67,178,0,178,245
07/25/2020,EMT,CA,AWP,WE,Towers with Radar,0,0,6,0,6,0,0,82,0,82,0,0,88,0,88,160,0,160,248
07/26/2020,EMT,CA,AWP,WE,Towers with Radar,0,0,8,0,8,0,0,155,0,155,0,0,163,0,163,176,0,176,339
07/27/2020,EMT,CA,AWP,WE,Towers with Radar,0,0,8,0,8,0,0,91,0,91,0,0,99,0,99,110,0,110,209
07/28/2020,EMT,CA,AWP,WE,Towers with Radar,0,0,11,0,11,0,0,124,0,124,0,0,135,0,135,152,0,152,287
07/29/2020,EMT,CA,AWP,WE,Towers with Radar,0,0,7,0,7,0,1,106,0,107,0,1,113,0,114,206,0,206,320
07/30/2020,EMT,CA,AWP,WE,Towers with Radar,0,0,6,0,6,0,1,104,0,105,0,1,110,0,111,136,0,136,247
07/31/2020,EMT,CA,AWP,WE,Towers with Radar,0,0,8,0,8,0,0,82,0,82,0,0,90,0,90,112,0,112,202
08/01/2020,EMT,CA,AWP,WE,Towers with Radar,0,0,6,0,6,0,0,100,0,100,0,0,106,0,106,112,0,112,218
08/02/2020,EMT,CA,AWP,WE,Towers with Radar,0,0,13,0,13,0,0,124,0,124,0,0,137,0,137,210,0,210,347
08/03/2020,EMT,CA,AWP,WE,Towers with Radar,0,0,8,0,8,0,0,85,0,85,0,0,93,0,93,146,0,146,239
08/04/2020,EMT,CA,AWP,WE,Towers with Radar,0,1,7,0,8,0,0,72,0,72,0,1,79,0,80,148,0,148,228
08/05/2020,EMT,CA,AWP,WE,Towers with Radar,0,0,9,0,9,0,2,87,0,89,0,2,96,0,98,170,0,170,268
08/06/2020,EMT,CA,AWP,WE,Towers with Radar,0,0,9,0,9,0,0,77,0,77,0,0,86,0,86,190,0,190,276
08/07/2020,EMT,CA,AWP,WE,Towers with Radar,0,0,6,0,6,0,0,104,0,104,0,0,110,0,110,148,0,148,258
08/08/2020,EMT,CA,AWP,WE,Towers with Radar,0,0,8,0,8,0,0,143,0,143,0,0,151,0,151,190,0,190,341
08/09/2020,EMT,CA,AWP,WE,Towers with Radar,0,0,10,0,10,0,0,176,0,176,0,0,186,0,186,146,0,146,332
08/10/2020,EMT,CA,AWP,WE,Towers with Radar,0,0,11,0,11,0,0,105,0,105,0,0,116,0,116,122,0,122,238
08/11/2020,EMT,CA,AWP,WE,Towers with Radar,0,2,12,0,14,0,4,81,0,85,0,6,93,0,99,132,0,132,231
08/12/2020,EMT,CA,AWP,WE,Towers with Radar,0,0,6,0,6,0,0,67,0,67,0,0,73,0,73,243,0,243,316
08/13/2020,EMT,CA,AWP,WE,Towers with Radar,0,0,6,0,6,0,0,76,0,76,0,0,82,0,82,180,0,180,262
08/14/2020,EMT,CA,AWP,WE,Towers with Radar,0,0,2,0,2,0,0,69,0,69,0,0,71,0,71,54,0,54,125
08/15/2020,EMT,CA,AWP,WE,Towers with Radar,0,0,10,0,10,0,2,80,0,82,0,2,90,0,92,74,0,74,166
08/16/2020,EMT,CA,AWP,WE,Towers with Radar,0,1,6,0,7,0,0,121,0,121,0,1,127,0,128,194,0,194,322
08/17/2020,EMT,CA,AWP,WE,Towers with Radar,0,0,6,0,6,0,4,86,0,90,0,4,92,0,96,76,0,76,172
08/18/2020,EMT,CA,AWP,WE,Towers with Radar,0,0,4,0,4,0,0,50,2,52,0,0,54,2,56,70,0,70,126
08/19/2020,EMT,CA,AWP,WE,Towers with Radar,0,1,4,0,5,0,0,86,0,86,0,1,90,0,91,94,0,94,185
08/20/2020,EMT,CA,AWP,WE,Towers with Radar,0,0,4,0,4,0,1,83,0,84,0,1,87,0,88,164,0,164,252
08/21/2020,EMT,CA,AWP,WE,Towers with Radar,0,0,9,0,9,0,0,69,0,69,0,0,78,0,78,210,10,220,298
08/22/2020,EMT,CA,AWP,WE,Towers with Radar,0,0,6,0,6,0,0,69,0,69,0,0,75,0,75,228,0,228,303
08/23/2020,EMT,CA,AWP,WE,Towers with Radar,0,0,8,0,8,0,0,142,0,142,0,0,150,0,150,166,0,166,316
08/24/2020,EMT,CA,AWP,WE,Towers with Radar,0,0,8,0,8,0,0,95,0,95,0,0,103,0,103,122,0,122,225
08/25/2020,EMT,CA,AWP,WE,Towers with Radar,0,0,8,0,8,0,2,82,0,84,0,2,90,0,92,178,0,178,270
08/26/2020,EMT,CA,AWP,WE,Towers with Radar,0,0,9,0,9,0,2,91,0,93,0,2,100,0,102,210,0,210,312
08/27/2020,EMT,CA,AWP,WE,Towers with Radar,0,1,6,0,7,0,0,99,0,99,0,1,105,0,106,144,0,144,250
08/28/2020,EMT,CA,AWP,WE,Towers with Radar,0,0,6,0,6,0,0,75,1,76,0,0,81,1,82,118,0,118,200
08/29/2020,EMT,CA,AWP,WE,Towers with Radar,0,0,7,0,7,0,0,115,0,115,0,0,122,0,122,148,0,148,270
08/30/2020,EMT,CA,AWP,WE,Towers with Radar,0,0,4,0,4,0,0,93,0,93,0,0,97,0,97,228,0,228,325
08/31/2020,EMT,CA,AWP,WE,Towers with Radar,0,0,8,0,8,0,0,64,3,67,0,0,72,3,75,142,0,142,217
09/01/2020,EMT,CA,AWP,WE,Towers with Radar,0,0,5,0,5,0,2,56,0,58,0,2,61,0,63,216,0,216,279
09/02/2020,EMT,CA,AWP,WE,Towers with Radar,0,0,6,0,6,0,3,102,0,105,0,3,108,0,111,138,0,138,249
09/03/2020,EMT,CA,AWP,WE,Towers with Radar,0,1,7,0,8,0,2,102,0,104,0,3,109,0,112,240,0,240,352
09/04/2020,EMT,CA,AWP,WE,Towers with Radar,0,0,6,0,6,0,0,90,0,90,0,0,96,0,96,140,0,140,236
09/05/2020,EMT,CA,AWP,WE,Towers with Radar,0,0,7,0,7,0,0,57,0,57,0,0,64,0,64,62,0,62,126
09/06/2020,EMT,CA,AWP,WE,Towers with Radar,0,0,0,0,0,0,0,33,0,33,0,0,33,0,33,50,0,50,83
09/07/2020,EMT,CA,AWP,WE,Towers with Radar,0,0,4,0,4,0,0,63,0,63,0,0,67,0,67,210,0,210,277
09/08/2020,EMT,CA,AWP,WE,Towers with Radar,0,0,12,0,12,0,0,46,0,46,0,0,58,0,58,226,0,226,284
09/09/2020,EMT,CA,AWP,WE,Towers with Radar,0,0,2,0,2,0,0,58,0,58,0,0,60,0,60,56,0,56,116
09/10/2020,EMT,CA,AWP,WE,Towers with Radar,0,0,4,0,4,0,0,46,0,46,0,0,50,0,50,88,0,88,138
09/11/2020,EMT,CA,AWP,WE,Towers with Radar,0,0,12,0,12,0,0,5,0,5,0,0,17,0,17,14,0,14,31
09/12/2020,EMT,CA,AWP,WE,Towers with Radar,0,0,3,0,3,0,0,6,0,6,0,0,9,0,9,0,0,0,9
09/13/2020,EMT,CA,AWP,WE,Towers with Radar,0,0,3,0,3,0,0,17,0,17,0,0,20,0,20,20,0,20,40
09/14/2020,EMT,CA,AWP,WE,Towers with Radar,0,1,6,0,7,0,0,20,0,20,0,1,26,0,27,110,0,110,137
09/15/2020,EMT,CA,AWP,WE,Towers with Radar,0,3,3,0,6,0,2,47,0,49,0,5,50,0,55,124,0,124,179
09/16/2020,EMT,CA,AWP,WE,Towers with Radar,0,0,7,0,7,0,2,59,0,61,0,2,66,0,68,122,0,122,190
09/17/2020,EMT,CA,AWP,WE,Towers with Radar,0,0,6,0,6,0,0,67,0,67,0,0,73,0,73,130,0,130,203
09/18/2020,EMT,CA,AWP,WE,Towers with Radar,0,0,5,0,5,0,0,114,0,114,0,0,119,0,119,172,0,172,291
09/19/2020,EMT,CA,AWP,WE,Towers with Radar,0,0,7,0,7,0,0,118,0,118,0,0,125,0,125,254,0,254,379
09/20/2020,EMT,CA,AWP,WE,Towers with Radar,0,0,5,0,5,0,0,110,0,110,0,0,115,0,115,166,0,166,281
09/21/2020,EMT,CA,AWP,WE,Towers with Radar,0,1,9,0,10,0,1,73,0,74,0,2,82,0,84,84,0,84,168
09/22/2020,EMT,CA,AWP,WE,Towers with Radar,0,0,12,0,12,0,0,80,0,80,0,0,92,0,92,180,0,180,272
09/23/2020,EMT,CA,AWP,WE,Towers with Radar,0,0,9,0,9,0,2,79,0,81,0,2,88,0,90,258,0,258,348
09/24/2020,EMT,CA,AWP,WE,Towers with Radar,0,0,7,0,7,0,2,83,0,85,0,2,90,0,92,158,0,158,250
09/25/2020,EMT,CA,AWP,WE,Towers with Radar,0,0,19,0,19,0,0,101,0,101,0,0,120,0,120,202,0,202,322
09/26/2020,EMT,CA,AWP,WE,Towers with Radar,0,0,12,0,12,0,0,66,0,66,0,0,78,0,78,162,0,162,240
09/27/2020,EMT,CA,AWP,WE,Towers with Radar,0,0,9,0,9,0,0,116,0,116,0,0,125,0,125,190,0,190,315
09/28/2020,EMT,CA,AWP,WE,Towers with Radar,0,0,5,0,5,0,0,100,1,101,0,0,105,1,106,108,0,108,214
09/29/2020,EMT,CA,AWP,WE,Towers with Radar,0,0,5,0,5,0,0,55,0,55,0,0,60,0,60,102,0,102,162
09/30/2020,EMT,CA,AWP,WE,Towers with Radar,0,0,4,0,4,0,2,53,0,55,0,2,57,0,59,70,0,70,129
10/01/2020,EMT,CA,AWP,WE,Towers with Radar,0,0,6,0,6,0,0,73,0,73,0,0,79,0,79,84,0,84,163
10/02/2020,EMT,CA,AWP,WE,Towers with Radar,0,0,5,0,5,0,0,81,0,81,0,0,86,0,86,182,0,182,268
10/03/2020,EMT,CA,AWP,WE,Towers with Radar,0,0,6,0,6,0,0,116,0,116,0,0,122,0,122,146,0,146,268
10/04/2020,EMT,CA,AWP,WE,Towers with Radar,0,0,14,0,14,0,0,93,0,93,0,0,107,0,107,188,0,188,295
10/05/2020,EMT,CA,AWP,WE,Towers with Radar,0,0,8,0,8,0,0,101,0,101,0,0,109,0,109,206,0,206,315
10/06/2020,EMT,CA,AWP,WE,Towers with Radar,0,0,11,0,11,0,0,103,0,103,0,0,114,0,114,244,0,244,358
10/07/2020,EMT,CA,AWP,WE,Towers with Radar,0,2,2,0,4,0,2,117,0,119,0,4,119,0,123,242,0,242,365
10/08/2020,EMT,CA,AWP,WE,Towers with Radar,0,0,11,0,11,0,0,97,0,97,0,0,108,0,108,260,0,260,368
10/09/2020,EMT,CA,AWP,WE,Towers with Radar,0,0,17,0,17,0,0,70,0,70,0,0,87,0,87,268,0,268,355
10/10/2020,EMT,CA,AWP,WE,Towers with Radar,0,0,14,0,14,0,0,57,0,57,0,0,71,0,71,168,0,168,239
10/11/2020,EMT,CA,AWP,WE,Towers with Radar,0,2,11,0,13,0,0,106,0,106,0,2,117,0,119,202,0,202,321
10/12/2020,EMT,CA,AWP,WE,Towers with Radar,0,0,7,0,7,0,0,88,0,88,0,0,95,0,95,196,0,196,291
10/13/2020,EMT,CA,AWP,WE,Towers with Radar,0,0,10,0,10,0,3,80,0,83,0,3,90,0,93,180,0,180,273
10/14/2020,EMT,CA,AWP,WE,Towers with Radar,0,0,3,0,3,0,4,76,0,80,0,4,79,0,83,166,0,166,249
10/15/2020,EMT,CA,AWP,WE,Towers with Radar,0,0,1,0,1,0,0,87,0,87,0,0,88,0,88,196,0,196,284
10/16/2020,EMT,CA,AWP,WE,Towers with Radar,0,0,8,0,8,0,4,92,0,96,0,4,100,0,104,170,0,170,274
10/17/2020,EMT,CA,AWP,WE,Towers with Radar,0,0,7,0,7,0,2,127,0,129,0,2,134,0,136,246,0,246,382
10/18/2020,EMT,CA,AWP,WE,Towers with Radar,0,0,11,0,11,0,0,37,0,37,0,0,48,0,48,52,0,52,100
10/19/2020,EMT,CA,AWP,WE,Towers with Radar,0,1,7,0,8,0,1,38,0,39,0,2,45,0,47,152,0,152,199
10/20/2020,EMT,CA,AWP,WE,Towers with Radar,0,0,14,0,14,0,0,64,0,64,0,0,78,0,78,150,0,150,228
10/21/2020,EMT,CA,AWP,WE,Towers with Radar,0,0,10,0,10,0,0,21,0,21,0,0,31,0,31,150,0,150,181
10/22/2020,EMT,CA,AWP,WE,Towers with Radar,0,0,13,0,13,0,0,35,0,35,0,0,48,0,48,196,0,196,244
10/23/2020,EMT,CA,AWP,WE,Towers with Radar,0,1,12,0,13,0,2,51,0,53,0,3,63,0,66,204,0,204,270
10/24/2020,EMT,CA,AWP,WE,Towers with Radar,0,0,10,0,10,0,0,51,0,51,0,0,61,0,61,194,0,194,255
10/25/2020,EMT,CA,AWP,WE,Towers with Radar,0,0,10,0,10,0,0,71,0,71,0,0,81,0,81,170,0,170,251
10/26/2020,EMT,CA,AWP,WE,Towers with Radar,0,0,0,0,0,0,0,19,0,19,0,0,19,0,19,10,0,10,29
10/27/2020,EMT,CA,AWP,WE,Towers with Radar,0,0,3,0,3,0,2,56,0,58,0,2,59,0,61,134,0,134,195
10/28/2020,EMT,CA,AWP,WE,Towers with Radar,0,0,8,0,8,0,4,133,1,138,0,4,141,1,146,212,0,212,358
10/29/2020,EMT,CA,AWP,WE,Towers with Radar,0,0,6,0,6,0,2,124,0,126,0,2,130,0,132,152,0,152,284
10/30/2020,EMT,CA,AWP,WE,Towers with Radar,0,0,6,0,6,0,0,115,0,115,0,0,121,0,121,152,0,152,273
10/31/2020,EMT,CA,AWP,WE,Towers with Radar,0,0,12,0,12,0,3,114,0,117,0,3,126,0,129,242,0,242,371
11/01/2020,EMT,CA,AWP,WE,Towers with Radar,0,0,8,0,8,0,0,103,0,103,0,0,111,0,111,132,0,132,243
11/02/2020,EMT,CA,AWP,WE,Towers with Radar,0,0,4,0,4,0,0,98,0,98,0,0,102,0,102,134,0,134,236
11/03/2020,EMT,CA,AWP,WE,Towers with Radar,0,0,11,0,11,0,0,59,0,59,0,0,70,0,70,74,0,74,144
11/04/2020,EMT,CA,AWP,WE,Towers with Radar,0,0,6,0,6,0,2,129,0,131,0,2,135,0,137,126,0,126,263
11/05/2020,EMT,CA,AWP,WE,Towers with Radar,0,0,3,0,3,0,2,117,0,119,0,2,120,0,122,144,0,144,266
11/06/2020,EMT,CA,AWP,WE,Towers with Radar,0,0,8,0,8,0,4,65,0,69,0,4,73,0,77,184,0,184,261
11/07/2020,EMT,CA,AWP,WE,Towers with Radar,0,0,3,0,3,0,0,18,0,18,0,0,21,0,21,66,0,66,87
11/08/2020,EMT,CA,AWP,WE,Towers with Radar,0,0,2,0,2,0,0,36,0,36,0,0,38,0,38,84,0,84,122
11/09/2020,EMT,CA,AWP,WE,Towers with Radar,0,0,8,0,8,0,0,95,0,95,0,0,103,0,103,174,0,174,277
11/10/2020,EMT,CA,AWP,WE,Towers with Radar,0,0,9,0,9,0,2,113,0,115,0,2,122,0,124,158,0,158,282
11/11/2020,EMT,CA,AWP,WE,Towers with Radar,0,0,8,0,8,0,3,138,1,142,0,3,146,1,150,162,0,162,312
11/12/2020,EMT,CA,AWP,WE,Towers with Radar,0,1,7,0,8,0,2,95,0,97,0,3,102,0,105,152,0,152,257
11/13/2020,EMT,CA,AWP,WE,Towers with Radar,0,0,10,0,10,0,0,86,0,86,0,0,96,0,96,152,0,152,248
11/14/2020,EMT,CA,AWP,WE,Towers with Radar,0,0,6,0,6,0,0,113,0,113,0,0,119,0,119,212,0,212,331
11/15/2020,EMT,CA,AWP,WE,Towers with Radar,0,0,8,0,8,0,0,141,0,141,0,0,149,0,149,174,0,174,323
11/16/2020,EMT,CA,AWP,WE,Towers with Radar,0,1,21,0,22,0,0,109,0,109,0,1,130,0,131,152,0,152,283
11/17/2020,EMT,CA,AWP,WE,Towers with Radar,0,0,11,0,11,0,2,101,0,103,0,2,112,0,114,234,0,234,348
11/18/2020,EMT,CA,AWP,WE,Towers with Radar,0,0,5,0,5,0,0,74,1,75,0,0,79,1,80,140,0,140,220
11/19/2020,EMT,CA,AWP,WE,Towers with Radar,0,0,9,0,9,0,2,96,0,98,0,2,105,0,107,154,0,154,261
11/20/2020,EMT,CA,AWP,WE,Towers with Radar,0,0,5,0,5,0,0,94,0,94,0,0,99,0,99,140,0,140,239
11/21/2020,EMT,CA,AWP,WE,Towers with Radar,0,0,7,0,7,0,0,124,0,124,0,0,131,0,131,158,0,158,289
11/22/2020,EMT,CA,AWP,WE,Towers with Radar,0,0,6,0,6,0,0,153,0,153,0,0,159,0,159,212,0,212,371
11/23/2020,EMT,CA,AWP,WE,Towers with Radar,0,0,6,0,6,0,0,57,0,57,0,0,63,0,63,108,0,108,171
11/24/2020,EMT,CA,AWP,WE,Towers with Radar,0,0,6,0,6,0,0,103,0,103,0,0,109,0,109,178,0,178,287
11/25/2020,EMT,CA,AWP,WE,Towers with Radar,0,1,12,0,13,0,0,68,0,68,0,1,80,0,81,140,0,140,221
11/26/2020,EMT,CA,AWP,WE,Towers with Radar,0,0,1,0,1,0,0,24,0,24,0,0,25,0,25,24,0,24,49
11/27/2020,EMT,CA,AWP,WE,Towers with Radar,0,0,5,0,5,0,0,56,0,56,0,0,61,0,61,138,0,138,199
11/28/2020,EMT,CA,AWP,WE,Towers with Radar,0,0,9,0,9,0,2,85,0,87,0,2,94,0,96,232,0,232,328
11/29/2020,EMT,CA,AWP,WE,Towers with Radar,0,0,7,0,7,0,0,79,0,79,0,0,86,0,86,64,0,64,150
11/30/2020,EMT,CA,AWP,WE,Towers with Radar,0,0,8,0,8,0,2,75,0,77,0,2,83,0,85,168,0,168,253
12/01/2020,EMT,CA,AWP,WE,Towers with Radar,0,0,5,0,5,0,2,93,0,95,0,2,98,0,100,114,0,114,214
12/02/2020,EMT,CA,AWP,WE,Towers with Radar,0,0,8,0,8,0,2,88,0,90,0,2,96,0,98,126,0,126,224
12/03/2020,EMT,CA,AWP,WE,Towers with Radar,0,0,5,0,5,0,0,57,0,57,0,0,62,0,62,132,0,132,194
12/04/2020,EMT,CA,AWP,WE,Towers with Radar,0,0,7,0,7,0,2,89,0,91,0,2,96,0,98,196,0,196,294
12/05/2020,EMT,CA,AWP,WE,Towers with Radar,0,0,9,0,9,0,0,95,0,95,0,0,104,0,104,170,0,170,274
12/06/2020,EMT,CA,AWP,WE,Towers with Radar,0,0,5,0,5,0,0,108,0,108,0,0,113,0,113,152,0,152,265
12/07/2020,EMT,CA,AWP,WE,Towers with Radar,0,0,1,0,1,0,0,36,0,36,0,0,37,0,37,74,0,74,111
12/08/2020,EMT,CA,AWP,WE,Towers with Radar,0,0,2,0,2,0,0,94,0,94,0,0,96,0,96,200,0,200,296
12/09/2020,EMT,CA,AWP,WE,Towers with Radar,0,0,5,0,5,0,0,112,0,112,0,0,117,0,117,186,0,186,303
12/10/2020,EMT,CA,AWP,WE,Towers with Radar,0,0,7,0,7,0,0,98,0,98,0,0,105,0,105,162,0,162,267
12/11/2020,EMT,CA,AWP,WE,Towers with Radar,0,0,12,0,12,0,0,66,0,66,0,0,78,0,78,108,0,108,186
12/12/2020,EMT,CA,AWP,WE,Towers with Radar,0,0,16,0,16,0,0,48,0,48,0,0,64,0,64,84,0,84,148
12/13/2020,EMT,CA,AWP,WE,Towers with Radar,0,0,4,0,4,0,1,101,0,102,0,1,105,0,106,112,0,112,218
12/14/2020,EMT,CA,AWP,WE,Towers with Radar,0,0,3,0,3,0,0,72,1,73,0,0,75,1,76,140,0,140,216
12/15/2020,EMT,CA,AWP,WE,Towers with Radar,0,1,6,0,7,0,2,75,0,77,0,3,81,0,84,194,0,194,278
12/16/2020,EMT,CA,AWP,WE,Towers with Radar,0,0,6,0,6,0,0,98,0,98,0,0,104,0,104,162,0,162,266
12/17/2020,EMT,CA,AWP,WE,Towers with Radar,0,0,4,0,4,0,1,66,1,68,0,1,70,1,72,160,0,160,232
12/18/2020,EMT,CA,AWP,WE,Towers with Radar,0,0,9,0,9,0,2,90,0,92,0,2,99,0,101,142,0,142,243
12/19/2020,EMT,CA,AWP,WE,Towers with Radar,0,0,8,0,8,0,1,97,0,98,0,1,105,0,106,260,0,260,366
12/20/2020,EMT,CA,AWP,WE,Towers with Radar,0,0,7,0,7,0,0,112,0,112,0,0,119,0,119,204,0,204,323
12/21/2020,EMT,CA,AWP,WE,Towers with Radar,0,0,4,0,4,0,2,57,0,59,0,2,61,0,63,162,0,162,225
12/22/2020,EMT,CA,AWP,WE,Towers with Radar,0,0,6,0,6,0,2,110,0,112,0,2,116,0,118,222,0,222,340
12/23/2020,EMT,CA,AWP,WE,Towers with Radar,0,0,5,0,5,0,0,61,0,61,0,0,66,0,66,168,0,168,234
12/24/2020,EMT,CA,AWP,WE,Towers with Radar,0,0,5,0,5,0,0,31,0,31,0,0,36,0,36,92,0,92,128
12/25/2020,EMT,CA,AWP,WE,Towers with Radar,0,1,3,0,4,0,0,36,1,37,0,1,39,1,41,24,0,24,65
12/26/2020,EMT,CA,AWP,WE,Towers with Radar,0,0,3,0,3,0,0,87,0,87,0,0,90,0,90,212,0,212,302
12/27/2020,EMT,CA,AWP,WE,Towers with Radar,0,0,6,0,6,0,0,55,0,55,0,0,61,0,61,168,0,168,229
12/28/2020,EMT,CA,AWP,WE,Towers with Radar,0,0,4,0,4,0,0,2,0,2,0,0,6,0,6,10,0,10,16
12/29/2020,EMT,CA,AWP,WE,Towers with Radar,0,0,1,0,1,0,1,87,0,88,0,1,88,0,89,210,0,210,299
12/30/2020,EMT,CA,AWP,WE,Towers with Radar,0,0,7,0,7,0,0,105,0,105,0,0,112,0,112,212,0,212,324
12/31/2020,EMT,CA,AWP,WE,Towers with Radar,0,0,0,0,0,0,0,72,0,72,0,0,72,0,72,170,0,170,242
01/01/2021,EMT,CA,AWP,WE,Towers with Radar,0,0,1,0,1,0,3,65,0,68,0,3,66,0,69,62,0,62,131
01/02/2021,EMT,CA,AWP,WE,Towers with Radar,0,0,11,0,11,0,0,102,0,102,0,0,113,0,113,162,0,162,275
01/03/2021,EMT,CA,AWP,WE,Towers with Radar,0,0,5,0,5,0,0,66,0,66,0,0,71,0,71,179,0,179,250
01/04/2021,EMT,CA,AWP,WE,Towers with Radar,0,0,7,0,7,0,2,72,1,75,0,2,79,1,82,152,0,152,234
01/05/2021,EMT,CA,AWP,WE,Towers with Radar,0,0,6,0,6,0,0,54,0,54,0,0,60,0,60,116,0,116,176
01/06/2021,EMT,CA,AWP,WE,Towers with Radar,0,1,6,0,7,0,0,86,0,86,0,1,92,0,93,156,0,156,249
01/07/2021,EMT,CA,AWP,WE,Towers with Radar,0,0,5,0,5,0,2,76,0,78,0,2,81,0,83,124,0,124,207
01/08/2021,EMT,CA,AWP,WE,Towers with Radar,0,0,7,0,7,0,2,65,0,67,0,2,72,0,74,148,0,148,222
01/09/2021,EMT,CA,AWP,WE,Towers with Radar,0,0,2,0,2,0,4,78,0,82,0,4,80,0,84,146,0,146,230
01/10/2021,EMT,CA,AWP,WE,Towers with Radar,0,0,8,0,8,0,0,96,0,96,0,0,104,0,104,164,0,164,268
01/11/2021,EMT,CA,AWP,WE,Towers with Radar,0,0,5,0,5,0,0,89,0,89,0,0,94,0,94,148,0,148,242
01/12/2021,EMT,CA,AWP,WE,Towers with Radar,0,0,6,0,6,0,2,95,0,97,0,2,101,0,103,204,0,204,307
01/13/2021,EMT,CA,AWP,WE,Towers with Radar,0,0,3,0,3,0,0,73,0,73,0,0,76,0,76,94,0,94,170
01/14/2021,EMT,CA,AWP,WE,Towers with Radar,0,0,6,0,6,0,1,85,0,86,0,1,91,0,92,228,0,228,320
01/15/2021,EMT,CA,AWP,WE,Towers with Radar,0,0,6,0,6,0,0,83,0,83,0,0,89,0,89,220,0,220,309
01/16/2021,EMT,CA,AWP,WE,Towers with Radar,0,1,14,0,15,0,0,134,0,134,0,1,148,0,149,176,0,176,325
01/17/2021,EMT,CA,AWP,WE,Towers with Radar,0,0,5,0,5,0,0,114,0,114,0,0,119,0,119,114,0,114,233
01/18/2021,EMT,CA,AWP,WE,Towers with Radar,0,0,4,0,4,0,0,75,0,75,0,0,79,0,79,164,0,164,243
01/19/2021,EMT,CA,AWP,WE,Towers with Radar,0,2,0,0,2,0,0,8,0,8,0,2,8,0,10,19,0,19,29
01/20/2021,EMT,CA,AWP,WE,Towers with Radar,0,0,0,0,0,0,0,36,0,36,0,0,36,0,36,86,0,86,122
01/21/2021,EMT,CA,AWP,WE,Towers with Radar,0,0,9,0,9,0,0,99,0,99,0,0,108,0,108,128,0,128,236
01/22/2021,EMT,CA,AWP,WE,Towers with Radar,0,0,7,0,7,0,0,41,0,41,0,0,48,0,48,108,0,108,156
01/23/2021,EMT,CA,AWP,WE,Towers with Radar,0,0,2,0,2,0,0,20,0,20,0,0,22,0,22,88,0,88,110
01/24/2021,EMT,CA,AWP,WE,Towers with Radar,0,0,11,0,11,0,0,78,0,78,0,0,89,0,89,104,0,104,193
01/25/2021,EMT,CA,AWP,WE,Towers with Radar,0,0,3,0,3,0,0,21,0,21,0,0,24,0,24,28,0,28,52
01/26/2021,EMT,CA,AWP,WE,Towers with Radar,0,0,6,0,6,0,0,83,0,83,0,0,89,0,89,164,0,164,253
01/27/2021,EMT,CA,AWP,WE,Towers with Radar,0,0,6,0,6,0,0,65,0,65,0,0,71,0,71,56,0,56,127
01/28/2021,EMT,CA,AWP,WE,Towers with Radar,0,0,8,0,8,0,0,42,4,46,0,0,50,4,54,78,0,78,132
01/29/2021,EMT,CA,AWP,WE,Towers with Radar,0,0,2,0,2,0,0,9,0,9,0,0,11,0,11,20,0,20,31
01/30/2021,EMT,CA,AWP,WE,Towers with Radar,0,0,10,0,10,0,0,150,0,150,0,0,160,0,160,132,0,132,292
01/31/2021,EMT,CA,AWP,WE,Towers with Radar,0,0,13,0,13,0,0,137,0,137,0,0,150,0,150,190,0,190,340
02/01/2021,EMT,CA,AWP,WE,Towers with Radar,0,0,10,0,10,0,2,83,0,85,0,2,93,0,95,152,0,152,247
02/02/2021,EMT,CA,AWP,WE,Towers with Radar,0,0,6,0,6,0,0,77,0,77,0,0,83,0,83,218,0,218,301
02/03/2021,EMT,CA,AWP,WE,Towers with Radar,0,0,10,0,10,0,0,71,0,71,0,0,81,0,81,142,0,142,223
02/04/2021,EMT,CA,AWP,WE,Towers with Radar,0,0,7,0,7,0,1,70,0,71,0,1,77,0,78,118,0,118,196
02/05/2021,EMT,CA,AWP,WE,Towers with Radar,0,0,5,0,5,0,0,90,0,90,0,0,95,0,95,82,0,82,177
02/06/2021,EMT,CA,AWP,WE,Towers with Radar,0,0,12,0,12,0,0,101,0,101,0,0,113,0,113,128,0,128,241
02/07/2021,EMT,CA,AWP,WE,Towers with Radar,0,0,13,0,13,0,0,110,0,110,0,0,123,0,123,152,0,152,275
02/08/2021,EMT,CA,AWP,WE,Towers with Radar,0,0,7,0,7,0,0,67,0,67,0,0,74,0,74,114,0,114,188
02/09/2021,EMT,CA,AWP,WE,Towers with Radar,0,0,9,0,9,0,0,56,0,56,0,0,65,0,65,222,0,222,287
02/10/2021,EMT,CA,AWP,WE,Towers with Radar,0,0,7,0,7,0,0,55,0,55,0,0,62,0,62,128,0,128,190
02/11/2021,EMT,CA,AWP,WE,Towers with Radar,0,0,12,0,12,0,0,79,0,79,0,0,91,0,91,188,0,188,279
02/12/2021,EMT,CA,AWP,WE,Towers with Radar,0,1,5,0,6,0,1,37,0,38,0,2,42,0,44,112,0,112,156
02/13/2021,EMT,CA,AWP,WE,Towers with Radar,0,0,3,0,3,0,0,59,0,59,0,0,62,0,62,164,0,164,226
02/14/2021,EMT,CA,AWP,WE,Towers with Radar,0,0,9,0,9,0,0,98,0,98,0,0,107,0,107,98,0,98,205
02/15/2021,EMT,CA,AWP,WE,Towers with Radar,0,0,7,0,7,0,0,83,0,83,0,0,90,0,90,222,0,222,312
02/16/2021,EMT,CA,AWP,WE,Towers with Radar,0,2,16,0,18,0,2,50,0,52,0,4,66,0,70,84,0,84,154
02/17/2021,EMT,CA,AWP,WE,Towers with Radar,0,0,11,0,11,0,2,83,0,85,0,2,94,0,96,170,0,170,266
02/18/2021,EMT,CA,AWP,WE,Towers with Radar,0,0,7,0,7,0,1,84,0,85,0,1,91,0,92,126,0,126,218
02/19/2021,EMT,CA,AWP,WE,Towers with Radar,0,0,1,0,1,0,0,123,0,123,0,0,124,0,124,208,0,208,332
02/20/2021,EMT,CA,AWP,WE,Towers with Radar,0,0,0,0,0,0,2,53,0,55,0,2,53,0,55,82,0,82,137
02/21/2021,EMT,CA,AWP,WE,Towers with Radar,0,0,8,0,8,0,0,121,0,121,0,0,129,0,129,374,0,374,503
02/22/2021,EMT,CA,AWP,WE,Towers with Radar,0,0,16,0,16,0,0,115,0,115,0,0,131,0,131,194,0,194,325
02/23/2021,EMT,CA,AWP,WE,Towers with Radar,0,0,5,0,5,0,0,108,0,108,0,0,113,0,113,138,0,138,251
02/24/2021,EMT,CA,AWP,WE,Towers with Radar,0,0,24,0,24,0,2,89,0,91,0,2,113,0,115,192,0,192,307
02/25/2021,EMT,CA,AWP,WE,Towers with Radar,0,0,5,0,5,0,2,53,0,55,0,2,58,0,60,198,0,198,258
02/26/2021,EMT,CA,AWP,WE,Towers with Radar,0,0,8,0,8,0,0,84,0,84,0,0,92,0,92,266,0,266,358
02/27/2021,EMT,CA,AWP,WE,Towers with Radar,0,0,9,0,9,0,0,90,0,90,0,0,99,0,99,108,0,108,207
02/28/2021,EMT,CA,AWP,WE,Towers with Radar,0,0,2,0,2,0,0,104,0,104,0,0,106,0,106,288,0,288,394
03/01/2021,EMT,CA,AWP,WE,Towers with Radar,0,2,6,0,8,0,0,93,0,93,0,2,99,0,101,146,0,146,247
03/02/2021,EMT,CA,AWP,WE,Towers with Radar,0,0,7,0,7,0,0,77,0,77,0,0,84,0,84,158,0,158,242
03/03/2021,EMT,CA,AWP,WE,Towers with Radar,0,0,1,0,1,0,0,20,0,20,0,0,21,0,21,70,0,70,91
03/04/2021,EMT,CA,AWP,WE,Towers with Radar,0,0,7,0,7,0,0,112,0,112,0,0,119,0,119,136,0,136,255
03/05/2021,EMT,CA,AWP,WE,Towers with Radar,0,0,14,0,14,0,2,115,0,117,0,2,129,0,131,178,0,178,309
03/06/2021,EMT,CA,AWP,WE,Towers with Radar,0,0,6,0,6,0,0,95,0,95,0,0,101,0,101,132,0,132,233
03/07/2021,EMT,CA,AWP,WE,Towers with Radar,0,0,9,0,9,0,0,40,0,40,0,0,49,0,49,286,0,286,335
03/08/2021,EMT,CA,AWP,WE,Towers with Radar,0,0,11,0,11,0,0,52,0,52,0,0,63,0,63,162,0,162,225
03/09/2021,EMT,CA,AWP,WE,Towers with Radar,0,0,4,0,4,0,0,52,0,52,0,0,56,0,56,200,0,200,256
03/10/2021,EMT,CA,AWP,WE,Towers with Radar,0,0,6,0,6,0,0,14,0,14,0,0,20,0,20,64,0,64,84
03/11/2021,EMT,CA,AWP,WE,Towers with Radar,0,0,5,0,5,0,0,38,0,38,0,0,43,0,43,116,0,116,159
03/12/2021,EMT,CA,AWP,WE,Towers with Radar,0,0,8,0,8,0,0,66,0,66,0,0,74,0,74,124,0,124,198
03/13/2021,EMT,CA,AWP,WE,Towers with Radar,0,0,1,0,1,0,0,121,0,121,0,0,122,0,122,220,0,220,342
03/14/2021,EMT,CA,AWP,WE,Towers with Radar,0,0,8,0,8,0,0,86,0,86,0,0,94,0,94,204,0,204,298
03/15/2021,EMT,CA,AWP,WE,Towers with Radar,0,0,9,0,9,0,0,9,0,9,0,0,18,0,18,6,0,6,24
03/16/2021,EMT,CA,AWP,WE,Towers with Radar,0,1,10,0,11,0,2,110,0,112,0,3,120,0,123,170,0,170,293
03/17/2021,EMT,CA,AWP,WE,Towers with Radar,0,0,3,0,3,0,0,113,3,116,0,0,116,3,119,168,0,168,287
03/18/2021,EMT,CA,AWP,WE,Towers with Radar,0,1,8,0,9,0,0,126,0,126,0,1,134,0,135,196,0,196,331
03/19/2021,EMT,CA,AWP,WE,Towers with Radar,0,0,8,0,8,0,0,100,0,100,0,0,108,0,108,180,0,180,288
03/20/2021,EMT,CA,AWP,WE,Towers with Radar,0,0,7,0,7,0,0,49,0,49,0,0,56,0,56,150,0,150,206
03/21/2021,EMT,CA,AWP,WE,Towers with Radar,0,0,5,0,5,0,0,107,0,107,0,0,112,0,112,108,0,108,220
03/22/2021,EMT,CA,AWP,WE,Towers with Radar,0,0,11,0,11,0,0,70,0,70,0,0,81,0,81,80,0,80,161
03/23/2021,EMT,CA,AWP,WE,Towers with Radar,0,0,9,0,9,0,1,54,0,55,0,1,63,0,64,166,0,166,230
03/24/2021,EMT,CA,AWP,WE,Towers with Radar,0,0,6,0,6,0,2,92,0,94,0,2,98,0,100,165,0,165,265
03/25/2021,EMT,CA,AWP,WE,Towers with Radar,0,0,6,0,6,0,0,52,0,52,0,0,58,0,58,160,0,160,218
03/26/2021,EMT,CA,AWP,WE,Towers with Radar,0,0,5,0,5,0,0,103,0,103,0,0,108,0,108,190,0,190,298
03/27/2021,EMT,CA,AWP,WE,Towers with Radar,0,0,11,0,11,0,0,102,0,102,0,0,113,0,113,142,0,142,255
03/28/2021,EMT,CA,AWP,WE,Towers with Radar,0,0,14,0,14,0,0,138,0,138,0,0,152,0,152,156,0,156,308
03/29/2021,EMT,CA,AWP,WE,Towers with Radar,0,0,8,0,8,0,4,72,0,76,0,4,80,0,84,152,0,152,236
03/30/2021,EMT,CA,AWP,WE,Towers with Radar,0,0,12,0,12,0,0,74,0,74,0,0,86,0,86,214,0,214,300
03/31/2021,EMT,CA,AWP,WE,Towers with Radar,0,0,8,0,8,0,2,67,0,69,0,2,75,0,77,178,0,178,255
04/01/2021,EMT,CA,AWP,WE,Towers with Radar,0,0,4,0,4,0,3,61,0,64,0,3,65,0,68,204,0,204,272
04/02/2021,EMT,CA,AWP,WE,Towers with Radar,0,0,11,0,11,0,0,92,0,92,0,0,103,0,103,104,0,104,207
04/03/2021,EMT,CA,AWP,WE,Towers with Radar,0,0,11,0,11,0,0,94,0,94,0,0,105,0,105,98,0,98,203
04/04/2021,EMT,CA,AWP,WE,Towers with Radar,0,0,7,0,7,0,0,88,0,88,0,0,95,0,95,188,0,188,283
04/05/2021,EMT,CA,AWP,WE,Towers with Radar,0,2,11,0,13,0,0,64,0,64,0,2,75,0,77,230,0,230,307
04/06/2021,EMT,CA,AWP,WE,Towers with Radar,0,0,9,0,9,0,2,78,0,80,0,2,87,0,89,144,0,144,233
04/07/2021,EMT,CA,AWP,WE,Towers with Radar,0,0,6,0,6,0,3,120,0,123,0,3,126,0,129,209,0,209,338
04/08/2021,EMT,CA,AWP,WE,Towers with Radar,0,0,4,0,4,0,0,71,0,71,0,0,75,0,75,192,0,192,267
04/09/2021,EMT,CA,AWP,WE,Towers with Radar,0,2,9,0,11,0,2,108,0,110,0,4,117,0,121,176,0,176,297
04/10/2021,EMT,CA,AWP,WE,Towers with Radar,0,1,6,0,7,0,1,128,0,129,0,2,134,0,136,206,0,206,342
04/11/2021,EMT,CA,AWP,WE,Towers with Radar,0,0,5,0,5,0,0,103,0,103,0,0,108,0,108,242,0,242,350
04/12/2021,EMT,CA,AWP,WE,Towers with Radar,0,0,6,0,6,0,0,28,0,28,0,0,34,0,34,148,0,148,182
04/13/2021,EMT,CA,AWP,WE,Towers with Radar,0,2,20,0,22,0,0,15,0,15,0,2,35,0,37,198,0,198,235
04/14/2021,EMT,CA,AWP,WE,Towers with Radar,0,6,9,0,15,0,0,50,0,50,0,6,59,0,65,182,0,182,247
04/15/2021,EMT,CA,AWP,WE,Towers with Radar,0,2,6,0,8,0,2,78,0,80,0,4,84,0,88,150,0,150,238
04/16/2021,EMT,CA,AWP,WE,Towers with Radar,0,0,5,0,5,0,2,108,0,110,0,2,113,0,115,102,0,102,217
04/17/2021,EMT,CA,AWP,WE,Towers with Radar,0,1,19,0,20,0,1,96,0,97,0,2,115,0,117,226,0,226,343
04/18/2021,EMT,CA,AWP,WE,Towers with Radar,0,0,4,0,4,0,0,85,0,85,0,0,89,0,89,62,0,62,151
04/19/2021,EMT,CA,AWP,WE,Towers with Radar,0,2,9,0,11,0,3,92,0,95,0,5,101,0,106,186,0,186,292
04/20/2021,EMT,CA,AWP,WE,Towers with Radar,0,0,18,0,18,0,0,81,0,81,0,0,99,0,99,236,0,236,335
04/21/2021,EMT,CA,AWP,WE,Towers with Radar,0,0,6,0,6,0,0,49,0,49,0,0,55,0,55,154,0,154,209
04/22/2021,EMT,CA,AWP,WE,Towers with Radar,0,2,14,0,16,0,0,20,0,20,0,2,34,0,36,178,0,178,214
04/23/2021,EMT,CA,AWP,WE,Towers with Radar,0,0,21,0,21,0,0,62,0,62,0,0,83,0,83,220,0,220,303
04/24/2021,EMT,CA,AWP,WE,Towers with Radar,0,0,16,0,16,0,0,86,0,86,0,0,102,0,102,212,0,212,314
04/25/2021,EMT,CA,AWP,WE,Towers with Radar,0,0,7,0,7,0,0,59,0,59,0,0,66,0,66,210,0,210,276
04/26/2021,EMT,CA,AWP,WE,Towers with Radar,0,1,8,0,9,0,0,37,0,37,0,1,45,0,46,136,0,136,182
04/27/2021,EMT,CA,AWP,WE,Towers with Radar,0,2,9,0,11,0,2,90,0,92,0,4,99,0,103,216,0,216,319
04/28/2021,EMT,CA,AWP,WE,Towers with Radar,0,1,10,0,11,0,3,90,0,93,0,4,100,0,104,154,0,154,258
04/29/2021,EMT,CA,AWP,WE,Towers with Radar,0,0,10,0,10,0,4,123,0,127,0,4,133,0,137,160,0,160,297
04/30/2021,EMT,CA,AWP,WE,Towers with Radar,0,0,8,0,8,0,1,113,0,114,0,1,121,0,122,100,0,100,222
05/01/2021,EMT,CA,AWP,WE,Towers with Radar,0,0,6,0,6,0,2,118,0,120,0,2,124,0,126,158,0,158,284
05/02/2021,EMT,CA,AWP,WE,Towers with Radar,0,0,8,0,8,0,0,68,0,68,0,0,76,0,76,180,0,180,256
05/03/2021,EMT,CA,AWP,WE,Towers with Radar,0,1,14,0,15,0,1,104,0,105,0,2,118,0,120,144,0,144,264
05/04/2021,EMT,CA,AWP,WE,Towers with Radar,0,1,14,0,15,0,2,100,1,103,0,3,114,1,118,236,0,236,354
05/05/2021,EMT,CA,AWP,WE,Towers with Radar,0,1,10,0,11,0,3,77,0,80,0,4,87,0,91,92,0,92,183
05/06/2021,EMT,CA,AWP,WE,Towers with Radar,0,0,5,0,5,0,0,81,0,81,0,0,86,0,86,119,0,119,205
05/07/2021,EMT,CA,AWP,WE,Towers with Radar,0,0,16,0,16,0,1,63,0,64,0,1,79,0,80,252,0,252,332
05/08/2021,EMT,CA,AWP,WE,Towers with Radar,0,1,3,0,4,0,1,92,0,93,0,2,95,0,97,170,0,170,267
05/09/2021,EMT,CA,AWP,WE,Towers with Radar,0,1,10,0,11,0,1,42,0,43,0,2,52,0,54,140,0,140,194
05/10/2021,EMT,CA,AWP,WE,Towers with Radar,0,0,25,0,25,0,0,34,0,34,0,0,59,0,59,220,0,220,279
05/11/2021,EMT,CA,AWP,WE,Towers with Radar,0,2,12,0,14,0,1,69,0,70,0,3,81,0,84,200,0,200,284
05/12/2021,EMT,CA,AWP,WE,Towers with Radar,0,0,6,0,6,0,1,69,0,70,0,1,75,0,76,200,0,200,276
05/13/2021,EMT,CA,AWP,WE,Towers with Radar,0,1,8,0,9,0,0,68,0,68,0,1,76,0,77,266,0,266,343
05/14/2021,EMT,CA,AWP,WE,Towers with Radar,0,1,17,0,18,0,2,73,0,75,0,3,90,0,93,179,0,179,272
05/15/2021,EMT,CA,AWP,WE,Towers with Radar,0,2,6,0,8,0,0,73,0,73,0,2,79,0,81,244,0,244,325
05/16/2021,EMT,CA,AWP,WE,Towers with Radar,0,0,21,0,21,0,0,37,0,37,0,0,58,0,58,178,0,178,236
05/17/2021,EMT,CA,AWP,WE,Towers with Radar,0,0,14,0,14,0,0,25,1,26,0,0,39,1,40,216,0,216,256
05/18/2021,EMT,CA,AWP,WE,Towers with Radar,0,0,12,0,12,0,0,73,0,73,0,0,85,0,85,208,0,208,293
05/19/2021,EMT,CA,AWP,WE,Towers with Radar,0,0,16,0,16,0,0,68,0,68,0,0,84,0,84,104,0,104,188
05/20/2021,EMT,CA,AWP,WE,Towers with Radar,0,0,11,0,11,0,0,63,0,63,0,0,74,0,74,236,0,236,310
05/21/2021,EMT,CA,AWP,WE,Towers with Radar,0,1,9,0,10,0,0,75,0,75,0,1,84,0,85,108,0,108,193
05/22/2021,EMT,CA,AWP,WE,Towers with Radar,0,0,5,0,5,0,0,81,0,81,0,0,86,0,86,150,0,150,236
05/23/2021,EMT,CA,AWP,WE,Towers with Radar,0,0,12,0,12,0,0,164,0,164,0,0,176,0,176,178,0,178,354
05/24/2021,EMT,CA,AWP,WE,Towers with Radar,0,0,12,0,12,0,1,99,0,100,0,1,111,0,112,191,0,191,303
05/25/2021,EMT,CA,AWP,WE,Towers with Radar,0,0,8,0,8,0,1,95,0,96,0,1,103,0,104,180,0,180,284
05/26/2021,EMT,CA,AWP,WE,Towers with Radar,0,0,9,0,9,0,4,98,0,102,0,4,107,0,111,236,0,236,347
05/27/2021,EMT,CA,AWP,WE,Towers with Radar,0,0,7,0,7,0,3,89,0,92,0,3,96,0,99,167,0,167,266
05/28/2021,EMT,CA,AWP,WE,Towers with Radar,0,0,15,0,15,0,2,96,0,98,0,2,111,0,113,172,0,172,285
05/29/2021,EMT,CA,AWP,WE,Towers with Radar,0,0,4,0,4,0,0,67,0,67,0,0,71,0,71,182,0,182,253
05/30/2021,EMT,CA,AWP,WE,Towers with Radar,0,0,9,0,9,0,0,74,0,74,0,0,83,0,83,142,0,142,225
05/31/2021,EMT,CA,AWP,WE,Towers with Radar,0,0,9,0,9,0,0,71,0,71,0,0,80,0,80,144,0,144,224
06/01/2021,EMT,CA,AWP,WE,Towers with Radar,0,0,9,0,9,0,0,73,2,75,0,0,82,2,84,170,0,170,254
06/02/2021,EMT,CA,AWP,WE,Towers with Radar,0,0,4,0,4,0,0,83,0,83,0,0,87,0,87,246,0,246,333
06/03/2021,EMT,CA,AWP,WE,Towers with Radar,0,0,6,0,6,0,0,105,0,105,0,0,111,0,111,264,0,264,375
06/04/2021,EMT,CA,AWP,WE,Towers with Radar,0,2,5,0,7,0,2,119,0,121,0,4,124,0,128,210,0,210,338
06/05/2021,EMT,CA,AWP,WE,Towers with Radar,0,2,4,0,6,0,2,81,0,83,0,4,85,0,89,110,0,110,199
06/06/2021,EMT,CA,AWP,WE,Towers with Radar,0,2,7,0,9,0,2,69,2,73,0,4,76,2,82,158,0,158,240
06/07/2021,EMT,CA,AWP,WE,Towers with Radar,0,0,17,0,17,0,0,24,0,24,0,0,41,0,41,150,0,150,191
06/08/2021,EMT,CA,AWP,WE,Towers with Radar,0,0,5,0,5,0,2,72,0,74,0,2,77,0,79,218,0,218,297
06/09/2021,EMT,CA,AWP,WE,Towers with Radar,0,0,9,0,9,0,2,78,0,80,0,2,87,0,89,132,0,132,221
06/10/2021,EMT,CA,AWP,WE,Towers with Radar,0,0,9,0,9,0,0,78,0,78,0,0,87,0,87,177,0,177,264
06/11/2021,EMT,CA,AWP,WE,Towers with Radar,0,0,11,0,11,0,2,105,2,109,0,2,116,2,120,132,0,132,252
06/12/2021,EMT,CA,AWP,WE,Towers with Radar,0,0,9,0,9,0,2,111,0,113,0,2,120,0,122,190,0,190,312
06/13/2021,EMT,CA,AWP,WE,Towers with Radar,0,1,6,0,7,0,1,110,0,111,0,2,116,0,118,100,0,100,218
06/14/2021,EMT,CA,AWP,WE,Towers with Radar,0,0,7,0,7,0,0,86,0,86,0,0,93,0,93,204,0,204,297
06/15/2021,EMT,CA,AWP,WE,Towers with Radar,0,0,6,0,6,0,0,64,0,64,0,0,70,0,70,120,0,120,190
06/16/2021,EMT,CA,AWP,WE,Towers with Radar,0,0,7,0,7,0,0,77,0,77,0,0,84,0,84,224,0,224,308
06/17/2021,EMT,CA,AWP,WE,Towers with Radar,0,0,2,0,2,0,2,83,0,85,0,2,85,0,87,144,0,144,231
06/18/2021,EMT,CA,AWP,WE,Towers with Radar,0,0,12,0,12,0,2,86,0,88,0,2,98,0,100,220,0,220,320
06/19/2021,EMT,CA,AWP,WE,Towers with Radar,0,0,12,0,12,0,0,88,2,90,0,0,100,2,102,138,0,138,240
06/20/2021,EMT,CA,AWP,WE,Towers with Radar,0,0,14,0,14,0,0,79,2,81,0,0,93,2,95,204,0,204,299
06/21/2021,EMT,CA,AWP,WE,Towers with Radar,0,0,7,0,7,0,3,86,0,89,0,3,93,0,96,112,0,112,208
06/22/2021,EMT,CA,AWP,WE,Towers with Radar,0,0,7,0,7,0,4,111,0,115,0,4,118,0,122,272,0,272,394
06/23/2021,EMT,CA,AWP,WE,Towers with Radar,0,1,3,0,4,0,0,91,0,91,0,1,94,0,95,128,0,128,223
06/24/2021,EMT,CA,AWP,WE,Towers with Radar,0,0,7,0,7,0,0,100,0,100,0,0,107,0,107,216,0,216,323
06/25/2021,EMT,CA,AWP,WE,Towers with Radar,0,0,7,0,7,0,1,79,0,80,0,1,86,0,87,216,0,216,303
06/26/2021,EMT,CA,AWP,WE,Towers with Radar,0,0,8,0,8,0,0,106,0,106,0,0,114,0,114,192,0,192,306
06/27/2021,EMT,CA,AWP,WE,Towers with Radar,0,0,2,0,2,0,0,106,0,106,0,0,108,0,108,164,0,164,272
06/28/2021,EMT,CA,AWP,WE,Towers with Radar,0,0,5,0,5,0,1,83,0,84,0,1,88,0,89,182,0,182,271
06/29/2021,EMT,CA,AWP,WE,Towers with Radar,0,0,11,0,11,0,2,87,0,89,0,2,98,0,100,134,0,134,234
06/30/2021,EMT,CA,AWP,WE,Towers with Radar,0,0,9,0,9,0,0,68,0,68,0,0,77,0,77,184,0,184,261
07/01/2021,EMT,CA,AWP,WE,Towers with Radar,0,0,3,0,3,0,0,90,0,90,0,0,93,0,93,170,0,170,263
07/02/2021,EMT,CA,AWP,WE,Towers with Radar,0,1,9,0,10,0,0,100,1,101,0,1,109,1,111,240,0,240,351
07/03/2021,EMT,CA,AWP,WE,Towers with Radar,0,0,7,0,7,0,0,99,0,99,0,0,106,0,106,128,0,128,234
07/04/2021,EMT,CA,AWP,WE,Towers with Radar,0,0,6,0,6,0,2,45,0,47,0,2,51,0,53,61,0,61,114
07/05/2021,EMT,CA,AWP,WE,Towers with Radar,0,0,13,0,13,0,0,68,0,68,0,0,81,0,81,128,0,128,209
07/06/2021,EMT,CA,AWP,WE,Towers with Radar,0,0,7,0,7,0,0,75,0,75,0,0,82,0,82,154,0,154,236
07/07/2021,EMT,CA,AWP,WE,Towers with Radar,0,0,13,0,13,0,0,84,0,84,0,0,97,0,97,162,0,162,259
07/08/2021,EMT,CA,AWP,WE,Towers with Radar,0,0,6,0,6,0,2,98,0,100,0,2,104,0,106,192,0,192,298
07/09/2021,EMT,CA,AWP,WE,Towers with Radar,0,0,12,0,12,0,2,87,1,90,0,2,99,1,102,158,0,158,260
07/10/2021,EMT,CA,AWP,WE,Towers with Radar,0,0,6,0,6,0,1,139,0,140,0,1,145,0,146,110,0,110,256
07/11/2021,EMT,CA,AWP,WE,Towers with Radar,0,0,9,0,9,0,0,95,0,95,0,0,104,0,104,104,0,104,208
07/12/2021,EMT,CA,AWP,WE,Towers with Radar,0,0,4,0,4,0,3,79,2,84,0,3,83,2,88,122,0,122,210
07/13/2021,EMT,CA,AWP,WE,Towers with Radar,0,0,6,0,6,0,0,78,0,78,0,0,84,0,84,243,0,243,327
07/14/2021,EMT,CA,AWP,WE,Towers with Radar,0,0,14,0,14,0,0,103,4,107,0,0,117,4,121,240,0,240,361
07/15/2021,EMT,CA,AWP,WE,Towers with Radar,0,0,8,0,8,0,0,90,0,90,0,0,98,0,98,116,0,116,214
07/16/2021,EMT,CA,AWP,WE,Towers with Radar,0,0,7,0,7,0,0,90,0,90,0,0,97,0,97,166,0,166,263
07/17/2021,EMT,CA,AWP,WE,Towers with Radar,0,0,4,0,4,0,0,94,0,94,0,0,98,0,98,170,0,170,268
07/18/2021,EMT,CA,AWP,WE,Towers with Radar,0,0,4,0,4,0,0,118,0,118,0,0,122,0,122,120,0,120,242
07/19/2021,EMT,CA,AWP,WE,Towers with Radar,0,0,8,0,8,0,3,70,0,73,0,3,78,0,81,160,0,160,241
07/20/2021,EMT,CA,AWP,WE,Towers with Radar,0,0,6,0,6,0,0,101,0,101,0,0,107,0,107,180,0,180,287
07/21/2021,EMT,CA,AWP,WE,Towers with Radar,0,0,8,0,8,0,2,77,0,79,0,2,85,0,87,145,0,145,232
07/22/2021,EMT,CA,AWP,WE,Towers with Radar,0,0,4,0,4,0,2,74,0,76,0,2,78,0,80,106,0,106,186
07/23/2021,EMT,CA,AWP,WE,Towers with Radar,0,0,6,0,6,0,4,101,0,105,0,4,107,0,111,164,0,164,275
07/24/2021,EMT,CA,AWP,WE,Towers with Radar,0,0,5,0,5,0,0,85,0,85,0,0,90,0,90,182,0,182,272
07/25/2021,EMT,CA,AWP,WE,Towers with Radar,0,0,6,0,6,0,0,102,0,102,0,0,108,0,108,106,0,106,214
07/26/2021,EMT,CA,AWP,WE,Towers with Radar,0,1,8,0,9,0,0,50,0,50,0,1,58,0,59,118,0,118,177
07/27/2021,EMT,CA,AWP,WE,Towers with Radar,0,0,9,0,9,0,2,58,0,60,0,2,67,0,69,122,0,122,191
07/28/2021,EMT,CA,AWP,WE,Towers with Radar,0,0,8,0,8,0,2,108,1,111,0,2,116,1,119,136,0,136,255
07/29/2021,EMT,CA,AWP,WE,Towers with Radar,0,0,4,0,4,0,1,94,0,95,0,1,98,0,99,164,0,164,263
07/30/2021,EMT,CA,AWP,WE,Towers with Radar,0,0,10,0,10,0,0,99,0,99,0,0,109,0,109,94,0,94,203
07/31/2021,EMT,CA,AWP,WE,Towers with Radar,0,0,10,0,10,0,2,86,0,88,0,2,96,0,98,104,0,104,202
08/01/2021,EMT,CA,AWP,WE,Towers with Radar,0,0,6,0,6,0,0,77,0,77,0,0,83,0,83,138,0,138,221
08/02/2021,EMT,CA,AWP,WE,Towers with Radar,0,0,4,0,4,0,2,43,0,45,0,2,47,0,49,136,0,136,185
08/03/2021,EMT,CA,AWP,WE,Towers with Radar,0,0,6,0,6,0,2,67,0,69,0,2,73,0,75,178,0,178,253
08/04/2021,EMT,CA,AWP,WE,Towers with Radar,0,0,8,0,8,0,0,86,0,86,0,0,94,0,94,156,0,156,250
08/05/2021,EMT,CA,AWP,WE,Towers with Radar,0,0,10,0,10,0,2,100,0,102,0,2,110,0,112,216,0,216,328
08/06/2021,EMT,CA,AWP,WE,Towers with Radar,0,0,16,0,16,0,0,95,0,95,0,0,111,0,111,90,0,90,201
08/07/2021,EMT,CA,AWP,WE,Towers with Radar,0,0,13,0,13,0,0,73,0,73,0,0,86,0,86,100,0,100,186
08/08/2021,EMT,CA,AWP,WE,Towers with Radar,0,0,11,0,11,0,0,71,0,71,0,0,82,0,82,130,0,130,212
08/09/2021,EMT,CA,AWP,WE,Towers with Radar,0,0,12,0,12,0,0,53,0,53,0,0,65,0,65,122,0,122,187
08/10/2021,EMT,CA,AWP,WE,Towers with Radar,0,0,9,0,9,0,0,86,1,87,0,0,95,1,96,148,0,148,244
08/11/2021,EMT,CA,AWP,WE,Towers with Radar,0,0,4,0,4,0,0,60,0,60,0,0,64,0,64,210,0,210,274
08/12/2021,EMT,CA,AWP,WE,Towers with Radar,0,0,9,0,9,0,0,95,1,96,0,0,104,1,105,226,0,226,331
08/13/2021,EMT,CA,AWP,WE,Towers with Radar,0,3,3,0,6,0,4,86,0,90,0,7,89,0,96,186,0,186,282
08/14/2021,EMT,CA,AWP,WE,Towers with Radar,0,0,14,0,14,0,2,99,0,101,0,2,113,0,115,122,0,122,237
08/15/2021,EMT,CA,AWP,WE,Towers with Radar,0,0,11,0,11,0,2,111,0,113,0,2,122,0,124,150,0,150,274
08/16/2021,EMT,CA,AWP,WE,Towers with Radar,0,1,3,0,4,0,3,70,0,73,0,4,73,0,77,250,0,250,327
08/17/2021,EMT,CA,AWP,WE,Towers with Radar,0,0,10,0,10,0,1,84,0,85,0,1,94,0,95,220,0,220,315
08/18/2021,EMT,CA,AWP,WE,Towers with Radar,0,2,15,0,17,0,1,32,0,33,0,3,47,0,50,288,0,288,338
08/19/2021,EMT,CA,AWP,WE,Towers with Radar,0,0,6,0,6,0,0,72,0,72,0,0,78,0,78,274,0,274,352
08/20/2021,EMT,CA,AWP,WE,Towers with Radar,0,0,17,0,17,0,3,63,0,66,0,3,80,0,83,211,0,211,294
08/21/2021,EMT,CA,AWP,WE,Towers with Radar,0,0,21,0,21,0,0,22,2,24,0,0,43,2,45,196,0,196,241
08/22/2021,EMT,CA,AWP,WE,Towers with Radar,0,0,13,0,13,0,0,105,0,105,0,0,118,0,118,206,0,206,324
08/23/2021,EMT,CA,AWP,WE,Towers with Radar,0,0,6,0,6,0,0,77,2,79,0,0,83,2,85,174,0,174,259
08/24/2021,EMT,CA,AWP,WE,Towers with Radar,0,0,6,0,6,0,2,72,0,74,0,2,78,0,80,139,0,139,219
08/25/2021,EMT,CA,AWP,WE,Towers with Radar,0,0,4,0,4,0,0,53,0,53,0,0,57,0,57,253,0,253,310
08/26/2021,EMT,CA,AWP,WE,Towers with Radar,0,0,8,0,8,0,2,79,0,81,0,2,87,0,89,140,0,140,229
08/27/2021,EMT,CA,AWP,WE,Towers with Radar,0,0,5,0,5,0,0,98,0,98,0,0,103,0,103,124,0,124,227
08/28/2021,EMT,CA,AWP,WE,Towers with Radar,0,1,3,0,4,0,0,80,0,80,0,1,83,0,84,108,0,108,192
08/29/2021,EMT,CA,AWP,WE,Towers with Radar,0,0,5,0,5,0,0,119,0,119,0,0,124,0,124,186,0,186,310
08/30/2021,EMT,CA,AWP,WE,Towers with Radar,0,0,3,0,3,0,2,85,0,87,0,2,88,0,90,162,0,162,252
08/31/2021,EMT,CA,AWP,WE,Towers with Radar,0,0,10,0,10,0,0,44,0,44,0,0,54,0,54,116,0,116,170
09/01/2021,EMT,CA,AWP,WE,Towers with Radar,0,0,12,0,12,0,0,37,0,37,0,0,49,0,49,240,0,240,289
09/02/2021,EMT,CA,AWP,WE,Towers with Radar,0,0,11,0,11,0,0,64,0,64,0,0,75,0,75,154,0,154,229
09/03/2021,EMT,CA,AWP,WE,Towers with Radar,0,0,5,0,5,0,2,77,0,79,0,2,82,0,84,126,0,126,210
09/04/2021,EMT,CA,AWP,WE,Towers with Radar,0,1,4,0,5,0,1,127,0,128,0,2,131,0,133,134,0,134,267
09/05/2021,EMT,CA,AWP,WE,Towers with Radar,0,0,4,0,4,0,0,80,0,80,0,0,84,0,84,156,0,156,240
09/06/2021,EMT,CA,AWP,WE,Towers with Radar,0,2,4,0,6,0,0,85,0,85,0,2,89,0,91,150,0,150,241
09/07/2021,EMT,CA,AWP,WE,Towers with Radar,0,0,8,0,8,0,0,104,0,104,0,0,112,0,112,114,0,114,226
09/08/2021,EMT,CA,AWP,WE,Towers with Radar,0,0,6,0,6,0,1,80,0,81,0,1,86,0,87,164,0,164,251
09/09/2021,EMT,CA,AWP,WE,Towers with Radar,0,0,9,0,9,0,0,71,0,71,0,0,80,0,80,140,0,140,220
09/10/2021,EMT,CA,AWP,WE,Towers with Radar,0,0,11,0,11,0,0,90,0,90,0,0,101,0,101,168,0,168,269
09/11/2021,EMT,CA,AWP,WE,Towers with Radar,0,0,6,0,6,0,0,111,1,112,0,0,117,1,118,136,0,136,254
09/12/2021,EMT,CA,AWP,WE,Towers with Radar,0,0,7,0,7,0,0,109,0,109,0,0,116,0,116,156,0,156,272
09/13/2021,EMT,CA,AWP,WE,Towers with Radar,0,0,8,0,8,0,0,65,0,65,0,0,73,0,73,76,0,76,149
09/14/2021,EMT,CA,AWP,WE,Towers with Radar,0,0,4,0,4,0,0,48,0,48,0,0,52,0,52,92,0,92,144
09/15/2021,EMT,CA,AWP,WE,Towers with Radar,0,0,11,0,11,0,0,77,0,77,0,0,88,0,88,130,0,130,218
09/16/2021,EMT,CA,AWP,WE,Towers with Radar,0,0,10,0,10,0,0,62,0,62,0,0,72,0,72,82,0,82,154
09/17/2021,EMT,CA,AWP,WE,Towers with Radar,0,0,17,0,17,0,0,75,0,75,0,0,92,0,92,168,0,168,260
09/18/2021,EMT,CA,AWP,WE,Towers with Radar,0,0,6,0,6,0,0,82,0,82,0,0,88,0,88,210,0,210,298
09/19/2021,EMT,CA,AWP,WE,Towers with Radar,0,0,8,0,8,1,0,94,0,95,1,0,102,0,103,126,0,126,229
09/20/2021,EMT,CA,AWP,WE,Towers with Radar,0,0,9,0,9,0,0,78,0,78,0,0,87,0,87,216,0,216,303
09/21/2021,EMT,CA,AWP,WE,Towers with Radar,0,2,11,0,13,0,0,75,0,75,0,2,86,0,88,174,0,174,262
09/22/2021,EMT,CA,AWP,WE,Towers with Radar,0,0,7,0,7,0,0,69,0,69,0,0,76,0,76,110,0,110,186
09/23/2021,EMT,CA,AWP,WE,Towers with Radar,0,0,6,0,6,0,0,68,0,68,0,0,74,0,74,130,0,130,204
09/24/2021,EMT,CA,AWP,WE,Towers with Radar,0,0,8,0,8,0,0,75,0,75,0,0,83,0,83,117,0,117,200
09/25/2021,EMT,CA,AWP,WE,Towers with Radar,0,0,12,0,12,0,0,93,0,93,0,0,105,0,105,138,0,138,243
09/26/2021,EMT,CA,AWP,WE,Towers with Radar,0,0,15,0,15,0,0,44,0,44,0,0,59,0,59,90,0,90,149
09/27/2021,EMT,CA,AWP,WE,Towers with Radar,0,0,26,0,26,0,0,5,0,5,0,0,31,0,31,28,0,28,59
09/28/2021,EMT,CA,AWP,WE,Towers with Radar,0,0,12,0,12,0,0,49,0,49,0,0,61,0,61,140,0,140,201
09/29/2021,EMT,CA,AWP,WE,Towers with Radar,0,0,6,0,6,0,0,89,0,89,0,0,95,0,95,180,0,180,275
09/30/2021,EMT,CA,AWP,WE,Towers with Radar,0,0,7,0,7,0,0,90,1,91,0,0,97,1,98,172,0,172,270
10/01/2021,EMT,CA,AWP,WE,Towers with Radar,0,1,9,0,10,0,4,119,0,123,0,5,128,0,133,186,0,186,319
10/02/2021,EMT,CA,AWP,WE,Towers with Radar,0,0,5,0,5,0,0,106,0,106,0,0,111,0,111,124,0,124,235
10/03/2021,EMT,CA,AWP,WE,Towers with Radar,0,2,1,0,3,0,2,76,0,78,0,4,77,0,81,92,0,92,173
10/04/2021,EMT,CA,AWP,WE,Towers with Radar,0,0,9,0,9,0,0,65,0,65,0,0,74,0,74,134,0,134,208
10/05/2021,EMT,CA,AWP,WE,Towers with Radar,0,2,5,0,7,0,0,87,0,87,0,2,92,0,94,162,0,162,256
10/06/2021,EMT,CA,AWP,WE,Towers with Radar,0,0,10,0,10,0,1,24,0,25,0,1,34,0,35,226,0,226,261
10/07/2021,EMT,CA,AWP,WE,Towers with Radar,0,2,5,0,7,0,0,22,0,22,0,2,27,0,29,276,0,276,305
10/08/2021,EMT,CA,AWP,WE,Towers with Radar,0,0,10,0,10,0,0,33,0,33,0,0,43,0,43,192,0,192,235
10/09/2021,EMT,CA,AWP,WE,Towers with Radar,0,0,4,1,5,0,0,127,0,127,0,0,131,1,132,192,0,192,324
10/10/2021,EMT,CA,AWP,WE,Towers with Radar,0,0,2,0,2,0,0,137,0,137,0,0,139,0,139,190,0,190,329
10/11/2021,EMT,CA,AWP,WE,Towers with Radar,0,2,10,0,12,0,0,58,0,58,0,2,68,0,70,146,0,146,216
10/12/2021,EMT,CA,AWP,WE,Towers with Radar,0,0,6,0,6,0,0,73,0,73,0,0,79,0,79,118,0,118,197
10/13/2021,EMT,CA,AWP,WE,Towers with Radar,0,0,4,0,4,0,0,87,0,87,0,0,91,0,91,156,0,156,247
10/14/2021,EMT,CA,AWP,WE,Towers with Radar,0,0,5,0,5,0,1,84,0,85,0,1,89,0,90,196,0,196,286
10/15/2021,EMT,CA,AWP,WE,Towers with Radar,0,0,6,0,6,0,0,94,0,94,0,0,100,0,100,210,0,210,310
10/16/2021,EMT,CA,AWP,WE,Towers with Radar,0,0,3,0,3,0,0,103,0,103,0,0,106,0,106,138,0,138,244
10/17/2021,EMT,CA,AWP,WE,Towers with Radar,0,0,8,0,8,0,0,109,0,109,0,0,117,0,117,166,0,166,283
10/18/2021,EMT,CA,AWP,WE,Towers with Radar,0,0,2,0,2,0,0,34,0,34,0,0,36,0,36,140,0,140,176
10/19/2021,EMT,CA,AWP,WE,Towers with Radar,0,0,7,0,7,0,0,102,0,102,0,0,109,0,109,142,0,142,251
10/20/2021,EMT,CA,AWP,WE,Towers with Radar,0,0,8,0,8,0,0,93,0,93,0,0,101,0,101,158,0,158,259
10/21/2021,EMT,CA,AWP,WE,Towers with Radar,0,0,8,0,8,0,0,106,0,106,0,0,114,0,114,210,0,210,324
10/22/2021,EMT,CA,AWP,WE,Towers with Radar,0,2,5,0,7,0,0,68,0,68,0,2,73,0,75,136,0,136,211
10/23/2021,EMT,CA,AWP,WE,Towers with Radar,0,0,15,0,15,0,0,32,0,32,0,0,47,0,47,66,0,66,113
10/24/2021,EMT,CA,AWP,WE,Towers with Radar,0,0,11,0,11,0,0,66,0,66,0,0,77,0,77,94,0,94,171
10/25/2021,EMT,CA,AWP,WE,Towers with Radar,0,0,2,0,2,1,0,2,0,3,1,0,4,0,5,0,0,0,5
10/26/2021,EMT,CA,AWP,WE,Towers with Radar,0,0,11,0,11,0,0,84,0,84,0,0,95,0,95,148,0,148,243
10/27/2021,EMT,CA,AWP,WE,Towers with Radar,0,0,5,0,5,0,0,122,1,123,0,0,127,1,128,162,0,162,290
10/28/2021,EMT,CA,AWP,WE,Towers with Radar,0,1,6,0,7,0,0,109,0,109,0,1,115,0,116,220,0,220,336
10/29/2021,EMT,CA,AWP,WE,Towers with Radar,0,0,5,0,5,0,2,99,0,101,0,2,104,0,106,144,0,144,250
10/30/2021,EMT,CA,AWP,WE,Towers with Radar,0,2,10,0,12,0,0,80,0,80,0,2,90,0,92,106,0,106,198
10/31/2021,EMT,CA,AWP,WE,Towers with Radar,0,0,12,0,12,0,0,47,0,47,0,0,59,0,59,164,0,164,223
11/01/2021,EMT,CA,AWP,WE,Towers with Radar,0,2,10,0,12,0,2,27,0,29,0,4,37,0,41,92,0,92,133
11/02/2021,EMT,CA,AWP,WE,Towers with Radar,0,0,4,0,4,0,0,43,2,45,0,0,47,2,49,104,0,104,153
11/03/2021,EMT,CA,AWP,WE,Towers with Radar,0,1,8,0,9,0,0,65,0,65,0,1,73,0,74,142,0,142,216
11/04/2021,EMT,CA,AWP,WE,Towers with Radar,0,2,8,0,10,0,0,45,0,45,0,2,53,0,55,154,0,154,209
11/05/2021,EMT,CA,AWP,WE,Towers with Radar,0,1,8,0,9,0,2,67,0,69,0,3,75,0,78,83,0,83,161
11/06/2021,EMT,CA,AWP,WE,Towers with Radar,0,0,25,0,25,0,0,30,0,30,0,0,55,0,55,64,0,64,119
11/07/2021,EMT,CA,AWP,WE,Towers with Radar,0,0,18,0,18,0,0,37,0,37,0,0,55,0,55,108,0,108,163
11/08/2021,EMT,CA,AWP,WE,Towers with Radar,0,0,15,0,15,0,2,44,0,46,0,2,59,0,61,90,0,90,151
11/09/2021,EMT,CA,AWP,WE,Towers with Radar,0,0,13,0,13,0,0,67,0,67,0,0,80,0,80,174,0,174,254
11/10/2021,EMT,CA,AWP,WE,Towers with Radar,0,0,8,0,8,0,0,113,0,113,0,0,121,0,121,178,0,178,299
11/11/2021,EMT,CA,AWP,WE,Towers with Radar,0,0,6,0,6,0,0,118,0,118,0,0,124,0,124,208,0,208,332
11/12/2021,EMT,CA,AWP,WE,Towers with Radar,0,0,8,0,8,0,3,88,0,91,0,3,96,0,99,182,0,182,281
11/13/2021,EMT,CA,AWP,WE,Towers with Radar,0,0,5,0,5,0,0,114,0,114,0,0,119,0,119,200,0,200,319
11/14/2021,EMT,CA,AWP,WE,Towers with Radar,0,2,5,0,7,0,0,113,0,113,0,2,118,0,120,120,0,120,240
11/15/2021,EMT,CA,AWP,WE,Towers with Radar,0,0,5,0,5,0,0,65,0,65,0,0,70,0,70,106,0,106,176
11/16/2021,EMT,CA,AWP,WE,Towers with Radar,0,0,13,0,13,0,2,55,0,57,0,2,68,0,70,166,0,166,236
11/17/2021,EMT,CA,AWP,WE,Towers with Radar,0,1,10,0,11,0,1,66,0,67,0,2,76,0,78,104,0,104,182
11/18/2021,EMT,CA,AWP,WE,Towers with Radar,0,1,8,0,9,0,1,55,0,56,0,2,63,0,65,132,0,132,197
11/19/2021,EMT,CA,AWP,WE,Towers with Radar,0,2,11,0,13,0,0,48,0,48,0,2,59,0,61,107,0,107,168
11/20/2021,EMT,CA,AWP,WE,Towers with Radar,0,0,12,0,12,0,0,35,0,35,0,0,47,0,47,88,0,88,135
11/21/2021,EMT,CA,AWP,WE,Towers with Radar,0,0,5,0,5,0,0,89,0,89,0,0,94,0,94,200,0,200,294
11/22/2021,EMT,CA,AWP,WE,Towers with Radar,0,0,16,0,16,0,0,75,0,75,0,0,91,0,91,172,0,172,263
11/23/2021,EMT,CA,AWP,WE,Towers with Radar,0,1,7,0,8,0,2,122,1,125,0,3,129,1,133,130,0,130,263
11/24/2021,EMT,CA,AWP,WE,Towers with Radar,0,0,7,0,7,0,0,85,0,85,0,0,92,0,92,168,0,168,260
11/25/2021,EMT,CA,AWP,WE,Towers with Radar,0,0,4,0,4,0,0,11,0,11,0,0,15,0,15,60,0,60,75
11/26/2021,EMT,CA,AWP,WE,Towers with Radar,0,0,3,0,3,0,2,111,0,113,0,2,114,0,116,112,0,112,228
11/27/2021,EMT,CA,AWP,WE,Towers with Radar,0,0,8,0,8,0,0,110,0,110,0,0,118,0,118,160,0,160,278
11/28/2021,EMT,CA,AWP,WE,Towers with Radar,0,0,6,0,6,0,1,131,0,132,0,1,137,0,138,234,0,234,372
11/29/2021,EMT,CA,AWP,WE,Towers with Radar,0,0,3,0,3,0,0,71,0,71,0,0,74,0,74,176,0,176,250
11/30/2021,EMT,CA,AWP,WE,Towers with Radar,0,0,8,0,8,0,0,89,0,89,0,0,97,0,97,252,0,252,349
12/01/2021,EMT,CA,AWP,WE,Towers with Radar,0,0,6,0,6,0,0,79,0,79,0,0,85,0,85,104,0,104,189
12/02/2021,EMT,CA,AWP,WE,Towers with Radar,0,0,19,0,19,0,2,36,0,38,0,2,55,0,57,94,0,94,151
12/03/2021,EMT,CA,AWP,WE,Towers with Radar,0,2,27,0,29,0,0,4,0,4,0,2,31,0,33,2,0,2,35
12/04/2021,EMT,CA,AWP,WE,Towers with Radar,4,0,12,0,16,15,0,7,0,22,19,0,19,0,38,22,0,22,60
12/05/2021,EMT,CA,AWP,WE,Towers with Radar,0,0,8,0,8,0,0,38,0,38,0,0,46,0,46,138,0,138,184
12/06/2021,EMT,CA,AWP,WE,Towers with Radar,0,0,12,0,12,0,0,51,0,51,0,0,63,0,63,168,0,168,231
12/07/2021,EMT,CA,AWP,WE,Towers with Radar,0,0,9,0,9,0,0,39,0,39,0,0,48,0,48,167,0,167,215
12/08/2021,EMT,CA,AWP,WE,Towers with Radar,0,0,8,0,8,0,0,77,0,77,0,0,85,0,85,136,0,136,221
12/09/2021,EMT,CA,AWP,WE,Towers with Radar,0,0,4,0,4,0,0,5,0,5,0,0,9,0,9,24,0,24,33
12/10/2021,EMT,CA,AWP,WE,Towers with Radar,0,0,7,0,7,0,1,99,0,100,0,1,106,0,107,254,0,254,361
12/11/2021,EMT,CA,AWP,WE,Towers with Radar,0,0,2,0,2,0,0,119,0,119,0,0,121,0,121,106,0,106,227
12/12/2021,EMT,CA,AWP,WE,Towers with Radar,0,0,4,0,4,0,0,89,0,89,0,0,93,0,93,176,0,176,269
12/13/2021,EMT,CA,AWP,WE,Towers with Radar,0,0,9,0,9,0,0,42,0,42,0,0,51,0,51,156,0,156,207
12/14/2021,EMT,CA,AWP,WE,Towers with Radar,0,0,0,0,0,0,0,2,0,2,0,0,2,0,2,16,0,16,18
12/15/2021,EMT,CA,AWP,WE,Towers with Radar,0,0,7,0,7,0,2,67,0,69,0,2,74,0,76,168,0,168,244
12/16/2021,EMT,CA,AWP,WE,Towers with Radar,0,0,8,0,8,0,0,64,0,64,0,0,72,0,72,208,0,208,280
12/17/2021,EMT,CA,AWP,WE,Towers with Radar,0,2,11,0,13,0,0,128,0,128,0,2,139,0,141,164,0,164,305
12/18/2021,EMT,CA,AWP,WE,Towers with Radar,0,0,11,0,11,0,0,125,0,125,0,0,136,0,136,190,0,190,326
12/19/2021,EMT,CA,AWP,WE,Towers with Radar,0,0,4,0,4,0,2,98,0,100,0,2,102,0,104,150,0,150,254
12/20/2021,EMT,CA,AWP,WE,Towers with Radar,0,0,1,0,1,0,0,107,0,107,0,0,108,0,108,96,0,96,204
12/21/2021,EMT,CA,AWP,WE,Towers with Radar,0,0,1,0,1,0,0,84,2,86,0,0,85,2,87,144,0,144,231
12/22/2021,EMT,CA,AWP,WE,Towers with Radar,0,0,10,0,10,0,0,104,1,105,0,0,114,1,115,118,0,118,233
12/23/2021,EMT,CA,AWP,WE,Towers with Radar,0,0,1,0,1,0,0,1,0,1,0,0,2,0,2,0,0,0,2
12/24/2021,EMT,CA,AWP,WE,Towers with Radar,0,0,2,0,2,0,0,16,0,16,0,0,18,0,18,98,0,98,116
12/25/2021,EMT,CA,AWP,WE,Towers with Radar,0,0,1,0,1,0,0,2,0,2,0,0,3,0,3,0,0,0,3
12/26/2021,EMT,CA,AWP,WE,Towers with Radar,0,0,4,0,4,0,0,59,0,59,0,0,63,0,63,104,0,104,167
12/27/2021,EMT,CA,AWP,WE,Towers with Radar,0,0,0,0,0,0,0,25,0,25,0,0,25,0,25,116,0,116,141
12/28/2021,EMT,CA,AWP,WE,Towers with Radar,0,0,11,0,11,0,0,76,2,78,0,0,87,2,89,216,0,216,305
12/29/2021,EMT,CA,AWP,WE,Towers with Radar,0,0,6,0,6,0,0,8,0,8,0,0,14,0,14,12,0,12,26
12/30/2021,EMT,CA,AWP,WE,Towers with Radar,0,0,6,0,6,0,0,2,0,2,0,0,8,0,8,0,0,0,8
12/31/2021,EMT,CA,AWP,WE,Towers with Radar,0,0,13,0,13,0,0,90,0,90,0,0,103,0,103,86,0,86,189
01/01/2022,EMT,CA,AWP,WE,Towers with Radar,0,0,5,0,5,0,0,70,1,71,0,0,75,1,76,54,0,54,130
01/02/2022,EMT,CA,AWP,WE,Towers with Radar,0,0,10,0,10,0,0,97,0,97,0,0,107,0,107,134,0,134,241
01/03/2022,EMT,CA,AWP,WE,Towers with Radar,0,0,6,0,6,0,0,64,0,64,0,0,70,0,70,84,0,84,154
01/04/2022,EMT,CA,AWP,WE,Towers with Radar,0,0,7,0,7,0,1,76,0,77,0,1,83,0,84,96,0,96,180
01/05/2022,EMT,CA,AWP,WE,Towers with Radar,0,1,7,0,8,0,0,86,0,86,0,1,93,0,94,132,0,132,226
01/06/2022,EMT,CA,AWP,WE,Towers with Radar,0,0,5,0,5,0,0,84,0,84,0,0,89,0,89,128,0,128,217
01/07/2022,EMT,CA,AWP,WE,Towers with Radar,0,0,7,0,7,0,0,20,0,20,0,0,27,0,27,34,0,34,61
01/08/2022,EMT,CA,AWP,WE,Towers with Radar,0,0,7,0,7,0,0,81,0,81,0,0,88,0,88,166,0,166,254
01/09/2022,EMT,CA,AWP,WE,Towers with Radar,0,0,4,0,4,0,1,109,0,110,0,1,113,0,114,134,0,134,248
01/10/2022,EMT,CA,AWP,WE,Towers with Radar,0,0,2,0,2,0,0,49,0,49,0,0,51,0,51,88,0,88,139
01/11/2022,EMT,CA,AWP,WE,Towers with Radar,0,0,4,0,4,0,0,109,0,109,0,0,113,0,113,168,0,168,281
01/12/2022,EMT,CA,AWP,WE,Towers with Radar,0,0,4,0,4,0,0,69,0,69,0,0,73,0,73,104,0,104,177
01/13/2022,EMT,CA,AWP,WE,Towers with Radar,0,0,6,0,6,0,1,106,0,107,0,1,112,0,113,102,0,102,215
01/14/2022,EMT,CA,AWP,WE,Towers with Radar,0,0,6,0,6,0,0,77,0,77,0,0,83,0,83,130,0,130,213
01/15/2022,EMT,CA,AWP,WE,Towers with Radar,0,0,7,0,7,0,0,63,0,63,0,0,70,0,70,176,0,176,246
01/16/2022,EMT,CA,AWP,WE,Towers with Radar,0,0,5,0,5,0,0,104,0,104,0,0,109,0,109,278,0,278,387
01/17/2022,EMT,CA,AWP,WE,Towers with Radar,0,0,2,0,2,0,0,20,0,20,0,0,22,0,22,184,0,184,206
01/18/2022,EMT,CA,AWP,WE,Towers with Radar,0,0,12,0,12,0,0,29,0,29,0,0,41,0,41,144,0,144,185
01/19/2022,EMT,CA,AWP,WE,Towers with Radar,0,0,11,0,11,0,0,27,0,27,0,0,38,0,38,88,0,88,126
01/20/2022,EMT,CA,AWP,WE,Towers with Radar,0,0,3,0,3,0,0,85,0,85,0,0,88,0,88,178,0,178,266
01/21/2022,EMT,CA,AWP,WE,Towers with Radar,0,0,1,0,1,0,2,92,0,94,0,2,93,0,95,118,0,118,213
01/22/2022,EMT,CA,AWP,WE,Towers with Radar,0,0,4,0,4,0,0,13,0,13,0,0,17,0,17,56,0,56,73
01/23/2022,EMT,CA,AWP,WE,Towers with Radar,0,0,3,0,3,0,0,121,0,121,0,0,124,0,124,200,0,200,324
01/24/2022,EMT,CA,AWP,WE,Towers with Radar,0,0,9,0,9,0,0,73,0,73,0,0,82,0,82,162,0,162,244
01/25/2022,EMT,CA,AWP,WE,Towers with Radar,0,0,2,0,2,0,0,83,0,83,0,0,85,0,85,206,0,206,291
01/26/2022,EMT,CA,AWP,WE,Towers with Radar,0,0,7,0,7,0,2,76,0,78,0,2,83,0,85,176,0,176,261
01/27/2022,EMT,CA,AWP,WE,Towers with Radar,0,0,12,0,12,0,2,115,0,117,0,2,127,0,129,198,0,198,327
01/28/2022,EMT,CA,AWP,WE,Towers with Radar,0,0,4,0,4,0,4,61,0,65,0,4,65,0,69,173,0,173,242
01/29/2022,EMT,CA,AWP,WE,Towers with Radar,0,0,6,0,6,0,2,91,0,93,0,2,97,0,99,198,0,198,297
01/30/2022,EMT,CA,AWP,WE,Towers with Radar,0,0,5,0,5,0,0,108,0,108,0,0,113,0,113,234,0,234,347
01/31/2022,EMT,CA,AWP,WE,Towers with Radar,0,0,12,1,13,0,3,62,0,65,0,3,74,1,78,158,0,158,236
02/01/2022,EMT,CA,AWP,WE,Towers with Radar,0,0,5,0,5,0,0,72,0,72,0,0,77,0,77,234,0,234,311
02/02/2022,EMT,CA,AWP,WE,Towers with Radar,0,0,2,0,2,0,0,47,0,47,0,0,49,0,49,188,0,188,237
02/03/2022,EMT,CA,AWP,WE,Towers with Radar,0,0,5,0,5,0,1,89,2,92,0,1,94,2,97,134,0,134,231
02/04/2022,EMT,CA,AWP,WE,Towers with Radar,0,0,6,0,6,0,1,81,0,82,0,1,87,0,88,194,0,194,282
02/05/2022,EMT,CA,AWP,WE,Towers with Radar,0,0,6,0,6,0,0,96,0,96,0,0,102,0,102,240,0,240,342
02/06/2022,EMT,CA,AWP,WE,Towers with Radar,0,0,2,0,2,0,2,104,2,108,0,2,106,2,110,108,0,108,218
02/07/2022,EMT,CA,AWP,WE,Towers with Radar,0,0,7,0,7,0,0,75,0,75,0,0,82,0,82,96,0,96,178
02/08/2022,EMT,CA,AWP,WE,Towers with Radar,0,0,7,0,7,0,4,123,0,127,0,4,130,0,134,149,0,149,283
02/09/2022,EMT,CA,AWP,WE,Towers with Radar,0,4,4,0,8,0,2,92,1,95,0,6,96,1,103,112,0,112,215
02/10/2022,EMT,CA,AWP,WE,Towers with Radar,0,0,2,0,2,0,0,69,0,69,0,0,71,0,71,162,0,162,233
02/11/2022,EMT,CA,AWP,WE,Towers with Radar,0,0,12,0,12,0,4,113,0,117,0,4,125,0,129,184,0,184,313
02/12/2022,EMT,CA,AWP,WE,Towers with Radar,0,0,2,0,2,0,1,100,0,101,0,1,102,0,103,132,0,132,235
02/13/2022,EMT,CA,AWP,WE,Towers with Radar,0,1,6,0,7,0,1,70,0,71,0,2,76,0,78,100,0,100,178
02/14/2022,EMT,CA,AWP,WE,Towers with Radar,0,0,16,0,16,0,1,78,0,79,0,1,94,0,95,77,0,77,172
02/15/2022,EMT,CA,AWP,WE,Towers with Radar,0,0,9,0,9,0,0,9,0,9,0,0,18,0,18,96,0,96,114
02/16/2022,EMT,CA,AWP,WE,Towers with Radar,0,0,3,0,3,0,0,120,1,121,0,0,123,1,124,250,0,250,374
02/17/2022,EMT,CA,AWP,WE,Towers with Radar,0,0,3,0,3,0,0,95,0,95,0,0,98,0,98,168,0,168,266
02/18/2022,EMT,CA,AWP,WE,Towers with Radar,0,0,11,0,11,0,0,102,0,102,0,0,113,0,113,210,0,210,323
02/19/2022,EMT,CA,AWP,WE,Towers with Radar,0,0,4,0,4,0,2,137,0,139,0,2,141,0,143,227,0,227,370
02/20/2022,EMT,CA,AWP,WE,Towers with Radar,0,2,9,0,11,0,0,98,0,98,0,2,107,0,109,214,0,214,323
02/21/2022,EMT,CA,AWP,WE,Towers with Radar,0,2,8,0,10,0,0,49,0,49,0,2,57,0,59,176,0,176,235
02/22/2022,EMT,CA,AWP,WE,Towers with Radar,0,2,1,0,3,0,0,17,0,17,0,2,18,0,20,114,0,114,134
02/23/2022,EMT,CA,AWP,WE,Towers with Radar,0,0,4,0,4,0,0,55,0,55,0,0,59,0,59,122,0,122,181
02/24/2022,EMT,CA,AWP,WE,Towers with Radar,0,0,6,0,6,0,0,95,0,95,0,0,101,0,101,180,0,180,281
02/25/2022,EMT,CA,AWP,WE,Towers with Radar,0,0,6,1,7,0,5,119,1,125,0,5,125,2,132,232,0,232,364
02/26/2022,EMT,CA,AWP,WE,Towers with Radar,0,0,5,0,5,0,0,122,0,122,0,0,127,0,127,170,0,170,297
02/27/2022,EMT,CA,AWP,WE,Towers with Radar,0,0,2,0,2,0,1,108,0,109,0,1,110,0,111,207,0,207,318
02/28/2022,EMT,CA,AWP,WE,Towers with Radar,0,0,3,0,3,0,1,91,0,92,0,1,94,0,95,114,0,114,209
03/01/2022,EMT,CA,AWP,WE,Towers with Radar,0,0,7,0,7,0,0,112,0,112,0,0,119,0,119,204,0,204,323
03/02/2022,EMT,CA,AWP,WE,Towers with Radar,0,1,7,0,8,0,0,97,0,97,0,1,104,0,105,96,0,96,201
03/03/2022,EMT,CA,AWP,WE,Towers with Radar,0,0,4,0,4,0,0,73,0,73,0,0,77,0,77,197,0,197,274
03/04/2022,EMT,CA,AWP,WE,Towers with Radar,0,0,5,0,5,0,0,40,0,40,0,0,45,0,45,180,0,180,225
03/05/2022,EMT,CA,AWP,WE,Towers with Radar,0,0,5,0,5,0,0,51,0,51,0,0,56,0,56,114,0,114,170
03/06/2022,EMT,CA,AWP,WE,Towers with Radar,0,0,4,0,4,0,0,126,0,126,0,0,130,0,130,276,0,276,406
03/07/2022,EMT,CA,AWP,WE,Towers with Radar,0,0,3,0,3,0,2,89,0,91,0,2,92,0,94,140,0,140,234
03/08/2022,EMT,CA,AWP,WE,Towers with Radar,0,0,10,1,11,0,2,110,1,113,0,2,120,2,124,278,0,278,402
03/09/2022,EMT,CA,AWP,WE,Towers with Radar,0,0,12,0,12,0,3,119,0,122,0,3,131,0,134,190,0,190,324
03/10/2022,EMT,CA,AWP,WE,Towers with Radar,0,0,3,0,3,0,0,75,0,75,0,0,78,0,78,218,0,218,296
03/11/2022,EMT,CA,AWP,WE,Towers with Radar,0,0,9,0,9,0,0,97,1,98,0,0,106,1,107,166,0,166,273
03/12/2022,EMT,CA,AWP,WE,Towers with Radar,0,0,5,0,5,0,0,115,0,115,0,0,120,0,120,162,0,162,282
03/13/2022,EMT,CA,AWP,WE,Towers with Radar,0,0,9,0,9,0,1,97,0,98,0,1,106,0,107,176,0,176,283
03/14/2022,EMT,CA,AWP,WE,Towers with Radar,0,0,11,0,11,0,1,110,0,111,0,1,121,0,122,146,0,146,268
03/15/2022,EMT,CA,AWP,WE,Towers with Radar,0,0,7,0,7,0,0,102,0,102,0,0,109,0,109,144,0,144,253
03/16/2022,EMT,CA,AWP,WE,Towers with Radar,0,0,14,0,14,0,0,74,0,74,0,0,88,0,88,122,0,122,210
03/17/2022,EMT,CA,AWP,WE,Towers with Radar,0,0,4,0,4,0,0,112,0,112,0,0,116,0,116,188,0,188,304
03/18/2022,EMT,CA,AWP,WE,Towers with Radar,0,0,4,0,4,0,0,143,0,143,0,0,147,0,147,238,0,238,385
03/19/2022,EMT,CA,AWP,WE,Towers with Radar,0,1,7,0,8,0,0,114,0,114,0,1,121,0,122,164,0,164,286
03/20/2022,EMT,CA,AWP,WE,Towers with Radar,0,0,8,0,8,0,3,84,0,87,0,3,92,0,95,70,0,70,165
03/21/2022,EMT,CA,AWP,WE,Towers with Radar,0,0,5,0,5,0,0,86,0,86,0,0,91,0,91,240,0,240,331
03/22/2022,EMT,CA,AWP,WE,Towers with Radar,0,0,8,0,8,0,1,70,0,71,0,1,78,0,79,174,0,174,253
03/23/2022,EMT,CA,AWP,WE,Towers with Radar,0,0,3,0,3,0,1,93,0,94,0,1,96,0,97,154,0,154,251
03/24/2022,EMT,CA,AWP,WE,Towers with Radar,0,0,3,0,3,0,0,100,0,100,0,0,103,0,103,222,0,222,325
03/25/2022,EMT,CA,AWP,WE,Towers with Radar,0,0,10,0,10,0,0,95,0,95,0,0,105,0,105,198,0,198,303
03/26/2022,EMT,CA,AWP,WE,Towers with Radar,0,0,9,0,9,0,0,80,0,80,0,0,89,0,89,139,0,139,228
03/27/2022,EMT,CA,AWP,WE,Towers with Radar,0,0,3,0,3,0,0,79,0,79,0,0,82,0,82,232,0,232,314
03/28/2022,EMT,CA,AWP,WE,Towers with Radar,0,0,2,0,2,0,0,4,1,5,0,0,6,1,7,14,0,14,21
03/29/2022,EMT,CA,AWP,WE,Towers with Radar,0,0,6,0,6,0,0,56,0,56,0,0,62,0,62,100,0,100,162
03/30/2022,EMT,CA,AWP,WE,Towers with Radar,0,0,9,0,9,0,2,120,0,122,0,2,129,0,131,193,0,193,324
03/31/2022,EMT,CA,AWP,WE,Towers with Radar,0,0,17,0,17,0,0,71,0,71,0,0,88,0,88,288,0,288,376
04/01/2022,EMT,CA,AWP,WE,Towers with Radar,0,2,9,0,11,0,0,110,0,110,0,2,119,0,121,198,0,198,319
04/02/2022,EMT,CA,AWP,WE,Towers with Radar,0,2,15,0,17,0,0,31,0,31,0,2,46,0,48,202,0,202,250
04/03/2022,EMT,CA,AWP,WE,Towers with Radar,0,2,13,0,15,0,0,39,0,39,0,2,52,0,54,282,0,282,336
04/04/2022,EMT,CA,AWP,WE,Towers with Radar,0,0,7,0,7,0,0,55,0,55,0,0,62,0,62,86,0,86,148
04/05/2022,EMT,CA,AWP,WE,Towers with Radar,0,0,4,0,4,0,0,88,0,88,0,0,92,0,92,164,0,164,256
04/06/2022,EMT,CA,AWP,WE,Towers with Radar,0,0,7,0,7,0,0,114,0,114,0,0,121,0,121,94,0,94,215
04/07/2022,EMT,CA,AWP,WE,Towers with Radar,0,0,4,0,4,0,0,84,0,84,0,0,88,0,88,210,0,210,298
04/08/2022,EMT,CA,AWP,WE,Towers with Radar,0,0,9,0,9,0,0,94,0,94,0,0,103,0,103,150,0,150,253
04/09/2022,EMT,CA,AWP,WE,Towers with Radar,0,0,2,0,2,0,0,106,0,106,0,0,108,0,108,118,0,118,226
04/10/2022,EMT,CA,AWP,WE,Towers with Radar,0,0,14,0,14,0,0,53,0,53,0,0,67,0,67,168,0,168,235
04/11/2022,EMT,CA,AWP,WE,Towers with Radar,0,0,5,0,5,0,0,12,0,12,0,0,17,0,17,130,0,130,147
04/12/2022,EMT,CA,AWP,WE,Towers with Radar,0,0,0,0,0,0,0,22,2,24,0,0,22,2,24,24,0,24,48
04/13/2022,EMT,CA,AWP,WE,Towers with Radar,0,0,4,0,4,0,0,106,0,106,0,0,110,0,110,134,0,134,244
04/14/2022,EMT,CA,AWP,WE,Towers with Radar,0,0,7,0,7,0,0,121,0,121,0,0,128,0,128,178,0,178,306
04/15/2022,EMT,CA,AWP,WE,Towers with Radar,0,0,9,0,9,0,0,107,0,107,0,0,116,0,116,186,0,186,302
04/16/2022,EMT,CA,AWP,WE,Towers with Radar,0,0,18,0,18,0,0,53,0,53,0,0,71,0,71,157,0,157,228
04/17/2022,EMT,CA,AWP,WE,Towers with Radar,0,0,3,0,3,0,0,72,0,72,0,0,75,0,75,126,0,126,201
04/18/2022,EMT,CA,AWP,WE,Towers with Radar,0,0,3,0,3,0,0,83,0,83,0,0,86,0,86,176,0,176,262
04/19/2022,EMT,CA,AWP,WE,Towers with Radar,0,0,4,0,4,0,0,104,0,104,0,0,108,0,108,124,0,124,232
04/20/2022,EMT,CA,AWP,WE,Towers with Radar,0,0,3,0,3,0,0,66,0,66,0,0,69,0,69,182,0,182,251
04/21/2022,EMT,CA,AWP,WE,Towers with Radar,0,1,7,0,8,0,1,96,0,97,0,2,103,0,105,134,0,134,239
04/22/2022,EMT,CA,AWP,WE,Towers with Radar,0,0,8,0,8,0,0,40,0,40,0,0,48,0,48,130,0,130,178
04/23/2022,EMT,CA,AWP,WE,Towers with Radar,0,0,6,0,6,0,0,103,0,103,0,0,109,0,109,230,0,230,339
04/24/2022,EMT,CA,AWP,WE,Towers with Radar,0,0,5,0,5,0,1,89,0,90,0,1,94,0,95,178,0,178,273
04/25/2022,EMT,CA,AWP,WE,Towers with Radar,0,0,5,0,5,0,0,91,0,91,0,0,96,0,96,134,0,134,230
04/26/2022,EMT,CA,AWP,WE,Towers with Radar,0,0,3,0,3,0,0,100,1,101,0,0,103,1,104,106,0,106,210
04/27/2022,EMT,CA,AWP,WE,Towers with Radar,0,0,8,0,8,0,0,90,0,90,0,0,98,0,98,104,0,104,202
04/28/2022,EMT,CA,AWP,WE,Towers with Radar,0,0,9,2,11,0,0,69,1,70,0,0,78,3,81,218,0,218,299
04/29/2022,EMT,CA,AWP,WE,Towers with Radar,0,0,10,0,10,0,0,85,0,85,0,0,95,0,95,260,0,260,355
04/30/2022,EMT,CA,AWP,WE,Towers with Radar,0,0,9,0,9,0,0,116,0,116,0,0,125,0,125,164,0,164,289
05/01/2022,EMT,CA,AWP,WE,Towers with Radar,0,0,4,0,4,0,0,99,6,105,0,0,103,6,109,116,0,116,225
05/02/2022,EMT,CA,AWP,WE,Towers with Radar,0,0,8,0,8,0,0,45,0,45,0,0,53,0,53,126,0,126,179
05/03/2022,EMT,CA,AWP,WE,Towers with Radar,0,0,6,0,6,0,0,63,0,63,0,0,69,0,69,168,0,168,237
05/04/2022,EMT,CA,AWP,WE,Towers with Radar,0,0,10,0,10,0,0,112,0,112,0,0,122,0,122,202,0,202,324
05/05/2022,EMT,CA,AWP,WE,Towers with Radar,0,0,12,0,12,0,0,82,1,83,0,0,94,1,95,184,0,184,279
05/06/2022,EMT,CA,AWP,WE,Towers with Radar,0,0,9,0,9,0,0,103,0,103,0,0,112,0,112,182,0,182,294
05/07/2022,EMT,CA,AWP,WE,Towers with Radar,0,0,11,0,11,0,0,83,0,83,0,0,94,0,94,148,0,148,242
05/08/2022,EMT,CA,AWP,WE,Towers with Radar,0,0,11,0,11,0,0,22,0,22,0,0,33,0,33,58,0,58,91
05/09/2022,EMT,CA,AWP,WE,Towers with Radar,0,0,7,0,7,0,0,66,0,66,0,0,73,0,73,210,0,210,283
05/10/2022,EMT,CA,AWP,WE,Towers with Radar,0,0,9,0,9,0,2,94,0,96,0,2,103,0,105,158,0,158,263
05/11/2022,EMT,CA,AWP,WE,Towers with Radar,0,0,3,0,3,0,0,79,0,79,0,0,82,0,82,132,0,132,214
05/12/2022,EMT,CA,AWP,WE,Towers with Radar,0,0,10,0,10,0,0,104,0,104,0,0,114,0,114,212,0,212,326
05/13/2022,EMT,CA,AWP,WE,Towers with Radar,0,0,6,0,6,0,0,104,0,104,0,0,110,0,110,156,0,156,266
05/14/2022,EMT,CA,AWP,WE,Towers with Radar,0,0,5,0,5,0,0,92,0,92,0,0,97,0,97,144,0,144,241
05/15/2022,EMT,CA,AWP,WE,Towers with Radar,0,0,4,0,4,0,0,72,0,72,0,0,76,0,76,178,0,178,254
05/16/2022,EMT,CA,AWP,WE,Towers with Radar,0,0,5,0,5,0,2,71,0,73,0,2,76,0,78,136,0,136,214
05/17/2022,EMT,CA,AWP,WE,Towers with Radar,0,0,12,0,12,0,0,40,0,40,0,0,52,0,52,208,0,208,260
05/18/2022,EMT,CA,AWP,WE,Towers with Radar,0,0,4,0,4,0,0,60,0,60,0,0,64,0,64,165,0,165,229
05/19/2022,EMT,CA,AWP,WE,Towers with Radar,0,0,14,0,14,0,1,52,0,53,0,1,66,0,67,182,0,182,249
05/20/2022,EMT,CA,AWP,WE,Towers with Radar,0,2,18,1,21,0,0,28,0,28,0,2,46,1,49,210,0,210,259
05/21/2022,EMT,CA,AWP,WE,Towers with Radar,0,2,11,0,13,0,0,85,0,85,0,2,96,0,98,264,0,264,362
05/22/2022,EMT,CA,AWP,WE,Towers with Radar,0,0,6,0,6,0,0,103,0,103,0,0,109,0,109,184,0,184,293
05/23/2022,EMT,CA,AWP,WE,Towers with Radar,0,0,6,0,6,0,0,60,0,60,0,0,66,0,66,160,0,160,226
05/24/2022,EMT,CA,AWP,WE,Towers with Radar,0,0,12,0,12,0,0,92,0,92,0,0,104,0,104,188,0,188,292
05/25/2022,EMT,CA,AWP,WE,Towers with Radar,0,0,10,0,10,0,0,99,0,99,0,0,109,0,109,160,0,160,269
05/26/2022,EMT,CA,AWP,WE,Towers with Radar,0,0,7,0,7,0,0,76,0,76,0,0,83,0,83,100,0,100,183
05/27/2022,EMT,CA,AWP,WE,Towers with Radar,0,0,6,0,6,0,0,61,0,61,0,0,67,0,67,200,0,200,267
05/28/2022,EMT,CA,AWP,WE,Towers with Radar,0,1,10,0,11,0,0,42,0,42,0,1,52,0,53,186,0,186,239
05/29/2022,EMT,CA,AWP,WE,Towers with Radar,0,0,9,0,9,0,0,61,0,61,0,0,70,0,70,138,0,138,208
05/30/2022,EMT,CA,AWP,WE,Towers with Radar,0,0,7,0,7,0,0,63,0,63,0,0,70,0,70,120,0,120,190
05/31/2022,EMT,CA,AWP,WE,Towers with Radar,0,0,10,0,10,0,0,91,0,91,0,0,101,0,101,132,0,132,233
06/01/2022,EMT,CA,AWP,WE,Towers with Radar,0,0,11,0,11,0,2,91,0,93,0,2,102,0,104,144,0,144,248
06/02/2022,EMT,CA,AWP,WE,Towers with Radar,0,0,8,0,8,0,0,86,0,86,0,0,94,0,94,174,0,174,268
06/03/2022,EMT,CA,AWP,WE,Towers with Radar,0,2,9,0,11,0,0,39,0,39,0,2,48,0,50,146,0,146,196
06/04/2022,EMT,CA,AWP,WE,Towers with Radar,0,1,8,0,9,0,0,59,0,59,0,1,67,0,68,158,0,158,226
06/05/2022,EMT,CA,AWP,WE,Towers with Radar,0,0,10,0,10,0,0,63,0,63,0,0,73,0,73,130,0,130,203
06/06/2022,EMT,CA,AWP,WE,Towers with Radar,0,0,8,0,8,0,0,91,0,91,0,0,99,0,99,76,0,76,175
06/07/2022,EMT,CA,AWP,WE,Towers with Radar,0,0,6,0,6,0,0,48,0,48,0,0,54,0,54,102,0,102,156
06/08/2022,EMT,CA,AWP,WE,Towers with Radar,0,0,4,0,4,0,0,37,0,37,0,0,41,0,41,66,0,66,107
06/09/2022,EMT,CA,AWP,WE,Towers with Radar,0,0,3,0,3,0,2,6,0,8,0,2,9,0,11,0,0,0,11
06/10/2022,EMT,CA,AWP,WE,Towers with Radar,0,0,3,0,3,0,0,1,0,1,0,0,4,0,4,0,0,0,4
06/11/2022,EMT,CA,AWP,WE,Towers with Radar,0,0,8,0,8,0,0,60,0,60,0,0,68,0,68,138,0,138,206
06/12/2022,EMT,CA,AWP,WE,Towers with Radar,0,0,5,0,5,0,0,121,0,121,0,0,126,0,126,82,0,82,208
06/13/2022,EMT,CA,AWP,WE,Towers with Radar,0,0,6,0,6,0,0,53,1,54,0,0,59,1,60,266,0,266,326
06/14/2022,EMT,CA,AWP,WE,Towers with Radar,0,0,16,0,16,0,0,84,0,84,0,0,100,0,100,234,0,234,334
06/15/2022,EMT,CA,AWP,WE,Towers with Radar,0,0,6,0,6,0,0,83,0,83,0,0,89,0,89,133,0,133,222
06/16/2022,EMT,CA,AWP,WE,Towers with Radar,0,0,6,0,6,0,0,93,0,93,0,0,99,0,99,106,0,106,205
06/17/2022,EMT,CA,AWP,WE,Towers with Radar,0,0,9,0,9,0,0,82,0,82,0,0,91,0,91,240,0,240,331
06/18/2022,EMT,CA,AWP,WE,Towers with Radar,0,1,3,0,4,0,1,75,0,76,0,2,78,0,80,161,0,161,241
06/19/2022,EMT,CA,AWP,WE,Towers with Radar,0,0,9,0,9,0,0,79,0,79,0,0,88,0,88,72,0,72,160
06/20/2022,EMT,CA,AWP,WE,Towers with Radar,0,0,3,0,3,0,0,108,0,108,0,0,111,0,111,172,0,172,283
06/21/2022,EMT,CA,AWP,WE,Towers with Radar,0,0,10,0,10,0,0,78,1,79,0,0,88,1,89,144,0,144,233
06/22/2022,EMT,CA,AWP,WE,Towers with Radar,0,0,2,0,2,0,0,17,0,17,0,0,19,0,19,0,0,0,19
06/23/2022,EMT,CA,AWP,WE,Towers with Radar,0,0,5,0,5,0,1,121,0,122,0,1,126,0,127,166,0,166,293
06/24/2022,EMT,CA,AWP,WE,Towers with Radar,0,0,6,0,6,0,4,127,0,131,0,4,133,0,137,110,0,110,247
06/25/2022,EMT,CA,AWP,WE,Towers with Radar,0,0,6,0,6,0,1,103,0,104,0,1,109,0,110,128,0,128,238
06/26/2022,EMT,CA,AWP,WE,Towers with Radar,0,0,8,0,8,0,0,81,0,81,0,0,89,0,89,168,0,168,257
06/27/2022,EMT,CA,AWP,WE,Towers with Radar,0,0,7,0,7,0,0,67,0,67,0,0,74,0,74,122,0,122,196
06/28/2022,EMT,CA,AWP,WE,Towers with Radar,0,0,2,0,2,0,0,93,0,93,0,0,95,0,95,200,0,200,295
06/29/2022,EMT,CA,AWP,WE,Towers with Radar,0,0,7,0,7,0,0,97,0,97,0,0,104,0,104,118,0,118,222
06/30/2022,EMT,CA,AWP,WE,Towers with Radar,0,0,2,0,2,0,0,81,0,81,0,0,83,0,83,158,0,158,241
07/01/2022,EMT,CA,AWP,WE,Towers with Radar,0,0,10,0,10,0,0,77,0,77,0,0,87,0,87,188,0,188,275
07/02/2022,EMT,CA,AWP,WE,Towers with Radar,0,0,9,0,9,0,0,157,1,158,0,0,166,1,167,146,0,146,313
07/03/2022,EMT,CA,AWP,WE,Towers with Radar,0,0,7,0,7,0,0,69,0,69,0,0,76,0,76,86,0,86,162
07/04/2022,EMT,CA,AWP,WE,Towers with Radar,0,0,2,0,2,0,0,57,0,57,0,0,59,0,59,92,0,92,151
07/05/2022,EMT,CA,AWP,WE,Towers with Radar,0,0,7,0,7,0,0,70,2,72,0,0,77,2,79,228,0,228,307
07/06/2022,EMT,CA,AWP,WE,Towers with Radar,0,0,10,0,10,0,0,68,0,68,0,0,78,0,78,168,0,168,246
07/07/2022,EMT,CA,AWP,WE,Towers with Radar,0,0,7,0,7,0,0,79,2,81,0,0,86,2,88,142,0,142,230
07/08/2022,EMT,CA,AWP,WE,Towers with Radar,0,0,8,0,8,0,0,111,0,111,0,0,119,0,119,188,0,188,307
07/09/2022,EMT,CA,AWP,WE,Towers with Radar,0,2,3,0,5,0,0,111,0,111,0,2,114,0,116,168,0,168,284
07/10/2022,EMT,CA,AWP,WE,Towers with Radar,0,0,2,0,2,0,0,109,0,109,0,0,111,0,111,80,0,80,191
07/11/2022,EMT,CA,AWP,WE,Towers with Radar,0,2,6,0,8,0,0,81,0,81,0,2,87,0,89,122,0,122,211
07/12/2022,EMT,CA,AWP,WE,Towers with Radar,0,0,6,0,6,0,0,60,0,60,0,0,66,0,66,120,0,120,186
07/13/2022,EMT,CA,AWP,WE,Towers with Radar,0,0,5,0,5,0,0,84,0,84,0,0,89,0,89,164,0,164,253
07/14/2022,EMT,CA,AWP,WE,Towers with Radar,0,0,8,0,8,0,0,75,0,75,0,0,83,0,83,188,0,188,271
07/15/2022,EMT,CA,AWP,WE,Towers with Radar,0,0,6,0,6,0,0,91,0,91,0,0,97,0,97,192,0,192,289
07/16/2022,EMT,CA,AWP,WE,Towers with Radar,0,1,2,0,3,0,0,85,0,85,0,1,87,0,88,138,0,138,226
07/17/2022,EMT,CA,AWP,WE,Towers with Radar,0,0,1,0,1,0,0,108,0,108,0,0,109,0,109,144,0,144,253
07/18/2022,EMT,CA,AWP,WE,Towers with Radar,0,0,6,0,6,0,1,63,0,64,0,1,69,0,70,140,0,140,210
07/19/2022,EMT,CA,AWP,WE,Towers with Radar,0,0,7,0,7,0,0,90,0,90,0,0,97,0,97,206,0,206,303
07/20/2022,EMT,CA,AWP,WE,Towers with Radar,0,0,4,0,4,0,0,92,0,92,0,0,96,0,96,204,0,204,300
07/21/2022,EMT,CA,AWP,WE,Towers with Radar,0,0,3,0,3,0,0,84,0,84,0,0,87,0,87,126,0,126,213
07/22/2022,EMT,CA,AWP,WE,Towers with Radar,0,0,6,0,6,0,0,93,0,93,0,0,99,0,99,182,0,182,281
07/23/2022,EMT,CA,AWP,WE,Towers with Radar,0,0,6,0,6,0,0,68,0,68,0,0,74,0,74,84,0,84,158
07/24/2022,EMT,CA,AWP,WE,Towers with Radar,0,0,6,0,6,0,1,71,0,72,0,1,77,0,78,98,0,98,176
07/25/2022,EMT,CA,AWP,WE,Towers with Radar,0,0,9,0,9,0,1,82,0,83,0,1,91,0,92,166,0,166,258
07/26/2022,EMT,CA,AWP,WE,Towers with Radar,0,0,3,0,3,0,1,78,0,79,0,1,81,0,82,138,0,138,220
07/27/2022,EMT,CA,AWP,WE,Towers with Radar,0,0,8,2,10,0,0,82,0,82,0,0,90,2,92,179,0,179,271
07/28/2022,EMT,CA,AWP,WE,Towers with Radar,0,0,8,0,8,0,0,95,2,97,0,0,103,2,105,150,0,150,255
07/29/2022,EMT,CA,AWP,WE,Towers with Radar,0,0,11,0,11,0,0,92,0,92,0,0,103,0,103,144,0,144,247
07/30/2022,EMT,CA,AWP,WE,Towers with Radar,0,0,6,0,6,0,0,95,0,95,0,0,101,0,101,102,0,102,203
07/31/2022,EMT,CA,AWP,WE,Towers with Radar,0,0,6,0,6,0,0,79,0,79,0,0,85,0,85,78,0,78,163
08/01/2022,EMT,CA,AWP,WE,Towers with Radar,0,0,10,0,10,0,0,75,0,75,0,0,85,0,85,99,0,99,184
08/02/2022,EMT,CA,AWP,WE,Towers with Radar,0,0,11,0,11,0,0,74,0,74,0,0,85,0,85,84,0,84,169
08/03/2022,EMT,CA,AWP,WE,Towers with Radar,0,0,1,0,1,0,0,88,0,88,0,0,89,0,89,156,0,156,245
08/04/2022,EMT,CA,AWP,WE,Towers with Radar,0,0,3,0,3,0,0,97,0,97,0,0,100,0,100,216,0,216,316
08/05/2022,EMT,CA,AWP,WE,Towers with Radar,0,0,7,0,7,0,0,100,0,100,0,0,107,0,107,168,0,168,275
08/06/2022,EMT,CA,AWP,WE,Towers with Radar,0,0,5,0,5,0,0,111,0,111,0,0,116,0,116,118,0,118,234
08/07/2022,EMT,CA,AWP,WE,Towers with Radar,0,0,4,0,4,0,0,84,0,84,0,0,88,0,88,216,0,216,304
08/08/2022,EMT,CA,AWP,WE,Towers with Radar,0,0,2,0,2,0,0,63,2,65,0,0,65,2,67,104,0,104,171
08/09/2022,EMT,CA,AWP,WE,Towers with Radar,0,0,4,0,4,0,2,63,0,65,0,2,67,0,69,82,0,82,151
08/10/2022,EMT,CA,AWP,WE,Towers with Radar,0,0,3,0,3,0,0,68,0,68,0,0,71,0,71,50,0,50,121
08/11/2022,EMT,CA,AWP,WE,Towers with Radar,0,0,5,0,5,0,0,79,0,79,0,0,84,0,84,130,0,130,214
08/12/2022,EMT,CA,AWP,WE,Towers with Radar,0,0,7,0,7,0,0,89,0,89,0,0,96,0,96,164,0,164,260
08/13/2022,EMT,CA,AWP,WE,Towers with Radar,0,2,1,0,3,0,0,94,0,94,0,2,95,0,97,162,0,162,259
08/14/2022,EMT,CA,AWP,WE,Towers with Radar,0,1,6,0,7,0,1,71,0,72,0,2,77,0,79,72,0,72,151
08/15/2022,EMT,CA,AWP,WE,Towers with Radar,0,2,2,0,4,0,0,69,0,69,0,2,71,0,73,119,0,119,192
08/16/2022,EMT,CA,AWP,WE,Towers with Radar,0,0,9,0,9,0,2,76,0,78,0,2,85,0,87,124,0,124,211
08/17/2022,EMT,CA,AWP,WE,Towers with Radar,0,0,3,0,3,0,0,127,0,127,0,0,130,0,130,200,0,200,330
08/18/2022,EMT,CA,AWP,WE,Towers with Radar,0,0,0,0,0,0,0,69,0,69,0,0,69,0,69,178,0,178,247
08/19/2022,EMT,CA,AWP,WE,Towers with Radar,0,0,2,0,2,0,0,83,0,83,0,0,85,0,85,86,0,86,171
08/20/2022,EMT,CA,AWP,WE,Towers with Radar,0,1,3,0,4,0,1,88,0,89,0,2,91,0,93,148,0,148,241
08/21/2022,EMT,CA,AWP,WE,Towers with Radar,0,0,6,0,6,0,0,64,0,64,0,0,70,0,70,108,0,108,178
08/22/2022,EMT,CA,AWP,WE,Towers with Radar,0,0,5,0,5,0,0,49,2,51,0,0,54,2,56,106,0,106,162
08/23/2022,EMT,CA,AWP,WE,Towers with Radar,0,0,4,0,4,0,0,73,0,73,0,0,77,0,77,182,0,182,259
08/24/2022,EMT,CA,AWP,WE,Towers with Radar,0,0,4,0,4,0,0,67,0,67,0,0,71,0,71,166,0,166,237
08/25/2022,EMT,CA,AWP,WE,Towers with Radar,0,0,5,0,5,0,0,103,0,103,0,0,108,0,108,127,0,127,235
08/26/2022,EMT,CA,AWP,WE,Towers with Radar,0,0,1,0,1,0,0,111,0,111,0,0,112,0,112,132,0,132,244
08/27/2022,EMT,CA,AWP,WE,Towers with Radar,0,0,8,0,8,0,0,76,0,76,0,0,84,0,84,120,0,120,204
08/28/2022,EMT,CA,AWP,WE,Towers with Radar,0,0,8,0,8,0,0,89,0,89,0,0,97,0,97,150,0,150,247
08/29/2022,EMT,CA,AWP,WE,Towers with Radar,0,0,7,0,7,0,2,78,0,80,0,2,85,0,87,160,0,160,247
08/30/2022,EMT,CA,AWP,WE,Towers with Radar,0,1,3,0,4,0,0,65,0,65,0,1,68,0,69,130,0,130,199
08/31/2022,EMT,CA,AWP,WE,Towers with Radar,0,0,7,0,7,0,0,59,0,59,0,0,66,0,66,94,0,94,160
09/01/2022,EMT,CA,AWP,WE,Towers with Radar,0,0,2,0,2,0,1,54,0,55,0,1,56,0,57,80,0,80,137
09/02/2022,EMT,CA,AWP,WE,Towers with Radar,0,0,3,0,3,0,0,76,1,77,0,0,79,1,80,118,0,118,198
09/03/2022,EMT,CA,AWP,WE,Towers with Radar,0,0,5,0,5,0,0,71,0,71,0,0,76,0,76,76,0,76,152
09/04/2022,EMT,CA,AWP,WE,Towers with Radar,0,0,3,0,3,0,0,53,0,53,0,0,56,0,56,30,0,30,86
09/05/2022,EMT,CA,AWP,WE,Towers with Radar,0,0,6,0,6,0,2,56,0,58,0,2,62,0,64,78,0,78,142
09/06/2022,EMT,CA,AWP,WE,Towers with Radar,0,0,4,0,4,0,0,43,0,43,0,0,47,0,47,78,0,78,125
09/07/2022,EMT,CA,AWP,WE,Towers with Radar,0,0,4,0,4,0,0,68,1,69,0,0,72,1,73,76,0,76,149
09/08/2022,EMT,CA,AWP,WE,Towers with Radar,0,0,3,0,3,0,0,48,0,48,0,0,51,0,51,106,0,106,157
09/09/2022,EMT,CA,AWP,WE,Towers with Radar,0,0,3,0,3,0,0,44,0,44,0,0,47,0,47,66,0,66,113
09/10/2022,EMT,CA,AWP,WE,Towers with Radar,0,0,4,0,4,0,0,43,0,43,0,0,47,0,47,88,0,88,135
09/11/2022,EMT,CA,AWP,WE,Towers with Radar,0,0,5,0,5,0,0,69,0,69,0,0,74,0,74,156,0,156,230
09/12/2022,EMT,CA,AWP,WE,Towers with Radar,0,0,3,0,3,0,0,68,0,68,0,0,71,0,71,136,0,136,207
09/13/2022,EMT,CA,AWP,WE,Towers with Radar,0,0,3,0,3,0,0,93,0,93,0,0,96,0,96,142,0,142,238
09/14/2022,EMT,CA,AWP,WE,Towers with Radar,0,0,8,0,8,0,0,54,1,55,0,0,62,1,63,234,0,234,297
09/15/2022,EMT,CA,AWP,WE,Towers with Radar,0,0,6,0,6,0,0,107,0,107,0,0,113,0,113,304,0,304,417
09/16/2022,EMT,CA,AWP,WE,Towers with Radar,0,0,7,0,7,0,0,79,0,79,0,0,86,0,86,224,0,224,310
09/17/2022,EMT,CA,AWP,WE,Towers with Radar,0,1,7,0,8,0,0,43,0,43,0,1,50,0,51,204,0,204,255
09/18/2022,EMT,CA,AWP,WE,Towers with Radar,0,0,7,0,7,0,0,84,0,84,0,0,91,0,91,178,0,178,269
09/19/2022,EMT,CA,AWP,WE,Towers with Radar,0,0,5,0,5,0,0,69,0,69,0,0,74,0,74,140,0,140,214
09/20/2022,EMT,CA,AWP,WE,Towers with Radar,0,0,6,0,6,0,1,71,0,72,0,1,77,0,78,152,0,152,230
09/21/2022,EMT,CA,AWP,WE,Towers with Radar,0,0,7,0,7,0,0,109,0,109,0,0,116,0,116,142,0,142,258
09/22/2022,EMT,CA,AWP,WE,Towers with Radar,0,0,8,0,8,0,0,97,0,97,0,0,105,0,105,172,0,172,277
09/23/2022,EMT,CA,AWP,WE,Towers with Radar,0,2,5,0,7,0,0,110,0,110,0,2,115,0,117,132,0,132,249
09/24/2022,EMT,CA,AWP,WE,Towers with Radar,0,0,4,0,4,0,0,83,0,83,0,0,87,0,87,66,0,66,153
09/25/2022,EMT,CA,AWP,WE,Towers with Radar,0,0,7,0,7,0,0,97,0,97,0,0,104,0,104,168,0,168,272
09/26/2022,EMT,CA,AWP,WE,Towers with Radar,0,0,2,0,2,0,0,75,0,75,0,0,77,0,77,76,0,76,153
09/27/2022,EMT,CA,AWP,WE,Towers with Radar,0,0,10,0,10,0,0,69,0,69,0,0,79,0,79,67,0,67,146
09/28/2022,EMT,CA,AWP,WE,Towers with Radar,0,0,4,0,4,0,0,75,0,75,0,0,79,0,79,144,0,144,223
09/29/2022,EMT,CA,AWP,WE,Towers with Radar,0,0,7,0,7,0,0,94,2,96,0,0,101,2,103,174,0,174,277
09/30/2022,EMT,CA,AWP,WE,Towers with Radar,0,0,12,0,12,0,0,78,0,78,0,0,90,0,90,232,0,232,322
10/01/2022,EMT,CA,AWP,WE,Towers with Radar,0,1,14,0,15,0,1,80,0,81,0,2,94,0,96,170,0,170,266
10/02/2022,EMT,CA,AWP,WE,Towers with Radar,0,0,7,0,7,0,1,116,2,119,0,1,123,2,126,223,0,223,349
10/03/2022,EMT,CA,AWP,WE,Towers with Radar,0,0,1,0,1,0,0,72,0,72,0,0,73,0,73,134,0,134,207
10/04/2022,EMT,CA,AWP,WE,Towers with Radar,0,0,4,0,4,0,0,67,0,67,0,0,71,0,71,154,0,154,225
10/05/2022,EMT,CA,AWP,WE,Towers with Radar,0,3,5,0,8,0,0,72,0,72,0,3,77,0,80,146,0,146,226
10/06/2022,EMT,CA,AWP,WE,Towers with Radar,0,0,7,0,7,0,1,51,0,52,0,1,58,0,59,102,0,102,161
10/07/2022,EMT,CA,AWP,WE,Towers with Radar,0,1,12,0,13,0,0,82,0,82,0,1,94,0,95,148,0,148,243
10/08/2022,EMT,CA,AWP,WE,Towers with Radar,0,0,8,0,8,0,1,76,0,77,0,1,84,0,85,108,0,108,193
10/09/2022,EMT,CA,AWP,WE,Towers with Radar,0,0,12,0,12,0,0,89,0,89,0,0,101,0,101,150,0,150,251
10/10/2022,EMT,CA,AWP,WE,Towers with Radar,0,0,4,0,4,0,2,42,0,44,0,2,46,0,48,116,0,116,164
10/11/2022,EMT,CA,AWP,WE,Towers with Radar,0,1,5,0,6,0,0,28,0,28,0,1,33,0,34,236,0,236,270
10/12/2022,EMT,CA,AWP,WE,Towers with Radar,0,0,9,0,9,0,0,21,0,21,0,0,30,0,30,196,0,196,226
10/13/2022,EMT,CA,AWP,WE,Towers with Radar,0,0,3,0,3,0,0,4,0,4,0,0,7,0,7,1,0,1,8
10/14/2022,EMT,CA,AWP,WE,Towers with Radar,0,0,12,0,12,0,1,15,0,16,0,1,27,0,28,2,0,2,30
10/15/2022,EMT,CA,AWP,WE,Towers with Radar,0,0,7,0,7,0,0,8,0,8,0,0,15,0,15,90,0,90,105
10/16/2022,EMT,CA,AWP,WE,Towers with Radar,0,0,21,0,21,0,0,39,0,39,0,0,60,0,60,154,0,154,214
10/17/2022,EMT,CA,AWP,WE,Towers with Radar,0,0,7,0,7,0,0,91,2,93,0,0,98,2,100,144,0,144,244
10/18/2022,EMT,CA,AWP,WE,Towers with Radar,0,0,9,0,9,0,0,90,0,90,0,0,99,0,99,130,0,130,229
10/19/2022,EMT,CA,AWP,WE,Towers with Radar,0,0,6,0,6,0,0,93,0,93,0,0,99,0,99,88,0,88,187
10/20/2022,EMT,CA,AWP,WE,Towers with Radar,0,0,6,0,6,0,0,86,0,86,0,0,92,0,92,130,0,130,222
10/21/2022,EMT,CA,AWP,WE,Towers with Radar,0,0,11,0,11,0,2,86,0,88,0,2,97,0,99,94,0,94,193
10/22/2022,EMT,CA,AWP,WE,Towers with Radar,0,0,10,0,10,0,0,52,0,52,0,0,62,0,62,108,0,108,170
10/23/2022,EMT,CA,AWP,WE,Towers with Radar,0,0,5,0,5,0,0,96,0,96,0,0,101,0,101,118,0,118,219
10/24/2022,EMT,CA,AWP,WE,Towers with Radar,0,0,8,0,8,0,0,71,0,71,0,0,79,0,79,120,0,120,199
10/25/2022,EMT,CA,AWP,WE,Towers with Radar,0,0,9,0,9,0,0,100,0,100,0,0,109,0,109,132,0,132,241
10/26/2022,EMT,CA,AWP,WE,Towers with Radar,0,0,7,0,7,0,0,98,0,98,0,0,105,0,105,150,0,150,255
10/27/2022,EMT,CA,AWP,WE,Towers with Radar,0,0,16,0,16,0,0,90,0,90,0,0,106,0,106,168,0,168,274
10/28/2022,EMT,CA,AWP,WE,Towers with Radar,0,0,16,0,16,0,0,104,0,104,0,0,120,0,120,146,0,146,266
10/29/2022,EMT,CA,AWP,WE,Towers with Radar,0,0,8,0,8,0,0,124,0,124,0,0,132,0,132,126,0,126,258
10/30/2022,EMT,CA,AWP,WE,Towers with Radar,0,0,5,0,5,0,0,103,0,103,0,0,108,0,108,146,0,146,254
10/31/2022,EMT,CA,AWP,WE,Towers with Radar,0,0,5,0,5,0,0,67,0,67,0,0,72,0,72,92,0,92,164
11/01/2022,EMT,CA,AWP,WE,Towers with Radar,0,0,7,0,7,0,0,63,0,63,0,0,70,0,70,108,0,108,178
11/02/2022,EMT,CA,AWP,WE,Towers with Radar,0,2,6,0,8,0,0,39,0,39,0,2,45,0,47,132,0,132,179
11/03/2022,EMT,CA,AWP,WE,Towers with Radar,0,1,7,0,8,0,1,63,0,64,0,2,70,0,72,90,0,90,162
11/04/2022,EMT,CA,AWP,WE,Towers with Radar,0,0,7,0,7,0,1,104,0,105,0,1,111,0,112,154,0,154,266
11/05/2022,EMT,CA,AWP,WE,Towers with Radar,0,0,10,0,10,0,0,121,0,121,0,0,131,0,131,139,0,139,270
11/06/2022,EMT,CA,AWP,WE,Towers with Radar,0,1,9,0,10,0,0,93,0,93,0,1,102,0,103,148,0,148,251
11/07/2022,EMT,CA,AWP,WE,Towers with Radar,0,0,19,0,19,0,0,4,0,4,0,0,23,0,23,18,0,18,41
11/08/2022,EMT,CA,AWP,WE,Towers with Radar,0,0,1,0,1,0,0,0,0,0,0,0,1,0,1,4,0,4,5
11/09/2022,EMT,CA,AWP,WE,Towers with Radar,0,0,4,0,4,0,0,87,0,87,0,0,91,0,91,118,0,118,209
11/10/2022,EMT,CA,AWP,WE,Towers with Radar,0,0,11,0,11,0,1,144,0,145,0,1,155,0,156,224,0,224,380
11/11/2022,EMT,CA,AWP,WE,Towers with Radar,0,3,7,0,10,0,0,105,0,105,0,3,112,0,115,180,0,180,295
11/12/2022,EMT,CA,AWP,WE,Towers with Radar,0,0,7,0,7,0,0,73,0,73,0,0,80,0,80,192,0,192,272
11/13/2022,EMT,CA,AWP,WE,Towers with Radar,0,2,8,0,10,0,1,108,0,109,0,3,116,0,119,168,0,168,287
11/14/2022,EMT,CA,AWP,WE,Towers with Radar,0,1,10,0,11,0,1,67,0,68,0,2,77,0,79,136,0,136,215
11/15/2022,EMT,CA,AWP,WE,Towers with Radar,0,1,11,0,12,0,0,52,0,52,0,1,63,0,64,104,0,104,168
11/16/2022,EMT,CA,AWP,WE,Towers with Radar,0,0,4,0,4,0,1,33,0,34,0,1,37,0,38,74,0,74,112
11/17/2022,EMT,CA,AWP,WE,Towers with Radar,0,0,4,0,4,0,0,92,0,92,0,0,96,0,96,166,0,166,262
11/18/2022,EMT,CA,AWP,WE,Towers with Radar,0,0,3,0,3,0,0,104,0,104,0,0,107,0,107,180,0,180,287
11/19/2022,EMT,CA,AWP,WE,Towers with Radar,0,0,8,0,8,0,0,98,0,98,0,0,106,0,106,192,0,192,298
11/20/2022,EMT,CA,AWP,WE,Towers with Radar,0,0,6,0,6,0,0,102,0,102,0,0,108,0,108,132,0,132,240
11/21/2022,EMT,CA,AWP,WE,Towers with Radar,0,0,6,0,6,0,0,109,0,109,0,0,115,0,115,110,0,110,225
11/22/2022,EMT,CA,AWP,WE,Towers with Radar,0,0,5,0,5,0,0,68,0,68,0,0,73,0,73,178,0,178,251
11/23/2022,EMT,CA,AWP,WE,Towers with Radar,0,0,5,0,5,0,0,87,0,87,0,0,92,0,92,102,0,102,194
11/24/2022,EMT,CA,AWP,WE,Towers with Radar,0,0,2,0,2,0,0,7,0,7,0,0,9,0,9,0,0,0,9
11/25/2022,EMT,CA,AWP,WE,Towers with Radar,0,0,3,0,3,0,0,70,0,70,0,0,73,0,73,104,0,104,177
11/26/2022,EMT,CA,AWP,WE,Towers with Radar,0,1,1,0,2,0,1,92,0,93,0,2,93,0,95,50,0,50,145
11/27/2022,EMT,CA,AWP,WE,Towers with Radar,0,0,5,0,5,0,0,94,0,94,0,0,99,0,99,118,0,118,217
11/28/2022,EMT,CA,AWP,WE,Towers with Radar,0,0,4,0,4,0,0,31,0,31,0,0,35,0,35,56,0,56,91
11/29/2022,EMT,CA,AWP,WE,Towers with Radar,0,1,10,0,11,0,0,62,0,62,0,1,72,0,73,106,0,106,179
11/30/2022,EMT,CA,AWP,WE,Towers with Radar,0,1,8,0,9,0,0,66,0,66,0,1,74,0,75,98,0,98,173
12/01/2022,EMT,CA,AWP,WE,Towers with Radar,0,0,8,0,8,0,0,30,0,30,0,0,38,0,38,79,0,79,117
12/02/2022,EMT,CA,AWP,WE,Towers with Radar,0,3,12,0,15,0,0,17,0,17,0,3,29,0,32,42,0,42,74
12/03/2022,EMT,CA,AWP,WE,Towers with Radar,0,0,3,0,3,0,0,99,0,99,0,0,102,0,102,110,0,110,212
12/04/2022,EMT,CA,AWP,WE,Towers with Radar,0,0,2,0,2,0,0,25,0,25,0,0,27,0,27,102,0,102,129
12/05/2022,EMT,CA,AWP,WE,Towers with Radar,0,0,6,0,6,0,0,29,0,29,0,0,35,0,35,126,0,126,161
12/06/2022,EMT,CA,AWP,WE,Towers with Radar,0,0,5,0,5,0,0,37,0,37,0,0,42,0,42,70,0,70,112
12/07/2022,EMT,CA,AWP,WE,Towers with Radar,0,0,9,0,9,0,0,94,0,94,0,0,103,0,103,222,0,222,325
12/08/2022,EMT,CA,AWP,WE,Towers with Radar,0,0,9,0,9,0,0,107,0,107,0,0,116,0,116,220,0,220,336
12/09/2022,EMT,CA,AWP,WE,Towers with Radar,0,0,5,0,5,0,0,98,0,98,0,0,103,0,103,184,0,184,287
12/10/2022,EMT,CA,AWP,WE,Towers with Radar,0,1,1,0,2,0,0,69,0,69,0,1,70,0,71,220,0,220,291
12/11/2022,EMT,CA,AWP,WE,Towers with Radar,0,0,0,0,0,0,0,6,0,6,0,0,6,0,6,0,0,0,6
12/12/2022,EMT,CA,AWP,WE,Towers with Radar,0,0,7,0,7,0,0,23,0,23,0,0,30,0,30,138,0,138,168
12/13/2022,EMT,CA,AWP,WE,Towers with Radar,0,0,7,0,7,0,0,97,0,97,0,0,104,0,104,156,0,156,260
12/14/2022,EMT,CA,AWP,WE,Towers with Radar,0,0,5,0,5,0,0,86,0,86,0,0,91,0,91,236,0,236,327
12/15/2022,EMT,CA,AWP,WE,Towers with Radar,0,0,6,0,6,0,0,98,0,98,0,0,104,0,104,202,0,202,306
12/16/2022,EMT,CA,AWP,WE,Towers with Radar,0,0,5,0,5,0,1,117,0,118,0,1,122,0,123,160,0,160,283
12/17/2022,EMT,CA,AWP,WE,Towers with Radar,0,0,5,0,5,0,0,82,0,82,0,0,87,0,87,162,0,162,249
12/18/2022,EMT,CA,AWP,WE,Towers with Radar,0,0,1,0,1,0,0,108,0,108,0,0,109,0,109,110,0,110,219
12/19/2022,EMT,CA,AWP,WE,Towers with Radar,0,0,4,0,4,0,0,53,0,53,0,0,57,0,57,66,0,66,123
12/20/2022,EMT,CA,AWP,WE,Towers with Radar,0,0,10,0,10,0,0,69,0,69,0,0,79,0,79,204,0,204,283
12/21/2022,EMT,CA,AWP,WE,Towers with Radar,0,0,9,0,9,0,0,87,0,87,0,0,96,0,96,154,2,156,252
12/22/2022,EMT,CA,AWP,WE,Towers with Radar,0,0,4,0,4,0,0,89,0,89,0,0,93,0,93,102,0,102,195
12/23/2022,EMT,CA,AWP,WE,Towers with Radar,0,0,7,0,7,0,0,100,0,100,0,0,107,0,107,128,0,128,235
12/24/2022,EMT,CA,AWP,WE,Towers with Radar,0,0,6,0,6,0,0,52,0,52,0,0,58,0,58,100,0,100,158
12/25/2022,EMT,CA,AWP,WE,Towers with Radar,0,0,4,0,4,0,0,24,0,24,0,0,28,0,28,4,0,4,32
12/26/2022,EMT,CA,AWP,WE,Towers with Radar,0,0,3,0,3,0,0,81,0,81,0,0,84,0,84,56,0,56,140
12/27/2022,EMT,CA,AWP,WE,Towers with Radar,0,0,5,0,5,0,0,23,0,23,0,0,28,0,28,46,0,46,74
12/28/2022,EMT,CA,AWP,WE,Towers with Radar,0,0,13,0,13,0,0,43,0,43,0,0,56,0,56,122,0,122,178
12/29/2022,EMT,CA,AWP,WE,Towers with Radar,0,0,2,0,2,0,0,23,0,23,0,0,25,0,25,80,0,80,105
12/30/2022,EMT,CA,AWP,WE,Towers with Radar,0,0,6,0,6,0,0,8,0,8,0,0,14,0,14,100,0,100,114
12/31/2022,EMT,CA,AWP,WE,Towers with Radar,0,0,0,0,0,0,0,0,0,0,0,0,0,0,0,0,0,0,0
01/01/2023,EMT,CA,AWP,WE,Towers with Radar,0,0,3,0,3,0,0,20,0,20,0,0,23,0,23,26,0,26,49
01/02/2023,EMT,CA,AWP,WE,Towers with Radar,0,1,8,0,9,0,1,49,0,50,0,2,57,0,59,72,0,72,131
01/03/2023,EMT,CA,AWP,WE,Towers with Radar,0,1,5,0,6,0,0,1,0,1,0,1,6,0,7,6,0,6,13
01/04/2023,EMT,CA,AWP,WE,Towers with Radar,0,0,6,0,6,0,0,0,0,0,0,0,6,0,6,2,0,2,8
01/05/2023,EMT,CA,AWP,WE,Towers with Radar,0,0,0,0,0,0,0,2,0,2,0,0,2,0,2,28,0,28,30
01/06/2023,EMT,CA,AWP,WE,Towers with Radar,0,0,8,0,8,0,0,108,0,108,0,0,116,0,116,186,0,186,302
01/07/2023,EMT,CA,AWP,WE,Towers with Radar,0,0,6,0,6,0,0,118,0,118,0,0,124,0,124,133,0,133,257
01/08/2023,EMT,CA,AWP,WE,Towers with Radar,0,0,9,0,9,0,0,86,0,86,0,0,95,0,95,92,0,92,187
01/09/2023,EMT,CA,AWP,WE,Towers with Radar,0,0,6,0,6,0,0,3,0,3,0,0,9,0,9,0,0,0,9
01/10/2023,EMT,CA,AWP,WE,Towers with Radar,0,0,0,0,0,0,0,5,0,5,0,0,5,0,5,16,0,16,21
01/11/2023,EMT,CA,AWP,WE,Towers with Radar,0,0,6,0,6,0,0,78,0,78,0,0,84,0,84,172,0,172,256
01/12/2023,EMT,CA,AWP,WE,Towers with Radar,0,0,4,0,4,0,0,77,0,77,0,0,81,0,81,202,0,202,283
01/13/2023,EMT,CA,AWP,WE,Towers with Radar,0,1,10,0,11,0,0,90,0,90,0,1,100,0,101,218,0,218,319
01/14/2023,EMT,CA,AWP,WE,Towers with Radar,0,0,4,0,4,0,0,5,0,5,0,0,9,0,9,36,0,36,45
01/15/2023,EMT,CA,AWP,WE,Towers with Radar,0,0,5,0,5,0,0,23,0,23,0,0,28,0,28,110,0,110,138
01/16/2023,EMT,CA,AWP,WE,Towers with Radar,0,0,7,0,7,0,0,21,0,21,0,0,28,0,28,46,0,46,74
01/17/2023,EMT,CA,AWP,WE,Towers with Radar,0,0,5,0,5,0,1,104,0,105,0,1,109,0,110,188,0,188,298
01/18/2023,EMT,CA,AWP,WE,Towers with Radar,0,0,8,0,8,0,0,91,2,93,0,0,99,2,101,232,0,232,333
01/19/2023,EMT,CA,AWP,WE,Towers with Radar,0,0,9,0,9,0,0,79,0,79,0,0,88,0,88,234,0,234,322
01/20/2023,EMT,CA,AWP,WE,Towers with Radar,0,4,16,0,20,0,0,135,0,135,0,4,151,0,155,222,0,222,377
01/21/2023,EMT,CA,AWP,WE,Towers with Radar,0,0,4,0,4,0,0,126,0,126,0,0,130,0,130,158,0,158,288
01/22/2023,EMT,CA,AWP,WE,Towers with Radar,0,0,6,0,6,0,0,98,0,98,0,0,104,0,104,126,0,126,230
01/23/2023,EMT,CA,AWP,WE,Towers with Radar,0,0,5,0,5,0,0,54,0,54,0,0,59,0,59,94,0,94,153
01/24/2023,EMT,CA,AWP,WE,Towers with Radar,0,0,5,0,5,0,0,82,0,82,0,0,87,0,87,191,0,191,278
01/25/2023,EMT,CA,AWP,WE,Towers with Radar,0,0,3,0,3,0,3,100,0,103,0,3,103,0,106,226,0,226,332
01/26/2023,EMT,CA,AWP,WE,Towers with Radar,0,0,0,0,0,0,0,34,0,34,0,0,34,0,34,302,0,302,336
01/27/2023,EMT,CA,AWP,WE,Towers with Radar,0,0,11,0,11,0,0,127,0,127,0,0,138,0,138,254,0,254,392
01/28/2023,EMT,CA,AWP,WE,Towers with Radar,0,0,8,0,8,0,0,105,0,105,0,0,113,0,113,188,0,188,301
01/29/2023,EMT,CA,AWP,WE,Towers with Radar,0,0,8,0,8,0,0,2,0,2,0,0,10,0,10,122,0,122,132
01/30/2023,EMT,CA,AWP,WE,Towers with Radar,0,0,1,0,1,0,0,26,1,27,0,0,27,1,28,16,0,16,44
01/31/2023,EMT,CA,AWP,WE,Towers with Radar,0,0,1,0,1,0,0,65,0,65,0,0,66,0,66,220,0,220,286
02/01/2023,EMT,CA,AWP,WE,Towers with Radar,0,0,5,0,5,0,0,110,0,110,0,0,115,0,115,172,0,172,287
02/02/2023,EMT,CA,AWP,WE,Towers with Radar,0,0,8,0,8,0,0,94,0,94,0,0,102,0,102,292,0,292,394
02/03/2023,EMT,CA,AWP,WE,Towers with Radar,0,0,17,0,17,0,1,120,0,121,0,1,137,0,138,248,0,248,386
02/04/2023,EMT,CA,AWP,WE,Towers with Radar,0,0,5,0,5,0,0,130,0,130,0,0,135,0,135,292,0,292,427
02/05/2023,EMT,CA,AWP,WE,Towers with Radar,0,0,7,0,7,0,0,24,0,24,0,0,31,0,31,81,0,81,112
02/06/2023,EMT,CA,AWP,WE,Towers with Radar,0,1,6,0,7,0,0,78,0,78,0,1,84,0,85,146,0,146,231
02/07/2023,EMT,CA,AWP,WE,Towers with Radar,0,0,3,0,3,0,0,82,0,82,0,0,85,0,85,224,0,224,309
02/08/2023,EMT,CA,AWP,WE,Towers with Radar,0,0,12,0,12,0,0,94,0,94,0,0,106,0,106,158,0,158,264
02/09/2023,EMT,CA,AWP,WE,Towers with Radar,0,0,5,0,5,0,0,80,0,80,0,0,85,0,85,220,0,220,305
02/10/2023,EMT,CA,AWP,WE,Towers with Radar,0,0,2,0,2,0,0,84,1,85,0,0,86,1,87,184,0,184,271
02/11/2023,EMT,CA,AWP,WE,Towers with Radar,0,0,5,0,5,0,0,69,0,69,0,0,74,0,74,216,0,216,290
02/12/2023,EMT,CA,AWP,WE,Towers with Radar,0,0,7,0,7,0,0,87,0,87,0,0,94,0,94,132,0,132,226
02/13/2023,EMT,CA,AWP,WE,Towers with Radar,0,0,7,0,7,0,0,70,1,71,0,0,77,1,78,162,0,162,240
02/14/2023,EMT,CA,AWP,WE,Towers with Radar,0,0,7,0,7,0,0,40,0,40,0,0,47,0,47,186,0,186,233
02/15/2023,EMT,CA,AWP,WE,Towers with Radar,0,0,3,0,3,0,2,100,1,103,0,2,103,1,106,104,0,104,210
02/16/2023,EMT,CA,AWP,WE,Towers with Radar,0,0,2,2,4,0,0,136,1,137,0,0,138,3,141,262,0,262,403
02/17/2023,EMT,CA,AWP,WE,Towers with Radar,0,0,5,0,5,0,0,93,0,93,0,0,98,0,98,170,0,170,268
02/18/2023,EMT,CA,AWP,WE,Towers with Radar,0,0,7,0,7,0,0,123,0,123,0,0,130,0,130,198,0,198,328
02/19/2023,EMT,CA,AWP,WE,Towers with Radar,0,0,8,0,8,0,0,106,0,106,0,0,114,0,114,160,0,160,274
02/20/2023,EMT,CA,AWP,WE,Towers with Radar,0,0,3,0,3,0,0,104,2,106,0,0,107,2,109,190,0,190,299
02/21/2023,EMT,CA,AWP,WE,Towers with Radar,0,0,4,0,4,0,0,65,0,65,0,0,69,0,69,162,0,162,231
02/22/2023,EMT,CA,AWP,WE,Towers with Radar,0,0,0,0,0,0,0,10,0,10,0,0,10,0,10,8,0,8,18
02/23/2023,EMT,CA,AWP,WE,Towers with Radar,0,0,2,0,2,0,0,2,0,2,0,0,4,0,4,0,0,0,4
02/24/2023,EMT,CA,AWP,WE,Towers with Radar,0,0,0,0,0,0,0,0,0,0,0,0,0,0,0,0,0,0,0
02/25/2023,EMT,CA,AWP,WE,Towers with Radar,0,0,18,0,18,0,0,2,0,2,0,0,20,0,20,0,0,0,20
02/26/2023,EMT,CA,AWP,WE,Towers with Radar,0,0,10,0,10,0,0,49,0,49,0,0,59,0,59,204,0,204,263
02/27/2023,EMT,CA,AWP,WE,Towers with Radar,0,0,2,0,2,0,0,3,0,3,0,0,5,0,5,12,0,12,17
02/28/2023,EMT,CA,AWP,WE,Towers with Radar,0,0,2,0,2,0,0,37,0,37,0,0,39,0,39,106,0,106,145
03/01/2023,EMT,CA,AWP,WE,Towers with Radar,0,0,0,0,0,0,0,11,0,11,0,0,11,0,11,36,0,36,47
03/02/2023,EMT,CA,AWP,WE,Towers with Radar,0,0,4,0,4,0,0,130,0,130,0,0,134,0,134,146,0,146,280
03/03/2023,EMT,CA,AWP,WE,Towers with Radar,0,0,10,0,10,0,0,121,0,121,0,0,131,0,131,158,0,158,289
03/04/2023,EMT,CA,AWP,WE,Towers with Radar,0,2,9,0,11,0,0,77,0,77,0,2,86,0,88,236,0,236,324
03/05/2023,EMT,CA,AWP,WE,Towers with Radar,0,0,9,0,9,0,0,26,0,26,0,0,35,0,35,174,0,174,209
03/06/2023,EMT,CA,AWP,WE,Towers with Radar,0,0,4,0,4,0,0,41,2,43,0,0,45,2,47,214,0,214,261
03/07/2023,EMT,CA,AWP,WE,Towers with Radar,0,0,10,0,10,0,0,105,1,106,0,0,115,1,116,222,0,222,338
03/08/2023,EMT,CA,AWP,WE,Towers with Radar,0,0,14,0,14,0,1,74,0,75,0,1,88,0,89,212,0,212,301
03/09/2023,EMT,CA,AWP,WE,Towers with Radar,0,0,12,1,13,0,0,92,0,92,0,0,104,1,105,182,0,182,287
03/10/2023,EMT,CA,AWP,WE,Towers with Radar,0,0,4,0,4,0,0,0,0,0,0,0,4,0,4,0,0,0,4
03/11/2023,EMT,CA,AWP,WE,Towers with Radar,0,0,4,0,4,0,0,1,0,1,0,0,5,0,5,16,0,16,21
03/12/2023,EMT,CA,AWP,WE,Towers with Radar,0,1,5,0,6,0,1,21,1,23,0,2,26,1,29,210,0,210,239
03/13/2023,EMT,CA,AWP,WE,Towers with Radar,0,0,5,0,5,0,0,23,0,23,0,0,28,0,28,149,0,149,177
03/14/2023,EMT,CA,AWP,WE,Towers with Radar,0,0,1,0,1,0,0,0,0,0,0,0,1,0,1,0,0,0,1
03/15/2023,EMT,CA,AWP,WE,Towers with Radar,0,0,10,0,10,0,0,6,0,6,0,0,16,0,16,4,0,4,20
03/16/2023,EMT,CA,AWP,WE,Towers with Radar,0,0,14,2,16,0,0,54,2,56,0,0,68,4,72,248,0,248,320
03/17/2023,EMT,CA,AWP,WE,Towers with Radar,0,0,17,0,17,0,0,125,0,125,0,0,142,0,142,214,0,214,356
03/18/2023,EMT,CA,AWP,WE,Towers with Radar,0,0,7,0,7,0,0,110,0,110,0,0,117,0,117,186,0,186,303
03/19/2023,EMT,CA,AWP,WE,Towers with Radar,0,0,14,0,14,0,0,57,0,57,0,0,71,0,71,102,0,102,173
03/20/2023,EMT,CA,AWP,WE,Towers with Radar,0,1,6,0,7,0,0,12,0,12,0,1,18,0,19,112,0,112,131
03/21/2023,EMT,CA,AWP,WE,Towers with Radar,0,0,0,0,0,0,0,0,0,0,0,0,0,0,0,0,0,0,0
03/22/2023,EMT,CA,AWP,WE,Towers with Radar,0,0,2,0,2,0,0,11,0,11,0,0,13,0,13,0,0,0,13
03/23/2023,EMT,CA,AWP,WE,Towers with Radar,0,0,4,0,4,0,0,66,0,66,0,0,70,0,70,258,0,258,328
03/24/2023,EMT,CA,AWP,WE,Towers with Radar,0,1,19,0,20,0,1,135,0,136,0,2,154,0,156,112,0,112,268
03/25/2023,EMT,CA,AWP,WE,Towers with Radar,0,1,5,0,6,0,2,118,0,120,0,3,123,0,126,180,0,180,306
03/26/2023,EMT,CA,AWP,WE,Towers with Radar,0,0,6,0,6,0,0,149,0,149,0,0,155,0,155,221,0,221,376
03/27/2023,EMT,CA,AWP,WE,Towers with Radar,0,0,8,0,8,0,1,131,0,132,0,1,139,0,140,200,0,200,340
03/28/2023,EMT,CA,AWP,WE,Towers with Radar,0,0,7,0,7,0,1,106,0,107,0,1,113,0,114,206,0,206,320
03/29/2023,EMT,CA,AWP,WE,Towers with Radar,0,0,2,0,2,0,0,11,0,11,0,0,13,0,13,8,0,8,21
03/30/2023,EMT,CA,AWP,WE,Towers with Radar,0,0,1,0,1,0,0,44,0,44,0,0,45,0,45,174,0,174,219
03/31/2023,EMT,CA,AWP,WE,Towers with Radar,0,0,4,0,4,0,1,122,0,123,0,1,126,0,127,216,0,216,343
04/01/2023,EMT,CA,AWP,WE,Towers with Radar,0,2,6,0,8,0,0,116,2,118,0,2,122,2,126,136,0,136,262
04/02/2023,EMT,CA,AWP,WE,Towers with Radar,0,0,12,0,12,0,1,87,0,88,0,1,99,0,100,146,0,146,246
04/03/2023,EMT,CA,AWP,WE,Towers with Radar,0,0,1,0,1,0,0,26,0,26,0,0,27,0,27,42,0,42,69
04/04/2023,EMT,CA,AWP,WE,Towers with Radar,0,0,3,0,3,0,0,79,0,79,0,0,82,0,82,102,0,102,184
04/05/2023,EMT,CA,AWP,WE,Towers with Radar,0,0,10,0,10,0,0,138,0,138,0,0,148,0,148,153,0,153,301
04/06/2023,EMT,CA,AWP,WE,Towers with Radar,0,1,9,0,10,0,0,116,0,116,0,1,125,0,126,200,0,200,326
04/07/2023,EMT,CA,AWP,WE,Towers with Radar,0,0,10,0,10,0,2,94,0,96,0,2,104,0,106,134,0,134,240
04/08/2023,EMT,CA,AWP,WE,Towers with Radar,0,0,9,0,9,0,0,111,0,111,0,0,120,0,120,152,0,152,272
04/09/2023,EMT,CA,AWP,WE,Towers with Radar,0,2,6,0,8,0,0,55,1,56,0,2,61,1,64,28,0,28,92
04/10/2023,EMT,CA,AWP,WE,Towers with Radar,0,0,8,0,8,0,0,58,0,58,0,0,66,0,66,112,0,112,178
04/11/2023,EMT,CA,AWP,WE,Towers with Radar,0,0,1,0,1,0,0,58,0,58,0,0,59,0,59,130,0,130,189
04/12/2023,EMT,CA,AWP,WE,Towers with Radar,0,0,14,0,14,0,0,6,0,6,0,0,20,0,20,82,0,82,102
04/13/2023,EMT,CA,AWP,WE,Towers with Radar,0,0,9,0,9,0,0,16,0,16,0,0,25,0,25,10,0,10,35
04/14/2023,EMT,CA,AWP,WE,Towers with Radar,0,0,13,0,13,0,0,63,0,63,0,0,76,0,76,186,0,186,262
04/15/2023,EMT,CA,AWP,WE,Towers with Radar,0,2,6,0,8,0,1,119,0,120,0,3,125,0,128,146,0,146,274
04/16/2023,EMT,CA,AWP,WE,Towers with Radar,0,0,14,0,14,0,1,89,1,91,0,1,103,1,105,72,0,72,177
04/17/2023,EMT,CA,AWP,WE,Towers with Radar,0,3,10,0,13,0,1,39,0,40,0,4,49,0,53,88,0,88,141
04/18/2023,EMT,CA,AWP,WE,Towers with Radar,0,1,10,0,11,0,0,41,0,41,0,1,51,0,52,102,0,102,154
04/19/2023,EMT,CA,AWP,WE,Towers with Radar,0,0,6,0,6,0,0,77,0,77,0,0,83,0,83,162,0,162,245
04/20/2023,EMT,CA,AWP,WE,Towers with Radar,0,0,4,0,4,0,1,111,0,112,0,1,115,0,116,227,0,227,343
04/21/2023,EMT,CA,AWP,WE,Towers with Radar,0,0,7,0,7,0,0,138,0,138,0,0,145,0,145,146,0,146,291
04/22/2023,EMT,CA,AWP,WE,Towers with Radar,0,1,12,0,13,0,1,124,0,125,0,2,136,0,138,192,0,192,330
04/23/2023,EMT,CA,AWP,WE,Towers with Radar,0,0,5,0,5,0,0,116,0,116,0,0,121,0,121,144,0,144,265
04/24/2023,EMT,CA,AWP,WE,Towers with Radar,0,0,4,0,4,0,0,37,0,37,0,0,41,0,41,42,0,42,83
04/25/2023,EMT,CA,AWP,WE,Towers with Radar,0,0,3,0,3,0,0,45,0,45,0,0,48,0,48,198,0,198,246
04/26/2023,EMT,CA,AWP,WE,Towers with Radar,0,0,5,0,5,0,0,93,0,93,0,0,98,0,98,204,0,204,302
04/27/2023,EMT,CA,AWP,WE,Towers with Radar,0,0,4,0,4,0,0,82,0,82,0,0,86,0,86,108,0,108,194
04/28/2023,EMT,CA,AWP,WE,Towers with Radar,0,0,18,0,18,0,0,102,0,102,0,0,120,0,120,66,0,66,186
04/29/2023,EMT,CA,AWP,WE,Towers with Radar,0,0,9,0,9,0,0,84,0,84,0,0,93,0,93,96,0,96,189
04/30/2023,EMT,CA,AWP,WE,Towers with Radar,0,0,22,0,22,0,0,55,0,55,0,0,77,0,77,74,0,74,151
05/01/2023,EMT,CA,AWP,WE,Towers with Radar,0,0,10,0,10,0,0,34,0,34,0,0,44,0,44,44,0,44,88
05/02/2023,EMT,CA,AWP,WE,Towers with Radar,0,0,5,0,5,0,0,51,0,51,0,0,56,0,56,238,0,238,294
05/03/2023,EMT,CA,AWP,WE,Towers with Radar,0,0,3,0,3,0,0,71,0,71,0,0,74,0,74,134,0,134,208
05/04/2023,EMT,CA,AWP,WE,Towers with Radar,0,0,1,0,1,0,0,20,0,20,0,0,21,0,21,42,0,42,63
05/05/2023,EMT,CA,AWP,WE,Towers with Radar,0,1,12,0,13,0,0,80,0,80,0,1,92,0,93,204,0,204,297
05/06/2023,EMT,CA,AWP,WE,Towers with Radar,0,0,8,0,8,0,0,108,0,108,0,0,116,0,116,200,0,200,316
05/07/2023,EMT,CA,AWP,WE,Towers with Radar,0,0,10,0,10,0,0,90,0,90,0,0,100,0,100,164,0,164,264
05/08/2023,EMT,CA,AWP,WE,Towers with Radar,0,0,4,1,5,0,0,74,1,75,0,0,78,2,80,102,0,102,182
05/09/2023,EMT,CA,AWP,WE,Towers with Radar,0,0,11,0,11,0,0,25,0,25,0,0,36,0,36,182,0,182,218
05/10/2023,EMT,CA,AWP,WE,Towers with Radar,0,0,8,0,8,0,0,42,0,42,0,0,50,0,50,178,0,178,228
05/11/2023,EMT,CA,AWP,WE,Towers with Radar,0,0,6,0,6,0,0,51,0,51,0,0,57,0,57,196,0,196,253
05/12/2023,EMT,CA,AWP,WE,Towers with Radar,0,0,12,0,12,0,0,83,0,83,0,0,95,0,95,168,0,168,263
05/13/2023,EMT,CA,AWP,WE,Towers with Radar,0,0,14,0,14,0,0,112,0,112,0,0,126,0,126,122,0,122,248
05/14/2023,EMT,CA,AWP,WE,Towers with Radar,0,0,8,0,8,0,0,73,0,73,0,0,81,0,81,88,0,88,169
05/15/2023,EMT,CA,AWP,WE,Towers with Radar,0,0,11,0,11,0,1,55,0,56,0,1,66,0,67,122,0,122,189
05/16/2023,EMT,CA,AWP,WE,Towers with Radar,0,0,2,0,2,0,0,54,0,54,0,0,56,0,56,120,0,120,176
05/17/2023,EMT,CA,AWP,WE,Towers with Radar,0,0,9,0,9,0,0,69,0,69,0,0,78,0,78,104,0,104,182
05/18/2023,EMT,CA,AWP,WE,Towers with Radar,0,2,4,0,6,0,0,46,0,46,0,2,50,0,52,126,0,126,178
05/19/2023,EMT,CA,AWP,WE,Towers with Radar,0,0,8,0,8,0,0,18,0,18,0,0,26,0,26,52,0,52,78
05/20/2023,EMT,CA,AWP,WE,Towers with Radar,0,0,14,0,14,0,0,75,0,75,0,0,89,0,89,118,0,118,207
05/21/2023,EMT,CA,AWP,WE,Towers with Radar,0,2,5,0,7,0,0,44,0,44,0,2,49,0,51,62,0,62,113
05/22/2023,EMT,CA,AWP,WE,Towers with Radar,0,0,5,0,5,0,0,36,0,36,0,0,41,0,41,48,0,48,89
05/23/2023,EMT,CA,AWP,WE,Towers with Radar,0,2,2,0,4,0,0,8,0,8,0,2,10,0,12,142,0,142,154
05/24/2023,EMT,CA,AWP,WE,Towers with Radar,0,0,17,0,17,0,0,36,0,36,0,0,53,0,53,134,0,134,187
05/25/2023,EMT,CA,AWP,WE,Towers with Radar,0,0,11,0,11,0,0,54,0,54,0,0,65,0,65,164,0,164,229
05/26/2023,EMT,CA,AWP,WE,Towers with Radar,0,0,12,0,12,0,0,35,0,35,0,0,47,0,47,180,0,180,227
05/27/2023,EMT,CA,AWP,WE,Towers with Radar,0,0,13,0,13,0,0,87,0,87,0,0,100,0,100,146,0,146,246
05/28/2023,EMT,CA,AWP,WE,Towers with Radar,0,0,18,0,18,0,0,24,0,24,0,0,42,0,42,234,0,234,276
05/29/2023,EMT,CA,AWP,WE,Towers with Radar,0,2,13,0,15,0,0,36,2,38,0,2,49,2,53,138,0,138,191
05/30/2023,EMT,CA,AWP,WE,Towers with Radar,0,0,11,0,11,0,0,55,0,55,0,0,66,0,66,102,0,102,168
05/31/2023,EMT,CA,AWP,WE,Towers with Radar,0,1,14,0,15,0,0,47,0,47,0,1,61,0,62,138,0,138,200
06/01/2023,EMT,CA,AWP,WE,Towers with Radar,0,0,16,0,16,0,0,33,0,33,0,0,49,0,49,132,0,132,181
06/02/2023,EMT,CA,AWP,WE,Towers with Radar,0,0,7,0,7,0,1,108,0,109,0,1,115,0,116,192,0,192,308
06/03/2023,EMT,CA,AWP,WE,Towers with Radar,0,0,6,0,6,0,0,108,0,108,0,0,114,0,114,162,0,162,276
06/04/2023,EMT,CA,AWP,WE,Towers with Radar,0,0,9,0,9,0,0,75,0,75,0,0,84,0,84,160,0,160,244
06/05/2023,EMT,CA,AWP,WE,Towers with Radar,0,1,11,0,12,0,0,11,0,11,0,1,22,0,23,72,0,72,95
06/06/2023,EMT,CA,AWP,WE,Towers with Radar,0,2,7,0,9,0,0,91,0,91,0,2,98,0,100,144,0,144,244
06/07/2023,EMT,CA,AWP,WE,Towers with Radar,0,0,11,0,11,0,0,88,0,88,0,0,99,0,99,182,0,182,281
06/08/2023,EMT,CA,AWP,WE,Towers with Radar,0,0,4,0,4,0,0,63,0,63,0,0,67,0,67,138,0,138,205
06/09/2023,EMT,CA,AWP,WE,Towers with Radar,0,0,6,0,6,0,2,32,0,34,0,2,38,0,40,86,0,86,126
06/10/2023,EMT,CA,AWP,WE,Towers with Radar,0,1,15,0,16,0,0,14,0,14,0,1,29,0,30,68,0,68,98
06/11/2023,EMT,CA,AWP,WE,Towers with Radar,0,0,7,0,7,0,0,22,0,22,0,0,29,0,29,140,0,140,169
06/12/2023,EMT,CA,AWP,WE,Towers with Radar,0,0,10,0,10,0,0,22,0,22,0,0,32,0,32,66,0,66,98
06/13/2023,EMT,CA,AWP,WE,Towers with Radar,0,0,7,0,7,0,0,67,0,67,0,0,74,0,74,156,0,156,230
06/14/2023,EMT,CA,AWP,WE,Towers with Radar,0,0,9,2,11,0,0,17,0,17,0,0,26,2,28,170,0,170,198
06/15/2023,EMT,CA,AWP,WE,Towers with Radar,0,0,10,0,10,0,0,32,0,32,0,0,42,0,42,164,0,164,206
06/16/2023,EMT,CA,AWP,WE,Towers with Radar,0,0,17,0,17,0,0,79,0,79,0,0,96,0,96,176,0,176,272
06/17/2023,EMT,CA,AWP,WE,Towers with Radar,0,0,9,0,9,0,0,104,0,104,0,0,113,0,113,104,0,104,217
06/18/2023,EMT,CA,AWP,WE,Towers with Radar,0,0,12,0,12,0,0,69,0,69,0,0,81,0,81,143,0,143,224
06/19/2023,EMT,CA,AWP,WE,Towers with Radar,0,0,7,0,7,0,0,32,0,32,0,0,39,0,39,124,0,124,163
06/20/2023,EMT,CA,AWP,WE,Towers with Radar,0,1,4,0,5,0,1,108,0,109,0,2,112,0,114,114,0,114,228
06/21/2023,EMT,CA,AWP,WE,Towers with Radar,0,0,2,0,2,0,0,141,0,141,0,0,143,0,143,144,0,144,287
06/22/2023,EMT,CA,AWP,WE,Towers with Radar,0,0,6,0,6,0,0,81,0,81,0,0,87,0,87,158,0,158,245
06/23/2023,EMT,CA,AWP,WE,Towers with Radar,0,0,2,0,2,0,0,116,0,116,0,0,118,0,118,178,0,178,296
06/24/2023,EMT,CA,AWP,WE,Towers with Radar,0,0,2,0,2,0,0,101,0,101,0,0,103,0,103,126,0,126,229
06/25/2023,EMT,CA,AWP,WE,Towers with Radar,0,0,9,0,9,0,0,100,0,100,0,0,109,0,109,140,0,140,249
06/26/2023,EMT,CA,AWP,WE,Towers with Radar,0,0,4,0,4,0,0,87,0,87,0,0,91,0,91,160,0,160,251
06/27/2023,EMT,CA,AWP,WE,Towers with Radar,0,1,6,0,7,0,1,103,0,104,0,2,109,0,111,172,0,172,283
06/28/2023,EMT,CA,AWP,WE,Towers with Radar,0,0,10,0,10,0,0,82,0,82,0,0,92,0,92,135,0,135,227
06/29/2023,EMT,CA,AWP,WE,Towers with Radar,0,0,5,0,5,0,0,49,2,51,0,0,54,2,56,178,0,178,234
06/30/2023,EMT,CA,AWP,WE,Towers with Radar,0,0,7,0,7,0,0,124,0,124,0,0,131,0,131,144,0,144,275
07/01/2023,EMT,CA,AWP,WE,Towers with Radar,0,0,8,0,8,0,0,110,0,110,0,0,118,0,118,194,0,194,312
07/02/2023,EMT,CA,AWP,WE,Towers with Radar,0,0,4,0,4,0,0,64,0,64,0,0,68,0,68,188,0,188,256
07/03/2023,EMT,CA,AWP,WE,Towers with Radar,0,0,2,0,2,0,0,79,0,79,0,0,81,0,81,151,0,151,232
07/04/2023,EMT,CA,AWP,WE,Towers with Radar,0,0,4,0,4,0,0,77,0,77,0,0,81,0,81,61,0,61,142
07/05/2023,EMT,CA,AWP,WE,Towers with Radar,0,0,6,0,6,0,0,41,0,41,0,0,47,0,47,68,0,68,115
07/06/2023,EMT,CA,AWP,WE,Towers with Radar,0,1,8,0,9,0,1,67,0,68,0,2,75,0,77,214,0,214,291
07/07/2023,EMT,CA,AWP,WE,Towers with Radar,0,0,8,0,8,0,0,84,1,85,0,0,92,1,93,156,0,156,249
07/08/2023,EMT,CA,AWP,WE,Towers with Radar,0,0,5,0,5,0,2,92,0,94,0,2,97,0,99,118,0,118,217
07/09/2023,EMT,CA,AWP,WE,Towers with Radar,0,1,10,0,11,0,0,82,0,82,0,1,92,0,93,151,0,151,244
07/10/2023,EMT,CA,AWP,WE,Towers with Radar,0,0,5,0,5,0,0,77,0,77,0,0,82,0,82,132,0,132,214
07/11/2023,EMT,CA,AWP,WE,Towers with Radar,0,0,2,0,2,0,0,92,0,92,0,0,94,0,94,164,0,164,258
07/12/2023,EMT,CA,AWP,WE,Towers with Radar,0,0,7,0,7,0,0,81,0,81,0,0,88,0,88,160,0,160,248
07/13/2023,EMT,CA,AWP,WE,Towers with Radar,0,0,5,0,5,0,0,77,0,77,0,0,82,0,82,214,0,214,296
07/14/2023,EMT,CA,AWP,WE,Towers with Radar,0,0,6,0,6,0,0,89,0,89,0,0,95,0,95,134,0,134,229
07/15/2023,EMT,CA,AWP,WE,Towers with Radar,0,2,4,0,6,0,1,98,0,99,0,3,102,0,105,115,0,115,220
07/16/2023,EMT,CA,AWP,WE,Towers with Radar,0,1,8,0,9,0,0,68,0,68,0,1,76,0,77,200,0,200,277
07/17/2023,EMT,CA,AWP,WE,Towers with Radar,0,0,3,0,3,0,0,70,0,70,0,0,73,0,73,106,0,106,179
07/18/2023,EMT,CA,AWP,WE,Towers with Radar,0,0,4,0,4,0,0,71,2,73,0,0,75,2,77,142,0,142,219
07/19/2023,EMT,CA,AWP,WE,Towers with Radar,0,1,0,0,1,0,1,59,0,60,0,2,59,0,61,200,0,200,261
07/20/2023,EMT,CA,AWP,WE,Towers with Radar,0,0,2,0,2,0,0,58,0,58,0,0,60,0,60,204,0,204,264
07/21/2023,EMT,CA,AWP,WE,Towers with Radar,0,0,5,0,5,0,0,81,0,81,0,0,86,0,86,150,0,150,236
07/22/2023,EMT,CA,AWP,WE,Towers with Radar,0,0,1,0,1,0,1,66,0,67,0,1,67,0,68,138,0,138,206
07/23/2023,EMT,CA,AWP,WE,Towers with Radar,0,0,4,0,4,0,0,51,1,52,0,0,55,1,56,142,0,142,198
07/24/2023,EMT,CA,AWP,WE,Towers with Radar,0,0,2,0,2,0,0,72,0,72,0,0,74,0,74,70,0,70,144
07/25/2023,EMT,CA,AWP,WE,Towers with Radar,0,0,5,0,5,0,0,70,0,70,0,0,75,0,75,120,0,120,195
07/26/2023,EMT,CA,AWP,WE,Towers with Radar,0,1,1,0,2,0,0,80,0,80,0,1,81,0,82,88,0,88,170
07/27/2023,EMT,CA,AWP,WE,Towers with Radar,0,0,2,0,2,0,0,77,1,78,0,0,79,1,80,152,0,152,232
07/28/2023,EMT,CA,AWP,WE,Towers with Radar,0,0,1,0,1,0,0,88,0,88,0,0,89,0,89,184,0,184,273
07/29/2023,EMT,CA,AWP,WE,Towers with Radar,0,0,11,0,11,0,0,94,2,96,0,0,105,2,107,172,0,172,279
07/30/2023,EMT,CA,AWP,WE,Towers with Radar,0,0,3,0,3,0,0,75,0,75,0,0,78,0,78,102,0,102,180
07/31/2023,EMT,CA,AWP,WE,Towers with Radar,0,0,5,0,5,0,0,38,0,38,0,0,43,0,43,108,0,108,151
08/01/2023,EMT,CA,AWP,WE,Towers with Radar,0,0,6,0,6,0,0,62,0,62,0,0,68,0,68,144,0,144,212
08/02/2023,EMT,CA,AWP,WE,Towers with Radar,0,3,3,0,6,0,3,79,0,82,0,6,82,0,88,218,0,218,306
08/03/2023,EMT,CA,AWP,WE,Towers with Radar,0,1,5,0,6,0,1,96,0,97,0,2,101,0,103,106,0,106,209
08/04/2023,EMT,CA,AWP,WE,Towers with Radar,0,0,3,0,3,0,0,91,0,91,0,0,94,0,94,148,0,148,242
08/05/2023,EMT,CA,AWP,WE,Towers with Radar,0,0,5,0,5,0,0,94,0,94,0,0,99,0,99,106,0,106,205
08/06/2023,EMT,CA,AWP,WE,Towers with Radar,0,0,6,0,6,0,0,97,0,97,0,0,103,0,103,142,0,142,245
08/07/2023,EMT,CA,AWP,WE,Towers with Radar,0,2,2,0,4,0,0,68,0,68,0,2,70,0,72,130,0,130,202
08/08/2023,EMT,CA,AWP,WE,Towers with Radar,0,0,0,0,0,0,0,75,2,77,0,0,75,2,77,182,0,182,259
08/09/2023,EMT,CA,AWP,WE,Towers with Radar,0,0,0,0,0,0,0,40,0,40,0,0,40,0,40,242,0,242,282
08/10/2023,EMT,CA,AWP,WE,Towers with Radar,0,2,11,0,13,0,0,44,0,44,0,2,55,0,57,118,0,118,175
08/11/2023,EMT,CA,AWP,WE,Towers with Radar,0,0,8,0,8,0,0,45,0,45,0,0,53,0,53,172,0,172,225
08/12/2023,EMT,CA,AWP,WE,Towers with Radar,0,0,5,0,5,0,0,101,0,101,0,0,106,0,106,166,0,166,272
08/13/2023,EMT,CA,AWP,WE,Towers with Radar,0,0,9,0,9,0,0,101,0,101,0,0,110,0,110,222,0,222,332
08/14/2023,EMT,CA,AWP,WE,Towers with Radar,0,0,6,0,6,0,0,95,0,95,0,0,101,0,101,78,0,78,179
08/15/2023,EMT,CA,AWP,WE,Towers with Radar,0,0,5,0,5,0,0,97,0,97,0,0,102,0,102,202,0,202,304
08/16/2023,EMT,CA,AWP,WE,Towers with Radar,0,2,7,0,9,0,0,105,0,105,0,2,112,0,114,250,0,250,364
08/17/2023,EMT,CA,AWP,WE,Towers with Radar,0,0,5,0,5,0,0,96,2,98,0,0,101,2,103,222,0,222,325
08/18/2023,EMT,CA,AWP,WE,Towers with Radar,0,0,10,0,10,0,1,104,0,105,0,1,114,0,115,176,0,176,291
08/19/2023,EMT,CA,AWP,WE,Towers with Radar,0,0,7,0,7,0,0,71,0,71,0,0,78,0,78,180,0,180,258
08/20/2023,EMT,CA,AWP,WE,Towers with Radar,0,0,0,0,0,0,0,0,0,0,0,0,0,0,0,0,0,0,0
08/21/2023,EMT,CA,AWP,WE,Towers with Radar,0,0,4,0,4,0,0,41,0,41,0,0,45,0,45,72,0,72,117
08/22/2023,EMT,CA,AWP,WE,Towers with Radar,0,0,3,0,3,0,0,67,0,67,0,0,70,0,70,126,0,126,196
08/23/2023,EMT,CA,AWP,WE,Towers with Radar,0,0,4,0,4,0,0,77,2,79,0,0,81,2,83,172,0,172,255
08/24/2023,EMT,CA,AWP,WE,Towers with Radar,0,0,7,0,7,0,0,61,0,61,0,0,68,0,68,164,0,164,232
08/25/2023,EMT,CA,AWP,WE,Towers with Radar,0,0,3,0,3,0,0,84,2,86,0,0,87,2,89,230,0,230,319
08/26/2023,EMT,CA,AWP,WE,Towers with Radar,0,0,10,0,10,0,0,113,0,113,0,0,123,0,123,274,0,274,397
08/27/2023,EMT,CA,AWP,WE,Towers with Radar,0,0,4,0,4,0,0,95,0,95,0,0,99,0,99,222,0,222,321
08/28/2023,EMT,CA,AWP,WE,Towers with Radar,0,0,4,0,4,0,0,60,0,60,0,0,64,0,64,100,0,100,164
08/29/2023,EMT,CA,AWP,WE,Towers with Radar,0,1,6,0,7,0,0,53,0,53,0,1,59,0,60,76,0,76,136
08/30/2023,EMT,CA,AWP,WE,Towers with Radar,0,0,5,0,5,0,0,75,0,75,0,0,80,0,80,180,0,180,260
08/31/2023,EMT,CA,AWP,WE,Towers with Radar,0,0,12,0,12,0,0,80,0,80,0,0,92,0,92,176,0,176,268
