01/01/2000,ENA,AK,AAL,WE,Federal Contract Tower,0,11,2,0,13,0,3,11,0,14,0,14,13,0,27,18,0,18,45
01/02/2000,ENA,AK,AAL,WE,Federal Contract Tower,0,17,4,0,21,0,14,8,0,22,0,31,12,0,43,40,0,40,83
01/03/2000,ENA,AK,AAL,WE,Federal Contract Tower,0,39,5,0,44,0,19,0,0,19,0,58,5,0,63,10,0,10,73
01/04/2000,ENA,AK,AAL,WE,Federal Contract Tower,0,42,8,2,52,0,8,7,3,18,0,50,15,5,70,2,4,6,76
01/05/2000,ENA,AK,AAL,WE,Federal Contract Tower,0,38,6,2,46,0,55,32,2,89,0,93,38,4,135,50,20,70,205
01/06/2000,ENA,AK,AAL,WE,Federal Contract Tower,0,23,4,1,28,0,37,14,5,56,0,60,18,6,84,32,12,44,128
01/07/2000,ENA,AK,AAL,WE,Federal Contract Tower,0,41,6,2,49,0,4,13,0,17,0,45,19,2,66,14,0,14,80
01/08/2000,ENA,AK,AAL,WE,Federal Contract Tower,0,9,1,0,10,0,46,34,0,80,0,55,35,0,90,62,0,62,152
01/09/2000,ENA,AK,AAL,WE,Federal Contract Tower,0,23,4,1,28,0,12,6,0,18,0,35,10,1,46,60,0,60,106
01/10/2000,ENA,AK,AAL,WE,Federal Contract Tower,0,13,2,1,16,0,37,24,1,62,0,50,26,2,78,30,14,44,122
01/11/2000,ENA,AK,AAL,WE,Federal Contract Tower,0,17,3,1,21,0,40,20,7,67,0,57,23,8,88,12,66,78,166
01/12/2000,ENA,AK,AAL,WE,Federal Contract Tower,0,15,2,1,18,0,46,9,9,64,0,61,11,10,82,24,46,70,152
01/13/2000,ENA,AK,AAL,WE,Federal Contract Tower,0,14,2,0,16,0,46,17,2,65,0,60,19,2,81,18,52,70,151
01/14/2000,ENA,AK,AAL,WE,Federal Contract Tower,0,33,5,1,39,0,14,28,7,49,0,47,33,8,88,12,12,24,112
01/15/2000,ENA,AK,AAL,WE,Federal Contract Tower,0,9,1,0,10,0,33,23,0,56,0,42,24,0,66,26,0,26,92
01/16/2000,ENA,AK,AAL,WE,Federal Contract Tower,0,7,1,0,8,0,29,15,0,44,0,36,16,0,52,18,0,18,70
01/17/2000,ENA,AK,AAL,WE,Federal Contract Tower,0,18,3,0,21,0,54,37,0,91,0,72,40,0,112,44,0,44,156
01/18/2000,ENA,AK,AAL,WE,Federal Contract Tower,0,33,4,1,38,0,1,6,5,12,0,34,10,6,50,0,6,6,56
01/19/2000,ENA,AK,AAL,WE,Federal Contract Tower,0,43,6,0,49,0,6,6,0,12,0,49,12,0,61,0,0,0,61
01/20/2000,ENA,AK,AAL,WE,Federal Contract Tower,0,32,5,0,37,0,8,3,0,11,0,40,8,0,48,2,0,2,50
01/21/2000,ENA,AK,AAL,WE,Federal Contract Tower,0,35,5,1,41,0,16,49,7,72,0,51,54,8,113,24,8,32,145
01/22/2000,ENA,AK,AAL,WE,Federal Contract Tower,0,7,1,0,8,0,24,19,0,43,0,31,20,0,51,76,0,76,127
01/23/2000,ENA,AK,AAL,WE,Federal Contract Tower,0,11,1,0,12,0,17,15,0,32,0,28,16,0,44,24,0,24,68
01/24/2000,ENA,AK,AAL,WE,Federal Contract Tower,0,33,5,0,38,0,35,19,0,54,0,68,24,0,92,24,0,24,116
01/25/2000,ENA,AK,AAL,WE,Federal Contract Tower,0,17,3,0,20,0,31,25,4,60,0,48,28,4,80,62,16,78,158
01/26/2000,ENA,AK,AAL,WE,Federal Contract Tower,0,27,4,0,31,0,38,23,4,65,0,65,27,4,96,18,0,18,114
01/27/2000,ENA,AK,AAL,WE,Federal Contract Tower,0,39,6,0,45,0,23,7,0,30,0,62,13,0,75,2,0,2,77
01/28/2000,ENA,AK,AAL,WE,Federal Contract Tower,0,42,7,0,49,0,0,11,0,11,0,42,18,0,60,10,0,10,70
01/29/2000,ENA,AK,AAL,WE,Federal Contract Tower,0,27,4,0,31,0,7,0,0,7,0,34,4,0,38,60,0,60,98
01/30/2000,ENA,AK,AAL,WE,Federal Contract Tower,0,14,2,0,16,0,7,8,0,15,0,21,10,0,31,36,0,36,67
01/31/2000,ENA,AK,AAL,WE,Federal Contract Tower,0,37,5,0,42,0,8,3,0,11,0,45,8,0,53,28,0,28,81
02/01/2000,ENA,AK,AAL,WE,Federal Contract Tower,0,22,4,1,27,0,46,23,5,74,0,68,27,6,101,6,38,44,145
02/02/2000,ENA,AK,AAL,WE,Federal Contract Tower,3,31,4,0,38,2,12,0,0,14,5,43,4,0,52,0,0,0,52
02/03/2000,ENA,AK,AAL,WE,Federal Contract Tower,5,53,7,2,67,13,44,14,0,71,18,97,21,2,138,4,0,4,142
02/04/2000,ENA,AK,AAL,WE,Federal Contract Tower,4,34,4,2,44,8,49,45,7,109,12,83,49,9,153,58,20,78,231
02/05/2000,ENA,AK,AAL,WE,Federal Contract Tower,1,13,1,0,15,1,22,25,0,48,2,35,26,0,63,24,0,24,87
02/06/2000,ENA,AK,AAL,WE,Federal Contract Tower,0,13,2,1,16,0,17,22,1,40,0,30,24,2,56,14,0,14,70
02/07/2000,ENA,AK,AAL,WE,Federal Contract Tower,0,15,3,1,19,0,39,34,9,82,0,54,37,10,101,54,72,126,227
02/08/2000,ENA,AK,AAL,WE,Federal Contract Tower,0,19,3,1,23,0,47,19,6,72,0,66,22,7,95,56,110,166,261
02/09/2000,ENA,AK,AAL,WE,Federal Contract Tower,0,17,2,1,20,0,52,49,2,103,0,69,51,3,123,36,58,94,217
02/10/2000,ENA,AK,AAL,WE,Federal Contract Tower,0,12,2,0,14,0,56,40,2,98,0,68,42,2,112,68,32,100,212
02/11/2000,ENA,AK,AAL,WE,Federal Contract Tower,0,19,3,1,23,0,59,42,4,105,0,78,45,5,128,66,6,72,200
02/12/2000,ENA,AK,AAL,WE,Federal Contract Tower,0,5,0,0,5,1,27,50,0,78,1,32,50,0,83,46,1,47,130
02/13/2000,ENA,AK,AAL,WE,Federal Contract Tower,0,7,2,0,9,0,21,32,0,53,0,28,34,0,62,66,0,66,128
02/14/2000,ENA,AK,AAL,WE,Federal Contract Tower,0,30,5,4,39,0,38,24,4,66,0,68,29,8,105,44,46,90,195
02/15/2000,ENA,AK,AAL,WE,Federal Contract Tower,0,19,3,2,24,0,22,18,1,41,0,41,21,3,65,14,4,18,83
02/16/2000,ENA,AK,AAL,WE,Federal Contract Tower,0,24,4,3,31,0,32,23,3,58,0,56,27,6,89,38,44,82,171
02/17/2000,ENA,AK,AAL,WE,Federal Contract Tower,0,21,4,2,27,0,29,58,2,89,0,50,62,4,116,60,12,72,188
02/18/2000,ENA,AK,AAL,WE,Federal Contract Tower,0,26,4,2,32,0,35,24,0,59,0,61,28,2,91,22,22,44,135
02/19/2000,ENA,AK,AAL,WE,Federal Contract Tower,0,10,2,0,12,0,14,29,0,43,0,24,31,0,55,26,0,26,81
02/20/2000,ENA,AK,AAL,WE,Federal Contract Tower,0,18,2,0,20,0,12,26,0,38,0,30,28,0,58,0,0,0,58
02/21/2000,ENA,AK,AAL,WE,Federal Contract Tower,0,17,2,2,21,0,39,37,0,76,0,56,39,2,97,16,0,16,113
02/22/2000,ENA,AK,AAL,WE,Federal Contract Tower,0,22,3,2,27,0,25,35,5,65,0,47,38,7,92,64,0,64,156
02/23/2000,ENA,AK,AAL,WE,Federal Contract Tower,0,20,2,1,23,0,52,66,0,118,0,72,68,1,141,20,0,20,161
02/24/2000,ENA,AK,AAL,WE,Federal Contract Tower,0,14,2,1,17,0,48,22,28,98,0,62,24,29,115,26,64,90,205
02/25/2000,ENA,AK,AAL,WE,Federal Contract Tower,0,10,2,0,12,0,53,53,6,112,0,63,55,6,124,28,38,66,190
02/26/2000,ENA,AK,AAL,WE,Federal Contract Tower,0,8,2,0,10,0,15,85,0,100,0,23,87,0,110,136,0,136,246
02/27/2000,ENA,AK,AAL,WE,Federal Contract Tower,0,7,2,0,9,0,25,26,0,51,0,32,28,0,60,58,0,58,118
02/28/2000,ENA,AK,AAL,WE,Federal Contract Tower,0,9,2,0,11,2,53,19,15,89,2,62,21,15,100,84,46,130,230
02/29/2000,ENA,AK,AAL,WE,Federal Contract Tower,0,14,2,1,17,0,32,47,7,86,0,46,49,8,103,74,2,76,179
03/01/2000,ENA,AK,AAL,WE,Federal Contract Tower,0,13,2,0,15,0,48,29,6,83,0,61,31,6,98,18,42,60,158
03/02/2000,ENA,AK,AAL,WE,Federal Contract Tower,0,11,3,0,14,0,40,31,6,77,0,51,34,6,91,36,8,44,135
03/03/2000,ENA,AK,AAL,WE,Federal Contract Tower,0,16,3,1,20,0,55,27,3,85,0,71,30,4,105,64,4,68,173
03/04/2000,ENA,AK,AAL,WE,Federal Contract Tower,0,6,0,1,7,0,21,51,3,75,0,27,51,4,82,88,4,92,174
03/05/2000,ENA,AK,AAL,WE,Federal Contract Tower,0,4,0,1,5,0,26,26,1,53,0,30,26,2,58,42,2,44,102
03/06/2000,ENA,AK,AAL,WE,Federal Contract Tower,0,5,0,1,6,0,57,23,7,87,0,62,23,8,93,38,22,60,153
03/07/2000,ENA,AK,AAL,WE,Federal Contract Tower,0,10,2,1,13,0,46,40,5,91,0,56,42,6,104,35,30,65,169
03/08/2000,ENA,AK,AAL,WE,Federal Contract Tower,0,10,3,1,14,0,53,56,6,115,0,63,59,7,129,26,28,54,183
03/09/2000,ENA,AK,AAL,WE,Federal Contract Tower,0,7,0,1,8,0,58,67,1,126,0,65,67,2,134,64,14,78,212
03/10/2000,ENA,AK,AAL,WE,Federal Contract Tower,0,7,2,0,9,0,57,34,0,91,0,64,36,0,100,45,8,53,153
03/11/2000,ENA,AK,AAL,WE,Federal Contract Tower,0,5,0,0,5,0,25,24,0,49,0,30,24,0,54,24,0,24,78
03/12/2000,ENA,AK,AAL,WE,Federal Contract Tower,0,6,0,0,6,0,30,38,0,68,0,36,38,0,74,16,0,16,90
03/13/2000,ENA,AK,AAL,WE,Federal Contract Tower,0,14,2,1,17,0,51,25,3,79,0,65,27,4,96,40,24,64,160
03/14/2000,ENA,AK,AAL,WE,Federal Contract Tower,0,11,2,1,14,0,43,35,1,79,0,54,37,2,93,20,26,46,139
03/15/2000,ENA,AK,AAL,WE,Federal Contract Tower,0,9,0,1,10,0,55,38,1,94,0,64,38,2,104,8,16,24,128
03/16/2000,ENA,AK,AAL,WE,Federal Contract Tower,0,12,0,1,13,0,60,24,3,87,0,72,24,4,100,40,8,48,148
03/17/2000,ENA,AK,AAL,WE,Federal Contract Tower,0,44,5,3,52,0,36,23,6,65,0,80,28,9,117,36,4,40,157
03/18/2000,ENA,AK,AAL,WE,Federal Contract Tower,0,29,3,0,32,0,17,19,0,36,0,46,22,0,68,8,0,8,76
03/19/2000,ENA,AK,AAL,WE,Federal Contract Tower,0,12,1,0,13,0,23,13,0,36,0,35,14,0,49,68,0,68,117
03/20/2000,ENA,AK,AAL,WE,Federal Contract Tower,0,22,2,1,25,6,37,44,1,88,6,59,46,2,113,112,34,146,259
03/21/2000,ENA,AK,AAL,WE,Federal Contract Tower,0,22,2,1,25,0,26,10,1,37,0,48,12,2,62,12,0,12,74
03/22/2000,ENA,AK,AAL,WE,Federal Contract Tower,0,13,2,0,15,0,48,65,2,115,0,61,67,2,130,66,24,90,220
03/23/2000,ENA,AK,AAL,WE,Federal Contract Tower,0,13,2,0,15,0,46,18,6,70,0,59,20,6,85,52,30,82,167
03/24/2000,ENA,AK,AAL,WE,Federal Contract Tower,0,29,3,0,32,0,39,7,0,46,0,68,10,0,78,8,0,8,86
03/25/2000,ENA,AK,AAL,WE,Federal Contract Tower,0,8,0,0,8,0,33,44,0,77,0,41,44,0,85,50,0,50,135
03/26/2000,ENA,AK,AAL,WE,Federal Contract Tower,0,23,2,0,25,0,0,8,0,8,0,23,10,0,33,14,0,14,47
03/27/2000,ENA,AK,AAL,WE,Federal Contract Tower,0,26,3,0,29,0,40,15,0,55,0,66,18,0,84,16,16,32,116
03/28/2000,ENA,AK,AAL,WE,Federal Contract Tower,0,14,2,0,16,0,50,32,4,86,0,64,34,4,102,98,22,120,222
03/29/2000,ENA,AK,AAL,WE,Federal Contract Tower,0,23,3,1,27,0,32,9,7,48,0,55,12,8,75,58,34,92,167
03/30/2000,ENA,AK,AAL,WE,Federal Contract Tower,0,18,3,0,21,8,22,17,8,55,8,40,20,8,76,96,18,114,190
03/31/2000,ENA,AK,AAL,WE,Federal Contract Tower,0,29,4,0,33,0,22,17,0,39,0,51,21,0,72,48,0,48,120
04/01/2000,ENA,AK,AAL,WE,Federal Contract Tower,0,5,0,0,5,0,26,55,0,81,0,31,55,0,86,50,4,54,140
04/02/2000,ENA,AK,AAL,WE,Federal Contract Tower,1,5,0,0,6,7,22,11,0,40,8,27,11,0,46,36,0,36,82
04/03/2000,ENA,AK,AAL,WE,Federal Contract Tower,1,9,0,0,10,5,44,35,2,86,6,53,35,2,96,90,54,144,240
04/04/2000,ENA,AK,AAL,WE,Federal Contract Tower,0,15,3,0,18,0,47,41,6,94,0,62,44,6,112,62,14,76,188
04/05/2000,ENA,AK,AAL,WE,Federal Contract Tower,1,11,0,0,12,11,43,50,4,108,12,54,50,4,120,54,10,64,184
04/06/2000,ENA,AK,AAL,WE,Federal Contract Tower,1,11,0,0,12,13,42,44,4,103,14,53,44,4,115,66,4,70,185
04/07/2000,ENA,AK,AAL,WE,Federal Contract Tower,0,15,3,0,18,0,50,57,6,113,0,65,60,6,131,94,2,96,227
04/08/2000,ENA,AK,AAL,WE,Federal Contract Tower,0,3,0,0,3,0,46,77,0,123,0,49,77,0,126,178,0,178,304
04/09/2000,ENA,AK,AAL,WE,Federal Contract Tower,0,7,0,0,7,0,27,46,2,75,0,34,46,2,82,64,4,68,150
04/10/2000,ENA,AK,AAL,WE,Federal Contract Tower,0,17,3,0,20,0,51,12,8,71,0,68,15,8,91,24,48,72,163
04/11/2000,ENA,AK,AAL,WE,Federal Contract Tower,0,22,3,0,25,0,33,27,18,78,0,55,30,18,103,42,88,130,233
04/12/2000,ENA,AK,AAL,WE,Federal Contract Tower,0,5,0,0,5,0,50,58,2,110,0,55,58,2,115,95,10,105,220
04/13/2000,ENA,AK,AAL,WE,Federal Contract Tower,0,9,0,0,9,0,53,48,2,103,0,62,48,2,112,58,2,60,172
04/14/2000,ENA,AK,AAL,WE,Federal Contract Tower,0,10,0,0,10,0,62,51,4,117,0,72,51,4,127,78,0,78,205
04/15/2000,ENA,AK,AAL,WE,Federal Contract Tower,0,0,0,0,0,0,45,68,0,113,0,45,68,0,113,46,0,46,159
04/16/2000,ENA,AK,AAL,WE,Federal Contract Tower,0,2,0,0,2,4,32,45,0,81,4,34,45,0,83,102,0,102,185
04/17/2000,ENA,AK,AAL,WE,Federal Contract Tower,0,15,3,0,18,0,37,25,2,64,0,52,28,2,82,46,114,160,242
04/18/2000,ENA,AK,AAL,WE,Federal Contract Tower,0,23,4,0,27,0,19,13,0,32,0,42,17,0,59,2,0,2,61
04/19/2000,ENA,AK,AAL,WE,Federal Contract Tower,0,14,0,0,14,0,52,25,6,83,0,66,25,6,97,20,32,52,149
04/20/2000,ENA,AK,AAL,WE,Federal Contract Tower,0,14,0,0,14,0,40,20,14,74,0,54,20,14,88,34,58,92,180
04/21/2000,ENA,AK,AAL,WE,Federal Contract Tower,0,12,0,0,12,0,47,48,0,95,0,59,48,0,107,86,0,86,193
04/22/2000,ENA,AK,AAL,WE,Federal Contract Tower,0,4,0,0,4,0,33,64,0,97,0,37,64,0,101,92,0,92,193
04/23/2000,ENA,AK,AAL,WE,Federal Contract Tower,0,2,0,0,2,0,26,45,0,71,0,28,45,0,73,42,0,42,115
04/24/2000,ENA,AK,AAL,WE,Federal Contract Tower,0,14,0,0,14,2,45,49,1,97,2,59,49,1,111,54,2,56,167
04/25/2000,ENA,AK,AAL,WE,Federal Contract Tower,0,10,0,0,10,0,58,72,8,138,0,68,72,8,148,74,26,100,248
04/26/2000,ENA,AK,AAL,WE,Federal Contract Tower,0,13,0,0,13,0,48,75,10,133,0,61,75,10,146,46,34,80,226
04/27/2000,ENA,AK,AAL,WE,Federal Contract Tower,0,11,0,0,11,0,68,50,4,122,0,79,50,4,133,76,6,82,215
04/28/2000,ENA,AK,AAL,WE,Federal Contract Tower,0,11,0,0,11,0,61,74,0,135,0,72,74,0,146,0,40,40,186
04/29/2000,ENA,AK,AAL,WE,Federal Contract Tower,0,3,0,0,3,0,43,42,0,85,0,46,42,0,88,68,4,72,160
04/30/2000,ENA,AK,AAL,WE,Federal Contract Tower,0,7,0,0,7,0,43,37,0,80,0,50,37,0,87,54,0,54,141
05/01/2000,ENA,AK,AAL,WE,Federal Contract Tower,1,10,2,1,14,7,74,38,3,122,8,84,40,4,136,74,14,88,224
05/02/2000,ENA,AK,AAL,WE,Federal Contract Tower,1,17,4,0,22,2,78,33,0,113,3,95,37,0,135,66,24,90,225
05/03/2000,ENA,AK,AAL,WE,Federal Contract Tower,1,18,4,2,25,3,54,41,8,106,4,72,45,10,131,58,84,142,273
05/04/2000,ENA,AK,AAL,WE,Federal Contract Tower,1,8,1,2,12,11,72,57,10,150,12,80,58,12,162,64,36,100,262
05/05/2000,ENA,AK,AAL,WE,Federal Contract Tower,0,9,1,2,12,0,68,43,10,121,0,77,44,12,133,48,26,74,207
05/06/2000,ENA,AK,AAL,WE,Federal Contract Tower,0,1,0,0,1,0,58,68,0,126,0,59,68,0,127,98,0,98,225
05/07/2000,ENA,AK,AAL,WE,Federal Contract Tower,0,4,0,1,5,0,48,35,1,84,0,52,35,2,89,44,0,44,133
05/08/2000,ENA,AK,AAL,WE,Federal Contract Tower,0,6,1,0,7,2,84,60,0,146,2,90,61,0,153,84,68,152,305
05/09/2000,ENA,AK,AAL,WE,Federal Contract Tower,0,8,1,3,12,0,81,49,1,131,0,89,50,4,143,32,50,82,225
05/10/2000,ENA,AK,AAL,WE,Federal Contract Tower,0,9,1,3,13,0,71,55,5,131,0,80,56,8,144,50,50,100,244
05/11/2000,ENA,AK,AAL,WE,Federal Contract Tower,0,6,1,0,7,0,68,61,0,129,0,74,62,0,136,80,0,80,216
05/12/2000,ENA,AK,AAL,WE,Federal Contract Tower,0,12,1,2,15,0,71,53,8,132,0,83,54,10,147,64,28,92,239
05/13/2000,ENA,AK,AAL,WE,Federal Contract Tower,0,6,0,0,6,0,70,93,0,163,0,76,93,0,169,114,0,114,283
05/14/2000,ENA,AK,AAL,WE,Federal Contract Tower,0,11,1,0,12,0,40,58,0,98,0,51,59,0,110,50,0,50,160
05/15/2000,ENA,AK,AAL,WE,Federal Contract Tower,0,18,3,2,23,26,75,37,6,144,26,93,40,8,167,60,10,70,237
05/16/2000,ENA,AK,AAL,WE,Federal Contract Tower,0,15,2,1,18,0,55,46,9,110,0,70,48,10,128,68,32,100,228
05/17/2000,ENA,AK,AAL,WE,Federal Contract Tower,0,16,2,2,20,4,70,46,6,126,4,86,48,8,146,102,24,126,272
05/18/2000,ENA,AK,AAL,WE,Federal Contract Tower,0,11,2,1,14,0,73,49,7,129,0,84,51,8,143,102,26,128,271
05/19/2000,ENA,AK,AAL,WE,Federal Contract Tower,0,31,5,3,39,0,50,60,7,117,0,81,65,10,156,102,14,116,272
05/20/2000,ENA,AK,AAL,WE,Federal Contract Tower,0,9,0,0,9,0,55,60,0,115,0,64,60,0,124,106,0,106,230
05/21/2000,ENA,AK,AAL,WE,Federal Contract Tower,0,11,1,1,13,0,29,42,1,72,0,40,43,2,85,22,0,22,107
05/22/2000,ENA,AK,AAL,WE,Federal Contract Tower,0,17,2,2,21,0,54,49,16,119,0,71,51,18,140,120,108,228,368
05/23/2000,ENA,AK,AAL,WE,Federal Contract Tower,0,22,3,3,28,0,58,45,13,116,0,80,48,16,144,94,26,120,264
05/24/2000,ENA,AK,AAL,WE,Federal Contract Tower,0,15,3,1,19,4,100,79,3,186,4,115,82,4,205,68,20,88,293
05/25/2000,ENA,AK,AAL,WE,Federal Contract Tower,0,15,2,1,18,6,67,72,11,156,6,82,74,12,174,96,28,124,298
05/26/2000,ENA,AK,AAL,WE,Federal Contract Tower,0,9,1,1,11,6,89,71,1,167,6,98,72,2,178,106,0,106,284
05/27/2000,ENA,AK,AAL,WE,Federal Contract Tower,0,3,0,0,3,0,47,53,0,100,0,50,53,0,103,18,0,18,121
05/28/2000,ENA,AK,AAL,WE,Federal Contract Tower,0,2,0,0,2,0,44,54,0,98,0,46,54,0,100,52,0,52,152
05/29/2000,ENA,AK,AAL,WE,Federal Contract Tower,0,6,0,0,6,0,51,42,2,95,0,57,42,2,101,78,10,88,189
05/30/2000,ENA,AK,AAL,WE,Federal Contract Tower,0,26,4,3,33,0,76,46,5,127,0,102,50,8,160,48,64,112,272
05/31/2000,ENA,AK,AAL,WE,Federal Contract Tower,0,21,3,2,26,0,55,39,10,104,0,76,42,12,130,110,28,138,268
06/01/2000,ENA,AK,AAL,WE,Federal Contract Tower,0,11,4,1,16,0,50,40,7,97,0,61,44,8,113,84,36,120,233
06/02/2000,ENA,AK,AAL,WE,Federal Contract Tower,4,12,2,1,19,4,70,63,17,154,8,82,65,18,173,70,74,144,317
06/03/2000,ENA,AK,AAL,WE,Federal Contract Tower,0,1,0,0,1,0,69,70,0,139,0,70,70,0,140,48,0,48,188
06/04/2000,ENA,AK,AAL,WE,Federal Contract Tower,1,4,1,0,6,1,48,94,2,145,2,52,95,2,151,106,0,106,257
06/05/2000,ENA,AK,AAL,WE,Federal Contract Tower,0,4,2,1,7,0,69,42,9,120,0,73,44,10,127,68,56,124,251
06/06/2000,ENA,AK,AAL,WE,Federal Contract Tower,0,7,3,1,11,0,75,39,9,123,0,82,42,10,134,66,22,88,222
06/07/2000,ENA,AK,AAL,WE,Federal Contract Tower,2,11,3,2,18,10,55,32,6,103,12,66,35,8,121,60,38,98,219
06/08/2000,ENA,AK,AAL,WE,Federal Contract Tower,0,10,4,3,17,8,65,49,9,131,8,75,53,12,148,86,64,150,298
06/09/2000,ENA,AK,AAL,WE,Federal Contract Tower,0,7,2,0,9,0,83,88,0,171,0,90,90,0,180,116,0,116,296
06/10/2000,ENA,AK,AAL,WE,Federal Contract Tower,0,7,2,0,9,0,50,61,0,111,0,57,63,0,120,148,0,148,268
06/11/2000,ENA,AK,AAL,WE,Federal Contract Tower,0,6,2,0,8,0,26,50,0,76,0,32,52,0,84,74,0,74,158
06/12/2000,ENA,AK,AAL,WE,Federal Contract Tower,0,6,2,1,9,2,81,71,3,157,2,87,73,4,166,122,14,136,302
06/13/2000,ENA,AK,AAL,WE,Federal Contract Tower,0,13,2,2,17,0,70,60,6,136,0,83,62,8,153,92,18,110,263
06/14/2000,ENA,AK,AAL,WE,Federal Contract Tower,0,8,2,1,11,0,70,78,5,153,0,78,80,6,164,124,14,138,302
06/15/2000,ENA,AK,AAL,WE,Federal Contract Tower,0,12,2,1,15,0,58,85,1,144,0,70,87,2,159,126,0,126,285
06/16/2000,ENA,AK,AAL,WE,Federal Contract Tower,0,13,2,2,17,0,52,70,6,128,0,65,72,8,145,88,26,114,259
06/17/2000,ENA,AK,AAL,WE,Federal Contract Tower,0,8,2,0,10,0,49,97,0,146,0,57,99,0,156,108,0,108,264
06/18/2000,ENA,AK,AAL,WE,Federal Contract Tower,0,5,2,0,7,0,35,91,0,126,0,40,93,0,133,100,0,100,233
06/19/2000,ENA,AK,AAL,WE,Federal Contract Tower,0,16,5,1,22,0,61,58,5,124,0,77,63,6,146,60,44,104,250
06/20/2000,ENA,AK,AAL,WE,Federal Contract Tower,0,9,3,0,12,0,68,73,12,153,0,77,76,12,165,130,70,200,365
06/21/2000,ENA,AK,AAL,WE,Federal Contract Tower,0,11,3,2,16,3,94,64,10,171,3,105,67,12,187,100,54,154,341
06/22/2000,ENA,AK,AAL,WE,Federal Contract Tower,0,11,3,0,14,5,104,87,2,198,5,115,90,2,212,92,0,92,304
06/23/2000,ENA,AK,AAL,WE,Federal Contract Tower,0,8,2,0,10,11,89,89,6,195,11,97,91,6,205,76,18,94,299
06/24/2000,ENA,AK,AAL,WE,Federal Contract Tower,0,11,3,0,14,0,53,73,0,126,0,64,76,0,140,102,0,102,242
06/25/2000,ENA,AK,AAL,WE,Federal Contract Tower,0,7,2,0,9,0,68,61,0,129,0,75,63,0,138,72,0,72,210
06/26/2000,ENA,AK,AAL,WE,Federal Contract Tower,0,24,7,2,33,0,44,55,3,102,0,68,62,5,135,114,44,158,293
06/27/2000,ENA,AK,AAL,WE,Federal Contract Tower,2,29,9,2,42,0,65,30,8,103,2,94,39,10,145,106,10,116,261
06/28/2000,ENA,AK,AAL,WE,Federal Contract Tower,2,23,5,2,32,4,102,59,8,173,6,125,64,10,205,76,32,108,313
06/29/2000,ENA,AK,AAL,WE,Federal Contract Tower,4,39,10,0,53,4,90,37,0,131,8,129,47,0,184,114,0,114,298
06/30/2000,ENA,AK,AAL,WE,Federal Contract Tower,2,17,4,1,24,17,69,60,1,147,19,86,64,2,171,94,12,106,277
07/01/2000,ENA,AK,AAL,WE,Federal Contract Tower,0,0,0,0,0,14,62,67,0,143,14,62,67,0,143,68,0,68,211
07/02/2000,ENA,AK,AAL,WE,Federal Contract Tower,0,0,0,0,0,2,65,48,0,115,2,65,48,0,115,64,0,64,179
07/03/2000,ENA,AK,AAL,WE,Federal Contract Tower,0,2,2,0,4,0,81,72,0,153,0,83,74,0,157,88,0,88,245
07/04/2000,ENA,AK,AAL,WE,Federal Contract Tower,0,0,0,0,0,2,56,60,0,118,2,56,60,0,118,94,0,94,212
07/05/2000,ENA,AK,AAL,WE,Federal Contract Tower,0,1,0,0,1,0,112,39,20,171,0,113,39,20,172,76,56,132,304
07/06/2000,ENA,AK,AAL,WE,Federal Contract Tower,0,9,6,0,15,2,109,72,14,197,2,118,78,14,212,72,28,100,312
07/07/2000,ENA,AK,AAL,WE,Federal Contract Tower,0,15,11,0,26,2,73,81,5,161,2,88,92,5,187,72,0,72,259
07/08/2000,ENA,AK,AAL,WE,Federal Contract Tower,0,1,0,0,1,3,73,85,2,163,3,74,85,2,164,114,10,124,288
07/09/2000,ENA,AK,AAL,WE,Federal Contract Tower,0,3,2,0,5,0,65,48,0,113,0,68,50,0,118,52,0,52,170
07/10/2000,ENA,AK,AAL,WE,Federal Contract Tower,0,0,0,0,0,3,84,53,10,150,3,84,53,10,150,128,72,200,350
07/11/2000,ENA,AK,AAL,WE,Federal Contract Tower,0,0,0,0,0,6,113,72,16,207,6,113,72,16,207,120,46,166,373
07/12/2000,ENA,AK,AAL,WE,Federal Contract Tower,0,0,0,0,0,8,90,62,8,168,8,90,62,8,168,116,40,156,324
07/13/2000,ENA,AK,AAL,WE,Federal Contract Tower,0,30,20,0,50,1,80,20,4,105,1,110,40,4,155,56,2,58,213
07/14/2000,ENA,AK,AAL,WE,Federal Contract Tower,0,35,24,0,59,0,80,8,4,92,0,115,32,4,151,52,0,52,203
07/15/2000,ENA,AK,AAL,WE,Federal Contract Tower,0,0,0,0,0,0,70,63,0,133,0,70,63,0,133,70,0,70,203
07/16/2000,ENA,AK,AAL,WE,Federal Contract Tower,0,7,3,0,10,0,33,19,2,54,0,40,22,2,64,48,0,48,112
07/17/2000,ENA,AK,AAL,WE,Federal Contract Tower,0,0,0,0,0,1,91,43,12,147,1,91,43,12,147,100,84,184,331
07/18/2000,ENA,AK,AAL,WE,Federal Contract Tower,0,0,0,0,0,11,97,55,22,185,11,97,55,22,185,144,38,182,367
07/19/2000,ENA,AK,AAL,WE,Federal Contract Tower,0,0,0,0,0,0,104,86,6,196,0,104,86,6,196,110,14,124,320
07/20/2000,ENA,AK,AAL,WE,Federal Contract Tower,0,0,0,0,0,6,113,72,16,207,6,113,72,16,207,120,46,166,373
07/21/2000,ENA,AK,AAL,WE,Federal Contract Tower,0,2,0,0,2,0,123,35,1,159,0,125,35,1,161,102,8,110,271
07/22/2000,ENA,AK,AAL,WE,Federal Contract Tower,0,0,0,0,0,0,86,75,0,161,0,86,75,0,161,90,4,94,255
07/23/2000,ENA,AK,AAL,WE,Federal Contract Tower,0,0,0,0,0,2,69,59,0,130,2,69,59,0,130,90,0,90,220
07/24/2000,ENA,AK,AAL,WE,Federal Contract Tower,0,0,0,0,0,0,123,70,32,225,0,123,70,32,225,118,58,176,401
07/25/2000,ENA,AK,AAL,WE,Federal Contract Tower,0,0,0,0,0,0,110,85,8,203,0,110,85,8,203,162,42,204,407
07/26/2000,ENA,AK,AAL,WE,Federal Contract Tower,0,0,0,0,0,4,105,111,18,238,4,105,111,18,238,182,58,240,478
07/27/2000,ENA,AK,AAL,WE,Federal Contract Tower,0,0,0,0,0,0,114,62,10,186,0,114,62,10,186,110,22,132,318
07/28/2000,ENA,AK,AAL,WE,Federal Contract Tower,0,0,0,0,0,3,74,85,2,164,3,74,85,2,164,114,10,124,288
07/29/2000,ENA,AK,AAL,WE,Federal Contract Tower,0,0,0,0,0,0,82,38,0,120,0,82,38,0,120,112,0,112,232
07/30/2000,ENA,AK,AAL,WE,Federal Contract Tower,0,0,0,0,0,4,59,67,0,130,4,59,67,0,130,124,0,124,254
07/31/2000,ENA,AK,AAL,WE,Federal Contract Tower,0,0,0,0,0,2,82,59,8,151,2,82,59,8,151,162,55,217,368
08/01/2000,ENA,AK,AAL,WE,Federal Contract Tower,0,18,3,2,23,0,102,51,6,159,0,120,54,8,182,80,22,102,284
08/02/2000,ENA,AK,AAL,WE,Federal Contract Tower,0,25,4,2,31,0,57,24,12,93,0,82,28,14,124,54,32,86,210
08/03/2000,ENA,AK,AAL,WE,Federal Contract Tower,0,27,4,2,33,0,75,74,2,151,0,102,78,4,184,94,6,100,284
08/04/2000,ENA,AK,AAL,WE,Federal Contract Tower,1,31,4,3,39,1,74,73,9,157,2,105,77,12,196,54,28,82,278
08/05/2000,ENA,AK,AAL,WE,Federal Contract Tower,0,7,1,0,8,0,93,78,0,171,0,100,79,0,179,112,0,112,291
08/06/2000,ENA,AK,AAL,WE,Federal Contract Tower,0,7,0,0,7,0,83,72,0,155,0,90,72,0,162,96,0,96,258
08/07/2000,ENA,AK,AAL,WE,Federal Contract Tower,0,15,3,1,19,0,67,67,3,137,0,82,70,4,156,98,14,112,268
08/08/2000,ENA,AK,AAL,WE,Federal Contract Tower,0,12,2,1,15,0,92,87,6,185,0,104,89,7,200,98,4,102,302
08/09/2000,ENA,AK,AAL,WE,Federal Contract Tower,0,10,2,2,14,0,88,76,6,170,0,98,78,8,184,100,24,124,308
08/10/2000,ENA,AK,AAL,WE,Federal Contract Tower,0,15,3,2,20,0,84,87,0,171,0,99,90,2,191,88,18,106,297
08/11/2000,ENA,AK,AAL,WE,Federal Contract Tower,0,10,1,0,11,0,87,64,0,151,0,97,65,0,162,56,0,56,218
08/12/2000,ENA,AK,AAL,WE,Federal Contract Tower,0,10,2,0,12,15,86,64,0,165,15,96,66,0,177,94,0,94,271
08/13/2000,ENA,AK,AAL,WE,Federal Contract Tower,0,14,3,0,17,12,46,62,0,120,12,60,65,0,137,70,0,70,207
08/14/2000,ENA,AK,AAL,WE,Federal Contract Tower,0,35,6,5,46,7,55,60,11,133,7,90,66,16,179,70,86,156,335
08/15/2000,ENA,AK,AAL,WE,Federal Contract Tower,0,23,5,3,31,6,46,16,7,75,6,69,21,10,106,32,34,66,172
08/16/2000,ENA,AK,AAL,WE,Federal Contract Tower,0,13,2,2,17,1,89,128,4,222,1,102,130,6,239,136,30,166,405
08/17/2000,ENA,AK,AAL,WE,Federal Contract Tower,0,12,2,2,16,0,82,52,12,146,0,94,54,14,162,98,54,152,314
08/18/2000,ENA,AK,AAL,WE,Federal Contract Tower,0,12,2,2,16,0,106,53,1,160,0,118,55,3,176,58,6,64,240
08/19/2000,ENA,AK,AAL,WE,Federal Contract Tower,0,6,2,1,9,0,77,73,3,153,0,83,75,4,162,90,6,96,258
08/20/2000,ENA,AK,AAL,WE,Federal Contract Tower,0,11,1,0,12,0,54,43,0,97,0,65,44,0,109,70,0,70,179
08/21/2000,ENA,AK,AAL,WE,Federal Contract Tower,0,15,2,0,17,0,97,53,0,150,0,112,55,0,167,66,12,78,245
08/22/2000,ENA,AK,AAL,WE,Federal Contract Tower,0,13,1,2,16,0,88,52,16,156,0,101,53,18,172,58,26,84,256
08/23/2000,ENA,AK,AAL,WE,Federal Contract Tower,0,12,2,1,15,0,91,85,9,185,0,103,87,10,200,80,18,98,298
08/24/2000,ENA,AK,AAL,WE,Federal Contract Tower,0,19,3,2,24,0,82,55,4,141,0,101,58,6,165,86,22,108,273
08/25/2000,ENA,AK,AAL,WE,Federal Contract Tower,0,15,3,1,19,0,93,91,15,199,0,108,94,16,218,86,42,128,346
08/26/2000,ENA,AK,AAL,WE,Federal Contract Tower,0,8,2,0,10,0,62,62,0,124,0,70,64,0,134,88,0,88,222
08/27/2000,ENA,AK,AAL,WE,Federal Contract Tower,0,23,4,0,27,0,38,22,0,60,0,61,26,0,87,24,0,24,111
08/28/2000,ENA,AK,AAL,WE,Federal Contract Tower,0,27,5,2,34,0,84,50,6,140,0,111,55,8,174,82,20,102,276
08/29/2000,ENA,AK,AAL,WE,Federal Contract Tower,0,33,6,3,42,1,25,7,15,48,1,58,13,18,90,18,30,48,138
08/30/2000,ENA,AK,AAL,WE,Federal Contract Tower,0,12,2,1,15,0,71,62,13,146,0,83,64,14,161,78,28,106,267
08/31/2000,ENA,AK,AAL,WE,Federal Contract Tower,0,19,3,2,24,0,78,78,1,157,0,97,81,3,181,72,32,104,285
09/01/2000,ENA,AK,AAL,WE,Federal Contract Tower,0,41,9,3,53,0,49,63,1,113,0,90,72,4,166,68,12,80,246
09/02/2000,ENA,AK,AAL,WE,Federal Contract Tower,0,4,0,0,4,0,61,111,0,172,0,65,111,0,176,98,0,98,274
09/03/2000,ENA,AK,AAL,WE,Federal Contract Tower,0,6,2,0,8,0,29,42,0,71,0,35,44,0,79,48,0,48,127
09/04/2000,ENA,AK,AAL,WE,Federal Contract Tower,0,13,3,0,16,0,75,80,0,155,0,88,83,0,171,74,0,74,245
09/05/2000,ENA,AK,AAL,WE,Federal Contract Tower,0,16,3,2,21,0,78,19,2,99,0,94,22,4,120,38,24,62,182
09/06/2000,ENA,AK,AAL,WE,Federal Contract Tower,0,31,7,2,40,0,46,35,0,81,0,77,42,2,121,112,54,166,287
09/07/2000,ENA,AK,AAL,WE,Federal Contract Tower,0,22,5,3,30,0,53,38,1,92,0,75,43,4,122,96,28,124,246
09/08/2000,ENA,AK,AAL,WE,Federal Contract Tower,0,10,3,1,14,0,87,72,9,168,0,97,75,10,182,118,14,132,314
09/09/2000,ENA,AK,AAL,WE,Federal Contract Tower,0,5,1,0,6,0,73,97,0,170,0,78,98,0,176,102,0,102,278
09/10/2000,ENA,AK,AAL,WE,Federal Contract Tower,0,19,5,0,24,0,31,16,0,47,0,50,21,0,71,32,0,32,103
09/11/2000,ENA,AK,AAL,WE,Federal Contract Tower,0,19,5,2,26,0,83,55,6,144,0,102,60,8,170,68,30,98,268
09/12/2000,ENA,AK,AAL,WE,Federal Contract Tower,0,10,3,1,14,0,87,72,9,168,0,97,75,10,182,120,14,134,316
09/13/2000,ENA,AK,AAL,WE,Federal Contract Tower,0,23,5,3,31,0,67,32,18,117,0,90,37,21,148,64,52,116,264
09/14/2000,ENA,AK,AAL,WE,Federal Contract Tower,0,9,2,1,12,0,81,70,7,158,0,90,72,8,170,130,28,158,328
09/15/2000,ENA,AK,AAL,WE,Federal Contract Tower,0,11,2,1,14,0,81,32,3,116,0,92,34,4,130,70,0,70,200
09/16/2000,ENA,AK,AAL,WE,Federal Contract Tower,0,5,0,0,5,0,61,51,0,112,0,66,51,0,117,66,0,66,183
09/17/2000,ENA,AK,AAL,WE,Federal Contract Tower,0,0,0,0,0,6,60,57,0,123,6,60,57,0,123,74,0,74,197
09/18/2000,ENA,AK,AAL,WE,Federal Contract Tower,0,10,1,1,12,12,85,65,9,171,12,95,66,10,183,74,12,86,269
09/19/2000,ENA,AK,AAL,WE,Federal Contract Tower,0,12,1,2,15,0,106,74,2,182,0,118,75,4,197,68,18,86,283
09/20/2000,ENA,AK,AAL,WE,Federal Contract Tower,0,14,2,2,18,0,85,39,0,124,0,99,41,2,142,70,54,124,266
09/21/2000,ENA,AK,AAL,WE,Federal Contract Tower,0,17,4,1,22,2,45,11,2,60,2,62,15,3,82,44,22,66,148
09/22/2000,ENA,AK,AAL,WE,Federal Contract Tower,0,13,3,1,17,0,90,40,6,136,0,103,43,7,153,80,34,114,267
09/23/2000,ENA,AK,AAL,WE,Federal Contract Tower,0,24,5,0,29,0,26,30,0,56,0,50,35,0,85,32,0,32,117
09/24/2000,ENA,AK,AAL,WE,Federal Contract Tower,0,25,5,0,30,0,5,6,0,11,0,30,11,0,41,6,0,6,47
09/25/2000,ENA,AK,AAL,WE,Federal Contract Tower,0,36,7,0,43,0,1,23,0,24,0,37,30,0,67,22,0,22,89
09/26/2000,ENA,AK,AAL,WE,Federal Contract Tower,0,11,3,0,14,4,91,76,2,173,4,102,79,2,187,106,26,132,319
09/27/2000,ENA,AK,AAL,WE,Federal Contract Tower,0,20,5,1,26,0,68,24,7,99,0,88,29,8,125,64,56,120,245
09/28/2000,ENA,AK,AAL,WE,Federal Contract Tower,0,11,3,0,14,2,78,47,6,133,2,89,50,6,147,62,14,76,223
09/29/2000,ENA,AK,AAL,WE,Federal Contract Tower,0,9,2,0,11,0,87,48,0,135,0,96,50,0,146,122,0,122,268
09/30/2000,ENA,AK,AAL,WE,Federal Contract Tower,0,6,1,0,7,0,38,46,2,86,0,44,47,2,93,82,18,100,193
10/01/2000,ENA,AK,AAL,WE,Federal Contract Tower,0,2,0,0,2,0,53,64,0,117,0,55,64,0,119,132,0,132,251
10/02/2000,ENA,AK,AAL,WE,Federal Contract Tower,1,23,5,0,29,3,47,21,0,71,4,70,26,0,100,40,26,66,166
10/03/2000,ENA,AK,AAL,WE,Federal Contract Tower,0,24,5,3,32,0,47,32,1,80,0,71,37,4,112,52,28,80,192
10/04/2000,ENA,AK,AAL,WE,Federal Contract Tower,0,17,3,2,22,0,41,10,8,59,0,58,13,10,81,72,60,132,213
10/05/2000,ENA,AK,AAL,WE,Federal Contract Tower,0,29,6,3,38,0,35,16,5,56,0,64,22,8,94,80,20,100,194
10/06/2000,ENA,AK,AAL,WE,Federal Contract Tower,1,37,4,2,44,0,39,10,0,49,1,76,14,2,93,24,2,26,119
10/07/2000,ENA,AK,AAL,WE,Federal Contract Tower,0,8,1,0,9,7,52,20,0,79,7,60,21,0,88,42,0,42,130
10/08/2000,ENA,AK,AAL,WE,Federal Contract Tower,0,14,3,0,17,4,37,32,0,73,4,51,35,0,90,38,0,38,128
10/09/2000,ENA,AK,AAL,WE,Federal Contract Tower,0,15,3,0,18,15,73,55,0,143,15,88,58,0,161,66,0,66,227
10/10/2000,ENA,AK,AAL,WE,Federal Contract Tower,0,25,4,0,29,4,15,0,0,19,4,40,4,0,48,2,0,2,50
10/11/2000,ENA,AK,AAL,WE,Federal Contract Tower,0,8,2,0,10,3,58,41,4,106,3,66,43,4,116,76,10,86,202
10/12/2000,ENA,AK,AAL,WE,Federal Contract Tower,0,15,3,0,18,7,68,37,0,112,7,83,40,0,130,34,6,40,170
10/13/2000,ENA,AK,AAL,WE,Federal Contract Tower,0,13,3,0,16,0,66,31,2,99,0,79,34,2,115,48,26,74,189
10/14/2000,ENA,AK,AAL,WE,Federal Contract Tower,0,6,0,0,6,0,48,34,0,82,0,54,34,0,88,26,0,26,114
10/15/2000,ENA,AK,AAL,WE,Federal Contract Tower,0,7,1,0,8,0,21,10,2,33,0,28,11,2,41,24,16,40,81
10/16/2000,ENA,AK,AAL,WE,Federal Contract Tower,0,12,2,0,14,7,59,12,8,86,7,71,14,8,100,72,60,132,232
10/17/2000,ENA,AK,AAL,WE,Federal Contract Tower,0,11,2,0,13,6,61,22,2,91,6,72,24,2,104,32,44,76,180
10/18/2000,ENA,AK,AAL,WE,Federal Contract Tower,0,14,3,0,17,7,45,31,12,95,7,59,34,12,112,16,32,48,160
10/19/2000,ENA,AK,AAL,WE,Federal Contract Tower,0,12,2,0,14,8,47,23,0,78,8,59,25,0,92,38,0,38,130
10/20/2000,ENA,AK,AAL,WE,Federal Contract Tower,0,6,0,0,6,2,75,54,4,135,2,81,54,4,141,54,6,60,201
10/21/2000,ENA,AK,AAL,WE,Federal Contract Tower,0,5,0,0,5,3,28,28,0,59,3,33,28,0,64,14,0,14,78
10/22/2000,ENA,AK,AAL,WE,Federal Contract Tower,0,28,6,0,34,0,0,9,0,9,0,28,15,0,43,4,0,4,47
10/23/2000,ENA,AK,AAL,WE,Federal Contract Tower,0,17,4,2,23,0,50,33,18,101,0,67,37,20,124,40,32,72,196
10/24/2000,ENA,AK,AAL,WE,Federal Contract Tower,0,18,4,2,24,0,16,8,0,24,0,34,12,2,48,10,26,36,84
10/25/2000,ENA,AK,AAL,WE,Federal Contract Tower,0,23,5,2,30,2,46,16,6,70,2,69,21,8,100,34,82,116,216
10/26/2000,ENA,AK,AAL,WE,Federal Contract Tower,0,20,4,1,25,0,55,31,0,86,0,75,35,1,111,24,30,54,165
10/27/2000,ENA,AK,AAL,WE,Federal Contract Tower,0,7,1,0,8,0,73,49,0,122,0,80,50,0,130,42,0,42,172
10/28/2000,ENA,AK,AAL,WE,Federal Contract Tower,0,6,0,0,6,0,42,54,0,96,0,48,54,0,102,76,0,76,178
10/29/2000,ENA,AK,AAL,WE,Federal Contract Tower,0,14,1,0,15,0,15,0,0,15,0,29,1,0,30,6,0,6,36
10/30/2000,ENA,AK,AAL,WE,Federal Contract Tower,0,32,3,0,35,0,7,1,0,8,0,39,4,0,43,0,0,0,43
10/31/2000,ENA,AK,AAL,WE,Federal Contract Tower,0,27,0,0,27,0,49,0,0,49,0,76,0,0,76,0,0,0,76
11/01/2000,ENA,AK,AAL,WE,Federal Contract Tower,0,19,2,0,21,0,27,27,2,56,0,46,29,2,77,16,42,58,135
11/02/2000,ENA,AK,AAL,WE,Federal Contract Tower,0,18,2,0,20,0,44,40,10,94,0,62,42,10,114,34,22,56,170
11/03/2000,ENA,AK,AAL,WE,Federal Contract Tower,0,12,0,0,12,0,79,51,8,138,0,91,51,8,150,102,18,120,270
11/04/2000,ENA,AK,AAL,WE,Federal Contract Tower,0,5,0,0,5,0,38,21,0,59,0,43,21,0,64,52,0,52,116
11/05/2000,ENA,AK,AAL,WE,Federal Contract Tower,0,15,3,0,18,0,10,8,0,18,0,25,11,0,36,8,0,8,44
11/06/2000,ENA,AK,AAL,WE,Federal Contract Tower,0,18,2,0,20,2,40,8,4,54,2,58,10,4,74,34,24,58,132
11/07/2000,ENA,AK,AAL,WE,Federal Contract Tower,0,9,1,0,10,3,68,42,6,119,3,77,43,6,129,82,48,130,259
11/08/2000,ENA,AK,AAL,WE,Federal Contract Tower,0,5,0,1,6,15,68,26,3,112,15,73,26,4,118,50,18,68,186
11/09/2000,ENA,AK,AAL,WE,Federal Contract Tower,0,21,2,1,24,4,35,6,1,46,4,56,8,2,70,10,2,12,82
11/10/2000,ENA,AK,AAL,WE,Federal Contract Tower,0,26,2,0,28,0,46,10,0,56,0,72,12,0,84,14,0,14,98
11/11/2000,ENA,AK,AAL,WE,Federal Contract Tower,0,0,0,0,0,1,41,32,0,74,1,41,32,0,74,34,0,34,108
11/12/2000,ENA,AK,AAL,WE,Federal Contract Tower,0,18,1,0,19,2,14,14,0,30,2,32,15,0,49,62,0,62,111
11/13/2000,ENA,AK,AAL,WE,Federal Contract Tower,0,19,2,0,21,0,30,5,0,35,0,49,7,0,56,2,12,14,70
11/14/2000,ENA,AK,AAL,WE,Federal Contract Tower,0,13,0,1,14,0,68,16,11,95,0,81,16,12,109,10,32,42,151
11/15/2000,ENA,AK,AAL,WE,Federal Contract Tower,0,16,1,0,17,4,52,19,0,75,4,68,20,0,92,52,0,52,144
11/16/2000,ENA,AK,AAL,WE,Federal Contract Tower,0,9,0,1,10,0,47,18,3,68,0,56,18,4,78,26,0,26,104
11/17/2000,ENA,AK,AAL,WE,Federal Contract Tower,0,15,1,1,17,0,43,17,7,67,0,58,18,8,84,12,24,36,120
11/18/2000,ENA,AK,AAL,WE,Federal Contract Tower,0,7,0,0,7,0,33,12,0,45,0,40,12,0,52,40,0,40,92
11/19/2000,ENA,AK,AAL,WE,Federal Contract Tower,0,15,0,0,15,0,21,4,0,25,0,36,4,0,40,16,0,16,56
11/20/2000,ENA,AK,AAL,WE,Federal Contract Tower,0,18,1,1,20,2,54,18,0,74,2,72,19,1,94,52,8,60,154
11/21/2000,ENA,AK,AAL,WE,Federal Contract Tower,0,18,1,0,19,4,40,21,0,65,4,58,22,0,84,30,34,64,148
11/22/2000,ENA,AK,AAL,WE,Federal Contract Tower,0,14,0,0,14,5,71,41,12,129,5,85,41,12,143,68,52,120,263
11/23/2000,ENA,AK,AAL,WE,Federal Contract Tower,0,8,0,0,8,0,14,12,0,26,0,22,12,0,34,40,0,40,74
11/24/2000,ENA,AK,AAL,WE,Federal Contract Tower,0,14,0,0,14,0,31,12,4,47,0,45,12,4,61,22,8,30,91
11/25/2000,ENA,AK,AAL,WE,Federal Contract Tower,0,23,2,0,25,0,33,21,0,54,0,56,23,0,79,48,0,48,127
11/26/2000,ENA,AK,AAL,WE,Federal Contract Tower,0,6,0,0,6,0,36,13,0,49,0,42,13,0,55,10,0,10,65
11/27/2000,ENA,AK,AAL,WE,Federal Contract Tower,0,7,0,0,7,0,54,22,2,78,0,61,22,2,85,30,30,60,145
11/28/2000,ENA,AK,AAL,WE,Federal Contract Tower,0,31,3,0,34,0,21,7,4,32,0,52,10,4,66,30,8,38,104
11/29/2000,ENA,AK,AAL,WE,Federal Contract Tower,0,31,3,0,34,0,27,8,0,35,0,58,11,0,69,18,0,18,87
11/30/2000,ENA,AK,AAL,WE,Federal Contract Tower,0,45,3,1,49,0,36,16,1,53,0,81,19,2,102,30,12,42,144
12/01/2000,ENA,AK,AAL,WE,Federal Contract Tower,0,7,0,0,7,0,62,15,10,87,0,69,15,10,94,42,12,54,148
12/02/2000,ENA,AK,AAL,WE,Federal Contract Tower,0,11,2,0,13,0,26,11,0,37,0,37,13,0,50,56,0,56,106
12/03/2000,ENA,AK,AAL,WE,Federal Contract Tower,0,12,2,0,14,0,20,10,2,32,0,32,12,2,46,12,16,28,74
12/04/2000,ENA,AK,AAL,WE,Federal Contract Tower,0,15,1,3,19,0,52,16,5,73,0,67,17,8,92,36,36,72,164
12/05/2000,ENA,AK,AAL,WE,Federal Contract Tower,0,23,4,2,29,0,29,6,4,39,0,52,10,6,68,4,34,38,106
12/06/2000,ENA,AK,AAL,WE,Federal Contract Tower,0,14,2,0,16,0,36,16,10,62,0,50,18,10,78,42,56,98,176
12/07/2000,ENA,AK,AAL,WE,Federal Contract Tower,0,48,7,4,59,0,6,21,2,29,0,54,28,6,88,18,6,24,112
12/08/2000,ENA,AK,AAL,WE,Federal Contract Tower,0,49,5,0,54,0,7,0,0,7,0,56,5,0,61,0,0,0,61
12/09/2000,ENA,AK,AAL,WE,Federal Contract Tower,0,19,0,0,19,0,9,0,0,9,0,28,0,0,28,0,0,0,28
12/10/2000,ENA,AK,AAL,WE,Federal Contract Tower,0,0,0,0,0,0,24,6,0,30,0,24,6,0,30,16,0,16,46
12/11/2000,ENA,AK,AAL,WE,Federal Contract Tower,0,24,4,2,30,8,23,12,6,49,8,47,16,8,79,30,12,42,121
12/12/2000,ENA,AK,AAL,WE,Federal Contract Tower,0,18,2,2,22,0,36,22,2,60,0,54,24,4,82,36,18,54,136
12/13/2000,ENA,AK,AAL,WE,Federal Contract Tower,0,19,2,2,23,0,43,34,4,81,0,62,36,6,104,48,18,66,170
12/14/2000,ENA,AK,AAL,WE,Federal Contract Tower,0,21,3,2,26,0,51,31,12,94,0,72,34,14,120,48,56,104,224
12/15/2000,ENA,AK,AAL,WE,Federal Contract Tower,0,10,2,0,12,0,43,11,0,54,0,53,13,0,66,20,0,20,86
12/16/2000,ENA,AK,AAL,WE,Federal Contract Tower,0,9,0,0,9,0,35,28,0,63,0,44,28,0,72,36,0,36,108
12/17/2000,ENA,AK,AAL,WE,Federal Contract Tower,0,9,1,0,10,0,12,6,0,18,0,21,7,0,28,21,0,21,49
12/18/2000,ENA,AK,AAL,WE,Federal Contract Tower,0,25,3,0,28,0,37,13,0,50,0,62,16,0,78,34,0,34,112
12/19/2000,ENA,AK,AAL,WE,Federal Contract Tower,0,20,2,2,24,0,11,12,4,27,0,31,14,6,51,32,18,50,101
12/20/2000,ENA,AK,AAL,WE,Federal Contract Tower,0,16,2,0,18,0,39,24,2,65,0,55,26,2,83,34,4,38,121
12/21/2000,ENA,AK,AAL,WE,Federal Contract Tower,0,16,1,2,19,0,51,59,4,114,0,67,60,6,133,64,10,74,207
12/22/2000,ENA,AK,AAL,WE,Federal Contract Tower,0,11,2,0,13,0,50,28,8,86,0,61,30,8,99,64,18,82,181
12/23/2000,ENA,AK,AAL,WE,Federal Contract Tower,0,10,1,0,11,0,32,18,0,50,0,42,19,0,61,10,0,10,71
12/24/2000,ENA,AK,AAL,WE,Federal Contract Tower,0,7,0,0,7,0,30,9,0,39,0,37,9,0,46,14,0,14,60
12/25/2000,ENA,AK,AAL,WE,Federal Contract Tower,0,0,0,0,0,0,30,7,0,37,0,30,7,0,37,0,0,0,37
12/26/2000,ENA,AK,AAL,WE,Federal Contract Tower,0,9,1,0,10,0,45,7,6,58,0,54,8,6,68,14,6,20,88
12/27/2000,ENA,AK,AAL,WE,Federal Contract Tower,0,12,2,0,14,0,36,19,4,59,0,48,21,4,73,56,34,90,163
12/28/2000,ENA,AK,AAL,WE,Federal Contract Tower,0,12,2,0,14,0,58,28,6,92,0,70,30,6,106,74,26,100,206
12/29/2000,ENA,AK,AAL,WE,Federal Contract Tower,0,23,2,2,27,7,31,9,4,51,7,54,11,6,78,34,10,44,122
12/30/2000,ENA,AK,AAL,WE,Federal Contract Tower,0,9,1,0,10,0,29,25,0,54,0,38,26,0,64,60,0,60,124
12/31/2000,ENA,AK,AAL,WE,Federal Contract Tower,0,2,0,0,2,0,23,18,0,41,0,25,18,0,43,4,0,4,47
01/01/2001,ENA,AK,AAL,WE,Federal Contract Tower,0,13,0,0,13,0,4,10,0,14,0,17,10,0,27,0,0,0,27
01/02/2001,ENA,AK,AAL,WE,Federal Contract Tower,0,22,3,1,26,0,46,23,15,84,0,68,26,16,110,24,42,66,176
01/03/2001,ENA,AK,AAL,WE,Federal Contract Tower,0,14,3,0,17,0,48,29,10,87,0,62,32,10,104,60,58,118,222
01/04/2001,ENA,AK,AAL,WE,Federal Contract Tower,1,28,4,1,34,5,33,14,11,63,6,61,18,12,97,38,42,80,177
01/05/2001,ENA,AK,AAL,WE,Federal Contract Tower,0,19,2,0,21,0,63,30,10,103,0,82,32,10,124,66,32,98,222
01/06/2001,ENA,AK,AAL,WE,Federal Contract Tower,0,0,0,0,0,0,22,2,6,30,0,22,2,6,30,22,12,34,64
01/07/2001,ENA,AK,AAL,WE,Federal Contract Tower,0,14,0,0,14,0,5,2,2,9,0,19,2,2,23,0,0,0,23
01/08/2001,ENA,AK,AAL,WE,Federal Contract Tower,0,18,2,0,20,0,31,4,6,41,0,49,6,6,61,0,22,22,83
01/09/2001,ENA,AK,AAL,WE,Federal Contract Tower,1,37,3,3,44,1,11,9,7,28,2,48,12,10,72,0,12,12,84
01/10/2001,ENA,AK,AAL,WE,Federal Contract Tower,1,14,0,0,15,6,34,36,10,86,7,48,36,10,101,26,24,50,151
01/11/2001,ENA,AK,AAL,WE,Federal Contract Tower,0,21,2,3,26,2,29,4,5,40,2,50,6,8,66,4,12,16,82
01/12/2001,ENA,AK,AAL,WE,Federal Contract Tower,0,28,3,0,31,6,56,3,0,65,6,84,6,0,96,36,0,36,132
01/13/2001,ENA,AK,AAL,WE,Federal Contract Tower,0,11,0,1,12,0,31,18,1,50,0,42,18,2,62,20,8,28,90
01/14/2001,ENA,AK,AAL,WE,Federal Contract Tower,0,10,0,0,10,0,1,6,0,7,0,11,6,0,17,6,0,6,23
01/15/2001,ENA,AK,AAL,WE,Federal Contract Tower,0,16,2,0,18,2,34,2,0,38,2,50,4,0,56,14,0,14,70
01/16/2001,ENA,AK,AAL,WE,Federal Contract Tower,0,13,0,0,13,0,53,34,4,91,0,66,34,4,104,58,8,66,170
01/17/2001,ENA,AK,AAL,WE,Federal Contract Tower,0,22,2,2,26,0,42,22,4,68,0,64,24,6,94,54,42,96,190
01/18/2001,ENA,AK,AAL,WE,Federal Contract Tower,0,21,2,0,23,0,24,8,0,32,0,45,10,0,55,40,0,40,95
01/19/2001,ENA,AK,AAL,WE,Federal Contract Tower,0,21,2,0,23,2,67,37,8,114,2,88,39,8,137,52,18,70,207
01/20/2001,ENA,AK,AAL,WE,Federal Contract Tower,0,6,0,0,6,0,42,24,0,66,0,48,24,0,72,36,0,36,108
01/21/2001,ENA,AK,AAL,WE,Federal Contract Tower,0,9,0,0,9,0,21,13,0,34,0,30,13,0,43,32,0,32,75
01/22/2001,ENA,AK,AAL,WE,Federal Contract Tower,0,14,0,0,14,0,30,6,6,42,0,44,6,6,56,14,30,44,100
01/23/2001,ENA,AK,AAL,WE,Federal Contract Tower,0,21,2,0,23,8,43,16,6,73,8,64,18,6,96,32,22,54,150
01/24/2001,ENA,AK,AAL,WE,Federal Contract Tower,0,12,0,0,12,0,42,14,10,66,0,54,14,10,78,34,42,76,154
01/25/2001,ENA,AK,AAL,WE,Federal Contract Tower,0,11,0,0,11,0,50,18,6,74,0,61,18,6,85,44,20,64,149
01/26/2001,ENA,AK,AAL,WE,Federal Contract Tower,0,28,2,2,32,0,49,25,4,78,0,77,27,6,110,34,36,70,180
01/27/2001,ENA,AK,AAL,WE,Federal Contract Tower,0,11,0,0,11,0,17,25,0,42,0,28,25,0,53,54,2,56,109
01/28/2001,ENA,AK,AAL,WE,Federal Contract Tower,0,14,0,0,14,0,15,11,1,27,0,29,11,1,41,8,0,8,49
01/29/2001,ENA,AK,AAL,WE,Federal Contract Tower,0,23,2,2,27,0,51,2,14,67,0,74,4,16,94,18,62,80,174
01/30/2001,ENA,AK,AAL,WE,Federal Contract Tower,0,30,3,0,33,0,28,7,0,35,0,58,10,0,68,38,0,38,106
01/31/2001,ENA,AK,AAL,WE,Federal Contract Tower,0,27,2,0,29,0,13,3,0,16,0,40,5,0,45,0,0,0,45
02/01/2001,ENA,AK,AAL,WE,Federal Contract Tower,0,6,0,0,6,0,58,11,8,77,0,64,11,8,83,14,28,42,125
02/02/2001,ENA,AK,AAL,WE,Federal Contract Tower,0,41,4,3,48,0,49,15,1,65,0,90,19,4,113,14,2,16,129
02/03/2001,ENA,AK,AAL,WE,Federal Contract Tower,0,18,3,0,21,0,14,11,0,25,0,32,14,0,46,0,0,0,46
02/04/2001,ENA,AK,AAL,WE,Federal Contract Tower,0,11,0,0,11,0,7,4,0,11,0,18,4,0,22,10,0,10,32
02/05/2001,ENA,AK,AAL,WE,Federal Contract Tower,0,21,2,1,24,0,44,18,13,75,0,65,20,14,99,32,54,86,185
02/06/2001,ENA,AK,AAL,WE,Federal Contract Tower,0,22,2,1,25,0,10,4,1,15,0,32,6,2,40,10,8,18,58
02/07/2001,ENA,AK,AAL,WE,Federal Contract Tower,0,21,2,1,24,0,21,6,7,34,0,42,8,8,58,24,26,50,108
02/08/2001,ENA,AK,AAL,WE,Federal Contract Tower,0,32,2,2,36,0,25,10,0,35,0,57,12,2,71,6,6,12,83
02/09/2001,ENA,AK,AAL,WE,Federal Contract Tower,0,35,3,3,41,0,46,17,1,64,0,81,20,4,105,6,2,8,113
02/10/2001,ENA,AK,AAL,WE,Federal Contract Tower,0,18,0,0,18,0,18,12,0,30,0,36,12,0,48,42,0,42,90
02/11/2001,ENA,AK,AAL,WE,Federal Contract Tower,0,12,0,0,12,0,0,1,0,1,0,12,1,0,13,0,0,0,13
02/12/2001,ENA,AK,AAL,WE,Federal Contract Tower,0,28,2,2,32,0,24,4,0,28,0,52,6,2,60,0,0,0,60
02/13/2001,ENA,AK,AAL,WE,Federal Contract Tower,0,18,1,0,19,4,38,24,4,70,4,56,25,4,89,58,18,76,165
02/14/2001,ENA,AK,AAL,WE,Federal Contract Tower,0,19,1,0,20,2,48,17,10,77,2,67,18,10,97,36,22,58,155
02/15/2001,ENA,AK,AAL,WE,Federal Contract Tower,0,19,2,0,21,6,52,13,15,86,6,71,15,15,107,32,26,58,165
02/16/2001,ENA,AK,AAL,WE,Federal Contract Tower,0,22,2,0,24,0,32,17,0,49,0,54,19,0,73,48,0,48,121
02/17/2001,ENA,AK,AAL,WE,Federal Contract Tower,0,10,0,0,10,0,30,54,0,84,0,40,54,0,94,64,0,64,158
02/18/2001,ENA,AK,AAL,WE,Federal Contract Tower,0,12,0,0,12,0,26,22,0,48,0,38,22,0,60,50,0,50,110
02/19/2001,ENA,AK,AAL,WE,Federal Contract Tower,0,13,0,0,13,0,63,26,0,89,0,76,26,0,102,68,0,68,170
02/20/2001,ENA,AK,AAL,WE,Federal Contract Tower,0,22,2,0,24,0,26,18,12,56,0,48,20,12,80,54,34,88,168
02/21/2001,ENA,AK,AAL,WE,Federal Contract Tower,0,25,1,3,29,0,21,14,1,36,0,46,15,4,65,32,4,36,101
02/22/2001,ENA,AK,AAL,WE,Federal Contract Tower,0,34,2,0,36,0,38,16,0,54,0,72,18,0,90,28,0,28,118
02/23/2001,ENA,AK,AAL,WE,Federal Contract Tower,0,23,1,0,24,0,39,35,0,74,0,62,36,0,98,48,0,48,146
02/24/2001,ENA,AK,AAL,WE,Federal Contract Tower,0,15,0,0,15,14,23,34,0,71,14,38,34,0,86,44,0,44,130
02/25/2001,ENA,AK,AAL,WE,Federal Contract Tower,0,17,0,0,17,0,17,9,0,26,0,34,9,0,43,6,0,6,49
02/26/2001,ENA,AK,AAL,WE,Federal Contract Tower,0,19,1,0,20,0,63,29,2,94,0,82,30,2,114,60,14,74,188
02/27/2001,ENA,AK,AAL,WE,Federal Contract Tower,0,20,2,0,22,4,18,4,10,36,4,38,6,10,58,6,22,28,86
02/28/2001,ENA,AK,AAL,WE,Federal Contract Tower,0,15,0,0,15,8,57,24,6,95,8,72,24,6,110,82,34,116,226
03/01/2001,ENA,AK,AAL,WE,Federal Contract Tower,0,40,4,0,44,0,13,2,0,15,0,53,6,0,59,0,0,0,59
03/02/2001,ENA,AK,AAL,WE,Federal Contract Tower,1,15,2,0,18,1,58,74,0,133,2,73,76,0,151,98,0,98,249
03/03/2001,ENA,AK,AAL,WE,Federal Contract Tower,0,3,0,0,3,0,35,22,0,57,0,38,22,0,60,20,0,20,80
03/04/2001,ENA,AK,AAL,WE,Federal Contract Tower,1,2,0,0,3,1,32,6,0,39,2,34,6,0,42,30,0,30,72
03/05/2001,ENA,AK,AAL,WE,Federal Contract Tower,0,14,2,0,16,0,32,6,2,40,0,46,8,2,56,18,26,44,100
03/06/2001,ENA,AK,AAL,WE,Federal Contract Tower,0,13,2,0,15,0,32,6,8,46,0,45,8,8,61,4,28,32,93
03/07/2001,ENA,AK,AAL,WE,Federal Contract Tower,0,20,3,0,23,0,50,22,2,74,0,70,25,2,97,16,2,18,115
03/08/2001,ENA,AK,AAL,WE,Federal Contract Tower,0,28,4,1,33,0,37,18,1,56,0,65,22,2,89,24,18,42,131
03/09/2001,ENA,AK,AAL,WE,Federal Contract Tower,0,40,4,0,44,0,12,2,0,14,0,52,6,0,58,0,0,0,58
03/10/2001,ENA,AK,AAL,WE,Federal Contract Tower,0,16,2,0,18,0,14,6,0,20,0,30,8,0,38,12,0,12,50
03/11/2001,ENA,AK,AAL,WE,Federal Contract Tower,0,16,2,0,18,2,6,7,0,15,2,22,9,0,33,10,0,10,43
03/12/2001,ENA,AK,AAL,WE,Federal Contract Tower,0,16,2,1,19,0,58,24,1,83,0,74,26,2,102,2,2,4,106
03/13/2001,ENA,AK,AAL,WE,Federal Contract Tower,0,13,1,0,14,0,62,27,0,89,0,75,28,0,103,44,0,44,147
03/14/2001,ENA,AK,AAL,WE,Federal Contract Tower,0,15,2,1,18,0,45,10,13,68,0,60,12,14,86,22,64,86,172
03/15/2001,ENA,AK,AAL,WE,Federal Contract Tower,0,21,3,0,24,0,41,34,0,75,0,62,37,0,99,30,0,30,129
03/16/2001,ENA,AK,AAL,WE,Federal Contract Tower,0,10,1,0,11,0,52,53,0,105,0,62,54,0,116,86,0,86,202
03/17/2001,ENA,AK,AAL,WE,Federal Contract Tower,0,11,1,1,13,0,43,61,7,111,0,54,62,8,124,72,14,86,210
03/18/2001,ENA,AK,AAL,WE,Federal Contract Tower,0,7,0,0,7,0,23,20,0,43,0,30,20,0,50,10,0,10,60
03/19/2001,ENA,AK,AAL,WE,Federal Contract Tower,0,11,1,0,12,14,51,23,0,88,14,62,24,0,100,38,0,38,138
03/20/2001,ENA,AK,AAL,WE,Federal Contract Tower,0,14,1,0,15,0,35,25,6,66,0,49,26,6,81,30,22,52,133
03/21/2001,ENA,AK,AAL,WE,Federal Contract Tower,0,14,1,0,15,14,30,27,4,75,14,44,28,4,90,46,14,60,150
03/22/2001,ENA,AK,AAL,WE,Federal Contract Tower,0,15,1,0,16,0,45,32,6,83,0,60,33,6,99,38,20,58,157
03/23/2001,ENA,AK,AAL,WE,Federal Contract Tower,0,11,1,0,12,0,46,23,2,71,0,57,24,2,83,16,6,22,105
03/24/2001,ENA,AK,AAL,WE,Federal Contract Tower,0,17,2,0,19,0,23,24,2,49,0,40,26,2,68,40,0,40,108
03/25/2001,ENA,AK,AAL,WE,Federal Contract Tower,0,9,0,0,9,0,23,12,0,35,0,32,12,0,44,20,0,20,64
03/26/2001,ENA,AK,AAL,WE,Federal Contract Tower,0,22,2,0,24,0,52,40,6,98,0,74,42,6,122,56,24,80,202
03/27/2001,ENA,AK,AAL,WE,Federal Contract Tower,0,15,2,0,17,4,25,35,16,80,4,40,37,16,97,90,64,154,251
03/28/2001,ENA,AK,AAL,WE,Federal Contract Tower,0,16,2,0,18,3,29,24,0,56,3,45,26,0,74,74,0,74,148
03/29/2001,ENA,AK,AAL,WE,Federal Contract Tower,0,37,4,0,41,0,19,15,0,34,0,56,19,0,75,36,0,36,111
03/30/2001,ENA,AK,AAL,WE,Federal Contract Tower,0,37,4,0,41,0,6,0,0,6,0,43,4,0,47,2,0,2,49
03/31/2001,ENA,AK,AAL,WE,Federal Contract Tower,0,5,0,0,5,2,51,48,0,101,2,56,48,0,106,24,0,24,130
04/01/2001,ENA,AK,AAL,WE,Federal Contract Tower,0,8,0,0,8,0,27,58,0,85,0,35,58,0,93,38,0,38,131
04/02/2001,ENA,AK,AAL,WE,Federal Contract Tower,0,19,3,2,24,0,43,29,6,78,0,62,32,8,102,34,22,56,158
04/03/2001,ENA,AK,AAL,WE,Federal Contract Tower,0,27,2,0,29,0,19,12,2,33,0,46,14,2,62,18,6,24,86
04/04/2001,ENA,AK,AAL,WE,Federal Contract Tower,0,14,0,0,14,0,42,12,8,62,0,56,12,8,76,24,32,56,132
04/05/2001,ENA,AK,AAL,WE,Federal Contract Tower,0,11,0,0,11,0,52,47,10,109,0,63,47,10,120,48,44,92,212
04/06/2001,ENA,AK,AAL,WE,Federal Contract Tower,0,35,10,2,47,0,23,1,0,24,0,58,11,2,71,38,0,38,109
04/07/2001,ENA,AK,AAL,WE,Federal Contract Tower,0,18,1,0,19,0,50,41,0,91,0,68,42,0,110,54,0,54,164
04/08/2001,ENA,AK,AAL,WE,Federal Contract Tower,0,11,1,0,12,0,30,28,0,58,0,41,29,0,70,32,0,32,102
04/09/2001,ENA,AK,AAL,WE,Federal Contract Tower,0,12,4,0,16,0,58,46,12,116,0,70,50,12,132,112,52,164,296
04/10/2001,ENA,AK,AAL,WE,Federal Contract Tower,0,19,1,0,20,0,63,33,8,104,0,82,34,8,124,120,28,148,272
04/11/2001,ENA,AK,AAL,WE,Federal Contract Tower,0,12,0,1,13,0,44,20,13,77,0,56,20,14,90,68,48,116,206
04/12/2001,ENA,AK,AAL,WE,Federal Contract Tower,0,20,1,3,24,0,42,46,9,97,0,62,47,12,121,80,28,108,229
04/13/2001,ENA,AK,AAL,WE,Federal Contract Tower,0,14,2,0,16,0,48,52,0,100,0,62,54,0,116,108,0,108,224
04/14/2001,ENA,AK,AAL,WE,Federal Contract Tower,0,14,1,0,15,0,66,67,2,135,0,80,68,2,150,82,6,88,238
04/15/2001,ENA,AK,AAL,WE,Federal Contract Tower,0,8,2,0,10,0,19,15,0,34,0,27,17,0,44,12,0,12,56
04/16/2001,ENA,AK,AAL,WE,Federal Contract Tower,0,12,9,0,21,0,50,17,2,69,0,62,26,2,90,32,14,46,136
04/17/2001,ENA,AK,AAL,WE,Federal Contract Tower,0,19,3,4,26,0,46,41,4,91,0,65,44,8,117,44,32,76,193
04/18/2001,ENA,AK,AAL,WE,Federal Contract Tower,0,13,1,0,14,2,39,21,0,62,2,52,22,0,76,52,0,52,128
04/19/2001,ENA,AK,AAL,WE,Federal Contract Tower,0,16,1,0,17,4,43,46,2,95,4,59,47,2,112,90,12,102,214
04/20/2001,ENA,AK,AAL,WE,Federal Contract Tower,1,8,4,1,14,1,60,54,14,129,2,68,58,15,143,84,76,160,303
04/21/2001,ENA,AK,AAL,WE,Federal Contract Tower,0,4,1,0,5,0,38,61,0,99,0,42,62,0,104,56,0,56,160
04/22/2001,ENA,AK,AAL,WE,Federal Contract Tower,0,4,0,0,4,0,27,21,0,48,0,31,21,0,52,6,0,6,58
04/23/2001,ENA,AK,AAL,WE,Federal Contract Tower,0,18,1,2,21,0,42,43,4,89,0,60,44,6,110,48,46,94,204
04/24/2001,ENA,AK,AAL,WE,Federal Contract Tower,0,16,3,0,19,4,56,50,0,110,4,72,53,0,129,62,0,62,191
04/25/2001,ENA,AK,AAL,WE,Federal Contract Tower,0,9,4,2,15,0,38,31,6,75,0,47,35,8,90,54,8,62,152
04/26/2001,ENA,AK,AAL,WE,Federal Contract Tower,0,13,1,0,14,2,59,47,6,114,2,72,48,6,128,78,34,112,240
04/27/2001,ENA,AK,AAL,WE,Federal Contract Tower,2,25,3,0,30,1,34,44,0,79,3,59,47,0,109,76,0,76,185
04/28/2001,ENA,AK,AAL,WE,Federal Contract Tower,1,9,1,0,11,2,39,53,0,94,3,48,54,0,105,86,0,86,191
04/29/2001,ENA,AK,AAL,WE,Federal Contract Tower,0,2,2,0,4,0,38,47,0,85,0,40,49,0,89,40,0,40,129
04/30/2001,ENA,AK,AAL,WE,Federal Contract Tower,0,18,2,0,20,0,62,41,6,109,0,80,43,6,129,58,20,78,207
05/01/2001,ENA,AK,AAL,WE,Federal Contract Tower,0,19,1,0,20,0,37,7,2,46,0,56,8,2,66,12,8,20,86
05/02/2001,ENA,AK,AAL,WE,Federal Contract Tower,0,29,1,1,31,0,26,23,3,52,0,55,24,4,83,40,16,56,139
05/03/2001,ENA,AK,AAL,WE,Federal Contract Tower,1,28,1,3,33,7,38,23,9,77,8,66,24,12,110,36,40,76,186
05/04/2001,ENA,AK,AAL,WE,Federal Contract Tower,0,42,4,2,48,0,50,35,14,99,0,92,39,16,147,94,48,142,289
05/05/2001,ENA,AK,AAL,WE,Federal Contract Tower,0,16,2,0,18,0,44,41,0,85,0,60,43,0,103,128,10,138,241
05/06/2001,ENA,AK,AAL,WE,Federal Contract Tower,0,16,1,2,19,0,32,23,0,55,0,48,24,2,74,28,0,28,102
05/07/2001,ENA,AK,AAL,WE,Federal Contract Tower,0,21,2,0,23,0,45,56,6,107,0,66,58,6,130,70,54,124,254
05/08/2001,ENA,AK,AAL,WE,Federal Contract Tower,0,28,0,0,28,0,44,50,8,102,0,72,50,8,130,54,38,92,222
05/09/2001,ENA,AK,AAL,WE,Federal Contract Tower,0,20,1,0,21,0,52,32,8,92,0,72,33,8,113,24,36,60,173
05/10/2001,ENA,AK,AAL,WE,Federal Contract Tower,0,27,4,3,34,3,62,43,13,121,3,89,47,16,155,36,38,74,229
05/11/2001,ENA,AK,AAL,WE,Federal Contract Tower,0,10,5,0,15,0,56,49,0,105,0,66,54,0,120,90,0,90,210
05/12/2001,ENA,AK,AAL,WE,Federal Contract Tower,0,10,1,0,11,1,36,64,0,101,1,46,65,0,112,74,0,74,186
05/13/2001,ENA,AK,AAL,WE,Federal Contract Tower,0,10,2,0,12,0,15,29,0,44,0,25,31,0,56,44,0,44,100
05/14/2001,ENA,AK,AAL,WE,Federal Contract Tower,0,12,1,3,16,8,98,45,9,160,8,110,46,12,176,80,34,114,290
05/15/2001,ENA,AK,AAL,WE,Federal Contract Tower,0,8,6,2,16,4,66,43,6,119,4,74,49,8,135,26,22,48,183
05/16/2001,ENA,AK,AAL,WE,Federal Contract Tower,0,22,1,1,24,6,34,64,11,115,6,56,65,12,139,48,74,122,261
05/17/2001,ENA,AK,AAL,WE,Federal Contract Tower,0,13,4,0,17,0,48,63,2,113,0,61,67,2,130,92,8,100,230
05/18/2001,ENA,AK,AAL,WE,Federal Contract Tower,0,14,1,2,17,0,65,41,0,106,0,79,42,2,123,126,0,126,249
05/19/2001,ENA,AK,AAL,WE,Federal Contract Tower,0,2,1,0,3,0,37,41,0,78,0,39,42,0,81,54,0,54,135
05/20/2001,ENA,AK,AAL,WE,Federal Contract Tower,0,11,0,1,12,0,29,22,1,52,0,40,22,2,64,24,6,30,94
05/21/2001,ENA,AK,AAL,WE,Federal Contract Tower,0,10,1,0,11,8,80,41,6,135,8,90,42,6,146,68,40,108,254
05/22/2001,ENA,AK,AAL,WE,Federal Contract Tower,0,13,2,7,22,0,106,46,17,169,0,119,48,24,191,80,54,134,325
05/23/2001,ENA,AK,AAL,WE,Federal Contract Tower,0,20,4,7,31,0,83,54,17,154,0,103,58,24,185,64,88,152,337
05/24/2001,ENA,AK,AAL,WE,Federal Contract Tower,0,22,1,7,30,0,52,70,8,130,0,74,71,15,160,108,90,198,358
05/25/2001,ENA,AK,AAL,WE,Federal Contract Tower,0,21,3,3,27,0,61,85,3,149,0,82,88,6,176,64,28,92,268
05/26/2001,ENA,AK,AAL,WE,Federal Contract Tower,0,8,5,0,13,0,37,25,0,62,0,45,30,0,75,78,0,78,153
05/27/2001,ENA,AK,AAL,WE,Federal Contract Tower,0,4,0,0,4,2,24,48,0,74,2,28,48,0,78,34,0,34,112
05/28/2001,ENA,AK,AAL,WE,Federal Contract Tower,0,2,0,0,2,0,36,36,0,72,0,38,36,0,74,30,0,30,104
05/29/2001,ENA,AK,AAL,WE,Federal Contract Tower,0,12,0,2,14,0,76,42,6,124,0,88,42,8,138,64,34,98,236
05/30/2001,ENA,AK,AAL,WE,Federal Contract Tower,0,14,4,5,23,7,74,63,13,157,7,88,67,18,180,104,72,176,356
05/31/2001,ENA,AK,AAL,WE,Federal Contract Tower,1,10,1,0,12,5,64,53,2,124,6,74,54,2,136,94,8,102,238
06/01/2001,ENA,AK,AAL,WE,Federal Contract Tower,0,10,5,1,16,0,53,52,3,108,0,63,57,4,124,80,10,90,214
06/02/2001,ENA,AK,AAL,WE,Federal Contract Tower,1,0,0,0,1,7,50,67,0,124,8,50,67,0,125,86,0,86,211
06/03/2001,ENA,AK,AAL,WE,Federal Contract Tower,0,13,17,0,30,0,29,5,0,34,0,42,22,0,64,54,0,54,118
06/04/2001,ENA,AK,AAL,WE,Federal Contract Tower,0,10,2,2,14,0,74,48,2,124,0,84,50,4,138,96,16,112,250
06/05/2001,ENA,AK,AAL,WE,Federal Contract Tower,0,7,0,7,14,0,75,68,7,150,0,82,68,14,164,68,94,162,326
06/06/2001,ENA,AK,AAL,WE,Federal Contract Tower,0,31,16,1,48,0,44,20,5,69,0,75,36,6,117,12,18,30,147
06/07/2001,ENA,AK,AAL,WE,Federal Contract Tower,0,8,5,2,15,0,59,54,2,115,0,67,59,4,130,110,26,136,266
06/08/2001,ENA,AK,AAL,WE,Federal Contract Tower,0,10,6,0,16,0,52,81,0,133,0,62,87,0,149,58,0,58,207
06/09/2001,ENA,AK,AAL,WE,Federal Contract Tower,0,10,0,0,10,0,43,73,0,116,0,53,73,0,126,68,0,68,194
06/10/2001,ENA,AK,AAL,WE,Federal Contract Tower,0,11,2,0,13,0,19,48,0,67,0,30,50,0,80,58,0,58,138
06/11/2001,ENA,AK,AAL,WE,Federal Contract Tower,0,19,0,1,20,0,61,44,9,114,0,80,44,10,134,82,32,114,248
06/12/2001,ENA,AK,AAL,WE,Federal Contract Tower,0,14,0,0,14,0,54,50,0,104,0,68,50,0,118,90,0,90,208
06/13/2001,ENA,AK,AAL,WE,Federal Contract Tower,0,16,6,1,23,0,68,70,1,139,0,84,76,2,162,92,0,92,254
06/14/2001,ENA,AK,AAL,WE,Federal Contract Tower,0,1,0,0,1,0,79,57,2,138,0,80,57,2,139,88,0,88,227
06/15/2001,ENA,AK,AAL,WE,Federal Contract Tower,0,6,0,0,6,0,86,93,0,179,0,92,93,0,185,84,0,84,269
06/16/2001,ENA,AK,AAL,WE,Federal Contract Tower,0,4,0,0,4,0,49,64,0,113,0,53,64,0,117,38,0,38,155
06/17/2001,ENA,AK,AAL,WE,Federal Contract Tower,0,11,1,0,12,0,37,45,0,82,0,48,46,0,94,20,0,20,114
06/18/2001,ENA,AK,AAL,WE,Federal Contract Tower,0,11,0,3,14,0,75,60,5,140,0,86,60,8,154,98,12,110,264
06/19/2001,ENA,AK,AAL,WE,Federal Contract Tower,0,13,0,0,13,0,63,62,6,131,0,76,62,6,144,64,14,78,222
06/20/2001,ENA,AK,AAL,WE,Federal Contract Tower,0,7,5,2,14,4,87,64,10,165,4,94,69,12,179,54,30,84,263
06/21/2001,ENA,AK,AAL,WE,Federal Contract Tower,0,16,4,1,21,0,68,39,18,125,0,84,43,19,146,64,38,102,248
06/22/2001,ENA,AK,AAL,WE,Federal Contract Tower,0,18,2,1,21,0,57,47,3,107,0,75,49,4,128,82,2,84,212
06/23/2001,ENA,AK,AAL,WE,Federal Contract Tower,0,4,5,0,9,0,53,84,0,137,0,57,89,0,146,72,0,72,218
06/24/2001,ENA,AK,AAL,WE,Federal Contract Tower,0,3,1,2,6,0,53,61,0,114,0,56,62,2,120,72,6,78,198
06/25/2001,ENA,AK,AAL,WE,Federal Contract Tower,0,7,4,0,11,0,65,70,16,151,0,72,74,16,162,124,24,148,310
06/26/2001,ENA,AK,AAL,WE,Federal Contract Tower,0,16,1,1,18,2,56,77,5,140,2,72,78,6,158,80,22,102,260
06/27/2001,ENA,AK,AAL,WE,Federal Contract Tower,0,9,3,0,12,0,69,54,0,123,0,78,57,0,135,42,0,42,177
06/28/2001,ENA,AK,AAL,WE,Federal Contract Tower,0,19,0,0,19,1,94,70,0,165,1,113,70,0,184,132,0,132,316
06/29/2001,ENA,AK,AAL,WE,Federal Contract Tower,0,18,0,2,20,20,75,59,4,158,20,93,59,6,178,34,18,52,230
06/30/2001,ENA,AK,AAL,WE,Federal Contract Tower,0,10,4,0,14,3,54,82,0,139,3,64,86,0,153,40,0,40,193
07/01/2001,ENA,AK,AAL,WE,Federal Contract Tower,0,8,0,0,8,2,60,54,0,116,2,68,54,0,124,30,0,30,154
07/02/2001,ENA,AK,AAL,WE,Federal Contract Tower,1,11,0,0,12,3,73,68,6,150,4,84,68,6,162,46,18,64,226
07/03/2001,ENA,AK,AAL,WE,Federal Contract Tower,0,32,2,0,34,4,58,64,2,128,4,90,66,2,162,20,12,32,194
07/04/2001,ENA,AK,AAL,WE,Federal Contract Tower,0,23,13,0,36,6,55,57,0,118,6,78,70,0,154,24,0,24,178
07/05/2001,ENA,AK,AAL,WE,Federal Contract Tower,1,39,9,0,49,3,35,72,4,114,4,74,81,4,163,80,10,90,253
07/06/2001,ENA,AK,AAL,WE,Federal Contract Tower,0,31,1,0,32,0,75,85,0,160,0,106,86,0,192,112,0,112,304
07/07/2001,ENA,AK,AAL,WE,Federal Contract Tower,1,13,5,0,19,1,39,85,0,125,2,52,90,0,144,76,0,76,220
07/08/2001,ENA,AK,AAL,WE,Federal Contract Tower,0,17,6,0,23,0,17,33,0,50,0,34,39,0,73,18,0,18,91
07/09/2001,ENA,AK,AAL,WE,Federal Contract Tower,0,26,1,0,27,0,50,61,8,119,0,76,62,8,146,46,26,72,218
07/10/2001,ENA,AK,AAL,WE,Federal Contract Tower,0,30,5,1,36,0,50,53,3,106,0,80,58,4,142,102,22,124,266
07/11/2001,ENA,AK,AAL,WE,Federal Contract Tower,0,29,5,1,35,0,38,54,7,99,0,67,59,8,134,66,52,118,252
07/12/2001,ENA,AK,AAL,WE,Federal Contract Tower,0,26,3,6,35,0,44,35,14,93,0,70,38,20,128,42,48,90,218
07/13/2001,ENA,AK,AAL,WE,Federal Contract Tower,0,31,3,0,34,0,41,81,6,128,0,72,84,6,162,90,26,116,278
07/14/2001,ENA,AK,AAL,WE,Federal Contract Tower,0,19,0,0,19,0,22,95,0,117,0,41,95,0,136,52,0,52,188
07/15/2001,ENA,AK,AAL,WE,Federal Contract Tower,0,21,4,0,25,0,27,29,4,60,0,48,33,4,85,26,0,26,111
07/16/2001,ENA,AK,AAL,WE,Federal Contract Tower,0,34,9,0,43,0,45,65,2,112,0,79,74,2,155,38,8,46,201
07/17/2001,ENA,AK,AAL,WE,Federal Contract Tower,0,28,3,4,35,0,34,51,8,93,0,62,54,12,128,42,48,90,218
07/18/2001,ENA,AK,AAL,WE,Federal Contract Tower,0,13,2,7,22,0,53,67,3,123,0,66,69,10,145,60,84,144,289
07/19/2001,ENA,AK,AAL,WE,Federal Contract Tower,0,30,3,4,37,0,42,43,10,95,0,72,46,14,132,34,28,62,194
07/20/2001,ENA,AK,AAL,WE,Federal Contract Tower,0,30,3,0,33,0,50,82,2,134,0,80,85,2,167,68,0,68,235
07/21/2001,ENA,AK,AAL,WE,Federal Contract Tower,0,27,9,0,36,0,23,60,0,83,0,50,69,0,119,0,0,0,119
07/22/2001,ENA,AK,AAL,WE,Federal Contract Tower,0,28,13,0,41,0,4,23,0,27,0,32,36,0,68,0,0,0,68
07/23/2001,ENA,AK,AAL,WE,Federal Contract Tower,0,44,0,4,48,0,22,40,6,68,0,66,40,10,116,10,18,28,144
07/24/2001,ENA,AK,AAL,WE,Federal Contract Tower,0,28,2,1,31,0,30,44,0,74,0,58,46,1,105,70,54,124,229
07/25/2001,ENA,AK,AAL,WE,Federal Contract Tower,0,20,0,5,25,0,57,60,3,120,0,77,60,8,145,22,32,54,199
07/26/2001,ENA,AK,AAL,WE,Federal Contract Tower,0,20,4,0,24,0,58,44,2,104,0,78,48,2,128,38,14,52,180
07/27/2001,ENA,AK,AAL,WE,Federal Contract Tower,0,15,5,6,26,0,101,98,8,207,0,116,103,14,233,42,34,76,309
07/28/2001,ENA,AK,AAL,WE,Federal Contract Tower,0,25,22,0,47,0,24,52,0,76,0,49,74,0,123,6,0,6,129
07/29/2001,ENA,AK,AAL,WE,Federal Contract Tower,0,14,1,0,15,0,16,57,0,73,0,30,58,0,88,22,0,22,110
07/30/2001,ENA,AK,AAL,WE,Federal Contract Tower,0,36,0,2,38,0,38,24,8,70,0,74,24,10,108,12,34,46,154
07/31/2001,ENA,AK,AAL,WE,Federal Contract Tower,0,28,10,0,38,0,48,39,2,89,0,76,49,2,127,52,24,76,203
08/01/2001,ENA,AK,AAL,WE,Federal Contract Tower,0,18,6,2,26,0,56,82,2,140,0,74,88,4,166,62,24,86,252
08/02/2001,ENA,AK,AAL,WE,Federal Contract Tower,0,16,1,1,18,0,62,87,9,158,0,78,88,10,176,44,32,76,252
08/03/2001,ENA,AK,AAL,WE,Federal Contract Tower,0,32,8,3,43,0,48,34,9,91,0,80,42,12,134,18,26,44,178
08/04/2001,ENA,AK,AAL,WE,Federal Contract Tower,0,30,5,0,35,0,28,45,0,73,0,58,50,0,108,50,0,50,158
08/05/2001,ENA,AK,AAL,WE,Federal Contract Tower,0,11,1,3,15,2,27,83,1,113,2,38,84,4,128,44,0,44,172
08/06/2001,ENA,AK,AAL,WE,Federal Contract Tower,0,18,0,3,21,0,72,94,5,171,0,90,94,8,192,64,36,100,292
08/07/2001,ENA,AK,AAL,WE,Federal Contract Tower,0,18,1,0,19,0,60,67,3,130,0,78,68,3,149,42,18,60,209
08/08/2001,ENA,AK,AAL,WE,Federal Contract Tower,0,18,0,0,18,0,58,90,2,150,0,76,90,2,168,12,16,28,196
08/09/2001,ENA,AK,AAL,WE,Federal Contract Tower,0,19,0,3,22,0,87,98,11,196,0,106,98,14,218,62,42,104,322
08/10/2001,ENA,AK,AAL,WE,Federal Contract Tower,0,23,8,0,31,0,62,73,2,137,0,85,81,2,168,50,0,50,218
08/11/2001,ENA,AK,AAL,WE,Federal Contract Tower,0,14,1,0,15,0,38,107,0,145,0,52,108,0,160,98,0,98,258
08/12/2001,ENA,AK,AAL,WE,Federal Contract Tower,0,4,1,0,5,0,30,43,0,73,0,34,44,0,78,42,0,42,120
08/13/2001,ENA,AK,AAL,WE,Federal Contract Tower,0,12,1,0,13,2,72,59,18,151,2,84,60,18,164,114,30,144,308
08/14/2001,ENA,AK,AAL,WE,Federal Contract Tower,0,25,1,0,26,0,63,27,4,94,0,88,28,4,120,54,22,76,196
08/15/2001,ENA,AK,AAL,WE,Federal Contract Tower,0,51,3,0,54,0,19,48,5,72,0,70,51,5,126,18,30,48,174
08/16/2001,ENA,AK,AAL,WE,Federal Contract Tower,0,36,4,2,42,0,52,31,0,83,0,88,35,2,125,18,10,28,153
08/17/2001,ENA,AK,AAL,WE,Federal Contract Tower,0,39,5,3,47,0,42,18,1,61,0,81,23,4,108,2,28,30,138
08/18/2001,ENA,AK,AAL,WE,Federal Contract Tower,0,20,2,0,22,1,39,60,0,100,1,59,62,0,122,52,0,52,174
08/19/2001,ENA,AK,AAL,WE,Federal Contract Tower,0,18,3,0,21,0,28,29,0,57,0,46,32,0,78,34,0,34,112
08/20/2001,ENA,AK,AAL,WE,Federal Contract Tower,0,12,5,4,21,1,64,29,4,98,1,76,34,8,119,48,56,104,223
08/21/2001,ENA,AK,AAL,WE,Federal Contract Tower,0,14,1,0,15,3,78,49,7,137,3,92,50,7,152,62,10,72,224
08/22/2001,ENA,AK,AAL,WE,Federal Contract Tower,0,6,0,0,6,0,66,48,5,119,0,72,48,5,125,18,20,38,163
08/23/2001,ENA,AK,AAL,WE,Federal Contract Tower,0,21,1,4,26,0,65,53,2,120,0,86,54,6,146,26,12,38,184
08/24/2001,ENA,AK,AAL,WE,Federal Contract Tower,0,28,4,1,33,0,64,44,5,113,0,92,48,6,146,26,52,78,224
08/25/2001,ENA,AK,AAL,WE,Federal Contract Tower,0,9,1,0,10,0,44,64,0,108,0,53,65,0,118,66,0,66,184
08/26/2001,ENA,AK,AAL,WE,Federal Contract Tower,0,6,7,0,13,0,21,36,0,57,0,27,43,0,70,30,0,30,100
08/27/2001,ENA,AK,AAL,WE,Federal Contract Tower,0,16,5,0,21,0,57,32,8,97,0,73,37,8,118,18,34,52,170
08/28/2001,ENA,AK,AAL,WE,Federal Contract Tower,0,20,2,0,22,2,41,13,2,58,2,61,15,2,80,12,28,40,120
08/29/2001,ENA,AK,AAL,WE,Federal Contract Tower,0,19,0,0,19,0,71,43,4,118,0,90,43,4,137,42,24,66,203
08/30/2001,ENA,AK,AAL,WE,Federal Contract Tower,0,20,2,0,22,0,57,55,8,120,0,77,57,8,142,28,48,76,218
08/31/2001,ENA,AK,AAL,WE,Federal Contract Tower,0,15,1,0,16,0,67,70,0,137,0,82,71,0,153,82,2,84,237
09/01/2001,ENA,AK,AAL,WE,Federal Contract Tower,0,8,1,0,9,0,27,38,0,65,0,35,39,0,74,72,0,72,146
09/02/2001,ENA,AK,AAL,WE,Federal Contract Tower,4,9,2,0,15,2,20,52,0,74,6,29,54,0,89,28,0,28,117
09/03/2001,ENA,AK,AAL,WE,Federal Contract Tower,0,14,0,0,14,0,28,48,0,76,0,42,48,0,90,56,0,56,146
09/04/2001,ENA,AK,AAL,WE,Federal Contract Tower,0,35,0,3,38,0,39,22,2,63,0,74,22,5,101,28,14,42,143
09/05/2001,ENA,AK,AAL,WE,Federal Contract Tower,0,14,0,1,15,0,58,32,1,91,0,72,32,2,106,30,40,70,176
09/06/2001,ENA,AK,AAL,WE,Federal Contract Tower,0,16,2,0,18,0,80,29,5,114,0,96,31,5,132,28,20,48,180
09/07/2001,ENA,AK,AAL,WE,Federal Contract Tower,0,22,0,0,22,0,74,44,4,122,0,96,44,4,144,72,24,96,240
09/08/2001,ENA,AK,AAL,WE,Federal Contract Tower,0,12,2,0,14,0,39,70,0,109,0,51,72,0,123,50,0,50,173
09/09/2001,ENA,AK,AAL,WE,Federal Contract Tower,0,4,0,0,4,0,46,64,0,110,0,50,64,0,114,30,0,30,144
09/10/2001,ENA,AK,AAL,WE,Federal Contract Tower,0,11,1,0,12,0,77,67,4,148,0,88,68,4,160,54,28,82,242
09/11/2001,ENA,AK,AAL,WE,Federal Contract Tower,0,0,0,0,0,0,0,0,0,0,0,0,0,0,0,0,0,0,0
09/12/2001,ENA,AK,AAL,WE,Federal Contract Tower,0,0,0,0,0,0,0,0,0,0,0,0,0,0,0,0,0,0,0
09/13/2001,ENA,AK,AAL,WE,Federal Contract Tower,0,9,0,0,9,0,52,39,0,91,0,61,39,0,100,26,0,26,126
09/14/2001,ENA,AK,AAL,WE,Federal Contract Tower,0,20,1,0,21,5,67,40,0,112,5,87,41,0,133,20,0,20,153
09/15/2001,ENA,AK,AAL,WE,Federal Contract Tower,1,22,0,0,23,5,20,48,0,73,6,42,48,0,96,32,0,32,128
09/16/2001,ENA,AK,AAL,WE,Federal Contract Tower,0,9,0,0,9,4,15,23,0,42,4,24,23,0,51,24,0,24,75
09/17/2001,ENA,AK,AAL,WE,Federal Contract Tower,0,23,0,3,26,16,37,20,5,78,16,60,20,8,104,32,48,80,184
09/18/2001,ENA,AK,AAL,WE,Federal Contract Tower,2,44,16,4,66,0,4,14,0,18,2,48,30,4,84,22,2,24,108
09/19/2001,ENA,AK,AAL,WE,Federal Contract Tower,8,46,4,2,60,0,4,8,0,12,8,50,12,2,72,12,0,12,84
09/20/2001,ENA,AK,AAL,WE,Federal Contract Tower,0,28,1,0,29,0,37,37,2,76,0,65,38,2,105,52,10,62,167
09/21/2001,ENA,AK,AAL,WE,Federal Contract Tower,0,24,1,2,27,0,63,25,8,96,0,87,26,10,123,34,40,74,197
09/22/2001,ENA,AK,AAL,WE,Federal Contract Tower,0,15,1,0,16,0,27,39,0,66,0,42,40,0,82,16,0,16,98
09/23/2001,ENA,AK,AAL,WE,Federal Contract Tower,0,13,3,2,18,0,10,5,2,17,0,23,8,4,35,6,0,6,41
09/24/2001,ENA,AK,AAL,WE,Federal Contract Tower,0,24,0,0,24,10,61,18,8,97,10,85,18,8,121,26,14,40,161
09/25/2001,ENA,AK,AAL,WE,Federal Contract Tower,0,18,1,2,21,0,58,37,8,103,0,76,38,10,124,76,32,108,232
09/26/2001,ENA,AK,AAL,WE,Federal Contract Tower,0,21,3,3,27,0,57,30,9,96,0,78,33,12,123,72,68,140,263
09/27/2001,ENA,AK,AAL,WE,Federal Contract Tower,0,19,0,2,21,0,65,31,2,98,0,84,31,4,119,64,32,96,215
09/28/2001,ENA,AK,AAL,WE,Federal Contract Tower,0,26,2,0,28,0,52,26,0,78,0,78,28,0,106,44,0,44,150
09/29/2001,ENA,AK,AAL,WE,Federal Contract Tower,0,23,0,0,23,0,35,76,0,111,0,58,76,0,134,42,0,42,176
09/30/2001,ENA,AK,AAL,WE,Federal Contract Tower,0,9,2,0,11,0,32,17,0,49,0,41,19,0,60,10,0,10,70
10/01/2001,ENA,AK,AAL,WE,Federal Contract Tower,0,21,1,0,22,0,49,27,6,82,0,70,28,6,104,20,32,52,156
10/02/2001,ENA,AK,AAL,WE,Federal Contract Tower,0,18,0,0,18,0,35,21,2,58,0,53,21,2,76,48,24,72,148
10/03/2001,ENA,AK,AAL,WE,Federal Contract Tower,0,18,0,0,18,0,29,14,0,43,0,47,14,0,61,18,0,18,79
10/04/2001,ENA,AK,AAL,WE,Federal Contract Tower,0,19,0,0,19,0,32,23,4,59,0,51,23,4,78,40,16,56,134
10/05/2001,ENA,AK,AAL,WE,Federal Contract Tower,0,32,5,1,38,0,32,22,0,54,0,64,27,1,92,34,0,34,126
10/06/2001,ENA,AK,AAL,WE,Federal Contract Tower,0,18,0,0,18,0,20,44,0,64,0,38,44,0,82,42,0,42,124
10/07/2001,ENA,AK,AAL,WE,Federal Contract Tower,0,16,2,0,18,0,41,26,0,67,0,57,28,0,85,60,0,60,145
10/08/2001,ENA,AK,AAL,WE,Federal Contract Tower,0,27,3,0,30,0,71,38,0,109,0,98,41,0,139,82,0,82,221
10/09/2001,ENA,AK,AAL,WE,Federal Contract Tower,0,22,2,2,26,4,17,16,4,41,4,39,18,6,67,32,34,66,133
10/10/2001,ENA,AK,AAL,WE,Federal Contract Tower,0,22,5,2,29,0,22,4,0,26,0,44,9,2,55,20,24,44,99
10/11/2001,ENA,AK,AAL,WE,Federal Contract Tower,0,13,2,1,16,0,41,12,3,56,0,54,14,4,72,56,36,92,164
10/12/2001,ENA,AK,AAL,WE,Federal Contract Tower,0,17,0,8,25,0,69,34,6,109,0,86,34,14,134,46,28,74,208
10/13/2001,ENA,AK,AAL,WE,Federal Contract Tower,0,8,1,0,9,0,42,25,0,67,0,50,26,0,76,18,0,18,94
10/14/2001,ENA,AK,AAL,WE,Federal Contract Tower,0,18,13,8,39,0,2,1,4,7,0,20,14,12,46,0,0,0,46
10/15/2001,ENA,AK,AAL,WE,Federal Contract Tower,0,24,0,0,24,0,29,20,1,50,0,53,20,1,74,24,8,32,106
10/16/2001,ENA,AK,AAL,WE,Federal Contract Tower,0,10,0,0,10,0,37,16,2,55,0,47,16,2,65,56,20,76,141
10/17/2001,ENA,AK,AAL,WE,Federal Contract Tower,0,28,6,0,34,0,2,3,0,5,0,30,9,0,39,0,0,0,39
10/18/2001,ENA,AK,AAL,WE,Federal Contract Tower,0,31,4,0,35,0,0,0,0,0,0,31,4,0,35,0,0,0,35
10/19/2001,ENA,AK,AAL,WE,Federal Contract Tower,0,20,2,0,22,0,56,30,6,92,0,76,32,6,114,52,12,64,178
10/20/2001,ENA,AK,AAL,WE,Federal Contract Tower,0,8,0,0,8,0,0,0,0,0,0,8,0,0,8,0,0,0,8
10/21/2001,ENA,AK,AAL,WE,Federal Contract Tower,0,15,5,0,20,0,13,4,0,17,0,28,9,0,37,0,0,0,37
10/22/2001,ENA,AK,AAL,WE,Federal Contract Tower,0,28,11,0,39,0,21,15,0,36,0,49,26,0,75,10,0,10,85
10/23/2001,ENA,AK,AAL,WE,Federal Contract Tower,0,27,3,4,34,0,22,25,6,53,0,49,28,10,87,30,68,98,185
10/24/2001,ENA,AK,AAL,WE,Federal Contract Tower,0,22,1,6,29,0,24,33,14,71,0,46,34,20,100,58,56,114,214
10/25/2001,ENA,AK,AAL,WE,Federal Contract Tower,0,26,0,0,26,0,25,16,6,47,0,51,16,6,73,30,20,50,123
10/26/2001,ENA,AK,AAL,WE,Federal Contract Tower,0,20,1,1,22,0,38,20,7,65,0,58,21,8,87,26,28,54,141
10/27/2001,ENA,AK,AAL,WE,Federal Contract Tower,0,20,3,0,23,0,14,15,0,29,0,34,18,0,52,18,0,18,70
10/28/2001,ENA,AK,AAL,WE,Federal Contract Tower,0,0,0,0,0,0,23,29,2,54,0,23,29,2,54,48,2,50,104
10/29/2001,ENA,AK,AAL,WE,Federal Contract Tower,0,15,0,0,15,2,32,12,4,50,2,47,12,4,65,0,8,8,73
10/30/2001,ENA,AK,AAL,WE,Federal Contract Tower,0,20,2,0,22,0,28,28,6,62,0,48,30,6,84,28,22,50,134
10/31/2001,ENA,AK,AAL,WE,Federal Contract Tower,0,28,1,0,29,0,2,4,2,8,0,30,5,2,37,2,14,16,53
11/01/2001,ENA,AK,AAL,WE,Federal Contract Tower,0,36,0,0,36,0,5,5,0,10,0,41,5,0,46,6,0,6,52
11/02/2001,ENA,AK,AAL,WE,Federal Contract Tower,0,36,2,5,43,0,22,12,1,35,0,58,14,6,78,20,32,52,130
11/03/2001,ENA,AK,AAL,WE,Federal Contract Tower,0,11,0,1,12,0,24,30,1,55,0,35,30,2,67,32,12,44,111
11/04/2001,ENA,AK,AAL,WE,Federal Contract Tower,0,17,4,2,23,0,10,6,0,16,0,27,10,2,39,12,0,12,51
11/05/2001,ENA,AK,AAL,WE,Federal Contract Tower,4,35,5,0,44,8,25,1,0,34,12,60,6,0,78,16,0,16,94
11/06/2001,ENA,AK,AAL,WE,Federal Contract Tower,0,15,1,0,16,0,34,37,10,81,0,49,38,10,97,32,26,58,155
11/07/2001,ENA,AK,AAL,WE,Federal Contract Tower,0,16,0,0,16,0,43,39,4,86,0,59,39,4,102,42,18,60,162
11/08/2001,ENA,AK,AAL,WE,Federal Contract Tower,0,18,4,2,24,0,30,10,6,46,0,48,14,8,70,30,32,62,132
11/09/2001,ENA,AK,AAL,WE,Federal Contract Tower,0,30,2,0,32,0,23,11,0,34,0,53,13,0,66,26,0,26,92
11/10/2001,ENA,AK,AAL,WE,Federal Contract Tower,0,0,0,0,0,0,0,0,0,0,0,0,0,0,0,0,0,0,0
11/11/2001,ENA,AK,AAL,WE,Federal Contract Tower,1,14,1,0,16,0,22,23,1,46,1,36,24,1,62,22,0,22,84
11/12/2001,ENA,AK,AAL,WE,Federal Contract Tower,0,13,1,0,14,0,49,7,0,56,0,62,8,0,70,8,0,8,78
11/13/2001,ENA,AK,AAL,WE,Federal Contract Tower,0,15,1,1,17,1,29,22,5,57,1,44,23,6,74,50,76,126,200
11/14/2001,ENA,AK,AAL,WE,Federal Contract Tower,0,16,0,0,16,0,36,16,10,62,0,52,16,10,78,18,38,56,134
11/15/2001,ENA,AK,AAL,WE,Federal Contract Tower,0,26,2,1,29,0,16,6,3,25,0,42,8,4,54,16,18,34,88
11/16/2001,ENA,AK,AAL,WE,Federal Contract Tower,0,26,5,0,31,0,30,10,0,40,0,56,15,0,71,28,0,28,99
11/17/2001,ENA,AK,AAL,WE,Federal Contract Tower,0,16,0,0,16,0,20,0,0,20,0,36,0,0,36,36,0,36,72
11/18/2001,ENA,AK,AAL,WE,Federal Contract Tower,0,10,1,0,11,10,29,8,0,47,10,39,9,0,58,10,0,10,68
11/19/2001,ENA,AK,AAL,WE,Federal Contract Tower,0,12,0,2,14,1,72,16,12,101,1,84,16,14,115,0,74,74,189
11/20/2001,ENA,AK,AAL,WE,Federal Contract Tower,0,21,1,0,22,0,27,23,4,54,0,48,24,4,76,54,32,86,162
11/21/2001,ENA,AK,AAL,WE,Federal Contract Tower,0,17,0,4,21,0,34,25,0,59,0,51,25,4,80,34,26,60,140
11/22/2001,ENA,AK,AAL,WE,Federal Contract Tower,0,4,1,0,5,0,11,7,0,18,0,15,8,0,23,0,0,0,23
11/23/2001,ENA,AK,AAL,WE,Federal Contract Tower,0,25,1,0,26,0,19,13,0,32,0,44,14,0,58,40,0,40,98
11/24/2001,ENA,AK,AAL,WE,Federal Contract Tower,1,27,0,0,28,0,11,12,0,23,1,38,12,0,51,0,0,0,51
11/25/2001,ENA,AK,AAL,WE,Federal Contract Tower,1,8,1,0,10,1,4,13,0,18,2,12,14,0,28,0,0,0,28
11/26/2001,ENA,AK,AAL,WE,Federal Contract Tower,0,20,0,0,20,0,14,5,0,19,0,34,5,0,39,4,0,4,43
11/27/2001,ENA,AK,AAL,WE,Federal Contract Tower,0,22,2,0,24,6,36,11,4,57,6,58,13,4,81,16,20,36,117
11/28/2001,ENA,AK,AAL,WE,Federal Contract Tower,0,22,0,0,22,8,30,20,2,60,8,52,20,2,82,20,18,38,120
11/29/2001,ENA,AK,AAL,WE,Federal Contract Tower,0,14,6,3,23,8,50,26,7,91,8,64,32,10,114,138,40,178,292
11/30/2001,ENA,AK,AAL,WE,Federal Contract Tower,0,15,0,0,15,3,40,14,2,59,3,55,14,2,74,46,0,46,120
12/01/2001,ENA,AK,AAL,WE,Federal Contract Tower,0,11,2,0,13,0,25,22,0,47,0,36,24,0,60,18,0,18,78
12/02/2001,ENA,AK,AAL,WE,Federal Contract Tower,0,16,7,2,25,0,9,5,0,14,0,25,12,2,39,6,0,6,45
12/03/2001,ENA,AK,AAL,WE,Federal Contract Tower,0,23,2,1,26,4,38,12,11,65,4,61,14,12,91,24,36,60,151
12/04/2001,ENA,AK,AAL,WE,Federal Contract Tower,0,8,1,0,9,0,36,16,8,60,0,44,17,8,69,28,40,68,137
12/05/2001,ENA,AK,AAL,WE,Federal Contract Tower,0,10,5,2,17,0,40,10,6,56,0,50,15,8,73,24,32,56,129
12/06/2001,ENA,AK,AAL,WE,Federal Contract Tower,0,24,5,0,29,0,33,11,0,44,0,57,16,0,73,18,0,18,91
12/07/2001,ENA,AK,AAL,WE,Federal Contract Tower,0,26,4,3,33,0,46,19,3,68,0,72,23,6,101,34,40,74,175
12/08/2001,ENA,AK,AAL,WE,Federal Contract Tower,0,21,0,0,21,0,8,2,0,10,0,29,2,0,31,22,0,22,53
12/09/2001,ENA,AK,AAL,WE,Federal Contract Tower,0,6,0,1,7,0,38,4,5,47,0,44,4,6,54,0,14,14,68
12/10/2001,ENA,AK,AAL,WE,Federal Contract Tower,0,38,2,2,42,0,11,12,2,25,0,49,14,4,67,0,4,4,71
12/11/2001,ENA,AK,AAL,WE,Federal Contract Tower,0,37,6,0,43,0,5,3,0,8,0,42,9,0,51,0,0,0,51
12/12/2001,ENA,AK,AAL,WE,Federal Contract Tower,0,30,3,0,33,0,20,0,0,20,0,50,3,0,53,8,0,8,61
12/13/2001,ENA,AK,AAL,WE,Federal Contract Tower,0,30,3,0,33,0,39,11,0,50,0,69,14,0,83,34,0,34,117
12/14/2001,ENA,AK,AAL,WE,Federal Contract Tower,0,28,0,0,28,2,28,6,0,36,2,56,6,0,64,14,0,14,78
12/15/2001,ENA,AK,AAL,WE,Federal Contract Tower,0,20,0,0,20,0,10,3,0,13,0,30,3,0,33,24,0,24,57
12/16/2001,ENA,AK,AAL,WE,Federal Contract Tower,0,8,0,0,8,0,34,14,2,50,0,42,14,2,58,24,8,32,90
12/17/2001,ENA,AK,AAL,WE,Federal Contract Tower,0,21,0,3,24,0,43,5,7,55,0,64,5,10,79,16,36,52,131
12/18/2001,ENA,AK,AAL,WE,Federal Contract Tower,0,9,2,0,11,0,35,7,6,48,0,44,9,6,59,14,22,36,95
12/19/2001,ENA,AK,AAL,WE,Federal Contract Tower,0,12,0,0,12,4,36,12,2,54,4,48,12,2,66,6,14,20,86
12/20/2001,ENA,AK,AAL,WE,Federal Contract Tower,0,32,0,0,32,0,14,0,0,14,0,46,0,0,46,0,0,0,46
12/21/2001,ENA,AK,AAL,WE,Federal Contract Tower,0,21,4,4,29,0,38,6,2,46,0,59,10,6,75,22,8,30,105
12/22/2001,ENA,AK,AAL,WE,Federal Contract Tower,0,0,2,0,2,0,0,2,0,2,0,0,4,0,4,0,0,0,4
12/23/2001,ENA,AK,AAL,WE,Federal Contract Tower,0,0,0,0,0,0,0,12,0,12,0,0,12,0,12,4,0,4,16
12/24/2001,ENA,AK,AAL,WE,Federal Contract Tower,0,0,0,0,0,0,0,11,0,11,0,0,11,0,11,18,0,18,29
12/25/2001,ENA,AK,AAL,WE,Federal Contract Tower,0,0,0,0,0,0,0,2,0,2,0,0,2,0,2,0,0,0,2
12/26/2001,ENA,AK,AAL,WE,Federal Contract Tower,0,0,0,0,0,0,0,0,0,0,0,0,0,0,0,0,0,0,0
12/27/2001,ENA,AK,AAL,WE,Federal Contract Tower,0,0,0,7,7,0,0,17,3,20,0,0,17,10,27,32,36,68,95
12/28/2001,ENA,AK,AAL,WE,Federal Contract Tower,0,0,0,0,0,0,0,0,0,0,0,0,0,0,0,2,0,2,2
12/29/2001,ENA,AK,AAL,WE,Federal Contract Tower,0,0,0,0,0,0,0,6,0,6,0,0,6,0,6,16,0,16,22
12/30/2001,ENA,AK,AAL,WE,Federal Contract Tower,0,0,3,0,3,0,0,13,0,13,0,0,16,0,16,16,0,16,32
12/31/2001,ENA,AK,AAL,WE,Federal Contract Tower,0,0,0,0,0,0,0,15,0,15,0,0,15,0,15,12,0,12,27
01/01/2002,ENA,AK,AAL,WE,Federal Contract Tower,0,18,0,0,18,0,0,15,0,15,0,18,15,0,33,8,0,8,41
01/02/2002,ENA,AK,AAL,WE,Federal Contract Tower,0,0,0,3,3,0,47,17,10,74,0,47,17,13,77,26,96,122,199
01/03/2002,ENA,AK,AAL,WE,Federal Contract Tower,0,14,0,0,14,2,26,4,4,36,2,40,4,4,50,4,30,34,84
01/04/2002,ENA,AK,AAL,WE,Federal Contract Tower,0,0,0,0,0,0,63,8,4,75,0,63,8,4,75,6,26,32,107
01/05/2002,ENA,AK,AAL,WE,Federal Contract Tower,0,0,0,0,0,0,40,6,0,46,0,40,6,0,46,0,0,0,46
01/06/2002,ENA,AK,AAL,WE,Federal Contract Tower,0,18,0,1,19,0,8,18,7,33,0,26,18,8,52,20,10,30,82
01/07/2002,ENA,AK,AAL,WE,Federal Contract Tower,0,24,1,1,26,0,10,5,7,22,0,34,6,8,48,2,12,14,62
01/08/2002,ENA,AK,AAL,WE,Federal Contract Tower,0,22,0,0,22,0,18,4,0,22,0,40,4,0,44,4,0,4,48
01/09/2002,ENA,AK,AAL,WE,Federal Contract Tower,0,22,0,0,22,0,26,8,14,48,0,48,8,14,70,18,14,32,102
01/10/2002,ENA,AK,AAL,WE,Federal Contract Tower,0,25,0,0,25,2,27,10,0,39,2,52,10,0,64,18,0,18,82
01/11/2002,ENA,AK,AAL,WE,Federal Contract Tower,0,33,0,4,37,0,29,9,2,40,0,62,9,6,77,10,32,42,119
01/12/2002,ENA,AK,AAL,WE,Federal Contract Tower,0,20,0,0,20,0,14,19,0,33,0,34,19,0,53,32,0,32,85
01/13/2002,ENA,AK,AAL,WE,Federal Contract Tower,0,7,0,2,9,0,22,6,0,28,0,29,6,2,37,32,0,32,69
01/14/2002,ENA,AK,AAL,WE,Federal Contract Tower,0,19,0,0,19,0,13,4,2,19,0,32,4,2,38,2,16,18,56
01/15/2002,ENA,AK,AAL,WE,Federal Contract Tower,0,28,2,0,30,0,4,3,0,7,0,32,5,0,37,12,0,12,49
01/16/2002,ENA,AK,AAL,WE,Federal Contract Tower,0,30,4,2,36,0,13,0,0,13,0,43,4,2,49,12,0,12,61
01/17/2002,ENA,AK,AAL,WE,Federal Contract Tower,0,35,2,0,37,0,11,4,1,16,0,46,6,1,53,8,0,8,61
01/18/2002,ENA,AK,AAL,WE,Federal Contract Tower,0,28,0,0,28,2,27,24,0,53,2,55,24,0,81,28,0,28,109
01/19/2002,ENA,AK,AAL,WE,Federal Contract Tower,0,20,2,2,24,0,12,4,0,16,0,32,6,2,40,0,14,14,54
01/20/2002,ENA,AK,AAL,WE,Federal Contract Tower,0,5,0,0,5,0,23,17,0,40,0,28,17,0,45,16,0,16,61
01/21/2002,ENA,AK,AAL,WE,Federal Contract Tower,0,16,2,0,18,0,32,32,0,64,0,48,34,0,82,22,0,22,104
01/22/2002,ENA,AK,AAL,WE,Federal Contract Tower,0,10,2,0,12,0,0,47,0,47,0,10,49,0,59,6,2,8,67
01/23/2002,ENA,AK,AAL,WE,Federal Contract Tower,0,24,0,1,25,0,30,10,7,47,0,54,10,8,72,8,8,16,88
01/24/2002,ENA,AK,AAL,WE,Federal Contract Tower,0,0,0,0,0,0,44,10,20,74,0,44,10,20,74,2,14,16,90
01/25/2002,ENA,AK,AAL,WE,Federal Contract Tower,0,17,2,0,19,0,48,14,0,62,0,65,16,0,81,22,12,34,115
01/26/2002,ENA,AK,AAL,WE,Federal Contract Tower,0,12,1,2,15,0,32,17,0,49,0,44,18,2,64,10,12,22,86
01/27/2002,ENA,AK,AAL,WE,Federal Contract Tower,0,0,0,0,0,0,16,2,0,18,0,16,2,0,18,0,0,0,18
01/28/2002,ENA,AK,AAL,WE,Federal Contract Tower,0,27,0,0,27,0,0,0,0,0,0,27,0,0,27,0,0,0,27
01/29/2002,ENA,AK,AAL,WE,Federal Contract Tower,0,0,0,0,0,0,50,4,3,57,0,50,4,3,57,14,32,46,103
01/30/2002,ENA,AK,AAL,WE,Federal Contract Tower,0,34,1,0,35,0,3,0,2,5,0,37,1,2,40,0,0,0,40
01/31/2002,ENA,AK,AAL,WE,Federal Contract Tower,0,49,2,1,52,0,6,0,1,7,0,55,2,2,59,6,0,6,65
02/01/2002,ENA,AK,AAL,WE,Federal Contract Tower,0,18,0,6,24,0,45,13,0,58,0,63,13,6,82,32,28,60,142
02/02/2002,ENA,AK,AAL,WE,Federal Contract Tower,0,8,0,0,8,0,26,30,0,56,0,34,30,0,64,32,0,32,96
02/03/2002,ENA,AK,AAL,WE,Federal Contract Tower,0,6,0,2,8,0,16,2,0,18,0,22,2,2,26,12,0,12,38
02/04/2002,ENA,AK,AAL,WE,Federal Contract Tower,0,22,0,2,24,5,14,14,6,39,5,36,14,8,63,34,48,82,145
02/05/2002,ENA,AK,AAL,WE,Federal Contract Tower,0,25,0,0,25,0,21,23,2,46,0,46,23,2,71,24,32,56,127
02/06/2002,ENA,AK,AAL,WE,Federal Contract Tower,0,24,1,0,25,0,28,11,4,43,0,52,12,4,68,18,12,30,98
02/07/2002,ENA,AK,AAL,WE,Federal Contract Tower,0,52,2,0,54,0,20,4,4,28,0,72,6,4,82,0,0,0,82
02/08/2002,ENA,AK,AAL,WE,Federal Contract Tower,0,26,0,1,27,0,20,14,3,37,0,46,14,4,64,0,0,0,64
02/09/2002,ENA,AK,AAL,WE,Federal Contract Tower,0,5,1,0,6,0,34,17,0,51,0,39,18,0,57,18,0,18,75
02/10/2002,ENA,AK,AAL,WE,Federal Contract Tower,0,17,0,0,17,0,11,6,0,17,0,28,6,0,34,18,0,18,52
02/11/2002,ENA,AK,AAL,WE,Federal Contract Tower,0,25,0,1,26,0,14,11,3,28,0,39,11,4,54,24,54,78,132
02/12/2002,ENA,AK,AAL,WE,Federal Contract Tower,0,26,0,0,26,0,7,2,0,9,0,33,2,0,35,0,10,10,45
02/13/2002,ENA,AK,AAL,WE,Federal Contract Tower,0,0,0,0,0,0,0,0,0,0,0,0,0,0,0,0,0,0,0
02/14/2002,ENA,AK,AAL,WE,Federal Contract Tower,0,29,0,2,31,0,15,4,4,23,0,44,4,6,54,0,12,12,66
02/15/2002,ENA,AK,AAL,WE,Federal Contract Tower,0,27,0,0,27,0,30,25,0,55,0,57,25,0,82,38,0,38,120
02/16/2002,ENA,AK,AAL,WE,Federal Contract Tower,0,12,0,0,12,0,11,27,0,38,0,23,27,0,50,74,0,74,124
02/17/2002,ENA,AK,AAL,WE,Federal Contract Tower,0,20,0,0,20,0,8,6,0,14,0,28,6,0,34,6,0,6,40
02/18/2002,ENA,AK,AAL,WE,Federal Contract Tower,0,16,0,0,16,0,55,36,0,91,0,71,36,0,107,38,0,38,145
02/19/2002,ENA,AK,AAL,WE,Federal Contract Tower,0,14,0,2,16,0,65,16,2,83,0,79,16,4,99,28,18,46,145
02/20/2002,ENA,AK,AAL,WE,Federal Contract Tower,0,9,0,4,13,0,48,48,10,106,0,57,48,14,119,48,68,116,235
02/21/2002,ENA,AK,AAL,WE,Federal Contract Tower,0,25,3,2,30,0,42,22,4,68,0,67,25,6,98,50,32,82,180
02/22/2002,ENA,AK,AAL,WE,Federal Contract Tower,0,29,0,0,29,0,31,17,2,50,0,60,17,2,79,46,6,52,131
02/23/2002,ENA,AK,AAL,WE,Federal Contract Tower,0,6,0,0,6,0,17,23,0,40,0,23,23,0,46,46,0,46,92
02/24/2002,ENA,AK,AAL,WE,Federal Contract Tower,0,7,0,0,7,0,17,18,0,35,0,24,18,0,42,8,0,8,50
02/25/2002,ENA,AK,AAL,WE,Federal Contract Tower,0,20,0,0,20,6,36,16,6,64,6,56,16,6,84,26,16,42,126
02/26/2002,ENA,AK,AAL,WE,Federal Contract Tower,0,20,0,1,21,0,37,12,1,50,0,57,12,2,71,70,11,81,152
02/27/2002,ENA,AK,AAL,WE,Federal Contract Tower,0,0,0,0,0,0,44,36,3,83,0,44,36,3,83,40,14,54,137
02/28/2002,ENA,AK,AAL,WE,Federal Contract Tower,0,28,0,0,28,0,20,6,2,28,0,48,6,2,56,10,4,14,70
03/01/2002,ENA,AK,AAL,WE,Federal Contract Tower,0,19,0,0,19,0,47,14,0,61,0,66,14,0,80,16,4,20,100
03/02/2002,ENA,AK,AAL,WE,Federal Contract Tower,0,3,0,0,3,0,25,43,6,74,0,28,43,6,77,50,26,76,153
03/03/2002,ENA,AK,AAL,WE,Federal Contract Tower,0,4,0,2,6,0,18,30,1,49,0,22,30,3,55,4,2,6,61
03/04/2002,ENA,AK,AAL,WE,Federal Contract Tower,0,4,1,0,5,0,42,19,0,61,0,46,20,0,66,38,0,38,104
03/05/2002,ENA,AK,AAL,WE,Federal Contract Tower,0,7,0,0,7,0,35,19,0,54,0,42,19,0,61,22,0,22,83
03/06/2002,ENA,AK,AAL,WE,Federal Contract Tower,0,9,0,1,10,0,50,21,6,77,0,59,21,7,87,30,16,46,133
03/07/2002,ENA,AK,AAL,WE,Federal Contract Tower,0,14,0,0,14,0,45,27,6,78,0,59,27,6,92,26,14,40,132
03/08/2002,ENA,AK,AAL,WE,Federal Contract Tower,0,8,0,0,8,0,55,41,0,96,0,63,41,0,104,50,0,50,154
03/09/2002,ENA,AK,AAL,WE,Federal Contract Tower,0,1,0,0,1,0,14,43,0,57,0,15,43,0,58,10,0,10,68
03/10/2002,ENA,AK,AAL,WE,Federal Contract Tower,0,4,0,0,4,0,14,19,0,33,0,18,19,0,37,10,0,10,47
03/11/2002,ENA,AK,AAL,WE,Federal Contract Tower,0,4,0,0,4,0,32,34,27,93,0,36,34,27,97,18,24,42,139
03/12/2002,ENA,AK,AAL,WE,Federal Contract Tower,0,8,0,0,8,2,41,31,6,80,2,49,31,6,88,12,26,38,126
03/13/2002,ENA,AK,AAL,WE,Federal Contract Tower,0,10,0,0,10,0,42,13,8,63,0,52,13,8,73,34,16,50,123
03/14/2002,ENA,AK,AAL,WE,Federal Contract Tower,0,5,5,0,10,0,40,8,0,48,0,45,13,0,58,38,18,56,114
03/15/2002,ENA,AK,AAL,WE,Federal Contract Tower,0,12,2,0,14,0,52,19,6,77,0,64,21,6,91,52,8,60,151
03/16/2002,ENA,AK,AAL,WE,Federal Contract Tower,0,15,3,0,18,0,2,0,0,2,0,17,3,0,20,0,0,0,20
03/17/2002,ENA,AK,AAL,WE,Federal Contract Tower,0,7,0,0,7,0,10,3,0,13,0,17,3,0,20,0,0,0,20
03/18/2002,ENA,AK,AAL,WE,Federal Contract Tower,0,17,0,0,17,0,22,24,0,46,0,39,24,0,63,30,0,30,93
03/19/2002,ENA,AK,AAL,WE,Federal Contract Tower,0,10,0,4,14,0,29,46,2,77,0,39,46,6,91,30,16,46,137
03/20/2002,ENA,AK,AAL,WE,Federal Contract Tower,0,13,0,0,13,0,30,22,0,52,0,43,22,0,65,14,46,60,125
03/21/2002,ENA,AK,AAL,WE,Federal Contract Tower,0,8,2,5,15,0,42,25,5,72,0,50,27,10,87,10,29,39,126
03/22/2002,ENA,AK,AAL,WE,Federal Contract Tower,0,8,0,0,8,0,40,37,2,79,0,48,37,2,87,78,94,172,259
03/23/2002,ENA,AK,AAL,WE,Federal Contract Tower,0,4,0,0,4,0,26,41,0,67,0,30,41,0,71,40,0,40,111
03/24/2002,ENA,AK,AAL,WE,Federal Contract Tower,0,7,3,4,14,0,24,27,0,51,0,31,30,4,65,24,12,36,101
03/25/2002,ENA,AK,AAL,WE,Federal Contract Tower,1,23,0,0,24,1,13,42,6,62,2,36,42,6,86,10,24,34,120
03/26/2002,ENA,AK,AAL,WE,Federal Contract Tower,0,27,1,0,28,0,17,14,4,35,0,44,15,4,63,22,26,48,111
03/27/2002,ENA,AK,AAL,WE,Federal Contract Tower,0,25,2,2,29,0,32,15,16,63,0,57,17,18,92,20,36,56,148
03/28/2002,ENA,AK,AAL,WE,Federal Contract Tower,0,4,0,3,7,0,43,36,3,82,0,47,36,6,89,72,54,126,215
03/29/2002,ENA,AK,AAL,WE,Federal Contract Tower,0,5,3,0,8,0,39,29,0,68,0,44,32,0,76,52,0,52,128
03/30/2002,ENA,AK,AAL,WE,Federal Contract Tower,1,0,0,0,1,5,15,30,0,50,6,15,30,0,51,74,0,74,125
03/31/2002,ENA,AK,AAL,WE,Federal Contract Tower,0,0,2,0,2,0,22,6,0,28,0,22,8,0,30,22,0,22,52
04/01/2002,ENA,AK,AAL,WE,Federal Contract Tower,0,6,3,0,9,0,32,38,2,72,0,38,41,2,81,26,10,36,117
04/02/2002,ENA,AK,AAL,WE,Federal Contract Tower,0,5,2,0,7,5,47,22,2,76,5,52,24,2,83,46,6,52,135
04/03/2002,ENA,AK,AAL,WE,Federal Contract Tower,0,5,1,0,6,5,25,31,27,88,5,30,32,27,94,22,4,26,120
04/04/2002,ENA,AK,AAL,WE,Federal Contract Tower,0,10,2,0,12,0,26,30,4,60,0,36,32,4,72,36,0,36,108
04/05/2002,ENA,AK,AAL,WE,Federal Contract Tower,0,9,5,2,16,4,37,26,2,69,4,46,31,4,85,42,16,58,143
04/06/2002,ENA,AK,AAL,WE,Federal Contract Tower,0,3,1,0,4,0,22,45,0,67,0,25,46,0,71,78,8,86,157
04/07/2002,ENA,AK,AAL,WE,Federal Contract Tower,0,0,0,0,0,0,22,48,0,70,0,22,48,0,70,6,0,6,76
04/08/2002,ENA,AK,AAL,WE,Federal Contract Tower,0,13,0,0,13,2,39,36,10,87,2,52,36,10,100,28,10,38,138
04/09/2002,ENA,AK,AAL,WE,Federal Contract Tower,0,21,8,6,35,0,5,9,0,14,0,26,17,6,49,0,0,0,49
04/10/2002,ENA,AK,AAL,WE,Federal Contract Tower,0,18,2,2,22,0,18,20,2,40,0,36,22,4,62,14,30,44,106
04/11/2002,ENA,AK,AAL,WE,Federal Contract Tower,0,17,6,0,23,1,33,13,6,53,1,50,19,6,76,12,26,38,114
04/12/2002,ENA,AK,AAL,WE,Federal Contract Tower,0,7,1,0,8,0,41,51,2,94,0,48,52,2,102,48,0,48,150
04/13/2002,ENA,AK,AAL,WE,Federal Contract Tower,0,4,6,0,10,11,22,51,0,84,11,26,57,0,94,104,0,104,198
04/14/2002,ENA,AK,AAL,WE,Federal Contract Tower,0,2,0,0,2,0,32,42,3,77,0,34,42,3,79,18,10,28,107
04/15/2002,ENA,AK,AAL,WE,Federal Contract Tower,0,1,0,5,6,0,41,36,0,77,0,42,36,5,83,26,33,59,142
04/16/2002,ENA,AK,AAL,WE,Federal Contract Tower,0,12,1,0,13,0,27,21,2,50,0,39,22,2,63,30,0,30,93
04/17/2002,ENA,AK,AAL,WE,Federal Contract Tower,0,25,0,2,27,0,16,6,0,22,0,41,6,2,49,16,0,16,65
04/18/2002,ENA,AK,AAL,WE,Federal Contract Tower,0,20,0,0,20,0,25,19,0,44,0,45,19,0,64,8,0,8,72
04/19/2002,ENA,AK,AAL,WE,Federal Contract Tower,0,20,5,3,28,0,25,21,0,46,0,45,26,3,74,10,2,12,86
04/20/2002,ENA,AK,AAL,WE,Federal Contract Tower,0,10,6,0,16,0,20,22,7,49,0,30,28,7,65,30,0,30,95
04/21/2002,ENA,AK,AAL,WE,Federal Contract Tower,0,5,3,0,8,0,23,21,0,44,0,28,24,0,52,18,0,18,70
04/22/2002,ENA,AK,AAL,WE,Federal Contract Tower,0,6,0,1,7,4,38,52,7,101,4,44,52,8,108,84,42,126,234
04/23/2002,ENA,AK,AAL,WE,Federal Contract Tower,0,6,1,3,10,8,47,36,5,96,8,53,37,8,106,36,22,58,164
04/24/2002,ENA,AK,AAL,WE,Federal Contract Tower,0,11,1,0,12,9,37,39,0,85,9,48,40,0,97,90,2,92,189
04/25/2002,ENA,AK,AAL,WE,Federal Contract Tower,0,10,0,0,10,5,44,34,0,83,5,54,34,0,93,68,0,68,161
04/26/2002,ENA,AK,AAL,WE,Federal Contract Tower,0,11,2,0,13,0,42,27,0,69,0,53,29,0,82,106,28,134,216
04/27/2002,ENA,AK,AAL,WE,Federal Contract Tower,0,1,0,0,1,0,22,45,0,67,0,23,45,0,68,55,0,55,123
04/28/2002,ENA,AK,AAL,WE,Federal Contract Tower,0,15,2,0,17,0,9,17,0,26,0,24,19,0,43,0,0,0,43
04/29/2002,ENA,AK,AAL,WE,Federal Contract Tower,0,31,3,0,34,0,16,19,1,36,0,47,22,1,70,24,8,32,102
04/30/2002,ENA,AK,AAL,WE,Federal Contract Tower,0,24,3,0,27,0,31,17,0,48,0,55,20,0,75,56,0,56,131
05/01/2002,ENA,AK,AAL,WE,Federal Contract Tower,0,11,4,0,15,0,25,6,0,31,0,36,10,0,46,36,0,36,82
05/02/2002,ENA,AK,AAL,WE,Federal Contract Tower,0,8,3,0,11,0,68,34,12,114,0,76,37,12,125,138,0,138,263
05/03/2002,ENA,AK,AAL,WE,Federal Contract Tower,0,17,4,2,23,0,29,20,6,55,0,46,24,8,78,76,0,76,154
05/04/2002,ENA,AK,AAL,WE,Federal Contract Tower,0,2,3,0,5,0,25,44,0,69,0,27,47,0,74,74,0,74,148
05/05/2002,ENA,AK,AAL,WE,Federal Contract Tower,0,6,2,4,12,0,22,30,0,52,0,28,32,4,64,52,0,52,116
05/06/2002,ENA,AK,AAL,WE,Federal Contract Tower,0,35,0,6,41,0,9,28,7,44,0,44,28,13,85,42,68,110,195
05/07/2002,ENA,AK,AAL,WE,Federal Contract Tower,0,28,6,0,34,0,23,10,2,35,0,51,16,2,69,38,10,48,117
05/08/2002,ENA,AK,AAL,WE,Federal Contract Tower,0,27,5,6,38,0,25,18,2,45,0,52,23,8,83,52,22,74,157
05/09/2002,ENA,AK,AAL,WE,Federal Contract Tower,0,15,2,0,17,0,43,36,4,83,0,58,38,4,100,64,28,92,192
05/10/2002,ENA,AK,AAL,WE,Federal Contract Tower,0,7,2,1,10,6,47,57,1,111,6,54,59,2,121,152,0,152,273
05/11/2002,ENA,AK,AAL,WE,Federal Contract Tower,0,1,2,0,3,0,30,20,0,50,0,31,22,0,53,20,0,20,73
05/12/2002,ENA,AK,AAL,WE,Federal Contract Tower,0,2,1,0,3,0,26,39,0,65,0,28,40,0,68,52,0,52,120
05/13/2002,ENA,AK,AAL,WE,Federal Contract Tower,0,2,0,2,4,0,38,42,0,80,0,40,42,2,84,42,65,107,191
05/14/2002,ENA,AK,AAL,WE,Federal Contract Tower,0,9,0,2,11,0,113,40,0,153,0,122,40,2,164,83,30,113,277
05/15/2002,ENA,AK,AAL,WE,Federal Contract Tower,0,25,1,2,28,2,49,32,2,85,2,74,33,4,113,102,28,130,243
05/16/2002,ENA,AK,AAL,WE,Federal Contract Tower,0,14,0,0,14,0,67,34,0,101,0,81,34,0,115,82,28,110,225
05/17/2002,ENA,AK,AAL,WE,Federal Contract Tower,0,3,1,0,4,0,73,53,0,126,0,76,54,0,130,86,0,86,216
05/18/2002,ENA,AK,AAL,WE,Federal Contract Tower,0,4,0,0,4,2,42,53,0,97,2,46,53,0,101,47,0,47,148
05/19/2002,ENA,AK,AAL,WE,Federal Contract Tower,0,6,1,0,7,2,14,39,0,55,2,20,40,0,62,72,0,72,134
05/20/2002,ENA,AK,AAL,WE,Federal Contract Tower,0,7,0,0,7,2,31,51,2,86,2,38,51,2,93,72,47,119,212
05/21/2002,ENA,AK,AAL,WE,Federal Contract Tower,0,12,1,0,13,2,57,35,0,94,2,69,36,0,107,104,26,130,237
05/22/2002,ENA,AK,AAL,WE,Federal Contract Tower,0,15,4,5,24,3,54,50,23,130,3,69,54,28,154,164,106,270,424
05/23/2002,ENA,AK,AAL,WE,Federal Contract Tower,0,13,1,0,14,1,71,47,0,119,1,84,48,0,133,74,0,74,207
05/24/2002,ENA,AK,AAL,WE,Federal Contract Tower,0,13,0,1,14,2,29,52,1,84,2,42,52,2,98,78,0,78,176
05/25/2002,ENA,AK,AAL,WE,Federal Contract Tower,0,4,0,0,4,0,23,42,0,65,0,27,42,0,69,32,0,32,101
05/26/2002,ENA,AK,AAL,WE,Federal Contract Tower,0,8,0,2,10,0,13,38,0,51,0,21,38,2,61,48,0,48,109
05/27/2002,ENA,AK,AAL,WE,Federal Contract Tower,0,3,1,0,4,0,28,53,1,82,0,31,54,1,86,30,0,30,116
05/28/2002,ENA,AK,AAL,WE,Federal Contract Tower,0,11,1,0,12,1,61,37,4,103,1,72,38,4,115,66,10,76,191
05/29/2002,ENA,AK,AAL,WE,Federal Contract Tower,0,13,0,1,14,1,56,33,1,91,1,69,33,2,105,116,38,154,259
05/30/2002,ENA,AK,AAL,WE,Federal Contract Tower,0,0,0,0,0,0,56,37,10,103,0,56,37,10,103,88,114,202,305
05/31/2002,ENA,AK,AAL,WE,Federal Contract Tower,0,13,1,4,18,4,27,40,2,73,4,40,41,6,91,28,16,44,135
06/01/2002,ENA,AK,AAL,WE,Federal Contract Tower,0,21,2,0,23,0,16,47,0,63,0,37,49,0,86,33,0,33,119
06/02/2002,ENA,AK,AAL,WE,Federal Contract Tower,0,5,0,0,5,0,26,35,0,61,0,31,35,0,66,80,0,80,146
06/03/2002,ENA,AK,AAL,WE,Federal Contract Tower,0,14,1,0,15,0,17,61,1,79,0,31,62,1,94,36,45,81,175
06/04/2002,ENA,AK,AAL,WE,Federal Contract Tower,0,25,1,0,26,0,45,48,6,99,0,70,49,6,125,42,70,112,237
06/05/2002,ENA,AK,AAL,WE,Federal Contract Tower,0,25,10,0,35,0,45,13,2,60,0,70,23,2,95,62,2,64,159
06/06/2002,ENA,AK,AAL,WE,Federal Contract Tower,0,30,10,2,42,2,23,12,3,40,2,53,22,5,82,56,44,100,182
06/07/2002,ENA,AK,AAL,WE,Federal Contract Tower,0,16,5,0,21,0,42,60,2,104,0,58,65,2,125,108,0,108,233
06/08/2002,ENA,AK,AAL,WE,Federal Contract Tower,1,6,3,0,10,2,24,80,0,106,3,30,83,0,116,16,0,16,132
06/09/2002,ENA,AK,AAL,WE,Federal Contract Tower,2,4,7,2,15,1,32,36,0,69,3,36,43,2,84,28,0,28,112
06/10/2002,ENA,AK,AAL,WE,Federal Contract Tower,0,20,7,2,29,0,26,63,0,89,0,46,70,2,118,118,32,150,268
06/11/2002,ENA,AK,AAL,WE,Federal Contract Tower,0,20,1,0,21,0,36,35,2,73,0,56,36,2,94,80,24,104,198
06/12/2002,ENA,AK,AAL,WE,Federal Contract Tower,0,25,8,4,37,0,40,41,3,84,0,65,49,7,121,72,74,146,267
06/13/2002,ENA,AK,AAL,WE,Federal Contract Tower,0,8,0,3,11,2,51,52,13,118,2,59,52,16,129,73,30,103,232
06/14/2002,ENA,AK,AAL,WE,Federal Contract Tower,0,9,2,0,11,0,29,44,0,73,0,38,46,0,84,96,0,96,180
06/15/2002,ENA,AK,AAL,WE,Federal Contract Tower,0,4,1,0,5,0,29,79,0,108,0,33,80,0,113,71,0,71,184
06/16/2002,ENA,AK,AAL,WE,Federal Contract Tower,0,13,8,0,21,1,8,30,0,39,1,21,38,0,60,14,0,14,74
06/17/2002,ENA,AK,AAL,WE,Federal Contract Tower,3,23,7,0,33,0,7,17,0,24,3,30,24,0,57,3,2,5,62
06/18/2002,ENA,AK,AAL,WE,Federal Contract Tower,0,14,0,0,14,0,38,49,0,87,0,52,49,0,101,22,0,22,123
06/19/2002,ENA,AK,AAL,WE,Federal Contract Tower,0,28,1,0,29,1,27,34,2,64,1,55,35,2,93,62,6,68,161
06/20/2002,ENA,AK,AAL,WE,Federal Contract Tower,6,19,3,0,28,0,67,60,10,137,6,86,63,10,165,90,18,108,273
06/21/2002,ENA,AK,AAL,WE,Federal Contract Tower,2,16,2,0,20,0,22,40,2,64,2,38,42,2,84,50,2,52,136
06/22/2002,ENA,AK,AAL,WE,Federal Contract Tower,0,2,4,0,6,0,35,49,0,84,0,37,53,0,90,20,0,20,110
06/23/2002,ENA,AK,AAL,WE,Federal Contract Tower,0,4,1,0,5,0,18,63,0,81,0,22,64,0,86,38,0,38,124
06/24/2002,ENA,AK,AAL,WE,Federal Contract Tower,0,10,2,0,12,0,32,49,0,81,0,42,51,0,93,60,33,93,186
06/25/2002,ENA,AK,AAL,WE,Federal Contract Tower,0,22,3,2,27,0,31,40,3,74,0,53,43,5,101,56,52,108,209
06/26/2002,ENA,AK,AAL,WE,Federal Contract Tower,0,18,2,0,20,4,46,34,0,84,4,64,36,0,104,38,12,50,154
06/27/2002,ENA,AK,AAL,WE,Federal Contract Tower,7,24,4,7,42,1,50,70,3,124,8,74,74,10,166,92,42,134,300
06/28/2002,ENA,AK,AAL,WE,Federal Contract Tower,0,14,3,0,17,2,31,50,0,83,2,45,53,0,100,52,12,64,164
06/29/2002,ENA,AK,AAL,WE,Federal Contract Tower,0,4,2,0,6,2,46,65,0,113,2,50,67,0,119,43,0,43,162
06/30/2002,ENA,AK,AAL,WE,Federal Contract Tower,1,0,2,0,3,1,33,59,0,93,2,33,61,0,96,67,0,67,163
07/01/2002,ENA,AK,AAL,WE,Federal Contract Tower,1,29,24,2,56,3,0,47,0,50,4,29,71,2,106,31,21,52,158
07/02/2002,ENA,AK,AAL,WE,Federal Contract Tower,4,50,35,2,91,0,0,25,0,25,4,50,60,2,116,62,18,80,196
07/03/2002,ENA,AK,AAL,WE,Federal Contract Tower,0,18,15,0,33,0,57,37,4,98,0,75,52,4,131,40,6,46,177
07/04/2002,ENA,AK,AAL,WE,Federal Contract Tower,0,3,5,0,8,0,41,46,0,87,0,44,51,0,95,20,0,20,115
07/05/2002,ENA,AK,AAL,WE,Federal Contract Tower,0,6,5,0,11,0,52,43,0,95,0,58,48,0,106,86,0,86,192
07/06/2002,ENA,AK,AAL,WE,Federal Contract Tower,0,12,8,0,20,0,16,26,0,42,0,28,34,0,62,28,0,28,90
07/07/2002,ENA,AK,AAL,WE,Federal Contract Tower,0,10,6,0,16,0,7,34,0,41,0,17,40,0,57,123,0,123,180
07/08/2002,ENA,AK,AAL,WE,Federal Contract Tower,0,18,7,2,27,0,20,37,1,58,0,38,44,3,85,72,1,73,158
07/09/2002,ENA,AK,AAL,WE,Federal Contract Tower,0,18,9,3,30,0,24,15,19,58,0,42,24,22,88,58,30,88,176
07/10/2002,ENA,AK,AAL,WE,Federal Contract Tower,0,14,5,0,19,0,52,33,12,97,0,66,38,12,116,68,34,102,218
07/11/2002,ENA,AK,AAL,WE,Federal Contract Tower,0,10,7,1,18,0,56,36,3,95,0,66,43,4,113,72,10,82,195
07/12/2002,ENA,AK,AAL,WE,Federal Contract Tower,0,13,6,0,19,0,42,42,3,87,0,55,48,3,106,64,0,64,170
07/13/2002,ENA,AK,AAL,WE,Federal Contract Tower,0,13,2,0,15,0,21,54,2,77,0,34,56,2,92,54,6,60,152
07/14/2002,ENA,AK,AAL,WE,Federal Contract Tower,0,7,6,2,15,0,14,64,0,78,0,21,70,2,93,85,6,91,184
07/15/2002,ENA,AK,AAL,WE,Federal Contract Tower,0,13,6,3,22,0,23,61,0,84,0,36,67,3,106,63,60,123,229
07/16/2002,ENA,AK,AAL,WE,Federal Contract Tower,0,18,2,5,25,6,20,75,3,104,6,38,77,8,129,55,44,99,228
07/17/2002,ENA,AK,AAL,WE,Federal Contract Tower,0,0,0,0,0,0,79,45,16,140,0,79,45,16,140,54,54,108,248
07/18/2002,ENA,AK,AAL,WE,Federal Contract Tower,0,31,8,0,39,0,34,9,0,43,0,65,17,0,82,14,0,14,96
07/19/2002,ENA,AK,AAL,WE,Federal Contract Tower,0,12,9,0,21,2,38,53,8,101,2,50,62,8,122,56,6,62,184
07/20/2002,ENA,AK,AAL,WE,Federal Contract Tower,0,2,7,0,9,0,36,53,0,89,0,38,60,0,98,70,0,70,168
07/21/2002,ENA,AK,AAL,WE,Federal Contract Tower,0,8,6,0,14,0,42,66,0,108,0,50,72,0,122,76,0,76,198
07/22/2002,ENA,AK,AAL,WE,Federal Contract Tower,0,16,9,9,34,0,36,66,5,107,0,52,75,14,141,32,72,104,245
07/23/2002,ENA,AK,AAL,WE,Federal Contract Tower,0,23,5,0,28,4,30,53,10,97,4,53,58,10,125,32,34,66,191
07/24/2002,ENA,AK,AAL,WE,Federal Contract Tower,0,35,8,3,46,1,17,5,11,34,1,52,13,14,80,0,22,22,102
07/25/2002,ENA,AK,AAL,WE,Federal Contract Tower,0,17,6,4,27,0,52,60,6,118,0,69,66,10,145,56,64,120,265
07/26/2002,ENA,AK,AAL,WE,Federal Contract Tower,0,30,9,2,41,0,20,43,0,63,0,50,52,2,104,28,6,34,138
07/27/2002,ENA,AK,AAL,WE,Federal Contract Tower,0,12,4,0,16,4,23,50,0,77,4,35,54,0,93,44,0,44,137
07/28/2002,ENA,AK,AAL,WE,Federal Contract Tower,0,5,6,0,11,0,32,61,0,93,0,37,67,0,104,26,0,26,130
07/29/2002,ENA,AK,AAL,WE,Federal Contract Tower,0,14,4,0,18,0,31,71,16,118,0,45,75,16,136,12,45,57,193
07/30/2002,ENA,AK,AAL,WE,Federal Contract Tower,0,15,8,0,23,0,30,108,12,150,0,45,116,12,173,38,55,93,266
07/31/2002,ENA,AK,AAL,WE,Federal Contract Tower,0,19,1,2,22,0,64,58,0,122,0,83,59,2,144,68,38,106,250
08/01/2002,ENA,AK,AAL,WE,Federal Contract Tower,0,12,0,0,12,0,59,79,4,142,0,71,79,4,154,40,14,54,208
08/02/2002,ENA,AK,AAL,WE,Federal Contract Tower,1,14,3,0,18,7,36,43,4,90,8,50,46,4,108,22,0,22,130
08/03/2002,ENA,AK,AAL,WE,Federal Contract Tower,0,6,0,0,6,6,27,68,0,101,6,33,68,0,107,14,0,14,121
08/04/2002,ENA,AK,AAL,WE,Federal Contract Tower,0,13,4,2,19,0,22,61,2,85,0,35,65,4,104,32,0,32,136
08/05/2002,ENA,AK,AAL,WE,Federal Contract Tower,0,32,1,3,36,0,12,25,1,38,0,44,26,4,74,40,6,46,120
08/06/2002,ENA,AK,AAL,WE,Federal Contract Tower,2,24,5,0,31,0,37,28,0,65,2,61,33,0,96,41,18,59,155
08/07/2002,ENA,AK,AAL,WE,Federal Contract Tower,0,29,4,7,40,0,21,11,1,33,0,50,15,8,73,10,32,42,115
08/08/2002,ENA,AK,AAL,WE,Federal Contract Tower,0,31,5,2,38,0,28,17,0,45,0,59,22,2,83,44,10,54,137
08/09/2002,ENA,AK,AAL,WE,Federal Contract Tower,0,11,3,2,16,0,31,39,2,72,0,42,42,4,88,46,10,56,144
08/10/2002,ENA,AK,AAL,WE,Federal Contract Tower,0,17,3,0,20,2,8,36,0,46,2,25,39,0,66,20,0,20,86
08/11/2002,ENA,AK,AAL,WE,Federal Contract Tower,0,22,4,0,26,0,10,18,0,28,0,32,22,0,54,8,0,8,62
08/12/2002,ENA,AK,AAL,WE,Federal Contract Tower,0,36,8,2,46,0,6,28,0,34,0,42,36,2,80,12,16,28,108
08/13/2002,ENA,AK,AAL,WE,Federal Contract Tower,5,20,0,0,25,0,44,68,4,116,5,64,68,4,141,26,24,50,191
08/14/2002,ENA,AK,AAL,WE,Federal Contract Tower,1,23,0,1,25,0,60,49,1,110,1,83,49,2,135,26,2,28,163
08/15/2002,ENA,AK,AAL,WE,Federal Contract Tower,0,16,2,1,19,1,51,35,1,88,1,67,37,2,107,62,6,68,175
08/16/2002,ENA,AK,AAL,WE,Federal Contract Tower,0,15,3,0,18,2,35,53,0,90,2,50,56,0,108,52,0,52,160
08/17/2002,ENA,AK,AAL,WE,Federal Contract Tower,0,11,0,0,11,0,28,64,0,92,0,39,64,0,103,10,0,10,113
08/18/2002,ENA,AK,AAL,WE,Federal Contract Tower,0,6,0,0,6,0,21,78,0,99,0,27,78,0,105,32,0,32,137
08/19/2002,ENA,AK,AAL,WE,Federal Contract Tower,0,26,0,4,30,2,13,45,8,68,2,39,45,12,98,32,30,62,160
08/20/2002,ENA,AK,AAL,WE,Federal Contract Tower,0,28,5,2,35,0,18,12,0,30,0,46,17,2,65,0,22,22,87
08/21/2002,ENA,AK,AAL,WE,Federal Contract Tower,0,39,11,2,52,0,21,12,0,33,0,60,23,2,85,2,2,4,89
08/22/2002,ENA,AK,AAL,WE,Federal Contract Tower,0,28,8,0,36,0,29,15,2,46,0,57,23,2,82,20,16,36,118
08/23/2002,ENA,AK,AAL,WE,Federal Contract Tower,0,20,4,6,30,0,24,41,2,67,0,44,45,8,97,30,14,44,141
08/24/2002,ENA,AK,AAL,WE,Federal Contract Tower,0,14,1,1,16,0,22,59,1,82,0,36,60,2,98,33,0,33,131
08/25/2002,ENA,AK,AAL,WE,Federal Contract Tower,0,6,5,0,11,0,37,61,0,98,0,43,66,0,109,33,0,33,142
08/26/2002,ENA,AK,AAL,WE,Federal Contract Tower,0,16,3,3,22,0,50,84,5,139,0,66,87,8,161,52,40,92,253
08/27/2002,ENA,AK,AAL,WE,Federal Contract Tower,0,21,1,0,22,0,26,36,0,62,0,47,37,0,84,15,0,15,99
08/28/2002,ENA,AK,AAL,WE,Federal Contract Tower,0,18,1,2,21,0,62,50,8,120,0,80,51,10,141,58,32,90,231
08/29/2002,ENA,AK,AAL,WE,Federal Contract Tower,0,18,3,0,21,0,48,15,0,63,0,66,18,0,84,16,0,16,100
08/30/2002,ENA,AK,AAL,WE,Federal Contract Tower,0,26,6,2,34,0,14,26,2,42,0,40,32,4,76,32,12,44,120
08/31/2002,ENA,AK,AAL,WE,Federal Contract Tower,0,21,4,0,25,0,13,24,0,37,0,34,28,0,62,49,0,49,111
09/01/2002,ENA,AK,AAL,WE,Federal Contract Tower,0,12,1,0,13,0,12,40,0,52,0,24,41,0,65,12,0,12,77
09/02/2002,ENA,AK,AAL,WE,Federal Contract Tower,0,8,1,0,9,0,37,84,0,121,0,45,85,0,130,37,0,37,167
09/03/2002,ENA,AK,AAL,WE,Federal Contract Tower,0,12,1,0,13,0,44,59,2,105,0,56,60,2,118,75,0,75,193
09/04/2002,ENA,AK,AAL,WE,Federal Contract Tower,0,10,2,0,12,0,42,26,2,70,0,52,28,2,82,62,14,76,158
09/05/2002,ENA,AK,AAL,WE,Federal Contract Tower,2,34,5,0,41,0,21,16,0,37,2,55,21,0,78,6,0,6,84
09/06/2002,ENA,AK,AAL,WE,Federal Contract Tower,0,27,2,1,30,0,33,36,1,70,0,60,38,2,100,94,0,94,194
09/07/2002,ENA,AK,AAL,WE,Federal Contract Tower,0,10,2,0,12,0,24,26,0,50,0,34,28,0,62,90,0,90,152
09/08/2002,ENA,AK,AAL,WE,Federal Contract Tower,0,2,3,0,5,0,21,57,0,78,0,23,60,0,83,42,0,42,125
09/09/2002,ENA,AK,AAL,WE,Federal Contract Tower,0,19,0,0,19,0,15,43,9,67,0,34,43,9,86,28,38,66,152
09/10/2002,ENA,AK,AAL,WE,Federal Contract Tower,0,11,2,0,13,5,25,36,0,66,5,36,38,0,79,57,0,57,136
09/11/2002,ENA,AK,AAL,WE,Federal Contract Tower,2,25,0,0,27,0,29,40,4,73,2,54,40,4,100,44,10,54,154
09/12/2002,ENA,AK,AAL,WE,Federal Contract Tower,0,31,1,0,32,0,16,14,8,38,0,47,15,8,70,2,26,28,98
09/13/2002,ENA,AK,AAL,WE,Federal Contract Tower,0,17,1,2,20,0,31,27,2,60,0,48,28,4,80,30,0,30,110
09/14/2002,ENA,AK,AAL,WE,Federal Contract Tower,0,7,0,0,7,0,17,30,0,47,0,24,30,0,54,42,0,42,96
09/15/2002,ENA,AK,AAL,WE,Federal Contract Tower,0,4,0,2,6,0,16,50,1,67,0,20,50,3,73,49,10,59,132
09/16/2002,ENA,AK,AAL,WE,Federal Contract Tower,0,16,2,0,18,4,25,32,5,66,4,41,34,5,84,36,23,59,143
09/17/2002,ENA,AK,AAL,WE,Federal Contract Tower,0,25,1,0,26,8,21,22,0,51,8,46,23,0,77,28,0,28,105
09/18/2002,ENA,AK,AAL,WE,Federal Contract Tower,0,24,0,0,24,4,34,44,7,89,4,58,44,7,113,55,6,61,174
09/19/2002,ENA,AK,AAL,WE,Federal Contract Tower,0,24,3,0,27,1,28,27,4,60,1,52,30,4,87,60,30,90,177
09/20/2002,ENA,AK,AAL,WE,Federal Contract Tower,0,12,3,0,15,0,34,37,0,71,0,46,40,0,86,50,22,72,158
09/21/2002,ENA,AK,AAL,WE,Federal Contract Tower,0,7,0,0,7,0,32,73,0,105,0,39,73,0,112,44,6,50,162
09/22/2002,ENA,AK,AAL,WE,Federal Contract Tower,0,5,0,0,5,0,14,23,0,37,0,19,23,0,42,0,0,0,42
09/23/2002,ENA,AK,AAL,WE,Federal Contract Tower,0,17,0,2,19,0,19,33,3,55,0,36,33,5,74,27,32,59,133
09/24/2002,ENA,AK,AAL,WE,Federal Contract Tower,0,36,3,1,40,2,0,43,2,47,2,36,46,3,87,17,17,34,121
09/25/2002,ENA,AK,AAL,WE,Federal Contract Tower,0,31,0,1,32,0,21,15,1,37,0,52,15,2,69,4,18,22,91
09/26/2002,ENA,AK,AAL,WE,Federal Contract Tower,0,38,0,0,38,0,32,6,2,40,0,70,6,2,78,28,12,40,118
09/27/2002,ENA,AK,AAL,WE,Federal Contract Tower,0,22,2,0,24,0,20,18,0,38,0,42,20,0,62,44,0,44,106
09/28/2002,ENA,AK,AAL,WE,Federal Contract Tower,0,8,6,1,15,0,13,38,1,52,0,21,44,2,67,84,0,84,151
09/29/2002,ENA,AK,AAL,WE,Federal Contract Tower,0,10,1,0,11,0,8,24,0,32,0,18,25,0,43,7,0,7,50
09/30/2002,ENA,AK,AAL,WE,Federal Contract Tower,0,31,8,3,42,2,5,38,0,45,2,36,46,3,87,17,17,34,121
10/01/2002,ENA,AK,AAL,WE,Federal Contract Tower,0,28,2,0,30,0,26,17,0,43,0,54,19,0,73,14,12,26,99
10/02/2002,ENA,AK,AAL,WE,Federal Contract Tower,0,16,1,2,19,0,46,29,0,75,0,62,30,2,94,94,0,94,188
10/03/2002,ENA,AK,AAL,WE,Federal Contract Tower,0,16,2,3,21,0,21,29,2,52,0,37,31,5,73,57,62,119,192
10/04/2002,ENA,AK,AAL,WE,Federal Contract Tower,0,15,0,3,18,0,25,22,3,50,0,40,22,6,68,16,22,38,106
10/05/2002,ENA,AK,AAL,WE,Federal Contract Tower,0,16,2,0,18,0,2,16,0,18,0,18,18,0,36,12,0,12,48
10/06/2002,ENA,AK,AAL,WE,Federal Contract Tower,0,12,2,2,16,0,7,24,0,31,0,19,26,2,47,28,0,28,75
10/07/2002,ENA,AK,AAL,WE,Federal Contract Tower,0,28,1,0,29,0,12,5,0,17,0,40,6,0,46,46,2,48,94
10/08/2002,ENA,AK,AAL,WE,Federal Contract Tower,0,22,3,0,25,0,11,17,0,28,0,33,20,0,53,52,64,116,169
10/09/2002,ENA,AK,AAL,WE,Federal Contract Tower,0,10,2,0,12,0,50,20,5,75,0,60,22,5,87,80,56,136,223
10/10/2002,ENA,AK,AAL,WE,Federal Contract Tower,0,13,3,0,16,0,34,23,4,61,0,47,26,4,77,83,2,85,162
10/11/2002,ENA,AK,AAL,WE,Federal Contract Tower,2,25,3,0,30,0,15,9,0,24,2,40,12,0,54,6,0,6,60
10/12/2002,ENA,AK,AAL,WE,Federal Contract Tower,0,17,7,0,24,0,0,22,0,22,0,17,29,0,46,60,0,60,106
10/13/2002,ENA,AK,AAL,WE,Federal Contract Tower,0,3,0,0,3,0,12,17,0,29,0,15,17,0,32,22,0,22,54
10/14/2002,ENA,AK,AAL,WE,Federal Contract Tower,0,13,3,0,16,8,23,31,0,62,8,36,34,0,78,52,0,52,130
10/15/2002,ENA,AK,AAL,WE,Federal Contract Tower,0,30,5,0,35,0,16,0,2,18,0,46,5,2,53,0,0,0,53
10/16/2002,ENA,AK,AAL,WE,Federal Contract Tower,0,14,2,1,17,0,56,20,0,76,0,70,22,1,93,29,46,75,168
10/17/2002,ENA,AK,AAL,WE,Federal Contract Tower,2,25,3,3,33,0,30,8,1,39,2,55,11,4,72,6,0,6,78
10/18/2002,ENA,AK,AAL,WE,Federal Contract Tower,0,18,12,4,34,0,29,8,2,39,0,47,20,6,73,20,34,54,127
10/19/2002,ENA,AK,AAL,WE,Federal Contract Tower,0,12,4,0,16,0,12,10,0,22,0,24,14,0,38,60,0,60,98
10/20/2002,ENA,AK,AAL,WE,Federal Contract Tower,0,8,2,2,12,0,10,10,0,20,0,18,12,2,32,46,6,52,84
10/21/2002,ENA,AK,AAL,WE,Federal Contract Tower,0,19,2,0,21,0,16,48,0,64,0,35,50,0,85,84,0,84,169
10/22/2002,ENA,AK,AAL,WE,Federal Contract Tower,0,21,2,1,24,2,15,3,5,25,2,36,5,6,49,34,18,52,101
10/23/2002,ENA,AK,AAL,WE,Federal Contract Tower,0,15,0,0,15,0,44,17,0,61,0,59,17,0,76,44,0,44,120
10/24/2002,ENA,AK,AAL,WE,Federal Contract Tower,2,29,0,2,33,0,23,30,0,53,2,52,30,2,86,58,38,96,182
10/25/2002,ENA,AK,AAL,WE,Federal Contract Tower,0,17,0,0,17,4,21,23,0,48,4,38,23,0,65,16,0,16,81
10/26/2002,ENA,AK,AAL,WE,Federal Contract Tower,1,6,3,0,10,9,19,82,0,110,10,25,85,0,120,70,0,70,190
10/27/2002,ENA,AK,AAL,WE,Federal Contract Tower,0,15,4,0,19,1,4,46,0,51,1,19,50,0,70,54,0,54,124
10/28/2002,ENA,AK,AAL,WE,Federal Contract Tower,4,21,1,0,26,4,11,3,6,24,8,32,4,6,50,38,10,48,98
10/29/2002,ENA,AK,AAL,WE,Federal Contract Tower,0,21,5,0,26,0,22,0,0,22,0,43,5,0,48,6,4,10,58
10/30/2002,ENA,AK,AAL,WE,Federal Contract Tower,0,18,1,1,20,0,48,28,3,79,0,66,29,4,99,60,6,66,165
10/31/2002,ENA,AK,AAL,WE,Federal Contract Tower,0,21,0,3,24,4,33,36,3,76,4,54,36,6,100,78,32,110,210
11/01/2002,ENA,AK,AAL,WE,Federal Contract Tower,0,12,2,2,16,3,32,16,0,51,3,44,18,2,67,46,14,60,127
11/02/2002,ENA,AK,AAL,WE,Federal Contract Tower,0,7,1,0,8,2,11,23,0,36,2,18,24,0,44,86,0,86,130
11/03/2002,ENA,AK,AAL,WE,Federal Contract Tower,0,14,0,4,18,0,1,11,0,12,0,15,11,4,30,30,14,44,74
11/04/2002,ENA,AK,AAL,WE,Federal Contract Tower,0,7,0,0,7,0,34,32,0,66,0,41,32,0,73,38,26,64,137
11/05/2002,ENA,AK,AAL,WE,Federal Contract Tower,2,7,1,0,10,4,38,18,0,60,6,45,19,0,70,36,0,36,106
11/06/2002,ENA,AK,AAL,WE,Federal Contract Tower,1,10,2,3,16,3,39,13,1,56,4,49,15,4,72,44,18,62,134
11/07/2002,ENA,AK,AAL,WE,Federal Contract Tower,4,6,1,1,12,2,44,21,3,70,6,50,22,4,82,46,12,58,140
11/08/2002,ENA,AK,AAL,WE,Federal Contract Tower,13,15,2,0,30,12,40,24,8,84,25,55,26,8,114,36,14,50,164
11/09/2002,ENA,AK,AAL,WE,Federal Contract Tower,4,9,0,0,13,4,7,35,0,46,8,16,35,0,59,30,0,30,89
11/10/2002,ENA,AK,AAL,WE,Federal Contract Tower,0,11,0,0,11,0,4,12,0,16,0,15,12,0,27,50,0,50,77
11/11/2002,ENA,AK,AAL,WE,Federal Contract Tower,0,20,2,0,22,0,0,7,0,7,0,20,9,0,29,0,0,0,29
11/12/2002,ENA,AK,AAL,WE,Federal Contract Tower,4,17,0,0,21,0,36,26,2,64,4,53,26,2,85,26,18,44,129
11/13/2002,ENA,AK,AAL,WE,Federal Contract Tower,0,25,0,0,25,0,39,11,0,50,0,64,11,0,75,50,2,52,127
11/14/2002,ENA,AK,AAL,WE,Federal Contract Tower,4,26,1,0,31,0,15,2,0,17,4,41,3,0,48,12,0,12,60
11/15/2002,ENA,AK,AAL,WE,Federal Contract Tower,0,25,2,0,27,2,7,6,0,15,2,32,8,0,42,4,4,8,50
11/16/2002,ENA,AK,AAL,WE,Federal Contract Tower,0,21,12,0,33,4,0,12,0,16,4,21,24,0,49,22,0,22,71
11/17/2002,ENA,AK,AAL,WE,Federal Contract Tower,0,13,0,0,13,0,10,6,0,16,0,23,6,0,29,30,0,30,59
11/18/2002,ENA,AK,AAL,WE,Federal Contract Tower,1,23,0,0,24,1,17,18,0,36,2,40,18,0,60,18,52,70,130
11/19/2002,ENA,AK,AAL,WE,Federal Contract Tower,2,17,0,0,19,5,45,12,0,62,7,62,12,0,81,62,24,86,167
11/20/2002,ENA,AK,AAL,WE,Federal Contract Tower,0,19,0,0,19,0,32,25,7,64,0,51,25,7,83,84,26,110,193
11/21/2002,ENA,AK,AAL,WE,Federal Contract Tower,2,14,4,4,24,0,33,19,1,53,2,47,23,5,77,32,16,48,125
11/22/2002,ENA,AK,AAL,WE,Federal Contract Tower,0,22,2,0,24,0,16,14,0,30,0,38,16,0,54,32,4,36,90
11/23/2002,ENA,AK,AAL,WE,Federal Contract Tower,0,12,1,0,13,0,10,6,0,16,0,22,7,0,29,0,0,0,29
11/24/2002,ENA,AK,AAL,WE,Federal Contract Tower,0,2,0,0,2,0,8,14,92,114,0,10,14,92,116,0,0,0,116
11/25/2002,ENA,AK,AAL,WE,Federal Contract Tower,1,17,0,0,18,3,11,26,0,40,4,28,26,0,58,58,46,104,162
11/26/2002,ENA,AK,AAL,WE,Federal Contract Tower,0,20,0,4,24,0,19,24,0,43,0,39,24,4,67,26,36,62,129
11/27/2002,ENA,AK,AAL,WE,Federal Contract Tower,1,24,2,3,30,0,30,17,1,48,1,54,19,4,78,22,12,34,112
11/28/2002,ENA,AK,AAL,WE,Federal Contract Tower,0,5,0,0,5,0,11,9,0,20,0,16,9,0,25,22,0,22,47
11/29/2002,ENA,AK,AAL,WE,Federal Contract Tower,0,16,0,0,16,0,8,12,0,20,0,24,12,0,36,14,0,14,50
11/30/2002,ENA,AK,AAL,WE,Federal Contract Tower,0,14,0,0,14,0,10,26,0,36,0,24,26,0,50,72,0,72,122
12/01/2002,ENA,AK,AAL,WE,Federal Contract Tower,0,18,3,0,21,0,3,9,0,12,0,21,12,0,33,32,0,32,65
12/02/2002,ENA,AK,AAL,WE,Federal Contract Tower,1,17,1,0,19,1,5,46,2,54,2,22,47,2,73,42,40,82,155
12/03/2002,ENA,AK,AAL,WE,Federal Contract Tower,8,15,0,0,23,0,13,8,0,21,8,28,8,0,44,24,18,42,86
12/04/2002,ENA,AK,AAL,WE,Federal Contract Tower,4,20,0,1,25,0,2,42,1,45,4,22,42,2,70,48,8,56,126
12/05/2002,ENA,AK,AAL,WE,Federal Contract Tower,2,19,0,2,23,2,39,12,4,57,4,58,12,6,80,38,32,70,150
12/06/2002,ENA,AK,AAL,WE,Federal Contract Tower,0,19,0,4,23,0,5,51,0,56,0,24,51,4,79,54,24,78,157
12/07/2002,ENA,AK,AAL,WE,Federal Contract Tower,0,7,1,0,8,0,11,31,0,42,0,18,32,0,50,72,24,96,146
12/08/2002,ENA,AK,AAL,WE,Federal Contract Tower,0,4,1,4,9,0,10,23,2,35,0,14,24,6,44,58,4,62,106
12/09/2002,ENA,AK,AAL,WE,Federal Contract Tower,0,10,0,0,10,0,24,42,2,68,0,34,42,2,78,68,78,146,224
12/10/2002,ENA,AK,AAL,WE,Federal Contract Tower,4,21,0,0,25,0,13,18,0,31,4,34,18,0,56,20,0,20,76
12/11/2002,ENA,AK,AAL,WE,Federal Contract Tower,8,33,0,0,41,0,8,17,0,25,8,41,17,0,66,26,0,26,92
12/12/2002,ENA,AK,AAL,WE,Federal Contract Tower,4,27,0,0,31,0,8,4,0,12,4,35,4,0,43,26,4,30,73
12/13/2002,ENA,AK,AAL,WE,Federal Contract Tower,0,23,0,1,24,6,9,22,3,40,6,32,22,4,64,30,24,54,118
12/14/2002,ENA,AK,AAL,WE,Federal Contract Tower,0,26,0,0,26,0,6,15,0,21,0,32,15,0,47,52,0,52,99
12/15/2002,ENA,AK,AAL,WE,Federal Contract Tower,0,16,0,0,16,0,21,11,0,32,0,37,11,0,48,8,0,8,56
12/16/2002,ENA,AK,AAL,WE,Federal Contract Tower,2,22,0,2,26,0,14,45,2,61,2,36,45,4,87,70,10,80,167
12/17/2002,ENA,AK,AAL,WE,Federal Contract Tower,2,22,1,2,27,0,10,20,2,32,2,32,21,4,59,22,0,22,81
12/18/2002,ENA,AK,AAL,WE,Federal Contract Tower,5,19,0,0,24,0,18,16,2,36,5,37,16,2,60,12,26,38,98
12/19/2002,ENA,AK,AAL,WE,Federal Contract Tower,2,24,0,0,26,2,20,18,0,40,4,44,18,0,66,18,0,18,84
12/20/2002,ENA,AK,AAL,WE,Federal Contract Tower,0,15,3,1,19,10,20,25,5,60,10,35,28,6,79,40,12,52,131
12/21/2002,ENA,AK,AAL,WE,Federal Contract Tower,0,15,0,0,15,0,11,24,0,35,0,26,24,0,50,26,0,26,76
12/22/2002,ENA,AK,AAL,WE,Federal Contract Tower,0,14,0,0,14,0,4,6,0,10,0,18,6,0,24,0,0,0,24
12/23/2002,ENA,AK,AAL,WE,Federal Contract Tower,0,29,2,0,31,0,4,11,0,15,0,33,13,0,46,20,0,20,66
12/24/2002,ENA,AK,AAL,WE,Federal Contract Tower,8,30,1,0,39,0,0,0,0,0,8,30,1,0,39,2,0,2,41
12/25/2002,ENA,AK,AAL,WE,Federal Contract Tower,0,9,0,0,9,0,10,1,0,11,0,19,1,0,20,0,0,0,20
12/26/2002,ENA,AK,AAL,WE,Federal Contract Tower,2,18,0,0,20,4,30,7,0,41,6,48,7,0,61,26,2,28,89
12/27/2002,ENA,AK,AAL,WE,Federal Contract Tower,0,19,2,2,23,2,21,22,0,45,2,40,24,2,68,40,14,54,122
12/28/2002,ENA,AK,AAL,WE,Federal Contract Tower,0,20,2,0,22,0,8,16,0,24,0,28,18,0,46,4,0,4,50
12/29/2002,ENA,AK,AAL,WE,Federal Contract Tower,0,13,0,0,13,0,0,2,0,2,0,13,2,0,15,0,0,0,15
12/30/2002,ENA,AK,AAL,WE,Federal Contract Tower,0,26,0,2,28,0,2,24,0,26,0,28,24,2,54,54,2,56,110
12/31/2002,ENA,AK,AAL,WE,Federal Contract Tower,4,18,0,0,22,0,30,33,0,63,4,48,33,0,85,42,0,42,127
01/01/2003,ENA,AK,AAL,WE,Federal Contract Tower,0,11,0,0,11,0,11,2,0,13,0,22,2,0,24,22,0,22,46
01/02/2003,ENA,AK,AAL,WE,Federal Contract Tower,0,20,1,1,22,0,20,17,1,38,0,40,18,2,60,30,28,58,118
01/03/2003,ENA,AK,AAL,WE,Federal Contract Tower,0,19,0,0,19,0,26,28,0,54,0,45,28,0,73,44,22,66,139
01/04/2003,ENA,AK,AAL,WE,Federal Contract Tower,0,17,0,1,18,0,5,22,9,36,0,22,22,10,54,28,14,42,96
01/05/2003,ENA,AK,AAL,WE,Federal Contract Tower,0,7,5,0,12,0,13,10,8,31,0,20,15,8,43,20,20,40,83
01/06/2003,ENA,AK,AAL,WE,Federal Contract Tower,0,27,2,2,31,0,4,10,2,16,0,31,12,4,47,2,6,8,55
01/07/2003,ENA,AK,AAL,WE,Federal Contract Tower,7,13,0,0,20,0,28,24,7,59,7,41,24,7,79,20,18,38,117
01/08/2003,ENA,AK,AAL,WE,Federal Contract Tower,4,16,1,0,21,2,20,11,2,35,6,36,12,2,56,2,16,18,74
01/09/2003,ENA,AK,AAL,WE,Federal Contract Tower,0,19,0,0,19,0,23,12,6,41,0,42,12,6,60,6,6,12,72
01/10/2003,ENA,AK,AAL,WE,Federal Contract Tower,0,16,2,2,20,2,16,15,4,37,2,32,17,6,57,28,0,28,85
01/11/2003,ENA,AK,AAL,WE,Federal Contract Tower,1,10,3,0,14,0,14,40,0,54,1,24,43,0,68,46,0,46,114
01/12/2003,ENA,AK,AAL,WE,Federal Contract Tower,2,5,2,2,11,0,23,32,0,55,2,28,34,2,66,46,0,46,112
01/13/2003,ENA,AK,AAL,WE,Federal Contract Tower,1,15,4,2,22,5,46,36,20,107,6,61,40,22,129,40,20,60,189
01/14/2003,ENA,AK,AAL,WE,Federal Contract Tower,0,12,0,0,12,0,39,26,10,75,0,51,26,10,87,32,30,62,149
01/15/2003,ENA,AK,AAL,WE,Federal Contract Tower,0,9,0,4,13,0,43,21,2,66,0,52,21,6,79,36,42,78,157
01/16/2003,ENA,AK,AAL,WE,Federal Contract Tower,4,21,0,1,26,2,27,21,18,68,6,48,21,19,94,64,20,84,178
01/17/2003,ENA,AK,AAL,WE,Federal Contract Tower,0,23,0,0,23,0,9,21,0,30,0,32,21,0,53,38,0,38,91
01/18/2003,ENA,AK,AAL,WE,Federal Contract Tower,0,18,2,0,20,0,0,28,0,28,0,18,30,0,48,32,0,32,80
01/19/2003,ENA,AK,AAL,WE,Federal Contract Tower,0,16,2,0,18,0,6,7,0,13,0,22,9,0,31,36,0,36,67
01/20/2003,ENA,AK,AAL,WE,Federal Contract Tower,0,16,0,0,16,0,18,27,0,45,0,34,27,0,61,22,0,22,83
01/21/2003,ENA,AK,AAL,WE,Federal Contract Tower,4,20,1,2,27,0,22,13,10,45,4,42,14,12,72,20,24,44,116
01/22/2003,ENA,AK,AAL,WE,Federal Contract Tower,0,14,2,2,18,1,43,18,4,66,1,57,20,6,84,44,18,62,146
01/23/2003,ENA,AK,AAL,WE,Federal Contract Tower,0,11,0,2,13,0,38,19,2,59,0,49,19,4,72,8,8,16,88
01/24/2003,ENA,AK,AAL,WE,Federal Contract Tower,0,23,3,0,26,4,7,29,0,40,4,30,32,0,66,64,0,64,130
01/25/2003,ENA,AK,AAL,WE,Federal Contract Tower,0,12,2,0,14,0,11,39,0,50,0,23,41,0,64,88,0,88,152
01/26/2003,ENA,AK,AAL,WE,Federal Contract Tower,0,0,0,0,0,0,14,32,0,46,0,14,32,0,46,26,0,26,72
01/27/2003,ENA,AK,AAL,WE,Federal Contract Tower,0,12,0,2,14,0,36,26,0,62,0,48,26,2,76,24,40,64,140
01/28/2003,ENA,AK,AAL,WE,Federal Contract Tower,0,23,0,0,23,0,17,23,0,40,0,40,23,0,63,46,0,46,109
01/29/2003,ENA,AK,AAL,WE,Federal Contract Tower,0,20,3,0,23,0,16,18,4,38,0,36,21,4,61,68,52,120,181
01/30/2003,ENA,AK,AAL,WE,Federal Contract Tower,0,18,0,1,19,6,38,28,1,73,6,56,28,2,92,128,36,164,256
01/31/2003,ENA,AK,AAL,WE,Federal Contract Tower,0,19,1,8,28,0,27,23,0,50,0,46,24,8,78,18,36,54,132
02/01/2003,ENA,AK,AAL,WE,Federal Contract Tower,0,7,0,1,8,4,33,32,7,76,4,40,32,8,84,32,6,38,122
02/02/2003,ENA,AK,AAL,WE,Federal Contract Tower,0,3,0,2,5,0,12,30,0,42,0,15,30,2,47,60,0,60,107
02/03/2003,ENA,AK,AAL,WE,Federal Contract Tower,2,23,0,0,25,0,1,38,0,39,2,24,38,0,64,34,22,56,120
02/04/2003,ENA,AK,AAL,WE,Federal Contract Tower,0,23,0,1,24,0,17,5,3,25,0,40,5,4,49,4,14,18,67
02/05/2003,ENA,AK,AAL,WE,Federal Contract Tower,0,24,0,3,27,0,13,6,3,22,0,37,6,6,49,14,94,108,157
02/06/2003,ENA,AK,AAL,WE,Federal Contract Tower,0,23,0,1,24,0,39,20,1,60,0,62,20,2,84,30,60,90,174
02/07/2003,ENA,AK,AAL,WE,Federal Contract Tower,2,21,0,0,23,0,17,26,2,45,2,38,26,2,68,50,6,56,124
02/08/2003,ENA,AK,AAL,WE,Federal Contract Tower,0,11,2,0,13,0,10,0,0,10,0,21,2,0,23,0,0,0,23
02/09/2003,ENA,AK,AAL,WE,Federal Contract Tower,0,11,3,0,14,0,6,17,0,23,0,17,20,0,37,12,0,12,49
02/10/2003,ENA,AK,AAL,WE,Federal Contract Tower,0,24,11,3,38,0,7,3,3,13,0,31,14,6,51,22,38,60,111
02/11/2003,ENA,AK,AAL,WE,Federal Contract Tower,6,17,6,3,32,2,39,26,7,74,8,56,32,10,106,56,36,92,198
02/12/2003,ENA,AK,AAL,WE,Federal Contract Tower,0,29,1,0,30,0,19,7,2,28,0,48,8,2,58,14,22,36,94
02/13/2003,ENA,AK,AAL,WE,Federal Contract Tower,0,21,2,2,25,0,45,24,4,73,0,66,26,6,98,52,54,106,204
02/14/2003,ENA,AK,AAL,WE,Federal Contract Tower,2,27,0,0,29,0,17,17,0,34,2,44,17,0,63,4,0,4,67
02/15/2003,ENA,AK,AAL,WE,Federal Contract Tower,0,13,1,0,14,0,19,59,0,78,0,32,60,0,92,48,0,48,140
02/16/2003,ENA,AK,AAL,WE,Federal Contract Tower,0,16,2,0,18,0,12,46,0,58,0,28,48,0,76,72,0,72,148
02/17/2003,ENA,AK,AAL,WE,Federal Contract Tower,1,22,2,0,25,1,26,28,0,55,2,48,30,0,80,55,0,55,135
02/18/2003,ENA,AK,AAL,WE,Federal Contract Tower,0,23,0,0,23,0,31,35,2,68,0,54,35,2,91,92,14,106,197
02/19/2003,ENA,AK,AAL,WE,Federal Contract Tower,0,18,2,0,20,0,32,26,6,64,0,50,28,6,84,86,8,94,178
02/20/2003,ENA,AK,AAL,WE,Federal Contract Tower,0,22,2,1,25,2,22,36,1,61,2,44,38,2,86,80,18,98,184
02/21/2003,ENA,AK,AAL,WE,Federal Contract Tower,0,28,3,2,33,2,4,9,2,17,2,32,12,4,50,46,4,50,100
02/22/2003,ENA,AK,AAL,WE,Federal Contract Tower,0,12,3,0,15,0,13,26,0,39,0,25,29,0,54,78,0,78,132
02/23/2003,ENA,AK,AAL,WE,Federal Contract Tower,0,11,1,2,14,0,15,1,0,16,0,26,2,2,30,44,0,44,74
02/24/2003,ENA,AK,AAL,WE,Federal Contract Tower,0,23,2,0,25,2,12,16,3,33,2,35,18,3,58,25,40,65,123
02/25/2003,ENA,AK,AAL,WE,Federal Contract Tower,2,25,3,3,33,1,6,13,1,21,3,31,16,4,54,20,8,28,82
02/26/2003,ENA,AK,AAL,WE,Federal Contract Tower,0,25,3,0,28,0,15,21,0,36,0,40,24,0,64,76,28,104,168
02/27/2003,ENA,AK,AAL,WE,Federal Contract Tower,0,19,2,4,25,0,37,30,4,71,0,56,32,8,96,60,24,84,180
02/28/2003,ENA,AK,AAL,WE,Federal Contract Tower,0,17,0,1,18,2,24,18,1,45,2,41,18,2,63,54,10,64,127
03/01/2003,ENA,AK,AAL,WE,Federal Contract Tower,0,15,3,1,19,0,14,53,1,68,0,29,56,2,87,75,0,75,162
03/02/2003,ENA,AK,AAL,WE,Federal Contract Tower,0,14,0,0,14,0,10,2,0,12,0,24,2,0,26,8,0,8,34
03/03/2003,ENA,AK,AAL,WE,Federal Contract Tower,0,10,1,0,11,0,40,53,8,101,0,50,54,8,112,26,24,50,162
03/04/2003,ENA,AK,AAL,WE,Federal Contract Tower,0,17,0,0,17,2,34,14,2,52,2,51,14,2,69,74,26,100,169
03/05/2003,ENA,AK,AAL,WE,Federal Contract Tower,0,17,0,0,17,0,33,22,0,55,0,50,22,0,72,24,26,50,122
03/06/2003,ENA,AK,AAL,WE,Federal Contract Tower,0,10,0,0,10,2,26,17,2,47,2,36,17,2,57,62,4,66,123
03/07/2003,ENA,AK,AAL,WE,Federal Contract Tower,2,9,0,0,11,2,26,24,4,56,4,35,24,4,67,26,8,34,101
03/08/2003,ENA,AK,AAL,WE,Federal Contract Tower,1,2,0,0,3,7,18,38,0,63,8,20,38,0,66,73,0,73,139
03/09/2003,ENA,AK,AAL,WE,Federal Contract Tower,0,3,0,0,3,0,21,50,0,71,0,24,50,0,74,85,0,85,159
03/10/2003,ENA,AK,AAL,WE,Federal Contract Tower,0,4,0,4,8,4,43,22,9,78,4,47,22,13,86,16,50,66,152
03/11/2003,ENA,AK,AAL,WE,Federal Contract Tower,0,14,3,2,19,8,46,39,10,103,8,60,42,12,122,118,86,204,326
03/12/2003,ENA,AK,AAL,WE,Federal Contract Tower,0,20,0,0,20,8,26,6,2,42,8,46,6,2,62,0,14,14,76
03/13/2003,ENA,AK,AAL,WE,Federal Contract Tower,1,9,1,0,11,1,13,3,8,25,2,22,4,8,36,0,6,6,42
03/14/2003,ENA,AK,AAL,WE,Federal Contract Tower,2,7,2,4,15,0,34,4,6,44,2,41,6,10,59,12,88,100,159
03/15/2003,ENA,AK,AAL,WE,Federal Contract Tower,0,10,2,0,12,0,16,20,0,36,0,26,22,0,48,36,0,36,84
03/16/2003,ENA,AK,AAL,WE,Federal Contract Tower,0,6,0,1,7,0,18,38,1,57,0,24,38,2,64,40,4,44,108
03/17/2003,ENA,AK,AAL,WE,Federal Contract Tower,0,7,0,4,11,2,38,52,2,94,2,45,52,6,105,54,58,112,217
03/18/2003,ENA,AK,AAL,WE,Federal Contract Tower,0,11,4,0,15,0,41,53,2,96,0,52,57,2,111,72,28,100,211
03/19/2003,ENA,AK,AAL,WE,Federal Contract Tower,0,28,0,0,28,0,0,0,0,0,0,28,0,0,28,6,2,8,36
03/20/2003,ENA,AK,AAL,WE,Federal Contract Tower,0,25,0,0,25,2,21,20,0,43,2,46,20,0,68,38,0,38,106
03/21/2003,ENA,AK,AAL,WE,Federal Contract Tower,2,20,1,1,24,6,18,29,1,54,8,38,30,2,78,32,10,42,120
03/22/2003,ENA,AK,AAL,WE,Federal Contract Tower,0,9,0,0,9,2,29,46,1,78,2,38,46,1,87,138,4,142,229
03/23/2003,ENA,AK,AAL,WE,Federal Contract Tower,0,8,1,0,9,8,16,29,0,53,8,24,30,0,62,94,0,94,156
03/24/2003,ENA,AK,AAL,WE,Federal Contract Tower,0,14,3,0,17,0,30,17,4,51,0,44,20,4,68,54,38,92,160
03/25/2003,ENA,AK,AAL,WE,Federal Contract Tower,0,18,3,0,21,0,37,55,2,94,0,55,58,2,115,62,50,112,227
03/26/2003,ENA,AK,AAL,WE,Federal Contract Tower,0,23,2,0,25,0,25,30,8,63,0,48,32,8,88,64,20,84,172
03/27/2003,ENA,AK,AAL,WE,Federal Contract Tower,0,26,4,0,30,0,20,0,0,20,0,46,4,0,50,18,0,18,68
03/28/2003,ENA,AK,AAL,WE,Federal Contract Tower,0,16,0,0,16,8,29,40,2,79,8,45,40,2,95,124,0,124,219
03/29/2003,ENA,AK,AAL,WE,Federal Contract Tower,0,4,0,0,4,0,22,40,0,62,0,26,40,0,66,30,0,30,96
03/30/2003,ENA,AK,AAL,WE,Federal Contract Tower,0,2,1,0,3,0,22,43,0,65,0,24,44,0,68,72,0,72,140
03/31/2003,ENA,AK,AAL,WE,Federal Contract Tower,0,10,5,1,16,6,34,51,7,98,6,44,56,8,114,90,34,124,238
04/01/2003,ENA,AK,AAL,WE,Federal Contract Tower,0,17,0,8,25,0,40,28,0,68,0,57,28,8,93,22,44,66,159
04/02/2003,ENA,AK,AAL,WE,Federal Contract Tower,0,16,0,3,19,0,30,32,7,69,0,46,32,10,88,60,26,86,174
04/03/2003,ENA,AK,AAL,WE,Federal Contract Tower,0,11,4,0,15,2,34,32,0,68,2,45,36,0,83,94,0,94,177
04/04/2003,ENA,AK,AAL,WE,Federal Contract Tower,2,16,6,2,26,8,24,32,8,72,10,40,38,10,98,72,40,112,210
04/05/2003,ENA,AK,AAL,WE,Federal Contract Tower,0,1,1,0,2,0,27,57,0,84,0,28,58,0,86,78,0,78,164
04/06/2003,ENA,AK,AAL,WE,Federal Contract Tower,0,0,0,1,1,0,24,26,1,51,0,24,26,2,52,50,0,50,102
04/07/2003,ENA,AK,AAL,WE,Federal Contract Tower,0,12,3,0,15,4,24,35,2,65,4,36,38,2,80,56,24,80,160
04/08/2003,ENA,AK,AAL,WE,Federal Contract Tower,2,14,0,0,16,0,48,39,0,87,2,62,39,0,103,48,18,66,169
04/09/2003,ENA,AK,AAL,WE,Federal Contract Tower,0,25,0,0,25,0,19,28,6,53,0,44,28,6,78,102,28,130,208
04/10/2003,ENA,AK,AAL,WE,Federal Contract Tower,0,18,0,1,19,0,24,38,3,65,0,42,38,4,84,52,10,62,146
04/11/2003,ENA,AK,AAL,WE,Federal Contract Tower,2,12,1,1,16,1,32,66,5,104,3,44,67,6,120,134,4,138,258
04/12/2003,ENA,AK,AAL,WE,Federal Contract Tower,0,16,4,0,20,0,24,58,2,84,0,40,62,2,104,120,0,120,224
04/13/2003,ENA,AK,AAL,WE,Federal Contract Tower,0,15,2,0,17,1,19,26,2,48,1,34,28,2,65,30,0,30,95
04/14/2003,ENA,AK,AAL,WE,Federal Contract Tower,0,11,0,2,13,4,33,58,0,95,4,44,58,2,108,168,20,188,296
04/15/2003,ENA,AK,AAL,WE,Federal Contract Tower,0,30,2,1,33,0,29,4,1,34,0,59,6,2,67,18,0,18,85
04/16/2003,ENA,AK,AAL,WE,Federal Contract Tower,1,25,2,4,32,3,50,51,0,104,4,75,53,4,136,102,36,138,274
04/17/2003,ENA,AK,AAL,WE,Federal Contract Tower,0,8,5,2,15,0,38,35,2,75,0,46,40,4,90,96,30,126,216
04/18/2003,ENA,AK,AAL,WE,Federal Contract Tower,0,9,6,0,15,0,25,46,0,71,0,34,52,0,86,66,26,92,178
04/19/2003,ENA,AK,AAL,WE,Federal Contract Tower,0,2,1,0,3,0,18,77,0,95,0,20,78,0,98,68,0,68,166
04/20/2003,ENA,AK,AAL,WE,Federal Contract Tower,0,4,0,0,4,0,22,28,0,50,0,26,28,0,54,16,0,16,70
04/21/2003,ENA,AK,AAL,WE,Federal Contract Tower,2,11,1,0,14,0,39,31,6,76,2,50,32,6,90,66,62,128,218
04/22/2003,ENA,AK,AAL,WE,Federal Contract Tower,2,15,0,0,17,0,40,34,6,80,2,55,34,6,97,158,54,212,309
04/23/2003,ENA,AK,AAL,WE,Federal Contract Tower,0,13,0,2,15,0,39,51,4,94,0,52,51,6,109,92,40,132,241
04/24/2003,ENA,AK,AAL,WE,Federal Contract Tower,0,15,2,0,17,0,19,49,2,70,0,34,51,2,87,88,36,124,211
04/25/2003,ENA,AK,AAL,WE,Federal Contract Tower,6,6,1,0,13,0,33,53,0,86,6,39,54,0,99,54,6,60,159
04/26/2003,ENA,AK,AAL,WE,Federal Contract Tower,0,4,3,0,7,0,22,67,2,91,0,26,70,2,98,82,0,82,180
04/27/2003,ENA,AK,AAL,WE,Federal Contract Tower,0,2,0,0,2,0,26,60,0,86,0,28,60,0,88,22,0,22,110
04/28/2003,ENA,AK,AAL,WE,Federal Contract Tower,1,8,6,2,17,3,36,32,0,71,4,44,38,2,88,42,16,58,146
04/29/2003,ENA,AK,AAL,WE,Federal Contract Tower,0,14,2,0,16,0,56,46,0,102,0,70,48,0,118,120,30,150,268
04/30/2003,ENA,AK,AAL,WE,Federal Contract Tower,0,21,2,2,25,0,25,38,6,69,0,46,40,8,94,72,58,130,224
05/01/2003,ENA,AK,AAL,WE,Federal Contract Tower,0,16,1,0,17,2,32,42,8,84,2,48,43,8,101,116,64,180,281
05/02/2003,ENA,AK,AAL,WE,Federal Contract Tower,0,14,1,2,17,2,28,41,0,71,2,42,42,2,88,84,22,106,194
05/03/2003,ENA,AK,AAL,WE,Federal Contract Tower,4,2,6,0,12,0,34,54,0,88,4,36,60,0,100,84,0,84,184
05/04/2003,ENA,AK,AAL,WE,Federal Contract Tower,0,1,0,3,4,0,29,42,1,72,0,30,42,4,76,56,4,60,136
05/05/2003,ENA,AK,AAL,WE,Federal Contract Tower,2,24,3,0,29,2,36,23,2,63,4,60,26,2,92,40,38,78,170
05/06/2003,ENA,AK,AAL,WE,Federal Contract Tower,0,18,1,0,19,2,27,38,4,71,2,45,39,4,90,96,60,156,246
05/07/2003,ENA,AK,AAL,WE,Federal Contract Tower,2,19,0,3,24,0,27,34,3,64,2,46,34,6,88,82,18,100,188
05/08/2003,ENA,AK,AAL,WE,Federal Contract Tower,0,12,0,0,12,0,62,45,0,107,0,74,45,0,119,94,18,112,231
05/09/2003,ENA,AK,AAL,WE,Federal Contract Tower,0,23,3,0,26,2,27,39,2,70,2,50,42,2,96,86,0,86,182
05/10/2003,ENA,AK,AAL,WE,Federal Contract Tower,0,15,1,0,16,0,12,27,0,39,0,27,28,0,55,88,0,88,143
05/11/2003,ENA,AK,AAL,WE,Federal Contract Tower,0,17,5,0,22,0,12,29,0,41,0,29,34,0,63,88,0,88,151
05/12/2003,ENA,AK,AAL,WE,Federal Contract Tower,0,12,11,3,26,0,52,39,0,91,0,64,50,3,117,58,78,136,253
05/13/2003,ENA,AK,AAL,WE,Federal Contract Tower,4,14,5,1,24,0,50,23,1,74,4,64,28,2,98,66,16,82,180
05/14/2003,ENA,AK,AAL,WE,Federal Contract Tower,0,24,0,3,27,2,30,40,5,77,2,54,40,8,104,118,30,148,252
05/15/2003,ENA,AK,AAL,WE,Federal Contract Tower,0,20,1,1,22,0,50,53,1,104,0,70,54,2,126,122,26,148,274
05/16/2003,ENA,AK,AAL,WE,Federal Contract Tower,1,14,6,8,29,1,66,80,0,147,2,80,86,8,176,137,64,201,377
05/17/2003,ENA,AK,AAL,WE,Federal Contract Tower,0,9,1,0,10,0,39,68,0,107,0,48,69,0,117,102,0,102,219
05/18/2003,ENA,AK,AAL,WE,Federal Contract Tower,0,3,1,0,4,0,42,70,0,112,0,45,71,0,116,124,0,124,240
05/19/2003,ENA,AK,AAL,WE,Federal Contract Tower,0,11,0,0,11,1,59,36,1,97,1,70,36,1,108,114,16,130,238
05/20/2003,ENA,AK,AAL,WE,Federal Contract Tower,2,19,0,4,25,0,87,62,0,149,2,106,62,4,174,94,38,132,306
05/21/2003,ENA,AK,AAL,WE,Federal Contract Tower,0,17,1,3,21,0,71,57,1,129,0,88,58,4,150,116,76,192,342
05/22/2003,ENA,AK,AAL,WE,Federal Contract Tower,0,15,1,2,18,2,55,59,0,116,2,70,60,2,134,88,16,104,238
05/23/2003,ENA,AK,AAL,WE,Federal Contract Tower,0,19,0,2,21,16,33,52,0,101,16,52,52,2,122,56,38,94,216
05/24/2003,ENA,AK,AAL,WE,Federal Contract Tower,0,6,2,0,8,20,26,40,0,86,20,32,42,0,94,50,0,50,144
05/25/2003,ENA,AK,AAL,WE,Federal Contract Tower,0,4,0,0,4,2,32,36,0,70,2,36,36,0,74,32,0,32,106
05/26/2003,ENA,AK,AAL,WE,Federal Contract Tower,0,10,0,0,10,1,28,24,0,53,1,38,24,0,63,50,0,50,113
05/27/2003,ENA,AK,AAL,WE,Federal Contract Tower,0,18,1,0,19,0,58,31,0,89,0,76,32,0,108,98,12,110,218
05/28/2003,ENA,AK,AAL,WE,Federal Contract Tower,0,13,1,0,14,1,67,67,0,135,1,80,68,0,149,108,30,138,287
05/29/2003,ENA,AK,AAL,WE,Federal Contract Tower,0,21,1,0,22,3,33,45,0,81,3,54,46,0,103,106,34,140,243
05/30/2003,ENA,AK,AAL,WE,Federal Contract Tower,1,19,4,0,24,1,43,50,0,94,2,62,54,0,118,72,54,126,244
05/31/2003,ENA,AK,AAL,WE,Federal Contract Tower,1,3,1,0,5,3,22,84,0,109,4,25,85,0,114,16,0,16,130
06/01/2003,ENA,AK,AAL,WE,Federal Contract Tower,0,4,0,0,4,2,13,20,0,35,2,17,20,0,39,32,0,32,71
06/02/2003,ENA,AK,AAL,WE,Federal Contract Tower,0,13,5,0,18,0,47,41,0,88,0,60,46,0,106,78,48,126,232
06/03/2003,ENA,AK,AAL,WE,Federal Contract Tower,0,12,0,0,12,0,55,45,0,100,0,67,45,0,112,78,0,78,190
06/04/2003,ENA,AK,AAL,WE,Federal Contract Tower,2,20,7,0,29,3,23,23,2,51,5,43,30,2,80,78,18,96,176
06/05/2003,ENA,AK,AAL,WE,Federal Contract Tower,0,23,1,1,25,2,7,32,1,42,2,30,33,2,67,42,24,66,133
06/06/2003,ENA,AK,AAL,WE,Federal Contract Tower,0,15,2,3,20,6,29,40,1,76,6,44,42,4,96,48,28,76,172
06/07/2003,ENA,AK,AAL,WE,Federal Contract Tower,0,14,1,1,16,0,36,77,1,114,0,50,78,2,130,88,0,88,218
06/08/2003,ENA,AK,AAL,WE,Federal Contract Tower,0,11,14,0,25,0,15,20,0,35,0,26,34,0,60,106,0,106,166
06/09/2003,ENA,AK,AAL,WE,Federal Contract Tower,1,11,0,0,12,0,43,36,2,81,1,54,36,2,93,72,6,78,171
06/10/2003,ENA,AK,AAL,WE,Federal Contract Tower,0,44,24,0,68,2,24,18,0,44,2,68,42,0,112,18,0,18,130
06/11/2003,ENA,AK,AAL,WE,Federal Contract Tower,0,24,14,6,44,0,10,16,0,26,0,34,30,6,70,60,52,112,182
06/12/2003,ENA,AK,AAL,WE,Federal Contract Tower,0,23,3,2,28,2,17,49,0,68,2,40,52,2,96,52,4,56,152
06/13/2003,ENA,AK,AAL,WE,Federal Contract Tower,0,13,2,2,17,2,33,70,0,105,2,46,72,2,122,126,48,174,296
06/14/2003,ENA,AK,AAL,WE,Federal Contract Tower,0,24,6,0,30,0,14,22,0,36,0,38,28,0,66,26,0,26,92
06/15/2003,ENA,AK,AAL,WE,Federal Contract Tower,0,11,2,0,13,0,11,39,0,50,0,22,41,0,63,62,0,62,125
06/16/2003,ENA,AK,AAL,WE,Federal Contract Tower,0,15,4,0,19,0,77,82,0,159,0,92,86,0,178,60,34,94,272
06/17/2003,ENA,AK,AAL,WE,Federal Contract Tower,2,21,3,0,26,4,42,62,10,118,6,63,65,10,144,92,20,112,256
06/18/2003,ENA,AK,AAL,WE,Federal Contract Tower,0,15,6,0,21,5,49,48,0,102,5,64,54,0,123,120,42,162,285
06/19/2003,ENA,AK,AAL,WE,Federal Contract Tower,4,23,2,0,29,7,35,48,4,94,11,58,50,4,123,102,14,116,239
06/20/2003,ENA,AK,AAL,WE,Federal Contract Tower,0,15,3,2,20,4,55,75,1,135,4,70,78,3,155,60,6,66,221
06/21/2003,ENA,AK,AAL,WE,Federal Contract Tower,0,19,15,0,34,0,11,13,0,24,0,30,28,0,58,38,0,38,96
06/22/2003,ENA,AK,AAL,WE,Federal Contract Tower,0,8,0,0,8,0,54,58,0,112,0,62,58,0,120,90,0,90,210
06/23/2003,ENA,AK,AAL,WE,Federal Contract Tower,2,11,3,3,19,0,52,53,1,106,2,63,56,4,125,142,110,252,377
06/24/2003,ENA,AK,AAL,WE,Federal Contract Tower,0,18,0,1,19,0,34,22,1,57,0,52,22,2,76,68,38,106,182
06/25/2003,ENA,AK,AAL,WE,Federal Contract Tower,0,19,4,0,23,14,41,31,2,88,14,60,35,2,111,112,26,138,249
06/26/2003,ENA,AK,AAL,WE,Federal Contract Tower,3,22,2,0,27,9,36,37,0,82,12,58,39,0,109,46,14,60,169
06/27/2003,ENA,AK,AAL,WE,Federal Contract Tower,2,20,2,2,26,0,38,44,0,82,2,58,46,2,108,102,38,140,248
06/28/2003,ENA,AK,AAL,WE,Federal Contract Tower,0,7,0,0,7,2,19,44,0,65,2,26,44,0,72,66,0,66,138
06/29/2003,ENA,AK,AAL,WE,Federal Contract Tower,1,4,6,0,11,0,36,48,1,85,1,40,54,1,96,84,0,84,180
06/30/2003,ENA,AK,AAL,WE,Federal Contract Tower,7,13,4,2,26,0,51,60,6,117,7,64,64,8,143,76,22,98,241
07/01/2003,ENA,AK,AAL,WE,Federal Contract Tower,0,47,7,0,54,0,10,17,0,27,0,57,24,0,81,2,0,2,83
07/02/2003,ENA,AK,AAL,WE,Federal Contract Tower,1,23,21,0,45,0,29,30,0,59,1,52,51,0,104,16,0,16,120
07/03/2003,ENA,AK,AAL,WE,Federal Contract Tower,0,17,8,0,25,0,59,65,6,130,0,76,73,6,155,68,28,96,251
07/04/2003,ENA,AK,AAL,WE,Federal Contract Tower,0,2,2,0,4,0,28,66,0,94,0,30,68,0,98,28,0,28,126
07/05/2003,ENA,AK,AAL,WE,Federal Contract Tower,0,5,1,0,6,0,21,39,0,60,0,26,40,0,66,42,0,42,108
07/06/2003,ENA,AK,AAL,WE,Federal Contract Tower,0,6,3,0,9,0,20,62,0,82,0,26,65,0,91,62,0,62,153
07/07/2003,ENA,AK,AAL,WE,Federal Contract Tower,0,6,2,0,8,0,44,52,0,96,0,50,54,0,104,88,0,88,192
07/08/2003,ENA,AK,AAL,WE,Federal Contract Tower,0,9,5,0,14,2,46,58,0,106,2,55,63,0,120,98,0,98,218
07/09/2003,ENA,AK,AAL,WE,Federal Contract Tower,0,5,0,0,5,0,67,47,2,116,0,72,47,2,121,164,10,174,295
07/10/2003,ENA,AK,AAL,WE,Federal Contract Tower,11,24,6,0,41,5,48,42,0,95,16,72,48,0,136,70,2,72,208
07/11/2003,ENA,AK,AAL,WE,Federal Contract Tower,11,19,3,0,33,6,45,57,4,112,17,64,60,4,145,58,6,64,209
07/12/2003,ENA,AK,AAL,WE,Federal Contract Tower,6,4,4,0,14,0,26,72,0,98,6,30,76,0,112,76,0,76,188
07/13/2003,ENA,AK,AAL,WE,Federal Contract Tower,0,12,2,0,14,4,20,50,0,74,4,32,52,0,88,18,0,18,106
07/14/2003,ENA,AK,AAL,WE,Federal Contract Tower,1,11,3,6,21,1,46,39,0,86,2,57,42,6,107,88,38,126,233
07/15/2003,ENA,AK,AAL,WE,Federal Contract Tower,7,7,6,0,20,1,48,70,10,129,8,55,76,10,149,68,40,108,257
07/16/2003,ENA,AK,AAL,WE,Federal Contract Tower,8,37,38,0,83,0,27,10,0,37,8,64,48,0,120,6,0,6,126
07/17/2003,ENA,AK,AAL,WE,Federal Contract Tower,0,23,6,0,29,2,39,48,0,89,2,62,54,0,118,44,0,44,162
07/18/2003,ENA,AK,AAL,WE,Federal Contract Tower,4,15,1,0,20,0,39,77,0,116,4,54,78,0,136,88,0,88,224
07/19/2003,ENA,AK,AAL,WE,Federal Contract Tower,4,4,6,0,14,4,36,68,0,108,8,40,74,0,122,96,0,96,218
07/20/2003,ENA,AK,AAL,WE,Federal Contract Tower,0,14,0,0,14,10,18,77,0,105,10,32,77,0,119,52,0,52,171
07/21/2003,ENA,AK,AAL,WE,Federal Contract Tower,0,26,3,0,29,0,40,33,0,73,0,66,36,0,102,44,0,44,146
07/22/2003,ENA,AK,AAL,WE,Federal Contract Tower,2,22,9,0,33,0,42,37,2,81,2,64,46,2,114,60,14,74,188
07/23/2003,ENA,AK,AAL,WE,Federal Contract Tower,0,22,2,2,26,12,31,52,0,95,12,53,54,2,121,44,38,82,203
07/24/2003,ENA,AK,AAL,WE,Federal Contract Tower,2,31,5,2,40,7,29,20,0,56,9,60,25,2,96,52,0,52,148
07/25/2003,ENA,AK,AAL,WE,Federal Contract Tower,6,15,4,0,25,2,43,40,0,85,8,58,44,0,110,76,16,92,202
07/26/2003,ENA,AK,AAL,WE,Federal Contract Tower,6,6,8,0,20,0,52,47,0,99,6,58,55,0,119,86,0,86,205
07/27/2003,ENA,AK,AAL,WE,Federal Contract Tower,6,6,9,0,21,2,28,19,0,49,8,34,28,0,70,52,0,52,122
07/28/2003,ENA,AK,AAL,WE,Federal Contract Tower,2,19,7,0,28,10,49,35,2,96,12,68,42,2,124,96,14,110,234
07/29/2003,ENA,AK,AAL,WE,Federal Contract Tower,0,23,6,1,30,5,53,42,1,101,5,76,48,2,131,140,16,156,287
07/30/2003,ENA,AK,AAL,WE,Federal Contract Tower,1,22,5,1,29,23,43,53,7,126,24,65,58,8,155,66,24,90,245
07/31/2003,ENA,AK,AAL,WE,Federal Contract Tower,0,21,2,1,24,4,31,100,7,142,4,52,102,8,166,114,10,124,290
08/01/2003,ENA,AK,AAL,WE,Federal Contract Tower,4,18,0,4,26,4,49,60,4,117,8,67,60,8,143,112,60,172,315
08/02/2003,ENA,AK,AAL,WE,Federal Contract Tower,8,2,0,0,10,0,34,92,0,126,8,36,92,0,136,134,2,136,272
08/03/2003,ENA,AK,AAL,WE,Federal Contract Tower,0,8,5,0,13,0,34,47,5,86,0,42,52,5,99,86,6,92,191
08/04/2003,ENA,AK,AAL,WE,Federal Contract Tower,2,14,3,4,23,6,46,81,0,133,8,60,84,4,156,136,16,152,308
08/05/2003,ENA,AK,AAL,WE,Federal Contract Tower,6,9,3,3,21,0,55,61,0,116,6,64,64,3,137,68,20,88,225
08/06/2003,ENA,AK,AAL,WE,Federal Contract Tower,4,13,3,1,21,19,37,50,3,109,23,50,53,4,130,92,2,94,224
08/07/2003,ENA,AK,AAL,WE,Federal Contract Tower,1,12,4,2,19,5,34,53,2,94,6,46,57,4,113,104,14,118,231
08/08/2003,ENA,AK,AAL,WE,Federal Contract Tower,9,8,2,0,19,11,58,80,0,149,20,66,82,0,168,90,0,90,258
08/09/2003,ENA,AK,AAL,WE,Federal Contract Tower,6,4,0,0,10,2,38,82,0,122,8,42,82,0,132,46,0,46,178
08/10/2003,ENA,AK,AAL,WE,Federal Contract Tower,0,6,1,0,7,0,37,66,0,103,0,43,67,0,110,48,0,48,158
08/11/2003,ENA,AK,AAL,WE,Federal Contract Tower,0,28,15,0,43,1,28,10,2,41,1,56,25,2,84,34,0,34,118
08/12/2003,ENA,AK,AAL,WE,Federal Contract Tower,6,20,3,2,31,0,73,34,2,109,6,93,37,4,140,34,0,34,174
08/13/2003,ENA,AK,AAL,WE,Federal Contract Tower,8,26,3,2,39,0,24,29,0,53,8,50,32,2,92,68,28,96,188
08/14/2003,ENA,AK,AAL,WE,Federal Contract Tower,0,23,5,0,28,4,35,20,0,59,4,58,25,0,87,76,18,94,181
08/15/2003,ENA,AK,AAL,WE,Federal Contract Tower,8,30,4,2,44,0,34,16,2,52,8,64,20,4,96,36,10,46,142
08/16/2003,ENA,AK,AAL,WE,Federal Contract Tower,10,16,17,0,43,0,18,35,0,53,10,34,52,0,96,18,0,18,114
08/17/2003,ENA,AK,AAL,WE,Federal Contract Tower,0,3,4,0,7,6,57,83,0,146,6,60,87,0,153,68,0,68,221
08/18/2003,ENA,AK,AAL,WE,Federal Contract Tower,0,8,5,2,15,2,44,39,2,87,2,52,44,4,102,80,34,114,216
08/19/2003,ENA,AK,AAL,WE,Federal Contract Tower,8,11,3,5,27,0,66,38,3,107,8,77,41,8,134,48,66,114,248
08/20/2003,ENA,AK,AAL,WE,Federal Contract Tower,4,18,2,0,24,0,36,40,0,76,4,54,42,0,100,42,0,42,142
08/21/2003,ENA,AK,AAL,WE,Federal Contract Tower,0,17,4,0,21,0,46,47,2,95,0,63,51,2,116,78,16,94,210
08/22/2003,ENA,AK,AAL,WE,Federal Contract Tower,12,12,0,1,25,0,68,78,1,147,12,80,78,2,172,86,46,132,304
08/23/2003,ENA,AK,AAL,WE,Federal Contract Tower,2,4,0,0,6,0,34,84,0,118,2,38,84,0,124,42,0,42,166
08/24/2003,ENA,AK,AAL,WE,Federal Contract Tower,0,10,4,0,14,0,36,46,2,84,0,46,50,2,98,42,4,46,144
08/25/2003,ENA,AK,AAL,WE,Federal Contract Tower,0,22,2,0,24,1,32,14,0,47,1,54,16,0,71,24,0,24,95
08/26/2003,ENA,AK,AAL,WE,Federal Contract Tower,9,20,2,0,31,3,58,42,0,103,12,78,44,0,134,50,4,54,188
08/27/2003,ENA,AK,AAL,WE,Federal Contract Tower,8,22,6,0,36,3,38,28,2,71,11,60,34,2,107,48,0,48,155
08/28/2003,ENA,AK,AAL,WE,Federal Contract Tower,0,17,4,0,21,2,43,17,0,62,2,60,21,0,83,32,2,34,117
08/29/2003,ENA,AK,AAL,WE,Federal Contract Tower,6,17,3,0,26,0,39,33,0,72,6,56,36,0,98,46,0,46,144
08/30/2003,ENA,AK,AAL,WE,Federal Contract Tower,4,10,0,0,14,0,34,56,2,92,4,44,56,2,106,22,2,24,130
08/31/2003,ENA,AK,AAL,WE,Federal Contract Tower,0,2,2,0,4,0,34,56,0,90,0,36,58,0,94,28,0,28,122
09/01/2003,ENA,AK,AAL,WE,Federal Contract Tower,0,8,1,0,9,0,36,75,0,111,0,44,76,0,120,50,0,50,170
09/02/2003,ENA,AK,AAL,WE,Federal Contract Tower,0,19,0,2,21,0,45,41,4,90,0,64,41,6,111,76,54,130,241
09/03/2003,ENA,AK,AAL,WE,Federal Contract Tower,2,21,2,0,25,0,50,37,0,87,2,71,39,0,112,34,22,56,168
09/04/2003,ENA,AK,AAL,WE,Federal Contract Tower,2,20,0,2,24,5,35,37,2,79,7,55,37,4,103,82,38,120,223
09/05/2003,ENA,AK,AAL,WE,Federal Contract Tower,0,18,0,2,20,4,39,32,0,75,4,57,32,2,95,32,40,72,167
09/06/2003,ENA,AK,AAL,WE,Federal Contract Tower,1,4,0,1,6,7,36,74,3,120,8,40,74,4,126,70,0,70,196
09/07/2003,ENA,AK,AAL,WE,Federal Contract Tower,0,0,3,0,3,0,40,69,0,109,0,40,72,0,112,82,0,82,194
09/08/2003,ENA,AK,AAL,WE,Federal Contract Tower,2,19,1,4,26,4,29,55,2,90,6,48,56,6,116,40,34,74,190
09/09/2003,ENA,AK,AAL,WE,Federal Contract Tower,1,13,1,1,16,1,45,49,0,95,2,58,50,1,111,40,38,78,189
09/10/2003,ENA,AK,AAL,WE,Federal Contract Tower,2,12,0,2,16,0,40,51,6,97,2,52,51,8,113,54,74,128,241
09/11/2003,ENA,AK,AAL,WE,Federal Contract Tower,0,8,5,5,18,0,39,57,1,97,0,47,62,6,115,52,26,78,193
09/12/2003,ENA,AK,AAL,WE,Federal Contract Tower,2,15,2,0,19,0,22,64,0,86,2,37,66,0,105,72,0,72,177
09/13/2003,ENA,AK,AAL,WE,Federal Contract Tower,0,6,0,0,6,0,34,64,0,98,0,40,64,0,104,36,0,36,140
09/14/2003,ENA,AK,AAL,WE,Federal Contract Tower,2,2,1,0,5,0,32,47,0,79,2,34,48,0,84,14,0,14,98
09/15/2003,ENA,AK,AAL,WE,Federal Contract Tower,2,11,0,0,13,0,53,40,6,99,2,64,40,6,112,26,14,40,152
09/16/2003,ENA,AK,AAL,WE,Federal Contract Tower,4,8,1,2,15,6,62,63,3,134,10,70,64,5,149,62,26,88,237
09/17/2003,ENA,AK,AAL,WE,Federal Contract Tower,4,12,0,1,17,2,38,34,3,77,6,50,34,4,94,72,62,134,228
09/18/2003,ENA,AK,AAL,WE,Federal Contract Tower,0,20,0,0,20,0,34,43,0,77,0,54,43,0,97,56,16,72,169
09/19/2003,ENA,AK,AAL,WE,Federal Contract Tower,2,15,1,0,18,0,49,43,0,92,2,64,44,0,110,60,0,60,170
09/20/2003,ENA,AK,AAL,WE,Federal Contract Tower,0,11,1,0,12,4,14,50,0,68,4,25,51,0,80,34,0,34,114
09/21/2003,ENA,AK,AAL,WE,Federal Contract Tower,0,5,1,1,7,0,49,41,1,91,0,54,42,2,98,42,30,72,170
09/22/2003,ENA,AK,AAL,WE,Federal Contract Tower,2,14,2,0,18,1,40,38,0,79,3,54,40,0,97,80,10,90,187
09/23/2003,ENA,AK,AAL,WE,Federal Contract Tower,0,7,0,0,7,0,47,36,0,83,0,54,36,0,90,50,18,68,158
09/24/2003,ENA,AK,AAL,WE,Federal Contract Tower,0,24,5,0,29,0,52,25,0,77,0,76,30,0,106,60,54,114,220
09/25/2003,ENA,AK,AAL,WE,Federal Contract Tower,2,22,0,0,24,0,40,25,0,65,2,62,25,0,89,30,18,48,137
09/26/2003,ENA,AK,AAL,WE,Federal Contract Tower,0,6,3,0,9,0,47,39,0,86,0,53,42,0,95,46,12,58,153
09/27/2003,ENA,AK,AAL,WE,Federal Contract Tower,2,4,0,0,6,0,28,68,2,98,2,32,68,2,104,36,0,36,140
09/28/2003,ENA,AK,AAL,WE,Federal Contract Tower,0,12,0,0,12,0,20,18,0,38,0,32,18,0,50,4,0,4,54
09/29/2003,ENA,AK,AAL,WE,Federal Contract Tower,0,30,11,4,45,0,34,5,2,41,0,64,16,6,86,8,0,8,94
09/30/2003,ENA,AK,AAL,WE,Federal Contract Tower,4,18,0,0,22,0,45,27,0,72,4,63,27,0,94,22,0,22,116
10/01/2003,ENA,AK,AAL,WE,Federal Contract Tower,0,14,2,0,16,0,22,14,0,36,0,36,16,0,52,24,0,24,76
10/02/2003,ENA,AK,AAL,WE,Federal Contract Tower,3,17,2,1,23,3,31,20,1,55,6,48,22,2,78,8,2,10,88
10/03/2003,ENA,AK,AAL,WE,Federal Contract Tower,0,20,2,0,22,0,20,17,0,37,0,40,19,0,59,20,10,30,89
10/04/2003,ENA,AK,AAL,WE,Federal Contract Tower,0,9,1,0,10,0,27,52,2,81,0,36,53,2,91,68,0,68,159
10/05/2003,ENA,AK,AAL,WE,Federal Contract Tower,0,2,0,0,2,0,24,20,2,46,0,26,20,2,48,0,0,0,48
10/06/2003,ENA,AK,AAL,WE,Federal Contract Tower,1,13,1,1,16,3,39,19,7,68,4,52,20,8,84,46,34,80,164
10/07/2003,ENA,AK,AAL,WE,Federal Contract Tower,3,16,1,0,20,1,46,35,0,82,4,62,36,0,102,66,6,72,174
10/08/2003,ENA,AK,AAL,WE,Federal Contract Tower,3,16,1,0,20,1,20,26,0,47,4,36,27,0,67,62,30,92,159
10/09/2003,ENA,AK,AAL,WE,Federal Contract Tower,3,17,2,0,22,1,18,10,0,29,4,35,12,0,51,22,0,22,73
10/10/2003,ENA,AK,AAL,WE,Federal Contract Tower,2,16,3,0,21,0,36,32,0,68,2,52,35,0,89,52,10,62,151
10/11/2003,ENA,AK,AAL,WE,Federal Contract Tower,0,10,2,0,12,0,16,50,0,66,0,26,52,0,78,82,0,82,160
10/12/2003,ENA,AK,AAL,WE,Federal Contract Tower,1,14,2,2,19,2,24,38,94,158,3,38,40,96,177,0,0,0,177
10/13/2003,ENA,AK,AAL,WE,Federal Contract Tower,1,9,2,0,12,1,47,30,0,78,2,56,32,0,90,36,0,36,126
10/14/2003,ENA,AK,AAL,WE,Federal Contract Tower,0,13,2,0,15,0,43,16,0,59,0,56,18,0,74,16,14,30,104
10/15/2003,ENA,AK,AAL,WE,Federal Contract Tower,0,14,2,0,16,2,28,42,0,72,2,42,44,0,88,32,34,66,154
10/16/2003,ENA,AK,AAL,WE,Federal Contract Tower,0,9,1,0,10,0,31,34,0,65,0,40,35,0,75,58,14,72,147
10/17/2003,ENA,AK,AAL,WE,Federal Contract Tower,0,14,1,3,18,2,26,47,11,86,2,40,48,14,104,64,50,114,218
10/18/2003,ENA,AK,AAL,WE,Federal Contract Tower,0,10,2,0,12,0,16,12,0,28,0,26,14,0,40,14,2,16,56
10/19/2003,ENA,AK,AAL,WE,Federal Contract Tower,0,15,2,2,19,0,15,10,0,25,0,30,12,2,44,26,0,26,70
10/20/2003,ENA,AK,AAL,WE,Federal Contract Tower,0,14,2,0,16,8,40,24,0,72,8,54,26,0,88,40,22,62,150
10/21/2003,ENA,AK,AAL,WE,Federal Contract Tower,0,12,2,1,15,0,35,22,9,66,0,47,24,10,81,26,20,46,127
10/22/2003,ENA,AK,AAL,WE,Federal Contract Tower,0,15,2,2,19,2,37,23,6,68,2,52,25,8,87,30,16,46,133
10/23/2003,ENA,AK,AAL,WE,Federal Contract Tower,0,14,2,2,18,0,20,12,0,32,0,34,14,2,50,54,20,74,124
10/24/2003,ENA,AK,AAL,WE,Federal Contract Tower,0,15,2,2,19,10,27,19,6,62,10,42,21,8,81,32,18,50,131
10/25/2003,ENA,AK,AAL,WE,Federal Contract Tower,0,18,3,0,21,0,6,15,0,21,0,24,18,0,42,32,0,32,74
10/26/2003,ENA,AK,AAL,WE,Federal Contract Tower,0,11,2,0,13,0,25,30,0,55,0,36,32,0,68,52,0,52,120
10/27/2003,ENA,AK,AAL,WE,Federal Contract Tower,1,17,2,0,20,1,23,22,0,46,2,40,24,0,66,36,38,74,140
10/28/2003,ENA,AK,AAL,WE,Federal Contract Tower,1,17,3,1,22,1,28,28,1,58,2,45,31,2,80,90,14,104,184
10/29/2003,ENA,AK,AAL,WE,Federal Contract Tower,1,21,3,2,27,1,27,33,6,67,2,48,36,8,94,68,42,110,204
10/30/2003,ENA,AK,AAL,WE,Federal Contract Tower,0,15,2,0,17,0,25,17,0,42,0,40,19,0,59,34,24,58,117
10/31/2003,ENA,AK,AAL,WE,Federal Contract Tower,0,24,4,2,30,0,3,2,6,11,0,27,6,8,41,0,2,2,43
11/01/2003,ENA,AK,AAL,WE,Federal Contract Tower,0,10,3,0,13,0,18,39,0,57,0,28,42,0,70,112,6,118,188
11/02/2003,ENA,AK,AAL,WE,Federal Contract Tower,0,14,2,1,17,0,4,0,1,5,0,18,2,2,22,4,0,4,26
11/03/2003,ENA,AK,AAL,WE,Federal Contract Tower,0,29,10,0,39,0,3,18,0,21,0,32,28,0,60,10,0,10,70
11/04/2003,ENA,AK,AAL,WE,Federal Contract Tower,2,18,6,1,27,0,48,36,3,87,2,66,42,4,114,112,28,140,254
11/05/2003,ENA,AK,AAL,WE,Federal Contract Tower,0,15,6,1,22,0,31,24,7,62,0,46,30,8,84,94,16,110,194
11/06/2003,ENA,AK,AAL,WE,Federal Contract Tower,2,13,5,0,20,0,33,27,0,60,2,46,32,0,80,76,12,88,168
11/07/2003,ENA,AK,AAL,WE,Federal Contract Tower,3,18,6,0,27,0,24,14,0,38,3,42,20,0,65,78,16,94,159
11/08/2003,ENA,AK,AAL,WE,Federal Contract Tower,0,10,4,0,14,2,12,14,0,28,2,22,18,0,42,46,0,46,88
11/09/2003,ENA,AK,AAL,WE,Federal Contract Tower,0,3,1,0,4,0,31,17,0,48,0,34,18,0,52,48,0,48,100
11/10/2003,ENA,AK,AAL,WE,Federal Contract Tower,0,27,9,0,36,0,27,5,0,32,0,54,14,0,68,16,2,18,86
11/11/2003,ENA,AK,AAL,WE,Federal Contract Tower,0,14,5,0,19,0,22,9,0,31,0,36,14,0,50,14,2,16,66
11/12/2003,ENA,AK,AAL,WE,Federal Contract Tower,2,13,0,0,15,6,5,0,0,11,8,18,0,0,26,0,2,2,28
11/13/2003,ENA,AK,AAL,WE,Federal Contract Tower,2,19,4,0,25,0,34,14,0,48,2,53,18,0,73,66,10,76,149
11/14/2003,ENA,AK,AAL,WE,Federal Contract Tower,1,12,3,0,16,7,22,14,0,43,8,34,17,0,59,42,2,44,103
11/15/2003,ENA,AK,AAL,WE,Federal Contract Tower,0,2,0,0,2,0,21,34,0,55,0,23,34,0,57,40,0,40,97
11/16/2003,ENA,AK,AAL,WE,Federal Contract Tower,0,6,2,0,8,0,26,26,0,52,0,32,28,0,60,38,0,38,98
11/17/2003,ENA,AK,AAL,WE,Federal Contract Tower,1,12,4,0,17,7,38,14,8,67,8,50,18,8,84,12,28,40,124
11/18/2003,ENA,AK,AAL,WE,Federal Contract Tower,0,11,3,0,14,6,31,23,6,66,6,42,26,6,80,18,16,34,114
11/19/2003,ENA,AK,AAL,WE,Federal Contract Tower,1,17,6,0,24,5,17,14,8,44,6,34,20,8,68,30,12,42,110
11/20/2003,ENA,AK,AAL,WE,Federal Contract Tower,0,20,6,0,26,0,30,17,0,47,0,50,23,0,73,52,10,62,135
11/21/2003,ENA,AK,AAL,WE,Federal Contract Tower,2,18,2,0,22,0,0,0,0,0,2,18,2,0,22,8,0,8,30
11/22/2003,ENA,AK,AAL,WE,Federal Contract Tower,0,10,3,0,13,0,17,25,0,42,0,27,28,0,55,26,0,26,81
11/23/2003,ENA,AK,AAL,WE,Federal Contract Tower,0,11,3,0,14,2,11,5,0,18,2,22,8,0,32,0,0,0,32
11/24/2003,ENA,AK,AAL,WE,Federal Contract Tower,0,26,7,2,35,0,28,1,0,29,0,54,8,2,64,24,0,24,88
11/25/2003,ENA,AK,AAL,WE,Federal Contract Tower,2,23,5,2,32,0,17,9,0,26,2,40,14,2,58,20,12,32,90
11/26/2003,ENA,AK,AAL,WE,Federal Contract Tower,1,12,3,0,16,3,36,8,0,47,4,48,11,0,63,12,18,30,93
11/27/2003,ENA,AK,AAL,WE,Federal Contract Tower,0,3,0,0,3,0,13,7,0,20,0,16,7,0,23,0,0,0,23
11/28/2003,ENA,AK,AAL,WE,Federal Contract Tower,0,14,5,0,19,0,20,14,0,34,0,34,19,0,53,50,0,50,103
11/29/2003,ENA,AK,AAL,WE,Federal Contract Tower,0,15,5,0,20,0,11,23,0,34,0,26,28,0,54,94,0,94,148
11/30/2003,ENA,AK,AAL,WE,Federal Contract Tower,0,14,4,0,18,0,20,6,0,26,0,34,10,0,44,2,0,2,46
12/01/2003,ENA,AK,AAL,WE,Federal Contract Tower,0,21,4,0,25,0,37,22,0,59,0,58,26,0,84,12,0,12,96
12/02/2003,ENA,AK,AAL,WE,Federal Contract Tower,0,18,3,0,21,0,42,18,2,62,0,60,21,2,83,4,28,32,115
12/03/2003,ENA,AK,AAL,WE,Federal Contract Tower,0,16,3,0,19,0,4,3,0,7,0,20,6,0,26,2,0,2,28
12/04/2003,ENA,AK,AAL,WE,Federal Contract Tower,0,13,2,0,15,0,35,30,2,67,0,48,32,2,82,70,0,70,152
12/05/2003,ENA,AK,AAL,WE,Federal Contract Tower,0,15,2,0,17,0,35,13,4,52,0,50,15,4,69,24,14,38,107
12/06/2003,ENA,AK,AAL,WE,Federal Contract Tower,0,13,2,0,15,0,33,10,0,43,0,46,12,0,58,26,24,50,108
12/07/2003,ENA,AK,AAL,WE,Federal Contract Tower,0,23,5,1,29,0,1,3,9,13,0,24,8,10,42,22,4,26,68
12/08/2003,ENA,AK,AAL,WE,Federal Contract Tower,4,34,8,1,47,0,0,0,3,3,4,34,8,4,50,22,6,28,78
12/09/2003,ENA,AK,AAL,WE,Federal Contract Tower,0,18,4,1,23,0,40,9,1,50,0,58,13,2,73,38,42,80,153
12/10/2003,ENA,AK,AAL,WE,Federal Contract Tower,0,21,4,0,25,0,6,0,0,6,0,27,4,0,31,0,0,0,31
12/11/2003,ENA,AK,AAL,WE,Federal Contract Tower,2,18,4,1,25,2,40,9,3,54,4,58,13,4,79,56,22,78,157
12/12/2003,ENA,AK,AAL,WE,Federal Contract Tower,1,16,3,0,20,5,27,0,0,32,6,43,3,0,52,32,0,32,84
12/13/2003,ENA,AK,AAL,WE,Federal Contract Tower,1,18,4,0,23,1,8,3,0,12,2,26,7,0,35,16,0,16,51
12/14/2003,ENA,AK,AAL,WE,Federal Contract Tower,0,9,3,0,12,0,21,5,0,26,0,30,8,0,38,26,0,26,64
12/15/2003,ENA,AK,AAL,WE,Federal Contract Tower,0,16,4,0,20,10,28,2,0,40,10,44,6,0,60,50,46,96,156
12/16/2003,ENA,AK,AAL,WE,Federal Contract Tower,0,22,5,2,29,0,36,23,6,65,0,58,28,8,94,68,28,96,190
12/17/2003,ENA,AK,AAL,WE,Federal Contract Tower,0,33,4,2,39,0,4,0,2,6,0,37,4,4,45,8,16,24,69
12/18/2003,ENA,AK,AAL,WE,Federal Contract Tower,1,24,4,0,29,3,12,0,0,15,4,36,4,0,44,2,0,2,46
12/19/2003,ENA,AK,AAL,WE,Federal Contract Tower,1,19,4,0,24,5,10,2,0,17,6,29,6,0,41,16,0,16,57
12/20/2003,ENA,AK,AAL,WE,Federal Contract Tower,1,24,5,0,30,1,2,24,0,27,2,26,29,0,57,50,4,54,111
12/21/2003,ENA,AK,AAL,WE,Federal Contract Tower,0,25,6,0,31,0,15,0,0,15,0,40,6,0,46,28,0,28,74
12/22/2003,ENA,AK,AAL,WE,Federal Contract Tower,1,17,3,0,21,4,17,0,0,21,5,34,3,0,42,12,0,12,54
12/23/2003,ENA,AK,AAL,WE,Federal Contract Tower,1,29,6,0,36,1,15,2,0,18,2,44,8,0,54,2,2,4,58
12/24/2003,ENA,AK,AAL,WE,Federal Contract Tower,1,24,4,0,29,1,8,2,0,11,2,32,6,0,40,14,0,14,54
12/25/2003,ENA,AK,AAL,WE,Federal Contract Tower,0,0,0,0,0,0,0,0,0,0,0,0,0,0,0,0,0,0,0
12/26/2003,ENA,AK,AAL,WE,Federal Contract Tower,0,18,3,0,21,0,30,0,0,30,0,48,3,0,51,20,0,20,71
12/27/2003,ENA,AK,AAL,WE,Federal Contract Tower,0,15,2,0,17,0,18,3,0,21,0,33,5,0,38,6,0,6,44
12/28/2003,ENA,AK,AAL,WE,Federal Contract Tower,0,7,1,0,8,0,21,9,0,30,0,28,10,0,38,26,0,26,64
12/29/2003,ENA,AK,AAL,WE,Federal Contract Tower,0,17,4,0,21,0,19,2,0,21,0,36,6,0,42,6,6,12,54
12/30/2003,ENA,AK,AAL,WE,Federal Contract Tower,1,23,5,1,30,0,14,6,3,23,1,37,11,4,53,36,42,78,131
12/31/2003,ENA,AK,AAL,WE,Federal Contract Tower,1,17,4,0,22,1,17,33,0,51,2,34,37,0,73,46,0,46,119
01/01/2004,ENA,AK,AAL,WE,Federal Contract Tower,0,8,2,0,10,0,10,16,0,26,0,18,18,0,36,20,0,20,56
01/02/2004,ENA,AK,AAL,WE,Federal Contract Tower,0,15,3,0,18,0,17,28,0,45,0,32,31,0,63,16,0,16,79
01/03/2004,ENA,AK,AAL,WE,Federal Contract Tower,0,1,0,0,1,0,19,20,0,39,0,20,20,0,40,10,0,10,50
01/04/2004,ENA,AK,AAL,WE,Federal Contract Tower,0,10,2,0,12,0,22,24,0,46,0,32,26,0,58,24,0,24,82
01/05/2004,ENA,AK,AAL,WE,Federal Contract Tower,0,17,3,0,20,0,25,33,0,58,0,42,36,0,78,34,52,86,164
01/06/2004,ENA,AK,AAL,WE,Federal Contract Tower,0,16,2,0,18,0,19,0,0,19,0,35,2,0,37,0,0,0,37
01/07/2004,ENA,AK,AAL,WE,Federal Contract Tower,0,12,2,0,14,0,20,0,0,20,0,32,2,0,34,0,0,0,34
01/08/2004,ENA,AK,AAL,WE,Federal Contract Tower,1,14,3,0,18,1,32,5,2,40,2,46,8,2,58,0,2,2,60
01/09/2004,ENA,AK,AAL,WE,Federal Contract Tower,1,23,4,0,28,1,3,6,2,12,2,26,10,2,40,40,20,60,100
01/10/2004,ENA,AK,AAL,WE,Federal Contract Tower,0,12,3,0,15,0,14,22,0,36,0,26,25,0,51,34,2,36,87
01/11/2004,ENA,AK,AAL,WE,Federal Contract Tower,0,15,3,0,18,0,13,25,8,46,0,28,28,8,64,26,0,26,90
01/12/2004,ENA,AK,AAL,WE,Federal Contract Tower,0,23,4,0,27,0,27,24,3,54,0,50,28,3,81,18,32,50,131
01/13/2004,ENA,AK,AAL,WE,Federal Contract Tower,0,17,3,1,21,0,37,7,3,47,0,54,10,4,68,20,16,36,104
01/14/2004,ENA,AK,AAL,WE,Federal Contract Tower,0,12,3,1,16,0,34,6,19,59,0,46,9,20,75,0,38,38,113
01/15/2004,ENA,AK,AAL,WE,Federal Contract Tower,0,15,3,1,19,2,33,11,1,47,2,48,14,2,66,6,32,38,104
01/16/2004,ENA,AK,AAL,WE,Federal Contract Tower,0,14,3,0,17,0,28,9,0,37,0,42,12,0,54,18,0,18,72
01/17/2004,ENA,AK,AAL,WE,Federal Contract Tower,0,12,3,0,15,0,24,17,0,41,0,36,20,0,56,20,0,20,76
01/18/2004,ENA,AK,AAL,WE,Federal Contract Tower,0,12,2,0,14,0,10,8,0,18,0,22,10,0,32,22,0,22,54
01/19/2004,ENA,AK,AAL,WE,Federal Contract Tower,0,18,3,0,21,0,6,1,0,7,0,24,4,0,28,6,0,6,34
01/20/2004,ENA,AK,AAL,WE,Federal Contract Tower,0,15,2,0,17,0,33,9,0,42,0,48,11,0,59,24,24,48,107
01/21/2004,ENA,AK,AAL,WE,Federal Contract Tower,0,18,2,0,20,0,28,6,0,34,0,46,8,0,54,22,18,40,94
01/22/2004,ENA,AK,AAL,WE,Federal Contract Tower,0,26,4,0,30,2,19,23,0,44,2,45,27,0,74,32,0,32,106
01/23/2004,ENA,AK,AAL,WE,Federal Contract Tower,0,21,3,0,24,2,19,20,0,41,2,40,23,0,65,66,4,70,135
01/24/2004,ENA,AK,AAL,WE,Federal Contract Tower,0,13,2,0,15,2,12,26,0,40,2,25,28,0,55,78,0,78,133
01/25/2004,ENA,AK,AAL,WE,Federal Contract Tower,0,2,0,0,2,0,23,43,0,66,0,25,43,0,68,98,0,98,166
01/26/2004,ENA,AK,AAL,WE,Federal Contract Tower,0,15,2,1,18,2,43,28,9,82,2,58,30,10,100,54,46,100,200
01/27/2004,ENA,AK,AAL,WE,Federal Contract Tower,0,24,3,1,28,0,20,6,3,29,0,44,9,4,57,20,14,34,91
01/28/2004,ENA,AK,AAL,WE,Federal Contract Tower,0,20,3,0,23,0,30,21,0,51,0,50,24,0,74,44,4,48,122
01/29/2004,ENA,AK,AAL,WE,Federal Contract Tower,0,14,2,0,16,8,12,12,0,32,8,26,14,0,48,22,22,44,92
01/30/2004,ENA,AK,AAL,WE,Federal Contract Tower,0,14,2,1,17,2,28,7,1,38,2,42,9,2,55,8,4,12,67
01/31/2004,ENA,AK,AAL,WE,Federal Contract Tower,0,13,2,0,15,0,1,2,0,3,0,14,4,0,18,4,0,4,22
02/01/2004,ENA,AK,AAL,WE,Federal Contract Tower,0,8,2,0,10,0,28,30,0,58,0,36,32,0,68,56,0,56,124
02/02/2004,ENA,AK,AAL,WE,Federal Contract Tower,0,19,3,2,24,0,29,11,0,40,0,48,14,2,64,72,4,76,140
02/03/2004,ENA,AK,AAL,WE,Federal Contract Tower,0,16,3,0,19,0,27,13,2,42,0,43,16,2,61,12,22,34,95
02/04/2004,ENA,AK,AAL,WE,Federal Contract Tower,0,22,4,3,29,0,10,8,3,21,0,32,12,6,50,60,22,82,132
02/05/2004,ENA,AK,AAL,WE,Federal Contract Tower,0,19,3,0,22,0,13,3,0,16,0,32,6,0,38,0,0,0,38
02/06/2004,ENA,AK,AAL,WE,Federal Contract Tower,0,23,4,0,27,0,9,12,0,21,0,32,16,0,48,46,0,46,94
02/07/2004,ENA,AK,AAL,WE,Federal Contract Tower,0,4,0,0,4,0,22,24,0,46,0,26,24,0,50,36,0,36,86
02/08/2004,ENA,AK,AAL,WE,Federal Contract Tower,0,4,0,0,4,0,30,24,0,54,0,34,24,0,58,22,0,22,80
02/09/2004,ENA,AK,AAL,WE,Federal Contract Tower,0,13,2,0,15,0,43,20,0,63,0,56,22,0,78,84,32,116,194
02/10/2004,ENA,AK,AAL,WE,Federal Contract Tower,0,14,1,0,15,0,19,0,0,19,0,33,1,0,34,0,0,0,34
02/11/2004,ENA,AK,AAL,WE,Federal Contract Tower,1,21,3,3,28,1,21,19,3,44,2,42,22,6,72,66,86,152,224
02/12/2004,ENA,AK,AAL,WE,Federal Contract Tower,0,18,3,0,21,4,38,9,2,53,4,56,12,2,74,34,48,82,156
02/13/2004,ENA,AK,AAL,WE,Federal Contract Tower,0,18,3,0,21,3,11,11,8,33,3,29,14,8,54,16,16,32,86
02/14/2004,ENA,AK,AAL,WE,Federal Contract Tower,0,9,1,0,10,0,19,38,0,57,0,28,39,0,67,72,0,72,139
02/15/2004,ENA,AK,AAL,WE,Federal Contract Tower,0,8,1,0,9,0,18,57,0,75,0,26,58,0,84,72,0,72,156
02/16/2004,ENA,AK,AAL,WE,Federal Contract Tower,0,12,2,0,14,0,44,39,2,85,0,56,41,2,99,114,2,116,215
02/17/2004,ENA,AK,AAL,WE,Federal Contract Tower,0,13,2,0,15,0,25,19,0,44,0,38,21,0,59,46,0,46,105
02/18/2004,ENA,AK,AAL,WE,Federal Contract Tower,0,19,2,3,24,0,25,24,11,60,0,44,26,14,84,104,22,126,210
02/19/2004,ENA,AK,AAL,WE,Federal Contract Tower,0,17,2,3,22,6,23,8,3,40,6,40,10,6,62,10,16,26,88
02/20/2004,ENA,AK,AAL,WE,Federal Contract Tower,0,14,2,0,16,4,20,18,0,42,4,34,20,0,58,60,24,84,142
02/21/2004,ENA,AK,AAL,WE,Federal Contract Tower,0,8,0,0,8,0,15,8,0,23,0,23,8,0,31,2,0,2,33
02/22/2004,ENA,AK,AAL,WE,Federal Contract Tower,0,4,0,0,4,0,28,22,2,52,0,32,22,2,56,48,6,54,110
02/23/2004,ENA,AK,AAL,WE,Federal Contract Tower,0,14,3,0,17,0,30,21,0,51,0,44,24,0,68,52,20,72,140
02/24/2004,ENA,AK,AAL,WE,Federal Contract Tower,0,15,3,0,18,0,31,25,2,58,0,46,28,2,76,60,56,116,192
02/25/2004,ENA,AK,AAL,WE,Federal Contract Tower,0,16,3,0,19,2,24,29,8,63,2,40,32,8,82,60,26,86,168
02/26/2004,ENA,AK,AAL,WE,Federal Contract Tower,0,14,3,0,17,2,22,21,0,45,2,36,24,0,62,56,22,78,140
02/27/2004,ENA,AK,AAL,WE,Federal Contract Tower,0,21,3,2,26,0,9,5,0,14,0,30,8,2,40,16,0,16,56
02/28/2004,ENA,AK,AAL,WE,Federal Contract Tower,0,1,0,0,1,0,37,37,0,74,0,38,37,0,75,36,0,36,111
02/29/2004,ENA,AK,AAL,WE,Federal Contract Tower,0,7,0,0,7,0,11,15,0,26,0,18,15,0,33,48,0,48,81
03/01/2004,ENA,AK,AAL,WE,Federal Contract Tower,0,17,3,0,20,0,12,3,0,15,0,29,6,0,35,0,2,2,37
03/02/2004,ENA,AK,AAL,WE,Federal Contract Tower,0,17,3,0,20,0,35,27,0,62,0,52,30,0,82,34,28,62,144
03/03/2004,ENA,AK,AAL,WE,Federal Contract Tower,0,20,2,0,22,0,8,0,0,8,0,28,2,0,30,2,2,4,34
03/04/2004,ENA,AK,AAL,WE,Federal Contract Tower,1,21,3,0,25,1,0,2,0,3,2,21,5,0,28,0,0,0,28
03/05/2004,ENA,AK,AAL,WE,Federal Contract Tower,0,16,2,1,19,0,34,21,5,60,0,50,23,6,79,76,20,96,175
03/06/2004,ENA,AK,AAL,WE,Federal Contract Tower,1,7,0,0,8,1,25,47,0,73,2,32,47,0,81,90,0,90,171
03/07/2004,ENA,AK,AAL,WE,Federal Contract Tower,0,6,0,0,6,0,42,31,2,75,0,48,31,2,81,56,0,56,137
03/08/2004,ENA,AK,AAL,WE,Federal Contract Tower,0,22,4,1,27,0,25,22,3,50,0,47,26,4,77,44,42,86,163
03/09/2004,ENA,AK,AAL,WE,Federal Contract Tower,0,15,2,2,19,0,5,1,0,6,0,20,3,2,25,0,6,6,31
03/10/2004,ENA,AK,AAL,WE,Federal Contract Tower,0,22,4,0,26,0,26,8,0,34,0,48,12,0,60,46,14,60,120
03/11/2004,ENA,AK,AAL,WE,Federal Contract Tower,0,12,2,0,14,0,46,9,0,55,0,58,11,0,69,20,0,20,89
03/12/2004,ENA,AK,AAL,WE,Federal Contract Tower,0,18,3,0,21,0,12,15,0,27,0,30,18,0,48,28,4,32,80
03/13/2004,ENA,AK,AAL,WE,Federal Contract Tower,0,7,0,0,7,0,20,33,0,53,0,27,33,0,60,36,16,52,112
03/14/2004,ENA,AK,AAL,WE,Federal Contract Tower,0,14,3,0,17,0,20,21,0,41,0,34,24,0,58,24,0,24,82
03/15/2004,ENA,AK,AAL,WE,Federal Contract Tower,0,17,3,2,22,0,27,33,0,60,0,44,36,2,82,60,58,118,200
03/16/2004,ENA,AK,AAL,WE,Federal Contract Tower,0,13,3,0,16,4,60,31,0,95,4,73,34,0,111,66,0,66,177
03/17/2004,ENA,AK,AAL,WE,Federal Contract Tower,0,17,3,2,22,2,33,31,0,66,2,50,34,2,88,44,42,86,174
03/18/2004,ENA,AK,AAL,WE,Federal Contract Tower,0,7,1,1,9,0,45,5,1,51,0,52,6,2,60,2,10,12,72
03/19/2004,ENA,AK,AAL,WE,Federal Contract Tower,0,10,1,1,12,0,27,9,1,37,0,37,10,2,49,26,40,66,115
03/20/2004,ENA,AK,AAL,WE,Federal Contract Tower,0,4,0,0,4,0,15,36,0,51,0,19,36,0,55,60,0,60,115
03/21/2004,ENA,AK,AAL,WE,Federal Contract Tower,0,8,0,0,8,22,26,38,0,86,22,34,38,0,94,52,0,52,146
03/22/2004,ENA,AK,AAL,WE,Federal Contract Tower,0,15,2,1,18,0,42,61,1,104,0,57,63,2,122,76,132,208,330
03/23/2004,ENA,AK,AAL,WE,Federal Contract Tower,0,10,2,0,12,0,44,44,2,90,0,54,46,2,102,74,2,76,178
03/24/2004,ENA,AK,AAL,WE,Federal Contract Tower,0,17,3,0,20,0,48,32,0,80,0,65,35,0,100,48,14,62,162
03/25/2004,ENA,AK,AAL,WE,Federal Contract Tower,0,22,3,1,26,6,34,22,1,63,6,56,25,2,89,94,18,112,201
03/26/2004,ENA,AK,AAL,WE,Federal Contract Tower,0,26,4,0,30,0,28,18,0,46,0,54,22,0,76,52,4,56,132
03/27/2004,ENA,AK,AAL,WE,Federal Contract Tower,0,14,3,0,17,0,0,7,0,7,0,14,10,0,24,50,0,50,74
03/28/2004,ENA,AK,AAL,WE,Federal Contract Tower,0,8,1,0,9,0,24,12,0,36,0,32,13,0,45,38,0,38,83
03/29/2004,ENA,AK,AAL,WE,Federal Contract Tower,0,28,5,1,34,2,16,15,1,34,2,44,20,2,68,38,26,64,132
03/30/2004,ENA,AK,AAL,WE,Federal Contract Tower,0,24,4,0,28,0,17,4,0,21,0,41,8,0,49,20,10,30,79
03/31/2004,ENA,AK,AAL,WE,Federal Contract Tower,0,13,2,0,15,2,35,18,8,63,2,48,20,8,78,68,40,108,186
04/01/2004,ENA,AK,AAL,WE,Federal Contract Tower,1,8,3,0,12,1,42,11,6,60,2,50,14,6,72,36,6,42,114
04/02/2004,ENA,AK,AAL,WE,Federal Contract Tower,0,15,5,2,22,0,29,10,0,39,0,44,15,2,61,10,32,42,103
04/03/2004,ENA,AK,AAL,WE,Federal Contract Tower,2,18,6,0,26,0,4,6,0,10,2,22,12,0,36,10,0,10,46
04/04/2004,ENA,AK,AAL,WE,Federal Contract Tower,0,4,2,1,7,0,26,18,3,47,0,30,20,4,54,34,6,40,94
04/05/2004,ENA,AK,AAL,WE,Federal Contract Tower,0,9,3,0,12,0,39,37,0,76,0,48,40,0,88,34,46,80,168
04/06/2004,ENA,AK,AAL,WE,Federal Contract Tower,0,10,3,0,13,0,30,9,0,39,0,40,12,0,52,12,28,40,92
04/07/2004,ENA,AK,AAL,WE,Federal Contract Tower,0,14,5,2,21,0,22,21,8,51,0,36,26,10,72,50,62,112,184
04/08/2004,ENA,AK,AAL,WE,Federal Contract Tower,0,8,3,0,11,0,42,9,0,51,0,50,12,0,62,26,22,48,110
04/09/2004,ENA,AK,AAL,WE,Federal Contract Tower,0,7,2,0,9,2,25,34,0,61,2,32,36,0,70,48,46,94,164
04/10/2004,ENA,AK,AAL,WE,Federal Contract Tower,0,4,0,0,4,2,36,52,0,90,2,40,52,0,94,114,0,114,208
04/11/2004,ENA,AK,AAL,WE,Federal Contract Tower,0,0,0,0,0,0,40,49,0,89,0,40,49,0,89,44,0,44,133
04/12/2004,ENA,AK,AAL,WE,Federal Contract Tower,0,10,2,0,12,0,31,60,0,91,0,41,62,0,103,68,72,140,243
04/13/2004,ENA,AK,AAL,WE,Federal Contract Tower,2,11,2,2,17,2,30,53,0,85,4,41,55,2,102,70,2,72,174
04/14/2004,ENA,AK,AAL,WE,Federal Contract Tower,0,8,2,1,11,7,37,38,1,83,7,45,40,2,94,64,8,72,166
04/15/2004,ENA,AK,AAL,WE,Federal Contract Tower,0,8,2,0,10,8,52,51,2,113,8,60,53,2,123,48,24,72,195
04/16/2004,ENA,AK,AAL,WE,Federal Contract Tower,2,28,9,2,41,0,0,1,0,1,2,28,10,2,42,0,6,6,48
04/17/2004,ENA,AK,AAL,WE,Federal Contract Tower,0,25,9,0,34,0,0,5,0,5,0,25,14,0,39,26,0,26,65
04/18/2004,ENA,AK,AAL,WE,Federal Contract Tower,0,10,3,0,13,0,20,46,0,66,0,30,49,0,79,64,0,64,143
04/19/2004,ENA,AK,AAL,WE,Federal Contract Tower,0,12,4,1,17,0,42,49,1,92,0,54,53,2,109,76,78,154,263
04/20/2004,ENA,AK,AAL,WE,Federal Contract Tower,2,18,6,1,27,0,23,28,1,52,2,41,34,2,79,62,6,68,147
04/21/2004,ENA,AK,AAL,WE,Federal Contract Tower,0,10,3,2,15,2,30,28,4,64,2,40,31,6,79,48,54,102,181
04/22/2004,ENA,AK,AAL,WE,Federal Contract Tower,0,9,3,0,12,8,33,25,0,66,8,42,28,0,78,48,38,86,164
04/23/2004,ENA,AK,AAL,WE,Federal Contract Tower,0,13,2,1,16,0,25,43,1,69,0,38,45,2,85,76,16,92,177
04/24/2004,ENA,AK,AAL,WE,Federal Contract Tower,0,2,0,0,2,0,33,50,0,83,0,35,50,0,85,104,0,104,189
04/25/2004,ENA,AK,AAL,WE,Federal Contract Tower,0,10,3,0,13,0,24,26,0,50,0,34,29,0,63,94,0,94,157
04/26/2004,ENA,AK,AAL,WE,Federal Contract Tower,2,14,3,1,20,6,41,20,7,74,8,55,23,8,94,86,56,142,236
04/27/2004,ENA,AK,AAL,WE,Federal Contract Tower,2,18,5,1,26,0,20,14,1,35,2,38,19,2,61,52,12,64,125
04/28/2004,ENA,AK,AAL,WE,Federal Contract Tower,2,17,4,1,24,8,35,32,5,80,10,52,36,6,104,86,44,130,234
04/29/2004,ENA,AK,AAL,WE,Federal Contract Tower,3,23,5,2,33,7,22,36,4,69,10,45,41,6,102,94,42,136,238
04/30/2004,ENA,AK,AAL,WE,Federal Contract Tower,1,14,4,1,20,1,35,40,1,77,2,49,44,2,97,106,16,122,219
05/01/2004,ENA,AK,AAL,WE,Federal Contract Tower,0,2,0,0,2,4,32,37,0,73,4,34,37,0,75,164,0,164,239
05/02/2004,ENA,AK,AAL,WE,Federal Contract Tower,0,17,5,2,24,0,17,13,0,30,0,34,18,2,54,50,2,52,106
05/03/2004,ENA,AK,AAL,WE,Federal Contract Tower,0,7,2,0,9,12,52,35,0,99,12,59,37,0,108,94,42,136,244
05/04/2004,ENA,AK,AAL,WE,Federal Contract Tower,2,13,3,0,18,10,40,51,0,101,12,53,54,0,119,84,86,170,289
05/05/2004,ENA,AK,AAL,WE,Federal Contract Tower,2,13,4,1,20,6,37,56,5,104,8,50,60,6,124,104,126,230,354
05/06/2004,ENA,AK,AAL,WE,Federal Contract Tower,0,10,3,3,16,2,42,29,1,74,2,52,32,4,90,56,52,108,198
05/07/2004,ENA,AK,AAL,WE,Federal Contract Tower,0,10,3,0,13,0,44,37,0,81,0,54,40,0,94,16,22,38,132
05/08/2004,ENA,AK,AAL,WE,Federal Contract Tower,0,6,2,0,8,2,22,31,0,55,2,28,33,0,63,42,0,42,105
05/09/2004,ENA,AK,AAL,WE,Federal Contract Tower,0,8,2,0,10,2,26,44,0,72,2,34,46,0,82,58,0,58,140
05/10/2004,ENA,AK,AAL,WE,Federal Contract Tower,0,12,3,2,17,0,34,36,0,70,0,46,39,2,87,46,74,120,207
05/11/2004,ENA,AK,AAL,WE,Federal Contract Tower,0,22,6,3,31,0,17,15,1,33,0,39,21,4,64,18,24,42,106
05/12/2004,ENA,AK,AAL,WE,Federal Contract Tower,2,17,5,2,26,0,35,41,0,76,2,52,46,2,102,76,2,78,180
05/13/2004,ENA,AK,AAL,WE,Federal Contract Tower,0,8,3,2,13,2,42,41,2,87,2,50,44,4,100,60,12,72,172
05/14/2004,ENA,AK,AAL,WE,Federal Contract Tower,2,18,5,2,27,2,32,28,0,62,4,50,33,2,89,84,24,108,197
05/15/2004,ENA,AK,AAL,WE,Federal Contract Tower,0,3,0,0,3,0,25,66,0,91,0,28,66,0,94,68,0,68,162
05/16/2004,ENA,AK,AAL,WE,Federal Contract Tower,0,6,2,0,8,0,22,35,0,57,0,28,37,0,65,54,0,54,119
05/17/2004,ENA,AK,AAL,WE,Federal Contract Tower,0,12,3,3,18,0,40,22,1,63,0,52,25,4,81,48,74,122,203
05/18/2004,ENA,AK,AAL,WE,Federal Contract Tower,0,19,5,0,24,0,38,27,0,65,0,57,32,0,89,58,20,78,167
05/19/2004,ENA,AK,AAL,WE,Federal Contract Tower,3,28,6,4,41,3,10,17,0,30,6,38,23,4,71,38,52,90,161
05/20/2004,ENA,AK,AAL,WE,Federal Contract Tower,2,16,3,0,21,2,38,33,0,73,4,54,36,0,94,54,56,110,204
05/21/2004,ENA,AK,AAL,WE,Federal Contract Tower,2,15,2,2,21,2,38,67,0,107,4,53,69,2,128,104,0,104,232
05/22/2004,ENA,AK,AAL,WE,Federal Contract Tower,0,7,2,0,9,0,21,108,4,133,0,28,110,4,142,54,0,54,196
05/23/2004,ENA,AK,AAL,WE,Federal Contract Tower,0,18,3,0,21,0,14,19,0,33,0,32,22,0,54,38,0,38,92
05/24/2004,ENA,AK,AAL,WE,Federal Contract Tower,0,29,5,4,38,0,28,17,0,45,0,57,22,4,83,68,34,102,185
05/25/2004,ENA,AK,AAL,WE,Federal Contract Tower,0,22,4,0,26,0,15,2,0,17,0,37,6,0,43,6,0,6,49
05/26/2004,ENA,AK,AAL,WE,Federal Contract Tower,2,23,5,3,33,2,21,21,9,53,4,44,26,12,86,28,48,76,162
05/27/2004,ENA,AK,AAL,WE,Federal Contract Tower,0,20,5,3,28,0,16,28,5,49,0,36,33,8,77,62,24,86,163
05/28/2004,ENA,AK,AAL,WE,Federal Contract Tower,0,11,3,2,16,0,37,35,0,72,0,48,38,2,88,68,40,108,196
05/29/2004,ENA,AK,AAL,WE,Federal Contract Tower,0,2,0,0,2,0,32,50,0,82,0,34,50,0,84,34,0,34,118
05/30/2004,ENA,AK,AAL,WE,Federal Contract Tower,0,2,0,0,2,0,36,63,0,99,0,38,63,0,101,48,16,64,165
05/31/2004,ENA,AK,AAL,WE,Federal Contract Tower,0,7,2,0,9,0,27,36,0,63,0,34,38,0,72,14,0,14,86
06/01/2004,ENA,AK,AAL,WE,Federal Contract Tower,0,9,2,1,12,0,64,34,6,104,0,73,36,7,116,58,46,104,220
06/02/2004,ENA,AK,AAL,WE,Federal Contract Tower,2,17,5,1,25,0,49,25,1,75,2,66,30,2,100,30,58,88,188
06/03/2004,ENA,AK,AAL,WE,Federal Contract Tower,0,8,3,1,12,0,58,34,3,95,0,66,37,4,107,48,52,100,207
06/04/2004,ENA,AK,AAL,WE,Federal Contract Tower,0,10,3,1,14,0,57,52,3,112,0,67,55,4,126,54,28,82,208
06/05/2004,ENA,AK,AAL,WE,Federal Contract Tower,0,4,0,1,5,0,35,72,3,110,0,39,72,4,115,50,4,54,169
06/06/2004,ENA,AK,AAL,WE,Federal Contract Tower,0,2,0,1,3,2,43,29,1,75,2,45,29,2,78,64,0,64,142
06/07/2004,ENA,AK,AAL,WE,Federal Contract Tower,0,19,5,0,24,0,42,11,0,53,0,61,16,0,77,46,42,88,165
06/08/2004,ENA,AK,AAL,WE,Federal Contract Tower,0,28,7,2,37,0,50,23,2,75,0,78,30,4,112,48,46,94,206
06/09/2004,ENA,AK,AAL,WE,Federal Contract Tower,0,18,5,0,23,0,52,24,0,76,0,70,29,0,99,54,78,132,231
06/10/2004,ENA,AK,AAL,WE,Federal Contract Tower,2,7,2,1,12,2,61,20,3,86,4,68,22,4,98,26,2,28,126
06/11/2004,ENA,AK,AAL,WE,Federal Contract Tower,0,14,1,0,15,0,35,33,0,68,0,49,34,0,83,46,0,46,129
06/12/2004,ENA,AK,AAL,WE,Federal Contract Tower,0,5,1,0,6,0,39,55,0,94,0,44,56,0,100,46,0,46,146
06/13/2004,ENA,AK,AAL,WE,Federal Contract Tower,0,3,0,0,3,0,37,39,0,76,0,40,39,0,79,14,0,14,93
06/14/2004,ENA,AK,AAL,WE,Federal Contract Tower,0,0,0,0,0,2,63,45,0,110,2,63,45,0,110,34,0,34,144
06/15/2004,ENA,AK,AAL,WE,Federal Contract Tower,4,16,3,0,23,3,56,28,8,95,7,72,31,8,118,74,16,90,208
06/16/2004,ENA,AK,AAL,WE,Federal Contract Tower,5,27,6,1,39,21,39,30,1,91,26,66,36,2,130,54,24,78,208
06/17/2004,ENA,AK,AAL,WE,Federal Contract Tower,4,23,5,1,33,6,40,14,1,61,10,63,19,2,94,56,0,56,150
06/18/2004,ENA,AK,AAL,WE,Federal Contract Tower,1,9,2,0,12,1,53,57,0,111,2,62,59,0,123,60,0,60,183
06/19/2004,ENA,AK,AAL,WE,Federal Contract Tower,0,5,2,0,7,0,45,64,0,109,0,50,66,0,116,90,0,90,206
06/20/2004,ENA,AK,AAL,WE,Federal Contract Tower,0,2,0,0,2,0,52,42,0,94,0,54,42,0,96,72,0,72,168
06/21/2004,ENA,AK,AAL,WE,Federal Contract Tower,1,8,2,0,11,8,86,59,0,153,9,94,61,0,164,82,2,84,248
06/22/2004,ENA,AK,AAL,WE,Federal Contract Tower,2,18,5,0,25,5,60,21,0,86,7,78,26,0,111,68,4,72,183
06/23/2004,ENA,AK,AAL,WE,Federal Contract Tower,0,25,5,2,32,0,57,44,0,101,0,82,49,2,133,44,16,60,193
06/24/2004,ENA,AK,AAL,WE,Federal Contract Tower,2,12,3,0,17,14,38,37,0,89,16,50,40,0,106,20,16,36,142
06/25/2004,ENA,AK,AAL,WE,Federal Contract Tower,2,13,3,0,18,6,35,50,4,95,8,48,53,4,113,152,20,172,285
06/26/2004,ENA,AK,AAL,WE,Federal Contract Tower,0,1,0,0,1,8,57,38,0,103,8,58,38,0,104,92,0,92,196
06/27/2004,ENA,AK,AAL,WE,Federal Contract Tower,0,24,6,0,30,0,8,16,0,24,0,32,22,0,54,16,0,16,70
06/28/2004,ENA,AK,AAL,WE,Federal Contract Tower,4,34,8,0,46,0,54,16,0,70,4,88,24,0,116,36,24,60,176
06/29/2004,ENA,AK,AAL,WE,Federal Contract Tower,2,25,6,1,34,0,35,34,3,72,2,60,40,4,106,78,34,112,218
06/30/2004,ENA,AK,AAL,WE,Federal Contract Tower,6,39,10,1,56,2,45,48,3,98,8,84,58,4,154,66,20,86,240
07/01/2004,ENA,AK,AAL,WE,Federal Contract Tower,3,29,9,2,43,0,29,16,4,49,3,58,25,6,92,10,38,48,140
07/02/2004,ENA,AK,AAL,WE,Federal Contract Tower,5,21,6,0,32,0,37,88,0,125,5,58,94,0,157,54,0,54,211
07/03/2004,ENA,AK,AAL,WE,Federal Contract Tower,3,8,2,0,13,2,38,83,0,123,5,46,85,0,136,66,0,66,202
07/04/2004,ENA,AK,AAL,WE,Federal Contract Tower,1,3,0,0,4,2,38,45,0,85,3,41,45,0,89,42,0,42,131
07/05/2004,ENA,AK,AAL,WE,Federal Contract Tower,1,3,2,0,6,0,67,80,0,147,1,70,82,0,153,54,0,54,207
07/06/2004,ENA,AK,AAL,WE,Federal Contract Tower,3,8,3,0,14,20,94,60,4,178,23,102,63,4,192,96,38,134,326
07/07/2004,ENA,AK,AAL,WE,Federal Contract Tower,2,11,4,1,18,0,62,64,1,127,2,73,68,2,145,68,2,70,215
07/08/2004,ENA,AK,AAL,WE,Federal Contract Tower,5,18,6,1,30,7,47,49,7,110,12,65,55,8,140,66,88,154,294
07/09/2004,ENA,AK,AAL,WE,Federal Contract Tower,3,8,3,0,14,5,44,62,0,111,8,52,65,0,125,124,0,124,249
07/10/2004,ENA,AK,AAL,WE,Federal Contract Tower,1,1,0,0,2,0,49,79,0,128,1,50,79,0,130,88,0,88,218
07/11/2004,ENA,AK,AAL,WE,Federal Contract Tower,3,9,3,0,15,6,61,90,0,157,9,70,93,0,172,118,0,118,290
07/12/2004,ENA,AK,AAL,WE,Federal Contract Tower,4,12,3,0,19,4,68,50,0,122,8,80,53,0,141,90,48,138,279
07/13/2004,ENA,AK,AAL,WE,Federal Contract Tower,8,35,10,2,55,0,37,29,0,66,8,72,39,2,121,48,26,74,195
07/14/2004,ENA,AK,AAL,WE,Federal Contract Tower,4,16,5,0,25,2,61,32,0,95,6,77,37,0,120,44,22,66,186
07/15/2004,ENA,AK,AAL,WE,Federal Contract Tower,3,12,4,2,21,5,54,55,6,120,8,66,59,8,141,80,82,162,303
07/16/2004,ENA,AK,AAL,WE,Federal Contract Tower,3,12,4,2,21,5,44,76,2,127,8,56,80,4,148,36,12,48,196
07/17/2004,ENA,AK,AAL,WE,Federal Contract Tower,3,13,2,2,20,5,25,64,0,94,8,38,66,2,114,32,0,32,146
07/18/2004,ENA,AK,AAL,WE,Federal Contract Tower,3,14,3,0,20,6,41,35,0,82,9,55,38,0,102,40,0,40,142
07/19/2004,ENA,AK,AAL,WE,Federal Contract Tower,3,15,3,2,23,1,57,29,0,87,4,72,32,2,110,40,96,136,246
07/20/2004,ENA,AK,AAL,WE,Federal Contract Tower,3,15,3,2,23,1,71,37,2,111,4,86,40,4,134,54,32,86,220
07/21/2004,ENA,AK,AAL,WE,Federal Contract Tower,3,15,4,2,24,1,55,41,0,97,4,70,45,2,121,46,34,80,201
07/22/2004,ENA,AK,AAL,WE,Federal Contract Tower,3,13,2,2,20,7,55,54,0,116,10,68,56,2,136,36,22,58,194
07/23/2004,ENA,AK,AAL,WE,Federal Contract Tower,3,14,3,2,22,5,58,62,0,125,8,72,65,2,147,90,6,96,243
07/24/2004,ENA,AK,AAL,WE,Federal Contract Tower,1,7,1,0,9,4,35,58,0,97,5,42,59,0,106,60,0,60,166
07/25/2004,ENA,AK,AAL,WE,Federal Contract Tower,3,13,3,0,19,7,45,54,0,106,10,58,57,0,125,32,0,32,157
07/26/2004,ENA,AK,AAL,WE,Federal Contract Tower,0,14,4,0,18,0,66,18,0,84,0,80,22,0,102,34,12,46,148
07/27/2004,ENA,AK,AAL,WE,Federal Contract Tower,4,20,6,1,31,0,54,26,5,85,4,74,32,6,116,66,14,80,196
07/28/2004,ENA,AK,AAL,WE,Federal Contract Tower,5,21,6,1,33,3,49,47,3,102,8,70,53,4,135,40,46,86,221
07/29/2004,ENA,AK,AAL,WE,Federal Contract Tower,5,24,7,2,38,5,46,46,0,97,10,70,53,2,135,48,10,58,193
07/30/2004,ENA,AK,AAL,WE,Federal Contract Tower,4,18,5,1,28,0,26,75,1,102,4,44,80,2,130,94,44,138,268
07/31/2004,ENA,AK,AAL,WE,Federal Contract Tower,4,29,8,0,41,0,21,56,0,77,4,50,64,0,118,58,0,58,176
08/01/2004,ENA,AK,AAL,WE,Federal Contract Tower,1,8,1,0,10,5,36,71,0,112,6,44,72,0,122,60,0,60,182
08/02/2004,ENA,AK,AAL,WE,Federal Contract Tower,1,11,3,1,16,5,92,43,3,143,6,103,46,4,159,108,52,160,319
08/03/2004,ENA,AK,AAL,WE,Federal Contract Tower,3,13,3,1,20,5,75,54,3,137,8,88,57,4,157,74,68,142,299
08/04/2004,ENA,AK,AAL,WE,Federal Contract Tower,3,16,3,2,24,9,52,35,4,100,12,68,38,6,124,50,98,148,272
08/05/2004,ENA,AK,AAL,WE,Federal Contract Tower,0,6,2,1,9,4,44,70,5,123,4,50,72,6,132,74,70,144,276
08/06/2004,ENA,AK,AAL,WE,Federal Contract Tower,3,14,3,1,21,3,60,69,5,137,6,74,72,6,158,86,64,150,308
08/07/2004,ENA,AK,AAL,WE,Federal Contract Tower,0,5,0,0,5,11,49,90,0,150,11,54,90,0,155,80,0,80,235
08/08/2004,ENA,AK,AAL,WE,Federal Contract Tower,0,4,0,0,4,2,36,50,0,88,2,40,50,0,92,48,4,52,144
08/09/2004,ENA,AK,AAL,WE,Federal Contract Tower,3,16,3,0,22,0,64,28,0,92,3,80,31,0,114,66,60,126,240
08/10/2004,ENA,AK,AAL,WE,Federal Contract Tower,3,16,3,2,24,18,61,36,0,115,21,77,39,2,139,86,44,130,269
08/11/2004,ENA,AK,AAL,WE,Federal Contract Tower,4,22,3,2,31,17,56,63,0,136,21,78,66,2,167,66,14,80,247
08/12/2004,ENA,AK,AAL,WE,Federal Contract Tower,4,14,4,0,22,9,70,52,8,139,13,84,56,8,161,104,44,148,309
08/13/2004,ENA,AK,AAL,WE,Federal Contract Tower,5,16,3,1,25,9,68,50,1,128,14,84,53,2,153,34,54,88,241
08/14/2004,ENA,AK,AAL,WE,Federal Contract Tower,5,19,4,0,28,6,56,67,0,129,11,75,71,0,157,44,0,44,201
08/15/2004,ENA,AK,AAL,WE,Federal Contract Tower,0,6,0,0,6,0,46,48,0,94,0,52,48,0,100,60,0,60,160
08/16/2004,ENA,AK,AAL,WE,Federal Contract Tower,5,16,3,1,25,1,62,34,1,98,6,78,37,2,123,70,96,166,289
08/17/2004,ENA,AK,AAL,WE,Federal Contract Tower,6,33,6,2,47,0,53,19,6,78,6,86,25,8,125,76,82,158,283
08/18/2004,ENA,AK,AAL,WE,Federal Contract Tower,5,20,4,1,30,2,64,35,5,106,7,84,39,6,136,92,68,160,296
08/19/2004,ENA,AK,AAL,WE,Federal Contract Tower,3,10,3,0,16,7,54,39,4,104,10,64,42,4,120,36,34,70,190
08/20/2004,ENA,AK,AAL,WE,Federal Contract Tower,0,27,5,0,32,0,37,40,0,77,0,64,45,0,109,44,2,46,155
08/21/2004,ENA,AK,AAL,WE,Federal Contract Tower,4,14,2,0,20,2,30,34,0,66,6,44,36,0,86,62,0,62,148
08/22/2004,ENA,AK,AAL,WE,Federal Contract Tower,0,4,0,0,4,0,44,44,0,88,0,48,44,0,92,30,0,30,122
08/23/2004,ENA,AK,AAL,WE,Federal Contract Tower,4,13,2,0,19,2,50,42,2,96,6,63,44,2,115,40,28,68,183
08/24/2004,ENA,AK,AAL,WE,Federal Contract Tower,5,16,2,0,23,12,64,41,0,117,17,80,43,0,140,80,0,80,220
08/25/2004,ENA,AK,AAL,WE,Federal Contract Tower,6,23,3,0,32,6,48,31,0,85,12,71,34,0,117,56,48,104,221
08/26/2004,ENA,AK,AAL,WE,Federal Contract Tower,2,27,5,2,36,0,40,23,6,69,2,67,28,8,105,82,16,98,203
08/27/2004,ENA,AK,AAL,WE,Federal Contract Tower,4,37,6,2,49,0,25,20,0,45,4,62,26,2,94,48,34,82,176
08/28/2004,ENA,AK,AAL,WE,Federal Contract Tower,4,15,2,0,21,0,26,53,0,79,4,41,55,0,100,18,20,38,138
08/29/2004,ENA,AK,AAL,WE,Federal Contract Tower,2,15,2,0,19,0,14,42,0,56,2,29,44,0,75,30,0,30,105
08/30/2004,ENA,AK,AAL,WE,Federal Contract Tower,5,26,4,1,36,0,24,13,1,38,5,50,17,2,74,18,2,20,94
08/31/2004,ENA,AK,AAL,WE,Federal Contract Tower,6,26,4,0,36,2,35,38,0,75,8,61,42,0,111,70,0,70,181
09/01/2004,ENA,AK,AAL,WE,Federal Contract Tower,0,30,3,2,35,0,34,26,0,60,0,64,29,2,95,32,76,108,203
09/02/2004,ENA,AK,AAL,WE,Federal Contract Tower,3,37,3,2,45,0,21,20,0,41,3,58,23,2,86,14,0,14,100
09/03/2004,ENA,AK,AAL,WE,Federal Contract Tower,1,21,1,0,23,1,39,17,0,57,2,60,18,0,80,38,0,38,118
09/04/2004,ENA,AK,AAL,WE,Federal Contract Tower,1,5,0,0,6,3,32,47,0,82,4,37,47,0,88,52,0,52,140
09/05/2004,ENA,AK,AAL,WE,Federal Contract Tower,1,1,0,0,2,1,45,40,0,86,2,46,40,0,88,48,0,48,136
09/06/2004,ENA,AK,AAL,WE,Federal Contract Tower,0,0,0,0,0,0,52,53,0,105,0,52,53,0,105,118,0,118,223
09/07/2004,ENA,AK,AAL,WE,Federal Contract Tower,1,13,1,0,15,2,55,32,4,93,3,68,33,4,108,70,14,84,192
09/08/2004,ENA,AK,AAL,WE,Federal Contract Tower,0,12,1,0,13,0,78,45,0,123,0,90,46,0,136,76,94,170,306
09/09/2004,ENA,AK,AAL,WE,Federal Contract Tower,1,12,1,0,14,3,74,33,0,110,4,86,34,0,124,82,56,138,262
09/10/2004,ENA,AK,AAL,WE,Federal Contract Tower,0,15,1,0,16,0,59,52,2,113,0,74,53,2,129,24,0,24,153
09/11/2004,ENA,AK,AAL,WE,Federal Contract Tower,0,3,0,0,3,0,31,38,0,69,0,34,38,0,72,26,0,26,98
09/12/2004,ENA,AK,AAL,WE,Federal Contract Tower,0,2,0,0,2,0,32,39,2,73,0,34,39,2,75,34,0,34,109
09/13/2004,ENA,AK,AAL,WE,Federal Contract Tower,1,18,2,0,21,5,53,32,0,90,6,71,34,0,111,44,80,124,235
09/14/2004,ENA,AK,AAL,WE,Federal Contract Tower,1,10,2,0,13,0,49,26,0,75,1,59,28,0,88,52,0,52,140
09/15/2004,ENA,AK,AAL,WE,Federal Contract Tower,1,13,2,0,16,5,53,43,2,103,6,66,45,2,119,74,30,104,223
09/16/2004,ENA,AK,AAL,WE,Federal Contract Tower,0,16,2,1,19,0,54,24,1,79,0,70,26,2,98,16,40,56,154
09/17/2004,ENA,AK,AAL,WE,Federal Contract Tower,0,14,2,0,16,0,60,26,0,86,0,74,28,0,102,18,50,68,170
09/18/2004,ENA,AK,AAL,WE,Federal Contract Tower,0,2,0,0,2,0,52,31,0,83,0,54,31,0,85,38,10,48,133
09/19/2004,ENA,AK,AAL,WE,Federal Contract Tower,0,20,2,0,22,0,20,14,0,34,0,40,16,0,56,24,0,24,80
09/20/2004,ENA,AK,AAL,WE,Federal Contract Tower,0,42,4,0,46,0,20,12,0,32,0,62,16,0,78,50,0,50,128
09/21/2004,ENA,AK,AAL,WE,Federal Contract Tower,0,10,2,1,13,0,57,23,1,81,0,67,25,2,94,62,22,84,178
09/22/2004,ENA,AK,AAL,WE,Federal Contract Tower,0,35,4,0,39,0,28,6,0,34,0,63,10,0,73,24,42,66,139
09/23/2004,ENA,AK,AAL,WE,Federal Contract Tower,0,22,2,0,24,0,34,25,0,59,0,56,27,0,83,40,6,46,129
09/24/2004,ENA,AK,AAL,WE,Federal Contract Tower,0,18,2,1,21,10,46,44,1,101,10,64,46,2,122,76,0,76,198
09/25/2004,ENA,AK,AAL,WE,Federal Contract Tower,0,18,1,0,19,0,8,11,0,19,0,26,12,0,38,0,0,0,38
09/26/2004,ENA,AK,AAL,WE,Federal Contract Tower,1,22,1,0,24,3,10,4,0,17,4,32,5,0,41,4,0,4,45
09/27/2004,ENA,AK,AAL,WE,Federal Contract Tower,0,12,1,1,14,4,50,10,1,65,4,62,11,2,79,42,4,46,125
09/28/2004,ENA,AK,AAL,WE,Federal Contract Tower,2,44,4,2,52,2,0,9,2,13,4,44,13,4,65,20,6,26,91
09/29/2004,ENA,AK,AAL,WE,Federal Contract Tower,0,41,4,0,45,0,3,1,0,4,0,44,5,0,49,0,0,0,49
09/30/2004,ENA,AK,AAL,WE,Federal Contract Tower,1,41,4,2,48,1,1,2,0,4,2,42,6,2,52,6,0,6,58
10/01/2004,ENA,AK,AAL,WE,Federal Contract Tower,0,12,5,0,17,0,67,44,0,111,0,79,49,0,128,132,16,148,276
10/02/2004,ENA,AK,AAL,WE,Federal Contract Tower,0,3,0,0,3,0,32,8,0,40,0,35,8,0,43,6,0,6,49
10/03/2004,ENA,AK,AAL,WE,Federal Contract Tower,0,2,1,0,3,0,22,18,0,40,0,24,19,0,43,18,0,18,61
10/04/2004,ENA,AK,AAL,WE,Federal Contract Tower,2,6,0,0,8,0,58,27,2,87,2,64,27,2,95,96,26,122,217
10/05/2004,ENA,AK,AAL,WE,Federal Contract Tower,0,10,2,1,13,0,62,42,3,107,0,72,44,4,120,96,50,146,266
10/06/2004,ENA,AK,AAL,WE,Federal Contract Tower,1,21,2,2,26,3,41,20,0,64,4,62,22,2,90,38,18,56,146
10/07/2004,ENA,AK,AAL,WE,Federal Contract Tower,2,17,7,0,26,0,59,21,0,80,2,76,28,0,106,32,30,62,168
10/08/2004,ENA,AK,AAL,WE,Federal Contract Tower,0,40,1,1,42,0,32,24,1,57,0,72,25,2,99,52,0,52,151
10/09/2004,ENA,AK,AAL,WE,Federal Contract Tower,2,9,2,0,13,0,24,19,0,43,2,33,21,0,56,24,0,24,80
10/10/2004,ENA,AK,AAL,WE,Federal Contract Tower,0,8,0,0,8,0,34,31,0,65,0,42,31,0,73,78,0,78,151
10/11/2004,ENA,AK,AAL,WE,Federal Contract Tower,0,8,0,0,8,0,72,25,0,97,0,80,25,0,105,42,0,42,147
10/12/2004,ENA,AK,AAL,WE,Federal Contract Tower,0,17,10,0,27,0,50,27,0,77,0,67,37,0,104,106,0,106,210
10/13/2004,ENA,AK,AAL,WE,Federal Contract Tower,0,20,4,0,24,0,44,21,0,65,0,64,25,0,89,20,0,20,109
10/14/2004,ENA,AK,AAL,WE,Federal Contract Tower,0,16,7,0,23,0,34,25,2,61,0,50,32,2,84,94,26,120,204
10/15/2004,ENA,AK,AAL,WE,Federal Contract Tower,2,23,8,1,34,0,27,18,1,46,2,50,26,2,80,40,2,42,122
10/16/2004,ENA,AK,AAL,WE,Federal Contract Tower,0,11,3,0,14,0,19,26,0,45,0,30,29,0,59,80,0,80,139
10/17/2004,ENA,AK,AAL,WE,Federal Contract Tower,0,6,0,0,6,0,42,39,0,81,0,48,39,0,87,98,0,98,185
10/18/2004,ENA,AK,AAL,WE,Federal Contract Tower,0,12,4,0,16,0,54,24,4,82,0,66,28,4,98,46,20,66,164
10/19/2004,ENA,AK,AAL,WE,Federal Contract Tower,0,26,0,2,28,0,18,13,0,31,0,44,13,2,59,30,10,40,99
10/20/2004,ENA,AK,AAL,WE,Federal Contract Tower,0,20,4,2,26,0,35,21,0,56,0,55,25,2,82,44,40,84,166
10/21/2004,ENA,AK,AAL,WE,Federal Contract Tower,0,22,0,2,24,0,40,19,0,59,0,62,19,2,83,36,18,54,137
10/22/2004,ENA,AK,AAL,WE,Federal Contract Tower,0,17,3,2,22,0,11,13,0,24,0,28,16,2,46,26,28,54,100
10/23/2004,ENA,AK,AAL,WE,Federal Contract Tower,0,16,0,0,16,0,7,3,0,10,0,23,3,0,26,0,0,0,26
10/24/2004,ENA,AK,AAL,WE,Federal Contract Tower,0,9,0,3,12,0,23,37,3,63,0,32,37,6,75,76,2,78,153
10/25/2004,ENA,AK,AAL,WE,Federal Contract Tower,0,17,0,3,20,2,35,31,1,69,2,52,31,4,89,66,42,108,197
10/26/2004,ENA,AK,AAL,WE,Federal Contract Tower,0,24,10,4,38,4,12,12,0,28,4,36,22,4,66,10,16,26,92
10/27/2004,ENA,AK,AAL,WE,Federal Contract Tower,2,18,6,4,30,12,56,22,4,94,14,74,28,8,124,46,30,76,200
10/28/2004,ENA,AK,AAL,WE,Federal Contract Tower,2,20,2,2,26,0,38,19,0,57,2,58,21,2,83,16,18,34,117
10/29/2004,ENA,AK,AAL,WE,Federal Contract Tower,2,18,0,6,26,4,29,12,0,45,6,47,12,6,71,24,26,50,121
10/30/2004,ENA,AK,AAL,WE,Federal Contract Tower,2,1,0,0,3,4,24,34,0,62,6,25,34,0,65,64,0,64,129
10/31/2004,ENA,AK,AAL,WE,Federal Contract Tower,0,16,0,2,18,0,8,13,0,21,0,24,13,2,39,28,0,28,67
11/01/2004,ENA,AK,AAL,WE,Federal Contract Tower,0,17,6,0,23,16,27,12,0,55,16,44,18,0,78,46,12,58,136
11/02/2004,ENA,AK,AAL,WE,Federal Contract Tower,0,14,1,0,15,8,18,8,0,34,8,32,9,0,49,12,10,22,71
11/03/2004,ENA,AK,AAL,WE,Federal Contract Tower,2,20,2,0,24,0,10,3,0,13,2,30,5,0,37,0,0,0,37
11/04/2004,ENA,AK,AAL,WE,Federal Contract Tower,0,25,2,0,27,0,35,15,0,50,0,60,17,0,77,52,0,52,129
11/05/2004,ENA,AK,AAL,WE,Federal Contract Tower,0,11,2,0,13,0,41,19,0,60,0,52,21,0,73,30,22,52,125
11/06/2004,ENA,AK,AAL,WE,Federal Contract Tower,0,6,0,0,6,0,17,17,0,34,0,23,17,0,40,14,0,14,54
11/07/2004,ENA,AK,AAL,WE,Federal Contract Tower,0,15,3,0,18,0,7,8,0,15,0,22,11,0,33,10,0,10,43
11/08/2004,ENA,AK,AAL,WE,Federal Contract Tower,2,7,5,0,14,0,44,15,0,59,2,51,20,0,73,30,10,40,113
11/09/2004,ENA,AK,AAL,WE,Federal Contract Tower,0,19,4,0,23,0,0,0,0,0,0,19,4,0,23,28,0,28,51
11/10/2004,ENA,AK,AAL,WE,Federal Contract Tower,0,21,3,0,24,0,20,4,0,24,0,41,7,0,48,16,0,16,64
11/11/2004,ENA,AK,AAL,WE,Federal Contract Tower,2,19,1,0,22,0,31,18,0,49,2,50,19,0,71,36,0,36,107
11/12/2004,ENA,AK,AAL,WE,Federal Contract Tower,0,22,9,0,31,0,0,0,0,0,0,22,9,0,31,0,0,0,31
11/13/2004,ENA,AK,AAL,WE,Federal Contract Tower,0,28,4,0,32,0,0,6,0,6,0,28,10,0,38,4,0,4,42
11/14/2004,ENA,AK,AAL,WE,Federal Contract Tower,0,0,0,0,0,0,0,0,0,0,0,0,0,0,0,0,0,0,0
11/15/2004,ENA,AK,AAL,WE,Federal Contract Tower,0,18,6,0,24,0,32,21,4,57,0,50,27,4,81,92,28,120,201
11/16/2004,ENA,AK,AAL,WE,Federal Contract Tower,0,27,3,4,34,0,0,0,0,0,0,27,3,4,34,14,6,20,54
11/17/2004,ENA,AK,AAL,WE,Federal Contract Tower,0,23,2,0,25,0,11,4,0,15,0,34,6,0,40,26,6,32,72
11/18/2004,ENA,AK,AAL,WE,Federal Contract Tower,0,25,7,0,32,0,15,1,0,16,0,40,8,0,48,10,0,10,58
11/19/2004,ENA,AK,AAL,WE,Federal Contract Tower,2,20,1,0,23,0,28,7,0,35,2,48,8,0,58,34,0,34,92
11/20/2004,ENA,AK,AAL,WE,Federal Contract Tower,0,5,0,0,5,0,43,14,0,57,0,48,14,0,62,42,0,42,104
11/21/2004,ENA,AK,AAL,WE,Federal Contract Tower,0,6,0,0,6,0,15,19,0,34,0,21,19,0,40,20,2,22,62
11/22/2004,ENA,AK,AAL,WE,Federal Contract Tower,0,19,0,0,19,0,34,14,0,48,0,53,14,0,67,80,0,80,147
11/23/2004,ENA,AK,AAL,WE,Federal Contract Tower,2,18,1,1,22,0,17,28,3,48,2,35,29,4,70,66,20,86,156
11/24/2004,ENA,AK,AAL,WE,Federal Contract Tower,6,14,0,0,20,0,28,26,0,54,6,42,26,0,74,44,0,44,118
11/25/2004,ENA,AK,AAL,WE,Federal Contract Tower,0,12,1,0,13,0,2,13,0,15,0,14,14,0,28,0,0,0,28
11/26/2004,ENA,AK,AAL,WE,Federal Contract Tower,0,22,0,0,22,0,7,12,0,19,0,29,12,0,41,26,0,26,67
11/27/2004,ENA,AK,AAL,WE,Federal Contract Tower,0,12,1,0,13,0,4,21,0,25,0,16,22,0,38,6,0,6,44
11/28/2004,ENA,AK,AAL,WE,Federal Contract Tower,0,4,1,0,5,0,24,44,0,68,0,28,45,0,73,58,0,58,131
11/29/2004,ENA,AK,AAL,WE,Federal Contract Tower,3,18,9,0,30,0,16,8,0,24,3,34,17,0,54,26,2,28,82
11/30/2004,ENA,AK,AAL,WE,Federal Contract Tower,0,18,4,4,26,0,36,21,0,57,0,54,25,4,83,64,48,112,195
12/01/2004,ENA,AK,AAL,WE,Federal Contract Tower,0,26,4,1,31,0,8,3,1,12,0,34,7,2,43,10,22,32,75
12/02/2004,ENA,AK,AAL,WE,Federal Contract Tower,0,32,0,0,32,0,8,6,0,14,0,40,6,0,46,0,0,0,46
12/03/2004,ENA,AK,AAL,WE,Federal Contract Tower,0,20,2,5,27,0,40,18,1,59,0,60,20,6,86,52,16,68,154
12/04/2004,ENA,AK,AAL,WE,Federal Contract Tower,2,4,5,0,11,0,29,36,0,65,2,33,41,0,76,74,0,74,150
12/05/2004,ENA,AK,AAL,WE,Federal Contract Tower,0,14,0,2,16,0,12,15,0,27,0,26,15,2,43,22,14,36,79
12/06/2004,ENA,AK,AAL,WE,Federal Contract Tower,0,15,0,2,17,0,30,13,0,43,0,45,13,2,60,28,70,98,158
12/07/2004,ENA,AK,AAL,WE,Federal Contract Tower,4,18,0,0,22,0,14,1,0,15,4,32,1,0,37,0,4,4,41
12/08/2004,ENA,AK,AAL,WE,Federal Contract Tower,4,16,2,0,22,0,28,12,6,46,4,44,14,6,68,26,40,66,134
12/09/2004,ENA,AK,AAL,WE,Federal Contract Tower,0,17,0,0,17,0,37,17,2,56,0,54,17,2,73,26,14,40,113
12/10/2004,ENA,AK,AAL,WE,Federal Contract Tower,4,18,3,2,27,0,46,19,6,71,4,64,22,8,98,52,4,56,154
12/11/2004,ENA,AK,AAL,WE,Federal Contract Tower,2,9,0,0,11,0,10,11,0,21,2,19,11,0,32,8,0,8,40
12/12/2004,ENA,AK,AAL,WE,Federal Contract Tower,0,7,2,0,9,0,19,11,0,30,0,26,13,0,39,10,0,10,49
12/13/2004,ENA,AK,AAL,WE,Federal Contract Tower,2,17,4,0,23,2,13,0,0,15,4,30,4,0,38,10,6,16,54
12/14/2004,ENA,AK,AAL,WE,Federal Contract Tower,2,18,1,0,21,0,34,7,2,43,2,52,8,2,64,24,14,38,102
12/15/2004,ENA,AK,AAL,WE,Federal Contract Tower,2,16,2,0,20,0,20,2,4,26,2,36,4,4,46,4,30,34,80
12/16/2004,ENA,AK,AAL,WE,Federal Contract Tower,4,15,0,0,19,0,41,11,0,52,4,56,11,0,71,16,22,38,109
12/17/2004,ENA,AK,AAL,WE,Federal Contract Tower,2,14,1,0,17,0,27,14,0,41,2,41,15,0,58,18,0,18,76
12/18/2004,ENA,AK,AAL,WE,Federal Contract Tower,2,6,7,0,15,0,13,21,2,36,2,19,28,2,51,70,0,70,121
12/19/2004,ENA,AK,AAL,WE,Federal Contract Tower,0,20,0,0,20,0,5,3,0,8,0,25,3,0,28,0,2,2,30
12/20/2004,ENA,AK,AAL,WE,Federal Contract Tower,0,17,0,0,17,0,31,15,0,46,0,48,15,0,63,26,46,72,135
12/21/2004,ENA,AK,AAL,WE,Federal Contract Tower,2,22,11,2,37,0,6,0,0,6,2,28,11,2,43,8,0,8,51
12/22/2004,ENA,AK,AAL,WE,Federal Contract Tower,4,22,2,0,28,0,8,5,0,13,4,30,7,0,41,36,0,36,77
12/23/2004,ENA,AK,AAL,WE,Federal Contract Tower,2,19,0,0,21,2,27,13,0,42,4,46,13,0,63,16,20,36,99
12/24/2004,ENA,AK,AAL,WE,Federal Contract Tower,1,14,2,0,17,0,8,5,0,13,1,22,7,0,30,6,0,6,36
12/25/2004,ENA,AK,AAL,WE,Federal Contract Tower,0,0,0,0,0,0,2,1,0,3,0,2,1,0,3,0,0,0,3
12/26/2004,ENA,AK,AAL,WE,Federal Contract Tower,0,14,3,0,17,0,2,9,0,11,0,16,12,0,28,10,0,10,38
12/27/2004,ENA,AK,AAL,WE,Federal Contract Tower,0,24,2,0,26,0,42,7,0,49,0,66,9,0,75,20,34,54,129
12/28/2004,ENA,AK,AAL,WE,Federal Contract Tower,0,16,0,0,16,4,15,5,0,24,4,31,5,0,40,16,2,18,58
12/29/2004,ENA,AK,AAL,WE,Federal Contract Tower,0,8,4,0,12,0,30,16,0,46,0,38,20,0,58,86,4,90,148
12/30/2004,ENA,AK,AAL,WE,Federal Contract Tower,0,13,1,0,14,4,29,22,0,55,4,42,23,0,69,36,0,36,105
12/31/2004,ENA,AK,AAL,WE,Federal Contract Tower,1,13,1,0,15,5,25,9,0,39,6,38,10,0,54,32,0,32,86
01/01/2005,ENA,AK,AAL,WE,Federal Contract Tower,0,5,0,0,5,0,5,16,0,21,0,10,16,0,26,34,0,34,60
01/02/2005,ENA,AK,AAL,WE,Federal Contract Tower,0,15,4,0,19,0,0,0,0,0,0,15,4,0,19,4,0,4,23
01/03/2005,ENA,AK,AAL,WE,Federal Contract Tower,0,19,3,2,24,0,3,1,0,4,0,22,4,2,28,6,4,10,38
01/04/2005,ENA,AK,AAL,WE,Federal Contract Tower,0,20,0,0,20,0,32,0,0,32,0,52,0,0,52,0,30,30,82
01/05/2005,ENA,AK,AAL,WE,Federal Contract Tower,0,19,1,2,22,0,25,12,2,39,0,44,13,4,61,18,76,94,155
01/06/2005,ENA,AK,AAL,WE,Federal Contract Tower,0,13,1,0,14,1,28,31,0,60,1,41,32,0,74,28,26,54,128
01/07/2005,ENA,AK,AAL,WE,Federal Contract Tower,0,21,0,0,21,6,27,12,0,45,6,48,12,0,66,4,22,26,92
01/08/2005,ENA,AK,AAL,WE,Federal Contract Tower,0,12,2,0,14,0,22,26,0,48,0,34,28,0,62,62,0,62,124
01/09/2005,ENA,AK,AAL,WE,Federal Contract Tower,0,11,1,0,12,0,17,25,0,42,0,28,26,0,54,30,0,30,84
01/10/2005,ENA,AK,AAL,WE,Federal Contract Tower,0,12,1,0,13,0,42,9,0,51,0,54,10,0,64,22,22,44,108
01/11/2005,ENA,AK,AAL,WE,Federal Contract Tower,0,15,1,1,17,0,51,35,0,86,0,66,36,1,103,34,8,42,145
01/12/2005,ENA,AK,AAL,WE,Federal Contract Tower,0,22,0,0,22,0,20,11,0,31,0,42,11,0,53,26,28,54,107
01/13/2005,ENA,AK,AAL,WE,Federal Contract Tower,0,28,6,0,34,0,4,0,0,4,0,32,6,0,38,0,0,0,38
01/14/2005,ENA,AK,AAL,WE,Federal Contract Tower,0,19,7,0,26,0,31,22,0,53,0,50,29,0,79,24,6,30,109
01/15/2005,ENA,AK,AAL,WE,Federal Contract Tower,0,13,6,0,19,0,7,3,0,10,0,20,9,0,29,2,0,2,31
01/16/2005,ENA,AK,AAL,WE,Federal Contract Tower,0,5,1,0,6,0,18,26,0,44,0,23,27,0,50,58,0,58,108
01/17/2005,ENA,AK,AAL,WE,Federal Contract Tower,0,17,0,0,17,0,53,17,0,70,0,70,17,0,87,18,0,18,105
01/18/2005,ENA,AK,AAL,WE,Federal Contract Tower,0,20,0,0,20,0,26,16,2,44,0,46,16,2,64,38,18,56,120
01/19/2005,ENA,AK,AAL,WE,Federal Contract Tower,0,18,2,0,20,0,40,8,4,52,0,58,10,4,72,14,52,66,138
01/20/2005,ENA,AK,AAL,WE,Federal Contract Tower,0,18,2,0,20,0,24,13,0,37,0,42,15,0,57,42,0,42,99
01/21/2005,ENA,AK,AAL,WE,Federal Contract Tower,0,13,1,2,16,0,38,17,0,55,0,51,18,2,71,50,4,54,125
01/22/2005,ENA,AK,AAL,WE,Federal Contract Tower,0,2,3,0,5,0,26,26,0,52,0,28,29,0,57,18,0,18,75
01/23/2005,ENA,AK,AAL,WE,Federal Contract Tower,0,9,3,2,14,0,29,13,0,42,0,38,16,2,56,72,20,92,148
01/24/2005,ENA,AK,AAL,WE,Federal Contract Tower,0,10,0,0,10,0,45,22,0,67,0,55,22,0,77,62,34,96,173
01/25/2005,ENA,AK,AAL,WE,Federal Contract Tower,0,12,2,0,14,0,50,14,0,64,0,62,16,0,78,38,20,58,136
01/26/2005,ENA,AK,AAL,WE,Federal Contract Tower,0,24,2,0,26,2,20,10,0,32,2,44,12,0,58,12,24,36,94
01/27/2005,ENA,AK,AAL,WE,Federal Contract Tower,0,15,1,0,16,0,35,33,0,68,0,50,34,0,84,28,0,28,112
01/28/2005,ENA,AK,AAL,WE,Federal Contract Tower,0,12,5,0,17,0,33,24,10,67,0,45,29,10,84,24,24,48,132
01/29/2005,ENA,AK,AAL,WE,Federal Contract Tower,1,0,0,0,1,9,19,28,0,56,10,19,28,0,57,40,0,40,97
01/30/2005,ENA,AK,AAL,WE,Federal Contract Tower,0,1,0,0,1,0,18,36,0,54,0,19,36,0,55,50,0,50,105
01/31/2005,ENA,AK,AAL,WE,Federal Contract Tower,0,13,0,0,13,0,44,14,2,60,0,57,14,2,73,24,12,36,109
02/01/2005,ENA,AK,AAL,WE,Federal Contract Tower,0,10,0,2,12,2,36,27,0,65,2,46,27,2,77,34,40,74,151
02/02/2005,ENA,AK,AAL,WE,Federal Contract Tower,0,13,0,0,13,0,47,16,0,63,0,60,16,0,76,12,18,30,106
02/03/2005,ENA,AK,AAL,WE,Federal Contract Tower,0,9,0,0,9,0,38,11,0,49,0,47,11,0,58,30,2,32,90
02/04/2005,ENA,AK,AAL,WE,Federal Contract Tower,0,8,2,1,11,0,42,23,5,70,0,50,25,6,81,18,10,28,109
02/05/2005,ENA,AK,AAL,WE,Federal Contract Tower,0,4,0,1,5,0,24,16,1,41,0,28,16,2,46,6,10,16,62
02/06/2005,ENA,AK,AAL,WE,Federal Contract Tower,0,13,0,0,13,0,7,4,0,11,0,20,4,0,24,0,0,0,24
02/07/2005,ENA,AK,AAL,WE,Federal Contract Tower,0,26,0,0,26,0,0,4,0,4,0,26,4,0,30,0,0,0,30
02/08/2005,ENA,AK,AAL,WE,Federal Contract Tower,0,28,0,0,28,0,20,10,0,30,0,48,10,0,58,0,0,0,58
02/09/2005,ENA,AK,AAL,WE,Federal Contract Tower,0,20,1,2,23,0,16,12,0,28,0,36,13,2,51,2,8,10,61
02/10/2005,ENA,AK,AAL,WE,Federal Contract Tower,0,25,4,0,29,0,0,0,0,0,0,25,4,0,29,0,0,0,29
02/11/2005,ENA,AK,AAL,WE,Federal Contract Tower,0,13,3,2,18,0,40,16,0,56,0,53,19,2,74,26,10,36,110
02/12/2005,ENA,AK,AAL,WE,Federal Contract Tower,0,12,0,0,12,0,21,15,0,36,0,33,15,0,48,0,0,0,48
02/13/2005,ENA,AK,AAL,WE,Federal Contract Tower,0,16,0,1,17,0,1,1,1,3,0,17,1,2,20,0,0,0,20
02/14/2005,ENA,AK,AAL,WE,Federal Contract Tower,0,17,0,0,17,0,17,6,0,23,0,34,6,0,40,18,6,24,64
02/15/2005,ENA,AK,AAL,WE,Federal Contract Tower,0,20,0,0,20,0,20,4,0,24,0,40,4,0,44,12,0,12,56
02/16/2005,ENA,AK,AAL,WE,Federal Contract Tower,0,18,0,0,18,0,40,11,0,51,0,58,11,0,69,32,16,48,117
02/17/2005,ENA,AK,AAL,WE,Federal Contract Tower,0,16,0,0,16,0,32,34,0,66,0,48,34,0,82,42,20,62,144
02/18/2005,ENA,AK,AAL,WE,Federal Contract Tower,0,11,0,0,11,0,32,23,0,55,0,43,23,0,66,14,28,42,108
02/19/2005,ENA,AK,AAL,WE,Federal Contract Tower,0,5,0,0,5,0,12,51,0,63,0,17,51,0,68,68,0,68,136
02/20/2005,ENA,AK,AAL,WE,Federal Contract Tower,0,3,1,0,4,0,16,15,0,31,0,19,16,0,35,24,0,24,59
02/21/2005,ENA,AK,AAL,WE,Federal Contract Tower,0,16,0,0,16,0,24,22,0,46,0,40,22,0,62,62,0,62,124
02/22/2005,ENA,AK,AAL,WE,Federal Contract Tower,0,18,1,2,21,0,18,11,0,29,0,36,12,2,50,12,18,30,80
02/23/2005,ENA,AK,AAL,WE,Federal Contract Tower,0,18,2,0,20,0,19,20,2,41,0,37,22,2,61,48,42,90,151
02/24/2005,ENA,AK,AAL,WE,Federal Contract Tower,0,11,0,0,11,0,28,29,0,57,0,39,29,0,68,32,30,62,130
02/25/2005,ENA,AK,AAL,WE,Federal Contract Tower,0,12,2,0,14,0,37,35,8,80,0,49,37,8,94,54,26,80,174
02/26/2005,ENA,AK,AAL,WE,Federal Contract Tower,0,2,2,0,4,0,22,18,0,40,0,24,20,0,44,40,0,40,84
02/27/2005,ENA,AK,AAL,WE,Federal Contract Tower,0,4,1,0,5,0,17,9,0,26,0,21,10,0,31,4,0,4,35
02/28/2005,ENA,AK,AAL,WE,Federal Contract Tower,0,8,2,0,10,0,32,27,0,59,0,40,29,0,69,36,8,44,113
03/01/2005,ENA,AK,AAL,WE,Federal Contract Tower,0,23,3,0,26,0,25,20,8,53,0,48,23,8,79,26,18,44,123
03/02/2005,ENA,AK,AAL,WE,Federal Contract Tower,0,23,0,0,23,0,39,20,0,59,0,62,20,0,82,8,24,32,114
03/03/2005,ENA,AK,AAL,WE,Federal Contract Tower,2,30,1,0,33,2,13,11,0,26,4,43,12,0,59,0,0,0,59
03/04/2005,ENA,AK,AAL,WE,Federal Contract Tower,0,12,3,0,15,0,34,23,0,57,0,46,26,0,72,38,38,76,148
03/05/2005,ENA,AK,AAL,WE,Federal Contract Tower,0,3,4,0,7,0,11,30,0,41,0,14,34,0,48,36,0,36,84
03/06/2005,ENA,AK,AAL,WE,Federal Contract Tower,0,5,0,0,5,0,15,14,0,29,0,20,14,0,34,10,0,10,44
03/07/2005,ENA,AK,AAL,WE,Federal Contract Tower,0,8,1,0,9,0,28,15,0,43,0,36,16,0,52,14,6,20,72
03/08/2005,ENA,AK,AAL,WE,Federal Contract Tower,0,18,1,0,19,0,22,11,0,33,0,40,12,0,52,10,20,30,82
03/09/2005,ENA,AK,AAL,WE,Federal Contract Tower,0,24,0,0,24,0,38,21,0,59,0,62,21,0,83,24,28,52,135
03/10/2005,ENA,AK,AAL,WE,Federal Contract Tower,0,15,0,0,15,0,22,12,0,34,0,37,12,0,49,4,24,28,77
03/11/2005,ENA,AK,AAL,WE,Federal Contract Tower,0,16,1,2,19,10,20,27,0,57,10,36,28,2,76,62,20,82,158
03/12/2005,ENA,AK,AAL,WE,Federal Contract Tower,0,9,1,0,10,0,17,17,0,34,0,26,18,0,44,60,6,66,110
03/13/2005,ENA,AK,AAL,WE,Federal Contract Tower,0,19,2,2,23,0,0,1,0,1,0,19,3,2,24,4,0,4,28
03/14/2005,ENA,AK,AAL,WE,Federal Contract Tower,0,32,3,0,35,0,19,15,0,34,0,51,18,0,69,94,26,120,189
03/15/2005,ENA,AK,AAL,WE,Federal Contract Tower,0,20,0,0,20,0,28,17,0,45,0,48,17,0,65,28,0,28,93
03/16/2005,ENA,AK,AAL,WE,Federal Contract Tower,0,15,0,0,15,2,55,49,2,108,2,70,49,2,123,56,2,58,181
03/17/2005,ENA,AK,AAL,WE,Federal Contract Tower,0,5,0,0,5,2,44,40,4,90,2,49,40,4,95,54,16,70,165
03/18/2005,ENA,AK,AAL,WE,Federal Contract Tower,0,8,0,0,8,0,35,55,2,92,0,43,55,2,100,24,10,34,134
03/19/2005,ENA,AK,AAL,WE,Federal Contract Tower,0,0,0,0,0,0,23,36,0,59,0,23,36,0,59,52,0,52,111
03/20/2005,ENA,AK,AAL,WE,Federal Contract Tower,0,1,0,0,1,0,28,12,0,40,0,29,12,0,41,8,0,8,49
03/21/2005,ENA,AK,AAL,WE,Federal Contract Tower,0,18,0,0,18,0,16,2,1,19,0,34,2,1,37,0,10,10,47
03/22/2005,ENA,AK,AAL,WE,Federal Contract Tower,0,23,0,0,23,2,20,24,0,46,2,43,24,0,69,56,12,68,137
03/23/2005,ENA,AK,AAL,WE,Federal Contract Tower,0,25,2,0,27,2,17,20,2,41,2,42,22,2,68,18,16,34,102
03/24/2005,ENA,AK,AAL,WE,Federal Contract Tower,0,9,2,2,13,0,52,23,0,75,0,61,25,2,88,84,38,122,210
03/25/2005,ENA,AK,AAL,WE,Federal Contract Tower,0,12,2,0,14,0,27,25,0,52,0,39,27,0,66,84,24,108,174
03/26/2005,ENA,AK,AAL,WE,Federal Contract Tower,0,3,0,0,3,0,26,33,0,59,0,29,33,0,62,58,0,58,120
03/27/2005,ENA,AK,AAL,WE,Federal Contract Tower,0,13,0,0,13,0,11,21,0,32,0,24,21,0,45,40,0,40,85
03/28/2005,ENA,AK,AAL,WE,Federal Contract Tower,0,15,1,0,16,0,21,22,0,43,0,36,23,0,59,16,10,26,85
03/29/2005,ENA,AK,AAL,WE,Federal Contract Tower,0,21,1,1,23,0,36,26,7,69,0,57,27,8,92,51,26,77,169
03/30/2005,ENA,AK,AAL,WE,Federal Contract Tower,6,21,2,0,29,6,38,47,0,91,12,59,49,0,120,54,30,84,204
03/31/2005,ENA,AK,AAL,WE,Federal Contract Tower,0,12,0,0,12,0,39,27,2,68,0,51,27,2,80,54,14,68,148
04/01/2005,ENA,AK,AAL,WE,Federal Contract Tower,0,10,0,1,11,2,46,42,5,95,2,56,42,6,106,48,18,66,172
04/02/2005,ENA,AK,AAL,WE,Federal Contract Tower,0,1,4,0,5,0,21,22,0,43,0,22,26,0,48,66,0,66,114
04/03/2005,ENA,AK,AAL,WE,Federal Contract Tower,0,4,0,0,4,0,20,23,2,45,0,24,23,2,49,36,0,36,85
04/04/2005,ENA,AK,AAL,WE,Federal Contract Tower,0,27,3,0,30,0,25,22,0,47,0,52,25,0,77,70,24,94,171
04/05/2005,ENA,AK,AAL,WE,Federal Contract Tower,0,10,1,0,11,10,49,12,0,71,10,59,13,0,82,32,26,58,140
04/06/2005,ENA,AK,AAL,WE,Federal Contract Tower,0,16,4,0,20,6,48,32,0,86,6,64,36,0,106,84,22,106,212
04/07/2005,ENA,AK,AAL,WE,Federal Contract Tower,0,12,2,0,14,7,46,33,6,92,7,58,35,6,106,62,18,80,186
04/08/2005,ENA,AK,AAL,WE,Federal Contract Tower,0,6,4,0,10,14,45,36,0,95,14,51,40,0,105,70,0,70,175
04/09/2005,ENA,AK,AAL,WE,Federal Contract Tower,0,2,5,0,7,0,40,32,0,72,0,42,37,0,79,48,0,48,127
04/10/2005,ENA,AK,AAL,WE,Federal Contract Tower,0,0,0,0,0,0,29,27,2,58,0,29,27,2,58,62,0,62,120
04/11/2005,ENA,AK,AAL,WE,Federal Contract Tower,0,5,0,0,5,0,37,28,4,69,0,42,28,4,74,38,26,64,138
04/12/2005,ENA,AK,AAL,WE,Federal Contract Tower,0,16,1,0,17,0,32,35,2,69,0,48,36,2,86,48,36,84,170
04/13/2005,ENA,AK,AAL,WE,Federal Contract Tower,0,7,0,0,7,0,40,27,2,69,0,47,27,2,76,60,8,68,144
04/14/2005,ENA,AK,AAL,WE,Federal Contract Tower,0,8,0,0,8,0,33,36,0,69,0,41,36,0,77,62,10,72,149
04/15/2005,ENA,AK,AAL,WE,Federal Contract Tower,0,11,2,0,13,0,36,41,2,79,0,47,43,2,92,60,28,88,180
04/16/2005,ENA,AK,AAL,WE,Federal Contract Tower,2,2,0,0,4,8,20,47,0,75,10,22,47,0,79,74,0,74,153
04/17/2005,ENA,AK,AAL,WE,Federal Contract Tower,0,0,3,0,3,0,24,14,0,38,0,24,17,0,41,40,0,40,81
04/18/2005,ENA,AK,AAL,WE,Federal Contract Tower,0,23,3,0,26,0,0,0,0,0,0,23,3,0,26,0,4,4,30
04/19/2005,ENA,AK,AAL,WE,Federal Contract Tower,0,28,1,2,31,0,15,1,0,16,0,43,2,2,47,14,4,18,65
04/20/2005,ENA,AK,AAL,WE,Federal Contract Tower,0,22,3,0,25,0,26,11,0,37,0,48,14,0,62,14,16,30,92
04/21/2005,ENA,AK,AAL,WE,Federal Contract Tower,2,13,2,0,17,3,39,39,0,81,5,52,41,0,98,70,4,74,172
04/22/2005,ENA,AK,AAL,WE,Federal Contract Tower,0,12,2,0,14,6,26,19,0,51,6,38,21,0,65,58,24,82,147
04/23/2005,ENA,AK,AAL,WE,Federal Contract Tower,3,14,5,0,22,0,0,0,0,0,3,14,5,0,22,20,0,20,42
04/24/2005,ENA,AK,AAL,WE,Federal Contract Tower,0,10,1,0,11,0,20,30,0,50,0,30,31,0,61,26,0,26,87
04/25/2005,ENA,AK,AAL,WE,Federal Contract Tower,0,9,0,0,9,0,34,40,1,75,0,43,40,1,84,52,2,54,138
04/26/2005,ENA,AK,AAL,WE,Federal Contract Tower,0,8,0,0,8,2,44,30,0,76,2,52,30,0,84,84,10,94,178
04/27/2005,ENA,AK,AAL,WE,Federal Contract Tower,0,17,2,0,19,6,45,42,6,99,6,62,44,6,118,62,10,72,190
04/28/2005,ENA,AK,AAL,WE,Federal Contract Tower,0,6,4,0,10,7,54,25,0,86,7,60,29,0,96,52,0,52,148
04/29/2005,ENA,AK,AAL,WE,Federal Contract Tower,0,10,0,0,10,0,36,47,0,83,0,46,47,0,93,60,24,84,177
04/30/2005,ENA,AK,AAL,WE,Federal Contract Tower,0,0,0,0,0,0,28,51,0,79,0,28,51,0,79,116,0,116,195
05/01/2005,ENA,AK,AAL,WE,Federal Contract Tower,0,0,2,0,2,0,39,36,0,75,0,39,38,0,77,60,0,60,137
05/02/2005,ENA,AK,AAL,WE,Federal Contract Tower,0,8,0,0,8,14,48,25,0,87,14,56,25,0,95,60,44,104,199
05/03/2005,ENA,AK,AAL,WE,Federal Contract Tower,0,21,0,3,24,6,34,39,1,80,6,55,39,4,104,70,34,104,208
05/04/2005,ENA,AK,AAL,WE,Federal Contract Tower,0,19,2,0,21,8,61,45,4,118,8,80,47,4,139,100,78,178,317
05/05/2005,ENA,AK,AAL,WE,Federal Contract Tower,4,15,0,2,21,1,42,26,0,69,5,57,26,2,90,16,36,52,142
05/06/2005,ENA,AK,AAL,WE,Federal Contract Tower,0,19,2,1,22,0,31,53,1,85,0,50,55,2,107,72,30,102,209
05/07/2005,ENA,AK,AAL,WE,Federal Contract Tower,0,2,2,0,4,0,25,76,0,101,0,27,78,0,105,96,0,96,201
05/08/2005,ENA,AK,AAL,WE,Federal Contract Tower,0,4,0,0,4,0,16,50,0,66,0,20,50,0,70,70,0,70,140
05/09/2005,ENA,AK,AAL,WE,Federal Contract Tower,0,8,0,1,9,17,50,45,7,119,17,58,45,8,128,64,78,142,270
05/10/2005,ENA,AK,AAL,WE,Federal Contract Tower,0,14,0,3,17,0,29,47,3,79,0,43,47,6,96,82,90,172,268
05/11/2005,ENA,AK,AAL,WE,Federal Contract Tower,0,16,1,3,20,0,44,49,3,96,0,60,50,6,116,50,38,88,204
05/12/2005,ENA,AK,AAL,WE,Federal Contract Tower,0,15,1,0,16,0,26,36,2,64,0,41,37,2,80,26,30,56,136
05/13/2005,ENA,AK,AAL,WE,Federal Contract Tower,0,13,0,0,13,0,24,21,0,45,0,37,21,0,58,38,24,62,120
05/14/2005,ENA,AK,AAL,WE,Federal Contract Tower,0,7,0,0,7,0,17,34,0,51,0,24,34,0,58,40,0,40,98
05/15/2005,ENA,AK,AAL,WE,Federal Contract Tower,0,18,1,0,19,0,11,35,0,46,0,29,36,0,65,82,0,82,147
05/16/2005,ENA,AK,AAL,WE,Federal Contract Tower,0,15,3,0,18,0,50,33,0,83,0,65,36,0,101,78,96,174,275
05/17/2005,ENA,AK,AAL,WE,Federal Contract Tower,0,17,4,2,23,0,65,27,8,100,0,82,31,10,123,30,86,116,239
05/18/2005,ENA,AK,AAL,WE,Federal Contract Tower,1,9,0,2,12,5,61,33,6,105,6,70,33,8,117,106,84,190,307
05/19/2005,ENA,AK,AAL,WE,Federal Contract Tower,0,14,1,1,16,5,47,79,3,134,5,61,80,4,150,38,50,88,238
05/20/2005,ENA,AK,AAL,WE,Federal Contract Tower,0,14,2,5,21,0,54,38,3,95,0,68,40,8,116,72,70,142,258
05/21/2005,ENA,AK,AAL,WE,Federal Contract Tower,0,12,4,1,17,0,21,77,3,101,0,33,81,4,118,12,0,12,130
05/22/2005,ENA,AK,AAL,WE,Federal Contract Tower,0,17,3,0,20,0,12,7,0,19,0,29,10,0,39,6,0,6,45
05/23/2005,ENA,AK,AAL,WE,Federal Contract Tower,0,9,0,0,9,7,64,42,0,113,7,73,42,0,122,102,38,140,262
05/24/2005,ENA,AK,AAL,WE,Federal Contract Tower,0,19,6,3,28,6,39,28,3,76,6,58,34,6,104,80,48,128,232
05/25/2005,ENA,AK,AAL,WE,Federal Contract Tower,0,10,2,5,17,7,58,47,1,113,7,68,49,6,130,164,64,228,358
05/26/2005,ENA,AK,AAL,WE,Federal Contract Tower,0,12,0,0,12,0,46,21,0,67,0,58,21,0,79,48,16,64,143
05/27/2005,ENA,AK,AAL,WE,Federal Contract Tower,0,17,1,0,18,0,56,51,0,107,0,73,52,0,125,62,0,62,187
05/28/2005,ENA,AK,AAL,WE,Federal Contract Tower,0,0,1,0,1,0,32,36,0,68,0,32,37,0,69,8,0,8,77
05/29/2005,ENA,AK,AAL,WE,Federal Contract Tower,0,0,0,0,0,0,37,50,0,87,0,37,50,0,87,60,0,60,147
05/30/2005,ENA,AK,AAL,WE,Federal Contract Tower,0,4,0,0,4,0,41,23,0,64,0,45,23,0,68,36,0,36,104
05/31/2005,ENA,AK,AAL,WE,Federal Contract Tower,0,10,0,0,10,0,46,53,4,103,0,56,53,4,113,70,28,98,211
06/01/2005,ENA,AK,AAL,WE,Federal Contract Tower,0,15,0,0,15,0,71,54,0,125,0,86,54,0,140,118,58,176,316
06/02/2005,ENA,AK,AAL,WE,Federal Contract Tower,0,11,3,0,14,0,61,37,0,98,0,72,40,0,112,50,18,68,180
06/03/2005,ENA,AK,AAL,WE,Federal Contract Tower,0,8,0,2,10,0,47,48,2,97,0,55,48,4,107,110,14,124,231
06/04/2005,ENA,AK,AAL,WE,Federal Contract Tower,0,1,2,0,3,0,43,63,0,106,0,44,65,0,109,88,0,88,197
06/05/2005,ENA,AK,AAL,WE,Federal Contract Tower,0,2,0,0,2,0,30,59,2,91,0,32,59,2,93,16,0,16,109
06/06/2005,ENA,AK,AAL,WE,Federal Contract Tower,0,8,0,3,11,0,60,37,1,98,0,68,37,4,109,118,40,158,267
06/07/2005,ENA,AK,AAL,WE,Federal Contract Tower,0,17,2,2,21,0,37,25,0,62,0,54,27,2,83,34,64,98,181
06/08/2005,ENA,AK,AAL,WE,Federal Contract Tower,0,19,3,3,25,0,57,42,1,100,0,76,45,4,125,74,78,152,277
06/09/2005,ENA,AK,AAL,WE,Federal Contract Tower,0,11,4,0,15,5,52,19,0,76,5,63,23,0,91,146,44,190,281
06/10/2005,ENA,AK,AAL,WE,Federal Contract Tower,0,12,0,0,12,6,68,71,2,147,6,80,71,2,159,68,0,68,227
06/11/2005,ENA,AK,AAL,WE,Federal Contract Tower,0,2,2,0,4,0,33,47,0,80,0,35,49,0,84,100,0,100,184
06/12/2005,ENA,AK,AAL,WE,Federal Contract Tower,0,2,2,0,4,0,53,53,0,106,0,55,55,0,110,42,0,42,152
06/13/2005,ENA,AK,AAL,WE,Federal Contract Tower,0,12,1,2,15,0,65,54,0,119,0,77,55,2,134,120,88,208,342
06/14/2005,ENA,AK,AAL,WE,Federal Contract Tower,0,10,0,0,10,2,66,98,0,166,2,76,98,0,176,92,20,112,288
06/15/2005,ENA,AK,AAL,WE,Federal Contract Tower,2,12,0,0,14,0,46,38,6,90,2,58,38,6,104,40,24,64,168
06/16/2005,ENA,AK,AAL,WE,Federal Contract Tower,0,14,3,3,20,2,54,46,1,103,2,68,49,4,123,78,64,142,265
06/17/2005,ENA,AK,AAL,WE,Federal Contract Tower,0,10,3,0,13,1,78,47,6,132,1,88,50,6,145,88,16,104,249
06/18/2005,ENA,AK,AAL,WE,Federal Contract Tower,0,24,4,0,28,1,14,6,0,21,1,38,10,0,49,4,0,4,53
06/19/2005,ENA,AK,AAL,WE,Federal Contract Tower,0,9,3,0,12,0,39,33,0,72,0,48,36,0,84,28,0,28,112
06/20/2005,ENA,AK,AAL,WE,Federal Contract Tower,0,14,0,2,16,0,66,54,0,120,0,80,54,2,136,66,62,128,264
06/21/2005,ENA,AK,AAL,WE,Federal Contract Tower,0,6,0,1,7,0,56,50,1,107,0,62,50,2,114,70,54,124,238
06/22/2005,ENA,AK,AAL,WE,Federal Contract Tower,0,11,0,2,13,0,85,67,0,152,0,96,67,2,165,32,110,142,307
06/23/2005,ENA,AK,AAL,WE,Federal Contract Tower,4,22,2,0,28,0,56,53,0,109,4,78,55,0,137,32,28,60,197
06/24/2005,ENA,AK,AAL,WE,Federal Contract Tower,4,12,1,0,17,0,81,67,0,148,4,93,68,0,165,28,0,28,193
06/25/2005,ENA,AK,AAL,WE,Federal Contract Tower,8,0,3,0,11,1,43,58,0,102,9,43,61,0,113,80,0,80,193
06/26/2005,ENA,AK,AAL,WE,Federal Contract Tower,2,6,5,0,13,0,43,63,0,106,2,49,68,0,119,44,0,44,163
06/27/2005,ENA,AK,AAL,WE,Federal Contract Tower,2,21,4,0,27,2,43,33,0,78,4,64,37,0,105,64,74,138,243
06/28/2005,ENA,AK,AAL,WE,Federal Contract Tower,3,14,4,0,21,4,54,48,2,108,7,68,52,2,129,32,48,80,209
06/29/2005,ENA,AK,AAL,WE,Federal Contract Tower,1,22,5,1,29,39,52,41,1,133,40,74,46,2,162,46,12,58,220
06/30/2005,ENA,AK,AAL,WE,Federal Contract Tower,2,33,8,0,43,17,60,48,0,125,19,93,56,0,168,50,22,72,240
07/01/2005,ENA,AK,AAL,WE,Federal Contract Tower,2,38,17,0,57,6,54,40,0,100,8,92,57,0,157,80,0,80,237
07/02/2005,ENA,AK,AAL,WE,Federal Contract Tower,9,7,3,0,19,3,62,80,0,145,12,69,83,0,164,86,0,86,250
07/03/2005,ENA,AK,AAL,WE,Federal Contract Tower,1,23,4,0,28,0,26,54,0,80,1,49,58,0,108,44,0,44,152
07/04/2005,ENA,AK,AAL,WE,Federal Contract Tower,2,4,0,0,6,0,39,55,0,94,2,43,55,0,100,16,0,16,116
07/05/2005,ENA,AK,AAL,WE,Federal Contract Tower,0,9,3,5,17,0,73,50,5,128,0,82,53,10,145,28,32,60,205
07/06/2005,ENA,AK,AAL,WE,Federal Contract Tower,1,11,10,0,22,4,69,73,2,148,5,80,83,2,170,102,38,140,310
07/07/2005,ENA,AK,AAL,WE,Federal Contract Tower,0,17,3,0,20,0,75,69,2,146,0,92,72,2,166,98,26,124,290
07/08/2005,ENA,AK,AAL,WE,Federal Contract Tower,0,16,6,0,22,4,97,48,0,149,4,113,54,0,171,60,0,60,231
07/09/2005,ENA,AK,AAL,WE,Federal Contract Tower,0,3,3,0,6,9,60,95,5,169,9,63,98,5,175,68,0,68,243
07/10/2005,ENA,AK,AAL,WE,Federal Contract Tower,0,3,3,0,6,0,27,54,0,81,0,30,57,0,87,20,0,20,107
07/11/2005,ENA,AK,AAL,WE,Federal Contract Tower,0,26,2,1,29,2,51,43,3,99,2,77,45,4,128,50,78,128,256
07/12/2005,ENA,AK,AAL,WE,Federal Contract Tower,0,27,8,0,35,0,49,36,4,89,0,76,44,4,124,90,54,144,268
07/13/2005,ENA,AK,AAL,WE,Federal Contract Tower,0,14,1,0,15,0,80,69,0,149,0,94,70,0,164,46,40,86,250
07/14/2005,ENA,AK,AAL,WE,Federal Contract Tower,0,24,1,0,25,0,128,106,4,238,0,152,107,4,263,68,8,76,339
07/15/2005,ENA,AK,AAL,WE,Federal Contract Tower,0,52,2,2,56,0,62,65,0,127,0,114,67,2,183,24,6,30,213
07/16/2005,ENA,AK,AAL,WE,Federal Contract Tower,0,18,2,0,20,0,50,36,0,86,0,68,38,0,106,16,0,16,122
07/17/2005,ENA,AK,AAL,WE,Federal Contract Tower,0,28,14,0,42,0,30,35,0,65,0,58,49,0,107,24,0,24,131
07/18/2005,ENA,AK,AAL,WE,Federal Contract Tower,0,23,5,2,30,0,63,81,0,144,0,86,86,2,174,122,52,174,348
07/19/2005,ENA,AK,AAL,WE,Federal Contract Tower,0,45,9,0,54,0,43,44,0,87,0,88,53,0,141,62,16,78,219
07/20/2005,ENA,AK,AAL,WE,Federal Contract Tower,0,35,6,2,43,0,47,53,0,100,0,82,59,2,143,82,98,180,323
07/21/2005,ENA,AK,AAL,WE,Federal Contract Tower,0,22,3,0,25,0,51,45,0,96,0,73,48,0,121,112,74,186,307
07/22/2005,ENA,AK,AAL,WE,Federal Contract Tower,0,22,6,0,28,6,56,72,0,134,6,78,78,0,162,72,4,76,238
07/23/2005,ENA,AK,AAL,WE,Federal Contract Tower,0,7,4,0,11,6,42,63,0,111,6,49,67,0,122,44,0,44,166
07/24/2005,ENA,AK,AAL,WE,Federal Contract Tower,3,17,2,0,22,3,36,47,0,86,6,53,49,0,108,68,0,68,176
07/25/2005,ENA,AK,AAL,WE,Federal Contract Tower,2,26,4,0,32,0,52,35,0,87,2,78,39,0,119,58,34,92,211
07/26/2005,ENA,AK,AAL,WE,Federal Contract Tower,2,18,4,0,24,4,52,48,0,104,6,70,52,0,128,42,36,78,206
07/27/2005,ENA,AK,AAL,WE,Federal Contract Tower,2,32,10,0,44,6,46,39,0,91,8,78,49,0,135,38,54,92,227
07/28/2005,ENA,AK,AAL,WE,Federal Contract Tower,0,24,3,0,27,0,61,55,0,116,0,85,58,0,143,48,8,56,199
07/29/2005,ENA,AK,AAL,WE,Federal Contract Tower,1,25,8,0,34,11,49,34,0,94,12,74,42,0,128,42,12,54,182
07/30/2005,ENA,AK,AAL,WE,Federal Contract Tower,0,17,2,0,19,10,35,53,0,98,10,52,55,0,117,48,0,48,165
07/31/2005,ENA,AK,AAL,WE,Federal Contract Tower,0,35,6,0,41,1,22,15,0,38,1,57,21,0,79,26,0,26,105
08/01/2005,ENA,AK,AAL,WE,Federal Contract Tower,1,49,3,0,53,0,31,29,0,60,1,80,32,0,113,50,18,68,181
08/02/2005,ENA,AK,AAL,WE,Federal Contract Tower,2,27,1,0,30,1,43,36,0,80,3,70,37,0,110,34,40,74,184
08/03/2005,ENA,AK,AAL,WE,Federal Contract Tower,4,31,6,0,41,2,47,15,0,64,6,78,21,0,105,20,10,30,135
08/04/2005,ENA,AK,AAL,WE,Federal Contract Tower,0,11,3,0,14,1,79,62,4,146,1,90,65,4,160,106,22,128,288
08/05/2005,ENA,AK,AAL,WE,Federal Contract Tower,2,14,0,2,18,1,68,119,0,188,3,82,119,2,206,82,6,88,294
08/06/2005,ENA,AK,AAL,WE,Federal Contract Tower,7,3,3,0,13,9,60,69,0,138,16,63,72,0,151,78,0,78,229
08/07/2005,ENA,AK,AAL,WE,Federal Contract Tower,0,4,1,2,7,0,36,41,0,77,0,40,42,2,84,48,0,48,132
08/08/2005,ENA,AK,AAL,WE,Federal Contract Tower,0,12,1,0,13,2,54,42,0,98,2,66,43,0,111,50,18,68,179
08/09/2005,ENA,AK,AAL,WE,Federal Contract Tower,10,24,2,0,36,7,57,29,0,93,17,81,31,0,129,16,16,32,161
08/10/2005,ENA,AK,AAL,WE,Federal Contract Tower,8,15,2,3,28,8,85,74,4,171,16,100,76,7,199,44,12,56,255
08/11/2005,ENA,AK,AAL,WE,Federal Contract Tower,2,22,0,1,25,14,66,54,5,139,16,88,54,6,164,36,12,48,212
08/12/2005,ENA,AK,AAL,WE,Federal Contract Tower,0,7,0,0,7,7,59,62,0,128,7,66,62,0,135,38,0,38,173
08/13/2005,ENA,AK,AAL,WE,Federal Contract Tower,0,27,8,0,35,0,0,0,0,0,0,27,8,0,35,2,0,2,37
08/14/2005,ENA,AK,AAL,WE,Federal Contract Tower,0,45,12,0,57,0,0,0,0,0,0,45,12,0,57,2,0,2,59
08/15/2005,ENA,AK,AAL,WE,Federal Contract Tower,2,52,3,6,63,4,30,16,0,50,6,82,19,6,113,4,18,22,135
08/16/2005,ENA,AK,AAL,WE,Federal Contract Tower,1,14,2,2,19,3,45,38,2,88,4,59,40,4,107,56,54,110,217
08/17/2005,ENA,AK,AAL,WE,Federal Contract Tower,0,20,3,0,23,2,72,22,0,96,2,92,25,0,119,52,50,102,221
08/18/2005,ENA,AK,AAL,WE,Federal Contract Tower,2,27,8,0,37,5,50,47,4,106,7,77,55,4,143,32,8,40,183
08/19/2005,ENA,AK,AAL,WE,Federal Contract Tower,0,44,7,0,51,0,17,41,0,58,0,61,48,0,109,38,2,40,149
08/20/2005,ENA,AK,AAL,WE,Federal Contract Tower,0,40,13,2,55,0,0,0,0,0,0,40,13,2,55,2,2,4,59
08/21/2005,ENA,AK,AAL,WE,Federal Contract Tower,0,18,0,0,18,0,47,29,0,76,0,65,29,0,94,10,0,10,104
08/22/2005,ENA,AK,AAL,WE,Federal Contract Tower,2,12,0,0,14,3,44,46,2,95,5,56,46,2,109,104,2,106,215
08/23/2005,ENA,AK,AAL,WE,Federal Contract Tower,5,24,2,0,31,0,25,12,0,37,5,49,14,0,68,18,12,30,98
08/24/2005,ENA,AK,AAL,WE,Federal Contract Tower,0,25,1,0,26,0,48,30,4,82,0,73,31,4,108,26,90,116,224
08/25/2005,ENA,AK,AAL,WE,Federal Contract Tower,0,27,5,2,34,0,63,35,0,98,0,90,40,2,132,58,40,98,230
08/26/2005,ENA,AK,AAL,WE,Federal Contract Tower,2,21,5,0,28,4,50,56,0,110,6,71,61,0,138,86,0,86,224
08/27/2005,ENA,AK,AAL,WE,Federal Contract Tower,2,1,5,0,8,0,55,68,0,123,2,56,73,0,131,50,0,50,181
08/28/2005,ENA,AK,AAL,WE,Federal Contract Tower,0,21,5,0,26,0,25,12,0,37,0,46,17,0,63,42,0,42,105
08/29/2005,ENA,AK,AAL,WE,Federal Contract Tower,0,24,3,0,27,1,70,31,4,106,1,94,34,4,133,38,10,48,181
08/30/2005,ENA,AK,AAL,WE,Federal Contract Tower,1,21,0,2,24,1,65,22,0,88,2,86,22,2,112,70,56,126,238
08/31/2005,ENA,AK,AAL,WE,Federal Contract Tower,0,15,0,1,16,0,59,60,3,122,0,74,60,4,138,80,32,112,250
09/01/2005,ENA,AK,AAL,WE,Federal Contract Tower,0,19,1,0,20,0,81,48,2,131,0,100,49,2,151,78,28,106,257
09/02/2005,ENA,AK,AAL,WE,Federal Contract Tower,0,16,1,0,17,2,63,49,0,114,2,79,50,0,131,18,0,18,149
09/03/2005,ENA,AK,AAL,WE,Federal Contract Tower,0,13,3,0,16,0,41,29,0,70,0,54,32,0,86,36,0,36,122
09/04/2005,ENA,AK,AAL,WE,Federal Contract Tower,0,22,0,0,22,0,12,6,0,18,0,34,6,0,40,6,2,8,48
09/05/2005,ENA,AK,AAL,WE,Federal Contract Tower,0,35,0,0,35,0,16,17,0,33,0,51,17,0,68,34,0,34,102
09/06/2005,ENA,AK,AAL,WE,Federal Contract Tower,0,35,2,1,38,0,23,5,5,33,0,58,7,6,71,12,32,44,115
09/07/2005,ENA,AK,AAL,WE,Federal Contract Tower,0,21,3,0,24,2,65,16,0,83,2,86,19,0,107,22,24,46,153
09/08/2005,ENA,AK,AAL,WE,Federal Contract Tower,0,12,1,1,14,0,79,83,1,163,0,91,84,2,177,92,22,114,291
09/09/2005,ENA,AK,AAL,WE,Federal Contract Tower,0,33,3,0,36,0,9,2,0,11,0,42,5,0,47,0,0,0,47
09/10/2005,ENA,AK,AAL,WE,Federal Contract Tower,0,14,2,0,16,0,54,44,0,98,0,68,46,0,114,64,0,64,178
09/11/2005,ENA,AK,AAL,WE,Federal Contract Tower,0,7,0,0,7,0,39,34,0,73,0,46,34,0,80,54,0,54,134
09/12/2005,ENA,AK,AAL,WE,Federal Contract Tower,0,27,0,1,28,0,59,20,3,82,0,86,20,4,110,46,70,116,226
09/13/2005,ENA,AK,AAL,WE,Federal Contract Tower,0,9,3,3,15,0,52,24,1,77,0,61,27,4,92,46,30,76,168
09/14/2005,ENA,AK,AAL,WE,Federal Contract Tower,0,16,0,0,16,0,74,39,0,113,0,90,39,0,129,18,2,20,149
09/15/2005,ENA,AK,AAL,WE,Federal Contract Tower,0,35,1,0,36,0,23,14,0,37,0,58,15,0,73,24,2,26,99
09/16/2005,ENA,AK,AAL,WE,Federal Contract Tower,0,43,2,0,45,0,32,26,0,58,0,75,28,0,103,16,4,20,123
09/17/2005,ENA,AK,AAL,WE,Federal Contract Tower,0,25,4,0,29,0,24,18,0,42,0,49,22,0,71,12,0,12,83
09/18/2005,ENA,AK,AAL,WE,Federal Contract Tower,0,20,0,1,21,0,27,32,3,62,0,47,32,4,83,46,22,68,151
09/19/2005,ENA,AK,AAL,WE,Federal Contract Tower,0,13,0,0,13,0,54,37,0,91,0,67,37,0,104,24,30,54,158
09/20/2005,ENA,AK,AAL,WE,Federal Contract Tower,0,11,2,2,15,0,55,28,2,85,0,66,30,4,100,34,48,82,182
09/21/2005,ENA,AK,AAL,WE,Federal Contract Tower,0,21,1,0,22,0,71,34,0,105,0,92,35,0,127,86,38,124,251
09/22/2005,ENA,AK,AAL,WE,Federal Contract Tower,0,28,0,0,28,0,32,21,0,53,0,60,21,0,81,16,30,46,127
09/23/2005,ENA,AK,AAL,WE,Federal Contract Tower,1,25,2,4,32,1,35,16,4,56,2,60,18,8,88,24,36,60,148
09/24/2005,ENA,AK,AAL,WE,Federal Contract Tower,0,13,2,0,15,0,25,6,0,31,0,38,8,0,46,32,0,32,78
09/25/2005,ENA,AK,AAL,WE,Federal Contract Tower,0,8,0,1,9,0,29,16,1,46,0,37,16,2,55,22,0,22,77
09/26/2005,ENA,AK,AAL,WE,Federal Contract Tower,0,9,0,0,9,0,63,56,4,123,0,72,56,4,132,140,36,176,308
09/27/2005,ENA,AK,AAL,WE,Federal Contract Tower,0,22,2,0,24,0,49,12,0,61,0,71,14,0,85,8,12,20,105
09/28/2005,ENA,AK,AAL,WE,Federal Contract Tower,0,25,0,0,25,4,73,46,0,123,4,98,46,0,148,86,22,108,256
09/29/2005,ENA,AK,AAL,WE,Federal Contract Tower,0,15,0,0,15,0,52,31,0,83,0,67,31,0,98,52,24,76,174
09/30/2005,ENA,AK,AAL,WE,Federal Contract Tower,0,24,2,0,26,0,60,43,0,103,0,84,45,0,129,92,0,92,221
10/01/2005,ENA,AK,AAL,WE,Federal Contract Tower,0,13,0,0,13,0,23,17,0,40,0,36,17,0,53,14,0,14,67
10/02/2005,ENA,AK,AAL,WE,Federal Contract Tower,0,18,2,0,20,0,19,28,0,47,0,37,30,0,67,38,0,38,105
10/03/2005,ENA,AK,AAL,WE,Federal Contract Tower,0,12,0,2,14,0,42,23,0,65,0,54,23,2,79,66,58,124,203
10/04/2005,ENA,AK,AAL,WE,Federal Contract Tower,0,18,1,1,20,0,39,24,3,66,0,57,25,4,86,78,34,112,198
10/05/2005,ENA,AK,AAL,WE,Federal Contract Tower,0,25,0,0,25,0,36,13,0,49,0,61,13,0,74,12,24,36,110
10/06/2005,ENA,AK,AAL,WE,Federal Contract Tower,0,16,2,0,18,0,42,46,2,90,0,58,48,2,108,116,30,146,254
10/07/2005,ENA,AK,AAL,WE,Federal Contract Tower,0,18,3,2,23,0,31,38,0,69,0,49,41,2,92,40,12,52,144
10/08/2005,ENA,AK,AAL,WE,Federal Contract Tower,0,7,6,0,13,0,39,30,0,69,0,46,36,0,82,48,0,48,130
10/09/2005,ENA,AK,AAL,WE,Federal Contract Tower,0,6,1,0,7,0,35,33,0,68,0,41,34,0,75,50,0,50,125
10/10/2005,ENA,AK,AAL,WE,Federal Contract Tower,0,9,2,0,11,0,54,16,0,70,0,63,18,0,81,20,0,20,101
10/11/2005,ENA,AK,AAL,WE,Federal Contract Tower,0,11,0,0,11,0,69,32,0,101,0,80,32,0,112,84,4,88,200
10/12/2005,ENA,AK,AAL,WE,Federal Contract Tower,0,33,0,2,35,2,37,29,0,68,2,70,29,2,103,84,6,90,193
10/13/2005,ENA,AK,AAL,WE,Federal Contract Tower,0,16,0,0,16,0,44,39,4,87,0,60,39,4,103,74,12,86,189
10/14/2005,ENA,AK,AAL,WE,Federal Contract Tower,0,28,2,0,30,0,39,18,0,57,0,67,20,0,87,40,10,50,137
10/15/2005,ENA,AK,AAL,WE,Federal Contract Tower,0,14,1,0,15,2,21,28,0,51,2,35,29,0,66,40,0,40,106
10/16/2005,ENA,AK,AAL,WE,Federal Contract Tower,0,3,0,2,5,0,30,35,0,65,0,33,35,2,70,8,0,8,78
10/17/2005,ENA,AK,AAL,WE,Federal Contract Tower,1,26,0,0,27,0,19,6,0,25,1,45,6,0,52,24,0,24,76
10/18/2005,ENA,AK,AAL,WE,Federal Contract Tower,1,11,1,1,14,0,66,23,3,92,1,77,24,4,106,86,32,118,224
10/19/2005,ENA,AK,AAL,WE,Federal Contract Tower,0,14,0,0,14,0,46,23,0,69,0,60,23,0,83,58,66,124,207
10/20/2005,ENA,AK,AAL,WE,Federal Contract Tower,0,21,0,0,21,0,55,30,0,85,0,76,30,0,106,32,6,38,144
10/21/2005,ENA,AK,AAL,WE,Federal Contract Tower,0,17,5,1,23,0,57,24,1,82,0,74,29,2,105,70,30,100,205
10/22/2005,ENA,AK,AAL,WE,Federal Contract Tower,0,21,1,0,22,0,9,4,0,13,0,30,5,0,35,0,2,2,37
10/23/2005,ENA,AK,AAL,WE,Federal Contract Tower,0,20,3,0,23,0,27,8,0,35,0,47,11,0,58,14,0,14,72
10/24/2005,ENA,AK,AAL,WE,Federal Contract Tower,0,14,5,0,19,0,60,18,0,78,0,74,23,0,97,46,10,56,153
10/25/2005,ENA,AK,AAL,WE,Federal Contract Tower,0,19,1,0,20,0,51,31,0,82,0,70,32,0,102,58,54,112,214
10/26/2005,ENA,AK,AAL,WE,Federal Contract Tower,0,20,0,2,22,0,46,18,0,64,0,66,18,2,86,76,52,128,214
10/27/2005,ENA,AK,AAL,WE,Federal Contract Tower,0,15,0,0,15,0,44,16,0,60,0,59,16,0,75,32,6,38,113
10/28/2005,ENA,AK,AAL,WE,Federal Contract Tower,0,22,2,0,24,0,41,26,0,67,0,63,28,0,91,22,0,22,113
10/29/2005,ENA,AK,AAL,WE,Federal Contract Tower,2,5,1,0,8,8,46,39,0,93,10,51,40,0,101,60,0,60,161
10/30/2005,ENA,AK,AAL,WE,Federal Contract Tower,0,28,1,0,29,0,10,1,0,11,0,38,2,0,40,6,0,6,46
10/31/2005,ENA,AK,AAL,WE,Federal Contract Tower,0,12,0,0,12,4,54,19,0,77,4,66,19,0,89,36,38,74,163
11/01/2005,ENA,AK,AAL,WE,Federal Contract Tower,0,22,0,0,22,10,37,11,0,58,10,59,11,0,80,18,52,70,150
11/02/2005,ENA,AK,AAL,WE,Federal Contract Tower,0,20,0,0,20,10,56,27,2,95,10,76,27,2,115,38,18,56,171
11/03/2005,ENA,AK,AAL,WE,Federal Contract Tower,0,11,3,0,14,6,49,12,0,67,6,60,15,0,81,34,20,54,135
11/04/2005,ENA,AK,AAL,WE,Federal Contract Tower,0,8,0,2,10,7,42,13,0,62,7,50,13,2,72,6,12,18,90
11/05/2005,ENA,AK,AAL,WE,Federal Contract Tower,0,2,2,0,4,0,35,25,0,60,0,37,27,0,64,14,0,14,78
11/06/2005,ENA,AK,AAL,WE,Federal Contract Tower,0,19,0,0,19,0,18,6,2,26,0,37,6,2,45,18,18,36,81
11/07/2005,ENA,AK,AAL,WE,Federal Contract Tower,0,9,0,1,10,0,57,13,13,83,0,66,13,14,93,76,72,148,241
11/08/2005,ENA,AK,AAL,WE,Federal Contract Tower,0,28,1,0,29,0,34,3,0,37,0,62,4,0,66,6,22,28,94
11/09/2005,ENA,AK,AAL,WE,Federal Contract Tower,0,28,4,0,32,0,19,13,0,32,0,47,17,0,64,40,2,42,106
11/10/2005,ENA,AK,AAL,WE,Federal Contract Tower,2,10,0,0,12,0,54,19,0,73,2,64,19,0,85,62,0,62,147
11/11/2005,ENA,AK,AAL,WE,Federal Contract Tower,0,39,6,0,45,0,7,0,0,7,0,46,6,0,52,7,0,7,59
11/12/2005,ENA,AK,AAL,WE,Federal Contract Tower,0,1,0,0,1,0,53,38,0,91,0,54,38,0,92,80,0,80,172
11/13/2005,ENA,AK,AAL,WE,Federal Contract Tower,0,2,1,0,3,0,30,14,0,44,0,32,15,0,47,40,0,40,87
11/14/2005,ENA,AK,AAL,WE,Federal Contract Tower,1,16,2,0,19,3,47,21,0,71,4,63,23,0,90,40,26,66,156
11/15/2005,ENA,AK,AAL,WE,Federal Contract Tower,0,19,0,0,19,0,49,17,0,66,0,68,17,0,85,46,32,78,163
11/16/2005,ENA,AK,AAL,WE,Federal Contract Tower,0,40,4,0,44,0,1,0,0,1,0,41,4,0,45,12,2,14,59
11/17/2005,ENA,AK,AAL,WE,Federal Contract Tower,2,39,1,0,42,0,1,0,0,1,2,40,1,0,43,2,0,2,45
11/18/2005,ENA,AK,AAL,WE,Federal Contract Tower,0,23,0,0,23,0,52,4,0,56,0,75,4,0,79,12,12,24,103
11/19/2005,ENA,AK,AAL,WE,Federal Contract Tower,0,22,0,0,22,0,5,6,0,11,0,27,6,0,33,0,0,0,33
11/20/2005,ENA,AK,AAL,WE,Federal Contract Tower,0,17,2,0,19,0,15,18,0,33,0,32,20,0,52,18,0,18,70
11/21/2005,ENA,AK,AAL,WE,Federal Contract Tower,0,29,2,5,36,4,24,22,1,51,4,53,24,6,87,76,54,130,217
11/22/2005,ENA,AK,AAL,WE,Federal Contract Tower,0,24,0,1,25,4,62,28,1,95,4,86,28,2,120,50,64,114,234
11/23/2005,ENA,AK,AAL,WE,Federal Contract Tower,0,34,0,0,34,0,33,2,2,37,0,67,2,2,71,12,14,26,97
11/24/2005,ENA,AK,AAL,WE,Federal Contract Tower,0,18,1,0,19,0,9,10,0,19,0,27,11,0,38,14,0,14,52
11/25/2005,ENA,AK,AAL,WE,Federal Contract Tower,0,27,4,0,31,0,18,19,0,37,0,45,23,0,68,32,0,32,100
11/26/2005,ENA,AK,AAL,WE,Federal Contract Tower,0,9,0,0,9,0,23,22,0,45,0,32,22,0,54,30,8,38,92
11/27/2005,ENA,AK,AAL,WE,Federal Contract Tower,0,25,2,0,27,0,13,23,0,36,0,38,25,0,63,18,10,28,91
11/28/2005,ENA,AK,AAL,WE,Federal Contract Tower,0,33,0,0,33,0,47,10,2,59,0,80,10,2,92,20,42,62,154
11/29/2005,ENA,AK,AAL,WE,Federal Contract Tower,0,42,0,0,42,0,32,6,2,40,0,74,6,2,82,20,10,30,112
11/30/2005,ENA,AK,AAL,WE,Federal Contract Tower,0,26,2,0,28,0,3,0,0,3,0,29,2,0,31,20,0,20,51
12/01/2005,ENA,AK,AAL,WE,Federal Contract Tower,0,31,2,0,33,0,32,1,0,33,0,63,3,0,66,6,0,6,72
12/02/2005,ENA,AK,AAL,WE,Federal Contract Tower,3,39,4,3,49,1,20,1,1,23,4,59,5,4,72,12,6,18,90
12/03/2005,ENA,AK,AAL,WE,Federal Contract Tower,0,13,5,0,18,0,21,15,0,36,0,34,20,0,54,38,0,38,92
12/04/2005,ENA,AK,AAL,WE,Federal Contract Tower,0,29,0,0,29,0,19,17,0,36,0,48,17,0,65,24,12,36,101
12/05/2005,ENA,AK,AAL,WE,Federal Contract Tower,0,34,0,0,34,0,24,5,0,29,0,58,5,0,63,8,34,42,105
12/06/2005,ENA,AK,AAL,WE,Federal Contract Tower,0,37,0,1,38,0,24,0,3,27,0,61,0,4,65,20,2,22,87
12/07/2005,ENA,AK,AAL,WE,Federal Contract Tower,0,29,0,0,29,0,28,0,0,28,0,57,0,0,57,0,12,12,69
12/08/2005,ENA,AK,AAL,WE,Federal Contract Tower,1,23,2,0,26,4,50,8,0,62,5,73,10,0,88,16,18,34,122
12/09/2005,ENA,AK,AAL,WE,Federal Contract Tower,0,16,0,0,16,0,38,6,0,44,0,54,6,0,60,36,0,36,96
12/10/2005,ENA,AK,AAL,WE,Federal Contract Tower,0,17,0,0,17,0,14,22,0,36,0,31,22,0,53,34,22,56,109
12/11/2005,ENA,AK,AAL,WE,Federal Contract Tower,0,23,0,0,23,0,18,11,0,29,0,41,11,0,52,50,0,50,102
12/12/2005,ENA,AK,AAL,WE,Federal Contract Tower,0,30,1,0,31,3,39,8,6,56,3,69,9,6,87,0,18,18,105
12/13/2005,ENA,AK,AAL,WE,Federal Contract Tower,0,17,0,1,18,6,46,12,1,65,6,63,12,2,83,18,6,24,107
12/14/2005,ENA,AK,AAL,WE,Federal Contract Tower,0,20,5,0,25,3,48,10,2,63,3,68,15,2,88,14,10,24,112
12/15/2005,ENA,AK,AAL,WE,Federal Contract Tower,0,29,2,0,31,0,19,4,0,23,0,48,6,0,54,0,0,0,54
12/16/2005,ENA,AK,AAL,WE,Federal Contract Tower,0,21,0,0,21,0,31,14,0,45,0,52,14,0,66,22,16,38,104
12/17/2005,ENA,AK,AAL,WE,Federal Contract Tower,0,12,1,0,13,0,30,44,0,74,0,42,45,0,87,60,0,60,147
12/18/2005,ENA,AK,AAL,WE,Federal Contract Tower,0,5,2,0,7,0,32,16,0,48,0,37,18,0,55,26,0,26,81
12/19/2005,ENA,AK,AAL,WE,Federal Contract Tower,0,9,1,0,10,4,46,8,0,58,4,55,9,0,68,72,20,92,160
12/20/2005,ENA,AK,AAL,WE,Federal Contract Tower,0,15,0,0,15,2,32,26,0,60,2,47,26,0,75,34,14,48,123
12/21/2005,ENA,AK,AAL,WE,Federal Contract Tower,0,40,2,0,42,0,14,4,0,18,0,54,6,0,60,16,6,22,82
12/22/2005,ENA,AK,AAL,WE,Federal Contract Tower,0,30,0,0,30,0,20,4,0,24,0,50,4,0,54,0,6,6,60
12/23/2005,ENA,AK,AAL,WE,Federal Contract Tower,0,33,2,0,35,0,0,0,0,0,0,33,2,0,35,0,0,0,35
12/24/2005,ENA,AK,AAL,WE,Federal Contract Tower,0,26,6,0,32,0,10,0,0,10,0,36,6,0,42,0,0,0,42
12/25/2005,ENA,AK,AAL,WE,Federal Contract Tower,0,4,0,0,4,0,10,7,0,17,0,14,7,0,21,6,0,6,27
12/26/2005,ENA,AK,AAL,WE,Federal Contract Tower,0,19,0,0,19,0,28,6,0,34,0,47,6,0,53,20,2,22,75
12/27/2005,ENA,AK,AAL,WE,Federal Contract Tower,0,16,2,0,18,0,36,24,0,60,0,52,26,0,78,40,4,44,122
12/28/2005,ENA,AK,AAL,WE,Federal Contract Tower,0,21,0,0,21,0,18,7,0,25,0,39,7,0,46,20,0,20,66
12/29/2005,ENA,AK,AAL,WE,Federal Contract Tower,0,17,0,0,17,0,26,10,0,36,0,43,10,0,53,20,28,48,101
12/30/2005,ENA,AK,AAL,WE,Federal Contract Tower,0,18,0,0,18,0,32,11,0,43,0,50,11,0,61,18,0,18,79
12/31/2005,ENA,AK,AAL,WE,Federal Contract Tower,0,11,0,0,11,0,20,23,0,43,0,31,23,0,54,74,0,74,128
01/01/2006,ENA,AK,AAL,WE,Federal Contract Tower,0,4,0,0,4,0,7,18,0,25,0,11,18,0,29,26,0,26,55
01/02/2006,ENA,AK,AAL,WE,Federal Contract Tower,0,13,0,0,13,0,34,16,0,50,0,47,16,0,63,16,0,16,79
01/03/2006,ENA,AK,AAL,WE,Federal Contract Tower,0,16,0,3,19,0,35,42,1,78,0,51,42,4,97,44,36,80,177
01/04/2006,ENA,AK,AAL,WE,Federal Contract Tower,0,19,0,0,19,2,52,18,2,74,2,71,18,2,93,40,2,42,135
01/05/2006,ENA,AK,AAL,WE,Federal Contract Tower,0,21,2,2,25,0,29,26,2,57,0,50,28,4,82,32,20,52,134
01/06/2006,ENA,AK,AAL,WE,Federal Contract Tower,0,33,1,0,34,0,9,7,0,16,0,42,8,0,50,38,14,52,102
01/07/2006,ENA,AK,AAL,WE,Federal Contract Tower,0,7,2,0,9,0,25,26,0,51,0,32,28,0,60,6,0,6,66
01/08/2006,ENA,AK,AAL,WE,Federal Contract Tower,0,9,0,0,9,0,12,16,0,28,0,21,16,0,37,88,0,88,125
01/09/2006,ENA,AK,AAL,WE,Federal Contract Tower,0,15,1,0,16,0,44,18,10,72,0,59,19,10,88,52,66,118,206
01/10/2006,ENA,AK,AAL,WE,Federal Contract Tower,0,17,2,0,19,0,28,18,0,46,0,45,20,0,65,12,38,50,115
01/11/2006,ENA,AK,AAL,WE,Federal Contract Tower,0,16,2,1,19,0,39,25,0,64,0,55,27,1,83,34,40,74,157
01/12/2006,ENA,AK,AAL,WE,Federal Contract Tower,0,14,0,5,19,0,34,16,1,51,0,48,16,6,70,20,46,66,136
01/13/2006,ENA,AK,AAL,WE,Federal Contract Tower,0,26,1,0,27,0,0,11,0,11,0,26,12,0,38,50,0,50,88
01/14/2006,ENA,AK,AAL,WE,Federal Contract Tower,0,29,2,0,31,0,9,7,0,16,0,38,9,0,47,8,0,8,55
01/15/2006,ENA,AK,AAL,WE,Federal Contract Tower,0,26,0,0,26,0,18,6,0,24,0,44,6,0,50,30,0,30,80
01/16/2006,ENA,AK,AAL,WE,Federal Contract Tower,0,10,1,0,11,0,49,10,0,59,0,59,11,0,70,36,0,36,106
01/17/2006,ENA,AK,AAL,WE,Federal Contract Tower,0,14,2,0,16,3,30,13,0,46,3,44,15,0,62,52,0,52,114
01/18/2006,ENA,AK,AAL,WE,Federal Contract Tower,0,38,0,0,38,8,31,23,0,62,8,69,23,0,100,20,28,48,148
01/19/2006,ENA,AK,AAL,WE,Federal Contract Tower,0,27,4,0,31,7,29,10,0,46,7,56,14,0,77,6,2,8,85
01/20/2006,ENA,AK,AAL,WE,Federal Contract Tower,0,18,0,0,18,0,56,19,0,75,0,74,19,0,93,28,4,32,125
01/21/2006,ENA,AK,AAL,WE,Federal Contract Tower,0,28,0,0,28,0,0,0,0,0,0,28,0,0,28,10,0,10,38
01/22/2006,ENA,AK,AAL,WE,Federal Contract Tower,0,26,0,0,26,0,0,0,0,0,0,26,0,0,26,2,0,2,28
01/23/2006,ENA,AK,AAL,WE,Federal Contract Tower,0,25,3,2,30,2,40,20,6,68,2,65,23,8,98,38,20,58,156
01/24/2006,ENA,AK,AAL,WE,Federal Contract Tower,0,28,3,0,31,0,25,25,0,50,0,53,28,0,81,52,2,54,135
01/25/2006,ENA,AK,AAL,WE,Federal Contract Tower,0,34,2,0,36,0,21,5,2,28,0,55,7,2,64,2,0,2,66
01/26/2006,ENA,AK,AAL,WE,Federal Contract Tower,0,29,0,0,29,0,20,10,0,30,0,49,10,0,59,2,0,2,61
01/27/2006,ENA,AK,AAL,WE,Federal Contract Tower,0,36,0,0,36,0,6,1,0,7,0,42,1,0,43,2,4,6,49
01/28/2006,ENA,AK,AAL,WE,Federal Contract Tower,0,21,0,0,21,0,5,5,0,10,0,26,5,0,31,18,0,18,49
01/29/2006,ENA,AK,AAL,WE,Federal Contract Tower,0,7,0,0,7,0,28,20,0,48,0,35,20,0,55,68,0,68,123
01/30/2006,ENA,AK,AAL,WE,Federal Contract Tower,0,13,0,0,13,1,60,16,0,77,1,73,16,0,90,70,42,112,202
01/31/2006,ENA,AK,AAL,WE,Federal Contract Tower,0,30,3,0,33,0,23,1,0,24,0,53,4,0,57,4,0,4,61
02/01/2006,ENA,AK,AAL,WE,Federal Contract Tower,0,42,1,0,43,0,35,7,0,42,0,77,8,0,85,10,0,10,95
02/02/2006,ENA,AK,AAL,WE,Federal Contract Tower,0,23,3,0,26,0,26,14,10,50,0,49,17,10,76,12,6,18,94
02/03/2006,ENA,AK,AAL,WE,Federal Contract Tower,0,28,3,4,35,0,36,16,24,76,0,64,19,28,111,16,6,22,133
02/04/2006,ENA,AK,AAL,WE,Federal Contract Tower,0,11,0,1,12,0,21,7,8,36,0,32,7,9,48,14,0,14,62
02/05/2006,ENA,AK,AAL,WE,Federal Contract Tower,0,17,1,2,20,0,20,7,0,27,0,37,8,2,47,0,0,0,47
02/06/2006,ENA,AK,AAL,WE,Federal Contract Tower,1,32,2,2,37,5,26,5,0,36,6,58,7,2,73,18,0,18,91
02/07/2006,ENA,AK,AAL,WE,Federal Contract Tower,0,28,6,0,34,0,29,4,0,33,0,57,10,0,67,16,24,40,107
02/08/2006,ENA,AK,AAL,WE,Federal Contract Tower,0,17,4,1,22,0,60,38,9,107,0,77,42,10,129,38,18,56,185
02/09/2006,ENA,AK,AAL,WE,Federal Contract Tower,0,28,2,0,30,0,9,1,0,10,0,37,3,0,40,0,0,0,40
02/10/2006,ENA,AK,AAL,WE,Federal Contract Tower,0,37,3,2,42,0,20,7,0,27,0,57,10,2,69,8,0,8,77
02/11/2006,ENA,AK,AAL,WE,Federal Contract Tower,0,17,1,0,18,0,19,6,0,25,0,36,7,0,43,22,0,22,65
02/12/2006,ENA,AK,AAL,WE,Federal Contract Tower,0,24,4,6,34,0,9,8,0,17,0,33,12,6,51,0,0,0,51
02/13/2006,ENA,AK,AAL,WE,Federal Contract Tower,0,17,0,0,17,0,44,33,0,77,0,61,33,0,94,64,16,80,174
02/14/2006,ENA,AK,AAL,WE,Federal Contract Tower,0,11,1,0,12,2,33,38,0,73,2,44,39,0,85,40,10,50,135
02/15/2006,ENA,AK,AAL,WE,Federal Contract Tower,0,16,0,0,16,3,54,36,0,93,3,70,36,0,109,68,58,126,235
02/16/2006,ENA,AK,AAL,WE,Federal Contract Tower,0,37,0,0,37,6,22,12,0,40,6,59,12,0,77,12,0,12,89
02/17/2006,ENA,AK,AAL,WE,Federal Contract Tower,1,32,0,0,33,1,11,24,0,36,2,43,24,0,69,42,0,42,111
02/18/2006,ENA,AK,AAL,WE,Federal Contract Tower,0,11,1,0,12,0,26,39,0,65,0,37,40,0,77,60,0,60,137
02/19/2006,ENA,AK,AAL,WE,Federal Contract Tower,0,4,0,0,4,0,24,12,0,36,0,28,12,0,40,30,0,30,70
02/20/2006,ENA,AK,AAL,WE,Federal Contract Tower,0,15,2,0,17,0,52,25,0,77,0,67,27,0,94,56,0,56,150
02/21/2006,ENA,AK,AAL,WE,Federal Contract Tower,0,22,1,0,23,0,38,31,0,69,0,60,32,0,92,58,0,58,150
02/22/2006,ENA,AK,AAL,WE,Federal Contract Tower,0,20,2,0,22,0,54,18,0,72,0,74,20,0,94,56,4,60,154
02/23/2006,ENA,AK,AAL,WE,Federal Contract Tower,0,43,3,0,46,0,0,0,0,0,0,43,3,0,46,0,0,0,46
02/24/2006,ENA,AK,AAL,WE,Federal Contract Tower,0,18,1,0,19,0,46,17,0,63,0,64,18,0,82,54,0,54,136
02/25/2006,ENA,AK,AAL,WE,Federal Contract Tower,0,19,1,0,20,0,2,0,0,2,0,21,1,0,22,0,0,0,22
02/26/2006,ENA,AK,AAL,WE,Federal Contract Tower,0,25,1,0,26,0,15,22,0,37,0,40,23,0,63,42,0,42,105
02/27/2006,ENA,AK,AAL,WE,Federal Contract Tower,0,27,2,0,29,0,23,3,0,26,0,50,5,0,55,12,4,16,71
02/28/2006,ENA,AK,AAL,WE,Federal Contract Tower,0,16,0,0,16,0,50,16,0,66,0,66,16,0,82,80,12,92,174
03/01/2006,ENA,AK,AAL,WE,Federal Contract Tower,0,18,0,0,18,2,53,22,0,77,2,71,22,0,95,56,16,72,167
03/02/2006,ENA,AK,AAL,WE,Federal Contract Tower,0,26,3,1,30,0,11,7,5,23,0,37,10,6,53,62,18,80,133
03/03/2006,ENA,AK,AAL,WE,Federal Contract Tower,1,30,0,0,31,0,22,6,0,28,1,52,6,0,59,2,14,16,75
03/04/2006,ENA,AK,AAL,WE,Federal Contract Tower,20,18,0,0,38,0,14,25,0,39,20,32,25,0,77,68,2,70,147
03/05/2006,ENA,AK,AAL,WE,Federal Contract Tower,1,14,4,1,20,0,23,4,5,32,1,37,8,6,52,20,24,44,96
03/06/2006,ENA,AK,AAL,WE,Federal Contract Tower,2,40,3,0,45,0,22,14,0,36,2,62,17,0,81,8,6,14,95
03/07/2006,ENA,AK,AAL,WE,Federal Contract Tower,0,43,4,2,49,0,7,0,0,7,0,50,4,2,56,0,4,4,60
03/08/2006,ENA,AK,AAL,WE,Federal Contract Tower,0,15,1,0,16,0,28,15,0,43,0,43,16,0,59,4,14,18,77
03/09/2006,ENA,AK,AAL,WE,Federal Contract Tower,0,13,4,0,17,0,39,13,0,52,0,52,17,0,69,32,0,32,101
03/10/2006,ENA,AK,AAL,WE,Federal Contract Tower,0,16,0,0,16,0,41,23,0,64,0,57,23,0,80,42,0,42,122
03/11/2006,ENA,AK,AAL,WE,Federal Contract Tower,12,13,0,0,25,0,47,21,0,68,12,60,21,0,93,40,0,40,133
03/12/2006,ENA,AK,AAL,WE,Federal Contract Tower,17,15,0,0,32,0,39,24,0,63,17,54,24,0,95,72,0,72,167
03/13/2006,ENA,AK,AAL,WE,Federal Contract Tower,0,11,2,0,13,4,42,11,0,57,4,53,13,0,70,36,22,58,128
03/14/2006,ENA,AK,AAL,WE,Federal Contract Tower,0,15,1,0,16,0,47,25,0,72,0,62,26,0,88,28,18,46,134
03/15/2006,ENA,AK,AAL,WE,Federal Contract Tower,0,19,2,3,24,0,35,16,1,52,0,54,18,4,76,50,28,78,154
03/16/2006,ENA,AK,AAL,WE,Federal Contract Tower,0,15,0,1,16,10,32,27,1,70,10,47,27,2,86,38,6,44,130
03/17/2006,ENA,AK,AAL,WE,Federal Contract Tower,0,18,0,0,18,0,21,11,0,32,0,39,11,0,50,2,16,18,68
03/18/2006,ENA,AK,AAL,WE,Federal Contract Tower,0,21,0,0,21,0,0,0,0,0,0,21,0,0,21,0,0,0,21
03/19/2006,ENA,AK,AAL,WE,Federal Contract Tower,0,26,1,0,27,0,4,10,0,14,0,30,11,0,41,20,0,20,61
03/20/2006,ENA,AK,AAL,WE,Federal Contract Tower,0,45,5,0,50,0,6,1,0,7,0,51,6,0,57,0,0,0,57
03/21/2006,ENA,AK,AAL,WE,Federal Contract Tower,0,26,0,0,26,0,34,8,0,42,0,60,8,0,68,32,10,42,110
03/22/2006,ENA,AK,AAL,WE,Federal Contract Tower,0,13,2,2,17,2,58,24,2,86,2,71,26,4,103,46,10,56,159
03/23/2006,ENA,AK,AAL,WE,Federal Contract Tower,0,15,0,3,18,0,39,28,7,74,0,54,28,10,92,30,32,62,154
03/24/2006,ENA,AK,AAL,WE,Federal Contract Tower,0,14,2,0,16,4,45,30,2,81,4,59,32,2,97,28,0,28,125
03/25/2006,ENA,AK,AAL,WE,Federal Contract Tower,0,12,0,0,12,0,18,14,0,32,0,30,14,0,44,48,0,48,92
03/26/2006,ENA,AK,AAL,WE,Federal Contract Tower,0,4,3,0,7,0,40,37,0,77,0,44,40,0,84,60,0,60,144
03/27/2006,ENA,AK,AAL,WE,Federal Contract Tower,0,18,0,0,18,4,52,41,0,97,4,70,41,0,115,88,38,126,241
03/28/2006,ENA,AK,AAL,WE,Federal Contract Tower,0,13,0,1,14,4,49,16,1,70,4,62,16,2,84,36,20,56,140
03/29/2006,ENA,AK,AAL,WE,Federal Contract Tower,0,20,0,0,20,0,37,32,6,75,0,57,32,6,95,36,12,48,143
03/30/2006,ENA,AK,AAL,WE,Federal Contract Tower,0,18,2,0,20,0,30,18,0,48,0,48,20,0,68,56,0,56,124
03/31/2006,ENA,AK,AAL,WE,Federal Contract Tower,0,21,0,1,22,0,29,12,1,42,0,50,12,2,64,50,0,50,114
04/01/2006,ENA,AK,AAL,WE,Federal Contract Tower,0,11,1,0,12,0,21,21,0,42,0,32,22,0,54,48,10,58,112
04/02/2006,ENA,AK,AAL,WE,Federal Contract Tower,0,10,1,0,11,0,29,23,0,52,0,39,24,0,63,30,0,30,93
04/03/2006,ENA,AK,AAL,WE,Federal Contract Tower,0,32,1,3,36,0,0,0,0,0,0,32,1,3,36,0,0,0,36
04/04/2006,ENA,AK,AAL,WE,Federal Contract Tower,0,23,0,0,23,0,44,10,0,54,0,67,10,0,77,16,12,28,105
04/05/2006,ENA,AK,AAL,WE,Federal Contract Tower,0,21,1,2,24,0,46,21,2,69,0,67,22,4,93,20,14,34,127
04/06/2006,ENA,AK,AAL,WE,Federal Contract Tower,0,21,1,0,22,0,44,18,0,62,0,65,19,0,84,38,18,56,140
04/07/2006,ENA,AK,AAL,WE,Federal Contract Tower,0,14,2,0,16,0,44,26,0,70,0,58,28,0,86,64,2,66,152
04/08/2006,ENA,AK,AAL,WE,Federal Contract Tower,0,6,1,0,7,0,30,13,0,43,0,36,14,0,50,40,0,40,90
04/09/2006,ENA,AK,AAL,WE,Federal Contract Tower,0,19,3,0,22,0,25,22,0,47,0,44,25,0,69,56,0,56,125
04/10/2006,ENA,AK,AAL,WE,Federal Contract Tower,0,16,2,2,20,0,70,41,0,111,0,86,43,2,131,80,36,116,247
04/11/2006,ENA,AK,AAL,WE,Federal Contract Tower,0,16,0,1,17,0,46,44,9,99,0,62,44,10,116,94,40,134,250
04/12/2006,ENA,AK,AAL,WE,Federal Contract Tower,0,29,1,0,30,0,23,5,2,30,0,52,6,2,60,14,12,26,86
04/13/2006,ENA,AK,AAL,WE,Federal Contract Tower,0,14,0,2,16,0,56,21,0,77,0,70,21,2,93,44,56,100,193
04/14/2006,ENA,AK,AAL,WE,Federal Contract Tower,0,12,0,0,12,4,39,28,0,71,4,51,28,0,83,56,40,96,179
04/15/2006,ENA,AK,AAL,WE,Federal Contract Tower,0,2,0,0,2,0,43,30,0,73,0,45,30,0,75,34,0,34,109
04/16/2006,ENA,AK,AAL,WE,Federal Contract Tower,0,0,0,0,0,0,37,23,0,60,0,37,23,0,60,70,0,70,130
04/17/2006,ENA,AK,AAL,WE,Federal Contract Tower,0,24,1,0,25,0,47,17,2,66,0,71,18,2,91,54,42,96,187
04/18/2006,ENA,AK,AAL,WE,Federal Contract Tower,0,10,2,0,12,2,54,24,0,80,2,64,26,0,92,82,10,92,184
04/19/2006,ENA,AK,AAL,WE,Federal Contract Tower,0,23,0,0,23,0,45,38,0,83,0,68,38,0,106,46,20,66,172
04/20/2006,ENA,AK,AAL,WE,Federal Contract Tower,0,24,1,0,25,0,38,30,0,68,0,62,31,0,93,26,18,44,137
04/21/2006,ENA,AK,AAL,WE,Federal Contract Tower,0,15,1,2,18,1,59,19,0,79,1,74,20,2,97,66,10,76,173
04/22/2006,ENA,AK,AAL,WE,Federal Contract Tower,0,15,0,0,15,0,20,37,0,57,0,35,37,0,72,24,0,24,96
04/23/2006,ENA,AK,AAL,WE,Federal Contract Tower,0,30,0,0,30,0,14,35,0,49,0,44,35,0,79,32,0,32,111
04/24/2006,ENA,AK,AAL,WE,Federal Contract Tower,0,29,3,0,32,0,37,19,2,58,0,66,22,2,90,70,48,118,208
04/25/2006,ENA,AK,AAL,WE,Federal Contract Tower,0,15,7,5,27,0,50,47,4,101,0,65,54,9,128,114,76,190,318
04/26/2006,ENA,AK,AAL,WE,Federal Contract Tower,0,11,1,4,16,0,69,35,0,104,0,80,36,4,120,32,56,88,208
04/27/2006,ENA,AK,AAL,WE,Federal Contract Tower,0,15,0,0,15,0,44,32,5,81,0,59,32,5,96,60,14,74,170
04/28/2006,ENA,AK,AAL,WE,Federal Contract Tower,0,14,1,0,15,0,25,25,0,50,0,39,26,0,65,56,20,76,141
04/29/2006,ENA,AK,AAL,WE,Federal Contract Tower,0,3,0,0,3,0,27,39,0,66,0,30,39,0,69,52,0,52,121
04/30/2006,ENA,AK,AAL,WE,Federal Contract Tower,0,7,0,0,7,0,36,47,0,83,0,43,47,0,90,86,0,86,176
05/01/2006,ENA,AK,AAL,WE,Federal Contract Tower,0,13,0,0,13,0,55,23,0,78,0,68,23,0,91,36,18,54,145
05/02/2006,ENA,AK,AAL,WE,Federal Contract Tower,0,24,1,0,25,0,30,29,0,59,0,54,30,0,84,58,30,88,172
05/03/2006,ENA,AK,AAL,WE,Federal Contract Tower,0,18,2,0,20,0,56,34,0,90,0,74,36,0,110,34,22,56,166
05/04/2006,ENA,AK,AAL,WE,Federal Contract Tower,0,32,2,0,34,0,59,48,0,107,0,91,50,0,141,110,32,142,283
05/05/2006,ENA,AK,AAL,WE,Federal Contract Tower,1,20,0,1,22,3,44,22,1,70,4,64,22,2,92,148,20,168,260
05/06/2006,ENA,AK,AAL,WE,Federal Contract Tower,0,31,0,0,31,0,24,26,0,50,0,55,26,0,81,32,0,32,113
05/07/2006,ENA,AK,AAL,WE,Federal Contract Tower,0,33,3,0,36,0,7,12,2,21,0,40,15,2,57,8,0,8,65
05/08/2006,ENA,AK,AAL,WE,Federal Contract Tower,0,30,0,0,30,1,34,47,6,88,1,64,47,6,118,44,40,84,202
05/09/2006,ENA,AK,AAL,WE,Federal Contract Tower,0,25,2,0,27,1,60,33,0,94,1,85,35,0,121,30,0,30,151
05/10/2006,ENA,AK,AAL,WE,Federal Contract Tower,2,20,0,0,22,8,76,30,2,116,10,96,30,2,138,66,48,114,252
05/11/2006,ENA,AK,AAL,WE,Federal Contract Tower,0,22,3,0,25,6,69,53,0,128,6,91,56,0,153,62,0,62,215
05/12/2006,ENA,AK,AAL,WE,Federal Contract Tower,0,16,2,0,18,0,68,78,0,146,0,84,80,0,164,104,0,104,268
05/13/2006,ENA,AK,AAL,WE,Federal Contract Tower,0,9,1,0,10,0,44,166,6,216,0,53,167,6,226,46,2,48,274
05/14/2006,ENA,AK,AAL,WE,Federal Contract Tower,0,12,0,0,12,0,46,43,0,89,0,58,43,0,101,28,0,28,129
05/15/2006,ENA,AK,AAL,WE,Federal Contract Tower,0,25,4,0,29,4,60,23,2,89,4,85,27,2,118,68,6,74,192
05/16/2006,ENA,AK,AAL,WE,Federal Contract Tower,0,15,0,0,15,7,56,30,2,95,7,71,30,2,110,56,16,72,182
05/17/2006,ENA,AK,AAL,WE,Federal Contract Tower,0,28,3,2,33,1,36,33,0,70,1,64,36,2,103,32,16,48,151
05/18/2006,ENA,AK,AAL,WE,Federal Contract Tower,0,23,1,0,24,20,65,35,0,120,20,88,36,0,144,50,0,50,194
05/19/2006,ENA,AK,AAL,WE,Federal Contract Tower,0,19,4,0,23,0,51,28,0,79,0,70,32,0,102,24,0,24,126
05/20/2006,ENA,AK,AAL,WE,Federal Contract Tower,0,15,1,0,16,0,20,25,0,45,0,35,26,0,61,38,0,38,99
05/21/2006,ENA,AK,AAL,WE,Federal Contract Tower,0,11,4,0,15,0,39,59,0,98,0,50,63,0,113,18,0,18,131
05/22/2006,ENA,AK,AAL,WE,Federal Contract Tower,0,8,4,1,13,9,82,21,1,113,9,90,25,2,126,56,22,78,204
05/23/2006,ENA,AK,AAL,WE,Federal Contract Tower,1,22,2,0,25,2,60,52,0,114,3,82,54,0,139,60,0,60,199
05/24/2006,ENA,AK,AAL,WE,Federal Contract Tower,0,21,1,0,22,0,71,28,0,99,0,92,29,0,121,38,12,50,171
05/25/2006,ENA,AK,AAL,WE,Federal Contract Tower,0,18,0,0,18,0,63,44,8,115,0,81,44,8,133,64,8,72,205
05/26/2006,ENA,AK,AAL,WE,Federal Contract Tower,0,15,2,0,17,0,41,39,0,80,0,56,41,0,97,42,0,42,139
05/27/2006,ENA,AK,AAL,WE,Federal Contract Tower,0,5,1,0,6,0,44,33,0,77,0,49,34,0,83,26,0,26,109
05/28/2006,ENA,AK,AAL,WE,Federal Contract Tower,0,6,0,0,6,0,32,29,0,61,0,38,29,0,67,42,0,42,109
05/29/2006,ENA,AK,AAL,WE,Federal Contract Tower,0,10,0,0,10,0,32,24,0,56,0,42,24,0,66,34,0,34,100
05/30/2006,ENA,AK,AAL,WE,Federal Contract Tower,0,29,5,0,34,0,37,21,0,58,0,66,26,0,92,0,8,8,100
05/31/2006,ENA,AK,AAL,WE,Federal Contract Tower,3,42,6,0,51,2,40,11,0,53,5,82,17,0,104,8,18,26,130
06/01/2006,ENA,AK,AAL,WE,Federal Contract Tower,3,34,0,2,39,3,27,29,0,59,6,61,29,2,98,54,16,70,168
06/02/2006,ENA,AK,AAL,WE,Federal Contract Tower,1,12,5,0,18,9,61,32,0,102,10,73,37,0,120,90,0,90,210
06/03/2006,ENA,AK,AAL,WE,Federal Contract Tower,0,4,2,0,6,0,48,45,0,93,0,52,47,0,99,68,0,68,167
06/04/2006,ENA,AK,AAL,WE,Federal Contract Tower,0,7,0,0,7,0,40,28,0,68,0,47,28,0,75,80,0,80,155
06/05/2006,ENA,AK,AAL,WE,Federal Contract Tower,0,9,1,0,10,0,77,50,0,127,0,86,51,0,137,68,20,88,225
06/06/2006,ENA,AK,AAL,WE,Federal Contract Tower,1,14,0,0,15,3,86,48,0,137,4,100,48,0,152,84,0,84,236
06/07/2006,ENA,AK,AAL,WE,Federal Contract Tower,0,19,1,0,20,0,71,25,2,98,0,90,26,2,118,78,34,112,230
06/08/2006,ENA,AK,AAL,WE,Federal Contract Tower,0,27,1,0,28,8,44,24,4,80,8,71,25,4,108,56,18,74,182
06/09/2006,ENA,AK,AAL,WE,Federal Contract Tower,0,20,2,0,22,0,39,13,0,52,0,59,15,0,74,22,2,24,98
06/10/2006,ENA,AK,AAL,WE,Federal Contract Tower,0,4,1,0,5,0,44,22,0,66,0,48,23,0,71,30,4,34,105
06/11/2006,ENA,AK,AAL,WE,Federal Contract Tower,0,15,3,0,18,0,27,17,0,44,0,42,20,0,62,58,0,58,120
06/12/2006,ENA,AK,AAL,WE,Federal Contract Tower,0,45,6,0,51,0,34,7,0,41,0,79,13,0,92,32,0,32,124
06/13/2006,ENA,AK,AAL,WE,Federal Contract Tower,0,31,1,0,32,1,53,23,0,77,1,84,24,0,109,50,4,54,163
06/14/2006,ENA,AK,AAL,WE,Federal Contract Tower,3,34,3,0,40,8,40,47,0,95,11,74,50,0,135,52,8,60,195
06/15/2006,ENA,AK,AAL,WE,Federal Contract Tower,1,50,11,0,62,5,34,0,0,39,6,84,11,0,101,48,24,72,173
06/16/2006,ENA,AK,AAL,WE,Federal Contract Tower,1,52,8,0,61,1,26,10,0,37,2,78,18,0,98,26,0,26,124
06/17/2006,ENA,AK,AAL,WE,Federal Contract Tower,0,9,1,0,10,4,41,51,0,96,4,50,52,0,106,18,10,28,134
06/18/2006,ENA,AK,AAL,WE,Federal Contract Tower,1,13,5,0,19,0,37,21,0,58,1,50,26,0,77,34,0,34,111
06/19/2006,ENA,AK,AAL,WE,Federal Contract Tower,1,15,4,1,21,2,68,32,1,103,3,83,36,2,124,66,40,106,230
06/20/2006,ENA,AK,AAL,WE,Federal Contract Tower,0,16,0,0,16,0,85,42,0,127,0,101,42,0,143,78,24,102,245
06/21/2006,ENA,AK,AAL,WE,Federal Contract Tower,1,19,0,0,20,2,60,45,0,107,3,79,45,0,127,66,46,112,239
06/22/2006,ENA,AK,AAL,WE,Federal Contract Tower,1,52,9,0,62,0,20,24,0,44,1,72,33,0,106,6,10,16,122
06/23/2006,ENA,AK,AAL,WE,Federal Contract Tower,0,24,2,0,26,0,42,25,0,67,0,66,27,0,93,54,8,62,155
06/24/2006,ENA,AK,AAL,WE,Federal Contract Tower,3,6,3,0,12,0,60,50,0,110,3,66,53,0,122,72,0,72,194
06/25/2006,ENA,AK,AAL,WE,Federal Contract Tower,6,5,0,0,11,1,33,30,0,64,7,38,30,0,75,18,0,18,93
06/26/2006,ENA,AK,AAL,WE,Federal Contract Tower,7,37,3,0,47,0,27,24,0,51,7,64,27,0,98,0,44,44,142
06/27/2006,ENA,AK,AAL,WE,Federal Contract Tower,7,21,0,2,30,3,90,60,0,153,10,111,60,2,183,86,44,130,313
06/28/2006,ENA,AK,AAL,WE,Federal Contract Tower,9,24,1,0,34,3,59,39,0,101,12,83,40,0,135,58,0,58,193
06/29/2006,ENA,AK,AAL,WE,Federal Contract Tower,10,30,11,0,51,2,48,36,0,86,12,78,47,0,137,32,0,32,169
06/30/2006,ENA,AK,AAL,WE,Federal Contract Tower,4,51,1,0,56,0,13,11,0,24,4,64,12,0,80,10,0,10,90
07/01/2006,ENA,AK,AAL,WE,Federal Contract Tower,3,21,5,0,29,1,36,40,0,77,4,57,45,0,106,44,0,44,150
07/02/2006,ENA,AK,AAL,WE,Federal Contract Tower,3,4,0,0,7,1,60,82,0,143,4,64,82,0,150,60,0,60,210
07/03/2006,ENA,AK,AAL,WE,Federal Contract Tower,2,7,1,0,10,2,64,66,0,132,4,71,67,0,142,86,0,86,228
07/04/2006,ENA,AK,AAL,WE,Federal Contract Tower,1,17,0,0,18,1,62,47,0,110,2,79,47,0,128,30,0,30,158
07/05/2006,ENA,AK,AAL,WE,Federal Contract Tower,2,53,8,2,65,0,28,22,0,50,2,81,30,2,115,22,8,30,145
07/06/2006,ENA,AK,AAL,WE,Federal Contract Tower,7,59,22,0,88,0,33,18,2,53,7,92,40,2,141,36,0,36,177
07/07/2006,ENA,AK,AAL,WE,Federal Contract Tower,6,52,9,0,67,0,15,4,2,21,6,67,13,2,88,6,0,6,94
07/08/2006,ENA,AK,AAL,WE,Federal Contract Tower,6,33,7,0,46,1,31,33,0,65,7,64,40,0,111,34,0,34,145
07/09/2006,ENA,AK,AAL,WE,Federal Contract Tower,2,16,6,0,24,3,38,49,0,90,5,54,55,0,114,86,0,86,200
07/10/2006,ENA,AK,AAL,WE,Federal Contract Tower,2,20,1,2,25,7,58,39,2,106,9,78,40,4,131,34,36,70,201
07/11/2006,ENA,AK,AAL,WE,Federal Contract Tower,3,25,2,2,32,4,63,27,4,98,7,88,29,6,130,32,40,72,202
07/12/2006,ENA,AK,AAL,WE,Federal Contract Tower,0,24,1,2,27,4,72,44,10,130,4,96,45,12,157,70,68,138,295
07/13/2006,ENA,AK,AAL,WE,Federal Contract Tower,3,27,4,8,42,1,76,60,4,141,4,103,64,12,183,64,64,128,311
07/14/2006,ENA,AK,AAL,WE,Federal Contract Tower,3,32,1,0,36,0,61,37,0,98,3,93,38,0,134,8,22,30,164
07/15/2006,ENA,AK,AAL,WE,Federal Contract Tower,3,32,7,0,42,4,27,28,0,59,7,59,35,0,101,22,0,22,123
07/16/2006,ENA,AK,AAL,WE,Federal Contract Tower,2,35,2,0,39,0,29,47,0,76,2,64,49,0,115,90,0,90,205
07/17/2006,ENA,AK,AAL,WE,Federal Contract Tower,0,25,5,1,31,0,61,34,13,108,0,86,39,14,139,50,82,132,271
07/18/2006,ENA,AK,AAL,WE,Federal Contract Tower,2,31,2,0,35,2,69,49,0,120,4,100,51,0,155,54,40,94,249
07/19/2006,ENA,AK,AAL,WE,Federal Contract Tower,1,20,5,3,29,1,81,78,5,165,2,101,83,8,194,82,58,140,334
07/20/2006,ENA,AK,AAL,WE,Federal Contract Tower,0,23,4,0,27,1,51,56,0,108,1,74,60,0,135,54,0,54,189
07/21/2006,ENA,AK,AAL,WE,Federal Contract Tower,1,30,2,1,34,1,72,59,3,135,2,102,61,4,169,50,30,80,249
07/22/2006,ENA,AK,AAL,WE,Federal Contract Tower,0,20,2,0,22,2,53,57,0,112,2,73,59,0,134,40,0,40,174
07/23/2006,ENA,AK,AAL,WE,Federal Contract Tower,2,15,7,0,24,2,50,48,0,100,4,65,55,0,124,80,0,80,204
07/24/2006,ENA,AK,AAL,WE,Federal Contract Tower,1,28,2,0,31,1,73,38,0,112,2,101,40,0,143,36,0,36,179
07/25/2006,ENA,AK,AAL,WE,Federal Contract Tower,1,25,4,3,33,5,73,26,0,104,6,98,30,3,137,130,6,136,273
07/26/2006,ENA,AK,AAL,WE,Federal Contract Tower,0,25,4,0,29,0,73,56,0,129,0,98,60,0,158,70,30,100,258
07/27/2006,ENA,AK,AAL,WE,Federal Contract Tower,0,20,1,2,23,0,80,68,0,148,0,100,69,2,171,78,28,106,277
07/28/2006,ENA,AK,AAL,WE,Federal Contract Tower,2,23,6,0,31,0,56,75,5,136,2,79,81,5,167,62,0,62,229
07/29/2006,ENA,AK,AAL,WE,Federal Contract Tower,0,15,2,0,17,0,54,43,2,99,0,69,45,2,116,54,4,58,174
07/30/2006,ENA,AK,AAL,WE,Federal Contract Tower,1,32,5,0,38,0,27,46,0,73,1,59,51,0,111,38,0,38,149
07/31/2006,ENA,AK,AAL,WE,Federal Contract Tower,0,34,4,1,39,0,58,42,3,103,0,92,46,4,142,22,54,76,218
08/01/2006,ENA,AK,AAL,WE,Federal Contract Tower,1,30,0,0,31,0,56,36,0,92,1,86,36,0,123,16,18,34,157
08/02/2006,ENA,AK,AAL,WE,Federal Contract Tower,6,25,3,0,34,5,63,38,0,106,11,88,41,0,140,24,40,64,204
08/03/2006,ENA,AK,AAL,WE,Federal Contract Tower,1,19,3,0,23,2,87,25,2,116,3,106,28,2,139,20,8,28,167
08/04/2006,ENA,AK,AAL,WE,Federal Contract Tower,4,28,2,0,34,5,53,42,0,100,9,81,44,0,134,42,20,62,196
08/05/2006,ENA,AK,AAL,WE,Federal Contract Tower,1,18,3,0,22,2,49,50,0,101,3,67,53,0,123,52,0,52,175
08/06/2006,ENA,AK,AAL,WE,Federal Contract Tower,0,9,1,0,10,1,51,51,0,103,1,60,52,0,113,70,0,70,183
08/07/2006,ENA,AK,AAL,WE,Federal Contract Tower,3,13,0,7,23,0,76,61,0,137,3,89,61,7,160,108,66,174,334
08/08/2006,ENA,AK,AAL,WE,Federal Contract Tower,2,18,6,0,26,0,78,61,0,139,2,96,67,0,165,70,6,76,241
08/09/2006,ENA,AK,AAL,WE,Federal Contract Tower,4,19,4,0,27,2,71,60,2,135,6,90,64,2,162,60,30,90,252
08/10/2006,ENA,AK,AAL,WE,Federal Contract Tower,0,61,14,2,77,0,6,12,0,18,0,67,26,2,95,38,10,48,143
08/11/2006,ENA,AK,AAL,WE,Federal Contract Tower,9,59,8,0,76,2,12,22,0,36,11,71,30,0,112,28,0,28,140
08/12/2006,ENA,AK,AAL,WE,Federal Contract Tower,8,50,12,0,70,0,4,4,0,8,8,54,16,0,78,0,0,0,78
08/13/2006,ENA,AK,AAL,WE,Federal Contract Tower,0,19,0,0,19,0,43,36,0,79,0,62,36,0,98,32,0,32,130
08/14/2006,ENA,AK,AAL,WE,Federal Contract Tower,5,54,6,0,65,0,14,17,0,31,5,68,23,0,96,10,2,12,108
08/15/2006,ENA,AK,AAL,WE,Federal Contract Tower,4,31,2,6,43,1,73,14,0,88,5,104,16,6,131,30,80,110,241
08/16/2006,ENA,AK,AAL,WE,Federal Contract Tower,4,46,5,5,60,0,48,12,0,60,4,94,17,5,120,18,2,20,140
08/17/2006,ENA,AK,AAL,WE,Federal Contract Tower,1,44,7,0,52,0,22,17,0,39,1,66,24,0,91,24,16,40,131
08/18/2006,ENA,AK,AAL,WE,Federal Contract Tower,4,39,4,0,47,0,15,5,0,20,4,54,9,0,67,20,14,34,101
08/19/2006,ENA,AK,AAL,WE,Federal Contract Tower,1,22,0,0,23,1,28,26,0,55,2,50,26,0,78,14,0,14,92
08/20/2006,ENA,AK,AAL,WE,Federal Contract Tower,0,33,8,0,41,0,17,15,0,32,0,50,23,0,73,10,0,10,83
08/21/2006,ENA,AK,AAL,WE,Federal Contract Tower,1,28,0,0,29,7,63,44,0,114,8,91,44,0,143,28,46,74,217
08/22/2006,ENA,AK,AAL,WE,Federal Contract Tower,0,48,5,2,55,0,12,5,0,17,0,60,10,2,72,0,2,2,74
08/23/2006,ENA,AK,AAL,WE,Federal Contract Tower,1,32,6,0,39,1,56,38,0,95,2,88,44,0,134,26,16,42,176
08/24/2006,ENA,AK,AAL,WE,Federal Contract Tower,5,35,3,3,46,0,36,7,0,43,5,71,10,3,89,6,2,8,97
08/25/2006,ENA,AK,AAL,WE,Federal Contract Tower,0,27,2,0,29,0,55,40,0,95,0,82,42,0,124,70,12,82,206
08/26/2006,ENA,AK,AAL,WE,Federal Contract Tower,1,10,3,0,14,1,48,28,0,77,2,58,31,0,91,44,0,44,135
08/27/2006,ENA,AK,AAL,WE,Federal Contract Tower,0,6,2,0,8,0,46,61,0,107,0,52,63,0,115,42,0,42,157
08/28/2006,ENA,AK,AAL,WE,Federal Contract Tower,0,20,2,0,22,0,66,51,0,117,0,86,53,0,139,44,60,104,243
08/29/2006,ENA,AK,AAL,WE,Federal Contract Tower,1,17,1,0,19,1,84,68,0,153,2,101,69,0,172,72,26,98,270
08/30/2006,ENA,AK,AAL,WE,Federal Contract Tower,0,28,1,2,31,0,87,22,0,109,0,115,23,2,140,16,42,58,198
08/31/2006,ENA,AK,AAL,WE,Federal Contract Tower,1,32,5,3,41,1,45,20,1,67,2,77,25,4,108,8,6,14,122
09/01/2006,ENA,AK,AAL,WE,Federal Contract Tower,0,26,0,0,26,0,54,44,0,98,0,80,44,0,124,70,0,70,194
09/02/2006,ENA,AK,AAL,WE,Federal Contract Tower,0,31,1,0,32,0,16,19,0,35,0,47,20,0,67,10,0,10,77
09/03/2006,ENA,AK,AAL,WE,Federal Contract Tower,0,17,7,0,24,0,37,25,0,62,0,54,32,0,86,16,0,16,102
09/04/2006,ENA,AK,AAL,WE,Federal Contract Tower,0,14,0,0,14,0,43,32,0,75,0,57,32,0,89,20,0,20,109
09/05/2006,ENA,AK,AAL,WE,Federal Contract Tower,0,27,1,2,30,0,52,26,0,78,0,79,27,2,108,56,22,78,186
09/06/2006,ENA,AK,AAL,WE,Federal Contract Tower,0,31,0,0,31,0,58,11,0,69,0,89,11,0,100,4,18,22,122
09/07/2006,ENA,AK,AAL,WE,Federal Contract Tower,0,26,4,0,30,0,55,48,0,103,0,81,52,0,133,74,60,134,267
09/08/2006,ENA,AK,AAL,WE,Federal Contract Tower,0,26,1,0,27,0,46,23,0,69,0,72,24,0,96,36,40,76,172
09/09/2006,ENA,AK,AAL,WE,Federal Contract Tower,0,10,1,0,11,0,55,60,0,115,0,65,61,0,126,24,0,24,150
09/10/2006,ENA,AK,AAL,WE,Federal Contract Tower,0,2,2,0,4,0,45,47,0,92,0,47,49,0,96,72,0,72,168
09/11/2006,ENA,AK,AAL,WE,Federal Contract Tower,0,16,0,0,16,7,66,32,0,105,7,82,32,0,121,44,0,44,165
09/12/2006,ENA,AK,AAL,WE,Federal Contract Tower,0,20,0,0,20,2,70,51,0,123,2,90,51,0,143,78,4,82,225
09/13/2006,ENA,AK,AAL,WE,Federal Contract Tower,0,20,0,0,20,0,42,29,0,71,0,62,29,0,91,22,20,42,133
09/14/2006,ENA,AK,AAL,WE,Federal Contract Tower,0,29,1,0,30,0,28,12,0,40,0,57,13,0,70,22,20,42,112
09/15/2006,ENA,AK,AAL,WE,Federal Contract Tower,0,28,0,0,28,0,40,10,0,50,0,68,10,0,78,20,0,20,98
09/16/2006,ENA,AK,AAL,WE,Federal Contract Tower,0,20,1,0,21,0,48,24,0,72,0,68,25,0,93,12,0,12,105
09/17/2006,ENA,AK,AAL,WE,Federal Contract Tower,0,8,0,0,8,0,34,27,0,61,0,42,27,0,69,14,22,36,105
09/18/2006,ENA,AK,AAL,WE,Federal Contract Tower,1,26,0,0,27,3,50,30,0,83,4,76,30,0,110,22,80,102,212
09/19/2006,ENA,AK,AAL,WE,Federal Contract Tower,0,22,0,0,22,0,55,21,2,78,0,77,21,2,100,28,42,70,170
09/20/2006,ENA,AK,AAL,WE,Federal Contract Tower,0,24,2,0,26,0,64,24,0,88,0,88,26,0,114,14,14,28,142
09/21/2006,ENA,AK,AAL,WE,Federal Contract Tower,0,28,0,0,28,0,44,36,0,80,0,72,36,0,108,22,8,30,138
09/22/2006,ENA,AK,AAL,WE,Federal Contract Tower,1,34,0,0,35,3,45,4,0,52,4,79,4,0,87,4,22,26,113
09/23/2006,ENA,AK,AAL,WE,Federal Contract Tower,0,11,0,0,11,0,41,36,0,77,0,52,36,0,88,18,0,18,106
09/24/2006,ENA,AK,AAL,WE,Federal Contract Tower,0,18,5,1,24,0,31,30,1,62,0,49,35,2,86,28,0,28,114
09/25/2006,ENA,AK,AAL,WE,Federal Contract Tower,0,18,0,0,18,4,54,30,2,90,4,72,30,2,108,56,44,100,208
09/26/2006,ENA,AK,AAL,WE,Federal Contract Tower,0,24,3,2,29,0,50,5,0,55,0,74,8,2,84,28,24,52,136
09/27/2006,ENA,AK,AAL,WE,Federal Contract Tower,0,51,8,8,67,0,20,0,2,22,0,71,8,10,89,6,2,8,97
09/28/2006,ENA,AK,AAL,WE,Federal Contract Tower,0,33,4,0,37,0,42,14,0,56,0,75,18,0,93,10,0,10,103
09/29/2006,ENA,AK,AAL,WE,Federal Contract Tower,0,26,0,0,26,0,53,47,2,102,0,79,47,2,128,114,2,116,244
09/30/2006,ENA,AK,AAL,WE,Federal Contract Tower,0,3,0,0,3,0,59,44,0,103,0,62,44,0,106,40,0,40,146
10/01/2006,ENA,AK,AAL,WE,Federal Contract Tower,0,12,0,0,12,0,24,19,0,43,0,36,19,0,55,12,12,24,79
10/02/2006,ENA,AK,AAL,WE,Federal Contract Tower,0,12,2,0,14,0,49,13,0,62,0,61,15,0,76,36,40,76,152
10/03/2006,ENA,AK,AAL,WE,Federal Contract Tower,0,27,3,0,30,0,45,5,0,50,0,72,8,0,80,26,0,26,106
10/04/2006,ENA,AK,AAL,WE,Federal Contract Tower,0,24,1,0,25,0,48,10,0,58,0,72,11,0,83,10,14,24,107
10/05/2006,ENA,AK,AAL,WE,Federal Contract Tower,0,20,0,0,20,0,66,59,0,125,0,86,59,0,145,78,80,158,303
10/06/2006,ENA,AK,AAL,WE,Federal Contract Tower,0,28,2,0,30,0,48,20,0,68,0,76,22,0,98,20,20,40,138
10/07/2006,ENA,AK,AAL,WE,Federal Contract Tower,0,17,0,0,17,0,31,22,0,53,0,48,22,0,70,14,0,14,84
10/08/2006,ENA,AK,AAL,WE,Federal Contract Tower,0,12,0,0,12,0,19,7,0,26,0,31,7,0,38,0,0,0,38
10/09/2006,ENA,AK,AAL,WE,Federal Contract Tower,0,16,1,0,17,2,46,11,0,59,2,62,12,0,76,28,0,28,104
10/10/2006,ENA,AK,AAL,WE,Federal Contract Tower,1,18,2,0,21,1,70,16,0,87,2,88,18,0,108,14,44,58,166
10/11/2006,ENA,AK,AAL,WE,Federal Contract Tower,0,31,3,0,34,0,45,20,0,65,0,76,23,0,99,16,28,44,143
10/12/2006,ENA,AK,AAL,WE,Federal Contract Tower,0,23,1,0,24,0,48,25,0,73,0,71,26,0,97,32,60,92,189
10/13/2006,ENA,AK,AAL,WE,Federal Contract Tower,0,24,0,0,24,0,50,40,0,90,0,74,40,0,114,96,0,96,210
10/14/2006,ENA,AK,AAL,WE,Federal Contract Tower,0,13,0,0,13,0,27,36,0,63,0,40,36,0,76,10,0,10,86
10/15/2006,ENA,AK,AAL,WE,Federal Contract Tower,0,9,0,0,9,0,24,35,0,59,0,33,35,0,68,40,0,40,108
10/16/2006,ENA,AK,AAL,WE,Federal Contract Tower,0,26,4,0,30,0,64,14,4,82,0,90,18,4,112,14,38,52,164
10/17/2006,ENA,AK,AAL,WE,Federal Contract Tower,0,42,5,0,47,0,19,3,0,22,0,61,8,0,69,26,8,34,103
10/18/2006,ENA,AK,AAL,WE,Federal Contract Tower,0,27,4,3,34,0,23,22,9,54,0,50,26,12,88,50,76,126,214
10/19/2006,ENA,AK,AAL,WE,Federal Contract Tower,0,24,1,0,25,0,50,22,0,72,0,74,23,0,97,14,0,14,111
10/20/2006,ENA,AK,AAL,WE,Federal Contract Tower,0,16,0,2,18,5,70,47,0,122,5,86,47,2,140,152,32,184,324
10/21/2006,ENA,AK,AAL,WE,Federal Contract Tower,0,5,1,0,6,3,29,30,0,62,3,34,31,0,68,36,0,36,104
10/22/2006,ENA,AK,AAL,WE,Federal Contract Tower,0,9,0,0,9,0,31,24,0,55,0,40,24,0,64,32,0,32,96
10/23/2006,ENA,AK,AAL,WE,Federal Contract Tower,0,12,3,0,15,4,47,22,8,81,4,59,25,8,96,54,26,80,176
10/24/2006,ENA,AK,AAL,WE,Federal Contract Tower,1,30,3,0,34,0,26,5,0,31,1,56,8,0,65,6,0,6,71
10/25/2006,ENA,AK,AAL,WE,Federal Contract Tower,0,30,5,0,35,6,50,13,0,69,6,80,18,0,104,28,40,68,172
10/26/2006,ENA,AK,AAL,WE,Federal Contract Tower,1,44,2,0,47,0,32,0,0,32,1,76,2,0,79,0,6,6,85
10/27/2006,ENA,AK,AAL,WE,Federal Contract Tower,0,23,2,3,28,0,39,14,1,54,0,62,16,4,82,24,4,28,110
10/28/2006,ENA,AK,AAL,WE,Federal Contract Tower,0,6,0,0,6,0,38,17,0,55,0,44,17,0,61,62,0,62,123
10/29/2006,ENA,AK,AAL,WE,Federal Contract Tower,0,29,0,0,29,0,0,6,0,6,0,29,6,0,35,16,0,16,51
10/30/2006,ENA,AK,AAL,WE,Federal Contract Tower,0,47,3,0,50,1,20,9,0,30,1,67,12,0,80,0,0,0,80
10/31/2006,ENA,AK,AAL,WE,Federal Contract Tower,0,33,0,0,33,0,60,13,0,73,0,93,13,0,106,22,18,40,146
11/01/2006,ENA,AK,AAL,WE,Federal Contract Tower,2,36,2,2,42,0,64,13,8,85,2,100,15,10,127,10,26,36,163
11/02/2006,ENA,AK,AAL,WE,Federal Contract Tower,0,25,1,2,28,0,53,18,0,71,0,78,19,2,99,26,8,34,133
11/03/2006,ENA,AK,AAL,WE,Federal Contract Tower,0,17,0,0,17,0,42,25,0,67,0,59,25,0,84,14,36,50,134
11/04/2006,ENA,AK,AAL,WE,Federal Contract Tower,0,8,0,0,8,1,37,27,4,69,1,45,27,4,77,46,0,46,123
11/05/2006,ENA,AK,AAL,WE,Federal Contract Tower,0,10,0,0,10,4,32,26,2,64,4,42,26,2,74,34,0,34,108
11/06/2006,ENA,AK,AAL,WE,Federal Contract Tower,0,13,0,0,13,9,52,24,0,85,9,65,24,0,98,70,48,118,216
11/07/2006,ENA,AK,AAL,WE,Federal Contract Tower,0,9,3,1,13,5,68,11,7,91,5,77,14,8,104,56,14,70,174
11/08/2006,ENA,AK,AAL,WE,Federal Contract Tower,0,19,0,0,19,0,46,27,2,75,0,65,27,2,94,62,34,96,190
11/09/2006,ENA,AK,AAL,WE,Federal Contract Tower,0,19,0,0,19,0,63,11,2,76,0,82,11,2,95,16,4,20,115
11/10/2006,ENA,AK,AAL,WE,Federal Contract Tower,0,14,0,0,14,0,39,13,0,52,0,53,13,0,66,4,0,4,70
11/11/2006,ENA,AK,AAL,WE,Federal Contract Tower,0,10,1,0,11,0,39,31,0,70,0,49,32,0,81,46,0,46,127
11/12/2006,ENA,AK,AAL,WE,Federal Contract Tower,0,21,2,0,23,0,21,20,0,41,0,42,22,0,64,14,0,14,78
11/13/2006,ENA,AK,AAL,WE,Federal Contract Tower,0,12,1,0,13,0,41,2,0,43,0,53,3,0,56,4,16,20,76
11/14/2006,ENA,AK,AAL,WE,Federal Contract Tower,0,23,2,2,27,4,50,18,2,74,4,73,20,4,101,38,62,100,201
11/15/2006,ENA,AK,AAL,WE,Federal Contract Tower,0,25,0,0,25,0,48,4,0,52,0,73,4,0,77,2,0,2,79
11/16/2006,ENA,AK,AAL,WE,Federal Contract Tower,0,26,1,0,27,5,36,15,0,56,5,62,16,0,83,26,0,26,109
11/17/2006,ENA,AK,AAL,WE,Federal Contract Tower,0,24,0,0,24,4,43,36,0,83,4,67,36,0,107,40,0,40,147
11/18/2006,ENA,AK,AAL,WE,Federal Contract Tower,0,5,0,0,5,6,42,28,0,76,6,47,28,0,81,26,0,26,107
11/19/2006,ENA,AK,AAL,WE,Federal Contract Tower,0,8,0,0,8,0,24,6,0,30,0,32,6,0,38,14,0,14,52
11/20/2006,ENA,AK,AAL,WE,Federal Contract Tower,0,20,0,0,20,3,43,12,4,62,3,63,12,4,82,18,50,68,150
11/21/2006,ENA,AK,AAL,WE,Federal Contract Tower,1,21,1,0,23,9,41,25,0,75,10,62,26,0,98,36,8,44,142
11/22/2006,ENA,AK,AAL,WE,Federal Contract Tower,1,25,0,0,26,8,53,20,0,81,9,78,20,0,107,26,6,32,139
11/23/2006,ENA,AK,AAL,WE,Federal Contract Tower,0,4,1,0,5,0,21,8,0,29,0,25,9,0,34,16,0,16,50
11/24/2006,ENA,AK,AAL,WE,Federal Contract Tower,0,11,2,0,13,0,42,15,0,57,0,53,17,0,70,10,4,14,84
11/25/2006,ENA,AK,AAL,WE,Federal Contract Tower,0,10,0,0,10,0,15,30,0,45,0,25,30,0,55,36,0,36,91
11/26/2006,ENA,AK,AAL,WE,Federal Contract Tower,0,10,0,0,10,0,20,9,0,29,0,30,9,0,39,38,0,38,77
11/27/2006,ENA,AK,AAL,WE,Federal Contract Tower,1,26,0,0,27,7,44,7,0,58,8,70,7,0,85,28,4,32,117
11/28/2006,ENA,AK,AAL,WE,Federal Contract Tower,0,22,0,0,22,0,42,22,0,64,0,64,22,0,86,28,14,42,128
11/29/2006,ENA,AK,AAL,WE,Federal Contract Tower,0,26,0,2,28,1,37,12,0,50,1,63,12,2,78,14,10,24,102
11/30/2006,ENA,AK,AAL,WE,Federal Contract Tower,0,33,0,0,33,4,24,2,2,32,4,57,2,2,65,6,2,8,73
12/01/2006,ENA,AK,AAL,WE,Federal Contract Tower,0,30,1,0,31,4,47,7,0,58,4,77,8,0,89,2,8,10,99
12/02/2006,ENA,AK,AAL,WE,Federal Contract Tower,0,9,0,0,9,0,27,14,0,41,0,36,14,0,50,30,0,30,80
12/03/2006,ENA,AK,AAL,WE,Federal Contract Tower,0,19,0,1,20,0,16,2,1,19,0,35,2,2,39,0,0,0,39
12/04/2006,ENA,AK,AAL,WE,Federal Contract Tower,0,18,0,0,18,0,30,8,0,38,0,48,8,0,56,24,0,24,80
12/05/2006,ENA,AK,AAL,WE,Federal Contract Tower,1,24,1,0,26,1,45,5,0,51,2,69,6,0,77,28,46,74,151
12/06/2006,ENA,AK,AAL,WE,Federal Contract Tower,2,16,0,0,18,4,37,12,0,53,6,53,12,0,71,0,0,0,71
12/07/2006,ENA,AK,AAL,WE,Federal Contract Tower,1,14,0,0,15,1,54,0,0,55,2,68,0,0,70,0,0,0,70
12/08/2006,ENA,AK,AAL,WE,Federal Contract Tower,0,31,0,0,31,0,31,5,0,36,0,62,5,0,67,0,0,0,67
12/09/2006,ENA,AK,AAL,WE,Federal Contract Tower,0,16,0,0,16,0,20,6,0,26,0,36,6,0,42,6,0,6,48
12/10/2006,ENA,AK,AAL,WE,Federal Contract Tower,0,8,0,0,8,0,43,24,0,67,0,51,24,0,75,30,0,30,105
12/11/2006,ENA,AK,AAL,WE,Federal Contract Tower,0,13,1,0,14,0,52,15,6,73,0,65,16,6,87,22,4,26,113
12/12/2006,ENA,AK,AAL,WE,Federal Contract Tower,0,36,2,0,38,4,34,3,0,41,4,70,5,0,79,16,0,16,95
12/13/2006,ENA,AK,AAL,WE,Federal Contract Tower,0,26,2,0,28,6,32,14,0,52,6,58,16,0,80,14,0,14,94
12/14/2006,ENA,AK,AAL,WE,Federal Contract Tower,2,40,5,2,49,4,27,1,0,32,6,67,6,2,81,2,0,2,83
12/15/2006,ENA,AK,AAL,WE,Federal Contract Tower,0,26,0,0,26,0,35,14,0,49,0,61,14,0,75,30,26,56,131
12/16/2006,ENA,AK,AAL,WE,Federal Contract Tower,0,16,8,0,24,0,19,0,0,19,0,35,8,0,43,34,0,34,77
12/17/2006,ENA,AK,AAL,WE,Federal Contract Tower,0,23,0,0,23,0,36,4,0,40,0,59,4,0,63,26,0,26,89
12/18/2006,ENA,AK,AAL,WE,Federal Contract Tower,0,37,3,0,40,0,26,0,0,26,0,63,3,0,66,6,36,42,108
12/19/2006,ENA,AK,AAL,WE,Federal Contract Tower,2,25,0,0,27,2,53,11,0,66,4,78,11,0,93,16,0,16,109
12/20/2006,ENA,AK,AAL,WE,Federal Contract Tower,0,43,1,0,44,0,2,2,0,4,0,45,3,0,48,0,0,0,48
12/21/2006,ENA,AK,AAL,WE,Federal Contract Tower,0,34,2,0,36,0,41,0,0,41,0,75,2,0,77,4,0,4,81
12/22/2006,ENA,AK,AAL,WE,Federal Contract Tower,0,21,1,0,22,0,39,3,0,42,0,60,4,0,64,6,0,6,70
12/23/2006,ENA,AK,AAL,WE,Federal Contract Tower,0,29,2,0,31,0,0,0,0,0,0,29,2,0,31,0,0,0,31
12/24/2006,ENA,AK,AAL,WE,Federal Contract Tower,0,28,2,0,30,0,12,0,0,12,0,40,2,0,42,0,0,0,42
12/25/2006,ENA,AK,AAL,WE,Federal Contract Tower,0,6,0,0,6,0,15,6,0,21,0,21,6,0,27,4,0,4,31
12/26/2006,ENA,AK,AAL,WE,Federal Contract Tower,0,38,0,0,38,2,22,9,0,33,2,60,9,0,71,0,0,0,71
12/27/2006,ENA,AK,AAL,WE,Federal Contract Tower,0,22,0,0,22,0,24,4,0,28,0,46,4,0,50,4,0,4,54
12/28/2006,ENA,AK,AAL,WE,Federal Contract Tower,0,28,0,0,28,4,39,17,0,60,4,67,17,0,88,32,0,32,120
12/29/2006,ENA,AK,AAL,WE,Federal Contract Tower,2,34,0,0,36,0,17,4,0,21,2,51,4,0,57,0,4,4,61
12/30/2006,ENA,AK,AAL,WE,Federal Contract Tower,2,20,0,0,22,1,8,8,0,17,3,28,8,0,39,0,0,0,39
12/31/2006,ENA,AK,AAL,WE,Federal Contract Tower,0,24,0,0,24,0,17,9,0,26,0,41,9,0,50,18,0,18,68
01/01/2007,ENA,AK,AAL,WE,Federal Contract Tower,0,8,0,0,8,0,15,7,0,22,0,23,7,0,30,2,0,2,32
01/02/2007,ENA,AK,AAL,WE,Federal Contract Tower,0,32,0,0,32,1,28,5,0,34,1,60,5,0,66,8,0,8,74
01/03/2007,ENA,AK,AAL,WE,Federal Contract Tower,4,38,0,0,42,0,2,3,0,5,4,40,3,0,47,2,0,2,49
01/04/2007,ENA,AK,AAL,WE,Federal Contract Tower,2,34,4,0,40,2,34,0,0,36,4,68,4,0,76,0,6,6,82
01/05/2007,ENA,AK,AAL,WE,Federal Contract Tower,2,34,2,3,41,4,14,0,1,19,6,48,2,4,60,4,42,46,106
01/06/2007,ENA,AK,AAL,WE,Federal Contract Tower,5,33,0,0,38,1,24,7,0,32,6,57,7,0,70,0,0,0,70
01/07/2007,ENA,AK,AAL,WE,Federal Contract Tower,0,2,0,0,2,44,0,0,0,44,44,2,0,0,46,10,0,10,56
01/08/2007,ENA,AK,AAL,WE,Federal Contract Tower,0,25,0,0,25,2,36,7,0,45,2,61,7,0,70,14,24,38,108
01/09/2007,ENA,AK,AAL,WE,Federal Contract Tower,0,34,0,3,37,0,30,7,2,39,0,64,7,5,76,0,10,10,86
01/10/2007,ENA,AK,AAL,WE,Federal Contract Tower,2,34,0,2,38,0,12,3,1,16,2,46,3,3,54,0,0,0,54
01/11/2007,ENA,AK,AAL,WE,Federal Contract Tower,2,33,0,0,35,0,6,0,0,6,2,39,0,0,41,0,0,0,41
01/12/2007,ENA,AK,AAL,WE,Federal Contract Tower,0,21,1,0,22,8,49,15,2,74,8,70,16,2,96,14,0,14,110
01/13/2007,ENA,AK,AAL,WE,Federal Contract Tower,0,13,0,0,13,0,26,23,0,49,0,39,23,0,62,38,0,38,100
01/14/2007,ENA,AK,AAL,WE,Federal Contract Tower,0,21,0,0,21,0,17,24,0,41,0,38,24,0,62,44,0,44,106
01/15/2007,ENA,AK,AAL,WE,Federal Contract Tower,2,22,2,0,26,2,39,17,0,58,4,61,19,0,84,38,0,38,122
01/16/2007,ENA,AK,AAL,WE,Federal Contract Tower,2,39,0,0,41,4,14,10,0,28,6,53,10,0,69,16,28,44,113
01/17/2007,ENA,AK,AAL,WE,Federal Contract Tower,2,34,4,0,40,1,20,8,2,31,3,54,12,2,71,16,12,28,99
01/18/2007,ENA,AK,AAL,WE,Federal Contract Tower,0,34,2,0,36,0,33,5,4,42,0,67,7,4,78,22,14,36,114
01/19/2007,ENA,AK,AAL,WE,Federal Contract Tower,0,30,2,0,32,0,28,6,0,34,0,58,8,0,66,2,4,6,72
01/20/2007,ENA,AK,AAL,WE,Federal Contract Tower,0,15,0,0,15,0,24,8,0,32,0,39,8,0,47,24,6,30,77
01/21/2007,ENA,AK,AAL,WE,Federal Contract Tower,0,19,0,0,19,0,27,7,0,34,0,46,7,0,53,16,0,16,69
01/22/2007,ENA,AK,AAL,WE,Federal Contract Tower,0,21,1,2,24,0,46,10,8,64,0,67,11,10,88,38,42,80,168
01/23/2007,ENA,AK,AAL,WE,Federal Contract Tower,0,31,0,2,33,0,16,1,0,17,0,47,1,2,50,0,12,12,62
01/24/2007,ENA,AK,AAL,WE,Federal Contract Tower,0,24,2,2,28,1,33,4,0,38,1,57,6,2,66,20,56,76,142
01/25/2007,ENA,AK,AAL,WE,Federal Contract Tower,0,39,0,0,39,0,5,0,0,5,0,44,0,0,44,0,0,0,44
01/26/2007,ENA,AK,AAL,WE,Federal Contract Tower,0,23,1,0,24,2,32,7,0,41,2,55,8,0,65,16,0,16,81
01/27/2007,ENA,AK,AAL,WE,Federal Contract Tower,0,14,1,0,15,0,21,4,0,25,0,35,5,0,40,20,0,20,60
01/28/2007,ENA,AK,AAL,WE,Federal Contract Tower,0,11,0,0,11,0,27,9,0,36,0,38,9,0,47,14,0,14,61
01/29/2007,ENA,AK,AAL,WE,Federal Contract Tower,0,19,1,0,20,4,33,4,0,41,4,52,5,0,61,22,20,42,103
01/30/2007,ENA,AK,AAL,WE,Federal Contract Tower,0,22,2,0,24,2,33,18,2,55,2,55,20,2,79,44,18,62,141
01/31/2007,ENA,AK,AAL,WE,Federal Contract Tower,0,17,2,0,19,0,43,26,8,77,0,60,28,8,96,48,64,112,208
02/01/2007,ENA,AK,AAL,WE,Federal Contract Tower,0,17,0,0,17,4,44,9,0,57,4,61,9,0,74,28,8,36,110
02/02/2007,ENA,AK,AAL,WE,Federal Contract Tower,0,11,0,0,11,0,50,23,0,73,0,61,23,0,84,6,10,16,100
02/03/2007,ENA,AK,AAL,WE,Federal Contract Tower,0,9,4,0,13,8,34,26,0,68,8,43,30,0,81,46,0,46,127
02/05/2007,ENA,AK,AAL,WE,Federal Contract Tower,0,18,0,0,18,0,34,11,2,47,0,52,11,2,65,34,2,36,101
02/06/2007,ENA,AK,AAL,WE,Federal Contract Tower,0,20,1,0,21,1,42,3,0,46,1,62,4,0,67,20,18,38,105
02/07/2007,ENA,AK,AAL,WE,Federal Contract Tower,0,29,0,0,29,0,28,1,2,31,0,57,1,2,60,22,20,42,102
02/08/2007,ENA,AK,AAL,WE,Federal Contract Tower,0,29,2,0,31,1,35,4,0,40,1,64,6,0,71,8,24,32,103
02/09/2007,ENA,AK,AAL,WE,Federal Contract Tower,4,32,0,0,36,2,33,6,0,41,6,65,6,0,77,14,2,16,93
02/10/2007,ENA,AK,AAL,WE,Federal Contract Tower,5,15,0,0,20,1,16,12,0,29,6,31,12,0,49,22,0,22,71
02/11/2007,ENA,AK,AAL,WE,Federal Contract Tower,0,29,1,0,30,0,6,8,0,14,0,35,9,0,44,28,4,32,76
02/12/2007,ENA,AK,AAL,WE,Federal Contract Tower,4,21,2,3,30,3,33,12,1,49,7,54,14,4,79,28,24,52,131
02/13/2007,ENA,AK,AAL,WE,Federal Contract Tower,1,27,0,0,28,0,25,4,2,31,1,52,4,2,59,0,36,36,95
02/14/2007,ENA,AK,AAL,WE,Federal Contract Tower,0,26,0,2,28,0,42,7,2,51,0,68,7,4,79,10,82,92,171
02/15/2007,ENA,AK,AAL,WE,Federal Contract Tower,0,22,2,0,24,0,60,11,0,71,0,82,13,0,95,4,20,24,119
02/16/2007,ENA,AK,AAL,WE,Federal Contract Tower,1,35,2,0,38,0,27,13,0,40,1,62,15,0,78,40,0,40,118
02/17/2007,ENA,AK,AAL,WE,Federal Contract Tower,0,19,1,0,20,0,11,18,0,29,0,30,19,0,49,36,0,36,85
02/18/2007,ENA,AK,AAL,WE,Federal Contract Tower,0,19,1,0,20,0,23,10,0,33,0,42,11,0,53,28,0,28,81
02/19/2007,ENA,AK,AAL,WE,Federal Contract Tower,0,19,0,0,19,0,37,3,0,40,0,56,3,0,59,12,0,12,71
02/20/2007,ENA,AK,AAL,WE,Federal Contract Tower,0,17,3,0,20,8,35,7,0,50,8,52,10,0,70,30,22,52,122
02/21/2007,ENA,AK,AAL,WE,Federal Contract Tower,0,22,3,0,25,4,38,5,0,47,4,60,8,0,72,26,30,56,128
02/22/2007,ENA,AK,AAL,WE,Federal Contract Tower,0,11,3,1,15,6,59,4,1,70,6,70,7,2,85,20,30,50,135
02/23/2007,ENA,AK,AAL,WE,Federal Contract Tower,0,13,3,2,18,8,36,23,10,77,8,49,26,12,95,74,24,98,193
02/24/2007,ENA,AK,AAL,WE,Federal Contract Tower,0,9,0,0,9,0,25,32,0,57,0,34,32,0,66,16,0,16,82
02/25/2007,ENA,AK,AAL,WE,Federal Contract Tower,0,12,0,0,12,0,28,12,0,40,0,40,12,0,52,12,14,26,78
02/26/2007,ENA,AK,AAL,WE,Federal Contract Tower,0,21,0,2,23,8,40,11,16,75,8,61,11,18,98,24,12,36,134
02/27/2007,ENA,AK,AAL,WE,Federal Contract Tower,0,16,0,0,16,6,38,12,4,60,6,54,12,4,76,48,32,80,156
02/28/2007,ENA,AK,AAL,WE,Federal Contract Tower,0,22,0,0,22,6,56,20,4,86,6,78,20,4,108,50,18,68,176
03/01/2007,ENA,AK,AAL,WE,Federal Contract Tower,0,14,0,0,14,6,30,3,0,39,6,44,3,0,53,0,20,20,73
03/02/2007,ENA,AK,AAL,WE,Federal Contract Tower,0,12,0,0,12,6,46,7,0,59,6,58,7,0,71,2,12,14,85
03/03/2007,ENA,AK,AAL,WE,Federal Contract Tower,0,5,3,0,8,0,40,24,0,64,0,45,27,0,72,44,0,44,116
03/04/2007,ENA,AK,AAL,WE,Federal Contract Tower,0,4,1,0,5,0,38,16,5,59,0,42,17,5,64,32,12,44,108
03/05/2007,ENA,AK,AAL,WE,Federal Contract Tower,1,13,0,0,14,10,57,9,0,76,11,70,9,0,90,20,28,48,138
03/06/2007,ENA,AK,AAL,WE,Federal Contract Tower,1,14,0,1,16,19,52,10,11,92,20,66,10,12,108,26,66,92,200
03/07/2007,ENA,AK,AAL,WE,Federal Contract Tower,4,41,0,0,45,0,0,0,0,0,4,41,0,0,45,0,2,2,47
03/08/2007,ENA,AK,AAL,WE,Federal Contract Tower,1,25,2,1,29,5,43,6,5,59,6,68,8,6,88,24,4,28,116
03/09/2007,ENA,AK,AAL,WE,Federal Contract Tower,0,10,2,0,12,6,52,12,2,72,6,62,14,2,84,46,2,48,132
03/10/2007,ENA,AK,AAL,WE,Federal Contract Tower,0,4,0,0,4,0,32,23,2,57,0,36,23,2,61,44,20,64,125
03/11/2007,ENA,AK,AAL,WE,Federal Contract Tower,0,11,0,0,11,0,23,15,2,40,0,34,15,2,51,40,8,48,99
03/12/2007,ENA,AK,AAL,WE,Federal Contract Tower,3,18,0,0,21,12,31,27,0,70,15,49,27,0,91,52,48,100,191
03/13/2007,ENA,AK,AAL,WE,Federal Contract Tower,0,22,0,2,24,6,38,8,0,52,6,60,8,2,76,14,36,50,126
03/14/2007,ENA,AK,AAL,WE,Federal Contract Tower,0,16,2,0,18,0,46,8,0,54,0,62,10,0,72,46,0,46,118
03/15/2007,ENA,AK,AAL,WE,Federal Contract Tower,0,20,0,2,22,10,45,15,4,74,10,65,15,6,96,30,42,72,168
03/16/2007,ENA,AK,AAL,WE,Federal Contract Tower,0,14,0,2,16,6,48,24,0,78,6,62,24,2,94,64,24,88,182
03/17/2007,ENA,AK,AAL,WE,Federal Contract Tower,0,7,0,0,7,0,21,29,0,50,0,28,29,0,57,30,0,30,87
03/18/2007,ENA,AK,AAL,WE,Federal Contract Tower,0,11,0,0,11,0,16,21,0,37,0,27,21,0,48,38,0,38,86
03/19/2007,ENA,AK,AAL,WE,Federal Contract Tower,1,21,1,1,24,12,42,33,9,96,13,63,34,10,120,118,54,172,292
03/20/2007,ENA,AK,AAL,WE,Federal Contract Tower,3,24,1,0,28,3,28,17,4,52,6,52,18,4,80,46,32,78,158
03/21/2007,ENA,AK,AAL,WE,Federal Contract Tower,0,30,6,4,40,2,20,14,0,36,2,50,20,4,76,20,16,36,112
03/22/2007,ENA,AK,AAL,WE,Federal Contract Tower,0,15,0,0,15,0,59,8,6,73,0,74,8,6,88,68,20,88,176
03/23/2007,ENA,AK,AAL,WE,Federal Contract Tower,0,19,0,0,19,2,31,9,0,42,2,50,9,0,61,22,4,26,87
03/24/2007,ENA,AK,AAL,WE,Federal Contract Tower,0,25,0,0,25,4,10,20,0,34,4,35,20,0,59,24,0,24,83
03/25/2007,ENA,AK,AAL,WE,Federal Contract Tower,0,19,0,0,19,0,26,25,0,51,0,45,25,0,70,54,10,64,134
03/26/2007,ENA,AK,AAL,WE,Federal Contract Tower,0,23,2,2,27,0,29,4,0,33,0,52,6,2,60,4,26,30,90
03/27/2007,ENA,AK,AAL,WE,Federal Contract Tower,0,22,1,0,23,4,37,7,4,52,4,59,8,4,75,14,24,38,113
03/28/2007,ENA,AK,AAL,WE,Federal Contract Tower,0,25,1,0,26,8,46,21,4,79,8,71,22,4,105,34,28,62,167
03/29/2007,ENA,AK,AAL,WE,Federal Contract Tower,0,16,2,0,18,8,30,25,0,63,8,46,27,0,81,24,8,32,113
03/30/2007,ENA,AK,AAL,WE,Federal Contract Tower,0,5,2,0,7,2,53,29,4,88,2,58,31,4,95,40,4,44,139
03/31/2007,ENA,AK,AAL,WE,Federal Contract Tower,0,4,1,0,5,0,29,53,2,84,0,33,54,2,89,50,4,54,143
04/01/2007,ENA,AK,AAL,WE,Federal Contract Tower,0,10,0,0,10,0,16,21,2,39,0,26,21,2,49,30,2,32,81
04/02/2007,ENA,AK,AAL,WE,Federal Contract Tower,0,13,0,0,13,0,43,13,0,56,0,56,13,0,69,22,10,32,101
04/03/2007,ENA,AK,AAL,WE,Federal Contract Tower,0,14,1,0,15,6,38,7,4,55,6,52,8,4,70,26,40,66,136
04/04/2007,ENA,AK,AAL,WE,Federal Contract Tower,0,17,0,0,17,10,49,24,0,83,10,66,24,0,100,16,58,74,174
04/05/2007,ENA,AK,AAL,WE,Federal Contract Tower,0,25,2,0,27,4,45,10,0,59,4,70,12,0,86,16,6,22,108
04/06/2007,ENA,AK,AAL,WE,Federal Contract Tower,0,22,5,0,27,0,30,14,0,44,0,52,19,0,71,32,0,32,103
04/07/2007,ENA,AK,AAL,WE,Federal Contract Tower,0,15,0,0,15,0,20,23,0,43,0,35,23,0,58,18,0,18,76
04/08/2007,ENA,AK,AAL,WE,Federal Contract Tower,0,12,0,0,12,0,20,10,0,30,0,32,10,0,42,0,0,0,42
04/09/2007,ENA,AK,AAL,WE,Federal Contract Tower,2,18,3,0,23,4,46,8,0,58,6,64,11,0,81,2,0,2,83
04/10/2007,ENA,AK,AAL,WE,Federal Contract Tower,4,27,0,0,31,2,36,19,0,57,6,63,19,0,88,10,0,10,98
04/11/2007,ENA,AK,AAL,WE,Federal Contract Tower,0,30,0,0,30,6,35,18,0,59,6,65,18,0,89,14,2,16,105
04/12/2007,ENA,AK,AAL,WE,Federal Contract Tower,0,15,0,1,16,6,49,24,1,80,6,64,24,2,96,30,8,38,134
04/13/2007,ENA,AK,AAL,WE,Federal Contract Tower,0,13,0,0,13,3,45,30,0,78,3,58,30,0,91,38,2,40,131
04/14/2007,ENA,AK,AAL,WE,Federal Contract Tower,2,18,0,0,20,14,20,13,0,47,16,38,13,0,67,64,0,64,131
04/15/2007,ENA,AK,AAL,WE,Federal Contract Tower,5,8,0,0,13,13,31,23,0,67,18,39,23,0,80,22,4,26,106
04/16/2007,ENA,AK,AAL,WE,Federal Contract Tower,1,21,1,0,23,2,54,51,0,107,3,75,52,0,130,108,14,122,252
04/17/2007,ENA,AK,AAL,WE,Federal Contract Tower,4,19,2,0,25,16,47,48,0,111,20,66,50,0,136,100,28,128,264
04/18/2007,ENA,AK,AAL,WE,Federal Contract Tower,1,19,3,0,23,2,39,25,0,66,3,58,28,0,89,34,48,82,171
04/19/2007,ENA,AK,AAL,WE,Federal Contract Tower,1,22,1,0,24,1,40,15,2,58,2,62,16,2,82,34,10,44,126
04/20/2007,ENA,AK,AAL,WE,Federal Contract Tower,0,20,1,0,21,0,34,33,0,67,0,54,34,0,88,56,0,56,144
04/21/2007,ENA,AK,AAL,WE,Federal Contract Tower,0,10,0,0,10,2,32,23,0,57,2,42,23,0,67,56,0,56,123
04/22/2007,ENA,AK,AAL,WE,Federal Contract Tower,0,10,1,0,11,0,31,17,0,48,0,41,18,0,59,30,0,30,89
04/23/2007,ENA,AK,AAL,WE,Federal Contract Tower,4,19,0,0,23,1,33,18,0,52,5,52,18,0,75,32,38,70,145
04/24/2007,ENA,AK,AAL,WE,Federal Contract Tower,4,24,1,0,29,2,46,18,0,66,6,70,19,0,95,22,20,42,137
04/25/2007,ENA,AK,AAL,WE,Federal Contract Tower,0,26,1,0,27,0,32,21,0,53,0,58,22,0,80,50,38,88,168
04/26/2007,ENA,AK,AAL,WE,Federal Contract Tower,0,13,1,3,17,8,58,36,2,104,8,71,37,5,121,51,28,79,200
04/27/2007,ENA,AK,AAL,WE,Federal Contract Tower,1,19,1,0,21,14,39,26,0,79,15,58,27,0,100,74,0,74,174
04/28/2007,ENA,AK,AAL,WE,Federal Contract Tower,0,13,4,0,17,0,28,46,0,74,0,41,50,0,91,42,0,42,133
04/29/2007,ENA,AK,AAL,WE,Federal Contract Tower,0,10,0,0,10,0,28,26,0,54,0,38,26,0,64,14,0,14,78
04/30/2007,ENA,AK,AAL,WE,Federal Contract Tower,0,18,3,0,21,5,25,24,4,58,5,43,27,4,79,82,44,126,205
05/01/2007,ENA,AK,AAL,WE,Federal Contract Tower,1,19,0,0,20,7,38,23,0,68,8,57,23,0,88,34,72,106,194
05/02/2007,ENA,AK,AAL,WE,Federal Contract Tower,0,26,3,0,29,6,52,23,0,81,6,78,26,0,110,64,38,102,212
05/03/2007,ENA,AK,AAL,WE,Federal Contract Tower,1,22,0,0,23,3,59,48,0,110,4,81,48,0,133,86,22,108,241
05/04/2007,ENA,AK,AAL,WE,Federal Contract Tower,0,11,2,0,13,4,51,35,0,90,4,62,37,0,103,46,4,50,153
05/05/2007,ENA,AK,AAL,WE,Federal Contract Tower,0,9,0,0,9,0,32,36,0,68,0,41,36,0,77,62,0,62,139
05/06/2007,ENA,AK,AAL,WE,Federal Contract Tower,0,5,3,0,8,0,35,21,0,56,0,40,24,0,64,34,0,34,98
05/07/2007,ENA,AK,AAL,WE,Federal Contract Tower,1,30,8,0,39,3,50,47,0,100,4,80,55,0,139,72,2,74,213
05/08/2007,ENA,AK,AAL,WE,Federal Contract Tower,0,23,0,3,26,8,50,44,7,109,8,73,44,10,135,100,32,132,267
05/09/2007,ENA,AK,AAL,WE,Federal Contract Tower,1,22,4,3,30,7,58,48,3,116,8,80,52,6,146,86,56,142,288
05/10/2007,ENA,AK,AAL,WE,Federal Contract Tower,1,12,2,1,16,3,69,36,1,109,4,81,38,2,125,98,54,152,277
05/11/2007,ENA,AK,AAL,WE,Federal Contract Tower,0,11,1,0,12,8,71,36,0,115,8,82,37,0,127,86,22,108,235
05/12/2007,ENA,AK,AAL,WE,Federal Contract Tower,0,9,0,0,9,0,30,38,0,68,0,39,38,0,77,56,0,56,133
05/13/2007,ENA,AK,AAL,WE,Federal Contract Tower,0,8,0,0,8,0,34,16,0,50,0,42,16,0,58,12,0,12,70
05/14/2007,ENA,AK,AAL,WE,Federal Contract Tower,2,21,0,0,23,5,48,10,2,65,7,69,10,2,88,62,62,124,212
05/15/2007,ENA,AK,AAL,WE,Federal Contract Tower,0,22,0,0,22,8,48,32,6,94,8,70,32,6,116,70,24,94,210
05/16/2007,ENA,AK,AAL,WE,Federal Contract Tower,1,29,0,0,30,5,48,32,0,85,6,77,32,0,115,44,38,82,197
05/17/2007,ENA,AK,AAL,WE,Federal Contract Tower,0,23,0,1,24,10,45,18,15,88,10,68,18,16,112,64,72,136,248
05/18/2007,ENA,AK,AAL,WE,Federal Contract Tower,0,17,1,0,18,2,64,32,0,98,2,81,33,0,116,44,16,60,176
05/19/2007,ENA,AK,AAL,WE,Federal Contract Tower,0,4,2,0,6,0,43,119,10,172,0,47,121,10,178,40,8,48,226
05/20/2007,ENA,AK,AAL,WE,Federal Contract Tower,0,16,1,0,17,0,50,45,0,95,0,66,46,0,112,50,0,50,162
05/21/2007,ENA,AK,AAL,WE,Federal Contract Tower,0,18,1,0,19,5,58,17,0,80,5,76,18,0,99,28,40,68,167
05/22/2007,ENA,AK,AAL,WE,Federal Contract Tower,6,26,0,0,32,0,40,20,2,62,6,66,20,2,94,36,72,108,202
05/23/2007,ENA,AK,AAL,WE,Federal Contract Tower,0,37,0,0,37,0,38,18,0,56,0,75,18,0,93,8,56,64,157
05/24/2007,ENA,AK,AAL,WE,Federal Contract Tower,0,31,2,0,33,0,34,26,0,60,0,65,28,0,93,62,46,108,201
05/25/2007,ENA,AK,AAL,WE,Federal Contract Tower,2,21,0,0,23,0,50,21,0,71,2,71,21,0,94,32,0,32,126
05/26/2007,ENA,AK,AAL,WE,Federal Contract Tower,0,8,3,0,11,0,36,17,0,53,0,44,20,0,64,28,0,28,92
05/27/2007,ENA,AK,AAL,WE,Federal Contract Tower,0,16,0,0,16,0,31,24,0,55,0,47,24,0,71,10,0,10,81
05/28/2007,ENA,AK,AAL,WE,Federal Contract Tower,0,25,0,0,25,0,30,21,0,51,0,55,21,0,76,10,0,10,86
05/29/2007,ENA,AK,AAL,WE,Federal Contract Tower,0,32,0,0,32,0,25,18,0,43,0,57,18,0,75,8,28,36,111
05/30/2007,ENA,AK,AAL,WE,Federal Contract Tower,0,33,0,1,34,0,24,22,1,47,0,57,22,2,81,20,44,64,145
05/31/2007,ENA,AK,AAL,WE,Federal Contract Tower,0,39,2,0,41,0,33,16,0,49,0,72,18,0,90,44,36,80,170
06/01/2007,ENA,AK,AAL,WE,Federal Contract Tower,0,11,5,0,16,0,39,18,0,57,0,50,23,0,73,54,0,54,127
06/02/2007,ENA,AK,AAL,WE,Federal Contract Tower,0,20,0,0,20,0,25,21,0,46,0,45,21,0,66,20,0,20,86
06/03/2007,ENA,AK,AAL,WE,Federal Contract Tower,0,17,0,0,17,0,20,28,0,48,0,37,28,0,65,22,0,22,87
06/04/2007,ENA,AK,AAL,WE,Federal Contract Tower,2,22,2,1,27,2,42,12,1,57,4,64,14,2,84,10,28,38,122
06/05/2007,ENA,AK,AAL,WE,Federal Contract Tower,1,30,2,1,34,1,31,16,1,49,2,61,18,2,83,38,14,52,135
06/06/2007,ENA,AK,AAL,WE,Federal Contract Tower,0,12,3,0,15,2,59,20,4,85,2,71,23,4,100,8,12,20,120
06/07/2007,ENA,AK,AAL,WE,Federal Contract Tower,0,24,0,0,24,0,52,17,0,69,0,76,17,0,93,22,32,54,147
06/08/2007,ENA,AK,AAL,WE,Federal Contract Tower,0,18,0,0,18,0,54,16,0,70,0,72,16,0,88,28,0,28,116
06/09/2007,ENA,AK,AAL,WE,Federal Contract Tower,0,16,1,0,17,0,27,15,0,42,0,43,16,0,59,40,0,40,99
06/10/2007,ENA,AK,AAL,WE,Federal Contract Tower,0,7,1,0,8,0,43,26,0,69,0,50,27,0,77,2,0,2,79
06/11/2007,ENA,AK,AAL,WE,Federal Contract Tower,1,28,0,0,29,5,45,17,0,67,6,73,17,0,96,2,0,2,98
06/12/2007,ENA,AK,AAL,WE,Federal Contract Tower,0,38,1,0,39,16,40,19,0,75,16,78,20,0,114,2,0,2,116
06/13/2007,ENA,AK,AAL,WE,Federal Contract Tower,2,32,3,0,37,5,56,20,0,81,7,88,23,0,118,26,2,28,146
06/14/2007,ENA,AK,AAL,WE,Federal Contract Tower,0,22,0,0,22,0,60,36,0,96,0,82,36,0,118,8,0,8,126
06/15/2007,ENA,AK,AAL,WE,Federal Contract Tower,0,19,0,0,19,3,49,30,0,82,3,68,30,0,101,32,0,32,133
06/16/2007,ENA,AK,AAL,WE,Federal Contract Tower,1,21,0,0,22,2,25,35,0,62,3,46,35,0,84,44,0,44,128
06/17/2007,ENA,AK,AAL,WE,Federal Contract Tower,0,13,1,0,14,0,36,32,0,68,0,49,33,0,82,46,0,46,128
06/18/2007,ENA,AK,AAL,WE,Federal Contract Tower,1,16,1,0,18,0,48,25,0,73,1,64,26,0,91,22,0,22,113
06/19/2007,ENA,AK,AAL,WE,Federal Contract Tower,3,17,2,0,22,18,71,22,0,111,21,88,24,0,133,20,2,22,155
06/20/2007,ENA,AK,AAL,WE,Federal Contract Tower,4,20,2,0,26,19,64,34,0,117,23,84,36,0,143,18,0,18,161
06/21/2007,ENA,AK,AAL,WE,Federal Contract Tower,1,21,0,0,22,25,57,32,0,114,26,78,32,0,136,36,0,36,172
06/22/2007,ENA,AK,AAL,WE,Federal Contract Tower,2,36,1,0,39,17,36,23,0,76,19,72,24,0,115,20,0,20,135
06/23/2007,ENA,AK,AAL,WE,Federal Contract Tower,3,27,0,0,30,27,17,31,0,75,30,44,31,0,105,30,0,30,135
06/24/2007,ENA,AK,AAL,WE,Federal Contract Tower,0,34,4,0,38,4,21,29,0,54,4,55,33,0,92,26,0,26,118
06/25/2007,ENA,AK,AAL,WE,Federal Contract Tower,0,32,5,0,37,0,40,16,0,56,0,72,21,0,93,18,0,18,111
06/26/2007,ENA,AK,AAL,WE,Federal Contract Tower,0,22,0,0,22,4,52,36,0,92,4,74,36,0,114,50,0,50,164
06/27/2007,ENA,AK,AAL,WE,Federal Contract Tower,4,20,4,0,28,3,66,46,0,115,7,86,50,0,143,14,0,14,157
06/28/2007,ENA,AK,AAL,WE,Federal Contract Tower,1,17,2,0,20,3,59,33,0,95,4,76,35,0,115,68,0,68,183
06/29/2007,ENA,AK,AAL,WE,Federal Contract Tower,1,16,4,0,21,2,61,35,0,98,3,77,39,0,119,36,0,36,155
06/30/2007,ENA,AK,AAL,WE,Federal Contract Tower,2,12,2,0,16,2,44,42,0,88,4,56,44,0,104,34,0,34,138
07/01/2007,ENA,AK,AAL,WE,Federal Contract Tower,0,48,1,0,49,2,9,31,0,42,2,57,32,0,91,6,0,6,97
07/02/2007,ENA,AK,AAL,WE,Federal Contract Tower,5,39,8,0,52,6,38,15,0,59,11,77,23,0,111,24,0,24,135
07/03/2007,ENA,AK,AAL,WE,Federal Contract Tower,1,28,0,0,29,4,52,22,0,78,5,80,22,0,107,0,0,0,107
07/04/2007,ENA,AK,AAL,WE,Federal Contract Tower,5,28,2,0,35,2,38,26,0,66,7,66,28,0,101,18,0,18,119
07/05/2007,ENA,AK,AAL,WE,Federal Contract Tower,2,38,11,0,51,0,33,21,0,54,2,71,32,0,105,4,0,4,109
07/06/2007,ENA,AK,AAL,WE,Federal Contract Tower,5,27,4,0,36,4,40,41,0,85,9,67,45,0,121,8,0,8,129
07/07/2007,ENA,AK,AAL,WE,Federal Contract Tower,4,20,0,0,24,0,36,43,0,79,4,56,43,0,103,10,0,10,113
07/08/2007,ENA,AK,AAL,WE,Federal Contract Tower,6,15,5,0,26,2,35,42,0,79,8,50,47,0,105,14,0,14,119
07/09/2007,ENA,AK,AAL,WE,Federal Contract Tower,8,25,3,0,36,7,34,17,0,58,15,59,20,0,94,14,0,14,108
07/10/2007,ENA,AK,AAL,WE,Federal Contract Tower,3,23,2,2,30,3,55,30,0,88,6,78,32,2,118,6,0,6,124
07/11/2007,ENA,AK,AAL,WE,Federal Contract Tower,4,30,4,0,38,6,46,21,0,73,10,76,25,0,111,42,0,42,153
07/12/2007,ENA,AK,AAL,WE,Federal Contract Tower,11,51,6,0,68,2,38,13,0,53,13,89,19,0,121,2,0,2,123
07/13/2007,ENA,AK,AAL,WE,Federal Contract Tower,3,42,2,0,47,4,33,15,0,52,7,75,17,0,99,26,0,26,125
07/14/2007,ENA,AK,AAL,WE,Federal Contract Tower,2,21,3,0,26,0,33,46,0,79,2,54,49,0,105,8,0,8,113
07/15/2007,ENA,AK,AAL,WE,Federal Contract Tower,2,29,3,0,34,0,32,32,0,64,2,61,35,0,98,12,0,12,110
07/16/2007,ENA,AK,AAL,WE,Federal Contract Tower,1,22,2,0,25,5,55,30,0,90,6,77,32,0,115,36,0,36,151
07/17/2007,ENA,AK,AAL,WE,Federal Contract Tower,0,11,1,0,12,8,83,49,0,140,8,94,50,0,152,36,0,36,188
07/18/2007,ENA,AK,AAL,WE,Federal Contract Tower,0,32,6,0,38,2,48,36,0,86,2,80,42,0,124,52,0,52,176
07/19/2007,ENA,AK,AAL,WE,Federal Contract Tower,2,24,0,0,26,4,61,45,0,110,6,85,45,0,136,16,0,16,152
07/20/2007,ENA,AK,AAL,WE,Federal Contract Tower,1,21,1,0,23,0,50,73,0,123,1,71,74,0,146,44,0,44,190
07/21/2007,ENA,AK,AAL,WE,Federal Contract Tower,0,9,2,0,11,0,46,44,0,90,0,55,46,0,101,24,0,24,125
07/22/2007,ENA,AK,AAL,WE,Federal Contract Tower,0,56,14,0,70,0,5,17,0,22,0,61,31,0,92,4,0,4,96
07/23/2007,ENA,AK,AAL,WE,Federal Contract Tower,0,48,7,0,55,0,20,15,0,35,0,68,22,0,90,6,0,6,96
07/24/2007,ENA,AK,AAL,WE,Federal Contract Tower,1,30,1,0,32,1,44,31,0,76,2,74,32,0,108,102,0,102,210
07/25/2007,ENA,AK,AAL,WE,Federal Contract Tower,0,34,6,0,40,1,54,24,0,79,1,88,30,0,119,10,0,10,129
07/26/2007,ENA,AK,AAL,WE,Federal Contract Tower,0,14,0,0,14,1,77,37,0,115,1,91,37,0,129,8,0,8,137
07/27/2007,ENA,AK,AAL,WE,Federal Contract Tower,0,49,3,0,52,5,29,56,0,90,5,78,59,0,142,22,0,22,164
07/28/2007,ENA,AK,AAL,WE,Federal Contract Tower,0,13,3,0,16,0,43,61,0,104,0,56,64,0,120,26,0,26,146
07/29/2007,ENA,AK,AAL,WE,Federal Contract Tower,0,10,3,0,13,0,48,40,0,88,0,58,43,0,101,30,2,32,133
07/30/2007,ENA,AK,AAL,WE,Federal Contract Tower,2,48,9,0,59,0,20,19,0,39,2,68,28,0,98,2,0,2,100
07/31/2007,ENA,AK,AAL,WE,Federal Contract Tower,0,59,9,0,68,0,0,7,0,7,0,59,16,0,75,2,0,2,77
08/01/2007,ENA,AK,AAL,WE,Federal Contract Tower,0,31,1,0,32,7,61,34,0,102,7,92,35,0,134,22,0,22,156
08/02/2007,ENA,AK,AAL,WE,Federal Contract Tower,8,34,5,0,47,4,42,16,0,62,12,76,21,0,109,2,4,6,115
08/03/2007,ENA,AK,AAL,WE,Federal Contract Tower,3,23,2,0,28,3,50,21,0,74,6,73,23,0,102,12,0,12,114
08/04/2007,ENA,AK,AAL,WE,Federal Contract Tower,10,38,5,0,53,1,22,65,0,88,11,60,70,0,141,0,0,0,141
08/05/2007,ENA,AK,AAL,WE,Federal Contract Tower,0,38,8,0,46,0,15,15,0,30,0,53,23,0,76,0,0,0,76
08/06/2007,ENA,AK,AAL,WE,Federal Contract Tower,1,26,3,0,30,9,53,33,0,95,10,79,36,0,125,12,4,16,141
08/07/2007,ENA,AK,AAL,WE,Federal Contract Tower,4,23,1,0,28,5,49,42,0,96,9,72,43,0,124,2,30,32,156
08/08/2007,ENA,AK,AAL,WE,Federal Contract Tower,1,23,1,1,26,3,50,53,1,107,4,73,54,2,133,12,24,36,169
08/09/2007,ENA,AK,AAL,WE,Federal Contract Tower,4,17,1,0,22,2,67,44,0,113,6,84,45,0,135,16,30,46,181
08/10/2007,ENA,AK,AAL,WE,Federal Contract Tower,0,41,7,0,48,1,45,39,0,85,1,86,46,0,133,2,0,2,135
08/11/2007,ENA,AK,AAL,WE,Federal Contract Tower,3,17,5,0,25,5,22,53,0,80,8,39,58,0,105,0,0,0,105
08/12/2007,ENA,AK,AAL,WE,Federal Contract Tower,0,18,0,0,18,0,30,73,0,103,0,48,73,0,121,18,0,18,139
08/13/2007,ENA,AK,AAL,WE,Federal Contract Tower,1,28,1,0,30,4,65,44,0,113,5,93,45,0,143,24,0,24,167
08/14/2007,ENA,AK,AAL,WE,Federal Contract Tower,8,33,3,0,44,5,64,21,0,90,13,97,24,0,134,0,0,0,134
08/15/2007,ENA,AK,AAL,WE,Federal Contract Tower,10,43,1,2,56,1,30,16,0,47,11,73,17,2,103,0,0,0,103
08/16/2007,ENA,AK,AAL,WE,Federal Contract Tower,2,21,1,0,24,2,52,12,0,66,4,73,13,0,90,2,0,2,92
08/17/2007,ENA,AK,AAL,WE,Federal Contract Tower,2,27,0,0,29,2,63,50,0,115,4,90,50,0,144,60,0,60,204
08/18/2007,ENA,AK,AAL,WE,Federal Contract Tower,2,14,1,0,17,0,0,26,0,26,2,14,27,0,43,44,0,44,87
08/19/2007,ENA,AK,AAL,WE,Federal Contract Tower,0,24,1,0,25,0,22,26,0,48,0,46,27,0,73,24,0,24,97
08/20/2007,ENA,AK,AAL,WE,Federal Contract Tower,1,31,7,0,39,0,43,19,0,62,1,74,26,0,101,22,0,22,123
08/21/2007,ENA,AK,AAL,WE,Federal Contract Tower,1,32,2,0,35,1,29,10,0,40,2,61,12,0,75,36,0,36,111
08/22/2007,ENA,AK,AAL,WE,Federal Contract Tower,4,41,0,0,45,3,38,19,0,60,7,79,19,0,105,8,4,12,117
08/23/2007,ENA,AK,AAL,WE,Federal Contract Tower,4,52,2,0,58,1,19,11,0,31,5,71,13,0,89,0,0,0,89
08/24/2007,ENA,AK,AAL,WE,Federal Contract Tower,0,28,1,0,29,1,68,43,0,112,1,96,44,0,141,52,0,52,193
08/25/2007,ENA,AK,AAL,WE,Federal Contract Tower,0,22,4,0,26,1,0,38,8,47,1,22,42,8,73,8,0,8,81
08/26/2007,ENA,AK,AAL,WE,Federal Contract Tower,0,6,2,0,8,0,20,45,0,65,0,26,47,0,73,4,0,4,77
08/27/2007,ENA,AK,AAL,WE,Federal Contract Tower,0,16,1,0,17,0,68,45,0,113,0,84,46,0,130,38,0,38,168
08/28/2007,ENA,AK,AAL,WE,Federal Contract Tower,2,13,0,0,15,3,62,43,0,108,5,75,43,0,123,40,0,40,163
08/29/2007,ENA,AK,AAL,WE,Federal Contract Tower,0,10,0,0,10,5,89,31,0,125,5,99,31,0,135,16,0,16,151
08/30/2007,ENA,AK,AAL,WE,Federal Contract Tower,2,5,0,0,7,8,73,40,0,121,10,78,40,0,128,48,0,48,176
08/31/2007,ENA,AK,AAL,WE,Federal Contract Tower,1,30,4,0,35,5,63,45,0,113,6,93,49,0,148,0,0,0,148
09/01/2007,ENA,AK,AAL,WE,Federal Contract Tower,0,20,2,0,22,0,0,20,0,20,0,20,22,0,42,18,0,18,60
09/02/2007,ENA,AK,AAL,WE,Federal Contract Tower,0,23,1,0,24,0,36,50,0,86,0,59,51,0,110,26,0,26,136
09/03/2007,ENA,AK,AAL,WE,Federal Contract Tower,0,16,1,0,17,0,48,33,0,81,0,64,34,0,98,30,0,30,128
09/04/2007,ENA,AK,AAL,WE,Federal Contract Tower,1,20,0,0,21,1,50,18,0,69,2,70,18,0,90,46,0,46,136
09/05/2007,ENA,AK,AAL,WE,Federal Contract Tower,0,16,1,0,17,8,56,34,0,98,8,72,35,0,115,12,0,12,127
09/06/2007,ENA,AK,AAL,WE,Federal Contract Tower,3,19,0,0,22,6,73,33,0,112,9,92,33,0,134,18,0,18,152
09/07/2007,ENA,AK,AAL,WE,Federal Contract Tower,0,30,0,0,30,4,54,30,0,88,4,84,30,0,118,18,0,18,136
09/08/2007,ENA,AK,AAL,WE,Federal Contract Tower,0,28,2,0,30,0,5,9,0,14,0,33,11,0,44,2,0,2,46
09/09/2007,ENA,AK,AAL,WE,Federal Contract Tower,0,23,0,0,23,0,23,21,0,44,0,46,21,0,67,8,0,8,75
09/10/2007,ENA,AK,AAL,WE,Federal Contract Tower,1,34,6,0,41,1,40,27,2,70,2,74,33,2,111,4,0,4,115
09/11/2007,ENA,AK,AAL,WE,Federal Contract Tower,0,28,2,0,30,2,55,42,0,99,2,83,44,0,129,14,6,20,149
09/12/2007,ENA,AK,AAL,WE,Federal Contract Tower,4,34,0,0,38,2,50,12,0,64,6,84,12,0,102,4,0,4,106
09/14/2007,ENA,AK,AAL,WE,Federal Contract Tower,0,29,1,0,30,3,64,54,0,121,3,93,55,0,151,36,0,36,187
09/15/2007,ENA,AK,AAL,WE,Federal Contract Tower,0,21,0,0,21,0,3,47,0,50,0,24,47,0,71,18,0,18,89
09/16/2007,ENA,AK,AAL,WE,Federal Contract Tower,1,13,0,0,14,6,36,31,0,73,7,49,31,0,87,2,0,2,89
09/17/2007,ENA,AK,AAL,WE,Federal Contract Tower,1,21,3,0,25,2,34,22,0,58,3,55,25,0,83,54,0,54,137
09/18/2007,ENA,AK,AAL,WE,Federal Contract Tower,0,36,2,0,38,0,35,14,0,49,0,71,16,0,87,20,0,20,107
09/19/2007,ENA,AK,AAL,WE,Federal Contract Tower,1,41,7,0,49,1,24,7,0,32,2,65,14,0,81,0,0,0,81
09/20/2007,ENA,AK,AAL,WE,Federal Contract Tower,3,28,0,0,31,3,50,17,0,70,6,78,17,0,101,18,0,18,119
09/21/2007,ENA,AK,AAL,WE,Federal Contract Tower,0,27,1,1,29,4,41,32,1,78,4,68,33,2,107,30,0,30,137
09/22/2007,ENA,AK,AAL,WE,Federal Contract Tower,1,25,3,0,29,0,1,46,0,47,1,26,49,0,76,26,12,38,114
09/23/2007,ENA,AK,AAL,WE,Federal Contract Tower,0,24,0,1,25,0,20,24,1,45,0,44,24,2,70,0,4,4,74
09/24/2007,ENA,AK,AAL,WE,Federal Contract Tower,0,38,0,1,39,0,48,11,0,59,0,86,11,1,98,6,2,8,106
09/25/2007,ENA,AK,AAL,WE,Federal Contract Tower,2,31,1,0,34,2,41,19,0,62,4,72,20,0,96,20,0,20,116
09/26/2007,ENA,AK,AAL,WE,Federal Contract Tower,2,41,1,0,44,4,49,13,0,66,6,90,14,0,110,6,0,6,116
09/27/2007,ENA,AK,AAL,WE,Federal Contract Tower,1,28,0,0,29,4,42,31,0,77,5,70,31,0,106,52,0,52,158
09/28/2007,ENA,AK,AAL,WE,Federal Contract Tower,4,38,3,0,45,2,39,20,0,61,6,77,23,0,106,30,0,30,136
09/29/2007,ENA,AK,AAL,WE,Federal Contract Tower,0,23,0,0,23,2,7,24,1,34,2,30,24,1,57,6,0,6,63
09/30/2007,ENA,AK,AAL,WE,Federal Contract Tower,0,30,0,0,30,0,14,10,0,24,0,44,10,0,54,8,0,8,62
10/01/2007,ENA,AK,AAL,WE,Federal Contract Tower,2,31,0,0,33,2,23,9,0,34,4,54,9,0,67,4,0,4,71
10/02/2007,ENA,AK,AAL,WE,Federal Contract Tower,2,26,0,0,28,4,39,28,0,71,6,65,28,0,99,10,0,10,109
10/03/2007,ENA,AK,AAL,WE,Federal Contract Tower,0,14,0,0,14,1,57,23,0,81,1,71,23,0,95,46,0,46,141
10/04/2007,ENA,AK,AAL,WE,Federal Contract Tower,1,17,1,0,19,1,54,12,0,67,2,71,13,0,86,12,0,12,98
10/05/2007,ENA,AK,AAL,WE,Federal Contract Tower,1,39,1,0,41,0,23,10,0,33,1,62,11,0,74,34,0,34,108
10/06/2007,ENA,AK,AAL,WE,Federal Contract Tower,0,16,0,0,16,0,5,36,0,41,0,21,36,0,57,30,0,30,87
10/07/2007,ENA,AK,AAL,WE,Federal Contract Tower,0,8,0,0,8,0,37,12,0,49,0,45,12,0,57,6,0,6,63
10/08/2007,ENA,AK,AAL,WE,Federal Contract Tower,1,12,1,0,14,11,54,30,0,95,12,66,31,0,109,34,0,34,143
10/09/2007,ENA,AK,AAL,WE,Federal Contract Tower,0,8,0,0,8,5,57,23,0,85,5,65,23,0,93,12,0,12,105
10/10/2007,ENA,AK,AAL,WE,Federal Contract Tower,0,13,0,0,13,5,51,26,0,82,5,64,26,0,95,26,22,48,143
10/11/2007,ENA,AK,AAL,WE,Federal Contract Tower,1,16,0,0,17,4,50,41,0,95,5,66,41,0,112,56,18,74,186
10/12/2007,ENA,AK,AAL,WE,Federal Contract Tower,6,38,4,0,48,0,12,4,0,16,6,50,8,0,64,4,0,4,68
10/13/2007,ENA,AK,AAL,WE,Federal Contract Tower,0,20,3,0,23,0,4,9,0,13,0,24,12,0,36,12,0,12,48
10/14/2007,ENA,AK,AAL,WE,Federal Contract Tower,0,22,5,1,28,0,10,9,1,20,0,32,14,2,48,0,4,4,52
10/15/2007,ENA,AK,AAL,WE,Federal Contract Tower,0,25,0,5,30,6,48,10,6,70,6,73,10,11,100,12,22,34,134
10/16/2007,ENA,AK,AAL,WE,Federal Contract Tower,2,20,0,0,22,4,49,13,4,70,6,69,13,4,92,36,18,54,146
10/17/2007,ENA,AK,AAL,WE,Federal Contract Tower,0,22,2,0,24,6,45,30,0,81,6,67,32,0,105,56,26,82,187
10/18/2007,ENA,AK,AAL,WE,Federal Contract Tower,2,19,0,0,21,2,48,2,0,52,4,67,2,0,73,16,4,20,93
10/19/2007,ENA,AK,AAL,WE,Federal Contract Tower,1,29,2,0,32,1,29,7,0,37,2,58,9,0,69,20,0,20,89
10/20/2007,ENA,AK,AAL,WE,Federal Contract Tower,0,13,0,0,13,0,19,34,0,53,0,32,34,0,66,22,0,22,88
10/21/2007,ENA,AK,AAL,WE,Federal Contract Tower,0,6,0,0,6,0,44,17,0,61,0,50,17,0,67,26,0,26,93
10/22/2007,ENA,AK,AAL,WE,Federal Contract Tower,0,23,3,1,27,0,13,18,5,36,0,36,21,6,63,22,6,28,91
10/23/2007,ENA,AK,AAL,WE,Federal Contract Tower,1,36,0,0,37,0,29,9,0,38,1,65,9,0,75,28,14,42,117
10/24/2007,ENA,AK,AAL,WE,Federal Contract Tower,1,23,5,0,29,0,42,9,0,51,1,65,14,0,80,24,52,76,156
10/25/2007,ENA,AK,AAL,WE,Federal Contract Tower,0,22,0,1,23,0,49,5,0,54,0,71,5,1,77,6,36,42,119
10/26/2007,ENA,AK,AAL,WE,Federal Contract Tower,3,21,0,1,25,3,37,11,0,51,6,58,11,1,76,28,2,30,106
10/27/2007,ENA,AK,AAL,WE,Federal Contract Tower,0,15,0,0,15,0,9,28,0,37,0,24,28,0,52,52,0,52,104
10/28/2007,ENA,AK,AAL,WE,Federal Contract Tower,0,9,0,0,9,0,33,14,0,47,0,42,14,0,56,42,0,42,98
10/29/2007,ENA,AK,AAL,WE,Federal Contract Tower,0,15,1,1,17,2,46,19,2,69,2,61,20,3,86,44,22,66,152
10/30/2007,ENA,AK,AAL,WE,Federal Contract Tower,1,23,0,0,24,11,31,1,0,43,12,54,1,0,67,10,2,12,79
10/31/2007,ENA,AK,AAL,WE,Federal Contract Tower,4,24,0,0,28,10,39,5,0,54,14,63,5,0,82,10,2,12,94
11/01/2007,ENA,AK,AAL,WE,Federal Contract Tower,3,25,0,0,28,7,52,12,0,71,10,77,12,0,99,40,26,66,165
11/02/2007,ENA,AK,AAL,WE,Federal Contract Tower,1,30,0,4,35,4,23,8,3,38,5,53,8,7,73,4,42,46,119
11/03/2007,ENA,AK,AAL,WE,Federal Contract Tower,0,14,0,0,14,0,16,22,0,38,0,30,22,0,52,32,0,32,84
11/04/2007,ENA,AK,AAL,WE,Federal Contract Tower,0,9,0,0,9,0,34,9,2,45,0,43,9,2,54,6,0,6,60
11/05/2007,ENA,AK,AAL,WE,Federal Contract Tower,2,19,0,0,21,9,48,16,0,73,11,67,16,0,94,36,0,36,130
11/06/2007,ENA,AK,AAL,WE,Federal Contract Tower,0,22,0,0,22,7,26,9,2,44,7,48,9,2,66,34,24,58,124
11/07/2007,ENA,AK,AAL,WE,Federal Contract Tower,0,29,1,0,30,0,30,3,0,33,0,59,4,0,63,2,0,2,65
11/08/2007,ENA,AK,AAL,WE,Federal Contract Tower,3,23,0,0,26,2,30,9,0,41,5,53,9,0,67,2,24,26,93
11/09/2007,ENA,AK,AAL,WE,Federal Contract Tower,5,25,0,0,30,0,19,13,0,32,5,44,13,0,62,6,0,6,68
11/10/2007,ENA,AK,AAL,WE,Federal Contract Tower,0,33,3,0,36,0,6,4,0,10,0,39,7,0,46,0,0,0,46
11/11/2007,ENA,AK,AAL,WE,Federal Contract Tower,0,25,6,0,31,0,18,0,0,18,0,43,6,0,49,14,0,14,63
11/12/2007,ENA,AK,AAL,WE,Federal Contract Tower,0,25,1,0,26,8,45,6,0,59,8,70,7,0,85,24,0,24,109
11/13/2007,ENA,AK,AAL,WE,Federal Contract Tower,2,32,3,0,37,2,39,5,0,46,4,71,8,0,83,2,4,6,89
11/14/2007,ENA,AK,AAL,WE,Federal Contract Tower,2,43,7,0,52,4,21,16,0,41,6,64,23,0,93,18,0,18,111
11/15/2007,ENA,AK,AAL,WE,Federal Contract Tower,0,17,3,0,20,7,64,15,0,86,7,81,18,0,106,22,0,22,128
11/16/2007,ENA,AK,AAL,WE,Federal Contract Tower,0,21,3,2,26,2,40,17,2,61,2,61,20,4,87,48,34,82,169
11/17/2007,ENA,AK,AAL,WE,Federal Contract Tower,0,32,4,0,36,0,8,11,0,19,0,40,15,0,55,14,0,14,69
11/18/2007,ENA,AK,AAL,WE,Federal Contract Tower,0,29,0,0,29,0,16,1,0,17,0,45,1,0,46,0,0,0,46
11/19/2007,ENA,AK,AAL,WE,Federal Contract Tower,1,30,3,0,34,3,44,10,0,57,4,74,13,0,91,34,0,34,125
11/20/2007,ENA,AK,AAL,WE,Federal Contract Tower,0,26,2,0,28,0,28,6,0,34,0,54,8,0,62,10,14,24,86
11/21/2007,ENA,AK,AAL,WE,Federal Contract Tower,2,22,1,1,26,4,45,7,3,59,6,67,8,4,85,10,10,20,105
11/22/2007,ENA,AK,AAL,WE,Federal Contract Tower,0,11,0,0,11,0,7,0,0,7,0,18,0,0,18,0,0,0,18
11/23/2007,ENA,AK,AAL,WE,Federal Contract Tower,0,23,2,0,25,0,26,3,0,29,0,49,5,0,54,20,6,26,80
11/24/2007,ENA,AK,AAL,WE,Federal Contract Tower,0,14,1,0,15,0,23,21,0,44,0,37,22,0,59,91,0,91,150
11/25/2007,ENA,AK,AAL,WE,Federal Contract Tower,0,15,0,0,15,0,17,2,0,19,0,32,2,0,34,0,0,0,34
11/26/2007,ENA,AK,AAL,WE,Federal Contract Tower,0,12,0,0,12,2,56,11,0,69,2,68,11,0,81,30,18,48,129
11/27/2007,ENA,AK,AAL,WE,Federal Contract Tower,0,18,0,0,18,10,65,24,0,99,10,83,24,0,117,66,0,66,183
11/28/2007,ENA,AK,AAL,WE,Federal Contract Tower,0,21,0,2,23,2,45,15,5,67,2,66,15,7,90,26,34,60,150
11/29/2007,ENA,AK,AAL,WE,Federal Contract Tower,0,10,0,1,11,3,56,16,3,78,3,66,16,4,89,18,28,46,135
11/30/2007,ENA,AK,AAL,WE,Federal Contract Tower,0,14,0,0,14,4,46,7,0,57,4,60,7,0,71,28,50,78,149
12/01/2007,ENA,AK,AAL,WE,Federal Contract Tower,0,9,1,0,10,6,26,20,0,52,6,35,21,0,62,88,0,88,150
12/02/2007,ENA,AK,AAL,WE,Federal Contract Tower,0,15,2,0,17,0,17,3,0,20,0,32,5,0,37,0,2,2,39
12/03/2007,ENA,AK,AAL,WE,Federal Contract Tower,1,17,0,0,18,1,42,3,2,48,2,59,3,2,66,12,6,18,84
12/04/2007,ENA,AK,AAL,WE,Federal Contract Tower,3,33,1,0,37,1,18,0,0,19,4,51,1,0,56,6,22,28,84
12/05/2007,ENA,AK,AAL,WE,Federal Contract Tower,5,30,1,0,36,1,42,19,0,62,6,72,20,0,98,22,30,52,150
12/06/2007,ENA,AK,AAL,WE,Federal Contract Tower,2,24,1,0,27,0,27,7,2,36,2,51,8,2,63,24,38,62,125
12/07/2007,ENA,AK,AAL,WE,Federal Contract Tower,0,29,2,0,31,3,29,7,0,39,3,58,9,0,70,4,16,20,90
12/08/2007,ENA,AK,AAL,WE,Federal Contract Tower,0,18,0,0,18,0,25,4,0,29,0,43,4,0,47,8,0,8,55
12/09/2007,ENA,AK,AAL,WE,Federal Contract Tower,0,8,3,0,11,0,27,9,0,36,0,35,12,0,47,14,0,14,61
12/10/2007,ENA,AK,AAL,WE,Federal Contract Tower,0,36,1,0,37,0,27,2,0,29,0,63,3,0,66,4,0,4,70
12/11/2007,ENA,AK,AAL,WE,Federal Contract Tower,3,42,1,0,46,3,38,10,0,51,6,80,11,0,97,16,0,16,113
12/12/2007,ENA,AK,AAL,WE,Federal Contract Tower,3,35,3,0,41,2,4,0,0,6,5,39,3,0,47,0,0,0,47
12/13/2007,ENA,AK,AAL,WE,Federal Contract Tower,3,30,1,1,35,5,34,15,6,60,8,64,16,7,95,18,36,54,149
12/14/2007,ENA,AK,AAL,WE,Federal Contract Tower,0,24,2,0,26,0,31,15,0,46,0,55,17,0,72,28,6,34,106
12/15/2007,ENA,AK,AAL,WE,Federal Contract Tower,0,14,2,0,16,0,23,10,0,33,0,37,12,0,49,12,0,12,61
12/16/2007,ENA,AK,AAL,WE,Federal Contract Tower,0,5,0,0,5,0,25,12,0,37,0,30,12,0,42,6,0,6,48
12/17/2007,ENA,AK,AAL,WE,Federal Contract Tower,0,13,0,0,13,0,43,14,2,59,0,56,14,2,72,54,18,72,144
12/18/2007,ENA,AK,AAL,WE,Federal Contract Tower,0,17,3,0,20,0,50,19,8,77,0,67,22,8,97,34,20,54,151
12/19/2007,ENA,AK,AAL,WE,Federal Contract Tower,0,16,1,0,17,4,51,9,0,64,4,67,10,0,81,2,30,32,113
12/20/2007,ENA,AK,AAL,WE,Federal Contract Tower,0,34,1,1,36,0,10,5,1,16,0,44,6,2,52,0,0,0,52
12/21/2007,ENA,AK,AAL,WE,Federal Contract Tower,3,30,0,0,33,6,22,18,0,46,9,52,18,0,79,24,0,24,103
12/22/2007,ENA,AK,AAL,WE,Federal Contract Tower,1,24,3,0,28,3,22,22,0,47,4,46,25,0,75,0,0,0,75
12/23/2007,ENA,AK,AAL,WE,Federal Contract Tower,1,26,0,0,27,1,10,2,0,13,2,36,2,0,40,4,0,4,44
12/24/2007,ENA,AK,AAL,WE,Federal Contract Tower,0,36,0,0,36,0,18,2,0,20,0,54,2,0,56,0,0,0,56
12/25/2007,ENA,AK,AAL,WE,Federal Contract Tower,0,12,0,0,12,0,2,0,0,2,0,14,0,0,14,0,0,0,14
12/26/2007,ENA,AK,AAL,WE,Federal Contract Tower,0,27,2,0,29,6,38,1,0,45,6,65,3,0,74,36,10,46,120
12/27/2007,ENA,AK,AAL,WE,Federal Contract Tower,0,24,2,0,26,2,33,2,0,37,2,57,4,0,63,26,30,56,119
12/28/2007,ENA,AK,AAL,WE,Federal Contract Tower,2,38,1,0,41,1,0,3,0,4,3,38,4,0,45,8,0,8,53
12/29/2007,ENA,AK,AAL,WE,Federal Contract Tower,0,26,2,0,28,6,19,13,0,38,6,45,15,0,66,22,0,22,88
12/30/2007,ENA,AK,AAL,WE,Federal Contract Tower,0,22,0,0,22,0,13,8,0,21,0,35,8,0,43,10,0,10,53
12/31/2007,ENA,AK,AAL,WE,Federal Contract Tower,0,19,0,0,19,0,37,9,0,46,0,56,9,0,65,22,0,22,87
01/01/2008,ENA,AK,AAL,WE,Federal Contract Tower,0,9,0,0,9,0,22,6,0,28,0,31,6,0,37,14,0,14,51
01/02/2008,ENA,AK,AAL,WE,Federal Contract Tower,1,33,2,0,36,0,26,3,0,29,1,59,5,0,65,0,0,0,65
01/03/2008,ENA,AK,AAL,WE,Federal Contract Tower,5,45,4,0,54,0,12,5,0,17,5,57,9,0,71,18,0,18,89
01/04/2008,ENA,AK,AAL,WE,Federal Contract Tower,0,41,3,0,44,2,27,12,0,41,2,68,15,0,85,12,8,20,105
01/05/2008,ENA,AK,AAL,WE,Federal Contract Tower,1,27,0,0,28,4,15,22,0,41,5,42,22,0,69,12,0,12,81
01/06/2008,ENA,AK,AAL,WE,Federal Contract Tower,0,26,0,0,26,0,7,6,0,13,0,33,6,0,39,16,0,16,55
01/07/2008,ENA,AK,AAL,WE,Federal Contract Tower,1,30,0,1,32,1,15,1,0,17,2,45,1,1,49,0,11,11,60
01/08/2008,ENA,AK,AAL,WE,Federal Contract Tower,3,26,1,0,30,2,35,13,0,50,5,61,14,0,80,24,16,40,120
01/09/2008,ENA,AK,AAL,WE,Federal Contract Tower,2,41,1,1,45,0,7,0,1,8,2,48,1,2,53,0,0,0,53
01/10/2008,ENA,AK,AAL,WE,Federal Contract Tower,2,48,0,0,50,0,9,5,0,14,2,57,5,0,64,27,0,27,91
01/11/2008,ENA,AK,AAL,WE,Federal Contract Tower,4,33,1,0,38,0,17,2,0,19,4,50,3,0,57,12,12,24,81
01/12/2008,ENA,AK,AAL,WE,Federal Contract Tower,0,28,0,0,28,0,14,12,0,26,0,42,12,0,54,30,0,30,84
01/13/2008,ENA,AK,AAL,WE,Federal Contract Tower,0,15,3,0,18,0,24,0,0,24,0,39,3,0,42,8,0,8,50
01/14/2008,ENA,AK,AAL,WE,Federal Contract Tower,0,30,0,0,30,3,57,5,0,65,3,87,5,0,95,6,0,6,101
01/15/2008,ENA,AK,AAL,WE,Federal Contract Tower,2,35,0,0,37,0,11,3,0,14,2,46,3,0,51,0,0,0,51
01/16/2008,ENA,AK,AAL,WE,Federal Contract Tower,2,36,2,0,40,0,39,11,0,50,2,75,13,0,90,16,6,22,112
01/17/2008,ENA,AK,AAL,WE,Federal Contract Tower,0,34,8,0,42,0,11,5,0,16,0,45,13,0,58,0,0,0,58
01/18/2008,ENA,AK,AAL,WE,Federal Contract Tower,1,23,0,0,24,1,43,22,0,66,2,66,22,0,90,40,0,40,130
01/19/2008,ENA,AK,AAL,WE,Federal Contract Tower,0,7,0,0,7,0,26,26,0,52,0,33,26,0,59,22,8,30,89
01/20/2008,ENA,AK,AAL,WE,Federal Contract Tower,0,13,0,0,13,0,10,1,0,11,0,23,1,0,24,8,0,8,32
01/21/2008,ENA,AK,AAL,WE,Federal Contract Tower,0,33,3,0,36,0,37,0,0,37,0,70,3,0,73,14,0,14,87
01/22/2008,ENA,AK,AAL,WE,Federal Contract Tower,1,18,1,1,21,1,37,8,9,55,2,55,9,10,76,12,42,54,130
01/23/2008,ENA,AK,AAL,WE,Federal Contract Tower,1,17,0,0,18,0,47,29,0,76,1,64,29,0,94,34,50,84,178
01/24/2008,ENA,AK,AAL,WE,Federal Contract Tower,3,33,0,0,36,1,27,8,72,108,4,60,8,72,144,6,26,32,176
01/25/2008,ENA,AK,AAL,WE,Federal Contract Tower,3,36,1,0,40,3,35,19,0,57,6,71,20,0,97,6,6,12,109
01/26/2008,ENA,AK,AAL,WE,Federal Contract Tower,0,17,0,0,17,4,33,18,0,55,4,50,18,0,72,28,0,28,100
01/27/2008,ENA,AK,AAL,WE,Federal Contract Tower,0,23,0,0,23,0,19,10,0,29,0,42,10,0,52,24,0,24,76
01/28/2008,ENA,AK,AAL,WE,Federal Contract Tower,0,32,0,1,33,0,0,0,0,0,0,32,0,1,33,0,2,2,35
01/29/2008,ENA,AK,AAL,WE,Federal Contract Tower,2,34,2,2,40,0,1,0,0,1,2,35,2,2,41,4,0,4,45
01/30/2008,ENA,AK,AAL,WE,Federal Contract Tower,3,38,2,1,44,5,42,1,1,49,8,80,3,2,93,6,6,12,105
01/31/2008,ENA,AK,AAL,WE,Federal Contract Tower,1,29,0,0,30,0,15,5,0,20,1,44,5,0,50,12,2,14,64
02/01/2008,ENA,AK,AAL,WE,Federal Contract Tower,0,0,0,0,0,0,72,5,0,77,0,72,5,0,77,0,0,0,77
02/02/2008,ENA,AK,AAL,WE,Federal Contract Tower,0,8,3,0,11,0,27,7,0,34,0,35,10,0,45,12,0,12,57
02/03/2008,ENA,AK,AAL,WE,Federal Contract Tower,0,9,0,0,9,0,24,10,0,34,0,33,10,0,43,26,0,26,69
02/04/2008,ENA,AK,AAL,WE,Federal Contract Tower,0,16,2,0,18,4,41,10,0,55,4,57,12,0,73,20,14,34,107
02/05/2008,ENA,AK,AAL,WE,Federal Contract Tower,0,11,1,0,12,4,59,0,10,73,4,70,1,10,85,20,48,68,153
02/06/2008,ENA,AK,AAL,WE,Federal Contract Tower,0,12,1,0,13,2,64,13,0,79,2,76,14,0,92,6,26,32,124
02/07/2008,ENA,AK,AAL,WE,Federal Contract Tower,0,12,2,0,14,6,65,16,2,89,6,77,18,2,103,20,38,58,161
02/08/2008,ENA,AK,AAL,WE,Federal Contract Tower,0,24,0,0,24,5,40,10,0,55,5,64,10,0,79,28,4,32,111
02/09/2008,ENA,AK,AAL,WE,Federal Contract Tower,0,8,1,0,9,4,38,14,0,56,4,46,15,0,65,56,0,56,121
02/10/2008,ENA,AK,AAL,WE,Federal Contract Tower,0,11,0,0,11,0,31,6,0,37,0,42,6,0,48,10,0,10,58
02/11/2008,ENA,AK,AAL,WE,Federal Contract Tower,6,37,2,0,45,0,4,0,0,4,6,41,2,0,49,2,0,2,51
02/12/2008,ENA,AK,AAL,WE,Federal Contract Tower,1,31,0,0,32,6,41,16,0,63,7,72,16,0,95,64,14,78,173
02/13/2008,ENA,AK,AAL,WE,Federal Contract Tower,4,25,0,0,29,3,30,4,0,37,7,55,4,0,66,24,34,58,124
02/14/2008,ENA,AK,AAL,WE,Federal Contract Tower,0,23,0,0,23,0,32,7,0,39,0,55,7,0,62,12,2,14,76
02/15/2008,ENA,AK,AAL,WE,Federal Contract Tower,1,29,1,0,31,3,31,1,0,35,4,60,2,0,66,2,0,2,68
02/16/2008,ENA,AK,AAL,WE,Federal Contract Tower,0,3,2,0,5,0,0,0,0,0,0,3,2,0,5,0,0,0,5
02/17/2008,ENA,AK,AAL,WE,Federal Contract Tower,0,29,0,0,29,0,7,0,0,7,0,36,0,0,36,0,0,0,36
02/18/2008,ENA,AK,AAL,WE,Federal Contract Tower,1,13,1,0,15,8,53,6,0,67,9,66,7,0,82,42,0,42,124
02/19/2008,ENA,AK,AAL,WE,Federal Contract Tower,2,30,0,1,33,2,43,5,3,53,4,73,5,4,86,6,40,46,132
02/20/2008,ENA,AK,AAL,WE,Federal Contract Tower,3,18,1,0,22,11,55,15,1,82,14,73,16,1,104,30,42,72,176
02/21/2008,ENA,AK,AAL,WE,Federal Contract Tower,0,24,0,0,24,0,30,23,5,58,0,54,23,5,82,10,14,24,106
02/22/2008,ENA,AK,AAL,WE,Federal Contract Tower,1,27,4,0,32,10,38,15,0,63,11,65,19,0,95,68,0,68,163
02/23/2008,ENA,AK,AAL,WE,Federal Contract Tower,0,12,3,0,15,0,33,23,0,56,0,45,26,0,71,56,0,56,127
02/24/2008,ENA,AK,AAL,WE,Federal Contract Tower,1,9,0,0,10,6,32,31,0,69,7,41,31,0,79,52,0,52,131
02/25/2008,ENA,AK,AAL,WE,Federal Contract Tower,1,18,0,2,21,3,47,12,0,62,4,65,12,2,83,30,46,76,159
02/26/2008,ENA,AK,AAL,WE,Federal Contract Tower,1,13,6,1,21,10,59,18,1,88,11,72,24,2,109,56,0,56,165
02/27/2008,ENA,AK,AAL,WE,Federal Contract Tower,1,27,0,0,28,3,24,8,0,35,4,51,8,0,63,18,18,36,99
02/28/2008,ENA,AK,AAL,WE,Federal Contract Tower,2,22,0,0,24,1,42,10,0,53,3,64,10,0,77,20,66,86,163
02/29/2008,ENA,AK,AAL,WE,Federal Contract Tower,1,14,4,3,22,3,53,9,3,68,4,67,13,6,90,42,38,80,170
03/01/2008,ENA,AK,AAL,WE,Federal Contract Tower,3,32,2,0,37,1,2,2,0,5,4,34,4,0,42,0,0,0,42
03/02/2008,ENA,AK,AAL,WE,Federal Contract Tower,0,12,0,0,12,0,25,23,0,48,0,37,23,0,60,42,0,42,102
03/03/2008,ENA,AK,AAL,WE,Federal Contract Tower,3,24,6,0,33,1,45,7,0,53,4,69,13,0,86,34,0,34,120
03/04/2008,ENA,AK,AAL,WE,Federal Contract Tower,1,32,1,2,36,1,28,1,2,32,2,60,2,4,68,8,8,16,84
03/05/2008,ENA,AK,AAL,WE,Federal Contract Tower,0,38,0,0,38,0,26,0,0,26,0,64,0,0,64,0,0,0,64
03/06/2008,ENA,AK,AAL,WE,Federal Contract Tower,1,19,0,2,22,1,51,26,0,78,2,70,26,2,100,30,26,56,156
03/07/2008,ENA,AK,AAL,WE,Federal Contract Tower,3,28,2,0,33,3,18,12,0,33,6,46,14,0,66,0,16,16,82
03/08/2008,ENA,AK,AAL,WE,Federal Contract Tower,0,13,0,0,13,0,28,19,0,47,0,41,19,0,60,4,0,4,64
03/09/2008,ENA,AK,AAL,WE,Federal Contract Tower,0,17,0,0,17,0,25,7,0,32,0,42,7,0,49,18,0,18,67
03/10/2008,ENA,AK,AAL,WE,Federal Contract Tower,2,23,0,0,25,4,53,8,0,65,6,76,8,0,90,30,64,94,184
03/11/2008,ENA,AK,AAL,WE,Federal Contract Tower,0,38,0,0,38,0,26,13,0,39,0,64,13,0,77,16,0,16,93
03/12/2008,ENA,AK,AAL,WE,Federal Contract Tower,3,24,1,0,28,3,59,17,0,79,6,83,18,0,107,32,10,42,149
03/13/2008,ENA,AK,AAL,WE,Federal Contract Tower,3,23,0,3,29,5,41,17,1,64,8,64,17,4,93,26,22,48,141
03/14/2008,ENA,AK,AAL,WE,Federal Contract Tower,0,12,1,0,13,7,42,23,0,72,7,54,24,0,85,56,0,56,141
03/15/2008,ENA,AK,AAL,WE,Federal Contract Tower,0,22,3,0,25,0,13,4,0,17,0,35,7,0,42,14,0,14,56
03/16/2008,ENA,AK,AAL,WE,Federal Contract Tower,0,7,1,0,8,0,28,18,0,46,0,35,19,0,54,38,0,38,92
03/17/2008,ENA,AK,AAL,WE,Federal Contract Tower,2,8,1,0,11,6,54,35,0,95,8,62,36,0,106,58,54,112,218
03/18/2008,ENA,AK,AAL,WE,Federal Contract Tower,1,16,1,0,18,0,52,18,2,72,1,68,19,2,90,46,44,90,180
03/19/2008,ENA,AK,AAL,WE,Federal Contract Tower,0,36,0,0,36,1,29,10,0,40,1,65,10,0,76,60,22,82,158
03/20/2008,ENA,AK,AAL,WE,Federal Contract Tower,1,42,2,0,45,1,20,8,0,29,2,62,10,0,74,0,0,0,74
03/21/2008,ENA,AK,AAL,WE,Federal Contract Tower,2,16,1,0,19,2,35,17,0,54,4,51,18,0,73,86,0,86,159
03/22/2008,ENA,AK,AAL,WE,Federal Contract Tower,0,9,0,0,9,0,27,23,0,50,0,36,23,0,59,20,0,20,79
03/23/2008,ENA,AK,AAL,WE,Federal Contract Tower,0,3,1,0,4,0,35,26,0,61,0,38,27,0,65,22,0,22,87
03/24/2008,ENA,AK,AAL,WE,Federal Contract Tower,1,11,0,0,12,6,59,22,2,89,7,70,22,2,101,58,80,138,239
03/25/2008,ENA,AK,AAL,WE,Federal Contract Tower,0,23,0,0,23,1,59,29,0,89,1,82,29,0,112,102,0,102,214
03/26/2008,ENA,AK,AAL,WE,Federal Contract Tower,0,10,0,0,10,8,59,15,0,82,8,69,15,0,92,80,28,108,200
03/27/2008,ENA,AK,AAL,WE,Federal Contract Tower,0,6,0,0,6,0,67,37,0,104,0,73,37,0,110,60,0,60,170
03/28/2008,ENA,AK,AAL,WE,Federal Contract Tower,0,9,1,0,10,0,44,21,0,65,0,53,22,0,75,32,2,34,109
03/29/2008,ENA,AK,AAL,WE,Federal Contract Tower,0,16,0,0,16,0,18,29,0,47,0,34,29,0,63,28,0,28,91
03/30/2008,ENA,AK,AAL,WE,Federal Contract Tower,0,19,0,0,19,0,23,5,2,30,0,42,5,2,49,24,18,42,91
03/31/2008,ENA,AK,AAL,WE,Federal Contract Tower,1,19,4,3,27,4,32,13,2,51,5,51,17,5,78,20,58,78,156
04/01/2008,ENA,AK,AAL,WE,Federal Contract Tower,2,16,0,0,18,2,38,6,71,117,4,54,6,71,135,1,0,1,136
04/02/2008,ENA,AK,AAL,WE,Federal Contract Tower,3,29,0,0,32,3,47,22,0,72,6,76,22,0,104,44,106,150,254
04/03/2008,ENA,AK,AAL,WE,Federal Contract Tower,5,31,2,3,41,2,30,13,1,46,7,61,15,4,87,20,14,34,121
04/04/2008,ENA,AK,AAL,WE,Federal Contract Tower,3,20,4,2,29,1,50,20,3,74,4,70,24,5,103,42,58,100,203
04/05/2008,ENA,AK,AAL,WE,Federal Contract Tower,0,27,2,0,29,0,2,4,0,6,0,29,6,0,35,16,0,16,51
04/06/2008,ENA,AK,AAL,WE,Federal Contract Tower,0,23,0,0,23,0,22,27,0,49,0,45,27,0,72,24,0,24,96
04/07/2008,ENA,AK,AAL,WE,Federal Contract Tower,0,16,1,0,17,2,55,18,2,77,2,71,19,2,94,34,50,84,178
04/08/2008,ENA,AK,AAL,WE,Federal Contract Tower,0,28,1,1,30,0,37,21,0,58,0,65,22,1,88,32,28,60,148
04/09/2008,ENA,AK,AAL,WE,Federal Contract Tower,1,34,0,0,35,3,31,8,0,42,4,65,8,0,77,18,8,26,103
04/10/2008,ENA,AK,AAL,WE,Federal Contract Tower,1,20,0,0,21,5,48,30,8,91,6,68,30,8,112,100,22,122,234
04/11/2008,ENA,AK,AAL,WE,Federal Contract Tower,0,17,2,1,20,4,35,43,10,92,4,52,45,11,112,60,4,64,176
04/12/2008,ENA,AK,AAL,WE,Federal Contract Tower,0,0,0,0,0,3,32,41,0,76,3,32,41,0,76,68,0,68,144
04/13/2008,ENA,AK,AAL,WE,Federal Contract Tower,0,7,0,0,7,0,27,22,4,53,0,34,22,4,60,26,2,28,88
04/14/2008,ENA,AK,AAL,WE,Federal Contract Tower,0,29,0,0,29,0,26,9,0,35,0,55,9,0,64,12,34,46,110
04/15/2008,ENA,AK,AAL,WE,Federal Contract Tower,7,33,3,1,44,0,23,0,0,23,7,56,3,1,67,0,22,22,89
04/16/2008,ENA,AK,AAL,WE,Federal Contract Tower,0,15,0,0,15,4,72,15,0,91,4,87,15,0,106,20,0,20,126
04/17/2008,ENA,AK,AAL,WE,Federal Contract Tower,0,15,0,0,15,2,45,21,0,68,2,60,21,0,83,18,14,32,115
04/18/2008,ENA,AK,AAL,WE,Federal Contract Tower,0,9,3,0,12,2,50,20,0,72,2,59,23,0,84,38,4,42,126
04/19/2008,ENA,AK,AAL,WE,Federal Contract Tower,0,3,1,0,4,0,34,34,0,68,0,37,35,0,72,2,0,2,74
04/20/2008,ENA,AK,AAL,WE,Federal Contract Tower,0,2,2,0,4,0,41,24,0,65,0,43,26,0,69,18,0,18,87
04/21/2008,ENA,AK,AAL,WE,Federal Contract Tower,0,23,1,0,24,2,41,24,0,67,2,64,25,0,91,66,8,74,165
04/22/2008,ENA,AK,AAL,WE,Federal Contract Tower,0,19,0,0,19,1,49,21,0,71,1,68,21,0,90,20,4,24,114
04/23/2008,ENA,AK,AAL,WE,Federal Contract Tower,0,12,0,0,12,8,39,17,2,66,8,51,17,2,78,6,20,26,104
04/24/2008,ENA,AK,AAL,WE,Federal Contract Tower,2,15,2,0,19,6,40,16,0,62,8,55,18,0,81,52,26,78,159
04/25/2008,ENA,AK,AAL,WE,Federal Contract Tower,1,29,0,0,30,2,17,2,0,21,3,46,2,0,51,8,0,8,59
04/26/2008,ENA,AK,AAL,WE,Federal Contract Tower,0,27,0,0,27,0,1,2,0,3,0,28,2,0,30,0,0,0,30
04/27/2008,ENA,AK,AAL,WE,Federal Contract Tower,0,16,0,0,16,0,20,13,0,33,0,36,13,0,49,22,0,22,71
04/28/2008,ENA,AK,AAL,WE,Federal Contract Tower,1,15,0,0,16,5,40,24,0,69,6,55,24,0,85,32,6,38,123
04/29/2008,ENA,AK,AAL,WE,Federal Contract Tower,0,12,1,0,13,8,67,26,0,101,8,79,27,0,114,10,12,22,136
04/30/2008,ENA,AK,AAL,WE,Federal Contract Tower,2,26,1,1,30,9,51,16,3,79,11,77,17,4,109,40,36,76,185
05/01/2008,ENA,AK,AAL,WE,Federal Contract Tower,2,20,1,0,23,12,54,15,0,81,14,74,16,0,104,6,50,56,160
05/02/2008,ENA,AK,AAL,WE,Federal Contract Tower,2,21,1,0,24,2,62,31,0,95,4,83,32,0,119,38,0,38,157
05/03/2008,ENA,AK,AAL,WE,Federal Contract Tower,0,11,0,0,11,0,35,20,0,55,0,46,20,0,66,24,0,24,90
05/04/2008,ENA,AK,AAL,WE,Federal Contract Tower,0,14,0,0,14,0,33,24,0,57,0,47,24,0,71,30,0,30,101
05/05/2008,ENA,AK,AAL,WE,Federal Contract Tower,1,13,2,2,18,8,56,15,2,81,9,69,17,4,99,4,28,32,131
05/06/2008,ENA,AK,AAL,WE,Federal Contract Tower,0,16,2,0,18,6,66,24,0,96,6,82,26,0,114,14,54,68,182
05/07/2008,ENA,AK,AAL,WE,Federal Contract Tower,2,17,2,0,21,4,62,26,3,95,6,79,28,3,116,14,8,22,138
05/08/2008,ENA,AK,AAL,WE,Federal Contract Tower,1,19,2,0,22,2,76,20,0,98,3,95,22,0,120,24,42,66,186
05/09/2008,ENA,AK,AAL,WE,Federal Contract Tower,1,25,3,1,30,1,78,31,1,111,2,103,34,2,141,26,0,26,167
05/10/2008,ENA,AK,AAL,WE,Federal Contract Tower,0,8,1,0,9,0,54,94,6,154,0,62,95,6,163,44,6,50,213
05/11/2008,ENA,AK,AAL,WE,Federal Contract Tower,0,18,0,0,18,0,24,9,0,33,0,42,9,0,51,10,0,10,61
05/12/2008,ENA,AK,AAL,WE,Federal Contract Tower,0,25,0,0,25,0,48,16,0,64,0,73,16,0,89,14,0,14,103
05/13/2008,ENA,AK,AAL,WE,Federal Contract Tower,2,24,2,0,28,4,53,20,0,77,6,77,22,0,105,20,48,68,173
05/14/2008,ENA,AK,AAL,WE,Federal Contract Tower,2,22,0,0,24,2,60,8,0,70,4,82,8,0,94,4,56,60,154
05/15/2008,ENA,AK,AAL,WE,Federal Contract Tower,2,27,2,0,31,4,56,19,6,85,6,83,21,6,116,16,0,16,132
05/16/2008,ENA,AK,AAL,WE,Federal Contract Tower,0,20,0,0,20,3,68,50,0,121,3,88,50,0,141,50,0,50,191
05/17/2008,ENA,AK,AAL,WE,Federal Contract Tower,2,9,2,0,13,6,35,46,0,87,8,44,48,0,100,100,0,100,200
05/18/2008,ENA,AK,AAL,WE,Federal Contract Tower,0,13,0,0,13,0,37,33,0,70,0,50,33,0,83,32,2,34,117
05/19/2008,ENA,AK,AAL,WE,Federal Contract Tower,0,19,0,0,19,4,58,27,0,89,4,77,27,0,108,22,0,22,130
05/20/2008,ENA,AK,AAL,WE,Federal Contract Tower,0,11,0,0,11,40,83,30,0,153,40,94,30,0,164,34,2,36,200
05/21/2008,ENA,AK,AAL,WE,Federal Contract Tower,0,26,5,0,31,8,65,23,0,96,8,91,28,0,127,42,14,56,183
05/22/2008,ENA,AK,AAL,WE,Federal Contract Tower,0,14,1,0,15,2,65,41,0,108,2,79,42,0,123,43,0,43,166
05/23/2008,ENA,AK,AAL,WE,Federal Contract Tower,0,23,0,0,23,0,62,22,0,84,0,85,22,0,107,54,0,54,161
05/24/2008,ENA,AK,AAL,WE,Federal Contract Tower,0,26,0,0,26,0,25,25,0,50,0,51,25,0,76,34,0,34,110
05/25/2008,ENA,AK,AAL,WE,Federal Contract Tower,0,13,1,0,14,0,38,25,0,63,0,51,26,0,77,8,0,8,85
05/26/2008,ENA,AK,AAL,WE,Federal Contract Tower,0,11,0,0,11,0,48,31,0,79,0,59,31,0,90,44,0,44,134
05/27/2008,ENA,AK,AAL,WE,Federal Contract Tower,1,9,0,0,10,11,75,23,2,111,12,84,23,2,121,60,66,126,247
05/28/2008,ENA,AK,AAL,WE,Federal Contract Tower,0,11,2,2,15,4,83,32,1,120,4,94,34,3,135,66,46,112,247
05/29/2008,ENA,AK,AAL,WE,Federal Contract Tower,0,13,0,2,15,1,67,33,1,102,1,80,33,3,117,20,50,70,187
05/30/2008,ENA,AK,AAL,WE,Federal Contract Tower,0,19,0,0,19,4,64,31,0,99,4,83,31,0,118,60,6,66,184
05/31/2008,ENA,AK,AAL,WE,Federal Contract Tower,0,15,0,0,15,0,32,33,0,65,0,47,33,0,80,72,0,72,152
06/01/2008,ENA,AK,AAL,WE,Federal Contract Tower,0,18,0,0,18,0,28,19,0,47,0,46,19,0,65,20,2,22,87
06/02/2008,ENA,AK,AAL,WE,Federal Contract Tower,2,19,3,0,24,4,58,20,0,82,6,77,23,0,106,36,18,54,160
06/03/2008,ENA,AK,AAL,WE,Federal Contract Tower,3,19,0,1,23,11,62,12,1,86,14,81,12,2,109,64,18,82,191
06/04/2008,ENA,AK,AAL,WE,Federal Contract Tower,2,21,0,2,25,5,56,21,0,82,7,77,21,2,107,34,46,80,187
06/05/2008,ENA,AK,AAL,WE,Federal Contract Tower,2,28,1,0,31,2,57,32,0,91,4,85,33,0,122,68,30,98,220
06/06/2008,ENA,AK,AAL,WE,Federal Contract Tower,2,24,0,3,29,2,59,21,3,85,4,83,21,6,114,22,22,44,158
06/07/2008,ENA,AK,AAL,WE,Federal Contract Tower,0,13,4,0,17,0,38,29,0,67,0,51,33,0,84,38,0,38,122
06/08/2008,ENA,AK,AAL,WE,Federal Contract Tower,4,32,5,0,41,9,13,11,0,33,13,45,16,0,74,20,0,20,94
06/09/2008,ENA,AK,AAL,WE,Federal Contract Tower,0,20,2,2,24,0,53,25,0,78,0,73,27,2,102,34,42,76,178
06/10/2008,ENA,AK,AAL,WE,Federal Contract Tower,2,22,1,0,25,3,61,33,0,97,5,83,34,0,122,34,22,56,178
06/11/2008,ENA,AK,AAL,WE,Federal Contract Tower,2,35,3,0,40,2,37,20,0,59,4,72,23,0,99,8,14,22,121
06/12/2008,ENA,AK,AAL,WE,Federal Contract Tower,3,43,0,0,46,2,38,24,0,64,5,81,24,0,110,22,12,34,144
06/13/2008,ENA,AK,AAL,WE,Federal Contract Tower,2,20,1,0,23,4,81,34,0,119,6,101,35,0,142,66,0,66,208
06/14/2008,ENA,AK,AAL,WE,Federal Contract Tower,1,32,3,0,36,0,20,11,0,31,1,52,14,0,67,18,0,18,85
06/15/2008,ENA,AK,AAL,WE,Federal Contract Tower,0,22,1,0,23,1,26,17,0,44,1,48,18,0,67,18,20,38,105
06/16/2008,ENA,AK,AAL,WE,Federal Contract Tower,3,25,3,0,31,7,70,21,0,98,10,95,24,0,129,10,42,52,181
06/17/2008,ENA,AK,AAL,WE,Federal Contract Tower,0,31,3,0,34,1,47,19,4,71,1,78,22,4,105,24,4,28,133
06/18/2008,ENA,AK,AAL,WE,Federal Contract Tower,0,27,0,0,27,0,68,34,0,102,0,95,34,0,129,18,6,24,153
06/19/2008,ENA,AK,AAL,WE,Federal Contract Tower,0,17,0,0,17,3,52,26,0,81,3,69,26,0,98,22,6,28,126
06/20/2008,ENA,AK,AAL,WE,Federal Contract Tower,0,14,0,0,14,3,94,42,0,139,3,108,42,0,153,34,10,44,197
06/21/2008,ENA,AK,AAL,WE,Federal Contract Tower,4,28,5,0,37,7,22,28,0,57,11,50,33,0,94,24,0,24,118
06/22/2008,ENA,AK,AAL,WE,Federal Contract Tower,3,27,0,0,30,0,13,11,0,24,3,40,11,0,54,6,4,10,64
06/23/2008,ENA,AK,AAL,WE,Federal Contract Tower,0,19,0,0,19,3,72,24,0,99,3,91,24,0,118,50,10,60,178
06/24/2008,ENA,AK,AAL,WE,Federal Contract Tower,1,24,5,2,32,5,50,34,2,91,6,74,39,4,123,34,38,72,195
06/25/2008,ENA,AK,AAL,WE,Federal Contract Tower,4,23,0,0,27,2,59,19,0,80,6,82,19,0,107,12,0,12,119
06/26/2008,ENA,AK,AAL,WE,Federal Contract Tower,3,23,0,3,29,3,67,29,1,100,6,90,29,4,129,38,50,88,217
06/27/2008,ENA,AK,AAL,WE,Federal Contract Tower,0,18,0,0,18,5,74,40,0,119,5,92,40,0,137,42,0,42,179
06/28/2008,ENA,AK,AAL,WE,Federal Contract Tower,4,22,2,0,28,1,25,13,0,39,5,47,15,0,67,14,0,14,81
06/29/2008,ENA,AK,AAL,WE,Federal Contract Tower,0,25,2,0,27,0,18,16,0,34,0,43,18,0,61,16,0,16,77
06/30/2008,ENA,AK,AAL,WE,Federal Contract Tower,0,23,8,0,31,6,46,37,2,91,6,69,45,2,122,50,54,104,226
07/01/2008,ENA,AK,AAL,WE,Federal Contract Tower,0,18,1,1,20,4,86,44,6,140,4,104,45,7,160,54,50,104,264
07/02/2008,ENA,AK,AAL,WE,Federal Contract Tower,0,25,7,0,32,4,108,43,0,155,4,133,50,0,187,60,0,60,247
07/03/2008,ENA,AK,AAL,WE,Federal Contract Tower,1,20,4,0,25,2,86,36,0,124,3,106,40,0,149,30,46,76,225
07/04/2008,ENA,AK,AAL,WE,Federal Contract Tower,0,14,1,0,15,0,59,34,0,93,0,73,35,0,108,24,0,24,132
07/05/2008,ENA,AK,AAL,WE,Federal Contract Tower,0,14,3,0,17,0,42,41,0,83,0,56,44,0,100,20,0,20,120
07/06/2008,ENA,AK,AAL,WE,Federal Contract Tower,2,17,2,0,21,4,54,19,0,77,6,71,21,0,98,28,0,28,126
07/07/2008,ENA,AK,AAL,WE,Federal Contract Tower,3,44,4,0,51,2,35,6,0,43,5,79,10,0,94,14,26,40,134
07/08/2008,ENA,AK,AAL,WE,Federal Contract Tower,3,29,2,0,34,6,89,33,1,129,9,118,35,1,163,58,6,64,227
07/09/2008,ENA,AK,AAL,WE,Federal Contract Tower,4,31,1,0,36,8,96,31,0,135,12,127,32,0,171,22,26,48,219
07/10/2008,ENA,AK,AAL,WE,Federal Contract Tower,2,43,7,0,52,4,128,45,0,177,6,171,52,0,229,22,34,56,285
07/11/2008,ENA,AK,AAL,WE,Federal Contract Tower,4,105,50,0,159,0,0,0,0,0,4,105,50,0,159,6,28,34,193
07/12/2008,ENA,AK,AAL,WE,Federal Contract Tower,0,17,2,0,19,0,59,28,0,87,0,76,30,0,106,6,0,6,112
07/13/2008,ENA,AK,AAL,WE,Federal Contract Tower,1,34,3,0,38,1,16,12,0,29,2,50,15,0,67,0,0,0,67
07/14/2008,ENA,AK,AAL,WE,Federal Contract Tower,1,44,2,1,48,2,43,27,0,72,3,87,29,1,120,22,18,40,160
07/15/2008,ENA,AK,AAL,WE,Federal Contract Tower,1,45,6,0,52,1,80,23,0,104,2,125,29,0,156,6,0,6,162
07/16/2008,ENA,AK,AAL,WE,Federal Contract Tower,5,47,1,1,54,0,59,21,0,80,5,106,22,1,134,10,16,26,160
07/17/2008,ENA,AK,AAL,WE,Federal Contract Tower,3,44,10,5,62,2,16,19,0,37,5,60,29,5,99,16,6,22,121
07/18/2008,ENA,AK,AAL,WE,Federal Contract Tower,0,47,2,0,49,4,39,39,0,82,4,86,41,0,131,4,0,4,135
07/19/2008,ENA,AK,AAL,WE,Federal Contract Tower,0,23,2,0,25,0,24,72,0,96,0,47,74,0,121,46,0,46,167
07/20/2008,ENA,AK,AAL,WE,Federal Contract Tower,0,14,2,1,17,0,50,46,0,96,0,64,48,1,113,8,2,10,123
07/21/2008,ENA,AK,AAL,WE,Federal Contract Tower,0,47,2,3,52,4,28,13,4,49,4,75,15,7,101,30,48,78,179
07/22/2008,ENA,AK,AAL,WE,Federal Contract Tower,5,34,2,2,43,0,48,49,1,98,5,82,51,3,141,14,30,44,185
07/23/2008,ENA,AK,AAL,WE,Federal Contract Tower,3,59,8,1,71,1,19,13,0,33,4,78,21,1,104,26,38,64,168
07/24/2008,ENA,AK,AAL,WE,Federal Contract Tower,1,41,8,1,51,1,35,11,2,49,2,76,19,3,100,4,16,20,120
07/25/2008,ENA,AK,AAL,WE,Federal Contract Tower,0,28,8,0,36,0,68,81,2,151,0,96,89,2,187,102,6,108,295
07/26/2008,ENA,AK,AAL,WE,Federal Contract Tower,0,34,5,0,39,0,21,23,0,44,0,55,28,0,83,32,0,32,115
07/27/2008,ENA,AK,AAL,WE,Federal Contract Tower,0,45,0,0,45,0,15,22,0,37,0,60,22,0,82,18,0,18,100
07/28/2008,ENA,AK,AAL,WE,Federal Contract Tower,0,36,5,2,43,6,84,40,11,141,6,120,45,13,184,58,78,136,320
07/29/2008,ENA,AK,AAL,WE,Federal Contract Tower,0,27,3,2,32,8,72,62,0,142,8,99,65,2,174,54,66,120,294
07/30/2008,ENA,AK,AAL,WE,Federal Contract Tower,3,32,5,5,45,8,81,39,0,128,11,113,44,5,173,38,44,82,255
07/31/2008,ENA,AK,AAL,WE,Federal Contract Tower,4,33,3,1,41,26,69,38,0,133,30,102,41,1,174,40,32,72,246
08/01/2008,ENA,AK,AAL,WE,Federal Contract Tower,7,77,19,2,105,1,6,3,0,10,8,83,22,2,115,4,4,8,123
08/02/2008,ENA,AK,AAL,WE,Federal Contract Tower,6,32,9,0,47,2,22,14,0,38,8,54,23,0,85,12,0,12,97
08/03/2008,ENA,AK,AAL,WE,Federal Contract Tower,0,32,2,0,34,1,27,25,0,53,1,59,27,0,87,6,0,6,93
08/04/2008,ENA,AK,AAL,WE,Federal Contract Tower,0,45,0,2,47,0,25,16,2,43,0,70,16,4,90,28,26,54,144
08/05/2008,ENA,AK,AAL,WE,Federal Contract Tower,2,42,5,3,52,0,43,12,2,57,2,85,17,5,109,10,32,42,151
08/06/2008,ENA,AK,AAL,WE,Federal Contract Tower,0,42,5,0,47,3,59,35,2,99,3,101,40,2,146,36,32,68,214
08/07/2008,ENA,AK,AAL,WE,Federal Contract Tower,3,26,2,0,31,6,71,43,0,120,9,97,45,0,151,22,24,46,197
08/08/2008,ENA,AK,AAL,WE,Federal Contract Tower,2,24,4,0,30,5,76,47,0,128,7,100,51,0,158,24,2,26,184
08/09/2008,ENA,AK,AAL,WE,Federal Contract Tower,6,20,0,0,26,2,36,36,0,74,8,56,36,0,100,38,0,38,138
08/10/2008,ENA,AK,AAL,WE,Federal Contract Tower,0,15,6,0,21,0,45,27,0,72,0,60,33,0,93,32,0,32,125
08/11/2008,ENA,AK,AAL,WE,Federal Contract Tower,0,22,1,0,23,9,63,29,0,101,9,85,30,0,124,44,12,56,180
08/12/2008,ENA,AK,AAL,WE,Federal Contract Tower,3,26,2,0,31,6,56,29,2,93,9,82,31,2,124,22,52,74,198
08/13/2008,ENA,AK,AAL,WE,Federal Contract Tower,3,26,1,1,31,2,59,28,1,90,5,85,29,2,121,40,56,96,217
08/14/2008,ENA,AK,AAL,WE,Federal Contract Tower,6,24,5,0,35,4,55,33,0,92,10,79,38,0,127,40,68,108,235
08/15/2008,ENA,AK,AAL,WE,Federal Contract Tower,0,27,2,0,29,1,52,20,0,73,1,79,22,0,102,34,0,34,136
08/16/2008,ENA,AK,AAL,WE,Federal Contract Tower,8,19,6,1,34,2,44,32,0,78,10,63,38,1,112,28,0,28,140
08/17/2008,ENA,AK,AAL,WE,Federal Contract Tower,0,17,1,0,18,0,48,23,0,71,0,65,24,0,89,49,0,49,138
08/18/2008,ENA,AK,AAL,WE,Federal Contract Tower,0,16,0,0,16,1,58,24,0,83,1,74,24,0,99,20,12,32,131
08/19/2008,ENA,AK,AAL,WE,Federal Contract Tower,6,16,4,0,26,11,75,42,0,128,17,91,46,0,154,32,28,60,214
08/20/2008,ENA,AK,AAL,WE,Federal Contract Tower,0,24,2,0,26,4,64,29,0,97,4,88,31,0,123,12,0,12,135
08/21/2008,ENA,AK,AAL,WE,Federal Contract Tower,1,24,2,0,27,5,56,28,0,89,6,80,30,0,116,12,22,34,150
08/22/2008,ENA,AK,AAL,WE,Federal Contract Tower,5,47,0,2,54,6,38,19,0,63,11,85,19,2,117,14,0,14,131
08/23/2008,ENA,AK,AAL,WE,Federal Contract Tower,6,18,0,0,24,2,34,39,2,77,8,52,39,2,101,60,4,64,165
08/24/2008,ENA,AK,AAL,WE,Federal Contract Tower,0,24,2,0,26,0,31,32,0,63,0,55,34,0,89,8,0,8,97
08/25/2008,ENA,AK,AAL,WE,Federal Contract Tower,2,36,2,0,40,3,33,25,0,61,5,69,27,0,101,12,18,30,131
08/26/2008,ENA,AK,AAL,WE,Federal Contract Tower,4,27,0,4,35,5,49,29,1,84,9,76,29,5,119,20,84,104,223
08/27/2008,ENA,AK,AAL,WE,Federal Contract Tower,3,27,5,2,37,2,56,27,2,87,5,83,32,4,124,48,34,82,206
08/28/2008,ENA,AK,AAL,WE,Federal Contract Tower,1,33,6,0,40,5,42,18,0,65,6,75,24,0,105,28,8,36,141
08/29/2008,ENA,AK,AAL,WE,Federal Contract Tower,0,35,1,0,36,0,56,34,0,90,0,91,35,0,126,8,0,8,134
08/30/2008,ENA,AK,AAL,WE,Federal Contract Tower,2,17,0,0,19,0,31,53,0,84,2,48,53,0,103,4,0,4,107
08/31/2008,ENA,AK,AAL,WE,Federal Contract Tower,0,17,2,0,19,0,19,20,0,39,0,36,22,0,58,20,0,20,78
09/01/2008,ENA,AK,AAL,WE,Federal Contract Tower,0,28,0,0,28,0,52,24,6,82,0,80,24,6,110,4,0,4,114
09/02/2008,ENA,AK,AAL,WE,Federal Contract Tower,3,32,1,3,39,2,55,14,0,71,5,87,15,3,110,48,42,90,200
09/03/2008,ENA,AK,AAL,WE,Federal Contract Tower,0,41,1,0,42,0,52,6,0,58,0,93,7,0,100,30,10,40,140
09/04/2008,ENA,AK,AAL,WE,Federal Contract Tower,0,45,0,0,45,0,35,13,0,48,0,80,13,0,93,22,0,22,115
09/05/2008,ENA,AK,AAL,WE,Federal Contract Tower,0,48,0,0,48,0,31,16,0,47,0,79,16,0,95,2,0,2,97
09/06/2008,ENA,AK,AAL,WE,Federal Contract Tower,0,22,2,0,24,0,14,19,0,33,0,36,21,0,57,2,0,2,59
09/07/2008,ENA,AK,AAL,WE,Federal Contract Tower,0,26,1,0,27,0,27,24,0,51,0,53,25,0,78,10,0,10,88
09/08/2008,ENA,AK,AAL,WE,Federal Contract Tower,1,41,0,0,42,7,51,7,0,65,8,92,7,0,107,0,0,0,107
09/09/2008,ENA,AK,AAL,WE,Federal Contract Tower,0,26,0,0,26,1,48,10,0,59,1,74,10,0,85,20,0,20,105
09/10/2008,ENA,AK,AAL,WE,Federal Contract Tower,2,46,0,0,48,7,53,7,0,67,9,99,7,0,115,2,2,4,119
09/11/2008,ENA,AK,AAL,WE,Federal Contract Tower,1,29,0,0,30,1,52,11,0,64,2,81,11,0,94,0,0,0,94
09/12/2008,ENA,AK,AAL,WE,Federal Contract Tower,1,34,0,0,35,1,32,13,4,50,2,66,13,4,85,8,0,8,93
09/13/2008,ENA,AK,AAL,WE,Federal Contract Tower,0,19,1,0,20,2,18,18,0,38,2,37,19,0,58,12,0,12,70
09/14/2008,ENA,AK,AAL,WE,Federal Contract Tower,1,15,1,0,17,6,27,15,0,48,7,42,16,0,65,16,0,16,81
09/15/2008,ENA,AK,AAL,WE,Federal Contract Tower,3,24,1,0,28,3,54,19,0,76,6,78,20,0,104,2,2,4,108
09/16/2008,ENA,AK,AAL,WE,Federal Contract Tower,2,41,2,0,45,1,46,9,0,56,3,87,11,0,101,4,0,4,105
09/17/2008,ENA,AK,AAL,WE,Federal Contract Tower,2,29,0,0,31,2,70,18,0,90,4,99,18,0,121,8,2,10,131
09/18/2008,ENA,AK,AAL,WE,Federal Contract Tower,1,25,0,0,26,1,47,8,4,60,2,72,8,4,86,6,4,10,96
09/19/2008,ENA,AK,AAL,WE,Federal Contract Tower,1,27,0,0,28,1,54,23,0,78,2,81,23,0,106,2,0,2,108
09/20/2008,ENA,AK,AAL,WE,Federal Contract Tower,0,15,2,0,17,0,32,7,0,39,0,47,9,0,56,18,0,18,74
09/21/2008,ENA,AK,AAL,WE,Federal Contract Tower,0,17,2,0,19,1,34,34,0,69,1,51,36,0,88,16,0,16,104
09/22/2008,ENA,AK,AAL,WE,Federal Contract Tower,0,18,2,0,20,4,63,20,0,87,4,81,22,0,107,28,4,32,139
09/23/2008,ENA,AK,AAL,WE,Federal Contract Tower,4,39,2,0,45,0,34,4,0,38,4,73,6,0,83,8,2,10,93
09/24/2008,ENA,AK,AAL,WE,Federal Contract Tower,0,46,1,3,50,0,25,10,0,35,0,71,11,3,85,24,6,30,115
09/25/2008,ENA,AK,AAL,WE,Federal Contract Tower,2,30,1,0,33,4,43,16,0,63,6,73,17,0,96,0,10,10,106
09/26/2008,ENA,AK,AAL,WE,Federal Contract Tower,1,18,2,0,21,1,67,30,0,98,2,85,32,0,119,62,0,62,181
09/27/2008,ENA,AK,AAL,WE,Federal Contract Tower,1,19,0,0,20,2,34,35,0,71,3,53,35,0,91,14,0,14,105
09/28/2008,ENA,AK,AAL,WE,Federal Contract Tower,0,17,0,0,17,0,32,32,0,64,0,49,32,0,81,20,0,20,101
09/29/2008,ENA,AK,AAL,WE,Federal Contract Tower,0,19,0,0,19,7,54,19,0,80,7,73,19,0,99,30,54,84,183
09/30/2008,ENA,AK,AAL,WE,Federal Contract Tower,0,22,0,0,22,0,49,12,2,63,0,71,12,2,85,12,0,12,97
10/01/2008,ENA,AK,AAL,WE,Federal Contract Tower,0,20,0,0,20,9,92,31,0,132,9,112,31,0,152,30,0,30,182
10/02/2008,ENA,AK,AAL,WE,Federal Contract Tower,1,15,1,0,17,9,55,14,0,78,10,70,15,0,95,24,4,28,123
10/03/2008,ENA,AK,AAL,WE,Federal Contract Tower,0,29,0,0,29,0,46,15,0,61,0,75,15,0,90,14,2,16,106
10/04/2008,ENA,AK,AAL,WE,Federal Contract Tower,0,23,0,0,23,0,24,28,0,52,0,47,28,0,75,36,0,36,111
10/05/2008,ENA,AK,AAL,WE,Federal Contract Tower,0,24,0,0,24,0,23,14,0,37,0,47,14,0,61,42,0,42,103
10/06/2008,ENA,AK,AAL,WE,Federal Contract Tower,5,44,7,0,56,1,13,0,0,14,6,57,7,0,70,0,0,0,70
10/07/2008,ENA,AK,AAL,WE,Federal Contract Tower,2,43,1,2,48,5,42,2,5,54,7,85,3,7,102,16,19,35,137
10/08/2008,ENA,AK,AAL,WE,Federal Contract Tower,2,30,0,3,35,5,54,12,2,73,7,84,12,5,108,30,38,68,176
10/09/2008,ENA,AK,AAL,WE,Federal Contract Tower,4,32,3,0,39,0,14,0,0,14,4,46,3,0,53,6,0,6,59
10/10/2008,ENA,AK,AAL,WE,Federal Contract Tower,0,37,0,0,37,0,34,10,0,44,0,71,10,0,81,0,0,0,81
10/11/2008,ENA,AK,AAL,WE,Federal Contract Tower,0,16,1,0,17,0,26,5,0,31,0,42,6,0,48,16,0,16,64
10/12/2008,ENA,AK,AAL,WE,Federal Contract Tower,0,27,3,0,30,0,0,0,0,0,0,27,3,0,30,0,0,0,30
10/13/2008,ENA,AK,AAL,WE,Federal Contract Tower,0,20,0,0,20,2,52,17,0,71,2,72,17,0,91,30,0,30,121
10/14/2008,ENA,AK,AAL,WE,Federal Contract Tower,0,49,0,0,49,0,5,0,0,5,0,54,0,0,54,0,0,0,54
10/15/2008,ENA,AK,AAL,WE,Federal Contract Tower,0,42,2,0,44,0,0,1,0,1,0,42,3,0,45,0,0,0,45
10/16/2008,ENA,AK,AAL,WE,Federal Contract Tower,2,38,3,0,43,1,48,8,0,57,3,86,11,0,100,6,4,10,110
10/17/2008,ENA,AK,AAL,WE,Federal Contract Tower,0,24,0,0,24,4,59,21,0,84,4,83,21,0,108,60,14,74,182
10/18/2008,ENA,AK,AAL,WE,Federal Contract Tower,0,17,0,0,17,0,22,11,0,33,0,39,11,0,50,12,0,12,62
10/19/2008,ENA,AK,AAL,WE,Federal Contract Tower,0,7,1,0,8,0,25,7,0,32,0,32,8,0,40,22,0,22,62
10/20/2008,ENA,AK,AAL,WE,Federal Contract Tower,3,11,0,2,16,3,53,15,0,71,6,64,15,2,87,40,12,52,139
10/21/2008,ENA,AK,AAL,WE,Federal Contract Tower,1,32,0,7,40,4,49,14,6,73,5,81,14,13,113,22,52,74,187
10/22/2008,ENA,AK,AAL,WE,Federal Contract Tower,0,27,1,0,28,5,68,27,0,100,5,95,28,0,128,22,0,22,150
10/23/2008,ENA,AK,AAL,WE,Federal Contract Tower,1,25,1,0,27,12,28,3,0,43,13,53,4,0,70,8,0,8,78
10/24/2008,ENA,AK,AAL,WE,Federal Contract Tower,1,28,0,0,29,11,51,11,0,73,12,79,11,0,102,8,0,8,110
10/25/2008,ENA,AK,AAL,WE,Federal Contract Tower,0,27,1,0,28,0,12,6,0,18,0,39,7,0,46,0,0,0,46
10/26/2008,ENA,AK,AAL,WE,Federal Contract Tower,0,13,0,0,13,0,19,9,0,28,0,32,9,0,41,34,0,34,75
10/27/2008,ENA,AK,AAL,WE,Federal Contract Tower,0,16,0,0,16,2,47,6,3,58,2,63,6,3,74,38,22,60,134
10/28/2008,ENA,AK,AAL,WE,Federal Contract Tower,0,24,2,0,26,6,64,16,5,91,6,88,18,5,117,44,32,76,193
10/29/2008,ENA,AK,AAL,WE,Federal Contract Tower,0,17,0,0,17,4,64,11,1,80,4,81,11,1,97,24,2,26,123
10/30/2008,ENA,AK,AAL,WE,Federal Contract Tower,0,10,2,0,12,3,61,15,0,79,3,71,17,0,91,32,0,32,123
10/31/2008,ENA,AK,AAL,WE,Federal Contract Tower,0,21,1,3,25,6,51,13,2,72,6,72,14,5,97,10,8,18,115
11/01/2008,ENA,AK,AAL,WE,Federal Contract Tower,0,20,1,0,21,0,19,20,1,40,0,39,21,1,61,26,12,38,99
11/02/2008,ENA,AK,AAL,WE,Federal Contract Tower,0,15,0,0,15,0,23,7,0,30,0,38,7,0,45,2,0,2,47
11/03/2008,ENA,AK,AAL,WE,Federal Contract Tower,1,26,2,0,29,3,58,3,0,64,4,84,5,0,93,0,0,0,93
11/04/2008,ENA,AK,AAL,WE,Federal Contract Tower,3,36,4,1,44,1,33,5,0,39,4,69,9,1,83,4,0,4,87
11/05/2008,ENA,AK,AAL,WE,Federal Contract Tower,2,23,2,0,27,7,60,8,3,78,9,83,10,3,105,20,2,22,127
11/06/2008,ENA,AK,AAL,WE,Federal Contract Tower,0,14,2,0,16,4,50,9,0,63,4,64,11,0,79,32,12,44,123
11/07/2008,ENA,AK,AAL,WE,Federal Contract Tower,0,21,1,0,22,4,52,13,0,69,4,73,14,0,91,10,0,10,101
11/08/2008,ENA,AK,AAL,WE,Federal Contract Tower,0,9,0,0,9,0,27,24,0,51,0,36,24,0,60,6,0,6,66
11/09/2008,ENA,AK,AAL,WE,Federal Contract Tower,0,15,0,0,15,0,35,2,0,37,0,50,2,0,52,0,0,0,52
11/10/2008,ENA,AK,AAL,WE,Federal Contract Tower,0,23,0,0,23,0,30,3,0,33,0,53,3,0,56,14,0,14,70
11/11/2008,ENA,AK,AAL,WE,Federal Contract Tower,0,44,0,0,44,0,3,2,0,5,0,47,2,0,49,10,0,10,59
11/12/2008,ENA,AK,AAL,WE,Federal Contract Tower,3,13,5,2,23,4,64,14,4,86,7,77,19,6,109,12,24,36,145
11/13/2008,ENA,AK,AAL,WE,Federal Contract Tower,4,28,3,0,35,2,47,2,0,51,6,75,5,0,86,2,8,10,96
11/14/2008,ENA,AK,AAL,WE,Federal Contract Tower,0,31,1,0,32,7,34,11,0,52,7,65,12,0,84,10,0,10,94
11/15/2008,ENA,AK,AAL,WE,Federal Contract Tower,0,12,2,0,14,0,22,22,0,44,0,34,24,0,58,26,0,26,84
11/16/2008,ENA,AK,AAL,WE,Federal Contract Tower,0,33,3,0,36,0,7,1,0,8,0,40,4,0,44,16,0,16,60
11/17/2008,ENA,AK,AAL,WE,Federal Contract Tower,3,34,0,0,37,6,52,18,0,76,9,86,18,0,113,20,6,26,139
11/18/2008,ENA,AK,AAL,WE,Federal Contract Tower,0,15,2,0,17,5,64,8,0,77,5,79,10,0,94,16,24,40,134
11/19/2008,ENA,AK,AAL,WE,Federal Contract Tower,2,22,2,0,26,2,70,5,0,77,4,92,7,0,103,20,8,28,131
11/20/2008,ENA,AK,AAL,WE,Federal Contract Tower,1,27,0,2,30,0,45,5,1,51,1,72,5,3,81,16,18,34,115
11/21/2008,ENA,AK,AAL,WE,Federal Contract Tower,0,43,2,0,45,0,28,5,0,33,0,71,7,0,78,14,0,14,92
11/22/2008,ENA,AK,AAL,WE,Federal Contract Tower,0,27,0,0,27,0,13,10,0,23,0,40,10,0,50,16,0,16,66
11/23/2008,ENA,AK,AAL,WE,Federal Contract Tower,0,21,4,0,25,0,2,0,0,2,0,23,4,0,27,0,0,0,27
11/24/2008,ENA,AK,AAL,WE,Federal Contract Tower,0,21,0,0,21,0,45,11,0,56,0,66,11,0,77,38,60,98,175
11/25/2008,ENA,AK,AAL,WE,Federal Contract Tower,2,39,2,2,45,0,19,7,0,26,2,58,9,2,71,10,10,20,91
11/26/2008,ENA,AK,AAL,WE,Federal Contract Tower,0,38,1,2,41,0,38,12,1,51,0,76,13,3,92,4,16,20,112
11/27/2008,ENA,AK,AAL,WE,Federal Contract Tower,0,10,0,0,10,0,3,3,0,6,0,13,3,0,16,0,0,0,16
11/28/2008,ENA,AK,AAL,WE,Federal Contract Tower,0,27,1,0,28,0,26,9,0,35,0,53,10,0,63,30,0,30,93
11/29/2008,ENA,AK,AAL,WE,Federal Contract Tower,0,25,0,0,25,0,0,2,0,2,0,25,2,0,27,0,0,0,27
11/30/2008,ENA,AK,AAL,WE,Federal Contract Tower,0,33,0,0,33,0,8,0,0,8,0,41,0,0,41,6,0,6,47
12/01/2008,ENA,AK,AAL,WE,Federal Contract Tower,0,24,0,0,24,6,49,6,0,61,6,73,6,0,85,10,16,26,111
12/02/2008,ENA,AK,AAL,WE,Federal Contract Tower,0,24,2,0,26,3,59,13,2,77,3,83,15,2,103,54,14,68,171
12/03/2008,ENA,AK,AAL,WE,Federal Contract Tower,1,33,0,0,34,0,32,4,0,36,1,65,4,0,70,0,36,36,106
12/04/2008,ENA,AK,AAL,WE,Federal Contract Tower,1,32,1,0,34,4,32,8,0,44,5,64,9,0,78,14,0,14,92
12/05/2008,ENA,AK,AAL,WE,Federal Contract Tower,2,35,0,0,37,8,29,4,0,41,10,64,4,0,78,10,0,10,88
12/06/2008,ENA,AK,AAL,WE,Federal Contract Tower,0,13,0,0,13,0,19,13,0,32,0,32,13,0,45,46,0,46,91
12/07/2008,ENA,AK,AAL,WE,Federal Contract Tower,0,29,0,0,29,0,0,0,0,0,0,29,0,0,29,0,0,0,29
12/08/2008,ENA,AK,AAL,WE,Federal Contract Tower,0,23,0,0,23,1,45,3,0,49,1,68,3,0,72,12,0,12,84
12/09/2008,ENA,AK,AAL,WE,Federal Contract Tower,1,36,0,0,37,1,25,1,2,29,2,61,1,2,66,2,22,24,90
12/10/2008,ENA,AK,AAL,WE,Federal Contract Tower,3,26,0,0,29,7,57,4,2,70,10,83,4,2,99,34,42,76,175
12/11/2008,ENA,AK,AAL,WE,Federal Contract Tower,0,19,2,2,23,2,48,21,5,76,2,67,23,7,99,30,8,38,137
12/12/2008,ENA,AK,AAL,WE,Federal Contract Tower,0,45,0,1,46,6,51,4,1,62,6,96,4,2,108,6,8,14,122
12/13/2008,ENA,AK,AAL,WE,Federal Contract Tower,0,15,1,0,16,0,30,9,0,39,0,45,10,0,55,52,0,52,107
12/14/2008,ENA,AK,AAL,WE,Federal Contract Tower,0,30,0,0,30,0,23,6,0,29,0,53,6,0,59,10,0,10,69
12/15/2008,ENA,AK,AAL,WE,Federal Contract Tower,0,39,0,2,41,0,16,0,0,16,0,55,0,2,57,0,14,14,71
12/16/2008,ENA,AK,AAL,WE,Federal Contract Tower,0,32,0,1,33,4,64,12,0,80,4,96,12,1,113,12,24,36,149
12/17/2008,ENA,AK,AAL,WE,Federal Contract Tower,0,33,1,1,35,5,31,6,0,42,5,64,7,1,77,14,50,64,141
12/18/2008,ENA,AK,AAL,WE,Federal Contract Tower,1,20,0,0,21,1,63,12,0,76,2,83,12,0,97,24,8,32,129
12/19/2008,ENA,AK,AAL,WE,Federal Contract Tower,2,21,0,0,23,5,52,2,0,59,7,73,2,0,82,18,0,18,100
12/20/2008,ENA,AK,AAL,WE,Federal Contract Tower,0,16,1,0,17,0,28,4,0,32,0,44,5,0,49,4,0,4,53
12/21/2008,ENA,AK,AAL,WE,Federal Contract Tower,2,19,0,0,21,0,20,13,0,33,2,39,13,0,54,18,0,18,72
12/22/2008,ENA,AK,AAL,WE,Federal Contract Tower,0,42,0,2,44,0,3,0,0,3,0,45,0,2,47,0,4,4,51
12/23/2008,ENA,AK,AAL,WE,Federal Contract Tower,0,39,1,0,40,0,8,0,0,8,0,47,1,0,48,0,0,0,48
12/24/2008,ENA,AK,AAL,WE,Federal Contract Tower,4,35,2,0,41,5,61,6,0,72,9,96,8,0,113,2,0,2,115
12/25/2008,ENA,AK,AAL,WE,Federal Contract Tower,0,8,0,0,8,0,1,0,0,1,0,9,0,0,9,0,0,0,9
12/26/2008,ENA,AK,AAL,WE,Federal Contract Tower,0,21,0,0,21,0,30,2,0,32,0,51,2,0,53,0,0,0,53
12/27/2008,ENA,AK,AAL,WE,Federal Contract Tower,0,13,0,0,13,8,24,2,0,34,8,37,2,0,47,6,0,6,53
12/28/2008,ENA,AK,AAL,WE,Federal Contract Tower,0,15,0,0,15,0,26,4,0,30,0,41,4,0,45,6,0,6,51
12/29/2008,ENA,AK,AAL,WE,Federal Contract Tower,0,16,0,0,16,8,50,4,0,62,8,66,4,0,78,30,16,46,124
12/30/2008,ENA,AK,AAL,WE,Federal Contract Tower,0,24,0,0,24,8,57,6,0,71,8,81,6,0,95,16,32,48,143
12/31/2008,ENA,AK,AAL,WE,Federal Contract Tower,0,27,0,0,27,4,45,6,0,55,4,72,6,0,82,4,0,4,86
01/01/2009,ENA,AK,AAL,WE,Federal Contract Tower,0,10,0,0,10,0,2,2,0,4,0,12,2,0,14,0,0,0,14
01/02/2009,ENA,AK,AAL,WE,Federal Contract Tower,0,26,0,0,26,9,36,2,0,47,9,62,2,0,73,0,0,0,73
01/03/2009,ENA,AK,AAL,WE,Federal Contract Tower,0,17,1,0,18,0,19,2,0,21,0,36,3,0,39,6,0,6,45
01/04/2009,ENA,AK,AAL,WE,Federal Contract Tower,0,10,0,0,10,0,31,3,0,34,0,41,3,0,44,20,0,20,64
01/05/2009,ENA,AK,AAL,WE,Federal Contract Tower,0,21,0,2,23,8,53,8,0,69,8,74,8,2,92,12,56,68,160
01/06/2009,ENA,AK,AAL,WE,Federal Contract Tower,0,13,0,1,14,8,58,3,0,69,8,71,3,1,83,4,26,30,113
01/07/2009,ENA,AK,AAL,WE,Federal Contract Tower,0,19,0,2,21,6,43,0,3,52,6,62,0,5,73,8,68,76,149
01/08/2009,ENA,AK,AAL,WE,Federal Contract Tower,1,20,0,0,21,4,34,4,0,42,5,54,4,0,63,0,30,30,93
01/09/2009,ENA,AK,AAL,WE,Federal Contract Tower,1,21,0,1,23,4,60,2,12,78,5,81,2,13,101,8,8,16,117
01/10/2009,ENA,AK,AAL,WE,Federal Contract Tower,0,10,1,0,11,0,38,8,0,46,0,48,9,0,57,44,0,44,101
01/11/2009,ENA,AK,AAL,WE,Federal Contract Tower,0,12,0,0,12,0,26,5,0,31,0,38,5,0,43,12,0,12,55
01/12/2009,ENA,AK,AAL,WE,Federal Contract Tower,0,26,0,0,26,0,49,4,0,53,0,75,4,0,79,8,0,8,87
01/13/2009,ENA,AK,AAL,WE,Federal Contract Tower,0,35,0,0,35,0,7,0,0,7,0,42,0,0,42,0,0,0,42
01/14/2009,ENA,AK,AAL,WE,Federal Contract Tower,0,28,0,0,28,0,32,0,0,32,0,60,0,0,60,0,0,0,60
01/15/2009,ENA,AK,AAL,WE,Federal Contract Tower,0,31,1,0,32,1,51,5,2,59,1,82,6,2,91,12,0,12,103
01/16/2009,ENA,AK,AAL,WE,Federal Contract Tower,0,30,0,0,30,0,11,0,0,11,0,41,0,0,41,0,0,0,41
01/17/2009,ENA,AK,AAL,WE,Federal Contract Tower,0,9,0,0,9,0,48,28,0,76,0,57,28,0,85,38,0,38,123
01/18/2009,ENA,AK,AAL,WE,Federal Contract Tower,0,17,1,0,18,0,40,8,0,48,0,57,9,0,66,16,0,16,82
01/19/2009,ENA,AK,AAL,WE,Federal Contract Tower,0,23,1,0,24,5,45,10,0,60,5,68,11,0,84,12,0,12,96
01/20/2009,ENA,AK,AAL,WE,Federal Contract Tower,1,30,0,0,31,8,41,0,0,49,9,71,0,0,80,4,26,30,110
01/21/2009,ENA,AK,AAL,WE,Federal Contract Tower,0,21,1,3,25,4,52,6,2,64,4,73,7,5,89,8,32,40,129
01/22/2009,ENA,AK,AAL,WE,Federal Contract Tower,2,11,1,0,14,5,51,9,3,68,7,62,10,3,82,12,50,62,144
01/23/2009,ENA,AK,AAL,WE,Federal Contract Tower,2,29,0,1,32,1,29,5,0,35,3,58,5,1,67,6,16,22,89
01/24/2009,ENA,AK,AAL,WE,Federal Contract Tower,0,33,1,0,34,0,14,0,0,14,0,47,1,0,48,4,0,4,52
01/25/2009,ENA,AK,AAL,WE,Federal Contract Tower,0,35,4,0,39,0,7,0,0,7,0,42,4,0,46,8,0,8,54
01/26/2009,ENA,AK,AAL,WE,Federal Contract Tower,0,18,1,0,19,10,48,20,0,78,10,66,21,0,97,42,22,64,161
01/27/2009,ENA,AK,AAL,WE,Federal Contract Tower,1,23,0,4,28,0,26,11,0,37,1,49,11,4,65,44,58,102,167
01/28/2009,ENA,AK,AAL,WE,Federal Contract Tower,0,43,0,2,45,0,7,0,0,7,0,50,0,2,52,0,0,0,52
01/29/2009,ENA,AK,AAL,WE,Federal Contract Tower,1,40,0,4,45,0,15,0,0,15,1,55,0,4,60,0,4,4,64
01/30/2009,ENA,AK,AAL,WE,Federal Contract Tower,4,43,1,1,49,2,8,5,4,19,6,51,6,5,68,2,2,4,72
01/31/2009,ENA,AK,AAL,WE,Federal Contract Tower,2,20,5,0,27,22,59,7,0,88,24,79,12,0,115,18,0,18,133
02/01/2009,ENA,AK,AAL,WE,Federal Contract Tower,0,14,0,0,14,1,29,14,0,44,1,43,14,0,58,20,0,20,78
02/02/2009,ENA,AK,AAL,WE,Federal Contract Tower,1,45,1,2,49,9,33,2,1,45,10,78,3,3,94,0,24,24,118
02/03/2009,ENA,AK,AAL,WE,Federal Contract Tower,2,19,1,0,22,2,54,3,0,59,4,73,4,0,81,20,8,28,109
02/04/2009,ENA,AK,AAL,WE,Federal Contract Tower,0,31,3,0,34,4,28,7,0,39,4,59,10,0,73,10,0,10,83
02/05/2009,ENA,AK,AAL,WE,Federal Contract Tower,2,31,0,0,33,0,10,0,0,10,2,41,0,0,43,0,0,0,43
02/06/2009,ENA,AK,AAL,WE,Federal Contract Tower,4,55,2,1,62,0,9,0,0,9,4,64,2,1,71,0,0,0,71
02/07/2009,ENA,AK,AAL,WE,Federal Contract Tower,0,14,3,1,18,0,31,16,1,48,0,45,19,2,66,70,2,72,138
02/08/2009,ENA,AK,AAL,WE,Federal Contract Tower,0,25,1,1,27,0,5,0,0,5,0,30,1,1,32,4,2,6,38
02/09/2009,ENA,AK,AAL,WE,Federal Contract Tower,5,25,0,0,30,2,41,6,0,49,7,66,6,0,79,14,0,14,93
02/10/2009,ENA,AK,AAL,WE,Federal Contract Tower,1,19,0,1,21,0,63,18,16,97,1,82,18,17,118,10,48,58,176
02/11/2009,ENA,AK,AAL,WE,Federal Contract Tower,0,42,1,1,44,0,0,0,0,0,0,42,1,1,44,4,2,6,50
02/12/2009,ENA,AK,AAL,WE,Federal Contract Tower,0,20,6,4,30,0,59,1,0,60,0,79,7,4,90,12,8,20,110
02/13/2009,ENA,AK,AAL,WE,Federal Contract Tower,0,18,0,0,18,7,40,5,0,52,7,58,5,0,70,22,0,22,92
02/14/2009,ENA,AK,AAL,WE,Federal Contract Tower,0,13,2,0,15,0,17,10,0,27,0,30,12,0,42,48,0,48,90
02/15/2009,ENA,AK,AAL,WE,Federal Contract Tower,0,19,0,0,19,0,12,7,0,19,0,31,7,0,38,16,0,16,54
02/16/2009,ENA,AK,AAL,WE,Federal Contract Tower,0,34,0,0,34,0,19,7,0,26,0,53,7,0,60,30,0,30,90
02/17/2009,ENA,AK,AAL,WE,Federal Contract Tower,5,40,2,3,50,1,29,0,0,30,6,69,2,3,80,0,6,6,86
02/18/2009,ENA,AK,AAL,WE,Federal Contract Tower,0,38,0,1,39,2,34,7,2,45,2,72,7,3,84,6,18,24,108
02/19/2009,ENA,AK,AAL,WE,Federal Contract Tower,0,25,0,0,25,0,31,7,0,38,0,56,7,0,63,10,28,38,101
02/20/2009,ENA,AK,AAL,WE,Federal Contract Tower,2,27,2,1,32,5,36,9,11,61,7,63,11,12,93,38,22,60,153
02/21/2009,ENA,AK,AAL,WE,Federal Contract Tower,0,7,0,0,7,0,35,13,0,48,0,42,13,0,55,20,0,20,75
02/22/2009,ENA,AK,AAL,WE,Federal Contract Tower,0,10,0,0,10,0,38,22,0,60,0,48,22,0,70,36,0,36,106
02/23/2009,ENA,AK,AAL,WE,Federal Contract Tower,0,14,0,1,15,8,48,18,0,74,8,62,18,1,89,16,6,22,111
02/24/2009,ENA,AK,AAL,WE,Federal Contract Tower,0,12,1,1,14,2,63,16,4,85,2,75,17,5,99,12,16,28,127
02/25/2009,ENA,AK,AAL,WE,Federal Contract Tower,0,36,4,3,43,0,27,6,0,33,0,63,10,3,76,14,42,56,132
02/26/2009,ENA,AK,AAL,WE,Federal Contract Tower,0,19,1,0,20,3,42,14,5,64,3,61,15,5,84,22,20,42,126
02/27/2009,ENA,AK,AAL,WE,Federal Contract Tower,0,21,0,0,21,2,48,22,0,72,2,69,22,0,93,24,6,30,123
02/28/2009,ENA,AK,AAL,WE,Federal Contract Tower,0,19,0,0,19,0,6,0,0,6,0,25,0,0,25,0,0,0,25
03/01/2009,ENA,AK,AAL,WE,Federal Contract Tower,0,9,2,0,11,0,33,7,0,40,0,42,9,0,51,0,0,0,51
03/02/2009,ENA,AK,AAL,WE,Federal Contract Tower,0,17,2,0,19,6,46,14,12,78,6,63,16,12,97,0,36,36,133
03/03/2009,ENA,AK,AAL,WE,Federal Contract Tower,0,26,0,0,26,6,57,6,1,70,6,83,6,1,96,0,16,16,112
03/04/2009,ENA,AK,AAL,WE,Federal Contract Tower,0,36,0,0,36,0,31,2,0,33,0,67,2,0,69,10,10,20,89
03/05/2009,ENA,AK,AAL,WE,Federal Contract Tower,2,39,0,0,41,0,4,0,0,4,2,43,0,0,45,0,0,0,45
03/06/2009,ENA,AK,AAL,WE,Federal Contract Tower,0,24,2,0,26,0,48,6,0,54,0,72,8,0,80,14,0,14,94
03/07/2009,ENA,AK,AAL,WE,Federal Contract Tower,0,7,2,0,9,7,32,12,0,51,7,39,14,0,60,16,0,16,76
03/08/2009,ENA,AK,AAL,WE,Federal Contract Tower,0,14,0,0,14,0,38,17,0,55,0,52,17,0,69,40,0,40,109
03/09/2009,ENA,AK,AAL,WE,Federal Contract Tower,0,30,0,2,32,3,19,0,2,24,3,49,0,4,56,0,20,20,76
03/10/2009,ENA,AK,AAL,WE,Federal Contract Tower,2,20,0,0,22,2,46,8,2,58,4,66,8,2,80,10,36,46,126
03/11/2009,ENA,AK,AAL,WE,Federal Contract Tower,0,35,4,4,43,0,13,0,0,13,0,48,4,4,56,4,6,10,66
03/12/2009,ENA,AK,AAL,WE,Federal Contract Tower,0,44,4,0,48,0,11,0,1,12,0,55,4,1,60,0,0,0,60
03/13/2009,ENA,AK,AAL,WE,Federal Contract Tower,3,41,1,0,45,3,31,1,0,35,6,72,2,0,80,4,2,6,86
03/14/2009,ENA,AK,AAL,WE,Federal Contract Tower,0,9,3,0,12,0,30,11,0,41,0,39,14,0,53,22,0,22,75
03/15/2009,ENA,AK,AAL,WE,Federal Contract Tower,0,17,0,0,17,0,30,8,0,38,0,47,8,0,55,14,0,14,69
03/16/2009,ENA,AK,AAL,WE,Federal Contract Tower,2,41,4,2,49,0,21,3,0,24,2,62,7,2,73,2,0,2,75
03/17/2009,ENA,AK,AAL,WE,Federal Contract Tower,0,15,0,2,17,0,65,13,1,79,0,80,13,3,96,22,10,32,128
03/18/2009,ENA,AK,AAL,WE,Federal Contract Tower,0,15,0,0,15,5,49,17,0,71,5,64,17,0,86,12,0,12,98
03/19/2009,ENA,AK,AAL,WE,Federal Contract Tower,1,13,0,1,15,3,44,11,0,58,4,57,11,1,73,24,14,38,111
03/20/2009,ENA,AK,AAL,WE,Federal Contract Tower,0,19,0,0,19,4,57,21,0,82,4,76,21,0,101,68,0,68,169
03/21/2009,ENA,AK,AAL,WE,Federal Contract Tower,0,5,1,0,6,4,28,17,0,49,4,33,18,0,55,18,0,18,73
03/22/2009,ENA,AK,AAL,WE,Federal Contract Tower,0,28,0,0,28,0,18,15,0,33,0,46,15,0,61,34,0,34,95
03/23/2009,ENA,AK,AAL,WE,Federal Contract Tower,0,9,0,0,9,0,49,1,0,50,0,58,1,0,59,0,0,0,59
03/24/2009,ENA,AK,AAL,WE,Federal Contract Tower,1,10,0,0,11,5,50,6,0,61,6,60,6,0,72,18,0,18,90
03/25/2009,ENA,AK,AAL,WE,Federal Contract Tower,0,22,0,0,22,2,34,1,0,37,2,56,1,0,59,14,0,14,73
03/26/2009,ENA,AK,AAL,WE,Federal Contract Tower,0,7,0,0,7,0,32,0,0,32,0,39,0,0,39,0,0,0,39
03/27/2009,ENA,AK,AAL,WE,Federal Contract Tower,1,8,1,0,10,1,9,1,0,11,2,17,2,0,21,0,0,0,21
03/28/2009,ENA,AK,AAL,WE,Federal Contract Tower,0,9,2,0,11,4,19,7,0,30,4,28,9,0,41,8,0,8,49
03/29/2009,ENA,AK,AAL,WE,Federal Contract Tower,0,13,0,0,13,0,15,0,0,15,0,28,0,0,28,18,0,18,46
03/30/2009,ENA,AK,AAL,WE,Federal Contract Tower,0,23,0,0,23,3,33,2,0,38,3,56,2,0,61,14,0,14,75
03/31/2009,ENA,AK,AAL,WE,Federal Contract Tower,0,7,0,0,7,4,51,12,0,67,4,58,12,0,74,18,0,18,92
04/01/2009,ENA,AK,AAL,WE,Federal Contract Tower,1,24,1,0,26,0,47,10,0,57,1,71,11,0,83,10,8,18,101
04/02/2009,ENA,AK,AAL,WE,Federal Contract Tower,0,23,1,0,24,0,43,1,0,44,0,66,2,0,68,2,0,2,70
04/03/2009,ENA,AK,AAL,WE,Federal Contract Tower,10,34,1,0,45,5,13,2,0,20,15,47,3,0,65,16,0,16,81
04/04/2009,ENA,AK,AAL,WE,Federal Contract Tower,0,8,0,0,8,0,23,12,0,35,0,31,12,0,43,24,0,24,67
04/05/2009,ENA,AK,AAL,WE,Federal Contract Tower,0,6,0,0,6,0,20,19,0,39,0,26,19,0,45,22,0,22,67
04/06/2009,ENA,AK,AAL,WE,Federal Contract Tower,2,14,1,0,17,4,53,23,1,81,6,67,24,1,98,100,0,100,198
04/07/2009,ENA,AK,AAL,WE,Federal Contract Tower,1,14,1,0,16,8,55,19,0,82,9,69,20,0,98,28,16,44,142
04/08/2009,ENA,AK,AAL,WE,Federal Contract Tower,1,10,0,0,11,0,51,11,0,62,1,61,11,0,73,20,0,20,93
04/09/2009,ENA,AK,AAL,WE,Federal Contract Tower,3,22,0,0,25,2,49,16,0,67,5,71,16,0,92,10,0,10,102
04/10/2009,ENA,AK,AAL,WE,Federal Contract Tower,2,29,0,0,31,2,33,10,0,45,4,62,10,0,76,16,0,16,92
04/11/2009,ENA,AK,AAL,WE,Federal Contract Tower,0,14,1,0,15,0,18,16,0,34,0,32,17,0,49,18,0,18,67
04/12/2009,ENA,AK,AAL,WE,Federal Contract Tower,0,15,0,0,15,0,19,7,0,26,0,34,7,0,41,32,0,32,73
04/13/2009,ENA,AK,AAL,WE,Federal Contract Tower,1,19,0,0,20,0,41,6,0,47,1,60,6,0,67,4,0,4,71
04/14/2009,ENA,AK,AAL,WE,Federal Contract Tower,2,17,2,1,22,1,49,7,2,59,3,66,9,3,81,14,26,40,121
04/15/2009,ENA,AK,AAL,WE,Federal Contract Tower,1,18,1,0,20,0,66,9,0,75,1,84,10,0,95,16,0,16,111
04/16/2009,ENA,AK,AAL,WE,Federal Contract Tower,1,12,2,0,15,5,64,17,4,90,6,76,19,4,105,38,14,52,157
04/17/2009,ENA,AK,AAL,WE,Federal Contract Tower,1,14,3,0,18,4,44,27,0,75,5,58,30,0,93,46,0,46,139
04/18/2009,ENA,AK,AAL,WE,Federal Contract Tower,0,9,2,0,11,0,24,11,0,35,0,33,13,0,46,4,0,4,50
04/19/2009,ENA,AK,AAL,WE,Federal Contract Tower,0,13,1,0,14,0,21,27,0,48,0,34,28,0,62,20,0,20,82
04/20/2009,ENA,AK,AAL,WE,Federal Contract Tower,0,8,0,0,8,4,56,30,0,90,4,64,30,0,98,58,8,66,164
04/21/2009,ENA,AK,AAL,WE,Federal Contract Tower,0,15,0,1,16,2,51,20,1,74,2,66,20,2,90,38,34,72,162
04/22/2009,ENA,AK,AAL,WE,Federal Contract Tower,0,14,2,1,17,0,56,3,4,63,0,70,5,5,80,32,50,82,162
04/23/2009,ENA,AK,AAL,WE,Federal Contract Tower,0,25,0,0,25,0,31,5,0,36,0,56,5,0,61,10,10,20,81
04/24/2009,ENA,AK,AAL,WE,Federal Contract Tower,1,14,3,0,18,1,52,18,0,71,2,66,21,0,89,24,0,24,113
04/25/2009,ENA,AK,AAL,WE,Federal Contract Tower,0,12,0,0,12,0,21,17,0,38,0,33,17,0,50,32,0,32,82
04/26/2009,ENA,AK,AAL,WE,Federal Contract Tower,0,15,3,0,18,0,31,2,0,33,0,46,5,0,51,14,0,14,65
04/27/2009,ENA,AK,AAL,WE,Federal Contract Tower,0,20,1,0,21,2,76,33,0,111,2,96,34,0,132,42,42,84,216
04/28/2009,ENA,AK,AAL,WE,Federal Contract Tower,3,17,0,2,22,3,43,33,0,79,6,60,33,2,101,16,10,26,127
04/29/2009,ENA,AK,AAL,WE,Federal Contract Tower,1,13,4,1,19,5,51,28,0,84,6,64,32,1,103,22,22,44,147
04/30/2009,ENA,AK,AAL,WE,Federal Contract Tower,0,18,0,0,18,0,53,33,0,86,0,71,33,0,104,26,0,26,130
05/01/2009,ENA,AK,AAL,WE,Federal Contract Tower,3,21,7,0,31,3,42,31,0,76,6,63,38,0,107,30,36,66,173
05/02/2009,ENA,AK,AAL,WE,Federal Contract Tower,0,2,3,0,5,0,38,30,0,68,0,40,33,0,73,24,0,24,97
05/03/2009,ENA,AK,AAL,WE,Federal Contract Tower,0,4,2,0,6,0,38,35,0,73,0,42,37,0,79,14,2,16,95
05/04/2009,ENA,AK,AAL,WE,Federal Contract Tower,4,43,6,0,53,0,0,0,0,0,4,43,6,0,53,6,0,6,59
05/05/2009,ENA,AK,AAL,WE,Federal Contract Tower,2,5,0,0,7,7,76,25,0,108,9,81,25,0,115,42,38,80,195
05/06/2009,ENA,AK,AAL,WE,Federal Contract Tower,0,26,2,0,28,2,59,24,2,87,2,85,26,2,115,32,28,60,175
05/07/2009,ENA,AK,AAL,WE,Federal Contract Tower,0,20,5,0,25,0,79,21,0,100,0,99,26,0,125,20,6,26,151
05/08/2009,ENA,AK,AAL,WE,Federal Contract Tower,0,18,2,0,20,0,60,37,0,97,0,78,39,0,117,40,2,42,159
05/09/2009,ENA,AK,AAL,WE,Federal Contract Tower,0,6,2,0,8,0,31,20,0,51,0,37,22,0,59,16,0,16,75
05/10/2009,ENA,AK,AAL,WE,Federal Contract Tower,0,4,0,0,4,0,32,33,0,65,0,36,33,0,69,16,0,16,85
05/11/2009,ENA,AK,AAL,WE,Federal Contract Tower,0,7,6,1,14,0,61,17,0,78,0,68,23,1,92,12,22,34,126
05/12/2009,ENA,AK,AAL,WE,Federal Contract Tower,0,2,0,0,2,6,68,21,0,95,6,70,21,0,97,8,34,42,139
05/13/2009,ENA,AK,AAL,WE,Federal Contract Tower,0,15,1,0,16,31,71,29,0,131,31,86,30,0,147,16,22,38,185
05/14/2009,ENA,AK,AAL,WE,Federal Contract Tower,0,29,10,0,39,3,38,18,0,59,3,67,28,0,98,68,12,80,178
05/15/2009,ENA,AK,AAL,WE,Federal Contract Tower,5,34,1,2,42,1,37,19,0,57,6,71,20,2,99,40,0,40,139
05/16/2009,ENA,AK,AAL,WE,Federal Contract Tower,0,15,0,0,15,0,36,40,0,76,0,51,40,0,91,14,0,14,105
05/17/2009,ENA,AK,AAL,WE,Federal Contract Tower,0,4,1,0,5,0,45,25,0,70,0,49,26,0,75,14,0,14,89
05/18/2009,ENA,AK,AAL,WE,Federal Contract Tower,0,6,6,0,12,0,60,26,0,86,0,66,32,0,98,12,0,12,110
05/19/2009,ENA,AK,AAL,WE,Federal Contract Tower,0,6,0,0,6,7,102,46,0,155,7,108,46,0,161,30,14,44,205
05/20/2009,ENA,AK,AAL,WE,Federal Contract Tower,1,10,1,0,12,0,71,30,0,101,1,81,31,0,113,52,0,52,165
05/21/2009,ENA,AK,AAL,WE,Federal Contract Tower,0,14,0,2,16,0,68,33,0,101,0,82,33,2,117,42,42,84,201
05/22/2009,ENA,AK,AAL,WE,Federal Contract Tower,0,20,0,0,20,0,57,29,0,86,0,77,29,0,106,40,0,40,146
05/23/2009,ENA,AK,AAL,WE,Federal Contract Tower,0,6,0,0,6,0,35,25,0,60,0,41,25,0,66,14,0,14,80
05/24/2009,ENA,AK,AAL,WE,Federal Contract Tower,0,6,2,0,8,0,45,22,0,67,0,51,24,0,75,24,0,24,99
05/25/2009,ENA,AK,AAL,WE,Federal Contract Tower,0,8,3,0,11,0,49,37,0,86,0,57,40,0,97,46,0,46,143
05/26/2009,ENA,AK,AAL,WE,Federal Contract Tower,0,15,1,0,16,0,63,14,0,77,0,78,15,0,93,44,50,94,187
05/27/2009,ENA,AK,AAL,WE,Federal Contract Tower,4,46,5,2,57,1,29,16,2,48,5,75,21,4,105,18,8,26,131
05/28/2009,ENA,AK,AAL,WE,Federal Contract Tower,0,64,2,0,66,0,3,5,0,8,0,67,7,0,74,4,0,4,78
05/29/2009,ENA,AK,AAL,WE,Federal Contract Tower,2,30,0,0,32,2,53,39,0,94,4,83,39,0,126,20,0,20,146
05/30/2009,ENA,AK,AAL,WE,Federal Contract Tower,0,13,0,1,14,0,46,113,7,166,0,59,113,8,180,50,12,62,242
05/31/2009,ENA,AK,AAL,WE,Federal Contract Tower,0,18,0,0,18,0,48,14,0,62,0,66,14,0,80,22,0,22,102
06/01/2009,ENA,AK,AAL,WE,Federal Contract Tower,0,21,0,0,21,4,75,25,0,104,4,96,25,0,125,14,0,14,139
06/02/2009,ENA,AK,AAL,WE,Federal Contract Tower,3,20,1,0,24,3,70,23,0,96,6,90,24,0,120,18,0,18,138
06/03/2009,ENA,AK,AAL,WE,Federal Contract Tower,1,12,3,0,16,1,80,21,0,102,2,92,24,0,118,30,0,30,148
06/04/2009,ENA,AK,AAL,WE,Federal Contract Tower,0,21,1,2,24,0,69,29,2,100,0,90,30,4,124,18,10,28,152
06/05/2009,ENA,AK,AAL,WE,Federal Contract Tower,2,40,2,0,44,0,34,10,0,44,2,74,12,0,88,6,0,6,94
06/06/2009,ENA,AK,AAL,WE,Federal Contract Tower,0,20,0,0,20,2,43,20,0,65,2,63,20,0,85,12,0,12,97
06/07/2009,ENA,AK,AAL,WE,Federal Contract Tower,0,8,0,0,8,11,35,23,0,69,11,43,23,0,77,12,0,12,89
06/08/2009,ENA,AK,AAL,WE,Federal Contract Tower,0,12,0,1,13,2,82,28,0,112,2,94,28,1,125,40,16,56,181
06/09/2009,ENA,AK,AAL,WE,Federal Contract Tower,1,11,1,0,13,7,92,26,0,125,8,103,27,0,138,0,50,50,188
06/10/2009,ENA,AK,AAL,WE,Federal Contract Tower,0,20,3,0,23,9,70,31,0,110,9,90,34,0,133,24,0,24,157
06/11/2009,ENA,AK,AAL,WE,Federal Contract Tower,5,53,6,0,64,5,21,4,0,30,10,74,10,0,94,0,0,0,94
06/12/2009,ENA,AK,AAL,WE,Federal Contract Tower,2,17,0,0,19,4,67,28,0,99,6,84,28,0,118,20,0,20,138
06/13/2009,ENA,AK,AAL,WE,Federal Contract Tower,0,12,0,0,12,1,52,31,0,84,1,64,31,0,96,12,0,12,108
06/14/2009,ENA,AK,AAL,WE,Federal Contract Tower,0,8,0,0,8,0,38,32,0,70,0,46,32,0,78,22,0,22,100
06/15/2009,ENA,AK,AAL,WE,Federal Contract Tower,2,18,3,0,23,13,63,18,0,94,15,81,21,0,117,6,26,32,149
06/16/2009,ENA,AK,AAL,WE,Federal Contract Tower,0,21,0,0,21,3,63,33,0,99,3,84,33,0,120,48,54,102,222
06/17/2009,ENA,AK,AAL,WE,Federal Contract Tower,0,18,2,0,20,3,89,22,2,116,3,107,24,2,136,40,18,58,194
06/18/2009,ENA,AK,AAL,WE,Federal Contract Tower,3,24,3,0,30,5,74,11,0,90,8,98,14,0,120,10,8,18,138
06/19/2009,ENA,AK,AAL,WE,Federal Contract Tower,0,26,3,0,29,3,70,27,2,102,3,96,30,2,131,58,16,74,205
06/20/2009,ENA,AK,AAL,WE,Federal Contract Tower,0,18,2,0,20,1,32,38,0,71,1,50,40,0,91,18,0,18,109
06/21/2009,ENA,AK,AAL,WE,Federal Contract Tower,0,11,0,0,11,0,28,11,0,39,0,39,11,0,50,0,0,0,50
06/22/2009,ENA,AK,AAL,WE,Federal Contract Tower,1,33,3,1,38,1,50,17,3,71,2,83,20,4,109,2,6,8,117
06/23/2009,ENA,AK,AAL,WE,Federal Contract Tower,1,32,1,2,36,1,62,11,2,76,2,94,12,4,112,12,4,16,128
06/24/2009,ENA,AK,AAL,WE,Federal Contract Tower,0,24,3,3,30,0,72,16,0,88,0,96,19,3,118,24,18,42,160
06/25/2009,ENA,AK,AAL,WE,Federal Contract Tower,0,15,3,0,18,3,71,28,0,102,3,86,31,0,120,30,16,46,166
06/26/2009,ENA,AK,AAL,WE,Federal Contract Tower,1,16,0,0,17,3,82,47,0,132,4,98,47,0,149,38,0,38,187
06/27/2009,ENA,AK,AAL,WE,Federal Contract Tower,0,12,2,0,14,0,51,62,0,113,0,63,64,0,127,38,0,38,165
06/28/2009,ENA,AK,AAL,WE,Federal Contract Tower,0,3,1,0,4,0,41,33,0,74,0,44,34,0,78,26,0,26,104
06/29/2009,ENA,AK,AAL,WE,Federal Contract Tower,1,21,1,0,23,5,81,20,0,106,6,102,21,0,129,50,50,100,229
06/30/2009,ENA,AK,AAL,WE,Federal Contract Tower,0,34,3,0,37,0,41,31,0,72,0,75,34,0,109,12,0,12,121
07/01/2009,ENA,AK,AAL,WE,Federal Contract Tower,0,23,1,0,24,6,77,38,0,121,6,100,39,0,145,34,0,34,179
07/02/2009,ENA,AK,AAL,WE,Federal Contract Tower,3,19,1,0,23,2,71,37,0,110,5,90,38,0,133,50,6,56,189
07/03/2009,ENA,AK,AAL,WE,Federal Contract Tower,2,14,1,0,17,2,75,51,0,128,4,89,52,0,145,10,0,10,155
07/04/2009,ENA,AK,AAL,WE,Federal Contract Tower,0,4,1,0,5,4,47,29,0,80,4,51,30,0,85,4,0,4,89
07/05/2009,ENA,AK,AAL,WE,Federal Contract Tower,1,7,1,0,9,13,32,51,0,96,14,39,52,0,105,10,0,10,115
07/06/2009,ENA,AK,AAL,WE,Federal Contract Tower,0,12,2,0,14,4,60,21,0,85,4,72,23,0,99,38,54,92,191
07/07/2009,ENA,AK,AAL,WE,Federal Contract Tower,2,14,0,0,16,10,75,22,0,107,12,89,22,0,123,4,8,12,135
07/08/2009,ENA,AK,AAL,WE,Federal Contract Tower,0,27,3,0,30,2,77,47,0,126,2,104,50,0,156,14,12,26,182
07/09/2009,ENA,AK,AAL,WE,Federal Contract Tower,2,32,4,0,38,56,81,38,1,176,58,113,42,1,214,22,48,70,284
07/10/2009,ENA,AK,AAL,WE,Federal Contract Tower,7,31,3,0,41,33,63,37,9,142,40,94,40,9,183,18,28,46,229
07/11/2009,ENA,AK,AAL,WE,Federal Contract Tower,1,48,23,0,72,0,0,0,0,0,1,48,23,0,72,4,0,4,76
07/12/2009,ENA,AK,AAL,WE,Federal Contract Tower,0,24,6,0,30,0,20,29,0,49,0,44,35,0,79,10,0,10,89
07/13/2009,ENA,AK,AAL,WE,Federal Contract Tower,3,43,6,0,52,2,30,13,0,45,5,73,19,0,97,16,0,16,113
07/14/2009,ENA,AK,AAL,WE,Federal Contract Tower,0,40,1,1,42,0,76,43,0,119,0,116,44,1,161,0,12,12,173
07/15/2009,ENA,AK,AAL,WE,Federal Contract Tower,0,41,1,1,43,2,71,61,0,134,2,112,62,1,177,36,12,48,225
07/16/2009,ENA,AK,AAL,WE,Federal Contract Tower,0,18,5,1,24,6,86,43,1,136,6,104,48,2,160,14,32,46,206
07/17/2009,ENA,AK,AAL,WE,Federal Contract Tower,0,39,4,0,43,2,62,53,0,117,2,101,57,0,160,2,0,2,162
07/18/2009,ENA,AK,AAL,WE,Federal Contract Tower,0,15,0,0,15,0,42,53,0,95,0,57,53,0,110,26,0,26,136
07/19/2009,ENA,AK,AAL,WE,Federal Contract Tower,0,41,2,0,43,0,27,42,0,69,0,68,44,0,112,10,0,10,122
07/20/2009,ENA,AK,AAL,WE,Federal Contract Tower,2,34,0,0,36,2,67,26,0,95,4,101,26,0,131,14,44,58,189
07/21/2009,ENA,AK,AAL,WE,Federal Contract Tower,0,22,6,0,28,0,71,27,0,98,0,93,33,0,126,20,0,20,146
07/22/2009,ENA,AK,AAL,WE,Federal Contract Tower,2,18,4,2,26,2,88,22,0,112,4,106,26,2,138,12,58,70,208
07/23/2009,ENA,AK,AAL,WE,Federal Contract Tower,0,22,3,3,28,6,64,30,14,114,6,86,33,17,142,26,18,44,186
07/24/2009,ENA,AK,AAL,WE,Federal Contract Tower,2,23,3,0,28,2,64,36,4,106,4,87,39,4,134,18,26,44,178
07/25/2009,ENA,AK,AAL,WE,Federal Contract Tower,0,22,2,0,24,0,30,30,0,60,0,52,32,0,84,38,0,38,122
07/26/2009,ENA,AK,AAL,WE,Federal Contract Tower,0,14,7,0,21,0,51,39,0,90,0,65,46,0,111,76,0,76,187
07/27/2009,ENA,AK,AAL,WE,Federal Contract Tower,0,26,2,1,29,2,94,37,1,134,2,120,39,2,163,38,14,52,215
07/28/2009,ENA,AK,AAL,WE,Federal Contract Tower,1,35,5,0,41,1,75,21,2,99,2,110,26,2,140,24,38,62,202
07/29/2009,ENA,AK,AAL,WE,Federal Contract Tower,2,28,2,1,33,4,62,17,2,85,6,90,19,3,118,8,4,12,130
07/30/2009,ENA,AK,AAL,WE,Federal Contract Tower,3,38,2,0,43,0,60,29,0,89,3,98,31,0,132,14,0,14,146
07/31/2009,ENA,AK,AAL,WE,Federal Contract Tower,1,20,1,0,22,1,97,30,0,128,2,117,31,0,150,14,0,14,164
08/01/2009,ENA,AK,AAL,WE,Federal Contract Tower,0,19,0,0,19,1,27,41,0,69,1,46,41,0,88,12,0,12,100
08/02/2009,ENA,AK,AAL,WE,Federal Contract Tower,0,14,0,0,14,0,35,51,0,86,0,49,51,0,100,22,0,22,122
08/03/2009,ENA,AK,AAL,WE,Federal Contract Tower,1,19,2,1,23,2,61,19,0,82,3,80,21,1,105,8,50,58,163
08/04/2009,ENA,AK,AAL,WE,Federal Contract Tower,0,32,1,0,33,0,61,19,0,80,0,93,20,0,113,12,0,12,125
08/05/2009,ENA,AK,AAL,WE,Federal Contract Tower,4,48,4,0,56,0,47,14,0,61,4,95,18,0,117,2,8,10,127
08/06/2009,ENA,AK,AAL,WE,Federal Contract Tower,2,46,3,2,53,2,49,25,0,76,4,95,28,2,129,0,2,2,131
08/07/2009,ENA,AK,AAL,WE,Federal Contract Tower,0,27,0,0,27,4,66,47,0,117,4,93,47,0,144,6,0,6,150
08/08/2009,ENA,AK,AAL,WE,Federal Contract Tower,0,12,0,0,12,3,45,54,0,102,3,57,54,0,114,4,0,4,118
08/09/2009,ENA,AK,AAL,WE,Federal Contract Tower,0,10,2,0,12,0,55,43,0,98,0,65,45,0,110,18,0,18,128
08/10/2009,ENA,AK,AAL,WE,Federal Contract Tower,0,25,0,1,26,6,89,35,0,130,6,114,35,1,156,2,12,14,170
08/11/2009,ENA,AK,AAL,WE,Federal Contract Tower,0,9,2,0,11,4,87,36,0,127,4,96,38,0,138,12,26,38,176
08/12/2009,ENA,AK,AAL,WE,Federal Contract Tower,1,24,2,1,28,2,96,47,0,145,3,120,49,1,173,8,20,28,201
08/13/2009,ENA,AK,AAL,WE,Federal Contract Tower,4,55,7,5,71,0,29,9,0,38,4,84,16,5,109,8,0,8,117
08/14/2009,ENA,AK,AAL,WE,Federal Contract Tower,0,53,5,0,58,3,25,15,1,44,3,78,20,1,102,12,0,12,114
08/15/2009,ENA,AK,AAL,WE,Federal Contract Tower,0,32,4,0,36,0,16,14,0,30,0,48,18,0,66,2,0,2,68
08/16/2009,ENA,AK,AAL,WE,Federal Contract Tower,0,31,3,1,35,0,33,37,1,71,0,64,40,2,106,18,0,18,124
08/17/2009,ENA,AK,AAL,WE,Federal Contract Tower,2,14,0,1,17,2,88,40,0,130,4,102,40,1,147,24,2,26,173
08/18/2009,ENA,AK,AAL,WE,Federal Contract Tower,2,22,4,0,28,2,77,25,0,104,4,99,29,0,132,20,10,30,162
08/19/2009,ENA,AK,AAL,WE,Federal Contract Tower,3,22,0,1,26,5,67,47,0,119,8,89,47,1,145,0,6,6,151
08/20/2009,ENA,AK,AAL,WE,Federal Contract Tower,0,12,0,0,12,0,68,32,0,100,0,80,32,0,112,22,0,22,134
08/21/2009,ENA,AK,AAL,WE,Federal Contract Tower,0,19,0,0,19,0,67,34,0,101,0,86,34,0,120,10,0,10,130
08/22/2009,ENA,AK,AAL,WE,Federal Contract Tower,0,9,0,0,9,0,35,27,0,62,0,44,27,0,71,42,0,42,113
08/23/2009,ENA,AK,AAL,WE,Federal Contract Tower,2,33,0,0,35,0,13,9,0,22,2,46,9,0,57,0,0,0,57
08/24/2009,ENA,AK,AAL,WE,Federal Contract Tower,2,30,1,0,33,2,59,10,0,71,4,89,11,0,104,20,4,24,128
08/25/2009,ENA,AK,AAL,WE,Federal Contract Tower,1,21,0,0,22,2,75,20,0,97,3,96,20,0,119,16,6,22,141
08/26/2009,ENA,AK,AAL,WE,Federal Contract Tower,2,26,1,0,29,3,66,17,0,86,5,92,18,0,115,10,0,10,125
08/27/2009,ENA,AK,AAL,WE,Federal Contract Tower,1,21,0,0,22,0,73,13,0,86,1,94,13,0,108,28,8,36,144
08/28/2009,ENA,AK,AAL,WE,Federal Contract Tower,0,41,1,0,42,0,54,16,2,72,0,95,17,2,114,32,0,32,146
08/29/2009,ENA,AK,AAL,WE,Federal Contract Tower,0,13,3,0,16,1,24,34,0,59,1,37,37,0,75,26,12,38,113
08/30/2009,ENA,AK,AAL,WE,Federal Contract Tower,0,1,6,0,7,0,52,46,0,98,0,53,52,0,105,36,0,36,141
08/31/2009,ENA,AK,AAL,WE,Federal Contract Tower,2,25,3,5,35,1,59,21,9,90,3,84,24,14,125,0,22,22,147
09/01/2009,ENA,AK,AAL,WE,Federal Contract Tower,4,46,2,2,54,2,26,12,0,40,6,72,14,2,94,40,0,40,134
09/02/2009,ENA,AK,AAL,WE,Federal Contract Tower,2,29,1,1,33,2,52,23,2,79,4,81,24,3,112,16,46,62,174
09/03/2009,ENA,AK,AAL,WE,Federal Contract Tower,2,17,1,0,20,4,80,24,0,108,6,97,25,0,128,24,0,24,152
09/04/2009,ENA,AK,AAL,WE,Federal Contract Tower,0,19,3,0,22,0,66,35,0,101,0,85,38,0,123,24,0,24,147
09/05/2009,ENA,AK,AAL,WE,Federal Contract Tower,0,9,2,0,11,0,30,51,2,83,0,39,53,2,94,18,0,18,112
09/06/2009,ENA,AK,AAL,WE,Federal Contract Tower,0,26,1,0,27,0,22,22,0,44,0,48,23,0,71,14,0,14,85
09/07/2009,ENA,AK,AAL,WE,Federal Contract Tower,0,19,1,0,20,0,51,22,0,73,0,70,23,0,93,0,0,0,93
09/08/2009,ENA,AK,AAL,WE,Federal Contract Tower,2,14,2,0,18,2,74,18,0,94,4,88,20,0,112,42,4,46,158
09/09/2009,ENA,AK,AAL,WE,Federal Contract Tower,1,16,1,0,18,2,77,5,0,84,3,93,6,0,102,14,0,14,116
09/10/2009,ENA,AK,AAL,WE,Federal Contract Tower,2,21,0,0,23,6,59,13,0,78,8,80,13,0,101,16,8,24,125
09/11/2009,ENA,AK,AAL,WE,Federal Contract Tower,3,19,0,0,22,4,78,32,0,114,7,97,32,0,136,20,18,38,174
09/12/2009,ENA,AK,AAL,WE,Federal Contract Tower,0,14,1,0,15,0,31,28,0,59,0,45,29,0,74,36,0,36,110
09/13/2009,ENA,AK,AAL,WE,Federal Contract Tower,0,25,2,0,27,0,12,9,0,21,0,37,11,0,48,32,0,32,80
09/14/2009,ENA,AK,AAL,WE,Federal Contract Tower,2,16,0,0,18,2,60,21,0,83,4,76,21,0,101,26,0,26,127
09/15/2009,ENA,AK,AAL,WE,Federal Contract Tower,0,18,2,0,20,2,69,19,0,90,2,87,21,0,110,18,32,50,160
09/16/2009,ENA,AK,AAL,WE,Federal Contract Tower,0,23,1,0,24,1,63,15,0,79,1,86,16,0,103,0,0,0,103
09/17/2009,ENA,AK,AAL,WE,Federal Contract Tower,0,13,0,0,13,1,68,7,0,76,1,81,7,0,89,4,2,6,95
09/18/2009,ENA,AK,AAL,WE,Federal Contract Tower,0,20,0,0,20,3,70,23,0,96,3,90,23,0,116,32,0,32,148
09/19/2009,ENA,AK,AAL,WE,Federal Contract Tower,0,17,0,0,17,0,37,33,0,70,0,54,33,0,87,18,0,18,105
09/20/2009,ENA,AK,AAL,WE,Federal Contract Tower,0,17,0,0,17,0,34,18,0,52,0,51,18,0,69,0,0,0,69
09/21/2009,ENA,AK,AAL,WE,Federal Contract Tower,0,30,5,0,35,0,35,9,0,44,0,65,14,0,79,2,2,4,83
09/22/2009,ENA,AK,AAL,WE,Federal Contract Tower,0,23,0,0,23,4,57,16,0,77,4,80,16,0,100,34,0,34,134
09/23/2009,ENA,AK,AAL,WE,Federal Contract Tower,0,20,0,0,20,0,54,25,0,79,0,74,25,0,99,18,0,18,117
09/24/2009,ENA,AK,AAL,WE,Federal Contract Tower,1,27,3,0,31,3,38,8,0,49,4,65,11,0,80,8,0,8,88
09/25/2009,ENA,AK,AAL,WE,Federal Contract Tower,0,67,3,0,70,0,7,6,0,13,0,74,9,0,83,16,0,16,99
09/26/2009,ENA,AK,AAL,WE,Federal Contract Tower,0,21,1,0,22,0,23,31,0,54,0,44,32,0,76,60,0,60,136
09/27/2009,ENA,AK,AAL,WE,Federal Contract Tower,0,22,1,0,23,0,21,14,0,35,0,43,15,0,58,14,0,14,72
09/28/2009,ENA,AK,AAL,WE,Federal Contract Tower,1,22,2,0,25,1,56,12,0,69,2,78,14,0,94,0,22,22,116
09/29/2009,ENA,AK,AAL,WE,Federal Contract Tower,0,32,2,0,34,0,52,19,2,73,0,84,21,2,107,22,20,42,149
09/30/2009,ENA,AK,AAL,WE,Federal Contract Tower,0,31,1,0,32,2,47,17,0,66,2,78,18,0,98,2,10,12,110
10/01/2009,ENA,AK,AAL,WE,Federal Contract Tower,0,16,2,0,18,4,65,27,0,96,4,81,29,0,114,40,14,54,168
10/02/2009,ENA,AK,AAL,WE,Federal Contract Tower,0,19,2,2,23,6,57,42,4,109,6,76,44,6,132,22,16,38,170
10/03/2009,ENA,AK,AAL,WE,Federal Contract Tower,0,11,1,0,12,0,21,21,0,42,0,32,22,0,54,6,0,6,60
10/04/2009,ENA,AK,AAL,WE,Federal Contract Tower,0,19,1,0,20,0,16,12,0,28,0,35,13,0,48,8,0,8,56
10/05/2009,ENA,AK,AAL,WE,Federal Contract Tower,1,30,1,0,32,0,25,5,0,30,1,55,6,0,62,0,0,0,62
10/06/2009,ENA,AK,AAL,WE,Federal Contract Tower,0,36,1,0,37,0,23,5,0,28,0,59,6,0,65,6,4,10,75
10/07/2009,ENA,AK,AAL,WE,Federal Contract Tower,0,44,0,0,44,0,26,3,0,29,0,70,3,0,73,0,0,0,73
10/08/2009,ENA,AK,AAL,WE,Federal Contract Tower,0,37,0,0,37,0,30,0,0,30,0,67,0,0,67,0,10,10,77
10/09/2009,ENA,AK,AAL,WE,Federal Contract Tower,0,21,0,0,21,0,42,4,0,46,0,63,4,0,67,4,0,4,71
10/10/2009,ENA,AK,AAL,WE,Federal Contract Tower,0,12,0,0,12,0,25,11,0,36,0,37,11,0,48,18,0,18,66
10/11/2009,ENA,AK,AAL,WE,Federal Contract Tower,0,34,10,0,44,0,1,0,0,1,0,35,10,0,45,2,0,2,47
10/12/2009,ENA,AK,AAL,WE,Federal Contract Tower,2,17,2,0,21,1,48,24,0,73,3,65,26,0,94,46,0,46,140
10/13/2009,ENA,AK,AAL,WE,Federal Contract Tower,0,39,0,0,39,0,0,0,0,0,0,39,0,0,39,0,0,0,39
10/14/2009,ENA,AK,AAL,WE,Federal Contract Tower,3,54,0,0,57,0,3,0,0,3,3,57,0,0,60,0,0,0,60
10/15/2009,ENA,AK,AAL,WE,Federal Contract Tower,2,44,0,0,46,2,34,13,0,49,4,78,13,0,95,24,0,24,119
10/16/2009,ENA,AK,AAL,WE,Federal Contract Tower,3,41,1,0,45,7,35,12,2,56,10,76,13,2,101,6,0,6,107
10/17/2009,ENA,AK,AAL,WE,Federal Contract Tower,0,11,0,0,11,0,12,22,0,34,0,23,22,0,45,16,0,16,61
10/18/2009,ENA,AK,AAL,WE,Federal Contract Tower,2,13,0,0,15,0,18,21,0,39,2,31,21,0,54,22,0,22,76
10/19/2009,ENA,AK,AAL,WE,Federal Contract Tower,2,15,0,2,19,2,51,20,2,75,4,66,20,4,94,32,18,50,144
10/20/2009,ENA,AK,AAL,WE,Federal Contract Tower,0,22,2,0,24,4,49,4,0,57,4,71,6,0,81,20,2,22,103
10/21/2009,ENA,AK,AAL,WE,Federal Contract Tower,0,21,0,0,21,0,53,2,0,55,0,74,2,0,76,18,0,18,94
10/22/2009,ENA,AK,AAL,WE,Federal Contract Tower,0,16,0,0,16,0,49,5,0,54,0,65,5,0,70,6,0,6,76
10/23/2009,ENA,AK,AAL,WE,Federal Contract Tower,0,20,0,0,20,0,44,2,4,50,0,64,2,4,70,18,8,26,96
10/24/2009,ENA,AK,AAL,WE,Federal Contract Tower,0,15,2,0,17,0,20,22,0,42,0,35,24,0,59,36,0,36,95
10/25/2009,ENA,AK,AAL,WE,Federal Contract Tower,0,8,0,0,8,0,16,15,0,31,0,24,15,0,39,16,0,16,55
10/26/2009,ENA,AK,AAL,WE,Federal Contract Tower,1,27,1,0,29,5,30,9,0,44,6,57,10,0,73,22,0,22,95
10/27/2009,ENA,AK,AAL,WE,Federal Contract Tower,2,45,2,2,51,2,48,13,0,63,4,93,15,2,114,18,20,38,152
10/28/2009,ENA,AK,AAL,WE,Federal Contract Tower,2,48,2,2,54,0,23,8,0,31,2,71,10,2,85,16,2,18,103
10/29/2009,ENA,AK,AAL,WE,Federal Contract Tower,1,17,0,0,18,9,48,8,0,65,10,65,8,0,83,18,0,18,101
10/30/2009,ENA,AK,AAL,WE,Federal Contract Tower,1,23,0,2,26,3,48,14,0,65,4,71,14,2,91,10,0,10,101
10/31/2009,ENA,AK,AAL,WE,Federal Contract Tower,0,9,0,0,9,0,23,14,0,37,0,32,14,0,46,6,0,6,52
11/01/2009,ENA,AK,AAL,WE,Federal Contract Tower,0,9,0,0,9,0,21,14,0,35,0,30,14,0,44,26,0,26,70
11/02/2009,ENA,AK,AAL,WE,Federal Contract Tower,0,13,0,0,13,2,44,12,0,58,2,57,12,0,71,16,0,16,87
11/03/2009,ENA,AK,AAL,WE,Federal Contract Tower,0,16,0,0,16,1,46,4,0,51,1,62,4,0,67,0,22,22,89
11/04/2009,ENA,AK,AAL,WE,Federal Contract Tower,0,20,0,0,20,0,39,0,0,39,0,59,0,0,59,0,0,0,59
11/05/2009,ENA,AK,AAL,WE,Federal Contract Tower,0,14,1,0,15,6,49,12,0,67,6,63,13,0,82,22,0,22,104
11/06/2009,ENA,AK,AAL,WE,Federal Contract Tower,0,25,0,0,25,1,38,9,0,48,1,63,9,0,73,12,0,12,85
11/07/2009,ENA,AK,AAL,WE,Federal Contract Tower,0,16,1,0,17,0,22,20,0,42,0,38,21,0,59,28,0,28,87
11/08/2009,ENA,AK,AAL,WE,Federal Contract Tower,0,17,1,0,18,0,17,18,0,35,0,34,19,0,53,24,0,24,77
11/09/2009,ENA,AK,AAL,WE,Federal Contract Tower,0,24,0,0,24,0,41,9,0,50,0,65,9,0,74,34,0,34,108
11/10/2009,ENA,AK,AAL,WE,Federal Contract Tower,1,18,2,0,21,1,37,8,0,46,2,55,10,0,67,8,0,8,75
11/11/2009,ENA,AK,AAL,WE,Federal Contract Tower,0,38,0,0,38,0,10,0,0,10,0,48,0,0,48,0,0,0,48
11/12/2009,ENA,AK,AAL,WE,Federal Contract Tower,0,28,1,0,29,0,57,8,3,68,0,85,9,3,97,24,24,48,145
11/13/2009,ENA,AK,AAL,WE,Federal Contract Tower,0,35,0,0,35,11,34,0,0,45,11,69,0,0,80,10,0,10,90
11/14/2009,ENA,AK,AAL,WE,Federal Contract Tower,0,7,0,0,7,0,35,10,0,45,0,42,10,0,52,14,0,14,66
11/15/2009,ENA,AK,AAL,WE,Federal Contract Tower,0,15,0,0,15,2,20,16,0,38,2,35,16,0,53,26,0,26,79
11/16/2009,ENA,AK,AAL,WE,Federal Contract Tower,0,18,1,0,19,0,40,10,4,54,0,58,11,4,73,36,0,36,109
11/17/2009,ENA,AK,AAL,WE,Federal Contract Tower,0,24,0,0,24,3,36,9,0,48,3,60,9,0,72,42,0,42,114
11/18/2009,ENA,AK,AAL,WE,Federal Contract Tower,0,16,0,0,16,3,43,8,4,58,3,59,8,4,74,12,6,18,92
11/19/2009,ENA,AK,AAL,WE,Federal Contract Tower,0,13,0,0,13,1,53,1,0,55,1,66,1,0,68,22,4,26,94
11/20/2009,ENA,AK,AAL,WE,Federal Contract Tower,0,21,0,0,21,1,36,3,2,42,1,57,3,2,63,12,22,34,97
11/21/2009,ENA,AK,AAL,WE,Federal Contract Tower,0,20,0,0,20,0,23,11,0,34,0,43,11,0,54,0,0,0,54
11/22/2009,ENA,AK,AAL,WE,Federal Contract Tower,0,15,0,0,15,0,16,6,0,22,0,31,6,0,37,18,0,18,55
11/23/2009,ENA,AK,AAL,WE,Federal Contract Tower,1,26,0,0,27,1,37,6,0,44,2,63,6,0,71,16,38,54,125
11/24/2009,ENA,AK,AAL,WE,Federal Contract Tower,2,23,0,0,25,2,27,6,0,35,4,50,6,0,60,12,10,22,82
11/25/2009,ENA,AK,AAL,WE,Federal Contract Tower,0,18,0,0,18,0,35,5,0,40,0,53,5,0,58,4,0,4,62
11/26/2009,ENA,AK,AAL,WE,Federal Contract Tower,0,14,0,0,14,0,1,0,0,1,0,15,0,0,15,0,0,0,15
11/27/2009,ENA,AK,AAL,WE,Federal Contract Tower,0,41,0,0,41,0,10,0,0,10,0,51,0,0,51,0,0,0,51
11/28/2009,ENA,AK,AAL,WE,Federal Contract Tower,0,12,1,0,13,0,19,8,0,27,0,31,9,0,40,0,0,0,40
11/29/2009,ENA,AK,AAL,WE,Federal Contract Tower,0,27,1,0,28,0,8,4,0,12,0,35,5,0,40,28,0,28,68
11/30/2009,ENA,AK,AAL,WE,Federal Contract Tower,0,31,0,0,31,0,19,1,0,20,0,50,1,0,51,0,0,0,51
12/01/2009,ENA,AK,AAL,WE,Federal Contract Tower,0,41,0,0,41,0,5,0,0,5,0,46,0,0,46,0,0,0,46
12/02/2009,ENA,AK,AAL,WE,Federal Contract Tower,0,27,0,1,28,0,44,1,1,46,0,71,1,2,74,8,12,20,94
12/03/2009,ENA,AK,AAL,WE,Federal Contract Tower,0,19,0,0,19,0,59,9,0,68,0,78,9,0,87,18,6,24,111
12/04/2009,ENA,AK,AAL,WE,Federal Contract Tower,0,17,0,0,17,4,48,13,0,65,4,65,13,0,82,18,0,18,100
12/05/2009,ENA,AK,AAL,WE,Federal Contract Tower,0,13,0,0,13,0,19,15,0,34,0,32,15,0,47,34,0,34,81
12/06/2009,ENA,AK,AAL,WE,Federal Contract Tower,0,10,0,0,10,0,20,8,0,28,0,30,8,0,38,34,2,36,74
12/07/2009,ENA,AK,AAL,WE,Federal Contract Tower,1,20,0,0,21,17,27,7,0,51,18,47,7,0,72,6,0,6,78
12/08/2009,ENA,AK,AAL,WE,Federal Contract Tower,0,34,0,2,36,17,28,6,0,51,17,62,6,2,87,30,6,36,123
12/09/2009,ENA,AK,AAL,WE,Federal Contract Tower,1,17,0,0,18,0,0,0,0,0,1,17,0,0,18,4,0,4,22
12/10/2009,ENA,AK,AAL,WE,Federal Contract Tower,1,47,0,0,48,0,0,0,0,0,1,47,0,0,48,0,0,0,48
12/11/2009,ENA,AK,AAL,WE,Federal Contract Tower,1,29,0,0,30,0,0,0,0,0,1,29,0,0,30,0,0,0,30
12/12/2009,ENA,AK,AAL,WE,Federal Contract Tower,0,15,0,0,15,0,21,1,0,22,0,36,1,0,37,2,0,2,39
12/13/2009,ENA,AK,AAL,WE,Federal Contract Tower,0,18,1,0,19,0,2,0,0,2,0,20,1,0,21,0,0,0,21
12/14/2009,ENA,AK,AAL,WE,Federal Contract Tower,1,37,3,2,43,0,23,0,0,23,1,60,3,2,66,0,16,16,82
12/15/2009,ENA,AK,AAL,WE,Federal Contract Tower,0,50,0,1,51,0,8,0,1,9,0,58,0,2,60,6,0,6,66
12/16/2009,ENA,AK,AAL,WE,Federal Contract Tower,2,35,2,0,39,6,22,0,0,28,8,57,2,0,67,12,0,12,79
12/17/2009,ENA,AK,AAL,WE,Federal Contract Tower,2,33,1,0,36,0,30,3,0,33,2,63,4,0,69,0,0,0,69
12/18/2009,ENA,AK,AAL,WE,Federal Contract Tower,0,29,1,0,30,0,36,2,0,38,0,65,3,0,68,0,0,0,68
12/19/2009,ENA,AK,AAL,WE,Federal Contract Tower,0,29,0,0,29,0,2,0,0,2,0,31,0,0,31,0,0,0,31
12/20/2009,ENA,AK,AAL,WE,Federal Contract Tower,0,16,0,0,16,0,12,3,0,15,0,28,3,0,31,4,0,4,35
12/21/2009,ENA,AK,AAL,WE,Federal Contract Tower,0,17,0,0,17,0,37,3,0,40,0,54,3,0,57,4,8,12,69
12/22/2009,ENA,AK,AAL,WE,Federal Contract Tower,0,16,0,0,16,0,35,4,0,39,0,51,4,0,55,14,0,14,69
12/23/2009,ENA,AK,AAL,WE,Federal Contract Tower,2,28,0,0,30,3,21,2,0,26,5,49,2,0,56,0,0,0,56
12/24/2009,ENA,AK,AAL,WE,Federal Contract Tower,0,18,0,0,18,4,32,0,0,36,4,50,0,0,54,8,0,8,62
12/25/2009,ENA,AK,AAL,WE,Federal Contract Tower,0,12,0,0,12,0,4,2,0,6,0,16,2,0,18,10,0,10,28
12/26/2009,ENA,AK,AAL,WE,Federal Contract Tower,0,13,0,0,13,0,14,4,0,18,0,27,4,0,31,20,0,20,51
12/27/2009,ENA,AK,AAL,WE,Federal Contract Tower,0,14,1,0,15,0,28,14,0,42,0,42,15,0,57,26,0,26,83
12/28/2009,ENA,AK,AAL,WE,Federal Contract Tower,2,18,2,3,25,2,44,6,2,54,4,62,8,5,79,8,60,68,147
12/29/2009,ENA,AK,AAL,WE,Federal Contract Tower,1,18,0,0,19,1,41,13,0,55,2,59,13,0,74,12,34,46,120
12/30/2009,ENA,AK,AAL,WE,Federal Contract Tower,1,19,0,0,20,1,46,13,0,60,2,65,13,0,80,8,2,10,90
12/31/2009,ENA,AK,AAL,WE,Federal Contract Tower,1,16,3,0,20,3,48,11,0,62,4,64,14,0,82,48,0,48,130
01/01/2010,ENA,AK,AAL,WE,Federal Contract Tower,0,11,2,0,13,0,6,7,0,13,0,17,9,0,26,22,0,22,48
01/02/2010,ENA,AK,AAL,WE,Federal Contract Tower,0,14,2,0,16,0,19,5,0,24,0,33,7,0,40,6,0,6,46
01/03/2010,ENA,AK,AAL,WE,Federal Contract Tower,0,26,0,0,26,9,0,0,0,9,9,26,0,0,35,2,0,2,37
01/04/2010,ENA,AK,AAL,WE,Federal Contract Tower,0,29,2,0,31,0,39,7,0,46,0,68,9,0,77,12,0,12,89
01/05/2010,ENA,AK,AAL,WE,Federal Contract Tower,0,17,0,1,18,0,36,2,0,38,0,53,2,1,56,0,0,0,56
01/06/2010,ENA,AK,AAL,WE,Federal Contract Tower,0,49,0,0,49,0,6,0,0,6,0,55,0,0,55,2,0,2,57
01/07/2010,ENA,AK,AAL,WE,Federal Contract Tower,0,22,0,0,22,0,66,7,0,73,0,88,7,0,95,20,0,20,115
01/08/2010,ENA,AK,AAL,WE,Federal Contract Tower,0,20,0,0,20,0,57,14,0,71,0,77,14,0,91,34,0,34,125
01/09/2010,ENA,AK,AAL,WE,Federal Contract Tower,0,6,5,0,11,0,17,13,0,30,0,23,18,0,41,46,0,46,87
01/10/2010,ENA,AK,AAL,WE,Federal Contract Tower,0,17,0,0,17,0,11,8,0,19,0,28,8,0,36,20,0,20,56
01/11/2010,ENA,AK,AAL,WE,Federal Contract Tower,0,17,1,0,18,3,35,0,0,38,3,52,1,0,56,16,0,16,72
01/12/2010,ENA,AK,AAL,WE,Federal Contract Tower,1,38,1,0,40,1,24,2,0,27,2,62,3,0,67,4,10,14,81
01/13/2010,ENA,AK,AAL,WE,Federal Contract Tower,3,19,2,0,24,0,47,3,1,51,3,66,5,1,75,8,24,32,107
01/14/2010,ENA,AK,AAL,WE,Federal Contract Tower,1,48,0,2,51,1,14,0,1,16,2,62,0,3,67,0,0,0,67
01/15/2010,ENA,AK,AAL,WE,Federal Contract Tower,3,32,0,0,35,2,40,7,2,51,5,72,7,2,86,6,2,8,94
01/16/2010,ENA,AK,AAL,WE,Federal Contract Tower,0,11,3,0,14,0,24,11,0,35,0,35,14,0,49,18,0,18,67
01/17/2010,ENA,AK,AAL,WE,Federal Contract Tower,0,7,0,0,7,0,22,14,0,36,0,29,14,0,43,40,0,40,83
01/18/2010,ENA,AK,AAL,WE,Federal Contract Tower,2,50,2,0,54,0,1,0,0,1,2,51,2,0,55,0,0,0,55
01/19/2010,ENA,AK,AAL,WE,Federal Contract Tower,0,19,0,1,20,3,39,5,0,47,3,58,5,1,67,10,4,14,81
01/20/2010,ENA,AK,AAL,WE,Federal Contract Tower,0,11,3,0,14,2,56,16,3,77,2,67,19,3,91,22,24,46,137
01/21/2010,ENA,AK,AAL,WE,Federal Contract Tower,1,37,0,2,40,1,31,13,2,47,2,68,13,4,87,14,4,18,105
01/22/2010,ENA,AK,AAL,WE,Federal Contract Tower,0,24,1,0,25,0,39,16,0,55,0,63,17,0,80,30,36,66,146
01/23/2010,ENA,AK,AAL,WE,Federal Contract Tower,0,13,1,0,14,0,19,22,0,41,0,32,23,0,55,74,8,82,137
01/24/2010,ENA,AK,AAL,WE,Federal Contract Tower,0,14,0,0,14,0,21,5,0,26,0,35,5,0,40,10,0,10,50
01/25/2010,ENA,AK,AAL,WE,Federal Contract Tower,0,14,0,3,17,0,45,18,8,71,0,59,18,11,88,44,54,98,186
01/26/2010,ENA,AK,AAL,WE,Federal Contract Tower,0,22,0,1,23,0,31,7,0,38,0,53,7,1,61,14,24,38,99
01/27/2010,ENA,AK,AAL,WE,Federal Contract Tower,0,23,0,0,23,0,42,0,0,42,0,65,0,0,65,0,0,0,65
01/28/2010,ENA,AK,AAL,WE,Federal Contract Tower,2,17,0,3,22,2,49,6,1,58,4,66,6,4,80,4,20,24,104
01/29/2010,ENA,AK,AAL,WE,Federal Contract Tower,0,13,2,0,15,0,58,11,0,69,0,71,13,0,84,30,0,30,114
01/30/2010,ENA,AK,AAL,WE,Federal Contract Tower,0,26,0,0,26,0,21,23,0,44,0,47,23,0,70,50,0,50,120
01/31/2010,ENA,AK,AAL,WE,Federal Contract Tower,0,9,0,0,9,0,30,5,0,35,0,39,5,0,44,24,0,24,68
02/01/2010,ENA,AK,AAL,WE,Federal Contract Tower,2,19,0,5,26,2,53,15,0,70,4,72,15,5,96,6,40,46,142
02/02/2010,ENA,AK,AAL,WE,Federal Contract Tower,2,17,0,0,19,1,35,5,0,41,3,52,5,0,60,36,0,36,96
02/03/2010,ENA,AK,AAL,WE,Federal Contract Tower,1,18,4,1,24,1,57,12,0,70,2,75,16,1,94,30,68,98,192
02/04/2010,ENA,AK,AAL,WE,Federal Contract Tower,0,23,0,0,23,0,49,7,0,56,0,72,7,0,79,6,26,32,111
02/05/2010,ENA,AK,AAL,WE,Federal Contract Tower,2,51,0,0,53,0,4,0,0,4,2,55,0,0,57,0,0,0,57
02/06/2010,ENA,AK,AAL,WE,Federal Contract Tower,0,23,0,0,23,0,2,0,0,2,0,25,0,0,25,20,0,20,45
02/07/2010,ENA,AK,AAL,WE,Federal Contract Tower,0,26,0,0,26,0,8,3,0,11,0,34,3,0,37,8,0,8,45
02/08/2010,ENA,AK,AAL,WE,Federal Contract Tower,1,32,0,4,37,4,46,10,3,63,5,78,10,7,100,14,6,20,120
02/09/2010,ENA,AK,AAL,WE,Federal Contract Tower,0,26,0,0,26,0,26,0,0,26,0,52,0,0,52,6,0,6,58
02/10/2010,ENA,AK,AAL,WE,Federal Contract Tower,2,21,0,0,23,2,50,4,0,56,4,71,4,0,79,8,16,24,103
02/11/2010,ENA,AK,AAL,WE,Federal Contract Tower,2,19,2,0,23,2,64,6,0,72,4,83,8,0,95,0,0,0,95
02/12/2010,ENA,AK,AAL,WE,Federal Contract Tower,2,19,0,0,21,2,62,7,0,71,4,81,7,0,92,52,0,52,144
02/13/2010,ENA,AK,AAL,WE,Federal Contract Tower,0,4,1,0,5,0,35,17,0,52,0,39,18,0,57,40,0,40,97
02/14/2010,ENA,AK,AAL,WE,Federal Contract Tower,0,6,0,0,6,0,26,7,0,33,0,32,7,0,39,14,0,14,53
02/15/2010,ENA,AK,AAL,WE,Federal Contract Tower,1,17,0,0,18,1,29,3,0,33,2,46,3,0,51,0,0,0,51
02/16/2010,ENA,AK,AAL,WE,Federal Contract Tower,2,17,0,0,19,2,35,4,0,41,4,52,4,0,60,20,0,20,80
02/17/2010,ENA,AK,AAL,WE,Federal Contract Tower,3,17,0,0,20,3,41,1,0,45,6,58,1,0,65,10,12,22,87
02/18/2010,ENA,AK,AAL,WE,Federal Contract Tower,1,28,0,0,29,0,28,3,2,33,1,56,3,2,62,0,24,24,86
02/19/2010,ENA,AK,AAL,WE,Federal Contract Tower,0,34,0,1,35,0,37,2,0,39,0,71,2,1,74,2,2,4,78
02/20/2010,ENA,AK,AAL,WE,Federal Contract Tower,0,16,0,0,16,0,31,24,0,55,0,47,24,0,71,28,0,28,99
02/21/2010,ENA,AK,AAL,WE,Federal Contract Tower,0,16,0,0,16,0,19,10,0,29,0,35,10,0,45,24,0,24,69
02/22/2010,ENA,AK,AAL,WE,Federal Contract Tower,1,14,0,0,15,1,51,16,2,70,2,65,16,2,85,28,4,32,117
02/23/2010,ENA,AK,AAL,WE,Federal Contract Tower,0,9,0,1,10,0,40,12,0,52,0,49,12,1,62,10,10,20,82
02/24/2010,ENA,AK,AAL,WE,Federal Contract Tower,0,12,0,0,12,0,57,12,0,69,0,69,12,0,81,38,0,38,119
02/25/2010,ENA,AK,AAL,WE,Federal Contract Tower,2,35,0,0,37,2,36,4,0,42,4,71,4,0,79,8,16,24,103
02/26/2010,ENA,AK,AAL,WE,Federal Contract Tower,1,28,0,0,29,4,55,15,0,74,5,83,15,0,103,30,0,30,133
02/27/2010,ENA,AK,AAL,WE,Federal Contract Tower,0,14,0,0,14,0,19,21,0,40,0,33,21,0,54,4,0,4,58
02/28/2010,ENA,AK,AAL,WE,Federal Contract Tower,0,28,2,0,30,0,12,1,0,13,0,40,3,0,43,20,0,20,63
03/01/2010,ENA,AK,AAL,WE,Federal Contract Tower,1,18,1,0,20,5,39,6,0,50,6,57,7,0,70,14,0,14,84
03/02/2010,ENA,AK,AAL,WE,Federal Contract Tower,0,22,2,2,26,0,34,1,0,35,0,56,3,2,61,0,6,6,67
03/03/2010,ENA,AK,AAL,WE,Federal Contract Tower,0,29,1,0,30,0,46,4,2,52,0,75,5,2,82,0,18,18,100
03/04/2010,ENA,AK,AAL,WE,Federal Contract Tower,2,41,0,1,44,2,34,3,1,40,4,75,3,2,84,0,10,10,94
03/05/2010,ENA,AK,AAL,WE,Federal Contract Tower,0,41,0,0,41,0,7,0,0,7,0,48,0,0,48,0,0,0,48
03/06/2010,ENA,AK,AAL,WE,Federal Contract Tower,0,23,0,0,23,0,8,1,0,9,0,31,1,0,32,26,0,26,58
03/07/2010,ENA,AK,AAL,WE,Federal Contract Tower,0,10,1,0,11,0,30,25,0,55,0,40,26,0,66,62,0,62,128
03/08/2010,ENA,AK,AAL,WE,Federal Contract Tower,0,28,0,0,28,0,4,0,0,4,0,32,0,0,32,0,12,12,44
03/09/2010,ENA,AK,AAL,WE,Federal Contract Tower,0,44,0,0,44,0,11,0,0,11,0,55,0,0,55,0,0,0,55
03/10/2010,ENA,AK,AAL,WE,Federal Contract Tower,1,43,1,1,46,1,33,2,0,36,2,76,3,1,82,10,12,22,104
03/11/2010,ENA,AK,AAL,WE,Federal Contract Tower,0,43,0,1,44,0,41,9,2,52,0,84,9,3,96,46,10,56,152
03/12/2010,ENA,AK,AAL,WE,Federal Contract Tower,0,31,2,0,33,0,53,11,0,64,0,84,13,0,97,62,0,62,159
03/13/2010,ENA,AK,AAL,WE,Federal Contract Tower,0,7,6,2,15,0,29,19,0,48,0,36,25,2,63,64,0,64,127
03/14/2010,ENA,AK,AAL,WE,Federal Contract Tower,0,26,2,0,28,0,0,11,0,11,0,26,13,0,39,20,0,20,59
03/15/2010,ENA,AK,AAL,WE,Federal Contract Tower,0,10,0,1,11,0,52,20,3,75,0,62,20,4,86,40,36,76,162
03/16/2010,ENA,AK,AAL,WE,Federal Contract Tower,0,31,1,1,33,0,74,39,3,116,0,105,40,4,149,52,26,78,227
03/17/2010,ENA,AK,AAL,WE,Federal Contract Tower,0,11,0,0,11,4,72,32,2,110,4,83,32,2,121,56,2,58,179
03/18/2010,ENA,AK,AAL,WE,Federal Contract Tower,0,11,1,0,12,2,38,18,6,64,2,49,19,6,76,36,22,58,134
03/19/2010,ENA,AK,AAL,WE,Federal Contract Tower,0,22,3,0,25,0,41,19,2,62,0,63,22,2,87,24,2,26,113
03/20/2010,ENA,AK,AAL,WE,Federal Contract Tower,0,12,1,0,13,0,14,14,0,28,0,26,15,0,41,34,0,34,75
03/21/2010,ENA,AK,AAL,WE,Federal Contract Tower,0,11,0,0,11,0,23,31,0,54,0,34,31,0,65,22,0,22,87
03/22/2010,ENA,AK,AAL,WE,Federal Contract Tower,0,27,1,1,29,0,36,5,0,41,0,63,6,1,70,30,30,60,130
03/23/2010,ENA,AK,AAL,WE,Federal Contract Tower,1,18,0,0,19,1,47,15,0,63,2,65,15,0,82,58,26,84,166
03/24/2010,ENA,AK,AAL,WE,Federal Contract Tower,0,25,0,0,25,0,41,21,0,62,0,66,21,0,87,46,32,78,165
03/25/2010,ENA,AK,AAL,WE,Federal Contract Tower,1,16,0,3,20,1,45,8,1,55,2,61,8,4,75,2,2,4,79
03/26/2010,ENA,AK,AAL,WE,Federal Contract Tower,0,19,1,0,20,5,47,13,0,65,5,66,14,0,85,28,0,28,113
03/27/2010,ENA,AK,AAL,WE,Federal Contract Tower,0,8,0,0,8,0,31,15,0,46,0,39,15,0,54,16,0,16,70
03/28/2010,ENA,AK,AAL,WE,Federal Contract Tower,0,19,0,0,19,0,17,21,0,38,0,36,21,0,57,20,0,20,77
03/29/2010,ENA,AK,AAL,WE,Federal Contract Tower,1,23,0,0,24,0,26,4,0,30,1,49,4,0,54,10,0,10,64
03/30/2010,ENA,AK,AAL,WE,Federal Contract Tower,2,40,1,1,44,2,17,7,1,27,4,57,8,2,71,20,22,42,113
03/31/2010,ENA,AK,AAL,WE,Federal Contract Tower,1,20,0,0,21,4,48,9,1,62,5,68,9,1,83,22,2,24,107
04/01/2010,ENA,AK,AAL,WE,Federal Contract Tower,0,18,0,0,18,0,50,9,2,61,0,68,9,2,79,16,6,22,101
04/02/2010,ENA,AK,AAL,WE,Federal Contract Tower,0,15,2,2,19,0,42,15,2,59,0,57,17,4,78,22,0,22,100
04/03/2010,ENA,AK,AAL,WE,Federal Contract Tower,0,5,0,0,5,0,25,33,0,58,0,30,33,0,63,60,0,60,123
04/04/2010,ENA,AK,AAL,WE,Federal Contract Tower,0,7,1,0,8,0,20,8,0,28,0,27,9,0,36,18,0,18,54
04/05/2010,ENA,AK,AAL,WE,Federal Contract Tower,0,32,0,0,32,0,15,5,2,22,0,47,5,2,54,16,0,16,70
04/06/2010,ENA,AK,AAL,WE,Federal Contract Tower,0,47,0,1,48,0,9,1,0,10,0,56,1,1,58,0,16,16,74
04/07/2010,ENA,AK,AAL,WE,Federal Contract Tower,0,17,1,0,18,0,47,6,0,53,0,64,7,0,71,14,22,36,107
04/08/2010,ENA,AK,AAL,WE,Federal Contract Tower,0,15,0,0,15,0,47,18,0,65,0,62,18,0,80,36,18,54,134
04/09/2010,ENA,AK,AAL,WE,Federal Contract Tower,0,12,3,0,15,2,50,35,0,87,2,62,38,0,102,50,0,50,152
04/10/2010,ENA,AK,AAL,WE,Federal Contract Tower,0,10,2,0,12,1,13,26,0,40,1,23,28,0,52,54,0,54,106
04/11/2010,ENA,AK,AAL,WE,Federal Contract Tower,0,20,0,0,20,0,8,1,0,9,0,28,1,0,29,20,0,20,49
04/12/2010,ENA,AK,AAL,WE,Federal Contract Tower,0,36,0,2,38,2,18,3,2,25,2,54,3,4,63,30,34,64,127
04/13/2010,ENA,AK,AAL,WE,Federal Contract Tower,0,16,4,0,20,6,49,8,2,65,6,65,12,2,85,52,28,80,165
04/14/2010,ENA,AK,AAL,WE,Federal Contract Tower,0,44,0,2,46,0,13,0,0,13,0,57,0,2,59,0,0,0,59
04/15/2010,ENA,AK,AAL,WE,Federal Contract Tower,0,25,2,0,27,0,52,4,0,56,0,77,6,0,83,2,16,18,101
04/16/2010,ENA,AK,AAL,WE,Federal Contract Tower,0,22,0,0,22,0,40,6,0,46,0,62,6,0,68,24,0,24,92
04/17/2010,ENA,AK,AAL,WE,Federal Contract Tower,0,13,0,0,13,0,14,18,0,32,0,27,18,0,45,10,0,10,55
04/18/2010,ENA,AK,AAL,WE,Federal Contract Tower,0,8,0,0,8,0,19,9,0,28,0,27,9,0,36,0,0,0,36
04/19/2010,ENA,AK,AAL,WE,Federal Contract Tower,2,35,1,0,38,2,33,8,0,43,4,68,9,0,81,4,18,22,103
04/20/2010,ENA,AK,AAL,WE,Federal Contract Tower,1,20,1,0,22,3,37,16,0,56,4,57,17,0,78,6,30,36,114
04/21/2010,ENA,AK,AAL,WE,Federal Contract Tower,2,28,4,0,34,1,53,12,6,72,3,81,16,6,106,6,12,18,124
04/22/2010,ENA,AK,AAL,WE,Federal Contract Tower,5,48,1,0,54,2,24,9,0,35,7,72,10,0,89,0,0,0,89
04/23/2010,ENA,AK,AAL,WE,Federal Contract Tower,2,27,0,0,29,2,52,35,0,89,4,79,35,0,118,78,0,78,196
04/24/2010,ENA,AK,AAL,WE,Federal Contract Tower,0,12,0,0,12,0,17,26,0,43,0,29,26,0,55,44,0,44,99
04/25/2010,ENA,AK,AAL,WE,Federal Contract Tower,0,12,1,0,13,0,31,11,0,42,0,43,12,0,55,22,0,22,77
04/26/2010,ENA,AK,AAL,WE,Federal Contract Tower,0,29,1,0,30,0,35,8,0,43,0,64,9,0,73,14,20,34,107
04/27/2010,ENA,AK,AAL,WE,Federal Contract Tower,1,24,0,1,26,1,36,11,5,53,2,60,11,6,79,24,18,42,121
04/28/2010,ENA,AK,AAL,WE,Federal Contract Tower,0,22,2,0,24,0,44,26,0,70,0,66,28,0,94,30,6,36,130
04/29/2010,ENA,AK,AAL,WE,Federal Contract Tower,0,26,0,1,27,2,33,20,5,60,2,59,20,6,87,6,18,24,111
04/30/2010,ENA,AK,AAL,WE,Federal Contract Tower,0,31,3,0,34,14,44,12,2,72,14,75,15,2,106,34,0,34,140
05/01/2010,ENA,AK,AAL,WE,Federal Contract Tower,0,15,2,1,18,0,38,28,5,71,0,53,30,6,89,48,0,48,137
05/02/2010,ENA,AK,AAL,WE,Federal Contract Tower,0,13,2,0,15,2,26,29,0,57,2,39,31,0,72,10,0,10,82
05/03/2010,ENA,AK,AAL,WE,Federal Contract Tower,0,16,0,0,16,4,57,18,0,79,4,73,18,0,95,82,0,82,177
05/04/2010,ENA,AK,AAL,WE,Federal Contract Tower,2,19,0,0,21,5,49,19,0,73,7,68,19,0,94,20,50,70,164
05/05/2010,ENA,AK,AAL,WE,Federal Contract Tower,1,19,1,0,21,3,66,20,0,89,4,85,21,0,110,39,34,73,183
05/06/2010,ENA,AK,AAL,WE,Federal Contract Tower,3,30,1,0,34,3,37,19,0,59,6,67,20,0,93,22,10,32,125
05/07/2010,ENA,AK,AAL,WE,Federal Contract Tower,0,23,0,0,23,0,53,19,0,72,0,76,19,0,95,30,0,30,125
05/08/2010,ENA,AK,AAL,WE,Federal Contract Tower,0,14,2,0,16,0,24,33,0,57,0,38,35,0,73,26,0,26,99
05/09/2010,ENA,AK,AAL,WE,Federal Contract Tower,0,7,1,0,8,0,49,29,0,78,0,56,30,0,86,2,0,2,88
05/10/2010,ENA,AK,AAL,WE,Federal Contract Tower,1,23,1,0,25,1,40,19,2,62,2,63,20,2,87,4,26,30,117
05/11/2010,ENA,AK,AAL,WE,Federal Contract Tower,0,21,2,0,23,0,32,5,0,37,0,53,7,0,60,10,0,10,70
05/12/2010,ENA,AK,AAL,WE,Federal Contract Tower,2,25,0,1,28,2,48,14,0,64,4,73,14,1,92,10,2,12,104
05/13/2010,ENA,AK,AAL,WE,Federal Contract Tower,3,19,0,0,22,4,57,20,0,81,7,76,20,0,103,40,0,40,143
05/14/2010,ENA,AK,AAL,WE,Federal Contract Tower,0,20,0,0,20,0,62,10,0,72,0,82,10,0,92,28,6,34,126
05/15/2010,ENA,AK,AAL,WE,Federal Contract Tower,0,14,1,0,15,2,25,50,0,77,2,39,51,0,92,20,0,20,112
05/16/2010,ENA,AK,AAL,WE,Federal Contract Tower,0,13,2,0,15,0,24,22,0,46,0,37,24,0,61,12,0,12,73
05/17/2010,ENA,AK,AAL,WE,Federal Contract Tower,2,17,2,3,24,2,65,31,0,98,4,82,33,3,122,20,22,42,164
05/18/2010,ENA,AK,AAL,WE,Federal Contract Tower,2,11,0,0,13,3,66,28,1,98,5,77,28,1,111,50,8,58,169
05/19/2010,ENA,AK,AAL,WE,Federal Contract Tower,0,18,1,0,19,0,73,22,0,95,0,91,23,0,114,42,0,42,156
05/20/2010,ENA,AK,AAL,WE,Federal Contract Tower,0,22,3,0,25,5,68,26,0,99,5,90,29,0,124,32,2,34,158
05/21/2010,ENA,AK,AAL,WE,Federal Contract Tower,0,17,1,0,18,0,61,29,0,90,0,78,30,0,108,26,0,26,134
05/22/2010,ENA,AK,AAL,WE,Federal Contract Tower,0,8,0,0,8,0,33,22,0,55,0,41,22,0,63,32,0,32,95
05/23/2010,ENA,AK,AAL,WE,Federal Contract Tower,0,12,0,0,12,0,33,30,0,63,0,45,30,0,75,32,0,32,107
05/24/2010,ENA,AK,AAL,WE,Federal Contract Tower,1,18,1,0,20,2,51,43,0,96,3,69,44,0,116,42,0,42,158
05/25/2010,ENA,AK,AAL,WE,Federal Contract Tower,2,26,0,0,28,3,63,31,0,97,5,89,31,0,125,26,0,26,151
05/26/2010,ENA,AK,AAL,WE,Federal Contract Tower,0,12,3,0,15,6,82,41,0,129,6,94,44,0,144,30,0,30,174
05/27/2010,ENA,AK,AAL,WE,Federal Contract Tower,0,17,0,0,17,0,66,24,0,90,0,83,24,0,107,24,12,36,143
05/28/2010,ENA,AK,AAL,WE,Federal Contract Tower,0,13,0,0,13,3,66,32,0,101,3,79,32,0,114,42,6,48,162
05/29/2010,ENA,AK,AAL,WE,Federal Contract Tower,0,8,1,0,9,0,33,36,0,69,0,41,37,0,78,12,0,12,90
05/30/2010,ENA,AK,AAL,WE,Federal Contract Tower,0,12,0,0,12,0,24,9,0,33,0,36,9,0,45,14,0,14,59
05/31/2010,ENA,AK,AAL,WE,Federal Contract Tower,0,14,0,0,14,0,54,44,0,98,0,68,44,0,112,14,6,20,132
06/01/2010,ENA,AK,AAL,WE,Federal Contract Tower,2,21,3,0,26,2,48,22,0,72,4,69,25,0,98,54,26,80,178
06/02/2010,ENA,AK,AAL,WE,Federal Contract Tower,2,13,3,0,18,2,109,36,0,147,4,122,39,0,165,32,10,42,207
06/03/2010,ENA,AK,AAL,WE,Federal Contract Tower,3,38,3,1,45,1,50,18,0,69,4,88,21,1,114,0,0,0,114
06/04/2010,ENA,AK,AAL,WE,Federal Contract Tower,0,26,2,0,28,0,66,30,0,96,0,92,32,0,124,14,0,14,138
06/05/2010,ENA,AK,AAL,WE,Federal Contract Tower,1,15,0,1,17,0,44,96,8,148,1,59,96,9,165,12,0,12,177
06/06/2010,ENA,AK,AAL,WE,Federal Contract Tower,0,13,0,0,13,2,23,35,0,60,2,36,35,0,73,38,0,38,111
06/07/2010,ENA,AK,AAL,WE,Federal Contract Tower,1,17,1,1,20,1,67,20,0,88,2,84,21,1,108,22,12,34,142
06/08/2010,ENA,AK,AAL,WE,Federal Contract Tower,2,19,0,0,21,4,68,36,0,108,6,87,36,0,129,0,0,0,129
06/09/2010,ENA,AK,AAL,WE,Federal Contract Tower,1,20,0,0,21,2,55,22,0,79,3,75,22,0,100,34,28,62,162
06/10/2010,ENA,AK,AAL,WE,Federal Contract Tower,1,17,2,0,20,10,83,19,6,118,11,100,21,6,138,12,6,18,156
06/11/2010,ENA,AK,AAL,WE,Federal Contract Tower,3,17,2,0,22,18,75,32,0,125,21,92,34,0,147,58,10,68,215
06/12/2010,ENA,AK,AAL,WE,Federal Contract Tower,0,13,0,0,13,0,34,35,0,69,0,47,35,0,82,62,0,62,144
06/13/2010,ENA,AK,AAL,WE,Federal Contract Tower,0,10,1,0,11,1,30,18,0,49,1,40,19,0,60,32,0,32,92
06/14/2010,ENA,AK,AAL,WE,Federal Contract Tower,0,23,0,1,24,2,58,25,1,86,2,81,25,2,110,48,78,126,236
06/15/2010,ENA,AK,AAL,WE,Federal Contract Tower,0,41,1,2,44,0,37,10,0,47,0,78,11,2,91,0,12,12,103
06/16/2010,ENA,AK,AAL,WE,Federal Contract Tower,2,31,0,0,33,6,60,17,0,83,8,91,17,0,116,30,10,40,156
06/17/2010,ENA,AK,AAL,WE,Federal Contract Tower,2,24,1,0,27,3,75,22,0,100,5,99,23,0,127,30,14,44,171
06/18/2010,ENA,AK,AAL,WE,Federal Contract Tower,4,24,1,0,29,4,65,24,0,93,8,89,25,0,122,24,0,24,146
06/19/2010,ENA,AK,AAL,WE,Federal Contract Tower,1,24,1,0,26,2,14,18,0,34,3,38,19,0,60,2,0,2,62
06/20/2010,ENA,AK,AAL,WE,Federal Contract Tower,0,17,0,0,17,6,23,30,0,59,6,40,30,0,76,18,0,18,94
06/21/2010,ENA,AK,AAL,WE,Federal Contract Tower,0,14,3,0,17,9,66,31,2,108,9,80,34,2,125,48,14,62,187
06/22/2010,ENA,AK,AAL,WE,Federal Contract Tower,1,35,3,0,39,5,40,24,0,69,6,75,27,0,108,38,20,58,166
06/23/2010,ENA,AK,AAL,WE,Federal Contract Tower,2,21,1,0,24,6,74,25,8,113,8,95,26,8,137,8,18,26,163
06/24/2010,ENA,AK,AAL,WE,Federal Contract Tower,0,27,0,1,28,4,75,33,0,112,4,102,33,1,140,42,0,42,182
06/25/2010,ENA,AK,AAL,WE,Federal Contract Tower,2,39,2,1,44,5,51,29,0,85,7,90,31,1,129,20,4,24,153
06/26/2010,ENA,AK,AAL,WE,Federal Contract Tower,0,25,3,0,28,1,23,28,0,52,1,48,31,0,80,20,0,20,100
06/27/2010,ENA,AK,AAL,WE,Federal Contract Tower,2,35,1,0,38,0,1,6,0,7,2,36,7,0,45,8,0,8,53
06/28/2010,ENA,AK,AAL,WE,Federal Contract Tower,2,40,3,0,45,6,57,23,2,88,8,97,26,2,133,32,68,100,233
06/29/2010,ENA,AK,AAL,WE,Federal Contract Tower,4,31,1,1,37,3,57,14,3,77,7,88,15,4,114,12,10,22,136
06/30/2010,ENA,AK,AAL,WE,Federal Contract Tower,0,33,6,0,39,6,63,26,0,95,6,96,32,0,134,34,6,40,174
07/01/2010,ENA,AK,AAL,WE,Federal Contract Tower,0,26,1,0,27,8,78,15,0,101,8,104,16,0,128,12,22,34,162
07/02/2010,ENA,AK,AAL,WE,Federal Contract Tower,5,18,0,1,24,6,67,37,0,110,11,85,37,1,134,30,16,46,180
07/03/2010,ENA,AK,AAL,WE,Federal Contract Tower,0,15,1,0,16,0,35,39,0,74,0,50,40,0,90,12,0,12,102
07/04/2010,ENA,AK,AAL,WE,Federal Contract Tower,0,19,0,0,19,1,43,37,0,81,1,62,37,0,100,30,0,30,130
07/05/2010,ENA,AK,AAL,WE,Federal Contract Tower,0,18,2,0,20,2,52,11,0,65,2,70,13,0,85,10,0,10,95
07/06/2010,ENA,AK,AAL,WE,Federal Contract Tower,4,20,0,0,24,4,79,32,0,115,8,99,32,0,139,22,10,32,171
07/07/2010,ENA,AK,AAL,WE,Federal Contract Tower,8,18,1,0,27,2,73,32,0,107,10,91,33,0,134,4,50,54,188
07/08/2010,ENA,AK,AAL,WE,Federal Contract Tower,6,22,0,0,28,4,71,35,0,110,10,93,35,0,138,12,0,12,150
07/09/2010,ENA,AK,AAL,WE,Federal Contract Tower,0,24,2,0,26,4,68,37,0,109,4,92,39,0,135,30,0,30,165
07/10/2010,ENA,AK,AAL,WE,Federal Contract Tower,0,26,3,0,29,0,28,17,0,45,0,54,20,0,74,14,0,14,88
07/11/2010,ENA,AK,AAL,WE,Federal Contract Tower,1,8,2,0,11,3,34,39,0,76,4,42,41,0,87,18,0,18,105
07/12/2010,ENA,AK,AAL,WE,Federal Contract Tower,0,13,3,0,16,7,79,40,0,126,7,92,43,0,142,20,22,42,184
07/13/2010,ENA,AK,AAL,WE,Federal Contract Tower,2,33,6,0,41,5,69,15,0,89,7,102,21,0,130,4,0,4,134
07/14/2010,ENA,AK,AAL,WE,Federal Contract Tower,0,31,0,0,31,6,52,32,0,90,6,83,32,0,121,16,16,32,153
07/15/2010,ENA,AK,AAL,WE,Federal Contract Tower,2,24,2,0,28,5,54,36,0,95,7,78,38,0,123,14,36,50,173
07/16/2010,ENA,AK,AAL,WE,Federal Contract Tower,0,45,2,0,47,1,32,19,0,52,1,77,21,0,99,4,2,6,105
07/17/2010,ENA,AK,AAL,WE,Federal Contract Tower,0,48,9,0,57,1,2,2,0,5,1,50,11,0,62,0,0,0,62
07/18/2010,ENA,AK,AAL,WE,Federal Contract Tower,2,57,5,0,64,0,0,7,0,7,2,57,12,0,71,6,0,6,77
07/19/2010,ENA,AK,AAL,WE,Federal Contract Tower,1,46,6,2,55,1,30,18,0,49,2,76,24,2,104,2,0,2,106
07/20/2010,ENA,AK,AAL,WE,Federal Contract Tower,3,50,6,0,59,1,28,19,0,48,4,78,25,0,107,32,0,32,139
07/21/2010,ENA,AK,AAL,WE,Federal Contract Tower,0,26,8,0,34,1,78,56,2,137,1,104,64,2,171,34,16,50,221
07/22/2010,ENA,AK,AAL,WE,Federal Contract Tower,1,24,2,0,27,6,85,50,0,141,7,109,52,0,168,56,0,56,224
07/23/2010,ENA,AK,AAL,WE,Federal Contract Tower,2,19,3,0,24,5,65,29,0,99,7,84,32,0,123,10,0,10,133
07/24/2010,ENA,AK,AAL,WE,Federal Contract Tower,1,33,7,0,41,1,32,25,0,58,2,65,32,0,99,0,0,0,99
07/25/2010,ENA,AK,AAL,WE,Federal Contract Tower,0,28,1,0,29,1,24,17,0,42,1,52,18,0,71,20,0,20,91
07/26/2010,ENA,AK,AAL,WE,Federal Contract Tower,3,53,5,0,61,3,26,16,0,45,6,79,21,0,106,18,0,18,124
07/27/2010,ENA,AK,AAL,WE,Federal Contract Tower,1,37,2,0,40,0,43,33,0,76,1,80,35,0,116,30,10,40,156
07/28/2010,ENA,AK,AAL,WE,Federal Contract Tower,1,25,2,0,28,3,49,19,0,71,4,74,21,0,99,20,34,54,153
07/29/2010,ENA,AK,AAL,WE,Federal Contract Tower,4,26,3,0,33,1,68,35,0,104,5,94,38,0,137,44,4,48,185
07/30/2010,ENA,AK,AAL,WE,Federal Contract Tower,2,23,4,0,29,4,49,17,0,70,6,72,21,0,99,12,0,12,111
07/31/2010,ENA,AK,AAL,WE,Federal Contract Tower,0,26,4,0,30,0,26,26,0,52,0,52,30,0,82,12,0,12,94
08/01/2010,ENA,AK,AAL,WE,Federal Contract Tower,0,31,4,0,35,2,29,23,0,54,2,60,27,0,89,10,0,10,99
08/02/2010,ENA,AK,AAL,WE,Federal Contract Tower,1,45,7,0,53,2,43,26,0,71,3,88,33,0,124,16,0,16,140
08/03/2010,ENA,AK,AAL,WE,Federal Contract Tower,2,35,0,0,37,2,49,19,2,72,4,84,19,2,109,4,12,16,125
08/04/2010,ENA,AK,AAL,WE,Federal Contract Tower,5,53,3,2,63,0,26,4,0,30,5,79,7,2,93,2,0,2,95
08/05/2010,ENA,AK,AAL,WE,Federal Contract Tower,0,57,1,0,58,5,31,17,0,53,5,88,18,0,111,2,0,2,113
08/06/2010,ENA,AK,AAL,WE,Federal Contract Tower,2,57,4,0,63,3,33,12,0,48,5,90,16,0,111,0,0,0,111
08/07/2010,ENA,AK,AAL,WE,Federal Contract Tower,0,26,2,0,28,0,29,22,0,51,0,55,24,0,79,6,0,6,85
08/08/2010,ENA,AK,AAL,WE,Federal Contract Tower,0,28,0,1,29,0,20,33,0,53,0,48,33,1,82,18,0,18,100
08/09/2010,ENA,AK,AAL,WE,Federal Contract Tower,1,40,1,0,42,2,59,26,2,89,3,99,27,2,131,24,4,28,159
08/10/2010,ENA,AK,AAL,WE,Federal Contract Tower,0,45,1,0,46,2,39,4,0,45,2,84,5,0,91,0,0,0,91
08/11/2010,ENA,AK,AAL,WE,Federal Contract Tower,1,28,3,0,32,1,59,30,0,90,2,87,33,0,122,14,8,22,144
08/12/2010,ENA,AK,AAL,WE,Federal Contract Tower,2,38,0,0,40,1,50,19,0,70,3,88,19,0,110,16,0,16,126
08/13/2010,ENA,AK,AAL,WE,Federal Contract Tower,3,30,2,0,35,8,65,36,2,111,11,95,38,2,146,44,0,44,190
08/14/2010,ENA,AK,AAL,WE,Federal Contract Tower,0,15,1,0,16,0,31,31,0,62,0,46,32,0,78,42,10,52,130
08/15/2010,ENA,AK,AAL,WE,Federal Contract Tower,0,24,1,0,25,0,25,23,0,48,0,49,24,0,73,8,0,8,81
08/16/2010,ENA,AK,AAL,WE,Federal Contract Tower,1,53,4,1,59,1,12,5,0,18,2,65,9,1,77,4,14,18,95
08/17/2010,ENA,AK,AAL,WE,Federal Contract Tower,0,44,3,1,48,4,42,4,0,50,4,86,7,1,98,0,2,2,100
08/18/2010,ENA,AK,AAL,WE,Federal Contract Tower,1,31,0,0,32,6,64,28,5,103,7,95,28,5,135,6,48,54,189
08/19/2010,ENA,AK,AAL,WE,Federal Contract Tower,0,12,4,0,16,6,85,37,0,128,6,97,41,0,144,24,2,26,170
08/20/2010,ENA,AK,AAL,WE,Federal Contract Tower,0,9,1,0,10,6,69,53,0,128,6,78,54,0,138,26,0,26,164
08/21/2010,ENA,AK,AAL,WE,Federal Contract Tower,0,17,1,0,18,0,38,31,0,69,0,55,32,0,87,8,0,8,95
08/22/2010,ENA,AK,AAL,WE,Federal Contract Tower,0,15,0,0,15,0,23,26,0,49,0,38,26,0,64,18,0,18,82
08/23/2010,ENA,AK,AAL,WE,Federal Contract Tower,1,19,0,2,22,4,81,55,2,142,5,100,55,4,164,0,0,0,164
08/24/2010,ENA,AK,AAL,WE,Federal Contract Tower,0,19,1,0,20,7,63,29,4,103,7,82,30,4,123,20,8,28,151
08/25/2010,ENA,AK,AAL,WE,Federal Contract Tower,0,19,3,2,24,11,65,35,1,112,11,84,38,3,136,6,30,36,172
08/26/2010,ENA,AK,AAL,WE,Federal Contract Tower,1,24,4,0,29,3,66,21,0,90,4,90,25,0,119,6,24,30,149
08/27/2010,ENA,AK,AAL,WE,Federal Contract Tower,4,61,2,2,69,2,21,6,0,29,6,82,8,2,98,2,12,14,112
08/28/2010,ENA,AK,AAL,WE,Federal Contract Tower,0,32,2,1,35,0,11,3,0,14,0,43,5,1,49,2,2,4,53
08/29/2010,ENA,AK,AAL,WE,Federal Contract Tower,0,24,1,0,25,0,33,38,0,71,0,57,39,0,96,36,0,36,132
08/30/2010,ENA,AK,AAL,WE,Federal Contract Tower,0,25,1,0,26,5,45,16,0,66,5,70,17,0,92,4,28,32,124
08/31/2010,ENA,AK,AAL,WE,Federal Contract Tower,1,34,4,0,39,0,48,14,0,62,1,82,18,0,101,4,0,4,105
09/01/2010,ENA,AK,AAL,WE,Federal Contract Tower,1,32,0,0,33,3,52,15,0,70,4,84,15,0,103,4,8,12,115
09/02/2010,ENA,AK,AAL,WE,Federal Contract Tower,2,24,1,0,27,4,71,37,0,112,6,95,38,0,139,32,8,40,179
09/03/2010,ENA,AK,AAL,WE,Federal Contract Tower,1,1,6,0,8,2,59,23,0,84,3,60,29,0,92,18,0,18,110
09/04/2010,ENA,AK,AAL,WE,Federal Contract Tower,0,25,0,0,25,0,13,10,0,23,0,38,10,0,48,0,0,0,48
09/05/2010,ENA,AK,AAL,WE,Federal Contract Tower,0,28,0,0,28,0,17,13,0,30,0,45,13,0,58,0,0,0,58
09/06/2010,ENA,AK,AAL,WE,Federal Contract Tower,0,27,0,0,27,0,35,34,0,69,0,62,34,0,96,18,0,18,114
09/07/2010,ENA,AK,AAL,WE,Federal Contract Tower,0,44,0,0,44,0,15,3,0,18,0,59,3,0,62,0,6,6,68
09/08/2010,ENA,AK,AAL,WE,Federal Contract Tower,1,30,0,0,31,4,62,5,4,75,5,92,5,4,106,2,6,8,114
09/09/2010,ENA,AK,AAL,WE,Federal Contract Tower,0,45,0,4,49,0,45,10,1,56,0,90,10,5,105,8,56,64,169
09/10/2010,ENA,AK,AAL,WE,Federal Contract Tower,0,18,0,0,18,4,64,26,0,94,4,82,26,0,112,6,24,30,142
09/11/2010,ENA,AK,AAL,WE,Federal Contract Tower,0,11,0,0,11,0,26,37,0,63,0,37,37,0,74,20,0,20,94
09/12/2010,ENA,AK,AAL,WE,Federal Contract Tower,0,22,0,0,22,0,13,24,0,37,0,35,24,0,59,12,0,12,71
09/13/2010,ENA,AK,AAL,WE,Federal Contract Tower,0,14,2,0,16,4,48,24,2,78,4,62,26,2,94,40,12,52,146
09/14/2010,ENA,AK,AAL,WE,Federal Contract Tower,0,44,0,0,44,0,5,6,0,11,0,49,6,0,55,4,0,4,59
09/15/2010,ENA,AK,AAL,WE,Federal Contract Tower,2,34,4,0,40,0,3,5,0,8,2,37,9,0,48,0,0,0,48
09/16/2010,ENA,AK,AAL,WE,Federal Contract Tower,3,41,0,0,44,1,9,14,0,24,4,50,14,0,68,6,0,6,74
09/17/2010,ENA,AK,AAL,WE,Federal Contract Tower,0,50,2,0,52,0,28,18,0,46,0,78,20,0,98,16,0,16,114
09/18/2010,ENA,AK,AAL,WE,Federal Contract Tower,1,25,0,0,26,0,12,18,0,30,1,37,18,0,56,40,0,40,96
09/19/2010,ENA,AK,AAL,WE,Federal Contract Tower,1,26,0,0,27,0,2,1,0,3,1,28,1,0,30,0,0,0,30
09/20/2010,ENA,AK,AAL,WE,Federal Contract Tower,0,29,5,0,34,1,43,12,2,58,1,72,17,2,92,6,70,76,168
09/21/2010,ENA,AK,AAL,WE,Federal Contract Tower,2,16,2,0,20,5,59,11,0,75,7,75,13,0,95,4,14,18,113
09/22/2010,ENA,AK,AAL,WE,Federal Contract Tower,1,18,1,0,20,3,62,13,0,78,4,80,14,0,98,0,80,80,178
09/23/2010,ENA,AK,AAL,WE,Federal Contract Tower,0,18,3,0,21,4,62,21,0,87,4,80,24,0,108,8,26,34,142
09/24/2010,ENA,AK,AAL,WE,Federal Contract Tower,0,20,1,0,21,0,51,6,0,57,0,71,7,0,78,16,0,16,94
09/25/2010,ENA,AK,AAL,WE,Federal Contract Tower,0,15,0,0,15,0,25,12,0,37,0,40,12,0,52,6,0,6,58
09/26/2010,ENA,AK,AAL,WE,Federal Contract Tower,0,19,0,0,19,0,26,14,0,40,0,45,14,0,59,0,0,0,59
09/27/2010,ENA,AK,AAL,WE,Federal Contract Tower,0,17,2,2,21,1,55,27,0,83,1,72,29,2,104,38,44,82,186
09/28/2010,ENA,AK,AAL,WE,Federal Contract Tower,0,19,0,1,20,3,47,13,2,65,3,66,13,3,85,20,40,60,145
09/29/2010,ENA,AK,AAL,WE,Federal Contract Tower,2,27,0,2,31,2,56,8,0,66,4,83,8,2,97,30,68,98,195
09/30/2010,ENA,AK,AAL,WE,Federal Contract Tower,0,30,0,0,30,0,48,16,0,64,0,78,16,0,94,16,0,16,110
10/01/2010,ENA,AK,AAL,WE,Federal Contract Tower,0,25,2,0,27,0,41,9,0,50,0,66,11,0,77,42,0,42,119
10/02/2010,ENA,AK,AAL,WE,Federal Contract Tower,0,22,0,0,22,0,7,6,0,13,0,29,6,0,35,14,0,14,49
10/03/2010,ENA,AK,AAL,WE,Federal Contract Tower,0,12,0,0,12,0,27,1,0,28,0,39,1,0,40,30,0,30,70
10/04/2010,ENA,AK,AAL,WE,Federal Contract Tower,1,7,1,0,9,3,68,43,1,115,4,75,44,1,124,16,44,60,184
10/05/2010,ENA,AK,AAL,WE,Federal Contract Tower,0,14,0,0,14,3,48,21,2,74,3,62,21,2,88,28,32,60,148
10/06/2010,ENA,AK,AAL,WE,Federal Contract Tower,0,38,0,1,39,4,34,24,2,64,4,72,24,3,103,6,34,40,143
10/07/2010,ENA,AK,AAL,WE,Federal Contract Tower,0,38,0,3,41,4,38,16,0,58,4,76,16,3,99,22,6,28,127
10/08/2010,ENA,AK,AAL,WE,Federal Contract Tower,0,15,0,0,15,7,42,24,0,73,7,57,24,0,88,42,10,52,140
10/09/2010,ENA,AK,AAL,WE,Federal Contract Tower,0,8,1,0,9,0,30,44,0,74,0,38,45,0,83,18,0,18,101
10/10/2010,ENA,AK,AAL,WE,Federal Contract Tower,0,11,0,0,11,0,27,24,0,51,0,38,24,0,62,17,0,17,79
10/11/2010,ENA,AK,AAL,WE,Federal Contract Tower,1,31,0,0,32,4,33,16,0,53,5,64,16,0,85,14,0,14,99
10/12/2010,ENA,AK,AAL,WE,Federal Contract Tower,0,28,2,0,30,2,30,13,6,51,2,58,15,6,81,14,26,40,121
10/13/2010,ENA,AK,AAL,WE,Federal Contract Tower,0,10,1,0,11,2,69,40,2,113,2,79,41,2,124,24,38,62,186
10/14/2010,ENA,AK,AAL,WE,Federal Contract Tower,0,12,1,1,14,5,55,19,2,81,5,67,20,3,95,30,52,82,177
10/15/2010,ENA,AK,AAL,WE,Federal Contract Tower,0,10,0,0,10,4,50,31,0,85,4,60,31,0,95,10,2,12,107
10/16/2010,ENA,AK,AAL,WE,Federal Contract Tower,0,15,6,0,21,0,22,14,0,36,0,37,20,0,57,38,0,38,95
10/17/2010,ENA,AK,AAL,WE,Federal Contract Tower,0,11,0,0,11,0,33,4,0,37,0,44,4,0,48,20,0,20,68
10/18/2010,ENA,AK,AAL,WE,Federal Contract Tower,0,13,0,0,13,1,55,14,0,70,1,68,14,0,83,8,32,40,123
10/19/2010,ENA,AK,AAL,WE,Federal Contract Tower,0,17,2,2,21,12,45,7,0,64,12,62,9,2,85,20,68,88,173
10/20/2010,ENA,AK,AAL,WE,Federal Contract Tower,0,16,0,0,16,4,49,22,7,82,4,65,22,7,98,8,4,12,110
10/21/2010,ENA,AK,AAL,WE,Federal Contract Tower,2,20,4,0,26,2,58,14,0,74,4,78,18,0,100,20,0,20,120
10/22/2010,ENA,AK,AAL,WE,Federal Contract Tower,0,20,0,0,20,2,54,16,0,72,2,74,16,0,92,0,12,12,104
10/23/2010,ENA,AK,AAL,WE,Federal Contract Tower,0,7,0,0,7,0,28,27,0,55,0,35,27,0,62,18,0,18,80
10/24/2010,ENA,AK,AAL,WE,Federal Contract Tower,0,8,0,0,8,0,27,26,0,53,0,35,26,0,61,4,0,4,65
10/25/2010,ENA,AK,AAL,WE,Federal Contract Tower,0,27,2,1,30,0,46,16,0,62,0,73,18,1,92,4,14,18,110
10/26/2010,ENA,AK,AAL,WE,Federal Contract Tower,0,40,2,0,42,4,26,7,0,37,4,66,9,0,79,12,0,12,91
10/27/2010,ENA,AK,AAL,WE,Federal Contract Tower,2,18,1,0,21,10,66,12,0,88,12,84,13,0,109,32,28,60,169
10/28/2010,ENA,AK,AAL,WE,Federal Contract Tower,0,45,1,1,47,0,15,0,0,15,0,60,1,1,62,2,2,4,66
10/29/2010,ENA,AK,AAL,WE,Federal Contract Tower,0,22,0,0,22,1,52,28,0,81,1,74,28,0,103,18,0,18,121
10/30/2010,ENA,AK,AAL,WE,Federal Contract Tower,0,12,0,0,12,0,12,14,0,26,0,24,14,0,38,4,0,4,42
10/31/2010,ENA,AK,AAL,WE,Federal Contract Tower,0,16,0,0,16,0,22,9,0,31,0,38,9,0,47,10,0,10,57
11/01/2010,ENA,AK,AAL,WE,Federal Contract Tower,2,17,2,0,21,3,53,11,0,67,5,70,13,0,88,18,8,26,114
11/02/2010,ENA,AK,AAL,WE,Federal Contract Tower,1,29,0,2,32,0,28,14,8,50,1,57,14,10,82,22,30,52,134
11/03/2010,ENA,AK,AAL,WE,Federal Contract Tower,1,29,0,0,30,5,41,7,0,53,6,70,7,0,83,10,0,10,93
11/04/2010,ENA,AK,AAL,WE,Federal Contract Tower,0,42,0,2,44,0,6,1,0,7,0,48,1,2,51,0,4,4,55
11/05/2010,ENA,AK,AAL,WE,Federal Contract Tower,0,35,2,0,37,11,30,8,0,49,11,65,10,0,86,16,8,24,110
11/06/2010,ENA,AK,AAL,WE,Federal Contract Tower,0,29,2,0,31,0,0,0,0,0,0,29,2,0,31,0,0,0,31
11/07/2010,ENA,AK,AAL,WE,Federal Contract Tower,0,32,2,0,34,0,0,0,0,0,0,32,2,0,34,2,0,2,36
11/08/2010,ENA,AK,AAL,WE,Federal Contract Tower,2,49,2,0,53,0,0,0,0,0,2,49,2,0,53,0,0,0,53
11/09/2010,ENA,AK,AAL,WE,Federal Contract Tower,2,43,0,2,47,3,21,9,0,33,5,64,9,2,80,2,2,4,84
11/10/2010,ENA,AK,AAL,WE,Federal Contract Tower,0,40,0,0,40,1,31,4,0,36,1,71,4,0,76,14,0,14,90
11/11/2010,ENA,AK,AAL,WE,Federal Contract Tower,0,27,0,0,27,3,44,10,0,57,3,71,10,0,84,32,0,32,116
11/12/2010,ENA,AK,AAL,WE,Federal Contract Tower,1,19,4,0,24,0,52,5,0,57,1,71,9,0,81,28,0,28,109
11/13/2010,ENA,AK,AAL,WE,Federal Contract Tower,0,12,0,0,12,0,27,10,0,37,0,39,10,0,49,6,0,6,55
11/14/2010,ENA,AK,AAL,WE,Federal Contract Tower,0,14,1,0,15,0,18,13,0,31,0,32,14,0,46,28,0,28,74
11/15/2010,ENA,AK,AAL,WE,Federal Contract Tower,0,29,0,0,29,0,32,0,1,33,0,61,0,1,62,0,7,7,69
11/16/2010,ENA,AK,AAL,WE,Federal Contract Tower,0,28,0,0,28,0,30,1,4,35,0,58,1,4,63,10,0,10,73
11/17/2010,ENA,AK,AAL,WE,Federal Contract Tower,0,16,0,1,17,0,57,8,0,65,0,73,8,1,82,16,24,40,122
11/18/2010,ENA,AK,AAL,WE,Federal Contract Tower,0,14,2,0,16,0,50,7,0,57,0,64,9,0,73,30,54,84,157
11/19/2010,ENA,AK,AAL,WE,Federal Contract Tower,0,22,1,2,25,1,44,21,2,68,1,66,22,4,93,34,24,58,151
11/20/2010,ENA,AK,AAL,WE,Federal Contract Tower,0,23,0,0,23,0,15,14,0,29,0,38,14,0,52,38,0,38,90
11/21/2010,ENA,AK,AAL,WE,Federal Contract Tower,0,12,0,0,12,0,24,11,0,35,0,36,11,0,47,12,0,12,59
11/22/2010,ENA,AK,AAL,WE,Federal Contract Tower,0,42,0,0,42,0,9,0,0,9,0,51,0,0,51,0,0,0,51
11/23/2010,ENA,AK,AAL,WE,Federal Contract Tower,0,52,2,0,54,0,0,0,0,0,0,52,2,0,54,4,0,4,58
11/24/2010,ENA,AK,AAL,WE,Federal Contract Tower,0,45,0,0,45,0,27,0,0,27,0,72,0,0,72,0,0,0,72
11/25/2010,ENA,AK,AAL,WE,Federal Contract Tower,0,15,0,0,15,0,0,0,0,0,0,15,0,0,15,0,0,0,15
11/26/2010,ENA,AK,AAL,WE,Federal Contract Tower,0,14,0,0,14,0,37,7,0,44,0,51,7,0,58,18,0,18,76
11/27/2010,ENA,AK,AAL,WE,Federal Contract Tower,0,17,1,0,18,0,10,0,0,10,0,27,1,0,28,2,0,2,30
11/28/2010,ENA,AK,AAL,WE,Federal Contract Tower,0,11,0,0,11,0,25,10,0,35,0,36,10,0,46,14,0,14,60
11/29/2010,ENA,AK,AAL,WE,Federal Contract Tower,0,19,0,0,19,1,34,0,0,35,1,53,0,0,54,0,36,36,90
11/30/2010,ENA,AK,AAL,WE,Federal Contract Tower,0,17,2,0,19,4,50,5,0,59,4,67,7,0,78,20,36,56,134
12/01/2010,ENA,AK,AAL,WE,Federal Contract Tower,0,21,2,0,23,2,50,3,3,58,2,71,5,3,81,0,30,30,111
12/02/2010,ENA,AK,AAL,WE,Federal Contract Tower,0,16,1,0,17,0,62,16,0,78,0,78,17,0,95,32,0,32,127
12/03/2010,ENA,AK,AAL,WE,Federal Contract Tower,2,38,0,0,40,2,20,1,0,23,4,58,1,0,63,0,2,2,65
12/04/2010,ENA,AK,AAL,WE,Federal Contract Tower,0,20,0,1,21,0,19,7,0,26,0,39,7,1,47,10,2,12,59
12/05/2010,ENA,AK,AAL,WE,Federal Contract Tower,0,1,10,0,11,0,24,2,0,26,0,25,12,0,37,0,0,0,37
12/06/2010,ENA,AK,AAL,WE,Federal Contract Tower,0,21,0,0,21,7,40,9,0,56,7,61,9,0,77,10,20,30,107
12/07/2010,ENA,AK,AAL,WE,Federal Contract Tower,0,18,0,0,18,0,60,17,0,77,0,78,17,0,95,24,22,46,141
12/08/2010,ENA,AK,AAL,WE,Federal Contract Tower,0,20,2,0,22,2,71,7,0,80,2,91,9,0,102,12,14,26,128
12/09/2010,ENA,AK,AAL,WE,Federal Contract Tower,0,15,0,3,18,4,66,17,0,87,4,81,17,3,105,22,52,74,179
12/10/2010,ENA,AK,AAL,WE,Federal Contract Tower,0,27,2,0,29,5,24,3,0,32,5,51,5,0,61,16,0,16,77
12/11/2010,ENA,AK,AAL,WE,Federal Contract Tower,1,17,0,0,18,1,19,0,0,20,2,36,0,0,38,0,0,0,38
12/12/2010,ENA,AK,AAL,WE,Federal Contract Tower,0,18,0,0,18,0,23,16,0,39,0,41,16,0,57,0,0,0,57
12/13/2010,ENA,AK,AAL,WE,Federal Contract Tower,1,21,0,0,22,3,52,14,0,69,4,73,14,0,91,12,12,24,115
12/14/2010,ENA,AK,AAL,WE,Federal Contract Tower,1,23,0,0,24,1,25,1,0,27,2,48,1,0,51,0,4,4,55
12/15/2010,ENA,AK,AAL,WE,Federal Contract Tower,0,24,0,0,24,0,25,0,0,25,0,49,0,0,49,0,18,18,67
12/16/2010,ENA,AK,AAL,WE,Federal Contract Tower,0,18,0,1,19,2,55,16,0,73,2,73,16,1,92,4,22,26,118
12/17/2010,ENA,AK,AAL,WE,Federal Contract Tower,0,9,0,0,9,0,56,8,0,64,0,65,8,0,73,16,8,24,97
12/18/2010,ENA,AK,AAL,WE,Federal Contract Tower,0,14,0,0,14,0,26,6,0,32,0,40,6,0,46,18,0,18,64
12/19/2010,ENA,AK,AAL,WE,Federal Contract Tower,0,15,0,0,15,0,14,3,0,17,0,29,3,0,32,6,0,6,38
12/20/2010,ENA,AK,AAL,WE,Federal Contract Tower,0,35,0,0,35,0,35,2,0,37,0,70,2,0,72,6,4,10,82
12/21/2010,ENA,AK,AAL,WE,Federal Contract Tower,0,20,0,0,20,0,46,6,6,58,0,66,6,6,78,4,20,24,102
12/22/2010,ENA,AK,AAL,WE,Federal Contract Tower,0,13,0,0,13,0,50,7,2,59,0,63,7,2,72,6,26,32,104
12/23/2010,ENA,AK,AAL,WE,Federal Contract Tower,0,22,0,0,22,0,48,11,0,59,0,70,11,0,81,44,2,46,127
12/24/2010,ENA,AK,AAL,WE,Federal Contract Tower,0,18,0,0,18,0,35,13,0,48,0,53,13,0,66,8,0,8,74
12/25/2010,ENA,AK,AAL,WE,Federal Contract Tower,0,0,0,0,0,0,0,3,0,3,0,0,3,0,3,2,0,2,5
12/26/2010,ENA,AK,AAL,WE,Federal Contract Tower,0,20,0,0,20,0,10,15,0,25,0,30,15,0,45,12,0,12,57
12/27/2010,ENA,AK,AAL,WE,Federal Contract Tower,0,14,0,0,14,4,46,8,2,60,4,60,8,2,74,24,6,30,104
12/28/2010,ENA,AK,AAL,WE,Federal Contract Tower,0,19,0,0,19,2,41,21,0,64,2,60,21,0,83,16,34,50,133
12/29/2010,ENA,AK,AAL,WE,Federal Contract Tower,1,37,0,0,38,1,40,10,0,51,2,77,10,0,89,20,18,38,127
12/30/2010,ENA,AK,AAL,WE,Federal Contract Tower,0,48,0,1,49,2,13,2,0,17,2,61,2,1,66,0,6,6,72
12/31/2010,ENA,AK,AAL,WE,Federal Contract Tower,0,32,0,0,32,0,20,20,0,40,0,52,20,0,72,0,0,0,72
01/01/2011,ENA,AK,AAL,WE,Federal Contract Tower,0,3,0,0,3,0,2,0,0,2,0,5,0,0,5,0,0,0,5
01/02/2011,ENA,AK,AAL,WE,Federal Contract Tower,0,16,0,0,16,0,17,7,0,24,0,33,7,0,40,4,0,4,44
01/03/2011,ENA,AK,AAL,WE,Federal Contract Tower,0,27,0,0,27,0,35,0,0,35,0,62,0,0,62,4,0,4,66
01/04/2011,ENA,AK,AAL,WE,Federal Contract Tower,0,14,0,1,15,0,48,10,1,59,0,62,10,2,74,8,26,34,108
01/05/2011,ENA,AK,AAL,WE,Federal Contract Tower,0,18,2,0,20,0,50,5,0,55,0,68,7,0,75,8,18,26,101
01/06/2011,ENA,AK,AAL,WE,Federal Contract Tower,0,15,0,0,15,8,53,15,0,76,8,68,15,0,91,12,18,30,121
01/07/2011,ENA,AK,AAL,WE,Federal Contract Tower,0,43,0,0,43,3,28,15,4,50,3,71,15,4,93,4,10,14,107
01/08/2011,ENA,AK,AAL,WE,Federal Contract Tower,2,29,1,0,32,0,15,14,0,29,2,44,15,0,61,12,0,12,73
01/09/2011,ENA,AK,AAL,WE,Federal Contract Tower,0,27,0,1,28,0,18,12,6,36,0,45,12,7,64,18,36,54,118
01/10/2011,ENA,AK,AAL,WE,Federal Contract Tower,2,32,0,1,35,2,22,7,0,31,4,54,7,1,66,6,2,8,74
01/11/2011,ENA,AK,AAL,WE,Federal Contract Tower,0,28,0,0,28,6,34,13,0,53,6,62,13,0,81,4,0,4,85
01/12/2011,ENA,AK,AAL,WE,Federal Contract Tower,0,16,0,0,16,6,55,13,0,74,6,71,13,0,90,24,26,50,140
01/13/2011,ENA,AK,AAL,WE,Federal Contract Tower,0,14,0,0,14,2,53,7,0,62,2,67,7,0,76,0,34,34,110
01/14/2011,ENA,AK,AAL,WE,Federal Contract Tower,0,9,0,1,10,6,43,7,4,60,6,52,7,5,70,2,4,6,76
01/15/2011,ENA,AK,AAL,WE,Federal Contract Tower,0,5,0,0,5,0,33,10,0,43,0,38,10,0,48,36,0,36,84
01/16/2011,ENA,AK,AAL,WE,Federal Contract Tower,0,11,0,0,11,0,26,14,0,40,0,37,14,0,51,30,0,30,81
01/17/2011,ENA,AK,AAL,WE,Federal Contract Tower,0,30,0,0,30,0,36,0,0,36,0,66,0,0,66,0,0,0,66
01/18/2011,ENA,AK,AAL,WE,Federal Contract Tower,0,12,0,2,14,6,51,10,8,75,6,63,10,10,89,16,8,24,113
01/19/2011,ENA,AK,AAL,WE,Federal Contract Tower,3,37,0,2,42,1,23,0,0,24,4,60,0,2,66,4,16,20,86
01/20/2011,ENA,AK,AAL,WE,Federal Contract Tower,0,43,0,0,43,0,0,0,0,0,0,43,0,0,43,0,0,0,43
01/21/2011,ENA,AK,AAL,WE,Federal Contract Tower,0,38,0,2,40,0,27,2,0,29,0,65,2,2,69,0,0,0,69
01/22/2011,ENA,AK,AAL,WE,Federal Contract Tower,0,22,0,0,22,0,8,7,0,15,0,30,7,0,37,2,0,2,39
01/23/2011,ENA,AK,AAL,WE,Federal Contract Tower,0,18,1,0,19,0,14,0,0,14,0,32,1,0,33,10,0,10,43
01/24/2011,ENA,AK,AAL,WE,Federal Contract Tower,0,19,0,0,19,0,52,1,0,53,0,71,1,0,72,4,2,6,78
01/25/2011,ENA,AK,AAL,WE,Federal Contract Tower,0,35,1,0,36,0,20,7,0,27,0,55,8,0,63,36,6,42,105
01/26/2011,ENA,AK,AAL,WE,Federal Contract Tower,0,51,0,0,51,0,2,1,0,3,0,53,1,0,54,0,0,0,54
01/27/2011,ENA,AK,AAL,WE,Federal Contract Tower,0,23,0,0,23,3,74,19,6,102,3,97,19,6,125,12,38,50,175
01/28/2011,ENA,AK,AAL,WE,Federal Contract Tower,0,24,2,0,26,2,53,19,0,74,2,77,21,0,100,30,14,44,144
01/29/2011,ENA,AK,AAL,WE,Federal Contract Tower,0,5,0,0,5,0,26,11,0,37,0,31,11,0,42,6,0,6,48
01/30/2011,ENA,AK,AAL,WE,Federal Contract Tower,0,7,0,0,7,0,29,3,0,32,0,36,3,0,39,0,0,0,39
01/31/2011,ENA,AK,AAL,WE,Federal Contract Tower,0,30,0,0,30,0,36,6,2,44,0,66,6,2,74,8,48,56,130
02/01/2011,ENA,AK,AAL,WE,Federal Contract Tower,0,49,1,0,50,0,0,0,0,0,0,49,1,0,50,0,0,0,50
02/02/2011,ENA,AK,AAL,WE,Federal Contract Tower,0,52,0,0,52,0,5,0,0,5,0,57,0,0,57,0,0,0,57
02/03/2011,ENA,AK,AAL,WE,Federal Contract Tower,0,24,0,0,24,2,47,6,6,61,2,71,6,6,85,0,8,8,93
02/04/2011,ENA,AK,AAL,WE,Federal Contract Tower,1,15,0,0,16,2,39,18,2,61,3,54,18,2,77,22,30,52,129
02/05/2011,ENA,AK,AAL,WE,Federal Contract Tower,0,10,3,0,13,6,22,22,0,50,6,32,25,0,63,32,0,32,95
02/06/2011,ENA,AK,AAL,WE,Federal Contract Tower,0,7,0,0,7,0,29,3,0,32,0,36,3,0,39,8,0,8,47
02/07/2011,ENA,AK,AAL,WE,Federal Contract Tower,1,13,0,0,14,1,55,10,2,68,2,68,10,2,82,28,2,30,112
02/08/2011,ENA,AK,AAL,WE,Federal Contract Tower,0,26,0,0,26,0,36,1,0,37,0,62,1,0,63,8,0,8,71
02/09/2011,ENA,AK,AAL,WE,Federal Contract Tower,0,52,1,0,53,0,0,0,0,0,0,52,1,0,53,0,0,0,53
02/10/2011,ENA,AK,AAL,WE,Federal Contract Tower,3,53,0,0,56,0,16,2,0,18,3,69,2,0,74,2,0,2,76
02/11/2011,ENA,AK,AAL,WE,Federal Contract Tower,0,29,2,2,33,2,41,12,2,57,2,70,14,4,90,30,6,36,126
02/12/2011,ENA,AK,AAL,WE,Federal Contract Tower,0,7,0,0,7,2,26,18,0,46,2,33,18,0,53,34,0,34,87
02/13/2011,ENA,AK,AAL,WE,Federal Contract Tower,0,14,1,0,15,0,21,0,1,22,0,35,1,1,37,6,0,6,43
02/14/2011,ENA,AK,AAL,WE,Federal Contract Tower,0,11,2,2,15,3,51,4,0,58,3,62,6,2,73,6,0,6,79
02/15/2011,ENA,AK,AAL,WE,Federal Contract Tower,0,10,0,0,10,4,59,14,2,79,4,69,14,2,89,46,0,46,135
02/16/2011,ENA,AK,AAL,WE,Federal Contract Tower,0,18,0,0,18,6,61,20,0,87,6,79,20,0,105,50,18,68,173
02/17/2011,ENA,AK,AAL,WE,Federal Contract Tower,1,22,0,3,26,1,60,7,0,68,2,82,7,3,94,24,6,30,124
02/18/2011,ENA,AK,AAL,WE,Federal Contract Tower,2,45,0,0,47,2,28,0,0,30,4,73,0,0,77,0,0,0,77
02/19/2011,ENA,AK,AAL,WE,Federal Contract Tower,0,16,0,0,16,0,23,15,2,40,0,39,15,2,56,32,0,32,88
02/20/2011,ENA,AK,AAL,WE,Federal Contract Tower,0,15,0,1,16,0,20,14,7,41,0,35,14,8,57,30,10,40,97
02/21/2011,ENA,AK,AAL,WE,Federal Contract Tower,0,16,6,2,24,5,42,12,0,59,5,58,18,2,83,0,0,0,83
02/22/2011,ENA,AK,AAL,WE,Federal Contract Tower,0,12,1,0,13,0,52,19,0,71,0,64,20,0,84,38,0,38,122
02/23/2011,ENA,AK,AAL,WE,Federal Contract Tower,0,10,0,1,11,9,66,16,2,93,9,76,16,3,104,32,4,36,140
02/24/2011,ENA,AK,AAL,WE,Federal Contract Tower,1,28,0,0,29,1,42,6,0,49,2,70,6,0,78,20,0,20,98
02/25/2011,ENA,AK,AAL,WE,Federal Contract Tower,0,28,0,0,28,2,41,1,0,44,2,69,1,0,72,12,0,12,84
02/26/2011,ENA,AK,AAL,WE,Federal Contract Tower,0,8,0,0,8,0,21,5,0,26,0,29,5,0,34,2,0,2,36
02/27/2011,ENA,AK,AAL,WE,Federal Contract Tower,0,15,0,0,15,0,18,6,0,24,0,33,6,0,39,4,0,4,43
02/28/2011,ENA,AK,AAL,WE,Federal Contract Tower,1,12,0,0,13,3,54,6,0,63,4,66,6,0,76,18,30,48,124
03/01/2011,ENA,AK,AAL,WE,Federal Contract Tower,0,21,0,0,21,2,45,23,0,70,2,66,23,0,91,20,32,52,143
03/02/2011,ENA,AK,AAL,WE,Federal Contract Tower,0,15,0,0,15,6,54,17,0,77,6,69,17,0,92,0,8,8,100
03/03/2011,ENA,AK,AAL,WE,Federal Contract Tower,0,16,0,0,16,4,50,3,0,57,4,66,3,0,73,8,0,8,81
03/04/2011,ENA,AK,AAL,WE,Federal Contract Tower,0,16,0,1,17,5,49,20,6,80,5,65,20,7,97,24,42,66,163
03/05/2011,ENA,AK,AAL,WE,Federal Contract Tower,1,9,0,0,10,1,19,10,0,30,2,28,10,0,40,12,0,12,52
03/06/2011,ENA,AK,AAL,WE,Federal Contract Tower,0,7,0,0,7,0,29,10,0,39,0,36,10,0,46,24,0,24,70
03/07/2011,ENA,AK,AAL,WE,Federal Contract Tower,0,18,0,0,18,5,50,17,2,74,5,68,17,2,92,20,42,62,154
03/08/2011,ENA,AK,AAL,WE,Federal Contract Tower,0,12,0,0,12,4,47,4,0,55,4,59,4,0,67,10,20,30,97
03/09/2011,ENA,AK,AAL,WE,Federal Contract Tower,0,17,0,0,17,8,61,23,0,92,8,78,23,0,109,14,18,32,141
03/10/2011,ENA,AK,AAL,WE,Federal Contract Tower,0,13,0,0,13,2,57,14,2,75,2,70,14,2,88,18,10,28,116
03/11/2011,ENA,AK,AAL,WE,Federal Contract Tower,0,22,0,0,22,2,47,31,9,89,2,69,31,9,111,44,0,44,155
03/12/2011,ENA,AK,AAL,WE,Federal Contract Tower,0,12,0,0,12,0,21,32,0,53,0,33,32,0,65,18,0,18,83
03/13/2011,ENA,AK,AAL,WE,Federal Contract Tower,0,10,0,0,10,0,23,14,2,39,0,33,14,2,49,2,22,24,73
03/14/2011,ENA,AK,AAL,WE,Federal Contract Tower,0,15,0,0,15,3,57,17,12,89,3,72,17,12,104,18,36,54,158
03/15/2011,ENA,AK,AAL,WE,Federal Contract Tower,0,18,0,0,18,2,57,15,0,74,2,75,15,0,92,2,2,4,96
03/16/2011,ENA,AK,AAL,WE,Federal Contract Tower,0,15,2,0,17,4,56,35,1,96,4,71,37,1,113,50,0,50,163
03/17/2011,ENA,AK,AAL,WE,Federal Contract Tower,0,29,0,0,29,0,37,6,0,43,0,66,6,0,72,2,0,2,74
03/18/2011,ENA,AK,AAL,WE,Federal Contract Tower,0,21,3,2,26,0,41,9,0,50,0,62,12,2,76,22,0,22,98
03/19/2011,ENA,AK,AAL,WE,Federal Contract Tower,0,7,0,0,7,0,33,36,0,69,0,40,36,0,76,50,0,50,126
03/20/2011,ENA,AK,AAL,WE,Federal Contract Tower,0,12,9,0,21,0,17,21,0,38,0,29,30,0,59,14,0,14,73
03/21/2011,ENA,AK,AAL,WE,Federal Contract Tower,0,25,0,0,25,0,34,10,0,44,0,59,10,0,69,14,30,44,113
03/22/2011,ENA,AK,AAL,WE,Federal Contract Tower,0,19,0,0,19,1,34,11,0,46,1,53,11,0,65,32,26,58,123
03/23/2011,ENA,AK,AAL,WE,Federal Contract Tower,3,19,0,2,24,3,69,20,10,102,6,88,20,12,126,26,62,88,214
03/24/2011,ENA,AK,AAL,WE,Federal Contract Tower,1,14,0,0,15,1,46,12,0,59,2,60,12,0,74,32,30,62,136
03/25/2011,ENA,AK,AAL,WE,Federal Contract Tower,1,38,5,0,44,0,25,1,0,26,1,63,6,0,70,8,0,8,78
03/26/2011,ENA,AK,AAL,WE,Federal Contract Tower,0,10,0,0,10,0,17,17,0,34,0,27,17,0,44,12,0,12,56
03/27/2011,ENA,AK,AAL,WE,Federal Contract Tower,0,13,0,0,13,0,20,12,0,32,0,33,12,0,45,18,0,18,63
03/28/2011,ENA,AK,AAL,WE,Federal Contract Tower,3,31,4,2,40,0,46,18,2,66,3,77,22,4,106,42,32,74,180
03/29/2011,ENA,AK,AAL,WE,Federal Contract Tower,1,19,4,1,25,1,46,25,1,73,2,65,29,2,98,46,34,80,178
03/30/2011,ENA,AK,AAL,WE,Federal Contract Tower,2,23,0,0,25,2,47,31,2,82,4,70,31,2,107,16,18,34,141
03/31/2011,ENA,AK,AAL,WE,Federal Contract Tower,1,37,3,1,42,1,40,13,0,54,2,77,16,1,96,6,18,24,120
04/01/2011,ENA,AK,AAL,WE,Federal Contract Tower,0,25,2,0,27,5,45,23,2,75,5,70,25,2,102,56,6,62,164
04/02/2011,ENA,AK,AAL,WE,Federal Contract Tower,0,10,0,0,10,0,25,6,0,31,0,35,6,0,41,4,0,4,45
04/03/2011,ENA,AK,AAL,WE,Federal Contract Tower,0,12,0,0,12,0,17,4,0,21,0,29,4,0,33,12,0,12,45
04/04/2011,ENA,AK,AAL,WE,Federal Contract Tower,0,40,0,4,44,0,35,13,0,48,0,75,13,4,92,18,40,58,150
04/05/2011,ENA,AK,AAL,WE,Federal Contract Tower,0,33,2,0,35,0,28,11,0,39,0,61,13,0,74,12,18,30,104
04/06/2011,ENA,AK,AAL,WE,Federal Contract Tower,1,21,2,0,24,6,68,23,4,101,7,89,25,4,125,30,30,60,185
04/07/2011,ENA,AK,AAL,WE,Federal Contract Tower,0,41,0,0,41,0,14,3,0,17,0,55,3,0,58,0,0,0,58
04/08/2011,ENA,AK,AAL,WE,Federal Contract Tower,2,21,0,0,23,2,42,19,0,63,4,63,19,0,86,12,6,18,104
04/09/2011,ENA,AK,AAL,WE,Federal Contract Tower,0,13,0,0,13,0,21,39,0,60,0,34,39,0,73,26,0,26,99
04/10/2011,ENA,AK,AAL,WE,Federal Contract Tower,0,19,2,0,21,0,17,15,0,32,0,36,17,0,53,36,0,36,89
04/11/2011,ENA,AK,AAL,WE,Federal Contract Tower,1,46,2,0,49,1,28,3,0,32,2,74,5,0,81,0,10,10,91
04/12/2011,ENA,AK,AAL,WE,Federal Contract Tower,1,16,0,0,17,0,56,20,2,78,1,72,20,2,95,6,14,20,115
04/13/2011,ENA,AK,AAL,WE,Federal Contract Tower,0,16,2,0,18,3,70,9,0,82,3,86,11,0,100,4,8,12,112
04/14/2011,ENA,AK,AAL,WE,Federal Contract Tower,1,14,0,0,15,1,54,18,0,73,2,68,18,0,88,24,0,24,112
04/15/2011,ENA,AK,AAL,WE,Federal Contract Tower,0,17,1,0,18,4,47,28,0,79,4,64,29,0,97,32,0,32,129
04/16/2011,ENA,AK,AAL,WE,Federal Contract Tower,0,2,1,0,3,0,36,29,0,65,0,38,30,0,68,22,0,22,90
04/17/2011,ENA,AK,AAL,WE,Federal Contract Tower,0,2,0,0,2,0,41,30,0,71,0,43,30,0,73,10,0,10,83
04/18/2011,ENA,AK,AAL,WE,Federal Contract Tower,1,19,5,0,25,3,49,23,4,79,4,68,28,4,104,30,66,96,200
04/19/2011,ENA,AK,AAL,WE,Federal Contract Tower,0,18,0,0,18,3,61,27,0,91,3,79,27,0,109,42,38,80,189
04/20/2011,ENA,AK,AAL,WE,Federal Contract Tower,0,12,0,0,12,5,59,18,0,82,5,71,18,0,94,56,22,78,172
04/21/2011,ENA,AK,AAL,WE,Federal Contract Tower,0,18,0,0,18,8,46,17,2,73,8,64,17,2,91,28,28,56,147
04/22/2011,ENA,AK,AAL,WE,Federal Contract Tower,0,22,0,0,22,0,33,7,0,40,0,55,7,0,62,8,0,8,70
04/23/2011,ENA,AK,AAL,WE,Federal Contract Tower,0,9,1,0,10,0,26,14,0,40,0,35,15,0,50,18,0,18,68
04/24/2011,ENA,AK,AAL,WE,Federal Contract Tower,2,8,0,0,10,0,28,10,0,38,2,36,10,0,48,8,0,8,56
04/25/2011,ENA,AK,AAL,WE,Federal Contract Tower,0,18,0,0,18,3,64,12,4,83,3,82,12,4,101,34,60,94,195
04/26/2011,ENA,AK,AAL,WE,Federal Contract Tower,3,38,0,0,41,4,19,8,0,31,7,57,8,0,72,8,16,24,96
04/27/2011,ENA,AK,AAL,WE,Federal Contract Tower,0,32,0,0,32,0,52,21,0,73,0,84,21,0,105,0,0,0,105
04/28/2011,ENA,AK,AAL,WE,Federal Contract Tower,1,18,0,1,20,5,63,15,0,83,6,81,15,1,103,6,18,24,127
04/29/2011,ENA,AK,AAL,WE,Federal Contract Tower,2,19,1,1,23,2,31,10,0,43,4,50,11,1,66,16,8,24,90
04/30/2011,ENA,AK,AAL,WE,Federal Contract Tower,0,18,2,0,20,0,13,11,0,24,0,31,13,0,44,16,0,16,60
05/01/2011,ENA,AK,AAL,WE,Federal Contract Tower,0,11,1,0,12,0,39,11,0,50,0,50,12,0,62,22,0,22,84
05/02/2011,ENA,AK,AAL,WE,Federal Contract Tower,0,10,0,0,10,2,71,23,2,98,2,81,23,2,108,18,16,34,142
05/03/2011,ENA,AK,AAL,WE,Federal Contract Tower,1,32,1,1,35,3,57,8,0,68,4,89,9,1,103,10,32,42,145
05/04/2011,ENA,AK,AAL,WE,Federal Contract Tower,1,58,0,0,59,6,19,16,2,43,7,77,16,2,102,6,18,24,126
05/05/2011,ENA,AK,AAL,WE,Federal Contract Tower,0,21,1,0,22,4,59,17,0,80,4,80,18,0,102,4,16,20,122
05/06/2011,ENA,AK,AAL,WE,Federal Contract Tower,0,12,0,0,12,6,58,13,0,77,6,70,13,0,89,18,0,18,107
05/07/2011,ENA,AK,AAL,WE,Federal Contract Tower,0,13,0,0,13,0,25,21,0,46,0,38,21,0,59,22,0,22,81
05/08/2011,ENA,AK,AAL,WE,Federal Contract Tower,0,20,0,0,20,0,18,12,0,30,0,38,12,0,50,8,0,8,58
05/09/2011,ENA,AK,AAL,WE,Federal Contract Tower,2,17,0,2,21,2,67,19,2,90,4,84,19,4,111,50,92,142,253
05/10/2011,ENA,AK,AAL,WE,Federal Contract Tower,0,17,0,0,17,1,60,19,4,84,1,77,19,4,101,18,38,56,157
05/11/2011,ENA,AK,AAL,WE,Federal Contract Tower,0,22,0,0,22,2,61,8,0,71,2,83,8,0,93,18,20,38,131
05/12/2011,ENA,AK,AAL,WE,Federal Contract Tower,0,22,3,0,25,6,65,23,0,94,6,87,26,0,119,22,0,22,141
05/13/2011,ENA,AK,AAL,WE,Federal Contract Tower,0,25,0,0,25,3,58,26,0,87,3,83,26,0,112,70,0,70,182
05/14/2011,ENA,AK,AAL,WE,Federal Contract Tower,0,13,1,0,14,0,35,37,0,72,0,48,38,0,86,34,16,50,136
05/15/2011,ENA,AK,AAL,WE,Federal Contract Tower,0,16,1,0,17,0,24,27,0,51,0,40,28,0,68,34,0,34,102
05/16/2011,ENA,AK,AAL,WE,Federal Contract Tower,2,20,0,0,22,1,67,7,6,81,3,87,7,6,103,52,36,88,191
05/17/2011,ENA,AK,AAL,WE,Federal Contract Tower,1,18,0,0,19,3,58,13,1,75,4,76,13,1,94,42,36,78,172
05/18/2011,ENA,AK,AAL,WE,Federal Contract Tower,1,23,0,0,24,1,57,18,2,78,2,80,18,2,102,38,0,38,140
05/19/2011,ENA,AK,AAL,WE,Federal Contract Tower,0,23,0,0,23,0,56,7,0,63,0,79,7,0,86,14,20,34,120
05/20/2011,ENA,AK,AAL,WE,Federal Contract Tower,0,15,0,0,15,0,56,10,0,66,0,71,10,0,81,32,4,36,117
05/21/2011,ENA,AK,AAL,WE,Federal Contract Tower,0,9,0,0,9,0,30,34,0,64,0,39,34,0,73,28,0,28,101
05/22/2011,ENA,AK,AAL,WE,Federal Contract Tower,0,18,0,0,18,0,29,24,2,55,0,47,24,2,73,32,0,32,105
05/23/2011,ENA,AK,AAL,WE,Federal Contract Tower,3,20,3,0,26,3,59,20,0,82,6,79,23,0,108,36,4,40,148
05/24/2011,ENA,AK,AAL,WE,Federal Contract Tower,1,20,0,0,21,1,64,18,0,83,2,84,18,0,104,48,0,48,152
05/25/2011,ENA,AK,AAL,WE,Federal Contract Tower,0,25,0,1,26,0,59,17,0,76,0,84,17,1,102,14,2,16,118
05/26/2011,ENA,AK,AAL,WE,Federal Contract Tower,1,22,0,0,23,1,77,41,0,119,2,99,41,0,142,34,0,34,176
05/27/2011,ENA,AK,AAL,WE,Federal Contract Tower,0,17,0,0,17,4,67,27,0,98,4,84,27,0,115,22,0,22,137
05/28/2011,ENA,AK,AAL,WE,Federal Contract Tower,0,10,3,0,13,0,38,42,0,80,0,48,45,0,93,28,0,28,121
05/29/2011,ENA,AK,AAL,WE,Federal Contract Tower,0,12,0,0,12,0,26,36,0,62,0,38,36,0,74,24,0,24,98
05/30/2011,ENA,AK,AAL,WE,Federal Contract Tower,0,17,0,0,17,0,58,48,0,106,0,75,48,0,123,8,0,8,131
05/31/2011,ENA,AK,AAL,WE,Federal Contract Tower,2,21,1,1,25,1,59,21,0,81,3,80,22,1,106,32,6,38,144
06/01/2011,ENA,AK,AAL,WE,Federal Contract Tower,0,44,0,0,44,0,41,19,0,60,0,85,19,0,104,28,0,28,132
06/02/2011,ENA,AK,AAL,WE,Federal Contract Tower,0,25,0,0,25,1,55,18,0,74,1,80,18,0,99,16,0,16,115
06/03/2011,ENA,AK,AAL,WE,Federal Contract Tower,3,29,2,3,37,2,49,20,0,71,5,78,22,3,108,12,0,12,120
06/04/2011,ENA,AK,AAL,WE,Federal Contract Tower,0,22,2,4,28,0,20,96,0,116,0,42,98,4,144,0,0,0,144
06/05/2011,ENA,AK,AAL,WE,Federal Contract Tower,0,18,0,2,20,0,28,18,0,46,0,46,18,2,66,14,0,14,80
06/06/2011,ENA,AK,AAL,WE,Federal Contract Tower,0,14,1,0,15,4,72,25,10,111,4,86,26,10,126,16,20,36,162
06/07/2011,ENA,AK,AAL,WE,Federal Contract Tower,1,24,1,0,26,8,60,18,0,86,9,84,19,0,112,12,0,12,124
06/08/2011,ENA,AK,AAL,WE,Federal Contract Tower,1,24,0,0,25,5,74,31,0,110,6,98,31,0,135,24,6,30,165
06/09/2011,ENA,AK,AAL,WE,Federal Contract Tower,1,22,2,0,25,1,67,32,2,102,2,89,34,2,127,62,12,74,201
06/10/2011,ENA,AK,AAL,WE,Federal Contract Tower,0,20,1,0,21,2,57,34,0,93,2,77,35,0,114,26,20,46,160
06/11/2011,ENA,AK,AAL,WE,Federal Contract Tower,0,18,0,0,18,2,33,39,0,74,2,51,39,0,92,34,0,34,126
06/12/2011,ENA,AK,AAL,WE,Federal Contract Tower,0,11,0,0,11,1,31,20,0,52,1,42,20,0,63,0,0,0,63
06/13/2011,ENA,AK,AAL,WE,Federal Contract Tower,2,32,2,0,36,4,51,14,0,69,6,83,16,0,105,6,28,34,139
06/14/2011,ENA,AK,AAL,WE,Federal Contract Tower,1,50,2,0,53,1,32,9,0,42,2,82,11,0,95,16,0,16,111
06/15/2011,ENA,AK,AAL,WE,Federal Contract Tower,3,36,2,2,43,4,46,10,0,60,7,82,12,2,103,22,0,22,125
06/16/2011,ENA,AK,AAL,WE,Federal Contract Tower,3,27,1,0,31,5,61,43,0,109,8,88,44,0,140,46,4,50,190
06/17/2011,ENA,AK,AAL,WE,Federal Contract Tower,1,18,2,0,21,3,69,35,0,107,4,87,37,0,128,12,8,20,148
06/18/2011,ENA,AK,AAL,WE,Federal Contract Tower,0,16,0,0,16,1,23,30,0,54,1,39,30,0,70,16,0,16,86
06/19/2011,ENA,AK,AAL,WE,Federal Contract Tower,0,27,3,0,30,0,16,25,0,41,0,43,28,0,71,16,0,16,87
06/20/2011,ENA,AK,AAL,WE,Federal Contract Tower,2,37,15,1,55,2,41,29,0,72,4,78,44,1,127,12,16,28,155
06/21/2011,ENA,AK,AAL,WE,Federal Contract Tower,1,48,2,0,51,3,20,14,0,37,4,68,16,0,88,20,0,20,108
06/22/2011,ENA,AK,AAL,WE,Federal Contract Tower,2,25,4,1,32,2,65,34,0,101,4,90,38,1,133,18,12,30,163
06/23/2011,ENA,AK,AAL,WE,Federal Contract Tower,1,24,0,0,25,7,56,50,4,117,8,80,50,4,142,28,6,34,176
06/24/2011,ENA,AK,AAL,WE,Federal Contract Tower,1,21,2,0,24,3,65,29,0,97,4,86,31,0,121,4,0,4,125
06/25/2011,ENA,AK,AAL,WE,Federal Contract Tower,0,22,2,0,24,0,14,20,0,34,0,36,22,0,58,16,0,16,74
06/26/2011,ENA,AK,AAL,WE,Federal Contract Tower,0,15,1,0,16,0,24,43,0,67,0,39,44,0,83,6,0,6,89
06/27/2011,ENA,AK,AAL,WE,Federal Contract Tower,2,20,8,0,30,2,52,20,0,74,4,72,28,0,104,22,2,24,128
06/28/2011,ENA,AK,AAL,WE,Federal Contract Tower,3,21,4,0,28,3,73,43,0,119,6,94,47,0,147,12,0,12,159
06/29/2011,ENA,AK,AAL,WE,Federal Contract Tower,1,22,4,0,27,6,67,36,0,109,7,89,40,0,136,26,0,26,162
06/30/2011,ENA,AK,AAL,WE,Federal Contract Tower,2,26,3,0,31,5,53,30,0,88,7,79,33,0,119,28,16,44,163
07/01/2011,ENA,AK,AAL,WE,Federal Contract Tower,1,19,3,0,23,1,72,42,0,115,2,91,45,0,138,40,0,40,178
07/02/2011,ENA,AK,AAL,WE,Federal Contract Tower,0,32,8,0,40,1,3,2,0,6,1,35,10,0,46,14,0,14,60
07/03/2011,ENA,AK,AAL,WE,Federal Contract Tower,0,20,2,0,22,3,26,27,0,56,3,46,29,0,78,12,0,12,90
07/04/2011,ENA,AK,AAL,WE,Federal Contract Tower,0,12,0,0,12,1,34,29,0,64,1,46,29,0,76,13,0,13,89
07/05/2011,ENA,AK,AAL,WE,Federal Contract Tower,0,26,0,0,26,2,62,41,0,105,2,88,41,0,131,24,0,24,155
07/06/2011,ENA,AK,AAL,WE,Federal Contract Tower,0,23,0,1,24,9,62,26,2,99,9,85,26,3,123,62,2,64,187
07/07/2011,ENA,AK,AAL,WE,Federal Contract Tower,1,23,0,0,24,5,68,32,2,107,6,91,32,2,131,32,0,32,163
07/08/2011,ENA,AK,AAL,WE,Federal Contract Tower,1,28,0,0,29,4,64,51,0,119,5,92,51,0,148,34,2,36,184
07/09/2011,ENA,AK,AAL,WE,Federal Contract Tower,0,17,0,0,17,0,25,45,0,70,0,42,45,0,87,42,0,42,129
07/10/2011,ENA,AK,AAL,WE,Federal Contract Tower,0,21,0,0,21,0,31,43,0,74,0,52,43,0,95,70,0,70,165
07/11/2011,ENA,AK,AAL,WE,Federal Contract Tower,0,40,3,1,44,0,54,29,0,83,0,94,32,1,127,42,10,52,179
07/12/2011,ENA,AK,AAL,WE,Federal Contract Tower,0,57,5,0,62,0,16,2,0,18,0,73,7,0,80,8,0,8,88
07/13/2011,ENA,AK,AAL,WE,Federal Contract Tower,1,23,0,0,24,1,72,33,0,106,2,95,33,0,130,14,0,14,144
07/14/2011,ENA,AK,AAL,WE,Federal Contract Tower,2,37,3,1,43,6,63,36,2,107,8,100,39,3,150,12,28,40,190
07/15/2011,ENA,AK,AAL,WE,Federal Contract Tower,1,26,1,0,28,1,90,67,2,160,2,116,68,2,188,4,4,8,196
07/16/2011,ENA,AK,AAL,WE,Federal Contract Tower,0,15,2,0,17,0,46,50,0,96,0,61,52,0,113,10,0,10,123
07/17/2011,ENA,AK,AAL,WE,Federal Contract Tower,0,38,3,4,45,0,21,34,0,55,0,59,37,4,100,4,0,4,104
07/18/2011,ENA,AK,AAL,WE,Federal Contract Tower,3,25,3,0,31,4,69,40,0,113,7,94,43,0,144,8,14,22,166
07/19/2011,ENA,AK,AAL,WE,Federal Contract Tower,1,16,0,2,19,5,69,31,0,105,6,85,31,2,124,52,46,98,222
07/20/2011,ENA,AK,AAL,WE,Federal Contract Tower,1,22,2,1,26,4,84,56,0,144,5,106,58,1,170,24,14,38,208
07/21/2011,ENA,AK,AAL,WE,Federal Contract Tower,1,42,3,2,48,2,51,35,0,88,3,93,38,2,136,22,8,30,166
07/22/2011,ENA,AK,AAL,WE,Federal Contract Tower,0,23,0,0,23,0,68,64,0,132,0,91,64,0,155,18,0,18,173
07/23/2011,ENA,AK,AAL,WE,Federal Contract Tower,0,28,1,0,29,0,34,39,0,73,0,62,40,0,102,10,0,10,112
07/24/2011,ENA,AK,AAL,WE,Federal Contract Tower,0,43,7,1,51,0,7,15,0,22,0,50,22,1,73,4,2,6,79
07/25/2011,ENA,AK,AAL,WE,Federal Contract Tower,0,40,3,1,44,0,43,16,0,59,0,83,19,1,103,0,2,2,105
07/26/2011,ENA,AK,AAL,WE,Federal Contract Tower,1,34,2,2,39,2,81,54,2,139,3,115,56,4,178,42,28,70,248
07/27/2011,ENA,AK,AAL,WE,Federal Contract Tower,1,26,2,0,29,3,77,29,0,109,4,103,31,0,138,20,8,28,166
07/28/2011,ENA,AK,AAL,WE,Federal Contract Tower,0,29,2,0,31,4,107,38,0,149,4,136,40,0,180,4,0,4,184
07/29/2011,ENA,AK,AAL,WE,Federal Contract Tower,0,24,4,1,29,4,73,36,0,113,4,97,40,1,142,24,10,34,176
07/30/2011,ENA,AK,AAL,WE,Federal Contract Tower,0,24,0,0,24,3,31,42,0,76,3,55,42,0,100,16,0,16,116
07/31/2011,ENA,AK,AAL,WE,Federal Contract Tower,0,30,0,0,30,0,51,44,0,95,0,81,44,0,125,20,0,20,145
08/01/2011,ENA,AK,AAL,WE,Federal Contract Tower,1,41,2,3,47,7,76,37,2,122,8,117,39,5,169,12,54,66,235
08/02/2011,ENA,AK,AAL,WE,Federal Contract Tower,1,42,1,2,46,1,50,6,2,59,2,92,7,4,105,0,18,18,123
08/03/2011,ENA,AK,AAL,WE,Federal Contract Tower,5,44,0,1,50,3,66,21,3,93,8,110,21,4,143,56,16,72,215
08/04/2011,ENA,AK,AAL,WE,Federal Contract Tower,2,38,8,0,48,2,54,19,0,75,4,92,27,0,123,42,0,42,165
08/05/2011,ENA,AK,AAL,WE,Federal Contract Tower,1,25,2,0,28,1,65,18,0,84,2,90,20,0,112,30,0,30,142
08/06/2011,ENA,AK,AAL,WE,Federal Contract Tower,2,23,7,0,32,0,37,20,0,57,2,60,27,0,89,52,0,52,141
08/07/2011,ENA,AK,AAL,WE,Federal Contract Tower,0,24,1,0,25,0,28,29,0,57,0,52,30,0,82,24,0,24,106
08/08/2011,ENA,AK,AAL,WE,Federal Contract Tower,2,30,1,2,35,2,62,7,0,71,4,92,8,2,106,28,38,66,172
08/09/2011,ENA,AK,AAL,WE,Federal Contract Tower,2,34,6,5,47,1,53,18,1,73,3,87,24,6,120,42,26,68,188
08/10/2011,ENA,AK,AAL,WE,Federal Contract Tower,3,29,0,0,32,3,78,36,3,120,6,107,36,3,152,56,0,56,208
08/11/2011,ENA,AK,AAL,WE,Federal Contract Tower,0,22,5,0,27,4,67,33,0,104,4,89,38,0,131,24,8,32,163
08/12/2011,ENA,AK,AAL,WE,Federal Contract Tower,3,25,2,0,30,1,55,32,7,95,4,80,34,7,125,32,12,44,169
08/13/2011,ENA,AK,AAL,WE,Federal Contract Tower,0,20,1,0,21,0,20,22,0,42,0,40,23,0,63,16,0,16,79
08/14/2011,ENA,AK,AAL,WE,Federal Contract Tower,0,25,1,0,26,0,34,19,0,53,0,59,20,0,79,4,0,4,83
08/15/2011,ENA,AK,AAL,WE,Federal Contract Tower,1,23,1,0,25,5,77,19,5,106,6,100,20,5,131,18,24,42,173
08/16/2011,ENA,AK,AAL,WE,Federal Contract Tower,0,19,2,0,21,6,64,33,2,105,6,83,35,2,126,48,10,58,184
08/17/2011,ENA,AK,AAL,WE,Federal Contract Tower,1,32,0,2,35,4,72,18,0,94,5,104,18,2,129,34,8,42,171
08/18/2011,ENA,AK,AAL,WE,Federal Contract Tower,3,24,2,0,29,3,63,24,0,90,6,87,26,0,119,20,0,20,139
08/19/2011,ENA,AK,AAL,WE,Federal Contract Tower,3,39,7,0,49,3,30,8,0,41,6,69,15,0,90,4,0,4,94
08/20/2011,ENA,AK,AAL,WE,Federal Contract Tower,0,23,1,0,24,0,20,19,0,39,0,43,20,0,63,20,0,20,83
08/21/2011,ENA,AK,AAL,WE,Federal Contract Tower,0,20,2,0,22,0,40,53,0,93,0,60,55,0,115,40,0,40,155
08/22/2011,ENA,AK,AAL,WE,Federal Contract Tower,0,50,0,3,53,0,35,31,0,66,0,85,31,3,119,34,8,42,161
08/23/2011,ENA,AK,AAL,WE,Federal Contract Tower,0,47,1,1,49,0,31,15,0,46,0,78,16,1,95,28,2,30,125
08/24/2011,ENA,AK,AAL,WE,Federal Contract Tower,0,22,4,2,28,0,61,24,0,85,0,83,28,2,113,82,26,108,221
08/25/2011,ENA,AK,AAL,WE,Federal Contract Tower,0,22,4,0,26,0,76,28,0,104,0,98,32,0,130,16,2,18,148
08/26/2011,ENA,AK,AAL,WE,Federal Contract Tower,0,30,4,0,34,0,53,36,0,89,0,83,40,0,123,32,0,32,155
08/27/2011,ENA,AK,AAL,WE,Federal Contract Tower,0,21,0,0,21,2,31,22,0,55,2,52,22,0,76,42,0,42,118
08/28/2011,ENA,AK,AAL,WE,Federal Contract Tower,0,14,0,0,14,0,49,60,0,109,0,63,60,0,123,44,0,44,167
08/29/2011,ENA,AK,AAL,WE,Federal Contract Tower,1,19,1,1,22,7,77,33,0,117,8,96,34,1,139,26,8,34,173
08/30/2011,ENA,AK,AAL,WE,Federal Contract Tower,3,44,13,0,60,3,45,11,0,59,6,89,24,0,119,16,0,16,135
08/31/2011,ENA,AK,AAL,WE,Federal Contract Tower,0,57,11,1,69,0,19,3,0,22,0,76,14,1,91,6,4,10,101
09/01/2011,ENA,AK,AAL,WE,Federal Contract Tower,1,26,1,0,28,4,77,19,0,100,5,103,20,0,128,8,0,8,136
09/02/2011,ENA,AK,AAL,WE,Federal Contract Tower,3,29,1,0,33,2,62,14,0,78,5,91,15,0,111,10,0,10,121
09/03/2011,ENA,AK,AAL,WE,Federal Contract Tower,0,18,2,0,20,0,20,24,2,46,0,38,26,2,66,22,0,22,88
09/04/2011,ENA,AK,AAL,WE,Federal Contract Tower,0,20,0,0,20,0,24,10,0,34,0,44,10,0,54,32,0,32,86
09/05/2011,ENA,AK,AAL,WE,Federal Contract Tower,0,17,1,0,18,0,43,8,0,51,0,60,9,0,69,10,0,10,79
09/06/2011,ENA,AK,AAL,WE,Federal Contract Tower,1,19,0,0,20,1,72,11,0,84,2,91,11,0,104,32,10,42,146
09/07/2011,ENA,AK,AAL,WE,Federal Contract Tower,3,27,0,0,30,2,84,15,0,101,5,111,15,0,131,12,0,12,143
09/08/2011,ENA,AK,AAL,WE,Federal Contract Tower,3,27,4,0,34,3,80,36,0,119,6,107,40,0,153,26,0,26,179
09/09/2011,ENA,AK,AAL,WE,Federal Contract Tower,1,30,1,0,32,3,52,27,0,82,4,82,28,0,114,2,0,2,116
09/10/2011,ENA,AK,AAL,WE,Federal Contract Tower,0,20,2,0,22,0,27,9,0,36,0,47,11,0,58,14,0,14,72
09/11/2011,ENA,AK,AAL,WE,Federal Contract Tower,0,13,0,0,13,0,31,39,0,70,0,44,39,0,83,14,0,14,97
09/12/2011,ENA,AK,AAL,WE,Federal Contract Tower,2,17,2,0,21,1,65,9,0,75,3,82,11,0,96,2,36,38,134
09/13/2011,ENA,AK,AAL,WE,Federal Contract Tower,2,17,1,0,20,2,77,8,0,87,4,94,9,0,107,12,8,20,127
09/14/2011,ENA,AK,AAL,WE,Federal Contract Tower,4,21,4,0,29,2,74,35,0,111,6,95,39,0,140,10,0,10,150
09/15/2011,ENA,AK,AAL,WE,Federal Contract Tower,0,20,3,0,23,0,69,14,0,83,0,89,17,0,106,4,0,4,110
09/16/2011,ENA,AK,AAL,WE,Federal Contract Tower,2,15,1,3,21,1,79,13,0,93,3,94,14,3,114,2,54,56,170
09/17/2011,ENA,AK,AAL,WE,Federal Contract Tower,0,25,2,1,28,4,30,41,0,75,4,55,43,1,103,42,10,52,155
09/18/2011,ENA,AK,AAL,WE,Federal Contract Tower,0,16,0,2,18,0,24,18,0,42,0,40,18,2,60,2,4,6,66
09/19/2011,ENA,AK,AAL,WE,Federal Contract Tower,3,21,0,0,24,5,55,6,0,66,8,76,6,0,90,12,0,12,102
09/20/2011,ENA,AK,AAL,WE,Federal Contract Tower,4,22,0,0,26,0,64,12,0,76,4,86,12,0,102,6,10,16,118
09/21/2011,ENA,AK,AAL,WE,Federal Contract Tower,0,19,0,0,19,0,73,17,0,90,0,92,17,0,109,14,10,24,133
09/22/2011,ENA,AK,AAL,WE,Federal Contract Tower,0,22,0,0,22,0,69,27,0,96,0,91,27,0,118,8,6,14,132
09/23/2011,ENA,AK,AAL,WE,Federal Contract Tower,0,26,0,0,26,0,77,30,0,107,0,103,30,0,133,14,0,14,147
09/24/2011,ENA,AK,AAL,WE,Federal Contract Tower,0,25,2,0,27,0,19,24,0,43,0,44,26,0,70,14,0,14,84
09/25/2011,ENA,AK,AAL,WE,Federal Contract Tower,0,10,1,0,11,0,41,32,0,73,0,51,33,0,84,0,0,0,84
09/26/2011,ENA,AK,AAL,WE,Federal Contract Tower,0,14,2,0,16,0,68,14,0,82,0,82,16,0,98,14,0,14,112
09/27/2011,ENA,AK,AAL,WE,Federal Contract Tower,0,32,0,0,32,1,45,17,0,63,1,77,17,0,95,26,0,26,121
09/28/2011,ENA,AK,AAL,WE,Federal Contract Tower,1,19,0,0,20,13,97,24,0,134,14,116,24,0,154,54,4,58,212
09/29/2011,ENA,AK,AAL,WE,Federal Contract Tower,3,36,1,0,40,4,62,13,0,79,7,98,14,0,119,16,18,34,153
09/30/2011,ENA,AK,AAL,WE,Federal Contract Tower,0,28,0,0,28,4,79,29,0,112,4,107,29,0,140,22,0,22,162
10/01/2011,ENA,AK,AAL,WE,Federal Contract Tower,0,16,0,0,16,0,20,4,0,24,0,36,4,0,40,20,0,20,60
10/02/2011,ENA,AK,AAL,WE,Federal Contract Tower,0,28,1,0,29,2,21,4,0,27,2,49,5,0,56,6,0,6,62
10/03/2011,ENA,AK,AAL,WE,Federal Contract Tower,0,17,0,0,17,4,74,19,0,97,4,91,19,0,114,10,22,32,146
10/04/2011,ENA,AK,AAL,WE,Federal Contract Tower,1,16,3,0,20,5,71,29,0,105,6,87,32,0,125,6,10,16,141
10/05/2011,ENA,AK,AAL,WE,Federal Contract Tower,3,19,0,1,23,3,68,36,0,107,6,87,36,1,130,16,30,46,176
10/06/2011,ENA,AK,AAL,WE,Federal Contract Tower,4,20,1,0,25,4,65,12,8,89,8,85,13,8,114,8,2,10,124
10/07/2011,ENA,AK,AAL,WE,Federal Contract Tower,4,38,2,0,44,1,44,6,0,51,5,82,8,0,95,0,0,0,95
10/08/2011,ENA,AK,AAL,WE,Federal Contract Tower,0,21,0,0,21,0,27,15,0,42,0,48,15,0,63,12,2,14,77
10/09/2011,ENA,AK,AAL,WE,Federal Contract Tower,0,17,1,0,18,0,33,19,0,52,0,50,20,0,70,0,0,0,70
10/10/2011,ENA,AK,AAL,WE,Federal Contract Tower,0,14,0,0,14,6,71,18,0,95,6,85,18,0,109,22,0,22,131
10/11/2011,ENA,AK,AAL,WE,Federal Contract Tower,0,9,1,0,10,14,70,23,0,107,14,79,24,0,117,48,30,78,195
10/12/2011,ENA,AK,AAL,WE,Federal Contract Tower,0,20,0,2,22,12,65,23,0,100,12,85,23,2,122,46,14,60,182
10/13/2011,ENA,AK,AAL,WE,Federal Contract Tower,3,13,0,0,16,7,55,10,0,72,10,68,10,0,88,12,4,16,104
10/14/2011,ENA,AK,AAL,WE,Federal Contract Tower,0,21,1,2,24,8,41,12,0,61,8,62,13,2,85,12,4,16,101
10/15/2011,ENA,AK,AAL,WE,Federal Contract Tower,0,20,0,0,20,0,18,7,0,25,0,38,7,0,45,26,0,26,71
10/16/2011,ENA,AK,AAL,WE,Federal Contract Tower,0,33,2,0,35,0,9,2,0,11,0,42,4,0,46,4,0,4,50
10/17/2011,ENA,AK,AAL,WE,Federal Contract Tower,0,46,0,5,51,2,29,7,6,44,2,75,7,11,95,8,26,34,129
10/18/2011,ENA,AK,AAL,WE,Federal Contract Tower,0,18,1,0,19,18,73,22,0,113,18,91,23,0,132,28,40,68,200
10/19/2011,ENA,AK,AAL,WE,Federal Contract Tower,0,15,0,2,17,5,81,18,14,118,5,96,18,16,135,2,34,36,171
10/20/2011,ENA,AK,AAL,WE,Federal Contract Tower,0,22,3,0,25,3,62,9,8,82,3,84,12,8,107,12,26,38,145
10/21/2011,ENA,AK,AAL,WE,Federal Contract Tower,0,22,0,0,22,0,50,6,2,58,0,72,6,2,80,0,12,12,92
10/22/2011,ENA,AK,AAL,WE,Federal Contract Tower,0,17,0,0,17,3,23,7,0,33,3,40,7,0,50,6,0,6,56
10/23/2011,ENA,AK,AAL,WE,Federal Contract Tower,0,21,0,0,21,0,12,13,0,25,0,33,13,0,46,30,0,30,76
10/24/2011,ENA,AK,AAL,WE,Federal Contract Tower,0,23,0,0,23,3,51,3,0,57,3,74,3,0,80,16,50,66,146
10/25/2011,ENA,AK,AAL,WE,Federal Contract Tower,0,25,0,3,28,3,21,1,2,27,3,46,1,5,55,4,18,22,77
10/26/2011,ENA,AK,AAL,WE,Federal Contract Tower,0,30,3,0,33,6,61,17,0,84,6,91,20,0,117,8,38,46,163
10/27/2011,ENA,AK,AAL,WE,Federal Contract Tower,1,20,0,1,22,1,47,12,0,60,2,67,12,1,82,12,52,64,146
10/28/2011,ENA,AK,AAL,WE,Federal Contract Tower,2,15,1,0,18,6,48,25,0,79,8,63,26,0,97,22,12,34,131
10/29/2011,ENA,AK,AAL,WE,Federal Contract Tower,0,14,0,0,14,0,11,12,0,23,0,25,12,0,37,6,0,6,43
10/30/2011,ENA,AK,AAL,WE,Federal Contract Tower,0,22,1,0,23,0,17,5,0,22,0,39,6,0,45,4,0,4,49
10/31/2011,ENA,AK,AAL,WE,Federal Contract Tower,4,38,0,2,44,0,18,3,0,21,4,56,3,2,65,0,0,0,65
11/01/2011,ENA,AK,AAL,WE,Federal Contract Tower,1,28,0,0,29,1,33,2,0,36,2,61,2,0,65,0,4,4,69
11/02/2011,ENA,AK,AAL,WE,Federal Contract Tower,0,21,0,0,21,2,51,2,0,55,2,72,2,0,76,16,34,50,126
11/03/2011,ENA,AK,AAL,WE,Federal Contract Tower,2,44,1,0,47,0,23,9,0,32,2,67,10,0,79,12,8,20,99
11/04/2011,ENA,AK,AAL,WE,Federal Contract Tower,0,48,1,2,51,0,20,1,0,21,0,68,2,2,72,2,0,2,74
11/05/2011,ENA,AK,AAL,WE,Federal Contract Tower,0,12,2,0,14,0,25,28,0,53,0,37,30,0,67,14,0,14,81
11/06/2011,ENA,AK,AAL,WE,Federal Contract Tower,0,28,0,0,28,0,6,0,0,6,0,34,0,0,34,0,0,0,34
11/07/2011,ENA,AK,AAL,WE,Federal Contract Tower,2,50,0,0,52,2,17,0,0,19,4,67,0,0,71,0,0,0,71
11/08/2011,ENA,AK,AAL,WE,Federal Contract Tower,0,18,0,0,18,6,59,7,0,72,6,77,7,0,90,4,0,4,94
11/09/2011,ENA,AK,AAL,WE,Federal Contract Tower,0,33,3,0,36,4,30,1,0,35,4,63,4,0,71,6,32,38,109
11/10/2011,ENA,AK,AAL,WE,Federal Contract Tower,1,33,0,0,34,3,44,8,0,55,4,77,8,0,89,6,0,6,95
11/11/2011,ENA,AK,AAL,WE,Federal Contract Tower,2,46,0,0,48,6,7,0,0,13,8,53,0,0,61,2,0,2,63
11/12/2011,ENA,AK,AAL,WE,Federal Contract Tower,0,22,0,0,22,0,7,4,0,11,0,29,4,0,33,20,0,20,53
11/13/2011,ENA,AK,AAL,WE,Federal Contract Tower,0,16,1,0,17,0,28,3,0,31,0,44,4,0,48,12,0,12,60
11/14/2011,ENA,AK,AAL,WE,Federal Contract Tower,0,22,0,0,22,0,57,11,0,68,0,79,11,0,90,38,6,44,134
11/15/2011,ENA,AK,AAL,WE,Federal Contract Tower,0,21,0,0,21,4,61,5,0,70,4,82,5,0,91,20,6,26,117
11/16/2011,ENA,AK,AAL,WE,Federal Contract Tower,0,16,0,0,16,0,25,5,0,30,0,41,5,0,46,0,14,14,60
11/17/2011,ENA,AK,AAL,WE,Federal Contract Tower,0,26,0,2,28,6,107,4,0,117,6,133,4,2,145,12,0,12,157
11/18/2011,ENA,AK,AAL,WE,Federal Contract Tower,0,22,0,0,22,2,59,7,0,68,2,81,7,0,90,12,0,12,102
11/19/2011,ENA,AK,AAL,WE,Federal Contract Tower,0,16,3,0,19,0,33,9,0,42,0,49,12,0,61,0,0,0,61
11/20/2011,ENA,AK,AAL,WE,Federal Contract Tower,0,19,1,0,20,0,16,7,0,23,0,35,8,0,43,12,0,12,55
11/21/2011,ENA,AK,AAL,WE,Federal Contract Tower,1,19,0,0,20,8,57,2,2,69,9,76,2,2,89,22,14,36,125
11/22/2011,ENA,AK,AAL,WE,Federal Contract Tower,0,38,0,0,38,4,22,1,0,27,4,60,1,0,65,2,0,2,67
11/23/2011,ENA,AK,AAL,WE,Federal Contract Tower,1,26,0,0,27,3,68,5,0,76,4,94,5,0,103,6,8,14,117
11/24/2011,ENA,AK,AAL,WE,Federal Contract Tower,0,10,0,0,10,0,1,0,0,1,0,11,0,0,11,0,0,0,11
11/25/2011,ENA,AK,AAL,WE,Federal Contract Tower,0,36,0,0,36,0,25,2,0,27,0,61,2,0,63,18,0,18,81
11/26/2011,ENA,AK,AAL,WE,Federal Contract Tower,0,10,0,0,10,0,35,11,0,46,0,45,11,0,56,44,0,44,100
11/27/2011,ENA,AK,AAL,WE,Federal Contract Tower,0,14,0,0,14,0,27,0,0,27,0,41,0,0,41,10,0,10,51
11/28/2011,ENA,AK,AAL,WE,Federal Contract Tower,2,22,1,0,25,2,55,5,0,62,4,77,6,0,87,16,16,32,119
11/29/2011,ENA,AK,AAL,WE,Federal Contract Tower,2,25,0,0,27,2,45,7,0,54,4,70,7,0,81,26,18,44,125
11/30/2011,ENA,AK,AAL,WE,Federal Contract Tower,2,17,2,1,22,3,56,2,0,61,5,73,4,1,83,14,12,26,109
12/01/2011,ENA,AK,AAL,WE,Federal Contract Tower,3,23,0,0,26,1,41,1,0,43,4,64,1,0,69,0,12,12,81
12/02/2011,ENA,AK,AAL,WE,Federal Contract Tower,0,42,0,0,42,0,24,7,0,31,0,66,7,0,73,12,0,12,85
12/03/2011,ENA,AK,AAL,WE,Federal Contract Tower,0,22,0,0,22,0,7,5,0,12,0,29,5,0,34,0,0,0,34
12/04/2011,ENA,AK,AAL,WE,Federal Contract Tower,0,22,0,0,22,0,15,0,0,15,0,37,0,0,37,18,0,18,55
12/05/2011,ENA,AK,AAL,WE,Federal Contract Tower,0,17,0,0,17,6,48,4,0,58,6,65,4,0,75,42,0,42,117
12/06/2011,ENA,AK,AAL,WE,Federal Contract Tower,1,22,0,1,24,6,51,9,2,68,7,73,9,3,92,24,32,56,148
12/07/2011,ENA,AK,AAL,WE,Federal Contract Tower,0,43,0,0,43,2,29,1,0,32,2,72,1,0,75,0,0,0,75
12/08/2011,ENA,AK,AAL,WE,Federal Contract Tower,0,45,0,0,45,0,10,0,0,10,0,55,0,0,55,0,0,0,55
12/09/2011,ENA,AK,AAL,WE,Federal Contract Tower,0,32,0,0,32,0,20,1,0,21,0,52,1,0,53,0,0,0,53
12/10/2011,ENA,AK,AAL,WE,Federal Contract Tower,2,30,2,0,34,0,0,0,0,0,2,30,2,0,34,0,0,0,34
12/11/2011,ENA,AK,AAL,WE,Federal Contract Tower,1,13,0,0,14,0,3,0,0,3,1,16,0,0,17,2,0,2,19
12/12/2011,ENA,AK,AAL,WE,Federal Contract Tower,1,29,0,0,30,1,39,2,0,42,2,68,2,0,72,4,36,40,112
12/13/2011,ENA,AK,AAL,WE,Federal Contract Tower,1,37,0,0,38,1,41,3,0,45,2,78,3,0,83,26,26,52,135
12/14/2011,ENA,AK,AAL,WE,Federal Contract Tower,2,38,0,2,42,4,40,8,0,52,6,78,8,2,94,22,0,22,116
12/15/2011,ENA,AK,AAL,WE,Federal Contract Tower,2,33,0,0,35,2,46,2,8,58,4,79,2,8,93,12,12,24,117
12/16/2011,ENA,AK,AAL,WE,Federal Contract Tower,0,16,0,0,16,0,38,6,0,44,0,54,6,0,60,10,0,10,70
12/17/2011,ENA,AK,AAL,WE,Federal Contract Tower,0,13,0,0,13,0,20,13,0,33,0,33,13,0,46,40,0,40,86
12/18/2011,ENA,AK,AAL,WE,Federal Contract Tower,0,25,0,0,25,0,5,0,0,5,0,30,0,0,30,0,0,0,30
12/19/2011,ENA,AK,AAL,WE,Federal Contract Tower,1,26,1,2,30,5,41,11,0,57,6,67,12,2,87,42,0,42,129
12/20/2011,ENA,AK,AAL,WE,Federal Contract Tower,0,32,0,0,32,4,25,6,0,35,4,57,6,0,67,16,8,24,91
12/21/2011,ENA,AK,AAL,WE,Federal Contract Tower,2,16,0,2,20,4,43,3,3,53,6,59,3,5,73,4,6,10,83
12/22/2011,ENA,AK,AAL,WE,Federal Contract Tower,0,31,0,1,32,4,49,11,4,68,4,80,11,5,100,6,22,28,128
12/23/2011,ENA,AK,AAL,WE,Federal Contract Tower,1,24,0,0,25,3,44,0,0,47,4,68,0,0,72,8,0,8,80
12/24/2011,ENA,AK,AAL,WE,Federal Contract Tower,0,16,1,0,17,0,12,1,0,13,0,28,2,0,30,12,0,12,42
12/25/2011,ENA,AK,AAL,WE,Federal Contract Tower,2,0,0,0,2,0,0,0,0,0,2,0,0,0,2,0,0,0,2
12/26/2011,ENA,AK,AAL,WE,Federal Contract Tower,0,20,0,0,20,0,39,4,0,43,0,59,4,0,63,0,0,0,63
12/27/2011,ENA,AK,AAL,WE,Federal Contract Tower,2,47,0,1,50,3,13,2,0,18,5,60,2,1,68,16,12,28,96
12/28/2011,ENA,AK,AAL,WE,Federal Contract Tower,1,43,0,0,44,2,22,1,0,25,3,65,1,0,69,0,18,18,87
12/29/2011,ENA,AK,AAL,WE,Federal Contract Tower,2,28,0,0,30,2,33,7,0,42,4,61,7,0,72,8,10,18,90
12/30/2011,ENA,AK,AAL,WE,Federal Contract Tower,2,48,0,0,50,0,18,6,0,24,2,66,6,0,74,0,0,0,74
12/31/2011,ENA,AK,AAL,WE,Federal Contract Tower,1,19,0,0,20,1,7,2,0,10,2,26,2,0,30,14,0,14,44
01/01/2012,ENA,AK,AAL,WE,Federal Contract Tower,0,6,0,0,6,0,0,0,0,0,0,6,0,0,6,2,0,2,8
01/02/2012,ENA,AK,AAL,WE,Federal Contract Tower,0,24,0,0,24,0,31,0,0,31,0,55,0,0,55,6,0,6,61
01/03/2012,ENA,AK,AAL,WE,Federal Contract Tower,1,25,0,0,26,5,47,3,0,55,6,72,3,0,81,6,0,6,87
01/04/2012,ENA,AK,AAL,WE,Federal Contract Tower,0,19,0,2,21,0,47,4,4,55,0,66,4,6,76,14,62,76,152
01/05/2012,ENA,AK,AAL,WE,Federal Contract Tower,1,42,0,0,43,1,12,1,0,14,2,54,1,0,57,0,0,0,57
01/06/2012,ENA,AK,AAL,WE,Federal Contract Tower,0,24,2,2,28,4,53,14,0,71,4,77,16,2,99,10,10,20,119
01/07/2012,ENA,AK,AAL,WE,Federal Contract Tower,0,23,0,0,23,0,2,4,0,6,0,25,4,0,29,4,0,4,33
01/08/2012,ENA,AK,AAL,WE,Federal Contract Tower,0,27,0,0,27,0,8,0,2,10,0,35,0,2,37,0,0,0,37
01/09/2012,ENA,AK,AAL,WE,Federal Contract Tower,0,27,0,0,27,0,50,1,0,51,0,77,1,0,78,4,8,12,90
01/10/2012,ENA,AK,AAL,WE,Federal Contract Tower,0,36,0,0,36,0,14,1,0,15,0,50,1,0,51,0,0,0,51
01/11/2012,ENA,AK,AAL,WE,Federal Contract Tower,0,42,0,0,42,2,26,0,0,28,2,68,0,0,70,0,0,0,70
01/12/2012,ENA,AK,AAL,WE,Federal Contract Tower,2,53,0,0,55,0,0,0,0,0,2,53,0,0,55,0,0,0,55
01/13/2012,ENA,AK,AAL,WE,Federal Contract Tower,3,19,0,0,22,4,56,10,0,70,7,75,10,0,92,14,0,14,106
01/14/2012,ENA,AK,AAL,WE,Federal Contract Tower,0,10,1,0,11,0,25,6,0,31,0,35,7,0,42,4,0,4,46
01/15/2012,ENA,AK,AAL,WE,Federal Contract Tower,0,20,0,0,20,0,15,1,0,16,0,35,1,0,36,0,0,0,36
01/16/2012,ENA,AK,AAL,WE,Federal Contract Tower,0,26,0,0,26,10,42,3,0,55,10,68,3,0,81,10,0,10,91
01/17/2012,ENA,AK,AAL,WE,Federal Contract Tower,0,14,0,0,14,0,54,8,0,62,0,68,8,0,76,0,16,16,92
01/18/2012,ENA,AK,AAL,WE,Federal Contract Tower,0,19,0,1,20,0,57,4,0,61,0,76,4,1,81,2,12,14,95
01/19/2012,ENA,AK,AAL,WE,Federal Contract Tower,0,27,3,0,30,0,48,3,6,57,0,75,6,6,87,0,10,10,97
01/20/2012,ENA,AK,AAL,WE,Federal Contract Tower,0,21,0,0,21,0,60,8,0,68,0,81,8,0,89,34,0,34,123
01/21/2012,ENA,AK,AAL,WE,Federal Contract Tower,0,11,0,0,11,0,26,6,0,32,0,37,6,0,43,14,0,14,57
01/22/2012,ENA,AK,AAL,WE,Federal Contract Tower,0,20,0,0,20,0,10,4,0,14,0,30,4,0,34,0,0,0,34
01/23/2012,ENA,AK,AAL,WE,Federal Contract Tower,0,19,0,0,19,3,47,9,0,59,3,66,9,0,78,54,0,54,132
01/24/2012,ENA,AK,AAL,WE,Federal Contract Tower,0,22,0,0,22,0,46,9,7,62,0,68,9,7,84,32,12,44,128
01/25/2012,ENA,AK,AAL,WE,Federal Contract Tower,0,51,0,0,51,0,6,0,0,6,0,57,0,0,57,0,0,0,57
01/26/2012,ENA,AK,AAL,WE,Federal Contract Tower,0,46,0,0,46,0,46,2,0,48,0,92,2,0,94,0,0,0,94
01/27/2012,ENA,AK,AAL,WE,Federal Contract Tower,0,29,1,0,30,0,35,9,2,46,0,64,10,2,76,12,8,20,96
01/28/2012,ENA,AK,AAL,WE,Federal Contract Tower,0,14,0,0,14,0,16,2,0,18,0,30,2,0,32,0,0,0,32
01/29/2012,ENA,AK,AAL,WE,Federal Contract Tower,0,12,0,2,14,0,26,4,0,30,0,38,4,2,44,0,12,12,56
01/30/2012,ENA,AK,AAL,WE,Federal Contract Tower,1,49,0,1,51,0,5,0,0,5,1,54,0,1,56,0,0,0,56
01/31/2012,ENA,AK,AAL,WE,Federal Contract Tower,2,52,4,0,58,4,5,1,0,10,6,57,5,0,68,10,0,10,78
02/01/2012,ENA,AK,AAL,WE,Federal Contract Tower,1,22,0,0,23,1,14,0,0,15,2,36,0,0,38,0,0,0,38
02/02/2012,ENA,AK,AAL,WE,Federal Contract Tower,0,34,2,0,36,2,36,3,0,41,2,70,5,0,77,8,0,8,85
02/03/2012,ENA,AK,AAL,WE,Federal Contract Tower,4,49,3,0,56,2,0,0,0,2,6,49,3,0,58,2,0,2,60
02/04/2012,ENA,AK,AAL,WE,Federal Contract Tower,0,6,0,0,6,0,45,5,0,50,0,51,5,0,56,4,0,4,60
02/05/2012,ENA,AK,AAL,WE,Federal Contract Tower,0,18,0,0,18,0,22,5,0,27,0,40,5,0,45,14,0,14,59
02/06/2012,ENA,AK,AAL,WE,Federal Contract Tower,0,13,2,1,16,2,73,8,0,83,2,86,10,1,99,20,2,22,121
02/07/2012,ENA,AK,AAL,WE,Federal Contract Tower,0,16,0,0,16,9,57,18,0,84,9,73,18,0,100,38,6,44,144
02/08/2012,ENA,AK,AAL,WE,Federal Contract Tower,0,19,2,0,21,3,52,1,0,56,3,71,3,0,77,2,14,16,93
02/09/2012,ENA,AK,AAL,WE,Federal Contract Tower,0,9,1,0,10,0,62,12,0,74,0,71,13,0,84,10,14,24,108
02/10/2012,ENA,AK,AAL,WE,Federal Contract Tower,3,42,1,0,46,1,18,3,0,22,4,60,4,0,68,0,0,0,68
02/11/2012,ENA,AK,AAL,WE,Federal Contract Tower,0,19,0,0,19,0,16,2,0,18,0,35,2,0,37,6,12,18,55
02/12/2012,ENA,AK,AAL,WE,Federal Contract Tower,0,19,6,0,25,0,18,6,0,24,0,37,12,0,49,12,0,12,61
02/13/2012,ENA,AK,AAL,WE,Federal Contract Tower,0,42,4,0,46,0,7,0,0,7,0,49,4,0,53,0,0,0,53
02/14/2012,ENA,AK,AAL,WE,Federal Contract Tower,0,16,2,0,18,5,58,9,0,72,5,74,11,0,90,24,30,54,144
02/15/2012,ENA,AK,AAL,WE,Federal Contract Tower,4,28,1,0,33,3,38,0,0,41,7,66,1,0,74,4,0,4,78
02/16/2012,ENA,AK,AAL,WE,Federal Contract Tower,0,17,2,0,19,1,41,11,2,55,1,58,13,2,74,44,0,44,118
02/17/2012,ENA,AK,AAL,WE,Federal Contract Tower,4,23,0,0,27,7,49,4,6,66,11,72,4,6,93,6,4,10,103
02/18/2012,ENA,AK,AAL,WE,Federal Contract Tower,0,14,0,0,14,0,27,17,0,44,0,41,17,0,58,34,0,34,92
02/19/2012,ENA,AK,AAL,WE,Federal Contract Tower,0,12,1,0,13,0,20,6,0,26,0,32,7,0,39,22,0,22,61
02/20/2012,ENA,AK,AAL,WE,Federal Contract Tower,0,15,0,0,15,4,39,2,0,45,4,54,2,0,60,2,0,2,62
02/21/2012,ENA,AK,AAL,WE,Federal Contract Tower,0,33,0,0,33,5,41,6,0,52,5,74,6,0,85,10,0,10,95
02/22/2012,ENA,AK,AAL,WE,Federal Contract Tower,0,21,0,2,23,2,49,6,0,57,2,70,6,2,80,14,10,24,104
02/23/2012,ENA,AK,AAL,WE,Federal Contract Tower,0,41,2,3,46,2,40,1,0,43,2,81,3,3,89,0,6,6,95
02/24/2012,ENA,AK,AAL,WE,Federal Contract Tower,0,27,2,0,29,2,50,17,0,69,2,77,19,0,98,12,0,12,110
02/25/2012,ENA,AK,AAL,WE,Federal Contract Tower,0,15,0,0,15,0,31,14,0,45,0,46,14,0,60,52,0,52,112
02/26/2012,ENA,AK,AAL,WE,Federal Contract Tower,0,27,0,0,27,0,0,0,0,0,0,27,0,0,27,0,0,0,27
02/27/2012,ENA,AK,AAL,WE,Federal Contract Tower,0,40,0,1,41,0,13,0,2,15,0,53,0,3,56,8,0,8,64
02/28/2012,ENA,AK,AAL,WE,Federal Contract Tower,0,44,1,2,47,4,31,4,0,39,4,75,5,2,86,16,4,20,106
02/29/2012,ENA,AK,AAL,WE,Federal Contract Tower,0,54,1,0,55,0,5,0,0,5,0,59,1,0,60,4,0,4,64
03/01/2012,ENA,AK,AAL,WE,Federal Contract Tower,0,42,0,0,42,1,27,2,0,30,1,69,2,0,72,6,0,6,78
03/02/2012,ENA,AK,AAL,WE,Federal Contract Tower,0,29,1,0,30,0,36,4,0,40,0,65,5,0,70,14,4,18,88
03/03/2012,ENA,AK,AAL,WE,Federal Contract Tower,0,28,0,0,28,0,0,1,0,1,0,28,1,0,29,0,0,0,29
03/04/2012,ENA,AK,AAL,WE,Federal Contract Tower,0,9,0,0,9,0,29,7,0,36,0,38,7,0,45,36,0,36,81
03/05/2012,ENA,AK,AAL,WE,Federal Contract Tower,0,42,5,1,48,0,13,0,0,13,0,55,5,1,61,4,2,6,67
03/06/2012,ENA,AK,AAL,WE,Federal Contract Tower,0,34,0,0,34,0,30,10,0,40,0,64,10,0,74,10,12,22,96
03/07/2012,ENA,AK,AAL,WE,Federal Contract Tower,0,53,0,0,53,0,16,11,0,27,0,69,11,0,80,18,0,18,98
03/08/2012,ENA,AK,AAL,WE,Federal Contract Tower,0,23,0,0,23,0,57,18,0,75,0,80,18,0,98,10,22,32,130
03/09/2012,ENA,AK,AAL,WE,Federal Contract Tower,0,21,2,0,23,0,53,16,0,69,0,74,18,0,92,4,22,26,118
03/10/2012,ENA,AK,AAL,WE,Federal Contract Tower,0,7,0,0,7,0,28,29,0,57,0,35,29,0,64,34,0,34,98
03/11/2012,ENA,AK,AAL,WE,Federal Contract Tower,0,10,0,2,12,0,30,23,1,54,0,40,23,3,66,14,14,28,94
03/12/2012,ENA,AK,AAL,WE,Federal Contract Tower,0,21,0,0,21,3,44,17,6,70,3,65,17,6,91,40,16,56,147
03/13/2012,ENA,AK,AAL,WE,Federal Contract Tower,0,28,0,0,28,0,44,23,6,73,0,72,23,6,101,52,0,52,153
03/14/2012,ENA,AK,AAL,WE,Federal Contract Tower,0,45,3,9,57,0,32,5,21,58,0,77,8,30,115,26,22,48,163
03/15/2012,ENA,AK,AAL,WE,Federal Contract Tower,0,26,5,0,31,6,44,30,0,80,6,70,35,0,111,18,22,40,151
03/16/2012,ENA,AK,AAL,WE,Federal Contract Tower,1,37,1,2,41,24,72,23,0,119,25,109,24,2,160,12,0,12,172
03/17/2012,ENA,AK,AAL,WE,Federal Contract Tower,0,19,0,2,21,0,32,30,0,62,0,51,30,2,83,22,0,22,105
03/18/2012,ENA,AK,AAL,WE,Federal Contract Tower,0,11,0,2,13,0,23,16,0,39,0,34,16,2,52,6,0,6,58
03/19/2012,ENA,AK,AAL,WE,Federal Contract Tower,0,22,2,1,25,2,53,17,5,77,2,75,19,6,102,36,34,70,172
03/20/2012,ENA,AK,AAL,WE,Federal Contract Tower,3,41,1,0,45,3,31,8,0,42,6,72,9,0,87,2,0,2,89
03/21/2012,ENA,AK,AAL,WE,Federal Contract Tower,0,17,0,4,21,3,54,22,4,83,3,71,22,8,104,18,38,56,160
03/22/2012,ENA,AK,AAL,WE,Federal Contract Tower,0,15,0,0,15,4,71,32,0,107,4,86,32,0,122,66,6,72,194
03/23/2012,ENA,AK,AAL,WE,Federal Contract Tower,1,31,1,0,33,5,32,10,0,47,6,63,11,0,80,8,0,8,88
03/24/2012,ENA,AK,AAL,WE,Federal Contract Tower,0,9,2,0,11,0,33,15,0,48,0,42,17,0,59,18,0,18,77
03/25/2012,ENA,AK,AAL,WE,Federal Contract Tower,0,10,0,0,10,0,27,33,6,66,0,37,33,6,76,26,14,40,116
03/26/2012,ENA,AK,AAL,WE,Federal Contract Tower,0,20,1,0,21,1,50,16,0,67,1,70,17,0,88,48,0,48,136
03/27/2012,ENA,AK,AAL,WE,Federal Contract Tower,4,27,0,0,31,11,20,9,0,40,15,47,9,0,71,32,20,52,123
03/28/2012,ENA,AK,AAL,WE,Federal Contract Tower,0,25,3,4,32,2,55,20,8,85,2,80,23,12,117,28,6,34,151
03/29/2012,ENA,AK,AAL,WE,Federal Contract Tower,0,24,0,2,26,2,46,24,0,72,2,70,24,2,98,25,20,45,143
03/30/2012,ENA,AK,AAL,WE,Federal Contract Tower,0,14,2,0,16,3,52,15,2,72,3,66,17,2,88,32,8,40,128
03/31/2012,ENA,AK,AAL,WE,Federal Contract Tower,0,12,0,0,12,0,27,15,0,42,0,39,15,0,54,18,0,18,72
04/01/2012,ENA,AK,AAL,WE,Federal Contract Tower,0,25,0,0,25,0,5,4,0,9,0,30,4,0,34,0,0,0,34
04/02/2012,ENA,AK,AAL,WE,Federal Contract Tower,2,23,2,0,27,0,34,35,4,73,2,57,37,4,100,30,20,50,150
04/03/2012,ENA,AK,AAL,WE,Federal Contract Tower,0,16,0,0,16,4,55,48,2,109,4,71,48,2,125,42,0,42,167
04/04/2012,ENA,AK,AAL,WE,Federal Contract Tower,1,19,3,1,24,6,73,14,0,93,7,92,17,1,117,8,32,40,157
04/05/2012,ENA,AK,AAL,WE,Federal Contract Tower,5,14,0,1,20,1,52,2,0,55,6,66,2,1,75,26,2,28,103
04/06/2012,ENA,AK,AAL,WE,Federal Contract Tower,0,36,0,3,39,5,43,6,0,54,5,79,6,3,93,34,18,52,145
04/07/2012,ENA,AK,AAL,WE,Federal Contract Tower,0,23,1,0,24,0,7,2,0,9,0,30,3,0,33,0,0,0,33
04/08/2012,ENA,AK,AAL,WE,Federal Contract Tower,2,15,0,2,19,0,16,20,2,38,2,31,20,4,57,20,6,26,83
04/09/2012,ENA,AK,AAL,WE,Federal Contract Tower,0,11,0,0,11,0,52,24,0,76,0,63,24,0,87,24,26,50,137
04/10/2012,ENA,AK,AAL,WE,Federal Contract Tower,0,16,0,1,17,0,59,21,1,81,0,75,21,2,98,26,16,42,140
04/11/2012,ENA,AK,AAL,WE,Federal Contract Tower,0,22,0,0,22,0,61,43,2,106,0,83,43,2,128,36,20,56,184
04/12/2012,ENA,AK,AAL,WE,Federal Contract Tower,0,22,1,0,23,0,50,17,0,67,0,72,18,0,90,60,2,62,152
04/13/2012,ENA,AK,AAL,WE,Federal Contract Tower,0,26,1,0,27,0,44,28,2,74,0,70,29,2,101,54,10,64,165
04/14/2012,ENA,AK,AAL,WE,Federal Contract Tower,0,12,0,0,12,0,24,25,0,49,0,36,25,0,61,36,0,36,97
04/15/2012,ENA,AK,AAL,WE,Federal Contract Tower,0,14,0,0,14,0,27,16,0,43,0,41,16,0,57,6,0,6,63
04/16/2012,ENA,AK,AAL,WE,Federal Contract Tower,0,16,2,0,18,0,58,12,8,78,0,74,14,8,96,10,68,78,174
04/17/2012,ENA,AK,AAL,WE,Federal Contract Tower,0,19,0,0,19,0,50,11,2,63,0,69,11,2,82,30,8,38,120
04/18/2012,ENA,AK,AAL,WE,Federal Contract Tower,0,21,0,2,23,1,55,18,2,76,1,76,18,4,99,26,54,80,179
04/19/2012,ENA,AK,AAL,WE,Federal Contract Tower,0,16,0,2,18,4,82,18,2,106,4,98,18,4,124,40,8,48,172
04/20/2012,ENA,AK,AAL,WE,Federal Contract Tower,0,20,0,2,22,7,56,17,0,80,7,76,17,2,102,30,0,30,132
04/21/2012,ENA,AK,AAL,WE,Federal Contract Tower,0,13,4,0,17,3,16,22,0,41,3,29,26,0,58,16,8,24,82
04/22/2012,ENA,AK,AAL,WE,Federal Contract Tower,0,12,0,0,12,0,26,26,0,52,0,38,26,0,64,32,0,32,96
04/23/2012,ENA,AK,AAL,WE,Federal Contract Tower,0,19,0,0,19,3,44,17,2,66,3,63,17,2,85,8,4,12,97
04/24/2012,ENA,AK,AAL,WE,Federal Contract Tower,0,17,0,0,17,1,75,10,1,87,1,92,10,1,104,6,19,25,129
04/25/2012,ENA,AK,AAL,WE,Federal Contract Tower,0,18,0,2,20,0,79,22,0,101,0,97,22,2,121,26,24,50,171
04/26/2012,ENA,AK,AAL,WE,Federal Contract Tower,0,19,0,0,19,0,71,7,0,78,0,90,7,0,97,70,6,76,173
04/27/2012,ENA,AK,AAL,WE,Federal Contract Tower,0,14,0,0,14,0,52,15,0,67,0,66,15,0,81,12,0,12,93
04/28/2012,ENA,AK,AAL,WE,Federal Contract Tower,0,14,0,0,14,0,22,16,0,38,0,36,16,0,52,8,0,8,60
04/29/2012,ENA,AK,AAL,WE,Federal Contract Tower,0,18,0,0,18,0,19,22,0,41,0,37,22,0,59,8,0,8,67
04/30/2012,ENA,AK,AAL,WE,Federal Contract Tower,0,17,0,0,17,0,60,25,2,87,0,77,25,2,104,34,50,84,188
05/01/2012,ENA,AK,AAL,WE,Federal Contract Tower,0,22,0,1,23,0,67,24,2,93,0,89,24,3,116,26,36,62,178
05/02/2012,ENA,AK,AAL,WE,Federal Contract Tower,0,20,0,1,21,0,76,33,10,119,0,96,33,11,140,16,38,54,194
05/03/2012,ENA,AK,AAL,WE,Federal Contract Tower,0,17,0,0,17,0,73,27,0,100,0,90,27,0,117,30,6,36,153
05/04/2012,ENA,AK,AAL,WE,Federal Contract Tower,0,25,0,1,26,0,56,13,5,74,0,81,13,6,100,54,18,72,172
05/05/2012,ENA,AK,AAL,WE,Federal Contract Tower,0,20,0,0,20,0,30,15,0,45,0,50,15,0,65,42,0,42,107
05/06/2012,ENA,AK,AAL,WE,Federal Contract Tower,0,17,1,0,18,0,24,22,0,46,0,41,23,0,64,24,0,24,88
05/07/2012,ENA,AK,AAL,WE,Federal Contract Tower,0,22,2,0,24,0,56,22,10,88,0,78,24,10,112,20,28,48,160
05/08/2012,ENA,AK,AAL,WE,Federal Contract Tower,0,25,0,0,25,0,64,17,2,83,0,89,17,2,108,52,22,74,182
05/09/2012,ENA,AK,AAL,WE,Federal Contract Tower,1,23,2,0,26,1,50,18,2,71,2,73,20,2,97,40,40,80,177
05/10/2012,ENA,AK,AAL,WE,Federal Contract Tower,1,21,0,3,25,13,53,10,3,79,14,74,10,6,104,4,40,44,148
05/11/2012,ENA,AK,AAL,WE,Federal Contract Tower,1,23,0,0,24,1,50,16,0,67,2,73,16,0,91,24,0,24,115
05/12/2012,ENA,AK,AAL,WE,Federal Contract Tower,0,17,0,0,17,0,23,19,0,42,0,40,19,0,59,20,0,20,79
05/13/2012,ENA,AK,AAL,WE,Federal Contract Tower,0,16,0,0,16,0,29,15,0,44,0,45,15,0,60,22,0,22,82
05/14/2012,ENA,AK,AAL,WE,Federal Contract Tower,1,26,0,0,27,3,64,54,4,125,4,90,54,4,152,28,32,60,212
05/15/2012,ENA,AK,AAL,WE,Federal Contract Tower,0,17,0,0,17,4,72,82,1,159,4,89,82,1,176,14,4,18,194
05/16/2012,ENA,AK,AAL,WE,Federal Contract Tower,0,17,0,0,17,3,59,58,3,123,3,76,58,3,140,33,12,45,185
05/17/2012,ENA,AK,AAL,WE,Federal Contract Tower,0,23,2,0,25,1,57,65,0,123,1,80,67,0,148,16,6,22,170
05/18/2012,ENA,AK,AAL,WE,Federal Contract Tower,0,17,0,1,18,6,56,36,1,99,6,73,36,2,117,6,0,6,123
05/19/2012,ENA,AK,AAL,WE,Federal Contract Tower,0,17,0,4,21,0,32,21,0,53,0,49,21,4,74,0,0,0,74
05/20/2012,ENA,AK,AAL,WE,Federal Contract Tower,0,17,1,0,18,0,31,33,9,73,0,48,34,9,91,12,6,18,109
05/21/2012,ENA,AK,AAL,WE,Federal Contract Tower,1,21,0,4,26,2,60,41,12,115,3,81,41,16,141,26,56,82,223
05/22/2012,ENA,AK,AAL,WE,Federal Contract Tower,0,23,0,1,24,0,53,39,2,94,0,76,39,3,118,34,26,60,178
05/23/2012,ENA,AK,AAL,WE,Federal Contract Tower,0,22,2,0,24,10,63,57,0,130,10,85,59,0,154,14,2,16,170
05/24/2012,ENA,AK,AAL,WE,Federal Contract Tower,2,28,0,0,30,1,46,44,0,91,3,74,44,0,121,6,0,6,127
05/25/2012,ENA,AK,AAL,WE,Federal Contract Tower,0,28,0,0,28,10,52,32,0,94,10,80,32,0,122,10,0,10,132
05/26/2012,ENA,AK,AAL,WE,Federal Contract Tower,0,15,1,0,16,0,23,41,0,64,0,38,42,0,80,26,0,26,106
05/27/2012,ENA,AK,AAL,WE,Federal Contract Tower,2,30,0,0,32,0,33,28,0,61,2,63,28,0,93,28,0,28,121
05/28/2012,ENA,AK,AAL,WE,Federal Contract Tower,2,10,0,0,12,0,53,33,0,86,2,63,33,0,98,36,0,36,134
05/29/2012,ENA,AK,AAL,WE,Federal Contract Tower,0,24,1,0,25,0,48,22,4,74,0,72,23,4,99,0,10,10,109
05/30/2012,ENA,AK,AAL,WE,Federal Contract Tower,0,21,1,0,22,0,57,47,2,106,0,78,48,2,128,12,16,28,156
05/31/2012,ENA,AK,AAL,WE,Federal Contract Tower,0,23,0,0,23,0,72,33,0,105,0,95,33,0,128,14,0,14,142
06/01/2012,ENA,AK,AAL,WE,Federal Contract Tower,0,24,1,0,25,3,63,26,1,93,3,87,27,1,118,32,4,36,154
06/02/2012,ENA,AK,AAL,WE,Federal Contract Tower,0,16,0,0,16,0,28,41,0,69,0,44,41,0,85,34,0,34,119
06/03/2012,ENA,AK,AAL,WE,Federal Contract Tower,0,28,0,0,28,0,23,28,0,51,0,51,28,0,79,0,0,0,79
06/04/2012,ENA,AK,AAL,WE,Federal Contract Tower,0,33,0,0,33,0,39,39,6,84,0,72,39,6,117,24,26,50,167
06/05/2012,ENA,AK,AAL,WE,Federal Contract Tower,0,22,0,3,25,0,45,39,2,86,0,67,39,5,111,12,36,48,159
06/06/2012,ENA,AK,AAL,WE,Federal Contract Tower,0,30,2,2,34,0,50,40,0,90,0,80,42,2,124,6,24,30,154
06/07/2012,ENA,AK,AAL,WE,Federal Contract Tower,0,28,0,0,28,0,58,42,1,101,0,86,42,1,129,18,12,30,159
06/08/2012,ENA,AK,AAL,WE,Federal Contract Tower,0,21,0,3,24,0,73,16,2,91,0,94,16,5,115,10,8,18,133
06/09/2012,ENA,AK,AAL,WE,Federal Contract Tower,0,16,0,2,18,0,47,106,5,158,0,63,106,7,176,2,0,2,178
06/10/2012,ENA,AK,AAL,WE,Federal Contract Tower,0,18,0,1,19,0,23,28,2,53,0,41,28,3,72,22,0,22,94
06/11/2012,ENA,AK,AAL,WE,Federal Contract Tower,1,16,0,2,19,0,72,30,1,103,1,88,30,3,122,12,16,28,150
06/12/2012,ENA,AK,AAL,WE,Federal Contract Tower,4,48,0,3,55,0,28,7,5,40,4,76,7,8,95,0,14,14,109
06/13/2012,ENA,AK,AAL,WE,Federal Contract Tower,3,59,2,7,71,0,28,3,0,31,3,87,5,7,102,2,6,8,110
06/14/2012,ENA,AK,AAL,WE,Federal Contract Tower,1,66,0,0,67,8,53,28,4,93,9,119,28,4,160,18,10,28,188
06/15/2012,ENA,AK,AAL,WE,Federal Contract Tower,0,20,0,0,20,0,76,31,0,107,0,96,31,0,127,14,0,14,141
06/16/2012,ENA,AK,AAL,WE,Federal Contract Tower,0,16,1,0,17,0,42,43,0,85,0,58,44,0,102,16,0,16,118
06/17/2012,ENA,AK,AAL,WE,Federal Contract Tower,0,16,2,0,18,0,23,44,0,67,0,39,46,0,85,28,2,30,115
06/18/2012,ENA,AK,AAL,WE,Federal Contract Tower,0,17,2,0,19,0,86,19,2,107,0,103,21,2,126,28,10,38,164
06/19/2012,ENA,AK,AAL,WE,Federal Contract Tower,0,18,2,4,24,0,58,45,2,105,0,76,47,6,129,12,18,30,159
06/20/2012,ENA,AK,AAL,WE,Federal Contract Tower,1,45,1,2,49,1,42,23,2,68,2,87,24,4,117,20,2,22,139
06/21/2012,ENA,AK,AAL,WE,Federal Contract Tower,0,20,0,2,22,12,75,29,0,116,12,95,29,2,138,18,0,18,156
06/22/2012,ENA,AK,AAL,WE,Federal Contract Tower,0,21,2,0,23,3,80,39,0,122,3,101,41,0,145,14,0,14,159
06/23/2012,ENA,AK,AAL,WE,Federal Contract Tower,1,12,0,0,13,6,42,50,0,98,7,54,50,0,111,20,0,20,131
06/24/2012,ENA,AK,AAL,WE,Federal Contract Tower,0,38,18,0,56,0,1,14,0,15,0,39,32,0,71,8,0,8,79
06/25/2012,ENA,AK,AAL,WE,Federal Contract Tower,0,55,9,0,64,0,7,3,0,10,0,62,12,0,74,0,0,0,74
06/26/2012,ENA,AK,AAL,WE,Federal Contract Tower,0,49,0,1,50,0,35,13,4,52,0,84,13,5,102,26,2,28,130
06/27/2012,ENA,AK,AAL,WE,Federal Contract Tower,0,22,2,2,26,0,75,61,8,144,0,97,63,10,170,64,24,88,258
06/28/2012,ENA,AK,AAL,WE,Federal Contract Tower,0,46,0,3,49,0,44,15,2,61,0,90,15,5,110,10,20,30,140
06/29/2012,ENA,AK,AAL,WE,Federal Contract Tower,0,37,1,0,38,0,63,52,2,117,0,100,53,2,155,46,2,48,203
06/30/2012,ENA,AK,AAL,WE,Federal Contract Tower,0,21,2,0,23,0,30,46,0,76,0,51,48,0,99,20,0,20,119
07/01/2012,ENA,AK,AAL,WE,Federal Contract Tower,0,11,2,0,13,0,25,16,0,41,0,36,18,0,54,4,0,4,58
07/02/2012,ENA,AK,AAL,WE,Federal Contract Tower,0,19,1,2,22,0,62,37,1,100,0,81,38,3,122,4,34,38,160
07/03/2012,ENA,AK,AAL,WE,Federal Contract Tower,1,30,1,1,33,0,49,32,2,83,1,79,33,3,116,14,32,46,162
07/04/2012,ENA,AK,AAL,WE,Federal Contract Tower,0,30,5,1,36,0,31,20,0,51,0,61,25,1,87,8,20,28,115
07/05/2012,ENA,AK,AAL,WE,Federal Contract Tower,2,20,0,0,22,4,65,31,0,100,6,85,31,0,122,14,0,14,136
07/06/2012,ENA,AK,AAL,WE,Federal Contract Tower,3,21,1,0,25,5,64,29,0,98,8,85,30,0,123,26,0,26,149
07/07/2012,ENA,AK,AAL,WE,Federal Contract Tower,0,18,1,0,19,0,29,29,0,58,0,47,30,0,77,0,0,0,77
07/08/2012,ENA,AK,AAL,WE,Federal Contract Tower,0,13,0,0,13,0,34,29,0,63,0,47,29,0,76,30,4,34,110
07/09/2012,ENA,AK,AAL,WE,Federal Contract Tower,0,16,0,2,18,0,75,42,2,119,0,91,42,4,137,26,56,82,219
07/10/2012,ENA,AK,AAL,WE,Federal Contract Tower,0,26,2,1,29,0,47,34,5,86,0,73,36,6,115,10,58,68,183
07/11/2012,ENA,AK,AAL,WE,Federal Contract Tower,0,28,1,0,29,0,47,17,0,64,0,75,18,0,93,12,44,56,149
07/12/2012,ENA,AK,AAL,WE,Federal Contract Tower,0,35,2,0,37,0,64,7,2,73,0,99,9,2,110,4,32,36,146
07/13/2012,ENA,AK,AAL,WE,Federal Contract Tower,0,32,0,0,32,0,65,28,0,93,0,97,28,0,125,34,0,34,159
07/14/2012,ENA,AK,AAL,WE,Federal Contract Tower,0,24,1,4,29,0,25,33,0,58,0,49,34,4,87,32,0,32,119
07/15/2012,ENA,AK,AAL,WE,Federal Contract Tower,0,18,0,0,18,0,36,29,0,65,0,54,29,0,83,2,0,2,85
07/16/2012,ENA,AK,AAL,WE,Federal Contract Tower,1,29,4,0,34,0,46,8,0,54,1,75,12,0,88,0,12,12,100
07/17/2012,ENA,AK,AAL,WE,Federal Contract Tower,0,23,0,2,25,4,52,56,6,118,4,75,56,8,143,20,2,22,165
07/18/2012,ENA,AK,AAL,WE,Federal Contract Tower,0,22,5,1,28,8,72,50,0,130,8,94,55,1,158,16,26,42,200
07/19/2012,ENA,AK,AAL,WE,Federal Contract Tower,2,17,1,0,20,4,79,45,0,128,6,96,46,0,148,18,10,28,176
07/20/2012,ENA,AK,AAL,WE,Federal Contract Tower,1,23,3,2,29,2,75,41,0,118,3,98,44,2,147,6,0,6,153
07/21/2012,ENA,AK,AAL,WE,Federal Contract Tower,0,23,1,0,24,0,26,6,0,32,0,49,7,0,56,0,0,0,56
07/22/2012,ENA,AK,AAL,WE,Federal Contract Tower,0,29,2,0,31,0,33,29,0,62,0,62,31,0,93,0,0,0,93
07/23/2012,ENA,AK,AAL,WE,Federal Contract Tower,2,40,9,0,51,1,59,28,0,88,3,99,37,0,139,32,16,48,187
07/24/2012,ENA,AK,AAL,WE,Federal Contract Tower,0,20,2,3,25,3,71,50,0,124,3,91,52,3,149,6,12,18,167
07/25/2012,ENA,AK,AAL,WE,Federal Contract Tower,2,32,0,0,34,1,62,49,3,115,3,94,49,3,149,50,10,60,209
07/26/2012,ENA,AK,AAL,WE,Federal Contract Tower,0,22,1,0,23,3,90,57,0,150,3,112,58,0,173,8,0,8,181
07/27/2012,ENA,AK,AAL,WE,Federal Contract Tower,1,26,1,1,29,3,73,59,1,136,4,99,60,2,165,24,26,50,215
07/28/2012,ENA,AK,AAL,WE,Federal Contract Tower,4,22,0,0,26,1,45,48,0,94,5,67,48,0,120,16,0,16,136
07/29/2012,ENA,AK,AAL,WE,Federal Contract Tower,0,21,1,0,22,0,32,30,0,62,0,53,31,0,84,14,18,32,116
07/30/2012,ENA,AK,AAL,WE,Federal Contract Tower,1,32,3,2,38,7,64,25,1,97,8,96,28,3,135,12,48,60,195
07/31/2012,ENA,AK,AAL,WE,Federal Contract Tower,3,30,4,0,37,6,59,49,0,114,9,89,53,0,151,36,26,62,213
08/01/2012,ENA,AK,AAL,WE,Federal Contract Tower,1,43,3,0,47,0,48,15,0,63,1,91,18,0,110,20,20,40,150
08/02/2012,ENA,AK,AAL,WE,Federal Contract Tower,0,40,2,0,42,0,63,8,0,71,0,103,10,0,113,12,0,12,125
08/03/2012,ENA,AK,AAL,WE,Federal Contract Tower,0,24,0,0,24,0,64,33,0,97,0,88,33,0,121,20,0,20,141
08/04/2012,ENA,AK,AAL,WE,Federal Contract Tower,0,28,2,0,30,0,36,30,0,66,0,64,32,0,96,10,0,10,106
08/05/2012,ENA,AK,AAL,WE,Federal Contract Tower,0,24,0,0,24,0,19,34,0,53,0,43,34,0,77,28,0,28,105
08/06/2012,ENA,AK,AAL,WE,Federal Contract Tower,0,20,0,3,23,0,74,43,0,117,0,94,43,3,140,38,105,143,283
08/07/2012,ENA,AK,AAL,WE,Federal Contract Tower,0,44,3,0,47,3,56,24,0,83,3,100,27,0,130,4,0,4,134
08/08/2012,ENA,AK,AAL,WE,Federal Contract Tower,1,35,0,2,38,6,49,23,0,78,7,84,23,2,116,8,52,60,176
08/09/2012,ENA,AK,AAL,WE,Federal Contract Tower,0,28,0,2,30,3,68,40,2,113,3,96,40,4,143,18,38,56,199
08/10/2012,ENA,AK,AAL,WE,Federal Contract Tower,1,29,3,1,34,5,65,30,1,101,6,94,33,2,135,24,0,24,159
08/11/2012,ENA,AK,AAL,WE,Federal Contract Tower,0,17,1,0,18,0,24,48,0,72,0,41,49,0,90,16,0,16,106
08/12/2012,ENA,AK,AAL,WE,Federal Contract Tower,0,17,0,0,17,0,31,37,2,70,0,48,37,2,87,42,0,42,129
08/13/2012,ENA,AK,AAL,WE,Federal Contract Tower,0,23,0,2,25,4,65,31,0,100,4,88,31,2,125,16,72,88,213
08/14/2012,ENA,AK,AAL,WE,Federal Contract Tower,2,40,0,0,42,0,49,9,0,58,2,89,9,0,100,2,0,2,102
08/15/2012,ENA,AK,AAL,WE,Federal Contract Tower,1,21,0,0,22,5,82,24,0,111,6,103,24,0,133,12,36,48,181
08/16/2012,ENA,AK,AAL,WE,Federal Contract Tower,2,36,2,0,40,5,74,13,0,92,7,110,15,0,132,8,56,64,196
08/17/2012,ENA,AK,AAL,WE,Federal Contract Tower,0,21,2,0,23,8,63,23,0,94,8,84,25,0,117,32,0,32,149
08/18/2012,ENA,AK,AAL,WE,Federal Contract Tower,2,17,0,0,19,3,28,43,0,74,5,45,43,0,93,16,0,16,109
08/19/2012,ENA,AK,AAL,WE,Federal Contract Tower,0,22,2,0,24,0,31,31,0,62,0,53,33,0,86,16,8,24,110
08/20/2012,ENA,AK,AAL,WE,Federal Contract Tower,0,50,10,0,60,0,13,4,0,17,0,63,14,0,77,8,0,8,85
08/21/2012,ENA,AK,AAL,WE,Federal Contract Tower,1,32,1,0,34,8,77,25,0,110,9,109,26,0,144,14,38,52,196
08/22/2012,ENA,AK,AAL,WE,Federal Contract Tower,1,22,1,0,24,1,93,43,0,137,2,115,44,0,161,12,6,18,179
08/23/2012,ENA,AK,AAL,WE,Federal Contract Tower,1,43,1,1,46,10,46,17,0,73,11,89,18,1,119,0,38,38,157
08/24/2012,ENA,AK,AAL,WE,Federal Contract Tower,0,26,3,0,29,5,52,27,0,84,5,78,30,0,113,8,0,8,121
08/25/2012,ENA,AK,AAL,WE,Federal Contract Tower,1,21,1,0,23,0,28,58,0,86,1,49,59,0,109,14,0,14,123
08/26/2012,ENA,AK,AAL,WE,Federal Contract Tower,0,22,0,0,22,0,21,6,0,27,0,43,6,0,49,12,0,12,61
08/27/2012,ENA,AK,AAL,WE,Federal Contract Tower,3,22,1,0,26,0,67,14,0,81,3,89,15,0,107,26,26,52,159
08/28/2012,ENA,AK,AAL,WE,Federal Contract Tower,0,21,0,0,21,1,70,28,2,101,1,91,28,2,122,42,26,68,190
08/29/2012,ENA,AK,AAL,WE,Federal Contract Tower,7,23,2,0,32,2,77,21,1,101,9,100,23,1,133,30,4,34,167
08/30/2012,ENA,AK,AAL,WE,Federal Contract Tower,4,19,2,0,25,0,79,18,0,97,4,98,20,0,122,26,12,38,160
08/31/2012,ENA,AK,AAL,WE,Federal Contract Tower,1,32,1,0,34,0,52,33,0,85,1,84,34,0,119,8,0,8,127
09/01/2012,ENA,AK,AAL,WE,Federal Contract Tower,0,29,9,0,38,0,15,9,0,24,0,44,18,0,62,0,0,0,62
09/02/2012,ENA,AK,AAL,WE,Federal Contract Tower,0,18,0,0,18,0,16,13,0,29,0,34,13,0,47,0,0,0,47
09/03/2012,ENA,AK,AAL,WE,Federal Contract Tower,0,29,0,0,29,0,35,8,0,43,0,64,8,0,72,6,0,6,78
09/04/2012,ENA,AK,AAL,WE,Federal Contract Tower,0,33,1,0,34,0,60,10,2,72,0,93,11,2,106,0,10,10,116
09/05/2012,ENA,AK,AAL,WE,Federal Contract Tower,0,33,0,0,33,0,44,11,0,55,0,77,11,0,88,0,0,0,88
09/06/2012,ENA,AK,AAL,WE,Federal Contract Tower,0,23,0,0,23,0,73,6,0,79,0,96,6,0,102,4,10,14,116
09/07/2012,ENA,AK,AAL,WE,Federal Contract Tower,0,24,0,0,24,0,56,23,0,79,0,80,23,0,103,18,0,18,121
09/08/2012,ENA,AK,AAL,WE,Federal Contract Tower,0,22,0,0,22,0,28,21,0,49,0,50,21,0,71,12,0,12,83
09/09/2012,ENA,AK,AAL,WE,Federal Contract Tower,0,18,4,0,22,0,21,22,0,43,0,39,26,0,65,2,0,2,67
09/10/2012,ENA,AK,AAL,WE,Federal Contract Tower,0,25,0,0,25,0,78,16,0,94,0,103,16,0,119,12,86,98,217
09/11/2012,ENA,AK,AAL,WE,Federal Contract Tower,0,25,1,0,26,0,59,7,0,66,0,84,8,0,92,0,16,16,108
09/12/2012,ENA,AK,AAL,WE,Federal Contract Tower,0,42,3,2,47,0,55,13,3,71,0,97,16,5,118,12,14,26,144
09/13/2012,ENA,AK,AAL,WE,Federal Contract Tower,0,30,0,0,30,0,65,28,0,93,0,95,28,0,123,34,6,40,163
09/14/2012,ENA,AK,AAL,WE,Federal Contract Tower,0,34,1,0,35,0,70,20,2,92,0,104,21,2,127,4,8,12,139
09/15/2012,ENA,AK,AAL,WE,Federal Contract Tower,3,16,0,0,19,0,29,2,0,31,3,45,2,0,50,6,0,6,56
09/16/2012,ENA,AK,AAL,WE,Federal Contract Tower,0,5,1,0,6,0,22,3,0,25,0,27,4,0,31,0,0,0,31
09/17/2012,ENA,AK,AAL,WE,Federal Contract Tower,2,12,2,0,16,5,51,28,2,86,7,63,30,2,102,6,34,40,142
09/18/2012,ENA,AK,AAL,WE,Federal Contract Tower,1,37,2,1,41,3,36,17,0,56,4,73,19,1,97,32,8,40,137
09/19/2012,ENA,AK,AAL,WE,Federal Contract Tower,0,25,2,0,27,2,13,3,0,18,2,38,5,0,45,0,0,0,45
09/20/2012,ENA,AK,AAL,WE,Federal Contract Tower,4,48,4,0,56,0,52,3,0,55,4,100,7,0,111,2,0,2,113
09/21/2012,ENA,AK,AAL,WE,Federal Contract Tower,0,27,8,2,37,7,77,16,2,102,7,104,24,4,139,22,12,34,173
09/22/2012,ENA,AK,AAL,WE,Federal Contract Tower,6,22,0,0,28,0,28,2,0,30,6,50,2,0,58,4,0,4,62
09/23/2012,ENA,AK,AAL,WE,Federal Contract Tower,0,28,3,0,31,0,33,6,0,39,0,61,9,0,70,36,0,36,106
09/24/2012,ENA,AK,AAL,WE,Federal Contract Tower,2,26,0,0,28,4,68,20,4,96,6,94,20,4,124,10,30,40,164
09/25/2012,ENA,AK,AAL,WE,Federal Contract Tower,0,32,0,0,32,8,59,8,0,75,8,91,8,0,107,8,20,28,135
09/26/2012,ENA,AK,AAL,WE,Federal Contract Tower,2,24,0,0,26,0,65,14,0,79,2,89,14,0,105,22,0,22,127
09/27/2012,ENA,AK,AAL,WE,Federal Contract Tower,0,25,0,0,25,6,55,7,0,68,6,80,7,0,93,2,14,16,109
09/28/2012,ENA,AK,AAL,WE,Federal Contract Tower,3,53,1,0,57,5,42,16,0,63,8,95,17,0,120,22,0,22,142
09/29/2012,ENA,AK,AAL,WE,Federal Contract Tower,0,21,0,0,21,0,40,18,0,58,0,61,18,0,79,36,8,44,123
09/30/2012,ENA,AK,AAL,WE,Federal Contract Tower,0,19,0,0,19,0,44,38,0,82,0,63,38,0,101,74,0,74,175
10/01/2012,ENA,AK,AAL,WE,Federal Contract Tower,0,21,0,0,21,8,62,20,0,90,8,83,20,0,111,14,22,36,147
10/02/2012,ENA,AK,AAL,WE,Federal Contract Tower,0,26,0,0,26,10,45,3,8,66,10,71,3,8,92,2,12,14,106
10/03/2012,ENA,AK,AAL,WE,Federal Contract Tower,2,25,0,0,27,2,59,7,2,70,4,84,7,2,97,4,16,20,117
10/04/2012,ENA,AK,AAL,WE,Federal Contract Tower,1,24,2,0,27,5,83,6,0,94,6,107,8,0,121,6,14,20,141
10/05/2012,ENA,AK,AAL,WE,Federal Contract Tower,0,41,0,0,41,4,38,3,0,45,4,79,3,0,86,0,0,0,86
10/06/2012,ENA,AK,AAL,WE,Federal Contract Tower,0,33,0,0,33,0,31,11,0,42,0,64,11,0,75,22,0,22,97
10/07/2012,ENA,AK,AAL,WE,Federal Contract Tower,0,31,0,0,31,0,0,0,0,0,0,31,0,0,31,0,0,0,31
10/08/2012,ENA,AK,AAL,WE,Federal Contract Tower,6,59,5,0,70,0,0,0,0,0,6,59,5,0,70,0,0,0,70
10/09/2012,ENA,AK,AAL,WE,Federal Contract Tower,1,80,10,0,91,2,19,3,0,24,3,99,13,0,115,0,0,0,115
10/10/2012,ENA,AK,AAL,WE,Federal Contract Tower,1,34,0,0,35,1,64,14,0,79,2,98,14,0,114,2,0,2,116
10/11/2012,ENA,AK,AAL,WE,Federal Contract Tower,0,32,0,0,32,8,65,23,0,96,8,97,23,0,128,22,24,46,174
10/12/2012,ENA,AK,AAL,WE,Federal Contract Tower,0,15,0,1,16,9,75,22,1,107,9,90,22,2,123,8,0,8,131
10/13/2012,ENA,AK,AAL,WE,Federal Contract Tower,0,22,2,0,24,8,23,24,0,55,8,45,26,0,79,30,0,30,109
10/14/2012,ENA,AK,AAL,WE,Federal Contract Tower,0,16,0,1,17,3,26,15,1,45,3,42,15,2,62,2,0,2,64
10/15/2012,ENA,AK,AAL,WE,Federal Contract Tower,0,43,6,3,52,0,26,16,3,45,0,69,22,6,97,8,40,48,145
10/16/2012,ENA,AK,AAL,WE,Federal Contract Tower,0,43,2,2,47,0,21,0,0,21,0,64,2,2,68,0,0,0,68
10/17/2012,ENA,AK,AAL,WE,Federal Contract Tower,0,21,0,0,21,0,66,18,0,84,0,87,18,0,105,6,8,14,119
10/18/2012,ENA,AK,AAL,WE,Federal Contract Tower,0,21,1,0,22,0,72,16,2,90,0,93,17,2,112,16,22,38,150
10/19/2012,ENA,AK,AAL,WE,Federal Contract Tower,0,19,0,1,20,0,61,24,0,85,0,80,24,1,105,4,2,6,111
10/20/2012,ENA,AK,AAL,WE,Federal Contract Tower,0,14,0,0,14,0,38,29,0,67,0,52,29,0,81,10,0,10,91
10/21/2012,ENA,AK,AAL,WE,Federal Contract Tower,0,15,2,0,17,0,25,13,0,38,0,40,15,0,55,2,14,16,71
10/22/2012,ENA,AK,AAL,WE,Federal Contract Tower,0,19,0,0,19,0,64,21,0,85,0,83,21,0,104,36,0,36,140
10/23/2012,ENA,AK,AAL,WE,Federal Contract Tower,0,20,3,0,23,0,70,15,0,85,0,90,18,0,108,18,12,30,138
10/24/2012,ENA,AK,AAL,WE,Federal Contract Tower,0,20,2,0,22,0,59,14,0,73,0,79,16,0,95,4,0,4,99
10/25/2012,ENA,AK,AAL,WE,Federal Contract Tower,0,19,0,0,19,0,56,8,0,64,0,75,8,0,83,6,20,26,109
10/26/2012,ENA,AK,AAL,WE,Federal Contract Tower,0,20,0,0,20,0,59,12,0,71,0,79,12,0,91,10,10,20,111
10/27/2012,ENA,AK,AAL,WE,Federal Contract Tower,0,13,0,0,13,0,29,14,0,43,0,42,14,0,56,26,0,26,82
10/28/2012,ENA,AK,AAL,WE,Federal Contract Tower,0,15,2,0,17,0,36,16,0,52,0,51,18,0,69,48,0,48,117
10/29/2012,ENA,AK,AAL,WE,Federal Contract Tower,0,20,1,0,21,0,71,15,0,86,0,91,16,0,107,20,26,46,153
10/30/2012,ENA,AK,AAL,WE,Federal Contract Tower,0,23,0,2,25,0,48,6,0,54,0,71,6,2,79,18,8,26,105
10/31/2012,ENA,AK,AAL,WE,Federal Contract Tower,0,21,0,0,21,0,59,4,0,63,0,80,4,0,84,0,38,38,122
11/01/2012,ENA,AK,AAL,WE,Federal Contract Tower,0,21,0,0,21,0,83,6,4,93,0,104,6,4,114,6,6,12,126
11/02/2012,ENA,AK,AAL,WE,Federal Contract Tower,0,22,0,0,22,0,48,1,2,51,0,70,1,2,73,2,0,2,75
11/03/2012,ENA,AK,AAL,WE,Federal Contract Tower,0,14,0,0,14,0,35,8,0,43,0,49,8,0,57,12,0,12,69
11/04/2012,ENA,AK,AAL,WE,Federal Contract Tower,0,16,0,0,16,0,19,9,2,30,0,35,9,2,46,6,10,16,62
11/05/2012,ENA,AK,AAL,WE,Federal Contract Tower,0,18,1,0,19,4,65,15,0,84,4,83,16,0,103,10,34,44,147
11/06/2012,ENA,AK,AAL,WE,Federal Contract Tower,0,20,0,1,21,0,61,7,1,69,0,81,7,2,90,10,18,28,118
11/07/2012,ENA,AK,AAL,WE,Federal Contract Tower,0,20,4,0,24,4,74,5,0,83,4,94,9,0,107,14,18,32,139
11/08/2012,ENA,AK,AAL,WE,Federal Contract Tower,0,27,2,0,29,0,59,8,0,67,0,86,10,0,96,22,14,36,132
11/09/2012,ENA,AK,AAL,WE,Federal Contract Tower,1,49,0,0,50,0,15,0,0,15,1,64,0,0,65,0,0,0,65
11/10/2012,ENA,AK,AAL,WE,Federal Contract Tower,0,16,0,0,16,0,22,12,0,34,0,38,12,0,50,8,0,8,58
11/11/2012,ENA,AK,AAL,WE,Federal Contract Tower,0,21,2,0,23,0,17,14,0,31,0,38,16,0,54,24,0,24,78
11/12/2012,ENA,AK,AAL,WE,Federal Contract Tower,0,35,0,0,35,0,54,13,0,67,0,89,13,0,102,12,0,12,114
11/13/2012,ENA,AK,AAL,WE,Federal Contract Tower,0,49,0,0,49,0,45,4,0,49,0,94,4,0,98,22,20,42,140
11/14/2012,ENA,AK,AAL,WE,Federal Contract Tower,0,56,2,0,58,0,4,0,0,4,0,60,2,0,62,0,0,0,62
11/15/2012,ENA,AK,AAL,WE,Federal Contract Tower,0,55,0,7,62,0,12,0,0,12,0,67,0,7,74,0,2,2,76
11/16/2012,ENA,AK,AAL,WE,Federal Contract Tower,0,23,1,0,24,0,69,3,0,72,0,92,4,0,96,20,0,20,116
11/17/2012,ENA,AK,AAL,WE,Federal Contract Tower,0,17,2,0,19,0,37,10,0,47,0,54,12,0,66,10,0,10,76
11/18/2012,ENA,AK,AAL,WE,Federal Contract Tower,0,16,2,0,18,0,19,7,0,26,0,35,9,0,44,28,0,28,72
11/19/2012,ENA,AK,AAL,WE,Federal Contract Tower,0,23,0,0,23,0,50,9,0,59,0,73,9,0,82,30,16,46,128
11/20/2012,ENA,AK,AAL,WE,Federal Contract Tower,0,19,0,0,19,0,60,2,0,62,0,79,2,0,81,14,58,72,153
11/21/2012,ENA,AK,AAL,WE,Federal Contract Tower,1,26,0,0,27,6,64,8,0,78,7,90,8,0,105,12,20,32,137
11/22/2012,ENA,AK,AAL,WE,Federal Contract Tower,0,11,0,0,11,0,6,7,0,13,0,17,7,0,24,2,0,2,26
11/23/2012,ENA,AK,AAL,WE,Federal Contract Tower,0,21,0,0,21,0,36,16,0,52,0,57,16,0,73,4,0,4,77
11/24/2012,ENA,AK,AAL,WE,Federal Contract Tower,0,16,0,0,16,0,18,14,0,32,0,34,14,0,48,20,0,20,68
11/25/2012,ENA,AK,AAL,WE,Federal Contract Tower,0,18,0,0,18,0,19,16,0,35,0,37,16,0,53,18,16,34,87
11/26/2012,ENA,AK,AAL,WE,Federal Contract Tower,0,20,2,0,22,0,49,6,0,55,0,69,8,0,77,12,16,28,105
11/27/2012,ENA,AK,AAL,WE,Federal Contract Tower,0,26,3,0,29,0,46,5,0,51,0,72,8,0,80,32,6,38,118
11/28/2012,ENA,AK,AAL,WE,Federal Contract Tower,0,24,3,0,27,0,63,12,0,75,0,87,15,0,102,24,0,24,126
11/29/2012,ENA,AK,AAL,WE,Federal Contract Tower,0,20,0,2,22,0,56,6,0,62,0,76,6,2,84,12,34,46,130
11/30/2012,ENA,AK,AAL,WE,Federal Contract Tower,0,17,0,2,19,0,59,12,2,73,0,76,12,4,92,34,8,42,134
12/01/2012,ENA,AK,AAL,WE,Federal Contract Tower,0,15,0,0,15,5,32,10,0,47,5,47,10,0,62,42,0,42,104
12/02/2012,ENA,AK,AAL,WE,Federal Contract Tower,0,15,2,1,18,0,21,9,1,31,0,36,11,2,49,34,0,34,83
12/03/2012,ENA,AK,AAL,WE,Federal Contract Tower,0,19,0,1,20,0,50,1,1,52,0,69,1,2,72,10,56,66,138
12/04/2012,ENA,AK,AAL,WE,Federal Contract Tower,0,21,0,0,21,0,62,2,2,66,0,83,2,2,87,2,20,22,109
12/05/2012,ENA,AK,AAL,WE,Federal Contract Tower,0,22,0,0,22,0,54,0,2,56,0,76,0,2,78,10,8,18,96
12/06/2012,ENA,AK,AAL,WE,Federal Contract Tower,0,22,0,4,26,0,64,8,0,72,0,86,8,4,98,6,32,38,136
12/07/2012,ENA,AK,AAL,WE,Federal Contract Tower,0,26,1,0,27,4,37,9,0,50,4,63,10,0,77,32,0,32,109
12/08/2012,ENA,AK,AAL,WE,Federal Contract Tower,2,13,0,0,15,3,7,0,0,10,5,20,0,0,25,8,0,8,33
12/09/2012,ENA,AK,AAL,WE,Federal Contract Tower,1,36,0,0,37,1,5,0,0,6,2,41,0,0,43,0,0,0,43
12/10/2012,ENA,AK,AAL,WE,Federal Contract Tower,3,45,2,0,50,5,10,0,0,15,8,55,2,0,65,0,0,0,65
12/11/2012,ENA,AK,AAL,WE,Federal Contract Tower,0,40,2,0,42,4,46,2,0,52,4,86,4,0,94,0,2,2,96
12/12/2012,ENA,AK,AAL,WE,Federal Contract Tower,1,24,0,0,25,0,3,0,0,3,1,27,0,0,28,0,0,0,28
12/13/2012,ENA,AK,AAL,WE,Federal Contract Tower,0,42,2,0,44,0,33,8,0,41,0,75,10,0,85,14,4,18,103
12/14/2012,ENA,AK,AAL,WE,Federal Contract Tower,0,48,8,0,56,0,0,0,0,0,0,48,8,0,56,0,0,0,56
12/15/2012,ENA,AK,AAL,WE,Federal Contract Tower,0,36,2,0,38,0,23,7,0,30,0,59,9,0,68,48,0,48,116
12/16/2012,ENA,AK,AAL,WE,Federal Contract Tower,0,15,1,0,16,0,26,1,0,27,0,41,2,0,43,28,0,28,71
12/17/2012,ENA,AK,AAL,WE,Federal Contract Tower,0,18,2,0,20,0,59,2,0,61,0,77,4,0,81,10,0,10,91
12/18/2012,ENA,AK,AAL,WE,Federal Contract Tower,0,21,0,0,21,1,55,4,0,60,1,76,4,0,81,14,12,26,107
12/19/2012,ENA,AK,AAL,WE,Federal Contract Tower,0,21,2,0,23,3,59,3,2,67,3,80,5,2,90,20,18,38,128
12/20/2012,ENA,AK,AAL,WE,Federal Contract Tower,0,25,0,0,25,8,57,4,0,69,8,82,4,0,94,6,16,22,116
12/21/2012,ENA,AK,AAL,WE,Federal Contract Tower,0,21,0,0,21,6,47,1,0,54,6,68,1,0,75,2,2,4,79
12/22/2012,ENA,AK,AAL,WE,Federal Contract Tower,0,18,0,0,18,5,25,7,0,37,5,43,7,0,55,10,0,10,65
12/23/2012,ENA,AK,AAL,WE,Federal Contract Tower,0,14,0,0,14,0,21,1,0,22,0,35,1,0,36,14,0,14,50
12/24/2012,ENA,AK,AAL,WE,Federal Contract Tower,0,43,0,0,43,0,11,0,0,11,0,54,0,0,54,0,0,0,54
12/25/2012,ENA,AK,AAL,WE,Federal Contract Tower,0,13,0,0,13,0,2,3,0,5,0,15,3,0,18,0,0,0,18
12/26/2012,ENA,AK,AAL,WE,Federal Contract Tower,0,22,0,0,22,0,47,5,0,52,0,69,5,0,74,0,0,0,74
12/27/2012,ENA,AK,AAL,WE,Federal Contract Tower,0,20,0,0,20,0,55,11,0,66,0,75,11,0,86,12,34,46,132
12/28/2012,ENA,AK,AAL,WE,Federal Contract Tower,0,20,1,0,21,0,55,8,0,63,0,75,9,0,84,6,0,6,90
12/29/2012,ENA,AK,AAL,WE,Federal Contract Tower,0,15,0,0,15,0,35,7,0,42,0,50,7,0,57,6,0,6,63
12/30/2012,ENA,AK,AAL,WE,Federal Contract Tower,0,17,0,0,17,0,45,0,0,45,0,62,0,0,62,0,0,0,62
12/31/2012,ENA,AK,AAL,WE,Federal Contract Tower,0,20,0,0,20,0,70,5,0,75,0,90,5,0,95,20,0,20,115
01/01/2013,ENA,AK,AAL,WE,Federal Contract Tower,0,12,0,0,12,0,9,12,0,21,0,21,12,0,33,14,0,14,47
01/02/2013,ENA,AK,AAL,WE,Federal Contract Tower,0,21,3,2,26,0,52,4,2,58,0,73,7,4,84,12,18,30,114
01/03/2013,ENA,AK,AAL,WE,Federal Contract Tower,0,22,4,0,26,0,59,13,2,74,0,81,17,2,100,16,10,26,126
01/04/2013,ENA,AK,AAL,WE,Federal Contract Tower,0,43,0,0,43,0,21,10,0,31,0,64,10,0,74,0,0,0,74
01/05/2013,ENA,AK,AAL,WE,Federal Contract Tower,0,17,0,0,17,0,27,5,0,32,0,44,5,0,49,14,0,14,63
01/06/2013,ENA,AK,AAL,WE,Federal Contract Tower,0,15,0,0,15,0,18,3,0,21,0,33,3,0,36,30,0,30,66
01/07/2013,ENA,AK,AAL,WE,Federal Contract Tower,0,22,0,3,25,1,55,6,0,62,1,77,6,3,87,14,82,96,183
01/08/2013,ENA,AK,AAL,WE,Federal Contract Tower,0,20,0,4,24,5,49,9,1,64,5,69,9,5,88,16,56,72,160
01/09/2013,ENA,AK,AAL,WE,Federal Contract Tower,0,23,0,0,23,0,26,0,0,26,0,49,0,0,49,4,12,16,65
01/10/2013,ENA,AK,AAL,WE,Federal Contract Tower,3,50,0,1,54,1,4,1,1,7,4,54,1,2,61,0,4,4,65
01/11/2013,ENA,AK,AAL,WE,Federal Contract Tower,2,52,1,2,57,2,3,1,0,6,4,55,2,2,63,0,0,0,63
01/12/2013,ENA,AK,AAL,WE,Federal Contract Tower,0,15,4,0,19,0,10,0,0,10,0,25,4,0,29,0,0,0,29
01/13/2013,ENA,AK,AAL,WE,Federal Contract Tower,0,32,2,2,36,0,8,3,0,11,0,40,5,2,47,14,0,14,61
01/14/2013,ENA,AK,AAL,WE,Federal Contract Tower,0,30,0,0,30,0,37,6,0,43,0,67,6,0,73,14,20,34,107
01/15/2013,ENA,AK,AAL,WE,Federal Contract Tower,0,28,0,1,29,6,56,15,2,79,6,84,15,3,108,8,58,66,174
01/16/2013,ENA,AK,AAL,WE,Federal Contract Tower,2,52,0,0,54,4,10,5,0,19,6,62,5,0,73,0,2,2,75
01/17/2013,ENA,AK,AAL,WE,Federal Contract Tower,0,48,0,0,48,6,27,7,0,40,6,75,7,0,88,22,14,36,124
01/18/2013,ENA,AK,AAL,WE,Federal Contract Tower,0,25,6,0,31,6,41,5,0,52,6,66,11,0,83,6,26,32,115
01/19/2013,ENA,AK,AAL,WE,Federal Contract Tower,0,22,6,0,28,0,15,0,0,15,0,37,6,0,43,0,0,0,43
01/20/2013,ENA,AK,AAL,WE,Federal Contract Tower,0,33,3,0,36,0,3,1,0,4,0,36,4,0,40,0,0,0,40
01/21/2013,ENA,AK,AAL,WE,Federal Contract Tower,0,20,1,0,21,0,47,9,0,56,0,67,10,0,77,20,0,20,97
01/22/2013,ENA,AK,AAL,WE,Federal Contract Tower,0,20,2,0,22,6,42,5,0,53,6,62,7,0,75,14,0,14,89
01/23/2013,ENA,AK,AAL,WE,Federal Contract Tower,0,17,0,0,17,7,61,9,2,79,7,78,9,2,96,32,24,56,152
01/24/2013,ENA,AK,AAL,WE,Federal Contract Tower,0,15,0,0,15,6,60,13,4,83,6,75,13,4,98,54,22,76,174
01/25/2013,ENA,AK,AAL,WE,Federal Contract Tower,0,26,0,0,26,4,64,9,0,77,4,90,9,0,103,46,16,62,165
01/26/2013,ENA,AK,AAL,WE,Federal Contract Tower,0,16,1,0,17,0,30,9,0,39,0,46,10,0,56,60,0,60,116
01/27/2013,ENA,AK,AAL,WE,Federal Contract Tower,0,10,2,0,12,0,28,6,0,34,0,38,8,0,46,14,4,18,64
01/28/2013,ENA,AK,AAL,WE,Federal Contract Tower,0,24,4,4,32,4,31,11,0,46,4,55,15,4,78,16,40,56,134
01/29/2013,ENA,AK,AAL,WE,Federal Contract Tower,4,46,0,0,50,0,21,4,0,25,4,67,4,0,75,0,0,0,75
01/30/2013,ENA,AK,AAL,WE,Federal Contract Tower,0,30,2,0,32,4,23,0,0,27,4,53,2,0,59,0,0,0,59
01/31/2013,ENA,AK,AAL,WE,Federal Contract Tower,0,27,0,0,27,0,0,0,0,0,0,27,0,0,27,0,0,0,27
02/01/2013,ENA,AK,AAL,WE,Federal Contract Tower,3,34,0,0,37,1,45,2,0,48,4,79,2,0,85,2,8,10,95
02/02/2013,ENA,AK,AAL,WE,Federal Contract Tower,0,24,2,0,26,0,25,5,0,30,0,49,7,0,56,16,0,16,72
02/03/2013,ENA,AK,AAL,WE,Federal Contract Tower,0,25,0,0,25,0,11,5,0,16,0,36,5,0,41,14,0,14,55
02/04/2013,ENA,AK,AAL,WE,Federal Contract Tower,1,25,0,0,26,3,39,1,0,43,4,64,1,0,69,0,12,12,81
02/05/2013,ENA,AK,AAL,WE,Federal Contract Tower,0,21,0,1,22,8,44,11,0,63,8,65,11,1,85,4,28,32,117
02/06/2013,ENA,AK,AAL,WE,Federal Contract Tower,0,45,4,0,49,0,16,0,0,16,0,61,4,0,65,0,0,0,65
02/07/2013,ENA,AK,AAL,WE,Federal Contract Tower,0,40,1,10,51,0,5,0,6,11,0,45,1,16,62,0,0,0,62
02/08/2013,ENA,AK,AAL,WE,Federal Contract Tower,0,50,1,2,53,0,0,0,0,0,0,50,1,2,53,0,0,0,53
02/09/2013,ENA,AK,AAL,WE,Federal Contract Tower,0,21,0,0,21,0,22,1,0,23,0,43,1,0,44,8,20,28,72
02/10/2013,ENA,AK,AAL,WE,Federal Contract Tower,0,31,11,2,44,0,15,0,0,15,0,46,11,2,59,20,0,20,79
02/11/2013,ENA,AK,AAL,WE,Federal Contract Tower,0,27,2,0,29,8,49,15,6,78,8,76,17,6,107,24,64,88,195
02/12/2013,ENA,AK,AAL,WE,Federal Contract Tower,5,53,2,0,60,1,7,0,0,8,6,60,2,0,68,0,0,0,68
02/13/2013,ENA,AK,AAL,WE,Federal Contract Tower,0,27,0,2,29,8,38,5,0,51,8,65,5,2,80,6,26,32,112
02/14/2013,ENA,AK,AAL,WE,Federal Contract Tower,0,34,2,0,36,2,26,1,0,29,2,60,3,0,65,0,4,4,69
02/15/2013,ENA,AK,AAL,WE,Federal Contract Tower,0,47,1,0,48,4,36,10,0,50,4,83,11,0,98,0,0,0,98
02/16/2013,ENA,AK,AAL,WE,Federal Contract Tower,0,13,4,0,17,5,35,19,0,59,5,48,23,0,76,24,4,28,104
02/17/2013,ENA,AK,AAL,WE,Federal Contract Tower,3,29,0,0,32,0,0,0,0,0,3,29,0,0,32,0,0,0,32
02/18/2013,ENA,AK,AAL,WE,Federal Contract Tower,0,27,0,0,27,0,52,10,0,62,0,79,10,0,89,14,0,14,103
02/19/2013,ENA,AK,AAL,WE,Federal Contract Tower,0,28,1,0,29,0,40,7,2,49,0,68,8,2,78,6,2,8,86
02/20/2013,ENA,AK,AAL,WE,Federal Contract Tower,0,53,0,4,57,0,12,1,0,13,0,65,1,4,70,4,0,4,74
02/21/2013,ENA,AK,AAL,WE,Federal Contract Tower,0,55,2,2,59,0,12,0,0,12,0,67,2,2,71,0,0,0,71
02/22/2013,ENA,AK,AAL,WE,Federal Contract Tower,0,27,0,0,27,0,48,7,0,55,0,75,7,0,82,48,2,50,132
02/23/2013,ENA,AK,AAL,WE,Federal Contract Tower,0,23,0,0,23,0,11,0,0,11,0,34,0,0,34,20,6,26,60
02/24/2013,ENA,AK,AAL,WE,Federal Contract Tower,0,23,0,0,23,0,7,2,0,9,0,30,2,0,32,42,0,42,74
02/25/2013,ENA,AK,AAL,WE,Federal Contract Tower,0,21,0,0,21,0,64,7,0,71,0,85,7,0,92,24,0,24,116
02/26/2013,ENA,AK,AAL,WE,Federal Contract Tower,0,19,0,4,23,0,68,4,0,72,0,87,4,4,95,16,4,20,115
02/27/2013,ENA,AK,AAL,WE,Federal Contract Tower,0,25,2,0,27,0,81,6,0,87,0,106,8,0,114,14,22,36,150
02/28/2013,ENA,AK,AAL,WE,Federal Contract Tower,0,21,1,0,22,0,71,10,0,81,0,92,11,0,103,8,0,8,111
03/01/2013,ENA,AK,AAL,WE,Federal Contract Tower,0,52,0,0,52,0,44,0,0,44,0,96,0,0,96,0,0,0,96
03/02/2013,ENA,AK,AAL,WE,Federal Contract Tower,2,30,6,0,38,0,14,14,0,28,2,44,20,0,66,28,12,40,106
03/03/2013,ENA,AK,AAL,WE,Federal Contract Tower,0,16,2,0,18,0,22,2,0,24,0,38,4,0,42,20,0,20,62
03/04/2013,ENA,AK,AAL,WE,Federal Contract Tower,0,23,2,0,25,0,39,16,0,55,0,62,18,0,80,14,22,36,116
03/05/2013,ENA,AK,AAL,WE,Federal Contract Tower,0,19,0,0,19,0,48,27,0,75,0,67,27,0,94,46,0,46,140
03/06/2013,ENA,AK,AAL,WE,Federal Contract Tower,0,23,0,0,23,0,45,6,0,51,0,68,6,0,74,4,0,4,78
03/07/2013,ENA,AK,AAL,WE,Federal Contract Tower,0,22,0,0,22,0,36,1,0,37,0,58,1,0,59,0,0,0,59
03/08/2013,ENA,AK,AAL,WE,Federal Contract Tower,0,17,1,0,18,0,49,12,0,61,0,66,13,0,79,24,0,24,103
03/09/2013,ENA,AK,AAL,WE,Federal Contract Tower,0,14,3,0,17,0,14,9,0,23,0,28,12,0,40,28,4,32,72
03/10/2013,ENA,AK,AAL,WE,Federal Contract Tower,0,32,0,0,32,0,5,0,0,5,0,37,0,0,37,0,0,0,37
03/11/2013,ENA,AK,AAL,WE,Federal Contract Tower,0,20,4,0,24,0,50,20,0,70,0,70,24,0,94,42,8,50,144
03/12/2013,ENA,AK,AAL,WE,Federal Contract Tower,0,19,0,1,20,0,31,12,3,46,0,50,12,4,66,8,18,26,92
03/13/2013,ENA,AK,AAL,WE,Federal Contract Tower,0,17,3,0,20,0,56,5,9,70,0,73,8,9,90,4,14,18,108
03/14/2013,ENA,AK,AAL,WE,Federal Contract Tower,0,34,1,4,39,0,20,2,0,22,0,54,3,4,61,0,8,8,69
03/15/2013,ENA,AK,AAL,WE,Federal Contract Tower,0,16,0,0,16,3,51,34,4,92,3,67,34,4,108,34,0,34,142
03/16/2013,ENA,AK,AAL,WE,Federal Contract Tower,0,15,0,0,15,0,23,36,0,59,0,38,36,0,74,38,0,38,112
03/17/2013,ENA,AK,AAL,WE,Federal Contract Tower,0,14,0,0,14,0,25,14,0,39,0,39,14,0,53,10,0,10,63
03/18/2013,ENA,AK,AAL,WE,Federal Contract Tower,0,25,0,0,25,4,40,21,1,66,4,65,21,1,91,24,8,32,123
03/19/2013,ENA,AK,AAL,WE,Federal Contract Tower,0,19,0,0,19,6,35,6,0,47,6,54,6,0,66,10,40,50,116
03/20/2013,ENA,AK,AAL,WE,Federal Contract Tower,0,18,3,4,25,13,58,11,0,82,13,76,14,4,107,46,2,48,155
03/21/2013,ENA,AK,AAL,WE,Federal Contract Tower,0,18,2,3,23,6,53,14,1,74,6,71,16,4,97,4,28,32,129
03/22/2013,ENA,AK,AAL,WE,Federal Contract Tower,2,54,0,2,58,0,12,7,0,19,2,66,7,2,77,0,0,0,77
03/23/2013,ENA,AK,AAL,WE,Federal Contract Tower,0,16,2,0,18,0,17,8,0,25,0,33,10,0,43,12,0,12,55
03/24/2013,ENA,AK,AAL,WE,Federal Contract Tower,0,34,1,0,35,0,1,0,0,1,0,35,1,0,36,0,0,0,36
03/25/2013,ENA,AK,AAL,WE,Federal Contract Tower,0,46,0,0,46,8,19,3,0,30,8,65,3,0,76,0,8,8,84
03/26/2013,ENA,AK,AAL,WE,Federal Contract Tower,0,16,0,0,16,5,58,6,0,69,5,74,6,0,85,32,2,34,119
03/27/2013,ENA,AK,AAL,WE,Federal Contract Tower,0,20,0,0,20,10,58,13,0,81,10,78,13,0,101,20,6,26,127
03/28/2013,ENA,AK,AAL,WE,Federal Contract Tower,4,31,0,4,39,2,25,11,2,40,6,56,11,6,79,14,6,20,99
03/29/2013,ENA,AK,AAL,WE,Federal Contract Tower,1,25,0,0,26,4,40,5,0,49,5,65,5,0,75,20,0,20,95
03/30/2013,ENA,AK,AAL,WE,Federal Contract Tower,0,20,2,0,22,0,7,5,0,12,0,27,7,0,34,0,0,0,34
03/31/2013,ENA,AK,AAL,WE,Federal Contract Tower,0,16,0,0,16,0,8,14,0,22,0,24,14,0,38,8,0,8,46
04/01/2013,ENA,AK,AAL,WE,Federal Contract Tower,0,18,0,0,18,8,44,27,2,81,8,62,27,2,99,20,6,26,125
04/02/2013,ENA,AK,AAL,WE,Federal Contract Tower,0,18,2,0,20,1,45,13,10,69,1,63,15,10,89,8,10,18,107
04/03/2013,ENA,AK,AAL,WE,Federal Contract Tower,0,19,1,4,24,0,62,11,9,82,0,81,12,13,106,26,0,26,132
04/04/2013,ENA,AK,AAL,WE,Federal Contract Tower,0,19,1,2,22,3,59,16,0,78,3,78,17,2,100,28,14,42,142
04/05/2013,ENA,AK,AAL,WE,Federal Contract Tower,0,22,0,1,23,6,41,13,5,65,6,63,13,6,88,12,0,12,100
04/06/2013,ENA,AK,AAL,WE,Federal Contract Tower,0,28,0,0,28,0,7,11,0,18,0,35,11,0,46,8,0,8,54
04/07/2013,ENA,AK,AAL,WE,Federal Contract Tower,0,18,0,0,18,0,16,7,0,23,0,34,7,0,41,0,0,0,41
04/08/2013,ENA,AK,AAL,WE,Federal Contract Tower,0,35,0,2,37,10,35,8,0,53,10,70,8,2,90,14,0,14,104
04/09/2013,ENA,AK,AAL,WE,Federal Contract Tower,0,25,2,0,27,2,44,5,0,51,2,69,7,0,78,8,0,8,86
04/10/2013,ENA,AK,AAL,WE,Federal Contract Tower,2,40,1,11,54,4,30,3,1,38,6,70,4,12,92,0,16,16,108
04/11/2013,ENA,AK,AAL,WE,Federal Contract Tower,0,24,5,0,29,6,47,12,4,69,6,71,17,4,98,14,66,80,178
04/12/2013,ENA,AK,AAL,WE,Federal Contract Tower,0,18,0,0,18,6,51,10,0,67,6,69,10,0,85,18,0,18,103
04/13/2013,ENA,AK,AAL,WE,Federal Contract Tower,0,14,0,0,14,0,27,18,0,45,0,41,18,0,59,32,0,32,91
04/14/2013,ENA,AK,AAL,WE,Federal Contract Tower,0,16,0,0,16,0,20,28,0,48,0,36,28,0,64,48,0,48,112
04/15/2013,ENA,AK,AAL,WE,Federal Contract Tower,0,19,1,0,20,0,43,15,0,58,0,62,16,0,78,16,26,42,120
04/16/2013,ENA,AK,AAL,WE,Federal Contract Tower,3,17,1,0,21,1,51,18,0,70,4,68,19,0,91,16,32,48,139
04/17/2013,ENA,AK,AAL,WE,Federal Contract Tower,0,27,4,0,31,6,48,8,0,62,6,75,12,0,93,12,22,34,127
04/18/2013,ENA,AK,AAL,WE,Federal Contract Tower,2,20,1,4,27,6,66,19,0,91,8,86,20,4,118,30,0,30,148
04/19/2013,ENA,AK,AAL,WE,Federal Contract Tower,0,20,0,0,20,0,45,21,0,66,0,65,21,0,86,16,2,18,104
04/20/2013,ENA,AK,AAL,WE,Federal Contract Tower,0,17,0,0,17,0,28,32,0,60,0,45,32,0,77,22,0,22,99
04/21/2013,ENA,AK,AAL,WE,Federal Contract Tower,0,20,4,0,24,0,30,17,0,47,0,50,21,0,71,26,0,26,97
04/22/2013,ENA,AK,AAL,WE,Federal Contract Tower,0,24,2,0,26,2,51,33,2,88,2,75,35,2,114,58,58,116,230
04/23/2013,ENA,AK,AAL,WE,Federal Contract Tower,6,58,3,0,67,0,3,0,0,3,6,61,3,0,70,0,0,0,70
04/24/2013,ENA,AK,AAL,WE,Federal Contract Tower,0,52,1,10,63,0,11,2,0,13,0,63,3,10,76,2,0,2,78
04/25/2013,ENA,AK,AAL,WE,Federal Contract Tower,0,22,0,0,22,0,49,6,0,55,0,71,6,0,77,14,10,24,101
04/26/2013,ENA,AK,AAL,WE,Federal Contract Tower,0,14,1,0,15,2,64,22,0,88,2,78,23,0,103,42,0,42,145
04/27/2013,ENA,AK,AAL,WE,Federal Contract Tower,0,14,2,0,16,0,24,6,0,30,0,38,8,0,46,6,0,6,52
04/28/2013,ENA,AK,AAL,WE,Federal Contract Tower,0,18,0,0,18,0,25,26,0,51,0,43,26,0,69,32,0,32,101
04/29/2013,ENA,AK,AAL,WE,Federal Contract Tower,0,27,2,0,29,0,44,25,2,71,0,71,27,2,100,62,22,84,184
04/30/2013,ENA,AK,AAL,WE,Federal Contract Tower,0,37,0,0,37,4,27,8,10,49,4,64,8,10,86,6,0,6,92
05/01/2013,ENA,AK,AAL,WE,Federal Contract Tower,0,25,1,0,26,0,60,13,1,74,0,85,14,1,100,34,14,48,148
05/02/2013,ENA,AK,AAL,WE,Federal Contract Tower,0,77,2,6,85,0,18,4,0,22,0,95,6,6,107,0,0,0,107
05/03/2013,ENA,AK,AAL,WE,Federal Contract Tower,1,54,2,0,57,1,34,6,0,41,2,88,8,0,98,10,0,10,108
05/04/2013,ENA,AK,AAL,WE,Federal Contract Tower,0,28,0,0,28,0,23,16,0,39,0,51,16,0,67,28,0,28,95
05/05/2013,ENA,AK,AAL,WE,Federal Contract Tower,0,18,0,0,18,0,42,17,0,59,0,60,17,0,77,14,0,14,91
05/06/2013,ENA,AK,AAL,WE,Federal Contract Tower,0,25,1,0,26,0,68,17,0,85,0,93,18,0,111,40,16,56,167
05/07/2013,ENA,AK,AAL,WE,Federal Contract Tower,0,27,1,0,28,0,70,13,0,83,0,97,14,0,111,22,44,66,177
05/08/2013,ENA,AK,AAL,WE,Federal Contract Tower,0,24,5,3,32,4,65,22,2,93,4,89,27,5,125,16,8,24,149
05/09/2013,ENA,AK,AAL,WE,Federal Contract Tower,0,26,1,1,28,4,81,17,3,105,4,107,18,4,133,2,50,52,185
05/10/2013,ENA,AK,AAL,WE,Federal Contract Tower,0,25,2,2,29,0,62,20,0,82,0,87,22,2,111,26,2,28,139
05/11/2013,ENA,AK,AAL,WE,Federal Contract Tower,0,21,0,0,21,0,22,15,0,37,0,43,15,0,58,14,0,14,72
05/12/2013,ENA,AK,AAL,WE,Federal Contract Tower,0,25,0,0,25,0,15,17,0,32,0,40,17,0,57,22,0,22,79
05/13/2013,ENA,AK,AAL,WE,Federal Contract Tower,0,38,0,0,38,0,43,16,0,59,0,81,16,0,97,46,30,76,173
05/14/2013,ENA,AK,AAL,WE,Federal Contract Tower,0,26,0,0,26,2,60,28,0,90,2,86,28,0,116,22,44,66,182
05/15/2013,ENA,AK,AAL,WE,Federal Contract Tower,0,26,2,0,28,12,67,30,5,114,12,93,32,5,142,62,64,126,268
05/16/2013,ENA,AK,AAL,WE,Federal Contract Tower,0,62,1,2,65,0,21,3,0,24,0,83,4,2,89,0,0,0,89
05/17/2013,ENA,AK,AAL,WE,Federal Contract Tower,0,61,2,0,63,0,12,4,0,16,0,73,6,0,79,0,0,0,79
05/18/2013,ENA,AK,AAL,WE,Federal Contract Tower,0,25,0,0,25,0,27,10,0,37,0,52,10,0,62,14,0,14,76
05/19/2013,ENA,AK,AAL,WE,Federal Contract Tower,0,17,0,0,17,0,37,28,0,65,0,54,28,0,82,32,0,32,114
05/20/2013,ENA,AK,AAL,WE,Federal Contract Tower,0,21,1,0,22,2,77,34,2,115,2,98,35,2,137,26,40,66,203
05/21/2013,ENA,AK,AAL,WE,Federal Contract Tower,0,27,0,1,28,0,72,27,1,100,0,99,27,2,128,28,6,34,162
05/22/2013,ENA,AK,AAL,WE,Federal Contract Tower,0,36,0,0,36,0,73,25,0,98,0,109,25,0,134,56,34,90,224
05/23/2013,ENA,AK,AAL,WE,Federal Contract Tower,0,45,3,2,50,0,40,15,0,55,0,85,18,2,105,30,8,38,143
05/24/2013,ENA,AK,AAL,WE,Federal Contract Tower,0,27,0,0,27,0,61,23,0,84,0,88,23,0,111,20,14,34,145
05/25/2013,ENA,AK,AAL,WE,Federal Contract Tower,0,24,0,0,24,0,22,28,0,50,0,46,28,0,74,18,8,26,100
05/26/2013,ENA,AK,AAL,WE,Federal Contract Tower,0,18,0,0,18,0,33,38,0,71,0,51,38,0,89,32,0,32,121
05/27/2013,ENA,AK,AAL,WE,Federal Contract Tower,0,22,0,0,22,0,53,24,0,77,0,75,24,0,99,26,0,26,125
05/28/2013,ENA,AK,AAL,WE,Federal Contract Tower,0,25,0,1,26,8,63,41,0,112,8,88,41,1,138,22,0,22,160
05/29/2013,ENA,AK,AAL,WE,Federal Contract Tower,0,23,0,0,23,2,94,37,0,133,2,117,37,0,156,52,28,80,236
05/30/2013,ENA,AK,AAL,WE,Federal Contract Tower,0,27,1,0,28,0,49,24,0,73,0,76,25,0,101,26,74,100,201
05/31/2013,ENA,AK,AAL,WE,Federal Contract Tower,0,51,15,1,67,2,31,12,1,46,2,82,27,2,113,10,0,10,123
06/01/2013,ENA,AK,AAL,WE,Federal Contract Tower,0,27,2,0,29,0,30,50,0,80,0,57,52,0,109,10,0,10,119
06/02/2013,ENA,AK,AAL,WE,Federal Contract Tower,0,24,1,1,26,0,18,17,1,36,0,42,18,2,62,22,0,22,84
06/03/2013,ENA,AK,AAL,WE,Federal Contract Tower,0,31,0,0,31,0,57,19,4,80,0,88,19,4,111,8,26,34,145
06/04/2013,ENA,AK,AAL,WE,Federal Contract Tower,1,33,4,2,40,1,46,26,21,94,2,79,30,23,134,2,48,50,184
06/05/2013,ENA,AK,AAL,WE,Federal Contract Tower,0,26,0,0,26,6,69,15,0,90,6,95,15,0,116,8,32,40,156
06/06/2013,ENA,AK,AAL,WE,Federal Contract Tower,0,18,2,2,22,0,72,15,0,87,0,90,17,2,109,6,22,28,137
06/07/2013,ENA,AK,AAL,WE,Federal Contract Tower,0,21,5,0,26,2,76,20,0,98,2,97,25,0,124,6,0,6,130
06/08/2013,ENA,AK,AAL,WE,Federal Contract Tower,0,18,0,0,18,0,35,95,0,130,0,53,95,0,148,26,0,26,174
06/09/2013,ENA,AK,AAL,WE,Federal Contract Tower,0,18,0,0,18,0,29,11,0,40,0,47,11,0,58,12,0,12,70
06/10/2013,ENA,AK,AAL,WE,Federal Contract Tower,0,25,0,0,25,2,72,14,4,92,2,97,14,4,117,6,34,40,157
06/11/2013,ENA,AK,AAL,WE,Federal Contract Tower,0,26,0,0,26,2,61,20,0,83,2,87,20,0,109,16,24,40,149
06/12/2013,ENA,AK,AAL,WE,Federal Contract Tower,0,22,2,0,24,5,87,18,0,110,5,109,20,0,134,52,10,62,196
06/13/2013,ENA,AK,AAL,WE,Federal Contract Tower,0,73,5,0,78,0,39,5,0,44,0,112,10,0,122,6,0,6,128
06/14/2013,ENA,AK,AAL,WE,Federal Contract Tower,0,33,2,0,35,0,55,27,0,82,0,88,29,0,117,10,12,22,139
06/15/2013,ENA,AK,AAL,WE,Federal Contract Tower,0,23,1,0,24,2,21,18,0,41,2,44,19,0,65,24,0,24,89
06/16/2013,ENA,AK,AAL,WE,Federal Contract Tower,0,12,3,0,15,0,35,31,0,66,0,47,34,0,81,14,0,14,95
06/17/2013,ENA,AK,AAL,WE,Federal Contract Tower,0,23,2,0,25,0,76,35,1,112,0,99,37,1,137,12,24,36,173
06/18/2013,ENA,AK,AAL,WE,Federal Contract Tower,0,25,1,0,26,2,58,27,2,89,2,83,28,2,115,20,20,40,155
06/19/2013,ENA,AK,AAL,WE,Federal Contract Tower,0,18,3,0,21,6,81,20,0,107,6,99,23,0,128,32,16,48,176
06/20/2013,ENA,AK,AAL,WE,Federal Contract Tower,0,23,6,0,29,5,60,29,0,94,5,83,35,0,123,10,8,18,141
06/21/2013,ENA,AK,AAL,WE,Federal Contract Tower,1,40,4,0,45,7,45,31,0,83,8,85,35,0,128,16,0,16,144
06/22/2013,ENA,AK,AAL,WE,Federal Contract Tower,0,17,0,0,17,0,36,28,0,64,0,53,28,0,81,28,0,28,109
06/23/2013,ENA,AK,AAL,WE,Federal Contract Tower,0,20,0,0,20,0,23,24,0,47,0,43,24,0,67,28,0,28,95
06/24/2013,ENA,AK,AAL,WE,Federal Contract Tower,0,28,0,0,28,4,61,22,0,87,4,89,22,0,115,24,4,28,143
06/25/2013,ENA,AK,AAL,WE,Federal Contract Tower,0,21,0,6,27,4,58,60,0,122,4,79,60,6,149,10,16,26,175
06/26/2013,ENA,AK,AAL,WE,Federal Contract Tower,0,23,0,0,23,0,83,49,0,132,0,106,49,0,155,18,0,18,173
06/27/2013,ENA,AK,AAL,WE,Federal Contract Tower,5,77,13,0,95,0,1,0,0,1,5,78,13,0,96,2,0,2,98
06/28/2013,ENA,AK,AAL,WE,Federal Contract Tower,2,47,0,0,49,0,38,28,0,66,2,85,28,0,115,28,0,28,143
06/29/2013,ENA,AK,AAL,WE,Federal Contract Tower,0,24,3,0,27,0,31,32,0,63,0,55,35,0,90,12,0,12,102
06/30/2013,ENA,AK,AAL,WE,Federal Contract Tower,0,18,2,0,20,0,31,29,0,60,0,49,31,0,80,4,0,4,84
07/01/2013,ENA,AK,AAL,WE,Federal Contract Tower,1,33,6,0,40,1,52,20,0,73,2,85,26,0,113,16,0,16,129
07/02/2013,ENA,AK,AAL,WE,Federal Contract Tower,1,54,2,0,57,1,58,17,0,76,2,112,19,0,133,14,16,30,163
07/03/2013,ENA,AK,AAL,WE,Federal Contract Tower,2,40,2,0,44,5,60,29,0,94,7,100,31,0,138,10,0,10,148
07/04/2013,ENA,AK,AAL,WE,Federal Contract Tower,0,16,0,0,16,0,27,12,0,39,0,43,12,0,55,0,0,0,55
07/05/2013,ENA,AK,AAL,WE,Federal Contract Tower,0,34,2,0,36,7,48,21,0,76,7,82,23,0,112,18,0,18,130
07/06/2013,ENA,AK,AAL,WE,Federal Contract Tower,0,19,1,0,20,0,26,15,0,41,0,45,16,0,61,6,0,6,67
07/07/2013,ENA,AK,AAL,WE,Federal Contract Tower,0,43,2,0,45,0,19,11,0,30,0,62,13,0,75,18,0,18,93
07/08/2013,ENA,AK,AAL,WE,Federal Contract Tower,0,45,3,1,49,0,57,19,0,76,0,102,22,1,125,10,16,26,151
07/09/2013,ENA,AK,AAL,WE,Federal Contract Tower,1,28,5,0,34,4,76,42,0,122,5,104,47,0,156,16,6,22,178
07/10/2013,ENA,AK,AAL,WE,Federal Contract Tower,0,28,4,0,32,0,97,30,4,131,0,125,34,4,163,28,8,36,199
07/11/2013,ENA,AK,AAL,WE,Federal Contract Tower,0,27,4,0,31,6,104,26,2,138,6,131,30,2,169,12,38,50,219
07/12/2013,ENA,AK,AAL,WE,Federal Contract Tower,0,33,0,0,33,0,75,25,0,100,0,108,25,0,133,10,30,40,173
07/13/2013,ENA,AK,AAL,WE,Federal Contract Tower,0,20,0,0,20,0,43,32,0,75,0,63,32,0,95,36,0,36,131
07/14/2013,ENA,AK,AAL,WE,Federal Contract Tower,0,20,4,0,24,0,31,34,0,65,0,51,38,0,89,18,0,18,107
07/15/2013,ENA,AK,AAL,WE,Federal Contract Tower,1,46,0,4,51,5,40,15,0,60,6,86,15,4,111,6,50,56,167
07/16/2013,ENA,AK,AAL,WE,Federal Contract Tower,1,61,7,2,71,1,45,29,0,75,2,106,36,2,146,26,0,26,172
07/17/2013,ENA,AK,AAL,WE,Federal Contract Tower,0,43,5,0,48,10,67,32,0,109,10,110,37,0,157,42,62,104,261
07/18/2013,ENA,AK,AAL,WE,Federal Contract Tower,2,35,3,2,42,2,62,32,0,96,4,97,35,2,138,4,62,66,204
07/19/2013,ENA,AK,AAL,WE,Federal Contract Tower,0,32,1,0,33,6,79,45,2,132,6,111,46,2,165,28,10,38,203
07/20/2013,ENA,AK,AAL,WE,Federal Contract Tower,0,21,0,0,21,0,42,28,0,70,0,63,28,0,91,8,12,20,111
07/21/2013,ENA,AK,AAL,WE,Federal Contract Tower,0,23,0,0,23,0,27,43,0,70,0,50,43,0,93,16,12,28,121
07/22/2013,ENA,AK,AAL,WE,Federal Contract Tower,0,27,3,0,30,2,86,35,0,123,2,113,38,0,153,24,0,24,177
07/23/2013,ENA,AK,AAL,WE,Federal Contract Tower,0,28,4,0,32,4,89,59,1,153,4,117,63,1,185,44,0,44,229
07/24/2013,ENA,AK,AAL,WE,Federal Contract Tower,0,27,0,0,27,6,92,25,0,123,6,119,25,0,150,18,32,50,200
07/25/2013,ENA,AK,AAL,WE,Federal Contract Tower,0,26,3,0,29,2,92,25,0,119,2,118,28,0,148,22,38,60,208
07/26/2013,ENA,AK,AAL,WE,Federal Contract Tower,0,48,2,0,50,3,51,31,0,85,3,99,33,0,135,44,0,44,179
07/27/2013,ENA,AK,AAL,WE,Federal Contract Tower,0,40,6,0,46,0,19,6,0,25,0,59,12,0,71,6,0,6,77
07/28/2013,ENA,AK,AAL,WE,Federal Contract Tower,0,30,0,0,30,0,42,29,0,71,0,72,29,0,101,42,0,42,143
07/29/2013,ENA,AK,AAL,WE,Federal Contract Tower,1,38,3,0,42,2,51,19,0,72,3,89,22,0,114,4,0,4,118
07/30/2013,ENA,AK,AAL,WE,Federal Contract Tower,0,35,3,0,38,10,74,36,0,120,10,109,39,0,158,30,34,64,222
07/31/2013,ENA,AK,AAL,WE,Federal Contract Tower,0,36,0,0,36,6,91,41,0,138,6,127,41,0,174,42,6,48,222
08/01/2013,ENA,AK,AAL,WE,Federal Contract Tower,0,38,1,0,39,8,75,31,0,114,8,113,32,0,153,38,34,72,225
08/02/2013,ENA,AK,AAL,WE,Federal Contract Tower,0,30,3,1,34,2,75,24,17,118,2,105,27,18,152,36,12,48,200
08/03/2013,ENA,AK,AAL,WE,Federal Contract Tower,0,25,1,0,26,0,32,13,0,45,0,57,14,0,71,26,0,26,97
08/04/2013,ENA,AK,AAL,WE,Federal Contract Tower,0,35,4,4,43,0,23,12,14,49,0,58,16,18,92,12,0,12,104
08/05/2013,ENA,AK,AAL,WE,Federal Contract Tower,1,32,0,0,33,0,60,32,0,92,1,92,32,0,125,24,20,44,169
08/06/2013,ENA,AK,AAL,WE,Federal Contract Tower,0,31,1,2,34,0,68,22,0,90,0,99,23,2,124,8,0,8,132
08/07/2013,ENA,AK,AAL,WE,Federal Contract Tower,0,33,0,0,33,0,54,17,2,73,0,87,17,2,106,18,26,44,150
08/08/2013,ENA,AK,AAL,WE,Federal Contract Tower,0,42,1,0,43,0,53,22,0,75,0,95,23,0,118,24,6,30,148
08/09/2013,ENA,AK,AAL,WE,Federal Contract Tower,0,40,1,0,41,1,42,17,0,60,1,82,18,0,101,16,22,38,139
08/10/2013,ENA,AK,AAL,WE,Federal Contract Tower,0,26,0,0,26,0,24,17,0,41,0,50,17,0,67,12,0,12,79
08/11/2013,ENA,AK,AAL,WE,Federal Contract Tower,0,45,12,0,57,0,1,1,0,2,0,46,13,0,59,0,0,0,59
08/12/2013,ENA,AK,AAL,WE,Federal Contract Tower,0,61,7,2,70,0,23,9,0,32,0,84,16,2,102,16,14,30,132
08/13/2013,ENA,AK,AAL,WE,Federal Contract Tower,0,63,2,2,67,0,28,19,0,47,0,91,21,2,114,0,16,16,130
08/14/2013,ENA,AK,AAL,WE,Federal Contract Tower,0,34,3,1,38,2,90,21,1,114,2,124,24,2,152,10,20,30,182
08/15/2013,ENA,AK,AAL,WE,Federal Contract Tower,0,32,2,2,36,3,83,24,0,110,3,115,26,2,146,20,14,34,180
08/16/2013,ENA,AK,AAL,WE,Federal Contract Tower,0,55,9,0,64,0,43,11,0,54,0,98,20,0,118,22,0,22,140
08/17/2013,ENA,AK,AAL,WE,Federal Contract Tower,0,22,3,0,25,0,26,14,0,40,0,48,17,0,65,18,0,18,83
08/18/2013,ENA,AK,AAL,WE,Federal Contract Tower,0,19,0,0,19,0,31,16,0,47,0,50,16,0,66,8,0,8,74
08/19/2013,ENA,AK,AAL,WE,Federal Contract Tower,0,58,6,4,68,0,17,8,0,25,0,75,14,4,93,0,0,0,93
08/20/2013,ENA,AK,AAL,WE,Federal Contract Tower,0,40,3,6,49,0,58,19,0,77,0,98,22,6,126,10,10,20,146
08/21/2013,ENA,AK,AAL,WE,Federal Contract Tower,2,63,5,2,72,0,8,4,0,12,2,71,9,2,84,2,0,2,86
08/22/2013,ENA,AK,AAL,WE,Federal Contract Tower,0,72,8,0,80,0,0,0,0,0,0,72,8,0,80,0,0,0,80
08/23/2013,ENA,AK,AAL,WE,Federal Contract Tower,0,43,6,4,53,0,64,33,2,99,0,107,39,6,152,8,2,10,162
08/24/2013,ENA,AK,AAL,WE,Federal Contract Tower,0,21,3,0,24,0,35,32,0,67,0,56,35,0,91,60,0,60,151
08/25/2013,ENA,AK,AAL,WE,Federal Contract Tower,0,16,1,0,17,0,36,43,0,79,0,52,44,0,96,42,0,42,138
08/26/2013,ENA,AK,AAL,WE,Federal Contract Tower,0,25,1,4,30,0,69,16,0,85,0,94,17,4,115,18,64,82,197
08/27/2013,ENA,AK,AAL,WE,Federal Contract Tower,0,27,5,0,32,6,58,25,0,89,6,85,30,0,121,14,0,14,135
08/28/2013,ENA,AK,AAL,WE,Federal Contract Tower,0,32,3,0,35,1,85,23,0,109,1,117,26,0,144,38,10,48,192
08/29/2013,ENA,AK,AAL,WE,Federal Contract Tower,0,66,20,0,86,0,22,5,0,27,0,88,25,0,113,14,6,20,133
08/30/2013,ENA,AK,AAL,WE,Federal Contract Tower,0,67,5,0,72,2,36,18,0,56,2,103,23,0,128,36,0,36,164
08/31/2013,ENA,AK,AAL,WE,Federal Contract Tower,0,22,4,0,26,0,32,21,0,53,0,54,25,0,79,22,0,22,101
09/01/2013,ENA,AK,AAL,WE,Federal Contract Tower,0,32,0,0,32,0,10,11,0,21,0,42,11,0,53,0,0,0,53
09/02/2013,ENA,AK,AAL,WE,Federal Contract Tower,0,38,0,0,38,0,26,6,0,32,0,64,6,0,70,0,0,0,70
09/03/2013,ENA,AK,AAL,WE,Federal Contract Tower,1,33,4,0,38,3,47,11,0,61,4,80,15,0,99,18,4,22,121
09/04/2013,ENA,AK,AAL,WE,Federal Contract Tower,0,28,6,0,34,6,61,12,0,79,6,89,18,0,113,10,26,36,149
09/05/2013,ENA,AK,AAL,WE,Federal Contract Tower,0,28,6,0,34,3,61,32,0,96,3,89,38,0,130,26,0,26,156
09/06/2013,ENA,AK,AAL,WE,Federal Contract Tower,0,36,0,0,36,0,35,0,0,35,0,71,0,0,71,0,0,0,71
09/07/2013,ENA,AK,AAL,WE,Federal Contract Tower,0,28,0,0,28,0,15,20,0,35,0,43,20,0,63,22,0,22,85
09/08/2013,ENA,AK,AAL,WE,Federal Contract Tower,0,21,3,0,24,0,38,14,0,52,0,59,17,0,76,34,0,34,110
09/09/2013,ENA,AK,AAL,WE,Federal Contract Tower,0,24,3,2,29,0,68,15,2,85,0,92,18,4,114,24,16,40,154
09/10/2013,ENA,AK,AAL,WE,Federal Contract Tower,0,26,2,0,28,0,52,7,0,59,0,78,9,0,87,10,26,36,123
09/11/2013,ENA,AK,AAL,WE,Federal Contract Tower,0,45,3,2,50,0,27,13,0,40,0,72,16,2,90,0,26,26,116
09/12/2013,ENA,AK,AAL,WE,Federal Contract Tower,0,27,4,0,31,1,62,19,2,84,1,89,23,2,115,10,4,14,129
09/13/2013,ENA,AK,AAL,WE,Federal Contract Tower,0,31,0,6,37,2,45,17,2,66,2,76,17,8,103,10,20,30,133
09/14/2013,ENA,AK,AAL,WE,Federal Contract Tower,0,20,0,4,24,0,33,29,1,63,0,53,29,5,87,34,0,34,121
09/15/2013,ENA,AK,AAL,WE,Federal Contract Tower,0,22,1,0,23,0,24,33,0,57,0,46,34,0,80,42,0,42,122
09/16/2013,ENA,AK,AAL,WE,Federal Contract Tower,0,26,0,0,26,2,56,33,0,91,2,82,33,0,117,14,20,34,151
09/17/2013,ENA,AK,AAL,WE,Federal Contract Tower,2,41,0,0,43,2,40,28,0,70,4,81,28,0,113,24,0,24,137
09/18/2013,ENA,AK,AAL,WE,Federal Contract Tower,1,43,0,0,44,1,43,8,0,52,2,86,8,0,96,20,0,20,116
09/19/2013,ENA,AK,AAL,WE,Federal Contract Tower,0,23,1,0,24,6,61,14,0,81,6,84,15,0,105,18,0,18,123
09/20/2013,ENA,AK,AAL,WE,Federal Contract Tower,0,30,0,0,30,0,58,22,7,87,0,88,22,7,117,28,4,32,149
09/21/2013,ENA,AK,AAL,WE,Federal Contract Tower,0,22,1,0,23,0,16,5,0,21,0,38,6,0,44,2,0,2,46
09/22/2013,ENA,AK,AAL,WE,Federal Contract Tower,0,20,0,0,20,0,22,14,0,36,0,42,14,0,56,2,0,2,58
09/23/2013,ENA,AK,AAL,WE,Federal Contract Tower,0,28,2,0,30,0,62,15,0,77,0,90,17,0,107,12,0,12,119
09/24/2013,ENA,AK,AAL,WE,Federal Contract Tower,0,28,5,0,33,5,51,17,0,73,5,79,22,0,106,20,0,20,126
09/25/2013,ENA,AK,AAL,WE,Federal Contract Tower,2,46,2,0,50,0,27,3,0,30,2,73,5,0,80,30,0,30,110
09/26/2013,ENA,AK,AAL,WE,Federal Contract Tower,3,60,9,0,72,0,14,5,0,19,3,74,14,0,91,12,0,12,103
09/27/2013,ENA,AK,AAL,WE,Federal Contract Tower,0,27,0,0,27,0,70,4,0,74,0,97,4,0,101,36,20,56,157
09/28/2013,ENA,AK,AAL,WE,Federal Contract Tower,0,13,0,0,13,0,37,41,0,78,0,50,41,0,91,32,0,32,123
09/29/2013,ENA,AK,AAL,WE,Federal Contract Tower,0,18,0,0,18,0,20,19,0,39,0,38,19,0,57,12,0,12,69
09/30/2013,ENA,AK,AAL,WE,Federal Contract Tower,0,20,1,0,21,8,54,14,0,76,8,74,15,0,97,39,4,43,140
10/01/2013,ENA,AK,AAL,WE,Federal Contract Tower,0,19,0,0,19,2,51,31,0,84,2,70,31,0,103,24,0,24,127
10/02/2013,ENA,AK,AAL,WE,Federal Contract Tower,1,68,2,0,71,3,28,7,0,38,4,96,9,0,109,14,0,14,123
10/03/2013,ENA,AK,AAL,WE,Federal Contract Tower,0,20,0,0,20,6,54,5,0,65,6,74,5,0,85,12,12,24,109
10/04/2013,ENA,AK,AAL,WE,Federal Contract Tower,2,22,0,0,24,4,57,42,0,103,6,79,42,0,127,40,0,40,167
10/05/2013,ENA,AK,AAL,WE,Federal Contract Tower,0,20,0,0,20,6,28,26,0,60,6,48,26,0,80,28,0,28,108
10/06/2013,ENA,AK,AAL,WE,Federal Contract Tower,0,27,0,2,29,0,7,1,0,8,0,34,1,2,37,8,0,8,45
10/07/2013,ENA,AK,AAL,WE,Federal Contract Tower,0,30,2,0,32,0,36,16,2,54,0,66,18,2,86,52,4,56,142
10/08/2013,ENA,AK,AAL,WE,Federal Contract Tower,0,35,5,0,40,0,9,0,0,9,0,44,5,0,49,0,0,0,49
10/09/2013,ENA,AK,AAL,WE,Federal Contract Tower,0,24,0,0,24,0,54,3,0,57,0,78,3,0,81,20,0,20,101
10/10/2013,ENA,AK,AAL,WE,Federal Contract Tower,0,29,0,0,29,0,39,10,0,49,0,68,10,0,78,4,12,16,94
10/11/2013,ENA,AK,AAL,WE,Federal Contract Tower,2,60,3,2,67,2,20,3,0,25,4,80,6,2,92,0,0,0,92
10/12/2013,ENA,AK,AAL,WE,Federal Contract Tower,0,18,0,0,18,0,25,7,0,32,0,43,7,0,50,0,0,0,50
10/13/2013,ENA,AK,AAL,WE,Federal Contract Tower,0,20,0,0,20,0,11,10,0,21,0,31,10,0,41,18,0,18,59
10/14/2013,ENA,AK,AAL,WE,Federal Contract Tower,0,24,0,0,24,0,41,13,0,54,0,65,13,0,78,26,0,26,104
10/15/2013,ENA,AK,AAL,WE,Federal Contract Tower,0,28,0,0,28,4,33,5,0,42,4,61,5,0,70,10,0,10,80
10/16/2013,ENA,AK,AAL,WE,Federal Contract Tower,0,25,1,0,26,2,41,10,0,53,2,66,11,0,79,14,0,14,93
10/17/2013,ENA,AK,AAL,WE,Federal Contract Tower,0,25,2,0,27,0,43,11,0,54,0,68,13,0,81,14,0,14,95
10/18/2013,ENA,AK,AAL,WE,Federal Contract Tower,0,23,4,0,27,0,45,16,0,61,0,68,20,0,88,20,0,20,108
10/19/2013,ENA,AK,AAL,WE,Federal Contract Tower,0,19,0,0,19,0,18,5,0,23,0,37,5,0,42,0,4,4,46
10/20/2013,ENA,AK,AAL,WE,Federal Contract Tower,0,16,2,0,18,0,19,9,0,28,0,35,11,0,46,8,0,8,54
10/21/2013,ENA,AK,AAL,WE,Federal Contract Tower,0,20,3,6,29,0,45,16,0,61,0,65,19,6,90,16,14,30,120
10/22/2013,ENA,AK,AAL,WE,Federal Contract Tower,0,24,1,4,29,0,49,17,4,70,0,73,18,8,99,20,18,38,137
10/23/2013,ENA,AK,AAL,WE,Federal Contract Tower,0,28,0,0,28,0,49,18,0,67,0,77,18,0,95,38,18,56,151
10/24/2013,ENA,AK,AAL,WE,Federal Contract Tower,0,26,3,0,29,0,32,0,0,32,0,58,3,0,61,0,24,24,85
10/25/2013,ENA,AK,AAL,WE,Federal Contract Tower,0,22,2,0,24,0,53,5,0,58,0,75,7,0,82,14,0,14,96
10/26/2013,ENA,AK,AAL,WE,Federal Contract Tower,1,25,0,0,26,0,19,12,0,31,1,44,12,0,57,26,0,26,83
10/27/2013,ENA,AK,AAL,WE,Federal Contract Tower,0,26,4,0,30,0,5,1,0,6,0,31,5,0,36,0,0,0,36
10/28/2013,ENA,AK,AAL,WE,Federal Contract Tower,0,39,1,8,48,0,24,0,0,24,0,63,1,8,72,0,0,0,72
10/29/2013,ENA,AK,AAL,WE,Federal Contract Tower,0,23,0,1,24,0,51,18,1,70,0,74,18,2,94,40,20,60,154
10/30/2013,ENA,AK,AAL,WE,Federal Contract Tower,0,25,0,1,26,0,40,7,0,47,0,65,7,1,73,8,24,32,105
10/31/2013,ENA,AK,AAL,WE,Federal Contract Tower,0,34,0,0,34,0,39,14,0,53,0,73,14,0,87,32,2,34,121
11/01/2013,ENA,AK,AAL,WE,Federal Contract Tower,0,57,0,2,59,1,20,9,0,30,1,77,9,2,89,26,0,26,115
11/02/2013,ENA,AK,AAL,WE,Federal Contract Tower,0,25,0,2,27,0,18,20,0,38,0,43,20,2,65,24,0,24,89
11/03/2013,ENA,AK,AAL,WE,Federal Contract Tower,0,12,0,0,12,0,22,10,0,32,0,34,10,0,44,28,0,28,72
11/04/2013,ENA,AK,AAL,WE,Federal Contract Tower,0,24,0,0,24,4,37,4,0,45,4,61,4,0,69,12,20,32,101
11/05/2013,ENA,AK,AAL,WE,Federal Contract Tower,0,28,0,0,28,4,51,15,0,70,4,79,15,0,98,24,28,52,150
11/06/2013,ENA,AK,AAL,WE,Federal Contract Tower,0,25,0,2,27,6,59,18,0,83,6,84,18,2,110,50,42,92,202
11/07/2013,ENA,AK,AAL,WE,Federal Contract Tower,0,19,0,2,21,0,45,10,0,55,0,64,10,2,76,22,0,22,98
11/08/2013,ENA,AK,AAL,WE,Federal Contract Tower,0,26,0,0,26,4,57,17,0,78,4,83,17,0,104,20,0,20,124
11/09/2013,ENA,AK,AAL,WE,Federal Contract Tower,0,27,2,0,29,0,4,0,0,4,0,31,2,0,33,0,0,0,33
11/10/2013,ENA,AK,AAL,WE,Federal Contract Tower,0,27,0,0,27,0,2,0,0,2,0,29,0,0,29,0,0,0,29
11/11/2013,ENA,AK,AAL,WE,Federal Contract Tower,0,21,0,0,21,2,46,10,0,58,2,67,10,0,79,28,0,28,107
11/12/2013,ENA,AK,AAL,WE,Federal Contract Tower,0,22,8,1,31,6,48,9,3,66,6,70,17,4,97,20,0,20,117
11/13/2013,ENA,AK,AAL,WE,Federal Contract Tower,0,28,1,9,38,0,41,15,0,56,0,69,16,9,94,40,54,94,188
11/14/2013,ENA,AK,AAL,WE,Federal Contract Tower,0,30,0,0,30,0,23,2,0,25,0,53,2,0,55,2,0,2,57
11/15/2013,ENA,AK,AAL,WE,Federal Contract Tower,0,27,0,0,27,2,55,19,0,76,2,82,19,0,103,24,2,26,129
11/16/2013,ENA,AK,AAL,WE,Federal Contract Tower,0,18,0,1,19,0,27,8,9,44,0,45,8,10,63,12,0,12,75
11/17/2013,ENA,AK,AAL,WE,Federal Contract Tower,0,17,2,0,19,0,23,9,0,32,0,40,11,0,51,10,0,10,61
11/18/2013,ENA,AK,AAL,WE,Federal Contract Tower,0,18,2,2,22,0,54,8,0,62,0,72,10,2,84,10,6,16,100
11/19/2013,ENA,AK,AAL,WE,Federal Contract Tower,0,26,0,0,26,4,36,11,0,51,4,62,11,0,77,24,4,28,105
11/20/2013,ENA,AK,AAL,WE,Federal Contract Tower,0,24,0,0,24,5,46,2,2,55,5,70,2,2,79,10,0,10,89
11/21/2013,ENA,AK,AAL,WE,Federal Contract Tower,2,16,0,0,18,0,18,2,0,20,2,34,2,0,38,0,0,0,38
11/22/2013,ENA,AK,AAL,WE,Federal Contract Tower,0,30,0,0,30,0,9,1,0,10,0,39,1,0,40,0,0,0,40
11/23/2013,ENA,AK,AAL,WE,Federal Contract Tower,0,17,0,0,17,0,20,8,0,28,0,37,8,0,45,6,0,6,51
11/24/2013,ENA,AK,AAL,WE,Federal Contract Tower,0,20,1,0,21,0,16,0,0,16,0,36,1,0,37,0,0,0,37
11/25/2013,ENA,AK,AAL,WE,Federal Contract Tower,0,22,0,3,25,6,56,5,0,67,6,78,5,3,92,8,4,12,104
11/26/2013,ENA,AK,AAL,WE,Federal Contract Tower,1,31,2,0,34,7,33,12,0,52,8,64,14,0,86,10,0,10,96
11/27/2013,ENA,AK,AAL,WE,Federal Contract Tower,4,52,0,0,56,0,12,5,0,17,4,64,5,0,73,6,0,6,79
11/28/2013,ENA,AK,AAL,WE,Federal Contract Tower,0,19,0,0,19,0,0,3,0,3,0,19,3,0,22,2,0,2,24
11/29/2013,ENA,AK,AAL,WE,Federal Contract Tower,0,25,0,0,25,0,26,9,0,35,0,51,9,0,60,16,0,16,76
11/30/2013,ENA,AK,AAL,WE,Federal Contract Tower,0,20,1,0,21,0,26,3,0,29,0,46,4,0,50,4,0,4,54
12/01/2013,ENA,AK,AAL,WE,Federal Contract Tower,0,12,2,0,14,0,22,0,0,22,0,34,2,0,36,10,0,10,46
12/02/2013,ENA,AK,AAL,WE,Federal Contract Tower,0,33,1,3,37,6,41,4,1,52,6,74,5,4,89,0,12,12,101
12/03/2013,ENA,AK,AAL,WE,Federal Contract Tower,0,35,0,0,35,0,46,15,0,61,0,81,15,0,96,8,4,12,108
12/04/2013,ENA,AK,AAL,WE,Federal Contract Tower,0,21,0,2,23,0,25,5,0,30,0,46,5,2,53,8,0,8,61
12/05/2013,ENA,AK,AAL,WE,Federal Contract Tower,0,43,0,0,43,0,9,2,0,11,0,52,2,0,54,6,0,6,60
12/06/2013,ENA,AK,AAL,WE,Federal Contract Tower,0,59,0,0,59,0,7,0,0,7,0,66,0,0,66,0,0,0,66
12/07/2013,ENA,AK,AAL,WE,Federal Contract Tower,0,31,0,0,31,0,2,0,0,2,0,33,0,0,33,0,0,0,33
12/08/2013,ENA,AK,AAL,WE,Federal Contract Tower,0,37,0,0,37,0,0,0,0,0,0,37,0,0,37,0,0,0,37
12/09/2013,ENA,AK,AAL,WE,Federal Contract Tower,0,53,0,2,55,0,0,0,0,0,0,53,0,2,55,0,0,0,55
12/10/2013,ENA,AK,AAL,WE,Federal Contract Tower,1,55,2,0,58,1,2,0,0,3,2,57,2,0,61,0,6,6,67
12/11/2013,ENA,AK,AAL,WE,Federal Contract Tower,0,26,0,0,26,6,57,8,0,71,6,83,8,0,97,24,2,26,123
12/12/2013,ENA,AK,AAL,WE,Federal Contract Tower,0,52,1,2,55,0,40,8,0,48,0,92,9,2,103,10,6,16,119
12/13/2013,ENA,AK,AAL,WE,Federal Contract Tower,0,27,0,4,31,0,8,0,0,8,0,35,0,4,39,0,0,0,39
12/14/2013,ENA,AK,AAL,WE,Federal Contract Tower,0,32,0,0,32,0,1,0,0,1,0,33,0,0,33,0,0,0,33
12/15/2013,ENA,AK,AAL,WE,Federal Contract Tower,0,22,0,0,22,0,9,13,0,22,0,31,13,0,44,0,0,0,44
12/16/2013,ENA,AK,AAL,WE,Federal Contract Tower,0,24,3,0,27,6,50,2,2,60,6,74,5,2,87,0,2,2,89
12/17/2013,ENA,AK,AAL,WE,Federal Contract Tower,0,33,3,0,36,6,41,17,0,64,6,74,20,0,100,14,2,16,116
12/18/2013,ENA,AK,AAL,WE,Federal Contract Tower,0,34,3,0,37,4,36,6,0,46,4,70,9,0,83,16,0,16,99
12/19/2013,ENA,AK,AAL,WE,Federal Contract Tower,0,28,0,0,28,0,47,4,0,51,0,75,4,0,79,2,0,2,81
12/20/2013,ENA,AK,AAL,WE,Federal Contract Tower,0,36,3,0,39,0,32,6,0,38,0,68,9,0,77,8,0,8,85
12/21/2013,ENA,AK,AAL,WE,Federal Contract Tower,0,41,1,0,42,0,0,0,0,0,0,41,1,0,42,0,0,0,42
12/22/2013,ENA,AK,AAL,WE,Federal Contract Tower,0,25,0,0,25,0,4,0,0,4,0,29,0,0,29,0,0,0,29
12/23/2013,ENA,AK,AAL,WE,Federal Contract Tower,0,24,0,1,25,2,42,4,1,49,2,66,4,2,74,18,8,26,100
12/24/2013,ENA,AK,AAL,WE,Federal Contract Tower,0,22,0,0,22,0,38,3,0,41,0,60,3,0,63,0,0,0,63
12/25/2013,ENA,AK,AAL,WE,Federal Contract Tower,0,12,0,0,12,0,3,0,0,3,0,15,0,0,15,8,0,8,23
12/26/2013,ENA,AK,AAL,WE,Federal Contract Tower,0,20,0,0,20,4,51,6,0,61,4,71,6,0,81,26,0,26,107
12/27/2013,ENA,AK,AAL,WE,Federal Contract Tower,0,38,0,0,38,0,32,4,0,36,0,70,4,0,74,14,0,14,88
12/28/2013,ENA,AK,AAL,WE,Federal Contract Tower,0,25,0,0,25,0,7,0,0,7,0,32,0,0,32,0,0,0,32
12/29/2013,ENA,AK,AAL,WE,Federal Contract Tower,0,17,0,0,17,0,12,4,0,16,0,29,4,0,33,8,0,8,41
12/30/2013,ENA,AK,AAL,WE,Federal Contract Tower,0,24,0,3,27,0,58,5,1,64,0,82,5,4,91,16,10,26,117
12/31/2013,ENA,AK,AAL,WE,Federal Contract Tower,0,28,0,0,28,0,37,5,0,42,0,65,5,0,70,10,0,10,80
01/01/2014,ENA,AK,AAL,WE,Federal Contract Tower,0,19,0,0,19,0,5,6,0,11,0,24,6,0,30,4,0,4,34
01/02/2014,ENA,AK,AAL,WE,Federal Contract Tower,0,31,0,0,31,0,36,5,0,41,0,67,5,0,72,0,4,4,76
01/03/2014,ENA,AK,AAL,WE,Federal Contract Tower,0,46,0,0,46,0,0,0,0,0,0,46,0,0,46,0,0,0,46
01/04/2014,ENA,AK,AAL,WE,Federal Contract Tower,0,22,2,0,24,0,10,0,0,10,0,32,2,0,34,0,0,0,34
01/05/2014,ENA,AK,AAL,WE,Federal Contract Tower,0,16,0,0,16,0,32,4,0,36,0,48,4,0,52,0,0,0,52
01/06/2014,ENA,AK,AAL,WE,Federal Contract Tower,0,20,0,2,22,0,60,10,0,70,0,80,10,2,92,28,18,46,138
01/07/2014,ENA,AK,AAL,WE,Federal Contract Tower,0,18,0,0,18,0,54,23,2,79,0,72,23,2,97,10,22,32,129
01/08/2014,ENA,AK,AAL,WE,Federal Contract Tower,0,27,2,0,29,0,53,5,0,58,0,80,7,0,87,16,12,28,115
01/09/2014,ENA,AK,AAL,WE,Federal Contract Tower,0,42,0,0,42,0,2,0,0,2,0,44,0,0,44,0,0,0,44
01/10/2014,ENA,AK,AAL,WE,Federal Contract Tower,4,54,0,0,58,0,1,0,0,1,4,55,0,0,59,0,0,0,59
01/11/2014,ENA,AK,AAL,WE,Federal Contract Tower,0,27,0,0,27,0,8,7,0,15,0,35,7,0,42,10,0,10,52
01/12/2014,ENA,AK,AAL,WE,Federal Contract Tower,0,25,0,0,25,0,9,3,0,12,0,34,3,0,37,2,0,2,39
01/13/2014,ENA,AK,AAL,WE,Federal Contract Tower,1,56,1,0,58,1,8,0,0,9,2,64,1,0,67,0,0,0,67
01/14/2014,ENA,AK,AAL,WE,Federal Contract Tower,1,43,0,0,44,1,11,0,0,12,2,54,0,0,56,0,4,4,60
01/15/2014,ENA,AK,AAL,WE,Federal Contract Tower,2,52,0,0,54,0,11,0,0,11,2,63,0,0,65,4,0,4,69
01/16/2014,ENA,AK,AAL,WE,Federal Contract Tower,0,47,0,0,47,0,0,0,0,0,0,47,0,0,47,0,0,0,47
01/17/2014,ENA,AK,AAL,WE,Federal Contract Tower,0,23,0,0,23,0,45,2,0,47,0,68,2,0,70,0,0,0,70
01/18/2014,ENA,AK,AAL,WE,Federal Contract Tower,0,25,0,0,25,0,23,2,0,25,0,48,2,0,50,18,0,18,68
01/19/2014,ENA,AK,AAL,WE,Federal Contract Tower,0,25,0,0,25,0,19,2,0,21,0,44,2,0,46,20,0,20,66
01/20/2014,ENA,AK,AAL,WE,Federal Contract Tower,0,18,2,0,20,0,56,5,0,61,0,74,7,0,81,12,0,12,93
01/21/2014,ENA,AK,AAL,WE,Federal Contract Tower,0,41,0,0,41,0,46,4,0,50,0,87,4,0,91,26,34,60,151
01/22/2014,ENA,AK,AAL,WE,Federal Contract Tower,0,25,0,0,25,0,53,1,0,54,0,78,1,0,79,6,18,24,103
01/23/2014,ENA,AK,AAL,WE,Federal Contract Tower,0,27,1,0,28,0,51,8,0,59,0,78,9,0,87,8,58,66,153
01/24/2014,ENA,AK,AAL,WE,Federal Contract Tower,0,27,0,0,27,6,41,12,0,59,6,68,12,0,86,40,0,40,126
01/25/2014,ENA,AK,AAL,WE,Federal Contract Tower,0,17,0,0,17,0,29,7,0,36,0,46,7,0,53,22,0,22,75
01/26/2014,ENA,AK,AAL,WE,Federal Contract Tower,0,19,0,0,19,0,13,7,0,20,0,32,7,0,39,20,0,20,59
01/27/2014,ENA,AK,AAL,WE,Federal Contract Tower,0,27,0,0,27,0,40,9,0,49,0,67,9,0,76,2,30,32,108
01/28/2014,ENA,AK,AAL,WE,Federal Contract Tower,0,22,0,0,22,0,49,11,0,60,0,71,11,0,82,24,12,36,118
01/29/2014,ENA,AK,AAL,WE,Federal Contract Tower,0,22,0,0,22,0,41,13,0,54,0,63,13,0,76,18,26,44,120
01/30/2014,ENA,AK,AAL,WE,Federal Contract Tower,0,23,0,6,29,0,43,12,0,55,0,66,12,6,84,14,24,38,122
01/31/2014,ENA,AK,AAL,WE,Federal Contract Tower,2,30,0,0,32,0,53,3,0,56,2,83,3,0,88,20,0,20,108
02/01/2014,ENA,AK,AAL,WE,Federal Contract Tower,2,23,0,0,25,4,14,9,0,27,6,37,9,0,52,36,6,42,94
02/02/2014,ENA,AK,AAL,WE,Federal Contract Tower,0,19,0,0,19,0,8,9,0,17,0,27,9,0,36,6,0,6,42
02/03/2014,ENA,AK,AAL,WE,Federal Contract Tower,0,33,0,0,33,0,45,9,0,54,0,78,9,0,87,14,48,62,149
02/04/2014,ENA,AK,AAL,WE,Federal Contract Tower,0,22,2,0,24,0,53,15,4,72,0,75,17,4,96,8,14,22,118
02/05/2014,ENA,AK,AAL,WE,Federal Contract Tower,0,22,2,0,24,0,62,5,0,67,0,84,7,0,91,22,16,38,129
02/06/2014,ENA,AK,AAL,WE,Federal Contract Tower,0,25,1,2,28,0,60,4,0,64,0,85,5,2,92,4,12,16,108
02/07/2014,ENA,AK,AAL,WE,Federal Contract Tower,0,10,0,0,10,0,3,0,2,5,0,13,0,2,15,0,14,14,29
02/08/2014,ENA,AK,AAL,WE,Federal Contract Tower,0,12,0,0,12,0,18,10,0,28,0,30,10,0,40,16,0,16,56
02/09/2014,ENA,AK,AAL,WE,Federal Contract Tower,0,16,1,0,17,0,19,15,2,36,0,35,16,2,53,4,12,16,69
02/10/2014,ENA,AK,AAL,WE,Federal Contract Tower,0,22,0,0,22,0,46,12,0,58,0,68,12,0,80,12,8,20,100
02/11/2014,ENA,AK,AAL,WE,Federal Contract Tower,0,23,2,2,27,0,49,10,4,63,0,72,12,6,90,14,22,36,126
02/12/2014,ENA,AK,AAL,WE,Federal Contract Tower,0,26,2,2,30,0,56,10,0,66,0,82,12,2,96,0,0,0,96
02/13/2014,ENA,AK,AAL,WE,Federal Contract Tower,0,39,2,1,42,0,25,4,1,30,0,64,6,2,72,0,8,8,80
02/14/2014,ENA,AK,AAL,WE,Federal Contract Tower,0,27,2,0,29,0,49,3,0,52,0,76,5,0,81,6,0,6,87
02/15/2014,ENA,AK,AAL,WE,Federal Contract Tower,0,15,0,0,15,0,18,7,0,25,0,33,7,0,40,6,0,6,46
02/16/2014,ENA,AK,AAL,WE,Federal Contract Tower,0,23,0,0,23,0,9,0,0,9,0,32,0,0,32,0,0,0,32
02/17/2014,ENA,AK,AAL,WE,Federal Contract Tower,0,34,4,0,38,0,37,1,0,38,0,71,5,0,76,10,0,10,86
02/18/2014,ENA,AK,AAL,WE,Federal Contract Tower,0,23,0,0,23,0,42,1,0,43,0,65,1,0,66,6,12,18,84
02/19/2014,ENA,AK,AAL,WE,Federal Contract Tower,0,49,2,0,51,0,29,3,0,32,0,78,5,0,83,0,0,0,83
02/20/2014,ENA,AK,AAL,WE,Federal Contract Tower,0,30,0,0,30,0,71,7,0,78,0,101,7,0,108,16,0,16,124
02/21/2014,ENA,AK,AAL,WE,Federal Contract Tower,0,26,0,0,26,0,40,2,0,42,0,66,2,0,68,12,0,12,80
02/22/2014,ENA,AK,AAL,WE,Federal Contract Tower,0,12,6,0,18,0,21,12,0,33,0,33,18,0,51,38,0,38,89
02/23/2014,ENA,AK,AAL,WE,Federal Contract Tower,0,14,0,0,14,0,16,7,0,23,0,30,7,0,37,10,0,10,47
02/24/2014,ENA,AK,AAL,WE,Federal Contract Tower,0,19,0,0,19,3,55,13,0,71,3,74,13,0,90,18,14,32,122
02/25/2014,ENA,AK,AAL,WE,Federal Contract Tower,0,22,0,0,22,0,47,6,0,53,0,69,6,0,75,12,4,16,91
02/26/2014,ENA,AK,AAL,WE,Federal Contract Tower,0,21,2,0,23,0,51,3,0,54,0,72,5,0,77,28,0,28,105
02/27/2014,ENA,AK,AAL,WE,Federal Contract Tower,0,18,2,0,20,0,39,18,0,57,0,57,20,0,77,38,0,38,115
02/28/2014,ENA,AK,AAL,WE,Federal Contract Tower,0,21,3,0,24,0,39,4,2,45,0,60,7,2,69,12,4,16,85
03/01/2014,ENA,AK,AAL,WE,Federal Contract Tower,0,13,3,0,16,0,19,28,0,47,0,32,31,0,63,6,0,6,69
03/02/2014,ENA,AK,AAL,WE,Federal Contract Tower,0,23,0,0,23,0,9,14,2,25,0,32,14,2,48,10,0,10,58
03/03/2014,ENA,AK,AAL,WE,Federal Contract Tower,0,50,2,0,52,0,6,3,0,9,0,56,5,0,61,0,0,0,61
03/04/2014,ENA,AK,AAL,WE,Federal Contract Tower,0,36,0,0,36,0,32,4,0,36,0,68,4,0,72,2,14,16,88
03/05/2014,ENA,AK,AAL,WE,Federal Contract Tower,0,33,2,0,35,0,48,12,0,60,0,81,14,0,95,24,0,24,119
03/06/2014,ENA,AK,AAL,WE,Federal Contract Tower,0,28,1,0,29,0,53,10,2,65,0,81,11,2,94,16,42,58,152
03/07/2014,ENA,AK,AAL,WE,Federal Contract Tower,0,22,3,0,25,0,42,25,0,67,0,64,28,0,92,18,10,28,120
03/08/2014,ENA,AK,AAL,WE,Federal Contract Tower,0,10,0,0,10,0,28,16,0,44,0,38,16,0,54,4,0,4,58
03/09/2014,ENA,AK,AAL,WE,Federal Contract Tower,0,19,0,0,19,0,19,13,0,32,0,38,13,0,51,10,0,10,61
03/10/2014,ENA,AK,AAL,WE,Federal Contract Tower,0,34,0,2,36,0,15,2,0,17,0,49,2,2,53,0,0,0,53
03/11/2014,ENA,AK,AAL,WE,Federal Contract Tower,0,31,0,0,31,0,34,2,0,36,0,65,2,0,67,10,12,22,89
03/12/2014,ENA,AK,AAL,WE,Federal Contract Tower,0,24,0,0,24,0,42,7,2,51,0,66,7,2,75,14,4,18,93
03/13/2014,ENA,AK,AAL,WE,Federal Contract Tower,0,23,2,0,25,0,43,12,0,55,0,66,14,0,80,32,28,60,140
03/14/2014,ENA,AK,AAL,WE,Federal Contract Tower,0,22,1,0,23,0,25,3,0,28,0,47,4,0,51,2,0,2,53
03/15/2014,ENA,AK,AAL,WE,Federal Contract Tower,2,17,0,0,19,0,26,8,0,34,2,43,8,0,53,4,0,4,57
03/16/2014,ENA,AK,AAL,WE,Federal Contract Tower,0,16,1,0,17,0,14,3,0,17,0,30,4,0,34,4,0,4,38
03/17/2014,ENA,AK,AAL,WE,Federal Contract Tower,0,40,0,2,42,0,10,0,0,10,0,50,0,2,52,0,0,0,52
03/18/2014,ENA,AK,AAL,WE,Federal Contract Tower,1,28,0,0,29,1,49,7,0,57,2,77,7,0,86,0,22,22,108
03/19/2014,ENA,AK,AAL,WE,Federal Contract Tower,0,21,2,1,24,0,67,11,1,79,0,88,13,2,103,30,26,56,159
03/20/2014,ENA,AK,AAL,WE,Federal Contract Tower,0,22,0,0,22,0,53,17,0,70,0,75,17,0,92,34,0,34,126
03/21/2014,ENA,AK,AAL,WE,Federal Contract Tower,0,22,0,2,24,0,52,13,0,65,0,74,13,2,89,22,0,22,111
03/22/2014,ENA,AK,AAL,WE,Federal Contract Tower,0,11,0,0,11,0,21,20,0,41,0,32,20,0,52,6,0,6,58
03/23/2014,ENA,AK,AAL,WE,Federal Contract Tower,0,17,0,0,17,0,14,17,4,35,0,31,17,4,52,32,10,42,94
03/24/2014,ENA,AK,AAL,WE,Federal Contract Tower,0,21,1,0,22,0,54,24,0,78,0,75,25,0,100,32,0,32,132
03/25/2014,ENA,AK,AAL,WE,Federal Contract Tower,0,26,0,3,29,0,44,14,1,59,0,70,14,4,88,6,22,28,116
03/26/2014,ENA,AK,AAL,WE,Federal Contract Tower,0,25,0,0,25,0,56,19,2,77,0,81,19,2,102,48,34,82,184
03/27/2014,ENA,AK,AAL,WE,Federal Contract Tower,0,25,0,0,25,0,48,27,0,75,0,73,27,0,100,46,40,86,186
03/28/2014,ENA,AK,AAL,WE,Federal Contract Tower,0,22,2,2,26,0,45,21,0,66,0,67,23,2,92,10,0,10,102
03/29/2014,ENA,AK,AAL,WE,Federal Contract Tower,0,15,0,0,15,0,23,9,0,32,0,38,9,0,47,8,0,8,55
03/30/2014,ENA,AK,AAL,WE,Federal Contract Tower,0,17,0,0,17,0,18,31,0,49,0,35,31,0,66,32,0,32,98
03/31/2014,ENA,AK,AAL,WE,Federal Contract Tower,0,24,0,0,24,0,59,22,0,81,0,83,22,0,105,32,34,66,171
04/01/2014,ENA,AK,AAL,WE,Federal Contract Tower,0,20,0,3,23,0,52,17,1,70,0,72,17,4,93,14,28,42,135
04/02/2014,ENA,AK,AAL,WE,Federal Contract Tower,0,25,2,0,27,6,57,13,0,76,6,82,15,0,103,24,6,30,133
04/03/2014,ENA,AK,AAL,WE,Federal Contract Tower,0,23,0,0,23,0,51,15,0,66,0,74,15,0,89,26,20,46,135
04/04/2014,ENA,AK,AAL,WE,Federal Contract Tower,0,25,2,0,27,0,41,15,0,56,0,66,17,0,83,28,0,28,111
04/05/2014,ENA,AK,AAL,WE,Federal Contract Tower,0,13,0,0,13,0,13,7,0,20,0,26,7,0,33,24,0,24,57
04/06/2014,ENA,AK,AAL,WE,Federal Contract Tower,0,16,0,0,16,0,14,16,0,30,0,30,16,0,46,14,0,14,60
04/07/2014,ENA,AK,AAL,WE,Federal Contract Tower,2,39,0,1,42,0,23,5,1,29,2,62,5,2,71,28,32,60,131
04/08/2014,ENA,AK,AAL,WE,Federal Contract Tower,0,33,0,0,33,0,45,13,0,58,0,78,13,0,91,16,28,44,135
04/09/2014,ENA,AK,AAL,WE,Federal Contract Tower,0,23,1,0,24,0,63,18,2,83,0,86,19,2,107,20,12,32,139
04/10/2014,ENA,AK,AAL,WE,Federal Contract Tower,0,24,0,0,24,0,48,12,7,67,0,72,12,7,91,8,0,8,99
04/11/2014,ENA,AK,AAL,WE,Federal Contract Tower,0,22,0,4,26,0,49,20,0,69,0,71,20,4,95,32,0,32,127
04/12/2014,ENA,AK,AAL,WE,Federal Contract Tower,0,29,0,2,31,0,3,0,0,3,0,32,0,2,34,10,0,10,44
04/13/2014,ENA,AK,AAL,WE,Federal Contract Tower,0,19,0,2,21,0,16,10,0,26,0,35,10,2,47,20,0,20,67
04/14/2014,ENA,AK,AAL,WE,Federal Contract Tower,0,21,3,0,24,0,53,28,0,81,0,74,31,0,105,22,16,38,143
04/15/2014,ENA,AK,AAL,WE,Federal Contract Tower,0,23,3,0,26,0,41,20,0,61,0,64,23,0,87,10,2,12,99
04/16/2014,ENA,AK,AAL,WE,Federal Contract Tower,0,24,1,0,25,0,61,8,4,73,0,85,9,4,98,10,20,30,128
04/17/2014,ENA,AK,AAL,WE,Federal Contract Tower,0,24,0,1,25,0,55,9,1,65,0,79,9,2,90,8,10,18,108
04/18/2014,ENA,AK,AAL,WE,Federal Contract Tower,0,25,2,0,27,0,52,10,0,62,0,77,12,0,89,26,0,26,115
04/19/2014,ENA,AK,AAL,WE,Federal Contract Tower,0,12,0,0,12,0,30,7,0,37,0,42,7,0,49,34,0,34,83
04/20/2014,ENA,AK,AAL,WE,Federal Contract Tower,0,16,0,0,16,0,17,6,0,23,0,33,6,0,39,12,0,12,51
04/21/2014,ENA,AK,AAL,WE,Federal Contract Tower,0,25,0,0,25,0,48,13,0,61,0,73,13,0,86,42,8,50,136
04/22/2014,ENA,AK,AAL,WE,Federal Contract Tower,0,22,1,0,23,0,45,15,2,62,0,67,16,2,85,44,8,52,137
04/23/2014,ENA,AK,AAL,WE,Federal Contract Tower,0,27,0,0,27,0,50,13,0,63,0,77,13,0,90,18,28,46,136
04/24/2014,ENA,AK,AAL,WE,Federal Contract Tower,0,23,4,0,27,0,56,17,0,73,0,79,21,0,100,54,0,54,154
04/25/2014,ENA,AK,AAL,WE,Federal Contract Tower,0,23,0,0,23,0,41,6,0,47,0,64,6,0,70,4,0,4,74
04/26/2014,ENA,AK,AAL,WE,Federal Contract Tower,0,14,0,0,14,0,21,9,0,30,0,35,9,0,44,30,0,30,74
04/27/2014,ENA,AK,AAL,WE,Federal Contract Tower,0,16,0,0,16,0,22,12,0,34,0,38,12,0,50,48,0,48,98
04/28/2014,ENA,AK,AAL,WE,Federal Contract Tower,0,21,0,0,21,0,53,22,0,75,0,74,22,0,96,34,18,52,148
04/29/2014,ENA,AK,AAL,WE,Federal Contract Tower,0,16,2,0,18,0,48,30,0,78,0,64,32,0,96,18,40,58,154
04/30/2014,ENA,AK,AAL,WE,Federal Contract Tower,0,29,3,0,32,0,49,15,0,64,0,78,18,0,96,46,2,48,144
05/01/2014,ENA,AK,AAL,WE,Federal Contract Tower,0,29,0,0,29,0,45,16,0,61,0,74,16,0,90,22,0,22,112
05/02/2014,ENA,AK,AAL,WE,Federal Contract Tower,0,27,0,0,27,0,45,20,2,67,0,72,20,2,94,12,0,12,106
05/03/2014,ENA,AK,AAL,WE,Federal Contract Tower,0,16,0,0,16,0,34,26,0,60,0,50,26,0,76,44,0,44,120
05/04/2014,ENA,AK,AAL,WE,Federal Contract Tower,0,18,0,0,18,0,17,26,2,45,0,35,26,2,63,22,0,22,85
05/05/2014,ENA,AK,AAL,WE,Federal Contract Tower,0,57,1,0,58,0,31,8,0,39,0,88,9,0,97,16,0,16,113
05/06/2014,ENA,AK,AAL,WE,Federal Contract Tower,0,45,2,0,47,0,28,6,0,34,0,73,8,0,81,0,4,4,85
05/07/2014,ENA,AK,AAL,WE,Federal Contract Tower,0,29,1,0,30,0,69,53,0,122,0,98,54,0,152,42,2,44,196
05/08/2014,ENA,AK,AAL,WE,Federal Contract Tower,0,27,0,0,27,0,79,31,0,110,0,106,31,0,137,28,36,64,201
05/09/2014,ENA,AK,AAL,WE,Federal Contract Tower,2,24,0,0,26,2,61,17,0,80,4,85,17,0,106,46,10,56,162
05/10/2014,ENA,AK,AAL,WE,Federal Contract Tower,0,16,0,4,20,0,34,18,0,52,0,50,18,4,72,34,24,58,130
05/11/2014,ENA,AK,AAL,WE,Federal Contract Tower,0,22,0,0,22,0,15,20,0,35,0,37,20,0,57,22,0,22,79
05/12/2014,ENA,AK,AAL,WE,Federal Contract Tower,0,58,1,0,59,0,0,0,0,0,0,58,1,0,59,0,0,0,59
05/13/2014,ENA,AK,AAL,WE,Federal Contract Tower,0,30,0,0,30,0,43,20,0,63,0,73,20,0,93,36,40,76,169
05/14/2014,ENA,AK,AAL,WE,Federal Contract Tower,0,25,0,0,25,0,54,22,1,77,0,79,22,1,102,36,4,40,142
05/15/2014,ENA,AK,AAL,WE,Federal Contract Tower,0,26,0,0,26,0,67,19,0,86,0,93,19,0,112,24,2,26,138
05/16/2014,ENA,AK,AAL,WE,Federal Contract Tower,0,25,0,0,25,0,57,31,0,88,0,82,31,0,113,14,12,26,139
05/17/2014,ENA,AK,AAL,WE,Federal Contract Tower,0,16,0,0,16,0,32,26,0,58,0,48,26,0,74,12,0,12,86
05/18/2014,ENA,AK,AAL,WE,Federal Contract Tower,0,18,0,0,18,0,15,24,0,39,0,33,24,0,57,6,0,6,63
05/19/2014,ENA,AK,AAL,WE,Federal Contract Tower,0,25,0,0,25,22,51,14,0,87,22,76,14,0,112,2,20,22,134
05/20/2014,ENA,AK,AAL,WE,Federal Contract Tower,0,24,2,0,26,35,52,30,0,117,35,76,32,0,143,20,0,20,163
05/21/2014,ENA,AK,AAL,WE,Federal Contract Tower,0,32,3,0,35,26,53,31,0,110,26,85,34,0,145,4,0,4,149
05/22/2014,ENA,AK,AAL,WE,Federal Contract Tower,0,41,0,0,41,4,59,29,0,92,4,100,29,0,133,2,10,12,145
05/23/2014,ENA,AK,AAL,WE,Federal Contract Tower,0,29,0,0,29,0,65,31,0,96,0,94,31,0,125,12,0,12,137
05/24/2014,ENA,AK,AAL,WE,Federal Contract Tower,0,19,6,0,25,56,31,9,0,96,56,50,15,0,121,12,0,12,133
05/25/2014,ENA,AK,AAL,WE,Federal Contract Tower,0,20,0,0,20,55,29,26,0,110,55,49,26,0,130,8,0,8,138
05/26/2014,ENA,AK,AAL,WE,Federal Contract Tower,0,27,0,0,27,17,51,28,0,96,17,78,28,0,123,38,0,38,161
05/27/2014,ENA,AK,AAL,WE,Federal Contract Tower,0,27,7,0,34,0,60,19,0,79,0,87,26,0,113,24,0,24,137
05/28/2014,ENA,AK,AAL,WE,Federal Contract Tower,0,39,0,0,39,0,56,22,0,78,0,95,22,0,117,24,0,24,141
05/29/2014,ENA,AK,AAL,WE,Federal Contract Tower,0,27,3,0,30,0,57,24,0,81,0,84,27,0,111,30,0,30,141
05/30/2014,ENA,AK,AAL,WE,Federal Contract Tower,0,32,2,0,34,0,49,6,0,55,0,81,8,0,89,16,4,20,109
05/31/2014,ENA,AK,AAL,WE,Federal Contract Tower,0,23,0,0,23,0,19,3,0,22,0,42,3,0,45,0,0,0,45
06/01/2014,ENA,AK,AAL,WE,Federal Contract Tower,0,21,0,0,21,0,25,22,0,47,0,46,22,0,68,50,0,50,118
06/02/2014,ENA,AK,AAL,WE,Federal Contract Tower,0,29,0,4,33,0,61,23,0,84,0,90,23,4,117,14,12,26,143
06/03/2014,ENA,AK,AAL,WE,Federal Contract Tower,0,25,3,0,28,0,68,39,0,107,0,93,42,0,135,16,12,28,163
06/04/2014,ENA,AK,AAL,WE,Federal Contract Tower,0,34,1,0,35,0,66,27,0,93,0,100,28,0,128,34,2,36,164
06/05/2014,ENA,AK,AAL,WE,Federal Contract Tower,0,33,5,1,39,0,62,22,1,85,0,95,27,2,124,26,0,26,150
06/06/2014,ENA,AK,AAL,WE,Federal Contract Tower,0,28,0,0,28,1,59,20,2,82,1,87,20,2,110,0,0,0,110
06/07/2014,ENA,AK,AAL,WE,Federal Contract Tower,0,16,1,0,17,0,13,11,0,24,0,29,12,0,41,38,0,38,79
06/08/2014,ENA,AK,AAL,WE,Federal Contract Tower,0,16,0,0,16,0,33,29,0,62,0,49,29,0,78,58,0,58,136
06/09/2014,ENA,AK,AAL,WE,Federal Contract Tower,0,29,0,0,29,0,66,12,0,78,0,95,12,0,107,0,0,0,107
06/10/2014,ENA,AK,AAL,WE,Federal Contract Tower,0,42,2,0,44,0,62,20,2,84,0,104,22,2,128,24,4,28,156
06/11/2014,ENA,AK,AAL,WE,Federal Contract Tower,0,27,1,0,28,0,97,26,0,123,0,124,27,0,151,20,0,20,171
06/12/2014,ENA,AK,AAL,WE,Federal Contract Tower,0,38,2,0,40,2,66,19,0,87,2,104,21,0,127,16,0,16,143
06/13/2014,ENA,AK,AAL,WE,Federal Contract Tower,1,41,0,0,42,0,42,10,0,52,1,83,10,0,94,10,0,10,104
06/14/2014,ENA,AK,AAL,WE,Federal Contract Tower,0,18,0,0,18,4,37,90,0,131,4,55,90,0,149,22,0,22,171
06/15/2014,ENA,AK,AAL,WE,Federal Contract Tower,0,22,0,0,22,0,18,20,4,42,0,40,20,4,64,6,0,6,70
06/16/2014,ENA,AK,AAL,WE,Federal Contract Tower,0,27,2,0,29,0,59,15,0,74,0,86,17,0,103,16,22,38,141
06/17/2014,ENA,AK,AAL,WE,Federal Contract Tower,0,24,9,0,33,0,64,21,0,85,0,88,30,0,118,30,2,32,150
06/18/2014,ENA,AK,AAL,WE,Federal Contract Tower,0,32,0,0,32,0,72,15,0,87,0,104,15,0,119,6,34,40,159
06/19/2014,ENA,AK,AAL,WE,Federal Contract Tower,0,26,4,0,30,4,71,31,2,108,4,97,35,2,138,26,16,42,180
06/20/2014,ENA,AK,AAL,WE,Federal Contract Tower,0,26,0,0,26,6,58,17,0,81,6,84,17,0,107,42,8,50,157
06/21/2014,ENA,AK,AAL,WE,Federal Contract Tower,0,27,4,0,31,0,28,10,0,38,0,55,14,0,69,22,0,22,91
06/22/2014,ENA,AK,AAL,WE,Federal Contract Tower,0,19,2,0,21,0,24,22,0,46,0,43,24,0,67,18,0,18,85
06/23/2014,ENA,AK,AAL,WE,Federal Contract Tower,0,28,0,0,28,0,48,27,0,75,0,76,27,0,103,34,8,42,145
06/24/2014,ENA,AK,AAL,WE,Federal Contract Tower,0,24,0,0,24,0,57,27,0,84,0,81,27,0,108,66,24,90,198
06/25/2014,ENA,AK,AAL,WE,Federal Contract Tower,0,36,4,0,40,0,73,13,0,86,0,109,17,0,126,56,32,88,214
06/26/2014,ENA,AK,AAL,WE,Federal Contract Tower,1,53,1,4,59,1,16,5,0,22,2,69,6,4,81,6,0,6,87
06/27/2014,ENA,AK,AAL,WE,Federal Contract Tower,0,32,4,0,36,0,50,21,0,71,0,82,25,0,107,66,8,74,181
06/28/2014,ENA,AK,AAL,WE,Federal Contract Tower,0,21,2,0,23,0,32,33,0,65,0,53,35,0,88,16,0,16,104
06/29/2014,ENA,AK,AAL,WE,Federal Contract Tower,0,17,1,0,18,0,19,41,0,60,0,36,42,0,78,34,0,34,112
06/30/2014,ENA,AK,AAL,WE,Federal Contract Tower,0,28,1,0,29,0,48,23,0,71,0,76,24,0,100,18,16,34,134
07/01/2014,ENA,AK,AAL,WE,Federal Contract Tower,0,27,11,4,42,6,62,26,0,94,6,89,37,4,136,22,0,22,158
07/02/2014,ENA,AK,AAL,WE,Federal Contract Tower,0,24,1,2,27,9,66,17,1,93,9,90,18,3,120,46,8,54,174
07/03/2014,ENA,AK,AAL,WE,Federal Contract Tower,0,24,1,0,25,3,72,35,0,110,3,96,36,0,135,30,2,32,167
07/04/2014,ENA,AK,AAL,WE,Federal Contract Tower,0,14,1,0,15,0,47,31,0,78,0,61,32,0,93,4,12,16,109
07/05/2014,ENA,AK,AAL,WE,Federal Contract Tower,0,20,1,0,21,0,41,26,0,67,0,61,27,0,88,34,0,34,122
07/06/2014,ENA,AK,AAL,WE,Federal Contract Tower,0,24,1,0,25,0,15,8,0,23,0,39,9,0,48,4,0,4,52
07/07/2014,ENA,AK,AAL,WE,Federal Contract Tower,0,26,9,0,35,0,55,22,0,77,0,81,31,0,112,30,4,34,146
07/08/2014,ENA,AK,AAL,WE,Federal Contract Tower,0,26,5,1,32,2,61,26,4,93,2,87,31,5,125,14,36,50,175
07/09/2014,ENA,AK,AAL,WE,Federal Contract Tower,0,46,1,0,47,4,61,22,0,87,4,107,23,0,134,6,10,16,150
07/10/2014,ENA,AK,AAL,WE,Federal Contract Tower,0,51,0,0,51,0,28,5,4,37,0,79,5,4,88,2,16,18,106
07/11/2014,ENA,AK,AAL,WE,Federal Contract Tower,0,30,0,0,30,0,55,31,0,86,0,85,31,0,116,34,0,34,150
07/12/2014,ENA,AK,AAL,WE,Federal Contract Tower,0,22,2,0,24,4,26,25,0,55,4,48,27,0,79,6,0,6,85
07/13/2014,ENA,AK,AAL,WE,Federal Contract Tower,0,22,0,0,22,0,23,24,0,47,0,45,24,0,69,12,0,12,81
07/14/2014,ENA,AK,AAL,WE,Federal Contract Tower,0,30,4,0,34,0,66,22,1,89,0,96,26,1,123,18,46,64,187
07/15/2014,ENA,AK,AAL,WE,Federal Contract Tower,0,27,2,0,29,0,78,34,0,112,0,105,36,0,141,8,48,56,197
07/16/2014,ENA,AK,AAL,WE,Federal Contract Tower,0,32,4,0,36,0,81,37,0,118,0,113,41,0,154,26,56,82,236
07/17/2014,ENA,AK,AAL,WE,Federal Contract Tower,0,31,3,0,34,0,68,32,0,100,0,99,35,0,134,18,26,44,178
07/18/2014,ENA,AK,AAL,WE,Federal Contract Tower,0,42,7,0,49,0,58,46,0,104,0,100,53,0,153,20,0,20,173
07/19/2014,ENA,AK,AAL,WE,Federal Contract Tower,0,25,0,0,25,0,39,45,0,84,0,64,45,0,109,28,0,28,137
07/20/2014,ENA,AK,AAL,WE,Federal Contract Tower,0,26,0,0,26,0,28,39,0,67,0,54,39,0,93,6,0,6,99
07/21/2014,ENA,AK,AAL,WE,Federal Contract Tower,0,29,1,0,30,0,75,38,0,113,0,104,39,0,143,32,30,62,205
07/22/2014,ENA,AK,AAL,WE,Federal Contract Tower,1,48,11,0,60,1,33,19,0,53,2,81,30,0,113,2,2,4,117
07/23/2014,ENA,AK,AAL,WE,Federal Contract Tower,1,34,3,4,42,7,61,33,0,101,8,95,36,4,143,22,24,46,189
07/24/2014,ENA,AK,AAL,WE,Federal Contract Tower,0,38,2,2,42,4,61,33,0,98,4,99,35,2,140,28,0,28,168
07/25/2014,ENA,AK,AAL,WE,Federal Contract Tower,2,79,3,0,84,0,3,0,0,3,2,82,3,0,87,0,0,0,87
07/26/2014,ENA,AK,AAL,WE,Federal Contract Tower,2,31,6,0,39,5,31,26,0,62,7,62,32,0,101,2,0,2,103
07/27/2014,ENA,AK,AAL,WE,Federal Contract Tower,0,27,1,0,28,0,24,38,0,62,0,51,39,0,90,22,0,22,112
07/28/2014,ENA,AK,AAL,WE,Federal Contract Tower,2,48,4,0,54,0,37,25,0,62,2,85,29,0,116,14,16,30,146
07/29/2014,ENA,AK,AAL,WE,Federal Contract Tower,0,39,6,0,45,0,52,19,0,71,0,91,25,0,116,36,8,44,160
07/30/2014,ENA,AK,AAL,WE,Federal Contract Tower,0,41,7,1,49,0,53,32,1,86,0,94,39,2,135,22,8,30,165
07/31/2014,ENA,AK,AAL,WE,Federal Contract Tower,0,35,2,0,37,2,69,39,2,112,2,104,41,2,149,26,18,44,193
08/01/2014,ENA,AK,AAL,WE,Federal Contract Tower,0,35,3,0,38,0,58,27,0,85,0,93,30,0,123,12,0,12,135
08/02/2014,ENA,AK,AAL,WE,Federal Contract Tower,0,25,0,0,25,0,31,26,0,57,0,56,26,0,82,10,30,40,122
08/03/2014,ENA,AK,AAL,WE,Federal Contract Tower,0,30,4,0,34,0,25,22,0,47,0,55,26,0,81,16,0,16,97
08/04/2014,ENA,AK,AAL,WE,Federal Contract Tower,0,47,3,4,54,2,36,7,2,47,2,83,10,6,101,0,14,14,115
08/05/2014,ENA,AK,AAL,WE,Federal Contract Tower,0,29,4,0,33,0,62,33,2,97,0,91,37,2,130,24,20,44,174
08/06/2014,ENA,AK,AAL,WE,Federal Contract Tower,0,27,0,0,27,0,74,16,0,90,0,101,16,0,117,24,14,38,155
08/07/2014,ENA,AK,AAL,WE,Federal Contract Tower,0,27,0,0,27,0,63,17,0,80,0,90,17,0,107,76,12,88,195
08/08/2014,ENA,AK,AAL,WE,Federal Contract Tower,0,28,3,0,31,0,54,5,0,59,0,82,8,0,90,22,10,32,122
08/09/2014,ENA,AK,AAL,WE,Federal Contract Tower,0,19,1,0,20,0,39,5,0,44,0,58,6,0,64,24,0,24,88
08/10/2014,ENA,AK,AAL,WE,Federal Contract Tower,0,18,1,0,19,0,21,24,0,45,0,39,25,0,64,16,0,16,80
08/11/2014,ENA,AK,AAL,WE,Federal Contract Tower,0,25,0,0,25,0,59,21,0,80,0,84,21,0,105,12,0,12,117
08/12/2014,ENA,AK,AAL,WE,Federal Contract Tower,1,27,2,0,30,5,55,14,0,74,6,82,16,0,104,4,14,18,122
08/13/2014,ENA,AK,AAL,WE,Federal Contract Tower,1,26,1,0,28,5,59,17,0,81,6,85,18,0,109,38,44,82,191
08/14/2014,ENA,AK,AAL,WE,Federal Contract Tower,2,26,4,0,32,0,53,28,0,81,2,79,32,0,113,36,20,56,169
08/15/2014,ENA,AK,AAL,WE,Federal Contract Tower,0,25,2,0,27,0,62,20,0,82,0,87,22,0,109,48,0,48,157
08/16/2014,ENA,AK,AAL,WE,Federal Contract Tower,0,19,2,0,21,0,32,13,0,45,0,51,15,0,66,42,0,42,108
08/17/2014,ENA,AK,AAL,WE,Federal Contract Tower,0,18,0,0,18,0,15,26,0,41,0,33,26,0,59,44,0,44,103
08/18/2014,ENA,AK,AAL,WE,Federal Contract Tower,0,27,2,0,29,6,53,16,0,75,6,80,18,0,104,10,42,52,156
08/19/2014,ENA,AK,AAL,WE,Federal Contract Tower,0,31,3,0,34,5,66,41,0,112,5,97,44,0,146,42,16,58,204
08/20/2014,ENA,AK,AAL,WE,Federal Contract Tower,6,73,13,2,94,0,0,0,0,0,6,73,13,2,94,0,0,0,94
08/21/2014,ENA,AK,AAL,WE,Federal Contract Tower,3,49,2,0,54,3,24,12,0,39,6,73,14,0,93,2,12,14,107
08/22/2014,ENA,AK,AAL,WE,Federal Contract Tower,1,47,9,6,63,3,51,13,0,67,4,98,22,6,130,36,0,36,166
08/23/2014,ENA,AK,AAL,WE,Federal Contract Tower,0,34,3,0,37,0,5,13,0,18,0,39,16,0,55,0,0,0,55
08/24/2014,ENA,AK,AAL,WE,Federal Contract Tower,0,30,1,1,32,0,15,9,1,25,0,45,10,2,57,6,0,6,63
08/25/2014,ENA,AK,AAL,WE,Federal Contract Tower,0,48,2,2,52,4,32,4,0,40,4,80,6,2,92,26,6,32,124
08/26/2014,ENA,AK,AAL,WE,Federal Contract Tower,1,42,2,0,45,4,48,21,0,73,5,90,23,0,118,26,22,48,166
08/27/2014,ENA,AK,AAL,WE,Federal Contract Tower,1,38,3,0,42,1,43,17,0,61,2,81,20,0,103,10,0,10,113
08/28/2014,ENA,AK,AAL,WE,Federal Contract Tower,0,45,0,0,45,0,35,12,0,47,0,80,12,0,92,2,2,4,96
08/29/2014,ENA,AK,AAL,WE,Federal Contract Tower,0,36,1,0,37,2,54,26,0,82,2,90,27,0,119,24,0,24,143
08/30/2014,ENA,AK,AAL,WE,Federal Contract Tower,0,18,1,0,19,0,28,42,0,70,0,46,43,0,89,6,0,6,95
08/31/2014,ENA,AK,AAL,WE,Federal Contract Tower,0,20,0,0,20,0,18,32,0,50,0,38,32,0,70,2,0,2,72
09/01/2014,ENA,AK,AAL,WE,Federal Contract Tower,0,20,0,0,20,0,51,23,0,74,0,71,23,0,94,38,0,38,132
09/02/2014,ENA,AK,AAL,WE,Federal Contract Tower,0,32,2,0,34,6,48,14,0,68,6,80,16,0,102,24,56,80,182
09/03/2014,ENA,AK,AAL,WE,Federal Contract Tower,0,31,1,2,34,4,63,19,0,86,4,94,20,2,120,14,12,26,146
09/04/2014,ENA,AK,AAL,WE,Federal Contract Tower,0,46,0,0,46,0,46,14,0,60,0,92,14,0,106,12,2,14,120
09/05/2014,ENA,AK,AAL,WE,Federal Contract Tower,0,68,4,0,72,0,3,0,0,3,0,71,4,0,75,0,0,0,75
09/06/2014,ENA,AK,AAL,WE,Federal Contract Tower,0,21,0,0,21,0,33,15,0,48,0,54,15,0,69,14,0,14,83
09/07/2014,ENA,AK,AAL,WE,Federal Contract Tower,0,20,6,0,26,0,22,30,0,52,0,42,36,0,78,10,0,10,88
09/08/2014,ENA,AK,AAL,WE,Federal Contract Tower,0,26,0,0,26,6,70,21,0,97,6,96,21,0,123,16,52,68,191
09/09/2014,ENA,AK,AAL,WE,Federal Contract Tower,0,30,3,0,33,0,52,12,0,64,0,82,15,0,97,20,30,50,147
09/10/2014,ENA,AK,AAL,WE,Federal Contract Tower,0,33,1,0,34,2,50,7,2,61,2,83,8,2,95,12,10,22,117
09/11/2014,ENA,AK,AAL,WE,Federal Contract Tower,0,25,1,0,26,6,61,21,0,88,6,86,22,0,114,12,0,12,126
09/12/2014,ENA,AK,AAL,WE,Federal Contract Tower,0,26,1,1,28,0,41,2,1,44,0,67,3,2,72,6,0,6,78
09/13/2014,ENA,AK,AAL,WE,Federal Contract Tower,0,21,7,0,28,0,15,12,0,27,0,36,19,0,55,6,0,6,61
09/14/2014,ENA,AK,AAL,WE,Federal Contract Tower,0,18,2,0,20,0,19,14,0,33,0,37,16,0,53,4,0,4,57
09/15/2014,ENA,AK,AAL,WE,Federal Contract Tower,0,28,0,0,28,0,67,15,0,82,0,95,15,0,110,14,18,32,142
09/16/2014,ENA,AK,AAL,WE,Federal Contract Tower,0,37,5,0,42,0,37,6,0,43,0,74,11,0,85,8,20,28,113
09/17/2014,ENA,AK,AAL,WE,Federal Contract Tower,1,27,3,0,31,0,68,8,2,78,1,95,11,2,109,4,16,20,129
09/18/2014,ENA,AK,AAL,WE,Federal Contract Tower,0,54,5,0,59,0,28,6,0,34,0,82,11,0,93,2,0,2,95
09/19/2014,ENA,AK,AAL,WE,Federal Contract Tower,0,61,11,2,74,0,3,2,0,5,0,64,13,2,79,0,0,0,79
09/20/2014,ENA,AK,AAL,WE,Federal Contract Tower,0,21,1,0,22,0,27,34,0,61,0,48,35,0,83,12,0,12,95
09/21/2014,ENA,AK,AAL,WE,Federal Contract Tower,0,18,0,2,20,0,18,4,0,22,0,36,4,2,42,4,0,4,46
09/22/2014,ENA,AK,AAL,WE,Federal Contract Tower,0,24,0,0,24,0,67,21,0,88,0,91,21,0,112,46,0,46,158
09/23/2014,ENA,AK,AAL,WE,Federal Contract Tower,0,26,2,0,28,2,47,25,0,74,2,73,27,0,102,10,12,22,124
09/24/2014,ENA,AK,AAL,WE,Federal Contract Tower,0,36,1,0,37,0,54,33,0,87,0,90,34,0,124,22,0,22,146
09/25/2014,ENA,AK,AAL,WE,Federal Contract Tower,0,26,2,0,28,0,60,30,0,90,0,86,32,0,118,30,30,60,178
09/26/2014,ENA,AK,AAL,WE,Federal Contract Tower,0,26,1,0,27,0,52,29,0,81,0,78,30,0,108,18,0,18,126
09/27/2014,ENA,AK,AAL,WE,Federal Contract Tower,0,17,0,0,17,0,21,14,0,35,0,38,14,0,52,6,0,6,58
09/28/2014,ENA,AK,AAL,WE,Federal Contract Tower,0,18,0,0,18,0,24,17,2,43,0,42,17,2,61,40,0,40,101
09/29/2014,ENA,AK,AAL,WE,Federal Contract Tower,0,27,0,0,27,0,53,18,0,71,0,80,18,0,98,28,16,44,142
09/30/2014,ENA,AK,AAL,WE,Federal Contract Tower,0,25,4,0,29,0,44,23,0,67,0,69,27,0,96,18,2,20,116
10/01/2014,ENA,AK,AAL,WE,Federal Contract Tower,0,27,2,0,29,0,62,8,0,70,0,89,10,0,99,2,0,2,101
10/02/2014,ENA,AK,AAL,WE,Federal Contract Tower,0,23,1,2,26,0,53,6,5,64,0,76,7,7,90,18,6,24,114
10/03/2014,ENA,AK,AAL,WE,Federal Contract Tower,0,22,1,0,23,0,68,13,4,85,0,90,14,4,108,6,0,6,114
10/04/2014,ENA,AK,AAL,WE,Federal Contract Tower,0,16,2,0,18,0,10,9,0,19,0,26,11,0,37,10,8,18,55
10/05/2014,ENA,AK,AAL,WE,Federal Contract Tower,0,19,2,2,23,0,18,11,1,30,0,37,13,3,53,4,8,12,65
10/06/2014,ENA,AK,AAL,WE,Federal Contract Tower,0,23,1,4,28,0,69,23,0,92,0,92,24,4,120,18,6,24,144
10/07/2014,ENA,AK,AAL,WE,Federal Contract Tower,0,25,1,0,26,0,66,24,0,90,0,91,25,0,116,18,32,50,166
10/08/2014,ENA,AK,AAL,WE,Federal Contract Tower,1,25,1,0,27,4,73,14,0,91,5,98,15,0,118,34,30,64,182
10/09/2014,ENA,AK,AAL,WE,Federal Contract Tower,0,42,0,6,48,5,46,1,0,52,5,88,1,6,100,8,0,8,108
10/10/2014,ENA,AK,AAL,WE,Federal Contract Tower,0,30,0,0,30,3,43,5,0,51,3,73,5,0,81,8,0,8,89
10/11/2014,ENA,AK,AAL,WE,Federal Contract Tower,0,25,0,0,25,0,3,0,0,3,0,28,0,0,28,0,0,0,28
10/12/2014,ENA,AK,AAL,WE,Federal Contract Tower,0,16,0,0,16,0,24,6,0,30,0,40,6,0,46,14,0,14,60
10/13/2014,ENA,AK,AAL,WE,Federal Contract Tower,0,24,0,4,28,0,67,13,0,80,0,91,13,4,108,22,22,44,152
10/14/2014,ENA,AK,AAL,WE,Federal Contract Tower,0,20,1,0,21,0,57,27,2,86,0,77,28,2,107,22,22,44,151
10/15/2014,ENA,AK,AAL,WE,Federal Contract Tower,0,23,2,0,25,4,69,11,0,84,4,92,13,0,109,24,18,42,151
10/16/2014,ENA,AK,AAL,WE,Federal Contract Tower,0,28,0,0,28,0,59,22,0,81,0,87,22,0,109,54,4,58,167
10/17/2014,ENA,AK,AAL,WE,Federal Contract Tower,0,21,1,0,22,0,54,10,0,64,0,75,11,0,86,30,4,34,120
10/18/2014,ENA,AK,AAL,WE,Federal Contract Tower,0,14,0,0,14,0,18,23,0,41,0,32,23,0,55,22,0,22,77
10/19/2014,ENA,AK,AAL,WE,Federal Contract Tower,0,15,0,0,15,0,14,19,0,33,0,29,19,0,48,8,0,8,56
10/20/2014,ENA,AK,AAL,WE,Federal Contract Tower,0,50,0,1,51,0,30,2,0,32,0,80,2,1,83,6,20,26,109
10/21/2014,ENA,AK,AAL,WE,Federal Contract Tower,0,24,2,0,26,0,58,5,0,63,0,82,7,0,89,10,0,10,99
10/22/2014,ENA,AK,AAL,WE,Federal Contract Tower,0,23,0,0,23,0,62,17,0,79,0,85,17,0,102,30,10,40,142
10/23/2014,ENA,AK,AAL,WE,Federal Contract Tower,0,27,2,6,35,0,54,17,0,71,0,81,19,6,106,20,10,30,136
10/24/2014,ENA,AK,AAL,WE,Federal Contract Tower,0,28,2,0,30,0,51,15,0,66,0,79,17,0,96,10,18,28,124
10/25/2014,ENA,AK,AAL,WE,Federal Contract Tower,0,15,0,0,15,0,18,4,0,22,0,33,4,0,37,48,0,48,85
10/26/2014,ENA,AK,AAL,WE,Federal Contract Tower,0,19,0,0,19,0,14,11,0,25,0,33,11,0,44,12,0,12,56
10/27/2014,ENA,AK,AAL,WE,Federal Contract Tower,0,39,0,0,39,0,42,6,0,48,0,81,6,0,87,8,4,12,99
10/28/2014,ENA,AK,AAL,WE,Federal Contract Tower,0,24,2,1,27,0,59,6,1,66,0,83,8,2,93,12,4,16,109
10/29/2014,ENA,AK,AAL,WE,Federal Contract Tower,0,26,2,2,30,0,55,6,0,61,0,81,8,2,91,2,8,10,101
10/30/2014,ENA,AK,AAL,WE,Federal Contract Tower,0,26,0,2,28,0,67,3,2,72,0,93,3,4,100,18,2,20,120
10/31/2014,ENA,AK,AAL,WE,Federal Contract Tower,0,26,0,0,26,0,60,9,0,69,0,86,9,0,95,10,0,10,105
11/01/2014,ENA,AK,AAL,WE,Federal Contract Tower,0,21,0,0,21,0,15,6,0,21,0,36,6,0,42,30,0,30,72
11/02/2014,ENA,AK,AAL,WE,Federal Contract Tower,0,18,1,0,19,0,12,6,0,18,0,30,7,0,37,32,8,40,77
11/03/2014,ENA,AK,AAL,WE,Federal Contract Tower,0,25,0,4,29,0,54,7,0,61,0,79,7,4,90,0,16,16,106
11/04/2014,ENA,AK,AAL,WE,Federal Contract Tower,0,30,0,4,34,0,57,26,0,83,0,87,26,4,117,28,16,44,161
11/05/2014,ENA,AK,AAL,WE,Federal Contract Tower,0,27,0,2,29,0,54,12,2,68,0,81,12,4,97,16,4,20,117
11/06/2014,ENA,AK,AAL,WE,Federal Contract Tower,0,23,0,1,24,0,61,15,3,79,0,84,15,4,103,26,8,34,137
11/07/2014,ENA,AK,AAL,WE,Federal Contract Tower,0,24,0,0,24,0,51,7,0,58,0,75,7,0,82,0,0,0,82
11/08/2014,ENA,AK,AAL,WE,Federal Contract Tower,0,13,0,0,13,0,17,8,0,25,0,30,8,0,38,12,0,12,50
11/09/2014,ENA,AK,AAL,WE,Federal Contract Tower,0,15,0,0,15,0,14,3,0,17,0,29,3,0,32,0,0,0,32
11/10/2014,ENA,AK,AAL,WE,Federal Contract Tower,0,23,0,0,23,0,57,12,0,69,0,80,12,0,92,8,16,24,116
11/11/2014,ENA,AK,AAL,WE,Federal Contract Tower,0,23,0,0,23,0,52,1,0,53,0,75,1,0,76,4,0,4,80
11/12/2014,ENA,AK,AAL,WE,Federal Contract Tower,0,20,1,0,21,8,59,10,0,77,8,79,11,0,98,34,0,34,132
11/13/2014,ENA,AK,AAL,WE,Federal Contract Tower,0,21,0,4,25,5,58,17,2,82,5,79,17,6,107,8,2,10,117
11/14/2014,ENA,AK,AAL,WE,Federal Contract Tower,0,24,0,0,24,0,56,21,3,80,0,80,21,3,104,30,2,32,136
11/15/2014,ENA,AK,AAL,WE,Federal Contract Tower,0,14,0,0,14,0,16,12,0,28,0,30,12,0,42,8,0,8,50
11/16/2014,ENA,AK,AAL,WE,Federal Contract Tower,0,22,0,0,22,0,17,2,0,19,0,39,2,0,41,18,0,18,59
11/17/2014,ENA,AK,AAL,WE,Federal Contract Tower,0,23,1,1,25,0,49,6,3,58,0,72,7,4,83,4,40,44,127
11/18/2014,ENA,AK,AAL,WE,Federal Contract Tower,0,32,1,0,33,0,55,9,0,64,0,87,10,0,97,12,8,20,117
11/19/2014,ENA,AK,AAL,WE,Federal Contract Tower,2,26,0,5,33,0,52,4,1,57,2,78,4,6,90,12,30,42,132
11/20/2014,ENA,AK,AAL,WE,Federal Contract Tower,0,25,0,0,25,0,54,5,0,59,0,79,5,0,84,10,0,10,94
11/21/2014,ENA,AK,AAL,WE,Federal Contract Tower,0,26,1,0,27,0,58,3,0,61,0,84,4,0,88,0,0,0,88
11/22/2014,ENA,AK,AAL,WE,Federal Contract Tower,0,16,0,0,16,0,19,11,0,30,0,35,11,0,46,6,0,6,52
11/23/2014,ENA,AK,AAL,WE,Federal Contract Tower,0,17,0,0,17,0,16,6,0,22,0,33,6,0,39,12,0,12,51
11/24/2014,ENA,AK,AAL,WE,Federal Contract Tower,1,26,0,0,27,0,46,7,0,53,1,72,7,0,80,0,22,22,102
11/25/2014,ENA,AK,AAL,WE,Federal Contract Tower,0,30,4,2,36,0,44,1,0,45,0,74,5,2,81,8,14,22,103
11/26/2014,ENA,AK,AAL,WE,Federal Contract Tower,0,25,2,0,27,0,52,7,0,59,0,77,9,0,86,10,0,10,96
11/27/2014,ENA,AK,AAL,WE,Federal Contract Tower,0,11,0,0,11,0,4,2,0,6,0,15,2,0,17,0,0,0,17
11/28/2014,ENA,AK,AAL,WE,Federal Contract Tower,0,29,2,0,31,0,30,4,0,34,0,59,6,0,65,20,16,36,101
11/29/2014,ENA,AK,AAL,WE,Federal Contract Tower,0,31,1,0,32,0,3,1,0,4,0,34,2,0,36,4,0,4,40
11/30/2014,ENA,AK,AAL,WE,Federal Contract Tower,0,33,4,0,37,0,0,0,0,0,0,33,4,0,37,0,0,0,37
12/01/2014,ENA,AK,AAL,WE,Federal Contract Tower,0,29,0,0,29,0,6,1,0,7,0,35,1,0,36,4,0,4,40
12/02/2014,ENA,AK,AAL,WE,Federal Contract Tower,0,38,0,0,38,0,27,0,0,27,0,65,0,0,65,0,0,0,65
12/03/2014,ENA,AK,AAL,WE,Federal Contract Tower,0,40,0,10,50,0,34,2,2,38,0,74,2,12,88,0,12,12,100
12/04/2014,ENA,AK,AAL,WE,Federal Contract Tower,0,31,0,0,31,0,53,0,0,53,0,84,0,0,84,2,0,2,86
12/05/2014,ENA,AK,AAL,WE,Federal Contract Tower,0,27,2,2,31,0,56,6,0,62,0,83,8,2,93,24,2,26,119
12/06/2014,ENA,AK,AAL,WE,Federal Contract Tower,0,19,0,0,19,0,14,1,0,15,0,33,1,0,34,0,0,0,34
12/07/2014,ENA,AK,AAL,WE,Federal Contract Tower,0,15,2,2,19,0,25,4,0,29,0,40,6,2,48,16,0,16,64
12/08/2014,ENA,AK,AAL,WE,Federal Contract Tower,0,23,2,0,25,0,43,0,0,43,0,66,2,0,68,0,0,0,68
12/09/2014,ENA,AK,AAL,WE,Federal Contract Tower,0,27,3,1,31,0,49,3,1,53,0,76,6,2,84,18,14,32,116
12/10/2014,ENA,AK,AAL,WE,Federal Contract Tower,0,31,5,0,36,0,54,2,0,56,0,85,7,0,92,8,0,8,100
12/11/2014,ENA,AK,AAL,WE,Federal Contract Tower,0,56,1,0,57,0,20,0,2,22,0,76,1,2,79,0,0,0,79
12/12/2014,ENA,AK,AAL,WE,Federal Contract Tower,0,55,3,1,59,0,18,0,1,19,0,73,3,2,78,4,2,6,84
12/13/2014,ENA,AK,AAL,WE,Federal Contract Tower,0,18,0,0,18,0,25,8,0,33,0,43,8,0,51,46,0,46,97
12/14/2014,ENA,AK,AAL,WE,Federal Contract Tower,0,18,1,0,19,0,21,5,0,26,0,39,6,0,45,2,0,2,47
12/15/2014,ENA,AK,AAL,WE,Federal Contract Tower,0,25,1,0,26,2,50,12,0,64,2,75,13,0,90,16,22,38,128
12/16/2014,ENA,AK,AAL,WE,Federal Contract Tower,0,29,0,0,29,0,50,9,0,59,0,79,9,0,88,12,4,16,104
12/17/2014,ENA,AK,AAL,WE,Federal Contract Tower,0,55,4,2,61,0,11,0,0,11,0,66,4,2,72,0,0,0,72
12/18/2014,ENA,AK,AAL,WE,Federal Contract Tower,0,26,0,4,30,0,72,11,0,83,0,98,11,4,113,26,0,26,139
12/19/2014,ENA,AK,AAL,WE,Federal Contract Tower,0,24,0,0,24,0,64,10,0,74,0,88,10,0,98,22,0,22,120
12/20/2014,ENA,AK,AAL,WE,Federal Contract Tower,0,15,2,0,17,0,28,11,0,39,0,43,13,0,56,26,0,26,82
12/21/2014,ENA,AK,AAL,WE,Federal Contract Tower,0,21,0,0,21,0,15,3,4,22,0,36,3,4,43,4,0,4,47
12/22/2014,ENA,AK,AAL,WE,Federal Contract Tower,0,54,3,0,57,0,8,2,0,10,0,62,5,0,67,0,0,0,67
12/23/2014,ENA,AK,AAL,WE,Federal Contract Tower,0,65,0,0,65,0,0,0,0,0,0,65,0,0,65,0,0,0,65
12/24/2014,ENA,AK,AAL,WE,Federal Contract Tower,0,45,0,0,45,0,33,0,0,33,0,78,0,0,78,0,0,0,78
12/25/2014,ENA,AK,AAL,WE,Federal Contract Tower,0,12,0,0,12,0,4,0,0,4,0,16,0,0,16,0,0,0,16
12/26/2014,ENA,AK,AAL,WE,Federal Contract Tower,0,29,1,0,30,0,35,6,0,41,0,64,7,0,71,8,0,8,79
12/27/2014,ENA,AK,AAL,WE,Federal Contract Tower,0,32,0,0,32,0,2,0,0,2,0,34,0,0,34,0,0,0,34
12/28/2014,ENA,AK,AAL,WE,Federal Contract Tower,0,16,3,0,19,0,18,7,0,25,0,34,10,0,44,10,0,10,54
12/29/2014,ENA,AK,AAL,WE,Federal Contract Tower,0,24,0,0,24,0,50,6,0,56,0,74,6,0,80,6,14,20,100
12/30/2014,ENA,AK,AAL,WE,Federal Contract Tower,0,25,0,0,25,0,50,6,0,56,0,75,6,0,81,0,0,0,81
12/31/2014,ENA,AK,AAL,WE,Federal Contract Tower,0,26,0,0,26,0,51,4,0,55,0,77,4,0,81,0,0,0,81
01/01/2015,ENA,AK,AAL,WE,Federal Contract Tower,0,16,1,0,17,0,7,8,0,15,0,23,9,0,32,8,0,8,40
01/02/2015,ENA,AK,AAL,WE,Federal Contract Tower,0,22,0,0,22,0,42,10,0,52,0,64,10,0,74,16,4,20,94
01/03/2015,ENA,AK,AAL,WE,Federal Contract Tower,0,14,2,0,16,0,17,4,0,21,0,31,6,0,37,0,0,0,37
01/04/2015,ENA,AK,AAL,WE,Federal Contract Tower,0,19,0,0,19,0,23,15,0,38,0,42,15,0,57,24,0,24,81
01/05/2015,ENA,AK,AAL,WE,Federal Contract Tower,0,48,1,0,49,0,21,11,0,32,0,69,12,0,81,4,26,30,111
01/06/2015,ENA,AK,AAL,WE,Federal Contract Tower,0,27,0,0,27,0,43,9,0,52,0,70,9,0,79,18,16,34,113
01/07/2015,ENA,AK,AAL,WE,Federal Contract Tower,0,23,0,0,23,0,61,3,2,66,0,84,3,2,89,16,2,18,107
01/08/2015,ENA,AK,AAL,WE,Federal Contract Tower,0,34,0,0,34,0,37,0,0,37,0,71,0,0,71,0,8,8,79
01/09/2015,ENA,AK,AAL,WE,Federal Contract Tower,0,25,0,2,27,0,45,5,0,50,0,70,5,2,77,22,0,22,99
01/10/2015,ENA,AK,AAL,WE,Federal Contract Tower,0,13,0,0,13,0,23,12,0,35,0,36,12,0,48,0,12,12,60
01/11/2015,ENA,AK,AAL,WE,Federal Contract Tower,0,15,0,1,16,0,19,11,1,31,0,34,11,2,47,10,0,10,57
01/12/2015,ENA,AK,AAL,WE,Federal Contract Tower,0,22,0,2,24,2,53,0,0,55,2,75,0,2,79,6,44,50,129
01/13/2015,ENA,AK,AAL,WE,Federal Contract Tower,0,22,0,0,22,0,64,3,0,67,0,86,3,0,89,2,52,54,143
01/14/2015,ENA,AK,AAL,WE,Federal Contract Tower,0,25,0,0,25,0,52,0,0,52,0,77,0,0,77,2,38,40,117
01/15/2015,ENA,AK,AAL,WE,Federal Contract Tower,0,22,0,0,22,0,65,4,0,69,0,87,4,0,91,22,8,30,121
01/16/2015,ENA,AK,AAL,WE,Federal Contract Tower,0,20,0,0,20,0,62,4,0,66,0,82,4,0,86,8,0,8,94
01/17/2015,ENA,AK,AAL,WE,Federal Contract Tower,0,12,0,0,12,0,18,9,0,27,0,30,9,0,39,16,0,16,55
01/18/2015,ENA,AK,AAL,WE,Federal Contract Tower,0,24,1,0,25,0,10,6,0,16,0,34,7,0,41,6,0,6,47
01/19/2015,ENA,AK,AAL,WE,Federal Contract Tower,0,53,2,0,55,0,21,2,0,23,0,74,4,0,78,0,0,0,78
01/20/2015,ENA,AK,AAL,WE,Federal Contract Tower,0,21,0,2,23,0,51,6,0,57,0,72,6,2,80,20,0,20,100
01/21/2015,ENA,AK,AAL,WE,Federal Contract Tower,0,31,2,0,33,0,48,10,0,58,0,79,12,0,91,14,10,24,115
01/22/2015,ENA,AK,AAL,WE,Federal Contract Tower,0,31,1,2,34,0,27,2,0,29,0,58,3,2,63,8,38,46,109
01/23/2015,ENA,AK,AAL,WE,Federal Contract Tower,1,52,2,0,55,0,1,0,0,1,1,53,2,0,56,0,0,0,56
01/24/2015,ENA,AK,AAL,WE,Federal Contract Tower,0,19,0,0,19,0,23,1,0,24,0,42,1,0,43,0,0,0,43
01/25/2015,ENA,AK,AAL,WE,Federal Contract Tower,0,16,1,0,17,0,19,1,0,20,0,35,2,0,37,6,0,6,43
01/26/2015,ENA,AK,AAL,WE,Federal Contract Tower,0,27,3,1,31,6,47,0,3,56,6,74,3,4,87,10,0,10,97
01/27/2015,ENA,AK,AAL,WE,Federal Contract Tower,0,20,0,0,20,0,52,9,0,61,0,72,9,0,81,18,0,18,99
01/28/2015,ENA,AK,AAL,WE,Federal Contract Tower,0,22,2,0,24,2,54,5,0,61,2,76,7,0,85,16,14,30,115
01/29/2015,ENA,AK,AAL,WE,Federal Contract Tower,0,28,0,2,30,6,57,7,0,70,6,85,7,2,100,30,16,46,146
01/30/2015,ENA,AK,AAL,WE,Federal Contract Tower,0,20,0,0,20,4,48,12,0,64,4,68,12,0,84,6,0,6,90
01/31/2015,ENA,AK,AAL,WE,Federal Contract Tower,0,14,0,0,14,0,26,17,0,43,0,40,17,0,57,28,0,28,85
02/01/2015,ENA,AK,AAL,WE,Federal Contract Tower,0,16,0,0,16,0,12,4,0,16,0,28,4,0,32,2,0,2,34
02/02/2015,ENA,AK,AAL,WE,Federal Contract Tower,2,26,2,0,30,0,46,9,0,55,2,72,11,0,85,4,16,20,105
02/03/2015,ENA,AK,AAL,WE,Federal Contract Tower,0,26,0,0,26,0,55,13,0,68,0,81,13,0,94,12,6,18,112
02/04/2015,ENA,AK,AAL,WE,Federal Contract Tower,0,27,2,0,29,0,54,2,0,56,0,81,4,0,85,4,14,18,103
02/05/2015,ENA,AK,AAL,WE,Federal Contract Tower,0,24,1,0,25,4,46,4,0,54,4,70,5,0,79,22,0,22,101
02/06/2015,ENA,AK,AAL,WE,Federal Contract Tower,0,28,1,1,30,4,31,0,1,36,4,59,1,2,66,2,0,2,68
02/07/2015,ENA,AK,AAL,WE,Federal Contract Tower,0,18,0,0,18,0,26,0,0,26,0,44,0,0,44,0,0,0,44
02/08/2015,ENA,AK,AAL,WE,Federal Contract Tower,0,15,0,1,16,0,23,0,1,24,0,38,0,2,40,0,0,0,40
02/09/2015,ENA,AK,AAL,WE,Federal Contract Tower,0,36,1,0,37,0,42,6,0,48,0,78,7,0,85,24,34,58,143
02/10/2015,ENA,AK,AAL,WE,Federal Contract Tower,0,25,0,0,25,0,67,0,0,67,0,92,0,0,92,12,28,40,132
02/11/2015,ENA,AK,AAL,WE,Federal Contract Tower,25,0,0,0,25,0,59,15,0,74,25,59,15,0,99,30,0,30,129
02/12/2015,ENA,AK,AAL,WE,Federal Contract Tower,0,60,7,0,67,0,10,2,0,12,0,70,9,0,79,0,0,0,79
02/13/2015,ENA,AK,AAL,WE,Federal Contract Tower,0,40,0,4,44,0,25,6,0,31,0,65,6,4,75,4,0,4,79
02/14/2015,ENA,AK,AAL,WE,Federal Contract Tower,0,15,0,0,15,0,20,2,0,22,0,35,2,0,37,10,0,10,47
02/15/2015,ENA,AK,AAL,WE,Federal Contract Tower,0,16,0,0,16,0,18,6,0,24,0,34,6,0,40,2,0,2,42
02/16/2015,ENA,AK,AAL,WE,Federal Contract Tower,0,28,0,2,30,0,38,1,0,39,0,66,1,2,69,0,0,0,69
02/17/2015,ENA,AK,AAL,WE,Federal Contract Tower,0,23,0,0,23,0,50,9,0,59,0,73,9,0,82,46,36,82,164
02/18/2015,ENA,AK,AAL,WE,Federal Contract Tower,0,29,0,0,29,2,58,11,0,71,2,87,11,0,100,22,8,30,130
02/19/2015,ENA,AK,AAL,WE,Federal Contract Tower,0,27,0,3,30,0,57,16,2,75,0,84,16,5,105,34,16,50,155
02/20/2015,ENA,AK,AAL,WE,Federal Contract Tower,0,23,0,1,24,0,57,2,0,59,0,80,2,1,83,18,4,22,105
02/21/2015,ENA,AK,AAL,WE,Federal Contract Tower,0,17,0,0,17,0,16,2,0,18,0,33,2,0,35,12,0,12,47
02/22/2015,ENA,AK,AAL,WE,Federal Contract Tower,0,18,0,0,18,0,27,10,0,37,0,45,10,0,55,18,0,18,73
02/23/2015,ENA,AK,AAL,WE,Federal Contract Tower,0,37,2,1,40,0,34,6,8,48,0,71,8,9,88,10,16,26,114
02/24/2015,ENA,AK,AAL,WE,Federal Contract Tower,0,23,0,0,23,4,58,15,0,77,4,81,15,0,100,22,8,30,130
02/25/2015,ENA,AK,AAL,WE,Federal Contract Tower,0,29,0,0,29,6,51,10,0,67,6,80,10,0,96,28,8,36,132
02/26/2015,ENA,AK,AAL,WE,Federal Contract Tower,0,28,0,0,28,6,60,13,0,79,6,88,13,0,107,24,0,24,131
02/27/2015,ENA,AK,AAL,WE,Federal Contract Tower,0,26,6,0,32,4,58,10,0,72,4,84,16,0,104,26,0,26,130
02/28/2015,ENA,AK,AAL,WE,Federal Contract Tower,0,18,1,0,19,0,6,4,0,10,0,24,5,0,29,22,0,22,51
03/01/2015,ENA,AK,AAL,WE,Federal Contract Tower,1,26,2,0,29,0,13,4,0,17,1,39,6,0,46,6,0,6,52
03/02/2015,ENA,AK,AAL,WE,Federal Contract Tower,0,25,0,0,25,6,53,8,0,67,6,78,8,0,92,26,0,26,118
03/03/2015,ENA,AK,AAL,WE,Federal Contract Tower,0,24,3,0,27,0,48,2,0,50,0,72,5,0,77,14,20,34,111
03/04/2015,ENA,AK,AAL,WE,Federal Contract Tower,0,48,0,0,48,0,33,7,0,40,0,81,7,0,88,4,0,4,92
03/05/2015,ENA,AK,AAL,WE,Federal Contract Tower,0,66,3,2,71,0,1,0,0,1,0,67,3,2,72,0,0,0,72
03/06/2015,ENA,AK,AAL,WE,Federal Contract Tower,0,29,0,0,29,0,52,8,0,60,0,81,8,0,89,26,40,66,155
03/07/2015,ENA,AK,AAL,WE,Federal Contract Tower,0,11,2,0,13,0,31,1,0,32,0,42,3,0,45,22,0,22,67
03/08/2015,ENA,AK,AAL,WE,Federal Contract Tower,0,16,0,0,16,0,13,2,0,15,0,29,2,0,31,10,0,10,41
03/09/2015,ENA,AK,AAL,WE,Federal Contract Tower,0,24,0,0,24,0,46,17,0,63,0,70,17,0,87,16,0,16,103
03/10/2015,ENA,AK,AAL,WE,Federal Contract Tower,0,24,0,0,24,0,61,12,2,75,0,85,12,2,99,46,0,46,145
03/11/2015,ENA,AK,AAL,WE,Federal Contract Tower,0,28,0,0,28,6,54,16,0,76,6,82,16,0,104,42,28,70,174
03/12/2015,ENA,AK,AAL,WE,Federal Contract Tower,0,26,0,0,26,4,54,10,0,68,4,80,10,0,94,24,0,24,118
03/13/2015,ENA,AK,AAL,WE,Federal Contract Tower,0,22,0,0,22,0,51,19,0,70,0,73,19,0,92,32,0,32,124
03/14/2015,ENA,AK,AAL,WE,Federal Contract Tower,0,14,0,0,14,0,19,21,0,40,0,33,21,0,54,0,0,0,54
03/15/2015,ENA,AK,AAL,WE,Federal Contract Tower,0,25,0,0,25,0,11,1,0,12,0,36,1,0,37,0,0,0,37
03/16/2015,ENA,AK,AAL,WE,Federal Contract Tower,0,26,0,0,26,0,38,0,0,38,0,64,0,0,64,6,0,6,70
03/17/2015,ENA,AK,AAL,WE,Federal Contract Tower,0,24,0,1,25,0,65,14,1,80,0,89,14,2,105,18,24,42,147
03/18/2015,ENA,AK,AAL,WE,Federal Contract Tower,0,26,2,0,28,2,72,3,0,77,2,98,5,0,105,28,12,40,145
03/19/2015,ENA,AK,AAL,WE,Federal Contract Tower,0,24,0,3,27,4,58,6,1,69,4,82,6,4,96,14,12,26,122
03/20/2015,ENA,AK,AAL,WE,Federal Contract Tower,0,20,0,1,21,0,48,20,2,70,0,68,20,3,91,12,6,18,109
03/21/2015,ENA,AK,AAL,WE,Federal Contract Tower,0,14,0,0,14,0,17,28,0,45,0,31,28,0,59,22,0,22,81
03/22/2015,ENA,AK,AAL,WE,Federal Contract Tower,0,16,0,1,17,0,22,33,1,56,0,38,33,2,73,12,0,12,85
03/23/2015,ENA,AK,AAL,WE,Federal Contract Tower,0,25,0,0,25,0,62,22,0,84,0,87,22,0,109,12,30,42,151
03/24/2015,ENA,AK,AAL,WE,Federal Contract Tower,0,23,0,0,23,8,58,11,0,77,8,81,11,0,100,24,20,44,144
03/25/2015,ENA,AK,AAL,WE,Federal Contract Tower,0,23,0,0,23,4,60,1,0,65,4,83,1,0,88,10,0,10,98
03/26/2015,ENA,AK,AAL,WE,Federal Contract Tower,0,24,0,2,26,0,57,2,0,59,0,81,2,2,85,10,24,34,119
03/27/2015,ENA,AK,AAL,WE,Federal Contract Tower,0,25,0,0,25,0,59,10,5,74,0,84,10,5,99,16,8,24,123
03/28/2015,ENA,AK,AAL,WE,Federal Contract Tower,0,16,0,0,16,0,22,7,0,29,0,38,7,0,45,14,0,14,59
03/29/2015,ENA,AK,AAL,WE,Federal Contract Tower,0,17,0,0,17,0,18,3,0,21,0,35,3,0,38,2,0,2,40
03/30/2015,ENA,AK,AAL,WE,Federal Contract Tower,0,26,1,2,29,0,50,11,2,63,0,76,12,4,92,16,30,46,138
03/31/2015,ENA,AK,AAL,WE,Federal Contract Tower,0,25,0,5,30,0,56,12,7,75,0,81,12,12,105,14,12,26,131
04/01/2015,ENA,AK,AAL,WE,Federal Contract Tower,0,27,0,6,33,10,59,4,3,76,10,86,4,9,109,20,0,20,129
04/02/2015,ENA,AK,AAL,WE,Federal Contract Tower,0,20,0,0,20,9,51,22,0,82,9,71,22,0,102,12,0,12,114
04/03/2015,ENA,AK,AAL,WE,Federal Contract Tower,0,18,1,0,19,8,49,26,0,83,8,67,27,0,102,40,0,40,142
04/04/2015,ENA,AK,AAL,WE,Federal Contract Tower,0,14,1,0,15,11,27,21,0,59,11,41,22,0,74,10,0,10,84
04/05/2015,ENA,AK,AAL,WE,Federal Contract Tower,0,18,0,0,18,0,11,5,0,16,0,29,5,0,34,0,0,0,34
04/06/2015,ENA,AK,AAL,WE,Federal Contract Tower,1,21,0,0,22,14,47,11,0,72,15,68,11,0,94,44,6,50,144
04/07/2015,ENA,AK,AAL,WE,Federal Contract Tower,0,17,2,0,19,0,45,0,0,45,0,62,2,0,64,0,0,0,64
04/08/2015,ENA,AK,AAL,WE,Federal Contract Tower,0,54,6,0,60,12,20,4,0,36,12,74,10,0,96,30,0,30,126
04/09/2015,ENA,AK,AAL,WE,Federal Contract Tower,1,24,0,0,25,0,54,10,0,64,1,78,10,0,89,16,0,16,105
04/10/2015,ENA,AK,AAL,WE,Federal Contract Tower,0,22,0,0,22,0,47,33,0,80,0,69,33,0,102,32,4,36,138
04/11/2015,ENA,AK,AAL,WE,Federal Contract Tower,0,15,0,0,15,0,24,17,0,41,0,39,17,0,56,22,0,22,78
04/12/2015,ENA,AK,AAL,WE,Federal Contract Tower,0,29,0,0,29,0,3,8,0,11,0,32,8,0,40,4,0,4,44
04/13/2015,ENA,AK,AAL,WE,Federal Contract Tower,0,20,3,0,23,0,65,29,0,94,0,85,32,0,117,16,0,16,133
04/14/2015,ENA,AK,AAL,WE,Federal Contract Tower,0,22,4,0,26,0,59,10,0,69,0,81,14,0,95,10,2,12,107
04/15/2015,ENA,AK,AAL,WE,Federal Contract Tower,0,24,0,0,24,0,52,8,0,60,0,76,8,0,84,10,20,30,114
04/16/2015,ENA,AK,AAL,WE,Federal Contract Tower,0,67,0,0,67,0,8,4,0,12,0,75,4,0,79,18,0,18,97
04/17/2015,ENA,AK,AAL,WE,Federal Contract Tower,0,21,1,0,22,0,52,13,0,65,0,73,14,0,87,10,0,10,97
04/18/2015,ENA,AK,AAL,WE,Federal Contract Tower,0,13,0,0,13,0,26,1,0,27,0,39,1,0,40,0,0,0,40
04/19/2015,ENA,AK,AAL,WE,Federal Contract Tower,0,14,0,0,14,0,22,1,0,23,0,36,1,0,37,4,20,24,61
04/20/2015,ENA,AK,AAL,WE,Federal Contract Tower,0,45,2,0,47,0,24,1,0,25,0,69,3,0,72,4,0,4,76
04/21/2015,ENA,AK,AAL,WE,Federal Contract Tower,0,26,2,0,28,0,56,18,8,82,0,82,20,8,110,68,0,68,178
04/22/2015,ENA,AK,AAL,WE,Federal Contract Tower,0,27,3,0,30,0,47,22,0,69,0,74,25,0,99,26,0,26,125
04/23/2015,ENA,AK,AAL,WE,Federal Contract Tower,0,19,1,0,20,0,56,21,0,77,0,75,22,0,97,22,6,28,125
04/24/2015,ENA,AK,AAL,WE,Federal Contract Tower,0,23,4,3,30,0,65,23,3,91,0,88,27,6,121,34,2,36,157
04/25/2015,ENA,AK,AAL,WE,Federal Contract Tower,0,13,2,0,15,0,33,28,0,61,0,46,30,0,76,8,0,8,84
04/26/2015,ENA,AK,AAL,WE,Federal Contract Tower,0,13,0,0,13,0,23,17,0,40,0,36,17,0,53,24,0,24,77
04/27/2015,ENA,AK,AAL,WE,Federal Contract Tower,0,24,0,2,26,0,48,20,2,70,0,72,20,4,96,50,10,60,156
04/28/2015,ENA,AK,AAL,WE,Federal Contract Tower,0,26,0,2,28,0,54,21,1,76,0,80,21,3,104,60,10,70,174
04/29/2015,ENA,AK,AAL,WE,Federal Contract Tower,0,26,2,2,30,0,61,16,2,79,0,87,18,4,109,20,42,62,171
04/30/2015,ENA,AK,AAL,WE,Federal Contract Tower,0,24,5,7,36,0,71,18,3,92,0,95,23,10,128,24,2,26,154
05/01/2015,ENA,AK,AAL,WE,Federal Contract Tower,0,25,4,0,29,0,64,22,0,86,0,89,26,0,115,22,26,48,163
05/02/2015,ENA,AK,AAL,WE,Federal Contract Tower,0,14,1,0,15,0,27,17,0,44,0,41,18,0,59,20,0,20,79
05/03/2015,ENA,AK,AAL,WE,Federal Contract Tower,0,16,3,0,19,0,29,32,0,61,0,45,35,0,80,50,0,50,130
05/04/2015,ENA,AK,AAL,WE,Federal Contract Tower,0,26,2,0,28,0,63,19,0,82,0,89,21,0,110,14,0,14,124
05/05/2015,ENA,AK,AAL,WE,Federal Contract Tower,0,26,0,3,29,0,58,16,2,76,0,84,16,5,105,42,24,66,171
05/06/2015,ENA,AK,AAL,WE,Federal Contract Tower,0,21,0,0,21,1,70,8,0,79,1,91,8,0,100,4,0,4,104
05/07/2015,ENA,AK,AAL,WE,Federal Contract Tower,0,25,0,2,27,2,69,9,0,80,2,94,9,2,107,50,14,64,171
05/08/2015,ENA,AK,AAL,WE,Federal Contract Tower,0,49,0,0,49,0,33,6,0,39,0,82,6,0,88,14,0,14,102
05/09/2015,ENA,AK,AAL,WE,Federal Contract Tower,0,17,0,0,17,0,22,17,0,39,0,39,17,0,56,20,0,20,76
05/10/2015,ENA,AK,AAL,WE,Federal Contract Tower,0,16,0,0,16,0,28,8,0,36,0,44,8,0,52,4,0,4,56
05/11/2015,ENA,AK,AAL,WE,Federal Contract Tower,0,23,0,2,25,0,62,22,2,86,0,85,22,4,111,22,32,54,165
05/12/2015,ENA,AK,AAL,WE,Federal Contract Tower,0,26,0,5,31,7,59,34,3,103,7,85,34,8,134,12,16,28,162
05/13/2015,ENA,AK,AAL,WE,Federal Contract Tower,0,25,0,4,29,6,72,18,0,96,6,97,18,4,125,54,2,56,181
05/14/2015,ENA,AK,AAL,WE,Federal Contract Tower,2,28,2,0,32,3,60,5,2,70,5,88,7,2,102,0,2,2,104
05/15/2015,ENA,AK,AAL,WE,Federal Contract Tower,0,26,0,0,26,0,55,15,0,70,0,81,15,0,96,10,12,22,118
05/16/2015,ENA,AK,AAL,WE,Federal Contract Tower,0,18,0,0,18,0,18,31,0,49,0,36,31,0,67,6,0,6,73
05/17/2015,ENA,AK,AAL,WE,Federal Contract Tower,0,17,0,0,17,0,21,25,0,46,0,38,25,0,63,24,0,24,87
05/18/2015,ENA,AK,AAL,WE,Federal Contract Tower,0,26,0,4,30,0,57,31,4,92,0,83,31,8,122,28,10,38,160
05/19/2015,ENA,AK,AAL,WE,Federal Contract Tower,0,26,0,4,30,0,57,12,4,73,0,83,12,8,103,30,40,70,173
05/20/2015,ENA,AK,AAL,WE,Federal Contract Tower,0,28,1,2,31,0,67,20,0,87,0,95,21,2,118,34,24,58,176
05/21/2015,ENA,AK,AAL,WE,Federal Contract Tower,0,28,2,1,31,5,64,25,8,102,5,92,27,9,133,10,32,42,175
05/22/2015,ENA,AK,AAL,WE,Federal Contract Tower,0,26,0,0,26,0,60,35,0,95,0,86,35,0,121,18,0,18,139
05/23/2015,ENA,AK,AAL,WE,Federal Contract Tower,0,18,1,0,19,0,10,15,0,25,0,28,16,0,44,2,10,12,56
05/24/2015,ENA,AK,AAL,WE,Federal Contract Tower,0,23,0,0,23,0,19,17,0,36,0,42,17,0,59,6,0,6,65
05/25/2015,ENA,AK,AAL,WE,Federal Contract Tower,0,25,0,0,25,0,44,31,0,75,0,69,31,0,100,20,0,20,120
05/26/2015,ENA,AK,AAL,WE,Federal Contract Tower,0,28,0,0,28,0,56,26,0,82,0,84,26,0,110,16,14,30,140
05/27/2015,ENA,AK,AAL,WE,Federal Contract Tower,0,24,0,0,24,0,52,33,0,85,0,76,33,0,109,34,0,34,143
05/28/2015,ENA,AK,AAL,WE,Federal Contract Tower,0,24,3,0,27,3,62,24,0,89,3,86,27,0,116,30,26,56,172
05/29/2015,ENA,AK,AAL,WE,Federal Contract Tower,0,28,6,1,35,5,59,33,0,97,5,87,39,1,132,35,22,57,189
05/30/2015,ENA,AK,AAL,WE,Federal Contract Tower,0,16,0,0,16,0,28,27,0,55,0,44,27,0,71,10,0,10,81
05/31/2015,ENA,AK,AAL,WE,Federal Contract Tower,0,16,0,0,16,0,19,26,0,45,0,35,26,0,61,4,4,8,69
06/01/2015,ENA,AK,AAL,WE,Federal Contract Tower,0,25,0,0,25,0,54,17,0,71,0,79,17,0,96,18,18,36,132
06/02/2015,ENA,AK,AAL,WE,Federal Contract Tower,3,55,5,0,63,1,26,7,0,34,4,81,12,0,97,0,0,0,97
06/03/2015,ENA,AK,AAL,WE,Federal Contract Tower,1,43,0,0,44,7,56,14,0,77,8,99,14,0,121,6,20,26,147
06/04/2015,ENA,AK,AAL,WE,Federal Contract Tower,0,26,0,0,26,2,69,8,0,79,2,95,8,0,105,26,0,26,131
06/05/2015,ENA,AK,AAL,WE,Federal Contract Tower,0,45,7,5,57,0,41,9,7,57,0,86,16,12,114,6,18,24,138
06/06/2015,ENA,AK,AAL,WE,Federal Contract Tower,0,15,0,0,15,0,26,23,0,49,0,41,23,0,64,28,0,28,92
06/07/2015,ENA,AK,AAL,WE,Federal Contract Tower,0,24,0,0,24,0,22,15,2,39,0,46,15,2,63,24,0,24,87
06/08/2015,ENA,AK,AAL,WE,Federal Contract Tower,0,25,0,0,25,2,52,10,0,64,2,77,10,0,89,12,6,18,107
06/09/2015,ENA,AK,AAL,WE,Federal Contract Tower,0,26,0,0,26,0,54,9,0,63,0,80,9,0,89,20,0,20,109
06/10/2015,ENA,AK,AAL,WE,Federal Contract Tower,0,30,2,0,32,0,69,30,0,99,0,99,32,0,131,64,4,68,199
06/11/2015,ENA,AK,AAL,WE,Federal Contract Tower,0,27,0,14,41,2,57,23,2,84,2,84,23,16,125,16,8,24,149
06/12/2015,ENA,AK,AAL,WE,Federal Contract Tower,0,29,3,0,32,6,61,25,1,93,6,90,28,1,125,82,0,82,207
06/13/2015,ENA,AK,AAL,WE,Federal Contract Tower,0,16,2,0,18,0,32,96,4,132,0,48,98,4,150,16,2,18,168
06/14/2015,ENA,AK,AAL,WE,Federal Contract Tower,0,19,0,0,19,0,26,23,0,49,0,45,23,0,68,42,0,42,110
06/15/2015,ENA,AK,AAL,WE,Federal Contract Tower,0,20,0,0,20,56,61,27,0,144,56,81,27,0,164,8,2,10,174
06/16/2015,ENA,AK,AAL,WE,Federal Contract Tower,2,30,0,0,32,27,67,29,6,129,29,97,29,6,161,32,2,34,195
06/17/2015,ENA,AK,AAL,WE,Federal Contract Tower,0,29,0,0,29,4,100,24,0,128,4,129,24,0,157,12,0,12,169
06/18/2015,ENA,AK,AAL,WE,Federal Contract Tower,0,30,2,0,32,2,117,29,0,148,2,147,31,0,180,2,12,14,194
06/19/2015,ENA,AK,AAL,WE,Federal Contract Tower,1,33,0,0,34,6,53,16,8,83,7,86,16,8,117,10,0,10,127
06/20/2015,ENA,AK,AAL,WE,Federal Contract Tower,4,24,0,0,28,0,11,22,0,33,4,35,22,0,61,22,0,22,83
06/21/2015,ENA,AK,AAL,WE,Federal Contract Tower,0,21,2,0,23,0,24,10,0,34,0,45,12,0,57,20,0,20,77
06/22/2015,ENA,AK,AAL,WE,Federal Contract Tower,1,20,6,0,27,6,64,16,0,86,7,84,22,0,113,14,14,28,141
06/23/2015,ENA,AK,AAL,WE,Federal Contract Tower,0,37,1,0,38,7,45,27,0,79,7,82,28,0,117,24,12,36,153
06/24/2015,ENA,AK,AAL,WE,Federal Contract Tower,0,24,1,0,25,0,71,35,2,108,0,95,36,2,133,30,38,68,201
06/25/2015,ENA,AK,AAL,WE,Federal Contract Tower,0,26,0,0,26,3,61,24,6,94,3,87,24,6,120,32,12,44,164
06/26/2015,ENA,AK,AAL,WE,Federal Contract Tower,0,38,3,0,41,0,50,12,0,62,0,88,15,0,103,64,12,76,179
06/27/2015,ENA,AK,AAL,WE,Federal Contract Tower,0,18,0,0,18,0,30,25,0,55,0,48,25,0,73,24,0,24,97
06/28/2015,ENA,AK,AAL,WE,Federal Contract Tower,0,21,2,0,23,0,20,27,0,47,0,41,29,0,70,38,0,38,108
06/29/2015,ENA,AK,AAL,WE,Federal Contract Tower,2,28,0,0,30,4,68,17,0,89,6,96,17,0,119,10,28,38,157
06/30/2015,ENA,AK,AAL,WE,Federal Contract Tower,0,30,1,0,31,0,72,20,4,96,0,102,21,4,127,18,0,18,145
07/01/2015,ENA,AK,AAL,WE,Federal Contract Tower,1,29,1,0,31,0,71,31,0,102,1,100,32,0,133,20,26,46,179
07/02/2015,ENA,AK,AAL,WE,Federal Contract Tower,0,45,4,4,53,0,48,13,0,61,0,93,17,4,114,4,0,4,118
07/03/2015,ENA,AK,AAL,WE,Federal Contract Tower,0,27,1,0,28,0,40,24,0,64,0,67,25,0,92,10,0,10,102
07/04/2015,ENA,AK,AAL,WE,Federal Contract Tower,0,16,0,0,16,0,1,15,0,16,0,17,15,0,32,6,0,6,38
07/05/2015,ENA,AK,AAL,WE,Federal Contract Tower,2,18,0,0,20,0,20,16,0,36,2,38,16,0,56,8,0,8,64
07/06/2015,ENA,AK,AAL,WE,Federal Contract Tower,0,21,1,0,22,0,51,22,0,73,0,72,23,0,95,18,0,18,113
07/07/2015,ENA,AK,AAL,WE,Federal Contract Tower,0,47,0,1,48,0,35,21,2,58,0,82,21,3,106,0,4,4,110
07/08/2015,ENA,AK,AAL,WE,Federal Contract Tower,0,34,4,1,39,0,52,19,1,72,0,86,23,2,111,18,22,40,151
07/09/2015,ENA,AK,AAL,WE,Federal Contract Tower,0,32,0,1,33,2,40,19,3,64,2,72,19,4,97,20,42,62,159
07/10/2015,ENA,AK,AAL,WE,Federal Contract Tower,0,26,1,0,27,6,62,32,7,107,6,88,33,7,134,18,28,46,180
07/11/2015,ENA,AK,AAL,WE,Federal Contract Tower,0,20,1,0,21,0,23,34,0,57,0,43,35,0,78,26,0,26,104
07/12/2015,ENA,AK,AAL,WE,Federal Contract Tower,0,26,1,0,27,0,18,28,0,46,0,44,29,0,73,16,0,16,89
07/13/2015,ENA,AK,AAL,WE,Federal Contract Tower,0,27,3,0,30,4,56,30,2,92,4,83,33,2,122,10,12,22,144
07/14/2015,ENA,AK,AAL,WE,Federal Contract Tower,0,30,2,0,32,0,63,31,2,96,0,93,33,2,128,14,28,42,170
07/15/2015,ENA,AK,AAL,WE,Federal Contract Tower,0,30,2,0,32,0,82,32,0,114,0,112,34,0,146,12,6,18,164
07/16/2015,ENA,AK,AAL,WE,Federal Contract Tower,0,23,2,0,25,0,49,32,0,81,0,72,34,0,106,18,0,18,124
07/17/2015,ENA,AK,AAL,WE,Federal Contract Tower,0,43,0,0,43,0,40,6,0,46,0,83,6,0,89,12,0,12,101
07/18/2015,ENA,AK,AAL,WE,Federal Contract Tower,0,28,0,0,28,2,21,25,0,48,2,49,25,0,76,8,0,8,84
07/19/2015,ENA,AK,AAL,WE,Federal Contract Tower,0,23,1,0,24,0,17,43,0,60,0,40,44,0,84,22,0,22,106
07/20/2015,ENA,AK,AAL,WE,Federal Contract Tower,0,30,2,0,32,0,51,32,2,85,0,81,34,2,117,28,14,42,159
07/21/2015,ENA,AK,AAL,WE,Federal Contract Tower,1,39,2,0,42,1,48,25,2,76,2,87,27,2,118,32,14,46,164
07/22/2015,ENA,AK,AAL,WE,Federal Contract Tower,0,35,2,2,39,4,49,17,2,72,4,84,19,4,111,12,16,28,139
07/23/2015,ENA,AK,AAL,WE,Federal Contract Tower,0,40,2,0,42,11,51,26,0,88,11,91,28,0,130,50,38,88,218
07/24/2015,ENA,AK,AAL,WE,Federal Contract Tower,0,27,0,0,27,7,52,37,0,96,7,79,37,0,123,18,0,18,141
07/25/2015,ENA,AK,AAL,WE,Federal Contract Tower,0,26,0,0,26,0,17,26,0,43,0,43,26,0,69,28,0,28,97
07/26/2015,ENA,AK,AAL,WE,Federal Contract Tower,0,35,1,0,36,0,15,14,0,29,0,50,15,0,65,14,0,14,79
07/27/2015,ENA,AK,AAL,WE,Federal Contract Tower,0,35,0,1,36,0,60,26,2,88,0,95,26,3,124,14,10,24,148
07/28/2015,ENA,AK,AAL,WE,Federal Contract Tower,0,39,1,0,40,0,59,19,2,80,0,98,20,2,120,6,24,30,150
07/29/2015,ENA,AK,AAL,WE,Federal Contract Tower,0,34,0,0,34,0,56,21,0,77,0,90,21,0,111,26,44,70,181
07/30/2015,ENA,AK,AAL,WE,Federal Contract Tower,0,42,0,0,42,1,53,18,0,72,1,95,18,0,114,22,20,42,156
07/31/2015,ENA,AK,AAL,WE,Federal Contract Tower,0,27,4,0,31,0,52,44,0,96,0,79,48,0,127,24,8,32,159
08/01/2015,ENA,AK,AAL,WE,Federal Contract Tower,0,23,0,0,23,0,31,32,0,63,0,54,32,0,86,20,0,20,106
08/02/2015,ENA,AK,AAL,WE,Federal Contract Tower,0,23,3,0,26,0,18,23,0,41,0,41,26,0,67,4,0,4,71
08/03/2015,ENA,AK,AAL,WE,Federal Contract Tower,0,33,0,0,33,0,53,23,0,76,0,86,23,0,109,32,4,36,145
08/04/2015,ENA,AK,AAL,WE,Federal Contract Tower,0,33,0,0,33,0,63,17,4,84,0,96,17,4,117,16,26,42,159
08/05/2015,ENA,AK,AAL,WE,Federal Contract Tower,0,24,3,1,28,0,67,37,0,104,0,91,40,1,132,10,56,66,198
08/06/2015,ENA,AK,AAL,WE,Federal Contract Tower,0,25,2,2,29,0,66,26,0,92,0,91,28,2,121,22,14,36,157
08/07/2015,ENA,AK,AAL,WE,Federal Contract Tower,0,26,0,0,26,0,50,35,0,85,0,76,35,0,111,34,0,34,145
08/08/2015,ENA,AK,AAL,WE,Federal Contract Tower,0,22,0,0,22,0,20,25,0,45,0,42,25,0,67,10,8,18,85
08/09/2015,ENA,AK,AAL,WE,Federal Contract Tower,0,32,5,0,37,0,5,4,0,9,0,37,9,0,46,0,0,0,46
08/10/2015,ENA,AK,AAL,WE,Federal Contract Tower,0,22,0,1,23,0,71,12,0,83,0,93,12,1,106,18,22,40,146
08/11/2015,ENA,AK,AAL,WE,Federal Contract Tower,0,24,1,0,25,0,60,19,0,79,0,84,20,0,104,18,0,18,122
08/12/2015,ENA,AK,AAL,WE,Federal Contract Tower,0,25,1,4,30,0,80,37,0,117,0,105,38,4,147,32,32,64,211
08/13/2015,ENA,AK,AAL,WE,Federal Contract Tower,0,26,0,0,26,0,61,38,0,99,0,87,38,0,125,26,54,80,205
08/14/2015,ENA,AK,AAL,WE,Federal Contract Tower,0,25,0,0,25,0,52,26,0,78,0,77,26,0,103,24,0,24,127
08/15/2015,ENA,AK,AAL,WE,Federal Contract Tower,0,32,9,0,41,0,11,5,0,16,0,43,14,0,57,0,0,0,57
08/16/2015,ENA,AK,AAL,WE,Federal Contract Tower,0,20,1,0,21,0,22,6,0,28,0,42,7,0,49,12,2,14,63
08/17/2015,ENA,AK,AAL,WE,Federal Contract Tower,0,44,3,1,48,0,45,6,6,57,0,89,9,7,105,14,20,34,139
08/18/2015,ENA,AK,AAL,WE,Federal Contract Tower,0,27,0,2,29,0,71,20,2,93,0,98,20,4,122,16,2,18,140
08/19/2015,ENA,AK,AAL,WE,Federal Contract Tower,0,26,0,0,26,0,64,22,2,88,0,90,22,2,114,44,2,46,160
08/20/2015,ENA,AK,AAL,WE,Federal Contract Tower,1,23,1,1,26,0,64,27,1,92,1,87,28,2,118,42,26,68,186
08/21/2015,ENA,AK,AAL,WE,Federal Contract Tower,0,28,0,0,28,10,50,23,2,85,10,78,23,2,113,32,0,32,145
08/22/2015,ENA,AK,AAL,WE,Federal Contract Tower,0,19,3,0,22,0,25,34,0,59,0,44,37,0,81,44,0,44,125
08/23/2015,ENA,AK,AAL,WE,Federal Contract Tower,0,18,1,0,19,0,21,25,0,46,0,39,26,0,65,44,0,44,109
08/24/2015,ENA,AK,AAL,WE,Federal Contract Tower,0,22,0,0,22,1,69,18,0,88,1,91,18,0,110,6,30,36,146
08/25/2015,ENA,AK,AAL,WE,Federal Contract Tower,0,27,4,0,31,0,56,26,0,82,0,83,30,0,113,10,30,40,153
08/26/2015,ENA,AK,AAL,WE,Federal Contract Tower,0,34,3,0,37,0,53,7,0,60,0,87,10,0,97,16,0,16,113
08/27/2015,ENA,AK,AAL,WE,Federal Contract Tower,0,30,0,2,32,0,72,13,2,87,0,102,13,4,119,12,32,44,163
08/28/2015,ENA,AK,AAL,WE,Federal Contract Tower,0,27,1,0,28,0,46,9,0,55,0,73,10,0,83,18,0,18,101
08/29/2015,ENA,AK,AAL,WE,Federal Contract Tower,0,19,1,4,24,0,29,23,0,52,0,48,24,4,76,24,0,24,100
08/30/2015,ENA,AK,AAL,WE,Federal Contract Tower,0,19,0,0,19,0,23,11,0,34,0,42,11,0,53,6,0,6,59
08/31/2015,ENA,AK,AAL,WE,Federal Contract Tower,0,22,2,4,28,0,39,4,2,45,0,61,6,6,73,0,0,0,73
09/01/2015,ENA,AK,AAL,WE,Federal Contract Tower,0,23,1,4,28,0,36,19,2,57,0,59,20,6,85,10,2,12,97
09/02/2015,ENA,AK,AAL,WE,Federal Contract Tower,0,24,1,0,25,0,53,29,0,82,0,77,30,0,107,30,16,46,153
09/03/2015,ENA,AK,AAL,WE,Federal Contract Tower,0,41,3,0,44,0,47,9,0,56,0,88,12,0,100,10,22,32,132
09/04/2015,ENA,AK,AAL,WE,Federal Contract Tower,0,58,6,0,64,0,12,1,0,13,0,70,7,0,77,0,0,0,77
09/05/2015,ENA,AK,AAL,WE,Federal Contract Tower,0,32,1,0,33,0,13,12,0,25,0,45,13,0,58,24,0,24,82
09/06/2015,ENA,AK,AAL,WE,Federal Contract Tower,0,48,15,0,63,0,1,2,0,3,0,49,17,0,66,0,0,0,66
09/07/2015,ENA,AK,AAL,WE,Federal Contract Tower,0,51,5,0,56,0,18,9,0,27,0,69,14,0,83,22,0,22,105
09/08/2015,ENA,AK,AAL,WE,Federal Contract Tower,0,34,2,2,38,0,45,20,1,66,0,79,22,3,104,12,2,14,118
09/09/2015,ENA,AK,AAL,WE,Federal Contract Tower,0,31,0,2,33,0,58,21,0,79,0,89,21,2,112,4,0,4,116
09/10/2015,ENA,AK,AAL,WE,Federal Contract Tower,0,29,0,0,29,0,52,14,2,68,0,81,14,2,97,4,36,40,137
09/11/2015,ENA,AK,AAL,WE,Federal Contract Tower,0,28,0,2,30,0,58,16,4,78,0,86,16,6,108,12,6,18,126
09/12/2015,ENA,AK,AAL,WE,Federal Contract Tower,0,26,0,0,26,1,11,18,0,30,1,37,18,0,56,20,0,20,76
09/13/2015,ENA,AK,AAL,WE,Federal Contract Tower,0,24,0,0,24,0,16,26,0,42,0,40,26,0,66,38,0,38,104
09/14/2015,ENA,AK,AAL,WE,Federal Contract Tower,0,58,2,0,60,0,17,12,0,29,0,75,14,0,89,6,0,6,95
09/15/2015,ENA,AK,AAL,WE,Federal Contract Tower,3,62,2,2,69,3,10,3,0,16,6,72,5,2,85,0,0,0,85
09/16/2015,ENA,AK,AAL,WE,Federal Contract Tower,0,36,0,0,36,3,47,4,0,54,3,83,4,0,90,10,16,26,116
09/17/2015,ENA,AK,AAL,WE,Federal Contract Tower,2,64,0,0,66,1,12,7,0,20,3,76,7,0,86,0,0,0,86
09/18/2015,ENA,AK,AAL,WE,Federal Contract Tower,0,24,2,0,26,3,52,29,0,84,3,76,31,0,110,22,0,22,132
09/19/2015,ENA,AK,AAL,WE,Federal Contract Tower,0,19,0,0,19,8,24,27,0,59,8,43,27,0,78,14,0,14,92
09/20/2015,ENA,AK,AAL,WE,Federal Contract Tower,0,20,2,0,22,9,21,29,0,59,9,41,31,0,81,34,0,34,115
09/21/2015,ENA,AK,AAL,WE,Federal Contract Tower,0,25,0,0,25,0,55,20,0,75,0,80,20,0,100,16,0,16,116
09/22/2015,ENA,AK,AAL,WE,Federal Contract Tower,0,25,1,0,26,0,57,33,0,90,0,82,34,0,116,18,2,20,136
09/23/2015,ENA,AK,AAL,WE,Federal Contract Tower,0,27,0,0,27,8,57,32,0,97,8,84,32,0,124,6,0,6,130
09/24/2015,ENA,AK,AAL,WE,Federal Contract Tower,0,29,1,2,32,9,70,34,0,113,9,99,35,2,145,26,18,44,189
09/25/2015,ENA,AK,AAL,WE,Federal Contract Tower,0,28,0,0,28,0,37,12,0,49,0,65,12,0,77,12,8,20,97
09/26/2015,ENA,AK,AAL,WE,Federal Contract Tower,0,37,1,6,44,0,0,0,0,0,0,37,1,6,44,0,0,0,44
09/27/2015,ENA,AK,AAL,WE,Federal Contract Tower,0,37,3,0,40,0,0,0,0,0,0,37,3,0,40,0,0,0,40
09/28/2015,ENA,AK,AAL,WE,Federal Contract Tower,0,59,3,4,66,0,0,0,0,0,0,59,3,4,66,0,0,0,66
09/29/2015,ENA,AK,AAL,WE,Federal Contract Tower,0,61,4,0,65,0,20,2,0,22,0,81,6,0,87,8,0,8,95
09/30/2015,ENA,AK,AAL,WE,Federal Contract Tower,0,29,5,0,34,8,57,25,0,90,8,86,30,0,124,28,14,42,166
10/01/2015,ENA,AK,AAL,WE,Federal Contract Tower,0,23,6,0,29,0,50,43,0,93,0,73,49,0,122,28,0,28,150
10/02/2015,ENA,AK,AAL,WE,Federal Contract Tower,0,34,1,2,37,7,33,6,0,46,7,67,7,2,83,12,8,20,103
10/03/2015,ENA,AK,AAL,WE,Federal Contract Tower,0,18,0,0,18,0,24,8,0,32,0,42,8,0,50,6,0,6,56
10/04/2015,ENA,AK,AAL,WE,Federal Contract Tower,0,28,9,2,39,0,0,8,0,8,0,28,17,2,47,0,0,0,47
10/05/2015,ENA,AK,AAL,WE,Federal Contract Tower,0,59,0,0,59,0,9,2,0,11,0,68,2,0,70,2,0,2,72
10/06/2015,ENA,AK,AAL,WE,Federal Contract Tower,0,47,1,0,48,0,29,2,0,31,0,76,3,0,79,4,0,4,83
10/07/2015,ENA,AK,AAL,WE,Federal Contract Tower,0,34,1,0,35,0,49,2,8,59,0,83,3,8,94,2,14,16,110
10/08/2015,ENA,AK,AAL,WE,Federal Contract Tower,0,22,1,0,23,0,52,6,0,58,0,74,7,0,81,14,14,28,109
10/09/2015,ENA,AK,AAL,WE,Federal Contract Tower,0,20,1,2,23,0,50,33,0,83,0,70,34,2,106,26,4,30,136
10/10/2015,ENA,AK,AAL,WE,Federal Contract Tower,0,20,0,0,20,0,19,10,0,29,0,39,10,0,49,12,0,12,61
10/11/2015,ENA,AK,AAL,WE,Federal Contract Tower,0,13,0,1,14,0,15,10,0,25,0,28,10,1,39,2,10,12,51
10/12/2015,ENA,AK,AAL,WE,Federal Contract Tower,0,36,1,0,37,0,26,15,0,41,0,62,16,0,78,26,0,26,104
10/13/2015,ENA,AK,AAL,WE,Federal Contract Tower,0,25,0,0,25,4,55,9,0,68,4,80,9,0,93,14,32,46,139
10/14/2015,ENA,AK,AAL,WE,Federal Contract Tower,0,27,0,0,27,0,61,11,0,72,0,88,11,0,99,36,0,36,135
10/15/2015,ENA,AK,AAL,WE,Federal Contract Tower,0,23,1,0,24,0,55,7,0,62,0,78,8,0,86,12,4,16,102
10/16/2015,ENA,AK,AAL,WE,Federal Contract Tower,0,29,0,1,30,0,57,4,1,62,0,86,4,2,92,12,6,18,110
10/17/2015,ENA,AK,AAL,WE,Federal Contract Tower,0,29,3,0,32,0,1,0,0,1,0,30,3,0,33,0,0,0,33
10/18/2015,ENA,AK,AAL,WE,Federal Contract Tower,0,28,4,0,32,0,0,0,0,0,0,28,4,0,32,0,0,0,32
10/19/2015,ENA,AK,AAL,WE,Federal Contract Tower,0,21,2,0,23,0,61,8,0,69,0,82,10,0,92,18,6,24,116
10/20/2015,ENA,AK,AAL,WE,Federal Contract Tower,0,23,0,4,27,0,72,3,0,75,0,95,3,4,102,8,0,8,110
10/21/2015,ENA,AK,AAL,WE,Federal Contract Tower,0,23,4,2,29,0,71,19,2,92,0,94,23,4,121,10,10,20,141
10/22/2015,ENA,AK,AAL,WE,Federal Contract Tower,0,24,0,0,24,0,64,18,2,84,0,88,18,2,108,16,8,24,132
10/23/2015,ENA,AK,AAL,WE,Federal Contract Tower,0,23,0,0,23,0,51,14,0,65,0,74,14,0,88,14,0,14,102
10/24/2015,ENA,AK,AAL,WE,Federal Contract Tower,0,18,3,0,21,0,16,1,0,17,0,34,4,0,38,4,0,4,42
10/25/2015,ENA,AK,AAL,WE,Federal Contract Tower,0,16,3,0,19,0,14,30,0,44,0,30,33,0,63,16,0,16,79
10/26/2015,ENA,AK,AAL,WE,Federal Contract Tower,0,20,1,0,21,0,45,12,2,59,0,65,13,2,80,22,8,30,110
10/27/2015,ENA,AK,AAL,WE,Federal Contract Tower,0,25,0,0,25,0,56,3,0,59,0,81,3,0,84,44,0,44,128
10/28/2015,ENA,AK,AAL,WE,Federal Contract Tower,0,23,4,0,27,0,52,2,0,54,0,75,6,0,81,6,0,6,87
10/29/2015,ENA,AK,AAL,WE,Federal Contract Tower,0,21,1,0,22,0,61,17,0,78,0,82,18,0,100,46,0,46,146
10/30/2015,ENA,AK,AAL,WE,Federal Contract Tower,0,53,5,0,58,0,0,0,0,0,0,53,5,0,58,0,0,0,58
10/31/2015,ENA,AK,AAL,WE,Federal Contract Tower,0,13,0,0,13,0,18,14,0,32,0,31,14,0,45,26,0,26,71
11/01/2015,ENA,AK,AAL,WE,Federal Contract Tower,0,14,0,0,14,0,22,7,0,29,0,36,7,0,43,0,0,0,43
11/02/2015,ENA,AK,AAL,WE,Federal Contract Tower,0,52,0,0,52,0,23,0,0,23,0,75,0,0,75,2,0,2,77
11/03/2015,ENA,AK,AAL,WE,Federal Contract Tower,0,40,2,0,42,0,27,7,0,34,0,67,9,0,76,0,0,0,76
11/04/2015,ENA,AK,AAL,WE,Federal Contract Tower,0,27,0,0,27,3,53,5,0,61,3,80,5,0,88,12,0,12,100
11/05/2015,ENA,AK,AAL,WE,Federal Contract Tower,0,40,1,0,41,0,24,3,0,27,0,64,4,0,68,2,0,2,70
11/06/2015,ENA,AK,AAL,WE,Federal Contract Tower,0,46,1,0,47,0,1,0,0,1,0,47,1,0,48,0,0,0,48
11/07/2015,ENA,AK,AAL,WE,Federal Contract Tower,0,17,0,0,17,0,24,16,2,42,0,41,16,2,59,8,4,12,71
11/08/2015,ENA,AK,AAL,WE,Federal Contract Tower,0,18,0,0,18,0,10,2,0,12,0,28,2,0,30,0,0,0,30
11/09/2015,ENA,AK,AAL,WE,Federal Contract Tower,0,30,0,1,31,0,42,12,1,55,0,72,12,2,86,4,8,12,98
11/10/2015,ENA,AK,AAL,WE,Federal Contract Tower,0,51,0,2,53,0,27,5,0,32,0,78,5,2,85,12,0,12,97
11/11/2015,ENA,AK,AAL,WE,Federal Contract Tower,0,21,0,0,21,0,51,2,0,53,0,72,2,0,74,14,0,14,88
11/12/2015,ENA,AK,AAL,WE,Federal Contract Tower,0,23,0,0,23,0,51,13,0,64,0,74,13,0,87,4,0,4,91
11/13/2015,ENA,AK,AAL,WE,Federal Contract Tower,0,24,0,0,24,0,55,7,0,62,0,79,7,0,86,12,0,12,98
11/14/2015,ENA,AK,AAL,WE,Federal Contract Tower,0,12,0,0,12,0,23,9,0,32,0,35,9,0,44,28,0,28,72
11/15/2015,ENA,AK,AAL,WE,Federal Contract Tower,0,13,0,0,13,0,19,9,0,28,0,32,9,0,41,10,0,10,51
11/16/2015,ENA,AK,AAL,WE,Federal Contract Tower,0,24,0,0,24,0,50,2,2,54,0,74,2,2,78,8,14,22,100
11/17/2015,ENA,AK,AAL,WE,Federal Contract Tower,0,30,0,0,30,1,49,6,0,56,1,79,6,0,86,4,6,10,96
11/18/2015,ENA,AK,AAL,WE,Federal Contract Tower,0,28,0,0,28,0,47,8,0,55,0,75,8,0,83,8,16,24,107
11/19/2015,ENA,AK,AAL,WE,Federal Contract Tower,0,27,0,0,27,0,4,0,0,4,0,31,0,0,31,2,0,2,33
11/20/2015,ENA,AK,AAL,WE,Federal Contract Tower,0,54,0,0,54,0,7,0,0,7,0,61,0,0,61,0,0,0,61
11/21/2015,ENA,AK,AAL,WE,Federal Contract Tower,0,20,0,0,20,0,23,0,0,23,0,43,0,0,43,0,0,0,43
11/22/2015,ENA,AK,AAL,WE,Federal Contract Tower,0,17,0,0,17,0,13,7,0,20,0,30,7,0,37,0,2,2,39
11/23/2015,ENA,AK,AAL,WE,Federal Contract Tower,0,51,0,0,51,0,5,0,0,5,0,56,0,0,56,0,0,0,56
11/24/2015,ENA,AK,AAL,WE,Federal Contract Tower,0,28,0,2,30,0,44,1,1,46,0,72,1,3,76,8,36,44,120
11/25/2015,ENA,AK,AAL,WE,Federal Contract Tower,0,23,0,0,23,0,42,3,0,45,0,65,3,0,68,6,8,14,82
11/26/2015,ENA,AK,AAL,WE,Federal Contract Tower,1,11,0,0,12,0,7,2,0,9,1,18,2,0,21,4,0,4,25
11/27/2015,ENA,AK,AAL,WE,Federal Contract Tower,0,25,0,0,25,0,34,4,0,38,0,59,4,0,63,6,0,6,69
11/28/2015,ENA,AK,AAL,WE,Federal Contract Tower,0,13,0,0,13,0,19,2,0,21,0,32,2,0,34,8,0,8,42
11/29/2015,ENA,AK,AAL,WE,Federal Contract Tower,0,15,0,1,16,0,17,5,1,23,0,32,5,2,39,2,10,12,51
11/30/2015,ENA,AK,AAL,WE,Federal Contract Tower,0,24,0,0,24,0,45,9,2,56,0,69,9,2,80,12,2,14,94
12/01/2015,ENA,AK,AAL,WE,Federal Contract Tower,0,22,0,0,22,0,51,7,0,58,0,73,7,0,80,12,0,12,92
12/02/2015,ENA,AK,AAL,WE,Federal Contract Tower,0,64,1,0,65,0,20,2,0,22,0,84,3,0,87,10,0,10,97
12/03/2015,ENA,AK,AAL,WE,Federal Contract Tower,0,29,0,0,29,0,43,8,0,51,0,72,8,0,80,30,10,40,120
12/04/2015,ENA,AK,AAL,WE,Federal Contract Tower,0,30,0,2,32,0,33,17,0,50,0,63,17,2,82,10,6,16,98
12/05/2015,ENA,AK,AAL,WE,Federal Contract Tower,0,18,2,0,20,0,16,8,0,24,0,34,10,0,44,16,0,16,60
12/06/2015,ENA,AK,AAL,WE,Federal Contract Tower,0,12,1,0,13,0,15,11,0,26,0,27,12,0,39,10,0,10,49
12/07/2015,ENA,AK,AAL,WE,Federal Contract Tower,0,36,2,0,38,0,43,6,0,49,0,79,8,0,87,0,0,0,87
12/08/2015,ENA,AK,AAL,WE,Federal Contract Tower,0,20,1,0,21,0,62,6,0,68,0,82,7,0,89,0,8,8,97
12/09/2015,ENA,AK,AAL,WE,Federal Contract Tower,0,23,0,0,23,0,58,7,3,68,0,81,7,3,91,28,2,30,121
12/10/2015,ENA,AK,AAL,WE,Federal Contract Tower,0,23,0,0,23,0,64,14,0,78,0,87,14,0,101,36,16,52,153
12/11/2015,ENA,AK,AAL,WE,Federal Contract Tower,0,24,0,1,25,0,43,3,1,47,0,67,3,2,72,8,0,8,80
12/12/2015,ENA,AK,AAL,WE,Federal Contract Tower,0,29,0,0,29,0,5,1,2,8,0,34,1,2,37,10,14,24,61
12/13/2015,ENA,AK,AAL,WE,Federal Contract Tower,0,22,0,0,22,0,9,12,0,21,0,31,12,0,43,14,0,14,57
12/14/2015,ENA,AK,AAL,WE,Federal Contract Tower,0,49,0,0,49,0,8,0,0,8,0,57,0,0,57,0,8,8,65
12/15/2015,ENA,AK,AAL,WE,Federal Contract Tower,2,40,2,0,44,0,21,3,0,24,2,61,5,0,68,2,0,2,70
12/16/2015,ENA,AK,AAL,WE,Federal Contract Tower,0,23,0,0,23,0,58,5,0,63,0,81,5,0,86,4,26,30,116
12/17/2015,ENA,AK,AAL,WE,Federal Contract Tower,0,20,0,0,20,0,61,20,4,85,0,81,20,4,105,4,30,34,139
12/18/2015,ENA,AK,AAL,WE,Federal Contract Tower,0,27,0,0,27,0,36,11,0,47,0,63,11,0,74,8,0,8,82
12/19/2015,ENA,AK,AAL,WE,Federal Contract Tower,0,15,0,0,15,0,20,3,0,23,0,35,3,0,38,2,0,2,40
12/20/2015,ENA,AK,AAL,WE,Federal Contract Tower,0,14,0,0,14,0,12,5,0,17,0,26,5,0,31,6,0,6,37
12/21/2015,ENA,AK,AAL,WE,Federal Contract Tower,0,29,0,0,29,0,38,7,2,47,0,67,7,2,76,0,0,0,76
12/22/2015,ENA,AK,AAL,WE,Federal Contract Tower,0,55,8,0,63,0,11,2,0,13,0,66,10,0,76,0,2,2,78
12/23/2015,ENA,AK,AAL,WE,Federal Contract Tower,0,32,0,0,32,0,52,12,6,70,0,84,12,6,102,10,4,14,116
12/24/2015,ENA,AK,AAL,WE,Federal Contract Tower,0,33,0,0,33,0,31,3,0,34,0,64,3,0,67,8,0,8,75
12/25/2015,ENA,AK,AAL,WE,Federal Contract Tower,0,11,0,0,11,0,0,2,0,2,0,11,2,0,13,8,0,8,21
12/26/2015,ENA,AK,AAL,WE,Federal Contract Tower,0,14,0,0,14,0,12,4,0,16,0,26,4,0,30,8,0,8,38
12/27/2015,ENA,AK,AAL,WE,Federal Contract Tower,0,14,0,0,14,0,13,7,0,20,0,27,7,0,34,8,0,8,42
12/28/2015,ENA,AK,AAL,WE,Federal Contract Tower,0,35,0,0,35,0,29,2,0,31,0,64,2,0,66,0,0,0,66
12/29/2015,ENA,AK,AAL,WE,Federal Contract Tower,0,18,0,0,18,0,38,2,0,40,0,56,2,0,58,2,0,2,60
12/30/2015,ENA,AK,AAL,WE,Federal Contract Tower,0,23,0,4,27,0,31,0,0,31,0,54,0,4,58,8,0,8,66
12/31/2015,ENA,AK,AAL,WE,Federal Contract Tower,0,26,0,0,26,0,33,2,0,35,0,59,2,0,61,8,0,8,69
01/01/2016,ENA,AK,AAL,WE,Federal Contract Tower,0,11,0,0,11,0,6,2,0,8,0,17,2,0,19,0,0,0,19
01/02/2016,ENA,AK,AAL,WE,Federal Contract Tower,0,14,0,0,14,0,15,5,0,20,0,29,5,0,34,8,0,8,42
01/03/2016,ENA,AK,AAL,WE,Federal Contract Tower,0,16,0,0,16,0,14,4,0,18,0,30,4,0,34,0,0,0,34
01/04/2016,ENA,AK,AAL,WE,Federal Contract Tower,0,22,0,0,22,0,41,9,0,50,0,63,9,0,72,8,0,8,80
01/05/2016,ENA,AK,AAL,WE,Federal Contract Tower,0,23,2,0,25,0,49,16,0,65,0,72,18,0,90,38,4,42,132
01/06/2016,ENA,AK,AAL,WE,Federal Contract Tower,0,26,0,0,26,0,61,9,4,74,0,87,9,4,100,14,52,66,166
01/07/2016,ENA,AK,AAL,WE,Federal Contract Tower,0,23,0,0,23,0,52,21,0,73,0,75,21,0,96,52,8,60,156
01/08/2016,ENA,AK,AAL,WE,Federal Contract Tower,0,24,0,0,24,0,53,14,0,67,0,77,14,0,91,14,0,14,105
01/09/2016,ENA,AK,AAL,WE,Federal Contract Tower,0,13,1,0,14,0,12,2,0,14,0,25,3,0,28,0,0,0,28
01/10/2016,ENA,AK,AAL,WE,Federal Contract Tower,0,14,1,0,15,0,13,0,0,13,0,27,1,0,28,0,0,0,28
01/11/2016,ENA,AK,AAL,WE,Federal Contract Tower,0,24,2,0,26,0,39,3,0,42,0,63,5,0,68,50,0,50,118
01/12/2016,ENA,AK,AAL,WE,Federal Contract Tower,0,50,3,0,53,0,12,3,0,15,0,62,6,0,68,4,12,16,84
01/13/2016,ENA,AK,AAL,WE,Federal Contract Tower,0,62,4,0,66,0,0,0,0,0,0,62,4,0,66,0,0,0,66
01/14/2016,ENA,AK,AAL,WE,Federal Contract Tower,0,53,0,0,53,0,34,9,0,43,0,87,9,0,96,2,0,2,98
01/15/2016,ENA,AK,AAL,WE,Federal Contract Tower,0,26,0,0,26,0,52,2,6,60,0,78,2,6,86,0,16,16,102
01/16/2016,ENA,AK,AAL,WE,Federal Contract Tower,0,13,2,0,15,0,20,7,0,27,0,33,9,0,42,22,0,22,64
01/17/2016,ENA,AK,AAL,WE,Federal Contract Tower,0,20,1,0,21,0,21,7,0,28,0,41,8,0,49,2,0,2,51
01/18/2016,ENA,AK,AAL,WE,Federal Contract Tower,0,20,0,0,20,0,50,9,0,59,0,70,9,0,79,14,0,14,93
01/19/2016,ENA,AK,AAL,WE,Federal Contract Tower,0,24,0,0,24,0,68,11,0,79,0,92,11,0,103,18,24,42,145
01/20/2016,ENA,AK,AAL,WE,Federal Contract Tower,0,21,0,0,21,0,58,3,0,61,0,79,3,0,82,16,10,26,108
01/21/2016,ENA,AK,AAL,WE,Federal Contract Tower,0,24,0,3,27,0,55,20,2,77,0,79,20,5,104,32,56,88,192
01/22/2016,ENA,AK,AAL,WE,Federal Contract Tower,0,27,1,0,28,4,42,14,0,60,4,69,15,0,88,24,22,46,134
01/23/2016,ENA,AK,AAL,WE,Federal Contract Tower,0,18,0,0,18,4,17,4,0,25,4,35,4,0,43,14,0,14,57
01/24/2016,ENA,AK,AAL,WE,Federal Contract Tower,0,17,0,0,17,0,28,2,0,30,0,45,2,0,47,12,0,12,59
01/25/2016,ENA,AK,AAL,WE,Federal Contract Tower,0,20,0,0,20,0,54,23,0,77,0,74,23,0,97,36,0,36,133
01/26/2016,ENA,AK,AAL,WE,Federal Contract Tower,0,24,2,0,26,0,71,16,0,87,0,95,18,0,113,18,34,52,165
01/27/2016,ENA,AK,AAL,WE,Federal Contract Tower,0,22,0,0,22,0,46,3,0,49,0,68,3,0,71,0,0,0,71
01/28/2016,ENA,AK,AAL,WE,Federal Contract Tower,0,56,2,1,59,0,31,0,1,32,0,87,2,2,91,6,12,18,109
01/29/2016,ENA,AK,AAL,WE,Federal Contract Tower,0,25,0,0,25,0,67,9,0,76,0,92,9,0,101,32,4,36,137
01/30/2016,ENA,AK,AAL,WE,Federal Contract Tower,6,26,0,1,33,0,14,11,1,26,6,40,11,2,59,10,0,10,69
01/31/2016,ENA,AK,AAL,WE,Federal Contract Tower,0,14,2,0,16,0,22,19,0,41,0,36,21,0,57,10,0,10,67
02/01/2016,ENA,AK,AAL,WE,Federal Contract Tower,0,21,0,0,21,0,46,6,0,52,0,67,6,0,73,8,0,8,81
02/02/2016,ENA,AK,AAL,WE,Federal Contract Tower,0,25,0,0,25,0,66,9,0,75,0,91,9,0,100,26,16,42,142
02/03/2016,ENA,AK,AAL,WE,Federal Contract Tower,0,26,0,0,26,2,49,2,0,53,2,75,2,0,79,4,8,12,91
02/04/2016,ENA,AK,AAL,WE,Federal Contract Tower,0,24,1,0,25,0,49,3,6,58,0,73,4,6,83,0,16,16,99
02/05/2016,ENA,AK,AAL,WE,Federal Contract Tower,0,41,0,0,41,0,35,1,0,36,0,76,1,0,77,0,16,16,93
02/06/2016,ENA,AK,AAL,WE,Federal Contract Tower,0,18,1,2,21,0,15,2,0,17,0,33,3,2,38,0,0,0,38
02/07/2016,ENA,AK,AAL,WE,Federal Contract Tower,0,13,2,0,15,0,25,10,0,35,0,38,12,0,50,8,0,8,58
02/08/2016,ENA,AK,AAL,WE,Federal Contract Tower,0,22,0,3,25,0,40,14,0,54,0,62,14,3,79,22,16,38,117
02/09/2016,ENA,AK,AAL,WE,Federal Contract Tower,0,23,1,0,24,0,65,10,0,75,0,88,11,0,99,54,4,58,157
02/10/2016,ENA,AK,AAL,WE,Federal Contract Tower,0,26,0,0,26,0,55,4,0,59,0,81,4,0,85,0,0,0,85
02/11/2016,ENA,AK,AAL,WE,Federal Contract Tower,0,22,0,0,22,0,58,6,0,64,0,80,6,0,86,6,0,6,92
02/12/2016,ENA,AK,AAL,WE,Federal Contract Tower,0,30,0,0,30,0,47,6,2,55,0,77,6,2,85,14,14,28,113
02/13/2016,ENA,AK,AAL,WE,Federal Contract Tower,0,16,0,0,16,0,23,17,0,40,0,39,17,0,56,34,0,34,90
02/14/2016,ENA,AK,AAL,WE,Federal Contract Tower,0,13,0,0,13,0,13,4,0,17,0,26,4,0,30,16,0,16,46
02/15/2016,ENA,AK,AAL,WE,Federal Contract Tower,0,22,1,0,23,0,47,17,0,64,0,69,18,0,87,24,0,24,111
02/16/2016,ENA,AK,AAL,WE,Federal Contract Tower,0,24,0,0,24,0,65,24,0,89,0,89,24,0,113,68,0,68,181
02/17/2016,ENA,AK,AAL,WE,Federal Contract Tower,1,31,0,0,32,0,54,17,0,71,1,85,17,0,103,28,8,36,139
02/18/2016,ENA,AK,AAL,WE,Federal Contract Tower,0,24,0,0,24,0,60,14,0,74,0,84,14,0,98,30,6,36,134
02/19/2016,ENA,AK,AAL,WE,Federal Contract Tower,0,24,0,0,24,0,46,9,0,55,0,70,9,0,79,26,0,26,105
02/20/2016,ENA,AK,AAL,WE,Federal Contract Tower,0,11,0,0,11,0,0,0,0,0,0,11,0,0,11,26,0,26,37
02/21/2016,ENA,AK,AAL,WE,Federal Contract Tower,0,18,0,0,18,0,9,0,0,9,0,27,0,0,27,0,0,0,27
02/22/2016,ENA,AK,AAL,WE,Federal Contract Tower,0,23,9,0,32,0,57,9,0,66,0,80,18,0,98,24,0,24,122
02/23/2016,ENA,AK,AAL,WE,Federal Contract Tower,0,25,0,0,25,0,55,1,0,56,0,80,1,0,81,36,16,52,133
02/24/2016,ENA,AK,AAL,WE,Federal Contract Tower,0,24,0,4,28,0,50,4,0,54,0,74,4,4,82,10,16,26,108
02/25/2016,ENA,AK,AAL,WE,Federal Contract Tower,0,22,0,6,28,0,51,5,0,56,0,73,5,6,84,28,14,42,126
02/26/2016,ENA,AK,AAL,WE,Federal Contract Tower,0,25,0,0,25,0,65,12,0,77,0,90,12,0,102,34,0,34,136
02/27/2016,ENA,AK,AAL,WE,Federal Contract Tower,0,14,2,0,16,0,32,11,0,43,0,46,13,0,59,26,0,26,85
02/28/2016,ENA,AK,AAL,WE,Federal Contract Tower,0,13,0,0,13,0,23,4,0,27,0,36,4,0,40,26,0,26,66
02/29/2016,ENA,AK,AAL,WE,Federal Contract Tower,0,21,0,0,21,0,57,8,0,65,0,78,8,0,86,26,30,56,142
03/01/2016,ENA,AK,AAL,WE,Federal Contract Tower,0,25,2,2,29,0,59,10,4,73,0,84,12,6,102,26,78,104,206
03/02/2016,ENA,AK,AAL,WE,Federal Contract Tower,0,26,1,0,27,0,56,25,0,81,0,82,26,0,108,14,0,14,122
03/03/2016,ENA,AK,AAL,WE,Federal Contract Tower,0,26,5,2,33,3,50,16,2,71,3,76,21,4,104,16,0,16,120
03/04/2016,ENA,AK,AAL,WE,Federal Contract Tower,4,42,3,1,50,11,23,7,1,42,15,65,10,2,92,0,6,6,98
03/05/2016,ENA,AK,AAL,WE,Federal Contract Tower,0,16,0,0,16,0,16,1,0,17,0,32,1,0,33,10,0,10,43
03/06/2016,ENA,AK,AAL,WE,Federal Contract Tower,0,13,0,0,13,0,17,15,0,32,0,30,15,0,45,32,0,32,77
03/07/2016,ENA,AK,AAL,WE,Federal Contract Tower,0,23,0,3,26,0,38,7,1,46,0,61,7,4,72,0,24,24,96
03/08/2016,ENA,AK,AAL,WE,Federal Contract Tower,0,28,0,0,28,0,47,9,0,56,0,75,9,0,84,12,0,12,96
03/09/2016,ENA,AK,AAL,WE,Federal Contract Tower,0,27,0,0,27,0,40,12,2,54,0,67,12,2,81,28,0,28,109
03/10/2016,ENA,AK,AAL,WE,Federal Contract Tower,0,22,0,0,22,2,76,14,0,92,2,98,14,0,114,12,0,12,126
03/11/2016,ENA,AK,AAL,WE,Federal Contract Tower,0,23,0,0,23,0,49,5,0,54,0,72,5,0,77,4,0,4,81
03/12/2016,ENA,AK,AAL,WE,Federal Contract Tower,0,13,0,0,13,0,25,25,0,50,0,38,25,0,63,54,0,54,117
03/13/2016,ENA,AK,AAL,WE,Federal Contract Tower,0,15,0,0,15,0,18,12,0,30,0,33,12,0,45,34,6,40,85
03/14/2016,ENA,AK,AAL,WE,Federal Contract Tower,0,21,0,0,21,0,51,21,0,72,0,72,21,0,93,10,10,20,113
03/15/2016,ENA,AK,AAL,WE,Federal Contract Tower,0,25,0,1,26,0,60,18,2,80,0,85,18,3,106,20,6,26,132
03/16/2016,ENA,AK,AAL,WE,Federal Contract Tower,0,25,0,4,29,0,42,12,2,56,0,67,12,6,85,20,20,40,125
03/17/2016,ENA,AK,AAL,WE,Federal Contract Tower,0,27,0,1,28,0,61,11,1,73,0,88,11,2,101,20,0,20,121
03/18/2016,ENA,AK,AAL,WE,Federal Contract Tower,0,22,0,0,22,0,35,18,0,53,0,57,18,0,75,16,0,16,91
03/19/2016,ENA,AK,AAL,WE,Federal Contract Tower,0,22,0,0,22,0,11,10,0,21,0,33,10,0,43,10,0,10,53
03/20/2016,ENA,AK,AAL,WE,Federal Contract Tower,0,19,1,0,20,0,24,9,0,33,0,43,10,0,53,26,0,26,79
03/21/2016,ENA,AK,AAL,WE,Federal Contract Tower,0,22,0,1,23,0,61,3,2,66,0,83,3,3,89,12,0,12,101
03/22/2016,ENA,AK,AAL,WE,Federal Contract Tower,0,25,0,0,25,0,40,6,0,46,0,65,6,0,71,34,0,34,105
03/23/2016,ENA,AK,AAL,WE,Federal Contract Tower,0,22,0,2,24,0,52,13,5,70,0,74,13,7,94,20,14,34,128
03/24/2016,ENA,AK,AAL,WE,Federal Contract Tower,0,23,4,0,27,0,48,8,0,56,0,71,12,0,83,32,8,40,123
03/25/2016,ENA,AK,AAL,WE,Federal Contract Tower,0,27,0,0,27,0,42,10,0,52,0,69,10,0,79,14,0,14,93
03/26/2016,ENA,AK,AAL,WE,Federal Contract Tower,0,19,0,0,19,0,10,8,0,18,0,29,8,0,37,2,0,2,39
03/27/2016,ENA,AK,AAL,WE,Federal Contract Tower,0,18,0,0,18,0,11,8,0,19,0,29,8,0,37,4,0,4,41
03/28/2016,ENA,AK,AAL,WE,Federal Contract Tower,0,42,0,0,42,0,14,2,0,16,0,56,2,0,58,14,0,14,72
03/29/2016,ENA,AK,AAL,WE,Federal Contract Tower,0,42,0,2,44,0,17,2,0,19,0,59,2,2,63,0,0,0,63
03/30/2016,ENA,AK,AAL,WE,Federal Contract Tower,0,27,2,0,29,0,56,7,0,63,0,83,9,0,92,10,0,10,102
03/31/2016,ENA,AK,AAL,WE,Federal Contract Tower,0,23,0,0,23,0,55,12,0,67,0,78,12,0,90,20,0,20,110
04/01/2016,ENA,AK,AAL,WE,Federal Contract Tower,0,23,0,0,23,0,44,10,2,56,0,67,10,2,79,30,6,36,115
04/02/2016,ENA,AK,AAL,WE,Federal Contract Tower,0,13,0,0,13,0,23,16,0,39,0,36,16,0,52,12,0,12,64
04/03/2016,ENA,AK,AAL,WE,Federal Contract Tower,0,13,0,0,13,0,16,16,0,32,0,29,16,0,45,10,0,10,55
04/04/2016,ENA,AK,AAL,WE,Federal Contract Tower,0,21,1,0,22,0,50,17,2,69,0,71,18,2,91,48,0,48,139
04/05/2016,ENA,AK,AAL,WE,Federal Contract Tower,1,23,2,4,30,0,54,15,2,71,1,77,17,6,101,34,14,48,149
04/06/2016,ENA,AK,AAL,WE,Federal Contract Tower,0,22,0,0,22,12,51,13,0,76,12,73,13,0,98,2,4,6,104
04/07/2016,ENA,AK,AAL,WE,Federal Contract Tower,0,22,2,0,24,10,58,8,0,76,10,80,10,0,100,30,0,30,130
04/08/2016,ENA,AK,AAL,WE,Federal Contract Tower,0,22,0,0,22,9,54,36,4,103,9,76,36,4,125,28,2,30,155
04/09/2016,ENA,AK,AAL,WE,Federal Contract Tower,0,16,0,0,16,5,17,4,0,26,5,33,4,0,42,24,0,24,66
04/10/2016,ENA,AK,AAL,WE,Federal Contract Tower,0,13,0,0,13,0,12,6,0,18,0,25,6,0,31,16,0,16,47
04/11/2016,ENA,AK,AAL,WE,Federal Contract Tower,0,22,0,0,22,13,50,16,2,81,13,72,16,2,103,20,0,20,123
04/12/2016,ENA,AK,AAL,WE,Federal Contract Tower,0,25,0,0,25,3,56,21,6,86,3,81,21,6,111,26,40,66,177
04/13/2016,ENA,AK,AAL,WE,Federal Contract Tower,0,25,1,0,26,14,62,15,0,91,14,87,16,0,117,34,14,48,165
04/14/2016,ENA,AK,AAL,WE,Federal Contract Tower,0,24,0,0,24,4,65,21,0,90,4,89,21,0,114,16,26,42,156
04/15/2016,ENA,AK,AAL,WE,Federal Contract Tower,0,27,3,0,30,3,60,16,0,79,3,87,19,0,109,58,0,58,167
04/16/2016,ENA,AK,AAL,WE,Federal Contract Tower,0,12,0,0,12,0,31,14,0,45,0,43,14,0,57,8,0,8,65
04/17/2016,ENA,AK,AAL,WE,Federal Contract Tower,0,14,5,0,19,0,23,20,1,44,0,37,25,1,63,4,0,4,67
04/18/2016,ENA,AK,AAL,WE,Federal Contract Tower,0,20,1,2,23,1,59,16,8,84,1,79,17,10,107,16,2,18,125
04/19/2016,ENA,AK,AAL,WE,Federal Contract Tower,0,21,0,2,23,0,63,21,4,88,0,84,21,6,111,56,0,56,167
04/20/2016,ENA,AK,AAL,WE,Federal Contract Tower,0,24,0,4,28,1,52,23,2,78,1,76,23,6,106,12,0,12,118
04/21/2016,ENA,AK,AAL,WE,Federal Contract Tower,0,22,2,2,26,1,63,36,4,104,1,85,38,6,130,58,30,88,218
04/22/2016,ENA,AK,AAL,WE,Federal Contract Tower,0,25,0,1,26,1,50,14,2,67,1,75,14,3,93,28,10,38,131
04/23/2016,ENA,AK,AAL,WE,Federal Contract Tower,0,13,0,0,13,2,24,24,0,50,2,37,24,0,63,14,0,14,77
04/24/2016,ENA,AK,AAL,WE,Federal Contract Tower,2,14,0,0,16,0,21,14,0,35,2,35,14,0,51,18,0,18,69
04/25/2016,ENA,AK,AAL,WE,Federal Contract Tower,0,24,0,0,24,0,50,13,0,63,0,74,13,0,87,6,18,24,111
04/26/2016,ENA,AK,AAL,WE,Federal Contract Tower,0,23,4,0,27,0,49,8,0,57,0,72,12,0,84,6,10,16,100
04/27/2016,ENA,AK,AAL,WE,Federal Contract Tower,0,24,0,0,24,0,51,6,3,60,0,75,6,3,84,14,8,22,106
04/28/2016,ENA,AK,AAL,WE,Federal Contract Tower,0,24,0,2,26,4,52,8,0,64,4,76,8,2,90,36,10,46,136
04/29/2016,ENA,AK,AAL,WE,Federal Contract Tower,0,24,0,0,24,0,39,18,0,57,0,63,18,0,81,26,0,26,107
04/30/2016,ENA,AK,AAL,WE,Federal Contract Tower,0,16,2,0,18,0,14,1,0,15,0,30,3,0,33,2,0,2,35
05/01/2016,ENA,AK,AAL,WE,Federal Contract Tower,0,20,0,0,20,0,43,16,0,59,0,63,16,0,79,4,0,4,83
05/02/2016,ENA,AK,AAL,WE,Federal Contract Tower,0,23,0,0,23,0,50,19,9,78,0,73,19,9,101,8,32,40,141
05/03/2016,ENA,AK,AAL,WE,Federal Contract Tower,0,26,0,0,26,0,57,20,0,77,0,83,20,0,103,32,0,32,135
05/04/2016,ENA,AK,AAL,WE,Federal Contract Tower,0,29,0,2,31,0,71,15,0,86,0,100,15,2,117,46,0,46,163
05/05/2016,ENA,AK,AAL,WE,Federal Contract Tower,0,24,0,0,24,0,69,8,2,79,0,93,8,2,103,18,4,22,125
05/06/2016,ENA,AK,AAL,WE,Federal Contract Tower,0,25,0,0,25,0,56,26,0,82,0,81,26,0,107,46,0,46,153
05/07/2016,ENA,AK,AAL,WE,Federal Contract Tower,0,16,0,0,16,0,23,19,0,42,0,39,19,0,58,10,0,10,68
05/08/2016,ENA,AK,AAL,WE,Federal Contract Tower,0,22,2,0,24,0,13,3,0,16,0,35,5,0,40,0,0,0,40
05/09/2016,ENA,AK,AAL,WE,Federal Contract Tower,0,34,5,0,39,0,50,2,0,52,0,84,7,0,91,2,0,2,93
05/10/2016,ENA,AK,AAL,WE,Federal Contract Tower,0,26,4,0,30,0,64,30,0,94,0,90,34,0,124,34,0,34,158
05/11/2016,ENA,AK,AAL,WE,Federal Contract Tower,0,36,1,4,41,0,47,11,2,60,0,83,12,6,101,26,2,28,129
05/12/2016,ENA,AK,AAL,WE,Federal Contract Tower,0,23,3,0,26,2,68,22,0,92,2,91,25,0,118,36,18,54,172
05/13/2016,ENA,AK,AAL,WE,Federal Contract Tower,0,27,2,0,29,0,57,34,0,91,0,84,36,0,120,44,6,50,170
05/14/2016,ENA,AK,AAL,WE,Federal Contract Tower,0,21,0,0,21,0,40,31,0,71,0,61,31,0,92,28,0,28,120
05/15/2016,ENA,AK,AAL,WE,Federal Contract Tower,0,16,0,0,16,0,17,26,0,43,0,33,26,0,59,32,0,32,91
05/16/2016,ENA,AK,AAL,WE,Federal Contract Tower,0,21,4,1,26,0,48,11,2,61,0,69,15,3,87,24,16,40,127
05/17/2016,ENA,AK,AAL,WE,Federal Contract Tower,0,26,0,3,29,0,50,10,2,62,0,76,10,5,91,20,12,32,123
05/18/2016,ENA,AK,AAL,WE,Federal Contract Tower,0,29,0,0,29,0,75,11,0,86,0,104,11,0,115,32,4,36,151
05/19/2016,ENA,AK,AAL,WE,Federal Contract Tower,0,29,2,0,31,0,61,12,0,73,0,90,14,0,104,16,0,16,120
05/20/2016,ENA,AK,AAL,WE,Federal Contract Tower,0,34,0,0,34,28,43,4,0,75,28,77,4,0,109,46,0,46,155
05/21/2016,ENA,AK,AAL,WE,Federal Contract Tower,0,29,1,0,30,0,6,12,0,18,0,35,13,0,48,4,0,4,52
05/22/2016,ENA,AK,AAL,WE,Federal Contract Tower,0,16,1,0,17,0,23,17,0,40,0,39,18,0,57,26,0,26,83
05/23/2016,ENA,AK,AAL,WE,Federal Contract Tower,0,23,0,0,23,4,49,14,0,67,4,72,14,0,90,16,0,16,106
05/24/2016,ENA,AK,AAL,WE,Federal Contract Tower,0,24,0,0,24,1,56,17,0,74,1,80,17,0,98,18,0,18,116
05/25/2016,ENA,AK,AAL,WE,Federal Contract Tower,0,29,2,0,31,0,76,13,2,91,0,105,15,2,122,14,16,30,152
05/26/2016,ENA,AK,AAL,WE,Federal Contract Tower,0,26,0,0,26,1,73,15,0,89,1,99,15,0,115,10,0,10,125
05/27/2016,ENA,AK,AAL,WE,Federal Contract Tower,0,31,0,0,31,0,61,13,0,74,0,92,13,0,105,18,0,18,123
05/28/2016,ENA,AK,AAL,WE,Federal Contract Tower,0,18,0,0,18,0,36,14,0,50,0,54,14,0,68,6,0,6,74
05/29/2016,ENA,AK,AAL,WE,Federal Contract Tower,0,14,0,0,14,0,34,17,0,51,0,48,17,0,65,10,0,10,75
05/30/2016,ENA,AK,AAL,WE,Federal Contract Tower,0,21,0,0,21,0,50,12,0,62,0,71,12,0,83,6,0,6,89
05/31/2016,ENA,AK,AAL,WE,Federal Contract Tower,0,27,3,0,30,0,64,15,0,79,0,91,18,0,109,4,4,8,117
06/01/2016,ENA,AK,AAL,WE,Federal Contract Tower,0,26,0,0,26,2,71,18,0,91,2,97,18,0,117,12,0,12,129
06/02/2016,ENA,AK,AAL,WE,Federal Contract Tower,0,24,0,2,26,3,74,13,0,90,3,98,13,2,116,10,22,32,148
06/03/2016,ENA,AK,AAL,WE,Federal Contract Tower,0,30,0,5,35,1,60,16,1,78,1,90,16,6,113,8,2,10,123
06/04/2016,ENA,AK,AAL,WE,Federal Contract Tower,0,18,0,0,18,0,39,13,0,52,0,57,13,0,70,4,0,4,74
06/05/2016,ENA,AK,AAL,WE,Federal Contract Tower,0,16,0,0,16,0,20,6,0,26,0,36,6,0,42,6,0,6,48
06/06/2016,ENA,AK,AAL,WE,Federal Contract Tower,0,57,1,0,58,0,54,3,0,57,0,111,4,0,115,0,0,0,115
06/07/2016,ENA,AK,AAL,WE,Federal Contract Tower,0,29,0,0,29,8,55,26,0,89,8,84,26,0,118,10,4,14,132
06/08/2016,ENA,AK,AAL,WE,Federal Contract Tower,0,29,2,0,31,2,87,25,0,114,2,116,27,0,145,8,0,8,153
06/09/2016,ENA,AK,AAL,WE,Federal Contract Tower,0,27,0,0,27,2,66,20,2,90,2,93,20,2,117,20,4,24,141
06/10/2016,ENA,AK,AAL,WE,Federal Contract Tower,0,27,2,3,32,0,52,17,3,72,0,79,19,6,104,30,2,32,136
06/11/2016,ENA,AK,AAL,WE,Federal Contract Tower,0,24,13,1,38,0,25,40,1,66,0,49,53,2,104,16,2,18,122
06/12/2016,ENA,AK,AAL,WE,Federal Contract Tower,0,19,0,0,19,0,32,20,0,52,0,51,20,0,71,6,0,6,77
06/13/2016,ENA,AK,AAL,WE,Federal Contract Tower,0,29,1,0,30,4,62,22,0,88,4,91,23,0,118,20,0,20,138
06/14/2016,ENA,AK,AAL,WE,Federal Contract Tower,0,29,0,0,29,0,64,18,0,82,0,93,18,0,111,2,2,4,115
06/15/2016,ENA,AK,AAL,WE,Federal Contract Tower,0,27,1,0,28,0,73,28,0,101,0,100,29,0,129,32,0,32,161
06/16/2016,ENA,AK,AAL,WE,Federal Contract Tower,0,29,1,0,30,0,77,23,0,100,0,106,24,0,130,34,0,34,164
06/17/2016,ENA,AK,AAL,WE,Federal Contract Tower,0,39,1,0,40,0,65,22,0,87,0,104,23,0,127,36,0,36,163
06/18/2016,ENA,AK,AAL,WE,Federal Contract Tower,0,18,0,0,18,0,17,18,0,35,0,35,18,0,53,18,0,18,71
06/19/2016,ENA,AK,AAL,WE,Federal Contract Tower,0,23,0,0,23,0,28,7,0,35,0,51,7,0,58,4,0,4,62
06/20/2016,ENA,AK,AAL,WE,Federal Contract Tower,0,36,2,0,38,0,77,34,2,113,0,113,36,2,151,22,0,22,173
06/21/2016,ENA,AK,AAL,WE,Federal Contract Tower,0,30,5,0,35,0,68,35,0,103,0,98,40,0,138,14,0,14,152
06/22/2016,ENA,AK,AAL,WE,Federal Contract Tower,0,28,0,2,30,0,65,29,0,94,0,93,29,2,124,10,0,10,134
06/23/2016,ENA,AK,AAL,WE,Federal Contract Tower,0,31,0,0,31,4,70,28,0,102,4,101,28,0,133,4,22,26,159
06/24/2016,ENA,AK,AAL,WE,Federal Contract Tower,0,46,1,0,47,3,51,14,0,68,3,97,15,0,115,18,0,18,133
06/25/2016,ENA,AK,AAL,WE,Federal Contract Tower,0,19,2,0,21,5,40,33,0,78,5,59,35,0,99,82,0,82,181
06/26/2016,ENA,AK,AAL,WE,Federal Contract Tower,0,18,4,0,22,0,41,36,0,77,0,59,40,0,99,12,0,12,111
06/27/2016,ENA,AK,AAL,WE,Federal Contract Tower,0,28,2,0,30,5,81,27,0,113,5,109,29,0,143,12,16,28,171
06/28/2016,ENA,AK,AAL,WE,Federal Contract Tower,0,28,5,0,33,0,80,14,0,94,0,108,19,0,127,20,0,20,147
06/29/2016,ENA,AK,AAL,WE,Federal Contract Tower,0,29,1,0,30,1,69,17,0,87,1,98,18,0,117,16,0,16,133
06/30/2016,ENA,AK,AAL,WE,Federal Contract Tower,0,30,1,0,31,0,69,20,0,89,0,99,21,0,120,16,18,34,154
07/01/2016,ENA,AK,AAL,WE,Federal Contract Tower,2,44,2,0,48,2,47,15,0,64,4,91,17,0,112,4,0,4,116
07/02/2016,ENA,AK,AAL,WE,Federal Contract Tower,0,30,6,0,36,0,14,16,0,30,0,44,22,0,66,4,0,4,70
07/03/2016,ENA,AK,AAL,WE,Federal Contract Tower,0,29,2,0,31,0,57,17,0,74,0,86,19,0,105,0,0,0,105
07/04/2016,ENA,AK,AAL,WE,Federal Contract Tower,0,19,1,0,20,0,36,22,0,58,0,55,23,0,78,8,0,8,86
07/05/2016,ENA,AK,AAL,WE,Federal Contract Tower,0,63,2,0,65,1,40,3,0,44,1,103,5,0,109,2,0,2,111
07/06/2016,ENA,AK,AAL,WE,Federal Contract Tower,0,70,6,0,76,1,31,7,2,41,1,101,13,2,117,6,0,6,123
07/07/2016,ENA,AK,AAL,WE,Federal Contract Tower,0,36,2,0,38,2,72,20,3,97,2,108,22,3,135,38,2,40,175
07/08/2016,ENA,AK,AAL,WE,Federal Contract Tower,0,28,4,0,32,0,68,30,0,98,0,96,34,0,130,28,0,28,158
07/09/2016,ENA,AK,AAL,WE,Federal Contract Tower,0,23,0,0,23,0,38,27,0,65,0,61,27,0,88,12,0,12,100
07/10/2016,ENA,AK,AAL,WE,Federal Contract Tower,0,18,2,0,20,4,30,25,0,59,4,48,27,0,79,6,0,6,85
07/11/2016,ENA,AK,AAL,WE,Federal Contract Tower,0,28,0,0,28,1,78,27,0,106,1,106,27,0,134,8,0,8,142
07/12/2016,ENA,AK,AAL,WE,Federal Contract Tower,0,30,0,0,30,0,72,35,0,107,0,102,35,0,137,8,0,8,145
07/13/2016,ENA,AK,AAL,WE,Federal Contract Tower,0,32,3,0,35,0,77,27,0,104,0,109,30,0,139,10,0,10,149
07/14/2016,ENA,AK,AAL,WE,Federal Contract Tower,0,29,1,0,30,0,82,24,0,106,0,111,25,0,136,44,0,44,180
07/15/2016,ENA,AK,AAL,WE,Federal Contract Tower,0,32,0,0,32,0,72,20,0,92,0,104,20,0,124,12,0,12,136
07/16/2016,ENA,AK,AAL,WE,Federal Contract Tower,0,22,2,0,24,0,33,39,0,72,0,55,41,0,96,10,12,22,118
07/17/2016,ENA,AK,AAL,WE,Federal Contract Tower,0,23,0,0,23,6,38,29,0,73,6,61,29,0,96,10,0,10,106
07/18/2016,ENA,AK,AAL,WE,Federal Contract Tower,0,27,2,0,29,6,78,29,0,113,6,105,31,0,142,10,14,24,166
07/19/2016,ENA,AK,AAL,WE,Federal Contract Tower,0,26,4,0,30,0,96,39,8,143,0,122,43,8,173,20,14,34,207
07/20/2016,ENA,AK,AAL,WE,Federal Contract Tower,0,31,3,0,34,0,86,32,0,118,0,117,35,0,152,16,0,16,168
07/21/2016,ENA,AK,AAL,WE,Federal Contract Tower,0,37,5,2,44,0,65,22,2,89,0,102,27,4,133,14,20,34,167
07/22/2016,ENA,AK,AAL,WE,Federal Contract Tower,0,51,9,8,68,0,47,17,0,64,0,98,26,8,132,12,28,40,172
07/23/2016,ENA,AK,AAL,WE,Federal Contract Tower,0,23,0,0,23,0,30,30,0,60,0,53,30,0,83,4,0,4,87
07/24/2016,ENA,AK,AAL,WE,Federal Contract Tower,0,34,3,1,38,0,30,11,0,41,0,64,14,1,79,0,10,10,89
07/25/2016,ENA,AK,AAL,WE,Federal Contract Tower,0,48,6,0,54,0,42,16,0,58,0,90,22,0,112,14,0,14,126
07/27/2016,ENA,AK,AAL,WE,Federal Contract Tower,0,28,1,2,31,1,75,26,1,103,1,103,27,3,134,14,2,16,150
07/28/2016,ENA,AK,AAL,WE,Federal Contract Tower,0,39,0,1,40,0,70,13,3,86,0,109,13,4,126,6,6,12,138
07/29/2016,ENA,AK,AAL,WE,Federal Contract Tower,0,32,1,0,33,2,65,22,0,89,2,97,23,0,122,10,0,10,132
07/30/2016,ENA,AK,AAL,WE,Federal Contract Tower,0,22,0,0,22,0,42,10,0,52,0,64,10,0,74,20,0,20,94
07/31/2016,ENA,AK,AAL,WE,Federal Contract Tower,0,22,2,0,24,0,44,21,0,65,0,66,23,0,89,6,0,6,95
08/01/2016,ENA,AK,AAL,WE,Federal Contract Tower,0,31,0,0,31,1,61,21,2,85,1,92,21,2,116,14,0,14,130
08/02/2016,ENA,AK,AAL,WE,Federal Contract Tower,0,37,4,0,41,0,71,21,0,92,0,108,25,0,133,32,0,32,165
08/03/2016,ENA,AK,AAL,WE,Federal Contract Tower,0,29,2,3,34,4,88,20,1,113,4,117,22,4,147,8,30,38,185
08/04/2016,ENA,AK,AAL,WE,Federal Contract Tower,0,65,4,0,69,0,14,1,0,15,0,79,5,0,84,6,0,6,90
08/05/2016,ENA,AK,AAL,WE,Federal Contract Tower,0,71,1,0,72,0,26,9,0,35,0,97,10,0,107,24,0,24,131
08/06/2016,ENA,AK,AAL,WE,Federal Contract Tower,0,32,1,0,33,0,20,10,0,30,0,52,11,0,63,10,0,10,73
08/07/2016,ENA,AK,AAL,WE,Federal Contract Tower,0,38,6,1,45,0,18,6,1,25,0,56,12,2,70,22,0,22,92
08/08/2016,ENA,AK,AAL,WE,Federal Contract Tower,0,62,6,1,69,0,30,7,0,37,0,92,13,1,106,8,2,10,116
08/09/2016,ENA,AK,AAL,WE,Federal Contract Tower,0,27,0,0,27,2,96,16,0,114,2,123,16,0,141,68,54,122,263
08/10/2016,ENA,AK,AAL,WE,Federal Contract Tower,2,35,0,0,37,2,68,17,0,87,4,103,17,0,124,16,0,16,140
08/11/2016,ENA,AK,AAL,WE,Federal Contract Tower,3,57,0,0,60,2,36,13,0,51,5,93,13,0,111,14,0,14,125
08/12/2016,ENA,AK,AAL,WE,Federal Contract Tower,0,59,1,0,60,4,39,14,0,57,4,98,15,0,117,20,0,20,137
08/13/2016,ENA,AK,AAL,WE,Federal Contract Tower,0,22,2,0,24,0,49,21,0,70,0,71,23,0,94,10,0,10,104
08/14/2016,ENA,AK,AAL,WE,Federal Contract Tower,0,22,5,0,27,0,56,14,0,70,0,78,19,0,97,16,0,16,113
08/15/2016,ENA,AK,AAL,WE,Federal Contract Tower,0,27,1,0,28,7,77,27,0,111,7,104,28,0,139,14,18,32,171
08/16/2016,ENA,AK,AAL,WE,Federal Contract Tower,0,30,0,0,30,0,71,13,0,84,0,101,13,0,114,36,44,80,194
08/17/2016,ENA,AK,AAL,WE,Federal Contract Tower,0,35,1,0,36,0,78,18,0,96,0,113,19,0,132,20,8,28,160
08/18/2016,ENA,AK,AAL,WE,Federal Contract Tower,0,29,1,1,31,4,81,32,1,118,4,110,33,2,149,46,0,46,195
08/19/2016,ENA,AK,AAL,WE,Federal Contract Tower,0,34,2,0,36,3,67,27,0,97,3,101,29,0,133,14,0,14,147
08/20/2016,ENA,AK,AAL,WE,Federal Contract Tower,0,22,1,0,23,0,30,20,0,50,0,52,21,0,73,22,0,22,95
08/21/2016,ENA,AK,AAL,WE,Federal Contract Tower,0,21,1,0,22,0,32,14,0,46,0,53,15,0,68,34,4,38,106
08/22/2016,ENA,AK,AAL,WE,Federal Contract Tower,0,32,2,0,34,0,58,9,0,67,0,90,11,0,101,14,0,14,115
08/23/2016,ENA,AK,AAL,WE,Federal Contract Tower,0,29,0,0,29,1,57,18,0,76,1,86,18,0,105,26,0,26,131
08/24/2016,ENA,AK,AAL,WE,Federal Contract Tower,0,32,1,1,34,0,69,11,2,82,0,101,12,3,116,56,30,86,202
08/25/2016,ENA,AK,AAL,WE,Federal Contract Tower,0,54,1,0,55,0,21,6,0,27,0,75,7,0,82,16,0,16,98
08/26/2016,ENA,AK,AAL,WE,Federal Contract Tower,0,41,3,0,44,1,34,17,0,52,1,75,20,0,96,30,0,30,126
08/27/2016,ENA,AK,AAL,WE,Federal Contract Tower,0,18,0,0,18,3,53,36,0,92,3,71,36,0,110,38,0,38,148
08/28/2016,ENA,AK,AAL,WE,Federal Contract Tower,0,18,1,0,19,0,39,10,0,49,0,57,11,0,68,8,0,8,76
08/29/2016,ENA,AK,AAL,WE,Federal Contract Tower,0,24,0,0,24,0,79,24,0,103,0,103,24,0,127,38,4,42,169
08/30/2016,ENA,AK,AAL,WE,Federal Contract Tower,0,25,0,0,25,0,72,22,0,94,0,97,22,0,119,54,20,74,193
08/31/2016,ENA,AK,AAL,WE,Federal Contract Tower,0,24,0,0,24,0,77,29,0,106,0,101,29,0,130,25,2,27,157
09/01/2016,ENA,AK,AAL,WE,Federal Contract Tower,0,27,2,0,29,0,72,22,0,94,0,99,24,0,123,18,18,36,159
09/02/2016,ENA,AK,AAL,WE,Federal Contract Tower,0,29,1,0,30,0,54,29,0,83,0,83,30,0,113,10,0,10,123
09/03/2016,ENA,AK,AAL,WE,Federal Contract Tower,0,18,0,0,18,0,31,13,0,44,0,49,13,0,62,0,0,0,62
09/04/2016,ENA,AK,AAL,WE,Federal Contract Tower,0,23,0,0,23,0,17,3,0,20,0,40,3,0,43,0,0,0,43
09/05/2016,ENA,AK,AAL,WE,Federal Contract Tower,0,51,3,0,54,0,26,6,0,32,0,77,9,0,86,0,0,0,86
09/06/2016,ENA,AK,AAL,WE,Federal Contract Tower,0,61,0,0,61,0,36,3,0,39,0,97,3,0,100,2,0,2,102
09/07/2016,ENA,AK,AAL,WE,Federal Contract Tower,0,28,0,0,28,0,60,28,0,88,0,88,28,0,116,16,10,26,142
09/08/2016,ENA,AK,AAL,WE,Federal Contract Tower,0,29,0,0,29,1,67,34,0,102,1,96,34,0,131,16,12,28,159
09/09/2016,ENA,AK,AAL,WE,Federal Contract Tower,0,28,0,0,28,5,71,16,0,92,5,99,16,0,120,8,0,8,128
09/10/2016,ENA,AK,AAL,WE,Federal Contract Tower,0,18,0,0,18,4,28,33,0,65,4,46,33,0,83,28,0,28,111
09/11/2016,ENA,AK,AAL,WE,Federal Contract Tower,0,23,0,0,23,0,31,5,0,36,0,54,5,0,59,4,0,4,63
09/12/2016,ENA,AK,AAL,WE,Federal Contract Tower,0,27,3,0,30,0,57,10,0,67,0,84,13,0,97,4,0,4,101
09/13/2016,ENA,AK,AAL,WE,Federal Contract Tower,0,26,0,0,26,3,85,28,0,116,3,111,28,0,142,28,12,40,182
09/14/2016,ENA,AK,AAL,WE,Federal Contract Tower,0,29,0,0,29,1,82,13,0,96,1,111,13,0,125,30,18,48,173
09/15/2016,ENA,AK,AAL,WE,Federal Contract Tower,0,36,9,0,45,2,61,20,0,83,2,97,29,0,128,4,0,4,132
09/16/2016,ENA,AK,AAL,WE,Federal Contract Tower,0,32,1,0,33,0,40,20,0,60,0,72,21,0,93,0,0,0,93
09/17/2016,ENA,AK,AAL,WE,Federal Contract Tower,0,22,0,0,22,0,28,27,0,55,0,50,27,0,77,4,0,4,81
09/18/2016,ENA,AK,AAL,WE,Federal Contract Tower,0,18,2,0,20,0,41,24,0,65,0,59,26,0,85,4,0,4,89
09/19/2016,ENA,AK,AAL,WE,Federal Contract Tower,0,25,0,0,25,6,59,38,10,113,6,84,38,10,138,22,22,44,182
09/20/2016,ENA,AK,AAL,WE,Federal Contract Tower,0,26,0,0,26,0,61,5,0,66,0,87,5,0,92,18,0,18,110
09/21/2016,ENA,AK,AAL,WE,Federal Contract Tower,0,36,0,0,36,0,49,7,0,56,0,85,7,0,92,8,0,8,100
09/22/2016,ENA,AK,AAL,WE,Federal Contract Tower,0,48,1,0,49,0,49,5,0,54,0,97,6,0,103,6,0,6,109
09/23/2016,ENA,AK,AAL,WE,Federal Contract Tower,0,30,5,2,37,2,76,20,0,98,2,106,25,2,135,20,0,20,155
09/24/2016,ENA,AK,AAL,WE,Federal Contract Tower,0,20,3,0,23,0,32,22,0,54,0,52,25,0,77,6,0,6,83
09/25/2016,ENA,AK,AAL,WE,Federal Contract Tower,0,17,0,0,17,0,33,17,0,50,0,50,17,0,67,2,0,2,69
09/26/2016,ENA,AK,AAL,WE,Federal Contract Tower,0,26,0,0,26,3,66,33,0,102,3,92,33,0,128,6,2,8,136
09/27/2016,ENA,AK,AAL,WE,Federal Contract Tower,0,30,1,3,34,6,66,28,3,103,6,96,29,6,137,44,44,88,225
09/28/2016,ENA,AK,AAL,WE,Federal Contract Tower,0,32,1,0,33,6,76,24,0,106,6,108,25,0,139,42,14,56,195
09/29/2016,ENA,AK,AAL,WE,Federal Contract Tower,0,28,0,0,28,5,62,19,0,86,5,90,19,0,114,18,30,48,162
09/30/2016,ENA,AK,AAL,WE,Federal Contract Tower,0,28,1,0,29,0,62,29,0,91,0,90,30,0,120,30,0,30,150
10/01/2016,ENA,AK,AAL,WE,Federal Contract Tower,0,16,0,0,16,0,25,11,0,36,0,41,11,0,52,0,0,0,52
10/02/2016,ENA,AK,AAL,WE,Federal Contract Tower,0,15,1,0,16,0,21,0,0,21,0,36,1,0,37,2,10,12,49
10/03/2016,ENA,AK,AAL,WE,Federal Contract Tower,0,26,1,0,27,0,56,10,0,66,0,82,11,0,93,16,2,18,111
10/04/2016,ENA,AK,AAL,WE,Federal Contract Tower,0,27,0,0,27,0,53,15,0,68,0,80,15,0,95,8,0,8,103
10/05/2016,ENA,AK,AAL,WE,Federal Contract Tower,0,30,4,0,34,2,66,21,3,92,2,96,25,3,126,14,10,24,150
10/06/2016,ENA,AK,AAL,WE,Federal Contract Tower,0,27,0,0,27,2,64,22,0,88,2,91,22,0,115,34,0,34,149
10/07/2016,ENA,AK,AAL,WE,Federal Contract Tower,0,26,0,0,26,0,44,23,0,67,0,70,23,0,93,16,0,16,109
10/08/2016,ENA,AK,AAL,WE,Federal Contract Tower,0,17,0,2,19,0,25,18,0,43,0,42,18,2,62,12,0,12,74
10/09/2016,ENA,AK,AAL,WE,Federal Contract Tower,0,15,0,0,15,0,23,8,0,31,0,38,8,0,46,0,0,0,46
10/10/2016,ENA,AK,AAL,WE,Federal Contract Tower,0,23,0,0,23,0,51,16,0,67,0,74,16,0,90,22,0,22,112
10/11/2016,ENA,AK,AAL,WE,Federal Contract Tower,0,24,0,0,24,0,56,6,0,62,0,80,6,0,86,10,6,16,102
10/12/2016,ENA,AK,AAL,WE,Federal Contract Tower,0,28,0,4,32,0,65,10,0,75,0,93,10,4,107,4,14,18,125
10/13/2016,ENA,AK,AAL,WE,Federal Contract Tower,0,31,2,0,33,2,65,10,0,77,2,96,12,0,110,4,8,12,122
10/14/2016,ENA,AK,AAL,WE,Federal Contract Tower,0,20,0,4,24,4,46,9,2,61,4,66,9,6,85,20,14,34,119
10/15/2016,ENA,AK,AAL,WE,Federal Contract Tower,0,15,0,0,15,0,27,10,0,37,0,42,10,0,52,14,0,14,66
10/16/2016,ENA,AK,AAL,WE,Federal Contract Tower,0,16,0,0,16,0,18,1,0,19,0,34,1,0,35,0,0,0,35
10/17/2016,ENA,AK,AAL,WE,Federal Contract Tower,0,35,0,0,35,0,46,0,0,46,0,81,0,0,81,18,0,18,99
10/18/2016,ENA,AK,AAL,WE,Federal Contract Tower,0,25,0,0,25,2,51,10,0,63,2,76,10,0,88,19,8,27,115
10/19/2016,ENA,AK,AAL,WE,Federal Contract Tower,0,26,0,4,30,2,67,7,0,76,2,93,7,4,106,20,20,40,146
10/20/2016,ENA,AK,AAL,WE,Federal Contract Tower,0,27,0,5,32,0,67,14,2,83,0,94,14,7,115,36,16,52,167
10/21/2016,ENA,AK,AAL,WE,Federal Contract Tower,0,33,1,0,34,0,43,11,0,54,0,76,12,0,88,18,0,18,106
10/22/2016,ENA,AK,AAL,WE,Federal Contract Tower,0,16,0,0,16,0,18,11,0,29,0,34,11,0,45,22,0,22,67
10/23/2016,ENA,AK,AAL,WE,Federal Contract Tower,0,13,2,0,15,0,27,16,0,43,0,40,18,0,58,0,8,8,66
10/24/2016,ENA,AK,AAL,WE,Federal Contract Tower,0,24,0,0,24,0,60,16,0,76,0,84,16,0,100,18,0,18,118
10/25/2016,ENA,AK,AAL,WE,Federal Contract Tower,0,23,0,0,23,2,64,18,0,84,2,87,18,0,107,28,4,32,139
10/26/2016,ENA,AK,AAL,WE,Federal Contract Tower,0,23,2,1,26,0,59,18,0,77,0,82,20,1,103,18,22,40,143
10/27/2016,ENA,AK,AAL,WE,Federal Contract Tower,0,27,0,0,27,0,42,17,0,59,0,69,17,0,86,28,20,48,134
10/28/2016,ENA,AK,AAL,WE,Federal Contract Tower,0,22,0,0,22,0,43,14,2,59,0,65,14,2,81,34,2,36,117
10/29/2016,ENA,AK,AAL,WE,Federal Contract Tower,0,17,0,0,17,0,19,2,0,21,0,36,2,0,38,8,0,8,46
10/30/2016,ENA,AK,AAL,WE,Federal Contract Tower,0,17,1,0,18,0,15,6,0,21,0,32,7,0,39,0,0,0,39
10/31/2016,ENA,AK,AAL,WE,Federal Contract Tower,0,21,0,0,21,0,48,3,0,51,0,69,3,0,72,16,0,16,88
11/01/2016,ENA,AK,AAL,WE,Federal Contract Tower,0,24,1,1,26,2,48,1,1,52,2,72,2,2,78,20,8,28,106
11/02/2016,ENA,AK,AAL,WE,Federal Contract Tower,0,31,0,0,31,0,42,7,0,49,0,73,7,0,80,6,0,6,86
11/03/2016,ENA,AK,AAL,WE,Federal Contract Tower,0,26,2,0,28,0,62,13,0,75,0,88,15,0,103,14,0,14,117
11/04/2016,ENA,AK,AAL,WE,Federal Contract Tower,0,34,6,1,41,0,39,14,1,54,0,73,20,2,95,18,16,34,129
11/05/2016,ENA,AK,AAL,WE,Federal Contract Tower,0,18,0,0,18,0,25,4,0,29,0,43,4,0,47,2,0,2,49
11/06/2016,ENA,AK,AAL,WE,Federal Contract Tower,0,20,0,0,20,0,21,2,0,23,0,41,2,0,43,2,0,2,45
11/07/2016,ENA,AK,AAL,WE,Federal Contract Tower,0,61,0,0,61,0,7,5,0,12,0,68,5,0,73,0,0,0,73
11/08/2016,ENA,AK,AAL,WE,Federal Contract Tower,0,26,0,0,26,0,62,7,2,71,0,88,7,2,97,42,0,42,139
11/09/2016,ENA,AK,AAL,WE,Federal Contract Tower,0,31,2,0,33,1,66,6,0,73,1,97,8,0,106,10,0,10,116
11/10/2016,ENA,AK,AAL,WE,Federal Contract Tower,0,28,0,8,36,0,47,5,0,52,0,75,5,8,88,10,4,14,102
11/11/2016,ENA,AK,AAL,WE,Federal Contract Tower,0,26,0,0,26,0,49,3,0,52,0,75,3,0,78,4,0,4,82
11/12/2016,ENA,AK,AAL,WE,Federal Contract Tower,0,16,0,0,16,0,18,8,0,26,0,34,8,0,42,14,0,14,56
11/13/2016,ENA,AK,AAL,WE,Federal Contract Tower,0,16,0,0,16,0,26,2,0,28,0,42,2,0,44,20,0,20,64
11/14/2016,ENA,AK,AAL,WE,Federal Contract Tower,0,22,0,0,22,0,53,4,1,58,0,75,4,1,80,20,2,22,102
11/15/2016,ENA,AK,AAL,WE,Federal Contract Tower,0,32,0,0,32,0,52,1,0,53,0,84,1,0,85,0,0,0,85
11/16/2016,ENA,AK,AAL,WE,Federal Contract Tower,0,24,1,1,26,0,58,8,0,66,0,82,9,1,92,26,2,28,120
11/17/2016,ENA,AK,AAL,WE,Federal Contract Tower,0,39,1,0,40,0,38,2,0,40,0,77,3,0,80,8,0,8,88
11/18/2016,ENA,AK,AAL,WE,Federal Contract Tower,0,19,0,0,19,0,45,8,0,53,0,64,8,0,72,16,0,16,88
11/19/2016,ENA,AK,AAL,WE,Federal Contract Tower,0,16,1,0,17,0,35,5,0,40,0,51,6,0,57,34,0,34,91
11/20/2016,ENA,AK,AAL,WE,Federal Contract Tower,0,15,1,0,16,0,23,12,0,35,0,38,13,0,51,18,0,18,69
11/21/2016,ENA,AK,AAL,WE,Federal Contract Tower,1,21,0,0,22,3,53,4,2,62,4,74,4,2,84,4,0,4,88
11/22/2016,ENA,AK,AAL,WE,Federal Contract Tower,0,27,1,0,28,2,47,8,0,57,2,74,9,0,85,74,12,86,171
11/23/2016,ENA,AK,AAL,WE,Federal Contract Tower,0,29,1,0,30,2,54,14,0,70,2,83,15,0,100,16,0,16,116
11/24/2016,ENA,AK,AAL,WE,Federal Contract Tower,0,10,0,0,10,0,9,2,0,11,0,19,2,0,21,18,0,18,39
11/25/2016,ENA,AK,AAL,WE,Federal Contract Tower,0,49,0,0,49,0,16,2,0,18,0,65,2,0,67,14,0,14,81
11/26/2016,ENA,AK,AAL,WE,Federal Contract Tower,0,22,1,0,23,0,17,10,0,27,0,39,11,0,50,40,0,40,90
11/27/2016,ENA,AK,AAL,WE,Federal Contract Tower,0,20,0,0,20,0,20,3,0,23,0,40,3,0,43,14,0,14,57
11/28/2016,ENA,AK,AAL,WE,Federal Contract Tower,0,25,2,1,28,2,57,16,0,75,2,82,18,1,103,42,8,50,153
11/29/2016,ENA,AK,AAL,WE,Federal Contract Tower,0,25,4,0,29,1,51,8,0,60,1,76,12,0,89,42,0,42,131
11/30/2016,ENA,AK,AAL,WE,Federal Contract Tower,0,29,0,2,31,0,52,0,0,52,0,81,0,2,83,0,8,8,91
12/01/2016,ENA,AK,AAL,WE,Federal Contract Tower,0,49,0,0,49,0,13,6,0,19,0,62,6,0,68,24,0,24,92
12/02/2016,ENA,AK,AAL,WE,Federal Contract Tower,0,36,0,0,36,0,43,7,0,50,0,79,7,0,86,12,28,40,126
12/03/2016,ENA,AK,AAL,WE,Federal Contract Tower,0,16,3,0,19,0,20,6,0,26,0,36,9,0,45,6,0,6,51
12/04/2016,ENA,AK,AAL,WE,Federal Contract Tower,0,16,1,0,17,0,19,7,0,26,0,35,8,0,43,30,0,30,73
12/05/2016,ENA,AK,AAL,WE,Federal Contract Tower,0,28,0,0,28,0,51,6,0,57,0,79,6,0,85,12,0,12,97
12/06/2016,ENA,AK,AAL,WE,Federal Contract Tower,0,22,0,0,22,2,74,14,0,90,2,96,14,0,112,16,0,16,128
12/07/2016,ENA,AK,AAL,WE,Federal Contract Tower,0,30,1,0,31,0,41,10,0,51,0,71,11,0,82,6,16,22,104
12/08/2016,ENA,AK,AAL,WE,Federal Contract Tower,0,28,2,2,32,0,60,7,4,71,0,88,9,6,103,16,38,54,157
12/09/2016,ENA,AK,AAL,WE,Federal Contract Tower,0,25,0,1,26,0,59,16,0,75,0,84,16,1,101,16,34,50,151
12/10/2016,ENA,AK,AAL,WE,Federal Contract Tower,0,15,0,0,15,9,23,15,1,48,9,38,15,1,63,38,4,42,105
12/11/2016,ENA,AK,AAL,WE,Federal Contract Tower,2,17,0,0,19,1,18,2,5,26,3,35,2,5,45,6,0,6,51
12/12/2016,ENA,AK,AAL,WE,Federal Contract Tower,0,32,4,1,37,0,29,12,0,41,0,61,16,1,78,0,44,44,122
12/13/2016,ENA,AK,AAL,WE,Federal Contract Tower,0,35,0,1,36,0,42,5,0,47,0,77,5,1,83,8,6,14,97
12/14/2016,ENA,AK,AAL,WE,Federal Contract Tower,0,28,2,0,30,0,56,13,0,69,0,84,15,0,99,18,0,18,117
12/15/2016,ENA,AK,AAL,WE,Federal Contract Tower,0,48,0,1,49,2,43,4,0,49,2,91,4,1,98,24,10,34,132
12/16/2016,ENA,AK,AAL,WE,Federal Contract Tower,0,28,3,0,31,0,19,1,0,20,0,47,4,0,51,0,0,0,51
12/17/2016,ENA,AK,AAL,WE,Federal Contract Tower,0,23,0,0,23,0,16,3,0,19,0,39,3,0,42,0,0,0,42
12/18/2016,ENA,AK,AAL,WE,Federal Contract Tower,0,16,2,0,18,0,27,3,0,30,0,43,5,0,48,0,0,0,48
12/19/2016,ENA,AK,AAL,WE,Federal Contract Tower,0,45,0,0,45,0,21,1,0,22,0,66,1,0,67,0,0,0,67
12/20/2016,ENA,AK,AAL,WE,Federal Contract Tower,0,45,2,0,47,0,7,0,0,7,0,52,2,0,54,0,0,0,54
12/21/2016,ENA,AK,AAL,WE,Federal Contract Tower,0,49,1,0,50,0,25,0,0,25,0,74,1,0,75,0,0,0,75
12/22/2016,ENA,AK,AAL,WE,Federal Contract Tower,0,31,0,0,31,2,51,12,0,65,2,82,12,0,96,18,4,22,118
12/23/2016,ENA,AK,AAL,WE,Federal Contract Tower,0,31,0,0,31,1,16,4,0,21,1,47,4,0,52,10,0,10,62
12/24/2016,ENA,AK,AAL,WE,Federal Contract Tower,0,18,0,0,18,0,18,0,0,18,0,36,0,0,36,0,0,0,36
12/25/2016,ENA,AK,AAL,WE,Federal Contract Tower,0,0,0,0,0,0,0,2,0,2,0,0,2,0,2,0,0,0,2
12/26/2016,ENA,AK,AAL,WE,Federal Contract Tower,0,28,0,0,28,0,38,3,0,41,0,66,3,0,69,0,0,0,69
12/27/2016,ENA,AK,AAL,WE,Federal Contract Tower,0,47,0,0,47,0,10,1,0,11,0,57,1,0,58,4,0,4,62
12/28/2016,ENA,AK,AAL,WE,Federal Contract Tower,0,43,0,0,43,0,38,6,0,44,0,81,6,0,87,10,26,36,123
12/29/2016,ENA,AK,AAL,WE,Federal Contract Tower,0,28,1,0,29,0,59,5,0,64,0,87,6,0,93,14,0,14,107
12/30/2016,ENA,AK,AAL,WE,Federal Contract Tower,0,38,1,0,39,0,15,6,0,21,0,53,7,0,60,8,0,8,68
12/31/2016,ENA,AK,AAL,WE,Federal Contract Tower,0,14,0,0,14,0,20,2,0,22,0,34,2,0,36,0,0,0,36
01/01/2017,ENA,AK,AAL,WE,Federal Contract Tower,0,11,0,0,11,0,5,5,0,10,0,16,5,0,21,0,0,0,21
01/02/2017,ENA,AK,AAL,WE,Federal Contract Tower,0,39,0,0,39,0,26,6,0,32,0,65,6,0,71,16,0,16,87
01/03/2017,ENA,AK,AAL,WE,Federal Contract Tower,0,36,0,0,36,0,24,11,0,35,0,60,11,0,71,18,0,18,89
01/04/2017,ENA,AK,AAL,WE,Federal Contract Tower,0,49,0,0,49,2,38,3,0,43,2,87,3,0,92,12,22,34,126
01/05/2017,ENA,AK,AAL,WE,Federal Contract Tower,0,29,0,0,29,2,35,2,0,39,2,64,2,0,68,10,16,26,94
01/06/2017,ENA,AK,AAL,WE,Federal Contract Tower,0,24,2,0,26,0,42,16,0,58,0,66,18,0,84,12,0,12,96
01/07/2017,ENA,AK,AAL,WE,Federal Contract Tower,0,17,0,0,17,0,8,5,0,13,0,25,5,0,30,10,0,10,40
01/08/2017,ENA,AK,AAL,WE,Federal Contract Tower,0,15,1,0,16,0,14,12,0,26,0,29,13,0,42,6,0,6,48
01/09/2017,ENA,AK,AAL,WE,Federal Contract Tower,0,21,0,0,21,0,38,9,0,47,0,59,9,0,68,48,0,48,116
01/10/2017,ENA,AK,AAL,WE,Federal Contract Tower,6,41,0,0,47,0,48,12,0,60,6,89,12,0,107,28,0,28,135
01/11/2017,ENA,AK,AAL,WE,Federal Contract Tower,0,40,0,0,40,0,25,1,0,26,0,65,1,0,66,0,0,0,66
01/12/2017,ENA,AK,AAL,WE,Federal Contract Tower,0,48,5,0,53,0,6,2,0,8,0,54,7,0,61,0,0,0,61
01/13/2017,ENA,AK,AAL,WE,Federal Contract Tower,0,47,0,0,47,0,7,5,0,12,0,54,5,0,59,2,0,2,61
01/14/2017,ENA,AK,AAL,WE,Federal Contract Tower,0,23,0,0,23,0,16,2,0,18,0,39,2,0,41,4,0,4,45
01/15/2017,ENA,AK,AAL,WE,Federal Contract Tower,0,24,1,0,25,0,9,4,0,13,0,33,5,0,38,6,0,6,44
01/16/2017,ENA,AK,AAL,WE,Federal Contract Tower,0,41,2,0,43,0,7,1,0,8,0,48,3,0,51,0,0,0,51
01/17/2017,ENA,AK,AAL,WE,Federal Contract Tower,0,32,0,0,32,0,43,10,0,53,0,75,10,0,85,4,0,4,89
01/18/2017,ENA,AK,AAL,WE,Federal Contract Tower,0,34,3,1,38,0,35,2,0,37,0,69,5,1,75,0,8,8,83
01/19/2017,ENA,AK,AAL,WE,Federal Contract Tower,6,46,0,0,52,0,29,1,0,30,6,75,1,0,82,0,6,6,88
01/20/2017,ENA,AK,AAL,WE,Federal Contract Tower,0,40,2,0,42,0,7,0,0,7,0,47,2,0,49,0,0,0,49
01/21/2017,ENA,AK,AAL,WE,Federal Contract Tower,0,19,2,0,21,0,3,1,0,4,0,22,3,0,25,0,0,0,25
01/22/2017,ENA,AK,AAL,WE,Federal Contract Tower,0,21,0,0,21,0,8,10,0,18,0,29,10,0,39,2,0,2,41
01/23/2017,ENA,AK,AAL,WE,Federal Contract Tower,0,45,0,4,49,0,17,1,0,18,0,62,1,4,67,2,12,14,81
01/24/2017,ENA,AK,AAL,WE,Federal Contract Tower,0,43,0,0,43,0,35,0,0,35,0,78,0,0,78,10,0,10,88
01/25/2017,ENA,AK,AAL,WE,Federal Contract Tower,0,34,0,3,37,0,47,6,0,53,0,81,6,3,90,16,12,28,118
01/26/2017,ENA,AK,AAL,WE,Federal Contract Tower,0,23,0,1,24,0,24,4,1,29,0,47,4,2,53,26,12,38,91
01/27/2017,ENA,AK,AAL,WE,Federal Contract Tower,1,43,2,0,46,6,27,10,0,43,7,70,12,0,89,34,0,34,123
01/28/2017,ENA,AK,AAL,WE,Federal Contract Tower,0,17,0,0,17,0,2,5,0,7,0,19,5,0,24,18,0,18,42
01/29/2017,ENA,AK,AAL,WE,Federal Contract Tower,0,16,0,0,16,0,20,21,0,41,0,36,21,0,57,2,0,2,59
01/30/2017,ENA,AK,AAL,WE,Federal Contract Tower,0,23,0,0,23,0,48,24,1,73,0,71,24,1,96,34,4,38,134
01/31/2017,ENA,AK,AAL,WE,Federal Contract Tower,0,34,0,0,34,0,33,9,0,42,0,67,9,0,76,16,0,16,92
02/01/2017,ENA,AK,AAL,WE,Federal Contract Tower,0,28,3,1,32,2,53,9,0,64,2,81,12,1,96,30,10,40,136
02/02/2017,ENA,AK,AAL,WE,Federal Contract Tower,0,31,5,1,37,3,37,11,1,52,3,68,16,2,89,20,22,42,131
02/03/2017,ENA,AK,AAL,WE,Federal Contract Tower,0,36,2,0,38,0,42,11,0,53,0,78,13,0,91,26,0,26,117
02/04/2017,ENA,AK,AAL,WE,Federal Contract Tower,0,12,0,0,12,0,20,19,2,41,0,32,19,2,53,24,0,24,77
02/05/2017,ENA,AK,AAL,WE,Federal Contract Tower,0,19,0,0,19,0,8,6,0,14,0,27,6,0,33,4,0,4,37
02/06/2017,ENA,AK,AAL,WE,Federal Contract Tower,3,39,2,0,44,0,30,5,0,35,3,69,7,0,79,38,0,38,117
02/07/2017,ENA,AK,AAL,WE,Federal Contract Tower,0,50,2,0,52,0,30,6,0,36,0,80,8,0,88,28,0,28,116
02/08/2017,ENA,AK,AAL,WE,Federal Contract Tower,0,45,0,2,47,0,27,7,0,34,0,72,7,2,81,12,8,20,101
02/09/2017,ENA,AK,AAL,WE,Federal Contract Tower,0,43,0,0,43,0,24,7,0,31,0,67,7,0,74,4,0,4,78
02/10/2017,ENA,AK,AAL,WE,Federal Contract Tower,0,45,0,1,46,0,6,7,0,13,0,51,7,1,59,6,2,8,67
02/11/2017,ENA,AK,AAL,WE,Federal Contract Tower,0,16,1,0,17,0,11,9,0,20,0,27,10,0,37,16,0,16,53
02/12/2017,ENA,AK,AAL,WE,Federal Contract Tower,0,28,0,0,28,0,9,0,0,9,0,37,0,0,37,0,0,0,37
02/13/2017,ENA,AK,AAL,WE,Federal Contract Tower,0,41,0,0,41,0,8,0,0,8,0,49,0,0,49,0,0,0,49
02/14/2017,ENA,AK,AAL,WE,Federal Contract Tower,0,21,3,0,24,0,40,10,0,50,0,61,13,0,74,0,0,0,74
02/15/2017,ENA,AK,AAL,WE,Federal Contract Tower,0,38,2,0,40,0,34,16,1,51,0,72,18,1,91,30,10,40,131
02/16/2017,ENA,AK,AAL,WE,Federal Contract Tower,1,23,0,1,25,1,32,2,0,35,2,55,2,1,60,0,8,8,68
02/17/2017,ENA,AK,AAL,WE,Federal Contract Tower,0,49,1,0,50,0,15,7,0,22,0,64,8,0,72,0,0,0,72
02/18/2017,ENA,AK,AAL,WE,Federal Contract Tower,0,28,0,0,28,0,3,13,0,16,0,31,13,0,44,12,0,12,56
02/19/2017,ENA,AK,AAL,WE,Federal Contract Tower,0,25,0,0,25,0,14,8,0,22,0,39,8,0,47,30,0,30,77
02/20/2017,ENA,AK,AAL,WE,Federal Contract Tower,0,39,0,0,39,1,36,8,2,47,1,75,8,2,86,34,0,34,120
02/21/2017,ENA,AK,AAL,WE,Federal Contract Tower,0,31,1,2,34,3,56,6,0,65,3,87,7,2,99,40,6,46,145
02/22/2017,ENA,AK,AAL,WE,Federal Contract Tower,0,46,0,0,46,1,25,8,0,34,1,71,8,0,80,6,0,6,86
02/23/2017,ENA,AK,AAL,WE,Federal Contract Tower,1,51,1,2,55,3,30,7,6,46,4,81,8,8,101,16,0,16,117
02/24/2017,ENA,AK,AAL,WE,Federal Contract Tower,0,47,1,0,48,0,0,0,0,0,0,47,1,0,48,0,0,0,48
02/25/2017,ENA,AK,AAL,WE,Federal Contract Tower,2,18,0,0,20,0,13,7,0,20,2,31,7,0,40,0,0,0,40
02/26/2017,ENA,AK,AAL,WE,Federal Contract Tower,0,25,0,0,25,0,0,0,0,0,0,25,0,0,25,0,0,0,25
02/27/2017,ENA,AK,AAL,WE,Federal Contract Tower,1,58,1,0,60,0,4,5,0,9,1,62,6,0,69,6,0,6,75
02/28/2017,ENA,AK,AAL,WE,Federal Contract Tower,1,27,0,0,28,0,58,5,2,65,1,85,5,2,93,38,14,52,145
03/01/2017,ENA,AK,AAL,WE,Federal Contract Tower,2,26,5,0,33,3,34,8,0,45,5,60,13,0,78,14,12,26,104
03/02/2017,ENA,AK,AAL,WE,Federal Contract Tower,0,20,3,1,24,2,41,12,0,55,2,61,15,1,79,18,16,34,113
03/03/2017,ENA,AK,AAL,WE,Federal Contract Tower,0,18,0,0,18,0,38,8,2,48,0,56,8,2,66,18,2,20,86
03/04/2017,ENA,AK,AAL,WE,Federal Contract Tower,1,14,2,0,17,0,14,13,0,27,1,28,15,0,44,6,0,6,50
03/05/2017,ENA,AK,AAL,WE,Federal Contract Tower,0,13,1,0,14,0,21,26,0,47,0,34,27,0,61,24,0,24,85
03/06/2017,ENA,AK,AAL,WE,Federal Contract Tower,0,20,2,0,22,0,53,10,0,63,0,73,12,0,85,34,0,34,119
03/07/2017,ENA,AK,AAL,WE,Federal Contract Tower,0,26,0,2,28,6,52,11,0,69,6,78,11,2,97,16,16,32,129
03/08/2017,ENA,AK,AAL,WE,Federal Contract Tower,0,24,0,1,25,8,48,9,1,66,8,72,9,2,91,8,10,18,109
03/09/2017,ENA,AK,AAL,WE,Federal Contract Tower,0,21,2,0,23,3,64,10,0,77,3,85,12,0,100,14,0,14,114
03/10/2017,ENA,AK,AAL,WE,Federal Contract Tower,0,24,2,0,26,5,52,25,0,82,5,76,27,0,108,50,2,52,160
03/11/2017,ENA,AK,AAL,WE,Federal Contract Tower,0,13,2,0,15,4,18,8,1,31,4,31,10,1,46,18,6,24,70
03/12/2017,ENA,AK,AAL,WE,Federal Contract Tower,0,19,3,0,22,0,23,15,0,38,0,42,18,0,60,94,0,94,154
03/13/2017,ENA,AK,AAL,WE,Federal Contract Tower,0,23,0,0,23,2,49,6,0,57,2,72,6,0,80,60,0,60,140
03/14/2017,ENA,AK,AAL,WE,Federal Contract Tower,0,21,0,0,21,0,41,6,0,47,0,62,6,0,68,8,0,8,76
03/15/2017,ENA,AK,AAL,WE,Federal Contract Tower,0,19,0,0,19,0,47,10,0,57,0,66,10,0,76,14,0,14,90
03/16/2017,ENA,AK,AAL,WE,Federal Contract Tower,0,21,1,0,22,0,65,14,0,79,0,86,15,0,101,0,2,2,103
03/17/2017,ENA,AK,AAL,WE,Federal Contract Tower,0,22,1,0,23,0,44,21,0,65,0,66,22,0,88,62,0,62,150
03/18/2017,ENA,AK,AAL,WE,Federal Contract Tower,0,13,2,0,15,0,22,13,0,35,0,35,15,0,50,18,0,18,68
03/19/2017,ENA,AK,AAL,WE,Federal Contract Tower,0,15,0,0,15,0,24,18,0,42,0,39,18,0,57,6,0,6,63
03/20/2017,ENA,AK,AAL,WE,Federal Contract Tower,0,21,1,0,22,0,42,20,0,62,0,63,21,0,84,32,0,32,116
03/21/2017,ENA,AK,AAL,WE,Federal Contract Tower,0,23,1,0,24,0,52,21,0,73,0,75,22,0,97,38,0,38,135
03/22/2017,ENA,AK,AAL,WE,Federal Contract Tower,0,24,1,0,25,0,45,20,0,65,0,69,21,0,90,34,42,76,166
03/23/2017,ENA,AK,AAL,WE,Federal Contract Tower,0,20,1,3,24,3,47,15,0,65,3,67,16,3,89,32,10,42,131
03/24/2017,ENA,AK,AAL,WE,Federal Contract Tower,0,18,0,0,18,2,47,22,0,71,2,65,22,0,89,40,2,42,131
03/25/2017,ENA,AK,AAL,WE,Federal Contract Tower,0,15,0,0,15,0,20,11,2,33,0,35,11,2,48,10,6,16,64
03/26/2017,ENA,AK,AAL,WE,Federal Contract Tower,0,15,2,0,17,0,16,12,4,32,0,31,14,4,49,6,0,6,55
03/27/2017,ENA,AK,AAL,WE,Federal Contract Tower,0,21,0,0,21,2,42,16,2,62,2,63,16,2,83,70,10,80,163
03/28/2017,ENA,AK,AAL,WE,Federal Contract Tower,0,52,4,0,56,0,8,0,0,8,0,60,4,0,64,0,0,0,64
03/29/2017,ENA,AK,AAL,WE,Federal Contract Tower,0,50,2,0,52,6,24,13,0,43,6,74,15,0,95,16,0,16,111
03/30/2017,ENA,AK,AAL,WE,Federal Contract Tower,0,26,0,2,28,4,44,13,0,61,4,70,13,2,89,12,2,14,103
03/31/2017,ENA,AK,AAL,WE,Federal Contract Tower,0,35,5,0,40,0,23,5,0,28,0,58,10,0,68,12,0,12,80
04/01/2017,ENA,AK,AAL,WE,Federal Contract Tower,0,13,0,0,13,0,13,9,0,22,0,26,9,0,35,44,0,44,79
04/02/2017,ENA,AK,AAL,WE,Federal Contract Tower,0,25,3,0,28,0,16,4,0,20,0,41,7,0,48,0,0,0,48
04/03/2017,ENA,AK,AAL,WE,Federal Contract Tower,0,20,2,0,22,0,57,3,0,60,0,77,5,0,82,18,0,18,100
04/04/2017,ENA,AK,AAL,WE,Federal Contract Tower,0,27,1,0,28,0,50,7,0,57,0,77,8,0,85,6,0,6,91
04/05/2017,ENA,AK,AAL,WE,Federal Contract Tower,0,24,1,0,25,0,44,12,0,56,0,68,13,0,81,22,4,26,107
04/06/2017,ENA,AK,AAL,WE,Federal Contract Tower,0,23,0,0,23,11,54,9,0,74,11,77,9,0,97,10,0,10,107
04/07/2017,ENA,AK,AAL,WE,Federal Contract Tower,0,25,1,0,26,13,43,18,3,77,13,68,19,3,103,22,0,22,125
04/08/2017,ENA,AK,AAL,WE,Federal Contract Tower,0,14,0,0,14,0,23,16,0,39,0,37,16,0,53,44,0,44,97
04/09/2017,ENA,AK,AAL,WE,Federal Contract Tower,0,15,0,0,15,0,21,19,4,44,0,36,19,4,59,30,2,32,91
04/10/2017,ENA,AK,AAL,WE,Federal Contract Tower,0,23,0,0,23,0,45,17,0,62,0,68,17,0,85,28,0,28,113
04/11/2017,ENA,AK,AAL,WE,Federal Contract Tower,0,24,4,1,29,0,44,13,2,59,0,68,17,3,88,24,32,56,144
04/12/2017,ENA,AK,AAL,WE,Federal Contract Tower,0,25,2,0,27,0,57,26,1,84,0,82,28,1,111,22,6,28,139
04/13/2017,ENA,AK,AAL,WE,Federal Contract Tower,0,23,2,2,27,1,50,22,1,74,1,73,24,3,101,44,24,68,169
04/14/2017,ENA,AK,AAL,WE,Federal Contract Tower,0,22,1,0,23,0,37,36,0,73,0,59,37,0,96,44,0,44,140
04/15/2017,ENA,AK,AAL,WE,Federal Contract Tower,0,14,0,1,15,0,14,30,2,46,0,28,30,3,61,20,6,26,87
04/16/2017,ENA,AK,AAL,WE,Federal Contract Tower,0,13,0,0,13,0,19,18,0,37,0,32,18,0,50,4,0,4,54
04/17/2017,ENA,AK,AAL,WE,Federal Contract Tower,0,21,0,0,21,0,60,11,0,71,0,81,11,0,92,12,0,12,104
04/18/2017,ENA,AK,AAL,WE,Federal Contract Tower,0,24,0,0,24,0,50,15,0,65,0,74,15,0,89,20,0,20,109
04/19/2017,ENA,AK,AAL,WE,Federal Contract Tower,0,25,1,0,26,0,55,21,1,77,0,80,22,1,103,46,6,52,155
04/20/2017,ENA,AK,AAL,WE,Federal Contract Tower,3,28,3,0,34,6,44,26,0,76,9,72,29,0,110,48,0,48,158
04/21/2017,ENA,AK,AAL,WE,Federal Contract Tower,0,25,0,0,25,0,49,43,0,92,0,74,43,0,117,94,2,96,213
04/22/2017,ENA,AK,AAL,WE,Federal Contract Tower,0,17,0,0,17,0,27,10,0,37,0,44,10,0,54,6,0,6,60
04/23/2017,ENA,AK,AAL,WE,Federal Contract Tower,0,15,0,0,15,0,22,19,0,41,0,37,19,0,56,16,0,16,72
04/24/2017,ENA,AK,AAL,WE,Federal Contract Tower,0,25,5,0,30,3,45,18,0,66,3,70,23,0,96,34,0,34,130
04/25/2017,ENA,AK,AAL,WE,Federal Contract Tower,0,26,1,3,30,2,55,17,2,76,2,81,18,5,106,48,16,64,170
04/26/2017,ENA,AK,AAL,WE,Federal Contract Tower,0,17,2,1,20,0,58,32,0,90,0,75,34,1,110,44,2,46,156
04/27/2017,ENA,AK,AAL,WE,Federal Contract Tower,0,24,1,0,25,0,46,23,0,69,0,70,24,0,94,32,14,46,140
04/28/2017,ENA,AK,AAL,WE,Federal Contract Tower,0,36,1,1,38,2,34,15,4,55,2,70,16,5,93,28,20,48,141
04/29/2017,ENA,AK,AAL,WE,Federal Contract Tower,0,16,1,0,17,0,14,28,5,47,0,30,29,5,64,32,0,32,96
04/30/2017,ENA,AK,AAL,WE,Federal Contract Tower,0,15,0,0,15,0,20,20,0,40,0,35,20,0,55,30,0,30,85
05/01/2017,ENA,AK,AAL,WE,Federal Contract Tower,0,29,3,2,34,0,52,9,6,67,0,81,12,8,101,36,10,46,147
05/02/2017,ENA,AK,AAL,WE,Federal Contract Tower,0,30,2,0,32,3,55,13,0,71,3,85,15,0,103,42,4,46,149
05/03/2017,ENA,AK,AAL,WE,Federal Contract Tower,0,30,1,0,31,0,45,29,1,75,0,75,30,1,106,40,0,40,146
05/04/2017,ENA,AK,AAL,WE,Federal Contract Tower,0,35,1,0,36,2,53,34,0,89,2,88,35,0,125,42,10,52,177
05/05/2017,ENA,AK,AAL,WE,Federal Contract Tower,0,28,0,0,28,2,44,31,2,79,2,72,31,2,107,22,22,44,151
05/06/2017,ENA,AK,AAL,WE,Federal Contract Tower,0,16,0,0,16,0,18,22,0,40,0,34,22,0,56,14,0,14,70
05/07/2017,ENA,AK,AAL,WE,Federal Contract Tower,0,14,0,0,14,0,17,14,0,31,0,31,14,0,45,52,0,52,97
05/08/2017,ENA,AK,AAL,WE,Federal Contract Tower,0,28,0,2,30,1,49,22,1,73,1,77,22,3,103,28,16,44,147
05/09/2017,ENA,AK,AAL,WE,Federal Contract Tower,0,27,0,0,27,12,56,24,0,92,12,83,24,0,119,50,8,58,177
05/10/2017,ENA,AK,AAL,WE,Federal Contract Tower,0,33,2,0,35,0,51,40,0,91,0,84,42,0,126,28,2,30,156
05/11/2017,ENA,AK,AAL,WE,Federal Contract Tower,0,29,3,0,32,0,53,35,0,88,0,82,38,0,120,44,4,48,168
05/12/2017,ENA,AK,AAL,WE,Federal Contract Tower,0,28,0,0,28,0,36,25,0,61,0,64,25,0,89,12,0,12,101
05/13/2017,ENA,AK,AAL,WE,Federal Contract Tower,0,29,0,0,29,0,14,6,0,20,0,43,6,0,49,0,0,0,49
05/14/2017,ENA,AK,AAL,WE,Federal Contract Tower,0,24,0,0,24,0,22,21,0,43,0,46,21,0,67,6,0,6,73
05/15/2017,ENA,AK,AAL,WE,Federal Contract Tower,0,21,4,0,25,2,60,51,4,117,2,81,55,4,142,19,4,23,165
05/16/2017,ENA,AK,AAL,WE,Federal Contract Tower,0,28,0,0,28,0,57,30,0,87,0,85,30,0,115,30,0,30,145
05/17/2017,ENA,AK,AAL,WE,Federal Contract Tower,0,30,0,1,31,4,42,17,0,63,4,72,17,1,94,8,0,8,102
05/18/2017,ENA,AK,AAL,WE,Federal Contract Tower,0,27,0,2,29,0,43,38,1,82,0,70,38,3,111,24,0,24,135
05/19/2017,ENA,AK,AAL,WE,Federal Contract Tower,0,28,1,0,29,4,50,18,0,72,4,78,19,0,101,16,0,16,117
05/20/2017,ENA,AK,AAL,WE,Federal Contract Tower,0,17,1,0,18,0,17,34,4,55,0,34,35,4,73,32,0,32,105
05/21/2017,ENA,AK,AAL,WE,Federal Contract Tower,0,21,0,0,21,0,21,5,0,26,0,42,5,0,47,4,0,4,51
05/22/2017,ENA,AK,AAL,WE,Federal Contract Tower,0,26,2,0,28,9,48,15,0,72,9,74,17,0,100,40,0,40,140
05/23/2017,ENA,AK,AAL,WE,Federal Contract Tower,0,28,2,2,32,0,48,8,8,64,0,76,10,10,96,18,0,18,114
05/24/2017,ENA,AK,AAL,WE,Federal Contract Tower,0,51,4,4,59,0,33,4,0,37,0,84,8,4,96,2,0,2,98
05/25/2017,ENA,AK,AAL,WE,Federal Contract Tower,0,29,3,0,32,0,45,15,0,60,0,74,18,0,92,36,0,36,128
05/26/2017,ENA,AK,AAL,WE,Federal Contract Tower,0,34,1,0,35,3,48,27,2,80,3,82,28,2,115,12,0,12,127
05/27/2017,ENA,AK,AAL,WE,Federal Contract Tower,0,18,1,0,19,0,21,14,0,35,0,39,15,0,54,22,0,22,76
05/28/2017,ENA,AK,AAL,WE,Federal Contract Tower,0,16,1,0,17,0,15,9,0,24,0,31,10,0,41,0,0,0,41
05/29/2017,ENA,AK,AAL,WE,Federal Contract Tower,0,26,0,0,26,0,38,13,0,51,0,64,13,0,77,32,0,32,109
05/30/2017,ENA,AK,AAL,WE,Federal Contract Tower,0,28,2,0,30,0,62,42,0,104,0,90,44,0,134,50,2,52,186
05/31/2017,ENA,AK,AAL,WE,Federal Contract Tower,0,32,0,1,33,0,53,37,0,90,0,85,37,1,123,30,4,34,157
06/01/2017,ENA,AK,AAL,WE,Federal Contract Tower,0,23,3,0,26,0,70,31,0,101,0,93,34,0,127,8,0,8,135
06/02/2017,ENA,AK,AAL,WE,Federal Contract Tower,0,28,2,0,30,0,43,29,4,76,0,71,31,4,106,14,6,20,126
06/03/2017,ENA,AK,AAL,WE,Federal Contract Tower,0,25,4,0,29,0,12,14,0,26,0,37,18,0,55,2,0,2,57
06/04/2017,ENA,AK,AAL,WE,Federal Contract Tower,0,27,1,0,28,0,17,8,0,25,0,44,9,0,53,32,0,32,85
06/05/2017,ENA,AK,AAL,WE,Federal Contract Tower,0,27,2,0,29,0,48,6,4,58,0,75,8,4,87,26,0,26,113
06/06/2017,ENA,AK,AAL,WE,Federal Contract Tower,0,25,0,4,29,0,92,38,0,130,0,117,38,4,159,48,4,52,211
06/07/2017,ENA,AK,AAL,WE,Federal Contract Tower,0,31,4,0,35,0,77,29,0,106,0,108,33,0,141,24,0,24,165
06/08/2017,ENA,AK,AAL,WE,Federal Contract Tower,0,35,8,0,43,0,53,8,1,62,0,88,16,1,105,18,0,18,123
06/09/2017,ENA,AK,AAL,WE,Federal Contract Tower,0,26,0,0,26,0,34,24,0,58,0,60,24,0,84,36,0,36,120
06/10/2017,ENA,AK,AAL,WE,Federal Contract Tower,0,19,3,0,22,0,29,77,7,113,0,48,80,7,135,26,0,26,161
06/11/2017,ENA,AK,AAL,WE,Federal Contract Tower,0,18,0,0,18,0,42,17,1,60,0,60,17,1,78,12,0,12,90
06/12/2017,ENA,AK,AAL,WE,Federal Contract Tower,0,30,2,1,33,0,53,20,0,73,0,83,22,1,106,30,22,52,158
06/13/2017,ENA,AK,AAL,WE,Federal Contract Tower,0,30,3,1,34,0,74,35,12,121,0,104,38,13,155,18,16,34,189
06/14/2017,ENA,AK,AAL,WE,Federal Contract Tower,0,33,1,2,36,0,78,41,0,119,0,111,42,2,155,28,30,58,213
06/15/2017,ENA,AK,AAL,WE,Federal Contract Tower,0,27,4,0,31,0,65,39,1,105,0,92,43,1,136,38,6,44,180
06/16/2017,ENA,AK,AAL,WE,Federal Contract Tower,0,24,0,0,24,16,96,37,4,153,16,120,37,4,177,6,0,6,183
06/17/2017,ENA,AK,AAL,WE,Federal Contract Tower,0,19,1,0,20,6,52,23,0,81,6,71,24,0,101,54,0,54,155
06/18/2017,ENA,AK,AAL,WE,Federal Contract Tower,0,19,0,0,19,0,42,40,0,82,0,61,40,0,101,12,0,12,113
06/19/2017,ENA,AK,AAL,WE,Federal Contract Tower,0,26,2,0,28,0,70,26,1,97,0,96,28,1,125,50,22,72,197
06/20/2017,ENA,AK,AAL,WE,Federal Contract Tower,0,49,3,1,53,33,5,0,0,38,33,54,3,1,91,18,0,18,109
06/21/2017,ENA,AK,AAL,WE,Federal Contract Tower,0,46,3,0,49,0,59,36,0,95,0,105,39,0,144,16,0,16,160
06/22/2017,ENA,AK,AAL,WE,Federal Contract Tower,0,50,9,4,63,0,36,34,0,70,0,86,43,4,133,6,0,6,139
06/23/2017,ENA,AK,AAL,WE,Federal Contract Tower,0,39,1,0,40,2,51,45,0,98,2,90,46,0,138,20,0,20,158
06/24/2017,ENA,AK,AAL,WE,Federal Contract Tower,0,22,3,0,25,0,30,30,0,60,0,52,33,0,85,8,0,8,93
06/25/2017,ENA,AK,AAL,WE,Federal Contract Tower,0,19,3,0,22,0,40,41,0,81,0,59,44,0,103,18,0,18,121
06/26/2017,ENA,AK,AAL,WE,Federal Contract Tower,0,48,1,0,49,0,37,23,0,60,0,85,24,0,109,6,0,6,115
06/27/2017,ENA,AK,AAL,WE,Federal Contract Tower,1,32,3,0,36,3,54,35,0,92,4,86,38,0,128,34,8,42,170
06/28/2017,ENA,AK,AAL,WE,Federal Contract Tower,0,30,2,2,34,0,63,20,4,87,0,93,22,6,121,40,46,86,207
06/29/2017,ENA,AK,AAL,WE,Federal Contract Tower,0,35,5,4,44,0,57,15,0,72,0,92,20,4,116,0,26,26,142
06/30/2017,ENA,AK,AAL,WE,Federal Contract Tower,0,33,2,0,35,0,56,30,0,86,0,89,32,0,121,36,0,36,157
07/01/2017,ENA,AK,AAL,WE,Federal Contract Tower,0,22,0,0,22,0,30,23,0,53,0,52,23,0,75,18,0,18,93
07/02/2017,ENA,AK,AAL,WE,Federal Contract Tower,0,39,3,0,42,0,0,0,0,0,0,39,3,0,42,0,0,0,42
07/03/2017,ENA,AK,AAL,WE,Federal Contract Tower,0,72,1,0,73,0,22,19,0,41,0,94,20,0,114,32,0,32,146
07/04/2017,ENA,AK,AAL,WE,Federal Contract Tower,0,23,1,0,24,0,26,32,0,58,0,49,33,0,82,26,0,26,108
07/05/2017,ENA,AK,AAL,WE,Federal Contract Tower,1,34,1,1,37,2,70,39,0,111,3,104,40,1,148,24,18,42,190
07/06/2017,ENA,AK,AAL,WE,Federal Contract Tower,0,26,0,0,26,5,56,35,0,96,5,82,35,0,122,40,0,40,162
07/07/2017,ENA,AK,AAL,WE,Federal Contract Tower,0,30,0,0,30,0,56,32,0,88,0,86,32,0,118,10,0,10,128
07/08/2017,ENA,AK,AAL,WE,Federal Contract Tower,0,32,3,0,35,1,13,14,0,28,1,45,17,0,63,20,0,20,83
07/09/2017,ENA,AK,AAL,WE,Federal Contract Tower,0,22,0,0,22,0,25,20,0,45,0,47,20,0,67,14,0,14,81
07/10/2017,ENA,AK,AAL,WE,Federal Contract Tower,0,28,1,0,29,4,50,20,0,74,4,78,21,0,103,16,0,16,119
07/11/2017,ENA,AK,AAL,WE,Federal Contract Tower,0,26,0,0,26,7,51,25,0,83,7,77,25,0,109,58,2,60,169
07/12/2017,ENA,AK,AAL,WE,Federal Contract Tower,0,28,2,0,30,4,66,39,0,109,4,94,41,0,139,32,2,34,173
07/13/2017,ENA,AK,AAL,WE,Federal Contract Tower,0,25,5,1,31,2,68,43,0,113,2,93,48,1,144,44,10,54,198
07/14/2017,ENA,AK,AAL,WE,Federal Contract Tower,0,33,2,2,37,0,56,43,4,103,0,89,45,6,140,48,0,48,188
07/15/2017,ENA,AK,AAL,WE,Federal Contract Tower,0,28,2,0,30,2,21,22,0,45,2,49,24,0,75,100,0,100,175
07/16/2017,ENA,AK,AAL,WE,Federal Contract Tower,0,35,2,0,37,0,22,21,0,43,0,57,23,0,80,0,0,0,80
07/17/2017,ENA,AK,AAL,WE,Federal Contract Tower,0,32,1,1,34,0,52,27,0,79,0,84,28,1,113,22,2,24,137
07/18/2017,ENA,AK,AAL,WE,Federal Contract Tower,0,70,1,4,75,0,10,0,2,12,0,80,1,6,87,2,0,2,89
07/19/2017,ENA,AK,AAL,WE,Federal Contract Tower,0,36,1,12,49,0,55,22,1,78,0,91,23,13,127,22,8,30,157
07/20/2017,ENA,AK,AAL,WE,Federal Contract Tower,0,31,3,0,34,0,57,21,2,80,0,88,24,2,114,18,0,18,132
07/21/2017,ENA,AK,AAL,WE,Federal Contract Tower,0,31,0,0,31,1,65,74,2,142,1,96,74,2,173,20,4,24,197
07/22/2017,ENA,AK,AAL,WE,Federal Contract Tower,0,24,2,0,26,0,38,50,0,88,0,62,52,0,114,42,0,42,156
07/23/2017,ENA,AK,AAL,WE,Federal Contract Tower,0,22,5,0,27,0,40,46,0,86,0,62,51,0,113,18,0,18,131
07/24/2017,ENA,AK,AAL,WE,Federal Contract Tower,0,31,5,0,36,1,65,14,1,81,1,96,19,1,117,10,12,22,139
07/25/2017,ENA,AK,AAL,WE,Federal Contract Tower,1,70,11,0,82,0,13,6,0,19,1,83,17,0,101,4,0,4,105
07/26/2017,ENA,AK,AAL,WE,Federal Contract Tower,2,64,9,0,75,0,0,0,0,0,2,64,9,0,75,0,0,0,75
07/27/2017,ENA,AK,AAL,WE,Federal Contract Tower,3,59,6,0,68,0,38,25,0,63,3,97,31,0,131,6,2,8,139
07/28/2017,ENA,AK,AAL,WE,Federal Contract Tower,0,54,4,1,59,0,40,39,0,79,0,94,43,1,138,18,0,18,156
07/29/2017,ENA,AK,AAL,WE,Federal Contract Tower,0,25,7,0,32,3,19,26,0,48,3,44,33,0,80,12,0,12,92
07/30/2017,ENA,AK,AAL,WE,Federal Contract Tower,0,25,5,0,30,0,42,30,0,72,0,67,35,0,102,6,0,6,108
07/31/2017,ENA,AK,AAL,WE,Federal Contract Tower,0,29,2,1,32,2,74,29,0,105,2,103,31,1,137,24,30,54,191
08/01/2017,ENA,AK,AAL,WE,Federal Contract Tower,0,31,4,0,35,4,65,24,0,93,4,96,28,0,128,54,0,54,182
08/02/2017,ENA,AK,AAL,WE,Federal Contract Tower,0,46,5,1,52,0,53,17,0,70,0,99,22,1,122,0,42,42,164
08/03/2017,ENA,AK,AAL,WE,Federal Contract Tower,0,54,7,0,61,0,28,22,0,50,0,82,29,0,111,42,4,46,157
08/04/2017,ENA,AK,AAL,WE,Federal Contract Tower,0,28,1,0,29,2,71,29,0,102,2,99,30,0,131,18,18,36,167
08/05/2017,ENA,AK,AAL,WE,Federal Contract Tower,0,20,3,0,23,1,41,25,0,67,1,61,28,0,90,48,0,48,138
08/06/2017,ENA,AK,AAL,WE,Federal Contract Tower,0,26,6,0,32,0,31,18,0,49,0,57,24,0,81,14,0,14,95
08/07/2017,ENA,AK,AAL,WE,Federal Contract Tower,0,30,2,1,33,0,69,11,2,82,0,99,13,3,115,32,18,50,165
08/08/2017,ENA,AK,AAL,WE,Federal Contract Tower,0,29,4,0,33,0,96,43,2,141,0,125,47,2,174,48,26,74,248
08/09/2017,ENA,AK,AAL,WE,Federal Contract Tower,0,34,2,4,40,4,66,15,0,85,4,100,17,4,125,28,22,50,175
08/10/2017,ENA,AK,AAL,WE,Federal Contract Tower,0,31,4,0,35,0,74,28,0,102,0,105,32,0,137,48,0,48,185
08/11/2017,ENA,AK,AAL,WE,Federal Contract Tower,0,63,7,0,70,0,31,15,0,46,0,94,22,0,116,14,0,14,130
08/12/2017,ENA,AK,AAL,WE,Federal Contract Tower,0,35,0,0,35,3,26,14,0,43,3,61,14,0,78,4,0,4,82
08/13/2017,ENA,AK,AAL,WE,Federal Contract Tower,0,18,2,0,20,0,29,24,0,53,0,47,26,0,73,30,0,30,103
08/14/2017,ENA,AK,AAL,WE,Federal Contract Tower,0,23,3,0,26,6,61,25,0,92,6,84,28,0,118,30,0,30,148
08/15/2017,ENA,AK,AAL,WE,Federal Contract Tower,0,26,5,2,33,4,68,37,1,110,4,94,42,3,143,54,10,64,207
08/16/2017,ENA,AK,AAL,WE,Federal Contract Tower,0,56,6,0,62,0,57,3,0,60,0,113,9,0,122,6,46,52,174
08/17/2017,ENA,AK,AAL,WE,Federal Contract Tower,0,29,4,0,33,0,76,7,0,83,0,105,11,0,116,6,0,6,122
08/18/2017,ENA,AK,AAL,WE,Federal Contract Tower,0,38,4,1,43,0,48,15,0,63,0,86,19,1,106,18,22,40,146
08/19/2017,ENA,AK,AAL,WE,Federal Contract Tower,0,25,2,0,27,0,34,12,0,46,0,59,14,0,73,4,0,4,77
08/20/2017,ENA,AK,AAL,WE,Federal Contract Tower,0,28,1,4,33,0,16,7,0,23,0,44,8,4,56,0,10,10,66
08/21/2017,ENA,AK,AAL,WE,Federal Contract Tower,0,26,2,0,28,6,60,10,0,76,6,86,12,0,104,24,0,24,128
08/22/2017,ENA,AK,AAL,WE,Federal Contract Tower,1,42,2,2,47,2,55,30,2,89,3,97,32,4,136,33,0,33,169
08/23/2017,ENA,AK,AAL,WE,Federal Contract Tower,0,26,2,6,34,0,60,19,0,79,0,86,21,6,113,18,18,36,149
08/24/2017,ENA,AK,AAL,WE,Federal Contract Tower,0,47,7,0,54,0,51,9,0,60,0,98,16,0,114,4,0,4,118
08/25/2017,ENA,AK,AAL,WE,Federal Contract Tower,2,39,5,0,46,0,47,26,0,73,2,86,31,0,119,54,0,54,173
08/26/2017,ENA,AK,AAL,WE,Federal Contract Tower,0,19,0,0,19,5,52,24,0,81,5,71,24,0,100,16,0,16,116
08/27/2017,ENA,AK,AAL,WE,Federal Contract Tower,0,15,2,0,17,1,27,22,0,50,1,42,24,0,67,19,0,19,86
08/28/2017,ENA,AK,AAL,WE,Federal Contract Tower,0,23,3,0,26,0,65,10,0,75,0,88,13,0,101,6,14,20,121
08/29/2017,ENA,AK,AAL,WE,Federal Contract Tower,0,24,1,0,25,0,61,9,0,70,0,85,10,0,95,4,0,4,99
08/30/2017,ENA,AK,AAL,WE,Federal Contract Tower,0,26,1,0,27,0,70,41,0,111,0,96,42,0,138,94,8,102,240
08/31/2017,ENA,AK,AAL,WE,Federal Contract Tower,0,40,5,0,45,0,50,18,0,68,0,90,23,0,113,40,8,48,161
09/01/2017,ENA,AK,AAL,WE,Federal Contract Tower,0,23,6,0,29,0,61,19,0,80,0,84,25,0,109,16,0,16,125
09/02/2017,ENA,AK,AAL,WE,Federal Contract Tower,0,18,0,1,19,0,42,32,0,74,0,60,32,1,93,30,4,34,127
09/03/2017,ENA,AK,AAL,WE,Federal Contract Tower,0,18,1,0,19,0,26,12,0,38,0,44,13,0,57,0,0,0,57
09/04/2017,ENA,AK,AAL,WE,Federal Contract Tower,0,18,2,0,20,0,60,20,0,80,0,78,22,0,100,18,0,18,118
09/05/2017,ENA,AK,AAL,WE,Federal Contract Tower,0,29,2,0,31,0,50,13,0,63,0,79,15,0,94,28,0,28,122
09/06/2017,ENA,AK,AAL,WE,Federal Contract Tower,0,23,1,0,24,0,50,6,0,56,0,73,7,0,80,18,28,46,126
09/07/2017,ENA,AK,AAL,WE,Federal Contract Tower,0,27,1,0,28,0,64,14,0,78,0,91,15,0,106,6,12,18,124
09/08/2017,ENA,AK,AAL,WE,Federal Contract Tower,0,27,0,0,27,0,52,36,2,90,0,79,36,2,117,21,4,25,142
09/09/2017,ENA,AK,AAL,WE,Federal Contract Tower,0,18,0,0,18,0,34,31,0,65,0,52,31,0,83,50,0,50,133
09/10/2017,ENA,AK,AAL,WE,Federal Contract Tower,0,19,0,0,19,0,24,9,0,33,0,43,9,0,52,2,0,2,54
09/11/2017,ENA,AK,AAL,WE,Federal Contract Tower,0,25,0,0,25,4,43,26,0,73,4,68,26,0,98,48,0,48,146
09/12/2017,ENA,AK,AAL,WE,Federal Contract Tower,0,27,1,0,28,0,65,20,0,85,0,92,21,0,113,30,42,72,185
09/13/2017,ENA,AK,AAL,WE,Federal Contract Tower,0,26,2,0,28,2,68,2,2,74,2,94,4,2,102,10,4,14,116
09/14/2017,ENA,AK,AAL,WE,Federal Contract Tower,0,25,5,0,30,0,56,15,0,71,0,81,20,0,101,2,44,46,147
09/15/2017,ENA,AK,AAL,WE,Federal Contract Tower,0,25,3,0,28,2,46,43,0,91,2,71,46,0,119,66,0,66,185
09/16/2017,ENA,AK,AAL,WE,Federal Contract Tower,0,19,0,0,19,0,36,5,0,41,0,55,5,0,60,24,0,24,84
09/17/2017,ENA,AK,AAL,WE,Federal Contract Tower,0,18,0,0,18,0,32,26,2,60,0,50,26,2,78,2,0,2,80
09/18/2017,ENA,AK,AAL,WE,Federal Contract Tower,0,39,3,1,43,0,42,19,0,61,0,81,22,1,104,10,32,42,146
09/19/2017,ENA,AK,AAL,WE,Federal Contract Tower,0,38,0,0,38,4,50,28,0,82,4,88,28,0,120,8,38,46,166
09/20/2017,ENA,AK,AAL,WE,Federal Contract Tower,29,0,0,1,30,3,63,23,0,89,32,63,23,1,119,72,14,86,205
09/21/2017,ENA,AK,AAL,WE,Federal Contract Tower,0,48,3,0,51,2,24,6,0,32,2,72,9,0,83,16,0,16,99
09/22/2017,ENA,AK,AAL,WE,Federal Contract Tower,0,56,5,0,61,0,2,4,0,6,0,58,9,0,67,18,0,18,85
09/23/2017,ENA,AK,AAL,WE,Federal Contract Tower,0,27,2,1,30,1,30,16,0,47,1,57,18,1,77,18,20,38,115
09/24/2017,ENA,AK,AAL,WE,Federal Contract Tower,0,32,1,0,33,0,9,18,0,27,0,41,19,0,60,18,0,18,78
09/25/2017,ENA,AK,AAL,WE,Federal Contract Tower,0,28,2,0,30,6,42,43,0,91,6,70,45,0,121,34,0,34,155
09/26/2017,ENA,AK,AAL,WE,Federal Contract Tower,0,31,1,0,32,8,67,30,0,105,8,98,31,0,137,46,14,60,197
09/27/2017,ENA,AK,AAL,WE,Federal Contract Tower,0,26,0,1,27,10,64,14,0,88,10,90,14,1,115,8,10,18,133
09/28/2017,ENA,AK,AAL,WE,Federal Contract Tower,0,29,2,1,32,2,74,25,0,101,2,103,27,1,133,24,2,26,159
09/29/2017,ENA,AK,AAL,WE,Federal Contract Tower,0,24,0,0,24,0,47,21,0,68,0,71,21,0,92,42,0,42,134
09/30/2017,ENA,AK,AAL,WE,Federal Contract Tower,0,19,0,0,19,1,25,28,0,54,1,44,28,0,73,36,8,44,117
10/01/2017,ENA,AK,AAL,WE,Federal Contract Tower,0,18,1,0,19,0,21,23,0,44,0,39,24,0,63,42,0,42,105
10/02/2017,ENA,AK,AAL,WE,Federal Contract Tower,0,22,0,1,23,0,32,11,0,43,0,54,11,1,66,38,2,40,106
10/03/2017,ENA,AK,AAL,WE,Federal Contract Tower,0,22,2,3,27,1,54,25,0,80,1,76,27,3,107,40,26,66,173
10/04/2017,ENA,AK,AAL,WE,Federal Contract Tower,0,50,3,0,53,0,41,5,0,46,0,91,8,0,99,6,6,12,111
10/05/2017,ENA,AK,AAL,WE,Federal Contract Tower,0,34,0,0,34,7,58,12,1,78,7,92,12,1,112,52,32,84,196
10/06/2017,ENA,AK,AAL,WE,Federal Contract Tower,0,34,0,0,34,4,52,15,0,71,4,86,15,0,105,50,0,50,155
10/07/2017,ENA,AK,AAL,WE,Federal Contract Tower,0,12,1,0,13,4,23,13,0,40,4,35,14,0,53,100,0,100,153
10/08/2017,ENA,AK,AAL,WE,Federal Contract Tower,0,23,1,0,24,0,17,2,0,19,0,40,3,0,43,16,0,16,59
10/09/2017,ENA,AK,AAL,WE,Federal Contract Tower,0,22,0,0,22,3,44,26,0,73,3,66,26,0,95,36,0,36,131
10/10/2017,ENA,AK,AAL,WE,Federal Contract Tower,0,25,0,0,25,0,53,10,0,63,0,78,10,0,88,12,16,28,116
10/11/2017,ENA,AK,AAL,WE,Federal Contract Tower,0,38,0,0,38,1,49,25,0,75,1,87,25,0,113,50,18,68,181
10/12/2017,ENA,AK,AAL,WE,Federal Contract Tower,0,64,11,2,77,0,2,0,0,2,0,66,11,2,79,0,0,0,79
10/13/2017,ENA,AK,AAL,WE,Federal Contract Tower,0,0,33,0,33,1,45,21,0,67,1,45,54,0,100,46,0,46,146
10/14/2017,ENA,AK,AAL,WE,Federal Contract Tower,0,26,1,1,28,0,9,0,0,9,0,35,1,1,37,0,2,2,39
10/15/2017,ENA,AK,AAL,WE,Federal Contract Tower,0,14,0,0,14,0,19,18,0,37,0,33,18,0,51,10,0,10,61
10/16/2017,ENA,AK,AAL,WE,Federal Contract Tower,0,26,0,0,26,5,34,21,2,62,5,60,21,2,88,74,0,74,162
10/17/2017,ENA,AK,AAL,WE,Federal Contract Tower,0,22,0,0,22,2,47,18,0,67,2,69,18,0,89,28,22,50,139
10/18/2017,ENA,AK,AAL,WE,Federal Contract Tower,0,22,1,0,23,5,45,28,0,78,5,67,29,0,101,66,0,66,167
10/19/2017,ENA,AK,AAL,WE,Federal Contract Tower,0,27,0,0,27,0,45,24,0,69,0,72,24,0,96,56,10,66,162
10/20/2017,ENA,AK,AAL,WE,Federal Contract Tower,0,23,0,0,23,0,34,21,0,55,0,57,21,0,78,38,8,46,124
10/21/2017,ENA,AK,AAL,WE,Federal Contract Tower,0,19,1,0,20,1,14,13,0,28,1,33,14,0,48,24,0,24,72
10/22/2017,ENA,AK,AAL,WE,Federal Contract Tower,0,11,0,0,11,0,11,7,0,18,0,22,7,0,29,0,0,0,29
10/23/2017,ENA,AK,AAL,WE,Federal Contract Tower,0,29,3,1,33,0,27,2,0,29,0,56,5,1,62,27,18,45,107
10/24/2017,ENA,AK,AAL,WE,Federal Contract Tower,0,53,4,0,57,0,12,3,0,15,0,65,7,0,72,0,0,0,72
10/25/2017,ENA,AK,AAL,WE,Federal Contract Tower,0,42,0,0,42,0,41,1,0,42,0,83,1,0,84,32,0,32,116
10/26/2017,ENA,AK,AAL,WE,Federal Contract Tower,0,23,1,0,24,0,26,4,0,30,0,49,5,0,54,26,0,26,80
10/27/2017,ENA,AK,AAL,WE,Federal Contract Tower,0,32,0,0,32,0,27,1,0,28,0,59,1,0,60,12,0,12,72
10/28/2017,ENA,AK,AAL,WE,Federal Contract Tower,0,14,2,0,16,0,19,25,0,44,0,33,27,0,60,52,0,52,112
10/29/2017,ENA,AK,AAL,WE,Federal Contract Tower,0,25,0,0,25,0,8,1,0,9,0,33,1,0,34,2,0,2,36
10/30/2017,ENA,AK,AAL,WE,Federal Contract Tower,0,34,0,3,37,0,23,0,0,23,0,57,0,3,60,16,6,22,82
10/31/2017,ENA,AK,AAL,WE,Federal Contract Tower,0,35,0,0,35,0,5,0,0,5,0,40,0,0,40,0,0,0,40
11/01/2017,ENA,AK,AAL,WE,Federal Contract Tower,4,54,0,0,58,0,25,16,0,41,4,79,16,0,99,28,0,28,127
11/02/2017,ENA,AK,AAL,WE,Federal Contract Tower,0,29,3,0,32,0,6,3,0,9,0,35,6,0,41,16,0,16,57
11/03/2017,ENA,AK,AAL,WE,Federal Contract Tower,1,24,0,0,25,0,0,0,0,0,1,24,0,0,25,0,0,0,25
11/04/2017,ENA,AK,AAL,WE,Federal Contract Tower,0,13,0,1,14,0,36,11,0,47,0,49,11,1,61,26,6,32,93
11/05/2017,ENA,AK,AAL,WE,Federal Contract Tower,0,23,0,1,24,0,2,0,1,3,0,25,0,2,27,2,0,2,29
11/06/2017,ENA,AK,AAL,WE,Federal Contract Tower,0,29,0,1,30,2,32,11,0,45,2,61,11,1,75,16,2,18,93
11/07/2017,ENA,AK,AAL,WE,Federal Contract Tower,0,21,0,0,21,4,54,5,0,63,4,75,5,0,84,20,2,22,106
11/08/2017,ENA,AK,AAL,WE,Federal Contract Tower,0,22,0,1,23,6,50,18,0,74,6,72,18,1,97,66,14,80,177
11/09/2017,ENA,AK,AAL,WE,Federal Contract Tower,0,43,0,0,43,0,18,0,0,18,0,61,0,0,61,20,0,20,81
11/10/2017,ENA,AK,AAL,WE,Federal Contract Tower,0,23,0,0,23,2,50,24,0,76,2,73,24,0,99,48,0,48,147
11/11/2017,ENA,AK,AAL,WE,Federal Contract Tower,0,10,1,0,11,2,25,16,2,45,2,35,17,2,56,34,0,34,90
11/12/2017,ENA,AK,AAL,WE,Federal Contract Tower,0,12,2,0,14,0,19,12,0,31,0,31,14,0,45,8,0,8,53
11/13/2017,ENA,AK,AAL,WE,Federal Contract Tower,0,19,0,0,19,0,42,7,0,49,0,61,7,0,68,30,0,30,98
11/14/2017,ENA,AK,AAL,WE,Federal Contract Tower,0,23,1,1,25,0,52,3,0,55,0,75,4,1,80,8,14,22,102
11/15/2017,ENA,AK,AAL,WE,Federal Contract Tower,0,25,1,1,27,0,45,20,0,65,0,70,21,1,92,36,46,82,174
11/16/2017,ENA,AK,AAL,WE,Federal Contract Tower,1,47,0,1,49,0,21,2,0,23,1,68,2,1,72,4,24,28,100
11/17/2017,ENA,AK,AAL,WE,Federal Contract Tower,0,52,0,2,54,0,0,0,0,0,0,52,0,2,54,0,0,0,54
11/18/2017,ENA,AK,AAL,WE,Federal Contract Tower,0,10,1,0,11,2,31,11,0,44,2,41,12,0,55,12,6,18,73
11/19/2017,ENA,AK,AAL,WE,Federal Contract Tower,0,20,0,0,20,0,2,0,0,2,0,22,0,0,22,0,0,0,22
11/20/2017,ENA,AK,AAL,WE,Federal Contract Tower,0,19,1,0,20,0,45,7,4,56,0,64,8,4,76,42,40,82,158
11/21/2017,ENA,AK,AAL,WE,Federal Contract Tower,0,43,0,0,43,0,21,4,0,25,0,64,4,0,68,26,4,30,98
11/22/2017,ENA,AK,AAL,WE,Federal Contract Tower,0,42,0,0,42,0,30,8,0,38,0,72,8,0,80,32,0,32,112
11/23/2017,ENA,AK,AAL,WE,Federal Contract Tower,0,12,0,0,12,0,7,1,0,8,0,19,1,0,20,6,0,6,26
11/24/2017,ENA,AK,AAL,WE,Federal Contract Tower,0,15,0,0,15,2,28,0,0,30,2,43,0,0,45,0,0,0,45
11/25/2017,ENA,AK,AAL,WE,Federal Contract Tower,0,10,0,0,10,0,25,14,0,39,0,35,14,0,49,44,0,44,93
11/26/2017,ENA,AK,AAL,WE,Federal Contract Tower,0,12,1,0,13,0,25,8,0,33,0,37,9,0,46,30,0,30,76
11/27/2017,ENA,AK,AAL,WE,Federal Contract Tower,0,24,0,0,24,0,33,3,0,36,0,57,3,0,60,48,18,66,126
11/28/2017,ENA,AK,AAL,WE,Federal Contract Tower,0,22,0,1,23,0,51,8,0,59,0,73,8,1,82,26,16,42,124
11/29/2017,ENA,AK,AAL,WE,Federal Contract Tower,0,30,3,0,33,0,47,6,0,53,0,77,9,0,86,32,0,32,118
11/30/2017,ENA,AK,AAL,WE,Federal Contract Tower,0,22,0,1,23,0,46,4,0,50,0,68,4,1,73,26,16,42,115
12/01/2017,ENA,AK,AAL,WE,Federal Contract Tower,0,35,0,0,35,0,31,15,0,46,0,66,15,0,81,10,0,10,91
12/02/2017,ENA,AK,AAL,WE,Federal Contract Tower,0,20,0,0,20,0,2,0,0,2,0,22,0,0,22,2,0,2,24
12/03/2017,ENA,AK,AAL,WE,Federal Contract Tower,0,13,0,0,13,0,3,0,0,3,0,16,0,0,16,0,0,0,16
12/04/2017,ENA,AK,AAL,WE,Federal Contract Tower,0,27,0,0,27,0,18,1,0,19,0,45,1,0,46,0,0,0,46
12/05/2017,ENA,AK,AAL,WE,Federal Contract Tower,0,23,0,0,23,0,43,7,0,50,0,66,7,0,73,34,0,34,107
12/06/2017,ENA,AK,AAL,WE,Federal Contract Tower,0,47,1,0,48,1,34,11,0,46,1,81,12,0,94,22,0,22,116
12/07/2017,ENA,AK,AAL,WE,Federal Contract Tower,0,26,0,0,26,1,22,3,0,26,1,48,3,0,52,2,0,2,54
12/08/2017,ENA,AK,AAL,WE,Federal Contract Tower,0,4,0,0,4,0,0,0,0,0,0,4,0,0,4,0,0,0,4
12/09/2017,ENA,AK,AAL,WE,Federal Contract Tower,0,16,0,0,16,4,31,10,0,45,4,47,10,0,61,16,0,16,77
12/10/2017,ENA,AK,AAL,WE,Federal Contract Tower,0,14,0,0,14,0,34,3,0,37,0,48,3,0,51,26,0,26,77
12/11/2017,ENA,AK,AAL,WE,Federal Contract Tower,0,20,0,1,21,0,38,1,0,39,0,58,1,1,60,0,10,10,70
12/12/2017,ENA,AK,AAL,WE,Federal Contract Tower,0,19,0,1,20,0,60,4,0,64,0,79,4,1,84,12,0,12,96
12/13/2017,ENA,AK,AAL,WE,Federal Contract Tower,0,22,0,2,24,0,43,8,0,51,0,65,8,2,75,55,0,55,130
12/14/2017,ENA,AK,AAL,WE,Federal Contract Tower,4,52,0,2,58,4,46,2,0,52,8,98,2,2,110,30,24,54,164
12/15/2017,ENA,AK,AAL,WE,Federal Contract Tower,0,29,0,0,29,0,23,7,0,30,0,52,7,0,59,18,0,18,77
12/16/2017,ENA,AK,AAL,WE,Federal Contract Tower,0,22,0,0,22,0,14,6,0,20,0,36,6,0,42,2,0,2,44
12/17/2017,ENA,AK,AAL,WE,Federal Contract Tower,0,17,0,0,17,0,11,4,0,15,0,28,4,0,32,2,0,2,34
12/18/2017,ENA,AK,AAL,WE,Federal Contract Tower,0,42,1,0,43,2,32,7,1,42,2,74,8,1,85,14,2,16,101
12/19/2017,ENA,AK,AAL,WE,Federal Contract Tower,0,46,0,0,46,0,5,0,0,5,0,51,0,0,51,0,0,0,51
12/20/2017,ENA,AK,AAL,WE,Federal Contract Tower,0,40,1,0,41,3,31,13,2,49,3,71,14,2,90,48,4,52,142
12/21/2017,ENA,AK,AAL,WE,Federal Contract Tower,0,32,0,0,32,5,52,8,0,65,5,84,8,0,97,24,2,26,123
12/22/2017,ENA,AK,AAL,WE,Federal Contract Tower,0,20,0,0,20,1,53,4,0,58,1,73,4,0,78,38,0,38,116
12/23/2017,ENA,AK,AAL,WE,Federal Contract Tower,0,15,0,0,15,0,24,6,0,30,0,39,6,0,45,8,0,8,53
12/24/2017,ENA,AK,AAL,WE,Federal Contract Tower,0,12,0,0,12,0,16,3,0,19,0,28,3,0,31,8,0,8,39
12/25/2017,ENA,AK,AAL,WE,Federal Contract Tower,0,11,0,0,11,0,7,0,0,7,0,18,0,0,18,0,0,0,18
12/26/2017,ENA,AK,AAL,WE,Federal Contract Tower,0,26,0,0,26,0,33,3,0,36,0,59,3,0,62,6,0,6,68
12/27/2017,ENA,AK,AAL,WE,Federal Contract Tower,0,7,0,0,7,0,4,4,0,8,0,11,4,0,15,8,0,8,23
12/28/2017,ENA,AK,AAL,WE,Federal Contract Tower,0,27,2,0,29,7,41,10,0,58,7,68,12,0,87,32,2,34,121
12/29/2017,ENA,AK,AAL,WE,Federal Contract Tower,0,30,0,0,30,8,35,3,0,46,8,65,3,0,76,2,0,2,78
12/30/2017,ENA,AK,AAL,WE,Federal Contract Tower,0,13,0,0,13,0,18,3,0,21,0,31,3,0,34,6,0,6,40
12/31/2017,ENA,AK,AAL,WE,Federal Contract Tower,0,16,0,0,16,0,14,2,0,16,0,30,2,0,32,2,0,2,34
01/01/2018,ENA,AK,AAL,WE,Federal Contract Tower,0,9,0,0,9,0,7,2,0,9,0,16,2,0,18,6,0,6,24
01/02/2018,ENA,AK,AAL,WE,Federal Contract Tower,0,25,0,0,25,0,47,10,0,57,0,72,10,0,82,4,0,4,86
01/03/2018,ENA,AK,AAL,WE,Federal Contract Tower,0,50,0,2,52,0,18,2,0,20,0,68,2,2,72,2,0,2,74
01/04/2018,ENA,AK,AAL,WE,Federal Contract Tower,0,50,2,2,54,0,22,4,0,26,0,72,6,2,80,4,0,4,84
01/05/2018,ENA,AK,AAL,WE,Federal Contract Tower,0,32,2,0,34,0,7,3,0,10,0,39,5,0,44,2,0,2,46
01/06/2018,ENA,AK,AAL,WE,Federal Contract Tower,0,12,0,0,12,2,26,8,0,36,2,38,8,0,48,8,0,8,56
01/07/2018,ENA,AK,AAL,WE,Federal Contract Tower,0,13,2,0,15,0,19,2,0,21,0,32,4,0,36,4,0,4,40
01/08/2018,ENA,AK,AAL,WE,Federal Contract Tower,0,39,4,0,43,2,25,7,0,34,2,64,11,0,77,12,0,12,89
01/09/2018,ENA,AK,AAL,WE,Federal Contract Tower,0,22,0,0,22,3,45,13,0,61,3,67,13,0,83,6,0,6,89
01/10/2018,ENA,AK,AAL,WE,Federal Contract Tower,0,38,0,1,39,7,35,7,0,49,7,73,7,1,88,20,20,40,128
01/11/2018,ENA,AK,AAL,WE,Federal Contract Tower,0,25,0,0,25,2,37,6,0,45,2,62,6,0,70,20,20,40,110
01/12/2018,ENA,AK,AAL,WE,Federal Contract Tower,0,18,1,0,19,0,34,8,0,42,0,52,9,0,61,2,0,2,63
01/13/2018,ENA,AK,AAL,WE,Federal Contract Tower,0,9,0,0,9,0,13,1,0,14,0,22,1,0,23,0,0,0,23
01/14/2018,ENA,AK,AAL,WE,Federal Contract Tower,0,13,0,0,13,0,19,5,0,24,0,32,5,0,37,6,0,6,43
01/15/2018,ENA,AK,AAL,WE,Federal Contract Tower,0,17,2,0,19,0,30,11,0,41,0,47,13,0,60,44,0,44,104
01/16/2018,ENA,AK,AAL,WE,Federal Contract Tower,0,25,0,0,25,0,42,13,0,55,0,67,13,0,80,72,14,86,166
01/17/2018,ENA,AK,AAL,WE,Federal Contract Tower,0,23,0,0,23,0,43,15,0,58,0,66,15,0,81,50,12,62,143
01/18/2018,ENA,AK,AAL,WE,Federal Contract Tower,0,27,5,0,32,0,39,16,0,55,0,66,21,0,87,76,12,88,175
01/19/2018,ENA,AK,AAL,WE,Federal Contract Tower,0,33,3,0,36,2,32,13,0,47,2,65,16,0,83,32,0,32,115
01/20/2018,ENA,AK,AAL,WE,Federal Contract Tower,0,10,2,0,12,0,24,13,0,37,0,34,15,0,49,40,0,40,89
01/21/2018,ENA,AK,AAL,WE,Federal Contract Tower,0,14,0,0,14,0,17,4,0,21,0,31,4,0,35,34,0,34,69
01/22/2018,ENA,AK,AAL,WE,Federal Contract Tower,0,20,2,0,22,2,48,3,0,53,2,68,5,0,75,58,4,62,137
01/23/2018,ENA,AK,AAL,WE,Federal Contract Tower,0,54,0,0,54,0,26,0,0,26,0,80,0,0,80,14,8,22,102
01/24/2018,ENA,AK,AAL,WE,Federal Contract Tower,0,24,0,0,24,0,45,11,0,56,0,69,11,0,80,56,6,62,142
01/25/2018,ENA,AK,AAL,WE,Federal Contract Tower,0,40,2,3,45,0,25,1,3,29,0,65,3,6,74,50,22,72,146
01/26/2018,ENA,AK,AAL,WE,Federal Contract Tower,0,20,3,2,25,0,46,16,0,62,0,66,19,2,87,74,0,74,161
01/27/2018,ENA,AK,AAL,WE,Federal Contract Tower,0,10,3,0,13,2,19,11,0,32,2,29,14,0,45,20,0,20,65
01/28/2018,ENA,AK,AAL,WE,Federal Contract Tower,0,15,2,0,17,0,15,12,0,27,0,30,14,0,44,4,0,4,48
01/29/2018,ENA,AK,AAL,WE,Federal Contract Tower,0,20,0,1,21,3,33,0,0,36,3,53,0,1,57,10,4,14,71
01/30/2018,ENA,AK,AAL,WE,Federal Contract Tower,0,19,0,0,19,0,53,3,0,56,0,72,3,0,75,46,8,54,129
01/31/2018,ENA,AK,AAL,WE,Federal Contract Tower,0,24,0,1,25,0,36,17,0,53,0,60,17,1,78,32,32,64,142
02/01/2018,ENA,AK,AAL,WE,Federal Contract Tower,0,23,1,1,25,4,42,19,3,68,4,65,20,4,93,34,20,54,147
02/02/2018,ENA,AK,AAL,WE,Federal Contract Tower,0,27,3,0,30,0,36,12,0,48,0,63,15,0,78,32,20,52,130
02/03/2018,ENA,AK,AAL,WE,Federal Contract Tower,0,12,2,0,14,1,10,22,0,33,1,22,24,0,47,14,0,14,61
02/04/2018,ENA,AK,AAL,WE,Federal Contract Tower,0,12,0,1,13,0,16,14,0,30,0,28,14,1,43,28,12,40,83
02/05/2018,ENA,AK,AAL,WE,Federal Contract Tower,0,21,0,0,21,0,21,17,0,38,0,42,17,0,59,18,0,18,77
02/06/2018,ENA,AK,AAL,WE,Federal Contract Tower,0,47,0,0,47,0,11,0,0,11,0,58,0,0,58,0,0,0,58
02/07/2018,ENA,AK,AAL,WE,Federal Contract Tower,0,52,0,0,52,0,13,6,0,19,0,65,6,0,71,0,0,0,71
02/08/2018,ENA,AK,AAL,WE,Federal Contract Tower,0,33,3,0,36,0,36,12,1,49,0,69,15,1,85,24,26,50,135
02/09/2018,ENA,AK,AAL,WE,Federal Contract Tower,0,25,3,0,28,0,42,11,0,53,0,67,14,0,81,4,0,4,85
02/10/2018,ENA,AK,AAL,WE,Federal Contract Tower,0,12,2,0,14,0,17,0,0,17,0,29,2,0,31,12,16,28,59
02/11/2018,ENA,AK,AAL,WE,Federal Contract Tower,0,17,0,0,17,0,12,1,0,13,0,29,1,0,30,14,0,14,44
02/12/2018,ENA,AK,AAL,WE,Federal Contract Tower,0,32,0,0,32,0,2,0,0,2,0,34,0,0,34,0,0,0,34
02/13/2018,ENA,AK,AAL,WE,Federal Contract Tower,0,25,0,0,25,0,48,9,0,57,0,73,9,0,82,26,20,46,128
02/14/2018,ENA,AK,AAL,WE,Federal Contract Tower,0,40,1,0,41,0,22,2,0,24,0,62,3,0,65,20,0,20,85
02/15/2018,ENA,AK,AAL,WE,Federal Contract Tower,1,55,1,0,57,0,0,0,0,0,1,55,1,0,57,0,0,0,57
02/16/2018,ENA,AK,AAL,WE,Federal Contract Tower,0,21,1,0,22,1,53,18,0,72,1,74,19,0,94,50,0,50,144
02/17/2018,ENA,AK,AAL,WE,Federal Contract Tower,0,17,0,1,18,0,18,9,1,28,0,35,9,2,46,24,0,24,70
02/18/2018,ENA,AK,AAL,WE,Federal Contract Tower,0,19,1,0,20,0,3,4,0,7,0,22,5,0,27,12,0,12,39
02/19/2018,ENA,AK,AAL,WE,Federal Contract Tower,0,44,0,0,44,0,23,17,0,40,0,67,17,0,84,8,0,8,92
02/20/2018,ENA,AK,AAL,WE,Federal Contract Tower,1,58,0,10,69,14,24,8,8,54,15,82,8,18,123,16,4,20,143
02/21/2018,ENA,AK,AAL,WE,Federal Contract Tower,0,40,2,4,46,2,49,16,2,69,2,89,18,6,115,10,10,20,135
02/22/2018,ENA,AK,AAL,WE,Federal Contract Tower,0,39,3,0,42,0,4,0,0,4,0,43,3,0,46,0,0,0,46
02/23/2018,ENA,AK,AAL,WE,Federal Contract Tower,0,22,0,0,22,0,48,3,4,55,0,70,3,4,77,42,8,50,127
02/24/2018,ENA,AK,AAL,WE,Federal Contract Tower,0,19,0,0,19,0,7,4,0,11,0,26,4,0,30,8,0,8,38
02/25/2018,ENA,AK,AAL,WE,Federal Contract Tower,0,19,1,1,21,0,19,15,2,36,0,38,16,3,57,28,14,42,99
02/26/2018,ENA,AK,AAL,WE,Federal Contract Tower,0,27,0,0,27,0,0,0,0,0,0,27,0,0,27,0,0,0,27
02/27/2018,ENA,AK,AAL,WE,Federal Contract Tower,0,18,1,0,19,0,63,22,0,85,0,81,23,0,104,68,0,68,172
02/28/2018,ENA,AK,AAL,WE,Federal Contract Tower,0,20,0,4,24,0,56,6,0,62,0,76,6,4,86,20,4,24,110
03/01/2018,ENA,AK,AAL,WE,Federal Contract Tower,0,26,3,0,29,0,61,22,0,83,0,87,25,0,112,32,4,36,148
03/02/2018,ENA,AK,AAL,WE,Federal Contract Tower,0,19,0,0,19,1,40,12,0,53,1,59,12,0,72,12,0,12,84
03/03/2018,ENA,AK,AAL,WE,Federal Contract Tower,0,23,0,0,23,0,6,0,0,6,0,29,0,0,29,12,0,12,41
03/04/2018,ENA,AK,AAL,WE,Federal Contract Tower,0,18,1,0,19,0,12,4,0,16,0,30,5,0,35,8,0,8,43
03/05/2018,ENA,AK,AAL,WE,Federal Contract Tower,0,32,2,0,34,2,37,8,0,47,2,69,10,0,81,34,28,62,143
03/06/2018,ENA,AK,AAL,WE,Federal Contract Tower,0,49,3,2,54,0,11,2,0,13,0,60,5,2,67,10,4,14,81
03/07/2018,ENA,AK,AAL,WE,Federal Contract Tower,0,46,0,0,46,3,23,12,0,38,3,69,12,0,84,8,0,8,92
03/08/2018,ENA,AK,AAL,WE,Federal Contract Tower,0,40,0,0,40,0,0,0,0,0,0,40,0,0,40,0,0,0,40
03/09/2018,ENA,AK,AAL,WE,Federal Contract Tower,0,28,4,0,32,4,34,20,0,58,4,62,24,0,90,22,0,22,112
03/10/2018,ENA,AK,AAL,WE,Federal Contract Tower,0,10,6,0,16,0,19,7,0,26,0,29,13,0,42,12,0,12,54
03/11/2018,ENA,AK,AAL,WE,Federal Contract Tower,0,15,2,0,17,0,26,6,0,32,0,41,8,0,49,50,0,50,99
03/12/2018,ENA,AK,AAL,WE,Federal Contract Tower,0,23,5,0,28,1,50,47,2,100,1,73,52,2,128,28,24,52,180
03/13/2018,ENA,AK,AAL,WE,Federal Contract Tower,0,38,0,0,38,10,48,19,0,77,10,86,19,0,115,48,0,48,163
03/14/2018,ENA,AK,AAL,WE,Federal Contract Tower,0,22,0,0,22,4,75,14,3,96,4,97,14,3,118,54,30,84,202
03/15/2018,ENA,AK,AAL,WE,Federal Contract Tower,1,33,6,0,40,2,44,13,8,67,3,77,19,8,107,52,26,78,185
03/16/2018,ENA,AK,AAL,WE,Federal Contract Tower,0,27,0,0,27,0,31,9,0,40,0,58,9,0,67,0,0,0,67
03/17/2018,ENA,AK,AAL,WE,Federal Contract Tower,0,19,8,0,27,0,3,3,0,6,0,22,11,0,33,2,0,2,35
03/18/2018,ENA,AK,AAL,WE,Federal Contract Tower,0,14,0,0,14,0,13,10,0,23,0,27,10,0,37,16,0,16,53
03/19/2018,ENA,AK,AAL,WE,Federal Contract Tower,0,33,0,4,37,0,44,8,4,56,0,77,8,8,93,42,4,46,139
03/20/2018,ENA,AK,AAL,WE,Federal Contract Tower,0,20,0,0,20,0,67,30,0,97,0,87,30,0,117,66,4,70,187
03/21/2018,ENA,AK,AAL,WE,Federal Contract Tower,0,18,1,2,21,0,59,11,0,70,0,77,12,2,91,50,12,62,153
03/22/2018,ENA,AK,AAL,WE,Federal Contract Tower,0,20,0,2,22,0,70,18,0,88,0,90,18,2,110,60,16,76,186
03/23/2018,ENA,AK,AAL,WE,Federal Contract Tower,0,22,0,0,22,0,52,24,0,76,0,74,24,0,98,56,0,56,154
03/24/2018,ENA,AK,AAL,WE,Federal Contract Tower,0,8,2,0,10,3,37,27,0,67,3,45,29,0,77,46,0,46,123
03/25/2018,ENA,AK,AAL,WE,Federal Contract Tower,0,14,0,0,14,0,34,13,0,47,0,48,13,0,61,60,4,64,125
03/26/2018,ENA,AK,AAL,WE,Federal Contract Tower,0,24,2,0,26,2,45,10,0,57,2,69,12,0,83,18,0,18,101
03/27/2018,ENA,AK,AAL,WE,Federal Contract Tower,0,25,0,1,26,3,55,5,8,71,3,80,5,9,97,56,14,70,167
03/28/2018,ENA,AK,AAL,WE,Federal Contract Tower,0,37,0,4,41,0,51,20,0,71,0,88,20,4,112,54,20,74,186
03/29/2018,ENA,AK,AAL,WE,Federal Contract Tower,0,20,3,11,34,5,69,32,1,107,5,89,35,12,141,54,42,96,237
03/30/2018,ENA,AK,AAL,WE,Federal Contract Tower,0,17,0,0,17,3,51,17,0,71,3,68,17,0,88,24,0,24,112
03/31/2018,ENA,AK,AAL,WE,Federal Contract Tower,0,11,0,0,11,7,25,19,0,51,7,36,19,0,62,56,0,56,118
04/01/2018,ENA,AK,AAL,WE,Federal Contract Tower,0,12,0,0,12,0,17,16,0,33,0,29,16,0,45,0,0,0,45
04/02/2018,ENA,AK,AAL,WE,Federal Contract Tower,0,19,3,0,22,2,36,9,0,47,2,55,12,0,69,20,0,20,89
04/03/2018,ENA,AK,AAL,WE,Federal Contract Tower,0,20,0,0,20,2,56,8,0,66,2,76,8,0,86,20,0,20,106
04/04/2018,ENA,AK,AAL,WE,Federal Contract Tower,0,44,0,0,44,0,11,0,0,11,0,55,0,0,55,0,0,0,55
04/05/2018,ENA,AK,AAL,WE,Federal Contract Tower,0,18,0,0,18,1,41,11,0,53,1,59,11,0,71,24,0,24,95
04/06/2018,ENA,AK,AAL,WE,Federal Contract Tower,0,21,0,1,22,0,39,16,0,55,0,60,16,1,77,22,0,22,99
04/07/2018,ENA,AK,AAL,WE,Federal Contract Tower,0,10,0,0,10,3,22,14,0,39,3,32,14,0,49,14,0,14,63
04/08/2018,ENA,AK,AAL,WE,Federal Contract Tower,0,12,0,0,12,0,21,14,0,35,0,33,14,0,47,34,0,34,81
04/09/2018,ENA,AK,AAL,WE,Federal Contract Tower,0,19,0,0,19,3,51,13,0,67,3,70,13,0,86,34,0,34,120
04/10/2018,ENA,AK,AAL,WE,Federal Contract Tower,0,24,2,0,26,0,53,9,0,62,0,77,11,0,88,52,0,52,140
04/11/2018,ENA,AK,AAL,WE,Federal Contract Tower,0,24,0,0,24,0,62,22,0,84,0,86,22,0,108,24,0,24,132
04/12/2018,ENA,AK,AAL,WE,Federal Contract Tower,0,22,2,0,24,0,68,26,4,98,0,90,28,4,122,74,4,78,200
04/13/2018,ENA,AK,AAL,WE,Federal Contract Tower,1,20,0,0,21,0,78,34,0,112,1,98,34,0,133,80,0,80,213
04/14/2018,ENA,AK,AAL,WE,Federal Contract Tower,0,10,0,0,10,3,19,48,0,70,3,29,48,0,80,98,0,98,178
04/15/2018,ENA,AK,AAL,WE,Federal Contract Tower,0,15,0,0,15,0,25,25,0,50,0,40,25,0,65,54,0,54,119
04/16/2018,ENA,AK,AAL,WE,Federal Contract Tower,0,22,0,0,22,0,58,15,0,73,0,80,15,0,95,28,0,28,123
04/17/2018,ENA,AK,AAL,WE,Federal Contract Tower,0,30,3,0,33,2,65,13,0,80,2,95,16,0,113,42,0,42,155
04/18/2018,ENA,AK,AAL,WE,Federal Contract Tower,0,20,0,0,20,1,66,20,2,89,1,86,20,2,109,40,6,46,155
04/19/2018,ENA,AK,AAL,WE,Federal Contract Tower,0,21,4,0,25,0,92,21,0,113,0,113,25,0,138,44,10,54,192
04/20/2018,ENA,AK,AAL,WE,Federal Contract Tower,0,32,0,4,36,0,77,10,0,87,0,109,10,4,123,62,0,62,185
04/21/2018,ENA,AK,AAL,WE,Federal Contract Tower,0,18,7,0,25,0,48,17,0,65,0,66,24,0,90,18,0,18,108
04/22/2018,ENA,AK,AAL,WE,Federal Contract Tower,0,13,0,0,13,0,27,6,0,33,0,40,6,0,46,4,0,4,50
04/23/2018,ENA,AK,AAL,WE,Federal Contract Tower,0,24,5,0,29,1,50,22,2,75,1,74,27,2,104,52,0,52,156
04/24/2018,ENA,AK,AAL,WE,Federal Contract Tower,0,17,0,0,17,0,34,1,0,35,0,51,1,0,52,0,0,0,52
04/25/2018,ENA,AK,AAL,WE,Federal Contract Tower,3,27,1,1,32,12,61,17,4,94,15,88,18,5,126,32,14,46,172
04/26/2018,ENA,AK,AAL,WE,Federal Contract Tower,0,35,0,4,39,0,82,15,16,113,0,117,15,20,152,78,24,102,254
04/27/2018,ENA,AK,AAL,WE,Federal Contract Tower,1,37,0,11,49,4,31,14,4,53,5,68,14,15,102,32,8,40,142
04/28/2018,ENA,AK,AAL,WE,Federal Contract Tower,0,23,4,0,27,0,5,2,0,7,0,28,6,0,34,10,0,10,44
04/29/2018,ENA,AK,AAL,WE,Federal Contract Tower,0,25,0,0,25,0,5,1,0,6,0,30,1,0,31,6,0,6,37
04/30/2018,ENA,AK,AAL,WE,Federal Contract Tower,0,29,0,0,29,1,36,7,0,44,1,65,7,0,73,32,8,40,113
05/01/2018,ENA,AK,AAL,WE,Federal Contract Tower,1,26,3,13,43,9,101,14,6,130,10,127,17,19,173,70,46,116,289
05/02/2018,ENA,AK,AAL,WE,Federal Contract Tower,0,29,4,4,37,0,96,23,11,130,0,125,27,15,167,66,42,108,275
05/03/2018,ENA,AK,AAL,WE,Federal Contract Tower,0,24,2,6,32,0,84,10,0,94,0,108,12,6,126,46,14,60,186
05/04/2018,ENA,AK,AAL,WE,Federal Contract Tower,2,32,3,0,37,0,54,3,0,57,2,86,6,0,94,14,0,14,108
05/05/2018,ENA,AK,AAL,WE,Federal Contract Tower,0,24,0,0,24,0,21,7,0,28,0,45,7,0,52,0,0,0,52
05/06/2018,ENA,AK,AAL,WE,Federal Contract Tower,0,17,0,0,17,0,37,13,0,50,0,54,13,0,67,56,0,56,123
05/07/2018,ENA,AK,AAL,WE,Federal Contract Tower,0,27,2,0,29,4,63,26,0,93,4,90,28,0,122,30,0,30,152
05/08/2018,ENA,AK,AAL,WE,Federal Contract Tower,0,22,0,7,29,1,64,8,4,77,1,86,8,11,106,12,36,48,154
05/09/2018,ENA,AK,AAL,WE,Federal Contract Tower,0,22,0,4,26,2,88,10,0,100,2,110,10,4,126,36,4,40,166
05/10/2018,ENA,AK,AAL,WE,Federal Contract Tower,0,31,9,0,40,0,77,15,16,108,0,108,24,16,148,34,16,50,198
05/11/2018,ENA,AK,AAL,WE,Federal Contract Tower,0,29,0,0,29,2,61,15,0,78,2,90,15,0,107,23,12,35,142
05/12/2018,ENA,AK,AAL,WE,Federal Contract Tower,0,15,0,0,15,0,21,15,0,36,0,36,15,0,51,6,0,6,57
05/13/2018,ENA,AK,AAL,WE,Federal Contract Tower,0,15,2,0,17,0,20,23,0,43,0,35,25,0,60,0,0,0,60
05/14/2018,ENA,AK,AAL,WE,Federal Contract Tower,0,25,2,3,30,2,70,27,8,107,2,95,29,11,137,58,10,68,205
05/15/2018,ENA,AK,AAL,WE,Federal Contract Tower,0,47,0,1,48,5,63,10,2,80,5,110,10,3,128,20,2,22,150
05/16/2018,ENA,AK,AAL,WE,Federal Contract Tower,0,43,2,2,47,7,64,11,0,82,7,107,13,2,129,40,2,42,171
05/17/2018,ENA,AK,AAL,WE,Federal Contract Tower,1,31,0,4,36,7,56,24,1,88,8,87,24,5,124,12,32,44,168
05/18/2018,ENA,AK,AAL,WE,Federal Contract Tower,3,63,3,0,69,0,21,12,0,33,3,84,15,0,102,16,32,48,150
05/19/2018,ENA,AK,AAL,WE,Federal Contract Tower,0,16,3,0,19,4,38,15,0,57,4,54,18,0,76,22,0,22,98
05/20/2018,ENA,AK,AAL,WE,Federal Contract Tower,0,17,0,0,17,0,35,15,0,50,0,52,15,0,67,18,0,18,85
05/21/2018,ENA,AK,AAL,WE,Federal Contract Tower,0,25,2,4,31,3,57,9,0,69,3,82,11,4,100,44,26,70,170
05/22/2018,ENA,AK,AAL,WE,Federal Contract Tower,0,23,2,4,29,0,68,22,1,91,0,91,24,5,120,62,14,76,196
05/23/2018,ENA,AK,AAL,WE,Federal Contract Tower,0,32,1,1,34,0,49,21,1,71,0,81,22,2,105,58,20,78,183
05/24/2018,ENA,AK,AAL,WE,Federal Contract Tower,0,26,0,1,27,0,73,13,0,86,0,99,13,1,113,20,8,28,141
05/25/2018,ENA,AK,AAL,WE,Federal Contract Tower,0,25,2,0,27,0,62,36,0,98,0,87,38,0,125,28,0,28,153
05/26/2018,ENA,AK,AAL,WE,Federal Contract Tower,0,12,5,0,17,0,25,27,0,52,0,37,32,0,69,22,0,22,91
05/27/2018,ENA,AK,AAL,WE,Federal Contract Tower,0,17,0,0,17,0,35,31,0,66,0,52,31,0,83,46,0,46,129
05/28/2018,ENA,AK,AAL,WE,Federal Contract Tower,0,15,0,0,15,0,53,18,0,71,0,68,18,0,86,30,0,30,116
05/29/2018,ENA,AK,AAL,WE,Federal Contract Tower,0,25,2,0,27,4,65,23,0,92,4,90,25,0,119,28,0,28,147
05/30/2018,ENA,AK,AAL,WE,Federal Contract Tower,0,28,0,0,28,0,84,19,1,104,0,112,19,1,132,82,4,86,218
05/31/2018,ENA,AK,AAL,WE,Federal Contract Tower,0,29,0,2,31,4,92,21,6,123,4,121,21,8,154,64,14,78,232
06/01/2018,ENA,AK,AAL,WE,Federal Contract Tower,0,24,2,0,26,0,78,34,0,112,0,102,36,0,138,36,0,36,174
06/02/2018,ENA,AK,AAL,WE,Federal Contract Tower,0,15,4,0,19,0,41,37,0,78,0,56,41,0,97,108,0,108,205
06/03/2018,ENA,AK,AAL,WE,Federal Contract Tower,0,17,0,0,17,0,39,26,0,65,0,56,26,0,82,74,0,74,156
06/04/2018,ENA,AK,AAL,WE,Federal Contract Tower,0,26,0,0,26,2,67,26,0,95,2,93,26,0,121,38,0,38,159
06/05/2018,ENA,AK,AAL,WE,Federal Contract Tower,0,32,0,0,32,0,101,24,0,125,0,133,24,0,157,32,0,32,189
06/06/2018,ENA,AK,AAL,WE,Federal Contract Tower,0,31,3,0,34,2,55,19,0,76,2,86,22,0,110,18,0,18,128
06/07/2018,ENA,AK,AAL,WE,Federal Contract Tower,0,28,3,2,33,1,55,22,2,80,1,83,25,4,113,53,22,75,188
06/08/2018,ENA,AK,AAL,WE,Federal Contract Tower,0,24,1,1,26,0,105,44,0,149,0,129,45,1,175,60,0,60,235
06/09/2018,ENA,AK,AAL,WE,Federal Contract Tower,0,18,5,0,23,1,28,62,2,93,1,46,67,2,116,23,0,23,139
06/10/2018,ENA,AK,AAL,WE,Federal Contract Tower,0,18,1,0,19,0,38,32,0,70,0,56,33,0,89,54,0,54,143
06/11/2018,ENA,AK,AAL,WE,Federal Contract Tower,0,25,0,0,25,9,91,30,0,130,9,116,30,0,155,22,0,22,177
06/12/2018,ENA,AK,AAL,WE,Federal Contract Tower,0,38,3,0,41,2,78,12,0,92,2,116,15,0,133,26,0,26,159
06/13/2018,ENA,AK,AAL,WE,Federal Contract Tower,0,29,5,0,34,0,73,23,0,96,0,102,28,0,130,28,8,36,166
06/14/2018,ENA,AK,AAL,WE,Federal Contract Tower,0,28,0,0,28,1,79,24,0,104,1,107,24,0,132,36,0,36,168
06/15/2018,ENA,AK,AAL,WE,Federal Contract Tower,0,39,0,0,39,0,54,13,0,67,0,93,13,0,106,20,0,20,126
06/16/2018,ENA,AK,AAL,WE,Federal Contract Tower,0,13,0,0,13,2,15,23,0,40,2,28,23,0,53,2,0,2,55
06/17/2018,ENA,AK,AAL,WE,Federal Contract Tower,0,16,1,0,17,0,35,20,0,55,0,51,21,0,72,14,0,14,86
06/18/2018,ENA,AK,AAL,WE,Federal Contract Tower,0,32,1,0,33,0,67,5,0,72,0,99,6,0,105,18,0,18,123
06/19/2018,ENA,AK,AAL,WE,Federal Contract Tower,0,28,2,6,36,3,76,18,0,97,3,104,20,6,133,24,10,34,167
06/20/2018,ENA,AK,AAL,WE,Federal Contract Tower,0,23,0,1,24,3,61,21,0,85,3,84,21,1,109,36,22,58,167
06/21/2018,ENA,AK,AAL,WE,Federal Contract Tower,0,28,0,3,31,0,77,32,0,109,0,105,32,3,140,34,22,56,196
06/22/2018,ENA,AK,AAL,WE,Federal Contract Tower,0,45,9,0,54,0,47,23,0,70,0,92,32,0,124,22,0,22,146
06/23/2018,ENA,AK,AAL,WE,Federal Contract Tower,0,14,1,0,15,1,32,48,0,81,1,46,49,0,96,24,0,24,120
06/24/2018,ENA,AK,AAL,WE,Federal Contract Tower,0,18,2,0,20,0,44,46,0,90,0,62,48,0,110,20,0,20,130
06/25/2018,ENA,AK,AAL,WE,Federal Contract Tower,0,39,0,0,39,2,70,27,0,99,2,109,27,0,138,22,0,22,160
06/26/2018,ENA,AK,AAL,WE,Federal Contract Tower,0,34,2,0,36,2,85,48,0,135,2,119,50,0,171,44,0,44,215
06/27/2018,ENA,AK,AAL,WE,Federal Contract Tower,0,30,0,0,30,4,87,25,0,116,4,117,25,0,146,19,0,19,165
06/28/2018,ENA,AK,AAL,WE,Federal Contract Tower,0,29,4,0,33,3,71,46,8,128,3,100,50,8,161,46,0,46,207
06/29/2018,ENA,AK,AAL,WE,Federal Contract Tower,0,27,5,0,32,0,56,41,2,99,0,83,46,2,131,38,0,38,169
06/30/2018,ENA,AK,AAL,WE,Federal Contract Tower,0,19,3,0,22,0,19,23,0,42,0,38,26,0,64,14,0,14,78
07/01/2018,ENA,AK,AAL,WE,Federal Contract Tower,0,18,2,0,20,0,43,25,0,68,0,61,27,0,88,54,0,54,142
07/02/2018,ENA,AK,AAL,WE,Federal Contract Tower,0,25,1,4,30,0,59,51,0,110,0,84,52,4,140,32,0,32,172
07/03/2018,ENA,AK,AAL,WE,Federal Contract Tower,0,32,0,2,34,1,80,62,0,143,1,112,62,2,177,50,0,50,227
07/04/2018,ENA,AK,AAL,WE,Federal Contract Tower,0,19,0,0,19,0,23,17,0,40,0,42,17,0,59,16,0,16,75
07/05/2018,ENA,AK,AAL,WE,Federal Contract Tower,0,16,9,0,25,0,62,42,0,104,0,78,51,0,129,16,0,16,145
07/06/2018,ENA,AK,AAL,WE,Federal Contract Tower,0,24,0,8,32,0,66,37,0,103,0,90,37,8,135,28,0,28,163
07/07/2018,ENA,AK,AAL,WE,Federal Contract Tower,0,11,2,0,13,0,18,29,0,47,0,29,31,0,60,62,8,70,130
07/08/2018,ENA,AK,AAL,WE,Federal Contract Tower,0,15,1,0,16,0,36,7,0,43,0,51,8,0,59,63,0,63,122
07/09/2018,ENA,AK,AAL,WE,Federal Contract Tower,0,36,9,0,45,0,58,25,0,83,0,94,34,0,128,10,18,28,156
07/10/2018,ENA,AK,AAL,WE,Federal Contract Tower,0,31,2,0,33,0,62,20,0,82,0,93,22,0,115,46,0,46,161
07/11/2018,ENA,AK,AAL,WE,Federal Contract Tower,0,42,0,1,43,2,52,16,1,71,2,94,16,2,114,4,22,26,140
07/12/2018,ENA,AK,AAL,WE,Federal Contract Tower,0,27,2,0,29,5,66,52,0,123,5,93,54,0,152,38,0,38,190
07/13/2018,ENA,AK,AAL,WE,Federal Contract Tower,0,31,2,0,33,0,64,29,0,93,0,95,31,0,126,53,0,53,179
07/14/2018,ENA,AK,AAL,WE,Federal Contract Tower,0,16,3,0,19,0,18,19,0,37,0,34,22,0,56,24,0,24,80
07/15/2018,ENA,AK,AAL,WE,Federal Contract Tower,0,25,1,0,26,0,29,34,5,68,0,54,35,5,94,20,0,20,114
07/16/2018,ENA,AK,AAL,WE,Federal Contract Tower,0,26,1,0,27,0,75,32,0,107,0,101,33,0,134,28,0,28,162
07/17/2018,ENA,AK,AAL,WE,Federal Contract Tower,0,33,4,0,37,6,70,46,10,132,6,103,50,10,169,44,24,68,237
07/18/2018,ENA,AK,AAL,WE,Federal Contract Tower,0,30,7,0,37,9,62,45,0,116,9,92,52,0,153,28,0,28,181
07/19/2018,ENA,AK,AAL,WE,Federal Contract Tower,0,27,1,0,28,11,85,49,0,145,11,112,50,0,173,22,4,26,199
07/20/2018,ENA,AK,AAL,WE,Federal Contract Tower,0,53,6,0,59,0,36,34,0,70,0,89,40,0,129,8,0,8,137
07/21/2018,ENA,AK,AAL,WE,Federal Contract Tower,0,14,4,0,18,0,31,35,0,66,0,45,39,0,84,14,0,14,98
07/22/2018,ENA,AK,AAL,WE,Federal Contract Tower,0,31,4,0,35,0,16,30,0,46,0,47,34,0,81,10,0,10,91
07/23/2018,ENA,AK,AAL,WE,Federal Contract Tower,0,39,4,0,43,0,58,17,0,75,0,97,21,0,118,32,0,32,150
07/24/2018,ENA,AK,AAL,WE,Federal Contract Tower,0,39,4,0,43,0,74,32,0,106,0,113,36,0,149,26,22,48,197
07/25/2018,ENA,AK,AAL,WE,Federal Contract Tower,1,41,0,0,42,0,0,0,0,0,1,41,0,0,42,34,0,34,76
07/26/2018,ENA,AK,AAL,WE,Federal Contract Tower,1,48,3,0,52,5,55,34,0,94,6,103,37,0,146,12,0,12,158
07/27/2018,ENA,AK,AAL,WE,Federal Contract Tower,1,32,1,4,38,14,68,29,0,111,15,100,30,4,149,20,0,20,169
07/28/2018,ENA,AK,AAL,WE,Federal Contract Tower,0,25,0,0,25,0,17,24,0,41,0,42,24,0,66,14,0,14,80
07/29/2018,ENA,AK,AAL,WE,Federal Contract Tower,0,26,0,0,26,0,38,46,0,84,0,64,46,0,110,26,0,26,136
07/30/2018,ENA,AK,AAL,WE,Federal Contract Tower,0,34,3,0,37,4,66,37,6,113,4,100,40,6,150,40,20,60,210
07/31/2018,ENA,AK,AAL,WE,Federal Contract Tower,0,30,2,0,32,0,87,31,0,118,0,117,33,0,150,40,0,40,190
08/01/2018,ENA,AK,AAL,WE,Federal Contract Tower,0,52,1,0,53,0,62,10,0,72,0,114,11,0,125,20,0,20,145
08/02/2018,ENA,AK,AAL,WE,Federal Contract Tower,0,70,6,0,76,0,19,3,0,22,0,89,9,0,98,6,0,6,104
08/03/2018,ENA,AK,AAL,WE,Federal Contract Tower,0,29,0,2,31,4,78,32,0,114,4,107,32,2,145,30,2,32,177
08/04/2018,ENA,AK,AAL,WE,Federal Contract Tower,0,12,2,0,14,0,0,0,0,0,0,12,2,0,14,36,18,54,68
08/05/2018,ENA,AK,AAL,WE,Federal Contract Tower,0,23,2,2,27,0,41,16,0,57,0,64,18,2,84,0,0,0,84
08/06/2018,ENA,AK,AAL,WE,Federal Contract Tower,0,35,1,2,38,0,56,14,0,70,0,91,15,2,108,16,2,18,126
08/07/2018,ENA,AK,AAL,WE,Federal Contract Tower,0,42,4,0,46,0,74,16,0,90,0,116,20,0,136,4,0,4,140
08/08/2018,ENA,AK,AAL,WE,Federal Contract Tower,0,31,3,2,36,1,67,39,0,107,1,98,42,2,143,32,4,36,179
08/09/2018,ENA,AK,AAL,WE,Federal Contract Tower,0,30,4,0,34,0,71,43,0,114,0,101,47,0,148,56,4,60,208
08/10/2018,ENA,AK,AAL,WE,Federal Contract Tower,0,25,5,0,30,0,95,33,0,128,0,120,38,0,158,102,0,102,260
08/11/2018,ENA,AK,AAL,WE,Federal Contract Tower,0,17,4,0,21,0,12,0,0,12,0,29,4,0,33,0,0,0,33
08/12/2018,ENA,AK,AAL,WE,Federal Contract Tower,0,21,3,0,24,0,29,4,0,33,0,50,7,0,57,4,0,4,61
08/13/2018,ENA,AK,AAL,WE,Federal Contract Tower,0,34,2,0,36,1,77,8,2,88,1,111,10,2,124,36,8,44,168
08/14/2018,ENA,AK,AAL,WE,Federal Contract Tower,0,55,8,9,72,1,86,15,10,112,1,141,23,19,184,76,14,90,274
08/15/2018,ENA,AK,AAL,WE,Federal Contract Tower,0,40,1,1,42,5,68,38,1,112,5,108,39,2,154,42,14,56,210
08/16/2018,ENA,AK,AAL,WE,Federal Contract Tower,0,45,6,0,51,6,56,32,0,94,6,101,38,0,145,70,24,94,239
08/17/2018,ENA,AK,AAL,WE,Federal Contract Tower,0,30,0,0,30,9,65,46,10,130,9,95,46,10,160,100,0,100,260
08/18/2018,ENA,AK,AAL,WE,Federal Contract Tower,0,12,0,0,12,4,29,32,0,65,4,41,32,0,77,8,0,8,85
08/19/2018,ENA,AK,AAL,WE,Federal Contract Tower,0,28,0,0,28,0,18,10,0,28,0,46,10,0,56,10,0,10,66
08/20/2018,ENA,AK,AAL,WE,Federal Contract Tower,0,52,0,0,52,0,70,11,0,81,0,122,11,0,133,34,0,34,167
08/21/2018,ENA,AK,AAL,WE,Federal Contract Tower,0,58,6,10,74,0,33,4,0,37,0,91,10,10,111,28,12,40,151
08/22/2018,ENA,AK,AAL,WE,Federal Contract Tower,0,29,3,1,33,5,62,38,0,105,5,91,41,1,138,30,22,52,190
08/23/2018,ENA,AK,AAL,WE,Federal Contract Tower,1,61,5,9,76,2,24,5,0,31,3,85,10,9,107,0,32,32,139
08/24/2018,ENA,AK,AAL,WE,Federal Contract Tower,0,40,1,0,41,0,66,21,0,87,0,106,22,0,128,22,10,32,160
08/25/2018,ENA,AK,AAL,WE,Federal Contract Tower,0,15,4,0,19,6,40,42,0,88,6,55,46,0,107,12,0,12,119
08/26/2018,ENA,AK,AAL,WE,Federal Contract Tower,0,33,4,0,37,0,0,2,0,2,0,33,6,0,39,0,0,0,39
08/27/2018,ENA,AK,AAL,WE,Federal Contract Tower,0,28,1,4,33,2,75,32,0,109,2,103,33,4,142,46,14,60,202
08/28/2018,ENA,AK,AAL,WE,Federal Contract Tower,0,36,0,0,36,1,83,44,2,130,1,119,44,2,166,40,9,49,215
08/29/2018,ENA,AK,AAL,WE,Federal Contract Tower,0,28,1,0,29,0,75,21,0,96,0,103,22,0,125,44,0,44,169
08/30/2018,ENA,AK,AAL,WE,Federal Contract Tower,1,22,0,0,23,5,66,14,0,85,6,88,14,0,108,6,12,18,126
08/31/2018,ENA,AK,AAL,WE,Federal Contract Tower,0,22,0,2,24,0,70,52,0,122,0,92,52,2,146,38,2,40,186
09/01/2018,ENA,AK,AAL,WE,Federal Contract Tower,0,13,0,0,13,0,33,51,0,84,0,46,51,0,97,22,8,30,127
09/02/2018,ENA,AK,AAL,WE,Federal Contract Tower,0,15,0,0,15,0,39,31,0,70,0,54,31,0,85,32,20,52,137
09/03/2018,ENA,AK,AAL,WE,Federal Contract Tower,0,17,0,0,17,3,60,41,0,104,3,77,41,0,121,30,10,40,161
09/04/2018,ENA,AK,AAL,WE,Federal Contract Tower,0,28,0,0,28,2,83,25,0,110,2,111,25,0,138,38,0,38,176
09/05/2018,ENA,AK,AAL,WE,Federal Contract Tower,0,24,2,0,26,4,79,44,0,127,4,103,46,0,153,54,8,62,215
09/06/2018,ENA,AK,AAL,WE,Federal Contract Tower,0,24,1,1,26,2,67,32,0,101,2,91,33,1,127,36,24,60,187
09/07/2018,ENA,AK,AAL,WE,Federal Contract Tower,8,23,2,0,33,6,65,27,0,98,14,88,29,0,131,38,0,38,169
09/08/2018,ENA,AK,AAL,WE,Federal Contract Tower,0,10,1,0,11,5,18,52,0,75,5,28,53,0,86,20,0,20,106
09/09/2018,ENA,AK,AAL,WE,Federal Contract Tower,4,13,0,0,17,0,27,38,0,65,4,40,38,0,82,24,14,38,120
09/10/2018,ENA,AK,AAL,WE,Federal Contract Tower,0,27,1,0,28,0,45,33,0,78,0,72,34,0,106,24,4,28,134
09/11/2018,ENA,AK,AAL,WE,Federal Contract Tower,0,26,2,0,28,4,54,23,0,81,4,80,25,0,109,46,0,46,155
09/12/2018,ENA,AK,AAL,WE,Federal Contract Tower,0,22,0,0,22,0,74,29,0,103,0,96,29,0,125,42,26,68,193
09/13/2018,ENA,AK,AAL,WE,Federal Contract Tower,0,30,1,0,31,0,67,26,0,93,0,97,27,0,124,32,0,32,156
09/14/2018,ENA,AK,AAL,WE,Federal Contract Tower,0,31,1,0,32,4,59,43,0,106,4,90,44,0,138,34,0,34,172
09/15/2018,ENA,AK,AAL,WE,Federal Contract Tower,0,17,0,2,19,0,11,20,2,33,0,28,20,4,52,12,0,12,64
09/16/2018,ENA,AK,AAL,WE,Federal Contract Tower,0,29,3,2,34,0,8,3,0,11,0,37,6,2,45,6,0,6,51
09/17/2018,ENA,AK,AAL,WE,Federal Contract Tower,0,58,6,0,64,0,17,3,0,20,0,75,9,0,84,6,0,6,90
09/18/2018,ENA,AK,AAL,WE,Federal Contract Tower,0,45,3,0,48,5,55,20,0,80,5,100,23,0,128,18,2,20,148
09/19/2018,ENA,AK,AAL,WE,Federal Contract Tower,0,64,9,2,75,1,11,10,0,22,1,75,19,2,97,4,0,4,101
09/20/2018,ENA,AK,AAL,WE,Federal Contract Tower,0,40,2,0,42,0,8,47,24,79,0,48,49,24,121,64,0,64,185
09/21/2018,ENA,AK,AAL,WE,Federal Contract Tower,0,41,1,0,42,0,3,61,23,87,0,44,62,23,129,26,0,26,155
09/22/2018,ENA,AK,AAL,WE,Federal Contract Tower,0,18,2,0,20,0,24,8,0,32,0,42,10,0,52,22,0,22,74
09/23/2018,ENA,AK,AAL,WE,Federal Contract Tower,0,15,0,0,15,0,34,14,0,48,0,49,14,0,63,18,0,18,81
09/24/2018,ENA,AK,AAL,WE,Federal Contract Tower,0,29,0,2,31,0,38,0,1,39,0,67,0,3,70,0,14,14,84
09/25/2018,ENA,AK,AAL,WE,Federal Contract Tower,0,28,0,0,28,6,73,18,0,97,6,101,18,0,125,36,10,46,171
09/26/2018,ENA,AK,AAL,WE,Federal Contract Tower,1,34,3,0,38,0,4,50,36,90,1,38,53,36,128,30,4,34,162
09/27/2018,ENA,AK,AAL,WE,Federal Contract Tower,0,35,1,0,36,0,34,6,0,40,0,69,7,0,76,28,0,28,104
09/28/2018,ENA,AK,AAL,WE,Federal Contract Tower,0,34,1,2,37,3,41,14,0,58,3,75,15,2,95,38,6,44,139
09/29/2018,ENA,AK,AAL,WE,Federal Contract Tower,0,16,0,0,16,0,53,34,4,91,0,69,34,4,107,102,0,102,209
09/30/2018,ENA,AK,AAL,WE,Federal Contract Tower,0,19,1,0,20,0,14,28,0,42,0,33,29,0,62,10,0,10,72
10/01/2018,ENA,AK,AAL,WE,Federal Contract Tower,0,41,0,0,41,0,0,0,0,0,0,41,0,0,41,0,0,0,41
10/02/2018,ENA,AK,AAL,WE,Federal Contract Tower,0,21,0,0,21,0,72,12,0,84,0,93,12,0,105,40,2,42,147
10/03/2018,ENA,AK,AAL,WE,Federal Contract Tower,0,26,0,0,26,0,55,3,0,58,0,81,3,0,84,22,0,22,106
10/04/2018,ENA,AK,AAL,WE,Federal Contract Tower,0,28,0,2,30,0,67,2,0,69,0,95,2,2,99,24,0,24,123
10/05/2018,ENA,AK,AAL,WE,Federal Contract Tower,0,54,0,0,54,0,22,11,0,33,0,76,11,0,87,32,0,32,119
10/06/2018,ENA,AK,AAL,WE,Federal Contract Tower,0,13,1,0,14,0,19,17,0,36,0,32,18,0,50,24,0,24,74
10/07/2018,ENA,AK,AAL,WE,Federal Contract Tower,0,23,7,0,30,0,27,17,0,44,0,50,24,0,74,30,0,30,104
10/08/2018,ENA,AK,AAL,WE,Federal Contract Tower,0,60,2,0,62,0,17,6,0,23,0,77,8,0,85,10,0,10,95
10/09/2018,ENA,AK,AAL,WE,Federal Contract Tower,0,32,0,0,32,3,61,8,0,72,3,93,8,0,104,34,8,42,146
10/10/2018,ENA,AK,AAL,WE,Federal Contract Tower,0,30,0,1,31,0,36,0,0,36,0,66,0,1,67,20,0,20,87
10/11/2018,ENA,AK,AAL,WE,Federal Contract Tower,0,25,0,0,25,2,88,13,0,103,2,113,13,0,128,44,20,64,192
10/12/2018,ENA,AK,AAL,WE,Federal Contract Tower,0,45,0,0,45,0,32,7,0,39,0,77,7,0,84,8,0,8,92
10/13/2018,ENA,AK,AAL,WE,Federal Contract Tower,0,14,0,0,14,0,4,6,0,10,0,18,6,0,24,14,0,14,38
10/14/2018,ENA,AK,AAL,WE,Federal Contract Tower,0,11,2,0,13,0,24,9,0,33,0,35,11,0,46,42,0,42,88
10/15/2018,ENA,AK,AAL,WE,Federal Contract Tower,0,32,0,0,32,0,42,7,0,49,0,74,7,0,81,38,0,38,119
10/16/2018,ENA,AK,AAL,WE,Federal Contract Tower,0,30,0,0,30,0,67,5,0,72,0,97,5,0,102,30,0,30,132
10/17/2018,ENA,AK,AAL,WE,Federal Contract Tower,0,34,0,0,34,5,47,3,0,55,5,81,3,0,89,30,0,30,119
10/18/2018,ENA,AK,AAL,WE,Federal Contract Tower,0,27,8,0,35,1,72,12,0,85,1,99,20,0,120,44,0,44,164
10/19/2018,ENA,AK,AAL,WE,Federal Contract Tower,0,27,0,0,27,6,44,4,0,54,6,71,4,0,81,10,2,12,93
10/20/2018,ENA,AK,AAL,WE,Federal Contract Tower,0,11,2,0,13,0,18,8,0,26,0,29,10,0,39,38,0,38,77
10/21/2018,ENA,AK,AAL,WE,Federal Contract Tower,0,9,0,0,9,0,14,2,0,16,0,23,2,0,25,16,0,16,41
10/22/2018,ENA,AK,AAL,WE,Federal Contract Tower,0,22,0,0,22,0,47,12,0,59,0,69,12,0,81,58,0,58,139
10/23/2018,ENA,AK,AAL,WE,Federal Contract Tower,0,33,0,0,33,0,41,0,0,41,0,74,0,0,74,26,0,26,100
10/24/2018,ENA,AK,AAL,WE,Federal Contract Tower,0,20,1,0,21,0,45,7,0,52,0,65,8,0,73,20,18,38,111
10/25/2018,ENA,AK,AAL,WE,Federal Contract Tower,3,23,0,1,27,7,60,8,0,75,10,83,8,1,102,54,10,64,166
10/26/2018,ENA,AK,AAL,WE,Federal Contract Tower,0,14,0,0,14,5,47,12,0,64,5,61,12,0,78,50,14,64,142
10/27/2018,ENA,AK,AAL,WE,Federal Contract Tower,0,12,0,0,12,0,13,17,0,30,0,25,17,0,42,10,0,10,52
10/28/2018,ENA,AK,AAL,WE,Federal Contract Tower,0,19,0,0,19,0,9,7,0,16,0,28,7,0,35,5,0,5,40
10/29/2018,ENA,AK,AAL,WE,Federal Contract Tower,0,29,0,1,30,0,59,4,1,64,0,88,4,2,94,20,24,44,138
10/30/2018,ENA,AK,AAL,WE,Federal Contract Tower,0,19,1,1,21,3,45,10,0,58,3,64,11,1,79,52,40,92,171
10/31/2018,ENA,AK,AAL,WE,Federal Contract Tower,0,20,2,0,22,2,54,8,0,64,2,74,10,0,86,16,10,26,112
11/01/2018,ENA,AK,AAL,WE,Federal Contract Tower,0,20,2,2,24,1,62,3,4,70,1,82,5,6,94,38,12,50,144
11/02/2018,ENA,AK,AAL,WE,Federal Contract Tower,0,27,0,0,27,3,62,10,0,75,3,89,10,0,102,8,0,8,110
11/03/2018,ENA,AK,AAL,WE,Federal Contract Tower,2,12,0,0,14,2,32,13,0,47,4,44,13,0,61,32,4,36,97
11/04/2018,ENA,AK,AAL,WE,Federal Contract Tower,0,13,0,0,13,0,20,9,0,29,0,33,9,0,42,16,0,16,58
11/05/2018,ENA,AK,AAL,WE,Federal Contract Tower,0,19,1,0,20,4,67,15,1,87,4,86,16,1,107,50,8,58,165
11/06/2018,ENA,AK,AAL,WE,Federal Contract Tower,0,22,0,0,22,4,53,11,0,68,4,75,11,0,90,38,0,38,128
11/07/2018,ENA,AK,AAL,WE,Federal Contract Tower,1,23,0,1,25,12,49,10,10,81,13,72,10,11,106,34,10,44,150
11/08/2018,ENA,AK,AAL,WE,Federal Contract Tower,0,24,0,0,24,1,60,9,0,70,1,84,9,0,94,30,0,30,124
11/09/2018,ENA,AK,AAL,WE,Federal Contract Tower,0,32,0,0,32,0,46,21,0,67,0,78,21,0,99,14,0,14,113
11/10/2018,ENA,AK,AAL,WE,Federal Contract Tower,0,14,0,0,14,0,26,0,0,26,0,40,0,0,40,10,0,10,50
11/11/2018,ENA,AK,AAL,WE,Federal Contract Tower,0,21,0,0,21,0,0,0,0,0,0,21,0,0,21,0,0,0,21
11/12/2018,ENA,AK,AAL,WE,Federal Contract Tower,0,40,0,0,40,0,42,0,0,42,0,82,0,0,82,24,0,24,106
11/13/2018,ENA,AK,AAL,WE,Federal Contract Tower,0,20,2,5,27,5,60,11,0,76,5,80,13,5,103,42,0,42,145
11/14/2018,ENA,AK,AAL,WE,Federal Contract Tower,0,52,0,0,52,1,4,0,0,5,1,56,0,0,57,0,0,0,57
11/15/2018,ENA,AK,AAL,WE,Federal Contract Tower,0,26,0,3,29,4,44,0,0,48,4,70,0,3,77,4,2,6,83
11/16/2018,ENA,AK,AAL,WE,Federal Contract Tower,0,29,0,2,31,1,39,0,0,40,1,68,0,2,71,4,0,4,75
11/17/2018,ENA,AK,AAL,WE,Federal Contract Tower,0,10,1,0,11,0,24,9,0,33,0,34,10,0,44,8,0,8,52
11/18/2018,ENA,AK,AAL,WE,Federal Contract Tower,0,22,2,0,24,0,26,0,0,26,0,48,2,0,50,8,0,8,58
11/19/2018,ENA,AK,AAL,WE,Federal Contract Tower,0,23,0,1,24,3,50,6,0,59,3,73,6,1,83,24,24,48,131
11/20/2018,ENA,AK,AAL,WE,Federal Contract Tower,7,4,0,0,11,0,0,0,0,0,7,4,0,0,11,0,0,0,11
11/21/2018,ENA,AK,AAL,WE,Federal Contract Tower,0,47,0,0,47,0,53,17,0,70,0,100,17,0,117,58,38,96,213
11/22/2018,ENA,AK,AAL,WE,Federal Contract Tower,0,19,0,0,19,0,7,1,0,8,0,26,1,0,27,0,0,0,27
11/23/2018,ENA,AK,AAL,WE,Federal Contract Tower,0,25,0,0,25,3,13,1,0,17,3,38,1,0,42,6,0,6,48
11/24/2018,ENA,AK,AAL,WE,Federal Contract Tower,0,12,0,0,12,2,10,5,0,17,2,22,5,0,29,12,0,12,41
11/25/2018,ENA,AK,AAL,WE,Federal Contract Tower,0,20,0,0,20,0,9,4,0,13,0,29,4,0,33,2,0,2,35
11/26/2018,ENA,AK,AAL,WE,Federal Contract Tower,0,40,0,2,42,2,24,3,4,33,2,64,3,6,75,4,26,30,105
11/27/2018,ENA,AK,AAL,WE,Federal Contract Tower,0,17,1,2,20,1,55,2,3,61,1,72,3,5,81,12,60,72,153
11/28/2018,ENA,AK,AAL,WE,Federal Contract Tower,0,47,1,2,50,0,19,0,0,19,0,66,1,2,69,10,60,70,139
11/29/2018,ENA,AK,AAL,WE,Federal Contract Tower,1,36,0,0,37,2,38,3,0,43,3,74,3,0,80,82,20,102,182
11/30/2018,ENA,AK,AAL,WE,Federal Contract Tower,0,14,1,0,15,0,31,4,0,35,0,45,5,0,50,8,12,20,70
12/01/2018,ENA,AK,AAL,WE,Federal Contract Tower,0,8,0,1,9,0,11,3,0,14,0,19,3,1,23,4,8,12,35
12/02/2018,ENA,AK,AAL,WE,Federal Contract Tower,0,20,0,0,20,0,10,4,2,16,0,30,4,2,36,18,10,28,64
12/03/2018,ENA,AK,AAL,WE,Federal Contract Tower,0,38,0,0,38,0,41,11,0,52,0,79,11,0,90,12,0,12,102
12/04/2018,ENA,AK,AAL,WE,Federal Contract Tower,0,32,0,1,33,0,47,2,4,53,0,79,2,5,86,4,50,54,140
12/05/2018,ENA,AK,AAL,WE,Federal Contract Tower,0,36,0,0,36,0,47,10,0,57,0,83,10,0,93,24,14,38,131
12/06/2018,ENA,AK,AAL,WE,Federal Contract Tower,1,38,0,4,43,3,48,1,0,52,4,86,1,4,95,44,8,52,147
12/07/2018,ENA,AK,AAL,WE,Federal Contract Tower,1,44,0,0,45,0,24,0,0,24,1,68,0,0,69,0,0,0,69
12/08/2018,ENA,AK,AAL,WE,Federal Contract Tower,0,21,0,0,21,0,2,0,0,2,0,23,0,0,23,0,0,0,23
12/09/2018,ENA,AK,AAL,WE,Federal Contract Tower,0,11,0,0,11,0,22,15,0,37,0,33,15,0,48,4,0,4,52
12/10/2018,ENA,AK,AAL,WE,Federal Contract Tower,0,27,0,10,37,1,31,3,0,35,1,58,3,10,72,6,0,6,78
12/11/2018,ENA,AK,AAL,WE,Federal Contract Tower,0,56,0,4,60,0,11,0,0,11,0,67,0,4,71,0,0,0,71
12/12/2018,ENA,AK,AAL,WE,Federal Contract Tower,0,55,0,0,55,0,1,0,0,1,0,56,0,0,56,2,0,2,58
12/13/2018,ENA,AK,AAL,WE,Federal Contract Tower,0,29,2,8,39,1,60,10,0,71,1,89,12,8,110,54,14,68,178
12/14/2018,ENA,AK,AAL,WE,Federal Contract Tower,2,43,0,0,45,0,11,0,0,11,2,54,0,0,56,0,0,0,56
12/15/2018,ENA,AK,AAL,WE,Federal Contract Tower,0,21,0,0,21,1,13,4,0,18,1,34,4,0,39,0,0,0,39
12/16/2018,ENA,AK,AAL,WE,Federal Contract Tower,0,21,0,0,21,0,10,0,0,10,0,31,0,0,31,16,0,16,47
12/17/2018,ENA,AK,AAL,WE,Federal Contract Tower,0,28,0,4,32,0,15,4,0,19,0,43,4,4,51,0,0,0,51
12/18/2018,ENA,AK,AAL,WE,Federal Contract Tower,0,51,0,0,51,0,16,0,0,16,0,67,0,0,67,0,0,0,67
12/19/2018,ENA,AK,AAL,WE,Federal Contract Tower,2,59,0,0,61,0,8,0,0,8,2,67,0,0,69,0,0,0,69
12/20/2018,ENA,AK,AAL,WE,Federal Contract Tower,0,52,0,0,52,0,7,5,0,12,0,59,5,0,64,0,12,12,76
12/21/2018,ENA,AK,AAL,WE,Federal Contract Tower,0,42,4,0,46,0,11,0,0,11,0,53,4,0,57,0,0,0,57
12/22/2018,ENA,AK,AAL,WE,Federal Contract Tower,0,16,4,0,20,1,20,3,0,24,1,36,7,0,44,54,8,62,106
12/23/2018,ENA,AK,AAL,WE,Federal Contract Tower,0,14,1,0,15,0,19,2,0,21,0,33,3,0,36,44,0,44,80
12/24/2018,ENA,AK,AAL,WE,Federal Contract Tower,0,13,0,0,13,0,11,0,0,11,0,24,0,0,24,0,0,0,24
12/25/2018,ENA,AK,AAL,WE,Federal Contract Tower,0,9,0,0,9,0,15,1,0,16,0,24,1,0,25,0,0,0,25
12/26/2018,ENA,AK,AAL,WE,Federal Contract Tower,0,28,0,0,28,1,46,4,0,51,1,74,4,0,79,26,2,28,107
12/27/2018,ENA,AK,AAL,WE,Federal Contract Tower,0,43,0,0,43,0,25,1,3,29,0,68,1,3,72,14,4,18,90
12/28/2018,ENA,AK,AAL,WE,Federal Contract Tower,0,46,0,0,46,0,2,0,0,2,0,48,0,0,48,0,0,0,48
12/29/2018,ENA,AK,AAL,WE,Federal Contract Tower,0,13,0,0,13,0,12,0,0,12,0,25,0,0,25,4,0,4,29
12/30/2018,ENA,AK,AAL,WE,Federal Contract Tower,0,17,0,0,17,0,11,3,0,14,0,28,3,0,31,4,0,4,35
12/31/2018,ENA,AK,AAL,WE,Federal Contract Tower,0,27,0,0,27,0,24,5,0,29,0,51,5,0,56,0,0,0,56
01/01/2019,ENA,AK,AAL,WE,Federal Contract Tower,0,11,0,0,11,0,23,6,0,29,0,34,6,0,40,10,0,10,50
01/02/2019,ENA,AK,AAL,WE,Federal Contract Tower,0,22,0,0,22,2,36,1,0,39,2,58,1,0,61,12,0,12,73
01/03/2019,ENA,AK,AAL,WE,Federal Contract Tower,1,30,2,0,33,5,50,2,0,57,6,80,4,0,90,34,4,38,128
01/04/2019,ENA,AK,AAL,WE,Federal Contract Tower,0,35,0,1,36,5,36,2,0,43,5,71,2,1,79,22,36,58,137
01/05/2019,ENA,AK,AAL,WE,Federal Contract Tower,0,14,0,0,14,0,13,2,0,15,0,27,2,0,29,6,14,20,49
01/06/2019,ENA,AK,AAL,WE,Federal Contract Tower,0,24,1,0,25,0,3,0,0,3,0,27,1,0,28,4,0,4,32
01/07/2019,ENA,AK,AAL,WE,Federal Contract Tower,0,41,0,1,42,1,20,4,0,25,1,61,4,1,67,26,20,46,113
01/08/2019,ENA,AK,AAL,WE,Federal Contract Tower,0,25,0,6,31,5,47,2,0,54,5,72,2,6,85,12,32,44,129
01/09/2019,ENA,AK,AAL,WE,Federal Contract Tower,0,29,0,0,29,3,34,2,0,39,3,63,2,0,68,12,6,18,86
01/10/2019,ENA,AK,AAL,WE,Federal Contract Tower,0,27,2,0,29,0,38,3,3,44,0,65,5,3,73,20,48,68,141
01/11/2019,ENA,AK,AAL,WE,Federal Contract Tower,0,17,0,1,18,0,51,5,0,56,0,68,5,1,74,10,14,24,98
01/12/2019,ENA,AK,AAL,WE,Federal Contract Tower,0,11,0,0,11,0,19,8,0,27,0,30,8,0,38,18,0,18,56
01/13/2019,ENA,AK,AAL,WE,Federal Contract Tower,0,13,0,0,13,0,11,3,0,14,0,24,3,0,27,14,0,14,41
01/14/2019,ENA,AK,AAL,WE,Federal Contract Tower,0,21,0,0,21,3,50,2,0,55,3,71,2,0,76,38,0,38,114
01/15/2019,ENA,AK,AAL,WE,Federal Contract Tower,0,17,0,4,21,7,68,10,0,85,7,85,10,4,106,82,8,90,196
01/16/2019,ENA,AK,AAL,WE,Federal Contract Tower,1,23,0,0,24,5,46,2,0,53,6,69,2,0,77,24,0,24,101
01/17/2019,ENA,AK,AAL,WE,Federal Contract Tower,0,16,1,0,17,9,57,9,0,75,9,73,10,0,92,40,6,46,138
01/18/2019,ENA,AK,AAL,WE,Federal Contract Tower,0,26,0,0,26,2,28,10,0,40,2,54,10,0,66,42,0,42,108
01/19/2019,ENA,AK,AAL,WE,Federal Contract Tower,1,15,0,0,16,4,23,1,0,28,5,38,1,0,44,54,0,54,98
01/20/2019,ENA,AK,AAL,WE,Federal Contract Tower,0,15,0,0,15,0,23,0,0,23,0,38,0,0,38,18,0,18,56
01/21/2019,ENA,AK,AAL,WE,Federal Contract Tower,0,27,0,0,27,0,32,1,0,33,0,59,1,0,60,14,0,14,74
01/22/2019,ENA,AK,AAL,WE,Federal Contract Tower,0,21,0,1,22,3,65,3,0,71,3,86,3,1,93,34,20,54,147
01/23/2019,ENA,AK,AAL,WE,Federal Contract Tower,0,20,0,4,24,3,43,11,0,57,3,63,11,4,81,18,0,18,99
01/24/2019,ENA,AK,AAL,WE,Federal Contract Tower,0,20,0,0,20,0,48,7,0,55,0,68,7,0,75,28,0,28,103
01/25/2019,ENA,AK,AAL,WE,Federal Contract Tower,0,25,0,0,25,0,31,2,0,33,0,56,2,0,58,0,0,0,58
01/26/2019,ENA,AK,AAL,WE,Federal Contract Tower,0,13,2,0,15,0,8,8,0,16,0,21,10,0,31,24,0,24,55
01/27/2019,ENA,AK,AAL,WE,Federal Contract Tower,0,9,0,0,9,0,23,3,0,26,0,32,3,0,35,48,0,48,83
01/28/2019,ENA,AK,AAL,WE,Federal Contract Tower,0,36,0,0,36,0,0,0,0,0,0,36,0,0,36,0,0,0,36
01/29/2019,ENA,AK,AAL,WE,Federal Contract Tower,0,54,0,2,56,0,0,0,0,0,0,54,0,2,56,0,0,0,56
01/30/2019,ENA,AK,AAL,WE,Federal Contract Tower,0,50,0,0,50,0,1,0,0,1,0,51,0,0,51,0,0,0,51
01/31/2019,ENA,AK,AAL,WE,Federal Contract Tower,0,31,1,0,32,0,0,0,0,0,0,31,1,0,32,0,0,0,32
02/01/2019,ENA,AK,AAL,WE,Federal Contract Tower,0,19,3,0,22,5,69,18,0,92,5,88,21,0,114,36,0,36,150
02/02/2019,ENA,AK,AAL,WE,Federal Contract Tower,0,11,0,0,11,7,11,8,0,26,7,22,8,0,37,66,0,66,103
02/03/2019,ENA,AK,AAL,WE,Federal Contract Tower,0,29,0,0,29,0,0,0,0,0,0,29,0,0,29,0,0,0,29
02/04/2019,ENA,AK,AAL,WE,Federal Contract Tower,0,43,0,0,43,0,26,3,0,29,0,69,3,0,72,30,0,30,102
02/05/2019,ENA,AK,AAL,WE,Federal Contract Tower,4,36,0,0,40,0,2,0,0,2,4,38,0,0,42,4,0,4,46
02/06/2019,ENA,AK,AAL,WE,Federal Contract Tower,0,54,2,0,56,6,25,0,0,31,6,79,2,0,87,4,0,4,91
02/07/2019,ENA,AK,AAL,WE,Federal Contract Tower,0,20,2,0,22,4,58,12,0,74,4,78,14,0,96,36,0,36,132
02/08/2019,ENA,AK,AAL,WE,Federal Contract Tower,0,28,0,0,28,0,41,7,0,48,0,69,7,0,76,46,0,46,122
02/09/2019,ENA,AK,AAL,WE,Federal Contract Tower,0,11,1,0,12,0,1,3,0,4,0,12,4,0,16,0,0,0,16
02/10/2019,ENA,AK,AAL,WE,Federal Contract Tower,0,9,0,0,9,0,21,4,0,25,0,30,4,0,34,16,0,16,50
02/11/2019,ENA,AK,AAL,WE,Federal Contract Tower,0,37,0,0,37,2,37,7,0,46,2,74,7,0,83,16,0,16,99
02/12/2019,ENA,AK,AAL,WE,Federal Contract Tower,0,37,0,0,37,2,41,5,0,48,2,78,5,0,85,36,8,44,129
02/13/2019,ENA,AK,AAL,WE,Federal Contract Tower,0,24,0,1,25,4,54,7,1,66,4,78,7,2,91,62,22,84,175
02/14/2019,ENA,AK,AAL,WE,Federal Contract Tower,0,19,0,6,25,4,41,14,0,59,4,60,14,6,84,2,10,12,96
02/15/2019,ENA,AK,AAL,WE,Federal Contract Tower,0,20,5,0,25,3,57,9,0,69,3,77,14,0,94,72,0,72,166
02/16/2019,ENA,AK,AAL,WE,Federal Contract Tower,0,11,0,0,11,0,0,1,0,1,0,11,1,0,12,0,0,0,12
02/17/2019,ENA,AK,AAL,WE,Federal Contract Tower,0,18,0,0,18,0,0,0,0,0,0,18,0,0,18,0,0,0,18
02/18/2019,ENA,AK,AAL,WE,Federal Contract Tower,0,43,0,0,43,0,3,0,0,3,0,46,0,0,46,0,0,0,46
02/19/2019,ENA,AK,AAL,WE,Federal Contract Tower,0,23,0,0,23,0,63,12,0,75,0,86,12,0,98,2,0,2,100
02/20/2019,ENA,AK,AAL,WE,Federal Contract Tower,0,32,0,0,32,1,26,3,0,30,1,58,3,0,62,46,0,46,108
02/21/2019,ENA,AK,AAL,WE,Federal Contract Tower,0,21,0,0,21,1,81,10,0,92,1,102,10,0,113,58,0,58,171
02/22/2019,ENA,AK,AAL,WE,Federal Contract Tower,0,26,1,0,27,0,52,19,0,71,0,78,20,0,98,60,2,62,160
02/23/2019,ENA,AK,AAL,WE,Federal Contract Tower,0,12,0,0,12,0,43,17,0,60,0,55,17,0,72,66,0,66,138
02/24/2019,ENA,AK,AAL,WE,Federal Contract Tower,0,14,0,0,14,0,23,5,0,28,0,37,5,0,42,26,0,26,68
02/25/2019,ENA,AK,AAL,WE,Federal Contract Tower,0,20,0,0,20,0,46,20,0,66,0,66,20,0,86,86,0,86,172
02/26/2019,ENA,AK,AAL,WE,Federal Contract Tower,0,31,2,0,33,0,52,10,0,62,0,83,12,0,95,26,0,26,121
02/27/2019,ENA,AK,AAL,WE,Federal Contract Tower,0,25,2,0,27,1,71,2,0,74,1,96,4,0,101,54,0,54,155
02/28/2019,ENA,AK,AAL,WE,Federal Contract Tower,0,20,0,0,20,0,54,8,0,62,0,74,8,0,82,40,0,40,122
03/01/2019,ENA,AK,AAL,WE,Federal Contract Tower,0,27,0,0,27,0,71,14,0,85,0,98,14,0,112,68,2,70,182
03/02/2019,ENA,AK,AAL,WE,Federal Contract Tower,0,13,0,0,13,0,40,16,0,56,0,53,16,0,69,48,0,48,117
03/03/2019,ENA,AK,AAL,WE,Federal Contract Tower,0,18,0,0,18,0,28,11,0,39,0,46,11,0,57,52,0,52,109
03/04/2019,ENA,AK,AAL,WE,Federal Contract Tower,0,31,0,0,31,0,44,11,0,55,0,75,11,0,86,40,0,40,126
03/05/2019,ENA,AK,AAL,WE,Federal Contract Tower,0,16,2,0,18,0,56,5,0,61,0,72,7,0,79,34,0,34,113
03/06/2019,ENA,AK,AAL,WE,Federal Contract Tower,0,30,0,0,30,0,53,15,0,68,0,83,15,0,98,40,0,40,138
03/07/2019,ENA,AK,AAL,WE,Federal Contract Tower,0,39,0,0,39,0,15,0,0,15,0,54,0,0,54,0,0,0,54
03/08/2019,ENA,AK,AAL,WE,Federal Contract Tower,0,21,0,0,21,0,65,15,0,80,0,86,15,0,101,46,0,46,147
03/09/2019,ENA,AK,AAL,WE,Federal Contract Tower,0,12,0,0,12,0,13,13,0,26,0,25,13,0,38,0,0,0,38
03/10/2019,ENA,AK,AAL,WE,Federal Contract Tower,0,12,0,0,12,0,31,7,0,38,0,43,7,0,50,40,0,40,90
03/11/2019,ENA,AK,AAL,WE,Federal Contract Tower,0,23,0,0,23,0,40,16,0,56,0,63,16,0,79,20,0,20,99
03/12/2019,ENA,AK,AAL,WE,Federal Contract Tower,0,19,2,0,21,0,66,20,0,86,0,85,22,0,107,52,0,52,159
03/13/2019,ENA,AK,AAL,WE,Federal Contract Tower,0,23,2,0,25,0,47,4,0,51,0,70,6,0,76,16,0,16,92
03/14/2019,ENA,AK,AAL,WE,Federal Contract Tower,0,28,0,0,28,0,34,5,0,39,0,62,5,0,67,12,0,12,79
03/15/2019,ENA,AK,AAL,WE,Federal Contract Tower,0,18,0,0,18,0,58,5,0,63,0,76,5,0,81,14,0,14,95
03/16/2019,ENA,AK,AAL,WE,Federal Contract Tower,0,12,0,0,12,0,16,10,0,26,0,28,10,0,38,60,0,60,98
03/17/2019,ENA,AK,AAL,WE,Federal Contract Tower,0,15,0,0,15,0,18,6,0,24,0,33,6,0,39,8,0,8,47
03/18/2019,ENA,AK,AAL,WE,Federal Contract Tower,0,24,1,1,26,0,55,16,0,71,0,79,17,1,97,32,16,48,145
03/19/2019,ENA,AK,AAL,WE,Federal Contract Tower,0,23,4,0,27,0,67,15,0,82,0,90,19,0,109,38,8,46,155
03/20/2019,ENA,AK,AAL,WE,Federal Contract Tower,0,20,0,1,21,0,49,5,0,54,0,69,5,1,75,32,14,46,121
03/21/2019,ENA,AK,AAL,WE,Federal Contract Tower,0,14,3,0,17,4,77,7,0,88,4,91,10,0,105,40,0,40,145
03/22/2019,ENA,AK,AAL,WE,Federal Contract Tower,0,17,0,0,17,0,56,9,0,65,0,73,9,0,82,40,0,40,122
03/23/2019,ENA,AK,AAL,WE,Federal Contract Tower,0,10,0,0,10,0,13,15,0,28,0,23,15,0,38,6,0,6,44
03/24/2019,ENA,AK,AAL,WE,Federal Contract Tower,0,13,2,0,15,0,26,21,0,47,0,39,23,0,62,64,6,70,132
03/25/2019,ENA,AK,AAL,WE,Federal Contract Tower,0,20,4,0,24,6,53,14,0,73,6,73,18,0,97,48,0,48,145
03/26/2019,ENA,AK,AAL,WE,Federal Contract Tower,0,21,2,0,23,1,70,19,0,90,1,91,21,0,113,30,0,30,143
03/27/2019,ENA,AK,AAL,WE,Federal Contract Tower,0,24,0,1,25,0,53,28,0,81,0,77,28,1,106,124,4,128,234
03/28/2019,ENA,AK,AAL,WE,Federal Contract Tower,0,19,0,0,19,0,46,14,0,60,0,65,14,0,79,30,8,38,117
03/29/2019,ENA,AK,AAL,WE,Federal Contract Tower,0,21,2,0,23,0,39,15,0,54,0,60,17,0,77,70,0,70,147
03/30/2019,ENA,AK,AAL,WE,Federal Contract Tower,0,11,3,0,14,0,23,25,0,48,0,34,28,0,62,56,0,56,118
03/31/2019,ENA,AK,AAL,WE,Federal Contract Tower,0,16,0,0,16,0,24,45,0,69,0,40,45,0,85,98,0,98,183
04/01/2019,ENA,AK,AAL,WE,Federal Contract Tower,0,17,2,0,19,0,53,28,2,83,0,70,30,2,102,126,0,126,228
04/02/2019,ENA,AK,AAL,WE,Federal Contract Tower,0,31,3,2,36,0,30,16,1,47,0,61,19,3,83,38,9,47,130
04/03/2019,ENA,AK,AAL,WE,Federal Contract Tower,0,28,2,0,30,0,40,26,0,66,0,68,28,0,96,64,0,64,160
04/04/2019,ENA,AK,AAL,WE,Federal Contract Tower,0,24,0,0,24,0,63,17,0,80,0,87,17,0,104,22,2,24,128
04/05/2019,ENA,AK,AAL,WE,Federal Contract Tower,0,19,0,0,19,3,49,22,0,74,3,68,22,0,93,68,0,68,161
04/06/2019,ENA,AK,AAL,WE,Federal Contract Tower,0,23,3,0,26,0,6,5,0,11,0,29,8,0,37,12,0,12,49
04/07/2019,ENA,AK,AAL,WE,Federal Contract Tower,1,11,0,1,13,0,25,21,0,46,1,36,21,1,59,60,16,76,135
04/08/2019,ENA,AK,AAL,WE,Federal Contract Tower,0,19,1,0,20,3,43,25,0,71,3,62,26,0,91,43,16,59,150
04/09/2019,ENA,AK,AAL,WE,Federal Contract Tower,0,30,7,0,37,4,74,26,0,104,4,104,33,0,141,64,0,64,205
04/10/2019,ENA,AK,AAL,WE,Federal Contract Tower,0,22,0,0,22,4,64,23,4,95,4,86,23,4,117,55,18,73,190
04/11/2019,ENA,AK,AAL,WE,Federal Contract Tower,0,20,1,0,21,0,49,7,0,56,0,69,8,0,77,26,0,26,103
04/12/2019,ENA,AK,AAL,WE,Federal Contract Tower,0,29,1,0,30,1,38,16,0,55,1,67,17,0,85,34,0,34,119
04/13/2019,ENA,AK,AAL,WE,Federal Contract Tower,0,14,0,0,14,0,22,23,0,45,0,36,23,0,59,30,0,30,89
04/14/2019,ENA,AK,AAL,WE,Federal Contract Tower,0,8,1,0,9,0,32,25,0,57,0,40,26,0,66,28,0,28,94
04/15/2019,ENA,AK,AAL,WE,Federal Contract Tower,0,20,2,0,22,8,53,30,0,91,8,73,32,0,113,18,0,18,131
04/16/2019,ENA,AK,AAL,WE,Federal Contract Tower,0,21,2,0,23,0,64,9,0,73,0,85,11,0,96,48,0,48,144
04/17/2019,ENA,AK,AAL,WE,Federal Contract Tower,0,34,1,0,35,2,39,13,2,56,2,73,14,2,91,32,20,52,143
04/18/2019,ENA,AK,AAL,WE,Federal Contract Tower,0,42,1,3,46,3,38,8,6,55,3,80,9,9,101,11,51,62,163
04/19/2019,ENA,AK,AAL,WE,Federal Contract Tower,0,26,1,0,27,3,46,13,0,62,3,72,14,0,89,48,10,58,147
04/20/2019,ENA,AK,AAL,WE,Federal Contract Tower,0,12,4,0,16,0,13,30,0,43,0,25,34,0,59,65,0,65,124
04/21/2019,ENA,AK,AAL,WE,Federal Contract Tower,0,14,0,0,14,0,5,1,0,6,0,19,1,0,20,6,0,6,26
04/22/2019,ENA,AK,AAL,WE,Federal Contract Tower,0,39,0,0,39,4,41,13,0,58,4,80,13,0,97,40,0,40,137
04/23/2019,ENA,AK,AAL,WE,Federal Contract Tower,0,30,0,2,32,4,69,30,0,103,4,99,30,2,135,86,10,96,231
04/24/2019,ENA,AK,AAL,WE,Federal Contract Tower,0,25,0,0,25,2,56,14,0,72,2,81,14,0,97,53,28,81,178
04/25/2019,ENA,AK,AAL,WE,Federal Contract Tower,0,20,2,0,22,0,60,20,0,80,0,80,22,0,102,61,6,67,169
04/26/2019,ENA,AK,AAL,WE,Federal Contract Tower,0,22,2,0,24,0,39,35,0,74,0,61,37,0,98,38,0,38,136
04/27/2019,ENA,AK,AAL,WE,Federal Contract Tower,0,15,3,0,18,0,36,33,0,69,0,51,36,0,87,57,2,59,146
04/28/2019,ENA,AK,AAL,WE,Federal Contract Tower,0,15,1,0,16,0,22,11,0,33,0,37,12,0,49,18,0,18,67
04/29/2019,ENA,AK,AAL,WE,Federal Contract Tower,0,24,0,2,26,0,58,21,2,81,0,82,21,4,107,62,18,80,187
04/30/2019,ENA,AK,AAL,WE,Federal Contract Tower,0,21,1,0,22,0,61,18,0,79,0,82,19,0,101,51,0,51,152
05/01/2019,ENA,AK,AAL,WE,Federal Contract Tower,0,33,2,0,35,5,44,33,0,82,5,77,35,0,117,38,20,58,175
05/02/2019,ENA,AK,AAL,WE,Federal Contract Tower,0,44,0,0,44,0,22,12,2,36,0,66,12,2,80,56,0,56,136
05/03/2019,ENA,AK,AAL,WE,Federal Contract Tower,0,16,3,1,20,0,49,32,1,82,0,65,35,2,102,112,0,112,214
05/04/2019,ENA,AK,AAL,WE,Federal Contract Tower,0,11,0,0,11,0,8,28,0,36,0,19,28,0,47,10,0,10,57
05/05/2019,ENA,AK,AAL,WE,Federal Contract Tower,0,17,1,0,18,0,19,5,0,24,0,36,6,0,42,0,0,0,42
05/06/2019,ENA,AK,AAL,WE,Federal Contract Tower,0,28,1,0,29,0,42,41,0,83,0,70,42,0,112,44,8,52,164
05/07/2019,ENA,AK,AAL,WE,Federal Contract Tower,0,22,3,0,25,0,50,34,0,84,0,72,37,0,109,34,0,34,143
05/08/2019,ENA,AK,AAL,WE,Federal Contract Tower,0,48,2,7,57,0,21,24,2,47,0,69,26,9,104,37,4,41,145
05/09/2019,ENA,AK,AAL,WE,Federal Contract Tower,0,24,1,2,27,2,45,36,1,84,2,69,37,3,111,101,10,111,222
05/10/2019,ENA,AK,AAL,WE,Federal Contract Tower,0,27,0,0,27,0,0,0,0,0,0,27,0,0,27,34,0,34,61
05/11/2019,ENA,AK,AAL,WE,Federal Contract Tower,0,20,3,0,23,4,57,24,1,86,4,77,27,1,109,22,2,24,133
05/12/2019,ENA,AK,AAL,WE,Federal Contract Tower,0,18,2,0,20,0,80,17,0,97,0,98,19,0,117,30,0,30,147
05/13/2019,ENA,AK,AAL,WE,Federal Contract Tower,0,24,1,0,25,5,77,41,0,123,5,101,42,0,148,64,10,74,222
05/14/2019,ENA,AK,AAL,WE,Federal Contract Tower,0,28,3,4,35,4,87,43,6,140,4,115,46,10,175,91,4,95,270
05/15/2019,ENA,AK,AAL,WE,Federal Contract Tower,0,28,5,1,34,7,71,38,2,118,7,99,43,3,152,74,10,84,236
05/16/2019,ENA,AK,AAL,WE,Federal Contract Tower,1,22,4,2,29,10,63,34,2,109,11,85,38,4,138,46,0,46,184
05/17/2019,ENA,AK,AAL,WE,Federal Contract Tower,0,18,1,0,19,0,66,22,2,90,0,84,23,2,109,144,0,144,253
05/18/2019,ENA,AK,AAL,WE,Federal Contract Tower,0,14,2,0,16,2,29,47,0,78,2,43,49,0,94,40,0,40,134
05/19/2019,ENA,AK,AAL,WE,Federal Contract Tower,0,14,1,0,15,0,25,8,0,33,0,39,9,0,48,44,0,44,92
05/20/2019,ENA,AK,AAL,WE,Federal Contract Tower,0,23,0,1,24,2,69,13,0,84,2,92,13,1,108,52,4,56,164
05/21/2019,ENA,AK,AAL,WE,Federal Contract Tower,0,26,2,0,28,0,56,34,0,90,0,82,36,0,118,44,2,46,164
05/22/2019,ENA,AK,AAL,WE,Federal Contract Tower,0,25,3,0,28,0,53,31,0,84,0,78,34,0,112,92,0,92,204
05/23/2019,ENA,AK,AAL,WE,Federal Contract Tower,0,28,1,0,29,4,74,30,0,108,4,102,31,0,137,49,0,49,186
05/24/2019,ENA,AK,AAL,WE,Federal Contract Tower,0,24,2,0,26,1,79,35,0,115,1,103,37,0,141,24,0,24,165
05/25/2019,ENA,AK,AAL,WE,Federal Contract Tower,0,17,0,0,17,0,11,19,0,30,0,28,19,0,47,10,0,10,57
05/26/2019,ENA,AK,AAL,WE,Federal Contract Tower,0,24,4,0,28,0,10,0,0,10,0,34,4,0,38,6,0,6,44
05/27/2019,ENA,AK,AAL,WE,Federal Contract Tower,0,16,2,2,20,0,50,15,0,65,0,66,17,2,85,44,8,52,137
05/28/2019,ENA,AK,AAL,WE,Federal Contract Tower,0,25,0,0,25,1,65,34,0,100,1,90,34,0,125,60,0,60,185
05/29/2019,ENA,AK,AAL,WE,Federal Contract Tower,0,31,1,0,32,1,47,27,1,76,1,78,28,1,108,38,0,38,146
05/30/2019,ENA,AK,AAL,WE,Federal Contract Tower,0,27,2,0,29,1,46,36,0,83,1,73,38,0,112,74,6,80,192
05/31/2019,ENA,AK,AAL,WE,Federal Contract Tower,0,22,1,0,23,5,54,47,1,107,5,76,48,1,130,40,0,40,170
06/01/2019,ENA,AK,AAL,WE,Federal Contract Tower,0,14,3,0,17,1,27,25,0,53,1,41,28,0,70,22,0,22,92
06/02/2019,ENA,AK,AAL,WE,Federal Contract Tower,0,18,1,0,19,0,3,27,0,30,0,21,28,0,49,16,0,16,65
06/03/2019,ENA,AK,AAL,WE,Federal Contract Tower,0,29,0,0,29,0,42,42,0,84,0,71,42,0,113,20,0,20,133
06/04/2019,ENA,AK,AAL,WE,Federal Contract Tower,1,26,0,0,27,0,52,44,0,96,1,78,44,0,123,20,0,20,143
06/05/2019,ENA,AK,AAL,WE,Federal Contract Tower,0,25,0,1,26,0,63,52,0,115,0,88,52,1,141,21,22,43,184
06/06/2019,ENA,AK,AAL,WE,Federal Contract Tower,0,24,1,0,25,5,50,43,2,100,5,74,44,2,125,26,0,26,151
06/07/2019,ENA,AK,AAL,WE,Federal Contract Tower,0,22,3,0,25,2,57,43,0,102,2,79,46,0,127,18,0,18,145
06/08/2019,ENA,AK,AAL,WE,Federal Contract Tower,0,15,3,3,21,0,23,54,0,77,0,38,57,3,98,36,2,38,136
06/09/2019,ENA,AK,AAL,WE,Federal Contract Tower,0,15,0,0,15,0,15,18,0,33,0,30,18,0,48,38,0,38,86
06/10/2019,ENA,AK,AAL,WE,Federal Contract Tower,0,22,0,2,24,55,29,0,0,84,55,51,0,2,108,59,16,75,183
06/11/2019,ENA,AK,AAL,WE,Federal Contract Tower,0,21,0,2,23,0,60,38,2,100,0,81,38,4,123,32,22,54,177
06/12/2019,ENA,AK,AAL,WE,Federal Contract Tower,0,27,2,0,29,1,46,31,0,78,1,73,33,0,107,62,8,70,177
06/13/2019,ENA,AK,AAL,WE,Federal Contract Tower,0,39,6,0,45,3,48,33,0,84,3,87,39,0,129,40,0,40,169
06/14/2019,ENA,AK,AAL,WE,Federal Contract Tower,0,32,4,0,36,2,60,50,0,112,2,92,54,0,148,24,0,24,172
06/15/2019,ENA,AK,AAL,WE,Federal Contract Tower,0,14,0,0,14,4,19,24,0,47,4,33,24,0,61,16,0,16,77
06/16/2019,ENA,AK,AAL,WE,Federal Contract Tower,0,12,0,0,12,0,26,30,2,58,0,38,30,2,70,16,0,16,86
06/17/2019,ENA,AK,AAL,WE,Federal Contract Tower,0,37,4,2,43,3,66,41,0,110,3,103,45,2,153,38,6,44,197
06/18/2019,ENA,AK,AAL,WE,Federal Contract Tower,0,35,4,0,39,3,42,34,2,81,3,77,38,2,120,46,0,46,166
06/19/2019,ENA,AK,AAL,WE,Federal Contract Tower,0,31,0,1,32,6,68,41,1,116,6,99,41,2,148,42,10,52,200
06/20/2019,ENA,AK,AAL,WE,Federal Contract Tower,0,64,8,0,72,0,16,11,0,27,0,80,19,0,99,6,0,6,105
06/21/2019,ENA,AK,AAL,WE,Federal Contract Tower,0,34,2,0,36,0,74,43,0,117,0,108,45,0,153,58,0,58,211
06/22/2019,ENA,AK,AAL,WE,Federal Contract Tower,0,15,1,0,16,0,40,33,0,73,0,55,34,0,89,36,0,36,125
06/23/2019,ENA,AK,AAL,WE,Federal Contract Tower,0,15,2,0,17,0,63,28,0,91,0,78,30,0,108,14,0,14,122
06/24/2019,ENA,AK,AAL,WE,Federal Contract Tower,0,31,0,0,31,1,71,37,1,110,1,102,37,1,141,90,14,104,245
06/25/2019,ENA,AK,AAL,WE,Federal Contract Tower,0,60,5,0,65,0,17,1,0,18,0,77,6,0,83,0,0,0,83
06/26/2019,ENA,AK,AAL,WE,Federal Contract Tower,0,56,9,0,65,3,41,25,0,69,3,97,34,0,134,12,0,12,146
06/27/2019,ENA,AK,AAL,WE,Federal Contract Tower,0,30,1,3,34,6,76,37,0,119,6,106,38,3,153,84,2,86,239
06/28/2019,ENA,AK,AAL,WE,Federal Contract Tower,0,53,1,3,57,3,46,47,4,100,3,99,48,7,157,22,12,34,191
06/29/2019,ENA,AK,AAL,WE,Federal Contract Tower,0,16,2,0,18,0,17,24,0,41,0,33,26,0,59,16,4,20,79
06/30/2019,ENA,AK,AAL,WE,Federal Contract Tower,0,21,2,0,23,0,25,22,0,47,0,46,24,0,70,12,0,12,82
07/01/2019,ENA,AK,AAL,WE,Federal Contract Tower,0,28,2,0,30,3,51,27,0,81,3,79,29,0,111,41,0,41,152
07/02/2019,ENA,AK,AAL,WE,Federal Contract Tower,0,26,0,0,26,2,82,42,0,126,2,108,42,0,152,61,0,61,213
07/03/2019,ENA,AK,AAL,WE,Federal Contract Tower,0,32,5,0,37,3,63,31,0,97,3,95,36,0,134,48,0,48,182
07/04/2019,ENA,AK,AAL,WE,Federal Contract Tower,0,21,1,0,22,0,23,28,0,51,0,44,29,0,73,0,0,0,73
07/05/2019,ENA,AK,AAL,WE,Federal Contract Tower,0,31,2,0,33,1,65,66,0,132,1,96,68,0,165,42,0,42,207
07/06/2019,ENA,AK,AAL,WE,Federal Contract Tower,0,15,0,0,15,0,19,30,0,49,0,34,30,0,64,18,0,18,82
07/07/2019,ENA,AK,AAL,WE,Federal Contract Tower,0,17,4,0,21,0,20,23,0,43,0,37,27,0,64,12,0,12,76
07/08/2019,ENA,AK,AAL,WE,Federal Contract Tower,0,39,1,0,40,5,62,39,1,107,5,101,40,1,147,22,40,62,209
07/09/2019,ENA,AK,AAL,WE,Federal Contract Tower,1,50,2,2,55,7,45,19,0,71,8,95,21,2,126,22,0,22,148
07/11/2019,ENA,AK,AAL,WE,Federal Contract Tower,3,60,13,2,78,0,0,0,0,0,3,60,13,2,78,0,0,0,78
07/12/2019,ENA,AK,AAL,WE,Federal Contract Tower,3,58,9,0,70,0,31,40,0,71,3,89,49,0,141,10,0,10,151
07/13/2019,ENA,AK,AAL,WE,Federal Contract Tower,20,0,0,0,20,0,21,35,0,56,20,21,35,0,76,116,0,116,192
07/14/2019,ENA,AK,AAL,WE,Federal Contract Tower,0,22,0,0,22,0,22,37,0,59,0,44,37,0,81,94,0,94,175
07/15/2019,ENA,AK,AAL,WE,Federal Contract Tower,0,33,3,14,50,2,61,22,0,85,2,94,25,14,135,34,4,38,173
07/16/2019,ENA,AK,AAL,WE,Federal Contract Tower,0,27,2,2,31,0,55,34,6,95,0,82,36,8,126,52,16,68,194
07/17/2019,ENA,AK,AAL,WE,Federal Contract Tower,0,25,7,3,35,6,76,48,3,133,6,101,55,6,168,11,2,13,181
07/18/2019,ENA,AK,AAL,WE,Federal Contract Tower,0,32,3,2,37,10,75,48,0,133,10,107,51,2,170,12,0,12,182
07/19/2019,ENA,AK,AAL,WE,Federal Contract Tower,0,33,1,0,34,3,75,59,0,137,3,108,60,0,171,40,0,40,211
07/20/2019,ENA,AK,AAL,WE,Federal Contract Tower,0,19,10,0,29,1,12,35,0,48,1,31,45,0,77,22,0,22,99
07/21/2019,ENA,AK,AAL,WE,Federal Contract Tower,0,24,6,0,30,0,24,36,0,60,0,48,42,0,90,28,0,28,118
07/22/2019,ENA,AK,AAL,WE,Federal Contract Tower,0,35,4,0,39,0,52,34,2,88,0,87,38,2,127,51,34,85,212
07/23/2019,ENA,AK,AAL,WE,Federal Contract Tower,0,31,0,1,32,3,65,34,1,103,3,96,34,2,135,42,29,71,206
07/24/2019,ENA,AK,AAL,WE,Federal Contract Tower,0,60,4,0,64,0,20,20,0,40,0,80,24,0,104,54,0,54,158
07/25/2019,ENA,AK,AAL,WE,Federal Contract Tower,0,34,0,0,34,0,53,55,2,110,0,87,55,2,144,16,28,44,188
07/26/2019,ENA,AK,AAL,WE,Federal Contract Tower,0,62,3,7,72,1,35,29,0,65,1,97,32,7,137,18,0,18,155
07/27/2019,ENA,AK,AAL,WE,Federal Contract Tower,0,19,0,4,23,0,18,37,3,58,0,37,37,7,81,24,6,30,111
07/28/2019,ENA,AK,AAL,WE,Federal Contract Tower,0,28,0,0,28,0,34,36,0,70,0,62,36,0,98,36,0,36,134
07/29/2019,ENA,AK,AAL,WE,Federal Contract Tower,0,44,3,0,47,8,57,66,0,131,8,101,69,0,178,52,0,52,230
07/30/2019,ENA,AK,AAL,WE,Federal Contract Tower,0,27,0,4,31,7,48,71,6,132,7,75,71,10,163,28,12,40,203
07/31/2019,ENA,AK,AAL,WE,Federal Contract Tower,0,39,10,1,50,6,34,54,4,98,6,73,64,5,148,31,34,65,213
08/01/2019,ENA,AK,AAL,WE,Federal Contract Tower,0,38,3,6,47,1,50,57,0,108,1,88,60,6,155,24,4,28,183
08/02/2019,ENA,AK,AAL,WE,Federal Contract Tower,0,40,8,0,48,0,56,39,0,95,0,96,47,0,143,24,0,24,167
08/03/2019,ENA,AK,AAL,WE,Federal Contract Tower,0,18,1,0,19,0,23,38,0,61,0,41,39,0,80,4,0,4,84
08/04/2019,ENA,AK,AAL,WE,Federal Contract Tower,0,19,1,0,20,0,40,14,0,54,0,59,15,0,74,12,0,12,86
08/05/2019,ENA,AK,AAL,WE,Federal Contract Tower,0,33,2,0,35,0,66,28,0,94,0,99,30,0,129,37,0,37,166
08/06/2019,ENA,AK,AAL,WE,Federal Contract Tower,0,30,3,5,38,0,60,33,0,93,0,90,36,5,131,34,0,34,165
08/07/2019,ENA,AK,AAL,WE,Federal Contract Tower,0,32,4,10,46,0,39,45,0,84,0,71,49,10,130,28,16,44,174
08/08/2019,ENA,AK,AAL,WE,Federal Contract Tower,0,31,0,0,31,9,49,35,0,93,9,80,35,0,124,42,0,42,166
08/09/2019,ENA,AK,AAL,WE,Federal Contract Tower,0,30,2,0,32,12,56,73,0,141,12,86,75,0,173,59,0,59,232
08/10/2019,ENA,AK,AAL,WE,Federal Contract Tower,0,17,0,0,17,7,52,50,0,109,7,69,50,0,126,50,0,50,176
08/11/2019,ENA,AK,AAL,WE,Federal Contract Tower,0,22,1,0,23,4,27,31,1,63,4,49,32,1,86,22,0,22,108
08/12/2019,ENA,AK,AAL,WE,Federal Contract Tower,0,28,2,0,30,4,56,42,0,102,4,84,44,0,132,55,0,55,187
08/13/2019,ENA,AK,AAL,WE,Federal Contract Tower,0,28,2,0,30,12,72,26,0,110,12,100,28,0,140,52,0,52,192
08/14/2019,ENA,AK,AAL,WE,Federal Contract Tower,0,34,2,0,36,11,61,33,0,105,11,95,35,0,141,50,0,50,191
08/15/2019,ENA,AK,AAL,WE,Federal Contract Tower,0,36,2,4,42,14,68,32,6,120,14,104,34,10,162,46,10,56,218
08/16/2019,ENA,AK,AAL,WE,Federal Contract Tower,0,33,0,0,33,9,70,39,0,118,9,103,39,0,151,32,2,34,185
08/17/2019,ENA,AK,AAL,WE,Federal Contract Tower,0,13,0,0,13,0,7,8,0,15,0,20,8,0,28,6,0,6,34
08/18/2019,ENA,AK,AAL,WE,Federal Contract Tower,0,14,1,0,15,5,40,23,0,68,5,54,24,0,83,2,0,2,85
08/19/2019,ENA,AK,AAL,WE,Federal Contract Tower,0,68,0,0,68,17,68,52,0,137,17,136,52,0,205,16,0,16,221
08/20/2019,ENA,AK,AAL,WE,Federal Contract Tower,0,66,0,2,68,10,64,23,1,98,10,130,23,3,166,34,0,34,200
08/21/2019,ENA,AK,AAL,WE,Federal Contract Tower,0,62,1,2,65,10,68,43,0,121,10,130,44,2,186,48,0,48,234
08/22/2019,ENA,AK,AAL,WE,Federal Contract Tower,0,70,1,1,72,3,43,10,0,56,3,113,11,1,128,32,0,32,160
08/23/2019,ENA,AK,AAL,WE,Federal Contract Tower,0,47,3,3,53,7,91,30,1,129,7,138,33,4,182,70,2,72,254
08/24/2019,ENA,AK,AAL,WE,Federal Contract Tower,0,19,2,0,21,4,55,47,0,106,4,74,49,0,127,40,0,40,167
08/25/2019,ENA,AK,AAL,WE,Federal Contract Tower,0,29,3,0,32,9,60,33,0,102,9,89,36,0,134,36,0,36,170
08/26/2019,ENA,AK,AAL,WE,Federal Contract Tower,0,55,1,0,56,7,33,13,2,55,7,88,14,2,111,56,0,56,167
08/27/2019,ENA,AK,AAL,WE,Federal Contract Tower,0,36,1,4,41,7,76,42,0,125,7,112,43,4,166,38,0,38,204
08/28/2019,ENA,AK,AAL,WE,Federal Contract Tower,0,50,6,0,56,12,62,27,0,101,12,112,33,0,157,12,0,12,169
08/29/2019,ENA,AK,AAL,WE,Federal Contract Tower,0,68,6,0,74,2,37,18,0,57,2,105,24,0,131,8,0,8,139
08/30/2019,ENA,AK,AAL,WE,Federal Contract Tower,0,61,2,0,63,1,37,47,0,85,1,98,49,0,148,28,0,28,176
08/31/2019,ENA,AK,AAL,WE,Federal Contract Tower,0,30,0,0,30,0,32,23,0,55,0,62,23,0,85,0,0,0,85
09/01/2019,ENA,AK,AAL,WE,Federal Contract Tower,0,18,1,0,19,0,32,10,0,42,0,50,11,0,61,6,0,6,67
09/02/2019,ENA,AK,AAL,WE,Federal Contract Tower,0,16,2,0,18,0,47,22,0,69,0,63,24,0,87,2,0,2,89
09/03/2019,ENA,AK,AAL,WE,Federal Contract Tower,0,47,4,2,53,2,45,23,0,70,2,92,27,2,123,32,0,32,155
09/04/2019,ENA,AK,AAL,WE,Federal Contract Tower,0,32,1,0,33,0,80,33,0,113,0,112,34,0,146,32,0,32,178
09/05/2019,ENA,AK,AAL,WE,Federal Contract Tower,1,26,3,0,30,2,74,27,0,103,3,100,30,0,133,62,0,62,195
09/06/2019,ENA,AK,AAL,WE,Federal Contract Tower,2,27,2,0,31,3,59,27,0,89,5,86,29,0,120,38,0,38,158
09/07/2019,ENA,AK,AAL,WE,Federal Contract Tower,3,12,2,0,17,0,6,3,0,9,3,18,5,0,26,10,0,10,36
09/08/2019,ENA,AK,AAL,WE,Federal Contract Tower,0,27,0,0,27,0,22,9,0,31,0,49,9,0,58,2,0,2,60
09/09/2019,ENA,AK,AAL,WE,Federal Contract Tower,0,25,0,1,26,3,51,22,0,76,3,76,22,1,102,2,14,16,118
09/10/2019,ENA,AK,AAL,WE,Federal Contract Tower,0,39,1,1,41,3,69,25,0,97,3,108,26,1,138,26,12,38,176
09/11/2019,ENA,AK,AAL,WE,Federal Contract Tower,1,45,0,0,46,5,51,20,0,76,6,96,20,0,122,52,0,52,174
09/12/2019,ENA,AK,AAL,WE,Federal Contract Tower,0,28,1,0,29,0,50,23,0,73,0,78,24,0,102,70,12,82,184
09/13/2019,ENA,AK,AAL,WE,Federal Contract Tower,1,55,0,0,56,8,23,16,0,47,9,78,16,0,103,14,0,14,117
09/14/2019,ENA,AK,AAL,WE,Federal Contract Tower,0,13,2,0,15,5,32,42,0,79,5,45,44,0,94,48,0,48,142
09/15/2019,ENA,AK,AAL,WE,Federal Contract Tower,0,27,0,4,31,0,6,7,0,13,0,33,7,4,44,0,0,0,44
09/16/2019,ENA,AK,AAL,WE,Federal Contract Tower,0,29,1,0,30,0,44,34,0,78,0,73,35,0,108,22,0,22,130
09/17/2019,ENA,AK,AAL,WE,Federal Contract Tower,0,27,3,2,32,2,52,9,0,63,2,79,12,2,95,20,20,40,135
09/18/2019,ENA,AK,AAL,WE,Federal Contract Tower,0,55,0,0,55,0,18,4,0,22,0,73,4,0,77,34,0,34,111
09/19/2019,ENA,AK,AAL,WE,Federal Contract Tower,0,29,2,0,31,2,46,41,0,89,2,75,43,0,120,69,2,71,191
09/20/2019,ENA,AK,AAL,WE,Federal Contract Tower,0,50,0,0,50,3,18,9,0,30,3,68,9,0,80,24,0,24,104
09/21/2019,ENA,AK,AAL,WE,Federal Contract Tower,0,15,4,0,19,4,10,25,0,39,4,25,29,0,58,52,0,52,110
09/22/2019,ENA,AK,AAL,WE,Federal Contract Tower,0,15,3,0,18,0,23,20,0,43,0,38,23,0,61,18,0,18,79
09/23/2019,ENA,AK,AAL,WE,Federal Contract Tower,0,25,0,0,25,5,49,20,0,74,5,74,20,0,99,36,0,36,135
09/24/2019,ENA,AK,AAL,WE,Federal Contract Tower,0,26,0,0,26,0,52,31,0,83,0,78,31,0,109,60,22,82,191
09/25/2019,ENA,AK,AAL,WE,Federal Contract Tower,0,39,0,0,39,0,51,14,0,65,0,90,14,0,104,4,0,4,108
09/26/2019,ENA,AK,AAL,WE,Federal Contract Tower,0,25,3,0,28,4,42,51,0,97,4,67,54,0,125,70,0,70,195
09/27/2019,ENA,AK,AAL,WE,Federal Contract Tower,0,30,0,0,30,0,61,18,0,79,0,91,18,0,109,136,0,136,245
09/28/2019,ENA,AK,AAL,WE,Federal Contract Tower,0,17,0,0,17,1,9,32,0,42,1,26,32,0,59,46,0,46,105
09/29/2019,ENA,AK,AAL,WE,Federal Contract Tower,0,28,0,0,28,0,6,6,0,12,0,34,6,0,40,155,0,155,195
09/30/2019,ENA,AK,AAL,WE,Federal Contract Tower,0,43,2,0,45,4,20,3,0,27,4,63,5,0,72,16,0,16,88
10/01/2019,ENA,AK,AAL,WE,Federal Contract Tower,0,33,0,0,33,2,39,5,0,46,2,72,5,0,79,10,0,10,89
10/02/2019,ENA,AK,AAL,WE,Federal Contract Tower,0,28,1,0,29,8,44,21,0,73,8,72,22,0,102,30,10,40,142
10/03/2019,ENA,AK,AAL,WE,Federal Contract Tower,2,25,0,1,28,3,53,40,1,97,5,78,40,2,125,65,20,85,210
10/04/2019,ENA,AK,AAL,WE,Federal Contract Tower,0,36,1,2,39,0,29,5,0,34,0,65,6,2,73,2,10,12,85
10/05/2019,ENA,AK,AAL,WE,Federal Contract Tower,0,13,2,0,15,2,20,20,0,42,2,33,22,0,57,30,4,34,91
10/06/2019,ENA,AK,AAL,WE,Federal Contract Tower,0,11,2,0,13,0,25,20,0,45,0,36,22,0,58,10,10,20,78
10/07/2019,ENA,AK,AAL,WE,Federal Contract Tower,0,21,2,2,25,3,62,29,0,94,3,83,31,2,119,48,12,60,179
10/08/2019,ENA,AK,AAL,WE,Federal Contract Tower,0,33,0,0,33,6,48,13,0,67,6,81,13,0,100,28,4,32,132
10/09/2019,ENA,AK,AAL,WE,Federal Contract Tower,0,45,0,0,45,0,40,11,0,51,0,85,11,0,96,24,0,24,120
10/10/2019,ENA,AK,AAL,WE,Federal Contract Tower,0,52,1,0,53,0,17,10,0,27,0,69,11,0,80,72,12,84,164
10/11/2019,ENA,AK,AAL,WE,Federal Contract Tower,0,25,0,0,25,0,58,32,0,90,0,83,32,0,115,94,0,94,209
10/12/2019,ENA,AK,AAL,WE,Federal Contract Tower,0,10,2,0,12,0,21,34,0,55,0,31,36,0,67,50,0,50,117
10/13/2019,ENA,AK,AAL,WE,Federal Contract Tower,0,10,0,0,10,0,31,25,0,56,0,41,25,0,66,58,0,58,124
10/14/2019,ENA,AK,AAL,WE,Federal Contract Tower,0,21,0,0,21,2,55,19,0,76,2,76,19,0,97,45,0,45,142
10/15/2019,ENA,AK,AAL,WE,Federal Contract Tower,0,29,0,2,31,8,50,8,0,66,8,79,8,2,97,82,14,96,193
10/16/2019,ENA,AK,AAL,WE,Federal Contract Tower,2,59,1,0,62,0,16,6,0,22,2,75,7,0,84,20,0,20,104
10/17/2019,ENA,AK,AAL,WE,Federal Contract Tower,0,33,0,0,33,9,38,14,0,61,9,71,14,0,94,22,0,22,116
10/18/2019,ENA,AK,AAL,WE,Federal Contract Tower,0,25,0,0,25,8,42,23,0,73,8,67,23,0,98,56,0,56,154
10/19/2019,ENA,AK,AAL,WE,Federal Contract Tower,0,24,7,0,31,1,2,12,0,15,1,26,19,0,46,18,0,18,64
10/20/2019,ENA,AK,AAL,WE,Federal Contract Tower,0,15,0,0,15,0,27,9,0,36,0,42,9,0,51,46,0,46,97
10/21/2019,ENA,AK,AAL,WE,Federal Contract Tower,0,52,2,2,56,0,23,19,0,42,0,75,21,2,98,54,0,54,152
10/22/2019,ENA,AK,AAL,WE,Federal Contract Tower,0,29,2,0,31,3,42,20,1,66,3,71,22,1,97,46,40,86,183
10/23/2019,ENA,AK,AAL,WE,Federal Contract Tower,0,28,0,0,28,0,38,0,0,38,0,66,0,0,66,6,0,6,72
10/24/2019,ENA,AK,AAL,WE,Federal Contract Tower,0,36,4,0,40,0,27,32,0,59,0,63,36,0,99,44,0,44,143
10/25/2019,ENA,AK,AAL,WE,Federal Contract Tower,0,21,0,0,21,0,61,29,0,90,0,82,29,0,111,64,0,64,175
10/26/2019,ENA,AK,AAL,WE,Federal Contract Tower,0,17,1,0,18,0,19,61,0,80,0,36,62,0,98,14,0,14,112
10/27/2019,ENA,AK,AAL,WE,Federal Contract Tower,0,23,0,0,23,0,3,0,0,3,0,26,0,0,26,0,0,0,26
10/28/2019,ENA,AK,AAL,WE,Federal Contract Tower,0,27,2,0,29,0,53,14,0,67,0,80,16,0,96,52,18,70,166
10/29/2019,ENA,AK,AAL,WE,Federal Contract Tower,0,27,0,2,29,2,39,19,0,60,2,66,19,2,89,33,0,33,122
10/30/2019,ENA,AK,AAL,WE,Federal Contract Tower,0,22,2,0,24,0,38,21,0,59,0,60,23,0,83,23,0,23,106
10/31/2019,ENA,AK,AAL,WE,Federal Contract Tower,0,40,0,1,41,0,20,7,1,28,0,60,7,2,69,64,15,79,148
11/01/2019,ENA,AK,AAL,WE,Federal Contract Tower,0,50,3,4,57,0,23,5,0,28,0,73,8,4,85,10,38,48,133
11/02/2019,ENA,AK,AAL,WE,Federal Contract Tower,0,28,0,0,28,0,0,0,0,0,0,28,0,0,28,0,0,0,28
11/04/2019,ENA,AK,AAL,WE,Federal Contract Tower,0,26,0,0,26,0,50,30,0,80,0,76,30,0,106,56,0,56,162
11/05/2019,ENA,AK,AAL,WE,Federal Contract Tower,0,36,0,0,36,0,42,12,0,54,0,78,12,0,90,73,0,73,163
11/06/2019,ENA,AK,AAL,WE,Federal Contract Tower,0,29,0,6,35,0,31,4,0,35,0,60,4,6,70,20,14,34,104
11/07/2019,ENA,AK,AAL,WE,Federal Contract Tower,0,46,2,0,48,0,38,11,0,49,0,84,13,0,97,58,0,58,155
11/08/2019,ENA,AK,AAL,WE,Federal Contract Tower,0,20,0,0,20,3,43,35,0,81,3,63,35,0,101,103,0,103,204
11/09/2019,ENA,AK,AAL,WE,Federal Contract Tower,0,17,0,0,17,0,11,33,0,44,0,28,33,0,61,36,0,36,97
11/10/2019,ENA,AK,AAL,WE,Federal Contract Tower,1,12,4,0,17,2,29,14,0,45,3,41,18,0,62,44,0,44,106
11/11/2019,ENA,AK,AAL,WE,Federal Contract Tower,0,21,2,0,23,4,40,35,0,79,4,61,37,0,102,50,0,50,152
11/12/2019,ENA,AK,AAL,WE,Federal Contract Tower,0,25,4,2,31,5,51,22,0,78,5,76,26,2,109,54,2,56,165
11/13/2019,ENA,AK,AAL,WE,Federal Contract Tower,0,29,0,0,29,2,28,9,0,39,2,57,9,0,68,16,0,16,84
11/14/2019,ENA,AK,AAL,WE,Federal Contract Tower,0,50,0,0,50,0,1,0,0,1,0,51,0,0,51,8,0,8,59
11/15/2019,ENA,AK,AAL,WE,Federal Contract Tower,0,22,0,0,22,6,46,14,0,66,6,68,14,0,88,56,0,56,144
11/16/2019,ENA,AK,AAL,WE,Federal Contract Tower,0,12,0,0,12,0,9,2,0,11,0,21,2,0,23,0,0,0,23
11/17/2019,ENA,AK,AAL,WE,Federal Contract Tower,0,13,0,2,15,0,11,6,0,17,0,24,6,2,32,8,8,16,48
11/18/2019,ENA,AK,AAL,WE,Federal Contract Tower,0,30,0,0,30,5,53,11,0,69,5,83,11,0,99,47,0,47,146
11/19/2019,ENA,AK,AAL,WE,Federal Contract Tower,0,44,0,0,44,0,1,1,0,2,0,45,1,0,46,0,0,0,46
11/20/2019,ENA,AK,AAL,WE,Federal Contract Tower,0,21,0,0,21,0,45,10,0,55,0,66,10,0,76,40,0,40,116
11/21/2019,ENA,AK,AAL,WE,Federal Contract Tower,0,26,0,0,26,0,38,8,0,46,0,64,8,0,72,36,0,36,108
11/22/2019,ENA,AK,AAL,WE,Federal Contract Tower,2,37,0,0,39,2,31,12,0,45,4,68,12,0,84,14,0,14,98
11/23/2019,ENA,AK,AAL,WE,Federal Contract Tower,0,8,4,0,12,2,14,10,0,26,2,22,14,0,38,34,0,34,72
11/24/2019,ENA,AK,AAL,WE,Federal Contract Tower,0,12,0,0,12,0,22,15,0,37,0,34,15,0,49,59,0,59,108
11/25/2019,ENA,AK,AAL,WE,Federal Contract Tower,0,20,5,0,25,8,66,17,0,91,8,86,22,0,116,82,4,86,202
11/26/2019,ENA,AK,AAL,WE,Federal Contract Tower,1,27,0,2,30,4,53,5,0,62,5,80,5,2,92,74,2,76,168
11/27/2019,ENA,AK,AAL,WE,Federal Contract Tower,0,44,0,0,44,0,5,0,0,5,0,49,0,0,49,0,0,0,49
11/28/2019,ENA,AK,AAL,WE,Federal Contract Tower,0,13,0,0,13,0,7,0,0,7,0,20,0,0,20,0,0,0,20
11/29/2019,ENA,AK,AAL,WE,Federal Contract Tower,0,17,0,0,17,0,29,4,0,33,0,46,4,0,50,16,0,16,66
11/30/2019,ENA,AK,AAL,WE,Federal Contract Tower,0,11,0,0,11,0,8,5,0,13,0,19,5,0,24,28,0,28,52
12/01/2019,ENA,AK,AAL,WE,Federal Contract Tower,0,24,0,0,24,0,0,0,0,0,0,24,0,0,24,0,0,0,24
12/02/2019,ENA,AK,AAL,WE,Federal Contract Tower,0,49,0,0,49,0,0,0,0,0,0,49,0,0,49,0,0,0,49
12/03/2019,ENA,AK,AAL,WE,Federal Contract Tower,0,51,1,0,52,0,22,2,0,24,0,73,3,0,76,16,0,16,92
12/04/2019,ENA,AK,AAL,WE,Federal Contract Tower,0,38,0,0,38,2,45,11,0,58,2,83,11,0,96,58,0,58,154
12/05/2019,ENA,AK,AAL,WE,Federal Contract Tower,0,36,0,2,38,0,42,8,0,50,0,78,8,2,88,34,12,46,134
12/06/2019,ENA,AK,AAL,WE,Federal Contract Tower,0,32,0,0,32,2,36,10,0,48,2,68,10,0,80,14,0,14,94
12/07/2019,ENA,AK,AAL,WE,Federal Contract Tower,0,13,0,0,13,0,5,0,0,5,0,18,0,0,18,2,0,2,20
12/08/2019,ENA,AK,AAL,WE,Federal Contract Tower,0,6,6,0,12,0,16,3,0,19,0,22,9,0,31,24,0,24,55
12/09/2019,ENA,AK,AAL,WE,Federal Contract Tower,0,40,0,0,40,0,20,0,0,20,0,60,0,0,60,0,0,0,60
12/10/2019,ENA,AK,AAL,WE,Federal Contract Tower,0,22,0,0,22,0,53,5,0,58,0,75,5,0,80,34,0,34,114
12/11/2019,ENA,AK,AAL,WE,Federal Contract Tower,0,20,0,0,20,2,40,5,0,47,2,60,5,0,67,24,0,24,91
12/12/2019,ENA,AK,AAL,WE,Federal Contract Tower,0,28,5,0,33,0,45,11,0,56,0,73,16,0,89,28,28,56,145
12/13/2019,ENA,AK,AAL,WE,Federal Contract Tower,0,19,0,2,21,4,46,22,0,72,4,65,22,2,93,48,2,50,143
12/14/2019,ENA,AK,AAL,WE,Federal Contract Tower,0,19,2,0,21,1,10,7,0,18,1,29,9,0,39,18,0,18,57
12/15/2019,ENA,AK,AAL,WE,Federal Contract Tower,0,11,0,0,11,0,15,0,0,15,0,26,0,0,26,6,0,6,32
12/16/2019,ENA,AK,AAL,WE,Federal Contract Tower,0,22,0,1,23,6,42,18,0,66,6,64,18,1,89,44,10,54,143
12/17/2019,ENA,AK,AAL,WE,Federal Contract Tower,0,19,0,0,19,4,42,17,2,65,4,61,17,2,84,16,0,16,100
12/18/2019,ENA,AK,AAL,WE,Federal Contract Tower,0,23,3,0,26,6,43,21,0,70,6,66,24,0,96,48,0,48,144
12/19/2019,ENA,AK,AAL,WE,Federal Contract Tower,0,20,0,0,20,4,49,10,0,63,4,69,10,0,83,34,18,52,135
12/20/2019,ENA,AK,AAL,WE,Federal Contract Tower,0,17,4,0,21,3,53,7,0,63,3,70,11,0,84,38,0,38,122
12/21/2019,ENA,AK,AAL,WE,Federal Contract Tower,0,15,2,0,17,1,16,17,0,34,1,31,19,0,51,44,0,44,95
12/23/2019,ENA,AK,AAL,WE,Federal Contract Tower,0,29,2,0,31,2,24,6,0,32,2,53,8,0,63,2,0,2,65
12/24/2019,ENA,AK,AAL,WE,Federal Contract Tower,0,37,0,0,37,0,14,0,0,14,0,51,0,0,51,6,0,6,57
12/25/2019,ENA,AK,AAL,WE,Federal Contract Tower,0,20,0,0,20,0,4,0,0,4,0,24,0,0,24,0,0,0,24
12/26/2019,ENA,AK,AAL,WE,Federal Contract Tower,0,38,0,0,38,0,27,11,0,38,0,65,11,0,76,42,0,42,118
12/27/2019,ENA,AK,AAL,WE,Federal Contract Tower,0,23,0,0,23,0,38,11,0,49,0,61,11,0,72,76,0,76,148
12/28/2019,ENA,AK,AAL,WE,Federal Contract Tower,0,15,2,0,17,0,5,0,0,5,0,20,2,0,22,0,0,0,22
12/29/2019,ENA,AK,AAL,WE,Federal Contract Tower,0,23,0,0,23,0,0,0,0,0,0,23,0,0,23,0,0,0,23
12/30/2019,ENA,AK,AAL,WE,Federal Contract Tower,0,30,0,0,30,0,18,0,0,18,0,48,0,0,48,8,0,8,56
12/31/2019,ENA,AK,AAL,WE,Federal Contract Tower,0,30,0,0,30,0,20,0,2,22,0,50,0,2,52,12,4,16,68
01/01/2020,ENA,AK,AAL,WE,Federal Contract Tower,0,21,0,0,21,0,7,0,0,7,0,28,0,0,28,0,0,0,28
01/02/2020,ENA,AK,AAL,WE,Federal Contract Tower,0,33,0,1,34,2,18,1,0,21,2,51,1,1,55,25,12,37,92
01/03/2020,ENA,AK,AAL,WE,Federal Contract Tower,0,18,0,0,18,2,42,5,0,49,2,60,5,0,67,50,0,50,117
01/04/2020,ENA,AK,AAL,WE,Federal Contract Tower,0,11,0,1,12,1,15,7,1,24,1,26,7,2,36,6,0,6,42
01/05/2020,ENA,AK,AAL,WE,Federal Contract Tower,0,16,0,0,16,0,7,3,0,10,0,23,3,0,26,0,0,0,26
01/06/2020,ENA,AK,AAL,WE,Federal Contract Tower,0,26,1,0,27,3,33,3,0,39,3,59,4,0,66,28,14,42,108
01/07/2020,ENA,AK,AAL,WE,Federal Contract Tower,2,32,0,0,34,7,19,5,0,31,9,51,5,0,65,18,0,18,83
01/08/2020,ENA,AK,AAL,WE,Federal Contract Tower,0,30,0,3,33,7,31,3,0,41,7,61,3,3,74,28,22,50,124
01/09/2020,ENA,AK,AAL,WE,Federal Contract Tower,0,34,0,0,34,5,24,3,0,32,5,58,3,0,66,67,0,67,133
01/10/2020,ENA,AK,AAL,WE,Federal Contract Tower,0,27,0,2,29,6,34,2,0,42,6,61,2,2,71,32,6,38,109
01/11/2020,ENA,AK,AAL,WE,Federal Contract Tower,0,11,2,0,13,0,12,0,0,12,0,23,2,0,25,30,0,30,55
01/12/2020,ENA,AK,AAL,WE,Federal Contract Tower,0,20,0,0,20,0,3,0,0,3,0,23,0,0,23,0,0,0,23
01/13/2020,ENA,AK,AAL,WE,Federal Contract Tower,0,35,2,0,37,0,2,0,0,2,0,37,2,0,39,0,0,0,39
01/14/2020,ENA,AK,AAL,WE,Federal Contract Tower,0,29,0,0,29,6,32,13,0,51,6,61,13,0,80,28,0,28,108
01/15/2020,ENA,AK,AAL,WE,Federal Contract Tower,2,27,3,2,34,7,44,17,6,74,9,71,20,8,108,18,4,22,130
01/16/2020,ENA,AK,AAL,WE,Federal Contract Tower,0,17,0,0,17,2,59,17,0,78,2,76,17,0,95,26,26,52,147
01/17/2020,ENA,AK,AAL,WE,Federal Contract Tower,0,18,2,0,20,0,48,15,0,63,0,66,17,0,83,42,0,42,125
01/18/2020,ENA,AK,AAL,WE,Federal Contract Tower,0,10,2,0,12,0,17,10,0,27,0,27,12,0,39,24,0,24,63
01/19/2020,ENA,AK,AAL,WE,Federal Contract Tower,0,10,2,0,12,0,19,2,0,21,0,29,4,0,33,10,0,10,43
01/20/2020,ENA,AK,AAL,WE,Federal Contract Tower,0,41,0,0,41,0,3,0,0,3,0,44,0,0,44,0,0,0,44
01/21/2020,ENA,AK,AAL,WE,Federal Contract Tower,0,56,3,0,59,2,16,7,0,25,2,72,10,0,84,36,2,38,122
01/22/2020,ENA,AK,AAL,WE,Federal Contract Tower,0,60,0,0,60,4,12,6,0,22,4,72,6,0,82,28,0,28,110
01/23/2020,ENA,AK,AAL,WE,Federal Contract Tower,0,31,10,0,41,5,48,12,0,65,5,79,22,0,106,38,0,38,144
01/24/2020,ENA,AK,AAL,WE,Federal Contract Tower,0,18,3,0,21,0,55,18,4,77,0,73,21,4,98,46,14,60,158
01/25/2020,ENA,AK,AAL,WE,Federal Contract Tower,0,11,0,0,11,0,11,20,0,31,0,22,20,0,42,20,0,20,62
01/26/2020,ENA,AK,AAL,WE,Federal Contract Tower,0,12,0,0,12,0,22,6,0,28,0,34,6,0,40,49,0,49,89
01/27/2020,ENA,AK,AAL,WE,Federal Contract Tower,0,28,0,0,28,3,67,4,0,74,3,95,4,0,102,32,8,40,142
01/28/2020,ENA,AK,AAL,WE,Federal Contract Tower,1,31,2,0,34,3,57,10,0,70,4,88,12,0,104,58,0,58,162
01/29/2020,ENA,AK,AAL,WE,Federal Contract Tower,0,52,0,0,52,0,3,0,0,3,0,55,0,0,55,8,0,8,63
01/30/2020,ENA,AK,AAL,WE,Federal Contract Tower,0,33,2,1,36,4,69,13,1,87,4,102,15,2,123,30,0,30,153
01/31/2020,ENA,AK,AAL,WE,Federal Contract Tower,0,55,1,0,56,1,17,4,0,22,1,72,5,0,78,26,0,26,104
02/01/2020,ENA,AK,AAL,WE,Federal Contract Tower,0,10,3,0,13,0,23,11,0,34,0,33,14,0,47,28,0,28,75
02/02/2020,ENA,AK,AAL,WE,Federal Contract Tower,0,13,7,0,20,0,5,0,0,5,0,18,7,0,25,17,0,17,42
02/03/2020,ENA,AK,AAL,WE,Federal Contract Tower,0,28,8,0,36,3,34,9,0,46,3,62,17,0,82,2,0,2,84
02/04/2020,ENA,AK,AAL,WE,Federal Contract Tower,0,44,0,2,46,3,39,18,7,67,3,83,18,9,113,27,8,35,148
02/05/2020,ENA,AK,AAL,WE,Federal Contract Tower,0,53,0,0,53,3,23,3,0,29,3,76,3,0,82,14,0,14,96
02/06/2020,ENA,AK,AAL,WE,Federal Contract Tower,0,25,0,1,26,4,46,18,5,73,4,71,18,6,99,32,12,44,143
02/07/2020,ENA,AK,AAL,WE,Federal Contract Tower,0,43,0,0,43,0,8,4,0,12,0,51,4,0,55,2,0,2,57
02/08/2020,ENA,AK,AAL,WE,Federal Contract Tower,0,20,0,0,20,0,3,0,0,3,0,23,0,0,23,0,0,0,23
02/09/2020,ENA,AK,AAL,WE,Federal Contract Tower,0,15,0,1,16,0,10,2,3,15,0,25,2,4,31,4,24,28,59
02/10/2020,ENA,AK,AAL,WE,Federal Contract Tower,0,21,3,4,28,2,43,28,0,73,2,64,31,4,101,42,14,56,157
02/11/2020,ENA,AK,AAL,WE,Federal Contract Tower,0,22,6,0,28,0,51,21,0,72,0,73,27,0,100,68,0,68,168
02/12/2020,ENA,AK,AAL,WE,Federal Contract Tower,0,38,0,0,38,0,17,3,0,20,0,55,3,0,58,8,0,8,66
02/13/2020,ENA,AK,AAL,WE,Federal Contract Tower,0,27,3,0,30,5,52,31,0,88,5,79,34,0,118,36,0,36,154
02/14/2020,ENA,AK,AAL,WE,Federal Contract Tower,0,23,0,1,24,0,37,26,0,63,0,60,26,1,87,52,8,60,147
02/15/2020,ENA,AK,AAL,WE,Federal Contract Tower,0,12,9,0,21,0,24,6,0,30,0,36,15,0,51,34,0,34,85
02/16/2020,ENA,AK,AAL,WE,Federal Contract Tower,0,13,4,0,17,0,18,8,0,26,0,31,12,0,43,38,0,38,81
02/17/2020,ENA,AK,AAL,WE,Federal Contract Tower,0,32,0,0,32,0,21,4,0,25,0,53,4,0,57,18,0,18,75
02/18/2020,ENA,AK,AAL,WE,Federal Contract Tower,0,30,0,0,30,0,6,4,0,10,0,36,4,0,40,0,0,0,40
02/19/2020,ENA,AK,AAL,WE,Federal Contract Tower,0,31,0,0,31,2,64,7,0,73,2,95,7,0,104,24,0,24,128
02/20/2020,ENA,AK,AAL,WE,Federal Contract Tower,0,23,0,0,23,1,42,22,4,69,1,65,22,4,92,93,0,93,185
02/21/2020,ENA,AK,AAL,WE,Federal Contract Tower,0,49,0,0,49,0,0,0,0,0,0,49,0,0,49,0,0,0,49
02/22/2020,ENA,AK,AAL,WE,Federal Contract Tower,0,19,0,0,19,0,19,5,0,24,0,38,5,0,43,44,0,44,87
02/23/2020,ENA,AK,AAL,WE,Federal Contract Tower,0,12,1,0,13,0,16,16,0,32,0,28,17,0,45,36,0,36,81
02/24/2020,ENA,AK,AAL,WE,Federal Contract Tower,2,18,3,0,23,4,53,23,2,82,6,71,26,2,105,24,12,36,141
02/25/2020,ENA,AK,AAL,WE,Federal Contract Tower,1,33,0,0,34,0,44,3,0,47,1,77,3,0,81,26,0,26,107
02/26/2020,ENA,AK,AAL,WE,Federal Contract Tower,1,16,0,0,17,0,70,16,0,86,1,86,16,0,103,26,0,26,129
02/27/2020,ENA,AK,AAL,WE,Federal Contract Tower,0,20,0,3,23,6,45,24,1,76,6,65,24,4,99,46,14,60,159
02/28/2020,ENA,AK,AAL,WE,Federal Contract Tower,0,17,0,0,17,1,57,30,0,88,1,74,30,0,105,34,0,34,139
02/29/2020,ENA,AK,AAL,WE,Federal Contract Tower,0,12,2,0,14,0,18,3,0,21,0,30,5,0,35,22,0,22,57
03/01/2020,ENA,AK,AAL,WE,Federal Contract Tower,0,29,0,0,29,0,0,0,0,0,0,29,0,0,29,0,0,0,29
03/02/2020,ENA,AK,AAL,WE,Federal Contract Tower,0,44,0,1,45,0,17,6,0,23,0,61,6,1,68,0,8,8,76
03/03/2020,ENA,AK,AAL,WE,Federal Contract Tower,0,20,3,0,23,2,70,18,0,90,2,90,21,0,113,59,14,73,186
03/04/2020,ENA,AK,AAL,WE,Federal Contract Tower,0,25,0,0,25,0,64,10,0,74,0,89,10,0,99,36,0,36,135
03/05/2020,ENA,AK,AAL,WE,Federal Contract Tower,1,22,0,0,23,3,55,21,0,79,4,77,21,0,102,46,4,50,152
03/06/2020,ENA,AK,AAL,WE,Federal Contract Tower,0,20,2,0,22,2,54,28,0,84,2,74,30,0,106,14,8,22,128
03/07/2020,ENA,AK,AAL,WE,Federal Contract Tower,0,19,1,0,20,0,1,0,0,1,0,20,1,0,21,0,0,0,21
03/08/2020,ENA,AK,AAL,WE,Federal Contract Tower,0,29,0,0,29,0,0,0,0,0,0,29,0,0,29,0,0,0,29
03/09/2020,ENA,AK,AAL,WE,Federal Contract Tower,0,44,0,0,44,0,7,3,0,10,0,51,3,0,54,0,0,0,54
03/10/2020,ENA,AK,AAL,WE,Federal Contract Tower,2,14,0,0,16,3,51,15,2,71,5,65,15,2,87,68,0,68,155
03/11/2020,ENA,AK,AAL,WE,Federal Contract Tower,0,19,2,0,21,0,51,19,0,70,0,70,21,0,91,14,0,14,105
03/12/2020,ENA,AK,AAL,WE,Federal Contract Tower,0,21,6,0,27,4,61,25,0,90,4,82,31,0,117,90,2,92,209
03/13/2020,ENA,AK,AAL,WE,Federal Contract Tower,0,18,1,0,19,2,59,33,0,94,2,77,34,0,113,38,0,38,151
03/14/2020,ENA,AK,AAL,WE,Federal Contract Tower,0,13,0,0,13,0,22,35,0,57,0,35,35,0,70,40,0,40,110
03/15/2020,ENA,AK,AAL,WE,Federal Contract Tower,0,10,2,0,12,0,16,22,0,38,0,26,24,0,50,22,0,22,72
03/16/2020,ENA,AK,AAL,WE,Federal Contract Tower,0,22,1,0,23,13,53,15,0,81,13,75,16,0,104,18,12,30,134
03/17/2020,ENA,AK,AAL,WE,Federal Contract Tower,0,40,0,0,40,0,20,6,0,26,0,60,6,0,66,10,0,10,76
03/18/2020,ENA,AK,AAL,WE,Federal Contract Tower,0,35,0,0,35,0,28,11,2,41,0,63,11,2,76,20,14,34,110
03/19/2020,ENA,AK,AAL,WE,Federal Contract Tower,0,51,0,0,51,0,20,20,0,40,0,71,20,0,91,8,3,11,102
03/20/2020,ENA,AK,AAL,WE,Federal Contract Tower,0,15,2,0,17,4,63,28,0,95,4,78,30,0,112,22,0,22,134
03/21/2020,ENA,AK,AAL,WE,Federal Contract Tower,0,16,4,0,20,0,0,0,0,0,0,16,4,0,20,0,0,0,20
03/22/2020,ENA,AK,AAL,WE,Federal Contract Tower,0,8,1,0,9,0,17,26,0,43,0,25,27,0,52,52,0,52,104
03/23/2020,ENA,AK,AAL,WE,Federal Contract Tower,0,10,0,0,10,3,50,38,0,91,3,60,38,0,101,92,0,92,193
03/24/2020,ENA,AK,AAL,WE,Federal Contract Tower,0,11,2,0,13,7,42,25,0,74,7,53,27,0,87,85,0,85,172
03/25/2020,ENA,AK,AAL,WE,Federal Contract Tower,0,15,0,0,15,0,42,8,0,50,0,57,8,0,65,28,0,28,93
03/26/2020,ENA,AK,AAL,WE,Federal Contract Tower,0,12,0,0,12,3,18,11,0,32,3,30,11,0,44,32,0,32,76
03/27/2020,ENA,AK,AAL,WE,Federal Contract Tower,0,15,2,0,17,2,37,26,0,65,2,52,28,0,82,56,8,64,146
03/28/2020,ENA,AK,AAL,WE,Federal Contract Tower,0,4,0,0,4,0,1,7,0,8,0,5,7,0,12,0,0,0,12
03/29/2020,ENA,AK,AAL,WE,Federal Contract Tower,0,5,0,0,5,0,8,3,0,11,0,13,3,0,16,10,6,16,32
03/30/2020,ENA,AK,AAL,WE,Federal Contract Tower,0,9,0,0,9,1,33,12,0,46,1,42,12,0,55,38,0,38,93
03/31/2020,ENA,AK,AAL,WE,Federal Contract Tower,0,12,2,0,14,0,31,18,0,49,0,43,20,0,63,50,0,50,113
04/01/2020,ENA,AK,AAL,WE,Federal Contract Tower,0,22,1,0,23,0,30,1,0,31,0,52,2,0,54,6,0,6,60
04/02/2020,ENA,AK,AAL,WE,Federal Contract Tower,0,21,0,4,25,0,0,0,0,0,0,21,0,4,25,0,0,0,25
04/03/2020,ENA,AK,AAL,WE,Federal Contract Tower,0,32,0,0,32,0,18,10,0,28,0,50,10,0,60,16,0,16,76
04/04/2020,ENA,AK,AAL,WE,Federal Contract Tower,0,0,0,0,0,0,17,16,0,33,0,17,16,0,33,30,0,30,63
04/05/2020,ENA,AK,AAL,WE,Federal Contract Tower,0,0,0,0,0,0,13,3,0,16,0,13,3,0,16,34,0,34,50
04/06/2020,ENA,AK,AAL,WE,Federal Contract Tower,0,3,2,0,5,5,32,11,0,48,5,35,13,0,53,0,0,0,53
04/07/2020,ENA,AK,AAL,WE,Federal Contract Tower,0,6,0,1,7,4,34,15,0,53,4,40,15,1,60,42,18,60,120
04/08/2020,ENA,AK,AAL,WE,Federal Contract Tower,0,6,0,0,6,0,29,28,0,57,0,35,28,0,63,60,10,70,133
04/09/2020,ENA,AK,AAL,WE,Federal Contract Tower,0,5,0,0,5,3,39,36,0,78,3,44,36,0,83,38,0,38,121
04/10/2020,ENA,AK,AAL,WE,Federal Contract Tower,0,3,4,0,7,0,50,37,0,87,0,53,41,0,94,80,0,80,174
04/11/2020,ENA,AK,AAL,WE,Federal Contract Tower,0,3,0,0,3,0,2,28,0,30,0,5,28,0,33,34,0,34,67
04/12/2020,ENA,AK,AAL,WE,Federal Contract Tower,0,2,0,0,2,0,1,4,0,5,0,3,4,0,7,4,0,4,11
04/13/2020,ENA,AK,AAL,WE,Federal Contract Tower,0,22,0,2,24,5,4,0,0,9,5,26,0,2,33,31,0,31,64
04/14/2020,ENA,AK,AAL,WE,Federal Contract Tower,0,1,7,0,8,3,34,29,0,66,3,35,36,0,74,60,0,60,134
04/15/2020,ENA,AK,AAL,WE,Federal Contract Tower,0,8,0,0,8,4,27,24,0,55,4,35,24,0,63,64,0,64,127
04/16/2020,ENA,AK,AAL,WE,Federal Contract Tower,0,19,0,0,19,2,0,1,0,3,2,19,1,0,22,0,0,0,22
04/17/2020,ENA,AK,AAL,WE,Federal Contract Tower,0,17,1,0,18,2,7,29,0,38,2,24,30,0,56,84,0,84,140
04/18/2020,ENA,AK,AAL,WE,Federal Contract Tower,2,2,4,0,8,1,0,17,0,18,3,2,21,0,26,14,0,14,40
04/19/2020,ENA,AK,AAL,WE,Federal Contract Tower,0,6,4,0,10,0,3,12,1,16,0,9,16,1,26,18,12,30,56
04/20/2020,ENA,AK,AAL,WE,Federal Contract Tower,0,20,7,0,27,3,7,5,0,15,3,27,12,0,42,22,0,22,64
04/21/2020,ENA,AK,AAL,WE,Federal Contract Tower,0,20,0,0,20,0,1,0,0,1,0,21,0,0,21,0,0,0,21
04/22/2020,ENA,AK,AAL,WE,Federal Contract Tower,0,24,1,0,25,2,22,13,0,37,2,46,14,0,62,64,0,64,126
04/23/2020,ENA,AK,AAL,WE,Federal Contract Tower,0,16,2,0,18,0,29,27,0,56,0,45,29,0,74,88,0,88,162
04/24/2020,ENA,AK,AAL,WE,Federal Contract Tower,0,6,2,0,8,0,34,38,0,72,0,40,40,0,80,96,0,96,176
04/25/2020,ENA,AK,AAL,WE,Federal Contract Tower,0,0,2,0,2,9,16,56,0,81,9,16,58,0,83,56,0,56,139
04/26/2020,ENA,AK,AAL,WE,Federal Contract Tower,0,2,2,0,4,0,11,25,0,36,0,13,27,0,40,58,0,58,98
04/27/2020,ENA,AK,AAL,WE,Federal Contract Tower,0,5,6,0,11,0,38,36,0,74,0,43,42,0,85,86,0,86,171
04/28/2020,ENA,AK,AAL,WE,Federal Contract Tower,0,11,1,0,12,2,37,38,0,77,2,48,39,0,89,76,0,76,165
04/29/2020,ENA,AK,AAL,WE,Federal Contract Tower,2,10,0,0,12,3,29,50,0,82,5,39,50,0,94,70,0,70,164
04/30/2020,ENA,AK,AAL,WE,Federal Contract Tower,0,6,1,0,7,3,28,22,0,53,3,34,23,0,60,52,12,64,124
05/01/2020,ENA,AK,AAL,WE,Federal Contract Tower,0,9,3,0,12,6,36,48,0,90,6,45,51,0,102,48,6,54,156
05/02/2020,ENA,AK,AAL,WE,Federal Contract Tower,3,4,1,0,8,6,15,37,0,58,9,19,38,0,66,46,0,46,112
05/03/2020,ENA,AK,AAL,WE,Federal Contract Tower,0,0,2,0,2,0,19,38,2,59,0,19,40,2,61,46,4,50,111
05/04/2020,ENA,AK,AAL,WE,Federal Contract Tower,0,4,0,3,7,4,38,10,0,52,4,42,10,3,59,32,8,40,99
05/05/2020,ENA,AK,AAL,WE,Federal Contract Tower,0,9,1,0,10,6,40,43,0,89,6,49,44,0,99,78,8,86,185
05/06/2020,ENA,AK,AAL,WE,Federal Contract Tower,0,8,4,1,13,6,54,42,0,102,6,62,46,1,115,52,2,54,169
05/07/2020,ENA,AK,AAL,WE,Federal Contract Tower,0,7,2,0,9,2,39,32,0,73,2,46,34,0,82,26,0,26,108
05/08/2020,ENA,AK,AAL,WE,Federal Contract Tower,0,7,0,0,7,3,42,27,0,72,3,49,27,0,79,34,0,34,113
05/09/2020,ENA,AK,AAL,WE,Federal Contract Tower,0,0,0,0,0,0,10,32,0,42,0,10,32,0,42,58,0,58,100
05/10/2020,ENA,AK,AAL,WE,Federal Contract Tower,0,0,2,0,2,0,14,21,0,35,0,14,23,0,37,18,0,18,55
05/11/2020,ENA,AK,AAL,WE,Federal Contract Tower,0,16,6,0,22,0,27,22,0,49,0,43,28,0,71,36,0,36,107
05/12/2020,ENA,AK,AAL,WE,Federal Contract Tower,0,4,3,0,7,0,46,30,0,76,0,50,33,0,83,30,10,40,123
05/13/2020,ENA,AK,AAL,WE,Federal Contract Tower,0,6,2,1,9,3,37,30,0,70,3,43,32,1,79,42,8,50,129
05/14/2020,ENA,AK,AAL,WE,Federal Contract Tower,2,12,2,0,16,11,35,40,0,86,13,47,42,0,102,60,0,60,162
05/15/2020,ENA,AK,AAL,WE,Federal Contract Tower,0,7,6,0,13,5,47,64,2,118,5,54,70,2,131,78,14,92,223
05/16/2020,ENA,AK,AAL,WE,Federal Contract Tower,0,0,0,6,6,13,26,49,2,90,13,26,49,8,96,48,4,52,148
05/17/2020,ENA,AK,AAL,WE,Federal Contract Tower,0,0,1,0,1,0,27,31,0,58,0,27,32,0,59,8,0,8,67
05/18/2020,ENA,AK,AAL,WE,Federal Contract Tower,0,7,1,2,10,2,57,30,0,89,2,64,31,2,99,80,12,92,191
05/19/2020,ENA,AK,AAL,WE,Federal Contract Tower,0,9,0,0,9,0,40,33,0,73,0,49,33,0,82,20,0,20,102
05/20/2020,ENA,AK,AAL,WE,Federal Contract Tower,0,4,4,2,10,0,41,30,0,71,0,45,34,2,81,124,20,144,225
05/21/2020,ENA,AK,AAL,WE,Federal Contract Tower,0,13,0,0,13,0,26,33,0,59,0,39,33,0,72,64,0,64,136
05/22/2020,ENA,AK,AAL,WE,Federal Contract Tower,0,11,0,2,13,0,27,24,0,51,0,38,24,2,64,26,4,30,94
05/23/2020,ENA,AK,AAL,WE,Federal Contract Tower,0,0,0,0,0,0,20,25,0,45,0,20,25,0,45,36,0,36,81
05/24/2020,ENA,AK,AAL,WE,Federal Contract Tower,0,14,0,0,14,0,10,9,0,19,0,24,9,0,33,0,0,0,33
05/25/2020,ENA,AK,AAL,WE,Federal Contract Tower,0,2,0,0,2,0,31,35,0,66,0,33,35,0,68,132,0,132,200
05/26/2020,ENA,AK,AAL,WE,Federal Contract Tower,0,10,3,0,13,9,58,48,2,117,9,68,51,2,130,102,26,128,258
05/27/2020,ENA,AK,AAL,WE,Federal Contract Tower,1,8,0,0,9,9,44,31,0,84,10,52,31,0,93,110,0,110,203
05/28/2020,ENA,AK,AAL,WE,Federal Contract Tower,0,7,4,4,15,6,42,60,0,108,6,49,64,4,123,46,10,56,179
05/29/2020,ENA,AK,AAL,WE,Federal Contract Tower,0,3,0,0,3,4,59,58,0,121,4,62,58,0,124,84,0,84,208
05/30/2020,ENA,AK,AAL,WE,Federal Contract Tower,0,0,2,0,2,0,0,41,4,45,0,0,43,4,47,20,0,20,67
05/31/2020,ENA,AK,AAL,WE,Federal Contract Tower,0,1,8,1,10,0,16,16,0,32,0,17,24,1,42,10,0,10,52
06/01/2020,ENA,AK,AAL,WE,Federal Contract Tower,1,9,0,0,10,9,54,42,0,105,10,63,42,0,115,94,0,94,209
06/02/2020,ENA,AK,AAL,WE,Federal Contract Tower,0,5,2,0,7,4,47,41,0,92,4,52,43,0,99,44,0,44,143
06/03/2020,ENA,AK,AAL,WE,Federal Contract Tower,0,5,0,0,5,7,59,39,1,106,7,64,39,1,111,50,26,76,187
06/04/2020,ENA,AK,AAL,WE,Federal Contract Tower,0,4,3,2,9,3,50,45,0,98,3,54,48,2,107,110,0,110,217
06/05/2020,ENA,AK,AAL,WE,Federal Contract Tower,0,5,0,0,5,0,34,60,0,94,0,39,60,0,99,50,0,50,149
06/06/2020,ENA,AK,AAL,WE,Federal Contract Tower,0,0,0,0,0,0,1,29,0,30,0,1,29,0,30,32,0,32,62
06/07/2020,ENA,AK,AAL,WE,Federal Contract Tower,0,0,1,2,3,5,21,16,2,44,5,21,17,4,47,42,4,46,93
06/08/2020,ENA,AK,AAL,WE,Federal Contract Tower,0,22,4,0,26,0,26,35,0,61,0,48,39,0,87,62,0,62,149
06/09/2020,ENA,AK,AAL,WE,Federal Contract Tower,0,36,4,2,42,0,28,29,0,57,0,64,33,2,99,52,24,76,175
06/10/2020,ENA,AK,AAL,WE,Federal Contract Tower,0,12,5,0,17,0,37,35,0,72,0,49,40,0,89,70,32,102,191
06/11/2020,ENA,AK,AAL,WE,Federal Contract Tower,0,12,3,2,17,0,31,34,0,65,0,43,37,2,82,86,4,90,172
06/12/2020,ENA,AK,AAL,WE,Federal Contract Tower,0,6,0,0,6,3,38,61,0,102,3,44,61,0,108,104,0,104,212
06/13/2020,ENA,AK,AAL,WE,Federal Contract Tower,0,0,1,0,1,5,11,52,0,68,5,11,53,0,69,70,2,72,141
06/14/2020,ENA,AK,AAL,WE,Federal Contract Tower,0,0,0,1,1,0,13,18,1,32,0,13,18,2,33,2,4,6,39
06/15/2020,ENA,AK,AAL,WE,Federal Contract Tower,0,3,1,0,4,2,26,57,2,87,2,29,58,2,91,58,6,64,155
06/16/2020,ENA,AK,AAL,WE,Federal Contract Tower,2,4,0,0,6,6,55,49,0,110,8,59,49,0,116,84,50,134,250
06/17/2020,ENA,AK,AAL,WE,Federal Contract Tower,0,7,0,0,7,0,43,35,0,78,0,50,35,0,85,66,0,66,151
06/18/2020,ENA,AK,AAL,WE,Federal Contract Tower,0,4,0,0,4,3,39,41,0,83,3,43,41,0,87,46,0,46,133
06/19/2020,ENA,AK,AAL,WE,Federal Contract Tower,0,26,0,0,26,5,29,40,2,76,5,55,40,2,102,44,0,44,146
06/20/2020,ENA,AK,AAL,WE,Federal Contract Tower,0,0,2,0,2,0,22,42,0,64,0,22,44,0,66,22,0,22,88
06/21/2020,ENA,AK,AAL,WE,Federal Contract Tower,0,1,0,0,1,0,34,26,1,61,0,35,26,1,62,30,0,30,92
06/22/2020,ENA,AK,AAL,WE,Federal Contract Tower,0,7,1,3,11,4,73,43,7,127,4,80,44,10,138,106,22,128,266
06/23/2020,ENA,AK,AAL,WE,Federal Contract Tower,0,6,0,4,10,4,51,54,0,109,4,57,54,4,119,116,2,118,237
06/24/2020,ENA,AK,AAL,WE,Federal Contract Tower,0,14,7,4,25,4,50,25,0,79,4,64,32,4,104,94,12,106,210
06/25/2020,ENA,AK,AAL,WE,Federal Contract Tower,0,4,0,0,4,2,49,56,0,107,2,53,56,0,111,60,2,62,173
06/26/2020,ENA,AK,AAL,WE,Federal Contract Tower,0,4,1,0,5,0,65,56,2,123,0,69,57,2,128,66,0,66,194
06/27/2020,ENA,AK,AAL,WE,Federal Contract Tower,0,2,5,0,7,0,26,73,0,99,0,28,78,0,106,78,0,78,184
06/28/2020,ENA,AK,AAL,WE,Federal Contract Tower,0,3,1,0,4,0,19,15,1,35,0,22,16,1,39,4,0,4,43
06/29/2020,ENA,AK,AAL,WE,Federal Contract Tower,1,8,4,0,13,24,42,16,0,82,25,50,20,0,95,34,2,36,131
06/30/2020,ENA,AK,AAL,WE,Federal Contract Tower,0,5,2,0,7,5,58,60,4,127,5,63,62,4,134,46,24,70,204
07/01/2020,ENA,AK,AAL,WE,Federal Contract Tower,0,4,2,1,7,4,55,59,1,119,4,59,61,2,126,102,12,114,240
07/02/2020,ENA,AK,AAL,WE,Federal Contract Tower,0,5,1,2,8,1,58,33,0,92,1,63,34,2,100,42,4,46,146
07/03/2020,ENA,AK,AAL,WE,Federal Contract Tower,0,5,2,0,7,1,46,57,0,104,1,51,59,0,111,82,0,82,193
07/04/2020,ENA,AK,AAL,WE,Federal Contract Tower,0,0,0,0,0,0,1,25,0,26,0,1,25,0,26,4,0,4,30
07/05/2020,ENA,AK,AAL,WE,Federal Contract Tower,0,4,6,0,10,0,21,24,0,45,0,25,30,0,55,10,0,10,65
07/06/2020,ENA,AK,AAL,WE,Federal Contract Tower,0,50,16,0,66,0,19,11,0,30,0,69,27,0,96,16,0,16,112
07/07/2020,ENA,AK,AAL,WE,Federal Contract Tower,0,29,10,2,41,0,51,45,1,97,0,80,55,3,138,136,4,140,278
07/08/2020,ENA,AK,AAL,WE,Federal Contract Tower,0,54,9,0,63,0,14,12,0,26,0,68,21,0,89,12,0,12,101
07/09/2020,ENA,AK,AAL,WE,Federal Contract Tower,0,24,0,3,27,3,52,44,2,101,3,76,44,5,128,84,12,96,224
07/10/2020,ENA,AK,AAL,WE,Federal Contract Tower,0,9,2,0,11,6,75,49,0,130,6,84,51,0,141,46,0,46,187
07/11/2020,ENA,AK,AAL,WE,Federal Contract Tower,0,1,0,0,1,2,28,40,0,70,2,29,40,0,71,26,0,26,97
07/12/2020,ENA,AK,AAL,WE,Federal Contract Tower,0,10,16,0,26,0,10,8,0,18,0,20,24,0,44,0,0,0,44
07/13/2020,ENA,AK,AAL,WE,Federal Contract Tower,0,9,1,4,14,7,71,57,1,136,7,80,58,5,150,42,8,50,200
07/14/2020,ENA,AK,AAL,WE,Federal Contract Tower,0,18,5,5,28,0,55,49,2,106,0,73,54,7,134,72,0,72,206
07/15/2020,ENA,AK,AAL,WE,Federal Contract Tower,0,12,4,1,17,2,64,51,0,117,2,76,55,1,134,72,2,74,208
07/16/2020,ENA,AK,AAL,WE,Federal Contract Tower,0,7,0,2,9,5,57,62,0,124,5,64,62,2,133,100,22,122,255
07/17/2020,ENA,AK,AAL,WE,Federal Contract Tower,0,10,1,0,11,1,58,65,4,128,1,68,66,4,139,50,10,60,199
07/18/2020,ENA,AK,AAL,WE,Federal Contract Tower,0,2,2,0,4,3,47,42,0,92,3,49,44,0,96,48,0,48,144
07/19/2020,ENA,AK,AAL,WE,Federal Contract Tower,1,11,0,0,12,2,36,20,0,58,3,47,20,0,70,42,0,42,112
07/20/2020,ENA,AK,AAL,WE,Federal Contract Tower,0,11,2,0,13,4,70,51,0,125,4,81,53,0,138,96,0,96,234
07/21/2020,ENA,AK,AAL,WE,Federal Contract Tower,0,9,5,1,15,2,90,69,2,163,2,99,74,3,178,110,12,122,300
07/22/2020,ENA,AK,AAL,WE,Federal Contract Tower,0,16,3,1,20,0,46,36,5,87,0,62,39,6,107,68,52,120,227
07/23/2020,ENA,AK,AAL,WE,Federal Contract Tower,0,5,14,2,21,8,60,87,2,157,8,65,101,4,178,88,32,120,298
07/24/2020,ENA,AK,AAL,WE,Federal Contract Tower,2,34,5,0,41,2,26,30,0,58,4,60,35,0,99,28,0,28,127
07/25/2020,ENA,AK,AAL,WE,Federal Contract Tower,0,9,3,0,12,0,16,23,0,39,0,25,26,0,51,0,0,0,51
07/26/2020,ENA,AK,AAL,WE,Federal Contract Tower,1,3,1,0,5,0,47,42,0,89,1,50,43,0,94,46,0,46,140
07/27/2020,ENA,AK,AAL,WE,Federal Contract Tower,0,7,7,0,14,4,62,78,0,144,4,69,85,0,158,54,0,54,212
07/28/2020,ENA,AK,AAL,WE,Federal Contract Tower,1,4,7,6,18,2,63,71,0,136,3,67,78,6,154,98,6,104,258
07/29/2020,ENA,AK,AAL,WE,Federal Contract Tower,0,8,3,1,12,1,71,66,2,140,1,79,69,3,152,86,0,86,238
07/30/2020,ENA,AK,AAL,WE,Federal Contract Tower,2,10,2,2,16,6,68,49,4,127,8,78,51,6,143,72,16,88,231
07/31/2020,ENA,AK,AAL,WE,Federal Contract Tower,0,7,4,0,11,8,63,58,0,129,8,70,62,0,140,50,0,50,190
08/01/2020,ENA,AK,AAL,WE,Federal Contract Tower,1,16,4,0,21,1,2,0,0,3,2,18,4,0,24,0,0,0,24
08/02/2020,ENA,AK,AAL,WE,Federal Contract Tower,0,21,5,0,26,0,3,8,0,11,0,24,13,0,37,0,0,0,37
08/03/2020,ENA,AK,AAL,WE,Federal Contract Tower,0,35,13,0,48,4,32,21,0,57,4,67,34,0,105,32,0,32,137
08/04/2020,ENA,AK,AAL,WE,Federal Contract Tower,0,8,5,2,15,7,75,71,2,155,7,83,76,4,170,80,8,88,258
08/05/2020,ENA,AK,AAL,WE,Federal Contract Tower,0,7,5,0,12,2,68,67,0,137,2,75,72,0,149,26,18,44,193
08/06/2020,ENA,AK,AAL,WE,Federal Contract Tower,0,13,2,0,15,1,61,41,10,113,1,74,43,10,128,42,0,42,170
08/07/2020,ENA,AK,AAL,WE,Federal Contract Tower,0,8,3,0,11,1,75,43,0,119,1,83,46,0,130,54,20,74,204
08/08/2020,ENA,AK,AAL,WE,Federal Contract Tower,2,2,1,0,5,2,24,32,0,58,4,26,33,0,63,52,0,52,115
08/09/2020,ENA,AK,AAL,WE,Federal Contract Tower,0,4,0,0,4,8,27,29,0,64,8,31,29,0,68,26,0,26,94
08/10/2020,ENA,AK,AAL,WE,Federal Contract Tower,0,4,2,0,6,2,56,51,0,109,2,60,53,0,115,92,0,92,207
08/11/2020,ENA,AK,AAL,WE,Federal Contract Tower,0,10,2,0,12,0,72,43,3,118,0,82,45,3,130,22,48,70,200
08/12/2020,ENA,AK,AAL,WE,Federal Contract Tower,0,20,10,0,30,0,74,52,0,126,0,94,62,0,156,62,0,62,218
08/13/2020,ENA,AK,AAL,WE,Federal Contract Tower,0,6,0,0,6,3,77,62,0,142,3,83,62,0,148,56,0,56,204
08/14/2020,ENA,AK,AAL,WE,Federal Contract Tower,0,25,1,0,26,4,56,36,0,96,4,81,37,0,122,34,0,34,156
08/15/2020,ENA,AK,AAL,WE,Federal Contract Tower,0,0,0,0,0,1,24,27,0,52,1,24,27,0,52,10,0,10,62
08/16/2020,ENA,AK,AAL,WE,Federal Contract Tower,0,4,0,0,4,0,27,32,0,59,0,31,32,0,63,36,0,36,99
08/17/2020,ENA,AK,AAL,WE,Federal Contract Tower,1,10,1,0,12,5,53,40,0,98,6,63,41,0,110,66,8,74,184
08/18/2020,ENA,AK,AAL,WE,Federal Contract Tower,0,20,2,2,24,5,53,50,2,110,5,73,52,4,134,72,36,108,242
08/19/2020,ENA,AK,AAL,WE,Federal Contract Tower,0,31,0,4,35,2,37,45,0,84,2,68,45,4,119,10,6,16,135
08/20/2020,ENA,AK,AAL,WE,Federal Contract Tower,0,18,1,4,23,0,44,56,0,100,0,62,57,4,123,48,0,48,171
08/21/2020,ENA,AK,AAL,WE,Federal Contract Tower,0,10,0,0,10,0,54,53,0,107,0,64,53,0,117,78,0,78,195
08/22/2020,ENA,AK,AAL,WE,Federal Contract Tower,0,1,4,0,5,0,33,62,0,95,0,34,66,0,100,50,0,50,150
08/23/2020,ENA,AK,AAL,WE,Federal Contract Tower,0,11,2,0,13,0,23,41,0,64,0,34,43,0,77,32,0,32,109
08/24/2020,ENA,AK,AAL,WE,Federal Contract Tower,0,30,0,2,32,2,48,35,1,86,2,78,35,3,118,56,22,78,196
08/25/2020,ENA,AK,AAL,WE,Federal Contract Tower,0,38,6,0,44,0,40,23,0,63,0,78,29,0,107,10,0,10,117
08/26/2020,ENA,AK,AAL,WE,Federal Contract Tower,0,50,13,0,63,2,20,10,0,32,2,70,23,0,95,8,0,8,103
08/27/2020,ENA,AK,AAL,WE,Federal Contract Tower,0,5,3,0,8,2,68,34,0,104,2,73,37,0,112,70,0,70,182
08/28/2020,ENA,AK,AAL,WE,Federal Contract Tower,0,13,0,0,13,0,70,64,0,134,0,83,64,0,147,46,0,46,193
08/29/2020,ENA,AK,AAL,WE,Federal Contract Tower,0,5,0,0,5,0,36,16,0,52,0,41,16,0,57,36,0,36,93
08/30/2020,ENA,AK,AAL,WE,Federal Contract Tower,0,7,0,0,7,0,14,7,0,21,0,21,7,0,28,20,0,20,48
08/31/2020,ENA,AK,AAL,WE,Federal Contract Tower,0,16,0,2,18,2,41,7,0,50,2,57,7,2,68,0,2,2,70
09/01/2020,ENA,AK,AAL,WE,Federal Contract Tower,0,23,3,8,34,3,57,25,0,85,3,80,28,8,119,36,0,36,155
09/02/2020,ENA,AK,AAL,WE,Federal Contract Tower,0,29,4,3,36,4,32,10,0,46,4,61,14,3,82,28,18,46,128
09/03/2020,ENA,AK,AAL,WE,Federal Contract Tower,0,31,0,1,32,0,35,31,0,66,0,66,31,1,98,86,4,90,188
09/04/2020,ENA,AK,AAL,WE,Federal Contract Tower,1,11,4,0,16,6,47,35,0,88,7,58,39,0,104,44,0,44,148
09/05/2020,ENA,AK,AAL,WE,Federal Contract Tower,0,0,0,0,0,2,36,36,0,74,2,36,36,0,74,44,0,44,118
09/06/2020,ENA,AK,AAL,WE,Federal Contract Tower,0,2,2,2,6,0,22,9,0,31,0,24,11,2,37,14,0,14,51
09/07/2020,ENA,AK,AAL,WE,Federal Contract Tower,0,4,0,0,4,0,0,0,0,0,0,4,0,0,4,38,22,60,64
09/08/2020,ENA,AK,AAL,WE,Federal Contract Tower,0,7,2,2,11,3,67,22,0,92,3,74,24,2,103,32,14,46,149
09/09/2020,ENA,AK,AAL,WE,Federal Contract Tower,0,11,0,0,11,5,67,44,0,116,5,78,44,0,127,102,0,102,229
09/10/2020,ENA,AK,AAL,WE,Federal Contract Tower,0,7,5,2,14,0,61,47,0,108,0,68,52,2,122,78,6,84,206
09/11/2020,ENA,AK,AAL,WE,Federal Contract Tower,1,8,1,2,12,0,49,49,0,98,1,57,50,2,110,90,0,90,200
09/12/2020,ENA,AK,AAL,WE,Federal Contract Tower,0,3,2,0,5,0,50,40,0,90,0,53,42,0,95,78,0,78,173
09/13/2020,ENA,AK,AAL,WE,Federal Contract Tower,2,1,1,0,4,2,28,43,0,73,4,29,44,0,77,50,0,50,127
09/14/2020,ENA,AK,AAL,WE,Federal Contract Tower,0,14,4,0,18,3,64,45,0,112,3,78,49,0,130,102,0,102,232
09/15/2020,ENA,AK,AAL,WE,Federal Contract Tower,0,23,1,0,24,0,39,27,1,67,0,62,28,1,91,22,14,36,127
09/16/2020,ENA,AK,AAL,WE,Federal Contract Tower,0,20,4,0,24,0,40,34,0,74,0,60,38,0,98,50,0,50,148
09/17/2020,ENA,AK,AAL,WE,Federal Contract Tower,0,30,4,0,34,0,36,13,0,49,0,66,17,0,83,34,0,34,117
09/18/2020,ENA,AK,AAL,WE,Federal Contract Tower,0,10,0,0,10,1,52,22,0,75,1,62,22,0,85,18,0,18,103
09/19/2020,ENA,AK,AAL,WE,Federal Contract Tower,0,3,2,0,5,0,32,44,0,76,0,35,46,0,81,48,0,48,129
09/20/2020,ENA,AK,AAL,WE,Federal Contract Tower,0,4,6,0,10,0,15,27,0,42,0,19,33,0,52,10,0,10,62
09/21/2020,ENA,AK,AAL,WE,Federal Contract Tower,0,15,2,2,19,1,64,23,0,88,1,79,25,2,107,26,34,60,167
09/22/2020,ENA,AK,AAL,WE,Federal Contract Tower,0,11,0,0,11,2,55,14,0,71,2,66,14,0,82,36,0,36,118
09/23/2020,ENA,AK,AAL,WE,Federal Contract Tower,0,13,2,0,15,7,68,31,0,106,7,81,33,0,121,56,0,56,177
09/24/2020,ENA,AK,AAL,WE,Federal Contract Tower,0,37,0,0,37,4,33,12,0,49,4,70,12,0,86,34,0,34,120
09/25/2020,ENA,AK,AAL,WE,Federal Contract Tower,0,28,6,0,34,4,38,26,0,68,4,66,32,0,102,90,0,90,192
09/26/2020,ENA,AK,AAL,WE,Federal Contract Tower,0,6,1,0,7,0,20,29,0,49,0,26,30,0,56,14,0,14,70
09/27/2020,ENA,AK,AAL,WE,Federal Contract Tower,0,1,0,0,1,2,17,4,0,23,2,18,4,0,24,6,0,6,30
09/28/2020,ENA,AK,AAL,WE,Federal Contract Tower,0,20,2,5,27,4,51,19,0,74,4,71,21,5,101,60,6,66,167
09/29/2020,ENA,AK,AAL,WE,Federal Contract Tower,0,8,0,0,8,2,59,31,0,92,2,67,31,0,100,57,0,57,157
09/30/2020,ENA,AK,AAL,WE,Federal Contract Tower,0,12,0,0,12,0,39,8,0,47,0,51,8,0,59,10,0,10,69
10/01/2020,ENA,AK,AAL,WE,Federal Contract Tower,0,8,4,0,12,2,51,31,0,84,2,59,35,0,96,40,0,40,136
10/02/2020,ENA,AK,AAL,WE,Federal Contract Tower,0,9,0,0,9,2,34,17,1,54,2,43,17,1,63,54,0,54,117
10/03/2020,ENA,AK,AAL,WE,Federal Contract Tower,0,0,2,0,2,2,23,34,0,59,2,23,36,0,61,62,0,62,123
10/04/2020,ENA,AK,AAL,WE,Federal Contract Tower,0,5,2,0,7,1,12,6,0,19,1,17,8,0,26,32,0,32,58
10/05/2020,ENA,AK,AAL,WE,Federal Contract Tower,0,10,4,0,14,0,54,28,0,82,0,64,32,0,96,104,0,104,200
10/06/2020,ENA,AK,AAL,WE,Federal Contract Tower,0,12,3,0,15,1,49,38,0,88,1,61,41,0,103,44,8,52,155
10/07/2020,ENA,AK,AAL,WE,Federal Contract Tower,2,14,0,0,16,6,47,11,0,64,8,61,11,0,80,54,0,54,134
10/08/2020,ENA,AK,AAL,WE,Federal Contract Tower,0,8,2,0,10,2,39,13,0,54,2,47,15,0,64,52,0,52,116
10/09/2020,ENA,AK,AAL,WE,Federal Contract Tower,0,7,0,0,7,5,49,24,0,78,5,56,24,0,85,92,0,92,177
10/10/2020,ENA,AK,AAL,WE,Federal Contract Tower,0,1,4,0,5,1,14,60,0,75,1,15,64,0,80,64,0,64,144
10/11/2020,ENA,AK,AAL,WE,Federal Contract Tower,0,4,0,1,5,0,15,9,0,24,0,19,9,1,29,40,4,44,73
10/12/2020,ENA,AK,AAL,WE,Federal Contract Tower,0,9,4,0,13,0,43,34,0,77,0,52,38,0,90,30,0,30,120
10/13/2020,ENA,AK,AAL,WE,Federal Contract Tower,0,7,1,0,8,0,63,30,0,93,0,70,31,0,101,58,0,58,159
10/14/2020,ENA,AK,AAL,WE,Federal Contract Tower,0,18,0,2,20,0,52,13,0,65,0,70,13,2,85,44,26,70,155
10/15/2020,ENA,AK,AAL,WE,Federal Contract Tower,0,28,1,2,31,0,24,26,1,51,0,52,27,3,82,39,14,53,135
10/16/2020,ENA,AK,AAL,WE,Federal Contract Tower,0,7,0,0,7,0,44,25,0,69,0,51,25,0,76,68,0,68,144
10/17/2020,ENA,AK,AAL,WE,Federal Contract Tower,0,0,1,0,1,0,20,27,0,47,0,20,28,0,48,62,0,62,110
10/18/2020,ENA,AK,AAL,WE,Federal Contract Tower,0,15,0,0,15,0,8,4,0,12,0,23,4,0,27,4,0,4,31
10/19/2020,ENA,AK,AAL,WE,Federal Contract Tower,0,24,0,0,24,0,33,16,0,49,0,57,16,0,73,56,18,74,147
10/20/2020,ENA,AK,AAL,WE,Federal Contract Tower,0,8,0,0,8,0,42,26,0,68,0,50,26,0,76,104,10,114,190
10/21/2020,ENA,AK,AAL,WE,Federal Contract Tower,0,7,0,0,7,2,59,24,0,85,2,66,24,0,92,18,0,18,110
10/22/2020,ENA,AK,AAL,WE,Federal Contract Tower,0,5,0,0,5,0,62,23,0,85,0,67,23,0,90,38,0,38,128
10/23/2020,ENA,AK,AAL,WE,Federal Contract Tower,0,6,3,0,9,0,41,13,2,56,0,47,16,2,65,44,8,52,117
10/24/2020,ENA,AK,AAL,WE,Federal Contract Tower,0,1,2,0,3,0,21,6,0,27,0,22,8,0,30,10,0,10,40
10/25/2020,ENA,AK,AAL,WE,Federal Contract Tower,0,32,0,0,32,0,3,0,0,3,0,35,0,0,35,4,0,4,39
10/26/2020,ENA,AK,AAL,WE,Federal Contract Tower,0,27,0,0,27,0,19,5,0,24,0,46,5,0,51,32,0,32,83
10/27/2020,ENA,AK,AAL,WE,Federal Contract Tower,0,22,6,2,30,1,43,24,0,68,1,65,30,2,98,106,14,120,218
10/28/2020,ENA,AK,AAL,WE,Federal Contract Tower,0,47,0,0,47,6,24,24,0,54,6,71,24,0,101,56,0,56,157
10/29/2020,ENA,AK,AAL,WE,Federal Contract Tower,0,30,2,0,32,2,44,11,0,57,2,74,13,0,89,40,0,40,129
10/30/2020,ENA,AK,AAL,WE,Federal Contract Tower,0,18,2,0,20,0,48,24,0,72,0,66,26,0,92,62,0,62,154
10/31/2020,ENA,AK,AAL,WE,Federal Contract Tower,0,0,0,0,0,0,24,52,0,76,0,24,52,0,76,32,0,32,108
11/01/2020,ENA,AK,AAL,WE,Federal Contract Tower,0,0,0,0,0,0,20,2,0,22,0,20,2,0,22,0,0,0,22
11/03/2020,ENA,AK,AAL,WE,Federal Contract Tower,0,8,2,1,11,0,47,25,1,73,0,55,27,2,84,91,14,105,189
11/04/2020,ENA,AK,AAL,WE,Federal Contract Tower,0,12,0,0,12,0,49,28,0,77,0,61,28,0,89,72,16,88,177
11/05/2020,ENA,AK,AAL,WE,Federal Contract Tower,0,15,2,0,17,0,37,12,0,49,0,52,14,0,66,30,18,48,114
11/06/2020,ENA,AK,AAL,WE,Federal Contract Tower,0,38,0,0,38,0,2,0,0,2,0,40,0,0,40,0,0,0,40
11/07/2020,ENA,AK,AAL,WE,Federal Contract Tower,0,10,0,0,10,0,0,0,0,0,0,10,0,0,10,0,0,0,10
11/08/2020,ENA,AK,AAL,WE,Federal Contract Tower,0,15,0,0,15,0,0,0,0,0,0,15,0,0,15,0,0,0,15
11/09/2020,ENA,AK,AAL,WE,Federal Contract Tower,0,5,0,0,5,0,49,30,0,79,0,54,30,0,84,120,0,120,204
11/10/2020,ENA,AK,AAL,WE,Federal Contract Tower,0,20,0,0,20,0,29,23,0,52,0,49,23,0,72,54,0,54,126
11/11/2020,ENA,AK,AAL,WE,Federal Contract Tower,0,18,0,0,18,0,33,12,0,45,0,51,12,0,63,34,0,34,97
11/12/2020,ENA,AK,AAL,WE,Federal Contract Tower,0,44,5,0,49,0,0,2,0,2,0,44,7,0,51,0,0,0,51
11/13/2020,ENA,AK,AAL,WE,Federal Contract Tower,0,19,0,0,19,0,28,17,0,45,0,47,17,0,64,72,0,72,136
11/14/2020,ENA,AK,AAL,WE,Federal Contract Tower,0,5,0,0,5,0,18,28,0,46,0,23,28,0,51,60,0,60,111
11/15/2020,ENA,AK,AAL,WE,Federal Contract Tower,0,0,0,0,0,0,21,16,0,37,0,21,16,0,37,82,0,82,119
11/16/2020,ENA,AK,AAL,WE,Federal Contract Tower,0,11,2,0,13,0,52,24,0,76,0,63,26,0,89,101,2,103,192
11/17/2020,ENA,AK,AAL,WE,Federal Contract Tower,0,15,0,0,15,0,41,35,0,76,0,56,35,0,91,64,4,68,159
11/18/2020,ENA,AK,AAL,WE,Federal Contract Tower,0,34,4,0,38,0,25,10,0,35,0,59,14,0,73,58,0,58,131
11/19/2020,ENA,AK,AAL,WE,Federal Contract Tower,0,15,0,0,15,0,49,24,0,73,0,64,24,0,88,76,0,76,164
11/20/2020,ENA,AK,AAL,WE,Federal Contract Tower,0,13,0,0,13,0,34,13,0,47,0,47,13,0,60,28,0,28,88
11/21/2020,ENA,AK,AAL,WE,Federal Contract Tower,0,1,0,0,1,0,13,2,0,15,0,14,2,0,16,6,0,6,22
11/22/2020,ENA,AK,AAL,WE,Federal Contract Tower,0,8,0,0,8,0,19,17,0,36,0,27,17,0,44,60,0,60,104
11/23/2020,ENA,AK,AAL,WE,Federal Contract Tower,0,10,0,0,10,0,31,2,0,33,0,41,2,0,43,24,0,24,67
11/24/2020,ENA,AK,AAL,WE,Federal Contract Tower,0,24,0,0,24,0,44,22,0,66,0,68,22,0,90,84,14,98,188
11/25/2020,ENA,AK,AAL,WE,Federal Contract Tower,0,24,0,0,24,0,25,5,0,30,0,49,5,0,54,0,0,0,54
11/26/2020,ENA,AK,AAL,WE,Federal Contract Tower,0,1,0,0,1,0,15,6,0,21,0,16,6,0,22,38,0,38,60
11/27/2020,ENA,AK,AAL,WE,Federal Contract Tower,0,37,0,0,37,0,3,0,0,3,0,40,0,0,40,0,0,0,40
11/28/2020,ENA,AK,AAL,WE,Federal Contract Tower,0,27,0,0,27,0,47,4,0,51,0,74,4,0,78,60,0,60,138
11/29/2020,ENA,AK,AAL,WE,Federal Contract Tower,0,3,0,0,3,0,9,0,0,9,0,12,0,0,12,14,0,14,26
11/30/2020,ENA,AK,AAL,WE,Federal Contract Tower,0,27,0,0,27,0,47,4,0,51,0,74,4,0,78,60,0,60,138
12/01/2020,ENA,AK,AAL,WE,Federal Contract Tower,0,28,0,0,28,0,50,4,2,56,0,78,4,2,84,64,0,64,148
12/02/2020,ENA,AK,AAL,WE,Federal Contract Tower,0,44,0,0,44,0,29,1,0,30,0,73,1,0,74,24,0,24,98
12/03/2020,ENA,AK,AAL,WE,Federal Contract Tower,0,30,1,0,31,0,45,18,0,63,0,75,19,0,94,134,8,142,236
12/04/2020,ENA,AK,AAL,WE,Federal Contract Tower,0,28,0,0,28,0,48,23,0,71,0,76,23,0,99,100,0,100,199
12/05/2020,ENA,AK,AAL,WE,Federal Contract Tower,0,13,1,0,14,0,31,20,0,51,0,44,21,0,65,74,0,74,139
12/06/2020,ENA,AK,AAL,WE,Federal Contract Tower,0,9,1,0,10,0,19,4,0,23,0,28,5,0,33,46,0,46,79
12/07/2020,ENA,AK,AAL,WE,Federal Contract Tower,0,16,0,0,16,0,37,1,0,38,0,53,1,0,54,16,0,16,70
12/08/2020,ENA,AK,AAL,WE,Federal Contract Tower,0,29,0,0,29,0,29,4,0,33,0,58,4,0,62,42,0,42,104
12/09/2020,ENA,AK,AAL,WE,Federal Contract Tower,0,16,0,1,17,0,57,21,5,83,0,73,21,6,100,70,20,90,190
12/10/2020,ENA,AK,AAL,WE,Federal Contract Tower,0,39,0,0,39,0,17,4,0,21,0,56,4,0,60,20,0,20,80
12/11/2020,ENA,AK,AAL,WE,Federal Contract Tower,0,25,3,0,28,0,51,40,0,91,0,76,43,0,119,36,0,36,155
12/12/2020,ENA,AK,AAL,WE,Federal Contract Tower,0,15,0,0,15,0,26,9,0,35,0,41,9,0,50,100,0,100,150
12/13/2020,ENA,AK,AAL,WE,Federal Contract Tower,0,11,0,0,11,1,27,5,0,33,1,38,5,0,44,72,0,72,116
12/14/2020,ENA,AK,AAL,WE,Federal Contract Tower,0,16,0,1,17,0,47,14,6,67,0,63,14,7,84,30,18,48,132
12/15/2020,ENA,AK,AAL,WE,Federal Contract Tower,0,41,2,0,43,0,0,0,0,0,0,41,2,0,43,0,0,0,43
12/16/2020,ENA,AK,AAL,WE,Federal Contract Tower,0,44,0,0,44,0,26,15,0,41,0,70,15,0,85,20,0,20,105
12/17/2020,ENA,AK,AAL,WE,Federal Contract Tower,0,25,1,0,26,0,39,17,0,56,0,64,18,0,82,48,38,86,168
12/18/2020,ENA,AK,AAL,WE,Federal Contract Tower,0,34,0,0,34,0,34,31,0,65,0,68,31,0,99,78,0,78,177
12/19/2020,ENA,AK,AAL,WE,Federal Contract Tower,0,30,0,0,30,0,0,0,0,0,0,30,0,0,30,0,0,0,30
12/20/2020,ENA,AK,AAL,WE,Federal Contract Tower,0,18,0,0,18,0,10,3,0,13,0,28,3,0,31,14,0,14,45
12/21/2020,ENA,AK,AAL,WE,Federal Contract Tower,0,37,0,3,40,0,7,0,0,7,0,44,0,3,47,0,0,0,47
12/22/2020,ENA,AK,AAL,WE,Federal Contract Tower,0,17,0,0,17,0,14,1,0,15,0,31,1,0,32,0,0,0,32
12/23/2020,ENA,AK,AAL,WE,Federal Contract Tower,0,26,0,0,26,0,46,5,0,51,0,72,5,0,77,22,0,22,99
12/24/2020,ENA,AK,AAL,WE,Federal Contract Tower,0,36,0,0,36,0,28,1,0,29,0,64,1,0,65,0,0,0,65
12/25/2020,ENA,AK,AAL,WE,Federal Contract Tower,0,0,0,0,0,0,0,11,0,11,0,0,11,0,11,32,0,32,43
12/26/2020,ENA,AK,AAL,WE,Federal Contract Tower,0,15,0,0,15,0,16,14,0,30,0,31,14,0,45,42,0,42,87
12/27/2020,ENA,AK,AAL,WE,Federal Contract Tower,0,11,0,0,11,0,18,9,0,27,0,29,9,0,38,22,0,22,60
12/28/2020,ENA,AK,AAL,WE,Federal Contract Tower,0,19,0,0,19,0,38,7,0,45,0,57,7,0,64,20,0,20,84
12/29/2020,ENA,AK,AAL,WE,Federal Contract Tower,0,14,0,0,14,5,44,15,0,64,5,58,15,0,78,34,2,36,114
12/30/2020,ENA,AK,AAL,WE,Federal Contract Tower,0,24,6,1,31,1,38,7,0,46,1,62,13,1,77,34,0,34,111
12/31/2020,ENA,AK,AAL,WE,Federal Contract Tower,0,13,0,0,13,0,45,17,0,62,0,58,17,0,75,44,0,44,119
01/01/2021,ENA,AK,AAL,WE,Federal Contract Tower,0,5,0,0,5,5,4,14,0,23,5,9,14,0,28,44,0,44,72
01/02/2021,ENA,AK,AAL,WE,Federal Contract Tower,0,12,2,0,14,0,13,9,0,22,0,25,11,0,36,16,0,16,52
01/03/2021,ENA,AK,AAL,WE,Federal Contract Tower,0,19,0,0,19,0,7,5,0,12,0,26,5,0,31,0,0,0,31
01/04/2021,ENA,AK,AAL,WE,Federal Contract Tower,0,26,1,0,27,0,21,1,0,22,0,47,2,0,49,10,0,10,59
01/05/2021,ENA,AK,AAL,WE,Federal Contract Tower,0,19,2,0,21,0,47,16,0,63,0,66,18,0,84,22,0,22,106
01/06/2021,ENA,AK,AAL,WE,Federal Contract Tower,0,23,2,2,27,1,40,19,0,60,1,63,21,2,87,26,28,54,141
01/07/2021,ENA,AK,AAL,WE,Federal Contract Tower,0,19,0,0,19,0,33,12,0,45,0,52,12,0,64,38,0,38,102
01/08/2021,ENA,AK,AAL,WE,Federal Contract Tower,0,19,0,0,19,1,44,26,0,71,1,63,26,0,90,48,42,90,180
01/09/2021,ENA,AK,AAL,WE,Federal Contract Tower,0,12,0,0,12,2,24,11,0,37,2,36,11,0,49,38,0,38,87
01/10/2021,ENA,AK,AAL,WE,Federal Contract Tower,0,7,0,0,7,0,23,0,0,23,0,30,0,0,30,26,0,26,56
01/11/2021,ENA,AK,AAL,WE,Federal Contract Tower,0,20,2,0,22,0,39,19,0,58,0,59,21,0,80,64,0,64,144
01/12/2021,ENA,AK,AAL,WE,Federal Contract Tower,0,27,0,0,27,5,42,23,0,70,5,69,23,0,97,79,20,99,196
01/13/2021,ENA,AK,AAL,WE,Federal Contract Tower,0,22,0,0,22,0,41,21,0,62,0,63,21,0,84,54,0,54,138
01/14/2021,ENA,AK,AAL,WE,Federal Contract Tower,0,15,0,0,15,0,40,0,0,40,0,55,0,0,55,22,0,22,77
01/15/2021,ENA,AK,AAL,WE,Federal Contract Tower,0,18,0,0,18,4,30,15,0,49,4,48,15,0,67,44,0,44,111
01/16/2021,ENA,AK,AAL,WE,Federal Contract Tower,0,6,2,0,8,2,16,2,0,20,2,22,4,0,28,14,0,14,42
01/17/2021,ENA,AK,AAL,WE,Federal Contract Tower,0,10,1,0,11,0,32,14,0,46,0,42,15,0,57,36,0,36,93
01/18/2021,ENA,AK,AAL,WE,Federal Contract Tower,0,33,0,0,33,0,4,2,0,6,0,37,2,0,39,5,0,5,44
01/19/2021,ENA,AK,AAL,WE,Federal Contract Tower,0,21,1,0,22,2,48,10,0,60,2,69,11,0,82,24,16,40,122
01/20/2021,ENA,AK,AAL,WE,Federal Contract Tower,0,28,0,1,29,0,40,16,0,56,0,68,16,1,85,65,4,69,154
01/21/2021,ENA,AK,AAL,WE,Federal Contract Tower,0,17,0,0,17,0,38,11,0,49,0,55,11,0,66,82,0,82,148
01/22/2021,ENA,AK,AAL,WE,Federal Contract Tower,0,22,1,0,23,0,38,17,0,55,0,60,18,0,78,80,0,80,158
01/23/2021,ENA,AK,AAL,WE,Federal Contract Tower,0,12,0,0,12,0,4,0,0,4,0,16,0,0,16,10,0,10,26
01/24/2021,ENA,AK,AAL,WE,Federal Contract Tower,0,11,0,0,11,0,20,9,0,29,0,31,9,0,40,12,0,12,52
01/25/2021,ENA,AK,AAL,WE,Federal Contract Tower,0,30,0,0,30,1,29,8,0,38,1,59,8,0,68,122,32,154,222
01/26/2021,ENA,AK,AAL,WE,Federal Contract Tower,0,20,0,2,22,2,73,11,0,86,2,93,11,2,108,152,14,166,274
01/27/2021,ENA,AK,AAL,WE,Federal Contract Tower,0,38,0,0,38,0,38,16,0,54,0,76,16,0,92,110,0,110,202
01/28/2021,ENA,AK,AAL,WE,Federal Contract Tower,0,42,0,0,42,0,14,2,0,16,0,56,2,0,58,18,0,18,76
01/29/2021,ENA,AK,AAL,WE,Federal Contract Tower,0,16,0,0,16,2,52,13,0,67,2,68,13,0,83,120,0,120,203
01/30/2021,ENA,AK,AAL,WE,Federal Contract Tower,0,6,0,0,6,3,33,30,0,66,3,39,30,0,72,130,0,130,202
01/31/2021,ENA,AK,AAL,WE,Federal Contract Tower,0,7,3,0,10,0,30,17,0,47,0,37,20,0,57,82,0,82,139
02/01/2021,ENA,AK,AAL,WE,Federal Contract Tower,0,16,0,3,19,2,57,16,0,75,2,73,16,3,94,59,6,65,159
02/02/2021,ENA,AK,AAL,WE,Federal Contract Tower,0,30,2,0,32,1,30,3,0,34,1,60,5,0,66,43,0,43,109
02/03/2021,ENA,AK,AAL,WE,Federal Contract Tower,0,53,1,0,54,0,21,1,0,22,0,74,2,0,76,2,0,2,78
02/04/2021,ENA,AK,AAL,WE,Federal Contract Tower,0,52,0,0,52,0,3,0,0,3,0,55,0,0,55,10,2,12,67
02/05/2021,ENA,AK,AAL,WE,Federal Contract Tower,0,35,2,0,37,0,23,4,0,27,0,58,6,0,64,34,10,44,108
02/06/2021,ENA,AK,AAL,WE,Federal Contract Tower,0,24,10,0,34,0,0,1,0,1,0,24,11,0,35,0,0,0,35
02/07/2021,ENA,AK,AAL,WE,Federal Contract Tower,0,11,0,0,11,0,20,7,0,27,0,31,7,0,38,36,0,36,74
02/08/2021,ENA,AK,AAL,WE,Federal Contract Tower,0,15,2,2,19,3,57,26,0,86,3,72,28,2,105,71,10,81,186
02/09/2021,ENA,AK,AAL,WE,Federal Contract Tower,0,46,0,0,46,0,22,4,0,26,0,68,4,0,72,8,0,8,80
02/10/2021,ENA,AK,AAL,WE,Federal Contract Tower,0,29,0,0,29,0,27,6,0,33,0,56,6,0,62,74,0,74,136
02/11/2021,ENA,AK,AAL,WE,Federal Contract Tower,0,16,1,0,17,0,31,20,0,51,0,47,21,0,68,50,0,50,118
02/12/2021,ENA,AK,AAL,WE,Federal Contract Tower,0,21,0,0,21,5,57,24,0,86,5,78,24,0,107,105,0,105,212
02/13/2021,ENA,AK,AAL,WE,Federal Contract Tower,0,10,1,0,11,4,25,22,0,51,4,35,23,0,62,66,0,66,128
02/14/2021,ENA,AK,AAL,WE,Federal Contract Tower,0,3,9,0,12,0,17,9,0,26,0,20,18,0,38,70,0,70,108
02/15/2021,ENA,AK,AAL,WE,Federal Contract Tower,0,22,5,0,27,1,40,21,0,62,1,62,26,0,89,82,0,82,171
02/16/2021,ENA,AK,AAL,WE,Federal Contract Tower,0,38,0,0,38,0,11,4,0,15,0,49,4,0,53,12,0,12,65
02/17/2021,ENA,AK,AAL,WE,Federal Contract Tower,0,28,0,2,30,0,27,9,0,36,0,55,9,2,66,60,2,62,128
02/18/2021,ENA,AK,AAL,WE,Federal Contract Tower,0,55,0,0,55,0,0,0,0,0,0,55,0,0,55,0,0,0,55
02/19/2021,ENA,AK,AAL,WE,Federal Contract Tower,0,15,0,0,15,4,48,21,0,73,4,63,21,0,88,142,2,144,232
02/20/2021,ENA,AK,AAL,WE,Federal Contract Tower,0,16,2,0,18,0,5,5,0,10,0,21,7,0,28,8,0,8,36
02/21/2021,ENA,AK,AAL,WE,Federal Contract Tower,0,19,0,0,19,0,18,1,0,19,0,37,1,0,38,36,0,36,74
02/22/2021,ENA,AK,AAL,WE,Federal Contract Tower,0,27,0,0,27,3,59,26,0,88,3,86,26,0,115,98,0,98,213
02/23/2021,ENA,AK,AAL,WE,Federal Contract Tower,0,26,0,0,26,0,26,3,0,29,0,52,3,0,55,14,8,22,77
02/24/2021,ENA,AK,AAL,WE,Federal Contract Tower,0,47,4,0,51,0,3,1,0,4,0,50,5,0,55,0,0,0,55
02/25/2021,ENA,AK,AAL,WE,Federal Contract Tower,0,14,0,0,14,0,59,30,0,89,0,73,30,0,103,147,0,147,250
02/26/2021,ENA,AK,AAL,WE,Federal Contract Tower,0,43,0,0,43,0,0,0,0,0,0,43,0,0,43,0,0,0,43
02/27/2021,ENA,AK,AAL,WE,Federal Contract Tower,0,21,2,0,23,0,2,0,0,2,0,23,2,0,25,0,0,0,25
02/28/2021,ENA,AK,AAL,WE,Federal Contract Tower,0,8,1,0,9,0,33,23,1,57,0,41,24,1,66,102,6,108,174
03/01/2021,ENA,AK,AAL,WE,Federal Contract Tower,0,37,0,0,37,0,7,0,0,7,0,44,0,0,44,0,0,0,44
03/02/2021,ENA,AK,AAL,WE,Federal Contract Tower,0,26,0,0,26,4,46,7,0,57,4,72,7,0,83,30,0,30,113
03/03/2021,ENA,AK,AAL,WE,Federal Contract Tower,0,18,2,0,20,3,53,31,0,87,3,71,33,0,107,42,0,42,149
03/04/2021,ENA,AK,AAL,WE,Federal Contract Tower,0,21,3,0,24,0,45,35,0,80,0,66,38,0,104,46,30,76,180
03/05/2021,ENA,AK,AAL,WE,Federal Contract Tower,0,44,0,0,44,0,2,2,0,4,0,46,2,0,48,6,0,6,54
03/06/2021,ENA,AK,AAL,WE,Federal Contract Tower,0,8,0,0,8,1,14,15,0,30,1,22,15,0,38,24,0,24,62
03/07/2021,ENA,AK,AAL,WE,Federal Contract Tower,0,7,3,0,10,0,17,35,0,52,0,24,38,0,62,111,0,111,173
03/08/2021,ENA,AK,AAL,WE,Federal Contract Tower,0,17,3,0,20,2,41,31,0,74,2,58,34,0,94,44,0,44,138
03/09/2021,ENA,AK,AAL,WE,Federal Contract Tower,0,45,0,0,45,0,19,2,0,21,0,64,2,0,66,2,0,2,68
03/10/2021,ENA,AK,AAL,WE,Federal Contract Tower,0,46,0,2,48,0,8,2,0,10,0,54,2,2,58,0,0,0,58
03/11/2021,ENA,AK,AAL,WE,Federal Contract Tower,0,23,0,0,23,2,36,26,0,64,2,59,26,0,87,104,0,104,191
03/12/2021,ENA,AK,AAL,WE,Federal Contract Tower,0,14,0,0,14,2,36,21,0,59,2,50,21,0,73,54,0,54,127
03/13/2021,ENA,AK,AAL,WE,Federal Contract Tower,0,6,2,0,8,4,10,31,0,45,4,16,33,0,53,78,0,78,131
03/14/2021,ENA,AK,AAL,WE,Federal Contract Tower,0,15,2,0,17,0,4,3,0,7,0,19,5,0,24,14,0,14,38
03/15/2021,ENA,AK,AAL,WE,Federal Contract Tower,0,38,0,0,38,0,29,7,0,36,0,67,7,0,74,16,8,24,98
03/16/2021,ENA,AK,AAL,WE,Federal Contract Tower,0,27,0,1,28,0,42,34,0,76,0,69,34,1,104,74,32,106,210
03/17/2021,ENA,AK,AAL,WE,Federal Contract Tower,0,24,0,0,24,2,65,29,0,96,2,89,29,0,120,150,6,156,276
03/18/2021,ENA,AK,AAL,WE,Federal Contract Tower,0,21,1,0,22,4,51,21,0,76,4,72,22,0,98,92,0,92,190
03/19/2021,ENA,AK,AAL,WE,Federal Contract Tower,0,14,0,0,14,4,56,21,0,81,4,70,21,0,95,108,0,108,203
03/20/2021,ENA,AK,AAL,WE,Federal Contract Tower,0,13,0,0,13,0,8,0,0,8,0,21,0,0,21,4,0,4,25
03/21/2021,ENA,AK,AAL,WE,Federal Contract Tower,0,6,2,0,8,0,25,17,0,42,0,31,19,0,50,42,0,42,92
03/22/2021,ENA,AK,AAL,WE,Federal Contract Tower,0,14,2,0,16,4,47,26,0,77,4,61,28,0,93,46,26,72,165
03/23/2021,ENA,AK,AAL,WE,Federal Contract Tower,0,15,0,0,15,0,40,38,0,78,0,55,38,0,93,40,0,40,133
03/24/2021,ENA,AK,AAL,WE,Federal Contract Tower,0,38,4,3,45,0,24,12,1,37,0,62,16,4,82,32,16,48,130
03/25/2021,ENA,AK,AAL,WE,Federal Contract Tower,0,52,0,0,52,0,12,3,0,15,0,64,3,0,67,16,0,16,83
03/26/2021,ENA,AK,AAL,WE,Federal Contract Tower,0,17,0,0,17,2,41,46,0,89,2,58,46,0,106,60,4,64,170
03/27/2021,ENA,AK,AAL,WE,Federal Contract Tower,0,8,0,0,8,1,19,15,0,35,1,27,15,0,43,0,34,34,77
03/28/2021,ENA,AK,AAL,WE,Federal Contract Tower,0,15,2,0,17,0,11,5,0,16,0,26,7,0,33,40,0,40,73
03/29/2021,ENA,AK,AAL,WE,Federal Contract Tower,0,27,0,0,27,0,31,3,0,34,0,58,3,0,61,12,0,12,73
03/30/2021,ENA,AK,AAL,WE,Federal Contract Tower,0,22,1,0,23,0,48,21,0,69,0,70,22,0,92,78,30,108,200
03/31/2021,ENA,AK,AAL,WE,Federal Contract Tower,0,24,1,0,25,0,43,26,0,69,0,67,27,0,94,64,26,90,184
04/01/2021,ENA,AK,AAL,WE,Federal Contract Tower,0,18,0,2,20,4,40,31,0,75,4,58,31,2,95,48,8,56,151
04/02/2021,ENA,AK,AAL,WE,Federal Contract Tower,0,14,2,0,16,2,44,35,0,81,2,58,37,0,97,60,16,76,173
04/03/2021,ENA,AK,AAL,WE,Federal Contract Tower,0,15,0,0,15,0,14,23,0,37,0,29,23,0,52,42,0,42,94
04/04/2021,ENA,AK,AAL,WE,Federal Contract Tower,0,6,0,0,6,4,17,0,0,21,4,23,0,0,27,8,0,8,35
04/05/2021,ENA,AK,AAL,WE,Federal Contract Tower,0,16,0,0,16,8,44,30,0,82,8,60,30,0,98,65,6,71,169
04/06/2021,ENA,AK,AAL,WE,Federal Contract Tower,0,9,7,3,19,8,64,30,0,102,8,73,37,3,121,68,4,72,193
04/07/2021,ENA,AK,AAL,WE,Federal Contract Tower,2,14,0,0,16,4,51,30,0,85,6,65,30,0,101,74,0,74,175
04/08/2021,ENA,AK,AAL,WE,Federal Contract Tower,0,23,0,2,25,4,39,14,0,57,4,62,14,2,82,18,0,18,100
04/09/2021,ENA,AK,AAL,WE,Federal Contract Tower,0,8,0,0,8,0,31,18,0,49,0,39,18,0,57,48,0,48,105
04/10/2021,ENA,AK,AAL,WE,Federal Contract Tower,0,3,5,0,8,0,13,22,0,35,0,16,27,0,43,48,0,48,91
04/11/2021,ENA,AK,AAL,WE,Federal Contract Tower,0,6,0,0,6,0,12,5,0,17,0,18,5,0,23,12,0,12,35
04/12/2021,ENA,AK,AAL,WE,Federal Contract Tower,0,14,0,0,14,0,36,13,0,49,0,50,13,0,63,34,0,34,97
04/13/2021,ENA,AK,AAL,WE,Federal Contract Tower,0,14,0,8,22,0,39,21,0,60,0,53,21,8,82,54,16,70,152
04/14/2021,ENA,AK,AAL,WE,Federal Contract Tower,0,18,0,4,22,0,35,17,0,52,0,53,17,4,74,26,0,26,100
04/15/2021,ENA,AK,AAL,WE,Federal Contract Tower,2,19,1,12,34,0,44,29,0,73,2,63,30,12,107,76,18,94,201
04/16/2021,ENA,AK,AAL,WE,Federal Contract Tower,0,9,0,0,9,5,51,43,0,99,5,60,43,0,108,102,2,104,212
04/17/2021,ENA,AK,AAL,WE,Federal Contract Tower,0,5,4,0,9,0,15,41,0,56,0,20,45,0,65,36,0,36,101
04/18/2021,ENA,AK,AAL,WE,Federal Contract Tower,0,6,0,0,6,0,19,14,0,33,0,25,14,0,39,32,0,32,71
04/19/2021,ENA,AK,AAL,WE,Federal Contract Tower,0,11,0,0,11,5,49,43,0,97,5,60,43,0,108,110,0,110,218
04/20/2021,ENA,AK,AAL,WE,Federal Contract Tower,0,16,1,0,17,1,60,41,0,102,1,76,42,0,119,102,8,110,229
04/21/2021,ENA,AK,AAL,WE,Federal Contract Tower,0,19,3,2,24,2,55,41,0,98,2,74,44,2,122,104,0,104,226
04/22/2021,ENA,AK,AAL,WE,Federal Contract Tower,0,13,1,0,14,0,53,37,0,90,0,66,38,0,104,200,0,200,304
04/23/2021,ENA,AK,AAL,WE,Federal Contract Tower,0,16,3,0,19,2,45,37,0,84,2,61,40,0,103,92,0,92,195
04/24/2021,ENA,AK,AAL,WE,Federal Contract Tower,0,4,5,0,9,1,15,53,0,69,1,19,58,0,78,48,0,48,126
04/25/2021,ENA,AK,AAL,WE,Federal Contract Tower,0,6,1,0,7,0,20,35,0,55,0,26,36,0,62,92,0,92,154
04/26/2021,ENA,AK,AAL,WE,Federal Contract Tower,4,12,0,0,16,7,53,51,0,111,11,65,51,0,127,82,0,82,209
04/27/2021,ENA,AK,AAL,WE,Federal Contract Tower,0,11,0,0,11,1,55,48,0,104,1,66,48,0,115,140,0,140,255
04/28/2021,ENA,AK,AAL,WE,Federal Contract Tower,0,14,2,2,18,1,46,74,2,123,1,60,76,4,141,112,36,148,289
04/29/2021,ENA,AK,AAL,WE,Federal Contract Tower,0,39,0,8,47,4,48,16,0,68,4,87,16,8,115,26,12,38,153
04/30/2021,ENA,AK,AAL,WE,Federal Contract Tower,0,21,2,0,23,5,38,23,0,66,5,59,25,0,89,60,0,60,149
05/01/2021,ENA,AK,AAL,WE,Federal Contract Tower,0,6,0,0,6,5,26,28,0,59,5,32,28,0,65,92,0,92,157
05/02/2021,ENA,AK,AAL,WE,Federal Contract Tower,0,7,0,0,7,4,31,15,0,50,4,38,15,0,57,64,8,72,129
05/03/2021,ENA,AK,AAL,WE,Federal Contract Tower,0,15,1,0,16,6,63,36,0,105,6,78,37,0,121,62,0,62,183
05/04/2021,ENA,AK,AAL,WE,Federal Contract Tower,0,17,0,4,21,7,67,54,0,128,7,84,54,4,149,86,36,122,271
05/05/2021,ENA,AK,AAL,WE,Federal Contract Tower,0,17,2,0,19,2,58,41,0,101,2,75,43,0,120,77,16,93,213
05/06/2021,ENA,AK,AAL,WE,Federal Contract Tower,0,15,1,2,18,4,63,43,0,110,4,78,44,2,128,68,4,72,200
05/07/2021,ENA,AK,AAL,WE,Federal Contract Tower,0,17,0,0,17,1,47,66,0,114,1,64,66,0,131,56,0,56,187
05/08/2021,ENA,AK,AAL,WE,Federal Contract Tower,0,4,0,0,4,0,13,38,0,51,0,17,38,0,55,28,12,40,95
05/09/2021,ENA,AK,AAL,WE,Federal Contract Tower,0,9,2,0,11,0,16,14,0,30,0,25,16,0,41,6,0,6,47
05/10/2021,ENA,AK,AAL,WE,Federal Contract Tower,0,16,2,2,20,5,52,52,0,109,5,68,54,2,129,65,6,71,200
05/11/2021,ENA,AK,AAL,WE,Federal Contract Tower,0,19,3,0,22,5,63,26,0,94,5,82,29,0,116,58,12,70,186
05/12/2021,ENA,AK,AAL,WE,Federal Contract Tower,0,33,0,4,37,11,60,44,0,115,11,93,44,4,152,70,8,78,230
05/13/2021,ENA,AK,AAL,WE,Federal Contract Tower,0,11,0,1,12,4,70,52,0,126,4,81,52,1,138,80,6,86,224
05/14/2021,ENA,AK,AAL,WE,Federal Contract Tower,0,17,1,2,20,2,55,70,0,127,2,72,71,2,147,57,6,63,210
05/15/2021,ENA,AK,AAL,WE,Federal Contract Tower,0,8,3,0,11,0,25,32,0,57,0,33,35,0,68,142,0,142,210
05/16/2021,ENA,AK,AAL,WE,Federal Contract Tower,0,14,2,0,16,0,8,27,4,39,0,22,29,4,55,82,0,82,137
05/17/2021,ENA,AK,AAL,WE,Federal Contract Tower,0,17,6,4,27,0,53,49,0,102,0,70,55,4,129,73,12,85,214
05/18/2021,ENA,AK,AAL,WE,Federal Contract Tower,0,15,3,0,18,2,59,67,0,128,2,74,70,0,146,88,0,88,234
05/19/2021,ENA,AK,AAL,WE,Federal Contract Tower,0,34,0,0,34,4,45,20,0,69,4,79,20,0,103,57,0,57,160
05/20/2021,ENA,AK,AAL,WE,Federal Contract Tower,0,25,4,0,29,0,52,20,0,72,0,77,24,0,101,46,0,46,147
05/21/2021,ENA,AK,AAL,WE,Federal Contract Tower,0,22,4,0,26,3,44,24,0,71,3,66,28,0,97,82,0,82,179
05/22/2021,ENA,AK,AAL,WE,Federal Contract Tower,0,10,4,0,14,0,11,45,0,56,0,21,49,0,70,44,0,44,114
05/23/2021,ENA,AK,AAL,WE,Federal Contract Tower,0,11,2,0,13,0,25,36,0,61,0,36,38,0,74,36,0,36,110
05/24/2021,ENA,AK,AAL,WE,Federal Contract Tower,0,16,0,1,17,1,61,63,0,125,1,77,63,1,142,56,4,60,202
05/25/2021,ENA,AK,AAL,WE,Federal Contract Tower,0,14,4,4,22,4,72,70,0,146,4,86,74,4,168,82,0,82,250
05/26/2021,ENA,AK,AAL,WE,Federal Contract Tower,0,21,0,4,25,4,61,62,0,127,4,82,62,4,152,82,0,82,234
05/27/2021,ENA,AK,AAL,WE,Federal Contract Tower,0,15,1,0,16,3,51,26,0,80,3,66,27,0,96,24,0,24,120
05/28/2021,ENA,AK,AAL,WE,Federal Contract Tower,0,66,9,0,75,0,4,3,0,7,0,70,12,0,82,2,0,2,84
05/29/2021,ENA,AK,AAL,WE,Federal Contract Tower,0,15,6,0,21,0,5,14,0,19,0,20,20,0,40,20,0,20,60
05/30/2021,ENA,AK,AAL,WE,Federal Contract Tower,0,10,1,0,11,0,25,15,0,40,0,35,16,0,51,66,0,66,117
06/01/2021,ENA,AK,AAL,WE,Federal Contract Tower,0,21,0,0,21,1,51,32,0,84,1,72,32,0,105,50,28,78,183
06/02/2021,ENA,AK,AAL,WE,Federal Contract Tower,0,21,1,0,22,4,58,80,2,144,4,79,81,2,166,132,12,144,310
06/03/2021,ENA,AK,AAL,WE,Federal Contract Tower,0,23,2,2,27,0,71,66,1,138,0,94,68,3,165,106,6,112,277
06/04/2021,ENA,AK,AAL,WE,Federal Contract Tower,0,25,3,0,28,0,58,57,0,115,0,83,60,0,143,158,0,158,301
06/05/2021,ENA,AK,AAL,WE,Federal Contract Tower,0,8,2,0,10,2,32,63,0,97,2,40,65,0,107,70,0,70,177
06/06/2021,ENA,AK,AAL,WE,Federal Contract Tower,0,9,2,0,11,0,34,55,0,89,0,43,57,0,100,108,0,108,208
06/07/2021,ENA,AK,AAL,WE,Federal Contract Tower,4,16,4,0,24,1,39,41,1,82,5,55,45,1,106,68,0,68,174
06/08/2021,ENA,AK,AAL,WE,Federal Contract Tower,2,28,1,1,32,1,69,38,1,109,3,97,39,2,141,98,6,104,245
06/09/2021,ENA,AK,AAL,WE,Federal Contract Tower,2,34,5,2,43,2,72,43,0,117,4,106,48,2,160,48,10,58,218
06/10/2021,ENA,AK,AAL,WE,Federal Contract Tower,0,19,7,0,26,0,74,55,0,129,0,93,62,0,155,136,32,168,323
06/11/2021,ENA,AK,AAL,WE,Federal Contract Tower,0,32,1,0,33,4,40,54,0,98,4,72,55,0,131,118,0,118,249
06/12/2021,ENA,AK,AAL,WE,Federal Contract Tower,0,10,1,0,11,4,32,51,1,88,4,42,52,1,99,76,0,76,175
06/13/2021,ENA,AK,AAL,WE,Federal Contract Tower,0,10,3,0,13,13,39,41,0,93,13,49,44,0,106,92,0,92,198
06/14/2021,ENA,AK,AAL,WE,Federal Contract Tower,0,24,2,3,29,1,69,56,0,126,1,93,58,3,155,100,6,106,261
06/15/2021,ENA,AK,AAL,WE,Federal Contract Tower,0,25,4,2,31,1,56,47,0,104,1,81,51,2,135,38,0,38,173
06/16/2021,ENA,AK,AAL,WE,Federal Contract Tower,0,45,0,1,46,0,45,34,0,79,0,90,34,1,125,128,0,128,253
06/17/2021,ENA,AK,AAL,WE,Federal Contract Tower,0,43,0,0,43,0,62,72,0,134,0,105,72,0,177,106,0,106,283
06/18/2021,ENA,AK,AAL,WE,Federal Contract Tower,0,27,0,0,27,5,56,77,0,138,5,83,77,0,165,120,0,120,285
06/19/2021,ENA,AK,AAL,WE,Federal Contract Tower,0,14,7,0,21,2,22,35,0,59,2,36,42,0,80,72,0,72,152
06/20/2021,ENA,AK,AAL,WE,Federal Contract Tower,0,12,2,0,14,0,41,33,0,74,0,53,35,0,88,106,0,106,194
06/21/2021,ENA,AK,AAL,WE,Federal Contract Tower,1,52,9,0,62,0,30,27,0,57,1,82,36,0,119,42,0,42,161
06/22/2021,ENA,AK,AAL,WE,Federal Contract Tower,0,37,4,0,41,4,72,62,0,138,4,109,66,0,179,112,6,118,297
06/23/2021,ENA,AK,AAL,WE,Federal Contract Tower,2,33,1,0,36,13,55,43,0,111,15,88,44,0,147,114,0,114,261
06/24/2021,ENA,AK,AAL,WE,Federal Contract Tower,0,41,2,0,43,2,61,52,0,115,2,102,54,0,158,54,16,70,228
06/25/2021,ENA,AK,AAL,WE,Federal Contract Tower,0,30,0,0,30,1,42,47,0,90,1,72,47,0,120,128,4,132,252
06/26/2021,ENA,AK,AAL,WE,Federal Contract Tower,0,18,1,0,19,0,20,52,0,72,0,38,53,0,91,78,0,78,169
06/27/2021,ENA,AK,AAL,WE,Federal Contract Tower,2,14,3,0,19,0,26,36,0,62,2,40,39,0,81,28,0,28,109
06/28/2021,ENA,AK,AAL,WE,Federal Contract Tower,0,40,0,2,42,1,42,37,8,88,1,82,37,10,130,54,0,54,184
06/29/2021,ENA,AK,AAL,WE,Federal Contract Tower,0,27,3,2,32,9,75,41,4,129,9,102,44,6,161,114,28,142,303
06/30/2021,ENA,AK,AAL,WE,Federal Contract Tower,0,35,2,0,37,12,62,66,0,140,12,97,68,0,177,92,0,92,269
07/01/2021,ENA,AK,AAL,WE,Federal Contract Tower,0,23,6,2,31,10,69,58,0,137,10,92,64,2,168,130,42,172,340
07/02/2021,ENA,AK,AAL,WE,Federal Contract Tower,0,24,4,0,28,2,43,34,0,79,2,67,38,0,107,56,0,56,163
07/03/2021,ENA,AK,AAL,WE,Federal Contract Tower,0,23,0,0,23,0,15,44,0,59,0,38,44,0,82,46,0,46,128
07/04/2021,ENA,AK,AAL,WE,Federal Contract Tower,0,11,0,0,11,0,15,27,0,42,0,26,27,0,53,40,0,40,93
07/05/2021,ENA,AK,AAL,WE,Federal Contract Tower,0,56,2,0,58,0,8,14,0,22,0,64,16,0,80,20,0,20,100
07/06/2021,ENA,AK,AAL,WE,Federal Contract Tower,0,45,1,0,46,0,38,16,2,56,0,83,17,2,102,14,0,14,116
07/07/2021,ENA,AK,AAL,WE,Federal Contract Tower,0,29,3,2,34,1,66,49,0,116,1,95,52,2,150,54,4,58,208
07/08/2021,ENA,AK,AAL,WE,Federal Contract Tower,0,32,1,4,37,3,72,43,0,118,3,104,44,4,155,78,0,78,233
07/09/2021,ENA,AK,AAL,WE,Federal Contract Tower,0,33,2,0,35,2,40,40,0,82,2,73,42,0,117,54,0,54,171
07/10/2021,ENA,AK,AAL,WE,Federal Contract Tower,0,15,1,0,16,0,23,30,0,53,0,38,31,0,69,90,0,90,159
07/11/2021,ENA,AK,AAL,WE,Federal Contract Tower,0,26,2,0,28,0,19,16,0,35,0,45,18,0,63,8,0,8,71
07/12/2021,ENA,AK,AAL,WE,Federal Contract Tower,0,28,2,0,30,2,55,53,0,110,2,83,55,0,140,60,0,60,200
07/13/2021,ENA,AK,AAL,WE,Federal Contract Tower,0,59,6,0,65,0,27,22,0,49,0,86,28,0,114,38,0,38,152
07/14/2021,ENA,AK,AAL,WE,Federal Contract Tower,0,30,4,1,35,0,61,68,0,129,0,91,72,1,164,84,24,108,272
07/15/2021,ENA,AK,AAL,WE,Federal Contract Tower,0,29,2,2,33,1,69,50,0,120,1,98,52,2,153,130,16,146,299
07/16/2021,ENA,AK,AAL,WE,Federal Contract Tower,0,26,2,0,28,5,56,53,0,114,5,82,55,0,142,106,0,106,248
07/17/2021,ENA,AK,AAL,WE,Federal Contract Tower,0,17,1,0,18,4,17,51,0,72,4,34,52,0,90,14,0,14,104
07/18/2021,ENA,AK,AAL,WE,Federal Contract Tower,0,17,1,0,18,0,30,55,0,85,0,47,56,0,103,56,0,56,159
07/19/2021,ENA,AK,AAL,WE,Federal Contract Tower,0,30,1,1,32,2,48,65,0,115,2,78,66,1,147,70,16,86,233
07/20/2021,ENA,AK,AAL,WE,Federal Contract Tower,0,48,3,0,51,3,31,24,0,58,3,79,27,0,109,22,0,22,131
07/21/2021,ENA,AK,AAL,WE,Federal Contract Tower,0,58,7,4,69,1,19,22,0,42,1,77,29,4,111,20,6,26,137
07/22/2021,ENA,AK,AAL,WE,Federal Contract Tower,0,39,7,1,47,7,62,62,2,133,7,101,69,3,180,28,6,34,214
07/23/2021,ENA,AK,AAL,WE,Federal Contract Tower,0,28,1,0,29,4,61,67,0,132,4,89,68,0,161,44,0,44,205
07/24/2021,ENA,AK,AAL,WE,Federal Contract Tower,0,37,13,0,50,1,15,16,0,32,1,52,29,0,82,0,0,0,82
07/25/2021,ENA,AK,AAL,WE,Federal Contract Tower,0,20,4,0,24,0,29,50,0,79,0,49,54,0,103,10,0,10,113
07/26/2021,ENA,AK,AAL,WE,Federal Contract Tower,0,51,4,0,55,0,64,51,0,115,0,115,55,0,170,40,0,40,210
07/27/2021,ENA,AK,AAL,WE,Federal Contract Tower,0,30,1,0,31,0,63,62,0,125,0,93,63,0,156,50,0,50,206
07/28/2021,ENA,AK,AAL,WE,Federal Contract Tower,0,27,0,2,29,0,62,33,0,95,0,89,33,2,124,14,2,16,140
07/29/2021,ENA,AK,AAL,WE,Federal Contract Tower,1,55,4,0,60,5,43,38,0,86,6,98,42,0,146,26,0,26,172
07/30/2021,ENA,AK,AAL,WE,Federal Contract Tower,0,36,2,0,38,12,62,66,0,140,12,98,68,0,178,96,0,96,274
07/31/2021,ENA,AK,AAL,WE,Federal Contract Tower,0,18,0,0,18,0,31,37,0,68,0,49,37,0,86,52,0,52,138
08/01/2021,ENA,AK,AAL,WE,Federal Contract Tower,0,18,1,0,19,0,33,31,0,64,0,51,32,0,83,42,0,42,125
08/02/2021,ENA,AK,AAL,WE,Federal Contract Tower,0,55,3,0,58,0,38,45,0,83,0,93,48,0,141,20,0,20,161
08/03/2021,ENA,AK,AAL,WE,Federal Contract Tower,0,30,6,0,36,0,57,45,0,102,0,87,51,0,138,42,0,42,180
08/04/2021,ENA,AK,AAL,WE,Federal Contract Tower,0,28,4,0,32,0,59,69,0,128,0,87,73,0,160,136,14,150,310
08/05/2021,ENA,AK,AAL,WE,Federal Contract Tower,0,48,1,0,49,0,52,57,0,109,0,100,58,0,158,94,0,94,252
08/06/2021,ENA,AK,AAL,WE,Federal Contract Tower,0,60,5,0,65,0,22,28,0,50,0,82,33,0,115,10,0,10,125
08/07/2021,ENA,AK,AAL,WE,Federal Contract Tower,0,21,2,0,23,2,18,33,0,53,2,39,35,0,76,26,0,26,102
08/08/2021,ENA,AK,AAL,WE,Federal Contract Tower,0,36,1,0,37,0,7,5,0,12,0,43,6,0,49,6,0,6,55
08/09/2021,ENA,AK,AAL,WE,Federal Contract Tower,0,27,0,0,27,4,73,50,0,127,4,100,50,0,154,94,18,112,266
08/10/2021,ENA,AK,AAL,WE,Federal Contract Tower,0,36,3,0,39,2,52,25,0,79,2,88,28,0,118,58,18,76,194
08/11/2021,ENA,AK,AAL,WE,Federal Contract Tower,0,27,0,1,28,4,44,42,1,91,4,71,42,2,119,88,16,104,223
08/12/2021,ENA,AK,AAL,WE,Federal Contract Tower,0,53,1,0,54,0,29,27,0,56,0,82,28,0,110,26,0,26,136
08/13/2021,ENA,AK,AAL,WE,Federal Contract Tower,0,27,0,0,27,4,50,69,0,123,4,77,69,0,150,60,0,60,210
08/14/2021,ENA,AK,AAL,WE,Federal Contract Tower,0,15,0,0,15,2,30,39,0,71,2,45,39,0,86,14,0,14,100
08/15/2021,ENA,AK,AAL,WE,Federal Contract Tower,0,18,1,0,19,1,39,60,0,100,1,57,61,0,119,62,0,62,181
08/16/2021,ENA,AK,AAL,WE,Federal Contract Tower,0,29,0,2,31,1,53,45,0,99,1,82,45,2,130,67,8,75,205
08/17/2021,ENA,AK,AAL,WE,Federal Contract Tower,0,32,1,3,36,5,60,35,0,100,5,92,36,3,136,50,20,70,206
08/18/2021,ENA,AK,AAL,WE,Federal Contract Tower,0,44,1,0,45,0,63,51,0,114,0,107,52,0,159,104,14,118,277
08/19/2021,ENA,AK,AAL,WE,Federal Contract Tower,0,26,2,2,30,2,57,34,0,93,2,83,36,2,123,58,0,58,181
08/20/2021,ENA,AK,AAL,WE,Federal Contract Tower,0,32,1,0,33,0,50,42,5,97,0,82,43,5,130,34,2,36,166
08/21/2021,ENA,AK,AAL,WE,Federal Contract Tower,0,16,2,0,18,3,23,46,0,72,3,39,48,0,90,60,0,60,150
08/22/2021,ENA,AK,AAL,WE,Federal Contract Tower,0,32,8,0,40,1,24,6,0,31,1,56,14,0,71,22,0,22,93
08/23/2021,ENA,AK,AAL,WE,Federal Contract Tower,0,28,3,4,35,0,47,38,0,85,0,75,41,4,120,50,4,54,174
08/24/2021,ENA,AK,AAL,WE,Federal Contract Tower,0,41,3,4,48,3,54,33,0,90,3,95,36,4,138,48,0,48,186
08/25/2021,ENA,AK,AAL,WE,Federal Contract Tower,0,45,0,2,47,1,37,32,2,72,1,82,32,4,119,92,12,104,223
08/26/2021,ENA,AK,AAL,WE,Federal Contract Tower,0,50,9,2,61,3,62,41,1,107,3,112,50,3,168,66,40,106,274
08/27/2021,ENA,AK,AAL,WE,Federal Contract Tower,0,33,0,4,37,0,49,47,0,96,0,82,47,4,133,83,0,83,216
08/28/2021,ENA,AK,AAL,WE,Federal Contract Tower,0,16,1,0,17,0,34,68,0,102,0,50,69,0,119,24,0,24,143
08/29/2021,ENA,AK,AAL,WE,Federal Contract Tower,0,17,0,0,17,0,27,51,0,78,0,44,51,0,95,42,22,64,159
08/30/2021,ENA,AK,AAL,WE,Federal Contract Tower,0,28,0,0,28,0,44,63,0,107,0,72,63,0,135,64,0,64,199
08/31/2021,ENA,AK,AAL,WE,Federal Contract Tower,0,36,7,0,43,4,59,37,0,100,4,95,44,0,143,106,26,132,275
09/01/2021,ENA,AK,AAL,WE,Federal Contract Tower,0,27,1,0,28,4,38,41,1,84,4,65,42,1,112,96,0,96,208
09/02/2021,ENA,AK,AAL,WE,Federal Contract Tower,0,50,0,2,52,0,19,14,0,33,0,69,14,2,85,26,0,26,111
09/03/2021,ENA,AK,AAL,WE,Federal Contract Tower,0,27,6,0,33,0,43,50,0,93,0,70,56,0,126,38,0,38,164
09/04/2021,ENA,AK,AAL,WE,Federal Contract Tower,0,16,2,0,18,0,15,20,0,35,0,31,22,0,53,74,0,74,127
09/05/2021,ENA,AK,AAL,WE,Federal Contract Tower,0,21,1,0,22,0,15,27,0,42,0,36,28,0,64,20,0,20,84
09/06/2021,ENA,AK,AAL,WE,Federal Contract Tower,0,22,0,0,22,0,42,55,0,97,0,64,55,0,119,42,0,42,161
09/07/2021,ENA,AK,AAL,WE,Federal Contract Tower,0,23,1,4,28,4,63,42,0,109,4,86,43,4,137,60,6,66,203
09/08/2021,ENA,AK,AAL,WE,Federal Contract Tower,0,42,4,0,46,0,31,20,0,51,0,73,24,0,97,28,0,28,125
09/09/2021,ENA,AK,AAL,WE,Federal Contract Tower,0,23,0,0,23,0,68,20,0,88,0,91,20,0,111,120,0,120,231
09/10/2021,ENA,AK,AAL,WE,Federal Contract Tower,0,24,0,0,24,0,68,50,0,118,0,92,50,0,142,124,0,124,266
09/11/2021,ENA,AK,AAL,WE,Federal Contract Tower,0,16,2,0,18,0,50,56,0,106,0,66,58,0,124,72,0,72,196
09/12/2021,ENA,AK,AAL,WE,Federal Contract Tower,0,12,0,0,12,0,15,10,0,25,0,27,10,0,37,4,0,4,41
09/13/2021,ENA,AK,AAL,WE,Federal Contract Tower,0,24,0,4,28,0,48,26,1,75,0,72,26,5,103,56,6,62,165
09/14/2021,ENA,AK,AAL,WE,Federal Contract Tower,0,24,2,4,30,0,70,54,2,126,0,94,56,6,156,122,18,140,296
09/15/2021,ENA,AK,AAL,WE,Federal Contract Tower,0,28,3,0,31,0,58,30,0,88,0,86,33,0,119,62,0,62,181
09/16/2021,ENA,AK,AAL,WE,Federal Contract Tower,0,44,2,0,46,2,54,13,0,69,2,98,15,0,115,52,16,68,183
09/17/2021,ENA,AK,AAL,WE,Federal Contract Tower,0,26,1,0,27,2,59,61,0,122,2,85,62,0,149,96,0,96,245
09/18/2021,ENA,AK,AAL,WE,Federal Contract Tower,0,12,3,0,15,0,24,72,0,96,0,36,75,0,111,58,0,58,169
09/19/2021,ENA,AK,AAL,WE,Federal Contract Tower,0,9,3,0,12,0,27,48,0,75,0,36,51,0,87,40,0,40,127
09/20/2021,ENA,AK,AAL,WE,Federal Contract Tower,0,19,1,2,22,0,59,36,0,95,0,78,37,2,117,100,22,122,239
09/21/2021,ENA,AK,AAL,WE,Federal Contract Tower,0,28,2,1,31,0,54,16,0,70,0,82,18,1,101,18,2,20,121
09/22/2021,ENA,AK,AAL,WE,Federal Contract Tower,0,25,7,1,33,3,63,69,0,135,3,88,76,1,168,72,14,86,254
09/23/2021,ENA,AK,AAL,WE,Federal Contract Tower,0,26,2,0,28,1,40,5,0,46,1,66,7,0,74,28,0,28,102
09/24/2021,ENA,AK,AAL,WE,Federal Contract Tower,0,53,1,0,54,3,33,8,0,44,3,86,9,0,98,6,0,6,104
09/25/2021,ENA,AK,AAL,WE,Federal Contract Tower,0,22,1,0,23,5,28,38,0,71,5,50,39,0,94,26,0,26,120
09/26/2021,ENA,AK,AAL,WE,Federal Contract Tower,0,12,1,0,13,0,31,41,0,72,0,43,42,0,85,72,0,72,157
09/27/2021,ENA,AK,AAL,WE,Federal Contract Tower,0,25,4,3,32,4,56,41,0,101,4,81,45,3,133,72,16,88,221
09/28/2021,ENA,AK,AAL,WE,Federal Contract Tower,0,20,0,0,20,2,69,37,0,108,2,89,37,0,128,64,0,64,192
09/29/2021,ENA,AK,AAL,WE,Federal Contract Tower,0,22,2,0,24,6,56,31,0,93,6,78,33,0,117,70,32,102,219
09/30/2021,ENA,AK,AAL,WE,Federal Contract Tower,0,17,2,0,19,4,63,22,0,89,4,80,24,0,108,94,4,98,206
10/01/2021,ENA,AK,AAL,WE,Federal Contract Tower,0,20,3,0,23,2,62,36,0,100,2,82,39,0,123,56,0,56,179
10/02/2021,ENA,AK,AAL,WE,Federal Contract Tower,0,18,0,0,18,0,22,10,0,32,0,40,10,0,50,80,0,80,130
10/03/2021,ENA,AK,AAL,WE,Federal Contract Tower,0,12,4,0,16,0,20,27,0,47,0,32,31,0,63,36,0,36,99
10/04/2021,ENA,AK,AAL,WE,Federal Contract Tower,0,16,1,0,17,2,45,21,0,68,2,61,22,0,85,106,0,106,191
10/05/2021,ENA,AK,AAL,WE,Federal Contract Tower,0,30,0,0,30,5,46,11,8,70,5,76,11,8,100,36,14,50,150
10/06/2021,ENA,AK,AAL,WE,Federal Contract Tower,0,43,0,0,43,0,33,6,0,39,0,76,6,0,82,22,12,34,116
10/07/2021,ENA,AK,AAL,WE,Federal Contract Tower,0,32,0,1,33,0,59,37,0,96,0,91,37,1,129,116,14,130,259
10/08/2021,ENA,AK,AAL,WE,Federal Contract Tower,0,39,1,1,41,0,25,9,0,34,0,64,10,1,75,8,0,8,83
10/09/2021,ENA,AK,AAL,WE,Federal Contract Tower,0,25,0,0,25,0,18,10,0,28,0,43,10,0,53,30,0,30,83
10/10/2021,ENA,AK,AAL,WE,Federal Contract Tower,0,10,1,0,11,0,0,0,0,0,0,10,1,0,11,36,0,36,47
10/11/2021,ENA,AK,AAL,WE,Federal Contract Tower,0,17,0,0,17,0,42,6,0,48,0,59,6,0,65,42,0,42,107
10/12/2021,ENA,AK,AAL,WE,Federal Contract Tower,0,13,4,3,20,2,43,40,0,85,2,56,44,3,105,54,12,66,171
10/13/2021,ENA,AK,AAL,WE,Federal Contract Tower,0,21,4,0,25,0,53,24,0,77,0,74,28,0,102,50,0,50,152
10/14/2021,ENA,AK,AAL,WE,Federal Contract Tower,0,48,0,0,48,0,25,12,0,37,0,73,12,0,85,18,0,18,103
10/15/2021,ENA,AK,AAL,WE,Federal Contract Tower,0,22,0,0,22,0,42,18,0,60,0,64,18,0,82,26,0,26,108
10/16/2021,ENA,AK,AAL,WE,Federal Contract Tower,0,14,2,0,16,0,34,35,0,69,0,48,37,0,85,56,0,56,141
10/17/2021,ENA,AK,AAL,WE,Federal Contract Tower,0,12,0,0,12,0,21,8,0,29,0,33,8,0,41,18,0,18,59
10/18/2021,ENA,AK,AAL,WE,Federal Contract Tower,0,23,2,4,29,1,55,24,0,80,1,78,26,4,109,68,12,80,189
10/19/2021,ENA,AK,AAL,WE,Federal Contract Tower,0,17,0,0,17,0,55,10,0,65,0,72,10,0,82,32,6,38,120
10/20/2021,ENA,AK,AAL,WE,Federal Contract Tower,0,42,2,0,44,0,27,13,0,40,0,69,15,0,84,28,0,28,112
10/21/2021,ENA,AK,AAL,WE,Federal Contract Tower,1,25,3,0,29,0,59,25,0,84,1,84,28,0,113,76,0,76,189
10/22/2021,ENA,AK,AAL,WE,Federal Contract Tower,2,20,4,0,26,0,41,25,0,66,2,61,29,0,92,46,22,68,160
10/23/2021,ENA,AK,AAL,WE,Federal Contract Tower,0,5,0,0,5,0,24,84,0,108,0,29,84,0,113,18,0,18,131
10/24/2021,ENA,AK,AAL,WE,Federal Contract Tower,0,8,1,0,9,0,21,23,0,44,0,29,24,0,53,28,0,28,81
10/25/2021,ENA,AK,AAL,WE,Federal Contract Tower,0,22,0,0,22,0,47,25,0,72,0,69,25,0,94,88,0,88,182
10/26/2021,ENA,AK,AAL,WE,Federal Contract Tower,0,12,1,0,13,1,50,17,0,68,1,62,18,0,81,42,4,46,127
10/27/2021,ENA,AK,AAL,WE,Federal Contract Tower,0,21,1,2,24,6,61,36,0,103,6,82,37,2,127,80,6,86,213
10/28/2021,ENA,AK,AAL,WE,Federal Contract Tower,0,51,0,0,51,0,6,2,0,8,0,57,2,0,59,18,0,18,77
10/29/2021,ENA,AK,AAL,WE,Federal Contract Tower,0,28,0,0,28,4,37,20,0,61,4,65,20,0,89,32,0,32,121
10/30/2021,ENA,AK,AAL,WE,Federal Contract Tower,0,6,0,0,6,0,11,0,0,11,0,17,0,0,17,0,0,0,17
10/31/2021,ENA,AK,AAL,WE,Federal Contract Tower,0,6,0,0,6,0,24,1,0,25,0,30,1,0,31,12,0,12,43
11/01/2021,ENA,AK,AAL,WE,Federal Contract Tower,0,60,0,0,60,0,38,16,0,54,0,98,16,0,114,92,0,92,206
11/02/2021,ENA,AK,AAL,WE,Federal Contract Tower,0,56,0,0,56,0,1,0,0,1,0,57,0,0,57,0,0,0,57
11/03/2021,ENA,AK,AAL,WE,Federal Contract Tower,0,41,4,0,45,2,41,26,0,69,2,82,30,0,114,106,0,106,220
11/04/2021,ENA,AK,AAL,WE,Federal Contract Tower,0,52,1,0,53,1,10,2,0,13,1,62,3,0,66,6,0,6,72
11/05/2021,ENA,AK,AAL,WE,Federal Contract Tower,0,30,1,0,31,1,37,34,0,72,1,67,35,0,103,20,0,20,123
11/06/2021,ENA,AK,AAL,WE,Federal Contract Tower,0,18,1,0,19,0,14,11,0,25,0,32,12,0,44,12,0,12,56
11/07/2021,ENA,AK,AAL,WE,Federal Contract Tower,0,28,0,0,28,0,8,7,0,15,0,36,7,0,43,4,0,4,47
11/08/2021,ENA,AK,AAL,WE,Federal Contract Tower,0,30,0,0,30,0,39,15,1,55,0,69,15,1,85,45,8,53,138
11/09/2021,ENA,AK,AAL,WE,Federal Contract Tower,0,22,9,1,32,0,53,16,0,69,0,75,25,1,101,40,28,68,169
11/10/2021,ENA,AK,AAL,WE,Federal Contract Tower,0,27,0,0,27,0,43,11,0,54,0,70,11,0,81,48,10,58,139
11/11/2021,ENA,AK,AAL,WE,Federal Contract Tower,0,45,0,0,45,0,23,15,0,38,0,68,15,0,83,40,0,40,123
11/12/2021,ENA,AK,AAL,WE,Federal Contract Tower,1,49,1,0,51,0,33,10,0,43,1,82,11,0,94,48,0,48,142
11/13/2021,ENA,AK,AAL,WE,Federal Contract Tower,0,12,7,0,19,1,34,19,0,54,1,46,26,0,73,64,2,66,139
11/14/2021,ENA,AK,AAL,WE,Federal Contract Tower,0,15,3,0,18,0,20,7,0,27,0,35,10,0,45,50,0,50,95
11/15/2021,ENA,AK,AAL,WE,Federal Contract Tower,0,39,0,0,39,3,29,12,0,44,3,68,12,0,83,30,0,30,113
11/17/2021,ENA,AK,AAL,WE,Federal Contract Tower,0,16,2,0,18,4,56,22,0,82,4,72,24,0,100,32,0,32,132
11/18/2021,ENA,AK,AAL,WE,Federal Contract Tower,0,18,3,0,21,4,67,21,0,92,4,85,24,0,113,34,0,34,147
11/19/2021,ENA,AK,AAL,WE,Federal Contract Tower,0,23,0,0,23,4,54,14,0,72,4,77,14,0,95,64,0,64,159
11/20/2021,ENA,AK,AAL,WE,Federal Contract Tower,0,15,0,0,15,0,35,15,0,50,0,50,15,0,65,76,0,76,141
11/21/2021,ENA,AK,AAL,WE,Federal Contract Tower,0,12,0,0,12,0,31,11,0,42,0,43,11,0,54,71,0,71,125
11/22/2021,ENA,AK,AAL,WE,Federal Contract Tower,0,28,0,0,28,3,55,11,0,69,3,83,11,0,97,59,0,59,156
11/23/2021,ENA,AK,AAL,WE,Federal Contract Tower,0,28,4,0,32,5,33,8,0,46,5,61,12,0,78,16,0,16,94
11/24/2021,ENA,AK,AAL,WE,Federal Contract Tower,0,35,0,0,35,3,56,19,0,78,3,91,19,0,113,128,0,128,241
11/25/2021,ENA,AK,AAL,WE,Federal Contract Tower,0,16,0,0,16,0,0,0,0,0,0,16,0,0,16,0,0,0,16
11/26/2021,ENA,AK,AAL,WE,Federal Contract Tower,0,17,0,0,17,0,39,15,0,54,0,56,15,0,71,30,0,30,101
11/27/2021,ENA,AK,AAL,WE,Federal Contract Tower,0,10,0,0,10,0,21,20,0,41,0,31,20,0,51,62,0,62,113
11/28/2021,ENA,AK,AAL,WE,Federal Contract Tower,0,15,0,0,15,0,25,7,0,32,0,40,7,0,47,38,0,38,85
11/29/2021,ENA,AK,AAL,WE,Federal Contract Tower,0,39,0,0,39,0,12,1,0,13,0,51,1,0,52,12,0,12,64
11/30/2021,ENA,AK,AAL,WE,Federal Contract Tower,0,45,0,0,45,0,0,0,0,0,0,45,0,0,45,0,0,0,45
12/01/2021,ENA,AK,AAL,WE,Federal Contract Tower,0,53,0,0,53,0,27,6,0,33,0,80,6,0,86,24,0,24,110
12/02/2021,ENA,AK,AAL,WE,Federal Contract Tower,0,27,1,0,28,0,73,35,1,109,0,100,36,1,137,112,0,112,249
12/03/2021,ENA,AK,AAL,WE,Federal Contract Tower,0,32,0,0,32,3,44,28,0,75,3,76,28,0,107,82,16,98,205
12/04/2021,ENA,AK,AAL,WE,Federal Contract Tower,0,23,0,0,23,0,25,19,0,44,0,48,19,0,67,70,0,70,137
12/05/2021,ENA,AK,AAL,WE,Federal Contract Tower,0,28,0,2,30,1,16,3,0,20,1,44,3,2,50,8,6,14,64
12/06/2021,ENA,AK,AAL,WE,Federal Contract Tower,0,41,0,0,41,0,4,4,0,8,0,45,4,0,49,0,0,0,49
12/07/2021,ENA,AK,AAL,WE,Federal Contract Tower,0,35,1,0,36,2,27,16,0,45,2,62,17,0,81,34,0,34,115
12/08/2021,ENA,AK,AAL,WE,Federal Contract Tower,0,26,0,0,26,1,47,7,0,55,1,73,7,0,81,20,0,20,101
12/09/2021,ENA,AK,AAL,WE,Federal Contract Tower,0,37,0,0,37,0,10,0,0,10,0,47,0,0,47,0,0,0,47
12/10/2021,ENA,AK,AAL,WE,Federal Contract Tower,1,45,1,0,47,1,26,6,0,33,2,71,7,0,80,22,0,22,102
12/11/2021,ENA,AK,AAL,WE,Federal Contract Tower,0,12,0,0,12,0,24,26,0,50,0,36,26,0,62,92,0,92,154
12/12/2021,ENA,AK,AAL,WE,Federal Contract Tower,0,12,0,0,12,0,17,10,0,27,0,29,10,0,39,28,0,28,67
12/13/2021,ENA,AK,AAL,WE,Federal Contract Tower,0,22,0,0,22,4,41,12,0,57,4,63,12,0,79,29,17,46,125
12/14/2021,ENA,AK,AAL,WE,Federal Contract Tower,0,17,4,0,21,4,51,19,0,74,4,68,23,0,95,30,18,48,143
12/15/2021,ENA,AK,AAL,WE,Federal Contract Tower,0,30,2,0,32,3,44,11,1,59,3,74,13,1,91,36,0,36,127
12/16/2021,ENA,AK,AAL,WE,Federal Contract Tower,0,50,0,0,50,0,2,0,0,2,0,52,0,0,52,0,0,0,52
12/17/2021,ENA,AK,AAL,WE,Federal Contract Tower,0,49,0,2,51,0,7,3,0,10,0,56,3,2,61,6,0,6,67
12/18/2021,ENA,AK,AAL,WE,Federal Contract Tower,0,21,0,0,21,0,18,5,0,23,0,39,5,0,44,12,0,12,56
12/20/2021,ENA,AK,AAL,WE,Federal Contract Tower,0,19,0,0,19,0,2,0,0,2,0,21,0,0,21,0,0,0,21
12/21/2021,ENA,AK,AAL,WE,Federal Contract Tower,4,36,0,0,40,1,25,8,0,34,5,61,8,0,74,32,10,42,116
12/22/2021,ENA,AK,AAL,WE,Federal Contract Tower,0,50,0,0,50,0,23,1,0,24,0,73,1,0,74,20,2,22,96
12/23/2021,ENA,AK,AAL,WE,Federal Contract Tower,0,19,0,0,19,1,67,17,0,85,1,86,17,0,104,84,0,84,188
12/24/2021,ENA,AK,AAL,WE,Federal Contract Tower,0,16,0,0,16,0,35,8,0,43,0,51,8,0,59,12,0,12,71
12/25/2021,ENA,AK,AAL,WE,Federal Contract Tower,0,0,0,0,0,0,2,6,0,8,0,2,6,0,8,2,0,2,10
12/26/2021,ENA,AK,AAL,WE,Federal Contract Tower,0,4,0,4,8,0,0,0,0,0,0,4,0,4,8,0,0,0,8
12/27/2021,ENA,AK,AAL,WE,Federal Contract Tower,0,20,2,0,22,0,33,11,0,44,0,53,13,0,66,50,0,50,116
12/28/2021,ENA,AK,AAL,WE,Federal Contract Tower,0,17,0,0,17,1,26,5,0,32,1,43,5,0,49,30,0,30,79
12/29/2021,ENA,AK,AAL,WE,Federal Contract Tower,0,15,0,0,15,0,40,20,3,63,0,55,20,3,78,36,4,40,118
12/30/2021,ENA,AK,AAL,WE,Federal Contract Tower,0,17,5,0,22,2,40,20,0,62,2,57,25,0,84,46,16,62,146
12/31/2021,ENA,AK,AAL,WE,Federal Contract Tower,0,37,0,0,37,0,0,0,0,0,0,37,0,0,37,0,0,0,37
01/01/2022,ENA,AK,AAL,WE,Federal Contract Tower,0,0,0,0,0,3,5,0,0,8,3,5,0,0,8,0,0,0,8
01/02/2022,ENA,AK,AAL,WE,Federal Contract Tower,0,4,0,0,4,0,7,0,0,7,0,11,0,0,11,0,0,0,11
01/03/2022,ENA,AK,AAL,WE,Federal Contract Tower,0,17,0,0,17,0,25,4,0,29,0,42,4,0,46,16,0,16,62
01/04/2022,ENA,AK,AAL,WE,Federal Contract Tower,1,12,2,0,15,1,32,21,0,54,2,44,23,0,69,56,0,56,125
01/05/2022,ENA,AK,AAL,WE,Federal Contract Tower,0,17,1,0,18,1,44,20,0,65,1,61,21,0,83,118,2,120,203
01/06/2022,ENA,AK,AAL,WE,Federal Contract Tower,0,31,0,2,33,0,48,9,1,58,0,79,9,3,91,108,12,120,211
01/07/2022,ENA,AK,AAL,WE,Federal Contract Tower,0,16,0,0,16,8,34,17,0,59,8,50,17,0,75,58,0,58,133
01/08/2022,ENA,AK,AAL,WE,Federal Contract Tower,2,18,0,0,20,3,13,3,0,19,5,31,3,0,39,34,8,42,81
01/09/2022,ENA,AK,AAL,WE,Federal Contract Tower,0,11,0,0,11,0,24,2,0,26,0,35,2,0,37,40,0,40,77
01/10/2022,ENA,AK,AAL,WE,Federal Contract Tower,0,22,0,0,22,1,27,12,0,40,1,49,12,0,62,30,0,30,92
01/11/2022,ENA,AK,AAL,WE,Federal Contract Tower,0,38,1,0,39,0,9,8,0,17,0,47,9,0,56,2,0,2,58
01/12/2022,ENA,AK,AAL,WE,Federal Contract Tower,0,44,1,2,47,0,27,7,0,34,0,71,8,2,81,12,0,12,93
01/13/2022,ENA,AK,AAL,WE,Federal Contract Tower,0,25,0,2,27,3,37,3,0,43,3,62,3,2,70,6,0,6,76
01/14/2022,ENA,AK,AAL,WE,Federal Contract Tower,0,13,0,0,13,2,43,21,2,68,2,56,21,2,81,32,0,32,113
01/15/2022,ENA,AK,AAL,WE,Federal Contract Tower,0,19,0,0,19,2,0,0,0,2,2,19,0,0,21,0,0,0,21
01/16/2022,ENA,AK,AAL,WE,Federal Contract Tower,0,14,0,0,14,1,19,7,0,27,1,33,7,0,41,43,0,43,84
01/17/2022,ENA,AK,AAL,WE,Federal Contract Tower,0,40,3,0,43,4,9,3,0,16,4,49,6,0,59,8,0,8,67
01/18/2022,ENA,AK,AAL,WE,Federal Contract Tower,0,16,0,0,16,9,53,25,0,87,9,69,25,0,103,62,18,80,183
01/19/2022,ENA,AK,AAL,WE,Federal Contract Tower,1,47,0,0,48,2,3,0,0,5,3,50,0,0,53,0,0,0,53
01/20/2022,ENA,AK,AAL,WE,Federal Contract Tower,0,54,1,0,55,2,12,2,0,16,2,66,3,0,71,28,0,28,99
01/21/2022,ENA,AK,AAL,WE,Federal Contract Tower,0,29,0,0,29,1,18,2,0,21,1,47,2,0,50,14,0,14,64
01/22/2022,ENA,AK,AAL,WE,Federal Contract Tower,0,12,1,0,13,0,18,4,0,22,0,30,5,0,35,22,0,22,57
01/23/2022,ENA,AK,AAL,WE,Federal Contract Tower,0,12,0,0,12,0,18,2,0,20,0,30,2,0,32,32,6,38,70
01/24/2022,ENA,AK,AAL,WE,Federal Contract Tower,0,16,0,1,17,0,35,20,1,56,0,51,20,2,73,90,8,98,171
01/25/2022,ENA,AK,AAL,WE,Federal Contract Tower,0,21,0,0,21,0,28,22,0,50,0,49,22,0,71,58,0,58,129
01/26/2022,ENA,AK,AAL,WE,Federal Contract Tower,0,24,0,2,26,2,45,17,0,64,2,69,17,2,90,30,10,40,130
01/27/2022,ENA,AK,AAL,WE,Federal Contract Tower,0,32,0,0,32,0,10,2,0,12,0,42,2,0,44,24,0,24,68
01/28/2022,ENA,AK,AAL,WE,Federal Contract Tower,0,26,0,0,26,0,15,4,0,19,0,41,4,0,45,4,0,4,49
01/29/2022,ENA,AK,AAL,WE,Federal Contract Tower,0,9,0,0,9,4,25,16,0,45,4,34,16,0,54,66,0,66,120
01/30/2022,ENA,AK,AAL,WE,Federal Contract Tower,0,23,0,0,23,0,14,14,0,28,0,37,14,0,51,36,0,36,87
01/31/2022,ENA,AK,AAL,WE,Federal Contract Tower,0,24,0,0,24,4,27,14,0,45,4,51,14,0,69,18,0,18,87
02/01/2022,ENA,AK,AAL,WE,Federal Contract Tower,0,30,0,0,30,0,8,0,0,8,0,38,0,0,38,0,0,0,38
02/02/2022,ENA,AK,AAL,WE,Federal Contract Tower,0,19,0,0,19,10,54,37,0,101,10,73,37,0,120,150,2,152,272
02/03/2022,ENA,AK,AAL,WE,Federal Contract Tower,0,40,0,0,40,0,0,0,0,0,0,40,0,0,40,0,0,0,40
02/04/2022,ENA,AK,AAL,WE,Federal Contract Tower,1,32,0,0,33,1,24,24,0,49,2,56,24,0,82,102,0,102,184
02/05/2022,ENA,AK,AAL,WE,Federal Contract Tower,0,11,1,0,12,1,18,15,0,34,1,29,16,0,46,30,0,30,76
02/06/2022,ENA,AK,AAL,WE,Federal Contract Tower,0,13,0,0,13,0,26,10,0,36,0,39,10,0,49,68,0,68,117
02/07/2022,ENA,AK,AAL,WE,Federal Contract Tower,0,24,0,2,26,0,43,18,0,61,0,67,18,2,87,106,0,106,193
02/08/2022,ENA,AK,AAL,WE,Federal Contract Tower,0,29,0,0,29,0,25,10,0,35,0,54,10,0,64,32,0,32,96
02/09/2022,ENA,AK,AAL,WE,Federal Contract Tower,0,39,0,0,39,2,47,4,0,53,2,86,4,0,92,28,0,28,120
02/10/2022,ENA,AK,AAL,WE,Federal Contract Tower,0,16,0,0,16,0,49,34,0,83,0,65,34,0,99,104,0,104,203
02/11/2022,ENA,AK,AAL,WE,Federal Contract Tower,0,25,0,0,25,3,47,17,0,67,3,72,17,0,92,70,0,70,162
02/12/2022,ENA,AK,AAL,WE,Federal Contract Tower,0,22,0,0,22,1,7,4,0,12,1,29,4,0,34,40,0,40,74
02/13/2022,ENA,AK,AAL,WE,Federal Contract Tower,0,26,0,0,26,0,0,0,0,0,0,26,0,0,26,0,0,0,26
02/14/2022,ENA,AK,AAL,WE,Federal Contract Tower,0,37,0,0,37,0,1,0,0,1,0,38,0,0,38,2,0,2,40
02/15/2022,ENA,AK,AAL,WE,Federal Contract Tower,0,23,0,0,23,0,0,0,0,0,0,23,0,0,23,0,0,0,23
02/16/2022,ENA,AK,AAL,WE,Federal Contract Tower,0,35,0,0,35,1,3,3,0,7,1,38,3,0,42,6,0,6,48
02/17/2022,ENA,AK,AAL,WE,Federal Contract Tower,6,47,0,0,53,0,0,0,0,0,6,47,0,0,53,0,0,0,53
02/18/2022,ENA,AK,AAL,WE,Federal Contract Tower,0,26,0,0,26,0,44,9,0,53,0,70,9,0,79,42,0,42,121
02/19/2022,ENA,AK,AAL,WE,Federal Contract Tower,0,11,2,0,13,2,26,30,0,58,2,37,32,0,71,58,0,58,129
02/20/2022,ENA,AK,AAL,WE,Federal Contract Tower,0,22,0,0,22,2,21,8,0,31,2,43,8,0,53,50,0,50,103
02/21/2022,ENA,AK,AAL,WE,Federal Contract Tower,0,43,0,0,43,0,0,0,0,0,0,43,0,0,43,0,0,0,43
02/22/2022,ENA,AK,AAL,WE,Federal Contract Tower,1,37,4,0,42,0,27,22,0,49,1,64,26,0,91,56,0,56,147
02/23/2022,ENA,AK,AAL,WE,Federal Contract Tower,0,27,2,1,30,1,33,33,2,69,1,60,35,3,99,82,8,90,189
02/24/2022,ENA,AK,AAL,WE,Federal Contract Tower,0,22,0,0,22,2,35,24,0,61,2,57,24,0,83,36,0,36,119
02/25/2022,ENA,AK,AAL,WE,Federal Contract Tower,0,20,0,0,20,2,41,3,0,46,2,61,3,0,66,34,0,34,100
02/26/2022,ENA,AK,AAL,WE,Federal Contract Tower,0,8,2,0,10,1,23,30,0,54,1,31,32,0,64,64,0,64,128
02/27/2022,ENA,AK,AAL,WE,Federal Contract Tower,0,14,2,0,16,1,22,26,0,49,1,36,28,0,65,44,0,44,109
02/28/2022,ENA,AK,AAL,WE,Federal Contract Tower,0,22,4,0,26,5,46,23,0,74,5,68,27,0,100,64,0,64,164
03/01/2022,ENA,AK,AAL,WE,Federal Contract Tower,0,17,5,0,22,0,48,15,0,63,0,65,20,0,85,40,0,40,125
03/02/2022,ENA,AK,AAL,WE,Federal Contract Tower,0,23,1,0,24,3,46,33,0,82,3,69,34,0,106,42,2,44,150
03/03/2022,ENA,AK,AAL,WE,Federal Contract Tower,0,33,4,0,37,0,32,12,0,44,0,65,16,0,81,18,2,20,101
03/04/2022,ENA,AK,AAL,WE,Federal Contract Tower,5,20,0,0,25,2,36,17,0,55,7,56,17,0,80,24,0,24,104
03/05/2022,ENA,AK,AAL,WE,Federal Contract Tower,0,14,0,1,15,0,1,0,1,2,0,15,0,2,17,0,0,0,17
03/06/2022,ENA,AK,AAL,WE,Federal Contract Tower,0,14,1,0,15,0,26,28,0,54,0,40,29,0,69,84,0,84,153
03/07/2022,ENA,AK,AAL,WE,Federal Contract Tower,0,23,4,0,27,3,53,20,0,76,3,76,24,0,103,130,14,144,247
03/08/2022,ENA,AK,AAL,WE,Federal Contract Tower,0,16,0,2,18,4,51,25,0,80,4,67,25,2,98,136,0,136,234
03/09/2022,ENA,AK,AAL,WE,Federal Contract Tower,0,55,0,0,55,0,5,0,0,5,0,60,0,0,60,6,0,6,66
03/10/2022,ENA,AK,AAL,WE,Federal Contract Tower,0,46,0,0,46,0,5,1,0,6,0,51,1,0,52,2,0,2,54
03/11/2022,ENA,AK,AAL,WE,Federal Contract Tower,0,42,2,0,44,0,1,3,0,4,0,43,5,0,48,10,0,10,58
03/12/2022,ENA,AK,AAL,WE,Federal Contract Tower,0,11,3,0,14,0,22,23,0,45,0,33,26,0,59,56,0,56,115
03/13/2022,ENA,AK,AAL,WE,Federal Contract Tower,0,17,2,0,19,0,21,0,3,24,0,38,2,3,43,32,0,32,75
03/14/2022,ENA,AK,AAL,WE,Federal Contract Tower,0,18,6,2,26,0,55,36,0,91,0,73,42,2,117,76,4,80,197
03/15/2022,ENA,AK,AAL,WE,Federal Contract Tower,0,13,3,0,16,0,47,17,0,64,0,60,20,0,80,88,0,88,168
03/16/2022,ENA,AK,AAL,WE,Federal Contract Tower,0,23,0,0,23,0,49,11,3,63,0,72,11,3,86,42,28,70,156
03/17/2022,ENA,AK,AAL,WE,Federal Contract Tower,0,37,1,0,38,0,35,20,0,55,0,72,21,0,93,18,0,18,111
03/18/2022,ENA,AK,AAL,WE,Federal Contract Tower,0,21,3,0,24,0,53,16,0,69,0,74,19,0,93,38,0,38,131
03/19/2022,ENA,AK,AAL,WE,Federal Contract Tower,0,10,1,0,11,0,25,25,0,50,0,35,26,0,61,50,0,50,111
03/20/2022,ENA,AK,AAL,WE,Federal Contract Tower,0,14,2,0,16,0,24,23,0,47,0,38,25,0,63,22,0,22,85
03/21/2022,ENA,AK,AAL,WE,Federal Contract Tower,0,16,1,0,17,0,0,2,0,2,0,16,3,0,19,80,2,82,101
03/22/2022,ENA,AK,AAL,WE,Federal Contract Tower,0,24,0,0,24,2,40,7,0,49,2,64,7,0,73,32,6,38,111
03/23/2022,ENA,AK,AAL,WE,Federal Contract Tower,0,21,0,2,23,2,49,17,0,68,2,70,17,2,91,84,12,96,187
03/24/2022,ENA,AK,AAL,WE,Federal Contract Tower,0,19,0,0,19,0,43,18,0,61,0,62,18,0,80,32,0,32,112
03/25/2022,ENA,AK,AAL,WE,Federal Contract Tower,0,23,0,0,23,2,56,17,0,75,2,79,17,0,98,38,0,38,136
03/26/2022,ENA,AK,AAL,WE,Federal Contract Tower,0,17,3,0,20,1,22,21,0,44,1,39,24,0,64,42,0,42,106
03/27/2022,ENA,AK,AAL,WE,Federal Contract Tower,0,13,2,0,15,0,17,10,0,27,0,30,12,0,42,64,0,64,106
03/28/2022,ENA,AK,AAL,WE,Federal Contract Tower,0,17,0,6,23,2,41,9,0,52,2,58,9,6,75,44,16,60,135
03/29/2022,ENA,AK,AAL,WE,Federal Contract Tower,0,18,2,2,22,0,47,28,4,79,0,65,30,6,101,82,8,90,191
03/30/2022,ENA,AK,AAL,WE,Federal Contract Tower,0,24,1,0,25,0,55,45,0,100,0,79,46,0,125,116,0,116,241
03/31/2022,ENA,AK,AAL,WE,Federal Contract Tower,0,22,0,0,22,5,40,17,0,62,5,62,17,0,84,38,0,38,122
04/01/2022,ENA,AK,AAL,WE,Federal Contract Tower,0,21,1,0,22,8,41,25,0,74,8,62,26,0,96,52,0,52,148
04/02/2022,ENA,AK,AAL,WE,Federal Contract Tower,0,12,4,0,16,4,29,22,0,55,4,41,26,0,71,56,0,56,127
04/03/2022,ENA,AK,AAL,WE,Federal Contract Tower,0,11,0,0,11,0,22,16,0,38,0,33,16,0,49,50,0,50,99
04/04/2022,ENA,AK,AAL,WE,Federal Contract Tower,0,36,0,2,38,0,23,11,0,34,0,59,11,2,72,42,0,42,114
04/05/2022,ENA,AK,AAL,WE,Federal Contract Tower,0,28,0,3,31,0,30,11,1,42,0,58,11,4,73,22,14,36,109
04/06/2022,ENA,AK,AAL,WE,Federal Contract Tower,0,26,0,0,26,5,41,28,0,74,5,67,28,0,100,76,0,76,176
04/07/2022,ENA,AK,AAL,WE,Federal Contract Tower,0,19,2,0,21,5,47,25,0,77,5,66,27,0,98,118,0,118,216
04/08/2022,ENA,AK,AAL,WE,Federal Contract Tower,0,47,1,0,48,1,17,9,0,27,1,64,10,0,75,10,0,10,85
04/09/2022,ENA,AK,AAL,WE,Federal Contract Tower,0,13,0,0,13,4,21,34,0,59,4,34,34,0,72,42,0,42,114
04/10/2022,ENA,AK,AAL,WE,Federal Contract Tower,0,11,3,0,14,0,18,25,0,43,0,29,28,0,57,22,0,22,79
04/11/2022,ENA,AK,AAL,WE,Federal Contract Tower,0,21,1,0,22,1,51,36,0,88,1,72,37,0,110,19,0,19,129
04/12/2022,ENA,AK,AAL,WE,Federal Contract Tower,0,15,2,0,17,4,61,14,0,79,4,76,16,0,96,82,16,98,194
04/13/2022,ENA,AK,AAL,WE,Federal Contract Tower,0,27,2,6,35,5,45,27,0,77,5,72,29,6,112,50,0,50,162
04/14/2022,ENA,AK,AAL,WE,Federal Contract Tower,0,16,0,0,16,4,66,38,2,110,4,82,38,2,126,96,0,96,222
04/15/2022,ENA,AK,AAL,WE,Federal Contract Tower,0,20,0,2,22,3,59,11,0,73,3,79,11,2,95,96,6,102,197
04/16/2022,ENA,AK,AAL,WE,Federal Contract Tower,0,15,1,0,16,0,36,19,0,55,0,51,20,0,71,102,0,102,173
04/17/2022,ENA,AK,AAL,WE,Federal Contract Tower,0,11,2,0,13,0,24,11,0,35,0,35,13,0,48,72,0,72,120
04/18/2022,ENA,AK,AAL,WE,Federal Contract Tower,0,21,2,2,25,4,43,22,0,69,4,64,24,2,94,66,0,66,160
04/19/2022,ENA,AK,AAL,WE,Federal Contract Tower,0,22,2,0,24,3,50,30,0,83,3,72,32,0,107,58,0,58,165
04/20/2022,ENA,AK,AAL,WE,Federal Contract Tower,0,26,0,2,28,8,65,31,0,104,8,91,31,2,132,54,0,54,186
04/21/2022,ENA,AK,AAL,WE,Federal Contract Tower,0,19,0,0,19,4,45,23,0,72,4,64,23,0,91,72,0,72,163
04/22/2022,ENA,AK,AAL,WE,Federal Contract Tower,0,20,0,0,20,0,50,11,0,61,0,70,11,0,81,22,0,22,103
04/23/2022,ENA,AK,AAL,WE,Federal Contract Tower,0,12,2,0,14,2,24,26,0,52,2,36,28,0,66,66,0,66,132
04/24/2022,ENA,AK,AAL,WE,Federal Contract Tower,0,10,1,0,11,0,19,20,0,39,0,29,21,0,50,58,0,58,108
04/25/2022,ENA,AK,AAL,WE,Federal Contract Tower,0,23,1,0,24,3,62,25,0,90,3,85,26,0,114,68,20,88,202
04/26/2022,ENA,AK,AAL,WE,Federal Contract Tower,0,23,5,0,28,5,75,25,0,105,5,98,30,0,133,112,0,112,245
04/27/2022,ENA,AK,AAL,WE,Federal Contract Tower,0,23,0,0,23,5,68,35,0,108,5,91,35,0,131,66,0,66,197
04/28/2022,ENA,AK,AAL,WE,Federal Contract Tower,0,22,0,4,26,3,54,45,0,102,3,76,45,4,128,114,2,116,244
04/29/2022,ENA,AK,AAL,WE,Federal Contract Tower,0,20,0,0,20,5,52,41,0,98,5,72,41,0,118,76,6,82,200
04/30/2022,ENA,AK,AAL,WE,Federal Contract Tower,0,12,0,0,12,0,28,22,0,50,0,40,22,0,62,66,0,66,128
05/01/2022,ENA,AK,AAL,WE,Federal Contract Tower,0,12,0,0,12,0,28,7,0,35,0,40,7,0,47,36,0,36,83
05/02/2022,ENA,AK,AAL,WE,Federal Contract Tower,0,21,1,1,23,0,63,13,1,77,0,84,14,2,100,26,22,48,148
05/03/2022,ENA,AK,AAL,WE,Federal Contract Tower,0,29,0,0,29,4,62,24,0,90,4,91,24,0,119,60,2,62,181
05/04/2022,ENA,AK,AAL,WE,Federal Contract Tower,0,23,0,0,23,1,74,25,0,100,1,97,25,0,123,118,6,124,247
05/05/2022,ENA,AK,AAL,WE,Federal Contract Tower,0,26,0,0,26,4,69,34,0,107,4,95,34,0,133,82,10,92,225
05/06/2022,ENA,AK,AAL,WE,Federal Contract Tower,0,27,3,0,30,0,57,37,0,94,0,84,40,0,124,92,0,92,216
05/07/2022,ENA,AK,AAL,WE,Federal Contract Tower,0,8,3,0,11,0,30,47,0,77,0,38,50,0,88,26,0,26,114
05/08/2022,ENA,AK,AAL,WE,Federal Contract Tower,0,12,0,0,12,0,24,29,0,53,0,36,29,0,65,12,0,12,77
05/09/2022,ENA,AK,AAL,WE,Federal Contract Tower,0,25,1,0,26,0,60,6,0,66,0,85,7,0,92,62,10,72,164
05/10/2022,ENA,AK,AAL,WE,Federal Contract Tower,0,25,0,0,25,6,62,5,0,73,6,87,5,0,98,34,0,34,132
05/11/2022,ENA,AK,AAL,WE,Federal Contract Tower,2,26,4,2,34,8,77,34,0,119,10,103,38,2,153,52,24,76,229
05/12/2022,ENA,AK,AAL,WE,Federal Contract Tower,0,28,6,4,38,6,60,38,0,104,6,88,44,4,142,82,28,110,252
05/13/2022,ENA,AK,AAL,WE,Federal Contract Tower,0,37,0,0,37,3,33,11,0,47,3,70,11,0,84,14,8,22,106
05/14/2022,ENA,AK,AAL,WE,Federal Contract Tower,0,15,4,0,19,0,28,29,0,57,0,43,33,0,76,42,0,42,118
05/15/2022,ENA,AK,AAL,WE,Federal Contract Tower,0,12,0,0,12,0,29,20,0,49,0,41,20,0,61,42,0,42,103
05/16/2022,ENA,AK,AAL,WE,Federal Contract Tower,0,17,1,0,18,2,55,29,0,86,2,72,30,0,104,58,0,58,162
05/17/2022,ENA,AK,AAL,WE,Federal Contract Tower,0,17,2,0,19,3,67,28,0,98,3,84,30,0,117,32,8,40,157
05/18/2022,ENA,AK,AAL,WE,Federal Contract Tower,0,27,1,0,28,2,69,31,0,102,2,96,32,0,130,42,0,42,172
05/19/2022,ENA,AK,AAL,WE,Federal Contract Tower,0,29,3,0,32,0,58,48,3,109,0,87,51,3,141,110,18,128,269
05/20/2022,ENA,AK,AAL,WE,Federal Contract Tower,0,25,0,0,25,2,89,39,0,130,2,114,39,0,155,92,0,92,247
05/21/2022,ENA,AK,AAL,WE,Federal Contract Tower,0,15,6,0,21,1,33,44,0,78,1,48,50,0,99,56,0,56,155
05/22/2022,ENA,AK,AAL,WE,Federal Contract Tower,0,13,2,0,15,0,36,30,0,66,0,49,32,0,81,88,0,88,169
05/23/2022,ENA,AK,AAL,WE,Federal Contract Tower,0,27,1,0,28,4,52,30,0,86,4,79,31,0,114,18,0,18,132
05/24/2022,ENA,AK,AAL,WE,Federal Contract Tower,0,24,1,0,25,6,38,34,1,79,6,62,35,1,104,80,26,106,210
05/25/2022,ENA,AK,AAL,WE,Federal Contract Tower,0,61,4,0,65,15,48,35,0,98,15,109,39,0,163,56,6,62,225
05/26/2022,ENA,AK,AAL,WE,Federal Contract Tower,0,25,2,0,27,3,83,65,0,151,3,108,67,0,178,120,6,126,304
05/27/2022,ENA,AK,AAL,WE,Federal Contract Tower,0,28,0,0,28,0,55,56,0,111,0,83,56,0,139,92,0,92,231
05/28/2022,ENA,AK,AAL,WE,Federal Contract Tower,0,12,0,0,12,0,26,60,0,86,0,38,60,0,98,40,0,40,138
05/29/2022,ENA,AK,AAL,WE,Federal Contract Tower,0,10,1,0,11,0,29,47,0,76,0,39,48,0,87,48,0,48,135
05/30/2022,ENA,AK,AAL,WE,Federal Contract Tower,0,23,2,0,25,0,39,29,0,68,0,62,31,0,93,70,0,70,163
05/31/2022,ENA,AK,AAL,WE,Federal Contract Tower,0,24,0,0,24,3,52,47,0,102,3,76,47,0,126,62,20,82,208
06/01/2022,ENA,AK,AAL,WE,Federal Contract Tower,0,16,5,0,21,3,54,53,0,110,3,70,58,0,131,98,0,98,229
06/02/2022,ENA,AK,AAL,WE,Federal Contract Tower,0,22,1,0,23,0,63,48,0,111,0,85,49,0,134,72,2,74,208
06/03/2022,ENA,AK,AAL,WE,Federal Contract Tower,0,19,0,0,19,0,58,56,0,114,0,77,56,0,133,62,0,62,195
06/04/2022,ENA,AK,AAL,WE,Federal Contract Tower,0,7,0,0,7,0,26,35,0,61,0,33,35,0,68,34,0,34,102
06/05/2022,ENA,AK,AAL,WE,Federal Contract Tower,0,10,2,0,12,0,29,33,0,62,0,39,35,0,74,48,0,48,122
06/06/2022,ENA,AK,AAL,WE,Federal Contract Tower,1,45,0,0,46,5,33,29,0,67,6,78,29,0,113,80,0,80,193
06/07/2022,ENA,AK,AAL,WE,Federal Contract Tower,0,45,6,0,51,6,41,31,0,78,6,86,37,0,129,94,4,98,227
06/08/2022,ENA,AK,AAL,WE,Federal Contract Tower,0,26,4,4,34,6,63,66,0,135,6,89,70,4,169,166,2,168,337
06/09/2022,ENA,AK,AAL,WE,Federal Contract Tower,0,30,0,4,34,2,71,41,0,114,2,101,41,4,148,152,26,178,326
06/10/2022,ENA,AK,AAL,WE,Federal Contract Tower,0,35,3,0,38,5,49,48,0,102,5,84,51,0,140,56,0,56,196
06/11/2022,ENA,AK,AAL,WE,Federal Contract Tower,0,14,0,0,14,0,24,26,0,50,0,38,26,0,64,80,0,80,144
06/12/2022,ENA,AK,AAL,WE,Federal Contract Tower,0,32,3,0,35,0,17,15,0,32,0,49,18,0,67,0,0,0,67
06/13/2022,ENA,AK,AAL,WE,Federal Contract Tower,0,43,11,3,57,0,49,45,1,95,0,92,56,4,152,112,18,130,282
06/14/2022,ENA,AK,AAL,WE,Federal Contract Tower,0,21,1,0,22,0,67,56,0,123,0,88,57,0,145,102,2,104,249
06/15/2022,ENA,AK,AAL,WE,Federal Contract Tower,0,26,4,2,32,0,65,58,0,123,0,91,62,2,155,126,8,134,289
06/16/2022,ENA,AK,AAL,WE,Federal Contract Tower,0,20,2,2,24,3,63,33,0,99,3,83,35,2,123,112,0,112,235
06/17/2022,ENA,AK,AAL,WE,Federal Contract Tower,0,33,1,0,34,3,44,33,0,80,3,77,34,0,114,94,0,94,208
06/18/2022,ENA,AK,AAL,WE,Federal Contract Tower,0,11,2,0,13,0,25,34,0,59,0,36,36,0,72,14,0,14,86
06/19/2022,ENA,AK,AAL,WE,Federal Contract Tower,0,19,1,0,20,0,27,21,0,48,0,46,22,0,68,40,4,44,112
06/20/2022,ENA,AK,AAL,WE,Federal Contract Tower,0,23,4,0,27,0,43,54,0,97,0,66,58,0,124,90,0,90,214
06/21/2022,ENA,AK,AAL,WE,Federal Contract Tower,0,22,4,0,26,7,48,45,0,100,7,70,49,0,126,90,12,102,228
06/22/2022,ENA,AK,AAL,WE,Federal Contract Tower,0,33,0,0,33,1,48,65,0,114,1,81,65,0,147,78,0,78,225
06/23/2022,ENA,AK,AAL,WE,Federal Contract Tower,1,32,0,4,37,1,55,52,0,108,2,87,52,4,145,52,0,52,197
06/24/2022,ENA,AK,AAL,WE,Federal Contract Tower,0,50,10,0,60,0,49,26,2,77,0,99,36,2,137,28,0,28,165
06/25/2022,ENA,AK,AAL,WE,Federal Contract Tower,0,33,2,0,35,0,8,7,0,15,0,41,9,0,50,20,0,20,70
06/26/2022,ENA,AK,AAL,WE,Federal Contract Tower,0,28,4,0,32,0,37,24,0,61,0,65,28,0,93,30,0,30,123
06/27/2022,ENA,AK,AAL,WE,Federal Contract Tower,0,48,8,0,56,0,36,30,0,66,0,84,38,0,122,80,0,80,202
06/28/2022,ENA,AK,AAL,WE,Federal Contract Tower,0,30,2,4,36,2,57,64,0,123,2,87,66,4,159,124,0,124,283
06/29/2022,ENA,AK,AAL,WE,Federal Contract Tower,0,52,11,2,65,0,64,47,0,111,0,116,58,2,176,130,6,136,312
06/30/2022,ENA,AK,AAL,WE,Federal Contract Tower,0,35,0,4,39,8,67,60,0,135,8,102,60,4,174,72,0,72,246
07/01/2022,ENA,AK,AAL,WE,Federal Contract Tower,0,28,3,0,31,3,69,37,0,109,3,97,40,0,140,54,0,54,194
07/02/2022,ENA,AK,AAL,WE,Federal Contract Tower,0,11,0,0,11,0,43,42,0,85,0,54,42,0,96,22,0,22,118
07/03/2022,ENA,AK,AAL,WE,Federal Contract Tower,0,16,0,0,16,5,39,47,0,91,5,55,47,0,107,62,0,62,169
07/04/2022,ENA,AK,AAL,WE,Federal Contract Tower,0,20,0,0,20,3,17,30,0,50,3,37,30,0,70,0,0,0,70
07/05/2022,ENA,AK,AAL,WE,Federal Contract Tower,4,30,4,1,39,0,65,39,1,105,4,95,43,2,144,84,10,94,238
07/06/2022,ENA,AK,AAL,WE,Federal Contract Tower,7,63,2,0,72,1,77,55,0,133,8,140,57,0,205,38,26,64,269
07/07/2022,ENA,AK,AAL,WE,Federal Contract Tower,6,55,2,0,63,2,53,27,0,82,8,108,29,0,145,72,8,80,225
07/08/2022,ENA,AK,AAL,WE,Federal Contract Tower,0,28,0,0,28,0,58,27,0,85,0,86,27,0,113,38,4,42,155
07/09/2022,ENA,AK,AAL,WE,Federal Contract Tower,3,8,0,4,15,0,42,40,0,82,3,50,40,4,97,64,8,72,169
07/10/2022,ENA,AK,AAL,WE,Federal Contract Tower,5,16,1,0,22,0,27,44,0,71,5,43,45,0,93,30,0,30,123
07/11/2022,ENA,AK,AAL,WE,Federal Contract Tower,0,43,2,0,45,0,48,41,0,89,0,91,43,0,134,76,0,76,210
07/12/2022,ENA,AK,AAL,WE,Federal Contract Tower,4,48,1,5,58,0,65,24,1,90,4,113,25,6,148,32,0,32,180
07/13/2022,ENA,AK,AAL,WE,Federal Contract Tower,0,39,2,0,41,0,57,45,0,102,0,96,47,0,143,58,2,60,203
07/14/2022,ENA,AK,AAL,WE,Federal Contract Tower,0,62,4,0,66,0,38,42,0,80,0,100,46,0,146,28,2,30,176
07/15/2022,ENA,AK,AAL,WE,Federal Contract Tower,0,42,4,0,46,3,36,27,0,66,3,78,31,0,112,42,0,42,154
07/16/2022,ENA,AK,AAL,WE,Federal Contract Tower,0,31,5,0,36,0,9,10,0,19,0,40,15,0,55,14,0,14,69
07/17/2022,ENA,AK,AAL,WE,Federal Contract Tower,0,37,5,0,42,0,13,3,0,16,0,50,8,0,58,0,0,0,58
07/18/2022,ENA,AK,AAL,WE,Federal Contract Tower,0,30,0,10,40,3,77,55,0,135,3,107,55,10,175,100,14,114,289
07/19/2022,ENA,AK,AAL,WE,Federal Contract Tower,0,55,4,0,59,3,35,23,1,62,3,90,27,1,121,46,2,48,169
07/20/2022,ENA,AK,AAL,WE,Federal Contract Tower,0,60,10,5,75,3,53,54,0,110,3,113,64,5,185,80,0,80,265
07/21/2022,ENA,AK,AAL,WE,Federal Contract Tower,0,57,0,0,57,2,63,49,0,114,2,120,49,0,171,80,0,80,251
07/22/2022,ENA,AK,AAL,WE,Federal Contract Tower,0,40,0,0,40,4,67,45,0,116,4,107,45,0,156,88,0,88,244
07/23/2022,ENA,AK,AAL,WE,Federal Contract Tower,1,20,0,0,21,4,65,60,0,129,5,85,60,0,150,74,0,74,224
07/24/2022,ENA,AK,AAL,WE,Federal Contract Tower,0,14,3,0,17,0,33,42,0,75,0,47,45,0,92,54,0,54,146
07/25/2022,ENA,AK,AAL,WE,Federal Contract Tower,0,40,0,0,40,0,43,2,0,45,0,83,2,0,85,6,6,12,97
07/26/2022,ENA,AK,AAL,WE,Federal Contract Tower,0,33,0,0,33,0,83,25,0,108,0,116,25,0,141,60,10,70,211
07/27/2022,ENA,AK,AAL,WE,Federal Contract Tower,0,46,1,0,47,9,74,60,4,147,9,120,61,4,194,80,16,96,290
07/28/2022,ENA,AK,AAL,WE,Federal Contract Tower,0,32,2,2,36,6,60,51,1,118,6,92,53,3,154,96,4,100,254
07/29/2022,ENA,AK,AAL,WE,Federal Contract Tower,0,25,0,0,25,1,70,68,0,139,1,95,68,0,164,76,2,78,242
07/30/2022,ENA,AK,AAL,WE,Federal Contract Tower,0,21,3,0,24,0,23,27,0,50,0,44,30,0,74,42,0,42,116
07/31/2022,ENA,AK,AAL,WE,Federal Contract Tower,0,22,0,0,22,0,30,15,0,45,0,52,15,0,67,36,0,36,103
08/01/2022,ENA,AK,AAL,WE,Federal Contract Tower,0,67,4,8,79,0,20,5,0,25,0,87,9,8,104,6,0,6,110
08/02/2022,ENA,AK,AAL,WE,Federal Contract Tower,0,37,3,0,40,4,61,47,8,120,4,98,50,8,160,74,12,86,246
08/03/2022,ENA,AK,AAL,WE,Federal Contract Tower,0,37,0,0,37,4,53,106,0,163,4,90,106,0,200,88,0,88,288
08/04/2022,ENA,AK,AAL,WE,Federal Contract Tower,0,27,0,2,29,0,53,65,0,118,0,80,65,2,147,114,10,124,271
08/05/2022,ENA,AK,AAL,WE,Federal Contract Tower,0,38,0,0,38,0,52,6,0,58,0,90,6,0,96,10,0,10,106
08/06/2022,ENA,AK,AAL,WE,Federal Contract Tower,0,14,0,0,14,0,36,26,0,62,0,50,26,0,76,4,0,4,80
08/07/2022,ENA,AK,AAL,WE,Federal Contract Tower,0,10,0,0,10,0,28,14,0,42,0,38,14,0,52,22,0,22,74
08/08/2022,ENA,AK,AAL,WE,Federal Contract Tower,0,40,0,0,40,1,43,7,0,51,1,83,7,0,91,36,22,58,149
08/09/2022,ENA,AK,AAL,WE,Federal Contract Tower,0,30,4,0,34,0,56,30,0,86,0,86,34,0,120,60,14,74,194
08/10/2022,ENA,AK,AAL,WE,Federal Contract Tower,0,28,8,2,38,3,72,73,2,150,3,100,81,4,188,90,4,94,282
08/11/2022,ENA,AK,AAL,WE,Federal Contract Tower,0,28,5,0,33,4,63,29,0,96,4,91,34,0,129,78,0,78,207
08/12/2022,ENA,AK,AAL,WE,Federal Contract Tower,0,44,3,0,47,5,46,33,0,84,5,90,36,0,131,48,0,48,179
08/13/2022,ENA,AK,AAL,WE,Federal Contract Tower,0,30,14,0,44,0,17,6,0,23,0,47,20,0,67,0,0,0,67
08/14/2022,ENA,AK,AAL,WE,Federal Contract Tower,0,11,2,0,13,0,37,44,0,81,0,48,46,0,94,52,0,52,146
08/15/2022,ENA,AK,AAL,WE,Federal Contract Tower,0,28,3,4,35,0,65,65,0,130,0,93,68,4,165,68,0,68,233
08/16/2022,ENA,AK,AAL,WE,Federal Contract Tower,0,31,6,6,43,5,54,34,0,93,5,85,40,6,136,50,0,50,186
08/17/2022,ENA,AK,AAL,WE,Federal Contract Tower,0,55,7,2,64,0,28,22,0,50,0,83,29,2,114,22,0,22,136
08/18/2022,ENA,AK,AAL,WE,Federal Contract Tower,0,34,6,0,40,3,53,67,0,123,3,87,73,0,163,56,6,62,225
08/19/2022,ENA,AK,AAL,WE,Federal Contract Tower,0,67,1,0,68,2,12,14,0,28,2,79,15,0,96,6,0,6,102
08/20/2022,ENA,AK,AAL,WE,Federal Contract Tower,0,11,2,0,13,0,32,33,0,65,0,43,35,0,78,48,0,48,126
08/21/2022,ENA,AK,AAL,WE,Federal Contract Tower,0,10,2,0,12,0,30,40,0,70,0,40,42,0,82,10,0,10,92
08/22/2022,ENA,AK,AAL,WE,Federal Contract Tower,0,32,2,0,34,0,45,16,0,61,0,77,18,0,95,36,8,44,139
08/23/2022,ENA,AK,AAL,WE,Federal Contract Tower,0,25,0,1,26,0,42,39,1,82,0,67,39,2,108,64,14,78,186
08/24/2022,ENA,AK,AAL,WE,Federal Contract Tower,0,27,0,0,27,3,60,54,0,117,3,87,54,0,144,56,30,86,230
08/25/2022,ENA,AK,AAL,WE,Federal Contract Tower,0,65,14,4,83,4,30,21,0,55,4,95,35,4,138,24,6,30,168
08/26/2022,ENA,AK,AAL,WE,Federal Contract Tower,0,67,2,0,69,0,13,15,0,28,0,80,17,0,97,38,0,38,135
08/27/2022,ENA,AK,AAL,WE,Federal Contract Tower,0,22,6,0,28,0,22,21,0,43,0,44,27,0,71,18,0,18,89
08/28/2022,ENA,AK,AAL,WE,Federal Contract Tower,0,15,2,0,17,0,7,14,0,21,0,22,16,0,38,28,0,28,66
08/29/2022,ENA,AK,AAL,WE,Federal Contract Tower,0,34,0,0,34,0,34,26,5,65,0,68,26,5,99,32,0,32,131
08/30/2022,ENA,AK,AAL,WE,Federal Contract Tower,0,24,6,0,30,2,50,55,0,107,2,74,61,0,137,36,22,58,195
08/31/2022,ENA,AK,AAL,WE,Federal Contract Tower,0,57,3,0,60,0,25,15,0,40,0,82,18,0,100,72,0,72,172
09/01/2022,ENA,AK,AAL,WE,Federal Contract Tower,0,41,5,4,50,0,32,30,3,65,0,73,35,7,115,12,30,42,157
09/02/2022,ENA,AK,AAL,WE,Federal Contract Tower,0,38,0,0,38,5,50,40,0,95,5,88,40,0,133,94,0,94,227
09/03/2022,ENA,AK,AAL,WE,Federal Contract Tower,1,23,6,0,30,5,16,19,0,40,6,39,25,0,70,2,0,2,72
09/04/2022,ENA,AK,AAL,WE,Federal Contract Tower,0,11,3,0,14,0,20,31,0,51,0,31,34,0,65,6,0,6,71
09/05/2022,ENA,AK,AAL,WE,Federal Contract Tower,0,37,2,0,39,0,33,47,0,80,0,70,49,0,119,54,0,54,173
09/06/2022,ENA,AK,AAL,WE,Federal Contract Tower,0,32,1,0,33,4,62,40,0,106,4,94,41,0,139,50,0,50,189
09/07/2022,ENA,AK,AAL,WE,Federal Contract Tower,0,28,0,0,28,6,64,42,0,112,6,92,42,0,140,166,0,166,306
09/08/2022,ENA,AK,AAL,WE,Federal Contract Tower,0,50,1,0,51,0,33,15,0,48,0,83,16,0,99,10,0,10,109
09/09/2022,ENA,AK,AAL,WE,Federal Contract Tower,0,26,0,2,28,2,42,17,0,61,2,68,17,2,89,40,0,40,129
09/10/2022,ENA,AK,AAL,WE,Federal Contract Tower,0,14,3,0,17,2,39,46,0,87,2,53,49,0,104,72,0,72,176
09/11/2022,ENA,AK,AAL,WE,Federal Contract Tower,0,14,0,0,14,0,28,19,0,47,0,42,19,0,61,34,0,34,95
09/12/2022,ENA,AK,AAL,WE,Federal Contract Tower,0,18,5,0,23,0,55,36,0,91,0,73,41,0,114,154,4,158,272
09/13/2022,ENA,AK,AAL,WE,Federal Contract Tower,0,24,2,4,30,5,55,32,0,92,5,79,34,4,122,58,0,58,180
09/14/2022,ENA,AK,AAL,WE,Federal Contract Tower,0,41,5,4,50,3,60,59,0,122,3,101,64,4,172,130,2,132,304
09/15/2022,ENA,AK,AAL,WE,Federal Contract Tower,0,22,0,0,22,0,46,29,0,75,0,68,29,0,97,60,2,62,159
09/16/2022,ENA,AK,AAL,WE,Federal Contract Tower,0,26,0,0,26,0,46,36,0,82,0,72,36,0,108,86,0,86,194
09/17/2022,ENA,AK,AAL,WE,Federal Contract Tower,0,13,2,0,15,0,22,23,0,45,0,35,25,0,60,14,0,14,74
09/18/2022,ENA,AK,AAL,WE,Federal Contract Tower,0,12,3,0,15,0,29,47,1,77,0,41,50,1,92,54,0,54,146
09/19/2022,ENA,AK,AAL,WE,Federal Contract Tower,0,51,2,0,53,0,16,21,2,39,0,67,23,2,92,32,0,32,124
09/20/2022,ENA,AK,AAL,WE,Federal Contract Tower,0,42,3,1,46,0,43,37,1,81,0,85,40,2,127,88,2,90,217
09/21/2022,ENA,AK,AAL,WE,Federal Contract Tower,0,25,1,2,28,0,60,64,0,124,0,85,65,2,152,96,2,98,250
09/22/2022,ENA,AK,AAL,WE,Federal Contract Tower,0,18,4,0,22,0,60,35,0,95,0,78,39,0,117,110,2,112,229
09/23/2022,ENA,AK,AAL,WE,Federal Contract Tower,0,25,1,0,26,3,54,32,0,89,3,79,33,0,115,102,0,102,217
09/24/2022,ENA,AK,AAL,WE,Federal Contract Tower,0,12,4,0,16,0,32,31,0,63,0,44,35,0,79,30,0,30,109
09/25/2022,ENA,AK,AAL,WE,Federal Contract Tower,0,12,0,0,12,0,29,29,0,58,0,41,29,0,70,58,0,58,128
09/26/2022,ENA,AK,AAL,WE,Federal Contract Tower,0,20,0,0,20,0,53,43,0,96,0,73,43,0,116,68,0,68,184
09/27/2022,ENA,AK,AAL,WE,Federal Contract Tower,0,21,2,0,23,4,64,39,0,107,4,85,41,0,130,86,10,96,226
09/28/2022,ENA,AK,AAL,WE,Federal Contract Tower,0,25,0,0,25,1,50,31,0,82,1,75,31,0,107,18,0,18,125
09/29/2022,ENA,AK,AAL,WE,Federal Contract Tower,0,33,8,4,45,0,45,23,0,68,0,78,31,4,113,78,0,78,191
09/30/2022,ENA,AK,AAL,WE,Federal Contract Tower,0,36,3,0,39,1,30,34,0,65,1,66,37,0,104,82,0,82,186
10/01/2022,ENA,AK,AAL,WE,Federal Contract Tower,0,4,4,0,8,0,27,55,0,82,0,31,59,0,90,78,0,78,168
10/02/2022,ENA,AK,AAL,WE,Federal Contract Tower,0,24,3,0,27,0,9,11,0,20,0,33,14,0,47,34,0,34,81
10/03/2022,ENA,AK,AAL,WE,Federal Contract Tower,0,23,2,1,26,0,63,27,1,91,0,86,29,2,117,84,18,102,219
10/04/2022,ENA,AK,AAL,WE,Federal Contract Tower,0,20,1,0,21,5,60,23,0,88,5,80,24,0,109,66,0,66,175
10/05/2022,ENA,AK,AAL,WE,Federal Contract Tower,0,23,2,0,25,3,52,26,0,81,3,75,28,0,106,52,0,52,158
10/06/2022,ENA,AK,AAL,WE,Federal Contract Tower,0,21,5,0,26,0,55,36,0,91,0,76,41,0,117,42,0,42,159
10/07/2022,ENA,AK,AAL,WE,Federal Contract Tower,0,22,0,0,22,6,51,22,2,81,6,73,22,2,103,38,0,38,141
10/08/2022,ENA,AK,AAL,WE,Federal Contract Tower,0,16,0,0,16,0,14,9,0,23,0,30,9,0,39,32,0,32,71
10/09/2022,ENA,AK,AAL,WE,Federal Contract Tower,0,16,1,0,17,0,17,11,0,28,0,33,12,0,45,4,0,4,49
10/10/2022,ENA,AK,AAL,WE,Federal Contract Tower,0,25,1,0,26,0,39,25,0,64,0,64,26,0,90,18,4,22,112
10/11/2022,ENA,AK,AAL,WE,Federal Contract Tower,0,25,0,3,28,0,59,47,2,108,0,84,47,5,136,104,18,122,258
10/12/2022,ENA,AK,AAL,WE,Federal Contract Tower,0,19,0,0,19,0,66,14,0,80,0,85,14,0,99,42,0,42,141
10/13/2022,ENA,AK,AAL,WE,Federal Contract Tower,0,18,2,0,20,7,62,60,0,129,7,80,62,0,149,78,20,98,247
10/14/2022,ENA,AK,AAL,WE,Federal Contract Tower,0,17,4,0,21,4,60,21,0,85,4,77,25,0,106,114,0,114,220
10/15/2022,ENA,AK,AAL,WE,Federal Contract Tower,0,12,0,0,12,4,22,8,0,34,4,34,8,0,46,42,0,42,88
10/16/2022,ENA,AK,AAL,WE,Federal Contract Tower,0,16,0,0,16,0,15,18,0,33,0,31,18,0,49,62,0,62,111
10/17/2022,ENA,AK,AAL,WE,Federal Contract Tower,0,18,2,4,24,2,55,17,0,74,2,73,19,4,98,68,24,92,190
10/18/2022,ENA,AK,AAL,WE,Federal Contract Tower,0,18,0,0,18,6,74,20,0,100,6,92,20,0,118,116,0,116,234
10/19/2022,ENA,AK,AAL,WE,Federal Contract Tower,0,22,2,0,24,6,54,47,0,107,6,76,49,0,131,98,0,98,229
10/20/2022,ENA,AK,AAL,WE,Federal Contract Tower,4,55,2,0,61,2,37,27,0,66,6,92,29,0,127,92,0,92,219
10/21/2022,ENA,AK,AAL,WE,Federal Contract Tower,2,41,0,0,43,1,54,47,0,102,3,95,47,0,145,130,0,130,275
10/22/2022,ENA,AK,AAL,WE,Federal Contract Tower,0,13,9,0,22,1,12,76,0,89,1,25,85,0,111,10,0,10,121
10/23/2022,ENA,AK,AAL,WE,Federal Contract Tower,0,11,5,0,16,0,29,31,2,62,0,40,36,2,78,98,0,98,176
10/24/2022,ENA,AK,AAL,WE,Federal Contract Tower,0,18,3,0,21,0,59,32,0,91,0,77,35,0,112,154,4,158,270
10/25/2022,ENA,AK,AAL,WE,Federal Contract Tower,0,53,0,0,53,0,26,9,0,35,0,79,9,0,88,50,0,50,138
10/26/2022,ENA,AK,AAL,WE,Federal Contract Tower,0,43,1,0,44,0,46,18,0,64,0,89,19,0,108,22,0,22,130
10/27/2022,ENA,AK,AAL,WE,Federal Contract Tower,0,27,0,0,27,0,75,34,0,109,0,102,34,0,136,100,16,116,252
10/28/2022,ENA,AK,AAL,WE,Federal Contract Tower,0,28,0,0,28,3,61,23,0,87,3,89,23,0,115,68,0,68,183
10/29/2022,ENA,AK,AAL,WE,Federal Contract Tower,0,12,1,0,13,2,31,20,0,53,2,43,21,0,66,90,0,90,156
10/30/2022,ENA,AK,AAL,WE,Federal Contract Tower,0,11,2,0,13,0,43,28,0,71,0,54,30,0,84,46,0,46,130
10/31/2022,ENA,AK,AAL,WE,Federal Contract Tower,0,20,4,0,24,5,57,31,0,93,5,77,35,0,117,94,0,94,211
11/01/2022,ENA,AK,AAL,WE,Federal Contract Tower,0,21,1,0,22,3,56,22,0,81,3,77,23,0,103,72,2,74,177
11/02/2022,ENA,AK,AAL,WE,Federal Contract Tower,0,52,0,0,52,0,0,0,0,0,0,52,0,0,52,0,0,0,52
11/03/2022,ENA,AK,AAL,WE,Federal Contract Tower,0,28,0,0,28,0,62,13,2,77,0,90,13,2,105,10,0,10,115
11/04/2022,ENA,AK,AAL,WE,Federal Contract Tower,0,23,0,0,23,5,62,15,0,82,5,85,15,0,105,28,0,28,133
11/05/2022,ENA,AK,AAL,WE,Federal Contract Tower,0,14,0,0,14,0,19,0,0,19,0,33,0,0,33,6,0,6,39
11/06/2022,ENA,AK,AAL,WE,Federal Contract Tower,0,9,2,0,11,0,24,19,0,43,0,33,21,0,54,54,0,54,108
11/07/2022,ENA,AK,AAL,WE,Federal Contract Tower,0,37,1,0,38,0,30,9,0,39,0,67,10,0,77,18,0,18,95
11/08/2022,ENA,AK,AAL,WE,Federal Contract Tower,0,27,0,0,27,0,64,15,0,79,0,91,15,0,106,82,0,82,188
11/09/2022,ENA,AK,AAL,WE,Federal Contract Tower,0,46,0,0,46,0,27,2,0,29,0,73,2,0,75,10,0,10,85
11/10/2022,ENA,AK,AAL,WE,Federal Contract Tower,2,65,6,0,73,2,3,4,0,9,4,68,10,0,82,0,0,0,82
11/11/2022,ENA,AK,AAL,WE,Federal Contract Tower,0,29,0,0,29,2,37,9,0,48,2,66,9,0,77,40,0,40,117
11/12/2022,ENA,AK,AAL,WE,Federal Contract Tower,0,14,2,0,16,0,22,4,0,26,0,36,6,0,42,22,0,22,64
11/13/2022,ENA,AK,AAL,WE,Federal Contract Tower,0,26,0,0,26,0,3,2,0,5,0,29,2,0,31,14,0,14,45
11/14/2022,ENA,AK,AAL,WE,Federal Contract Tower,0,16,2,0,18,0,44,18,0,62,0,60,20,0,80,86,0,86,166
11/15/2022,ENA,AK,AAL,WE,Federal Contract Tower,0,24,0,0,24,2,71,24,0,97,2,95,24,0,121,74,8,82,203
11/16/2022,ENA,AK,AAL,WE,Federal Contract Tower,0,25,0,0,25,1,62,22,0,85,1,87,22,0,110,68,4,72,182
11/17/2022,ENA,AK,AAL,WE,Federal Contract Tower,0,24,2,0,26,0,51,29,2,82,0,75,31,2,108,104,6,110,218
11/18/2022,ENA,AK,AAL,WE,Federal Contract Tower,0,24,0,0,24,0,58,17,0,75,0,82,17,0,99,44,0,44,143
11/19/2022,ENA,AK,AAL,WE,Federal Contract Tower,0,11,0,0,11,4,24,12,0,40,4,35,12,0,51,62,0,62,113
11/20/2022,ENA,AK,AAL,WE,Federal Contract Tower,0,6,0,0,6,0,14,7,0,21,0,20,7,0,27,38,0,38,65
11/21/2022,ENA,AK,AAL,WE,Federal Contract Tower,0,24,0,1,25,0,42,19,1,62,0,66,19,2,87,70,10,80,167
11/22/2022,ENA,AK,AAL,WE,Federal Contract Tower,0,78,0,0,78,0,2,1,0,3,0,80,1,0,81,0,0,0,81
11/23/2022,ENA,AK,AAL,WE,Federal Contract Tower,1,35,4,0,40,1,41,12,0,54,2,76,16,0,94,12,0,12,106
11/24/2022,ENA,AK,AAL,WE,Federal Contract Tower,0,6,0,0,6,0,9,0,0,9,0,15,0,0,15,10,0,10,25
11/25/2022,ENA,AK,AAL,WE,Federal Contract Tower,0,42,0,0,42,0,6,5,0,11,0,48,5,0,53,14,0,14,67
11/26/2022,ENA,AK,AAL,WE,Federal Contract Tower,0,12,0,0,12,0,23,13,1,37,0,35,13,1,49,12,8,20,69
11/27/2022,ENA,AK,AAL,WE,Federal Contract Tower,0,12,1,0,13,0,27,22,0,49,0,39,23,0,62,20,0,20,82
11/28/2022,ENA,AK,AAL,WE,Federal Contract Tower,0,21,2,0,23,0,69,25,0,94,0,90,27,0,117,108,0,108,225
11/29/2022,ENA,AK,AAL,WE,Federal Contract Tower,0,22,2,0,24,0,65,14,3,82,0,87,16,3,106,50,6,56,162
11/30/2022,ENA,AK,AAL,WE,Federal Contract Tower,0,34,0,0,34,0,52,15,0,67,0,86,15,0,101,42,0,42,143
12/01/2022,ENA,AK,AAL,WE,Federal Contract Tower,0,27,0,4,31,2,56,12,0,70,2,83,12,4,101,68,0,68,169
12/02/2022,ENA,AK,AAL,WE,Federal Contract Tower,0,24,0,0,24,0,51,11,0,62,0,75,11,0,86,56,0,56,142
12/03/2022,ENA,AK,AAL,WE,Federal Contract Tower,0,16,2,0,18,2,29,13,0,44,2,45,15,0,62,36,0,36,98
12/04/2022,ENA,AK,AAL,WE,Federal Contract Tower,0,14,0,6,20,0,16,2,0,18,0,30,2,6,38,18,0,18,56
12/05/2022,ENA,AK,AAL,WE,Federal Contract Tower,0,48,0,0,48,0,0,0,0,0,0,48,0,0,48,0,0,0,48
12/06/2022,ENA,AK,AAL,WE,Federal Contract Tower,0,46,1,0,47,0,2,0,0,2,0,48,1,0,49,0,0,0,49
12/07/2022,ENA,AK,AAL,WE,Federal Contract Tower,0,29,0,0,29,2,58,19,0,79,2,87,19,0,108,32,0,32,140
12/08/2022,ENA,AK,AAL,WE,Federal Contract Tower,0,18,2,0,20,4,56,25,2,87,4,74,27,2,107,64,6,70,177
12/09/2022,ENA,AK,AAL,WE,Federal Contract Tower,0,12,0,0,12,2,58,15,0,75,2,70,15,0,87,46,0,46,133
12/10/2022,ENA,AK,AAL,WE,Federal Contract Tower,0,13,4,0,17,0,25,11,0,36,0,38,15,0,53,22,0,22,75
12/11/2022,ENA,AK,AAL,WE,Federal Contract Tower,0,9,0,0,9,0,0,0,0,0,0,9,0,0,9,0,0,0,9
12/12/2022,ENA,AK,AAL,WE,Federal Contract Tower,0,12,0,0,12,0,20,7,0,27,0,32,7,0,39,6,10,16,55
12/13/2022,ENA,AK,AAL,WE,Federal Contract Tower,0,54,0,0,54,0,8,2,0,10,0,62,2,0,64,2,0,2,66
12/14/2022,ENA,AK,AAL,WE,Federal Contract Tower,0,67,0,0,67,0,5,0,0,5,0,72,0,0,72,2,0,2,74
12/15/2022,ENA,AK,AAL,WE,Federal Contract Tower,0,34,1,0,35,0,45,10,0,55,0,79,11,0,90,12,0,12,102
12/16/2022,ENA,AK,AAL,WE,Federal Contract Tower,0,21,0,0,21,1,48,27,0,76,1,69,27,0,97,18,0,18,115
12/17/2022,ENA,AK,AAL,WE,Federal Contract Tower,0,17,0,0,17,0,14,10,0,24,0,31,10,0,41,16,0,16,57
12/18/2022,ENA,AK,AAL,WE,Federal Contract Tower,0,7,0,0,7,0,21,4,0,25,0,28,4,0,32,28,0,28,60
12/19/2022,ENA,AK,AAL,WE,Federal Contract Tower,0,31,0,2,33,0,35,6,0,41,0,66,6,2,74,36,22,58,132
12/20/2022,ENA,AK,AAL,WE,Federal Contract Tower,0,23,0,0,23,2,55,0,0,57,2,78,0,0,80,30,16,46,126
12/21/2022,ENA,AK,AAL,WE,Federal Contract Tower,0,22,0,0,22,3,59,10,0,72,3,81,10,0,94,74,0,74,168
12/22/2022,ENA,AK,AAL,WE,Federal Contract Tower,0,21,0,0,21,2,63,8,0,73,2,84,8,0,94,30,0,30,124
12/23/2022,ENA,AK,AAL,WE,Federal Contract Tower,0,11,0,0,11,0,20,2,0,22,0,31,2,0,33,0,0,0,33
12/24/2022,ENA,AK,AAL,WE,Federal Contract Tower,0,4,0,0,4,0,24,4,0,28,0,28,4,0,32,4,0,4,36
12/25/2022,ENA,AK,AAL,WE,Federal Contract Tower,0,0,0,0,0,0,2,2,0,4,0,2,2,0,4,0,0,0,4
12/26/2022,ENA,AK,AAL,WE,Federal Contract Tower,0,11,0,0,11,0,36,6,0,42,0,47,6,0,53,30,0,30,83
12/27/2022,ENA,AK,AAL,WE,Federal Contract Tower,0,44,0,0,44,0,5,0,0,5,0,49,0,0,49,4,0,4,53
12/28/2022,ENA,AK,AAL,WE,Federal Contract Tower,0,15,0,0,15,0,56,24,0,80,0,71,24,0,95,64,0,64,159
12/29/2022,ENA,AK,AAL,WE,Federal Contract Tower,0,12,0,0,12,0,56,10,0,66,0,68,10,0,78,50,6,56,134
12/30/2022,ENA,AK,AAL,WE,Federal Contract Tower,0,9,1,0,10,1,53,17,0,71,1,62,18,0,81,60,0,60,141
12/31/2022,ENA,AK,AAL,WE,Federal Contract Tower,0,2,0,0,2,0,25,14,0,39,0,27,14,0,41,48,0,48,89
01/01/2023,ENA,AK,AAL,WE,Federal Contract Tower,0,4,0,0,4,0,2,1,0,3,0,6,1,0,7,6,0,6,13
01/02/2023,ENA,AK,AAL,WE,Federal Contract Tower,0,6,2,0,8,0,50,21,0,71,0,56,23,0,79,44,2,46,125
01/03/2023,ENA,AK,AAL,WE,Federal Contract Tower,0,14,0,0,14,0,55,13,0,68,0,69,13,0,82,54,0,54,136
01/04/2023,ENA,AK,AAL,WE,Federal Contract Tower,0,10,1,1,12,2,65,15,2,84,2,75,16,3,96,38,10,48,144
01/05/2023,ENA,AK,AAL,WE,Federal Contract Tower,0,11,0,3,14,0,82,22,0,104,0,93,22,3,118,86,16,102,220
01/06/2023,ENA,AK,AAL,WE,Federal Contract Tower,0,24,0,0,24,1,43,19,1,64,1,67,19,1,88,72,0,72,160
01/07/2023,ENA,AK,AAL,WE,Federal Contract Tower,0,4,0,0,4,2,30,21,0,53,2,34,21,0,57,34,0,34,91
01/08/2023,ENA,AK,AAL,WE,Federal Contract Tower,0,16,0,0,16,0,17,13,0,30,0,33,13,0,46,62,2,64,110
01/09/2023,ENA,AK,AAL,WE,Federal Contract Tower,0,9,0,0,9,0,52,16,2,70,0,61,16,2,79,14,4,18,97
01/10/2023,ENA,AK,AAL,WE,Federal Contract Tower,0,17,5,2,24,0,53,12,0,65,0,70,17,2,89,34,14,48,137
01/11/2023,ENA,AK,AAL,WE,Federal Contract Tower,0,43,7,0,50,0,23,1,0,24,0,66,8,0,74,0,0,0,74
01/12/2023,ENA,AK,AAL,WE,Federal Contract Tower,0,21,0,0,21,0,67,34,0,101,0,88,34,0,122,70,0,70,192
01/13/2023,ENA,AK,AAL,WE,Federal Contract Tower,0,17,2,2,21,2,49,35,0,86,2,66,37,2,107,60,0,60,167
01/14/2023,ENA,AK,AAL,WE,Federal Contract Tower,0,23,2,0,25,0,2,3,0,5,0,25,5,0,30,6,0,6,36
01/15/2023,ENA,AK,AAL,WE,Federal Contract Tower,0,6,2,0,8,0,25,17,0,42,0,31,19,0,50,46,0,46,96
01/16/2023,ENA,AK,AAL,WE,Federal Contract Tower,0,15,7,0,22,4,54,38,0,96,4,69,45,0,118,76,0,76,194
01/17/2023,ENA,AK,AAL,WE,Federal Contract Tower,0,21,1,0,22,4,65,30,0,99,4,86,31,0,121,52,6,58,179
01/18/2023,ENA,AK,AAL,WE,Federal Contract Tower,0,24,2,0,26,1,48,34,0,83,1,72,36,0,109,48,0,48,157
01/19/2023,ENA,AK,AAL,WE,Federal Contract Tower,0,24,0,0,24,0,58,22,0,80,0,82,22,0,104,50,8,58,162
01/20/2023,ENA,AK,AAL,WE,Federal Contract Tower,0,45,1,1,47,0,28,13,1,42,0,73,14,2,89,24,6,30,119
01/21/2023,ENA,AK,AAL,WE,Federal Contract Tower,0,9,2,0,11,5,20,40,0,65,5,29,42,0,76,54,0,54,130
01/22/2023,ENA,AK,AAL,WE,Federal Contract Tower,0,15,0,0,15,0,18,5,0,23,0,33,5,0,38,12,0,12,50
01/23/2023,ENA,AK,AAL,WE,Federal Contract Tower,0,48,0,0,48,0,14,7,0,21,0,62,7,0,69,10,0,10,79
01/24/2023,ENA,AK,AAL,WE,Federal Contract Tower,0,29,0,0,29,0,52,23,0,75,0,81,23,0,104,50,0,50,154
01/25/2023,ENA,AK,AAL,WE,Federal Contract Tower,0,30,0,6,36,0,41,27,1,69,0,71,27,7,105,32,36,68,173
01/26/2023,ENA,AK,AAL,WE,Federal Contract Tower,0,21,0,0,21,5,44,26,0,75,5,65,26,0,96,78,0,78,174
01/27/2023,ENA,AK,AAL,WE,Federal Contract Tower,0,42,0,0,42,6,38,26,0,70,6,80,26,0,112,54,0,54,166
01/28/2023,ENA,AK,AAL,WE,Federal Contract Tower,0,22,2,0,24,8,24,15,0,47,8,46,17,0,71,46,0,46,117
01/29/2023,ENA,AK,AAL,WE,Federal Contract Tower,0,22,0,0,22,0,13,6,0,19,0,35,6,0,41,42,0,42,83
01/30/2023,ENA,AK,AAL,WE,Federal Contract Tower,0,33,0,0,33,0,40,17,0,57,0,73,17,0,90,24,18,42,132
01/31/2023,ENA,AK,AAL,WE,Federal Contract Tower,2,23,2,0,27,2,23,26,0,51,4,46,28,0,78,60,4,64,142
02/01/2023,ENA,AK,AAL,WE,Federal Contract Tower,0,59,0,6,65,0,30,9,2,41,0,89,9,8,106,32,6,38,144
02/02/2023,ENA,AK,AAL,WE,Federal Contract Tower,0,65,2,0,67,0,6,14,0,20,0,71,16,0,87,6,0,6,93
02/03/2023,ENA,AK,AAL,WE,Federal Contract Tower,49,0,0,0,49,0,11,2,0,13,49,11,2,0,62,10,0,10,72
02/04/2023,ENA,AK,AAL,WE,Federal Contract Tower,0,26,0,0,26,0,8,10,0,18,0,34,10,0,44,60,0,60,104
02/05/2023,ENA,AK,AAL,WE,Federal Contract Tower,0,10,0,0,10,0,17,2,0,19,0,27,2,0,29,6,0,6,35
02/06/2023,ENA,AK,AAL,WE,Federal Contract Tower,0,50,0,0,50,0,9,0,0,9,0,59,0,0,59,8,0,8,67
02/07/2023,ENA,AK,AAL,WE,Federal Contract Tower,0,59,1,0,60,0,10,3,0,13,0,69,4,0,73,2,0,2,75
02/08/2023,ENA,AK,AAL,WE,Federal Contract Tower,0,44,0,0,44,6,38,29,0,73,6,82,29,0,117,52,0,52,169
02/09/2023,ENA,AK,AAL,WE,Federal Contract Tower,0,68,0,0,68,4,26,6,0,36,4,94,6,0,104,32,0,32,136
02/10/2023,ENA,AK,AAL,WE,Federal Contract Tower,0,37,0,0,37,0,29,1,0,30,0,66,1,0,67,0,0,0,67
02/11/2023,ENA,AK,AAL,WE,Federal Contract Tower,0,28,0,0,28,0,4,0,0,4,0,32,0,0,32,0,0,0,32
02/12/2023,ENA,AK,AAL,WE,Federal Contract Tower,0,23,0,0,23,0,7,8,0,15,0,30,8,0,38,20,0,20,58
02/13/2023,ENA,AK,AAL,WE,Federal Contract Tower,0,24,2,0,26,2,68,23,0,93,2,92,25,0,119,66,0,66,185
02/14/2023,ENA,AK,AAL,WE,Federal Contract Tower,0,47,0,0,47,0,14,0,0,14,0,61,0,0,61,8,0,8,69
02/15/2023,ENA,AK,AAL,WE,Federal Contract Tower,0,76,1,0,77,2,17,11,0,30,2,93,12,0,107,12,0,12,119
02/16/2023,ENA,AK,AAL,WE,Federal Contract Tower,0,40,0,0,40,2,40,31,0,73,2,80,31,0,113,76,0,76,189
02/17/2023,ENA,AK,AAL,WE,Federal Contract Tower,0,42,0,0,42,0,21,16,0,37,0,63,16,0,79,10,0,10,89
02/18/2023,ENA,AK,AAL,WE,Federal Contract Tower,0,17,0,2,19,0,0,0,0,0,0,17,0,2,19,0,0,0,19
02/19/2023,ENA,AK,AAL,WE,Federal Contract Tower,0,29,0,0,29,0,5,7,0,12,0,34,7,0,41,32,0,32,73
02/20/2023,ENA,AK,AAL,WE,Federal Contract Tower,0,36,3,0,39,0,47,36,0,83,0,83,39,0,122,82,0,82,204
02/21/2023,ENA,AK,AAL,WE,Federal Contract Tower,0,28,1,0,29,2,60,26,0,88,2,88,27,0,117,62,2,64,181
02/22/2023,ENA,AK,AAL,WE,Federal Contract Tower,0,28,3,0,31,1,47,14,0,62,1,75,17,0,93,48,0,48,141
02/23/2023,ENA,AK,AAL,WE,Federal Contract Tower,0,58,3,0,61,0,2,0,0,2,0,60,3,0,63,0,0,0,63
02/24/2023,ENA,AK,AAL,WE,Federal Contract Tower,0,54,0,0,54,0,4,0,0,4,0,58,0,0,58,4,0,4,62
02/25/2023,ENA,AK,AAL,WE,Federal Contract Tower,0,20,0,0,20,0,33,14,0,47,0,53,14,0,67,84,0,84,151
02/26/2023,ENA,AK,AAL,WE,Federal Contract Tower,0,12,4,0,16,0,25,18,0,43,0,37,22,0,59,44,0,44,103
02/27/2023,ENA,AK,AAL,WE,Federal Contract Tower,0,22,0,5,27,0,61,39,0,100,0,83,39,5,127,86,8,94,221
02/28/2023,ENA,AK,AAL,WE,Federal Contract Tower,0,41,0,0,41,0,3,0,0,3,0,44,0,0,44,0,0,0,44
03/01/2023,ENA,AK,AAL,WE,Federal Contract Tower,0,39,0,2,41,5,42,9,0,56,5,81,9,2,97,18,0,18,115
03/02/2023,ENA,AK,AAL,WE,Federal Contract Tower,0,14,0,0,14,4,60,29,0,93,4,74,29,0,107,76,4,80,187
03/03/2023,ENA,AK,AAL,WE,Federal Contract Tower,0,17,2,2,21,5,60,41,2,108,5,77,43,4,129,54,12,66,195
03/04/2023,ENA,AK,AAL,WE,Federal Contract Tower,0,6,1,0,7,3,38,29,0,70,3,44,30,0,77,58,0,58,135
03/05/2023,ENA,AK,AAL,WE,Federal Contract Tower,0,9,0,0,9,0,27,29,0,56,0,36,29,0,65,82,0,82,147
03/06/2023,ENA,AK,AAL,WE,Federal Contract Tower,0,20,0,0,20,4,65,17,0,86,4,85,17,0,106,86,2,88,194
03/07/2023,ENA,AK,AAL,WE,Federal Contract Tower,0,16,1,0,17,1,61,25,0,87,1,77,26,0,104,46,0,46,150
03/08/2023,ENA,AK,AAL,WE,Federal Contract Tower,0,26,2,0,28,0,50,43,0,93,0,76,45,0,121,112,0,112,233
03/09/2023,ENA,AK,AAL,WE,Federal Contract Tower,0,20,6,0,26,0,62,35,0,97,0,82,41,0,123,98,0,98,221
03/10/2023,ENA,AK,AAL,WE,Federal Contract Tower,0,18,0,0,18,0,51,4,0,55,0,69,4,0,73,50,0,50,123
03/11/2023,ENA,AK,AAL,WE,Federal Contract Tower,0,8,2,0,10,2,37,40,0,79,2,45,42,0,89,106,0,106,195
03/12/2023,ENA,AK,AAL,WE,Federal Contract Tower,0,9,3,0,12,0,23,15,0,38,0,32,18,0,50,68,0,68,118
03/13/2023,ENA,AK,AAL,WE,Federal Contract Tower,0,15,2,0,17,4,54,29,0,87,4,69,31,0,104,58,0,58,162
03/14/2023,ENA,AK,AAL,WE,Federal Contract Tower,0,17,4,0,21,5,50,14,0,69,5,67,18,0,90,52,2,54,144
03/15/2023,ENA,AK,AAL,WE,Federal Contract Tower,0,23,0,0,23,2,60,16,0,78,2,83,16,0,101,84,10,94,195
03/16/2023,ENA,AK,AAL,WE,Federal Contract Tower,0,18,4,0,22,0,54,22,0,76,0,72,26,0,98,90,4,94,192
03/17/2023,ENA,AK,AAL,WE,Federal Contract Tower,0,26,0,0,26,0,10,4,0,14,0,36,4,0,40,0,0,0,40
03/18/2023,ENA,AK,AAL,WE,Federal Contract Tower,0,6,0,0,6,0,22,6,0,28,0,28,6,0,34,38,0,38,72
03/19/2023,ENA,AK,AAL,WE,Federal Contract Tower,0,11,0,0,11,0,24,18,0,42,0,35,18,0,53,52,0,52,105
03/20/2023,ENA,AK,AAL,WE,Federal Contract Tower,0,21,2,0,23,0,55,33,0,88,0,76,35,0,111,76,6,82,193
03/21/2023,ENA,AK,AAL,WE,Federal Contract Tower,0,20,0,0,20,2,62,20,0,84,2,82,20,0,104,84,4,88,192
03/22/2023,ENA,AK,AAL,WE,Federal Contract Tower,0,31,4,0,35,0,38,5,0,43,0,69,9,0,78,18,0,18,96
03/23/2023,ENA,AK,AAL,WE,Federal Contract Tower,0,21,2,4,27,0,60,17,2,79,0,81,19,6,106,88,2,90,196
03/24/2023,ENA,AK,AAL,WE,Federal Contract Tower,0,33,0,0,33,0,42,13,0,55,0,75,13,0,88,56,0,56,144
03/25/2023,ENA,AK,AAL,WE,Federal Contract Tower,0,7,6,0,13,0,29,43,0,72,0,36,49,0,85,88,2,90,175
03/26/2023,ENA,AK,AAL,WE,Federal Contract Tower,0,8,3,0,11,0,19,18,0,37,0,27,21,0,48,54,0,54,102
03/27/2023,ENA,AK,AAL,WE,Federal Contract Tower,0,28,0,0,28,0,61,26,2,89,0,89,26,2,117,94,0,94,211
03/28/2023,ENA,AK,AAL,WE,Federal Contract Tower,0,40,0,0,40,0,29,15,0,44,0,69,15,0,84,44,8,52,136
03/29/2023,ENA,AK,AAL,WE,Federal Contract Tower,0,41,0,0,41,0,51,27,0,78,0,92,27,0,119,84,0,84,203
03/30/2023,ENA,AK,AAL,WE,Federal Contract Tower,0,57,10,0,67,0,11,6,0,17,0,68,16,0,84,26,0,26,110
03/31/2023,ENA,AK,AAL,WE,Federal Contract Tower,0,37,0,0,37,0,51,13,0,64,0,88,13,0,101,94,0,94,195
04/01/2023,ENA,AK,AAL,WE,Federal Contract Tower,0,9,0,0,9,3,51,36,2,92,3,60,36,2,101,116,0,116,217
04/02/2023,ENA,AK,AAL,WE,Federal Contract Tower,0,7,1,0,8,0,25,17,0,42,0,32,18,0,50,136,0,136,186
04/03/2023,ENA,AK,AAL,WE,Federal Contract Tower,0,16,0,0,16,0,67,19,0,86,0,83,19,0,102,80,0,80,182
04/04/2023,ENA,AK,AAL,WE,Federal Contract Tower,0,26,0,0,26,0,62,17,0,79,0,88,17,0,105,86,0,86,191
04/05/2023,ENA,AK,AAL,WE,Federal Contract Tower,0,53,0,0,53,2,18,17,0,37,2,71,17,0,90,34,0,34,124
04/06/2023,ENA,AK,AAL,WE,Federal Contract Tower,3,50,0,0,53,8,62,32,0,102,11,112,32,0,155,106,0,106,261
04/07/2023,ENA,AK,AAL,WE,Federal Contract Tower,0,19,0,0,19,3,64,36,2,105,3,83,36,2,124,78,0,78,202
04/08/2023,ENA,AK,AAL,WE,Federal Contract Tower,0,10,0,0,10,4,27,23,0,54,4,37,23,0,64,32,0,32,96
04/09/2023,ENA,AK,AAL,WE,Federal Contract Tower,0,17,2,0,19,0,14,6,0,20,0,31,8,0,39,34,0,34,73
04/10/2023,ENA,AK,AAL,WE,Federal Contract Tower,1,38,0,0,39,1,21,0,0,22,2,59,0,0,61,2,0,2,63
04/11/2023,ENA,AK,AAL,WE,Federal Contract Tower,2,49,0,2,53,0,26,14,2,42,2,75,14,4,95,20,14,34,129
04/12/2023,ENA,AK,AAL,WE,Federal Contract Tower,0,39,3,0,42,3,38,32,0,73,3,77,35,0,115,56,2,58,173
04/13/2023,ENA,AK,AAL,WE,Federal Contract Tower,1,57,0,0,58,0,6,2,0,8,1,63,2,0,66,4,0,4,70
04/14/2023,ENA,AK,AAL,WE,Federal Contract Tower,0,46,0,0,46,0,19,2,0,21,0,65,2,0,67,22,0,22,89
04/15/2023,ENA,AK,AAL,WE,Federal Contract Tower,0,5,7,0,12,2,53,24,0,79,2,58,31,0,91,88,0,88,179
04/16/2023,ENA,AK,AAL,WE,Federal Contract Tower,0,11,0,0,11,0,40,15,0,55,0,51,15,0,66,46,0,46,112
04/17/2023,ENA,AK,AAL,WE,Federal Contract Tower,0,13,0,1,14,0,78,35,0,113,0,91,35,1,127,126,2,128,255
04/18/2023,ENA,AK,AAL,WE,Federal Contract Tower,0,18,3,0,21,0,69,42,0,111,0,87,45,0,132,54,0,54,186
04/19/2023,ENA,AK,AAL,WE,Federal Contract Tower,0,20,0,1,21,6,57,52,3,118,6,77,52,4,139,76,10,86,225
04/20/2023,ENA,AK,AAL,WE,Federal Contract Tower,0,17,2,0,19,5,72,40,0,117,5,89,42,0,136,96,0,96,232
04/21/2023,ENA,AK,AAL,WE,Federal Contract Tower,0,16,2,0,18,6,51,43,0,100,6,67,45,0,118,96,0,96,214
04/22/2023,ENA,AK,AAL,WE,Federal Contract Tower,0,7,2,0,9,3,36,21,0,60,3,43,23,0,69,26,0,26,95
04/23/2023,ENA,AK,AAL,WE,Federal Contract Tower,0,16,0,0,16,0,34,3,0,37,0,50,3,0,53,48,0,48,101
04/24/2023,ENA,AK,AAL,WE,Federal Contract Tower,0,17,4,4,25,5,73,46,0,124,5,90,50,4,149,38,0,38,187
04/25/2023,ENA,AK,AAL,WE,Federal Contract Tower,0,24,4,0,28,12,61,22,0,95,12,85,26,0,123,77,0,77,200
04/26/2023,ENA,AK,AAL,WE,Federal Contract Tower,0,22,3,3,28,0,59,27,0,86,0,81,30,3,114,92,8,100,214
04/27/2023,ENA,AK,AAL,WE,Federal Contract Tower,0,14,0,0,14,0,62,42,0,104,0,76,42,0,118,142,4,146,264
04/28/2023,ENA,AK,AAL,WE,Federal Contract Tower,0,17,1,0,18,0,64,32,0,96,0,81,33,0,114,84,0,84,198
04/29/2023,ENA,AK,AAL,WE,Federal Contract Tower,0,4,0,0,4,0,34,36,0,70,0,38,36,0,74,28,0,28,102
04/30/2023,ENA,AK,AAL,WE,Federal Contract Tower,0,14,1,0,15,0,24,34,0,58,0,38,35,0,73,64,0,64,137
05/01/2023,ENA,AK,AAL,WE,Federal Contract Tower,0,23,0,0,23,0,77,26,2,105,0,100,26,2,128,94,0,94,222
05/02/2023,ENA,AK,AAL,WE,Federal Contract Tower,0,17,1,0,18,5,67,21,0,93,5,84,22,0,111,90,0,90,201
05/03/2023,ENA,AK,AAL,WE,Federal Contract Tower,0,46,0,3,49,0,46,28,5,79,0,92,28,8,128,108,2,110,238
05/04/2023,ENA,AK,AAL,WE,Federal Contract Tower,0,20,2,0,22,4,86,48,0,138,4,106,50,0,160,159,0,159,319
05/05/2023,ENA,AK,AAL,WE,Federal Contract Tower,0,14,3,3,20,3,85,53,1,142,3,99,56,4,162,105,12,117,279
05/06/2023,ENA,AK,AAL,WE,Federal Contract Tower,0,19,0,0,19,0,35,19,0,54,0,54,19,0,73,56,0,56,129
05/07/2023,ENA,AK,AAL,WE,Federal Contract Tower,0,14,0,0,14,0,43,35,0,78,0,57,35,0,92,68,0,68,160
05/08/2023,ENA,AK,AAL,WE,Federal Contract Tower,0,12,2,0,14,2,66,39,0,107,2,78,41,0,121,70,0,70,191
05/09/2023,ENA,AK,AAL,WE,Federal Contract Tower,0,18,0,1,19,2,64,22,3,91,2,82,22,4,110,71,26,97,207
05/10/2023,ENA,AK,AAL,WE,Federal Contract Tower,0,14,1,0,15,2,82,27,0,111,2,96,28,0,126,105,0,105,231
05/11/2023,ENA,AK,AAL,WE,Federal Contract Tower,0,22,2,0,24,4,91,65,2,162,4,113,67,2,186,242,0,242,428
05/12/2023,ENA,AK,AAL,WE,Federal Contract Tower,0,15,6,0,21,3,72,39,1,115,3,87,45,1,136,113,0,113,249
05/13/2023,ENA,AK,AAL,WE,Federal Contract Tower,0,4,3,0,7,0,46,44,0,90,0,50,47,0,97,48,0,48,145
05/14/2023,ENA,AK,AAL,WE,Federal Contract Tower,0,4,0,0,4,0,30,26,0,56,0,34,26,0,60,32,0,32,92
05/15/2023,ENA,AK,AAL,WE,Federal Contract Tower,0,18,2,1,21,1,90,44,0,135,1,108,46,1,156,78,8,86,242
05/16/2023,ENA,AK,AAL,WE,Federal Contract Tower,0,47,5,4,56,0,55,28,0,83,0,102,33,4,139,42,0,42,181
05/17/2023,ENA,AK,AAL,WE,Federal Contract Tower,0,22,2,0,24,0,57,84,0,141,0,79,86,0,165,84,0,84,249
05/18/2023,ENA,AK,AAL,WE,Federal Contract Tower,0,17,2,1,20,4,88,70,2,164,4,105,72,3,184,203,10,213,397
05/19/2023,ENA,AK,AAL,WE,Federal Contract Tower,0,22,4,0,26,3,67,37,0,107,3,89,41,0,133,88,0,88,221
05/20/2023,ENA,AK,AAL,WE,Federal Contract Tower,0,8,2,2,12,0,53,40,3,96,0,61,42,5,108,110,14,124,232
05/21/2023,ENA,AK,AAL,WE,Federal Contract Tower,0,12,1,2,15,0,38,60,0,98,0,50,61,2,113,98,2,100,213
05/22/2023,ENA,AK,AAL,WE,Federal Contract Tower,0,12,2,2,16,1,73,46,0,120,1,85,48,2,136,98,0,98,234
05/23/2023,ENA,AK,AAL,WE,Federal Contract Tower,0,22,3,0,25,0,100,27,0,127,0,122,30,0,152,117,2,119,271
05/24/2023,ENA,AK,AAL,WE,Federal Contract Tower,0,22,2,2,26,0,66,53,8,127,0,88,55,10,153,96,8,104,257
05/25/2023,ENA,AK,AAL,WE,Federal Contract Tower,0,57,10,0,67,0,26,10,1,37,0,83,20,1,104,10,4,14,118
05/26/2023,ENA,AK,AAL,WE,Federal Contract Tower,0,62,3,0,65,3,29,12,0,44,3,91,15,0,109,40,0,40,149
05/27/2023,ENA,AK,AAL,WE,Federal Contract Tower,0,16,0,0,16,0,38,27,0,65,0,54,27,0,81,38,0,38,119
05/28/2023,ENA,AK,AAL,WE,Federal Contract Tower,0,19,0,0,19,0,26,30,0,56,0,45,30,0,75,26,0,26,101
05/29/2023,ENA,AK,AAL,WE,Federal Contract Tower,0,12,1,0,13,0,65,53,0,118,0,77,54,0,131,102,0,102,233
05/31/2023,ENA,AK,AAL,WE,Federal Contract Tower,0,21,1,0,22,4,76,43,0,123,4,97,44,0,145,79,8,87,232
06/01/2023,ENA,AK,AAL,WE,Federal Contract Tower,0,22,0,3,25,3,77,39,0,119,3,99,39,3,144,56,12,68,212
06/02/2023,ENA,AK,AAL,WE,Federal Contract Tower,0,23,0,0,23,0,69,21,0,90,0,92,21,0,113,90,0,90,203
06/03/2023,ENA,AK,AAL,WE,Federal Contract Tower,0,12,7,0,19,2,40,37,0,79,2,52,44,0,98,53,0,53,151
06/04/2023,ENA,AK,AAL,WE,Federal Contract Tower,0,12,4,0,16,0,31,52,0,83,0,43,56,0,99,44,0,44,143
06/05/2023,ENA,AK,AAL,WE,Federal Contract Tower,0,18,6,0,24,2,86,38,0,126,2,104,44,0,150,121,0,121,271
06/06/2023,ENA,AK,AAL,WE,Federal Contract Tower,0,17,1,4,22,3,92,29,0,124,3,109,30,4,146,33,0,33,179
06/07/2023,ENA,AK,AAL,WE,Federal Contract Tower,1,20,0,0,21,3,79,37,0,119,4,99,37,0,140,84,0,84,224
06/08/2023,ENA,AK,AAL,WE,Federal Contract Tower,1,31,2,0,34,4,56,36,0,96,5,87,38,0,130,71,0,71,201
06/09/2023,ENA,AK,AAL,WE,Federal Contract Tower,0,22,0,1,23,1,66,61,0,128,1,88,61,1,151,95,2,97,248
06/10/2023,ENA,AK,AAL,WE,Federal Contract Tower,0,13,3,0,16,0,56,85,0,141,0,69,88,0,157,43,0,43,200
06/11/2023,ENA,AK,AAL,WE,Federal Contract Tower,0,6,0,0,6,0,41,13,0,54,0,47,13,0,60,58,0,58,118
06/12/2023,ENA,AK,AAL,WE,Federal Contract Tower,0,10,6,6,22,0,74,30,2,106,0,84,36,8,128,101,8,109,237
06/13/2023,ENA,AK,AAL,WE,Federal Contract Tower,0,26,2,5,33,85,30,0,0,115,85,56,2,5,148,43,14,57,205
06/14/2023,ENA,AK,AAL,WE,Federal Contract Tower,0,17,2,0,19,4,74,51,0,129,4,91,53,0,148,45,8,53,201
06/15/2023,ENA,AK,AAL,WE,Federal Contract Tower,0,20,0,0,20,0,75,49,0,124,0,95,49,0,144,74,0,74,218
06/16/2023,ENA,AK,AAL,WE,Federal Contract Tower,0,19,0,0,19,4,70,51,0,125,4,89,51,0,144,117,0,117,261
06/17/2023,ENA,AK,AAL,WE,Federal Contract Tower,0,10,2,0,12,4,33,49,0,86,4,43,51,0,98,47,0,47,145
06/18/2023,ENA,AK,AAL,WE,Federal Contract Tower,0,10,2,0,12,0,39,47,0,86,0,49,49,0,98,40,0,40,138
06/19/2023,ENA,AK,AAL,WE,Federal Contract Tower,0,18,0,0,18,5,75,64,0,144,5,93,64,0,162,65,0,65,227
06/21/2023,ENA,AK,AAL,WE,Federal Contract Tower,0,87,5,0,92,0,9,4,0,13,0,96,9,0,105,22,0,22,127
06/22/2023,ENA,AK,AAL,WE,Federal Contract Tower,0,69,5,1,75,0,22,5,1,28,0,91,10,2,103,14,2,16,119
06/23/2023,ENA,AK,AAL,WE,Federal Contract Tower,0,27,0,0,27,2,75,53,0,130,2,102,53,0,157,115,0,115,272
06/24/2023,ENA,AK,AAL,WE,Federal Contract Tower,0,25,1,0,26,2,45,24,0,71,2,70,25,0,97,89,0,89,186
06/25/2023,ENA,AK,AAL,WE,Federal Contract Tower,0,16,0,0,16,0,39,15,0,54,0,55,15,0,70,48,0,48,118
06/26/2023,ENA,AK,AAL,WE,Federal Contract Tower,0,18,2,0,20,3,74,54,0,131,3,92,56,0,151,58,14,72,223
06/27/2023,ENA,AK,AAL,WE,Federal Contract Tower,0,56,4,2,62,0,46,4,0,50,0,102,8,2,112,32,0,32,144
06/28/2023,ENA,AK,AAL,WE,Federal Contract Tower,0,77,7,1,85,0,28,23,0,51,0,105,30,1,136,42,0,42,178
06/29/2023,ENA,AK,AAL,WE,Federal Contract Tower,0,70,4,0,74,0,22,23,0,45,0,92,27,0,119,36,0,36,155
06/30/2023,ENA,AK,AAL,WE,Federal Contract Tower,0,29,1,0,30,5,88,75,0,168,5,117,76,0,198,70,0,70,268
07/01/2023,ENA,AK,AAL,WE,Federal Contract Tower,0,15,0,0,15,1,59,76,0,136,1,74,76,0,151,76,0,76,227
07/02/2023,ENA,AK,AAL,WE,Federal Contract Tower,0,7,2,0,9,0,37,21,0,58,0,44,23,0,67,24,0,24,91
07/03/2023,ENA,AK,AAL,WE,Federal Contract Tower,0,31,1,0,32,2,67,25,0,94,2,98,26,0,126,80,8,88,214
07/04/2023,ENA,AK,AAL,WE,Federal Contract Tower,0,18,3,0,21,0,29,27,0,56,0,47,30,0,77,6,0,6,83
07/05/2023,ENA,AK,AAL,WE,Federal Contract Tower,1,33,3,0,37,0,70,40,0,110,1,103,43,0,147,136,0,136,283
07/06/2023,ENA,AK,AAL,WE,Federal Contract Tower,0,88,3,0,91,0,0,1,0,1,0,88,4,0,92,0,0,0,92
07/07/2023,ENA,AK,AAL,WE,Federal Contract Tower,0,42,0,0,42,0,72,43,0,115,0,114,43,0,157,84,0,84,241
07/08/2023,ENA,AK,AAL,WE,Federal Contract Tower,0,15,5,0,20,2,65,54,0,121,2,80,59,0,141,76,0,76,217
07/09/2023,ENA,AK,AAL,WE,Federal Contract Tower,0,15,4,0,19,0,45,55,0,100,0,60,59,0,119,37,0,37,156
07/10/2023,ENA,AK,AAL,WE,Federal Contract Tower,0,66,4,0,70,0,22,24,0,46,0,88,28,0,116,52,0,52,168
07/11/2023,ENA,AK,AAL,WE,Federal Contract Tower,0,33,2,2,37,0,68,36,0,104,0,101,38,2,141,110,0,110,251
07/12/2023,ENA,AK,AAL,WE,Federal Contract Tower,0,42,1,2,45,6,68,75,2,151,6,110,76,4,196,78,6,84,280
07/13/2023,ENA,AK,AAL,WE,Federal Contract Tower,0,29,4,0,33,3,83,81,0,167,3,112,85,0,200,98,0,98,298
07/14/2023,ENA,AK,AAL,WE,Federal Contract Tower,0,29,5,0,34,0,78,46,0,124,0,107,51,0,158,110,4,114,272
07/15/2023,ENA,AK,AAL,WE,Federal Contract Tower,0,55,0,0,55,0,0,0,0,0,0,55,0,0,55,0,0,0,55
07/16/2023,ENA,AK,AAL,WE,Federal Contract Tower,0,42,0,0,42,0,27,8,0,35,0,69,8,0,77,56,0,56,133
07/17/2023,ENA,AK,AAL,WE,Federal Contract Tower,0,38,4,1,43,0,62,44,1,107,0,100,48,2,150,130,8,138,288
07/18/2023,ENA,AK,AAL,WE,Federal Contract Tower,0,28,2,0,30,4,75,70,0,149,4,103,72,0,179,106,0,106,285
07/19/2023,ENA,AK,AAL,WE,Federal Contract Tower,0,37,2,1,40,0,56,39,0,95,0,93,41,1,135,70,0,70,205
07/20/2023,ENA,AK,AAL,WE,Federal Contract Tower,0,51,5,2,58,0,42,44,0,86,0,93,49,2,144,124,0,124,268
07/21/2023,ENA,AK,AAL,WE,Federal Contract Tower,0,36,8,0,44,0,77,104,0,181,0,113,112,0,225,104,0,104,329
07/22/2023,ENA,AK,AAL,WE,Federal Contract Tower,0,19,2,0,21,0,49,77,0,126,0,68,79,0,147,100,0,100,247
07/23/2023,ENA,AK,AAL,WE,Federal Contract Tower,0,22,1,0,23,0,31,48,0,79,0,53,49,0,102,18,0,18,120
07/24/2023,ENA,AK,AAL,WE,Federal Contract Tower,0,26,9,3,38,0,76,54,3,133,0,102,63,6,171,72,10,82,253
07/25/2023,ENA,AK,AAL,WE,Federal Contract Tower,0,29,6,0,35,0,75,62,0,137,0,104,68,0,172,43,2,45,217
07/26/2023,ENA,AK,AAL,WE,Federal Contract Tower,4,65,25,0,94,0,14,10,0,24,4,79,35,0,118,28,0,28,146
07/27/2023,ENA,AK,AAL,WE,Federal Contract Tower,0,41,2,0,43,0,72,37,0,109,0,113,39,0,152,74,10,84,236
07/28/2023,ENA,AK,AAL,WE,Federal Contract Tower,0,57,11,0,68,0,45,32,0,77,0,102,43,0,145,24,0,24,169
07/29/2023,ENA,AK,AAL,WE,Federal Contract Tower,0,52,8,0,60,0,19,16,0,35,0,71,24,0,95,24,0,24,119
07/30/2023,ENA,AK,AAL,WE,Federal Contract Tower,0,28,4,0,32,0,49,33,0,82,0,77,37,0,114,42,0,42,156
07/31/2023,ENA,AK,AAL,WE,Federal Contract Tower,0,34,0,0,34,0,73,33,0,106,0,107,33,0,140,90,8,98,238
08/01/2023,ENA,AK,AAL,WE,Federal Contract Tower,0,32,0,0,32,0,94,49,0,143,0,126,49,0,175,58,0,58,233
08/02/2023,ENA,AK,AAL,WE,Federal Contract Tower,0,51,9,0,60,0,58,19,2,79,0,109,28,2,139,42,10,52,191
08/03/2023,ENA,AK,AAL,WE,Federal Contract Tower,0,50,1,8,59,0,71,43,2,116,0,121,44,10,175,48,4,52,227
08/04/2023,ENA,AK,AAL,WE,Federal Contract Tower,0,23,3,0,26,0,79,48,4,131,0,102,51,4,157,78,0,78,235
08/05/2023,ENA,AK,AAL,WE,Federal Contract Tower,0,19,6,0,25,0,57,61,0,118,0,76,67,0,143,144,0,144,287
08/06/2023,ENA,AK,AAL,WE,Federal Contract Tower,0,23,3,0,26,0,28,25,0,53,0,51,28,0,79,28,0,28,107
08/07/2023,ENA,AK,AAL,WE,Federal Contract Tower,0,48,6,0,54,0,41,26,0,67,0,89,32,0,121,44,8,52,173
08/08/2023,ENA,AK,AAL,WE,Federal Contract Tower,0,41,2,0,43,0,66,52,0,118,0,107,54,0,161,70,0,70,231
08/09/2023,ENA,AK,AAL,WE,Federal Contract Tower,0,46,3,1,50,0,63,41,0,104,0,109,44,1,154,126,8,134,288
08/10/2023,ENA,AK,AAL,WE,Federal Contract Tower,0,57,9,0,66,0,44,23,0,67,0,101,32,0,133,28,0,28,161
08/11/2023,ENA,AK,AAL,WE,Federal Contract Tower,0,39,4,0,43,0,76,43,0,119,0,115,47,0,162,42,0,42,204
08/12/2023,ENA,AK,AAL,WE,Federal Contract Tower,0,17,1,0,18,0,36,12,0,48,0,53,13,0,66,42,0,42,108
08/13/2023,ENA,AK,AAL,WE,Federal Contract Tower,0,21,2,0,23,0,49,47,0,96,0,70,49,0,119,49,0,49,168
08/14/2023,ENA,AK,AAL,WE,Federal Contract Tower,0,19,4,1,24,5,81,35,1,122,5,100,39,2,146,51,12,63,209
08/15/2023,ENA,AK,AAL,WE,Federal Contract Tower,0,38,5,0,43,0,67,52,0,119,0,105,57,0,162,72,0,72,234
08/16/2023,ENA,AK,AAL,WE,Federal Contract Tower,0,58,2,3,63,0,26,31,0,57,0,84,33,3,120,52,4,56,176
08/17/2023,ENA,AK,AAL,WE,Federal Contract Tower,0,30,1,4,35,0,84,71,0,155,0,114,72,4,190,132,4,136,326
08/18/2023,ENA,AK,AAL,WE,Federal Contract Tower,0,31,0,0,31,0,75,55,0,130,0,106,55,0,161,42,0,42,203
08/19/2023,ENA,AK,AAL,WE,Federal Contract Tower,0,13,0,4,17,0,52,64,0,116,0,65,64,4,133,28,2,30,163
08/20/2023,ENA,AK,AAL,WE,Federal Contract Tower,0,17,0,0,17,0,48,10,0,58,0,65,10,0,75,20,0,20,95
08/21/2023,ENA,AK,AAL,WE,Federal Contract Tower,0,44,15,0,59,0,56,30,0,86,0,100,45,0,145,48,0,48,193
08/22/2023,ENA,AK,AAL,WE,Federal Contract Tower,0,34,8,0,42,3,80,45,0,128,3,114,53,0,170,66,2,68,238
08/23/2023,ENA,AK,AAL,WE,Federal Contract Tower,0,55,6,0,61,0,62,53,0,115,0,117,59,0,176,80,0,80,256
08/24/2023,ENA,AK,AAL,WE,Federal Contract Tower,0,73,5,0,78,0,15,12,0,27,0,88,17,0,105,30,0,30,135
08/25/2023,ENA,AK,AAL,WE,Federal Contract Tower,0,67,6,0,73,0,22,35,0,57,0,89,41,0,130,95,0,95,225
08/26/2023,ENA,AK,AAL,WE,Federal Contract Tower,0,39,0,0,39,0,41,15,0,56,0,80,15,0,95,54,0,54,149
08/28/2023,ENA,AK,AAL,WE,Federal Contract Tower,0,70,8,0,78,0,15,8,0,23,0,85,16,0,101,0,0,0,101
08/29/2023,ENA,AK,AAL,WE,Federal Contract Tower,0,62,11,0,73,0,45,22,0,67,0,107,33,0,140,8,0,8,148
08/30/2023,ENA,AK,AAL,WE,Federal Contract Tower,0,38,1,0,39,0,84,44,2,130,0,122,45,2,169,84,0,84,253
08/31/2023,ENA,AK,AAL,WE,Federal Contract Tower,0,54,1,1,56,0,36,19,0,55,0,90,20,1,111,12,18,30,141
